107
Lcom_lcpid192941                                        0.0000000 1.2555699 1.3610562 1.3623430 1.2833856 0.0000010 1.2795271 1.2491038 1.1824980 1.2896901 1.2953244 1.5311037 5.2962581 1.0911298 1.0228636 1.0454264 0.3995537 1.1060579 1.0946947 1.1657181 1.1217916 1.0994231 1.4151083 0.7973636 1.4676567 0.0000010 1.5081624 1.4183230 1.2382905 1.2727137 1.1097775 1.1919506 1.0857101 1.1888341 1.1267216 1.2931593 1.0227964 1.3346792 1.1708842 1.2149574 7.9724435 0.0000010 0.0000010 1.4492841 0.0000010 0.0000010 1.2658116 1.3134089 1.3176491 0.0000010 1.4303581 1.2573593 1.1304530 1.2645897 1.4584120 0.0000010 0.0000010 0.0000010 0.0000010 0.0000010 1.4274846 0.0000010 1.4196438 0.0000010 0.0000010 0.0000010 0.7104171 1.6938537 1.6029864 0.0000010 0.0000010 1.6566489 0.0000010 0.0000010 0.0000010 0.0000010 0.0000010 0.0000010 0.0000010 0.0000010 0.0000010 0.0000010 0.0000010 0.0000010 2.2081941 0.0000010 0.0000010 0.0000010 0.0000010 0.0000010 0.0000010 0.0000010 0.0000010 1.6313147 1.6313147 1.6204038 1.6204038 1.6555179 1.6785343 1.6785343 0.0000010 3.1164173 2.4586852 0.0000010 1.7098793 2.3057791 1.3766335 
Stycar_maker-SC_scaffold32515-augustus-gene-0.10-mRNA-1 1.2555699 0.0000000 1.3417048 1.0101061 1.0203512 0.7549041 1.0262323 1.0631819 1.0232369 1.0351202 1.1082821 0.9966868 3.3769167 1.0904619 1.0727421 0.9468195 0.8147381 1.0123525 1.1365924 1.1287931 1.1214771 0.9786102 1.1965962 0.7565122 0.5587393 0.0000010 0.7042398 0.6776860 0.7274917 0.6552622 0.5887512 1.1325242 1.2758759 1.1712102 1.1794222 1.0936639 0.9776974 1.2316642 1.3404269 1.1093018 2.3452915 0.8635368 1.0127351 1.3782556 0.0000010 1.3180517 1.2135855 1.2721855 1.1559730 0.0000010 1.2394834 0.7500241 1.0353584 1.3961415 1.6096217 1.0590836 0.0000010 0.0000010 0.0000010 0.0000010 1.7690358 1.2365017 1.6757128 1.1422080 1.1746176 1.2324604 2.0781009 1.6552800 1.7315152 1.2841143 6.2327997 1.6544412 2.5834108 1.5333844 0.0000010 0.0000010 3.6700283 0.0000010 0.0000010 0.0000010 0.0000010 0.0000010 0.0000010 0.0000010 2.2257675 0.0000010 0.0000010 0.0000010 0.0000010 0.0000010 0.0000010 0.0000010 0.0000010 1.4525387 1.4248901 1.4035067 1.4035067 1.4395104 1.3767205 1.3767205 0.0000010 0.8118754 1.9685207 1.3198150 3.7237404 2.7525576 1.4946982 
Gasp_gasp1.m3.29952.m1                                  1.3610562 1.3417048 0.0000000 0.0868395 0.0915787 0.0000010 0.0720550 0.0903259 0.1217428 0.1221088 0.5403157 0.6095713 3.9879516 0.6241692 0.6631591 0.5329877 7.2189664 0.7627991 0.9019247 0.8482888 0.7749118 0.6796290 0.8888133 0.7904699 1.1772517 0.0000010 1.4941989 1.4848668 1.1612739 1.1644999 0.9816471 1.0466632 1.0874168 1.0983907 0.8278690 0.9243400 0.2807944 1.2393427 1.1166708 1.0770387 3.1930725 0.0000010 0.0000010 1.2163526 0.0000010 0.0000010 1.1194047 1.2022890 1.1112053 0.0000010 1.2687555 1.3402146 0.8461562 1.5201610 1.8092175 0.0000010 0.0000010 0.0000010 0.0000010 0.0000010 2.3243469 0.0000010 2.0759407 0.0000010 0.0000010 0.0000010 3.1993694 2.1816466 2.3258477 0.0000010 0.0000010 2.1383409 0.0000010 0.0000010 0.0000010 0.0000010 0.0000010 0.0000010 0.0000010 0.0000010 0.0000010 0.0000010 0.0000010 0.0000010 2.0070262 0.0000010 0.0000010 0.0000010 0.0000010 0.0000010 0.0000010 0.0000010 0.0000010 1.4978411 1.4970773 1.5015539 1.5015539 1.4664156 1.4889463 1.4889463 0.0000010 1.7929014 2.1369965 0.0000010 8.9999988 2.0333027 1.1800801 
Fspp_ffun1.m4.2482.m1                                   1.3623430 1.0101061 0.0868395 0.0000000 0.1377964 0.0807626 0.1365300 0.1220239 0.1807805 0.1893393 0.4845565 0.5060101 0.3322851 0.6567262 0.6866676 0.6850971 0.7157041 0.8637319 0.8739215 0.8393762 0.8268765 0.7769837 0.7827683 0.7937528 0.8995779 0.7067257 1.0972966 1.0878342 1.2109128 1.1429648 1.1717158 1.0053303 0.9494980 0.9899508 0.9177366 0.9464179 0.9476911 1.0932870 1.1411263 0.9620631 1.5207989 1.3341804 1.3152214 1.1156613 1.4603447 1.4115729 0.9158321 1.2263273 1.2532267 1.3613455 0.8913964 1.1762869 0.9922040 1.2560332 1.3608180 1.4321542 0.9865684 1.8749570 1.8046114 1.8749570 1.6628357 1.1326050 1.4731384 1.4794125 1.2614072 1.4900995 1.7344693 1.6380992 1.7383224 1.3687764 1.9682787 1.7003768 1.4506217 1.2222045 1.6469685 1.3380605 1.6591180 2.0308560 1.8006885 1.6095470 1.7183655 1.6227351 1.5894726 1.6129736 2.0333910 2.1359075 2.1632848 1.9431487 1.7154159 1.8818912 1.6272452 1.6215914 0.9675321 1.5045557 1.5086154 1.5013166 1.5082684 1.4882848 1.5127456 1.5288978 1.5728872 1.1648508 1.7153781 1.6830246 2.5240107 1.5297113 1.1758453 
Spis_XP_022807940_1                                     1.2833856 1.0203512 0.0915787 0.1377964 0.0000000 0.0854096 0.0550574 0.1022860 0.1872067 0.1836892 0.5061677 0.5167337 0.4409488 0.6579542 0.7157073 0.7189891 0.6686350 0.8539489 0.8612524 0.8440187 0.8548945 0.7941434 0.7548385 0.7795790 0.9215869 0.6565269 1.1221708 1.1160747 1.2238147 1.1219958 1.2351581 0.9836184 0.9525503 0.9751142 0.8961059 0.9501336 0.9358914 1.0870511 1.1606123 0.9884926 1.4984123 1.2902484 1.3073792 1.1222029 1.4125304 1.4063311 0.8965851 1.2388171 1.2563662 1.3973774 0.8549038 1.1916519 1.0196270 1.2601213 1.3879243 1.4085623 1.0140253 1.8387485 1.7733395 1.8387485 1.6443433 1.1084655 1.4562102 1.4124456 1.2278533 1.4647327 1.8086259 1.5893989 1.7258216 1.3386185 2.2002221 1.6925659 1.2142119 1.1171188 1.7291229 1.4120211 1.6892871 1.9962641 1.8605208 1.7277568 1.7776799 1.6967761 1.7757327 1.5783190 1.9968693 2.1345863 2.1515431 1.9167914 1.6190640 1.8414722 1.5540212 1.5874058 0.8706598 1.5329371 1.5376046 1.5236780 1.5244003 1.5341683 1.5549594 1.5627211 1.8119694 1.2437847 1.7316982 1.8436108 2.4859102 1.5560732 1.1917615 
Gasp_gasp1.m3.29957.m1                                  0.0000010 0.7549041 0.0000010 0.0807626 0.0854096 0.0000000 0.0860261 0.1372663 0.1307595 0.1347273 0.3028007 0.2982408 2.1236377 0.4638911 0.5109097 0.5227493 0.5310603 0.5324125 0.5354434 0.5453340 0.5866927 0.5063263 0.6374265 0.7109968 0.7065325 0.5760860 0.6645519 0.6347674 0.9020867 0.7913260 0.8378893 0.7617091 0.7724227 0.7080126 0.6668260 0.6540750 0.6958406 0.7530714 0.8181631 0.6625221 1.2318710 0.9705489 0.8148877 0.7994127 0.8235734 1.1323839 0.7868394 0.7831772 0.7935543 0.8798123 0.7142819 0.8252109 0.7089171 0.8332399 0.8840198 2.5111983 0.0000010 0.0000010 0.0000010 0.0000010 1.1635789 1.0715082 1.1426888 1.0407108 1.0714710 1.0369256 2.0689756 1.1344531 1.1208789 1.0518451 5.6098278 1.1157548 1.2760355 1.1454095 1.2490257 0.0000010 2.7086935 0.0000010 0.0000010 0.0000010 0.0000010 0.0000010 0.0000010 0.0000010 0.0000010 0.0000010 0.0000010 0.0000010 0.0000010 0.6644431 0.6644431 0.0000010 0.0000010 1.0951465 1.0810369 1.0996482 1.0996482 1.1018718 1.0702920 1.0986446 1.0527492 0.2337970 1.4344782 1.0740919 3.1630642 1.2499385 3.1488545 
Pocdam_XM_027204048.1                                   1.2795271 1.0262323 0.0720550 0.1365300 0.0550574 0.0860261 0.0000000 0.1062299 0.1812788 0.1889178 0.5014677 0.5145394 0.4257256 0.6646888 0.7166419 0.7205532 0.6735960 0.8527126 0.8578497 0.8533967 0.8412472 0.7832507 0.7847766 0.7992671 0.9363009 0.6628488 1.1317571 1.1215952 1.2140258 1.1109470 1.1923143 0.9869028 0.9524853 0.9706488 0.8835725 0.9364635 0.9233046 1.0693916 1.1423933 0.9463398 1.4917487 1.3104994 1.3191232 1.1174370 1.4253313 1.4196674 0.9161191 1.2317656 1.2714380 1.3880314 0.8546696 1.1748474 0.9861181 1.2443903 1.3555386 1.4717827 1.0337117 2.0217900 1.9320570 2.0217900 1.6701134 1.1032824 1.4637357 1.4188854 1.2211461 1.4597420 1.7485884 1.6037697 1.7225956 1.3563862 2.0346969 1.6962318 1.2316341 1.1108293 1.7306129 1.3065949 1.6798175 2.0126214 1.8306897 1.6485924 1.7458285 1.6310679 1.6795785 1.6644476 1.9795676 2.1874858 2.2063333 1.9736230 1.6504261 1.8395267 1.5650266 1.5988092 0.9004497 1.5041759 1.5112545 1.5152395 1.5159282 1.5062922 1.5387509 1.5545636 1.8534705 1.2233903 1.7316695 1.7650256 2.3649017 1.5596425 1.1810800 
Gfas_gfas1.m1.10214.m1                                  1.2491038 1.0631819 0.0903259 0.1220239 0.1022860 0.1372663 0.1062299 0.0000000 0.1077492 0.1081356 0.3858439 0.4563719 3.0929566 0.5460968 0.5743228 0.5158543 0.7863069 0.7441134 0.8181764 0.8261540 0.7857091 0.6510446 0.8186976 0.7077276 0.9342928 0.0000010 1.1306375 1.1084334 1.0071098 0.9536579 0.9849377 0.9562803 0.9956569 0.9173978 0.7881842 0.8810666 0.6968734 1.0743691 1.0990182 0.8394010 2.8399409 0.8660127 1.1148542 1.1140487 0.0000010 1.4965168 0.9399594 0.9600489 0.9671306 0.0000010 1.0107614 1.1182837 0.8334313 1.3393281 1.4611696 0.0000010 0.0000010 0.0000010 0.0000010 0.0000010 1.8145369 1.1811507 1.7298789 1.1025508 1.1323031 1.1888071 3.6263138 1.7384714 1.7956729 1.1251967 4.1585854 1.7555583 8.9999987 1.4195402 0.0000010 0.0000010 2.8063924 0.0000010 0.0000010 0.0000010 0.0000010 0.0000010 0.0000010 0.0000010 2.0680970 0.0000010 0.0000010 0.0000010 0.0000010 0.0000010 0.0000010 0.0000010 0.0000010 1.3635570 1.3570990 1.3447515 1.3447515 1.3455100 1.3260317 1.3260317 0.8140635 0.8077242 2.1955329 1.3198150 3.5617537 2.0061855 1.1472274 
Amil_Amillepora22633-RA                                 1.1824980 1.0232369 0.1217428 0.1807805 0.1872067 0.1307595 0.1812788 0.1077492 0.0000000 0.0134275 0.5348243 0.5352616 0.4345200 0.6663852 0.7209368 0.7220886 0.7036543 0.8532353 0.8754326 0.8753018 0.8880640 0.7923759 0.8127107 0.8328367 0.9319185 0.6568818 1.1012734 1.1166701 1.2154855 1.1159584 1.1898024 1.0158103 0.9429844 0.9922493 0.9240514 0.9375289 0.9433218 1.0886052 1.1613411 0.9696605 1.4908748 1.3196456 1.3223758 1.1277089 1.4596009 1.4126850 0.8978888 1.2275183 1.2619529 1.3520157 0.8216866 1.1788474 1.0229466 1.2629843 1.3684049 1.4560849 0.9924981 2.0272146 2.0021708 2.0272146 1.6482476 0.9720299 1.4579938 1.4285611 1.1704518 1.4630702 1.7471233 1.6509886 1.7372083 1.3213787 1.9203646 1.6804687 1.1927398 1.0963444 1.7949975 1.3460449 1.6947660 2.0756824 1.8436971 1.6582084 1.7646775 1.6836344 1.6390728 1.4936563 2.0074540 2.2541143 2.2765765 1.9887666 1.8437316 1.9166390 1.7485767 1.6838446 0.9160949 1.5621869 1.5629873 1.5782077 1.5781341 1.5666651 1.5976790 1.6286319 1.6992858 1.2204818 1.7339668 1.8948024 2.4693384 1.4930288 1.3451084 
Adig_XM_015923948.1                                     1.2896901 1.0351202 0.1221088 0.1893393 0.1836892 0.1347273 0.1889178 0.1081356 0.0134275 0.0000000 0.5437833 0.5477263 0.4698457 0.6664841 0.7174187 0.7184416 0.7080936 0.8533730 0.8734178 0.8749200 0.8737300 0.7862413 0.8045291 0.8398300 0.9243096 0.6568818 1.1116268 1.1162881 1.2442157 1.1548157 1.1956444 1.0189356 0.9485833 1.0089785 0.9283273 0.9547348 0.9514175 1.0986888 1.1602570 0.9751276 1.5123599 1.3468361 1.3246738 1.1166507 1.4865140 1.4160247 0.9104305 1.2311740 1.2600117 1.3933088 0.8355626 1.1854439 1.0371080 1.2808794 1.4064337 1.5045148 1.0074316 1.8837168 1.8756752 1.8837168 1.6468218 0.9855853 1.4503776 1.4337199 1.1793741 1.5000950 1.9302012 1.6539953 1.7448055 1.3331407 1.9683331 1.6748618 1.1927398 1.1071384 1.7872948 1.4616520 1.7734743 1.9977803 1.8462016 1.7102643 1.7603683 1.7347701 1.7058096 1.4781208 2.0182721 2.2001822 2.2213549 1.9195596 1.7669106 1.9517448 1.7841944 1.6524236 0.9160949 1.5625087 1.5643956 1.5807429 1.5793112 1.5579049 1.5832854 1.6105828 1.6992858 1.2673282 1.7111089 1.9245261 2.5427085 1.4778255 1.2445014 
Nvec_v1g192816                                          1.2953244 1.1082821 0.5403157 0.4845565 0.5061677 0.3028007 0.5014677 0.3858439 0.5348243 0.5437833 0.0000000 0.3907661 0.8299490 0.7044826 0.7663159 0.7549495 0.7218346 0.8343550 0.8477708 0.8744129 0.8468233 0.8264412 0.8332967 0.8915523 1.0491255 0.7338266 1.0729059 1.0873679 1.1796390 1.1500642 1.2257617 0.9756351 0.9525286 0.9768070 0.9007620 0.9540815 0.8981811 1.0528085 1.1007205 0.9712661 1.5393208 1.2949851 1.2785803 1.1238353 1.5232395 1.3306896 0.9398314 1.2494430 1.2886267 1.5035680 0.8515052 1.2180726 1.0311434 1.3294746 1.4031097 1.3395721 1.0251242 1.8654223 1.8685808 1.8654223 1.6207057 1.0972248 1.4345453 1.3885171 1.2046661 1.4525282 1.6442058 1.5724823 1.6938151 1.3763853 2.0500078 1.6601815 1.3276699 1.2040630 1.8756696 1.1926954 1.7141954 2.1187334 1.8321030 1.6835611 1.7404289 1.6702273 1.5829475 1.6328005 1.8698510 1.8889229 1.8991506 1.6596065 1.6587719 1.6611075 1.6334273 1.5784974 0.8333713 1.5188226 1.5014896 1.5269155 1.5236880 1.5107816 1.5244823 1.5325566 1.4719660 1.1231719 1.7754874 1.8081401 2.5848298 1.4552563 1.1855665 
Exapal_XM_021037953.2                                   1.5311037 0.9966868 0.6095713 0.5060101 0.5167337 0.2982408 0.5145394 0.4563719 0.5352616 0.5477263 0.3907661 0.0000000 0.8266984 0.7162505 0.7629654 0.7579669 0.7288708 0.8708862 0.8730722 0.8738687 0.8881572 0.8627756 0.7815980 0.8400088 1.0215297 0.6792203 1.0838066 1.0953838 1.2245589 1.2358430 1.2248449 1.0174482 0.9919746 0.9989681 0.9410488 0.9433933 0.9399501 1.0688432 1.1751659 0.9725263 1.5941826 1.3502042 1.3062573 1.1552604 1.4624115 1.4243470 0.9223685 1.2762597 1.2836277 1.5209852 0.8697071 1.1488346 1.0415631 1.2812497 1.3675264 1.3931153 1.0303823 2.2495362 2.2921874 2.2495362 1.6575328 1.1809500 1.3908397 1.4378757 1.3028621 1.4894586 1.8341837 1.6212782 1.7360276 1.3447833 1.8750858 1.6850339 1.4936149 1.2947593 1.8580784 1.2711888 1.7172049 2.0562969 1.7910589 1.6352688 1.7173363 1.5981274 1.5864456 1.5199320 1.8994390 2.2673897 2.2894748 2.1339945 2.2480318 1.8218182 1.7786820 1.7551878 0.9724918 1.5239831 1.5228751 1.5406722 1.5404974 1.4915502 1.5058491 1.5229867 1.6297896 1.1658067 1.7279771 1.7969856 2.6641135 1.6269866 1.1726978 
Gasp_gasp1.m3.21618.m1                                  5.2962581 3.3769167 3.9879516 0.3322851 0.4409488 2.1236377 0.4257256 3.0929566 0.4345200 0.4698457 0.8299490 0.8266984 0.0000000 1.0014480 1.0185412 1.0074933 1.4898455 1.2257145 1.2300651 1.1773541 1.1750146 1.1032707 1.4470570 1.1287523 1.9338964 1.6131034 1.4633109 1.4831269 1.6444525 1.5306181 1.5339822 1.3301993 1.2109221 1.3846655 1.3091286 1.3219458 1.2402450 1.4184929 1.5057018 1.3536545 1.9039440 1.6016097 1.6934594 1.5031965 1.6263636 1.5841795 2.0577646 1.6610695 1.6776578 1.3485435 2.8271622 1.5901369 1.4170966 1.6398766 1.7420826 1.4142399 1.0683548 2.1012334 2.0390332 2.1012334 2.0896470 3.3468138 2.6030308 2.4508771 2.5566191 1.9382873 1.5988846 2.0561613 2.1792974 1.9118542 1.7814036 2.1418564 3.8535021 3.3797637 1.7019199 1.2505674 1.7151768 2.1960824 1.8653157 1.6810492 1.8209645 1.6804069 1.6293795 1.7119865 4.9851396 2.2040410 2.2235584 1.9985725 1.8745909 1.9066545 1.6914135 1.7706327 0.9410451 1.8848249 1.8421366 1.8270519 1.8382851 1.8473469 1.8881537 1.9285002 1.7019742 1.2247698 1.8896614 1.8709402 2.4043095 1.5801988 3.6726715 
Dgig_XM_028544493.1                                     1.0911298 1.0904619 0.6241692 0.6567262 0.6579542 0.4638911 0.6646888 0.5460968 0.6663852 0.6664841 0.7044826 0.7162505 1.0014480 0.0000000 0.2291500 0.2366298 0.7448562 0.9183678 0.9295403 0.9071640 0.8893662 0.8824123 0.8463814 0.9215564 1.0881720 0.7767334 1.1779726 1.2115301 1.2178380 1.2050262 1.3044742 1.0863372 1.0325230 1.0545703 0.9455096 0.9587867 1.0228868 1.1093336 1.1731188 1.0223583 1.6595585 1.3982003 1.3168662 1.1396688 1.5530994 1.4224810 0.9072411 1.2640094 1.3186246 1.4961318 0.8323126 1.2175502 1.1247867 1.3366632 1.4819473 1.4342107 1.1441111 2.3742308 2.2747520 2.3742308 1.7290883 1.1385481 1.4770004 1.5066782 1.3553091 1.5374266 1.6898966 1.7220865 1.7654234 1.4997885 2.1653021 1.8146761 1.4222249 1.3398920 1.9113201 1.4793214 1.7510547 2.1735795 1.9946880 1.7896574 1.9332579 1.7672134 1.7700061 1.7432313 1.6320752 2.4858113 2.5313968 2.3017011 2.2927287 2.1375754 2.0414584 1.8901726 1.1730595 1.5287299 1.5356641 1.5422421 1.5274687 1.5080368 1.5375866 1.5518687 2.1586088 1.2918849 1.8039040 2.3011783 2.8186509 1.5180327 1.0058153 
Xesp_004620-T1                                          1.0228636 1.0727421 0.6631591 0.6866676 0.7157073 0.5109097 0.7166419 0.5743228 0.7209368 0.7174187 0.7663159 0.7629654 1.0185412 0.2291500 0.0000000 0.0181873 0.8099018 0.9514715 0.9511136 0.9531614 0.9442262 0.9192455 0.8953616 0.9398196 1.0809955 0.7715537 1.2059241 1.2393728 1.2266424 1.2536567 1.3074762 1.1300219 1.0739897 1.1183583 1.0023543 1.0322632 1.0837170 1.1665889 1.1974682 1.1077197 1.6964636 1.4460840 1.3770285 1.2057204 1.6246976 1.4721873 0.9358186 1.3110387 1.3588091 1.4672096 0.8863238 1.2248471 1.1155394 1.3778218 1.5040261 1.3860860 1.2055370 2.2985892 2.3163963 2.2985892 1.7521979 1.1490328 1.5334760 1.6010599 1.4389050 1.5749731 1.7395784 1.7359530 1.8004272 1.5123445 2.0998304 1.8002557 1.3866701 1.3378592 2.0036834 1.3774796 1.8093323 2.1919482 1.9832407 1.7210585 1.8897838 1.7617349 1.6751329 1.6441484 1.5500300 2.5481347 2.6057642 2.4468412 2.5212126 2.1520416 2.2632949 1.9692514 1.1255598 1.5353731 1.5368837 1.5391833 1.5360096 1.5455174 1.5464494 1.5526845 1.9802760 1.3494829 1.8316063 2.4461404 2.7204015 1.6256630 1.1437408 
Xesp_027448-T2                                          1.0454264 0.9468195 0.5329877 0.6850971 0.7189891 0.5227493 0.7205532 0.5158543 0.7220886 0.7184416 0.7549495 0.7579669 1.0074933 0.2366298 0.0181873 0.0000000 0.7991866 0.9404720 0.9282192 0.9446459 0.9362039 0.9124633 0.8693899 0.9611293 0.9997297 0.7622244 1.1893850 1.2256554 1.2309648 1.2669989 1.3209828 1.0915108 1.0474765 1.0901499 0.9750863 1.0117177 1.1013095 1.1481884 1.1802780 1.0844795 1.6740738 1.4599534 1.4003719 1.1819584 1.6321252 1.5006882 0.9464953 1.2864076 1.3719812 1.4920196 0.8790747 1.2056991 1.1201373 1.3380024 1.4678731 1.3896848 1.2070489 2.2515229 2.2369402 2.2515229 1.7136230 1.1710433 1.4425829 1.6453061 1.4641553 1.6040338 1.7385793 1.7066045 1.7632468 1.5402647 2.2002103 1.7805692 1.3866701 1.3629262 2.0216068 1.3766909 1.8119977 2.2242212 2.0132680 1.7526702 1.9203788 1.7909283 1.7127000 1.6403276 1.1924922 2.5442622 2.5806231 2.4224267 2.4760265 2.1325922 2.1884146 1.9892701 1.1275085 1.5035256 1.5071343 1.5099438 1.5067084 1.5214436 1.5253975 1.5308325 2.0290771 1.3542660 1.8422706 2.4669294 2.7615686 1.6341609 0.8025309 
Nemnom_g20077.t1                                        0.3995537 0.8147381 7.2189664 0.7157041 0.6686350 0.5310603 0.6735960 0.7863069 0.7036543 0.7080936 0.7218346 0.7288708 1.4898455 0.7448562 0.8099018 0.7991866 0.0000000 0.0416139 0.0897427 0.2279009 0.2496603 0.4353529 0.5413274 0.5775176 0.9048043 0.8467890 0.9962052 1.0337295 1.1154579 1.1110129 1.1358649 0.8610719 0.8598291 0.8624781 0.9067164 0.8401628 0.9065533 0.8414525 0.9257639 0.8085800 1.2703596 1.1562902 0.8914628 0.8996322 1.1264170 1.3458862 0.8843617 0.9551961 1.0156691 1.1424030 0.7987486 1.0280358 0.9442567 1.0040613 1.0494150 0.6167654 1.0673313 1.7574085 4.6322289 1.7574085 1.3033009 1.0385353 1.2112438 1.0863110 1.0693706 1.2002468 1.3288780 1.3046113 1.3270842 1.1151803 3.8444980 1.2507383 1.2246898 1.0957589 0.0000010 0.0000010 8.9999988 8.9999984 8.9999984 9.0000000 8.9999984 8.9999989 0.0000010 8.9999986 9.0000000 3.2352409 2.9627130 3.2352409 3.7136576 1.7715996 1.7715996 4.2572852 0.0000010 1.1367714 1.1332376 1.1422187 1.1393909 1.1212738 1.1678283 1.1620369 0.9027556 4.8690213 1.4719568 1.2545123 3.6848742 1.8334469 3.5119759 
Nemnom_g10765.t1                                        1.1060579 1.0123525 0.7627991 0.8637319 0.8539489 0.5324125 0.8527126 0.7441134 0.8532353 0.8533730 0.8343550 0.8708862 1.2257145 0.9183678 0.9514715 0.9404720 0.0416139 0.0000000 0.1021732 0.2600751 0.3512959 0.5847743 0.7004256 0.6646862 0.9872895 0.8467890 1.2006529 1.2447091 1.2608939 1.2789395 1.3156066 1.0879838 1.0606297 1.1298413 1.0357037 1.0233184 1.0424620 1.1178155 1.1969619 1.0929394 1.5420256 1.3621475 1.2947336 1.1325583 1.4255623 1.5084714 0.9739687 1.3150622 1.3397092 1.5648281 0.9280261 1.3004172 1.1127533 1.3452911 1.4981791 1.6638045 1.0418957 2.3866646 2.4910049 2.3866646 1.6606201 1.0385353 1.3755423 1.3433378 1.1043678 1.4658672 1.4026257 1.6449041 1.7035371 1.3344318 2.0087598 1.6807887 1.2246898 1.0957589 1.8511460 1.5210458 1.7407367 2.0463036 1.8445498 1.8212411 1.7671037 1.7143652 1.7636494 1.8581798 2.0644239 2.4446245 2.5554303 2.2839177 2.2450263 1.9436439 1.9584713 1.7994260 0.8826615 1.4674523 1.4728040 1.4715216 1.4664242 1.4457585 1.4803165 1.4720397 1.6331033 1.3380638 1.7694938 1.9503387 2.7975738 1.3010522 1.2208221 
Rhoesc_Res_006158-T1                                    1.0946947 1.1365924 0.9019247 0.8739215 0.8612524 0.5354434 0.8578497 0.8181764 0.8754326 0.8734178 0.8477708 0.8730722 1.2300651 0.9295403 0.9511136 0.9282192 0.0897427 0.1021732 0.0000000 0.2420952 0.3431647 0.5871687 0.7070422 0.6599441 1.0357845 0.8135167 1.2083194 1.2297669 1.2541248 1.2687570 1.2870277 1.0879675 1.0870621 1.1358311 1.0226238 1.0378160 1.0341170 1.1020546 1.2124461 1.1139338 1.5584574 1.3530323 1.3218065 1.1661725 1.4076888 1.4670493 0.9774003 1.3350075 1.3469891 1.6016485 0.9368155 1.3252258 1.1119751 1.3668346 1.5117362 1.6433114 0.9461892 2.4169662 2.4745149 2.4169662 1.6495823 1.0607193 1.4023256 1.3502760 1.1148026 1.4781896 1.4393122 1.6450032 1.7253396 1.3606205 2.1108140 1.7258349 1.2315503 1.1088322 1.8685559 1.4861325 1.7727608 2.0350498 1.7900555 1.7312997 1.7215797 1.6717165 1.6406758 1.7994498 1.9004249 2.3571792 2.4623020 2.2526360 2.1952532 1.8332732 1.9850153 1.8137675 0.9745153 1.5016665 1.5101540 1.5108853 1.5058323 1.4858283 1.5212448 1.5151023 1.7326816 1.3592186 1.7794189 1.8883810 3.0016031 1.2372746 1.3429908 
Aaur_scaffold70.g5.t3                                   1.1657181 1.1287931 0.8482888 0.8393762 0.8440187 0.5453340 0.8533967 0.8261540 0.8753018 0.8749200 0.8744129 0.8738687 1.1773541 0.9071640 0.9531614 0.9446459 0.2279009 0.2600751 0.2420952 0.0000000 0.3399681 0.5687251 0.6999945 0.6928231 1.0754300 0.8813159 1.1922635 1.2239108 1.2904662 1.2864189 1.2812631 1.0657971 1.0849358 1.1516480 1.0526480 1.0490264 1.0519825 1.1378984 1.2425524 1.0822558 1.5798283 1.4277981 1.3815447 1.2111238 1.4732620 1.5710408 1.0099688 1.3611114 1.3779651 1.5648340 0.9576956 1.2857420 1.1400845 1.3852030 1.5475325 1.6041042 1.0940536 2.1319738 2.2090617 2.1319738 1.6546561 1.0215587 1.3624809 1.3795504 1.1508298 1.4930063 1.6817887 1.6306998 1.7305604 1.3653478 1.9958176 1.7539829 1.1994779 1.0983202 1.7406947 1.5961903 1.7495471 2.1002404 1.8630939 1.7992858 1.7685323 1.7450071 1.7556776 1.9316771 1.8291077 2.5010605 2.5699021 2.2361495 2.1390166 1.9253676 1.8956725 1.9040934 0.9226631 1.4912381 1.5026755 1.5067314 1.5025023 1.4726666 1.4908643 1.4998984 1.6128467 1.3349187 1.8248601 2.2539399 2.9334360 1.2681972 1.2624373 
Sanmal_Sma_018691-T1                                    1.1217916 1.1214771 0.7749118 0.8268765 0.8548945 0.5866927 0.8412472 0.7857091 0.8880640 0.8737300 0.8468233 0.8881572 1.1750146 0.8893662 0.9442262 0.9362039 0.2496603 0.3512959 0.3431647 0.3399681 0.0000000 0.5773097 0.7255148 0.6644011 0.9777926 0.7821075 1.2292732 1.2164056 1.2368126 1.2153749 1.2846193 1.1200791 1.1255649 1.1321947 1.0383525 1.0126892 1.1008198 1.1504277 1.1916723 1.0983535 1.5843009 1.4069278 1.3927300 1.1877620 1.4554223 1.5282079 0.9853445 1.3076656 1.3661227 1.4918021 0.9406291 1.2489157 1.1158410 1.2970559 1.4317645 1.6708855 0.8720464 2.1046351 2.1947196 2.1046351 1.6592406 1.0511612 1.3768132 1.4344719 1.2038714 1.4618629 1.2808751 1.6158621 1.6600730 1.3429534 1.9925584 1.7478328 1.2382798 1.1786836 1.6983927 1.3715044 1.6967740 2.2286707 1.8718152 1.7218653 1.7579094 1.7520740 1.6302483 2.0852916 1.7734958 2.5816838 2.6354960 2.3517236 2.0780637 1.9944100 2.0696196 2.0634755 0.9635638 1.4236496 1.4589365 1.4643987 1.4641043 1.4268616 1.4985658 1.4957843 1.8422782 1.3363733 1.8098727 2.0657598 2.7642456 1.2037651 1.4620999 
Morvir_scaffold245.g10.t1                               1.0994231 0.9786102 0.6796290 0.7769837 0.7941434 0.5063263 0.7832507 0.6510446 0.7923759 0.7862413 0.8264412 0.8627756 1.1032707 0.8824123 0.9192455 0.9124633 0.4353529 0.5847743 0.5871687 0.5687251 0.5773097 0.0000000 0.6997435 0.6972378 0.9644620 0.7733743 1.1477440 1.1677744 1.2577893 1.1923197 1.2991075 1.0577764 1.0239875 1.0370618 1.0098542 0.9980511 1.1028044 1.1451250 1.1658142 1.0267135 1.5202555 1.4191730 1.3412397 1.1387475 1.5224500 1.4972920 0.9272201 1.3149381 1.3425810 1.6122345 0.9127529 1.2020762 1.1171112 1.3359335 1.4618138 1.5796426 1.0807856 2.2101902 2.2782915 2.2101902 1.6630350 1.0624599 1.3747150 1.3937428 1.1171415 1.4931829 1.4956691 1.6405026 1.6792442 1.3148089 2.0369720 1.6573498 1.3012266 1.1327998 1.8432307 1.4022375 1.7849173 2.1928386 1.8676523 1.6532657 1.8335815 1.7076074 1.6230673 1.7788211 1.5274556 2.3471264 2.3751641 2.1970124 2.0703556 2.1762461 2.0639655 1.9312153 0.9996854 1.4168526 1.4325183 1.4326709 1.4293389 1.3982850 1.4550377 1.4471494 1.8741714 1.3385181 1.7901730 2.0339188 2.9879863 1.1740599 1.1497218 
Hvul_g23471_1                                           1.4151083 1.1965962 0.8888133 0.7827683 0.7548385 0.6374265 0.7847766 0.8186976 0.8127107 0.8045291 0.8332967 0.7815980 1.4470570 0.8463814 0.8953616 0.8693899 0.5413274 0.7004256 0.7070422 0.6999945 0.7255148 0.6997435 0.0000000 0.4845483 1.0763257 0.9263034 1.1794985 1.1478299 1.2150109 1.2341422 1.2122340 0.9702253 1.0118768 1.0415109 0.9944284 1.0215918 0.9384496 1.1281791 1.1937782 1.0277865 1.6894727 1.3386223 1.2521945 1.0592800 1.5448458 1.5130461 1.1064616 1.1692614 1.1550069 1.5409161 0.9778586 1.1309882 0.9600454 1.2660344 1.3147616 0.9372093 1.2337026 0.0000010 9.0000000 0.0000010 1.6026124 1.0167217 1.5165812 1.4684701 1.2377722 1.4918895 1.7285999 1.5488451 1.5754595 1.4532194 2.2524699 1.5832509 1.2124847 1.1296413 1.9028830 2.1899215 1.9199760 0.0000010 0.0000010 0.0000010 0.0000010 0.0000010 0.0000010 0.0000010 2.5825053 0.0000010 0.0000010 0.0000010 0.0000010 0.4409324 0.4409324 1.9144341 0.9540649 1.4748770 1.4660360 1.4498597 1.4461960 1.4277455 1.4570946 1.4379485 1.1244148 0.9055031 1.6623219 1.1435651 2.1945822 1.8965252 1.5737770 
Chem_TCONS_00063759                                     0.7973636 0.7565122 0.7904699 0.7937528 0.7795790 0.7109968 0.7992671 0.7077276 0.8328367 0.8398300 0.8915523 0.8400088 1.1287523 0.9215564 0.9398196 0.9611293 0.5775176 0.6646862 0.6599441 0.6928231 0.6644011 0.6972378 0.4845483 0.0000000 1.0321779 1.0225724 1.0962980 1.1117240 1.3058316 1.2937975 1.2921624 0.9266568 0.9825808 1.0105617 0.9268935 0.9776387 1.0503992 1.0053601 1.2035384 0.9817867 1.4906084 1.2894543 1.2950006 1.0496769 1.4741233 1.3896573 0.9593727 1.1353775 1.1503361 1.5055929 0.8981465 1.1625147 0.9846125 1.1682171 1.2089810 1.1839042 1.0932180 0.0000010 9.0000000 0.0000010 1.3983684 1.1875408 1.2721063 1.5093948 1.2816220 1.3874739 1.1770284 1.3959961 1.4114388 1.3820643 2.0523563 1.3371711 1.5181053 1.2144798 1.7586395 1.3953966 1.7168455 0.0000010 0.9551463 0.9551463 0.9551463 0.9551463 0.9551463 0.0000010 0.0000010 0.0000010 0.0000010 0.0000010 0.0000010 0.4409324 0.4409324 2.0231722 1.0880317 1.3203209 1.3120802 1.3399000 1.3391274 1.2767533 1.3412481 1.3203503 1.3805488 0.9653245 1.6427356 1.6395091 1.8089662 2.0471500 1.7611556 
Tetwil_g25929.t1                                        1.4676567 0.5587393 1.1772517 0.8995779 0.9215869 0.7065325 0.9363009 0.9342928 0.9319185 0.9243096 1.0491255 1.0215297 1.9338964 1.0881720 1.0809955 0.9997297 0.9048043 0.9872895 1.0357845 1.0754300 0.9777926 0.9644620 1.0763257 1.0321779 0.0000000 0.3110313 0.5726453 0.5666241 0.8519112 0.7656403 0.6649691 1.1255472 1.1713434 1.1420763 1.1712622 1.1614198 1.0429800 1.1531479 1.1836224 1.1152658 1.6593870 1.2752383 1.1412172 1.1891165 1.4444098 1.3927636 1.0442523 1.1300145 1.1007902 0.8771735 0.9394466 0.8164934 1.0361580 1.1702791 1.3064900 5.7264532 1.4108406 9.0000000 9.0000000 9.0000000 1.6620918 1.1495885 1.4937999 1.5505676 1.2824680 1.4536488 1.7233054 1.6684426 1.7229540 1.3690536 3.1060904 1.5492595 1.5077667 1.2936868 2.7898863 0.0000010 2.8891114 5.9444983 6.2423962 0.0000010 5.9444983 0.0000010 0.0000010 0.0000010 1.9921163 2.8966869 2.8966869 2.2693483 6.4233288 1.6003673 1.3596118 3.8211296 0.0000010 1.2750170 1.2663345 1.2685303 1.2746651 1.2485377 1.2336318 1.2026976 1.3742145 1.3058669 1.6139853 2.3313755 3.4484614 1.4683594 1.5367890 
Stycar_maker-SC_scaffold10215-augustus-gene-0.4-mRNA-1  0.0000010 0.0000010 0.0000010 0.7067257 0.6565269 0.5760860 0.6628488 0.0000010 0.6568818 0.6568818 0.7338266 0.6792203 1.6131034 0.7767334 0.7715537 0.7622244 0.8467890 0.8467890 0.8135167 0.8813159 0.7821075 0.7733743 0.9263034 1.0225724 0.3110313 0.0000000 0.3645359 0.3987086 0.5997517 0.5250132 0.4157959 0.8108020 0.8431972 0.8450077 0.8494461 0.8627826 0.8454503 0.8196018 0.9116190 0.8224414 1.3521170 1.2989031 0.8738810 0.8415439 1.2600060 1.2310107 0.9255490 0.8542451 0.9202323 0.0000010 0.7470288 0.8209499 0.7993829 0.7993325 0.7722245 0.0000010 1.0245577 0.0000010 0.0000010 0.0000010 1.2973823 0.9170370 1.2323491 1.2365897 1.2152605 1.2518724 1.4804021 1.3727608 1.3465573 1.1770029 0.0000010 1.2025093 1.0238721 1.0238721 0.0000010 0.0000010 0.0000010 0.0000010 0.0000010 0.0000010 0.0000010 0.0000010 0.0000010 0.0000010 0.0000010 0.0000010 0.0000010 0.0000010 0.0000010 0.6870170 0.6870170 0.5698964 0.0000010 0.9662840 0.9654123 0.9684533 0.9658266 0.9589603 0.9645610 0.9845027 1.4638006 0.0000010 1.4863655 2.7380419 0.0000010 1.3149727 0.4619050 
Emue_Em0015g31a.t1                                      1.5081624 0.7042398 1.4941989 1.0972966 1.1221708 0.6645519 1.1317571 1.1306375 1.1012734 1.1116268 1.0729059 1.0838066 1.4633109 1.1779726 1.2059241 1.1893850 0.9962052 1.2006529 1.2083194 1.1922635 1.2292732 1.1477440 1.1794985 1.0962980 0.5726453 0.3645359 0.0000000 0.1406148 0.8634880 0.8045258 0.8658614 1.3270230 1.2302942 1.3385094 1.2561626 1.2509501 1.2780924 1.3177907 1.3437282 1.3001704 1.6765126 1.5238279 1.4882804 1.4003500 1.6551917 1.5620339 1.0484969 1.4105273 1.4458110 1.4905837 0.9815607 1.0032199 1.1882658 1.4572770 1.5570898 1.3463945 1.2618424 2.6389777 2.6149947 2.6389777 1.7675624 1.1708825 1.5882677 1.5283803 1.2363122 1.5212243 1.7205988 1.7542665 1.8471239 1.3835062 2.0826286 1.7208038 1.3995664 1.2757071 2.0579011 1.3897601 1.7266170 2.0742429 1.9139884 1.5202013 1.8458450 1.6726020 1.5945824 1.3828048 2.4770656 2.7538560 2.8447667 2.5214274 2.6714382 2.2828372 2.1487447 2.0791254 1.1706625 1.6039737 1.5781460 1.6119858 1.6056279 1.5940905 1.5754689 1.5766013 1.4030324 0.7723930 1.9246458 1.8924061 3.0815115 1.4952190 1.9940934 
Spolac_c104476_g1_i4_m.40821c104476-g1                  1.4183230 0.6776860 1.4848668 1.0878342 1.1160747 0.6347674 1.1215952 1.1084334 1.1166701 1.1162881 1.0873679 1.0953838 1.4831269 1.2115301 1.2393728 1.2256554 1.0337295 1.2447091 1.2297669 1.2239108 1.2164056 1.1677744 1.1478299 1.1117240 0.5666241 0.3987086 0.1406148 0.0000000 0.8840588 0.8027868 0.8927124 1.3369033 1.2532338 1.3448708 1.2682199 1.2546871 1.2881940 1.3300016 1.3257682 1.2981013 1.6896922 1.5231233 1.5210690 1.3948328 1.7258598 1.6164960 1.0268587 1.4262134 1.4471354 1.5072841 0.9626063 0.9940770 1.1907251 1.4381918 1.5468690 1.3806117 1.3556817 2.5263808 2.5055336 2.5263808 1.7871657 1.1270750 1.5392110 1.5639792 1.2463098 1.5515630 1.7064499 1.7686058 1.8647984 1.4591961 2.2793964 1.7425545 1.3606782 1.2217211 2.1663908 1.4200454 1.8348850 2.0651247 1.9017361 1.6850273 1.8454574 1.6958875 1.6312270 1.7089141 2.2270836 2.8008409 2.9327194 2.4684875 2.4103678 2.2189011 2.0208864 2.1758569 1.3243745 1.6025721 1.5894338 1.6115739 1.6016184 1.5882275 1.6012913 1.5967615 1.5506680 0.8032599 1.9287652 1.8977260 3.1983385 1.6258130 1.9139693 
Aque_Aqu2.1.39771_001                                   1.2382905 0.7274917 1.1612739 1.2109128 1.2238147 0.9020867 1.2140258 1.0071098 1.2154855 1.2442157 1.1796390 1.2245589 1.6444525 1.2178380 1.2266424 1.2309648 1.1154579 1.2608939 1.2541248 1.2904662 1.2368126 1.2577893 1.2150109 1.3058316 0.8519112 0.5997517 0.8634880 0.8840588 0.0000000 0.3714563 0.5227122 1.2437555 1.2948441 1.2841813 1.2213893 1.2484529 1.2552142 1.2867948 1.3129318 1.2867213 1.9077353 1.6398354 1.5985935 1.3615600 1.7335511 1.7067331 1.1642103 1.4196604 1.4855937 1.4561268 1.0069586 1.0923275 1.2058029 1.3088018 1.4251476 1.2738440 1.5777518 1.8819411 1.9889877 1.8819411 1.7301542 1.2654780 1.5458843 1.7158899 1.4891252 1.6101237 1.7061963 1.7493144 1.8463537 1.6242777 2.3407316 1.6540298 1.6388236 1.4474902 2.0625257 1.2141472 1.7701177 1.8628392 1.7523752 1.6532870 1.6860184 1.6434037 1.6188099 1.6060688 1.8106173 2.3612743 2.4693379 2.0905170 2.1045919 2.2238811 2.0711913 1.8360402 1.0441098 1.5840006 1.5708244 1.5856311 1.5813973 1.5633748 1.5754570 1.5600027 1.4294699 0.8550814 2.0524106 2.0986152 3.0204449 1.5257901 1.2032044 
Halamb_c55627_g1_i1m.41306                              1.2727137 0.6552622 1.1644999 1.1429648 1.1219958 0.7913260 1.1109470 0.9536579 1.1159584 1.1548157 1.1500642 1.2358430 1.5306181 1.2050262 1.2536567 1.2669989 1.1110129 1.2789395 1.2687570 1.2864189 1.2153749 1.1923197 1.2341422 1.2937975 0.7656403 0.5250132 0.8045258 0.8027868 0.3714563 0.0000000 0.4144231 1.2078435 1.2484759 1.2341146 1.2040244 1.1785148 1.2607812 1.2524461 1.3511028 1.2725979 1.8590558 1.5641588 1.5580052 1.3091773 1.7523289 1.6411348 1.1592906 1.3978059 1.4306066 1.3770643 1.0416679 1.0433925 1.2151835 1.2851203 1.2929274 1.2279959 1.5128850 3.3826666 3.4274435 3.3826666 1.7172051 1.1585331 1.4847670 1.6187631 1.3440388 1.5418410 1.6665249 1.7220979 1.7711895 1.4699124 2.2411750 1.6816604 1.4249193 1.2524396 2.0708442 1.1752475 1.7515074 2.1385709 1.8055841 1.5450096 1.7963789 1.5920976 1.4691074 1.5620323 1.7924189 3.3284210 3.4635211 3.3284210 2.9074002 2.5512187 2.5568987 2.1717397 1.0777919 1.5501293 1.5275328 1.5405530 1.5425339 1.5691149 1.5516833 1.5303369 2.2779069 0.7882097 2.0721553 2.6874254 2.8418539 1.3901090 1.3954072 
Xestes_maker-XT_scaffold5462-snap-gene-0.25-mRNA-1      1.1097775 0.5887512 0.9816471 1.1717158 1.2351581 0.8378893 1.1923143 0.9849377 1.1898024 1.1956444 1.2257617 1.2248449 1.5339822 1.3044742 1.3074762 1.3209828 1.1358649 1.3156066 1.2870277 1.2812631 1.2846193 1.2991075 1.2122340 1.2921624 0.6649691 0.4157959 0.8658614 0.8927124 0.5227122 0.4144231 0.0000000 1.2059592 1.2876081 1.2433748 1.2317720 1.2718069 1.2835744 1.3530711 1.3956576 1.3557853 1.7179453 1.5573485 1.5088523 1.4200782 1.7039992 1.6301528 1.0909374 1.4700468 1.5601324 1.5048559 0.9119153 1.0782602 1.2861627 1.3488893 1.4641917 1.3521958 1.5115942 3.0140475 3.3811958 3.0140475 1.7769434 1.2048797 1.3818577 1.5516371 1.2593882 1.4830393 1.4645722 1.7733820 1.8528536 1.5101689 2.1898935 1.8688293 1.3346718 1.2845100 2.0010416 1.1765981 1.7075395 2.3264743 2.0897121 1.6840232 1.9844919 1.7730432 1.5623688 1.7060465 0.0000010 3.4915202 3.5264135 3.3754651 3.3180767 2.8972844 2.9980487 2.3397727 1.0924988 1.6198186 1.6414838 1.6486370 1.6399371 1.6396247 1.6249601 1.6186467 1.9385123 0.8682183 1.8558753 2.6340783 2.6611824 1.4926300 1.7711928 
Cgig_XM_011443640.3                                     1.1919506 1.1325242 1.0466632 1.0053303 0.9836184 0.7617091 0.9869028 0.9562803 1.0158103 1.0189356 0.9756351 1.0174482 1.3301993 1.0863372 1.1300219 1.0915108 0.8610719 1.0879838 1.0879675 1.0657971 1.1200791 1.0577764 0.9702253 0.9266568 1.1255472 0.8108020 1.3270230 1.3369033 1.2437555 1.2078435 1.2059592 0.0000000 0.5029724 0.6325860 0.7244308 0.7544636 0.7255264 0.8461136 0.8268571 0.7137710 1.2092984 1.0932126 1.0538888 0.8815966 1.1307820 1.2408433 1.0953121 1.3526658 1.4394232 1.5926992 1.0298405 1.2723228 1.1361288 1.3067968 1.4024516 1.4426472 1.1791806 2.0657669 2.0738336 2.0657669 1.5641041 0.9575537 1.3907384 1.1996455 1.0118999 1.3732128 1.3953649 1.5773959 1.6934615 1.3140779 1.9503327 1.6342410 1.1190317 1.0966360 1.6985101 1.3989586 1.6739387 2.0036656 1.7647630 1.8197092 1.7642972 1.6870040 1.7717738 1.7083712 1.6797597 2.1037132 2.1077789 1.9324331 2.2007364 1.7741919 1.6904977 1.6645953 1.0755320 1.4906595 1.4997170 1.5031576 1.4980810 1.4987778 1.5047104 1.5083462 1.7749266 1.2318706 1.5448005 2.0026939 2.6391982 1.6964691 0.9932567 
Acagra_model.g24147.t1                                  1.0857101 1.2758759 1.0874168 0.9494980 0.9525503 0.7724227 0.9524853 0.9956569 0.9429844 0.9485833 0.9525286 0.9919746 1.2109221 1.0325230 1.0739897 1.0474765 0.8598291 1.0606297 1.0870621 1.0849358 1.1255649 1.0239875 1.0118768 0.9825808 1.1713434 0.8431972 1.2302942 1.2532338 1.2948441 1.2484759 1.2876081 0.5029724 0.0000000 0.6304863 0.7350328 0.7419086 0.7348598 0.8613811 0.8280081 0.7068534 1.1890084 1.0868031 1.0072288 0.8506786 1.0568183 1.1548943 1.0170817 1.3777828 1.4095233 1.5517646 1.0638271 1.2321564 1.1100190 1.3090075 1.4142560 1.4312464 1.0663830 2.0806969 2.0731448 2.0806969 1.5382563 1.0174253 1.3072425 1.2460334 1.0490800 1.3801431 1.6117631 1.4870038 1.6129012 1.2720870 1.8273247 1.6349046 1.2082065 1.1655371 1.7163941 1.3668983 1.6338116 1.9298510 1.7625319 1.6850888 1.7343461 1.5695564 1.7008246 1.6025355 1.5461795 2.3187705 2.3682396 2.0873516 1.9411842 1.9628456 1.8975030 1.6282050 1.1167899 1.5151466 1.5193400 1.5116447 1.5124764 1.5045286 1.5016357 1.4970049 1.5316504 1.2156577 1.4355443 2.2792934 2.5738331 1.6171191 1.1508237 
Ctel_gnl_WGS_AMQN_CAPTEDRAFT_mRNA160659                 1.1888341 1.1712102 1.0983907 0.9899508 0.9751142 0.7080126 0.9706488 0.9173978 0.9922493 1.0089785 0.9768070 0.9989681 1.3846655 1.0545703 1.1183583 1.0901499 0.8624781 1.1298413 1.1358311 1.1516480 1.1321947 1.0370618 1.0415109 1.0105617 1.1420763 0.8450077 1.3385094 1.3448708 1.2841813 1.2341146 1.2433748 0.6325860 0.6304863 0.0000000 0.7153704 0.7181588 0.7518449 0.8765372 0.8169232 0.7078135 1.2735767 1.0916999 1.0722024 0.8791052 1.0923229 1.2612726 1.0520853 1.3409002 1.3329966 1.6773033 1.0629426 1.2751423 1.1188580 1.3729204 1.4217955 1.4918593 1.1390347 1.7534235 1.8512116 1.7534235 1.5624710 1.0635941 1.2968350 1.3070010 1.0985146 1.3972581 1.5324672 1.5399814 1.6555106 1.3515096 2.0616900 1.5569365 1.2603112 1.2343897 1.9283059 1.5298196 1.7218404 2.0320307 1.8062278 1.7471207 1.7987858 1.6969264 1.7558204 1.6018638 1.3870965 1.8266153 1.7811533 1.8266153 1.7970708 1.7189454 1.7499872 1.7823638 1.2065872 1.4593228 1.4648750 1.4796451 1.4724999 1.4449132 1.4608733 1.4719920 1.7924804 1.3343299 1.4869621 2.4273134 2.5274592 1.6912979 0.9931880 
Bralan_BLAG01001532_1                                   1.1267216 1.1794222 0.8278690 0.9177366 0.8961059 0.6668260 0.8835725 0.7881842 0.9240514 0.9283273 0.9007620 0.9410488 1.3091286 0.9455096 1.0023543 0.9750863 0.9067164 1.0357037 1.0226238 1.0526480 1.0383525 1.0098542 0.9944284 0.9268935 1.1712622 0.8494461 1.2561626 1.2682199 1.2213893 1.2040244 1.2317720 0.7244308 0.7350328 0.7153704 0.0000000 0.6051124 0.6638034 0.7975338 0.8674040 0.7387372 1.3288700 1.2185830 1.1537487 0.9555068 1.3220273 1.3254754 0.9474078 1.3441666 1.3800980 1.5908643 0.9038063 1.2228690 1.0950257 1.3079047 1.4206073 1.4668859 1.1478796 1.8949941 2.0782296 1.8949941 1.6333356 1.0868610 1.4234796 1.3678406 1.1305605 1.4693022 1.4946107 1.6002019 1.7260575 1.4098950 2.2137886 1.6408229 1.1638764 1.1906133 1.8389893 1.4105726 1.7209748 1.9449599 1.7730900 1.6231762 1.6813425 1.6052532 1.6258909 1.6173136 1.4416083 2.2300945 2.2364013 2.1272648 2.1559185 1.7981596 1.8854535 1.6535812 0.9723971 1.4305883 1.4569543 1.4451544 1.4423944 1.4333075 1.3901114 1.3928718 1.7258991 1.2204062 1.6783464 2.4371537 2.5116248 1.5015440 0.8245848 
