59
Scil_scict008059.1                                     0.0000000 0.7086574 7.0226122 0.5967860 1.0966104 1.2456350 1.2298565 1.7807517 4.7569704 1.5351588 1.4494572 1.1738713 9.0000000 1.4287701 1.7521666 2.0866630 2.0801650 1.6570927 1.6762469 1.6619966 1.2223673 1.6538333 1.9039914 1.9729819 2.0846514 1.6967100 2.0115484 2.2839536 2.2362845 2.0845705 2.2271539 2.2442479 1.7466525 2.5197696 2.3005162 2.6344172 1.9183762 2.5249337 2.5355966 2.2642079 2.3952825 2.2179833 2.2179833 2.3923192 1.8742904 1.2933751 2.0671465 2.0244880 4.7497579 1.9816975 2.1684408 1.8840492 2.2190592 2.6330064 1.6857170 2.8342276 3.6447878 1.5429563 0.3175513 
Lcom_lcpid32379                                        0.7086574 0.0000000 0.0080422 1.2850288 2.7187498 2.4387503 2.8730634 2.1353623 1.4296522 2.9059078 3.5899707 0.9332443 2.1793858 2.6056190 2.8563389 3.3771706 3.4815373 3.3835373 3.9426801 3.1881575 2.6226594 1.2135189 3.4179083 3.4214043 3.9880189 3.2144584 3.6446642 3.7389147 3.4888227 3.6755292 2.7595786 3.7526526 3.6312473 3.7908636 1.9198629 3.7658110 3.7777674 2.3535982 3.5088481 3.4983684 3.5113845 3.4763867 3.4735328 2.1883676 3.6904668 1.3864691 3.5457425 3.9095570 3.0152979 3.7557795 3.6588116 2.5060818 2.3252129 4.4956382 4.1457945 4.0794939 2.9240878 4.2438045 1.2976939 
Lcom_lcpid25900                                        7.0226122 0.0080422 0.0000000 1.7052441 3.7074141 3.5151861 4.0684911 4.2141378 4.5921945 5.4751059 5.1680161 1.8022505 4.7818538 5.8133294 5.1213984 4.6669282 4.8949616 4.7517388 5.3042302 4.5471407 3.6342751 1.9793965 4.6971114 4.7597386 5.2090104 5.1213703 5.3221116 5.5200303 4.9092732 5.1891519 6.2360374 5.6730094 5.3939899 5.4205648 2.4613550 5.2582277 6.1577974 4.0199505 4.8202374 5.0089573 4.9037868 4.9542946 4.9480564 3.6833897 5.4902022 2.8218605 5.2305851 5.6826791 4.9503232 5.3905057 5.0496953 4.6684235 4.2369653 6.6377522 6.1762088 6.2469710 5.7798623 5.6197981 1.8141106 
Gracom_Gcom_scaffold19231_01                           0.5967860 1.2850288 1.7052441 0.0000000 3.0017945 2.6441875 2.9954573 2.1674400 1.4806326 3.1738964 3.7829475 0.7614288 2.4697867 2.9606377 3.1839983 3.1531230 3.1364614 3.2210392 3.7152478 3.0498126 2.3790011 1.3593366 3.2728452 3.1659717 3.3918225 3.0520622 3.3484311 3.6389713 3.1918996 3.3337493 3.1093065 3.4093778 3.3810867 3.5926312 1.9156386 3.4443766 3.6115217 2.3167625 3.1880318 3.1830736 3.2676179 3.3049727 3.3019347 2.3279200 3.5161483 1.5460951 3.2987343 3.4664764 3.4651875 3.5946537 3.6339220 2.7207334 2.5250437 4.1276950 3.9230146 4.0228010 3.0770008 4.1524418 1.3247090 
Lcom_lcpid20802                                        1.0966104 2.7187498 3.7074141 3.0017945 0.0000000 0.8217251 0.8289333 0.8419303 1.3502893 2.7300623 3.1062063 0.6345950 1.8503640 2.3826795 2.4509178 2.5974679 2.5232947 2.4914014 2.9001903 2.4290742 1.8356247 1.0827287 2.5830227 2.5409773 2.7391885 2.3825482 2.8360253 2.9390121 2.7548038 2.7813900 2.9247175 2.8099045 2.9782242 2.9837131 1.8622663 2.9854602 3.0039845 2.1822075 2.8927761 2.7795210 2.9170533 2.8050593 2.8071259 2.0402093 2.7528590 1.0809299 2.7278401 3.0245903 2.4259384 3.1202897 3.1986314 2.3512639 2.6056570 3.8532994 3.1302194 3.0916667 2.8796999 3.3659798 2.7300729 
Gracom_Gcom_scaffold15002_01                           1.2456350 2.4387503 3.5151861 2.6441875 0.8217251 0.0000000 0.6117357 0.8131274 1.3566805 2.5531760 2.7756513 0.6271845 1.6809970 2.5008125 2.5263088 2.5202272 2.5140361 2.5585256 3.0424193 2.5596982 1.7984457 1.0145257 2.4826046 2.6133630 2.5395475 2.3015046 2.4319664 2.9401208 2.7091288 2.7767977 2.4473523 2.4725396 2.6427793 2.6840204 1.7844788 2.9087449 2.6923578 2.1385334 2.5399276 2.4816293 2.5370259 2.4751918 2.4698777 2.0087624 2.6976975 1.1479863 2.7067341 2.9594759 2.4809601 2.8528217 3.0953415 2.3106839 2.6000705 3.4777603 2.8343472 3.0600961 2.6930506 3.1708305 2.4215140 
Scil_scict014431.1                                     1.2298565 2.8730634 4.0684911 2.9954573 0.8289333 0.6117357 0.0000000 0.7937192 1.3054821 2.6622476 2.8539293 0.6653697 1.6292270 2.4252360 2.3955456 2.6776985 2.6194968 2.5934730 3.1177276 2.5893151 1.8601672 0.9942558 2.6583563 2.6658102 2.6627829 2.2899519 2.7898992 2.9941114 2.7981419 2.9399443 2.6278305 2.6454037 2.9468062 2.8642483 1.7226603 3.0612147 2.8435007 2.3376029 3.0300977 2.8244305 2.9272949 2.9311121 2.9276256 2.1010857 2.7533195 1.2086704 2.7195560 2.9316644 2.4223287 3.1627172 3.1629130 2.3333997 2.4775885 3.7448821 3.2599102 3.5016917 2.7705453 3.4708020 2.7271842 
Leuniv_Lniv_C813362_01                                 1.7807517 2.1353623 4.2141378 2.1674400 0.8419303 0.8131274 0.7937192 0.0000000 1.3971771 2.3539641 2.2093868 0.7252850 1.7689541 2.3213714 2.2543630 2.2961369 2.3322030 2.1914383 2.5389437 2.2649442 1.5249743 0.9507446 2.3632517 2.4413230 2.4515649 2.0692979 2.1435305 2.2685906 2.2296707 2.4697081 2.1646344 2.1907335 2.4441009 2.5660353 1.8828774 2.3675909 2.2421674 2.0558836 2.2650855 2.2656360 2.2754313 2.2113277 2.2094775 1.9590911 2.0393751 1.3602660 2.5076012 2.1982907 2.2579512 2.2216081 2.4375808 2.0425672 2.2581820 2.8609821 2.1142715 2.6221437 2.5002090 2.7004310 1.9070175 
Xestes_maker-XT_scaffold29712-augustus-gene-0.2-mRNA-1 4.7569704 1.4296522 4.5921945 1.4806326 1.3502893 1.3566805 1.3054821 1.3971771 0.0000000 0.3879283 0.3744674 0.4692252 0.9114959 0.6543308 0.6526664 0.8726503 0.9219580 0.8564220 0.8909174 0.8564220 0.8163191 0.8749604 0.9712595 0.8481822 0.6453820 0.8916560 1.0079694 0.9566017 0.9506157 0.9159057 0.8016610 0.9260603 0.9779028 1.3390634 1.3390634 0.8538088 0.9106400 1.1378171 1.1378171 1.0682141 1.0682141 1.1097704 1.1097704 1.0790400 1.2009141 1.0948374 1.0753474 1.2188530 0.5219611 0.9907129 1.0488386 1.3334026 1.1870751 1.3208904 1.0995805 0.9591772 1.8000866 2.3083500 1.5578626 
Halamb_c48841_g1_i1m.24943                             1.5351588 2.9059078 5.4751059 3.1738964 2.7300623 2.5531760 2.6622476 2.3539641 0.3879283 0.0000000 0.7748935 0.4202243 1.2034044 1.1434611 1.6940532 2.1572246 2.1491717 2.1695467 2.5426074 2.1498147 1.8499846 0.9547290 2.3253899 2.1779007 2.2747541 1.9878286 2.1223294 2.3238978 2.3299964 2.3107278 2.1472515 2.4831690 2.4393528 2.6043259 1.7151062 2.3648630 2.3837025 1.9903492 2.7719549 2.5996415 2.6438138 2.5662649 2.5615325 2.0850889 2.5352349 2.0873367 2.5625777 2.6748330 1.3301251 2.7094761 2.6204422 1.9731719 2.0236396 2.9719237 2.4980977 2.7355857 2.7360293 1.9336492 2.8209817 
Aque_Aqu2.1.37757_001                                  1.4494572 3.5899707 5.1680161 3.7829475 3.1062063 2.7756513 2.8539293 2.2093868 0.3744674 0.7748935 0.0000000 0.4168207 1.0226513 1.3610251 1.6655454 2.5491679 2.5482396 2.5207888 2.9439108 2.4283769 1.8982322 0.9015784 2.6357362 2.5514182 2.7715649 2.3911768 2.4019876 2.7497438 2.6576801 2.7779667 2.1914242 2.8602541 2.8252340 2.6734916 1.4792807 2.7666055 2.6028948 1.7754348 2.5011791 2.4544294 2.4858945 2.4661252 2.4634511 1.7864267 3.1563196 1.8815347 2.6846912 3.3443774 1.7297367 2.9475247 2.8239267 1.9517084 1.9882900 3.5928675 3.2736517 2.8742517 2.8553649 2.2358752 3.7370418 
Spolac_c74224_g2_i1_m.1830c74224-g2                    1.1738713 0.9332443 1.8022505 0.7614288 0.6345950 0.6271845 0.6653697 0.7252850 0.4692252 0.4202243 0.4168207 0.0000000 0.0000010 0.1479196 0.4816841 0.6797080 0.6348045 0.6208337 0.6203792 0.6415173 0.4442333 0.4302471 0.6296736 0.6494481 0.5080082 0.6532960 0.6795013 0.7285143 0.6730319 0.6131840 0.6176298 0.7347662 0.7361378 0.6674213 0.6674213 0.7166293 0.6231760 0.8577528 0.8577528 0.7228788 0.7292167 0.7518322 0.7518322 0.7034091 0.6192969 0.6911837 0.7297621 0.5897225 0.2532715 0.6782382 0.7940062 0.9223952 0.9353506 0.8555852 0.7333080 0.8773336 1.2698393 0.8856880 0.8075742 
Spolac_c93838_g1_i1_m.9312c74224-g2                    9.0000000 2.1793858 4.7818538 2.4697867 1.8503640 1.6809970 1.6292270 1.7689541 0.9114959 1.2034044 1.0226513 0.0000010 0.0000000 0.1181563 1.1269564 1.1628426 1.1821548 1.1446427 1.4628778 1.1446427 1.1446427 0.9377166 1.2156128 1.2039067 1.2691847 1.3387909 1.0853746 1.1858408 1.1624537 1.2042541 1.1677894 1.2678778 1.2029248 1.6262556 1.6246156 1.1646365 1.4187536 1.5348402 1.5348402 1.4705753 1.4406469 1.4680430 1.4680430 1.6087546 1.2695561 1.7069391 1.2491629 1.5794297 0.7030952 1.1901332 1.3464060 1.3381927 1.2100797 1.4733861 1.3572622 1.2825803 1.9475485 0.8057206 2.0753609 
Emue_Em0005g1372a.t1                                   1.4287701 2.6056190 5.8133294 2.9606377 2.3826795 2.5008125 2.4252360 2.3213714 0.6543308 1.1434611 1.3610251 0.1479196 0.1181563 0.0000000 1.4871983 2.0674018 2.1843037 2.0441143 2.3317861 2.0288755 1.5880229 0.8863893 2.1130129 2.0800681 2.3998796 1.6160133 1.8016149 2.3360760 2.1416723 2.3788589 1.6192252 2.3252636 2.4025643 2.1998786 1.5708421 2.2034215 1.9934450 1.8043281 2.1497594 2.0436998 2.0402235 2.0161038 2.0148354 1.8317791 2.4366647 1.8293107 2.0754622 2.1423974 0.7918805 2.2061446 2.4274565 1.7785368 1.8753086 2.7766937 2.8100300 2.4278217 2.6982920 1.3504857 2.8069057 
Plespi_Pspi_scaffold19081_01                           1.7521666 2.8563389 5.1213984 3.1839983 2.4509178 2.5263088 2.3955456 2.2543630 0.6526664 1.6940532 1.6655454 0.4816841 1.1269564 1.4871983 0.0000000 2.1070116 2.3744009 2.1355840 2.5455439 2.2021500 1.8994868 0.7931652 2.1821215 2.1381830 2.3489448 2.0114596 2.0240409 2.4569981 2.3210097 2.5229097 2.1973214 2.1663386 2.1428803 2.2734901 1.5043774 2.5632939 2.2906398 1.6865132 1.9189322 1.9317948 1.9684076 1.9065521 1.9036968 1.6609161 2.5237138 1.5508313 2.1476051 2.4491323 1.7066799 2.4576097 2.7439464 2.0616853 1.8255677 2.7259284 2.7172824 2.4824073 2.7565571 1.9836018 2.8990304 
Fspp_ffun1.m4.10952.m1                                 2.0866630 3.3771706 4.6669282 3.1531230 2.5974679 2.5202272 2.6776985 2.2961369 0.8726503 2.1572246 2.5491679 0.6797080 1.1628426 2.0674018 2.1070116 0.0000000 0.1782842 0.4255535 0.4562243 0.5106561 0.3269119 0.3184982 0.3209988 0.2681474 0.2862493 0.8676707 1.4718870 1.7434311 1.7577082 1.8385178 1.5363198 1.4075605 1.5118740 2.2112885 1.4970348 1.8619734 2.2698133 1.2666133 1.7328301 1.7797676 1.7716385 1.7554661 1.7548647 1.3131837 2.1226255 1.8068435 1.9791080 2.1275087 2.2723457 2.1520276 2.3017181 1.5447108 1.7694802 3.1428319 2.1842165 1.9920408 2.5871255 2.8448258 3.3265632 
Gasp_gasp1.m3.8331.m1                                  2.0801650 3.4815373 4.8949616 3.1364614 2.5232947 2.5140361 2.6194968 2.3322030 0.9219580 2.1491717 2.5482396 0.6348045 1.1821548 2.1843037 2.3744009 0.1782842 0.0000000 0.3964329 0.4195018 0.4794577 0.2893326 0.3421196 0.3163377 0.2714017 0.2921013 0.8054588 1.4145449 1.7721982 1.8161831 1.8929809 1.4857432 1.4307714 1.5072604 2.1700194 1.4337193 1.8365199 2.1941112 1.3344634 1.6944006 1.7105456 1.7029780 1.6980058 1.6975118 1.3681977 2.1251921 1.8081950 1.9338184 2.1563592 2.4057634 2.1176271 2.2128599 1.5319023 1.7604272 3.0670578 2.2969652 2.0029235 2.6524610 2.8751165 3.2267248 
Amil_Amillepora14637-RA                                1.6570927 3.3835373 4.7517388 3.2210392 2.4914014 2.5585256 2.5934730 2.1914383 0.8564220 2.1695467 2.5207888 0.6208337 1.1446427 2.0441143 2.1355840 0.4255535 0.3964329 0.0000000 0.0083983 0.0442498 0.0297463 0.3101954 0.3467471 0.4461663 0.4860795 0.8680203 1.3825153 1.8742217 1.8309279 1.8769622 1.5597944 1.5057677 1.5293051 2.2350763 1.4861036 1.8788998 2.2068610 1.3736663 1.7234177 1.7465374 1.7353594 1.7536208 1.7531955 1.3889402 2.1158239 1.8353417 2.0235561 2.1064187 2.2812366 2.1142579 2.2400580 1.5529732 1.6931144 2.9805388 2.4453445 2.0268136 2.4843190 2.8564736 3.2385995 
Amil_Amillepora14611-RA                                1.6762469 3.9426801 5.3042302 3.7152478 2.9001903 3.0424193 3.1177276 2.5389437 0.8909174 2.5426074 2.9439108 0.6203792 1.4628778 2.3317861 2.5455439 0.4562243 0.4195018 0.0083983 0.0000000 0.0581902 0.0398097 0.3513538 0.3649627 0.4724362 0.4930169 0.9704187 1.6007199 2.2012320 2.2134670 2.2342020 1.8123212 1.6879386 1.7017766 2.5905029 1.6900783 2.2464808 2.6639125 1.4737368 1.8999218 1.9260307 1.9094085 1.9274632 1.9268708 1.5149689 2.4119246 2.1778732 2.2854465 2.4382941 3.1623507 2.4430618 2.6311425 1.7810893 1.9579203 3.6217327 2.7884579 2.3361345 3.0513251 3.0528545 3.7429231 
Adig_XM_015901273.1                                    1.6619966 3.1881575 4.5471407 3.0498126 2.4290742 2.5596982 2.5893151 2.2649442 0.8564220 2.1498147 2.4283769 0.6415173 1.1446427 2.0288755 2.2021500 0.5106561 0.4794577 0.0442498 0.0581902 0.0000000 0.0319140 0.3101954 0.4028039 0.5369919 0.6433708 0.9301234 1.4216066 1.9747220 1.8659092 1.9662972 1.5741764 1.4808276 1.5246673 2.2576961 1.4967494 1.8715052 2.1933372 1.3785130 1.6595339 1.6656912 1.6764471 1.6725342 1.6721151 1.3937733 2.1551408 1.8334826 2.0904472 2.1474920 2.2812366 2.0766274 2.3069170 1.5529064 1.6857298 2.9515576 2.4870918 2.0134108 2.4904919 2.7252679 3.0453091 
Adig_XM_015924695.1                                    1.2223673 2.6226594 3.6342751 2.3790011 1.8356247 1.7984457 1.8601672 1.5249743 0.8163191 1.8499846 1.8982322 0.4442333 1.1446427 1.5880229 1.8994868 0.3269119 0.2893326 0.0297463 0.0398097 0.0319140 0.0000000 0.3074379 0.2543273 0.2998286 0.3639237 0.6730975 0.9565300 1.3027106 1.3009461 1.3152544 1.4791019 0.8610789 0.9595829 1.6937996 1.0748988 1.1568144 1.4726155 1.1691228 1.3526954 1.3659085 1.3573929 1.3523576 1.3523576 1.1079628 1.2528508 1.5902769 1.5181839 1.3326567 1.8382625 1.3403700 1.3721385 1.2714808 1.2108159 1.9095679 1.7542827 1.5721079 1.7641635 2.1399259 2.4281648 
Nvec_v1g140376                                         1.6538333 1.2135189 1.9793965 1.3593366 1.0827287 1.0145257 0.9942558 0.9507446 0.8749604 0.9547290 0.9015784 0.4302471 0.9377166 0.8863893 0.7931652 0.3184982 0.3421196 0.3101954 0.3513538 0.3101954 0.3074379 0.0000000 0.3173964 0.3098384 0.3544308 0.3701138 0.4284754 0.4593113 0.4413803 0.5004022 0.6337069 0.4792796 0.6171544 0.9223193 0.9223193 0.5394531 0.7697727 0.8719804 0.8719804 0.8474383 0.8307078 0.8435813 0.8435813 0.8293212 0.6772002 0.9352892 0.7138605 0.7269834 0.8854086 0.5304511 0.7812632 0.7740840 0.7550914 0.8808268 0.9969299 0.9642988 1.4113824 1.5667862 1.2583225 
Gfas_gfas1.m1.5665.m1                                  1.9039914 3.4179083 4.6971114 3.2728452 2.5830227 2.4826046 2.6583563 2.3632517 0.9712595 2.3253899 2.6357362 0.6296736 1.2156128 2.1130129 2.1821215 0.3209988 0.3163377 0.3467471 0.3649627 0.4028039 0.2543273 0.3173964 0.0000000 0.3464896 0.3731029 0.8825948 1.4506007 1.7800288 1.7984823 1.9186914 1.6434727 1.3653664 1.4460311 2.2023841 1.4020680 1.8336584 2.3273180 1.4290024 1.7830574 1.7743071 1.7730473 1.7801161 1.7795104 1.4392578 2.0545239 1.8493700 1.9546078 2.1863635 2.3313085 2.1657693 2.3562016 1.6153999 1.8220459 3.2805010 2.4084183 2.1310284 2.6957459 2.8401844 3.3858410 
Pocdam_XM_027185882.1                                  1.9729819 3.4214043 4.7597386 3.1659717 2.5409773 2.6133630 2.6658102 2.4413230 0.8481822 2.1779007 2.5514182 0.6494481 1.2039067 2.0800681 2.1381830 0.2681474 0.2714017 0.4461663 0.4724362 0.5369919 0.2998286 0.3098384 0.3464896 0.0000000 0.1017989 0.8415791 1.4265617 1.8155583 1.8337881 1.9179335 1.6056819 1.4135418 1.4728016 2.1038328 1.4588390 1.8706649 2.1465409 1.3719914 1.7110396 1.7158883 1.6889105 1.6915689 1.6928020 1.3655112 2.1411387 1.7552291 1.9560301 2.1429003 2.3877884 2.2283445 2.2997965 1.4860703 1.6994409 3.0261890 2.3295141 2.0144296 2.7396865 2.7551123 3.1039572 
Spis_XP_022800681_1                                    2.0846514 3.9880189 5.2090104 3.3918225 2.7391885 2.5395475 2.6627829 2.4515649 0.6453820 2.2747541 2.7715649 0.5080082 1.2691847 2.3998796 2.3489448 0.2862493 0.2921013 0.4860795 0.4930169 0.6433708 0.3639237 0.3544308 0.3731029 0.1017989 0.0000000 0.9350186 1.6013315 2.0637593 2.1819869 2.1816272 2.1512987 1.6245601 1.6475198 2.0810903 1.5737432 2.2527597 2.1863672 1.7236606 1.7951819 1.8107484 1.7570369 1.7879374 1.7879374 1.6811134 2.2572265 1.4693414 2.1313536 2.2831086 2.0268938 2.5521223 2.4010446 1.8812820 1.9920294 3.2008449 2.4914271 2.2233312 2.5962120 3.1557020 3.0244824 
Exapal_XM_028659803.1                                  1.6967100 3.2144584 5.1213703 3.0520622 2.3825482 2.3015046 2.2899519 2.0692979 0.8916560 1.9878286 2.3911768 0.6532960 1.3387909 1.6160133 2.0114596 0.8676707 0.8054588 0.8680203 0.9704187 0.9301234 0.6730975 0.3701138 0.8825948 0.8415791 0.9350186 0.0000000 1.4065012 1.5212370 1.5360939 1.5545114 1.5778517 1.3385069 1.3892732 2.0099920 1.4142470 1.5382334 1.8139162 1.2287538 1.5876797 1.5748827 1.5626436 1.5688609 1.5688609 1.1997504 1.7314224 1.8501980 1.8186884 1.7284980 2.0573021 1.8007135 1.8837305 1.3949699 1.3463255 2.4973728 1.7885256 1.8989838 2.5407048 2.4912084 3.0415436 
Skow_XM_006812439.1                                    2.0115484 3.6446642 5.3221116 3.3484311 2.8360253 2.4319664 2.7898992 2.1435305 1.0079694 2.1223294 2.4019876 0.6795013 1.0853746 1.8016149 2.0240409 1.4718870 1.4145449 1.3825153 1.6007199 1.4216066 0.9565300 0.4284754 1.4506007 1.4265617 1.6013315 1.4065012 0.0000000 1.8030379 1.9274592 1.9354512 1.5800996 1.8005337 1.7263380 2.2401384 1.4834976 1.8209933 1.8247656 1.2597838 1.6269030 1.6670110 1.6176314 1.6040339 1.6021681 1.3587725 1.5413753 1.9026252 1.9483986 1.7750817 2.2768279 1.9736118 2.0993344 1.3220138 1.4918111 2.4572537 2.5721835 2.2916520 2.5521752 2.3825414 3.2364339 
Aaur_scaffold696.g2.t1                                 2.2839536 3.7389147 5.5200303 3.6389713 2.9390121 2.9401208 2.9941114 2.2685906 0.9566017 2.3238978 2.7497438 0.7285143 1.1858408 2.3360760 2.4569981 1.7434311 1.7721982 1.8742217 2.2012320 1.9747220 1.3027106 0.4593113 1.7800288 1.8155583 2.0637593 1.5212370 1.8030379 0.0000000 0.5639034 0.5508922 1.4029478 1.9118466 2.0089618 2.4454863 1.5664011 0.9759124 2.4131735 1.2943067 1.8104561 1.8364962 1.8067463 1.8323082 1.8314958 1.3023370 2.4615166 1.9070071 2.2240075 2.5450639 2.3986363 2.7263615 2.7909041 1.8179782 2.0486041 3.2371912 1.9539854 1.8531856 2.7924312 3.1140978 3.3455837 
Nemnom_g13792.t1                                       2.2362845 3.4888227 4.9092732 3.1918996 2.7548038 2.7091288 2.7981419 2.2296707 0.9506157 2.3299964 2.6576801 0.6730319 1.1624537 2.1416723 2.3210097 1.7577082 1.8161831 1.8309279 2.2134670 1.8659092 1.3009461 0.4413803 1.7984823 1.8337881 2.1819869 1.5360939 1.9274592 0.5639034 0.0000000 0.2865427 1.5744513 1.8654794 1.9725356 2.2634539 1.5385505 0.9333297 2.3784512 1.4911720 1.8589857 1.8935572 1.8792967 1.9184203 1.9175488 1.4850945 2.3172488 2.0593653 2.1112201 2.4281994 2.1658451 2.5211507 2.6867273 2.0439829 2.0363009 2.9874811 1.9345295 1.7888493 2.4214938 2.9680406 3.1193442 
Rhoesc_Res_012467-T1                                   2.0845705 3.6755292 5.1891519 3.3337493 2.7813900 2.7767977 2.9399443 2.4697081 0.9159057 2.3107278 2.7779667 0.6131840 1.2042541 2.3788589 2.5229097 1.8385178 1.8929809 1.8769622 2.2342020 1.9662972 1.3152544 0.5004022 1.9186914 1.9179335 2.1816272 1.5545114 1.9354512 0.5508922 0.2865427 0.0000000 1.5544483 2.0354364 2.0402479 2.3406941 1.5450332 0.9661455 2.4114824 1.4816162 1.8628386 1.8900996 1.8798854 1.9153635 1.9145198 1.4364019 2.4734563 2.0319297 2.1521505 2.4816758 2.0808226 2.6821475 2.8334331 1.9923664 2.0553773 3.1594755 1.9944387 1.8245103 2.6001263 3.1406731 3.2253378 
Morvir_scaffold31.g33.t1                               2.2271539 2.7595786 6.2360374 3.1093065 2.9247175 2.4473523 2.6278305 2.1646344 0.8016610 2.1472515 2.1914242 0.6176298 1.1677894 1.6192252 2.1973214 1.5363198 1.4857432 1.5597944 1.8123212 1.5741764 1.4791019 0.6337069 1.6434727 1.6056819 2.1512987 1.5778517 1.5800996 1.4029478 1.5744513 1.5544483 0.0000000 1.6222995 1.7631319 2.4139404 1.5185448 1.3149696 2.1900654 1.4407570 1.9480563 1.9745307 1.9999370 1.9790560 1.9790560 1.4478915 1.8551280 1.8225122 2.3585042 1.9651671 1.9960267 2.1398183 2.2342640 1.6429691 1.8521736 2.4861908 1.6645465 1.9360511 2.6576912 2.9678679 2.7671477 
Dgig_XM_028550234.1                                    2.2442479 3.7526526 5.6730094 3.4093778 2.8099045 2.4725396 2.6454037 2.1907335 0.9260603 2.4831690 2.8602541 0.7347662 1.2678778 2.3252636 2.1663386 1.4075605 1.4307714 1.5057677 1.6879386 1.4808276 0.8610789 0.4792796 1.3653664 1.4135418 1.6245601 1.3385069 1.8005337 1.9118466 1.8654794 2.0354364 1.6222995 0.0000000 0.5445606 2.5211403 1.5074217 1.9088399 2.3628863 1.4214739 1.7772951 1.6598725 1.6615560 1.7081787 1.7076799 1.5056836 2.1488370 1.8038841 2.3184573 2.1928205 2.4317780 2.3426030 2.3619265 1.5986195 1.7214373 2.9068951 2.4002395 2.1615033 2.8144291 2.9996886 3.5557771 
Xesp_002482-T1                                         1.7466525 3.6312473 5.3939899 3.3810867 2.9782242 2.6427793 2.9468062 2.4441009 0.9779028 2.4393528 2.8252340 0.7361378 1.2029248 2.4025643 2.1428803 1.5118740 1.5072604 1.5293051 1.7017766 1.5246673 0.9595829 0.6171544 1.4460311 1.4728016 1.6475198 1.3892732 1.7263380 2.0089618 1.9725356 2.0402479 1.7631319 0.5445606 0.0000000 2.4692343 1.5507101 1.9830389 2.2390218 1.4975197 1.8501304 1.7997162 1.8108281 1.8460649 1.8455185 1.5848760 2.1824638 1.7837790 2.4258353 2.2445562 2.4457519 2.4105633 2.2689669 1.7391813 1.7213260 3.0502708 2.4764365 2.2922711 2.7656324 3.0182266 3.5969106 
Opea_EP00118_Oscarella_pearsei_P026627                 2.5197696 3.7908636 5.4205648 3.5926312 2.9837131 2.6840204 2.8642483 2.5660353 1.3390634 2.6043259 2.6734916 0.6674213 1.6262556 2.1998786 2.2734901 2.2112885 2.1700194 2.2350763 2.5905029 2.2576961 1.6937996 0.9223193 2.2023841 2.1038328 2.0810903 2.0099920 2.2401384 2.4454863 2.2634539 2.3406941 2.4139404 2.5211403 2.4692343 0.0000000 0.0000010 2.4227198 2.5363897 1.7981454 2.2266002 2.3497039 2.2991312 2.2887361 2.2867219 1.8731788 2.3679978 2.2888656 1.1179356 2.2195506 2.2592792 2.5766843 2.5873130 1.8576710 2.1134133 2.8945867 2.9326313 3.0806894 3.1763419 2.7968678 3.3702634 
Ocar_g746                                              2.3005162 1.9198629 2.4613550 1.9156386 1.8622663 1.7844788 1.7226603 1.8828774 1.3390634 1.7151062 1.4792807 0.6674213 1.6246156 1.5708421 1.5043774 1.4970348 1.4337193 1.4861036 1.6900783 1.4967494 1.0748988 0.9223193 1.4020680 1.4588390 1.5737432 1.4142470 1.4834976 1.5664011 1.5385505 1.5450332 1.5185448 1.5074217 1.5507101 0.0000010 0.0000000 1.5199753 1.4993540 1.4414386 1.4414386 1.5307851 1.5153489 1.4570729 1.4570729 1.4945093 1.5997497 1.8298021 0.8516900 1.2081368 0.9512466 1.5151788 1.7611015 1.4139621 1.6689812 1.8037832 1.1112880 2.0810146 2.9141009 2.0667205 1.3681570 
Sanmal_Sma_016938-T2                                   2.6344172 3.7658110 5.2582277 3.4443766 2.9854602 2.9087449 3.0612147 2.3675909 0.8538088 2.3648630 2.7666055 0.7166293 1.1646365 2.2034215 2.5632939 1.8619734 1.8365199 1.8788998 2.2464808 1.8715052 1.1568144 0.5394531 1.8336584 1.8706649 2.2527597 1.5382334 1.8209933 0.9759124 0.9333297 0.9661455 1.3149696 1.9088399 1.9830389 2.4227198 1.5199753 0.0000000 2.4078821 1.4078809 1.8364867 1.8166732 1.8165003 1.8690035 1.8681773 1.4118329 2.3372801 1.9125112 2.3345119 2.4270983 2.3888908 2.6618544 2.5740720 1.8524060 2.0494700 2.8030807 2.0085914 1.9111096 2.5743867 2.9546239 3.3186941 
Cscu_XM_023375593.1                                    1.9183762 3.7777674 6.1577974 3.6115217 3.0039845 2.6923578 2.8435007 2.2421674 0.9106400 2.3837025 2.6028948 0.6231760 1.4187536 1.9934450 2.2906398 2.2698133 2.1941112 2.2068610 2.6639125 2.1933372 1.4726155 0.7697727 2.3273180 2.1465409 2.1863672 1.8139162 1.8247656 2.4131735 2.3784512 2.4114824 2.1900654 2.3628863 2.2390218 2.5363897 1.4993540 2.4078821 0.0000000 1.7745969 2.3042656 2.3250529 2.2981125 2.2132472 2.2187263 1.8976989 2.2328887 1.7061449 2.4890343 2.3130006 2.3218182 2.4374803 1.4413941 1.7064378 1.7165151 2.9694833 2.8334750 2.8381732 2.0631565 2.9434168 3.5951949 
Tadh_TriadT27874                                       2.5249337 2.3535982 4.0199505 2.3167625 2.1822075 2.1385334 2.3376029 2.0558836 1.1378171 1.9903492 1.7754348 0.8577528 1.5348402 1.8043281 1.6865132 1.2666133 1.3344634 1.3736663 1.4737368 1.3785130 1.1691228 0.8719804 1.4290024 1.3719914 1.7236606 1.2287538 1.2597838 1.2943067 1.4911720 1.4816162 1.4407570 1.4214739 1.4975197 1.7981454 1.4414386 1.4078809 1.7745969 0.0000000 0.0000010 0.3205784 0.3319582 0.2773623 0.2773623 0.2615454 1.4222948 1.9469827 1.5152974 1.4038554 1.3200390 1.5078249 1.7653991 1.5108183 1.6642335 2.1901170 1.5769651 1.9480359 2.6386598 2.0957308 1.8806967 
TrH2_TrispH2_011635-RA                                 2.5355966 3.5088481 4.8202374 3.1880318 2.8927761 2.5399276 3.0300977 2.2650855 1.1378171 2.7719549 2.5011791 0.8577528 1.5348402 2.1497594 1.9189322 1.7328301 1.6944006 1.7234177 1.8999218 1.6595339 1.3526954 0.8719804 1.7830574 1.7110396 1.7951819 1.5876797 1.6269030 1.8104561 1.8589857 1.8628386 1.9480563 1.7772951 1.8501304 2.2266002 1.4414386 1.8364867 2.3042656 0.0000010 0.0000000 0.3555722 0.3495463 0.3347191 0.3354423 0.2615454 1.9434555 1.9469827 2.1547764 2.0975494 2.3502034 2.0120367 2.2681028 1.7009132 1.9201303 2.6548371 2.3627250 2.5522047 2.7798587 2.5479180 3.1210086 
HoiH23_PlH23_004713-RA                                 2.2642079 3.4983684 5.0089573 3.1830736 2.7795210 2.4816293 2.8244305 2.2656360 1.0682141 2.5996415 2.4544294 0.7228788 1.4705753 2.0436998 1.9317948 1.7797676 1.7105456 1.7465374 1.9260307 1.6656912 1.3659085 0.8474383 1.7743071 1.7158883 1.8107484 1.5748827 1.6670110 1.8364962 1.8935572 1.8900996 1.9745307 1.6598725 1.7997162 2.3497039 1.5307851 1.8166732 2.3250529 0.3205784 0.3555722 0.0000000 0.0599555 0.1416274 0.1409360 0.2179265 2.0101081 1.9918411 2.2063077 2.0187431 2.4201258 2.1127260 2.1005574 1.6868067 1.9298782 2.6312563 2.4238641 2.5514010 2.8397633 2.6245053 2.9505501 
HoiH06_mRNA4965                                        2.3952825 3.5113845 4.9037868 3.2676179 2.9170533 2.5370259 2.9272949 2.2754313 1.0682141 2.6438138 2.4858945 0.7292167 1.4406469 2.0402235 1.9684076 1.7716385 1.7029780 1.7353594 1.9094085 1.6764471 1.3573929 0.8307078 1.7730473 1.6889105 1.7570369 1.5626436 1.6176314 1.8067463 1.8792967 1.8798854 1.9999370 1.6615560 1.8108281 2.2991312 1.5153489 1.8165003 2.2981125 0.3319582 0.3495463 0.0599555 0.0000000 0.1380422 0.1380534 0.2205966 1.9517301 2.0707102 2.1717952 2.0077781 2.3700126 2.1360037 2.1233074 1.6559401 1.9335528 2.6964482 2.3544065 2.5427612 2.7919411 2.6361166 3.0203376 
Hhon_g05686.t1                                         2.2179833 3.4763867 4.9542946 3.3049727 2.8050593 2.4751918 2.9311121 2.2113277 1.1097704 2.5662649 2.4661252 0.7518322 1.4680430 2.0161038 1.9065521 1.7554661 1.6980058 1.7536208 1.9274632 1.6725342 1.3523576 0.8435813 1.7801161 1.6915689 1.7879374 1.5688609 1.6040339 1.8323082 1.9184203 1.9153635 1.9790560 1.7081787 1.8460649 2.2887361 1.4570729 1.8690035 2.2132472 0.2773623 0.3347191 0.1416274 0.1380422 0.0000000 0.0011448 0.1914635 1.9749256 1.8974837 2.0796923 2.0039359 2.2206832 2.0101307 2.1223161 1.6118113 1.8612189 2.6916808 2.3081615 2.5120408 2.8580209 2.5608341 3.0904739 
HoiH04_mRNA10056                                       2.2179833 3.4735328 4.9480564 3.3019347 2.8071259 2.4698777 2.9276256 2.2094775 1.1097704 2.5615325 2.4634511 0.7518322 1.4680430 2.0148354 1.9036968 1.7548647 1.6975118 1.7531955 1.9268708 1.6721151 1.3523576 0.8435813 1.7795104 1.6928020 1.7879374 1.5688609 1.6021681 1.8314958 1.9175488 1.9145198 1.9790560 1.7076799 1.8455185 2.2867219 1.4570729 1.8681773 2.2187263 0.2773623 0.3354423 0.1409360 0.1380534 0.0011448 0.0000000 0.1914635 1.9722648 1.8974837 2.0781012 2.0020868 2.2253253 2.0115849 2.1191909 1.6118113 1.8612189 2.6937382 2.3061218 2.5120408 2.8580209 2.5599901 3.0873799 
HoiH11_mRNA3617                                        2.3923192 2.1883676 3.6833897 2.3279200 2.0402093 2.0087624 2.1010857 1.9590911 1.0790400 2.0850889 1.7864267 0.7034091 1.6087546 1.8317791 1.6609161 1.3131837 1.3681977 1.3889402 1.5149689 1.3937733 1.1079628 0.8293212 1.4392578 1.3655112 1.6811134 1.1997504 1.3587725 1.3023370 1.4850945 1.4364019 1.4478915 1.5056836 1.5848760 1.8731788 1.4945093 1.4118329 1.8976989 0.2615454 0.2615454 0.2179265 0.2205966 0.1914635 0.1914635 0.0000000 1.4668783 1.9540943 1.6649669 1.2991640 1.3525824 1.5497968 1.7371578 1.4818594 1.7317310 2.2417616 1.5095804 1.8505498 2.7310358 2.3977943 1.8299020 
Spur_XM_030974021.1                                    1.8742904 3.6904668 5.4902022 3.5161483 2.7528590 2.6976975 2.7533195 2.0393751 1.2009141 2.5352349 3.1563196 0.6192969 1.2695561 2.4366647 2.5237138 2.1226255 2.1251921 2.1158239 2.4119246 2.1551408 1.2528508 0.6772002 2.0545239 2.1411387 2.2572265 1.7314224 1.5413753 2.4615166 2.3172488 2.4734563 1.8551280 2.1488370 2.1824638 2.3679978 1.5997497 2.3372801 2.2328887 1.4222948 1.9434555 2.0101081 1.9517301 1.9749256 1.9722648 1.4668783 0.0000000 1.7673871 2.2020162 2.4423406 2.5870379 2.3882843 2.4600704 1.4590119 1.8143242 3.1470690 3.0195974 2.6896280 2.4929556 3.1580528 3.7177005 
Clacor_Ccor_scaffold15397_01                           1.2933751 1.3864691 2.8218605 1.5460951 1.0809299 1.1479863 1.2086704 1.3602660 1.0948374 2.0873367 1.8815347 0.6911837 1.7069391 1.8293107 1.5508313 1.8068435 1.8081950 1.8353417 2.1778732 1.8334826 1.5902769 0.9352892 1.8493700 1.7552291 1.4693414 1.8501980 1.9026252 1.9070071 2.0593653 2.0319297 1.8225122 1.8038841 1.7837790 2.2888656 1.8298021 1.9125112 1.7061449 1.9469827 1.9469827 1.9918411 2.0707102 1.8974837 1.8974837 1.9540943 1.7673871 0.0000000 1.7365477 1.9568035 1.2966829 1.8475870 1.9081241 2.1840972 2.0718015 2.1572326 1.8001584 2.5902994 2.4978986 2.6991619 1.3105852 
Plajan_Pjan_scaffold7192_01                            2.0671465 3.5457425 5.2305851 3.2987343 2.7278401 2.7067341 2.7195560 2.5076012 1.0753474 2.5625777 2.6846912 0.7297621 1.2491629 2.0754622 2.1476051 1.9791080 1.9338184 2.0235561 2.2854465 2.0904472 1.5181839 0.7138605 1.9546078 1.9560301 2.1313536 1.8186884 1.9483986 2.2240075 2.1112201 2.1521505 2.3585042 2.3184573 2.4258353 1.1179356 0.8516900 2.3345119 2.4890343 1.5152974 2.1547764 2.2063077 2.1717952 2.0796923 2.0781012 1.6649669 2.2020162 1.7365477 0.0000000 2.1736954 2.4908982 2.5069322 2.6190646 1.8647371 1.9355683 3.0305763 2.5925814 3.0140888 3.1915345 2.6158214 3.0203577 
Cgig_XM_011433131.3                                    2.0244880 3.9095570 5.6826791 3.4664764 3.0245903 2.9594759 2.9316644 2.1982907 1.2188530 2.6748330 3.3443774 0.5897225 1.5794297 2.1423974 2.4491323 2.1275087 2.1563592 2.1064187 2.4382941 2.1474920 1.3326567 0.7269834 2.1863635 2.1429003 2.2831086 1.7284980 1.7750817 2.5450639 2.4281994 2.4816758 1.9651671 2.1928205 2.2445562 2.2195506 1.2081368 2.4270983 2.3130006 1.4038554 2.0975494 2.0187431 2.0077781 2.0039359 2.0020868 1.2991640 2.4423406 1.9568035 2.1736954 0.0000000 2.1603824 2.4115517 2.4546009 1.0919426 1.4104145 2.7770971 2.6021513 2.8583618 2.4569923 3.4608873 3.6113085 
Stycar_maker-SC_scaffold1128-augustus-gene-0.27-mRNA-1 4.7497579 3.0152979 4.9503232 3.4651875 2.4259384 2.4809601 2.4223287 2.2579512 0.5219611 1.3301251 1.7297367 0.2532715 0.7030952 0.7918805 1.7066799 2.2723457 2.4057634 2.2812366 3.1623507 2.2812366 1.8382625 0.8854086 2.3313085 2.3877884 2.0268938 2.0573021 2.2768279 2.3986363 2.1658451 2.0808226 1.9960267 2.4317780 2.4457519 2.2592792 0.9512466 2.3888908 2.3218182 1.3200390 2.3502034 2.4201258 2.3700126 2.2206832 2.2253253 1.3525824 2.5870379 1.2966829 2.4908982 2.1603824 0.0000000 2.3963357 2.4371817 1.4919355 2.4177777 3.1416539 2.6789521 2.5724134 2.0358186 2.6893372 3.1845208 
Bralan_BLAG02000389_1                                  1.9816975 3.7557795 5.3905057 3.5946537 3.1202897 2.8528217 3.1627172 2.2216081 0.9907129 2.7094761 2.9475247 0.6782382 1.1901332 2.2061446 2.4576097 2.1520276 2.1176271 2.1142579 2.4430618 2.0766274 1.3403700 0.5304511 2.1657693 2.2283445 2.5521223 1.8007135 1.9736118 2.7263615 2.5211507 2.6821475 2.1398183 2.3426030 2.4105633 2.5766843 1.5151788 2.6618544 2.4374803 1.5078249 2.0120367 2.1127260 2.1360037 2.0101307 2.0115849 1.5497968 2.3882843 1.8475870 2.5069322 2.4115517 2.3963357 0.0000000 2.5158603 1.4997768 1.4752002 2.9396553 2.7093314 3.0093573 2.5937772 3.0383134 3.4897906 
Cscu_XM_023360968.1                                    2.1684408 3.6588116 5.0496953 3.6339220 3.1986314 3.0953415 3.1629130 2.4375808 1.0488386 2.6204422 2.8239267 0.7940062 1.3464060 2.4274565 2.7439464 2.3017181 2.2128599 2.2400580 2.6311425 2.3069170 1.3721385 0.7812632 2.3562016 2.2997965 2.4010446 1.8837305 2.0993344 2.7909041 2.6867273 2.8334331 2.2342640 2.3619265 2.2689669 2.5873130 1.7611015 2.5740720 1.4413941 1.7653991 2.2681028 2.1005574 2.1233074 2.1223161 2.1191909 1.7371578 2.4600704 1.9081241 2.6190646 2.4546009 2.4371817 2.5158603 0.0000000 1.8005631 1.7239093 2.9203585 2.6855595 2.6638294 2.3245927 3.0690480 3.5654529 
Acagra_model.g27507.t1                                 1.8840492 2.5060818 4.6684235 2.7207334 2.3512639 2.3106839 2.3333997 2.0425672 1.3334026 1.9731719 1.9517084 0.9223952 1.3381927 1.7785368 2.0616853 1.5447108 1.5319023 1.5529732 1.7810893 1.5529064 1.2714808 0.7740840 1.6153999 1.4860703 1.8812820 1.3949699 1.3220138 1.8179782 2.0439829 1.9923664 1.6429691 1.5986195 1.7391813 1.8576710 1.4139621 1.8524060 1.7064378 1.5108183 1.7009132 1.6868067 1.6559401 1.6118113 1.6118113 1.4818594 1.4590119 2.1840972 1.8647371 1.0919426 1.4919355 1.4997768 1.8005631 0.0000000 1.3553116 2.0609048 1.5218511 2.1122376 2.5340795 2.4333355 2.4058922 
Ctel_gnl_WGS_AMQN_CAPTEDRAFT_mRNA175505                2.2190592 2.3252129 4.2369653 2.5250437 2.6056570 2.6000705 2.4775885 2.2581820 1.1870751 2.0236396 1.9882900 0.9353506 1.2100797 1.8753086 1.8255677 1.7694802 1.7604272 1.6931144 1.9579203 1.6857298 1.2108159 0.7550914 1.8220459 1.6994409 1.9920294 1.3463255 1.4918111 2.0486041 2.0363009 2.0553773 1.8521736 1.7214373 1.7213260 2.1134133 1.6689812 2.0494700 1.7165151 1.6642335 1.9201303 1.9298782 1.9335528 1.8612189 1.8612189 1.7317310 1.8143242 2.0718015 1.9355683 1.4104145 2.4177777 1.4752002 1.7239093 1.3553116 0.0000000 2.0580274 1.9813530 2.7473755 2.5839107 2.4623684 2.3133558 
Hsap_ENST00000358649                                   2.6330064 4.4956382 6.6377522 4.1276950 3.8532994 3.4777603 3.7448821 2.8609821 1.3208904 2.9719237 3.5928675 0.8555852 1.4733861 2.7766937 2.7259284 3.1428319 3.0670578 2.9805388 3.6217327 2.9515576 1.9095679 0.8808268 3.2805010 3.0261890 3.2008449 2.4973728 2.4572537 3.2371912 2.9874811 3.1594755 2.4861908 2.9068951 3.0502708 2.8945867 1.8037832 2.8030807 2.9694833 2.1901170 2.6548371 2.6312563 2.6964482 2.6916808 2.6937382 2.2417616 3.1470690 2.1572326 3.0305763 2.7770971 3.1416539 2.9396553 2.9203585 2.0609048 2.0580274 0.0000000 3.0902256 3.1933580 2.8020953 3.3743609 4.2215475 
Chem_TCONS_00000020                                    1.6857170 4.1457945 6.1762088 3.9230146 3.1302194 2.8343472 3.2599102 2.1142715 1.0995805 2.4980977 3.2736517 0.7333080 1.3572622 2.8100300 2.7172824 2.1842165 2.2969652 2.4453445 2.7884579 2.4870918 1.7542827 0.9969299 2.4084183 2.3295141 2.4914271 1.7885256 2.5721835 1.9539854 1.9345295 1.9944387 1.6645465 2.4002395 2.4764365 2.9326313 1.1112880 2.0085914 2.8334750 1.5769651 2.3627250 2.4238641 2.3544065 2.3081615 2.3061218 1.5095804 3.0195974 1.8001584 2.5925814 2.6021513 2.6789521 2.7093314 2.6855595 1.5218511 1.9813530 3.0902256 0.0000000 1.4345186 2.0538146 3.6587045 3.7012534 
Hvul_g24305_1                                          2.8342276 4.0794939 6.2469710 4.0228010 3.0916667 3.0600961 3.5016917 2.6221437 0.9591772 2.7355857 2.8742517 0.8773336 1.2825803 2.4278217 2.4824073 1.9920408 2.0029235 2.0268136 2.3361345 2.0134108 1.5721079 0.9642988 2.1310284 2.0144296 2.2233312 1.8989838 2.2916520 1.8531856 1.7888493 1.8245103 1.9360511 2.1615033 2.2922711 3.0806894 2.0810146 1.9111096 2.8381732 1.9480359 2.5522047 2.5514010 2.5427612 2.5120408 2.5120408 1.8505498 2.6896280 2.5902994 3.0140888 2.8583618 2.5724134 3.0093573 2.6638294 2.1122376 2.7473755 3.1933580 1.4345186 0.0000000 2.6014287 2.9543070 3.8419821 
Dpul_mRNA6674                                          3.6447878 2.9240878 5.7798623 3.0770008 2.8796999 2.6930506 2.7705453 2.5002090 1.8000866 2.7360293 2.8553649 1.2698393 1.9475485 2.6982920 2.7565571 2.5871255 2.6524610 2.4843190 3.0513251 2.4904919 1.7641635 1.4113824 2.6957459 2.7396865 2.5962120 2.5407048 2.5521752 2.7924312 2.4214938 2.6001263 2.6576912 2.8144291 2.7656324 3.1763419 2.9141009 2.5743867 2.0631565 2.6386598 2.7798587 2.8397633 2.7919411 2.8580209 2.8580209 2.7310358 2.4929556 2.4978986 3.1915345 2.4569923 2.0358186 2.5937772 2.3245927 2.5340795 2.5839107 2.8020953 2.0538146 2.6014287 0.0000000 3.6693355 2.0471364 
Tetwil_g11690.t2                                       1.5429563 4.2438045 5.6197981 4.1524418 3.3659798 3.1708305 3.4708020 2.7004310 2.3083500 1.9336492 2.2358752 0.8856880 0.8057206 1.3504857 1.9836018 2.8448258 2.8751165 2.8564736 3.0528545 2.7252679 2.1399259 1.5667862 2.8401844 2.7551123 3.1557020 2.4912084 2.3825414 3.1140978 2.9680406 3.1406731 2.9678679 2.9996886 3.0182266 2.7968678 2.0667205 2.9546239 2.9434168 2.0957308 2.5479180 2.6245053 2.6361166 2.5608341 2.5599901 2.3977943 3.1580528 2.6991619 2.6158214 3.4608873 2.6893372 3.0383134 3.0690480 2.4333355 2.4623684 3.3743609 3.6587045 2.9543070 3.6693355 0.0000000 4.0571478 
Scil_scict006601.1                                     0.3175513 1.2976939 1.8141106 1.3247090 2.7300729 2.4215140 2.7271842 1.9070175 1.5578626 2.8209817 3.7370418 0.8075742 2.0753609 2.8069057 2.8990304 3.3265632 3.2267248 3.2385995 3.7429231 3.0453091 2.4281648 1.2583225 3.3858410 3.1039572 3.0244824 3.0415436 3.2364339 3.3455837 3.1193442 3.2253378 2.7671477 3.5557771 3.5969106 3.3702634 1.3681570 3.3186941 3.5951949 1.8806967 3.1210086 2.9505501 3.0203376 3.0904739 3.0873799 1.8299020 3.7177005 1.3105852 3.0203577 3.6113085 3.1845208 3.4897906 3.5654529 2.4058922 2.3133558 4.2215475 3.7012534 3.8419821 2.0471364 4.0571478 0.0000000 
