83
Lcom_lcpid62076                                     0.0000000 0.0050093 0.5102451 0.5661269 0.4021222 0.5419564 1.9763866 1.6010156 1.4795163 0.8281835 1.9656860 2.0265006 1.1874450 1.9956622 1.7088033 1.0998376 2.2527892 2.2527892 0.7259396 2.0124671 1.7023295 2.3380495 3.4478746 1.0767254 1.8712876 2.0447315 1.1558234 2.3014912 2.4703240 2.4703240 2.4703240 2.4703240 2.3805719 2.3805719 3.0600788 1.9783492 2.2185358 2.5066246 2.5287519 2.7184162 1.8467010 1.1830369 0.7255573 1.8785578 2.0267926 1.9340827 1.9521069 1.8146348 2.0642968 2.4108106 0.9802936 2.4543730 1.2940318 1.8355358 2.1309396 2.0797143 2.0856874 2.7734556 4.5776305 2.5292946 1.4033652 1.7273407 2.2905518 2.6384641 1.2771458 1.5523577 1.7226377 1.8728248 2.3143220 1.9407233 2.0803681 2.1028968 2.1168637 2.1161279 2.0726293 2.0483167 2.1494872 2.4502816 2.9391230 2.2770198 3.9165505 2.0192935 4.7549715 
Lcom_lcpid115067                                    0.0050093 0.0000000 0.2499458 0.2410248 0.3540624 0.2651356 0.9213521 0.7908562 0.7908562 0.7056864 0.9110755 0.8790909 0.9888950 0.9962598 1.1448826 1.0998376 0.8515244 0.8515244 0.7259396 0.9405643 0.9405643 0.9405643 0.6215466 0.9405643 0.9450898 0.9450898 0.8849743 0.8849743 1.0583468 1.0583468 1.0583468 1.0583468 1.0515352 1.0515352 1.3035212 0.9694146 0.9715096 0.9715096 0.9396718 1.0388463 0.9058093 0.9104503 0.7255573 0.9097318 1.0340755 0.9215952 0.9412669 0.7754962 0.9157111 1.2334813 0.9802936 1.1391976 1.3010378 0.9895111 1.2382722 0.8242951 0.8053845 1.1644718 4.0200046 1.1525866 1.0937971 1.5809352 1.2210622 1.2608373 1.1920406 1.1039666 1.1039666 0.9182676 0.9925389 0.8559010 1.0303699 1.0607345 1.0343579 1.0343579 1.0423442 1.0409277 1.0430076 0.9988995 1.4956682 0.9601687 0.4805302 1.6453943 1.7928990 
Scil_scict016830.1                                  0.5102451 0.2499458 0.0000000 0.4469106 0.3943444 0.4624870 1.8731289 1.9664997 1.8359609 0.9127878 1.8467085 1.8928946 1.2836900 2.0590089 1.6643867 1.1920094 2.3622004 2.3622004 0.7379094 2.2224409 1.8803274 2.4850066 3.8553803 1.1254427 2.0722893 2.2197062 1.2480145 2.3357709 2.4923786 2.4923786 2.4923786 2.4923786 2.4150059 2.4150059 3.0187523 1.9666741 2.2579548 2.4649994 2.4905549 2.6627058 1.9756752 1.2078788 0.7452418 2.0078319 2.0469842 2.0333405 1.9254314 1.9956338 2.2649007 2.4212818 0.9977123 2.3486029 1.4012989 1.9766876 2.2239561 2.1869922 2.1883880 2.7712828 4.4983727 2.5158415 1.4277485 1.6901798 2.3057934 2.6234786 1.2752299 1.6316358 1.7853543 2.1215896 2.1354832 1.8051755 2.1906204 2.1662871 2.1101350 2.1215343 2.0397684 2.0296600 2.1085995 2.5061778 2.8630148 2.7324617 3.4291303 2.0102854 4.1716423 
Gracom_Gcom_C558042_01                              0.5661269 0.2410248 0.4469106 0.0000000 0.4077660 0.4847766 1.8753213 1.9078383 1.8249932 0.9288036 1.8904276 1.9002696 1.2016673 2.0854211 1.6860887 1.1008786 2.2148455 2.2148455 0.6786731 2.0742627 1.7947211 2.4743129 3.9286977 1.0414967 1.9537310 2.1308099 1.1330230 2.2546722 2.1782353 2.1782353 2.1782353 2.1782353 2.1323404 2.1323404 2.6220964 1.9441124 2.1006357 2.3081364 2.2117138 2.5785554 1.9811188 1.1676265 0.6907112 2.0727146 2.0916828 2.1610936 2.0773681 2.0095634 2.3446865 2.4719475 0.8119148 2.4012709 1.2053341 1.8047913 2.1108962 2.0350454 2.0782256 2.7017557 4.8118042 2.5833898 1.2625806 1.5830408 2.5228244 2.5986593 1.2852740 1.5158488 1.6699353 2.1499264 2.0761748 1.8239541 2.1037433 2.0861901 2.1128887 2.1386653 2.1501025 2.1345073 2.2492625 2.4502960 2.8979291 2.8642063 3.4398267 1.6760532 4.8413703 
Clacor_Ccor_C522929_01                              0.4021222 0.3540624 0.3943444 0.4077660 0.0000000 0.4214734 0.8346367 0.8901870 0.9145398 0.9760515 0.8632249 0.8185197 1.0976280 1.0801630 1.0986417 1.3719429 1.0697155 1.0697155 0.7755655 1.2099638 1.2099638 1.2099638 1.2425944 1.1184907 1.1856630 1.1856630 1.0604095 1.0604095 1.2104649 1.2104649 1.2104649 1.2104649 1.2030535 1.2030535 1.5393242 1.1440788 1.1628502 1.1628502 1.1509532 1.2953335 0.9099993 0.9340195 0.7189165 0.9886754 1.0904994 0.8689308 0.9222567 0.8573144 0.9667355 1.2229055 0.8185433 1.0070938 1.1870499 1.0289384 1.1605905 0.9027017 0.8934404 1.1619546 3.9088321 1.4763066 1.4114721 1.7263691 1.3246967 1.2977115 1.3306516 1.2297510 1.2297510 1.1788845 0.9416346 0.9394477 0.9431623 0.9713263 0.9107922 0.9107922 0.9401161 0.9428705 1.0383918 1.0247181 1.5767652 1.0506973 1.2304989 1.3912721 1.8007943 
Leuniv_Lniv_scaffold7588_01                         0.5419564 0.2651356 0.4624870 0.4847766 0.4214734 0.0000000 1.4478376 1.4793886 1.2475802 0.9280874 1.4213647 1.2356438 1.0865823 1.4528412 1.7106706 1.1372647 1.2427398 1.2427398 0.6422119 1.3268239 1.3268239 1.3268239 2.1981556 1.0026317 1.3703780 1.3703780 1.1654340 1.3582753 1.3733356 1.3733356 1.3733356 1.3733356 1.3733356 1.3733356 1.7475054 1.3075086 1.3497639 1.3497639 1.2825719 1.5685189 1.2460039 1.0086419 0.7167019 1.4152307 1.4409478 1.2633665 1.2685241 1.2541633 1.2955187 1.7186490 0.7839904 1.7402716 1.0906823 1.3586558 1.3939247 1.5708406 1.5529000 2.0072103 4.8248320 1.9370834 1.3992214 1.7986872 2.0440280 2.0103188 1.2686160 1.6609879 1.6609879 1.4657936 1.5419341 1.4001441 1.6386737 1.6066237 1.5675686 1.5923367 1.5016057 1.5016057 1.5256807 1.5881667 2.4529123 1.5325258 1.8365752 1.5101139 6.7548880 
Skow_XM_002740259.2                                 1.9763866 0.9213521 1.8731289 1.8753213 0.8346367 1.4478376 0.0000000 1.7420269 1.6073100 0.9593438 1.5221677 1.4797553 0.9193258 1.7426749 1.0450602 1.1172809 2.0312589 2.0312589 0.6511998 1.6269108 1.5429226 2.2435654 3.5685657 0.8873714 1.7435518 1.9460254 1.1268250 2.1941886 2.1232074 2.1232074 2.0932945 2.0932945 1.9898025 2.0179071 2.7220159 1.7552987 1.9689417 2.1465670 2.4094795 2.3945221 1.6120905 0.8766576 0.6492015 1.6718088 1.6324411 1.5394915 1.4994879 1.5794188 1.7096179 1.9499254 0.8511161 1.9573593 1.3992837 1.5122589 1.6060264 1.4997991 1.5208662 2.3617512 4.2744795 2.4625058 1.3712358 1.7994250 2.0980696 2.2779092 1.1295843 1.5004280 1.5773774 1.7574769 1.6219888 1.3508372 1.9575371 1.9527220 1.8934071 1.9030402 1.9538960 1.9212303 1.5680218 2.1339766 2.6343751 2.1792799 4.0057104 1.9182682 3.0602031 
Opea_EP00118_Oscarella_pearsei_P018522              1.6010156 0.7908562 1.9664997 1.9078383 0.8901870 1.4793886 1.7420269 0.0000000 0.0106765 0.7239371 1.8616727 1.7058938 1.0895851 2.5041782 1.5908864 1.1270410 2.4054152 2.4054152 0.8812966 2.1192584 2.0852286 2.7367813 3.9581264 1.3031979 1.9769059 2.1139282 1.4376915 2.4584911 2.3936174 2.3936174 2.3779845 2.3779845 2.2817997 2.2968234 3.1099316 1.9111801 2.1058727 2.3352422 2.5584150 2.8457328 1.9162203 1.1161284 0.7173866 1.9686427 2.0867565 2.1431091 2.0662352 1.8930786 2.2016505 2.4299050 1.0395476 2.3660588 1.4190503 1.9289055 2.0997527 2.1576619 2.1272446 2.7388440 4.3289898 2.3332821 1.4317939 1.7762992 2.0995270 2.1204875 1.1087603 1.3841628 1.4525223 2.1948030 1.9711985 1.8232580 2.1903675 2.1701903 2.1883212 2.2154527 2.1839382 2.1745210 1.9288631 2.6270782 3.2906178 2.7473156 4.5921022 2.5281285 4.5974001 
Ocar_g6806                                          1.4795163 0.7908562 1.8359609 1.8249932 0.9145398 1.2475802 1.6073100 0.0106765 0.0000000 0.6573011 1.8598370 1.6910407 1.1182158 2.2705101 1.3501588 1.1270410 2.2411174 2.2411174 0.8812966 1.9126754 1.8751224 2.6221799 4.0267257 1.0811877 1.7740908 1.9304226 1.2318105 2.2354350 2.2140310 2.2140310 2.1956815 2.1956815 2.1054268 2.1228533 2.9544022 1.7415813 1.9267643 2.1948551 2.4801734 2.6210554 1.8794730 1.1492470 0.7173866 1.8752650 1.9690595 2.0343140 1.9912337 1.8814496 2.1733243 2.2364982 1.0395476 2.1507112 1.4657707 1.9937445 2.1362780 2.0603007 2.0075312 2.3578642 4.1409046 2.0113509 1.3152189 1.7762992 1.8404385 1.8638132 1.1039394 1.2302844 1.3043236 2.0190723 1.9090449 1.6373546 2.0012131 1.9515883 1.9854245 1.9854245 1.9990707 1.9891538 1.9166603 2.5278234 2.9620467 2.9182702 4.5663793 2.5281285 4.0193740 
Plajan_Pjan_scaffold23112_01                        0.8281835 0.7056864 0.9127878 0.9288036 0.9760515 0.9280874 0.9593438 0.7239371 0.6573011 0.0000000 1.1090974 1.0289037 1.0082790 1.1288461 1.0615783 1.0176845 0.9504626 0.9504626 0.7708582 1.0339189 1.0339189 1.0339189 1.1998777 0.9564423 1.0018932 1.0018932 1.0184431 1.0119080 1.0076612 1.0076612 1.0076612 1.0076612 0.9866970 0.9866970 1.3207353 1.0100681 1.0146588 1.0146588 0.9995097 1.1410730 0.9652431 1.0447090 0.6345779 0.9128885 1.0412689 0.9447080 0.9266718 0.9083500 1.1686683 1.2152953 0.7208314 0.9571827 1.2156867 0.9972900 1.1542890 0.9711390 0.9524984 1.0133862 3.8294479 1.2911312 1.3232042 1.9126086 1.1709033 1.0997924 1.0649598 1.1293335 1.1171955 1.1535911 1.0414390 0.9591073 1.2554899 1.2493651 1.2212161 1.2212161 1.2296953 1.2282443 1.0698039 1.0524752 1.7407643 1.2344540 1.0214360 1.4378774 3.0912883 
Acagra_model.g20816.t1                              1.9656860 0.9110755 1.8467085 1.8904276 0.8632249 1.4213647 1.5221677 1.8616727 1.8598370 1.1090974 0.0000000 1.2859703 0.8492406 1.7463005 0.8064596 1.1621771 2.3374326 2.3374326 0.7441809 1.9746302 1.7162885 2.5508863 3.5822497 1.0888218 1.7720401 1.9816813 1.1371699 2.2998382 2.2013381 2.2013381 2.1936854 2.1936854 2.1429905 2.1506096 2.8800149 1.8325925 2.0617873 2.4095383 2.5427675 2.5792463 1.8302706 1.1489078 0.7986013 1.9539459 1.8414333 1.8629593 1.8388361 1.8522698 1.8188370 2.3643277 1.1499702 2.2510305 1.4611165 1.7502264 1.9800470 1.7956521 1.7916109 2.7122287 4.0846407 2.5932720 1.3819567 1.8120838 2.3276130 2.3662792 1.1236979 1.5404777 1.6361062 2.0327669 1.1276191 1.6089224 2.0293607 2.0352250 2.0058840 2.0398549 2.1966609 2.1773931 1.6389108 2.3813082 2.9507611 2.4953540 3.4391859 2.2525238 3.2730443 
Cscu_XM_023381590.1                                 2.0265006 0.8790909 1.8928946 1.9002696 0.8185197 1.2356438 1.4797553 1.7058938 1.6910407 1.0289037 1.2859703 0.0000000 0.7339703 1.4410599 0.8801936 1.0603906 2.0554863 2.0554863 0.6635363 1.7626476 1.6603069 2.2941444 4.1104126 0.9656215 1.7108656 1.8360759 1.1969924 2.1416971 1.8554859 1.8554859 1.8451608 1.8451608 1.8313085 1.8411008 2.4310812 1.6536377 1.7515194 2.0139221 2.3436778 2.5447062 2.0220451 1.0395271 0.7621378 1.9497576 1.9418224 2.0412733 1.8980415 2.0505315 2.1141656 2.2501206 0.9859771 2.1792571 1.2517787 1.6242438 1.7852958 1.7399362 1.7148374 2.6111751 4.2521999 2.4578627 1.2846100 1.8725998 2.3796226 2.1105634 1.1296454 1.4108114 1.3988443 2.1712490 1.4762498 1.4881306 1.8941549 1.8754403 1.8032951 1.8228677 1.8243586 1.8028908 1.5330137 2.1479850 2.9734954 2.6153340 4.0820600 2.1009713 4.4386772 
Dpul_mRNA15648                                      1.1874450 0.9888950 1.2836900 1.2016673 1.0976280 1.0865823 0.9193258 1.0895851 1.1182158 1.0082790 0.8492406 0.7339703 0.0000000 0.6902095 0.7771681 1.1176264 1.1987882 1.1987882 0.7780332 1.1186018 1.1186018 1.1186018 2.0271796 0.9103275 1.1552637 1.1552637 1.2262670 1.3111786 1.1345971 1.1345971 1.1345971 1.1345971 1.1892754 1.1892754 1.5477045 1.1724742 1.1541114 1.1541114 1.2775001 1.3301739 1.0960777 1.0464136 0.8987926 1.2115567 1.2381534 1.1371792 1.1648734 1.0957744 1.1444696 1.2844362 0.9417181 1.2924358 1.4794705 1.2276577 1.2949915 1.1056208 1.0870949 1.4079351 3.7187805 1.5934113 1.4467051 1.8845497 1.4022497 1.3330587 1.1646891 1.2427691 1.1988081 1.3862448 0.9253792 1.0338040 1.2028318 1.1935440 1.2093072 1.2093072 1.1704400 1.1556799 0.9738164 1.5057823 2.0047965 1.3951019 2.3330010 1.6477090 3.1965833 
Tcas_TC001511_001                                   1.9956622 0.9962598 2.0590089 2.0854211 1.0801630 1.4528412 1.7426749 2.5041782 2.2705101 1.1288461 1.7463005 1.4410599 0.6902095 0.0000000 1.2792216 1.1586802 2.1050635 2.1050635 0.6551882 1.5639264 1.5007865 2.2581772 3.3284057 1.0523648 1.6014373 1.7271296 1.2686590 2.2843887 1.9518115 1.9518115 1.9342671 1.9342671 1.8920441 1.9087151 2.5860643 1.5838557 1.8741014 2.1810429 2.2028319 2.3790804 2.0295320 1.2342420 0.7224207 2.1275947 2.1925012 2.2396826 2.1126668 2.1026065 2.3877951 2.1450176 1.0226036 2.1991005 1.4415902 1.8917434 1.9889727 1.9098168 1.9303187 2.8035943 4.7295027 2.6861255 1.5386344 1.6847426 2.4488549 2.4359608 1.3403237 1.6205186 1.6220076 2.1761117 1.7498959 1.8109682 1.9925110 1.9900515 2.0384641 2.0478672 2.0544004 2.0175270 1.8214971 2.3151300 2.8091056 2.6508361 3.8660554 2.3375941 4.8828353 
Ctel_gnl_WGS_AMQN_CAPTEDRAFT_mRNA93452              1.7088033 1.1448826 1.6643867 1.6860887 1.0986417 1.7106706 1.0450602 1.5908864 1.3501588 1.0615783 0.8064596 0.8801936 0.7771681 1.2792216 0.0000000 1.1400708 1.4983495 1.4983495 0.7028079 1.3997528 1.3997528 1.4711034 2.5855997 0.9750060 1.4506722 1.4506722 1.1829424 1.4608514 1.4403615 1.4403615 1.4403615 1.4403615 1.3994279 1.3994279 1.9969641 1.4636429 1.4424179 1.5099256 1.6444463 1.6555917 1.3999039 1.0052767 0.8956900 1.5709293 1.5200764 1.3930954 1.3528293 1.3719386 1.3336066 1.6674233 1.0644745 1.7396695 1.2712606 1.3697701 1.4177100 1.5397732 1.5230102 1.9000175 3.5724287 1.9387688 1.3560933 1.9175173 1.9420560 1.8239403 1.0033028 1.4295465 1.3825214 1.4849297 0.8831148 1.1535855 1.6467220 1.6203227 1.5812237 1.6033201 1.5837434 1.5820128 1.3578574 1.5963636 2.2161567 1.9004890 2.3768165 1.6944645 2.9933410 
Pbac_sb2640078                                      1.0998376 1.0998376 1.1920094 1.1008786 1.3719429 1.1372647 1.1172809 1.1270410 1.1270410 1.0176845 1.1621771 1.0603906 1.1176264 1.1586802 1.1400708 0.0000000 0.0000010 0.0000010 0.0000010 0.2290659 0.2290659 0.2290659 0.0510731 0.2290659 0.2488879 0.2488879 0.2447037 0.2447037 0.2410760 0.2410760 0.2410760 0.2410760 0.2410760 0.2410760 0.2410760 0.2463119 0.2356936 0.2356936 0.2014386 0.2390170 1.1174714 1.2525317 0.0000010 1.2343434 1.2965829 1.0538679 1.1528227 1.0205103 1.6757992 1.1617108 0.0000010 1.3240385 1.8767979 1.2437944 1.3641049 0.9521568 0.9521568 1.2960970 8.9999980 1.2159594 1.2836835 3.0658765 1.1866921 1.3399850 1.3399850 1.2791212 1.2791212 1.2851726 1.3698325 1.1710422 1.1797038 1.1580241 1.1899698 1.1899698 1.3690475 1.3690475 1.3404845 1.0633697 1.2635164 1.0181529 0.0000010 2.0212523 1.0720103 
Horcal_Hcv1.av93.c9.g385.i1                         2.2527892 0.8515244 2.3622004 2.2148455 1.0697155 1.2427398 2.0312589 2.4054152 2.2411174 0.9504626 2.3374326 2.0554863 1.1987882 2.1050635 1.4983495 0.0000010 0.0000000 0.0000010 0.0000010 0.6322640 0.5678405 0.7674785 0.9349995 0.3302766 0.5292687 0.6283260 0.3085443 0.7087599 0.7127581 0.7127581 0.7127581 0.7127581 0.6808221 0.6808221 0.7959740 0.6759078 0.7257180 0.8439008 0.8791548 0.8123777 2.1598045 1.2794247 0.9149233 2.2948458 2.1583287 2.3994962 2.3010940 2.3923431 2.8370976 2.7258563 0.9693779 2.6412792 1.5294384 2.2798364 2.4469503 2.5601868 2.5345491 3.0911955 5.0633429 2.6258776 1.4232083 1.6822324 2.4801577 2.8074346 1.3545927 1.7266243 1.9666202 2.4285524 2.4499539 2.0146705 2.3117131 2.2623304 2.2687877 2.2689587 2.2804349 2.3025608 2.2850294 2.6263658 3.7953188 3.3579434 0.9884926 2.4940773 4.2849295 
Horcal_Hcv1.av93.c9.g385.i2                         2.2527892 0.8515244 2.3622004 2.2148455 1.0697155 1.2427398 2.0312589 2.4054152 2.2411174 0.9504626 2.3374326 2.0554863 1.1987882 2.1050635 1.4983495 0.0000010 0.0000010 0.0000000 0.0000010 0.6322640 0.5678405 0.7674785 0.9349995 0.3302766 0.5292687 0.6283260 0.3085443 0.7087599 0.7127581 0.7127581 0.7127581 0.7127581 0.6808221 0.6808221 0.7959740 0.6759078 0.7257180 0.8439008 0.8791548 0.8123777 2.1598045 1.2794247 0.9149233 2.2948458 2.1583287 2.3994962 2.3010940 2.3923431 2.8370976 2.7258563 0.9693779 2.6412792 1.5294384 2.2798364 2.4469503 2.5601868 2.5345491 3.0911955 5.0633429 2.6258776 1.4232083 1.6822324 2.4801577 2.8074346 1.3545927 1.7266243 1.9666202 2.4285524 2.4499539 2.0146705 2.3117131 2.2623304 2.2687877 2.2689587 2.2804349 2.3025608 2.2850294 2.6263658 3.7953188 3.3579434 0.9884926 2.4940773 4.2849295 
Pbac_sb2667135                                      0.7259396 0.7259396 0.7379094 0.6786731 0.7755655 0.6422119 0.6511998 0.8812966 0.8812966 0.7708582 0.7441809 0.6635363 0.7780332 0.6551882 0.7028079 0.0000010 0.0000010 0.0000010 0.0000000 0.2874182 0.2874182 0.2874182 0.0000010 0.2874182 0.2874903 0.2874903 0.2250714 0.2250714 0.2545202 0.2545202 0.2545202 0.2545202 0.2270916 0.2270916 0.2010158 0.3239906 0.3239906 0.3239906 0.3323198 0.3506500 0.7966770 0.8425903 0.9149233 0.8592138 0.8528398 0.9201869 0.9071388 0.8112558 1.0193479 0.9887865 0.9693779 0.9460909 1.3216353 1.0034662 1.0850171 0.8182559 0.8229559 1.0634158 1.6504472 1.0102261 1.1268314 1.1268314 1.1375761 1.1857156 1.0845341 1.1244992 1.1244992 1.0187755 0.7431389 0.6881548 0.9074485 0.9254266 0.8935628 0.8935628 0.9826051 1.0093577 0.7816339 1.1483041 3.5391967 1.0277027 0.0000010 1.5475381 0.0000010 
Eupdun_Edun_sb10678907                              2.0124671 0.9405643 2.2224409 2.0742627 1.2099638 1.3268239 1.6269108 2.1192584 1.9126754 1.0339189 1.9746302 1.7626476 1.1186018 1.5639264 1.3997528 0.2290659 0.6322640 0.6322640 0.2874182 0.0000000 0.0000010 0.0170250 0.0282388 0.1010179 0.4990807 0.4990807 0.3958526 0.6577948 0.6380422 0.6380422 0.6380422 0.6380422 0.6201617 0.6201617 0.7232696 0.6516615 0.6799494 0.6799494 0.8069593 0.7712899 1.6464242 1.0982129 0.8645177 1.9513548 1.9559187 1.5837608 1.5702110 1.7580757 1.9955038 2.1420512 0.8390100 2.0030584 1.2555916 1.7118409 1.6845396 1.9098580 1.8921911 2.4351803 5.4961503 2.6154728 1.4547777 1.7496467 2.1521261 2.2761217 1.2632286 1.6114070 1.7610572 1.9415796 2.0798046 1.9490777 2.1624476 2.1172268 2.0869609 2.0847446 2.0216191 2.0380057 1.9119897 2.1411481 3.3114646 2.4123739 1.0825523 1.7840465 5.0725055 
Eupdun_Edun_sb10678920                              1.7023295 0.9405643 1.8803274 1.7947211 1.2099638 1.3268239 1.5429226 2.0852286 1.8751224 1.0339189 1.7162885 1.6603069 1.1186018 1.5007865 1.3997528 0.2290659 0.5678405 0.5678405 0.2874182 0.0000010 0.0000000 0.0000010 0.0000010 0.1010179 0.4841346 0.4841346 0.3958526 0.5854207 0.5402703 0.5402703 0.5402703 0.5402703 0.5314287 0.5314287 0.6093585 0.5655004 0.5551639 0.5551639 0.6651460 0.6703838 1.6464242 1.0982129 0.8645177 1.9513548 1.9559187 1.5837608 1.5702110 1.7580757 1.9955038 1.9877757 0.8390100 1.8455830 1.2555916 1.7118409 1.6845396 1.7009777 1.6901457 2.2487375 4.5571501 2.1973395 1.4547777 1.7496467 2.0961073 1.9072424 1.2632286 1.6114070 1.6114070 1.7785192 1.7856797 1.9432021 1.9149773 1.8787990 1.8722548 1.8700099 1.8086842 1.8243156 1.7617859 2.1411481 3.0845869 2.4123739 0.8402582 1.7840465 4.9383803 
Eupdun_Edun_sb10678908                              2.3380495 0.9405643 2.4850066 2.4743129 1.2099638 1.3268239 2.2435654 2.7367813 2.6221799 1.0339189 2.5508863 2.2941444 1.1186018 2.2581772 1.4711034 0.2290659 0.7674785 0.7674785 0.2874182 0.0170250 0.0000010 0.0000000 0.0101018 0.1010179 0.5347095 0.6347801 0.3958526 0.8955658 0.8347617 0.8347617 0.8347617 0.8347617 0.8076387 0.8076387 0.9474095 0.6712384 0.7284981 0.8427727 1.0231161 0.9316542 2.2840010 1.2027179 0.8645177 2.5477501 2.4674105 2.2711409 2.2806674 2.4762682 2.8444408 2.9541793 0.8390100 2.5685911 1.2555916 2.4896401 2.5108331 2.5893594 2.5611935 3.2579260 5.9513645 3.0351346 1.4547777 1.7496467 2.6974290 2.8011048 1.2632286 1.6114070 1.8193399 2.4855787 2.5590069 2.4337131 2.5858444 2.5247713 2.5259956 2.5239607 2.4427023 2.4548278 2.5704673 2.6407735 4.0107774 3.2810680 1.2859354 2.8431232 5.7928775 
Eupdun_Edun_sb10678923                              3.4478746 0.6215466 3.8553803 3.9286977 1.2425944 2.1981556 3.5685657 3.9581264 4.0267257 1.1998777 3.5822497 4.1104126 2.0271796 3.3284057 2.5855997 0.0510731 0.9349995 0.9349995 0.0000010 0.0282388 0.0000010 0.0101018 0.0000000 0.5900947 0.6942307 0.7413909 0.4883616 0.9515905 1.0246934 1.0246934 1.0246934 1.0246934 1.0176109 1.0176109 1.0176109 0.9470787 1.0310621 1.0287655 1.2219486 1.0693402 3.4877182 1.7493646 0.0000010 4.2970525 4.1853744 3.3590223 3.2218566 3.6264180 5.1361296 4.8371410 0.0000010 4.2975914 2.2074418 3.5002167 3.2674169 3.8700527 3.7721313 5.4129345 8.0379830 5.3031516 1.9808531 5.5642005 3.8742268 4.0687995 1.2760893 2.9748233 3.3761114 3.3183273 4.3382456 3.7972123 3.6995276 3.5814896 3.5586952 3.5535811 3.1429456 3.1429456 3.6470516 4.5243159 4.4268431 3.6411160 1.0728633 1.8788865 4.8947687 
Eupdun_Edun_sb10678935                              1.0767254 0.9405643 1.1254427 1.0414967 1.1184907 1.0026317 0.8873714 1.3031979 1.0811877 0.9564423 1.0888218 0.9656215 0.9103275 1.0523648 0.9750060 0.2290659 0.3302766 0.3302766 0.2874182 0.1010179 0.1010179 0.1010179 0.5900947 0.0000000 0.3970363 0.3970363 0.3281792 0.4424831 0.3360984 0.3360984 0.3360984 0.3360984 0.3434258 0.3434258 0.3675430 0.4007148 0.3976196 0.3976196 0.4510618 0.5195989 1.0676075 0.9846550 0.8645177 1.2060588 1.2217115 1.0280729 1.0212784 1.0821664 1.0719666 1.0963735 0.8390100 1.1360138 1.2330720 1.1285086 1.0754157 0.9865484 0.9964453 1.3952915 4.1966151 1.3850896 1.2548810 1.7496467 1.3718132 1.4149106 1.2075678 1.3289860 1.3289860 1.2757108 1.1223517 1.0830361 1.2470722 1.2281156 1.2520291 1.2542534 1.3167719 1.3351071 1.1726233 1.3068435 2.0947463 1.4189497 0.4097298 1.7840465 3.3759476 
Lampan_Lpan_2665_01                                 1.8712876 0.9450898 2.0722893 1.9537310 1.1856630 1.3703780 1.7435518 1.9769059 1.7740908 1.0018932 1.7720401 1.7108656 1.1552637 1.6014373 1.4506722 0.2488879 0.5292687 0.5292687 0.2874903 0.4990807 0.4841346 0.5347095 0.6942307 0.3970363 0.0000000 0.0148587 0.3466643 0.5588087 0.4461224 0.4461224 0.4461224 0.4461224 0.4201765 0.4201765 0.5114429 0.4718724 0.5068908 0.5068908 0.6650554 0.6344130 1.6499168 1.1812919 0.8950444 1.9161499 1.9319618 1.8515785 1.8200543 1.7073935 1.9635168 2.1047977 1.0195424 2.1456029 1.4725501 1.8675589 1.9549652 1.8195231 1.8287885 2.2982697 4.2867672 2.0646517 1.3723141 1.7133398 2.0332885 2.1818416 1.2239989 1.6937842 1.7310787 1.8583908 2.1302521 1.8066546 2.0180872 1.9910713 1.9673557 1.9651203 1.9223249 1.9386609 1.7477825 2.4220698 3.4505663 2.5916203 0.7264399 1.7704261 4.7844144 
Lampan_Lpan_2666_01                                 2.0447315 0.9450898 2.2197062 2.1308099 1.1856630 1.3703780 1.9460254 2.1139282 1.9304226 1.0018932 1.9816813 1.8360759 1.1552637 1.7271296 1.4506722 0.2488879 0.6283260 0.6283260 0.2874903 0.4990807 0.4841346 0.6347801 0.7413909 0.3970363 0.0148587 0.0000000 0.3466643 0.6411188 0.5292902 0.5292902 0.5292902 0.5292902 0.4974155 0.4974155 0.6146268 0.4718724 0.5418434 0.5806424 0.7392399 0.7313255 1.8188522 1.1812919 0.8950444 2.1146111 2.1314386 2.0517250 2.0113218 1.9172390 2.0338689 2.3238308 1.0195424 2.4134782 1.4725501 2.0342077 2.0576678 1.9597578 1.9760078 2.5062329 4.5658573 2.2132678 1.3723141 1.7133398 2.2396017 2.4401794 1.2239989 1.6937842 1.7986605 2.1398764 2.2674570 2.0091070 2.2077926 2.1801811 2.1769333 2.1747000 2.1003130 2.1107804 1.8051006 2.5434715 3.8381562 2.8422789 0.8996108 2.0429561 5.3628412 
Beraby_Baby_sb348479                                1.1558234 0.8849743 1.2480145 1.1330230 1.0604095 1.1654340 1.1268250 1.4376915 1.2318105 1.0184431 1.1371699 1.1969924 1.2262670 1.2686590 1.1829424 0.2447037 0.3085443 0.3085443 0.2250714 0.3958526 0.3958526 0.3958526 0.4883616 0.3281792 0.3466643 0.3466643 0.0000000 0.0281532 0.2990804 0.2990804 0.2990804 0.2990804 0.2879584 0.2879584 0.3320102 0.3409336 0.3328095 0.3328095 0.3552102 0.3405536 1.0935950 1.0939763 0.8113397 1.2538063 1.2963215 1.1898769 1.1835597 1.1542710 1.4158638 1.3325880 0.9694012 1.4158554 1.3928549 1.3795720 1.3242076 1.2289894 1.2241105 1.7399610 3.6165312 1.4283358 1.3226546 1.8043697 1.5661076 1.6479161 1.3289135 1.5761977 1.5761977 1.4615244 1.2985183 1.1304233 1.4420445 1.4344368 1.4251236 1.4251236 1.4765781 1.4860386 1.2799091 1.4725261 2.2895025 1.3912800 0.3546978 1.6339622 4.4586223 
Beraby_Baby_sb348478                                2.3014912 0.8849743 2.3357709 2.2546722 1.0604095 1.3582753 2.1941886 2.4584911 2.2354350 1.0119080 2.2998382 2.1416971 1.3111786 2.2843887 1.4608514 0.2447037 0.7087599 0.7087599 0.2250714 0.6577948 0.5854207 0.8955658 0.9515905 0.4424831 0.5588087 0.6411188 0.0281532 0.0000000 0.6488063 0.6488063 0.6488063 0.6488063 0.6254953 0.6254953 0.7409923 0.6305795 0.6617854 0.8052942 0.9343585 0.6877564 2.2286750 1.3198781 0.8113397 2.3929415 2.4389194 2.3968753 2.3441589 2.4421103 2.6934563 2.7760956 0.9694012 2.8083923 1.5378253 2.3236455 2.3485566 2.4132830 2.3371980 3.0274320 5.1285917 2.7736844 1.3773382 1.8043697 2.4674479 2.8512495 1.4020598 1.7205419 1.9392521 2.3961143 2.3468241 2.1421126 2.3850146 2.3087059 2.4050522 2.3997908 2.4166758 2.3967800 2.4511889 2.7568516 4.0481030 3.4755227 0.8445458 2.5251188 5.3919338 
Mertsp_Mesp_sb575570                                2.4703240 1.0583468 2.4923786 2.1782353 1.2104649 1.3733356 2.1232074 2.3936174 2.2140310 1.0076612 2.2013381 1.8554859 1.1345971 1.9518115 1.4403615 0.2410760 0.7127581 0.7127581 0.2545202 0.6380422 0.5402703 0.8347617 1.0246934 0.3360984 0.4461224 0.5292902 0.2990804 0.6488063 0.0000000 0.0000010 0.0000010 0.0000010 0.0057383 0.0056816 0.0021385 0.5778954 0.6319041 0.7148619 0.9412332 0.7106412 2.0195552 1.2448758 0.5798794 2.3512422 2.4245106 2.1420948 2.1617432 2.1947688 2.4994612 2.7303923 0.8846990 2.6909628 1.3257196 2.1958088 2.3882602 2.3841755 2.4159428 2.9947897 4.3884361 2.5950114 1.4980458 1.7674229 2.4578204 2.6980082 1.2745893 1.6524516 1.8455235 2.2581852 2.3988873 2.0677856 2.3057697 2.2218899 2.2788681 2.2753334 2.2937356 2.2800603 2.3635866 2.6433869 3.9622512 2.9959890 0.9448726 2.7007562 4.9003005 
Mertsp_Mesp_sb575571                                2.4703240 1.0583468 2.4923786 2.1782353 1.2104649 1.3733356 2.1232074 2.3936174 2.2140310 1.0076612 2.2013381 1.8554859 1.1345971 1.9518115 1.4403615 0.2410760 0.7127581 0.7127581 0.2545202 0.6380422 0.5402703 0.8347617 1.0246934 0.3360984 0.4461224 0.5292902 0.2990804 0.6488063 0.0000010 0.0000000 0.0000010 0.0000010 0.0057383 0.0056816 0.0021385 0.5778954 0.6319041 0.7148619 0.9412332 0.7106412 2.0195552 1.2448758 0.5798794 2.3512422 2.4245106 2.1420948 2.1617432 2.1947688 2.4994612 2.7303923 0.8846990 2.6909628 1.3257196 2.1958088 2.3882602 2.3841755 2.4159428 2.9947897 4.3884361 2.5950114 1.4980458 1.7674229 2.4578204 2.6980082 1.2745893 1.6524516 1.8455235 2.2581852 2.3988873 2.0677856 2.3057697 2.2218899 2.2788681 2.2753334 2.2937356 2.2800603 2.3635866 2.6433869 3.9622512 2.9959890 0.9448726 2.7007562 4.9003005 
Mertsp_Mesp_sb575577                                2.4703240 1.0583468 2.4923786 2.1782353 1.2104649 1.3733356 2.0932945 2.3779845 2.1956815 1.0076612 2.1936854 1.8451608 1.1345971 1.9342671 1.4403615 0.2410760 0.7127581 0.7127581 0.2545202 0.6380422 0.5402703 0.8347617 1.0246934 0.3360984 0.4461224 0.5292902 0.2990804 0.6488063 0.0000010 0.0000010 0.0000000 0.0000010 0.0057383 0.0057383 0.0021626 0.5778954 0.6319041 0.7148619 0.9412332 0.7106412 2.0035047 1.2448758 0.5798794 2.3285736 2.3985090 2.1162164 2.1358855 2.1739830 2.4709461 2.7212869 0.8846990 2.6834437 1.3257196 2.1654556 2.3817099 2.3962640 2.4284717 3.0139028 4.3884361 2.5950114 1.4980458 1.7674229 2.4578204 2.6980082 1.2745893 1.6524516 1.8455235 2.2581852 2.3743251 2.0557309 2.2965252 2.2119467 2.2589165 2.2553540 2.2639058 2.2502524 2.3286564 2.6356814 3.9688928 2.9754899 0.9456926 2.7007562 4.9190937 
Mertsp_Mesp_sb575573                                2.4703240 1.0583468 2.4923786 2.1782353 1.2104649 1.3733356 2.0932945 2.3779845 2.1956815 1.0076612 2.1936854 1.8451608 1.1345971 1.9342671 1.4403615 0.2410760 0.7127581 0.7127581 0.2545202 0.6380422 0.5402703 0.8347617 1.0246934 0.3360984 0.4461224 0.5292902 0.2990804 0.6488063 0.0000010 0.0000010 0.0000010 0.0000000 0.0057383 0.0057383 0.0021626 0.5778954 0.6319041 0.7148619 0.9412332 0.7106412 2.0035047 1.2448758 0.5798794 2.3285736 2.3985090 2.1162164 2.1358855 2.1739830 2.4709461 2.7212869 0.8846990 2.6834437 1.3257196 2.1654556 2.3817099 2.3962640 2.4284717 3.0139028 4.3884361 2.5950114 1.4980458 1.7674229 2.4578204 2.6980082 1.2745893 1.6524516 1.8455235 2.2581852 2.3743251 2.0557309 2.2965252 2.2119467 2.2589165 2.2553540 2.2639058 2.2502524 2.3286564 2.6356814 3.9688928 2.9754899 0.9456926 2.7007562 4.9190937 
Bolinf_Binf_sb1268397                               2.3805719 1.0515352 2.4150059 2.1323404 1.2030535 1.3733356 1.9898025 2.2817997 2.1054268 0.9866970 2.1429905 1.8313085 1.1892754 1.8920441 1.3994279 0.2410760 0.6808221 0.6808221 0.2270916 0.6201617 0.5314287 0.8076387 1.0176109 0.3434258 0.4201765 0.4974155 0.2879584 0.6254953 0.0057383 0.0057383 0.0057383 0.0057383 0.0000000 0.0000010 0.0000010 0.5644104 0.6160486 0.6952804 0.8914100 0.7250877 1.9385733 1.2193789 0.7468339 2.2369898 2.2843590 2.0504144 2.0674351 2.0807162 2.3216856 2.6118957 0.8934786 2.5641132 1.2590859 2.0755538 2.2661980 2.3311737 2.3573367 2.8996376 4.3254832 2.4704347 1.4820654 1.7039773 2.3930015 2.5843226 1.2745893 1.6095413 1.7842193 2.2118740 2.3104174 1.9867566 2.2543631 2.1754655 2.2191405 2.2157948 2.2264976 2.2290640 2.2641648 2.5308674 3.9688928 2.9754899 0.9569042 2.7007562 4.9190937 
Bolinf_Binf_sb1268398                               2.3805719 1.0515352 2.4150059 2.1323404 1.2030535 1.3733356 2.0179071 2.2968234 2.1228533 0.9866970 2.1506096 1.8411008 1.1892754 1.9087151 1.3994279 0.2410760 0.6808221 0.6808221 0.2270916 0.6201617 0.5314287 0.8076387 1.0176109 0.3434258 0.4201765 0.4974155 0.2879584 0.6254953 0.0056816 0.0056816 0.0057383 0.0057383 0.0000010 0.0000000 0.0000010 0.5644104 0.6160486 0.6952804 0.8914100 0.7250877 1.9540591 1.2193789 0.7468339 2.2586315 2.3090011 2.0748953 2.0918965 2.1006441 2.3488699 2.6213109 0.8934786 2.5720972 1.2590859 2.1039601 2.2735258 2.3206720 2.3464998 2.8833997 4.3254832 2.4704347 1.4820654 1.7039773 2.3930015 2.5843226 1.2745893 1.6095413 1.7842193 2.2118740 2.3338071 1.9984558 2.2634439 2.1851535 2.2381746 2.2348537 2.2546782 2.2572849 2.2968181 2.5387981 3.9622512 2.9959890 0.9560029 2.7007562 4.9003005 
Bolinf_Binf_sb1268396                               3.0600788 1.3035212 3.0187523 2.6220964 1.5393242 1.7475054 2.7220159 3.1099316 2.9544022 1.3207353 2.8800149 2.4310812 1.5477045 2.5860643 1.9969641 0.2410760 0.7959740 0.7959740 0.2010158 0.7232696 0.6093585 0.9474095 1.0176109 0.3675430 0.5114429 0.6146268 0.3320102 0.7409923 0.0021385 0.0021385 0.0021626 0.0021626 0.0000010 0.0000010 0.0000000 0.6508201 0.7079492 0.7991217 1.0589638 0.7637680 2.5132025 1.6141223 0.0000010 3.0004289 3.0482834 2.6614987 2.6890084 2.8613823 3.4684870 3.3903724 0.9604001 3.3497826 2.9001540 2.7627744 2.9892148 3.0000909 3.0451944 3.7981953 4.8809353 3.0170476 1.7174447 2.4622106 3.0167278 3.2801497 1.5417524 2.0732267 2.3480782 2.7859740 3.1551620 2.5973276 2.8872401 2.7648609 2.8662798 2.8615371 2.8038771 2.7842894 3.0152682 3.2757607 3.8437956 2.9959890 0.9560029 3.4820341 4.9003005 
Coemet_Cmet_C599113_01                              1.9783492 0.9694146 1.9666741 1.9441124 1.1440788 1.3075086 1.7552987 1.9111801 1.7415813 1.0100681 1.8325925 1.6536377 1.1724742 1.5838557 1.4636429 0.2463119 0.6759078 0.6759078 0.3239906 0.6516615 0.5655004 0.6712384 0.9470787 0.4007148 0.4718724 0.4718724 0.3409336 0.6305795 0.5778954 0.5778954 0.5778954 0.5778954 0.5644104 0.5644104 0.6508201 0.0000000 0.0341125 0.0386516 0.3561093 0.6981382 1.5788504 1.0316252 0.8343477 1.9418072 1.8893341 1.7514096 1.6825123 1.7134240 2.0357286 2.0447791 0.9204392 2.1399264 1.2590610 1.7874866 1.7753514 1.9668429 1.9877252 2.3562548 4.4809436 2.2493006 1.4802934 1.7432258 2.0099975 2.1073865 1.2899097 1.7191191 1.8224526 1.8223102 1.8977535 1.6973221 1.9932882 1.9844557 1.9368997 1.9365468 1.9612960 1.9453118 1.8837040 2.1180866 3.3685327 2.4937241 0.8706369 1.8977377 4.4061245 
Coeast_Cast_sb803065                                2.2185358 0.9715096 2.2579548 2.1006357 1.1628502 1.3497639 1.9689417 2.1058727 1.9267643 1.0146588 2.0617873 1.7515194 1.1541114 1.8741014 1.4424179 0.2356936 0.7257180 0.7257180 0.3239906 0.6799494 0.5551639 0.7284981 1.0310621 0.3976196 0.5068908 0.5418434 0.3328095 0.6617854 0.6319041 0.6319041 0.6319041 0.6319041 0.6160486 0.6160486 0.7079492 0.0341125 0.0000000 0.0147151 0.3962462 0.7242835 1.7474066 1.1029130 0.8343477 2.0261498 1.9905943 1.9208587 1.8809196 1.9457376 2.2605679 2.2932043 0.9204392 2.3315967 1.2590610 1.9675025 2.0115487 2.1338808 2.1576940 2.6458537 4.8523759 2.4525767 1.4640136 1.7147537 2.2220299 2.2721378 1.2455658 1.7191393 1.8594886 2.1396615 2.2730663 1.8168614 2.0954545 2.0808299 2.0312179 2.0301220 2.0685237 2.0522801 2.0324136 2.1712367 3.6585152 2.8810739 0.9927280 1.8583312 4.1242929 
Coeast_Cast_sb803064                                2.5066246 0.9715096 2.4649994 2.3081364 1.1628502 1.3497639 2.1465670 2.3352422 2.1948551 1.0146588 2.4095383 2.0139221 1.1541114 2.1810429 1.5099256 0.2356936 0.8439008 0.8439008 0.3239906 0.6799494 0.5551639 0.8427727 1.0287655 0.3976196 0.5068908 0.5806424 0.3328095 0.8052942 0.7148619 0.7148619 0.7148619 0.7148619 0.6952804 0.6952804 0.7991217 0.0386516 0.0147151 0.0000000 0.4733226 0.8526502 2.0716907 1.1600812 0.8343477 2.3578127 2.2874776 2.2706160 2.2187047 2.2011238 2.6380958 2.6535738 0.9204392 2.6804084 1.2590610 2.1993929 2.3795889 2.4372506 2.4646920 2.9895250 5.0786512 2.6622308 1.4640136 1.7147537 2.5486129 2.5643348 1.2455658 1.7191393 1.8775106 2.3881170 2.4445488 2.0549595 2.3057149 2.2732026 2.2354764 2.2344340 2.2893767 2.2732753 2.3520814 2.3321255 4.1308663 3.2348944 1.1833499 2.7487194 4.8847624 
Vmul_Simscaffold7061_01                             2.5287519 0.9396718 2.4905549 2.2117138 1.1509532 1.2825719 2.4094795 2.5584150 2.4801734 0.9995097 2.5427675 2.3436778 1.2775001 2.2028319 1.6444463 0.2014386 0.8791548 0.8791548 0.3323198 0.8069593 0.6651460 1.0231161 1.2219486 0.4510618 0.6650554 0.7392399 0.3552102 0.9343585 0.9412332 0.9412332 0.9412332 0.9412332 0.8914100 0.8914100 1.0589638 0.3561093 0.3962462 0.4733226 0.0000000 0.9905635 2.0162004 1.1353874 0.8666585 2.5032864 2.5016805 2.3172314 2.3589253 2.3288167 2.5794324 2.5661496 0.9477154 2.6058724 1.4118902 2.4230580 2.5144440 2.5784977 2.5916235 2.9800044 5.5148041 2.8164142 1.5136526 1.8435899 2.7662535 2.7428927 1.3783338 1.6650353 1.8051951 2.5225703 2.7092499 2.3023446 2.4798616 2.4648584 2.4486621 2.4467685 2.4080386 2.4024952 2.4142564 2.6207011 4.0007188 3.0391415 1.3795209 2.8135069 4.6693062 
Drygla_Dgla_sb308832                                2.7184162 1.0388463 2.6627058 2.5785554 1.2953335 1.5685189 2.3945221 2.8457328 2.6210554 1.1410730 2.5792463 2.5447062 1.3301739 2.3790804 1.6555917 0.2390170 0.8123777 0.8123777 0.3506500 0.7712899 0.6703838 0.9316542 1.0693402 0.5195989 0.6344130 0.7313255 0.3405536 0.6877564 0.7106412 0.7106412 0.7106412 0.7106412 0.7250877 0.7250877 0.7637680 0.6981382 0.7242835 0.8526502 0.9905635 0.0000000 2.4058673 1.3324981 1.4823232 2.8050718 2.8550231 2.6741690 2.5459202 2.6122757 3.2867844 3.0226370 0.9183939 2.8664338 1.7432463 2.4373392 2.7115562 2.6156870 2.6377005 3.3119960 4.6486750 3.0319007 1.6888516 2.1808963 2.7840852 2.9724652 1.4872617 2.0152011 2.3012024 2.8147594 2.5951989 2.5032157 2.6304287 2.5569490 2.6181514 2.6186515 2.4978525 2.4828478 2.5739512 3.3375911 3.6424042 3.2719186 1.0305094 2.3557421 4.5683809 
Fspp_ffun1.m4.22814.m1                              1.8467010 0.9058093 1.9756752 1.9811188 0.9099993 1.2460039 1.6120905 1.9162203 1.8794730 0.9652431 1.8302706 2.0220451 1.0960777 2.0295320 1.3999039 1.1174714 2.1598045 2.1598045 0.7966770 1.6464242 1.6464242 2.2840010 3.4877182 1.0676075 1.6499168 1.8188522 1.0935950 2.2286750 2.0195552 2.0195552 2.0035047 2.0035047 1.9385733 1.9540591 2.5132025 1.5788504 1.7474066 2.0716907 2.0162004 2.4058673 0.0000000 0.2553287 0.3305471 0.9435812 0.9381041 0.4286494 0.4057840 0.2721653 0.6046248 2.0452126 0.6550836 1.7169082 1.2029446 1.3484849 1.5977939 1.9397139 1.9274778 2.2972647 3.5559776 2.0611143 1.2481567 1.4147674 1.8394582 2.0215477 1.1063224 1.3532796 1.3602725 1.6810376 1.8403563 1.7881328 1.8398155 1.8051309 1.7978136 1.8045972 1.9444456 1.9372009 1.9156826 2.2278614 2.3766050 0.5857150 3.5266854 1.9264315 3.5568321 
Adig_XM_015923332.1                                 1.1830369 0.9104503 1.2078788 1.1676265 0.9340195 1.0086419 0.8766576 1.1161284 1.1492470 1.0447090 1.1489078 1.0395271 1.0464136 1.2342420 1.0052767 1.2525317 1.2794247 1.2794247 0.8425903 1.0982129 1.0982129 1.2027179 1.7493646 0.9846550 1.1812919 1.1812919 1.0939763 1.3198781 1.2448758 1.2448758 1.2448758 1.2448758 1.2193789 1.2193789 1.6141223 1.0316252 1.1029130 1.1600812 1.1353874 1.3324981 0.2553287 0.0000000 0.3469402 0.5621290 0.6445047 0.3387401 0.3597774 0.2727760 0.2656389 1.1938639 0.7043769 0.9999932 1.0850999 0.9767383 1.1278020 1.2501645 1.2587895 1.3478737 4.4604983 1.6251606 1.2683566 1.6425419 1.3669419 1.4501814 1.1073203 1.2193205 1.1825328 1.2746633 1.1270624 1.2255826 0.9925897 0.9927897 0.9927004 0.9927004 1.0053588 0.9931425 1.1140768 1.2343687 1.8207358 0.3519402 2.0363768 1.4410263 2.2738659 
Nvec_v1g114391                                      0.7255573 0.7255573 0.7452418 0.6907112 0.7189165 0.7167019 0.6492015 0.7173866 0.7173866 0.6345779 0.7986013 0.7621378 0.8987926 0.7224207 0.8956900 0.0000010 0.9149233 0.9149233 0.9149233 0.8645177 0.8645177 0.8645177 0.0000010 0.8645177 0.8950444 0.8950444 0.8113397 0.8113397 0.5798794 0.5798794 0.5798794 0.5798794 0.7468339 0.7468339 0.0000010 0.8343477 0.8343477 0.8343477 0.8666585 1.4823232 0.3305471 0.3469402 0.0000000 0.0476628 0.1655818 0.3217517 0.3110439 0.2953327 0.3685133 0.5639247 0.7576449 0.6687280 0.6074584 0.6106586 0.6406973 0.7190130 0.7247745 0.9805593 1.6789202 0.7705501 0.7747046 0.7747046 0.7566953 0.6728931 0.5448839 0.9599832 0.8343825 0.5902895 0.7541462 0.6769688 0.9175260 0.9175260 0.9629630 0.9629630 0.9933420 0.9898269 0.7546202 1.0720462 5.9408884 0.0000010 0.0000010 1.1448364 0.0000010 
Nvec_v1g170634                                      1.8785578 0.9097318 2.0078319 2.0727146 0.9886754 1.4152307 1.6718088 1.9686427 1.8752650 0.9128885 1.9539459 1.9497576 1.2115567 2.1275947 1.5709293 1.2343434 2.2948458 2.2948458 0.8592138 1.9513548 1.9513548 2.5477501 4.2970525 1.2060588 1.9161499 2.1146111 1.2538063 2.3929415 2.3512422 2.3512422 2.3285736 2.3285736 2.2369898 2.2586315 3.0004289 1.9418072 2.0261498 2.3578127 2.5032864 2.8050718 0.9435812 0.5621290 0.0476628 0.0000000 0.7024663 0.9816517 0.9878460 1.0120964 1.1089038 2.0178663 0.7863884 1.8845272 1.1489421 1.3736818 1.4987107 2.0534247 2.0528425 2.7011613 4.7816098 2.3672624 1.3461749 1.5773553 2.0160805 2.2263966 1.2475416 1.5282511 1.5427263 1.9804428 1.9404508 1.8542925 1.9161249 1.9108311 1.8359463 1.8546044 2.0644415 2.0401146 1.8986991 2.3924970 2.6809992 1.3895995 4.7763166 2.0668113 4.0798424 
Exapal_XM_021037023.2                               2.0267926 1.0340755 2.0469842 2.0916828 1.0904994 1.4409478 1.6324411 2.0867565 1.9690595 1.0412689 1.8414333 1.9418224 1.2381534 2.1925012 1.5200764 1.2965829 2.1583287 2.1583287 0.8528398 1.9559187 1.9559187 2.4674105 4.1853744 1.2217115 1.9319618 2.1314386 1.2963215 2.4389194 2.4245106 2.4245106 2.3985090 2.3985090 2.2843590 2.3090011 3.0482834 1.8893341 1.9905943 2.2874776 2.5016805 2.8550231 0.9381041 0.6445047 0.1655818 0.7024663 0.0000000 1.0323166 0.9994604 1.0438280 1.2766717 2.0009454 0.7839734 2.1362262 1.1543080 1.6137560 1.7399284 2.0387993 2.0289186 2.4382176 4.4337734 2.2582583 1.3185330 1.6008088 2.1044911 2.0578201 1.2852127 1.5134383 1.5491944 1.9110597 1.9227487 1.7959745 1.9619311 1.9741706 1.9813708 1.9864918 2.1556932 2.1440842 1.8470231 2.3240017 2.7922528 1.3732719 4.2608144 2.2220556 4.0607225 
