124
Eupdun_Edun_sb10599938                                   0.0000000 6.5196641 3.8076364 2.3356654 2.8011354 2.8613481 2.8530530 2.5922939 2.6587052 2.7350621 2.7393787 8.9999989 6.7195474 0.0000010 4.0103979 3.3148588 2.1866345 6.0806505 3.6452181 2.6007146 0.0000010 2.1585353 5.3668259 3.1564022 2.7803326 4.8344612 2.3426790 2.3134120 2.8708255 2.2041345 2.2143927 2.4234575 3.4635009 3.0616610 2.2817601 3.5209139 3.1436019 4.4022594 4.4022594 2.7551739 3.3021300 5.6017678 2.8787247 3.1385624 3.2186094 3.0537961 2.6094823 2.8891383 1.9747248 2.4755551 0.0000010 2.6100737 3.0902391 8.9999984 2.3930095 3.0989352 2.8226711 2.8240430 0.0000010 2.5370519 2.2907642 2.4967527 2.7246073 2.0782060 3.6825839 3.6530551 4.1247580 4.3747913 8.9999983 0.5409180 5.0278822 2.5510415 1.1851684 1.1901853 0.0000010 2.3401633 4.8919813 0.0000010 6.1780814 2.6298268 1.6340281 6.2479384 0.5409180 0.5409180 1.2540631 0.7219919 0.6630422 2.7326197 0.0000010 1.3474260 5.5716091 4.2983151 4.7988796 5.4707900 5.4937455 9.0000000 2.6764110 0.0000010 5.9508896 0.0000010 5.6028480 3.8041546 2.8985246 3.1395922 0.0000010 4.0319325 2.5745376 1.5573606 1.8455712 1.5227388 3.9518025 2.3270124 2.9164407 4.6763190 3.6570282 3.4582326 1.3516785 3.2622710 1.0846843 4.1451980 2.9163565 4.1356993 4.3011357 3.6184754 
Eupdun_Edun_sb10612109                                   6.5196641 0.0000000 3.7740858 3.0664078 2.7801930 2.7699891 2.7699891 2.7757190 2.8545927 0.0000010 2.9638153 9.0000000 9.0000000 0.0000010 2.9108093 3.2726026 3.2869030 3.1238087 3.2029951 1.8983043 1.8983043 2.9204953 2.6774017 4.6260926 3.3718592 2.4540708 1.6820915 1.6820915 3.0937873 1.7425457 1.7425457 1.6820915 2.4953892 3.7118472 2.9435390 2.7614916 3.3797823 0.0000010 4.6099963 3.0224010 0.0000010 5.9076777 3.5505806 3.0848085 0.9052674 2.9902969 2.8401483 2.8238196 2.9818647 0.0000010 0.0000010 0.0000010 2.3192592 5.7814511 3.4016213 3.4397431 3.0993983 2.9005023 0.0000010 3.0312487 1.8135766 3.0343654 1.9782343 3.1188977 3.7407355 3.7537527 4.4179212 3.8774502 0.0000010 0.0000010 0.0000010 2.7229362 1.5891351 2.9970303 2.2838508 2.2208259 3.5371140 1.6507564 3.2425703 2.4210022 1.9866301 3.5926072 0.0000010 0.0000010 0.0000010 0.0000010 0.0000010 0.0000010 0.0000010 0.0000010 3.7052034 2.4296229 3.1431058 4.2084261 4.4788950 1.6941708 3.5747556 3.2004926 3.8690320 0.0000010 4.6554540 2.7923138 3.4553337 3.4665049 0.0000010 2.9016350 1.9540013 0.0000010 0.0000010 0.0000010 2.4245803 2.9635589 3.5971263 6.1428097 3.1829393 3.8420064 3.8266776 4.0175063 4.8515507 2.5759827 2.4081125 3.5793612 3.2301851 3.3360980 
Hvul_g29573_1                                            3.8076364 3.7740858 0.0000000 2.8051645 2.7198687 2.7516149 2.7509733 2.7459246 2.7079095 2.6814536 2.9123693 3.2206581 3.3105140 2.5623935 2.7580109 3.5684183 2.0938029 2.1586965 3.4925648 3.8237796 4.1257011 2.1407606 3.9489556 2.9779412 2.2983436 2.1208875 2.2027133 2.1199903 2.3878193 2.1225836 2.1017443 2.1099358 1.7874993 2.6587737 2.4062340 2.2031604 2.6387000 3.1081825 3.1341360 2.3829154 2.1885525 3.4476791 2.7333731 2.4995619 2.2357845 2.6086347 2.5863595 2.5993596 2.7374731 2.8141066 2.8523193 4.1909615 2.4143913 2.9337769 2.6618062 2.7195034 2.8185943 3.0669755 2.6320920 2.3376587 2.2250115 2.2805311 2.1420024 2.4946340 3.2699609 3.1591432 4.5218268 4.7857373 4.3374205 2.6843151 2.9505592 3.2959310 3.0296346 3.2055029 2.9011697 3.3795225 3.3404917 4.7637815 3.6027284 3.3926457 3.4165215 3.4039744 3.3135076 3.1879303 3.3054213 4.5943272 2.5833432 2.6832128 3.8011175 4.3678199 3.0386498 3.5916290 3.4537495 3.2560057 3.3826419 3.3711939 3.4665554 4.5714857 3.6405976 2.9338658 3.0412283 2.9708502 3.1284496 3.1956328 3.3439256 2.4471194 2.5710334 2.9553152 3.0527242 3.3469167 1.8160311 2.0798901 2.7077381 2.5501240 2.8556888 3.2063521 2.8286899 2.1239068 3.4894333 4.8754336 3.0836994 3.7507229 2.1578662 3.3266960 
HoiH06_mRNA2931                                          2.3356654 3.0664078 2.8051645 0.0000000 0.0265642 0.0632529 0.0632798 0.0925819 0.1591825 0.1855283 0.1574596 0.4186860 0.4411494 0.2433048 2.7808724 2.6179983 2.1162224 0.0000010 2.7899908 2.6343976 2.6377642 2.0981762 2.2038749 2.7153107 1.4281792 2.6341588 1.2641667 1.2145213 1.4052618 1.2070376 1.1904841 1.2487305 1.4524314 1.7568438 2.0546962 1.9030852 1.7427530 1.7847513 1.7479398 1.5114477 1.2460395 2.0854898 1.8109814 1.6545086 1.4651854 1.4292410 1.4884372 1.5557434 2.1232029 1.9766534 1.9433856 1.7714069 2.0682871 2.1207471 1.7639980 1.5241281 1.6673466 2.1893401 1.7646750 1.7981725 1.5468799 1.8705685 1.4598864 1.6437735 2.4065747 2.3707782 0.7942040 3.8803208 1.9570641 2.2511039 2.6550825 2.7107199 2.5330750 2.4221968 2.4380061 2.7606019 3.2628094 4.3155426 0.0000010 2.8060765 2.8148913 0.0000010 2.6211597 2.6432312 2.5098631 3.3867725 2.1919274 3.0119183 2.9492981 2.5859164 3.3143054 3.1555041 2.7114558 2.7455286 2.9938423 2.6891504 3.0451279 3.5046921 3.4325750 2.4716889 3.2435685 2.0706892 2.6571122 2.7750056 2.6606753 2.1371697 1.7891388 2.9287145 3.5312783 3.3016509 2.1886983 2.7278578 2.2280766 2.7609619 2.2213197 2.3609170 2.5677195 2.4136803 2.6550223 3.9291858 2.5521793 3.7464696 2.6290636 2.9260593 
HoiH23_PlH23_005964-RA                                   2.8011354 2.7801930 2.7198687 0.0265642 0.0000000 0.0636920 0.0641791 0.0953823 0.1627421 0.1705656 0.1667905 0.4555122 0.5472350 0.2441339 1.8475979 2.5450584 2.0572029 1.2864107 2.5757978 2.6935172 2.7017349 1.9742775 2.0903130 2.7391159 1.4108605 1.6031916 1.2388591 1.1611900 1.3681966 1.1785434 1.1605686 1.2323075 1.3775542 1.6956382 1.9907649 1.6345953 1.6579134 1.8863599 1.7208632 1.4763380 1.2172178 1.6784330 1.7007745 1.6443045 1.4318094 1.4478131 1.4991756 1.5613064 2.1508912 1.9611587 1.9782568 1.7745926 1.9788402 2.1542868 1.8078054 1.5220793 1.6902158 2.1686793 1.7536555 1.8084482 1.5726661 1.8308000 1.4934972 1.6768964 2.3509648 2.3108656 3.8368869 3.7404530 2.1328585 2.2484872 2.6296171 2.7844646 2.4694688 2.3465394 2.3343417 2.7491220 2.8945292 4.3770823 2.8041204 2.8438597 2.8189259 3.3909906 2.6093460 2.6353604 2.5255052 3.4538521 2.1908273 3.0756146 2.9648477 2.4686268 2.7891848 3.2136560 3.1754534 2.9731318 3.1677914 3.0127719 2.9939607 3.6720805 3.3912871 2.6147038 3.0123775 2.0880809 2.5938785 2.7374305 2.6629853 2.0949188 1.7780981 2.8830885 3.3121088 3.2121162 1.8204197 2.3183593 2.2195742 2.7034022 2.1569619 2.3308259 2.5090869 2.3708451 2.6541508 3.8445863 2.6173091 3.5691797 2.7881724 2.9212215 
HoiH04_mRNA3858                                          2.8613481 2.7699891 2.7516149 0.0632529 0.0636920 0.0000000 0.0021385 0.0994607 0.1707251 0.1901343 0.1653453 0.4864445 0.5750490 0.2733795 1.8308646 2.5488003 2.1488335 1.3525882 2.5993475 2.6949164 2.7440719 2.1628759 2.0283362 2.7704412 1.4135957 1.5341284 1.2388852 1.1390262 1.3768052 1.1714915 1.1576833 1.2128450 1.3898904 1.7162172 2.1009365 1.6225400 1.6722462 1.8945027 1.7448850 1.4717931 1.2344150 1.6730461 1.7270399 1.6615655 1.4341192 1.4562010 1.4975186 1.5775479 2.1400827 1.9888014 1.9941504 1.6997402 1.9457493 2.1755635 1.8703872 1.5322249 1.6968222 2.1977791 1.7672101 1.8217977 1.5833715 1.8470343 1.4900645 1.6891383 2.3341025 2.2922097 3.9114976 3.7895074 2.1931409 2.2364839 2.6663942 2.7611625 2.4504411 2.3222201 2.2990260 2.7610923 2.9865900 4.2547761 2.8325931 2.8457264 2.8039111 3.6281797 2.5172545 2.5406601 2.4918419 3.3252488 2.1982977 3.1606642 2.8644670 2.4974113 2.9312072 3.1984719 3.1912246 3.0453858 3.2525146 3.3335143 2.9893336 3.6277295 3.3500694 2.9693330 3.1017085 2.1076735 2.6297117 2.7669803 2.5499423 2.0800387 1.8114780 2.8897371 3.4163064 3.1510859 1.7923440 2.2999208 2.2204448 2.7698035 2.1546645 2.2918153 2.5328552 2.3565458 2.6743855 3.9051627 2.6708994 3.5238533 2.7554489 2.8721798 
Hhon_g08298.t1                                           2.8530530 2.7699891 2.7509733 0.0632798 0.0641791 0.0021385 0.0000000 0.0999815 0.1705040 0.1868972 0.1658378 0.4864445 0.5750490 0.2733795 1.8308646 2.5377125 2.1488335 1.3525882 2.6000746 2.7031879 2.7520597 2.1628759 2.0283362 2.7704412 1.4132506 1.5161769 1.2399513 1.1412165 1.3767205 1.1704013 1.1610911 1.2101109 1.3897342 1.7165623 2.1063134 1.6208174 1.6712854 1.8945027 1.7448850 1.4727787 1.2304313 1.6730461 1.7297522 1.6628221 1.4354900 1.4536668 1.4948957 1.5780940 2.1595694 1.9976875 2.0260053 1.7301633 1.9925892 2.1755635 1.8703872 1.5304980 1.6958206 2.1959229 1.7672101 1.8207682 1.5821060 1.8493484 1.4899651 1.6891592 2.3393058 2.2959916 3.8924368 3.7847843 2.1695355 2.2364839 2.6663942 2.7597527 2.4380237 2.2991733 2.2689150 2.7656873 2.9917110 4.2547761 2.8250382 2.8467744 2.8059410 3.6164393 2.5172545 2.5406601 2.4965098 3.3252488 2.1982977 3.1606642 2.8644670 2.4901897 2.9262153 3.1970907 3.1848731 3.0490239 3.2573230 3.3335143 2.9912601 3.6277295 3.3497109 2.9693330 3.0912230 2.1055494 2.6270132 2.7640421 2.5499423 2.0752699 1.8067999 2.8897371 3.4163064 3.1510859 1.7792206 2.3038855 2.2200087 2.7698035 2.1569739 2.2880717 2.5380701 2.3562980 2.6598118 3.9051627 2.6708994 3.5214373 2.7444113 2.8660592 
HoiH11_mRNA2130                                          2.5922939 2.7757190 2.7459246 0.0925819 0.0953823 0.0994607 0.0999815 0.0000000 0.1709957 0.2116568 0.1639872 0.4641142 0.5537436 0.2870926 1.7829081 2.4992066 2.2750381 1.3173600 2.5687744 2.7705220 2.7849767 2.1066718 2.1037648 2.6492890 1.4254572 1.6129035 1.2603648 1.1708782 1.3712925 1.1856408 1.1744455 1.2196966 1.4304672 1.7038422 2.0435661 1.6334234 1.6662467 1.9252384 1.7575005 1.4805553 1.2223444 1.7792179 1.7448237 1.6272840 1.4147394 1.4313716 1.4796524 1.5489375 2.0236782 1.9853441 1.9351181 1.7731927 1.9771357 2.2536246 1.8532378 1.5188303 1.6871927 2.1852359 1.7598899 1.8295750 1.5876086 1.8506477 1.5009856 1.6733839 2.3262309 2.2997449 3.5388467 3.7908586 2.2156591 2.1968808 2.5954709 2.7393116 2.4472177 2.3421494 2.3866369 2.7024222 2.8634238 4.2766543 2.6576703 2.8514473 2.8198669 3.3913943 2.5197151 2.5240816 2.5328208 3.3331846 2.1519030 2.7599023 2.9667359 2.5351634 2.6912914 3.1482290 3.0559243 2.9761719 3.1615033 2.9781659 3.0056162 3.6394014 3.3199006 2.8749266 2.9351003 2.1306492 2.6054796 2.7483688 2.6285424 1.9958242 1.8202740 2.8937201 3.5010809 3.2281911 1.7078344 2.2545780 2.2319072 2.6516129 2.1178143 2.2856204 2.5338010 2.3334385 2.6900413 3.9176271 2.6878905 3.5994507 2.7093480 2.9121006 
TrH2_TrispH2_005043-RA                                   2.6587052 2.8545927 2.7079095 0.1591825 0.1627421 0.1707251 0.1705040 0.1709957 0.0000000 0.0109275 0.0046348 0.2445463 0.3624846 0.0665220 1.9037167 2.6057315 2.2204497 1.3811623 2.5319268 2.7925433 2.8473803 2.0445887 1.9313790 2.7236967 1.3906310 1.6032715 1.2604548 1.1626959 1.3460540 1.1820610 1.1600670 1.2264913 1.3664492 1.6442295 1.9349640 1.5615138 1.6154581 1.7764847 1.6581071 1.4555312 1.2400286 1.6629049 1.6684594 1.6257185 1.4375984 1.4071375 1.4630767 1.5260924 1.9774545 1.9616416 1.9018379 1.8076545 1.8678517 2.1211013 1.8370421 1.4893544 1.6746730 2.2055640 1.7844259 1.8007694 1.5930555 1.8099272 1.4976140 1.6935869 2.3642290 2.3194577 3.5082056 3.7954400 2.1937256 2.3647111 2.5727503 2.7610895 2.4627602 2.3943291 2.2557741 2.7568735 2.9229088 4.3926356 2.7444618 2.8732893 2.8612865 3.3944303 2.6108040 2.6105669 2.4812517 3.2812397 2.2526664 3.0811086 2.8428729 2.6519346 2.7773146 3.2333148 3.1224380 2.9706454 3.0938900 3.2193967 3.0900772 3.5937270 3.3484739 2.8682846 3.0645452 2.0839541 2.5746090 2.7501275 2.7694726 2.1042087 1.7876075 2.7537934 3.4304721 3.2087676 1.7262339 2.2222688 2.1586409 2.5881814 2.1063112 2.2844092 2.4041058 2.2810437 2.7261255 3.8842326 2.5949751 3.3747791 2.7408202 2.7613687 
Tadh_TriadT60791                                         2.7350621 0.0000010 2.6814536 0.1855283 0.1705656 0.1901343 0.1868972 0.2116568 0.0109275 0.0000000 0.4081123 1.5990912 1.5990912 0.0000010 0.0000010 2.4313270 0.0000010 0.0000010 1.3696599 1.3696599 1.3696599 0.0000010 0.0000010 2.3700513 1.4574789 0.0000010 1.3887465 1.6433048 1.3614524 1.3367526 1.3122236 1.3317197 0.0000010 0.0000010 0.0000010 0.0000010 0.0000010 0.0000010 0.0000010 1.3604833 1.5556394 0.0000010 3.7978017 1.4785478 1.5306338 1.4937662 1.5281665 1.4980050 3.2034373 1.8859695 0.0000010 1.8076545 1.8367632 1.9875584 1.2437697 1.5783649 1.4756829 2.1175022 0.0000010 1.7888374 1.7732924 1.8105842 1.7135888 1.8376205 2.6676685 2.6118156 2.7821463 3.9041997 1.9190265 1.4898236 2.5398718 2.6440027 2.5495278 2.5522376 9.0000000 2.5622598 9.0000000 0.0000010 9.0000000 2.4560424 2.4525465 9.0000000 0.0000010 0.0000010 2.6144110 0.0000010 1.5389058 3.1419872 0.0000010 2.6036177 0.0000010 9.0000000 9.0000000 9.0000000 9.0000000 0.0000010 2.9387927 0.0000010 9.0000000 0.0000010 9.0000000 1.9343077 2.2516026 2.3312860 0.0000010 7.5500326 1.6723560 2.9798093 3.6675370 3.3782578 9.0000000 9.0000000 2.1146931 0.0000010 2.8483469 9.0000000 6.0364378 2.8625321 1.3153165 0.0000010 0.9034213 2.6505127 9.0000000 9.0000000 
Tadh_TriadT60790                                         2.7393787 2.9638153 2.9123693 0.1574596 0.1667905 0.1653453 0.1658378 0.1639872 0.0046348 0.4081123 0.0000000 1.4717219 1.6337313 0.0000010 1.8399963 2.6537222 2.2204497 1.3811623 2.5160117 2.2186739 2.3424667 2.0445887 2.0462993 2.7277692 1.5594119 1.5979759 1.4329186 1.2122863 1.5238375 1.2831186 1.2284572 1.2177317 1.3925711 1.6585079 1.9178493 1.5676318 1.6427977 1.7860058 1.7054812 1.6736773 1.3384791 1.7788022 1.6476354 1.8801931 2.2091391 1.5472343 1.5907795 1.7722230 1.9399363 1.9615157 1.9034522 2.9860841 1.8923066 2.0339110 2.0215295 1.6737782 1.8531111 2.2741689 0.0000010 2.0053381 1.6407665 2.0250651 1.5312824 1.7997175 2.2192518 2.2952927 3.5210580 3.7448885 2.6627169 0.0000010 0.9568575 2.9589542 2.1903828 2.2805987 2.2062600 3.0103734 2.8697949 4.2461852 2.5944615 3.2074413 3.2959773 3.1882269 0.0000010 0.0000010 2.1687424 0.0000010 0.0000010 0.0000010 0.0000010 4.1830888 2.7697740 3.1925257 2.9287091 2.9552565 3.0583367 2.4066050 3.0802955 3.6243926 3.3211603 2.7171804 3.0086453 2.4378436 2.6768924 2.9180735 0.0000010 2.0248142 1.8993935 1.8556844 1.2441689 2.3289552 1.6600704 2.2043597 2.7169816 2.5881814 2.1301131 2.2053874 2.4242583 2.2679818 3.2242098 4.0462065 2.6679212 3.5899568 2.7678350 2.7757650 
TrH2_TrispH2_011606-RA                                   8.9999989 9.0000000 3.2206581 0.4186860 0.4555122 0.4864445 0.4864445 0.4641142 0.2445463 1.5990912 1.4717219 0.0000000 0.0024063 0.0665220 3.4259921 3.1192720 5.6777851 0.0000010 6.1171820 3.5125146 3.5125146 0.0000010 9.0000000 3.9827908 1.5336601 3.1908067 1.4387753 3.6887081 1.6074721 1.3308691 1.2618824 1.3643859 1.4524314 5.1006224 4.3120172 3.9133402 4.7298707 5.4091762 5.6385577 1.9158185 1.3333564 2.0455282 5.2659358 1.9229641 1.5771418 1.6323584 1.6911275 1.8790206 9.0000000 2.3481898 1.5668002 3.4321746 4.8160628 3.2752435 3.0785435 1.7603830 2.2926678 2.8040361 1.7844259 1.9309987 1.6436660 1.9324024 1.5573935 1.9615992 6.7947662 2.7834646 0.0000010 4.3112797 2.5394654 8.9999985 4.2814645 3.1554575 6.8338162 7.0517653 6.0499472 3.2554660 2.0268583 9.0000000 0.0000010 3.3736890 3.4093151 0.0000010 3.3296615 4.4496059 2.7822708 3.1645269 6.6110822 8.6669846 2.6810104 3.8702220 0.0000010 6.4771853 0.0000010 6.7885153 5.2760068 6.6725410 6.7377150 0.0000010 6.0559749 4.6639971 9.0000000 2.2786824 3.0255624 3.4592873 2.7694726 3.7208723 2.2713392 8.9999987 5.1573933 8.9999984 2.5953075 5.3277711 2.0399937 1.8594563 4.9903286 4.4373424 6.1018078 4.9815529 2.5617767 7.6062921 3.3461048 7.4393488 9.0000000 4.3300078 
Tadh_TriadT60792                                         6.7195474 9.0000000 3.3105140 0.4411494 0.5472350 0.5750490 0.5750490 0.5537436 0.3624846 1.5990912 1.6337313 0.0024063 0.0000000 0.0717525 2.2190313 3.1343864 5.3787340 4.1301670 4.6478611 3.5125146 3.5125146 9.0000000 8.9999981 3.9827908 1.6227804 3.2231654 1.4276455 3.6887081 1.7094262 1.3208039 1.2524563 1.3536199 2.7349381 3.9687884 2.4355603 3.4383967 3.8097415 5.4236103 5.6385577 2.0175800 1.3452067 2.0522524 3.9699313 2.0471700 1.6062192 1.7993680 1.8467088 2.0412887 9.0000000 2.3449336 1.5668002 3.4321746 3.9595703 3.2752435 3.3797009 1.8819917 2.4134387 2.8524370 1.7818903 2.1010525 1.6322216 2.1041703 1.5573935 2.0172042 5.7295079 2.8995905 8.9999990 4.3544251 2.5394654 8.9999985 4.2814645 3.4029163 6.8338162 7.0517653 6.0499472 3.5187088 5.3050864 9.0000000 8.9999989 3.5405106 3.4501830 8.9999987 3.3296615 4.4496059 2.8000212 3.1645269 6.6110822 8.6669846 2.7133122 3.8702220 7.5812483 6.3449564 7.1349200 6.5019621 6.0315853 6.6725410 6.4776480 0.0000010 6.4673197 4.6639971 8.4087852 2.4480394 3.1784745 3.5622570 2.7861706 3.4170033 2.3325925 8.9999987 5.1573933 8.9999985 3.5033271 4.4334877 2.0498012 3.8205375 4.1507274 3.8513013 4.8419998 4.6045837 3.1116320 7.2037072 3.4699638 5.4694055 4.5875384 3.5832942 
Tadh_TriadT62708                                         0.0000010 0.0000010 2.5623935 0.2433048 0.2441339 0.2733795 0.2733795 0.2870926 0.0665220 0.0000010 0.0000010 0.0665220 0.0717525 0.0000000 9.0000000 2.8852951 0.0000010 0.0000010 8.6806162 8.6806162 8.6806162 0.0000010 0.0000010 0.0000010 1.0983364 1.7567234 1.2808019 0.0000010 1.1053227 1.0479308 1.0702921 1.0956692 4.4632774 0.0000010 0.0000010 0.0000010 0.0000010 0.0000010 0.0000010 1.3864299 1.1363065 0.0000010 0.0000010 1.3562269 1.2934911 1.1709325 1.2254447 1.1893126 0.0000010 2.3166282 0.0000010 0.0000010 0.0000010 2.1902868 2.9115790 1.2900781 1.5428722 2.4129134 2.0832836 1.3856277 1.3512548 1.3986958 1.3638012 1.4970320 0.0000010 2.2977199 0.0000010 4.8209246 0.7206040 9.0000000 3.3049640 2.4435810 0.0000010 0.0000010 0.0000010 2.5964779 0.0000010 0.0000010 0.0000010 2.6209921 2.6209921 0.0000010 3.0239979 8.8005844 2.6375824 4.0861848 0.0000010 0.0000010 3.0013791 1.5781336 0.0000010 0.0000010 0.0000010 0.0000010 0.0000010 0.0000010 0.0000010 0.0000010 0.0000010 0.0000010 0.0000010 1.9097533 2.3100703 3.1404178 3.2419810 0.0000010 2.0280015 0.0000010 0.0000010 0.0000010 1.8117440 7.0190339 1.5334737 0.0000010 7.0190339 0.0000010 2.3985458 0.0000010 2.3229392 9.0000000 4.8532870 2.5140380 9.0000000 2.8843252 
Stycar_maker-SC_scaffold109869-snap-gene-0.5-mRNA-1      4.0103979 2.9108093 2.7580109 2.7808724 1.8475979 1.8308646 1.8308646 1.7829081 1.9037167 0.0000010 1.8399963 3.4259921 2.2190313 9.0000000 0.0000000 0.1972079 0.0000010 0.7605484 0.9959860 0.0000010 0.0000010 1.4220354 1.9724717 0.0000010 1.7380399 1.1662407 2.1652486 0.0000010 1.5427988 2.1652486 2.1652486 2.1652486 1.3972807 1.5188025 1.7226086 1.4993237 1.6298876 8.9999988 0.0000010 1.7725787 2.1652486 4.0077458 1.5388910 1.7927049 3.3936718 1.6941604 1.7497974 1.8094634 0.0000010 3.2637363 1.8804615 0.0000010 1.1273109 2.7279771 3.0668379 1.7738264 1.8607214 1.0329167 6.7172483 2.0329858 2.1693456 1.8713005 2.7841060 3.8586794 1.5340217 1.5516741 3.3052437 2.7905121 0.0000010 0.0000010 2.5013716 3.0574059 0.0000010 0.0000010 0.0000010 2.6743640 2.6984304 0.0000010 2.6586464 2.9538748 2.0043437 3.1807249 0.0000010 0.0000010 2.0043437 2.0043437 0.0000010 0.0000010 2.0043437 0.0000010 2.5671717 2.8371144 2.8371144 3.1110677 3.1110677 2.5553206 3.1775904 0.0000010 2.9324926 0.0000010 3.2494490 2.3542993 1.6350526 1.8309242 7.6696038 1.4809552 3.4048086 0.0000010 0.0000010 0.0000010 1.2287983 1.8660805 2.6861845 2.8686232 1.9628137 1.8097060 2.5648580 2.2975575 1.9312440 3.8842136 2.0671844 2.0487494 2.3205289 1.9098432 
Stycar_maker-SC_scaffold144555-augustus-gene-0.17-mRNA-1 3.3148588 3.2726026 3.5684183 2.6179983 2.5450584 2.5488003 2.5377125 2.4992066 2.6057315 2.4313270 2.6537222 3.1192720 3.1343864 2.8852951 0.1972079 0.0000000 0.0481441 1.0598937 1.5753390 2.0571458 5.5890598 0.8312362 3.3138446 4.2383678 2.2467530 3.6283429 1.8598439 2.1443358 2.1425699 2.0500545 1.7957865 1.5964365 2.0771974 2.1560128 1.9400630 2.2114537 2.2386536 2.9276927 2.9152308 2.2620238 1.9108911 4.7672517 2.2640249 2.2784233 1.9542567 2.4179741 2.1756557 2.3314468 1.2159432 2.4772245 2.4435316 0.0000010 4.9562600 2.3437884 3.5145265 2.4129041 2.4826573 1.9025317 2.6920027 2.5992748 2.2641734 2.5420974 2.2206919 2.2706898 2.8480673 2.7583786 2.8948055 3.6011653 1.9427677 3.3759315 3.7071049 3.6317522 4.4071695 3.6432936 4.2144624 3.3879163 2.6488311 4.4446320 2.4903140 3.3924706 3.9345463 2.9739126 2.3052652 1.3340091 3.9465318 5.8566523 2.9777676 4.8136494 4.4331002 2.6298078 2.4154887 3.3924908 2.6969409 2.7981568 2.7428734 2.4432682 3.4473039 3.4540946 3.2848038 2.3809588 2.6812373 2.7615026 2.3694757 2.3893167 2.8293347 1.4664610 2.6212296 4.8374255 4.0979874 2.8363130 1.8599560 2.4930932 3.0919422 3.0337912 2.8485473 2.4059784 2.4352781 3.0138280 3.8227502 3.7228268 2.3609195 3.1870986 2.3596059 2.7085464 
Stycar_maker-SC_scaffold14602-snap-gene-0.3-mRNA-1       2.1866345 3.2869030 2.0938029 2.1162224 2.0572029 2.1488335 2.1488335 2.2750381 2.2204497 0.0000010 2.2204497 5.6777851 5.3787340 0.0000010 0.0000010 0.0481441 0.0000000 0.0000010 1.1287540 0.0000010 0.0000010 0.7552253 0.0000010 0.0000010 1.7667613 0.0000010 0.0000010 0.0000010 1.9274670 0.0000010 0.0000010 0.0000010 0.0000010 1.7585804 1.7603312 1.8477340 1.8529261 2.8534505 1.8502318 2.1357419 0.0000010 1.2932294 1.7714648 2.1659863 0.0000010 1.9623655 1.8517729 1.9961021 0.0000010 0.0000010 0.0000010 0.0000010 0.0000010 2.2430785 1.3335556 2.1602899 2.2703677 1.2171207 0.0000010 2.0135780 0.0000010 1.9351319 0.0000010 1.4609919 2.6449653 2.5848635 0.0000010 3.0029802 0.0000010 0.0000010 0.0000010 3.3498481 0.0000010 0.0000010 0.0000010 2.8960264 2.5313761 0.0000010 0.0000010 2.8644227 3.7947726 0.0000010 0.0000010 0.0000010 0.0000010 0.0000010 0.0000010 0.0000010 0.0000010 0.0000010 2.0833329 3.2319156 1.1397130 2.6921458 2.6921458 0.0000010 2.9381353 0.0000010 3.0333586 0.0000010 1.5612853 2.6360927 1.7141986 1.4705291 0.0000010 1.1991602 0.0000010 5.1391378 0.0000010 3.0804752 0.0000010 1.7222746 4.8488186 3.5312499 2.4363445 2.2965811 1.6778870 2.1572340 7.5009212 2.9670111 1.9924520 2.3461897 1.3839830 2.7966262 
Spolac_c103453_g1_i1_m.34317c103453-g1                   6.0806505 3.1238087 2.1586965 0.0000010 1.2864107 1.3525882 1.3525882 1.3173600 1.3811623 0.0000010 1.3811623 0.0000010 4.1301670 0.0000010 0.7605484 1.0598937 0.0000010 0.0000000 0.1895086 0.0000010 0.0000010 2.2608371 2.4416467 0.0000010 1.5303859 1.2780089 0.0000010 0.0000010 1.4243746 0.0000010 0.0000010 0.0000010 1.4197324 1.3742034 0.7129693 1.4715770 1.4025777 0.0000010 0.0000010 1.4446107 0.0000010 2.7658567 1.3010981 1.6364222 0.0000010 1.3141863 1.3904255 1.4766224 0.0000010 2.1459531 2.1459531 0.0000010 1.4931279 3.0765569 2.2935473 1.2105284 1.5347756 0.8762901 0.0000010 1.6524652 0.0000010 1.5874856 6.0193903 2.6826816 1.2416552 1.2928941 3.5266568 2.1083007 0.0000010 0.0000010 0.0000010 3.3448862 0.0000010 0.0000010 0.0000010 2.6234710 2.6234710 0.0000010 2.8047919 3.2811573 0.0000010 3.2677369 0.0000010 0.0000010 0.0000010 0.0000010 0.0000010 0.0000010 0.0000010 0.0000010 2.8208558 2.7149082 2.7149082 3.4980728 3.4980728 2.5553206 3.4200747 0.0000010 3.3185590 0.0000010 3.4975167 2.4867499 1.3128084 1.7176237 0.0000010 1.3420586 3.0636963 0.0000010 0.0000010 0.0000010 1.3082862 1.4100690 1.7045461 3.1648819 1.8291792 1.2383364 1.1751071 1.5821838 0.0000010 8.9999989 3.0632187 1.9118146 2.0930142 1.6698254 
Emue_Em0013g30a.t1                                       3.6452181 3.2029951 3.4925648 2.7899908 2.5757978 2.5993475 2.6000746 2.5687744 2.5319268 1.3696599 2.5160117 6.1171820 4.6478611 8.6806162 0.9959860 1.5753390 1.1287540 0.1895086 0.0000000 0.0406936 0.0488879 0.4458004 0.4963077 0.3960163 2.3837808 2.3731252 2.5235330 2.0843006 2.3826092 2.2795082 2.3339758 2.3315742 1.9687039 2.3937397 2.3726001 2.1497705 2.3735010 2.6731863 2.4515357 2.4628985 1.8436999 2.4987672 2.2346026 2.3703962 4.0363856 2.3520775 2.2514005 2.4016727 0.2763182 3.1470741 4.8704293 0.0000010 0.7202204 2.2320600 2.5782102 2.2891627 2.5127845 1.5452548 8.6806162 2.8447710 2.7665026 2.8447046 3.0242556 3.1404239 2.7759552 2.7484176 3.8511726 3.7242951 0.4362442 6.6577287 2.7046907 3.6900549 2.7258035 3.1268035 2.5544960 3.4840921 2.8707339 4.6250936 2.8735869 3.6209208 3.8491430 3.1118654 0.0000010 0.0000010 4.3430927 0.0000010 5.5581920 0.5228171 9.0000000 0.0000010 2.9808163 3.4425751 2.8223759 3.1782685 3.2660120 3.8050635 3.9098251 4.8737075 3.8973110 4.6970396 3.2697853 2.8199684 2.1694312 2.3582014 3.1667904 1.4763709 2.0516388 2.7859204 2.1991495 3.6395709 1.8802068 2.5452693 3.3803131 2.8271875 2.6063398 2.6649348 2.9329355 2.8756255 3.4026468 4.0104255 2.5666175 3.1438215 2.5068783 2.6803095 
Emue_Em0637g1a.t1                                        2.6007146 1.8983043 3.8237796 2.6343976 2.6935172 2.6949164 2.7031879 2.7705220 2.7925433 1.3696599 2.2186739 3.5125146 3.5125146 8.6806162 0.0000010 2.0571458 0.0000010 0.0000010 0.0406936 0.0000000 0.0051417 0.4151489 0.0000010 2.6575320 2.6051579 0.0000010 2.4815867 2.0843006 2.3260829 2.2795082 2.3339758 2.3315742 0.0000010 5.9342407 0.0000010 8.9999988 8.9999989 9.0000000 9.0000000 2.4078619 1.8436999 2.3770893 5.9980178 2.4270884 3.3793724 2.4624988 2.5094659 2.3048731 0.2763182 2.9602947 4.8261479 0.0000010 0.0000010 1.7623128 2.3469599 2.3661616 2.2376641 2.2477946 8.6806162 3.0049823 2.9985029 3.3256949 2.8996080 3.2313641 2.6232943 2.6485996 0.0000010 4.4302859 0.3888704 6.6577287 2.7046907 3.7617962 2.7774102 3.1268035 2.6060892 3.3201353 0.0000010 0.0000010 0.0000010 3.3684160 3.3180605 0.0000010 0.0000010 0.0000010 4.3430927 0.0000010 5.5581920 0.5228171 9.0000000 0.0000010 9.0000000 2.9885198 0.0000010 2.6487801 0.0000010 3.9033383 3.3779178 0.0000010 9.0000000 4.0437122 0.0000010 2.9992896 2.3185847 2.6351982 3.1667904 3.5131433 1.7516269 0.7508472 0.7576681 3.7446840 1.1696148 4.7341304 3.3753880 0.0000010 2.4323526 2.3089080 2.5351031 2.6140029 2.5670827 3.2945666 3.9337070 3.6194787 1.7113199 4.2465591 
Emue_Em1078g1a.t1                                        0.0000010 1.8983043 4.1257011 2.6377642 2.7017349 2.7440719 2.7520597 2.7849767 2.8473803 1.3696599 2.3424667 3.5125146 3.5125146 8.6806162 0.0000010 5.5890598 0.0000010 0.0000010 0.0488879 0.0051417 0.0000000 0.4151489 0.0000010 5.6412522 2.5504206 5.2631227 2.4244903 2.0843006 2.4435105 2.2795082 2.3339758 2.3315742 0.0000010 4.2428007 0.0000010 8.5230224 7.1366093 8.5230224 0.0000010 2.4951341 1.8436999 2.3770893 5.8133052 2.5487845 3.3793724 2.7766175 2.5576462 2.3239001 0.2763182 2.9602947 4.8261479 0.0000010 0.0000010 1.7623128 2.3469599 2.4439595 2.3734459 2.1546560 8.6806162 3.0647691 2.9670603 3.3958326 2.9236140 3.2339144 2.6098926 2.6336081 0.0000010 4.4311035 0.3908783 6.6577287 2.7046907 4.0035118 2.7774102 3.1268035 2.6060892 3.6913379 0.0000010 0.0000010 0.0000010 3.6002240 3.5595975 0.0000010 0.0000010 0.0000010 4.3430927 0.0000010 5.5581920 0.5228171 9.0000000 0.0000010 9.0000000 3.3218858 0.0000010 5.0544739 5.0052411 4.0945999 3.5987814 0.0000010 9.0000000 4.5724792 0.0000010 3.3662497 2.2613269 2.5772522 3.1667904 2.9226177 1.7516269 0.7508472 0.7576681 3.7446840 1.1696148 8.9999989 3.6332470 0.0000010 2.6458494 2.3215246 3.3311153 2.6770365 2.5670827 5.6214959 3.9337070 5.5454906 1.7113199 3.6221963 
Spolac_c93401_g1_i1_m.8815c103453-g1                     2.1585353 2.9204953 2.1407606 2.0981762 1.9742775 2.1628759 2.1628759 2.1066718 2.0445887 0.0000010 2.0445887 0.0000010 9.0000000 0.0000010 1.4220354 0.8312362 0.7552253 2.2608371 0.4458004 0.4151489 0.4151489 0.0000000 0.0000010 0.0000010 1.7728308 1.7244811 3.0663393 3.0663393 1.8783078 3.0663393 3.0663393 3.0663393 1.6463800 1.5503725 1.6730696 1.8416649 1.8039960 6.0626116 1.8011496 2.1709720 0.0000010 0.7950559 1.6197070 2.2276444 2.7264120 1.9699373 2.0739405 2.1301604 0.0000010 4.0023316 4.0023316 0.0000010 0.0000010 3.5812324 1.3980868 1.7085385 2.0141190 1.3777591 0.0000010 2.0902032 5.3045085 2.1112830 2.0613385 3.4995214 2.1711534 2.0828973 2.6815454 3.0177160 0.0000010 0.0000010 0.0000010 2.9784042 2.2074955 2.2074955 2.2074955 2.3408703 2.2774961 0.0000010 1.6008915 2.4546198 2.7836367 4.3311163 0.0000010 0.0000010 0.0000010 0.0000010 0.0000010 0.0000010 0.0000010 0.0000010 2.5152136 2.5633282 2.0052774 2.6233125 2.6233125 0.0000010 2.3503657 0.0000010 2.7229902 0.0000010 2.4348687 2.4929119 1.6947688 1.7007568 0.0000010 1.2926314 2.6515173 2.9314090 0.0000010 9.0000000 1.5762008 1.7834410 1.5857978 3.9619920 2.0512884 2.5230378 2.1302279 2.1219864 8.6569462 2.6867639 2.4340881 2.0096144 2.4233921 2.2675193 
Spolac_c94261_g2_i1_m.9847c103453-g1                     5.3668259 2.6774017 3.9489556 2.2038749 2.0903130 2.0283362 2.0283362 2.1037648 1.9313790 0.0000010 2.0462993 9.0000000 8.9999981 0.0000010 1.9724717 3.3138446 0.0000010 2.4416467 0.4963077 0.0000010 0.0000010 0.0000010 0.0000000 0.0000010 1.9936046 2.1858477 1.2950640 1.2950640 2.0548831 1.2950640 1.2950640 1.2950640 1.6096334 2.0365014 1.2732909 1.5245942 2.0216118 0.0000010 2.1046282 2.2828521 1.2950640 9.0000000 1.8926942 2.0494944 1.6585357 1.9776051 1.9804625 2.5549093 0.0000010 1.9435942 2.7352163 0.0000010 0.0000010 0.5507748 2.4744417 2.4586322 2.6721873 1.6968956 0.0000010 2.5682862 1.6892662 2.4214404 6.9703257 2.6203786 3.3180731 3.2415232 1.9692978 4.9454439 0.0000010 0.7696506 0.7696506 2.8501554 0.7696506 0.0000010 0.0000010 3.2759902 2.2400361 3.4944072 2.4560205 2.8843499 2.9924732 1.9635404 0.0000010 0.0000010 0.0000010 0.0000010 0.0000010 0.0000010 0.0000010 0.0000010 2.2027970 3.4123801 2.0173421 2.9569097 3.4450543 0.0000010 3.7609650 4.4231812 4.0229535 0.0000010 2.8513094 3.2328442 2.5741782 2.9229527 0.0000010 2.5780583 2.2182110 0.0000010 0.0000010 0.7696506 1.8598486 1.5559807 2.6090129 4.0722905 2.2617640 2.5690243 2.5091345 2.9046710 1.6585357 4.0495333 1.6418648 3.1555691 1.8556021 3.1048326 
Spolac_c94261_g1_i1_m.9845c103453-g1                     3.1564022 4.6260926 2.9779412 2.7153107 2.7391159 2.7704412 2.7704412 2.6492890 2.7236967 2.3700513 2.7277692 3.9827908 3.9827908 0.0000010 0.0000010 4.2383678 0.0000010 0.0000010 0.3960163 2.6575320 5.6412522 0.0000010 0.0000010 0.0000000 2.1056633 2.7801513 2.1126074 1.6544406 2.2670656 1.6544406 1.6544406 1.6544406 0.0000010 2.1569230 0.0000010 1.9580534 2.1179502 2.2041726 2.1620716 2.3094662 1.2752658 0.0000010 1.9840834 2.3304302 1.1250775 2.0537385 2.4299471 2.1336384 3.5829103 1.5300494 9.0000000 0.6111587 0.4954749 2.1373960 0.0000010 2.3039197 2.8365185 1.4802025 0.0000010 2.7455997 1.6631924 2.7226503 2.7213026 1.8892889 2.2524753 2.3981966 0.0000010 3.7481414 2.8635422 0.0000010 0.0000010 3.4322076 2.6873482 3.2689008 2.1870347 3.5408238 0.0000010 8.9999986 0.0000010 3.5404646 3.5666470 0.0000010 0.0000010 0.0000010 3.9806194 0.0000010 0.0000010 0.0000010 0.0000010 5.0440254 9.0000000 3.3875693 0.0000010 2.7947888 3.9740471 0.0000010 4.0591566 0.0000010 4.1129874 2.1496361 0.0000010 2.9550609 2.1309133 2.0729780 0.0000010 1.3033644 5.2480276 2.4373709 2.7911840 0.0000010 1.7914149 2.7766916 3.7224690 1.6994500 2.5503714 2.7894656 2.8636895 3.0280401 8.9097999 4.0706447 3.0701645 3.9558086 7.0905502 2.6704575 
Amil_Amillepora04725-RA                                  2.7803326 3.3718592 2.2983436 1.4281792 1.4108605 1.4135957 1.4132506 1.4254572 1.3906310 1.4574789 1.5594119 1.5336601 1.6227804 1.0983364 1.7380399 2.2467530 1.7667613 1.5303859 2.3837808 2.6051579 2.5504206 1.7728308 1.9936046 2.1056633 0.0000000 0.1567266 0.0395129 0.0469361 0.2349608 0.1661257 0.1652722 0.1567217 0.4239832 0.2578201 0.0233453 0.2903242 0.2575176 0.0830705 0.0124820 0.5818913 0.4541021 0.8569034 0.6601641 1.0436172 0.8795329 1.1516988 1.1958441 1.2073858 1.9930055 1.9048797 1.9700500 1.5315627 1.7796601 2.1492831 1.9794463 1.2541968 1.3488415 1.9873380 1.6233691 1.3224270 1.0914177 1.3240916 1.0669537 1.2179031 2.1252444 2.0770181 4.1480043 3.6559244 1.7484081 2.0310461 2.4492064 2.7731607 2.3310607 2.3587306 2.3022823 2.6509462 3.1474276 4.3188856 3.4637948 2.6473073 2.5881661 3.5819059 2.6237681 2.4430689 2.2978866 3.4082105 1.7759961 2.5476221 2.8411386 2.4354692 2.9083222 2.9265980 3.0181484 2.9699581 3.1386046 2.5256657 2.8825815 3.6686156 3.5417924 2.7022239 3.0673235 1.8390190 2.3821020 2.5420877 2.4765344 2.1644305 1.6510619 2.3473269 2.7076465 2.4073891 1.5362807 1.7205671 1.7508489 2.4877309 1.4698986 2.1459177 1.7410952 1.8374025 2.3496563 3.6699536 2.4320049 3.4251192 2.2156541 2.6413938 
Adig_XM_015923921.1                                      4.8344612 2.4540708 2.1208875 2.6341588 1.6031916 1.5341284 1.5161769 1.6129035 1.6032715 0.0000010 1.5979759 3.1908067 3.2231654 1.7567234 1.1662407 3.6283429 0.0000010 1.2780089 2.3731252 0.0000010 5.2631227 1.7244811 2.1858477 2.7801513 0.1567266 0.0000000 0.7682866 0.0000010 0.5084590 0.8774425 0.8774425 0.8774425 0.3648489 0.4341668 0.8244290 0.3256609 0.4351889 2.6659030 1.1656574 1.2608192 1.0399690 1.2153667 0.9924620 1.6421300 0.7370076 1.4745717 1.6407495 1.6813860 0.0000010 1.5936297 1.9847776 0.0000010 0.3660458 2.3586338 3.6455340 1.5718110 1.7254690 2.2569852 1.3981793 1.7611553 1.4102712 1.7043869 1.8410331 2.5249500 1.8950168 1.9523519 4.1939894 3.4347906 9.0000000 0.0000010 0.0000010 3.9775476 0.0000010 0.0000010 0.0000010 3.3570588 3.3271414 9.0000000 3.3117983 3.9711491 4.7472905 3.7797105 0.0000010 0.0000010 2.4129337 5.5716767 0.0000010 0.0000010 2.2228813 0.0000010 3.4407194 3.8964154 3.8745603 4.7271471 4.7271471 9.0000000 3.8719764 0.0000010 4.0395799 3.4671022 3.9945569 4.5699227 2.4019894 3.3299517 3.3958416 2.1457194 2.0074533 2.7472708 0.0000010 5.0215091 1.4949246 1.5780404 2.7206245 2.8251949 1.8403952 1.9646090 3.9213558 1.8922763 4.5375300 4.1821074 3.2028445 2.8919375 2.2323669 2.5366581 
Adig_XM_015923205.1                                      2.3426790 1.6820915 2.2027133 1.2641667 1.2388591 1.2388852 1.2399513 1.2603648 1.2604548 1.3887465 1.4329186 1.4387753 1.4276455 1.2808019 2.1652486 1.8598439 0.0000010 0.0000010 2.5235330 2.4815867 2.4244903 3.0663393 1.2950640 2.1126074 0.0395129 0.7682866 0.0000000 0.0341373 0.1890008 0.1649264 0.1703525 0.1634225 1.4892221 0.2296953 0.0000010 1.0602413 0.3140372 0.8864518 0.8864518 0.4245577 0.4157305 0.5964034 0.6067030 0.8532140 0.8864870 0.9649575 0.9885951 0.9437120 1.9754902 1.8452847 2.0153781 1.4534801 1.9965192 2.3125232 1.6955148 0.9779364 1.0834817 1.9375488 1.7857845 1.1171853 1.0934993 1.1243830 1.0013001 1.1353454 2.0745336 1.9936808 0.8534125 3.8563453 1.8326932 2.1674411 2.3270615 2.4069615 2.2336049 2.2550602 2.3299493 2.2694810 0.0000010 0.0000010 0.0000010 2.2854565 2.2809016 0.0000010 2.5898957 2.4224108 2.3917776 3.4082105 1.8402587 2.3127071 3.0553127 2.3476707 2.7042796 2.1916456 0.0000010 3.2671386 0.0000010 2.6652199 2.2791864 0.9170755 4.6674403 2.6777559 0.0000010 1.4926657 2.3852575 2.6354355 2.8907069 9.0000000 1.5717545 2.2610675 2.8805827 2.2991518 2.4429650 9.0000000 1.3662384 1.8025180 1.3674337 1.8790186 2.7682713 1.3986702 2.4261535 2.8010094 2.6577926 2.8450900 3.0627384 2.8460246 
Adig_XM_015918303.1                                      2.3134120 1.6820915 2.1199903 1.2145213 1.1611900 1.1390262 1.1412165 1.1708782 1.1626959 1.6433048 1.2122863 3.6887081 3.6887081 0.0000010 0.0000010 2.1443358 0.0000010 0.0000010 2.0843006 2.0843006 2.0843006 3.0663393 1.2950640 1.6544406 0.0469361 0.0000010 0.0341373 0.0000000 0.1695563 0.1476951 0.1476884 0.1757352 0.0000010 0.5588779 0.0000010 0.0000010 0.0000010 0.0000010 0.0000010 0.3488016 0.5297883 0.0000010 2.4380126 0.7808370 0.9219821 0.8534883 0.9021639 0.8183146 1.9098509 2.0296695 1.9880355 1.5129062 1.9965192 2.3806618 1.9224079 0.8597163 0.9163146 1.8573570 2.0205282 0.9363148 0.9314939 0.9631839 0.8796122 0.8049800 2.2153809 2.1640992 0.8534125 3.6185501 2.0496483 1.9677428 2.0627731 2.1686591 2.3021226 2.2261820 2.2908247 2.2209334 0.0000010 0.0000010 0.0000010 1.9966630 1.9985334 0.0000010 1.3861084 1.3861084 2.1821919 5.3771688 1.8644588 0.8157681 3.8157628 2.2820118 2.7042796 1.4035502 0.0000010 0.0000010 0.0000010 0.7770631 2.3504435 0.0000010 0.0000010 1.8920178 0.0000010 1.3979246 2.3907786 2.6974282 9.0000000 0.0000010 1.6056685 2.4833355 3.1569202 2.9292154 1.7706699 0.0000010 1.2823227 1.8920178 0.5822495 1.1992965 3.2437036 0.7154743 2.5736074 0.9767509 3.3934250 1.3399823 1.6024991 0.5127546 
Spis_XP_022779054_1                                      2.8708255 3.0937873 2.3878193 1.4052618 1.3681966 1.3768052 1.3767205 1.3712925 1.3460540 1.3614524 1.5238375 1.6074721 1.7094262 1.1053227 1.5427988 2.1425699 1.9274670 1.4243746 2.3826092 2.3260829 2.4435105 1.8783078 2.0548831 2.2670656 0.2349608 0.5084590 0.1890008 0.1695563 0.0000000 0.0972774 0.0764530 0.1333464 0.1224628 0.2320546 0.2552097 0.2087856 0.1772812 0.4418434 0.3334001 0.5201120 0.3942340 0.7670102 0.6279614 0.9928827 0.8674191 1.0933757 1.1395485 1.1864632 1.9381944 1.8296326 1.9586653 1.5789551 1.8324953 2.1896365 1.8535729 1.1425001 1.3005675 1.9393491 1.6106166 1.3481310 1.1203151 1.3290361 1.0137342 1.2162721 2.1543433 2.0816692 3.7890943 3.5688040 1.8101326 2.1643434 2.3285173 2.7482875 2.2377801 2.3278416 2.2432828 2.6124498 2.8996922 4.5747803 3.0588153 2.6643159 2.6325242 3.1839901 2.4642536 2.2708970 2.3226438 3.2776225 1.9680919 2.2164850 2.8870244 2.4987222 2.8150929 2.9310730 2.8870920 2.9426865 3.0549836 2.4271774 2.9887861 3.9624867 3.4627027 2.2406347 2.9483751 1.7547252 2.4475779 2.5691699 2.5323645 2.1186374 1.6100936 2.2545991 2.7052200 2.3948637 1.5049444 1.7450554 1.7516402 1.9315462 1.5279778 2.0731076 1.8503888 1.7919986 2.6435722 3.7133586 2.5871384 3.4243344 2.3415232 2.6488959 
Fspp_ffun1.m4.9543.m1                                    2.2041345 1.7425457 2.1225836 1.2070376 1.1785434 1.1714915 1.1704013 1.1856408 1.1820610 1.3367526 1.2831186 1.3308691 1.3208039 1.0479308 2.1652486 2.0500545 0.0000010 0.0000010 2.2795082 2.2795082 2.2795082 3.0663393 1.2950640 1.6544406 0.1661257 0.8774425 0.1649264 0.1476951 0.0972774 0.0000000 0.0521068 0.1047486 1.4892221 2.0974061 0.0000010 0.0000010 0.0000010 0.0000010 0.0000010 0.3381460 0.4078679 0.4164885 2.4203053 0.7852852 0.8446912 0.8557417 0.9121054 0.8621550 2.1299420 1.9028814 2.0294802 1.6123993 1.9678252 2.2047618 1.7842309 0.8805899 1.0235242 1.8596471 1.6072300 1.0566405 1.0509621 1.0505404 0.9785988 1.0431818 2.1015423 1.9636543 0.8534125 3.5966044 1.3308193 2.2202269 2.4160664 2.2879846 2.2815308 2.3397033 2.3018005 2.1701060 0.0000010 0.0000010 0.0000010 2.1651724 2.1637934 0.0000010 2.5997334 2.4370913 2.3301255 3.2353154 1.9718952 2.4621391 2.8640817 2.4565329 2.7042796 1.7575794 0.0000010 0.0000010 0.0000010 2.5128705 2.4570977 0.0000010 0.0000010 2.9112361 0.0000010 1.3936700 2.3354758 2.4560645 2.6284564 2.9990839 1.5734552 2.2693879 2.7723233 2.3839031 1.5658150 7.0190339 1.3451290 0.0000010 1.0517648 1.7142160 2.2041960 1.1751216 2.0704676 1.4729458 2.4250846 2.0838659 3.8494727 1.4305356 
