66
Lcom_lcpid82959                                              0.0000000 0.2888150 0.3667861 0.5797874 1.0506827 1.1626261 1.0906632 1.0635640 1.0738124 1.0782780 1.1508155 1.2057930 1.4879618 1.0769342 1.1712291 0.9668287 1.0840204 1.2375546 0.9922541 1.1833957 1.2499010 0.9230558 1.1384779 0.8408324 0.9432391 1.0531923 1.1517502 1.1704127 1.0679670 1.4708372 1.6955993 1.1129350 1.1436170 1.0886433 1.4886940 1.4872612 2.3067526 1.2122307 1.3292103 1.4268945 0.9959836 1.4586359 1.2844247 1.4843163 1.3139341 1.4523755 1.2559500 1.2559500 1.2793242 1.1886258 1.6687893 1.6074802 1.5985425 1.6145157 1.4462491 1.6148464 1.7195590 1.7336993 1.3902205 1.6474513 1.5700799 1.2416472 1.1594450 1.6634621 1.9090382 3.7573174 
Leuniv_Lniv_C809522_01                                       0.2888150 0.0000000 0.3036036 0.5729676 1.0652007 1.1641330 1.0712724 1.0331916 1.0307722 1.0768405 1.0363088 1.1521492 1.3644041 1.0125759 1.1555857 0.9207644 1.0598963 1.2092919 1.0985613 1.2134713 1.2947481 1.0662089 1.1321506 0.8778756 1.0213630 1.1657078 1.1584844 1.2700552 1.2298663 1.4717644 1.5188788 1.0417951 1.0729746 1.0570040 1.3973506 1.3260011 2.0113815 1.0798176 1.2813168 1.3968629 1.1751968 1.3769380 1.2435837 1.4145082 1.2733201 1.3430687 1.0963449 1.0963449 1.2531572 1.0745868 1.6745895 1.6097096 1.5844000 1.5945402 1.4748782 1.6609244 1.5973929 1.6012105 1.3676177 1.6255545 1.6161188 1.2839262 1.0567438 1.8695994 1.7306677 3.3294766 
Gracom_Gcom_scaffold15206_01                                 0.3667861 0.3036036 0.0000000 0.5636494 1.1232234 1.1309179 1.0550506 1.0193114 1.0727074 1.1264016 1.0451976 1.1382544 1.4413578 1.0131934 1.0989225 0.9083163 1.0949869 1.1293833 0.9933124 1.1481982 1.2185319 0.8943164 1.1041857 0.8107800 1.0992440 1.1023711 1.1903467 1.2661805 1.2628352 1.3574206 1.5922707 1.0402475 1.1329546 1.1110938 1.4762056 1.5154160 2.3516823 1.1653004 1.2318575 1.4317310 1.0051578 1.4029244 1.2567286 1.4044181 1.2564477 1.2824109 1.0706510 1.0706510 1.2098886 1.1305879 1.7819289 1.6983546 1.6495197 1.7503268 1.5463156 1.7757987 1.7612142 1.7579375 1.3774224 1.7154606 1.5561828 1.3438410 1.1657059 1.7823346 1.8349748 3.3934373 
Clacor_Ccor_C538175_01                                       0.5797874 0.5729676 0.5636494 0.0000000 0.9425013 0.9830591 0.8851131 0.8515284 0.9214278 0.9139687 0.9166090 1.0181290 1.2122859 1.0819012 1.0547343 0.9279009 1.0726134 1.2915347 0.9645782 1.1261532 1.1364860 0.9091870 1.1289249 0.6719254 1.0622459 1.0683372 1.1750789 1.1790886 1.1751255 1.3341106 1.6045322 1.0636222 1.0139092 0.8987711 1.4668897 1.4498483 2.2135139 1.1736411 1.2595414 1.3018073 1.1199707 1.3213551 1.1160492 1.3306133 1.1772587 1.2175526 1.0459349 1.0459349 1.3240736 1.2756605 1.8818013 1.8964096 1.6001609 1.5710134 1.4309945 1.6998791 1.6174254 1.6222175 1.3962421 1.4864016 1.6368186 1.2853113 1.3569918 1.7474114 1.8486581 3.5469886 
Cgig_XM_011440894.3                                          1.0506827 1.0652007 1.1232234 0.9425013 0.0000000 0.5702451 0.9399553 0.9887907 0.9920097 0.9806009 1.0296823 1.2286817 1.2387515 1.0539304 1.0628132 0.9041995 0.9879763 1.1806630 1.0047010 1.1649056 1.1591626 1.2046549 1.0365567 0.7244905 0.7680220 0.8849402 0.9494595 0.9544118 1.1479077 1.2610203 1.3603236 0.9596439 1.1545137 0.9391769 1.5357309 1.4222251 1.9722938 1.3260883 1.1737638 1.3213312 0.8961208 1.1612692 1.1098317 1.1479604 1.1014460 1.3415465 1.0233179 1.0233179 1.0751772 1.2325106 1.8415850 1.7934250 1.4343522 1.6681214 1.3755969 1.5707496 1.5365603 1.5349596 1.2338099 1.6309787 1.5529600 1.0318320 1.5169144 1.4750894 1.7754938 3.2345541 
Acagra_model.g13429.t1                                       1.1626261 1.1641330 1.1309179 0.9830591 0.5702451 0.0000000 0.8756516 0.9282546 0.9329323 0.9450092 0.9879492 1.1046321 1.2829863 1.1164260 1.0802809 0.9486623 1.0136602 1.1114850 1.0091225 1.1330163 1.1196737 0.9869202 1.1714120 0.8067104 0.8200594 0.8223439 0.9818120 0.9769872 1.1442655 1.1671422 1.4365751 1.0467117 1.1515829 1.0022033 1.4726466 1.3298167 1.8037354 1.3545024 1.3145648 1.4088020 1.1443490 1.2247718 1.1281291 1.2201098 1.1351204 1.2041500 0.9794646 0.9794646 0.9194155 1.3778531 1.9921568 1.9423734 1.5516299 1.7931079 1.5771447 1.6234007 1.7023817 1.7389593 1.5324101 1.6707629 1.5752231 1.1144887 1.6617623 1.5371234 1.5940951 3.7536572 
Fspp_ffun1.m4.5404.m1                                        1.0906632 1.0712724 1.0550506 0.8851131 0.9399553 0.8756516 0.0000000 0.1034803 0.1470155 0.1600423 0.2616305 0.3137961 0.3807048 0.5072331 0.5741722 0.6406030 0.8136168 1.0533548 0.6492825 0.9137401 0.8948991 0.7898232 1.0216320 0.8265036 0.9282500 0.7853750 0.9895999 1.0527914 1.0614967 1.1164971 1.4999853 0.9965813 1.1274748 0.9420920 1.5741167 1.5509385 3.3896441 1.1891202 1.2664780 1.3917134 1.1175874 1.2711673 1.1378395 1.2512705 1.1137005 1.2412461 1.0698336 1.0698336 1.1255768 1.4411982 1.7096848 1.6043106 1.2726448 1.5254875 1.2306961 1.4485505 1.4841168 1.5006801 1.3535296 1.4867537 1.4596321 1.2779833 1.4834661 1.3617743 1.7772212 3.6176595 
Gasp_gasp1.m3.21834.m1                                       1.0635640 1.0331916 1.0193114 0.8515284 0.9887907 0.9282546 0.1034803 0.0000000 0.1864074 0.1830426 0.2566660 0.2594865 0.3362796 0.4675890 0.5426063 0.6224079 0.8096584 1.0504746 0.6868539 0.9524078 0.9137208 0.7661895 0.9941503 0.7358175 0.8854883 0.7736606 0.9966146 1.0428474 0.9989383 1.1878454 1.5540064 1.0098904 1.1909478 0.9156526 1.5855710 1.5774746 3.5129132 1.2047578 1.3061907 1.4087081 1.0956259 1.2149090 1.0786989 1.1927916 1.0364098 1.1868726 1.0687285 1.0687285 1.1060003 1.4298612 1.6943157 1.5991569 1.2273118 1.5134888 1.1977109 1.3722866 1.4818087 1.4944789 1.3089547 1.4799079 1.4626012 1.2163423 1.4302244 1.3575716 1.8006349 3.6353888 
Spis_XP_022809275_1                                          1.0738124 1.0307722 1.0727074 0.9214278 0.9920097 0.9329323 0.1470155 0.1864074 0.0000000 0.0592599 0.3122851 0.3501087 0.4261150 0.5562291 0.5730741 0.6434713 0.8450361 1.0027703 0.6082565 0.8882721 0.8507326 0.7934907 1.0174460 0.8213944 0.9282935 0.8109086 0.9998149 1.0640028 0.9941983 1.1664922 1.6372013 1.1123423 1.1355427 0.9896395 1.6685424 1.5533584 3.7168213 1.2511900 1.2905319 1.4561020 1.0781195 1.3127340 1.1661579 1.2588471 1.1122424 1.2929056 1.1175002 1.1175002 1.1620365 1.4821509 1.6350429 1.5525461 1.2717210 1.5666422 1.1668259 1.4491479 1.3957050 1.3995534 1.2741074 1.5206920 1.5136588 1.2590440 1.5669866 1.4264430 1.8146434 3.7200112 
Pocdam_XM_027183433.1                                        1.0782780 1.0768405 1.1264016 0.9139687 0.9806009 0.9450092 0.1600423 0.1830426 0.0592599 0.0000000 0.2996185 0.3290372 0.4246689 0.5766155 0.5849422 0.6503371 0.8597569 1.0563230 0.6506236 0.9112522 0.8804048 0.7934907 1.0568008 0.8562599 0.9661475 0.7987871 1.0144763 1.0238062 0.9819371 1.2006644 1.5911356 1.0937829 1.1775046 0.9830015 1.5670543 1.4931238 3.4055308 1.2747376 1.2496087 1.4154874 1.0821681 1.2750508 1.1323260 1.2611786 1.0651623 1.2689719 1.1369176 1.1369176 1.1974579 1.4720348 1.6759067 1.5623965 1.2082282 1.5785577 1.1507421 1.4239675 1.4022354 1.4254469 1.2495412 1.4819240 1.4613540 1.2860045 1.5214736 1.4723897 1.7617324 3.8036701 
Gfas_gfas1.m1.17948.m1                                       1.1508155 1.0363088 1.0451976 0.9166090 1.0296823 0.9879492 0.2616305 0.2566660 0.3122851 0.2996185 0.0000000 0.2663443 0.3429565 0.5242754 0.5490145 0.7109305 0.8988850 1.0120146 0.7942417 0.9138080 0.8971297 0.7882776 0.9929588 0.7332956 1.0167810 0.8320657 1.0439825 1.1287115 1.1919644 1.2491859 1.4807465 0.9877557 1.1546303 0.9692490 1.5480449 1.5139856 3.0475844 1.1768719 1.2340228 1.2737727 1.0768262 1.3790775 1.1933459 1.3474238 1.1870191 1.2606294 1.1069735 1.1069735 1.1635695 1.2579069 1.6223930 1.5641301 1.3160473 1.6489711 1.2425802 1.5278798 1.5249661 1.5475335 1.3352392 1.5008877 1.4945997 1.2842387 1.3529412 1.3084093 1.7181931 3.5283878 
Adig_XM_015924192.1                                          1.2057930 1.1521492 1.1382544 1.0181290 1.2286817 1.1046321 0.3137961 0.2594865 0.3501087 0.3290372 0.2663443 0.0000000 0.2775470 0.6211448 0.4950579 0.6919695 0.7645021 0.9821444 0.7233720 0.9048583 0.8535968 0.7847100 1.0906282 0.7540648 1.0397093 0.9022978 1.1604633 1.2621866 1.1079375 1.2920223 2.2086841 1.1327071 1.3505825 1.1549952 1.5117860 1.5746196 3.2234101 1.1704898 1.2707293 1.4038231 1.0713855 1.2474364 1.2933008 1.3045662 1.0992326 1.2808364 1.3500913 1.3500913 1.2393814 1.2600527 1.6285990 1.6040044 1.2641144 1.5700394 1.1695121 1.6167333 1.5571438 1.5571438 1.2705588 1.6158246 1.5271779 1.4855958 1.2585649 2.1507391 2.7367725 3.4598088 
Amil_Amillepora07707-RA                                      1.4879618 1.3644041 1.4413578 1.2122859 1.2387515 1.2829863 0.3807048 0.3362796 0.4261150 0.4246689 0.3429565 0.2775470 0.0000000 0.5492479 0.7236043 0.8504306 1.0947522 1.3151237 0.9693884 1.1036725 1.1252911 0.9780279 1.1905241 6.0885897 1.3281022 1.0924618 1.3604097 1.3246073 1.2656550 1.6788403 1.5132690 1.2991430 1.6187691 1.3155529 1.9035543 1.8867409 3.2345322 1.5322335 1.4880947 1.5315121 2.7607260 1.5091587 1.3218688 1.5349836 1.3653872 1.5877997 1.2589806 1.2589806 1.3686746 1.4571136 2.0085538 1.9303621 1.7590455 1.9275475 1.5085324 1.6972213 1.8418155 1.8259375 1.4643410 1.9087859 1.8465656 1.5844178 1.6068205 1.3402448 1.7224546 3.1558780 
Nvec_v1g234255                                               1.0769342 1.0125759 1.0131934 1.0819012 1.0539304 1.1164260 0.5072331 0.4675890 0.5562291 0.5766155 0.5242754 0.6211448 0.5492479 0.0000000 0.4458293 0.7626954 0.7929394 0.8970288 0.8338649 0.8391058 0.8342177 0.6961258 0.7987620 1.1983603 0.9532901 0.8988868 0.9029838 1.0719557 0.8367833 1.3208391 1.4777174 1.0625380 1.2781575 1.0931700 1.3257164 1.3250546 1.9784191 1.1956226 1.2101739 1.2968723 1.4163519 1.0844965 1.1279146 1.1151363 1.1663233 1.3694393 1.1362400 1.1362400 1.1181820 1.1123468 1.6753386 1.6335957 1.5897125 1.6461213 1.4593340 1.6992700 1.7137158 1.7137158 1.5153941 1.6384332 1.5684264 1.3230798 1.1939795 1.1009759 2.1539306 3.6303855 
Exapal_XM_021046346.2                                        1.1712291 1.1555857 1.0989225 1.0547343 1.0628132 1.0802809 0.5741722 0.5426063 0.5730741 0.5849422 0.5490145 0.4950579 0.7236043 0.4458293 0.0000000 0.6985726 0.9081137 0.9653393 0.6737618 0.8370786 0.8405391 0.7402016 0.8894824 0.5939516 1.0259720 0.8360282 1.0830450 1.1207952 1.1025484 1.2397273 1.7389814 1.0831830 1.3599096 1.0840463 1.5292125 1.5478564 3.3911346 1.1468212 1.1367491 1.2448707 1.0265920 1.1699868 1.0010849 1.1675043 0.9953426 1.0720788 0.9706479 0.9706479 1.1904491 1.3578226 1.6227277 1.5659285 1.2569886 1.5830465 1.2147958 1.3935047 1.5355022 1.5575639 1.2009090 1.5718119 1.3533088 1.2222884 1.5131186 1.1131258 2.0918981 3.6854260 
Dgig_XM_028541649.1                                          0.9668287 0.9207644 0.9083163 0.9279009 0.9041995 0.9486623 0.6406030 0.6224079 0.6434713 0.6503371 0.7109305 0.6919695 0.8504306 0.7626954 0.6985726 0.0000000 0.3143572 0.9034818 0.5687788 0.8549935 0.8448841 0.6174023 0.8567639 0.4204021 0.9053406 0.9068767 1.0201216 1.1046051 1.0228810 1.2588299 1.3291630 0.8528569 1.1182169 0.9765776 1.3545687 1.2647599 2.7713355 1.2521709 1.1860318 1.2784763 0.7300012 1.1484625 1.0640179 1.1824234 0.9984190 1.1021950 1.0668632 1.0668632 1.0366455 1.2749207 1.5399431 1.5059234 1.1504557 1.4757211 1.0617181 1.4887488 1.5344477 1.5176677 1.1287420 1.5482492 1.3639606 1.0367817 1.4920859 1.2685614 1.8188542 4.2333413 
Xesp_015767-T1                                               1.0840204 1.0598963 1.0949869 1.0726134 0.9879763 1.0136602 0.8136168 0.8096584 0.8450361 0.8597569 0.8988850 0.7645021 1.0947522 0.7929394 0.9081137 0.3143572 0.0000000 1.0130713 0.6497482 0.9883633 0.9351570 0.6109155 0.9582121 0.5021432 0.9868845 0.9920809 1.0320496 1.3074557 1.0962027 1.2924805 1.4441355 0.8972499 1.2657913 1.0827481 1.4286553 1.3895723 3.0691689 1.2622543 1.2491389 1.3740677 0.8086602 1.2975450 1.1553526 1.3219195 1.0265253 1.1004779 1.1660815 1.1660815 1.1470246 1.4317500 1.8033706 1.7145274 1.1768745 1.5525985 1.0480551 1.5093313 1.5586255 1.5639589 1.2243986 1.8081952 1.6146983 1.1785021 1.5389496 1.6389174 1.8236755 4.3407047 
Hvul_g12776_1                                                1.2375546 1.2092919 1.1293833 1.2915347 1.1806630 1.1114850 1.0533548 1.0504746 1.0027703 1.0563230 1.0120146 0.9821444 1.3151237 0.8970288 0.9653393 0.9034818 1.0130713 0.0000000 0.3905974 0.7635232 0.7770326 0.7327401 0.7516587 0.5454618 1.2752979 1.0943793 1.0925808 1.2352307 1.1181916 1.4109795 1.5671898 1.0675251 1.4500163 1.1714788 1.6559799 1.6170391 3.5656397 1.3905032 1.4046681 1.4434811 0.8375449 1.4678935 1.3509761 1.4316063 1.2622376 1.3528043 1.3962386 1.3962386 1.2927726 1.4714891 1.6028037 1.5126536 1.2076070 1.6709911 1.1963265 1.5021047 1.5316408 1.5752098 1.0879724 1.6645736 1.3943996 1.3200624 1.5458367 1.2404082 2.2328725 3.8630674 
Chem_TCONS_00063055                                          0.9922541 1.0985613 0.9933124 0.9645782 1.0047010 1.0091225 0.6492825 0.6868539 0.6082565 0.6506236 0.7942417 0.7233720 0.9693884 0.8338649 0.6737618 0.5687788 0.6497482 0.3905974 0.0000000 0.3592941 0.3315742 0.6284889 0.4198627 0.5091299 0.8215142 0.9356636 0.8044043 1.2307776 1.2519532 1.0313336 2.2224647 0.8315874 1.1211925 0.9994403 1.0746279 1.0536588 8.9999987 0.8394713 0.9173873 0.9324911 0.9288305 1.2407421 1.2402733 1.1854688 1.1791234 1.3998076 1.3882314 1.3882314 1.1174633 0.8489835 1.1070578 1.1022122 1.2195889 1.2019770 1.2019770 1.1632604 1.1142495 1.1142495 1.0758374 1.3127865 0.9536818 1.4534889 0.9891243 5.4946021 2.4330508 6.6708960 
Nemnom_g15077.t1                                             1.1833957 1.2134713 1.1481982 1.1261532 1.1649056 1.1330163 0.9137401 0.9524078 0.8882721 0.9112522 0.9138080 0.9048583 1.1036725 0.8391058 0.8370786 0.8549935 0.9883633 0.7635232 0.3592941 0.0000000 0.1231096 0.4236441 0.4890997 0.4036947 1.0762048 1.0325813 0.9871252 1.2780269 1.3150127 1.3978288 1.6165655 1.0339159 1.3238184 1.3403114 1.3899762 1.3996930 2.6146957 1.2209153 1.1773485 1.3935464 0.9360834 1.3185028 1.1520041 1.2615830 1.1014673 1.2680028 1.2077375 1.2077375 1.3396266 1.1881201 1.5176061 1.4582433 1.2728655 1.6146098 1.1724917 1.5507671 1.5052512 1.5398084 1.2204814 1.4870797 1.3673261 1.4293909 1.3842671 1.3302649 2.1762732 3.7939934 
Rhoesc_Res_000502-T1                                         1.2499010 1.2947481 1.2185319 1.1364860 1.1591626 1.1196737 0.8948991 0.9137208 0.8507326 0.8804048 0.8971297 0.8535968 1.1252911 0.8342177 0.8405391 0.8448841 0.9351570 0.7770326 0.3315742 0.1231096 0.0000000 0.4237389 0.4577454 0.3975957 0.9769210 0.9444081 0.9296621 1.2786589 1.2578569 1.3559210 1.5844877 1.0385282 1.2567688 1.2178641 1.3516181 1.3843956 2.7921474 1.2286242 1.1247121 1.3083282 0.8685151 1.2590257 1.1072341 1.2465089 1.0532611 1.2407102 1.2430381 1.2430381 1.2353338 1.3347228 1.5111145 1.4538652 1.1466609 1.5542169 1.0682915 1.4975009 1.4189146 1.4453165 1.1332195 1.4683799 1.4051378 1.3305562 1.3716604 1.2563240 2.0632751 3.8770799 
Aaur_scaffold1624.g1.t1                                      0.9230558 1.0662089 0.8943164 0.9091870 1.2046549 0.9869202 0.7898232 0.7661895 0.7934907 0.7934907 0.7882776 0.7847100 0.9780279 0.6961258 0.7402016 0.6174023 0.6109155 0.7327401 0.6284889 0.4236441 0.4237389 0.0000000 0.3551737 1.2978715 0.7547867 1.1078913 0.6631118 1.1774358 0.8152854 1.1522236 4.6151603 0.7933248 0.9898896 1.1222733 1.1561460 1.2072489 8.9999983 0.9306026 0.8043251 0.9392786 1.3708823 1.1977117 1.2024293 1.2556242 1.2556242 1.1210075 1.2238173 1.2238173 1.2639270 0.8812113 1.8272602 1.8272602 1.6813168 1.7855648 1.7855648 1.7287989 1.6634294 1.6634294 1.6377266 1.7267113 1.5443829 1.5871878 0.7659028 3.6066941 0.0000010 7.8334455 
Sanmal_Sma_010723-T1                                         1.1384779 1.1321506 1.1041857 1.1289249 1.0365567 1.1714120 1.0216320 0.9941503 1.0174460 1.0568008 0.9929588 1.0906282 1.1905241 0.7987620 0.8894824 0.8567639 0.9582121 0.7516587 0.4198627 0.4890997 0.4577454 0.3551737 0.0000000 0.3915144 1.1373296 1.0113428 1.0036993 1.3410175 1.2054152 1.5632511 1.5761697 1.0328487 1.1867911 1.1521007 1.2964207 1.2886895 2.3015282 1.1748430 1.1283336 1.2537797 0.9290730 1.2571787 1.1279560 1.2658062 1.0750637 1.1608622 1.1556878 1.1556878 1.2863238 1.2584798 1.6734944 1.5993347 1.2940830 1.6604035 1.2221889 1.4315840 1.4104995 1.4293708 1.1275468 1.4735744 1.3413160 1.3698913 1.3598410 1.1406270 2.1818077 3.7445958 
Morvir_scaffold954.g1.t1                                     0.8408324 0.8778756 0.8107800 0.6719254 0.7244905 0.8067104 0.8265036 0.7358175 0.8213944 0.8562599 0.7332956 0.7540648 6.0885897 1.1983603 0.5939516 0.4204021 0.5021432 0.5454618 0.5091299 0.4036947 0.3975957 1.2978715 0.3915144 0.0000000 0.5522938 0.5853235 0.7015515 0.9089390 1.3352650 0.9384011 4.5496929 0.6808661 1.0070926 0.7463992 0.9817535 1.0817934 0.0000010 0.8670711 0.7281559 0.7102414 0.8834508 0.8623686 0.8173900 0.7514955 0.7514955 0.7743776 0.8932642 0.8932642 0.7460542 1.2520167 0.9467938 0.9467938 1.0822638 1.0922908 1.0922908 1.0585997 1.0088400 1.0088400 1.0283156 0.9042437 0.8077585 0.9673259 0.9847637 2.7016264 0.0000010 6.2773551 
Bralan_BLAG06001020_1                                        0.9432391 1.0213630 1.0992440 1.0622459 0.7680220 0.8200594 0.9282500 0.8854883 0.9282935 0.9661475 1.0167810 1.0397093 1.3281022 0.9532901 1.0259720 0.9053406 0.9868845 1.2752979 0.8215142 1.0762048 0.9769210 0.7547867 1.1373296 0.5522938 0.0000000 0.8065883 1.0111761 1.0862139 0.9428351 1.1359062 1.7370817 1.1530692 1.4107966 0.9325055 1.4156737 1.4110839 2.4637230 1.1784057 1.0961447 1.2758122 0.7538268 1.3378540 1.1848044 1.2753043 1.1155433 1.3065122 1.1671062 1.1671062 1.0893471 1.2436873 1.7397851 1.6452689 1.3962692 1.5855550 1.2926156 1.3933905 1.6118660 1.6122904 1.3126828 1.5029283 1.5435432 1.0474903 1.4606207 1.6670701 1.5891045 3.6793018 
Skow_XM_006814523.1                                          1.0531923 1.1657078 1.1023711 1.0683372 0.8849402 0.8223439 0.7853750 0.7736606 0.8109086 0.7987871 0.8320657 0.9022978 1.0924618 0.8988868 0.8360282 0.9068767 0.9920809 1.0943793 0.9356636 1.0325813 0.9444081 1.1078913 1.0113428 0.5853235 0.8065883 0.0000000 0.8720481 1.1043764 1.2615194 1.2274164 1.3128151 1.0390032 1.2846483 0.9219789 1.3402816 1.4164946 2.1452299 1.3326273 1.2060512 1.2586130 1.2350165 1.0971571 1.0117655 1.0346022 0.9709329 1.1086493 1.0775107 1.0775107 1.0989975 1.5241475 1.5539996 1.5154159 1.1977592 1.5910987 1.2417738 1.4129123 1.5301757 1.5921573 1.2042617 1.4358000 1.4043692 1.1576676 1.5004918 1.3166136 1.5628684 3.8432330 
Hsap_ENST00000239891                                         1.1517502 1.1584844 1.1903467 1.1750789 0.9494595 0.9818120 0.9895999 0.9966146 0.9998149 1.0144763 1.0439825 1.1604633 1.3604097 0.9029838 1.0830450 1.0201216 1.0320496 1.0925808 0.8044043 0.9871252 0.9296621 0.6631118 1.0036993 0.7015515 1.0111761 0.8720481 0.0000000 0.9789330 0.8937163 1.1441819 1.4241109 1.0031284 1.1292818 1.2182143 1.1863659 1.2608746 2.3977848 1.2199229 1.1625130 1.2451396 0.7636383 1.2207989 1.0882096 1.2589623 1.0600206 1.1440781 1.1104334 1.1104334 1.0601329 1.3386280 1.8486987 1.7944283 1.5163756 1.7520070 1.4493675 1.4677995 1.4948754 1.5181087 1.2422376 1.5831749 1.5133022 1.0761209 1.4978228 1.6157008 1.8829844 3.6702690 
Cscu_XM_023362912.1                                          1.1704127 1.2700552 1.2661805 1.1790886 0.9544118 0.9769872 1.0527914 1.0428474 1.0640028 1.0238062 1.1287115 1.2621866 1.3246073 1.0719557 1.1207952 1.1046051 1.3074557 1.2352307 1.2307776 1.2780269 1.2786589 1.1774358 1.3410175 0.9089390 1.0862139 1.1043764 0.9789330 0.0000000 0.2549817 1.0512321 1.3347429 1.0643986 1.2925101 1.1706201 1.4897427 1.4822400 2.3719317 1.4907132 1.4066153 1.4421274 0.9521006 1.1827423 1.1170772 1.2064856 1.0547536 1.2170805 1.1529834 1.1529834 1.2635473 1.5792089 1.8155479 1.8147781 1.4195011 1.7197598 1.4091530 1.6506782 1.7367111 1.7851435 1.4005091 1.6801334 1.5010138 1.0719598 1.4447071 1.6704771 2.1308002 4.0102258 
Cscu_XM_023376676.1                                          1.0679670 1.2298663 1.2628352 1.1751255 1.1479077 1.1442655 1.0614967 0.9989383 0.9941983 0.9819371 1.1919644 1.1079375 1.2656550 0.8367833 1.1025484 1.0228810 1.0962027 1.1181916 1.2519532 1.3150127 1.2578569 0.8152854 1.2054152 1.3352650 0.9428351 1.2615194 0.8937163 0.2549817 0.0000000 0.8747076 3.6174839 1.0947562 1.2047907 1.1845919 1.1372005 1.0881478 8.9999985 1.1083152 1.2719822 1.2248897 1.2098694 1.0575911 1.0539485 1.0402212 1.0402212 1.2587730 1.2167916 1.2167916 1.0952773 1.1751948 1.9555402 1.9555402 1.7263995 1.6843492 1.6843492 1.8829327 1.9591490 1.9591490 1.6759625 2.1710772 1.8475852 1.4547775 1.0215423 2.8164827 8.9999980 8.9999990 
Tcas_TC007833_001                                            1.4708372 1.4717644 1.3574206 1.3341106 1.2610203 1.1671422 1.1164971 1.1878454 1.1664922 1.2006644 1.2491859 1.2920223 1.6788403 1.3208391 1.2397273 1.2588299 1.2924805 1.4109795 1.0313336 1.3978288 1.3559210 1.1522236 1.5632511 0.9384011 1.1359062 1.2274164 1.1441819 1.0512321 0.8747076 0.0000000 1.8940916 1.2363792 1.4031296 1.3317795 1.7352356 1.7814360 3.0075962 1.6433139 1.4173137 1.5010852 1.1066528 1.4480810 1.3374711 1.5183740 1.1881386 1.3210551 1.3806010 1.3806010 1.3834336 1.7733910 1.9558556 1.8660035 1.5220970 1.8241732 1.4824901 1.7828093 1.9149235 1.9158901 1.4653260 2.0037386 1.8277094 1.2542126 1.7405556 2.1186397 2.2999650 4.0947562 
Opea_EP00118_Oscarella_pearsei_P017423                       1.6955993 1.5188788 1.5922707 1.6045322 1.3603236 1.4365751 1.4999853 1.5540064 1.6372013 1.5911356 1.4807465 2.2086841 1.5132690 1.4777174 1.7389814 1.3291630 1.4441355 1.5671898 2.2224647 1.6165655 1.5844877 4.6151603 1.5761697 4.5496929 1.7370817 1.3128151 1.4241109 1.3347429 3.6174839 1.8940916 0.0000000 0.1406216 1.0718239 1.4873301 1.6734281 1.6792668 1.6830457 1.7025304 1.5933335 1.5578526 4.6337860 1.5431966 1.5309485 1.5576700 1.9195149 2.4369054 1.4738776 1.4738776 1.5467608 1.6204051 2.2935193 2.1558934 2.1469247 2.1220592 1.9468282 2.1405723 2.1138693 2.1027609 1.8362319 1.9474437 1.8197225 1.4975394 1.6002625 1.6044387 1.8207719 3.0426350 
Ocar_g4147                                                   1.1129350 1.0417951 1.0402475 1.0636222 0.9596439 1.0467117 0.9965813 1.0098904 1.1123423 1.0937829 0.9877557 1.1327071 1.2991430 1.0625380 1.0831830 0.8528569 0.8972499 1.0675251 0.8315874 1.0339159 1.0385282 0.7933248 1.0328487 0.6808661 1.1530692 1.0390032 1.0031284 1.0643986 1.0947562 1.2363792 0.1406216 0.0000000 0.7597686 0.9842407 1.1597286 1.1514831 1.9277007 1.0557573 1.0174212 1.0434191 0.6759767 1.0742396 1.0208489 1.0838178 0.9578925 1.0964879 0.9867685 0.9867685 1.1295138 1.1443393 1.7482102 1.6562763 1.1479029 1.5855209 1.1993824 1.6288665 1.5148812 1.5030515 1.2169974 1.6580787 1.4245545 1.1601097 1.1119726 1.5948328 1.8936602 3.4665665 
Plajan_Pjan_C553149_01                                       1.1436170 1.0729746 1.1329546 1.0139092 1.1545137 1.1515829 1.1274748 1.1909478 1.1355427 1.1775046 1.1546303 1.3505825 1.6187691 1.2781575 1.3599096 1.1182169 1.2657913 1.4500163 1.1211925 1.3238184 1.2567688 0.9898896 1.1867911 1.0070926 1.4107966 1.2846483 1.1292818 1.2925101 1.2047907 1.4031296 1.0718239 0.7597686 0.0000000 1.3242263 1.2465837 1.2085990 2.2524162 1.1408888 1.1909845 1.3098027 0.8745208 1.3100760 1.2455303 1.3455737 1.2950885 1.3197155 1.2030699 1.2030699 1.3715725 1.2754633 1.8253636 1.7234679 1.4147202 1.6321627 1.2753486 1.6157309 1.4819866 1.4670476 1.2713082 1.6248324 1.5860065 1.5221109 1.1475802 1.7854449 2.0712680 3.4932701 
Spur_XM_778344.5                                             1.0886433 1.0570040 1.1110938 0.8987711 0.9391769 1.0022033 0.9420920 0.9156526 0.9896395 0.9830015 0.9692490 1.1549952 1.3155529 1.0931700 1.0840463 0.9765776 1.0827481 1.1714788 0.9994403 1.3403114 1.2178641 1.1222733 1.1521007 0.7463992 0.9325055 0.9219789 1.2182143 1.1706201 1.1845919 1.3317795 1.4873301 0.9842407 1.3242263 0.0000000 1.6845840 1.5495885 2.4643702 1.2387936 1.2119719 1.2872721 0.9255025 1.2086680 1.1016207 1.2465214 0.9511619 1.0878125 1.1492990 1.1492990 1.2731354 1.5232048 1.8603596 1.7919083 1.3073602 1.6307395 1.3025349 1.5523551 1.5607374 1.5829080 1.3708884 1.5438207 1.6972512 1.1414105 1.4874427 1.6088394 2.3353492 3.7365082 
Emue_Em0022g350a.t1                                          1.4886940 1.3973506 1.4762056 1.4668897 1.5357309 1.4726466 1.5741167 1.5855710 1.6685424 1.5670543 1.5480449 1.5117860 1.9035543 1.3257164 1.5292125 1.3545687 1.4286553 1.6559799 1.0746279 1.3899762 1.3516181 1.1561460 1.2964207 0.9817535 1.4156737 1.3402816 1.1863659 1.4897427 1.1372005 1.7352356 1.6734281 1.1597286 1.2465837 1.6845840 0.0000000 0.1963029 0.2957028 0.7512422 1.0409013 1.0328073 0.7563956 1.4117301 1.2547165 1.3885393 1.2346850 1.3169289 1.2244168 1.2244168 1.4652097 0.9208107 2.1485177 2.0024120 1.5707951 2.0707460 1.4410118 1.8305189 1.8303974 1.8929308 1.4768294 1.7177672 1.6888151 1.5941551 0.8409574 2.4906778 2.0848669 3.7680430 
Spolac_c102348_g1_i2_m.28964c102348-g1                       1.4872612 1.3260011 1.5154160 1.4498483 1.4222251 1.3298167 1.5509385 1.5774746 1.5533584 1.4931238 1.5139856 1.5746196 1.8867409 1.3250546 1.5478564 1.2647599 1.3895723 1.6170391 1.0536588 1.3996930 1.3843956 1.2072489 1.2886895 1.0817934 1.4110839 1.4164946 1.2608746 1.4822400 1.0881478 1.7814360 1.6792668 1.1514831 1.2085990 1.5495885 0.1963029 0.0000000 0.0841891 0.7675953 1.1032647 1.0900084 0.7000837 1.3805983 1.2154439 1.3897612 1.2295061 1.4049754 1.1890125 1.1890125 1.4002230 0.9299502 2.1011992 1.9548211 1.5325733 2.0814094 1.5171535 1.7856463 1.8108028 1.8244966 1.3945320 1.8084227 1.6816595 1.5412470 0.8888717 2.4201700 2.0514960 3.9388244 
Spolac_c102348_g1_i3_m.28966c102348-g1                       2.3067526 2.0113815 2.3516823 2.2135139 1.9722938 1.8037354 3.3896441 3.5129132 3.7168213 3.4055308 3.0475844 3.2234101 3.2345322 1.9784191 3.3911346 2.7713355 3.0691689 3.5656397 8.9999987 2.6146957 2.7921474 8.9999983 2.3015282 0.0000010 2.4637230 2.1452299 2.3977848 2.3719317 8.9999985 3.0075962 1.6830457 1.9277007 2.2524162 2.4643702 0.2957028 0.0841891 0.0000000 1.4118141 1.9302897 1.9082771 0.0000010 2.2412330 1.6104406 2.2040423 8.9999985 8.9999985 1.4928680 1.4928680 1.9075652 1.3671674 4.3485184 3.7713194 9.0000000 4.3015825 9.0000000 3.0731929 3.5286156 3.6624516 8.9999985 3.4453770 3.3816265 2.0256473 1.6191405 3.3236075 0.7348594 1.7340931 
Stycar_maker-SC_scaffold34436-snap-gene-0.10-mRNA-1          1.2122307 1.0798176 1.1653004 1.1736411 1.3260883 1.3545024 1.1891202 1.2047578 1.2511900 1.2747376 1.1768719 1.1704898 1.5322335 1.1956226 1.1468212 1.2521709 1.2622543 1.3905032 0.8394713 1.2209153 1.2286242 0.9306026 1.1748430 0.8670711 1.1784057 1.3326273 1.2199229 1.4907132 1.1083152 1.6433139 1.7025304 1.0557573 1.1408888 1.2387936 0.7512422 0.7675953 1.4118141 0.0000000 0.8179555 0.7903606 0.8069164 1.1243351 0.9696030 1.1553788 1.0105059 1.1253672 0.9467015 0.9467015 1.2888652 0.2538121 1.8764487 1.8330686 1.2860780 1.7335787 1.2497775 1.4741513 1.7250308 1.6778176 1.3182086 1.5943548 1.5112014 1.6131106 0.6830080 2.0349732 2.1857928 2.9991619 
Aque_Aqu2.1.34483_001                                        1.3292103 1.2813168 1.2318575 1.2595414 1.1737638 1.3145648 1.2664780 1.3061907 1.2905319 1.2496087 1.2340228 1.2707293 1.4880947 1.2101739 1.1367491 1.1860318 1.2491389 1.4046681 0.9173873 1.1773485 1.1247121 0.8043251 1.1283336 0.7281559 1.0961447 1.2060512 1.1625130 1.4066153 1.2719822 1.4173137 1.5933335 1.0174212 1.1909845 1.2119719 1.0409013 1.1032647 1.9302897 0.8179555 0.0000000 0.3493775 0.3416111 1.2606083 1.1109333 1.1737394 1.0593192 1.3264542 1.0868777 1.0868777 1.4241060 1.1045053 1.9457755 1.7972498 1.2022834 1.5277292 1.1222360 1.3210895 1.4303194 1.4430805 1.2053423 1.6280163 1.4804702 1.4670111 0.9531915 2.0365173 2.0313717 2.2599689 
Halamb_c32610_g1_i1m.7203                                    1.4268945 1.3968629 1.4317310 1.3018073 1.3213312 1.4088020 1.3917134 1.4087081 1.4561020 1.4154874 1.2737727 1.4038231 1.5315121 1.2968723 1.2448707 1.2784763 1.3740677 1.4434811 0.9324911 1.3935464 1.3083282 0.9392786 1.2537797 0.7102414 1.2758122 1.2586130 1.2451396 1.4421274 1.2248897 1.5010852 1.5578526 1.0434191 1.3098027 1.2872721 1.0328073 1.0900084 1.9082771 0.7903606 0.3493775 0.0000000 0.2493457 1.3788628 1.2644841 1.3566618 1.1303772 1.4032463 1.2575023 1.2575023 1.4756347 1.0778809 1.7137905 1.6292173 1.0156235 1.4186133 1.0223040 1.3405517 1.4486639 1.4620340 1.1918156 1.4988435 1.3872469 1.4304539 0.9003934 1.9924753 1.9523319 3.0383440 
Xestes_snap_masked-XT_scaffold4206-processed-gene-0.5-mRNA-1 0.9959836 1.1751968 1.0051578 1.1199707 0.8961208 1.1443490 1.1175874 1.0956259 1.0781195 1.0821681 1.0768262 1.0713855 2.7607260 1.4163519 1.0265920 0.7300012 0.8086602 0.8375449 0.9288305 0.9360834 0.8685151 1.3708823 0.9290730 0.8834508 0.7538268 1.2350165 0.7636383 0.9521006 1.2098694 1.1066528 4.6337860 0.6759767 0.8745208 0.9255025 0.7563956 0.7000837 0.0000010 0.8069164 0.3416111 0.2493457 0.0000000 1.2702913 1.2961690 1.1280419 1.1280419 1.2787300 1.3152020 1.3152020 1.4264796 1.1759642 1.1971726 1.1971726 1.2798989 1.2361052 1.2361052 1.1897402 1.1319646 1.1319646 1.0501566 1.0958282 0.8110775 0.9654297 0.9061362 2.8018013 0.0000010 6.7368870 
HoiH23_PlH23_000267-RA                                       1.4586359 1.3769380 1.4029244 1.3213551 1.1612692 1.2247718 1.2711673 1.2149090 1.3127340 1.2750508 1.3790775 1.2474364 1.5091587 1.0844965 1.1699868 1.1484625 1.2975450 1.4678935 1.2407421 1.3185028 1.2590257 1.1977117 1.2571787 0.8623686 1.3378540 1.0971571 1.2207989 1.1827423 1.0575911 1.4480810 1.5431966 1.0742396 1.3100760 1.2086680 1.4117301 1.3805983 2.2412330 1.1243351 1.2606083 1.3788628 1.2702913 0.0000000 0.0451164 0.0887442 0.0644017 0.1633066 0.2484535 0.2484535 1.3557119 1.2340955 2.0484022 1.9394621 1.7710691 1.9512097 1.6722282 1.8347188 1.9327229 1.9867967 1.6381597 1.8577814 1.7235851 1.5510970 1.3983771 1.8528229 2.0897555 3.9761954 
HoiH06_mRNA14095                                             1.2844247 1.2435837 1.2567286 1.1160492 1.1098317 1.1281291 1.1378395 1.0786989 1.1661579 1.1323260 1.1933459 1.2933008 1.3218688 1.1279146 1.0010849 1.0640179 1.1553526 1.3509761 1.2402733 1.1520041 1.1072341 1.2024293 1.1279560 0.8173900 1.1848044 1.0117655 1.0882096 1.1170772 1.0539485 1.3374711 1.5309485 1.0208489 1.2455303 1.1016207 1.2547165 1.2154439 1.6104406 0.9696030 1.1109333 1.2644841 1.2961690 0.0451164 0.0000000 0.0669883 0.0445075 0.1630113 0.2288581 0.2288581 1.2119995 1.0246517 1.7991940 1.7513971 1.8302224 1.8194988 1.7095492 1.8868570 1.9181218 1.9181218 1.7353817 1.7677718 1.6035759 1.4836100 1.2153396 1.4843786 2.2818861 3.9966336 
Hhon_g05418.t1                                               1.4843163 1.4145082 1.4044181 1.3306133 1.1479604 1.2201098 1.2512705 1.1927916 1.2588471 1.2611786 1.3474238 1.3045662 1.5349836 1.1151363 1.1675043 1.1824234 1.3219195 1.4316063 1.1854688 1.2615830 1.2465089 1.2556242 1.2658062 0.7514955 1.2753043 1.0346022 1.2589623 1.2064856 1.0402212 1.5183740 1.5576700 1.0838178 1.3455737 1.2465214 1.3885393 1.3897612 2.2040423 1.1553788 1.1737394 1.3566618 1.1280419 0.0887442 0.0669883 0.0000000 0.0121626 0.1978379 0.2607184 0.2607184 1.3471637 1.2109541 1.9255612 1.9133752 1.7271054 1.9878567 1.6672035 1.8448266 1.9011139 1.9543417 1.6871040 1.8351161 1.7400155 1.5573860 1.4392156 1.9392565 2.2001031 3.8216545 
HoiH04_mRNA10665                                             1.3139341 1.2733201 1.2564477 1.1772587 1.1014460 1.1351204 1.1137005 1.0364098 1.1122424 1.0651623 1.1870191 1.0992326 1.3653872 1.1663233 0.9953426 0.9984190 1.0265253 1.2622376 1.1791234 1.1014673 1.0532611 1.2556242 1.0750637 0.7514955 1.1155433 0.9709329 1.0600206 1.0547536 1.0402212 1.1881386 1.9195149 0.9578925 1.2950885 0.9511619 1.2346850 1.2295061 8.9999985 1.0105059 1.0593192 1.1303772 1.1280419 0.0644017 0.0445075 0.0121626 0.0000000 0.1704737 0.2423486 0.2423486 1.1584994 1.2086967 1.5928870 1.5751378 1.7362280 1.7486426 1.6515187 1.7874189 1.7370995 1.7370995 1.7740709 1.6370877 1.6075459 1.3837187 1.1241079 2.1693710 2.7168552 5.5467245 
HoiH11_mRNA5453                                              1.4523755 1.3430687 1.2824109 1.2175526 1.3415465 1.2041500 1.2412461 1.1868726 1.2929056 1.2689719 1.2606294 1.2808364 1.5877997 1.3694393 1.0720788 1.1021950 1.1004779 1.3528043 1.3998076 1.2680028 1.2407102 1.1210075 1.1608622 0.7743776 1.3065122 1.1086493 1.1440781 1.2170805 1.2587730 1.3210551 2.4369054 1.0964879 1.3197155 1.0878125 1.3169289 1.4049754 8.9999985 1.1253672 1.3264542 1.4032463 1.2787300 0.1633066 0.1630113 0.1978379 0.1704737 0.0000000 0.2618706 0.2618706 1.3922622 1.2328888 1.8781799 1.8589045 2.2140102 2.0119898 1.9499778 2.0314820 2.0356903 2.0356903 2.0621549 1.9230387 1.8928423 1.5989671 1.2754809 2.0580131 2.9630332 5.8678662 
TrH2_TrispH2_001194-RA                                       1.2559500 1.0963449 1.0706510 1.0459349 1.0233179 0.9794646 1.0698336 1.0687285 1.1175002 1.1369176 1.1069735 1.3500913 1.2589806 1.1362400 0.9706479 1.0668632 1.1660815 1.3962386 1.3882314 1.2077375 1.2430381 1.2238173 1.1556878 0.8932642 1.1671062 1.0775107 1.1104334 1.1529834 1.2167916 1.3806010 1.4738776 0.9867685 1.2030699 1.1492990 1.2244168 1.1890125 1.4928680 0.9467015 1.0868777 1.2575023 1.3152020 0.2484535 0.2288581 0.2607184 0.2423486 0.2618706 0.0000000 0.0000010 1.1596514 0.9931680 1.8134864 1.7654858 2.1739118 1.8032902 1.9114005 1.8128903 1.9705378 1.9705378 1.8207857 1.7727754 1.6648497 1.4904161 1.2413289 1.5234025 2.0580790 3.9328551 
Tadh_TriadT25674                                             1.2559500 1.0963449 1.0706510 1.0459349 1.0233179 0.9794646 1.0698336 1.0687285 1.1175002 1.1369176 1.1069735 1.3500913 1.2589806 1.1362400 0.9706479 1.0668632 1.1660815 1.3962386 1.3882314 1.2077375 1.2430381 1.2238173 1.1556878 0.8932642 1.1671062 1.0775107 1.1104334 1.1529834 1.2167916 1.3806010 1.4738776 0.9867685 1.2030699 1.1492990 1.2244168 1.1890125 1.4928680 0.9467015 1.0868777 1.2575023 1.3152020 0.2484535 0.2288581 0.2607184 0.2423486 0.2618706 0.0000010 0.0000000 1.1596514 0.9931680 1.8134864 1.7654858 2.1739118 1.8032902 1.9114005 1.8128903 1.9705378 1.9705378 1.8207857 1.7727754 1.6648497 1.4904161 1.2413289 1.5234025 2.0580790 3.9328551 
Ctel_gnl_WGS_AMQN_CAPTEDRAFT_mRNA18905                       1.2793242 1.2531572 1.2098886 1.3240736 1.0751772 0.9194155 1.1255768 1.1060003 1.1620365 1.1974579 1.1635695 1.2393814 1.3686746 1.1181820 1.1904491 1.0366455 1.1470246 1.2927726 1.1174633 1.3396266 1.2353338 1.2639270 1.2863238 0.7460542 1.0893471 1.0989975 1.0601329 1.2635473 1.0952773 1.3834336 1.5467608 1.1295138 1.3715725 1.2731354 1.4652097 1.4002230 1.9075652 1.2888652 1.4241060 1.4756347 1.4264796 1.3557119 1.2119995 1.3471637 1.1584994 1.3922622 1.1596514 1.1596514 0.0000000 1.1905952 1.8080776 1.7751797 1.3821881 1.6446604 1.3897171 1.4255458 1.5819178 1.6125769 1.4015570 1.6246702 1.6446458 1.2319460 1.3307574 1.7752515 1.8354274 3.4247934 
Stycar_maker-SC_scaffold3235-augustus-gene-0.40-mRNA-1       1.1886258 1.0745868 1.1305879 1.2756605 1.2325106 1.3778531 1.4411982 1.4298612 1.4821509 1.4720348 1.2579069 1.2600527 1.4571136 1.1123468 1.3578226 1.2749207 1.4317500 1.4714891 0.8489835 1.1881201 1.3347228 0.8812113 1.2584798 1.2520167 1.2436873 1.5241475 1.3386280 1.5792089 1.1751948 1.7733910 1.6204051 1.1443393 1.2754633 1.5232048 0.9208107 0.9299502 1.3671674 0.2538121 1.1045053 1.0778809 1.1759642 1.2340955 1.0246517 1.2109541 1.2086967 1.2328888 0.9931680 0.9931680 1.1905952 0.0000000 2.2356974 2.1370256 1.4505760 2.1009043 1.4637438 1.7578000 2.0292642 2.0216727 1.4438519 1.7546933 1.6495206 1.6685244 0.7450551 1.8636917 1.4693305 2.7014984 
Pbac_sb2654169                                               1.6687893 1.6745895 1.7819289 1.8818013 1.8415850 1.9921568 1.7096848 1.6943157 1.6350429 1.6759067 1.6223930 1.6285990 2.0085538 1.6753386 1.6227277 1.5399431 1.8033706 1.6028037 1.1070578 1.5176061 1.5111145 1.8272602 1.6734944 0.9467938 1.7397851 1.5539996 1.8486987 1.8155479 1.9555402 1.9558556 2.2935193 1.7482102 1.8253636 1.8603596 2.1485177 2.1011992 4.3485184 1.8764487 1.9457755 1.7137905 1.1971726 2.0484022 1.7991940 1.9255612 1.5928870 1.8781799 1.8134864 1.8134864 1.8080776 2.2356974 0.0000000 0.0187730 0.4321470 0.5677715 0.4569156 0.5884277 0.6586395 0.6578803 0.5137429 0.7954185 0.6749814 1.8721562 2.1511382 2.8992315 2.6339061 4.2538435 
Horcal_Hcv1.av93.c2.g417.i1                                  1.6074802 1.6097096 1.6983546 1.8964096 1.7934250 1.9423734 1.6043106 1.5991569 1.5525461 1.5623965 1.5641301 1.6040044 1.9303621 1.6335957 1.5659285 1.5059234 1.7145274 1.5126536 1.1022122 1.4582433 1.4538652 1.8272602 1.5993347 0.9467938 1.6452689 1.5154159 1.7944283 1.8147781 1.9555402 1.8660035 2.1558934 1.6562763 1.7234679 1.7919083 2.0024120 1.9548211 3.7713194 1.8330686 1.7972498 1.6292173 1.1971726 1.9394621 1.7513971 1.9133752 1.5751378 1.8589045 1.7654858 1.7654858 1.7751797 2.1370256 0.0187730 0.0000000 0.4392444 0.5574196 0.4620027 0.5846266 0.6533183 0.6495707 0.5075511 0.7901477 0.6615751 1.8604378 2.1025761 2.5840732 2.5513739 4.0491850 
Bolinf_Binf_sb1218510                                        1.5985425 1.5844000 1.6495197 1.6001609 1.4343522 1.5516299 1.2726448 1.2273118 1.2717210 1.2082282 1.3160473 1.2641144 1.7590455 1.5897125 1.2569886 1.1504557 1.1768745 1.2076070 1.2195889 1.2728655 1.1466609 1.6813168 1.2940830 1.0822638 1.3962692 1.1977592 1.5163756 1.4195011 1.7263995 1.5220970 2.1469247 1.1479029 1.4147202 1.3073602 1.5707951 1.5325733 9.0000000 1.2860780 1.2022834 1.0156235 1.2798989 1.7710691 1.8302224 1.7271054 1.7362280 2.2140102 2.1739118 2.1739118 1.3821881 1.4505760 0.4321470 0.4392444 0.0000000 0.1649796 0.1649796 0.3103689 0.3875321 0.3875321 0.4453220 0.5253654 0.4728928 1.5708082 1.5882648 2.6522269 2.7618276 5.1610939 
Mlei_ML1541.g49.i1                                           1.6145157 1.5945402 1.7503268 1.5710134 1.6681214 1.7931079 1.5254875 1.5134888 1.5666422 1.5785577 1.6489711 1.5700394 1.9275475 1.6461213 1.5830465 1.4757211 1.5525985 1.6709911 1.2019770 1.6146098 1.5542169 1.7855648 1.6604035 1.0922908 1.5855550 1.5910987 1.7520070 1.7197598 1.6843492 1.8241732 2.1220592 1.5855209 1.6321627 1.6307395 2.0707460 2.0814094 4.3015825 1.7335787 1.5277292 1.4186133 1.2361052 1.9512097 1.8194988 1.9878567 1.7486426 2.0119898 1.8032902 1.8032902 1.6446604 2.1009043 0.5677715 0.5574196 0.1649796 0.0000000 0.0000010 0.4123428 0.4858184 0.4979068 0.4195887 0.7184149 0.7426781 1.5724270 2.0514599 2.4552320 2.6214528 3.6261155 
Vmul_sbMO400077                                              1.4462491 1.4748782 1.5463156 1.4309945 1.3755969 1.5771447 1.2306961 1.1977109 1.1668259 1.1507421 1.2425802 1.1695121 1.5085324 1.4593340 1.2147958 1.0617181 1.0480551 1.1963265 1.2019770 1.1724917 1.0682915 1.7855648 1.2221889 1.0922908 1.2926156 1.2417738 1.4493675 1.4091530 1.6843492 1.4824901 1.9468282 1.1993824 1.2753486 1.3025349 1.4410118 1.5171535 9.0000000 1.2497775 1.1222360 1.0223040 1.2361052 1.6722282 1.7095492 1.6672035 1.6515187 1.9499778 1.9114005 1.9114005 1.3897171 1.4637438 0.4569156 0.4620027 0.1649796 0.0000010 0.0000000 0.3064692 0.3550912 0.3550912 0.3754953 0.4789157 0.4917463 1.3189171 1.4848589 2.1341821 2.9266089 4.6109785 
