68
Lcom_lcpid84352                         0.0000000 0.2678622 0.4347977 0.5200413 0.5561061 0.9910858 0.8657514 1.0036329 1.0150679 1.0719283 1.1776199 1.1188257 1.0458119 0.8928506 1.1302816 1.1459407 0.5176073 0.8861765 0.9705271 0.9546474 0.9358358 0.8337079 0.9275116 1.0797157 1.0124799 1.0037511 1.2161595 0.9129257 0.9918648 0.7158248 1.0281932 0.7511591 0.9996659 1.1048507 1.2357907 1.2760377 1.1774758 1.1705767 1.4479307 1.4313429 1.4704707 1.4921400 1.5754502 1.5777762 1.5818655 1.2576960 1.3236165 1.4668214 1.2996621 1.4870215 1.9119611 1.8445062 2.0518681 1.7411239 1.2144671 2.1766754 1.8602399 1.8382251 1.6807469 1.6593356 1.7267349 1.4390480 1.9108338 1.8100025 1.7051219 1.7711223 1.5838323 1.9752497 
Leuniv_Lniv_scaffold18664_01            0.2678622 0.0000000 0.3450474 0.4396966 0.5347704 0.8184522 0.7717052 0.8053144 0.7922322 0.8638794 0.8915675 0.8594284 0.7999887 0.8168692 0.9433536 0.9234550 0.4374430 0.7683632 0.7970286 0.7584235 0.7508420 0.8257245 0.8838157 0.8091756 0.8086365 0.8497861 0.9765017 0.7979592 1.0497051 0.7998968 0.7866958 0.6240820 0.8756515 0.8714358 0.9949312 1.0500248 0.9331198 1.0325788 1.1529552 1.2210518 1.1372314 1.1070612 1.2650485 1.2646345 1.2330220 1.0977234 1.1460669 1.2432482 1.1521738 1.2619295 1.6471008 1.6539010 1.8281046 1.5602022 1.3822666 1.7063890 1.7563861 1.7563861 1.7908699 1.7313884 1.7313884 1.5245337 1.7612990 1.6656627 1.6137066 1.6854940 1.6641740 1.9757321 
Scil_scict014618.1                      0.4347977 0.3450474 0.0000000 0.3812010 0.5811820 1.0123006 0.8665972 0.9926273 1.0001254 1.0334335 1.1248174 1.0558596 1.0615148 0.9828886 1.0746074 1.0536468 0.4843664 0.9671180 0.9619196 0.9615229 0.9106565 0.9657739 1.1121566 1.0660752 1.0313179 1.0847119 1.1904055 0.9617798 1.1659821 0.8914478 0.9620993 0.8156099 1.0461087 1.2474132 1.2455708 1.1381189 1.1674980 1.1538935 1.3236119 1.3263941 1.4101836 1.4128798 1.5432382 1.5424565 1.5214480 1.1881410 1.3541577 1.4131226 1.3998360 1.3323820 1.8115383 1.7528784 1.9890139 1.7569347 1.2274224 2.1623212 1.8832469 1.8611805 1.6608946 1.6728416 1.7215072 1.3921774 1.9182944 1.7326472 1.5882838 1.8615480 1.6031119 2.1631911 
Gracom_Gcom_C555332_01                  0.5200413 0.4396966 0.3812010 0.0000000 0.6155993 1.3558867 0.8764100 1.3227099 1.3458355 1.3257326 1.6159177 1.4876630 1.4783000 0.8843725 1.3681934 1.3191012 0.4393201 1.2700456 1.2748824 1.2391676 1.2445562 0.9062293 1.4696815 1.4289982 1.4863403 1.3630941 1.5444620 1.3871264 1.6921740 0.9708719 1.2762867 1.1776048 1.3306248 1.4265983 1.5905036 1.6185877 1.4310096 1.4606277 1.8306086 1.7149239 1.8352279 1.7968727 1.9551126 1.9542398 1.9616414 1.2691813 1.7165212 1.7945518 1.7614886 1.6324482 1.8416322 1.7883743 2.0138749 1.7414921 1.1998752 2.1061882 1.8205701 1.8020944 1.6629776 1.5885374 1.6471215 1.2049858 1.9512027 1.6993105 1.6304763 1.7583830 1.5821881 2.0098796 
Clacor_Ccor_C530031_01                  0.5561061 0.5347704 0.5811820 0.6155993 0.0000000 0.6238663 0.5687605 0.6372182 0.6389365 0.6154457 0.7002005 0.6740154 0.6005647 0.6532463 0.8406705 0.7496541 0.3879248 0.6422319 0.6471430 0.6223660 0.5906946 0.6442687 0.6695702 0.7551357 0.7655099 0.7075694 0.8279415 0.6639187 0.7871840 0.7224024 0.6807653 0.5379503 0.6204487 0.6512153 0.8497256 0.8504525 0.8969599 0.8801233 0.9865681 1.0854403 0.9362600 0.9108796 1.0588399 1.0718687 0.9218882 0.8046731 0.9194002 1.1829406 0.9680624 1.1155262 1.5991344 1.6071512 1.7753437 1.5215082 1.2328142 2.0411391 1.6308011 1.6308011 1.6524000 1.6524000 1.6524000 1.3909395 1.6919892 1.5912423 1.6267154 1.4739227 1.4512646 1.7251796 
Fspp_ffun1.m4.17905.m1                  0.9910858 0.8184522 1.0123006 1.3558867 0.6238663 0.0000000 0.0408736 0.2202473 0.2032349 0.2693900 0.5198283 0.4741303 0.9462226 0.4437835 1.0800676 1.0935871 0.3017655 0.6788140 0.5831580 0.6429858 0.8856720 0.5552971 1.1331074 1.0508323 1.0685535 0.8247753 1.1188302 1.0124310 1.1911639 0.5945692 0.9999283 0.9727969 0.9911827 1.0027793 1.1276280 1.1478569 1.0240179 0.9711452 1.2934485 1.2843384 1.3606546 1.3282666 1.4434709 1.4530645 1.3874773 0.8958599 1.3466823 1.3408551 1.3160367 1.4941391 2.0032547 1.9602677 2.3577321 1.8170589 1.3447216 2.1512531 1.8422771 1.8364695 1.7422042 1.6046673 1.6600461 1.2878159 1.8694880 1.8812679 1.7193469 1.7444335 1.4836801 1.9947845 
Gasp_gasp1.m3.10831.m1                  0.8657514 0.7717052 0.8665972 0.8764100 0.5687605 0.0408736 0.0000000 0.0936729 0.0981226 0.1350397 0.1874833 0.1817324 0.4327145 0.4436545 0.6287852 0.6408059 0.2999126 0.3480397 0.3076030 0.3629151 0.5451953 0.5930736 0.5136657 0.6117603 0.6428726 0.4327870 0.7882690 0.5233829 0.6388828 0.3677524 0.5782136 0.5039295 0.6404101 0.6387804 0.6924725 0.7643716 0.5954925 0.7030072 0.7452687 0.8724285 0.8395251 0.8209734 0.8723835 0.8812382 0.8193532 0.7853933 0.7892481 0.8673530 0.9040542 0.9784908 1.6491580 1.6527323 1.9463280 1.4500060 1.1643317 1.6891280 1.5646363 1.5646363 1.5168460 1.5353129 1.5353129 1.2907256 1.5885291 1.5485386 1.5014741 1.4506837 1.3898609 1.7165741 
Spis_XP_022794288_1                     1.0036329 0.8053144 0.9926273 1.3227099 0.6372182 0.2202473 0.0936729 0.0000000 0.0661706 0.3251900 0.5283809 0.4771072 0.9056702 0.4657735 1.0435850 1.0607432 0.3017655 0.6697877 0.6150813 0.6174439 0.9250949 0.5847351 1.1880597 1.0144277 1.0587840 0.8008727 1.1186866 1.0401642 1.2236757 0.5834020 0.9494742 1.0327949 1.0138659 1.0803282 1.1745583 1.1295470 1.0586903 0.9433214 1.3201003 1.2144375 1.3687942 1.2809037 1.4149489 1.4187302 1.3982131 0.8858286 1.2527640 1.3167122 1.2617777 1.4784101 1.8456999 1.8035240 2.1870817 1.7011778 1.3347415 1.9444235 1.7304783 1.7248959 1.6853348 1.5566413 1.6130720 1.2083083 1.7471307 1.7665856 1.6105348 1.6995505 1.4701642 1.8863751 
Pocdam_XM_027201205.1                   1.0150679 0.7922322 1.0001254 1.3458355 0.6389365 0.2032349 0.0981226 0.0661706 0.0000000 0.3268430 0.5384118 0.4925301 0.8991349 0.4523957 1.0705591 1.0857395 0.3017655 0.6562908 0.6139610 0.6388163 0.9397256 0.5757417 1.1976172 1.0216092 1.0770551 0.8147245 1.1383075 1.0177116 1.1702733 0.5353417 0.9663286 1.0156843 0.9694424 1.0854695 1.1944011 1.1637475 1.0225523 0.9164884 1.3001797 1.2358787 1.3806527 1.3211880 1.4415400 1.4453666 1.4002581 0.8670198 1.2749783 1.3419024 1.2988447 1.4807559 1.8617854 1.8136070 2.1715394 1.7095984 1.3305877 1.9626749 1.7281486 1.7225677 1.6740400 1.5709891 1.6201561 1.1882133 1.7597159 1.7843333 1.6161902 1.6947958 1.4604563 1.8640186 
Gfas_gfas1.m1.20825.m1                  1.0719283 0.8638794 1.0334335 1.3257326 0.6154457 0.2693900 0.1350397 0.3251900 0.3268430 0.0000000 0.4177939 0.3932454 0.8677698 0.4307226 1.0932769 1.0693467 0.3743546 0.6986590 0.5801865 0.6607128 0.9160429 0.5573900 1.0453156 0.9864650 1.1223491 0.8100686 1.1184962 0.9707727 1.1548197 0.6655807 0.9995094 0.9737651 1.0151370 0.9853757 1.1566022 1.1391914 1.0882596 0.9989529 1.2313867 1.3090510 1.3293569 1.2840896 1.4051565 1.4149760 1.3385174 0.8914819 1.3029230 1.3762149 1.3500437 1.5349144 2.0310421 1.9855324 2.4301537 1.8218041 1.4579539 2.0692298 1.8618471 1.8573586 1.7970812 1.7240090 1.7565391 1.2582683 1.8297219 1.9368089 1.7094436 1.7328050 1.5631755 1.9533893 
Amil_Amillepora09318-RA                 1.1776199 0.8915675 1.1248174 1.6159177 0.7002005 0.5198283 0.1874833 0.5283809 0.5384118 0.4177939 0.0000000 0.0119999 0.9794516 0.3663421 1.2026102 1.2098791 0.3224542 0.9222378 0.7966774 0.8957458 1.1593473 0.6715496 1.3564767 1.1774339 1.2161417 0.9274696 1.3693434 1.1448913 1.3159013 0.6808235 1.2430088 1.2194603 1.1075366 1.2048941 1.2943728 1.2835606 1.2075312 1.0980524 1.2829819 1.3998241 1.6262161 1.5690580 1.6315115 1.6432203 1.7632390 1.0475599 1.4354430 1.5536637 1.4960869 1.6706010 2.0215156 1.9686441 2.3482907 1.9260522 1.5027308 2.2341079 1.9426733 1.9360994 1.8096140 1.7879980 1.7853575 1.3063523 2.0181889 1.9912216 1.8147129 1.9101619 1.6565165 1.9629795 
Adig_XM_015905023.1                     1.1188257 0.8594284 1.0558596 1.4876630 0.6740154 0.4741303 0.1817324 0.4771072 0.4925301 0.3932454 0.0119999 0.0000000 0.9192175 0.3947016 1.1246314 1.1316743 0.3635102 0.8477586 0.7287403 0.8283898 1.0509601 0.6652608 1.2249024 1.1078865 1.1552141 0.8443868 1.2684978 1.0520463 1.2938135 0.6673966 1.1310222 1.1450872 1.0430055 1.1008128 1.1625740 1.1686620 1.0829520 1.0163180 1.1864733 1.3457304 1.4557295 1.4023819 1.4741133 1.4838813 1.5873037 0.9639785 1.3011108 1.4064192 1.3697848 1.5547595 1.9258572 1.8801668 2.3501279 1.7937246 1.4324631 2.0338955 1.8070376 1.8013084 1.7857909 1.6638825 1.6692272 1.3590904 1.8560595 1.8499772 1.6994401 1.7829791 1.5520404 1.8961798 
Morvir_scaffold245.g23.t1               1.0458119 0.7999887 1.0615148 1.4783000 0.6005647 0.9462226 0.4327145 0.9056702 0.8991349 0.8677698 0.9794516 0.9192175 0.0000000 0.3001499 0.9276681 0.8846178 0.2797464 0.8784141 0.9174202 0.8032795 0.9944799 0.5451661 1.2031565 1.1897635 1.3038662 1.0095903 1.1282269 1.1062640 1.2944012 0.6271335 1.0246425 1.1542445 0.8133580 0.8617919 1.1887727 1.1465742 1.0515993 0.9751285 1.2743586 1.2901125 1.2133245 1.1754022 1.3844498 1.3851115 1.4473732 0.9193264 1.3233409 1.3528154 1.3402083 1.5543383 1.9801087 1.9286300 2.3148282 1.9254303 1.4207122 2.2781199 1.9520699 1.9489628 1.8467354 1.7129947 1.8233098 1.3789944 2.0272213 2.0139569 1.7377376 1.8502850 1.4998716 2.0337010 
Aaur_scaffold1315.g5.t1                 0.8928506 0.8168692 0.9828886 0.8843725 0.6532463 0.4437835 0.4436545 0.4657735 0.4523957 0.4307226 0.3663421 0.3947016 0.3001499 0.0000000 0.1807558 0.1816675 3.1092219 0.4805712 0.3964804 0.4458482 0.5635965 0.6061091 0.5932275 0.5523407 0.5910250 0.5179059 0.3801548 0.5167539 0.5921904 0.3575534 0.6445088 0.4706662 0.4433138 0.4091734 0.5118374 0.6072434 0.5663401 0.6324188 0.6787907 0.8500551 0.5734189 0.5443894 0.6398322 0.6398322 0.6634294 0.6634294 0.6820913 0.5634697 0.5612597 0.8493894 1.8004399 1.8063116 2.7142478 1.7205989 1.5962222 1.6684828 1.9301124 1.9301124 1.9711017 1.9711017 1.9711017 1.8564308 1.8711641 1.9349827 1.9817091 1.7804100 1.8131570 2.1057183 
Rhoesc_Res_012774-T1                    1.1302816 0.9433536 1.0746074 1.3681934 0.8406705 1.0800676 0.6287852 1.0435850 1.0705591 1.0932769 1.2026102 1.1246314 0.9276681 0.1807558 0.0000000 0.2017394 0.2682226 1.0564794 1.0701574 1.0250288 1.1038962 0.6095985 1.3098292 1.1327983 1.2385203 1.1988823 0.9980691 1.2458390 1.4726817 0.8445335 1.1187848 1.2746688 1.0514983 1.0894023 1.2256577 1.2554441 1.1583115 1.2428907 1.3570059 1.4586395 1.3851853 1.2584847 1.5047882 1.5124480 1.5398184 0.9126893 1.4348525 1.4100467 1.3089810 1.4664772 1.8204390 1.7795820 2.1748237 1.9547183 1.7271095 2.0471357 1.8578114 1.8550620 1.8726739 1.7125760 1.7795383 1.2691165 2.1171512 2.1087225 1.8705762 1.8788245 1.6061206 2.0034143 
Nemnom_g11358.t1                        1.1459407 0.9234550 1.0536468 1.3191012 0.7496541 1.0935871 0.6408059 1.0607432 1.0857395 1.0693467 1.2098791 1.1316743 0.8846178 0.1816675 0.2017394 0.0000000 0.2828091 1.0525322 1.0823864 1.0004592 1.1195129 0.6225732 1.2968841 1.1923329 1.2760716 1.1862675 0.9689874 1.2362195 1.4741723 0.8466081 1.1784245 1.3073436 1.0729172 1.0757269 1.2393231 1.2270524 1.2173539 1.2378360 1.3873337 1.4028443 1.4415653 1.3175381 1.5638468 1.5718243 1.4893193 0.8837647 1.3911889 1.3112024 1.3031323 1.4447493 1.7142941 1.6883834 2.0482068 1.9936383 1.7256188 2.1132473 1.7827648 1.7800676 1.8885776 1.7175664 1.7906809 1.2847946 2.0830157 2.0822445 1.9025274 1.8326958 1.6119157 1.9937259 
Aaur_scaffold5018.g1.t1                 0.5176073 0.4374430 0.4843664 0.4393201 0.3879248 0.3017655 0.2999126 0.3017655 0.3017655 0.3743546 0.3224542 0.3635102 0.2797464 3.1092219 0.2682226 0.2828091 0.0000000 0.2530085 0.2823662 0.2532710 0.3714258 1.0612980 0.4189270 0.5176543 0.5594723 0.3460500 0.3264942 0.3908863 0.3720307 0.3720307 0.4725329 0.3734326 0.3547248 0.3732313 0.2894842 0.3546859 0.3860586 0.3003406 0.4106028 0.3677739 0.5204349 0.5587320 0.5355860 0.5355860 0.5936776 0.5792645 0.4806565 0.5716323 0.6011963 0.4546791 0.9466288 0.9466288 1.0190910 0.9932236 0.9108258 2.6774412 0.9249669 0.9249669 0.8895911 0.8444326 0.8444326 1.0237992 0.9993507 0.8839231 0.9776846 0.9158031 0.9035690 0.8587145 
Dgig_XM_028541079.1                     0.8861765 0.7683632 0.9671180 1.2700456 0.6422319 0.6788140 0.3480397 0.6697877 0.6562908 0.6986590 0.9222378 0.8477586 0.8784141 0.4805712 1.0564794 1.0525322 0.2530085 0.0000000 0.6180158 0.7222040 0.8258726 0.5353544 0.9561727 0.9354493 0.9268726 0.4998333 1.0831442 1.0096590 1.3445120 0.6561063 0.8841204 0.8598304 0.8761149 0.9032189 1.0697723 1.0590630 1.0360076 0.9395727 1.2320084 1.2332684 1.4635742 1.3604672 1.4821792 1.4918805 1.3933714 0.8713064 1.2540220 1.2152869 1.2159564 1.3714667 1.9047747 1.8619859 2.2042265 1.7301588 1.1131613 2.2074013 1.7800828 1.7722374 1.6770651 1.6629573 1.7223490 1.2369999 1.8722729 1.9042730 1.7642338 1.6934421 1.4125000 1.9266685 
Nvec_v1g116885                          0.9705271 0.7970286 0.9619196 1.2748824 0.6471430 0.5831580 0.3076030 0.6150813 0.6139610 0.5801865 0.7966774 0.7287403 0.9174202 0.3964804 1.0701574 1.0823864 0.2823662 0.6180158 0.0000000 0.5687186 0.9212775 0.5102532 1.0113086 0.9278121 0.9584441 0.7822009 1.0827248 0.9597122 1.1888649 0.6493955 0.9112464 0.8933454 1.0077728 0.9573594 1.1516544 1.2603643 1.1159365 0.9499219 1.2521095 1.2903095 1.2533945 1.2774794 1.3444918 1.3537655 1.4075327 0.9147654 1.3789144 1.3220737 1.3096641 1.3764631 2.0317542 1.9776264 2.3854625 1.7838607 1.0971132 2.3494426 1.8707181 1.8646764 1.7340181 1.7352696 1.7859441 1.3043216 1.9052217 1.9214025 1.8613658 1.7335760 1.4388177 1.9036157 
Exapal_XM_021047224.2                   0.9546474 0.7584235 0.9615229 1.2391676 0.6223660 0.6429858 0.3629151 0.6174439 0.6388163 0.6607128 0.8957458 0.8283898 0.8032795 0.4458482 1.0250288 1.0004592 0.2532710 0.7222040 0.5687186 0.0000000 0.8720638 0.5604466 1.0497324 1.0054685 0.9891533 0.8266965 1.1201897 1.0326527 1.2489645 0.6852209 0.9748388 1.0036641 1.0038819 0.9885541 1.2708269 1.2154563 1.1038493 0.9875237 1.2797398 1.3002952 1.3757768 1.3280963 1.3914099 1.4007571 1.3509617 0.9259707 1.3615504 1.3888585 1.3225630 1.4339505 1.9830072 1.9469224 2.3894274 1.7859924 1.2789674 2.1383425 1.9114547 1.8941968 1.8005091 1.7503149 1.8018952 1.2382324 1.8810402 1.9160318 1.8072308 1.7229302 1.5264343 1.9997512 
Tetwil_g5565.t2                         0.9358358 0.7508420 0.9106565 1.2445562 0.5906946 0.8856720 0.5451953 0.9250949 0.9397256 0.9160429 1.1593473 1.0509601 0.9944799 0.5635965 1.1038962 1.1195129 0.3714258 0.8258726 0.9212775 0.8720638 0.0000000 0.3356694 0.7631729 0.8316239 0.7885418 0.9550810 1.2631412 1.0317575 1.2936044 0.6366198 0.7738365 0.9416388 1.1022076 1.0805153 1.2455459 1.0722595 1.0145873 1.1224798 1.1827758 1.2110574 1.4607364 1.4087405 1.5604554 1.5682887 1.5079252 0.9488729 1.3271074 1.2949228 1.2956279 1.3529516 1.9852889 1.9744090 2.2829274 1.9058509 1.2290274 2.4330182 1.8869718 1.8698679 1.5885629 1.5849184 1.6728537 1.2330532 1.9922732 1.9535120 1.7492787 1.7957163 1.4823331 2.0798830 
Spolac_c91759_g1_i1_m.7202c91759-g1     0.8337079 0.8257245 0.9657739 0.9062293 0.6442687 0.5552971 0.5930736 0.5847351 0.5757417 0.5573900 0.6715496 0.6652608 0.5451661 0.6061091 0.6095985 0.6225732 1.0612980 0.5353544 0.5102532 0.5604466 0.3356694 0.0000000 0.0666878 0.4465306 0.4026425 0.6340545 0.8018412 0.5995525 0.8646962 0.5662341 0.4469392 0.5367338 0.6422959 0.7696386 0.7737996 0.9247771 0.6347551 0.6845998 0.8138791 0.8167710 0.8249757 0.7944715 0.9167294 0.9167294 0.8912958 0.8912958 0.9059599 0.8720369 0.7928336 1.0750198 2.2538203 2.2435523 2.5410012 2.0033356 1.7121935 2.0170401 2.1077183 2.1077183 2.0999161 2.0628372 2.0628372 2.2121998 2.0856602 2.3651806 2.1183926 1.8768860 1.8299472 2.1853883 
Emue_Em0015g1045a.t1                    0.9275116 0.8838157 1.1121566 1.4696815 0.6695702 1.1331074 0.5136657 1.1880597 1.1976172 1.0453156 1.3564767 1.2249024 1.2031565 0.5932275 1.3098292 1.2968841 0.4189270 0.9561727 1.0113086 1.0497324 0.7631729 0.0666878 0.0000000 0.9386493 1.0211629 1.1049916 1.5441230 1.1639397 1.5582175 0.6974108 0.8534821 1.1095943 1.2278759 1.1819245 1.4881594 1.5067072 1.3143892 1.3466119 1.4509760 1.5930969 1.6583383 1.5836557 1.8721081 1.8844899 1.6484132 1.0054899 1.5940283 1.6502804 1.7807753 1.5864635 2.3835229 2.3599319 2.9389283 2.4678513 1.6806965 2.9998479 2.3664825 2.3430989 2.1719918 1.9998162 2.1286157 1.7248452 2.5392385 2.5895945 2.2475265 2.1142698 1.6711685 2.5095154 
Aque_Aqu2.1.34419_001                   1.0797157 0.8091756 1.0660752 1.4289982 0.7551357 1.0508323 0.6117603 1.0144277 1.0216092 0.9864650 1.1774339 1.1078865 1.1897635 0.5523407 1.1327983 1.1923329 0.5176543 0.9354493 0.9278121 1.0054685 0.8316239 0.4465306 0.9386493 0.0000000 0.4037557 1.0703764 1.2350903 1.0467094 1.3262632 0.5936469 0.9521523 1.0770651 1.2666179 1.2169439 1.3690090 1.2617000 1.2110985 1.1433291 1.3239798 1.3269723 1.5336502 1.4872278 1.6304727 1.6413828 1.6235065 1.0422226 1.3448562 1.3070562 1.3561383 1.2762477 2.1424123 2.1074337 2.3583757 1.9772798 1.2751282 2.4663511 1.9913530 1.9713803 1.7713776 1.7282122 1.8118510 1.2794256 2.0713197 2.0680634 2.0190556 1.7929668 1.5710037 1.9705464 
Halamb_c52007_g1_i1m.31912              1.0124799 0.8086365 1.0313179 1.4863403 0.7655099 1.0685535 0.6428726 1.0587840 1.0770551 1.1223491 1.2161417 1.1552141 1.3038662 0.5910250 1.2385203 1.2760716 0.5594723 0.9268726 0.9584441 0.9891533 0.7885418 0.4026425 1.0211629 0.4037557 0.0000000 1.0270143 1.2854513 1.0631922 1.4175602 0.6376651 0.9070713 1.0459608 1.2908868 1.2824252 1.3915324 1.2759503 1.2531031 1.1992252 1.4259422 1.3264262 1.4757367 1.4466737 1.5746497 1.5825246 1.5395937 0.9471206 1.3619403 1.3143905 1.3928228 1.3994893 2.0643754 2.0624956 2.2682726 2.0205979 1.2667471 2.5845146 1.9569628 1.9374489 1.6891759 1.7464569 1.8350458 1.3272492 2.1264850 2.1733154 2.0096201 1.7823983 1.5550117 1.9807159 
Xesp_005092-T1                          1.0037511 0.8497861 1.0847119 1.3630941 0.7075694 0.8247753 0.4327870 0.8008727 0.8147245 0.8100686 0.9274696 0.8443868 1.0095903 0.5179059 1.1988823 1.1862675 0.3460500 0.4998333 0.7822009 0.8266965 0.9550810 0.6340545 1.1049916 1.0703764 1.0270143 0.0000000 1.2250585 0.9607500 1.2263639 0.5319755 1.0590226 1.1175065 1.0774033 0.9811605 1.2582194 1.2382353 1.0669908 1.0406235 1.3926580 1.3196609 1.4556680 1.4479715 1.5379162 1.5372010 1.3334452 0.8539719 1.3981835 1.2938046 1.2665127 1.4505008 1.9872666 1.9543370 2.3596635 1.9013434 1.3043760 2.3644184 1.9175358 1.8983680 1.7183701 1.6996074 1.7525626 1.2692063 1.9237893 1.9856840 1.7797393 1.7207591 1.4574961 1.9380541 
Sanmal_Sma_018899-T1                    1.2161595 0.9765017 1.1904055 1.5444620 0.8279415 1.1188302 0.7882690 1.1186866 1.1383075 1.1184962 1.3693434 1.2684978 1.1282269 0.3801548 0.9980691 0.9689874 0.3264942 1.0831442 1.0827248 1.1201897 1.2631412 0.8018412 1.5441230 1.2350903 1.2854513 1.2250585 0.0000000 1.4208828 1.3915397 0.5859458 1.2847244 1.3688088 1.1325080 1.2192877 1.5475100 1.4684891 1.3176025 1.3120221 1.6088419 1.5593800 1.7175288 1.6247008 1.7908103 1.7940608 1.8535859 1.1130896 1.6528054 1.6040126 1.4490992 1.6847148 2.0542758 1.9958666 2.4814259 2.0462965 1.6777588 2.2361836 2.1432775 2.1639002 2.0673203 2.0452030 2.0939560 1.2215779 2.3006688 2.2208359 1.9421554 1.9880989 1.6755711 2.1169469 
Opea_EP00118_Oscarella_pearsei_P012557  0.9129257 0.7979592 0.9617798 1.3871264 0.6639187 1.0124310 0.5233829 1.0401642 1.0177116 0.9707727 1.1448913 1.0520463 1.1062640 0.5167539 1.2458390 1.2362195 0.3908863 1.0096590 0.9597122 1.0326527 1.0317575 0.5995525 1.1639397 1.0467094 1.0631922 0.9607500 1.4208828 0.0000000 0.1876035 0.1855940 1.0799313 0.7426996 1.1784878 1.2738604 1.2184183 1.2336120 1.1882926 1.1329228 1.3126003 1.3071027 1.5000250 1.4027684 1.5146449 1.5139646 1.4693522 0.9400186 1.4815779 1.3014763 1.5062000 1.4440575 1.9641379 1.9217508 2.2925870 1.9057455 1.3381726 2.3169522 1.9697570 1.9576169 1.8640097 1.7700928 1.8468163 1.3137780 2.0946028 2.2180628 1.8874816 1.8167010 1.5107168 1.9218748 
Ocar_g463                               0.9918648 1.0497051 1.1659821 1.6921740 0.7871840 1.1911639 0.6388828 1.2236757 1.1702733 1.1548197 1.3159013 1.2938135 1.2944012 0.5921904 1.4726817 1.4741723 0.3720307 1.3445120 1.1888649 1.2489645 1.2936044 0.8646962 1.5582175 1.3262632 1.4175602 1.2263639 1.3915397 0.1876035 0.0000000 0.0363267 1.2995022 1.0119728 1.2762333 1.4243795 1.4268600 1.4356360 1.4991783 1.3905148 1.5686201 1.5572319 1.9552285 1.5280882 1.8414565 1.8437505 1.7350983 1.0791377 1.7306432 1.7101115 1.6858172 1.7422754 2.1964380 2.2222988 2.3528002 2.1291463 1.6445326 2.6644356 2.4021885 2.4012635 1.8520389 2.1215520 2.1215520 1.5050582 2.2701106 2.4259470 2.1602748 2.1175684 1.9147174 2.4064304 
Opea_EP00118_Oscarella_pearsei_P012556  0.7158248 0.7998968 0.8914478 0.9708719 0.7224024 0.5945692 0.3677524 0.5834020 0.5353417 0.6655807 0.6808235 0.6673966 0.6271335 0.3575534 0.8445335 0.8466081 0.3720307 0.6561063 0.6493955 0.6852209 0.6366198 0.5662341 0.6974108 0.5936469 0.6376651 0.5319755 0.5859458 0.1855940 0.0363267 0.0000000 0.5740327 0.4500561 0.6219248 0.7119277 0.6956891 0.5433222 0.7244589 0.9106241 0.9110839 0.8967640 1.1088198 0.6970061 1.1292720 1.1329663 0.7898820 0.4187453 0.9791750 1.0024949 0.9367155 1.0192833 1.9227784 1.9719925 1.9231737 1.7815987 1.5646066 2.5429294 2.0626545 2.0626545 1.6720075 1.6865240 1.6865240 1.3718406 1.6864833 1.9128836 1.7893338 1.6138152 1.6061089 2.0189671 
Plespi_Pspi_C610490_01                  1.0281932 0.7866958 0.9620993 1.2762867 0.6807653 0.9999283 0.5782136 0.9494742 0.9663286 0.9995094 1.2430088 1.1310222 1.0246425 0.6445088 1.1187848 1.1784245 0.4725329 0.8841204 0.9112464 0.9748388 0.7738365 0.4469392 0.8534821 0.9521523 0.9070713 1.0590226 1.2847244 1.0799313 1.2995022 0.5740327 0.0000000 0.9993870 1.1050506 1.1762976 1.2384130 1.2157996 1.0934574 1.1111997 1.3100694 1.2863320 1.3287998 1.3096276 1.3988621 1.4062105 1.4526965 0.8775268 1.3047943 1.2892385 1.3842296 1.3568570 2.0735370 2.0114195 2.3258411 1.9147426 1.3239844 2.3022819 1.9358275 1.9285154 1.9041534 1.7255601 1.7660964 1.4990645 2.0215224 2.1321340 1.7139780 1.6896741 1.4387667 2.0358274 
Plajan_Pjan_scaffold21033_01            0.7511591 0.6240820 0.8156099 1.1776048 0.5379503 0.9727969 0.5039295 1.0327949 1.0156843 0.9737651 1.2194603 1.1450872 1.1542445 0.4706662 1.2746688 1.3073436 0.3734326 0.8598304 0.8933454 1.0036641 0.9416388 0.5367338 1.1095943 1.0770651 1.0459608 1.1175065 1.3688088 0.7426996 1.0119728 0.4500561 0.9993870 0.0000000 1.1817142 1.3316291 1.3956015 1.3506249 1.1302610 1.1018061 1.5041022 1.4582059 1.4810340 1.4675871 1.5354853 1.5394722 1.4742256 0.9461931 1.5259486 1.4809765 1.5023740 1.5185763 1.8801997 1.8843353 2.3606952 1.7666945 1.2541709 2.1271320 1.9337162 1.9276445 1.6767243 1.6729549 1.7008478 1.3373006 1.8697128 2.0371319 1.7910322 1.7637088 1.4674788 1.8941707 
Chem_TCONS_00058287                     0.9996659 0.8756515 1.0461087 1.3306248 0.6204487 0.9911827 0.6404101 1.0138659 0.9694424 1.0151370 1.1075366 1.0430055 0.8133580 0.4433138 1.0514983 1.0729172 0.3547248 0.8761149 1.0077728 1.0038819 1.1022076 0.6422959 1.2278759 1.2666179 1.2908868 1.0774033 1.1325080 1.1784878 1.2762333 0.6219248 1.1050506 1.1817142 0.0000000 0.7338298 1.1340846 1.0420812 0.9990230 0.8875096 1.1493230 1.2054859 1.5942451 1.4991931 1.7107391 1.7217919 1.6575535 1.0547190 1.1975251 1.2708261 1.2429804 1.4491433 1.7614814 1.7317931 1.9765464 1.7327501 1.1270741 2.1954920 1.6863972 1.6838077 1.6269610 1.6419367 1.6653967 1.2625238 1.8017073 1.8628805 1.5466881 1.6547189 1.4232626 1.9197181 
Hvul_g23519_1                           1.1048507 0.8714358 1.2474132 1.4265983 0.6512153 1.0027793 0.6387804 1.0803282 1.0854695 0.9853757 1.2048941 1.1008128 0.8617919 0.4091734 1.0894023 1.0757269 0.3732313 0.9032189 0.9573594 0.9885541 1.0805153 0.7696386 1.1819245 1.2169439 1.2824252 0.9811605 1.2192877 1.2738604 1.4243795 0.7119277 1.1762976 1.3316291 0.7338298 0.0000000 1.3533795 1.3743015 1.2293484 1.1028656 1.3029382 1.5158170 1.4690133 1.4047262 1.5109195 1.5210996 1.4871325 1.0398094 1.4241887 1.4254666 1.4771975 1.5009910 2.0489595 1.9716595 2.2803373 1.8677957 1.2219807 2.3596991 1.9696055 1.9581170 1.7301222 1.7118596 1.8043817 1.2386699 2.1793937 1.9829922 1.8436979 1.7709407 1.5713796 1.9540341 
Bralan_BLAG01001801_1                   1.2357907 0.9949312 1.2455708 1.5905036 0.8497256 1.1276280 0.6924725 1.1745583 1.1944011 1.1566022 1.2943728 1.1625740 1.1887727 0.5118374 1.2256577 1.2393231 0.2894842 1.0697723 1.1516544 1.2708269 1.2455459 0.7737996 1.4881594 1.3690090 1.3915324 1.2582194 1.5475100 1.2184183 1.4268600 0.6956891 1.2384130 1.3956015 1.1340846 1.3533795 0.0000000 0.7485435 0.7896073 0.7544640 1.1095739 1.0208092 1.7391264 1.6218604 1.7003286 1.7113410 1.8236065 1.1241732 0.9909374 1.0018012 1.0670267 1.2435373 2.2696055 2.1897104 2.5010491 2.3963637 1.6301289 2.9868295 2.4050728 2.4051758 2.1976804 2.1215285 2.1961801 1.4248289 2.4953810 2.4669875 2.1684614 2.1609260 1.8312977 2.4315635 
Acagra_model.g14653.t1                  1.2760377 1.0500248 1.1381189 1.6185877 0.8504525 1.1478569 0.7643716 1.1295470 1.1637475 1.1391914 1.2835606 1.1686620 1.1465742 0.6072434 1.2554441 1.2270524 0.3546859 1.0590630 1.2603643 1.2154563 1.0722595 0.9247771 1.5067072 1.2617000 1.2759503 1.2382353 1.4684891 1.2336120 1.4356360 0.5433222 1.2157996 1.3506249 1.0420812 1.3743015 0.7485435 0.0000000 0.7908200 0.7737471 0.9313110 0.9232276 1.6939989 1.6110630 1.6584192 1.6670144 1.7404924 1.1353177 0.8814663 0.8606704 1.0914594 1.1615177 2.2079075 2.1670542 2.2446576 2.3628673 1.4417387 3.0326243 2.1876844 2.1995867 1.8765433 1.9487011 2.0396498 1.4417389 2.1897206 2.3314687 2.0951893 2.0990086 1.7928938 2.2250942 
Skow_XM_002740962.2                     1.1774758 0.9331198 1.1674980 1.4310096 0.8969599 1.0240179 0.5954925 1.0586903 1.0225523 1.0882596 1.2075312 1.0829520 1.0515993 0.5663401 1.1583115 1.2173539 0.3860586 1.0360076 1.1159365 1.1038493 1.0145873 0.6347551 1.3143892 1.2110985 1.2531031 1.0669908 1.3176025 1.1882926 1.4991783 0.7244589 1.0934574 1.1302610 0.9990230 1.2293484 0.7896073 0.7908200 0.0000000 0.6385469 0.9882036 1.0593106 1.6006478 1.4985348 1.5550273 1.5628742 1.7232017 1.0287594 1.0573382 0.9425653 0.9481775 1.2184666 2.2007684 2.1212024 2.4337145 2.0479540 1.8201629 2.1629268 2.1095514 2.1395095 2.1377880 1.9523355 1.9752252 1.3319396 2.1783357 2.3563965 1.8464919 1.9736091 1.8730627 2.1731002 
Spur_XM_030992231.1                     1.1705767 1.0325788 1.1538935 1.4606277 0.8801233 0.9711452 0.7030072 0.9433214 0.9164884 0.9989529 1.0980524 1.0163180 0.9751285 0.6324188 1.2428907 1.2378360 0.3003406 0.9395727 0.9499219 0.9875237 1.1224798 0.6845998 1.3466119 1.1433291 1.1992252 1.0406235 1.3120221 1.1329228 1.3905148 0.9106241 1.1111997 1.1018061 0.8875096 1.1028656 0.7544640 0.7737471 0.6385469 0.0000000 0.9340970 0.8698841 1.6837668 1.4873474 1.4948421 1.5048359 1.5693524 1.0519067 0.9215418 0.9293098 0.8370174 1.2410700 2.1498972 2.1445768 2.2692653 2.0056662 1.4979512 2.3683754 2.0982229 2.1065523 2.0412739 2.0648546 2.0865945 1.3659755 2.1355772 2.3127576 2.0102821 1.9733763 1.8111332 2.1351188 
Cscu_XM_023376414.1                     1.4479307 1.1529552 1.3236119 1.8306086 0.9865681 1.2934485 0.7452687 1.3201003 1.3001797 1.2313867 1.2829819 1.1864733 1.2743586 0.6787907 1.3570059 1.3873337 0.4106028 1.2320084 1.2521095 1.2797398 1.1827758 0.8138791 1.4509760 1.3239798 1.4259422 1.3926580 1.6088419 1.3126003 1.5686201 0.9110839 1.3100694 1.5041022 1.1493230 1.3029382 1.1095739 0.9313110 0.9882036 0.9340970 0.0000000 1.0017541 1.6594959 1.5184982 1.6659594 1.6768638 1.8619327 1.1186099 1.0111951 1.1457480 1.2226198 1.4537717 2.2844127 2.2999498 2.6610692 2.2998088 1.5301257 2.9121192 2.2605766 2.2654443 1.9845089 1.9398042 2.0344237 1.5007476 2.4319103 2.5362879 2.1342540 2.1108018 1.8842457 2.3132289 
Dpul_mRNA19476                          1.4313429 1.2210518 1.3263941 1.7149239 1.0854403 1.2843384 0.8724285 1.2144375 1.2358787 1.3090510 1.3998241 1.3457304 1.2901125 0.8500551 1.4586395 1.4028443 0.3677739 1.2332684 1.2903095 1.3002952 1.2110574 0.8167710 1.5930969 1.3269723 1.3264262 1.3196609 1.5593800 1.3071027 1.5572319 0.8967640 1.2863320 1.4582059 1.2054859 1.5158170 1.0208092 0.9232276 1.0593106 0.8698841 1.0017541 0.0000000 1.7461111 1.6387061 1.8514985 1.8637654 1.8634246 1.2125581 1.2047092 1.1698076 1.1953110 1.2459437 2.2773955 2.3043365 2.4327520 2.3975112 1.4435844 3.1780069 2.2443297 2.2605933 2.0739785 2.1169761 2.1676256 1.3725064 2.4664369 2.5602591 2.1249780 2.3033371 1.9980048 2.3144425 
HoiH23_PlH23_004624-RA                  1.4704707 1.1372314 1.4101836 1.8352279 0.9362600 1.3606546 0.8395251 1.3687942 1.3806527 1.3293569 1.6262161 1.4557295 1.2133245 0.5734189 1.3851853 1.4415653 0.5204349 1.4635742 1.2533945 1.3757768 1.4607364 0.8249757 1.6583383 1.5336502 1.4757367 1.4556680 1.7175288 1.5000250 1.9552285 1.1088198 1.3287998 1.4810340 1.5942451 1.4690133 1.7391264 1.6939989 1.6006478 1.6837668 1.6594959 1.7461111 0.0000000 0.0638766 0.2406002 0.2438626 0.6111566 0.3508502 1.6533833 1.7677095 1.8041236 1.7253267 2.2674171 2.2820082 2.6738551 2.2077877 1.7319356 2.5353276 2.1622394 2.1402977 1.9983744 1.9752770 2.0906867 1.4235195 2.3345902 2.4825771 2.2133942 2.1356906 1.7973582 2.3084071 
HoiH06_mRNA11307                        1.4921400 1.1070612 1.4128798 1.7968727 0.9108796 1.3282666 0.8209734 1.2809037 1.3211880 1.2840896 1.5690580 1.4023819 1.1754022 0.5443894 1.2584847 1.3175381 0.5587320 1.3604672 1.2774794 1.3280963 1.4087405 0.7944715 1.5836557 1.4872278 1.4466737 1.4479715 1.6247008 1.4027684 1.5280882 0.6970061 1.3096276 1.4675871 1.4991931 1.4047262 1.6218604 1.6110630 1.4985348 1.4873474 1.5184982 1.6387061 0.0638766 0.0000000 0.2248161 0.2248161 0.6140057 0.3419156 1.6414822 1.5310934 1.6637384 1.6896249 2.1761373 2.1524456 2.7204666 2.1377624 1.4754916 2.5394794 2.0918776 2.0699160 1.8583261 1.8804924 2.0007324 1.3835654 2.2509091 2.2975809 2.1625542 2.0354801 1.7071723 2.3131650 
Hhon_g03376.t1                          1.5754502 1.2650485 1.5432382 1.9551126 1.0588399 1.4434709 0.8723835 1.4149489 1.4415400 1.4051565 1.6315115 1.4741133 1.3844498 0.6398322 1.5047882 1.5638468 0.5355860 1.4821792 1.3444918 1.3914099 1.5604554 0.9167294 1.8721081 1.6304727 1.5746497 1.5379162 1.7908103 1.5146449 1.8414565 1.1292720 1.3988621 1.5354853 1.7107391 1.5109195 1.7003286 1.6584192 1.5550273 1.4948421 1.6659594 1.8514985 0.2406002 0.2248161 0.0000000 0.0019310 0.6463562 0.3641837 1.6110828 1.7103227 1.7644797 1.8944478 2.4054277 2.3742636 2.9853660 2.3281614 1.8170712 2.6591204 2.3082892 2.2852687 2.1360595 2.0836474 2.2021956 1.3891240 2.5358591 2.5663791 2.3515544 2.1750329 1.8420138 2.4446080 
HoiH04_mRNA15612                        1.5777762 1.2646345 1.5424565 1.9542398 1.0718687 1.4530645 0.8812382 1.4187302 1.4453666 1.4149760 1.6432203 1.4838813 1.3851115 0.6398322 1.5124480 1.5718243 0.5355860 1.4918805 1.3537655 1.4007571 1.5682887 0.9167294 1.8844899 1.6413828 1.5825246 1.5372010 1.7940608 1.5139646 1.8437505 1.1329663 1.4062105 1.5394722 1.7217919 1.5210996 1.7113410 1.6670144 1.5628742 1.5048359 1.6768638 1.8637654 0.2438626 0.2248161 0.0019310 0.0000000 0.6514810 0.3641837 1.6218874 1.7191110 1.7761464 1.9075577 2.4190744 2.3876672 3.0111786 2.3449992 1.8513811 2.6591204 2.3253885 2.3022145 2.1595051 2.1010567 2.2195345 1.3891240 2.5546948 2.5855943 2.3696048 2.1910506 1.8576253 2.4587468 
TrH2_TrispH2_005527-RA                  1.5818655 1.2330220 1.5214480 1.9616414 0.9218882 1.3874773 0.8193532 1.3982131 1.4002581 1.3385174 1.7632390 1.5873037 1.4473732 0.6634294 1.5398184 1.4893193 0.5936776 1.3933714 1.4075327 1.3509617 1.5079252 0.8912958 1.6484132 1.6235065 1.5395937 1.3334452 1.8535859 1.4693522 1.7350983 0.7898820 1.4526965 1.4742256 1.6575535 1.4871325 1.8236065 1.7404924 1.7232017 1.5693524 1.8619327 1.8634246 0.6111566 0.6140057 0.6463562 0.6514810 0.0000000 0.0094118 1.6287077 1.7907341 1.7499777 1.9173782 2.2593727 2.2652239 2.7763052 2.1931516 1.4517188 2.7926683 2.1813967 2.1610832 1.9220028 1.9614323 2.0524374 1.3395481 2.3217709 2.4124176 2.1378882 2.0927759 1.7683195 2.3609021 
Tadh_TriadT33010                        1.2576960 1.0977234 1.1881410 1.2691813 0.8046731 0.8958599 0.7853933 0.8858286 0.8670198 0.8914819 1.0475599 0.9639785 0.9193264 0.6634294 0.9126893 0.8837647 0.5792645 0.8713064 0.9147654 0.9259707 0.9488729 0.8912958 1.0054899 1.0422226 0.9471206 0.8539719 1.1130896 0.9400186 1.0791377 0.4187453 0.8775268 0.9461931 1.0547190 1.0398094 1.1241732 1.1353177 1.0287594 1.0519067 1.1186099 1.2125581 0.3508502 0.3419156 0.3641837 0.3641837 0.0094118 0.0000000 1.0849310 1.0944354 1.0476749 1.3168592 1.9097835 1.8927465 2.3016565 1.9831501 1.0646086 2.3563724 2.0436872 2.0436872 1.7678822 1.8753119 1.9895848 1.4203251 2.0465273 2.1827756 2.2045663 1.8641526 1.7564874 2.1776816 
Cgig_XM_011418305.3                     1.3236165 1.1460669 1.3541577 1.7165212 0.9194002 1.3466823 0.7892481 1.2527640 1.2749783 1.3029230 1.4354430 1.3011108 1.3233409 0.6820913 1.4348525 1.3911889 0.4806565 1.2540220 1.3789144 1.3615504 1.3271074 0.9059599 1.5940283 1.3448562 1.3619403 1.3981835 1.6528054 1.4815779 1.7306432 0.9791750 1.3047943 1.5259486 1.1975251 1.4241887 0.9909374 0.8814663 1.0573382 0.9215418 1.0111951 1.2047092 1.6533833 1.6414822 1.6110828 1.6218874 1.6287077 1.0849310 0.0000000 1.0157784 1.2812118 1.4051339 2.1478032 2.1217641 2.5440411 2.0416305 1.4271955 2.4908512 1.9888919 1.9865235 1.7947956 1.8153771 1.9258685 1.0621029 2.1888181 2.1352740 1.9389701 2.0210379 1.7834563 2.2865505 
Ctel_gnl_WGS_AMQN_CAPTEDRAFT_mRNA187719 1.4668214 1.2432482 1.4131226 1.7945518 1.1829406 1.3408551 0.8673530 1.3167122 1.3419024 1.3762149 1.5536637 1.4064192 1.3528154 0.5634697 1.4100467 1.3112024 0.5716323 1.2152869 1.3220737 1.3888585 1.2949228 0.8720369 1.6502804 1.3070562 1.3143905 1.2938046 1.6040126 1.3014763 1.7101115 1.0024949 1.2892385 1.4809765 1.2708261 1.4254666 1.0018012 0.8606704 0.9425653 0.9293098 1.1457480 1.1698076 1.7677095 1.5310934 1.7103227 1.7191110 1.7907341 1.0944354 1.0157784 0.0000000 1.1658019 1.3198772 2.2252482 2.1784441 2.5377347 2.2192771 2.0196678 2.2800491 2.1211629 2.1185423 2.1473694 1.9942196 2.0862803 1.2617211 2.4024063 2.4577971 2.2113823 2.0783601 1.8258458 2.2772209 
Hsap_ENST00000617633                    1.2996621 1.1521738 1.3998360 1.7614886 0.9680624 1.3160367 0.9040542 1.2617777 1.2988447 1.3500437 1.4960869 1.3697848 1.3402083 0.5612597 1.3089810 1.3031323 0.6011963 1.2159564 1.3096641 1.3225630 1.2956279 0.7928336 1.7807753 1.3561383 1.3928228 1.2665127 1.4490992 1.5062000 1.6858172 0.9367155 1.3842296 1.5023740 1.2429804 1.4771975 1.0670267 1.0914594 0.9481775 0.8370174 1.2226198 1.1953110 1.8041236 1.6637384 1.7644797 1.7761464 1.7499777 1.0476749 1.2812118 1.1658019 0.0000000 1.4655345 2.0799623 2.0968454 2.4162416 2.2731061 1.5745904 2.7826691 2.1838224 2.1838816 1.9107820 1.9134101 1.9641370 1.4155329 2.2703884 2.3832389 2.0318021 2.1066111 1.9200349 2.2873165 
Tcas_TC002912_001                       1.4870215 1.2619295 1.3323820 1.6324482 1.1155262 1.4941391 0.9784908 1.4784101 1.4807559 1.5349144 1.6706010 1.5547595 1.5543383 0.8493894 1.4664772 1.4447493 0.4546791 1.3714667 1.3764631 1.4339505 1.3529516 1.0750198 1.5864635 1.2762477 1.3994893 1.4505008 1.6847148 1.4440575 1.7422754 1.0192833 1.3568570 1.5185763 1.4491433 1.5009910 1.2435373 1.1615177 1.2184666 1.2410700 1.4537717 1.2459437 1.7253267 1.6896249 1.8944478 1.9075577 1.9173782 1.3168592 1.4051339 1.3198772 1.4655345 0.0000000 2.6173731 2.5423051 2.7533287 2.5367168 1.5689414 3.2914496 2.4736030 2.4499307 2.2100817 2.2016424 2.2886286 1.6828778 2.6940380 2.6137879 2.4109013 2.2342868 1.9465736 2.4824049 
Pbac_sb2651731                          1.9119611 1.6471008 1.8115383 1.8416322 1.5991344 2.0032547 1.6491580 1.8456999 1.8617854 2.0310421 2.0215156 1.9258572 1.9801087 1.8004399 1.8204390 1.7142941 0.9466288 1.9047747 2.0317542 1.9830072 1.9852889 2.2538203 2.3835229 2.1424123 2.0643754 1.9872666 2.0542758 1.9641379 2.1964380 1.9227784 2.0735370 1.8801997 1.7614814 2.0489595 2.2696055 2.2079075 2.2007684 2.1498972 2.2844127 2.2773955 2.2674171 2.1761373 2.4054277 2.4190744 2.2593727 1.9097835 2.1478032 2.2252482 2.0799623 2.6173731 0.0000000 0.0368242 0.1055042 0.5618994 0.4293490 0.6517333 0.5439081 0.5510441 0.4946181 0.4908822 0.5345923 0.4723252 0.6525608 0.6613573 0.6039616 0.7280881 0.6313856 0.8273407 
Horcal_Hcv1.av93.c7.g355.i1             1.8445062 1.6539010 1.7528784 1.7883743 1.6071512 1.9602677 1.6527323 1.8035240 1.8136070 1.9855324 1.9686441 1.8801668 1.9286300 1.8063116 1.7795820 1.6883834 0.9466288 1.8619859 1.9776264 1.9469224 1.9744090 2.2435523 2.3599319 2.1074337 2.0624956 1.9543370 1.9958666 1.9217508 2.2222988 1.9719925 2.0114195 1.8843353 1.7317931 1.9716595 2.1897104 2.1670542 2.1212024 2.1445768 2.2999498 2.3043365 2.2820082 2.1524456 2.3742636 2.3876672 2.2652239 1.8927465 2.1217641 2.1784441 2.0968454 2.5423051 0.0368242 0.0000000 0.0883394 0.5498040 0.4412170 0.6220745 0.5305999 0.5375617 0.4963721 0.5000963 0.5389257 0.4650105 0.6543752 0.6541198 0.6096187 0.7287511 0.6245011 0.8386949 
Pbac_sb2648995                          2.0518681 1.8281046 1.9890139 2.0138749 1.7753437 2.3577321 1.9463280 2.1870817 2.1715394 2.4301537 2.3482907 2.3501279 2.3148282 2.7142478 2.1748237 2.0482068 1.0190910 2.2042265 2.3854625 2.3894274 2.2829274 2.5410012 2.9389283 2.3583757 2.2682726 2.3596635 2.4814259 2.2925870 2.3528002 1.9231737 2.3258411 2.3606952 1.9765464 2.2803373 2.5010491 2.2446576 2.4337145 2.2692653 2.6610692 2.4327520 2.6738551 2.7204666 2.9853660 3.0111786 2.7763052 2.3016565 2.5440411 2.5377347 2.4162416 2.7533287 0.1055042 0.0883394 0.0000000 0.7441477 0.4507737 1.2646807 0.6913441 0.7044409 0.5934691 0.5781815 0.6438896 0.4680541 0.8276313 0.7798677 0.7608352 0.8473233 0.7016782 0.9547975 
Bolinf_Binf_sb1243129                   1.7411239 1.5602022 1.7569347 1.7414921 1.5215082 1.8170589 1.4500060 1.7011778 1.7095984 1.8218041 1.9260522 1.7937246 1.9254303 1.7205989 1.9547183 1.9936383 0.9932236 1.7301588 1.7838607 1.7859924 1.9058509 2.0033356 2.4678513 1.9772798 2.0205979 1.9013434 2.0462965 1.9057455 2.1291463 1.7815987 1.9147426 1.7666945 1.7327501 1.8677957 2.3963637 2.3628673 2.0479540 2.0056662 2.2998088 2.3975112 2.2077877 2.1377624 2.3281614 2.3449992 2.1931516 1.9831501 2.0416305 2.2192771 2.2731061 2.5367168 0.5618994 0.5498040 0.7441477 0.0000000 0.0000010 0.0034413 0.2571574 0.2594674 0.3009103 0.3079432 0.3380094 0.2607928 0.4212680 0.5400580 0.4536105 0.6386393 0.5402591 0.8039962 
Mertsp_Mesp_sb548363                    1.2144671 1.3822666 1.2274224 1.1998752 1.2328142 1.3447216 1.1643317 1.3347415 1.3305877 1.4579539 1.5027308 1.4324631 1.4207122 1.5962222 1.7271095 1.7256188 0.9108258 1.1131613 1.0971132 1.2789674 1.2290274 1.7121935 1.6806965 1.2751282 1.2667471 1.3043760 1.6777588 1.3381726 1.6445326 1.5646066 1.3239844 1.2541709 1.1270741 1.2219807 1.6301289 1.4417387 1.8201629 1.4979512 1.5301257 1.4435844 1.7319356 1.4754916 1.8170712 1.8513811 1.4517188 1.0646086 1.4271955 2.0196678 1.5745904 1.5689414 0.4293490 0.4412170 0.4507737 0.0000010 0.0000000 0.0000010 0.2232425 0.2232425 0.2451191 0.2451191 0.2451191 0.2151345 0.2628279 0.3326795 0.3252740 0.4426094 0.4522896 0.6485227 
