76
Lcom_lcpid193899                                      0.0000000 0.5099268 0.0000010 0.8715482 0.9149177 0.8734807 0.9673188 0.0000010 0.9162664 0.9384151 0.8235035 0.8088978 1.0029456 1.0096925 0.8106046 0.0000010 0.9146729 0.5026768 0.5595164 1.1391547 0.7335690 1.1132094 1.1111196 1.0938423 0.0000010 0.0000010 1.0987353 8.0680377 1.2920917 0.6232113 0.9930709 0.9751256 2.1927092 3.4788789 0.8474898 3.3887633 0.9302177 0.8691794 0.8913686 1.0183855 0.0000010 0.9506674 0.9714830 0.9871782 0.8720511 0.9139262 0.0000010 1.2008884 3.9016941 1.1144075 1.4984928 1.1176087 1.1218886 1.1715281 1.1992582 1.1992582 1.2642235 0.0000010 1.1261214 0.8406866 0.9818056 1.3295670 1.0204369 0.0000010 1.6918156 0.0000010 2.4302549 0.0000010 2.6295625 1.5597473 5.7827451 3.1483252 5.1274790 5.1274790 0.7335690 3.5891984 
Acagra_model.g30384.t1                                0.5099268 0.0000000 0.9216999 0.9314831 0.9552492 0.9306036 0.9662396 1.3212738 0.9313602 0.9151350 0.9316472 0.9303567 0.5709724 1.0962590 0.8239093 0.6344595 0.8773971 0.7117466 0.5790125 0.9420417 0.7931209 0.9775748 0.9590851 0.8892291 0.9285435 0.7357585 1.0163690 0.5270302 1.3278494 0.8179511 1.1530738 1.0372184 1.6356385 1.5425177 1.0451629 0.9303569 1.0446670 1.0269941 1.1312636 0.9921648 0.9707543 1.1623179 1.2021236 1.1758068 1.1933352 1.1733977 1.1995886 1.1132225 1.1280038 1.1636848 1.1857820 1.1946409 1.1993059 1.1958419 1.1997607 1.1651758 1.4858398 0.9914072 1.0212059 1.1224646 1.6576410 1.4325966 1.1497043 1.4978999 2.2363959 2.6824392 4.0510963 1.4563686 3.3676056 2.2950430 3.0240617 3.1310049 4.1077774 4.1815534 3.4767802 3.9101626 
Fspp_ffun1.m4.19106.m1                                0.0000010 0.9216999 0.0000000 0.1106705 0.1722312 0.1611783 0.2305440 0.6665873 0.1629613 0.2144856 0.5006813 0.5583558 0.4736295 1.0487990 0.8178510 0.5298132 0.9330601 0.9173086 0.9333506 1.0151125 0.8662929 1.0184322 1.0043844 0.9522614 0.8880118 1.0330252 0.9157043 0.5188271 1.1614730 0.9951460 1.1327865 0.9737794 2.2808333 0.0000010 1.0078092 0.7519957 1.0146847 1.0038656 1.2752344 1.0468934 0.8138993 1.2746844 1.1797714 1.1918324 1.2461319 1.1828692 1.2905337 1.1179481 1.1175248 1.2001472 1.2156645 1.2040275 1.2029457 1.2173329 1.1992949 1.1874936 2.8826298 1.2639952 1.2380132 1.2518937 2.0931003 0.9904181 0.9904181 1.7209041 2.5385178 2.7952857 4.4661726 1.4240321 3.4669230 2.3997098 2.9174718 3.2049944 4.0176123 4.0802349 3.5375343 3.6803588 
Gasp_gasp1.m3.8787.m1                                 0.8715482 0.9314831 0.1106705 0.0000000 0.1560517 0.1501066 0.2402096 0.1485737 0.1702558 0.2354112 0.4484432 0.5195343 0.5100558 0.9795443 0.8107071 0.5632165 0.9664126 0.8955126 0.9462529 1.0668766 0.8351878 1.0770282 1.0561302 1.0348523 0.9059489 0.9933634 0.9162343 0.5882119 1.1804475 0.9875599 1.0346581 0.8972067 1.6066236 1.2846869 0.9532016 0.7850791 0.9664112 0.9304367 1.0216365 1.0965052 0.8533641 1.2150773 1.2227366 1.2090962 1.2184422 1.1864767 1.2848455 1.1156546 1.1184614 1.1670192 1.1912361 1.1725137 1.1728935 1.2174752 1.1940142 1.1776855 1.3610929 1.1698895 1.2907465 1.2004637 1.8683045 1.3335429 0.9665435 1.6533498 2.3880195 2.6838396 4.1333974 1.6032924 3.3226413 2.3647455 2.9377265 3.2833312 3.9869188 4.0275973 3.4988328 3.7422556 
Spis_XP_022803459_1                                   0.9149177 0.9552492 0.1722312 0.1560517 0.0000000 0.0663182 0.2788202 0.1488719 0.2077842 0.2763353 0.4635659 0.5241130 0.4857113 0.9816932 0.8481193 0.5468528 0.9903355 0.9281915 0.9811862 1.0952122 0.9029538 1.0848141 1.0824974 1.0686586 0.9095212 0.9719252 0.9215505 0.5234992 1.2107736 1.0130946 1.0601294 0.9125428 1.6847185 1.3972632 0.9753669 0.8025034 0.9744121 0.9614899 1.0502603 1.1130832 0.8302220 1.2868955 1.2858724 1.2402037 1.2448687 1.2128344 1.2366752 1.1220749 1.1237157 1.1678772 1.2070956 1.1860323 1.1867756 1.2218348 1.1926226 1.1786281 1.3975270 1.3231729 1.2897664 1.2389512 1.9138588 1.3110637 0.9667012 1.6886290 2.4126212 2.9414392 4.2083038 1.5595927 3.3690268 2.4051103 2.9403509 3.2835914 4.2324474 4.2852438 3.6065152 3.8316486 
Pocdam_XM_027183890.1                                 0.8734807 0.9306036 0.1611783 0.1501066 0.0663182 0.0000000 0.2610661 0.0941161 0.2027073 0.2622840 0.4598387 0.5160165 0.5024360 0.9797027 0.8488173 0.5719368 0.9701143 0.9060704 0.9485705 1.0655939 0.8986344 1.0674005 1.0569441 1.0329999 0.9255444 0.8975919 0.8960362 0.5423577 1.2027751 0.9932966 1.0580278 0.9037060 1.6899312 1.4456494 0.9734455 0.8074488 0.9738626 0.9494303 1.0393187 1.0878086 0.8527268 1.2240690 1.2571777 1.2193540 1.2148567 1.1881404 1.2055535 1.0925375 1.0818991 1.1768495 1.2114308 1.1933066 1.1940450 1.2315107 1.2000864 1.1847805 1.3881444 1.2882029 1.2800051 1.2065266 1.9072467 1.2887927 0.9469385 1.6090604 2.4065215 2.8648419 4.2249648 1.6127933 3.3289227 2.4088135 2.9563632 3.2772323 4.2173516 4.2698135 3.6419735 3.8251446 
Amil_Amillepora31916-RA                               0.9673188 0.9662396 0.2305440 0.2402096 0.2788202 0.2610661 0.0000000 0.0188271 0.1968955 0.0109092 0.5212133 0.5832783 0.3447532 1.0375338 0.9331653 0.5887645 1.0363417 0.9802576 0.9996583 1.1323023 0.9696262 1.1308951 1.1270128 1.0638981 0.9551625 0.9342091 0.9417045 0.4734472 1.1931262 1.0628598 1.0834659 0.9467492 1.6338061 1.3914975 0.9847981 0.8432434 1.0191566 0.9856130 1.0228299 1.0937338 1.0036673 1.3146548 1.2992646 1.2571790 1.2622682 1.2345795 1.3125185 1.1797310 1.1753019 1.2038540 1.2319017 1.2254219 1.2257822 1.2624631 1.2186299 1.2197606 1.4482591 1.3769314 1.3319065 1.2410468 1.8811228 1.3674805 1.0163134 1.5743378 2.4379171 2.6073519 4.0054028 1.5098672 3.3143778 2.4500627 2.7594355 3.2967498 4.1918804 4.2385213 3.6303520 3.8275035 
Adig_XM_015914183.1                                   0.0000010 1.3212738 0.6665873 0.1485737 0.1488719 0.0941161 0.0188271 0.0000000 0.1394805 0.2937279 0.4983530 0.5681428 0.0000010 1.0238117 2.7563731 0.0000010 1.7537466 0.9144201 1.0978806 1.1140719 6.2473352 1.1809130 1.1262260 1.4277567 1.3819206 0.0000010 1.0420178 0.0000010 0.8390963 1.3467437 0.9842907 0.8434033 1.1808331 2.5795790 1.1537366 0.8390963 0.8584049 0.8752978 0.9850755 1.6614014 0.0000010 2.4983536 2.8172910 2.2860589 1.9606634 2.2794822 0.0000010 1.6107270 1.5121516 1.4680646 0.6665873 1.4774581 1.4774581 2.5629671 1.4462930 1.4462930 5.1671532 0.0000010 1.6931918 0.9059300 1.8257889 1.8342847 1.3674590 0.0000010 2.2953834 0.0000010 1.5599365 0.0000010 4.3935504 4.5300216 9.0000000 3.2325830 2.8839952 2.8839952 9.0000000 9.0000000 
Gfas_gfas1.m1.358.m1                                  0.9162664 0.9313602 0.1629613 0.1702558 0.2077842 0.2027073 0.1968955 0.1394805 0.0000000 0.1900925 0.4682375 0.5382698 0.4548712 1.0024793 0.8133850 0.5519966 0.9856793 0.9143189 0.9582332 1.0612018 0.8578716 1.0646316 1.0647791 1.0433512 0.9086851 0.9659459 0.9041549 0.5207894 1.2030038 0.9868431 1.0682776 0.8916456 1.6595994 1.5098575 0.9592712 0.7591365 0.9573870 0.9432961 1.0490032 1.1043474 0.8876986 1.2900454 1.2753212 1.2476190 1.2303910 1.2192191 1.2168833 1.1394371 1.1443844 1.1362499 1.1577055 1.1482646 1.1486692 1.1931136 1.1649574 1.1495489 1.3509656 1.3990112 1.3022531 1.2306299 1.9005023 1.3866259 1.0025128 1.5545142 2.4068184 2.7767932 4.1919325 1.5321287 3.3233199 2.3819833 3.0380679 3.2956950 4.1292563 4.1744316 3.5617618 3.7608371 
Adig_XM_015914196.1                                   0.9384151 0.9151350 0.2144856 0.2354112 0.2763353 0.2622840 0.0109092 0.2937279 0.1900925 0.0000000 0.5213652 0.5807385 0.4176423 1.0284018 0.8605258 0.5679665 0.9814266 0.9560597 0.9456162 1.0754440 0.8582959 1.0629423 1.0707071 1.0459469 0.9221072 0.9146103 0.9419019 0.5238861 1.2026160 1.0040962 1.0978822 0.9459597 2.6852896 1.3275389 0.9898458 0.7910061 1.0258911 0.9890847 1.1036103 1.0448423 0.8125606 1.2701854 1.2011575 1.1832937 1.1977379 1.1715648 1.2996766 1.1126678 1.1299653 1.2000539 1.2155689 1.2157547 1.2161367 1.2085347 1.2100350 1.1988712 0.7605833 1.3452193 1.2630305 1.2333322 1.9883694 1.2767905 0.9491801 1.6042816 2.4557054 2.5274443 4.2788957 1.5378404 3.3563146 2.3721654 2.9441381 3.3485982 4.2214803 4.2657377 3.6928078 3.8139930 
Nvec_v1g89449                                         0.8235035 0.9316472 0.5006813 0.4484432 0.4635659 0.4598387 0.5212133 0.4983530 0.4682375 0.5213652 0.0000000 0.4335805 0.4726867 1.0044353 0.8858877 0.6092800 0.9920490 0.9400243 0.9903528 1.0674079 0.8994497 1.0770944 1.0631544 1.0018201 0.9185646 0.8681583 0.9247408 0.6621079 1.2032326 1.0054084 1.0885690 0.9420232 1.7141494 1.6489393 1.0067243 0.8824901 0.9978694 0.9660269 1.0635880 1.0823751 1.0215907 1.2765155 1.3416903 1.2827222 1.2295180 1.2283878 1.1707684 1.1741402 1.2030327 1.1902374 1.2358882 1.1833601 1.1808945 1.2429252 1.2067304 1.1992239 1.3099218 1.4888009 1.3177864 1.2785748 1.8775996 1.3328389 0.9347256 1.7696282 2.4528716 2.8801429 4.4245634 2.3368894 3.3860681 2.4502349 2.8452016 3.2955838 4.3166413 4.3666004 3.6539336 3.5757516 
Exapal_XM_028663357.1                                 0.8088978 0.9303567 0.5583558 0.5195343 0.5241130 0.5160165 0.5832783 0.5681428 0.5382698 0.5807385 0.4335805 0.0000000 0.4370735 0.9976514 0.8900447 0.6043130 0.9622042 0.9497332 0.9806745 1.0584879 0.8963882 1.0855449 1.0851377 1.0437379 0.9194041 0.9426214 0.9138981 0.6174558 1.2419453 1.0386611 1.1197008 0.9748731 1.7925602 1.6382275 1.0285222 0.8250988 0.9987176 0.9984145 1.1006087 1.0578180 0.9482762 1.2356783 1.2809168 1.2287724 1.2341064 1.2431623 1.0722565 1.1128152 1.1193274 1.1285083 1.1682765 1.1303971 1.1306926 1.1881456 1.1413692 1.1248047 1.5197207 1.4530945 1.3534250 1.2875764 1.8854050 1.2641157 0.9984036 1.7012936 2.4352571 2.1995875 4.2488553 2.1710177 3.3913145 2.4198432 3.0601696 3.4442672 4.3769618 4.4333569 3.8184524 3.6695972 
Hvul_g16573_1                                         1.0029456 0.5709724 0.4736295 0.5100558 0.4857113 0.5024360 0.3447532 0.0000010 0.4548712 0.4176423 0.4726867 0.4370735 0.0000000 0.3358859 0.6069749 0.6282595 0.5099836 0.5518514 0.5462579 0.5499268 0.5475294 0.6445841 0.4881287 0.3017983 0.4735023 0.0000010 0.5398338 0.5698027 2.0038178 0.6621479 1.3446309 0.5180585 0.7318250 0.0000010 0.4772947 0.5092197 0.5694885 0.5521903 0.0000010 0.0000010 0.8569546 0.0000010 0.7637508 0.7285770 0.7988829 0.7261529 0.0000010 0.7724981 0.8964181 0.7830949 0.7830949 0.7635262 0.7635262 0.7000663 0.7200664 0.7200664 0.0000010 0.0000010 0.7463200 0.8083714 1.7490084 0.0000010 0.0000010 0.0000010 1.6145903 0.0000010 4.1527497 0.0000010 4.7536989 1.5284219 3.7241278 4.3503808 4.8327370 5.1952373 4.1870833 4.9198188 
Chem_TCONS_00007463                                   1.0096925 1.0962590 1.0487990 0.9795443 0.9816932 0.9797027 1.0375338 1.0238117 1.0024793 1.0284018 1.0044353 0.9976514 0.3358859 0.0000000 0.9589574 0.5801781 1.0394880 1.0587530 1.1361165 1.1399509 1.0111290 1.1696800 1.1567732 1.0467942 1.1240606 1.3133292 1.1496204 0.6274129 1.5128708 1.1985248 0.5789628 0.6276297 1.5050262 1.2896589 0.7465371 0.6541985 0.7230618 0.7222366 0.7401452 1.2601288 0.8958209 1.3852253 1.4181208 1.4018145 1.4093189 1.4073755 1.2215136 1.3030523 1.2882697 1.2952648 1.3175218 1.3270683 1.3242014 1.3433940 1.3314898 1.3368643 1.3915140 1.3039123 1.4339729 1.4780604 1.9132090 1.6320836 1.1930050 2.1905736 2.5140402 3.2930315 4.3865196 1.8798736 3.4347515 2.5616464 3.2979772 3.2652270 4.4866870 4.5381713 4.0002841 3.9331086 
Opea_EP00118_Oscarella_pearsei_P020077                0.8106046 0.8239093 0.8178510 0.8107071 0.8481193 0.8488173 0.9331653 2.7563731 0.8133850 0.8605258 0.8858877 0.8900447 0.6069749 0.9589574 0.0000000 0.0178275 0.4838428 0.8187525 0.8218118 0.7683753 0.7680705 0.7422354 0.7382871 1.0050597 0.7453066 0.0000010 1.0355807 0.5791858 1.4759639 0.9901096 1.0034214 0.9719262 1.3072828 0.0000010 0.9075354 0.8691610 0.9481629 0.9582175 1.1994954 1.9105690 0.8547209 1.4953196 1.0442260 1.0135202 1.1263637 1.1352079 1.8554774 1.0872380 1.1002843 1.1637192 1.1982141 1.1724588 1.1743222 1.1887527 1.2232784 1.2144678 0.0000010 0.0000010 1.1927777 1.1010482 2.0804400 0.0000010 0.0000010 0.0000010 2.5156273 0.3119128 3.9832347 0.0000010 3.9643061 2.3576304 3.1984436 3.6648659 3.8744480 3.9512917 3.7001061 3.5123949 
Ocar_g1535                                            0.0000010 0.6344595 0.5298132 0.5632165 0.5468528 0.5719368 0.5887645 0.0000010 0.5519966 0.5679665 0.6092800 0.6043130 0.6282595 0.5801781 0.0178275 0.0000000 0.4514693 0.5540528 0.7440957 0.6584156 0.6132020 0.6160188 0.5284537 0.7865572 0.5339068 0.0000010 0.5164717 0.5293860 2.9953921 0.6796616 0.6235998 0.8698453 0.0000010 0.0000010 0.6103972 0.6622028 0.7568480 0.7121003 0.0000010 0.0000010 0.9948533 1.0381683 0.8464445 0.8075048 0.9973894 0.9122313 0.0000010 0.8910511 0.8369609 0.7181509 0.7381879 0.7675868 0.7675868 0.7953229 0.8146355 0.8146355 0.0000010 0.0000010 0.8585457 0.6892858 1.8873586 0.0000010 0.0000010 0.0000010 1.4676759 0.0000010 3.7816456 0.0000010 4.7081164 1.5460165 2.9085168 3.4497849 4.1256109 4.5132049 3.9757024 4.7045044 
Plajan_Pjan_scaffold22051_01                          0.9146729 0.8773971 0.9330601 0.9664126 0.9903355 0.9701143 1.0363417 1.7537466 0.9856793 0.9814266 0.9920490 0.9622042 0.5099836 1.0394880 0.4838428 0.4514693 0.0000000 0.8345397 0.9145374 0.8477502 0.7575052 0.8654123 0.8435531 0.7867302 0.7533361 0.8576129 1.1410849 0.5815285 1.5058163 0.9736442 1.1679201 1.0169598 2.0719266 1.5371273 1.0556372 0.8407011 1.0294439 1.0220520 1.1504863 0.4306082 0.8488610 1.1235379 1.0993362 1.0982234 1.1593945 1.1288862 0.9710289 0.9943646 1.0269260 1.0915460 1.0974928 1.1093573 1.1112326 1.1012439 1.1167937 1.1035369 1.4396172 1.2372783 1.2222506 1.3035180 1.8677441 1.6913641 1.2976635 1.7062815 2.4274845 2.5608062 4.2057498 1.8634925 3.5179827 2.3187960 3.0657656 3.5548476 4.3885394 4.3986848 3.5891960 3.5770431 
Bralan_BLAG07000673_1                                 0.5026768 0.7117466 0.9173086 0.8955126 0.9281915 0.9060704 0.9802576 0.9144201 0.9143189 0.9560597 0.9400243 0.9497332 0.5518514 1.0587530 0.8187525 0.5540528 0.8345397 0.0000000 0.7223961 0.8925189 0.7964388 0.9087700 0.9177085 0.8334314 0.8836168 0.8154844 1.0995036 0.5519761 1.4736696 0.8240602 1.1297587 1.0508659 1.6875373 1.6580875 1.0066583 0.8836647 1.0096001 1.0228993 1.0928503 0.8768525 0.9056838 1.1379219 1.1929933 1.1695787 1.1456877 1.1297661 1.0226954 1.0226962 1.0259940 1.1313812 1.1465369 1.1350310 1.1349281 1.2028551 1.1589582 1.1471929 1.4897220 1.0170663 1.1197382 1.1603394 1.6018498 1.6129651 1.1910367 1.7143119 2.3038958 2.2670831 3.9935527 1.6411084 3.2954706 2.2442787 2.8908784 2.9990093 4.0591005 4.1143296 3.4281206 3.5531561 
Cgig_XM_034480369.1                                   0.5595164 0.5790125 0.9333506 0.9462529 0.9811862 0.9485705 0.9996583 1.0978806 0.9582332 0.9456162 0.9903528 0.9806745 0.5462579 1.1361165 0.8218118 0.7440957 0.9145374 0.7223961 0.0000000 0.9929724 0.8378876 0.9841451 1.0187155 0.9815957 0.8887933 0.9036595 1.1468053 0.5994169 1.4492977 0.8887668 1.2508416 1.1202591 1.9402705 1.6769940 1.0920514 0.9298316 1.0553795 1.0518955 1.1058134 1.0465782 0.9555437 1.2927599 1.2821793 1.2381966 1.2307048 1.1749218 1.1424039 1.1111513 1.1143090 1.1709623 1.1778026 1.1939625 1.1939713 1.2129728 1.1864685 1.1621937 1.5841703 1.1799746 1.0683891 1.2047156 1.7621936 1.6571597 1.3054756 1.5693687 2.2398925 2.7086585 3.9881299 1.6486576 3.5512490 2.3337876 3.0513303 3.2830484 4.1135698 4.1572588 3.7385638 3.7775347 
Lcom_lcpid11675                                       1.1391547 0.9420417 1.0151125 1.0668766 1.0952122 1.0655939 1.1323023 1.1140719 1.0612018 1.0754440 1.0674079 1.0584879 0.5499268 1.1399509 0.7683753 0.6584156 0.8477502 0.8925189 0.9929724 0.0000000 0.1508216 0.1576946 0.1669367 0.1607738 0.3186431 0.5466400 1.2309022 0.7255221 1.5679372 1.0095891 1.2933000 1.1540377 1.9166612 1.7376616 1.1732921 0.9915859 1.1177574 1.1402435 1.1808307 0.9267435 0.8500422 1.1956292 1.2271861 1.2113087 1.2299231 1.2105920 1.0010117 1.1055328 1.0724675 1.2266840 1.2430382 1.2407429 1.2439501 1.2797713 1.2583885 1.2434980 1.8003707 1.3753970 1.3580177 1.3554042 1.8967195 1.8167713 1.3750565 1.7850286 2.6043903 3.1578128 4.3563549 2.8377092 3.7118270 2.7283717 3.4935058 3.5928937 4.4509624 4.5026492 3.6893884 3.8634586 
Leuniv_Lniv_scaffold19981_01                          0.7335690 0.7931209 0.8662929 0.8351878 0.9029538 0.8986344 0.9696262 6.2473352 0.8578716 0.8582959 0.8994497 0.8963882 0.5475294 1.0111290 0.7680705 0.6132020 0.7575052 0.7964388 0.8378876 0.1508216 0.0000000 0.1702641 0.1679172 1.1589121 0.3467772 0.0000010 1.0862951 0.7196652 1.5635540 1.0594818 1.0891168 1.0921610 1.4281137 0.0000010 0.9548919 0.9882722 0.9600899 1.0016633 1.3189745 2.0462413 0.8713078 1.9271304 1.0741580 1.0605018 1.0742466 1.0611961 1.9119014 1.0815092 1.0838417 1.2150057 1.2340273 1.2145849 1.2166190 1.2315529 1.2442813 1.2349512 0.0000010 0.0000010 1.3217767 1.1177511 2.0826721 0.0000010 0.0000010 0.0000010 2.3720057 0.6834737 4.4771867 0.0000010 4.1113858 2.4952560 3.3966031 3.4297760 4.1465060 4.2546935 3.6244751 3.8191609 
Scil_scict014214.2                                    1.1132094 0.9775748 1.0184322 1.0770282 1.0848141 1.0674005 1.1308951 1.1809130 1.0646316 1.0629423 1.0770944 1.0855449 0.6445841 1.1696800 0.7422354 0.6160188 0.8654123 0.9087700 0.9841451 0.1576946 0.1702641 0.0000000 0.1570641 0.1632893 0.3634843 0.5203005 1.2562874 0.7790346 1.5878190 1.0165163 1.2994987 1.1586751 1.9317393 1.7119872 1.2060931 1.0389689 1.1409129 1.1506462 1.1883567 0.9497012 0.8453475 1.1878125 1.2301780 1.2113714 1.2191897 1.2219948 0.9618751 1.0937911 1.0508006 1.2269480 1.2421279 1.2432982 1.2465278 1.2706941 1.2449719 1.2370729 1.8249835 1.3555922 1.3386876 1.3847529 1.9182770 1.8518778 1.3978608 1.7633675 2.5948041 3.2469943 4.4729158 2.7150840 3.7658280 2.6658085 3.4242062 3.6018011 4.5358900 4.5919621 3.6249602 4.0287014 
Gracom_Gcom_scaffold18531_01                          1.1111196 0.9590851 1.0043844 1.0561302 1.0824974 1.0569441 1.1270128 1.1262260 1.0647791 1.0707071 1.0631544 1.0851377 0.4881287 1.1567732 0.7382871 0.5284537 0.8435531 0.9177085 1.0187155 0.1669367 0.1679172 0.1570641 0.0000000 0.1579171 0.3087491 0.5503797 1.2278522 0.6584382 1.5796607 1.0188238 1.3445436 1.1666635 1.9434653 1.5961167 1.1978563 1.0184706 1.1251171 1.1383358 1.2068908 0.9405012 0.7741996 1.2119306 1.2497329 1.2296016 1.2192304 1.1951501 0.9728232 1.0897683 1.0963602 1.2308902 1.2472022 1.2455693 1.2436437 1.2722398 1.2369431 1.2278140 1.8696829 1.3421364 1.3600378 1.3947271 1.9442171 1.7944228 1.3707150 1.7353584 2.6432395 3.6140193 4.4292612 2.9002267 3.7834269 2.7207905 3.2803567 3.6654129 4.6744209 4.7220411 3.8730052 3.8331015 
Leuniv_Lniv_scaffold19982_01                          1.0938423 0.8892291 0.9522614 1.0348523 1.0686586 1.0329999 1.0638981 1.4277567 1.0433512 1.0459469 1.0018201 1.0437379 0.3017983 1.0467942 1.0050597 0.7865572 0.7867302 0.8334314 0.9815957 0.1607738 1.1589121 0.1632893 0.1579171 0.0000000 0.5932439 0.5039269 1.1740934 1.4281852 1.2445649 0.9265610 1.2267266 1.0544877 2.1190531 1.5764465 1.1753035 1.0229029 1.0840771 1.0832768 1.0257546 0.8036896 0.4536732 1.1733605 1.1809715 1.1526630 1.0991716 1.0904097 0.8150323 0.9176884 0.7963671 1.0564153 1.0612867 1.0642042 1.0696433 1.0619646 1.0501009 1.0683920 1.4719759 1.3979481 1.1979141 1.3683169 1.5969083 1.7466173 1.2510491 1.7411810 2.4036490 3.1769711 3.2413465 4.5754180 3.1649814 2.7724151 2.7664841 3.5583194 6.2732797 6.3942594 7.2186841 4.1971306 
Clacor_Ccor_scaffold6564_01                           0.0000010 0.9285435 0.8880118 0.9059489 0.9095212 0.9255444 0.9551625 1.3819206 0.9086851 0.9221072 0.9185646 0.9194041 0.4735023 1.1240606 0.7453066 0.5339068 0.7533361 0.8836168 0.8887933 0.3186431 0.3467772 0.3634843 0.3087491 0.5932439 0.0000000 0.0000010 1.1714806 0.6807427 1.4541500 1.0377252 1.1984560 1.2213242 4.1406847 0.0000010 0.9696417 1.0258191 1.0505052 1.0784693 1.2872331 1.4073151 1.5634163 1.8031370 1.0640337 1.0296495 1.0700155 1.0679500 2.0177364 1.0921619 1.1342465 1.2293076 1.2564336 1.2683275 1.2611754 1.2302731 1.2880536 1.2794311 0.0000010 0.9728624 1.3908780 1.1873575 1.9892526 0.0000010 1.1124187 0.0000010 2.4778176 0.6834737 4.0290890 0.0000010 4.2349027 2.3686325 2.9703357 3.4675201 3.9331617 3.9154371 3.7043994 3.1964101 
Clacor_Ccor_C502896_01                                0.0000010 0.7357585 1.0330252 0.9933634 0.9719252 0.8975919 0.9342091 0.0000010 0.9659459 0.9146103 0.8681583 0.9426214 0.0000010 1.3133292 0.0000010 0.0000010 0.8576129 0.8154844 0.9036595 0.5466400 0.0000010 0.5203005 0.5503797 0.5039269 0.0000010 0.0000000 1.1231243 0.9773850 3.2585055 1.0097354 1.2699041 0.9264482 1.6372710 0.0000010 0.9646666 0.0000010 1.0731101 0.9612653 0.6259001 0.8681953 0.0000010 1.1554430 1.1458713 1.0530145 1.2725051 1.4018601 0.0000010 0.9866370 0.8132368 1.0671323 1.0835417 1.1051061 1.1089680 1.0600095 1.0243810 1.0051844 2.0871029 0.0000010 1.1025614 1.1255864 1.6412005 1.0402348 1.0402348 1.7513140 2.1159241 0.0000010 3.4342714 0.0000010 2.9100067 2.8496061 3.1902672 3.4696430 8.1144960 8.1144960 0.0000010 8.9999986 
Dgig_XM_028536581.1                                   1.0987353 1.0163690 0.9157043 0.9162343 0.9215505 0.8960362 0.9417045 1.0420178 0.9041549 0.9419019 0.9247408 0.9138981 0.5398338 1.1496204 1.0355807 0.5164717 1.1410849 1.0995036 1.1468053 1.2309022 1.0862951 1.2562874 1.2278522 1.1740934 1.1714806 1.1231243 0.0000000 0.1450600 0.3763643 1.1515437 1.2501224 1.1428997 1.8648123 1.8155253 1.1410395 1.0644905 1.1400582 1.1548960 1.1711319 1.3368705 0.8607984 1.4958839 1.4727773 1.4305052 1.3894199 1.3590028 1.3810193 1.2840840 1.3059109 1.3702612 1.3725908 1.3991350 1.4006198 1.4177251 1.3746069 1.3745312 1.4995235 1.4677626 1.4653316 1.3962334 1.9891675 0.5329533 0.2826360 1.7000250 2.6391381 2.8254415 4.3913967 1.9733791 3.4411772 2.4508260 3.3532422 3.2175721 4.1698563 4.2507925 3.4962346 4.2332082 
Xesp_005926-T1                                        8.0680377 0.5270302 0.5188271 0.5882119 0.5234992 0.5423577 0.4734472 0.0000010 0.5207894 0.5238861 0.6621079 0.6174558 0.5698027 0.6274129 0.5791858 0.5293860 0.5815285 0.5519761 0.5994169 0.7255221 0.7196652 0.7790346 0.6584382 1.4281852 0.6807427 0.9773850 0.1450600 0.0000000 2.0227695 0.6387805 0.7495334 0.6984788 1.5618827 0.0000010 0.6046178 0.6382811 0.7700432 0.7370165 2.0655979 1.2842209 1.0005875 1.9834826 0.8991094 0.8436021 0.9164217 0.8518918 0.0000010 0.7924181 0.8038799 0.8613664 0.8582336 0.8775680 0.8775680 0.7932254 0.8926073 0.8877934 0.0000010 3.1470474 0.8548582 0.7762920 2.2952720 0.9098252 0.9098252 0.0000010 1.7842368 0.0000010 4.6344028 0.0000010 4.5574484 1.7843474 3.1216704 3.9456716 4.8374770 5.3878092 4.2481191 4.3315557 
Xesp_005925-T1                                        1.2920917 1.3278494 1.1614730 1.1804475 1.2107736 1.2027751 1.1931262 0.8390963 1.2030038 1.2026160 1.2032326 1.2419453 2.0038178 1.5128708 1.4759639 2.9953921 1.5058163 1.4736696 1.4492977 1.5679372 1.5635540 1.5878190 1.5796607 1.2445649 1.4541500 3.2585055 0.3763643 2.0227695 0.0000000 1.5232896 1.5033644 1.4506878 2.2096150 0.0000010 1.5360404 1.3810520 1.4767317 1.5272320 1.6094172 1.7210556 2.8415142 1.9174591 1.7351475 1.6867634 1.7477687 1.6966052 1.4308335 1.5970761 1.5972363 1.7007818 1.6926950 1.6888072 1.6898408 1.7335654 1.6698360 1.7416942 2.5369176 2.2423253 1.8811717 1.8998589 2.5690054 2.5544896 2.3231165 0.0000010 3.1668604 2.6440384 4.4262914 1.9362878 3.9904528 2.7701997 3.5745199 3.4434738 3.8764203 3.8783035 3.5245156 4.1033295 
Spur_XM_030975423.1                                   0.6232113 0.8179511 0.9951460 0.9875599 1.0130946 0.9932966 1.0628598 1.3467437 0.9868431 1.0040962 1.0054084 1.0386611 0.6621479 1.1985248 0.9901096 0.6796616 0.9736442 0.8240602 0.8887668 1.0095891 1.0594818 1.0165163 1.0188238 0.9265610 1.0377252 1.0097354 1.1515437 0.6387805 1.5232896 0.0000000 1.2404879 1.1282866 1.8985713 1.7496937 1.1359910 1.0739495 1.1508572 1.1291157 1.1773633 1.0434391 1.0411132 1.2154850 1.3106980 1.2617334 1.1982685 1.1826485 1.0639206 1.1960893 1.1836758 1.2506609 1.2595526 1.2606289 1.2614677 1.2991354 1.2472353 1.2249055 1.5819448 1.2018475 1.2334538 1.2239514 1.7575706 1.5773941 1.2507931 1.9425640 2.3425895 2.4813189 3.9779559 1.8344029 3.3220782 2.4422208 2.8740263 3.1979726 4.0360404 4.1112186 3.4874290 3.6583484 
Hvul_g16572_1                                         0.9930709 1.1530738 1.1327865 1.0346581 1.0601294 1.0580278 1.0834659 0.9842907 1.0682776 1.0978822 1.0885690 1.1197008 1.3446309 0.5789628 1.0034214 0.6235998 1.1679201 1.1297587 1.2508416 1.2933000 1.0891168 1.2994987 1.3445436 1.2267266 1.1984560 1.2699041 1.2501224 0.7495334 1.5033644 1.2404879 0.0000000 0.6601050 1.4225817 1.3370167 0.8114456 0.6296774 0.7953349 0.7593550 0.8308917 1.3110384 1.7743041 1.4321490 1.4812777 1.4428482 1.5219543 1.5075498 1.0200266 1.3898658 1.4035299 1.4610326 1.4554997 1.4874588 1.4818279 1.5090376 1.4694143 1.4656532 1.4061124 1.1881334 1.5115200 1.5155556 1.9240508 1.6444044 1.2615378 2.1024510 2.5441791 3.7189012 4.5839672 2.9656972 3.5364435 2.6694430 2.9374457 3.2488182 4.1044907 4.1044907 3.5730132 3.5069759 
Morvir_scaffold30.g74.t3                              0.9751256 1.0372184 0.9737794 0.8972067 0.9125428 0.9037060 0.9467492 0.8434033 0.8916456 0.9459597 0.9420232 0.9748731 0.5180585 0.6276297 0.9719262 0.8698453 1.0169598 1.0508659 1.1202591 1.1540377 1.0921610 1.1586751 1.1666635 1.0544877 1.2213242 0.9264482 1.1428997 0.6984788 1.4506878 1.1282866 0.6601050 0.0000000 1.3726836 1.0319724 0.6099596 0.4451703 0.6053188 0.5970576 0.6495894 1.1367135 0.8581931 1.3010827 1.3736024 1.3492080 1.3902235 1.3751108 1.1635867 1.2978175 1.4331691 1.2631385 1.2706798 1.2781865 1.2814947 1.3054716 1.2924092 1.2854409 1.3942708 1.6014874 1.4399280 1.4051290 1.9738700 1.4386182 1.1039780 1.5354882 2.5511989 3.1615636 4.5748434 2.1838670 3.5432091 2.5814007 3.1790396 3.2324155 4.1790005 4.2187187 3.9411190 3.7747693 
Sanmal_Sma_000040-T1                                  2.1927092 1.6356385 2.2808333 1.6066236 1.6847185 1.6899312 1.6338061 1.1808331 1.6595994 2.6852896 1.7141494 1.7925602 0.7318250 1.5050262 1.3072828 0.0000010 2.0719266 1.6875373 1.9402705 1.9166612 1.4281137 1.9317393 1.9434653 2.1190531 4.1406847 1.6372710 1.8648123 1.5618827 2.2096150 1.8985713 1.4225817 1.3726836 0.0000000 2.0248819 0.5001320 1.1574028 1.0455050 1.0658208 1.0871878 1.8406116 1.9293110 2.4403634 2.6915287 2.6018427 2.4029183 2.4467860 1.9349966 2.5650425 3.4656453 2.1175454 3.0533033 2.1785374 2.1941360 2.6395886 2.0867619 2.0867619 3.6206391 1.1418736 2.3261179 3.6365543 2.6589385 1.9989901 2.0633527 2.2296014 3.7071564 0.0000010 5.9940585 4.8057457 5.4179237 4.1348442 2.2413715 5.3437930 6.7771800 6.7771800 9.0000000 9.0000000 
Sanmal_Sma_000043-T1                                  3.4788789 1.5425177 0.0000010 1.2846869 1.3972632 1.4456494 1.3914975 2.5795790 1.5098575 1.3275389 1.6489393 1.6382275 0.0000010 1.2896589 0.0000010 0.0000010 1.5371273 1.6580875 1.6769940 1.7376616 0.0000010 1.7119872 1.5961167 1.5764465 0.0000010 0.0000010 1.8155253 0.0000010 0.0000010 1.7496937 1.3370167 1.0319724 2.0248819 0.0000000 0.2619392 0.0000010 0.9999408 0.9222841 0.8188338 1.8671002 0.0000010 1.6463064 1.9899053 1.9069555 1.8268986 1.7030588 0.0000010 1.7330035 0.0000010 2.1018333 2.1392436 2.4399170 2.4399170 2.3473044 2.3795083 2.3795083 5.2014415 0.0000010 1.8832215 1.7321677 1.8656231 2.3922508 2.2757277 0.0000010 2.9377279 0.0000010 2.7390262 0.0000010 3.9945657 3.5707486 1.3506135 4.3996807 4.6331457 4.6331457 0.0000010 8.9999989 
Sanmal_Sma_006462-T1                                  0.8474898 1.0451629 1.0078092 0.9532016 0.9753669 0.9734455 0.9847981 1.1537366 0.9592712 0.9898458 1.0067243 1.0285222 0.4772947 0.7465371 0.9075354 0.6103972 1.0556372 1.0066583 1.0920514 1.1732921 0.9548919 1.2060931 1.1978563 1.1753035 0.9696417 0.9646666 1.1410395 0.6046178 1.5360404 1.1359910 0.8114456 0.6099596 0.5001320 0.2619392 0.0000000 0.2975481 0.4954553 0.4909717 0.5593966 1.2116052 0.8928424 1.3744745 1.3923428 1.3893526 1.3973862 1.3901890 1.2851528 1.2962014 1.3305887 1.3189768 1.3323036 1.3360252 1.3366557 1.3500570 1.3518074 1.3235277 0.8367298 1.1620393 1.3988991 1.3782537 1.9565178 1.5375523 1.1894020 1.8566818 2.5220903 4.0307397 4.2489423 2.3310043 3.3945816 2.4261367 3.3667681 3.2753988 4.1311743 4.1707347 3.8605965 3.7600836 
Aaur_scaffold442.g17.t1                               3.3887633 0.9303569 0.7519957 0.7850791 0.8025034 0.8074488 0.8432434 0.8390963 0.7591365 0.7910061 0.8824901 0.8250988 0.5092197 0.6541985 0.8691610 0.6622028 0.8407011 0.8836647 0.9298316 0.9915859 0.9882722 1.0389689 1.0184706 1.0229029 1.0258191 0.0000010 1.0644905 0.6382811 1.3810520 1.0739495 0.6296774 0.4451703 1.1574028 0.0000010 0.2975481 0.0000000 0.2052268 0.1923006 1.1862244 1.9598247 0.9028194 2.4488152 1.2292253 1.2157714 1.3676988 1.3043877 1.6153353 1.2279461 1.2567411 1.1208804 1.1380138 1.1033033 1.1102919 1.0956492 1.1808086 1.1957701 9.0000000 1.6170074 1.2629684 1.1290637 2.0412235 1.6053477 2.0003060 0.0000010 2.4318214 0.6834737 3.9992703 0.0000010 4.0343027 2.3671235 3.7030327 3.4241795 3.9409187 3.9758861 3.9835408 3.6709033 
Nemnom_g9920.t1                                       0.9302177 1.0446670 1.0146847 0.9664112 0.9744121 0.9738626 1.0191566 0.8584049 0.9573870 1.0258911 0.9978694 0.9987176 0.5694885 0.7230618 0.9481629 0.7568480 1.0294439 1.0096001 1.0553795 1.1177574 0.9600899 1.1409129 1.1251171 1.0840771 1.0505052 1.0731101 1.1400582 0.7700432 1.4767317 1.1508572 0.7953349 0.6053188 1.0455050 0.9999408 0.4954553 0.2052268 0.0000000 0.1067217 0.2862798 1.2333946 1.0057866 1.3724785 1.4191134 1.3890183 1.4406964 1.4045230 1.3306180 1.2826474 1.3197627 1.2549687 1.2485254 1.2477308 1.2475889 1.2800910 1.2612757 1.2575463 1.3445230 1.1364235 1.4523323 1.3861176 1.9503481 1.6430222 1.1929292 1.7620273 2.4646220 4.0184795 4.2557094 2.5238396 3.3082921 2.4200419 3.3056299 3.4128774 4.1375725 4.1598482 3.7999609 3.7784088 
Rhoesc_Res_010542-T1                                  0.8691794 1.0269941 1.0038656 0.9304367 0.9614899 0.9494303 0.9856130 0.8752978 0.9432961 0.9890847 0.9660269 0.9984145 0.5521903 0.7222366 0.9582175 0.7121003 1.0220520 1.0228993 1.0518955 1.1402435 1.0016633 1.1506462 1.1383358 1.0832768 1.0784693 0.9612653 1.1548960 0.7370165 1.5272320 1.1291157 0.7593550 0.5970576 1.0658208 0.9222841 0.4909717 0.1923006 0.1067217 0.0000000 0.2624005 1.2172430 0.8905624 1.3317650 1.4105064 1.3859467 1.4089716 1.3914580 1.3333952 1.2619313 1.3267343 1.2231950 1.2229587 1.2239868 1.2231048 1.2578951 1.2332577 1.2228621 1.3224686 1.1438392 1.4389345 1.3565674 1.9203658 1.5944330 1.1515034 1.5614423 2.4520931 3.4675385 4.3313881 2.3661534 3.3902005 2.4065461 3.2585902 3.2884744 4.0201254 4.0304210 3.8250456 3.8688759 
Aaur_scaffold442.g18.t1                               0.8913686 1.1312636 1.2752344 1.0216365 1.0502603 1.0393187 1.0228299 0.9850755 1.0490032 1.1036103 1.0635880 1.1006087 0.0000010 0.7401452 1.1994954 0.0000010 1.1504863 1.0928503 1.1058134 1.1808307 1.3189745 1.1883567 1.2068908 1.0257546 1.2872331 0.6259001 1.1711319 2.0655979 1.6094172 1.1773633 0.8308917 0.6495894 1.0871878 0.8188338 0.5593966 1.1862244 0.2862798 0.2624005 0.0000000 1.1852512 0.0000010 1.3286582 1.5159262 1.5338670 1.4671236 1.4401519 1.3644317 1.3564782 1.4476159 1.3240976 1.3214239 1.3295111 1.3313974 1.3811829 1.3412022 1.3334494 1.1500468 1.1493452 1.5241034 1.6292177 1.8419492 1.6930819 1.0835962 1.3902054 2.5896325 4.2168615 4.7742674 3.8725239 3.0490313 2.4826874 2.3389933 3.3196126 4.1683089 4.1683089 4.0333257 4.1552569 
Opea_EP00118_Oscarella_pearsei_P020078                1.0183855 0.9921648 1.0468934 1.0965052 1.1130832 1.0878086 1.0937338 1.6614014 1.1043474 1.0448423 1.0823751 1.0578180 0.0000010 1.2601288 1.9105690 0.0000010 0.4306082 0.8768525 1.0465782 0.9267435 2.0462413 0.9497012 0.9405012 0.8036896 1.4073151 0.8681953 1.3368705 1.2842209 1.7210556 1.0434391 1.3110384 1.1367135 1.8406116 1.8671002 1.2116052 1.9598247 1.2333946 1.2172430 1.1852512 0.0000000 0.0000010 1.1698005 1.2799535 1.2128131 1.2241937 1.1992713 0.9304715 1.0438290 1.0390579 1.1136163 1.1093548 1.1407887 1.1454111 1.1742949 1.1430126 1.1345744 1.9767350 1.2990869 1.4035576 1.5174088 1.7903236 1.9222247 1.4925388 1.6473621 2.3816802 3.2287561 4.5264355 1.9412618 3.2667366 2.5582966 3.0006404 3.5283160 4.7160985 4.7160985 2.8828333 4.2734336 
Lcom_lcpid178673                                      0.0000010 0.9707543 0.8138993 0.8533641 0.8302220 0.8527268 1.0036673 0.0000010 0.8876986 0.8125606 1.0215907 0.9482762 0.8569546 0.8958209 0.8547209 0.9948533 0.8488610 0.9056838 0.9555437 0.8500422 0.8713078 0.8453475 0.7741996 0.4536732 1.5634163 0.0000010 0.8607984 1.0005875 2.8415142 1.0411132 1.7743041 0.8581931 1.9293110 0.0000010 0.8928424 0.9028194 1.0057866 0.8905624 0.0000010 0.0000010 0.0000000 1.0599039 1.2372546 1.1987534 1.3379518 1.2512640 0.0000010 1.0993169 1.0937922 1.3312628 1.3378545 1.2526331 1.2526331 1.2953210 1.3438040 1.3438040 0.0000010 0.0000010 1.2025671 1.2215703 1.8752212 0.0000010 0.0000010 0.0000010 2.0920671 0.0000010 3.9940101 0.0000010 5.2030871 2.1221822 4.6842655 4.4270813 5.3309499 5.3317559 4.9963547 4.8610839 
Emue_Em0018g489a.t1                                   0.9506674 1.1623179 1.2746844 1.2150773 1.2868955 1.2240690 1.3146548 2.4983536 1.2900454 1.2701854 1.2765155 1.2356783 0.0000010 1.3852253 1.4953196 1.0381683 1.1235379 1.1379219 1.2927599 1.1956292 1.9271304 1.1878125 1.2119306 1.1733605 1.8031370 1.1554430 1.4958839 1.9834826 1.9174591 1.2154850 1.4321490 1.3010827 2.4403634 1.6463064 1.3744745 2.4488152 1.3724785 1.3317650 1.3286582 1.1698005 1.0599039 0.0000000 0.0275329 0.1373619 0.8431748 0.7907993 0.7312489 0.6825502 0.7728466 1.3826312 1.3875537 1.3845055 1.3910616 1.4248832 1.3718805 1.3127870 1.7148433 1.3448219 1.5297979 1.6340831 1.7982435 1.9656937 1.5636380 1.6128800 2.7232567 2.1429921 3.6070082 9.0000000 3.2908379 2.8747053 2.9074655 3.6072752 5.7081339 5.7081339 2.6478001 4.4400707 
Emue_Em0018g494a.t1                                   0.9714830 1.2021236 1.1797714 1.2227366 1.2858724 1.2571777 1.2992646 2.8172910 1.2753212 1.2011575 1.3416903 1.2809168 0.7637508 1.4181208 1.0442260 0.8464445 1.0993362 1.1929933 1.2821793 1.2271861 1.0741580 1.2301780 1.2497329 1.1809715 1.0640337 1.1458713 1.4727773 0.8991094 1.7351475 1.3106980 1.4812777 1.3736024 2.6915287 1.9899053 1.3923428 1.2292253 1.4191134 1.4105064 1.5159262 1.2799535 1.2372546 0.0275329 0.0000000 0.1119642 0.7880317 0.7604158 0.6986511 0.6257882 0.7976422 1.4763478 1.4832414 1.5104023 1.5139618 1.5445537 1.5271449 1.5012274 2.1698326 1.3448219 1.5171033 1.5858078 2.1024675 2.0156106 1.6736301 1.6116220 2.8901511 2.0072694 4.2234952 2.0502254 3.6697120 2.8557815 3.3760500 3.6783748 4.8381559 4.8707632 3.7019730 3.8832983 
Spolac_c104787_g2_i1_m.43274c104787-g2                0.9871782 1.1758068 1.1918324 1.2090962 1.2402037 1.2193540 1.2571790 2.2860589 1.2476190 1.1832937 1.2827222 1.2287724 0.7285770 1.4018145 1.0135202 0.8075048 1.0982234 1.1695787 1.2381966 1.2113087 1.0605018 1.2113714 1.2296016 1.1526630 1.0296495 1.0530145 1.4305052 0.8436021 1.6867634 1.2617334 1.4428482 1.3492080 2.6018427 1.9069555 1.3893526 1.2157714 1.3890183 1.3859467 1.5338670 1.2128131 1.1987534 0.1373619 0.1119642 0.0000000 0.7648172 0.7367920 0.7352004 0.6063587 0.7895935 1.4429906 1.4694184 1.4550261 1.4584970 1.5070869 1.4946772 1.4646900 2.1086070 1.3690906 1.5121109 1.5664271 2.1178301 1.9672815 1.6048603 1.6467139 2.8184145 2.0355663 4.1012372 2.1569931 3.6999487 2.7915328 3.3777468 3.6290012 4.7490263 4.7792298 3.6417633 3.8744306 
Aque_Aqu2.1.38351_001                                 0.8720511 1.1933352 1.2461319 1.2184422 1.2448687 1.2148567 1.2622682 1.9606634 1.2303910 1.1977379 1.2295180 1.2341064 0.7988829 1.4093189 1.1263637 0.9973894 1.1593945 1.1456877 1.2307048 1.2299231 1.0742466 1.2191897 1.2192304 1.0991716 1.0700155 1.2725051 1.3894199 0.9164217 1.7477687 1.1982685 1.5219543 1.3902235 2.4029183 1.8268986 1.3973862 1.3676988 1.4406964 1.4089716 1.4671236 1.2241937 1.3379518 0.8431748 0.7880317 0.7648172 0.0000000 0.1713093 0.3728586 0.6085173 0.7945193 1.4038773 1.4237748 1.3982618 1.3995675 1.4454033 1.4206664 1.4060811 1.9727445 1.1879113 1.5154559 1.5382259 2.2196557 1.9398449 1.5142264 1.8910890 2.8444480 2.4017098 4.1935220 3.0176793 3.6703010 2.7078049 3.2296298 3.4865849 4.6944368 4.7205725 3.6531330 3.5517365 
Halamb_c56269_g1_i1m.42900                            0.9139262 1.1733977 1.1828692 1.1864767 1.2128344 1.1881404 1.2345795 2.2794822 1.2192191 1.1715648 1.2283878 1.2431623 0.7261529 1.4073755 1.1352079 0.9122313 1.1288862 1.1297661 1.1749218 1.2105920 1.0611961 1.2219948 1.1951501 1.0904097 1.0679500 1.4018601 1.3590028 0.8518918 1.6966052 1.1826485 1.5075498 1.3751108 2.4467860 1.7030588 1.3901890 1.3043877 1.4045230 1.3914580 1.4401519 1.1992713 1.2512640 0.7907993 0.7604158 0.7367920 0.1713093 0.0000000 0.3487423 0.5939414 0.7489035 1.3794144 1.4059476 1.4009553 1.3990569 1.4387661 1.3963408 1.3906289 1.8583700 1.2010563 1.4954562 1.5160818 2.1823686 1.9437193 1.5229708 1.7577729 2.8205660 2.3934826 4.2333774 2.6143768 3.5507913 2.6654389 3.2306328 3.5056786 4.4451633 4.4703960 3.5814532 3.6011567 
Xestes_maker-XT_scaffold2318-augustus-gene-0.3-mRNA-1 0.0000010 1.1995886 1.2905337 1.2848455 1.2366752 1.2055535 1.3125185 0.0000010 1.2168833 1.2996766 1.1707684 1.0722565 0.0000010 1.2215136 1.8554774 0.0000010 0.9710289 1.0226954 1.1424039 1.0010117 1.9119014 0.9618751 0.9728232 0.8150323 2.0177364 0.0000010 1.3810193 0.0000010 1.4308335 1.0639206 1.0200266 1.1635867 1.9349966 0.0000010 1.2851528 1.6153353 1.3306180 1.3333952 1.3644317 0.9304715 0.0000010 0.7312489 0.6986511 0.7352004 0.3728586 0.3487423 0.0000000 0.5396889 0.6710862 1.0154089 1.0334296 1.0260010 1.0260010 0.9715781 0.9539992 0.8204661 3.9098318 1.6115716 1.1715644 1.5328098 2.3552870 1.9121687 1.9121687 0.0000010 2.8116172 2.5649716 4.6383489 4.2322605 3.5008382 2.9910967 0.0000010 2.9332223 4.2263947 4.2263947 6.9359587 2.1400737 
Tetwil_g1425.t2                                       1.2008884 1.1132225 1.1179481 1.1156546 1.1220749 1.0925375 1.1797310 1.6107270 1.1394371 1.1126678 1.1741402 1.1128152 0.7724981 1.3030523 1.0872380 0.8910511 0.9943646 1.0226962 1.1111513 1.1055328 1.0815092 1.0937911 1.0897683 0.9176884 1.0921619 0.9866370 1.2840840 0.7924181 1.5970761 1.1960893 1.3898658 1.2978175 2.5650425 1.7330035 1.2962014 1.2279461 1.2826474 1.2619313 1.3564782 1.0438290 1.0993169 0.6825502 0.6257882 0.6063587 0.6085173 0.5939414 0.5396889 0.0000000 0.6533572 1.3074269 1.2870495 1.3213487 1.3191064 1.3706428 1.3455719 1.3273187 2.0186663 1.1469167 1.4595511 1.4264398 2.0955288 1.6227698 1.4046628 1.6398563 2.7854467 2.5203516 3.9691621 2.2975805 3.6269934 2.7305583 3.1162674 3.5422551 4.6065652 4.6324475 3.4705103 3.8230002 
Plespi_Pspi_scaffold18666_01                          3.9016941 1.1280038 1.1175248 1.1184614 1.1237157 1.0818991 1.1753019 1.5121516 1.1443844 1.1299653 1.2030327 1.1193274 0.8964181 1.2882697 1.1002843 0.8369609 1.0269260 1.0259940 1.1143090 1.0724675 1.0838417 1.0508006 1.0963602 0.7963671 1.1342465 0.8132368 1.3059109 0.8038799 1.5972363 1.1836758 1.4035299 1.4331691 3.4656453 0.0000010 1.3305887 1.2567411 1.3197627 1.3267343 1.4476159 1.0390579 1.0937922 0.7728466 0.7976422 0.7895935 0.7945193 0.7489035 0.6710862 0.6533572 0.0000000 1.3981994 1.4138794 1.4146300 1.4142748 1.3719324 1.4207027 1.3995314 4.9466609 1.2607458 1.4407593 1.5440749 2.4599655 1.5229198 1.5229198 4.2267027 2.9679197 2.8079837 4.5902753 2.0863144 3.8777457 2.6760350 3.4212648 3.5834581 4.5925243 4.6915994 4.0215199 3.7925617 
