83
Xesp_010503-T1                                                0.0000000 0.1234405 0.3690014 0.3686776 0.3375714 0.3339509 0.3464294 0.5078291 0.3842067 0.4787652 0.3497529 0.3397809 0.4303230 0.4589954 0.4895358 0.8319988 0.4789040 0.5382096 0.5420186 0.5125288 0.5165613 0.5293735 0.5332937 0.5332554 0.3671138 0.6505156 0.6794459 0.6862419 0.4954397 0.5675587 0.5278526 0.5678000 0.6296408 0.5182075 0.4761938 0.7835896 0.5525786 0.8588267 0.5742193 0.6134605 0.8248017 0.8015254 0.8013551 0.6391358 0.7695416 0.7446127 0.6737593 0.7490588 0.7567079 0.8130489 0.8426636 0.8348091 0.7536826 0.9717722 0.5981624 0.6426376 0.7093905 0.6841320 0.6582276 0.5464557 0.4710728 0.5917226 0.6378075 0.6396792 0.7207204 0.7947615 0.7518382 0.7352342 0.9628419 0.7868688 0.6652861 0.8587709 0.7918963 0.9979410 1.1902744 0.8684095 0.1550874 0.9069469 0.7261002 2.1867551 0.8326470 0.9306867 1.3615860 
Dgig_XM_028559204.1                                           0.1234405 0.0000000 0.4636452 0.4666141 0.4494937 0.4463594 0.4214903 0.6234787 0.4931399 0.4937781 0.4850401 0.3236725 0.5747769 0.5701016 0.4794195 1.3376325 0.4938557 0.6471256 0.6336940 0.6175848 0.6143476 0.6249342 0.6229790 0.6294472 0.3486015 0.7608429 0.8451082 0.8346652 0.6264614 0.6999786 0.6987585 0.5880156 0.7567963 0.6496575 0.4436119 0.8747045 0.5222895 0.9280817 0.5235110 0.5686602 0.9022152 0.7559823 0.9252386 0.6050305 0.7443863 0.7350003 0.6267905 0.8240834 0.9328223 1.0370316 1.0183686 1.0258748 0.8363376 1.0403630 0.6125510 0.8234660 0.7076239 0.8731115 0.8822990 0.7380432 0.6746827 0.7060581 0.6822845 0.7764014 0.8893179 0.8961573 0.8763615 0.8718142 0.9641370 0.8915182 1.3793179 1.5293694 1.2373201 1.5779626 1.6566180 1.6742944 0.3472395 0.8993939 0.8382929 2.0100368 0.9795193 1.1051917 1.3689175 
Fspp_ffun1.m4.7859.m1                                         0.3690014 0.4636452 0.0000000 0.0735210 0.1108905 0.0977796 0.1271261 0.2148447 0.1492694 0.3276426 0.3455486 0.2793055 0.6149410 0.6297851 0.5083324 1.3135203 0.5502546 0.6263840 0.6308977 0.6256109 0.6223946 0.6357383 0.6349371 0.6414188 0.3827201 0.7505283 0.8633478 0.8576283 0.6694928 0.6584430 0.6526485 0.5597100 0.7435262 0.6633091 0.4724446 0.9010855 0.5223994 0.9725948 0.5474794 0.5820316 0.9990158 0.7741967 0.9627337 0.6128605 0.7960690 0.7828238 0.6329293 0.8642222 0.9424988 0.9628529 1.0447087 1.0456680 0.8027540 0.9940219 0.6884084 0.8638582 0.7138081 0.8577582 0.8641858 0.7212678 0.6373924 0.7081837 0.6712188 0.7476950 0.8503135 0.9727698 0.9928188 0.8875793 0.8226892 1.1554584 1.9355868 2.2589507 1.6796118 2.1474493 2.6901004 2.6181796 0.8108864 1.5697899 1.5139259 2.3146447 1.1983673 1.3954579 1.6234928 
Gasp_gasp1.m3.5660.m1                                         0.3686776 0.4666141 0.0735210 0.0000000 0.1043929 0.0867017 0.1137868 0.1932936 0.1370181 0.2842507 0.3439242 0.2790434 0.5964025 0.6042604 0.4853457 1.3509004 0.5477935 0.6078181 0.6119911 0.6078287 0.6045572 0.6181198 0.6150516 0.6216674 0.3816348 0.7313452 0.8409649 0.8233097 0.6572909 0.6398671 0.6191074 0.5884825 0.7466773 0.6438774 0.4770028 0.9055769 0.5336805 0.9817252 0.5369472 0.6114470 0.9967044 0.7462868 0.9638860 0.6611853 0.7860253 0.7796398 0.6690998 0.8617180 0.9477839 0.9667494 1.0167043 1.0176111 0.7900092 0.9252585 0.6602365 0.8443021 0.7163330 0.8673361 0.8696537 0.7270644 0.6472534 0.6877099 0.6879670 0.7475075 0.8382255 0.9825158 1.0041844 0.8542948 0.6852545 1.0649019 1.7786991 2.0245986 1.5135668 1.8997766 2.3512887 2.3452032 0.8581370 1.4429659 1.4090101 2.1726093 1.1447362 1.3310550 1.3376955 
Spis_XP_022803221_1                                           0.3375714 0.4494937 0.1108905 0.1043929 0.0000000 0.0200204 0.1339644 0.2159116 0.1452021 0.2784254 0.3427057 0.2846256 0.5719838 0.5749596 0.4648689 1.2989205 0.5470463 0.6049110 0.6042104 0.6033293 0.6002214 0.6133614 0.5934341 0.5996115 0.3976059 0.7487533 0.8283990 0.8157354 0.6352212 0.6567793 0.6513134 0.5731129 0.7082720 0.6233079 0.4586618 0.8183079 0.5216531 0.9129411 0.5507723 0.5811091 0.9090676 0.7264262 0.9117443 0.5877165 0.7012791 0.6864151 0.6088887 0.7621920 0.8530017 0.8914278 0.9743453 0.9738359 0.7488016 0.9196144 0.6164856 0.7818025 0.6413096 0.7811467 0.7925015 0.6759428 0.6375577 0.7130961 0.6069704 0.7078326 0.8022221 0.9367902 0.9546938 0.8319869 0.6038327 1.0263327 1.8353672 2.0754185 1.5776266 1.9887511 2.3725012 2.4198653 0.8533305 1.4809250 1.4113561 2.2470351 1.1262550 1.2866056 1.3312841 
Pocdam_XM_027188097.1                                         0.3339509 0.4463594 0.0977796 0.0867017 0.0200204 0.0000000 0.1257669 0.1807588 0.1255300 0.2698096 0.3224469 0.2846256 0.5694524 0.5761093 0.4693336 1.2892544 0.5398658 0.5908275 0.5898485 0.5832874 0.5802168 0.5991871 0.5840719 0.5902022 0.3976059 0.7314379 0.8082001 0.7984212 0.6257493 0.6400725 0.6277112 0.5770306 0.7137537 0.5970589 0.4651911 0.8267839 0.5150098 0.8993308 0.5402210 0.5752667 0.9257305 0.7151279 0.8989332 0.5931868 0.6980428 0.6817110 0.6127597 0.7559995 0.8454609 0.8713323 0.9675520 0.9682750 0.7371939 0.9039770 0.6229656 0.7762378 0.6395943 0.7893116 0.7853152 0.6878580 0.6238619 0.6939347 0.6181730 0.6890624 0.7964820 0.9388063 0.9388499 0.8205462 0.5862560 1.0215343 1.8238662 2.0885683 1.5556447 1.9720807 2.3739373 2.3734895 0.8367603 1.4656385 1.4129980 2.1766340 1.0746304 1.2532208 1.3311830 
Gfas_gfas1.m1.13732.m1                                        0.3464294 0.4214903 0.1271261 0.1137868 0.1339644 0.1257669 0.0000000 0.1720836 0.1184046 0.2917841 0.3591666 0.2802522 0.5702763 0.5932788 0.4702711 1.2743208 0.5617234 0.5836678 0.5827170 0.5939755 0.5908760 0.5954822 0.5805478 0.5867142 0.3727477 0.7370172 0.7998459 0.7802385 0.6074705 0.6226435 0.6160261 0.5478230 0.7197530 0.6168813 0.4547523 0.8207838 0.5086160 0.9004238 0.5378508 0.5756657 0.9324887 0.7387173 0.8998632 0.5998496 0.7102161 0.6924348 0.6055104 0.7679202 0.8849595 0.9196515 0.9840429 0.9775128 0.7381367 0.9036226 0.6121371 0.7846056 0.6525317 0.8219075 0.7827489 0.6616760 0.6216843 0.6755568 0.6336561 0.7304112 0.7765694 0.9547460 0.9668718 0.8243021 0.6801423 1.0340828 1.8288778 2.1206944 1.5914959 2.0012737 2.3436386 2.4623976 0.8739985 1.5271257 1.4778461 2.1798262 1.0904762 1.2361283 1.4105577 
Amil_Amillepora19514-RA                                       0.5078291 0.6234787 0.2148447 0.1932936 0.2159116 0.1807588 0.1720836 0.0000000 0.0389713 0.2587792 0.4814932 0.9358218 0.7483963 0.7413793 0.6130386 1.7405569 0.6451797 0.7342676 0.7318898 0.7558675 0.7508915 0.7633627 0.7354818 0.7403622 8.6660955 0.9907310 1.0685786 1.0420384 0.7572385 0.7645143 0.7356554 0.6757722 0.8675919 0.7171861 0.6945729 1.1487539 0.7649772 1.1997611 0.7271055 0.8823719 1.2851526 1.0526250 1.2271399 0.9673985 0.9930531 0.9231301 0.9220937 1.0519129 1.1929899 1.2025973 1.2868941 1.2920832 0.9855903 0.9705344 0.8360151 1.0465220 0.7790357 1.0492319 1.0246091 0.8457260 0.7575709 0.8720380 0.8010339 0.9097602 0.9754122 1.1222952 1.1187758 0.8822933 0.5782971 1.1840161 1.8302162 2.1088196 1.4507687 1.9534837 2.4398924 2.8987512 0.8823628 1.2068915 1.2923770 1.9906577 1.3498562 1.4697670 1.6724106 
Adig_XM_015904534.1                                           0.3842067 0.4931399 0.1492694 0.1370181 0.1452021 0.1255300 0.1184046 0.0389713 0.0000000 0.2573901 0.3841361 0.2520314 0.6089129 0.6012688 0.4882690 1.3920601 0.5382661 0.6427048 0.6446128 0.6554265 0.6519931 0.6427084 0.6312869 0.6380453 0.4049748 0.8174144 0.9061526 0.8734311 0.6555989 0.6872022 0.6273550 0.5691256 0.7598672 0.6582771 0.4929116 0.9039969 0.5492474 0.9753718 0.5576396 0.6193424 1.0149906 0.7845051 0.9755715 0.6583237 0.7897920 0.7543959 0.6744052 0.8594321 0.9625505 0.9964201 1.0545149 1.0575239 0.7942864 0.9027606 0.6731108 0.8649017 0.7047887 0.8670623 0.8498245 0.6881062 0.6412170 0.7081154 0.6835823 0.7375885 0.8734991 1.0013428 0.9989247 0.8430019 0.6541519 1.0576547 1.8255948 2.0188870 1.4673003 1.8208412 2.3507307 2.3927622 0.8369341 1.3887762 1.4422322 1.9990236 1.1701670 1.3514579 1.4548561 
Nvec_v1g187918                                                0.4787652 0.4937781 0.3276426 0.2842507 0.2784254 0.2698096 0.2917841 0.2587792 0.2573901 0.0000000 0.2769266 0.4220372 0.5144444 0.5221529 0.5483761 1.1990422 0.5330433 0.6232430 0.6131773 0.5965602 0.5920757 0.5880853 0.5954512 0.6044395 0.8489548 0.7836467 0.9089825 0.9055906 0.6038254 0.6502096 0.5925540 0.6364727 0.6879597 0.6725575 0.5380870 0.8933580 0.6277425 0.9629727 0.6209735 0.7036237 0.9699698 0.9059710 1.0198926 0.7755335 0.9041101 0.8831817 0.7904293 0.9431445 0.9625656 0.9903889 1.0348181 1.0319111 0.8889115 0.9018522 0.7204376 0.7549934 0.7835420 0.7848887 0.8538649 0.5888640 0.5703396 0.6441841 0.7080309 0.7343946 0.7985020 0.9674710 0.9271367 0.7658315 0.2557953 0.8252397 1.4312245 1.4437334 1.3329441 1.6135840 1.8126847 1.8347358 0.8904052 1.2892068 1.3735797 1.9764375 1.0203485 1.1086603 1.4609626 
Exapal_XM_021036868.2                                         0.3497529 0.4850401 0.3455486 0.3439242 0.3427057 0.3224469 0.3591666 0.4814932 0.3841361 0.2769266 0.0000000 0.2628370 0.5599046 0.5395094 0.4965909 1.3958262 0.5745424 0.6183661 0.6278320 0.5878596 0.5844318 0.6100423 0.6038700 0.6073150 0.4043626 0.7817214 0.8883819 0.8690028 0.7322458 0.7171962 0.6950884 0.6152585 0.8095538 0.6961936 0.4423845 0.8759327 0.4753764 0.9613135 0.4266697 0.5817118 0.9474198 0.7840779 0.9919822 0.6451725 0.7641681 0.7683621 0.6787105 0.8304767 0.9475269 1.0577967 1.0806845 1.0869330 0.7971383 0.9956667 0.6158365 0.8731817 0.7312534 0.9005171 0.9245064 0.7368204 0.7069689 0.7500945 0.7445743 0.7672478 0.9651810 0.9221984 0.9185611 0.9004588 0.5256146 0.9525864 2.1744724 2.3404088 1.7770638 2.4782813 2.4719661 2.5034039 0.8788818 1.6009405 1.5495954 1.9876248 1.1383406 1.2960944 1.3489812 
Chem_TCONS_00037548                                           0.3397809 0.3236725 0.2793055 0.2790434 0.2846256 0.2846256 0.2802522 0.9358218 0.2520314 0.4220372 0.2628370 0.0000000 0.1235115 0.1235115 0.1387281 0.0936043 0.2102193 0.2567120 0.2567120 0.2678367 0.2678367 0.2561298 0.2324282 0.2324282 0.4271207 0.3907491 0.4041770 0.4481836 0.2558284 0.3009707 0.2989157 0.3655474 0.3624532 0.3095814 0.4289177 0.4289177 0.3954420 0.3954420 0.4654206 0.4299503 0.4392393 0.4242914 0.4650442 0.4806355 0.4806355 0.4806355 0.4806355 0.4806355 0.4806355 0.5165901 0.4304704 0.4304704 0.4720183 0.9887400 0.3441229 0.5048006 0.6083738 0.6342408 0.5597785 0.3749767 0.3355314 0.3572504 0.4469976 0.4105784 0.5108059 0.5303774 0.5254737 0.0000010 0.0000010 0.2811602 5.3261669 4.8704352 4.9305468 6.4284011 5.0023061 4.2787075 0.5623008 5.7568719 5.0092538 5.0640730 0.0000010 0.0000010 0.0000010 
Nemnom_g11223.t1                                              0.4303230 0.5747769 0.6149410 0.5964025 0.5719838 0.5694524 0.5702763 0.7483963 0.6089129 0.5144444 0.5599046 0.1235115 0.0000000 0.0617783 0.2835380 0.9247125 0.1934678 0.6397455 0.6545503 0.6168142 0.6200891 0.6229420 0.6491335 0.6425004 0.4222400 0.7489554 0.8435631 0.8211903 0.7529558 0.6851462 0.6627907 0.4795704 0.6908437 0.7160435 0.4307879 0.7755182 0.4525877 0.8754338 0.5099286 0.5264046 0.8789359 0.6714145 0.9242676 0.5914728 0.7052508 0.7044140 0.6149852 0.7431579 0.9208442 0.9526881 0.9813507 0.9748951 0.7666499 0.9220026 0.6381950 0.8403209 0.6829432 0.8613423 0.8858455 0.7859722 0.7566612 0.7353429 0.7058604 0.8312635 0.9272738 0.9800918 0.8954389 0.9005749 1.1034515 0.5006549 1.7678651 2.0795307 1.7909955 2.0988257 2.2980983 2.4696225 0.9839960 1.6791836 1.6769357 1.9389227 0.9148866 1.0704040 1.3671436 
Rhoesc_Res_008662-T1                                          0.4589954 0.5701016 0.6297851 0.6042604 0.5749596 0.5761093 0.5932788 0.7413793 0.6012688 0.5221529 0.5395094 0.1235115 0.0617783 0.0000000 0.2784064 0.9241346 0.1727808 0.6454107 0.6529839 0.6123743 0.6156522 0.6276490 0.6566671 0.6500033 0.4222400 0.7440717 0.8389538 0.8288642 0.7347844 0.6837279 0.6654818 0.4890527 0.6833140 0.7306651 0.4284138 0.7630446 0.4502318 0.8621116 0.5059816 0.5242091 0.8695942 0.6623940 0.8960724 0.5755926 0.6926418 0.6973902 0.5989280 0.7321135 0.8930102 0.9376478 0.9745715 0.9788571 0.7724569 0.9295811 0.6534488 0.8585403 0.6825578 0.8790256 0.8812262 0.7582335 0.7698871 0.7116903 0.6988875 0.8331488 0.9597234 0.9700984 0.9035391 0.9248230 1.1189752 0.4677722 1.7980069 2.0939812 1.8242404 2.1425120 2.3473905 2.4483779 0.9231413 1.6317879 1.6108285 1.9395993 0.8900810 1.0368088 1.3064840 
Morvir_scaffold506.g1.t1                                      0.4895358 0.4794195 0.5083324 0.4853457 0.4648689 0.4693336 0.4702711 0.6130386 0.4882690 0.5483761 0.4965909 0.1387281 0.2835380 0.2784064 0.0000000 0.5710142 0.3303656 0.5494031 0.5225217 0.5178269 0.5134602 0.5128849 0.5234257 0.5233831 0.4330455 0.6460143 0.6350075 0.6443638 0.6033787 0.5542384 0.5257405 0.5445462 0.6164917 0.6241909 0.3864452 0.6425561 0.4288806 0.7135642 0.4889377 0.5329131 0.7000495 0.6618451 0.7075316 0.5776626 0.7055789 0.6766380 0.5575338 0.6766380 0.6775353 0.7428377 0.7710313 0.7682958 0.6747980 0.8420348 0.6302493 0.6529724 0.7146419 0.7333211 0.7572817 0.6224250 0.5951146 0.6376045 0.6786867 0.7633144 0.8219638 0.8486355 0.8394852 0.7820310 1.3324804 0.7189681 1.4808594 1.8099734 1.8221717 2.0375041 2.0522334 1.8721790 0.9626647 2.1331205 1.9289738 2.5042218 0.9079958 1.2923165 1.3175509 
Hvul_g13313_1                                                 0.8319988 1.3376325 1.3135203 1.3509004 1.2989205 1.2892544 1.2743208 1.7405569 1.3920601 1.1990422 1.3958262 0.0936043 0.9247125 0.9241346 0.5710142 0.0000000 0.9660093 1.2431824 1.2769363 1.2441831 1.2382758 1.2697424 1.2329910 1.2329953 0.4433380 1.4651553 1.4267702 1.4429116 1.2594865 1.2597365 1.2613822 0.5910654 1.3265574 1.4494141 0.4864393 1.3901546 0.5149948 1.4968105 0.6145284 0.5909263 1.4970931 0.8036566 1.5329032 0.6331838 0.9935524 1.0499335 0.6651640 1.3496682 1.5031604 1.5736563 1.5829798 1.5707514 1.3591242 1.8263676 0.9911083 1.4000134 1.3574876 1.5340627 1.4745688 1.3680723 1.3312439 1.4297409 1.3637256 1.4371163 1.4477107 1.5030093 1.5111446 2.4143945 4.9124871 2.7673067 3.7561261 3.9549635 3.7672915 3.8172265 5.6225836 8.1639646 5.6293467 5.5796217 6.1177719 5.3648283 5.0343311 6.1416978 1.9762129 
Aaur_scaffold90.g2.t1                                         0.4789040 0.4938557 0.5502546 0.5477935 0.5470463 0.5398658 0.5617234 0.6451797 0.5382661 0.5330433 0.5745424 0.2102193 0.1934678 0.1727808 0.3303656 0.9660093 0.0000000 0.5872537 0.5775845 0.5397101 0.5434836 0.5904536 0.5796302 0.5718932 0.3913276 0.6629430 0.7805103 0.7827974 0.6761866 0.6356723 0.5979125 0.4977815 0.6254122 0.7105958 0.5147689 0.8494158 0.5663266 0.9235756 0.5585862 0.6053070 0.8904905 0.6934712 0.9324624 0.6961245 0.7892102 0.8069657 0.7339988 0.8262765 0.9145332 0.9445787 0.9386656 0.9362533 0.8313890 0.9152268 0.7307470 0.7477423 0.7218771 0.7618493 0.7949689 0.6472047 0.6441102 0.6552659 0.7395811 0.7061406 0.8352218 0.9014394 0.8148043 0.7451675 1.1255681 0.3578506 1.5925084 1.7756711 1.6189876 1.7939772 1.9488263 2.0092427 0.8459761 1.3310432 1.4099540 1.6739482 0.6967200 0.7747866 1.4343167 
HoiH23_PlH23_002653-RA                                        0.5382096 0.6471256 0.6263840 0.6078181 0.6049110 0.5908275 0.5836678 0.7342676 0.6427048 0.6232430 0.6183661 0.2567120 0.6397455 0.6454107 0.5494031 1.2431824 0.5872537 0.0000000 0.0269445 0.0616220 0.0637733 0.0867183 0.1214067 0.1213897 0.3276854 0.7476023 0.7643468 0.7915266 0.6662529 0.7054457 0.7077200 0.4327541 0.7013730 0.7109850 0.3835295 0.7750149 0.4067837 0.8156105 0.4502102 0.4587166 0.8144914 0.6197723 0.8117582 0.5233790 0.6479780 0.6519327 0.5344165 0.7463018 0.8171725 0.8721200 0.9550866 0.9510041 0.7430137 0.9444765 0.5492083 0.7803389 0.6980852 0.8062812 0.8078894 0.7709129 0.7535603 0.8046954 0.7051528 0.8304099 0.8815041 0.8936191 0.8549532 0.8957254 1.4225024 1.0209124 2.0505880 2.4175126 1.9809942 2.3917104 2.3621755 2.8864850 1.1771841 1.6545215 1.7424440 2.3237337 1.1504892 1.3700256 1.1767824 
HoiH06_mRNA3655                                               0.5420186 0.6336940 0.6308977 0.6119911 0.6042104 0.5898485 0.5827170 0.7318898 0.6446128 0.6131773 0.6278320 0.2567120 0.6545503 0.6529839 0.5225217 1.2769363 0.5775845 0.0269445 0.0000000 0.0542413 0.0520606 0.0797041 0.1026465 0.1072998 0.3276854 0.7385404 0.7580376 0.7917050 0.6593777 0.6912510 0.7102878 0.4531259 0.7220150 0.6902253 0.3806528 0.7804522 0.4073204 0.8157998 0.4451604 0.4490495 0.8148050 0.6321506 0.8114553 0.5241381 0.6600646 0.6639124 0.5402285 0.7505611 0.8331820 0.8815157 0.9517849 0.9544511 0.7592208 0.9709431 0.5392973 0.7774000 0.6938018 0.8082264 0.8031333 0.7620492 0.7620486 0.8098513 0.7012401 0.8425238 0.8609239 0.9162046 0.8844136 0.9311121 1.2440456 1.0569990 2.1015111 2.4706407 2.0277138 2.4031952 2.3628347 2.8475861 1.2137253 1.6837182 1.7785971 2.2823275 1.2040479 1.3917872 1.3090835 
Hhon_g05858.t1                                                0.5125288 0.6175848 0.6256109 0.6078287 0.6033293 0.5832874 0.5939755 0.7558675 0.6554265 0.5965602 0.5878596 0.2678367 0.6168142 0.6123743 0.5178269 1.2441831 0.5397101 0.0616220 0.0542413 0.0000000 0.0020095 0.0734779 0.1236970 0.1236795 0.3219784 0.7398708 0.7735260 0.7875629 0.6708563 0.6899489 0.7136725 0.4430877 0.7020967 0.6979530 0.3861457 0.7658390 0.4237903 0.8187678 0.4651139 0.4665664 0.8114050 0.6417871 0.8119134 0.5190712 0.6295747 0.6278960 0.5311877 0.7197928 0.7991711 0.8351150 0.9501042 0.9509217 0.7449100 0.9457735 0.5529160 0.7922555 0.7089540 0.8417267 0.8348540 0.7584193 0.7248863 0.8183282 0.6960149 0.8338513 0.9083654 0.9150618 0.8795206 0.9013959 1.3261382 1.0127581 1.9946813 2.3110542 1.8881926 2.3046726 2.2670881 2.6882801 1.1196192 1.6184471 1.7051753 2.3088824 1.1289421 1.3409988 1.1255974 
HoiH04_mRNA12187                                              0.5165613 0.6143476 0.6223946 0.6045572 0.6002214 0.5802168 0.5908760 0.7508915 0.6519931 0.5920757 0.5844318 0.2678367 0.6200891 0.6156522 0.5134602 1.2382758 0.5434836 0.0637733 0.0520606 0.0020095 0.0000000 0.0756750 0.1213757 0.1260183 0.3219784 0.7434358 0.7771254 0.7911944 0.6674025 0.6934149 0.7102056 0.4477608 0.7056710 0.7013267 0.3861457 0.7697582 0.4237903 0.8225818 0.4651139 0.4665664 0.8151709 0.6465683 0.8157091 0.5190712 0.6339927 0.6322274 0.5361417 0.7236771 0.8028642 0.8389153 0.9541623 0.9549763 0.7489167 0.9509765 0.5541073 0.7958462 0.7129430 0.8454353 0.8385721 0.7620645 0.7284596 0.8220971 0.6971730 0.8376336 0.9042522 0.9190805 0.8834037 0.9066092 1.3087218 1.0195418 2.0044178 2.3209178 1.8970323 2.3046726 2.2868933 2.7043741 1.1301192 1.6261873 1.7148196 2.3172143 1.1371172 1.3516241 1.1431432 
HoiH11_mRNA8395                                               0.5293735 0.6249342 0.6357383 0.6181198 0.6133614 0.5991871 0.5954822 0.7633627 0.6427084 0.5880853 0.6100423 0.2561298 0.6229420 0.6276490 0.5128849 1.2697424 0.5904536 0.0867183 0.0797041 0.0734779 0.0756750 0.0000000 0.1107838 0.1107682 0.3276854 0.7455602 0.7849254 0.7894956 0.6657450 0.7203494 0.7014562 0.4308348 0.6683725 0.6912506 0.3735356 0.7883319 0.4239865 0.8327371 0.4553725 0.4768071 0.8337886 0.6463864 0.8287881 0.5270137 0.6577187 0.6511399 0.5421950 0.7332461 0.8100964 0.8491382 0.9304793 0.9296730 0.7563294 0.9624871 0.5391338 0.7894501 0.6967925 0.8182649 0.8349365 0.7929804 0.7598589 0.8008989 0.7122077 0.8397279 0.8677265 0.9020086 0.8774128 0.9227661 1.3560552 1.0447137 2.0504520 2.3602462 1.9232941 2.3934978 2.3681441 2.8090142 1.1126777 1.5936168 1.6694804 2.3029173 1.1795997 1.4101965 1.1504853 
TrH2_TrispH2_001848-RA                                        0.5332937 0.6229790 0.6349371 0.6150516 0.5934341 0.5840719 0.5805478 0.7354818 0.6312869 0.5954512 0.6038700 0.2324282 0.6491335 0.6566671 0.5234257 1.2329910 0.5796302 0.1214067 0.1026465 0.1236970 0.1213757 0.1107838 0.0000000 0.0039764 0.3076090 0.7428708 0.7928465 0.8222157 0.6627951 0.7103246 0.7101376 0.4545602 0.6959193 0.6999806 0.3745174 0.7832363 0.4125827 0.7964795 0.4591418 0.4559672 0.8237707 0.6355510 0.8079959 0.5208293 0.6530252 0.6368643 0.5383066 0.7230168 0.7992104 0.8425068 0.9183261 0.9183282 0.7239418 0.9264579 0.5625875 0.7806179 0.7242380 0.8048997 0.8204340 0.7616883 0.7653560 0.8300574 0.7100759 0.8325497 0.8436108 0.8791051 0.8403902 0.9181704 1.3529017 1.0318172 1.9919547 2.3315030 1.8704197 2.3556788 2.2850639 2.7858221 1.2096885 1.6415413 1.7426082 2.3635617 1.2428957 1.4561776 1.0929826 
Tadh_TriadT26041                                              0.5332554 0.6294472 0.6414188 0.6216674 0.5996115 0.5902022 0.5867142 0.7403622 0.6380453 0.6044395 0.6073150 0.2324282 0.6425004 0.6500033 0.5233831 1.2329953 0.5718932 0.1213897 0.1072998 0.1236795 0.1260183 0.1107682 0.0039764 0.0000000 0.3076090 0.7428514 0.7856076 0.8148469 0.6696523 0.7103035 0.7170159 0.4452084 0.6888610 0.6999595 0.3808813 0.7832175 0.4188694 0.7964626 0.4691933 0.4615008 0.8161460 0.6355147 0.8079797 0.5261776 0.6529928 0.6368313 0.5382599 0.7229940 0.7991940 0.8424927 0.9102882 0.9103113 0.7159532 0.9160728 0.5654645 0.7759712 0.7189414 0.7976698 0.8156430 0.7616700 0.7653378 0.8300426 0.7126635 0.8325354 0.8515754 0.8712661 0.8327844 0.9181572 1.3704372 1.0250410 1.9823957 2.3216152 1.8704344 2.3656938 2.2657163 2.7694312 1.1988454 1.6338315 1.7329074 2.3565795 1.2343162 1.4451524 1.0760066 
Stycar_snap_masked-SC_scaffold22829-processed-gene-0.2-mRNA-1 0.3671138 0.3486015 0.3827201 0.3816348 0.3976059 0.3976059 0.3727477 8.6660955 0.4049748 0.8489548 0.4043626 0.4271207 0.4222400 0.4222400 0.4330455 0.4433380 0.3913276 0.3276854 0.3276854 0.3219784 0.3219784 0.3276854 0.3076090 0.3076090 0.0000000 0.1190987 0.1974189 0.2086072 0.3438335 0.3744958 0.3527142 0.6237214 0.6104775 0.4093952 0.4181394 0.4181394 0.4501381 0.4501381 0.4485801 0.4599327 0.4248826 0.4253469 0.4507356 0.4757790 0.4757790 0.4757790 0.4757790 0.4757790 0.4757790 0.4612304 0.4996205 0.4996205 0.4474798 1.4564055 0.4030754 0.5148577 0.7137173 0.5835693 0.5335331 0.5299545 0.4373220 0.4857177 0.5535146 0.6440288 0.6234842 0.5366440 0.4771972 0.0000010 0.0000010 0.0000010 6.2947020 4.6419013 4.6451364 5.9878615 5.1450757 3.9820307 0.5623008 6.0459463 4.6828158 5.0723105 0.0000010 0.0000010 0.0000010 
Tetwil_g9923.t2                                               0.6505156 0.7608429 0.7505283 0.7313452 0.7487533 0.7314379 0.7370172 0.9907310 0.8174144 0.7836467 0.7817214 0.3907491 0.7489554 0.7440717 0.6460143 1.4651553 0.6629430 0.7476023 0.7385404 0.7398708 0.7434358 0.7455602 0.7428708 0.7428514 0.1190987 0.0000000 0.5096952 0.4996694 0.8182709 0.8396865 0.7265072 0.6311791 0.8687867 0.7951938 0.4796784 0.8719668 0.5347568 0.9554619 0.5300555 0.5524097 0.9228772 0.6887759 0.9152746 0.6169864 0.8176522 0.8126112 0.6842050 0.8582805 0.9633617 0.9511156 1.0062536 1.0037236 0.8435183 1.0222837 0.7479895 0.8326348 0.7650373 0.8843628 0.9627437 0.9246092 0.8302787 0.7677464 0.7836436 0.8763127 0.9340968 0.6289164 0.6159117 0.4196100 1.6059248 1.0934858 2.6621980 2.6839821 2.1977308 2.6900719 3.1457038 3.3052877 1.3999001 2.0435050 2.1146325 2.3619964 1.2063119 1.4106357 1.5880236 
Emue_Em0023g536a.t1                                           0.6794459 0.8451082 0.8633478 0.8409649 0.8283990 0.8082001 0.7998459 1.0685786 0.9061526 0.9089825 0.8883819 0.4041770 0.8435631 0.8389538 0.6350075 1.4267702 0.7805103 0.7643468 0.7580376 0.7735260 0.7771254 0.7849254 0.7928465 0.7856076 0.1974189 0.5096952 0.0000000 0.1128942 0.8889800 0.9509032 0.8638321 0.6877218 0.9003532 0.8942167 0.5742110 0.9473306 0.6036615 0.9959920 0.6427367 0.6013613 1.0105510 0.7553965 0.9590888 0.6124504 0.7626345 0.7545754 0.6310768 0.8343775 0.9457869 0.9725818 1.0466719 1.0473954 0.8850994 1.0621993 0.7708697 0.9139504 0.8667125 0.9727135 0.9138305 1.0680386 0.9350522 0.9112287 0.8649812 0.9641990 0.9838728 0.7134745 0.6817921 0.6347740 1.8259894 1.2822209 2.6279341 2.8126529 2.3071256 2.7873907 3.0741172 3.4529737 1.5565788 2.1982050 2.2027167 2.5122889 1.3430438 1.5078011 1.4526662 
Spolac_c104112_g1_i3_m.38239c104112-g1                        0.6862419 0.8346652 0.8576283 0.8233097 0.8157354 0.7984212 0.7802385 1.0420384 0.8734311 0.9055906 0.8690028 0.4481836 0.8211903 0.8288642 0.6443638 1.4429116 0.7827974 0.7915266 0.7917050 0.7875629 0.7911944 0.7894956 0.8222157 0.8148469 0.2086072 0.4996694 0.1128942 0.0000000 0.8826779 0.9293382 0.8236130 0.6536982 0.8966505 0.8743572 0.5901018 0.9684624 0.6073445 0.9832855 0.6647140 0.6250773 0.9726617 0.7518729 0.9730374 0.6381059 0.8058717 0.7939902 0.6599389 0.8632220 0.9633593 1.0054701 1.0419178 1.0426536 0.8991534 1.0729084 0.7639207 0.8557135 0.8415980 0.9610593 0.9142141 1.0777927 0.9570813 0.9041833 0.8698625 0.9436035 1.0157864 0.7051279 0.6794640 0.5832173 1.8080796 1.2378670 2.6192980 2.8398627 2.3198806 2.8174277 3.1562276 3.5170773 1.5550884 2.1422480 2.1605655 2.4442014 1.2090983 1.3658214 1.3553825 
Hsap_ENST00000307731                                          0.4954397 0.6264614 0.6694928 0.6572909 0.6352212 0.6257493 0.6074705 0.7572385 0.6555989 0.6038254 0.7322458 0.2558284 0.7529558 0.7347844 0.6033787 1.2594865 0.6761866 0.6662529 0.6593777 0.6708563 0.6674025 0.6657450 0.6627951 0.6696523 0.3438335 0.8182709 0.8889800 0.8826779 0.0000000 0.6027363 0.5520418 0.5400806 0.7943720 0.5594653 0.3961690 0.8319573 0.4758773 0.9428924 0.4505157 0.5114070 0.9685365 0.7776067 0.8991536 0.5292748 0.7275118 0.7179312 0.5746871 0.7995233 0.9247124 0.9468933 1.0496436 1.0546854 0.7857001 0.9730415 0.6856505 0.8472989 0.7233997 0.9078656 0.8874069 0.6659948 0.5999394 0.6004895 0.6284562 0.7625407 0.8063024 0.9743981 0.9985388 0.9788828 1.4170377 1.1851595 2.1665877 2.4539498 1.9958023 2.4519121 2.6307369 3.0671201 1.1331377 1.9608754 1.9179217 2.6023898 1.4647307 1.7166283 1.1952380 
Spur_XM_784356.5                                              0.5675587 0.6999786 0.6584430 0.6398671 0.6567793 0.6400725 0.6226435 0.7645143 0.6872022 0.6502096 0.7171962 0.3009707 0.6851462 0.6837279 0.5542384 1.2597365 0.6356723 0.7054457 0.6912510 0.6899489 0.6934149 0.7203494 0.7103246 0.7103035 0.3744958 0.8396865 0.9509032 0.9293382 0.6027363 0.0000000 0.4967522 0.5148569 0.7699414 0.4504312 0.4061837 0.8549868 0.4935955 0.9668626 0.4862858 0.5597589 1.0106523 0.7010234 0.9698763 0.5882720 0.7913062 0.8090748 0.6187133 0.8560909 0.9440716 1.0466708 1.0657642 1.0739795 0.8268831 0.9988990 0.6834040 0.8854924 0.7260519 0.8876880 0.9038620 0.6269982 0.5364142 0.5800922 0.6414220 0.6818117 0.8364712 1.1023928 1.0771281 0.9968662 1.3057039 1.2246300 2.0150606 2.2865384 1.9167107 2.3673153 2.5803412 2.8255335 1.1864155 1.9742269 1.7849978 2.2367748 1.3048740 1.4952419 1.1778157 
Bralan_BLAG01000549_1                                         0.5278526 0.6987585 0.6526485 0.6191074 0.6513134 0.6277112 0.6160261 0.7356554 0.6273550 0.5925540 0.6950884 0.2989157 0.6627907 0.6654818 0.5257405 1.2613822 0.5979125 0.7077200 0.7102878 0.7136725 0.7102056 0.7014562 0.7101376 0.7170159 0.3527142 0.7265072 0.8638321 0.8236130 0.5520418 0.4967522 0.0000000 0.5173220 0.7442488 0.5263751 0.4100624 0.8475991 0.4779066 0.9200456 0.4594298 0.5328560 0.9236247 0.7371986 0.9529951 0.6326243 0.8431200 0.8412597 0.6680154 0.8975260 1.0299101 1.0180350 0.9933537 0.9924868 0.8215933 1.0120206 0.6419872 0.8722290 0.7422719 0.8780918 0.9135392 0.6598021 0.5995307 0.5763614 0.6563695 0.6841597 0.7573900 0.8661491 0.8668161 0.9038253 1.2494883 1.0863553 2.1769927 2.4081974 1.9456670 2.4006904 2.7063458 2.9766823 1.0616964 1.9280224 1.8802495 2.3397898 1.2961097 1.5444937 1.2934972 
Ocar_g2818                                                    0.5678000 0.5880156 0.5597100 0.5884825 0.5731129 0.5770306 0.5478230 0.6757722 0.5691256 0.6364727 0.6152585 0.3655474 0.4795704 0.4890527 0.5445462 0.5910654 0.4977815 0.4327541 0.4531259 0.4430877 0.4477608 0.4308348 0.4545602 0.4452084 0.6237214 0.6311791 0.6877218 0.6536982 0.5400806 0.5148569 0.5173220 0.0000000 0.0096733 0.5752295 0.5303528 0.6645783 0.5484741 0.7168007 0.5452641 0.6235765 0.7276956 0.7414037 0.7013418 0.6324701 0.7038912 0.7038912 0.6771244 0.7252955 0.7149638 0.7229582 0.7596608 0.7510193 0.6665534 0.7716703 0.6110679 0.6232458 0.7356605 0.6350516 0.7117234 0.5695780 0.4962810 0.5610386 0.6412081 0.6578585 0.6743673 0.7530310 0.7280055 0.5931040 1.5909391 0.9550548 1.5954235 2.1154856 2.0496666 2.3342266 2.3686463 2.5702774 0.9818310 2.3801736 2.1087827 2.7968652 0.9064041 1.2785388 1.2274525 
Opea_EP00118_Oscarella_pearsei_P028354                        0.6296408 0.7567963 0.7435262 0.7466773 0.7082720 0.7137537 0.7197530 0.8675919 0.7598672 0.6879597 0.8095538 0.3624532 0.6908437 0.6833140 0.6164917 1.3265574 0.6254122 0.7013730 0.7220150 0.7020967 0.7056710 0.6683725 0.6959193 0.6888610 0.6104775 0.8687867 0.9003532 0.8966505 0.7943720 0.7699414 0.7442488 0.0096733 0.0000000 0.7741152 0.5337188 0.9311724 0.5518455 1.0113649 0.5452641 0.6269190 1.0849997 0.8003759 0.9894751 0.6756249 0.7883360 0.7689198 0.7021902 0.8796401 0.9763606 1.0077105 1.1329352 1.1060194 0.8954506 1.0369026 0.7072558 0.8225822 0.7951577 0.8753184 0.9695542 0.8472630 0.7489817 0.8303231 0.8438952 0.9760186 0.9923596 1.0834562 1.0322122 0.9802767 1.4762210 1.1708590 2.1840004 2.3962662 2.0624951 2.4942016 2.7063865 2.6979500 1.1671567 1.8229039 1.7756546 2.2750403 1.1475576 1.3597602 1.2843527 
Skow_XM_006825939.1                                           0.5182075 0.6496575 0.6633091 0.6438774 0.6233079 0.5970589 0.6168813 0.7171861 0.6582771 0.6725575 0.6961936 0.3095814 0.7160435 0.7306651 0.6241909 1.4494141 0.7105958 0.7109850 0.6902253 0.6979530 0.7013267 0.6912506 0.6999806 0.6999595 0.4093952 0.7951938 0.8942167 0.8743572 0.5594653 0.4504312 0.5263751 0.5752295 0.7741152 0.0000000 0.4214601 0.8489719 0.5317419 0.9028540 0.4744042 0.5464770 0.9794296 0.7435758 0.9250940 0.6116891 0.7721023 0.7443198 0.6443687 0.8264928 0.9332403 0.9612649 0.9885977 0.9935143 0.8474155 1.0435773 0.7219568 0.8890960 0.7288725 0.8774798 0.8860175 0.7380544 0.6118138 0.6168244 0.6566102 0.7009545 0.8399352 0.9976618 0.9628208 0.9576751 1.2108581 1.1723391 2.1174207 2.3899047 1.9387575 2.2903008 2.3324439 2.6291022 0.9743858 1.7367216 1.6275487 2.2334611 1.2557843 1.4018159 1.3782487 
Bolinf_Binf_sb1232429                                         0.4761938 0.4436119 0.4724446 0.4770028 0.4586618 0.4651911 0.4547523 0.6945729 0.4929116 0.5380870 0.4423845 0.4289177 0.4307879 0.4284138 0.3864452 0.4864393 0.5147689 0.3835295 0.3806528 0.3861457 0.3861457 0.3735356 0.3745174 0.3808813 0.4181394 0.4796784 0.5742110 0.5901018 0.3961690 0.4061837 0.4100624 0.5303528 0.5337188 0.4214601 0.0000000 0.0000010 0.0779995 0.0779995 0.0737174 0.0827907 0.0675335 0.1281578 0.1330746 0.1584474 0.1584474 0.1584474 0.1584474 0.1584474 0.1529915 0.2158257 0.2016974 0.1986692 0.2393304 0.3730026 0.4660587 0.5441078 0.5989471 0.5952427 0.5463766 0.4797264 0.4729802 0.4528407 0.5016279 0.5828081 0.5640854 0.6784085 0.6568422 0.4840724 1.3237034 0.7259969 2.2631420 2.8671600 2.9270419 2.6592927 6.4763420 5.4382514 0.5623008 5.6086458 5.0755126 4.4362144 0.0000010 0.0000010 1.0757844 
Mertsp_Mesp_sb581599                                          0.7835896 0.8747045 0.9010855 0.9055769 0.8183079 0.8267839 0.8207838 1.1487539 0.9039969 0.8933580 0.8759327 0.4289177 0.7755182 0.7630446 0.6425561 1.3901546 0.8494158 0.7750149 0.7804522 0.7658390 0.7697582 0.7883319 0.7832363 0.7832175 0.4181394 0.8719668 0.9473306 0.9684624 0.8319573 0.8549868 0.8475991 0.6645783 0.9311724 0.8489719 0.0000010 0.0000000 0.0751729 0.1596069 0.0737174 0.1094237 0.1639088 0.1642235 0.2108824 0.1960986 0.2378596 0.2417418 0.1877856 0.2649446 0.2915201 0.3498687 0.3252372 0.3206337 0.3050670 0.3747939 0.7401117 0.9301996 0.8910057 0.8942096 0.8701418 0.9390628 0.9072257 0.8715478 0.9485593 1.0071369 0.9544025 1.1047546 1.0264003 1.0000304 1.7887046 1.1656180 2.7174114 2.8206353 2.4805577 2.8277531 3.0316016 3.4663012 1.7214253 2.3581275 2.5106116 2.4422145 1.5151141 1.7201609 1.4732441 
Vmul_sbMO432443                                               0.5525786 0.5222895 0.5223994 0.5336805 0.5216531 0.5150098 0.5086160 0.7649772 0.5492474 0.6277425 0.4753764 0.3954420 0.4525877 0.4502318 0.4288806 0.5149948 0.5663266 0.4067837 0.4073204 0.4237903 0.4237903 0.4239865 0.4125827 0.4188694 0.4501381 0.5347568 0.6036615 0.6073445 0.4758773 0.4935955 0.4779066 0.5484741 0.5518455 0.5317419 0.0779995 0.0751729 0.0000000 0.0000010 0.0137396 0.0314623 0.0551230 0.1049080 0.0987016 0.1386348 0.1386348 0.1386348 0.1386348 0.1386348 0.1335329 0.2250401 0.1869653 0.1841091 0.2610672 0.3861838 0.4891549 0.5718950 0.6272803 0.6340321 0.5786360 0.5271428 0.5632730 0.4628233 0.5426704 0.6217872 0.5904513 0.6964733 0.6936551 0.6370351 2.5261335 0.6152494 2.3580206 2.9004163 3.0236147 2.8831934 6.5315403 5.4768178 0.5623008 5.5218264 5.0364880 4.5839700 0.4648513 0.0000010 0.8777179 
Mlei_ML0275.g5.i1                                             0.8588267 0.9280817 0.9725948 0.9817252 0.9129411 0.8993308 0.9004238 1.1997611 0.9753718 0.9629727 0.9613135 0.3954420 0.8754338 0.8621116 0.7135642 1.4968105 0.9235756 0.8156105 0.8157998 0.8187678 0.8225818 0.8327371 0.7964795 0.7964626 0.4501381 0.9554619 0.9959920 0.9832855 0.9428924 0.9668626 0.9200456 0.7168007 1.0113649 0.9028540 0.0779995 0.1596069 0.0000010 0.0000000 0.0137396 0.0445171 0.1543558 0.1349129 0.2213456 0.2012404 0.2451650 0.2372662 0.1973642 0.2682427 0.3308995 0.3816255 0.3660710 0.3616866 0.3186380 0.3850929 0.7589267 1.0037781 0.8897985 0.9693123 0.9219819 1.0304534 1.0230977 0.9472743 0.9809861 1.0636064 1.0861221 1.1968940 1.1884311 1.0897613 1.7177372 1.2630849 2.9707692 3.0933823 2.6464668 3.0481969 3.3421880 3.7486911 1.7002176 2.3468718 2.4967229 2.5290884 1.5497490 1.6937438 1.4053634 
Mertsp_Mesp_sb556209                                          0.5742193 0.5235110 0.5474794 0.5369472 0.5507723 0.5402210 0.5378508 0.7271055 0.5576396 0.6209735 0.4266697 0.4654206 0.5099286 0.5059816 0.4889377 0.6145284 0.5585862 0.4502102 0.4451604 0.4651139 0.4651139 0.4553725 0.4591418 0.4691933 0.4485801 0.5300555 0.6427367 0.6647140 0.4505157 0.4862858 0.4594298 0.5452641 0.5452641 0.4744042 0.0737174 0.0737174 0.0137396 0.0137396 0.0000000 0.0000010 0.0572910 0.1226074 0.1250101 0.1338219 0.1338219 0.1338219 0.1338219 0.1338219 0.1261245 0.2066686 0.2010158 0.1964670 0.2791230 0.3612391 0.5813165 0.6284372 0.6298882 0.6303348 0.6168047 0.5084323 0.5370713 0.4396734 0.5656363 0.6076007 0.5073995 0.7221213 0.6800408 0.6332223 0.9099219 0.9412945 3.0928438 3.2507701 3.3037471 2.9147199 6.2861666 5.0146100 0.5623008 6.7935242 4.9718326 4.8169700 0.0000010 0.0000010 0.0000010 
Bolinf_Binf_sb1234322                                         0.6134605 0.5686602 0.5820316 0.6114470 0.5811091 0.5752667 0.5756657 0.8823719 0.6193424 0.7036237 0.5817118 0.4299503 0.5264046 0.5242091 0.5329131 0.5909263 0.6053070 0.4587166 0.4490495 0.4665664 0.4665664 0.4768071 0.4559672 0.4615008 0.4599327 0.5524097 0.6013613 0.6250773 0.5114070 0.5597589 0.5328560 0.6235765 0.6269190 0.5464770 0.0827907 0.1094237 0.0314623 0.0445171 0.0000010 0.0000000 0.0915364 0.1142011 0.1489310 0.1755859 0.1755859 0.1755859 0.1755859 0.1755859 0.1754922 0.2580650 0.2142513 0.2116984 0.2457035 0.3487012 0.5664350 0.6536663 0.7334955 0.6965980 0.6847879 0.5681596 0.5922694 0.5026106 0.5838609 0.6906401 0.6412097 0.7123248 0.7367886 0.6999625 1.5568470 0.7124129 1.9493798 2.6588672 2.6088239 2.7855568 3.7513685 3.6231277 1.0972417 3.4231379 3.3182828 3.5096431 0.8414409 0.8393487 0.9082738 
Beraby_Baby_sb326068                                          0.8248017 0.9022152 0.9990158 0.9967044 0.9090676 0.9257305 0.9324887 1.2851526 1.0149906 0.9699698 0.9474198 0.4392393 0.8789359 0.8695942 0.7000495 1.4970931 0.8904905 0.8144914 0.8148050 0.8114050 0.8151709 0.8337886 0.8237707 0.8161460 0.4248826 0.9228772 1.0105510 0.9726617 0.9685365 1.0106523 0.9236247 0.7276956 1.0849997 0.9794296 0.0675335 0.1639088 0.0551230 0.1543558 0.0572910 0.0915364 0.0000000 0.1577489 0.2401948 0.2244698 0.2724405 0.2726450 0.2161283 0.3156483 0.3520819 0.4400118 0.3607623 0.3467544 0.3338587 0.4160650 0.7786068 0.9897417 0.9311306 0.9886717 0.9604390 1.0629148 1.0547878 0.9191878 0.9877703 1.0444272 1.0381422 1.2068485 1.1573949 1.0800650 1.7401357 1.2650372 3.1008838 3.0856465 2.5229313 3.1633446 3.6761903 3.9620998 1.6772046 2.2875456 2.4251557 2.5128946 1.4957517 1.6737220 1.4095837 
Drygla_Dgla_sb296042                                          0.8015254 0.7559823 0.7741967 0.7462868 0.7264262 0.7151279 0.7387173 1.0526250 0.7845051 0.9059710 0.7840779 0.4242914 0.6714145 0.6623940 0.6618451 0.8036566 0.6934712 0.6197723 0.6321506 0.6417871 0.6465683 0.6463864 0.6355510 0.6355147 0.4253469 0.6887759 0.7553965 0.7518729 0.7776067 0.7010234 0.7371986 0.7414037 0.8003759 0.7435758 0.1281578 0.1642235 0.1049080 0.1349129 0.1226074 0.1142011 0.1577489 0.0000000 0.2029731 0.2210136 0.2676208 0.2676208 0.2418910 0.2687401 0.2738287 0.3746906 0.2777386 0.2718857 0.2718622 0.3551107 0.6317471 0.7275208 0.7974148 0.7361393 0.7072774 0.7856129 0.7798181 0.7317403 0.8054886 0.7832133 0.7702827 0.8943858 0.9102507 0.9526797 1.5914464 1.0173354 2.0518066 2.3341019 2.3431461 2.4807186 2.7380255 2.7399935 1.9900930 2.8672455 2.7832317 2.9200265 1.2039254 1.3717415 1.3990325 
Lampan_Lpan_C416871_01                                        0.8013551 0.9252386 0.9627337 0.9638860 0.9117443 0.8989332 0.8998632 1.2271399 0.9755715 1.0198926 0.9919822 0.4650442 0.9242676 0.8960724 0.7075316 1.5329032 0.9324624 0.8117582 0.8114553 0.8119134 0.8157091 0.8287881 0.8079959 0.8079797 0.4507356 0.9152746 0.9590888 0.9730374 0.8991536 0.9698763 0.9529951 0.7013418 0.9894751 0.9250940 0.1330746 0.2108824 0.0987016 0.2213456 0.1250101 0.1489310 0.2401948 0.2029731 0.0000000 0.1883162 0.2536561 0.2483175 0.1837096 0.2935785 0.3410287 0.4071477 0.4237188 0.4202867 0.3036406 0.3843917 0.7325606 0.9829938 0.8886692 0.9902604 0.9199933 1.0712507 1.0292497 0.9273689 1.0154848 1.0329638 1.0168978 1.1233911 1.1206135 1.0810794 1.9199179 1.2847917 3.0308711 3.0333315 2.4434280 3.0432805 3.3648610 3.8047139 1.8301431 2.4380749 2.5653321 2.5723573 1.7141517 1.9179718 1.4117338 
Coeast_Cast_sb782094                                          0.6391358 0.6050305 0.6128605 0.6611853 0.5877165 0.5931868 0.5998496 0.9673985 0.6583237 0.7755335 0.6451725 0.4806355 0.5914728 0.5755926 0.5776626 0.6331838 0.6961245 0.5233790 0.5241381 0.5190712 0.5190712 0.5270137 0.5208293 0.5261776 0.4757790 0.6169864 0.6124504 0.6381059 0.5292748 0.5882720 0.6326243 0.6324701 0.6756249 0.6116891 0.1584474 0.1960986 0.1386348 0.2012404 0.1338219 0.1755859 0.2244698 0.2210136 0.1883162 0.0000000 0.0000010 0.0188901 0.0000010 0.0188901 0.0264565 0.1504232 0.3212636 0.3139282 0.2946498 0.3990819 0.6069796 0.6477415 0.7344561 0.7154744 0.6728992 0.6287225 0.6246300 0.5805317 0.5787472 0.6571587 0.6626585 0.7943423 0.8057152 0.7512250 1.8485284 0.8579655 2.0579367 2.5678705 2.5392138 2.8215043 3.9681916 3.7705140 1.6800086 3.6134089 3.2583436 3.5604354 1.3181998 2.3068962 1.3032588 
