90
Emue_Em0013g1046a.t1                                               0.0000000 0.4582219 0.7815983 1.5343408 3.3009515 3.8047403 3.1416073 3.3012793 3.0620717 3.9692063 3.3347568 3.3904831 3.3670100 5.1525593 4.3527398 3.7700522 3.5930481 3.6965499 3.4938120 3.5616794 3.4442007 3.4261817 3.2230214 3.2122800 3.2633374 3.4960544 3.6710260 3.5895823 4.4392643 4.2095813 3.4997543 3.6429637 3.8055246 7.3516817 3.5915129 3.1360033 3.1925699 3.6873583 4.3231053 2.8197881 3.6868779 3.4529315 4.5375347 5.0720653 3.3791782 3.7637883 3.7149850 5.6274457 5.6397574 5.7902864 4.3242186 5.3378440 5.9617454 4.8739182 5.7877771 4.7881495 5.2883628 5.7340423 8.9999988 6.7521636 6.6794365 5.5972830 5.4904822 5.6043388 6.1645992 8.0730808 7.3157263 6.9761122 7.1357465 7.0204569 6.4435731 6.2703730 7.1074679 6.6037266 6.6524928 5.2287307 6.4759503 5.9171403 5.7027118 6.2654193 7.1169916 6.8633968 5.6644812 5.3925801 5.7667792 6.1318206 6.2916714 5.2239228 8.4307795 3.7576789 
Emue_Em0013g1043a.t1                                               0.4582219 0.0000000 0.1962664 0.9700929 1.4578671 2.1858892 2.1920400 2.1291299 2.0278682 2.5911117 2.2418258 2.3373467 2.2510429 2.4669379 2.5317849 2.6852811 2.3612386 2.4358836 2.3573867 2.3621178 2.4058530 2.3777718 2.2153123 2.2076588 2.2400004 2.2293129 2.2797891 3.5895823 2.6642285 2.7340411 2.7231363 2.5980932 2.7265397 3.4005483 2.7214822 2.3566199 2.2782732 2.5504447 2.4640193 2.2094355 2.4548403 2.2942055 3.2054317 2.2558264 2.3357280 2.7690980 2.9629450 3.4486294 3.4546076 3.4930028 3.2217644 3.6996525 3.7281073 3.5076551 3.7145685 3.6545888 3.8240152 4.5031584 4.1258803 4.6419717 4.5113683 4.3681520 4.2951375 5.6043388 6.1645992 5.8766082 4.8103406 4.5938208 5.5920230 4.7883823 4.3749233 4.5397198 5.1698249 4.7007626 4.4042821 3.1114939 4.8450842 3.9084436 4.0376278 4.3964030 3.6754970 4.6849003 4.5177023 3.7501832 3.9423865 4.5390896 4.6468353 3.6555747 4.1667435 3.0401273 
Spolac_c97914_g1_i2_m.16007c97914-g1                               0.7815983 0.1962664 0.0000000 1.0015324 1.4656513 2.1548482 2.1592753 2.1208530 1.9157431 2.5177526 2.2534360 2.2592749 2.0841130 2.5872950 2.5638667 2.5774619 2.2412874 2.4895487 2.2169886 2.3930313 2.3338129 2.3138827 2.1168588 2.1094251 2.1202376 2.1192381 2.1837642 3.4835689 2.6105353 2.7007619 2.7705120 2.7221956 2.6511017 3.3496433 2.8520909 2.4366661 2.4732781 2.7753698 2.4914663 2.0513984 2.2286531 2.2637679 3.1510012 2.4069549 2.2832348 2.8708108 3.1171392 3.3283865 3.3341347 3.4240054 3.2605560 3.9000009 3.7957210 3.4254038 3.6092466 3.5364066 3.8913097 4.0637197 4.3154855 4.7916433 4.3457995 4.3242794 4.3134479 5.8282966 6.4956908 6.2041055 5.2679677 5.0123149 5.9214148 5.3047708 4.7435890 5.0908481 5.4465385 5.0399154 4.7340988 3.1485925 5.1461301 4.3907754 4.6568436 4.5072030 3.7145641 4.9949855 5.0548837 3.6798092 3.7886454 4.6260894 4.6977515 3.9456802 4.2129009 2.7204616 
Emue_Em0020g569a.t1                                                1.5343408 0.9700929 1.0015324 0.0000000 1.4922837 2.4945909 2.2646492 2.2989575 2.0733141 2.7556022 2.2695166 2.4314221 2.8130145 2.8748967 3.1202228 3.1950450 3.2328898 3.1450267 2.9978659 2.3970213 2.3652616 2.3408298 2.3641592 2.3550365 2.1334218 2.1867730 2.2042463 3.1677232 2.9690575 2.9050512 2.8134398 2.6351941 2.5745869 3.9503936 2.6469221 2.7593071 2.5167227 3.1575979 2.5664634 2.6602253 2.7378701 2.7625339 3.4590424 2.5293181 2.2159541 2.7637719 3.0021515 4.1506292 4.1594621 3.9842858 3.9006057 3.6962500 4.7650919 3.8570318 4.3315295 3.8447668 3.9347271 4.8664276 4.6627581 5.2742224 5.4125085 4.7273888 4.7241512 6.3870425 5.8898152 5.4355719 5.1555554 4.7230863 6.6062356 5.5141411 5.1419296 5.2921905 6.0029355 5.6014727 5.0081306 3.6186251 5.5896290 4.6023847 4.5178598 4.8105976 3.7094008 5.5297318 5.3245668 3.7312258 4.0707068 4.1761583 4.2493435 4.5978674 3.1107532 3.5335371 
Stycar_maker-SC_scaffold4186-augustus-gene-0.9-mRNA-1              3.3009515 1.4578671 1.4656513 1.4922837 0.0000000 1.0258444 1.4243543 1.5150423 1.4859214 1.4737608 1.7778168 2.1699802 1.8260146 2.1106695 2.1913996 2.0646633 1.6378035 1.6420139 1.8761179 1.9562747 1.9058904 1.8876404 1.7645084 1.7471426 1.9579621 1.9069774 1.8320360 3.0730295 1.6278519 1.8837764 2.0496052 1.9560706 1.9374521 2.4237762 2.1830868 2.3649091 1.9837901 2.2712607 2.3357029 1.7072026 1.9930064 1.9368320 2.9247427 2.2601284 2.4391036 2.1274440 2.4579914 3.8873087 3.9328426 3.5471300 2.9858490 3.6795099 3.4387934 3.0869186 3.5501959 3.3697842 3.6072217 3.9058365 3.9636554 4.1374113 3.9966226 3.6276438 3.6140679 8.9999986 6.7270014 6.2661163 4.9346361 5.5704521 6.9849378 5.1275390 4.6100827 5.3036833 6.6369251 5.8984166 5.7561214 2.9321560 4.5610959 3.9777060 4.0260900 4.2642305 3.8548735 5.3398238 4.6790401 3.5899940 3.9238528 3.6967765 3.7850446 3.9710848 3.4154759 1.9158450 
Tetwil_g17617.t2                                                   3.8047403 2.1858892 2.1548482 2.4945909 1.0258444 0.0000000 1.9967827 1.6824424 1.7417934 1.7489786 2.2467512 1.9987160 1.8903571 1.9959210 2.4833616 2.2109956 1.9865916 2.1152063 2.1062912 1.7778035 2.4547479 2.4131344 2.3045894 2.3370637 2.4106677 2.3571737 2.3438102 4.3614932 2.0200989 2.2684275 2.1085866 2.0799407 2.2626318 2.0915072 2.2235960 2.5618881 2.7029905 2.3745319 2.5057240 2.6037798 2.1589419 2.2154857 3.0679326 2.7026837 2.3235501 2.7607921 2.8714510 4.6775760 4.6201024 3.9596195 4.0322365 3.3629129 3.4125879 3.5851033 4.8008144 5.0280508 5.2868370 4.8884543 4.1120406 4.7605452 5.1052910 3.7468183 3.7293857 8.9999984 7.4119337 4.4022415 4.2810667 4.0941672 5.3884178 4.5170123 3.9475148 4.7387896 5.0618535 4.5171648 4.5245141 2.7769575 4.7706796 4.2859170 4.4444606 4.5904753 3.3826107 5.1149887 5.1428894 5.1213838 5.6733160 4.8482716 4.9336378 3.9527970 4.3419718 2.4015202 
Skow_XM_006824382.1                                                3.1416073 2.1920400 2.1592753 2.2646492 1.4243543 1.9967827 0.0000000 1.2227208 1.7494074 2.5532470 1.5417825 1.7602402 1.4586181 2.6305445 2.5564824 2.6272340 2.5573331 2.4370293 2.3277228 1.8509469 1.8599897 1.8483277 1.8668458 1.8797209 2.0919689 2.1064468 2.1006513 2.6367850 2.0039908 2.1087865 2.0570511 1.8845145 2.0821930 2.6697475 1.6657775 2.5324740 2.3390981 2.2541726 2.6463814 2.1923718 2.3774516 2.3130025 2.9981680 2.3911697 2.1766404 2.2746105 2.3686234 2.8915887 2.8553523 3.2565265 2.7873470 3.3582639 3.3299741 3.1965026 3.5138693 3.8834428 3.8883314 4.0075439 3.5918750 4.4237003 3.8718947 3.9240801 3.9737267 5.7652729 6.1188962 4.2968540 3.9716324 4.0487638 4.5166915 4.0364332 4.2290711 4.3112153 5.3697393 4.6355585 4.3401886 3.2446699 4.1561949 3.9268186 4.1087540 3.7491018 2.6812634 4.1124344 4.0262096 4.1113003 4.9938880 4.5342070 4.5744940 3.5093745 2.9585572 2.9079528 
Acagra_model.g3700.t1.1.5d3b82a8                                   3.3012793 2.1291299 2.1208530 2.2989575 1.5150423 1.6824424 1.2227208 0.0000000 1.2035650 1.8273733 1.4404780 1.4933630 1.2719717 1.9528367 2.3753370 2.5177787 2.3725945 2.3992289 2.3302694 1.4645422 1.8188866 1.8686137 1.6792465 1.6954848 1.7880233 1.8669599 1.8915652 2.2424423 1.8251400 1.9069288 2.0398168 1.9679881 1.9497066 2.5572886 1.9167784 2.2464443 1.9197644 2.0004779 2.6312534 1.9768092 2.2674314 2.2087329 3.5746269 2.3660288 2.2851769 2.3675376 2.3344998 3.3363713 3.3095256 3.5828567 2.9497199 3.6087480 3.2858578 3.7366744 4.0575536 3.1807449 3.3765189 4.1784530 2.9503013 3.7606752 3.9075004 3.7962845 3.7620939 6.4474635 8.6656004 4.2330989 3.7203766 4.8850999 6.5102409 3.9726895 3.9847402 4.5197771 5.2094837 4.5485165 4.2718090 3.1837716 4.3392611 3.8173375 4.0666483 4.6616819 3.1177850 4.6663683 6.2110652 4.6300137 4.7589092 4.3083771 4.3287327 4.3589441 3.4070320 2.5194301 
Opea_EP00118_Oscarella_pearsei_P027914                             3.0620717 2.0278682 1.9157431 2.0733141 1.4859214 1.7417934 1.7494074 1.2035650 0.0000000 0.2660680 1.9126097 1.7289648 1.6696263 1.9150681 2.2927746 2.4468515 2.1354744 2.1301116 2.5474354 1.5311917 2.4181345 2.4053820 2.2333838 2.2256968 2.3778360 2.4280749 2.3798675 2.1026933 1.8003370 1.7762222 2.0134227 1.9196176 2.1568865 2.8217224 1.9806655 1.8677774 2.0219195 2.2852756 2.6208334 2.4103710 2.2626955 2.3675748 3.4968463 2.5521914 2.3528038 2.6617451 2.4902813 3.5217691 3.5281037 3.4939666 3.3350772 3.4064067 3.1261520 2.8040715 3.3037108 2.8599616 2.9480193 3.3615099 3.3791872 4.1826743 3.6645060 3.9835519 3.9523225 5.8511100 6.7770108 4.4685179 3.8726995 4.5486296 5.6350238 3.6309588 3.6692805 3.5076808 5.0241422 4.3961862 3.8914206 2.9228840 4.2326896 3.9914734 4.2233112 4.1741569 3.2221253 4.6605033 5.0444586 3.8031249 4.2005681 3.8307536 3.8848033 3.8422856 4.3762636 2.5906716 
Ocar_g9651                                                         3.9692063 2.5911117 2.5177526 2.7556022 1.4737608 1.7489786 2.5532470 1.8273733 0.2660680 0.0000000 2.4458708 2.3975621 2.4330899 2.0908861 2.8304229 3.0010825 2.6540046 2.7474794 3.1484866 2.1493537 2.8641570 2.8851729 2.6968832 2.6878691 2.9098538 2.8791227 2.8417592 3.9474137 2.2299334 2.2328112 2.6764525 2.4489817 2.6511876 2.6599867 2.6462618 2.3716889 2.5785368 3.1802070 2.9872416 2.9217320 2.9147847 2.8365577 4.0402835 2.3986886 2.7187054 3.2064971 3.2733230 4.1691922 4.1769062 3.6700596 3.8226283 4.0096508 3.5938529 3.3373515 4.2902955 3.3919717 3.4221969 4.1504035 3.3791872 4.2645934 4.0028541 4.1132122 4.0814394 7.5921948 6.8094871 4.9656674 4.0003826 4.7361569 5.7377622 3.8175826 3.6488211 3.9088293 4.7491589 4.2012616 3.7673424 2.9228840 4.2844296 4.3085698 4.4894783 4.3802982 3.2221253 4.6703994 4.9112917 4.5037299 4.9236007 4.3669699 4.3821542 4.2132055 4.6992252 3.5126358 
Cscu_XM_023356688.1                                                3.3347568 2.2418258 2.2534360 2.2695166 1.7778168 2.2467512 1.5417825 1.4404780 1.9126097 2.4458708 0.0000000 1.5923903 1.6013755 2.4022464 2.6311678 2.8478394 2.7675297 2.2791654 2.5440357 1.8781520 2.3117462 2.3442095 2.1160648 2.1051899 2.3370167 2.3599614 2.4146740 2.3195875 1.9952017 2.0559967 2.4820843 2.2905818 2.2435736 3.3166695 2.1477396 2.7077727 1.8131966 2.2522653 2.3509138 2.3505663 2.4631781 2.2199388 3.5371790 2.2298628 2.4385698 2.6675205 2.5792313 3.6320687 3.6591006 3.5658092 3.4786035 4.4135389 3.4818066 3.1210753 3.4523414 4.0032462 4.1503899 3.9189657 3.8849027 4.3691165 3.7369293 3.6696541 3.6589975 7.5727463 7.4758485 7.2114343 5.3964763 6.0465711 8.6229207 5.1661893 5.0673242 5.9499682 5.4001344 5.0552336 4.8974723 3.5332902 5.1340618 4.7887481 4.7831719 4.7573792 3.4673141 4.9333494 5.8738863 4.3249588 4.9496050 4.3624940 4.4554492 4.2199474 4.1255698 2.9531524 
Bralan_BLAG18000641_1                                              3.3904831 2.3373467 2.2592749 2.4314221 2.1699802 1.9987160 1.7602402 1.4933630 1.7289648 2.3975621 1.5923903 0.0000000 1.8014275 2.1606469 2.4291661 2.4350076 2.4575959 2.4037772 2.3912683 1.6284233 2.1091297 2.1032666 1.9969948 2.0101497 2.1855427 2.1164100 2.0898474 2.7217257 1.8869405 1.9530158 2.2498897 2.1151774 2.5064288 2.8144946 1.7680618 2.3192534 2.0018799 2.2424276 3.3377932 2.2507153 2.3270529 2.0773822 3.8525830 2.6339549 2.4100576 2.8617898 2.6867833 3.2366039 3.1959647 3.4460508 3.4553937 3.5906645 3.2168649 3.3902757 3.6854773 3.8081447 3.6941122 4.3305915 3.6761066 4.3361596 3.5656146 4.5797874 4.5430652 6.1949271 7.5319428 5.4694831 4.2685614 4.9530196 6.0680485 4.0807746 4.1342745 4.5402296 4.3714756 4.2221372 3.9587803 3.3862901 4.1674655 3.8720060 4.0289379 5.1681864 3.5870889 4.6252387 5.5705633 4.4026277 4.8691581 5.7103215 5.7984953 4.7601081 4.2270834 3.2205714 
Cgig_XM_011444648.3                                                3.3670100 2.2510429 2.0841130 2.8130145 1.8260146 1.8903571 1.4586181 1.2719717 1.6696263 2.4330899 1.6013755 1.8014275 0.0000000 2.1157000 2.4199508 2.3821363 2.9900936 2.7908477 2.2176143 1.5975345 2.0153617 2.0434573 1.9745104 1.9876379 2.0438065 1.9717249 1.9907664 2.5561516 1.9981868 1.9921522 2.2261774 2.1797732 2.3885502 2.5111185 2.0667423 2.2674689 2.1977614 2.2004773 2.6578917 2.4269419 2.1944225 2.0174800 3.1905474 2.1318574 2.4719393 2.5105502 2.4820844 3.2836944 3.2423318 3.2469655 3.2606886 2.9355734 3.4221891 3.2851525 3.7518028 3.4441007 3.5219201 4.1706016 3.2925534 3.9243402 3.8231910 3.8703169 3.9418402 6.2459658 5.3993990 5.4581464 4.4816631 4.9227552 5.6243437 4.1032453 4.4046453 3.9820950 5.8941440 5.2542460 4.7970281 3.5676965 4.6712799 4.3179339 4.7488449 4.7652235 3.7017125 4.8834942 4.8855209 4.0022540 4.1274130 4.6155296 4.5760262 4.2922758 4.4188980 2.6345638 
Plajan_Pjan_scaffold17677_01                                       5.1525593 2.4669379 2.5872950 2.8748967 2.1106695 1.9959210 2.6305445 1.9528367 1.9150681 2.0908861 2.4022464 2.1606469 2.1157000 0.0000000 2.1418639 2.1178174 2.0249273 2.3416289 2.0644660 2.2007800 2.0064922 1.9721215 1.9713805 1.9515064 2.1649413 2.2001445 2.0455269 3.1991124 2.2501852 2.3152603 2.9511280 2.6749978 2.6836728 2.9219269 2.4909538 2.6785189 2.2960779 2.5278636 2.7960641 2.3528220 2.7779659 2.6735282 4.1281054 2.9331680 2.4773323 2.9517500 3.2425026 4.6755478 4.7121068 4.6128168 3.9118860 6.0060229 4.4468576 3.6409030 4.0636347 4.0891915 4.0054860 3.7843701 4.7685587 5.5900367 3.8998227 4.6070192 4.5854738 5.8948272 9.0000000 7.3997959 4.7988504 7.9918160 8.9999989 5.5003271 4.8252349 4.8448882 5.9302392 5.0877611 5.2908091 4.2639654 5.5260936 4.8333816 4.8865191 4.7772903 4.0329447 5.1180229 7.4820612 5.7652401 6.6420261 5.4573676 5.4573676 4.3879946 4.7256066 3.7531861 
Spur_XM_030988588.1                                                4.3527398 2.5317849 2.5638667 3.1202228 2.1913996 2.4833616 2.5564824 2.3753370 2.2927746 2.8304229 2.6311678 2.4291661 2.4199508 2.1418639 0.0000000 2.7268420 2.7899145 2.5451926 2.5885205 2.5463983 3.0402543 3.0693782 2.8672403 2.8870315 2.9824251 2.8395553 2.8056742 3.8893774 2.3402398 2.5656147 2.7107290 2.6474325 2.8491952 3.1290578 2.3087469 3.0023629 2.7215255 2.5210292 1.7966925 2.5771389 2.6313590 2.1964222 3.1910458 2.6310378 2.9122822 4.1998395 3.8920892 3.4603205 3.4159348 3.5065307 3.7627069 4.3490301 3.8153017 3.2493386 3.4582110 3.3153289 3.3122869 4.0490198 2.8800516 3.6913556 3.6903116 4.2011247 4.1894036 7.7450725 5.9044499 4.0060158 3.5292119 3.6649774 4.5466398 3.4828776 3.4736474 3.6765344 5.2247374 4.6944610 4.4391301 2.7927624 4.2662120 3.9038982 3.7938976 4.1511746 2.7737911 4.2861168 4.3510970 4.1165748 4.4745551 4.1785905 4.1830780 3.4798013 4.6203496 3.4358064 
Lcom_lcpid64350                                                    3.7700522 2.6852811 2.5774619 3.1950450 2.0646633 2.2109956 2.6272340 2.5177787 2.4468515 3.0010825 2.8478394 2.4350076 2.3821363 2.1178174 2.7268420 0.0000000 1.1643399 1.2106416 1.5852566 2.4655396 2.1052616 2.1417556 2.1743051 2.1889819 2.2301856 2.1167166 2.0305691 3.7787704 2.5659949 2.5196931 2.7994686 2.6817374 2.4181621 3.0737735 2.4046374 2.5126444 2.6003850 3.1109300 3.4923183 2.8657886 2.7834031 2.5422675 4.2149569 2.7117148 2.4847007 3.2060446 3.2226986 4.1138534 4.0564200 4.1667380 4.5153221 4.2877074 3.5391152 4.5172631 4.0854268 4.2926618 4.5649842 5.0697042 4.3884046 5.3517490 4.2178464 4.6556810 4.6128527 8.9999983 8.5340462 8.4396932 6.1072403 7.4747671 7.9137140 5.9882719 6.3739196 5.8627104 6.5424461 6.0790384 6.4177533 3.9828345 5.9563671 6.2168833 6.4674243 6.1901649 3.3245052 6.5716045 6.2134739 5.0153586 5.0963556 4.7065711 4.7810296 3.8747031 5.0207852 3.3637250 
Scil_scict022312.1                                                 3.5930481 2.3612386 2.2412874 3.2328898 1.6378035 1.9865916 2.5573331 2.3725945 2.1354744 2.6540046 2.7675297 2.4575959 2.9900936 2.0249273 2.7899145 1.1643399 0.0000000 1.0699886 1.6266487 2.4949346 2.4868892 2.4397245 2.4330880 2.4274816 2.4611154 2.4939583 2.4568541 3.9810686 2.6099814 2.8012446 3.0301958 2.8974835 2.8649660 2.8367239 2.8132300 2.4139761 2.5602227 3.4759530 3.2081475 2.3715173 2.8733174 2.6491143 3.5975817 2.7284732 2.7944971 4.0210083 4.1341505 3.6980770 3.7648312 3.7793631 3.9373800 4.1441558 3.7178445 3.6938931 4.6495385 4.9310301 5.0246253 5.5582139 5.2488325 5.7786033 4.3553978 5.3006749 5.2092799 8.9999981 6.9044334 7.5341580 5.6282812 6.5231205 7.8590762 5.8354557 5.8126166 5.8555340 6.3920266 5.6556686 5.3892859 3.6207417 5.5387400 4.9963504 5.5248077 5.2850795 3.2869328 5.3636357 7.1332880 4.7361576 4.9440853 5.0717529 5.1478697 5.0255967 4.9547518 3.4769634 
Gracom_Gcom_C555074_01                                             3.6965499 2.4358836 2.4895487 3.1450267 1.6420139 2.1152063 2.4370293 2.3992289 2.1301116 2.7474794 2.2791654 2.4037772 2.7908477 2.3416289 2.5451926 1.2106416 1.0699886 0.0000000 1.9710265 2.3621089 2.7135313 2.6542309 2.6293179 2.6470078 2.7308477 2.6371631 2.6095508 3.2045366 2.2176461 2.4267795 2.5490013 2.5417958 2.4024886 2.8554705 3.0038716 2.1546215 2.5715929 2.4944378 3.0911530 2.6271641 2.4507359 2.4336512 4.1464390 2.4467560 2.8366515 3.6743354 3.3921951 3.7156525 3.6665418 4.1213428 3.6168418 4.6285658 3.5447116 4.1860149 3.9095947 4.3553884 4.6884680 5.3041650 5.1731218 5.4159363 4.0891619 4.6401966 4.5606432 8.9999987 8.9999987 7.5085328 5.8383186 6.3334271 8.0776611 5.8619313 5.4831130 5.8517727 6.4083254 5.8903788 5.3809696 3.4439071 5.3855442 5.6137493 5.5341222 5.6736073 3.0973824 5.4352363 5.3651098 4.2701288 4.9034995 4.6888735 4.7581732 4.6113508 4.1690767 3.1766362 
Clacor_Ccor_scaffold8572_01                                        3.4938120 2.3573867 2.2169886 2.9978659 1.8761179 2.1062912 2.3277228 2.3302694 2.5474354 3.1484866 2.5440357 2.3912683 2.2176143 2.0644660 2.5885205 1.5852566 1.6266487 1.9710265 0.0000000 2.2647363 2.1126383 2.1021565 1.9540181 1.9670100 2.2160152 2.1327332 2.0888364 3.5211484 2.2468783 2.3856100 2.4699059 2.4454666 2.8018533 2.6725331 2.3160789 2.6646126 2.7560271 2.6592734 3.1708256 2.4120680 2.2419929 2.2901388 3.4120177 2.5108813 2.5472196 3.4939139 3.2637443 3.5524579 3.5070605 3.3654479 3.0914309 3.2731409 3.2155454 3.6070178 3.9155200 4.6470450 4.8339736 5.6133218 3.9861643 4.9450171 4.2364166 5.0186621 5.0457616 6.9538327 7.6057550 6.3308633 5.1652297 5.7983764 6.8094409 4.8152175 4.8608441 5.0821166 5.5349575 5.0078733 5.1661022 3.2612731 5.1260557 5.1981826 5.2678347 5.7883367 3.0658576 5.4870506 5.3424729 4.8818562 4.9694057 4.3920010 4.4353149 4.5260074 4.0973060 3.0340437 
Ctel_gnl_WGS_AMQN_CAPTEDRAFT_mRNA219666                            3.5616794 2.3621178 2.3930313 2.3970213 1.9562747 1.7778035 1.8509469 1.4645422 1.5311917 2.1493537 1.8781520 1.6284233 1.5975345 2.2007800 2.5463983 2.4655396 2.4949346 2.3621089 2.2647363 0.0000000 1.9074965 1.9414670 1.6306701 1.6467079 1.9554051 1.9282434 1.9341308 2.3547073 1.8293740 1.7397032 2.2303555 2.0266944 2.1166342 2.1194291 1.6959876 2.0121264 1.8927628 2.3990301 2.6261320 2.2240444 2.2310305 1.9020131 3.3704888 2.4920835 2.4544406 2.6719187 2.7379678 3.6446208 3.6134227 3.3303427 2.8441030 3.0954014 3.3923010 2.7681090 4.0477359 4.1249629 4.2193490 4.3342020 3.5515004 4.3455115 4.1917076 3.5156661 3.4565762 8.4518749 8.4377012 4.6272254 3.8607969 4.8737062 6.2795770 3.9298953 3.9704234 3.9235685 4.9225981 4.7601528 4.3582882 2.8368205 4.3165388 4.3539880 4.4017029 4.5621469 2.8269448 5.2122675 5.0444497 4.3181799 4.6950891 3.9525514 3.9553206 3.9966240 4.0282080 2.3644852 
HoiH23_PlH23_000976-RA                                             3.4442007 2.4058530 2.3338129 2.3652616 1.9058904 2.4547479 1.8599897 1.8188866 2.4181345 2.8641570 2.3117462 2.1091297 2.0153617 2.0064922 3.0402543 2.1052616 2.4868892 2.7135313 2.1126383 1.9074965 0.0000000 0.0576271 0.1748852 0.1766329 0.2193127 0.2274614 0.2275569 3.2488732 2.2139963 2.1494518 2.2730399 2.2432054 2.3475668 2.3287497 1.9151028 2.1257990 2.4105130 2.9421659 2.8486169 2.2211444 2.4358594 2.2062496 3.5553313 2.1987299 2.3640846 2.3960315 2.2811310 3.3197710 3.2784753 3.1323662 3.2665537 3.4864911 3.1927893 2.8891985 3.8486513 3.5533635 3.6160019 3.5644681 2.8903753 4.1097727 3.3143969 4.0792017 4.0846576 6.5361108 7.0710911 5.1170710 4.5006859 5.0118924 4.8629671 4.4503982 4.3580830 4.2312621 5.4504435 4.6957564 4.5496023 2.9615298 4.6578367 4.0913292 4.2027189 4.4003309 3.0812928 5.1153452 5.7505889 4.1368959 4.2122126 4.5461002 4.5768262 4.0087423 3.2115131 2.6678500 
HoiH06_mRNA7795                                                    3.4261817 2.3777718 2.3138827 2.3408298 1.8876404 2.4131344 1.8483277 1.8686137 2.4053820 2.8851729 2.3442095 2.1032666 2.0434573 1.9721215 3.0693782 2.1417556 2.4397245 2.6542309 2.1021565 1.9414670 0.0576271 0.0000000 0.1770084 0.1787731 0.2245882 0.2344312 0.2337656 3.2108896 2.2390671 2.1987697 2.2129097 2.1880379 2.3317915 2.2273856 1.8921435 2.1267799 2.4730801 2.9900047 2.7629801 2.1719697 2.4750163 2.1823368 3.5889676 2.2550213 2.3741551 2.2872189 2.1911710 3.2957678 3.2546098 3.1804173 3.2497101 3.5255195 3.1857729 2.9186348 3.8591832 3.6222938 3.6861138 3.6448896 2.9777534 4.2400187 3.3495622 4.2628981 4.2683784 6.4214744 6.9416195 5.0074617 4.4243514 4.8853744 4.7344892 4.3679130 4.2706996 4.2415069 5.2221313 4.5210200 4.4969371 2.9195085 4.5652335 4.0515614 4.1840252 4.3009607 2.9891755 5.0784651 5.7348489 4.0253891 4.1345278 4.5122400 4.5428666 3.9385360 3.4039597 2.6864763 
Hhon_g02352.t1                                                     3.2230214 2.2153123 2.1168588 2.3641592 1.7645084 2.3045894 1.8668458 1.6792465 2.2333838 2.6968832 2.1160648 1.9969948 1.9745104 1.9713805 2.8672403 2.1743051 2.4330880 2.6293179 1.9540181 1.6306701 0.1748852 0.1770084 0.0000000 0.0042672 0.2648751 0.2828259 0.2781323 3.2349413 2.3154650 2.2492597 2.2376400 2.2452377 2.3373860 2.4053735 1.8950263 2.2454602 2.4828081 3.0685415 2.7809270 1.9303149 2.1506590 1.9149923 3.6395669 2.0394940 2.0992320 2.3684977 2.1983174 3.1979724 3.1720006 3.1344538 3.1894269 3.4286100 3.1863857 2.7854234 3.9714615 3.5791839 3.6414836 3.3883746 3.0269456 4.2551504 3.5177235 4.0178595 4.0232930 6.1566963 6.7180183 5.4282286 4.6593876 5.4244289 5.4974158 4.5379385 4.3883886 4.3109775 5.5396692 4.8360237 4.6516461 3.2181934 4.6688160 4.2001379 4.4105015 4.6733791 3.2568933 5.5482324 6.2238563 4.3889071 4.3727382 4.8863281 4.9168781 4.3099088 3.3308892 2.4873337 
HoiH04_mRNA9112                                                    3.2122800 2.2076588 2.1094251 2.3550365 1.7471426 2.3370637 1.8797209 1.6954848 2.2256968 2.6878691 2.1051899 2.0101497 1.9876379 1.9515064 2.8870315 2.1889819 2.4274816 2.6470078 1.9670100 1.6467079 0.1766329 0.1787731 0.0042672 0.0000000 0.2705448 0.2854407 0.2808282 3.2349413 2.3027935 2.2368134 2.2319654 2.2399505 2.3264716 2.4293800 1.9071524 2.2612616 2.4679842 3.0913964 2.7718421 1.9517714 2.1652647 1.9280318 3.6701225 2.0668262 2.0719133 2.3684977 2.1983174 3.1907929 3.1972144 3.1588726 3.2123923 3.4584572 3.2109667 2.7749704 3.9545895 3.5635098 3.6256120 3.3728728 2.9851310 4.2288816 3.4997672 4.0098921 4.0153316 6.1566963 6.7180183 5.4971821 4.7016800 5.4999189 5.5789225 4.5787093 4.4278657 4.3494375 5.5958596 4.8807344 4.6944304 3.2696232 4.7118565 4.2362541 4.4487767 4.7150271 3.3055248 5.5381647 6.3335192 4.4296701 4.4126182 4.9343925 4.9648857 4.3489000 3.3308892 2.5100377 
HoiH11_mRNA410                                                     3.2633374 2.2400004 2.1202376 2.1334218 1.9579621 2.4106677 2.0919689 1.7880233 2.3778360 2.9098538 2.3370167 2.1855427 2.0438065 2.1649413 2.9824251 2.2301856 2.4611154 2.7308477 2.2160152 1.9554051 0.2193127 0.2245882 0.2648751 0.2705448 0.0000000 0.2767277 0.2712096 2.9354637 2.2013130 2.1610005 2.1256642 2.1139553 2.2126966 2.3745208 2.0583266 2.1347430 2.4298742 2.8106149 2.5403325 2.1731142 2.5003157 2.2338975 3.5874402 2.2873155 2.2709971 2.4062718 2.4063443 3.0528133 3.0285640 3.0040389 2.9841294 3.4989507 3.2327183 3.0914544 3.7533441 3.6462606 3.7216323 3.7637699 3.5773587 4.3806860 3.2689231 4.2313754 4.2368887 5.6214167 5.9096787 4.9220006 4.4314480 4.6024174 5.5915067 4.6476087 4.3316236 4.2157964 5.6109638 4.8432748 4.4857188 3.1790775 4.8026695 4.3132497 4.3390698 4.5906014 3.2824067 5.2507155 5.3055325 4.1969921 4.3137425 4.5667812 4.5978769 4.0977782 3.4047949 2.6222684 
TrH2_TrispH2_003887-RA                                             3.4960544 2.2293129 2.1192381 2.1867730 1.9069774 2.3571737 2.1064468 1.8669599 2.4280749 2.8791227 2.3599614 2.1164100 1.9717249 2.2001445 2.8395553 2.1167166 2.4939583 2.6371631 2.1327332 1.9282434 0.2274614 0.2344312 0.2828259 0.2854407 0.2767277 0.0000000 0.0000010 3.4275920 2.2170653 2.0677880 2.1499201 2.1584959 2.3215414 2.3028159 2.1259714 2.3517939 2.4977276 2.7348177 2.7561368 2.3385126 2.5432940 2.2366470 3.6953345 2.1540621 2.2496800 2.5044998 2.4171282 2.9869724 2.9514653 2.9628430 3.3242688 3.7465124 3.3684182 2.9201347 3.6944996 3.8487798 3.9266977 3.7718337 3.3272415 4.4049859 3.4762930 4.2206597 4.2047545 5.2324880 5.8228678 4.6297427 4.0548226 4.4752745 4.6878888 4.3373656 3.9706527 3.9206656 5.1354286 4.5169621 4.4375428 3.1578846 4.2665314 3.9209259 4.0166930 4.2278240 3.1489124 4.7796854 4.6075582 3.9141901 4.0512294 4.4228402 4.4533491 4.0631699 3.4263238 2.6077760 
Tadh_TriadT54326                                                   3.6710260 2.2797891 2.1837642 2.2042463 1.8320360 2.3438102 2.1006513 1.8915652 2.3798675 2.8417592 2.4146740 2.0898474 1.9907664 2.0455269 2.8056742 2.0305691 2.4568541 2.6095508 2.0888364 1.9341308 0.2275569 0.2337656 0.2781323 0.2808282 0.2712096 0.0000010 0.0000000 3.4567767 2.1921749 2.0318376 2.1281041 2.1610746 2.3349440 2.3493587 2.1181490 2.3647826 2.5995904 2.7205262 2.7816527 2.4256095 2.6005809 2.2682421 3.6044154 2.0479011 2.2701765 2.3850218 2.3389712 2.8296530 2.7945617 2.8204284 3.2937392 3.6736206 3.2508054 2.8448225 3.5726009 3.6474927 3.7301932 3.6331583 3.3272415 4.0378570 3.3143361 4.0704564 4.0547008 5.3896596 5.6880671 4.4952209 3.9416436 4.2602820 4.6926892 4.2690367 3.9740042 3.8682356 5.1709372 4.5125058 4.4284029 3.1578846 4.2741637 3.9182656 4.0234713 4.1374207 3.1489124 4.7878677 4.5659666 3.8562610 4.0595809 4.3777698 4.4100044 3.9321250 3.2546629 2.6656963 
Gasp_gasp1.m3.8060.m1                                              3.5895823 3.5895823 3.4835689 3.1677232 3.0730295 4.3614932 2.6367850 2.2424423 2.1026933 3.9474137 2.3195875 2.7217257 2.5561516 3.1991124 3.8893774 3.7787704 3.9810686 3.2045366 3.5211484 2.3547073 3.2488732 3.2108896 3.2349413 3.2349413 2.9354637 3.4275920 3.4567767 0.0000000 0.7480509 0.7789675 1.1951611 1.2068547 1.0980386 5.2286635 2.6211031 2.3988685 2.3954242 2.7576695 3.3486574 2.2370832 2.7470387 2.1236781 6.3760840 5.1251595 2.6448704 2.7251144 2.4062323 3.9362981 3.9362981 4.4685726 3.8492434 4.0557348 4.1627886 3.1130117 3.4094321 4.2296289 4.0827478 4.3360932 8.9999981 3.4471723 3.2678746 5.6272913 5.6508631 6.1740809 6.8996525 6.4821482 6.6247797 6.3491224 7.3467032 6.2825830 6.6941625 6.0208218 7.3247325 6.2525234 6.7447171 7.8721006 6.8361360 7.9940240 7.8480952 5.8948665 7.8510082 6.3961262 5.6705593 4.9444919 5.8803398 4.7062408 4.7432862 5.4320832 4.4103334 3.3441985 
Spis_XP_022786531_1                                                4.4392643 2.6642285 2.6105353 2.9690575 1.6278519 2.0200989 2.0039908 1.8251400 1.8003370 2.2299334 1.9952017 1.8869405 1.9981868 2.2501852 2.3402398 2.5659949 2.6099814 2.2176461 2.2468783 1.8293740 2.2139963 2.2390671 2.3154650 2.3027935 2.2013130 2.2170653 2.1921749 0.7480509 0.0000000 0.1687913 1.0839525 1.0578345 1.1121656 1.4847151 2.2179283 1.8597415 1.6109517 2.2512251 2.4257727 1.9180016 2.0229698 1.8449270 3.6808668 2.5232455 2.4483359 2.6655263 2.3868103 3.2677492 3.2912295 3.4018601 3.1860837 3.8767992 3.0739692 2.8244453 3.0517001 3.4155352 3.4900904 3.5952560 4.0883742 3.9691014 3.5577380 4.2191159 4.2653472 6.6884780 8.2332858 5.0667574 4.4314813 5.3911626 6.4808765 4.2170572 4.2364748 4.7370977 5.2904991 4.7154238 4.5024351 2.8203277 4.5510895 4.6410464 4.6390985 4.4297507 2.9010888 4.5534597 5.2339289 4.3042646 5.0805936 4.1466909 4.2145083 3.7115341 3.5060880 2.7874021 
Pocdam_XM_027189859.1                                              4.2095813 2.7340411 2.7007619 2.9050512 1.8837764 2.2684275 2.1087865 1.9069288 1.7762222 2.2328112 2.0559967 1.9530158 1.9921522 2.3152603 2.5656147 2.5196931 2.8012446 2.4267795 2.3856100 1.7397032 2.1494518 2.1987697 2.2492597 2.2368134 2.1610005 2.0677880 2.0318376 0.7789675 0.1687913 0.0000000 1.0598636 1.0242270 1.0206502 1.4941938 2.2168000 1.9553670 1.7090884 2.3951555 2.5884353 1.9139486 2.2084072 1.9224250 3.8647284 2.3580270 2.3802563 2.6104425 2.3588661 3.5488988 3.5743845 3.6011703 3.5094531 3.7795997 3.3362544 2.7878025 3.4353213 3.7474025 3.8650645 3.8865071 4.0956303 4.2628611 3.7333325 4.1856064 4.2312422 6.5141226 8.5789607 5.3056036 4.6528194 5.5808008 6.2865461 4.2509077 4.4533044 4.8843296 5.6406667 5.0517795 4.6848608 2.6854513 4.5427038 4.7633759 4.8465943 4.6740326 2.8950757 4.9124558 5.8633718 4.2742612 4.9723173 4.0953115 4.1623539 4.1164838 3.4698769 2.5962521 
Amil_Amillepora05301-RA                                            3.4997543 2.7231363 2.7705120 2.8134398 2.0496052 2.1085866 2.0570511 2.0398168 2.0134227 2.6764525 2.4820843 2.2498897 2.2261774 2.9511280 2.7107290 2.7994686 3.0301958 2.5490013 2.4699059 2.2303555 2.2730399 2.2129097 2.2376400 2.2319654 2.1256642 2.1499201 2.1281041 1.1951611 1.0839525 1.0598636 0.0000000 0.0319064 0.8430109 2.4906976 2.1590220 1.8999211 1.7052896 2.7412196 2.7760427 2.1858677 2.1234131 2.0333612 3.6511508 2.3240611 2.6582604 2.7036940 2.4835924 3.1480784 3.2042880 3.3743687 3.4786918 3.9659406 3.3817674 3.5044857 4.0991021 4.2547110 4.2631670 4.8236260 5.2411921 4.6454903 4.1526644 4.3781032 4.4212462 5.9118827 6.6105060 5.1476689 4.3813614 4.7083351 4.9255123 4.2179274 4.0920949 4.5582801 5.6865972 4.8604843 4.5952662 2.4602321 4.4064989 4.1725498 4.3072002 4.2851568 2.6155516 4.2212400 4.5981423 4.2597438 4.6558810 4.4460746 4.4689415 4.0813364 4.1632003 3.4564637 
Adig_XM_015901329.1                                                3.6429637 2.5980932 2.7221956 2.6351941 1.9560706 2.0799407 1.8845145 1.9679881 1.9196176 2.4489817 2.2905818 2.1151774 2.1797732 2.6749978 2.6474325 2.6817374 2.8974835 2.5417958 2.4454666 2.0266944 2.2432054 2.1880379 2.2452377 2.2399505 2.1139553 2.1584959 2.1610746 1.2068547 1.0578345 1.0242270 0.0319064 0.0000000 0.7734558 2.1187684 2.0946805 1.7273920 1.4934007 2.5607255 2.7166631 2.0788703 2.0784971 1.9890062 3.6980201 2.3407702 2.4061454 2.5881594 2.4602096 3.2067511 3.2596600 3.3474283 3.5261032 4.0101124 3.4889016 3.4212086 4.2005628 3.9411754 3.9525925 4.6772855 4.6697946 4.4537434 3.9943731 4.1176206 4.1545936 5.6351859 6.5760717 5.1218659 4.1824600 4.4713531 4.7218762 3.8656855 3.9392000 4.1336626 5.3892339 4.5624695 4.1184769 2.2551247 3.8069778 3.8170528 3.8758163 3.9992945 2.4533272 4.0626331 4.2051562 4.0072087 4.2852812 4.0514932 4.0732322 3.7205855 4.0922054 3.3251381 
Gfas_gfas1.m1.2032.m1                                              3.8055246 2.7265397 2.6511017 2.5745869 1.9374521 2.2626318 2.0821930 1.9497066 2.1568865 2.6511876 2.2435736 2.5064288 2.3885502 2.6836728 2.8491952 2.4181621 2.8649660 2.4024886 2.8018533 2.1166342 2.3475668 2.3317915 2.3373860 2.3264716 2.2126966 2.3215414 2.3349440 1.0980386 1.1121656 1.0206502 0.8430109 0.7734558 0.0000000 1.7807950 2.4064574 1.9700438 1.6754173 2.6968976 2.8036643 2.2482974 2.1270893 1.9233966 4.1939589 2.9751823 2.6361136 2.8308190 2.5574169 3.7003378 3.7271403 3.5466509 3.2482564 3.9366566 3.4461625 3.6239299 4.0308836 4.6567258 4.7173155 4.9356336 3.1054456 3.4267372 3.7202614 4.2947081 4.3322762 5.3598031 6.8704274 4.5454549 4.2982256 4.5108828 4.9551634 4.1601690 4.1661630 4.6325105 5.3012996 4.7417034 4.4581801 2.5456389 4.2288622 4.2603279 4.2578001 4.4979571 3.4086763 4.6561911 4.9487593 4.5214959 4.4968195 4.3594288 4.4511091 4.6198979 4.2614603 2.9839350 
Fspp_ffun1.m4.13616.m1                                             7.3516817 3.4005483 3.3496433 3.9503936 2.4237762 2.0915072 2.6697475 2.5572886 2.8217224 2.6599867 3.3166695 2.8144946 2.5111185 2.9219269 3.1290578 3.0737735 2.8367239 2.8554705 2.6725331 2.1194291 2.3287497 2.2273856 2.4053735 2.4293800 2.3745208 2.3028159 2.3493587 5.2286635 1.4847151 1.4941938 2.4906976 2.1187684 1.7807950 0.0000000 2.4823104 2.3726040 2.4751202 3.0663780 2.9864686 3.1757334 2.6312951 2.6874180 3.5622248 2.4653576 3.3778609 3.3288772 3.3793655 4.8422568 4.7358908 4.3407395 3.5014056 4.9430909 4.3589261 4.1329835 5.1125904 4.0461842 4.3761687 4.8405428 4.4353301 5.7893415 4.5118584 5.1720075 5.1349840 7.6301167 8.9999985 6.4544675 5.6681123 6.8834021 6.9668225 4.9577635 5.2986566 5.6016584 6.4050023 5.7256939 5.1604842 3.5938543 4.6945007 4.6813594 4.7484460 5.2683867 4.0278083 4.6227647 8.9720292 5.9692186 6.9796753 6.0873197 6.0873197 5.4755843 4.2712081 4.3707687 
Hsap_ENST00000179259                                               3.5915129 2.7214822 2.8520909 2.6469221 2.1830868 2.2235960 1.6657775 1.9167784 1.9806655 2.6462618 2.1477396 1.7680618 2.0667423 2.4909538 2.3087469 2.4046374 2.8132300 3.0038716 2.3160789 1.6959876 1.9151028 1.8921435 1.8950263 1.9071524 2.0583266 2.1259714 2.1181490 2.6211031 2.2179283 2.2168000 2.1590220 2.0946805 2.4064574 2.4823104 0.0000000 2.7653399 2.5626904 2.6302270 2.8654851 2.5684655 2.7083040 2.2438710 3.9574071 2.6681923 2.7592709 3.1911511 2.8372528 3.6102993 3.5635654 3.1472545 3.2391989 3.4900132 3.6915019 3.1918567 3.7884698 3.7974276 3.8144009 4.1086562 4.0346027 4.6510946 3.8333686 4.7747643 4.7630926 7.2660124 7.0372269 5.3134827 4.1860271 5.0959452 6.9150198 3.8969787 4.1652011 4.6494096 5.5598475 4.9233002 4.5720191 2.7671842 4.5505964 4.3341000 4.3262496 5.3706899 3.0578750 4.9497457 5.0957658 4.9298177 5.2284547 4.8572116 4.8766165 4.2323495 3.7530022 3.1936728 
Nvec_v1g242088                                                     3.1360033 2.3566199 2.4366661 2.7593071 2.3649091 2.5618881 2.5324740 2.2464443 1.8677774 2.3716889 2.7077727 2.3192534 2.2674689 2.6785189 3.0023629 2.5126444 2.4139761 2.1546215 2.6646126 2.0121264 2.1257990 2.1267799 2.2454602 2.2612616 2.1347430 2.3517939 2.3647826 2.3988685 1.8597415 1.9553670 1.8999211 1.7273920 1.9700438 2.3726040 2.7653399 0.0000000 1.2404574 2.5346098 2.8522484 2.0070645 2.1154573 2.2646558 4.9310567 2.5638737 2.4540331 3.0506767 3.0941878 3.6100543 3.5610139 4.0143915 2.9193519 3.2883016 3.6617808 3.4207950 3.7388233 3.5148857 3.5351187 4.4151630 3.8555794 3.9530739 4.3131147 4.7235133 4.7351786 5.2972128 7.2512544 4.9794595 4.3643610 3.9494612 4.6601475 3.9419098 3.9530565 4.0566596 4.7729014 4.1805907 3.7659369 3.3945504 4.0354105 3.7972137 4.0722320 4.4758005 3.0343929 4.3534691 4.8528828 4.2134694 4.1562579 3.9028817 3.9598460 3.7253956 4.3506463 2.8769872 
Exapal_XM_021051834.2                                              3.1925699 2.2782732 2.4732781 2.5167227 1.9837901 2.7029905 2.3390981 1.9197644 2.0219195 2.5785368 1.8131966 2.0018799 2.1977614 2.2960779 2.7215255 2.6003850 2.5602227 2.5715929 2.7560271 1.8927628 2.4105130 2.4730801 2.4828081 2.4679842 2.4298742 2.4977276 2.5995904 2.3954242 1.6109517 1.7090884 1.7052896 1.4934007 1.6754173 2.4751202 2.5626904 1.2404574 0.0000000 2.3091194 2.6912692 2.0218166 2.1730130 1.9763079 3.9690817 2.4897107 2.6400942 3.1236114 3.1091082 3.6751589 3.6944895 4.0441460 3.1292371 3.2178788 3.6431979 3.3222818 3.5963070 3.6378073 3.8369479 4.0694163 4.0612463 4.1199793 3.5220037 3.7476004 3.7921714 6.8780344 7.4396470 5.3975706 4.2191631 5.0325880 5.8579182 4.1994427 3.8287550 4.4002725 4.7721145 4.2283514 3.8618292 3.1662635 3.6451772 3.6295332 3.7083399 4.0859539 2.7147105 4.1602381 5.2101972 4.4488759 4.4434252 4.2475191 4.3046147 3.7889313 3.5282471 3.2593715 
Spur_XM_779522.5                                                   3.6873583 2.5504447 2.7753698 3.1575979 2.2712607 2.3745319 2.2541726 2.0004779 2.2852756 3.1802070 2.2522653 2.2424276 2.2004773 2.5278636 2.5210292 3.1109300 3.4759530 2.4944378 2.6592734 2.3990301 2.9421659 2.9900047 3.0685415 3.0913964 2.8106149 2.7348177 2.7205262 2.7576695 2.2512251 2.3951555 2.7412196 2.5607255 2.6968976 3.0663780 2.6302270 2.5346098 2.3091194 0.0000000 2.1933971 2.3731030 2.4348731 2.5812006 3.6691973 2.6214058 2.7800234 2.9358296 2.8066388 3.8562168 3.8049548 3.8937527 3.6718886 4.6934603 4.6497593 4.1773543 4.2248144 4.0331144 3.9478226 4.1832386 5.1054880 5.7804371 4.3930576 4.9378096 4.9408012 6.0659008 8.9846460 5.7896706 4.5043012 4.8486148 6.1086131 4.3202725 3.6883728 4.3984307 5.8153863 5.0952446 4.5361091 3.5766528 4.4905786 3.9093293 4.0391286 4.7193796 3.2292391 4.9720667 5.2554629 4.5229644 4.7802773 4.5354139 4.5747996 4.3470608 3.9010089 3.3550829 
Spur_XM_795653.5                                                   4.3231053 2.4640193 2.4914663 2.5664634 2.3357029 2.5057240 2.6463814 2.6312534 2.6208334 2.9872416 2.3509138 3.3377932 2.6578917 2.7960641 1.7966925 3.4923183 3.2081475 3.0911530 3.1708256 2.6261320 2.8486169 2.7629801 2.7809270 2.7718421 2.5403325 2.7561368 2.7816527 3.3486574 2.4257727 2.5884353 2.7760427 2.7166631 2.8036643 2.9864686 2.8654851 2.8522484 2.6912692 2.1933971 0.0000000 3.3936308 3.0625608 2.7485943 3.1597582 1.8941886 3.1365496 3.2416345 3.5035675 3.5276056 3.5337128 3.7083957 3.3680482 4.4198518 3.3997272 3.2872673 3.7201985 3.7069740 3.7408977 3.9369205 2.8899383 3.6683240 3.6029339 4.1705441 4.1362815 6.8696807 8.8471926 5.3270405 4.5755453 5.0398686 6.1802540 4.6567434 4.0069881 4.6627660 5.2875364 4.9111070 4.8807679 3.5139837 5.2210022 4.9967816 4.6733214 4.7671904 3.6457923 4.3216790 4.9988227 4.3441098 4.5212182 4.2781826 4.3197532 4.4489174 5.4781977 3.2702588 
Xesp_028881-T1                                                     2.8197881 2.2094355 2.0513984 2.6602253 1.7072026 2.6037798 2.1923718 1.9768092 2.4103710 2.9217320 2.3505663 2.2507153 2.4269419 2.3528220 2.5771389 2.8657886 2.3715173 2.6271641 2.4120680 2.2240444 2.2211444 2.1719697 1.9303149 1.9517714 2.1731142 2.3385126 2.4256095 2.2370832 1.9180016 1.9139486 2.1858677 2.0788703 2.2482974 3.1757334 2.5684655 2.0070645 2.0218166 2.3731030 3.3936308 0.0000000 1.3875779 0.9137146 3.0404088 2.5647825 2.3221186 2.9455851 3.1421194 3.3633382 3.3322635 3.0917482 3.6606557 4.1122647 3.4002755 3.2427056 3.9401242 3.6948035 3.9405188 4.1298048 4.2930094 4.6776333 4.0715761 4.3647814 4.3565480 6.5893155 8.9999990 6.0451628 5.3436739 6.0520595 6.4694978 5.3088478 4.5976310 5.5872177 6.0940677 5.4141479 4.6436398 3.1661100 4.9245361 4.8779697 4.8399396 4.6139998 3.7188379 6.0626730 6.6142102 4.0942582 4.4858009 4.3236679 4.3670154 4.6717347 3.8718703 3.9493072 
Xesp_008377-T1                                                     3.6868779 2.4548403 2.2286531 2.7378701 1.9930064 2.1589419 2.3774516 2.2674314 2.2626955 2.9147847 2.4631781 2.3270529 2.1944225 2.7779659 2.6313590 2.7834031 2.8733174 2.4507359 2.2419929 2.2310305 2.4358594 2.4750163 2.1506590 2.1652647 2.5003157 2.5432940 2.6005809 2.7470387 2.0229698 2.2084072 2.1234131 2.0784971 2.1270893 2.6312951 2.7083040 2.1154573 2.1730130 2.4348731 3.0625608 1.3875779 0.0000000 0.9632464 3.1085816 2.5127648 2.4643317 2.6642931 2.6125307 3.0905671 3.0524209 2.8484161 3.1086847 3.5999941 2.9410215 3.0681608 3.7234478 4.0353519 4.0538998 4.1895010 4.5955561 4.5900626 3.9597217 4.1078952 4.0741288 4.4673513 8.2866490 5.8094109 5.5296833 5.1668030 6.2034444 5.0784114 4.5619207 4.9051603 5.7476429 5.2683242 5.0466951 3.9810567 4.7972575 4.8080548 4.6647113 4.8867464 3.9134111 5.4569451 5.6691980 4.6847028 5.1905155 5.2819934 5.3654136 4.3710033 4.3954675 3.0193630 
