85
Emue_Em0251g1a.t1                                             0.0000000 0.4985578 0.1992385 0.4353685 0.3293656 0.5107848 0.5107848 0.4657063 1.1275608 1.4262987 1.5163980 1.5575197 1.0604392 2.4460865 2.1701289 2.5382966 2.2851599 2.2731991 2.3131904 2.4246919 2.0779840 2.2899977 2.2691200 2.2827466 1.6990937 2.3739010 2.5110352 2.4622935 2.5664713 2.1670470 2.8339982 2.1876528 1.3826672 2.4355952 2.4588758 2.5327961 2.5015918 2.5027227 2.3670068 2.4848650 1.9764587 2.6558490 2.5592812 2.6598836 2.3765507 2.9690134 2.6600891 2.8005589 2.7806189 2.5682984 4.2666823 4.2827163 3.5091006 3.4376420 3.2549504 3.2549504 4.2351253 4.1507494 3.5587205 4.2347314 7.5165829 7.6666116 4.2771013 3.2928935 4.0111150 4.1323685 4.3369013 3.7314505 4.0060926 3.4765780 3.2607227 3.1391179 2.8961915 3.5031955 2.5421502 2.8334126 2.6567524 1.8935182 2.4913937 2.2231293 2.9219811 3.4474519 4.4854924 3.3668872 5.2330716 
Emue_Em0464g1a.t1                                             0.4985578 0.0000000 0.2698038 0.2698038 0.3224360 0.2662620 0.2638819 0.3455270 1.2561962 1.3798639 1.2725821 1.3506342 1.1732689 2.3061344 2.1955669 2.2237592 2.3372768 2.2948948 2.2974013 2.4121447 0.0000010 2.3078666 1.6951803 2.2092570 2.1108534 2.3174740 2.5297639 2.7097166 2.4176598 2.1630441 2.6255160 2.2039004 2.8687148 2.2761410 2.3733504 2.3430557 2.2255708 2.2489542 2.1722756 2.5283392 2.5024262 1.8993342 0.0000010 2.3285873 2.1031264 3.7958763 2.8469001 2.8914478 3.1135994 2.7943698 2.8344975 2.8344975 3.3311603 2.7175027 3.0397232 2.8100590 3.0415645 2.9664978 2.7117983 0.0000010 0.0000010 0.0000010 2.8923125 4.1463228 3.0379287 3.1819325 9.0000000 3.2000488 2.8601873 5.1306802 5.1306802 2.7046149 2.7046149 3.4126517 2.3897833 2.9691349 2.9691349 2.1827432 2.4806555 2.9540129 3.0674928 1.4927017 3.2117895 0.0000010 4.8138713 
Emue_Em0013g2a.t1                                             0.1992385 0.2698038 0.0000000 0.0946015 0.1578781 0.2497179 0.2378706 0.4543945 1.0856917 1.3576925 1.3785491 1.6207197 1.0123553 2.3385757 2.1252397 2.3931468 2.3640391 2.4071892 2.4196125 2.4921575 2.3116035 2.3994798 2.3305287 2.3174298 1.9368224 2.3865714 2.4072192 2.3980701 2.6489706 2.1565397 2.7815130 2.2471786 2.2712680 2.4712848 2.3720979 2.4038543 2.3796921 2.3855529 2.3727801 2.4073809 2.0876540 2.4645582 2.5092016 2.5884962 2.2183991 3.0719228 2.6455174 2.8913778 2.9256608 2.6915300 3.6995994 3.7174602 3.4600608 3.2801235 2.9008524 2.8604916 3.8487932 3.8240994 3.2369536 3.9214179 5.1891724 5.2307702 3.8405257 3.3596218 3.5973955 3.7446055 4.1621083 2.7407996 3.4021671 3.3169432 3.1643203 2.9253486 2.7308124 3.8032533 2.7603585 2.9071701 2.8162990 2.1400127 2.6696965 2.4741717 3.1422468 0.7206172 1.3103136 2.9762948 5.0181422 
Emue_Em0771g1a.t1                                             0.4353685 0.2698038 0.0946015 0.0000000 0.1480371 0.0920491 0.0901637 0.1090404 1.0621299 1.2562223 1.2201484 1.2594155 0.8344849 2.2120355 2.1318184 2.1283138 2.1307510 2.1483042 2.1718438 2.2320626 2.8407858 2.1178849 1.6805714 2.0754196 2.1009318 2.2139239 2.4752406 2.5206814 2.4341939 2.0541195 2.4235598 2.1726361 1.3826672 2.3238225 2.3791378 2.3849438 2.3244261 2.3409698 2.3589187 2.5627976 2.5621050 1.9289204 0.0000010 2.0861131 2.1091333 3.2353953 2.6537934 2.7425153 2.7967398 2.7161511 2.7838731 2.8342413 4.6311763 2.9223195 2.5567303 2.5567303 2.9792957 3.0204979 2.9408319 1.1088615 2.1092441 2.1092441 3.0020087 2.0338600 2.9860126 3.0598156 5.3169639 2.7837663 2.8976721 2.0234207 2.0234207 2.9675194 3.0852336 3.4180737 2.5842424 3.0431748 3.0209530 2.6873595 2.3836914 2.8958081 3.2793192 0.6985011 1.6726369 1.2393493 6.0672203 
Spolac_c98481_g1_i1_m.17324c98481-g1                          0.3293656 0.3224360 0.1578781 0.1480371 0.0000000 0.3926105 0.3314954 0.6003757 1.1777976 1.3273821 1.4069858 1.6293216 0.8890893 2.5641488 2.2363045 2.5392944 2.5869448 2.6371338 2.5854895 2.6486004 2.2992782 2.5169686 2.4011184 2.3677062 2.0493726 2.4404628 2.4982371 2.5127743 2.6819860 2.2337418 2.7264059 2.3619157 3.0626987 2.4147426 2.6470742 2.6481445 2.6118355 2.6241606 2.5975960 2.6147785 2.2824056 2.4508482 2.5226413 2.8226200 2.2876547 3.1311705 2.6480604 2.8897258 2.9379649 2.7719774 3.7176577 3.7346807 3.4384476 3.2555572 3.3799568 2.8403961 3.8422078 3.9016455 3.2121159 3.7685326 4.9265351 4.9668008 3.8937982 3.4367916 3.6484363 3.8039210 3.8617594 2.9029963 3.4105232 3.1409283 3.0141697 3.0433442 2.8571894 3.4764806 2.6807735 3.0644813 2.9866531 2.0537653 2.8274717 2.7075808 3.1155792 0.9454355 1.2119874 3.1198466 4.9122738 
Emue_Em0445g5a.t1                                             0.5107848 0.2662620 0.2497179 0.0920491 0.3926105 0.0000000 0.0044213 0.0241207 1.2579368 1.6848550 1.6968777 1.7101570 1.4435765 2.4849037 2.2729911 2.4849820 2.6029041 2.5981334 2.6155709 2.6358959 4.3518829 2.5341913 2.9251919 2.4154677 2.1188233 2.3932256 2.3971468 2.4388079 2.3477057 2.3237757 2.6409580 2.5735573 2.5046508 2.4598637 2.3851583 2.3692951 2.3671758 2.3814162 2.3352236 2.5304661 2.4256747 2.3935441 0.0000010 2.8873188 2.1797226 3.3730931 2.9341155 3.0680285 3.2057722 2.9226807 3.6945238 3.7219470 4.7200886 3.2800384 2.6520348 2.5038272 3.8171433 3.8049391 3.1842046 8.5192645 9.0000000 9.0000000 3.8435204 6.8664497 3.6458437 3.7953331 6.5177659 2.7837663 3.8563993 7.6706535 7.6706535 2.7746701 2.8094127 3.8889904 3.4610468 3.4411404 3.2536434 2.7830358 3.0815356 2.7530105 3.8427777 0.9816228 2.4119156 9.0000000 5.4907895 
Emue_Em0446g5a.t1                                             0.5107848 0.2638819 0.2378706 0.0901637 0.3314954 0.0044213 0.0000000 0.0048515 1.1900823 1.5831450 1.5785095 1.6134956 1.4435765 2.3641279 2.1464404 2.4022060 2.5271424 2.5188044 2.5434756 2.5644188 4.3518829 2.4617863 2.8964358 2.4154677 2.0433121 2.3493467 2.3032958 2.3285112 2.2998668 2.2618563 2.5425030 2.4467786 1.5033201 2.3837804 2.3270061 2.3109476 2.3007986 2.3126469 2.2763610 2.4067070 2.2961508 2.3262277 0.0000010 2.7729308 2.2015546 3.1849015 2.9341155 2.9188390 3.0605249 2.7325269 3.7053353 3.7337773 4.7200886 3.2262001 2.5765448 2.5210146 3.7571313 3.8102731 3.1917187 8.5192645 9.0000000 9.0000000 3.8503461 6.8664497 3.6598515 3.8073030 6.5177659 2.7988970 3.8563993 7.6706535 7.6706535 2.7746701 2.8094127 3.6788694 3.4610468 3.2386679 3.0332894 2.7830358 2.9675740 2.6414948 3.6526198 0.7341541 1.8308732 9.0000000 5.2451344 
Emue_Em0324g1a.t1                                             0.4657063 0.3455270 0.4543945 0.1090404 0.6003757 0.0241207 0.0048515 0.0000000 1.5256118 2.0128169 2.0005313 2.0120745 1.5556122 2.9306298 2.5229153 2.8782764 2.9493301 2.9538584 3.0270949 3.0316935 3.9720268 2.9413579 3.1389741 2.6254023 2.4197326 2.7820622 2.7059265 2.8109275 2.6462413 2.7639892 3.1081771 3.0329931 6.6371690 2.8572644 2.8733428 2.8160941 2.8005904 2.8306899 2.7558810 2.9022613 2.8041493 2.7164171 4.0953348 3.3960385 2.3269826 3.7117256 3.2031508 3.2714485 3.4513516 3.3394687 4.4673947 4.4907188 4.6374428 3.9035049 3.7016587 3.3655683 4.5496604 4.6420617 3.5891584 6.3587067 9.0000000 9.0000000 4.6762409 6.2053894 4.5211230 4.7300903 6.4597831 3.2055502 4.3212254 7.3624885 7.3624885 3.2359011 3.2322277 4.4790218 3.4036167 3.8303690 3.6358235 2.8445906 3.6198651 3.1212142 4.4518711 2.2974560 2.4035250 9.0000000 5.6101380 
Xestes_snap_masked-XT_scaffold6215-processed-gene-0.49-mRNA-1 1.1275608 1.2561962 1.0856917 1.0621299 1.1777976 1.2579368 1.1900823 1.5256118 0.0000000 0.6184412 0.5461507 1.6297455 1.1344473 2.1236872 2.1265476 2.0848868 2.2613493 2.2974963 2.3121934 2.3382272 2.3197925 2.3787349 1.5868547 1.8053124 2.0727441 2.2473781 2.4214797 2.5212736 2.4581197 1.8762455 2.2856173 1.9424047 2.5141655 2.1260854 2.4169263 2.3565762 2.4022374 2.4263118 2.3695875 2.5891522 2.5818476 2.0250510 0.0000010 2.5004026 1.7024315 3.2989272 2.2762096 2.8438883 2.8830720 2.6486415 3.7229827 3.7591151 2.9126856 3.0032141 3.6594683 3.2672430 3.7236940 3.7199425 3.1016864 4.0280175 8.9999988 8.9999988 3.7113156 3.0128255 3.5058539 3.6635459 3.5557933 3.1221048 3.2960430 2.2348895 2.2348895 2.8966363 2.8322453 3.4781272 2.0427691 2.7827755 2.7404782 2.0124316 2.5810226 2.5543273 3.4305782 1.5519077 2.1159081 4.1944091 5.1883635 
Aque_Aqu2.1.40642_001                                         1.4262987 1.3798639 1.3576925 1.2562223 1.3273821 1.6848550 1.5831450 2.0128169 0.6184412 0.0000000 0.5169682 2.0359447 1.4294306 2.5377633 2.1820119 2.4197438 2.2772263 2.3540935 2.2936269 2.3307440 1.8937496 2.3697151 2.1931258 2.1637549 1.9121789 2.3311466 2.4812705 2.5245907 2.6374143 2.2753243 2.6979830 2.2847930 2.3137372 2.4478679 2.4974809 2.5030551 2.4998492 2.5106187 2.5186093 2.6960471 2.4276633 2.4094362 2.3805385 2.7869926 2.2275044 3.0954099 2.6613617 3.0186192 3.1907394 2.9841223 3.6790679 3.7023516 3.1847603 3.2397215 3.4566012 3.1321736 3.6033202 3.6494827 3.1698400 3.7258954 3.7050667 3.7594479 3.5726799 3.5228023 3.3392700 3.6267283 3.7905389 2.6650300 3.4243585 3.7133534 3.5307745 2.6390475 2.6936801 3.6695822 2.6393002 3.1541686 2.9493382 2.3312743 2.7502461 2.4456988 3.1024862 1.6847331 2.0541714 3.2286435 5.0537744 
Halamb_c52552_g1_i1mm.4644                                    1.5163980 1.2725821 1.3785491 1.2201484 1.4069858 1.6968777 1.5785095 2.0005313 0.5461507 0.5169682 0.0000000 2.0009508 1.5875300 2.7609735 2.3366248 2.6293818 2.4204920 2.5004773 2.4175302 2.4591069 2.1411728 2.4188139 2.1904005 2.2310917 2.1007420 2.4165805 2.5945333 2.6086120 2.6727659 2.2839730 2.8568641 2.3239359 2.5693553 2.5932668 2.7764008 2.7727313 2.7203957 2.7234490 2.7387678 2.8336657 2.4504868 2.3940987 2.1074377 3.0451163 2.2548344 3.3157173 2.6811773 3.3249713 3.2733045 3.0044407 3.6237616 3.7645427 3.2423559 3.2545799 3.6516500 3.0316752 3.5991213 3.7553907 3.3361357 3.7653958 4.0348186 4.0196071 3.6891207 3.6188787 3.4778653 3.6298368 3.6835702 2.8989459 3.3682477 3.2134727 3.1026752 2.7590765 2.7953739 3.7431298 2.6096131 3.0707896 2.8250467 2.2142830 2.8539001 2.6936377 3.1731925 1.6040934 2.0574121 3.3663212 5.1278257 
Plespi_Pspi_scaffold5807_01                                   1.5575197 1.3506342 1.6207197 1.2594155 1.6293216 1.7101570 1.6134956 2.0120745 1.6297455 2.0359447 2.0009508 0.0000000 1.6721701 2.4333702 2.3758654 2.3434454 2.4611949 2.4627713 2.4197895 2.4934642 2.9146380 2.5452687 2.4652829 2.4238076 2.0569066 2.3017640 2.9043681 2.9616942 2.9243000 2.3631722 2.6946051 2.2626962 2.4811475 2.4418490 2.7853906 2.7967419 2.7152246 2.7143936 2.7611203 2.7022551 2.3467768 2.2731560 2.2369064 2.8783257 2.4121606 3.1402062 2.5926520 3.1024078 3.0403406 2.9192848 3.6439908 3.6515511 3.3394181 3.1634330 3.2443704 2.8732575 3.5311304 3.5645393 3.2236751 3.3512493 4.5528620 4.5418807 3.5006137 3.3202642 3.3466512 3.4527008 3.6002100 2.8284740 3.4160545 3.0729477 2.9840828 3.0272892 3.0118609 3.5202760 2.6037230 2.8653326 2.5534381 2.2601229 2.5090457 2.7517801 3.2718671 1.7184983 2.1893044 3.4221518 4.9481480 
Tetwil_g6796.t1                                               1.0604392 1.1732689 1.0123553 0.8344849 0.8890893 1.4435765 1.4435765 1.5556122 1.1344473 1.4294306 1.5875300 1.6721701 0.0000000 2.7291680 2.2018743 2.6214552 2.4246069 2.4594085 2.3493464 2.4034115 1.8468227 2.2253190 2.2319069 2.3152287 1.7014443 2.2766061 2.3365155 2.3350280 2.6618894 2.3944309 2.7922109 2.1494632 4.0314782 2.5112077 2.7823216 2.7995402 2.7310754 2.7304981 2.7170763 2.6066155 2.0090345 2.7476848 2.3547337 2.6386405 2.2934268 2.6393608 2.6782941 2.7519610 3.1031403 3.2533058 4.2069564 4.1635346 3.4604012 3.6978903 4.2725330 4.2725330 4.0263469 4.2141787 3.8012711 3.5157276 5.0297025 5.0547192 4.1748266 3.2307750 3.6660728 3.7456035 3.5932848 5.1316661 3.7873186 3.2493458 3.0964152 3.9584278 3.6672951 3.8376538 2.6922765 2.8690631 2.6871708 2.5498854 2.6812255 2.4993771 3.0621488 0.0000010 2.4714693 2.7156691 5.1865375 
Cgig_XM_034473976.1                                           2.4460865 2.3061344 2.3385757 2.2120355 2.5641488 2.4849037 2.3641279 2.9306298 2.1236872 2.5377633 2.7609735 2.4333702 2.7291680 0.0000000 0.8031702 1.3147205 1.4174887 1.4770247 1.4081197 1.4164359 1.0702657 1.3581212 1.6328944 1.3938513 0.8863352 1.4468885 1.7327786 1.7006395 1.7632775 1.1198842 1.1688871 1.3231972 1.4180178 1.3226191 1.7047455 1.6827181 1.7289824 1.7405664 1.7426638 1.8424128 1.4177571 1.8548591 1.7229490 2.0511752 1.2581021 2.5227818 2.2790120 2.6539587 2.6502591 2.1862175 2.7998540 2.8018765 2.3211875 2.2426777 2.5322097 2.0348030 2.6828048 2.8946699 2.4232228 2.6085515 3.7056398 3.8003763 2.8288970 2.2792067 2.4936333 2.6072317 2.8811931 1.8942060 2.6718209 2.1435655 2.1898242 1.9897240 1.9477911 2.9926241 2.7693152 2.7253660 2.4006467 1.8552915 2.4295844 1.8090426 2.3345667 2.6182627 2.6934167 3.3358092 4.5887653 
Ctel_gnl_WGS_AMQN_CAPTEDRAFT_mRNA172948                       2.1701289 2.1955669 2.1252397 2.1318184 2.2363045 2.2729911 2.1464404 2.5229153 2.1265476 2.1820119 2.3366248 2.3758654 2.2018743 0.8031702 0.0000000 0.8719180 1.0478117 1.0663386 1.0366399 1.0499671 1.0581433 0.9832249 0.9802866 0.9117257 0.9336389 1.0189518 1.2394921 1.2678014 1.3436468 0.8163704 0.9174570 0.9739546 1.4723311 0.9030889 1.3766020 1.3643976 1.3844542 1.4055225 1.3748591 1.4246477 1.3626295 1.4640412 1.3689710 1.5672477 0.7999863 2.0077955 1.7228731 2.0473799 2.0554921 2.0149731 2.5792262 2.6058284 2.7029757 2.4440898 2.5836235 2.0639548 2.5399998 2.8912050 2.6977847 3.0144178 3.8659327 3.8972637 2.7784986 2.5210325 2.4255357 2.6283823 2.8240868 2.0859718 2.5856638 2.6088271 2.6088271 2.1943465 2.1010375 2.5905782 2.3264579 2.4000289 2.2853660 1.7599053 2.1457620 1.7257843 2.0953461 3.1569653 3.2168637 2.0458032 4.5764608 
Cscu_XM_023359127.1                                           2.5382966 2.2237592 2.3931468 2.1283138 2.5392944 2.4849820 2.4022060 2.8782764 2.0848868 2.4197438 2.6293818 2.3434454 2.6214552 1.3147205 0.8719180 0.0000000 1.5240593 1.5451509 1.5186810 1.5136548 1.0842619 1.5128267 1.7710537 1.4684987 0.9600130 1.4833240 1.7624554 1.6829222 1.8865879 1.2695345 1.3575022 1.4090858 1.1397481 1.2318000 1.7449176 1.7856824 1.7963232 1.8054906 1.8352307 1.8223110 1.3724066 1.9563067 1.4765474 1.9460843 1.3544647 2.5897461 2.3767559 2.5602924 2.5202128 2.4715527 2.8392074 2.9823329 2.5906229 2.4834161 2.4930764 2.2358246 2.8458223 2.9417366 2.7508729 2.9171951 3.8101477 3.7440940 3.0793535 2.5019628 2.6333038 2.7821736 3.1152603 2.2940217 2.9025992 2.6223495 2.5568485 2.3277794 2.1369202 3.0187759 2.5194000 2.8251562 2.3854983 1.7527668 2.3869722 1.5254714 2.5025820 2.9111170 3.7977505 3.2347358 4.6439314 
Fspp_ffun1.m4.15968.m1                                        2.2851599 2.3372768 2.3640391 2.1307510 2.5869448 2.6029041 2.5271424 2.9493301 2.2613493 2.2772263 2.4204920 2.4611949 2.4246069 1.4174887 1.0478117 1.5240593 0.0000000 0.1005557 0.1368039 0.1333107 0.2255212 0.2318135 0.2622255 0.1689254 0.3297594 0.6491638 1.1589188 1.0511631 1.1311594 1.3870579 1.4998751 1.4841863 1.6758999 1.4332200 1.5652902 1.6017049 1.5628544 1.5680315 1.5678786 1.6282581 1.1776103 1.6720125 1.2942427 2.1941677 1.4499197 2.3366602 2.1730524 2.4253441 2.4127610 1.8474956 2.5745563 2.6557365 2.2864461 2.1934061 2.3594973 1.8076652 2.7323934 2.7904840 2.3467405 2.5363955 3.4647000 3.5556530 2.7735770 2.4154240 2.6050225 2.7114944 2.9459202 2.0280007 2.5472817 2.3253160 2.3839233 1.9311914 1.9382180 2.7444797 2.2908694 2.5821145 2.6056490 1.7692053 2.3311793 1.7430670 2.1764996 3.2511005 3.5259939 2.5984939 4.5118970 
Gasp_gasp1.m3.650.m1                                          2.2731991 2.2948948 2.4071892 2.1483042 2.6371338 2.5981334 2.5188044 2.9538584 2.2974963 2.3540935 2.5004773 2.4627713 2.4594085 1.4770247 1.0663386 1.5451509 0.1005557 0.0000000 0.1357291 0.1340995 0.0439874 0.2294550 0.2650766 0.1656159 0.3416326 0.6633609 1.1840490 1.0803093 1.1976025 1.4550447 1.6011746 1.5385238 1.7662619 1.4975141 1.5474720 1.5905296 1.5675451 1.5756374 1.5436003 1.6398469 1.1573179 1.6920762 1.3155133 2.2550360 1.4756322 2.3443443 2.2197828 2.4971846 2.4724419 1.9202755 2.6459103 2.7561763 2.3568457 2.2081879 2.2931351 1.7711408 2.7429080 2.8034219 2.3388312 2.6124663 3.6573004 3.7776174 2.8263693 2.4435065 2.5900201 2.6948153 2.9732734 1.9737545 2.5192419 2.4456314 2.4817230 1.9444422 1.9474223 2.8279185 2.2827428 2.6275802 2.6078679 1.7279480 2.3563655 1.8145575 2.2575165 3.2046570 3.4892640 2.4477566 4.6293473 
Spis_XP_022783740_1                                           2.3131904 2.2974013 2.4196125 2.1718438 2.5854895 2.6155709 2.5434756 3.0270949 2.3121934 2.2936269 2.4175302 2.4197895 2.3493464 1.4081197 1.0366399 1.5186810 0.1368039 0.1357291 0.0000000 0.0435514 0.2393725 0.2377913 0.2689586 0.1896947 0.3260867 0.6538405 1.1265074 1.0218267 1.1479231 1.3837703 1.5048998 1.5158062 1.7381246 1.4359513 1.5326031 1.5695492 1.5231996 1.5292307 1.5214322 1.5993072 1.1530703 1.6867886 1.2807777 2.2125242 1.4293038 2.3037727 2.1156570 2.4494726 2.3707376 1.8845493 2.5942281 2.6721206 2.3152584 2.2037477 2.3152297 1.7909997 2.6981065 2.7694683 2.3835526 2.6692559 3.4400443 3.5327902 2.7614502 2.5094367 2.5475557 2.6356906 2.8752539 2.0239951 2.5618180 2.4132893 2.4438443 1.9751630 1.9751220 2.8315986 2.2314169 2.5652379 2.5851006 1.7405035 2.3340514 1.7719733 2.2177175 3.3457334 3.6996964 2.5547312 4.4833485 
Pocdam_XM_027181462.1                                         2.4246919 2.4121447 2.4921575 2.2320626 2.6486004 2.6358959 2.5644188 3.0316935 2.3382272 2.3307440 2.4591069 2.4934642 2.4034115 1.4164359 1.0499671 1.5136548 0.1333107 0.1340995 0.0435514 0.0000000 0.2255641 0.2342211 0.2739173 0.1870323 0.3299392 0.6553202 1.1371150 1.0198179 1.1359441 1.3782898 1.5013077 1.5217087 1.7524959 1.4553520 1.5776052 1.6162923 1.5697721 1.5759070 1.5623945 1.6400775 1.2043335 1.6878178 1.2913062 2.2222638 1.4209518 2.3183656 2.1743740 2.4562104 2.3876021 1.9067482 2.6076366 2.6991016 2.3056588 2.1946836 2.3085937 1.7659157 2.7188081 2.8023972 2.3938700 2.6058150 3.4001618 3.4368716 2.8061203 2.4588808 2.5623635 2.6245702 2.8144408 2.0672918 2.5617903 2.3321709 2.3597339 1.9102481 1.9056996 2.7912216 2.2431335 2.6015186 2.6357153 1.7734738 2.3349704 1.7852341 2.1954092 3.3326157 3.5283543 2.5225325 4.5557809 
Adig_XM_015895156.1                                           2.0779840 0.0000010 2.3116035 2.8407858 2.2992782 4.3518829 4.3518829 3.9720268 2.3197925 1.8937496 2.1411728 2.9146380 1.8468227 1.0702657 1.0581433 1.0842619 0.2255212 0.0439874 0.2393725 0.2255641 0.0000000 0.1751614 0.1751614 0.2066937 0.4890033 0.4667142 1.1109164 1.0933766 1.1507361 0.8947031 0.8813662 1.0937943 1.5824086 1.1591183 0.9949467 1.0192869 0.9942948 0.9942948 0.9920494 1.1186617 1.1186617 1.7080955 1.9030859 1.4973775 1.1258171 1.5265184 1.7215283 1.6937665 1.7235235 1.3261608 2.3464730 2.2904222 2.2634440 2.2634440 0.0000010 0.0000010 2.5140495 2.3860807 2.3860807 2.6091203 2.2111306 2.0687726 2.4059090 2.4537586 1.9733140 2.1934904 2.1934904 0.0000010 2.2356160 2.1303267 2.1303267 0.0000010 1.6978328 2.1333882 2.2303576 2.1826883 1.7516083 1.6426329 2.1034213 1.4290140 2.0030525 0.0000010 9.0000000 2.0475218 6.9063087 
Amil_Amillepora03248-RA                                       2.2899977 2.3078666 2.3994798 2.1178849 2.5169686 2.5341913 2.4617863 2.9413579 2.3787349 2.3697151 2.4188139 2.5452687 2.2253190 1.3581212 0.9832249 1.5128267 0.2318135 0.2294550 0.2377913 0.2342211 0.1751614 0.0000000 0.0077123 0.1610574 0.3232819 0.5924139 1.0902559 1.0528095 1.1250690 1.3008599 1.4410470 1.4951527 1.8410362 1.3708812 1.5351742 1.5480603 1.5272971 1.5367673 1.5261866 1.5744591 1.1875963 1.6218407 1.3056310 2.0524135 1.3373885 2.2882116 2.0402608 2.2761581 2.2536246 1.8075477 2.5442381 2.6561911 2.2597093 2.1370074 2.3456103 1.7609239 2.6661999 2.7751157 2.3489984 2.4805130 3.4109527 3.4470970 2.7895539 2.3367797 2.5634229 2.6042788 2.8628573 1.9352303 2.5221575 2.1761219 2.2244857 1.9623222 1.9624131 2.6343432 2.2720841 2.6125793 2.5144506 1.7642206 2.3031829 1.8077518 2.0530930 3.3416474 3.3125445 2.3314195 4.3765503 
Adig_XM_015916502.1                                           2.2691200 1.6951803 2.3305287 1.6805714 2.4011184 2.9251919 2.8964358 3.1389741 1.5868547 2.1931258 2.1904005 2.4652829 2.2319069 1.6328944 0.9802866 1.7710537 0.2622255 0.2650766 0.2689586 0.2739173 0.1751614 0.0077123 0.0000000 0.1891081 0.2860041 0.7518129 1.2779848 1.2237622 1.3138468 1.4459794 1.6069486 1.6011317 2.0375705 1.5286691 1.7131341 1.7365301 1.6682182 1.6702150 1.7704061 1.8117415 1.1638918 1.8024157 1.3056310 2.1630740 1.5288510 2.3950617 2.2196436 2.5249812 2.4516939 2.0596471 2.5420865 2.7015133 2.0798162 2.0698914 2.0254032 2.0254032 2.7232564 2.7866734 2.2137440 2.4189821 3.4178285 3.4539701 2.8126006 2.2513498 2.5470693 2.5520342 2.7903060 1.8594831 2.6511089 2.1761219 2.2244857 2.1005181 2.0258365 3.0099917 2.1728438 2.2852846 1.5719261 1.3616518 1.9127429 1.5639487 2.1132254 2.5024895 3.5963683 2.3314195 4.1434197 
Gfas_gfas1.m1.15692.m1                                        2.2827466 2.2092570 2.3174298 2.0754196 2.3677062 2.4154677 2.4154677 2.6254023 1.8053124 2.1637549 2.2310917 2.4238076 2.3152287 1.3938513 0.9117257 1.4684987 0.1689254 0.1656159 0.1896947 0.1870323 0.2066937 0.1610574 0.1891081 0.0000000 0.2553854 0.6006122 1.0686582 0.9489985 1.0707965 1.3378613 1.4407494 1.4880572 1.5460209 1.3068725 1.4484066 1.4889951 1.4456129 1.4490567 1.4560016 1.5268493 1.0413156 1.6956838 1.2524991 2.1348940 1.3894015 2.2189099 2.0439696 2.3012715 2.2873071 1.8192326 2.4787163 2.5498418 2.2719580 2.1423132 1.7511129 1.7511129 2.5862148 2.6316648 2.3017800 2.5351028 3.4279836 3.5061535 2.6324350 2.3603383 2.4209166 2.5069811 2.9193412 1.9219091 2.5485611 2.3671686 2.3785182 1.9264713 1.9323485 2.5370294 2.2870624 2.4363900 2.3334318 1.7668922 2.1043864 1.5920933 2.1036570 1.9467164 3.4907693 2.4024269 4.3830001 
Nvec_v1g211211                                                1.6990937 2.1108534 1.9368224 2.1009318 2.0493726 2.1188233 2.0433121 2.4197326 2.0727441 1.9121789 2.1007420 2.0569066 1.7014443 0.8863352 0.9336389 0.9600130 0.3297594 0.3416326 0.3260867 0.3299392 0.4890033 0.3232819 0.2860041 0.2553854 0.0000000 0.2293773 0.7542765 0.7257957 0.7784468 0.7247045 0.9193773 0.9848946 1.4561951 0.8788566 1.0862755 1.1114575 1.0859299 1.0935662 1.0764598 1.0776820 1.0675690 1.1860163 1.2824602 1.5374953 0.7196448 1.6679815 1.4110492 1.6818005 1.7124853 1.4200381 2.2380721 2.2368151 2.2001931 2.1032750 2.3950478 1.8599009 2.3732920 2.4392875 2.2842858 2.4540196 2.2423481 2.1037668 2.4014837 2.3087423 2.2204939 2.3673759 2.4344541 1.8822178 2.1931145 2.2362410 2.2362410 1.8588347 1.8505626 2.0545718 1.9271454 2.3948468 2.4771395 1.8667339 2.2743068 1.7131395 1.8442059 3.0041120 3.2691833 1.8901828 4.4647721 
Exapal_XM_021044322.2                                         2.3739010 2.3174740 2.3865714 2.2139239 2.4404628 2.3932256 2.3493467 2.7820622 2.2473781 2.3311466 2.4165805 2.3017640 2.2766061 1.4468885 1.0189518 1.4833240 0.6491638 0.6633609 0.6538405 0.6553202 0.4667142 0.5924139 0.7518129 0.6006122 0.2293773 0.0000000 1.1583436 1.0962157 1.1656162 1.4052479 1.5804070 1.6464308 1.5958515 1.3739393 1.6374720 1.6640218 1.5697854 1.5927328 1.6665709 1.6893576 1.2055308 1.7711301 1.5647846 2.1796812 1.4394057 2.3948863 2.0765656 2.2938038 2.3550803 2.0525193 2.6772600 2.7188470 2.4159278 2.2305718 2.4073353 1.9239636 2.7302361 2.8694762 2.4547922 2.6867116 3.6488417 3.6973132 2.9393715 2.7292884 2.7344404 2.8364695 3.2924894 1.9014515 2.6268270 2.3456276 2.3825989 1.8319225 1.8328540 2.7449907 2.6450075 2.8525530 2.6375957 1.8778190 2.4297968 1.7511335 2.3102235 2.7660176 3.0992323 2.6474250 4.9372003 
Dgig_XM_028559172.1                                           2.5110352 2.5297639 2.4072192 2.4752406 2.4982371 2.3971468 2.3032958 2.7059265 2.4214797 2.4812705 2.5945333 2.9043681 2.3365155 1.7327786 1.2394921 1.7624554 1.1589188 1.1840490 1.1265074 1.1371150 1.1109164 1.0902559 1.2779848 1.0686582 0.7542765 1.1583436 0.0000000 0.0122371 0.4926259 1.4046149 1.5970905 1.6209330 1.7697407 1.5230687 1.7307668 1.7442103 1.7040081 1.7187612 1.7528902 1.8700675 1.4551014 1.7535277 1.4619052 2.2253436 1.5129312 2.3622271 2.1805185 2.1983016 2.2765586 2.1988973 3.0262987 3.1268955 2.5329742 2.5824263 2.8958168 2.0680969 2.9236239 3.2090512 2.7952079 3.3116680 4.7341235 4.6553748 3.2685463 2.9892487 2.7730843 2.8594648 3.3073253 1.9679210 2.8472922 3.2814296 3.1372144 2.0074871 1.9644083 2.8520139 2.3932765 2.8217160 2.7271394 2.1780451 2.7020420 2.0399129 2.3046249 3.9095519 3.9027384 2.6001912 5.1036713 
Dgig_XM_028562767.1                                           2.4622935 2.7097166 2.3980701 2.5206814 2.5127743 2.4388079 2.3285112 2.8109275 2.5212736 2.5245907 2.6086120 2.9616942 2.3350280 1.7006395 1.2678014 1.6829222 1.0511631 1.0803093 1.0218267 1.0198179 1.0933766 1.0528095 1.2237622 0.9489985 0.7257957 1.0962157 0.0122371 0.0000000 0.4633411 1.3590637 1.5563558 1.6148628 1.7697407 1.5199760 1.6022668 1.6104084 1.5764586 1.5867147 1.6444995 1.7283706 1.4306002 1.7145131 1.4171003 2.1414239 1.4205209 2.2613490 1.9629973 2.0954297 2.2099631 2.0474863 3.0321427 3.0565841 2.6112471 2.6009985 2.8903849 1.8898253 2.9717366 3.2435672 2.8444105 3.3128620 4.5337103 4.4594446 3.2281830 2.9902622 2.8523411 2.9597865 3.2938353 2.0422594 2.8170458 3.2434451 3.0961719 1.9272753 1.8911457 2.7963831 2.3616426 2.8148329 2.8245642 2.1384226 2.7422080 1.9522598 2.1625576 3.9095519 3.9027384 2.5056216 5.0563790 
Xesp_013590-T1                                                2.5664713 2.4176598 2.6489706 2.4341939 2.6819860 2.3477057 2.2998668 2.6462413 2.4581197 2.6374143 2.6727659 2.9243000 2.6618894 1.7632775 1.3436468 1.8865879 1.1311594 1.1976025 1.1479231 1.1359441 1.1507361 1.1250690 1.3138468 1.0707965 0.7784468 1.1656162 0.4926259 0.4633411 0.0000000 1.5414117 1.6985706 1.7335975 2.5186739 1.5433407 1.7230835 1.7431224 1.7302662 1.7384301 1.7423965 1.8097474 1.4277647 1.9219541 1.4341890 2.3826213 1.5980994 2.4450101 2.2394272 2.3149852 2.4355432 2.2108132 2.7619188 2.8157448 2.3073009 2.3010600 2.7525163 2.0160966 2.7076597 2.9142350 2.5216420 2.7572787 3.7074217 3.6527417 2.9466522 2.6229306 2.6447901 2.7183765 2.9903420 1.8740592 2.7194099 2.6491750 2.7265352 1.9367844 1.9024510 2.8196723 2.5056062 2.8420076 2.7583347 2.2400523 2.8128883 2.0074104 2.1544473 3.5260749 3.9675446 3.1535540 5.0496364 
Skow_XM_006824189.1                                           2.1670470 2.1630441 2.1565397 2.0541195 2.2337418 2.3237757 2.2618563 2.7639892 1.8762455 2.2753243 2.2839730 2.3631722 2.3944309 1.1198842 0.8163704 1.2695345 1.3870579 1.4550447 1.3837703 1.3782898 0.8947031 1.3008599 1.4459794 1.3378613 0.7247045 1.4052479 1.4046149 1.3590637 1.5414117 0.0000000 1.2013996 1.1102118 0.5811160 1.0918391 1.5907194 1.6177617 1.6024555 1.6187939 1.6680404 1.7184752 1.2048576 1.6650190 1.3089316 1.8753640 1.1186688 2.5116945 2.2209015 2.5916295 2.7151296 2.2397292 2.9090041 3.0470883 2.7017201 2.5124152 2.5040868 2.0721027 2.9473267 3.0778312 2.7461489 3.2038510 4.2802243 4.3008346 3.0963487 2.7385253 2.7211744 2.8944111 3.0757308 2.3178478 2.9117962 2.4413846 2.4127657 2.2528593 2.0698828 2.9064576 2.6358140 2.7675615 2.1271560 1.7870167 2.4577336 1.6290250 2.2550208 2.4634960 3.0490838 2.8640008 4.4530872 
Acagra_model.g1640.t1                                         2.8339982 2.6255160 2.7815130 2.4235598 2.7264059 2.6409580 2.5425030 3.1081771 2.2856173 2.6979830 2.8568641 2.6946051 2.7922109 1.1688871 0.9174570 1.3575022 1.4998751 1.6011746 1.5048998 1.5013077 0.8813662 1.4410470 1.6069486 1.4407494 0.9193773 1.5804070 1.5970905 1.5563558 1.6985706 1.2013996 0.0000000 1.3841595 1.2682973 1.3191522 1.9096360 1.9365317 1.8923404 1.9064256 1.9412214 1.9598353 1.4843196 1.7922301 1.4329385 2.1023118 1.4435273 2.5874698 2.3088805 2.6100941 2.5725994 2.4804979 3.1888567 3.2446485 2.6408091 2.5843621 2.6884474 2.1017410 3.1293764 3.3141579 2.7945005 3.3890797 5.4141662 5.4927667 3.2660931 3.0578778 2.8200759 2.9825647 3.4887761 2.0476834 3.3162406 2.6710486 2.6757102 2.1210306 2.0278732 3.3319785 2.9362680 3.1820054 2.5633288 1.8850074 2.5923318 1.7542198 2.4902960 2.8357011 3.3603670 3.3345056 4.9185841 
Spur_XM_030992585.1                                           2.1876528 2.2039004 2.2471786 2.1726361 2.3619157 2.5735573 2.4467786 3.0329931 1.9424047 2.2847930 2.3239359 2.2626962 2.1494632 1.3231972 0.9739546 1.4090858 1.4841863 1.5385238 1.5158062 1.5217087 1.0937943 1.4951527 1.6011317 1.4880572 0.9848946 1.6464308 1.6209330 1.6148628 1.7335975 1.1102118 1.3841595 0.0000000 0.8974299 1.2245375 1.8494681 1.8379831 1.8048848 1.8240318 1.8432417 1.9326329 1.4004998 1.7266173 1.2131602 2.0277243 1.2412314 2.4047948 2.3784511 2.4558932 2.5556285 2.3850117 2.8055736 2.9923994 2.6887643 2.5034083 2.4377169 2.0364581 2.9254315 3.0344150 2.8130439 3.4336711 4.4058383 4.3455928 3.0430968 2.8920055 2.6903973 2.8691125 3.1950474 2.2808388 2.8544013 2.8447895 2.7879584 2.2250176 2.0587313 3.0925798 2.6741336 2.8487484 2.4679712 1.7964458 2.2724209 1.7453327 2.2776303 2.6271389 2.9805605 2.7821453 4.6847617 
Bralan_BLAG03002193_1                                         1.3826672 2.8687148 2.2712680 1.3826672 3.0626987 2.5046508 1.5033201 6.6371690 2.5141655 2.3137372 2.5693553 2.4811475 4.0314782 1.4180178 1.4723311 1.1397481 1.6758999 1.7662619 1.7381246 1.7524959 1.5824086 1.8410362 2.0375705 1.5460209 1.4561951 1.5958515 1.7697407 1.7697407 2.5186739 0.5811160 1.2682973 0.8974299 0.0000000 0.7835166 1.9458584 2.0148214 2.0500349 2.1127660 2.2189309 2.2775211 2.2775211 1.6936436 2.4627351 1.7361913 1.3037790 2.5189866 2.4256930 2.5979111 2.5961883 2.3558051 3.1175839 3.0768008 2.1129693 2.5405819 3.3255103 2.6155617 3.4159287 3.4554712 2.7118260 2.3980742 0.0000010 0.0000010 3.1574885 4.5086942 2.7328621 3.1533275 2.1936363 2.6667590 1.5165944 1.7637260 1.7637260 1.4801246 1.4801246 3.2803041 8.7616356 2.9221393 2.8825571 5.0274440 3.1484769 2.9772936 2.3397203 3.1819194 3.4138998 2.3363620 3.6167147 
Hsap_ENST00000666923                                          2.4355952 2.2761410 2.4712848 2.3238225 2.4147426 2.4598637 2.3837804 2.8572644 2.1260854 2.4478679 2.5932668 2.4418490 2.5112077 1.3226191 0.9030889 1.2318000 1.4332200 1.4975141 1.4359513 1.4553520 1.1591183 1.3708812 1.5286691 1.3068725 0.8788566 1.3739393 1.5230687 1.5199760 1.5433407 1.0918391 1.3191522 1.2245375 0.7835166 0.0000000 1.7212400 1.7364855 1.6746452 1.6986986 1.7171921 1.8190795 1.3333348 1.7353905 1.1337453 1.7090038 1.2069515 2.2750703 2.1262854 2.3062976 2.5224493 2.1803839 2.8532009 2.8810168 2.6093052 2.4147649 2.4414186 2.1088749 2.8391028 2.8698465 2.4219838 2.8618846 4.4518520 4.4768563 2.9628674 2.5411476 2.6921118 2.8294561 3.2811844 2.0512581 2.7332916 2.4216776 2.3502572 2.0445182 2.0102420 2.9165691 2.6502723 2.5263463 2.4782064 1.8947452 2.3988131 1.7054563 2.1710608 2.7586327 3.1892361 2.3564023 5.2269873 
HoiH23_PlH23_004191-RA                                        2.4588758 2.3733504 2.3720979 2.3791378 2.6470742 2.3851583 2.3270061 2.8733428 2.4169263 2.4974809 2.7764008 2.7853906 2.7823216 1.7047455 1.3766020 1.7449176 1.5652902 1.5474720 1.5326031 1.5776052 0.9949467 1.5351742 1.7131341 1.4484066 1.0862755 1.6374720 1.7307668 1.6022668 1.7230835 1.5907194 1.9096360 1.8494681 1.9458584 1.7212400 0.0000000 0.0649905 0.1395561 0.1418357 0.2199606 0.3922144 0.2703773 1.8635683 1.4206046 2.3687280 1.6513076 2.5401272 2.2456743 2.5723364 2.7861823 2.2534459 3.2116036 3.3265928 3.0063251 2.9425278 3.3011321 2.5007288 3.2562006 3.5302423 3.0971862 3.4931407 5.5598444 5.5419097 3.4601492 3.0653765 3.0602943 3.2465827 3.4845416 2.6396355 3.1802195 2.8472414 2.8130910 2.4819672 2.3118037 2.8003103 2.7479453 3.0005501 2.8219519 1.7488373 2.7643517 2.1726694 2.5241237 3.3819007 3.9460874 3.2758506 5.2804538 
HoiH06_mRNA6631                                               2.5327961 2.3430557 2.4038543 2.3849438 2.6481445 2.3692951 2.3109476 2.8160941 2.3565762 2.5030551 2.7727313 2.7967419 2.7995402 1.6827181 1.3643976 1.7856824 1.6017049 1.5905296 1.5695492 1.6162923 1.0192869 1.5480603 1.7365301 1.4889951 1.1114575 1.6640218 1.7442103 1.6104084 1.7431224 1.6177617 1.9365317 1.8379831 2.0148214 1.7364855 0.0649905 0.0000000 0.1374642 0.1411935 0.2288914 0.4076693 0.2869998 1.8968605 1.4840560 2.3756697 1.6628362 2.5573927 2.2139325 2.5516758 2.7551247 2.2070078 3.2424727 3.3700893 2.9941908 2.9711788 3.2563100 2.4462214 3.2790245 3.5382829 3.0860598 3.6219665 6.0353219 6.0247125 3.5156768 3.1566457 3.0801601 3.2406786 3.5309757 2.6076003 3.1978001 2.9137164 2.8697330 2.4208060 2.2651227 2.8836405 2.8520469 3.0848641 2.8586478 1.7750050 2.7952434 2.1923489 2.5787152 3.3476916 3.8780099 3.2101083 5.2301976 
Hhon_g09177.t1                                                2.5015918 2.2255708 2.3796921 2.3244261 2.6118355 2.3671758 2.3007986 2.8005904 2.4022374 2.4998492 2.7203957 2.7152246 2.7310754 1.7289824 1.3844542 1.7963232 1.5628544 1.5675451 1.5231996 1.5697721 0.9942948 1.5272971 1.6682182 1.4456129 1.0859299 1.5697854 1.7040081 1.5764586 1.7302662 1.6024555 1.8923404 1.8048848 2.0500349 1.6746452 0.1395561 0.1374642 0.0000000 0.0091942 0.2188416 0.3900258 0.2898794 1.8659384 1.3604049 2.3070689 1.6487433 2.4818676 2.1772413 2.5182781 2.6794489 2.1875548 3.1791103 3.3198097 2.9596985 2.9165380 3.2329603 2.4847937 3.1416330 3.4309122 3.1083124 3.6075873 5.2405150 5.3416753 3.4066534 3.0820243 2.9439846 3.0907244 3.3628274 2.5332189 3.1349722 2.8482748 2.8140233 2.4137430 2.2599383 2.7477294 2.7467578 2.9609424 2.8625374 1.7685561 2.6849763 2.2136405 2.4399270 3.3421525 3.8385199 3.0173150 5.1789668 
HoiH04_mRNA1184                                               2.5027227 2.2489542 2.3855529 2.3409698 2.6241606 2.3814162 2.3126469 2.8306899 2.4263118 2.5106187 2.7234490 2.7143936 2.7304981 1.7405664 1.4055225 1.8054906 1.5680315 1.5756374 1.5292307 1.5759070 0.9942948 1.5367673 1.6702150 1.4490567 1.0935662 1.5927328 1.7187612 1.5867147 1.7384301 1.6187939 1.9064256 1.8240318 2.1127660 1.6986986 0.1418357 0.1411935 0.0091942 0.0000000 0.2275886 0.3941191 0.2953768 1.8849465 1.3914576 2.3215303 1.6633759 2.4856643 2.1512479 2.5178771 2.6813745 2.1971489 3.1690453 3.3101651 2.9636724 2.9169728 3.2293041 2.4823994 3.1199441 3.4202824 3.1202647 3.6177490 5.1965089 5.2974172 3.3966514 3.0886487 2.9324764 3.0803955 3.3493958 2.5335365 3.1272836 2.8714415 2.8374400 2.4279324 2.2708761 2.7620280 2.7293544 2.9468198 2.8674946 1.7685561 2.7030933 2.2395003 2.4520270 3.3323847 3.7875185 3.0242650 5.2018676 
HoiH11_mRNA3594                                               2.3670068 2.1722756 2.3727801 2.3589187 2.5975960 2.3352236 2.2763610 2.7558810 2.3695875 2.5186093 2.7387678 2.7611203 2.7170763 1.7426638 1.3748591 1.8352307 1.5678786 1.5436003 1.5214322 1.5623945 0.9920494 1.5261866 1.7704061 1.4560016 1.0764598 1.6665709 1.7528902 1.6444995 1.7423965 1.6680404 1.9412214 1.8432417 2.2189309 1.7171921 0.2199606 0.2288914 0.2188416 0.2275886 0.0000000 0.3908814 0.2870594 1.8790424 1.3042328 2.3984167 1.7059934 2.5409390 2.2796914 2.5905831 2.7412055 2.3087895 3.0815248 3.2396541 2.8418863 2.8177403 3.1567956 2.5851090 3.1203178 3.3677361 3.0001710 3.2829733 5.0291024 5.0067490 3.3315693 2.9310683 2.8577932 3.0227963 3.2456201 2.3214266 3.0847745 2.6298315 2.5931250 2.6118134 2.4102035 2.8145520 2.7446513 3.1098342 2.9194828 1.7346365 2.6904291 2.2021095 2.4719529 3.4167399 3.8539901 3.0085774 5.1455241 
TrH2_TrispH2_003581-RA                                        2.4848650 2.5283392 2.4073809 2.5627976 2.6147785 2.5304661 2.4067070 2.9022613 2.5891522 2.6960471 2.8336657 2.7022551 2.6066155 1.8424128 1.4246477 1.8223110 1.6282581 1.6398469 1.5993072 1.6400775 1.1186617 1.5744591 1.8117415 1.5268493 1.0776820 1.6893576 1.8700675 1.7283706 1.8097474 1.7184752 1.9598353 1.9326329 2.2775211 1.8190795 0.3922144 0.4076693 0.3900258 0.3941191 0.3908814 0.0000000 0.0064741 1.9799374 1.5425359 2.3252370 1.7715835 2.5389527 2.2407989 2.6922881 2.8983320 2.2985262 3.3408690 3.4952298 2.9912108 2.9714496 3.5815531 2.7778461 3.4366422 3.5988406 3.0657554 3.3745344 6.2643258 6.2181520 3.6785067 2.9513909 3.1390517 3.4041100 3.5765830 2.7287816 3.3870563 2.8508528 2.8103980 2.4565268 2.3871407 2.8206553 2.7958801 3.1912223 2.9023460 1.7975680 2.8807012 2.2001136 2.5919240 3.1658378 4.2591476 3.1489218 5.5207282 
Tadh_TriadT32527                                              1.9764587 2.5024262 2.0876540 2.5621050 2.2824056 2.4256747 2.2961508 2.8041493 2.5818476 2.4276633 2.4504868 2.3467768 2.0090345 1.4177571 1.3626295 1.3724066 1.1776103 1.1573179 1.1530703 1.2043335 1.1186617 1.1875963 1.1638918 1.0413156 1.0675690 1.2055308 1.4551014 1.4306002 1.4277647 1.2048576 1.4843196 1.4004998 2.2775211 1.3333348 0.2703773 0.2869998 0.2898794 0.2953768 0.2870594 0.0064741 0.0000000 1.6460642 1.2513193 1.9371046 1.1496755 2.2339584 1.8178624 2.2909903 2.3693675 1.9076090 3.1234616 3.0994320 3.0146857 2.9850718 3.5815531 2.7778461 3.1944019 3.3560234 3.0894866 3.3745344 5.4037856 5.2520348 3.3157365 2.9513909 2.8992854 3.1735495 3.0684659 2.6992258 3.0852964 2.8614218 2.8543973 2.5356683 2.4495754 2.2926733 2.2220996 2.7192647 2.8016307 1.8051276 2.6716375 2.1846739 2.3486370 3.1658378 4.2591476 2.0481463 5.2607774 
Opea_EP00118_Oscarella_pearsei_P021067                        2.6558490 1.8993342 2.4645582 1.9289204 2.4508482 2.3935441 2.3262277 2.7164171 2.0250510 2.4094362 2.3940987 2.2731560 2.7476848 1.8548591 1.4640412 1.9563067 1.6720125 1.6920762 1.6867886 1.6878178 1.7080955 1.6218407 1.8024157 1.6956838 1.1860163 1.7711301 1.7535277 1.7145131 1.9219541 1.6650190 1.7922301 1.7266173 1.6936436 1.7353905 1.8635683 1.8968605 1.8659384 1.8849465 1.8790424 1.9799374 1.6460642 0.0000000 0.0619222 2.2824941 1.7113658 2.6631250 2.5707573 2.5810841 2.6062602 2.5432400 2.8099068 2.9353752 2.9019433 2.5765043 2.1374418 2.1177311 2.7437746 2.8772663 2.5959406 2.9124793 4.2964922 4.3218153 2.9285795 2.7358821 2.7050545 2.7752433 3.4141785 1.9198461 2.8673776 2.3432156 2.2658646 2.3858792 2.4014264 3.4180112 2.7939023 2.9236080 2.4809528 1.9273889 2.3092111 1.8975202 2.4731174 2.0855401 2.6113925 2.9890818 5.0810426 
Opea_EP00118_Oscarella_pearsei_P021068                        2.5592812 0.0000010 2.5092016 0.0000010 2.5226413 0.0000010 0.0000010 4.0953348 0.0000010 2.3805385 2.1074377 2.2369064 2.3547337 1.7229490 1.3689710 1.4765474 1.2942427 1.3155133 1.2807777 1.2913062 1.9030859 1.3056310 1.3056310 1.2524991 1.2824602 1.5647846 1.4619052 1.4171003 1.4341890 1.3089316 1.4329385 1.2131602 2.4627351 1.1337453 1.4206046 1.4840560 1.3604049 1.3914576 1.3042328 1.5425359 1.2513193 0.0619222 0.0000000 1.3644270 1.2120005 1.7697518 1.7578271 2.0734025 2.1376839 2.1068458 2.2293226 2.2684224 2.1273534 2.1273534 0.0000010 0.0000010 2.6064929 2.7740622 2.4471939 2.4471939 6.4295414 6.3489709 2.6231513 2.4014719 2.1370526 2.1929213 2.1929213 0.0000010 2.1838375 1.8453357 1.8453357 0.0000010 0.0000010 2.2156805 3.3308067 2.2996340 0.0000010 1.8422296 2.1573212 1.4524822 1.7868578 0.0000010 3.8404742 1.7693948 6.8311821 
