93
Lcom_lcpid200776                                         0.0000000 0.7669589 0.8301135 0.7885149 0.7804482 0.8376177 0.8520230 0.8721265 0.9878052 0.8378072 0.8077434 0.9356759 1.0412645 0.9689847 0.8306411 0.9930570 1.0499647 0.9072805 1.0097323 0.9064038 0.7688332 1.1105095 0.9894797 0.9283661 1.0378524 1.3199875 0.1859865 0.9868731 0.5734198 1.0843822 0.0000010 0.9507338 0.9330468 1.0705130 1.0629827 0.7482028 0.0000010 0.9270704 0.8506323 1.1920137 1.0604367 1.0025029 0.6986205 0.3906129 0.0000010 0.9135773 0.9394301 0.7944961 1.0713227 0.0000010 0.9474951 0.9415766 0.8029907 1.1206409 1.1206409 0.0000010 1.0075746 1.0075746 3.1989443 0.3476747 1.0629533 1.0335377 0.0000010 2.9560565 0.9481974 0.4262913 0.9201077 0.4262913 1.0000486 1.2155866 1.0470901 1.0470901 1.0470901 1.0470901 0.9328920 0.9328920 0.9670982 0.9883013 0.9562976 0.9562976 0.9073222 0.9885987 1.0483831 1.5657188 0.8799333 1.3554186 0.0000010 0.9316205 0.0000010 0.2238258 1.1777612 1.3199244 0.0000010 
Spur_XM_030974426.1                                      0.7669589 0.0000000 0.6924385 0.6705605 0.6878785 0.7067233 0.7104536 0.7278836 0.5840509 0.6546324 0.7173168 0.6514760 0.6468167 0.7891750 0.6609329 0.7298348 0.6374907 1.0092939 0.9512283 0.9808680 0.9659011 0.8210769 0.7958862 0.8274218 0.8843849 0.9440419 0.8329900 1.1115986 0.9825985 1.1127296 0.8694424 0.8050299 0.7070388 0.6571049 0.9037309 0.8138405 0.6815943 1.0259208 0.8401231 1.0492280 1.0132830 0.9896787 0.8084024 0.7229733 0.8396361 0.7306660 0.7565663 0.6991925 0.6782269 0.7733673 0.8932762 1.0659370 1.0669129 1.2107628 1.2689257 1.9159767 1.2123856 1.2115322 1.4262829 1.0358710 1.1362135 1.2096172 1.3742829 1.4437152 1.2054060 1.1760043 1.1261476 1.1834115 1.1940011 1.3419589 1.3600388 1.3530387 1.2223097 1.2151430 1.0679271 1.1358725 0.9280198 0.9560516 0.9335889 0.9335889 0.9173376 0.9610768 0.9804086 1.0608047 1.0035305 1.0300562 1.1776966 1.2693705 0.7323023 1.3366562 1.2513356 0.8712293 2.1772155 
Fspp_ffun1.m4.2661.m1                                    0.8301135 0.6924385 0.0000000 0.2240625 0.2334176 0.2328557 0.2428399 0.2723667 0.1842624 0.4834380 0.5555443 0.7244026 0.7037951 0.9550251 0.8635938 0.6613322 0.6580197 1.0150683 0.9303429 0.9380668 0.9270510 0.9236250 0.8299137 0.6938648 0.9840653 1.0161870 0.8600958 1.2105482 1.1047677 1.1908448 0.9874062 0.8479299 0.8056281 0.8868647 0.9399934 0.7774205 0.5860685 0.8841199 0.9668058 1.1744758 1.1643285 1.1026798 0.9507385 0.9148996 0.9259078 0.8029854 0.8198226 0.7264249 0.8999998 0.9847404 1.0256255 1.1097732 1.0752142 1.2075162 1.2780523 1.5857091 1.3580184 1.3571982 1.4785292 1.0600012 1.2620405 1.1876096 1.4583813 1.4203841 1.2130647 1.2339947 1.1303373 1.2113131 1.2850833 1.5390772 1.3859783 1.3828194 1.2395886 1.2358285 1.1108315 1.2617454 0.9247966 1.1266248 1.1749962 1.1749962 1.1241919 1.1620147 1.1014498 1.1754533 0.8983289 1.2650761 1.4997856 1.6556561 0.8230688 1.5152608 1.1793663 1.3949832 2.1460480 
Spis_XP_022802943_1                                      0.7885149 0.6705605 0.2240625 0.0000000 0.1048393 0.3097424 0.3118776 0.3023040 0.2453516 0.5025868 0.6000702 0.7185750 0.7250865 0.8514199 0.8297207 0.6575352 0.6948010 0.9823410 0.9059453 0.9381019 0.9193792 0.8262801 0.7933188 0.7485833 0.8782674 0.9050209 0.7760396 1.1284767 1.0124379 1.1567825 0.9111735 0.8903968 0.7877588 0.8685942 0.9274319 0.8108483 0.5846727 0.8854007 0.9504053 1.0912293 1.1078429 1.1311325 0.9331763 0.8672502 0.8388171 0.8291215 0.8322804 0.7024457 0.8303977 0.8847567 1.0573915 1.1510340 1.1484391 1.2259536 1.2602817 1.5238563 1.2524215 1.2515758 1.4717925 0.9956178 1.2271173 1.0753541 1.3112348 1.3421114 1.1354639 1.1118099 1.1518149 1.2364838 1.2474296 1.3793993 1.3801009 1.3720344 1.2307475 1.2221830 1.0392404 1.1848734 0.9161460 1.1069320 1.1267752 1.1267752 1.0827589 1.0904715 1.0447780 1.1120459 0.9834384 1.2230840 1.3946935 1.8548338 0.9253247 1.4700392 1.2091501 1.3895800 2.0159236 
Pocdam_XM_027185400.1                                    0.7804482 0.6878785 0.2334176 0.1048393 0.0000000 0.3065499 0.3086346 0.2946114 0.2627409 0.4638043 0.5791959 0.7103944 0.7150838 0.8801964 0.8218029 0.6382859 0.6842896 0.9805233 0.8883162 0.9493255 0.9353727 0.8461767 0.8079215 0.7612341 0.9121529 0.9280779 0.7758512 1.1734236 1.0924978 1.1530340 0.9324686 0.8538371 0.7252073 0.9775217 0.9606998 0.8135698 0.5728392 0.8596892 0.9120877 1.0543317 1.0483728 1.0696511 0.8929831 0.8779615 0.8748518 0.7987467 0.8766985 0.6907986 0.8140965 0.8819729 1.0068019 1.1181281 1.1341177 1.2380306 1.2633647 1.7203903 1.3035387 1.3027034 1.6065599 1.0575452 1.2927138 1.1695693 1.4785867 1.4970147 1.2100266 1.2464788 1.2125062 1.3595925 1.2828048 1.3168855 1.4622027 1.4433789 1.3196746 1.3016479 1.0651988 1.1788036 0.9025946 1.1488472 1.1844642 1.1844642 1.1272723 1.1466504 1.0838735 1.2003958 0.9890782 1.1558101 1.3252110 1.4918622 0.9591703 1.4504358 1.2137331 1.2837647 2.0363437 
Amil_Amillepora20360-RA                                  0.8376177 0.7067233 0.2328557 0.3097424 0.3065499 0.0000000 0.0124817 0.1899649 0.2698049 0.5248286 0.5713106 0.7196364 0.7262384 0.8945036 0.8793482 0.6719727 0.6652417 1.0201021 0.9393212 1.0183291 0.9466696 0.8391070 0.8008934 0.6790021 0.9462927 0.9627553 0.7707756 1.1357703 1.1322569 1.1551516 0.9545501 0.8604313 0.7453452 0.9456415 0.9003898 0.7642502 0.5161924 0.8514628 0.9308698 1.1419733 1.1592390 1.1345285 0.9414114 0.9060416 0.9373973 0.7920878 0.8460863 0.7214077 0.8919925 0.9094183 1.1231333 1.3077174 1.3041427 1.1886576 1.2607702 1.6204754 1.3597726 1.3559970 1.5755550 1.1502392 1.3031085 1.2894617 1.6587620 1.5995714 1.2792972 1.3354263 1.2287555 1.3472384 1.2743920 1.2793710 1.4020189 1.3989653 1.2669682 1.2633594 1.0684271 1.2391165 0.8082674 1.1425800 1.1511953 1.1511953 1.1669574 1.1715608 1.1123869 1.1953468 0.9303467 1.2621306 1.4806096 1.3740298 0.9031324 1.5298205 1.1582097 1.2840993 1.9641899 
Adig_XM_015901925.1                                      0.8520230 0.7104536 0.2428399 0.3118776 0.3086346 0.0124817 0.0000000 0.1898735 0.2699248 0.5184033 0.5703052 0.7125271 0.7190683 0.8990715 0.8804811 0.6855178 0.6768120 1.0109227 0.9459638 1.0055652 0.9398359 0.8187024 0.8174579 0.6893662 0.9433623 0.9604458 0.7657886 1.1236904 1.1233891 1.1572637 0.9425479 0.8532000 0.7497268 0.9456415 0.9001636 0.7650561 0.5385955 0.8573458 0.9435679 1.1465361 1.1638348 1.1409383 0.9414114 0.9060416 0.9045299 0.7839142 0.8547500 0.7321878 0.9051435 0.9170181 1.1237043 1.3002115 1.2963825 1.2073680 1.2577917 1.6845381 1.3565405 1.3527755 1.5509893 1.1305423 1.3000483 1.2862661 1.6355236 1.5715470 1.2663292 1.3199490 1.2159318 1.3303388 1.2713958 1.2957438 1.3986558 1.3955901 1.2640521 1.2604350 1.0638037 1.2264711 0.8144675 1.1337669 1.1551230 1.1551230 1.1589524 1.1818856 1.1157379 1.1836737 0.9460552 1.2541808 1.4247923 1.3983135 0.9188092 1.5182399 1.1590767 1.2973674 1.9666793 
Gfas_gfas1.m1.641.m1                                     0.8721265 0.7278836 0.2723667 0.3023040 0.2946114 0.1899649 0.1898735 0.0000000 0.2935125 0.5269796 0.5630315 0.6458030 0.6632742 0.8764461 0.7915498 0.6398335 0.6377581 0.9628676 0.8867398 0.9435803 0.8725012 0.7971925 0.8440753 0.7183310 0.9116611 0.9467942 0.7711081 1.1489408 1.0166883 1.1422629 0.9486659 0.8668405 0.7726495 1.0612348 0.9345232 0.7773294 0.4845419 0.8738968 0.9588339 1.2042384 1.2119134 1.1174859 0.9361354 0.9238575 0.9632930 0.8221707 0.8442250 0.7124533 0.9305252 0.9340494 1.0483561 1.2699181 1.2565650 1.1773173 1.2288980 1.6453825 1.3571411 1.3754666 1.5716584 1.1293495 1.3046581 1.1995485 1.5303031 1.5244814 1.2634279 1.2944733 1.2096209 1.3010887 1.3448345 1.4636587 1.3605019 1.3572764 1.2240942 1.2203227 0.9963918 1.1619332 0.8652416 1.1026904 1.1570334 1.1570334 1.1378962 1.1470207 1.0878975 1.1317745 1.0124861 1.2511485 1.4948706 1.7111144 0.8541682 1.5540921 1.1821697 1.2211469 2.0393269 
Gasp_gasp1.m3.11272.m1                                   0.9878052 0.5840509 0.1842624 0.2453516 0.2627409 0.2698049 0.2699248 0.2935125 0.0000000 0.4555478 0.5221942 0.6265618 0.5870926 0.7875988 0.7969712 0.6894665 0.6479617 0.9693079 0.9287183 0.8983148 0.8932371 1.5105485 0.7526966 0.6882765 0.8895767 0.9108282 0.8561686 1.1625869 1.0671586 1.1450191 0.9619856 0.8501849 0.7411866 0.8940431 0.9511983 0.6453759 0.6253569 0.9384215 0.8763340 1.1137250 1.0619641 1.0138585 0.8658931 0.8722893 0.8724698 0.7638051 0.7558036 0.6176481 0.8260896 0.9467104 1.1297055 1.1579152 1.1622037 1.1381080 1.2739859 1.5114908 1.2583614 1.2583614 1.4722698 1.1212576 1.1790081 1.2786760 1.4717890 1.4716165 1.1617275 1.2290661 1.1106011 1.2666007 1.2247881 1.3721196 1.4637072 1.4551279 1.2659764 1.2569705 1.1233107 1.2007612 0.8526045 0.9872829 1.0570157 1.0570157 1.0451947 1.0386367 1.0372860 1.0993965 1.1283237 1.0062425 1.3861422 1.9420089 0.7572868 1.5915665 1.3381868 1.5838517 1.8780446 
Nvec_v1g117546                                           0.8378072 0.6546324 0.4834380 0.5025868 0.4638043 0.5248286 0.5184033 0.5269796 0.4555478 0.0000000 0.3109636 0.6186408 0.5818816 0.7709434 0.7079991 0.5938805 0.6268353 0.8565158 0.7873690 0.7881950 0.8492719 0.8576365 0.7786612 0.8162106 0.8849334 0.8946028 0.7576374 1.2209413 1.0665430 1.0786144 0.8840648 0.9916752 0.7088826 0.7617864 0.9084953 0.7923342 0.7289824 0.8534386 0.9804274 1.1114520 1.0903220 1.0638617 0.8188898 0.7615070 0.7898546 0.7316610 0.7800135 0.7065251 0.9422369 1.0297450 0.9388790 1.1059885 1.0679309 1.1894076 1.1841874 1.3909013 1.3070599 1.3117752 1.4568601 1.2556620 1.2251445 1.0942023 1.2755109 1.1451852 1.1516005 1.1216145 1.0902701 1.2906374 1.2470247 1.3438756 1.3375451 1.3190255 1.2103380 1.1926358 1.0840100 1.2717980 0.9649649 0.9746950 0.9889314 0.9889314 0.9669646 1.0260850 0.9926616 0.9792932 0.8662012 1.2377056 1.3419648 1.7635929 0.8178752 1.3892862 1.3322237 0.9459164 1.8167112 
Exapal_XM_021039855.2                                    0.8077434 0.7173168 0.5555443 0.6000702 0.5791959 0.5713106 0.5703052 0.5630315 0.5221942 0.3109636 0.0000000 0.6982716 0.6117626 0.7902755 0.7405438 0.6795352 0.7008305 0.8870365 0.9143766 0.8985623 0.8276025 0.8690788 0.8492715 0.9371606 0.9460435 0.9507966 0.8931173 1.2452346 1.0647592 1.0799402 0.8966690 1.0164520 0.7363521 0.8737727 0.9924446 0.8148229 0.8457786 0.9278488 0.9876351 1.2247926 1.1984077 1.0597185 1.0162736 0.9721160 0.8654103 0.7671011 0.7948873 0.7467778 0.8727228 0.8519034 0.9186383 1.0621051 1.0213558 1.1961484 1.2057448 1.4263058 1.2632759 1.2624253 1.3688763 1.1349458 1.2394699 1.1081166 1.2434196 1.1345777 1.1283553 1.0460226 1.0811089 1.1226340 1.2143324 1.5134259 1.3541399 1.3394316 1.2443081 1.2303168 1.1442609 1.2324095 0.9965771 1.0239072 1.0242405 1.0242405 1.0281444 1.0439586 1.0011175 1.0862781 0.8124400 1.1221079 1.1542469 1.6576793 0.8527088 1.3883830 1.2557767 1.0968651 1.7582668 
Dgig_XM_028550222.1                                      0.9356759 0.6514760 0.7244026 0.7185750 0.7103944 0.7196364 0.7125271 0.6458030 0.6265618 0.6186408 0.6982716 0.0000000 0.1874172 0.8283227 0.6607795 0.6671935 0.7153454 0.9344704 0.8166574 0.8817532 0.8748323 0.8755532 0.7970120 0.8795839 1.0355269 1.1160127 0.8939024 1.1963981 0.9918164 1.1034555 1.0885164 0.9567078 0.8313438 1.0264284 1.0444320 0.7785926 0.7473811 0.9872731 0.9943031 1.2457497 1.2503233 1.1751155 1.1791954 1.1844306 1.1179514 0.8718032 0.8118494 0.8270402 0.7893782 0.8325778 0.8576778 1.0137074 0.9966295 1.2407821 1.2672777 1.7596959 1.3946158 1.3879234 1.5634752 1.2945401 1.1957302 1.2210948 1.4643186 1.3805021 1.2561107 1.2634297 1.0755766 1.2715762 1.2974939 1.3438319 1.5371504 1.5189409 1.3755508 1.3581970 1.1179179 1.2795770 0.9793522 1.0365217 1.0493228 1.0493228 1.0184981 1.1183972 1.1269216 1.1282324 0.9039211 1.1537792 1.2987319 1.9967188 0.7611883 1.4641835 1.3836067 1.1416498 2.1497871 
Xesp_002515-T1                                           1.0412645 0.6468167 0.7037951 0.7250865 0.7150838 0.7262384 0.7190683 0.6632742 0.5870926 0.5818816 0.6117626 0.1874172 0.0000000 0.7765908 0.6654756 0.6714636 0.7142196 0.9573863 0.8633989 0.8672413 0.9260693 0.8795574 0.7993611 0.8903266 1.0458724 1.1307426 0.9311361 1.1891170 1.0536875 1.1377793 1.0000376 0.9746157 0.8251713 1.0237867 0.9978634 0.7629745 0.6721532 0.9484030 0.9482151 1.2022928 1.1745999 1.1089628 1.0970568 1.0981158 1.0515968 0.8810307 0.8182602 0.7997279 0.7841309 0.8086946 0.8576460 0.9939422 0.9671313 1.1457658 1.1636489 1.5763939 1.3446162 1.3379195 1.5369830 1.1399063 1.1731539 1.1111515 1.3983335 1.2864334 1.2276041 1.1215735 1.0604656 1.2227446 1.2728705 1.4388925 1.4376396 1.4156016 1.3028512 1.2819930 1.0928228 1.2490322 0.9574107 1.0140401 1.0251370 1.0251370 1.0092517 1.0675395 1.1045886 1.1244552 0.8148153 1.1254895 1.3323009 1.9107380 0.7613945 1.3909306 1.3543897 1.2544550 2.2175473 
Hvul_g32982_1                                            0.9689847 0.7891750 0.9550251 0.8514199 0.8801964 0.8945036 0.8990715 0.8764461 0.7875988 0.7709434 0.7902755 0.8283227 0.7765908 0.0000000 0.5196034 0.7553057 0.9197383 1.2634869 1.2179187 1.2073824 1.2280783 0.9409338 1.0032360 1.2553936 1.1952522 1.2469657 1.0515225 1.2938398 1.0853992 1.2728493 1.0541413 1.2298310 0.9230479 1.2401583 1.2061086 1.0347481 1.0655093 1.1161835 1.0997002 1.3038802 1.2706354 1.1333986 1.1413227 1.1049746 1.0256882 0.8125203 0.8626585 0.8462983 1.2546131 1.1921949 0.9379501 1.0621232 1.0794250 1.2020434 1.2069226 1.7135044 1.1449834 1.1281172 1.3635145 0.8341971 1.2706702 1.1291767 1.3363000 1.3708075 1.2174745 1.1424590 1.1548839 1.1911056 1.2296681 1.3833992 1.3275300 1.3275300 1.1911223 1.1911223 0.9076045 1.0713809 1.0847357 1.2064676 1.1526793 1.1526793 1.1503430 1.1763681 1.1727885 1.2570324 1.1403259 1.3607887 1.5722323 1.9452641 1.0516977 1.5071265 1.5436530 1.2898113 2.1393504 
Chem_TCONS_00000140                                      0.8306411 0.6609329 0.8635938 0.8297207 0.8218029 0.8793482 0.8804811 0.7915498 0.7969712 0.7079991 0.7405438 0.6607795 0.6654756 0.5196034 0.0000000 0.6742297 0.7124138 0.9650602 0.8911290 0.9924143 1.0056642 1.0028178 0.8759797 0.9953368 1.1409258 1.2874742 0.9890372 1.2679317 1.1384292 1.2527304 1.0809600 0.9685370 0.8327397 1.3340737 1.1790613 0.9797486 0.9503257 1.1528383 1.0769233 1.2516629 1.2521298 1.1666826 1.2295006 1.2511777 1.1814700 0.7701596 0.8490496 0.7872256 1.1749755 1.2172309 0.7333795 0.8780240 0.8685063 1.2453633 1.2698218 1.7845526 1.2200334 1.2027803 1.1970312 1.0708593 1.2565137 1.1424080 1.2732412 1.2246642 1.2458921 1.1938336 1.1533521 1.2552605 1.3181495 1.4854703 1.4482185 1.4263764 1.3107878 1.2901675 1.0879518 1.2761676 1.0299974 1.0447550 0.9850895 0.9850895 0.9796627 1.0336939 1.0381497 1.1193284 0.9489515 1.2999756 1.5298028 1.4248305 0.9109154 1.3294955 1.1956850 1.1490252 2.0551169 
Bralan_BLAG16000034_1                                    0.9930570 0.7298348 0.6613322 0.6575352 0.6382859 0.6719727 0.6855178 0.6398335 0.6894665 0.5938805 0.6795352 0.6671935 0.6714636 0.7553057 0.6742297 0.0000000 0.5300744 1.0493816 1.0029735 1.0291369 1.0728631 0.7525502 0.6772053 0.7238927 0.9671018 1.0836114 0.9599373 1.2992710 0.9629567 1.3125427 1.0909908 0.8931289 0.7603645 0.7966428 1.0599479 0.8927643 1.1776085 1.0341678 1.0224992 1.1070995 1.0930654 1.0808857 0.9291798 0.9354521 1.0379029 0.7964827 0.7719140 0.7829554 0.9617849 0.9431228 0.9156219 1.1846060 1.1624687 1.1462356 1.2728611 2.2363369 1.3597388 1.3555881 1.5812460 1.1529815 1.2157283 1.3134931 1.5558842 1.4339883 1.2030937 1.2672541 1.2495423 1.4085668 1.3453470 1.4215309 1.4637879 1.4441144 1.3375030 1.3187400 1.0283967 1.2751868 0.9820734 0.9829344 0.9611589 0.9611589 0.9565659 0.9527328 0.9399263 1.0465823 0.8557211 1.1960524 1.4143699 2.3591827 0.9000339 1.3763238 1.2722012 0.9922661 2.0739308 
Bralan_BLAG16000035_1                                    1.0499647 0.6374907 0.6580197 0.6948010 0.6842896 0.6652417 0.6768120 0.6377581 0.6479617 0.6268353 0.7008305 0.7153454 0.7142196 0.9197383 0.7124138 0.5300744 0.0000000 0.9085882 0.8205830 0.9183377 0.9247378 0.7082645 0.7639832 0.9131332 0.8502886 0.9007476 0.6246443 1.0694740 0.8688553 0.9993051 0.8616524 0.7925035 0.5199563 0.6196187 0.9776628 0.7189493 0.7077800 0.7951816 0.7269293 1.0299694 0.9977394 1.0486795 0.8123066 0.7155916 0.8737211 0.7319276 0.7656013 0.7966139 0.6171764 0.5361088 0.8393078 0.9671817 0.9832709 1.0834774 1.1865972 1.7632462 1.1869735 1.1861003 1.4011196 1.0864136 1.1909301 1.2712127 1.6228537 1.5338768 1.2427987 1.2664185 1.2363126 1.4040716 1.3324912 1.3336253 1.3811667 1.3740235 1.2398157 1.2324977 0.9994043 1.1543608 0.7017629 0.9158149 0.9280767 0.9280767 0.9470485 0.9192215 0.8752822 0.8814244 0.9585985 1.2263102 1.2991790 1.6896619 0.7497270 1.3213820 1.1560455 0.8220527 1.9271003 
Lcom_lcpid86543                                          0.9072805 1.0092939 1.0150683 0.9823410 0.9805233 1.0201021 1.0109227 0.9628676 0.9693079 0.8565158 0.8870365 0.9344704 0.9573863 1.2634869 0.9650602 1.0493816 0.9085882 0.0000000 0.2666495 0.3007637 0.2727585 0.6539744 0.6721185 0.7926456 0.8126741 0.9748363 0.7321836 1.0621568 1.1201703 1.0429494 1.0952183 0.9641796 0.8605853 0.9553276 1.1337646 0.9389921 0.7943062 1.0486551 1.0283128 1.1990503 1.2051989 0.9868950 1.3211411 1.4041418 0.6201346 1.0686167 1.0378388 1.0213098 1.1317244 1.1609341 1.0405330 1.0993576 1.1347956 1.2331889 1.2662879 1.5848292 1.2327136 1.2318380 1.4335039 1.1300902 1.2830060 1.2319527 1.5262549 1.4469694 1.2591741 1.2192722 1.1467027 1.1551942 1.1717234 1.2506983 1.4095059 1.3943355 1.2411678 1.2269662 1.0806885 1.2327343 1.0006670 1.0804227 1.0241482 1.0241482 1.0513489 1.1193778 1.0809235 1.0804497 0.7961415 1.0073241 1.2265542 1.7019596 0.8007994 1.1573465 1.2619292 1.5003906 1.9923025 
Gracom_Gcom_scaffold4531_01                              1.0097323 0.9512283 0.9303429 0.9059453 0.8883162 0.9393212 0.9459638 0.8867398 0.9287183 0.7873690 0.9143766 0.8166574 0.8633989 1.2179187 0.8911290 1.0029735 0.8205830 0.2666495 0.0000000 0.1947086 0.2406248 0.6064915 0.5965730 0.7276546 0.7819127 0.9639713 0.6759349 1.0417062 1.0143215 0.9984981 1.0604943 0.9895116 0.8578127 0.9053816 1.0170104 0.9026042 0.8399498 0.9429188 0.9527991 1.1383467 1.0984172 0.9504059 1.0196164 1.0162740 0.6341609 0.9288520 1.0058112 1.0323878 0.9863787 1.0301416 0.9881142 1.0364094 1.0349753 1.1068090 1.2170180 1.4161198 1.2390521 1.2327037 1.3903119 1.2159488 1.2227121 1.1852410 1.4289746 1.4103894 1.2014820 1.1821535 1.0677793 1.1994337 1.2019736 1.2129760 1.4053356 1.3903720 1.2388355 1.2248367 1.1128844 1.2095203 1.0145690 0.9829653 0.9737506 0.9737506 0.9592458 1.0269311 1.0192433 1.0047625 0.7632714 1.0179848 1.2100201 1.7682722 0.7671565 1.2088793 1.0143619 1.2573515 1.7368104 
Leuniv_Lniv_C807798_01                                   0.9064038 0.9808680 0.9380668 0.9381019 0.9493255 1.0183291 1.0055652 0.9435803 0.8983148 0.7881950 0.8985623 0.8817532 0.8672413 1.2073824 0.9924143 1.0291369 0.9183377 0.3007637 0.1947086 0.0000000 0.2487498 0.7051579 0.6362984 0.6642527 0.7960786 0.9545848 0.6837899 1.1576380 1.0481447 0.9813488 1.0064147 0.9476508 0.8812952 0.7872041 1.0180828 0.8935843 0.7534663 0.8945105 0.9549280 1.0494794 1.0757419 0.9281854 0.9648107 0.9485111 0.5361486 1.0178262 1.0224569 1.0573906 1.0386075 1.0832715 1.0690428 1.0962205 1.0702829 1.1258312 1.1344466 1.3690149 1.2501887 1.2493328 1.3780401 1.1103514 1.1869775 1.1566572 1.3314055 1.2960257 1.1617678 1.0955811 1.1636148 1.2329981 1.2974507 1.4058714 1.3846344 1.3815806 1.2291712 1.2258630 1.0597651 1.1487845 1.0867579 1.0543063 1.0406722 1.0406722 1.0279577 1.1398246 1.0759310 1.0344579 0.7616002 0.9754323 1.1521559 2.0290395 0.7353382 1.2959157 1.1295674 1.5078304 1.8760530 
Scil_scict022483.1                                       0.7688332 0.9659011 0.9270510 0.9193792 0.9353727 0.9466696 0.9398359 0.8725012 0.8932371 0.8492719 0.8276025 0.8748323 0.9260693 1.2280783 1.0056642 1.0728631 0.9247378 0.2727585 0.2406248 0.2487498 0.0000000 0.5751307 0.6566080 0.6846330 0.7921028 0.9402795 0.7140451 1.1315008 1.0003317 1.0309778 1.0045888 0.9542320 0.8667256 0.8546222 1.0087361 0.8713426 0.6886412 0.9715663 0.9865727 1.2068984 1.1799961 1.0220758 1.1892764 1.1801544 0.4339821 1.0121731 0.9958767 0.9600486 1.0962563 1.0682601 1.0481686 1.1008031 1.0879821 1.2321781 1.1932749 1.3187398 1.2762776 1.2754215 1.4465519 1.1702097 1.2132512 1.1141925 1.2210776 1.1790565 1.1270116 1.0688434 1.0515097 1.1098390 1.1605208 1.2916119 1.4012745 1.3861751 1.2610445 1.2464224 1.0842472 1.1325137 1.0140583 1.0991434 1.0495269 1.0495269 1.0464760 1.1331484 1.0658491 1.0518517 0.7786187 1.1323926 1.2193966 2.1138566 0.8320395 1.2172791 1.1609164 1.4061323 1.8033708 
Lcom_lcpid246822                                         1.1105095 0.8210769 0.9236250 0.8262801 0.8461767 0.8391070 0.8187024 0.7971925 1.5105485 0.8576365 0.8690788 0.8755532 0.8795574 0.9409338 1.0028178 0.7525502 0.7082645 0.6539744 0.6064915 0.7051579 0.5751307 0.0000000 0.5933199 0.7417732 0.6137467 0.7257697 0.0000010 0.9974573 0.0000010 0.7931729 0.0000010 1.1974406 0.9982305 0.0000010 0.6414535 0.7217602 0.0000010 0.6927037 1.0538831 0.9933226 1.0036935 0.9585924 2.2781110 9.0000000 0.0000010 1.0305131 1.0788733 1.2040734 1.1784091 0.0000010 0.8616858 1.4977676 2.8902320 1.2109994 1.2109994 0.0000010 1.1853457 1.1853457 0.0000010 0.0000010 1.1717742 1.0670065 0.0000010 5.8747967 1.1285927 0.0000010 0.8987958 0.0000010 1.0356538 1.0356538 1.3032520 1.3032520 1.3032520 1.3032520 0.8480554 0.8480554 0.8922414 1.2430072 1.1116321 1.1116321 1.1555261 1.2796066 1.3567688 8.9999981 1.4114107 1.4459743 0.0000010 1.4079773 0.0000010 0.9321779 1.1073037 1.3732298 0.0000010 
Clacor_Ccor_scaffold15259_01                             0.9894797 0.7958862 0.8299137 0.7933188 0.8079215 0.8008934 0.8174579 0.8440753 0.7526966 0.7786612 0.8492715 0.7970120 0.7993611 1.0032360 0.8759797 0.6772053 0.7639832 0.6721185 0.5965730 0.6362984 0.6566080 0.5933199 0.0000000 0.4924819 0.6152239 0.6393425 0.3363482 0.9545761 0.7771193 0.8992376 0.5981966 0.5735661 0.7005185 0.5614571 0.6581247 0.6158587 0.0000010 0.7276417 0.7949820 0.9662331 0.9858793 0.7364369 0.7805159 0.6394079 0.4825441 0.8125607 0.8097810 0.7584723 0.7980145 0.6290443 0.7458310 0.6865928 0.6371758 0.9161084 0.9259308 0.0000010 0.9160389 0.9144225 0.2773303 0.6755203 0.9349115 0.9615989 0.6107178 1.6333310 0.9729109 0.4864703 0.8890880 0.5732989 0.9666191 1.1878603 1.0854093 1.0854093 1.0854093 1.0854093 0.9470655 1.0433639 0.7969965 0.9992473 1.0004420 1.0004420 1.0189473 1.0068219 0.9785883 1.0434517 0.8281240 0.9942865 1.2676773 1.6610914 1.2287236 1.0783003 1.0862831 1.3109044 3.4566756 
Clacor_Ccor_C511611_01                                   0.9283661 0.8274218 0.6938648 0.7485833 0.7612341 0.6790021 0.6893662 0.7183310 0.6882765 0.8162106 0.9371606 0.8795839 0.8903266 1.2553936 0.9953368 0.7238927 0.9131332 0.7926456 0.7276546 0.6642527 0.6846330 0.7417732 0.4924819 0.0000000 0.8609602 1.0265084 0.2729838 1.1956750 0.4930617 1.0647176 0.0000010 0.7873496 0.7382311 0.5338674 0.8802145 0.8844213 0.0000010 0.7994690 1.0941430 1.1703626 1.2896395 1.0518772 1.6209711 1.2243014 0.0000010 0.9343978 1.0497403 0.9360439 0.9465448 0.0000010 0.8883230 0.9502940 0.5992217 1.1990589 1.2088206 0.0000010 1.2681088 1.2660531 1.2667723 1.3459803 1.2221881 1.0783214 0.0000010 2.8713086 1.3091140 0.1319305 1.0211946 0.1319305 1.2429198 1.4574683 1.1584884 1.1196455 1.1584884 1.1196455 0.9456378 1.0561068 0.9375813 1.0161151 0.9733850 0.9733850 1.0079428 1.1537717 1.1692514 1.1290149 0.8674247 1.2686312 0.0000010 2.2274721 0.0000010 1.0029311 1.2090346 1.4534262 0.0000010 
Opea_EP00118_Oscarella_pearsei_P028686                   1.0378524 0.8843849 0.9840653 0.8782674 0.9121529 0.9462927 0.9433623 0.9116611 0.8895767 0.8849334 0.9460435 1.0355269 1.0458724 1.1952522 1.1409258 0.9671018 0.8502886 0.8126741 0.7819127 0.7960786 0.7921028 0.6137467 0.6152239 0.8609602 0.0000000 0.0363340 0.4280425 0.9587574 0.6864832 0.8012669 0.9776497 0.8164037 0.8574667 0.7804052 0.9239647 0.8906753 0.8349675 1.0500496 0.8461477 1.0573737 1.0817014 0.9565548 1.0557940 1.0058899 0.6731035 0.9716607 0.9349159 0.9833893 0.8663425 0.9252737 1.1474526 1.3303049 1.3750057 1.0956429 1.1255102 1.3215208 1.1620527 1.1663470 1.4587949 0.9795344 1.0873258 1.0876241 1.2418964 1.3144818 1.1010660 0.9861218 1.1045672 1.0482503 1.0709634 1.1342462 1.3005989 1.2824052 1.1646252 1.1472247 0.8814651 1.0588782 0.8701327 1.0046140 1.0379242 1.0379242 0.9928619 1.0393046 0.9747532 0.9634499 1.0057839 1.0978559 1.2761350 2.1423425 0.9711796 1.3190968 1.0752190 1.2709340 1.6988321 
Ocar_g2235                                               1.3199875 0.9440419 1.0161870 0.9050209 0.9280779 0.9627553 0.9604458 0.9467942 0.9108282 0.8946028 0.9507966 1.1160127 1.1307426 1.2469657 1.2874742 1.0836114 0.9007476 0.9748363 0.9639713 0.9545848 0.9402795 0.7257697 0.6393425 1.0265084 0.0363340 0.0000000 0.4886203 1.0150719 0.8285951 0.9431438 1.0157793 0.8895292 0.9130465 0.9793698 1.0104720 0.7979827 0.8349675 1.1494226 0.9127079 0.9652134 1.0083556 0.9708109 1.1264399 1.1246567 0.7900495 0.9922578 0.9890646 1.0176189 0.8904908 0.9233194 1.3586529 1.4180123 1.4741648 1.0216949 1.1442388 1.3215208 1.1571417 1.1571417 1.4367615 0.8850538 1.0717536 1.1440383 1.1957355 1.2756724 1.0811090 0.9856936 1.0649987 1.0054452 1.0092737 0.9873386 1.4398374 1.4126807 1.2294403 1.2039189 0.9940913 1.0730723 0.9026011 0.9551383 0.9913116 0.9913116 0.9155508 0.9633990 0.9626240 0.9943804 1.1921737 1.0207511 1.2761350 5.8894235 1.0029029 1.5577564 1.1224831 1.5359144 1.7322156 
Plajan_Pjan_scaffold16167_01                             0.1859865 0.8329900 0.8600958 0.7760396 0.7758512 0.7707756 0.7657886 0.7711081 0.8561686 0.7576374 0.8931173 0.8939024 0.9311361 1.0515225 0.9890372 0.9599373 0.6246443 0.7321836 0.6759349 0.6837899 0.7140451 0.0000010 0.3363482 0.2729838 0.4280425 0.4886203 0.0000000 0.8959678 0.8955179 0.8429864 0.8842153 0.7068985 0.6763903 0.5112758 0.8749629 0.6542154 0.6137089 0.8621631 0.6676253 0.7749147 0.7739590 0.8408451 0.6110611 0.5641636 0.6780096 0.8145645 0.9582405 0.8367509 0.7273481 0.7392023 1.2075604 1.2075604 1.2075604 0.9213757 1.1215358 1.8196271 1.1119636 1.1119636 1.3584582 0.9183802 1.0356542 1.1032171 1.2180436 1.2402338 1.0856980 1.0775109 1.0839196 1.1439500 1.1084804 0.9069846 1.3345506 1.3345506 1.1260176 1.1260176 0.9631371 1.1012574 0.7714121 0.7908620 0.8196308 0.8196308 0.7700489 0.8408455 0.8501917 0.7660006 0.5986273 0.9848326 1.2326525 0.0000010 0.9012028 1.3123526 0.6596779 1.3646304 1.7459648 
Aque_Aqu2.1.25578_001                                    0.9868731 1.1115986 1.2105482 1.1284767 1.1734236 1.1357703 1.1236904 1.1489408 1.1625869 1.2209413 1.2452346 1.1963981 1.1891170 1.2938398 1.2679317 1.2992710 1.0694740 1.0621568 1.0417062 1.1576380 1.1315008 0.9974573 0.9545761 1.1956750 0.9587574 1.0150719 0.8959678 0.0000000 0.1545235 0.4076711 1.1398585 1.1469082 1.0597104 0.9869725 1.0791966 1.0623743 1.0939279 1.2269431 1.2375257 1.0989058 1.0837252 0.8770545 0.8416656 0.7999860 1.0388445 1.1308339 1.1905668 1.1536500 1.1797361 1.3229797 1.6264799 1.7582685 1.7410687 1.2578743 1.3639982 2.1093287 1.4070696 1.3873619 1.7792060 1.2362142 1.3629537 1.3584754 1.8108218 1.7533817 1.3294107 1.3942740 1.1986541 1.2622849 1.1932811 1.1162046 1.5060210 1.4869955 1.3685741 1.3503149 1.1402859 1.3393434 1.0946762 1.2785361 1.3258246 1.3258246 1.2688575 1.2743648 1.3098461 1.3361838 1.3038275 0.9193528 0.9654636 1.7933157 0.9908824 1.1648460 1.1791623 1.7365986 2.0081117 
Halamb_c35100_g1_i1m.8526                                0.5734198 0.9825985 1.1047677 1.0124379 1.0924978 1.1322569 1.1233891 1.0166883 1.0671586 1.0665430 1.0647592 0.9918164 1.0536875 1.0853992 1.1384292 0.9629567 0.8688553 1.1201703 1.0143215 1.0481447 1.0003317 0.0000010 0.7771193 0.4930617 0.6864832 0.8285951 0.8955179 0.1545235 0.0000000 0.2398484 0.9598705 0.9688636 1.0473944 0.7790005 0.8446431 0.9144733 1.3715757 1.0799340 1.0594806 0.7783306 0.7662642 0.6207413 0.7084716 0.6951100 1.0081415 1.0057035 0.9340910 0.9949755 1.1452754 1.2149716 1.3969812 1.3969812 1.3969812 1.2191542 1.2566676 0.0000010 1.2319732 1.2319732 1.5389155 1.2202443 1.1707438 1.2565503 1.5075607 1.4428887 1.1987041 1.1305837 1.1807849 1.1550401 1.1717154 1.9181084 1.2866431 1.2866431 1.2866431 1.2866431 1.2970423 1.2342606 1.0905093 0.9100572 0.9469223 0.9469223 0.8922347 0.8795578 0.8918264 0.8990047 0.7074184 0.5327920 0.4534487 2.5110949 0.8024648 1.2492756 0.9409538 3.6354327 1.8563679 
Xestes_maker-XT_scaffold178577-augustus-gene-0.24-mRNA-1 1.0843822 1.1127296 1.1908448 1.1567825 1.1530340 1.1551516 1.1572637 1.1422629 1.1450191 1.0786144 1.0799402 1.1034555 1.1377793 1.2728493 1.2527304 1.3125427 0.9993051 1.0429494 0.9984981 0.9813488 1.0309778 0.7931729 0.8992376 1.0647176 0.8012669 0.9431438 0.8429864 0.4076711 0.2398484 0.0000000 0.9869436 1.0025167 0.9893852 1.0171740 1.0299886 1.0251108 0.9817024 1.0669438 1.0511630 0.9042846 0.9613009 0.8042965 0.7899090 0.7093988 0.9697024 1.1503544 1.0935605 1.1613700 1.0913997 1.1134318 1.4812883 1.5767153 1.5818833 1.2399037 1.2847924 1.6920083 1.4056177 1.4105864 1.6971084 1.1645111 1.3650178 1.3613164 1.6291901 1.5647013 1.3454040 1.3038429 1.2940604 1.3533501 1.3406161 1.3424311 1.4612783 1.4424074 1.3242955 1.3062404 1.1693762 1.3249268 1.0952044 1.2648742 1.2720995 1.2720995 1.2393770 1.2804065 1.2904264 1.2940937 1.1888042 0.8689960 0.8009615 1.7984177 0.8508524 1.2790674 1.2242066 1.4067859 1.8508391 
Lcom_lcpid117531                                         0.0000010 0.8694424 0.9874062 0.9111735 0.9324686 0.9545501 0.9425479 0.9486659 0.9619856 0.8840648 0.8966690 1.0885164 1.0000376 1.0541413 1.0809600 1.0909908 0.8616524 1.0952183 1.0604943 1.0064147 1.0045888 0.0000010 0.5981966 0.0000010 0.9776497 1.0157793 0.8842153 1.1398585 0.9598705 0.9869436 0.0000000 0.5160555 0.6987108 0.5909667 0.7178269 0.6933013 0.7826196 0.6934645 0.5844594 1.0039253 1.0185276 1.0056404 0.7098004 0.6848999 0.8804760 0.8904628 0.8290621 0.8854277 0.8330722 0.8279388 1.3801090 1.3801090 1.3801090 1.2540990 1.2518346 1.5696584 1.2949853 1.2949853 1.5814064 1.2316541 1.3855531 1.3924788 1.5194296 1.6235986 1.3876232 1.3910704 1.4222324 1.3720303 1.3331818 3.3042690 1.4924315 1.4924315 1.3028128 1.3028128 1.4026199 1.3006848 0.7421512 1.1574349 1.0831622 1.0831622 1.0808819 1.0489180 1.0604184 1.0939868 0.7971473 1.2593636 1.2216667 0.0000010 1.2128188 1.6395781 0.0000010 0.5811606 1.9287619 
Cgig_XM_011447898.3                                      0.9507338 0.8050299 0.8479299 0.8903968 0.8538371 0.8604313 0.8532000 0.8668405 0.8501849 0.9916752 1.0164520 0.9567078 0.9746157 1.2298310 0.9685370 0.8931289 0.7925035 0.9641796 0.9895116 0.9476508 0.9542320 1.1974406 0.5735661 0.7873496 0.8164037 0.8895292 0.7068985 1.1469082 0.9688636 1.0025167 0.5160555 0.0000000 0.6339276 0.5084547 0.8462554 0.6940534 0.7148831 0.8388849 0.6437412 1.0613921 1.0708340 0.8156062 0.8523435 0.7418675 0.7325317 0.8433337 0.8774908 0.8536881 0.7758352 0.8097614 1.0265227 1.1599991 1.1530959 1.1015047 1.1517478 1.6760747 1.1440783 1.1431970 1.5449497 1.0710316 1.1248715 1.2067668 1.4105520 1.4328438 1.1570308 1.1701553 1.1251303 1.1982505 1.1676350 1.2112826 1.3043120 1.2970824 1.1718444 1.1644596 1.0615773 1.1339808 0.6976012 1.0612383 1.0503643 1.0503643 1.0144797 1.0947821 1.1192467 1.1541274 0.8133918 1.1132061 1.3433471 1.7043582 0.9581136 1.3217472 1.1188527 1.4090092 2.0148975 
Ctel_gnl_WGS_AMQN_CAPTEDRAFT_mRNA222278                  0.9330468 0.7070388 0.8056281 0.7877588 0.7252073 0.7453452 0.7497268 0.7726495 0.7411866 0.7088826 0.7363521 0.8313438 0.8251713 0.9230479 0.8327397 0.7603645 0.5199563 0.8605853 0.8578127 0.8812952 0.8667256 0.9982305 0.7005185 0.7382311 0.8574667 0.9130465 0.6763903 1.0597104 1.0473944 0.9893852 0.6987108 0.6339276 0.0000000 0.5041754 0.8060976 0.7761009 0.5045397 0.7306612 0.6797904 1.0405958 1.0219332 0.9687396 0.8415338 0.8049820 0.8864174 0.8272882 0.8704663 0.8079248 0.6984384 0.6855692 0.9655016 1.1514305 1.1697820 1.2216259 1.2972279 1.7143467 1.2889431 1.2880962 1.7230680 1.3038955 1.2028866 1.2663893 1.7091848 1.6000661 1.3098781 1.3805432 1.2249371 1.4502965 1.2768711 1.1953328 1.3336955 1.3265484 1.2086975 1.2014233 1.0872518 1.1585100 0.7267378 1.0153067 1.0231583 1.0231583 1.0059652 0.9841266 0.9569703 1.2259938 0.8635929 1.1161791 1.1734083 1.7901509 0.9793662 1.2991554 0.9555602 0.7597018 1.9862493 
Lcom_lcpid221697                                         1.0705130 0.6571049 0.8868647 0.8685942 0.9775217 0.9456415 0.9456415 1.0612348 0.8940431 0.7617864 0.8737727 1.0264284 1.0237867 1.2401583 1.3340737 0.7966428 0.6196187 0.9553276 0.9053816 0.7872041 0.8546222 0.0000010 0.5614571 0.5338674 0.7804052 0.9793698 0.5112758 0.9869725 0.7790005 1.0171740 0.5909667 0.5084547 0.5041754 0.0000000 0.6570711 0.7242473 0.0000010 0.7215030 0.8494084 0.7523893 0.7538168 0.6795790 0.8129727 0.7816365 0.5921353 0.7444678 0.7581875 0.7411701 0.5320506 0.9209047 0.9538016 0.9622527 0.9048549 1.0090516 0.9947894 0.0000010 0.8475396 0.8475396 1.4518718 0.6796975 0.9908057 0.9389486 1.0019991 0.0000010 0.8157868 0.5690352 0.9169902 0.7063938 0.9741400 2.1501914 0.9067650 0.9067650 0.9067650 0.9067650 0.9682990 0.9551144 0.9857260 0.8842458 0.9335466 0.9335466 0.9390909 0.9772799 0.9772799 0.9585682 0.7720567 1.0401127 0.0000010 8.9999980 0.0000010 1.1423934 1.6557881 0.0000010 2.9003498 
Cscu_XM_023359469.1                                      1.0629827 0.9037309 0.9399934 0.9274319 0.9606998 0.9003898 0.9001636 0.9345232 0.9511983 0.9084953 0.9924446 1.0444320 0.9978634 1.2061086 1.1790613 1.0599479 0.9776628 1.1337646 1.0170104 1.0180828 1.0087361 0.6414535 0.6581247 0.8802145 0.9239647 1.0104720 0.8749629 1.0791966 0.8446431 1.0299886 0.7178269 0.8462554 0.8060976 0.6570711 0.0000000 0.7303568 0.3010596 0.7840205 0.9072212 1.1790236 1.1954181 1.1583663 0.6628472 0.5920063 0.6443704 1.0362923 0.9949856 0.9713860 0.8501877 0.6875264 1.2751263 1.4509776 1.5070501 1.3090892 1.4709124 3.6340148 1.4857960 1.4816108 1.8990679 1.0877849 1.3539946 1.3244711 1.6753760 2.0948236 1.3510541 1.3462690 1.3098691 1.4161248 1.4289302 1.6011822 1.4079548 1.4008479 1.4278137 1.4208085 1.1524903 1.4014633 0.9286359 1.1092462 1.1706923 1.1706923 1.1094286 1.1274803 1.0917593 1.1692660 1.0724041 1.3917941 1.1426481 2.4564368 1.1883268 1.3830208 1.1777639 1.7051303 2.5458589 
Tcas_TC004723_001                                        0.7482028 0.8138405 0.7774205 0.8108483 0.8135698 0.7642502 0.7650561 0.7773294 0.6453759 0.7923342 0.8148229 0.7785926 0.7629745 1.0347481 0.9797486 0.8927643 0.7189493 0.9389921 0.9026042 0.8935843 0.8713426 0.7217602 0.6158587 0.8844213 0.8906753 0.7979827 0.6542154 1.0623743 0.9144733 1.0251108 0.6933013 0.6940534 0.7761009 0.7242473 0.7303568 0.0000000 0.3915048 0.5760556 0.7795546 1.0861798 1.0687186 0.9017399 0.6996712 0.6426736 0.7482986 0.9049530 0.8632046 0.7796946 0.7145941 0.7599895 1.1113096 1.1327509 1.1599586 1.2990214 1.2924705 1.6536760 1.3184001 1.3175479 1.6655446 1.1686187 1.1583321 1.2262569 1.4976485 1.4288743 1.1504942 1.1612427 1.0713685 1.2233634 1.1786205 1.2484670 1.4736437 1.4736437 1.3242133 1.3242133 1.1535853 1.2179197 0.7736255 1.0772209 1.0683274 1.0683274 1.0682195 1.1062465 1.0562363 1.0180182 0.9639528 1.0309269 1.0387844 1.4176034 0.8250615 1.1744170 1.3452131 1.5802358 2.0275971 
Cscu_XM_023359468.1                                      0.0000010 0.6815943 0.5860685 0.5846727 0.5728392 0.5161924 0.5385955 0.4845419 0.6253569 0.7289824 0.8457786 0.7473811 0.6721532 1.0655093 0.9503257 1.1776085 0.7077800 0.7943062 0.8399498 0.7534663 0.6886412 0.0000010 0.0000010 0.0000010 0.8349675 0.8349675 0.6137089 1.0939279 1.3715757 0.9817024 0.7826196 0.7148831 0.5045397 0.0000010 0.3010596 0.3915048 0.0000000 0.7792458 0.5721492 1.0786689 1.0930408 1.2392314 0.0000010 0.0000010 0.0000010 1.0730002 0.9408563 0.6788970 0.5071859 0.4448396 1.7467981 1.7467981 1.7467981 0.0000010 1.3342152 1.5609229 1.6793640 1.6793640 1.6793640 0.0000010 1.4368125 1.4005804 1.4005804 1.4005804 1.4259464 1.4259464 1.6600343 1.5399226 1.5399226 0.0000010 2.3187022 2.3187022 1.4194190 1.4194190 0.0000010 1.1782530 0.6014593 1.4970571 1.3726628 1.3726628 1.3550902 1.4714933 1.4714933 1.4412126 0.0000010 1.1669069 1.4234163 0.0000010 0.8303182 0.0000010 0.0000010 0.7865526 2.0802280 
Dpul_mRNA21865                                           0.9270704 1.0259208 0.8841199 0.8854007 0.8596892 0.8514628 0.8573458 0.8738968 0.9384215 0.8534386 0.9278488 0.9872731 0.9484030 1.1161835 1.1528383 1.0341678 0.7951816 1.0486551 0.9429188 0.8945105 0.9715663 0.6927037 0.7276417 0.7994690 1.0500496 1.1494226 0.8621631 1.2269431 1.0799340 1.0669438 0.6934645 0.8388849 0.7306612 0.7215030 0.7840205 0.5760556 0.7792458 0.0000000 0.8470259 1.1209065 1.1387284 1.0510343 0.8528013 0.8300231 0.8427244 0.9899865 1.0377976 0.8761328 0.8538666 0.7570645 1.2250684 1.2974980 1.2994287 1.1820422 1.2931839 2.0113201 1.4419383 1.4349698 1.9288092 1.0520831 1.3401464 1.3343184 1.5650318 1.7785815 1.3763699 1.2921226 1.3302095 1.3865770 1.3977086 1.5434047 1.4213123 1.4213123 1.3036978 1.3036978 1.1504336 1.3324975 0.8479409 1.2186676 1.1868373 1.1868373 1.2142052 1.2392972 1.2338224 1.2153749 1.0595080 1.4574446 1.5286967 1.7414224 1.3028338 1.3806233 1.1826406 1.1563291 2.4251272 
Acagra_model.g19224.t1                                   0.8506323 0.8401231 0.9668058 0.9504053 0.9120877 0.9308698 0.9435679 0.9588339 0.8763340 0.9804274 0.9876351 0.9943031 0.9482151 1.0997002 1.0769233 1.0224992 0.7269293 1.0283128 0.9527991 0.9549280 0.9865727 1.0538831 0.7949820 1.0941430 0.8461477 0.9127079 0.6676253 1.2375257 1.0594806 1.0511630 0.5844594 0.6437412 0.6797904 0.8494084 0.9072212 0.7795546 0.5721492 0.8470259 0.0000000 1.2602538 1.2624173 1.0332944 0.8814406 0.8005816 0.9788664 0.9277675 0.9201369 0.9333819 0.6805168 0.5871573 1.2112347 1.2959752 1.3377237 1.3519461 1.3317138 1.7551176 1.3348942 1.3340534 1.7537062 1.3918538 1.2750656 1.3571418 1.7635472 1.7029037 1.3451708 1.4543793 1.4177542 1.4483335 1.4140290 1.4869404 1.5601816 1.5535949 1.4281541 1.4212977 1.2025945 1.2535697 0.7719071 1.1920238 1.1614167 1.1614167 1.1658705 1.1700826 1.1589337 1.1906508 0.9967678 1.3322787 1.3586708 1.9575901 0.9805564 1.3260353 1.0510438 1.3652678 1.9409088 
Emue_Em0005g1268a.t1                                     1.1920137 1.0492280 1.1744758 1.0912293 1.0543317 1.1419733 1.1465361 1.2042384 1.1137250 1.1114520 1.2247926 1.2457497 1.2022928 1.3038802 1.2516629 1.1070995 1.0299694 1.1990503 1.1383467 1.0494794 1.2068984 0.9933226 0.9662331 1.1703626 1.0573737 0.9652134 0.7749147 1.0989058 0.7783306 0.9042846 1.0039253 1.0613921 1.0405958 0.7523893 1.1790236 1.0861798 1.0786689 1.1209065 1.2602538 0.0000000 0.1148784 0.6777784 0.6576355 0.6053754 0.7802891 1.1488957 1.1510851 1.1986585 0.9310519 1.0891641 1.2099141 1.2648120 1.2847010 1.2064579 1.2386345 1.3203754 1.4083836 1.4075515 1.8379418 1.1500769 1.3473437 1.3035772 1.5245312 1.5549079 1.3356397 1.2807710 1.2888115 1.3821207 1.4163737 1.5981814 1.5383404 1.5383404 1.3764767 1.3764767 1.1828395 1.2750322 1.2188038 1.1683521 1.1882473 1.1882473 1.1696453 1.1987151 1.1659574 1.0571315 1.1745885 0.8800157 0.8201804 1.9438085 0.9357730 1.3873315 1.6326353 1.5537433 1.8742802 
