73
Tetwil_g1888.t1                                         0.0000000 5.9228993 5.1239221 0.0000010 2.3594234 2.3594234 2.3594234 2.1653586 1.7296063 1.8893764 1.7999474 2.2046275 2.2489323 2.0727609 2.1689200 2.2842386 1.7778181 1.5502660 2.7870521 2.5828981 0.0000010 1.5717807 2.9899394 1.9025967 1.7552754 2.2199151 2.1284801 2.0797662 1.5893146 1.2743295 1.2743295 1.5608541 1.5723549 1.5121523 1.4554302 1.5078103 1.4866063 1.4866063 0.0000010 0.0000010 0.0000010 3.0174015 3.0174015 3.0084421 3.0084421 2.8757428 2.9383105 2.9383105 2.4248053 2.0009611 1.4249738 0.0000010 0.0000010 2.0822027 2.2108883 1.6686720 2.4643774 5.5680822 0.0000010 0.0000010 2.3781754 2.4848425 7.2033420 4.3213277 3.3104757 4.1296570 2.1380204 6.9176343 4.1296570 0.0000010 0.0000010 2.7536314 5.8244776 
Lcom_lcpid51353                                         5.9228993 0.0000000 1.1636514 1.0041858 2.9809425 2.8381648 3.0220159 2.5508292 2.6328053 2.4930579 2.5619268 2.4814235 2.4969405 2.5976215 2.3789111 2.8038016 2.3731174 2.4391331 2.7337942 2.6398229 2.7762647 2.1704163 2.6065715 2.6065976 2.6470539 2.5954359 2.6783393 2.6373978 2.4085283 2.9164846 2.5441406 2.7264694 2.8367237 2.7851355 2.7483408 2.7325292 2.8918039 2.8864879 3.2971372 3.4769384 2.9976964 2.8346493 2.9499089 2.8870121 2.9079802 2.3596149 2.4687204 3.0103167 2.8206618 2.8766504 3.0253489 2.6218504 2.6998260 3.0916151 3.3585739 3.4553128 2.8423427 2.8089610 2.6265058 2.4486484 2.9600084 2.9090624 2.7046467 2.8016255 2.7129371 2.7384312 3.0479922 3.2635988 2.8987154 2.6923711 2.7094999 2.7863266 2.2632161 
Gracom_Gcom_scaffold18350_01                            5.1239221 1.1636514 0.0000000 1.1338669 2.9591140 2.8771203 2.9964391 2.5769912 2.5884410 2.5639369 2.5368126 2.5232314 2.6263954 2.5796310 2.5206537 2.9993836 2.5968288 2.5391554 2.6460584 2.4797776 2.8715685 2.1823193 2.5076821 2.5367964 2.6469069 2.5801878 2.6748968 2.5767839 2.5914935 2.7583191 2.3553613 2.5798283 2.6341798 2.5539636 3.1389958 2.8080829 2.8669051 2.8635150 3.3898122 3.8736821 3.4595357 2.8118239 2.9516406 2.8534257 2.8746350 2.2863539 2.2786145 2.9448978 2.8754290 2.9723302 2.9071206 2.9189789 3.0322867 3.1601621 3.2260583 3.4447195 3.0041339 3.0412540 2.7075607 2.5200418 2.7278627 2.9778080 3.3854994 2.8480439 2.6354390 2.7729431 2.8468482 3.0692231 2.9572491 2.8340971 3.0128089 2.8828597 2.0730756 
Leuniv_Lniv_scaffold13675_01                            0.0000010 1.0041858 1.1338669 0.0000000 1.4873662 3.3343177 1.4873662 2.8391522 2.9131275 3.1210694 3.1181775 2.6946182 2.8262723 2.9626260 1.7063231 3.2840950 2.9179709 2.8468869 2.8937495 1.6235147 3.0295881 2.2991828 2.7199374 2.8024591 2.9020405 2.9256786 3.1282755 2.7588446 2.9755767 3.3457446 2.0565740 3.3973263 3.2175833 3.4932228 1.1457623 2.9746273 3.1997674 3.1884051 3.1907277 2.9261067 2.8692765 3.5257155 3.8798260 3.5382934 3.5997076 2.3217336 2.1072544 3.6912622 3.1577504 3.3626543 4.3850972 4.8578394 4.8578394 3.8342963 4.2210276 4.1301962 2.9849567 3.1218829 3.1858458 2.8126050 3.2408917 3.1680680 5.8106101 2.4432095 2.2547726 2.9641270 3.0026995 3.2718622 1.2723992 2.6855029 3.0187911 4.2795113 3.9810864 
Tcas_TC006903_001                                       2.3594234 2.9809425 2.9591140 1.4873662 0.0000000 0.0120032 0.0120027 0.7795296 0.7705117 0.9036420 0.9737218 0.8825856 0.9206288 0.8891358 0.9714460 1.3214743 0.8209903 0.8570954 1.2292195 1.1899055 0.0000010 1.8424402 1.1440067 0.6513878 0.8899217 0.7588580 0.7750238 0.7713481 1.0010526 1.0367197 1.0367197 1.1387584 1.1372552 1.1415698 1.1599614 1.1360532 1.1437271 1.1437271 0.0000010 2.6690144 3.4449721 1.5635788 1.5635788 1.6086295 1.6086295 1.5793571 1.4881516 1.4703692 1.1331212 1.3751872 2.5109344 2.4815423 6.4742866 2.2033126 2.2662841 2.4894981 2.3697085 4.0366887 0.0000010 0.0000010 1.8873623 0.9694458 3.7590150 2.2245692 1.5802052 1.8707071 2.6812598 4.3600668 1.7528346 1.1467127 1.3906173 2.0563092 2.5661729 
Tcas_TC000032_001                                       2.3594234 2.8381648 2.8771203 3.3343177 0.0120032 0.0000000 0.0120231 1.1564248 1.0995899 1.2880590 1.4629049 1.2200647 1.2634732 1.2631023 0.8661173 1.4187815 1.3314960 1.3675362 1.5305099 0.9014662 1.9711041 1.2299090 1.5385979 1.0475773 1.1236886 1.1281204 1.1976444 1.1047751 1.1804483 1.6313407 1.0253378 1.4367043 1.4454809 1.2847030 1.2147261 1.5400999 1.6047131 1.6018141 3.0261385 2.6101474 2.5041887 1.8293339 1.9173730 1.8428896 1.8597639 1.3277566 1.2580876 1.7742018 1.2440383 1.8865483 2.0189110 1.7718200 2.1999310 2.3355669 2.3133634 2.5463478 2.5986330 2.5903004 2.4276255 2.1122693 2.2950850 2.1063965 2.4447027 1.5429162 1.3121000 2.0787713 2.4580272 2.5244488 1.7524874 1.5652931 1.9250503 1.9325051 2.3382320 
Tcas_TC006902_001                                       2.3594234 3.0220159 2.9964391 1.4873662 0.0120027 0.0120231 0.0000000 0.7754125 0.7626501 0.8954947 0.9658175 0.8742470 0.9160001 0.8807821 0.9631603 1.3112018 0.8469160 0.8892499 1.2655930 1.2256583 0.0000010 1.8424402 1.1779073 0.6474668 0.8856173 0.7511316 0.7671336 0.7671337 0.9966070 1.0508815 1.0508815 1.1460812 1.1521765 1.1565267 1.1753047 1.1511964 1.1589273 1.1589273 0.0000010 2.7207004 3.4449721 1.5760586 1.5760586 1.6214595 1.6214595 1.5919093 1.4832183 1.4654364 1.1394211 1.3993220 2.5051621 2.4815423 6.4742866 2.1964395 2.2639104 2.4861595 2.3697085 4.0366887 0.0000010 0.0000010 1.9412382 0.9694458 3.9568586 2.2186748 1.5752337 1.8746791 3.2504834 4.3600668 1.7566336 1.2231912 1.3906173 2.0684472 2.6366232 
Bralan_BLAG17000299_1                                   2.1653586 2.5508292 2.5769912 2.8391522 0.7795296 1.1564248 0.7754125 0.0000000 0.6573649 0.9081745 0.9728590 0.8748209 0.8790560 0.9166718 0.4085662 1.1126846 0.9374261 0.9428049 1.1891867 0.6595876 1.5263843 1.3314123 1.1742102 0.8275639 0.6785963 0.7933080 0.8711916 0.7576842 0.8636788 1.2635145 0.8242881 1.1213348 1.1310269 0.9946447 0.9468161 1.2251790 1.3275951 1.3449793 2.1680550 2.3761242 2.1760265 1.4781145 1.5311574 1.5149897 1.5267377 0.9590525 0.8939114 1.4312941 1.1757104 1.5782004 1.5402769 1.4132526 1.6228952 2.0651856 1.9688879 2.2491772 2.2976417 2.5293821 2.0771649 1.9619595 1.9276656 2.0051610 2.0500144 1.3216434 1.0822479 1.6267770 2.0571543 2.2195934 1.3718610 1.4118477 1.8376247 1.7721981 2.3201618 
Hsap_ENST00000531206                                    1.7296063 2.6328053 2.5884410 2.9131275 0.7705117 1.0995899 0.7626501 0.6573649 0.0000000 0.9081876 1.0051293 0.9181590 0.9459996 0.9308750 0.4664975 1.1001984 1.0196880 0.9795747 1.1554290 0.7351007 1.4284712 1.0385379 1.1025613 0.7947918 0.6751669 0.7396749 0.8252279 0.7663734 0.8114637 1.2461787 0.8526121 1.1539180 1.1983977 1.0580599 0.9997696 1.2245319 1.2680636 1.2898850 2.2014815 2.1570410 2.0881290 1.4226648 1.4624426 1.4370566 1.4423597 0.9233831 0.8679624 1.3749702 1.0975216 1.4993666 1.7878797 1.6807914 2.0118031 2.1259187 2.0357799 2.3823156 2.4540583 2.1189711 1.9400742 1.8419508 1.9191537 1.9922979 2.1449417 1.3410008 1.1045858 1.6706561 2.0400233 2.1522018 1.3099874 1.4765322 1.8098190 1.7856870 2.1616279 
Exapal_XM_021061791.2                                   1.8893764 2.4930579 2.5639369 3.1210694 0.9036420 1.2880590 0.8954947 0.9081745 0.9081876 0.0000000 0.3849779 0.4134762 0.4508037 0.4519431 0.2717694 0.6407613 0.7150645 0.7364022 1.0040621 0.6006046 1.2513409 1.0309437 1.0390884 0.9819813 0.9060017 0.8808532 0.9971293 0.8983662 1.0007904 1.2699636 0.7960223 1.1484271 1.1235495 1.0037882 0.8847192 1.1858481 1.2837570 1.2934152 2.1392625 2.1945628 1.8664067 1.4571220 1.5071608 1.4773026 1.4968519 0.9517466 0.8996382 1.4316250 1.3641969 1.3873805 1.5442405 1.3442482 1.5541060 2.0329430 1.8667764 2.2176165 2.3012383 2.1170252 2.0890422 1.7230209 1.9574281 1.9117761 1.9737516 1.3417472 1.1511133 1.7003264 2.1269584 2.1450101 1.3555335 1.3763827 1.5794463 1.7542214 2.3884206 
Nvec_v1g30881                                           1.7999474 2.5619268 2.5368126 3.1181775 0.9737218 1.4629049 0.9658175 0.9728590 1.0051293 0.3849779 0.0000000 0.4533175 0.4819235 0.4777827 0.2262392 0.6762136 0.7352609 0.7259398 1.1049604 0.6271521 1.3927366 1.0666984 1.0759681 1.0640754 0.9659047 0.9255479 1.0860625 0.9396320 1.1001778 1.2800044 0.8467078 1.1817306 1.1644691 1.0423256 0.9632420 1.2515506 1.3103769 1.3357602 2.3520041 2.2613141 1.9536284 1.5250165 1.5891632 1.5342715 1.5451803 1.0144252 0.9555320 1.4706523 1.4682866 1.4886877 1.6150956 1.4730594 1.6426224 2.0532029 1.9534635 2.3101009 2.3197350 2.1819265 2.1595596 1.6455342 2.0424457 2.0756321 1.9820784 1.3412725 1.1992834 1.7986485 2.2111592 2.2332038 1.4392900 1.4325936 1.6271645 1.7739287 2.3768403 
Gasp_gasp1.m3.17387.m1                                  2.2046275 2.4814235 2.5232314 2.6946182 0.8825856 1.2200647 0.8742470 0.8748209 0.9181590 0.4134762 0.4533175 0.0000000 0.1180642 0.1141758 0.1116291 0.3206592 0.6262002 0.6400438 0.9209984 0.5490277 1.1340698 0.9587162 0.9322693 0.9288262 0.8745324 0.8730542 0.9517733 0.8743598 0.9926361 1.2374393 0.8111252 1.0724899 1.1012944 0.9931892 0.9022982 1.1482352 1.1941026 1.1899867 1.7662567 2.0580083 1.8285604 1.2687286 1.3096082 1.2670701 1.2851531 0.9118013 0.8548417 1.2293011 1.3196613 1.4033307 1.6119048 1.5189073 1.8029508 1.8725208 1.7521126 2.1451077 2.3699328 2.0876493 2.1869542 1.7553295 1.8693663 1.7728247 2.0089879 1.2802377 1.1022814 1.4962237 2.0085293 2.0053565 1.3806881 1.2423602 1.4148983 1.5989691 2.3389862 
Spis_XP_022797583_1                                     2.2489323 2.4969405 2.6263954 2.8262723 0.9206288 1.2634732 0.9160001 0.8790560 0.9459996 0.4508037 0.4819235 0.1180642 0.0000000 0.1312210 0.1168864 0.3679408 0.6781196 0.6857384 1.0459357 0.5649040 1.2957763 1.0045910 1.0087985 0.9765150 0.9080049 0.9017846 1.0049174 0.9224020 1.0368745 1.2596571 0.8128141 1.1134787 1.1586852 1.0465043 0.9294929 1.1634083 1.2171633 1.2485471 1.7631318 2.1369443 1.8227771 1.3747383 1.4252003 1.3810356 1.3992085 0.9110199 0.8617559 1.3384528 1.3083300 1.4236442 1.5924398 1.4803829 1.7151813 1.9796687 1.9031176 2.2552382 2.3246026 2.1120782 2.2082178 1.8355166 1.9220758 1.7963998 2.0263113 1.2422633 1.0655988 1.6631092 2.1136572 2.1734449 1.3483124 1.3179032 1.4652659 1.7842053 2.3199905 
Fspp_ffun1.m4.7743.m1                                   2.0727609 2.5976215 2.5796310 2.9626260 0.8891358 1.2631023 0.8807821 0.9166718 0.9308750 0.4519431 0.4777827 0.1141758 0.1312210 0.0000000 0.0928608 0.3185274 0.6669179 0.6633279 0.9926693 0.5570899 1.2409222 0.8731343 0.9614189 0.9664045 0.9023055 0.8989066 0.9903456 0.9433893 1.0387192 1.2549786 0.8074590 1.0924328 1.1388563 0.9880056 0.9317112 1.1558042 1.2183598 1.2499356 1.7543358 2.1801487 1.9192536 1.2942613 1.3395748 1.2977664 1.3156599 0.8792832 0.8286768 1.2636851 1.3911357 1.4275803 1.5849769 1.4672997 1.7259982 1.9810755 1.8439211 2.2141976 2.4499485 2.0556250 2.1004290 1.6835915 1.8335755 1.8067506 2.0438672 1.2687821 1.0928594 1.5802635 2.0384038 2.0885320 1.3481978 1.2583171 1.4835193 1.7002963 2.3547357 
Gfas_gfas1.m1.3975.m1                                   2.1689200 2.3789111 2.5206537 1.7063231 0.9714460 0.8661173 0.9631603 0.4085662 0.4664975 0.2717694 0.2262392 0.1116291 0.1168864 0.0928608 0.0000000 0.3124252 0.5022309 0.4483026 0.7325860 0.7070529 0.0000010 0.0000010 0.7872429 0.5865177 0.4837797 0.5372813 0.5275903 0.6008020 0.6659331 0.7598830 0.7598830 0.8330581 0.8014525 0.8056892 0.9383590 0.7971908 0.8271163 0.8271163 0.0000010 6.6790555 2.2703641 1.0484482 1.0484482 1.0772422 1.0772422 1.0781177 0.9974906 0.9974906 1.0576815 0.9342387 1.7382429 1.3908953 5.5337655 1.7826222 1.6872943 1.7361065 2.2892863 4.2195991 2.4916328 0.0000010 1.6714721 1.0296912 3.7416536 1.6938558 1.2558105 1.5145158 5.7779024 3.5415537 1.5298280 0.7905106 1.3931289 1.6132653 2.7629093 
Amil_Amillepora27919-RA                                 2.2842386 2.8038016 2.9993836 3.2840950 1.3214743 1.4187815 1.3112018 1.1126846 1.1001984 0.6407613 0.6762136 0.3206592 0.3679408 0.3185274 0.3124252 0.0000000 0.8626422 0.8618562 1.2667369 0.8867317 1.4188429 1.1852884 1.2479974 1.1198886 1.1141934 1.0662750 1.2100476 1.0870593 1.2256203 1.4233287 1.1078882 1.3888347 1.4063825 1.3335514 1.2196157 1.4364404 1.4397830 1.4443161 1.4481771 2.2208205 2.3080749 1.5492555 1.5524155 1.5534927 1.5689966 1.0892437 1.0469244 1.5029207 1.4486240 1.6931158 1.7950514 1.4787862 1.6520153 2.3935483 2.1762676 2.4925276 2.5808866 2.5954812 2.4693676 2.0443562 2.2488240 2.1178321 2.0015579 1.7011540 1.3809801 1.9712557 2.5171699 2.5062239 2.1319847 1.3842727 1.5830325 1.9268860 2.5648244 
Dgig_XM_028537553.1                                     1.7778181 2.3731174 2.5968288 2.9179709 0.8209903 1.3314960 0.8469160 0.9374261 1.0196880 0.7150645 0.7352609 0.6262002 0.6781196 0.6669179 0.5022309 0.8626422 0.0000000 0.2406292 1.0270869 0.6657807 1.2406668 0.9462465 1.0082215 1.0430330 0.9139360 0.9350166 1.0620828 1.0075424 1.0371642 1.3412986 0.8834133 1.2502715 1.2341221 1.1154422 0.9456275 1.2160321 1.3137624 1.3115879 2.1002477 2.3612787 2.0532966 1.4511192 1.5144605 1.4620884 1.4870784 1.0162281 0.9720769 1.4324378 1.3680036 1.4447745 1.6857031 1.5520614 1.9152887 2.1266450 2.0326764 2.2181527 2.1034600 2.1284431 2.0095250 1.7374599 1.8680749 1.8085363 2.0175911 1.4037142 1.2750121 1.6980821 1.8944390 2.0186498 1.5163657 1.3968241 1.5936816 1.7741012 2.0624756 
Xesp_022201-T1                                          1.5502660 2.4391331 2.5391554 2.8468869 0.8570954 1.3675362 0.8892499 0.9428049 0.9795747 0.7364022 0.7259398 0.6400438 0.6857384 0.6633279 0.4483026 0.8618562 0.2406292 0.0000000 1.0162353 0.6357319 1.2917770 0.9016300 0.9970478 1.0705478 0.8761665 0.9403479 1.0355061 1.0243304 1.0169732 1.3980905 0.9488432 1.2960205 1.2782963 1.1387374 0.9961777 1.2437142 1.3400650 1.3351227 2.1274373 2.2047126 1.9636336 1.4813757 1.5452250 1.4722345 1.4975867 0.9985738 0.9598233 1.4392654 1.4870383 1.5091832 1.7181785 1.6016769 1.9815511 2.1641752 2.1418411 2.3142106 2.2277641 2.1564583 2.2160174 1.8772025 1.9706593 1.8931935 2.0911973 1.2754418 1.2011316 1.6923697 1.9039296 1.9937685 1.3852122 1.3395580 1.5827308 1.7581978 2.2206680 
Rhoesc_Res_004437-T1                                    2.7870521 2.7337942 2.6460584 2.8937495 1.2292195 1.5305099 1.2655930 1.1891867 1.1554290 1.0040621 1.1049604 0.9209984 1.0459357 0.9926693 0.7325860 1.2667369 1.0270869 1.0162353 0.0000000 0.0647837 0.1010565 0.2909235 0.4400799 1.3028079 1.1748849 1.1984374 1.2930808 1.1828604 1.3251534 1.5090387 1.1376180 1.4614234 1.4508084 1.3514388 1.2812512 1.4242252 1.5393239 1.5487211 2.2139572 2.4815912 2.2295060 1.6108788 1.6641454 1.6199927 1.6389488 1.2361870 1.1842167 1.6243176 1.7140965 1.6488286 1.9322881 1.6764629 2.0401455 2.3443768 2.2567907 2.5206544 2.3915287 2.3840999 2.2781046 1.8778048 2.2450408 2.1664533 2.4858037 1.4366117 1.1011923 1.9374179 2.1940065 2.4631496 1.8139513 1.1569050 1.3207363 2.0428013 2.5238472 
Nemnom_g3187.t1                                         2.5828981 2.6398229 2.4797776 1.6235147 1.1899055 0.9014662 1.2256583 0.6595876 0.7351007 0.6006046 0.6271521 0.5490277 0.5649040 0.5570899 0.7070529 0.8867317 0.6657807 0.6357319 0.0647837 0.0000000 0.0000010 0.0000010 0.2903388 0.7558335 0.7123714 0.6767578 0.7027574 0.6920848 0.8164062 0.9228790 0.9228790 0.9628758 0.9800786 0.9627360 1.1587181 0.9463459 0.9626021 0.9626021 0.0000010 4.2913853 3.4392004 1.1065204 1.1065204 1.1131722 1.1131722 1.1578484 1.0742993 1.0739964 1.1773829 1.1130029 1.9302645 1.2433690 2.7521482 2.1071819 1.9568420 2.0397954 1.8713550 4.3392234 2.5418369 0.0000010 1.9618975 1.5938494 2.6890863 1.4351990 1.0492741 1.4845232 3.1113715 6.5323973 1.7708508 0.5958720 2.2934971 1.6636855 2.5599116 
Nemnom_g3188.t1                                         0.0000010 2.7762647 2.8715685 3.0295881 0.0000010 1.9711041 0.0000010 1.5263843 1.4284712 1.2513409 1.3927366 1.1340698 1.2957763 1.2409222 0.0000010 1.4188429 1.2406668 1.2917770 0.1010565 0.0000010 0.0000000 0.3350919 0.5134904 1.6818663 1.4525730 1.5368806 1.7051661 1.5796617 1.7076166 2.0249039 2.1622014 2.3607064 2.3025949 2.3454604 9.0000000 1.8960347 2.0355851 2.0187517 2.2419205 2.2593487 2.2412381 1.9508870 2.0482722 1.9644287 1.9996731 1.5039747 1.4680492 1.9797212 1.9769339 2.0141298 2.0091525 2.0091525 2.0091525 2.5364566 2.4967840 2.8599184 2.4039804 1.9796239 2.2308025 1.8671251 2.3879699 2.1970632 2.0390683 1.6408352 1.3311336 2.2412026 2.1090309 2.2924311 0.0000010 1.3136854 1.2991034 2.5212408 2.6351461 
Aaur_scaffold1320.g1.t1                                 1.5717807 2.1704163 2.1823193 2.2991828 1.8424402 1.2299090 1.8424402 1.3314123 1.0385379 1.0309437 1.0666984 0.9587162 1.0045910 0.8731343 0.0000010 1.1852884 0.9462465 0.9016300 0.2909235 0.0000010 0.3350919 0.0000000 0.5737467 1.0462383 1.2028063 1.0674513 1.0480095 1.0466926 1.2651645 1.6212837 8.8023053 0.7595217 0.7595217 0.7595217 0.7595217 1.5867852 1.5624625 1.5624625 1.1671977 1.5659375 1.6148770 1.3737892 1.5438209 1.3960091 1.3941544 0.8278412 0.8278412 1.4727405 1.2950452 1.4632637 3.6932203 3.5774624 3.5774624 2.1029197 2.6827212 2.0776105 2.2586646 1.7072575 1.9573468 2.1860122 1.9912009 1.7318133 0.0000010 1.1495499 2.0657043 1.6928260 1.6928260 1.6928260 0.0000010 1.1955892 0.8952480 2.9012749 9.0000000 
Sanmal_Sma_023290-T1                                    2.9899394 2.6065715 2.5076821 2.7199374 1.1440067 1.5385979 1.1779073 1.1742102 1.1025613 1.0390884 1.0759681 0.9322693 1.0087985 0.9614189 0.7872429 1.2479974 1.0082215 0.9970478 0.4400799 0.2903388 0.5134904 0.5737467 0.0000000 1.2756918 1.1453330 1.2223063 1.2951177 1.1973029 1.2767750 1.5933679 1.2066939 1.5123910 1.5237302 1.4114004 1.3309958 1.4609780 1.5824574 1.5966495 2.5184805 2.3618917 2.1734790 1.6100420 1.6503557 1.6145891 1.6339329 1.2166478 1.1457300 1.5638061 1.6944775 1.7096740 1.9458300 1.6854718 1.9718190 2.3368207 2.1782224 2.5500775 2.4666634 2.3106197 2.1528253 1.8547918 2.1443016 2.1349255 2.6528128 1.2948880 1.1317830 1.8961397 2.1640577 2.3931727 1.5284422 1.1265452 1.4098665 1.9986827 2.2977615 
Cscu_XM_023388851.1                                     1.9025967 2.6065976 2.5367964 2.8024591 0.6513878 1.0475773 0.6474668 0.8275639 0.7947918 0.9819813 1.0640754 0.9288262 0.9765150 0.9664045 0.5865177 1.1198886 1.0430330 1.0705478 1.3028079 0.7558335 1.6818663 1.0462383 1.2756918 0.0000000 0.7804503 0.8745449 0.9408567 0.8497953 0.9321268 1.4048960 0.8871300 1.2027590 1.2579771 1.1205563 0.9156336 1.3374136 1.3130317 1.3430532 2.2271417 2.3976210 2.2136924 1.6246737 1.6886088 1.6571313 1.6764660 1.1932842 1.1628131 1.5621288 1.0766109 1.6377340 1.8421799 1.7771342 2.1760628 2.2728816 2.1453281 2.3243862 2.2338585 2.2135283 2.0215375 1.7500627 1.9145090 1.9386886 2.2925012 1.4099746 1.2378247 1.7491290 2.0189152 2.2033562 1.3931026 1.5031420 1.7810892 1.8621178 2.1769346 
Skow_XM_002739907.2                                     1.7552754 2.6470539 2.6469069 2.9020405 0.8899217 1.1236886 0.8856173 0.6785963 0.6751669 0.9060017 0.9659047 0.8745324 0.9080049 0.9023055 0.4837797 1.1141934 0.9139360 0.8761665 1.1748849 0.7123714 1.4525730 1.2028063 1.1453330 0.7804503 0.0000000 0.7385264 0.8353920 0.8379912 0.7239750 1.2722155 0.8320611 1.1406976 1.1847790 1.0317609 0.9990715 1.1830132 1.2457623 1.2650645 2.2510766 2.1658839 2.0301222 1.4422844 1.4888769 1.4720055 1.4800860 0.9972865 0.9140233 1.3713847 1.2273850 1.5755033 1.6858243 1.4661940 1.7664386 2.1284461 1.8762425 2.3076734 2.2025804 2.1473169 2.0446049 1.8754324 2.0138251 1.7523914 1.9828027 1.3686894 1.0778730 1.8462182 2.1533177 2.2848630 1.6403667 1.4151890 1.8779865 1.7869014 2.2875592 
Acagra_model.g21295.t1                                  2.2199151 2.5954359 2.5801878 2.9256786 0.7588580 1.1281204 0.7511316 0.7933080 0.7396749 0.8808532 0.9255479 0.8730542 0.9017846 0.8989066 0.5372813 1.0662750 0.9350166 0.9403479 1.1984374 0.6767578 1.5368806 1.0674513 1.2223063 0.8745449 0.7385264 0.0000000 0.6768678 0.6617587 0.8981655 1.2490792 0.8185619 1.0416692 1.0909286 0.9627032 0.9191588 1.1933813 1.2120906 1.2201516 2.4148243 2.2458805 2.2081814 1.4919904 1.5339121 1.4998333 1.5082987 1.0252939 0.9686692 1.4547952 1.1827754 1.4844556 1.6265611 1.5293760 1.7826298 2.0415673 1.8445004 2.0997190 2.2303722 2.4618236 2.1800100 1.9936135 1.9619344 2.0897157 1.8746063 1.3877984 1.1959670 1.6758646 2.1747368 2.3347525 1.4837410 1.3490138 1.4876103 1.8541063 2.1538268 
Cgig_XM_011425581.3                                     2.1284801 2.6783393 2.6748968 3.1282755 0.7750238 1.1976444 0.7671336 0.8711916 0.8252279 0.9971293 1.0860625 0.9517733 1.0049174 0.9903456 0.5275903 1.2100476 1.0620828 1.0355061 1.2930808 0.7027574 1.7051661 1.0480095 1.2951177 0.9408567 0.8353920 0.6768678 0.0000000 0.8186494 0.9300958 1.3051999 0.8714117 1.1429449 1.1638060 1.0433940 1.0411735 1.2604379 1.2969651 1.3022748 2.5884078 2.4584628 2.2070614 1.5706875 1.6224860 1.6009638 1.6281632 1.0806114 1.0278597 1.5563462 1.2790705 1.4879856 1.7591657 1.6066499 1.8936381 2.2761616 1.9609476 2.3033948 2.8007115 2.3960190 2.1480329 1.7214101 2.0811837 1.9332448 2.1651700 1.3619809 1.1539865 1.7229404 2.2305471 2.3969209 1.3698046 1.4644082 1.6849300 1.8306288 2.1704880 
Ctel_gnl_WGS_AMQN_CAPTEDRAFT_mRNA228054                 2.0797662 2.6373978 2.5767839 2.7588446 0.7713481 1.1047751 0.7671337 0.7576842 0.7663734 0.8983662 0.9396320 0.8743598 0.9224020 0.9433893 0.6008020 1.0870593 1.0075424 1.0243304 1.1828604 0.6920848 1.5796617 1.0466926 1.1973029 0.8497953 0.8379912 0.6617587 0.8186494 0.0000000 0.8861741 1.3710919 0.8574313 1.1804346 1.2032347 1.1247923 1.0424836 1.4111001 1.3857603 1.4202716 2.2805397 3.3211827 2.9714169 1.4923501 1.4973411 1.5275704 1.5248619 1.0111618 0.9742125 1.4464721 1.2856333 1.4049555 1.5469686 1.4260767 1.6657826 2.1631440 1.9968837 2.3076725 2.7797841 2.7607509 2.5106303 2.4128262 2.0108835 2.1863309 2.0164283 1.4557061 1.2225455 1.7916240 2.7400295 2.8242173 1.4173112 1.5246415 1.9804734 1.8749350 2.3500073 
Spur_XM_030974032.1                                     1.5893146 2.4085283 2.5914935 2.9755767 1.0010526 1.1804483 0.9966070 0.8636788 0.8114637 1.0007904 1.1001778 0.9926361 1.0368745 1.0387192 0.6659331 1.2256203 1.0371642 1.0169732 1.3251534 0.8164062 1.7076166 1.2651645 1.2767750 0.9321268 0.7239750 0.8981655 0.9300958 0.8861741 0.0000000 1.4184605 0.9398551 1.2654257 1.2615390 1.1515015 1.1304961 1.3409935 1.4058890 1.4276047 2.3452063 2.5083612 2.2231456 1.5212570 1.5767299 1.5629444 1.5812060 0.9923271 0.9234941 1.4912312 1.2501840 1.5275216 1.7826286 1.6020108 1.8996347 2.1427378 2.0220272 2.3896193 2.5049202 2.2025981 2.1636192 1.9294015 2.0717879 1.9767990 2.1602081 1.4746657 1.1646886 1.8166774 2.2855737 2.4039128 1.5778505 1.5030869 1.9427001 1.7141774 2.2775372 
Beraby_Baby_sb345067                                    1.2743295 2.9164846 2.7583191 3.3457446 1.0367197 1.6313407 1.0508815 1.2635145 1.2461787 1.2699636 1.2800044 1.2374393 1.2596571 1.2549786 0.7598830 1.4233287 1.3412986 1.3980905 1.5090387 0.9228790 2.0249039 1.6212837 1.5933679 1.4048960 1.2722155 1.2490792 1.3051999 1.3710919 1.4184605 0.0000000 0.0113616 0.1126465 0.1939813 0.1555106 0.1846856 0.1300523 0.1988806 0.1988806 0.3122608 0.8893653 0.7190144 1.8221119 1.8394973 1.8219580 1.8226136 1.3215123 1.2810246 1.7401917 1.6450095 1.5635684 1.8985590 1.8131128 2.0904768 2.2212196 2.1913702 2.3568334 2.2547325 2.4456673 2.5744961 2.4048585 2.2750703 2.0814491 2.7493174 1.5985993 1.3243246 1.7577590 2.3594513 2.5223950 1.5778077 1.7958445 2.4462441 1.9499361 2.5783494 
Beraby_Baby_sb345069                                    1.2743295 2.5441406 2.3553613 2.0565740 1.0367197 1.0253378 1.0508815 0.8242881 0.8526121 0.7960223 0.8467078 0.8111252 0.8128141 0.8074590 0.7598830 1.1078882 0.8834133 0.9488432 1.1376180 0.9228790 2.1622014 8.8023053 1.2066939 0.8871300 0.8320611 0.8185619 0.8714117 0.8574313 0.9398551 0.0113616 0.0000000 0.0756738 0.1319519 0.1243950 0.1566955 0.0782915 0.1213407 0.1213407 0.0000010 2.6507975 1.9266421 1.3067724 1.3086745 1.3082862 1.3082862 1.3117196 1.2838280 1.2838280 1.0654918 1.1730945 1.8506787 1.6964631 2.0774223 2.1533697 2.1265406 2.1066835 2.0556596 3.3272040 4.9737204 0.0000010 1.9266773 1.8795369 2.8283388 1.5948653 1.3592869 1.3314488 3.1990191 3.8739559 1.5778077 1.4340932 4.2525087 1.6394945 2.5783494 
Drygla_Dgla_sb276188                                    1.5608541 2.7264694 2.5798283 3.3973263 1.1387584 1.4367043 1.1460812 1.1213348 1.1539180 1.1484271 1.1817306 1.0724899 1.1134787 1.0924328 0.8330581 1.3888347 1.2502715 1.2960205 1.4614234 0.9628758 2.3607064 0.7595217 1.5123910 1.2027590 1.1406976 1.0416692 1.1429449 1.1804346 1.2654257 0.1126465 0.0756738 0.0000000 0.2026170 0.1535383 0.2057834 0.0841243 0.1701102 0.1701102 0.3570213 2.4009705 2.0935130 1.7571290 1.7631493 1.7340219 1.7348335 1.3474087 1.3314691 1.6870333 1.5262820 1.3562323 1.8335956 1.6792417 1.9273445 2.3909058 2.2436488 2.3625078 2.0556596 3.3641169 3.2880974 1.9873294 2.0274934 2.1790959 2.7033704 1.6499844 1.3965048 1.7367584 3.9745755 4.7978545 1.7782678 1.9132379 3.8467213 1.8947573 2.6564891 
Vmul_Simscaffold5849_01                                 1.5723549 2.8367237 2.6341798 3.2175833 1.1372552 1.4454809 1.1521765 1.1310269 1.1983977 1.1235495 1.1644691 1.1012944 1.1586852 1.1388563 0.8014525 1.4063825 1.2341221 1.2782963 1.4508084 0.9800786 2.3025949 0.7595217 1.5237302 1.2579771 1.1847790 1.0909286 1.1638060 1.2032347 1.2615390 0.1939813 0.1319519 0.2026170 0.0000000 0.0690438 0.2157514 0.1706134 0.2151092 0.2397127 0.3753812 2.1396975 1.8027095 1.7946433 1.8118728 1.8145934 1.8154187 1.3387981 1.3187975 1.7508962 1.4807515 1.4753360 1.8324801 1.6778141 1.9620838 2.5056663 2.3242813 2.4894544 2.1169920 3.0264217 4.6874261 2.6642017 2.2579937 2.2161502 2.7857471 1.6539297 1.3203686 1.7519967 3.4431695 4.3312574 1.7737805 1.9286402 3.7329498 2.0028565 2.5118933 
Coemet_Cmet_scaffold6282_01                             1.5121523 2.7851355 2.5539636 3.4932228 1.1415698 1.2847030 1.1565267 0.9946447 1.0580599 1.0037882 1.0423256 0.9931892 1.0465043 0.9880056 0.8056892 1.3335514 1.1154422 1.1387374 1.3514388 0.9627360 2.3454604 0.7595217 1.4114004 1.1205563 1.0317609 0.9627032 1.0433940 1.1247923 1.1515015 0.1555106 0.1243950 0.1535383 0.0690438 0.0000000 0.2146842 0.1482011 0.1683899 0.1683899 0.0000010 3.3210182 3.3870678 1.5504610 1.5618116 1.5433179 1.5533465 1.3231887 1.3075169 1.5219803 1.3047381 1.3321233 1.7847701 1.6132605 1.8696932 2.4610216 2.3109995 2.3271344 2.3117190 3.3185439 3.9244722 2.6642017 2.1017678 2.4518294 2.7913992 1.6177166 1.3040032 1.5973587 2.9875484 3.6764181 1.7337424 1.7223005 4.7020686 1.9291308 2.5589627 
Eupdun_Edun_sb10622904                                  1.4554302 2.7483408 3.1389958 1.1457623 1.1599614 1.2147261 1.1753047 0.9468161 0.9997696 0.8847192 0.9632420 0.9022982 0.9294929 0.9317112 0.9383590 1.2196157 0.9456275 0.9961777 1.2812512 1.1587181 9.0000000 0.7595217 1.3309958 0.9156336 0.9990715 0.9191588 1.0411735 1.0424836 1.1304961 0.1846856 0.1566955 0.2057834 0.2157514 0.2146842 0.0000000 0.1870842 0.1875756 0.1875756 0.0000010 3.2418785 2.4175164 1.7400138 1.7400138 1.7473720 1.7473720 1.7040496 1.6513929 1.6513929 1.4096314 1.3565209 2.1289991 3.4906161 5.3750155 2.9629746 2.7654504 2.5574456 2.1661748 4.0391934 3.8293726 0.0000010 2.2032724 0.9425529 4.7534587 2.4061373 1.7019797 1.7020965 4.7324599 3.8525300 1.8426686 1.9010260 2.1534773 2.2652939 2.6717559 
Mlei_ML1430.g4.i1                                       1.5078103 2.7325292 2.8080829 2.9746273 1.1360532 1.5400999 1.1511964 1.2251790 1.2245319 1.1858481 1.2515506 1.1482352 1.1634083 1.1558042 0.7971908 1.4364404 1.2160321 1.2437142 1.4242252 0.9463459 1.8960347 1.5867852 1.4609780 1.3374136 1.1830132 1.1933813 1.2604379 1.4111001 1.3409935 0.1300523 0.0782915 0.0841243 0.1706134 0.1482011 0.1870842 0.0000000 0.1470413 0.1470413 0.2394266 0.7072119 0.6091901 1.7639040 1.8142453 1.7648914 1.8063304 1.2986327 1.2691891 1.7321562 1.6854324 1.5804818 1.9123094 1.8192472 2.3642948 2.3326610 2.3660405 2.4863810 2.4452140 2.2781684 2.3968854 2.1882380 2.2189704 1.9659483 3.3959455 1.6163970 1.3292678 1.8417777 2.3817491 2.4800527 1.6653238 1.7016218 2.0039726 2.0899225 2.5697061 
Horcal_Hcv1.av93.c1.g271.i1                             1.4866063 2.8918039 2.8669051 3.1997674 1.1437271 1.6047131 1.1589273 1.3275951 1.2680636 1.2837570 1.3103769 1.1941026 1.2171633 1.2183598 0.8271163 1.4397830 1.3137624 1.3400650 1.5393239 0.9626021 2.0355851 1.5624625 1.5824574 1.3130317 1.2457623 1.2120906 1.2969651 1.3857603 1.4058890 0.1988806 0.1213407 0.1701102 0.2151092 0.1683899 0.1875756 0.1470413 0.0000000 0.0000010 0.0000010 0.7519807 0.6106017 1.7978627 1.8438150 1.7964585 1.8335203 1.3216138 1.2989112 1.7417354 1.6058294 1.5659508 1.8716569 1.7678777 2.0857074 2.3700934 2.2869300 2.4643135 2.3665524 2.3919025 2.2869942 2.0888581 2.1545692 2.0246250 2.6395562 1.6294403 1.3737970 1.8427246 2.5503855 2.6842182 1.6520458 1.7547037 2.2000758 1.9698730 2.6031525 
Horcal_Hcv1.av93.c1.g271.i2                             1.4866063 2.8864879 2.8635150 3.1884051 1.1437271 1.6018141 1.1589273 1.3449793 1.2898850 1.2934152 1.3357602 1.1899867 1.2485471 1.2499356 0.8271163 1.4443161 1.3115879 1.3351227 1.5487211 0.9626021 2.0187517 1.5624625 1.5966495 1.3430532 1.2650645 1.2201516 1.3022748 1.4202716 1.4276047 0.1988806 0.1213407 0.1701102 0.2397127 0.1683899 0.1875756 0.1470413 0.0000010 0.0000000 0.0000010 0.7519807 0.6133429 1.8411626 1.8845712 1.8311655 1.8681373 1.3216138 1.2989112 1.7862852 1.6075819 1.6014245 1.8716569 1.7678777 2.0857074 2.4046425 2.3395267 2.5170563 2.3665524 2.3919025 2.2869942 2.0888581 2.1545692 2.0246250 2.6395562 1.6151873 1.3737970 1.8481685 2.5503855 2.6842182 1.6520458 1.7987508 2.2734766 2.0447781 2.6031525 
Pbac_sb2646806                                          0.0000010 3.2971372 3.3898122 3.1907277 0.0000010 3.0261385 0.0000010 2.1680550 2.2014815 2.1392625 2.3520041 1.7662567 1.7631318 1.7543358 0.0000010 1.4481771 2.1002477 2.1274373 2.2139572 0.0000010 2.2419205 1.1671977 2.5184805 2.2271417 2.2510766 2.4148243 2.5884078 2.2805397 2.3452063 0.3122608 0.0000010 0.3570213 0.3753812 0.0000010 0.0000010 0.2394266 0.0000010 0.0000010 0.0000000 0.2604059 0.3570197 2.4803127 2.4620181 2.4827751 2.4827751 0.0000010 0.0000010 2.2678722 3.2401507 2.4838581 3.8395189 3.8395189 3.8395189 2.6443371 2.2630439 3.3629998 2.2704818 1.9325067 2.5822643 3.5245917 2.6032408 2.3975014 0.0000010 0.7145601 3.0228195 2.0532121 2.0532121 2.1259973 0.0000010 1.9655849 2.3539645 2.4345941 0.0000010 
Lampan_Lpan_15005_01                                    0.0000010 3.4769384 3.8736821 2.9261067 2.6690144 2.6101474 2.7207004 2.3761242 2.1570410 2.1945628 2.2613141 2.0580083 2.1369443 2.1801487 6.6790555 2.2208205 2.3612787 2.2047126 2.4815912 4.2913853 2.2593487 1.5659375 2.3618917 2.3976210 2.1658839 2.2458805 2.4584628 3.3211827 2.5083612 0.8893653 2.6507975 2.4009705 2.1396975 3.3210182 3.2418785 0.7072119 0.7519807 0.7519807 0.2604059 0.0000000 0.3392129 3.0537432 3.2383050 3.0299813 3.1333385 4.2769796 3.9386885 2.9495476 2.7993718 2.8524743 4.1040034 3.8811841 4.0361353 3.1396114 6.6943553 4.0685324 2.4788696 1.9180141 2.3799581 2.0915072 2.7929274 2.0673280 4.2132659 4.5398813 4.2956239 3.0278790 2.4085236 2.5094986 4.2818207 2.2966965 2.0037749 4.8320174 5.6448346 
Coemet_Cmet_scaffold6281_01                             0.0000010 2.9976964 3.4595357 2.8692765 3.4449721 2.5041887 3.4449721 2.1760265 2.0881290 1.8664067 1.9536284 1.8285604 1.8227771 1.9192536 2.2703641 2.3080749 2.0532966 1.9636336 2.2295060 3.4392004 2.2412381 1.6148770 2.1734790 2.2136924 2.0301222 2.2081814 2.2070614 2.9714169 2.2231456 0.7190144 1.9266421 2.0935130 1.8027095 3.3870678 2.4175164 0.6091901 0.6106017 0.6133429 0.3570197 0.3392129 0.0000000 2.8098596 3.0028744 2.7659933 2.8760383 4.1310050 4.4420374 2.7130773 2.5261758 2.5783518 4.3734363 4.2662029 6.0453552 2.8282938 5.2787715 3.3756669 2.4071647 1.8127465 2.3740388 2.1306205 2.4336067 1.9945880 3.3871642 2.0306832 3.3856183 2.9768168 2.5328922 2.6420981 3.4923717 2.0806850 1.8029943 5.0419882 3.1469691 
HoiH23_PlH23_000893-RA                                  3.0174015 2.8346493 2.8118239 3.5257155 1.5635788 1.8293339 1.5760586 1.4781145 1.4226648 1.4571220 1.5250165 1.2687286 1.3747383 1.2942613 1.0484482 1.5492555 1.4511192 1.4813757 1.6108788 1.1065204 1.9508870 1.3737892 1.6100420 1.6246737 1.4422844 1.4919904 1.5706875 1.4923501 1.5212570 1.8221119 1.3067724 1.7571290 1.7946433 1.5504610 1.7400138 1.7639040 1.7978627 1.8411626 2.4803127 3.0537432 2.8098596 0.0000000 0.0252762 0.0502274 0.0516569 0.0715362 0.0945375 0.1384693 1.8122328 1.8962127 1.9964176 1.6321200 1.8063978 2.4743100 2.3401216 2.5599911 2.0866731 2.6058300 2.5001260 2.1961927 2.4375166 2.4873631 2.4570592 1.8055206 1.5237102 2.0336546 2.4043024 2.5651508 1.9244865 1.9235719 2.2416957 1.9995073 2.4676255 
HoiH06_mRNA8389                                         3.0174015 2.9499089 2.9516406 3.8798260 1.5635788 1.9173730 1.5760586 1.5311574 1.4624426 1.5071608 1.5891632 1.3096082 1.4252003 1.3395748 1.0484482 1.5524155 1.5144605 1.5452250 1.6641454 1.1065204 2.0482722 1.5438209 1.6503557 1.6886088 1.4888769 1.5339121 1.6224860 1.4973411 1.5767299 1.8394973 1.3086745 1.7631493 1.8118728 1.5618116 1.7400138 1.8142453 1.8438150 1.8845712 2.4620181 3.2383050 3.0028744 0.0252762 0.0000000 0.0662003 0.0676844 0.0746191 0.0976499 0.1504769 1.8834773 1.9559392 2.0054965 1.6439292 1.8254195 2.5688393 2.3652583 2.6275074 2.4211891 2.8544788 2.8862349 2.7617672 2.6118826 2.7922770 2.4438570 1.8004112 1.5428906 2.1149260 2.7219933 2.8819539 1.9244865 1.9696147 2.3858641 2.0138159 2.4691549 
Hhon_g00626.t1                                          3.0084421 2.8870121 2.8534257 3.5382934 1.6086295 1.8428896 1.6214595 1.5149897 1.4370566 1.4773026 1.5342715 1.2670701 1.3810356 1.2977664 1.0772422 1.5534927 1.4620884 1.4722345 1.6199927 1.1131722 1.9644287 1.3960091 1.6145891 1.6571313 1.4720055 1.4998333 1.6009638 1.5275704 1.5629444 1.8219580 1.3082862 1.7340219 1.8145934 1.5433179 1.7473720 1.7648914 1.7964585 1.8311655 2.4827751 3.0299813 2.7659933 0.0502274 0.0662003 0.0000000 0.0053931 0.0749379 0.1082254 0.1358145 1.8334130 1.9050930 1.9962021 1.6556821 1.8427502 2.4986653 2.3326368 2.5812417 2.1856822 2.5615341 2.5202434 2.1531238 2.4627055 2.4976287 2.4953776 1.8106810 1.5309120 2.0443841 2.4530378 2.6119314 1.8877564 1.9045641 2.2051679 1.9606554 2.4875941 
HoiH04_mRNA16323                                        3.0084421 2.9079802 2.8746350 3.5997076 1.6086295 1.8597639 1.6214595 1.5267377 1.4423597 1.4968519 1.5451803 1.2851531 1.3992085 1.3156599 1.0772422 1.5689966 1.4870784 1.4975867 1.6389488 1.1131722 1.9996731 1.3941544 1.6339329 1.6764660 1.4800860 1.5082987 1.6281632 1.5248619 1.5812060 1.8226136 1.3082862 1.7348335 1.8154187 1.5533465 1.7473720 1.8063304 1.8335203 1.8681373 2.4827751 3.1333385 2.8760383 0.0516569 0.0676844 0.0053931 0.0000000 0.0749379 0.1082254 0.1397522 1.8555488 1.9134405 1.9962021 1.6556821 1.8427502 2.5088683 2.3226156 2.5803053 2.2028270 2.6299636 2.6124097 2.2743748 2.5093111 2.5687140 2.4953776 1.8133493 1.5423591 2.0471789 2.4549504 2.6140602 1.8877564 1.9317815 2.2850140 1.9568826 2.4875941 
HoiH11_mRNA8102                                         2.8757428 2.3596149 2.2863539 2.3217336 1.5793571 1.3277566 1.5919093 0.9590525 0.9233831 0.9517466 1.0144252 0.9118013 0.9110199 0.8792832 1.0781177 1.0892437 1.0162281 0.9985738 1.2361870 1.1578484 1.5039747 0.8278412 1.2166478 1.1932842 0.9972865 1.0252939 1.0806114 1.0111618 0.9923271 1.3215123 1.3117196 1.3474087 1.3387981 1.3231887 1.7040496 1.2986327 1.3216138 1.3216138 0.0000010 4.2769796 4.1310050 0.0715362 0.0746191 0.0749379 0.0749379 0.0000000 0.0882536 0.0849963 1.3523099 1.2154650 1.9612754 1.5426647 1.6409682 2.0067651 2.0369874 1.9315577 2.0248478 3.4805167 3.1729145 2.0655895 2.0612691 1.9924040 2.5187432 1.7971543 1.5030718 1.4470839 3.0642607 3.5588864 1.8612225 1.3407224 5.9499086 1.5462402 2.4170998 
Tadh_TriadT21924                                        2.9383105 2.4687204 2.2786145 2.1072544 1.4881516 1.2580876 1.4832183 0.8939114 0.8679624 0.8996382 0.9555320 0.8548417 0.8617559 0.8286768 0.9974906 1.0469244 0.9720769 0.9598233 1.1842167 1.0742993 1.4680492 0.8278412 1.1457300 1.1628131 0.9140233 0.9686692 1.0278597 0.9742125 0.9234941 1.2810246 1.2838280 1.3314691 1.3187975 1.3075169 1.6513929 1.2691891 1.2989112 1.2989112 0.0000010 3.9386885 4.4420374 0.0945375 0.0976499 0.1082254 0.1082254 0.0882536 0.0000000 0.0029967 1.3783816 1.2561272 1.8690888 1.4808234 1.5890484 2.0126926 2.0547896 2.0008303 2.0248478 3.6259525 2.5302423 2.0655895 2.0288290 1.9214941 2.4483935 1.8788305 1.5493400 1.4398483 3.2850936 3.2750068 1.8910898 1.3923041 5.7142153 1.5268432 2.4000473 
TrH2_TrispH2_007762-RA                                  2.9383105 3.0103167 2.9448978 3.6912622 1.4703692 1.7742018 1.4654364 1.4312941 1.3749702 1.4316250 1.4706523 1.2293011 1.3384528 1.2636851 0.9974906 1.5029207 1.4324378 1.4392654 1.6243176 1.0739964 1.9797212 1.4727405 1.5638061 1.5621288 1.3713847 1.4547952 1.5563462 1.4464721 1.4912312 1.7401917 1.2838280 1.6870333 1.7508962 1.5219803 1.6513929 1.7321562 1.7417354 1.7862852 2.2678722 2.9495476 2.7130773 0.1384693 0.1504769 0.1358145 0.1397522 0.0849963 0.0029967 0.0000000 1.8405787 1.9409018 2.0246589 1.7662210 2.0019503 2.4571320 2.3283562 2.6069088 2.2148453 2.5683937 2.5111451 2.2418493 2.4323721 2.3636910 2.4483935 1.8621067 1.5401147 1.9598820 2.3133288 2.4338376 1.8686548 1.8979251 2.1454490 1.9875430 2.4143377 
Dpul_mRNA464                                            2.4248053 2.8206618 2.8754290 3.1577504 1.1331212 1.2440383 1.1394211 1.1757104 1.0975216 1.3641969 1.4682866 1.3196613 1.3083300 1.3911357 1.0576815 1.4486240 1.3680036 1.4870383 1.7140965 1.1773829 1.9769339 1.2950452 1.6944775 1.0766109 1.2273850 1.1827754 1.2790705 1.2856333 1.2501840 1.6450095 1.0654918 1.5262820 1.4807515 1.3047381 1.4096314 1.6854324 1.6058294 1.6075819 3.2401507 2.7993718 2.5261758 1.8122328 1.8834773 1.8334130 1.8555488 1.3523099 1.3783816 1.8405787 0.0000000 1.7758099 2.0386237 1.8314426 2.1041183 2.5079844 2.3391394 2.6116206 2.3472273 2.4306625 2.0367849 1.8831656 2.0860631 2.0147686 2.4098040 1.7698867 1.4869991 1.9529944 1.9667542 2.1168942 1.8641870 1.7915957 1.9419614 2.0344598 2.3410512 
Plajan_Pjan_C569256_01                                  2.0009611 2.8766504 2.9723302 3.3626543 1.3751872 1.8865483 1.3993220 1.5782004 1.4993666 1.3873805 1.4886877 1.4033307 1.4236442 1.4275803 0.9342387 1.6931158 1.4447745 1.5091832 1.6488286 1.1130029 2.0141298 1.4632637 1.7096740 1.6377340 1.5755033 1.4844556 1.4879856 1.4049555 1.5275216 1.5635684 1.1730945 1.3562323 1.4753360 1.3321233 1.3565209 1.5804818 1.5659508 1.6014245 2.4838581 2.8524743 2.5783518 1.8962127 1.9559392 1.9050930 1.9134405 1.2154650 1.2561272 1.9409018 1.7758099 0.0000000 1.8856916 1.7675001 1.9293990 2.5057584 2.1276473 2.6339973 2.7603808 2.4832028 2.3970370 2.1762474 2.2133809 2.0567513 2.3938597 1.5449098 1.4277909 1.4591558 1.6826803 1.7645772 1.3240092 1.6705903 2.0488501 2.0023156 2.4003936 
