61
Spolac_c103675_g1_i1_m.35508c103675-g1  0.0000000 0.0218792 0.0145683 0.4640982 0.6785888 4.0208486 3.3111478 4.9427582 3.7475476 3.2343352 3.3453943 3.7304558 3.7304558 3.2089068 3.3037609 4.2122674 4.6984100 5.1626080 3.2748617 3.7834057 3.3788743 4.2226109 3.9007346 4.3261504 3.9905271 3.1824304 4.6352054 4.4735719 4.4735719 4.8854587 4.8854587 3.4455017 2.5973021 2.6767005 5.5650366 3.9441125 4.2760855 4.5506517 4.0077987 4.4001975 4.3189897 7.0790885 5.8590850 5.6876442 6.9172001 6.3294110 6.0625090 5.9068211 5.5664670 5.8953859 5.4107086 5.9068211 5.0751245 6.4241661 6.7751171 6.1877994 6.5291121 5.7441655 6.5240775 5.6900812 3.9766302 
Spolac_c103675_g1_i2_m.35509c103675-g1  0.0218792 0.0000000 0.0376519 0.2661613 0.3148014 2.5232225 2.0993878 1.6361383 2.0674097 1.9842719 2.0257862 2.1185886 2.0305989 2.0316030 1.9701424 2.4098159 1.8736594 2.1570341 1.8905323 1.9614489 1.9443024 2.1997406 2.0537998 2.6065757 1.9270107 2.4518352 2.4181805 2.3694047 2.3423562 2.3544478 2.4597249 2.0383442 1.2524352 1.2371886 3.0398224 2.4347054 2.6252561 2.6328128 4.2075930 2.7575444 2.5802411 7.0790885 3.5658218 3.0363849 3.6367992 3.2127500 3.5090059 3.3688903 3.1366491 3.3937424 3.0034826 3.3688903 3.0264821 3.2786154 3.1875427 3.2542459 3.6067623 3.3117499 3.7050924 2.9806638 4.2646128 
Spolac_c103675_g1_i4_m.35511c103675-g1  0.0145683 0.0376519 0.0000000 0.4043700 0.5571397 3.6761947 2.8741880 2.8921973 3.1367419 2.8271206 2.9082434 3.0964981 3.0396908 2.7738949 2.7271199 3.5695475 2.9536423 3.9547247 2.8505031 3.0613799 2.9827728 3.3485189 3.1340560 4.1699284 1.8342807 2.9887811 3.6799542 3.4737059 3.4737059 3.6538826 3.6538826 2.8504057 2.0523286 1.9713952 4.6087380 3.4679943 3.8600315 4.0101622 4.0077987 3.6495075 3.2768356 7.0790885 4.7796461 4.3534739 4.9393790 4.0401377 4.8131225 4.5359596 4.1386633 4.5611086 3.8987410 4.5359596 3.8039557 4.6931138 4.6834401 4.5851024 4.9924281 4.3525278 5.1704366 4.7970747 4.0694216 
Emue_Em0003g1470a.t1                    0.4640982 0.2661613 0.4043700 0.0000000 0.0550419 2.3005411 2.1112086 1.6797605 2.1162752 2.0033422 2.0735428 2.2115989 2.1397269 2.0238674 1.9755636 2.3789606 1.9036262 2.2279465 1.9098478 2.0181887 1.8741484 2.1526733 1.8490688 2.2944712 1.9582373 2.6581064 2.4039375 2.3534521 2.3252739 2.1974951 2.2931393 2.0328223 1.2876161 1.2005012 2.9324473 2.5670839 2.6328122 2.6303998 4.4765692 2.9364916 2.5591952 6.9181433 3.6089932 2.8944990 3.5531921 3.2009841 3.4005752 3.1390635 3.0554459 3.1335518 2.8975931 3.1390635 2.9906841 3.0031806 3.0361381 2.9936257 3.4610278 3.3750009 3.6370270 3.2504352 4.9332147 
Emue_Em0003g1480a.t1                    0.6785888 0.3148014 0.5571397 0.0550419 0.0000000 2.3808965 2.0678976 1.6803110 2.0779168 1.9647322 2.0350278 2.1682265 2.0996730 1.9828436 1.8937601 2.2930227 1.9036262 2.0744286 1.9072074 1.9991872 1.8812236 2.0970895 1.8692571 2.3886268 1.9582373 2.6622175 2.3278820 2.3061028 2.2767475 2.1540974 2.2505604 2.0571427 1.2756287 1.1826490 2.8753435 2.5858562 2.6257594 2.6231181 4.8804150 2.9364916 2.5004211 6.9065494 3.4637658 2.8006112 3.3168913 3.2009841 3.2782175 3.0037866 2.9015931 2.9988137 2.8418865 3.0037866 2.9324949 2.9238659 2.9257969 2.9144566 3.3761141 3.3049873 3.5765229 3.2527734 5.3482415 
Cgig_XM_011456884.3                     4.0208486 2.5232225 3.6761947 2.3005411 2.3808965 0.0000000 2.5063383 1.9749439 2.4428696 2.4743671 2.4782938 2.4191634 2.3456829 2.3119477 2.3325914 2.9049718 1.8081055 2.2931884 1.8396000 1.8180915 1.7270310 2.4041861 1.9178262 2.0999776 1.7791060 2.8042056 2.4139465 2.5275215 2.5011763 2.4147312 2.4395842 2.2870342 2.6166173 2.9456836 3.4308127 2.8789249 2.6315890 2.5966224 4.2139328 2.9671358 2.7601379 5.0303174 3.2362397 4.0139561 4.2472920 3.5786293 4.1219110 4.0579375 3.6417705 4.1457043 3.4012777 3.9388027 3.5818758 3.6772370 3.4478907 3.6828591 3.5765836 3.4021779 3.9068647 3.4111340 6.1379143 
Fspp_ffun1.m4.6246.m1                   3.3111478 2.0993878 2.8741880 2.1112086 2.0678976 2.5063383 0.0000000 0.2365600 0.3550612 0.3155253 0.3027223 0.5187981 0.4816648 1.0825696 1.1289296 1.5540271 1.1911105 2.0985258 1.7833442 2.0820501 2.1763235 2.4492803 2.2418212 2.4176325 1.8761369 2.2998228 2.2238035 2.1314133 2.1098612 2.1010838 2.1675587 1.9247610 2.3474029 2.3653694 2.6649336 2.2067990 2.0882589 2.0596281 3.4899603 3.1257503 3.1291718 7.0190023 3.0875180 3.1893420 3.8607864 2.9781382 3.5265091 3.3648431 3.0311679 3.4271685 2.9330998 3.3875435 2.8317039 3.4393598 3.0339663 3.4363769 3.5930999 2.6836797 3.2865924 2.7090851 5.0951957 
Gasp_gasp1.m3.14697.m1                  4.9427582 1.6361383 2.8921973 1.6797605 1.6803110 1.9749439 0.2365600 0.0000000 0.3013414 0.3535668 0.3323524 0.4265754 0.3742335 0.9659772 1.0879436 1.0111855 1.0289875 1.1524339 1.0110312 1.1806002 1.2327608 1.6772249 1.4689174 1.4792630 1.6827527 1.6013683 1.8912105 1.8642969 1.8292588 1.8455499 1.9170552 1.7838138 1.5355302 1.6422361 1.7746520 1.6024151 1.6073295 1.5255458 3.7145571 2.8168017 2.6661504 4.5894142 1.8791698 2.2388493 2.4923062 2.3011360 2.3694131 2.4147429 2.2757188 2.5175058 2.2757188 2.3454168 2.2103439 2.2708836 2.1275934 2.3577191 2.4759996 2.2352998 2.1349676 1.8889191 6.0767740 
Gfas_gfas1.m1.19254.m1                  3.7475476 2.0674097 3.1367419 2.1162752 2.0779168 2.4428696 0.3550612 0.3013414 0.0000000 0.4353342 0.4464608 0.3890971 0.3808583 1.2314563 1.1601011 1.6439789 1.0720787 1.9907135 1.8211061 2.1176019 2.2239213 2.2981383 2.2754338 2.5093555 1.8087823 2.3578998 2.1900092 2.2103814 2.1880849 2.1110061 2.1979359 2.0276854 2.1978263 2.2795002 2.7052055 2.2193905 1.9410752 2.0363768 3.3772246 3.3690961 3.0727767 6.4884285 3.0088955 3.1928953 3.8332016 2.9987016 3.3801814 3.3954293 3.2426829 3.4588488 3.0705875 3.4491005 3.0510857 3.5064707 3.2905621 3.5024732 3.5417540 3.0010915 3.4771553 2.5759482 5.3985438 
Spis_XP_022785968_1                     3.2343352 1.9842719 2.8271206 2.0033422 1.9647322 2.4743671 0.3155253 0.3535668 0.4353342 0.0000000 0.0680989 0.6171993 0.5729461 1.1802090 1.2606864 1.6662477 1.1933978 2.1107976 1.7383481 2.0861034 2.2239813 2.1829884 2.2052373 2.3700221 1.7763051 2.2250493 2.0329230 2.0553934 2.0347421 2.1242528 2.1823442 1.9007303 2.2139844 2.3496160 2.5099781 2.2294364 2.1693938 2.1714181 3.7534982 3.0425420 3.0147376 6.7483381 3.0521131 3.0011123 3.6318689 2.7006652 3.2442746 3.2112086 2.9632817 3.2739637 2.7914591 3.2294893 2.7163880 3.3111065 2.9236788 3.3094500 3.1379406 2.6014107 3.1358154 2.5778419 5.2047395 
Pocdam_XM_027204728.1                   3.3453943 2.0257862 2.9082434 2.0735428 2.0350278 2.4782938 0.3027223 0.3323524 0.4464608 0.0680989 0.0000000 0.6049822 0.5549094 1.1740370 1.2802194 1.6708319 1.1766056 2.0610645 1.7571147 2.1115015 2.2258328 2.1745958 2.1589742 2.2863430 1.7525156 2.2344115 2.1540580 2.1111297 2.0899122 2.1415831 2.2012827 1.9568002 2.1991140 2.3890271 2.5016198 2.2482389 2.1318325 2.1095827 3.7950353 2.9906614 3.0600766 7.2006649 3.1557186 3.0681108 3.7571042 2.8106942 3.3481604 3.3503704 3.0706703 3.4131486 2.8973947 3.3728038 2.8314532 3.3962571 3.0309211 3.3937220 3.3008118 2.6543013 3.1507239 2.5932599 5.2392753 
Amil_Amillepora01040-RA                 3.7304558 2.1185886 3.0964981 2.2115989 2.1682265 2.4191634 0.5187981 0.4265754 0.3890971 0.6171993 0.6049822 0.0000000 0.0066680 1.2477840 1.2493227 1.8901158 1.1892623 1.9135433 1.8916825 2.0475241 2.3242157 2.4789087 2.3341907 2.2975379 2.0267475 2.6264128 2.4088271 2.4143269 2.3875121 2.3970929 2.5228400 2.2169113 2.3640062 2.6896292 3.1905643 2.2516301 2.1222825 2.2266022 3.0084739 3.4707740 3.4122495 7.6831152 3.7198801 3.6578889 4.5856290 3.6215340 4.3233460 4.1826379 4.0299314 4.2507669 3.8485069 4.2123384 3.8714406 4.4475544 4.1167445 4.4298959 4.2619044 3.4468415 3.7402238 2.8089668 5.1804783 
Adig_XM_015907494.1                     3.7304558 2.0305989 3.0396908 2.1397269 2.0996730 2.3456829 0.4816648 0.3742335 0.3808583 0.5729461 0.5549094 0.0066680 0.0000000 1.1905934 1.1720597 1.7015886 1.0830432 1.8646428 1.7628043 1.9575564 2.1084750 2.3235202 2.2126855 2.4031562 1.8060545 2.3860060 2.3144768 2.3458214 2.3222063 2.2174071 2.3117917 2.0342149 2.1783881 2.4821558 2.7619331 2.0635383 1.8763040 1.9893288 3.0166865 3.2597346 3.2437532 7.6334359 3.1779929 3.2210519 3.9348541 3.0778344 3.7207073 3.6282632 3.4210169 3.6912813 3.2534884 3.6408219 3.3288816 3.8019968 3.4607628 3.7946474 3.7038240 3.0304263 3.2464547 2.7169741 5.2943629 
Nvec_v1g35024                           3.2089068 2.0316030 2.7738949 2.0238674 1.9828436 2.3119477 1.0825696 0.9659772 1.2314563 1.1802090 1.1740370 1.2477840 1.1905934 0.0000000 0.6411588 1.8953738 1.2876158 1.8789449 1.8711539 1.9942238 2.3025049 2.5072295 2.3965839 2.2923545 1.8067298 2.2767809 2.1780718 2.2033829 2.1813645 2.2436625 2.2960391 2.0006571 2.2810831 2.4180652 2.9072723 2.3853985 2.1443152 2.1250836 3.2346650 2.5388274 3.0026556 7.7094102 3.3149564 3.3334419 3.9323791 3.1794139 3.6248105 3.5175747 3.0525887 3.5803022 3.0271083 3.5332780 3.1626606 3.6420694 3.1488425 3.6465538 3.7769691 2.7692001 3.4948809 2.7038657 5.0856229 
Exapal_XM_028659014.1                   3.3037609 1.9701424 2.7271199 1.9755636 1.8937601 2.3325914 1.1289296 1.0879436 1.1601011 1.2606864 1.2802194 1.2493227 1.1720597 0.6411588 0.0000000 1.8923864 1.3514101 2.0560046 1.9274329 2.0844009 2.1541110 2.4337317 2.2492935 2.3755938 1.6275366 2.4056493 2.3607064 2.3066799 2.3044394 2.2504213 2.2874489 2.0114724 2.3787898 2.4526018 2.6763314 2.3312352 2.1349088 2.2248073 3.2478906 2.5727875 2.7375873 7.7325998 3.3038818 3.4065268 4.0314866 3.2365587 3.6718012 3.6542579 3.3569269 3.7145031 3.2848752 3.6703919 3.4517918 3.5616822 3.2509851 3.5575450 3.5961966 3.3389236 3.3623969 2.8176509 5.1519793 
Dgig_XM_028559208.1                     4.2122674 2.4098159 3.5695475 2.3789606 2.2930227 2.9049718 1.5540271 1.0111855 1.6439789 1.6662477 1.6708319 1.8901158 1.7015886 1.8953738 1.8923864 0.0000000 0.3543117 2.3122975 1.9073333 2.3036355 2.5070886 2.3988930 2.3764518 2.4757457 1.8015020 2.6384454 2.5078517 2.4531020 2.4279032 2.3627962 2.4685481 2.2327290 2.3539538 2.6490880 3.0431839 2.4636067 2.5724564 2.4944247 3.9124369 3.0663762 2.9610080 6.8982149 3.0644267 3.2225374 3.6489855 2.7685864 3.2661254 3.3416228 2.9538632 3.3567007 2.6676398 3.3570455 2.8363263 3.4317170 3.0454858 3.4151555 3.3792977 2.7836852 3.5230635 2.9551101 4.8880508 
Xesp_013659-T1                          4.6984100 1.8736594 2.9536423 1.9036262 1.9036262 1.8081055 1.1911105 1.0289875 1.0720787 1.1933978 1.1766056 1.1892623 1.0830432 1.2876158 1.3514101 0.3543117 0.0000000 1.2543537 1.5380380 1.4464955 1.5282190 1.6660151 1.7896203 1.9085343 1.7157783 1.8831980 1.6227971 1.7094589 1.6822019 1.4779389 1.5379962 1.6757233 1.7994106 2.0096151 2.2753084 1.8464716 1.6588079 1.6308239 3.8452417 2.6714427 2.0689981 5.5638851 1.8076499 2.0712992 2.3699384 2.3872070 2.3604926 2.3602006 2.3602006 2.3602006 2.3602006 2.3602006 2.3138873 2.4310712 2.4310712 2.4310712 2.4157187 2.3040291 2.3765542 2.1005379 5.4271355 
Bralan_BLAG03002034_1                   5.1626080 2.1570341 3.9547247 2.2279465 2.0744286 2.2931884 2.0985258 1.1524339 1.9907135 2.1107976 2.0610645 1.9135433 1.8646428 1.8789449 2.0560046 2.3122975 1.2543537 0.0000000 1.6461613 1.7025380 1.7388200 2.2293140 1.8540370 1.9765455 1.6229677 2.7094671 2.3658444 2.4086317 2.4329232 2.3901664 2.4192015 2.3565949 2.3381815 2.6613223 2.7929897 2.7358940 2.6510303 2.5233903 4.7977773 2.8033321 2.8792287 6.7598567 3.1239846 3.1555919 3.4773533 2.8160483 3.6068931 3.4284797 3.0722316 3.4713384 3.0173720 3.3960394 2.9900574 3.3766849 2.9994586 3.3975977 3.4326805 3.0793259 3.2842504 3.6545248 5.8501071 
Hsap_ENST00000337288                    3.2748617 1.8905323 2.8505031 1.9098478 1.9072074 1.8396000 1.7833442 1.0110312 1.8211061 1.7383481 1.7571147 1.8916825 1.7628043 1.8711539 1.9274329 1.9073333 1.5380380 1.6461613 0.0000000 1.5674640 1.3633600 1.8120787 1.5404818 1.6573783 1.6051689 2.4034217 1.6953453 1.7386355 1.7395372 1.6238339 1.6348988 1.7659789 1.8546070 1.9556394 2.5369718 2.2364647 2.4563590 2.5288118 4.0721212 2.9746156 2.3475519 5.7449954 3.1118276 3.1260956 3.3471684 2.9870936 3.4385805 3.2814614 2.9813319 3.2755162 2.8220155 3.2814614 2.8541322 3.2517038 3.0049627 3.2411739 3.7183939 2.8977805 3.4503827 3.1353467 5.4002589 
Skow_XM_002734894.2                     3.7834057 1.9614489 3.0613799 2.0181887 1.9991872 1.8180915 2.0820501 1.1806002 2.1176019 2.0861034 2.1115015 2.0475241 1.9575564 1.9942238 2.0844009 2.3036355 1.4464955 1.7025380 1.5674640 0.0000000 1.5773341 1.6552044 1.9001642 1.8989823 1.7800920 3.1780386 2.1091219 2.1648342 2.1433453 2.1043816 2.1921020 2.2330538 1.9371600 2.2477442 2.9753564 2.6070925 2.7505023 2.9094338 4.9326638 2.7110878 2.8191780 6.6460571 3.3524979 3.4696028 3.9139718 2.8672345 4.0493509 3.7358451 3.0026111 3.7293596 2.8810415 3.7566946 3.0230949 3.5281697 2.8998704 3.5334478 3.8284193 2.9975133 3.5779863 3.4888595 5.0171953 
Acagra_model.g1385.t1                   3.3788743 1.9443024 2.9827728 1.8741484 1.8812236 1.7270310 2.1763235 1.2327608 2.2239213 2.2239813 2.2258328 2.3242157 2.1084750 2.3025049 2.1541110 2.5070886 1.5282190 1.7388200 1.3633600 1.5773341 0.0000000 1.8939239 1.4544319 1.3642636 1.7115076 2.8609485 2.3013543 2.3207641 2.3445639 2.2357362 2.3369080 2.3334988 2.0857635 2.6228898 3.2611267 2.7418356 2.7153810 2.7476295 5.6174035 2.4049623 2.8061710 4.8269695 3.0011118 3.1392362 3.7991651 2.8133094 3.4333783 3.2121634 2.6253820 3.2478242 2.4495231 3.2105713 2.7557911 3.1798271 2.8624999 3.1802436 3.2950418 2.8354039 3.3461405 3.4725094 4.8825379 
Spur_XM_778688.5                        4.2226109 2.1997406 3.3485189 2.1526733 2.0970895 2.4041861 2.4492803 1.6772249 2.2981383 2.1829884 2.1745958 2.4789087 2.3235202 2.5072295 2.4337317 2.3988930 1.6660151 2.2293140 1.8120787 1.6552044 1.8939239 0.0000000 1.9004233 1.8367673 1.8468377 2.9259220 2.3473677 2.3868691 2.4115014 2.2801728 2.4396268 2.1082108 2.1551619 2.3397554 3.0081835 2.7389999 2.9104557 3.0246895 5.1340947 2.2147297 2.5498869 5.8047422 3.1250460 3.1098997 3.4588844 2.6110656 3.5116543 3.2666503 2.6510225 3.3058108 2.4552828 3.2708336 2.6015261 3.2196638 2.7080382 3.2037501 3.4999348 2.9248588 3.3724347 3.4900484 6.4880216 
Ctel_gnl_WGS_AMQN_CAPTEDRAFT_mRNA157995 3.9007346 2.0537998 3.1340560 1.8490688 1.8692571 1.9178262 2.2418212 1.4689174 2.2754338 2.2052373 2.1589742 2.3341907 2.2126855 2.3965839 2.2492935 2.3764518 1.7896203 1.8540370 1.5404818 1.9001642 1.4544319 1.9004233 0.0000000 1.3561951 1.8176685 2.9209078 2.0741021 2.1137738 2.1349925 2.0681365 2.0916908 2.2649728 2.0320149 2.5641469 3.0922316 3.1932810 3.1219261 2.9668041 5.1090437 2.2148879 2.4328879 6.4279484 3.5508409 3.4300703 3.9748082 2.8425660 3.8817483 3.6503099 2.8557708 3.6924970 2.5886759 3.5880841 2.8295446 3.7540636 3.0020652 3.6984427 3.5947924 2.7827378 3.7642381 3.3076300 5.1323215 
Cscu_XM_023379021.1                     4.3261504 2.6065757 4.1699284 2.2944712 2.3886268 2.0999776 2.4176325 1.4792630 2.5093555 2.3700221 2.2863430 2.2975379 2.4031562 2.2923545 2.3755938 2.4757457 1.9085343 1.9765455 1.6573783 1.8989823 1.3642636 1.8367673 1.3561951 0.0000000 1.9667887 3.2575123 2.4402830 2.5015381 2.5278543 2.5532839 2.7019658 2.4526123 2.4650169 2.8765559 3.6189245 3.3031776 3.3420944 3.5079668 6.6297740 2.8392006 2.7800468 4.7291826 3.4166720 3.7528303 4.3167589 3.4858249 4.3690524 3.9941406 3.4606939 4.0633577 3.2416344 3.9941406 3.6338331 3.8712812 3.4860173 3.8657076 4.0975337 3.4266344 3.9648492 4.1226217 5.8418944 
Hvul_g24625_1                           3.9905271 1.9270107 1.8342807 1.9582373 1.9582373 1.7791060 1.8761369 1.6827527 1.8087823 1.7763051 1.7525156 2.0267475 1.8060545 1.8067298 1.6275366 1.8015020 1.7157783 1.6229677 1.6051689 1.7800920 1.7115076 1.8468377 1.8176685 1.9667887 0.0000000 0.8213290 1.9905293 1.9250429 1.9614528 1.9012263 1.8927549 2.2234345 1.9603468 2.2852326 1.7315503 1.8855163 1.9845737 1.9734582 3.6759280 1.9934716 2.3643149 9.0000000 2.7122820 2.5672154 2.6127554 2.3621619 2.7046058 2.5804302 2.3428864 2.5766562 2.3428864 2.5804302 2.4163878 2.4568108 2.2166911 2.4479587 2.6603775 2.2163407 3.0363872 2.2248422 5.3192610 
Chem_TCONS_00008746                     3.1824304 2.4518352 2.9887811 2.6581064 2.6622175 2.8042056 2.2998228 1.6013683 2.3578998 2.2250493 2.2344115 2.6264128 2.3860060 2.2767809 2.4056493 2.6384454 1.8831980 2.7094671 2.4034217 3.1780386 2.8609485 2.9259220 2.9209078 3.2575123 0.8213290 0.0000000 2.8839275 2.8796238 2.9136718 2.8898785 2.9357340 2.4149762 2.7681825 3.1812332 3.1229393 1.9468939 2.1751246 2.1083782 2.8162814 2.5807352 3.0487509 5.5545753 3.8762209 3.5924573 3.9513586 3.5314602 3.5974257 3.5437090 3.1981255 3.5441866 3.2354285 3.5437090 3.1702233 3.7864005 3.3843487 3.7969872 3.7482419 3.2262281 4.1568742 2.5392974 4.0161061 
HoiH23_PlH23_009213-RA                  4.6352054 2.4181805 3.6799542 2.4039375 2.3278820 2.4139465 2.2238035 1.8912105 2.1900092 2.0329230 2.1540580 2.4088271 2.3144768 2.1780718 2.3607064 2.5078517 1.6227971 2.3658444 1.6953453 2.1091219 2.3013543 2.3473677 2.0741021 2.4402830 1.9905293 2.8839275 0.0000000 0.1425020 0.1465032 0.3754690 0.4019806 1.9461441 2.0925620 2.1470630 3.1830787 2.4198377 2.7285682 2.7209742 3.9044620 2.5933388 2.5423372 7.4209769 3.6489397 3.6048909 3.7971020 3.0109680 4.1733754 3.6911341 3.3363278 3.7270898 2.9951175 3.6253642 3.0768816 3.8331652 3.4894815 3.8370207 3.6958472 3.3642484 3.8857514 3.4419675 5.1895762 
Hhon_g01330.t1                          4.4735719 2.3694047 3.4737059 2.3534521 2.3061028 2.5275215 2.1314133 1.8642969 2.2103814 2.0553934 2.1111297 2.4143269 2.3458214 2.2033829 2.3066799 2.4531020 1.7094589 2.4086317 1.7386355 2.1648342 2.3207641 2.3868691 2.1137738 2.5015381 1.9250429 2.8796238 0.1425020 0.0000000 0.0030517 0.4129068 0.4403567 1.9218238 2.0757841 2.2425802 3.2395158 2.5691143 2.8557034 2.8428697 4.0932776 2.6689349 2.5953024 8.1260746 3.6862340 3.5014824 3.6257876 2.8689693 3.9610404 3.7030283 3.3409870 3.7197264 3.0024357 3.6472644 3.0616256 3.6721772 3.3243501 3.6141642 3.5417631 3.4066041 3.9639485 3.3348713 5.1169842 
HoiH04_mRNA8886                         4.4735719 2.3423562 3.4737059 2.3252739 2.2767475 2.5011763 2.1098612 1.8292588 2.1880849 2.0347421 2.0899122 2.3875121 2.3222063 2.1813645 2.3044394 2.4279032 1.6822019 2.4329232 1.7395372 2.1433453 2.3445639 2.4115014 2.1349925 2.5278543 1.9614528 2.9136718 0.1465032 0.0030517 0.0000000 0.4187990 0.4467815 1.9419296 2.0734935 2.2403742 3.2829726 2.5423696 2.8239906 2.8109292 4.0932776 2.7120948 2.6222363 8.1260746 3.6862340 3.5453490 3.6681400 2.9109545 4.0086930 3.7479196 3.3861914 3.7634866 3.0460570 3.6922030 3.1024114 3.7175365 3.3702003 3.6581479 3.5835625 3.4521728 4.0150289 3.3847799 5.1179016 
TrH2_TrispH2_006514-RA                  4.8854587 2.3544478 3.6538826 2.1974951 2.1540974 2.4147312 2.1010838 1.8455499 2.1110061 2.1242528 2.1415831 2.3970929 2.2174071 2.2436625 2.2504213 2.3627962 1.4779389 2.3901664 1.6238339 2.1043816 2.2357362 2.2801728 2.0681365 2.5532839 1.9012263 2.8898785 0.3754690 0.4129068 0.4187990 0.0000000 0.0242562 1.9319682 2.1002324 2.0740441 3.1818204 2.5595587 2.6650990 2.6700675 4.4212086 2.6809215 2.6582262 6.8853025 3.4228089 3.3543713 3.6012993 2.9752212 3.8672037 3.5513244 3.0723215 3.5555414 2.9962693 3.4846329 2.8930249 3.6672380 3.2335520 3.6730752 3.4942233 2.8025256 3.6757161 3.4567413 5.7942459 
Tadh_TriadT58714                        4.8854587 2.4597249 3.6538826 2.2931393 2.2505604 2.4395842 2.1675587 1.9170552 2.1979359 2.1823442 2.2012827 2.5228400 2.3117917 2.2960391 2.2874489 2.4685481 1.5379962 2.4192015 1.6348988 2.1921020 2.3369080 2.4396268 2.0916908 2.7019658 1.8927549 2.9357340 0.4019806 0.4403567 0.4467815 0.0242562 0.0000000 2.0774838 2.2246506 2.2278407 3.2134832 2.5970071 2.7295321 2.7696623 4.6478647 2.7489001 2.6625769 7.0014385 3.4657633 3.5739500 3.8230846 3.1433845 3.9211651 3.7043641 3.1844571 3.7038016 3.1001363 3.6325850 2.9962909 3.8412591 3.3727120 3.8454032 3.6705038 2.9390266 3.8428953 3.6274302 5.8024769 
Plajan_Pjan_C560286_01                  3.4455017 2.0383442 2.8504057 2.0328223 2.0571427 2.2870342 1.9247610 1.7838138 2.0276854 1.9007303 1.9568002 2.2169113 2.0342149 2.0006571 2.0114724 2.2327290 1.6757233 2.3565949 1.7659789 2.2330538 2.3334988 2.1082108 2.2649728 2.4526123 2.2234345 2.4149762 1.9461441 1.9218238 1.9419296 1.9319682 2.0774838 0.0000000 2.0097173 2.0399011 3.0929989 2.0353857 2.3432391 2.3798600 3.4749372 2.3681282 2.8271913 7.2015769 3.2375215 3.0876120 3.2774969 2.5599927 3.6697368 3.3779151 2.7557803 3.4410206 2.7679845 3.2548817 2.6967090 3.4000101 2.7750395 3.4059453 3.4339393 2.8105978 3.6244044 2.6566767 4.4854556 
Aque_Aqu2.1.21182_001                   2.5973021 1.2524352 2.0523286 1.2876161 1.2756287 2.6166173 2.3474029 1.5355302 2.1978263 2.2139844 2.1991140 2.3640062 2.1783881 2.2810831 2.3787898 2.3539538 1.7994106 2.3381815 1.8546070 1.9371600 2.0857635 2.1551619 2.0320149 2.4650169 1.9603468 2.7681825 2.0925620 2.0757841 2.0734935 2.1002324 2.2246506 2.0097173 0.0000000 0.7922516 3.3575295 2.6720663 3.0190376 3.0772225 6.0898492 2.6297415 2.3774855 5.6677647 3.4564411 3.0064137 3.4271364 2.9761288 3.5109159 3.4120038 3.1555359 3.4719408 3.0132167 3.4120038 2.9162980 3.0741688 2.9140012 3.0738959 3.3943055 2.8119845 3.4806159 3.4167118 5.5715219 
Halamb_c41796_g1_i3mm.997               2.6767005 1.2371886 1.9713952 1.2005012 1.1826490 2.9456836 2.3653694 1.6422361 2.2795002 2.3496160 2.3890271 2.6896292 2.4821558 2.4180652 2.4526018 2.6490880 2.0096151 2.6613223 1.9556394 2.2477442 2.6228898 2.3397554 2.5641469 2.8765559 2.2852326 3.1812332 2.1470630 2.2425802 2.2403742 2.0740441 2.2278407 2.0399011 0.7922516 0.0000000 3.3641328 2.6440675 3.0752137 3.2325523 4.8684433 2.7007032 2.7411393 6.3892853 3.4628724 3.3842545 3.9460654 3.0354910 4.0721372 3.8203321 3.3091280 3.8203321 3.0235144 3.7461917 3.1257662 3.5184748 3.0935320 3.5184748 3.7528082 3.3359381 3.7099933 3.7018357 5.2378849 
Aaur_scaffold304.g2.t1                  5.5650366 3.0398224 4.6087380 2.9324473 2.8753435 3.4308127 2.6649336 1.7746520 2.7052055 2.5099781 2.5016198 3.1905643 2.7619331 2.9072723 2.6763314 3.0431839 2.2753084 2.7929897 2.5369718 2.9753564 3.2611267 3.0081835 3.0922316 3.6189245 1.7315503 3.1229393 3.1830787 3.2395158 3.2829726 3.1818204 3.2134832 3.0929989 3.3575295 3.3641328 0.0000000 2.1730672 1.6489354 1.5620972 6.5255805 3.6102967 4.3224464 6.2505009 3.5269912 3.3349662 4.2521723 3.7916036 4.3435882 4.1275444 3.7192959 4.1616259 3.5692816 4.0905722 3.8540019 3.8819597 3.5981424 3.8609026 3.9096286 4.0674910 4.7788359 2.9212531 6.6652666 
Sanmal_Sma_008369-T1                    3.9441125 2.4347054 3.4679943 2.5670839 2.5858562 2.8789249 2.2067990 1.6024151 2.2193905 2.2294364 2.2482389 2.2516301 2.0635383 2.3853985 2.3312352 2.4636067 1.8464716 2.7358940 2.2364647 2.6070925 2.7418356 2.7389999 3.1932810 3.3031776 1.8855163 1.9468939 2.4198377 2.5691143 2.5423696 2.5595587 2.5970071 2.0353857 2.6720663 2.6440675 2.1730672 0.0000000 0.7809627 0.8160378 0.8678965 2.4496110 3.3717474 5.2600313 3.4487247 3.4347049 4.0741480 3.4395170 3.7121473 3.6252508 3.3152844 3.7065558 3.1177882 3.4792272 3.2883794 3.6040607 3.3988451 3.6157670 3.6221125 3.4031459 3.8270143 1.7963057 4.1466552 
Nemnom_g19295.t1                        4.2760855 2.6252561 3.8600315 2.6328122 2.6257594 2.6315890 2.0882589 1.6073295 1.9410752 2.1693938 2.1318325 2.1222825 1.8763040 2.1443152 2.1349088 2.5724564 1.6588079 2.6510303 2.4563590 2.7505023 2.7153810 2.9104557 3.1219261 3.3420944 1.9845737 2.1751246 2.7285682 2.8557034 2.8239906 2.6650990 2.7295321 2.3432391 3.0190376 3.0752137 1.6489354 0.7809627 0.0000000 0.2408480 0.8098479 2.9911258 3.4457777 7.7446034 3.9657934 3.5323730 4.1968295 3.5020262 3.9236302 3.9477135 3.5035363 3.9477135 3.3474732 3.9477135 3.3932006 3.8335670 3.4298853 3.8335670 3.7174290 3.6820867 3.9292671 2.2232557 4.5443019 
Rhoesc_Res_003204-T1                    4.5506517 2.6328128 4.0101622 2.6303998 2.6231181 2.5966224 2.0596281 1.5255458 2.0363768 2.1714181 2.1095827 2.2266022 1.9893288 2.1250836 2.2248073 2.4944247 1.6308239 2.5233903 2.5288118 2.9094338 2.7476295 3.0246895 2.9668041 3.5079668 1.9734582 2.1083782 2.7209742 2.8428697 2.8109292 2.6700675 2.7696623 2.3798600 3.0772225 3.2325523 1.5620972 0.8160378 0.2408480 0.0000000 0.7189580 2.8001065 3.3080698 7.1406351 3.9914762 3.3703676 4.1617101 3.5882643 4.0684189 3.8687009 3.5764298 3.8687009 3.4023834 3.8687009 3.4258343 3.8364142 3.5630085 3.8364142 3.5644276 3.7609761 3.9037493 2.0215587 4.2471183 
Aaur_scaffold1557.g2.t1                 4.0077987 4.2075930 4.0077987 4.4765692 4.8804150 4.2139328 3.4899603 3.7145571 3.3772246 3.7534982 3.7950353 3.0084739 3.0166865 3.2346650 3.2478906 3.9124369 3.8452417 4.7977773 4.0721212 4.9326638 5.6174035 5.1340947 5.1090437 6.6297740 3.6759280 2.8162814 3.9044620 4.0932776 4.0932776 4.4212086 4.6478647 3.4749372 6.0898492 4.8684433 6.5255805 0.8678965 0.8098479 0.7189580 0.0000000 3.8445537 4.5340942 5.9068000 5.2300512 5.5460350 5.9399104 5.5550764 5.5196215 4.8856031 4.5199291 4.8856031 4.5276565 4.8856031 4.6372625 5.6981294 5.3631385 5.6981294 5.3662746 4.7209241 5.0990468 2.8517680 3.3392377 
Dpul_mRNA18844                          4.4001975 2.7575444 3.6495075 2.9364916 2.9364916 2.9671358 3.1257503 2.8168017 3.3690961 3.0425420 2.9906614 3.4707740 3.2597346 2.5388274 2.5727875 3.0663762 2.6714427 2.8033321 2.9746156 2.7110878 2.4049623 2.2147297 2.2148879 2.8392006 1.9934716 2.5807352 2.5933388 2.6689349 2.7120948 2.6809215 2.7489001 2.3681282 2.6297415 2.7007032 3.6102967 2.4496110 2.9911258 2.8001065 3.8445537 0.0000000 1.5097920 4.7653178 2.7717461 2.9123105 3.1743583 3.1977511 2.8160458 2.4938682 2.4938682 2.4938682 2.4938682 2.4938682 2.7915428 2.8064643 2.8064643 2.8064643 2.8449158 2.9214563 3.4381526 2.7647407 5.8848898 
Tcas_TC004819_002                       4.3189897 2.5802411 3.2768356 2.5591952 2.5004211 2.7601379 3.1291718 2.6661504 3.0727767 3.0147376 3.0600766 3.4122495 3.2437532 3.0026556 2.7375873 2.9610080 2.0689981 2.8792287 2.3475519 2.8191780 2.8061710 2.5498869 2.4328879 2.7800468 2.3643149 3.0487509 2.5423372 2.5953024 2.6222363 2.6582262 2.6625769 2.8271913 2.3774855 2.7411393 4.3224464 3.3717474 3.4457777 3.3080698 4.5340942 1.5097920 0.0000000 6.0977222 3.7721462 3.7298926 3.7690886 3.1517536 3.8099509 3.7512577 3.1109886 3.8309517 3.0202954 3.6474870 3.2634048 3.8037705 3.2849024 3.8369231 3.5339518 3.2063686 4.1480639 4.1732441 6.3773674 
Coeast_Cast_sb783829                    7.0790885 7.0790885 7.0790885 6.9181433 6.9065494 5.0303174 7.0190023 4.5894142 6.4884285 6.7483381 7.2006649 7.6831152 7.6334359 7.7094102 7.7325998 6.8982149 5.5638851 6.7598567 5.7449954 6.6460571 4.8269695 5.8047422 6.4279484 4.7291826 9.0000000 5.5545753 7.4209769 8.1260746 8.1260746 6.8853025 7.0014385 7.2015769 5.6677647 6.3892853 6.2505009 5.2600313 7.7446034 7.1406351 5.9068000 4.7653178 6.0977222 0.0000000 0.0140259 0.8470813 1.1583945 1.1167518 1.0714836 0.8137726 0.9051203 0.8137726 1.1320504 0.8137726 0.9046563 0.9573669 1.0494916 0.9573669 0.9226014 0.7041231 1.1819900 5.8541289 4.7825160 
Coemet_Cmet_scaffold18002_01            5.8590850 3.5658218 4.7796461 3.6089932 3.4637658 3.2362397 3.0875180 1.8791698 3.0088955 3.0521131 3.1557186 3.7198801 3.1779929 3.3149564 3.3038818 3.0644267 1.8076499 3.1239846 3.1118276 3.3524979 3.0011118 3.1250460 3.5508409 3.4166720 2.7122820 3.8762209 3.6489397 3.6862340 3.6862340 3.4228089 3.4657633 3.2375215 3.4564411 3.4628724 3.5269912 3.4487247 3.9657934 3.9914762 5.2300512 2.7717461 3.7721462 0.0140259 0.0000000 0.7261463 0.8964209 0.7571895 0.8096083 0.6889188 0.7046390 0.6889188 0.7269700 0.6889188 0.6744539 0.7667435 0.7659923 0.7667435 0.7471255 0.6062325 1.0479288 3.8791964 4.6741081 
Lampan_Lpan_16077_01                    5.6876442 3.0363849 4.3534739 2.8944990 2.8006112 4.0139561 3.1893420 2.2388493 3.1928953 3.0011123 3.0681108 3.6578889 3.2210519 3.3334419 3.4065268 3.2225374 2.0712992 3.1555919 3.1260956 3.4696028 3.1392362 3.1098997 3.4300703 3.7528303 2.5672154 3.5924573 3.6048909 3.5014824 3.5453490 3.3543713 3.5739500 3.0876120 3.0064137 3.3842545 3.3349662 3.4347049 3.5323730 3.3703676 5.5460350 2.9123105 3.7298926 0.8470813 0.7261463 0.0000000 0.6085392 0.5350660 0.6060206 0.5445601 0.5338740 0.5618598 0.5597200 0.5514285 0.4943405 0.5217194 0.5201621 0.5209326 0.7026716 0.8972703 0.8803851 3.6728990 4.2176262 
Beraby_Baby_sb345687                    6.9172001 3.6367992 4.9393790 3.5531921 3.3168913 4.2472920 3.8607864 2.4923062 3.8332016 3.6318689 3.7571042 4.5856290 3.9348541 3.9323791 4.0314866 3.6489855 2.3699384 3.4773533 3.3471684 3.9139718 3.7991651 3.4588844 3.9748082 4.3167589 2.6127554 3.9513586 3.7971020 3.6257876 3.6681400 3.6012993 3.8230846 3.2774969 3.4271364 3.9460654 4.2521723 4.0741480 4.1968295 4.1617101 5.9399104 3.1743583 3.7690886 1.1583945 0.8964209 0.6085392 0.0000000 0.0037252 0.5486645 0.4160266 0.3956296 0.4284146 0.4026358 0.4108292 0.4424059 0.4911688 0.5035164 0.4959777 0.6075678 0.9529052 0.9351195 3.6940977 5.5250462 
Bolinf_Binf_sb1169015                   6.3294110 3.2127500 4.0401377 3.2009841 3.2009841 3.5786293 2.9781382 2.3011360 2.9987016 2.7006652 2.8106942 3.6215340 3.0778344 3.1794139 3.2365587 2.7685864 2.3872070 2.8160483 2.9870936 2.8672345 2.8133094 2.6110656 2.8425660 3.4858249 2.3621619 3.5314602 3.0109680 2.8689693 2.9109545 2.9752212 3.1433845 2.5599927 2.9761288 3.0354910 3.7916036 3.4395170 3.5020262 3.5882643 5.5550764 3.1977511 3.1517536 1.1167518 0.7571895 0.5350660 0.0037252 0.0000000 0.5205196 0.3954038 0.3954038 0.3954038 0.3954038 0.3954038 0.4314274 0.5021705 0.5021705 0.5021705 0.5104185 0.9352910 0.9581115 3.1713101 5.0945129 
Drygla_Dgla_sb300942                    6.0625090 3.5090059 4.8131225 3.4005752 3.2782175 4.1219110 3.5265091 2.3694131 3.3801814 3.2442746 3.3481604 4.3233460 3.7207073 3.6248105 3.6718012 3.2661254 2.3604926 3.6068931 3.4385805 4.0493509 3.4333783 3.5116543 3.8817483 4.3690524 2.7046058 3.5974257 4.1733754 3.9610404 4.0086930 3.8672037 3.9211651 3.6697368 3.5109159 4.0721372 4.3435882 3.7121473 3.9236302 4.0684189 5.5196215 2.8160458 3.8099509 1.0714836 0.8096083 0.6060206 0.5486645 0.5205196 0.0000000 0.4014823 0.3904615 0.4195860 0.4287772 0.4093215 0.3866661 0.4701009 0.4605145 0.4806420 0.6206503 0.8815050 0.9066276 3.7725784 4.7395747 
Bolinf_Binf_sb1274123                   5.9068211 3.3688903 4.5359596 3.1390635 3.0037866 4.0579375 3.3648431 2.4147429 3.3954293 3.2112086 3.3503704 4.1826379 3.6282632 3.5175747 3.6542579 3.3416228 2.3602006 3.4284797 3.2814614 3.7358451 3.2121634 3.2666503 3.6503099 3.9941406 2.5804302 3.5437090 3.6911341 3.7030283 3.7479196 3.5513244 3.7043641 3.3779151 3.4120038 3.8203321 4.1275444 3.6252508 3.9477135 3.8687009 4.8856031 2.4938682 3.7512577 0.8137726 0.6889188 0.5445601 0.4160266 0.3954038 0.4014823 0.0000000 0.0000010 0.0000010 0.0108955 0.0000010 0.1579533 0.4375859 0.4621091 0.4375859 0.5486653 0.8525825 0.9241659 3.6005525 5.2961892 
Bolinf_Binf_sb1274124                   5.5664670 3.1366491 4.1386633 3.0554459 2.9015931 3.6417705 3.0311679 2.2757188 3.2426829 2.9632817 3.0706703 4.0299314 3.4210169 3.0525887 3.3569269 2.9538632 2.3602006 3.0722316 2.9813319 3.0026111 2.6253820 2.6510225 2.8557708 3.4606939 2.3428864 3.1981255 3.3363278 3.3409870 3.3861914 3.0723215 3.1844571 2.7557803 3.1555359 3.3091280 3.7192959 3.3152844 3.5035363 3.5764298 4.5199291 2.4938682 3.1109886 0.9051203 0.7046390 0.5338740 0.3956296 0.3954038 0.3904615 0.0000010 0.0000000 0.0000010 0.0108955 0.0000010 0.1579533 0.4621091 0.4621091 0.4621091 0.4867244 0.8498793 0.9108086 3.3756126 4.7002044 
Bolinf_Binf_sb1274121                   5.8953859 3.3937424 4.5611086 3.1335518 2.9988137 4.1457043 3.4271685 2.5175058 3.4588488 3.2739637 3.4131486 4.2507669 3.6912813 3.5803022 3.7145031 3.3567007 2.3602006 3.4713384 3.2755162 3.7293596 3.2478242 3.3058108 3.6924970 4.0633577 2.5766562 3.5441866 3.7270898 3.7197264 3.7634866 3.5555414 3.7038016 3.4410206 3.4719408 3.8203321 4.1616259 3.7065558 3.9477135 3.8687009 4.8856031 2.4938682 3.8309517 0.8137726 0.6889188 0.5618598 0.4284146 0.3954038 0.4195860 0.0000010 0.0000010 0.0000000 0.0108955 0.0000010 0.1579533 0.4463577 0.4621091 0.4553905 0.5732385 0.8525825 0.9241659 3.5915581 5.3284491 
Bolinf_Binf_sb1274125                   5.4107086 3.0034826 3.8987410 2.8975931 2.8418865 3.4012777 2.9330998 2.2757188 3.0705875 2.7914591 2.8973947 3.8485069 3.2534884 3.0271083 3.2848752 2.6676398 2.3602006 3.0173720 2.8220155 2.8810415 2.4495231 2.4552828 2.5886759 3.2416344 2.3428864 3.2354285 2.9951175 3.0024357 3.0460570 2.9962693 3.1001363 2.7679845 3.0132167 3.0235144 3.5692816 3.1177882 3.3474732 3.4023834 4.5276565 2.4938682 3.0202954 1.1320504 0.7269700 0.5597200 0.4026358 0.3954038 0.4287772 0.0108955 0.0108955 0.0108955 0.0000000 0.0108955 0.1926437 0.5168208 0.5168208 0.5168208 0.5084125 0.8944796 1.0360096 3.0437272 4.6011833 
Mertsp_Mesp_sb568056                    5.9068211 3.3688903 4.5359596 3.1390635 3.0037866 3.9388027 3.3875435 2.3454168 3.4491005 3.2294893 3.3728038 4.2123384 3.6408219 3.5332780 3.6703919 3.3570455 2.3602006 3.3960394 3.2814614 3.7566946 3.2105713 3.2708336 3.5880841 3.9941406 2.5804302 3.5437090 3.6253642 3.6472644 3.6922030 3.4846329 3.6325850 3.2548817 3.4120038 3.7461917 4.0905722 3.4792272 3.9477135 3.8687009 4.8856031 2.4938682 3.6474870 0.8137726 0.6889188 0.5514285 0.4108292 0.3954038 0.4093215 0.0000010 0.0000010 0.0000010 0.0108955 0.0000000 0.1579533 0.4466718 0.4621091 0.4466718 0.5304834 0.8525825 0.9241659 3.6005525 5.1155702 
Vmul_sbMO409122                         5.0751245 3.0264821 3.8039557 2.9906841 2.9324949 3.5818758 2.8317039 2.2103439 3.0510857 2.7163880 2.8314532 3.8714406 3.3288816 3.1626606 3.4517918 2.8363263 2.3138873 2.9900574 2.8541322 3.0230949 2.7557911 2.6015261 2.8295446 3.6338331 2.4163878 3.1702233 3.0768816 3.0616256 3.1024114 2.8930249 2.9962909 2.6967090 2.9162980 3.1257662 3.8540019 3.2883794 3.3932006 3.4258343 4.6372625 2.7915428 3.2634048 0.9046563 0.6744539 0.4943405 0.4424059 0.4314274 0.3866661 0.1579533 0.1579533 0.1579533 0.1926437 0.1579533 0.0000000 0.4985831 0.4985831 0.4985831 0.4838873 0.8052942 0.8873751 3.6020732 4.3627174 
Bolinf_Binf_sb1226437                   6.4241661 3.2786154 4.6931138 3.0031806 2.9238659 3.6772370 3.4393598 2.2708836 3.5064707 3.3111065 3.3962571 4.4475544 3.8019968 3.6420694 3.5616822 3.4317170 2.4310712 3.3766849 3.2517038 3.5281697 3.1798271 3.2196638 3.7540636 3.8712812 2.4568108 3.7864005 3.8331652 3.6721772 3.7175365 3.6672380 3.8412591 3.4000101 3.0741688 3.5184748 3.8819597 3.6040607 3.8335670 3.8364142 5.6981294 2.8064643 3.8037705 0.9573669 0.7667435 0.5217194 0.4911688 0.5021705 0.4701009 0.4375859 0.4621091 0.4463577 0.5168208 0.4466718 0.4985831 0.0000000 0.0000010 0.0000010 0.5594072 0.8468044 0.8938558 3.3574025 5.0712550 
Mertsp_Mesp_sb574430                    6.7751171 3.1875427 4.6834401 3.0361381 2.9257969 3.4478907 3.0339663 2.1275934 3.2905621 2.9236788 3.0309211 4.1167445 3.4607628 3.1488425 3.2509851 3.0454858 2.4310712 2.9994586 3.0049627 2.8998704 2.8624999 2.7080382 3.0020652 3.4860173 2.2166911 3.3843487 3.4894815 3.3243501 3.3702003 3.2335520 3.3727120 2.7750395 2.9140012 3.0935320 3.5981424 3.3988451 3.4298853 3.5630085 5.3631385 2.8064643 3.2849024 1.0494916 0.7659923 0.5201621 0.5035164 0.5021705 0.4605145 0.4621091 0.4621091 0.4621091 0.5168208 0.4621091 0.4985831 0.0000010 0.0000000 0.0000010 0.5125856 0.8478736 0.8972420 3.2231496 4.7887414 
Mertsp_Mesp_sb574428                    6.1877994 3.2542459 4.5851024 2.9936257 2.9144566 3.6828591 3.4363769 2.3577191 3.5024732 3.3094500 3.3937220 4.4298959 3.7946474 3.6465538 3.5575450 3.4151555 2.4310712 3.3975977 3.2411739 3.5334478 3.1802436 3.2037501 3.6984427 3.8657076 2.4479587 3.7969872 3.8370207 3.6141642 3.6581479 3.6730752 3.8454032 3.4059453 3.0738959 3.5184748 3.8609026 3.6157670 3.8335670 3.8364142 5.6981294 2.8064643 3.8369231 0.9573669 0.7667435 0.5209326 0.4959777 0.5021705 0.4806420 0.4375859 0.4621091 0.4553905 0.5168208 0.4466718 0.4985831 0.0000010 0.0000010 0.0000000 0.5691558 0.8468044 0.8938558 3.3442522 5.0893463 
Pbac_sb2648706                          6.5291121 3.6067623 4.9924281 3.4610278 3.3761141 3.5765836 3.5930999 2.4759996 3.5417540 3.1379406 3.3008118 4.2619044 3.7038240 3.7769691 3.5961966 3.3792977 2.4157187 3.4326805 3.7183939 3.8284193 3.2950418 3.4999348 3.5947924 4.0975337 2.6603775 3.7482419 3.6958472 3.5417631 3.5835625 3.4942233 3.6705038 3.4339393 3.3943055 3.7528082 3.9096286 3.6221125 3.7174290 3.5644276 5.3662746 2.8449158 3.5339518 0.9226014 0.7471255 0.7026716 0.6075678 0.5104185 0.6206503 0.5486653 0.4867244 0.5732385 0.5084125 0.5304834 0.4838873 0.5594072 0.5125856 0.5691558 0.0000000 0.9086093 1.0646987 3.3911447 5.1762510 
Vmul_sbMO429213                         5.7441655 3.3117499 4.3525278 3.3750009 3.3049873 3.4021779 2.6836797 2.2352998 3.0010915 2.6014107 2.6543013 3.4468415 3.0304263 2.7692001 3.3389236 2.7836852 2.3040291 3.0793259 2.8977805 2.9975133 2.8354039 2.9248588 2.7827378 3.4266344 2.2163407 3.2262281 3.3642484 3.4066041 3.4521728 2.8025256 2.9390266 2.8105978 2.8119845 3.3359381 4.0674910 3.4031459 3.6820867 3.7609761 4.7209241 2.9214563 3.2063686 0.7041231 0.6062325 0.8972703 0.9529052 0.9352910 0.8815050 0.8525825 0.8498793 0.8525825 0.8944796 0.8525825 0.8052942 0.8468044 0.8478736 0.8468044 0.9086093 0.0000000 1.0585110 3.2848902 5.3397895 
Eupdun_Edun_sb10623837                  6.5240775 3.7050924 5.1704366 3.6370270 3.5765229 3.9068647 3.2865924 2.1349676 3.4771553 3.1358154 3.1507239 3.7402238 3.2464547 3.4948809 3.3623969 3.5230635 2.3765542 3.2842504 3.4503827 3.5779863 3.3461405 3.3724347 3.7642381 3.9648492 3.0363872 4.1568742 3.8857514 3.9639485 4.0150289 3.6757161 3.8428953 3.6244044 3.4806159 3.7099933 4.7788359 3.8270143 3.9292671 3.9037493 5.0990468 3.4381526 4.1480639 1.1819900 1.0479288 0.8803851 0.9351195 0.9581115 0.9066276 0.9241659 0.9108086 0.9241659 1.0360096 0.9241659 0.8873751 0.8938558 0.8972420 0.8938558 1.0646987 1.0585110 0.0000000 3.8538735 7.1162310 
Morvir_scaffold178.g27.t1               5.6900812 2.9806638 4.7970747 3.2504352 3.2527734 3.4111340 2.7090851 1.8889191 2.5759482 2.5778419 2.5932599 2.8089668 2.7169741 2.7038657 2.8176509 2.9551101 2.1005379 3.6545248 3.1353467 3.4888595 3.4725094 3.4900484 3.3076300 4.1226217 2.2248422 2.5392974 3.4419675 3.3348713 3.3847799 3.4567413 3.6274302 2.6566767 3.4167118 3.7018357 2.9212531 1.7963057 2.2232557 2.0215587 2.8517680 2.7647407 4.1732441 5.8541289 3.8791964 3.6728990 3.6940977 3.1713101 3.7725784 3.6005525 3.3756126 3.5915581 3.0437272 3.6005525 3.6020732 3.3574025 3.2231496 3.3442522 3.3911447 3.2848902 3.8538735 0.0000000 3.8248380 
Hvul_g24624_1                           3.9766302 4.2646128 4.0694216 4.9332147 5.3482415 6.1379143 5.0951957 6.0767740 5.3985438 5.2047395 5.2392753 5.1804783 5.2943629 5.0856229 5.1519793 4.8880508 5.4271355 5.8501071 5.4002589 5.0171953 4.8825379 6.4880216 5.1323215 5.8418944 5.3192610 4.0161061 5.1895762 5.1169842 5.1179016 5.7942459 5.8024769 4.4854556 5.5715219 5.2378849 6.6652666 4.1466552 4.5443019 4.2471183 3.3392377 5.8848898 6.3773674 4.7825160 4.6741081 4.2176262 5.5250462 5.0945129 4.7395747 5.2961892 4.7002044 5.3284491 4.6011833 5.1155702 4.3627174 5.0712550 4.7887414 5.0893463 5.1762510 5.3397895 7.1162310 3.8248380 0.0000000 
