78
Scil_scict002221.1                                 0.0000000 0.4726851 0.8121966 0.7355635 1.6183884 1.3810388 1.8053255 1.8504674 3.3865566 3.0985057 3.2297346 4.2000428 2.9274683 2.5819202 4.9906381 2.9506216 3.2524147 3.2424441 4.5731431 3.5748009 4.2085716 3.6250164 2.8109138 5.0169464 3.2255236 3.8821260 5.0459128 3.5920212 3.5503951 3.7291780 4.0375203 2.2195817 3.5313534 3.3553629 3.5601439 4.4216425 5.1650169 4.2923963 4.0943684 3.1294667 3.7184458 3.7682404 2.7254430 3.4340848 3.8352790 4.5469610 4.4168272 3.8422993 4.0725526 3.7617302 3.8920899 4.8030039 4.1544991 3.9520985 5.6432335 4.9344560 4.2703242 5.1478454 5.0103567 6.0472845 3.6220456 3.6960271 3.7002605 3.5913772 3.7257893 3.6279878 3.4527638 3.5381593 3.4262911 3.8922274 3.5133906 3.5079131 2.5152274 3.3474537 4.3089506 3.7564662 3.5537879 3.9432710 
Scil_scict014239.1                                 0.4726851 0.0000000 0.7828614 0.7840260 1.3772391 1.4021154 1.5456966 1.4604823 3.1829188 2.6267097 2.8597000 2.9023273 2.7299107 2.5340437 3.4987990 2.5510157 2.5932241 2.9778631 3.2574295 2.9828787 2.9395324 2.8073047 2.7516497 3.3376061 2.6369584 3.3882498 2.8832910 3.0104092 2.9087101 2.5417280 3.2154786 1.8189892 3.7044814 2.9713246 2.9460503 3.8643295 3.9550398 3.7076930 3.4970941 3.1198542 3.1776408 3.1628759 3.0132569 2.8584509 3.3744285 3.6002054 3.4143846 3.5542516 3.6382583 3.5379227 3.5773319 3.8325188 3.5871629 3.3905400 4.4005851 4.1645819 2.9921960 3.8874021 4.1159318 3.9966049 3.0853755 3.0715750 3.1111689 3.0486566 2.8822665 3.6730849 3.2817915 2.7871843 3.7930616 3.2778651 2.9765686 2.7818941 3.2299417 3.0525254 3.7408451 3.2018714 3.3576125 3.9259174 
Lcom_lcpid91640                                    0.8121966 0.7828614 0.0000000 0.6494742 1.2210486 1.3054124 1.4009793 1.3817739 2.8083298 5.4153465 2.6297854 2.7051742 2.0655602 2.2697538 3.2994754 2.5999134 2.7247505 3.0014059 2.9075692 2.6426080 2.8461574 2.5390477 2.2459187 2.9370463 2.5635667 3.0019762 9.0000000 3.1734464 3.0577036 2.2197474 3.1494813 1.6187596 3.0733240 3.0717735 2.8478149 3.7036628 3.6580804 3.4115053 3.2850407 3.3212157 3.0699348 3.0998496 2.7766306 3.0859734 2.8809740 2.8841446 3.6599946 3.1120604 3.2667694 3.3240197 3.3542115 3.2762342 3.2022973 3.1889640 3.9957527 4.3171738 3.4100740 3.9289812 3.9729819 3.8773506 3.1793459 3.2046013 3.2497402 3.1556031 3.1281422 3.6195496 3.7371843 3.0366305 4.6232907 3.3477424 2.9574472 2.5265677 2.8078628 2.6643304 2.9866750 2.8324368 3.2203983 3.8863935 
Gracom_Gcom_C539264_01                             0.7355635 0.7840260 0.6494742 0.0000000 1.3887934 1.4020745 1.6699628 1.5669741 2.8014409 3.8191780 2.8213454 2.5690918 2.2493458 2.4946359 3.2101550 2.8239454 2.6712515 2.8641661 2.8104022 2.9293795 3.0956972 2.8282144 2.4572281 3.1631580 2.7388528 2.9089347 2.0209145 2.9987289 2.8955839 2.4620525 3.2115466 1.8730939 4.2377779 3.2838990 2.9584589 3.5862942 3.5760329 3.4933987 3.3644683 3.3859566 3.2324908 3.2724822 2.7727957 3.1148512 3.3126744 3.3729073 3.6264334 3.2813492 3.9937765 3.8391818 3.6624523 3.7969701 3.5609123 3.5663029 4.1722169 4.3245041 3.8179436 4.1546600 4.3293197 3.6714948 3.0807035 3.0334941 3.0609920 3.0215232 2.8965536 2.4850577 3.2440082 2.9101324 3.4615959 3.2096243 2.8282231 2.6820184 3.0145032 3.1167398 3.3358074 3.2258297 2.9073721 4.5381417 
Lcom_lcpid62473                                    1.6183884 1.3772391 1.2210486 1.3887934 0.0000000 1.0126202 1.0903325 0.9651621 2.7572960 2.8840016 2.4625822 2.7387418 2.0919331 3.3855963 3.8100374 2.8301886 3.0635339 3.0114021 3.1768040 3.0104684 3.1227852 2.9815671 2.2488195 3.1682760 2.8835110 3.2420020 3.3414339 3.3745497 3.3270812 3.0449465 2.8411347 1.9301990 4.4149661 3.2119118 3.2305240 3.3189548 3.9031645 3.2962853 3.2328922 2.8741995 3.3926037 3.3912375 3.5182528 3.3018584 3.6822651 3.4799056 3.3935886 3.2159641 3.3185503 3.1892655 3.0420211 3.7443681 3.6967346 3.6965448 4.0839675 4.4448011 4.3526454 3.8863600 3.8688934 3.6351315 3.4395727 3.2654607 3.3742681 3.3673027 3.3651162 2.9702826 4.0342134 3.5824727 3.7966364 3.3897784 3.1334965 3.3507566 3.2694145 3.0537040 3.1837368 3.4014321 3.4814149 3.6982203 
Gracom_Gcom_scaffold13732_01                       1.3810388 1.4021154 1.3054124 1.4020745 1.0126202 0.0000000 1.0178601 0.9663338 2.3666816 2.7253977 2.6097190 2.4837721 2.0415695 2.7996613 3.8519957 2.9526092 3.0604625 3.0749027 3.2042176 3.1439744 2.9380606 2.8443922 2.6243293 3.0840414 3.0918054 2.9835164 3.0581276 3.0081361 3.0217796 2.6615148 2.5935039 1.8675616 3.1914714 3.3694043 3.0766160 3.4815399 3.6571941 2.9544554 2.9332825 3.2444333 3.1605045 3.2269113 2.7279968 3.2157074 3.2802064 3.2084758 2.9131804 3.1710861 3.4307653 3.3816077 3.0355688 3.6995795 3.3534282 3.1873543 3.2282329 3.7739182 3.8896764 3.6451809 3.4057706 3.1372682 3.6974069 3.6450216 3.6860668 3.6312200 3.8131427 3.4407323 4.9574339 3.6150350 3.5556827 3.0811606 2.7572535 2.8614697 3.0835615 2.9275418 2.9329589 3.1371581 3.1452157 3.3180787 
Leuniv_Lniv_C810578_01                             1.8053255 1.5456966 1.4009793 1.6699628 1.0903325 1.0178601 0.0000000 0.8686785 2.8823646 2.2259595 2.6926139 2.4841223 2.0861973 3.3157944 3.7162765 2.9435006 3.0222241 2.9717929 3.0972314 3.1673602 3.1389457 2.9330124 2.0303347 3.1085397 3.1276947 3.2019457 3.5243393 3.2518805 3.0257084 2.6875976 2.7657411 2.1203997 3.5001357 3.2242152 3.1797804 3.3641283 3.3789625 3.1989139 3.2406172 3.2481543 3.1979430 3.2688027 2.9509027 3.1520693 3.6030952 3.7139378 3.1979531 3.0331357 3.0596727 3.0020911 2.5801275 3.3959151 3.1229347 2.8232993 3.4220718 4.4383767 4.3982296 3.6923077 3.7477768 3.3044833 3.3558863 3.3220859 3.2284128 3.2208856 3.2385993 2.7534511 3.9205365 3.2097605 3.9977170 3.2446914 2.9711194 3.1837812 2.9531861 3.0473573 3.3369382 3.0519377 3.4369824 3.9365874 
Scil_scict005624.1                                 1.8504674 1.4604823 1.3817739 1.5669741 0.9651621 0.9663338 0.8686785 0.0000000 2.8446420 2.8440197 2.4198610 2.5760911 1.9986766 3.0134233 3.8831494 2.8966779 2.8517363 2.9133032 3.0445708 3.0136004 2.9901573 2.8641884 2.1324138 3.1347132 3.1823289 3.1112396 3.1429317 3.0891694 2.9610448 2.4237396 2.7259691 1.8891370 2.8840335 2.9069255 3.2308396 3.2376798 3.4120568 2.9721433 2.9751456 3.3351907 3.3131716 3.4115714 3.2362767 3.4010915 3.1203390 3.1680838 3.4294948 3.3635739 3.1512000 3.0651825 2.8104322 3.5622511 3.7303687 3.4399338 3.3660679 3.8151492 3.8147948 3.5360948 3.6318584 2.8925585 3.1902876 3.2587869 3.3163362 3.2694184 3.2408131 2.8691991 4.1962989 3.2466529 3.6873070 2.9625908 2.7545793 2.8128169 3.2959359 3.0321407 3.0219321 3.1689728 3.2900693 3.3921713 
Cgig_XM_011457828.3                                3.3865566 3.1829188 2.8083298 2.8014409 2.7572960 2.3666816 2.8823646 2.8446420 0.0000000 1.1721162 1.9432050 1.8675901 1.5381197 2.3074516 2.8638423 2.1186225 2.3398408 2.2282192 2.2787248 2.3034055 2.1312749 2.0953235 1.5959769 2.3487619 2.0568867 2.4595233 2.9544644 2.4377746 2.4308726 2.3399550 2.0076356 2.3152657 2.6436444 2.3378659 2.5152048 2.0895779 2.4827271 2.2701837 2.2526154 2.8945756 2.8271915 2.9213683 2.6947643 2.4811349 2.7963258 2.7708979 2.4966592 2.7914642 2.5586959 2.5998293 2.3679433 3.1414511 3.2578696 2.8281578 3.3458358 3.6049634 3.6065189 2.9066037 3.0116378 2.6979666 2.4027956 2.3297945 2.3753347 2.3759611 2.3998678 2.3742274 3.0159994 2.4434347 2.8100678 3.2433501 3.0356065 3.2168368 2.3176756 2.1943466 2.6050690 3.1924307 3.0170716 3.2142263 
Lcom_lcpid182762                                   3.0985057 2.6267097 5.4153465 3.8191780 2.8840016 2.7253977 2.2259595 2.8440197 1.1721162 0.0000000 1.9774877 1.6729243 1.6342190 2.6096932 3.8553701 1.9653436 2.0818937 2.1153118 2.7562558 2.1668188 2.2154101 2.0686726 2.4977897 2.5238463 1.9632471 2.5843413 2.2315085 2.4161346 2.2645940 3.9771867 2.1610274 2.6832802 2.6103712 2.6346148 2.4909493 2.1268923 2.8098095 2.4266559 2.3116729 4.2329962 3.7074342 3.7161741 5.4521510 4.1738540 3.9820465 3.9820465 3.4977081 3.7508818 3.8831984 3.6052632 2.4363749 3.2095265 4.4423667 2.1641546 4.4273704 4.4030521 4.9510850 4.0592034 3.9647283 3.7492320 3.2773831 3.2266377 2.7019072 2.7362026 2.5949735 2.4690275 5.0814895 3.0978060 2.2492057 3.7322511 3.8158540 3.7161823 2.9198958 2.3146885 3.5851618 4.2837075 4.2479426 2.7384896 
Bralan_BLAG05000387_1                              3.2297346 2.8597000 2.6297854 2.8213454 2.4625822 2.6097190 2.6926139 2.4198610 1.9432050 1.9774877 0.0000000 1.8309715 1.3258754 2.2731932 2.9676966 2.1696092 2.3320762 2.1432356 2.2463879 2.0765508 2.1614183 2.1002856 1.6650042 2.1308957 1.8664029 2.1446350 2.2961571 2.2410328 2.1861580 2.2237915 1.4970594 2.6703833 2.5248582 2.3781541 2.4719069 1.9487516 2.3940045 2.0362510 2.0516302 2.5508742 2.8305923 2.7284634 2.8234645 2.8158523 3.0042535 2.7905073 2.9706894 2.1497727 3.0567826 3.1964606 2.7276648 2.9705642 3.2980633 3.2427394 2.9664321 3.4915373 3.3706162 3.1684630 2.8785234 3.0183744 2.2470349 2.2277066 2.2660429 2.2556099 2.1853098 2.3997614 2.5668177 2.2573257 2.8588656 3.1253401 2.9366044 2.9928846 2.6570133 2.3503675 2.8236259 3.0647654 2.7429578 2.9823247 
Ctel_gnl_WGS_AMQN_CAPTEDRAFT_mRNA223026            4.2000428 2.9023273 2.7051742 2.5690918 2.7387418 2.4837721 2.4841223 2.5760911 1.8675901 1.6729243 1.8309715 0.0000000 1.3405848 2.2833183 2.8952584 2.0925172 2.2202155 2.1280717 2.1924334 2.2421306 2.2673100 2.2414840 1.5431562 2.2699361 2.1515585 2.2589903 2.3831923 2.2946781 2.1996018 2.0705958 1.8254685 2.4436719 2.5364152 2.6637195 2.7109398 2.1401629 2.8027899 2.0153102 1.9628920 3.1281757 2.8617274 2.8853037 3.0542898 3.1907041 2.9887091 2.8185593 3.1288549 2.8080632 2.9310675 2.8904945 2.1928163 2.8249544 3.0286879 2.7991677 2.7219278 3.5009178 3.3301770 3.0415057 2.8770122 2.7939960 2.2722374 2.2645353 2.2401669 2.2117255 2.3290340 2.3578878 2.4313705 2.1757762 2.7727225 2.9350092 2.9581649 2.6599497 2.2710429 2.3096365 2.9494985 3.0275208 2.8332856 3.9851373 
Lcom_lcpid192320                                   2.9274683 2.7299107 2.0655602 2.2493458 2.0919331 2.0415695 2.0861973 1.9986766 1.5381197 1.6342190 1.3258754 1.3405848 0.0000000 1.1668097 1.9932768 1.7316961 1.6717280 1.5726068 1.7103719 1.5895719 1.5869513 1.5868045 1.4224504 1.7352344 1.6700645 1.5377214 0.0000010 1.5874890 1.7196414 1.5871434 1.6324472 1.9331928 1.7645558 1.7827707 1.7740181 1.8968902 1.3311017 1.4886422 1.5164197 4.9249780 2.1749008 2.1749008 2.0038422 2.3923810 2.5334383 2.7414261 2.3139679 2.4273568 2.2102405 2.1386189 2.0643588 1.9937933 2.6613991 2.4690532 2.6281827 2.5571336 2.1946246 2.0957811 2.5952699 2.2894927 1.8709716 1.9065016 1.9197814 1.9197814 1.6350175 0.0000010 2.2363925 1.7916127 3.4747821 1.6897143 1.6897143 1.7393669 1.6768517 1.8795481 1.6734206 1.7208398 1.7438374 2.7340329 
Tcas_TC010758_001                                  2.5819202 2.5340437 2.2697538 2.4946359 3.3855963 2.7996613 3.3157944 3.0134233 2.3074516 2.6096932 2.2731932 2.2833183 1.1668097 0.0000000 2.8952489 2.3400345 2.8287635 2.5864138 2.5032311 2.5407104 2.5587646 2.6143512 1.7565891 2.5067058 2.3834659 2.2746778 3.3889729 2.4971576 2.5939919 2.1929217 2.5926584 2.9172890 2.8656885 2.7144243 2.7569134 3.0574360 2.2780351 2.4631427 2.4643830 3.6956889 2.7517083 2.7351619 2.8838263 2.5534990 3.2121585 3.3050762 2.5626194 2.6125061 2.5100146 2.5986237 2.4689480 2.5557017 2.7612318 2.8414810 3.7115437 3.2182929 3.2672360 3.3163698 3.6104323 2.9123953 2.9852467 2.8475110 2.8265327 2.8306948 2.7999393 3.7425803 2.7959463 2.9624567 3.2286232 2.9664329 2.6979586 2.9383992 2.6219698 2.7500162 2.6845939 3.5460644 2.1359341 3.2084281 
Xestes_maker-XT_scaffold2405-snap-gene-0.42-mRNA-1 4.9906381 3.4987990 3.2994754 3.2101550 3.8100374 3.8519957 3.7162765 3.8831494 2.8638423 3.8553701 2.9676966 2.8952584 1.9932768 2.8952489 0.0000000 3.3036603 3.4985701 3.2276839 3.2067779 3.1215517 3.0851861 3.0388356 2.2319304 3.0946960 3.1617120 3.2000250 5.6325865 3.6755669 3.5419933 2.8346497 3.1994991 3.2035469 3.9024016 3.2438818 3.5519367 3.4989535 3.2939688 3.3390545 3.2765524 2.8458932 3.3169911 3.1891112 3.3607088 3.4323479 4.0047564 4.2267506 3.8780118 3.2415625 3.8471264 3.8822457 3.5428602 4.0484420 3.8229050 3.7773546 4.6376660 1.7180778 1.6446639 1.5737308 1.7417788 1.4883188 3.4303129 3.1926105 3.3477549 3.3406476 3.3076397 3.8537406 3.6961467 3.4473822 4.2711506 2.3481843 2.3434916 2.1899896 3.5205604 3.2523398 3.3170835 3.1897349 3.4780664 3.8991470 
Pocdam_XM_027204849.1                              2.9506216 2.5510157 2.5999134 2.8239454 2.8301886 2.9526092 2.9435006 2.8966779 2.1186225 1.9653436 2.1696092 2.0925172 1.7316961 2.3400345 3.3036603 0.0000000 0.3058977 0.5442336 0.7509786 0.6464231 0.8456143 0.8328632 1.7705507 1.3905030 1.1785082 1.9241588 1.9719978 2.0571748 2.0750176 2.0155960 1.9488130 2.5551559 3.0692567 2.2063460 2.1736165 2.2896686 3.0596190 2.3714752 2.2804132 2.7985076 3.2398094 3.1945243 3.1947608 2.7060545 3.1432718 3.0382520 2.8216063 2.9262767 3.2135965 3.0695998 2.9323242 2.7362457 3.1211346 3.1483274 3.3938145 3.7644027 3.0899724 3.1018754 3.3529749 3.1373636 2.0614139 2.0082634 2.0986662 2.0883810 2.0868448 1.6308747 2.7348146 2.0334476 2.3396388 2.8939495 2.7493936 2.9327029 2.1452649 2.3676360 3.0320808 3.1210222 2.9162755 2.9774912 
Spis_XP_022788076_1                                3.2524147 2.5932241 2.7247505 2.6712515 3.0635339 3.0604625 3.0222241 2.8517363 2.3398408 2.0818937 2.3320762 2.2202155 1.6717280 2.8287635 3.4985701 0.3058977 0.0000000 0.6682969 0.8855708 0.7552810 0.9900473 0.9668995 1.7241248 1.6760053 1.4150568 2.0627341 2.0881766 2.1600251 2.2404912 2.2623052 2.0382965 2.7815185 3.3836933 2.2381506 2.4079500 2.4700462 3.1513424 2.6595801 2.5314327 3.0783156 3.3344760 3.3644244 3.3518124 2.9407761 3.3771347 3.2640635 2.9674329 3.2880931 3.3221481 3.3238543 3.1297949 2.8659580 3.3813447 3.3618659 3.2904462 3.6208178 3.0162125 3.0821907 3.5356659 2.9175594 2.3439232 2.3192313 2.3918958 2.3792878 2.3482621 2.1979161 2.7694770 2.1798826 2.5029048 2.7641900 2.7509792 2.7271523 2.0309469 2.3879970 3.0816109 3.2521211 2.8672883 3.2223232 
Fspp_ffun1.m4.24193.m1                             3.2424441 2.9778631 3.0014059 2.8641661 3.0114021 3.0749027 2.9717929 2.9133032 2.2282192 2.1153118 2.1432356 2.1280717 1.5726068 2.5864138 3.2276839 0.5442336 0.6682969 0.0000000 0.4765201 0.5302755 0.7372396 0.7054142 1.5138945 1.2905245 1.2240109 1.8619357 2.1087731 1.9651755 2.0648079 1.9076327 1.9666666 2.5331555 3.7879761 2.0941478 2.2562355 2.1970753 2.9327833 2.4597064 2.3738710 2.3062138 3.0092751 2.9364414 2.7468333 2.6504280 3.0760204 2.9423108 2.7180111 2.7952634 3.4051035 3.4196691 3.4324770 2.5980230 3.0826291 3.0208228 3.3167370 3.7811961 3.3753254 3.3373388 3.5064932 3.0708067 2.2086727 2.0588549 2.1562833 2.1499947 2.0897688 1.7183122 2.5274507 2.0607671 2.7279685 2.6811379 2.6759006 2.7959087 2.0729799 2.3243600 2.9900347 3.3567534 3.0257560 3.1177242 
Gasp_gasp1.m3.6605.m1                              4.5731431 3.2574295 2.9075692 2.8104022 3.1768040 3.2042176 3.0972314 3.0445708 2.2787248 2.7562558 2.2463879 2.1924334 1.7103719 2.5032311 3.2067779 0.7509786 0.8855708 0.4765201 0.0000000 0.6808420 0.8938904 0.8859210 1.4916927 1.3313340 1.3759829 1.8084579 1.9195906 1.9254646 2.0804375 1.8709770 1.9808514 2.7637724 3.5861758 2.3482279 2.2416607 2.5791036 3.0875327 2.4572761 2.3597064 2.9286409 2.8581747 2.8410714 2.8630491 2.6735680 3.0581094 3.0372438 2.8506433 2.6944640 3.1140745 3.0233876 3.0568375 2.9016634 3.1299864 3.0192496 2.9796232 3.9720785 3.6537878 3.2121175 3.4596852 2.8554285 2.2711127 2.1334399 2.2698427 2.2545141 2.1601970 1.9656939 2.7443610 2.1760823 3.0136351 2.8512491 2.7140745 2.8907854 2.3746885 2.4616734 2.8616321 3.4521619 2.8857228 3.3089121 
Gfas_gfas1.m1.1231.m1                              3.5748009 2.9828787 2.6426080 2.9293795 3.0104684 3.1439744 3.1673602 3.0136004 2.3034055 2.1668188 2.0765508 2.2421306 1.5895719 2.5407104 3.1215517 0.6464231 0.7552810 0.5302755 0.6808420 0.0000000 0.6572185 0.6548027 1.4803623 1.2836318 1.2745465 1.8725874 2.1016578 1.9918583 2.0987629 1.9157646 2.0398947 2.4893855 3.5375974 2.1928736 2.1187692 2.3198287 2.8028079 2.4060922 2.3465087 2.8409273 2.8478476 2.9235618 2.8883694 2.7031398 3.0695734 2.9743590 2.6395899 2.9932492 2.9991741 3.0568341 2.8610660 2.6970244 2.9495608 3.1040751 3.0004783 3.5019669 3.2452266 3.1631053 3.1069514 3.1186666 2.2447415 2.1406604 2.2365263 2.2298606 2.2031962 1.9121208 2.6800442 2.1330107 2.8646473 2.7933621 2.8205703 2.9045897 2.2439282 2.2640492 2.9306407 3.1066973 3.0118446 3.0814017 
Amil_Amillepora07598-RA                            4.2085716 2.9395324 2.8461574 3.0956972 3.1227852 2.9380606 3.1389457 2.9901573 2.1312749 2.2154101 2.1614183 2.2673100 1.5869513 2.5587646 3.0851861 0.8456143 0.9900473 0.7372396 0.8938904 0.6572185 0.0000000 0.0505367 1.5329721 1.4044327 1.2543488 1.9562949 2.4429565 2.1000599 2.2197846 1.8795391 1.9542320 2.8554235 3.6166255 2.1260177 2.0794390 2.4388372 2.9454608 2.4015875 2.3167756 2.9608201 3.1109102 3.2817069 2.9389890 2.8825637 3.5260094 3.1969712 2.9397083 2.6892207 2.9576660 3.0900824 2.8835506 2.9236099 3.1871095 3.1125331 3.0215391 3.5342878 3.0248937 3.1337075 3.1166567 2.8859155 2.1447605 2.0794475 2.1309420 2.1274862 2.2162862 2.0153020 2.6264681 2.1382081 2.6749104 2.8312049 2.7937537 2.8271715 2.2200769 2.3962151 2.8700866 3.1899376 2.9330638 3.4641807 
Adig_XM_015919383.1                                3.6250164 2.8073047 2.5390477 2.8282144 2.9815671 2.8443922 2.9330124 2.8641884 2.0953235 2.0686726 2.1002856 2.2414840 1.5868045 2.6143512 3.0388356 0.8328632 0.9668995 0.7054142 0.8859210 0.6548027 0.0505367 0.0000000 1.5484544 1.4198711 1.2490652 1.9874761 2.3771484 2.0825473 2.2197342 1.8870671 1.9784930 2.7898278 3.6066036 2.0637997 2.1038111 2.3890980 2.9105493 2.5263514 2.4140937 2.9733789 2.9591247 2.9301489 2.8571037 2.8171750 3.4394012 3.1826274 2.9273260 2.7380446 3.0055739 3.1370040 3.0037768 2.7230127 2.9739107 2.9154252 3.0217933 3.3893543 2.9880054 2.9425730 3.0215395 2.8202377 2.1658535 2.0939016 2.1174278 2.1141133 2.2146174 1.9860921 2.6954979 2.1499719 2.6214064 2.7152766 2.7102400 2.7539696 2.1368817 2.3184474 2.9249238 3.0777968 2.9581994 3.3775105 
Cscu_XM_023367031.1                                2.8109138 2.7516497 2.2459187 2.4572281 2.2488195 2.6243293 2.0303347 2.1324138 1.5959769 2.4977897 1.6650042 1.5431562 1.4224504 1.7565891 2.2319304 1.7705507 1.7241248 1.5138945 1.4916927 1.4803623 1.5329721 1.5484544 0.0000000 1.6121317 1.5310241 1.6292545 3.8080566 1.9484484 1.8401062 1.9238647 1.5522336 2.3571922 1.2129135 2.4993581 2.2124713 2.2826230 1.9190823 1.7457252 1.7362531 4.6449293 2.4984825 2.4984825 2.5181101 2.4977361 2.7367089 2.4745851 2.4807564 2.1281970 2.1459331 2.1837923 2.1298529 2.9264574 2.5553819 2.6584160 3.0702411 2.7047092 2.5760529 2.2814656 2.5312451 2.4921762 2.2162308 2.2125575 2.2027233 2.1868308 2.0645178 2.0187135 3.0024296 2.2057339 4.2803671 2.3154082 2.3154082 2.4770820 2.1276157 2.0454511 2.4660264 2.4600725 2.7137316 3.2254042 
Nvec_v1g243800                                     5.0169464 3.3376061 2.9370463 3.1631580 3.1682760 3.0840414 3.1085397 3.1347132 2.3487619 2.5238463 2.1308957 2.2699361 1.7352344 2.5067058 3.0946960 1.3905030 1.6760053 1.2905245 1.3313340 1.2836318 1.4044327 1.4198711 1.6121317 0.0000000 1.0087627 2.0032106 2.3810699 2.0866565 2.0736477 1.8906087 2.0950064 3.2628961 2.7190911 2.3664537 2.2045698 2.5713576 3.0156573 2.4772736 2.3480047 2.7845521 3.0919715 3.0919715 3.2587502 3.0054404 3.1577154 3.1822911 3.4496469 2.7341792 2.9572454 3.0569700 2.6959416 3.0775185 3.3733954 3.0977264 3.1882617 3.2814295 2.8186824 2.7090946 3.3975500 2.7625345 2.1150970 1.9370383 2.0446231 2.0355043 2.1603502 1.9500818 2.5801900 2.0111475 3.3458771 2.7706051 2.7748287 2.7893478 2.7581092 2.4000537 2.5682318 3.3044091 2.6378722 3.3794391 
Exapal_XM_021040209.2                              3.2255236 2.6369584 2.5635667 2.7388528 2.8835110 3.0918054 3.1276947 3.1823289 2.0568867 1.9632471 1.8664029 2.1515585 1.6700645 2.3834659 3.1617120 1.1785082 1.4150568 1.2240109 1.3759829 1.2745465 1.2543488 1.2490652 1.5310241 1.0087627 0.0000000 1.8300815 1.8449110 1.9879829 2.0057203 2.0501476 1.8782227 2.5497706 2.8751241 2.1528322 2.0311684 2.6174770 2.5529196 2.5235723 2.3878624 2.4692654 3.1560999 3.1678873 2.9103305 2.7324219 3.2851739 3.3224215 3.1414081 2.6230097 2.9167995 2.8073388 2.6011073 3.2095779 3.4779043 3.1829466 3.5322601 2.9887155 2.7788793 2.9563768 2.7655628 2.9072180 2.0068683 1.9077810 1.9307380 1.9216858 1.9672576 1.3436638 2.5488647 1.9797355 2.2543207 2.4778411 2.3287490 2.3958602 2.3231386 2.0818150 3.0748162 3.4702499 2.3888011 3.5825157 
Sanmal_Sma_010321-T1                               3.8821260 3.3882498 3.0019762 2.9089347 3.2420020 2.9835164 3.2019457 3.1112396 2.4595233 2.5843413 2.1446350 2.2589903 1.5377214 2.2746778 3.2000250 1.9241588 2.0627341 1.8619357 1.8084579 1.8725874 1.9562949 1.9874761 1.6292545 2.0032106 1.8300815 0.0000000 0.8990466 0.9870816 1.0198553 1.4725691 2.2623916 2.8374738 3.4276235 2.4849848 2.2069019 2.5721472 2.9870241 2.7870206 2.6671533 1.5310715 2.5058061 2.4765662 2.9587858 2.3696955 2.6572216 2.6016792 2.4049306 2.4739989 2.7266081 2.7135223 2.5128911 2.7394544 2.6966012 2.6454666 2.7921644 3.6781163 3.5771372 3.4436030 3.4644686 3.2021183 2.3088237 2.2503263 2.2438545 2.2413931 2.2892286 2.2018512 2.5333806 2.2448641 2.2455304 2.7390951 2.5533597 2.9147188 2.1314203 2.3803414 3.0751571 3.4040255 3.2571623 2.7584113 
Aaur_scaffold3357.g1.t1                            5.0459128 2.8832910 9.0000000 2.0209145 3.3414339 3.0581276 3.5243393 3.1429317 2.9544644 2.2315085 2.2961571 2.3831923 0.0000010 3.3889729 5.6325865 1.9719978 2.0881766 2.1087731 1.9195906 2.1016578 2.4429565 2.3771484 3.8080566 2.3810699 1.8449110 0.8990466 0.0000000 0.8602668 0.8760973 5.3154503 2.3124248 3.3674233 3.3755279 2.4039179 1.9066319 2.6070652 3.1667903 2.9373319 2.8814700 2.1926975 0.0000010 9.0000000 0.0000010 0.0000010 9.0000000 9.0000000 0.0000010 2.7557343 6.5449980 6.5449980 0.0000010 9.0000000 9.0000000 0.0000010 6.8947888 4.2236708 5.2333273 4.0820644 4.8697909 3.9580076 2.2712769 2.0399658 2.2260662 2.2260662 2.2160990 2.1240948 0.0000010 2.3961004 1.5422360 4.0169155 5.1255386 4.7805323 2.1715176 2.3292757 3.1244795 3.9855302 3.7766000 3.2499952 
Rhoesc_Res_000386-T1                               3.5920212 3.0104092 3.1734464 2.9987289 3.3745497 3.0081361 3.2518805 3.0891694 2.4377746 2.4161346 2.2410328 2.2946781 1.5874890 2.4971576 3.6755669 2.0571748 2.1600251 1.9651755 1.9254646 1.9918583 2.1000599 2.0825473 1.9484484 2.0866565 1.9879829 0.9870816 0.8602668 0.0000000 0.3449771 1.3465200 2.5734158 2.9191746 2.8935874 2.3741332 2.2269323 2.2866802 3.1125275 2.7978636 2.7210687 1.6511963 2.6499774 2.7034547 3.1002266 2.9774007 3.2892718 3.2864595 2.6682674 3.1332820 3.2984920 3.3070748 3.1201824 3.6731081 3.0491585 2.9639989 3.1712995 3.8533620 4.0506370 3.7018886 3.4005151 3.2195497 2.5626728 2.2659452 2.2951533 2.2877730 2.3445384 2.1273101 2.7167104 2.5036562 1.9861523 3.1748611 3.0920602 3.0578939 2.1660348 2.5047982 2.9472938 3.5617661 3.0899858 2.9212483 
Nemnom_g7328.t1                                    3.5503951 2.9087101 3.0577036 2.8955839 3.3270812 3.0217796 3.0257084 2.9610448 2.4308726 2.2645940 2.1861580 2.1996018 1.7196414 2.5939919 3.5419933 2.0750176 2.2404912 2.0648079 2.0804375 2.0987629 2.2197846 2.2197342 1.8401062 2.0736477 2.0057203 1.0198553 0.8760973 0.3449771 0.0000000 1.2828580 2.5461364 2.8109187 2.6460871 2.5338896 2.2508742 2.2281305 2.9333105 2.8902994 2.8353424 1.7454906 2.7012161 2.7302884 3.1699425 2.9005070 3.3174963 3.2778043 3.0991864 3.2989095 3.1571012 2.9963347 2.8993355 3.2169058 3.2913693 3.1842574 3.0252962 3.7890612 3.7172386 3.4870865 3.3360576 2.9780215 2.6513559 2.3047073 2.3586467 2.3526352 2.4454633 2.4068341 2.7078010 2.6489297 2.1111176 3.1986895 3.0764474 3.0530929 2.2980288 2.4722445 3.0790152 3.4354163 2.9289901 2.7986966 
Morvir_scaffold208.g40.t1                          3.7291780 2.5417280 2.2197474 2.4620525 3.0449465 2.6615148 2.6875976 2.4237396 2.3399550 3.9771867 2.2237915 2.0705958 1.5871434 2.1929217 2.8346497 2.0155960 2.2623052 1.9076327 1.8709770 1.9157646 1.8795391 1.8870671 1.9238647 1.8906087 2.0501476 1.4725691 5.3154503 1.3465200 1.2828580 0.0000000 2.7958810 2.6274373 2.2334733 2.6191971 2.8999308 2.0772888 2.5007218 2.4389025 2.3150566 3.0219259 2.4835934 2.4835934 2.7270971 2.7757949 2.5168201 2.4655932 2.7424064 2.4010296 2.7749025 2.8315297 2.7172593 2.9239643 2.7581475 2.4853916 2.6780708 3.4837823 3.0475957 3.3345750 2.8724425 3.2928562 2.0034258 1.9616949 1.9764130 1.9694578 1.8404074 2.4152552 2.1547029 1.9105049 5.5857559 2.7674316 2.6220121 2.4097270 2.2722212 1.9551584 2.4134152 2.7458931 2.5795208 3.0851885 
Skow_XM_002734618.2                                4.0375203 3.2154786 3.1494813 3.2115466 2.8411347 2.5935039 2.7657411 2.7259691 2.0076356 2.1610274 1.4970594 1.8254685 1.6324472 2.5926584 3.1994991 1.9488130 2.0382965 1.9666666 1.9808514 2.0398947 1.9542320 1.9784930 1.5522336 2.0950064 1.8782227 2.2623916 2.3124248 2.5734158 2.5461364 2.7958810 0.0000000 2.6869696 2.6655369 2.1112522 2.2177045 2.0892120 2.4792683 2.0758040 2.0423554 2.6125963 2.9214361 3.0823709 2.9352243 2.7942239 3.0147150 2.9907329 2.9939823 2.5800328 3.3352857 3.3175266 2.7764197 2.7731471 3.3584219 3.2850336 2.4860081 3.2085453 3.3631733 3.3850985 2.7018115 3.0052286 2.3382499 2.2696268 2.2248194 2.2224724 2.1678294 1.8997343 2.6572007 2.2497139 2.2437525 3.0164094 3.0420723 2.9632015 2.4271850 2.5752083 2.8213396 2.9954342 3.2479489 2.6220428 
Clacor_Ccor_C541601_01                             2.2195817 1.8189892 1.6187596 1.8730939 1.9301990 1.8675616 2.1203997 1.8891370 2.3152657 2.6832802 2.6703833 2.4436719 1.9331928 2.9172890 3.2035469 2.5551559 2.7815185 2.5331555 2.7637724 2.4893855 2.8554235 2.7898278 2.3571922 3.2628961 2.5497706 2.8374738 3.3674233 2.9191746 2.8109187 2.6274373 2.6869696 0.0000000 3.2608262 2.7368636 2.8700382 3.0227841 3.1820461 3.0697130 3.0547097 3.9540092 3.5281933 3.4753908 2.9762774 3.2007407 2.8169641 2.7704650 3.0979221 2.8952042 3.0362240 2.9436674 2.8059280 3.0367254 3.0098435 2.9176491 3.2652886 3.2077798 3.2523884 3.6600671 3.3045539 3.2689001 3.0612983 2.9884385 3.0205893 2.9874766 2.9056739 2.5736239 3.8028842 3.0443373 3.5741195 3.1005766 3.1361745 2.9205132 2.9543767 2.9388168 2.9369490 3.1649461 3.6587112 4.4448403 
Cscu_XM_023367029.1                                3.5313534 3.7044814 3.0733240 4.2377779 4.4149661 3.1914714 3.5001357 2.8840335 2.6436444 2.6103712 2.5248582 2.5364152 1.7645558 2.8656885 3.9024016 3.0692567 3.3836933 3.7879761 3.5861758 3.5375974 3.6166255 3.6066036 1.2129135 2.7190911 2.8751241 3.4276235 3.3755279 2.8935874 2.6460871 2.2334733 2.6655369 3.2608262 0.0000000 2.8454069 2.8228648 3.0288845 3.3208610 3.1476148 3.2984448 1.6172492 2.8811936 3.3155785 2.4289686 3.7823119 2.3431385 2.5585766 3.4908495 3.2341832 2.8938711 2.6234405 1.3792982 4.6061515 4.1200052 0.9565018 3.6956715 3.9924780 4.6478394 4.4022060 4.6138261 4.2615269 3.3618629 3.0390112 2.9435625 3.0017132 2.6459604 2.9035725 2.8693974 3.1375518 2.7402974 3.9748888 4.2047650 3.8605470 3.2357745 2.6122313 3.8372873 5.3634985 4.9248632 2.3317144 
Dgig_XM_028545233.1                                3.3553629 2.9713246 3.0717735 3.2838990 3.2119118 3.3694043 3.2242152 2.9069255 2.3378659 2.6346148 2.3781541 2.6637195 1.7827707 2.7144243 3.2438818 2.2063460 2.2381506 2.0941478 2.3482279 2.1928736 2.1260177 2.0637997 2.4993581 2.3664537 2.1528322 2.4849848 2.4039179 2.3741332 2.5338896 2.6191971 2.1112522 2.7368636 2.8454069 0.0000000 0.9020961 2.5519073 2.6647117 2.8297246 2.7583375 2.8975361 3.1512715 3.1201655 3.0436249 3.0780329 3.2421583 3.2050369 3.2424793 3.0594659 2.9609155 3.0348079 2.9124346 2.9317284 3.1706854 3.0331902 3.8010183 3.7992161 3.7009884 3.4759155 3.2867542 2.9444920 2.3904643 2.3992942 2.3421128 2.3346481 2.3229749 1.7692642 2.9931513 2.1744727 2.6596325 2.8812686 3.0243926 2.9336439 2.2763160 2.6711531 2.9478894 3.0780796 3.1741418 2.9026367 
Xesp_015736-T1                                     3.5601439 2.9460503 2.8478149 2.9584589 3.2305240 3.0766160 3.1797804 3.2308396 2.5152048 2.4909493 2.4719069 2.7109398 1.7740181 2.7569134 3.5519367 2.1736165 2.4079500 2.2562355 2.2416607 2.1187692 2.0794390 2.1038111 2.2124713 2.2045698 2.0311684 2.2069019 1.9066319 2.2269323 2.2508742 2.8999308 2.2177045 2.8700382 2.8228648 0.9020961 0.0000000 2.7900385 2.8533552 2.7886770 2.7165719 2.7673266 3.6154818 3.5061884 3.5397778 3.4506138 3.7338922 3.4227691 3.6509162 3.0689497 3.7645596 4.0258787 3.8485765 3.2595782 3.1852741 3.3234976 3.5754234 3.6283251 3.5075778 3.3355826 3.1945950 3.1212615 2.4678452 2.5630931 2.4134913 2.4243786 2.4657683 2.1800201 3.4079008 2.3781203 2.5760737 3.0095478 2.9362706 2.7315104 2.2579940 2.8004501 3.2622679 2.9319049 3.1900726 3.1486892 
Hsap_ENST00000369762                               4.4216425 3.8643295 3.7036628 3.5862942 3.3189548 3.4815399 3.3641283 3.2376798 2.0895779 2.1268923 1.9487516 2.1401629 1.8968902 3.0574360 3.4989535 2.2896686 2.4700462 2.1970753 2.5791036 2.3198287 2.4388372 2.3890980 2.2826230 2.5713576 2.6174770 2.5721472 2.6070652 2.2866802 2.2281305 2.0772888 2.0892120 3.0227841 3.0288845 2.5519073 2.7900385 0.0000000 2.8126935 2.6514943 2.5817419 2.9120430 3.1839492 3.0805721 3.0442439 2.8132622 3.4411997 3.3721076 3.0120432 3.0615132 2.7600116 2.8513463 2.8408646 3.3400214 3.2500330 3.2500561 3.4299603 3.9828839 3.9336173 3.7132422 3.2569928 3.3667398 2.5600311 2.5039314 2.4987888 2.5193062 2.4605236 2.2863562 3.2266366 2.6877218 2.8235873 3.3611639 3.1893964 3.3899775 2.7561494 2.9033320 3.4998796 3.2224304 3.3264513 1.8474013 
Dpul_mRNA4782                                      5.1650169 3.9550398 3.6580804 3.5760329 3.9031645 3.6571941 3.3789625 3.4120568 2.4827271 2.8098095 2.3940045 2.8027899 1.3311017 2.2780351 3.2939688 3.0596190 3.1513424 2.9327833 3.0875327 2.8028079 2.9454608 2.9105493 1.9190823 3.0156573 2.5529196 2.9870241 3.1667903 3.1125275 2.9333105 2.5007218 2.4792683 3.1820461 3.3208610 2.6647117 2.8533552 2.8126935 0.0000000 3.1015518 3.0584683 3.7637644 2.8751443 2.8848351 2.8600272 2.5792150 3.2720995 3.2089873 2.8723946 2.8064494 2.9186498 2.9338373 2.6826525 2.5861732 3.1634831 2.8301043 3.0692039 3.3991856 3.3203054 3.7179582 3.3440545 2.8997048 2.9382242 2.8438929 2.7647896 2.7614614 2.6803522 2.8101268 3.1063704 3.0328786 3.0894614 3.3612210 3.6082343 3.5707501 2.8168008 3.0075754 3.1941628 3.1276885 3.0729596 3.4895652 
Spur_XM_030985406.1                                4.2923963 3.7076930 3.4115053 3.4933987 3.2962853 2.9544554 3.1989139 2.9721433 2.2701837 2.4266559 2.0362510 2.0153102 1.4886422 2.4631427 3.3390545 2.3714752 2.6595801 2.4597064 2.4572761 2.4060922 2.4015875 2.5263514 1.7457252 2.4772736 2.5235723 2.7870206 2.9373319 2.7978636 2.8902994 2.4389025 2.0758040 3.0697130 3.1476148 2.8297246 2.7886770 2.6514943 3.1015518 0.0000000 0.0333640 2.7401612 3.5772644 3.6592392 3.2055101 2.8926134 3.1779330 2.8846144 3.0511059 3.0542695 3.3244268 3.3355676 3.2016666 3.4921184 3.3190698 3.1219732 3.4362679 3.5382103 3.4860836 3.2358637 3.1341283 3.0429903 2.4154626 2.4660048 2.4002711 2.3853332 2.4832508 2.3112631 3.1094024 2.4530425 2.7302338 2.9926571 2.9522606 3.2116536 2.6149099 2.8037753 2.7230967 3.1725837 3.1468364 3.1506040 
Spur_XM_031000269.1                                4.0943684 3.4970941 3.2850407 3.3644683 3.2328922 2.9332825 3.2406172 2.9751456 2.2526154 2.3116729 2.0516302 1.9628920 1.5164197 2.4643830 3.2765524 2.2804132 2.5314327 2.3738710 2.3597064 2.3465087 2.3167756 2.4140937 1.7362531 2.3480047 2.3878624 2.6671533 2.8814700 2.7210687 2.8353424 2.3150566 2.0423554 3.0547097 3.2984448 2.7583375 2.7165719 2.5817419 3.0584683 0.0333640 0.0000000 2.7053886 3.4819560 3.5525593 3.1709258 2.8978114 3.1985165 2.9122243 3.0038602 3.1185391 3.2432189 3.2864693 3.1543098 3.5579636 3.2917414 3.1426636 3.5027665 3.5003743 3.4154318 3.1725015 3.0567162 2.9161798 2.3816364 2.4327907 2.3613065 2.3465701 2.4442869 2.2733233 3.0338855 2.4244123 2.6879850 3.0164275 3.0391632 3.1484768 2.5622999 2.7833747 2.7321951 3.0834705 3.1646091 3.1008263 
Aaur_scaffold1533.g2.t1                            3.1294667 3.1198542 3.3212157 3.3859566 2.8741995 3.2444333 3.2481543 3.3351907 2.8945756 4.2329962 2.5508742 3.1281757 4.9249780 3.6956889 2.8458932 2.7985076 3.0783156 2.3062138 2.9286409 2.8409273 2.9608201 2.9733789 4.6449293 2.7845521 2.4692654 1.5310715 2.1926975 1.6511963 1.7454906 3.0219259 2.6125963 3.9540092 1.6172492 2.8975361 2.7673266 2.9120430 3.7637644 2.7401612 2.7053886 0.0000000 3.7991041 3.7991041 4.5494195 2.9835516 3.6092808 3.3008612 3.8273138 4.7526940 3.2026430 3.3634325 3.4598344 5.3791753 3.8242975 4.2786957 4.4923338 2.8695274 2.9292035 3.0183933 4.7286229 3.8148262 3.6164646 3.1625850 3.1340352 3.1340352 3.2963775 3.0300693 3.1934167 3.6410939 1.6593985 3.6655491 3.4515561 3.8033383 5.2115401 3.7476787 2.7048653 3.7866267 4.0013064 3.8549839 
Vmul_sbMO415439                                    3.7184458 3.1776408 3.0699348 3.2324908 3.3926037 3.1605045 3.1979430 3.3131716 2.8271915 3.7074342 2.8305923 2.8617274 2.1749008 2.7517083 3.3169911 3.2398094 3.3344760 3.0092751 2.8581747 2.8478476 3.1109102 2.9591247 2.4984825 3.0919715 3.1560999 2.5058061 0.0000010 2.6499774 2.7012161 2.4835934 2.9214361 3.5281933 2.8811936 3.1512715 3.6154818 3.1839492 2.8751443 3.5772644 3.4819560 3.7991041 0.0000000 0.0048777 0.7665892 0.8403060 0.8527897 0.8858447 0.8655780 1.1332512 1.2035039 1.2537983 1.1536252 1.0387215 1.1209137 1.2373892 1.5782816 3.4263545 3.4261805 3.9577526 2.8912242 2.9297710 2.7208659 2.7307241 2.6997387 2.7127736 2.5544379 4.8316126 2.6536955 2.6797290 3.6562443 3.5344450 3.1044945 3.0867337 3.3786985 2.8100235 3.1772443 2.9257000 3.3209798 4.3402621 
Mlei_ML0323.g28.i1                                 3.7682404 3.1628759 3.0998496 3.2724822 3.3912375 3.2269113 3.2688027 3.4115714 2.9213683 3.7161741 2.7284634 2.8853037 2.1749008 2.7351619 3.1891112 3.1945243 3.3644244 2.9364414 2.8410714 2.9235618 3.2817069 2.9301489 2.4984825 3.0919715 3.1678873 2.4765662 9.0000000 2.7034547 2.7302884 2.4835934 3.0823709 3.4753908 3.3155785 3.1201655 3.5061884 3.0805721 2.8848351 3.6592392 3.5525593 3.7991041 0.0048777 0.0000000 0.7786096 0.8282609 0.9066237 0.9546869 0.8532954 1.1568969 1.2522646 1.3011236 1.1536252 1.0530668 1.1170646 1.2373892 1.6736651 3.6263434 3.6295363 4.0970756 2.9393523 2.7626756 2.6997607 2.7096002 2.6830271 2.6951667 2.5086701 4.0548088 2.6536955 2.6797290 4.1181497 3.5615725 3.1044945 3.0530741 3.4857795 2.7605157 3.2705792 2.9679390 3.3979806 4.2833122 
Bolinf_Binf_sb1251489                              2.7254430 3.0132569 2.7766306 2.7727957 3.5182528 2.7279968 2.9509027 3.2362767 2.6947643 5.4521510 2.8234645 3.0542898 2.0038422 2.8838263 3.3607088 3.1947608 3.3518124 2.7468333 2.8630491 2.8883694 2.9389890 2.8571037 2.5181101 3.2587502 2.9103305 2.9587858 0.0000010 3.1002266 3.1699425 2.7270971 2.9352243 2.9762774 2.4289686 3.0436249 3.5397778 3.0442439 2.8600272 3.2055101 3.1709258 4.5494195 0.7665892 0.7786096 0.0000000 0.8475598 0.8863069 0.9063269 0.9828321 0.9801004 1.2120467 1.1573333 1.0568842 1.2172965 1.2036212 1.1574381 1.6048963 3.1577723 3.1619526 3.6604638 2.6895525 2.6092192 2.8537321 2.8602078 2.7365203 2.7532273 2.5074502 9.0000000 2.5560513 2.8032113 4.3606620 2.9959543 2.6571290 2.9129258 2.9187482 2.7371458 2.7349664 3.2302675 3.1496736 3.9070909 
Drygla_Dgla_sb304458                               3.4340848 2.8584509 3.0859734 3.1148512 3.3018584 3.2157074 3.1520693 3.4010915 2.4811349 4.1738540 2.8158523 3.1907041 2.3923810 2.5534990 3.4323479 2.7060545 2.9407761 2.6504280 2.6735680 2.7031398 2.8825637 2.8171750 2.4977361 3.0054404 2.7324219 2.3696955 0.0000010 2.9774007 2.9005070 2.7757949 2.7942239 3.2007407 3.7823119 3.0780329 3.4506138 2.8132622 2.5792150 2.8926134 2.8978114 2.9835516 0.8403060 0.8282609 0.8475598 0.0000000 0.8306149 0.7759880 1.0353172 1.0831947 1.1483016 1.1747001 1.1509426 1.2194363 1.2827142 1.2812040 1.5671562 3.2514427 3.0673715 3.6606050 2.9968101 2.4141169 2.7978555 2.8101012 2.7851188 2.7838031 2.6074566 7.4485304 3.0051069 2.7158377 4.1271222 3.5872734 3.2867277 3.5888460 3.1039772 2.9335377 2.9233020 3.1134020 3.0682223 3.6297981 
Beraby_Baby_sb335620                               3.8352790 3.3744285 2.8809740 3.3126744 3.6822651 3.2802064 3.6030952 3.1203390 2.7963258 3.9820465 3.0042535 2.9887091 2.5334383 3.2121585 4.0047564 3.1432718 3.3771347 3.0760204 3.0581094 3.0695734 3.5260094 3.4394012 2.7367089 3.1577154 3.2851739 2.6572216 9.0000000 3.2892718 3.3174963 2.5168201 3.0147150 2.8169641 2.3431385 3.2421583 3.7338922 3.4411997 3.2720995 3.1779330 3.1985165 3.6092808 0.8527897 0.9066237 0.8863069 0.8306149 0.0000000 0.0000010 0.9503823 1.2829567 1.5879837 1.6024679 1.3641003 1.3384805 1.4498928 1.3621011 1.7250604 3.8167159 3.4790601 4.4700115 3.9363549 2.7862009 2.6011708 2.7933671 2.6957641 2.6888902 2.5962073 3.8659159 2.7935962 2.7157506 3.8762285 4.2428082 3.7865251 3.4434896 3.1371438 3.3995505 3.1144585 3.4246792 3.3775279 4.0465910 
Beraby_Baby_sb335622                               4.5469610 3.6002054 2.8841446 3.3729073 3.4799056 3.2084758 3.7139378 3.1680838 2.7708979 3.9820465 2.7905073 2.8185593 2.7414261 3.3050762 4.2267506 3.0382520 3.2640635 2.9423108 3.0372438 2.9743590 3.1969712 3.1826274 2.4745851 3.1822911 3.3224215 2.6016792 9.0000000 3.2864595 3.2778043 2.4655932 2.9907329 2.7704650 2.5585766 3.2050369 3.4227691 3.3721076 3.2089873 2.8846144 2.9122243 3.3008612 0.8858447 0.9546869 0.9063269 0.7759880 0.0000010 0.0000000 0.8531269 1.1998741 1.6490312 1.6803134 1.3913456 1.3139080 1.3895517 1.1152067 1.6898356 4.0796977 3.8425049 4.8301534 4.1834585 2.6576691 2.4705483 2.6354179 2.5412973 2.5288036 2.5496643 3.8659159 2.6768951 2.6012471 4.1620421 4.2750622 3.6487078 3.4882468 3.2270357 3.3887752 3.0785131 3.7773983 3.9367377 3.9129928 
Bolinf_Binf_sb1212485                              4.4168272 3.4143846 3.6599946 3.6264334 3.3935886 2.9131804 3.1979531 3.4294948 2.4966592 3.4977081 2.9706894 3.1288549 2.3139679 2.5626194 3.8780118 2.8216063 2.9674329 2.7180111 2.8506433 2.6395899 2.9397083 2.9273260 2.4807564 3.4496469 3.1414081 2.4049306 0.0000010 2.6682674 3.0991864 2.7424064 2.9939823 3.0979221 3.4908495 3.2424793 3.6509162 3.0120432 2.8723946 3.0511059 3.0038602 3.8273138 0.8655780 0.8532954 0.9828321 1.0353172 0.9503823 0.8531269 0.0000000 0.9344642 1.3544319 1.3536381 1.2067779 1.2139429 1.0806857 1.2313198 1.5823335 3.6743697 3.6955162 3.9856528 3.6235976 3.2019158 3.0704354 2.9750564 2.8560236 2.8326321 2.6314545 2.3531751 2.7786436 2.8368733 3.5869005 3.6998792 3.4923535 3.8866534 3.1544146 3.1947684 2.9305882 3.0404773 3.6563577 3.8462852 
Lampan_Lpan_7372_01                                3.8422993 3.5542516 3.1120604 3.2813492 3.2159641 3.1710861 3.0331357 3.3635739 2.7914642 3.7508818 2.1497727 2.8080632 2.4273568 2.6125061 3.2415625 2.9262767 3.2880931 2.7952634 2.6944640 2.9932492 2.6892207 2.7380446 2.1281970 2.7341792 2.6230097 2.4739989 2.7557343 3.1332820 3.2989095 2.4010296 2.5800328 2.8952042 3.2341832 3.0594659 3.0689497 3.0615132 2.8064494 3.0542695 3.1185391 4.7526940 1.1332512 1.1568969 0.9801004 1.0831947 1.2829567 1.1998741 0.9344642 0.0000000 1.3902022 1.3626262 1.2424885 1.4304102 1.1751525 1.2198589 1.5537796 2.8467669 2.9970289 3.5627999 2.8769620 2.9354237 2.8166640 2.7487570 2.8094687 2.7716389 2.6315904 4.1724951 2.8165948 3.0029439 3.6492078 3.5588118 3.1467113 3.3816918 2.9579092 2.8595038 3.0515849 3.0024589 2.9974357 4.1249162 
