50
Coeast_Cast_sb785151                              0.0000000 0.0264266 0.1535870 0.7842077 1.9261454 1.4602762 2.1479023 1.9233508 2.0065180 1.9729513 2.4409189 2.2003790 3.3844180 7.1822902 2.9485289 2.9612516 3.1526081 3.2570968 3.7198910 3.3481805 3.1069972 3.5034590 2.9824574 2.7942961 3.7882660 3.6505524 3.1291495 3.2089131 2.2964089 1.7762153 3.3480440 3.0964281 3.2238255 3.3285672 3.5251016 3.4890520 3.4936917 3.8980310 3.2266262 4.0875116 3.3603588 3.6533175 3.6676438 2.9442953 3.7669704 2.7337224 3.5619115 4.8094338 4.6458613 5.1499525 
Coeast_Cast_sb785149                              0.0264266 0.0000000 0.3635375 0.8671550 2.4257677 1.8257586 3.1110693 2.2725085 2.8575790 2.5070549 3.2760160 3.2681108 4.0757840 7.5566672 3.8674804 3.8794597 4.1636968 4.4183770 4.6633315 4.3057620 4.2638794 3.8922774 4.1287427 3.8427252 4.4639573 4.6528097 4.5542540 4.7978163 2.9845759 1.7762153 4.2428539 4.0215507 4.4211885 4.5342391 4.4530114 4.2868897 4.5896810 4.6188528 4.4021378 4.7069866 3.7355109 5.6632145 4.9133725 2.9799818 5.2028361 2.9548318 5.3230597 5.2186264 5.0708144 5.6859488 
Coemet_Cmet_scaffold16434_01                      0.1535870 0.3635375 0.0000000 0.6481327 1.0447033 1.2060283 2.8087753 1.0686648 1.6997233 1.5507654 1.9462714 1.3623568 2.1641515 4.0375827 1.7937608 1.8526080 2.0476028 2.1629413 2.2368351 2.0993250 2.8023572 3.2742155 2.5177482 2.7238693 2.6232298 2.7799454 2.2881318 2.3775447 1.5969646 1.4470447 2.6567445 2.6762868 2.5865011 2.5766426 2.2501952 2.5966142 2.6680829 2.8806868 2.7454654 3.1308304 3.3672141 2.8595108 2.8807521 2.3215246 2.0853827 2.8530700 3.0569209 6.7697196 6.6251342 3.7594970 
Lampan_Lpan_7259_01                               0.7842077 0.8671550 0.6481327 0.0000000 1.0936074 0.8841965 1.2706297 1.0224503 1.3166335 1.3747644 1.8892518 1.6650983 2.5816535 4.5235910 2.2386180 2.2476239 2.2350676 2.2730189 2.4859301 2.5506287 2.9925843 3.0934987 2.8443428 2.6298521 2.7781908 3.1447461 2.3566474 2.8609066 2.1559942 1.5874457 2.5282685 2.8788190 2.7980445 2.5201429 2.9544578 3.0786915 2.8146160 2.9102117 2.5584417 4.3591242 3.4752080 3.1511634 3.6794230 2.7017440 2.9285490 2.9249687 3.9945013 5.2911348 4.0890056 4.7946206 
Beraby_Baby_sb341254                              1.9261454 2.4257677 1.0447033 1.0936074 0.0000000 0.9089539 1.4908342 1.0191663 1.9220394 1.4888968 2.2684336 1.9489071 3.7299874 6.7709084 3.5606241 3.5848618 3.8118460 3.8485072 3.8318399 3.6726884 3.1579222 3.2853107 3.2684556 3.6081314 3.8130711 4.4198766 3.8285116 4.1710017 3.0993416 2.0840977 3.8870155 3.7215493 4.3027132 4.4385946 4.3869222 4.4306838 4.0685767 4.0227352 4.8900956 5.6162409 3.6300767 5.3952313 4.7018902 3.1872942 4.2636659 3.0256566 5.8710531 4.7534640 4.1099504 5.8805626 
Bolinf_Binf_sb1241677                             1.4602762 1.8257586 1.2060283 0.8841965 0.9089539 0.0000000 0.0078963 0.7813102 1.3375706 1.4463024 1.7962315 1.4037648 3.0487044 6.4419420 2.8644676 2.8722293 3.1281473 3.2269208 3.1784975 2.9999965 3.0991277 2.9045282 2.8523646 2.8670617 3.4712828 4.2539380 2.8607152 3.6875841 2.6731873 1.8234496 3.1026335 3.1734893 3.0741458 3.2446734 3.2664488 3.9161419 3.7546580 3.1647158 3.1345451 4.7273995 3.3264071 3.4794361 4.5610323 2.6704825 4.0659462 2.6042124 4.4622547 7.1369275 5.2612937 4.5342167 
Mertsp_Mesp_sb531279                              2.1479023 3.1110693 2.8087753 1.2706297 1.4908342 0.0078963 0.0000000 1.4681081 2.2901226 2.2347849 3.2924257 2.3909238 4.6408787 6.9194204 4.6080183 4.6065939 4.5163450 4.6848351 4.4788999 4.5354977 4.2709690 4.1187911 4.3574948 4.2813896 5.1905495 7.5080218 4.5637106 5.8300840 6.4192489 2.2517864 4.4505912 4.7565592 4.9068833 5.1131156 5.1083991 5.3443101 6.0792048 4.7370929 5.0391811 7.8371711 5.8737665 6.9214713 8.9172400 3.8571158 8.0122288 3.8160242 8.0714346 7.4720793 6.7807158 6.2128623 
Mlei_ML0087.g13.i1                                1.9233508 2.2725085 1.0686648 1.0224503 1.0191663 0.7813102 1.4681081 0.0000000 1.9852063 1.3505409 2.1923821 1.9165985 3.5993202 5.7828029 3.1643532 3.1264732 4.0386997 4.1116003 3.9404694 3.8389905 3.2441738 2.9785873 3.4028769 3.3126881 3.4205448 3.6612850 3.6586229 4.5294268 2.8058508 1.6806752 3.3692056 3.5481150 3.5462880 4.1554272 4.1686484 4.0064659 4.0591275 3.6615728 3.8840890 4.9505753 3.0348098 5.0731204 4.3932899 2.5601293 3.7286905 2.5383276 4.6628747 4.3725184 3.8131990 5.1686132 
Drygla_Dgla_sb294262                              2.0065180 2.8575790 1.6997233 1.3166335 1.9220394 1.3375706 2.2901226 1.9852063 0.0000000 0.2353891 2.5243714 2.4046857 4.8324740 8.9999989 4.0121701 3.9843226 4.1028849 4.0651632 4.7290901 4.4662481 4.6902924 3.3916907 4.6655286 4.3463680 4.8995339 4.4115592 4.2983095 5.1356922 3.6116327 2.5502211 3.9669483 3.8466493 4.0801680 4.2899781 4.2463790 5.6464585 5.1422482 4.4635788 4.6227969 5.6386139 4.5334968 4.4398850 4.8221700 3.3413249 4.5073650 3.3281032 5.7280896 8.1570006 6.9634855 5.6228838 
Drygla_Dgla_sb294264                              1.9729513 2.5070549 1.5507654 1.3747644 1.4888968 1.4463024 2.2347849 1.3505409 0.2353891 0.0000000 2.3494526 2.2588234 3.6747581 6.0700220 3.4452896 3.3909861 3.4858749 3.6877521 4.3040477 3.8663490 4.0102779 3.5340954 3.8894806 3.7270828 4.2408531 4.1356165 3.8255510 4.7078089 3.6935986 2.5502211 3.6866609 3.9067839 4.0384230 3.8731855 4.1879723 4.5343180 4.1674702 3.4997338 4.0475758 5.1112205 4.0934215 4.7231711 3.6842875 3.1958672 4.0861354 3.3084925 5.6192297 5.0646127 4.7226189 4.8589528 
Pbac_sb2646224                                    2.4409189 3.2760160 1.9462714 1.8892518 2.2684336 1.7962315 3.2924257 2.1923821 2.5243714 2.3494526 0.0000000 0.2506048 4.2459247 5.5702739 4.1275100 4.1079547 4.3528655 4.0258334 4.7494868 4.1883406 3.5462912 3.1784044 3.2611066 3.5276934 4.2972945 5.2730495 3.7870457 5.1868901 4.5837660 2.9745471 3.6882142 3.8960207 4.1196135 4.2992362 4.6200562 6.3292350 4.6267213 4.2043985 5.5301999 5.0802263 4.5068014 5.1471469 4.7652320 3.8484340 5.7818771 3.6694462 4.5512698 5.4392949 4.8560681 6.9664132 
Horcal_Hcv1.av93.c1.g1482.i1                      2.2003790 3.2681108 1.3623568 1.6650983 1.9489071 1.4037648 2.3909238 1.9165985 2.4046857 2.2588234 0.2506048 0.0000000 4.0263444 6.1547921 3.8298806 3.7690333 4.1273245 3.8119941 4.3939796 3.9136028 3.3534294 2.7316718 3.1676984 3.5757773 3.9915117 4.4967379 3.5480594 3.9720874 3.9840524 2.4427801 3.3818668 3.5556763 3.5513994 3.6737680 4.5162654 5.4822552 3.7506827 3.9397603 4.1761595 4.4035000 3.7765287 4.5644041 4.4369607 2.9258611 5.0940811 2.7367009 5.1375924 5.5502755 5.0624304 5.8413489 
Gfas_gfas1.m1.6453.m1                             3.3844180 4.0757840 2.1641515 2.5816535 3.7299874 3.0487044 4.6408787 3.5993202 4.8324740 3.6747581 4.2459247 4.0263444 0.0000000 0.8180278 0.8083641 0.7919335 0.8889294 0.8474836 0.7428500 0.7782934 2.2990271 1.6581240 2.2888296 2.5412261 2.9614725 2.7130619 1.8042575 3.6689559 2.1758705 1.3907602 2.2396839 2.0830036 2.9640958 2.7877048 3.3912261 3.8496391 3.4490091 3.1828535 3.1495691 3.4180810 2.5312286 3.9766741 3.0504640 2.7400389 4.0224062 1.9575190 3.8938340 2.8920212 2.8800282 3.9024309 
Adig_XM_015898406.1                               7.1822902 7.5566672 4.0375827 4.5235910 6.7709084 6.4419420 6.9194204 5.7828029 8.9999989 6.0700220 5.5702739 6.1547921 0.8180278 0.0000000 0.0665701 0.0437543 1.2218311 1.2057619 1.0970469 1.0831433 3.1779376 1.9221366 2.8841030 3.1713334 3.7143321 5.2036476 2.1260279 5.1551360 5.4943448 1.0137438 2.7777735 2.6002985 3.8813322 3.5156456 4.9274923 8.9999987 4.8170392 3.5753576 3.4818012 6.7635160 4.9667518 7.7184318 4.7425483 3.2598698 7.2828500 2.1231891 7.6984552 2.8495289 2.7712058 8.9999980 
Amil_Amillepora00857-RA                           2.9485289 3.8674804 1.7937608 2.2386180 3.5606241 2.8644676 4.6080183 3.1643532 4.0121701 3.4452896 4.1275100 3.8298806 0.8083641 0.0665701 0.0000000 0.0195126 1.0245136 0.9787775 0.9616794 0.9481909 2.0753700 1.2625349 1.9804462 2.1749823 2.7500009 2.4387687 1.8618191 3.7948181 2.3342342 1.5013822 2.1705153 2.1193520 3.3535612 2.8797783 3.5197532 4.1512997 3.2458126 3.1770815 2.9881327 3.7408164 2.4520853 3.5840070 3.0846626 2.3314764 4.3705839 1.9728640 3.6655956 2.6636130 2.6694853 4.3597147 
Amil_Amillepora00915-RA                           2.9612516 3.8794597 1.8526080 2.2476239 3.5848618 2.8722293 4.6065939 3.1264732 3.9843226 3.3909861 4.1079547 3.7690333 0.7919335 0.0437543 0.0195126 0.0000000 1.0084949 0.9520571 0.9363437 0.9292108 2.1135920 1.2519237 2.0236773 2.1704885 2.6935430 2.4637659 1.8585827 3.8077786 2.3021094 1.5013822 2.1981537 2.1386596 3.2955218 2.8118843 3.5778705 4.1876180 3.2800970 3.1064582 2.9451914 3.7015547 2.5036037 3.5517932 3.0153694 2.3352344 4.3325679 1.9907392 3.7892564 2.6586116 2.6648240 4.4277845 
Pocdam_XM_027196972.1                             3.1526081 4.1636968 2.0476028 2.2350676 3.8118460 3.1281473 4.5163450 4.0386997 4.1028849 3.4858749 4.3528655 4.1273245 0.8889294 1.2218311 1.0245136 1.0084949 0.0000000 0.2821838 0.6903865 0.7483630 1.8416579 1.2933110 1.9563021 2.3313628 2.4241934 2.1930457 1.8000757 3.7201391 2.3915490 1.5018945 2.0505412 2.0785991 2.7360734 2.5076127 3.4021681 3.6452732 2.8759771 3.2018768 3.6382447 3.4400384 2.3941112 3.6103416 2.8610988 2.3720489 3.3599499 1.8615624 3.0689912 2.7523831 2.6934390 3.9377678 
Spis_XP_022780435_1                               3.2570968 4.4183770 2.1629413 2.2730189 3.8485072 3.2269208 4.6848351 4.1116003 4.0651632 3.6877521 4.0258334 3.8119941 0.8474836 1.2057619 0.9787775 0.9520571 0.2821838 0.0000000 0.6381009 0.6920010 1.7332126 1.2810487 2.0017202 2.2445927 2.4450736 2.4108272 1.5735688 3.5412537 2.1512293 1.3365932 1.7197698 1.9107937 2.6042825 2.5831465 3.2458118 3.4984696 2.8398700 3.0252059 3.4840417 3.6737853 2.5266724 3.9124876 2.6273090 2.2913534 3.3334325 1.9270239 3.3120758 2.8768848 2.8666490 3.7666635 
Fspp_ffun1.m4.8443.m1                             3.7198910 4.6633315 2.2368351 2.4859301 3.8318399 3.1784975 4.4788999 3.9404694 4.7290901 4.3040477 4.7494868 4.3939796 0.7428500 1.0970469 0.9616794 0.9363437 0.6903865 0.6381009 0.0000000 0.4639362 2.0600791 1.4562035 2.0100025 2.3393985 2.7058305 2.6001506 1.7140087 3.5107858 2.5146339 1.5707259 2.0973084 1.8245346 3.0060886 2.7679634 3.6725676 3.7864045 3.1101073 3.0508619 3.5185147 3.6468461 2.5509757 4.0338758 2.9993874 2.4970480 3.2195716 1.8150338 3.6508766 2.8437516 2.7995536 3.7257299 
Gasp_gasp1.m3.26555.m1                            3.3481805 4.3057620 2.0993250 2.5506287 3.6726884 2.9999965 4.5354977 3.8389905 4.4662481 3.8663490 4.1883406 3.9136028 0.7782934 1.0831433 0.9481909 0.9292108 0.7483630 0.6920010 0.4639362 0.0000000 2.1665117 1.3036545 1.9611810 2.1698815 2.5487758 2.5195293 1.8541958 3.8385419 2.5064274 1.5387813 2.0726422 1.9370043 3.1009760 2.6673137 3.6762812 3.7511112 3.1763386 2.8416923 3.1745929 3.3176597 2.4387783 4.0314254 3.0322775 2.3408637 3.7751439 1.9348132 3.6111310 2.8089620 2.8041358 3.8728342 
Sanmal_Sma_021517-T1                              3.1069972 4.2638794 2.8023572 2.9925843 3.1579222 3.0991277 4.2709690 3.2441738 4.6902924 4.0102779 3.5462912 3.3534294 2.2990271 3.1779376 2.0753700 2.1135920 1.8416579 1.7332126 2.0600791 2.1665117 0.0000000 0.8892284 1.2833216 1.3986793 1.4234837 2.2164288 2.0953865 3.3928078 2.6958680 1.5799730 2.3876508 2.4106239 3.1896308 2.8230048 3.8871516 3.8564928 2.8625556 2.6198739 2.9194000 2.9073401 2.5247873 4.3757919 3.0038800 2.4314772 3.5213032 2.0446920 2.9616095 4.4446398 4.4026956 3.7377861 
Morvir_scaffold468.g13.t1                         3.5034590 3.8922774 3.2742155 3.0934987 3.2853107 2.9045282 4.1187911 2.9785873 3.3916907 3.5340954 3.1784044 2.7316718 1.6581240 1.9221366 1.2625349 1.2519237 1.2933110 1.2810487 1.4562035 1.3036545 0.8892284 0.0000000 1.1187448 1.1065628 1.1133403 1.7102042 1.9574085 2.4592558 3.4707618 2.3853821 1.7300673 1.8582638 2.7760859 2.4961274 3.0468181 2.9329657 2.3552727 2.1947968 2.4699276 2.0689491 2.1785373 2.4186955 2.5271856 2.0192520 2.8999789 1.7184396 2.8593170 2.6039373 2.2561162 4.3037194 
Nemnom_g10425.t1                                  2.9824574 4.1287427 2.5177482 2.8443428 3.2684556 2.8523646 4.3574948 3.4028769 4.6655286 3.8894806 3.2611066 3.1676984 2.2888296 2.8841030 1.9804462 2.0236773 1.9563021 2.0017202 2.0100025 1.9611810 1.2833216 1.1187448 0.0000000 0.4168303 1.1974585 1.8431428 2.1939791 3.3849078 2.9549822 1.8956231 2.4286610 2.4293069 2.6741030 2.6608114 3.1412123 3.7363169 2.7326056 3.0397519 2.6971229 2.6179758 2.3007693 3.9281397 2.9988981 2.2570760 3.7063465 1.9682071 3.6413864 3.7405406 3.6172950 3.7456013 
Rhoesc_Res_015252-T1                              2.7942961 3.8427252 2.7238693 2.6298521 3.6081314 2.8670617 4.2813896 3.3126881 4.3463680 3.7270828 3.5276934 3.5757773 2.5412261 3.1713334 2.1749823 2.1704885 2.3313628 2.2445927 2.3393985 2.1698815 1.3986793 1.1065628 0.4168303 0.0000000 1.1867562 1.8862450 2.4763262 4.0484988 3.2128513 2.0492482 2.8646711 2.7524981 2.9511123 3.2253337 3.4562617 3.5662175 2.6594970 2.9153320 3.0412709 2.8272124 2.4155341 4.0368786 3.1780161 2.4326153 3.8198855 1.9815606 3.9096998 4.5038182 4.2528175 3.8972129 
Aaur_scaffold54.g29.t2                            3.7882660 4.4639573 2.6232298 2.7781908 3.8130711 3.4712828 5.1905495 3.4205448 4.8995339 4.2408531 4.2972945 3.9915117 2.9614725 3.7143321 2.7500009 2.6935430 2.4241934 2.4450736 2.7058305 2.5487758 1.4234837 1.1133403 1.1974585 1.1867562 0.0000000 2.4199248 2.7679165 4.3948875 2.9152911 1.7265173 3.0565261 3.0213698 3.7923243 3.5729118 4.5858802 4.2348632 3.7649620 3.5935116 4.2149460 3.8930789 2.6262811 4.8650927 3.9073657 2.6042264 4.4193271 2.6935261 4.0839104 3.8094660 3.6584970 5.0422920 
Chem_TCONS_00017717                               3.6505524 4.6528097 2.7799454 3.1447461 4.4198766 4.2539380 7.5080218 3.6612850 4.4115592 4.1356165 5.2730495 4.4967379 2.7130619 5.2036476 2.4387687 2.4637659 2.1930457 2.4108272 2.6001506 2.5195293 2.2164288 1.7102042 1.8431428 1.8862450 2.4199248 0.0000000 2.6443413 4.2289794 3.2750531 2.0304744 2.6394405 2.5287740 3.0908991 3.3151577 3.7301207 3.3258224 2.7757456 2.8003484 2.6115781 2.0943310 2.4988562 4.0466526 3.1707887 2.1526697 3.0361539 1.6476984 3.7365979 3.5700377 3.3289178 2.9768003 
Exapal_XM_021056675.1                             3.1291495 4.5542540 2.2881318 2.3566474 3.8285116 2.8607152 4.5637106 3.6586229 4.2983095 3.8255510 3.7870457 3.5480594 1.8042575 2.1260279 1.8618191 1.8585827 1.8000757 1.5735688 1.7140087 1.8541958 2.0953865 1.9574085 2.1939791 2.4763262 2.7679165 2.6443413 0.0000000 3.1648477 2.2458705 1.4634975 2.0913862 1.8241610 2.9466149 2.8870266 3.0886892 3.6090361 3.0378358 3.3792982 3.3059527 2.9132852 2.5761889 4.2563136 2.9107932 2.7684709 3.3396934 2.0920315 3.9368933 3.9077173 3.7483564 3.7404585 
Stycar_maker-SC_scaffold3314-snap-gene-0.9-mRNA-1 3.2089131 4.7978163 2.3775447 2.8609066 4.1710017 3.6875841 5.8300840 4.5294268 5.1356922 4.7078089 5.1868901 3.9720874 3.6689559 5.1551360 3.7948181 3.8077786 3.7201391 3.5412537 3.5107858 3.8385419 3.3928078 2.4592558 3.3849078 4.0484988 4.3948875 4.2289794 3.1648477 0.0000000 2.5090299 1.4423473 2.9504629 3.0551255 3.8830331 3.1048757 3.9414209 2.9500793 4.0767804 4.6453580 5.3301859 4.2226927 3.0419586 5.9375032 4.9236038 4.0052993 5.0385563 2.6608022 4.3206578 3.0175085 3.1470670 5.4837554 
Opea_EP00118_Oscarella_pearsei_P007672            2.2964089 2.9845759 1.5969646 2.1559942 3.0993416 2.6731873 6.4192489 2.8058508 3.6116327 3.6935986 4.5837660 3.9840524 2.1758705 5.4943448 2.3342342 2.3021094 2.3915490 2.1512293 2.5146339 2.5064274 2.6958680 3.4707618 2.9549822 3.2128513 2.9152911 3.2750531 2.2458705 2.5090299 0.0000000 0.0000010 1.7598568 1.9550638 2.1502186 2.3365457 2.3626489 3.0658844 2.2652854 2.5979790 2.8033551 4.2187813 3.0976917 3.0771919 2.3383999 1.9233471 3.7180394 2.1278263 3.6575142 6.6781021 5.4925275 3.8092733 
Ocar_g8979                                        1.7762153 1.7762153 1.4470447 1.5874457 2.0840977 1.8234496 2.2517864 1.6806752 2.5502211 2.5502211 2.9745471 2.4427801 1.3907602 1.0137438 1.5013822 1.5013822 1.5018945 1.3365932 1.5707259 1.5387813 1.5799730 2.3853821 1.8956231 2.0492482 1.7265173 2.0304744 1.4634975 1.4423473 0.0000010 0.0000000 1.1471397 1.2980265 1.2419131 1.2220399 1.4246384 1.7354582 1.2956644 1.6375122 1.7275610 2.5371601 2.1173026 1.7893055 1.6347951 1.5411231 2.4256469 1.8233133 1.9994768 2.5814081 2.5196813 3.1227259 
Dgig_XM_028538798.1                               3.3480440 4.2428539 2.6567445 2.5282685 3.8870155 3.1026335 4.4505912 3.3692056 3.9669483 3.6866609 3.6882142 3.3818668 2.2396839 2.7777735 2.1705153 2.1981537 2.0505412 1.7197698 2.0973084 2.0726422 2.3876508 1.7300673 2.4286610 2.8646711 3.0565261 2.6394405 2.0913862 2.9504629 1.7598568 1.1471397 0.0000000 0.8606679 3.5275749 2.9465411 3.4822071 3.7976464 3.1502856 3.3978293 2.9331856 2.7064595 2.6336989 4.1795621 3.1665691 2.8410630 3.9873492 2.3035170 3.6580543 3.2969649 2.9706239 4.5383888 
Xesp_007932-T1                                    3.0964281 4.0215507 2.6762868 2.8788190 3.7215493 3.1734893 4.7565592 3.5481150 3.8466493 3.9067839 3.8960207 3.5556763 2.0830036 2.6002985 2.1193520 2.1386596 2.0785991 1.9107937 1.8245346 1.9370043 2.4106239 1.8582638 2.4293069 2.7524981 3.0213698 2.5287740 1.8241610 3.0551255 1.9550638 1.2980265 0.8606679 0.0000000 3.0998838 2.9669515 3.6275913 3.4977257 3.1417611 3.3827166 2.8801598 2.6280491 2.0476119 4.1467571 3.3670968 2.8576147 4.1023530 1.9584295 3.7726198 3.7828404 3.3854752 3.6386109 
Scil_scict015005.1                                3.2238255 4.4211885 2.5865011 2.7980445 4.3027132 3.0741458 4.9068833 3.5462880 4.0801680 4.0384230 4.1196135 3.5513994 2.9640958 3.8813322 3.3535612 3.2955218 2.7360734 2.6042825 3.0060886 3.1009760 3.1896308 2.7760859 2.6741030 2.9511123 3.7923243 3.0908991 2.9466149 3.8830331 2.1502186 1.2419131 3.5275749 3.0998838 0.0000000 1.3481757 1.7132825 3.1268779 3.4080412 3.2394759 3.6368067 3.3544439 2.7884982 4.2557220 4.0623426 2.2855539 3.7373449 2.1854843 3.8589110 4.3864354 4.0198397 4.2291784 
Gracom_Gcom_scaffold18032_01                      3.3285672 4.5342391 2.5766426 2.5201429 4.4385946 3.2446734 5.1131156 4.1554272 4.2899781 3.8731855 4.2992362 3.6737680 2.7877048 3.5156456 2.8797783 2.8118843 2.5076127 2.5831465 2.7679634 2.6673137 2.8230048 2.4961274 2.6608114 3.2253337 3.5729118 3.3151577 2.8870266 3.1048757 2.3365457 1.2220399 2.9465411 2.9669515 1.3481757 0.0000000 1.3346447 3.3278749 3.0193414 3.0627919 3.1259335 4.2794831 3.1022320 3.9112036 4.1224807 2.5441479 4.0702344 2.1379516 3.4184643 4.2577195 3.8771198 4.2507978 
Lcom_lcpid88365                                   3.5251016 4.4530114 2.2501952 2.9544578 4.3869222 3.2664488 5.1083991 4.1686484 4.2463790 4.1879723 4.6200562 4.5162654 3.3912261 4.9274923 3.5197532 3.5778705 3.4021681 3.2458118 3.6725676 3.6762812 3.8871516 3.0468181 3.1412123 3.4562617 4.5858802 3.7301207 3.0886892 3.9414209 2.3626489 1.4246384 3.4822071 3.6275913 1.7132825 1.3346447 0.0000000 3.4053104 3.3922992 4.4540172 3.5260696 4.1155503 3.0583460 4.7725487 4.1286335 2.9870381 3.9528552 2.3455405 3.8671660 4.3246721 3.7515215 5.6205959 
Tetwil_g22264.t2                                  3.4890520 4.2868897 2.5966142 3.0786915 4.4306838 3.9161419 5.3443101 4.0064659 5.6464585 4.5343180 6.3292350 5.4822552 3.8496391 8.9999987 4.1512997 4.1876180 3.6452732 3.4984696 3.7864045 3.7511112 3.8564928 2.9329657 3.7363169 3.5662175 4.2348632 3.3258224 3.6090361 2.9500793 3.0658844 1.7354582 3.7976464 3.4977257 3.1268779 3.3278749 3.4053104 0.0000000 3.4343503 3.9564747 4.3108068 3.5835997 3.1665277 5.5218421 3.7993374 3.1400399 4.1626405 2.7736039 4.3163026 4.3328582 4.2370424 6.5556614 
Hsap_ENST00000367763                              3.4936917 4.5896810 2.6680829 2.8146160 4.0685767 3.7546580 6.0792048 4.0591275 5.1422482 4.1674702 4.6267213 3.7506827 3.4490091 4.8170392 3.2458126 3.2800970 2.8759771 2.8398700 3.1101073 3.1763386 2.8625556 2.3552727 2.7326056 2.6594970 3.7649620 2.7757456 3.0378358 4.0767804 2.2652854 1.2956644 3.1502856 3.1417611 3.4080412 3.0193414 3.3922992 3.4343503 0.0000000 2.9916144 2.4267915 3.1499608 2.5271140 4.2049664 2.5589942 2.8343378 4.0125855 1.5360127 3.3665431 4.7462978 4.3428709 4.3324380 
Acagra_model.g20687.t1                            3.8980310 4.6188528 2.8806868 2.9102117 4.0227352 3.1647158 4.7370929 3.6615728 4.4635788 3.4997338 4.2043985 3.9397603 3.1828535 3.5753576 3.1770815 3.1064582 3.2018768 3.0252059 3.0508619 2.8416923 2.6198739 2.1947968 3.0397519 2.9153320 3.5935116 2.8003484 3.3792982 4.6453580 2.5979790 1.6375122 3.3978293 3.3827166 3.2394759 3.0627919 4.4540172 3.9564747 2.9916144 0.0000000 3.3892919 3.6585579 2.3446095 2.7887539 2.6592251 2.8669246 3.2629026 1.8919107 3.5067924 3.3850137 3.2459907 5.2883223 
Bralan_BLAG08001398_1                             3.2266262 4.4021378 2.7454654 2.5584417 4.8900956 3.1345451 5.0391811 3.8840890 4.6227969 4.0475758 5.5301999 4.1761595 3.1495691 3.4818012 2.9881327 2.9451914 3.6382447 3.4840417 3.5185147 3.1745929 2.9194000 2.4699276 2.6971229 3.0412709 4.2149460 2.6115781 3.3059527 5.3301859 2.8033551 1.7275610 2.9331856 2.8801598 3.6368067 3.1259335 3.5260696 4.3108068 2.4267915 3.3892919 0.0000000 3.7997494 2.6728640 4.6135124 2.7717220 2.5786230 4.3815550 2.0631639 3.4382751 3.8046115 3.7398463 4.5709492 
Hvul_g21632_1                                     4.0875116 4.7069866 3.1308304 4.3591242 5.6162409 4.7273995 7.8371711 4.9505753 5.6386139 5.1112205 5.0802263 4.4035000 3.4180810 6.7635160 3.7408164 3.7015547 3.4400384 3.6737853 3.6468461 3.3176597 2.9073401 2.0689491 2.6179758 2.8272124 3.8930789 2.0943310 2.9132852 4.2226927 4.2187813 2.5371601 2.7064595 2.6280491 3.3544439 4.2794831 4.1155503 3.5835997 3.1499608 3.6585579 3.7997494 0.0000000 2.9577747 4.5628279 3.3471361 3.0002865 3.7984006 2.1904274 4.0183942 4.6194898 4.2462889 4.1627468 
Tcas_TC003252_001                                 3.3603588 3.7355109 3.3672141 3.4752080 3.6300767 3.3264071 5.8737665 3.0348098 4.5334968 4.0934215 4.5068014 3.7765287 2.5312286 4.9667518 2.4520853 2.5036037 2.3941112 2.5266724 2.5509757 2.4387783 2.5247873 2.1785373 2.3007693 2.4155341 2.6262811 2.4988562 2.5761889 3.0419586 3.0976917 2.1173026 2.6336989 2.0476119 2.7884982 3.1022320 3.0583460 3.1665277 2.5271140 2.3446095 2.6728640 2.9577747 0.0000000 2.4048243 2.8723640 1.8186014 2.8935744 1.3624295 2.0216453 4.0255925 3.8267714 3.7905987 
Cgig_XM_034447903.1                               3.6533175 5.6632145 2.8595108 3.1511634 5.3952313 3.4794361 6.9214713 5.0731204 4.4398850 4.7231711 5.1471469 4.5644041 3.9766741 7.7184318 3.5840070 3.5517932 3.6103416 3.9124876 4.0338758 4.0314254 4.3757919 2.4186955 3.9281397 4.0368786 4.8650927 4.0466526 4.2563136 5.9375032 3.0771919 1.7893055 4.1795621 4.1467571 4.2557220 3.9112036 4.7725487 5.5218421 4.2049664 2.7887539 4.6135124 4.5628279 2.4048243 0.0000000 3.8114658 2.9937020 3.7676926 2.4716384 3.5008377 4.7110540 4.4528251 4.5212938 
Skow_XM_006812962.1                               3.6676438 4.9133725 2.8807521 3.6794230 4.7018902 4.5610323 8.9172400 4.3932899 4.8221700 3.6842875 4.7652320 4.4369607 3.0504640 4.7425483 3.0846626 3.0153694 2.8610988 2.6273090 2.9993874 3.0322775 3.0038800 2.5271856 2.9988981 3.1780161 3.9073657 3.1707887 2.9107932 4.9236038 2.3383999 1.6347951 3.1665691 3.3670968 4.0623426 4.1224807 4.1286335 3.7993374 2.5589942 2.6592251 2.7717220 3.3471361 2.8723640 3.8114658 0.0000000 2.4194771 3.6573246 2.0962848 4.0706568 5.3379380 4.6765923 4.4185297 
Spur_XM_003723240.3                               2.9442953 2.9799818 2.3215246 2.7017440 3.1872942 2.6704825 3.8571158 2.5601293 3.3413249 3.1958672 3.8484340 2.9258611 2.7400389 3.2598698 2.3314764 2.3352344 2.3720489 2.2913534 2.4970480 2.3408637 2.4314772 2.0192520 2.2570760 2.4326153 2.6042264 2.1526697 2.7684709 4.0052993 1.9233471 1.5411231 2.8410630 2.8576147 2.2855539 2.5441479 2.9870381 3.1400399 2.8343378 2.8669246 2.5786230 3.0002865 1.8186014 2.9937020 2.4194771 0.0000000 3.0259579 1.6782734 2.1322994 3.1305548 3.3297141 4.6442381 
Ctel_gnl_WGS_AMQN_CAPTEDRAFT_mRNA199478           3.7669704 5.2028361 2.0853827 2.9285490 4.2636659 4.0659462 8.0122288 3.7286905 4.5073650 4.0861354 5.7818771 5.0940811 4.0224062 7.2828500 4.3705839 4.3325679 3.3599499 3.3334325 3.2195716 3.7751439 3.5213032 2.8999789 3.7063465 3.8198855 4.4193271 3.0361539 3.3396934 5.0385563 3.7180394 2.4256469 3.9873492 4.1023530 3.7373449 4.0702344 3.9528552 4.1626405 4.0125855 3.2629026 4.3815550 3.7984006 2.8935744 3.7676926 3.6573246 3.0259579 0.0000000 2.6383521 4.0952974 4.5551162 4.7521550 4.6019093 
Cscu_XM_023359748.1                               2.7337224 2.9548318 2.8530700 2.9249687 3.0256566 2.6042124 3.8160242 2.5383276 3.3281032 3.3084925 3.6694462 2.7367009 1.9575190 2.1231891 1.9728640 1.9907392 1.8615624 1.9270239 1.8150338 1.9348132 2.0446920 1.7184396 1.9682071 1.9815606 2.6935261 1.6476984 2.0920315 2.6608022 2.1278263 1.8233133 2.3035170 1.9584295 2.1854843 2.1379516 2.3455405 2.7736039 1.5360127 1.8919107 2.0631639 2.1904274 1.3624295 2.4716384 2.0962848 1.6782734 2.6383521 0.0000000 1.6105251 3.4846920 3.1914538 3.0157703 
Dpul_mRNA215                                      3.5619115 5.3230597 3.0569209 3.9945013 5.8710531 4.4622547 8.0714346 4.6628747 5.7280896 5.6192297 4.5512698 5.1375924 3.8938340 7.6984552 3.6655956 3.7892564 3.0689912 3.3120758 3.6508766 3.6111310 2.9616095 2.8593170 3.6413864 3.9096998 4.0839104 3.7365979 3.9368933 4.3206578 3.6575142 1.9994768 3.6580543 3.7726198 3.8589110 3.4184643 3.8671660 4.3163026 3.3665431 3.5067924 3.4382751 4.0183942 2.0216453 3.5008377 4.0706568 2.1322994 4.0952974 1.6105251 0.0000000 5.3691977 4.6709737 4.1449052 
Plespi_Pspi_scaffold1320_01                       4.8094338 5.2186264 6.7697196 5.2911348 4.7534640 7.1369275 7.4720793 4.3725184 8.1570006 5.0646127 5.4392949 5.5502755 2.8920212 2.8495289 2.6636130 2.6586116 2.7523831 2.8768848 2.8437516 2.8089620 4.4446398 2.6039373 3.7405406 4.5038182 3.8094660 3.5700377 3.9077173 3.0175085 6.6781021 2.5814081 3.2969649 3.7828404 4.3864354 4.2577195 4.3246721 4.3328582 4.7462978 3.3850137 3.8046115 4.6194898 4.0255925 4.7110540 5.3379380 3.1305548 4.5551162 3.4846920 5.3691977 0.0000000 0.0766351 7.3867706 
Plespi_Pspi_scaffold1321_01                       4.6458613 5.0708144 6.6251342 4.0890056 4.1099504 5.2612937 6.7807158 3.8131990 6.9634855 4.7226189 4.8560681 5.0624304 2.8800282 2.7712058 2.6694853 2.6648240 2.6934390 2.8666490 2.7995536 2.8041358 4.4026956 2.2561162 3.6172950 4.2528175 3.6584970 3.3289178 3.7483564 3.1470670 5.4925275 2.5196813 2.9706239 3.3854752 4.0198397 3.8771198 3.7515215 4.2370424 4.3428709 3.2459907 3.7398463 4.2462889 3.8267714 4.4528251 4.6765923 3.3297141 4.7521550 3.1914538 4.6709737 0.0766351 0.0000000 6.7102059 
Cscu_XM_023369094.1                               5.1499525 5.6859488 3.7594970 4.7946206 5.8805626 4.5342167 6.2128623 5.1686132 5.6228838 4.8589528 6.9664132 5.8413489 3.9024309 8.9999980 4.3597147 4.4277845 3.9377678 3.7666635 3.7257299 3.8728342 3.7377861 4.3037194 3.7456013 3.8972129 5.0422920 2.9768003 3.7404585 5.4837554 3.8092733 3.1227259 4.5383888 3.6386109 4.2291784 4.2507978 5.6205959 6.5556614 4.3324380 5.2883223 4.5709492 4.1627468 3.7905987 4.5212938 4.4185297 4.6442381 4.6019093 3.0157703 4.1449052 7.3867706 6.7102059 0.0000000 
