98
HoiH23_PlH23_011299-RA                                             0.0000000 0.0161629 0.0437744 0.0313131 0.0760537 0.1138821 0.1138821 0.0000010 0.0000010 0.0000010 0.2722306 0.2722306 0.2997966 0.0000010 0.0000010 0.0000010 1.0059980 1.0447523 0.9999626 0.5716936 1.0723644 0.4439718 1.0484686 1.0390628 1.6654396 1.0346115 1.1002290 1.5881706 1.2102736 1.0482520 0.5694999 1.0574901 1.0388414 1.0812521 1.0569437 1.1297326 1.2829813 0.9429789 1.1602469 1.0841581 1.1404314 1.0225878 1.0944990 0.7783429 1.0737766 1.0680554 2.0376971 1.3245619 1.5864668 1.0450451 1.1475963 1.2512652 1.1699845 1.1548926 1.3376957 1.3581909 1.9696092 1.4218139 0.9337873 1.3628726 1.2467082 1.2398912 1.3591281 1.2500292 1.4637986 1.4637986 1.3153099 1.2662100 1.2509895 1.5377635 1.8129764 1.4738103 1.8563387 1.4965147 1.2512181 1.5278698 1.5278698 1.5278698 0.0000010 1.6867414 1.3752618 0.0000010 0.0000010 0.0000010 0.0000010 0.4407708 0.0000010 0.0000010 0.0000010 3.4317912 0.0000010 0.0000010 0.0000010 0.0000010 0.0000010 0.0000010 0.0000010 3.5550422 
HoiH06_mRNA13962                                                   0.0161629 0.0000000 0.0500348 0.0405520 0.0674679 0.1180689 0.1180689 0.0000010 0.0000010 0.0000010 0.2556435 0.2556435 0.2893497 0.0000010 0.0000010 0.0000010 0.9863768 1.0426435 0.9771173 0.5779255 1.0415016 0.4525345 1.0172185 1.0077102 1.6336157 1.0437809 1.0730601 1.5651741 1.1280477 1.0165425 0.5762284 1.0243734 1.0119409 1.0453087 1.0208991 1.1021616 1.2614055 0.9092355 1.1116884 1.0573289 1.0985240 1.0051865 1.0765854 0.7873216 1.0679069 1.0702527 2.0376971 1.2721529 1.7342754 1.0874025 1.1943723 1.2454429 1.1699918 1.1127711 1.2807905 1.2898151 1.7742206 1.3612144 0.9618160 1.3158851 1.2586768 1.1500787 1.3342760 1.2098179 1.4448654 1.4448654 1.3090192 1.2721270 1.2348510 1.5159884 1.7611137 1.4500872 1.7933528 1.4821558 1.2452162 1.4956677 1.4956677 1.4956677 0.0000010 1.6857869 1.3697536 0.0000010 0.0000010 0.0000010 0.0000010 0.4407708 0.0000010 0.0000010 0.0000010 3.4317912 0.0000010 0.0000010 0.0000010 0.0000010 0.0000010 0.0000010 0.0000010 3.0362786 
Hhon_g09018.t1                                                     0.0437744 0.0500348 0.0000000 0.0000010 0.1112259 0.1717817 0.1524759 0.0028285 0.1146216 0.1155078 0.3067115 0.2204251 0.2761404 0.3855194 0.5422067 0.6928570 1.1230490 1.1711445 1.1347375 0.5299222 0.9158803 0.4095850 1.1603428 1.1508456 1.2951931 0.9670710 1.2016014 1.2185555 1.1590842 1.1637506 1.1657476 1.2227199 0.9647123 1.1423679 1.1002643 1.1398592 1.0413843 1.0912577 1.2282442 1.0937156 1.1223444 1.2159723 1.2266592 0.8228943 1.3811311 1.3598580 1.7895790 1.3592386 1.6376145 1.3877418 1.3609959 1.0555962 1.4212445 1.3034602 1.6062266 1.6529935 2.0281950 1.4552589 0.8965524 1.2767887 1.1573370 1.3735723 1.3860601 1.5003447 1.4934384 1.4969711 1.0347766 1.0360624 1.4742069 1.5484754 1.8029772 1.3370845 1.8797294 1.5381015 1.4527188 1.4374259 1.2080021 1.5141038 1.8068568 1.6730667 1.4771956 1.8866682 1.4563393 1.7957820 1.6103374 1.4070241 1.3720814 1.4924364 1.6695371 1.4367992 0.8755307 1.8849485 1.6932698 3.0626884 1.8222257 2.3520974 4.0551282 4.4142208 
HoiH04_mRNA5415                                                    0.0313131 0.0405520 0.0000010 0.0000000 0.0543136 0.0882975 0.0882975 0.0000010 0.0000010 0.0000010 0.2416373 0.2416373 0.2647541 0.0000010 0.0000010 0.0000010 1.0888178 1.0956319 1.0441581 0.5751683 1.1342958 0.4095850 1.1061265 1.0951292 1.7161809 1.1333178 1.1544957 1.7768827 1.1880783 1.1162904 0.5490574 1.1006220 1.0786502 1.1092733 1.0815531 1.2210266 1.3319694 1.0055234 1.1545018 1.0998965 1.1586613 1.0637837 1.1125169 0.7388735 1.1712683 1.1743961 2.0376971 1.3607464 1.8257155 1.1380767 1.2381468 1.3978006 1.2240991 1.1574079 1.3314433 1.3368573 1.8972768 1.4134401 0.9336179 1.5564531 1.2078964 1.2266364 1.3661838 1.2010749 1.5843649 1.5843649 1.5003676 1.3929590 1.3514730 1.6074204 1.7522538 1.5351947 1.8366585 1.6049237 1.3634409 1.6036513 1.6036513 1.6036513 0.0000010 1.6895017 1.4709781 0.0000010 0.0000010 0.0000010 0.0000010 0.3359223 0.0000010 0.0000010 0.0000010 7.2127286 0.0000010 0.0000010 0.0000010 0.0000010 0.0000010 0.0000010 0.0000010 3.0180635 
HoiH11_mRNA8346                                                    0.0760537 0.0674679 0.1112259 0.0543136 0.0000000 0.1520623 0.1193858 0.1379683 0.1122147 0.1209610 0.2895567 0.2717938 0.3581995 0.3176148 0.5696218 0.7068181 1.1262610 1.1687673 1.1238901 0.6019876 0.9028766 0.4095850 1.1338323 1.1274732 1.3181548 0.9436161 1.1823413 1.1934093 1.1308356 1.1540985 1.1892463 1.2037557 0.9770706 1.1399531 1.1111929 1.1235799 1.0447684 1.0780292 1.2231018 1.0947288 1.1387269 1.2056041 1.2239639 0.7989396 1.3862171 1.3585580 1.7907659 1.4340144 1.9789218 1.3921365 1.4076390 1.0792859 1.4316414 1.3221859 1.6412387 1.7172478 2.1405010 1.4771317 0.9019863 1.2799691 1.3827953 1.3353033 1.4133044 1.5367900 1.5487562 1.5518729 1.0656089 1.0692350 1.4797201 1.5654431 1.8236828 1.3729662 1.9449697 1.5356160 1.4373614 1.3881995 1.1899423 1.5368703 1.9329845 1.6659972 1.5083155 1.9273835 1.4994566 1.8324407 1.6426073 1.4168739 1.3479996 1.4553322 1.6718703 1.3675675 0.8913631 1.9530489 1.7736271 2.9000158 1.8276170 2.3889502 4.5380128 4.4556889 
TrH2_TrispH2_009904-RA                                             0.1138821 0.1180689 0.1717817 0.0882975 0.1520623 0.0000000 0.0102841 0.2394912 0.1948385 0.2173037 0.2369941 0.2466604 0.3926967 0.2572264 0.5646368 0.7365413 1.1218931 1.1369780 1.0936260 0.5616805 0.8838452 0.4677422 1.1167989 1.1100800 1.2415008 0.9405019 1.1425804 1.1340177 1.1209329 1.1265023 1.1199650 1.1507151 0.9404272 1.0890984 1.0691799 1.0783468 0.9946833 1.0705993 1.1791827 1.0549225 1.0985078 1.1484580 1.1761610 0.7856182 1.3747722 1.3510139 1.7970378 1.2908676 1.5198437 1.3439206 1.3170943 0.9911774 1.3708292 1.2696477 1.5809159 1.6104819 2.0476639 1.4133772 0.8275780 1.2326967 1.2352997 1.3118101 1.3842626 1.4698460 1.4740995 1.4778060 0.9920148 0.9939600 1.4289248 1.5300212 1.8828663 1.3114537 1.8516489 1.5388191 1.4526992 1.3487215 1.1544256 1.4663821 1.8560534 1.6649797 1.4560913 1.8661653 1.4422558 1.7121731 1.7125899 1.3948292 1.3377631 1.4404362 1.6340169 1.4269615 0.8845582 1.7574547 1.7927286 2.8180808 1.7490911 2.4654674 3.7150378 4.0663891 
Tadh_TriadT19990                                                   0.1138821 0.1180689 0.1524759 0.0882975 0.1193858 0.0102841 0.0000000 0.2352722 0.1540302 0.1989557 0.2162679 0.2466604 0.3262253 0.2103269 0.4772068 0.6283517 0.9739392 0.9449247 0.9185879 0.5616805 0.8744522 0.4677422 0.9773029 0.9634750 1.2430338 0.9324908 0.9261743 1.0878443 0.9720760 0.9842708 0.9719217 1.0732974 0.8907156 0.9375055 0.9308810 0.9476624 0.9951049 0.8705114 0.9870691 0.9847662 1.0790916 0.9266163 0.9696063 0.7856182 1.1761206 1.1507412 1.5116168 1.2908676 1.5198437 1.1413937 1.1364300 0.9940372 1.1388413 1.0509298 1.4444801 1.4482547 2.0476639 1.3867847 0.8275780 1.0635618 1.2352997 1.1737925 1.2539198 1.2298754 1.2831315 1.2831315 0.9733705 1.0139005 1.1974587 1.2775756 1.8828663 1.3409003 1.8516489 1.3196289 1.2275992 1.3570192 1.1601831 1.2599078 1.3291403 1.6649797 1.2312546 1.8952615 1.4302523 1.3959944 1.6766922 1.1284325 1.2904877 1.2904877 1.2904877 1.3218784 0.8845582 1.4759027 1.4336926 2.3965970 1.3232675 1.7723289 3.8835829 3.8838698 
HoiH04_mRNA13862                                                   0.0000010 0.0000010 0.0028285 0.0000010 0.1379683 0.2394912 0.2352722 0.0000000 0.1497479 0.1228362 0.6558664 0.0000010 0.8860120 0.6707854 0.7487642 0.7339144 1.7248557 1.8875990 1.7309321 0.0000010 0.0000010 0.0000010 1.8099027 1.8322168 0.0000010 9.0000000 2.0599420 1.7401408 1.6893630 1.7764025 1.7408244 1.7120029 1.2780562 1.7661139 1.6441833 1.6894983 1.0214058 1.7585783 1.9528161 1.5647099 1.4346852 1.9268941 2.0761033 1.2410192 2.1970246 2.1602868 2.1970246 0.0000010 0.0000010 2.2549095 2.0537703 2.2276778 2.4100343 2.2538546 2.3578287 2.4820984 0.0000010 1.7636739 0.0000010 1.8318227 0.0000010 2.0911084 1.9354727 2.2165139 2.2647714 2.2599913 9.0000000 0.6678604 2.2106296 2.3772858 0.0000010 8.9999983 0.0000010 2.2972802 2.2364871 8.9999983 1.0245015 2.1449011 2.1847241 0.0000010 2.1674248 1.8726728 1.7306443 2.2960723 1.5869372 2.3104688 1.8713683 2.1199424 2.4672684 1.8284796 1.1863555 2.1812937 1.6747063 2.9786397 1.9292089 2.3320124 4.0509816 5.4659634 
HoiH23_PlH23_011070-RA                                             0.0000010 0.0000010 0.1146216 0.0000010 0.1122147 0.1948385 0.1540302 0.1497479 0.0000000 0.0500412 0.3978468 0.0000010 0.5610034 0.4275826 0.5455941 0.7412427 1.4235293 1.4656131 1.4172126 0.0000010 0.6849627 0.0000010 1.3847059 1.3709880 0.0000010 0.9225720 1.4906927 1.2602677 1.3310551 1.3975936 1.7126042 1.5886054 1.0787245 1.4131135 1.3623045 1.3242930 0.9305947 1.3405330 1.5355736 1.2588519 1.1551574 1.5063155 1.5518225 1.2410192 1.7658436 1.7105515 1.7658436 0.0000010 0.0000010 1.7900631 1.7067217 1.6499699 1.9012643 1.6530370 1.9363746 2.0644602 0.0000010 1.5603689 0.0000010 1.4858985 0.0000010 1.6084749 1.5771916 1.8708069 1.8114023 1.8225475 8.5814141 0.9452931 1.8016211 1.8838775 0.0000010 1.4888605 0.0000010 1.8456621 1.7787699 3.3048343 1.0569691 1.8675775 1.8814548 0.0000010 1.7943121 1.8287221 1.4434711 1.8221221 1.5143982 1.8196247 1.5596094 1.7227997 2.0149109 1.4690181 0.8833343 1.8654286 1.6472648 2.8380033 1.8886368 2.3110098 3.9350000 4.8764054 
HoiH06_mRNA9604                                                    0.0000010 0.0000010 0.1155078 0.0000010 0.1209610 0.2173037 0.1989557 0.1228362 0.0500412 0.0000000 0.5279449 0.0000010 0.7416374 0.5414399 0.6244745 0.7128926 1.4949348 1.6515323 1.5630639 0.0000010 0.5353373 0.0000010 1.5524858 1.5518292 0.0000010 1.9922684 1.7274003 1.4445101 1.4600970 1.5036904 1.6580554 1.4159202 1.1405273 1.5659324 1.4977126 1.4334174 1.0008459 1.5126529 1.6791339 1.3721635 1.2931515 1.6598745 1.7622450 1.2410192 1.8833868 1.8345225 1.8833868 0.0000010 0.0000010 1.8578981 1.8325336 1.6499699 2.1337453 1.9217419 1.9795271 2.1592253 0.0000010 1.6288469 0.0000010 1.6409596 0.0000010 1.7972722 1.7598618 2.0168212 2.0026953 2.0002300 5.9643113 0.8610099 1.9672737 2.0872807 0.0000010 1.4846055 0.0000010 2.0384010 1.9847736 6.5043100 1.0412132 2.0310268 2.0476610 0.0000010 1.9586231 1.8336820 1.5579911 1.9697799 1.5698838 2.0276289 1.7005055 1.8634154 2.1907521 1.5966349 0.9210675 1.9968057 1.6078495 2.8500690 1.8303867 2.2698758 3.7732889 5.1159613 
Tadh_TriadT18957                                                   0.2722306 0.2556435 0.3067115 0.2416373 0.2895567 0.2369941 0.2162679 0.6558664 0.3978468 0.5279449 0.0000000 0.0000010 0.2939055 0.0370537 0.3655700 0.4376622 1.0891642 1.1063172 1.1122433 0.5920448 0.8951570 0.5121798 1.1266940 1.0917171 1.3105817 0.9183942 1.1219409 1.2134161 1.1552851 1.1493073 1.1436214 1.1855220 1.0038021 1.1081392 1.0955572 1.1417615 1.0936778 1.0529781 1.0708280 1.0703222 1.1114605 1.0823806 1.0608494 0.8782903 1.3146980 1.2901931 1.7608803 1.2845992 2.0773251 1.3633799 1.3470891 1.0756664 1.2809270 1.1782990 1.5603381 1.5485829 1.9884957 1.4686611 0.8373203 1.2271947 1.3870550 1.3043702 1.3912098 1.3971160 1.4244122 1.4244122 0.9474323 1.0164893 1.3217638 1.3778807 1.8226611 1.3105064 2.0271880 1.4209159 1.3308853 1.3621740 1.1592959 1.4044111 1.7187819 1.6429273 1.3781565 2.2324254 1.5718165 1.6693001 2.2811515 1.3027070 1.3707002 1.5450191 1.5207257 1.5280522 0.9103240 1.8029277 2.2519421 5.0221587 2.0526758 2.8542411 6.7202878 6.2774678 
TrH2_TrispH2_009905-RA                                             0.2722306 0.2556435 0.2204251 0.2416373 0.2717938 0.2466604 0.2466604 0.0000010 0.0000010 0.0000010 0.0000010 0.0000000 0.2515677 0.0000010 0.0000010 0.0000010 0.9760154 0.9903133 0.9762250 0.5920448 1.0805479 0.5121798 1.0093166 1.0081760 1.5881062 0.9572005 0.9761558 1.3899385 1.1198343 1.0017312 0.5727827 1.0720197 0.8994137 0.9835347 0.9713814 1.0788001 1.1231694 0.9413802 0.9848620 0.9019606 0.9905177 0.9695730 0.9196800 0.7316167 1.0114689 1.0131812 0.7780112 1.2845992 2.0773251 1.0933916 1.1333518 1.1671943 1.0913493 1.0222667 1.2038272 1.1386581 1.9884957 1.1369769 0.8373203 1.1785098 1.3870550 1.2124447 1.2412737 1.0566250 1.4317967 1.4317967 1.1888933 1.0358666 1.0503939 1.3621126 1.8226611 1.3624907 2.0271880 1.3937739 1.0766902 1.4940164 1.4940164 1.4940164 0.0000010 1.6429273 1.2237332 0.0000010 0.0000010 0.0000010 0.0000010 0.5191569 0.0000010 0.0000010 0.0000010 3.9814230 0.0000010 0.0000010 0.0000010 0.0000010 0.0000010 0.0000010 0.0000010 3.7788740 
Hhon_g08120.t1                                                     0.2997966 0.2893497 0.2761404 0.2647541 0.3581995 0.3926967 0.3262253 0.8860120 0.5610034 0.7416374 0.2939055 0.2515677 0.0000000 0.3580572 0.1989833 0.2259245 1.1988023 1.1966798 1.1583113 0.4877335 0.9386238 0.4194882 1.2343971 1.2064448 1.3592037 0.9880637 1.2110952 1.3234193 1.1817403 1.2391342 1.4014465 1.3763667 1.0410505 1.1525242 1.1493695 1.2553729 1.1908054 1.1780830 1.2175752 1.2543484 1.2436869 1.2148645 1.2681667 0.7749107 1.4427662 1.4290279 1.9079060 1.5441130 1.7932287 1.4624141 1.4392236 1.0989268 1.3595249 1.2626252 1.7033239 1.7351315 2.1781627 1.6043229 0.9261011 1.2965341 1.3100227 1.4514534 1.4953028 1.5010989 1.5282516 1.5282516 0.9927968 1.0396926 1.5237245 1.5463547 1.7407242 1.2882219 1.8449834 1.5585330 1.5360499 1.3936348 1.2437788 1.5581881 1.9361725 1.6846310 1.5756049 2.6447568 1.7058689 1.8834905 2.5535953 1.4863514 1.4543141 1.5731400 1.6180870 1.5909455 0.8477218 1.9506998 2.2680135 3.7031439 2.2655677 3.0638401 5.1026791 5.7991686 
TrH2_TrispH2_005213-RA                                             0.0000010 0.0000010 0.3855194 0.0000010 0.3176148 0.2572264 0.2103269 0.6707854 0.4275826 0.5414399 0.0370537 0.0000010 0.3580572 0.0000000 0.4199169 0.5036264 1.2733640 1.2630214 1.2634848 8.9999984 0.7463211 0.0000010 1.2192618 1.1714790 0.7344599 0.8448786 1.2440228 1.2001248 1.2050122 1.2805163 1.8234845 1.4715221 1.0951275 1.2132427 1.2072118 1.2045898 1.0466746 1.2158073 1.2270204 1.2097372 1.2677700 1.2811631 1.2841415 2.8028109 1.6818015 1.6358228 1.9727056 0.0000010 0.0000010 1.5682959 1.5664679 0.6358485 1.4804770 1.3614610 1.8381206 1.9082154 0.0000010 1.6296353 0.0000010 1.2902003 0.0000010 1.4889302 1.6225262 1.7184958 1.5421923 1.5421923 0.5275458 0.9718346 1.5341164 1.5350555 0.0000010 1.0702572 0.0000010 1.6242853 1.6304861 1.1492950 0.9174890 1.4808045 1.9843523 0.0000010 1.6382889 2.5775924 1.7700822 1.8853023 2.3150492 1.5959837 1.4682071 1.6367617 1.6761914 1.5417224 0.9103240 2.0517932 2.1785584 4.0830069 2.1843571 2.7985372 5.9442304 8.7717832 
HoiH23_PlH23_010572-RA                                             0.0000010 0.0000010 0.5422067 0.0000010 0.5696218 0.5646368 0.4772068 0.7487642 0.5455941 0.6244745 0.3655700 0.0000010 0.1989833 0.4199169 0.0000000 0.0851410 1.5818916 1.6696100 1.5847166 0.0000010 0.6395527 0.0000010 1.6732575 1.6101712 0.0000010 0.9257386 1.7109323 1.5992129 1.4249967 1.5712684 2.1530208 1.7294576 1.2802902 1.4989934 1.4861905 1.6947285 1.3635163 1.6465656 1.5776446 1.6674927 1.4132805 1.6100035 1.6811910 2.3665426 2.0380451 1.9881467 2.0380451 0.0000010 0.0000010 1.9967097 1.8447889 4.7058048 1.8175613 1.6717657 2.0556631 2.1987544 0.0000010 1.8750175 0.0000010 1.5957081 0.0000010 1.9298086 1.8125090 1.9245393 2.1243718 2.1243718 0.0000010 0.8646603 2.0469011 2.1376167 0.0000010 1.2992608 0.0000010 2.0822459 2.1103291 5.5625283 1.0447876 2.0215183 2.0215183 0.0000010 2.1491921 2.5935171 1.7774086 2.0330936 2.4328811 2.1456485 1.8151091 2.0611715 2.1213042 1.7813910 0.8649237 1.9862470 2.0157895 3.6054244 2.1075192 2.6779707 5.2406492 7.8300912 
HoiH06_mRNA14506                                                   0.0000010 0.0000010 0.6928570 0.0000010 0.7068181 0.7365413 0.6283517 0.7339144 0.7412427 0.7128926 0.4376622 0.0000010 0.2259245 0.5036264 0.0851410 0.0000000 1.9472787 2.0865653 1.9455572 0.0000010 9.0000000 0.0000010 2.1213439 2.0739631 0.0000010 9.0000000 2.2442079 2.0924742 1.6984512 1.8873367 2.0878033 1.9815591 1.5368874 1.7533199 1.7554196 2.1722136 1.8107935 2.1644967 1.9893300 2.1550089 1.8018733 2.0681092 2.3032779 2.3665426 2.3170593 2.3167178 2.3170593 0.0000010 0.0000010 2.3075183 2.1057066 4.0409654 2.2516437 2.1830524 2.4193001 2.6368163 0.0000010 2.2307174 0.0000010 2.0457234 0.0000010 2.4575796 2.3514044 2.3418158 2.5849555 2.5849555 0.0000010 0.9774678 2.5147534 2.6674231 0.0000010 3.7245603 0.0000010 2.5678995 2.6115530 8.9999988 1.2314991 2.4550017 2.4550017 0.0000010 2.6767855 2.4120753 2.1190482 2.4536239 2.3048275 2.6409815 2.1195850 2.4262037 2.5330755 2.0998118 1.1858641 2.2990006 1.9433234 3.7028849 2.1040926 2.7008284 5.0882779 8.0038927 
Bralan_BLAG03000635_1                                              1.0059980 0.9863768 1.1230490 1.0888178 1.1262610 1.1218931 0.9739392 1.7248557 1.4235293 1.4949348 1.0891642 0.9760154 1.1988023 1.2733640 1.5818916 1.9472787 0.0000000 0.6397199 0.5921637 0.2737394 0.3494347 0.2743336 0.6812773 0.6729194 0.4677084 0.3772024 0.6464070 0.6478620 0.6375742 0.6302560 0.7143239 0.5824227 0.4495996 0.6055023 0.5999422 0.6015992 0.3454750 0.4578584 0.5041823 0.4218939 0.4603538 0.4064903 0.5481776 0.4660207 0.7565866 0.7410078 1.2158481 0.4522085 0.7700796 0.9282385 0.8946985 0.4862387 0.6690790 0.6359633 0.9517226 1.0321678 0.7953281 0.8197032 0.4568184 0.5756047 0.5883038 0.8194837 0.8780423 1.0010896 1.0482642 1.0839614 0.6256346 0.6584714 1.1137643 1.0982117 0.8555417 0.7401911 0.8137684 1.1335093 1.0419300 0.9121081 0.7260574 1.0948583 1.5243757 0.8115931 1.1909243 1.4191939 0.9817223 1.2990106 1.1087871 1.0554865 0.9550529 1.0565822 1.3489975 0.8580782 0.4514311 1.3700368 1.3939053 2.9988759 1.6145837 1.7624416 4.1258776 3.5781548 
Dgig_XM_028556892.1                                                1.0447523 1.0426435 1.1711445 1.0956319 1.1687673 1.1369780 0.9449247 1.8875990 1.4656131 1.6515323 1.1063172 0.9903133 1.1966798 1.2630214 1.6696100 2.0865653 0.6397199 0.0000000 0.4401110 0.2722284 0.3588034 0.1836739 0.6277842 0.6276276 0.5263144 0.3808319 0.1601879 0.1779158 0.4887843 0.4980436 0.4952221 0.4424554 0.3148115 0.4692253 0.4560484 0.5699570 0.4766363 0.6531150 0.7418984 0.5718742 0.5536121 0.6895581 0.6998448 0.5359773 0.8571295 0.8421243 1.3089716 0.5956619 0.9999665 0.9509042 0.9358425 0.5534835 0.7913345 0.8278463 1.1016235 1.1269039 1.2378009 0.8934428 0.4410521 0.4908105 0.8335668 0.9029650 0.9793228 1.0596185 1.1248422 1.1457262 0.6735301 0.7150881 1.1560959 1.1642933 0.9354342 0.8267009 0.8277500 1.1084885 1.0402494 0.9627669 0.7508856 1.1310563 1.4644371 0.8392783 1.1470053 1.4481825 1.0053805 1.4983796 1.2702097 1.0600852 0.9921946 1.1204815 1.4337092 1.0047902 0.4380485 1.3072655 1.0000045 1.9346636 1.1841151 1.5121090 3.0949477 3.3380120 
Nvec_v1g173010                                                     0.9999626 0.9771173 1.1347375 1.0441581 1.1238901 1.0936260 0.9185879 1.7309321 1.4172126 1.5630639 1.1122433 0.9762250 1.1583113 1.2634848 1.5847166 1.9455572 0.5921637 0.4401110 0.0000000 0.0770147 0.3326598 0.1197772 0.5523918 0.5533243 0.5244992 0.3491954 0.4512934 0.4622425 0.3546110 0.3824618 0.4551947 0.3559982 0.2250663 0.3384690 0.3281788 0.5509397 0.4353960 0.5897641 0.6732232 0.5271953 0.4838398 0.5571481 0.6173392 0.4601016 0.8285257 0.8139733 1.3418479 0.5156096 0.8120050 0.9156881 0.9027439 0.4920612 0.7751809 0.7814193 1.0478170 1.0552527 0.9604581 0.7914276 0.4141879 0.2766973 0.7097764 0.8836187 0.9564537 1.0174478 1.1119774 1.1377914 0.7184342 0.6720195 1.1798313 1.1869852 0.9027790 0.7763911 0.7904187 1.1096305 1.0453130 0.9345358 0.7248774 1.1623415 1.6652230 0.7881767 1.1142978 1.6047857 1.0511446 1.4383733 1.3176973 1.1391056 0.9654801 1.1493179 1.4395292 0.9193625 0.3498027 1.2544242 0.7749413 1.8791608 0.9986029 1.2928468 3.8811086 3.3819472 
Exapal_XM_021045532.1                                              0.5716936 0.5779255 0.5299222 0.5751683 0.6019876 0.5616805 0.5616805 0.0000010 0.0000010 0.0000010 0.5920448 0.5920448 0.4877335 8.9999984 0.0000010 0.0000010 0.2737394 0.2722284 0.0770147 0.0000000 0.2040365 0.1909130 0.1872119 0.2092233 2.4343153 0.2613683 0.3082716 0.5989817 0.2644967 0.2630872 0.2304752 0.2254149 0.2441962 0.2498689 0.2648912 0.3169529 0.2802102 0.2384958 0.3354247 0.2874768 0.2879625 0.2234007 0.3316205 0.4298608 0.3314154 0.3096459 1.8627739 0.0000010 0.0000010 0.3227844 0.3353910 0.3452449 0.3601996 0.3132546 0.4466146 0.4793832 0.0000010 0.4060880 0.6011771 0.0747992 1.4659244 0.4999276 0.5666312 0.5666312 0.8602564 0.8602564 0.8602564 0.7891004 0.8680015 0.9245494 1.2210982 0.7891004 0.0000010 0.8206706 0.8206706 0.9750456 0.9750456 0.9750456 0.0000010 0.7756456 0.9410309 0.0000010 0.0000010 0.0000010 0.0000010 0.4532970 0.0000010 0.0000010 0.0000010 1.7710634 0.0000010 0.0000010 0.0000010 0.0000010 0.0000010 0.0000010 0.0000010 2.5510029 
Sanmal_Sma_024252-T1                                               1.0723644 1.0415016 0.9158803 1.1342958 0.9028766 0.8838452 0.8744522 0.0000010 0.6849627 0.5353373 0.8951570 1.0805479 0.9386238 0.7463211 0.6395527 9.0000000 0.3494347 0.3588034 0.3326598 0.2040365 0.0000000 0.0367774 0.0549882 0.0543492 0.1450615 0.2128856 0.3642376 0.4949209 0.3408378 0.3240194 0.2210655 0.4079051 0.2886809 0.3120188 0.3153571 0.1548228 0.4412745 0.3609247 0.3936366 0.3734658 0.4435484 0.3238321 0.3974690 0.4844287 0.5622195 0.5804541 1.1172273 0.5960122 0.9393322 0.6644977 0.6436327 0.5469859 0.4659371 0.4583325 0.8190670 0.8490599 1.0392410 0.8518417 0.5585243 0.3778882 0.7069829 0.6256892 0.6707315 0.6595910 0.7996299 0.7996299 0.6724346 0.7263961 0.7398993 0.7692243 0.9480835 0.8392996 0.8684527 0.8254714 0.7393483 0.9360202 0.8226686 0.8226686 0.5964610 0.8498418 0.8054420 1.3693383 0.6858582 0.7495034 1.3693383 0.6771546 0.6957995 0.6957995 0.6957995 0.6374029 0.0733566 0.9836254 0.0000010 0.0000010 0.5370892 0.0000010 0.0000010 2.3550636 
Aaur_scaffold6430.g1.t1                                            0.4439718 0.4525345 0.4095850 0.4095850 0.4095850 0.4677422 0.4677422 0.0000010 0.0000010 0.0000010 0.5121798 0.5121798 0.4194882 0.0000010 0.0000010 0.0000010 0.2743336 0.1836739 0.1197772 0.1909130 0.0367774 0.0000000 0.0371354 0.0371354 8.9999989 0.1388365 0.1836739 0.8306239 0.2740365 0.2527131 0.2265632 0.2265632 0.2867194 0.2304925 0.2559816 0.3094020 0.2487320 0.3018736 0.2763581 0.2340920 0.2892208 0.2095083 0.2474601 0.3139852 0.3095764 0.2952565 0.0000010 0.0000010 0.0000010 0.3377319 0.2688168 0.2821557 0.3133646 0.3153767 0.4265611 0.4385297 0.0000010 0.4000018 0.4414872 0.0000010 0.9729833 0.3097128 0.5490520 0.5490520 0.7822677 0.7822677 0.7822677 0.5772175 0.6172099 0.7287589 0.7603539 0.5772175 0.0000010 0.6678529 0.6678529 0.6482516 0.6482516 0.6482516 0.0000010 0.7261952 0.6913903 0.0000010 0.0000010 0.0000010 0.0000010 0.0889953 0.0000010 0.0000010 0.0000010 0.0000010 0.0000010 0.0000010 0.0000010 0.0000010 0.0000010 0.0000010 0.0000010 1.8913386 
Rhoesc_Res_016981-T1                                               1.0484686 1.0172185 1.1603428 1.1061265 1.1338323 1.1167989 0.9773029 1.8099027 1.3847059 1.5524858 1.1266940 1.0093166 1.2343971 1.2192618 1.6732575 2.1213439 0.6812773 0.6277842 0.5523918 0.1872119 0.0549882 0.0371354 0.0000000 0.0463000 0.1407429 0.2107419 0.5907627 0.6205821 0.5486598 0.5740496 0.5891185 0.5343680 0.4298755 0.5228753 0.5249724 0.2956214 0.4866740 0.6345694 0.7297928 0.5806853 0.5468060 0.6790028 0.6871912 0.4811370 0.8810725 0.8839819 1.3830047 0.5678853 0.9915575 1.0193841 0.9622462 0.5635421 0.8242217 0.8095998 1.1024329 1.1137530 0.9763527 0.9041332 0.5618275 0.5783098 0.6750652 0.9516331 1.0202085 1.0920017 1.0536922 1.0631465 0.6337300 0.6477759 1.1308362 1.1404150 0.9230655 0.8019387 0.8517350 1.1326059 1.0671749 0.9637474 0.7789762 1.1213758 1.4567219 0.8247139 1.1119312 1.5744180 1.0890046 1.3801494 1.2432012 1.0686633 1.0022647 1.1856062 1.4230447 0.9658718 0.0805425 1.2401595 1.1970673 0.6773973 0.4123910 1.1588055 3.8700327 3.1249916 
Nemnom_g13350.t1                                                   1.0390628 1.0077102 1.1508456 1.0951292 1.1274732 1.1100800 0.9634750 1.8322168 1.3709880 1.5518292 1.0917171 1.0081760 1.2064448 1.1714790 1.6101712 2.0739631 0.6729194 0.6276276 0.5533243 0.2092233 0.0543492 0.0371354 0.0463000 0.0000000 0.1466798 0.2100432 0.6032624 0.6198542 0.5713726 0.5573460 0.6178888 0.5400652 0.4243150 0.5282563 0.5338314 0.2858185 0.4694097 0.6163501 0.7202351 0.5732071 0.5331569 0.6614184 0.7228153 0.4760518 0.8613389 0.8661830 1.3279432 0.5433546 0.9635607 0.9795230 0.9609511 0.5529326 0.8053199 0.7975857 1.0842048 1.1176368 0.9971456 0.8814583 0.5674783 0.5740150 0.6875046 0.9346078 1.0327158 1.1197445 1.0343529 1.0435930 0.6260471 0.6453205 1.1192636 1.0988241 0.9108422 0.8023929 0.8407703 1.1219691 1.0609650 0.9656882 0.7773467 1.1243019 1.4772735 0.8143935 1.1081218 1.5580904 1.0542955 1.3298049 1.0989571 1.0556379 0.9942079 1.1889281 1.4614420 0.9912293 0.0741417 1.2142346 1.2779848 0.7619830 0.4236982 1.2097761 4.0098248 3.0784429 
Aaur_scaffold2521.g1.t1                                            1.6654396 1.6336157 1.2951931 1.7161809 1.3181548 1.2415008 1.2430338 0.0000010 0.0000010 0.0000010 1.3105817 1.5881062 1.3592037 0.7344599 0.0000010 0.0000010 0.4677084 0.5263144 0.5244992 2.4343153 0.1450615 8.9999989 0.1407429 0.1466798 0.0000000 0.3161632 0.5092234 0.6158143 0.4919763 0.3966880 0.6510639 0.4590146 0.3602679 0.4034326 0.4056596 0.2503844 0.6176617 0.4897568 0.5233566 0.4832118 0.5776382 0.4530945 0.5163896 2.0983697 0.6507349 0.6650705 1.2225272 0.5660120 0.9332900 0.7664525 0.7006427 0.8424630 0.5890022 0.5207840 0.8156670 0.7583290 0.8843183 0.7857766 0.9172242 0.4456762 0.6354172 0.8418265 0.8377893 0.8223562 0.9323902 0.9323902 0.8081952 0.9976367 0.9780400 0.9785228 1.0877310 1.0143528 0.8895107 0.9891632 0.8379915 1.0386904 1.0386904 1.0386904 0.0000010 1.0465410 0.8877996 0.0000010 0.0000010 0.0000010 0.0000010 0.7045955 0.6358144 0.6358144 0.6358144 0.5399355 0.0000010 0.0000010 0.0000010 0.0000010 0.0000010 0.0000010 0.0000010 2.6704096 
Chem_TCONS_00053576                                                1.0346115 1.0437809 0.9670710 1.1333178 0.9436161 0.9405019 0.9324908 9.0000000 0.9225720 1.9922684 0.9183942 0.9572005 0.9880637 0.8448786 0.9257386 9.0000000 0.3772024 0.3808319 0.3491954 0.2613683 0.2128856 0.1388365 0.2107419 0.2100432 0.3161632 0.0000000 0.3789945 0.4917314 0.3260190 0.3367552 0.2395626 0.4217110 0.2916754 0.3146065 0.3174315 0.2057869 0.4360101 0.3855393 0.4365839 0.4034721 0.4553066 0.3900907 0.4201472 0.4130015 0.5511428 0.5523000 1.0014962 0.6520472 0.9470143 0.6102602 0.5964132 0.5148256 0.4754664 0.5094735 0.7657154 0.8182788 0.9467399 0.8013390 0.5051828 0.3898871 0.3453914 0.6232008 0.7021038 0.6756076 0.8585154 0.8585154 0.6547378 0.8309268 0.8254472 0.8526181 0.9686787 0.8550235 0.9839579 0.8359184 0.7966272 1.0118912 0.9055699 0.9055699 0.6870402 0.9313242 0.8316774 1.2474283 0.7600040 0.9806351 1.2474283 0.7841814 0.8498946 0.8498946 0.8498946 0.6653496 0.1816103 0.9684125 0.0000010 0.0000010 0.2252193 1.6277536 0.0000010 2.4046347 
Xesp_014017-T1                                                     1.1002290 1.0730601 1.2016014 1.1544957 1.1823413 1.1425804 0.9261743 2.0599420 1.4906927 1.7274003 1.1219409 0.9761558 1.2110952 1.2440228 1.7109323 2.2442079 0.6464070 0.1601879 0.4512934 0.3082716 0.3642376 0.1836739 0.5907627 0.6032624 0.5092234 0.3789945 0.0000000 0.0862344 0.4868045 0.4888377 0.5017887 0.4461208 0.3292418 0.4597368 0.4485470 0.5492323 0.4950853 0.6519858 0.7488230 0.5858467 0.5486221 0.6566711 0.6880671 0.4971931 0.8615380 0.8600813 1.3116728 0.5935023 1.0358713 0.9829493 0.9290976 0.5370341 0.7880435 0.8137980 1.1075576 1.1037361 1.2985116 0.8845571 0.4351578 0.5118539 0.7829391 0.9264226 1.0342966 1.1162210 1.1140122 1.1405080 0.6507578 0.7058044 1.1361868 1.1919787 0.9749323 0.8571653 0.8643872 1.1278503 1.0412728 0.9676648 0.7641455 1.1472197 1.5627355 0.8353904 1.1583846 1.3789175 0.9707155 1.4385240 1.2392839 1.0779000 0.9519620 1.1347947 1.4120807 0.9782951 0.4644639 1.3472766 1.1264681 2.1802966 1.1967819 1.4668479 3.6127326 3.4392901 
Xesp_027394-T1                                                     1.5881706 1.5651741 1.2185555 1.7768827 1.1934093 1.1340177 1.0878443 1.7401408 1.2602677 1.4445101 1.2134161 1.3899385 1.3234193 1.2001248 1.5992129 2.0924742 0.6478620 0.1779158 0.4622425 0.5989817 0.4949209 0.8306239 0.6205821 0.6198542 0.6158143 0.4917314 0.0862344 0.0000000 0.4515704 0.4636788 0.6038521 0.5467082 0.3964077 0.4409614 0.4369005 0.5180798 0.6189501 0.6112311 0.7172941 0.6645755 0.6589663 0.6264710 0.6303946 0.9730427 0.8424520 0.8274902 1.1109879 0.7903604 2.1797340 0.9140630 0.9030181 0.7110728 0.7353110 0.7690123 1.0532322 1.0609363 1.8787080 0.9784122 0.6262805 0.4568464 0.9446107 0.9513436 0.9857119 0.9714519 1.0417928 1.0417928 0.7353127 0.7918184 0.9713273 1.0678839 1.5633375 1.0967709 1.2928533 1.0678305 0.9630481 1.1162879 0.8548503 1.0046049 1.0224295 1.3218512 1.0428022 1.4737471 1.0193059 1.0912832 1.3236623 0.9326736 0.9795325 1.0538181 1.0538181 0.9625466 0.5069668 1.0861588 0.8432959 1.7953743 0.8896232 1.1083191 2.6130516 3.6574502 
Gfas_gfas1.m1.13167.m1                                             1.2102736 1.1280477 1.1590842 1.1880783 1.1308356 1.1209329 0.9720760 1.6893630 1.3310551 1.4600970 1.1552851 1.1198343 1.1817403 1.2050122 1.4249967 1.6984512 0.6375742 0.4887843 0.3546110 0.2644967 0.3408378 0.2740365 0.5486598 0.5713726 0.4919763 0.3260190 0.4868045 0.4515704 0.0000000 0.1423748 0.1216172 0.1408252 0.0829553 0.1368749 0.1345455 0.5278073 0.4476719 0.5985547 0.7055102 0.5577557 0.5166064 0.5935536 0.6625713 0.4988544 0.7887313 0.7628548 1.1512546 0.6265986 1.1835102 0.8865826 0.8370355 0.5496606 0.7828809 0.8166058 1.0588585 1.0584278 1.2819867 0.8376628 0.5177128 0.3783213 1.3089533 0.8483119 0.9266313 1.0004916 1.0436795 1.0727020 0.6652083 0.6713854 1.1115167 1.1377383 0.8896255 0.8012497 0.8422139 1.0718227 0.9652647 0.9960188 0.7698638 1.1255113 1.4222081 0.7556500 1.0245214 1.3915617 0.9764115 1.2544334 1.1697871 0.9989157 0.9134481 1.0738264 1.2932682 0.7835894 0.3395644 1.1985395 0.3717241 1.9182055 1.0028834 1.4034330 3.7204401 3.5416077 
Amil_Amillepora13525-RA                                            1.0482520 1.0165425 1.1637506 1.1162904 1.1540985 1.1265023 0.9842708 1.7764025 1.3975936 1.5036904 1.1493073 1.0017312 1.2391342 1.2805163 1.5712684 1.8873367 0.6302560 0.4980436 0.3824618 0.2630872 0.3240194 0.2527131 0.5740496 0.5573460 0.3966880 0.3367552 0.4888377 0.4636788 0.1423748 0.0000000 0.0379749 0.0421054 0.0935845 0.1585642 0.1553374 0.5220485 0.4909388 0.6073193 0.7356912 0.5796730 0.5494624 0.6428444 0.6670503 0.5451707 0.7573361 0.7756696 1.0975470 0.4714287 0.6900829 0.8583564 0.8609394 0.5044396 0.8129626 0.7841089 0.9738613 0.9793317 0.8041945 0.7936732 0.5430373 0.3795434 0.4464646 0.8613796 0.9395090 1.0172771 1.0670232 1.0735089 0.6688604 0.6550937 1.1268213 1.1263659 0.8717080 0.7401226 0.7828236 1.0774075 1.0085485 0.9331673 0.7216089 1.0904797 1.4111966 0.7578422 1.0705192 1.4966514 1.0804072 1.3819287 1.2313136 1.0562324 0.9548059 1.1176136 1.3719803 0.8461599 0.3574749 1.2312898 0.3321512 1.7321083 0.9591965 1.3453734 3.2618509 3.2648388 
Adig_XM_015906775.1                                                0.5694999 0.5762284 1.1657476 0.5490574 1.1892463 1.1199650 0.9719217 1.7408244 1.7126042 1.6580554 1.1436214 0.5727827 1.4014465 1.8234845 2.1530208 2.0878033 0.7143239 0.4952221 0.4551947 0.2304752 0.2210655 0.2265632 0.5891185 0.6178888 0.6510639 0.2395626 0.5017887 0.6038521 0.1216172 0.0379749 0.0000000 0.0049304 0.1840433 0.1986921 0.1901731 0.6123590 0.5455728 0.7334310 0.7986200 0.7674959 0.7288641 0.6472498 0.7148706 0.5010717 0.7996101 0.7785224 1.2155716 0.6731853 0.0000010 0.8364674 0.8987896 0.4158307 0.8393591 0.8017160 1.0213793 0.9565764 0.0000010 0.7551787 0.6247087 0.4497161 0.9688053 0.9837789 1.0050619 1.0029948 1.1900536 1.1900536 0.8158908 0.5918390 1.1053260 1.1842180 1.3397434 0.7873358 9.0000000 1.1081348 1.1293165 0.8529413 0.6266301 1.0668784 1.3493183 0.9965723 1.1282457 1.5386861 1.3977129 1.4989679 1.2272877 1.0964195 1.1370193 1.3452648 1.3207159 0.9281280 0.5824989 1.3922046 0.2633671 1.9148336 0.9046621 1.1360618 2.8185460 4.5698480 
Adig_XM_015893262.1                                                1.0574901 1.0243734 1.2227199 1.1006220 1.2037557 1.1507151 1.0732974 1.7120029 1.5886054 1.4159202 1.1855220 1.0720197 1.3763667 1.4715221 1.7294576 1.9815591 0.5824227 0.4424554 0.3559982 0.2254149 0.4079051 0.2265632 0.5343680 0.5400652 0.4590146 0.4217110 0.4461208 0.5467082 0.1408252 0.0421054 0.0049304 0.0000000 0.1580060 0.1625546 0.1550814 0.5107936 0.5745825 0.5861947 0.6627053 0.6439115 0.6318080 0.5363280 0.6214968 0.4705636 0.7350948 0.7249456 1.2605371 0.4769062 0.7000462 0.8262857 0.8397840 0.5427745 0.7232076 0.7073546 0.9931405 0.9743598 0.8810055 0.8764673 0.5356885 0.3878933 0.4381785 0.9225977 0.9596878 0.9819470 1.0691427 1.0691427 0.7035332 0.8581605 1.1098888 1.0800943 0.8617387 0.7865320 0.7864651 1.0508044 1.0517674 1.0354981 0.8600290 1.0441554 1.2431594 0.7503371 1.0410161 1.5350240 1.3204991 1.3528591 1.2313136 1.1374140 1.1209502 1.2480563 1.2325383 0.9578996 0.6945119 1.3727035 0.2646040 1.8777397 0.8334903 1.1407967 2.8309736 3.4224750 
Gasp_gasp1.m3.14307.m1                                             1.0388414 1.0119409 0.9647123 1.0786502 0.9770706 0.9404272 0.8907156 1.2780562 1.0787245 1.1405273 1.0038021 0.8994137 1.0410505 1.0951275 1.2802902 1.5368874 0.4495996 0.3148115 0.2250663 0.2441962 0.2886809 0.2867194 0.4298755 0.4243150 0.3602679 0.2916754 0.3292418 0.3964077 0.0829553 0.0935845 0.1840433 0.1580060 0.0000000 0.0782152 0.0713536 0.3689853 0.4110479 0.4342140 0.4892797 0.4662611 0.4692095 0.4233336 0.4794008 0.5201681 0.6298250 0.6152994 0.9623303 0.3866328 0.5367357 0.6679982 0.6550166 0.4295143 0.5459553 0.5902029 0.8414273 0.8365783 0.8594743 0.7538350 0.4971610 0.2702563 0.4990972 0.6857960 0.7698589 0.7859152 0.8577633 0.8577633 0.6476079 0.6336921 0.8981945 0.8637902 0.7538492 0.6410598 0.6222721 0.8135009 0.8161656 0.8917367 0.6877061 0.8726372 1.0126151 0.6578825 0.8230787 1.3135086 0.9173524 0.9963481 1.1084930 0.8469750 0.8256721 0.9798880 1.0022366 0.7287931 0.3393034 0.9920321 0.1046793 1.2526192 0.6940336 0.8750972 2.3600725 3.4873828 
Spis_XP_022801464_1                                                1.0812521 1.0453087 1.1423679 1.1092733 1.1399531 1.0890984 0.9375055 1.7661139 1.4131135 1.5659324 1.1081392 0.9835347 1.1525242 1.2132427 1.4989934 1.7533199 0.6055023 0.4692253 0.3384690 0.2498689 0.3120188 0.2304925 0.5228753 0.5282563 0.4034326 0.3146065 0.4597368 0.4409614 0.1368749 0.1585642 0.1986921 0.1625546 0.0782152 0.0000000 0.0259276 0.4703612 0.4575500 0.5615133 0.6720656 0.5190281 0.5112994 0.6173827 0.6528296 0.4727084 0.7704604 0.7508654 1.1896421 0.4115183 0.6530010 0.8864145 0.8213051 0.4970244 0.7779802 0.7933523 1.0339055 1.0136149 0.8043989 0.8069872 0.5251891 0.3665122 0.5643734 0.8750165 0.9529765 1.0276137 1.0499644 1.0646091 0.7075927 0.6863539 1.1016181 1.0982242 0.7993830 0.7617640 0.7241405 1.0700537 1.0043710 0.9344944 0.7304770 1.1076577 1.4876132 0.7073403 1.0887726 1.3545610 0.9656199 1.3236640 1.1905087 1.0388863 0.9086738 1.0808904 1.3797364 0.8221446 0.3465082 1.2024216 0.3698475 1.7791301 0.9788907 1.3531089 3.3723145 3.2646486 
Pocdam_XM_027188008.1                                              1.0569437 1.0208991 1.1002643 1.0815531 1.1111929 1.0691799 0.9308810 1.6441833 1.3623045 1.4977126 1.0955572 0.9713814 1.1493695 1.2072118 1.4861905 1.7554196 0.5999422 0.4560484 0.3281788 0.2648912 0.3153571 0.2559816 0.5249724 0.5338314 0.4056596 0.3174315 0.4485470 0.4369005 0.1345455 0.1553374 0.1901731 0.1550814 0.0713536 0.0259276 0.0000000 0.4788015 0.4586613 0.5556012 0.6593627 0.5195719 0.5086987 0.5948655 0.6364139 0.4737012 0.7582257 0.7382784 1.1645163 0.4141099 0.6445806 0.8593059 0.7955249 0.5014797 0.7623921 0.7762323 1.0150821 0.9971651 0.8031135 0.7995130 0.5296031 0.3565791 0.5643734 0.8691320 0.9386212 1.0104263 1.0410527 1.0558358 0.7023870 0.6828566 1.1172840 1.0980683 0.8078150 0.7659334 0.7280715 1.0713252 0.9981194 0.9379776 0.7287992 1.0938326 1.4535206 0.7100665 1.0537021 1.4033467 0.9798995 1.3127790 1.1993318 1.0383625 0.9116609 1.0741011 1.3548039 0.8228180 0.3450696 1.1668307 0.3434811 1.6700166 0.9219361 1.2856752 3.3848281 3.3347650 
Morvir_scaffold91.g60.t1                                           1.1297326 1.1021616 1.1398592 1.2210266 1.1235799 1.0783468 0.9476624 1.6894983 1.3242930 1.4334174 1.1417615 1.0788001 1.2553729 1.2045898 1.6947285 2.1722136 0.6015992 0.5699570 0.5509397 0.3169529 0.1548228 0.3094020 0.2956214 0.2858185 0.2503844 0.2057869 0.5492323 0.5180798 0.5278073 0.5220485 0.6123590 0.5107936 0.3689853 0.4703612 0.4788015 0.0000000 0.4853073 0.5744444 0.6752362 0.5521777 0.5303388 0.6166796 0.6223783 0.6865651 0.7857879 0.7904988 1.1715588 0.5016912 0.8429115 0.9239520 0.8915655 0.5223960 0.7835738 0.7496814 1.0316997 1.0375102 0.8395075 0.8662823 0.5505826 0.5383282 0.4267242 0.8807205 0.9752321 1.0625692 1.0132392 1.0235562 0.6346598 0.7052405 1.0940911 1.0448500 0.9444301 0.8148012 0.7860925 1.0715806 1.0477676 0.9720050 0.7712918 1.0839633 1.3794361 0.8752854 1.0778736 1.3848648 1.0079459 1.2447198 1.1525732 1.0578458 0.9551428 1.1146604 1.2786399 0.8963206 0.1864491 1.0728558 1.0024441 0.9998074 0.5553103 1.0140191 3.0811366 2.8950310 
Spur_XM_030989135.1                                                1.2829813 1.2614055 1.0413843 1.3319694 1.0447684 0.9946833 0.9951049 1.0214058 0.9305947 1.0008459 1.0936778 1.1231694 1.1908054 1.0466746 1.3635163 1.8107935 0.3454750 0.4766363 0.4353960 0.2802102 0.4412745 0.2487320 0.4866740 0.4694097 0.6176617 0.4360101 0.4950853 0.6189501 0.4476719 0.4909388 0.5455728 0.5745825 0.4110479 0.4575500 0.4586613 0.4853073 0.0000000 0.3783244 0.4246162 0.3733513 0.4584787 0.2913053 0.3945619 0.5126514 0.5886709 0.5791742 0.8633602 0.6035411 0.8496928 0.6784920 0.6810482 0.5751616 0.5214549 0.5043554 0.7677165 0.7680529 0.7888562 0.7492779 0.5006350 0.4837368 1.4940931 0.6617582 0.7182350 0.7280698 0.8130225 0.8130225 0.6666470 0.6592044 0.7841843 0.8266430 0.9398160 0.7696319 0.9593038 0.8517105 0.7993678 1.0275660 0.7846053 0.8204588 0.7069808 0.8840833 0.8275966 1.1333495 0.7512122 0.8178825 1.1333495 0.7518097 0.8050814 0.8050814 0.8050814 0.7448904 0.4279591 0.9277455 0.8025038 1.0227177 0.6620647 0.8354440 4.5767942 3.0993067 
Hsap_ENST00000361367                                               0.9429789 0.9092355 1.0912577 1.0055234 1.0780292 1.0705993 0.8705114 1.7585783 1.3405330 1.5126529 1.0529781 0.9413802 1.1780830 1.2158073 1.6465656 2.1644967 0.4578584 0.6531150 0.5897641 0.2384958 0.3609247 0.3018736 0.6345694 0.6163501 0.4897568 0.3855393 0.6519858 0.6112311 0.5985547 0.6073193 0.7334310 0.5861947 0.4342140 0.5615133 0.5556012 0.5744444 0.3783244 0.0000000 0.5556445 0.4541917 0.4374992 0.4775698 0.5700240 0.4714835 0.7815313 0.7993811 1.2446106 0.4136102 0.8388510 0.9630542 0.9175143 0.4908275 0.6864076 0.6963229 1.0082971 1.0378541 0.7411200 0.8173262 0.5045359 0.5926139 0.7295333 0.8093711 0.8884925 1.0128502 1.0976782 1.1145715 0.6962258 0.7337592 1.1986877 1.1463281 0.9923728 0.8717346 0.8560822 1.1411868 1.0591412 1.0269324 0.7853971 1.1655546 1.5347440 0.8835453 1.1538535 1.4840388 1.0250445 1.4150345 1.0797428 1.0985109 1.0300487 1.1515325 1.4103102 0.8866882 0.4210397 1.2893159 1.2090820 2.0661813 1.2179293 1.6367962 4.5701726 3.3432313 
