77
Xestes_maker-XT_scaffold184673-augustus-gene-0.1-mRNA-1 0.0000000 0.4414779 0.4750794 1.0963168 1.4037137 1.4749436 1.4677189 2.1670388 1.8191851 1.7647554 1.5221805 1.6624605 1.7494083 2.2479604 2.4645386 1.9736538 1.6093560 1.7582719 1.8817870 1.9213011 1.8918166 2.0495496 1.7012355 3.3077462 1.8447305 4.3284706 3.7213624 2.3180057 2.0513217 1.8441437 1.8035982 1.7185979 1.7468274 0.0000010 1.5308684 1.7640977 1.6712767 1.7899296 1.7550813 1.9829511 1.6284811 2.1421831 1.5816304 0.0000010 2.0636043 1.7163990 1.8625733 2.1504745 2.1659786 1.8832668 3.5812188 2.0399617 4.7862890 7.2933293 5.3789527 3.4426025 3.3694954 3.5975577 3.4597049 4.8026088 3.3933386 2.8955436 2.8177525 2.8177525 3.1724029 3.7884689 6.0878271 7.1129893 4.8158149 6.4715948 4.8649586 0.0000010 4.3857110 4.4686292 0.0000010 3.4818591 7.4084865 
Halamb_c62979_g1_i1m.45685                              0.4414779 0.0000000 0.2523832 0.8806709 0.9934860 0.9275447 0.9374458 1.5969812 1.3705913 1.3008751 1.3005560 1.5088545 1.6316365 1.6506435 1.7311708 1.1985112 1.5640105 1.4646340 1.7467734 1.7463413 1.6303625 1.6689087 1.4889025 1.6890690 1.4799426 2.1090134 1.2645612 1.7864284 1.8028901 1.4261667 1.3938538 1.6315615 1.6912200 1.5819684 1.5080225 1.5486746 1.4006580 1.6264370 1.6740738 1.5106473 1.7906792 1.5491936 1.6886609 2.3242052 1.9270618 1.8617692 1.8755895 1.9379341 2.3717042 2.1964200 1.8475981 1.7277282 2.6755210 2.8707077 2.9976543 2.2206859 2.3179630 2.1613588 2.1074436 2.1930501 2.0498560 2.4210481 2.4054307 2.0222969 2.1412819 2.2445280 2.2588323 2.5103814 2.7487782 2.4356811 2.8152472 1.9945729 3.1374044 3.1556704 0.5597336 2.9683661 5.2685669 
Aque_Aqu2.1.39654_001                                   0.4750794 0.2523832 0.0000000 0.8174807 0.9405830 0.9024566 0.8999404 1.4655552 1.2659246 1.2539346 1.3981464 1.4826723 1.5112163 1.6802750 1.7263380 1.1855636 1.4533803 1.2723576 1.6960898 1.6570534 1.5542534 1.6284577 1.4580150 1.5600177 1.3708338 1.9816245 1.2303872 1.6875238 1.7118133 1.3904649 1.4375067 1.6403210 1.5562882 1.4601600 1.5411633 1.4637165 1.2893362 1.3759144 1.3641940 1.7411142 1.8497456 1.4830886 1.6610396 2.1769149 1.8250630 1.7360098 1.6898953 1.9713960 2.3222592 2.0785612 1.7910763 1.9230914 2.5910699 2.7570147 2.7822485 2.1775162 2.3003174 2.1139896 1.9917105 2.0514136 2.0320567 2.3804962 2.3671468 2.0855423 2.2146834 2.3326414 1.9682184 2.5363700 2.9843682 2.5082823 3.0495537 1.8825430 3.0837139 2.9434262 0.3448006 3.0506475 5.2725300 
Stycar_maker-SC_scaffold3212-snap-gene-0.34-mRNA-1      1.0963168 0.8806709 0.8174807 0.0000000 0.8422595 0.9071467 0.9693500 1.4026524 1.3566684 1.2526004 1.1043397 1.2910505 1.3700336 1.5444473 1.5949710 1.4332925 1.3171092 1.2762370 1.6795033 1.5650348 1.6744410 1.5699101 1.3820867 1.8352674 1.5699998 2.6391097 1.0495878 1.6179057 1.8024140 1.6853837 1.3837950 1.8449941 1.8400144 2.9510997 1.7653923 1.8310943 1.5465937 1.3765099 1.4077356 1.6781012 1.7861221 1.6644825 1.5889923 3.3123250 2.0586151 1.7319472 1.6532776 1.9440311 2.0523295 2.1578952 2.2376248 2.0307740 2.4981306 2.6690413 2.5581174 2.3482993 2.2937468 2.0724029 1.8051789 1.8523096 2.2362193 2.2573541 2.2564382 1.8180281 2.3456706 2.3984660 2.2118083 2.6486461 2.8431409 2.6557084 2.8801432 1.9624423 3.0074736 2.9929616 2.3817718 2.7610592 5.0501855 
Emue_Em0002g39a.t1                                      1.4037137 0.9934860 0.9405830 0.8422595 0.0000000 0.2905962 0.9915058 1.2863575 1.2041253 1.2292248 0.9092607 1.1540701 1.3274380 1.4736565 1.4812066 1.0893186 1.2907152 1.1468042 1.4840492 1.3982112 1.3232302 1.5118104 1.2724873 1.6207236 1.4079361 2.0906044 1.0608462 1.5151702 1.5282661 1.2940061 1.1865173 1.3917426 1.4646273 1.6618520 1.5187915 1.4386546 1.2989517 1.2337042 1.2424075 1.5479320 1.6706513 1.4751051 1.4079356 2.7159791 1.7357244 1.6143079 1.5235676 1.8785840 1.7862932 2.0376879 1.7021906 1.6492727 2.0830014 2.2087854 2.3512980 2.1611262 2.1349541 1.9615312 1.7591727 1.8216443 1.8098382 2.0962000 2.0969417 2.0588943 2.2064429 2.0277574 1.9230620 2.8841814 2.7626203 2.5037616 2.7197111 1.7560116 2.4975010 3.1179600 1.5086085 2.4711938 5.2612004 
Spolac_c99132_g1_i1_m.18916c99132-g1                    1.4749436 0.9275447 0.9024566 0.9071467 0.2905962 0.0000000 0.8895213 1.2735604 1.1088076 1.1149915 1.0255947 1.2130172 1.2623816 1.4006959 1.4076375 1.1478167 1.2086693 1.0954468 1.5135611 1.4776641 1.3446369 1.4824654 1.3197769 1.6391990 1.4065255 2.0492814 1.0509318 1.5918749 1.5894366 1.2507010 1.2003808 1.3202088 1.4385442 1.3009421 1.4063598 1.5252925 1.3211821 1.2667007 1.1886234 1.4090246 1.7972849 1.4194364 1.5147208 2.6699369 1.7560186 1.6823224 1.6018427 1.9450750 1.8702759 1.9517784 1.6919054 1.8102949 2.3023536 2.4539559 2.4480612 2.3528451 2.2593108 2.3547573 2.0271263 2.1198907 2.1012697 2.1736254 2.1726704 1.9309311 2.2078984 2.1630338 2.2590075 2.4708966 2.8921656 2.4883348 2.8512628 1.8046990 2.5769251 3.2215382 1.1960663 2.6206347 5.3429571 
Plespi_Pspi_C607468_01                                  1.4677189 0.9374458 0.8999404 0.9693500 0.9915058 0.8895213 0.0000000 1.1884547 1.0437571 1.1271022 0.9552283 1.1352317 1.2431430 1.3920405 1.3990693 0.9263770 1.1201052 1.1326249 1.5976290 1.4189589 1.4871608 1.4206920 1.2833374 1.8620341 1.5967052 2.3578478 1.2227290 1.5547109 1.5618224 1.3561502 1.1868222 1.4606371 1.5217129 1.3444616 1.6344463 1.5295726 1.2468905 1.4435608 1.2519735 1.5615289 1.5808338 1.6723860 1.5114869 2.3262438 1.7383977 1.6915880 1.6249304 1.7332591 1.9989381 2.0986945 1.8491856 1.9048423 2.1633877 2.2980650 2.5444755 2.1756521 2.1422870 2.1413292 1.8559929 1.9161218 2.0637554 2.2956790 2.2141606 1.9448308 2.2745865 2.1995997 1.9185128 2.4069079 2.7667951 2.5300856 2.8192922 1.6545828 2.8335302 3.0312193 1.3041061 2.2733507 5.0771371 
Gasp_gasp1.m3.3117.m1                                   2.1670388 1.5969812 1.4655552 1.4026524 1.2863575 1.2735604 1.1884547 0.0000000 0.3424760 0.3591001 0.5741575 0.4587113 0.3470204 0.6145940 0.6248002 0.7350952 0.8404942 1.1358765 1.3508861 1.3740111 1.3056158 1.2352177 1.2022504 1.7244190 1.5183020 2.4328290 1.0090158 1.0312546 1.2620178 1.2655904 1.2298355 1.3476505 1.1067196 1.6215131 1.3926478 1.5658045 1.2748974 1.3262921 1.3280901 1.3387491 1.3759869 1.5069243 1.3409148 3.5696741 1.6966474 1.3904510 1.3680399 1.7713591 1.6631576 1.8450833 1.7392283 2.0341164 2.4351937 2.7993681 3.0249150 2.4436767 2.4435950 2.1979753 2.0951803 2.2927841 1.8856618 2.2143214 2.2151962 1.8316910 2.0270508 2.1829276 2.4199581 1.5425235 3.4668751 2.9796072 3.4887421 0.5120762 2.6444835 3.4670941 1.4919294 2.3866857 5.0417851 
Spis_XP_022798230_1                                     1.8191851 1.3705913 1.2659246 1.3566684 1.2041253 1.1088076 1.0437571 0.3424760 0.0000000 0.1218704 0.5012357 0.3993401 0.3642834 0.5752134 0.6036588 0.6160302 0.7804933 1.0875301 1.4976952 1.4060124 1.4028802 1.3234991 1.1906440 1.6839109 1.4736105 1.9899350 1.0690411 1.1942019 1.3411491 1.1280376 1.2094288 1.2797902 1.0034601 1.0936057 1.3437452 1.4933590 1.2216523 1.2929518 1.2384704 1.2448666 1.4408088 1.5131811 1.3132754 2.5110855 1.7378486 1.4978687 1.3958290 1.8366869 1.9244656 1.8699753 1.5425170 2.1337586 2.1599801 2.3360554 2.5827258 2.2606513 2.1693176 2.0503375 1.9709506 2.0590119 1.9320605 2.1298292 2.1233063 1.8080739 2.0039803 2.0465974 1.8561638 1.6062039 3.0103516 2.6552700 3.0895863 0.4112163 2.6946913 3.1172071 1.1420718 2.9083610 5.4191462 
Pocdam_XM_027188765.1                                   1.7647554 1.3008751 1.2539346 1.2526004 1.2292248 1.1149915 1.1271022 0.3591001 0.1218704 0.0000000 0.4862001 0.4287546 0.3714693 0.6144351 0.6415936 0.5544868 0.7356911 1.0838739 1.3908317 1.3251102 1.2995733 1.2167198 1.1214640 1.5017619 1.3176734 1.9322485 1.0135416 1.2027762 1.3399547 1.0231930 1.0257441 1.1499398 0.9902261 1.1291001 1.2741213 1.5682092 1.1123405 1.2771417 1.2934826 1.2078042 1.3532015 1.4349686 1.2925088 2.6050786 1.6699836 1.4279033 1.3718168 1.6302580 1.7186012 1.7800432 1.5195599 2.0266410 2.0844234 2.2550084 2.5717272 2.3389760 2.2200521 2.0999573 1.9825514 2.0746815 2.0885117 2.2322728 2.2266905 1.8695960 2.0292440 2.0735274 1.7148778 1.5532964 2.9894988 2.5608681 3.0371978 0.4459223 2.7830166 3.0131345 1.2794008 2.8643682 4.8833727 
Amil_Amillepora21669-RA                                 1.5221805 1.3005560 1.3981464 1.1043397 0.9092607 1.0255947 0.9552283 0.5741575 0.5012357 0.4862001 0.0000000 0.0509522 0.4387970 0.5659716 0.5779363 0.7526154 0.8500056 0.9935712 1.3385559 1.2382899 1.2734559 1.2081176 1.0975548 1.6737007 1.3179045 2.1479272 1.0536509 1.2520680 1.1837879 1.1722865 1.0821935 1.1885615 1.1204957 2.3114607 1.1633164 1.3631096 1.2132326 1.0750171 1.0907036 1.0655760 1.1909420 1.5380467 1.1993526 2.7863399 1.9576081 1.8529841 1.7641520 1.7907416 1.8789895 1.9710463 1.6882210 2.0606702 2.5409453 2.8575770 2.7492941 2.4169912 2.5418064 2.3410129 2.1109328 2.2806534 2.3075934 2.3713524 2.3014685 2.3368846 2.4113895 2.0026823 2.1054253 2.4024880 2.9334029 2.3310989 2.9288254 0.6009942 2.4395574 2.9962690 1.2908237 2.3969278 4.3589588 
Adig_XM_015915129.1                                     1.6624605 1.5088545 1.4826723 1.2910505 1.1540701 1.2130172 1.1352317 0.4587113 0.3993401 0.4287546 0.0509522 0.0000000 0.3002607 0.5382662 0.6073304 0.6806697 0.7543590 1.1116797 1.4263964 1.3534228 1.3828848 1.2493034 1.2447616 1.7244623 1.4911186 2.0047365 1.0895566 1.2151652 1.2284847 1.1948767 1.0619303 1.2542196 1.1615825 1.3306838 1.4446726 1.4044693 1.1373845 1.2548532 1.2509716 1.2929793 1.3033483 1.4400446 1.2363502 2.8891460 1.9779578 1.6394076 1.5673571 1.7970494 1.8591954 2.0704933 1.6947852 1.9259181 2.3501588 2.5092226 2.7311788 2.1679457 2.1121647 1.9481943 1.8685920 1.9363852 2.0157381 2.1340352 2.1315821 1.8214436 1.9987751 2.0316898 2.0061321 1.8581993 2.8865962 2.5496199 2.8996202 0.3771906 2.4431463 2.9891049 1.4528481 2.9462911 5.0544645 
Gfas_gfas1.m1.18991.m1                                  1.7494083 1.6316365 1.5112163 1.3700336 1.3274380 1.2623816 1.2431430 0.3470204 0.3642834 0.3714693 0.4387970 0.3002607 0.0000000 0.5408954 0.5572320 0.7952526 0.7831182 1.1255349 1.4706288 1.4911974 1.4251911 1.3900398 1.3101749 1.8289014 1.5944343 2.6020236 1.1581206 1.1682808 1.2848728 1.2941049 1.1829578 1.2645677 1.1353515 1.8303213 1.4309748 1.5938484 1.3295379 1.2617186 1.2748331 1.4481790 1.4505148 1.5834253 1.3959850 3.7660295 1.7786581 1.4774698 1.5025955 1.9315454 1.8564018 1.9199217 1.8393203 2.3072090 2.7802609 3.0362793 3.2666440 2.6792640 2.4593870 2.3623899 2.2267526 2.2906579 2.2435108 2.3270217 2.3244162 1.9733852 2.3296018 2.4453493 3.1678495 1.7845349 3.3236153 2.9720695 3.3520492 0.4585366 2.8600890 3.6446816 1.4667842 2.1856460 5.0058636 
Spis_XP_022798219_1                                     2.2479604 1.6506435 1.6802750 1.5444473 1.4736565 1.4006959 1.3920405 0.6145940 0.5752134 0.6144351 0.5659716 0.5382662 0.5408954 0.0000000 0.0960216 0.8129295 1.0655477 1.2836789 1.5937982 1.6046495 1.6134196 1.6194884 1.4126594 1.8844291 1.6967549 2.3098019 1.2090103 1.4548959 1.4573353 1.4920752 1.2802848 1.5544403 1.3268696 1.4957457 1.6596710 1.3913434 1.3366724 1.6557976 1.5189096 1.6003228 1.4205224 1.6187540 1.4014768 2.3916869 1.8127849 1.5785131 1.6349063 1.8549088 2.1301449 2.0299097 1.7936858 2.0146500 2.3464064 2.6655344 2.6871873 2.2106848 2.2248323 2.0052672 1.9429543 2.0524452 2.1850787 2.2669286 2.2677939 1.8472959 2.1931438 2.0860117 2.0365272 1.7509829 2.6009830 2.5895834 2.7197204 0.3921179 2.9197508 3.0208815 1.9029386 2.7674432 4.7643365 
Pocdam_XM_027188764.1                                   2.4645386 1.7311708 1.7263380 1.5949710 1.4812066 1.4076375 1.3990693 0.6248002 0.6036588 0.6415936 0.5779363 0.6073304 0.5572320 0.0960216 0.0000000 0.9568533 1.1472225 1.3150910 1.5734918 1.5795738 1.6008628 1.6007244 1.4792261 2.0760785 1.8596358 2.4909917 1.3132075 1.5701687 1.5639307 1.6319263 1.2971248 1.6105505 1.4552635 1.7287048 1.7419746 1.5410530 1.4087112 1.6910032 1.5706246 1.6707400 1.5522221 1.8013634 1.4913293 2.4918204 1.9297700 1.6501603 1.6855700 2.0618210 2.3101177 2.0780550 1.8709296 2.1410646 2.5904861 2.9625820 2.7706364 2.3795497 2.4803526 2.2756608 2.1926837 2.3373039 2.3051857 2.4515505 2.4469119 1.9037005 2.3698729 2.2064777 2.1476719 2.0035742 2.7565024 2.7230496 2.8064002 0.5163613 3.2108909 3.3363750 2.0057773 2.7650337 5.1347891 
Nvec_v1g92254                                           1.9736538 1.1985112 1.1855636 1.4332925 1.0893186 1.1478167 0.9263770 0.7350952 0.6160302 0.5544868 0.7526154 0.6806697 0.7952526 0.8129295 0.9568533 0.0000000 0.5674666 1.2732184 1.2840246 1.3438927 1.3162374 1.2492361 1.1613288 1.4353267 1.2232183 1.9539772 1.1156298 1.1129356 1.2008014 1.0573337 1.0303926 1.2014678 1.0802987 1.0238431 1.1382531 1.3406038 1.2366760 1.3800398 1.2212651 1.2123082 1.2934239 1.3998013 1.4011167 1.8735494 1.5791108 1.4308156 1.4309715 1.6226162 1.8167812 1.6702057 1.5329541 1.9926761 2.0501188 2.2182879 2.4507626 2.1841660 1.9915314 1.9103555 1.7699028 1.8402767 2.0467903 2.2317985 2.2367930 2.1313868 1.9341901 2.2573066 1.6542109 1.8598771 2.7537648 2.3784299 2.7269379 0.4481666 2.5968487 2.8152672 0.9356112 3.3315487 5.0523051 
Exapal_XM_021053244.2                                   1.6093560 1.5640105 1.4533803 1.3171092 1.2907152 1.2086693 1.1201052 0.8404942 0.7804933 0.7356911 0.8500056 0.7543590 0.7831182 1.0655477 1.1472225 0.5674666 0.0000000 1.2047162 1.2729246 1.2384269 1.1661818 1.1799109 1.0200384 1.6840613 1.4459395 2.0581515 0.9691680 1.2379876 1.3404083 1.0319742 0.9784371 1.2548737 1.1501621 1.5107061 1.3397095 1.5187290 1.1276926 1.2933160 1.2385289 1.4417934 1.2792528 1.3525478 1.2612613 2.7676236 1.9330640 1.6834161 1.5744957 1.8461496 1.9956644 1.8649512 1.8171831 1.9320699 2.2383448 2.4108517 2.6087195 2.1260985 1.8456490 1.9959997 1.8699531 1.9840907 2.0962164 2.3108370 2.3408764 1.9977244 2.1941961 2.2786067 1.8560567 2.1847083 3.2856407 2.7538187 3.1644152 0.7660687 2.9341747 3.2517555 1.5963888 2.8477952 5.0828332 
Skow_XM_006818041.1                                     1.7582719 1.4646340 1.2723576 1.2762370 1.1468042 1.0954468 1.1326249 1.1358765 1.0875301 1.0838739 0.9935712 1.1116797 1.1255349 1.2836789 1.3150910 1.2732184 1.2047162 0.0000000 1.1989642 1.2368978 1.2699614 1.1873638 1.1498437 1.3841740 1.1928588 1.6357594 0.9755259 1.2638219 1.2354053 1.2670439 1.1313210 1.4068196 1.3062908 1.8621880 1.3996425 1.3681521 1.0958934 1.2973573 1.1823200 1.2792710 1.5548836 1.2328655 1.2946267 2.5800147 1.7912490 1.5324298 1.4682374 1.7824501 1.6685340 1.7657386 1.7219361 2.4058283 2.2728157 2.5527018 2.6224465 2.3158008 2.4844958 1.8913918 1.7515018 1.9234162 1.9656101 2.2780493 2.2738702 1.8673984 2.1868275 2.3145012 2.0012475 2.6272050 3.1300240 2.7164324 3.0335306 1.5659699 2.9340013 2.9360840 1.4819744 2.5756028 5.7926722 
Lcom_lcpid77906                                         1.8817870 1.7467734 1.6960898 1.6795033 1.4840492 1.5135611 1.5976290 1.3508861 1.4976952 1.3908317 1.3385559 1.4263964 1.4706288 1.5937982 1.5734918 1.2840246 1.2729246 1.1989642 0.0000000 0.2502041 0.2216448 0.2739072 0.6327935 1.6631114 1.3661255 1.7803753 1.1466234 1.4511795 1.5039756 1.3598965 1.0439155 1.4978437 1.3863614 1.8834753 1.4590730 1.5683924 1.5018850 1.3073645 1.3685307 1.4996888 1.7936086 1.2555622 1.3137655 2.7564535 1.6752839 1.4365744 1.4689393 1.6975518 1.7133382 1.8105653 2.0590799 1.8331877 2.7901935 3.1058050 3.3130949 2.4937940 2.6239416 2.2840591 2.1143522 2.2514316 2.2379106 2.4371672 2.4565556 2.0438385 2.2418808 1.6849772 1.7516836 2.2385877 3.6490980 3.0843039 3.5985251 1.9720405 3.2630341 3.3959540 1.9622157 3.2879594 4.3040822 
Leuniv_Lniv_scaffold16599_01                            1.9213011 1.7463413 1.6570534 1.5650348 1.3982112 1.4776641 1.4189589 1.3740111 1.4060124 1.3251102 1.2382899 1.3534228 1.4911974 1.6046495 1.5795738 1.3438927 1.2384269 1.2368978 0.2502041 0.0000000 0.2257402 0.2925059 0.6357812 1.5795295 1.3117395 1.7205756 1.0656018 1.3559123 1.3837880 1.4835914 1.0674751 1.4846504 1.2977276 1.8628293 1.5059479 1.6197577 1.3105946 1.1345537 1.2480119 1.5359667 1.7528211 1.2343294 1.2598716 3.0190230 1.7835580 1.5046248 1.4168089 1.7638585 1.7633139 2.0184120 1.9999537 1.9470083 2.6842305 2.9748379 3.2179101 2.4724515 2.3558423 2.3715602 2.0915644 2.2243438 2.2179962 2.4367326 2.4267690 2.0809621 2.2669457 1.5958215 1.8112064 2.3700689 3.6257553 3.1364129 3.6444726 1.7191006 3.0532909 3.4431989 2.2622810 2.9251644 4.6504978 
Scil_scict012836.1                                      1.8918166 1.6303625 1.5542534 1.6744410 1.3232302 1.3446369 1.4871608 1.3056158 1.4028802 1.2995733 1.2734559 1.3828848 1.4251911 1.6134196 1.6008628 1.3162374 1.1661818 1.2699614 0.2216448 0.2257402 0.0000000 0.2734960 0.6219621 1.5322614 1.2578868 1.6317595 1.0162032 1.3829743 1.3763968 1.3966935 1.1386023 1.5284106 1.3502729 1.8309951 1.5304442 1.5488846 1.4368239 1.2763315 1.3828479 1.5312371 1.8791561 1.2595691 1.2907593 3.0743190 1.6920001 1.4515601 1.4668395 1.7515271 1.7743291 1.9378467 2.1348627 1.9003530 2.5381622 2.8039847 3.0158573 2.5307352 2.5346939 2.3568679 2.0808469 2.2126169 2.2645479 2.3827314 2.3938430 1.9811639 2.2461649 1.6755897 1.9020199 2.7266420 3.6002242 3.2933221 3.6427350 1.9448291 3.3390350 3.7794356 1.9158416 3.2841546 4.5280471 
Gracom_Gcom_scaffold15641_01                            2.0495496 1.6689087 1.6284577 1.5699101 1.5118104 1.4824654 1.4206920 1.2352177 1.3234991 1.2167198 1.2081176 1.2493034 1.3900398 1.6194884 1.6007244 1.2492361 1.1799109 1.1873638 0.2739072 0.2925059 0.2734960 0.0000000 0.6492550 1.5881566 1.3047132 1.8129660 1.0429622 1.4158064 1.5451590 1.3579000 0.9969825 1.5299868 1.2275853 1.9975310 1.5881488 1.6196731 1.3435985 1.2040932 1.2642641 1.4642441 1.7417252 1.1997957 1.2842693 2.8826812 1.7744722 1.5442244 1.4695458 1.6880537 1.6226669 1.9030475 2.0520816 1.8889225 2.5621167 2.8340044 3.0001023 2.3495792 2.5442618 2.1329503 1.9275526 2.0392595 2.0721212 2.3259168 2.2858499 1.9768266 2.1230177 1.6833523 1.7837729 2.5933376 3.2853997 2.7288540 3.2218000 1.6006199 3.1960675 3.4727411 1.9327650 3.2410215 4.4295600 
Clacor_Ccor_C525821_01                                  1.7012355 1.4889025 1.4580150 1.3820867 1.2724873 1.3197769 1.2833374 1.2022504 1.1906440 1.1214640 1.0975548 1.2447616 1.3101749 1.4126594 1.4792261 1.1613288 1.0200384 1.1498437 0.6327935 0.6357812 0.6219621 0.6492550 0.0000000 1.4791897 1.2066804 1.7238202 0.8931461 1.3128806 1.4864472 1.1835098 1.0552134 1.3365557 1.3832265 1.9701880 1.4116438 1.5087536 1.2931270 1.1067725 1.2560912 1.4312577 1.6664449 1.3059767 1.2509110 2.8733033 1.5935545 1.4530897 1.4460050 1.6988304 1.7222385 1.7894632 2.1864152 2.0095226 2.7198911 3.0459283 3.1622587 2.5549151 2.5194948 2.3410937 2.2138792 2.4198723 2.1805589 2.5034982 2.5283560 1.9334361 2.2332963 1.6839339 1.6682330 2.1305000 3.6348185 3.0848004 3.7076809 1.7328579 3.3088240 3.5224648 2.1863134 2.8050614 4.7148269 
Acagra_model.g4217.t1.1.5d3b8329                        3.3077462 1.6890690 1.5600177 1.8352674 1.6207236 1.6391990 1.8620341 1.7244190 1.6839109 1.5017619 1.6737007 1.7244623 1.8289014 1.8844291 2.0760785 1.4353267 1.6840613 1.3841740 1.6631114 1.5795295 1.5322614 1.5881566 1.4791897 0.0000000 0.0263073 0.2213308 0.7270015 1.4505572 1.6372575 1.4222713 1.6767043 1.7384841 1.4613910 1.6770525 1.5938693 1.5559189 1.6565280 1.6504265 1.6620683 1.5543646 1.7377683 1.4942351 1.3817062 2.8198747 2.2989943 2.3038937 2.1793844 2.5032709 2.7748590 2.7617762 1.8228860 2.4705502 2.6470816 2.5658990 2.9934498 2.7051508 2.7210559 2.4137787 2.1502849 2.1301013 2.5280551 3.2027961 3.1776078 2.9056824 2.6446392 2.1814386 1.9905909 2.3180889 3.5978765 2.8322899 3.5387902 2.0659372 3.5980230 3.0063575 2.4290420 4.2077081 5.5832340 
Acagra_model.g4217.t1                                   1.8447305 1.4799426 1.3708338 1.5699998 1.4079361 1.4065255 1.5967052 1.5183020 1.4736105 1.3176734 1.3179045 1.4911186 1.5944343 1.6967549 1.8596358 1.2232183 1.4459395 1.1928588 1.3661255 1.3117395 1.2578868 1.3047132 1.2066804 0.0263073 0.0000000 0.2791754 0.7270015 1.2783915 1.4315450 1.2156648 1.3209413 1.4705742 1.2545981 1.6770525 1.3864495 1.3843518 1.4893536 1.3706671 1.3631674 1.3063256 1.5480165 1.2726220 1.1946214 2.8198747 1.8388109 1.8211871 1.7176342 2.0282521 2.0468227 2.1536901 1.6910219 2.1026077 2.5006638 2.7675092 2.9163406 2.4641862 2.4611490 2.2166117 1.9229459 2.0348711 2.2878796 2.8557671 2.8353489 2.5159097 2.3421167 2.1611783 1.8809119 2.3637635 3.2451537 2.8322899 3.1933575 2.0659372 3.2212725 2.8314076 2.4290420 3.5092928 5.2610261 
Acagra_model.g4217.t1.2.5d3b8329                        4.3284706 2.1090134 1.9816245 2.6391097 2.0906044 2.0492814 2.3578478 2.4328290 1.9899350 1.9322485 2.1479272 2.0047365 2.6020236 2.3098019 2.4909917 1.9539772 2.0581515 1.6357594 1.7803753 1.7205756 1.6317595 1.8129660 1.7238202 0.2213308 0.2791754 0.0000000 0.5286383 1.6912642 1.5903492 1.9350299 2.0190728 2.0626066 1.7390444 1.6728981 1.8725390 1.6588126 1.8477194 2.0984371 1.8653857 1.8250857 2.2136912 1.6306485 1.6045350 2.8198747 2.4199174 2.5465140 2.2567791 2.5520870 3.1348385 3.0491397 2.1319554 2.6750971 2.7618647 2.5606044 3.1105966 2.6176562 2.8437475 2.2770087 2.2538308 2.1258546 2.3824576 3.1152560 3.1334682 2.7454525 2.6411357 2.0920238 2.5685147 2.3422151 3.4926286 2.5533063 3.4446431 2.2164504 4.4675495 3.4171759 2.4290420 4.7212657 5.6419381 
Lcom_lcpid251841                                        3.7213624 1.2645612 1.2303872 1.0495878 1.0608462 1.0509318 1.2227290 1.0090158 1.0690411 1.0135416 1.0536509 1.0895566 1.1581206 1.2090103 1.3132075 1.1156298 0.9691680 0.9755259 1.1466234 1.0656018 1.0162032 1.0429622 0.8931461 0.7270015 0.7270015 0.5286383 0.0000000 0.7976409 0.9165763 1.2279895 1.2665259 1.6966677 0.9251483 1.8790724 1.3739215 0.9753929 0.9684780 0.9251633 1.1303374 1.0384703 0.9072957 0.9243859 0.9464507 1.7196130 1.6663991 1.8087898 1.7545652 1.8305066 1.8531385 1.9174090 1.4522355 1.3406642 1.4452009 1.4452009 1.5307369 1.4708627 1.5995367 1.4202108 1.5357607 1.5357607 1.1785821 1.4782319 1.4733453 1.4733453 1.5353897 1.5387519 2.3192624 2.0626387 2.4269045 2.3578076 2.5174863 1.1157412 2.3342772 2.3536212 0.0000010 2.5214761 3.7982588 
Dgig_XM_028549358.1                                     2.3180057 1.7864284 1.6875238 1.6179057 1.5151702 1.5918749 1.5547109 1.0312546 1.1942019 1.2027762 1.2520680 1.2151652 1.1682808 1.4548959 1.5701687 1.1129356 1.2379876 1.2638219 1.4511795 1.3559123 1.3829743 1.4158064 1.3128806 1.4505572 1.2783915 1.6912642 0.7976409 0.0000000 0.3396390 1.3288525 1.1852199 1.5527566 1.3361755 1.9844614 1.4458606 1.6055868 1.2510450 1.4485342 1.2232361 1.3911515 1.6205530 1.4893356 1.4229628 2.6014709 1.7288618 1.5748728 1.5232187 1.6974237 1.6628814 1.9396478 1.8283316 2.0415470 2.2655306 2.4272507 2.8158137 2.2242909 2.1005422 1.8611768 1.8061113 1.9141685 1.8671301 2.3722865 2.4135560 2.0726354 1.9840326 2.0980658 2.0046499 1.7835493 3.4223508 3.1876815 3.4043990 2.1575304 2.7308522 3.5328006 2.2136299 3.2512778 5.2323768 
Xesp_002769-T1                                          2.0513217 1.8028901 1.7118133 1.8024140 1.5282661 1.5894366 1.5618224 1.2620178 1.3411491 1.3399547 1.1837879 1.2284847 1.2848728 1.4573353 1.5639307 1.2008014 1.3404083 1.2354053 1.5039756 1.3837880 1.3763968 1.5451590 1.4864472 1.6372575 1.4315450 1.5903492 0.9165763 0.3396390 0.0000000 1.6138882 1.2775075 1.6555536 1.4400243 2.0430814 1.6702184 1.5071496 1.2645675 1.6437841 1.3803702 1.4482936 1.7610647 1.6460358 1.5723797 2.3811610 1.7698028 1.7241130 1.6837577 1.9170837 1.9902305 2.2303789 1.9359530 1.9643822 2.3554802 2.5292807 3.0496816 2.4122170 2.4659568 2.1383066 1.9311692 2.0550944 1.8863821 2.5782177 2.5719427 2.4056410 2.2604496 2.1001381 1.9287441 2.1729871 3.2869343 2.8951082 3.2952518 1.7478079 2.8143102 3.4426939 1.8960765 3.1595019 5.8982514 
Sanmal_Sma_017115-T1                                    1.8441437 1.4261667 1.3904649 1.6853837 1.2940061 1.2507010 1.3561502 1.2655904 1.1280376 1.0231930 1.1722865 1.1948767 1.2941049 1.4920752 1.6319263 1.0573337 1.0319742 1.2670439 1.3598965 1.4835914 1.3966935 1.3579000 1.1835098 1.4222713 1.2156648 1.9350299 1.2279895 1.3288525 1.6138882 0.0000000 0.6258295 0.5304839 0.7146509 0.5441914 0.9877862 1.5268420 1.2571421 1.2864983 1.3318084 1.6947553 1.4343420 1.0966899 1.2887195 4.4082987 2.0164074 1.6981994 1.6864509 2.0004487 1.8305064 2.1743670 1.3904941 2.0894511 2.7733488 3.1321757 3.3280697 2.4133457 2.4301163 2.1866553 2.0783460 2.2644706 2.1834668 2.5604754 2.5527354 2.2169934 2.4554795 2.4042829 3.4522801 2.2219501 3.4091559 2.9928550 3.2789731 1.1547950 2.9871006 3.3165423 1.3301553 2.7089908 4.6517818 
Nemnom_g682.t1                                          1.8035982 1.3938538 1.4375067 1.3837950 1.1865173 1.2003808 1.1868222 1.2298355 1.2094288 1.0257441 1.0821935 1.0619303 1.1829578 1.2802848 1.2971248 1.0303926 0.9784371 1.1313210 1.0439155 1.0674751 1.1386023 0.9969825 1.0552134 1.6767043 1.3209413 2.0190728 1.2665259 1.1852199 1.2775075 0.6258295 0.0000000 0.2064390 0.9671661 3.3505047 0.9099227 1.2122636 1.2046992 1.1488794 1.1525378 1.3072141 1.4197305 1.1963838 1.1218986 4.8058796 1.9561602 1.8504476 1.7516825 1.7767690 1.8159467 1.8507218 1.5800471 1.8878625 2.3875245 2.7566895 2.6865074 2.4255259 2.4549793 2.3392113 2.0176861 2.2676889 2.0792304 2.3402641 2.2817514 2.2817514 2.3402707 2.3905416 4.5828814 0.8335195 3.1071099 2.1111614 3.0786411 1.4491487 2.7590272 3.4145292 0.0000010 2.1994328 4.2573400 
Rhoesc_Res_012827-T1                                    1.7185979 1.6315615 1.6403210 1.8449941 1.3917426 1.3202088 1.4606371 1.3476505 1.2797902 1.1499398 1.1885615 1.2542196 1.2645677 1.5544403 1.6105505 1.2014678 1.2548737 1.4068196 1.4978437 1.4846504 1.5284106 1.5299868 1.3365557 1.7384841 1.4705742 2.0626066 1.6966677 1.5527566 1.6555536 0.5304839 0.2064390 0.0000000 0.9103835 0.5416969 1.0329362 1.5688589 1.4587811 1.4139924 1.3105283 1.7677588 1.6387374 1.3655673 1.4476888 3.9785785 2.1538587 2.0946769 1.9969126 2.1673559 2.1748574 2.6299314 1.5296996 2.1503072 2.6498234 2.9472818 3.1767699 2.6915247 2.5335522 2.4685103 2.2672533 2.4728689 2.2738037 2.6476391 2.6497492 2.3036675 2.4960276 2.3841336 4.4605031 2.1483137 3.3825087 2.7516171 3.2427929 1.3709500 3.4116738 3.9048550 1.9345077 2.6563056 5.0251192 
Morvir_scaffold7.g61.t1                                 1.7468274 1.6912200 1.5562882 1.8400144 1.4646273 1.4385442 1.5217129 1.1067196 1.0034601 0.9902261 1.1204957 1.1615825 1.1353515 1.3268696 1.4552635 1.0802987 1.1501621 1.3062908 1.3863614 1.2977276 1.3502729 1.2275853 1.3832265 1.4613910 1.2545981 1.7390444 0.9251483 1.3361755 1.4400243 0.7146509 0.9671661 0.9103835 0.0000000 0.7421554 0.9554583 1.5343723 1.2748503 1.3097304 1.3838720 1.5920631 1.7024114 1.2902559 1.5123340 2.6710250 1.8734621 1.6981039 1.5612460 1.8400529 1.9300364 1.9295479 1.4155666 2.0849486 2.0748219 2.2760522 2.5116452 2.3170577 2.1323307 2.1520552 1.9048565 2.0218486 2.2540304 2.4681588 2.4570588 2.1267941 2.2172879 2.2061285 2.1286276 2.1180955 3.3637001 2.8050985 3.2712595 1.4441242 3.0296036 3.0862337 1.7164197 3.3573538 5.1236137 
Nemnom_g681.t1                                          0.0000010 1.5819684 1.4601600 2.9510997 1.6618520 1.3009421 1.3444616 1.6215131 1.0936057 1.1291001 2.3114607 1.3306838 1.8303213 1.4957457 1.7287048 1.0238431 1.5107061 1.8621880 1.8834753 1.8628293 1.8309951 1.9975310 1.9701880 1.6770525 1.6770525 1.6728981 1.8790724 1.9844614 2.0430814 0.5441914 3.3505047 0.5416969 0.7421554 0.0000000 1.2097035 1.6237998 1.3276893 1.9831210 1.9097242 2.1238918 1.9733534 1.4553317 1.8510561 2.5587199 2.6413712 2.9390078 2.5547329 2.9356432 9.0000000 3.3822464 1.0945500 2.2654259 2.4949815 2.4949815 3.1567148 2.6659852 2.3898681 2.2325296 2.2213842 2.2213842 2.5078954 2.6703041 2.7192470 1.7336401 2.0285274 2.0126673 1.2773034 2.5412663 3.2700737 3.0707686 3.2056338 1.0274477 3.3062793 3.1769895 1.3451862 5.0296550 6.9414606 
Chem_TCONS_00009723                                     1.5308684 1.5080225 1.5411633 1.7653923 1.5187915 1.4063598 1.6344463 1.3926478 1.3437452 1.2741213 1.1633164 1.4446726 1.4309748 1.6596710 1.7419746 1.1382531 1.3397095 1.3996425 1.4590730 1.5059479 1.5304442 1.5881488 1.4116438 1.5938693 1.3864495 1.8725390 1.3739215 1.4458606 1.6702184 0.9877862 0.9099227 1.0329362 0.9554583 1.2097035 0.0000000 1.5489442 1.4608567 1.5524834 1.4394297 1.5306621 1.9873471 1.6559277 1.3747857 2.7291391 1.9246346 1.7142307 1.5697379 1.9882151 2.0104266 1.8877008 1.1730802 2.1040174 2.5412752 2.8551529 2.8897677 2.5429032 2.5047803 2.4598138 2.1597591 2.3753012 2.2146359 2.2815140 2.2900371 1.8408762 2.1123888 2.6135318 2.3010569 2.1698736 3.2321664 2.7353339 3.1099861 2.2173729 3.3074079 3.6340433 2.0188774 3.1475462 5.3609799 
Tcas_TC001057_001                                       1.7640977 1.5486746 1.4637165 1.8310943 1.4386546 1.5252925 1.5295726 1.5658045 1.4933590 1.5682092 1.3631096 1.4044693 1.5938484 1.3913434 1.5410530 1.3406038 1.5187290 1.3681521 1.5683924 1.6197577 1.5488846 1.6196731 1.5087536 1.5559189 1.3843518 1.6588126 0.9753929 1.6055868 1.5071496 1.5268420 1.2122636 1.5688589 1.5343723 1.6237998 1.5489442 0.0000000 1.5095191 1.7020036 1.5939694 1.5406893 1.6260628 1.4940522 1.5042980 2.5843494 2.1958683 1.8934078 1.8870207 2.2763139 2.4307388 2.2367748 1.7590169 1.9597134 2.6220684 3.0469558 2.7398988 2.4806567 2.4383903 2.3381681 2.1808371 2.5188632 2.0908522 2.2031262 2.1977110 1.6877259 1.9835185 2.0297471 2.5735612 2.3099194 3.0660890 2.7473075 3.0937751 1.6147129 2.7706552 3.0741236 1.9396317 3.0271616 5.5241964 
Hsap_ENST00000611255                                    1.6712767 1.4006580 1.2893362 1.5465937 1.2989517 1.3211821 1.2468905 1.2748974 1.2216523 1.1123405 1.2132326 1.1373845 1.3295379 1.3366724 1.4087112 1.2366760 1.1276926 1.0958934 1.5018850 1.3105946 1.4368239 1.3435985 1.2931270 1.6565280 1.4893536 1.8477194 0.9684780 1.2510450 1.2645675 1.2571421 1.2046992 1.4587811 1.2748503 1.3276893 1.4608567 1.5095191 0.0000000 1.5041159 1.3849677 1.4487173 1.6213672 1.2478583 1.5087249 2.4510961 1.9452665 1.8215126 1.6775381 1.8949213 2.0760562 2.2397625 1.8952669 1.5527101 2.1474599 2.3605328 2.6489007 1.9881517 1.8990884 1.7667507 1.7058125 1.6997238 1.7995210 2.2629651 2.2273415 1.9929539 2.0058618 2.3313192 1.6717798 2.5296504 2.5354400 2.5144708 2.6053742 1.1616982 2.6346472 2.7971955 1.2370180 3.0394755 4.6899900 
Opea_EP00118_Oscarella_pearsei_P026579                  1.7899296 1.6264370 1.3759144 1.3765099 1.2337042 1.2667007 1.4435608 1.3262921 1.2929518 1.2771417 1.0750171 1.2548532 1.2617186 1.6557976 1.6910032 1.3800398 1.2933160 1.2973573 1.3073645 1.1345537 1.2763315 1.2040932 1.1067725 1.6504265 1.3706671 2.0984371 0.9251633 1.4485342 1.6437841 1.2864983 1.1488794 1.4139924 1.3097304 1.9831210 1.5524834 1.7020036 1.5041159 0.0000000 0.5005977 1.6905956 1.6351369 1.4346357 1.4978194 3.7338652 1.7283210 1.4949898 1.3359170 1.9030408 1.6800224 1.6619425 1.7608887 1.9359839 2.4697755 2.7498421 2.9298869 2.2680602 2.2832360 2.2170913 1.9526618 2.1147028 2.0217927 2.3776669 2.3344562 1.9998140 2.2831292 2.2120259 2.0594673 2.9348871 3.0829241 2.3337528 3.0082297 2.6512208 3.4371731 3.1227517 2.2485394 3.1216256 4.5047384 
Plajan_Pjan_C551997_01                                  1.7550813 1.6740738 1.3641940 1.4077356 1.2424075 1.1886234 1.2519735 1.3280901 1.2384704 1.2934826 1.0907036 1.2509716 1.2748331 1.5189096 1.5706246 1.2212651 1.2385289 1.1823200 1.3685307 1.2480119 1.3828479 1.2642641 1.2560912 1.6620683 1.3631674 1.8653857 1.1303374 1.2232361 1.3803702 1.3318084 1.1525378 1.3105283 1.3838720 1.9097242 1.4394297 1.5939694 1.3849677 0.5005977 0.0000000 1.4426831 1.7573672 1.5255491 1.4493939 2.6080932 1.6851175 1.4537545 1.2235801 1.5999240 1.6313365 1.7167470 1.7323868 2.2551568 2.3770788 2.6373949 2.8655877 2.1371309 2.2386104 1.9461884 1.8068453 1.9449736 1.9826341 2.2595406 2.2095564 2.0906182 1.9389496 2.1573442 1.9296374 2.6623545 2.8906032 2.4072891 2.9450757 2.1271249 2.9033016 2.9783265 1.8593430 2.7748232 4.2398776 
Spur_XM_030979498.1                                     1.9829511 1.5106473 1.7411142 1.6781012 1.5479320 1.4090246 1.5615289 1.3387491 1.2448666 1.2078042 1.0655760 1.2929793 1.4481790 1.6003228 1.6707400 1.2123082 1.4417934 1.2792710 1.4996888 1.5359667 1.5312371 1.4642441 1.4312577 1.5543646 1.3063256 1.8250857 1.0384703 1.3911515 1.4482936 1.6947553 1.3072141 1.7677588 1.5920631 2.1238918 1.5306621 1.5406893 1.4487173 1.6905956 1.4426831 0.0000000 1.7954973 1.5695209 1.5710531 2.8446559 1.8636537 1.7259733 1.5894462 1.9120097 1.8141925 1.7760576 2.1349863 2.3490316 2.4478720 2.7050723 2.7378393 2.5900294 2.6970942 2.2385892 2.1918391 2.3746368 2.1806947 2.4796429 2.4424335 1.8768941 2.2632479 2.5068789 2.0989279 2.2319965 3.2411767 2.8235309 3.1955070 2.2691390 3.0905487 3.1036296 2.7797469 3.2363443 5.4884978 
Cscu_XM_023365472.1                                     1.6284811 1.7906792 1.8497456 1.7861221 1.6706513 1.7972849 1.5808338 1.3759869 1.4408088 1.3532015 1.1909420 1.3033483 1.4505148 1.4205224 1.5522221 1.2934239 1.2792528 1.5548836 1.7936086 1.7528211 1.8791561 1.7417252 1.6664449 1.7377683 1.5480165 2.2136912 0.9072957 1.6205530 1.7610647 1.4343420 1.4197305 1.6387374 1.7024114 1.9733534 1.9873471 1.6260628 1.6213672 1.6351369 1.7573672 1.7954973 0.0000000 1.5207334 1.6622888 3.1623114 2.0135368 1.7782697 1.7447862 2.0020303 1.9693196 2.1478712 1.8833109 1.7915255 2.4303131 2.7203474 2.9226208 2.7061154 2.6481528 2.5621328 2.3923110 2.5273331 2.8020776 2.8301545 2.8300715 2.5040843 2.5237325 2.5658226 2.3185501 2.3192332 2.8697560 2.7670930 2.8038688 1.6056081 3.0903081 2.8079413 2.5965239 2.7667643 6.5937386 
Ctel_gnl_WGS_AMQN_CAPTEDRAFT_mRNA174488                 2.1421831 1.5491936 1.4830886 1.6644825 1.4751051 1.4194364 1.6723860 1.5069243 1.5131811 1.4349686 1.5380467 1.4400446 1.5834253 1.6187540 1.8013634 1.3998013 1.3525478 1.2328655 1.2555622 1.2343294 1.2595691 1.1997957 1.3059767 1.4942351 1.2726220 1.6306485 0.9243859 1.4893356 1.6460358 1.0966899 1.1963838 1.3655673 1.2902559 1.4553317 1.6559277 1.4940522 1.2478583 1.4346357 1.5255491 1.5695209 1.5207334 0.0000000 1.3909594 2.5006497 1.7903771 1.6869063 1.6320225 1.7857600 1.7227219 1.9721762 1.5344192 2.1419696 2.2729982 2.4964795 2.5588996 2.2489477 2.1437212 2.0057863 1.7521055 1.8616890 1.8869465 2.3087575 2.2718409 1.8963685 2.1683199 2.2137949 1.9664236 2.6128850 2.8697460 2.5567803 2.9011076 1.5738693 2.7501275 2.6514311 1.7980864 3.0107582 5.4086387 
Cgig_XM_034455318.1                                     1.5816304 1.6886609 1.6610396 1.5889923 1.4079356 1.5147208 1.5114869 1.3409148 1.3132754 1.2925088 1.1993526 1.2363502 1.3959850 1.4014768 1.4913293 1.4011167 1.2612613 1.2946267 1.3137655 1.2598716 1.2907593 1.2842693 1.2509110 1.3817062 1.1946214 1.6045350 0.9464507 1.4229628 1.5723797 1.2887195 1.1218986 1.4476888 1.5123340 1.8510561 1.3747857 1.5042980 1.5087249 1.4978194 1.4493939 1.5710531 1.6622888 1.3909594 0.0000000 2.6057527 1.9853512 1.6744054 1.5891308 1.9555673 2.1038131 2.2673749 1.8390331 1.9249013 2.3611990 2.5674342 2.9023077 2.2833358 2.1507120 2.2242243 2.1335909 2.2438532 1.9195726 2.2525465 2.1914561 2.0850210 2.2262567 2.0314334 1.8109646 1.9742606 3.1581082 2.6678326 3.1295217 2.1291248 3.0527047 3.3495143 2.2355843 2.7099732 6.7800411 
Hhon_g02497.t1                                          0.0000010 2.3242052 2.1769149 3.3123250 2.7159791 2.6699369 2.3262438 3.5696741 2.5110855 2.6050786 2.7863399 2.8891460 3.7660295 2.3916869 2.4918204 1.8735494 2.7676236 2.5800147 2.7564535 3.0190230 3.0743190 2.8826812 2.8733033 2.8198747 2.8198747 2.8198747 1.7196130 2.6014709 2.3811610 4.4082987 4.8058796 3.9785785 2.6710250 2.5587199 2.7291391 2.5843494 2.4510961 3.7338652 2.6080932 2.8446559 3.1623114 2.5006497 2.6057527 0.0000000 0.1236401 0.1934496 0.2152706 0.3991506 3.0704886 0.6198918 3.2348313 2.4996961 2.2018400 2.2018400 2.8453702 2.1509601 2.5768776 2.3633399 2.3633399 2.3633399 2.2819261 2.9703018 3.0541764 2.7923655 2.0787552 3.3672194 2.0768640 1.9545183 2.4366204 2.6996117 2.7222157 2.8081856 3.7320376 3.2007031 2.2961534 7.6072367 6.4726702 
HoiH23_PlH23_007034-RA                                  2.0636043 1.9270618 1.8250630 2.0586151 1.7357244 1.7560186 1.7383977 1.6966474 1.7378486 1.6699836 1.9576081 1.9779578 1.7786581 1.8127849 1.9297700 1.5791108 1.9330640 1.7912490 1.6752839 1.7835580 1.6920001 1.7744722 1.5935545 2.2989943 1.8388109 2.4199174 1.6663991 1.7288618 1.7698028 2.0164074 1.9561602 2.1538587 1.8734621 2.6413712 1.9246346 2.1958683 1.9452665 1.7283210 1.6851175 1.8636537 2.0135368 1.7903771 1.9853512 0.1236401 0.0000000 0.0726196 0.1758483 0.2737085 0.4305706 0.2158596 2.4944177 2.3189404 2.2803089 2.5261895 2.7817873 2.1133288 2.3180163 2.1343411 1.9939493 2.0973512 1.9154040 2.3085884 2.3473494 2.1621938 2.0836811 2.4468980 2.4834882 1.5887438 2.8522107 2.4511081 2.9216073 2.2939948 3.1388473 3.3092605 2.4663970 3.6231682 5.0274880 
HoiH06_mRNA14148                                        1.7163990 1.8617692 1.7360098 1.7319472 1.6143079 1.6823224 1.6915880 1.3904510 1.4978687 1.4279033 1.8529841 1.6394076 1.4774698 1.5785131 1.6501603 1.4308156 1.6834161 1.5324298 1.4365744 1.5046248 1.4515601 1.5442244 1.4530897 2.3038937 1.8211871 2.5465140 1.8087898 1.5748728 1.7241130 1.6981994 1.8504476 2.0946769 1.6981039 2.9390078 1.7142307 1.8934078 1.8215126 1.4949898 1.4537545 1.7259733 1.7782697 1.6869063 1.6744054 0.1934496 0.0726196 0.0000000 0.1342197 0.2400277 0.3375440 0.2521363 2.1323864 2.2128347 2.1873984 2.4283932 2.6668031 1.9818128 2.2470915 2.0360299 1.9148972 2.0120876 1.8846398 2.0823494 2.1164184 2.0144608 2.1368641 2.3765561 2.8592167 1.4623090 3.0998120 2.7325350 3.1852781 2.0835693 2.9649326 3.2420406 2.1735667 3.5283958 4.8787867 
HoiH11_mRNA8141                                         1.8625733 1.8755895 1.6898953 1.6532776 1.5235676 1.6018427 1.6249304 1.3680399 1.3958290 1.3718168 1.7641520 1.5673571 1.5025955 1.6349063 1.6855700 1.4309715 1.5744957 1.4682374 1.4689393 1.4168089 1.4668395 1.4695458 1.4460050 2.1793844 1.7176342 2.2567791 1.7545652 1.5232187 1.6837577 1.6864509 1.7516825 1.9969126 1.5612460 2.5547329 1.5697379 1.8870207 1.6775381 1.3359170 1.2235801 1.5894462 1.7447862 1.6320225 1.5891308 0.2152706 0.1758483 0.1342197 0.0000000 0.1904443 0.3016875 0.2503265 2.1312315 2.1464589 2.0674321 2.2940081 2.3938318 1.8295473 2.0641480 1.9187301 1.8054012 1.8910136 1.8030587 1.8574219 1.8828348 1.9124291 1.9094414 2.1647030 2.6682282 1.6321139 2.8997283 2.4627309 2.9279677 1.9707415 2.7044679 3.0076723 1.9935912 3.2973383 4.2410565 
TrH2_TrispH2_003837-RA                                  2.1504745 1.9379341 1.9713960 1.9440311 1.8785840 1.9450750 1.7332591 1.7713591 1.8366869 1.6302580 1.7907416 1.7970494 1.9315454 1.8549088 2.0618210 1.6226162 1.8461496 1.7824501 1.6975518 1.7638585 1.7515271 1.6880537 1.6988304 2.5032709 2.0282521 2.5520870 1.8305066 1.6974237 1.9170837 2.0004487 1.7767690 2.1673559 1.8400529 2.9356432 1.9882151 2.2763139 1.8949213 1.9030408 1.5999240 1.9120097 2.0020303 1.7857600 1.9555673 0.3991506 0.2737085 0.2400277 0.1904443 0.0000000 0.1377872 0.4624852 2.4863490 2.1787597 2.2734374 2.5012271 2.6971951 2.0003231 2.1605814 2.1437881 2.0224593 2.1168491 2.0122470 2.3224477 2.3243621 2.1180415 2.2562689 2.5725465 2.7046780 1.5757985 3.0215255 2.6528516 3.0349341 2.8280618 2.9455262 3.2219474 2.0722727 3.2873423 5.1833514 
