86
Lcom_lcpid28264                                        0.0000000 0.0099420 0.5180739 0.9235043 0.9068494 0.9317670 1.1559391 1.1265137 2.3330128 1.2412038 1.6502956 9.0000000 2.6318421 1.3137583 1.8935637 1.1432983 2.0717174 2.3879019 2.1617743 2.0848857 2.0801471 2.3601894 3.3815167 1.9231526 8.9999990 1.8613208 1.8738678 1.8617039 2.0244644 2.2263304 1.3523013 2.2668190 2.3526619 2.3526619 2.4415630 2.3181140 1.9632377 2.2624588 1.9870924 2.1312745 1.9236742 1.8571759 3.4125042 2.2624320 1.8192014 2.4300665 2.1688286 2.3221783 2.3160163 2.1973368 2.0898583 2.0799540 2.1909158 2.4745903 1.7779914 3.2975014 2.6578787 1.6800543 1.8773151 2.5023037 1.7486975 7.5224324 5.1242464 2.8269943 1.8848187 8.9999984 8.9999984 1.7554608 2.9692348 3.2229541 4.1976667 2.2289522 4.1976667 2.7745733 2.7236437 2.2976311 2.9862836 1.8877002 2.5195087 2.5195087 3.3959599 2.9744397 2.4512040 2.9530548 2.9530548 5.3269777 
Lcom_lcpid34164                                        0.0099420 0.0000000 0.6008609 0.8771312 0.8796778 1.1134656 1.6451609 1.9692813 2.3082757 1.6069781 1.8586711 2.6656790 2.6512462 1.5069990 1.9713257 1.5571711 2.1515251 2.3351102 2.3593847 2.1677691 2.1088193 2.3636433 3.0513173 2.0030327 2.1007785 1.9617916 1.9679498 1.9565630 2.0244644 2.1147618 1.7529232 2.3531304 2.3181767 2.4182100 2.3256914 2.4000356 1.9904686 2.2345552 2.0299382 2.1007684 2.0607016 2.3643419 3.4125042 2.5352020 1.9337913 2.4186582 2.3242717 2.4540331 2.4409871 2.2932373 2.1930867 2.1378803 2.2202018 2.4501252 1.7779914 3.2975014 2.7571124 2.1365212 2.3636118 2.8232137 2.3208690 3.3271238 3.2919376 2.8548557 2.2570382 3.0318331 2.8063407 1.9834102 3.0609846 2.9904912 2.7692173 2.4039147 3.4263314 2.8332737 2.9267104 2.7452980 3.0104423 2.5299627 2.6093741 2.7509177 3.4069676 2.9298219 2.6867178 2.9530548 2.9530548 5.7250458 
Gracom_Gcom_scaffold14158_01                           0.5180739 0.6008609 0.0000000 0.5541046 0.5158787 1.1228528 1.5337012 1.7459107 1.5287067 1.5849489 1.6603628 1.9361205 1.8868169 1.2841138 1.4484646 1.4295951 1.5249717 1.3621490 1.6745974 1.6458147 1.4498551 1.5207037 2.6528677 1.5060757 1.6569632 1.5319006 1.5160166 1.5505268 1.1450396 1.5076334 1.7293502 1.3424315 1.5926895 1.5236233 1.6376414 1.8601777 1.4106786 1.4542944 1.5508998 1.4858796 1.6734781 2.3064444 0.0000010 2.1598870 1.7168098 1.5818780 1.8718498 1.8744673 1.9087728 1.6697281 1.5680764 1.6508569 1.7787917 1.7669010 0.9270273 0.0000010 1.9990490 2.0156245 2.1424011 2.4285723 2.0792559 2.6376895 2.5541742 1.9755857 2.2234494 2.6091588 2.5271533 1.9660657 2.2940463 2.0091181 2.3726493 2.0930513 2.9830769 1.8848707 1.9329016 2.6259548 2.2741832 2.4290362 1.9410321 2.0113599 1.8211498 1.9756254 1.9080367 0.6226937 0.6226937 6.4785698 
Leuniv_Lniv_scaffold18410_01                           0.9235043 0.8771312 0.5541046 0.0000000 0.8854297 1.1670214 1.6018830 1.7228422 2.2527838 1.5954400 1.9613500 2.3295268 2.6641979 1.4437314 2.0266863 1.4962334 2.1554738 2.5992418 2.5381236 2.1592555 2.0532502 2.1723613 3.0549435 2.0421852 1.8950653 2.0425870 2.0587767 1.9872729 2.2886538 2.0940594 1.7141028 2.4188617 2.3102896 2.4865497 2.5148458 2.3356807 1.9387766 2.2423008 2.0618625 2.2145368 1.9948287 2.1824334 4.5916871 2.6345291 1.8066053 2.3582017 2.3968228 2.4167731 2.3877483 2.2095649 2.1390673 2.0998457 2.3186526 2.3663312 2.0333241 3.6822573 2.7291125 2.1868892 2.3462803 2.7421791 2.3464350 2.9554337 2.9649116 2.8608108 2.2584266 2.8079560 2.6797956 2.0598284 3.0250187 2.9768915 2.6570840 2.3194705 3.0444617 2.8548857 2.8585388 2.9908507 3.0582073 2.6134604 2.6363531 2.9324475 3.5128609 3.0367219 2.7635666 3.1427275 3.1427275 6.0894316 
Scil_scict000210.1                                     0.9068494 0.8796778 0.5158787 0.8854297 0.0000000 1.2972165 1.6916897 1.7391374 2.4490733 1.7509495 2.0083187 2.1793350 2.8258722 1.4057080 2.3437388 1.4855876 2.2601857 2.5297856 2.5434327 2.3690419 2.4098330 2.5864960 3.1552302 2.2087827 2.1041752 2.2432543 2.1875629 2.3125465 2.3616836 2.4625504 1.7914630 2.5677874 2.4452854 2.5923212 2.4787158 2.8231981 2.3390771 2.1096067 2.1590871 2.4256696 2.0031881 2.3879628 5.4158259 2.8588936 1.9864221 2.7847956 2.5448706 2.6213459 2.6823926 2.4411563 2.3700889 2.1370782 2.6127640 2.7392673 2.2289495 3.9583766 3.1713099 2.1335273 2.3119462 2.6452929 2.2614951 2.9544296 2.8906983 3.1807852 2.2255512 2.8555639 2.8416144 2.1985394 3.2390739 3.2517199 2.5403008 2.4344348 3.0711137 3.0947451 3.2892944 2.8136582 3.5606921 2.5766615 3.1463203 3.4777537 4.4709497 3.4069964 2.9966599 3.3102041 3.3102041 6.6502760 
Clacor_Ccor_C537509_01                                 0.9317670 1.1134656 1.1228528 1.1670214 1.2972165 0.0000000 1.4617954 1.3534833 1.4802274 1.3118161 1.5451722 1.9784041 1.8324749 1.2523332 1.3836611 1.3088711 1.3768332 1.4848726 1.7433344 1.4829810 1.4986248 1.5748839 2.3348828 1.3465538 1.6489288 1.2827374 1.2546176 1.3584073 1.3356260 1.3903034 1.6336667 1.3980312 1.5845259 1.5985654 1.3759830 1.6565868 1.2373430 1.0840228 1.4600256 1.3849300 1.5566875 1.9778050 2.5627793 1.8287885 1.5051434 1.4668641 1.7064235 1.7871542 1.8057690 1.5716707 1.4499134 1.4345635 1.4557667 1.7378576 1.1477043 1.2495580 1.9383301 1.8614325 1.9396966 2.1810639 1.9347865 2.4060765 2.4005975 1.7799874 2.0343428 2.4253161 2.3576444 1.8821226 2.1078176 1.8385271 2.0660518 1.8293229 2.2840946 1.7223004 1.8286422 2.6164880 2.3277534 2.4748067 1.7344410 1.7659182 1.8178834 1.7810055 1.8511314 1.4752205 1.4752205 5.8630481 
Emue_Em0019g1049a.t1                                   1.1559391 1.6451609 1.5337012 1.6018830 1.6916897 1.4617954 0.0000000 0.1635389 1.0703798 0.7838223 0.9299103 1.0711662 1.3394956 0.9268829 0.9220691 0.8343230 0.9719077 1.3592900 1.2125445 0.9721234 1.0590516 1.2368383 1.4525396 1.0847153 1.0621418 1.0194841 1.0454603 1.0687673 1.0663256 1.0437694 1.2032268 1.2362323 1.0806942 1.2886789 1.0986491 1.0902889 1.1197563 1.0706283 1.2187172 1.2050761 1.2961469 0.9494521 1.0392523 1.4178550 1.1859673 1.1000197 1.1969100 1.2831897 1.2836859 1.1403045 1.0784901 1.2662338 1.1739867 1.3254541 0.6349460 0.5805692 1.8428218 1.6067865 1.6960255 1.8265843 1.6744851 1.8793141 1.8771577 1.9289398 1.7661669 1.9187682 1.9678841 1.8872790 1.9592526 1.7502311 1.7086322 1.8439924 2.0848559 1.7889498 1.7851092 1.9599172 1.9561551 1.7552982 1.6553314 1.7857731 2.1302430 1.7067632 1.1884624 0.2705304 0.2705304 4.9906003 
Spolac_c96523_g1_i1_m.13256c93864-g1                   1.1265137 1.9692813 1.7459107 1.7228422 1.7391374 1.3534833 0.1635389 0.0000000 0.9107394 0.8268999 0.8027292 1.0498708 1.2871956 0.7706502 0.7960714 0.8193985 0.8253887 1.5873081 1.2072894 0.8742158 0.8773552 1.1836084 2.0112154 1.0146690 1.1208634 1.0194024 0.9796826 1.0150310 0.0981759 0.8857339 0.9768586 0.8905596 0.8669096 1.0726726 0.9141047 0.9759701 0.9263684 0.8696213 1.0305207 1.0788414 1.0940171 0.8949941 0.0000010 1.3986779 1.1212175 0.9365182 1.0677036 1.1092360 1.1258584 1.0398163 0.9315493 1.1888523 1.1196853 1.3144340 0.4305433 0.0000010 1.8424909 1.5652556 1.5652556 1.7212280 1.5652556 1.7282506 1.7553521 1.6341205 1.6453733 1.8860303 1.9888778 1.8341953 1.7420237 1.5663064 1.8048509 1.5103023 2.1771217 1.5277020 1.6566385 2.0297900 1.7412776 1.7412776 1.5176557 1.6297134 3.0962410 1.6196886 1.2974304 0.0000010 0.0000010 4.7351917 
Cgig_XM_011419764.3                                    2.3330128 2.3082757 1.5287067 2.2527838 2.4490733 1.4802274 1.0703798 0.9107394 0.0000000 1.2804394 1.2934558 1.1000924 1.9401327 0.9796522 1.6220286 0.9542580 1.5356854 2.0284355 1.9678225 1.6189048 1.5878340 1.7414677 2.3415624 1.5317239 1.0924372 1.6468954 1.5640105 1.6663357 1.9520471 1.4304971 0.9106649 1.1409525 0.9634810 1.1948360 1.5130181 1.6676922 1.6442305 1.6437462 1.3964689 1.4423904 1.2802062 1.4664593 4.4178140 2.2563922 1.5515445 2.3706671 1.9926462 1.9606718 1.9219851 1.9342915 1.9137042 1.6812304 1.8917153 1.6552753 2.2242014 3.6253750 2.5369259 1.7902770 1.7478408 1.7742411 1.7422556 2.0097671 1.9515908 2.5536830 1.7472828 1.9550107 1.9343904 1.7568356 2.7677499 2.6934463 2.0160139 2.0990591 2.3781275 2.5959190 2.6332814 2.5328264 2.9309952 2.1300949 2.3192799 2.5669849 3.4456863 2.5149104 2.2305012 2.7829327 2.7829327 5.6135868 
Stycar_maker-SC_scaffold7263-augustus-gene-0.56-mRNA-1 1.2412038 1.6069781 1.5849489 1.5954400 1.7509495 1.3118161 0.7838223 0.8268999 1.2804394 0.0000000 0.9611187 1.3119772 1.3689854 0.9007018 1.0717309 1.0085653 1.1116750 1.2494833 1.4269635 1.0577166 1.2446269 1.3836317 1.8913804 1.3089014 1.4526930 1.1933282 1.1468215 1.2106087 1.2808495 1.1769168 1.4614121 1.3790370 1.2748307 1.4382617 1.2633883 1.3840772 1.0923207 1.0282159 1.2974544 1.2306666 1.5479288 1.1280645 1.0257809 1.3104765 1.1089209 1.0769261 1.2285900 1.2661929 1.2936495 1.2009400 1.1496152 1.3567283 1.2605011 1.6128599 0.5009711 0.6601927 1.7753104 1.6305905 1.7963523 1.9839602 1.7537464 2.1853222 2.1086846 1.8795169 1.8278894 2.5580152 2.6440391 1.9481446 1.9470994 1.8679012 1.9752249 1.9422803 2.5210423 1.7385952 1.6853257 1.9475478 1.9052999 1.8345420 1.7012113 1.7751113 1.9566068 1.7685045 1.4922740 0.6250639 0.6250639 5.1460204 
Plespi_Pspi_scaffold17790_01                           1.6502956 1.8586711 1.6603628 1.9613500 2.0083187 1.5451722 0.9299103 0.8027292 1.2934558 0.9611187 0.0000000 1.1437020 1.4174238 0.9628455 1.1254773 0.9167918 1.1394406 1.4981511 1.4429830 1.1475507 1.1865893 1.4074838 1.9169818 1.2982998 1.3301054 1.3197394 1.3551579 1.2513203 1.4679647 1.3281643 1.3123147 1.4831961 1.2739444 1.4985545 1.3862260 1.4738766 1.1465887 1.1636791 1.3526566 1.3315281 1.5727436 1.3032162 2.2302469 1.5434597 1.2235861 1.3660691 1.3177616 1.3717066 1.3822745 1.2238957 1.1873058 1.4487972 1.2743551 1.6295621 1.1488851 1.8242533 2.0746521 1.6739812 1.8228106 2.1072152 1.7964214 2.3565797 2.2248291 2.1001756 1.8300736 2.2930900 2.3583322 2.2596000 2.2090974 2.1132425 2.0793371 1.9429661 2.5000052 2.1070388 2.0307288 2.3783259 2.4056345 2.1845361 1.9715806 1.9809022 2.6201054 1.9484381 1.3362195 1.2949685 1.2949685 5.9115352 
Fspp_ffun1.m4.27264.m1                                 9.0000000 2.6656790 1.9361205 2.3295268 2.1793350 1.9784041 1.0711662 1.0498708 1.1000924 1.3119772 1.1437020 0.0000000 0.1964460 0.0000010 0.1927066 0.2382130 0.2800293 0.5700630 0.7168140 0.7536861 0.9371936 1.3370374 0.7454593 1.1545648 0.8879414 1.1132770 0.9436759 1.0632241 0.0000010 0.9268081 1.1086002 1.1517691 1.0994759 1.4227866 1.0487698 1.3122468 1.0003176 0.6202684 1.0260342 1.0947178 1.1522903 1.3767601 0.0000010 2.2157808 1.7664498 1.6016823 1.1529338 1.1970727 1.2547514 1.2536908 1.1479192 1.3192799 1.4347909 1.3398957 0.0000010 0.0000010 2.2143533 2.1835374 2.1835374 2.1835374 2.1835374 2.1835374 2.1835374 2.3838363 2.1568545 2.1568545 2.1568545 1.6676011 2.7937347 1.9182144 2.0232942 3.4463989 2.6733065 2.1867082 2.1946345 2.3656415 2.5726281 2.5726281 2.0995060 5.3434489 4.1091199 2.0740739 1.5125365 0.0000010 0.0000010 4.9125991 
Gasp_gasp1.m3.5022.m1                                  2.6318421 2.6512462 1.8868169 2.6641979 2.8258722 1.8324749 1.3394956 1.2871956 1.9401327 1.3689854 1.4174238 0.1964460 0.0000000 0.3137360 0.6874294 0.4086960 0.7111300 0.9326111 1.1015548 1.4322451 1.6980279 1.7092585 1.6616330 1.6931658 1.1515594 1.6555558 1.5219860 1.6247147 2.1118331 1.8434683 1.3502191 2.3984916 1.9868397 2.4209024 2.1095679 2.1670655 2.0029065 2.0635600 1.9458479 2.0939079 1.6534548 1.4814407 3.2097371 2.4486738 1.6842967 3.2217518 2.1387101 2.2205330 2.1830285 2.1607759 2.1488085 1.9449730 2.2752298 2.5209189 2.1196871 2.9889918 2.8262075 1.9404609 2.0678406 1.9795977 2.1196423 2.1501393 2.0079739 3.0115595 2.3646551 2.5760932 2.5997006 1.9891010 3.3513656 3.0977210 2.2722159 2.7469500 2.9194959 2.8846453 3.1492897 2.9794799 3.5267243 2.8041175 2.9242176 3.5677118 3.6603587 3.1948681 2.3349018 2.9133343 2.9133343 7.5900672 
Fspp_ffun1.m4.29976.m1                                 1.3137583 1.5069990 1.2841138 1.4437314 1.4057080 1.2523332 0.9268829 0.7706502 0.9796522 0.9007018 0.9628455 0.0000010 0.3137360 0.0000000 0.1826754 0.1688280 0.2439084 0.4805519 0.5983110 0.6690726 0.7143133 0.9665240 1.3075155 0.8334579 0.7422931 0.8176947 0.7815789 0.8865244 0.9964403 0.9106907 1.1418306 0.9244404 1.0341468 1.0606531 1.2577655 1.1258573 0.9436361 0.8419417 1.0033857 1.0928250 1.0505616 1.7563818 3.8780719 1.2026284 1.1043843 1.1482142 1.0177495 1.0832622 1.1163566 1.0775779 1.0131110 1.1371375 1.1349306 1.3123694 0.9255343 1.3557206 1.7660761 1.7285876 1.8351249 1.8257302 1.8423261 2.2994987 2.0319205 1.8261889 1.8832195 2.1052866 2.1052866 1.7176550 1.8757751 1.9519749 2.3025915 1.8262074 2.3025915 1.8169999 1.7304468 1.9996400 2.1483560 1.9647801 1.7289524 1.8407862 2.4142754 1.8250359 1.1524068 1.4004642 1.4004642 5.2457592 
Spis_XP_022789415_1                                    1.8935637 1.9713257 1.4484646 2.0266863 2.3437388 1.3836611 0.9220691 0.7960714 1.6220286 1.0717309 1.1254773 0.1927066 0.6874294 0.1826754 0.0000000 0.0709775 0.5567650 0.9216633 1.0244317 1.1850230 1.3144761 1.5254828 1.7977747 1.3203083 0.8242893 1.3079128 1.2763505 1.2625722 1.8953296 1.4620367 1.1631561 1.9040706 1.6777256 1.9407248 1.9074390 1.8213906 1.5533945 1.3734549 1.4720896 1.7707889 1.3298204 1.4024354 3.2132679 1.9488444 1.3513525 2.2333405 1.7925299 1.8494502 1.7703304 1.7946889 1.7888196 1.5495859 1.7951818 1.9970566 1.8909363 3.2642576 2.5035198 1.7660195 1.8528873 1.8339376 1.8176414 2.0326320 1.9150127 2.5673164 1.9093879 2.1912465 2.3152280 1.7963442 2.7791914 2.5806763 1.8766201 1.9819188 2.3648185 2.5048706 2.7376872 2.2012791 2.9209287 2.1417477 2.3664914 2.6331612 3.4844382 2.6851589 1.8492672 2.6055691 2.6055691 6.7361142 
Pocdam_XM_027194689.1                                  1.1432983 1.5571711 1.4295951 1.4962334 1.4855876 1.3088711 0.8343230 0.8193985 0.9542580 1.0085653 0.9167918 0.2382130 0.4086960 0.1688280 0.0709775 0.0000000 0.2741752 0.4993373 0.6160027 0.6598370 0.7154357 0.8516775 1.3867088 0.9266064 0.8998950 0.8503031 0.8133854 0.9362560 0.8275773 0.8286108 1.0973183 0.8353540 0.9444221 1.0278737 1.0841720 1.0744404 0.9646223 0.8453035 0.9550421 1.0355142 1.0580842 1.4211998 0.0000010 1.4836723 1.2524442 1.0930315 1.0740856 1.1492270 1.1590792 1.0641461 1.0181291 1.0157314 1.1541244 1.2665348 0.8013640 0.0000010 1.8773293 1.7534014 1.8683209 1.8658477 1.7888673 1.9962588 1.9276036 1.8036153 1.8153833 2.0777487 2.1989779 1.7472421 1.9787361 1.6537969 1.7960835 1.6705375 2.2785074 1.7138448 1.7455163 2.0473688 2.0992178 2.1108829 1.5532252 1.5948109 1.9148164 1.6464942 1.2017111 0.3537079 0.3537079 4.8367440 
Gfas_gfas1.m1.23497.m1                                 2.0717174 2.1515251 1.5249717 2.1554738 2.2601857 1.3768332 0.9719077 0.8253887 1.5356854 1.1116750 1.1394406 0.2800293 0.7111300 0.2439084 0.5567650 0.2741752 0.0000000 0.5940391 0.7138703 1.1491905 1.3489906 1.4577117 1.6507138 1.2566434 0.7896381 1.3123813 1.2593177 1.3004670 1.8125134 1.5335370 1.1155763 1.8159268 1.6589172 1.8631964 1.7508684 1.8568066 1.6075645 1.4229793 1.4892541 1.6607373 1.3457633 1.6586735 3.2472963 1.9051718 1.3039277 2.1173876 1.6978257 1.7664053 1.7217156 1.7777251 1.7460954 1.5437474 1.8289838 2.1234190 1.9681306 3.1748816 2.5817067 1.6618211 1.7706097 1.6658552 1.7424626 1.8974791 1.7830226 2.5942571 1.9713965 2.1200810 2.1194519 1.9330634 2.8281989 2.7593621 1.9221786 1.9799618 2.5142502 2.5336917 2.6655299 2.1031842 2.9947583 2.0592595 2.4774172 2.8034682 3.8558993 2.4737329 1.7695550 2.4100529 2.4100529 7.0895197 
Amil_Amillepora16334-RA                                2.3879019 2.3351102 1.3621490 2.5992418 2.5297856 1.4848726 1.3592900 1.5873081 2.0284355 1.2494833 1.4981511 0.5700630 0.9326111 0.4805519 0.9216633 0.4993373 0.5940391 0.0000000 0.1855483 1.6931035 1.8525627 2.0201273 1.7393125 1.6340059 0.8663753 1.6471694 1.6302926 1.7992922 1.8791252 2.0446671 1.3916395 2.4143250 2.1891555 2.3267178 2.2774696 2.3649648 2.1204499 2.4052752 1.9219758 2.0826976 1.7225775 1.7841668 3.2753870 2.0966848 1.5090912 2.7233951 2.1966589 2.2120792 2.2102898 2.2764052 2.2858107 1.9162009 2.3011080 2.4338941 2.0516450 3.1683413 2.9978565 1.9738151 2.6969377 3.1371104 2.8377110 3.8241570 3.4109656 3.3553367 2.6006014 3.2819991 3.2819991 2.0282422 3.3176665 3.5132436 2.2389408 2.3984908 2.5482593 3.2613264 3.1533604 3.0761760 3.5530220 2.5205623 2.7974171 3.0229459 3.1976289 3.4779971 2.7495648 2.4888676 2.4888676 7.7528269 
Adig_XM_015924134.1                                    2.1617743 2.3593847 1.6745974 2.5381236 2.5434327 1.7433344 1.2125445 1.2072894 1.9678225 1.4269635 1.4429830 0.7168140 1.1015548 0.5983110 1.0244317 0.6160027 0.7138703 0.1855483 0.0000000 1.5236444 1.7624252 1.8121885 1.8064582 1.7009215 1.4428366 1.6236777 1.5932482 1.7624884 1.9372559 1.9896309 1.3765350 2.1855376 2.0366363 2.2894427 2.0421160 2.3764931 2.2499682 2.3345019 1.9646916 1.9813320 1.6157715 1.8222961 3.1243792 2.2674388 1.4237870 2.8942019 2.1355299 2.1940888 2.1191902 2.0831991 2.0793139 1.7687919 2.2427721 2.6153230 2.0458854 3.5175687 3.1383466 2.0624331 2.4308720 2.7354225 2.4733620 3.3544039 3.2607094 3.3317343 2.3498131 3.1031716 3.1031716 2.9303167 3.5283620 3.4430435 2.3252779 2.0740369 3.1954508 3.2161033 3.3825111 3.4303874 3.5018561 2.5838658 2.9677896 3.1235100 3.6955600 3.3954238 2.3587404 2.7738232 2.7738232 7.6307445 
Exapal_XM_021059663.2                                  2.0848857 2.1677691 1.6458147 2.1592555 2.3690419 1.4829810 0.9721234 0.8742158 1.6189048 1.0577166 1.1475507 0.7536861 1.4322451 0.6690726 1.1850230 0.6598370 1.1491905 1.6931035 1.5236444 0.0000000 1.2950964 1.3811758 1.4108272 1.3508094 0.9562504 1.3558272 1.2732817 1.2371910 1.6373991 1.5597723 1.2472774 1.7295417 1.5954893 1.7992531 1.8078470 1.7382324 1.6035205 1.5635882 1.7815584 1.6617569 1.4175222 1.4736978 3.2899339 1.8524535 1.2791255 2.0446747 1.7630867 1.8182441 1.8130368 1.7736993 1.7785529 1.4729783 1.7274093 2.1764434 1.7429622 2.9463319 2.5316461 1.7278632 1.9430484 1.9755414 1.9166283 2.2100730 2.0474276 2.6977345 1.9563038 2.5346831 2.5232117 1.9218224 2.7398846 2.6618273 1.9634418 1.9871907 2.2918869 2.6023538 2.6451869 2.2817014 2.8483423 2.0744720 2.6115125 2.8766897 3.8309999 2.6689432 1.8560888 2.4094922 2.4094922 6.4618348 
Dgig_XM_028553962.1                                    2.0801471 2.1088193 1.4498551 2.0532502 2.4098330 1.4986248 1.0590516 0.8773552 1.5878340 1.2446269 1.1865893 0.9371936 1.6980279 0.7143133 1.3144761 0.7154357 1.3489906 1.8525627 1.7624252 1.2950964 0.0000000 0.6569315 1.9044948 1.2475767 0.9372832 1.4169172 1.3276900 1.3667600 1.8969353 1.5549073 1.1437771 1.6898165 1.5633903 1.7770108 1.7741622 1.7830842 1.6908801 1.6535519 1.7076343 1.7512395 1.4904236 1.5863773 3.9053345 2.1963968 1.3963666 2.2068659 1.7496237 1.7090904 1.6397558 1.6932418 1.6868143 1.5252017 1.7505323 2.0854810 1.9079542 3.1708811 2.6734399 1.8032610 1.9111921 1.9308830 1.8813675 2.2382494 2.0982758 2.7942195 1.8952249 2.2307276 2.3323762 1.9782134 2.8699779 2.8708061 2.1568197 2.0483672 2.5905967 2.6433287 2.8629507 2.3291438 2.9321314 2.1053942 2.6170972 2.9186744 4.0717339 2.5601741 1.8688815 2.5065523 2.5065523 6.3882559 
Xesp_012356-T1                                         2.3601894 2.3636433 1.5207037 2.1723613 2.5864960 1.5748839 1.2368383 1.1836084 1.7414677 1.3836317 1.4074838 1.3370374 1.7092585 0.9665240 1.5254828 0.8516775 1.4577117 2.0201273 1.8121885 1.3811758 0.6569315 0.0000000 1.9343319 1.3426087 1.2152132 1.4279812 1.4233198 1.5049380 1.8358515 1.8338204 1.2956184 1.9912762 1.8327042 2.1139884 1.8852152 1.9154363 1.8952540 2.1298550 1.8491428 1.7644471 1.5273572 1.5274809 4.0978182 2.3234528 1.5139105 2.3526287 1.8789585 1.8546666 1.7970920 1.9394276 1.8965971 1.6469943 1.9221342 2.1177836 2.0862799 3.6839205 2.7918040 1.9224075 2.0270183 2.0095142 1.9455534 2.3697810 2.2356399 2.9521146 2.0700652 2.4815865 2.5562347 2.0074033 2.9171498 2.8896879 2.2647622 2.2089062 2.6303131 2.5435107 2.9949334 2.7262667 2.9401582 2.3383985 2.7851728 3.1871296 4.0515802 2.6865816 1.9215981 2.8020582 2.8020582 6.5912957 
Nvec_v1g107980                                         3.3815167 3.0513173 2.6528677 3.0549435 3.1552302 2.3348828 1.4525396 2.0112154 2.3415624 1.8913804 1.9169818 0.7454593 1.6616330 1.3075155 1.7977747 1.3867088 1.6507138 1.7393125 1.8064582 1.4108272 1.9044948 1.9343319 0.0000000 1.8257529 1.2022433 1.9907361 1.8760163 1.9602246 1.8210712 2.2502572 1.9511471 2.9170002 2.3449304 2.9450724 2.6194923 2.6426544 2.2616944 2.8475334 2.4844207 2.4072268 2.3823126 1.5892532 3.5376717 3.1489529 2.3312408 3.3536803 2.4611424 2.4414634 2.4834524 2.2721070 2.2724292 2.3199614 2.3570663 2.6129072 2.5126018 3.1986073 3.4628724 2.7739364 3.3179598 3.0794359 3.5139958 2.4939324 2.6275886 3.8044499 3.2937484 2.5651671 2.4282821 1.9376150 3.7839728 3.7544025 2.4335850 4.2621524 2.8962108 3.5423503 4.0842548 4.4736451 3.9474759 4.1213878 3.5380518 4.5371274 3.5741201 3.9595555 2.9864715 2.3912466 2.3912466 6.7748786 
Sanmal_Sma_027069-T1                                   1.9231526 2.0030327 1.5060757 2.0421852 2.2087827 1.3465538 1.0847153 1.0146690 1.5317239 1.3089014 1.2982998 1.1545648 1.6931658 0.8334579 1.3203083 0.9266064 1.2566434 1.6340059 1.7009215 1.3508094 1.2475767 1.3426087 1.8257529 0.0000000 0.5081866 0.8803157 0.7945491 1.0965508 0.8263687 1.6110874 1.2377499 1.9284979 1.7390799 1.9723234 1.6983180 1.6906257 1.3752411 1.5718394 1.6483230 1.7134759 1.4875237 1.5587337 2.7657359 1.8799499 1.3916569 1.9892887 1.6896734 1.6738697 1.7161133 1.6673460 1.6228554 1.4994138 1.5901321 1.9115823 1.5902520 2.4305793 2.2010653 1.6939696 1.7951778 1.8866130 1.8046070 2.1482099 2.0461609 2.2190362 1.9232550 2.3358595 2.2368990 1.9783029 2.4506625 2.4440313 1.9227795 1.9903870 2.2890598 2.4021976 2.3354750 2.5339005 2.6396376 2.1608614 2.0969885 2.3308915 3.0785795 2.5234191 1.6793787 2.1213318 2.1213318 6.1338172 
Aaur_scaffold3071.g1.t1                                8.9999990 2.1007785 1.6569632 1.8950653 2.1041752 1.6489288 1.0621418 1.1208634 1.0924372 1.4526930 1.3301054 0.8879414 1.1515594 0.7422931 0.8242893 0.8998950 0.7896381 0.8663753 1.4428366 0.9562504 0.9372832 1.2152132 1.2022433 0.5081866 0.0000000 0.4080571 0.3829413 0.8214567 0.0000010 1.0656749 1.3017547 0.9890791 1.0588471 1.3583296 1.0491122 1.1957914 0.9440651 0.7579816 1.0861885 1.0973687 1.1106903 1.2955995 0.0000010 2.5684268 1.8004045 1.9078351 1.2625632 1.2290522 1.3039067 1.1949251 1.0719042 1.0711154 1.2107125 1.4788594 0.0000010 0.0000010 2.0453390 1.8869772 1.8869772 1.8869772 1.8869772 1.8869772 1.8869772 2.1705242 1.9840012 1.9840012 2.0255816 1.5325265 2.5067856 1.8109367 1.7380557 2.4522501 2.4321593 1.8834360 2.2107546 2.8980948 2.4476187 2.4476187 1.7596339 3.1583252 4.1091199 1.7574347 1.2114760 0.0000010 0.0000010 4.9999929 
Nemnom_g16103.t1                                       1.8613208 1.9617916 1.5319006 2.0425870 2.2432543 1.2827374 1.0194841 1.0194024 1.6468954 1.1933282 1.3197394 1.1132770 1.6555558 0.8176947 1.3079128 0.8503031 1.3123813 1.6471694 1.6236777 1.3558272 1.4169172 1.4279812 1.9907361 0.8803157 0.4080571 0.0000000 0.2564774 1.0662966 0.8046458 1.4977561 1.2307239 1.8515796 1.7216633 1.8873709 1.8050611 1.6468474 1.3774328 1.5077334 1.7600346 1.8740725 1.4426022 1.5566327 3.0883510 2.0002763 1.3837312 1.9259357 1.7266855 1.7085220 1.7300925 1.6805928 1.6609168 1.4383521 1.6651483 1.9863831 1.8915746 3.1981115 2.4083568 1.7022685 1.7937476 1.8701041 1.8196895 2.1105980 2.0200366 2.5387987 1.8994279 2.2939494 2.3226615 1.8630314 2.6325692 2.5353236 1.9353874 1.9086270 2.3055228 2.4455332 2.6676276 2.3003959 2.8156848 2.1417790 2.3333793 2.5653939 3.4325524 2.6381326 1.5459816 2.7868560 2.7868560 6.5090224 
Rhoesc_Res_001941-T1                                   1.8738678 1.9679498 1.5160166 2.0587767 2.1875629 1.2546176 1.0454603 0.9796826 1.5640105 1.1468215 1.3551579 0.9436759 1.5219860 0.7815789 1.2763505 0.8133854 1.2593177 1.6302926 1.5932482 1.2732817 1.3276900 1.4233198 1.8760163 0.7945491 0.3829413 0.2564774 0.0000000 1.0331617 0.8164793 1.4816470 1.2039432 1.7648524 1.6296391 1.8029820 1.7366336 1.7176080 1.3832320 1.5340860 1.7419137 1.7964431 1.4802769 1.4473001 3.6150259 2.0628055 1.4100332 2.0286860 1.6405414 1.6333354 1.6819993 1.6460101 1.6471356 1.4898836 1.6824611 1.9242221 1.8353461 3.1196500 2.4063763 1.6588136 1.7355459 1.7584535 1.7429221 2.0073901 1.8970228 2.5480070 1.9234821 2.2630560 2.2674293 1.9060167 2.6803103 2.5236993 1.8757370 1.9455165 2.2130209 2.5441637 2.6374390 2.1704627 2.6949775 2.0181880 2.3956866 2.6255149 3.6391774 2.6919865 1.6368566 2.7686827 2.7686827 6.4889884 
Morvir_scaffold43.g66.t1                               1.8617039 1.9565630 1.5505268 1.9872729 2.3125465 1.3584073 1.0687673 1.0150310 1.6663357 1.2106087 1.2513203 1.0632241 1.6247147 0.8865244 1.2625722 0.9362560 1.3004670 1.7992922 1.7624884 1.2371910 1.3667600 1.5049380 1.9602246 1.0965508 0.8214567 1.0662966 1.0331617 0.0000000 1.2964887 1.4085058 1.2935733 1.8434066 1.7254946 1.9012980 1.6751087 1.7362945 1.5636996 1.4855081 1.5910463 1.5591478 1.4312766 1.6141113 4.0517646 1.9948252 1.4229931 2.1001934 1.6916657 1.7365707 1.6923489 1.5894127 1.5814353 1.3865910 1.6765490 1.9662089 1.8070538 3.0692670 2.3471327 1.6913091 1.7711450 1.7738083 1.7541284 1.8871918 1.8573905 2.4652812 1.9917197 2.0885203 2.0889973 1.9022525 2.5729864 2.3757033 1.7739782 2.0279792 2.2897733 2.3464467 2.4916604 2.3916064 2.5870568 2.0753954 2.2107259 2.5371082 3.5258050 2.6123231 1.5039231 2.3607627 2.3607627 5.9879746 
Aaur_scaffold4071.g1.t1                                2.0244644 2.0244644 1.1450396 2.2886538 2.3616836 1.3356260 1.0663256 0.0981759 1.9520471 1.2808495 1.4679647 0.0000010 2.1118331 0.9964403 1.8953296 0.8275773 1.8125134 1.8791252 1.9372559 1.6373991 1.8969353 1.8358515 1.8210712 0.8263687 0.0000010 0.8046458 0.8164793 1.2964887 0.0000000 2.5188901 1.5627031 2.3959378 2.3959378 2.3959378 2.4125737 2.4134844 1.6635656 2.2193597 2.2790729 2.3696184 1.8545596 3.1729871 2.9634328 1.9913748 1.3410067 2.3714700 2.1900589 2.1999329 2.2144106 2.0731719 2.0731719 1.9974266 2.4355714 2.6265499 2.0775000 3.6357888 2.7315542 1.5160464 1.8436798 2.0945276 1.9923239 9.0000000 3.1853287 3.1240937 2.0672167 0.0000010 0.0000010 9.0000000 3.1204013 3.1390067 0.0000010 2.2713629 0.0000010 3.3630800 2.7378220 0.0000010 3.3966032 0.9735574 2.8470945 2.8470945 3.3810864 3.8257761 2.4157307 2.5809018 2.5809018 7.5532846 
Bralan_BLAG04000641_1                                  2.2263304 2.1147618 1.5076334 2.0940594 2.4625504 1.3903034 1.0437694 0.8857339 1.4304971 1.1769168 1.3281643 0.9268081 1.8434683 0.9106907 1.4620367 0.8286108 1.5335370 2.0446671 1.9896309 1.5597723 1.5549073 1.8338204 2.2502572 1.6110874 1.0656749 1.4977561 1.4816470 1.4085058 2.5188901 0.0000000 1.1206692 1.6336707 1.4376468 1.6906625 1.3825644 1.5677043 1.6333849 1.6286394 1.2155048 1.3859573 1.2352433 1.5134359 3.9030831 2.2929862 1.4977215 2.3077567 1.8971649 1.9406131 1.8254198 1.8862319 1.8739424 1.5851336 1.8100049 1.8811639 1.9661724 3.0509388 2.4369777 1.7705092 1.7788750 1.7393070 1.7302368 1.9275437 1.8865823 2.7062095 1.7859576 1.9674469 2.0342681 1.6916035 2.6593248 2.7511199 1.8730013 2.1778592 2.1659228 2.5092409 2.6610616 2.2080156 2.8641720 1.9123106 2.3674637 2.6841130 3.7565488 2.5113278 2.0556652 2.5463277 2.5463277 5.7367040 
Ctel_gnl_WGS_AMQN_CAPTEDRAFT_mRNA118009                1.3523013 1.7529232 1.7293502 1.7141028 1.7914630 1.6336667 1.2032268 0.9768586 0.9106649 1.4614121 1.3123147 1.1086002 1.3502191 1.1418306 1.1631561 1.0973183 1.1155763 1.3916395 1.3765350 1.2472774 1.1437771 1.2956184 1.9511471 1.2377499 1.3017547 1.2307239 1.2039432 1.2935733 1.5627031 1.1206692 0.0000000 0.9327025 0.9107387 1.0610908 1.0054618 1.0707742 1.2503555 1.2428402 1.0611665 1.1538976 1.2313471 1.6104319 1.8637518 1.9576394 1.5479599 1.5200686 1.3210529 1.3780050 1.3641649 1.2507015 1.2348009 1.3908693 1.2942301 1.2960840 1.4991364 1.2947076 2.2512311 2.0141162 2.0186939 2.1371260 2.0236682 2.5202538 2.4047996 2.1614328 2.1985076 2.6966588 2.5517903 2.2680049 2.5286218 2.2100548 2.2540076 2.2445785 2.6244989 2.1702353 2.0887094 2.4848585 2.4117975 2.3166360 2.0115835 1.9752742 2.4625337 2.0592042 1.4510178 1.2656133 1.2656133 5.2961554 
Acagra_model.g15588.t1.2.5d400c85                      2.2668190 2.3531304 1.3424315 2.4188617 2.5677874 1.3980312 1.2362323 0.8905596 1.1409525 1.3790370 1.4831961 1.1517691 2.3984916 0.9244404 1.9040706 0.8353540 1.8159268 2.4143250 2.1855376 1.7295417 1.6898165 1.9912762 2.9170002 1.9284979 0.9890791 1.8515796 1.7648524 1.8434066 2.3959378 1.6336707 0.9327025 0.0000000 0.0224395 0.0224522 1.6677944 1.7892025 2.0651219 2.0726121 1.7042518 1.6762687 1.4148174 2.5935076 4.1678888 2.2738886 1.5337663 2.3700777 2.1321185 2.1741031 2.1325599 2.0411666 2.0198050 1.9145321 1.8979980 2.0761140 2.1968626 3.3734547 2.8411013 1.8398625 1.7010590 1.6547165 1.6619008 2.3803126 2.1673585 2.7834655 1.8017253 2.6292526 2.7594896 2.6045396 3.0584191 3.3942546 2.3579153 2.3086478 2.4243554 2.8718661 2.8033766 1.9507115 3.0293956 1.8451172 2.5731975 2.5802533 3.8138146 2.9861664 2.6594272 3.2952181 3.2952181 6.6933082 
Acagra_model.g15588.t1                                 2.3526619 2.3181767 1.5926895 2.3102896 2.4452854 1.5845259 1.0806942 0.8669096 0.9634810 1.2748307 1.2739444 1.0994759 1.9868397 1.0341468 1.6777256 0.9444221 1.6589172 2.1891555 2.0366363 1.5954893 1.5633903 1.8327042 2.3449304 1.7390799 1.0588471 1.7216633 1.6296391 1.7254946 2.3959378 1.4376468 0.9107387 0.0224395 0.0000000 0.0487563 1.4323688 1.5723482 1.7848618 1.7728459 1.4564407 1.4262125 1.2943484 1.4374116 4.1678888 2.3366196 1.5622777 2.3170735 1.8896526 1.9216673 1.8923769 1.8176219 1.8189697 1.7839748 1.8312935 1.8321975 2.1968626 3.3734547 2.6662579 1.8667758 1.7872703 1.7963653 1.7706481 2.0452223 2.0004807 2.5785290 1.8511546 2.0702473 2.0672624 1.8552924 2.8559242 2.9276953 2.0166163 2.3454819 2.3062059 2.6315365 2.7101397 2.2049677 2.8267873 2.0499334 2.4319593 2.6827665 3.7882469 2.7064369 2.1541043 3.2952181 3.2952181 6.1504052 
Acagra_model.g15588.t1.1.5d400c85                      2.3526619 2.4182100 1.5236233 2.4865497 2.5923212 1.5985654 1.2886789 1.0726726 1.1948360 1.4382617 1.4985545 1.4227866 2.4209024 1.0606531 1.9407248 1.0278737 1.8631964 2.3267178 2.2894427 1.7992531 1.7770108 2.1139884 2.9450724 1.9723234 1.3583296 1.8873709 1.8029820 1.9012980 2.3959378 1.6906625 1.0610908 0.0224522 0.0487563 0.0000000 1.7399139 1.8460691 2.0666335 1.9399312 1.7845294 1.7244324 1.5042593 2.7818683 4.1678888 2.2650192 1.7071358 2.3326925 2.1803241 2.2113485 2.1994859 2.0945243 2.1093526 1.9454405 1.9426844 2.1665260 2.1968626 3.3734547 2.9742052 2.0705106 2.0027674 2.1568129 2.0003836 3.1061741 2.8277637 2.9324256 2.1360216 3.7756775 4.0182662 4.2879567 3.1559680 3.4986654 2.9928757 2.3454819 3.1377855 3.0073381 2.7792997 2.4221029 3.1660608 2.3147624 2.7119167 2.6736153 3.7882469 2.9947518 2.6896081 3.2952181 3.2952181 6.7597969 
Hsap_ENST00000491415                                   2.4415630 2.3256914 1.6376414 2.5148458 2.4787158 1.3759830 1.0986491 0.9141047 1.5130181 1.2633883 1.3862260 1.0487698 2.1095679 1.2577655 1.9074390 1.0841720 1.7508684 2.2774696 2.0421160 1.8078470 1.7741622 1.8852152 2.6194923 1.6983180 1.0491122 1.8050611 1.7366336 1.6751087 2.4125737 1.3825644 1.0054618 1.6677944 1.4323688 1.7399139 0.0000000 1.5948495 1.7791311 1.6667141 1.2860294 1.2828810 1.2975495 1.3933881 4.0196279 2.3320504 1.3841328 2.2044570 1.9126992 1.8944188 1.8730860 1.9631692 1.9320968 1.7544725 1.9537494 1.8529763 2.3014579 3.5939996 2.6006184 1.7072865 1.6331516 1.7863731 1.6564865 2.0210935 2.0074220 2.5725450 1.7597898 1.9991085 2.0631941 1.8336792 2.8837232 2.5599961 1.8805986 1.9789704 2.1533030 2.6875180 2.8540191 2.1421774 2.7358907 1.9614717 2.6326164 3.0808447 4.1753324 2.7227614 2.0768268 3.1080310 3.1080310 6.2602931 
Tcas_TC008696_001                                      2.3181140 2.4000356 1.8601777 2.3356807 2.8231981 1.6565868 1.0902889 0.9759701 1.6676922 1.3840772 1.4738766 1.3122468 2.1670655 1.1258573 1.8213906 1.0744404 1.8568066 2.3649648 2.3764931 1.7382324 1.7830842 1.9154363 2.6426544 1.6906257 1.1957914 1.6468474 1.7176080 1.7362945 2.4134844 1.5677043 1.0707742 1.7892025 1.5723482 1.8460691 1.5948495 0.0000000 1.6952037 1.6730208 1.5187135 1.5120050 1.4085490 1.4447907 4.8647712 2.4082689 1.4493335 2.4357100 2.3476140 2.3315244 2.1857917 2.2846235 2.2631794 1.7204570 2.1090484 1.6339048 2.4071710 3.7184021 3.0265332 1.8693842 1.9557688 1.9925102 1.9333818 2.2866767 2.2433975 3.1454095 2.0581967 2.5871563 2.7133464 2.2825070 3.0556892 2.8446323 2.1233796 2.2166766 2.5825829 2.7148811 3.1850173 2.1915008 3.0884905 2.0127257 2.7511556 3.0808951 4.3787330 3.0579900 2.1608445 3.1208177 3.1208177 6.7806078 
Opea_EP00118_Oscarella_pearsei_P029211                 1.9632377 1.9904686 1.4106786 1.9387766 2.3390771 1.2373430 1.1197563 0.9263684 1.6442305 1.0923207 1.1465887 1.0003176 2.0029065 0.9436361 1.5533945 0.9646223 1.6075645 2.1204499 2.2499682 1.6035205 1.6908801 1.8952540 2.2616944 1.3752411 0.9440651 1.3774328 1.3832320 1.5636996 1.6635656 1.6333849 1.2503555 2.0651219 1.7848618 2.0666335 1.7791311 1.6952037 0.0000000 0.0000010 1.5710144 1.5776948 1.5590907 1.2827564 3.1721024 1.9742196 1.3897880 2.0829256 1.8399021 1.8050085 1.7023541 1.8697151 1.8733171 1.7888339 1.4389537 2.0488057 1.8423927 2.9363269 2.6129602 1.5938299 1.6133547 1.6975780 1.5847997 1.8052745 1.7776442 2.4986778 1.6406043 2.0321869 2.0430085 1.6298576 2.5192145 2.6331721 1.8918505 1.9550389 2.3254336 2.6562878 2.9221008 2.4225793 2.9142552 2.1266514 2.4252070 2.7105791 4.0144208 2.5718834 2.1262646 2.4131332 2.4131332 7.0378964 
Ocar_g8648                                             2.2624588 2.2345552 1.4542944 2.2423008 2.1096067 1.0840228 1.0706283 0.8696213 1.6437462 1.0282159 1.1636791 0.6202684 2.0635600 0.8419417 1.3734549 0.8453035 1.4229793 2.4052752 2.3345019 1.5635882 1.6535519 2.1298550 2.8475334 1.5718394 0.7579816 1.5077334 1.5340860 1.4855081 2.2193597 1.6286394 1.2428402 2.0726121 1.7728459 1.9399312 1.6667141 1.6730208 0.0000010 0.0000000 1.5375565 1.9105164 1.4013074 1.1750411 4.9979880 1.7598449 1.3552159 1.9405950 1.8044949 1.7588138 1.8369908 1.8105608 1.8137661 1.8578965 1.6140807 2.0224343 1.8767830 4.2514080 2.2094027 1.3669688 1.3740134 1.5859147 1.3826710 1.6469769 1.6469769 2.0533960 1.2442950 1.7242886 1.7198056 1.1564674 1.8993232 2.1251182 1.7063419 1.4085890 1.7063419 2.3395671 2.4243874 2.0338955 2.4637083 1.7291975 2.0177779 2.2085011 4.6222128 2.0282693 2.0937418 4.4990472 4.4990472 6.7846086 
Spur_XM_030999556.1                                    1.9870924 2.0299382 1.5508998 2.0618625 2.1590871 1.4600256 1.2187172 1.0305207 1.3964689 1.2974544 1.3526566 1.0260342 1.9458479 1.0033857 1.4720896 0.9550421 1.4892541 1.9219758 1.9646916 1.7815584 1.7076343 1.8491428 2.4844207 1.6483230 1.0861885 1.7600346 1.7419137 1.5910463 2.2790729 1.2155048 1.0611665 1.7042518 1.4564407 1.7845294 1.2860294 1.5187135 1.5710144 1.5375565 0.0000000 1.1797686 1.3509268 1.4399196 4.2485461 2.3683793 1.5914871 2.0519296 1.7034543 1.7711913 1.8105725 1.7976887 1.7865451 1.7461349 1.9737081 1.6834041 2.2514986 3.4842887 2.4250511 1.8542304 1.8439633 1.9733389 1.8359670 2.2798407 2.2245128 2.5796917 1.8775941 2.3605912 2.4247984 1.8822255 2.6914017 2.5402779 1.9318728 2.2261692 2.3792963 2.3878060 2.5738148 2.4765565 2.8068631 2.1525560 2.2183255 2.4666876 3.3209086 2.4046879 2.0548843 2.6361353 2.6361353 5.7237290 
Skow_XM_002735555.2                                    2.1312745 2.1007684 1.4858796 2.2145368 2.4256696 1.3849300 1.2050761 1.0788414 1.4423904 1.2306666 1.3315281 1.0947178 2.0939079 1.0928250 1.7707889 1.0355142 1.6607373 2.0826976 1.9813320 1.6617569 1.7512395 1.7644471 2.4072268 1.7134759 1.0973687 1.8740725 1.7964431 1.5591478 2.3696184 1.3859573 1.1538976 1.6762687 1.4262125 1.7244324 1.2828810 1.5120050 1.5776948 1.9105164 1.1797686 0.0000000 1.3492629 1.3258626 4.3221981 2.2942513 1.5075840 2.3318522 1.9638080 1.9361682 1.8863548 1.8660098 1.8239092 1.8516972 1.9035525 1.7576499 2.1318992 3.5638268 2.6335348 1.8295265 1.8613315 1.9667524 1.9003181 2.2231816 2.1655338 2.7549577 1.9636812 2.2125232 2.1329133 1.9037589 2.9167031 2.7429154 2.1193295 2.1829978 2.4860877 2.6385461 2.8534187 2.4742156 2.7338065 2.0414087 2.5596045 2.9967063 3.9183514 2.8414512 1.9638153 2.8601758 2.8601758 6.2025280 
Cscu_XM_023358572.1                                    1.9236742 2.0607016 1.6734781 1.9948287 2.0031881 1.5566875 1.2961469 1.0940171 1.2802062 1.5479288 1.5727436 1.1522903 1.6534548 1.0505616 1.3298204 1.0580842 1.3457633 1.7225775 1.6157715 1.4175222 1.4904236 1.5273572 2.3823126 1.4875237 1.1106903 1.4426022 1.4802769 1.4312766 1.8545596 1.2352433 1.2313471 1.4148174 1.2943484 1.5042593 1.2975495 1.4085490 1.5590907 1.4013074 1.3509268 1.3492629 0.0000000 1.7528915 4.5716400 2.1680004 1.5970382 1.8922736 1.6234948 1.6642327 1.7106251 1.5254111 1.5069530 1.7130893 1.7154211 1.5219495 1.8262390 3.7058694 2.2643094 1.7763877 1.7522649 1.8114675 1.6857073 2.0545105 2.0159902 2.1998856 1.9102293 2.1641784 2.1585637 1.8471605 2.3980995 2.0931350 1.8532027 2.0465102 2.2137596 2.1871446 2.3545900 2.1783385 2.4227164 1.9334607 1.9813917 2.3060804 2.8046242 2.0334239 1.8040446 2.9315333 2.9315333 5.9601264 
Tetwil_g5002.t1                                        1.8571759 2.3643419 2.3064444 2.1824334 2.3879628 1.9778050 0.9494521 0.8949941 1.4664593 1.1280645 1.3032162 1.3767601 1.4814407 1.7563818 1.4024354 1.4211998 1.6586735 1.7841668 1.8222961 1.4736978 1.5863773 1.5274809 1.5892532 1.5587337 1.2955995 1.5566327 1.4473001 1.6141113 3.1729871 1.5134359 1.6104319 2.5935076 1.4374116 2.7818683 1.3933881 1.4447907 1.2827564 1.1750411 1.4399196 1.3258626 1.7528915 0.0000000 0.0000010 2.7836900 1.5054586 2.0801780 1.5404620 1.5686950 1.5937288 1.6018065 1.4692354 1.5935854 1.7868265 1.5154438 3.4683388 0.0000010 2.6222939 2.2032842 2.1605852 2.0873019 2.0309812 2.0876785 2.1413228 2.3634605 2.5357899 2.5110341 2.5110341 2.1330340 2.6287439 2.0672490 2.0441569 2.8812315 2.3372215 2.2589479 2.6495814 2.3395633 2.3781615 2.4254478 2.0342482 2.7665862 5.6999003 2.4672925 1.3640914 1.7611294 1.7611294 5.8103089 
Aque_Aqu2.1.00461_001                                  3.4125042 3.4125042 0.0000010 4.5916871 5.4158259 2.5627793 1.0392523 0.0000010 4.4178140 1.0257809 2.2302469 0.0000010 3.2097371 3.8780719 3.2132679 0.0000010 3.2472963 3.2753870 3.1243792 3.2899339 3.9053345 4.0978182 3.5376717 2.7657359 0.0000010 3.0883510 3.6150259 4.0517646 2.9634328 3.9030831 1.8637518 4.1678888 4.1678888 4.1678888 4.0196279 4.8647712 3.1721024 4.9979880 4.2485461 4.3221981 4.5716400 0.0000010 0.0000000 0.0372109 0.6281769 1.7415464 3.1844797 2.7259570 2.7259570 3.0733067 3.0733067 3.1275204 3.3812432 4.8980411 2.4253582 2.3235203 4.3506120 1.0791443 0.0000010 0.0000010 0.0000010 0.0000010 0.0000010 5.3495833 0.0000010 0.0000010 0.0000010 0.0000010 4.6715343 5.3541422 0.0000010 3.4253473 0.0000010 4.1100617 4.1043173 0.0000010 5.2240029 0.0000010 5.0619323 5.0619323 5.0619323 4.3244671 3.3630416 2.5808327 2.5808327 8.9999985 
