105
Halamb_c45375_g1_i1m.18859                              0.0000000 0.5767987 0.5796080 0.5566524 0.3086118 0.5224612 0.5142091 0.6788647 0.4589633 0.3677422 0.7542292 0.3111943 0.4141224 0.7183408 0.6167674 0.7972218 0.7825688 0.5648246 0.6328487 0.4182154 0.7567516 0.9182919 0.6163073 0.8386540 0.8569106 0.6904387 0.6349353 0.6712538 0.9138831 0.4929281 0.4652944 0.5768467 0.5768467 0.4740379 0.4861033 0.6400334 0.6400334 0.6984141 0.5100662 0.5169178 1.0173053 0.7797889 0.9385090 0.7551473 0.5902131 0.8632032 0.8361857 0.8656138 0.7080796 0.6269441 0.9066050 0.8015311 0.8635432 0.5889433 0.7105598 0.7840511 0.9187435 0.8525390 0.7740087 0.7981172 0.8636767 0.9620294 1.0299215 0.7155768 0.6685192 0.8408599 1.1967342 0.9791795 1.0702747 0.9791795 1.0702747 0.8865735 0.8865735 1.0302187 1.0302187 0.9654501 1.1216515 1.1096194 1.1096194 1.1485371 3.0050787 1.1490782 1.0948788 1.0985719 1.0985719 1.4410220 0.8299629 0.9561360 1.1770713 1.1264744 0.7241902 0.9936469 0.9908339 0.8616616 0.7923878 0.8553755 1.1412662 0.9427063 1.4417370 1.5522745 1.6009776 1.8214848 2.4658331 1.4453655 2.1924755 
Dgig_XM_028534924.1                                     0.5767987 0.0000000 0.2505844 0.4481491 0.2936507 0.4525448 0.4939376 0.6140923 0.5380950 0.4035265 0.6313909 0.4618885 0.5176406 0.6099487 0.5392429 0.7044777 0.6580275 0.3860653 0.5907828 0.3569448 0.5807132 0.6322367 0.4780992 0.5967757 0.5893047 0.5377597 0.3592076 0.3928874 0.5932787 0.5766303 0.5721377 0.6113760 0.6113760 0.5662161 0.5690772 0.5411129 0.5411129 0.6204559 0.5376497 0.5494109 0.6623406 0.7966072 0.6170271 0.6756449 0.6261144 0.7718316 0.6475428 0.5635796 0.7458758 0.6567303 0.7218354 0.3884898 0.7360402 0.6511900 0.7699174 0.7345398 0.7976309 0.7814340 0.7888374 0.8820943 0.9119099 0.6877197 0.7722150 0.6598604 0.6209638 0.7492400 0.9702536 0.8791904 0.9389852 0.8791904 0.9389852 0.8037710 0.8037710 0.8846904 0.8846904 0.9860319 1.1009050 0.9845412 0.9845412 1.0343988 2.3745474 0.9510840 0.9105995 1.0481253 1.0481253 1.3345822 0.5996924 0.6782075 0.8098482 0.7421317 0.8398953 0.9523098 0.8973461 0.9208398 0.8881959 0.8194022 1.0247615 1.1178489 1.2375129 1.1253492 1.4510943 1.7052533 1.3949090 1.4494475 2.2128988 
Xesp_023285-T1                                          0.5796080 0.2505844 0.0000000 0.4388378 0.2886990 0.4713882 0.5535583 0.5879100 0.5087621 0.4942171 0.5919614 0.3794114 0.4292949 0.5843884 0.5807670 0.7113278 0.6993726 0.3776501 0.6902049 0.2985194 0.6798391 0.7482888 0.5204997 0.6113562 0.6450202 0.5534908 0.3361353 0.4555410 0.5601458 0.5978975 0.6090355 0.6517564 0.6517564 0.5828942 0.5829229 0.6055261 0.6055261 0.6549858 0.6371007 0.6449696 0.7419267 0.7911169 0.5990892 0.5775025 0.5929995 0.8285022 0.8010361 0.6557226 0.7829061 0.6819553 0.7567492 0.4822586 0.7496706 0.6342683 0.8064810 0.7577221 0.8410810 0.7357390 0.7309406 0.7756155 0.8066906 0.6176632 0.6357672 0.6523294 0.6222756 0.8125421 1.0751244 0.8668713 0.9344619 0.8668713 0.9344619 0.7426099 0.7426099 0.7765196 0.7765196 0.8085322 0.9641796 0.8595616 0.8595616 0.9761939 1.9837740 0.9308979 0.8460311 1.0057979 1.0057979 1.2974869 0.6264681 0.7198348 0.8399476 0.9047942 0.8181733 0.9142209 0.9936495 0.9601584 0.8629940 0.9516245 1.0348054 0.9076116 1.3097930 1.1457188 1.4569729 1.7731641 1.7275232 1.6061498 2.2693766 
Spur_XM_792864.5                                        0.5566524 0.4481491 0.4388378 0.0000000 0.2095058 0.2199572 0.4267552 0.6240555 0.6001137 0.5839119 0.5903068 0.4210494 0.4369137 0.6188930 0.5627290 0.6551760 0.5414616 0.5815103 0.6791162 0.4750704 0.5746783 0.7098703 0.5714120 0.5806020 0.6056665 0.5555156 0.6219109 0.6501451 0.8463011 0.6313385 0.6236682 0.6230531 0.6230531 0.5236025 0.5534860 0.6407247 0.6407247 0.6588253 0.6951164 0.7079435 0.6574137 0.7197923 0.6892834 0.5684019 0.5385186 0.6662129 0.6542424 0.5100911 0.6214334 0.5564934 0.7900694 0.4460223 0.8157136 0.5462609 0.6894722 0.8189194 0.9023566 0.6618649 0.8157777 0.7311530 0.7311530 0.7972333 0.8268553 0.5601152 0.5835473 0.8546815 0.8918827 0.7044331 0.7044331 0.7044331 0.7044331 0.6492973 0.6492973 0.6793649 0.6793649 0.7188290 0.8390561 0.5887536 0.5887536 0.7296555 1.8487684 0.8496307 0.7779706 0.8668225 0.8668225 1.1159586 0.7873678 0.9078414 0.9141258 0.9903520 0.7521259 0.8757767 0.8245831 0.9955620 0.9433620 0.8555082 0.7687263 0.8150799 1.0207657 1.3100068 1.1148561 1.3208105 1.0983144 1.2849588 2.0243258 
Spur_XM_030973936.1                                     0.3086118 0.2936507 0.2886990 0.2095058 0.0000000 0.1926187 0.2750792 0.3110225 0.2891947 0.1283560 0.3229607 0.4023692 0.3846373 0.3134938 0.3148762 0.4308071 0.2941084 0.4521816 0.4361362 0.5251697 0.4524655 0.5020948 0.3082279 0.4069427 0.3653497 0.3748522 0.5533579 0.4894945 0.6396568 0.5254471 0.4829209 0.4154336 0.4154336 0.3809744 0.3524118 0.4315248 0.4315248 0.4709439 0.4988780 0.4988780 0.4983447 0.4048351 0.3644148 0.3688419 0.3856863 0.4691968 0.3820292 0.2181472 0.3657647 0.3413133 0.4974577 0.1293879 0.3872107 0.3071667 0.4153776 0.4942488 0.5549822 0.3718851 0.4147760 0.5515607 0.5515607 0.6415582 0.9146321 0.4656847 0.4665178 0.5770685 0.6795476 0.4100513 0.4100513 0.4100513 0.4100513 0.3330108 0.3330108 0.4269649 0.4269649 0.4317740 0.5486465 0.4477706 0.4477706 0.6348030 3.8198522 0.5787351 0.4508584 0.4799382 0.4799382 0.7775012 0.6923129 0.7281512 0.9718407 0.9563057 0.7448458 0.7448458 0.5483997 0.4193348 0.8311027 0.5254527 0.7106511 0.5600740 0.9851266 1.0875821 1.0739103 1.1312819 8.9999984 0.3500068 2.5554251 
Spur_XM_030976861.1                                     0.5224612 0.4525448 0.4713882 0.2199572 0.1926187 0.0000000 0.4094302 0.6207851 0.5613064 0.5707408 0.6110685 0.4558352 0.5444371 0.5780702 0.5283005 0.6001902 0.5482405 0.5974723 0.7005254 0.5763342 0.5717680 0.7671783 0.5718242 0.5808753 0.5982896 0.6081815 0.6411033 0.6850724 0.8830053 0.5676312 0.5908989 0.6192664 0.6192664 0.4983193 0.5159825 0.5767664 0.5767664 0.6251075 0.7455154 0.7504071 0.6719502 0.7071796 0.6830068 0.5573065 0.5847967 0.6728453 0.5766779 0.5335977 0.6206806 0.5805650 0.7632993 0.4739045 0.7330666 0.5774954 0.7511389 0.8359325 0.8866197 0.6824340 0.7719938 0.7701520 0.7701520 0.8212686 0.9287918 0.6016951 0.6351353 0.8245899 0.8863242 0.7319537 0.7319537 0.7319537 0.7319537 0.6818295 0.6818295 0.7483175 0.7483175 0.7900628 0.9079971 0.7113573 0.7113573 0.7752938 2.0146656 0.9728517 0.7407457 0.9633893 0.9633893 1.1402895 0.7392175 0.8500204 0.9062443 0.9195140 0.8419473 0.8806411 0.8560394 0.9685622 0.8980834 0.8306491 0.8807310 0.8309411 1.0216307 1.1795657 1.1703464 1.2692293 0.9149496 1.2422170 1.7072119 
Exapal_XM_021049128.2                                   0.5142091 0.4939376 0.5535583 0.4267552 0.2750792 0.4094302 0.0000000 0.6014680 0.4621668 0.4363665 0.5651626 0.3325466 0.5503815 0.6187159 0.5581456 0.6343883 0.6150313 0.5757389 0.6644677 0.5109524 0.5975573 0.8320209 0.6016875 0.6716769 0.6494928 0.5890638 0.5280879 0.6454740 0.8457535 0.4473682 0.4372409 0.4637699 0.4637699 0.4044617 0.3852999 0.5840834 0.5840834 0.5849040 0.5223355 0.5339767 0.7332181 0.7069296 0.7909205 0.6430192 0.5700511 0.6681608 0.6376247 0.5705369 0.5493671 0.5297636 0.7563358 0.6050292 0.7803890 0.4798647 0.5713705 0.7445903 0.8687914 0.7332472 0.7824125 0.6736163 0.7280814 0.8486393 1.1062785 0.6611630 0.5974560 0.8323996 0.9129941 0.7213554 0.7557232 0.7213554 0.7557232 0.6350310 0.6350310 0.8615558 0.8615558 0.7569648 0.8315370 0.7533785 0.7533785 0.8394513 2.0943187 0.9648451 0.7841528 0.9283964 0.9283964 1.1439622 0.7710944 0.7987969 1.0332417 1.0448057 0.7883537 0.8979275 0.8556071 0.8758020 0.6839348 0.9012361 0.9634551 0.8401568 1.1284483 1.1941531 1.1834219 1.6427001 1.4843855 1.4431294 1.8096256 
Xesp_023286-T1                                          0.6788647 0.6140923 0.5879100 0.6240555 0.3110225 0.6207851 0.6014680 0.0000000 0.6992714 0.5876374 0.7649394 0.3536027 0.4213960 0.7831204 0.5551136 0.8036168 0.6962691 0.6321709 0.8166232 0.5620437 0.8746461 0.9471947 0.6297062 0.8564250 0.8682706 0.8768696 0.6680331 0.6251285 0.8388843 0.6706479 0.6380397 0.8224694 0.8224694 0.6590973 0.6672658 0.7588287 0.7588287 0.7704236 0.5968239 0.6042574 0.8310757 0.9932330 0.7903931 0.7981183 0.6682380 0.7605604 0.8142323 0.6615195 0.4726827 0.7383795 0.9285291 0.6448065 0.9228315 0.8196048 0.8019059 0.8848125 0.9874127 0.7716400 0.8668424 0.8288036 0.8709922 1.0189287 1.0299857 1.0800859 1.0011241 0.9398451 0.9577285 1.0181843 1.0673910 1.0181843 1.0673910 0.9217013 0.9217013 0.9876794 0.9876794 0.9579223 1.1584949 0.9410918 0.9410918 1.0681653 3.6528608 1.1775897 1.0297516 1.1426878 1.1426878 1.3921424 0.7316607 0.9536716 1.1190343 1.1004871 0.8159632 1.1302257 1.0585693 1.0084414 0.9526621 0.9778426 1.1702047 0.8487313 1.4823156 1.5198790 1.4624308 1.7216083 2.6131849 2.2347339 2.9743768 
Aque_Aqu2.1.37818_001                                   0.4589633 0.5380950 0.5087621 0.6001137 0.2891947 0.5613064 0.4621668 0.6992714 0.0000000 0.3860653 0.6424586 0.4584210 0.5140471 0.6741229 0.6627429 0.6994316 0.5583707 0.5787945 0.6845593 0.5764630 0.7535600 0.8277385 0.4927169 0.6671122 0.6119329 0.6304192 0.4763215 0.4859580 0.6437917 0.5233825 0.4966696 0.5321985 0.5321985 0.4261651 0.4463912 0.5712038 0.5712038 0.6170841 0.6159420 0.6219821 0.8167203 0.6867621 0.7622598 0.6872268 0.5612933 0.7582303 0.6659045 0.6988946 0.7592640 0.5802132 0.8107011 0.6882732 0.5936405 0.5421788 0.5832500 0.6380812 0.7181901 0.8524718 0.6679613 0.9192485 0.9572258 0.8521014 1.0068195 0.6555539 0.6500797 0.6904303 0.8658313 0.7936646 0.8455847 0.7936646 0.8455847 0.7065551 0.7065551 0.8987972 0.8987972 0.8377073 0.9838993 0.8628588 0.8628588 0.9367776 2.3265762 0.9887912 0.8198519 0.9160415 0.9160415 1.0975010 0.9938194 0.9336124 1.0899563 1.1513451 0.7853068 0.9408502 0.7697152 0.9213126 0.8588356 0.8296396 0.9872406 0.8089430 1.1384032 1.2250906 1.3727766 1.7781420 2.2261292 0.9817999 1.7859331 
Halamb_c30483_g1_i1m.6283                               0.3677422 0.4035265 0.4942171 0.5839119 0.1283560 0.5707408 0.4363665 0.5876374 0.3860653 0.0000000 0.6303744 0.1414862 0.1746400 0.6604898 0.5416118 0.6617838 0.5952799 0.3437921 0.4593379 0.0000010 0.5899474 0.5554897 0.5306549 0.6308424 0.6581853 0.5456242 0.0000010 0.3907833 0.7085435 0.4416049 0.3450136 0.5661852 0.5661852 0.4238333 0.4084783 0.4420694 0.4420694 0.6085455 0.3739729 0.3828951 0.6825371 0.6280026 0.6872856 0.5061523 0.4756491 0.7829786 0.5507685 0.5767818 0.7064147 0.5412290 0.5509633 0.5515657 0.7150289 0.5088001 0.6971443 0.6559040 0.6483535 0.9250903 0.7979610 0.8497902 0.8734671 0.6851350 0.9118859 0.7089964 0.6725863 0.6598223 0.8210090 0.7350919 0.7350919 0.7350919 0.7350919 0.6539969 0.6539969 0.7838178 0.7838178 0.8828982 0.8719745 0.6667672 0.6667672 0.7596343 2.3685601 0.7936896 0.6577222 0.9648618 0.9648618 0.9991811 0.5030276 0.6759807 0.9807525 1.0707211 0.6206785 0.9817035 0.8028113 0.8583254 0.4295845 0.5579228 0.7451887 0.9199727 1.1845692 0.8896064 1.5918335 1.3465990 1.8137540 1.2535844 1.4439082 
Cscu_XM_023359606.1                                     0.7542292 0.6313909 0.5919614 0.5903068 0.3229607 0.6110685 0.5651626 0.7649394 0.6424586 0.6303744 0.0000000 0.2632312 0.2988490 0.4374309 0.7080551 0.5518113 0.6566049 0.6237363 0.6816516 0.4796858 0.7953407 0.8508108 0.6504405 0.8748447 0.8452780 0.8116322 0.5250896 0.5436634 0.8048150 0.6157846 0.5867363 0.7197232 0.7197232 0.6513970 0.6613259 0.7291819 0.7291819 0.6056879 0.6442732 0.6567803 0.7421451 0.5159091 0.6464388 0.8597647 0.6542043 0.8634832 0.7111846 0.7799386 0.8077457 0.7487350 0.9346975 0.8238640 0.7996664 0.6938998 0.8131388 0.7493087 0.8853506 0.8337373 0.6474425 0.9224806 0.9771652 0.9631749 0.8901615 0.9011202 0.8432581 0.6961718 0.8055942 0.9512617 0.9989503 0.9512617 0.9989503 0.8254043 0.8254043 0.9966103 0.9966103 0.8710984 1.0206843 0.9472211 0.9472211 0.9381872 2.7655534 1.1037049 1.0405640 1.0701969 1.0701969 1.3426710 0.9671775 1.1494665 1.3054853 1.4173084 0.9419849 1.2239132 1.0152626 1.1297063 0.7498928 1.2202331 1.1237223 0.9499825 1.3711498 1.8272409 1.5549292 2.2515333 2.6264738 1.0825668 1.3418440 
Nvec_v1g191841                                          0.3111943 0.4618885 0.3794114 0.4210494 0.4023692 0.4558352 0.3325466 0.3536027 0.4584210 0.1414862 0.2632312 0.0000000 0.4703640 0.3134424 0.3202574 0.3191283 0.4087473 0.5175380 0.5042410 0.5049617 0.4805946 0.5101009 0.3480874 0.4261650 0.3691301 0.4371528 0.6128371 0.5748392 0.5517740 0.4105662 0.3996574 0.3315263 0.3315263 0.3883353 0.3714123 0.3467118 0.3467118 0.3523635 0.5588872 0.5588872 0.4369379 0.4487479 0.5086235 0.3706114 0.5310334 0.6065606 0.5980699 0.2480857 0.3484007 0.3977098 0.5111418 0.0670150 0.5777698 0.4748790 0.4299234 0.6163653 0.6799525 0.4056285 0.4172470 0.4414744 0.4414744 0.5655039 0.6709467 0.4528406 0.5507478 0.4618723 0.4857196 0.5290845 0.5290845 0.5290845 0.5290845 0.4925785 0.4925785 0.5804371 0.5804371 0.4350521 0.6345761 0.5598681 0.5598681 0.5386262 3.6550764 0.6288238 0.6211209 0.6639474 0.6639474 0.8026115 0.8112621 0.9090533 1.0080223 0.9765554 0.6566420 0.6566420 0.6415997 0.5103067 0.7474072 0.5325953 0.9579467 0.5982241 0.8532860 1.3757810 0.8465830 2.2079376 9.0000000 0.0000010 0.0000010 
Lcom_lcpid150752                                        0.4141224 0.5176406 0.4292949 0.4369137 0.3846373 0.5444371 0.5503815 0.4213960 0.5140471 0.1746400 0.2988490 0.4703640 0.0000000 0.3313946 0.3788165 0.3721116 0.3690223 0.5740123 0.5382027 0.8218262 0.5851291 0.6800670 0.4075236 0.5152202 0.5437788 0.5560578 0.7855613 0.6546511 0.6851179 0.6639035 0.5893174 0.5091547 0.5091547 0.4627614 0.4638190 0.5708968 0.5708968 0.4181310 0.6080652 0.6080652 0.5569851 0.3453939 0.4981758 0.4303294 0.4686039 0.6225466 0.7120203 0.2968906 0.4536856 0.5590516 0.6048335 0.1131748 0.6686369 0.4906163 0.5231772 0.6507653 0.6330065 0.3929611 0.3820756 0.4967403 0.4967403 0.6633974 0.8384041 0.6081147 0.7411633 0.5526454 0.7641833 0.4697072 0.4697072 0.4697072 0.4697072 0.3325450 0.3325450 0.3621934 0.3621934 0.3493774 0.5298394 0.4107306 0.4107306 0.5409140 6.5014507 0.6470897 0.5794212 0.5606743 0.5606743 0.7827073 0.9453214 1.0291027 1.2596673 1.2427391 0.8015353 0.8015353 0.6338979 0.4731164 1.0205959 0.5764134 0.8705345 0.6315048 1.1676406 1.1009478 1.3417933 1.7172587 8.9999981 0.0000010 0.0000010 
Tcas_TC014505_001                                       0.7183408 0.6099487 0.5843884 0.6188930 0.3134938 0.5780702 0.6187159 0.7831204 0.6741229 0.6604898 0.4374309 0.3134424 0.3313946 0.0000000 0.6183521 0.6082890 0.5328010 0.6597313 0.7343234 0.6401695 0.7979085 1.0408056 0.5900035 0.7150576 0.6984126 0.6968064 0.5487800 0.5379019 0.8413484 0.6860643 0.6561055 0.7077452 0.7077452 0.5663922 0.5784513 0.6581027 0.6581027 0.6048991 0.6915560 0.6928027 0.7041141 0.3583565 0.6100998 0.7854205 0.7249690 0.8815428 0.7573662 0.6655979 0.8968825 0.7209844 0.7938260 0.6021679 0.6901911 0.6806377 0.9161935 0.8076418 0.9186853 0.7269167 0.6121520 0.8992507 0.9127676 0.9569410 0.8758962 0.9076741 0.9551665 0.5840320 0.6306338 0.8299810 0.8743145 0.8299810 0.8743145 0.8452548 0.8452548 0.9487009 0.9487009 0.7668459 0.9372943 0.8361738 0.8361738 0.8607697 2.3648999 1.0439669 0.9967848 0.8468384 0.8468384 1.0050460 0.9895530 1.1293535 1.2666305 1.3127476 0.9799378 1.1648972 0.9760082 0.9828188 0.7834490 1.0848425 0.9984216 1.0409150 1.5080170 1.6551205 1.4019177 1.8434256 2.1095436 1.2106059 1.5411870 
Clacor_Ccor_C525545_01                                  0.6167674 0.5392429 0.5807670 0.5627290 0.3148762 0.5283005 0.5581456 0.5551136 0.6627429 0.5416118 0.7080551 0.3202574 0.3788165 0.6183521 0.0000000 0.6450817 0.4960482 0.5881944 0.5806972 0.6262599 0.6892927 0.9385543 0.6369680 0.7264856 0.6959441 0.7343318 0.6358212 0.5893334 0.7176615 0.5261087 0.5169181 0.5635595 0.5635595 0.4282846 0.4362174 0.5321081 0.5321081 0.5237903 0.6472478 0.6598661 0.6655668 0.6876190 0.7288425 0.6455045 0.5443018 0.6471319 0.6857157 0.5594669 0.7377822 0.6693409 0.6996272 0.3977346 0.8495211 0.5345955 0.6781268 0.6713425 0.7757325 0.7022759 0.5791353 0.8040171 0.8415709 0.8398710 1.0279021 0.8659594 0.7934518 0.6599685 0.8374475 0.8015123 0.8580220 0.8015123 0.8580220 0.6868155 0.6868155 0.8115474 0.8115474 0.7847639 0.9029575 0.8337188 0.8337188 0.8258106 1.9725801 0.9950732 0.8829891 1.0466220 1.0466220 1.2519060 0.6903204 0.7893123 1.1341052 1.0645162 0.6776017 0.7877942 0.8377795 0.9624807 0.8020086 0.8423729 0.9795286 0.9015096 1.2532140 1.0924155 1.1840944 1.7970056 1.7326037 1.2501583 1.7890423 
Acagra_model.g9542.t1                                   0.7972218 0.7044777 0.7113278 0.6551760 0.4308071 0.6001902 0.6343883 0.8036168 0.6994316 0.6617838 0.5518113 0.3191283 0.3721116 0.6082890 0.6450817 0.0000000 0.5611021 0.6453938 0.8469759 0.7003383 0.8232289 0.9396321 0.6580616 0.7677002 0.7872975 0.7704409 0.6049112 0.6000616 0.8544736 0.6446872 0.6156522 0.6866585 0.6866585 0.6683555 0.6870776 0.7219255 0.7219255 0.4997056 0.7231472 0.7300933 0.7483142 0.6684961 0.6530868 0.7522129 0.6103738 0.7931845 0.8328841 0.7703547 0.8268923 0.7905134 0.8490675 0.8254970 0.8367472 0.8327671 0.9872279 1.0507686 1.1659712 0.5755824 0.8181692 0.7637544 0.8140862 0.8558490 0.9908075 0.9279970 0.8979457 0.7012582 0.9150564 0.9335941 0.9692221 0.9335941 0.9692221 0.9639339 0.9639339 1.1343326 1.1343326 1.0487416 1.1995271 0.9717712 0.9717712 0.9453246 2.5515092 1.2789533 1.0248509 1.2075538 1.2075538 1.3427723 0.9313105 0.9980923 1.4057780 1.3712216 0.9146537 1.0299592 0.9009125 1.3543260 0.9230288 0.8613320 0.9947261 0.9487933 1.2097208 1.3803101 1.2831910 2.0159036 1.8690695 1.2233736 1.4819802 
Hsap_ENST00000300026                                    0.7825688 0.6580275 0.6993726 0.5414616 0.2941084 0.5482405 0.6150313 0.6962691 0.5583707 0.5952799 0.6566049 0.4087473 0.3690223 0.5328010 0.4960482 0.5611021 0.0000000 0.5776944 0.6352891 0.5953806 0.7531891 1.0898499 0.5496456 0.5512211 0.5405600 0.5772552 0.4153704 0.4694523 0.6162434 0.6021913 0.5498996 0.6099300 0.6099300 0.5438374 0.5616076 0.6637304 0.6637304 0.6160927 0.6483197 0.6546109 0.7534165 0.6513567 0.7022836 0.7383627 0.6283556 0.7730408 0.6674283 0.6705474 0.9010173 0.7584979 0.6607779 0.6075765 0.8137170 0.7110590 0.8918356 0.7449374 0.8473392 0.8644270 0.7904887 0.8478010 0.8866257 0.8713635 0.7623879 0.9443960 0.8238614 0.6436400 0.8036229 0.7132072 0.7917362 0.7132072 0.7917362 0.6730824 0.6730824 0.8687607 0.8687607 0.6894491 0.8316790 0.7719784 0.7719784 0.7703589 2.0204232 0.9336290 0.8897607 1.0757888 1.0757888 1.2722629 0.8571180 0.9672317 1.2167205 1.2132975 0.7582203 1.0212622 0.9102740 1.0398937 0.8591514 0.7203510 0.7317053 1.0662021 1.2505454 1.5527832 1.2930632 1.8486083 1.5624892 1.2365621 2.1661359 
Morvir_scaffold365.g13.t1                               0.5648246 0.3860653 0.3776501 0.5815103 0.4521816 0.5974723 0.5757389 0.6321709 0.5787945 0.3437921 0.6237363 0.5175380 0.5740123 0.6597313 0.5881944 0.6453938 0.5776944 0.0000000 0.4847727 0.3318759 0.4810136 0.3238907 0.4340754 0.4438459 0.4868145 0.4391767 0.4685577 0.4495964 0.6958918 0.6985707 0.6211770 0.5413296 0.5413296 0.5847005 0.6319621 0.5077967 0.5077967 0.6495264 0.6168385 0.6192398 0.6064699 0.7718963 0.5828514 0.6523138 0.6818586 0.7675573 0.5383444 0.3444284 0.6410673 0.6541048 0.6027769 0.3859173 0.5876772 0.5593521 0.5643875 0.6313107 0.6562975 0.7382209 0.7230430 0.6647505 0.6647505 0.5942861 0.7583442 0.6253287 0.6249039 0.8044306 0.8948985 0.7815619 0.7815619 0.7815619 0.7815619 0.6777508 0.6777508 0.7949285 0.7949285 0.7249509 0.8444052 0.6862447 0.6862447 0.8111323 1.9910946 0.6384583 0.6865503 0.8172118 0.8172118 0.9352027 0.6356746 0.6569172 0.8291795 0.8221414 0.9560654 0.8952783 0.9896168 0.8404265 0.9216061 0.5027323 0.8568906 0.9561164 1.1058166 0.9842345 1.3559394 1.4062226 1.1820465 0.9117212 1.7118464 
Rhoesc_Res_009374-T1                                    0.6328487 0.5907828 0.6902049 0.6791162 0.4361362 0.7005254 0.6644677 0.8166232 0.6845593 0.4593379 0.6816516 0.5042410 0.5382027 0.7343234 0.5806972 0.8469759 0.6352891 0.4847727 0.0000000 0.3193107 0.5390332 0.6224801 0.7210201 0.6062000 0.5935906 0.5802753 0.3727791 0.4530581 0.5492762 0.7220772 0.6330756 0.7918507 0.7918507 0.7014205 0.6898637 0.7906051 0.7906051 0.8082204 0.6070774 0.6195512 0.8810372 0.7329524 0.6670568 0.8292547 0.6758713 0.8769268 0.8239990 0.5732437 0.9173091 0.7260032 0.6029995 0.6745324 0.6483049 0.7408867 0.7697044 0.6053827 0.6215524 0.8736321 0.8220988 1.0196255 1.0392844 0.9625351 0.8759305 0.8176629 0.7885429 0.8189822 1.0398810 0.8962089 0.8962089 0.8962089 0.8962089 0.8917368 0.8917368 0.9718043 0.9718043 0.9212488 1.0468746 1.0233088 1.0233088 1.0612206 2.1617798 0.9489472 0.9787808 0.9397442 0.9397442 1.2377824 0.6458205 0.8346412 1.0610731 0.9958655 0.8210495 1.0501598 0.9335500 0.6041487 0.7161891 0.5530788 1.0786124 1.1447276 1.3976498 1.5820829 1.6623416 2.1048401 2.2734595 1.3166597 1.8684811 
Nvec_v1g215109                                          0.4182154 0.3569448 0.2985194 0.4750704 0.5251697 0.5763342 0.5109524 0.5620437 0.5764630 0.0000010 0.4796858 0.5049617 0.8218262 0.6401695 0.6262599 0.7003383 0.5953806 0.3318759 0.3193107 0.0000000 0.1368868 0.2729878 0.4939899 0.3067493 0.2998053 0.3575712 0.4223632 0.3705022 0.3665955 0.6749181 0.6728697 0.5055803 0.5055803 0.5955563 0.5907554 0.7490611 0.7490611 0.5457499 0.6696926 0.6696926 0.7488508 0.7453780 0.3881983 0.6826919 0.7932390 0.6253133 0.7107107 0.1426454 0.5507556 0.5197564 0.4419561 0.0498087 0.4691540 0.6243540 0.5460585 0.7130031 0.7927121 0.6632272 0.6679505 0.7424299 0.7424299 0.6113392 0.6113392 0.5543009 0.6273307 0.7924339 0.7763371 0.7378403 0.7378403 0.7378403 0.7378403 0.7290111 0.7290111 0.8989470 0.8989470 0.5525195 0.8007852 0.8618465 0.8618465 1.0235103 3.3079122 0.6563962 1.0919265 0.8733580 0.8733580 1.3463166 0.6027872 0.7142820 0.7904577 0.6729209 0.8501444 0.8501444 0.7594060 0.3951096 0.9653654 0.5904421 1.2058511 0.8377924 0.8182525 3.1823825 1.1710203 8.9999988 0.0000010 0.0000010 0.0000010 
Exapal_XM_021049126.2                                   0.7567516 0.5807132 0.6798391 0.5746783 0.4524655 0.5717680 0.5975573 0.8746461 0.7535600 0.5899474 0.7953407 0.4805946 0.5851291 0.7979085 0.6892927 0.8232289 0.7531891 0.4810136 0.5390332 0.1368868 0.0000000 0.7581667 0.6808843 0.4817257 0.4933348 0.5294574 0.3970291 0.4142662 0.6743884 0.6223929 0.5803561 0.4989051 0.4989051 0.5043814 0.5133528 0.6044556 0.6044556 0.6862188 0.6144202 0.6271554 0.9216196 0.8306647 0.6483391 0.7810632 0.7243720 0.8731982 0.7928282 0.6279748 0.7503081 0.6895473 0.6546628 0.7965568 0.6849666 0.7676831 0.8952893 0.7619602 0.9251807 0.8132115 0.9413173 0.8309779 0.8494787 0.8148132 0.8973944 0.7690847 0.6985377 0.8076888 0.9649130 0.9339735 1.0448382 0.9339735 1.0448382 0.9495353 0.9495353 1.1842420 1.1842420 1.1585265 1.3332362 1.1857158 1.1857158 1.0370393 3.1328042 1.1945949 1.1483838 1.2889702 1.2889702 1.5981301 0.6901727 0.8577960 0.9542985 0.8974797 0.8033070 0.9039136 0.9112236 0.8830396 0.8105057 0.8586431 1.1326923 0.9896421 1.1115540 1.3083786 1.5310283 1.8309014 1.4403832 1.5912232 2.0696694 
Morvir_scaffold365.g10.t1                               0.9182919 0.6322367 0.7482888 0.7098703 0.5020948 0.7671783 0.8320209 0.9471947 0.8277385 0.5554897 0.8508108 0.5101009 0.6800670 1.0408056 0.9385543 0.9396321 1.0898499 0.3238907 0.6224801 0.2729878 0.7581667 0.0000000 0.7036564 0.8268472 0.8194935 0.8398999 0.4961958 0.5645666 0.6964555 0.7311829 0.6733068 0.8162653 0.8162653 0.7637154 0.8074062 0.8634876 0.8634876 1.0161439 0.6095820 0.6119598 1.2017278 1.1594960 0.9999117 1.1375921 0.7961252 1.0008098 0.9052645 0.7128106 0.9774891 0.8229573 0.8428309 0.9716695 0.8305695 0.8197850 0.9233338 0.9206573 0.9988182 1.1842341 1.0833335 0.9217670 0.9483100 0.9131704 0.9461689 0.8589678 0.7537775 1.1906613 1.3016306 1.3293817 1.4280759 1.3293817 1.4280759 1.1920069 1.1920069 1.4579003 1.4579003 1.3007973 1.4723480 1.3508488 1.3508488 1.3834998 4.3243395 1.1685972 1.2357006 1.5443497 1.5443497 1.8374544 0.8836450 0.9969353 1.0824720 1.0960302 0.8066278 1.0112961 1.3311392 1.0493198 0.7816391 0.8874121 1.2983333 1.1535779 1.5893972 1.5238607 1.7940931 2.2894533 2.4193968 2.2294878 3.1930970 
Clacor_Ccor_scaffold8812_01                             0.6163073 0.4780992 0.5204997 0.5714120 0.3082279 0.5718242 0.6016875 0.6297062 0.4927169 0.5306549 0.6504405 0.3480874 0.4075236 0.5900035 0.6369680 0.6580616 0.5496456 0.4340754 0.7210201 0.4939899 0.6808843 0.7036564 0.0000000 0.6361168 0.6160758 0.6002679 0.4334826 0.4366888 0.6964030 0.5718413 0.5323394 0.6726787 0.6726787 0.6153470 0.6135101 0.5955611 0.5955611 0.6331375 0.6334450 0.6415423 0.5706403 0.7366726 0.6464492 0.5940123 0.5435734 0.6835618 0.5756479 0.4266839 0.7522218 0.7082189 0.7087231 0.6738127 0.6955802 0.7153250 0.7547623 0.8887438 0.9512763 0.7322164 0.6548848 0.6039062 0.6368363 0.8621393 0.9159519 0.7977569 0.7659194 0.7311513 0.9557635 0.8970458 0.9119870 0.8970458 0.9119870 0.7816495 0.7816495 0.9110595 0.9110595 0.8785912 0.9816531 0.7730799 0.7730799 0.8419943 3.5022169 1.0263809 0.9417265 0.9121173 0.9121173 1.1943478 0.8088052 0.9206222 1.2040494 1.1378695 0.7859167 0.9922352 0.9154198 1.1137541 0.9055266 0.7620871 1.0267160 0.8156329 1.2726445 1.4254226 1.5874554 2.1006560 1.5979586 1.4680996 1.9928231 
Spis_XP_022784085_1                                     0.8386540 0.5967757 0.6113562 0.5806020 0.4069427 0.5808753 0.6716769 0.8564250 0.6671122 0.6308424 0.8748447 0.4261650 0.5152202 0.7150576 0.7264856 0.7677002 0.5512211 0.4438459 0.6062000 0.3067493 0.4817257 0.8268472 0.6361168 0.0000000 0.0878248 0.1430217 0.2808514 0.2374736 0.4530803 0.6296063 0.5442985 0.6467751 0.6467751 0.6101357 0.6554981 0.6393837 0.6393837 0.6724738 0.6353274 0.6484565 0.7607139 0.8381212 0.6359301 0.6399781 0.7655667 0.9796122 0.7474600 0.6111093 0.9772955 0.7451962 0.6332398 0.6171454 0.6963394 0.7270430 0.8577784 0.7650172 0.8914029 0.9115510 0.8858440 0.9485076 0.9680887 0.7913282 0.7154642 0.8829151 0.7988049 0.7930390 0.8970972 0.8329159 0.8946281 0.8329159 0.8946281 0.8851119 0.8851119 1.0153926 1.0153926 0.9379794 1.0937134 0.9392360 0.9392360 0.9965496 2.2760007 0.9274782 0.9825599 1.1178372 1.1178372 1.2546549 0.7463960 0.8242655 1.1420176 1.0506892 0.9883793 1.1262862 0.8710776 0.8517793 0.7921509 0.8142389 1.0261770 0.9633967 1.2376524 1.3754339 1.3724463 1.8370338 1.2264254 1.4202110 2.3905619 
Pocdam_XM_027189264.1                                   0.8569106 0.5893047 0.6450202 0.6056665 0.3653497 0.5982896 0.6494928 0.8682706 0.6119329 0.6581853 0.8452780 0.3691301 0.5437788 0.6984126 0.6959441 0.7872975 0.5405600 0.4868145 0.5935906 0.2998053 0.4933348 0.8194935 0.6160758 0.0878248 0.0000000 0.1736587 0.2229914 0.2563897 0.3744316 0.6155690 0.5614330 0.6741245 0.6741245 0.5969356 0.6221653 0.6634467 0.6634467 0.6616977 0.6370892 0.6498653 0.7833173 0.8438319 0.6393059 0.6289760 0.7995970 0.9349040 0.7175644 0.6544460 0.9771715 0.6644374 0.6243028 0.6754391 0.7047296 0.7482618 0.8452118 0.7141818 0.8213010 0.8251311 0.8704486 0.8973425 0.9169161 0.7485752 0.6503632 0.8937237 0.7971784 0.7216287 0.9116246 0.8714435 0.9332490 0.8714435 0.9332490 0.9149499 0.9149499 1.0603756 1.0603756 0.9455388 1.1117787 0.9550363 0.9550363 1.0165039 2.2923779 0.9758738 1.0014335 1.1470206 1.1470206 1.2853648 0.7593497 0.8226132 1.1293739 1.0681875 0.9441271 1.0612798 0.8766423 0.8447302 0.7121070 0.8372098 0.9980970 1.0410437 1.3021766 1.3693060 1.3401236 1.9103267 1.3151290 1.4970062 2.4686473 
Fspp_ffun1.m4.18856.m1                                  0.6904387 0.5377597 0.5534908 0.5555156 0.3748522 0.6081815 0.5890638 0.8768696 0.6304192 0.5456242 0.8116322 0.4371528 0.5560578 0.6968064 0.7343318 0.7704409 0.5772552 0.4391767 0.5802753 0.3575712 0.5294574 0.8398999 0.6002679 0.1430217 0.1736587 0.0000000 0.1923370 0.2475340 0.4761514 0.6273268 0.5730117 0.6346501 0.6346501 0.6206606 0.6260423 0.5944907 0.5944907 0.6841600 0.5810624 0.5936539 0.7375815 0.8648757 0.6479507 0.6347248 0.7249057 0.9208835 0.7148123 0.6201025 0.9746285 0.6575867 0.6296639 0.6084764 0.6768080 0.6572094 0.7890953 0.7166845 0.8502959 0.7879648 0.8508598 0.9078961 0.9273328 0.7700975 0.7166970 0.8443047 0.8099679 0.6614598 0.8426077 0.7544596 0.8028315 0.7544596 0.8028315 0.8138927 0.8138927 0.9611539 0.9611539 0.8653827 1.0166059 0.8565996 0.8565996 0.9364495 2.0220794 0.8659178 0.8740300 1.0428211 1.0428211 1.1989903 0.7603337 0.8064203 1.1508851 1.0497922 0.9415034 1.1502105 0.9300476 0.8644735 0.7828974 0.8588901 1.0157637 1.0015389 1.2705722 1.4207067 1.3840831 1.7679633 1.2888536 1.2818507 2.0618253 
Gasp_gasp1.m3.27602.m1                                  0.6349353 0.3592076 0.3361353 0.6219109 0.5533579 0.6411033 0.5280879 0.6680331 0.4763215 0.0000010 0.5250896 0.6128371 0.7855613 0.5487800 0.6358212 0.6049112 0.4153704 0.4685577 0.3727791 0.4223632 0.3970291 0.4961958 0.4334826 0.2808514 0.2229914 0.1923370 0.0000000 0.2887617 0.2134118 0.5917800 0.5902729 0.6076155 0.6076155 0.7054681 0.5847329 0.5821674 0.5821674 0.6836301 0.6946967 0.6946967 0.4261160 0.6649449 0.5149988 0.6596591 0.7726692 0.7352224 0.5314679 0.1583013 0.6803325 0.6098519 0.5156847 0.0607308 0.3858353 0.5518515 0.5143085 0.5893426 0.6909353 0.6563585 0.7907958 0.7707691 0.7707691 0.6144613 0.6144613 0.6078248 0.7574735 0.7385043 0.6984253 0.7655354 0.7655354 0.7655354 0.7655354 0.6888526 0.6888526 0.8149467 0.8149467 0.5731698 0.8247065 0.9602784 0.9602784 1.0600768 3.3782392 0.6838137 0.9762831 0.8707415 0.8707415 1.1212261 0.8537833 0.8270386 1.1068680 0.8349663 1.1762378 1.1762378 0.6524467 0.3766794 0.8254943 0.6873388 1.2737089 0.7711456 1.0405019 3.1724147 1.1815016 8.9999986 0.0000010 0.0000010 0.0000010 
Adig_XM_015918760.1                                     0.6712538 0.3928874 0.4555410 0.6501451 0.4894945 0.6850724 0.6454740 0.6251285 0.4859580 0.3907833 0.5436634 0.5748392 0.6546511 0.5379019 0.5893334 0.6000616 0.4694523 0.4495964 0.4530581 0.3705022 0.4142662 0.5645666 0.4366888 0.2374736 0.2563897 0.2475340 0.2887617 0.0000000 0.2856700 0.8375258 0.7330240 0.6335061 0.6335061 0.6360749 0.6506292 0.5775566 0.5775566 0.5458822 0.7200588 0.7200588 0.5280039 0.6554411 0.4627763 0.7213764 0.7895042 0.7896871 0.5402924 0.3447667 0.7029061 0.6746335 0.5911878 0.2995192 0.5500143 0.5874563 0.6156970 0.6044699 0.6872659 0.7077738 0.7363270 0.7781953 0.7913129 0.7700931 0.6543052 0.6891400 0.7643462 0.7506174 0.7640171 0.7418003 0.7418003 0.7418003 0.7418003 0.6658973 0.6658973 0.8108632 0.8108632 0.6223501 0.8149228 0.7756235 0.7756235 0.9225500 2.2171868 0.7258625 0.8344989 0.8035131 0.8035131 1.0151637 0.8115348 0.7411788 1.2274916 0.9859852 1.1363705 1.2130494 0.7251164 0.4571021 0.9591559 0.6561158 1.2431250 0.7224630 1.1649212 2.5355242 1.2078129 6.9012792 3.6070296 1.9547493 2.1679777 
Gfas_gfas1.m1.17690.m1                                  0.9138831 0.5932787 0.5601458 0.8463011 0.6396568 0.8830053 0.8457535 0.8388843 0.6437917 0.7085435 0.8048150 0.5517740 0.6851179 0.8413484 0.7176615 0.8544736 0.6162434 0.6958918 0.5492762 0.3665955 0.6743884 0.6964555 0.6964030 0.4530803 0.3744316 0.4761514 0.2134118 0.2856700 0.0000000 0.8873444 0.9421969 0.8188429 0.8188429 0.8133911 0.8051648 0.7787896 0.7787896 0.9042377 0.9204067 0.9322863 0.7288012 0.9723086 0.7002527 0.9798995 1.0089923 1.0898126 0.8445369 0.6962460 0.9494191 0.9331611 0.7375360 0.6208371 0.7196371 0.9396594 0.7234054 0.8109587 0.8365557 0.9097654 0.9994573 1.0859984 1.0859984 0.7554009 0.6660399 0.9073735 0.9562448 0.9431980 1.0593909 1.0476973 1.0476973 1.0476973 1.0476973 0.8604355 0.8604355 1.0202564 1.0202564 0.8994462 1.0759145 1.0684200 1.0684200 1.2550992 3.2107613 0.9163276 1.0071398 1.0582968 1.0582968 1.2482860 0.9787692 1.0052536 1.3891008 1.2079553 1.3247032 1.3102736 1.0678652 0.5485514 0.9407925 1.0390047 1.4743361 1.0166351 1.4525429 2.1693356 1.7047578 4.3193104 8.9999984 7.7939659 8.9999984 
Hhon_g04101.t1                                          0.4929281 0.5766303 0.5978975 0.6313385 0.5254471 0.5676312 0.4473682 0.6706479 0.5233825 0.4416049 0.6157846 0.4105662 0.6639035 0.6860643 0.5261087 0.6446872 0.6021913 0.6985707 0.7220772 0.6749181 0.6223929 0.7311829 0.5718413 0.6296063 0.6155690 0.6273268 0.5917800 0.8375258 0.8873444 0.0000000 0.0825609 0.3069738 0.3069738 0.3508892 0.3657390 0.4770555 0.4770555 0.7100128 0.5371202 0.5489712 0.6467535 0.6957614 0.8524810 0.6732826 0.7508682 0.6627538 0.7581145 0.5464416 0.6819325 0.7004574 0.7954584 0.5378798 0.7306439 0.6390731 0.6921502 0.7895848 0.7995369 0.7726658 0.8186415 0.6458172 0.6458172 0.6451894 0.7925978 0.6525322 0.6958459 0.7606624 0.9301233 0.7560257 0.7560257 0.7560257 0.7560257 0.7455578 0.7455578 0.9010913 0.9010913 0.7666293 0.8609620 0.7434949 0.7434949 0.8146613 1.6879971 0.8964797 0.7693536 1.0750739 1.0750739 1.1350840 0.8749516 0.9896208 1.1300205 1.1358939 0.8798609 0.7486834 0.9591423 0.9272708 0.9135886 0.6685445 0.9586158 0.9617851 1.0183754 1.0563235 1.1210857 1.3103432 1.1632351 1.0038676 1.0986114 
HoiH04_mRNA17120                                        0.4652944 0.5721377 0.6090355 0.6236682 0.4829209 0.5908989 0.4372409 0.6380397 0.4966696 0.3450136 0.5867363 0.3996574 0.5893174 0.6561055 0.5169181 0.6156522 0.5498996 0.6211770 0.6330756 0.6728697 0.5803561 0.6733068 0.5323394 0.5442985 0.5614330 0.5730117 0.5902729 0.7330240 0.9421969 0.0825609 0.0000000 0.2721283 0.2721283 0.3352576 0.3503290 0.4613653 0.4613653 0.6807205 0.5120630 0.5240138 0.5800552 0.6333254 0.7902988 0.6241843 0.7264839 0.6557978 0.6925840 0.4314523 0.6485923 0.6707210 0.7495617 0.4656655 0.6986981 0.6083600 0.6623554 0.7106831 0.7198785 0.7418827 0.7877721 0.6290795 0.6290795 0.6332248 0.8188405 0.6201500 0.6629705 0.7262951 0.9146166 0.6859969 0.6859969 0.6859969 0.6859969 0.6923170 0.6923170 0.8272699 0.8272699 0.6831094 0.7782316 0.6651338 0.6651338 0.7402164 1.5968193 0.8200186 0.7203927 0.9419099 0.9419099 0.9971055 0.8903584 1.0092732 1.2044713 1.2106962 0.9186256 0.7742722 0.9049720 0.8241772 0.9259052 0.5862045 0.8579581 0.9200863 1.0234103 0.9834156 1.1568045 1.2755181 1.1534691 0.9185949 1.0986114 
Hhon_g04102.t1                                          0.5768467 0.6113760 0.6517564 0.6230531 0.4154336 0.6192664 0.4637699 0.8224694 0.5321985 0.5661852 0.7197232 0.3315263 0.5091547 0.7077452 0.5635595 0.6866585 0.6099300 0.5413296 0.7918507 0.5055803 0.4989051 0.8162653 0.6726787 0.6467751 0.6741245 0.6346501 0.6076155 0.6335061 0.8188429 0.3069738 0.2721283 0.0000000 0.0000010 0.2334209 0.2103661 0.3584963 0.3584963 0.6454636 0.5003379 0.5118793 0.6495694 0.7514743 0.6299344 0.6101157 0.6966060 0.7988715 0.6888345 0.5602082 0.7109573 0.6851262 0.7092326 0.5434006 0.7087608 0.6317168 0.6555976 0.7296429 0.7670168 0.8391256 0.8121383 0.7447776 0.7790369 0.8394271 0.9423067 0.6462630 0.6395993 0.6450488 0.7988349 0.8286141 0.8286141 0.8286141 0.8286141 0.7211149 0.7211149 0.8682090 0.8682090 0.8724851 0.9904410 0.9034926 0.9034926 0.9066251 2.2394033 0.8628394 0.8358548 1.0714441 1.0714441 1.1610434 0.8856341 1.0110178 1.1306606 1.1084438 0.7403350 0.7775594 0.8307703 1.0557083 0.8948384 0.7602648 0.9658808 0.8909754 1.1318218 1.3200651 1.4023952 1.5455266 1.4517041 1.2209725 1.6561385 
HoiH04_mRNA17123                                        0.5768467 0.6113760 0.6517564 0.6230531 0.4154336 0.6192664 0.4637699 0.8224694 0.5321985 0.5661852 0.7197232 0.3315263 0.5091547 0.7077452 0.5635595 0.6866585 0.6099300 0.5413296 0.7918507 0.5055803 0.4989051 0.8162653 0.6726787 0.6467751 0.6741245 0.6346501 0.6076155 0.6335061 0.8188429 0.3069738 0.2721283 0.0000010 0.0000000 0.2334209 0.2103661 0.3584963 0.3584963 0.6454636 0.5003379 0.5118793 0.6495694 0.7514743 0.6299344 0.6101157 0.6966060 0.7988715 0.6888345 0.5602082 0.7109573 0.6851262 0.7092326 0.5434006 0.7087608 0.6317168 0.6555976 0.7296429 0.7670168 0.8391256 0.8121383 0.7447776 0.7790369 0.8394271 0.9423067 0.6462630 0.6395993 0.6450488 0.7988349 0.8286141 0.8286141 0.8286141 0.8286141 0.7211149 0.7211149 0.8682090 0.8682090 0.8724851 0.9904410 0.9034926 0.9034926 0.9066251 2.2394033 0.8628394 0.8358548 1.0714441 1.0714441 1.1610434 0.8856341 1.0110178 1.1306606 1.1084438 0.7403350 0.7775594 0.8307703 1.0557083 0.8948384 0.7602648 0.9658808 0.8909754 1.1318218 1.3200651 1.4023952 1.5455266 1.4517041 1.2209725 1.6561385 
HoiH23_PlH23_003030-RA                                  0.4740379 0.5662161 0.5828942 0.5236025 0.3809744 0.4983193 0.4044617 0.6590973 0.4261651 0.4238333 0.6513970 0.3883353 0.4627614 0.5663922 0.4282846 0.6683555 0.5438374 0.5847005 0.7014205 0.5955563 0.5043814 0.7637154 0.6153470 0.6101357 0.5969356 0.6206606 0.7054681 0.6360749 0.8133911 0.3508892 0.3352576 0.2334209 0.2334209 0.0000000 0.0658165 0.3534361 0.3534361 0.5992611 0.4870333 0.4985298 0.6267114 0.6980466 0.6938325 0.5444658 0.6574024 0.6860679 0.6034992 0.4688710 0.6776568 0.5732529 0.6586691 0.4626512 0.7055216 0.5564882 0.5245260 0.6316805 0.6654563 0.7611503 0.7535704 0.7731011 0.8071910 0.8082538 0.9420982 0.6712762 0.6744647 0.7038060 0.8266918 0.7725271 0.7725271 0.7725271 0.7725271 0.7157622 0.7157622 0.8406743 0.8406743 0.8347851 0.9491171 0.8084743 0.8084743 0.8349781 2.2638694 0.9534341 0.8641925 1.0386934 1.0386934 1.1693941 0.7605843 0.9206184 1.0509384 1.0500419 0.6897550 0.6750300 0.8465505 0.8684413 0.8351439 0.6003781 0.8590208 0.8046425 1.0935760 1.1539267 1.3646488 1.3552650 1.5004739 1.1316381 1.6258005 
HoiH06_mRNA4222                                         0.4861033 0.5690772 0.5829229 0.5534860 0.3524118 0.5159825 0.3852999 0.6672658 0.4463912 0.4084783 0.6613259 0.3714123 0.4638190 0.5784513 0.4362174 0.6870776 0.5616076 0.6319621 0.6898637 0.5907554 0.5133528 0.8074062 0.6135101 0.6554981 0.6221653 0.6260423 0.5847329 0.6506292 0.8051648 0.3657390 0.3503290 0.2103661 0.2103661 0.0658165 0.0000000 0.3796106 0.3796106 0.6345208 0.5304117 0.5420667 0.6063777 0.6846339 0.6701714 0.5265430 0.6421553 0.6792355 0.5694101 0.4687466 0.6600575 0.5525874 0.6756724 0.4492847 0.6992543 0.5529527 0.5541632 0.6257721 0.6720544 0.7458445 0.7533689 0.8001542 0.8346002 0.8559501 0.9804275 0.6516709 0.6845784 0.7467048 0.8567674 0.7646744 0.7646744 0.7646744 0.7646744 0.6764346 0.6764346 0.8365263 0.8365263 0.8225191 0.9314695 0.8224642 0.8224642 0.8237094 2.2639479 0.9434104 0.8803560 1.0176482 1.0176482 1.1890368 0.7829669 0.9153333 1.0679034 1.0882058 0.6892043 0.6747516 0.7957673 0.8706308 0.8105710 0.6364230 0.8677208 0.7832433 1.0746779 1.1872130 1.3792418 1.4058462 1.5648865 1.1752952 1.6853485 
TrH2_TrispH2_007284-RA                                  0.6400334 0.5411129 0.6055261 0.6407247 0.4315248 0.5767664 0.5840834 0.7588287 0.5712038 0.4420694 0.7291819 0.3467118 0.5708968 0.6581027 0.5321081 0.7219255 0.6637304 0.5077967 0.7906051 0.7490611 0.6044556 0.8634876 0.5955611 0.6393837 0.6634467 0.5944907 0.5821674 0.5775566 0.7787896 0.4770555 0.4613653 0.3584963 0.3584963 0.3534361 0.3796106 0.0000000 0.0000010 0.6891474 0.6115105 0.6158839 0.6771775 0.8228563 0.6915142 0.6337636 0.7167504 0.9054258 0.6850361 0.5727082 0.6921333 0.7320017 0.7903670 0.5715132 0.7129960 0.6427542 0.7164601 0.7303071 0.7804313 0.8021799 0.8053319 0.7739104 0.8057161 0.7197660 1.0097249 0.6791242 0.6032756 0.6854874 0.8137019 0.9084438 0.9084438 0.9084438 0.9084438 0.8535071 0.8535071 0.9100274 0.9100274 0.9633265 1.0431681 0.9827676 0.9827676 0.9603293 2.5397737 0.8908405 0.9013311 1.0784492 1.0784492 1.1479841 0.7756178 0.9326293 1.0895746 1.0565188 0.8876400 0.8911571 0.9276685 1.0511647 0.8908693 0.8154972 1.0633099 1.0042421 1.1512414 1.0136292 1.4129611 1.4134021 1.4957542 1.0296554 1.5281471 
