84
Stycar_maker-SC_scaffold2642-augustus-gene-0.44-mRNA-1  0.0000000 0.0748926 0.4503959 0.0000010 0.0000010 0.3718521 0.5748054 0.7089332 0.3100228 0.4822209 1.5702523 3.1618891 1.4827846 1.3203544 1.4538738 1.5908007 1.6145989 1.5150531 1.8470137 1.9627209 1.9971737 2.6403256 0.8987900 4.4121482 1.0717644 1.0280294 0.8671855 0.9023258 0.8671855 1.1561385 1.2115777 1.2781212 1.3687888 1.8473026 2.3276286 1.6321568 1.5435613 1.5435613 1.6802137 1.8032905 0.0000010 1.6372752 1.6602911 1.6602911 2.1540922 2.1540922 1.6853886 1.9895372 1.9525268 1.6487416 0.0000010 1.9525268 2.1980179 0.0000010 0.0000010 0.0000010 1.2131444 1.9133387 0.0000010 1.1827684 1.6487416 1.5097497 2.7534167 1.7365060 3.1846713 2.8607692 2.3652641 3.3356556 2.0200927 2.1275335 2.3854010 2.3854010 2.5649507 0.0000010 2.0664143 1.8311462 1.5030765 3.5114283 2.2227787 2.2227787 2.1911066 2.2566834 2.2566834 0.2444205 
Stycar_maker-SC_scaffold6353-augustus-gene-0.5-mRNA-1   0.0748926 0.0000000 0.3384505 0.0000010 0.0000010 0.4590703 0.5544315 0.6296902 0.3696919 0.7411557 1.9868325 2.7939282 1.9594802 2.0065574 1.6924418 1.8907330 1.9246901 1.8936554 1.8530332 1.9266524 2.2711323 2.1665198 1.4216997 0.6819502 1.6200397 1.5678518 1.6315437 1.5895767 1.6315437 1.9108577 1.9267311 1.6972639 1.8409066 2.0079985 3.1886693 1.9102322 1.9081187 1.9081187 2.2807096 1.8163691 0.0000010 2.0416831 2.0845172 2.0845172 2.2386383 2.4689936 1.9058737 2.2258409 2.1988613 8.1113384 9.0000000 2.0582908 2.0611758 9.0000000 9.0000000 9.0000000 1.3070157 2.3079073 0.0000010 1.8557336 1.2103384 2.1453305 2.6295159 2.1753426 2.1652776 2.0789946 1.9081749 2.0829354 2.1733426 2.0739782 2.1025202 2.1025202 2.2389864 0.0000010 1.9539242 2.1316562 2.2163118 1.6440192 2.5252518 2.5759119 2.8829256 2.6721118 2.7146000 0.5304460 
Tetwil_g2051.t1                                         0.4503959 0.3384505 0.0000000 0.3632598 0.3448071 0.7933124 0.9538194 0.9728409 0.9260758 1.4070706 2.0524840 2.5297019 2.4554312 2.4409755 2.3345564 2.4193850 2.5068314 2.2988275 2.3387863 2.5133083 2.6179402 2.7298344 2.2677062 2.5537639 2.3839893 2.3288943 2.3847143 2.3882589 2.4308989 2.4453525 2.4180558 2.3442669 2.5554945 2.4071574 2.5873454 2.3307148 2.2852796 2.4594512 2.6557276 2.4941922 2.6930811 2.4954714 2.3993333 2.3993333 2.4523883 2.4582973 2.3884789 2.4020598 2.6318352 2.6960502 2.8393523 2.5211063 2.6036548 2.6230223 2.4252935 2.5125533 2.3448810 2.6318423 2.5596248 2.5886300 2.7052764 2.6391053 3.2277323 2.3133402 2.8983758 2.8584413 2.7423905 2.9078861 2.8621684 2.6982464 2.7413133 2.7159943 2.9491001 2.4716460 2.5872215 2.3352495 2.9078663 2.8044180 3.2152939 2.9723936 3.3887382 3.5467158 3.4735031 4.3228483 
Stycar_maker-SC_scaffold2642-snap-gene-0.49-mRNA-1      0.0000010 0.0000010 0.3632598 0.0000000 0.0315346 0.5383264 0.7011768 0.6148110 0.5417788 0.9991224 0.0000010 9.0000000 1.9953251 1.8529114 1.8117102 1.7863895 1.8620367 1.9742644 1.9331365 2.1006227 2.0985294 2.0572089 1.6368440 1.6368440 1.5726128 1.5525653 1.7378697 1.7378697 1.8409095 1.4010234 1.6193225 1.4078563 1.5795875 1.6511399 1.7155211 1.8386987 1.8737763 1.8737763 1.4609989 1.8367412 2.1523155 2.1918934 2.0040651 2.0040651 1.8686488 1.8686488 1.8686488 1.8686488 1.8997434 1.8997434 1.8997434 1.8997434 1.8997434 1.8997434 1.8997434 1.8997434 0.0000010 2.0465026 1.8269481 2.1089738 1.9137617 1.9137617 2.0574472 1.6397763 2.3015112 2.1461957 2.0981974 2.1687731 2.8669727 2.3271679 2.3279630 3.0364545 2.5935465 1.7730462 2.3333323 1.5746906 1.8442962 1.8442962 2.5720128 2.5720128 3.1157822 3.1161677 3.0737291 3.1646915 
Stycar_maker-SC_scaffold2642-snap-gene-0.53-mRNA-1      0.0000010 0.0000010 0.3448071 0.0315346 0.0000000 0.4010818 0.6473344 0.5433284 0.4590558 1.0469826 0.0000010 1.5479731 1.8049286 1.6908558 1.5992660 1.6149053 1.8242441 1.7444708 1.7020385 1.8964187 1.8089384 1.7021665 1.5083676 1.5083676 1.4844625 1.4714351 1.6001561 1.6159837 1.5610600 1.3465987 1.4006576 1.2860885 1.3665232 1.4704946 1.3908099 1.5355801 1.5578916 1.5578916 1.3474935 1.7706906 1.7436481 1.7657981 1.7892382 1.7892382 1.6363794 1.6363794 1.5405133 1.5405133 1.6511037 1.6511037 1.6511037 1.6511037 1.6511037 1.6511037 1.6511037 1.6787484 0.9518608 1.6707550 1.6659053 1.8177615 1.6979624 1.6979624 1.6893711 1.9737825 2.1706409 1.9338587 1.9679083 2.0413987 2.4618398 2.1040706 2.1070549 2.3780030 2.2482070 1.6190972 2.0345113 1.6204473 1.8611250 1.8611250 2.1455867 2.1732493 2.5017584 2.6821856 2.4935191 4.0398494 
Spolac_c101577_g1_i2_m.26057c101577-g1                  0.3718521 0.4590703 0.7933124 0.5383264 0.4010818 0.0000000 1.0519147 1.0280066 0.8562754 1.4231737 1.8529308 2.6577468 2.1713157 2.0368612 2.0123060 2.1081855 2.1991078 2.1139986 2.2023540 2.2289829 2.1723299 2.2822227 2.0148046 2.2269144 2.1081129 2.0695181 2.0907525 1.9885466 2.1635200 2.2010049 2.1246233 1.9757274 2.0874350 2.1506768 2.1311554 2.0763186 2.0004882 2.1788878 2.2598579 2.0516089 2.4067613 2.2905347 2.2837177 2.2837177 2.3061727 2.3185029 2.2083510 2.2545754 2.3274562 2.3428353 2.4392128 2.2673341 2.3317386 2.3337647 2.1694711 2.1803467 2.2668293 2.4278271 2.3220061 2.1241268 2.3251353 2.3237749 2.8408541 2.1634773 2.7552801 2.5886409 2.4045961 2.7760039 2.7654278 2.6598041 2.7468248 2.6768376 2.9671238 2.0473526 2.4387832 2.4106808 2.6734815 2.6682833 2.8765583 2.6228726 2.9994483 3.0619272 3.0777337 3.7206084 
Aque_Aqu2.1.38616_001                                   0.5748054 0.5544315 0.9538194 0.7011768 0.6473344 1.0519147 0.0000000 0.3667087 0.4507093 1.5565608 2.0634029 2.8116006 2.4667696 2.4040334 2.2601647 2.5068891 2.2269913 2.2827523 2.3261289 2.4216668 2.6300140 2.4899853 2.1103077 2.1958296 2.1085545 2.0887878 2.1369129 2.1947233 2.2334606 2.3004573 2.2576150 2.2813141 2.4140581 2.2144543 2.2969303 2.0757881 2.0538777 2.2430194 2.2848430 2.2429750 2.5181129 2.4466721 2.5069919 2.5069919 2.4422746 2.4592793 2.4230441 2.3999773 2.5927789 2.6920943 2.7028400 2.4669721 2.5593209 2.4100497 2.2380056 2.2914467 2.4435881 2.5561684 2.6356477 2.5514018 2.5551880 2.6239569 2.9765647 2.3756276 3.3176573 3.1105637 2.9170718 3.1533750 3.1648111 3.0497450 3.2007636 3.0893326 3.4416137 2.4293942 2.9178857 2.6996363 2.7217461 2.5909308 2.8866967 2.7439810 2.9791956 3.0411493 2.9880457 4.1676055 
Halamb_c41732_g1_i1m.14105                              0.7089332 0.6296902 0.9728409 0.6148110 0.5433284 1.0280066 0.3667087 0.0000000 0.4090646 1.5036071 2.1624926 2.8145867 2.6843372 2.5638323 2.5315975 2.6809849 2.5647306 2.4192854 2.5065222 2.6033902 2.7898648 2.5261266 2.1850902 2.2080639 2.1571795 2.1719907 2.2542127 2.2594933 2.3513897 2.3738333 2.2394762 2.2987855 2.3326416 2.3487923 2.4006413 2.2423618 2.2160960 2.4090257 2.4223157 2.2880449 2.6636262 2.5596734 2.5252523 2.5252523 2.6610702 2.6966003 2.6013454 2.5885754 2.6796768 2.8047507 2.7996424 2.6051952 2.6621346 2.5077329 2.3166616 2.5274585 2.4281978 2.5904609 2.6169181 2.6901362 2.5803174 2.6016958 2.9411340 2.4981334 2.9515013 2.8814119 2.7669616 2.8471456 3.1458417 2.9801243 2.9720233 2.8364612 3.3076752 2.3696140 2.8875744 2.5368158 2.7311820 2.7366032 2.7810187 2.5022614 2.7882014 2.9195785 2.9304807 4.1454505 
Xestes_maker-XT_scaffold114375-augustus-gene-0.2-mRNA-1 0.3100228 0.3696919 0.9260758 0.5417788 0.4590558 0.8562754 0.4507093 0.4090646 0.0000000 1.4952828 1.5694485 2.9991984 2.4473180 2.3503908 2.3323909 2.3922715 2.5603064 2.2908539 2.5416154 2.4237689 2.4841784 2.3293569 2.1118498 2.1098542 2.0918982 2.0686607 2.1274954 2.1766115 2.3089304 2.1017197 2.1292834 2.1733665 2.2322586 2.0157495 2.1744564 1.9626686 1.8482686 2.1081075 2.1422733 2.2362731 2.4758054 2.3529089 2.3902779 2.3902779 2.3269276 2.3269276 2.3245367 2.3245367 2.4896718 2.5904865 2.6902498 2.4896718 2.4896718 2.4432524 2.2965420 2.3293433 2.4770224 2.3245204 2.4649923 2.4288595 2.4071331 2.4424627 2.7960620 2.1281578 2.9141170 2.5567115 2.5201310 2.6189649 2.6714483 2.8050966 2.8499150 2.7802908 2.9941045 2.2141321 2.8261296 2.3269515 2.5749589 2.5422508 2.7622778 2.4916761 2.8582977 2.9422873 2.9771750 3.9082439 
Plespi_Pspi_scaffold4905_01                             0.4822209 0.7411557 1.4070706 0.9991224 1.0469826 1.4231737 1.5565608 1.5036071 1.4952828 0.0000000 2.0841086 2.1906361 2.3341279 2.1045670 2.2087368 2.2075999 2.1430591 2.1904835 2.1536625 2.2317467 2.5478145 2.2711918 1.9238652 2.1252900 2.0126660 1.9324054 1.9490895 1.9407439 2.0302978 2.1270846 2.0305962 2.0502014 2.1869589 2.1224211 2.2077922 2.0332416 1.9755622 2.2334632 2.2106026 2.3370877 2.7797995 2.4334510 2.5420653 2.5420653 2.4815336 2.5043691 2.3746440 2.4541254 2.5367847 2.6536277 2.8348717 2.4516330 2.5319763 2.5012841 2.2872134 2.2216479 2.5233895 2.6097079 2.6578252 2.5178093 2.5551989 2.4985855 3.3451016 2.0214524 2.6584882 2.6006742 2.4456614 2.7442178 2.5571331 2.5034355 2.5302399 2.6439613 2.4711568 1.9541916 2.2707457 2.3424111 2.7787504 2.9543090 2.4723568 2.3605148 2.7304732 2.7730038 2.7835064 4.1476619 
Lcom_lcpid176322                                        1.5702523 1.9868325 2.0524840 0.0000010 0.0000010 1.8529308 2.0634029 2.1624926 1.5694485 2.0841086 0.0000000 2.9487688 0.3401704 0.4098141 0.4340428 0.4097337 0.4480795 0.4652811 0.5717821 0.4796185 0.7140945 0.8497372 1.0253818 0.8400718 0.9699980 0.9150441 0.9565466 0.9656755 0.9565466 1.1995230 1.2323660 1.1490763 1.1320466 1.2551994 1.6394011 1.4058235 1.4064329 1.4064329 1.5742411 1.3530826 0.0000010 1.3950070 1.5933686 1.5933686 1.5929264 1.7157710 1.3663607 1.5815363 1.6426596 1.2494825 2.6145871 1.4012247 1.2474284 0.0000010 0.0000010 0.0000010 1.0820252 1.7448771 2.8385169 1.6576209 1.2138204 1.6623888 4.8668119 1.5992663 2.1296161 2.0906381 2.0697639 2.1221572 1.6919468 1.7926998 1.7896261 1.7896261 1.8518014 0.0000010 1.5766921 2.0114423 1.9328471 1.6288925 1.8803799 1.9208173 1.7597936 1.8155614 1.8322049 1.9376326 
Lcom_lcpid235660                                        3.1618891 2.7939282 2.5297019 9.0000000 1.5479731 2.6577468 2.8116006 2.8145867 2.9991984 2.1906361 2.9487688 0.0000000 0.2578752 0.3074859 0.3971834 0.3529375 0.3488750 0.3707957 0.3968016 0.5878062 0.5877961 0.8120983 0.9984612 1.0584444 1.0685905 1.0143100 1.0307493 0.9459585 1.0307493 0.9688864 1.0001650 1.0270087 1.4299299 1.0269201 1.0447004 1.0592735 1.0814730 1.0814730 1.0529648 1.1828142 1.4779418 1.5320190 1.5077899 1.5077899 1.3391161 1.3391161 1.3864890 1.3864890 1.3955266 1.3647163 1.3647163 1.3955266 1.3955266 1.3246578 1.2601993 1.7872653 1.3231889 1.3633472 1.3626089 1.3838282 1.5645377 1.6305786 1.7991236 9.0000000 2.6215774 2.4064198 2.3595090 2.8469206 2.7956714 2.3025651 2.5794696 2.5794696 2.2128410 1.2197320 2.0150302 2.1396405 2.5900172 2.3871440 2.3896803 1.7743859 2.4936178 2.4522276 2.5450755 5.1451281 
Cgig_XM_034465378.1                                     1.4827846 1.9594802 2.4554312 1.9953251 1.8049286 2.1713157 2.4667696 2.6843372 2.4473180 2.3341279 0.3401704 0.2578752 0.0000000 0.2644489 0.3715050 0.4115367 0.3874359 0.4090214 0.5370053 0.5617282 0.6330306 0.9648226 1.0740612 1.0155597 1.0689970 1.0435752 1.0280146 1.0218185 1.1331300 1.1431123 1.1581138 1.1147602 1.1909334 1.2415217 1.1093792 1.1851135 1.1713024 1.2965317 1.2221851 1.2773671 1.2320263 1.3722929 1.4607410 1.4607410 1.4749452 1.4414437 1.3224102 1.4303554 1.4798211 1.3005933 1.3337806 1.3241166 1.2641962 1.1801131 1.1454756 1.2751734 1.3224457 1.5461790 1.3334101 1.5458008 1.3814102 1.5572799 1.7715326 1.8207270 2.3886598 2.3490617 2.1758058 2.4396499 2.1691978 2.3447798 2.2938872 2.3661118 2.2708986 1.5662341 1.8607917 2.0469765 2.3994651 2.2359603 2.1757005 2.0212582 2.2706808 2.2201868 2.2529313 3.6080318 
Acagra_model.g27857.t1                                  1.3203544 2.0065574 2.4409755 1.8529114 1.6908558 2.0368612 2.4040334 2.5638323 2.3503908 2.1045670 0.4098141 0.3074859 0.2644489 0.0000000 0.3492066 0.3778644 0.3772277 0.4597692 0.5401936 0.5536367 0.6810041 1.0136288 0.9601218 0.9598805 0.9555331 0.9298496 1.0302354 0.9852417 1.1281538 0.9744638 1.0079460 1.0915063 1.1858691 1.1564827 1.0810757 1.1892942 1.0824289 1.2042374 1.1870031 1.2544242 1.2988851 1.5128021 1.5473596 1.5473596 1.5615219 1.5199987 1.4550697 1.5390192 1.6628116 1.4000242 1.4430037 1.4465914 1.3994825 1.2745271 1.2601439 1.3653732 1.4069207 1.6494183 1.3744467 1.5913350 1.4048594 1.6244611 1.8370148 1.9436540 2.2695191 2.2954566 2.0852623 2.3275535 1.9697197 2.1333200 2.1563214 2.3413240 2.1255078 1.5871824 1.9069493 1.9612722 2.2574022 2.2809605 2.0981526 1.9455516 2.2622273 2.2440888 2.2969124 3.4641398 
Bralan_BLAG19100900_1                                   1.4538738 1.6924418 2.3345564 1.8117102 1.5992660 2.0123060 2.2601647 2.5315975 2.3323909 2.2087368 0.4340428 0.3971834 0.3715050 0.3492066 0.0000000 0.3228653 0.3656881 0.3473029 0.4669475 0.5151713 0.5623948 0.9810341 0.8797311 0.9047383 0.8839569 0.8590937 0.9633348 0.9101028 1.0548467 0.9048730 0.9369810 0.9669505 1.0723012 1.1046842 1.0867046 1.1105661 0.9868418 1.1139620 1.1647049 1.0919030 1.2604574 1.3249590 1.3750038 1.3750038 1.3276814 1.3329533 1.2426835 1.3064282 1.4371616 1.3426049 1.4035164 1.3372477 1.3250436 1.1494600 1.1158470 1.2515649 1.3925598 1.4966161 1.2798629 1.4163385 1.3306472 1.4326339 1.7619619 1.5557923 2.1145866 1.9887425 1.9434582 2.1638099 2.0266144 1.9661035 2.1012879 2.1873050 1.9330730 1.6861263 1.6998027 1.8768705 2.0857132 2.0243090 1.9609455 1.7981617 1.9859827 1.9651787 2.0139650 3.6975652 
Skow_XM_006822752.1                                     1.5908007 1.8907330 2.4193850 1.7863895 1.6149053 2.1081855 2.5068891 2.6809849 2.3922715 2.2075999 0.4097337 0.3529375 0.4115367 0.3778644 0.3228653 0.0000000 0.4416219 0.3864285 0.5500946 0.5954014 0.6104592 1.0206976 0.9798900 1.0335781 0.9917750 0.9761079 1.0356497 0.9863883 1.1321148 0.9982311 1.0635242 1.0150499 1.1251518 1.1828831 1.0904653 1.1757060 1.1074113 1.2403117 1.2260950 1.2349060 1.3311322 1.4026430 1.4011214 1.4011214 1.4359269 1.4329689 1.4324818 1.4192639 1.4377522 1.3470361 1.3887891 1.3298832 1.3489266 1.2052789 1.1724606 1.2652591 1.4145900 1.5344443 1.2829782 1.4717387 1.4520469 1.5010554 1.7957692 1.6663792 2.3033139 2.3475546 2.1500510 2.4775972 2.0398065 2.0422574 2.0975224 2.1056506 1.9976484 1.7001210 1.9488994 2.0924164 2.4610738 2.3855357 1.9829290 1.8034021 2.0728142 2.0430859 2.0766180 3.7150741 
Ctel_gnl_WGS_AMQN_CAPTEDRAFT_mRNA148485                 1.6145989 1.9246901 2.5068314 1.8620367 1.8242441 2.1991078 2.2269913 2.5647306 2.5603064 2.1430591 0.4480795 0.3488750 0.3874359 0.3772277 0.3656881 0.4416219 0.0000000 0.4946354 0.4987294 0.5553510 0.6201729 0.9704811 0.9646029 0.9620947 0.9571161 0.9389227 1.0263776 0.9909977 1.1843403 0.9848422 1.0185962 1.0338814 1.1232993 1.1670032 1.1499347 1.1264060 1.0589962 1.1762326 1.1998171 1.1956871 1.3733321 1.4496321 1.4374682 1.4374682 1.4473105 1.4318736 1.3602604 1.4362202 1.4874925 1.3614070 1.4412094 1.3583134 1.3443658 1.2370420 1.2078058 1.2517228 1.4006561 1.5150692 1.3742285 1.5279348 1.4294066 1.5831790 1.7889151 1.6578180 2.2281891 2.2317547 2.0062915 2.2881677 2.1494507 2.1257747 2.2267422 2.3062955 2.1353677 1.7959199 1.8144795 1.9988953 2.2672497 2.2247009 2.0682736 1.9201971 2.0245392 1.9935354 2.0163443 3.6919005 
Hsap_ENST00000361891                                    1.5150531 1.8936554 2.2988275 1.9742644 1.7444708 2.1139986 2.2827523 2.4192854 2.2908539 2.1904835 0.4652811 0.3707957 0.4090214 0.4597692 0.3473029 0.3864285 0.4946354 0.0000000 0.5530733 0.5441035 0.6362354 1.0218099 0.9539563 0.9803001 0.9370090 0.9167037 0.9766698 0.9557598 1.0545942 1.0192358 1.0341553 0.9206494 1.0545140 1.1411393 1.0540039 1.1064156 1.0725516 1.2095842 1.1970993 1.1489001 1.2801634 1.3972913 1.4426340 1.4426340 1.3574656 1.3849456 1.2943857 1.3413249 1.4575145 1.3385015 1.4074428 1.3302701 1.3132079 1.2602509 1.2412005 1.4151667 1.2847002 1.4954475 1.3090405 1.5126673 1.4177415 1.5097354 1.7771552 1.6724132 2.2115328 2.2688435 2.0726457 2.2693243 2.1954489 2.3121286 2.3370898 2.4583690 2.2083246 1.6511321 1.7569615 1.9822370 2.1140104 2.0254853 2.0196714 1.8538499 2.1422901 2.1388299 2.1348864 3.8239023 
Cscu_XM_023369851.1                                     1.8470137 1.8530332 2.3387863 1.9331365 1.7020385 2.2023540 2.3261289 2.5065222 2.5416154 2.1536625 0.5717821 0.3968016 0.5370053 0.5401936 0.4669475 0.5500946 0.4987294 0.5530733 0.0000000 0.4240414 0.7599276 1.0036991 1.0544800 1.0714319 1.0913225 1.0540597 1.0515731 1.0217236 1.0754879 1.0544208 1.0946649 1.1525099 1.2003858 1.1885781 1.1821173 1.1641077 1.0982358 1.2407581 1.2924688 1.2403032 1.3501616 1.5067853 1.5488184 1.5488184 1.4631353 1.4661021 1.4522589 1.4654101 1.5643392 1.4116057 1.4792999 1.4131656 1.4095796 1.3090207 1.3252252 1.4902440 1.3648110 1.6488354 1.3928487 1.6086676 1.4697648 1.5718554 1.8502259 1.7148088 2.4138787 2.3848641 2.2329025 2.5046494 2.3724248 2.2410773 2.4042791 2.3655867 2.2462908 1.7762694 2.0605020 2.0132426 2.3999807 2.2013577 2.3141116 2.1284004 2.2747836 2.2871495 2.2933459 4.0003696 
Tcas_TC004865_001                                       1.9627209 1.9266524 2.5133083 2.1006227 1.8964187 2.2289829 2.4216668 2.6033902 2.4237689 2.2317467 0.4796185 0.5878062 0.5617282 0.5536367 0.5151713 0.5954014 0.5553510 0.5441035 0.4240414 0.0000000 0.8263684 0.9215184 1.0422392 1.1547187 1.0519032 1.0437154 1.1337982 1.0873245 1.2043552 1.1642344 1.1578047 1.2067841 1.2877396 1.2148428 1.2528259 1.1570054 1.0502069 1.1689590 1.3381528 1.3019212 1.5884476 1.6381902 1.5668014 1.5668014 1.5083842 1.5206099 1.4516149 1.5031222 1.6145712 1.4739701 1.5609625 1.4855061 1.4622312 1.4295067 1.3766198 1.5199934 1.3494365 1.6033087 1.4288122 1.6362755 1.4936266 1.6450833 2.0479665 1.7059789 2.2269929 2.1429835 2.0464089 2.3317061 2.2380314 2.2418650 2.3265203 2.3170298 2.1591530 1.7233760 1.8059601 2.0794425 2.3879390 2.3052279 2.1005269 2.0023728 2.1576470 2.1186235 2.1546762 3.8157493 
Spur_XM_031000319.1                                     1.9971737 2.2711323 2.6179402 2.0985294 1.8089384 2.1723299 2.6300140 2.7898648 2.4841784 2.5478145 0.7140945 0.5877961 0.6330306 0.6810041 0.5623948 0.6104592 0.6201729 0.6362354 0.7599276 0.8263684 0.0000000 1.2409592 1.2784853 1.2410346 1.2865433 1.2640764 1.2797663 1.2484610 1.3855374 1.2531871 1.2330922 1.2146941 1.3196668 1.3679899 1.3802024 1.3392961 1.2518583 1.4034053 1.3864490 1.2803623 1.4688200 1.5116582 1.5462024 1.5462024 1.4118906 1.4809666 1.3386492 1.4029026 1.5216341 1.4564253 1.4668307 1.4619092 1.4394012 1.2759283 1.2327258 1.3134136 1.5069346 1.5134772 1.4355281 1.5333707 1.5787915 1.6302956 1.9212741 1.6472038 2.2261933 2.1933682 2.0676413 2.3580876 2.2164245 2.1256072 2.3615942 2.5375444 2.1299865 1.9756552 1.8744708 2.0808335 2.3284329 2.2057242 2.2364121 2.1253926 2.4006347 2.3389100 2.4043997 3.9654230 
Dpul_mRNA13845                                          2.6403256 2.1665198 2.7298344 2.0572089 1.7021665 2.2822227 2.4899853 2.5261266 2.3293569 2.2711918 0.8497372 0.8120983 0.9648226 1.0136288 0.9810341 1.0206976 0.9704811 1.0218099 1.0036991 0.9215184 1.2409592 0.0000000 1.3778559 1.3578870 1.3670873 1.3553738 1.3858935 1.3745139 1.4711178 1.3178021 1.2333449 1.5428029 1.5619155 1.3934989 1.4775258 1.4714795 1.3093887 1.4838105 1.4858542 1.4047115 1.7216197 1.6999285 1.7868070 1.7868070 1.7098951 1.7286642 1.7460929 1.7162825 1.6610756 1.6258479 1.7165197 1.5390996 1.5840356 1.5378591 1.4493565 1.5672272 1.6872136 1.8491305 1.7180271 1.8443689 1.6892480 1.8294183 2.2751548 1.7824825 2.3342621 2.2830185 2.2587693 2.4045774 2.1413097 2.1918354 2.2779215 2.3043344 2.1343645 1.8529165 1.9778882 2.1209252 2.4966527 2.4895833 2.3062403 2.2119566 2.2591274 2.2573140 2.2699226 3.7672320 
Fspp_ffun1.m4.7645.m1                                   0.8987900 1.4216997 2.2677062 1.6368440 1.5083676 2.0148046 2.1103077 2.1850902 2.1118498 1.9238652 1.0253818 0.9984612 1.0740612 0.9601218 0.8797311 0.9798900 0.9646029 0.9539563 1.0544800 1.0422392 1.2784853 1.3778559 0.0000000 0.0474659 0.1040317 0.0994564 0.1671963 0.1243646 0.2599634 0.2935950 0.3202783 0.5526065 0.6772565 0.7394630 0.6048732 0.6990088 0.6768239 0.8111707 0.7562923 0.8104491 1.3667329 1.4215383 1.4312141 1.4312141 1.4162767 1.3994050 1.4099484 1.3992730 1.4686143 1.3868457 1.4012702 1.3221807 1.3471947 1.2029841 1.1977847 1.3346798 1.4137911 1.5040226 1.3060260 1.3896432 1.3562642 1.4395921 1.7915354 1.5789563 2.2720298 2.1626846 1.9430709 2.1644856 1.8789628 1.9513581 2.0102555 1.9894490 1.9957066 1.6919296 1.7215151 1.8930258 2.1184811 2.0735859 1.8554561 1.7135143 1.8826532 1.8925837 1.9149448 3.2099915 
Gasp_gasp1.m3.25613.m1                                  4.4121482 0.6819502 2.5537639 1.6368440 1.5083676 2.2269144 2.1958296 2.2080639 2.1098542 2.1252900 0.8400718 1.0584444 1.0155597 0.9598805 0.9047383 1.0335781 0.9620947 0.9803001 1.0714319 1.1547187 1.2410346 1.3578870 0.0474659 0.0000000 0.1034168 0.0964305 0.1955772 0.1216850 0.3507772 0.2725581 0.2912395 0.5925700 0.6872640 0.7068030 0.6867342 0.6646499 0.6056637 0.8105103 0.7395890 0.7384805 1.5624974 1.4894932 1.4776985 1.4776985 1.4479899 1.4479899 1.4263385 1.4263385 1.5010208 1.5472461 1.5769441 1.5010208 1.5010208 1.3467037 1.3729292 1.3513239 1.7795446 1.4683432 1.4862505 1.5088742 1.4818438 1.4745859 2.0894768 1.4368208 2.3173970 2.2485292 1.9407327 2.2170394 2.1708593 2.1163389 2.2836427 2.3473132 2.1562843 1.7605295 1.9584648 2.1001166 2.2380953 2.1514257 2.0102119 1.7813157 2.1473756 2.1311081 2.1541758 3.1619239 
Spis_XP_022797888_1                                     1.0717644 1.6200397 2.3839893 1.5726128 1.4844625 2.1081129 2.1085545 2.1571795 2.0918982 2.0126660 0.9699980 1.0685905 1.0689970 0.9555331 0.8839569 0.9917750 0.9571161 0.9370090 1.0913225 1.0519032 1.2865433 1.3670873 0.1040317 0.1034168 0.0000000 0.0225116 0.1868808 0.1406831 0.2775400 0.3114138 0.3313372 0.5640018 0.6813274 0.7176771 0.6120453 0.7236868 0.6705002 0.8149404 0.7318033 0.8342832 1.3346820 1.4032833 1.4460999 1.4460999 1.4185530 1.4084660 1.4156013 1.4053804 1.4744772 1.3816616 1.3906275 1.3338627 1.3544269 1.2047632 1.1937897 1.3255356 1.4523792 1.5224872 1.3379937 1.4138668 1.3319759 1.4307042 1.7350287 1.6431857 2.1786483 2.0874411 1.8424556 2.0717083 1.8812466 1.9361829 2.0505546 2.0221506 2.0313265 1.7221658 1.7163968 1.9573746 2.1739339 2.1204982 1.9553398 1.8421620 1.9352094 1.9397696 1.9746415 3.1764735 
Pocdam_XM_027186993.1                                   1.0280294 1.5678518 2.3288943 1.5525653 1.4714351 2.0695181 2.0887878 2.1719907 2.0686607 1.9324054 0.9150441 1.0143100 1.0435752 0.9298496 0.8590937 0.9761079 0.9389227 0.9167037 1.0540597 1.0437154 1.2640764 1.3553738 0.0994564 0.0964305 0.0225116 0.0000000 0.1642695 0.1258785 0.2433385 0.3077577 0.3367047 0.5447874 0.6637646 0.7144121 0.5989717 0.7242321 0.6672726 0.8109665 0.7271511 0.8219800 1.3707995 1.4195868 1.4398332 1.4398332 1.4180936 1.4079695 1.4022887 1.4048970 1.4682095 1.3660973 1.3915666 1.3272950 1.3366894 1.2055548 1.1998020 1.3331901 1.4070089 1.5160051 1.3263747 1.4122424 1.3428078 1.4584539 1.7914965 1.6447179 2.1746168 2.0401902 1.8315206 2.0899623 1.8679969 1.9299312 2.0306621 2.0042965 2.0413362 1.7238044 1.7271567 1.9337472 2.1304320 2.0598318 1.9712840 1.8299178 1.9770929 1.9513451 1.9863672 3.1825259 
Adig_XM_015896555.1                                     0.8671855 1.6315437 2.3847143 1.7378697 1.6001561 2.0907525 2.1369129 2.2542127 2.1274954 1.9490895 0.9565466 1.0307493 1.0280146 1.0302354 0.9633348 1.0356497 1.0263776 0.9766698 1.0515731 1.1337982 1.2797663 1.3858935 0.1671963 0.1955772 0.1868808 0.1642695 0.0000000 0.0939347 0.0774711 0.3555739 0.3761032 0.5731634 0.6884264 0.7645656 0.6421733 0.7177153 0.7075985 0.8414556 0.7850144 0.8393867 1.3332208 1.3890352 1.4651260 1.4651260 1.4114190 1.4108835 1.3868655 1.3899642 1.4076642 1.3144167 1.3445556 1.2749029 1.2768803 1.1432694 1.1134714 1.2006621 1.3716237 1.4838636 1.3327394 1.4660350 1.4211239 1.4980720 1.8024792 1.6246317 2.2257215 2.0211614 1.8263065 2.0359161 1.8756336 2.0021466 2.0429922 2.0247214 2.0007455 1.6621269 1.7465152 1.9285755 2.2864037 2.2469078 2.0201500 1.8614053 2.0656702 2.0546693 2.0894793 3.4333674 
Gfas_gfas1.m1.15874.m1                                  0.9023258 1.5895767 2.3882589 1.7378697 1.6159837 1.9885466 2.1947233 2.2594933 2.1766115 1.9407439 0.9656755 0.9459585 1.0218185 0.9852417 0.9101028 0.9863883 0.9909977 0.9557598 1.0217236 1.0873245 1.2484610 1.3745139 0.1243646 0.1216850 0.1406831 0.1258785 0.0939347 0.0000000 0.1775820 0.3296834 0.3410295 0.5408480 0.6607233 0.7702423 0.6277350 0.7250251 0.6797663 0.8080624 0.7581637 0.8220021 1.3121800 1.4009452 1.4701068 1.4701068 1.4168798 1.4023060 1.4205805 1.4200425 1.4270365 1.3216495 1.3436266 1.2738396 1.2851213 1.1480599 1.1494224 1.2663631 1.3892488 1.5300163 1.3255866 1.4666177 1.4372958 1.5029866 1.7642973 1.6111498 2.3070337 2.1623067 1.9365111 2.1834342 1.8823995 1.9749825 2.0729044 2.0675324 1.9846992 1.6796521 1.7998981 1.9037769 2.2534142 2.1861371 2.0245718 1.8955810 2.0870051 2.0766364 2.1211618 3.1984349 
Amil_Amillepora03963-RA                                 0.8671855 1.6315437 2.4308989 1.8409095 1.5610600 2.1635200 2.2334606 2.3513897 2.3089304 2.0302978 0.9565466 1.0307493 1.1331300 1.1281538 1.0548467 1.1321148 1.1843403 1.0545942 1.0754879 1.2043552 1.3855374 1.4711178 0.2599634 0.3507772 0.2775400 0.2433385 0.0774711 0.1775820 0.0000000 0.4606667 0.4758043 0.6932783 0.8018326 0.8328240 0.7786845 0.8306352 0.7001999 0.7609002 0.8469795 0.8959308 1.5374535 1.5147891 1.6468294 1.6468294 1.5678492 1.5747553 1.5568292 1.5377288 1.5819043 1.5500691 1.6143719 1.4387912 1.4581896 1.3622733 1.3706130 1.6247121 1.3716237 1.6145671 1.6312729 1.6143048 1.5817272 1.6311112 2.1925200 1.6741326 2.4041159 2.1221090 1.9501312 2.1728607 1.9147000 2.0142149 2.0591502 1.9960539 1.9891918 1.4913973 1.6455423 1.9349389 2.2100142 2.1394154 2.1542280 1.9745341 2.1581144 2.1392712 2.1815230 3.8910839 
Nvec_v1g123730                                          1.1561385 1.9108577 2.4453525 1.4010234 1.3465987 2.2010049 2.3004573 2.3738333 2.1017197 2.1270846 1.1995230 0.9688864 1.1431123 0.9744638 0.9048730 0.9982311 0.9848422 1.0192358 1.0544208 1.1642344 1.2531871 1.3178021 0.2935950 0.2725581 0.3114138 0.3077577 0.3555739 0.3296834 0.4606667 0.0000000 0.3145553 0.5638209 0.6945861 0.7900685 0.6631702 0.7675046 0.7210494 0.8525511 0.7895440 0.8231747 1.2785925 1.4085587 1.4431223 1.4431223 1.4060923 1.4079302 1.3845096 1.4191045 1.4616586 1.3193323 1.3419258 1.3090485 1.2997213 1.1459818 1.1218811 1.2572086 1.3525132 1.5178747 1.2215116 1.3836110 1.3042046 1.3976980 1.6898213 1.6137479 2.3045735 2.2115694 1.9916806 2.2578349 1.9815103 2.0762756 2.1321843 2.1514301 2.0314792 1.7665032 1.7575146 2.0121534 2.1794504 1.9754824 2.1161956 2.0193964 2.1996790 2.1551213 2.2119199 3.1904700 
Exapal_XM_021046007.2                                   1.2115777 1.9267311 2.4180558 1.6193225 1.4006576 2.1246233 2.2576150 2.2394762 2.1292834 2.0305962 1.2323660 1.0001650 1.1581138 1.0079460 0.9369810 1.0635242 1.0185962 1.0341553 1.0946649 1.1578047 1.2330922 1.2333449 0.3202783 0.2912395 0.3313372 0.3367047 0.3761032 0.3410295 0.4758043 0.3145553 0.0000000 0.6262272 0.6843248 0.7023963 0.6387808 0.7169239 0.7261915 0.8502668 0.7260455 0.7938328 1.1435989 1.3617314 1.4681962 1.4681962 1.4521277 1.4039404 1.4255594 1.4349324 1.4503066 1.2464965 1.2458917 1.2264492 1.2417069 1.0526404 1.0382475 1.1619984 1.3019796 1.5476127 1.1974651 1.4136585 1.3070583 1.4881293 1.5638128 1.8451522 2.2299989 2.1681909 1.9311008 2.1457930 1.9341020 2.0033411 2.0800976 2.0363570 2.0693512 1.6159382 1.6597410 1.8990397 2.0630890 2.0290761 2.1199371 1.9969387 2.1682703 2.1778536 2.1962021 3.2715813 
Dgig_XM_028543912.1                                     1.2781212 1.6972639 2.3442669 1.4078563 1.2860885 1.9757274 2.2813141 2.2987855 2.1733665 2.0502014 1.1490763 1.0270087 1.1147602 1.0915063 0.9669505 1.0150499 1.0338814 0.9206494 1.1525099 1.2067841 1.2146941 1.5428029 0.5526065 0.5925700 0.5640018 0.5447874 0.5731634 0.5408480 0.6932783 0.5638209 0.6262272 0.0000000 0.3424584 0.8761614 0.6331906 0.8385458 0.8053026 0.9336244 0.8686342 0.9895491 1.3461687 1.4158976 1.4559747 1.4559747 1.4184195 1.4164921 1.4089223 1.3976898 1.4193084 1.3404318 1.3834986 1.2960585 1.3117429 1.2072700 1.1761275 1.2721662 1.3680872 1.4465127 1.3361395 1.4706902 1.3816040 1.5099739 1.7073409 1.5393639 2.5746952 2.2516320 1.9849241 2.2964307 2.0561063 1.9918832 2.0251074 2.1370173 1.9731569 1.5937419 1.7827313 1.8803145 2.1059030 2.0161706 2.1551945 2.0145420 2.1565994 2.0913460 2.1564293 3.4325006 
Xesp_022399-T1                                          1.3687888 1.8409066 2.5554945 1.5795875 1.3665232 2.0874350 2.4140581 2.3326416 2.2322586 2.1869589 1.1320466 1.4299299 1.1909334 1.1858691 1.0723012 1.1251518 1.1232993 1.0545140 1.2003858 1.2877396 1.3196668 1.5619155 0.6772565 0.6872640 0.6813274 0.6637646 0.6884264 0.6607233 0.8018326 0.6945861 0.6843248 0.3424584 0.0000000 0.9198768 0.8012732 0.8881634 0.8616942 0.9837648 0.9511190 1.0531773 1.3788292 1.5016965 1.5293696 1.5293696 1.5152002 1.5094899 1.5067804 1.4741780 1.5226032 1.4465572 1.4674341 1.3534152 1.3969364 1.2775081 1.2719061 1.4099575 1.2691171 1.5007608 1.3625679 1.6293947 1.3524540 1.5097580 1.6479034 1.8263850 2.5717861 2.2357133 2.0550934 2.3194900 1.9140866 1.9215065 1.9023562 2.0123162 1.8686082 1.6310173 1.7775838 1.9891085 2.2583971 2.2600772 2.2266432 2.1089130 2.1896338 2.1514758 2.1829886 3.2630132 
Sanmal_Sma_026052-T1                                    1.8473026 2.0079985 2.4071574 1.6511399 1.4704946 2.1506768 2.2144543 2.3487923 2.0157495 2.1224211 1.2551994 1.0269201 1.2415217 1.1564827 1.1046842 1.1828831 1.1670032 1.1411393 1.1885781 1.2148428 1.3679899 1.3934989 0.7394630 0.7068030 0.7176771 0.7144121 0.7645656 0.7702423 0.8328240 0.7900685 0.7023963 0.8761614 0.9198768 0.0000000 0.3507851 0.3922937 0.3228046 0.4207812 0.5442712 0.7178185 1.4042684 1.4997939 1.5885876 1.5885876 1.5296709 1.4939459 1.5095495 1.5139663 1.5799273 1.4296304 1.4753207 1.4818165 1.4939032 1.3853228 1.3225028 1.5689265 1.4607134 1.6523912 1.3709560 1.5220592 1.4320536 1.6150431 1.7823693 1.7043343 2.3415111 2.1569767 1.9770471 2.2540770 2.0073572 2.0379277 2.1355761 2.0595087 2.0458327 1.6956024 1.7554840 2.0765449 2.3517527 2.2557619 2.1258696 2.0367188 2.2067638 2.2302575 2.2125035 3.0916893 
Aaur_scaffold1376.g9.t2                                 2.3276286 3.1886693 2.5873454 1.7155211 1.3908099 2.1311554 2.2969303 2.4006413 2.1744564 2.2077922 1.6394011 1.0447004 1.1093792 1.0810757 1.0867046 1.0904653 1.1499347 1.0540039 1.1821173 1.2528259 1.3802024 1.4775258 0.6048732 0.6867342 0.6120453 0.5989717 0.6421733 0.6277350 0.7786845 0.6631702 0.6387808 0.6331906 0.8012732 0.3507851 0.0000000 0.2216517 0.1660217 0.3094949 0.4553198 0.5731149 1.3942807 1.4232638 1.3041352 1.3041352 1.3484846 1.3646549 1.3535096 1.3535096 1.3858074 1.3822444 1.3827954 1.4024591 1.4024591 1.2805587 1.1836289 1.3533198 1.3686948 1.3410553 1.2227495 1.3801206 1.4009359 1.4327846 1.6361801 1.4702443 2.1992977 2.0336954 1.7540683 2.0643275 1.9566783 1.9773637 2.0598347 2.1773102 2.0121717 1.6565298 1.8247548 1.9644465 2.4559069 2.4033753 2.1290003 1.9892106 2.1612767 2.1475163 2.1803349 4.3574923 
Rhoesc_Res_012996-T1                                    1.6321568 1.9102322 2.3307148 1.8386987 1.5355801 2.0763186 2.0757881 2.2423618 1.9626686 2.0332416 1.4058235 1.0592735 1.1851135 1.1892942 1.1105661 1.1757060 1.1264060 1.1064156 1.1641077 1.1570054 1.3392961 1.4714795 0.6990088 0.6646499 0.7236868 0.7242321 0.7177153 0.7250251 0.8306352 0.7675046 0.7169239 0.8385458 0.8881634 0.3922937 0.2216517 0.0000000 0.0717683 0.1344544 0.5290030 0.7533164 1.3345268 1.4957128 1.5371277 1.5371277 1.4978893 1.4394544 1.4887250 1.4830216 1.5384788 1.3564715 1.3832618 1.3567152 1.3685176 1.2583303 1.1870637 1.3806293 1.2999607 1.5819622 1.2319513 1.4545373 1.2575027 1.5142602 1.6773115 1.6915830 2.2858544 2.1959240 2.1144882 2.2053198 1.9858721 1.9838760 2.1537827 2.2839317 2.0562625 1.5395815 1.7867471 1.9017349 2.2833040 2.1929909 2.1272087 2.0157659 2.0909094 2.0236404 2.0456376 3.4007196 
Nemnom_g4480.t1                                         1.5435613 1.9081187 2.2852796 1.8737763 1.5578916 2.0004882 2.0538777 2.2160960 1.8482686 1.9755622 1.4064329 1.0814730 1.1713024 1.0824289 0.9868418 1.1074113 1.0589962 1.0725516 1.0982358 1.0502069 1.2518583 1.3093887 0.6768239 0.6056637 0.6705002 0.6672726 0.7075985 0.6797663 0.7001999 0.7210494 0.7261915 0.8053026 0.8616942 0.3228046 0.1660217 0.0717683 0.0000000 0.0098392 0.5050414 0.7841800 1.3569929 1.5201026 1.5431596 1.5431596 1.5231843 1.4592884 1.4805544 1.4848832 1.5722303 1.3619598 1.3936470 1.3541825 1.3651916 1.2251811 1.1338114 1.3336051 1.3133270 1.5983646 1.2350402 1.4436824 1.2308215 1.4327603 1.7384133 1.5640551 2.3179877 2.1644262 2.1725033 2.1603932 1.8523193 1.7889256 1.9808501 2.2192254 1.7568976 1.1201349 1.7418168 1.8004061 2.0977085 1.9099004 1.9320278 1.8066808 1.8568514 1.8222342 1.8423290 3.1916130 
Nemnom_g19082.t1                                        1.5435613 1.9081187 2.4594512 1.8737763 1.5578916 2.1788878 2.2430194 2.4090257 2.1081075 2.2334632 1.4064329 1.0814730 1.2965317 1.2042374 1.1139620 1.2403117 1.1762326 1.2095842 1.2407581 1.1689590 1.4034053 1.4838105 0.8111707 0.8105103 0.8149404 0.8109665 0.8414556 0.8080624 0.7609002 0.8525511 0.8502668 0.9336244 0.9837648 0.4207812 0.3094949 0.1344544 0.0098392 0.0000000 0.6189713 0.9108370 1.6783259 1.7126050 1.7314195 1.7314195 1.7231564 1.6641619 1.7135703 1.6896139 1.7400691 1.5969726 1.6509960 1.5332339 1.5615300 1.5049986 1.4618246 1.7981306 1.3133270 1.8282367 1.5241708 1.6263934 1.4863453 1.6252359 2.0690016 1.5640551 2.5343571 2.4280808 2.1725033 2.4400797 2.0260740 1.9790578 2.1887752 2.2192254 1.9396843 1.5582078 1.9450304 2.0567456 2.3269563 2.2036553 2.1655762 2.0568029 2.1019919 2.0691218 2.0905217 3.5956873 
Morvir_scaffold69.g82.t1                                1.6802137 2.2807096 2.6557276 1.4609989 1.3474935 2.2598579 2.2848430 2.4223157 2.1422733 2.2106026 1.5742411 1.0529648 1.2221851 1.1870031 1.1647049 1.2260950 1.1998171 1.1970993 1.2924688 1.3381528 1.3864490 1.4858542 0.7562923 0.7395890 0.7318033 0.7271511 0.7850144 0.7581637 0.8469795 0.7895440 0.7260455 0.8686342 0.9511190 0.5442712 0.4553198 0.5290030 0.5050414 0.6189713 0.0000000 0.7073916 1.4106940 1.5158773 1.6069484 1.6069484 1.5367652 1.5004536 1.4831224 1.5066453 1.5741591 1.4977142 1.5329621 1.4467176 1.4725157 1.3264297 1.2598839 1.4323895 1.4759367 1.6138367 1.2610517 1.5285401 1.3586579 1.5817290 1.7191813 1.8583824 2.5763248 2.3422531 2.2463699 2.4828165 2.0561446 2.0470833 2.1231367 2.1057206 2.0825177 1.6013750 1.8938505 2.0379479 2.2639596 2.1325377 2.2253473 2.1605557 2.2974707 2.2500852 2.2685623 3.1076722 
Chem_TCONS_00027770                                     1.8032905 1.8163691 2.4941922 1.8367412 1.7706906 2.0516089 2.2429750 2.2880449 2.2362731 2.3370877 1.3530826 1.1828142 1.2773671 1.2544242 1.0919030 1.2349060 1.1956871 1.1489001 1.2403032 1.3019212 1.2803623 1.4047115 0.8104491 0.7384805 0.8342832 0.8219800 0.8393867 0.8220021 0.8959308 0.8231747 0.7938328 0.9895491 1.0531773 0.7178185 0.5731149 0.7533164 0.7841800 0.9108370 0.7073916 0.0000000 1.3950384 1.4126966 1.4797243 1.4797243 1.3745859 1.4064483 1.2296357 1.3247668 1.4405128 1.4831911 1.4911654 1.4288854 1.4191060 1.3741903 1.3523377 1.4815450 1.3996974 1.5160101 1.2980802 1.5229904 1.3436779 1.4706933 1.8383469 1.4853899 2.5568147 2.2539377 2.1731054 2.3755822 2.1940396 2.1722617 2.2535277 2.2282678 2.2052261 1.6807041 1.7395404 2.1721205 2.3903842 2.2240387 2.4744570 2.3252033 2.4616250 2.5088087 2.5156245 3.3192500 
Pbac_sb2645667                                          0.0000010 0.0000010 2.6930811 2.1523155 1.7436481 2.4067613 2.5181129 2.6636262 2.4758054 2.7797995 0.0000010 1.4779418 1.2320263 1.2988851 1.2604574 1.3311322 1.3733321 1.2801634 1.3501616 1.5884476 1.4688200 1.7216197 1.3667329 1.5624974 1.3346820 1.3707995 1.3332208 1.3121800 1.5374535 1.2785925 1.1435989 1.3461687 1.3788292 1.4042684 1.3942807 1.3345268 1.3569929 1.6783259 1.4106940 1.3950384 0.0000000 0.0140666 0.2933421 0.2933421 0.3166899 0.3166899 0.3115903 0.3115903 0.3198583 0.3198583 0.3198583 0.3198583 0.3198583 0.2783643 0.2615971 0.3081668 0.4914232 0.3675890 0.3520176 0.4218464 0.4116445 0.4180585 0.1430061 1.2795763 2.2715129 2.2040769 2.1984456 2.2240817 2.1320601 1.9644282 1.9928369 2.1701232 2.0375562 1.4109699 1.8615626 2.0292477 2.4281692 2.3483303 2.1224733 1.8136703 2.3334440 2.4383633 2.3456477 4.7358898 
Horcal_Hcv1.av93.c2.g1079.i1                            1.6372752 2.0416831 2.4954714 2.1918934 1.7657981 2.2905347 2.4466721 2.5596734 2.3529089 2.4334510 1.3950070 1.5320190 1.3722929 1.5128021 1.3249590 1.4026430 1.4496321 1.3972913 1.5067853 1.6381902 1.5116582 1.6999285 1.4215383 1.4894932 1.4032833 1.4195868 1.3890352 1.4009452 1.5147891 1.4085587 1.3617314 1.4158976 1.5016965 1.4997939 1.4232638 1.4957128 1.5201026 1.7126050 1.5158773 1.4126966 0.0140666 0.0000000 0.3157908 0.3157908 0.3251721 0.3196141 0.3234915 0.3189667 0.3597539 0.3667369 0.3709421 0.3887537 0.3942177 0.3076689 0.2949127 0.3518836 0.4923310 0.3829568 0.3609266 0.4199103 0.3945287 0.4073441 0.3524765 0.4913386 2.4058598 2.2577392 2.2513076 2.2458782 2.1343794 2.0753634 2.0462317 2.1526208 2.0682416 1.4218245 1.9817631 1.9380321 2.3277326 2.2286515 2.1476717 2.0060918 2.2513292 2.3375473 2.2518674 3.9446695 
Bolinf_Binf_sb1236202                                   1.6602911 2.0845172 2.3993333 2.0040651 1.7892382 2.2837177 2.5069919 2.5252523 2.3902779 2.5420653 1.5933686 1.5077899 1.4607410 1.5473596 1.3750038 1.4011214 1.4374682 1.4426340 1.5488184 1.5668014 1.5462024 1.7868070 1.4312141 1.4776985 1.4460999 1.4398332 1.4651260 1.4701068 1.6468294 1.4431223 1.4681962 1.4559747 1.5293696 1.5885876 1.3041352 1.5371277 1.5431596 1.7314195 1.6069484 1.4797243 0.2933421 0.3157908 0.0000000 0.0000010 0.2089261 0.1873448 0.2044494 0.2046588 0.2605522 0.2581195 0.2680956 0.2778144 0.2722652 0.2193543 0.2149156 0.2654139 0.2807011 0.2381724 0.2007662 0.3230501 0.2816507 0.3234623 0.5398358 0.4233873 2.2288770 2.1943082 2.2152278 2.2115825 2.0195620 1.9825634 2.0218543 2.1289606 1.9937349 1.4613960 1.9656326 1.9985995 2.2257631 2.1090972 2.1375962 1.9809147 2.2014358 2.2689376 2.2600264 3.9461985 
Mertsp_Mesp_sb575669                                    1.6602911 2.0845172 2.3993333 2.0040651 1.7892382 2.2837177 2.5069919 2.5252523 2.3902779 2.5420653 1.5933686 1.5077899 1.4607410 1.5473596 1.3750038 1.4011214 1.4374682 1.4426340 1.5488184 1.5668014 1.5462024 1.7868070 1.4312141 1.4776985 1.4460999 1.4398332 1.4651260 1.4701068 1.6468294 1.4431223 1.4681962 1.4559747 1.5293696 1.5885876 1.3041352 1.5371277 1.5431596 1.7314195 1.6069484 1.4797243 0.2933421 0.3157908 0.0000010 0.0000000 0.2089261 0.1873448 0.2044494 0.2046588 0.2605522 0.2581195 0.2680956 0.2778144 0.2722652 0.2193543 0.2149156 0.2654139 0.2807011 0.2381724 0.2007662 0.3230501 0.2816507 0.3234623 0.5398358 0.4233873 2.2288770 2.1943082 2.2152278 2.2115825 2.0195620 1.9825634 2.0218543 2.1289606 1.9937349 1.4613960 1.9656326 1.9985995 2.2257631 2.1090972 2.1375962 1.9809147 2.2014358 2.2689376 2.2600264 3.9461985 
