66
Eupdun_Edun_sb10623023                                 0.0000000 2.0980696 2.0980696 2.1073074 0.7648491 1.1159448 0.9144375 0.9532548 0.9144375 0.9532548 0.9144375 0.9532548 1.2723715 1.3376947 1.2123068 1.8245592 1.4293267 3.6923352 3.4195846 4.2086296 3.4368174 4.4844364 3.8859473 3.8771504 2.9158726 3.7896906 3.4329151 4.0135497 3.8022717 3.8335709 3.8179073 3.7244681 6.2232279 3.3420262 3.0460919 3.9818505 4.4667642 0.0000010 4.5398595 4.1865826 3.8265831 4.0396260 3.4910860 3.8008599 3.7991024 3.4828438 3.4895749 3.3092496 3.3724864 3.8018297 2.5861629 3.1883376 4.4757496 3.7337398 4.4484484 4.4601629 3.8980316 3.6971739 3.6398996 3.6775145 3.6775145 4.2098774 4.0662075 4.0562840 4.0627532 1.6836187 
Horcal_Hcv1.av93.c2.g1137.i1                           2.0980696 0.0000000 0.0000010 0.1745742 0.6139040 1.1136514 1.2458330 1.1706089 1.1471070 1.0324728 1.1098428 1.0171438 1.2450168 1.3031193 1.6195119 1.6237222 2.2160112 2.9623614 2.8151185 3.1666739 2.8229509 3.0416886 2.7731347 2.9722889 2.5782476 2.9277056 2.8978648 3.3175824 2.6601058 3.0734005 2.9882707 2.5588860 3.7691294 2.3102283 2.2440281 3.1899172 2.9177040 1.4989290 2.5036875 2.9274397 2.8495012 2.7461348 2.4282731 2.6791390 2.1276682 2.4476173 3.7054746 2.7059479 2.9351938 2.6085715 2.7872476 2.7066015 3.5630580 3.3254156 3.6326451 3.3225308 3.5012648 3.5194879 3.0880103 3.0041540 3.0041540 2.9374459 2.9024975 2.9262430 2.9353620 1.9259305 
Horcal_Hcv1.av93.c2.g1137.i2                           2.0980696 0.0000010 0.0000000 0.1745742 0.6139040 1.1136514 1.2458330 1.1706089 1.1471070 1.0324728 1.1098428 1.0171438 1.2450168 1.3031193 1.6195119 1.6237222 2.2160112 2.9623614 2.8151185 3.1666739 2.8229509 3.0416886 2.7731347 2.9722889 2.5782476 2.9277056 2.8978648 3.3175824 2.6601058 3.0734005 2.9882707 2.5588860 3.7691294 2.3102283 2.2440281 3.1899172 2.9177040 1.4989290 2.5036875 2.9274397 2.8495012 2.7461348 2.4282731 2.6791390 2.1276682 2.4476173 3.7054746 2.7059479 2.9351938 2.6085715 2.7872476 2.7066015 3.5630580 3.3254156 3.6326451 3.3225308 3.5012648 3.5194879 3.0880103 3.0041540 3.0041540 2.9374459 2.9024975 2.9262430 2.9353620 1.9259305 
Pbac_sb2643264                                         2.1073074 0.1745742 0.1745742 0.0000000 0.8908413 1.5231885 1.5672419 1.5187345 1.4937107 1.4137891 1.3744196 1.3009264 1.6512880 1.7461409 2.0635395 2.1300789 2.8295891 3.4060330 3.3554743 3.1654757 3.3158568 3.6220747 3.1600176 3.4215061 2.9998905 3.3333365 3.2355824 3.7299743 3.0732787 3.4844155 3.3790936 2.9678900 3.8484498 2.9419293 2.9705280 3.5042652 3.4289414 2.6687392 2.9741265 3.4319634 3.2984602 3.2705603 2.9336624 3.2231720 2.5294111 2.8731459 4.1152716 3.3837324 3.2120343 3.0049880 3.1109217 3.0341033 3.8760378 3.9129917 3.9261719 3.7085859 3.7959870 3.9261888 3.6469673 3.4196711 3.4196711 3.3870082 3.3576761 3.3532018 3.3634911 2.0843329 
Bolinf_Binf_sb1265630                                  0.7648491 0.6139040 0.6139040 0.8908413 0.0000000 0.0565019 0.1816501 0.1816501 0.1592484 0.1592484 0.1871410 0.1871410 0.4548820 0.4873231 0.5591094 0.5956308 1.7198007 2.2051343 2.1338964 2.2866653 2.0573676 2.2979470 2.1405162 2.3743805 2.2478793 2.2563630 2.4255630 2.6590257 2.2226233 2.3539859 2.2292659 2.0519548 2.2482016 2.0774033 2.0877398 2.1253344 1.7511280 1.4973950 1.7722779 1.9748084 2.0687546 2.3257289 1.9215540 2.0907575 2.0978658 2.0763514 4.0157224 2.1117205 2.2193741 2.1602591 1.9504667 2.2881050 2.6542409 2.2044606 2.6521964 2.3463354 2.5622132 2.5936108 2.3029052 2.3884579 2.3884579 2.5322966 2.5307844 2.4349870 2.4567301 0.6810928 
Mlei_ML0001.g6.i1                                      1.1159448 1.1136514 1.1136514 1.5231885 0.0565019 0.0000000 0.2755092 0.2732151 0.2154582 0.2010616 0.2210935 0.2103867 0.6691890 0.7224407 0.7609758 0.9679359 2.0375119 2.9849233 2.9798410 3.5081052 3.0154247 3.5260027 3.0823587 3.1985515 2.5517662 3.1216419 3.3005880 3.7724745 3.0859848 3.0754452 3.0397480 2.6762860 3.0597013 2.4798920 2.4750932 3.0796240 2.6671953 1.4516226 2.3316853 2.8754980 2.9019980 3.0197303 2.6995100 2.8073052 2.2248450 2.7517176 4.2016013 2.9437309 2.7492740 3.0496771 2.8110820 2.9708781 3.3707309 3.1453268 3.6012050 3.5059683 3.6319160 3.6249375 2.9225045 2.8674653 2.8674653 3.0326102 2.9748802 2.9955980 3.0084994 1.5799833 
Mertsp_Mesp_sb562566                                   0.9144375 1.2458330 1.2458330 1.5672419 0.1816501 0.2755092 0.0000000 0.0000010 0.0000010 0.0000010 0.0027669 0.0032117 0.6878587 0.7200255 0.8063762 1.0048754 2.2649779 3.1777241 3.0717701 3.5884484 3.2699698 3.6707741 3.2112321 3.1873142 2.6261320 3.0433144 3.1631219 3.9025240 3.1951144 3.2026237 3.1306876 3.0199597 3.3074701 2.5861176 2.7052601 2.9651949 2.9259735 1.5079857 2.5972419 3.0171439 2.8989980 3.2111373 2.8668523 3.1526759 2.4188899 2.8141499 4.2329917 3.1166000 3.1408758 3.1105892 2.9307835 3.2057718 3.4514345 3.1688345 3.5364261 3.2977535 3.4079327 3.3411454 3.1031652 2.9417520 2.9417520 3.1108328 3.0444682 3.0441232 3.0600528 1.5530521 
Mertsp_Mesp_sb562569                                   0.9532548 1.1706089 1.1706089 1.5187345 0.1816501 0.2732151 0.0000010 0.0000000 0.0000010 0.0000010 0.0032117 0.0032117 0.6498994 0.6902925 0.7733066 0.8705770 2.2983314 3.0854809 3.0752959 3.1825456 3.1708600 3.7037047 3.1766598 3.0953939 2.6261320 2.9776836 3.1437052 3.8364610 3.0705151 3.1932135 3.0578648 2.9676281 2.8952527 2.5861176 2.7052601 2.7143625 2.7122101 1.5079857 2.2638470 2.8325685 2.6419884 3.1929090 2.8055408 2.9354675 2.4188899 2.7019255 4.3884139 3.0486538 3.1164037 2.9599797 2.9631372 3.1703964 3.3232339 3.0120663 3.2569270 2.9918341 3.0636171 3.1376312 2.7866996 2.8659642 2.8659642 3.0679317 2.9911394 2.9490518 2.9667332 1.5530521 
Mertsp_Mesp_sb562568                                   0.9144375 1.1471070 1.1471070 1.4937107 0.1592484 0.2154582 0.0000010 0.0000010 0.0000000 0.0000010 0.0000010 0.0000010 0.7154696 0.7248873 0.7697605 1.0048754 1.9169647 3.2861175 3.1071657 4.0192220 3.4130547 4.0390103 3.4421157 3.4282116 2.6456071 3.2998727 3.2946612 3.7691905 3.3751311 3.3809314 3.2673371 3.0571787 4.0777254 2.5580988 2.5410987 3.0259681 2.9862547 1.5651134 2.9657637 2.9065840 2.9467018 3.2542613 3.1151072 3.3053578 2.7024427 3.1386371 4.2329917 3.1760758 3.2616445 3.2413851 2.9994064 3.3554038 3.4646367 3.0248319 3.5713706 3.4899602 3.5085831 3.3865311 3.3587264 2.9309422 2.9309422 3.2407678 3.1436823 3.1840753 3.1919442 0.6767047 
Mertsp_Mesp_sb562571                                   0.9532548 1.0324728 1.0324728 1.4137891 0.1592484 0.2010616 0.0000010 0.0000010 0.0000010 0.0000000 0.0000010 0.0000010 0.6797693 0.6853692 0.7193342 0.8705770 1.9880921 3.1693031 3.1181195 3.4197159 3.2910105 4.1970354 3.4342987 3.3341010 2.6456071 3.2493164 3.2918165 3.6637639 3.2239140 3.3980665 3.1848023 2.9879485 3.4740339 2.5580988 2.5410987 2.6816681 2.6830391 1.5651134 2.5685616 2.6380175 2.5913892 3.2340466 3.0671879 3.0372820 2.7024427 3.0405908 4.3884139 3.0873286 3.2410894 3.0391856 3.0574589 3.3293004 3.2885452 2.7916388 3.1850439 3.0683822 3.0343057 3.1079032 2.9821454 2.8240953 2.8240953 3.2032468 3.0854853 3.0707588 3.0799051 0.6767047 
Mertsp_Mesp_sb562567                                   0.9144375 1.1098428 1.1098428 1.3744196 0.1871410 0.2210935 0.0027669 0.0032117 0.0000010 0.0000010 0.0000000 0.0000010 0.6878587 0.6727523 0.7609643 1.0048754 1.7888385 3.0237988 2.8730371 3.4587564 2.9259792 3.5602739 3.0956084 3.1134645 2.3995967 2.9336003 3.0543214 3.8297491 3.0297291 3.1809807 2.9893779 2.8656234 3.3193340 2.3867147 2.3811958 2.7145229 2.7249299 1.5079857 2.5972419 2.6997851 2.7146341 3.0849786 2.7975657 3.1753367 2.4188899 2.8449768 4.2329917 2.8976176 2.9847150 2.9891588 2.7315148 3.0197044 3.1266042 2.8755545 3.2554369 3.0682175 3.2142203 3.0941236 3.0741637 2.8536100 2.8536100 3.0748397 3.0031469 3.0220498 3.0394320 0.6218041 
Mertsp_Mesp_sb562570                                   0.9532548 1.0171438 1.0171438 1.3009264 0.1871410 0.2103867 0.0032117 0.0032117 0.0000010 0.0000010 0.0000010 0.0000000 0.6498994 0.6347380 0.7191309 0.8705770 1.8204835 2.9050297 2.8515112 3.0024556 2.7856342 3.5754514 3.0418969 3.0040382 2.3995967 2.8483991 3.0175731 3.7406139 2.8774434 3.1674186 2.8922981 2.7898473 2.8800790 2.3867147 2.3811958 2.4325305 2.4757270 1.5079857 2.2638470 2.4761797 2.4221114 3.0508214 2.7204171 2.9534356 2.4188899 2.7327868 4.3884139 2.7957417 2.9432809 2.8117637 2.7397726 2.9569213 2.9652301 2.6795915 2.9376002 2.7284198 2.8290680 2.8599022 2.7556201 2.7591367 2.7591367 3.0223277 2.9385454 2.9139482 2.9334373 0.6218041 
Coeast_Cast_sb806270                                   1.2723715 1.2450168 1.2450168 1.6512880 0.4548820 0.6691890 0.6878587 0.6498994 0.7154696 0.6797693 0.6878587 0.6498994 0.0000000 0.0484949 0.7804507 1.1243223 1.6153681 2.5847897 2.4936918 2.9805605 2.7518061 3.2498848 2.7607110 2.8718864 2.2088234 2.7964025 2.9073629 3.0997829 2.6221637 2.8090663 2.6294416 2.4691700 3.1845473 2.0772592 2.0658236 2.6940982 2.6222395 1.5326911 2.5220256 2.5396857 2.6980623 2.8856556 2.6887969 2.8945446 2.3611242 2.7058244 3.9679305 2.4771299 2.6568190 2.7671779 2.4489451 2.5754050 3.0903787 2.8824066 3.2928004 3.0095826 3.0312682 3.1514402 2.8996731 2.8269457 2.8269457 3.0000741 2.9935758 2.8509853 2.8716152 0.2583739 
Coemet_Cmet_scaffold7183_01                            1.3376947 1.3031193 1.3031193 1.7461409 0.4873231 0.7224407 0.7200255 0.6902925 0.7248873 0.6853692 0.6727523 0.6347380 0.0484949 0.0000000 0.8495984 1.1531579 2.2090569 2.7112604 2.6681547 3.0569848 2.7805560 3.1983773 2.8112069 2.8880758 2.4315702 2.7827762 2.9331694 3.3217940 2.7770522 2.9018653 2.8094321 2.6111469 2.9549364 2.3045653 2.2432378 2.7152209 2.4977068 1.5506864 2.3866939 2.8233905 2.6240356 2.9661865 2.7306497 2.8603977 2.1979418 2.5261547 3.8873125 2.6830997 2.7725277 2.8734315 2.5401503 2.5635901 3.1200617 3.2043579 3.3341411 3.1189567 3.2077848 3.2702711 2.8067591 2.7378556 2.7378556 3.0572561 3.0641360 2.8769222 2.8924356 1.2871349 
Lampan_Lpan_4709_01                                    1.2123068 1.6195119 1.6195119 2.0635395 0.5591094 0.7609758 0.8063762 0.7733066 0.7697605 0.7193342 0.7609643 0.7191309 0.7804507 0.8495984 0.0000000 1.1747517 2.0125950 2.8328443 2.7415363 3.0713641 3.1970225 3.8407785 3.3551811 3.2941192 2.5668051 3.1336414 3.2418412 3.7514144 3.0545818 3.2699402 3.3702161 2.8938538 3.6197855 2.7186554 2.5684852 3.0164496 2.9240748 1.6051616 2.7453857 2.9542894 3.0994939 3.1731368 3.1064460 3.0711674 2.7405439 2.8213559 4.2361246 3.0690316 3.0006369 3.4373633 2.9845205 3.0961833 3.7624252 3.3756122 3.4859070 3.1307696 3.2894453 3.2911021 2.8855076 2.9327262 2.9327262 3.0712513 3.0678755 3.0444292 3.0651645 1.3559219 
Lampan_Lpan_C406203_01                                 1.8245592 1.6237222 1.6237222 2.1300789 0.5956308 0.9679359 1.0048754 0.8705770 1.0048754 0.8705770 1.0048754 0.8705770 1.1243223 1.1531579 1.1747517 0.0000000 1.7766303 3.0830785 2.8992972 4.1693324 3.2031480 3.5024107 3.1703770 3.2897207 2.2909206 3.1579762 3.0797786 3.1012648 3.0663789 3.2468570 3.2953957 3.2213281 4.5621684 2.3184606 2.2157238 3.0008577 3.0117479 1.6053810 3.3704053 3.5838504 2.9200036 3.0276878 3.0868780 3.3682629 2.6084264 3.0257432 4.2061697 2.8704258 2.9286641 3.1885015 3.2682598 3.5715895 4.0026906 3.3393252 4.0034626 3.7449834 3.6080318 3.5248550 3.7810773 3.0145453 3.0145453 3.2448859 3.2953664 3.2254930 3.2259106 0.0000010 
Sanmal_Sma_017093-T1                                   1.4293267 2.2160112 2.2160112 2.8295891 1.7198007 2.0375119 2.2649779 2.2983314 1.9169647 1.9880921 1.7888385 1.8204835 1.6153681 2.2090569 2.0125950 1.7766303 0.0000000 0.4578687 0.4405720 0.3726419 0.7111521 1.3611786 1.2123606 1.2305640 1.3114089 1.3241422 1.1848512 1.4336298 1.3645809 1.4457796 1.4385558 1.3980910 1.1907458 2.0147806 1.8478874 1.8683567 1.9001617 1.2536796 1.1859523 2.1858527 1.9534412 2.1660145 1.6093969 1.3153678 1.1352332 1.1232408 7.0432028 1.4973998 1.4280199 1.4929557 1.0483507 1.5318778 1.7073890 1.9339602 2.5985798 2.3294298 2.4246449 2.2588805 1.1695374 1.7326363 1.7326363 1.7915024 1.7907079 1.8107107 1.7754453 2.4149531 
Nemnom_g10806.t1                                       3.6923352 2.9623614 2.9623614 3.4060330 2.2051343 2.9849233 3.1777241 3.0854809 3.2861175 3.1693031 3.0237988 2.9050297 2.5847897 2.7112604 2.8328443 3.0830785 0.4578687 0.0000000 0.1982917 0.5793428 1.1229039 1.6430394 1.4526994 1.6092695 1.2186866 1.7224467 1.6610889 1.8111192 1.6106163 1.7258882 1.6562793 1.7567717 2.4927021 2.0042700 1.9113388 2.3399880 2.2474754 1.3818534 2.3081273 2.7097270 2.2525652 2.3458110 1.8628831 1.7563527 1.5206770 1.7764110 2.5730486 1.8898319 1.6899914 1.8158475 1.4780016 1.9436909 2.5045978 2.4647293 2.8609939 2.5668055 2.9329525 2.5612201 2.3494810 2.4514421 2.4514421 2.4345605 2.4159241 2.5490340 2.5417382 2.6934293 
Rhoesc_Res_012306-T1                                   3.4195846 2.8151185 2.8151185 3.3554743 2.1338964 2.9798410 3.0717701 3.0752959 3.1071657 3.1181195 2.8730371 2.8515112 2.4936918 2.6681547 2.7415363 2.8992972 0.4405720 0.1982917 0.0000000 0.5388969 1.0773816 1.5872714 1.3976897 1.5160121 1.2254439 1.5794077 1.5082920 1.7122766 1.4956402 1.7146424 1.6032773 1.7438847 2.2486302 1.9872267 1.9368185 2.3033265 2.1877234 1.2846294 2.1468744 2.4914901 2.2662026 2.3301347 1.7799704 1.7150993 1.6221489 1.5964869 2.2399598 1.8175012 1.5876913 1.5986938 1.5011206 1.8949808 2.4777149 2.3002779 2.7670035 2.5225128 2.7857368 2.4531211 2.2788920 2.3147527 2.3147527 2.3831118 2.3054847 2.4461588 2.4359268 2.7166859 
Aaur_scaffold294.g8.t2                                 4.2086296 3.1666739 3.1666739 3.1654757 2.2866653 3.5081052 3.5884484 3.1825456 4.0192220 3.4197159 3.4587564 3.0024556 2.9805605 3.0569848 3.0713641 4.1693324 0.3726419 0.5793428 0.5388969 0.0000000 1.2078213 2.0042972 1.6591525 1.7306593 1.0943710 1.8179960 1.7187546 1.8987046 1.7675770 1.8154300 1.8017879 1.9993128 2.6268560 2.1230955 1.9680234 2.7260275 2.1678771 1.2931161 2.7175821 3.0712660 2.5941575 2.4795562 1.9167746 1.8039304 1.5063668 1.7602335 2.3212118 2.0061808 1.8498650 1.9014943 1.7438708 2.2038990 2.7598500 2.6297825 2.8511591 2.6948673 2.9521342 2.8047396 2.6370762 2.8526297 2.8526297 2.8613659 2.8071722 2.8136992 2.7822323 2.5137516 
Morvir_scaffold100.g57.t2                              3.4368174 2.8229509 2.8229509 3.3158568 2.0573676 3.0154247 3.2699698 3.1708600 3.4130547 3.2910105 2.9259792 2.7856342 2.7518061 2.7805560 3.1970225 3.2031480 0.7111521 1.1229039 1.0773816 1.2078213 0.0000000 1.6684373 1.4398354 1.4884789 1.1370347 1.5050111 1.4951585 1.6436261 1.5262519 1.8016274 1.7086318 1.8399923 2.5303922 2.2042127 2.1057610 2.4510377 2.4244555 1.5687313 2.2256384 2.7200084 2.5427560 2.4198818 1.9056328 1.8173927 1.6722039 1.7192264 2.2451833 1.8595637 1.7510886 1.7625219 1.3520447 1.9423781 2.4878726 2.5992169 2.8725863 2.7977947 3.0182277 2.9303583 2.5006887 2.3744357 2.3744357 2.6032128 2.5891973 2.4669837 2.4536825 2.7807523 
Nvec_v1g223039                                         4.4844364 3.0416886 3.0416886 3.6220747 2.2979470 3.5260027 3.6707741 3.7037047 4.0390103 4.1970354 3.5602739 3.5754514 3.2498848 3.1983773 3.8407785 3.5024107 1.3611786 1.6430394 1.5872714 2.0042972 1.6684373 0.0000000 0.0305111 0.7099224 0.5209508 0.7930040 0.6675791 0.7891505 0.7796507 1.5741177 1.3853119 1.7431936 2.5638447 2.3514306 2.2877213 2.4390186 2.4150812 1.4478494 2.4674850 3.0133256 2.8679667 2.2156878 1.7905956 1.8191451 1.5895420 1.7605115 2.3592128 1.7801114 1.4693889 1.6600246 1.7606229 1.7438925 2.6806205 3.0674205 3.3492350 3.2685941 3.3661717 3.3657861 2.6569429 2.4683873 2.4683873 2.5987111 2.5409498 2.4399613 2.4400823 2.7594880 
Nvec_v1g215863                                         3.8859473 2.7731347 2.7731347 3.1600176 2.1405162 3.0823587 3.2112321 3.1766598 3.4421157 3.4342987 3.0956084 3.0418969 2.7607110 2.8112069 3.3551811 3.1703770 1.2123606 1.4526994 1.3976897 1.6591525 1.4398354 0.0305111 0.0000000 0.6404170 0.4804245 0.7029596 0.6162686 0.7488015 0.6399073 1.3970169 1.2479523 1.6204791 2.3706147 2.1154208 2.1249212 2.2983101 2.2441990 1.3233429 2.2737622 2.7150396 2.6362114 2.0349910 1.6158389 1.6818468 1.5704050 1.5528729 2.0611755 1.6333599 1.4146361 1.5132950 1.5560270 1.6279615 2.4206039 2.6980232 3.0345159 2.8652634 3.0003416 3.0134863 2.3730128 2.3136787 2.3136787 2.4854169 2.4401551 2.3348593 2.3357010 2.5451302 
Gasp_gasp1.m3.22586.m1                                 3.8771504 2.9722889 2.9722889 3.4215061 2.3743805 3.1985515 3.1873142 3.0953939 3.4282116 3.3341010 3.1134645 3.0040382 2.8718864 2.8880758 3.2941192 3.2897207 1.2305640 1.6092695 1.5160121 1.7306593 1.4884789 0.7099224 0.6404170 0.0000000 0.1265425 0.2567965 0.2653562 0.3396184 0.8130430 1.4528646 1.3398636 1.6915106 2.5226701 1.9545625 1.8516538 2.2767813 2.2628291 1.3762625 2.3917142 2.5647091 2.6326624 2.0592665 1.5826236 1.6363943 1.5061198 1.4960236 1.8488046 1.6757236 1.6089137 1.5623204 1.5462652 1.7772242 2.3465567 2.6338815 2.7725935 2.6417749 2.8659316 2.7297805 2.4346970 2.2142636 2.2142636 2.3439956 2.3627566 2.2257660 2.2273961 2.9828037 
Fspp_ffun1.m4.13903.m1                                 2.9158726 2.5782476 2.5782476 2.9998905 2.2478793 2.5517662 2.6261320 2.6261320 2.6456071 2.6456071 2.3995967 2.3995967 2.2088234 2.4315702 2.5668051 2.2909206 1.3114089 1.2186866 1.2254439 1.0943710 1.1370347 0.5209508 0.4804245 0.1265425 0.0000000 0.1616302 0.1502088 0.2201456 0.6621643 1.2971573 1.3002431 1.6946947 2.0801754 1.8709103 1.7593023 1.9476366 1.7610554 1.3099484 1.6831267 2.0449066 2.3405950 2.0928748 1.5156396 1.5391695 1.5450583 1.4150136 2.6414587 1.4653936 1.5263409 1.5803431 1.3592676 1.8789958 2.0660851 2.3150026 2.8133529 2.4794533 2.5839046 2.8144370 1.9494705 2.0649812 2.0649812 2.2888498 2.3180658 2.1468338 2.1503801 2.9284791 
Spis_XP_022807122_1                                    3.7896906 2.9277056 2.9277056 3.3333365 2.2563630 3.1216419 3.0433144 2.9776836 3.2998727 3.2493164 2.9336003 2.8483991 2.7964025 2.7827762 3.1336414 3.1579762 1.3241422 1.7224467 1.5794077 1.8179960 1.5050111 0.7930040 0.7029596 0.2567965 0.1616302 0.0000000 0.3277374 0.4410147 0.8494576 1.4511001 1.3669024 1.7628405 2.4906456 1.9124263 1.8651167 2.2464970 2.2538851 1.4308909 2.2950335 2.5127679 2.6308153 2.0217228 1.6187133 1.6529986 1.5796448 1.4911733 1.8552825 1.6632464 1.5227401 1.6159418 1.5898510 1.8417514 2.3965082 2.8177472 2.8134783 2.6582272 2.8365282 2.8430167 2.4505964 2.0983877 2.0983877 2.2296583 2.2576797 2.0341199 2.0470999 2.7807870 
Gfas_gfas1.m1.15315.m1                                 3.4329151 2.8978648 2.8978648 3.2355824 2.4255630 3.3005880 3.1631219 3.1437052 3.2946612 3.2918165 3.0543214 3.0175731 2.9073629 2.9331694 3.2418412 3.0797786 1.1848512 1.6610889 1.5082920 1.7187546 1.4951585 0.6675791 0.6162686 0.2653562 0.1502088 0.3277374 0.0000000 0.3096636 0.7965780 1.4072797 1.3394135 1.6717910 2.3712142 2.0476202 1.9739095 2.2777440 2.1422513 1.3292371 2.3728816 2.7307026 2.5994297 1.9974897 1.6368660 1.6200052 1.4962241 1.4663767 1.8939361 1.6401038 1.5016991 1.5236691 1.5599328 1.8523670 2.3312387 2.5867301 2.8383904 2.7077951 2.8734574 2.7414976 2.6498556 2.2406764 2.2406764 2.4134973 2.3895743 2.2753384 2.2635085 2.9109544 
Amil_Amillepora20710-RA                                4.0135497 3.3175824 3.3175824 3.7299743 2.6590257 3.7724745 3.9025240 3.8364610 3.7691905 3.6637639 3.8297491 3.7406139 3.0997829 3.3217940 3.7514144 3.1012648 1.4336298 1.8111192 1.7122766 1.8987046 1.6436261 0.7891505 0.7488015 0.3396184 0.2201456 0.4410147 0.3096636 0.0000000 0.9276222 1.4657074 1.4422733 1.8496415 2.9581830 2.3537849 2.3877434 2.4650256 2.4503148 1.5047383 2.7828617 3.1828996 3.1255984 2.0542009 1.7956867 1.7783063 1.4726353 1.7717138 2.0974838 1.7858032 1.7106695 1.6751837 1.6981023 2.0550358 2.7871029 3.0012033 3.2821524 3.0992934 3.2444923 3.3308314 2.9771833 2.5747168 2.5747168 2.6822138 2.6736830 2.4094314 2.3945598 4.4088014 
Exapal_XM_021039149.2                                  3.8022717 2.6601058 2.6601058 3.0732787 2.2226233 3.0859848 3.1951144 3.0705151 3.3751311 3.2239140 3.0297291 2.8774434 2.6221637 2.7770522 3.0545818 3.0663789 1.3645809 1.6106163 1.4956402 1.7675770 1.5262519 0.7796507 0.6399073 0.8130430 0.6621643 0.8494576 0.7965780 0.9276222 0.0000000 1.5075486 1.4075290 1.5971125 2.2533907 2.0574287 2.0156614 2.3739587 2.2683806 1.5044546 2.3038584 2.6638916 2.5248059 1.9819407 1.6672000 1.5793367 1.5662150 1.4073779 1.7590535 1.6470755 1.4361540 1.5916488 1.5031928 1.7230806 2.4234594 2.7693988 3.2441922 2.8000149 3.0110124 3.0063377 2.4307960 2.2782104 2.2782104 2.1757960 2.1459166 2.1552840 2.1429909 2.9651895 
Xesp_002798-T1                                         3.8335709 3.0734005 3.0734005 3.4844155 2.3539859 3.0754452 3.2026237 3.1932135 3.3809314 3.3980665 3.1809807 3.1674186 2.8090663 2.9018653 3.2699402 3.2468570 1.4457796 1.7258882 1.7146424 1.8154300 1.8016274 1.5741177 1.3970169 1.4528646 1.2971573 1.4511001 1.4072797 1.4657074 1.5075486 0.0000000 0.3876606 1.8436271 2.1025626 2.1839593 2.1072719 2.4332827 2.2342018 1.1765628 1.8980140 2.2987619 2.1535296 2.1841942 1.6713269 1.6392205 1.6482537 1.5973576 1.8371467 1.7015255 1.6364451 1.6285238 1.8752662 1.7820361 2.3085885 2.4035517 3.0402764 2.8670212 2.8422509 2.8207371 2.3143001 2.2578037 2.2578037 2.4414326 2.3980835 2.3439449 2.3138187 3.7243521 
Dgig_XM_028549238.1                                    3.8179073 2.9882707 2.9882707 3.3790936 2.2292659 3.0397480 3.1306876 3.0578648 3.2673371 3.1848023 2.9893779 2.8922981 2.6294416 2.8094321 3.3702161 3.2953957 1.4385558 1.6562793 1.6032773 1.8017879 1.7086318 1.3853119 1.2479523 1.3398636 1.3002431 1.3669024 1.3394135 1.4422733 1.4075290 0.3876606 0.0000000 1.9427866 2.2658556 2.1345188 2.1385633 2.2416609 2.1287246 1.3364420 2.1124391 2.5122494 2.3250279 2.1765491 1.6264252 1.7344299 1.6031046 1.5177147 1.7925041 1.6493036 1.6896231 1.5881517 1.8717014 1.7722732 2.3308110 2.3175350 3.0700654 2.9341167 3.0056508 2.9274772 2.3421025 2.3196458 2.3196458 2.5084680 2.4980168 2.4008479 2.3730565 3.8316732 
Hsap_ENST00000019317                                   3.7244681 2.5588860 2.5588860 2.9678900 2.0519548 2.6762860 3.0199597 2.9676281 3.0571787 2.9879485 2.8656234 2.7898473 2.4691700 2.6111469 2.8938538 3.2213281 1.3980910 1.7567717 1.7438847 1.9993128 1.8399923 1.7431936 1.6204791 1.6915106 1.6946947 1.7628405 1.6717910 1.8496415 1.5971125 1.8436271 1.9427866 0.0000000 1.9748096 1.8939203 1.9472140 2.3706542 2.0346951 1.2393959 2.0418763 2.3459672 2.3486447 1.9029305 1.4056945 1.3229084 1.5321655 1.2442845 1.6201921 1.4958803 1.2430312 1.3620673 1.8334813 1.4908627 2.5937682 2.6349606 2.8515412 2.6275614 2.8120347 2.8423106 2.4257105 2.4223667 2.4223667 2.3404986 2.3146899 2.3265093 2.3296474 2.6734499 
Stycar_maker-SC_scaffold6853-snap-gene-0.57-mRNA-1     6.2232279 3.7691294 3.7691294 3.8484498 2.2482016 3.0597013 3.3074701 2.8952527 4.0777254 3.4740339 3.3193340 2.8800790 3.1845473 2.9549364 3.6197855 4.5621684 1.1907458 2.4927021 2.2486302 2.6268560 2.5303922 2.5638447 2.3706147 2.5226701 2.0801754 2.4906456 2.3712142 2.9581830 2.2533907 2.1025626 2.2658556 1.9748096 0.0000000 1.0542221 0.9907796 1.4060612 1.7529840 0.1549674 1.2390304 1.5161179 1.1213716 2.5059031 2.3034394 2.1311281 1.9861227 2.1232100 3.2827215 2.1421001 2.2048531 1.9759463 2.4363582 2.3886567 2.5928996 2.5953531 2.7118679 2.8282300 2.8170594 2.4463813 2.4115277 2.8061348 2.8061348 2.8543229 2.8873775 2.8903278 2.8874834 2.5059290 
Halamb_c46854_g1_i4mm.2080                             3.3420262 2.3102283 2.3102283 2.9419293 2.0774033 2.4798920 2.5861176 2.5861176 2.5580988 2.5580988 2.3867147 2.3867147 2.0772592 2.3045653 2.7186554 2.3184606 2.0147806 2.0042700 1.9872267 2.1230955 2.2042127 2.3514306 2.1154208 1.9545625 1.8709103 1.9124263 2.0476202 2.3537849 2.0574287 2.1839593 2.1345188 1.8939203 1.0542221 0.0000000 0.3535352 0.4344168 1.3875096 0.9992069 0.8923493 1.1092425 1.1018076 2.2352242 1.7287260 1.5014553 1.8277137 1.4316229 2.6517793 1.9476119 1.8670576 1.8617159 2.0455949 2.0451624 2.0790967 1.9651812 2.3782516 2.3485296 2.3461550 2.2947136 1.7903831 2.7017553 2.7017553 2.6654484 2.7082761 2.6988617 2.6964519 4.1606337 
Xestes_maker-XT_scaffold4244-augustus-gene-0.23-mRNA-1 3.0460919 2.2440281 2.2440281 2.9705280 2.0877398 2.4750932 2.7052601 2.7052601 2.5410987 2.5410987 2.3811958 2.3811958 2.0658236 2.2432378 2.5684852 2.2157238 1.8478874 1.9113388 1.9368185 1.9680234 2.1057610 2.2877213 2.1249212 1.8516538 1.7593023 1.8651167 1.9739095 2.3877434 2.0156614 2.1072719 2.1385633 1.9472140 0.9907796 0.3535352 0.0000000 0.4342365 1.2426685 0.8875532 0.9344456 1.1257788 1.0336633 2.2852797 1.7913693 1.5285890 1.7721899 1.3964288 3.0295459 1.9205012 1.8285756 1.8277997 1.9181877 1.9525685 2.1208922 1.9192287 2.2249114 2.1970381 2.2230487 2.1798805 1.5379117 2.3558618 2.3558618 2.3615671 2.4367628 2.4568780 2.4545111 3.5228044 
Aque_Aqu2.1.43325_001                                  3.9818505 3.1899172 3.1899172 3.5042652 2.1253344 3.0796240 2.9651949 2.7143625 3.0259681 2.6816681 2.7145229 2.4325305 2.6940982 2.7152209 3.0164496 3.0008577 1.8683567 2.3399880 2.3033265 2.7260275 2.4510377 2.4390186 2.2983101 2.2767813 1.9476366 2.2464970 2.2777440 2.4650256 2.3739587 2.4332827 2.2416609 2.3706542 1.4060612 0.4344168 0.4342365 0.0000000 1.6703963 0.9519775 1.3355647 1.5372612 1.3375685 2.6608441 2.2178796 2.0626959 1.8072875 1.9857624 3.3341102 2.2851879 2.1906887 2.1297211 2.5908466 2.2310075 2.4450033 2.4538521 2.8801931 2.8445995 2.8177870 2.8750017 2.2191075 2.7914592 2.7914592 2.7553333 2.7698231 2.7613166 2.7399567 3.3768710 
Plespi_Pspi_C610356_01                                 4.4667642 2.9177040 2.9177040 3.4289414 1.7511280 2.6671953 2.9259735 2.7122101 2.9862547 2.6830391 2.7249299 2.4757270 2.6222395 2.4977068 2.9240748 3.0117479 1.9001617 2.2474754 2.1877234 2.1678771 2.4244555 2.4150812 2.2441990 2.2628291 1.7610554 2.2538851 2.1422513 2.4503148 2.2683806 2.2342018 2.1287246 2.0346951 1.7529840 1.3875096 1.2426685 1.6703963 0.0000000 0.8142893 1.3389457 1.6687131 1.4423680 2.6318124 2.3495671 2.1273961 1.5040642 2.0163019 3.2317260 2.3671638 2.1076357 2.1299815 2.3546516 2.2822077 2.7060332 2.3314546 3.3298299 3.0470096 3.1749470 3.0022194 2.4605529 2.7469840 2.7469840 2.7047920 2.6778268 2.6821765 2.6821229 3.6033591 
Stycar_maker-SC_scaffold45419-augustus-gene-0.2-mRNA-1 0.0000010 1.4989290 1.4989290 2.6687392 1.4973950 1.4516226 1.5079857 1.5079857 1.5651134 1.5651134 1.5079857 1.5079857 1.5326911 1.5506864 1.6051616 1.6053810 1.2536796 1.3818534 1.2846294 1.2931161 1.5687313 1.4478494 1.3233429 1.3762625 1.3099484 1.4308909 1.3292371 1.5047383 1.5044546 1.1765628 1.3364420 1.2393959 0.1549674 0.9992069 0.8875532 0.9519775 0.8142893 0.0000000 0.8755556 0.8665252 0.8443333 1.8499970 1.3717437 1.4064739 1.8136257 1.1900590 8.9999982 1.1076186 1.2381817 1.4103932 1.4277177 1.4155412 1.5672110 1.3685653 1.7597686 1.5526514 1.5814845 1.7437508 1.4388521 2.1334536 2.1334536 2.2658435 2.3560166 2.2608817 2.2608817 1.3209970 
Spolac_c102941_g2_i1_m.31752c102941-g2                 4.5398595 2.5036875 2.5036875 2.9741265 1.7722779 2.3316853 2.5972419 2.2638470 2.9657637 2.5685616 2.5972419 2.2638470 2.5220256 2.3866939 2.7453857 3.3704053 1.1859523 2.3081273 2.1468744 2.7175821 2.2256384 2.4674850 2.2737622 2.3917142 1.6831267 2.2950335 2.3728816 2.7828617 2.3038584 1.8980140 2.1124391 2.0418763 1.2390304 0.8923493 0.9344456 1.3355647 1.3389457 0.8755556 0.0000000 0.2246833 1.2129910 2.6337730 2.1531092 2.2556652 1.8888439 2.0552237 3.2997942 2.0646263 1.9473326 1.9736842 2.2592145 2.2601934 2.2601607 2.0259354 2.9415472 2.9345434 3.0077855 2.7092789 2.4954020 2.6099025 2.6099025 2.8028521 2.7677719 2.9697772 2.9820034 1.2934554 
Emue_Em0020g839a.t1                                    4.1865826 2.9274397 2.9274397 3.4319634 1.9748084 2.8754980 3.0171439 2.8325685 2.9065840 2.6380175 2.6997851 2.4761797 2.5396857 2.8233905 2.9542894 3.5838504 2.1858527 2.7097270 2.4914901 3.0712660 2.7200084 3.0133256 2.7150396 2.5647091 2.0449066 2.5127679 2.7307026 3.1828996 2.6638916 2.2987619 2.5122494 2.3459672 1.5161179 1.1092425 1.1257788 1.5372612 1.6687131 0.8665252 0.2246833 0.0000000 1.3798508 2.9180152 2.5979788 2.3735321 2.1340374 2.2691753 3.5133267 2.7198249 2.3471552 2.3122941 2.5414262 2.6324898 2.5356437 2.3826843 3.2100385 3.2348446 3.2552331 3.0401848 2.6225604 2.7324080 2.7324080 2.8518643 2.8356379 2.9610292 2.9713643 3.1728155 
Tetwil_g16300.t2                                       3.8265831 2.8495012 2.8495012 3.2984602 2.0687546 2.9019980 2.8989980 2.6419884 2.9467018 2.5913892 2.7146341 2.4221114 2.6980623 2.6240356 3.0994939 2.9200036 1.9534412 2.2525652 2.2662026 2.5941575 2.5427560 2.8679667 2.6362114 2.6326624 2.3405950 2.6308153 2.5994297 3.1255984 2.5248059 2.1535296 2.3250279 2.3486447 1.1213716 1.1018076 1.0336633 1.3375685 1.4423680 0.8443333 1.2129910 1.3798508 0.0000000 2.5731314 2.1715661 2.1385969 1.8441327 1.9143928 2.9408059 2.4575606 2.2640035 2.2304690 2.5414715 2.4677013 2.5174353 2.3068378 2.9009192 2.8684660 2.8431812 2.6958466 2.3834171 2.5547493 2.5547493 2.6369278 2.6805696 2.8758430 2.8898773 3.4239997 
Tcas_TC013625_001                                      4.0396260 2.7461348 2.7461348 3.2705603 2.3257289 3.0197303 3.2111373 3.1929090 3.2542613 3.2340466 3.0849786 3.0508214 2.8856556 2.9661865 3.1731368 3.0276878 2.1660145 2.3458110 2.3301347 2.4795562 2.4198818 2.2156878 2.0349910 2.0592665 2.0928748 2.0217228 1.9974897 2.0542009 1.9819407 2.1841942 2.1765491 1.9029305 2.5059031 2.2352242 2.2852797 2.6608441 2.6318124 1.8499970 2.6337730 2.9180152 2.5731314 0.0000000 1.9268175 1.5913975 1.1632645 1.7694060 2.3769162 1.7777613 1.9521818 1.9251155 2.5787746 2.0895620 2.7171725 2.9451950 3.3200062 3.2231393 3.4762568 3.3722193 3.1580630 2.5585453 2.5585453 2.5532397 2.5538621 2.6555804 2.6607184 3.5647053 
Cgig_XM_034463851.1                                    3.4910860 2.4282731 2.4282731 2.9336624 1.9215540 2.6995100 2.8668523 2.8055408 3.1151072 3.0671879 2.7975657 2.7204171 2.6887969 2.7306497 3.1064460 3.0868780 1.6093969 1.8628831 1.7799704 1.9167746 1.9056328 1.7905956 1.6158389 1.5826236 1.5156396 1.6187133 1.6368660 1.7956867 1.6672000 1.6713269 1.6264252 1.4056945 2.3034394 1.7287260 1.7913693 2.2178796 2.3495671 1.3717437 2.1531092 2.5979788 2.1715661 1.9268175 0.0000000 0.9263449 1.0798329 0.6634306 0.8436649 0.8967546 1.3653739 1.2579457 1.9317015 1.6779597 2.4051965 2.4843281 2.9771885 2.6977635 3.0650130 2.8345506 2.1749829 2.2821548 2.2821548 2.5244924 2.4965852 2.4993283 2.5016950 2.9642585 
Cscu_XM_023365077.1                                    3.8008599 2.6791390 2.6791390 3.2231720 2.0907575 2.8073052 3.1526759 2.9354675 3.3053578 3.0372820 3.1753367 2.9534356 2.8945446 2.8603977 3.0711674 3.3682629 1.3153678 1.7563527 1.7150993 1.8039304 1.8173927 1.8191451 1.6818468 1.6363943 1.5391695 1.6529986 1.6200052 1.7783063 1.5793367 1.6392205 1.7344299 1.3229084 2.1311281 1.5014553 1.5285890 2.0626959 2.1273961 1.4064739 2.2556652 2.3735321 2.1385969 1.5913975 0.9263449 0.0000000 1.0472559 0.9065446 1.1398521 0.9728427 1.2160013 1.2217678 1.6038826 1.5405273 2.2625773 2.5579934 3.0772936 2.7987611 2.8604606 2.8541542 2.3459452 2.3294702 2.3294702 2.3347276 2.3375870 2.5147649 2.5101907 2.8029314 
Dpul_mRNA27300                                         3.7991024 2.1276682 2.1276682 2.5294111 2.0978658 2.2248450 2.4188899 2.4188899 2.7024427 2.7024427 2.4188899 2.4188899 2.3611242 2.1979418 2.7405439 2.6084264 1.1352332 1.5206770 1.6221489 1.5063668 1.6722039 1.5895420 1.5704050 1.5061198 1.5450583 1.5796448 1.4962241 1.4726353 1.5662150 1.6482537 1.6031046 1.5321655 1.9861227 1.8277137 1.7721899 1.8072875 1.5040642 1.8136257 1.8888439 2.1340374 1.8441327 1.1632645 1.0798329 1.0472559 0.0000000 1.0926173 1.5914005 1.1273069 1.2752099 1.3449715 1.6560924 1.4351250 1.7965334 1.9911172 1.9687923 1.8648594 2.1824539 2.1163153 2.3146776 2.0254171 2.0254171 2.0779326 2.0474506 2.2112091 2.2089979 1.5806038 
Acagra_model.g11430.t1                                 3.4828438 2.4476173 2.4476173 2.8731459 2.0763514 2.7517176 2.8141499 2.7019255 3.1386371 3.0405908 2.8449768 2.7327868 2.7058244 2.5261547 2.8213559 3.0257432 1.1232408 1.7764110 1.5964869 1.7602335 1.7192264 1.7605115 1.5528729 1.4960236 1.4150136 1.4911733 1.4663767 1.7717138 1.4073779 1.5973576 1.5177147 1.2442845 2.1232100 1.4316229 1.3964288 1.9857624 2.0163019 1.1900590 2.0552237 2.2691753 1.9143928 1.7694060 0.6634306 0.9065446 1.0926173 0.0000000 0.0950148 0.8185325 1.0768516 1.1819215 1.7041005 1.3946210 2.2015297 2.3386298 2.7945080 2.5604515 2.6757673 2.6705061 2.1707673 2.0791016 2.0791016 2.2708044 2.2499332 2.2910591 2.2444555 2.6626313 
Acagra_model.g11430.t1.1.5d3b8669                      3.4895749 3.7054746 3.7054746 4.1152716 4.0157224 4.2016013 4.2329917 4.3884139 4.2329917 4.3884139 4.2329917 4.3884139 3.9679305 3.8873125 4.2361246 4.2061697 7.0432028 2.5730486 2.2399598 2.3212118 2.2451833 2.3592128 2.0611755 1.8488046 2.6414587 1.8552825 1.8939361 2.0974838 1.7590535 1.8371467 1.7925041 1.6201921 3.2827215 2.6517793 3.0295459 3.3341102 3.2317260 8.9999982 3.2997942 3.5133267 2.9408059 2.3769162 0.8436649 1.1398521 1.5914005 0.0950148 0.0000000 1.0582398 1.5492959 1.5259884 2.1522233 1.8049770 3.1472922 2.8924506 3.2541024 3.2686649 3.3560612 3.4749282 3.6502791 2.4390798 2.4390798 2.8891718 2.7951207 2.6752013 2.5996636 0.0000010 
Ctel_gnl_WGS_AMQN_CAPTEDRAFT_mRNA222246                3.3092496 2.7059479 2.7059479 3.3837324 2.1117205 2.9437309 3.1166000 3.0486538 3.1760758 3.0873286 2.8976176 2.7957417 2.4771299 2.6830997 3.0690316 2.8704258 1.4973998 1.8898319 1.8175012 2.0061808 1.8595637 1.7801114 1.6333599 1.6757236 1.4653936 1.6632464 1.6401038 1.7858032 1.6470755 1.7015255 1.6493036 1.4958803 2.1421001 1.9476119 1.9205012 2.2851879 2.3671638 1.1076186 2.0646263 2.7198249 2.4575606 1.7777613 0.8967546 0.9728427 1.1273069 0.8185325 1.0582398 0.0000000 1.3217377 1.2887407 1.8248460 1.6020360 2.4646016 2.4486369 2.7818163 2.7366797 2.8227410 2.9036950 2.5170820 2.5712217 2.5712217 2.7307247 2.7035908 2.7267290 2.7140839 3.0649125 
Skow_XM_006819615.1                                    3.3724864 2.9351938 2.9351938 3.2120343 2.2193741 2.7492740 3.1408758 3.1164037 3.2616445 3.2410894 2.9847150 2.9432809 2.6568190 2.7725277 3.0006369 2.9286641 1.4280199 1.6899914 1.5876913 1.8498650 1.7510886 1.4693889 1.4146361 1.6089137 1.5263409 1.5227401 1.5016991 1.7106695 1.4361540 1.6364451 1.6896231 1.2430312 2.2048531 1.8670576 1.8285756 2.1906887 2.1076357 1.2381817 1.9473326 2.3471552 2.2640035 1.9521818 1.3653739 1.2160013 1.2752099 1.0768516 1.5492959 1.3217377 0.0000000 1.1646932 1.7626382 1.4344906 2.3732317 2.3936135 2.9630485 2.6542103 2.8554605 3.0078761 2.4617615 2.4225396 2.4225396 2.4680619 2.3989513 2.4517451 2.4262489 2.9297032 
Bralan_BLAG11000196_1                                  3.8018297 2.6085715 2.6085715 3.0049880 2.1602591 3.0496771 3.1105892 2.9599797 3.2413851 3.0391856 2.9891588 2.8117637 2.7671779 2.8734315 3.4373633 3.1885015 1.4929557 1.8158475 1.5986938 1.9014943 1.7625219 1.6600246 1.5132950 1.5623204 1.5803431 1.6159418 1.5236691 1.6751837 1.5916488 1.6285238 1.5881517 1.3620673 1.9759463 1.8617159 1.8277997 2.1297211 2.1299815 1.4103932 1.9736842 2.3122941 2.2304690 1.9251155 1.2579457 1.2217678 1.3449715 1.1819215 1.5259884 1.2887407 1.1646932 0.0000000 1.8047127 1.4436238 2.1929855 2.2016443 2.7623678 2.7411308 2.7547304 2.8326476 2.3942452 2.1919405 2.1919405 2.4584017 2.4083881 2.4443419 2.4031930 3.5870020 
Chem_TCONS_00011876                                    2.5861629 2.7872476 2.7872476 3.1109217 1.9504667 2.8110820 2.9307835 2.9631372 2.9994064 3.0574589 2.7315148 2.7397726 2.4489451 2.5401503 2.9845205 3.2682598 1.0483507 1.4780016 1.5011206 1.7438708 1.3520447 1.7606229 1.5560270 1.5462652 1.3592676 1.5898510 1.5599328 1.6981023 1.5031928 1.8752662 1.8717014 1.8334813 2.4363582 2.0455949 1.9181877 2.5908466 2.3546516 1.4277177 2.2592145 2.5414262 2.5414715 2.5787746 1.9317015 1.6038826 1.6560924 1.7041005 2.1522233 1.8248460 1.7626382 1.8047127 0.0000000 1.7548028 2.6843436 2.8156579 3.2243226 3.1183627 3.1934189 3.2014233 2.7681720 2.5526963 2.5526963 2.7068039 2.6408141 2.6872849 2.6508166 3.0530486 
Spur_XM_011665715.2                                    3.1883376 2.7066015 2.7066015 3.0341033 2.2881050 2.9708781 3.2057718 3.1703964 3.3554038 3.3293004 3.0197044 2.9569213 2.5754050 2.5635901 3.0961833 3.5715895 1.5318778 1.9436909 1.8949808 2.2038990 1.9423781 1.7438925 1.6279615 1.7772242 1.8789958 1.8417514 1.8523670 2.0550358 1.7230806 1.7820361 1.7722732 1.4908627 2.3886567 2.0451624 1.9525685 2.2310075 2.2822077 1.4155412 2.2601934 2.6324898 2.4677013 2.0895620 1.6779597 1.5405273 1.4351250 1.3946210 1.8049770 1.6020360 1.4344906 1.4436238 1.7548028 0.0000000 2.5837085 2.9611115 2.9339817 2.7843033 2.8041384 3.0131312 2.3952817 2.4588611 2.4588611 2.6725298 2.6913145 2.7443918 2.7241621 2.7139138 
Opea_EP00118_Oscarella_pearsei_P006277                 4.4757496 3.5630580 3.5630580 3.8760378 2.6542409 3.3707309 3.4514345 3.3232339 3.4646367 3.2885452 3.1266042 2.9652301 3.0903787 3.1200617 3.7624252 4.0026906 1.7073890 2.5045978 2.4777149 2.7598500 2.4878726 2.6806205 2.4206039 2.3465567 2.0660851 2.3965082 2.3312387 2.7871029 2.4234594 2.3085885 2.3308110 2.5937682 2.5928996 2.0790967 2.1208922 2.4450033 2.7060332 1.5672110 2.2601607 2.5356437 2.5174353 2.7171725 2.4051965 2.2625773 1.7965334 2.2015297 3.1472922 2.4646016 2.3732317 2.1929855 2.6843436 2.5837085 0.0000000 1.4056808 2.6092772 2.4737952 2.6522608 2.5902265 2.2986002 2.4745100 2.4745100 2.7479894 2.6596733 2.6336710 2.6395738 3.3051037 
Plajan_Pjan_C564040_01                                 3.7337398 3.3254156 3.3254156 3.9129917 2.2044606 3.1453268 3.1688345 3.0120663 3.0248319 2.7916388 2.8755545 2.6795915 2.8824066 3.2043579 3.3756122 3.3393252 1.9339602 2.4647293 2.3002779 2.6297825 2.5992169 3.0674205 2.6980232 2.6338815 2.3150026 2.8177472 2.5867301 3.0012033 2.7693988 2.4035517 2.3175350 2.6349606 2.5953531 1.9651812 1.9192287 2.4538521 2.3314546 1.3685653 2.0259354 2.3826843 2.3068378 2.9451950 2.4843281 2.5579934 1.9911172 2.3386298 2.8924506 2.4486369 2.3936135 2.2016443 2.8156579 2.9611115 1.4056808 0.0000000 2.7137029 2.7367314 2.6994750 2.6262987 2.1119098 2.6958819 2.6958819 2.8124347 2.7769924 2.7764043 2.7389721 3.2279606 
Leuniv_Lniv_scaffold25783_01                           4.4484484 3.6326451 3.6326451 3.9261719 2.6521964 3.6012050 3.5364261 3.2569270 3.5713706 3.1850439 3.2554369 2.9376002 3.2928004 3.3341411 3.4859070 4.0034626 2.5985798 2.8609939 2.7670035 2.8511591 2.8725863 3.3492350 3.0345159 2.7725935 2.8133529 2.8134783 2.8383904 3.2821524 3.2441922 3.0402764 3.0700654 2.8515412 2.7118679 2.3782516 2.2249114 2.8801931 3.3298299 1.7597686 2.9415472 3.2100385 2.9009192 3.3200062 2.9771885 3.0772936 1.9687923 2.7945080 3.2541024 2.7818163 2.9630485 2.7623678 3.2243226 2.9339817 2.6092772 2.7137029 0.0000000 0.4777991 0.4470056 0.5209409 0.9712566 2.8375995 2.8375995 3.0520917 3.0853600 2.8800733 2.8900687 3.6415500 
