70
Vmul_Simscaffold16505_01                                           0.0000000 0.1261979 0.3733253 0.3733253 0.3614666 0.5010569 0.3819733 0.4150494 0.3907152 0.4476928 0.6334720 0.5667960 1.8877870 1.3712244 1.4371794 1.4166429 1.0233296 1.0649142 1.0640131 1.0867045 0.9875541 0.9865610 0.9865610 1.5064206 1.2044023 1.3955247 1.2791806 1.1793662 1.1438824 1.3153551 1.4527714 1.4708829 1.3657763 1.2969421 1.7621653 1.3990784 1.3267806 1.1792774 1.0961744 1.4364910 1.3714592 1.2669331 1.3437302 1.4272111 1.1591556 1.2693137 1.4319247 1.4888942 1.2461266 1.2163555 1.2009391 1.1962320 1.3794732 1.3794732 1.4135813 1.8942332 1.8551932 2.0202006 1.7414297 1.9152347 2.1804428 2.1804428 2.3157196 2.0777941 2.0777941 2.3556983 2.0423033 1.8336513 2.5229563 3.1635309 
Coemet_Cmet_C569277_01                                             0.1261979 0.0000000 0.3497451 0.3497451 0.3277410 0.4343579 0.3310922 0.3836001 0.3620036 0.4026026 0.6179562 0.5250966 1.9878859 1.4238086 1.4666255 1.4399809 1.0158431 1.0326733 1.0217267 1.0515268 0.9703167 0.9692620 0.9692620 1.5179375 1.1599191 1.5451125 1.3668769 1.1754268 1.2639089 1.3992077 1.5770556 1.4369909 1.3149175 1.2857609 1.7772328 1.3509311 1.4314580 1.2029989 1.2015266 1.4551203 1.3059490 1.1957341 1.2475225 1.3071891 1.0723851 1.1794282 1.4295488 1.4426122 1.2995630 1.2303841 1.2148673 1.2354766 1.4000842 1.4000842 1.5172574 1.6615407 1.6606739 2.1099198 1.8796097 2.0185410 2.2305670 2.2305670 2.1878779 2.0867911 2.0867911 2.4518565 1.8647773 1.9279506 2.5437641 3.5208461 
Mertsp_Mesp_sb573991                                               0.3733253 0.3497451 0.0000000 0.0000010 0.2383620 0.3289388 0.2326009 0.3262846 0.3010337 0.3667984 0.5771832 0.5022823 2.0472877 1.4798341 1.5576335 1.5708974 1.1843239 1.1434111 1.1950174 1.2277954 1.1313427 1.1389672 1.1389672 1.5192289 1.2690525 1.7710383 1.4977533 1.3328769 1.4467650 1.5673080 1.7983252 1.6380475 1.4851254 1.4999798 1.7229546 1.5079093 1.4510966 1.3240877 1.3665145 1.5149174 1.2384715 1.1144489 1.3675175 1.5154572 1.2663457 1.3167135 1.5678705 1.6105210 1.5253481 1.3793158 1.3613085 1.3759275 1.5316639 1.5316639 1.7689455 1.6299184 1.5604989 1.9908275 1.9513915 2.1570397 2.1299347 2.1299347 2.1236771 1.9076849 1.9076849 2.4489053 2.0654911 2.0083308 2.7481135 3.3991284 
Bolinf_Binf_sb1257402                                              0.3733253 0.3497451 0.0000010 0.0000000 0.2383620 0.3289388 0.2326009 0.3262846 0.3010337 0.3667984 0.5771832 0.5022823 2.0472877 1.4798341 1.5576335 1.5708974 1.1843239 1.1434111 1.1950174 1.2277954 1.1313427 1.1389672 1.1389672 1.5192289 1.2690525 1.7710383 1.4977533 1.3328769 1.4467650 1.5673080 1.7983252 1.6380475 1.4851254 1.4999798 1.7229546 1.5079093 1.4510966 1.3240877 1.3665145 1.5149174 1.2384715 1.1144489 1.3675175 1.5154572 1.2663457 1.3167135 1.5678705 1.6105210 1.5253481 1.3793158 1.3613085 1.3759275 1.5316639 1.5316639 1.7689455 1.6299184 1.5604989 1.9908275 1.9513915 2.1570397 2.1299347 2.1299347 2.1236771 1.9076849 1.9076849 2.4489053 2.0654911 2.0083308 2.7481135 3.3991284 
Lampan_Lpan_9188_01                                                0.3614666 0.3277410 0.2383620 0.2383620 0.0000000 0.2942484 0.2069362 0.3473308 0.3258341 0.3920678 0.4595520 0.4766867 1.8059763 1.3686339 1.4872499 1.5166427 1.0842253 1.1024302 1.1000452 1.1314705 1.0669438 1.0743970 1.0743970 1.3590180 1.2298005 1.5743513 1.2689018 1.3931228 1.3518855 1.4715360 1.5850722 1.5748026 1.3782414 1.4381024 1.6159940 1.4607357 1.4301565 1.2023278 1.2412694 1.4208374 1.2273434 1.1233176 1.3038873 1.4646862 1.2252019 1.1414499 1.4205878 1.5346825 1.4260803 1.2841580 1.3054179 1.3114708 1.4140828 1.4140828 1.5870325 1.6756202 1.6339235 2.0608301 1.8800916 2.0488806 2.1384303 2.1384303 2.0619341 2.0171983 2.0171983 2.6787008 1.9378884 1.9775292 2.6061589 3.4188006 
Vmul_sbMO422695                                                    0.5010569 0.4343579 0.3289388 0.3289388 0.2942484 0.0000000 0.0304260 0.5256510 0.4904762 0.5840912 0.5356801 0.5587924 2.2723501 1.6246173 1.7703366 1.7043022 1.4080344 1.3820340 1.3599054 1.4038466 1.4215331 1.4313982 1.4313982 1.9863090 1.4119662 1.6270843 1.6264340 1.4660454 1.7527892 1.9478433 1.7752337 1.9622067 1.6331157 1.7717703 1.7118632 1.6047549 1.6778055 1.7209438 1.6430859 1.7942895 1.2571561 1.3076041 1.5087185 1.7437194 1.3535648 1.3299137 1.7713849 1.9950301 1.6411079 1.5245427 1.5070672 1.6305352 1.8491287 1.8491287 2.4263614 1.6821445 1.6320848 2.3783794 1.9095547 2.3526286 2.6326859 2.6326859 2.2820748 2.7193913 2.7193913 2.8238890 2.8643705 3.7794567 3.8772159 4.4383749 
Mlei_ML0387.g5.i1                                                  0.3819733 0.3310922 0.2326009 0.2326009 0.2069362 0.0304260 0.0000000 0.3870206 0.3583630 0.4192294 0.5035338 0.5263230 1.8240872 1.4404189 1.5608514 1.5425660 1.2087742 1.1608932 1.1731943 1.2057115 1.1875853 1.1954102 1.1954102 1.6198876 1.2433223 1.4639976 1.3906216 1.3333732 1.3781546 1.5146449 1.5273479 1.6194903 1.4120412 1.4530088 1.8031966 1.4583778 1.5734654 1.3968934 1.3004198 1.5265619 1.2073407 1.1283545 1.3090395 1.4158398 1.1949215 1.1672389 1.5540188 1.6407699 1.3700421 1.2686658 1.2570167 1.3408242 1.4851643 1.4851643 1.7589764 1.5785991 1.5410635 2.0088763 1.9514126 2.1537318 2.1790652 2.1790652 2.0878810 2.0761983 2.0761983 2.6139476 1.9977320 2.1583602 2.4566700 3.5240451 
Horcal_Hcv1.av93.c2.g1221.i2                                       0.4150494 0.3836001 0.3262846 0.3262846 0.3473308 0.5256510 0.3870206 0.0000000 0.0064065 0.0210736 0.4772963 0.6140633 2.1620846 1.4196940 1.5281180 1.6550846 1.0725440 1.0610953 1.0327742 1.0712069 0.9917912 1.0246248 1.0246248 1.3448925 1.2899279 1.7885159 1.4590400 1.4054585 1.2509952 1.3372358 1.6300720 1.4799168 1.4353194 1.6070428 1.7237986 1.5456326 1.4477534 1.3545656 1.2216218 1.3579882 1.2605219 1.1189491 1.2899837 1.3844914 1.2026163 1.2110969 1.4581663 1.7101198 1.3609185 1.3527531 1.3717648 1.2915530 1.3941311 1.3941311 1.5360018 1.8593881 1.8860642 2.1394000 2.2388642 2.2094674 2.1533679 2.1533679 2.0909443 1.9300878 1.9300878 2.8679404 2.0722702 2.2013932 2.5570681 3.3871574 
Pbac_sb2641826                                                     0.3907152 0.3620036 0.3010337 0.3010337 0.3258341 0.4904762 0.3583630 0.0064065 0.0000000 0.0216838 0.4754941 0.5857775 2.1032589 1.4258549 1.5345747 1.6582698 1.0725440 1.0610953 1.0327742 1.0712069 0.9917912 1.0246248 1.0246248 1.3448925 1.2979091 1.7233756 1.3953286 1.4135386 1.2194366 1.3416427 1.5692416 1.4161931 1.3782745 1.6164241 1.7237986 1.5275906 1.4126968 1.3322719 1.2316075 1.3579882 1.2605219 1.1189491 1.2899837 1.3844914 1.2026163 1.2110969 1.4173104 1.6220997 1.3609185 1.3527531 1.3717648 1.2915530 1.3941311 1.3941311 1.4665432 1.8677034 1.8943833 2.1515444 2.2433051 2.2126242 2.1235277 2.1235277 2.0996933 1.9430260 1.9430260 2.8592831 2.0232723 2.2013932 2.5712114 3.3871574 
Coeast_Cast_sb842658                                               0.4476928 0.4026026 0.3667984 0.3667984 0.3920678 0.5840912 0.4192294 0.0210736 0.0216838 0.0000000 0.5579564 0.7145528 2.3611435 1.5670721 1.6374680 1.7366741 1.1879499 1.1911606 1.1589512 1.1859623 1.1103310 1.1380148 1.1380148 1.4680474 1.3942310 1.9189429 1.6220435 1.5013273 1.3323932 1.4038077 1.8573584 1.5942932 1.5669670 1.7423876 2.2026652 1.7719200 1.5838630 1.4959418 1.1688121 1.3803046 1.2666827 1.0999817 1.4092232 1.3605739 1.2300524 1.3307370 1.5666734 1.6929557 1.5166293 1.5389364 1.5617521 1.4858928 1.6556109 1.6556109 1.5963810 2.0250047 2.0561289 2.2466150 2.3283608 2.2912813 2.2980562 2.2980562 2.2595205 2.0350183 2.0350183 2.9768587 2.0126958 2.1439123 2.3947750 3.2791724 
Eupdun_Edun_sb10627031                                             0.6334720 0.6179562 0.5771832 0.5771832 0.4595520 0.5356801 0.5035338 0.4772963 0.4754941 0.5579564 0.0000000 0.6426138 2.3140515 1.4200761 1.6518478 1.6683312 1.3334323 1.3634316 1.3213165 1.3348156 1.2904490 1.2900910 1.2900910 1.8896467 1.4237609 1.7881545 1.5622321 1.5466072 1.5647846 1.7270857 1.9723660 1.9548636 1.6225280 2.0084884 2.1115784 1.6997471 1.5253123 1.6250969 1.2902475 1.5711196 1.1608915 1.2466575 1.4003664 1.5284914 1.1631148 1.4117024 1.8563847 1.5750312 1.5593983 1.4446078 1.5025728 1.5088431 1.7596629 1.7596629 1.9207786 1.9907844 2.0321051 2.0077097 2.4948618 2.5886920 2.6860372 2.6860372 2.4449918 2.3878410 2.3878410 2.8997849 2.8304046 3.4980254 3.0927764 3.6323382 
Drygla_Dgla_sb295955                                               0.5667960 0.5250966 0.5022823 0.5022823 0.4766867 0.5587924 0.5263230 0.6140633 0.5857775 0.7145528 0.6426138 0.0000000 2.6443838 1.6823771 1.8188772 1.7499733 1.4425669 1.4221794 1.4400620 1.4014167 1.3493583 1.3985759 1.3985759 1.9979126 1.4401372 2.2291918 2.0581639 1.7203567 1.7816558 1.8993457 1.9156144 2.0611492 1.5374825 2.0604648 2.0801183 1.9033432 1.8125827 1.8791155 1.6226774 1.9922616 1.2543920 1.2943901 1.4767787 1.5649488 1.4612303 1.5481536 2.1099933 2.0269338 1.6957045 1.5761145 1.6136100 1.5142268 1.7667557 1.7667557 1.9932126 2.1739729 2.1443399 2.4828044 2.6704404 2.6048276 2.7326848 2.7326848 2.4253993 2.5865975 2.5865975 2.8116834 3.1338685 2.7136210 3.0135365 4.1991475 
Cgig_XM_011450042.3                                                1.8877870 1.9878859 2.0472877 2.0472877 1.8059763 2.2723501 1.8240872 2.1620846 2.1032589 2.3611435 2.3140515 2.6443838 0.0000000 1.4625382 1.2141335 1.3871607 1.3672183 1.3724528 1.4843520 1.3937404 1.3903611 1.3991178 1.3991178 1.5270049 1.3411750 1.6899610 1.0907420 1.3038554 0.9277176 1.1600208 1.4154715 1.2332257 1.3574050 1.3804314 1.4590499 1.4331161 1.4712060 1.4255102 1.5736153 1.6569806 1.7809978 1.6143486 1.3496915 1.4657579 1.4639297 1.3828091 1.1021082 1.5335561 1.6581071 1.7555756 1.7568746 1.6562393 1.7017277 1.7017277 2.1598796 1.9888320 2.0516506 2.1700787 2.0001873 2.0080092 2.5511831 2.5511831 2.5017428 2.3236670 2.3236670 2.4494168 1.6097547 2.0030014 2.7834334 4.6961167 
Nemnom_g4432.t1                                                    1.3712244 1.4238086 1.4798341 1.4798341 1.3686339 1.6246173 1.4404189 1.4196940 1.4258549 1.5670721 1.4200761 1.6823771 1.4625382 0.0000000 0.2117228 0.6415991 1.0926470 1.0898013 1.1692914 1.1602918 1.1084684 1.1383534 1.1383534 1.2373244 1.0838947 1.3795431 1.1233919 1.0914906 1.0380377 1.2145534 1.2001062 1.2361350 1.2824082 1.4149631 1.5131415 1.2538904 1.1217673 1.0060754 1.5394099 1.4999794 1.6160267 1.5711345 1.2083462 1.2910993 1.2357938 1.4690896 1.4097137 1.1910198 1.3626800 1.3647163 1.3923758 1.4184682 1.4147370 1.4147370 1.8833377 2.2048988 2.1567514 1.9511516 1.6859166 1.7331934 1.9169188 1.9169188 2.1137067 2.3257758 2.3257758 1.8610182 1.6093717 1.7937877 2.8125261 4.0369401 
Rhoesc_Res_013029-T1                                               1.4371794 1.4666255 1.5576335 1.5576335 1.4872499 1.7703366 1.5608514 1.5281180 1.5345747 1.6374680 1.6518478 1.8188772 1.2141335 0.2117228 0.0000000 0.5659124 1.2124191 1.2008303 1.2868012 1.2175127 1.1925884 1.2071214 1.2071214 1.1702938 1.0499483 1.4259761 1.0665766 1.0675215 0.8859430 1.1471218 1.2295181 1.2198214 1.3494295 1.4178543 1.4060034 1.2402198 1.0400773 1.0661436 1.3972008 1.3930578 1.6421522 1.4676359 1.2346889 1.4012001 1.2409654 1.4367162 1.3722415 1.2275373 1.4168527 1.4231088 1.4518545 1.4349602 1.4188901 1.4188901 1.8111796 2.0521462 1.9647466 2.0123947 1.8702697 1.8219684 1.9084140 1.9084140 1.9659361 2.3168748 2.3168748 1.8230000 1.5732768 1.6999161 2.9060820 4.4096325 
Sanmal_Sma_026146-T1                                               1.4166429 1.4399809 1.5708974 1.5708974 1.5166427 1.7043022 1.5425660 1.6550846 1.6582698 1.7366741 1.6683312 1.7499733 1.3871607 0.6415991 0.5659124 0.0000000 1.1586750 1.2250674 1.3034803 1.2779065 1.1994951 1.2373782 1.2373782 1.1354602 1.2768871 1.5561438 1.3136982 1.1640101 0.9524706 1.1162339 1.3145437 1.2297973 1.4489075 1.2759795 1.6421911 1.2274082 1.0321471 1.0134693 1.4012103 1.4604254 1.5667720 1.4589944 1.4632323 1.7876215 1.3849527 1.5088389 1.4030655 1.3352074 1.4952660 1.5674353 1.5649373 1.3824960 1.3985264 1.3985264 1.8351454 1.9428919 1.9720520 2.1538956 1.6307053 1.7789586 2.0658157 2.0658157 2.1761878 2.1687743 2.1687743 2.2551657 1.8606269 1.9450634 3.1174298 3.2979183 
Fspp_ffun1.m4.21883.m1                                             1.0233296 1.0158431 1.1843239 1.1843239 1.0842253 1.4080344 1.2087742 1.0725440 1.0725440 1.1879499 1.3334323 1.4425669 1.3672183 1.0926470 1.2124191 1.1586750 0.0000000 0.1191152 0.1628171 0.1719145 0.1676712 0.1785272 0.1785272 0.5679304 0.5830536 1.0955282 0.8404763 1.0264499 0.8951313 0.9909275 1.0475075 1.0667752 1.0675558 1.0885726 1.4695677 1.0816859 1.2963100 1.2357767 1.1909182 1.3292967 1.3121677 1.2753009 1.2069809 1.1821165 1.0483307 1.2465028 1.3161628 1.3367694 1.0708456 1.1634237 1.1541594 1.0460848 1.1152297 1.1152297 1.3355502 2.1943710 2.2536048 2.2727650 2.1461014 2.0114964 2.1634553 2.1634553 2.3466098 2.0230800 2.0230800 1.9729274 1.9567376 1.4112947 2.3798364 3.0424763 
Gasp_gasp1.m3.4066.m1                                              1.0649142 1.0326733 1.1434111 1.1434111 1.1024302 1.3820340 1.1608932 1.0610953 1.0610953 1.1911606 1.3634316 1.4221794 1.3724528 1.0898013 1.2008303 1.2250674 0.1191152 0.0000000 0.1086483 0.1289498 0.1416439 0.1239751 0.1239751 0.5634004 0.6111440 1.1580429 0.7866004 1.1053770 0.8092336 0.9142177 1.1316834 1.1386886 1.0944344 1.0631086 1.3997355 1.0063827 1.2294780 1.0730933 1.1970428 1.3626116 1.2843945 1.2319671 1.1762632 1.1568763 1.0636234 1.2206853 1.3574814 1.2819748 1.1088110 1.1659088 1.1565943 1.0947183 1.1507389 1.1507389 1.3957554 2.0675587 2.1497405 2.0282207 2.2404115 2.1231691 2.0214662 2.0214662 2.2420588 2.0574515 2.0574515 2.0180367 1.7852884 1.5394626 2.3654894 2.9134284 
Pocdam_XM_027188822.1                                              1.0640131 1.0217267 1.1950174 1.1950174 1.1000452 1.3599054 1.1731943 1.0327742 1.0327742 1.1589512 1.3213165 1.4400620 1.4843520 1.1692914 1.2868012 1.3034803 0.1628171 0.1086483 0.0000000 0.0611663 0.1621739 0.1656697 0.1656697 0.5734701 0.6459107 1.2214241 0.8593040 1.0408178 0.8478599 0.9398888 1.0969265 1.1223669 1.1579309 1.0694436 1.5350931 1.0967832 1.3019180 1.2259143 1.1736225 1.3142652 1.3058388 1.2536991 1.2777019 1.2458563 1.1386489 1.3160365 1.3864823 1.2790889 1.0362520 1.1204483 1.1112896 1.0287311 1.0787198 1.0787198 1.3120021 2.1120702 2.1848256 2.2751571 2.0293350 2.0349095 2.1763968 2.1763968 2.4437110 2.1907362 2.1907362 2.1822370 1.8427117 1.6126679 2.4603959 3.0322556 
Spis_XP_022797683_1                                                1.0867045 1.0515268 1.2277954 1.2277954 1.1314705 1.4038466 1.2057115 1.0712069 1.0712069 1.1859623 1.3348156 1.4014167 1.3937404 1.1602918 1.2175127 1.2779065 0.1719145 0.1289498 0.0611663 0.0000000 0.1600505 0.1933847 0.1933847 0.5583762 0.5885255 1.1853744 0.8657786 1.0455152 0.8215689 0.9219736 1.1320994 1.0919166 1.1244017 1.0952180 1.5256871 1.1130295 1.2261362 1.2190857 1.1791267 1.3579649 1.2873723 1.2421095 1.2661398 1.2118884 1.1286127 1.3055703 1.3306740 1.2337530 1.0724679 1.1753229 1.1659266 1.0657691 1.1072411 1.1072411 1.2894022 2.2053062 2.2014136 2.2575802 2.1181444 2.1395613 2.2528639 2.2528639 2.4017446 2.0527408 2.0527408 2.1752003 1.8970611 1.6417135 2.5210531 2.9801730 
Gfas_gfas1.m1.17138.m1                                             0.9875541 0.9703167 1.1313427 1.1313427 1.0669438 1.4215331 1.1875853 0.9917912 0.9917912 1.1103310 1.2904490 1.3493583 1.3903611 1.1084684 1.1925884 1.1994951 0.1676712 0.1416439 0.1621739 0.1600505 0.0000000 0.1014119 0.1014119 0.5749138 0.6748059 1.0471257 0.8059662 1.0306915 0.8367161 0.9449168 1.0819752 1.0498797 1.0808924 1.1291330 1.4801429 1.0581759 1.3474635 1.1820968 1.1434021 1.2088230 1.2881097 1.2371750 1.1704643 1.1479604 1.0439745 1.2754626 1.2425329 1.2455944 1.0401101 1.1127892 1.1035104 0.9847088 1.0873941 1.0873941 1.2328542 2.0830970 2.1737703 2.1264811 2.1843987 2.1214935 2.0186162 2.0186162 2.4444541 2.1294599 2.1294599 2.0284723 1.7565886 1.6190418 2.4953440 3.0666995 
Adig_XM_015919496.1                                                0.9865610 0.9692620 1.1389672 1.1389672 1.0743970 1.4313982 1.1954102 1.0246248 1.0246248 1.1380148 1.2900910 1.3985759 1.3991178 1.1383534 1.2071214 1.2373782 0.1785272 0.1239751 0.1656697 0.1933847 0.1014119 0.0000000 0.0000010 0.6000439 0.7191684 1.2157655 0.7770383 1.0902808 0.8809787 0.9437016 1.0545080 1.0506065 1.1328613 1.2077335 1.5264718 1.0546823 1.4348233 1.1853396 1.1664578 1.2876540 1.3188141 1.2615553 1.1969167 1.1242503 1.0438866 1.2976665 1.3272036 1.2649897 1.1108242 1.1792158 1.1697208 1.0466932 1.1204937 1.1204937 1.2867088 2.2142733 2.3142354 2.1792235 2.3774991 2.2418795 1.9702268 1.9702268 2.3308522 2.1031046 2.1031046 2.1628206 1.8137964 1.5946937 2.6421687 2.9059143 
Amil_Amillepora04191-RA                                            0.9865610 0.9692620 1.1389672 1.1389672 1.0743970 1.4313982 1.1954102 1.0246248 1.0246248 1.1380148 1.2900910 1.3985759 1.3991178 1.1383534 1.2071214 1.2373782 0.1785272 0.1239751 0.1656697 0.1933847 0.1014119 0.0000010 0.0000000 0.6000439 0.7191684 1.2157655 0.7770383 1.0902808 0.8809787 0.9437016 1.0545080 1.0506065 1.1328613 1.2077335 1.5264718 1.0546823 1.4348233 1.1853396 1.1664578 1.2876540 1.3188141 1.2615553 1.1969167 1.1242503 1.0438866 1.2976665 1.3272036 1.2649897 1.1108242 1.1792158 1.1697208 1.0466932 1.1204937 1.1204937 1.2867088 2.2142733 2.3142354 2.1792235 2.3774991 2.2418795 1.9702268 1.9702268 2.3308522 2.1031046 2.1031046 2.1628206 1.8137964 1.5946937 2.6421687 2.9059143 
Nvec_v1g182006                                                     1.5064206 1.5179375 1.5192289 1.5192289 1.3590180 1.9863090 1.6198876 1.3448925 1.3448925 1.4680474 1.8896467 1.9979126 1.5270049 1.2373244 1.1702938 1.1354602 0.5679304 0.5634004 0.5734701 0.5583762 0.5749138 0.6000439 0.6000439 0.0000000 0.5917684 1.1729215 0.8680107 1.1152010 1.0591368 1.0962290 1.2764010 1.2748062 1.0939364 1.1806186 1.6842314 1.0939221 1.3872562 1.4200065 1.0994141 1.4074153 1.6369480 1.5191104 1.2758649 1.4250973 1.0754753 1.4969843 1.5879082 1.2578491 1.2602209 1.4150410 1.4313895 1.2931348 1.2779819 1.2779819 1.4104190 2.2767366 2.3307975 2.6158080 2.1260413 2.2777022 2.0584261 2.0584261 2.3167888 2.1637166 2.1637166 2.6345892 1.8906970 2.2241116 2.6983133 3.2968102 
Exapal_XM_021044539.2                                              1.2044023 1.1599191 1.2690525 1.2690525 1.2298005 1.4119662 1.2433223 1.2899279 1.2979091 1.3942310 1.4237609 1.4401372 1.3411750 1.0838947 1.0499483 1.2768871 0.5830536 0.6111440 0.6459107 0.5885255 0.6748059 0.7191684 0.7191684 0.5917684 0.0000000 1.0238136 0.9121954 1.0446709 0.7878881 0.9418630 1.2269964 1.1536156 1.1933483 1.1537058 1.7476471 1.1362537 1.0293896 1.1742406 1.0650287 1.2897992 1.1779418 1.1459689 1.1570928 1.3564400 1.0961432 1.1894208 1.2947716 1.0838075 1.2040023 1.2873701 1.2777792 1.2922743 1.2491624 1.2491624 1.5438826 2.2191657 2.2285570 2.0241206 2.1688755 2.2039130 2.0140923 2.0140923 1.9843674 2.1247142 2.1247142 1.7093952 1.6751524 1.5209753 2.2593489 3.0272604 
Hsap_ENST00000237937                                               1.3955247 1.5451125 1.7710383 1.7710383 1.5743513 1.6270843 1.4639976 1.7885159 1.7233756 1.9189429 1.7881545 2.2291918 1.6899610 1.3795431 1.4259761 1.5561438 1.0955282 1.1580429 1.2214241 1.1853744 1.0471257 1.2157655 1.2157655 1.1729215 1.0238136 0.0000000 1.2487173 1.0216680 1.3098307 1.4348036 1.3932771 1.4951222 1.5319202 1.3874066 1.7493296 0.7793607 1.5048880 1.5458634 1.6045645 1.6254864 1.6420631 1.6047486 1.5200720 1.6278453 1.2902792 1.6208411 1.6641271 1.4567208 1.6462177 1.7040198 1.7054883 1.7264790 1.7068214 1.7068214 1.9969895 2.1328938 2.2784661 2.6932170 2.0492139 2.1637087 2.6020836 2.6020836 2.7463754 2.5219253 2.5219253 2.2240889 1.6912752 3.2948156 2.2649652 2.9460522 
Bralan_BLAG19000184_1                                              1.2791806 1.3668769 1.4977533 1.4977533 1.2689018 1.6264340 1.3906216 1.4590400 1.3953286 1.6220435 1.5622321 2.0581639 1.0907420 1.1233919 1.0665766 1.3136982 0.8404763 0.7866004 0.8593040 0.8657786 0.8059662 0.7770383 0.7770383 0.8680107 0.9121954 1.2487173 0.0000000 0.8476336 0.8724946 0.9518400 0.9824993 1.0315207 0.9136706 1.1182202 1.0365225 1.2730851 0.9905499 1.1493037 1.3263279 1.1051398 1.5531785 1.5154636 1.2852613 1.4107202 1.2951465 1.1311492 1.1340371 1.4199592 1.1567143 1.1730203 1.1779205 1.1290197 1.1520946 1.1520946 1.7637044 2.1214428 2.0263354 2.1959483 2.1080303 2.3737947 2.2025340 2.2025340 2.0214758 2.2364314 2.2364314 2.2550729 1.4555971 2.1140697 2.9289324 3.1355608 
Skow_XM_002731005.2                                                1.1793662 1.1754268 1.3328769 1.3328769 1.3931228 1.4660454 1.3333732 1.4054585 1.4135386 1.5013273 1.5466072 1.7203567 1.3038554 1.0914906 1.0675215 1.1640101 1.0264499 1.1053770 1.0408178 1.0455152 1.0306915 1.0902808 1.0902808 1.1152010 1.0446709 1.0216680 0.8476336 0.0000000 0.8430730 1.1107762 1.1024985 1.1804096 0.9551794 1.1687065 1.4562419 1.1727690 1.2508276 1.1107013 1.1394320 1.2255377 1.3925939 1.3812146 1.1956872 1.3950290 1.1659000 1.3095858 1.1761964 1.3542256 1.2119855 1.2711863 1.2680571 1.1811448 1.1756581 1.1756581 1.8534981 2.1955079 2.3228630 2.2479562 2.3028434 2.3781731 2.3098327 2.3098327 2.5787943 2.1934110 2.1934110 2.6499041 1.9389395 2.5389127 2.2564132 3.6550739 
Dgig_XM_028543658.1                                                1.1438824 1.2639089 1.4467650 1.4467650 1.3518855 1.7527892 1.3781546 1.2509952 1.2194366 1.3323932 1.5647846 1.7816558 0.9277176 1.0380377 0.8859430 0.9524706 0.8951313 0.8092336 0.8478599 0.8215689 0.8367161 0.8809787 0.8809787 1.0591368 0.7878881 1.3098307 0.8724946 0.8430730 0.0000000 0.2122347 1.1280262 1.1348863 1.0446958 1.0511395 1.2099813 1.3737147 1.0566602 1.0424877 0.9579865 1.2374569 1.5072690 1.4404112 1.2000044 1.2396099 1.2347698 1.1905789 1.3093385 1.0967225 0.9347915 0.9537477 0.9585553 0.9206834 0.9885137 0.9885137 1.6114601 1.8916322 1.9593141 2.1170001 1.4953408 1.7909052 1.7635009 1.7635009 2.0072470 2.0311961 2.0311961 2.0787962 1.4477146 2.0990998 2.0700268 3.4182175 
Xesp_020373-T1                                                     1.3153551 1.3992077 1.5673080 1.5673080 1.4715360 1.9478433 1.5146449 1.3372358 1.3416427 1.4038077 1.7270857 1.8993457 1.1600208 1.2145534 1.1471218 1.1162339 0.9909275 0.9142177 0.9398888 0.9219736 0.9449168 0.9437016 0.9437016 1.0962290 0.9418630 1.4348036 0.9518400 1.1107762 0.2122347 0.0000000 1.2199899 1.3451815 1.0181982 1.1009816 1.2707817 1.2825454 1.2780806 1.1882305 1.0924602 1.4265744 1.6519590 1.6887329 1.3229359 1.3022788 1.3764856 1.3118649 1.4768203 1.2200175 1.0718434 1.1682791 1.1746433 1.1011638 1.0917107 1.0917107 1.5576245 2.1038302 2.1187630 2.0196061 1.7385847 1.9716333 1.8062688 1.8062688 2.0075537 2.2309386 2.2309386 2.1152878 1.6389339 2.1116157 2.1985053 3.5658325 
Dpul_mRNA24538                                                     1.4527714 1.5770556 1.7983252 1.7983252 1.5850722 1.7752337 1.5273479 1.6300720 1.5692416 1.8573584 1.9723660 1.9156144 1.4154715 1.2001062 1.2295181 1.3145437 1.0475075 1.1316834 1.0969265 1.1320994 1.0819752 1.0545080 1.0545080 1.2764010 1.2269964 1.3932771 0.9824993 1.1024985 1.1280262 1.2199899 0.0000000 0.5783808 1.0608248 0.9801674 1.2486429 1.3461746 1.3651586 1.2850161 1.3253131 1.5563699 1.7799814 1.6532176 1.3885134 1.5926615 1.3953137 1.5437312 1.4483654 1.4261649 1.4321220 1.3942831 1.3959662 1.3164888 1.4401900 1.4401900 1.7025445 2.5594680 2.4176774 2.4153395 2.3641954 2.1653612 2.2321079 2.2321079 2.4012208 2.1351073 2.1351073 2.1746356 1.6265435 2.4525387 2.6890915 3.6861550 
Tcas_TC004368_001                                                  1.4708829 1.4369909 1.6380475 1.6380475 1.5748026 1.9622067 1.6194903 1.4799168 1.4161931 1.5942932 1.9548636 2.0611492 1.2332257 1.2361350 1.2198214 1.2297973 1.0667752 1.1386886 1.1223669 1.0919166 1.0498797 1.0506065 1.0506065 1.2748062 1.1536156 1.4951222 1.0315207 1.1804096 1.1348863 1.3451815 0.5783808 0.0000000 1.1003748 0.8693890 1.3347334 1.2638188 1.4029884 1.3685684 1.2547127 1.5612919 1.6890788 1.7434145 1.4897382 1.7176374 1.3619620 1.5223485 1.3226836 1.5286825 1.3210496 1.4303645 1.4326507 1.2739933 1.3599737 1.3599737 1.7960818 2.6452260 2.5415508 2.2861282 2.2164566 2.1804710 2.1762258 2.1762258 2.3365352 2.0276787 2.0276787 2.3577773 1.7878806 2.5593495 3.2190955 3.5584745 
Spur_XM_782472.5                                                   1.3657763 1.3149175 1.4851254 1.4851254 1.3782414 1.6331157 1.4120412 1.4353194 1.3782745 1.5669670 1.6225280 1.5374825 1.3574050 1.2824082 1.3494295 1.4489075 1.0675558 1.0944344 1.1579309 1.1244017 1.0808924 1.1328613 1.1328613 1.0939364 1.1933483 1.5319202 0.9136706 0.9551794 1.0446958 1.0181982 1.0608248 1.1003748 0.0000000 1.3345762 1.3259141 1.4678086 1.1566664 1.2687350 1.4157022 1.3312326 1.4186713 1.3715639 1.1104177 1.2206856 1.2192686 1.3014160 1.2934103 1.4344418 1.6153638 1.6022881 1.5919182 1.5296320 1.5038372 1.5038372 1.4913247 1.7267993 1.7983641 2.0185993 2.1861899 2.2961526 2.2757011 2.2757011 2.0699602 2.2616762 2.2616762 2.3934362 1.6647785 2.1442322 2.5329950 2.8244776 
Cscu_XM_023388135.1                                                1.2969421 1.2857609 1.4999798 1.4999798 1.4381024 1.7717703 1.4530088 1.6070428 1.6164241 1.7423876 2.0084884 2.0604648 1.3804314 1.4149631 1.4178543 1.2759795 1.0885726 1.0631086 1.0694436 1.0952180 1.1291330 1.2077335 1.2077335 1.1806186 1.1537058 1.3874066 1.1182202 1.1687065 1.0511395 1.1009816 0.9801674 0.8693890 1.3345762 0.0000000 1.1702169 1.2774354 1.4439329 1.3238143 1.3860048 1.5708813 2.0123662 1.9318533 1.4804378 1.6852538 1.5031872 1.5705160 1.4170753 1.2972897 1.4868884 1.5465870 1.5672994 1.4804550 1.5085521 1.5085521 1.7079009 2.3762432 2.4032804 2.4025120 2.0857353 2.0663390 2.4776347 2.4776347 2.4702566 2.2832148 2.2832148 2.1343424 2.0593363 1.9241720 2.5678686 2.8727880 
Cscu_XM_023382149.1                                                1.7621653 1.7772328 1.7229546 1.7229546 1.6159940 1.7118632 1.8031966 1.7237986 1.7237986 2.2026652 2.1115784 2.0801183 1.4590499 1.5131415 1.4060034 1.6421911 1.4695677 1.3997355 1.5350931 1.5256871 1.4801429 1.5264718 1.5264718 1.6842314 1.7476471 1.7493296 1.0365225 1.4562419 1.2099813 1.2707817 1.2486429 1.3347334 1.3259141 1.1702169 0.0000000 1.5721350 1.4043750 1.5602385 2.3694696 1.6833777 2.0943983 2.1403456 1.5513630 2.2009192 1.9985339 1.4511475 1.4403861 2.0878728 1.7503083 1.7856155 1.7796129 1.7054886 1.6399211 1.6399211 2.4815135 2.0549144 2.0843786 2.4591940 1.7262314 2.0340139 1.8609138 1.8609138 2.1110872 2.4653483 2.4653483 1.6932401 2.6090591 5.0897688 9.0000000 3.7652037 
Hsap_ENST00000261749                                               1.3990784 1.3509311 1.5079093 1.5079093 1.4607357 1.6047549 1.4583778 1.5456326 1.5275906 1.7719200 1.6997471 1.9033432 1.4331161 1.2538904 1.2402198 1.2274082 1.0816859 1.0063827 1.0967832 1.1130295 1.0581759 1.0546823 1.0546823 1.0939221 1.1362537 0.7793607 1.2730851 1.1727690 1.3737147 1.2825454 1.3461746 1.2638188 1.4678086 1.2774354 1.5721350 0.0000000 1.1004313 1.2238429 1.5250102 1.7484896 1.5804846 1.5753752 1.4007276 1.5079407 1.1789558 1.5302356 1.4794200 1.5828470 1.7351715 1.7374445 1.7359879 1.6447972 1.5605498 1.5605498 1.9081168 2.2065496 2.2866493 2.1354313 1.9997766 2.2007676 2.5348748 2.5348748 2.9196976 2.5341654 2.5341654 2.9866748 1.6608798 2.5623161 3.0120964 2.7775365 
Hvul_g21670_1                                                      1.3267806 1.4314580 1.4510966 1.4510966 1.4301565 1.6778055 1.5734654 1.4477534 1.4126968 1.5838630 1.5253123 1.8125827 1.4712060 1.1217673 1.0400773 1.0321471 1.2963100 1.2294780 1.3019180 1.2261362 1.3474635 1.4348233 1.4348233 1.3872562 1.0293896 1.5048880 0.9905499 1.2508276 1.0566602 1.2780806 1.3651586 1.4029884 1.1566664 1.4439329 1.4043750 1.1004313 0.0000000 0.6650714 1.4659609 1.4888092 1.7771069 1.8806957 1.5358092 1.9044897 1.3246031 1.3074959 1.1799993 1.2349895 1.5859215 1.7933826 1.7919204 1.6781392 1.6864130 1.6864130 1.8613200 1.8871222 1.8432296 1.8625283 2.0433849 2.2846807 2.0797780 2.0797780 2.5523248 2.4914083 2.4914083 1.8307978 1.9614930 2.8617674 3.0537808 3.7888507 
Chem_TCONS_00066495                                                1.1792774 1.2029989 1.3240877 1.3240877 1.2023278 1.7209438 1.3968934 1.3545656 1.3322719 1.4959418 1.6250969 1.8791155 1.4255102 1.0060754 1.0661436 1.0134693 1.2357767 1.0730933 1.2259143 1.2190857 1.1820968 1.1853396 1.1853396 1.4200065 1.1742406 1.5458634 1.1493037 1.1107013 1.0424877 1.1882305 1.2850161 1.3685684 1.2687350 1.3238143 1.5602385 1.2238429 0.6650714 0.0000000 1.5584251 1.4223305 1.4973897 1.4605575 1.5202640 1.6564874 1.4083562 1.4458262 1.1808172 1.4061500 1.4591908 1.4456130 1.4430410 1.4512556 1.3960174 1.3960174 1.4641910 1.8778306 1.8575652 2.0117716 2.1701217 2.3010914 2.0647770 2.0647770 2.1942991 2.4327788 2.4327788 2.4046823 1.9307689 2.1859094 2.4140972 3.3218869 
Stycar_maker-SC_scaffold262-snap-gene-0.71-mRNA-1                  1.0961744 1.2015266 1.3665145 1.3665145 1.2412694 1.6430859 1.3004198 1.2216218 1.2316075 1.1688121 1.2902475 1.6226774 1.5736153 1.5394099 1.3972008 1.4012103 1.1909182 1.1970428 1.1736225 1.1791267 1.1434021 1.1664578 1.1664578 1.0994141 1.0650287 1.6045645 1.3263279 1.1394320 0.9579865 1.0924602 1.3253131 1.2547127 1.4157022 1.3860048 2.3694696 1.5250102 1.4659609 1.5584251 0.0000000 0.7219554 1.0597759 0.9473965 0.7716506 0.7692129 0.7396203 0.7717630 1.4515172 1.2590696 1.8736318 1.8376417 1.8270928 1.7999173 1.7421266 1.7421266 1.5749311 2.7216008 2.6596292 2.0305945 2.1859537 2.2498070 2.1469303 2.1469303 2.2267129 2.2015890 2.2015890 2.1153944 1.6269876 1.9344251 1.8337505 2.6332248 
Tetwil_g10229.t1                                                   1.4364910 1.4551203 1.5149174 1.5149174 1.4208374 1.7942895 1.5265619 1.3579882 1.3579882 1.3803046 1.5711196 1.9922616 1.6569806 1.4999794 1.3930578 1.4604254 1.3292967 1.3626116 1.3142652 1.3579649 1.2088230 1.2876540 1.2876540 1.4074153 1.2897992 1.6254864 1.1051398 1.2255377 1.2374569 1.4265744 1.5563699 1.5612919 1.3312326 1.5708813 1.6833777 1.7484896 1.4888092 1.4223305 0.7219554 0.0000000 0.7854145 0.7164299 0.8955062 1.0313126 0.9673576 0.8935792 1.6075426 1.5429317 1.6184276 1.6870189 1.6903924 1.6358831 1.6893313 1.6893313 1.3236519 2.1554948 2.2068696 2.1942118 2.0949763 2.4742600 2.1732358 2.1732358 2.2561779 2.4126954 2.4126954 2.3190372 1.9088257 2.2998086 2.2249706 2.8811314 
Spolac_c97600_g1_i2_m.15364c97600-g1                               1.3714592 1.3059490 1.2384715 1.2384715 1.2273434 1.2571561 1.2073407 1.2605219 1.2605219 1.2666827 1.1608915 1.2543920 1.7809978 1.6160267 1.6421522 1.5667720 1.3121677 1.2843945 1.3058388 1.2873723 1.2881097 1.3188141 1.3188141 1.6369480 1.1779418 1.6420631 1.5531785 1.3925939 1.5072690 1.6519590 1.7799814 1.6890788 1.4186713 2.0123662 2.0943983 1.5804846 1.7771069 1.4973897 1.0597759 0.7854145 0.0000000 0.1393887 1.0720743 1.1766923 1.0545904 1.1787462 1.9596081 1.5430778 1.4502266 1.4928240 1.4866375 1.4699876 1.4330465 1.4330465 1.5654209 2.1002402 2.1700957 1.9946825 2.0537041 2.3855630 2.0194626 2.0194626 2.1425506 2.1577433 2.1577433 2.1442541 2.4667305 2.3749216 2.4597642 2.3175704 
Emue_Em0010g120a.t1                                                1.2669331 1.1957341 1.1144489 1.1144489 1.1233176 1.3076041 1.1283545 1.1189491 1.1189491 1.0999817 1.2466575 1.2943901 1.6143486 1.5711345 1.4676359 1.4589944 1.2753009 1.2319671 1.2536991 1.2421095 1.2371750 1.2615553 1.2615553 1.5191104 1.1459689 1.6047486 1.5154636 1.3812146 1.4404112 1.6887329 1.6532176 1.7434145 1.3715639 1.9318533 2.1403456 1.5753752 1.8806957 1.4605575 0.9473965 0.7164299 0.1393887 0.0000000 1.0712299 1.1479287 1.0114086 1.1797600 1.9770376 1.5284009 1.4934296 1.5055227 1.4989890 1.4792108 1.5079278 1.5079278 1.6519112 2.2740475 2.3592784 2.1299488 2.1733077 2.4092284 1.9679218 1.9679218 2.2333008 2.2223441 2.2223441 2.2650781 2.3247730 2.1439726 2.1253632 2.4386310 
Halamb_c37974_g1_i1m.10457                                         1.3437302 1.2475225 1.3675175 1.3675175 1.3038873 1.5087185 1.3090395 1.2899837 1.2899837 1.4092232 1.4003664 1.4767787 1.3496915 1.2083462 1.2346889 1.4632323 1.2069809 1.1762632 1.2777019 1.2661398 1.1704643 1.1969167 1.1969167 1.2758649 1.1570928 1.5200720 1.2852613 1.1956872 1.2000044 1.3229359 1.3885134 1.4897382 1.1104177 1.4804378 1.5513630 1.4007276 1.5358092 1.5202640 0.7716506 0.8955062 1.0720743 1.0712299 0.0000000 0.1162753 0.2812228 0.3058118 1.3867561 1.3787851 1.6336998 1.6406638 1.6649831 1.6437504 1.6357324 1.6357324 1.5043077 1.9424136 1.8574748 1.7947870 1.8908401 1.9796489 2.0451984 2.0451984 2.0416424 1.6298672 1.6298672 1.9001995 1.4835416 2.3940426 2.3576982 3.1325177 
Halamb_c32530_g1_i1m.7171                                          1.4272111 1.3071891 1.5154572 1.5154572 1.4646862 1.7437194 1.4158398 1.3844914 1.3844914 1.3605739 1.5284914 1.5649488 1.4657579 1.2910993 1.4012001 1.7876215 1.1821165 1.1568763 1.2458563 1.2118884 1.1479604 1.1242503 1.1242503 1.4250973 1.3564400 1.6278453 1.4107202 1.3950290 1.2396099 1.3022788 1.5926615 1.7176374 1.2206856 1.6852538 2.2009192 1.5079407 1.9044897 1.6564874 0.7692129 1.0313126 1.1766923 1.1479287 0.1162753 0.0000000 0.3138546 0.3008633 1.5725033 1.4192744 1.8827509 1.7823054 1.8148122 1.8294539 1.9836332 1.9836332 1.6412035 2.3979338 2.2618165 1.9236097 2.2328042 2.2247245 2.4320315 2.4320315 2.4563698 1.8911001 1.8911001 1.9869846 1.3944411 2.1030315 2.1893990 2.7125645 
Xestes_augustus_masked-XT_scaffold114248-processed-gene-0.2-mRNA-1 1.1591556 1.0723851 1.2663457 1.2663457 1.2252019 1.3535648 1.1949215 1.2026163 1.2026163 1.2300524 1.1631148 1.4612303 1.4639297 1.2357938 1.2409654 1.3849527 1.0483307 1.0636234 1.1386489 1.1286127 1.0439745 1.0438866 1.0438866 1.0754753 1.0961432 1.2902792 1.2951465 1.1659000 1.2347698 1.3764856 1.3953137 1.3619620 1.2192686 1.5031872 1.9985339 1.1789558 1.3246031 1.4083562 0.7396203 0.9673576 1.0545904 1.0114086 0.2812228 0.3138546 0.0000000 0.4696995 1.3256547 1.3091953 1.4033004 1.3992537 1.4170709 1.4294999 1.5140352 1.5140352 1.6767535 2.2141946 2.0723731 1.9415967 2.0181197 1.9345731 2.2289746 2.2289746 2.3704736 2.0641470 2.0641470 2.1847026 1.6261064 2.1791241 2.1016987 2.9148525 
Aque_Aqu2.1.38683_001                                              1.2693137 1.1794282 1.3167135 1.3167135 1.1414499 1.3299137 1.1672389 1.2110969 1.2110969 1.3307370 1.4117024 1.5481536 1.3828091 1.4690896 1.4367162 1.5088389 1.2465028 1.2206853 1.3160365 1.3055703 1.2754626 1.2976665 1.2976665 1.4969843 1.1894208 1.6208411 1.1311492 1.3095858 1.1905789 1.3118649 1.5437312 1.5223485 1.3014160 1.5705160 1.4511475 1.5302356 1.3074959 1.4458262 0.7717630 0.8935792 1.1787462 1.1797600 0.3058118 0.3008633 0.4696995 0.0000000 1.4790866 1.6544744 1.5276856 1.5603811 1.5835658 1.5521287 1.5320625 1.5320625 1.8194300 2.0894846 2.0036970 2.0368657 2.2824477 2.2181024 2.0198591 2.0198591 2.1836956 1.9210763 1.9210763 1.9584808 1.7985951 2.0522469 2.3468176 3.1316621 
Ctel_gnl_WGS_AMQN_CAPTEDRAFT_mRNA171714                            1.4319247 1.4295488 1.5678705 1.5678705 1.4205878 1.7713849 1.5540188 1.4581663 1.4173104 1.5666734 1.8563847 2.1099933 1.1021082 1.4097137 1.3722415 1.4030655 1.3161628 1.3574814 1.3864823 1.3306740 1.2425329 1.3272036 1.3272036 1.5879082 1.2947716 1.6641271 1.1340371 1.1761964 1.3093385 1.4768203 1.4483654 1.3226836 1.2934103 1.4170753 1.4403861 1.4794200 1.1799993 1.1808172 1.4515172 1.6075426 1.9596081 1.9770376 1.3867561 1.5725033 1.3256547 1.4790866 0.0000000 1.8182550 1.6641057 1.7627275 1.7739632 1.6289355 1.6583557 1.6583557 1.9727704 2.1176733 2.1636146 2.2506938 2.4413490 2.2664880 2.3158083 2.3158083 2.2187244 2.4452945 2.4452945 2.5125619 1.7054086 2.0677769 3.3564350 4.2804979 
Opea_EP00118_Oscarella_pearsei_P002189                             1.4888942 1.4426122 1.6105210 1.6105210 1.5346825 1.9950301 1.6407699 1.7101198 1.6220997 1.6929557 1.5750312 2.0269338 1.5335561 1.1910198 1.2275373 1.3352074 1.3367694 1.2819748 1.2790889 1.2337530 1.2455944 1.2649897 1.2649897 1.2578491 1.0838075 1.4567208 1.4199592 1.3542256 1.0967225 1.2200175 1.4261649 1.5286825 1.4344418 1.2972897 2.0878728 1.5828470 1.2349895 1.4061500 1.2590696 1.5429317 1.5430778 1.5284009 1.3787851 1.4192744 1.3091953 1.6544744 1.8182550 0.0000000 1.3566903 1.4259577 1.4231581 1.4200414 1.4415556 1.4415556 1.7698527 2.1301450 2.0862225 2.1974221 1.9797265 2.1290818 2.0389525 2.0389525 2.4510889 2.3318197 2.3318197 2.6163489 1.5350992 2.2991203 2.8764783 3.3824392 
HoiH23_PlH23_005690-RA                                             1.2461266 1.2995630 1.5253481 1.5253481 1.4260803 1.6411079 1.3700421 1.3609185 1.3609185 1.5166293 1.5593983 1.6957045 1.6581071 1.3626800 1.4168527 1.4952660 1.0708456 1.1088110 1.0362520 1.0724679 1.0401101 1.1108242 1.1108242 1.2602209 1.2040023 1.6462177 1.1567143 1.2119855 0.9347915 1.0718434 1.4321220 1.3210496 1.6153638 1.4868884 1.7503083 1.7351715 1.5859215 1.4591908 1.8736318 1.6184276 1.4502266 1.4934296 1.6336998 1.8827509 1.4033004 1.5276856 1.6641057 1.3566903 0.0000000 0.1435861 0.1374182 0.1464999 0.2127211 0.2127211 1.8121734 2.7997485 2.6431905 2.9197166 2.2638142 2.2793932 2.6117609 2.6117609 2.7706803 2.3827205 2.3827205 2.6765800 2.2031651 2.3076927 2.4586843 4.3605296 
Hhon_g08098.t1                                                     1.2163555 1.2303841 1.3793158 1.3793158 1.2841580 1.5245427 1.2686658 1.3527531 1.3527531 1.5389364 1.4446078 1.5761145 1.7555756 1.3647163 1.4231088 1.5674353 1.1634237 1.1659088 1.1204483 1.1753229 1.1127892 1.1792158 1.1792158 1.4150410 1.2873701 1.7040198 1.1730203 1.2711863 0.9537477 1.1682791 1.3942831 1.4303645 1.6022881 1.5465870 1.7856155 1.7374445 1.7933826 1.4456130 1.8376417 1.6870189 1.4928240 1.5055227 1.6406638 1.7823054 1.3992537 1.5603811 1.7627275 1.4259577 0.1435861 0.0000000 0.0115720 0.1667234 0.2238802 0.2238802 1.8428982 2.7791123 2.5673067 2.8880593 2.4476845 2.4215050 2.5761989 2.5761989 2.7737126 2.5799588 2.5799588 2.6914257 2.1848027 2.3358132 2.5032867 4.2448272 
HoiH04_mRNA12902                                                   1.2009391 1.2148673 1.3613085 1.3613085 1.3054179 1.5070672 1.2570167 1.3717648 1.3717648 1.5617521 1.5025728 1.6136100 1.7568746 1.3923758 1.4518545 1.5649373 1.1541594 1.1565943 1.1112896 1.1659266 1.1035104 1.1697208 1.1697208 1.4313895 1.2777792 1.7054883 1.1779205 1.2680571 0.9585553 1.1746433 1.3959662 1.4326507 1.5919182 1.5672994 1.7796129 1.7359879 1.7919204 1.4430410 1.8270928 1.6903924 1.4866375 1.4989890 1.6649831 1.8148122 1.4170709 1.5835658 1.7739632 1.4231581 0.1374182 0.0115720 0.0000000 0.1761087 0.2266073 0.2266073 1.8703667 2.7829294 2.5699195 2.9834973 2.3233505 2.4516190 2.6037324 2.6037324 2.8218536 2.5959719 2.5959719 2.6876981 2.1992437 2.3829183 2.5032867 4.3136628 
HoiH11_mRNA605                                                     1.1962320 1.2354766 1.3759275 1.3759275 1.3114708 1.6305352 1.3408242 1.2915530 1.2915530 1.4858928 1.5088431 1.5142268 1.6562393 1.4184682 1.4349602 1.3824960 1.0460848 1.0947183 1.0287311 1.0657691 0.9847088 1.0466932 1.0466932 1.2931348 1.2922743 1.7264790 1.1290197 1.1811448 0.9206834 1.1011638 1.3164888 1.2739933 1.5296320 1.4804550 1.7054886 1.6447972 1.6781392 1.4512556 1.7999173 1.6358831 1.4699876 1.4792108 1.6437504 1.8294539 1.4294999 1.5521287 1.6289355 1.4200414 0.1464999 0.1667234 0.1761087 0.0000000 0.1782194 0.1782194 1.7261977 2.7741396 2.6510067 2.8370473 2.2849896 2.2659309 2.6350347 2.6350347 2.9450567 2.4985558 2.4985558 2.7845156 2.2693349 2.3021288 2.6973306 4.2440594 
