62
Xestes_augustus_masked-XT_scaffold9661-processed-gene-0.1-mRNA-1     0.0000000 0.3661785 1.3643905 1.6213520 1.8201647 1.5337990 2.4783432 2.1973800 1.8635703 1.8232934 2.1864857 1.7728677 1.8229245 2.0037670 1.4959088 2.2276894 1.7963927 1.5345386 1.7044848 1.7175345 1.8518385 1.6545627 1.9303648 1.8591167 1.8222320 2.1485696 1.6453749 1.6453749 1.6038655 1.6038655 1.5788864 1.8546190 2.0963525 2.2403979 1.9745511 1.9745511 1.7438422 1.6886426 1.9947051 1.7884255 2.4949438 3.1558518 2.5106634 2.5609140 2.4862460 2.9423074 2.2223244 2.1022864 1.6311618 1.8546935 1.4017121 1.3903284 1.2407214 1.3698074 1.3328683 1.9326449 1.5724312 2.1723942 1.6454730 1.8940684 3.4948124 3.3366775 
Xestes_augustus_masked-XT_scaffold183995-processed-gene-0.11-mRNA-1  0.3661785 0.0000000 1.9203926 1.7753713 2.1170173 1.6186032 2.6179317 2.1266409 1.9933162 1.9242753 2.0954276 1.7670951 1.8041167 2.0433151 1.4457632 2.0010330 1.8168899 1.6316050 1.8822198 1.9291187 1.7740534 1.8313531 1.9077177 2.0148250 1.9823871 2.1116197 1.7049649 1.7049649 1.7109404 1.7109404 1.6785514 2.0394588 2.2546441 2.2617989 2.1060898 2.1060898 1.8784705 1.7736329 2.1354429 2.0878193 2.3635568 3.2234498 2.4779385 2.5157178 2.4907778 2.8863313 2.2019991 2.2706145 1.5963664 1.7569657 1.2314697 1.2971207 1.1611026 1.3217777 1.2459443 1.8162763 1.5669993 2.3451809 1.6809888 2.2045450 3.3244689 3.6299454 
Aque_Aqu2.1.31406_001                                                1.3643905 1.9203926 0.0000000 0.1487015 0.1868242 1.4582064 2.4159233 1.2372975 1.3163416 1.2076265 1.2488505 1.3268534 1.4001687 1.0780473 1.0780473 1.3170221 1.1737100 1.0158765 1.4397061 0.8111551 1.5758384 1.6079463 1.2286385 1.0263516 1.6570905 3.9816512 1.3869908 1.3869908 1.4633204 1.4633204 1.5779985 1.2197845 1.4306735 1.6260981 1.6320075 1.6320075 1.2507326 1.7782419 2.7450839 1.2832580 1.4459854 1.8658007 1.6932731 1.8567221 1.3581373 1.6370233 2.6823495 3.2209176 2.3365925 2.0432699 2.0171643 2.2673747 1.9474155 2.0873332 1.8459066 3.6917021 4.1173436 2.2751650 2.1539504 2.4620978 3.2584161 2.3420585 
Aque_Aqu2.1.22044_001                                                1.6213520 1.7753713 0.1487015 0.0000000 0.1006821 0.9327994 1.1253251 0.9212147 0.9351227 1.0148403 1.0232281 1.0422032 1.0488419 0.9070651 0.7416712 1.1259526 1.1049522 0.8849667 0.8804371 0.9894475 1.3823432 0.9909972 1.1437346 0.9178216 1.3690510 1.2415124 1.3401094 1.3401094 1.2883582 1.2883582 1.2637396 1.2909896 1.3146528 1.2812899 0.8721929 0.8721929 1.1788742 1.6835508 1.4526609 1.1642142 1.2830418 1.4817367 1.3861417 1.2362704 1.2891410 1.1790723 1.5645483 1.5366112 1.3622937 2.0007657 2.0686651 2.1112128 2.0586871 2.2163498 1.9665397 2.1255698 2.0033701 1.5076017 1.8988872 2.4712247 1.9213091 2.6544306 
Aque_Aqu2.1.09615_001                                                1.8201647 2.1170173 0.1868242 0.1006821 0.0000000 0.9489831 1.1805997 1.0422507 0.9111043 0.9886889 1.0555366 1.1651507 1.1486105 0.9677763 0.7836896 1.2225937 1.0846096 0.9350463 1.0075721 1.0115640 1.4680406 1.0445147 1.1578704 0.9783901 1.5327331 1.4340156 1.4103749 1.4103749 1.3273972 1.3273972 1.3027477 1.3699478 1.4067031 1.3366401 0.9374330 0.9374330 1.2197532 1.5455585 1.6771032 1.2611635 1.3200916 1.3761193 1.4876065 1.3616196 1.3681836 1.4159816 1.9595083 1.8560345 1.6494171 1.7357981 2.2786464 2.3311670 2.3204377 2.2389145 2.2444987 2.2089530 2.0213451 1.5440090 2.2219840 2.3877757 2.2468666 2.1051628 
Stycar_maker-SC_scaffold5278-snap-gene-0.13-mRNA-1                   1.5337990 1.6186032 1.4582064 0.9327994 0.9489831 0.0000000 0.3534255 0.6461193 1.0573530 0.9418849 0.9795103 1.1481457 0.8479593 1.1778116 1.1478923 1.0333640 0.9757449 0.9526978 0.9231146 1.3762824 1.3400339 1.3321136 1.1080258 1.1625383 1.3567638 1.1095893 0.9185254 0.9185254 0.9476316 0.9476316 0.8630256 1.2996460 1.3535196 1.2876619 1.0807969 1.0807969 1.3790322 1.4051630 1.7802604 1.2160195 1.7755083 1.6631497 1.4829447 1.5085626 1.5384946 1.6087806 1.9628141 1.7282077 1.4898678 1.9604394 1.9168673 1.9751610 1.9087322 1.9680970 1.9249692 1.6250307 2.0157239 1.5580727 1.7836093 1.5902132 2.3946627 2.3764815 
Stycar_snap_masked-SC_scaffold2517-processed-gene-0.1-mRNA-1         2.4783432 2.6179317 2.4159233 1.1253251 1.1805997 0.3534255 0.0000000 0.9329422 1.1263504 0.8781928 1.1414442 1.4111616 1.1129969 1.2039401 1.3953446 1.2793030 0.9565520 1.2243141 0.9150476 1.3535604 1.7617817 1.2877177 1.2873047 1.2955183 1.0059689 0.8558966 1.3136877 1.3136877 1.1678371 1.1678371 1.0844564 1.3030359 1.4789814 1.4552003 1.3749900 1.3749900 1.7326707 1.8866733 1.2852762 1.3065642 1.9245804 2.2160004 1.8202871 1.9756976 1.8668938 1.9095398 2.1252352 1.7223018 1.7480594 2.4566593 2.7622348 2.8894396 3.0844955 2.8572475 2.6268797 1.9566266 1.9101074 1.8055040 2.5798717 1.9621852 1.7925595 1.3785057 
Spolac_c98470_g1_i2_m.17285c98470-g1                                 2.1973800 2.1266409 1.2372975 0.9212147 1.0422507 0.6461193 0.9329422 0.0000000 1.1503707 0.9024976 1.2209858 1.0532858 0.9855335 1.0699086 1.0966720 1.0542117 1.0494759 1.1042870 1.0613961 1.1355089 1.4390497 1.1431438 1.2375180 1.3501353 1.2435750 0.9966127 1.0950011 1.0950011 1.1250426 1.1250426 1.0681622 1.5732229 1.5680895 1.6595212 1.2185931 1.2185931 1.4268085 1.6234175 1.4127555 1.0300138 1.4660175 1.7519781 1.3305316 1.2786938 1.3629821 1.5999928 1.6786546 1.6744547 1.7094397 2.5945765 2.5069082 2.7053010 2.6134330 2.7908670 2.6286329 1.9482335 1.7262478 1.5754417 2.2532563 2.1768725 2.2686669 2.3433502 
Lcom_lcpid194607                                                     1.8635703 1.9933162 1.3163416 0.9351227 0.9111043 1.0573530 1.1263504 1.1503707 0.0000000 0.4764952 0.6497410 0.6473239 0.6569316 0.7733526 0.8790527 0.7155808 0.4151629 0.6134416 0.8155900 1.0604077 1.0703428 0.7041100 0.6833750 0.8005208 0.9386374 0.9274021 0.9469373 0.9469373 0.8157910 0.8157910 0.8150962 1.0698195 1.1097222 1.1675191 0.9032383 0.9032383 0.8607115 1.0073985 1.2101899 1.0313411 1.3033720 1.3220715 1.2593339 1.1437106 1.0648600 1.3921087 1.7891026 1.4336143 1.2777058 1.9166040 2.2004567 2.2258684 2.2024366 2.2518126 2.1195650 1.9538417 1.8289379 1.3249014 1.8448562 1.8935158 1.8970778 1.8780530 
Cgig_XM_011448827.3                                                  1.8232934 1.9242753 1.2076265 1.0148403 0.9886889 0.9418849 0.8781928 0.9024976 0.4764952 0.0000000 0.4765913 0.5498354 0.5304917 0.5543910 0.5349179 0.6885916 0.6734478 0.6894067 0.8698709 0.9649993 0.9960151 0.6254875 0.7452565 0.6947117 0.9685545 0.9066813 0.8451275 0.8451275 0.8388720 0.8388720 0.7537140 0.9841203 0.9401913 0.9464112 0.7379897 0.7379897 0.8720050 1.1496915 1.0868871 0.9306788 0.9467533 1.3645327 1.1924326 0.9741923 0.8739648 1.2940657 1.3921308 1.2395797 1.0571152 1.8898407 1.9870149 2.0216698 1.9180769 1.9759665 1.8872385 2.2351677 1.7332904 1.2124613 1.6965827 2.4197290 1.7283191 2.3796022 
Acagra_model.g13719.t1.1.5d3b877b                                    2.1864857 2.0954276 1.2488505 1.0232281 1.0555366 0.9795103 1.1414442 1.2209858 0.6497410 0.4765913 0.0000000 0.5679786 0.6664005 0.7181692 0.7169246 0.9134543 0.6883433 0.7035021 0.7833684 1.0120608 1.0702585 0.7399996 0.8154292 0.7811389 1.2405503 1.1379648 1.0260629 1.0260629 1.0739953 1.0739953 1.0132159 1.1706737 1.2423418 1.1224326 0.9924957 0.9924957 0.7665575 0.9782260 1.0450997 1.1336183 1.1674338 1.6208110 1.3806238 1.1270312 1.1419214 1.4805261 1.4693531 1.4165092 1.1925351 2.3120031 2.4134805 2.4016633 2.3809654 2.5319037 2.3386604 2.1202827 2.1962616 1.4761782 1.7422814 2.2449351 1.4389486 2.3100346 
Morvir_scaffold4.g47.t1                                              1.7728677 1.7670951 1.3268534 1.0422032 1.1651507 1.1481457 1.4111616 1.0532858 0.6473239 0.5498354 0.5679786 0.0000000 0.5899068 0.6936542 0.6773728 0.6833986 0.6525539 0.6896043 0.7577717 0.9316113 0.9019972 0.7619418 0.8519520 0.8372150 1.1036316 1.0209349 0.9709948 0.9709948 0.9243045 0.9243045 0.9210098 1.1270365 1.0240167 1.0717804 0.9265305 0.9265305 0.9138381 1.0925944 0.9599553 0.9645957 0.9226533 1.4244950 1.2423683 1.0437469 1.1451042 1.2691425 1.5794444 1.5325633 1.2158587 2.1857874 2.3245345 2.2673620 2.1351666 2.3230937 2.1399491 2.1842752 1.9007000 1.3316736 1.4870256 2.0743009 1.6197611 2.2469541 
Bralan_BLAG07001322_1                                                1.8229245 1.8041167 1.4001687 1.0488419 1.1486105 0.8479593 1.1129969 0.9855335 0.6569316 0.5304917 0.6664005 0.5899068 0.0000000 0.8077162 0.8986807 0.6361521 0.5882125 0.6526372 0.6911830 0.9976213 0.9338436 0.8713403 0.8350540 1.0251894 0.8434343 0.7676959 0.7905282 0.7905282 0.7312957 0.7312957 0.7247294 0.9675747 0.9781939 1.0551673 1.0322286 1.0322286 0.8725204 0.9508762 1.1115449 1.1860029 1.3082279 1.5068319 1.2623769 1.1089249 1.1177562 1.2928918 1.3558471 1.3135026 1.0148916 2.2799450 2.2411249 2.2775243 2.1658174 2.2932384 2.1471270 2.0275732 1.7093598 1.3892006 1.7360242 2.0331524 1.2674221 2.0443438 
Cscu_XM_023371089.1                                                  2.0037670 2.0433151 1.0780473 0.9070651 0.9677763 1.1778116 1.2039401 1.0699086 0.7733526 0.5543910 0.7181692 0.6936542 0.8077162 0.0000000 0.0250153 0.7978315 0.9806271 0.7195905 0.9130441 0.8490724 1.1038119 0.9336313 0.9524488 0.8421202 1.1302766 1.0607732 1.0136027 1.0136027 1.0199143 1.0199143 0.9278063 1.0709887 1.1184240 1.1350948 1.0359677 1.0359677 0.9601141 1.2655762 1.1795960 1.0711313 0.9834240 1.4467183 1.2026133 1.0856364 1.1948345 1.3348235 1.4075445 1.5292965 1.0468870 2.1166128 2.3068722 2.3488277 2.2305448 2.3609731 2.2077198 2.2409517 1.9581156 1.3136687 2.0112580 1.9464950 1.9088497 2.5238363 
Cscu_XM_023371092.1                                                  1.4959088 1.4457632 1.0780473 0.7416712 0.7836896 1.1478923 1.3953446 1.0966720 0.8790527 0.5349179 0.7169246 0.6773728 0.8986807 0.0250153 0.0000000 0.7481939 0.7516575 0.6305220 1.0121363 0.7924696 1.0836347 1.0403321 0.7274057 0.9918817 1.1816658 1.1834737 0.9702239 0.9702239 1.0222047 1.0222047 0.9495363 0.8731861 1.0012438 0.9725020 1.0591571 1.0591571 0.8417622 1.0077276 1.3107351 1.0415387 0.9722537 1.2716646 1.1018185 0.9656473 1.0802427 1.2624868 1.1810226 1.4624554 0.9375230 1.5617484 1.5745808 1.6591690 1.5324580 1.5979311 1.5340907 2.0861179 2.0765661 1.1462962 2.0210267 1.5203334 2.0817244 2.4093233 
Spur_XM_790547.4                                                     2.2276894 2.0010330 1.3170221 1.1259526 1.2225937 1.0333640 1.2793030 1.0542117 0.7155808 0.6885916 0.9134543 0.6833986 0.6361521 0.7978315 0.7481939 0.0000000 0.6980426 0.6680503 0.9794561 1.2616652 1.1403581 0.9875175 0.9669957 0.8942503 0.9926262 0.9487566 0.8931172 0.8931172 0.8157385 0.8157385 0.7530533 0.9002481 0.9389489 0.9145992 0.9941214 0.9941214 0.9415394 1.2162342 0.9166918 1.0674684 1.0328010 1.4427569 1.3341737 1.1815556 1.2585153 1.3028230 1.2238926 1.2330233 1.0887868 2.5979598 2.6452202 2.6710337 2.4993572 2.8087343 2.6068963 2.5193063 2.1699345 1.3240414 2.0682019 2.1529239 1.5922463 2.3694799 
Ctel_gnl_WGS_AMQN_CAPTEDRAFT_mRNA142762                              1.7963927 1.8168899 1.1737100 1.1049522 1.0846096 0.9757449 0.9565520 1.0494759 0.4151629 0.6734478 0.6883433 0.6525539 0.5882125 0.9806271 0.7516575 0.6980426 0.0000000 0.6434155 0.6301781 0.9340525 0.9955821 0.7750726 0.9255799 0.7982062 0.9853644 0.9939804 1.0248672 1.0248672 0.9001864 0.9001864 0.8465095 1.0910159 1.1425057 1.0763990 0.8877916 0.8877916 0.9515408 1.0847174 0.7913681 0.9950025 0.9963367 1.5296027 1.3502478 1.2687680 1.2683477 1.2522343 1.2002339 1.0006400 1.0507720 2.0331646 2.2783780 2.1724712 1.9785985 2.1755281 2.1352864 1.8639793 1.7265629 1.1529469 1.6825439 1.9861554 1.4985992 2.6617301 
Dpul_mRNA10850                                                       1.5345386 1.6316050 1.0158765 0.8849667 0.9350463 0.9526978 1.2243141 1.1042870 0.6134416 0.6894067 0.7035021 0.6896043 0.6526372 0.7195905 0.6305220 0.6680503 0.6434155 0.0000000 0.6394728 0.7274948 0.8849959 0.8062943 0.7571896 0.7214578 0.9230412 0.7916182 0.7266718 0.7266718 0.7704397 0.7704397 0.7446582 1.1272300 1.1284438 1.1694832 0.8544675 0.8544675 0.8756780 1.0857196 1.1283889 0.8453937 0.8660577 1.3291626 1.2175069 1.1351705 1.0492079 1.1860426 1.5532606 1.3142494 1.2686463 1.8732716 1.9270971 2.0148537 1.8658423 2.0614417 1.8892058 2.0023742 1.8865318 1.5323674 1.6567664 1.9954515 1.9081123 2.4638402 
Hsap_ENST00000280362                                                 1.7044848 1.8822198 1.4397061 0.8804371 1.0075721 0.9231146 0.9150476 1.0613961 0.8155900 0.8698709 0.7833684 0.7577717 0.6911830 0.9130441 1.0121363 0.9794561 0.6301781 0.6394728 0.0000000 0.9059740 0.9363489 0.8836274 0.8866471 0.9048987 1.1366050 0.8994947 0.8452440 0.8452440 0.8926672 0.8926672 0.9348587 1.2102978 1.2059226 1.2871898 0.9972667 0.9972667 0.9509383 1.1230981 1.0592069 0.8342127 1.1903537 1.5314953 1.2910069 1.1088298 1.1381032 1.2494510 1.2971788 1.4874484 1.2609771 2.5256056 2.4062296 2.3741608 2.3293880 2.4942623 2.3187357 1.7167959 1.6115852 1.4438942 1.7244340 2.2415151 1.7112998 2.0174074 
Dgig_XM_028547387.1                                                  1.7175345 1.9291187 0.8111551 0.9894475 1.0115640 1.3762824 1.3535604 1.1355089 1.0604077 0.9649993 1.0120608 0.9316113 0.9976213 0.8490724 0.7924696 1.2616652 0.9340525 0.7274948 0.9059740 0.0000000 0.9959022 0.9280621 0.8903567 1.0836835 1.4231203 1.4938440 1.2824506 1.2824506 1.2349281 1.2349281 1.1413863 1.4511910 1.6269825 1.4221622 1.0837948 1.0837948 1.3476350 1.3011761 1.4069110 1.1293005 0.9482907 1.2868476 1.1986437 1.2067037 1.1318991 1.4741015 1.7946906 1.6921040 1.4838668 1.3772194 1.7773937 1.9172267 1.6962600 1.7763480 1.6574341 2.0444510 1.8788015 1.6620063 2.0338887 1.8310121 2.3966762 2.1264667 
Adig_XM_015919782.1                                                  1.8518385 1.7740534 1.5758384 1.3823432 1.4680406 1.3400339 1.7617817 1.4390497 1.0703428 0.9960151 1.0702585 0.9019972 0.9338436 1.1038119 1.0836347 1.1403581 0.9955821 0.8849959 0.9363489 0.9959022 0.0000000 0.9988344 0.5493923 1.1653161 1.1797527 1.1096985 1.1306274 1.1306274 1.0311331 1.0311331 0.9831222 1.3448239 1.3258978 1.3358368 1.2965669 1.2965669 1.0453856 1.0173560 1.1878317 1.1290596 1.1623064 1.1701445 1.0754339 0.9142024 0.8793324 1.1817667 1.6240948 1.6757118 1.3912582 2.5536338 2.4261559 2.4814373 2.3399815 2.5205773 2.2323258 1.8827792 1.9741361 1.5920239 1.8018939 2.4326329 1.9026829 2.2234547 
Sanmal_Sma_008857-T1                                                 1.6545627 1.8313531 1.6079463 0.9909972 1.0445147 1.3321136 1.2877177 1.1431438 0.7041100 0.6254875 0.7399996 0.7619418 0.8713403 0.9336313 1.0403321 0.9875175 0.7750726 0.8062943 0.8836274 0.9280621 0.9988344 0.0000000 0.7447544 0.7517798 1.1107622 1.0793549 1.0996566 1.0996566 0.9942868 0.9942868 0.9472683 1.2193527 1.1250835 1.1230038 0.7276844 0.7276844 0.8912647 1.0582656 1.0687913 0.9665461 0.9436362 1.3765387 1.3184951 1.1705043 1.0220463 1.4072267 1.5077424 1.4199119 1.4685301 1.9348416 2.0035211 1.9502678 1.8338195 1.8850131 1.9302258 1.8155150 1.4198128 1.3955325 1.5143115 2.2966287 1.8809172 2.8575471 
Pocdam_XM_027203974.1                                                1.9303648 1.9077177 1.2286385 1.1437346 1.1578704 1.1080258 1.2873047 1.2375180 0.6833750 0.7452565 0.8154292 0.8519520 0.8350540 0.9524488 0.7274057 0.9669957 0.9255799 0.7571896 0.8866471 0.8903567 0.5493923 0.7447544 0.0000000 0.9716927 1.1617495 1.1620520 1.0932770 1.0932770 0.9556713 0.9556713 0.9174758 1.1043370 1.2271313 1.1602651 0.9872273 0.9872273 0.7446523 1.0276792 1.2325766 1.1689693 0.9648457 1.1027296 1.0185607 0.9177711 0.9246085 1.3068337 1.6442700 1.6109512 1.3219123 2.2397824 2.2294369 2.3191893 2.1796077 2.2018248 2.1002028 2.1726594 1.5027742 1.3675564 1.6280435 2.2809741 1.8639930 2.1859156 
Plajan_Pjan_C531351_01                                               1.8591167 2.0148250 1.0263516 0.9178216 0.9783901 1.1625383 1.2955183 1.3501353 0.8005208 0.6947117 0.7811389 0.8372150 1.0251894 0.8421202 0.9918817 0.8942503 0.7982062 0.7214578 0.9048987 1.0836835 1.1653161 0.7517798 0.9716927 0.0000000 1.0842324 1.0731341 0.9884390 0.9884390 0.9253120 0.9253120 0.8918421 1.0470486 1.1289834 1.0606361 0.7840344 0.7840344 0.8577716 0.9996294 0.9867120 1.0260360 1.1632617 1.6756518 1.5401282 1.2561841 1.1901518 1.7821129 1.6729914 1.6674904 1.4333886 2.3215455 2.5350962 2.3753569 2.3173470 2.3449508 2.3391898 1.8194507 2.0228780 1.4891626 1.8364798 1.8873232 1.7965719 2.3585939 
HoiH23_PlH23_000569-RA                                               1.8222320 1.9823871 1.6570905 1.3690510 1.5327331 1.3567638 1.0059689 1.2435750 0.9386374 0.9685545 1.2405503 1.1036316 0.8434343 1.1302766 1.1816658 0.9926262 0.9853644 0.9230412 1.1366050 1.4231203 1.1797527 1.1107622 1.1617495 1.0842324 0.0000000 0.0989305 0.3284448 0.3284448 0.2331114 0.2331114 0.2361310 1.1913137 1.0776627 1.3288351 1.1534074 1.1534074 1.1713578 1.2773354 1.1167454 1.1890897 1.3156771 1.8896420 1.5767218 1.6966245 1.5585458 1.5850996 1.6177015 1.3980898 1.2716573 2.4323797 2.2640683 2.3340817 2.1632712 2.4271823 2.1259321 2.3442402 2.0584078 1.5324883 2.1561297 3.0332135 2.1376547 2.4852404 
HoiH06_mRNA10372                                                     2.1485696 2.1116197 3.9816512 1.2415124 1.4340156 1.1095893 0.8558966 0.9966127 0.9274021 0.9066813 1.1379648 1.0209349 0.7676959 1.0607732 1.1834737 0.9487566 0.9939804 0.7916182 0.8994947 1.4938440 1.1096985 1.0793549 1.1620520 1.0731341 0.0989305 0.0000000 0.2339631 0.2339631 0.1293677 0.1293677 0.1603466 1.2004585 1.0832493 1.2677303 1.2145232 1.2145232 1.1405953 1.3903754 0.8177943 1.0970480 1.4046075 1.7773345 1.5209553 1.5937849 1.5450309 1.6122632 1.2740416 1.0520977 0.9261756 2.7813414 2.7069365 2.6026256 2.5604192 2.8686575 2.3014678 1.7895178 1.4267024 1.4770949 2.1062472 2.4683306 1.9899398 2.1631269 
TrH2_TrispH2_001285-RA                                               1.6453749 1.7049649 1.3869908 1.3401094 1.4103749 0.9185254 1.3136877 1.0950011 0.9469373 0.8451275 1.0260629 0.9709948 0.7905282 1.0136027 0.9702239 0.8931172 1.0248672 0.7266718 0.8452440 1.2824506 1.1306274 1.0996566 1.0932770 0.9884390 0.3284448 0.2339631 0.0000000 0.0000010 0.1077111 0.1077111 0.1492892 1.3112264 1.2271327 1.3332438 1.1521802 1.1521802 1.0642561 1.1920679 1.1499434 1.1683918 1.3705127 1.8712379 1.6288867 1.6095066 1.5069214 1.7461301 1.3689769 1.2739855 1.2026500 2.2657603 2.1674180 2.3316148 2.1171676 2.3766657 2.1584617 2.1930295 1.9311013 1.4879396 1.9550071 2.6221280 2.3708196 2.7426604 
Tadh_TriadT63103                                                     1.6453749 1.7049649 1.3869908 1.3401094 1.4103749 0.9185254 1.3136877 1.0950011 0.9469373 0.8451275 1.0260629 0.9709948 0.7905282 1.0136027 0.9702239 0.8931172 1.0248672 0.7266718 0.8452440 1.2824506 1.1306274 1.0996566 1.0932770 0.9884390 0.3284448 0.2339631 0.0000010 0.0000000 0.1077111 0.1077111 0.1492892 1.3112264 1.2271327 1.3332438 1.1521802 1.1521802 1.0642561 1.1920679 1.1499434 1.1683918 1.3705127 1.8712379 1.6288867 1.6095066 1.5069214 1.7461301 1.3689769 1.2739855 1.2026500 2.2657603 2.1674180 2.3316148 2.1171676 2.3766657 2.1584617 2.1930295 1.9311013 1.4879396 1.9550071 2.6221280 2.3708196 2.7426604 
Hhon_g05926.t1                                                       1.6038655 1.7109404 1.4633204 1.2883582 1.3273972 0.9476316 1.1678371 1.1250426 0.8157910 0.8388720 1.0739953 0.9243045 0.7312957 1.0199143 1.0222047 0.8157385 0.9001864 0.7704397 0.8926672 1.2349281 1.0311331 0.9942868 0.9556713 0.9253120 0.2331114 0.1293677 0.1077111 0.1077111 0.0000000 0.0000010 0.0824334 1.1013685 1.0589350 1.1709816 1.0681141 1.0681141 1.0441142 1.1696528 1.0863798 1.1258722 1.3215593 1.7458414 1.5271201 1.4797085 1.4179281 1.5789463 1.3558186 1.1571219 1.0581344 2.1900528 2.1227975 2.1934189 2.0446353 2.2243069 1.9909316 1.9806559 1.7627122 1.3818685 1.8209426 2.4807628 2.2536293 2.4632149 
HoiH04_mRNA7819                                                      1.6038655 1.7109404 1.4633204 1.2883582 1.3273972 0.9476316 1.1678371 1.1250426 0.8157910 0.8388720 1.0739953 0.9243045 0.7312957 1.0199143 1.0222047 0.8157385 0.9001864 0.7704397 0.8926672 1.2349281 1.0311331 0.9942868 0.9556713 0.9253120 0.2331114 0.1293677 0.1077111 0.1077111 0.0000010 0.0000000 0.0824334 1.1013685 1.0589350 1.1709816 1.0681141 1.0681141 1.0441142 1.1696528 1.0863798 1.1258722 1.3215593 1.7458414 1.5271201 1.4797085 1.4179281 1.5789463 1.3558186 1.1571219 1.0581344 2.1900528 2.1227975 2.1934189 2.0446353 2.2243069 1.9909316 1.9806559 1.7627122 1.3818685 1.8209426 2.4807628 2.2536293 2.4632149 
HoiH11_mRNA5914                                                      1.5788864 1.6785514 1.5779985 1.2637396 1.3027477 0.8630256 1.0844564 1.0681622 0.8150962 0.7537140 1.0132159 0.9210098 0.7247294 0.9278063 0.9495363 0.7530533 0.8465095 0.7446582 0.9348587 1.1413863 0.9831222 0.9472683 0.9174758 0.8918421 0.2361310 0.1603466 0.1492892 0.1492892 0.0824334 0.0824334 0.0000000 1.0198084 0.9884081 1.0724819 1.0679059 1.0679059 0.9904453 1.1544175 1.1081999 1.1387994 1.2497088 1.5686964 1.4208517 1.3999703 1.3427045 1.4827860 1.2952057 1.1654714 0.9948130 2.0820334 2.1105299 2.1813969 2.0007162 2.1671475 2.0123007 1.9995250 1.8569409 1.3824834 1.7097491 2.3080211 2.1956611 2.2759271 
Lcom_lcpid98017                                                      1.8546190 2.0394588 1.2197845 1.2909896 1.3699478 1.2996460 1.3030359 1.5732229 1.0698195 0.9841203 1.1706737 1.1270365 0.9675747 1.0709887 0.8731861 0.9002481 1.0910159 1.1272300 1.2102978 1.4511910 1.3448239 1.2193527 1.1043370 1.0470486 1.1913137 1.2004585 1.3112264 1.3112264 1.1013685 1.1013685 1.0198084 0.0000000 0.3455746 0.3393405 1.1291295 1.1291295 1.0906672 1.2702320 1.3419349 1.2130411 1.3067181 2.0514514 1.8257658 1.6120045 1.5875403 1.7183992 1.4236211 1.4156585 1.1512205 2.5023482 2.7067424 2.7322996 2.6573246 2.9597965 2.7473324 2.3520424 2.1855812 1.4925356 2.1285516 2.1413453 2.3985730 2.2711653 
Gracom_Gcom_scaffold9197_01                                          2.0963525 2.2546441 1.4306735 1.3146528 1.4067031 1.3535196 1.4789814 1.5680895 1.1097222 0.9401913 1.2423418 1.0240167 0.9781939 1.1184240 1.0012438 0.9389489 1.1425057 1.1284438 1.2059226 1.6269825 1.3258978 1.1250835 1.2271313 1.1289834 1.0776627 1.0832493 1.2271327 1.2271327 1.0589350 1.0589350 0.9884081 0.3455746 0.0000000 0.4927886 1.1187908 1.1187908 1.0977758 1.2471199 1.4330328 1.2844096 1.3425039 1.8418120 1.7000322 1.6288727 1.5571205 1.5076220 1.5314820 1.4570011 1.2795608 2.8766986 2.7806198 2.8657077 2.8129285 3.1021749 2.9300968 2.3880527 2.2652452 1.7332171 2.2397693 2.3759084 2.1772208 2.0612549 
Scil_scict019227.1                                                   2.2403979 2.2617989 1.6260981 1.2812899 1.3366401 1.2876619 1.4552003 1.6595212 1.1675191 0.9464112 1.1224326 1.0717804 1.0551673 1.1350948 0.9725020 0.9145992 1.0763990 1.1694832 1.2871898 1.4221622 1.3358368 1.1230038 1.1602651 1.0606361 1.3288351 1.2677303 1.3332438 1.3332438 1.1709816 1.1709816 1.0724819 0.3393405 0.4927886 0.0000000 1.1950663 1.1950663 1.1244053 1.2691524 1.2716817 1.3995822 1.5430987 2.2096912 1.9681517 1.6960609 1.6548577 1.7972517 1.3075843 1.3677262 1.0544757 2.4559168 2.7711206 2.9244850 2.8204958 2.9487864 2.8843109 2.1755861 2.0210771 1.5877896 2.1627743 2.1968657 2.0787273 2.1453569 
Opea_EP00118_Oscarella_pearsei_P002412                               1.9745511 2.1060898 1.6320075 0.8721929 0.9374330 1.0807969 1.3749900 1.2185931 0.9032383 0.7379897 0.9924957 0.9265305 1.0322286 1.0359677 1.0591571 0.9941214 0.8877916 0.8544675 0.9972667 1.0837948 1.2965669 0.7276844 0.9872273 0.7840344 1.1534074 1.2145232 1.1521802 1.1521802 1.0681141 1.0681141 1.0679059 1.1291295 1.1187908 1.1950663 0.0000000 0.0000010 1.1140353 1.1797484 1.2270843 1.1908393 1.2840396 1.9602603 1.7783314 1.3954944 1.3978048 1.7882156 1.7380930 1.5406230 1.1379843 2.3605508 2.3722307 2.3682439 2.2330437 2.2390996 2.2326641 1.8724765 2.1551062 1.5160340 1.8922495 2.5878369 2.0890340 2.5049763 
Ocar_g6478                                                           1.9745511 2.1060898 1.6320075 0.8721929 0.9374330 1.0807969 1.3749900 1.2185931 0.9032383 0.7379897 0.9924957 0.9265305 1.0322286 1.0359677 1.0591571 0.9941214 0.8877916 0.8544675 0.9972667 1.0837948 1.2965669 0.7276844 0.9872273 0.7840344 1.1534074 1.2145232 1.1521802 1.1521802 1.0681141 1.0681141 1.0679059 1.1291295 1.1187908 1.1950663 0.0000010 0.0000000 1.1140353 1.1797484 1.2270843 1.1908393 1.2840396 1.9602603 1.7783314 1.3954944 1.3978048 1.7882156 1.7380930 1.5406230 1.1379843 2.3605508 2.3722307 2.3682439 2.2330437 2.2390996 2.2326641 1.8724765 2.1551062 1.5160340 1.8922495 2.5878369 2.0890340 2.5049763 
Nvec_v1g242015                                                       1.7438422 1.8784705 1.2507326 1.1788742 1.2197532 1.3790322 1.7326707 1.4268085 0.8607115 0.8720050 0.7665575 0.9138381 0.8725204 0.9601141 0.8417622 0.9415394 0.9515408 0.8756780 0.9509383 1.3476350 1.0453856 0.8912647 0.7446523 0.8577716 1.1713578 1.1405953 1.0642561 1.0642561 1.0441142 1.0441142 0.9904453 1.0906672 1.0977758 1.1244053 1.1140353 1.1140353 0.0000000 0.4684016 1.0501933 1.2770069 0.9767335 1.4392806 1.4580617 1.1856959 1.2207038 1.3791584 1.4619983 1.3878137 1.2675770 1.8408137 2.0977228 1.9991354 1.9937741 2.1297309 2.2017822 2.3435451 1.8345285 1.5097235 1.6441504 2.5273490 2.0380333 2.9058740 
Nvec_v1g111107                                                       1.6886426 1.7736329 1.7782419 1.6835508 1.5455585 1.4051630 1.8866733 1.6234175 1.0073985 1.1496915 0.9782260 1.0925944 0.9508762 1.2655762 1.0077276 1.2162342 1.0847174 1.0857196 1.1230981 1.3011761 1.0173560 1.0582656 1.0276792 0.9996294 1.2773354 1.3903754 1.1920679 1.1920679 1.1696528 1.1696528 1.1544175 1.2702320 1.2471199 1.2691524 1.1797484 1.1797484 0.4684016 0.0000000 1.3432666 1.5222450 1.3368240 1.4856876 1.3514846 1.0978866 1.2279407 1.5901096 1.7907707 1.7311482 1.4690874 1.9945232 2.4776221 2.3592564 2.2499744 2.4346034 2.5109910 2.3994124 1.9202733 1.5790356 1.8728997 2.4653681 2.0920855 3.2719271 
Skow_XM_002735827.1                                                  1.9947051 2.1354429 2.7450839 1.4526609 1.6771032 1.7802604 1.2852762 1.4127555 1.2101899 1.0868871 1.0450997 0.9599553 1.1115449 1.1795960 1.3107351 0.9166918 0.7913681 1.1283889 1.0592069 1.4069110 1.1878317 1.0687913 1.2325766 0.9867120 1.1167454 0.8177943 1.1499434 1.1499434 1.0863798 1.0863798 1.1081999 1.3419349 1.4330328 1.2716817 1.2270843 1.2270843 1.0501933 1.3432666 0.0000000 1.4815548 1.2600196 1.9954628 1.8856467 1.5200495 1.6066507 1.8023779 1.4988060 1.5118269 1.5265752 2.5245160 2.5145573 2.4705452 2.2427223 2.4805318 2.2228534 2.3068174 1.9702458 1.0879551 2.2270751 2.2844295 1.8829755 2.4452038 
Tcas_TC015575_001                                                    1.7884255 2.0878193 1.2832580 1.1642142 1.2611635 1.2160195 1.3065642 1.0300138 1.0313411 0.9306788 1.1336183 0.9645957 1.1860029 1.0711313 1.0415387 1.0674684 0.9950025 0.8453937 0.8342127 1.1293005 1.1290596 0.9665461 1.1689693 1.0260360 1.1890897 1.0970480 1.1683918 1.1683918 1.1258722 1.1258722 1.1387994 1.2130411 1.2844096 1.3995822 1.1908393 1.1908393 1.2770069 1.5222450 1.4815548 0.0000000 1.1282858 1.5200193 1.3127145 1.3910138 1.2670490 1.3705072 1.8917536 1.7673576 1.8263054 2.4166099 2.7276292 2.6551282 2.4885093 2.6512690 2.6827813 2.1597078 1.8685056 1.4328854 2.3195059 2.5502821 2.2207354 2.3531069 
Hvul_g32563_1                                                        2.4949438 2.3635568 1.4459854 1.2830418 1.3200916 1.7755083 1.9245804 1.4660175 1.3033720 0.9467533 1.1674338 0.9226533 1.3082279 0.9834240 0.9722537 1.0328010 0.9963367 0.8660577 1.1903537 0.9482907 1.1623064 0.9436362 0.9648457 1.1632617 1.3156771 1.4046075 1.3705127 1.3705127 1.3215593 1.3215593 1.2497088 1.3067181 1.3425039 1.5430987 1.2840396 1.2840396 0.9767335 1.3368240 1.2600196 1.1282858 0.0000000 1.5777471 1.6131421 1.4315888 1.3400905 1.6653310 1.6020071 1.8611133 1.5711256 2.7457872 2.7912579 2.7688222 2.6988774 2.9791397 2.7227739 2.6832979 2.5374994 1.6822918 2.0476426 3.2738305 2.4948410 2.8860140 
Fspp_ffun1.m4.14773.m1                                               3.1558518 3.2234498 1.8658007 1.4817367 1.3761193 1.6631497 2.2160004 1.7519781 1.3220715 1.3645327 1.6208110 1.4244950 1.5068319 1.4467183 1.2716646 1.4427569 1.5296027 1.3291626 1.5314953 1.2868476 1.1701445 1.3765387 1.1027296 1.6756518 1.8896420 1.7773345 1.8712379 1.8712379 1.7458414 1.7458414 1.5686964 2.0514514 1.8418120 2.2096912 1.9602603 1.9602603 1.4392806 1.4856876 1.9954628 1.5200193 1.5777471 0.0000000 0.1868913 0.5038430 0.4419520 0.5511137 2.0659143 2.3869152 2.0454508 3.2696497 3.3439048 3.3032978 3.0835048 3.1883574 3.0645039 3.0472465 2.2868820 2.0168840 2.5774793 2.5682414 2.3968528 3.5234161 
Fspp_ffun1.m4.30737.m1                                               2.5106634 2.4779385 1.6932731 1.3861417 1.4876065 1.4829447 1.8202871 1.3305316 1.2593339 1.1924326 1.3806238 1.2423683 1.2623769 1.2026133 1.1018185 1.3341737 1.3502478 1.2175069 1.2910069 1.1986437 1.0754339 1.3184951 1.0185607 1.5401282 1.5767218 1.5209553 1.6288867 1.6288867 1.5271201 1.5271201 1.4208517 1.8257658 1.7000322 1.9681517 1.7783314 1.7783314 1.4580617 1.3514846 1.8856467 1.3127145 1.6131421 0.1868913 0.0000000 0.4003391 0.4387359 0.4656068 1.8756228 2.0996858 1.6947638 3.3103546 3.0250514 2.9668606 2.9084756 3.0681573 2.8384507 2.6946303 2.2476447 1.5988826 2.3969683 2.4069568 1.9004852 2.8924695 
Amil_Amillepora01214-RA                                              2.5609140 2.5157178 1.8567221 1.2362704 1.3616196 1.5085626 1.9756976 1.2786938 1.1437106 0.9741923 1.1270312 1.0437469 1.1089249 1.0856364 0.9656473 1.1815556 1.2687680 1.1351705 1.1088298 1.2067037 0.9142024 1.1705043 0.9177711 1.2561841 1.6966245 1.5937849 1.6095066 1.6095066 1.4797085 1.4797085 1.3999703 1.6120045 1.6288727 1.6960609 1.3954944 1.3954944 1.1856959 1.0978866 1.5200495 1.3910138 1.4315888 0.5038430 0.4003391 0.0000000 0.3400906 0.5669743 1.5712314 1.8043986 1.6262909 2.9727467 2.8229135 2.7374092 2.5981378 2.7303687 2.5931357 2.7574621 2.0612590 1.5905263 2.0988595 2.7753695 2.2182763 2.8626991 
Gfas_gfas1.m1.3300.m1                                                2.4862460 2.4907778 1.3581373 1.2891410 1.3681836 1.5384946 1.8668938 1.3629821 1.0648600 0.8739648 1.1419214 1.1451042 1.1177562 1.1948345 1.0802427 1.2585153 1.2683477 1.0492079 1.1381032 1.1318991 0.8793324 1.0220463 0.9246085 1.1901518 1.5585458 1.5450309 1.5069214 1.5069214 1.4179281 1.4179281 1.3427045 1.5875403 1.5571205 1.6548577 1.3978048 1.3978048 1.2207038 1.2279407 1.6066507 1.2670490 1.3400905 0.4419520 0.4387359 0.3400906 0.0000000 0.6686474 1.9341598 2.0059285 1.6714409 3.0985796 2.9079728 2.9272299 2.6118579 2.8249978 2.6292972 2.8783135 2.2813857 1.8568301 2.1834343 2.7300329 2.0462002 2.8836021 
Spis_XP_022786424_1                                                  2.9423074 2.8863313 1.6370233 1.1790723 1.4159816 1.6087806 1.9095398 1.5999928 1.3921087 1.2940657 1.4805261 1.2691425 1.2928918 1.3348235 1.2624868 1.3028230 1.2522343 1.1860426 1.2494510 1.4741015 1.1817667 1.4072267 1.3068337 1.7821129 1.5850996 1.6122632 1.7461301 1.7461301 1.5789463 1.5789463 1.4827860 1.7183992 1.5076220 1.7972517 1.7882156 1.7882156 1.3791584 1.5901096 1.8023779 1.3705072 1.6653310 0.5511137 0.4656068 0.5669743 0.6686474 0.0000000 2.0037472 2.3145210 1.7755557 3.1043514 3.1206290 3.1068655 2.9080121 3.1106825 2.9084277 2.5235203 2.5973306 1.7742319 2.2966778 2.9130083 2.1032726 3.4652088 
Mlei_ML1043.g30.i1                                                   2.2223244 2.2019991 2.6823495 1.5645483 1.9595083 1.9628141 2.1252352 1.6786546 1.7891026 1.3921308 1.4693531 1.5794444 1.3558471 1.4075445 1.1810226 1.2238926 1.2002339 1.5532606 1.2971788 1.7946906 1.6240948 1.5077424 1.6442700 1.6729914 1.6177015 1.2740416 1.3689769 1.3689769 1.3558186 1.3558186 1.2952057 1.4236211 1.5314820 1.3075843 1.7380930 1.7380930 1.4619983 1.7907707 1.4988060 1.8917536 1.6020071 2.0659143 1.8756228 1.5712314 1.9341598 2.0037472 0.0000000 0.6113915 0.5672784 2.3345392 2.3892999 2.3921009 2.2803714 2.3937341 2.4330571 2.4714648 2.6028998 1.6651150 1.9835502 2.6653760 3.0181689 2.4646030 
Vmul_SimC376674                                                      2.1022864 2.2706145 3.2209176 1.5366112 1.8560345 1.7282077 1.7223018 1.6744547 1.4336143 1.2395797 1.4165092 1.5325633 1.3135026 1.5292965 1.4624554 1.2330233 1.0006400 1.3142494 1.4874484 1.6921040 1.6757118 1.4199119 1.6109512 1.6674904 1.3980898 1.0520977 1.2739855 1.2739855 1.1571219 1.1571219 1.1654714 1.4156585 1.4570011 1.3677262 1.5406230 1.5406230 1.3878137 1.7311482 1.5118269 1.7673576 1.8611133 2.3869152 2.0996858 1.8043986 2.0059285 2.3145210 0.6113915 0.0000000 0.4765654 2.1381056 2.3485519 2.3625203 2.4228176 2.4789402 2.4573727 2.0239213 2.1845241 1.7586060 2.0161965 2.2022021 2.4789263 2.4119945 
Coemet_Cmet_scaffold18795_01                                         1.6311618 1.5963664 2.3365925 1.3622937 1.6494171 1.4898678 1.7480594 1.7094397 1.2777058 1.0571152 1.1925351 1.2158587 1.0148916 1.0468870 0.9375230 1.0887868 1.0507720 1.2686463 1.2609771 1.4838668 1.3912582 1.4685301 1.3219123 1.4333886 1.2716573 0.9261756 1.2026500 1.2026500 1.0581344 1.0581344 0.9948130 1.1512205 1.2795608 1.0544757 1.1379843 1.1379843 1.2675770 1.4690874 1.5265752 1.8263054 1.5711256 2.0454508 1.6947638 1.6262909 1.6714409 1.7755557 0.5672784 0.4765654 0.0000000 2.1828793 1.9965915 2.0402317 1.9043564 1.9790591 2.0715625 1.7649962 2.0526312 1.9994789 1.7889066 1.9657869 2.4296713 2.2451595 
Xestes_augustus_masked-XT_scaffold178860-processed-gene-0.5-mRNA-1   1.8546935 1.7569657 2.0432699 2.0007657 1.7357981 1.9604394 2.4566593 2.5945765 1.9166040 1.8898407 2.3120031 2.1857874 2.2799450 2.1166128 1.5617484 2.5979598 2.0331646 1.8732716 2.5256056 1.3772194 2.5536338 1.9348416 2.2397824 2.3215455 2.4323797 2.7813414 2.2657603 2.2657603 2.1900528 2.1900528 2.0820334 2.5023482 2.8766986 2.4559168 2.3605508 2.3605508 1.8408137 1.9945232 2.5245160 2.4166099 2.7457872 3.2696497 3.3103546 2.9727467 3.0985796 3.1043514 2.3345392 2.1381056 2.1828793 0.0000000 0.3701814 0.3741078 0.4089423 0.4048090 0.4645868 2.1591571 1.8033311 2.6644521 2.3491724 2.3492710 4.2362983 4.5740365 
Xestes_augustus_masked-XT_scaffold3422-processed-gene-0.11-mRNA-1    1.4017121 1.2314697 2.0171643 2.0686651 2.2786464 1.9168673 2.7622348 2.5069082 2.2004567 1.9870149 2.4134805 2.3245345 2.2411249 2.3068722 1.5745808 2.6452202 2.2783780 1.9270971 2.4062296 1.7773937 2.4261559 2.0035211 2.2294369 2.5350962 2.2640683 2.7069365 2.1674180 2.1674180 2.1227975 2.1227975 2.1105299 2.7067424 2.7806198 2.7711206 2.3722307 2.3722307 2.0977228 2.4776221 2.5145573 2.7276292 2.7912579 3.3439048 3.0250514 2.8229135 2.9079728 3.1206290 2.3892999 2.3485519 1.9965915 0.3701814 0.0000000 0.0742478 0.1319365 0.1236637 0.1608560 2.1081359 2.0552168 2.7634519 1.9041198 2.4790825 4.2123538 4.8051804 
Xestes_augustus_masked-XT_scaffold186723-processed-gene-0.6-mRNA-1   1.3903284 1.2971207 2.2673747 2.1112128 2.3311670 1.9751610 2.8894396 2.7053010 2.2258684 2.0216698 2.4016633 2.2673620 2.2775243 2.3488277 1.6591690 2.6710337 2.1724712 2.0148537 2.3741608 1.9172267 2.4814373 1.9502678 2.3191893 2.3753569 2.3340817 2.6026256 2.3316148 2.3316148 2.1934189 2.1934189 2.1813969 2.7322996 2.8657077 2.9244850 2.3682439 2.3682439 1.9991354 2.3592564 2.4705452 2.6551282 2.7688222 3.3032978 2.9668606 2.7374092 2.9272299 3.1068655 2.3921009 2.3625203 2.0402317 0.3741078 0.0742478 0.0000000 0.1569357 0.1220307 0.1589033 2.0713314 2.0098369 2.7978410 1.8536801 2.4899584 3.9323318 4.8713282 
Xestes_augustus_masked-XT_scaffold184863-processed-gene-0.11-mRNA-1  1.2407214 1.1611026 1.9474155 2.0586871 2.3204377 1.9087322 3.0844955 2.6134330 2.2024366 1.9180769 2.3809654 2.1351666 2.1658174 2.2305448 1.5324580 2.4993572 1.9785985 1.8658423 2.3293880 1.6962600 2.3399815 1.8338195 2.1796077 2.3173470 2.1632712 2.5604192 2.1171676 2.1171676 2.0446353 2.0446353 2.0007162 2.6573246 2.8129285 2.8204958 2.2330437 2.2330437 1.9937741 2.2499744 2.2427223 2.4885093 2.6988774 3.0835048 2.9084756 2.5981378 2.6118579 2.9080121 2.2803714 2.4228176 1.9043564 0.4089423 0.1319365 0.1569357 0.0000000 0.0924862 0.1290489 2.0974183 2.0140930 2.7543646 1.8810335 2.4488469 4.1926749 5.0512268 
Xestes_maker-XT_scaffold171856-snap-gene-0.28-mRNA-1                 1.3698074 1.3217777 2.0873332 2.2163498 2.2389145 1.9680970 2.8572475 2.7908670 2.2518126 1.9759665 2.5319037 2.3230937 2.2932384 2.3609731 1.5979311 2.8087343 2.1755281 2.0614417 2.4942623 1.7763480 2.5205773 1.8850131 2.2018248 2.3449508 2.4271823 2.8686575 2.3766657 2.3766657 2.2243069 2.2243069 2.1671475 2.9597965 3.1021749 2.9487864 2.2390996 2.2390996 2.1297309 2.4346034 2.4805318 2.6512690 2.9791397 3.1883574 3.0681573 2.7303687 2.8249978 3.1106825 2.3937341 2.4789402 1.9790591 0.4048090 0.1236637 0.1220307 0.0924862 0.0000000 0.1032819 2.0463778 2.0527261 2.7840733 1.9170075 2.6260225 4.0655042 5.2239764 
Xestes_augustus_masked-XT_scaffold18087-processed-gene-0.1-mRNA-1    1.3328683 1.2459443 1.8459066 1.9665397 2.2444987 1.9249692 2.6268797 2.6286329 2.1195650 1.8872385 2.3386604 2.1399491 2.1471270 2.2077198 1.5340907 2.6068963 2.1352864 1.8892058 2.3187357 1.6574341 2.2323258 1.9302258 2.1002028 2.3391898 2.1259321 2.3014678 2.1584617 2.1584617 1.9909316 1.9909316 2.0123007 2.7473324 2.9300968 2.8843109 2.2326641 2.2326641 2.2017822 2.5109910 2.2228534 2.6827813 2.7227739 3.0645039 2.8384507 2.5931357 2.6292972 2.9084277 2.4330571 2.4573727 2.0715625 0.4645868 0.1608560 0.1589033 0.1290489 0.1032819 0.0000000 2.0773898 2.0830091 2.5834372 1.9055144 2.4256392 3.8700869 4.6648050 
Xestes_augustus_masked-XT_scaffold35257-processed-gene-0.0-mRNA-1    1.9326449 1.8162763 3.6917021 2.1255698 2.2089530 1.6250307 1.9566266 1.9482335 1.9538417 2.2351677 2.1202827 2.1842752 2.0275732 2.2409517 2.0861179 2.5193063 1.8639793 2.0023742 1.7167959 2.0444510 1.8827792 1.8155150 2.1726594 1.8194507 2.3442402 1.7895178 2.1930295 2.1930295 1.9806559 1.9806559 1.9995250 2.3520424 2.3880527 2.1755861 1.8724765 1.8724765 2.3435451 2.3994124 2.3068174 2.1597078 2.6832979 3.0472465 2.6946303 2.7574621 2.8783135 2.5235203 2.4714648 2.0239213 1.7649962 2.1591571 2.1081359 2.0713314 2.0974183 2.0463778 2.0773898 0.0000000 1.1300367 2.5261511 1.9508517 1.6253245 4.0587336 3.5184841 
Stycar_snap_masked-SC_scaffold146800-processed-gene-0.2-mRNA-1       1.5724312 1.5669993 4.1173436 2.0033701 2.0213451 2.0157239 1.9101074 1.7262478 1.8289379 1.7332904 2.1962616 1.9007000 1.7093598 1.9581156 2.0765661 2.1699345 1.7265629 1.8865318 1.6115852 1.8788015 1.9741361 1.4198128 1.5027742 2.0228780 2.0584078 1.4267024 1.9311013 1.9311013 1.7627122 1.7627122 1.8569409 2.1855812 2.2652452 2.0210771 2.1551062 2.1551062 1.8345285 1.9202733 1.9702458 1.8685056 2.5374994 2.2868820 2.2476447 2.0612590 2.2813857 2.5973306 2.6028998 2.1845241 2.0526312 1.8033311 2.0552168 2.0098369 2.0140930 2.0527261 2.0830091 1.1300367 0.0000000 2.3539408 1.8572455 1.7711283 3.5624573 1.6723816 
