102
Bolinf_Binf_sb1175293                                    0.0000000 1.0242476 0.0000010 0.8769939 0.6701936 3.7011874 0.8200205 0.7822906 0.0000010 1.9661796 3.5270534 2.9648382 0.0000010 0.1554529 0.1554529 0.1554529 0.0000010 0.0000010 0.0000010 0.0000010 1.7113508 3.0149261 1.7730244 0.0919707 2.8317742 9.0000000 2.5250602 2.7804899 2.8093153 4.5954607 4.1423616 2.3484203 0.0000010 0.0000010 2.0247350 0.0000010 3.7154862 3.0804631 2.5767451 2.7403850 2.6485877 2.8190614 0.0000010 3.0318198 0.0000010 2.9611422 3.0226270 0.0000010 3.6256851 0.0000010 3.1069138 3.1733008 2.7637257 2.0273320 0.0000010 2.0273320 0.0000010 2.7989585 1.6163532 2.3634124 3.1024321 2.7343057 2.5584987 3.1905219 9.0000000 3.0626964 3.5880747 1.5854300 0.0000010 0.0000010 1.3459117 0.0000010 2.6267195 2.4745256 3.0920221 2.9753411 2.9280704 2.9393626 2.7385506 2.7482339 2.9363434 3.0978548 6.2036507 3.2478643 2.5757675 3.7079622 2.1700346 5.8598749 4.6598787 3.4649591 3.2020203 3.3133225 8.3886334 0.0000010 5.1100963 5.2718099 3.3110055 4.6982972 2.9232927 2.1418089 3.2308267 4.1912056 
Pbac_sb2638159                                           1.0242476 0.0000000 0.0501487 0.0159826 0.0320208 0.0198981 0.7136100 0.6833279 0.5863837 1.2709204 1.2402477 0.7889588 0.3556196 0.5313904 0.3962708 0.5579420 0.5526730 0.4491974 0.6113677 0.5129446 0.5601158 0.4065360 0.8426808 0.6975671 2.2698604 1.8636390 2.4352159 2.2882206 2.2780534 1.5339497 2.0411508 2.4832381 2.2719182 2.6956842 2.6022570 2.7069114 2.5175747 2.6164024 2.2419600 2.4378531 2.5286556 2.6832647 3.6596925 2.8475142 3.0718690 2.5506903 2.5546688 3.1489685 2.5615190 1.6312763 2.6441639 2.5902593 2.5211446 2.3208915 2.4864034 2.0283628 4.3138477 2.5512214 1.4155673 2.3414715 2.4534729 2.3314683 2.3426748 2.4652862 2.9673175 2.4818050 2.7195629 1.9640876 2.8240033 2.6083740 2.2691329 1.6802005 2.3140503 2.0816419 2.7459963 2.6227543 2.7117920 2.6827503 2.6939192 2.6647284 2.1223488 2.5160702 3.0159941 3.0185258 2.2392459 2.7898802 3.1076583 4.2716107 3.5087276 3.2519412 2.6908651 3.0754100 4.0540047 2.7910739 3.4692272 3.8188412 2.8953507 3.6931194 2.9539316 2.5046588 4.0282563 2.5858850 
Pbac_sb2665189                                           0.0000010 0.0501487 0.0000000 0.0555703 0.0555703 0.0000010 0.8185286 0.7807018 3.8421661 2.0964036 2.0964036 2.0964036 0.3147631 0.4282688 0.2687527 0.5617259 0.0000010 0.4491974 0.6773742 0.0000010 0.4810811 0.0000010 0.8807431 0.7140389 2.2051662 0.0000010 2.3784884 2.2902086 2.2577343 0.0000010 0.0000010 2.6788967 3.3180160 4.2784312 3.0300497 2.6613846 2.2661333 1.4929769 2.4191990 2.2598135 2.2979353 2.5636225 3.6596925 2.7440288 3.1647969 1.8293200 2.4996614 3.2326260 2.6094979 1.6312763 2.6402635 2.5828745 2.8784499 2.5071020 2.4864034 2.1843323 4.2745173 2.5182824 1.4000773 2.3879557 2.5556585 2.4863930 2.3646907 2.5521771 3.3889539 2.3638787 2.7649710 2.0188577 2.8242409 2.6133324 3.6048188 5.8076140 2.4107786 1.7333972 2.7854701 2.6619384 2.7587621 2.7465376 2.6818929 2.6245512 1.6398243 2.6440197 2.8448233 2.7378723 3.8423999 3.3515937 3.1392983 3.8118721 3.6918146 5.2103356 1.9666980 0.0000010 4.1002231 4.1613189 4.3289208 3.8098829 8.5645321 3.5561748 4.0303613 3.3967670 4.4864142 2.3487414 
Horcal_Hcv1.av93.c7.g788.i2                              0.8769939 0.0159826 0.0555703 0.0000000 0.0062907 0.0455904 0.7073582 0.6874353 0.5935708 1.3305078 1.3022492 0.8203606 0.3050914 0.3955224 0.3136744 0.5291211 0.5397137 0.4583057 0.6053799 0.5121338 0.5635664 0.4065360 0.8313951 0.7119448 2.2233218 1.7272981 2.4088978 2.2550423 2.2405297 1.5339497 2.0411508 2.2656048 2.2640677 2.6863917 2.5703076 2.6682971 2.4379511 2.6193430 2.2113961 2.3540904 2.4471856 2.6344206 3.5616799 2.7923434 3.0914901 2.4520498 2.4875470 3.1639756 2.5067570 1.6880535 2.6166395 2.5430174 2.4572009 2.3196348 2.4705916 2.0684470 4.2534666 2.4874809 1.4387083 2.3413132 2.4218990 2.2941575 2.3153903 2.4305512 2.9545300 2.4986795 2.6225306 1.9291533 2.7947501 2.6133324 2.2717287 1.6859272 2.2716378 1.9626056 2.7363578 2.6329019 2.7139957 2.6850325 2.6933252 2.6632345 2.1576446 2.4648861 3.0014386 2.9704185 2.2392459 2.7898802 3.1563171 4.2248955 3.5357466 3.2341876 2.5689733 2.0448129 4.0541936 2.7822615 3.4663419 3.7748943 2.8928682 3.6829360 3.0794994 2.5197085 4.0355413 2.5894121 
Horcal_Hcv1.av93.c7.g788.i1                              0.6701936 0.0320208 0.0555703 0.0062907 0.0000000 0.0399499 0.6874150 0.6731994 0.5935708 1.2872989 1.2509186 0.7965939 0.2965805 0.3827829 0.3165534 0.5214438 0.5397137 0.4583057 0.6053799 0.5121338 0.5749813 0.4065360 0.8313951 0.7119448 2.2610317 1.9259340 2.4537239 2.3077802 2.2976524 1.5339497 2.0411508 2.5687931 2.2640677 2.6863917 2.6005620 2.6682971 2.4798651 2.6895521 2.2606333 2.4120622 2.5089928 2.6862129 3.5616799 2.8279379 3.0914901 2.5120147 2.5366464 3.1639756 2.5704898 1.6880535 2.6166395 2.6310941 2.5341286 2.3196348 2.4705916 2.0684470 4.2534666 2.5531274 1.4387083 2.3905006 2.4843022 2.3499489 2.3751945 2.5107568 2.9545300 2.5608008 2.7036184 1.9291533 2.7947501 2.6133324 2.2717287 1.6859272 2.3400834 2.1087504 2.7554114 2.6522131 2.7329249 2.7039112 2.7073477 2.6796622 2.1576446 2.5493474 3.0067096 3.0216013 2.2392459 2.7898802 3.1623640 4.3287287 3.5391269 3.2373396 2.6533001 3.0349655 4.2590174 2.7822615 3.5338257 3.7748943 2.8928682 3.6829360 2.9945833 2.5197085 4.0355413 2.5894121 
Pbac_sb2663491                                           3.7011874 0.0198981 0.0000010 0.0455904 0.0399499 0.0000000 0.7726838 0.7811110 0.0000010 0.9449948 0.9904283 0.5970490 1.1029615 2.1540020 2.1540020 2.1540020 9.0000000 0.0000010 1.4818727 0.0000010 0.7674086 0.1945014 3.0165907 0.0000010 2.8077325 0.0000010 3.1147134 2.6976341 2.6657543 1.4516228 3.4492501 8.5566010 0.0000010 0.0000010 0.0000010 0.0000010 2.9485116 3.7786335 2.4176843 2.7563213 3.4104968 2.8702387 0.0000010 3.2376158 0.0000010 3.0310537 2.6919630 0.0000010 2.6630314 0.0000010 2.6132974 5.6562267 2.8100573 2.1057736 0.0000010 2.1057736 0.0000010 3.0033935 0.0000010 2.8728916 2.4624768 2.6106635 2.5892427 2.7708418 0.7900931 3.4587473 4.9612925 0.0000010 0.0000010 0.0000010 0.0000010 0.0000010 3.1690561 2.5733766 2.6415497 2.6183502 2.6879482 2.6879482 2.8083554 2.8139875 0.0000010 2.6733116 2.7639561 4.9655683 1.5307731 1.5831842 3.3735621 4.9597818 3.6011744 1.9495952 2.8160684 3.8705152 6.3668214 0.0000010 2.5931096 2.0983143 3.3109166 4.4769822 2.5473277 5.6108625 4.2998175 2.7723695 
Vmul_Simscaffold16263_01                                 0.8200205 0.7136100 0.8185286 0.7073582 0.6874150 0.7726838 0.0000000 0.3156110 0.2400385 0.6165174 0.5795955 0.3954652 0.2803950 0.4229209 0.3724825 0.6658543 0.6176957 0.5319841 0.8317922 0.6767506 0.7449116 0.4030249 0.7878075 0.6689905 2.3289519 2.0513534 2.4124980 2.3484528 2.2930368 1.6665226 2.4288055 2.6757820 2.3438505 2.6152726 2.6062314 3.0384771 2.3671678 2.8468545 2.3090864 2.4461703 2.5441001 2.6240161 2.6016926 2.7860862 3.1719260 2.4342841 2.6328411 3.5420531 2.7105961 1.5714820 2.8773250 2.4632008 2.6592558 2.3641017 2.0282389 1.6507514 4.0444162 2.5458855 1.3589069 2.3153503 2.4973212 2.3999269 2.4039459 2.5488265 2.9761618 2.6208790 2.7154613 1.6334548 2.9582177 2.5701034 2.1402939 1.8694720 2.4326883 2.0280685 2.6172686 2.5797811 2.6111514 2.6119173 2.6026644 2.5404585 1.7757261 2.5217694 3.2037318 3.1783303 2.4349176 2.9972955 3.0634140 4.2529497 3.4067940 3.7652919 2.8782260 2.8965039 4.4578668 2.7943028 3.7374386 4.1876066 3.1907831 3.7828733 3.0835355 2.6231341 4.1408224 2.8868748 
Coemet_Cmet_C608180_01                                   0.7822906 0.6833279 0.7807018 0.6874353 0.6731994 0.7811110 0.3156110 0.0000000 0.0179523 0.2692910 0.2494438 0.1591833 0.2529789 0.3281730 0.3188909 0.6149173 0.5319245 0.5125652 0.7366871 0.5454949 0.6938120 0.3726692 0.7173405 0.6014231 2.2578863 2.2131368 2.3927416 2.3271973 2.2827050 1.7232737 2.2916272 2.8427818 2.2956856 2.5756744 2.6116943 2.4547892 2.3388947 2.7855417 2.2894630 2.3609787 2.4820220 2.6302453 2.5310389 2.7412540 3.1614349 2.5373925 2.6329277 3.5899312 2.7175372 1.5024318 3.0962238 2.3844612 2.6238241 2.3335974 1.9391531 1.6631083 3.9935701 2.4461268 1.3842259 2.2457290 2.3579518 2.3159647 2.3440853 2.5403761 2.9141097 2.4593833 2.6827532 1.6434222 3.0279368 2.6362277 2.2421519 1.9282530 2.3206285 2.0730309 2.6158858 2.5794871 2.5303318 2.5400050 2.5583839 2.5158104 1.7558979 2.5363031 3.1499524 3.1012280 2.3349881 2.8901111 3.0611914 4.3825105 3.2967299 3.6252035 2.9384522 2.9034210 4.9451775 2.8928785 3.6257950 4.4146503 3.2620298 3.7071971 3.6843324 2.5966779 4.5798752 3.0989779 
Coeast_Cast_sb776426                                     0.0000010 0.5863837 3.8421661 0.5935708 0.5935708 0.0000010 0.2400385 0.0179523 0.0000000 1.6121353 1.6121353 1.6121353 0.0000010 0.0000010 0.0000010 0.5474374 0.3514439 0.0000010 0.5108043 0.4603827 0.4900146 0.0000010 0.4585034 4.4545148 2.1212896 1.4815610 2.1713944 2.2021589 2.1666093 0.0000010 0.0000010 0.0000010 1.9690320 2.1706782 2.1844946 0.0000010 2.1732466 0.0000010 1.9416453 2.4364211 2.3955153 2.5355907 0.0000010 2.9954585 3.0807534 1.9258609 2.7328760 2.8648866 2.2498436 0.0000010 2.6868593 2.0336206 2.2661152 2.8058720 0.0000010 0.0000010 3.9177867 2.4709169 0.6256495 2.0645046 2.0657193 1.8229941 2.0607593 2.3077251 2.5640687 2.1142208 2.3338096 0.0000010 0.0000010 0.0000010 2.2157759 1.6730642 2.0749619 0.0000010 2.7303344 2.7185846 2.6388700 2.6388700 2.7206848 2.6171538 0.0000010 2.3353484 2.6821314 2.8260245 0.0000010 5.5522994 0.0000010 4.8705089 3.1675801 4.3990947 2.9607986 0.0000010 3.4648278 2.3887409 6.3041014 4.9116664 2.9548103 3.6156734 2.1542445 1.8392584 6.7992788 2.8627144 
Coeast_Cast_sb803785                                     1.9661796 1.2709204 2.0964036 1.3305078 1.2872989 0.9449948 0.6165174 0.2692910 1.6121353 0.0000000 0.0000010 0.0000010 0.7482146 0.8217399 0.8217399 1.4178207 1.8987217 1.2590171 1.6000450 1.6121353 1.1557759 0.0000010 2.1221937 1.2590171 3.6436217 6.9130936 3.1604904 3.4868440 3.2475720 0.0000010 0.0000010 9.0000000 5.9793552 5.9793552 7.3055635 0.0000010 3.0062742 4.2549964 2.7272923 2.8899749 3.4132646 3.3963900 2.1622509 3.3406451 3.2240365 3.5405066 4.0096747 2.3675144 3.1697697 0.0000010 1.3529834 3.5066671 3.3841191 1.9186198 1.8665792 2.6944896 1.9092402 3.2084551 3.8048783 3.6845730 3.7486533 3.6339223 2.9699898 3.2795331 3.2866927 3.1593227 3.4524881 8.0622670 9.0000000 0.0000010 7.3196778 4.6510450 8.9999986 2.6420420 3.6455981 3.5220760 3.2522587 3.2522587 2.9681556 2.8865404 3.2784823 2.9152800 1.6691650 6.4036035 9.0000000 9.0000000 4.9752567 6.0248814 4.1351733 2.5558139 4.6017137 2.3382371 0.0000010 8.8446277 4.3296649 2.2039021 4.2166865 3.9982746 2.6472328 5.2067598 9.0000000 5.5984470 
Coeast_Cast_sb803780                                     3.5270534 1.2402477 2.0964036 1.3022492 1.2509186 0.9904283 0.5795955 0.2494438 1.6121353 0.0000010 0.0000000 0.0192411 0.7482146 1.0258881 1.0258881 1.3885448 1.9931566 1.2590171 1.6000450 1.6121353 1.1815655 1.0665991 2.1221937 1.2590171 4.1147204 6.9130936 3.8669481 4.3094535 3.9212355 0.0000010 0.0000010 9.0000000 5.9793552 5.9793552 7.3055635 0.0000010 3.3844077 4.8884679 3.4897545 3.5680287 4.7169460 4.3560391 2.1622509 4.0713604 3.2240365 4.4961543 4.6041015 2.3675144 4.1182362 0.0000010 1.5370685 3.5887720 3.8027603 1.9186198 1.8665792 2.6944896 1.9092402 3.8135769 3.8048783 3.9526752 4.1246096 4.5460847 3.4111143 3.9527770 3.2866927 3.9582458 4.1762624 8.0622670 9.0000000 0.0000010 7.3196778 4.6510450 8.9999990 5.4511664 4.1661224 4.0409144 3.4669152 3.4669152 3.6309380 3.5866529 3.2784823 3.7785298 1.8454445 6.9525640 8.2154095 8.9999989 4.1146039 6.3080507 3.8491733 3.9062380 4.5986139 5.6202537 9.0000000 8.8446277 4.2108461 2.2039021 4.2166865 3.8104851 3.3701360 6.2349541 9.0000000 5.5984470 
Coeast_Cast_sb803782                                     2.9648382 0.7889588 2.0964036 0.8203606 0.7965939 0.5970490 0.3954652 0.1591833 1.6121353 0.0000010 0.0192411 0.0000000 0.7482146 1.0258881 1.0258881 1.3885448 1.9931566 1.2590171 1.5911322 1.6121353 0.8179252 0.1536280 2.8172872 1.2590171 2.7453864 6.9130936 2.8307780 2.8614990 2.6863530 1.4531795 3.4492501 9.0000000 5.9793552 5.9793552 7.3055635 0.0000010 2.5188146 4.0721699 2.3336891 2.6352651 3.1598625 3.0515677 2.1622509 3.0835828 3.2240365 3.1513759 2.9688699 2.3675144 2.6409115 0.0000010 2.1661366 3.3963175 2.5943734 1.9626292 1.8665792 2.4717564 1.9092402 2.6388869 3.8048783 2.4950143 2.8291181 2.9734233 2.5101506 2.7944237 1.5855927 3.1916766 4.9428112 8.0622670 9.0000000 0.0000010 7.3196778 4.6510450 3.5922783 2.2915390 2.7572032 2.7037526 2.4719797 2.4719797 2.5418161 2.4991297 3.2784823 2.8651367 2.3495728 4.3674125 1.5555420 1.6890138 4.1146039 6.5202612 3.9476537 2.2895000 3.0018193 3.0561558 7.5273920 8.8446277 2.4459861 4.5293497 3.9976976 3.4939574 2.3586129 5.4276896 5.8605060 4.4272800 
Mertsp_Mesp_sb554927                                     0.0000010 0.3556196 0.3147631 0.3050914 0.2965805 1.1029615 0.2803950 0.2529789 0.0000010 0.7482146 0.7482146 0.7482146 0.0000000 0.2135516 0.2628401 0.2628401 0.0000010 0.0000010 0.0000010 0.0000010 0.5779491 0.8964741 1.7186020 0.4721649 1.8967466 9.0000000 1.8289049 1.8573096 1.9107011 0.0000010 0.0000010 2.4532725 0.0000010 0.0000010 2.0439159 0.0000010 2.5555427 1.9185651 2.2162457 1.8357718 1.9731613 2.1087144 0.0000010 2.0481608 0.0000010 2.0287648 1.9432294 0.0000010 2.4280708 1.5730628 0.0000010 1.7709233 1.7391009 1.5517884 2.4278758 1.5517884 0.0000010 1.9420467 1.5754593 1.7505617 2.0836462 1.9245465 1.8819938 2.2522219 0.0000010 2.0866053 1.9873328 1.8562552 0.0000010 0.0000010 1.2432888 0.0000010 1.6585533 1.7884442 2.2187373 2.1504673 2.1133935 2.1206943 2.1504790 2.0803120 2.0831129 2.0295834 5.3172757 2.6895100 3.3786566 3.4910502 2.1204112 2.9520867 2.0781991 7.3473705 2.3985375 1.4677212 5.0196761 0.0000010 4.0521947 2.8394146 0.0000010 2.2918402 3.0302090 1.1497357 5.0251235 0.0000010 
Drygla_Dgla_sb286707                                     0.1554529 0.5313904 0.4282688 0.3955224 0.3827829 2.1540020 0.4229209 0.3281730 0.0000010 0.8217399 1.0258881 1.0258881 0.2135516 0.0000000 0.0075047 0.0304917 1.2973789 1.4995935 1.9917478 0.0000010 1.0512373 0.0000010 1.6739209 0.6082961 2.6156572 9.0000000 2.8044435 2.7948819 2.7892846 0.0000010 0.0000010 2.7167453 0.0000010 0.0000010 2.2154336 0.0000010 3.4914336 2.3747921 3.0876398 2.8840427 2.9410070 3.1629391 9.0000000 2.7964280 9.0000000 2.5147941 3.0825041 0.0000010 2.9995729 1.8482778 9.0000000 2.5681433 2.6191007 2.2354486 1.7733277 2.1128085 9.0000000 2.3989097 2.0507826 2.1347549 2.6029103 2.3393590 2.2919102 2.4292568 9.0000000 2.9206200 2.5191226 2.0927166 9.0000000 9.0000000 1.3459117 0.0000010 2.5603508 2.6363206 3.2940779 3.2736156 2.9142430 2.9158009 3.1818165 3.1949110 3.5037843 2.9836952 6.8151644 3.1071363 2.2339385 3.6242415 3.2538591 6.0181208 5.8705804 5.0718363 3.1377165 2.1662382 5.5108721 0.0000010 4.8936974 1.6163304 9.0000000 5.3357422 2.8200433 1.1497357 3.4955911 0.0000010 
Drygla_Dgla_sb286706                                     0.1554529 0.3962708 0.2687527 0.3136744 0.3165534 2.1540020 0.3724825 0.3188909 0.0000010 0.8217399 1.0258881 1.0258881 0.2628401 0.0075047 0.0000000 0.0101036 1.2973789 0.5442164 0.0000010 0.0000010 0.5203045 0.0000010 1.4417929 0.5834323 1.7815559 9.0000000 1.8374011 1.8060941 1.8311695 0.0000010 0.0000010 2.6368258 0.0000010 0.0000010 2.1414753 0.0000010 2.0889588 1.6185700 2.0916882 1.8511479 1.8766999 2.1067874 9.0000000 1.9771039 9.0000000 1.8583441 2.1952811 0.0000010 2.3100759 1.5912678 9.0000000 1.8319892 1.8040356 1.4700486 1.2991735 1.4472626 0.0000010 1.7013340 1.3224905 1.6188371 1.8778397 1.7603463 1.8023016 2.0368234 9.0000000 1.8283704 2.0863582 1.7308113 9.0000000 9.0000000 1.2432888 0.0000010 1.7269766 1.7522560 2.1454377 2.1388740 2.0146076 2.0141898 2.0763690 2.0348107 1.8632724 1.9035659 3.9364629 2.4414710 3.2920446 3.0168457 2.0444678 3.3004463 2.5004172 4.2313239 2.3559269 2.1662382 4.7981898 0.0000010 4.0216397 3.9859769 9.0000000 2.1126082 3.0034559 1.1497357 3.9399950 0.0000010 
Drygla_Dgla_sb286703                                     0.1554529 0.5579420 0.5617259 0.5291211 0.5214438 2.1540020 0.6658543 0.6149173 0.5474374 1.4178207 1.3885448 1.3885448 0.2628401 0.0304917 0.0101036 0.0000000 0.0084650 0.5051205 0.5573605 0.5006215 0.4875071 6.0157433 0.8424215 0.6578432 2.2267452 2.1995613 2.3137866 2.2944274 2.2724521 0.0000010 0.8595045 2.6308342 2.2423307 2.5861559 2.6538488 2.8322555 2.3121034 1.6444463 2.3150812 2.3606838 2.4266263 2.5308717 2.9994261 2.6418983 3.0706760 1.9801610 2.6174372 3.2395556 2.5276481 1.5912678 2.6654588 2.3613584 2.5699576 2.4621701 2.0968753 1.8934754 4.2214952 2.4382659 1.4407208 2.2169159 2.4601034 2.2878510 2.3038971 2.4656900 2.8638924 2.3439476 2.5311339 2.0034985 2.8269060 2.6337813 2.4364936 2.0775141 2.3750562 1.8528965 2.7197545 2.6192612 2.6345908 2.6281835 2.6920544 2.6191656 1.8608044 2.4467141 3.1968651 2.6786173 3.0567496 4.3759032 2.7960665 3.8995892 3.3504147 5.6143633 2.4670372 2.1662382 3.8049790 2.7015508 4.4267645 4.2486877 2.8452176 3.5335531 3.5085535 2.4701810 4.2639877 2.2945607 
Drygla_Dgla_sb286705                                     0.0000010 0.5526730 0.0000010 0.5397137 0.5397137 9.0000000 0.6176957 0.5319245 0.3514439 1.8987217 1.9931566 1.9931566 0.0000010 1.2973789 1.2973789 0.0084650 0.0000000 0.0000010 0.4750998 0.4750998 0.4578810 6.0157433 1.3830987 0.0000010 2.2370116 1.9850240 2.2048640 2.2482638 2.2151206 0.0000010 0.8595045 2.2402254 1.9649906 2.3371276 2.4224393 0.0000010 2.1775149 9.0000000 1.9695275 2.0422714 2.0716562 2.2382027 0.0000010 2.5407327 2.5730621 9.0000000 2.1962872 2.7798391 1.6057341 0.0000010 3.1023611 2.1209018 1.7153225 3.6426626 0.0000010 0.0000010 3.6014244 2.2253085 9.0000000 2.4017245 2.2659435 2.2466916 2.0262401 2.2052583 1.5556005 1.6880622 1.9303305 0.0000010 0.0000010 0.0000010 1.9859425 2.0290070 2.0204083 9.0000000 2.5889114 2.2907042 2.3184883 2.3184883 2.5274089 2.6055758 0.0000010 2.2370489 0.0000010 2.7263450 2.4114688 7.6156076 9.0000000 5.9566972 2.9600908 7.1885593 3.6371074 0.0000010 2.4815767 2.1553342 5.2416244 5.1638430 2.7868194 3.6397896 1.7275721 1.5909984 6.8157988 2.1909348 
Mertsp_Mesp_sb554928                                     0.0000010 0.4491974 0.4491974 0.4583057 0.4583057 0.0000010 0.5319841 0.5125652 0.0000010 1.2590171 1.2590171 1.2590171 0.0000010 1.4995935 0.5442164 0.5051205 0.0000010 0.0000000 0.3812763 0.0000010 0.3373421 0.0000010 0.3666817 0.7352078 1.8384339 0.0000010 1.7776000 1.7510896 1.7379009 0.0000010 0.0000010 0.0000010 0.0000010 0.0000010 2.3667401 0.0000010 1.7857078 1.5578093 2.1736893 1.8752781 2.0481765 2.1760501 2.5169637 2.1074275 2.4335683 2.1417156 2.3618167 3.7907382 2.1464222 0.0000010 2.7641011 2.3508652 3.2178757 3.2178757 2.5395514 2.1297583 8.9999989 1.8371940 1.8004981 2.0578663 2.2813644 2.1956941 1.9933718 2.5289872 2.8369025 1.8826384 2.5225072 2.6283249 2.1040563 2.1040563 3.5739756 0.0000010 2.1364528 1.7781694 2.0978912 2.0485329 2.1695632 2.1695632 2.2203284 2.2203284 1.4228165 1.8367463 2.4094576 2.3455827 4.2917543 4.5191014 3.0554058 3.2647336 2.9313749 7.1934603 0.0000010 0.0000010 4.2789900 0.0000010 4.6398843 3.8160831 9.0000000 3.3101496 7.0264568 2.8675151 3.2882571 0.6290247 
Beraby_Baby_sb332444                                     0.0000010 0.6113677 0.6773742 0.6053799 0.6053799 1.4818727 0.8317922 0.7366871 0.5108043 1.6000450 1.6000450 1.5911322 0.0000010 1.9917478 0.0000010 0.5573605 0.4750998 0.3812763 0.0000000 0.0179211 0.3486825 3.4383181 0.6677880 1.1301779 2.4609595 2.1093317 2.5979839 2.5313186 2.5070848 0.0000010 0.8595045 2.2402254 2.2487130 2.6459543 2.8170368 2.4137765 2.4407268 3.5560970 2.3806155 2.4416562 2.4869467 2.7992931 2.8031534 2.9509053 3.0349198 4.7485119 2.8273128 3.4087120 2.8289998 0.0000010 2.7273445 2.5128046 3.0040718 3.1251407 2.4101088 3.4051496 3.9853223 2.7287406 2.3721085 2.5357480 2.5143320 2.3720363 2.5126193 2.6007747 2.8244893 2.6551627 2.6728623 3.2456370 3.1803240 2.8394800 2.4116653 1.8632818 2.6376012 2.4686550 3.0714343 3.0188284 3.0308643 3.0265760 3.0827256 2.9846920 2.5991723 2.7458289 2.9498740 2.8190762 2.2520399 3.7573274 3.8287358 4.1847520 3.6553575 4.8836221 2.1946858 2.7265553 2.8648156 2.7185058 4.1637912 4.2218025 2.8984745 3.8663289 3.3052160 2.6469917 4.1494161 2.5289276 
Beraby_Baby_sb332445                                     0.0000010 0.5129446 0.0000010 0.5121338 0.5121338 0.0000010 0.6767506 0.5454949 0.4603827 1.6121353 1.6121353 1.6121353 0.0000010 0.0000010 0.0000010 0.5006215 0.4750998 0.0000010 0.0179211 0.0000000 0.3113932 4.0345451 0.6694074 0.0000010 2.2407936 2.1676541 2.3681401 2.2670684 2.2908822 0.0000010 0.8595045 2.2402254 2.1963771 2.4583619 2.5418564 0.0000010 2.2443348 0.0000010 1.7974766 2.2710788 2.3049811 2.3225796 0.0000010 2.5862286 2.7214218 1.9258609 2.2185063 3.2765332 2.0559954 0.0000010 2.7064823 1.9299144 2.1210054 2.3024573 0.0000010 0.0000010 3.7057583 2.2750838 0.0000010 2.1064302 2.0534953 1.9073110 1.9825300 2.0331281 1.8645398 1.8095956 1.8602653 0.0000010 0.0000010 0.0000010 1.8517531 1.8146777 1.8782643 0.0000010 2.4942460 2.3073994 2.3527823 2.3527823 2.5059216 2.5141625 0.0000010 2.2736183 0.0000010 2.7551245 1.9022031 4.0020278 0.0000010 4.3469661 2.9008246 4.7434437 1.7675494 0.0000010 3.5723543 2.4884444 3.6269659 3.8667182 2.7620493 3.4075238 1.7611949 1.7798935 7.1323981 2.4948376 
Mlei_ML0073.g26.i1                                       1.7113508 0.5601158 0.4810811 0.5635664 0.5749813 0.7674086 0.7449116 0.6938120 0.4900146 1.1557759 1.1815655 0.8179252 0.5779491 1.0512373 0.5203045 0.4875071 0.4578810 0.3373421 0.3486825 0.3113932 0.0000000 0.2852676 0.6832897 0.5493577 2.3638560 1.9131907 2.4468209 2.3472524 2.3435333 1.6751978 5.5022113 2.6923271 2.2980591 2.7680414 2.7795996 2.3647004 2.3885918 2.5044395 2.3114725 2.4092592 2.5989227 2.6372252 2.5868895 2.8364062 2.9878925 2.7622619 2.6033149 3.2510986 2.7990049 1.4958195 2.6095737 2.3974219 2.6732266 2.3355686 1.9312376 1.8943817 4.8245415 2.5466523 1.1958551 2.3109534 2.5237814 2.3424309 2.3470996 2.5178836 2.8050242 2.4274129 2.6458827 1.8198751 2.9694143 2.6493594 2.4583853 1.7416074 2.5148898 2.0649623 2.6841485 2.6517606 2.6421360 2.6492994 2.6430604 2.5960279 1.7552933 2.5231555 2.9925122 3.0121792 2.5072048 2.8537466 3.0454077 3.8159730 3.3585457 4.1319853 2.7244735 3.5247694 3.8608923 2.6039878 3.7952196 3.8215201 2.7164880 3.4478199 3.1585579 2.7348125 4.6598259 2.6198486 
Drygla_Dgla_sb298830                                     3.0149261 0.4065360 0.0000010 0.4065360 0.4065360 0.1945014 0.4030249 0.3726692 0.0000010 0.0000010 1.0665991 0.1536280 0.8964741 0.0000010 0.0000010 6.0157433 6.0157433 0.0000010 3.4383181 4.0345451 0.2852676 0.0000000 5.6309135 0.0000010 1.6325745 2.3667857 1.6874628 1.6298258 1.6298258 1.3848985 3.1214944 1.8701209 4.0434419 3.4042654 2.6822809 0.0000010 1.5305134 3.1161416 1.5456927 1.8204681 2.1038106 1.7604324 0.0000010 2.1583434 5.5153839 1.9348119 1.7009018 2.5751678 1.5282937 0.0000010 3.3688685 3.5630707 2.2508370 2.1057736 0.0000010 2.1057736 0.0000010 1.9441683 0.0000010 1.5195553 1.8166781 1.5973450 1.7200026 1.8612558 0.7900931 2.3867915 6.0738524 0.0000010 0.0000010 0.0000010 3.3062957 5.4503198 1.7224314 1.4465387 1.5866434 1.4022706 1.6302893 1.6302893 1.6584848 1.7076037 0.0000010 2.2052056 2.8384156 2.5947405 1.5653975 1.7121507 3.8063712 5.9839723 5.1811459 1.7829574 1.9418773 3.1775830 7.3549651 4.1243400 1.3719920 8.9999985 4.3400236 4.2923530 2.3656233 5.1004694 3.8232829 2.4776135 
Lampan_Lpan_13274_01                                     1.7730244 0.8426808 0.8807431 0.8313951 0.8313951 3.0165907 0.7878075 0.7173405 0.4585034 2.1221937 2.1221937 2.8172872 1.7186020 1.6739209 1.4417929 0.8424215 1.3830987 0.3666817 0.6677880 0.6694074 0.6832897 5.6309135 0.0000000 1.6295799 2.1436038 1.8891797 2.3638275 2.2590433 2.2292330 1.6575441 9.0000000 0.6795210 2.4783583 2.7282964 2.4112613 2.5317459 2.3084907 1.2843347 2.1781049 2.3501431 2.3520297 2.3761809 2.0491912 2.5673772 2.7101255 1.3480191 2.6413188 3.4318939 2.8466783 0.0000010 2.3233313 2.3949096 3.5601245 3.4729714 9.0000000 5.1474367 3.7708462 2.6620409 1.6598487 2.1276610 2.3281427 2.2020946 2.4867996 2.2833277 2.5521184 2.6286836 2.4418162 0.5002712 2.7140277 2.2103494 2.4476017 3.6132111 2.4723226 1.8499356 2.8925602 2.7396736 2.8767499 2.8984634 2.9126729 2.6717430 3.6010016 2.5296176 2.5029441 2.4817766 2.9071459 3.9465979 3.4564919 4.7322183 3.9940597 3.8239880 2.6221672 2.5897907 3.7608712 3.4082906 3.9563867 2.5630950 3.0934811 4.2780383 4.1439690 2.8423515 3.6093398 3.1299632 
Eupdun_Edun_sb10611963                                   0.0919707 0.6975671 0.7140389 0.7119448 0.7119448 0.0000010 0.6689905 0.6014231 4.4545148 1.2590171 1.2590171 1.2590171 0.4721649 0.6082961 0.5834323 0.6578432 0.0000010 0.7352078 1.1301779 0.0000010 0.5493577 0.0000010 1.6295799 0.0000000 1.3180631 0.0000010 1.3286257 1.3835556 1.3534297 0.0000010 0.0000010 2.6005417 0.0000010 0.0000010 2.5676168 0.0000010 1.2743482 1.3542572 1.5204807 1.3283157 1.4345023 1.5578036 1.8684657 1.7665984 5.2777534 1.9625886 1.7867356 4.7258723 1.9190586 1.5946175 0.0000010 1.6400667 1.4945055 1.5562069 1.4136408 1.5392494 0.0000010 1.3784091 1.4234052 1.5989119 1.7536084 1.8230887 1.3160466 1.7626119 1.8206301 1.2994040 1.7302559 1.8268899 0.0000010 0.0000010 1.3360389 0.0000010 1.6007644 1.7651526 1.4568789 1.4284651 1.4402307 1.4402307 1.4963022 1.4730558 1.4836045 1.7284014 3.3018663 2.1985316 7.1080599 3.8307797 1.8851382 1.8859784 1.9347340 5.1955607 1.8129780 0.0000010 4.6385112 9.0000000 4.1104446 5.6782732 8.1616724 2.1137052 2.6567665 0.7302418 6.4008531 9.0000000 
Fspp_ffun1.m4.19435.m1                                   2.8317742 2.2698604 2.2051662 2.2233218 2.2610317 2.8077325 2.3289519 2.2578863 2.1212896 3.6436217 4.1147204 2.7453864 1.8967466 2.6156572 1.7815559 2.2267452 2.2370116 1.8384339 2.4609595 2.2407936 2.3638560 1.6325745 2.1436038 1.3180631 0.0000000 0.1498631 0.1190309 0.1548295 0.1525321 0.0125843 0.4241841 0.2691782 0.3155576 0.3590926 0.2980979 0.2673366 0.6297559 0.4295092 1.1951635 0.8188653 0.8607844 1.2015546 0.5941747 1.1916505 1.2713357 1.1457071 1.3661749 2.3477647 1.8025007 1.4886294 1.7215763 1.2956790 1.5536949 1.5740659 1.0881723 1.1609552 2.7486153 1.3062715 0.8143034 1.0684675 1.1856490 1.2362738 1.1751959 1.3921476 1.5232238 1.5361941 1.5892598 0.9110321 1.7289241 1.6451323 1.5186065 1.4581440 1.5580121 1.1060036 1.5691053 1.5465674 1.5461939 1.5575116 1.5816278 1.6155685 0.9473854 1.2578661 1.7862775 1.8080813 1.5074930 2.0836419 1.8868171 2.9266030 2.5790466 2.0992975 1.3766491 1.9957681 4.4341184 1.6969892 2.7917183 3.4962604 2.7071794 2.4441891 2.3975836 1.7184465 3.3734002 2.1475148 
Gfas_gfas1.m1.23020.m1                                   9.0000000 1.8636390 0.0000010 1.7272981 1.9259340 0.0000010 2.0513534 2.2131368 1.4815610 6.9130936 6.9130936 6.9130936 9.0000000 9.0000000 9.0000000 2.1995613 1.9850240 0.0000010 2.1093317 2.1676541 1.9131907 2.3667857 1.8891797 0.0000010 0.1498631 0.0000000 0.1496961 0.1940791 0.1724276 0.0000010 1.1205314 1.9745690 0.3221362 0.5335467 0.6541024 0.0000010 0.7958748 1.8880700 1.2302228 0.8998635 0.9256795 1.6618855 0.0000010 1.2842133 1.2976489 5.0048581 1.3789803 2.6121800 1.9597557 0.0000010 1.4351921 1.3304565 1.6153529 4.7557434 0.0000010 0.0000010 5.6558121 1.3034762 0.0000010 1.3815459 1.1126819 1.3537908 1.3363314 1.2340397 9.0000000 1.2610263 1.6097868 0.0000010 0.0000010 0.0000010 1.4618919 1.5633887 2.1209759 9.0000000 1.4034140 1.1735038 1.3899889 1.3900704 1.5152799 2.0934337 0.0000010 1.7375526 9.0000000 2.0298764 0.4511902 3.7694964 0.0000010 3.8996758 3.1703009 3.6386783 0.7557727 8.9999989 3.9537832 1.5443763 5.0802463 3.3649595 2.2787086 2.7364445 2.2700280 1.8544117 5.2986606 2.2859618 
Gasp_gasp1.m3.5171.m1                                    2.5250602 2.4352159 2.3784884 2.4088978 2.4537239 3.1147134 2.4124980 2.3927416 2.1713944 3.1604904 3.8669481 2.8307780 1.8289049 2.8044435 1.8374011 2.3137866 2.2048640 1.7776000 2.5979839 2.3681401 2.4468209 1.6874628 2.3638275 1.3286257 0.1190309 0.1496961 0.0000000 0.1617334 0.1500067 0.0000010 2.7376023 0.2269710 0.3114562 0.3566358 0.3209043 0.5251403 0.6723405 0.3150218 1.2521779 0.8735438 0.9204367 1.2738701 0.6047723 1.2199162 1.3796692 1.1381538 1.4050043 2.5965234 1.9107062 1.5358878 1.8111374 1.3535120 1.6427944 1.6542242 1.0821648 1.1265206 2.8660331 1.3473606 0.8035251 1.1161550 1.2360355 1.3117421 1.2489303 1.4154636 1.6345029 1.5625705 1.6022175 0.9336196 1.9237448 1.5972127 1.4950889 1.4335358 1.6968164 1.2295044 1.5768190 1.5402970 1.5369794 1.5488916 1.6014682 1.6324553 0.8609577 1.2902462 1.8278955 1.8061468 1.8138644 2.4040728 1.8748280 2.8947140 2.5961833 2.4779120 1.3730259 1.9397624 4.1174457 1.6858874 3.2432179 3.4176525 2.8153236 2.4952599 2.4338740 1.8347479 3.4346663 2.2161344 
Spis_XP_022780370_1                                      2.7804899 2.2882206 2.2902086 2.2550423 2.3077802 2.6976341 2.3484528 2.3271973 2.2021589 3.4868440 4.3094535 2.8614990 1.8573096 2.7948819 1.8060941 2.2944274 2.2482638 1.7510896 2.5313186 2.2670684 2.3472524 1.6298258 2.2590433 1.3835556 0.1548295 0.1940791 0.1617334 0.0000000 0.0608439 0.1730744 0.2823096 0.3215060 0.3342879 0.4024505 0.3112934 0.3022398 0.6576196 0.5450068 1.2219048 0.8112933 0.8878040 1.1820799 0.6100478 1.1819788 1.2692317 1.1296508 1.3690318 2.4068707 1.7879447 1.4663258 1.7977060 1.3259747 1.5646978 1.6222746 1.0815173 1.1570832 2.8847970 1.3132563 0.8731646 1.0997328 1.1447139 1.2359314 1.1729575 1.3430348 1.5437899 1.5681795 1.6128090 0.9457151 1.6264815 1.5425616 1.4781728 1.4440757 1.6124159 1.1417791 1.5245807 1.4873131 1.4986162 1.5064559 1.5701480 1.5983512 1.0067030 1.2540398 1.7759432 1.8419730 1.6844763 2.1732468 2.0104933 2.9968720 2.6780697 2.0013440 1.4016191 2.0667168 4.0132736 1.6079305 2.8233555 3.6062863 2.8068807 2.5256763 2.5083000 1.7536203 3.3249093 2.2983588 
Pocdam_XM_027180936.1                                    2.8093153 2.2780534 2.2577343 2.2405297 2.2976524 2.6657543 2.2930368 2.2827050 2.1666093 3.2475720 3.9212355 2.6863530 1.9107011 2.7892846 1.8311695 2.2724521 2.2151206 1.7379009 2.5070848 2.2908822 2.3435333 1.6298258 2.2292330 1.3534297 0.1525321 0.1724276 0.1500067 0.0608439 0.0000000 0.1866675 0.2535790 0.3103665 0.3338937 0.3957628 0.3177643 0.2930895 0.6435673 0.5582116 1.2224766 0.8142703 0.8931226 1.2082308 0.6207801 1.1951308 1.2860484 1.1420164 1.3585509 2.4248449 1.8111495 1.6036125 1.8492178 1.3363813 1.5575143 1.5853752 1.0410589 1.1203168 2.7879879 1.2846854 0.8553532 1.0891609 1.1497098 1.2346240 1.1776730 1.3426792 1.5568940 1.5752078 1.5903331 0.9358259 1.6115762 1.5403820 1.4918003 1.4219581 1.6065620 1.1451102 1.5065616 1.4749847 1.4802589 1.4897413 1.5616094 1.5975468 0.9892641 1.2504501 1.7695422 1.8370215 1.6922598 2.1801286 2.0326386 3.0155525 2.6246559 1.9393288 1.3478361 1.9893129 3.9481687 1.6113403 2.7981433 3.6767852 2.7696171 2.5030624 2.5764486 1.7442369 3.3199331 2.3352535 
Gfas_gfas1.m1.15420.m1                                   4.5954607 1.5339497 0.0000010 1.5339497 1.5339497 1.4516228 1.6665226 1.7232737 0.0000010 0.0000010 0.0000010 1.4531795 0.0000010 0.0000010 0.0000010 0.0000010 0.0000010 0.0000010 0.0000010 0.0000010 1.6751978 1.3848985 1.6575441 0.0000010 0.0125843 0.0000010 0.0000010 0.1730744 0.1866675 0.0000000 0.5173580 1.8701209 0.0000010 0.0000010 0.0000010 0.0000010 0.4115193 4.5759012 1.2394244 0.7621993 0.5896931 0.9759225 0.0000010 1.0379350 0.0000010 1.0682408 1.1026154 0.0000010 1.6688306 0.0000010 0.0000010 2.5459535 1.0991095 0.9513193 0.0000010 0.9513193 0.0000010 1.1081151 0.0000010 1.0036061 1.2409758 1.3893682 1.0753750 1.3410691 0.4574267 1.7867452 4.1017886 0.0000010 0.0000010 0.0000010 0.0000010 0.0000010 0.7960047 0.7409200 1.0275881 1.0646305 1.0796960 1.0796960 1.0970237 1.0970237 4.3742937 1.0435725 3.2446241 1.9003693 1.3081727 1.3119587 0.0000010 4.7427092 4.7189367 0.8312782 1.3191183 3.9921873 7.4061735 0.0000010 1.2387146 6.0256755 3.9017324 4.6004394 2.0690726 2.3295250 3.7078316 1.8420807 
Gasp_gasp1.m3.14663.m1                                   4.1423616 2.0411508 0.0000010 2.0411508 2.0411508 3.4492501 2.4288055 2.2916272 0.0000010 0.0000010 0.0000010 3.4492501 0.0000010 0.0000010 0.0000010 0.8595045 0.8595045 0.0000010 0.8595045 0.8595045 5.5022113 3.1214944 9.0000000 0.0000010 0.4241841 1.1205314 2.7376023 0.2823096 0.2535790 0.5173580 0.0000000 0.0000010 1.0121197 2.0725891 2.7074810 0.0000010 0.5819679 4.9231022 1.3278479 0.8997660 0.9239169 1.1806157 0.0000010 1.1499872 1.5407279 1.1097402 1.4234937 0.0000010 1.8399804 0.0000010 9.0000000 2.3993903 1.7929260 1.8064842 0.0000010 1.8064842 0.0000010 1.3144983 0.0000010 1.1628659 1.3846752 1.4942985 1.1195099 1.2694643 0.0000010 2.1802064 2.9348083 0.0000010 0.0000010 0.0000010 1.8545466 1.8228479 1.4428099 1.2090359 1.3374666 1.4073190 1.4422233 1.4049205 1.6772115 2.1499763 4.1013959 1.3188185 4.3572000 2.3160097 1.6550952 1.8234139 9.0000000 3.7299665 7.8096182 1.0449126 1.4697321 2.9521106 4.1028756 1.6429955 1.5376267 5.8828913 2.9963442 2.5799421 3.2184903 6.1463702 4.3613107 2.7558178 
Adig_XM_015915389.1                                      2.3484203 2.4832381 2.6788967 2.2656048 2.5687931 8.5566010 2.6757820 2.8427818 0.0000010 9.0000000 9.0000000 9.0000000 2.4532725 2.7167453 2.6368258 2.6308342 2.2402254 0.0000010 2.2402254 2.2402254 2.6923271 1.8701209 0.6795210 2.6005417 0.2691782 1.9745690 0.2269710 0.3215060 0.3103665 1.8701209 0.0000010 0.0000000 2.2402254 2.2402254 0.0387824 0.0000010 1.2185916 0.2474429 1.3898360 0.9996675 1.0365592 1.4662904 0.0000010 1.3037164 2.2402254 1.2753355 1.6059911 0.0000010 2.1310556 2.2119043 0.0000010 1.6597662 1.5663714 1.6776016 0.0000010 1.6776016 0.0000010 1.2801079 1.3230403 1.1421863 1.4107507 1.4807622 1.2358483 1.5770157 0.0000010 2.2235736 1.4216336 1.3415708 0.0000010 0.0000010 1.4670924 2.2402254 1.5753870 1.5375521 1.5705264 1.5555359 1.5384353 1.5384353 1.6167622 1.6015644 1.5165521 1.3592365 6.3622266 1.9270267 1.8702603 2.6833990 1.8938242 3.2357410 2.2480183 3.1319760 1.4517660 1.0894618 3.4858544 0.0000010 4.7823654 1.5351489 6.2599681 2.6011817 4.3362956 3.5996457 3.8755199 0.8311296 
Amil_Amillepora16397-RA                                  0.0000010 2.2719182 3.3180160 2.2640677 2.2640677 0.0000010 2.3438505 2.2956856 1.9690320 5.9793552 5.9793552 5.9793552 0.0000010 0.0000010 0.0000010 2.2423307 1.9649906 0.0000010 2.2487130 2.1963771 2.2980591 4.0434419 2.4783583 0.0000010 0.3155576 0.3221362 0.3114562 0.3342879 0.3338937 0.0000010 1.0121197 2.2402254 0.0000000 0.0796572 0.0768735 0.5420826 0.7259939 0.0000010 1.3157090 1.0367605 1.0661821 1.5896822 0.0000010 1.5073198 1.4283167 1.5037139 1.6081715 2.2855291 1.9662487 0.0000010 1.2337402 1.3904140 1.6019832 4.4527845 0.0000010 0.0000010 4.3149910 1.4373342 9.0000000 1.4269973 1.1948521 1.4000351 1.2763440 1.5520859 1.6707237 1.5759739 1.6399398 0.0000010 0.0000010 0.0000010 1.4408684 1.3355393 1.7373984 0.0000010 1.8955575 1.7793936 1.8268507 1.8100968 1.9515424 2.0316808 0.0000010 1.5212576 0.8758769 1.7721874 1.5890861 5.2704973 0.0000010 3.7423727 2.9645065 3.6270604 1.8967760 0.0000010 3.9464272 1.6715455 3.9467701 3.5689538 2.7328479 2.8903107 2.1881230 1.6475896 4.9479875 2.3014719 
Adig_XM_015915359.1                                      0.0000010 2.6956842 4.2784312 2.6863917 2.6863917 0.0000010 2.6152726 2.5756744 2.1706782 5.9793552 5.9793552 5.9793552 0.0000010 0.0000010 0.0000010 2.5861559 2.3371276 0.0000010 2.6459543 2.4583619 2.7680414 3.4042654 2.7282964 0.0000010 0.3590926 0.5335467 0.3566358 0.4024505 0.3957628 0.0000010 2.0725891 2.2402254 0.0796572 0.0000000 0.0779017 0.5215659 0.8868381 0.0000010 1.4537967 1.2447859 1.3182165 1.8265832 0.0000010 1.7551290 1.6762922 1.5037139 1.8400693 2.4595639 2.1218207 0.0000010 1.2337402 1.5186222 1.8281895 5.3717827 0.0000010 0.0000010 4.3149910 1.6108038 1.3815690 1.4629378 1.3447775 1.5494569 1.4509897 1.6244160 1.7049472 1.6898487 1.8054294 0.0000010 0.0000010 0.0000010 1.5942176 1.5235793 1.8197634 0.0000010 2.0513860 1.9004371 1.9809511 1.9645142 2.1528640 2.1909510 0.0000010 1.7295893 4.0894926 1.7423200 8.9999985 8.9999988 0.0000010 3.9957823 3.1575840 4.2492338 1.6897651 0.0000010 3.8515754 1.8447226 4.2222727 3.6232624 3.0191740 3.0546063 2.0288986 1.7360771 5.6616628 2.2614228 
Adig_XM_015924367.1                                      2.0247350 2.6022570 3.0300497 2.5703076 2.6005620 0.0000010 2.6062314 2.6116943 2.1844946 7.3055635 7.3055635 7.3055635 2.0439159 2.2154336 2.1414753 2.6538488 2.4224393 2.3667401 2.8170368 2.5418564 2.7795996 2.6822809 2.4112613 2.5676168 0.2980979 0.6541024 0.3209043 0.3112934 0.3177643 0.0000010 2.7074810 0.0387824 0.0768735 0.0779017 0.0000000 0.4174041 0.7931197 0.2209266 1.3690252 0.8869966 0.9703857 1.4391177 0.7848093 1.4411242 1.4038720 1.3105798 1.5637753 2.3538806 1.9415628 9.0000000 1.6253795 1.4024649 1.9286514 2.5166531 3.5376335 3.1700546 3.0592719 1.4848124 1.2004715 1.2909504 1.2378896 1.3370058 1.2887406 1.4780937 1.6230028 1.7691999 1.7752171 2.0493581 1.9122755 1.8127178 1.6714069 1.6220532 1.8166397 1.4471859 1.8669250 1.7586009 1.8091856 1.8154345 1.9574659 1.9112499 2.6761843 1.4734391 1.6979593 1.7631650 2.9549629 4.3812134 2.3325255 3.5322790 3.0681691 3.8624512 1.5197002 0.8625818 3.5276840 1.8753158 4.2944947 3.5397149 2.9298288 3.0449242 2.4075179 1.8689412 3.8432859 2.2435897 
Gfas_gfas1.m1.23033.m1                                   0.0000010 2.7069114 2.6613846 2.6682971 2.6682971 0.0000010 3.0384771 2.4547892 0.0000010 0.0000010 0.0000010 0.0000010 0.0000010 0.0000010 0.0000010 2.8322555 0.0000010 0.0000010 2.4137765 0.0000010 2.3647004 0.0000010 2.5317459 0.0000010 0.2673366 0.0000010 0.5251403 0.3022398 0.2930895 0.0000010 0.0000010 0.0000010 0.5420826 0.5215659 0.4174041 0.0000000 0.8436399 0.0000010 1.3705912 0.9619916 1.1742927 1.5238030 0.0000010 1.6175627 1.4570866 0.0000010 1.8456197 2.7960263 2.7960263 0.0000010 9.0000000 1.9598599 1.9288550 2.0122555 0.0000010 0.0000010 0.0000010 1.2618135 0.0000010 1.1542522 1.4294411 1.3292685 1.2433800 1.8096333 1.8980707 2.2809342 2.2343973 0.0000010 1.8574300 0.0000010 3.2260724 7.0992176 2.5688835 0.0000010 2.6273053 2.6490531 2.6412839 2.6799464 2.8361326 2.8320115 0.0000010 1.5877604 1.1805886 1.8912381 0.0000010 0.0000010 2.5660725 3.3153004 4.4096155 0.7354696 2.2672442 0.0000010 0.7515980 1.9409910 2.6733141 3.2685228 0.8494221 2.9562530 1.8466248 1.3796235 2.1173916 1.6145794 
Nvec_v1g208963                                           3.7154862 2.5175747 2.2661333 2.4379511 2.4798651 2.9485116 2.3671678 2.3388947 2.1732466 3.0062742 3.3844077 2.5188146 2.5555427 3.4914336 2.0889588 2.3121034 2.1775149 1.7857078 2.4407268 2.2443348 2.3885918 1.5305134 2.3084907 1.2743482 0.6297559 0.7958748 0.6723405 0.6576196 0.6435673 0.4115193 0.5819679 1.2185916 0.7259939 0.8868381 0.7931197 0.8436399 0.0000000 1.1790962 1.2553455 0.9033749 0.9804819 1.3816510 0.6498625 1.2669938 1.3046817 1.2655002 1.4397657 2.4689812 1.9056868 1.7836689 1.8342459 1.4679432 1.6473663 1.6287710 1.0445443 1.1505542 2.9038574 1.3326317 0.9531124 1.2151344 1.2598183 1.2916273 1.2854260 1.3921000 1.5557882 1.6515405 1.7775659 0.9561673 1.9084279 1.5325476 1.5819799 1.4306673 1.5440807 1.3639254 1.6267029 1.6296317 1.6293434 1.6331481 1.7269306 1.7746502 1.0862142 1.3589359 1.8266770 1.9874569 1.7593983 2.0902108 1.9892549 2.9682456 2.6185386 1.9405283 1.6575536 4.3635984 4.1548948 1.5252742 2.9882763 3.5319030 2.3940642 2.5124050 2.3339550 1.8217717 3.6026692 2.1783378 
