64
Lcom_lcpid114601                                                   0.0000000 0.0198204 4.2616525 1.7721386 1.5164163 2.3351495 2.5504078 2.3964905 2.4693015 2.2486548 3.0141553 2.7333882 1.1897141 2.5448066 2.3810625 2.3862669 3.7529196 2.2626495 2.5904552 2.8955875 2.3560035 6.1597839 2.3350135 2.3047894 2.4848318 2.5472522 2.6918707 2.6347415 2.3651211 2.3769277 2.0438269 2.3457673 2.7364734 2.9144410 2.3890722 2.1154136 3.4564739 2.7949118 2.2527709 2.0276851 2.0276851 1.7200800 1.9404726 2.1056224 2.6652012 3.0393480 2.4731688 2.6730015 2.9320838 2.4349860 2.7345544 2.4459318 3.3920712 3.3901206 3.2742128 3.5516900 3.3353695 4.3632473 1.8003569 3.1794557 0.0000010 3.1970754 2.0624073 8.9999988 
Lcom_lcpid33569                                                    0.0198204 0.0000000 0.4356423 1.4757435 1.2745193 2.4393672 2.5412799 2.2246715 2.4245908 2.5416999 2.5502167 2.7333882 1.8906028 2.3286383 2.3801145 2.3839330 1.9799163 1.9836958 2.3619030 2.3444854 2.3366828 2.6963054 2.3128060 2.1789385 2.2985030 2.5475613 2.5598549 2.3741689 2.4648683 2.2039275 2.0212805 2.3537772 2.5409723 2.6194906 2.2967792 2.4456002 3.2021459 2.2099026 2.3704073 2.2472310 2.2472310 2.1831973 2.2197910 2.4135169 2.5097582 2.7524614 2.3536609 2.5064910 3.0095007 2.5181097 2.4205339 2.1569853 2.6710629 2.6452170 2.6531696 2.7290934 2.7759824 3.9507059 1.6452355 2.5502657 2.1111646 2.8810041 2.5789638 5.2412993 
Lcom_lcpid103973                                                   4.2616525 0.4356423 0.0000000 1.8496126 1.7990043 3.2640622 3.1672041 2.6608845 3.1417170 3.1856361 2.6558298 3.2069159 2.7216482 2.5413810 2.9758891 3.1410857 2.1681545 2.2216000 2.5959996 2.3603205 3.1731464 4.2268667 2.9509126 2.6932290 2.6236107 4.6899002 2.8558594 2.4823663 3.4776621 4.0054361 2.6245101 3.2634335 2.8634435 3.0468770 2.6815682 3.5073630 3.4779315 2.5014279 3.1156329 3.1468205 3.1468205 3.1533567 3.1468205 3.6242478 3.3104694 3.2483781 2.9734320 2.9042860 4.5843713 3.7272418 3.0705007 2.8620242 2.6280380 2.6561933 2.7408592 2.7101944 2.4901972 4.6625461 2.1409790 2.9584896 2.2705834 3.7866488 3.4691141 3.2515316 
Gracom_Gcom_scaffold1553_01                                        1.7721386 1.4757435 1.8496126 0.0000000 1.0170542 1.7961874 1.9697310 1.8429369 1.8977629 2.0828173 2.2184540 2.0393377 1.8413237 1.7531847 1.7153276 1.7907654 1.7600854 1.7093407 1.9741412 1.9479638 1.8090286 2.4640595 1.8483970 1.6994253 1.9968497 1.9037083 2.1970262 2.1024647 2.3302767 1.8636477 1.8729762 1.8431667 2.0959693 2.0120385 2.1063645 2.2990767 2.8197129 2.8346518 2.1917573 2.1088716 2.1088716 2.0599615 2.1488675 2.1972706 2.2118148 2.4875816 2.3022254 1.8841293 1.9000781 2.1159540 2.1026901 1.8332834 2.2080323 2.5513461 2.2122505 2.5955130 2.2217495 2.6360122 1.5411007 2.0185075 1.9587566 2.7772902 2.3735738 4.3390186 
Scil_scict014338.2                                                 1.5164163 1.2745193 1.7990043 1.0170542 0.0000000 1.8682656 1.9203737 2.1239805 2.1458049 2.5232161 2.4298249 2.4260117 1.8879294 1.9745689 1.9169075 1.8414427 1.9767981 1.8027971 1.9927647 2.0559885 1.8899334 2.7248896 2.3823586 2.0226295 2.2468848 2.1302774 2.2329603 2.2041105 2.5048772 2.1262804 1.9277272 2.0078904 2.0670871 2.0740548 2.0841795 2.4761507 2.9704168 2.7522306 2.2806576 2.2909152 2.2909152 2.1923093 2.2492981 2.0950113 2.3074991 2.3349495 2.3426037 2.1466155 2.0017446 2.2467751 2.0373247 1.9536714 2.2874419 2.5546043 2.4337944 2.7610551 2.7529374 3.6798764 1.4592768 2.1098664 2.1641952 2.3580801 2.8133008 4.5330345 
Emue_Em0008g1222a.t1                                               2.3351495 2.4393672 3.2640622 1.7961874 1.8682656 0.0000000 0.2587179 1.1643649 1.0734700 1.1175108 1.1818033 1.3599369 0.8010206 1.4033195 1.4685610 1.3616597 1.1501752 1.3114802 1.6180869 1.4798645 1.4936853 1.2672102 1.4955890 1.4437400 1.6954995 1.2349566 1.4007984 1.4801720 1.7669351 1.5148607 1.5243296 1.3483698 1.5590763 1.5591188 1.7333722 2.5804951 2.9870877 2.3022754 1.9299169 2.3190634 2.3190634 2.2202399 2.3184714 1.9699016 2.2546717 1.9472581 1.7205907 1.2202919 1.9276405 2.0866426 1.6041798 1.7772757 1.8390295 2.0151782 1.8989662 2.1189075 2.4908661 3.4703374 2.3849241 1.8741826 1.1584710 2.4640355 2.0648760 3.6006051 
Spolac_c98429_g1_i1_m.17169c98429-g1                               2.5504078 2.5412799 3.1672041 1.9697310 1.9203737 0.2587179 0.0000000 1.2091693 1.1690135 1.1961102 1.2472953 1.2571814 0.8196931 1.5513020 1.6037505 1.4813599 1.2350809 1.4416403 1.6936165 1.5060568 1.5402142 1.3135937 1.5723944 1.5944259 1.8083378 1.3923948 1.4695945 1.5515019 1.8249646 1.5958968 1.6139509 1.4467715 1.6202278 1.6624893 1.9116068 2.5550286 3.0009524 2.4274170 2.0067025 2.3693076 2.3693076 2.2822432 2.3844114 2.0190177 2.3970759 2.0257325 1.7929579 1.2857142 2.0388319 2.1177665 1.7248412 1.9453707 1.9523254 2.1209166 2.0256249 2.2315390 2.6907867 3.7489937 2.5734606 1.9086235 1.2590392 2.7571011 2.3015541 3.8993703 
Aque_Aqu2.1.39170_001                                              2.3964905 2.2246715 2.6608845 1.8429369 2.1239805 1.1643649 1.2091693 0.0000000 0.7928904 0.7119985 1.3948979 1.0430391 1.3741495 1.6382716 1.5564901 1.5919189 1.5537473 1.5365749 1.7588937 1.7987794 1.4933187 1.2979411 1.7930667 1.5388711 1.6015753 1.4380308 1.8539243 1.7238405 1.6926615 1.4341435 1.7413498 1.7632452 1.9385881 1.7611711 2.1319418 2.5489556 2.8402135 1.9845985 1.7518901 2.1453209 2.1453209 1.9454975 2.1343289 2.1912985 2.2880902 2.3242776 2.1805303 1.5311891 2.0711512 2.1767682 2.0892899 2.0752650 2.1032913 2.1974832 1.9761696 2.2174629 2.5242055 3.8461083 2.6009243 2.0915338 1.2125627 2.9916994 2.3559929 4.0913106 
Xestes_augustus_masked-XT_scaffold23773-processed-gene-0.11-mRNA-1 2.4693015 2.4245908 3.1417170 1.8977629 2.1458049 1.0734700 1.1690135 0.7928904 0.0000000 0.5815790 1.2353047 1.2536958 1.1503278 1.4112453 1.2750242 1.3190645 1.2276488 1.4054606 1.5417708 1.5306765 1.4551081 1.2856748 1.5676909 1.3171955 1.6773875 1.2998744 1.5537698 1.4624140 1.5807008 1.4583734 1.5262508 1.5880650 1.9152006 1.6290350 1.9523796 2.5155937 2.5245418 2.2493853 2.2861179 2.2845309 2.2845309 2.0476734 2.2597095 2.0452605 2.4009699 1.9830165 2.0204655 1.2174716 1.9798655 1.9559341 1.8045610 1.6932735 2.1238805 2.1822486 2.0511819 2.2201467 2.3857112 3.1271120 2.5074785 1.9149330 1.2485226 3.1244034 2.3292732 3.3329102 
Halamb_c44724_g1_i1m.17906                                         2.2486548 2.5416999 3.1856361 2.0828173 2.5232161 1.1175108 1.1961102 0.7119985 0.5815790 0.0000000 1.3096918 1.3916221 0.9686351 1.4607939 1.3699281 1.3085993 1.2483290 1.3619952 1.5279462 1.5006786 1.4970387 1.3516977 1.6894317 1.4176265 1.6195151 1.6827941 1.8205314 1.7477592 1.6815573 1.5524354 1.4649458 1.6180095 1.7752463 1.7968877 1.9908892 2.3476855 2.6217737 2.3330658 2.3351335 2.5583092 2.5583092 2.2954614 2.5617643 2.2319645 2.5174369 2.2947695 2.2248557 1.4553824 2.1213614 2.2108050 1.7694568 1.8836256 2.2496940 2.2330553 2.1195240 2.2778328 2.5856149 2.7348195 3.0697634 2.0788941 1.2624579 3.4168371 2.5109068 3.6913068 
Tetwil_g8358.t1                                                    3.0141553 2.5502167 2.6558298 2.2184540 2.4298249 1.1818033 1.2472953 1.3948979 1.2353047 1.3096918 0.0000000 1.0971212 0.9290160 1.6322831 1.5107667 1.5112400 1.4924950 1.5681736 1.7493324 1.6835277 1.6912064 1.5114764 1.9246696 1.8323889 1.7980361 1.3656455 1.8232748 1.7045682 1.8651290 1.6375002 1.5448400 1.8375532 2.2196141 1.9860575 2.0404707 2.9893493 3.0864503 2.0068478 1.9708522 2.5233940 2.5233940 2.3144405 2.5136655 2.3596611 2.3531988 2.4275475 2.3135789 1.6524565 2.1022891 2.3608409 2.1144561 2.0217628 2.0992099 2.3146042 2.1925204 2.3305604 2.7135091 3.5892248 2.5608837 2.2161310 1.5620398 3.5835053 2.4921394 4.5541509 
Stycar_maker-SC_scaffold935-snap-gene-0.10-mRNA-1                  2.7333882 2.7333882 3.2069159 2.0393377 2.4260117 1.3599369 1.2571814 1.0430391 1.2536958 1.3916221 1.0971212 0.0000000 0.0000010 1.8569225 1.7184607 1.6664296 3.1138221 1.9650924 1.5446362 1.8022773 1.7332881 9.0000000 2.2092352 1.6020545 1.7079480 1.8654247 1.7647207 1.9133374 2.0118989 1.8372758 1.6285325 1.6888410 2.2179294 1.9428745 2.3797309 3.2486379 4.3928067 0.0000010 1.8465384 1.9535352 1.9535352 1.0253081 1.7648442 2.1981683 1.9841064 2.3268175 2.5410727 1.4596719 1.8963671 2.3848328 2.5328959 2.1512952 2.6226255 2.8764722 2.5220843 3.1504184 2.9866078 4.4101772 2.7725598 2.2177117 0.0000010 3.2494292 1.7403850 5.2114494 
Stycar_augustus_masked-SC_scaffold67403-processed-gene-0.1-mRNA-1  1.1897141 1.8906028 2.7216482 1.8413237 1.8879294 0.8010206 0.8196931 1.3741495 1.1503278 0.9686351 0.9290160 0.0000010 0.0000000 1.2814661 1.3276849 1.2509838 1.2027577 1.2272260 1.4667904 1.3011310 1.3332708 1.0724569 1.3641451 1.4481953 1.7787645 1.0786914 1.6329322 1.7157345 1.7184463 0.9535037 1.4521833 1.4850737 1.8024375 1.6403198 1.6648726 2.3961305 2.5246398 2.2634412 1.8416896 2.1176337 2.1176337 2.1176337 2.1176337 1.8450423 2.1118817 2.1660673 1.9508090 1.2441479 1.8908049 2.0236168 1.7271073 1.8041926 1.4676139 1.4914716 1.6113174 1.5942512 2.2437027 2.6948379 2.0025777 1.8803749 1.3623131 2.5812227 2.5303225 2.9355441 
Fspp_ffun1.m4.17117.m1                                             2.5448066 2.3286383 2.5413810 1.7531847 1.9745689 1.4033195 1.5513020 1.6382716 1.4112453 1.4607939 1.6322831 1.8569225 1.2814661 0.0000000 0.2967956 0.3025512 0.2828001 0.3210137 0.5055996 0.4790604 0.7545779 1.4387553 1.6212927 1.0205824 1.2685435 1.1076767 1.3719786 1.2103682 1.4693576 1.2111424 1.1502861 1.3395810 1.5120159 1.3535995 1.5752643 2.3811222 2.4204121 1.9169942 1.5944431 2.0724187 2.0724187 1.8209341 2.0729454 1.8725368 2.1547597 1.8600843 1.6442649 1.7276381 0.9486009 2.0693969 1.4199338 1.4786685 1.8616166 1.9974894 1.8314529 1.9794140 2.1563781 2.4779948 2.5168463 1.6944886 0.9447633 2.4597801 1.9257920 3.3662724 
Spis_XP_022789036_1                                                2.3810625 2.3801145 2.9758891 1.7153276 1.9169075 1.4685610 1.6037505 1.5564901 1.2750242 1.3699281 1.5107667 1.7184607 1.3276849 0.2967956 0.0000000 0.1017726 0.3933985 0.3611280 0.4811037 0.4740429 0.6983143 1.4132727 1.6166583 0.9563865 1.2139631 1.1153922 1.3627843 1.2854032 1.4575399 1.2628353 1.1234907 1.2578692 1.4589701 1.3245279 1.5765281 2.3248560 2.3507172 1.9654028 1.7239238 2.0666001 2.0666001 1.9015242 2.0872241 1.8956631 2.1195290 1.8619941 1.6461321 1.6476858 0.9229335 2.0109165 1.4845928 1.5215225 1.8864819 2.0015335 1.8006597 2.0106790 2.1059396 2.7530413 2.4738286 1.7568756 0.7785526 2.4781793 2.0033085 3.5308836 
Pocdam_XM_027200861.1                                              2.3862669 2.3839330 3.1410857 1.7907654 1.8414427 1.3616597 1.4813599 1.5919189 1.3190645 1.3085993 1.5112400 1.6664296 1.2509838 0.3025512 0.1017726 0.0000000 0.3625614 0.3528507 0.4749809 0.4785391 0.6902350 1.3963862 1.5995744 1.0028260 1.1603785 1.1215247 1.3160173 1.2522565 1.4554184 1.2388509 1.0653045 1.2458754 1.4632532 1.3327469 1.5316543 2.2457240 2.3312578 1.8770376 1.5983878 1.9620122 1.9620122 1.7575164 1.9734415 1.8479897 2.0271080 1.8648349 1.6089340 1.6048485 1.0060574 1.9522492 1.4447201 1.5065099 1.8670839 1.9577107 1.8133709 2.0189203 2.1654816 2.7574020 2.2619230 1.6759929 0.8497236 2.5318501 1.9724264 3.4486803 
Gasp_gasp1.m3.18899.m1                                             3.7529196 1.9799163 2.1681545 1.7600854 1.9767981 1.1501752 1.2350809 1.5537473 1.2276488 1.2483290 1.4924950 3.1138221 1.2027577 0.2828001 0.3933985 0.3625614 0.0000000 0.3128670 0.7019781 0.5112381 0.9297073 0.9950275 1.5140891 1.0139349 1.2852882 1.0143585 1.3789516 1.3080184 1.4564986 1.0067948 0.9422854 1.3413196 1.3274461 1.4541476 1.3087739 2.0147652 2.0617618 1.7591617 1.4307094 1.7282196 1.7282196 1.7036766 1.7282196 1.7851404 1.9311572 1.9105144 1.4271736 1.6403192 3.2848573 1.9134188 1.3249278 1.2043908 1.5843478 1.5617828 1.5346477 1.4999681 1.6982130 2.1156353 2.4502346 1.4533336 0.8933829 2.2821281 3.9932803 2.5040311 
Gfas_gfas1.m1.10529.m1                                             2.2626495 1.9836958 2.2216000 1.7093407 1.8027971 1.3114802 1.4416403 1.5365749 1.4054606 1.3619952 1.5681736 1.9650924 1.2272260 0.3210137 0.3611280 0.3528507 0.3128670 0.0000000 0.4470505 0.3982725 0.7029479 1.2002929 1.4516733 1.0545419 1.2723568 1.0780400 1.1792427 1.1390130 1.2672679 1.1639965 1.0056837 1.2248071 1.3970777 1.3665269 1.5854804 2.2416817 2.2989039 1.7271385 1.3831981 2.0484348 2.0484348 1.8026145 2.0755140 1.7110730 1.9497933 1.7632914 1.4279488 1.6331716 0.9775634 1.9080093 1.3529692 1.4449335 1.7815518 1.8850342 1.6893357 1.8446218 2.1638858 2.5593146 2.3978062 1.5944333 0.7471164 2.3209924 2.1322716 3.3979543 
Adig_XM_015909751.1                                                2.5904552 2.3619030 2.5959996 1.9741412 1.9927647 1.6180869 1.6936165 1.7588937 1.5417708 1.5279462 1.7493324 1.5446362 1.4667904 0.5055996 0.4811037 0.4749809 0.7019781 0.4470505 0.0000000 0.1383943 0.8073185 1.5504438 1.7382566 1.1716962 1.3506147 1.1667339 1.3799986 1.3325068 1.5709113 1.1897186 1.1629783 1.3145287 1.6094276 1.4303996 1.7684936 2.2595833 2.6057449 2.0941994 1.8524908 2.1434849 2.1434849 1.9722932 2.1642048 1.8906483 2.4109806 1.9681616 1.6913319 1.8395095 0.9093046 2.0919842 1.5786569 1.4576676 1.8338302 2.0141350 1.8290188 2.0080623 2.1865415 2.8607637 2.6357044 2.0573355 1.0907414 2.6316174 2.0356538 3.5518589 
Amil_Amillepora27341-RA                                            2.8955875 2.3444854 2.3603205 1.9479638 2.0559885 1.4798645 1.5060568 1.7987794 1.5306765 1.5006786 1.6835277 1.8022773 1.3011310 0.4790604 0.4740429 0.4785391 0.5112381 0.3982725 0.1383943 0.0000000 0.8452109 1.3726776 1.6406100 1.1702096 1.3658979 1.1922877 1.3900457 1.3580344 1.4264694 1.2769271 1.1397431 1.3299016 1.5541600 1.3763889 1.7132515 2.3575673 2.5109263 1.7911127 1.5130029 2.0695165 2.0695165 1.7952269 2.0024619 1.8857416 2.1354214 1.9069300 1.6748126 1.8407170 1.1351299 2.0676211 1.5239504 1.5824842 1.8234523 1.8167870 1.8257119 1.8072709 2.2194837 2.5859852 2.5630085 1.8263254 0.9176660 2.3533133 2.2395317 3.6655607 
Exapal_XM_021050748.2                                              2.3560035 2.3366828 3.1731464 1.8090286 1.8899334 1.4936853 1.5402142 1.4933187 1.4551081 1.4970387 1.6912064 1.7332881 1.3332708 0.7545779 0.6983143 0.6902350 0.9297073 0.7029479 0.8073185 0.8452109 0.0000000 1.3293057 1.6706730 1.1422897 1.2641431 0.9616548 1.1544665 1.0888427 1.1680453 1.2243043 1.3075444 1.2395245 1.4084487 1.3698153 1.6015438 2.0768978 2.2294078 1.7058006 1.3735460 1.8150723 1.8150723 1.7443764 1.8824460 1.6858259 1.8748996 1.7140846 1.5629695 1.5285826 0.8074097 1.7905495 1.4248122 1.4247236 1.6902062 1.9165900 1.7408613 1.9142064 2.0156258 2.3995545 2.3663695 1.8480571 0.8519686 2.3092741 1.8990541 3.9610721 
Opea_EP00118_Oscarella_pearsei_P017277                             6.1597839 2.6963054 4.2268667 2.4640595 2.7248896 1.2672102 1.3135937 1.2979411 1.2856748 1.3516977 1.5114764 9.0000000 1.0724569 1.4387553 1.4132727 1.3963862 0.9950275 1.2002929 1.5504438 1.3726776 1.3293057 0.0000000 0.2108961 1.4128856 1.3952018 1.2568705 1.8430955 1.6610498 1.7646819 0.8919208 1.4044494 1.4497664 1.7556353 1.4793394 1.4510137 1.8069195 1.6670456 1.6265009 1.9357829 2.2183074 2.2183074 2.2183074 2.2183074 1.8020013 2.4335014 2.1494402 1.7068239 1.4930004 3.6092219 2.1781287 1.4541339 1.6153916 1.9946423 1.9429371 2.0663899 2.0923680 3.8272584 2.9943775 2.7686182 1.6737297 0.8837908 2.9126740 4.2978343 4.4570333 
Opea_EP00118_Oscarella_pearsei_P017278                             2.3350135 2.3128060 2.9509126 1.8483970 2.3823586 1.4955890 1.5723944 1.7930667 1.5676909 1.6894317 1.9246696 2.2092352 1.3641451 1.6212927 1.6166583 1.5995744 1.5140891 1.4516733 1.7382566 1.6406100 1.6706730 0.2108961 0.0000000 1.5295088 1.7162656 1.5131872 1.8981561 1.8466028 1.7822516 1.1197404 1.5323893 1.6472019 1.8770425 1.6769686 1.7436069 1.9508821 2.3147321 1.8370723 1.8538568 2.2193378 2.2193378 2.0074039 2.1839809 2.1534123 2.3599918 2.1687138 2.0978341 1.7517105 2.2898136 2.1807988 1.6828090 1.7552644 1.9811394 1.9931578 1.9437043 2.1008639 2.4871582 2.8748124 2.7739423 1.9271369 1.4147934 2.5695250 2.5536854 3.6972066 
Dgig_XM_028556010.1                                                2.3047894 2.1789385 2.6932290 1.6994253 2.0226295 1.4437400 1.5944259 1.5388711 1.3171955 1.4176265 1.8323889 1.6020545 1.4481953 1.0205824 0.9563865 1.0028260 1.0139349 1.0545419 1.1716962 1.1702096 1.1422897 1.4128856 1.5295088 0.0000000 0.5270468 1.0699510 1.4657824 1.3002478 1.4592879 1.1580914 1.3642778 1.2100121 1.5593027 1.3252658 1.7742603 1.9152113 2.1707227 1.7353480 1.5474972 1.6813431 1.6813431 1.5739087 1.6938497 1.5913124 1.9722619 1.6187198 1.5868359 1.6185433 1.4973520 1.6095995 1.1146864 1.3244474 1.5365076 1.6479159 1.5659494 1.7099682 1.7563668 2.4710394 2.6335536 1.8142061 1.2224904 2.5286258 2.0531572 3.0522023 
Xesp_003172-T1                                                     2.4848318 2.2985030 2.6236107 1.9968497 2.2468848 1.6954995 1.8083378 1.6015753 1.6773875 1.6195151 1.7980361 1.7079480 1.7787645 1.2685435 1.2139631 1.1603785 1.2852882 1.2723568 1.3506147 1.3658979 1.2641431 1.3952018 1.7162656 0.5270468 0.0000000 1.2519884 1.5927617 1.4191070 1.7570450 1.3325414 1.4638835 1.2477041 1.6965749 1.6421898 2.0005702 1.9161227 2.0971221 1.9068035 1.7636257 1.9262721 1.9262721 1.8027847 1.9511263 1.6884460 1.9344849 1.8985817 1.5977863 1.7915683 1.6184148 1.8603697 1.3441785 1.6568793 1.6204859 1.6834617 1.5550236 1.7321225 2.0592557 2.7768646 2.6409397 1.9604367 1.5007011 2.3468436 2.2266571 3.4205741 
Sanmal_Sma_014376-T1                                               2.5472522 2.5475613 4.6899002 1.9037083 2.1302774 1.2349566 1.3923948 1.4380308 1.2998744 1.6827941 1.3656455 1.8654247 1.0786914 1.1076767 1.1153922 1.1215247 1.0143585 1.0780400 1.1667339 1.1922877 0.9616548 1.2568705 1.5131872 1.0699510 1.2519884 0.0000000 0.7238779 0.6931980 0.9052153 1.2794605 1.5071600 1.2483947 2.0155577 1.3347396 1.7266532 2.1658015 2.6216233 1.6789550 1.5531333 1.7370397 1.7370397 1.5257214 1.7020131 1.7185609 2.0062957 1.5391514 1.4390253 1.5531890 1.7091877 1.9218183 1.4459775 1.6292635 2.0289549 2.0655510 2.0117630 2.0587907 2.9626996 3.3202470 2.2983359 1.6005916 0.9729810 2.7867415 1.9042315 5.0508144 
Nemnom_g3640.t1                                                    2.6918707 2.5598549 2.8558594 2.1970262 2.2329603 1.4007984 1.4695945 1.8539243 1.5537698 1.8205314 1.8232748 1.7647207 1.6329322 1.3719786 1.3627843 1.3160173 1.3789516 1.1792427 1.3799986 1.3900457 1.1544665 1.8430955 1.8981561 1.4657824 1.5927617 0.7238779 0.0000000 0.3220765 0.8027902 1.3002063 1.3818777 1.4666917 1.7297124 1.4227654 1.9471778 2.4772297 2.6178347 1.9686728 1.7573218 2.0740848 2.0740848 1.9240629 2.0653379 1.9249416 1.9746699 1.6776982 1.4487341 1.7648858 1.7671905 1.8691994 1.4834334 1.5034765 1.8474365 1.9724533 1.9078007 1.9763690 2.3076568 3.3405248 2.4296666 1.8102887 1.3510918 2.5622631 2.3727204 3.5277030 
Rhoesc_Res_009438-T1                                               2.6347415 2.3741689 2.4823663 2.1024647 2.2041105 1.4801720 1.5515019 1.7238405 1.4624140 1.7477592 1.7045682 1.9133374 1.7157345 1.2103682 1.2854032 1.2522565 1.3080184 1.1390130 1.3325068 1.3580344 1.0888427 1.6610498 1.8466028 1.3002478 1.4191070 0.6931980 0.3220765 0.0000000 0.6960700 1.4016068 1.3077454 1.5108477 1.8044219 1.4979829 1.9534495 2.4018019 2.6187257 1.8910925 1.6741185 1.8958175 1.8958175 1.7715051 1.8691322 1.7686400 1.9987204 1.5423141 1.5502788 1.6261138 1.6042024 1.8190295 1.3596549 1.6159080 1.8959844 2.0450552 1.9777009 2.0562491 2.5141405 3.3454970 2.3201364 1.6616291 1.3569217 2.7395026 2.1340880 3.3791405 
Aaur_scaffold18.g32.t1                                             2.3651211 2.4648683 3.4776621 2.3302767 2.5048772 1.7669351 1.8249646 1.6926615 1.5807008 1.6815573 1.8651290 2.0118989 1.7184463 1.4693576 1.4575399 1.4554184 1.4564986 1.2672679 1.5709113 1.4264694 1.1680453 1.7646819 1.7822516 1.4592879 1.7570450 0.9052153 0.8027902 0.6960700 0.0000000 1.3240668 1.4538135 1.6528387 2.0781289 1.7627074 2.2024533 2.4309917 3.0578807 2.0968312 1.7957215 2.0916109 2.0916109 1.6965016 1.9954472 2.0685497 2.0032036 2.0686350 1.7221609 1.8132878 1.8193663 2.4682214 1.8691529 1.7333210 2.1274347 2.1117926 2.1581997 2.1493253 2.9435090 3.6792198 2.6203594 1.8783523 1.3464085 3.2955295 2.5504803 6.1400103 
Plajan_Pjan_scaffold8298_01                                        2.3769277 2.2039275 4.0054361 1.8636477 2.1262804 1.5148607 1.5958968 1.4341435 1.4583734 1.5524354 1.6375002 1.8372758 0.9535037 1.2111424 1.2628353 1.2388509 1.0067948 1.1639965 1.1897186 1.2769271 1.2243043 0.8919208 1.1197404 1.1580914 1.3325414 1.2794605 1.3002063 1.4016068 1.3240668 0.0000000 1.1969211 1.1298578 1.7829803 1.4880456 1.5290889 1.9592321 2.2313596 1.7345814 1.4737150 2.0954754 2.0954754 1.8132305 2.1338974 1.7074125 2.0718009 2.4309706 1.7169115 1.9335585 1.8151264 1.7493866 1.5259851 1.7585010 2.0145426 2.1247382 2.0981061 2.3082772 2.6783405 3.1367541 2.7638377 1.9549080 1.2173301 3.0312799 2.1353353 5.2764545 
Bralan_BLAG02000458_1                                              2.0438269 2.0212805 2.6245101 1.8729762 1.9277272 1.5243296 1.6139509 1.7413498 1.5262508 1.4649458 1.5448400 1.6285325 1.4521833 1.1502861 1.1234907 1.0653045 0.9422854 1.0056837 1.1629783 1.1397431 1.3075444 1.4044494 1.5323893 1.3642778 1.4638835 1.5071600 1.3818777 1.3077454 1.4538135 1.1969211 0.0000000 1.0075678 1.4204716 1.4918867 1.3939939 2.0729658 2.1496093 1.6653583 1.6270226 1.8716530 1.8716530 1.7679031 1.9475711 1.7065096 2.0622268 1.9136761 1.8240143 1.6309835 1.5387608 1.9966681 1.3309856 1.2664172 1.9493930 1.9846375 1.9246601 2.0960418 2.3336885 2.6000271 2.5315089 1.8621894 1.2629382 2.6113913 1.8388330 3.6302687 
Hsap_ENST00000308588                                               2.3457673 2.3537772 3.2634335 1.8431667 2.0078904 1.3483698 1.4467715 1.7632452 1.5880650 1.6180095 1.8375532 1.6888410 1.4850737 1.3395810 1.2578692 1.2458754 1.3413196 1.2248071 1.3145287 1.3299016 1.2395245 1.4497664 1.6472019 1.2100121 1.2477041 1.2483947 1.4666917 1.5108477 1.6528387 1.1298578 1.0075678 0.0000000 1.3161114 1.3840471 1.3935553 2.0586574 2.2733471 1.8564266 1.5334910 1.8334760 1.8334760 1.7029024 1.8652815 1.5769560 2.1276432 1.8179191 1.5944616 1.5137845 1.5128451 1.7194586 1.3331071 1.3251722 1.8059339 1.9477589 1.8649773 2.1148567 2.3247768 3.1914837 2.2648052 1.7589905 1.4201624 2.7883167 2.0741166 3.6125363 
Cgig_XM_034468440.1                                                2.7364734 2.5409723 2.8634435 2.0959693 2.0670871 1.5590763 1.6202278 1.9385881 1.9152006 1.7752463 2.2196141 2.2179294 1.8024375 1.5120159 1.4589701 1.4632532 1.3274461 1.3970777 1.6094276 1.5541600 1.4084487 1.7556353 1.8770425 1.5593027 1.6965749 2.0155577 1.7297124 1.8044219 2.0781289 1.7829803 1.4204716 1.3161114 0.0000000 1.2559740 1.7302117 2.3374123 2.5235797 2.0691004 1.7215026 1.7935551 1.7935551 1.8329043 1.8832151 1.7019245 1.9895663 2.1361943 1.8252662 1.8228991 1.8929103 1.5753997 1.4229111 1.2537742 1.7718025 1.9031587 1.8027603 2.0776549 1.9831452 2.8223432 2.4262924 1.8597586 1.2928989 2.5536637 2.5808097 3.5718165 
Cscu_XM_023367732.1                                                2.9144410 2.6194906 3.0468770 2.0120385 2.0740548 1.5591188 1.6624893 1.7611711 1.6290350 1.7968877 1.9860575 1.9428745 1.6403198 1.3535995 1.3245279 1.3327469 1.4541476 1.3665269 1.4303996 1.3763889 1.3698153 1.4793394 1.6769686 1.3252658 1.6421898 1.3347396 1.4227654 1.4979829 1.7627074 1.4880456 1.4918867 1.3840471 1.2559740 0.0000000 1.6004983 2.2512323 2.5410601 2.3080688 1.9109188 2.2566743 2.2566743 2.0123344 2.2412460 1.8490350 2.2115754 2.0321506 1.7228327 1.7397031 1.5784094 1.5250630 1.4308073 1.4043266 1.9898848 2.2264509 1.9677872 2.2654015 2.2933226 2.9484409 2.7308689 1.8181721 1.4112419 2.4576702 2.1542450 3.7351419 
Spur_XM_793175.5                                                   2.3890722 2.2967792 2.6815682 2.1063645 2.0841795 1.7333722 1.9116068 2.1319418 1.9523796 1.9908892 2.0404707 2.3797309 1.6648726 1.5752643 1.5765281 1.5316543 1.3087739 1.5854804 1.7684936 1.7132515 1.6015438 1.4510137 1.7436069 1.7742603 2.0005702 1.7266532 1.9471778 1.9534495 2.2024533 1.5290889 1.3939939 1.3935553 1.7302117 1.6004983 0.0000000 2.2957673 2.6396056 1.9547902 1.8111007 1.9285255 1.9285255 1.7275654 1.9059747 2.1083764 2.2411002 2.3577859 1.9841412 2.0621703 2.3093458 1.8938420 1.5405345 1.6138122 1.9433093 1.9914713 2.0802603 2.2818497 2.5349883 4.6469279 2.5222804 1.8228936 1.7446778 2.6721579 2.2543171 4.0678554 
Horcal_Hcv1.av93.c2.g1554.i1                                       2.1154136 2.4456002 3.5073630 2.2990767 2.4761507 2.5804951 2.5550286 2.5489556 2.5155937 2.3476855 2.9893493 3.2486379 2.3961305 2.3811222 2.3248560 2.2457240 2.0147652 2.2416817 2.2595833 2.3575673 2.0768978 1.8069195 1.9508821 1.9152113 1.9161227 2.1658015 2.4772297 2.4018019 2.4309917 1.9592321 2.0729658 2.0586574 2.3374123 2.2512323 2.2957673 0.0000000 0.7035599 1.4066284 1.3025778 1.4647280 1.4647280 1.4370744 1.4269890 1.4911946 1.6041738 2.8616640 2.3047430 2.0400298 3.0075476 2.3320878 2.1582307 2.2588386 2.3522865 2.4223629 2.4089197 2.6767029 2.6992243 3.2262054 3.0871847 2.5992346 2.2218753 3.3381784 2.7328082 6.2786888 
Pbac_sb2665553                                                     3.4564739 3.2021459 3.4779315 2.8197129 2.9704168 2.9870877 3.0009524 2.8402135 2.5245418 2.6217737 3.0864503 4.3928067 2.5246398 2.4204121 2.3507172 2.3312578 2.0617618 2.2989039 2.6057449 2.5109263 2.2294078 1.6670456 2.3147321 2.1707227 2.0971221 2.6216233 2.6178347 2.6187257 3.0578807 2.2313596 2.1496093 2.2733471 2.5235797 2.5410601 2.6396056 0.7035599 0.0000000 1.4729389 1.3491522 2.1022052 2.1022052 1.8047243 2.0948885 2.2066921 1.9946498 3.1695407 2.7902992 2.8164372 2.8156909 2.6148681 1.9982867 2.6781420 3.0677027 3.0390204 3.0644297 3.2140736 3.6076034 4.0977023 3.4969521 2.8175489 2.2113193 3.9610454 3.4064280 5.0540438 
Bolinf_Binf_sb1208814                                              2.7949118 2.2099026 2.5014279 2.8346518 2.7522306 2.3022754 2.4274170 1.9845985 2.2493853 2.3330658 2.0068478 0.0000010 2.2634412 1.9169942 1.9654028 1.8770376 1.7591617 1.7271385 2.0941994 1.7911127 1.7058006 1.6265009 1.8370723 1.7353480 1.9068035 1.6789550 1.9686728 1.8910925 2.0968312 1.7345814 1.6653583 1.8564266 2.0691004 2.3080688 1.9547902 1.4066284 1.4729389 0.0000000 0.8341225 0.9117761 0.9117761 0.9117761 0.9117761 0.9508062 1.5813304 2.2861883 1.8654155 2.3688292 3.3038657 2.1526571 1.6364830 2.0298991 2.4028379 2.2863128 2.4607943 2.4295365 2.8621218 4.7497289 2.9718972 2.0931730 1.9524444 3.4530094 3.1710946 4.0771174 
Drygla_Dgla_sb286763                                               2.2527709 2.3704073 3.1156329 2.1917573 2.2806576 1.9299169 2.0067025 1.7518901 2.2861179 2.3351335 1.9708522 1.8465384 1.8416896 1.5944431 1.7239238 1.5983878 1.4307094 1.3831981 1.8524908 1.5130029 1.3735460 1.9357829 1.8538568 1.5474972 1.7636257 1.5531333 1.7573218 1.6741185 1.7957215 1.4737150 1.6270226 1.5334910 1.7215026 1.9109188 1.8111007 1.3025778 1.3491522 0.8341225 0.0000000 0.8797989 0.8797989 0.8797989 0.8797989 0.9307339 1.2288175 2.1637566 1.7520280 2.1840116 2.8342868 1.8475354 1.6051801 1.6389684 1.9818366 1.9589983 2.0510502 2.0477736 2.2549365 2.5894665 2.6677186 1.8027625 1.4693847 2.7103119 3.6190030 3.9625310 
Bolinf_Binf_sb1248469                                              2.0276851 2.2472310 3.1468205 2.1088716 2.2909152 2.3190634 2.3693076 2.1453209 2.2845309 2.5583092 2.5233940 1.9535352 2.1176337 2.0724187 2.0666001 1.9620122 1.7282196 2.0484348 2.1434849 2.0695165 1.8150723 2.2183074 2.2193378 1.6813431 1.9262721 1.7370397 2.0740848 1.8958175 2.0916109 2.0954754 1.8716530 1.8334760 1.7935551 2.2566743 1.9285255 1.4647280 2.1022052 0.9117761 0.8797989 0.0000000 0.0000010 0.0000010 0.0000010 0.7386892 1.2293358 2.3257624 2.1394815 2.1007280 2.6607128 1.9106195 1.9203806 1.8356668 2.4757273 2.2609549 2.3664098 2.3276146 2.5534338 4.2754249 2.5777287 2.2085702 1.8384474 2.8823581 2.3946591 3.8366100 
Mertsp_Mesp_sb570127                                               2.0276851 2.2472310 3.1468205 2.1088716 2.2909152 2.3190634 2.3693076 2.1453209 2.2845309 2.5583092 2.5233940 1.9535352 2.1176337 2.0724187 2.0666001 1.9620122 1.7282196 2.0484348 2.1434849 2.0695165 1.8150723 2.2183074 2.2193378 1.6813431 1.9262721 1.7370397 2.0740848 1.8958175 2.0916109 2.0954754 1.8716530 1.8334760 1.7935551 2.2566743 1.9285255 1.4647280 2.1022052 0.9117761 0.8797989 0.0000010 0.0000000 0.0000010 0.0000010 0.7386892 1.2293358 2.3257624 2.1394815 2.1007280 2.6607128 1.9106195 1.9203806 1.8356668 2.4757273 2.2609549 2.3664098 2.3276146 2.5534338 4.2754249 2.5777287 2.2085702 1.8384474 2.8823581 2.3946591 3.8366100 
Bolinf_Binf_sb1248470                                              1.7200800 2.1831973 3.1533567 2.0599615 2.1923093 2.2202399 2.2822432 1.9454975 2.0476734 2.2954614 2.3144405 1.0253081 2.1176337 1.8209341 1.9015242 1.7575164 1.7036766 1.8026145 1.9722932 1.7952269 1.7443764 2.2183074 2.0074039 1.5739087 1.8027847 1.5257214 1.9240629 1.7715051 1.6965016 1.8132305 1.7679031 1.7029024 1.8329043 2.0123344 1.7275654 1.4370744 1.8047243 0.9117761 0.8797989 0.0000010 0.0000010 0.0000000 0.0000010 0.7506068 1.1241126 1.9374688 1.9292398 1.9591239 2.5048729 1.8478862 1.8541805 1.6762790 2.3424174 2.2310019 2.2589555 2.2366792 2.4359176 8.9999987 2.3640052 2.0431423 1.8384474 2.7842852 2.5693034 3.4658380 
Mertsp_Mesp_sb570128                                               1.9404726 2.2197910 3.1468205 2.1488675 2.2492981 2.3184714 2.3844114 2.1343289 2.2597095 2.5617643 2.5136655 1.7648442 2.1176337 2.0729454 2.0872241 1.9734415 1.7282196 2.0755140 2.1642048 2.0024619 1.8824460 2.2183074 2.1839809 1.6938497 1.9511263 1.7020131 2.0653379 1.8691322 1.9954472 2.1338974 1.9475711 1.8652815 1.8832151 2.2412460 1.9059747 1.4269890 2.0948885 0.9117761 0.8797989 0.0000010 0.0000010 0.0000010 0.0000000 0.7923901 1.1929045 2.2103227 2.2001790 2.1692253 2.9454686 2.0159502 2.0117818 1.8959024 2.4078665 2.2138352 2.2948600 2.2830954 2.4532482 3.6865120 2.5576793 2.2215995 1.8384474 2.9282121 2.4045085 3.8210765 
Lampan_Lpan_C411649_01                                             2.1056224 2.4135169 3.6242478 2.1972706 2.0950113 1.9699016 2.0190177 2.1912985 2.0452605 2.2319645 2.3596611 2.1981683 1.8450423 1.8725368 1.8956631 1.8479897 1.7851404 1.7110730 1.8906483 1.8857416 1.6858259 1.8020013 2.1534123 1.5913124 1.6884460 1.7185609 1.9249416 1.7686400 2.0685497 1.7074125 1.7065096 1.5769560 1.7019245 1.8490350 2.1083764 1.4911946 2.2066921 0.9508062 0.9307339 0.7386892 0.7386892 0.7506068 0.7923901 0.0000000 1.0754245 2.2072796 1.8936340 2.0843806 2.2804899 2.0002329 1.5785870 1.8930092 2.0804588 2.0723126 2.0204382 2.0439196 2.5664652 3.2520706 2.4527719 2.2753283 1.4424675 2.5140646 2.3766191 4.0720564 
Vmul_sbMO378839                                                    2.6652012 2.5097582 3.3104694 2.2118148 2.3074991 2.2546717 2.3970759 2.2880902 2.4009699 2.5174369 2.3531988 1.9841064 2.1118817 2.1547597 2.1195290 2.0271080 1.9311572 1.9497933 2.4109806 2.1354214 1.8748996 2.4335014 2.3599918 1.9722619 1.9344849 2.0062957 1.9746699 1.9987204 2.0032036 2.0718009 2.0622268 2.1276432 1.9895663 2.2115754 2.2411002 1.6041738 1.9946498 1.5813304 1.2288175 1.2293358 1.2293358 1.1241126 1.1929045 1.0754245 0.0000000 2.9250392 2.5003934 2.4826583 3.4179176 2.4398092 2.1801755 2.4071578 2.0413415 2.0593700 2.1643243 2.1679658 2.5709561 2.9452084 2.6922293 2.5134565 1.7598258 3.1527353 3.2939006 4.2547932 
Hvul_g33285_1                                                      3.0393480 2.7524614 3.2483781 2.4875816 2.3349495 1.9472581 2.0257325 2.3242776 1.9830165 2.2947695 2.4275475 2.3268175 2.1660673 1.8600843 1.8619941 1.8648349 1.9105144 1.7632914 1.9681616 1.9069300 1.7140846 2.1494402 2.1687138 1.6187198 1.8985817 1.5391514 1.6776982 1.5423141 2.0686350 2.4309706 1.9136761 1.8179191 2.1361943 2.0321506 2.3577859 2.8616640 3.1695407 2.2861883 2.1637566 2.3257624 2.3257624 1.9374688 2.2103227 2.2072796 2.9250392 0.0000000 1.2846873 2.0294392 1.8287804 2.0516318 2.2742178 2.0834923 2.2440092 2.3878847 2.1634917 2.4217008 2.3582564 3.8895690 3.1244094 2.4422496 1.6094481 2.7582782 2.2679620 1.6190902 
Chem_TCONS_00022170                                                2.4731688 2.3536609 2.9734320 2.3022254 2.3426037 1.7205907 1.7929579 2.1805303 2.0204655 2.2248557 2.3135789 2.5410727 1.9508090 1.6442649 1.6461321 1.6089340 1.4271736 1.4279488 1.6913319 1.6748126 1.5629695 1.7068239 2.0978341 1.5868359 1.5977863 1.4390253 1.4487341 1.5502788 1.7221609 1.7169115 1.8240143 1.5944616 1.8252662 1.7228327 1.9841412 2.3047430 2.7902992 1.8654155 1.7520280 2.1394815 2.1394815 1.9292398 2.2001790 1.8936340 2.5003934 1.2846873 0.0000000 1.8541168 1.7318474 1.9550643 1.9162971 1.5377871 2.1031191 2.1809006 2.0618412 2.1999333 2.3953236 3.9410340 2.8001665 1.7542150 1.5486168 2.3894432 2.5253121 3.4301312 
Plespi_Pspi_C601880_01                                             2.6730015 2.5064910 2.9042860 1.8841293 2.1466155 1.2202919 1.2857142 1.5311891 1.2174716 1.4553824 1.6524565 1.4596719 1.2441479 1.7276381 1.6476858 1.6048485 1.6403192 1.6331716 1.8395095 1.8407170 1.5285826 1.4930004 1.7517105 1.6185433 1.7915683 1.5531890 1.7648858 1.6261138 1.8132878 1.9335585 1.6309835 1.5137845 1.8228991 1.7397031 2.0621703 2.0400298 2.8164372 2.3688292 2.1840116 2.1007280 2.1007280 1.9591239 2.1692253 2.0843806 2.4826583 2.0294392 1.8541168 0.0000000 1.9693593 2.0286587 1.9492672 1.7803726 2.1552126 2.3030617 2.1618333 2.4228105 2.7794082 2.9915670 2.3798605 1.6788002 1.6846318 2.8980231 2.3474403 3.7146431 
Nvec_v1g219622                                                     2.9320838 3.0095007 4.5843713 1.9000781 2.0017446 1.9276405 2.0388319 2.0711512 1.9798655 2.1213614 2.1022891 1.8963671 1.8908049 0.9486009 0.9229335 1.0060574 3.2848573 0.9775634 0.9093046 1.1351299 0.8074097 3.6092219 2.2898136 1.4973520 1.6184148 1.7091877 1.7671905 1.6042024 1.8193663 1.8151264 1.5387608 1.5128451 1.8929103 1.5784094 2.3093458 3.0075476 2.8156909 3.3038657 2.8342868 2.6607128 2.6607128 2.5048729 2.9454686 2.2804899 3.4179176 1.8287804 1.7318474 1.9693593 0.0000000 2.4748986 1.7070180 2.1590155 2.3389636 2.6504523 2.2390247 2.7037349 2.4027204 3.1490755 3.0111284 2.2635895 3.0602342 3.0567759 1.9621973 5.8675109 
Dpul_mRNA24716                                                     2.4349860 2.5181097 3.7272418 2.1159540 2.2467751 2.0866426 2.1177665 2.1767682 1.9559341 2.2108050 2.3608409 2.3848328 2.0236168 2.0693969 2.0109165 1.9522492 1.9134188 1.9080093 2.0919842 2.0676211 1.7905495 2.1781287 2.1807988 1.6095995 1.8603697 1.9218183 1.8691994 1.8190295 2.4682214 1.7493866 1.9966681 1.7194586 1.5753997 1.5250630 1.8938420 2.3320878 2.6148681 2.1526571 1.8475354 1.9106195 1.9106195 1.8478862 2.0159502 2.0002329 2.4398092 2.0516318 1.9550643 2.0286587 2.4748986 0.0000000 1.6492264 1.6678960 1.9412423 1.9676880 1.9528868 2.0689963 2.0723912 2.9751810 2.5700100 1.7125189 2.3567161 2.7172788 2.4671885 4.1432004 
Skow_XM_006824932.1                                                2.7345544 2.4205339 3.0705007 2.1026901 2.0373247 1.6041798 1.7248412 2.0892899 1.8045610 1.7694568 2.1144561 2.5328959 1.7271073 1.4199338 1.4845928 1.4447201 1.3249278 1.3529692 1.5786569 1.5239504 1.4248122 1.4541339 1.6828090 1.1146864 1.3441785 1.4459775 1.4834334 1.3596549 1.8691529 1.5259851 1.3309856 1.3331071 1.4229111 1.4308073 1.5405345 2.1582307 1.9982867 1.6364830 1.6051801 1.9203806 1.9203806 1.8541805 2.0117818 1.5785870 2.1801755 2.2742178 1.9162971 1.9492672 1.7070180 1.6492264 0.0000000 1.5721199 1.4883170 1.6617615 1.5992378 1.8586922 1.9675181 2.0944740 2.4462271 1.7671980 1.5383137 2.2447296 3.2334250 3.6782351 
Acagra_model.g13806.t1                                             2.4459318 2.1569853 2.8620242 1.8332834 1.9536714 1.7772757 1.9453707 2.0752650 1.6932735 1.8836256 2.0217628 2.1512952 1.8041926 1.4786685 1.5215225 1.5065099 1.2043908 1.4449335 1.4576676 1.5824842 1.4247236 1.6153916 1.7552644 1.3244474 1.6568793 1.6292635 1.5034765 1.6159080 1.7333210 1.7585010 1.2664172 1.3251722 1.2537742 1.4043266 1.6138122 2.2588386 2.6781420 2.0298991 1.6389684 1.8356668 1.8356668 1.6762790 1.8959024 1.8930092 2.4071578 2.0834923 1.5377871 1.7803726 2.1590155 1.6678960 1.5721199 0.0000000 2.0361431 2.2641435 2.0783234 2.2358935 2.3615445 3.1815198 2.4967119 1.5690447 1.4319265 2.4828609 2.6822550 3.7205149 
HoiH23_PlH23_007575-RA                                             3.3920712 2.6710629 2.6280380 2.2080323 2.2874419 1.8390295 1.9523254 2.1032913 2.1238805 2.2496940 2.0992099 2.6226255 1.4676139 1.8616166 1.8864819 1.8670839 1.5843478 1.7815518 1.8338302 1.8234523 1.6902062 1.9946423 1.9811394 1.5365076 1.6204859 2.0289549 1.8474365 1.8959844 2.1274347 2.0145426 1.9493930 1.8059339 1.7718025 1.9898848 1.9433093 2.3522865 3.0677027 2.4028379 1.9818366 2.4757273 2.4757273 2.3424174 2.4078665 2.0804588 2.0413415 2.2440092 2.1031191 2.1552126 2.3389636 1.9412423 1.4883170 2.0361431 0.0000000 0.1316821 0.1372804 0.2689783 0.3144872 1.2523091 2.6114563 2.0295879 1.7822006 2.3371319 2.5660780 3.6699204 
HoiH06_mRNA4575                                                    3.3901206 2.6452170 2.6561933 2.5513461 2.5546043 2.0151782 2.1209166 2.1974832 2.1822486 2.2330553 2.3146042 2.8764722 1.4914716 1.9974894 2.0015335 1.9577107 1.5617828 1.8850342 2.0141350 1.8167870 1.9165900 1.9429371 1.9931578 1.6479159 1.6834617 2.0655510 1.9724533 2.0450552 2.1117926 2.1247382 1.9846375 1.9477589 1.9031587 2.2264509 1.9914713 2.4223629 3.0390204 2.2863128 1.9589983 2.2609549 2.2609549 2.2310019 2.2138352 2.0723126 2.0593700 2.3878847 2.1809006 2.3030617 2.6504523 1.9676880 1.6617615 2.2641435 0.1316821 0.0000000 0.2115160 0.1730983 0.4929850 0.9977470 2.7617834 2.1772845 1.6703641 2.3849994 2.9303031 3.7108637 
Hhon_g08461.t1                                                     3.2742128 2.6531696 2.7408592 2.2122505 2.4337944 1.8989662 2.0256249 1.9761696 2.0511819 2.1195240 2.1925204 2.5220843 1.6113174 1.8314529 1.8006597 1.8133709 1.5346477 1.6893357 1.8290188 1.8257119 1.7408613 2.0663899 1.9437043 1.5659494 1.5550236 2.0117630 1.9078007 1.9777009 2.1581997 2.0981061 1.9246601 1.8649773 1.8027603 1.9677872 2.0802603 2.4089197 3.0644297 2.4607943 2.0510502 2.3664098 2.3664098 2.2589555 2.2948600 2.0204382 2.1643243 2.1634917 2.0618412 2.1618333 2.2390247 1.9528868 1.5992378 2.0783234 0.1372804 0.2115160 0.0000000 0.1147925 0.3295838 1.0512533 2.8208358 2.1030162 1.6589122 2.3836268 2.4912641 3.9286919 
HoiH04_mRNA7276                                                    3.5516900 2.7290934 2.7101944 2.5955130 2.7610551 2.1189075 2.2315390 2.2174629 2.2201467 2.2778328 2.3305604 3.1504184 1.5942512 1.9794140 2.0106790 2.0189203 1.4999681 1.8446218 2.0080623 1.8072709 1.9142064 2.0923680 2.1008639 1.7099682 1.7321225 2.0587907 1.9763690 2.0562491 2.1493253 2.3082772 2.0960418 2.1148567 2.0776549 2.2654015 2.2818497 2.6767029 3.2140736 2.4295365 2.0477736 2.3276146 2.3276146 2.2366792 2.2830954 2.0439196 2.1679658 2.4217008 2.1999333 2.4228105 2.7037349 2.0689963 1.8586922 2.2358935 0.2689783 0.1730983 0.1147925 0.0000000 0.5902974 1.1670789 2.9575873 2.1924855 1.6493866 2.3734036 2.7250020 3.8247111 
