80
Lcom_lcpid75274                                                   0.0000000 0.1082340 0.1461725 0.1522488 0.7217608 0.6932977 0.3050844 0.4723522 0.2161321 0.5255578 0.4543942 0.5096773 0.4629621 0.4585038 0.4646089 0.4725219 0.4673289 0.4678644 0.4614683 0.1583738 0.4877486 0.4539756 0.4981315 0.4776852 0.4762322 0.4778609 0.2939868 0.5254117 0.5176799 0.4854382 0.4253044 0.1311884 0.4567196 0.4551726 0.5540868 0.6124551 0.4809833 0.4711102 0.4544323 0.4007232 0.4674500 0.2525350 0.1658252 0.2804504 0.2386285 0.2092264 0.1720326 0.4773100 0.4773100 0.1793124 0.3225307 0.2721642 0.4648463 0.4177202 0.2384990 0.3296371 0.2293311 0.2624701 0.4477294 0.3910880 0.5637764 0.4268462 0.8081318 0.5236265 0.4745608 0.2288983 0.6903659 0.6658843 0.5697784 0.5745960 0.6792104 0.5566151 0.7143355 0.6181737 0.5272046 0.6768484 0.5665084 0.7187084 0.8401022 1.1329489 
Leuniv_Lniv_C810894_01                                            0.1082340 0.0000000 0.1556095 0.1470920 0.6195434 0.5900638 0.3051185 0.4525040 0.2223624 0.4777245 0.4506251 0.4625608 0.4220129 0.4282062 0.4178992 0.4227660 0.4162363 0.4198814 0.4253322 0.1702219 0.4422490 0.4258561 0.4005307 0.4078353 0.4099560 0.4061294 0.2959818 0.4969015 0.4980025 0.4458377 0.3898133 0.1453583 0.4044661 0.4144977 0.5050195 0.5299096 0.4577738 0.4069152 0.4005913 0.3419978 0.4030124 0.2406320 0.1637884 0.2519075 0.2383847 0.2111008 0.1799488 0.4321800 0.4321800 0.1895963 0.3269474 0.2481435 0.4081488 0.3735575 0.2382499 0.3429245 0.2308866 0.2622689 0.3964854 0.3812276 0.5671864 0.3850388 0.7527630 0.4847984 0.4235401 0.2479679 0.5918326 0.5921028 0.4991661 0.5028742 0.6048343 0.4991394 0.6260264 0.5853774 0.4919102 0.7129346 0.5575347 0.5929914 0.7168472 1.1521513 
Gracom_Gcom_scaffold15038_01                                      0.1461725 0.1556095 0.0000000 0.1730451 0.5295407 0.5496098 0.3048036 0.4149086 0.2081984 0.4510716 0.4473099 0.4466519 0.4424185 0.4303809 0.4202073 0.4179296 0.4091101 0.4163936 0.4053929 0.1825283 0.4390106 0.4279426 0.4707101 0.4579136 0.4567582 0.4453179 0.2883592 0.4423782 0.5217641 0.3921464 0.3520887 0.1326890 0.3617239 0.3991606 0.5093586 0.5470499 0.4654431 0.4200620 0.4159902 0.3909232 0.4265239 0.2567430 0.1508853 0.2614454 0.2406689 0.2090050 0.1806131 0.4515531 0.4515531 0.1920616 0.3472891 0.2453544 0.4316620 0.4116309 0.2521599 0.3408817 0.2290921 0.2682097 0.4177095 0.3778050 0.4659226 0.3799729 0.6449104 0.4543102 0.4185915 0.2407326 0.5698502 0.5502564 0.4551252 0.4592991 0.5639519 0.4515668 0.5831436 0.6368755 0.4821902 0.7145980 0.5671595 0.5581215 0.6560037 1.1516408 
Scil_scict008883.1                                                0.1522488 0.1470920 0.1730451 0.0000000 0.6616303 0.6469829 0.2914225 0.4446835 0.1949639 0.4621837 0.4143373 0.4509587 0.4786517 0.4813407 0.4687645 0.4785925 0.4799745 0.4757250 0.4702925 0.1874681 0.5078642 0.4944016 0.4999247 0.5214119 0.5122316 0.4985134 0.2728107 0.5102886 0.4987288 0.4976714 0.4393972 0.1354120 0.4592198 0.4805126 0.5376583 0.6012609 0.4587628 0.4941194 0.4953435 0.3998226 0.4670763 0.2555022 0.1525480 0.2722676 0.2283429 0.1862108 0.1782481 0.4898001 0.4898001 0.1885643 0.3337130 0.2696094 0.4685227 0.4256250 0.2446931 0.3408303 0.2162219 0.2824225 0.4646306 0.4274427 0.5057680 0.4175500 0.7568717 0.5197476 0.4853907 0.2596281 0.6681747 0.6319788 0.5561530 0.5450963 0.6291501 0.5592253 0.6922818 0.5972037 0.5279854 0.7264034 0.6466384 0.8367487 0.8576438 1.1161519 
Emue_Em0005g89a.t1                                                0.7217608 0.6195434 0.5295407 0.6616303 0.0000000 0.0783615 0.0227656 0.5805038 0.2057718 0.6125839 0.4892876 0.5613110 0.4071488 0.4157546 0.4097072 0.4118142 0.4349980 0.4114246 0.4810200 0.1598487 0.4484249 0.4305809 0.4586018 0.4667044 0.4856398 0.4850038 0.2773838 0.5149628 0.5228710 0.3552182 0.4855148 0.1074900 0.4801676 0.3197469 0.5061587 0.5426445 0.4390727 0.5554496 0.5472249 0.4466282 0.5546427 0.2616066 0.1447199 0.3089296 0.2275114 0.1909133 0.1379694 0.5510264 0.5510264 0.1821285 0.3741301 0.2736389 0.5059014 0.4896990 0.2356681 0.3282781 0.1686610 0.2533006 0.5247626 0.5125549 0.5441858 0.4981174 0.7334404 0.6201235 0.4168492 0.4390604 0.8795633 0.8081020 0.6403256 0.6658098 0.8354026 0.6442701 0.8523038 0.5762664 0.5405629 0.7853343 0.6258132 0.4135627 0.9921466 0.9277209 
Spolac_c101505_g1_i3_m.25817c101505-g1                            0.6932977 0.5900638 0.5496098 0.6469829 0.0783615 0.0000000 0.0000010 0.4696006 0.1747919 0.4530904 0.3933163 0.4421800 0.3108795 0.3237545 0.3142293 0.3212437 0.3258697 0.3159521 0.4234166 0.1733176 0.3640143 0.3830667 0.3893312 0.3791342 0.3952357 0.4082912 0.2642566 0.4232887 0.4059940 0.3051899 0.4085640 0.0866439 0.3783056 0.3058830 0.3921470 0.5120661 0.3747774 0.4544846 0.4517886 0.4857770 0.4745407 0.2974989 0.1506021 0.3266349 0.2492258 0.2034785 0.1676936 0.4635467 0.4635467 0.1831192 0.3986683 0.2974379 0.4507304 0.4011286 0.2627570 0.3442632 0.2369371 0.2802954 0.4205187 0.3841700 0.4096116 0.4331015 0.6227024 0.4935484 0.3228494 0.4366765 0.7181208 0.6528375 0.6355207 0.6588749 0.6753401 0.6251768 0.7206012 0.4980746 0.4120701 0.7482611 0.6275909 0.3665847 0.7882292 1.0860438 
Spolac_c101505_g1_i2_m.25816c101505-g1                            0.3050844 0.3051185 0.3048036 0.2914225 0.0227656 0.0000010 0.0000000 0.2056626 0.3336413 0.2150113 0.2316454 0.2688060 0.1799789 0.1799789 0.1651572 0.1651572 0.1995952 0.1995952 0.1872853 0.3391600 0.1979838 0.1970389 0.2083558 0.1979501 0.2233302 0.2244056 0.2399826 0.2174789 0.2326429 0.1795973 0.2055935 0.0342062 0.1892620 0.1731897 0.2169108 0.1184622 0.2476475 0.2780643 0.2645332 0.2489614 0.2489614 0.2489614 0.2160427 0.2160427 0.2160427 0.3722185 0.2513819 0.2513819 0.2513819 0.3587525 0.1963642 0.1963642 0.2223499 0.2504233 0.2504233 0.1872143 0.3099823 0.1872143 0.2290876 0.2480260 0.1979022 0.2566812 0.2152590 0.1846802 0.1535846 0.2959085 0.2814108 0.2814108 0.2814108 0.2814108 0.2814108 0.2929301 0.2814108 0.2925999 0.2542703 1.1204683 1.1204683 0.0000010 1.2031211 0.0298666 
Cgig_XM_011442783.3                                               0.4723522 0.4525040 0.4149086 0.4446835 0.5805038 0.4696006 0.2056626 0.0000000 0.0384172 0.0994541 0.2093630 0.1656040 0.1843072 0.1872132 0.1828541 0.1872818 0.1841060 0.1854700 0.1703679 0.1226053 0.2063287 0.2228858 0.2250275 0.1991474 0.2130349 0.2264365 0.1131313 0.2661618 0.2339556 0.3006513 0.3610865 0.0916296 0.3295644 0.2993865 0.2373708 0.2871405 0.1939650 0.3320354 0.3275437 0.3164123 0.3531216 0.1815698 0.1257590 0.1974855 0.1575040 0.1773873 0.1302950 0.3538601 0.3538601 0.1458717 0.2611706 0.1939212 0.3295954 0.2903991 0.1567464 0.2660184 0.2060273 0.1767546 0.3318723 0.1616226 0.2074298 0.2195058 0.4162920 0.2692551 0.1852594 0.3342812 0.4910313 0.4698509 0.4331769 0.4324627 0.4778361 0.4108781 0.5127012 0.3267886 0.3247993 0.5468436 0.3857983 0.5873264 0.6305640 1.1830188 
Lcom_lcpid136019                                                  0.2161321 0.2223624 0.2081984 0.1949639 0.2057718 0.1747919 0.3336413 0.0384172 0.0000000 0.0473057 0.0564661 0.0646779 0.0840752 0.0840752 0.0750668 0.0665503 0.0657002 0.0657002 0.0597057 0.1202997 0.0484507 0.0733685 0.0812020 0.0897964 0.0978261 0.1192326 0.0747218 0.0657182 0.0905038 0.1108606 0.1882773 0.0571382 0.2367485 0.1070476 0.0814957 0.0817339 0.0826942 0.1868389 0.1766047 0.1895274 0.1895274 0.1895274 0.1315239 0.1315239 0.1315239 0.1414005 0.1624876 0.1624876 0.1624876 0.1624876 0.1516111 0.1516111 0.1615992 0.1423891 0.1423891 0.1414996 0.1582718 0.1414996 0.1717920 0.0900152 0.1093194 0.1082583 0.1225252 0.0910997 0.0623022 0.2609365 0.1796254 0.1796254 0.1796254 0.1719257 0.1796254 0.1872658 0.1796254 0.1703571 0.1751213 0.9179446 0.9179446 0.0918869 1.1012905 0.2530928 
Acagra_model.g17660.t1                                            0.5255578 0.4777245 0.4510716 0.4621837 0.6125839 0.4530904 0.2150113 0.0994541 0.0473057 0.0000000 0.2074070 0.1929372 0.2172476 0.2198129 0.2205406 0.2363693 0.2180318 0.2213987 0.1897640 0.1208306 0.2553932 0.2530533 0.2478815 0.2461091 0.2678658 0.2737065 0.1274283 0.2459780 0.2657629 0.3170909 0.3676690 0.1250749 0.3484980 0.3223832 0.2526600 0.3369796 0.2300389 0.3298585 0.3127468 0.3216196 0.3304711 0.2104776 0.1270471 0.2266327 0.1787844 0.1748573 0.1316144 0.3408307 0.3408307 0.1440483 0.2786127 0.2204379 0.3281208 0.2843080 0.1714757 0.2916588 0.2031154 0.2057957 0.3045980 0.1606177 0.2287048 0.2640415 0.4088023 0.2659219 0.2399273 0.3771655 0.4320670 0.3812563 0.3701984 0.3745172 0.3887506 0.3735552 0.4556619 0.3668943 0.3553852 0.6081096 0.4456289 0.6304396 0.6264261 1.2877641 
Dgig_XM_028549935.1                                               0.4543942 0.4506251 0.4473099 0.4143373 0.4892876 0.3933163 0.2316454 0.2093630 0.0564661 0.2074070 0.0000000 0.1985949 0.1162135 0.1159322 0.1172536 0.1163180 0.1070741 0.1115617 0.1862617 0.0925057 0.1683717 0.1506507 0.1943933 0.2035331 0.2234044 0.2063682 0.1411245 0.1869417 0.0614991 0.3141810 0.3577908 0.1228139 0.3562909 0.3111472 0.1783870 0.2303903 0.1612537 0.2487878 0.2448513 0.2494565 0.2645292 0.2030501 0.1025947 0.1728510 0.1576685 0.1524801 0.1461517 0.2733575 0.2733575 0.1467541 0.2272957 0.1834976 0.2448290 0.2412356 0.1847242 0.3047118 0.2211182 0.2154786 0.2686242 0.2253081 0.2589261 0.2750959 0.3631567 0.2377223 0.1156835 0.3778212 0.3338404 0.3497572 0.3356225 0.3387225 0.3477512 0.3165425 0.3674844 0.1048047 0.2832829 0.5871051 0.4311051 0.5110734 0.6726755 0.9194361 
Ctel_gnl_WGS_AMQN_CAPTEDRAFT_mRNA159938                           0.5096773 0.4625608 0.4466519 0.4509587 0.5613110 0.4421800 0.2688060 0.1656040 0.0646779 0.1929372 0.1985949 0.0000000 0.1829004 0.1674304 0.1746906 0.1760970 0.1654060 0.1655012 0.2362055 0.1108548 0.1952788 0.1966355 0.2118628 0.2106432 0.2286184 0.2495008 0.1183884 0.2325523 0.2266341 0.2940469 0.3799948 0.0948051 0.3989553 0.3096894 0.2779465 0.3174478 0.2258978 0.2984747 0.2886895 0.2871127 0.3072118 0.1636212 0.1106648 0.2033382 0.1598130 0.1489388 0.1040156 0.3013231 0.3013231 0.1072510 0.2412615 0.1944872 0.2934342 0.2767272 0.1588854 0.2739551 0.2011691 0.1817237 0.2991258 0.1910299 0.2475520 0.2234678 0.4474915 0.2852572 0.1717548 0.3218750 0.4316190 0.4093980 0.4030293 0.4076710 0.4169710 0.3873640 0.4406318 0.3154757 0.3101022 0.5482680 0.3829680 0.5042888 0.6318426 1.2642127 
Fspp_ffun1.m4.331.m1                                              0.4629621 0.4220129 0.4424185 0.4786517 0.4071488 0.3108795 0.1799789 0.1843072 0.0840752 0.2172476 0.1162135 0.1829004 0.0000000 0.0221938 0.0320037 0.0356112 0.0393879 0.0480341 0.2223787 0.1161129 0.1482325 0.1679485 0.1784907 0.1678384 0.1918977 0.1804330 0.1142941 0.1865419 0.1821786 0.2724814 0.3227818 0.0916592 0.2858025 0.2770772 0.1497825 0.1702695 0.1376788 0.3051833 0.2996781 0.2805950 0.2884037 0.1625838 0.1192034 0.1822851 0.1529587 0.1723142 0.1315596 0.3187245 0.3187245 0.1331516 0.2385608 0.1809543 0.2973152 0.2524397 0.1641367 0.2645592 0.1882713 0.1761129 0.2987248 0.1905059 0.1969628 0.2347949 0.4204932 0.2773929 0.0365401 0.3387375 0.3806783 0.3602140 0.3499864 0.3482018 0.3632608 0.3432482 0.3818784 0.2518423 0.2546250 0.5450461 0.3709915 0.3779803 0.5779809 1.0066796 
Gasp_gasp1.m3.4478.m1                                             0.4585038 0.4282062 0.4303809 0.4813407 0.4157546 0.3237545 0.1799789 0.1872132 0.0840752 0.2198129 0.1159322 0.1674304 0.0221938 0.0000000 0.0156942 0.0321469 0.0291330 0.0304383 0.2163804 0.1161129 0.1421569 0.1636339 0.1803755 0.1647537 0.1894474 0.1882058 0.1233861 0.1948589 0.1774920 0.2671063 0.3289592 0.1108652 0.3046478 0.2682181 0.1378390 0.1532745 0.1347828 0.3068332 0.2909295 0.2833127 0.2872150 0.1687726 0.1192034 0.1895248 0.1625082 0.1723142 0.1315596 0.3101879 0.3101879 0.1331516 0.2470674 0.1857355 0.3060023 0.2477152 0.1672578 0.2754475 0.1882713 0.1819275 0.2905575 0.1971534 0.1963326 0.2331914 0.4063037 0.2716762 0.0329817 0.3346157 0.3773436 0.3552974 0.3451054 0.3432865 0.3582686 0.3493622 0.3783071 0.2462875 0.2406028 0.5640366 0.3779443 0.3874185 0.5903089 0.9653896 
Gfas_gfas1.m1.16107.m1                                            0.4646089 0.4178992 0.4202073 0.4687645 0.4097072 0.3142293 0.1651572 0.1828541 0.0750668 0.2205406 0.1172536 0.1746906 0.0320037 0.0156942 0.0000000 0.0222167 0.0288591 0.0369429 0.2087574 0.1056465 0.1298136 0.1786550 0.1791983 0.1600146 0.1789342 0.1691044 0.1145677 0.1953426 0.1671986 0.2630667 0.3192981 0.0911802 0.2971327 0.2666295 0.1333541 0.1513828 0.1262887 0.2958895 0.2827489 0.2822824 0.2893018 0.1697361 0.1108386 0.1773088 0.1505815 0.1614105 0.1352899 0.3196315 0.3196315 0.1420815 0.2419641 0.1819337 0.2976175 0.2398732 0.1584936 0.2716878 0.1996284 0.1796527 0.3001998 0.1969885 0.1937471 0.2313998 0.4144754 0.2711044 0.0227897 0.3296830 0.3602808 0.3586285 0.3421892 0.3403311 0.3616303 0.3492610 0.3631954 0.2347314 0.2379324 0.5435077 0.3627385 0.3908170 0.5852685 0.9612214 
Adig_XM_015896823.1                                               0.4725219 0.4227660 0.4179296 0.4785925 0.4118142 0.3212437 0.1651572 0.1872818 0.0665503 0.2363693 0.1163180 0.1760970 0.0356112 0.0321469 0.0222167 0.0000000 0.0294190 0.0408010 0.2144589 0.0958806 0.1352758 0.1826379 0.1911495 0.1736383 0.1924775 0.1710420 0.1243313 0.1864686 0.1686226 0.2569513 0.3216965 0.0816280 0.3041270 0.2640667 0.1447869 0.1736904 0.1390997 0.2971894 0.2944462 0.2878394 0.2947083 0.1679456 0.1051117 0.1765240 0.1490172 0.1514190 0.1295122 0.3258911 0.3258911 0.1337617 0.2425201 0.1811670 0.3003829 0.2525473 0.1633569 0.2659619 0.1892396 0.1783493 0.3017399 0.1981409 0.1992281 0.2515756 0.3975100 0.2712527 0.0000010 0.3265447 0.3896857 0.3787922 0.3628102 0.3612095 0.3819189 0.3562700 0.3852342 0.2314515 0.2495196 0.5445973 0.3696360 0.3807978 0.5709995 0.9820827 
Spis_XP_022793197_1                                               0.4673289 0.4162363 0.4091101 0.4799745 0.4349980 0.3258697 0.1995952 0.1841060 0.0657002 0.2180318 0.1070741 0.1654060 0.0393879 0.0291330 0.0288591 0.0294190 0.0000000 0.0131401 0.2090940 0.1063076 0.1448479 0.1839598 0.1915506 0.1748398 0.1939027 0.1759404 0.1340449 0.1818300 0.1586733 0.2657154 0.3254401 0.0911802 0.2987388 0.2755989 0.1419663 0.1611968 0.1440058 0.3016829 0.2896332 0.3085612 0.3080384 0.1815912 0.1185095 0.1906114 0.1571595 0.1763520 0.1308168 0.3285504 0.3285504 0.1357200 0.2643337 0.1852257 0.3110305 0.2547283 0.1619046 0.2692404 0.1929041 0.1824485 0.3091774 0.1918896 0.2090943 0.2336177 0.4171749 0.2759226 0.0301963 0.3238767 0.3755586 0.3710522 0.3606512 0.3590102 0.3741495 0.3650678 0.3764179 0.2326737 0.2507530 0.5444683 0.3735239 0.3808520 0.5455294 0.9933577 
Pocdam_XM_027191859.1                                             0.4678644 0.4198814 0.4163936 0.4757250 0.4114246 0.3159521 0.1995952 0.1854700 0.0657002 0.2213987 0.1115617 0.1655012 0.0480341 0.0304383 0.0369429 0.0408010 0.0131401 0.0000000 0.2110900 0.1063076 0.1414462 0.1905489 0.1912700 0.1737809 0.1931919 0.1884064 0.1385876 0.1900229 0.1636820 0.2726291 0.3308120 0.1006495 0.3049773 0.2827741 0.1446052 0.1634680 0.1433948 0.3228592 0.3104856 0.3101469 0.3135935 0.1831707 0.1185095 0.1952729 0.1618545 0.1763520 0.1308168 0.3259583 0.3259583 0.1357200 0.2624434 0.1855777 0.3180453 0.2610234 0.1665950 0.2745451 0.1929041 0.1871156 0.3063170 0.2000818 0.2039622 0.2286659 0.3962068 0.2670252 0.0419051 0.3230974 0.3745442 0.3701568 0.3559500 0.3542881 0.3731817 0.3602321 0.3753191 0.2402385 0.2445460 0.5538336 0.3809331 0.3665074 0.5602883 1.0052435 
Cscu_XM_023369896.1                                               0.4614683 0.4253322 0.4053929 0.4702925 0.4810200 0.4234166 0.1872853 0.1703679 0.0597057 0.1897640 0.1862617 0.2362055 0.2223787 0.2163804 0.2087574 0.2144589 0.2090940 0.2110900 0.0000000 0.0827748 0.2233834 0.2367580 0.2236618 0.2381561 0.2430402 0.2479812 0.1269685 0.2296825 0.2464697 0.3220946 0.3780610 0.1097956 0.3253790 0.3050463 0.2259606 0.2841379 0.2221269 0.3066011 0.3048618 0.2839703 0.2922581 0.1818345 0.1165240 0.1935849 0.1665927 0.1732847 0.1421749 0.2904359 0.2904359 0.1523705 0.2452597 0.1907082 0.2810827 0.2649408 0.1763447 0.2883713 0.2016803 0.2022184 0.2803109 0.1252196 0.2139241 0.2456105 0.3245967 0.2061637 0.2125541 0.3804105 0.3918093 0.3841261 0.3520861 0.3446167 0.3848679 0.3405145 0.4065272 0.3085216 0.3066557 0.6033748 0.4184289 0.4880250 0.6650541 1.0126286 
Lcom_lcpid192831                                                  0.1583738 0.1702219 0.1825283 0.1874681 0.1598487 0.1733176 0.3391600 0.1226053 0.1202997 0.1208306 0.0925057 0.1108548 0.1161129 0.1161129 0.1056465 0.0958806 0.1063076 0.1063076 0.0827748 0.0000000 0.0889544 0.0886932 0.0971843 0.1045300 0.1113247 0.1005162 0.1239999 0.1035054 0.0829436 0.1451200 0.1721577 0.0341092 0.2030804 0.1522837 0.1114485 0.0997801 0.1434734 0.1306033 0.1306033 0.1166921 0.1166921 0.1166921 0.1318351 0.1318351 0.1318351 0.1318351 0.1189941 0.1189941 0.1189941 0.1189941 0.1465645 0.1465645 0.1058162 0.0966272 0.0966272 0.1171460 0.1220121 0.1171460 0.1251964 0.1022289 0.1093044 0.1656787 0.1517970 0.1007235 0.0719582 0.1715550 0.1607135 0.1607135 0.1607135 0.1520570 0.1607135 0.1692900 0.1607135 0.1865463 0.1426047 0.9505596 0.9505596 0.0000010 1.0603217 0.1598487 
Chem_TCONS_00059793                                               0.4877486 0.4422490 0.4390106 0.5078642 0.4484249 0.3640143 0.1979838 0.2063287 0.0484507 0.2553932 0.1683717 0.1952788 0.1482325 0.1421569 0.1298136 0.1352758 0.1448479 0.1414462 0.2233834 0.0889544 0.0000000 0.1536513 0.1503589 0.1560734 0.1830325 0.1817360 0.1155467 0.2194443 0.2224230 0.2635307 0.3237672 0.1092450 0.3406065 0.2640049 0.1936907 0.2340190 0.1871569 0.2905176 0.2878764 0.2826398 0.2892832 0.1708514 0.0825146 0.1559602 0.1299821 0.1067262 0.1171794 0.2905702 0.2905702 0.1076450 0.2273157 0.1670662 0.2642190 0.2324578 0.1412635 0.2594243 0.1560682 0.1752599 0.2940278 0.2342661 0.2551240 0.2470725 0.4116725 0.2595160 0.1354841 0.3266553 0.3768371 0.3771482 0.3475292 0.3538792 0.3888157 0.3419805 0.3943178 0.3034803 0.1853687 0.5699272 0.4075760 0.3948252 0.6005172 1.1664944 
Morvir_scaffold68.g28.t1                                          0.4539756 0.4258561 0.4279426 0.4944016 0.4305809 0.3830667 0.1970389 0.2228858 0.0733685 0.2530533 0.1506507 0.1966355 0.1679485 0.1636339 0.1786550 0.1826379 0.1839598 0.1905489 0.2367580 0.0886932 0.1536513 0.0000000 0.1549772 0.1627606 0.1773388 0.1800899 0.1296523 0.2096001 0.2183167 0.2830538 0.3116486 0.1232684 0.3383835 0.3019894 0.2031746 0.2074104 0.1802723 0.3241979 0.3218542 0.2949976 0.3310358 0.1646062 0.0868223 0.1808657 0.1371666 0.1159576 0.1124873 0.3538333 0.3538333 0.1152016 0.2502201 0.1876420 0.3307783 0.2917472 0.1580228 0.2696917 0.1663549 0.1801335 0.3501610 0.2260954 0.2709989 0.2796770 0.4377810 0.2748701 0.1800504 0.3404326 0.4871337 0.4464801 0.3879834 0.4010311 0.4587008 0.3801292 0.4946972 0.3173059 0.2699114 0.5761608 0.4047395 0.3805081 0.5817622 1.2035309 
Sanmal_Sma_015310-T1                                              0.4981315 0.4005307 0.4707101 0.4999247 0.4586018 0.3893312 0.2083558 0.2250275 0.0812020 0.2478815 0.1943933 0.2118628 0.1784907 0.1803755 0.1791983 0.1911495 0.1915506 0.1912700 0.2236618 0.0971843 0.1503589 0.1549772 0.0000000 0.0925151 0.1133846 0.1221496 0.1159562 0.2268605 0.2445315 0.2821051 0.3407303 0.1347365 0.3396966 0.2811732 0.2326194 0.2848490 0.2267643 0.3179595 0.3100262 0.2949447 0.3138449 0.1767103 0.1062574 0.1863942 0.1530213 0.1251238 0.1293052 0.3215412 0.3215412 0.1397945 0.2644872 0.1998578 0.2793527 0.2512041 0.1505733 0.2722115 0.1751717 0.1847621 0.3134175 0.2276370 0.2672614 0.2516299 0.4473043 0.2890062 0.1930088 0.3484309 0.4021718 0.4014057 0.3710648 0.3829075 0.4103853 0.3560817 0.4283363 0.2994797 0.2348567 0.5664510 0.3995399 0.4732434 0.6703851 1.2012049 
Aaur_scaffold226.g5.t1                                            0.4776852 0.4078353 0.4579136 0.5214119 0.4667044 0.3791342 0.1979501 0.1991474 0.0897964 0.2461091 0.2035331 0.2106432 0.1678384 0.1647537 0.1600146 0.1736383 0.1748398 0.1737809 0.2381561 0.1045300 0.1560734 0.1627606 0.0925151 0.0000000 0.0596523 0.0822091 0.1181058 0.2155331 0.2383890 0.2811290 0.3252945 0.1271875 0.2927850 0.2808114 0.2106536 0.2602211 0.2009108 0.3255216 0.3232210 0.2980733 0.3225477 0.1851490 0.1282032 0.2021054 0.1632637 0.1591590 0.1385339 0.3359729 0.3359729 0.1565325 0.2625426 0.1925867 0.3105760 0.2656288 0.1581893 0.2754944 0.1962230 0.1881882 0.3256293 0.2176688 0.2363168 0.2097768 0.4214910 0.2679888 0.1712807 0.3292442 0.4175398 0.4125587 0.3943781 0.4083479 0.4292089 0.3919284 0.4357787 0.3016481 0.2476794 0.5824459 0.4159714 0.4665652 0.5966128 1.1659328 
Rhoesc_Res_007436-T1                                              0.4762322 0.4099560 0.4567582 0.5122316 0.4856398 0.3952357 0.2233302 0.2130349 0.0978261 0.2678658 0.2234044 0.2286184 0.1918977 0.1894474 0.1789342 0.1924775 0.1939027 0.1931919 0.2430402 0.1113247 0.1830325 0.1773388 0.1133846 0.0596523 0.0000000 0.0692360 0.1232111 0.2486864 0.2595361 0.2964228 0.3522468 0.1320921 0.3297043 0.2914592 0.2183986 0.2639307 0.2097841 0.3553427 0.3503973 0.3181253 0.3528856 0.1984969 0.1397952 0.2069524 0.1785842 0.1683569 0.1440655 0.3588642 0.3588642 0.1556020 0.2823634 0.2069278 0.3275932 0.2815794 0.1687531 0.2880839 0.1948181 0.1980402 0.3555397 0.2310332 0.2691103 0.2201617 0.5076843 0.3079829 0.1907787 0.3325420 0.4202641 0.4236284 0.3932777 0.4072719 0.4406381 0.3935421 0.4391387 0.3236276 0.2836811 0.6072968 0.4341401 0.4683554 0.6679001 1.2030616 
Nemnom_g17602.t1                                                  0.4778609 0.4061294 0.4453179 0.4985134 0.4850038 0.4082912 0.2244056 0.2264365 0.1192326 0.2737065 0.2063682 0.2495008 0.1804330 0.1882058 0.1691044 0.1710420 0.1759404 0.1884064 0.2479812 0.1005162 0.1817360 0.1800899 0.1221496 0.0822091 0.0692360 0.0000000 0.1239348 0.2445354 0.2675782 0.2888511 0.3222394 0.0956243 0.3092899 0.2846282 0.2118174 0.2445096 0.2131575 0.3122329 0.3078178 0.3054702 0.3335034 0.1765857 0.1154107 0.1865697 0.1529628 0.1392390 0.1211317 0.3483269 0.3483269 0.1314463 0.2800661 0.2022670 0.3137930 0.2617656 0.1513081 0.2563466 0.1598214 0.1705204 0.3339883 0.2429016 0.2823666 0.2389720 0.5529155 0.3333723 0.1685398 0.3313214 0.4317868 0.4314439 0.4040194 0.4196991 0.4453989 0.4067030 0.4454863 0.3299632 0.3048537 0.5699659 0.4008819 0.4299570 0.6231544 1.2260499 
Skow_XM_002733511.2                                               0.2939868 0.2959818 0.2883592 0.2728107 0.2773838 0.2642566 0.2399826 0.1131313 0.0747218 0.1274283 0.1411245 0.1183884 0.1142941 0.1233861 0.1145677 0.1243313 0.1340449 0.1385876 0.1269685 0.1239999 0.1155467 0.1296523 0.1159562 0.1181058 0.1232111 0.1239348 0.0000000 0.1092565 0.1741019 0.1847756 0.2333968 0.1230991 0.2216772 0.1936041 0.1531067 0.1705139 0.1033306 0.2203099 0.2183341 0.2067620 0.2296746 0.2067620 0.1239934 0.1800528 0.1800528 0.1520850 0.1487612 0.2305936 0.2305936 0.1364648 0.1939596 0.1939596 0.2068689 0.2062814 0.1793691 0.2780177 0.2001779 0.1923159 0.1923393 0.1492585 0.1671791 0.1388004 0.2130300 0.1598762 0.1284418 0.2416636 0.2385725 0.2307378 0.2066439 0.2027279 0.2307378 0.2019532 0.2413432 0.2445867 0.2088491 0.5677434 0.3904326 0.2683397 0.4361241 0.6580423 
Spur_XM_030994510.1                                               0.5254117 0.4969015 0.4423782 0.5102886 0.5149628 0.4232887 0.2174789 0.2661618 0.0657182 0.2459780 0.1869417 0.2325523 0.1865419 0.1948589 0.1953426 0.1864686 0.1818300 0.1900229 0.2296825 0.1035054 0.2194443 0.2096001 0.2268605 0.2155331 0.2486864 0.2445354 0.1092565 0.0000000 0.2119891 0.3632359 0.4103711 0.1159695 0.3994226 0.3790242 0.2732540 0.3491487 0.2637220 0.2666603 0.2628654 0.2962548 0.2846821 0.1985957 0.1171562 0.1911685 0.1657900 0.1531818 0.1330650 0.2684178 0.2684178 0.1351026 0.2248190 0.1942369 0.2579773 0.2043345 0.1699293 0.2864928 0.1913366 0.1864837 0.2588686 0.2080400 0.2563823 0.2520027 0.4353369 0.2842035 0.1923928 0.3592119 0.3701666 0.3706694 0.3646356 0.3768540 0.3770807 0.3501719 0.3688110 0.2869077 0.3609474 0.5955244 0.4028341 0.5630559 0.7390981 1.2294167 
Xesp_025416-T1                                                    0.5176799 0.4980025 0.5217641 0.4987288 0.5228710 0.4059940 0.2326429 0.2339556 0.0905038 0.2657629 0.0614991 0.2266341 0.1821786 0.1774920 0.1671986 0.1686226 0.1586733 0.1636820 0.2464697 0.0829436 0.2224230 0.2183167 0.2445315 0.2383890 0.2595361 0.2675782 0.1741019 0.2119891 0.0000000 0.3301826 0.3801469 0.1336340 0.3728429 0.3375501 0.2263576 0.2967285 0.2176217 0.3035275 0.3068774 0.3271328 0.3208290 0.2079335 0.1252222 0.2027088 0.1805674 0.1834028 0.1599719 0.3334246 0.3334246 0.1606328 0.2625395 0.2019793 0.3023379 0.2699822 0.1896189 0.3180629 0.2344557 0.2325676 0.3294594 0.2269999 0.2793045 0.2821716 0.4124543 0.2677924 0.1694975 0.3701172 0.3797423 0.3943554 0.3767459 0.3813668 0.3958211 0.3634308 0.4092776 0.0604018 0.2642254 0.5999114 0.4442813 0.5769346 0.6720833 1.0964858 
Aque_Aqu2.1.41037_001                                             0.4854382 0.4458377 0.3921464 0.4976714 0.3552182 0.3051899 0.1795973 0.3006513 0.1108606 0.3170909 0.3141810 0.2940469 0.2724814 0.2671063 0.2630667 0.2569513 0.2657154 0.2726291 0.3220946 0.1451200 0.2635307 0.2830538 0.2821051 0.2811290 0.2964228 0.2888511 0.1847756 0.3632359 0.3301826 0.0000000 0.3092095 0.0813526 0.3357760 0.0934641 0.2839140 0.3621195 0.2832699 0.3229077 0.3241616 0.3037442 0.3233324 0.2127380 0.0960360 0.2162804 0.1815170 0.1182000 0.1063056 0.3118654 0.3118654 0.1066442 0.2478609 0.2017484 0.3153928 0.3091935 0.2034357 0.2895339 0.1460390 0.2045747 0.3202220 0.3573952 0.2936206 0.3298685 0.5831009 0.4335600 0.2540696 0.3413147 0.4945462 0.4484933 0.4202385 0.4285790 0.4576188 0.4358768 0.4808048 0.3903023 0.4073006 0.7010565 0.4921997 0.3097833 0.5650892 1.0714523 
Opea_EP00118_Oscarella_pearsei_P010339                            0.4253044 0.3898133 0.3520887 0.4393972 0.4855148 0.4085640 0.2055935 0.3610865 0.1882773 0.3676690 0.3577908 0.3799948 0.3227818 0.3289592 0.3192981 0.3216965 0.3254401 0.3308120 0.3780610 0.1721577 0.3237672 0.3116486 0.3407303 0.3252945 0.3522468 0.3222394 0.2333968 0.4103711 0.3801469 0.3092095 0.0000000 0.0000010 0.1800136 0.2984755 0.3844383 0.4326596 0.3519203 0.3746711 0.3789195 0.3287391 0.3651347 0.2003779 0.1364924 0.2051961 0.1795034 0.1591092 0.1634756 0.3934031 0.3934031 0.1760402 0.3029851 0.2206599 0.3756415 0.3239114 0.2000369 0.3025830 0.2200648 0.2145021 0.3704123 0.3531959 0.3723542 0.3328693 0.6092306 0.4132545 0.3165774 0.3261657 0.5540552 0.5054748 0.4476889 0.4578633 0.5172019 0.4664857 0.5744787 0.4601038 0.4707410 0.6627539 0.4834832 0.4626062 0.1117116 0.9732335 
Ocar_g3793                                                        0.1311884 0.1453583 0.1326890 0.1354120 0.1074900 0.0866439 0.0342062 0.0916296 0.0571382 0.1250749 0.1228139 0.0948051 0.0916592 0.1108652 0.0911802 0.0816280 0.0911802 0.1006495 0.1097956 0.0341092 0.1092450 0.1232684 0.1347365 0.1271875 0.1320921 0.0956243 0.1230991 0.1159695 0.1336340 0.0813526 0.0000010 0.0000000 0.0792178 0.0783493 0.1021291 0.1021291 0.1007113 0.1088826 0.1190997 0.1184209 0.1184209 0.1184209 0.0652751 0.1037130 0.1037130 0.0341092 0.0553657 0.1095501 0.1095501 0.0424037 0.1317242 0.1317242 0.1058776 0.1145805 0.1145805 0.0982677 0.0397570 0.0982677 0.1220462 0.1173383 0.0878074 0.1168344 0.1771139 0.1343856 0.0816280 0.1379683 0.1500283 0.1557691 0.1557691 0.1473012 0.1557691 0.1447570 0.1500283 0.1404077 0.1152540 0.0982677 0.0982677 0.1068322 0.0172912 0.1726614 
Plajan_Pjan_C557399_01                                            0.4567196 0.4044661 0.3617239 0.4592198 0.4801676 0.3783056 0.1892620 0.3295644 0.2367485 0.3484980 0.3562909 0.3989553 0.2858025 0.3046478 0.2971327 0.3041270 0.2987388 0.3049773 0.3253790 0.2030804 0.3406065 0.3383835 0.3396966 0.2927850 0.3297043 0.3092899 0.2216772 0.3994226 0.3728429 0.3357760 0.1800136 0.0792178 0.0000000 0.2967961 0.3571545 0.4218193 0.3438183 0.3537976 0.3497841 0.3511252 0.3466487 0.2157616 0.1885707 0.2354953 0.2020496 0.2353711 0.2119917 0.3741311 0.3741311 0.2300662 0.3096853 0.2244576 0.3497181 0.3079567 0.2148558 0.3198000 0.2448657 0.2240087 0.3723146 0.3131193 0.3374022 0.2832445 0.5916311 0.4028303 0.2879936 0.3184843 0.5184167 0.4891607 0.4818100 0.4870451 0.4998423 0.5010349 0.5429269 0.4697744 0.4342908 0.6744202 0.4836343 0.4043598 0.3537659 1.0336912 
Xestes_maker-XT_scaffold4890-snap-gene-0.41-mRNA-1                0.4551726 0.4144977 0.3991606 0.4805126 0.3197469 0.3058830 0.1731897 0.2993865 0.1070476 0.3223832 0.3111472 0.3096894 0.2770772 0.2682181 0.2666295 0.2640667 0.2755989 0.2827741 0.3050463 0.1522837 0.2640049 0.3019894 0.2811732 0.2808114 0.2914592 0.2846282 0.1936041 0.3790242 0.3375501 0.0934641 0.2984755 0.0783493 0.2967961 0.0000000 0.3035089 0.3824598 0.3125947 0.3612128 0.3609689 0.3164004 0.3582293 0.2190450 0.1108680 0.2217623 0.1876918 0.1493856 0.1186966 0.3497085 0.3497085 0.1323893 0.2613515 0.2070375 0.3365498 0.3106662 0.1883866 0.2927904 0.1617245 0.2088646 0.3362247 0.3529287 0.2956134 0.2709229 0.5649421 0.4194582 0.2620694 0.3658161 0.4715751 0.4310303 0.3872152 0.3838666 0.4330678 0.3998662 0.4530038 0.3994565 0.3679398 0.6967376 0.5127169 0.2275603 0.5864953 1.0308594 
Nvec_v1g236753                                                    0.5540868 0.5050195 0.5093586 0.5376583 0.5061587 0.3921470 0.2169108 0.2373708 0.0814957 0.2526600 0.1783870 0.2779465 0.1497825 0.1378390 0.1333541 0.1447869 0.1419663 0.1446052 0.2259606 0.1114485 0.1936907 0.2031746 0.2326194 0.2106536 0.2183986 0.2118174 0.1531067 0.2732540 0.2263576 0.2839140 0.3844383 0.1021291 0.3571545 0.3035089 0.0000000 0.0092039 0.0991947 0.3583953 0.3492060 0.3623119 0.3546075 0.2175890 0.1144715 0.2413407 0.1865492 0.1665446 0.1313685 0.3505135 0.3505135 0.1464366 0.3116342 0.2494834 0.3530032 0.2900867 0.1940794 0.3136808 0.1900835 0.2210854 0.3307342 0.2382279 0.2566443 0.3115130 0.5442387 0.3595179 0.1453127 0.3971297 0.5063040 0.4699002 0.4514910 0.4644609 0.4873963 0.4659715 0.5235872 0.3177282 0.3086659 0.6230981 0.4480238 0.4944973 0.7195215 1.2212159 
Nvec_v1g2803                                                      0.6124551 0.5299096 0.5470499 0.6012609 0.5426445 0.5120661 0.1184622 0.2871405 0.0817339 0.3369796 0.2303903 0.3174478 0.1702695 0.1532745 0.1513828 0.1736904 0.1611968 0.1634680 0.2841379 0.0997801 0.2340190 0.2074104 0.2848490 0.2602211 0.2639307 0.2445096 0.1705139 0.3491487 0.2967285 0.3621195 0.4326596 0.1021291 0.4218193 0.3824598 0.0092039 0.0000000 0.0993156 0.4247026 0.4126499 0.4340786 0.4163350 0.2092707 0.0695437 0.2708081 0.1888089 0.1313880 0.0796767 0.4105252 0.4105252 0.0608790 0.3722037 0.2747056 0.4263290 0.3579928 0.2071021 0.4018436 0.2378590 0.2456070 0.4168253 0.2646821 0.2999219 0.3359036 0.8085132 0.4765518 0.1736904 0.3257923 0.6854213 0.6219243 0.6219243 0.6467518 0.6520679 0.6420628 0.7325072 0.3582377 0.2888499 0.3679540 0.2414643 0.3984516 0.4319509 2.0021790 
Exapal_XM_021047292.2                                             0.4809833 0.4577738 0.4654431 0.4587628 0.4390727 0.3747774 0.2476475 0.1939650 0.0826942 0.2300389 0.1612537 0.2258978 0.1376788 0.1347828 0.1262887 0.1390997 0.1440058 0.1433948 0.2221269 0.1434734 0.1871569 0.1802723 0.2267643 0.2009108 0.2097841 0.2131575 0.1033306 0.2637220 0.2176217 0.2832699 0.3519203 0.1007113 0.3438183 0.3125947 0.0991947 0.0993156 0.0000000 0.3832635 0.3687509 0.3070079 0.3340099 0.1965640 0.1390027 0.2274520 0.1918122 0.2005318 0.1509694 0.3550666 0.3550666 0.1566156 0.2802244 0.2165518 0.3403139 0.2906231 0.1870976 0.3022183 0.2169626 0.2215417 0.3571405 0.2028344 0.2610075 0.2761809 0.4399774 0.2987159 0.1394491 0.3443122 0.4294940 0.4248315 0.3839481 0.3947647 0.4411596 0.3917255 0.4470699 0.2937269 0.2977321 0.5994482 0.4395774 0.4374941 0.6644614 1.0299746 
Pbac_sb2638816                                                    0.4711102 0.4069152 0.4200620 0.4941194 0.5554496 0.4544846 0.2780643 0.3320354 0.1868389 0.3298585 0.2487878 0.2984747 0.3051833 0.3068332 0.2958895 0.2971894 0.3016829 0.3228592 0.3066011 0.1306033 0.2905176 0.3241979 0.3179595 0.3255216 0.3553427 0.3122329 0.2203099 0.2666603 0.3035275 0.3229077 0.3746711 0.1088826 0.3537976 0.3612128 0.3583953 0.4247026 0.3832635 0.0000000 0.0095049 0.1200351 0.0990382 0.0446204 0.0453868 0.0642275 0.0377702 0.0696277 0.0580754 0.1070870 0.1070870 0.0502932 0.0886804 0.0740611 0.1222974 0.0949050 0.0534166 0.1406096 0.1345931 0.0702331 0.1114134 0.2162026 0.2693500 0.3059324 0.4804126 0.3318580 0.2921383 0.3411714 0.4599790 0.4295261 0.4259478 0.4387541 0.4440740 0.4435166 0.4660718 0.3744580 0.3307364 0.3261156 0.1699582 0.4810914 0.7398351 1.2280520 
Horcal_Hcv1.av93.c10.g188.i1                                      0.4544323 0.4005913 0.4159902 0.4953435 0.5472249 0.4517886 0.2645332 0.3275437 0.1766047 0.3127468 0.2448513 0.2886895 0.2996781 0.2909295 0.2827489 0.2944462 0.2896332 0.3104856 0.3048618 0.1306033 0.2878764 0.3218542 0.3100262 0.3232210 0.3503973 0.3078178 0.2183341 0.2628654 0.3068774 0.3241616 0.3789195 0.1190997 0.3497841 0.3609689 0.3492060 0.4126499 0.3687509 0.0095049 0.0000000 0.1206952 0.1033303 0.0446204 0.0401698 0.0606152 0.0377702 0.0604971 0.0527347 0.1113919 0.1113919 0.0428599 0.0886804 0.0703717 0.1216343 0.0943061 0.0490742 0.1406096 0.1240591 0.0702331 0.1160284 0.2123169 0.2711902 0.3042249 0.4735995 0.3276540 0.2893880 0.3380387 0.4285125 0.3990846 0.3992916 0.4114656 0.4130202 0.4284940 0.4323828 0.3853133 0.3415772 0.3346112 0.1767886 0.4824065 0.7565760 1.2071334 
Bolinf_Binf_sb1194439                                             0.4007232 0.3419978 0.3909232 0.3998226 0.4466282 0.4857770 0.2489614 0.3164123 0.1895274 0.3216196 0.2494565 0.2871127 0.2805950 0.2833127 0.2822824 0.2878394 0.3085612 0.3101469 0.2839703 0.1166921 0.2826398 0.2949976 0.2949447 0.2980733 0.3181253 0.3054702 0.2067620 0.2962548 0.3271328 0.3037442 0.3287391 0.1184209 0.3511252 0.3164004 0.3623119 0.4340786 0.3070079 0.1200351 0.1206952 0.0000000 0.0113201 0.0000010 0.0514768 0.0594560 0.0378696 0.0727959 0.0572464 0.0774318 0.0774318 0.0493056 0.0585609 0.0646051 0.1062926 0.0899788 0.0520606 0.1321764 0.1181057 0.0643757 0.0967149 0.2220867 0.2455269 0.2851565 0.4344174 0.3130263 0.2852844 0.2754575 0.4321053 0.4193122 0.4193122 0.4263173 0.4295579 0.4354223 0.4405494 0.3771328 0.2860455 0.3164345 0.1629343 0.4478563 0.6644240 1.0810495 
Beraby_Baby_sb336832                                              0.4674500 0.4030124 0.4265239 0.4670763 0.5546427 0.4745407 0.2489614 0.3531216 0.1895274 0.3304711 0.2645292 0.3072118 0.2884037 0.2872150 0.2893018 0.2947083 0.3080384 0.3135935 0.2922581 0.1166921 0.2892832 0.3310358 0.3138449 0.3225477 0.3528856 0.3335034 0.2296746 0.2846821 0.3208290 0.3233324 0.3651347 0.1184209 0.3466487 0.3582293 0.3546075 0.4163350 0.3340099 0.0990382 0.1033303 0.0113201 0.0000000 0.0000010 0.0414930 0.0519189 0.0378696 0.0727959 0.0572464 0.0650982 0.0650982 0.0493056 0.0585609 0.0566059 0.0901131 0.0768920 0.0520606 0.1321764 0.1181057 0.0640107 0.0787968 0.2264894 0.2695193 0.3057781 0.4408939 0.3202930 0.2924160 0.3451912 0.4401315 0.4211981 0.4175616 0.4245505 0.4312419 0.4376931 0.4446997 0.4015689 0.3072503 0.3164345 0.1610514 0.5010911 0.7211040 1.1946110 
Mertsp_Mesp_sb554402                                              0.2525350 0.2406320 0.2567430 0.2555022 0.2616066 0.2974989 0.2489614 0.1815698 0.1895274 0.2104776 0.2030501 0.1636212 0.1625838 0.1687726 0.1697361 0.1679456 0.1815912 0.1831707 0.1818345 0.1166921 0.1708514 0.1646062 0.1767103 0.1851490 0.1984969 0.1765857 0.2067620 0.1985957 0.2079335 0.2127380 0.2003779 0.1184209 0.2157616 0.2190450 0.2175890 0.2092707 0.1965640 0.0446204 0.0446204 0.0000010 0.0000010 0.0000000 0.0417752 0.0373599 0.0378696 0.0727959 0.0572464 0.0435930 0.0435930 0.0493056 0.0445564 0.0451684 0.0513453 0.0513634 0.0520606 0.1321764 0.1181057 0.0517404 0.0582812 0.1656010 0.1621533 0.1881481 0.2297705 0.1948008 0.1629840 0.2337492 0.2611269 0.2513033 0.2513033 0.2474170 0.2513033 0.2545926 0.2567498 0.2389622 0.1826833 0.3164345 0.1383901 0.2418590 0.3716869 0.6216060 
Mertsp_Mesp_sb577977                                              0.1658252 0.1637884 0.1508853 0.1525480 0.1447199 0.1506021 0.2160427 0.1257590 0.1315239 0.1270471 0.1025947 0.1106648 0.1192034 0.1192034 0.1108386 0.1051117 0.1185095 0.1185095 0.1165240 0.1318351 0.0825146 0.0868223 0.1062574 0.1282032 0.1397952 0.1154107 0.1239934 0.1171562 0.1252222 0.0960360 0.1364924 0.0652751 0.1885707 0.1108680 0.1144715 0.0695437 0.1390027 0.0453868 0.0401698 0.0514768 0.0414930 0.0417752 0.0000000 0.0047495 0.0047814 0.0000010 0.0346276 0.0397725 0.0397725 0.0436001 0.0350041 0.0347711 0.0612973 0.0608720 0.0612712 0.0462717 0.0641213 0.0462717 0.0504973 0.1182737 0.0905565 0.1560899 0.1591778 0.1272817 0.0967546 0.1722565 0.1742911 0.1774241 0.1774241 0.1723014 0.1774241 0.1825216 0.1681933 0.1440082 0.1314015 0.2476207 0.2476207 0.0820799 0.3578637 0.2005604 
Mertsp_Mesp_sb577976                                              0.2804504 0.2519075 0.2614454 0.2722676 0.3089296 0.3266349 0.2160427 0.1974855 0.1315239 0.2266327 0.1728510 0.2033382 0.1822851 0.1895248 0.1773088 0.1765240 0.1906114 0.1952729 0.1935849 0.1318351 0.1559602 0.1808657 0.1863942 0.2021054 0.2069524 0.1865697 0.1800528 0.1911685 0.2027088 0.2162804 0.2051961 0.1037130 0.2354953 0.2217623 0.2413407 0.2708081 0.2274520 0.0642275 0.0606152 0.0594560 0.0519189 0.0373599 0.0047495 0.0000000 0.0000010 0.0079761 0.0533808 0.0545329 0.0545329 0.0436001 0.0362642 0.0325294 0.0722598 0.0595799 0.0448375 0.1241279 0.1020123 0.0492869 0.0825902 0.1675440 0.1793567 0.2277905 0.2734832 0.2108089 0.1716214 0.2196108 0.3137552 0.3032199 0.3032199 0.2991462 0.3032199 0.3066037 0.3124444 0.2472550 0.2058100 0.3389194 0.1685110 0.2777798 0.4163055 0.7397636 
Bolinf_Binf_sb1242133                                             0.2386285 0.2383847 0.2406689 0.2283429 0.2275114 0.2492258 0.2160427 0.1575040 0.1315239 0.1787844 0.1576685 0.1598130 0.1529587 0.1625082 0.1505815 0.1490172 0.1571595 0.1618545 0.1665927 0.1318351 0.1299821 0.1371666 0.1530213 0.1632637 0.1785842 0.1529628 0.1800528 0.1657900 0.1805674 0.1815170 0.1795034 0.1037130 0.2020496 0.1876918 0.1865492 0.1888089 0.1918122 0.0377702 0.0377702 0.0378696 0.0378696 0.0378696 0.0047814 0.0000010 0.0000000 0.0079761 0.0533808 0.0406913 0.0406913 0.0436001 0.0331628 0.0331628 0.0522686 0.0448375 0.0448375 0.1241279 0.1020123 0.0413205 0.0553814 0.1589086 0.1404836 0.1903999 0.2230343 0.1803287 0.1434321 0.2075852 0.2552097 0.2493132 0.2493132 0.2452906 0.2493132 0.2527181 0.2503013 0.2042523 0.1731485 0.3389194 0.1540723 0.2185472 0.3652508 0.5856858 
Bolinf_Binf_sb1242134                                             0.2092264 0.2111008 0.2090050 0.1862108 0.1909133 0.2034785 0.3722185 0.1773873 0.1414005 0.1748573 0.1524801 0.1489388 0.1723142 0.1723142 0.1614105 0.1514190 0.1763520 0.1763520 0.1732847 0.1318351 0.1067262 0.1159576 0.1251238 0.1591590 0.1683569 0.1392390 0.1520850 0.1531818 0.1834028 0.1182000 0.1591092 0.0341092 0.2353711 0.1493856 0.1665446 0.1313880 0.2005318 0.0696277 0.0604971 0.0727959 0.0727959 0.0727959 0.0000010 0.0079761 0.0079761 0.0000000 0.0509912 0.0596071 0.0596071 0.0509912 0.0601964 0.0601964 0.0888279 0.0877395 0.0877395 0.0714502 0.0647691 0.0714502 0.0682890 0.1823969 0.1198860 0.2001683 0.2717735 0.1747224 0.1389642 0.2175978 0.2087005 0.2087005 0.2087005 0.2003357 0.2087005 0.2169977 0.2112237 0.2091057 0.1976022 1.0543614 1.0543614 0.0665770 1.9421058 0.2119583 
