87
Pocdam_XM_027202323.1                                             0.0000000 0.2285222 0.0000010 0.0000010 0.0997417 0.0595713 0.3341587 0.2754069 0.0000010 0.4226763 0.7210105 0.0000010 0.0000010 0.0000010 1.5191631 1.5087404 1.3923098 0.6484000 1.1623590 1.5330121 0.0000010 2.0332690 2.0236655 2.0157547 2.4207160 1.9687882 1.0440859 0.7931648 1.6540684 1.8494181 0.0000010 2.0268358 1.9048432 1.9100586 1.9238319 0.0000010 1.9188097 2.7609463 0.0000010 0.0000010 0.4310093 1.2337157 0.0000010 3.7176013 0.0000010 0.0000010 2.2825392 0.0000010 0.0000010 3.8053871 0.0000010 2.0605638 2.4474899 2.4474899 1.0739869 1.2175095 6.3094285 0.0000010 0.0000010 0.0000010 1.2256543 1.1621434 1.7750081 2.2131308 2.9364526 0.0000010 0.0000010 1.9977206 1.9346062 0.9387823 2.6458594 1.9712005 2.1662651 0.0000010 2.8963488 1.2988018 1.3783061 1.8572998 0.0000010 3.5586526 2.5961891 3.1107503 0.0000010 1.7758786 2.4076970 2.2312240 2.4100043 
Gasp_gasp1.m3.19463.m1                                            0.2285222 0.0000000 0.0000010 0.0000010 0.2271858 0.0000010 0.3022998 0.1608198 0.0000010 0.3472452 0.5621339 0.0000010 0.0000010 0.0000010 1.0974983 1.1798297 1.2759966 0.7230906 1.1157143 1.2355244 0.0000010 1.4690737 1.4487691 1.4487691 2.5165419 1.4974867 1.0408592 0.7933472 1.3283512 1.5977860 0.0000010 1.5541646 1.6309201 1.5525170 1.5525170 0.0000010 1.5501086 2.0198286 0.0000010 0.0000010 0.0000010 1.5407743 0.0000010 3.3370877 0.0000010 0.0000010 1.8229770 0.0000010 0.0000010 9.0000000 0.0000010 2.0578258 1.9082284 1.9082284 0.0000010 4.0863538 8.9999989 0.0000010 0.0000010 0.0000010 1.2239297 1.3681305 1.7673255 2.0881549 3.1291463 0.0000010 0.0000010 1.5868465 1.4718945 0.9900889 2.3562498 1.7863305 2.5620174 0.0000010 2.7481673 1.2812833 1.3815159 1.8229127 0.0000010 3.0633110 2.3867286 3.1030404 0.0000010 0.0000010 2.8763595 1.8389494 1.7584804 
Gasp_gasp1.m3.19468.m1                                            0.0000010 0.0000010 0.0000000 0.0884819 0.0846914 0.4692483 0.0813678 0.1841787 0.0824433 0.1444260 0.5030014 0.6594951 1.7393998 0.6594569 0.6061176 0.5772602 0.6374194 0.0000010 0.4687479 0.5231939 0.0000010 0.9571741 0.9323579 0.9323579 0.9309977 0.9336378 0.9336378 2.3565475 0.7745860 0.8738994 1.1203176 0.7080329 0.6869739 0.7742169 0.8798880 1.1594567 0.0000010 1.4073392 1.0066224 0.0000010 1.3217852 1.6609774 1.5204100 1.2275015 1.0505942 1.2023052 1.2126844 1.1459024 1.0678345 1.0812673 1.0812673 1.1318482 1.0556722 1.0556722 0.0000010 0.0000010 2.1200233 1.0914218 1.1381327 1.1296415 3.5666905 9.0000000 0.0000010 0.0000010 0.0000010 1.5114635 1.4794091 1.0401254 1.0017707 1.0658873 1.3152474 0.7001171 1.7081854 1.9252066 1.9676959 4.7503046 0.0000010 0.6388293 2.8246247 2.6886168 2.8415758 3.3528069 1.7237227 1.7484657 2.4085519 0.0000010 8.9999983 
Pocdam_XM_027191188.1                                             0.0000010 0.0000010 0.0884819 0.0000000 0.0395725 0.0601067 0.0925466 0.1419702 0.1154607 0.1479437 0.3603334 0.6859609 0.4284327 0.6708165 0.6068818 0.6663331 0.6657673 0.0000010 0.4409402 0.5419996 0.5816344 0.9260254 0.9135156 0.9135156 0.9768329 0.9035584 0.9900420 1.4298689 0.6873293 0.8026013 0.7633140 0.7163819 0.7882278 0.7834098 0.8315948 1.1775261 0.0000010 1.3884347 1.1191759 0.9228049 1.3304730 1.6144924 1.4751561 1.2328095 1.0391171 1.1709685 1.1933469 1.2039611 1.2306196 1.1118422 1.1092234 1.1540663 1.0853941 1.0853941 1.1236203 1.0479757 0.9434168 1.1585930 1.3382721 1.2918354 2.7995110 4.0433131 0.0000010 0.5281292 1.0065146 1.5394051 1.4185704 1.0347922 1.0853912 1.0805868 1.2621789 0.7458201 1.6977527 1.8780484 1.9193072 3.3431887 0.0000010 0.6388293 2.7802718 2.3433544 2.5660933 2.0592305 1.7632008 1.7391072 2.6532343 0.0000010 5.5847701 
Spis_XP_022780029_1                                               0.0997417 0.2271858 0.0846914 0.0395725 0.0000000 0.0667275 0.2428758 0.2236841 0.1188361 0.3493516 0.5634591 0.5587989 0.3530143 0.6730859 1.1503307 1.2044547 1.0664093 0.6572160 0.8820489 1.0935940 0.6364619 1.5689768 1.5378779 1.5340444 1.0173435 1.4961658 1.0260453 0.8082217 1.2215287 1.4221458 0.7973589 1.4997171 1.4390370 1.4557985 1.4613238 1.1832654 1.8930238 2.1827666 1.1718011 0.8891481 1.2428992 1.6010946 1.4471640 1.1877441 1.0216696 1.1458401 1.8156188 1.0986958 1.1802646 1.1313136 1.0609360 1.6307167 1.7733053 1.7733053 1.2069233 1.1897527 2.5645353 1.1028042 1.2913781 1.2084878 1.3282501 1.2771699 1.7890040 2.2562013 1.4941708 1.4388034 1.3473356 1.5963926 1.5996726 1.0484169 2.0433075 1.6593368 1.7105138 1.7956368 2.4857547 1.8964076 1.4265536 1.8009085 2.4091356 3.0073498 2.5264541 2.1441581 1.9061148 1.8350052 2.5250210 2.2370702 4.9732963 
Gasp_gasp1.m3.31896.m1                                            0.0595713 0.0000010 0.4692483 0.0601067 0.0667275 0.0000000 0.0657424 0.0420957 0.8274163 0.2181928 0.2322235 1.9139893 0.3137345 0.5857925 0.5899239 0.7624392 0.7239401 0.6388259 0.4243265 0.4999633 0.6067070 0.9656613 0.9714909 0.9714909 1.1015566 0.9488500 1.1331134 0.7584017 0.6178048 0.7724931 0.6160475 0.7379778 0.7411049 0.7248480 0.7219566 0.0000010 2.7007632 1.9658840 1.4651868 0.8524526 1.2802691 1.6684530 1.2190650 1.1021137 0.0000010 0.9004320 0.9909920 1.0510476 0.8502319 0.9407905 0.7498995 1.0395176 0.9582330 0.9582330 1.1266445 1.0609850 0.9555591 0.7716851 0.8502319 1.2383567 1.1806979 1.0934003 1.4032120 1.2667756 0.9951097 4.6400296 1.1852871 1.0912462 1.1010574 1.1010574 1.5386144 1.3911878 1.8090785 8.9999987 1.9866720 2.3350791 1.6573003 0.0000010 8.4377282 2.4442628 2.2983105 1.6250211 1.4894473 1.8725888 2.6500420 0.0000010 1.9096162 
Gfas_gfas1.m1.13189.m1                                            0.3341587 0.3022998 0.0813678 0.0925466 0.2428758 0.0657424 0.0000000 0.2506763 0.1441450 0.2732981 0.6193004 0.6464741 0.3891080 0.6273577 1.1146381 1.1885964 1.0531038 0.6538686 0.8655591 1.0695562 0.5557425 1.5613653 1.5370007 1.5342843 1.0302207 1.4986802 1.0503144 0.8238486 1.1766048 1.3475479 0.7638018 1.4842546 1.3660434 1.3984383 1.4493563 1.2415588 1.9028475 2.2637415 1.1117895 0.8498050 1.2880312 1.5093161 1.3325180 1.2172265 1.0441715 1.1397287 1.8551780 1.1916286 1.1717972 1.1324525 1.0980143 1.6118919 1.7717649 1.7717649 1.1308899 1.1334997 2.3547445 1.1305545 1.3206137 1.2819796 1.3158957 1.2197028 1.7621268 2.3333750 1.4263442 1.5354583 1.3604386 1.6191380 1.5515289 1.0489225 2.1031378 1.6820719 1.7165983 1.8599735 2.5709799 2.1226621 1.3841338 1.6294873 2.7686521 2.9582661 2.3980896 2.0337295 1.7559539 1.7598678 2.5858490 2.1559397 5.7376703 
Fspp_ffun1.m4.8589.m1                                             0.2754069 0.1608198 0.1841787 0.1419702 0.2236841 0.0420957 0.2506763 0.0000000 0.1867197 0.3382886 0.6694191 0.7522649 0.3683205 0.8008602 1.1922968 1.2467463 1.1026184 0.6431199 0.9310999 1.1614663 0.5370220 1.6330596 1.5941212 1.5902103 1.1756367 1.5812659 1.0766003 0.7859611 1.2654177 1.4336095 0.7080513 1.5239898 1.4593623 1.4367489 1.4871020 2.5067569 1.8789564 2.3378402 1.4795119 0.8524526 1.4094736 1.5975850 1.4364936 1.4481472 0.9768261 1.2750556 1.8959246 1.5937431 1.5800218 1.2591681 1.2740351 1.7086837 1.8648469 1.8648469 1.1099578 1.1281405 2.6362837 1.3298333 1.6167866 1.6679009 1.3172966 1.2409011 1.7694784 2.2896696 1.4353306 1.9784171 1.5348836 1.6878328 1.6306831 1.1447514 2.1551863 1.7988883 1.9830068 2.3146148 2.5937618 2.2512595 1.3469815 1.7095126 3.4022185 3.1757583 2.5372080 2.1406531 2.4943889 1.8377467 2.9625836 2.3844445 5.4663910 
Fspp_ffun1.m4.8592.m1                                             0.0000010 0.0000010 0.0824433 0.1154607 0.1188361 0.8274163 0.1441450 0.1867197 0.0000000 0.1686140 0.5810684 0.9273234 1.7393998 0.7981510 0.7089569 0.6866487 0.7417795 0.0000010 0.5499491 0.6372828 0.0000010 1.2313980 1.1808845 1.1808845 1.2201079 1.1864183 1.1864183 2.3565475 0.8398049 0.8667741 1.2563676 1.0972673 0.9413446 0.9731299 1.1199740 1.2309534 0.0000010 1.5563756 1.1744741 0.0000010 1.5797965 1.9079612 1.6982583 1.5717567 0.9601159 1.4429097 1.4620913 1.1762902 1.3408151 1.4515840 1.4515840 1.4986546 1.2910835 1.2910835 0.0000010 0.0000010 1.7007565 1.4528275 1.5206301 1.4653287 4.3340669 9.0000000 0.0000010 0.0000010 0.0000010 1.9677844 1.9413421 1.1535575 1.1511821 1.0839985 1.3936834 0.7455382 1.9542671 2.2188277 2.2557860 3.9119912 0.0000010 0.6388293 3.1170738 2.7759440 3.2778607 3.7451515 1.6700431 1.8183787 2.8923287 0.0000010 8.9999985 
Adig_XM_015904399.1                                               0.4226763 0.3472452 0.1444260 0.1479437 0.3493516 0.2181928 0.2732981 0.3382886 0.1686140 0.0000000 0.6749292 2.9722128 0.4146911 0.6310186 1.1671771 1.2282051 1.0360406 0.6972808 0.9297257 1.1143861 0.5839000 1.6544705 1.6296458 1.6380164 1.1223245 1.5869111 1.1660316 0.9444791 1.2557492 1.4317154 0.7613133 1.5821794 1.4657615 1.4454199 1.5038371 1.2961642 1.9408290 2.2451940 1.2053643 0.8039597 1.3739070 1.6359024 1.4587783 1.3566482 1.0785911 1.2181817 1.9317392 1.2151017 1.3825025 1.2334521 1.1910038 1.6650255 1.8341278 1.8341278 1.3042409 1.2595495 2.4361774 1.2414379 1.5526829 1.4905019 1.4744873 1.3541592 1.7300317 2.4139241 1.7211543 1.8506398 1.4054527 1.7022973 1.6361912 1.1173416 2.0807956 1.7834406 1.7853946 1.9229641 2.5171074 2.0986660 1.5049580 1.8057014 3.0145167 2.9746412 2.5660109 2.0256132 2.2712712 1.8542894 2.5117971 2.3458127 5.0899803 
Nvec_v1g107690                                                    0.7210105 0.5621339 0.5030014 0.3603334 0.5634591 0.2322235 0.6193004 0.6694191 0.5810684 0.6749292 0.0000000 0.7824826 0.4307821 0.8153724 1.1711485 1.2439319 1.1254738 0.7169132 0.9266035 1.0981851 0.5836438 1.6495705 1.6115560 1.6137226 1.2237268 1.6233621 1.1507695 0.8365079 1.2658266 1.4278978 0.7998125 1.5525886 1.4957268 1.4385025 1.4297334 1.2638116 1.8415790 2.2602831 1.2889628 0.8558870 1.4299314 1.5412646 1.3701560 1.3718680 1.8245569 1.3123177 1.9248630 1.8706201 1.5222522 1.2923974 1.2554371 1.6659115 1.8404907 1.8404907 1.2334381 1.2596041 2.6545952 1.3068499 1.6259750 1.4643629 1.3115653 1.1945940 1.7437827 2.2708820 1.4668412 1.9785290 1.5693078 1.6300004 1.6253495 1.2165052 2.0635050 1.7132449 1.8809651 2.0536716 2.5632353 2.0199501 1.4166834 1.8887905 2.6209541 2.9448565 2.4460755 2.0996597 2.0059798 1.7935029 2.3770674 2.1861053 5.6342527 
Aaur_scaffold7193.g1.t1                                           0.0000010 0.0000010 0.6594951 0.6859609 0.5587989 1.9139893 0.6464741 0.7522649 0.9273234 2.9722128 0.7824826 0.0000000 0.0000010 3.0224068 0.2702019 0.3758049 0.4133562 0.0000010 0.7728420 0.7731617 0.0000010 1.0154245 1.0612921 1.0612921 1.1178255 1.0395170 1.0395170 0.0000010 1.0308461 1.1192125 0.0000010 0.6867311 0.8856457 1.2861536 1.2861536 0.8376307 0.0000010 1.2162628 1.1182012 0.0000010 1.1041913 0.0000010 0.0000010 1.0596633 3.1000200 1.1190000 1.1190000 6.3305794 1.3560941 1.1083753 1.1083753 1.1753689 1.2198050 1.2198050 0.0000010 0.0000010 2.4310795 1.2774216 1.2774216 1.0707199 0.0000010 0.0000010 0.0000010 0.0000010 0.0000010 1.1392638 1.1700869 0.8725928 1.5428284 1.5428284 1.0786162 0.3338515 1.4363343 1.9835800 2.2836531 2.5093683 0.0000010 0.0000010 2.9777018 2.6611032 2.8723681 0.0000010 1.1260483 9.0000000 0.0000010 0.0000010 8.9999990 
Aaur_scaffold2066.g3.t1                                           0.0000010 0.0000010 1.7393998 0.4284327 0.3530143 0.3137345 0.3891080 0.3683205 1.7393998 0.4146911 0.4307821 0.0000010 0.0000000 0.0466487 0.1944890 0.2583773 0.2605707 0.0000010 0.4024114 0.4711609 0.9514398 0.4876987 0.5082994 0.5082994 0.7506982 0.5350757 1.5382304 1.8547366 0.4574147 0.5053302 0.4864738 0.5351228 0.5590975 0.5536078 0.4988950 0.0000010 0.0000010 0.8810583 0.0000010 0.8064027 0.8631030 0.9826359 0.0000010 0.9749435 9.0000000 0.7926046 0.7926046 9.0000000 9.0000000 0.7466913 0.7103842 0.7519534 0.7785311 0.7785311 0.6768414 0.6773950 0.6084065 0.8620633 9.0000000 9.0000000 2.9193366 0.0000010 0.0000010 0.5281292 0.5808517 8.3061418 0.9321799 0.6864107 0.6699191 0.6699191 0.6575667 2.3402268 3.8528784 5.0892619 1.4131906 2.1760089 0.0000010 0.0000010 3.6560921 2.0263083 1.6675292 1.8662444 0.0000010 1.6134523 3.2079995 0.0000010 1.8891465 
Aaur_scaffold251.g8.t1                                            0.0000010 0.0000010 0.6594569 0.6708165 0.6730859 0.5857925 0.6273577 0.8008602 0.7981510 0.6310186 0.8153724 3.0224068 0.0466487 0.0000000 0.3767900 0.3336508 0.3175231 0.0000010 0.6983582 0.7135562 0.5381709 0.9894224 0.9613155 0.9613155 1.0162994 0.9765089 1.0571375 2.2619859 0.7516978 0.8615120 0.9043493 0.9539016 0.9073636 0.8142408 0.8488291 1.4553126 0.0000010 1.6265328 1.4178903 1.0226802 1.5159806 1.5822993 1.3631572 1.4925069 1.1955643 1.2733045 1.2593305 1.1850634 1.4685130 1.1849251 1.2230394 1.1783155 1.1741417 1.1741417 0.9120831 0.9190776 0.9041733 1.2890457 1.5472118 1.3950394 2.8155167 3.7097050 0.0000010 0.5281292 0.7661015 1.9134072 1.3187916 1.2514666 1.0847660 1.1419331 1.3546385 0.8150924 1.9974071 1.8993129 1.9186159 3.4853138 0.0000010 0.8553827 3.1880539 2.6774144 2.5652675 2.1737550 2.7359666 1.6765671 2.8104431 0.0000010 5.5961723 
Sanmal_Sma_024133-T1                                              1.5191631 1.0974983 0.6061176 0.6068818 1.1503307 0.5899239 1.1146381 1.1922968 0.7089569 1.1671771 1.1711485 0.2702019 0.1944890 0.3767900 0.0000000 0.6609869 0.5647668 0.3551043 1.2196766 1.3054495 0.5155121 1.6804543 1.6392416 1.6431196 1.0054050 1.6296522 1.0701552 0.9184947 1.3873377 1.5010673 0.8654547 1.7739518 1.5248211 1.5724866 1.6134618 1.4526918 2.0473490 2.3979979 1.2458960 0.9525882 1.3385520 1.5981005 1.4635302 1.3212058 1.1246136 1.1949266 1.8920445 1.2304704 1.3097183 1.1799078 1.1056330 1.6436380 1.8520960 1.8520960 1.3536907 1.2978578 2.9182031 1.2125304 1.4255856 1.2876280 1.3690000 1.4452779 1.7556834 2.3996959 1.4925648 1.6066855 1.3252716 1.7407155 1.7447206 1.1536631 2.2037349 1.4927909 1.8399391 1.7300432 2.6238427 2.1949607 1.4252454 2.0031703 2.5510096 3.2298744 2.4557103 2.0549752 2.0083805 1.9501022 2.4814459 1.9851419 5.3470675 
Nemnom_g13214.t1                                                  1.5087404 1.1798297 0.5772602 0.6663331 1.2044547 0.7624392 1.1885964 1.2467463 0.6866487 1.2282051 1.2439319 0.3758049 0.2583773 0.3336508 0.6609869 0.0000000 0.1405073 0.3494382 1.2300833 1.3561328 0.4159780 1.7060314 1.6943730 1.7026208 1.0726349 1.6809155 1.1066102 1.0420867 1.3647894 1.5236922 0.9180576 1.7399668 1.6145521 1.6096873 1.6349807 1.2636129 2.1693158 2.4723387 1.2631136 1.0509971 1.3759343 1.7415569 1.5510162 1.3476485 1.0403148 1.1554043 1.8043493 1.1442557 1.3802579 1.2551353 1.2043734 1.5898575 1.8474679 1.8474679 1.1589461 1.2851159 2.7524397 1.1841097 1.4118401 1.2917405 1.4669674 1.5015750 1.7704784 2.3457401 1.5296788 1.6119252 1.2842376 1.6918138 1.7586264 1.1641697 2.0337897 1.5405059 1.6806845 1.7449963 2.7605050 2.2177999 1.5988558 2.0625779 2.9137347 3.1397745 2.5228581 2.1404561 2.0651342 2.0642719 2.3104370 2.0039972 5.6584356 
Rhoesc_Res_017159-T1                                              1.3923098 1.2759966 0.6374194 0.6657673 1.0664093 0.7239401 1.0531038 1.1026184 0.7417795 1.0360406 1.1254738 0.4133562 0.2605707 0.3175231 0.5647668 0.1405073 0.0000000 0.3616764 1.0537610 1.2029641 0.5029035 1.4352669 1.4193930 1.4218099 1.0363946 1.4134786 1.0829742 1.0015913 1.2405740 1.3170161 0.9635376 1.5602945 1.4128814 1.4242203 1.4751526 1.2977396 2.3107256 2.2817144 1.2938077 1.0334933 1.3848031 1.7452110 1.5059800 1.3973941 1.0708466 1.2093783 1.5744686 1.2052195 1.3782772 1.2630677 1.2013376 1.6001289 1.5806369 1.5806369 1.2816458 1.3053887 2.2213450 1.2148833 1.4382882 1.3130044 1.4849384 1.3948914 1.7040643 2.1139131 1.2831773 1.5704125 1.3444690 1.5544556 1.5808614 1.1901757 1.8120567 1.3060226 1.6877482 1.8082051 2.5562450 2.4709172 1.7039683 2.2933423 2.9780977 3.1154528 2.5446787 2.2161240 2.0672940 2.0900448 2.3935717 2.0395799 5.9018140 
Aaur_scaffold251.g10.t1                                           0.6484000 0.7230906 0.0000010 0.0000010 0.6572160 0.6388259 0.6538686 0.6431199 0.0000010 0.6972808 0.7169132 0.0000010 0.0000010 0.0000010 0.3551043 0.3494382 0.3616764 0.0000000 0.8316429 0.8647592 0.0000010 1.0707827 1.0554569 1.0554569 0.0000010 1.0783981 1.0461072 0.8410343 0.8520649 0.9438468 0.0000010 1.0674110 1.0660172 1.1286857 1.1286857 0.0000010 2.0409085 1.8876298 0.0000010 0.0000010 0.0000010 1.3136997 0.0000010 1.2174789 0.0000010 0.0000010 1.0592879 0.0000010 0.0000010 0.9997871 0.0000010 1.0463052 1.0541866 1.0541866 1.3134969 1.6200628 2.2300836 0.0000010 0.0000010 0.0000010 1.1742450 1.3877353 0.9883107 1.0870604 2.2449659 0.0000010 9.0000000 1.0245357 1.0739792 1.0597967 1.5579441 0.7605265 2.1011864 0.0000010 1.8984966 1.3051685 1.3712408 2.0598932 0.0000010 2.3153305 2.1779872 9.0000000 0.0000010 2.2822300 1.4913654 0.9293691 3.2224683 
Dgig_XM_028557440.1                                               1.1623590 1.1157143 0.4687479 0.4409402 0.8820489 0.4243265 0.8655591 0.9310999 0.5499491 0.9297257 0.9266035 0.7728420 0.4024114 0.6983582 1.2196766 1.2300833 1.0537610 0.8316429 0.0000000 0.4646249 0.8693832 1.6040890 1.6094859 1.6107896 1.0182111 1.6021396 1.1434083 0.9573840 1.3343161 1.4575554 0.8414795 1.6227345 1.4684824 1.4584279 1.4935583 1.3143124 1.9684339 2.1938178 1.1856851 0.9148507 1.2992357 1.5283480 1.2141613 1.2492086 1.1894521 1.2552897 1.9476747 1.3356553 1.4984020 1.2205178 1.1725932 1.7485435 1.8505379 1.8505379 1.2468101 1.2871834 2.3313883 1.2551695 1.4397400 1.4011719 1.5266415 1.4565833 1.9574137 2.4117167 1.4224924 1.6647105 1.3985394 1.6182855 1.6300798 1.1014450 1.9895628 1.7244726 1.7250954 1.9028644 2.4594343 2.1429444 1.6259487 1.9783604 2.6826538 3.0047527 2.5588220 2.0413761 1.6455611 1.8839580 2.5777466 2.3753352 5.1288583 
Xesp_013121-T1                                                    1.5330121 1.2355244 0.5231939 0.5419996 1.0935940 0.4999633 1.0695562 1.1614663 0.6372828 1.1143861 1.0981851 0.7731617 0.4711609 0.7135562 1.3054495 1.3561328 1.2029641 0.8647592 0.4646249 0.0000000 0.8987491 1.7182397 1.7328303 1.7320114 1.1554735 1.7534470 1.2511563 1.0490887 1.4442593 1.6146148 0.8907739 1.7824561 1.6628921 1.5897800 1.6322220 1.2021589 1.8204976 2.3070702 1.1678915 0.9449720 1.3607153 1.5241529 1.2705145 1.3278145 1.1233479 1.2842267 2.0326940 1.2315854 1.3874062 1.2194839 1.1555367 1.7458766 1.9384947 1.9384947 1.2914089 1.3582018 2.5888641 1.2151196 1.3655799 1.3775712 1.5493814 1.3800673 1.7736404 2.4917193 1.6480611 1.6335617 1.3823133 1.7712220 1.8560225 1.1913616 2.1905643 1.8591549 1.7623080 1.8867710 2.4994718 2.0706816 1.5610431 2.1336775 2.7590763 3.0576744 2.5820164 1.9366867 1.8266690 1.9780669 2.5799863 2.4931733 5.1105330 
Morvir_scaffold2550.g1.t1                                         0.0000010 0.0000010 0.0000010 0.5816344 0.6364619 0.6067070 0.5557425 0.5370220 0.0000010 0.5839000 0.5836438 0.0000010 0.9514398 0.5381709 0.5155121 0.4159780 0.5029035 0.0000010 0.8693832 0.8987491 0.0000000 0.8747938 0.8935502 0.8935502 0.8679938 0.8440839 0.8440839 2.9774969 0.7039496 0.7928907 0.6858212 0.6903969 0.8656080 0.8233089 0.8233089 0.0000010 0.0000010 1.9629418 1.8389731 1.2796240 1.3950178 1.2646414 9.0000000 1.2860039 0.0000010 1.0456002 0.9238161 0.0000010 0.0000010 0.9147383 0.9147383 0.9816291 0.7413809 0.7413809 0.0000010 0.0000010 0.9394412 0.7841750 0.0000010 0.8240799 0.0000010 0.0000010 0.0000010 0.0000010 0.0000010 0.0000010 1.0364844 1.3698258 1.0863692 1.0863692 1.2191288 0.0000010 1.5783667 0.0000010 1.5655072 1.8427558 0.0000010 0.0000010 0.0000010 1.9760301 2.2039451 1.8609447 0.0000010 1.2934536 3.0291905 0.0000010 2.0012284 
HoiH23_PlH23_008539-RA                                            2.0332690 1.4690737 0.9571741 0.9260254 1.5689768 0.9656613 1.5613653 1.6330596 1.2313980 1.6544705 1.6495705 1.0154245 0.4876987 0.9894224 1.6804543 1.7060314 1.4352669 1.0707827 1.6040890 1.7182397 0.8747938 0.0000000 0.0950711 0.0956861 0.0664991 0.2152840 0.1332788 0.7953354 1.5280197 1.6884421 1.2272736 1.8717173 1.6399366 1.6549139 1.7087326 1.2466721 1.6594526 2.3843855 1.2885054 0.9659758 1.4260545 1.8859258 1.7363936 1.5194139 1.3627523 1.4111280 2.0687056 1.3127540 1.5579255 1.4257741 1.3456352 1.8060705 2.0644222 2.0644222 1.6849089 1.3863204 2.8625501 1.4068154 1.6512432 1.4693422 1.6371174 1.4170036 1.7070423 2.5113638 1.9631056 1.8109181 1.6444097 1.8036392 1.8026335 1.2133806 2.2825161 2.0309326 1.9212915 1.9455820 2.5609743 2.2774215 1.4520284 2.2445333 2.4365204 3.2033520 2.5622213 2.5877465 1.8693837 2.2975180 2.7949046 2.2924664 5.4326525 
HoiH04_mRNA14153                                                  2.0236655 1.4487691 0.9323579 0.9135156 1.5378779 0.9714909 1.5370007 1.5941212 1.1808845 1.6296458 1.6115560 1.0612921 0.5082994 0.9613155 1.6392416 1.6943730 1.4193930 1.0554569 1.6094859 1.7328303 0.8935502 0.0950711 0.0000000 0.0049547 0.0724146 0.2083136 0.1378944 0.8077562 1.5135455 1.6869734 1.2381122 1.8375777 1.6156699 1.6585837 1.7134134 1.2469316 1.6338351 2.3420529 1.2840960 1.0017742 1.4320995 1.8558226 1.6494532 1.5035995 1.3815914 1.3982654 2.0739760 1.3603346 1.5702478 1.4281214 1.3472126 1.8098228 2.0428641 2.0428641 1.7150866 1.3944204 2.8994596 1.4014866 1.6174637 1.4817019 1.6294889 1.3843669 1.6751010 2.5443647 1.9812524 1.8248203 1.6570551 1.7747721 1.7636677 1.1937778 2.2858246 2.0570238 1.9110952 1.8645364 2.5366458 2.1584753 1.4306765 2.2074127 2.4843483 3.1439233 2.5308562 2.4759098 1.9145169 2.3017378 2.8473051 2.2270055 5.1312148 
Hhon_g06709.t1                                                    2.0157547 1.4487691 0.9323579 0.9135156 1.5340444 0.9714909 1.5342843 1.5902103 1.1808845 1.6380164 1.6137226 1.0612921 0.5082994 0.9613155 1.6431196 1.7026208 1.4218099 1.0554569 1.6107896 1.7320114 0.8935502 0.0956861 0.0049547 0.0000000 0.0724146 0.2122284 0.1378944 0.8077562 1.5225042 1.6943193 1.2381122 1.8383342 1.6182373 1.6589184 1.7137661 1.2469316 1.6338351 2.3407260 1.2840960 1.0017742 1.4320995 1.8558226 1.6494532 1.5035995 1.3815914 1.3982654 2.0758507 1.3603346 1.5702478 1.4281214 1.3472126 1.8157150 2.0513496 2.0513496 1.7150866 1.3944204 2.9192051 1.4014866 1.6174637 1.4817019 1.6294889 1.3843669 1.6819877 2.5605971 1.9503540 1.8248203 1.6570551 1.7791087 1.7639143 1.1937778 2.2907485 2.0537712 1.9110952 1.8645364 2.5461935 2.1584753 1.4306765 2.2074127 2.4843483 3.1411498 2.5224822 2.4759098 1.9145169 2.3017378 2.8473051 2.2234846 5.1312148 
HoiH06_mRNA4481                                                   2.4207160 2.5165419 0.9309977 0.9768329 1.0173435 1.1015566 1.0302207 1.1756367 1.2201079 1.1223245 1.2237268 1.1178255 0.7506982 1.0162994 1.0054050 1.0726349 1.0363946 0.0000010 1.0182111 1.1554735 0.8679938 0.0664991 0.0724146 0.0724146 0.0000000 0.1870866 0.1833405 2.9856060 1.0801345 1.2447915 1.3472710 1.2195809 1.0047701 1.1052855 1.1797763 1.2734203 0.0000010 1.5123590 1.3026813 1.6341612 1.4633535 1.6302032 1.6765026 1.6582627 1.4082236 1.6324025 1.6493392 1.3958374 1.5863317 1.5561793 1.5342675 1.5559654 1.5931931 1.5931931 6.3021873 6.5517852 1.9025909 1.5561016 1.6759040 1.4701457 5.1895909 5.7458494 4.6195481 5.4939835 8.5589718 1.8560126 1.8722055 1.3662715 1.3249610 1.2114736 1.6112379 1.2132747 1.9003971 1.8871186 2.0298987 4.1143242 5.9656913 1.9749460 2.4167915 2.6852369 2.6633748 3.2061546 1.8440671 1.9881615 3.8580654 2.0125379 7.5473830 
TrH2_TrispH2_001722-RA                                            1.9687882 1.4974867 0.9336378 0.9035584 1.4961658 0.9488500 1.4986802 1.5812659 1.1864183 1.5869111 1.6233621 1.0395170 0.5350757 0.9765089 1.6296522 1.6809155 1.4134786 1.0783981 1.6021396 1.7534470 0.8440839 0.2152840 0.2083136 0.2122284 0.1870866 0.0000000 0.0199115 0.7657019 1.5278059 1.6711020 1.1977986 1.9044934 1.6554133 1.6576999 1.7094808 1.2293016 1.7179009 2.3994879 1.2656463 0.9846404 1.4207309 1.9081877 1.6552916 1.4520135 1.2677873 1.3490032 2.0511556 1.2370274 1.5303713 1.3878968 1.2978939 1.7904920 2.0037320 2.0037320 1.6311785 1.4150388 2.8534504 1.3512018 1.6048644 1.5043240 1.6566825 1.4591985 1.7236767 2.5651737 1.8937877 1.7613777 1.6285029 1.8390496 1.7922061 1.2001483 2.3576350 2.0613886 1.9049858 1.9058455 2.5253957 2.1332628 1.4697006 2.1815335 2.6121291 3.1632916 2.5007756 2.3343308 1.8587891 2.2860136 2.7412139 2.3336517 5.6797863 
Tadh_TriadT24608                                                  1.0440859 1.0408592 0.9336378 0.9900420 1.0260453 1.1331134 1.0503144 1.0766003 1.1864183 1.1660316 1.1507695 1.0395170 1.5382304 1.0571375 1.0701552 1.1066102 1.0829742 1.0461072 1.1434083 1.2511563 0.8440839 0.1332788 0.1378944 0.1378944 0.1833405 0.0199115 0.0000000 0.7582144 1.0452373 1.1974854 1.6171644 1.2424333 1.0942143 1.1458184 1.1749054 1.2293016 1.5724900 1.6674808 1.2656463 1.9619974 1.4802655 1.8715599 1.6552916 1.6156026 1.2677873 1.6129812 1.5355145 1.2370274 1.5303713 1.5712897 1.4786286 1.4921700 1.4577658 1.4577658 2.8315598 2.2215235 2.3710277 1.4948745 1.6048644 1.5043240 1.7925135 1.8335599 1.3947276 1.5573667 3.4561867 1.7613777 1.9459609 1.3191870 1.2773199 1.2459885 1.6457050 1.3443995 1.9164572 1.9058455 2.0394027 2.2503859 1.5258575 2.1815335 2.6121291 2.6094092 2.4571230 2.7640377 1.8587891 2.3759518 2.9622411 1.3706587 7.5917126 
Skow_XM_006822178.1                                               0.7931648 0.7933472 2.3565475 1.4298689 0.8082217 0.7584017 0.8238486 0.7859611 2.3565475 0.9444791 0.8365079 0.0000010 1.8547366 2.2619859 0.9184947 1.0420867 1.0015913 0.8410343 0.9573840 1.0490887 2.9774969 0.7953354 0.8077562 0.8077562 2.9856060 0.7657019 0.7582144 0.0000000 0.5673913 0.5601216 1.1516421 0.8656690 1.0000633 0.8297311 0.8297311 0.9977417 1.5461673 1.4629648 2.3034676 1.4979212 2.1479222 1.9126854 0.0000010 2.2574674 6.0212047 2.9260847 1.1383032 6.0181354 6.0181354 1.7964430 1.7964430 1.1796105 1.1484032 1.1484032 3.0967294 2.0009523 2.1723630 2.0230970 4.3022877 4.6835909 1.3622875 1.4905110 1.1014222 1.0751740 2.0687682 4.0254225 2.5087719 0.8599354 0.9324964 0.8673819 1.3792600 1.1531711 2.8383466 1.6492880 1.9908487 1.3467534 1.5068174 2.1480511 5.1414389 2.2954225 2.0222937 2.2636937 0.0000010 4.2126936 2.6024232 1.0956480 2.1656674 
Bralan_BLAG06000761_1                                             1.6540684 1.3283512 0.7745860 0.6873293 1.2215287 0.6178048 1.1766048 1.2654177 0.8398049 1.2557492 1.2658266 1.0308461 0.4574147 0.7516978 1.3873377 1.3647894 1.2405740 0.8520649 1.3343161 1.4442593 0.7039496 1.5280197 1.5135455 1.5225042 1.0801345 1.5278059 1.0452373 0.5673913 0.0000000 1.0012937 0.6712501 1.1825810 1.0317141 1.0149713 1.0601061 1.4982471 1.8022320 2.1605333 1.2184816 0.9597017 1.2429986 1.6808289 1.5479606 1.3321701 1.1735223 1.1886732 1.7496140 1.3237941 1.2820559 1.2107715 1.1773630 1.5391490 1.7175566 1.7175566 1.1521293 1.1300776 2.4170849 1.1976299 1.4790279 1.3268196 1.4599673 1.3625596 1.7739615 2.1569765 1.3738890 1.4591266 1.3900449 1.5343006 1.5825417 1.0243072 1.6859693 1.7932797 1.7994027 2.0712582 2.3728891 2.0349392 1.3322703 1.7490184 3.0189626 3.0225954 2.2938331 2.0125363 2.0575704 1.8735792 2.2093824 2.4901065 5.5849809 
Spur_XM_030980437.1                                               1.8494181 1.5977860 0.8738994 0.8026013 1.4221458 0.7724931 1.3475479 1.4336095 0.8667741 1.4317154 1.4278978 1.1192125 0.5053302 0.8615120 1.5010673 1.5236922 1.3170161 0.9438468 1.4575554 1.6146148 0.7928907 1.6884421 1.6869734 1.6943193 1.2447915 1.6711020 1.1974854 0.5601216 1.0012937 0.0000000 0.5455410 1.3111455 1.1423290 1.1251912 1.1811370 1.7508736 1.8876479 2.2187878 1.5007311 0.8490635 1.4830025 1.8796312 2.0008079 1.3926008 1.5589818 1.3659772 2.0157086 1.3665036 1.6779470 1.3794162 1.4105464 1.8739622 2.0517173 2.0517173 1.1691147 1.2093005 2.5708207 1.4414483 1.7999170 1.6021505 1.6082731 1.2508818 2.1083396 2.4390915 1.3836350 1.9192137 1.4977732 1.7250053 1.7064989 1.1143467 1.9272309 1.8238658 1.9968171 2.2972510 2.6100500 2.2304538 1.4178206 1.7480563 2.7734916 3.0867730 2.3797333 2.0848110 1.8960767 1.9116656 2.2682790 2.1836877 4.9267151 
Skow_XM_006822170.1                                               0.0000010 0.0000010 1.1203176 0.7633140 0.7973589 0.6160475 0.7638018 0.7080513 1.2563676 0.7613133 0.7998125 0.0000010 0.4864738 0.9043493 0.8654547 0.9180576 0.9635376 0.0000010 0.8414795 0.8907739 0.6858212 1.2272736 1.2381122 1.2381122 1.3472710 1.1977986 1.6171644 1.1516421 0.6712501 0.5455410 0.0000000 0.7090637 0.7859186 0.7735585 0.7735585 0.0000010 0.0000010 1.8037964 2.3345057 0.9456195 1.4683894 1.9499304 2.4600313 1.4275270 0.0000010 1.1341855 1.2044312 0.0000010 5.0518772 1.1694725 1.2036060 1.2020824 1.1308696 1.1308696 1.0616947 1.0318475 0.9767759 1.2981757 3.1120449 4.4566084 4.4113354 9.0000000 0.0000010 1.3193438 0.9433479 3.7853492 1.1921167 1.2288438 1.2703221 1.1517918 1.5025904 1.4858630 1.9069006 2.8448586 1.9184668 2.7046553 0.0000010 0.6388293 9.0000000 2.3531135 2.1252875 1.9514894 3.2967004 1.8982083 2.2469694 0.0000010 2.9600458 
Ctel_gnl_WGS_AMQN_CAPTEDRAFT_mRNA222812                           2.0268358 1.5541646 0.7080329 0.7163819 1.4997171 0.7379778 1.4842546 1.5239898 1.0972673 1.5821794 1.5525886 0.6867311 0.5351228 0.9539016 1.7739518 1.7399668 1.5602945 1.0674110 1.6227345 1.7824561 0.6903969 1.8717173 1.8375777 1.8383342 1.2195809 1.9044934 1.2424333 0.8656690 1.1825810 1.3111455 0.7090637 0.0000000 1.1161721 1.1424083 1.1565325 1.8954980 1.8019451 2.4943491 1.4912498 0.9858912 1.3857522 1.6045285 1.5427326 1.2837392 0.0000010 1.1786675 1.9966903 1.1021506 1.6311369 1.2891610 1.1476155 1.8679742 2.0748962 2.0748962 1.4476018 1.4313475 3.0154687 1.1811436 1.5827302 1.5380928 1.4208678 1.4397872 1.9566735 2.3496557 1.6978859 1.8093321 1.2976412 1.8453176 1.8203487 1.1809308 2.1833872 2.1977492 1.7331184 1.3611801 2.5943787 1.6355914 1.3596296 1.8202736 2.4601359 3.0288862 2.5022979 2.0884482 1.8687016 2.0805315 2.3611894 2.8166770 3.5248507 
Cgig_XM_011444349.3                                               1.9048432 1.6309201 0.6869739 0.7882278 1.4390370 0.7411049 1.3660434 1.4593623 0.9413446 1.4657615 1.4957268 0.8856457 0.5590975 0.9073636 1.5248211 1.6145521 1.4128814 1.0660172 1.4684824 1.6628921 0.8656080 1.6399366 1.6156699 1.6182373 1.0047701 1.6554133 1.0942143 1.0000633 1.0317141 1.1423290 0.7859186 1.1161721 0.0000000 0.8154827 0.8640696 1.2806150 1.7272407 2.2352613 1.2595038 1.0698190 1.2538949 1.6790615 1.8287031 1.3336313 1.1812753 1.2361933 2.0118421 1.1065258 1.2146719 1.2373866 1.1428110 1.7036070 1.9930998 1.9930998 1.4852201 1.2826721 2.8647062 1.1591440 1.3076029 1.2103379 1.6404028 1.2272514 1.9189720 2.5380931 1.6916477 1.3826959 1.3493096 1.7289553 1.7418747 1.1143541 1.8958772 2.0088235 1.8076635 1.8795888 2.5354666 2.0790321 1.4029678 2.0868358 2.8761194 2.9498465 2.5787894 2.1718534 1.8144217 2.0507345 2.6520537 2.8642816 5.4292415 
Acagra_model.g13478.t1                                            1.9100586 1.5525170 0.7742169 0.7834098 1.4557985 0.7248480 1.3984383 1.4367489 0.9731299 1.4454199 1.4385025 1.2861536 0.5536078 0.8142408 1.5724866 1.6096873 1.4242203 1.1286857 1.4584279 1.5897800 0.8233089 1.6549139 1.6585837 1.6589184 1.1052855 1.6576999 1.1458184 0.8297311 1.0149713 1.1251912 0.7735585 1.1424083 0.8154827 0.0000000 0.0086649 1.2701048 1.9498417 2.2651838 1.1768923 1.0601538 1.2355157 1.7183597 1.6297584 1.3771688 1.2848920 1.2332502 1.9213170 1.3508734 1.3375611 1.2158690 1.1136485 1.7597023 1.9330816 1.9330816 1.5199324 1.4055961 2.6946066 1.2279824 1.4663587 1.3193204 1.5777892 1.4769516 2.0154840 2.4929075 1.3357593 1.4738136 1.4276018 1.7215238 1.6883540 1.1813696 1.8616532 1.9752908 1.9992453 1.8908954 2.4681411 2.2250859 1.4837369 1.8431047 2.7301986 2.9319198 2.4980816 1.9456276 2.0522244 2.0169556 2.5136424 2.6985227 4.8363786 
Acagra_model.g13478.t1.1.5d3b8755                                 1.9238319 1.5525170 0.8798880 0.8315948 1.4613238 0.7219566 1.4493563 1.4871020 1.1199740 1.5038371 1.4297334 1.2861536 0.4988950 0.8488291 1.6134618 1.6349807 1.4751526 1.1286857 1.4935583 1.6322220 0.8233089 1.7087326 1.7134134 1.7137661 1.1797763 1.7094808 1.1749054 0.8297311 1.0601061 1.1811370 0.7735585 1.1565325 0.8640696 0.0086649 0.0000000 1.2701048 1.9498417 2.2691908 1.1768923 1.0601538 1.1887610 1.7183597 1.6297584 1.3231544 1.1208862 1.1902282 1.9149390 1.1482013 1.2602873 1.1593211 1.0364381 1.7471676 1.9293482 1.9293482 1.5199324 1.4055961 2.7567274 1.1431056 1.3548602 1.2169417 1.5777892 1.4769516 2.0154840 2.4849026 1.3357593 1.3719151 1.3655415 1.7228971 1.7066838 1.1903488 1.8988339 2.0386306 2.0028738 1.8490736 2.4876853 2.1533367 1.4837369 1.8431047 2.6455282 2.9715835 2.4927963 1.9456276 2.0487701 2.0169556 2.5276753 2.6985227 4.5870751 
Stycar_maker-SC_scaffold104645-augustus-gene-0.5-mRNA-1           0.0000010 0.0000010 1.1594567 1.1775261 1.1832654 0.0000010 1.2415588 2.5067569 1.2309534 1.2961642 1.2638116 0.8376307 0.0000010 1.4553126 1.4526918 1.2636129 1.2977396 0.0000010 1.3143124 1.2021589 0.0000010 1.2466721 1.2469316 1.2469316 1.2734203 1.2293016 1.2293016 0.9977417 1.4982471 1.7508736 0.0000010 1.8954980 1.2806150 1.2701048 1.2701048 0.0000000 0.0000010 0.8532665 0.7127866 0.0000010 0.9834952 5.0785376 0.0000010 0.8097216 1.1674136 1.3010367 1.3010367 1.7842233 1.7018311 1.5810080 1.5810080 1.7411287 1.5488722 1.5488722 0.0000010 0.0000010 2.5009177 1.5519813 1.5519813 1.7554714 2.6309939 9.0000000 0.0000010 0.0000010 0.0000010 1.5989703 2.1030410 1.2531627 1.0233377 1.0233377 1.5872313 1.2898283 1.2163351 1.3490812 1.5951668 3.9804779 0.0000010 0.0000010 3.2745379 4.7379265 3.4353588 0.0000010 3.2266350 2.6269428 2.6229946 0.0000010 8.6215573 
Spolac_c93064_g1_i1_m.8448c5548-g1                                1.9188097 1.5501086 0.0000010 0.0000010 1.8930238 2.7007632 1.9028475 1.8789564 0.0000010 1.9408290 1.8415790 0.0000010 0.0000010 0.0000010 2.0473490 2.1693158 2.3107256 2.0409085 1.9684339 1.8204976 0.0000010 1.6594526 1.6338351 1.6338351 0.0000010 1.7179009 1.5724900 1.5461673 1.8022320 1.8876479 0.0000010 1.8019451 1.7272407 1.9498417 1.9498417 0.0000010 0.0000000 0.1848990 0.0000010 0.0000010 0.0000010 1.5272014 0.0000010 1.7529445 0.0000010 0.0000010 1.7391692 0.0000010 0.0000010 0.0000010 0.0000010 1.6404800 1.6722378 1.6722378 4.1372276 2.1621418 2.8525933 0.0000010 0.0000010 0.0000010 1.7541867 1.7877386 1.7237366 1.7436120 3.7099603 0.0000010 0.0000010 1.6274622 1.7607276 1.7535198 2.1516794 2.1499677 5.3741377 0.0000010 1.5730703 0.7391123 1.3929390 2.0420576 0.0000010 2.4837321 2.3461582 0.0000010 0.0000010 2.3392726 1.8979426 1.9148279 2.8976324 
Emue_Em0003g192a.t1                                               2.7609463 2.0198286 1.4073392 1.3884347 2.1827666 1.9658840 2.2637415 2.3378402 1.5563756 2.2451940 2.2602831 1.2162628 0.8810583 1.6265328 2.3979979 2.4723387 2.2817144 1.8876298 2.1938178 2.3070702 1.9629418 2.3843855 2.3420529 2.3407260 1.5123590 2.3994879 1.6674808 1.4629648 2.1605333 2.2187878 1.8037964 2.4943491 2.2352613 2.2651838 2.2691908 0.8532665 0.1848990 0.0000000 0.1494777 0.1284365 1.2283531 1.0734058 0.6782191 0.8883812 1.6216442 1.6169797 2.4659187 1.7722813 1.6442814 1.7315237 1.5152592 2.1565058 2.4534069 2.4534069 2.8491802 2.4369506 3.7160866 1.6005622 1.8101945 1.6206709 1.9653419 2.2653080 2.2776535 2.7864526 2.1325839 1.6549992 1.8010207 2.0913134 2.0810120 1.5837457 2.6130413 2.7475696 1.3626245 1.3633124 2.0313692 1.4751620 1.5700095 2.2387105 3.8781289 3.6754354 2.8807572 2.9117436 2.2251384 2.3894491 3.1482596 2.9630737 4.5949310 
Spolac_c95890_g1_i1_m.12197c95890-g1                              0.0000010 0.0000010 1.0066224 1.1191759 1.1718011 1.4651868 1.1117895 1.4795119 1.1744741 1.2053643 1.2889628 1.1182012 0.0000010 1.4178903 1.2458960 1.2631136 1.2938077 0.0000010 1.1856851 1.1678915 1.8389731 1.2885054 1.2840960 1.2840960 1.3026813 1.2656463 1.2656463 2.3034676 1.2184816 1.5007311 2.3345057 1.4912498 1.2595038 1.1768923 1.1768923 0.7127866 0.0000010 0.1494777 0.0000000 2.4270820 1.0832770 0.7445424 0.6946741 0.8052230 1.1358566 1.5555635 1.5449430 1.2455292 1.4156147 1.4889123 1.4889123 1.4643477 1.4254534 1.4254534 0.0000010 0.0000010 1.6398830 1.5399218 1.6482911 1.4071601 2.3387021 2.8880629 0.0000010 0.0000010 0.0000010 1.3657875 1.7413008 1.0976147 1.0660280 1.0576441 1.4757854 1.1183124 1.2246273 1.2987136 1.2967751 3.0957843 0.0000010 3.0524586 3.1720156 3.0819003 2.8679620 3.4987964 2.1059776 2.3758706 3.4962301 0.0000010 8.9999981 
Spolac_c111434_g1_i1_m.45872c111434-g1                            0.0000010 0.0000010 0.0000010 0.9228049 0.8891481 0.8524526 0.8498050 0.8524526 0.0000010 0.8039597 0.8558870 0.0000010 0.8064027 1.0226802 0.9525882 1.0509971 1.0334933 0.0000010 0.9148507 0.9449720 1.2796240 0.9659758 1.0017742 1.0017742 1.6341612 0.9846404 1.9619974 1.4979212 0.9597017 0.8490635 0.9456195 0.9858912 1.0698190 1.0601538 1.0601538 0.0000010 0.0000010 0.1284365 2.4270820 0.0000000 0.8251550 0.7576829 0.0000010 0.6943796 0.0000010 0.9280343 0.8783408 0.0000010 0.0000010 1.0495001 0.8690592 1.0003683 1.0578501 1.0578501 1.2612160 1.1397426 0.9932441 1.0335705 0.0000010 3.3662334 6.2684558 0.0000010 0.0000010 0.0000010 0.8552346 0.0000010 1.1208612 1.3671741 1.1830633 1.1830633 1.2904236 0.0000010 1.3557133 0.0000010 1.3315749 1.2728548 0.0000010 0.0000010 0.0000010 1.7632180 1.7637203 1.7699230 0.0000010 1.6314983 2.9043147 0.0000010 0.4569195 
Plespi_Pspi_C609022_01                                            0.4310093 0.0000010 1.3217852 1.3304730 1.2428992 1.2802691 1.2880312 1.4094736 1.5797965 1.3739070 1.4299314 1.1041913 0.8631030 1.5159806 1.3385520 1.3759343 1.3848031 0.0000010 1.2992357 1.3607153 1.3950178 1.4260545 1.4320995 1.4320995 1.4633535 1.4207309 1.4802655 2.1479222 1.2429986 1.4830025 1.4683894 1.3857522 1.2538949 1.2355157 1.1887610 0.9834952 0.0000010 1.2283531 1.0832770 0.8251550 0.0000000 1.1790960 1.4129827 1.1033613 1.3210120 1.4975530 1.4679118 1.7375129 1.6535270 1.5147742 1.4908868 1.5342380 1.4871114 1.4871114 1.5744008 1.4987976 1.3435613 1.4371861 1.7400980 1.6045802 3.4742556 2.8476808 0.0000010 0.2267067 1.2993833 2.0102564 1.8050682 1.4553389 1.4004704 1.4593911 1.6213053 1.4634016 1.6439282 1.7146767 1.4733110 3.4046288 0.0000010 3.0524586 3.7962357 2.8871682 2.5344875 2.2647885 2.3868261 1.7646435 3.1906725 0.0000010 6.0782765 
Stycar_maker-SC_scaffold140852-augustus-gene-0.96-mRNA-1          1.2337157 1.5407743 1.6609774 1.6144924 1.6010946 1.6684530 1.5093161 1.5975850 1.9079612 1.6359024 1.5412646 0.0000010 0.9826359 1.5822993 1.5981005 1.7415569 1.7452110 1.3136997 1.5283480 1.5241529 1.2646414 1.8859258 1.8558226 1.8558226 1.6302032 1.9081877 1.8715599 1.9126854 1.6808289 1.8796312 1.9499304 1.6045285 1.6790615 1.7183597 1.7183597 5.0785376 1.5272014 1.0734058 0.7445424 0.7576829 1.1790960 0.0000000 0.0236907 0.7226325 6.1574889 1.7312454 1.7896633 3.5646430 2.3645825 1.9171919 1.7939581 1.8295671 1.8448462 1.8448462 2.2637862 2.0773177 2.1295759 1.8293669 2.6078609 2.1956164 2.3375259 2.4033120 1.3451664 2.4754070 1.9368259 3.4493062 2.0467182 1.8603843 1.9023059 2.0550778 1.9222886 1.5842055 1.2523527 1.2115419 1.5263638 1.7676584 1.6873714 2.9871109 5.1466701 2.8452018 3.1091143 2.4848233 3.6151401 2.4255094 3.5933912 0.3816928 5.2617302 
