79
Lcom_lcpid121658                                      0.0000000 1.6574649 2.1113660 1.1376383 2.2775257 3.2757436 3.9540025 3.4466138 3.8111229 3.2234501 3.2688534 3.4300481 3.7560581 3.1891805 3.4957590 3.7828354 3.3957961 3.8373949 3.0318226 3.0703521 2.9925822 2.9815686 3.4883377 2.7227207 3.4633624 3.5126733 2.7672675 3.0427972 3.1380957 2.9775153 3.3799636 3.1651090 3.2206727 3.6011447 3.4160231 3.0515428 3.2265944 3.1021185 3.8445946 4.1722056 3.3587958 2.9243517 3.0154511 3.7544577 2.6742915 3.9633082 0.0000010 4.0203188 3.9640428 3.9774978 7.6707726 3.2274445 3.4185118 3.7562197 3.5828628 2.8087356 3.4222442 3.5858526 3.5705339 3.4282466 3.8947590 3.1647865 3.2315593 2.7541009 3.7969684 2.8676441 2.9635449 3.3566952 3.3566952 3.5923654 3.3389970 3.1013800 3.3342312 2.8973687 3.8682690 3.5666833 4.3501613 4.2317236 4.4504225 
Leuniv_Lniv_scaffold19506_01                          1.6574649 0.0000000 1.1575722 1.1621540 1.2968809 4.1449769 3.2513675 1.7759647 2.8058079 2.7599970 2.7674315 3.1446245 2.7855212 3.3530866 2.5695121 2.8804944 2.8127971 2.6080570 2.5375569 2.6635337 2.7707542 2.5955573 2.8845252 2.9398763 2.9457524 2.8183095 2.8617321 2.7671551 2.8954210 2.7413977 2.7548422 2.7834989 3.0618939 2.9601146 3.2714608 3.2217173 3.2287016 3.4071399 3.1510258 3.8320871 2.4052317 3.5638896 2.8188549 1.6748014 2.9713950 2.4002874 2.0859291 3.0289355 2.9393863 3.3079325 4.3041010 3.3026995 3.5215470 3.5733553 3.2109914 3.1521425 3.2574079 4.7231687 3.1216540 2.9760383 3.0374140 3.0087885 3.2766655 3.9694604 3.7113158 3.1850962 3.1681051 3.3899738 3.3899738 3.7634207 3.4097081 3.0269708 3.7032474 3.6722311 3.1617955 2.9786819 3.2689369 3.2308584 3.9747143 
Scil_scict025639.1                                    2.1113660 1.1575722 0.0000000 1.3558771 1.3814966 4.1240619 2.5671814 2.6789221 3.9166829 3.2894278 3.5374154 3.7742936 3.3460746 3.4016753 0.0000010 3.1227450 2.8849647 3.5820207 0.0000010 3.2232622 3.3786890 3.1080580 3.2464483 3.5183664 3.6753217 3.0214525 3.1801441 3.1953390 3.4211471 3.4253801 3.3883083 3.3391464 3.3391464 3.3943691 3.2877662 3.1378624 3.2607878 3.4267103 3.1412535 4.6409975 2.6562587 4.8670596 4.1710596 1.9766704 2.7230815 3.3127679 0.0000010 4.7358794 4.4224472 3.3830474 9.0000000 3.3623347 4.5679375 5.1014477 4.8984662 3.7285326 3.9364303 4.3346260 3.4343236 2.7389560 3.7437555 3.6644453 4.1558278 3.9898222 3.6478917 3.7022700 3.7426877 3.4586710 3.4586710 3.4847293 3.4200811 4.2623622 4.1128347 3.4089366 3.6822152 3.7491168 3.3626093 3.4566170 3.6145157 
Lcom_lcpid67968                                       1.1376383 1.1621540 1.3558771 0.0000000 1.5455125 4.8398462 3.3632024 2.3454085 3.2048523 2.9232525 3.2758430 3.6089190 3.0673317 3.6325208 2.4967328 3.6049833 3.1360680 2.9657980 3.8152677 3.3890984 2.9960538 2.8077248 3.3079063 3.0158510 3.2813855 2.6956325 3.2984228 3.2946620 3.2474473 2.9781264 3.1463923 3.1457687 3.5552929 3.0315020 3.4348662 3.3799938 3.4764404 3.3389085 3.1382056 3.8172752 3.0606308 3.2091514 3.3908241 1.5245850 3.1564725 3.0660681 1.8119552 3.2927491 3.3148343 3.5391352 4.0101197 3.4006120 3.7065255 3.5249487 3.0876312 3.3504243 3.2492232 4.7339014 3.3534227 3.0527609 3.2127527 2.8935664 2.8644113 2.8054722 2.9438155 3.1662804 3.1496746 3.1662357 3.1662357 3.2086963 3.1220150 3.3703923 3.0846231 4.2902150 3.8530091 3.2918130 3.6717680 3.4865646 4.7243167 
Gracom_Gcom_C552194_01                                2.2775257 1.2968809 1.3814966 1.5455125 0.0000000 3.6201063 2.5895279 2.4718494 3.0416538 2.9662138 3.1095031 3.5150546 3.0291806 4.0075175 2.0412092 3.0373228 3.1333060 2.7841306 3.3450325 2.9636264 2.9134029 3.0932525 2.7251137 3.1175772 2.7991508 2.6578099 2.7141548 2.6841259 2.7588981 2.6538193 2.6317646 2.6520140 3.0506962 3.1383445 3.1042235 2.8540882 2.9757699 3.2141489 2.8955326 3.0006491 2.7044233 3.0345077 3.0212108 1.4181004 2.5933028 2.9049834 2.2179413 3.2838335 2.7587407 3.0793560 3.5135344 2.9824234 3.6385174 3.6132153 3.3518145 3.6919761 3.1976602 4.0909712 3.1508292 3.3421544 3.0761003 2.9533315 3.2638300 4.1179646 3.7934116 3.2989552 3.2808791 2.9551304 2.9551304 3.2163515 2.9147249 2.8338229 3.1378885 3.8437086 3.1516316 3.0768217 3.2694407 3.3550540 3.5200544 
Cgig_XM_034480054.1                                   3.2757436 4.1449769 4.1240619 4.8398462 3.6201063 0.0000000 1.6763977 0.5630764 3.0035141 3.1726228 3.9610807 4.6050255 3.0876784 3.6338615 0.0000010 1.9794245 1.7193896 1.6909424 0.0000010 2.1214407 1.6818004 2.0104508 1.6251198 1.8357831 2.6304281 2.4846028 1.9100803 2.0498861 2.0456038 1.0090755 2.0526106 2.4134741 2.4134741 1.8235323 2.0978507 2.3887109 2.3467119 2.1252085 2.5297400 2.7818865 3.9090660 3.8626955 3.7810669 2.7384980 1.9492899 2.0488604 0.0000010 3.2244312 3.0468816 2.9675621 3.8570056 8.1857110 2.9271310 3.4131087 4.1297372 9.0000000 3.7581985 3.9243449 2.9139674 3.0021009 3.1220891 3.3392581 3.8545700 5.6309842 4.0113811 3.2730988 3.2730988 3.1538501 3.1538501 3.3194464 2.7720214 2.3902807 3.8674264 2.7332269 4.1491573 4.2566092 3.4147875 3.5143444 3.7976001 
Nvec_v1g208916                                        3.9540025 3.2513675 2.5671814 3.3632024 2.5895279 1.6763977 0.0000000 1.0573332 2.9693656 2.6296841 2.8364458 2.7645543 2.4963208 2.8394365 0.0000010 1.5627597 1.5316086 1.2802358 0.0000010 1.9055760 1.8934790 1.6855082 1.6721235 1.9216738 4.9317968 1.7746142 0.8704773 0.9940654 0.9554808 0.4396545 0.8123036 1.0197777 1.0197777 0.7377655 1.8190269 1.6183550 1.5763377 1.9672097 1.5296380 2.6984044 2.1599981 3.3043147 3.2778760 1.3763206 1.4391798 2.7354844 0.0000010 4.0065836 3.1780408 1.7815038 3.3425234 1.6886128 3.3149093 3.6646956 4.0258803 4.4793464 4.0126849 4.1137381 2.4196295 2.3590995 2.5626699 3.3007921 3.9835712 4.0943445 3.1451113 1.8705668 1.9347864 2.1434051 2.1434051 2.0271019 1.9401428 1.7810025 3.7869507 3.1903808 3.4125951 2.9417697 2.8971941 2.7890810 3.8297256 
Lcom_lcpid179312                                      3.4466138 1.7759647 2.6789221 2.3454085 2.4718494 0.5630764 1.0573332 0.0000000 0.9698172 1.0830604 1.0835800 1.2150228 1.1463470 2.4480730 1.6329769 2.5142560 2.7248119 2.0405232 2.1638635 2.7277823 2.2774548 2.5134612 2.3753068 2.2948900 1.8948333 2.3879012 2.2870883 2.4292854 2.3858599 2.3566433 2.4548130 2.3264513 4.1674746 2.4142125 4.7775172 2.6641668 3.1470869 2.3176525 2.1845187 2.5185617 1.5730994 2.3037148 2.4391259 2.0848754 2.2704761 1.5755086 1.3704418 2.3450499 2.3119119 2.7395541 2.7292813 2.5666818 2.5005969 2.5984267 2.4157519 6.1280849 2.6779617 2.3412658 1.6670799 1.7077978 1.8621752 2.7284713 2.5013199 9.0000000 0.8268154 2.6030383 2.5374433 2.6434505 2.6434505 2.7444344 2.6693741 2.3944578 2.6656279 3.9758008 3.9804012 2.0101646 2.2702993 2.2702993 3.1711531 
Gracom_Gcom_C559168_01                                3.8111229 2.8058079 3.9166829 3.2048523 3.0416538 3.0035141 2.9693656 0.9698172 0.0000000 0.8169628 1.0044409 1.3481365 1.2629581 1.1812927 1.7505633 2.9245781 3.3959605 2.8445915 2.2597980 3.0673451 3.1708580 3.4841422 3.1183773 3.0479440 3.1079685 2.8150967 3.3684390 3.4876693 3.4644355 3.1528959 3.3753467 3.6686878 4.2149077 3.6300416 3.4085223 3.5851680 3.8757433 3.5817387 3.4023523 3.6355102 2.6356928 3.7516438 4.0074563 2.5824748 2.7792022 3.0364629 1.9051071 3.8846320 3.6970054 3.6411887 3.4239969 3.2527570 3.7767405 3.7765686 3.7742103 3.8049365 3.8989777 5.5161538 2.8086782 2.8879932 2.7543169 3.4540801 3.6935654 3.6569945 4.0934650 3.4565007 3.4365008 3.5323412 3.5586753 3.6535507 3.5697498 3.9058585 3.7110102 3.0514632 4.3093490 3.1085433 3.4774523 3.4221298 4.0261085 
Scil_scict024624.1                                    3.2234501 2.7599970 3.2894278 2.9232525 2.9662138 3.1726228 2.6296841 1.0830604 0.8169628 0.0000000 1.0236650 1.3422127 1.4182733 1.1932081 1.6086296 3.2385778 3.5380704 2.9730959 2.1289091 3.1889257 3.4537645 3.5827097 3.1701755 2.8356081 2.8866775 2.9020849 3.4300340 3.5118048 3.6546513 3.2102254 3.3347193 3.5233460 4.1088096 3.4871222 3.3394378 3.6774117 4.0442869 3.8330238 3.2146639 3.8789656 2.4426901 3.8675560 3.5704240 2.3214403 2.8151230 2.9643271 2.1418060 4.1234983 3.3964976 3.8197372 3.3813134 3.6719463 3.8593076 4.0491196 3.8065090 3.9786693 3.5880575 5.2075929 2.6948596 2.7402425 2.6745896 3.2560353 3.4308100 3.8357939 4.1677809 3.6890576 3.6839059 3.6611072 3.6696637 3.8343702 3.6831606 3.5557924 3.9838711 3.3124642 4.3654944 2.7937568 3.4039399 3.4364833 4.0629616 
Lcom_lcpid46101                                       3.2688534 2.7674315 3.5374154 3.2758430 3.1095031 3.9610807 2.8364458 1.0835800 1.0044409 1.0236650 0.0000000 1.4019802 1.3401200 1.1668624 1.6357967 2.8756823 3.4094829 3.0753302 2.0085343 3.0493170 3.3615003 3.1646909 3.3924565 3.1578156 2.9813561 2.8479630 3.3027443 3.5514686 3.3971319 2.9826713 3.4077777 3.4040179 3.9398266 3.2440148 3.3089827 3.8747911 3.9996907 3.7024851 3.2122866 3.6640323 2.5258028 3.6966031 3.4033354 2.3637877 3.0158124 3.0598066 1.8052100 4.3562744 3.4636070 3.5727744 3.9672424 3.3267962 3.7193875 3.9844043 3.8020251 4.0037324 3.8795821 5.0552991 2.7337731 2.5405695 2.7199761 3.5574989 3.7573600 3.9119530 4.0286909 3.8560706 3.8506247 3.8445855 3.8793277 3.8803032 3.5628650 4.1501096 3.4335621 3.4035644 4.0411384 2.9229177 3.7273651 3.6710241 3.6905061 
Scil_scict023421.1                                    3.4300481 3.1446245 3.7742936 3.6089190 3.5150546 4.6050255 2.7645543 1.2150228 1.3481365 1.3422127 1.4019802 0.0000000 1.1210712 1.3659697 1.9753426 3.0346809 3.4775570 3.0875057 1.8199599 3.3422146 3.4328242 3.3486094 3.4192384 2.8404082 3.2461337 3.1743655 3.4892535 3.5383369 3.5176425 3.2791550 3.5611124 3.5637757 3.9433041 3.5373526 3.4059954 3.4985814 3.7253750 3.7163068 3.2312707 3.7007662 2.6540716 3.8598488 3.2600936 2.5496538 3.0206983 3.0303079 1.9873390 4.6568157 3.7368042 3.5140035 3.8821486 3.5251219 3.9853536 3.9380075 4.0077875 4.1087719 4.1225501 5.3942231 2.6415731 2.7076899 2.7700599 3.3413452 3.3087379 3.2680434 3.7664045 3.3888727 3.3752070 3.5601061 3.5897960 3.7246359 3.6840155 3.7875597 3.9467740 3.4664898 4.6725364 3.3261895 3.6428846 3.6576635 4.4278698 
Gracom_Gcom_scaffold13854_01                          3.7560581 2.7855212 3.3460746 3.0673317 3.0291806 3.0876784 2.4963208 1.1463470 1.2629581 1.4182733 1.3401200 1.1210712 0.0000000 1.4867372 1.7737550 2.8531786 2.9881927 2.7959532 1.7242001 2.7518632 3.2122586 3.1711377 3.2050165 2.9504277 2.9291897 2.7230768 3.1411657 3.2852693 3.2006965 2.8905845 3.2144429 3.1652204 3.6602814 2.9704501 3.2823774 3.4011348 3.5690134 3.7200695 2.8166450 3.5628376 2.6161537 3.5983220 3.3778225 2.4043084 2.9181725 2.8415534 1.9734587 4.2299392 3.4720216 3.2372675 3.3268280 3.5432611 3.6212110 3.5955966 3.7414678 4.1986216 3.9177143 5.0310494 2.3844514 2.4186116 2.3537402 2.7771605 2.9866003 3.3103323 3.6207416 3.4540316 3.4629394 3.4355869 3.4949506 3.5260179 3.4179810 3.3152667 3.6798315 3.1383812 4.5433035 2.8775238 3.4962444 3.4597449 4.0907783 
Lcom_lcpid167021                                      3.1891805 3.3530866 3.4016753 3.6325208 4.0075175 3.6338615 2.8394365 2.4480730 1.1812927 1.1932081 1.1668624 1.3659697 1.4867372 0.0000000 0.0000010 2.7153101 3.1169369 2.8149721 0.0000010 2.7865955 2.6312197 2.4428708 2.3946724 2.3979511 5.6648024 2.3516250 2.7899128 2.8023399 2.7266561 2.7380984 3.0865439 3.0713145 3.0713145 3.0880807 2.7941679 2.8973212 3.0056340 2.7650294 2.8526453 3.5928674 2.4173999 4.1930874 3.8697258 3.2502999 2.7404746 3.0329771 0.0000010 4.1023021 3.0838923 2.5329154 4.2400632 3.0831864 3.7871390 4.3022454 3.9257983 4.1242589 4.2683102 4.7194677 2.8131498 2.6007639 2.3957795 3.4546938 3.8194905 3.8191044 4.2871159 3.0489739 3.0693665 3.3612312 3.3612312 3.6787869 3.6385005 3.6088364 3.4044384 2.9246258 3.6773435 3.2699986 3.1416535 3.0185926 5.1315143 
Ctel_gnl_WGS_AMQN_CAPTEDRAFT_mRNA144692               3.4957590 2.5695121 0.0000010 2.4967328 2.0412092 0.0000010 0.0000010 1.6329769 1.7505633 1.6086296 1.6357967 1.9753426 1.7737550 0.0000010 0.0000000 0.9682134 1.0839448 1.1336680 1.3847981 1.4098749 1.3069299 1.0425483 1.3627972 1.0036396 1.3102164 1.8486619 1.3887638 1.3139939 1.4400709 1.4417684 1.4235673 1.2376604 0.1951322 1.1281860 1.9189369 1.0626885 1.3042203 1.6787584 1.2788162 1.5074667 2.1676441 1.9238796 2.5175345 2.7416729 1.7599202 2.1238391 1.8119291 1.9025423 2.2409418 1.7319372 1.8030965 1.3692882 1.2972787 1.7611192 1.8046503 0.0000010 2.2245941 2.6683691 1.6090140 1.5872634 1.9615979 2.8088892 2.5516326 9.0000000 0.0000010 1.8608955 1.7973456 1.4018341 1.4018341 1.9631295 1.5754634 2.0097738 1.9779187 3.8319739 3.4187081 1.7850823 2.3131779 2.3131779 2.2224726 
Cscu_XM_023364976.1                                   3.7828354 2.8804944 3.1227450 3.6049833 3.0373228 1.9794245 1.5627597 2.5142560 2.9245781 3.2385778 2.8756823 3.0346809 2.8531786 2.7153101 0.9682134 0.0000000 1.3267224 1.2987326 1.2797139 1.5106598 1.3408332 1.5032996 1.4102107 1.7127810 1.7305086 2.4380082 1.7420671 1.7040987 1.7697429 1.6879193 1.7850271 1.7961691 1.9004297 1.6728794 1.7820823 1.9582266 2.1058128 2.0370029 1.8734793 2.2506593 2.2100505 2.9950879 3.2059328 2.0898476 1.8199462 2.0367172 2.4041229 3.2376578 3.2812669 2.5882477 3.2356871 2.5763597 2.6941478 2.7385407 3.0903585 2.6302086 3.0785435 3.2214180 2.6346897 2.6671113 2.7695413 3.0446308 2.9533049 3.6616989 3.0189761 2.5927928 2.5856448 2.7891278 2.7891278 2.5969228 2.7531485 2.6706069 2.8052569 3.0699649 4.5446719 2.6368159 2.3829411 2.3780603 4.0823254 
Bralan_BLAG07001384_1                                 3.3957961 2.8127971 2.8849647 3.1360680 3.1333060 1.7193896 1.5316086 2.7248119 3.3959605 3.5380704 3.4094829 3.4775570 2.9881927 3.1169369 1.0839448 1.3267224 0.0000000 1.1242089 1.1572925 1.4765472 1.1934007 1.2186545 1.4424017 1.7678944 1.9763993 2.4076213 1.8673550 1.9279931 1.9268589 1.4997611 1.9124057 1.8834382 1.8581275 1.8311927 1.5905564 2.1278843 2.2270712 2.3357695 1.8892440 2.4965635 2.5384871 2.6963247 2.9627381 2.2210655 1.8694196 2.1790449 2.1347811 3.3173657 3.2169151 2.7528480 3.6468114 2.5189372 2.8895206 2.9496049 3.0640528 3.3285454 3.3312132 3.5653042 2.8037226 2.8093923 2.8663612 2.7878960 2.8188571 2.9211653 2.8124278 2.8939016 2.8950867 3.2346413 3.2533469 3.0684988 2.9760024 2.9261056 2.9397194 3.3279579 4.1273645 2.8394586 2.7196303 2.7219258 4.1319322 
Skow_XM_006818791.1                                   3.8373949 2.6080570 3.5820207 2.9657980 2.7841306 1.6909424 1.2802358 2.0405232 2.8445915 2.9730959 3.0753302 3.0875057 2.7959532 2.8149721 1.1336680 1.2987326 1.1242089 0.0000000 1.1504129 1.2503337 1.1006239 1.3785385 1.3484454 1.7292973 1.8714410 2.2471258 1.6803859 1.7641488 1.7387493 1.4755563 1.6903483 1.6883384 1.8004752 1.6574737 1.4766868 1.8995223 2.1143052 2.0486336 1.7706113 1.9107228 2.3050048 2.5252080 2.8166865 1.8812721 2.0188691 2.0540581 2.1748313 2.9839204 2.7451070 2.3392640 2.9228235 2.2255755 2.7001744 2.7234739 2.7000690 3.0227578 3.0680130 3.3442065 2.2094330 2.1236196 2.2540124 2.9771496 2.8940285 3.7775488 2.6453390 2.6806581 2.6599276 2.8212105 2.8285152 2.7919998 2.6654869 2.6671319 2.8138208 2.7052137 3.5438369 2.5143431 2.5927643 2.5563294 3.6730532 
Dpul_mRNA25431                                        3.0318226 2.5375569 0.0000010 3.8152677 3.3450325 0.0000010 0.0000010 2.1638635 2.2597980 2.1289091 2.0085343 1.8199599 1.7242001 0.0000010 1.3847981 1.2797139 1.1572925 1.1504129 0.0000000 0.0761247 1.1655943 1.4547581 1.3923800 1.3260246 1.9627561 1.5855809 1.6629921 1.9391208 1.7680689 1.9134649 1.8635772 1.7239039 1.5427488 1.6791192 6.9166892 1.8612948 2.3967133 2.2237520 1.5852933 2.3898627 1.6550177 2.6943195 2.7572463 2.7205826 1.8386734 1.6569137 2.6560929 2.4363324 2.5796825 2.1264744 2.1264744 1.7459439 2.6136749 2.7603054 3.5457889 0.0000010 2.9760142 0.0000010 2.0951769 2.1041157 2.3402615 2.6911125 2.5507273 9.0000000 0.0000010 1.7303370 1.8026151 2.0989178 2.0989178 2.0197731 1.9966722 1.6441582 2.2103259 3.2672265 4.5924119 2.8930666 2.0302292 2.0302292 2.7707613 
Dpul_mRNA29875                                        3.0703521 2.6635337 3.2232622 3.3890984 2.9636264 2.1214407 1.9055760 2.7277823 3.0673451 3.1889257 3.0493170 3.3422146 2.7518632 2.7865955 1.4098749 1.5106598 1.4765472 1.2503337 0.0761247 0.0000000 1.4495884 1.7059459 1.4701217 1.9756124 1.9621302 2.1691904 1.7853724 1.8216492 1.8404551 1.6194748 1.7873354 1.8570248 1.8990181 1.9067613 1.6446537 2.1430005 2.1941824 2.4580572 2.1694519 2.5209371 2.3924977 3.0548133 3.6138993 2.3892336 2.0543967 2.2817137 2.8109094 3.4922183 3.5956533 2.7124169 3.3163125 2.5728564 2.8834284 3.0043004 3.2500263 2.8950683 3.2121873 3.0044009 2.7075877 2.7332246 2.9623196 3.2601403 3.2566088 4.3267427 3.2811785 2.9475965 2.9864185 3.0372173 3.0623010 3.1088150 3.0194169 2.8986026 3.3831549 3.1020094 4.3795954 2.7598679 2.4080288 2.3521632 3.9387195 
Spur_XM_030993395.1                                   2.9925822 2.7707542 3.3786890 2.9960538 2.9134029 1.6818004 1.8934790 2.2774548 3.1708580 3.4537645 3.3615003 3.4328242 3.2122586 2.6312197 1.3069299 1.3408332 1.1934007 1.1006239 1.1655943 1.4495884 0.0000000 1.4812325 1.3495142 1.8584365 1.8643190 2.2042527 2.1261921 2.2523587 2.2487301 1.9097902 2.2549044 2.3649649 2.4342970 2.0923066 1.9679566 2.1030684 2.3803460 2.3475091 2.0101362 2.6226428 2.2575758 2.8256340 3.1738400 1.9127570 1.9989034 2.2738954 1.8339853 3.0812626 3.1257697 2.6536981 3.4717407 2.5297957 2.8241187 2.8837228 2.8075379 3.1135838 3.1482492 3.0994181 2.3463259 2.4008637 2.5406484 2.9919135 3.0656340 3.0398023 3.2178062 3.1472030 3.1485776 3.3087737 3.3450050 3.1593219 3.0422917 3.1024774 2.7926671 3.2061887 3.6973371 2.4985695 2.4794191 2.4632940 4.1136948 
Hsap_ENST00000237281                                  2.9815686 2.5955573 3.1080580 2.8077248 3.0932525 2.0104508 1.6855082 2.5134612 3.4841422 3.5827097 3.1646909 3.3486094 3.1711377 2.4428708 1.0425483 1.5032996 1.2186545 1.3785385 1.4547581 1.7059459 1.4812325 0.0000000 1.6932662 1.2947671 1.8644107 2.2921752 2.0003107 1.9843483 2.0027883 1.6167086 2.0178003 1.9338681 1.9692105 1.7773577 1.7170924 2.1876991 2.3031387 2.3014641 2.1102377 2.6340221 2.5131182 2.7049605 3.1763026 2.5146986 2.0214608 2.3728785 2.1497627 3.3003949 2.9226343 2.6396180 3.4757265 2.7986458 2.7813636 3.0964950 3.2328581 3.4253068 3.4403002 3.5647978 2.3504003 2.4258591 2.3007853 3.1488614 3.0185377 3.3769155 2.9057140 2.7968566 2.7979744 2.9409467 2.9605001 2.9667956 2.8899713 2.9411403 3.1035588 2.7651889 3.8859818 2.4188204 2.3931694 2.3615253 3.5381350 
Acagra_model.g1345.t1                                 3.4883377 2.8845252 3.2464483 3.3079063 2.7251137 1.6251198 1.6721235 2.3753068 3.1183773 3.1701755 3.3924565 3.4192384 3.2050165 2.3946724 1.3627972 1.4102107 1.4424017 1.3484454 1.3923800 1.4701217 1.3495142 1.6932662 0.0000000 2.0548253 1.6533561 2.2036693 1.8835729 1.9923226 1.9247707 1.7536598 1.8515083 1.9774320 2.1030615 2.1740497 1.9477501 2.2621302 2.4515333 2.4022338 2.1765996 2.5000025 2.5513034 3.0421600 3.2584872 2.1794705 2.0713862 2.2696089 2.1693365 3.2273520 3.6604498 2.8565970 3.7553139 2.4950593 2.7201294 3.1565182 3.1563800 3.7300104 3.4771550 4.3209719 2.7663106 2.7810349 2.8924831 3.3165852 2.9649206 2.7023946 2.5059372 3.0583246 3.0751034 3.1113201 3.1150594 3.0030545 2.9077141 2.9485322 3.0896880 3.1553081 4.0651975 3.0245164 2.8472282 2.7624973 4.3156033 
Hsap_ENST00000338040                                  2.7227207 2.9398763 3.5183664 3.0158510 3.1175772 1.8357831 1.9216738 2.2948900 3.0479440 2.8356081 3.1578156 2.8404082 2.9504277 2.3979511 1.0036396 1.7127810 1.7678944 1.7292973 1.3260246 1.9756124 1.8584365 1.2947671 2.0548253 0.0000000 2.2252627 2.4675966 2.2856680 2.3445996 2.4277599 1.9362534 2.3545084 2.3365029 2.4910423 2.0747554 1.7485819 2.2797076 2.4301160 2.4392435 2.2429970 2.7636406 2.2648437 2.3869357 2.8630265 2.5608037 2.1381986 2.4998776 2.1042097 3.1807416 2.9844122 2.7046151 3.3835580 2.6416074 2.6625309 2.7226232 2.6446528 2.9131377 3.1065693 3.3065575 2.3581094 2.1955848 2.3054998 2.7103440 2.8420046 3.0381373 2.4785143 2.9127324 2.8896032 3.0969506 3.0827231 3.1412280 3.1324657 2.6259339 2.9787528 3.1780744 3.8973920 2.4258169 2.7137340 2.6571591 3.5536620 
Cgig_XM_011422340.3                                   3.4633624 2.9457524 3.6753217 3.2813855 2.7991508 2.6304281 4.9317968 1.8948333 3.1079685 2.8866775 2.9813561 3.2461337 2.9291897 5.6648024 1.3102164 1.7305086 1.9763993 1.8714410 1.9627561 1.9621302 1.8643190 1.8644107 1.6533561 2.2252627 0.0000000 2.6273675 2.2427594 2.2944223 2.2892267 1.9690368 2.1356429 2.2507617 2.5135094 2.1850446 2.4120894 2.3316610 2.7418411 2.6190422 2.1191011 2.2505454 2.4261759 3.1126393 3.5362528 2.1053034 2.4530547 2.1208410 2.2578198 3.5230353 3.5353269 2.9122424 2.9434645 2.7455692 2.8984263 2.9727875 3.0312618 3.3790213 3.2525847 4.5923980 2.6276770 2.4404486 2.9891183 3.4307885 2.9857478 3.2347821 3.9615096 3.2654266 3.2756912 3.1938654 3.2378816 3.1057207 3.0575358 3.0815393 3.1102446 3.7165171 4.7564606 2.6128686 2.9144500 2.7265789 3.3055181 
Opea_EP00118_Oscarella_pearsei_P010003                3.5126733 2.8183095 3.0214525 2.6956325 2.6578099 2.4846028 1.7746142 2.3879012 2.8150967 2.9020849 2.8479630 3.1743655 2.7230768 2.3516250 1.8486619 2.4380082 2.4076213 2.2471258 1.5855809 2.1691904 2.2042527 2.2921752 2.2036693 2.4675966 2.6273675 0.0000000 1.9821434 2.0904223 1.9864028 1.9802729 2.0762327 1.9548935 2.0866897 2.1567806 2.7328150 2.1452164 2.2857915 2.5741747 2.4468100 2.6664306 1.8594611 2.7316751 2.6518850 2.1568950 2.3675914 1.7965679 2.5463577 3.1098441 3.4007374 2.1654119 2.4112081 2.4190775 2.8220869 3.0328659 3.3876874 3.0361063 3.3179029 3.7509305 2.3444807 2.1731273 2.2324177 2.8688576 2.7409962 2.3517123 2.3336233 2.8225348 2.8595124 2.7440175 2.7440175 2.8624464 2.7127957 2.8299670 2.6981471 3.4347253 3.8741321 2.5706727 2.4616011 2.4947535 3.3359760 
Spis_XP_022792622_1                                   2.7672675 2.8617321 3.1801441 3.2984228 2.7141548 1.9100803 0.8704773 2.2870883 3.3684390 3.4300340 3.3027443 3.4892535 3.1411657 2.7899128 1.3887638 1.7420671 1.8673550 1.6803859 1.6629921 1.7853724 2.1261921 2.0003107 1.8835729 2.2856680 2.2427594 1.9821434 0.0000000 0.1108516 0.2851137 0.2197404 0.3260822 0.3939548 0.3918583 0.8872377 1.3209730 1.4551832 1.7434519 1.6138581 1.3374170 1.7295106 2.2611224 2.4326869 2.9432206 1.9008499 1.5627260 2.1748129 2.7260052 3.3986384 3.2378868 2.2281330 2.6294645 1.8778319 2.9531241 2.8199645 2.9895810 3.1755669 3.1105323 4.3402213 2.3543671 2.3494556 2.4122177 3.2231542 3.0312020 3.1923873 2.8913541 2.6698330 2.6851175 2.7774304 2.7915046 2.6356165 2.6044628 3.0248382 3.1604132 3.0633841 4.2517699 2.3998367 2.6687567 2.6882857 3.4822050 
Pocdam_XM_027182177.1                                 3.0427972 2.7671551 3.1953390 3.2946620 2.6841259 2.0498861 0.9940654 2.4292854 3.4876693 3.5118048 3.5514686 3.5383369 3.2852693 2.8023399 1.3139939 1.7040987 1.9279931 1.7641488 1.9391208 1.8216492 2.2523587 1.9843483 1.9923226 2.3445996 2.2944223 2.0904223 0.1108516 0.0000000 0.3011750 0.2458445 0.3602368 0.4484191 0.4342459 0.9280688 1.3532036 1.5739562 1.8484544 1.7028564 1.3903857 1.8026938 2.3163425 2.4192054 2.9317735 1.8914296 1.6024648 2.1790420 2.4826980 3.4120113 3.1564744 2.2907565 2.7218784 1.9699365 2.8640453 2.7733759 2.8918364 3.1647330 3.0382928 4.2060394 2.3405675 2.3327105 2.3875745 3.2756420 3.1518747 3.4055202 2.8944151 2.7494455 2.7652175 2.9197714 2.9345760 2.7683163 2.7816135 3.0205233 3.0861703 3.1885000 3.9450346 2.4521497 2.6993648 2.7190972 3.2246380 
Fspp_ffun1.m4.33657.m1                                3.1380957 2.8954210 3.4211471 3.2474473 2.7588981 2.0456038 0.9554808 2.3858599 3.4644355 3.6546513 3.3971319 3.5176425 3.2006965 2.7266561 1.4400709 1.7697429 1.9268589 1.7387493 1.7680689 1.8404551 2.2487301 2.0027883 1.9247707 2.4277599 2.2892267 1.9864028 0.2851137 0.3011750 0.0000000 0.2042900 0.3017456 0.3869415 0.3804288 0.9475609 1.3414064 1.5801464 1.7145124 1.6662310 1.3529164 1.7539853 2.2202245 2.4884332 2.9661550 2.0183791 1.5249475 2.2289202 2.2949293 3.7509824 3.3854751 2.2661104 2.5499337 1.9715458 2.9669731 2.9064928 3.0627232 3.0500015 3.0994010 4.3752539 2.5454864 2.5038577 2.5039372 3.2438108 3.1657462 3.3572935 2.9622163 2.7386190 2.7542882 2.8877420 2.9022984 2.6699997 2.6672365 2.9646098 3.0754838 3.3101624 4.0024923 2.5363283 2.7855959 2.7478191 3.7812876 
Gasp_gasp1.m3.22675.m1                                2.9775153 2.7413977 3.4253801 2.9781264 2.6538193 1.0090755 0.4396545 2.3566433 3.1528959 3.2102254 2.9826713 3.2791550 2.8905845 2.7380984 1.4417684 1.6879193 1.4997611 1.4755563 1.9134649 1.6194748 1.9097902 1.6167086 1.7536598 1.9362534 1.9690368 1.9802729 0.2197404 0.2458445 0.2042900 0.0000000 0.2314105 0.2843998 0.2624267 0.7523700 1.1450975 1.2878651 1.3680040 1.3986209 1.2865762 1.4498547 2.1805271 2.3940841 2.9565030 1.8979927 1.3892768 2.1568717 2.7489678 3.1951707 3.1060858 2.1581129 2.3803115 1.8334219 2.6387357 2.6466340 2.8091952 2.9991888 2.9333522 4.2540436 2.3206957 2.3397879 2.4633962 3.1535121 3.0754163 3.1457349 2.4737472 2.4769016 2.4779997 2.4391471 2.4391471 2.3967130 2.3880687 2.9771774 2.9576388 2.9707072 3.9904344 2.2822462 2.5546134 2.5571522 3.4196374 
Gfas_gfas1.m1.21745.m1                                3.3799636 2.7548422 3.3883083 3.1463923 2.6317646 2.0526106 0.8123036 2.4548130 3.3753467 3.3347193 3.4077777 3.5611124 3.2144429 3.0865439 1.4235673 1.7850271 1.9124057 1.6903483 1.8635772 1.7873354 2.2549044 2.0178003 1.8515083 2.3545084 2.1356429 2.0762327 0.3260822 0.3602368 0.3017456 0.2314105 0.0000000 0.3445344 0.3268742 0.9031860 1.2412675 1.4802326 1.6258407 1.6004209 1.4180713 1.7600561 2.3804002 2.4469044 2.9484973 1.9511675 1.6123367 2.2009594 2.6921181 3.7033922 3.1100879 2.3159816 2.5937723 2.0334273 2.9240721 2.9058120 3.1002256 2.9899482 2.9885989 4.2431991 2.5065117 2.5657146 2.5703695 2.9749813 2.8432975 3.0923432 2.5547021 2.8098662 2.8262086 2.8852769 2.8999019 2.6929419 2.6610575 2.9459586 3.1244114 3.0221372 3.8293650 2.3442756 2.7281995 2.7277486 3.5559365 
Adig_XM_015911590.1                                   3.1651090 2.7834989 3.3391464 3.1457687 2.6520140 2.4134741 1.0197777 2.3264513 3.6686878 3.5233460 3.4040179 3.5637757 3.1652204 3.0713145 1.2376604 1.7961691 1.8834382 1.6883384 1.7239039 1.8570248 2.3649649 1.9338681 1.9774320 2.3365029 2.2507617 1.9548935 0.3939548 0.4484191 0.3869415 0.2843998 0.3445344 0.0000000 0.0051960 0.9006427 1.3225073 1.4785274 1.7011633 1.7079933 1.3993459 1.8199295 2.3379436 2.5298422 3.1568102 1.9816159 1.6225549 2.2462225 2.3350494 3.7485016 3.5429414 2.3520660 2.6599273 2.0407695 2.7449461 2.7850494 2.9936890 3.1004541 2.9717974 4.0794656 2.4550069 2.5380670 2.4471606 3.2299520 3.0527880 3.1265003 2.7905938 2.6477166 2.6629745 2.6934462 2.7100856 2.7063526 2.5677258 3.0393060 3.0792206 3.3850423 4.0950999 2.4404089 2.6655290 2.6487220 3.6349563 
Amil_Amillepora10339-RA                               3.2206727 3.0618939 3.3391464 3.5552929 3.0506962 2.4134741 1.0197777 4.1674746 4.2149077 4.1088096 3.9398266 3.9433041 3.6602814 3.0713145 0.1951322 1.9004297 1.8581275 1.8004752 1.5427488 1.8990181 2.4342970 1.9692105 2.1030615 2.4910423 2.5135094 2.0866897 0.3918583 0.4342459 0.3804288 0.2624267 0.3268742 0.0051960 0.0000000 0.8349342 1.2886154 1.4552903 1.5941814 1.5491825 1.4200869 1.9663896 2.5033644 2.9495929 3.5240455 1.8164575 1.5537414 2.4056828 0.0000010 4.4938275 4.2641075 2.3476567 2.9787569 1.9876045 3.1709224 3.0898087 3.3064343 3.1004541 3.3283459 3.9922812 2.7669908 3.0281311 2.6300224 3.5115447 3.3196632 2.9642612 2.8527677 2.8966652 2.9255451 2.9397425 2.9625769 2.9169704 2.8660893 3.4228010 3.4503051 3.2450654 4.1493091 2.5921264 3.3560241 3.3190186 4.0498120 
Exapal_XM_021049835.2                                 3.6011447 2.9601146 3.3943691 3.0315020 3.1383445 1.8235323 0.7377655 2.4142125 3.6300416 3.4871222 3.2440148 3.5373526 2.9704501 3.0880807 1.1281860 1.6728794 1.8311927 1.6574737 1.6791192 1.9067613 2.0923066 1.7773577 2.1740497 2.0747554 2.1850446 2.1567806 0.8872377 0.9280688 0.9475609 0.7523700 0.9031860 0.9006427 0.8349342 0.0000000 1.4896440 1.6370325 1.7891686 1.7407120 1.3306030 1.8019234 2.4528086 2.8835078 3.2354342 2.2624870 1.6195212 2.4054869 2.0461793 3.3686196 3.6072050 2.1145997 2.2514091 2.1242338 2.8378494 2.7346474 2.9586211 3.2474107 3.2900956 4.4087096 2.3279832 2.2792166 2.7100705 3.1273579 3.3459398 3.9223056 2.8778619 2.6555985 2.6566299 2.8290409 2.8424860 2.8013812 2.6389834 2.8744598 3.2590135 3.0661269 4.1182028 2.4631813 2.9801626 2.9315422 3.4471782 
Aaur_scaffold5402.g1.t1                               3.4160231 3.2714608 3.2877662 3.4348662 3.1042235 2.0978507 1.8190269 4.7775172 3.4085223 3.3394378 3.3089827 3.4059954 3.2823774 2.7941679 1.9189369 1.7820823 1.5905564 1.4766868 6.9166892 1.6446537 1.9679566 1.7170924 1.9477501 1.7485819 2.4120894 2.7328150 1.3209730 1.3532036 1.3414064 1.1450975 1.2412675 1.3225073 1.2886154 1.4896440 0.0000000 0.6483644 0.5891389 0.8775964 1.6768463 2.0519760 2.6980578 3.3754441 3.5656468 2.2322261 1.3232656 2.1044857 2.8480491 4.0826740 3.3756685 2.2331763 4.1156120 1.8891342 2.9147202 2.9217936 2.8585222 3.3412970 3.0968336 3.7634306 2.6848869 2.6825713 2.8832639 3.1216697 3.0142994 4.4742950 3.1617443 2.3481176 2.3866060 2.7386717 2.7386717 2.6442731 2.7247368 3.4142138 3.3348148 3.4586922 3.9812537 3.1737454 3.3710955 3.4933888 3.7834105 
Nemnom_g2816.t1                                       3.0515428 3.2217173 3.1378624 3.3799938 2.8540882 2.3887109 1.6183550 2.6641668 3.5851680 3.6774117 3.8747911 3.4985814 3.4011348 2.8973212 1.0626885 1.9582266 2.1278843 1.8995223 1.8612948 2.1430005 2.1030684 2.1876991 2.2621302 2.2797076 2.3316610 2.1452164 1.4551832 1.5739562 1.5801464 1.2878651 1.4802326 1.4785274 1.4552903 1.6370325 0.6483644 0.0000000 0.3534916 1.1014951 1.8014605 2.0622908 2.6420573 2.8344955 2.9611054 2.0156907 1.5446374 2.3905131 1.3062854 3.5350734 3.3384140 2.0936852 2.1439432 2.0548023 3.2902724 2.9222952 3.0681941 3.3408987 3.3672630 3.9476044 2.4787011 2.5642149 2.6408483 3.2457976 3.1300752 3.7972766 2.9576855 2.7408623 2.7420048 3.0117670 3.0364929 2.8279644 2.9091027 3.3766353 3.2801489 3.6052174 4.8733647 2.7697206 2.8649169 2.9897772 3.8539335 
Rhoesc_Res_003920-T1                                  3.2265944 3.2287016 3.2607878 3.4764404 2.9757699 2.3467119 1.5763377 3.1470869 3.8757433 4.0442869 3.9996907 3.7253750 3.5690134 3.0056340 1.3042203 2.1058128 2.2270712 2.1143052 2.3967133 2.1941824 2.3803460 2.3031387 2.4515333 2.4301160 2.7418411 2.2857915 1.7434519 1.8484544 1.7145124 1.3680040 1.6258407 1.7011633 1.5941814 1.7891686 0.5891389 0.3534916 0.0000000 1.1853112 1.8443797 2.1633985 2.9942058 2.9294767 3.2993091 2.5636427 1.6125992 2.6721682 3.0004879 4.2105200 3.7431574 2.1686983 2.1395432 2.2617764 3.2885606 3.1908849 3.2721888 3.1476340 3.3687556 3.6411340 2.8774303 3.0261852 3.0374155 3.3167165 3.0833620 3.3643367 3.0703265 2.8965763 2.9025345 3.1014558 3.1254009 3.1432394 3.1849333 3.1501085 3.4310183 3.8365076 4.8734505 2.8363672 3.1427286 3.2101195 3.8421085 
Sanmal_Sma_022765-T1                                  3.1021185 3.4071399 3.4267103 3.3389085 3.2141489 2.1252085 1.9672097 2.3176525 3.5817387 3.8330238 3.7024851 3.7163068 3.7200695 2.7650294 1.6787584 2.0370029 2.3357695 2.0486336 2.2237520 2.4580572 2.3475091 2.3014641 2.4022338 2.4392435 2.6190422 2.5741747 1.6138581 1.7028564 1.6662310 1.3986209 1.6004209 1.7079933 1.5491825 1.7407120 0.8775964 1.1014951 1.1853112 0.0000000 1.8178915 2.1126083 2.5419302 2.9129378 3.0432025 2.9054484 1.4762437 2.4810538 2.8197103 3.8081069 3.8214055 2.0744566 2.4414249 2.0871377 2.9703567 2.9850520 3.0414098 2.9150483 3.1219351 3.9967297 2.5629117 2.6917558 2.9696798 3.2922857 3.2313959 3.6410923 2.6693145 2.8696486 2.8708127 2.7446032 2.7652070 2.6987385 2.7949496 3.5151432 3.3978721 3.5627547 4.7486235 2.6667593 3.3144154 3.3445275 4.0769500 
Dgig_XM_028539619.1                                   3.8445946 3.1510258 3.1412535 3.1382056 2.8955326 2.5297400 1.5296380 2.1845187 3.4023523 3.2146639 3.2122866 3.2312707 2.8166450 2.8526453 1.2788162 1.8734793 1.8892440 1.7706113 1.5852933 2.1694519 2.0101362 2.1102377 2.1765996 2.2429970 2.1191011 2.4468100 1.3374170 1.3903857 1.3529164 1.2865762 1.4180713 1.3993459 1.4200869 1.3306030 1.6768463 1.8014605 1.8443797 1.8178915 0.0000000 0.9533153 2.4896068 3.1566738 3.3554359 2.1601090 1.6461115 2.0608952 2.0866631 3.3512466 3.4806069 2.1941242 2.4839246 2.3087221 2.6706310 2.6197099 2.8877255 3.2567940 2.8692926 3.6887762 2.2918943 2.3255270 2.3666740 3.0028334 2.8502787 3.5577884 2.9916504 2.7740795 2.7802233 3.0850496 3.0968148 3.0612796 3.0865755 2.9743810 3.1331390 3.1684684 3.6902095 2.3941460 2.5853235 2.5886369 3.1826692 
Xesp_024033-T1                                        4.1722056 3.8320871 4.6409975 3.8172752 3.0006491 2.7818865 2.6984044 2.5185617 3.6355102 3.8789656 3.6640323 3.7007662 3.5628376 3.5928674 1.5074667 2.2506593 2.4965635 1.9107228 2.3898627 2.5209371 2.6226428 2.6340221 2.5000025 2.7636406 2.2505454 2.6664306 1.7295106 1.8026938 1.7539853 1.4498547 1.7600561 1.8199295 1.9663896 1.8019234 2.0519760 2.0622908 2.1633985 2.1126083 0.9533153 0.0000000 2.5388800 3.1080293 3.5376590 1.6835438 1.9033839 2.1482773 1.8662410 3.9904118 3.9159542 2.4416154 2.5132627 2.5553207 2.9862741 3.0740472 3.2397339 2.9244823 3.4137660 3.9954273 2.6548840 2.7747924 2.9181569 3.7577445 3.5823269 4.6182955 4.7996748 2.5488960 2.5541293 2.9271092 2.9348344 2.7713428 2.8540021 3.2727702 3.6866365 3.5588470 4.9083254 3.0850136 2.9390775 2.9238541 4.1471821 
Plajan_Pjan_C552051_01                                3.3587958 2.4052317 2.6562587 3.0606308 2.7044233 3.9090660 2.1599981 1.5730994 2.6356928 2.4426901 2.5258028 2.6540716 2.6161537 2.4173999 2.1676441 2.2100505 2.5384871 2.3050048 1.6550177 2.3924977 2.2575758 2.5131182 2.5513034 2.2648437 2.4261759 1.8594611 2.2611224 2.3163425 2.2202245 2.1805271 2.3804002 2.3379436 2.5033644 2.4528086 2.6980578 2.6420573 2.9942058 2.5419302 2.4896068 2.5388800 0.0000000 2.7402382 2.8168772 2.1814884 2.6624551 1.1453012 1.9921695 3.1882127 3.2680793 3.0891691 3.4504632 2.8276884 2.8644945 2.7973746 2.9378444 2.7958179 2.9986234 3.3798295 2.6134748 2.6219605 2.7706559 3.2570163 2.8354346 2.6397513 2.7100926 2.9152927 2.9632744 2.8912865 2.8912865 2.9484604 2.8669960 3.3372695 2.5816291 3.3569529 3.7946267 2.4077766 2.8244911 2.8152380 3.6963858 
Aque_Aqu2.1.43677_001                                 2.9243517 3.5638896 4.8670596 3.2091514 3.0345077 3.8626955 3.3043147 2.3037148 3.7516438 3.8675560 3.6966031 3.8598488 3.5983220 4.1930874 1.9238796 2.9950879 2.6963247 2.5252080 2.6943195 3.0548133 2.8256340 2.7049605 3.0421600 2.3869357 3.1126393 2.7316751 2.4326869 2.4192054 2.4884332 2.3940841 2.4469044 2.5298422 2.9495929 2.8835078 3.3754441 2.8344955 2.9294767 2.9129378 3.1566738 3.1080293 2.7402382 0.0000000 1.0305364 1.9786847 3.0062123 2.9760438 2.0262266 3.2835489 2.9230670 3.2604463 3.4186059 2.7204517 3.4241513 3.5008828 3.0360729 3.5796135 3.4389581 4.0229411 2.0391348 1.9837788 1.9374091 2.3062248 2.1643612 1.6511671 1.9385459 3.0689948 3.1007658 3.2526376 3.2526376 3.1253537 3.0380305 2.0496789 1.8875383 3.4327770 4.2616705 2.5915785 2.9853816 2.9667362 4.1291856 
Halamb_c50509_g1_i1m.28500                            3.0154511 2.8188549 4.1710596 3.3908241 3.0212108 3.7810669 3.2778760 2.4391259 4.0074563 3.5704240 3.4033354 3.2600936 3.3778225 3.8697258 2.5175345 3.2059328 2.9627381 2.8166865 2.7572463 3.6138993 3.1738400 3.1763026 3.2584872 2.8630265 3.5362528 2.6518850 2.9432206 2.9317735 2.9661550 2.9565030 2.9484973 3.1568102 3.5240455 3.2354342 3.5656468 2.9611054 3.2993091 3.0432025 3.3554359 3.5376590 2.8168772 1.0305364 0.0000000 1.8816490 3.0446496 2.9348220 2.3026380 3.6739844 3.4118803 3.2980122 3.9021452 2.9343418 3.6568046 3.6314249 3.4438462 3.9776004 3.9148367 5.0454860 2.3509256 2.3172455 2.2320092 2.1743976 2.0502526 1.8277871 2.1205286 3.7408849 3.7504135 3.3896589 3.3896589 3.6732764 3.5281926 2.1231925 1.8021840 3.7678354 4.2802175 3.0289276 3.5047645 3.4981597 4.2279481 
Lcom_lcpid217302                                      3.7544577 1.6748014 1.9766704 1.5245850 1.4181004 2.7384980 1.3763206 2.0848754 2.5824748 2.3214403 2.3637877 2.5496538 2.4043084 3.2502999 2.7416729 2.0898476 2.2210655 1.8812721 2.7205826 2.3892336 1.9127570 2.5146986 2.1794705 2.5608037 2.1053034 2.1568950 1.9008499 1.8914296 2.0183791 1.8979927 1.9511675 1.9816159 1.8164575 2.2624870 2.2322261 2.0156907 2.5636427 2.9054484 2.1601090 1.6835438 2.1814884 1.9786847 1.8816490 0.0000000 1.8098897 1.8167354 1.9847610 2.4295634 2.6229664 2.6720329 2.8549065 2.8556542 2.8546802 2.7162548 2.5280865 2.5028498 2.6695374 2.9780694 2.7086710 2.4774512 2.6876436 2.4932629 2.3672812 1.8974365 1.4702289 2.9618756 2.8765763 2.2918514 2.2918514 2.5747901 2.5566462 1.9709606 2.4588572 4.2688269 4.6751346 2.6934280 3.3224367 3.4060548 3.8445636 
Morvir_scaffold340.g12.t2                             2.6742915 2.9713950 2.7230815 3.1564725 2.5933028 1.9492899 1.4391798 2.2704761 2.7792022 2.8151230 3.0158124 3.0206983 2.9181725 2.7404746 1.7599202 1.8199462 1.8694196 2.0188691 1.8386734 2.0543967 1.9989034 2.0214608 2.0713862 2.1381986 2.4530547 2.3675914 1.5627260 1.6024648 1.5249475 1.3892768 1.6123367 1.6225549 1.5537414 1.6195212 1.3232656 1.5446374 1.6125992 1.4762437 1.6461115 1.9033839 2.6624551 3.0062123 3.0446496 1.8098897 0.0000000 2.5631171 2.8145298 2.9474148 3.2457010 1.9672745 2.1591193 2.0510923 2.6725657 2.9323842 3.0994829 2.9105497 2.9284181 3.5441863 2.5389848 2.5248298 2.8184744 3.1434736 2.9606059 2.8165287 3.1786091 2.6146285 2.6156735 2.5164514 2.5164514 2.4927098 2.5010680 3.0360912 3.4167091 3.3877752 4.1085486 2.0884225 2.7600410 2.7151193 3.6087367 
Plajan_Pjan_scaffold22374_01                          3.9633082 2.4002874 3.3127679 3.0660681 2.9049834 2.0488604 2.7354844 1.5755086 3.0364629 2.9643271 3.0598066 3.0303079 2.8415534 3.0329771 2.1238391 2.0367172 2.1790449 2.0540581 1.6569137 2.2817137 2.2738954 2.3728785 2.2696089 2.4998776 2.1208410 1.7965679 2.1748129 2.1790420 2.2289202 2.1568717 2.2009594 2.2462225 2.4056828 2.4054869 2.1044857 2.3905131 2.6721682 2.4810538 2.0608952 2.1482773 1.1453012 2.9760438 2.9348220 1.8167354 2.5631171 0.0000000 1.8815496 3.0067076 2.9456981 3.0816060 3.7287185 2.8216271 2.9695999 2.9081510 3.1609002 2.8776511 3.2368399 5.2781325 2.5105406 2.5877717 2.6026321 3.1513647 2.8944457 3.8608672 2.2503306 3.0995105 3.1086157 3.2904969 3.2904969 3.3092987 3.1042598 3.3399928 3.3863837 3.2193464 4.2276840 3.0994563 2.8403941 2.7853198 3.5412896 
Lcom_lcpid200463                                      0.0000010 2.0859291 0.0000010 1.8119552 2.2179413 0.0000010 0.0000010 1.3704418 1.9051071 2.1418060 1.8052100 1.9873390 1.9734587 0.0000010 1.8119291 2.4041229 2.1347811 2.1748313 2.6560929 2.8109094 1.8339853 2.1497627 2.1693365 2.1042097 2.2578198 2.5463577 2.7260052 2.4826980 2.2949293 2.7489678 2.6921181 2.3350494 0.0000010 2.0461793 2.8480491 1.3062854 3.0004879 2.8197103 2.0866631 1.8662410 1.9921695 2.0262266 2.3026380 1.9847610 2.8145298 1.8815496 0.0000000 0.7267119 1.0376508 2.7611961 2.8332570 2.9287062 2.1283823 2.3624997 1.4144048 0.0000010 2.6730402 3.6687479 1.9511521 1.9511521 2.2321568 2.1516497 2.1190434 1.7514847 0.0000010 2.3818941 2.3818941 1.9388993 1.9388993 1.9940966 1.7715604 1.8946565 1.9775961 3.6508447 2.8080823 2.7527529 3.0983416 3.0983416 2.3226743 
