112
Lcom_lcpid252079                                               0.0000000 3.2506908 2.9937426 3.7479032 3.9018437 0.0000010 0.0000010 0.0000010 2.1483094 2.1483094 2.0660681 2.1483094 1.9963209 0.0000010 2.3436878 2.2993984 2.2278116 2.3179309 0.0000010 2.1221468 0.0000010 0.0000010 2.2037195 2.2953588 1.6533213 0.0000010 4.8837079 1.1190723 0.0000010 2.0175416 2.1756497 2.0466357 1.6688410 1.9627660 1.8693960 1.8777586 2.1056317 1.9737244 2.0130401 0.0000010 3.1643134 0.6797873 1.9562854 2.0722546 0.0000010 5.9959028 2.1424025 2.8965552 0.0000010 0.9920465 0.0000010 0.0000010 2.1356618 1.9208347 2.0062404 2.0492439 2.0668658 2.2239610 2.2763866 0.0000010 0.0000010 2.1351577 2.3378433 4.4448591 2.5365773 1.9897214 2.1549125 0.0000010 2.5822761 2.3233964 0.0000010 1.8632771 1.9046132 1.8488219 1.8488219 1.8752818 1.9072516 1.7855973 1.7855973 1.8039869 2.7213168 2.1513191 2.5120892 0.0000010 2.6709188 2.1968168 0.0000010 2.2864797 1.9094702 1.7510174 1.9915593 4.2854132 2.9829310 2.3026727 2.3404223 2.2680543 2.1168034 2.3300457 2.5360847 2.2554766 9.0000000 3.6385824 0.0000010 1.9859243 9.0000000 4.5566891 2.3768542 0.0000010 2.2583453 0.0000010 3.7354382 2.4945974 
Tadh_TriadT54144                                               3.2506908 0.0000000 0.0135540 0.8913499 0.8263888 5.7997748 2.7469939 2.8540012 3.6478666 3.7812014 4.2910076 3.8370256 3.6863109 4.7473369 4.3636965 3.7754673 3.8493075 3.6760628 3.4745400 3.6665027 4.4155520 4.6021556 3.5890666 4.2337834 4.3758850 3.5104266 3.3811778 3.7418891 2.5655521 2.9265579 3.0699105 2.9703912 2.6019978 3.1332134 3.0440507 3.0518783 2.9727419 3.0967443 3.0152890 2.6953144 3.3487678 2.3960686 3.3263483 2.9710832 3.3235791 3.7867398 3.3118409 3.3344480 4.5848643 5.0577581 5.3163649 4.9526713 3.0922514 3.2438410 2.9352489 3.2810740 3.3791364 3.8908868 3.6119989 5.6944181 3.1200974 3.9247460 3.9513685 3.4379825 3.6609621 3.9490690 3.1606636 3.3447382 3.0659408 3.0746734 4.3109697 3.1398866 3.2652250 2.4968214 2.4890703 2.6107719 2.5779377 2.5656304 2.5622543 2.5793199 3.1963084 3.3674714 3.3975134 2.8095758 3.2833989 4.6356710 2.8026416 3.2646932 3.3360872 3.5198451 3.6474125 3.7011565 3.3401009 3.2616040 3.2099928 3.1957082 3.1914930 3.4338523 3.5392704 3.5528908 4.3932328 4.2215149 5.7964603 3.6225760 2.9274553 5.9229045 3.0736649 5.4421627 3.5387240 4.6755835 4.9391840 4.5474075 
TrH2_TrispH2_002523-RA                                         2.9937426 0.0135540 0.0000000 0.8680901 0.8253180 5.0059802 2.8411202 3.0575672 3.7232042 3.8600093 4.1832827 3.8582817 3.6476397 4.7395682 4.1159904 3.7621637 3.7344904 3.6320335 4.1168436 3.5950711 4.4079423 4.5941314 3.6381259 4.0725437 4.3760198 3.8190099 3.4527483 3.6634650 4.1790495 3.0668680 3.1118052 3.0023885 2.6405464 3.2241045 3.1420077 3.1333095 3.0653284 3.1230121 3.1543055 2.9851723 3.5271348 2.3960686 3.5250461 3.0015345 3.6182250 3.8806898 3.3324884 3.6153028 4.5693995 4.7088430 6.0853145 4.9657618 3.0564966 3.2515170 3.0627469 3.3308711 3.4273442 4.0292095 3.6800076 5.8911348 3.4805574 3.9804470 4.0156049 3.5178902 3.5574408 3.7895375 3.1990160 3.7856887 3.2673879 3.1295782 4.1855583 3.2030899 3.3108507 2.6271009 2.6206940 2.6912644 2.6649571 2.6595012 2.6567429 2.6656981 3.2895287 3.4134639 3.5278527 3.6590241 3.3657495 4.0568039 3.0255871 3.2615569 3.3487687 3.4571145 3.5825625 3.5917036 3.3951322 3.3260398 3.2845962 3.2793449 3.2994909 3.4822531 3.6515131 3.5678819 4.3688969 4.1290510 4.5049015 3.6669150 3.0953748 6.3434206 2.9920659 4.6868382 3.3946649 5.0146477 4.9199748 4.7297501 
HoiH23_PlH23_001172-RA                                         3.7479032 0.8913499 0.8680901 0.0000000 0.0918178 3.1359697 2.2013504 2.9995260 3.6514051 3.7689113 4.2464355 3.8365441 3.5476979 4.9090211 4.0878341 3.7006733 3.5648559 3.6411163 4.1163584 3.4518994 5.3790082 6.0347260 3.5084445 3.9652890 4.4049219 2.9110101 3.3095775 4.0642479 2.4787214 2.9769925 3.0842403 2.9969992 2.7636867 3.0774209 2.9250905 2.8586613 2.7915570 3.0243627 3.0147449 2.4078111 3.2811447 2.7332363 3.1179660 3.0170651 2.9347434 3.2232566 3.2139860 3.3856914 2.7627476 3.3348257 3.8084864 3.6276728 3.6574104 3.3357856 2.9663328 3.1741153 3.1457737 3.7780928 3.4794419 4.3751963 2.9700079 3.6694786 4.0580109 3.0140195 3.4963624 5.1222790 3.0210140 2.8801496 2.9902603 3.0940335 4.8053405 3.0841100 3.0697339 2.5473528 2.5376547 2.5493041 2.6282104 2.5117337 2.5299279 2.6487270 3.0657112 3.1566490 3.2468083 2.0788204 3.3977794 4.2890199 3.1858522 3.3720386 3.2882319 3.4016781 3.2745323 3.5919588 3.2885760 3.2271383 3.2161011 3.2770616 3.3992340 3.3958567 3.4081082 3.8591704 3.2851071 3.5601896 3.6766462 3.8275166 2.4414009 6.3391657 3.6562892 4.5114078 3.7448046 4.6338940 4.9989643 4.0072222 
HoiH06_mRNA14577                                               3.9018437 0.8263888 0.8253180 0.0918178 0.0000000 3.8776452 2.4574273 2.9717680 3.6499711 3.8530191 4.2012155 3.8703692 3.5716046 4.9309833 4.2272783 3.7305080 3.5843909 3.7022942 3.8833861 3.5150661 5.1299791 5.8621915 3.6015090 4.1375273 4.3664457 3.3032456 3.3114411 3.9651234 3.0435725 3.1698764 3.2057487 3.1248586 2.7252887 3.2504732 2.9065397 3.0048428 2.9189877 3.1544248 3.1812662 2.7563064 3.4613156 2.6670863 3.3362650 3.0996854 3.4060913 3.7108579 3.2767206 3.4840811 3.1400391 4.0819007 4.5956565 4.1968336 3.3518254 3.3110394 3.0833450 3.3137008 3.2784120 3.9258307 3.6843614 4.4147262 3.1943691 3.8265430 4.1959553 3.1898478 3.6329589 4.5415222 3.1546988 3.0084617 3.0850101 3.1826620 4.7344489 3.2729578 3.2620857 2.6076250 2.6248541 2.5917958 2.6545919 2.5998217 2.6012623 2.6918204 3.1691111 3.2441217 3.3542622 2.1881169 3.4714180 4.3604526 3.5665253 3.3494664 3.3144211 3.5244664 3.3378258 3.5738195 3.3450907 3.3240009 3.2748319 3.4000371 3.4081544 3.5040416 3.4304238 3.7449048 3.6789182 3.7993402 3.7365928 3.8287021 3.0008991 6.5977972 4.0661401 4.4744105 3.9455303 4.6544496 5.0700136 4.2836601 
Adig_XM_015911993.1                                            0.0000010 5.7997748 5.0059802 3.1359697 3.8776452 0.0000000 0.6789350 1.8259512 1.8259512 4.8742530 9.0000000 8.9999985 1.8511069 0.0000010 0.0000010 0.0000010 1.8489446 2.0992362 0.0000010 1.7688707 0.0000010 0.0000010 1.9638097 0.0000010 0.0000010 5.0290956 2.3342219 0.0000010 0.9982495 1.4424418 1.7239726 1.7713626 0.0000010 1.5944458 0.8928634 1.5499226 1.5769236 1.7388216 1.6245899 0.7445740 0.4188277 0.0000010 0.4188277 0.6317776 0.6890258 0.4573637 0.8646799 0.8668949 0.4840422 0.5460348 0.5487825 0.5552520 0.0000010 3.5453598 1.6791449 0.9987224 1.0657999 1.7857390 1.7114143 0.0000010 1.5834227 2.2644328 0.0000010 5.9133348 1.8695410 0.0000010 1.7643602 1.5732558 1.6019951 0.0000010 7.7379508 1.3913056 1.3906608 1.5678072 1.4145543 1.8685001 2.0274639 1.4232821 1.5754127 1.8652120 1.5562814 1.7753355 1.5785494 1.5151882 9.0000000 0.0000010 2.8842559 1.7716880 1.9412733 1.8523816 1.7190719 0.0000010 2.3394519 1.6541419 1.5805371 1.4602201 1.9027280 1.9939789 0.0000010 0.0000010 5.7989691 3.1642575 0.0000010 0.0000010 1.7882589 5.0291537 3.4712885 0.0000010 0.0000010 1.9475787 3.3705354 2.7481420 
Gasp_gasp1.m3.16537.m1                                         0.0000010 2.7469939 2.8411202 2.2013504 2.4574273 0.6789350 0.0000000 1.1568084 1.1568084 1.3141008 2.9939722 3.1932706 1.0777310 0.0000010 0.0000010 0.0000010 1.1756366 1.3437702 0.0000010 1.1524840 0.0000010 0.0000010 1.1563458 0.0000010 0.0000010 1.3793724 1.2707009 0.0000010 0.9453620 0.8786608 0.9160589 0.9296569 0.0000010 0.9244941 0.7612097 0.9050744 0.8805648 1.1435876 0.9874257 0.1904894 0.2698946 0.0000010 0.2698946 0.2629605 0.3877028 0.3144057 0.3139859 0.3189510 0.4627849 0.5068812 0.4687016 0.4033625 0.0000010 0.5903997 1.0801208 0.4738607 0.5504087 1.2204168 1.1065214 0.0000010 1.0044493 1.1657334 0.0000010 1.5814684 1.3097543 0.0000010 1.0611840 0.9883241 1.0382504 0.0000010 1.0470054 0.7260549 0.7491130 0.9083317 0.8007323 0.9478575 0.9111307 0.7098802 0.8228252 0.8970097 1.0175215 1.1907380 1.0675222 0.9017653 0.6853870 0.0000010 1.3955282 1.0641553 0.9590460 1.0348603 0.9506510 0.0000010 1.0457957 0.9999095 1.0074598 0.9426125 1.1886710 1.2641371 0.0000010 0.0000010 1.7300247 0.3113290 0.0000010 0.0000010 1.1474909 5.1259834 1.5396392 0.0000010 0.0000010 0.6693382 2.7043761 1.7425598 
Mertsp_Mesp_sb575510                                           0.0000010 2.8540012 3.0575672 2.9995260 2.9717680 1.8259512 1.1568084 0.0000000 0.0034538 0.0058757 1.0227535 0.5980633 0.2949413 0.0000010 0.0000010 0.0000010 0.3850020 0.4279893 0.0000010 0.3284456 0.0000010 0.0000010 0.3088215 0.0000010 0.0000010 0.2917616 0.3142732 0.0000010 1.3174896 0.8906293 1.0735477 0.9111183 0.0000010 0.9333958 0.8528952 0.9083451 1.0235222 1.0563377 0.9774649 1.0640432 0.9840288 0.0000010 1.0205062 1.0465115 1.3332534 1.3041900 0.9962673 0.9907182 1.3407388 1.5773171 1.3310437 1.2561769 0.0000010 0.5819331 1.0911493 0.9318138 0.9460645 1.0772883 1.0524333 0.4314312 0.9984915 0.9079256 0.0000010 1.2308657 1.2026561 2.6652680 1.0157055 0.9959106 0.9697327 0.0000010 1.8477275 1.0129282 0.9464535 0.9540369 0.9167086 1.0259477 0.8271461 0.9062533 0.9673037 0.9936605 0.9977800 0.9622653 0.9625972 1.2715176 0.5619397 0.6396206 0.9650186 1.0429734 0.9335199 1.0475356 0.9669024 0.5464823 0.9850957 1.2100781 1.2186856 1.0936730 1.2701174 1.2762406 0.4767815 0.3272838 1.3929727 0.9917809 1.0031386 0.0000010 1.4030383 5.4553194 2.0101533 0.9013360 0.8564344 0.9585789 2.8398929 1.4894408 
Mertsp_Mesp_sb575508                                           2.1483094 3.6478666 3.7232042 3.6514051 3.6499711 1.8259512 1.1568084 0.0034538 0.0000000 0.0000010 0.0055812 0.0057453 0.2100343 0.2722665 0.2279393 0.2277034 0.3290041 0.3517629 0.1776531 0.3032180 0.4098568 0.4589835 0.3246311 0.4373050 0.4717191 0.2917616 0.3252566 0.4534414 1.3174896 0.9237353 0.9958476 0.9327090 0.9475182 0.9443250 0.8910941 0.8993395 0.9299954 1.0280118 0.9684312 1.0640432 1.1685023 0.7951416 0.9457194 0.9215052 1.3332534 1.4828425 0.9828577 1.0787656 1.4931447 1.7393367 1.6620683 1.4375807 0.8724371 0.8776743 1.0704213 0.9464950 1.0005417 1.2923903 1.2659815 0.6904460 0.9688043 1.1857787 1.4831244 1.2663582 1.0694652 1.0877759 0.9984396 0.9348194 1.0340976 1.0944994 1.4348398 1.0920221 1.0623618 1.1277066 1.1176465 1.1265935 1.0510039 1.0634973 1.0844252 1.1267857 1.1459554 1.1052231 1.0445978 1.2715176 1.0806605 0.9824621 0.9650186 1.1463845 1.0805011 1.1050747 1.1563979 1.1642129 1.1173012 1.2204289 1.1508662 1.1035306 1.1203672 1.1993482 1.1337835 1.2074987 1.3554443 1.1446074 1.5471569 1.3401956 1.4528166 5.0376322 1.3942827 1.6014790 1.4376753 1.1919115 2.9462089 1.8598730 
Bolinf_Binf_sb1247559                                          2.1483094 3.7812014 3.8600093 3.7689113 3.8530191 4.8742530 1.3141008 0.0058757 0.0000010 0.0000000 0.0055812 0.0038521 0.1927269 0.2722665 0.2279393 0.2277034 0.3163668 0.3369596 0.1776531 0.2959710 0.4098568 0.4589835 0.3142291 0.4373050 0.4717191 0.3129028 0.3077015 0.4534414 2.8578501 0.8795425 0.9260541 0.8699072 0.9475182 0.8961299 0.8461038 0.8651522 0.8908397 0.9697612 0.9090237 1.1369193 1.1750315 0.7951416 0.9086118 0.8894952 1.4832659 1.5845168 0.9696770 1.0801634 2.4238775 2.3729443 2.1386300 1.6372509 0.8724371 0.8776743 1.0440769 0.9374354 1.0069323 1.2531748 1.2414828 0.6904460 0.8582882 1.1860261 1.4831244 1.2521309 1.0095169 1.0877759 0.9647170 0.7921700 0.9958960 1.0944994 1.4348398 1.0551914 1.0429447 1.0984122 1.1047803 1.0819291 1.0605641 1.0598562 1.0574184 1.1000023 1.1412590 1.0911915 1.0160373 1.2501591 1.0806605 0.9824621 0.8686102 1.1427908 1.0888126 1.0887507 1.1608655 1.1642129 1.1290984 1.2165281 1.1312081 1.0816738 1.0661056 1.1700297 1.1337835 1.2074987 1.2445111 1.1642399 1.5471569 1.3401956 1.2471552 4.8175198 1.3483336 1.6014790 1.4376753 1.1919115 2.9433812 1.9593911 
Bolinf_Binf_sb1247560                                          2.0660681 4.2910076 4.1832827 4.2464355 4.2012155 9.0000000 2.9939722 1.0227535 0.0055812 0.0055812 0.0000000 0.0000010 0.1799982 0.2502033 0.2194086 0.2618090 0.3441445 0.3663702 0.0000010 0.2793761 0.4098568 0.4589835 0.4088763 0.4464595 0.4717191 1.4639745 1.9459247 0.4534414 0.0000010 0.9572540 1.0449168 0.9405589 0.9475182 0.9678943 0.8853890 0.9491966 0.9187656 1.0044174 0.9613254 2.9939722 1.1882380 0.7951416 0.9566612 0.8804868 2.9939722 2.7320370 1.0153316 1.1877228 3.4449574 4.0299456 2.9920514 3.0427572 0.8724371 0.9299785 1.1399272 0.9508762 1.0433663 1.4308877 1.4127084 0.0000010 2.4872055 1.2861143 1.3761026 2.6545391 1.0848234 0.9817849 1.0282751 2.9229307 1.0958829 1.0735969 1.0889539 1.1577672 1.1524703 1.2654884 1.2853606 1.2157835 1.1925712 1.2144936 1.2091191 1.2718839 1.2770484 1.1952878 1.1762426 0.6274330 1.3152099 1.6531963 2.2528240 1.2060875 1.1471416 1.0708595 1.2394241 4.2062984 1.2879759 1.3998776 1.2374266 1.1784696 1.1322225 1.2229174 1.2569047 1.2403205 1.6866887 2.2718509 4.2201842 1.2971769 3.3043933 5.1208960 1.0191212 0.0000010 1.5270128 0.0000010 2.6132794 3.2473106 
Mertsp_Mesp_sb575509                                           2.1483094 3.8370256 3.8582817 3.8365441 3.8703692 8.9999985 3.1932706 0.5980633 0.0057453 0.0038521 0.0000010 0.0000000 0.1884376 0.2722665 0.2279393 0.2295873 0.3337688 0.3501273 0.2089788 0.3193956 0.4098568 0.4589835 0.3635351 0.4373050 0.4717191 1.8798453 0.4643222 0.4534414 1.2652357 0.9890086 1.0452345 0.9777057 0.9475182 1.0376127 0.9529977 0.9434079 0.9334137 1.0378916 1.0174629 3.1823254 1.2355875 0.7951416 0.9527353 0.8894225 3.9364055 1.8137068 1.0112129 1.1859147 3.6800975 3.1875328 6.2683534 2.7492090 0.8724371 0.9395833 1.1128083 0.9975521 1.0591073 1.5180103 1.4968960 1.0046080 1.6174942 1.4028673 1.4831244 3.1315867 1.0474490 0.9817849 1.0329918 4.4315892 1.1503197 1.1160396 1.3336672 1.2090325 1.1913467 1.3116815 1.3224640 1.2702834 1.2385328 1.2329137 1.2291764 1.2846783 1.2665722 1.2373190 1.1405041 0.9467102 1.2982770 1.2759179 3.3884061 1.2037919 1.1688713 1.1495122 1.2755687 1.2936915 1.2174992 1.3120094 1.1933125 1.1761868 1.0843572 1.1915726 1.2583313 1.2520840 2.0001870 1.6866395 2.2325772 1.3401956 3.4503689 5.0069007 1.3457294 1.3418262 1.5270128 1.4299484 2.7349233 2.5837106 
Mlei_ML0074.g27.i1                                             1.9963209 3.6863109 3.6476397 3.5476979 3.5716046 1.8511069 1.0777310 0.2949413 0.2100343 0.1927269 0.1799982 0.1884376 0.0000000 0.0845334 0.1998236 0.2649307 0.3444999 0.3740826 0.2038927 0.2934747 0.3722476 0.4184162 0.3590546 0.4448882 0.4764350 0.2909650 0.3743584 0.4765036 1.2666897 0.9192087 1.0132107 0.9509674 0.9372186 0.9454465 0.9061522 0.9048433 0.9377404 1.0278582 0.9909925 1.0152278 1.2308828 0.7883175 0.9754202 0.9523014 1.3297662 1.4549889 0.9802829 1.0940180 1.5799206 1.8052288 1.5778272 1.3690102 0.8898743 0.9142469 1.0775863 0.9926195 1.0231140 1.3124309 1.2379423 0.6455833 0.9036595 1.2457387 1.5398509 1.3148905 1.0791837 1.1105421 1.0289364 0.9785167 1.0775802 1.1277197 1.4362756 1.0912725 1.0804260 1.1136773 1.0999083 1.1250799 1.0456542 1.0563428 1.0797422 1.1205424 1.1988548 1.1404005 1.0565068 1.1733160 1.0983573 1.0432781 1.0098456 1.1272976 1.1062670 1.1674974 1.1770042 1.3274799 1.1394830 1.2019674 1.1314932 1.1102314 1.0523214 1.1370788 1.2148504 1.2449712 1.2278937 1.1757593 1.6048201 1.3964561 1.3503982 4.6759764 1.3248923 1.5939160 1.5748610 1.3055491 2.8524587 1.9205163 
Bolinf_Binf_sb1223513                                          0.0000010 4.7473369 4.7395682 4.9090211 4.9309833 0.0000010 0.0000010 0.0000010 0.2722665 0.2722665 0.2502033 0.2722665 0.0845334 0.0000000 0.2753069 0.3524514 0.3653580 0.4398808 1.6215498 0.3982553 0.3760942 0.4224637 0.6191163 0.6027537 0.5972244 0.0000010 0.9269579 0.4744253 0.0000010 1.0273430 1.1251128 1.1234062 0.7774894 1.1157111 1.0109929 1.0275177 0.9562157 1.0882368 1.0783411 0.0000010 1.0744913 0.8209301 0.9729597 1.0894982 0.0000010 1.1593578 1.1211221 1.0740157 0.0000010 4.8187539 0.0000010 0.0000010 0.6759865 1.1719847 1.1878641 1.2108634 1.3134680 1.7732853 1.7317030 0.0000010 0.0000010 1.6493995 1.7298360 5.2122512 1.0608605 0.5716133 1.3607339 0.0000010 1.0969449 1.1063329 1.0545411 1.3763008 1.3336844 1.5319926 1.5802227 1.5563721 1.5253735 1.5950706 1.5830535 1.5909057 1.3977578 1.3886869 1.4692006 0.0000010 1.3451331 2.5964451 0.0000010 1.3918981 1.2894872 1.3050251 1.5548557 3.5839492 1.1874500 1.6814674 1.3187781 1.2669945 1.0749902 1.1180817 1.3736366 1.5400516 0.0000010 1.7040004 4.1521499 1.4526878 3.9965484 5.5220311 0.0000010 0.0000010 0.0000010 0.0000010 2.7919763 5.4996076 
Beraby_Baby_sb328597                                           2.3436878 4.3636965 4.1159904 4.0878341 4.2272783 0.0000010 0.0000010 0.0000010 0.2279393 0.2279393 0.2194086 0.2279393 0.1998236 0.2753069 0.0000000 0.3220785 0.4047376 0.4343579 0.0000010 0.3342678 0.4293075 0.4805819 0.4122448 0.4527979 0.4739355 0.0000010 1.6889176 0.4927757 0.0000010 0.9734662 1.0357240 0.9633222 0.9990941 1.0285418 0.9388183 0.9670728 0.9907686 1.0479864 1.0520414 0.0000010 1.2649920 0.9576458 1.0714447 0.9741194 0.0000010 2.4605082 1.0772976 1.3245255 4.2212721 3.0492290 0.0000010 0.0000010 0.9621853 1.0136653 1.1793913 0.9981318 1.0482943 1.4571801 1.5190786 0.0000010 0.0000010 1.4126744 1.4459865 1.7925680 1.0658165 0.9701386 1.0645093 0.0000010 1.1070362 1.0962713 1.1094386 1.2027210 1.1608958 1.2968416 1.3143601 1.2422171 1.2246082 1.2634882 1.2644801 1.2843714 1.3023886 1.2477232 1.1948429 0.0000010 1.3115481 1.6897295 0.0000010 1.2505128 1.2277635 1.1460071 1.3699792 4.0334076 1.2830690 1.2916704 1.1502669 1.1690164 1.0843539 1.2437564 1.3273210 1.3382878 0.6174389 2.1115621 5.9478007 1.4250287 2.3290308 4.8727035 1.1704125 0.0000010 1.7276102 0.0000010 2.8753333 2.3184952 
Lampan_Lpan_15914_01                                           2.2993984 3.7754673 3.7621637 3.7006733 3.7305080 0.0000010 0.0000010 0.0000010 0.2277034 0.2277034 0.2618090 0.2295873 0.2649307 0.3524514 0.3220785 0.0000000 0.2973251 0.3036850 0.2247848 0.3802723 0.5434502 0.5956605 0.4133117 0.5007920 0.6116623 0.0000010 0.4253575 0.5016534 0.0000010 0.9434852 1.0223145 0.9425201 0.9216701 1.0088599 0.9263698 0.9194776 0.9352907 1.0248448 1.0158498 0.0000010 1.2546398 0.8026333 0.9013670 0.9260166 0.0000010 1.8872817 0.9579635 1.1281183 3.7949239 3.3258765 6.0850071 2.7306452 0.8326425 0.9598051 1.0154574 1.0211470 1.0608519 1.4390052 1.4365540 0.8599705 0.8879109 1.3794542 1.4436577 1.4680176 1.0820625 0.9816738 0.9918814 0.0000010 1.1094061 1.1166382 1.3883136 1.1755779 1.1444514 1.2474731 1.2576916 1.2082992 1.1988030 1.2123362 1.2129653 1.2259378 1.2078018 1.2103726 1.1241203 0.0000010 1.2080469 1.2066806 0.0000010 1.2160126 1.1167315 1.1343021 1.2334346 1.3529994 1.2001847 1.3126103 1.1671527 1.1571836 1.0221722 1.1864065 1.2746603 1.2653956 0.6174389 1.7504870 2.4483487 1.3101752 3.1846875 4.7037594 1.4053186 1.1473482 1.6203629 2.1848093 2.7177932 2.1788512 
Vmul_sbMO473120                                                2.2278116 3.8493075 3.7344904 3.5648559 3.5843909 1.8489446 1.1756366 0.3850020 0.3290041 0.3163668 0.3441445 0.3337688 0.3444999 0.3653580 0.4047376 0.2973251 0.0000000 0.1879983 0.3255632 0.4321920 0.5065713 0.5647530 0.4467702 0.6150167 0.6125412 0.4879656 0.4303624 0.4824442 1.3603516 0.9376263 1.0101724 0.9375089 0.9528391 0.9666208 0.9024001 0.8972955 0.9146521 1.0093115 0.9849783 1.1067587 1.2181901 0.9245530 0.9563503 0.9639190 1.4659158 1.5779341 0.9509528 1.0564765 1.5750285 1.6690975 1.7585715 1.4229644 0.9507718 0.9385220 1.1133266 0.9729681 1.0267082 1.2711036 1.2352789 0.7207342 0.9599476 1.2169217 1.4177319 1.2325328 1.1119779 1.1109048 1.0131562 0.9640147 1.0625657 1.0981940 1.4527647 1.0281833 0.9953813 1.1382286 1.1277628 1.1352835 1.0740495 1.1053429 1.1277720 1.1577667 1.1586379 1.1287885 1.0998347 1.2723213 1.0281518 0.9789180 0.9894582 1.1002942 1.0404312 1.0774293 1.1114757 1.3227124 1.1014977 1.2514206 1.1814996 1.1050571 1.0754681 1.2032275 1.1439701 1.2172359 1.2698851 1.2381879 1.6348060 1.3890251 1.3712252 4.6501120 1.3083838 1.5924635 1.5597140 1.3101691 2.7870310 1.9278217 
Coemet_Cmet_scaffold8608_01                                    2.3179309 3.6760628 3.6320335 3.6411163 3.7022942 2.0992362 1.3437702 0.4279893 0.3517629 0.3369596 0.3663702 0.3501273 0.3740826 0.4398808 0.4343579 0.3036850 0.1879983 0.0000000 0.3374988 0.4553997 0.6010832 0.6551535 0.4574317 0.5890374 0.5952060 0.5026459 0.4554038 0.5478332 1.3567502 0.9508524 1.0023590 0.9646441 0.9624037 0.9672865 0.9433244 0.9573955 0.9522090 1.0215467 1.0065025 1.1899734 1.2809488 0.8920633 1.0167042 1.0092231 1.5868608 1.5881357 1.0073468 1.1226468 1.6342403 1.7665838 1.7049904 1.4329363 0.9311294 0.9799289 1.1175605 0.9998809 1.0623916 1.2977101 1.2648930 0.6463026 0.9685897 1.2245943 1.4172284 1.2252025 1.1059506 1.1081207 1.0032935 1.0606979 1.1006368 1.0969791 1.4872852 1.0641912 1.0343905 1.1767274 1.1630260 1.1938391 1.1264151 1.1428730 1.1661282 1.2068951 1.1727323 1.1772836 1.1151355 1.4429463 1.0782077 0.9484486 1.0388810 1.1392456 1.0832063 1.1142952 1.1500191 1.2696665 1.1203883 1.2609223 1.1956096 1.1415526 1.1254679 1.2302287 1.1658332 1.2360288 1.3215506 1.2890459 1.6166700 1.4288579 1.5353327 4.9521279 1.3190847 1.5707911 1.6199144 1.3806095 2.8070906 1.9074694 
Beraby_Baby_sb330666                                           0.0000010 3.4745400 4.1168436 4.1163584 3.8833861 0.0000010 0.0000010 0.0000010 0.1776531 0.1776531 0.0000010 0.2089788 0.2038927 1.6215498 0.0000010 0.2247848 0.3255632 0.3374988 0.0000000 0.2546157 0.0000010 0.0000010 0.3461855 0.0000010 0.0000010 0.0000010 0.3374749 0.0000010 0.0000010 1.0316164 1.0130370 1.0485313 0.0000010 0.9417357 1.0448963 0.9836669 0.9773339 1.1975750 1.0669529 0.0000010 2.2968681 0.0000010 1.0407621 1.0689826 0.0000010 1.4577631 0.9806098 1.0402189 0.0000010 4.2513420 4.6723523 2.4777042 0.0000010 1.0309501 1.0237372 1.4523319 1.2114501 1.3704707 1.3466203 0.8938196 0.9005380 1.3866498 2.8875064 1.6120876 1.1101313 2.5385563 1.1570766 0.8177350 1.1777162 1.3214333 3.6981971 1.2232878 1.2167645 1.2190459 1.2190459 1.1344888 1.1210659 1.0879677 1.0879677 1.1386029 1.1417012 1.1192706 0.9854765 0.0000010 1.2790667 1.2363056 0.0000010 1.2185295 1.1770065 1.4855505 1.5098080 1.0960518 1.1158942 1.1990975 1.1796892 1.0927486 0.8264006 1.2649558 1.3267863 1.2628128 0.0000010 1.3463465 1.5894254 2.2648625 0.0000010 5.4384817 2.5628604 1.8535909 0.0000010 2.0102045 3.7433446 2.6973391 
Drygla_Dgla_sb300210                                           2.1221468 3.6665027 3.5950711 3.4518994 3.5150661 1.7688707 1.1524840 0.3284456 0.3032180 0.2959710 0.2793761 0.3193956 0.2934747 0.3982553 0.3342678 0.3802723 0.4321920 0.4553997 0.2546157 0.0000000 0.0294493 0.0493377 0.4526956 0.6087502 0.6166232 0.3429439 0.4436898 0.5999747 1.3412484 0.9679777 1.0231354 0.9820578 0.9989993 0.9704101 0.9521350 0.9500541 0.9634814 1.0707361 1.0052717 1.0954885 1.2110404 0.9448013 0.9870032 0.9737375 1.3441806 1.4519301 1.0062733 1.1348783 1.4214427 1.7451691 1.5170361 1.4762303 1.0280979 0.9141391 1.0642327 1.0492782 1.0857139 1.2346881 1.2264117 0.6696051 0.9863748 1.1887817 1.4626459 1.3802148 1.0896017 1.1641445 1.0356074 1.0526225 1.1141311 1.1417647 1.6582093 1.0597279 1.0870614 1.1573724 1.1485133 1.2006902 1.1292435 1.1314183 1.1454769 1.1665018 1.2334590 1.1813291 1.1264651 1.1300061 1.1114513 1.0950819 1.0460560 1.1440453 1.1069699 1.1222775 1.1351508 1.2221438 1.1099321 1.1930975 1.1242940 1.0994620 1.0540121 1.2330985 1.2040069 1.2125826 1.4013694 1.1738444 1.6207156 1.3353506 1.3660320 4.9008918 1.5524270 1.5339640 1.5107861 1.4817703 2.8484593 1.8659636 
Drygla_Dgla_sb300216                                           0.0000010 4.4155520 4.4079423 5.3790082 5.1299791 0.0000010 0.0000010 0.0000010 0.4098568 0.4098568 0.4098568 0.4098568 0.3722476 0.3760942 0.4293075 0.5434502 0.5065713 0.6010832 0.0000010 0.0294493 0.0000000 0.0181214 0.8230843 0.8595676 0.8230843 0.0000010 0.0000010 0.6659000 0.0000010 1.0126633 1.0879981 1.1508800 0.9929879 1.1154545 1.0361384 1.1799215 1.0242773 1.0851575 1.1216146 0.0000010 1.0751489 0.9822599 0.9965878 1.0595518 0.0000010 0.7779055 1.1275061 1.1183683 0.0000010 5.3260899 0.0000010 0.0000010 0.9279242 1.1450830 1.2594016 1.2671645 1.2987751 1.5501415 1.7357989 0.0000010 0.0000010 1.5659216 1.5515504 5.2122512 1.1787624 0.7807238 1.3800297 0.0000010 1.2780650 1.3197820 1.3197820 1.5106849 1.4375025 1.5311417 1.5582550 1.5952165 1.5491392 1.5800568 1.5833775 1.6450573 1.6052948 1.5807756 1.5989952 0.0000010 1.4904213 2.7172487 0.0000010 1.4349308 1.4258188 1.2874321 1.4331143 3.5437237 1.2166527 1.7846274 1.4088675 1.4089289 1.2071540 1.2838015 1.4875826 1.5856609 0.0000010 0.0000010 4.9557158 1.4947326 1.9209166 5.7517877 0.0000010 0.0000010 0.0000010 0.0000010 3.0723062 0.0000010 
Drygla_Dgla_sb300217                                           0.0000010 4.6021556 4.5941314 6.0347260 5.8621915 0.0000010 0.0000010 0.0000010 0.4589835 0.4589835 0.4589835 0.4589835 0.4184162 0.4224637 0.4805819 0.5956605 0.5647530 0.6551535 0.0000010 0.0493377 0.0181214 0.0000000 0.9126875 0.9862158 0.9126875 0.0000010 0.0000010 0.7380338 0.0000010 1.0381040 1.1033211 1.1682060 0.9929879 1.1612487 1.0588406 1.2047068 1.0489564 1.1073713 1.1606610 0.0000010 1.1115343 0.9822599 1.0386149 1.1141052 0.0000010 0.7779055 1.1552254 1.1454311 0.0000010 5.3260899 0.0000010 0.0000010 0.9279242 1.1731200 1.2785427 1.3272119 1.3593761 1.6196415 1.8174597 0.0000010 0.0000010 1.6364447 1.6203534 5.2122512 1.2104267 0.7807238 1.4583515 0.0000010 1.2780650 1.3747874 1.3747874 1.5489108 1.4734565 1.6110792 1.6398724 1.6794180 1.6327739 1.6631019 1.6667399 1.6990860 1.6274943 1.6020282 1.6208146 0.0000010 1.5334759 2.7172487 0.0000010 1.4911710 1.5013482 1.3081287 1.4973061 3.5437237 1.2288802 1.8270185 1.4587198 1.4583190 1.2466874 1.3014467 1.5580889 1.6813786 0.0000010 0.0000010 4.9557158 1.5406673 1.9209166 6.0336966 0.0000010 0.0000010 0.0000010 0.0000010 3.0723062 0.0000010 
Horcal_Hcv1.av93.c1.g915.i1                                    2.2037195 3.5890666 3.6381259 3.5084445 3.6015090 1.9638097 1.1563458 0.3088215 0.3246311 0.3142291 0.4088763 0.3635351 0.3590546 0.6191163 0.4122448 0.4133117 0.4467702 0.4574317 0.3461855 0.4526956 0.8230843 0.9126875 0.0000000 0.0000010 0.0042257 0.3384852 0.0735948 0.6142710 1.4317713 1.0302313 1.0399129 1.0265402 1.1523245 1.0191317 0.9946560 0.9807949 1.0097781 1.0923859 1.0853599 1.1157381 1.2570450 1.0032535 1.0573597 1.0525813 1.4532057 1.5880130 1.0500911 1.1693273 1.6543108 1.7791064 1.6176161 1.4486664 1.0641891 0.9942574 1.1450324 1.0298894 1.1204051 1.3610921 1.3215967 0.8477260 1.0546216 1.3096945 1.5631101 1.2692468 1.1875589 1.3033099 1.0906105 1.0194281 1.1594175 1.2649609 1.7252641 1.1470718 1.1212869 1.1886580 1.1707601 1.1555769 1.0933016 1.1133740 1.1330734 1.1692281 1.2194954 1.1680327 1.1175846 1.3120756 1.1504768 1.0368033 1.0603558 1.2133184 1.1258688 1.1718108 1.2338308 1.1741487 1.2250173 1.2243456 1.1920332 1.1116703 1.1441701 1.2828657 1.2688280 1.3113241 1.3486247 1.2686597 1.7005001 1.4021158 1.4854652 4.8986927 1.6427008 1.5641426 1.6354494 1.3848940 2.8574763 2.0048119 
Pbac_sb2643197                                                 2.2953588 4.2337834 4.0725437 3.9652890 4.1375273 0.0000010 0.0000010 0.0000010 0.4373050 0.4373050 0.4464595 0.4373050 0.4448882 0.6027537 0.4527979 0.5007920 0.6150167 0.5890374 0.0000010 0.6087502 0.8595676 0.9862158 0.0000010 0.0000000 0.0000010 0.0000010 3.0648761 0.6493660 0.0000010 1.1815203 1.1765317 1.1990358 1.4001151 1.1904983 1.0961386 1.0965164 1.1323088 1.2169049 1.2271121 0.0000010 1.5559026 0.9977643 1.2221648 1.1828971 0.0000010 3.2903745 1.2765882 1.8214887 0.0000010 3.9718452 0.0000010 0.0000010 1.1862087 1.1341122 1.3843626 1.1439144 1.1916836 1.5546645 1.4923295 0.0000010 0.0000010 1.5008181 1.4615780 3.6442284 1.2351325 1.2495897 1.2027118 0.0000010 1.3469575 1.3413983 1.5487968 1.4788934 1.4010806 1.5554022 1.5885780 1.4498210 1.4255493 1.4342052 1.4262770 1.5453197 1.4632918 1.4582400 1.2506979 0.0000010 1.3520673 1.3830683 0.0000010 1.3132309 1.1667277 1.2261787 1.3050539 4.1111963 1.6576930 1.5186560 1.3228002 1.2917635 1.1681078 1.4192482 1.5789487 1.4837841 0.6174389 2.1190976 3.1332334 1.4210751 3.8333499 4.7584283 1.5559958 0.0000010 2.9321788 0.0000010 2.7085062 1.6774761 
Pbac_sb2643196                                                 1.6533213 4.3758850 4.3760198 4.4049219 4.3664457 0.0000010 0.0000010 0.0000010 0.4717191 0.4717191 0.4717191 0.4717191 0.4764350 0.5972244 0.4739355 0.6116623 0.6125412 0.5952060 0.0000010 0.6166232 0.8230843 0.9126875 0.0042257 0.0000010 0.0000000 0.0000010 0.6597321 0.6068741 0.0000010 1.1788104 1.2299563 1.1678104 1.0834839 1.1940014 1.2491831 1.2038174 1.1618929 1.2906463 1.3139242 0.0000010 1.2363308 1.0032535 1.1785068 1.2350117 0.0000010 2.0769143 1.2825337 1.2794024 3.7182315 6.6117313 0.0000010 0.0000010 1.0901158 1.3086815 1.3821104 1.2382953 1.3480185 1.9802335 1.9367187 0.0000010 0.0000010 1.6920908 1.8196257 2.0840720 1.4738579 1.4603018 1.4387277 0.0000010 1.4300335 1.3978129 1.3784670 1.3964518 1.3086434 1.5743367 1.6114997 1.5296493 1.4943985 1.5465400 1.5375672 1.5999148 1.4669487 1.4615734 1.5353419 0.0000010 1.5891877 1.7616668 0.0000010 1.5180426 1.3543430 1.3959000 1.6082889 3.8182269 1.4716129 1.7007598 1.4800551 1.2562328 1.2765665 1.3406482 1.4737282 1.5750565 0.0000010 0.0000010 3.4646379 1.5784443 3.7649250 4.8316703 0.0000010 0.0000010 1.4372669 0.0000010 2.7738994 2.8996856 
Beraby_Baby_sb330664                                           0.0000010 3.5104266 3.8190099 2.9110101 3.3032456 5.0290956 1.3793724 0.2917616 0.2917616 0.3129028 1.4639745 1.8798453 0.2909650 0.0000010 0.0000010 0.0000010 0.4879656 0.5026459 0.0000010 0.3429439 0.0000010 0.0000010 0.3384852 0.0000010 0.0000010 0.0000000 0.3440446 0.0000010 1.7349354 0.8275697 0.8922853 0.8314381 0.0000010 0.7909220 0.6575892 0.8116751 0.8944049 0.9121665 0.7974897 1.1312345 0.9078535 0.0000010 0.9244929 0.9754150 1.3956920 1.3402979 1.0139652 1.0380050 1.9460843 2.2146375 1.5507737 1.4242638 0.0000010 0.5912726 0.9539664 0.8895582 0.9394047 0.8617929 0.8568443 0.4498977 0.8039354 0.8466135 0.0000010 1.2436838 1.0271252 2.3513564 0.9371417 0.9409225 0.8880799 0.0000010 2.1732403 0.8613946 0.7861862 0.8630149 0.8630149 0.9017291 0.8774752 0.8941217 0.8941217 0.9110050 0.9054820 0.8766804 0.8345603 1.0582309 0.6341399 0.7042210 0.8621878 0.8396458 0.7958166 0.9013220 0.8476014 0.0000010 1.0173377 1.1909904 1.2052495 1.0574698 1.0698964 1.1672189 0.4754792 0.0965830 1.2721557 0.9516550 1.2249959 0.0000010 1.2240766 4.3689670 3.6965506 0.3174664 1.0152763 1.0289924 2.7535650 1.8074564 
Pbac_sb2651044                                                 4.8837079 3.3811778 3.4527483 3.3095775 3.3114411 2.3342219 1.2707009 0.3142732 0.3252566 0.3077015 1.9459247 0.4643222 0.3743584 0.9269579 1.6889176 0.4253575 0.4303624 0.4554038 0.3374749 0.4436898 0.0000010 0.0000010 0.0735948 3.0648761 0.6597321 0.3440446 0.0000000 0.0000010 1.4882958 1.0408956 1.0298553 1.0190868 2.1482571 0.9939526 0.9815772 0.9657995 1.0174881 1.1043010 1.0888091 1.2139367 1.3274505 1.3511907 1.1221358 1.1068716 1.4704228 1.5145413 1.0473188 1.0381883 1.6467049 1.7694489 1.6922724 1.5161028 2.5817314 0.9535821 1.1363812 1.0782372 1.1752908 1.1966992 1.1905517 0.8477260 1.0505615 1.2488294 2.0862967 1.2360362 1.2106808 2.3976179 1.0837075 1.0174373 1.1462231 1.3535434 2.8573627 1.0357647 1.0330695 1.0280170 1.0258656 1.0040693 0.9677873 0.9837957 0.9837957 0.9964861 1.1826122 1.1004108 1.0802620 1.3450740 0.9585302 0.9936974 1.0564191 1.2267844 1.1624067 1.2268838 1.2378693 0.9097886 1.1050414 1.2112431 1.2251314 1.1508344 1.1790134 1.3512397 1.2022506 1.2594705 1.4816725 1.2591367 1.4647631 1.9266613 1.3850560 4.5959929 4.7984300 1.5382909 2.1249249 1.3712762 3.0033756 2.0004252 
Eupdun_Edun_sb10627569                                         1.1190723 3.7418891 3.6634650 4.0642479 3.9651234 0.0000010 0.0000010 0.0000010 0.4534414 0.4534414 0.4534414 0.4534414 0.4765036 0.4744253 0.4927757 0.5016534 0.4824442 0.5478332 0.0000010 0.5999747 0.6659000 0.7380338 0.6142710 0.6493660 0.6068741 0.0000010 0.0000010 0.0000000 0.0000010 1.0346142 1.0290009 0.8996127 0.8101622 1.0361364 1.0038133 0.9291180 0.8381009 1.0328821 1.1016666 0.0000010 1.0188884 0.7876678 0.9191980 0.9650287 0.0000010 1.2179843 0.9939882 0.9684450 0.0000010 4.0703771 0.0000010 0.0000010 0.7512858 1.0099713 1.1443623 1.1081612 1.1398984 1.5144598 1.5435405 0.0000010 0.0000010 1.3935810 1.4668583 1.1939090 1.1099310 0.5038191 1.1143512 0.0000010 0.9818066 1.0308850 1.0349855 1.2313770 1.1525798 1.2319217 1.2649433 1.2599583 1.2670837 1.2612120 1.2519179 1.2823764 1.2925595 1.1903421 1.3397693 0.0000010 1.2241818 1.8853891 0.0000010 1.2605948 1.1323974 1.0183051 1.2324533 3.0531759 1.0973224 1.5447541 1.2929024 1.1347376 0.9754374 1.0416234 1.2945005 1.2136425 0.0000010 0.0000010 4.0710845 1.3242851 2.1504130 4.9917237 0.0000010 0.0000010 0.4560899 0.0000010 2.3146838 2.6559028 
Cscu_XM_023353749.1                                            0.0000010 2.5655521 4.1790495 2.4787214 3.0435725 0.9982495 0.9453620 1.3174896 1.3174896 2.8578501 0.0000010 1.2652357 1.2666897 0.0000010 0.0000010 0.0000010 1.3603516 1.3567502 0.0000010 1.3412484 0.0000010 0.0000010 1.4317713 0.0000010 0.0000010 1.7349354 1.4882958 0.0000010 0.0000000 0.0537986 0.6495269 0.5565134 0.0000010 0.4800763 0.8055239 0.7892773 0.7041448 0.7345696 0.5621644 1.0336607 0.8452775 0.0000010 0.8452775 0.9202102 1.0048948 0.8708386 0.9898973 0.9971872 0.8401027 0.8037131 0.9007169 0.8655498 0.0000010 0.0000010 0.8313072 0.9258711 0.9161782 1.0357535 1.1280744 0.0000010 1.1336801 1.0121550 0.0000010 0.8584326 1.0884313 0.0000010 0.8976841 1.1919351 1.1671922 0.0000010 0.0000010 0.9867819 1.1624065 1.0714230 0.9840505 1.3390923 0.9903981 0.9377584 1.0282024 1.1085393 1.0371402 0.9993965 1.1119684 0.9665461 0.0000010 0.0000010 1.1337265 0.8932337 0.9765360 0.8257697 1.0533344 0.0000010 0.8562229 0.8659182 0.8984488 0.8788355 1.1730043 1.3241232 0.0000010 0.0000010 3.0993600 0.8820653 0.0000010 0.0000010 1.2676855 4.6060687 4.7269440 0.0000010 0.0000010 0.0000010 2.0022103 1.1058643 
Cscu_XM_023367110.1                                            2.0175416 2.9265579 3.0668680 2.9769925 3.1698764 1.4424418 0.8786608 0.8906293 0.9237353 0.8795425 0.9572540 0.9890086 0.9192087 1.0273430 0.9734662 0.9434852 0.9376263 0.9508524 1.0316164 0.9679777 1.0126633 1.0381040 1.0302313 1.1815203 1.1788104 0.8275697 1.0408956 1.0346142 0.0537986 0.0000000 0.3793725 0.3344865 0.3603404 0.3676450 0.3971676 0.3804601 0.4234345 0.4127320 0.3802839 0.7910382 0.7607629 0.4729066 0.5702468 0.6241385 0.9304903 1.0433951 0.6640027 0.7591616 1.1247215 1.1773791 1.2164966 1.0541838 0.5994015 0.6014637 0.5122686 0.6647090 0.6948700 0.9616990 0.9906176 0.5268611 0.6849963 0.9250659 1.1011711 0.7121455 0.7131988 0.7392220 0.6872613 0.5972549 0.6277997 0.6656051 0.9370587 0.6411523 0.6529625 0.7197490 0.7161422 0.7054913 0.6707489 0.6919180 0.6999273 0.7112320 0.8482172 0.8596261 0.7829021 0.8590303 0.6673527 0.5925458 0.6834825 0.8516649 0.7854818 0.7962724 0.8337601 0.8086337 0.7134712 0.7909507 0.7213547 0.7257091 0.8197042 0.8700986 0.7803545 0.8978216 1.0501720 0.8657464 1.4691579 1.0851664 0.9561703 4.3693694 1.2810186 1.3671508 1.1306764 1.1042074 2.4578786 1.6022892 
Acagra_model.g26557.t1                                         2.1756497 3.0699105 3.1118052 3.0842403 3.2057487 1.7239726 0.9160589 1.0735477 0.9958476 0.9260541 1.0449168 1.0452345 1.0132107 1.1251128 1.0357240 1.0223145 1.0101724 1.0023590 1.0130370 1.0231354 1.0879981 1.1033211 1.0399129 1.1765317 1.2299563 0.8922853 1.0298553 1.0290009 0.6495269 0.3793725 0.0000000 0.3314336 0.3375764 0.4212455 0.4459022 0.4201037 0.4723065 0.4824692 0.5071263 0.8296191 0.8423259 0.5366323 0.6436540 0.6993516 1.0495983 1.1412898 0.7470943 0.8610451 1.1870438 1.3204040 1.3700258 1.1187016 0.6280123 0.6577377 0.5800536 0.7106977 0.7516818 1.0356714 1.0163312 0.6044619 0.7937924 0.9453855 1.1615233 0.6629252 0.7697288 0.7589244 0.7076573 0.6500010 0.7081356 0.7624675 1.1071613 0.6946494 0.7122455 0.7471564 0.7456749 0.7543852 0.7042216 0.7500073 0.7585423 0.7664297 0.8557875 0.8622446 0.8261410 0.9483216 0.6893577 0.6427483 0.7280729 0.9200669 0.8210857 0.8360349 0.8917086 0.8146816 0.7611561 0.8910675 0.8083516 0.8048934 0.8815141 0.9396291 0.8090182 0.9689710 1.1813158 0.8986482 1.4433048 1.0888166 1.1467683 4.4955086 1.2411619 1.3166295 1.4514897 1.0581562 2.7706715 1.7429511 
Cgig_XM_034446349.1                                            2.0466357 2.9703912 3.0023885 2.9969992 3.1248586 1.7713626 0.9296569 0.9111183 0.9327090 0.8699072 0.9405589 0.9777057 0.9509674 1.1234062 0.9633222 0.9425201 0.9375089 0.9646441 1.0485313 0.9820578 1.1508800 1.1682060 1.0265402 1.1990358 1.1678104 0.8314381 1.0190868 0.8996127 0.5565134 0.3344865 0.3314336 0.0000000 0.2921109 0.3886334 0.4054710 0.3782276 0.4591575 0.3908849 0.4583002 0.8215940 0.8187262 0.5371513 0.6457407 0.6690948 1.1683572 1.2230739 0.7054865 0.7737464 1.3527071 1.3771484 1.3639514 1.1725112 0.6699183 0.6425365 0.5590405 0.6613758 0.7376864 0.9954385 0.9953561 0.6342295 0.7667461 0.8784172 1.1219621 0.6482622 0.6839399 0.7665391 0.6900151 0.6276675 0.6651449 0.6963517 0.9967981 0.6456454 0.6631857 0.7067472 0.6999169 0.7352026 0.6920623 0.7165235 0.7316493 0.7226810 0.8160132 0.8220429 0.7906466 1.0708921 0.6692548 0.6541196 0.6732302 0.8271015 0.7504321 0.7811749 0.8343108 0.8453961 0.7619102 0.8234792 0.7375185 0.7454217 0.8066410 0.8856003 0.8429287 0.9504574 1.1289276 0.9560414 1.5502540 1.0455874 1.1358815 4.2073881 1.1829834 1.3943612 1.2368419 1.1299826 2.5799745 1.6549743 
Lcom_lcpid141645                                               1.6688410 2.6019978 2.6405464 2.7636867 2.7252887 0.0000010 0.0000010 0.0000010 0.9475182 0.9475182 0.9475182 0.9475182 0.9372186 0.7774894 0.9990941 0.9216701 0.9528391 0.9624037 0.0000010 0.9989993 0.9929879 0.9929879 1.1523245 1.4001151 1.0834839 0.0000010 2.1482571 0.8101622 0.0000010 0.3603404 0.3375764 0.2921109 0.0000000 0.5225713 0.4631021 0.3809190 0.4662155 0.4162939 0.4013480 0.0000010 0.8189994 0.3520329 0.5729105 0.6551567 0.0000010 1.6944653 0.7314283 0.7304275 3.2641288 3.6399920 0.0000010 0.0000010 0.6918090 0.7130953 0.5347662 0.6596113 0.7582692 1.3490955 1.4108998 0.0000010 0.0000010 1.1863050 1.2785597 1.0285643 0.8069598 0.7458138 0.8879963 0.0000010 0.7190305 0.6690749 0.4264067 0.7103378 0.7544170 0.7847222 0.7946094 0.7888814 0.7897639 0.7799010 0.7799010 0.7749206 0.9485639 1.0216928 0.9519565 0.0000010 0.7550629 2.2599739 0.0000010 1.1053510 0.9211108 0.9874677 1.1420468 2.9958560 0.7495993 0.7971955 0.8091015 0.7934729 0.8262716 0.7928801 0.9219535 1.1104726 1.5354600 9.0000000 4.3741619 1.0150417 5.4580307 3.8726931 1.0629063 0.0000010 1.4040681 0.0000010 2.3353555 1.0004120 
