71
Bolinf_Binf_sb1263733                                  0.0000000 0.4840281 0.4877432 0.4840281 0.6200297 0.5610178 0.0000010 0.4560183 0.6108286 0.5278220 0.6390234 0.8261312 1.9755417 0.5185406 0.5185406 0.7204586 0.7089108 2.7087217 4.7057707 5.3352388 4.2872840 0.0000010 5.6783504 5.2806816 6.0054472 3.7940376 4.6632680 4.7484992 4.8989630 4.9515800 8.9999989 5.1711840 5.3898197 9.0000000 4.6887016 4.7795430 5.2326349 5.0717238 4.0657913 4.2550707 5.1583980 3.5228180 5.9434274 4.8187475 4.6347009 5.9971599 5.7482702 8.2084924 4.8798467 5.0555845 4.5573515 3.9011108 4.7493394 4.9586538 5.0578942 5.3661420 7.1320972 7.4150826 7.9406552 6.6695251 5.6202222 6.9667748 5.3559413 5.7783308 6.7505002 5.1857781 5.8949147 5.8771910 6.1688337 1.0875569 3.6498532 
Bolinf_Binf_sb1229388                                  0.4840281 0.0000000 0.0000010 0.0000010 0.3290984 0.5250234 0.5041310 0.5408770 0.6943842 0.6221508 0.7420560 1.0471133 1.9932270 0.5444930 0.5473242 0.6715650 0.6743285 4.3068691 4.2075470 4.3836950 3.2464569 1.2839670 4.0017811 4.0814228 2.6257867 2.9743500 3.4286253 3.5003873 3.6746561 3.6915241 2.8612363 3.7543496 4.0106596 2.3643885 4.0154868 4.1558369 4.2259820 3.8429531 4.3740429 4.1621958 4.0731310 1.9765975 4.3385232 3.6902965 3.4863568 4.2607107 3.9173432 6.3996877 3.2078626 3.3421149 3.4342507 3.4438077 3.4780460 4.5436649 4.2110160 4.4113813 4.8824515 4.7610099 5.5492907 5.0966640 4.4035954 4.8286447 4.0098808 4.3533297 4.9834972 3.8183776 4.7100753 3.5998821 4.4918793 1.2471072 3.5611167 
Mertsp_Mesp_sb528415                                   0.4877432 0.0000010 0.0000000 0.0000010 0.3211391 0.5191605 0.5229263 0.6947011 0.6838476 0.5953166 0.7447878 1.2457247 2.5267157 0.5634194 0.5669085 0.6699808 0.6582932 4.3068691 4.4627965 5.0934406 3.8171927 0.0000010 4.5360985 4.7601221 3.4575830 3.3784491 4.1368302 4.2400511 4.3133985 4.3365457 2.6985351 4.3574412 5.0677116 8.2600532 4.8364375 4.8850792 4.6635640 4.3514148 4.1901039 4.2353244 4.6330306 0.7828373 5.0271157 4.1599784 4.0006840 5.0041291 4.8283405 7.2809999 3.8956332 4.0172614 4.0368098 3.8224679 4.0463343 4.9633961 5.0236570 4.9468420 6.0596109 6.0227698 7.0049057 6.3292722 5.6561271 5.4551692 4.6595555 4.8572279 5.8502111 4.5327607 5.5967049 4.4196923 5.4063822 1.1757115 3.5611167 
Bolinf_Binf_sb1229387                                  0.4840281 0.0000010 0.0000010 0.0000000 0.3048477 0.5460649 0.5031987 0.5186018 0.6512186 0.5901618 0.6743375 0.7544657 0.3792039 0.4850826 0.4850826 0.6852065 0.6649303 0.9782379 2.7538050 3.0329695 2.3626391 1.3791593 2.9152345 2.8651031 1.9746985 2.4262088 2.6867888 2.7351706 2.8315719 2.8326912 1.3837037 2.7017342 2.4576204 1.2814235 2.7606440 2.7991609 2.7547660 2.6720775 2.6339197 2.8985718 3.1389828 1.3123836 2.8469666 2.6009324 2.5666170 2.8815810 2.6863339 1.8432689 2.5975460 2.5719152 2.4711303 2.4881437 2.5603629 3.0974068 2.9964325 3.0694065 3.3764555 3.2480915 3.5900362 3.3576729 3.2761582 3.3896480 2.9932809 3.0326776 4.8504566 2.7577437 3.3472715 3.5468777 3.0222184 1.2471072 3.5611167 
Mlei_ML0074.g11.i1                                     0.6200297 0.3290984 0.3211391 0.3048477 0.0000000 0.3954234 0.5104700 0.4401975 0.5256042 0.4939329 0.5476481 0.6102818 0.3950175 0.5002901 0.5261198 0.6124768 0.6305815 1.1199542 2.2221708 2.3299039 1.8219379 1.0234843 2.1481225 2.3240549 1.4462767 1.8368998 1.9757512 1.9914715 2.0312382 2.0390108 1.2109874 2.1060274 1.8151505 1.0769991 1.9540044 2.0492845 2.1397384 2.1383069 2.2353844 2.1282852 2.3722320 1.0767418 2.0176907 1.9933273 2.2805727 2.1147328 2.0979467 1.5609818 1.9586735 1.9189351 2.1141478 2.1462450 2.1160852 2.3640197 2.3651536 2.2494459 2.6372439 2.5399851 2.9036781 2.8099619 2.4856455 2.3857471 2.2089374 2.2550307 4.9874585 2.4418319 3.0552274 3.5458663 3.2344777 1.4097879 3.4900107 
Beraby_Baby_sb340327                                   0.5610178 0.5250234 0.5191605 0.5460649 0.3954234 0.0000000 0.4955186 0.4020573 0.5656897 0.5511543 0.5935273 0.6303890 0.4325349 0.5498601 0.5803006 0.6000867 0.6263457 1.0230056 2.3199292 2.3729675 2.0099155 1.4350890 2.2323791 2.4409816 1.6877038 2.0622515 2.2952374 2.2947858 2.3391165 2.3620142 1.2748860 2.1382266 1.8483852 1.2292810 2.0413278 2.2235873 2.3474360 2.3281915 2.4054608 2.0966957 2.3279123 1.1914053 2.1832404 2.1171132 2.5455120 2.2158118 2.3275832 1.6052218 2.1511638 2.1592207 2.3129260 2.3032057 2.3458879 2.4332848 2.2926094 2.3588785 2.6828472 2.6180738 2.9053181 2.6518326 2.5686517 2.4912288 2.2124265 2.4155430 5.2892856 2.5049597 3.1389898 3.3291745 3.4572821 1.3616626 4.0104292 
Mertsp_Mesp_sb534988                                   0.0000010 0.5041310 0.5229263 0.5031987 0.5104700 0.4955186 0.0000000 0.0000010 0.6374548 0.5791647 0.6639789 0.5723558 0.3394058 0.4919252 0.4919252 0.6122547 0.6821651 1.1932145 2.5996428 2.6628512 2.2306073 1.5945268 2.5775631 2.9027735 1.7539926 2.1275579 2.4001112 2.4453739 2.4307438 2.4429454 1.4850361 2.6309751 2.3590753 1.3155029 2.4922047 2.4131028 2.5985362 2.5762890 2.3206719 2.6797835 3.0063918 1.3167619 2.5394700 2.6075305 2.5596152 2.7393791 2.6429029 1.9228695 2.1784328 2.1653709 2.2966019 2.1572425 2.4071882 2.6808124 2.6627345 2.6199862 3.2289913 3.3298290 3.3088867 3.3168097 2.8936640 3.0885599 2.7476837 2.5387977 4.7519412 2.5346052 2.9783751 3.0350757 3.0608519 1.1767893 3.6669835 
Bolinf_Binf_sb1315739                                  0.4560183 0.5408770 0.6947011 0.5186018 0.4401975 0.4020573 0.0000010 0.0000000 0.5974338 0.5938511 0.6150913 0.5422649 0.2907580 0.5100656 0.5100656 0.5182988 0.5751935 1.1732268 1.5930116 1.5796397 1.2654994 1.5945268 1.3631908 1.7138024 1.4127152 1.4007044 1.4592125 1.4826198 1.5025476 1.5004370 1.3865532 1.5347325 1.3008529 1.2067355 1.4650433 1.3543914 1.3554855 1.3940949 1.2583798 1.2420826 1.6982153 1.1999531 1.4551392 1.4807852 1.5135463 1.4373639 1.4483748 1.6451746 1.2616596 1.1940571 1.6485729 1.3217464 1.4740814 1.6813557 1.5508583 1.5130527 1.7745647 1.7745647 1.6171964 1.8577662 1.7596217 1.5791916 1.5352192 1.3286965 2.5491742 1.3133604 1.7533947 1.7154764 1.9631367 2.8065439 0.0000010 
Horcal_Hcv1.av93.c1.g594.i1                            0.6108286 0.6943842 0.6838476 0.6512186 0.5256042 0.5656897 0.6374548 0.5974338 0.0000000 0.0083704 0.0448271 0.6599341 0.4123541 0.5815505 0.6195826 0.6628028 0.9088083 1.0591669 2.1728058 2.1796442 2.0278438 1.7325988 2.2562468 2.2650568 1.7024917 2.0155046 2.2720575 2.2447138 2.3652286 2.3683634 1.1578816 2.1187960 2.0306024 1.3662322 1.9194979 2.0812255 2.3255269 2.2695014 2.2640453 1.9157033 2.1624793 1.1177460 1.9958045 1.9508550 2.3199151 2.2522383 2.3650631 1.3572456 2.0041304 1.9568652 2.6993830 2.3560408 2.0855888 2.3482784 2.2500091 2.4304752 2.4072344 2.3319824 2.6302379 2.5195072 2.4757356 2.5633960 2.4761300 2.3713863 5.5785907 2.6328515 3.0323990 3.6908303 3.2126926 1.3505132 3.8858413 
Horcal_Hcv1.av93.c1.g594.i2                            0.5278220 0.6221508 0.5953166 0.5901618 0.4939329 0.5511543 0.5791647 0.5938511 0.0083704 0.0000000 0.0494371 0.6002522 0.4170342 0.5115019 0.5477929 0.6070592 0.7894135 1.0590722 1.9814747 2.0076261 1.8127153 1.7007820 2.0836530 2.0400197 1.4857806 1.8742096 2.0909732 2.0728335 2.1576986 2.1603433 1.1598415 1.9542108 1.8246350 1.2343496 1.7021658 1.8561164 2.2016922 2.0221421 2.2474103 1.7484061 1.9946368 1.1190645 1.7891681 1.7929094 2.1768002 2.1141328 2.0885100 1.3572456 1.8306147 1.8133458 2.1823496 2.0679931 1.9035534 2.1764766 2.0584331 2.1089962 2.1882957 2.1030007 2.3295936 2.2606217 2.2655266 2.4051564 2.2724370 2.0912888 4.9784362 2.3740217 2.6785657 3.1190520 2.7979917 1.2596501 3.5199466 
Pbac_sb2640164                                         0.6390234 0.7420560 0.7447878 0.6743375 0.5476481 0.5935273 0.6639789 0.6150913 0.0448271 0.0494371 0.0000000 0.6644190 0.3960682 0.5993460 0.6389749 0.6994405 0.9601050 1.0285367 2.1926913 2.1734073 2.0111685 1.6578514 2.2629645 2.2871393 1.6753390 2.0214890 2.2734438 2.2358218 2.3368710 2.3399140 1.1268709 2.1496015 2.0063148 1.3275463 1.9235513 2.0851200 2.3156480 2.2720045 2.2879259 1.9416489 2.2009330 1.1392617 1.9665493 1.9557831 2.3159560 2.2524531 2.3866549 1.3572456 2.0111726 1.9688057 2.7249726 2.4373891 2.1515149 2.3411929 2.2211294 2.4587482 2.5080349 2.4341347 2.6065732 2.5841038 2.4732754 2.5233641 2.4781659 2.3348351 5.3920863 2.6396466 3.1115644 3.9512155 3.3186114 1.3736806 3.9745671 
Eupdun_Edun_sb10629780                                 0.8261312 1.0471133 1.2457247 0.7544657 0.6102818 0.6303890 0.5723558 0.5422649 0.6599341 0.6002522 0.6644190 0.0000000 0.3751964 0.7232417 0.7417790 0.7395094 0.8723722 1.1712423 1.4508362 1.4179685 1.2702259 1.4681516 1.5001817 1.4285291 1.3063423 1.3131436 1.3562675 1.3575430 1.4261911 1.4297773 1.1447140 1.2630200 1.3379729 1.2640124 1.4061444 1.2461749 1.5041210 1.4060901 1.2194643 1.2178285 1.4634667 1.1604596 1.3575238 1.3071544 1.4736052 1.2407631 1.3709778 1.6344496 1.2101763 1.1302931 1.4245710 1.3170980 1.5106022 1.5889989 1.2378441 1.2722920 1.6057315 1.6057315 1.4291912 1.5164891 1.4610760 1.5912068 1.4361541 1.5017969 3.0906513 1.2135046 1.9181405 2.2890896 1.9597006 3.6658912 0.0000010 
Lampan_Lpan_12496_01                                   1.9755417 1.9932270 2.5267157 0.3792039 0.3950175 0.4325349 0.3394058 0.2907580 0.4123541 0.4170342 0.3960682 0.3751964 0.0000000 0.4914044 0.5449949 0.4990934 0.7244258 0.9217578 0.8890836 1.0758834 1.0000293 2.3958793 1.2758547 1.0304749 1.0163780 1.0249225 1.1264119 1.1183602 1.1342293 1.1342293 1.0096498 1.0102461 0.8820799 0.6456849 0.8796117 0.9880069 1.1052731 1.0533726 0.7451665 0.9023862 0.8741090 0.8116482 0.8116482 0.9096704 0.8548812 1.0771786 0.9070772 0.8687706 0.9805721 1.0168283 1.6958326 1.0191295 1.1730629 1.0460504 1.0402116 1.0896603 1.1107247 1.1107247 1.1448368 1.1401126 1.0291719 0.9518371 0.9246772 1.1616580 5.3126811 0.7440788 0.9235735 0.0000010 1.2935546 9.0000000 0.0000010 
Drygla_Dgla_sb301239                                   0.5185406 0.5444930 0.5634194 0.4850826 0.5002901 0.5498601 0.4919252 0.5100656 0.5815505 0.5115019 0.5993460 0.7232417 0.4914044 0.0000000 0.0052768 0.6573632 0.6993370 1.1546474 2.1033204 2.4012004 2.0267874 1.5677398 2.4158320 2.5101915 1.6546712 2.0573919 2.2861012 2.2718643 2.3457311 2.3639508 1.3402917 2.3313939 1.9118402 1.2069960 2.1106983 2.2661710 2.2117986 2.1941408 2.3623750 2.1965055 2.2476711 1.1967288 2.1760637 2.1625753 2.4897721 2.3222985 2.3906070 1.5127451 2.0209664 2.1018273 2.6205768 2.4666168 2.1927428 2.3379438 2.2585233 2.3200741 2.6113849 2.5444293 2.7772706 2.6373838 2.5231413 2.4980216 2.3788780 2.2894273 4.7076807 2.5549424 3.1970418 3.5205202 3.5514108 1.3886980 3.4483478 
Drygla_Dgla_sb301241                                   0.5185406 0.5473242 0.5669085 0.4850826 0.5261198 0.5803006 0.4919252 0.5100656 0.6195826 0.5477929 0.6389749 0.7417790 0.5449949 0.0052768 0.0000000 0.6720852 0.6993370 1.0727214 2.1330687 2.4224406 2.0475683 1.5677398 2.4515002 2.5654464 1.7005638 2.0568431 2.2947235 2.2796485 2.3571914 2.3764764 1.3179039 2.3771549 2.0182532 1.2069960 2.2380235 2.2661710 2.2553937 2.2366575 2.3623750 2.2595946 2.3469875 1.2098182 2.2580888 2.2382695 2.4897721 2.4196826 2.4528728 1.5127451 2.1011312 2.1547049 2.6205768 2.4666168 2.2419103 2.3404681 2.3491580 2.4349864 2.7411093 2.6742770 2.9103404 2.7988751 2.5643185 2.5728294 2.4389024 2.3173763 4.7076807 2.5549424 3.1970418 3.5205202 3.5514108 1.3886980 3.4483478 
Coemet_Cmet_scaffold9337_01                            0.7204586 0.6715650 0.6699808 0.6852065 0.6124768 0.6000867 0.6122547 0.5182988 0.6628028 0.6070592 0.6994405 0.7395094 0.4990934 0.6573632 0.6720852 0.0000000 0.0791215 1.4888074 2.5603249 2.3610425 2.1588056 1.2882185 2.2682289 2.4613982 1.6619846 2.0771617 2.4239695 2.3595633 2.4026214 2.4034737 1.4030885 2.2343160 1.9215435 1.2858452 2.1382862 2.2063116 2.6967788 2.3623545 2.6090424 2.3056850 2.5345160 1.1408045 2.1958775 2.2253933 2.5684564 2.5905354 2.4789591 1.2748221 2.0663967 2.0992081 2.4271132 2.3592558 2.2939820 2.4399685 2.1368420 2.5739418 2.7286795 2.5943229 3.1088764 2.8408188 2.8595699 2.5849752 2.3364066 2.6331487 5.5919644 2.7414154 3.1070710 3.4222363 3.1120157 1.5841038 3.5783428 
Coeast_Cast_sb777270                                   0.7089108 0.6743285 0.6582932 0.6649303 0.6305815 0.6263457 0.6821651 0.5751935 0.9088083 0.7894135 0.9601050 0.8723722 0.7244258 0.6993370 0.6993370 0.0791215 0.0000000 0.5614473 4.6874848 4.6766210 4.0633928 1.5414095 3.4714287 4.9968302 2.9304006 2.8813858 3.7944105 3.7503909 3.7082961 3.7309907 3.2919046 3.9210451 4.1388003 3.3963906 4.2121565 4.0938120 5.0038920 4.0310063 4.5046863 4.5779632 4.4103705 1.5666114 4.5906326 4.0703364 3.7990387 5.0795415 4.4318364 5.3597495 3.6573181 3.7357241 3.7429152 3.5345824 3.8880075 4.4220490 3.9529965 5.0280035 5.3750185 5.2344382 6.4041400 6.2137558 5.1432181 4.8550852 4.1615196 4.6364251 5.5236517 4.0879608 4.7995044 3.5255578 5.1648777 1.3737509 3.6684579 
Xestes_maker-XT_scaffold4420-augustus-gene-0.9-mRNA-1  2.7087217 4.3068691 4.3068691 0.9782379 1.1199542 1.0230056 1.1932145 1.1732268 1.0591669 1.0590722 1.0285367 1.1712423 0.9217578 1.1546474 1.0727214 1.4888074 0.5614473 0.0000000 0.3748347 0.4187240 0.4772351 9.0000000 0.4804124 0.5710319 0.6569524 0.7254700 0.8177453 0.8064261 0.8130413 0.8130413 0.5985951 0.5985951 0.5112770 0.5179288 0.5567966 0.5440605 0.5713192 0.6197709 0.4961346 0.5387550 0.5021522 0.6445069 0.6445069 0.5567981 0.4366996 0.5661169 0.6271166 0.7239341 0.6020496 0.7717548 4.1148929 0.5506880 0.5989237 0.5648203 0.5540248 0.7411066 0.6230151 0.6230151 0.5480905 0.5667362 0.7356306 0.7354932 0.7133446 0.7267569 1.8445752 0.7227956 0.7755538 0.0000010 0.6631291 4.5249177 0.0000010 
Skow_XM_006818370.1                                    4.7057707 4.2075470 4.4627965 2.7538050 2.2221708 2.3199292 2.5996428 1.5930116 2.1728058 1.9814747 2.1926913 1.4508362 0.8890836 2.1033204 2.1330687 2.5603249 4.6874848 0.3748347 0.0000000 1.0514273 0.9097949 0.8745256 1.1759006 0.9843415 0.6895579 1.1413816 1.3267539 1.2976205 1.3037088 1.3074997 0.8735324 1.1085918 1.1015805 0.6661325 1.0951531 1.2151455 1.1417809 0.7782238 1.0861070 0.9262093 1.1254097 0.6799976 1.0085740 1.0646137 1.0806263 1.0352979 0.9117508 0.8064618 1.0604498 1.0952869 1.2625950 1.1485799 0.8742945 1.0388371 1.2881100 1.0527453 1.3419796 1.3474214 1.3160462 1.3049212 1.2876348 1.2331761 1.2838199 1.1574057 2.7695882 1.5686099 1.5375247 1.5674889 1.3903152 3.9805677 1.9773089 
Tetwil_g4951.t2                                        5.3352388 4.3836950 5.0934406 3.0329695 2.3299039 2.3729675 2.6628512 1.5796397 2.1796442 2.0076261 2.1734073 1.4179685 1.0758834 2.4012004 2.4224406 2.3610425 4.6766210 0.4187240 1.0514273 0.0000000 0.5509560 0.6053354 1.0006919 1.1221067 0.8804507 1.4657004 1.6039034 1.5339628 1.5722285 1.5669157 0.7557672 0.8698798 1.1208080 0.7312935 1.1588664 1.1125436 1.2460598 1.0223039 1.1077287 0.8998951 0.9930113 0.7033966 0.9861895 1.0121118 1.0183040 1.2343606 1.1424417 0.9030927 1.1044437 1.1218877 0.6702650 0.7248897 1.1165832 1.3874740 1.3014031 1.3414697 1.4763797 1.4396312 1.3952503 1.3803710 1.2750576 1.4490946 1.4762901 1.3076786 2.5353355 1.5738301 1.6007127 1.0626564 1.7579815 5.2443367 2.3503530 
Stycar_maker-SC_scaffold7082-snap-gene-0.25-mRNA-1     4.2872840 3.2464569 3.8171927 2.3626391 1.8219379 2.0099155 2.2306073 1.2654994 2.0278438 1.8127153 2.0111685 1.2702259 1.0000293 2.0267874 2.0475683 2.1588056 4.0633928 0.4772351 0.9097949 0.5509560 0.0000000 0.4969842 0.9875727 1.0050402 0.7183973 1.2952988 1.3722382 1.3472775 1.3489211 1.3482962 0.7184181 0.8451765 1.0808306 0.6269583 1.1394483 1.1861894 1.1861553 0.9430880 0.9998096 0.9234391 1.0927616 0.7111150 0.9982542 0.9775267 1.0130133 1.2135224 0.9290540 0.7246415 0.8886638 0.9461594 0.5909637 0.6494601 1.0236126 1.2255041 1.2621984 1.1895568 1.4553543 1.4487558 1.2805038 1.2553740 1.2755889 1.3683515 1.3982243 1.2360729 2.5727100 1.5525789 1.5541262 1.1590723 1.5767370 3.7977410 2.3086992 
Xestes_maker-XT_scaffold4420-augustus-gene-0.10-mRNA-1 0.0000010 1.2839670 0.0000010 1.3791593 1.0234843 1.4350890 1.5945268 1.5945268 1.7325988 1.7007820 1.6578514 1.4681516 2.3958793 1.5677398 1.5677398 1.2882185 1.5414095 9.0000000 0.8745256 0.6053354 0.4969842 0.0000000 0.5344951 0.8365047 0.5893366 0.6142712 0.5173255 0.5173255 0.5446775 0.5637577 0.9250383 0.7792822 0.6412254 0.6412254 0.7465350 0.7538232 0.8740273 0.6577524 0.8928052 0.8643908 0.8726665 0.7697752 0.8149847 0.7567605 0.7976676 0.8710695 0.7319493 0.8269899 0.7473491 0.7316725 0.6942386 0.5577353 0.8784893 1.1559836 0.6985894 0.6401277 0.9716477 0.9716477 0.8696343 0.8288520 0.6854120 1.0185435 0.8982215 0.9378003 1.2513441 0.7619260 1.1009484 0.4092554 1.0787442 0.7233180 0.0000010 
Aque_Aqu2.1.34896_001                                  5.6783504 4.0017811 4.5360985 2.9152345 2.1481225 2.2323791 2.5775631 1.3631908 2.2562468 2.0836530 2.2629645 1.5001817 1.2758547 2.4158320 2.4515002 2.2682289 3.4714287 0.4804124 1.1759006 1.0006919 0.9875727 0.5344951 0.0000000 1.2070692 0.9818900 1.4638682 1.6177708 1.5721104 1.5884698 1.5745924 0.9733500 1.0082459 1.2953044 0.9545734 1.2851925 1.3132096 1.4074423 1.0952289 1.3784236 1.1992391 1.3502331 0.8480982 1.2067800 1.2608082 1.2963992 1.3313812 1.3221485 0.9290329 1.2529241 1.2215650 0.9691348 0.9872326 1.2909850 1.5165894 1.5002551 1.2679657 1.4447161 1.4729836 1.4191030 1.3869362 1.4367724 1.6058450 1.5972021 1.3239640 2.8675426 1.6795489 1.3967534 0.8272684 1.8601673 4.8923599 2.1207115 
Opea_EP00118_Oscarella_pearsei_P020224                 5.2806816 4.0814228 4.7601221 2.8651031 2.3240549 2.4409816 2.9027735 1.7138024 2.2650568 2.0400197 2.2871393 1.4285291 1.0304749 2.5101915 2.5654464 2.4613982 4.9968302 0.5710319 0.9843415 1.1221067 1.0050402 0.8365047 1.2070692 0.0000000 0.7665562 1.4209865 1.4368756 1.3746224 1.4337872 1.4314993 0.9080324 1.1012406 1.3644131 0.7215925 1.2172178 1.3129013 1.1919851 1.0828039 1.4759653 1.0492367 1.2607874 0.6382530 1.0715555 1.1471918 1.2239854 1.2189935 1.0278169 0.8101215 1.1714429 1.1135794 1.3603998 1.3777284 1.1465432 1.2079188 1.3570563 1.4010164 1.3527348 1.3292867 1.3531554 1.3524461 1.3478798 1.4074880 1.6298033 1.2493990 2.4548288 1.6407794 1.3404366 1.7078445 0.7908412 5.0023767 2.7693840 
Tadh_TriadT2009                                        6.0054472 2.6257867 3.4575830 1.9746985 1.4462767 1.6877038 1.7539926 1.4127152 1.7024917 1.4857806 1.6753390 1.3063423 1.0163780 1.6546712 1.7005638 1.6619846 2.9304006 0.6569524 0.6895579 0.8804507 0.7183973 0.5893366 0.9818900 0.7665562 0.0000000 0.0036270 0.2297848 0.2189675 0.2294083 0.2249117 0.7722643 0.7912747 0.8648048 0.8110173 0.9276396 0.8745761 1.0165019 0.7353171 0.8178323 0.8510549 0.8581589 0.7619674 0.9508055 0.8638395 0.8529248 0.8895610 0.7689239 1.0343945 0.7440502 0.7229900 1.0313487 0.9585693 0.8316581 0.9251427 0.9640805 0.8882915 1.1242499 1.1242499 1.1325860 1.1216992 0.7866996 0.9451777 0.9796183 0.9803177 1.6750254 1.0812905 1.3828663 1.1457079 1.1145748 1.5924843 3.8570917 
TrH2_TrispH2_007205-RA                                 3.7940376 2.9743500 3.3784491 2.4262088 1.8368998 2.0622515 2.1275579 1.4007044 2.0155046 1.8742096 2.0214890 1.3131436 1.0249225 2.0573919 2.0568431 2.0771617 2.8813858 0.7254700 1.1413816 1.4657004 1.2952988 0.6142712 1.4638682 1.4209865 0.0036270 0.0000000 0.3981777 0.3916022 0.4030235 0.3989818 0.9441304 1.2658314 1.2714245 0.8298342 1.3886490 1.3922575 1.7190379 1.2011434 1.6807649 1.3287199 1.4108509 0.7943509 1.2447069 1.3434821 1.3417296 1.3601814 1.3093588 1.1517743 1.0937090 1.0873996 1.5786656 1.6544262 1.3482706 1.4436791 1.5186207 1.5415762 1.8042022 1.8404497 1.8229788 1.7450361 1.3158644 1.5371530 1.5532654 1.4612707 3.1553141 1.8617991 2.1590734 1.8482853 1.9514718 3.1199780 2.8999130 
HoiH23_PlH23_011167-RA                                 4.6632680 3.4286253 4.1368302 2.6867888 1.9757512 2.2952374 2.4001112 1.4592125 2.2720575 2.0909732 2.2734438 1.3562675 1.1264119 2.2861012 2.2947235 2.4239695 3.7944105 0.8177453 1.3267539 1.6039034 1.3722382 0.5173255 1.6177708 1.4368756 0.2297848 0.3981777 0.0000000 0.0495480 0.1601618 0.1593687 0.9965328 1.4088241 1.3862638 0.8449055 1.4207445 1.4399194 1.5753864 1.3065987 1.7717410 1.4217464 1.4586564 0.7378174 1.2293760 1.3369378 1.4400560 1.3629814 1.4089787 1.1377976 1.1574731 1.1325151 1.7931603 1.7822705 1.4153482 1.6155736 1.4975165 1.5022460 1.8948997 1.9669385 1.8734153 1.9193594 1.3199400 1.6511491 1.5603539 1.5010609 3.6387419 1.8899810 2.4684516 2.1002279 2.1257859 3.9249031 3.4117015 
HoiH06_mRNA7202                                        4.7484992 3.5003873 4.2400511 2.7351706 1.9914715 2.2947858 2.4453739 1.4826198 2.2447138 2.0728335 2.2358218 1.3575430 1.1183602 2.2718643 2.2796485 2.3595633 3.7503909 0.8064261 1.2976205 1.5339628 1.3472775 0.5173255 1.5721104 1.3746224 0.2189675 0.3916022 0.0495480 0.0000000 0.1654828 0.1646670 0.9783498 1.3738859 1.4125768 0.8460908 1.4271152 1.4568764 1.5565397 1.2757489 1.7875757 1.4184092 1.4482286 0.7463256 1.2290448 1.3406757 1.4432773 1.3737018 1.3897754 1.1644753 1.1069810 1.1093756 1.7977184 1.7423822 1.3984303 1.6170853 1.4832002 1.4873604 1.8940268 1.9529832 1.8826033 1.8964027 1.3177012 1.6730658 1.5583331 1.4969682 3.6794346 1.8061601 2.3935996 2.1086295 2.1356116 3.6717137 3.4363762 
Hhon_g06032.t1                                         4.8989630 3.6746561 4.3133985 2.8315719 2.0312382 2.3391165 2.4307438 1.5025476 2.3652286 2.1576986 2.3368710 1.4261911 1.1342293 2.3457311 2.3571914 2.4026214 3.7082961 0.8130413 1.3037088 1.5722285 1.3489211 0.5446775 1.5884698 1.4337872 0.2294083 0.4030235 0.1601618 0.1654828 0.0000000 0.0071760 0.9989582 1.3351277 1.3683102 0.8986659 1.4392226 1.4838648 1.5558055 1.2633403 1.7921298 1.4558730 1.4719178 0.7925514 1.2887696 1.3896987 1.4743372 1.3951859 1.4035950 1.2552822 1.1214970 1.1153557 1.7462760 1.7115069 1.4126483 1.5971745 1.5050521 1.4787812 1.9528795 1.9950837 1.8979929 1.9000197 1.3449009 1.5922199 1.5901103 1.4578104 3.4555701 1.8069501 2.2587098 1.9432834 2.0974307 3.8746593 3.4782943 
HoiH04_mRNA14071                                       4.9515800 3.6915241 4.3365457 2.8326912 2.0390108 2.3620142 2.4429454 1.5004370 2.3683634 2.1603433 2.3399140 1.4297773 1.1342293 2.3639508 2.3764764 2.4034737 3.7309907 0.8130413 1.3074997 1.5669157 1.3482962 0.5637577 1.5745924 1.4314993 0.2249117 0.3989818 0.1593687 0.1646670 0.0071760 0.0000000 1.0022241 1.3392610 1.3675268 0.9126498 1.4441938 1.4892381 1.5581930 1.2662615 1.7916172 1.4500555 1.4577648 0.7953089 1.2900956 1.3949621 1.4808631 1.3847750 1.4022426 1.2870872 1.1180178 1.1062820 1.7213309 1.7213743 1.4228578 1.6016198 1.5080763 1.4855042 1.9493292 1.9912253 1.8945859 1.9128660 1.3421050 1.5862906 1.5985448 1.4543996 3.4526737 1.8212801 2.2506796 1.9459485 2.0805583 3.9159787 3.4698300 
Plespi_Pspi_scaffold9590_01                            8.9999989 2.8612363 2.6985351 1.3837037 1.2109874 1.2748860 1.4850361 1.3865532 1.1578816 1.1598415 1.1268709 1.1447140 1.0096498 1.3402917 1.3179039 1.4030885 3.2919046 0.5985951 0.8735324 0.7557672 0.7184181 0.9250383 0.9733500 0.9080324 0.7722643 0.9441304 0.9965328 0.9783498 0.9989582 1.0022241 0.0000000 0.0433694 0.8847231 0.8478052 0.8026513 0.8192634 0.9937915 0.7880453 0.9810561 1.0066077 0.9934506 0.7604010 0.7786916 0.9135606 0.9370644 0.9246260 0.8520039 1.0546620 0.9422405 0.9369772 1.2692474 1.1008732 0.8833958 0.8099066 0.8620974 0.9541145 1.1060230 1.1060230 1.0156933 1.0170866 1.1115053 1.1330969 0.9905325 0.9438477 2.8093382 0.9952536 1.4549990 2.8344309 1.3141651 2.8143801 9.0000000 
Plespi_Pspi_scaffold9589_01                            5.1711840 3.7543496 4.3574412 2.7017342 2.1060274 2.1382266 2.6309751 1.5347325 2.1187960 1.9542108 2.1496015 1.2630200 1.0102461 2.3313939 2.3771549 2.2343160 3.9210451 0.5985951 1.1085918 0.8698798 0.8451765 0.7792822 1.0082459 1.1012406 0.7912747 1.2658314 1.4088241 1.3738859 1.3351277 1.3392610 0.0433694 0.0000000 1.1383824 0.8820094 1.2247454 1.2066048 1.4370971 1.0774628 1.3192319 1.3129517 1.3013842 0.7110793 1.0493426 1.1352122 1.1314621 1.3120967 1.1203864 1.1519287 1.0383207 0.9793760 0.9804864 0.9994462 1.2234910 1.1615219 1.4582773 1.3263838 1.5176753 1.5570845 1.4021554 1.4445107 1.3648971 1.4645903 1.4884860 1.2398870 2.6912753 1.6298030 1.5346010 1.3386674 1.5402278 4.2098742 2.4840559 
Sanmal_Sma_001909-T1                                   5.3898197 4.0106596 5.0677116 2.4576204 1.8151505 1.8483852 2.3590753 1.3008529 2.0306024 1.8246350 2.0063148 1.3379729 0.8820799 1.9118402 2.0182532 1.9215435 4.1388003 0.5112770 1.1015805 1.1208080 1.0808306 0.6412254 1.2953044 1.3644131 0.8648048 1.2714245 1.3862638 1.4125768 1.3683102 1.3675268 0.8847231 1.1383824 0.0000000 0.0549408 0.6938472 0.6213687 1.2334535 1.1680900 1.5819144 1.2028503 1.1239406 0.7131917 1.0915881 1.0973367 1.2907685 1.2096617 1.1044784 0.7842283 1.1177537 1.1698127 1.1958999 1.3275531 1.2672871 1.3067890 1.2736051 1.0815006 1.6037951 1.6037951 1.6829925 1.6369191 1.2969906 1.4433134 1.3242725 1.3513642 2.8556126 1.5842919 1.9080786 1.8171087 1.8754934 3.7248924 0.4427653 
Sanmal_Sma_004602-T1                                   9.0000000 2.3643885 8.2600532 1.2814235 1.0769991 1.2292810 1.3155029 1.2067355 1.3662322 1.2343496 1.3275463 1.2640124 0.6456849 1.2069960 1.2069960 1.2858452 3.3963906 0.5179288 0.6661325 0.7312935 0.6269583 0.6412254 0.9545734 0.7215925 0.8110173 0.8298342 0.8449055 0.8460908 0.8986659 0.9126498 0.8478052 0.8820094 0.0549408 0.0000000 0.5018315 0.4343199 0.6956915 0.6653362 0.8958205 0.8403886 0.9095951 0.7770452 0.9242260 0.8151655 0.8696940 0.7926145 0.8435726 0.5078255 0.8085657 0.7530080 0.8693482 0.7091732 0.8411307 1.0443782 0.7275948 0.7570524 1.0833508 1.0833508 0.9483449 1.0022981 0.7954959 0.9946771 0.9003020 0.9415015 1.4081907 0.6997060 0.9996038 1.1997101 0.9378219 1.3371477 9.0000000 
Nemnom_g11087.t1                                       4.6887016 4.0154868 4.8364375 2.7606440 1.9540044 2.0413278 2.4922047 1.4650433 1.9194979 1.7021658 1.9235513 1.4061444 0.8796117 2.1106983 2.2380235 2.1382862 4.2121565 0.5567966 1.0951531 1.1588664 1.1394483 0.7465350 1.2851925 1.2172178 0.9276396 1.3886490 1.4207445 1.4271152 1.4392226 1.4441938 0.8026513 1.2247454 0.6938472 0.5018315 0.0000000 0.2433934 1.0596967 1.2220065 1.3683533 1.1693824 1.4069852 0.7327181 1.1687382 1.1394919 1.2534469 1.1709069 1.0861668 0.8134690 1.2190212 1.1138897 1.4186367 1.3444123 1.1686667 1.4669251 1.2012813 1.1248653 1.3157075 1.3356733 1.3823747 1.4138963 1.2832181 1.3586159 1.4536957 1.2013749 2.7831695 1.4928550 1.5720658 1.7309943 1.8807234 3.4152603 1.3184785 
Rhoesc_Res_008567-T1                                   4.7795430 4.1558369 4.8850792 2.7991609 2.0492845 2.2235873 2.4131028 1.3543914 2.0812255 1.8561164 2.0851200 1.2461749 0.9880069 2.2661710 2.2661710 2.2063116 4.0938120 0.5440605 1.2151455 1.1125436 1.1861894 0.7538232 1.3132096 1.3129013 0.8745761 1.3922575 1.4399194 1.4568764 1.4838648 1.4892381 0.8192634 1.2066048 0.6213687 0.4343199 0.2433934 0.0000000 1.0176589 1.2152059 1.2947770 1.2335006 1.3704209 0.7241208 1.1755458 1.1534824 1.1853021 1.1924641 1.1825422 0.6765172 1.2464766 1.0832978 1.3316813 1.2255405 1.2063333 1.5650216 1.2980087 1.1335467 1.4772285 1.4799706 1.5552379 1.5569532 1.3177757 1.5127359 1.5364950 1.1831704 2.9414327 1.4663738 1.6528836 1.6772275 1.8927546 3.8486292 1.1842997 
Morvir_scaffold168.g21.t1                              5.2326349 4.2259820 4.6635640 2.7547660 2.1397384 2.3474360 2.5985362 1.3554855 2.3255269 2.2016922 2.3156480 1.5041210 1.1052731 2.2117986 2.2553937 2.6967788 5.0038920 0.5713192 1.1417809 1.2460598 1.1861553 0.8740273 1.4074423 1.1919851 1.0165019 1.7190379 1.5753864 1.5565397 1.5558055 1.5581930 0.9937915 1.4370971 1.2334535 0.6956915 1.0596967 1.0176589 0.0000000 1.3932211 1.2451751 1.2367561 1.4497302 0.7234906 1.1969315 1.2961648 1.2766486 1.1969756 1.1739216 0.9303319 1.1782572 1.1066440 1.3937809 1.2930510 1.3312993 1.5272427 1.1427262 1.4311104 1.6873553 1.7196395 1.5468376 1.6405128 1.4024014 1.5557741 1.6090411 1.2207139 2.4980243 1.4252690 1.9001367 2.7718106 1.7623227 4.6774066 2.4416777 
Bralan_BLAG07001013_1                                  5.0717238 3.8429531 4.3514148 2.6720775 2.1383069 2.3281915 2.5762890 1.3940949 2.2695014 2.0221421 2.2720045 1.4060901 1.0533726 2.1941408 2.2366575 2.3623545 4.0310063 0.6197709 0.7782238 1.0223039 0.9430880 0.6577524 1.0952289 1.0828039 0.7353171 1.2011434 1.3065987 1.2757489 1.2633403 1.2662615 0.7880453 1.0774628 1.1680900 0.6653362 1.2220065 1.2152059 1.3932211 0.0000000 1.0490873 0.9354334 1.1227119 0.7305583 1.0503535 1.0686654 0.9899977 1.0431047 0.8382386 0.7776815 1.0698533 1.0861487 1.2199304 1.1586548 0.9398583 1.0464606 1.2796777 1.2087793 1.3681476 1.3619405 1.2859508 1.2565193 1.2443979 1.2207400 1.2580561 1.0127388 2.5958180 1.4570812 1.4878980 1.4878210 1.4220125 4.3129763 2.2910404 
Gfas_gfas1.m1.6282.m1                                  4.0657913 4.3740429 4.1901039 2.6339197 2.2353844 2.4054608 2.3206719 1.2583798 2.2640453 2.2474103 2.2879259 1.2194643 0.7451665 2.3623750 2.3623750 2.6090424 4.5046863 0.4961346 1.0861070 1.1077287 0.9998096 0.8928052 1.3784236 1.4759653 0.8178323 1.6807649 1.7717410 1.7875757 1.7921298 1.7916172 0.9810561 1.3192319 1.5819144 0.8958205 1.3683533 1.2947770 1.2451751 1.0490873 0.0000000 0.3689015 0.6045248 0.1464664 0.2915528 0.5041145 0.4387615 0.8766765 1.2331418 0.7458462 1.1540247 1.1164555 1.2668035 1.2561896 1.4886989 1.5523314 1.6699434 1.4656811 1.6895033 1.8229947 1.6069630 1.4483549 1.0358873 1.8146630 2.1550288 1.3556779 5.1614735 1.7678724 1.6642147 2.4672016 1.6412685 4.5916079 1.7154465 
Gasp_gasp1.m3.15106.m1                                 4.2550707 4.1621958 4.2353244 2.8985718 2.1282852 2.0966957 2.6797835 1.2420826 1.9157033 1.7484061 1.9416489 1.2178285 0.9023862 2.1965055 2.2595946 2.3056850 4.5779632 0.5387550 0.9262093 0.8998951 0.9234391 0.8643908 1.1992391 1.0492367 0.8510549 1.3287199 1.4217464 1.4184092 1.4558730 1.4500555 1.0066077 1.3129517 1.2028503 0.8403886 1.1693824 1.2335006 1.2367561 0.9354334 0.3689015 0.0000000 0.2459905 0.2005277 0.4055392 0.2995047 0.2670965 0.7587154 0.9916339 0.6895926 0.9901687 0.9869064 1.3433791 1.2395145 1.1750448 1.1842428 1.2232517 1.2351019 1.3049872 1.3664789 1.4141541 1.3222002 0.8262953 1.3597917 1.4486900 1.2584193 3.6003136 1.6210672 1.5704449 1.7238550 1.7752251 3.9158372 1.8268892 
Fspp_ffun1.m4.3357.m1                                  5.1583980 4.0731310 4.6330306 3.1389828 2.3722320 2.3279123 3.0063918 1.6982153 2.1624793 1.9946368 2.2009330 1.4634667 0.8741090 2.2476711 2.3469875 2.5345160 4.4103705 0.5021522 1.1254097 0.9930113 1.0927616 0.8726665 1.3502331 1.2607874 0.8581589 1.4108509 1.4586564 1.4482286 1.4719178 1.4577648 0.9934506 1.3013842 1.1239406 0.9095951 1.4069852 1.3704209 1.4497302 1.1227119 0.6045248 0.2459905 0.0000000 0.2515455 0.5095115 0.3548471 0.4166760 0.9472516 1.1840694 1.0433341 1.1387007 1.1640769 1.1663603 1.3626624 1.3240782 1.4333346 1.4574413 1.3554618 1.6829054 1.5653308 1.7192749 1.5719897 1.0046629 1.5672713 1.7388164 1.4345211 2.8606529 1.9033899 1.9408712 1.4589484 1.8460938 4.1417941 2.5889929 
Amil_Amillepora35438-RA                                3.5228180 1.9765975 0.7828373 1.3123836 1.0767418 1.1914053 1.3167619 1.1999531 1.1177460 1.1190645 1.1392617 1.1604596 0.8116482 1.1967288 1.2098182 1.1408045 1.5666114 0.6445069 0.6799976 0.7033966 0.7111150 0.7697752 0.8480982 0.6382530 0.7619674 0.7943509 0.7378174 0.7463256 0.7925514 0.7953089 0.7604010 0.7110793 0.7131917 0.7770452 0.7327181 0.7241208 0.7234906 0.7305583 0.1464664 0.2005277 0.2515455 0.0000000 0.0045922 0.2126186 0.2287854 0.5473178 0.7581007 0.8614414 0.6741311 0.7161995 0.7382073 0.7137889 0.7420354 0.8245333 0.6476083 0.7512186 0.7921958 0.7921958 0.7890455 0.7252877 0.5926167 0.9104357 0.9033951 0.8016180 1.1981117 0.8465609 0.9345002 0.9387026 0.7377013 1.4496877 0.0000010 
Adig_XM_015915726.1                                    5.9434274 4.3385232 5.0271157 2.8469666 2.0176907 2.1832404 2.5394700 1.4551392 1.9958045 1.7891681 1.9665493 1.3575238 0.8116482 2.1760637 2.2580888 2.1958775 4.5906326 0.6445069 1.0085740 0.9861895 0.9982542 0.8149847 1.2067800 1.0715555 0.9508055 1.2447069 1.2293760 1.2290448 1.2887696 1.2900956 0.7786916 1.0493426 1.0915881 0.9242260 1.1687382 1.1755458 1.1969315 1.0503535 0.2915528 0.4055392 0.5095115 0.0045922 0.0000000 0.4347018 0.4854700 0.7883305 1.0370000 0.9388782 1.0311036 1.0501879 1.1752508 1.2256521 1.1398318 1.2320666 1.2279149 1.1425401 1.2753418 1.2637229 1.2220735 1.1948269 0.8914198 1.3820511 1.4165852 1.1647321 2.9444376 1.6051623 1.4067901 1.6554493 1.3136143 4.0007875 1.6771937 
Spis_XP_022805454_1                                    4.8187475 3.6902965 4.1599784 2.6009324 1.9933273 2.1171132 2.6075305 1.4807852 1.9508550 1.7929094 1.9557831 1.3071544 0.9096704 2.1625753 2.2382695 2.2253933 4.0703364 0.5567981 1.0646137 1.0121118 0.9775267 0.7567605 1.2608082 1.1471918 0.8638395 1.3434821 1.3369378 1.3406757 1.3896987 1.3949621 0.9135606 1.1352122 1.0973367 0.8151655 1.1394919 1.1534824 1.2961648 1.0686654 0.5041145 0.2995047 0.3548471 0.2126186 0.4347018 0.0000000 0.1421557 0.8251678 1.0510069 0.8675589 1.0395464 1.0117009 1.2129143 1.2879292 1.1939771 1.2929520 1.2824735 1.2715859 1.3865621 1.3794604 1.4015399 1.3117922 0.9836009 1.4177764 1.4572194 1.2746260 3.1923290 1.6368990 1.6132729 1.5414763 1.5825441 3.8400980 1.9826762 
Pocdam_XM_027181378.1                                  4.6347009 3.4863568 4.0006840 2.5666170 2.2805727 2.5455120 2.5596152 1.5135463 2.3199151 2.1768002 2.3159560 1.4736052 0.8548812 2.4897721 2.4897721 2.5684564 3.7990387 0.4366996 1.0806263 1.0183040 1.0130133 0.7976676 1.2963992 1.2239854 0.8529248 1.3417296 1.4400560 1.4432773 1.4743372 1.4808631 0.9370644 1.1314621 1.2907685 0.8696940 1.2534469 1.1853021 1.2766486 0.9899977 0.4387615 0.2670965 0.4166760 0.2287854 0.4854700 0.1421557 0.0000000 0.8864144 1.0774200 0.7346531 1.0406493 0.9732284 1.2462782 1.1864171 1.2195652 1.3963319 1.3652840 1.4659353 1.6126755 1.6881400 1.5111046 1.4904398 0.9685768 1.5397633 1.6846560 1.3177680 3.0773622 1.4693226 1.5583848 1.5830492 1.5015115 3.8501136 1.6320037 
Nvec_v1g111153                                         5.9971599 4.2607107 5.0041291 2.8815810 2.1147328 2.2158118 2.7393791 1.4373639 2.2522383 2.1141328 2.2524531 1.2407631 1.0771786 2.3222985 2.4196826 2.5905354 5.0795415 0.5661169 1.0352979 1.2343606 1.2135224 0.8710695 1.3313812 1.2189935 0.8895610 1.3601814 1.3629814 1.3737018 1.3951859 1.3847750 0.9246260 1.3120967 1.2096617 0.7926145 1.1709069 1.1924641 1.1969756 1.0431047 0.8766765 0.7587154 0.9472516 0.5473178 0.7883305 0.8251678 0.8864144 0.0000000 1.0838140 0.9354354 0.9993765 0.9498749 1.4308698 1.3648581 1.1700301 1.3496938 1.1512516 1.1392028 1.6495599 1.7232605 1.3652039 1.4060358 0.7594370 1.4493286 1.4763499 1.0909504 2.7145256 1.4579279 1.6511537 1.7615998 1.5820921 4.6217009 1.9501979 
Hsap_ENST00000358896                                   5.7482702 3.9173432 4.8283405 2.6863339 2.0979467 2.3275832 2.6429029 1.4483748 2.3650631 2.0885100 2.3866549 1.3709778 0.9070772 2.3906070 2.4528728 2.4789591 4.4318364 0.6271166 0.9117508 1.1424417 0.9290540 0.7319493 1.3221485 1.0278169 0.7689239 1.3093588 1.4089787 1.3897754 1.4035950 1.4022426 0.8520039 1.1203864 1.1044784 0.8435726 1.0861668 1.1825422 1.1739216 0.8382386 1.2331418 0.9916339 1.1840694 0.7581007 1.0370000 1.0510069 1.0774200 1.0838140 0.0000000 1.0569629 1.1483819 1.0571600 1.4291781 1.2319886 1.0148262 1.3133727 1.1720829 1.1861259 1.3467816 1.3503081 1.3337653 1.3088503 1.2631544 1.2524075 1.2447605 1.0551075 2.3311393 1.3856858 1.5176544 1.6733089 1.5251425 4.2979339 1.9319496 
Aaur_scaffold12.g33.t1                                 8.2084924 6.3996877 7.2809999 1.8432689 1.5609818 1.6052218 1.9228695 1.6451746 1.3572456 1.3572456 1.3572456 1.6344496 0.8687706 1.5127451 1.5127451 1.2748221 5.3597495 0.7239341 0.8064618 0.9030927 0.7246415 0.8269899 0.9290329 0.8101215 1.0343945 1.1517743 1.1377976 1.1644753 1.2552822 1.2870872 1.0546620 1.1519287 0.7842283 0.5078255 0.8134690 0.6765172 0.9303319 0.7776815 0.7458462 0.6895926 1.0433341 0.8614414 0.9388782 0.8675589 0.7346531 0.9354354 1.0569629 0.0000000 0.8916889 0.8059649 1.1130720 0.6976367 0.9476331 1.4104012 1.1934145 1.0627592 1.1605210 1.1605210 1.1242250 1.1318072 1.1625963 1.5731712 1.2414664 1.1539473 2.9106582 0.7234546 1.0807227 2.7206248 1.1717534 9.0000000 4.1492401 
Xesp_005355-T1                                         4.8798467 3.2078626 3.8956332 2.5975460 1.9586735 2.1511638 2.1784328 1.2616596 2.0041304 1.8306147 2.0111726 1.2101763 0.9805721 2.0209664 2.1011312 2.0663967 3.6573181 0.6020496 1.0604498 1.1044437 0.8886638 0.7473491 1.2529241 1.1714429 0.7440502 1.0937090 1.1574731 1.1069810 1.1214970 1.1180178 0.9422405 1.0383207 1.1177537 0.8085657 1.2190212 1.2464766 1.1782572 1.0698533 1.1540247 0.9901687 1.1387007 0.6741311 1.0311036 1.0395464 1.0406493 0.9993765 1.1483819 0.8916889 0.0000000 0.3182379 1.1024946 1.1890663 1.2787725 1.1609501 1.2667975 1.2406451 1.4392323 1.4627444 1.4151530 1.3764860 1.0467167 1.3743291 1.3812593 1.1381728 2.9459360 1.6073410 1.5328346 1.5462383 1.4646617 4.3582803 1.8748215 
Dgig_XM_028537085.1                                    5.0555845 3.3421149 4.0172614 2.5719152 1.9189351 2.1592207 2.1653709 1.1940571 1.9568652 1.8133458 1.9688057 1.1302931 1.0168283 2.1018273 2.1547049 2.0992081 3.7357241 0.7717548 1.0952869 1.1218877 0.9461594 0.7316725 1.2215650 1.1135794 0.7229900 1.0873996 1.1325151 1.1093756 1.1153557 1.1062820 0.9369772 0.9793760 1.1698127 0.7530080 1.1138897 1.0832978 1.1066440 1.0861487 1.1164555 0.9869064 1.1640769 0.7161995 1.0501879 1.0117009 0.9732284 0.9498749 1.0571600 0.8059649 0.3182379 0.0000000 0.8950527 1.0735353 1.2060240 1.2360576 1.2537350 1.1839941 1.3168152 1.3535531 1.2971514 1.2931649 1.1013223 1.2587455 1.3111951 1.1000520 2.7216314 1.5842465 1.4707308 1.3543537 1.3712923 4.2890066 2.0236165 
Spolac_c82119_g1_i1_m.3003c106025-g1                   4.5573515 3.4342507 4.0368098 2.4711303 2.1141478 2.3129260 2.2966019 1.6485729 2.6993830 2.1823496 2.7249726 1.4245710 1.6958326 2.6205768 2.6205768 2.4271132 3.7429152 4.1148929 1.2625950 0.6702650 0.5909637 0.6942386 0.9691348 1.3603998 1.0313487 1.5786656 1.7931603 1.7977184 1.7462760 1.7213309 1.2692474 0.9804864 1.1958999 0.8693482 1.4186367 1.3316813 1.3937809 1.2199304 1.2668035 1.3433791 1.1663603 0.7382073 1.1752508 1.2129143 1.2462782 1.4308698 1.4291781 1.1130720 1.1024946 0.8950527 0.0000000 0.1661519 1.1739822 1.5784429 1.6660778 1.3859596 2.1153266 2.1153266 2.0667235 2.0017961 1.4757840 1.7587685 1.8119663 1.5612751 1.8587413 1.6546713 1.8557233 1.2814863 1.6586571 3.1564528 2.5449769 
Emue_Em0018g102a.t1                                    3.9011108 3.4438077 3.8224679 2.4881437 2.1462450 2.3032057 2.1572425 1.3217464 2.3560408 2.0679931 2.4373891 1.3170980 1.0191295 2.4666168 2.4666168 2.3592558 3.5345824 0.5506880 1.1485799 0.7248897 0.6494601 0.5577353 0.9872326 1.3777284 0.9585693 1.6544262 1.7822705 1.7423822 1.7115069 1.7213743 1.1008732 0.9994462 1.3275531 0.7091732 1.3444123 1.2255405 1.2930510 1.1586548 1.2561896 1.2395145 1.3626624 0.7137889 1.2256521 1.2879292 1.1864171 1.3648581 1.2319886 0.6976367 1.1890663 1.0735353 0.1661519 0.0000000 1.3125249 1.6097243 1.5591447 1.1887892 1.8033853 1.8016265 1.6913744 1.6702461 1.4145648 1.7318563 1.6087816 1.4207134 2.7848141 1.6400207 1.4954323 1.1576828 1.5327195 3.5175095 2.2404915 
