69
Lcom_lcpid144967                                       0.0000000 0.5441909 0.6693963 0.6339366 2.1463965 2.1600385 3.8080476 1.6308255 2.1202818 2.0687332 1.8709842 2.0409207 2.0079763 1.7298515 1.4285572 3.3125184 2.3355987 2.0227359 2.2140056 2.1807102 2.3144273 2.2522622 2.4965063 2.4493361 2.2474650 2.2433361 2.1663318 2.4884008 2.9764620 2.0665436 2.1560500 1.9195676 2.1294743 2.4550884 2.4592665 2.0503025 2.3690564 2.2603774 2.3087149 2.2262850 2.1698973 2.7054348 2.7201357 2.4933259 2.4046021 2.5544263 2.3274272 2.0992949 2.4431866 2.5747448 2.3444555 2.0879235 2.1840886 2.1292887 2.5355243 2.4116652 2.3662980 2.3865843 2.6682260 1.8551235 2.7055214 2.5091136 2.5091136 2.5091136 2.5111598 2.4131519 2.5004155 1.7450579 7.2941429 
Gracom_Gcom_C547552_01                                 0.5441909 0.0000000 0.4889486 0.6228599 1.6655534 1.8027084 4.6459328 1.2029993 1.7301048 1.6403869 1.4655580 1.6372766 1.4714122 1.3316012 1.2681392 1.6932647 1.9255726 2.1713961 1.8135682 1.9331965 2.0927154 1.7393261 1.8509683 1.8176320 1.8024277 1.8879959 1.8789876 2.0655792 2.3222581 1.5685964 1.8577602 1.7672858 1.8278279 1.7777777 1.7127746 1.6601149 1.7650754 1.9211416 1.8941732 1.9000330 1.7892721 2.2346927 1.9469322 1.9082580 1.9606818 1.6816715 2.2379809 1.7545879 2.4719663 3.2025930 2.0049429 2.0377949 2.6877987 1.9057971 2.0553835 1.9484490 2.5896049 2.6807683 2.8726350 1.8087510 2.2042070 2.2795139 2.9840771 2.7133550 1.9984022 2.0924259 2.2145818 1.8073497 4.2502907 
Leuniv_Lniv_C794780_01                                 0.6693963 0.4889486 0.0000000 0.6137966 1.7630939 1.8059598 4.5885731 1.1418233 1.7984506 1.6338259 1.6232815 1.6997866 1.5850473 1.3903619 1.2576747 1.5632123 1.8430194 2.0022636 1.6577682 2.0080173 1.8895527 1.6587745 1.8470459 1.7887198 1.7690825 1.7953105 1.8541720 2.0336840 2.4370836 1.5096050 1.9692457 1.6207537 1.6899651 1.8428245 1.8236096 1.5025856 1.8362399 1.9647891 2.0304471 2.1048632 1.8093969 2.4146264 2.0589862 1.9098040 1.9337840 1.6898198 2.0230279 1.6007897 2.2428530 2.8007251 1.7212628 1.8518005 2.1261470 1.6362890 1.7964461 1.6089582 2.2252826 2.5142701 2.7459211 1.5453712 1.8512365 1.9348887 2.4944343 2.3053167 2.0189513 1.9650298 2.0635634 1.7894219 3.8923113 
Scil_scict016740.1                                     0.6339366 0.6228599 0.6137966 0.0000000 1.6835943 1.7600369 4.2454248 1.2134150 1.6490240 1.6716616 1.5957241 1.6355697 1.5245454 1.3401345 1.1907725 1.7533299 1.9584899 2.2230211 1.8037502 1.9535426 2.0013107 1.7856566 1.8694868 1.8065324 1.8193193 1.7448491 1.8906379 2.0992109 2.2113295 1.6849381 2.0932086 1.5145812 1.8274734 1.8874869 1.9068411 1.5930600 1.8082787 2.0828748 1.8854601 1.8933273 1.9330454 2.2392369 2.0129934 1.6796179 1.7692493 1.5585532 2.0228737 1.5852933 2.1773378 2.6153054 1.7139630 1.8090253 2.1758470 1.6880501 1.6718163 1.6776346 2.1644357 2.6946084 2.9781349 1.6256208 1.8152685 1.9548252 2.6864267 2.3699891 1.8979988 2.1274920 2.2223633 1.6144567 3.6684424 
Emue_Em0001g86a.t1                                     2.1463965 1.6655534 1.7630939 1.6835943 0.0000000 0.2705658 0.5776451 0.1773403 0.7443417 0.8387180 1.0982356 1.0603550 1.1111060 1.0982469 0.8128397 0.8408428 1.2570182 2.0135956 1.4162577 1.4420587 1.4776785 1.3334894 1.3509658 1.3352979 1.5060679 1.4420557 1.3910463 1.4585220 1.7371506 1.2206901 1.7800683 1.3070872 1.3599014 1.4179826 1.4274766 1.4859094 1.6789884 1.6851135 1.8639152 1.7790363 1.6526401 2.1450948 2.1832375 1.3790865 1.4368259 1.0837947 2.1254467 1.6927715 2.0758706 3.0259076 1.7986714 1.7049657 2.2918213 1.7460102 1.8611601 1.6021826 2.4986304 2.1733808 2.2192712 1.5918910 1.8263237 1.8780277 2.3851001 2.1501522 1.8681476 1.7408087 2.3731741 2.0499209 3.2497769 
Spolac_c102886_g1_i1_m.31467c102886-g1                 2.1600385 1.8027084 1.8059598 1.7600369 0.2705658 0.0000000 0.0200684 0.0529677 0.6764491 0.8123363 1.0559255 1.0910793 1.0664254 1.0832850 0.8054794 0.8831191 1.1861988 2.1284396 1.3443273 1.3352095 1.5748097 1.3876338 1.4146029 1.3809121 1.4976885 1.4368313 1.3892682 1.5591944 1.8983289 1.2150041 1.7785296 1.2896408 1.4420722 1.4258082 1.4463521 1.6201767 1.7911456 1.7353563 1.8369980 1.7517211 1.7126241 2.2179268 2.1859689 1.4387500 1.5440339 1.0535011 1.9660648 1.6042017 1.9786590 2.9283463 1.7679869 1.6418610 2.3404783 1.7851730 1.9552268 1.6643299 2.6344270 2.3155081 2.3784451 1.6109153 1.8524552 1.8111339 2.2615577 2.0492711 1.9774306 1.8645253 2.4636337 2.0015159 3.3238853 
Spolac_c102886_g1_i2_m.31468c102886-g1                 3.8080476 4.6459328 4.5885731 4.2454248 0.5776451 0.0200684 0.0000000 2.8859823 1.5013125 1.6625402 1.9769112 1.8052580 1.9207069 1.8851171 2.2888284 0.0000010 2.1470347 2.6806503 2.5399434 2.5034473 3.1759531 3.1452949 3.2263111 2.9876850 3.4158759 3.1786674 3.1724014 9.0000000 4.0073120 2.8095139 4.5297572 2.3980819 2.8795589 2.1089539 2.2552361 3.4121402 3.4376670 3.3374660 3.1450351 2.9392137 4.3968697 3.8856863 4.7183723 2.8598402 2.9135412 1.7780732 3.0279906 2.6955234 3.3894223 3.3894223 3.4161556 2.4505846 2.7074911 2.6881848 3.2450562 2.7980817 3.2746470 2.9957148 3.5279211 2.3050068 3.3543804 2.3795741 2.3795741 2.3795741 2.9767029 3.1160158 3.5020817 2.8998778 5.9706619 
Spolac_c102886_g1_i3_m.31469c102886-g1                 1.6308255 1.2029993 1.1418233 1.2134150 0.1773403 0.0529677 2.8859823 0.0000000 0.4246884 0.5533227 0.7571612 0.7996163 0.8121625 0.8128471 0.7491644 0.8415722 0.8518646 1.5775262 1.0396621 1.0261661 1.0655306 0.9291517 0.9733032 0.9733032 0.9988105 0.9862867 0.9691253 0.9765781 1.2739525 0.8704838 1.1930235 1.0105634 1.1161109 1.2072773 1.1850225 1.1150417 1.4043996 1.3333727 1.4950466 1.4454815 1.1825682 1.8234104 1.6607621 1.0599455 1.2331102 0.8094117 1.7243121 1.4686596 1.6798661 3.3426340 1.4101867 1.5379660 2.7737785 1.7140584 1.7445546 1.5289396 2.7655509 2.3811070 2.3811070 1.5626238 1.6010025 1.8501850 2.6599797 2.2461441 1.7121384 1.6802498 2.2570728 1.5789920 2.3989224 
Stycar_maker-SC_scaffold7568-snap-gene-0.9-mRNA-1      2.1202818 1.7301048 1.7984506 1.6490240 0.7443417 0.6764491 1.5013125 0.4246884 0.0000000 0.7405687 1.1911949 1.1559242 1.2245054 1.1538098 0.7508395 1.0661703 1.2783413 2.0187387 1.2733869 1.4997521 1.4192553 1.2997269 1.2876994 1.2443145 1.3573248 1.3379357 1.2741681 1.5628086 1.9260532 1.1263078 1.6072801 1.3437891 1.5202566 1.4933772 1.5245076 1.4788081 1.8251946 1.5801996 1.7263373 1.5907935 1.6585791 2.4854592 2.1070697 1.1927925 1.1919734 1.0459403 1.9465099 1.6483869 1.9952609 2.4771889 1.7293559 1.7560353 2.2080226 1.7316202 1.8887368 1.8310753 2.4798013 2.4368975 2.3742381 1.4116437 1.8256827 1.8630938 2.4212999 2.2110280 2.1035266 1.8152499 2.3319606 2.0617065 3.3870316 
Tetwil_g4091.t2                                        2.0687332 1.6403869 1.6338259 1.6716616 0.8387180 0.8123363 1.6625402 0.5533227 0.7405687 0.0000000 1.2458486 1.3305165 1.2340961 1.2841947 0.9371406 1.0265315 1.2976417 2.1328322 1.2483036 1.4951340 1.5171741 1.3652484 1.3943116 1.3660849 1.4637515 1.4555242 1.4076290 1.7664476 2.0745655 1.2744200 1.6041977 1.5163321 1.3891995 1.4312307 1.4162968 1.5097487 1.6373362 1.7116563 1.6608689 1.8590564 1.4524333 2.3510287 1.8754874 1.3250232 1.3756549 1.2627917 2.0841749 1.7478131 2.1800399 2.9544554 1.7485221 1.7873166 2.5208373 1.8604002 1.9793590 1.7532183 3.0105662 2.6825520 2.7954126 1.6108100 1.8726081 1.8648614 2.3948469 2.1689604 2.0652541 2.0268285 2.3271710 2.0810333 3.4769708 
Fspp_ffun1.m4.8171.m1                                  1.8709842 1.4655580 1.6232815 1.5957241 1.0982356 1.0559255 1.9769112 0.7571612 1.1911949 1.2458486 0.0000000 0.1618731 0.2533447 0.2462867 0.2713519 0.7290949 0.8535869 1.2179497 1.0459558 1.1088603 1.1937323 1.1280975 1.1440916 1.1287526 1.1572121 1.1380085 1.1290863 0.9269208 0.9089667 1.1981732 1.2927891 1.2794577 1.2853799 1.3196029 1.3758949 1.2556281 1.6526052 1.3124147 1.2733039 1.4223435 1.3886122 2.1110902 1.6963890 1.6046106 1.6413287 1.4110813 1.9488913 1.7398718 1.8943597 2.3906780 1.8057718 1.6941578 2.2377344 1.8134069 1.8945192 1.7670348 2.2110761 2.1673113 2.3535707 1.5777460 1.9303288 1.9635743 2.3667524 2.2116072 1.8420031 1.8073401 2.0049037 1.9551877 3.9312220 
Gasp_gasp1.m3.13797.m1                                 2.0409207 1.6372766 1.6997866 1.6355697 1.0603550 1.0910793 1.8052580 0.7996163 1.1559242 1.3305165 0.1618731 0.0000000 0.2301564 0.2115255 0.2735881 0.7934669 0.9130656 1.1005363 1.0908304 1.1776355 1.2000928 1.1111816 1.0983654 1.0990842 1.1746706 1.1178840 1.0936701 0.9085768 0.9624101 1.2016055 1.3479699 1.3598581 1.2598079 1.3026533 1.3594574 1.1571341 1.6819590 1.3340849 1.3886570 1.4159857 1.3756508 2.1775992 1.7733859 1.6899505 1.6185673 1.4391602 1.9652234 1.7582641 2.0124648 2.4634809 1.8894218 1.7859829 2.3045560 1.8730556 1.8807786 1.8566136 2.1464958 2.3195583 2.4264864 1.6790612 1.9783209 2.0684767 2.4991898 2.3253267 1.7336940 1.8341173 2.0118216 1.8134489 4.1185226 
Spis_XP_022797480_1                                    2.0079763 1.4714122 1.5850473 1.5245454 1.1111060 1.0664254 1.9207069 0.8121625 1.2245054 1.2340961 0.2533447 0.2301564 0.0000000 0.0867941 0.3152953 0.7526785 0.8503680 1.1311696 1.0635232 1.0882526 1.1215661 1.0597142 1.0525220 1.0287473 1.0902962 1.0128500 1.0121567 0.9823543 0.9027803 1.0405876 1.2565103 1.2880198 1.2513055 1.3244267 1.3694082 1.3294633 1.5301327 1.4479542 1.2684097 1.4485003 1.4295117 1.8914677 1.7568464 1.6446650 1.5400567 1.4338523 2.1528669 1.7781346 2.0890875 2.6104709 2.0001352 1.9188161 2.5203541 1.9423661 1.9091910 1.9281779 2.3387951 2.3556161 2.4981435 1.6030463 1.9654520 2.1296425 2.6232906 2.4341321 1.6746849 1.7049545 1.7905263 1.5985942 3.9115393 
Pocdam_XM_027179961.1                                  1.7298515 1.3316012 1.3903619 1.3401345 1.0982469 1.0832850 1.8851171 0.8128471 1.1538098 1.2841947 0.2462867 0.2115255 0.0867941 0.0000000 0.2779445 0.7688721 0.8133087 1.0937339 0.9978493 1.0700093 1.0905292 1.0243302 1.0251410 0.9906963 1.0554518 1.0110463 1.0102308 0.9826506 0.9222098 0.9781915 1.2541900 1.2151130 1.2163513 1.2241722 1.2670592 1.2326957 1.4280990 1.3725941 1.2562949 1.3697255 1.4001455 1.8804566 1.6158017 1.5787002 1.4747051 1.4523319 1.9505887 1.6624788 1.9406065 2.3879224 1.8738459 1.7953986 2.1664410 1.7779399 1.7927796 1.8152621 2.0735769 2.3091407 2.4437435 1.5395840 1.8389280 1.9916526 2.4076833 2.2477671 1.6001289 1.6461883 1.7003490 1.4529184 3.8641323 
Gfas_gfas1.m1.18324.m1                                 1.4285572 1.2681392 1.2576747 1.1907725 0.8128397 0.8054794 2.2888284 0.7491644 0.7508395 0.9371406 0.2713519 0.2735881 0.3152953 0.2779445 0.0000000 0.7834221 0.7701603 1.1830155 0.8706084 1.0164980 1.1205723 1.0547627 1.0150772 1.0276687 1.1114857 1.0092132 0.9105191 0.6615128 0.9146717 0.8280590 0.8965326 0.9629345 1.0880148 1.1712739 1.1936066 0.9718046 1.3258068 1.0911321 1.1963924 1.2247762 1.2020666 1.5553610 1.3331619 1.2533332 1.3061687 1.1092000 1.6958115 1.5186743 1.6991897 2.1996192 1.5763300 1.6632985 1.8069673 1.6525567 1.5712933 1.4963139 1.9028810 2.0020476 2.0466996 1.4526431 1.5702731 1.7718984 2.1149869 1.9519642 1.5417710 1.4019431 1.7454505 1.5310891 3.2764084 
Nvec_v1g143460                                         3.3125184 1.6932647 1.5632123 1.7533299 0.8408428 0.8831191 0.0000010 0.8415722 1.0661703 1.0265315 0.7290949 0.7934669 0.7526785 0.7688721 0.7834221 0.0000000 0.4783143 5.5801716 1.1326867 1.1262657 1.1585809 1.0272429 1.0493304 1.0493304 1.0927946 1.1167179 1.1167179 1.2075085 1.0942077 1.0405384 1.1094234 1.2491874 1.3462043 1.2675043 1.2679197 1.2769313 1.6236942 1.3575590 1.6293869 1.6436300 1.6085103 1.8029552 1.7344284 1.3012203 1.3873395 1.1495917 2.2585805 1.8876696 2.4189869 5.8153377 1.8787819 2.2584081 3.5738387 2.0693660 1.9653129 1.8492174 3.4856697 2.6561135 2.6561135 1.7545958 1.9011428 2.3153117 3.4914667 3.0715189 1.9795698 1.8025623 2.1366873 3.0379173 2.7327813 
Exapal_XM_021048473.2                                  2.3355987 1.9255726 1.8430194 1.9584899 1.2570182 1.1861988 2.1470347 0.8518646 1.2783413 1.2976417 0.8535869 0.9130656 0.8503680 0.8133087 0.7701603 0.4783143 0.0000000 0.6527661 0.9553404 1.0232437 1.3615242 1.2239707 1.3492275 1.3041664 1.2618072 1.3544762 1.4017165 1.5151445 1.3907627 1.1579896 1.3147455 1.2906094 1.3701378 1.3464492 1.3942558 1.4096169 1.4894250 1.3594029 1.4852047 1.5240312 1.6597889 1.7561831 1.9475550 1.6290387 1.6511934 1.4501188 1.9968624 1.9877705 1.9662184 2.2377975 1.7587777 1.7199827 2.0700780 1.8884353 2.0138692 1.7976835 2.1688398 2.1651504 2.4579805 1.5846402 2.0094546 2.0227304 2.2862093 2.2513638 1.9676181 1.8456001 2.0601116 2.1541552 3.6213754 
Nvec_v1g13439                                          2.0227359 2.1713961 2.0022636 2.2230211 2.0135956 2.1284396 2.6806503 1.5775262 2.0187387 2.1328322 1.2179497 1.1005363 1.1311696 1.0937339 1.1830155 5.5801716 0.6527661 0.0000000 1.3465361 1.4832047 1.6713976 1.6895474 1.7457927 1.6665295 1.7318057 1.5976419 1.7218536 1.9381177 1.8219723 1.8017727 1.8084930 1.7255579 1.5152947 1.5525142 1.5895518 1.5737933 1.8294309 1.6555446 1.7693410 1.7254445 1.6940027 2.1101057 2.2006272 2.1171257 2.0988082 2.1385384 1.8796882 1.9589035 1.9250659 1.9250659 2.1134444 1.8050152 1.9638292 1.8535556 2.4724654 1.9845285 1.9815112 2.0105555 2.6453450 1.7783296 2.4177352 2.1310157 2.1310157 2.1310157 2.4730651 2.3014141 2.0396625 1.9695249 5.7018123 
Dgig_XM_028542535.1                                    2.2140056 1.8135682 1.6577682 1.8037502 1.4162577 1.3443273 2.5399434 1.0396621 1.2733869 1.2483036 1.0459558 1.0908304 1.0635232 0.9978493 0.8706084 1.1326867 0.9553404 1.3465361 0.0000000 0.4428074 1.2510296 1.1991143 1.2474679 1.2175519 1.3097181 1.3630372 1.3252353 1.4859580 1.5511428 1.3881017 1.3639161 1.5078796 1.2162739 1.3858203 1.4112088 1.3950094 1.5930161 1.3866629 1.3977499 1.4001841 1.5455023 1.8949867 1.6468065 1.6306668 1.6630795 1.5148414 2.0614136 1.8744687 1.9337393 2.3371583 1.9528482 1.8184629 2.2359897 1.9643146 2.0761748 1.8526618 2.5016580 2.2635697 2.5200038 1.6905885 2.0397549 2.0701090 2.4556755 2.3112869 1.7271661 1.7659275 1.8087349 1.9950428 3.6189532 
Xesp_003583-T1                                         2.1807102 1.9331965 2.0080173 1.9535426 1.4420587 1.3352095 2.5034473 1.0261661 1.4997521 1.4951340 1.1088603 1.1776355 1.0882526 1.0700093 1.0164980 1.1262657 1.0232437 1.4832047 0.4428074 0.0000000 1.3565234 1.2732346 1.3160966 1.2971477 1.3792808 1.3213290 1.2544684 1.7396051 1.9337479 1.5246948 1.5900129 1.5954341 1.2267123 1.4333147 1.4657920 1.5213701 1.4282391 1.6320390 1.4647682 1.4261527 1.6939881 1.8465334 1.9825032 1.7021918 1.6894954 1.3824121 2.0977085 1.8646872 1.9771122 2.3550125 1.9275873 1.7894883 1.9848037 1.8766956 2.0998361 1.8723198 2.1420930 2.2813644 2.5523251 1.6620857 1.9540717 2.0313363 2.3624203 2.2418502 1.8709381 1.8064743 1.7581409 2.0997869 4.0885740 
HoiH23_PlH23_002568-RA                                 2.3144273 2.0927154 1.8895527 2.0013107 1.4776785 1.5748097 3.1759531 1.0655306 1.4192553 1.5171741 1.1937323 1.2000928 1.1215661 1.0905292 1.1205723 1.1585809 1.3615242 1.6713976 1.2510296 1.3565234 0.0000000 0.0578936 0.0895512 0.0843372 0.1401696 0.2993990 0.2733591 1.7054309 2.0549117 1.4066307 1.8453277 1.6502998 1.4745178 1.5879866 1.6164274 1.5802455 1.8032264 1.7106414 1.5344918 1.5785636 1.7940238 2.5176587 2.3393393 1.8456337 1.8844271 1.7254291 2.2447313 2.1753380 2.1399432 2.6669176 2.0926751 2.0069225 2.6190319 2.2889984 2.4422478 2.6129140 2.2865827 2.6159320 2.7866386 1.7910841 2.3074464 2.2247284 2.4926572 2.4628820 2.0298498 2.0395323 2.0403159 1.5844344 4.5114470 
HoiH06_mRNA6191                                        2.2522622 1.7393261 1.6587745 1.7856566 1.3334894 1.3876338 3.1452949 0.9291517 1.2997269 1.3652484 1.1280975 1.1111816 1.0597142 1.0243302 1.0547627 1.0272429 1.2239707 1.6895474 1.1991143 1.2732346 0.0578936 0.0000000 0.1066702 0.1021023 0.1225536 0.2474612 0.2280700 1.6399456 1.8790964 1.1872123 1.6494133 1.4141074 1.3026880 1.4593961 1.4764853 1.4956029 1.6758111 1.5591241 1.4790557 1.5626014 1.6340436 2.2118471 2.1100453 1.6848739 1.7716639 1.5653028 2.2281965 1.8907327 2.1674993 2.6692682 1.8869795 1.9698048 2.5943323 1.9730700 2.1520259 2.2304991 2.2756175 2.6393123 2.8268545 1.6006185 1.9797010 2.1259143 2.5788390 2.4312891 1.8483593 1.9119909 1.9833179 1.5488203 3.8389135 
Hhon_g02190.t1                                         2.4965063 1.8509683 1.8470459 1.8694868 1.3509658 1.4146029 3.2263111 0.9733032 1.2876994 1.3943116 1.1440916 1.0983654 1.0525220 1.0251410 1.0150772 1.0493304 1.3492275 1.7457927 1.2474679 1.3160966 0.0895512 0.1066702 0.0000000 0.0087447 0.1696926 0.2716138 0.2313879 1.5109638 1.8474063 1.2481201 1.7065422 1.4175263 1.4102513 1.4068669 1.4248197 1.4581081 1.6912947 1.5587606 1.5353446 1.5304430 1.6260231 2.1949399 2.1675376 1.7517514 1.7993119 1.5924143 2.2546361 1.9241923 2.2054254 2.7164864 1.9386564 2.0553766 2.5813038 1.9331561 2.1333031 2.2614275 2.2719164 2.7649694 2.9722531 1.6692700 1.8517357 2.0508712 2.4973003 2.3517637 1.8997917 1.8531530 2.1015430 1.6418932 3.9716704 
HoiH04_mRNA6399                                        2.4493361 1.8176320 1.7887198 1.8065324 1.3352979 1.3809121 2.9876850 0.9733032 1.2443145 1.3660849 1.1287526 1.0990842 1.0287473 0.9906963 1.0276687 1.0493304 1.3041664 1.6665295 1.2175519 1.2971477 0.0843372 0.1021023 0.0087447 0.0000000 0.1603146 0.2593074 0.2349634 1.5131278 1.7998612 1.2323265 1.6739308 1.4045007 1.4256017 1.3886257 1.4063362 1.4502594 1.6360839 1.5461139 1.5099436 1.5179245 1.5912617 2.1658379 2.1300927 1.6975430 1.7442584 1.5029596 2.2440752 1.9164519 2.1897208 2.6903450 1.9248316 2.0464016 2.5371270 1.9257267 2.1330214 2.2522415 2.2598119 2.7396961 2.9419333 1.6660567 1.8111499 2.0019879 2.4198377 2.2840189 1.8903954 1.8317134 2.0085932 1.6113818 3.9312611 
HoiH11_mRNA8711                                        2.2474650 1.8024277 1.7690825 1.8193193 1.5060679 1.4976885 3.4158759 0.9988105 1.3573248 1.4637515 1.1572121 1.1746706 1.0902962 1.0554518 1.1114857 1.0927946 1.2618072 1.7318057 1.3097181 1.3792808 0.1401696 0.1225536 0.1696926 0.1603146 0.0000000 0.2487966 0.2350846 1.6792632 1.9556587 1.2718871 1.6621094 1.4721368 1.3367684 1.5146939 1.5357977 1.5346015 1.8105443 1.5132812 1.4082727 1.5156563 1.5702210 2.4149476 2.1969596 1.7539613 1.7833297 1.6170753 2.2606192 1.9443259 2.2358634 2.5805628 1.9411044 2.0630528 2.6042613 2.0117368 2.2401259 2.2060073 2.2255303 2.6214866 2.8225150 1.6439093 2.0298165 2.1953412 2.6268879 2.4743144 1.9022057 1.9921307 2.1531091 1.6531415 3.8023059 
TrH2_TrispH2_004897-RA                                 2.2433361 1.8879959 1.7953105 1.7448491 1.4420557 1.4368313 3.1786674 0.9862867 1.3379357 1.4555242 1.1380085 1.1178840 1.0128500 1.0110463 1.0092132 1.1167179 1.3544762 1.5976419 1.3630372 1.3213290 0.2993990 0.2474612 0.2716138 0.2593074 0.2487966 0.0000000 0.0245325 1.5965286 1.9146311 1.2817566 1.7070705 1.4558140 1.3434933 1.5082846 1.5120406 1.5213176 1.5874583 1.5889858 1.5151997 1.5871223 1.6588072 2.2879167 2.1400913 1.6784452 1.5397859 1.4176989 2.1812500 1.8690596 2.1891358 2.6797595 1.8642884 1.9651932 2.2567510 1.8123977 1.9660289 2.1983294 2.1840258 2.6422395 2.8321599 1.6783781 1.9792828 2.1680891 2.6834526 2.5165698 1.8267352 1.8003142 1.9574793 1.6115017 3.8306478 
Tadh_TriadT24331                                       2.1663318 1.8789876 1.8541720 1.8906379 1.3910463 1.3892682 3.1724014 0.9691253 1.2741681 1.4076290 1.1290863 1.0936701 1.0121567 1.0102308 0.9105191 1.1167179 1.4017165 1.7218536 1.3252353 1.2544684 0.2733591 0.2280700 0.2313879 0.2349634 0.2350846 0.0245325 0.0000000 1.5450014 2.0250237 1.2308251 1.6604213 1.4064438 1.3211466 1.4987982 1.5027841 1.5799974 1.6735275 1.5771406 1.5732896 1.6278009 1.7012882 2.3583098 2.1658851 1.7036495 1.5811090 1.4570862 2.1219787 1.8423126 2.1195264 2.6064810 1.7897037 1.9419460 2.0840423 1.7359580 1.8997037 2.1073080 2.1472000 2.5015596 2.7845847 1.6545038 1.8345413 2.1335967 2.6385146 2.4747232 1.9283224 1.8493903 2.0771283 1.6655459 3.6478466 
Amil_Amillepora18349-RA                                2.4884008 2.0655792 2.0336840 2.0992109 1.4585220 1.5591944 9.0000000 0.9765781 1.5628086 1.7664476 0.9269208 0.9085768 0.9823543 0.9826506 0.6615128 1.2075085 1.5151445 1.9381177 1.4859580 1.7396051 1.7054309 1.6399456 1.5109638 1.5131278 1.6792632 1.5965286 1.5450014 0.0000000 0.4714110 1.4160630 1.6178032 1.6199049 1.5771124 1.7296553 1.7193616 1.5850910 2.0511162 1.7767542 1.7873338 1.7286531 1.8794619 2.0156235 1.8384469 1.8916920 1.9740072 1.9750787 2.1166372 1.9220813 2.0372608 2.6512231 1.9270978 1.9661560 2.0182939 1.7850751 1.8040399 1.8191222 2.2368977 2.4573992 2.2574279 1.8032563 1.8978326 1.8430760 2.3179410 2.2607223 2.4803568 2.1197321 2.2620622 2.7804528 3.9332003 
Adig_XM_015904941.1                                    2.9764620 2.3222581 2.4370836 2.2113295 1.7371506 1.8983289 4.0073120 1.2739525 1.9260532 2.0745655 0.9089667 0.9624101 0.9027803 0.9222098 0.9146717 1.0942077 1.3907627 1.8219723 1.5511428 1.9337479 2.0549117 1.8790964 1.8474063 1.7998612 1.9556587 1.9146311 2.0250237 0.4714110 0.0000000 1.8796213 1.8512832 2.0639866 1.7963168 1.9182778 1.9223339 1.8673979 2.2059960 1.9041805 1.7708753 1.9426615 2.0311100 2.3643944 2.1726273 2.1342583 2.1454210 1.9662570 2.4469465 2.1005753 2.3512253 2.9280388 2.2041077 2.2468712 3.0333797 2.1126637 2.1260511 2.2397190 2.7798726 2.7432505 2.8423746 2.0822505 2.2065627 2.3116620 3.0311316 2.8433673 2.4693418 2.5026759 2.4092146 2.7676278 4.5258769 
Plajan_Pjan_scaffold13963_01                           2.0665436 1.5685964 1.5096050 1.6849381 1.2206901 1.2150041 2.8095139 0.8704838 1.1263078 1.2744200 1.1981732 1.2016055 1.0405876 0.9781915 0.8280590 1.0405384 1.1579896 1.8017727 1.3881017 1.5246948 1.4066307 1.1872123 1.2481201 1.2323265 1.2718871 1.2817566 1.2308251 1.4160630 1.8796213 0.0000000 1.5888540 0.9478510 1.4459258 1.4116572 1.4354892 1.4125605 1.5078477 1.6170047 1.4926945 1.4243621 1.8441317 2.2632335 1.9976132 1.6105558 1.6268881 1.5151695 1.7735077 1.4649706 1.7981741 2.1056863 1.4755527 1.5902945 1.7946054 1.5246109 1.7204182 1.5043856 1.9101613 2.0424478 2.0896530 1.4302782 1.7545541 1.9786976 2.3566636 2.2484461 1.9368474 1.8844839 1.9673733 1.7421133 3.3382604 
Chem_TCONS_00051623                                    2.1560500 1.8577602 1.9692457 2.0932086 1.7800683 1.7785296 4.5297572 1.1930235 1.6072801 1.6041977 1.2927891 1.3479699 1.2565103 1.2541900 0.8965326 1.1094234 1.3147455 1.8084930 1.3639161 1.5900129 1.8453277 1.6494133 1.7065422 1.6739308 1.6621094 1.7070705 1.6604213 1.6178032 1.8512832 1.5888540 0.0000000 1.6130333 1.5761952 1.4562903 1.4691011 1.6776493 1.6711833 1.4487556 1.4863359 1.5408331 1.7480744 1.9887584 1.6264615 1.9633925 1.8385878 1.7422920 2.1544879 1.8527148 2.0728145 2.3859670 1.9109058 1.8731977 2.3543829 1.9465258 2.0298959 1.9074152 2.4803632 2.1225508 2.3000419 1.8684270 2.0612068 2.2653083 2.6001189 2.5150514 2.2195528 2.1119349 2.4148129 1.8602116 3.9745759 
Opea_EP00118_Oscarella_pearsei_P004281                 1.9195676 1.7672858 1.6207537 1.5145812 1.3070872 1.2896408 2.3980819 1.0105634 1.3437891 1.5163321 1.2794577 1.3598581 1.2880198 1.2151130 0.9629345 1.2491874 1.2906094 1.7255579 1.5078796 1.5954341 1.6502998 1.4141074 1.4175263 1.4045007 1.4721368 1.4558140 1.4064438 1.6199049 2.0639866 0.9478510 1.6130333 0.0000000 1.5451751 1.5935929 1.6657806 1.3821433 1.6677798 1.5693799 1.6002363 1.5607372 1.9606141 2.1989061 1.9783981 1.5897793 1.5650177 1.3478775 1.9438090 1.7909552 1.9183961 2.1565368 1.5760702 1.6676394 2.0156428 1.7284889 1.7939159 1.7615170 2.2462419 2.0821808 2.2689872 1.5649057 1.7291250 1.8845214 2.2098586 2.0857404 2.2051659 1.8609625 2.0714785 2.1226594 3.2529853 
Bralan_BLAG02001177_1                                  2.1294743 1.8278279 1.6899651 1.8274734 1.3599014 1.4420722 2.8795589 1.1161109 1.5202566 1.3891995 1.2853799 1.2598079 1.2513055 1.2163513 1.0880148 1.3462043 1.3701378 1.5152947 1.2162739 1.2267123 1.4745178 1.3026880 1.4102513 1.4256017 1.3367684 1.3434933 1.3211466 1.5771124 1.7963168 1.4459258 1.5761952 1.5451751 0.0000000 1.1464307 1.1704249 1.3707544 1.3276839 1.5526508 1.3774878 1.4799370 1.3979696 1.8973136 1.6562456 1.7523053 1.8963452 1.5848753 1.7254570 1.7033180 2.0173694 2.3736327 1.6463106 1.8122592 2.0102200 1.7978118 1.8168152 1.8377701 2.1055157 2.3760418 2.6955147 1.5754015 1.8641000 2.0659334 2.6145273 2.4641511 1.7070112 1.7381354 1.7044496 2.0947751 3.3932103 
Spur_XM_011682665.2                                    2.4550884 1.7777777 1.8428245 1.8874869 1.4179826 1.4258082 2.1089539 1.2072773 1.4933772 1.4312307 1.3196029 1.3026533 1.3244267 1.2241722 1.1712739 1.2675043 1.3464492 1.5525142 1.3858203 1.4333147 1.5879866 1.4593961 1.4068669 1.3886257 1.5146939 1.5082846 1.4987982 1.7296553 1.9182778 1.4116572 1.4562903 1.5935929 1.1464307 0.0000000 0.0213131 1.0389580 1.3069313 1.5569464 1.4040928 1.4576569 1.3436939 1.7814174 1.3391357 1.8005006 1.7079904 1.6274757 1.7387230 1.5377308 2.0625867 2.4817883 1.5624520 1.5416704 1.8505696 1.5998643 1.8199188 1.6848050 1.9810705 2.1131548 2.2645176 1.7095830 1.7657649 2.0352576 2.4763465 2.3281407 1.7399252 1.6693870 2.0880592 1.8842315 3.8236069 
Spur_XM_030983085.1                                    2.4592665 1.7127746 1.8236096 1.9068411 1.4274766 1.4463521 2.2552361 1.1850225 1.5245076 1.4162968 1.3758949 1.3594574 1.3694082 1.2670592 1.1936066 1.2679197 1.3942558 1.5895518 1.4112088 1.4657920 1.6164274 1.4764853 1.4248197 1.4063362 1.5357977 1.5120406 1.5027841 1.7193616 1.9223339 1.4354892 1.4691011 1.6657806 1.1704249 0.0213131 0.0000000 1.0821264 1.3215790 1.6023790 1.4228758 1.4934073 1.3458371 1.7667653 1.3558786 1.8295263 1.7234515 1.6410469 1.7339931 1.5329365 2.1202237 2.6359775 1.6007622 1.5863289 1.8933781 1.6027490 1.8411919 1.7297594 2.1165778 2.1518763 2.3122031 1.7409036 1.7875206 2.0530729 2.5529737 2.3556152 1.7252671 1.6640511 2.0859598 1.9949201 3.7912780 
Skow_XM_002737525.2                                    2.0503025 1.6601149 1.5025856 1.5930600 1.4859094 1.6201767 3.4121402 1.1150417 1.4788081 1.5097487 1.2556281 1.1571341 1.3294633 1.2326957 0.9718046 1.2769313 1.4096169 1.5737933 1.3950094 1.5213701 1.5802455 1.4956029 1.4581081 1.4502594 1.5346015 1.5213176 1.5799974 1.5850910 1.8673979 1.4125605 1.6776493 1.3821433 1.3707544 1.0389580 1.0821264 0.0000000 1.1743505 1.6168937 1.5906309 1.4974708 1.5907857 1.8760283 1.4036497 1.7847534 1.8023034 1.6793610 1.7509798 1.6039425 1.8535394 2.1153710 1.5996504 1.5828110 1.7747285 1.5589863 1.6773410 1.4945205 1.8004203 2.4324987 2.7750526 1.6464681 1.8884577 2.0424271 2.4945397 2.3336947 1.7392674 1.6281226 1.6705746 1.5939272 3.8163056 
Cscu_XM_023366925.1                                    2.3690564 1.7650754 1.8362399 1.8082787 1.6789884 1.7911456 3.4376670 1.4043996 1.8251946 1.6373362 1.6526052 1.6819590 1.5301327 1.4280990 1.3258068 1.6236942 1.4894250 1.8294309 1.5930161 1.4282391 1.8032264 1.6758111 1.6912947 1.6360839 1.8105443 1.5874583 1.6735275 2.0511162 2.2059960 1.5078477 1.6711833 1.6677798 1.3276839 1.3069313 1.3215790 1.1743505 0.0000000 1.6962917 1.5894197 1.5737276 1.6400634 1.4096118 1.3827801 2.0528914 1.9550608 1.8578945 2.3915367 1.8722078 2.1850780 2.7588923 1.9322222 1.8226395 2.2962037 1.8767298 1.8894665 1.9900857 2.3441902 2.4440733 2.8390855 1.8252641 2.0241316 2.0568763 2.4527373 2.3364848 1.6672729 1.4643382 1.6558547 2.3066683 3.6140198 
Sanmal_Sma_008535-T1                                   2.2603774 1.9211416 1.9647891 2.0828748 1.6851135 1.7353563 3.3374660 1.3333727 1.5801996 1.7116563 1.3124147 1.3340849 1.4479542 1.3725941 1.0911321 1.3575590 1.3594029 1.6555446 1.3866629 1.6320390 1.7106414 1.5591241 1.5587606 1.5461139 1.5132812 1.5889858 1.5771406 1.7767542 1.9041805 1.6170047 1.4487556 1.5693799 1.5526508 1.5569464 1.6023790 1.6168937 1.6962917 0.0000000 0.8547385 0.8172722 1.6254323 1.9327993 2.0139057 1.9916091 1.9121506 1.7272460 2.0527504 1.8788414 2.2597604 2.4684109 1.9222504 1.9851334 2.3638726 1.9879024 1.9283922 2.0623475 2.2249116 2.2183251 2.3676239 2.0145808 1.9828313 2.0548218 2.3405408 2.2547590 1.7976506 2.1246048 2.2443743 2.2981616 4.2288350 
Rhoesc_Res_002984-T1                                   2.3087149 1.8941732 2.0304471 1.8854601 1.8639152 1.8369980 3.1450351 1.4950466 1.7263373 1.6608689 1.2733039 1.3886570 1.2684097 1.2562949 1.1963924 1.6293869 1.4852047 1.7693410 1.3977499 1.4647682 1.5344918 1.4790557 1.5353446 1.5099436 1.4082727 1.5151997 1.5732896 1.7873338 1.7708753 1.4926945 1.4863359 1.6002363 1.3774878 1.4040928 1.4228758 1.5906309 1.5894197 0.8547385 0.0000000 0.2933862 1.6009557 1.9851462 1.9916087 2.3672273 2.0903421 1.8036026 1.9952318 1.9651618 2.0376686 2.0882333 1.8626530 1.9137075 2.1157001 1.8648117 2.0223392 2.1029995 2.1929171 2.7070265 2.9571883 2.1545761 2.2196020 2.3893424 2.6602543 2.5376423 2.0097014 2.0708176 1.8367752 1.9132539 4.5932719 
Nemnom_g8729.t1                                        2.2262850 1.9000330 2.1048632 1.8933273 1.7790363 1.7517211 2.9392137 1.4454815 1.5907935 1.8590564 1.4223435 1.4159857 1.4485003 1.3697255 1.2247762 1.6436300 1.5240312 1.7254445 1.4001841 1.4261527 1.5785636 1.5626014 1.5304430 1.5179245 1.5156563 1.5871223 1.6278009 1.7286531 1.9426615 1.4243621 1.5408331 1.5607372 1.4799370 1.4576569 1.4934073 1.4974708 1.5737276 0.8172722 0.2933862 0.0000000 1.6699513 2.0721631 2.1870660 2.2591662 2.1985094 1.8298411 2.1179748 2.0706952 2.0355646 2.1446703 1.8536925 1.8971531 2.2139557 1.9493016 2.0199458 2.0871660 2.1660406 2.7896060 2.9526069 2.1031013 2.1063944 2.3387458 2.6578617 2.5363728 1.9186108 1.8954165 1.9366437 2.0005304 4.5558979 
Hsap_ENST00000309822                                   2.1698973 1.7892721 1.8093969 1.9330454 1.6526401 1.7126241 4.3968697 1.1825682 1.6585791 1.4524333 1.3886122 1.3756508 1.4295117 1.4001455 1.2020666 1.6085103 1.6597889 1.6940027 1.5455023 1.6939881 1.7940238 1.6340436 1.6260231 1.5912617 1.5702210 1.6588072 1.7012882 1.8794619 2.0311100 1.8441317 1.7480744 1.9606141 1.3979696 1.3436939 1.3458371 1.5907857 1.6400634 1.6254323 1.6009557 1.6699513 0.0000000 2.1723960 1.5481175 1.8692643 1.8452344 1.6479262 2.1415080 1.7506455 2.4492684 3.0827981 2.1192848 2.0344724 2.6763977 2.0602063 2.1692678 1.8751987 2.4855305 2.6187880 3.0943525 1.9837740 2.1825992 2.2225033 2.8660113 2.6693121 1.9706835 2.0799501 2.3088331 2.0958181 4.3524204 
Dpul_mRNA6553                                          2.7054348 2.2346927 2.4146264 2.2392369 2.1450948 2.2179268 3.8856863 1.8234104 2.4854592 2.3510287 2.1110902 2.1775992 1.8914677 1.8804566 1.5553610 1.8029552 1.7561831 2.1101057 1.8949867 1.8465334 2.5176587 2.2118471 2.1949399 2.1658379 2.4149476 2.2879167 2.3583098 2.0156235 2.3643944 2.2632335 1.9887584 2.1989061 1.8973136 1.7814174 1.7667653 1.8760283 1.4096118 1.9327993 1.9851462 2.0721631 2.1723960 0.0000000 1.6388003 2.6790721 2.5090566 2.3115618 2.5575743 2.1642386 2.4428666 2.9498447 2.0893998 1.9537700 2.3144194 1.9430809 2.0311407 2.0898845 2.5306250 2.1781310 2.4952200 1.9340538 2.0336795 2.0184171 2.3455773 2.3038256 2.1593127 2.1259654 1.9992295 2.8485042 4.3874610 
Tcas_TC004104_001                                      2.7201357 1.9469322 2.0589862 2.0129934 2.1832375 2.1859689 4.7183723 1.6607621 2.1070697 1.8754874 1.6963890 1.7733859 1.7568464 1.6158017 1.3331619 1.7344284 1.9475550 2.2006272 1.6468065 1.9825032 2.3393393 2.1100453 2.1675376 2.1300927 2.1969596 2.1400913 2.1658851 1.8384469 2.1726273 1.9976132 1.6264615 1.9783981 1.6562456 1.3391357 1.3558786 1.4036497 1.3827801 2.0139057 1.9916087 2.1870660 1.5481175 1.6388003 0.0000000 2.1149713 2.2604839 1.9389668 1.7787309 1.5785958 2.1797543 2.6586186 1.8648615 1.6978284 1.9667909 1.6124364 1.7140018 1.5691498 1.9003743 1.9196328 2.3163695 1.6174895 1.7921840 1.8509235 2.2615717 2.1016201 2.1452868 2.1671109 2.1813826 2.3677403 3.9313257 
Aque_Aqu2.1.36771_001                                  2.4933259 1.9082580 1.9098040 1.6796179 1.3790865 1.4387500 2.8598402 1.0599455 1.1927925 1.3250232 1.6046106 1.6899505 1.6446650 1.5787002 1.2533332 1.3012203 1.6290387 2.1171257 1.6306668 1.7021918 1.8456337 1.6848739 1.7517514 1.6975430 1.7539613 1.6784452 1.7036495 1.8916920 2.1342583 1.6105558 1.9633925 1.5897793 1.7523053 1.8005006 1.8295263 1.7847534 2.0528914 1.9916091 2.3672273 2.2591662 1.8692643 2.6790721 2.1149713 0.0000000 0.7983670 1.0216680 2.4094103 1.8889742 2.3228084 3.1829028 1.9580250 2.0976342 2.9084063 1.9540292 2.0289033 2.0884568 3.1633551 2.9571738 3.1698227 1.7900271 2.1291703 2.2221917 3.2910433 2.8665277 2.3470342 2.2855146 2.5314798 2.6692707 3.3277708 
Halamb_c46834_g2_i5mm.2077                             2.4046021 1.9606818 1.9337840 1.7692493 1.4368259 1.5440339 2.9135412 1.2331102 1.1919734 1.3756549 1.6413287 1.6185673 1.5400567 1.4747051 1.3061687 1.3873395 1.6511934 2.0988082 1.6630795 1.6894954 1.8844271 1.7716639 1.7993119 1.7442584 1.7833297 1.5397859 1.5811090 1.9740072 2.1454210 1.6268881 1.8385878 1.5650177 1.8963452 1.7079904 1.7234515 1.8023034 1.9550608 1.9121506 2.0903421 2.1985094 1.8452344 2.5090566 2.2604839 0.7983670 0.0000000 0.7768850 2.6131166 2.0125135 2.3579421 2.9482778 1.9777135 2.0071243 2.7005350 1.9656206 2.1495952 2.3864418 3.1581218 3.1713841 3.5296180 1.9379366 2.2742449 2.2878557 3.3033424 2.9271754 2.2472361 2.2541148 2.5375585 2.6503962 3.3719895 
Xestes_maker-XT_scaffold4733-augustus-gene-0.43-mRNA-1 2.5544263 1.6816715 1.6898198 1.5585532 1.0837947 1.0535011 1.7780732 0.8094117 1.0459403 1.2627917 1.4110813 1.4391602 1.4338523 1.4523319 1.1092000 1.1495917 1.4501188 2.1385384 1.5148414 1.3824121 1.7254291 1.5653028 1.5924143 1.5029596 1.6170753 1.4176989 1.4570862 1.9750787 1.9662570 1.5151695 1.7422920 1.3478775 1.5848753 1.6274757 1.6410469 1.6793610 1.8578945 1.7272460 1.8036026 1.8298411 1.6479262 2.3115618 1.9389668 1.0216680 0.7768850 0.0000000 2.1103235 1.6053666 2.1183416 3.0963381 1.7759533 1.8379631 2.7142012 1.6836536 1.9567322 1.9698750 3.0934010 2.7036592 2.8389627 1.6599451 1.8633494 1.8247842 2.7583498 2.3983207 1.6385074 1.6785283 1.9315791 2.6479333 2.7282399 
Pbac_sb2663002                                         2.3274272 2.2379809 2.0230279 2.0228737 2.1254467 1.9660648 3.0279906 1.7243121 1.9465099 2.0841749 1.9488913 1.9652234 2.1528669 1.9505887 1.6958115 2.2585805 1.9968624 1.8796882 2.0614136 2.0977085 2.2447313 2.2281965 2.2546361 2.2440752 2.2606192 2.1812500 2.1219787 2.1166372 2.4469465 1.7735077 2.1544879 1.9438090 1.7254570 1.7387230 1.7339931 1.7509798 2.3915367 2.0527504 1.9952318 2.1179748 2.1415080 2.5575743 1.7787309 2.4094103 2.6131166 2.1103235 0.0000000 0.0369914 0.6271797 0.9401406 0.5140211 0.4549507 0.6753757 0.5945066 0.6589276 0.6847785 0.5951457 0.8431409 0.8685966 0.7655405 0.9526376 0.8302920 0.8478519 0.8678009 2.1424934 2.0204943 2.0180646 2.0629745 3.9830104 
Horcal_Hcv1.av93.c8.g17.i1                             2.0992949 1.7545879 1.6007897 1.5852933 1.6927715 1.6042017 2.6955234 1.4686596 1.6483869 1.7478131 1.7398718 1.7582641 1.7781346 1.6624788 1.5186743 1.8876696 1.9877705 1.9589035 1.8744687 1.8646872 2.1753380 1.8907327 1.9241923 1.9164519 1.9443259 1.8690596 1.8423126 1.9220813 2.1005753 1.4649706 1.8527148 1.7909552 1.7033180 1.5377308 1.5329365 1.6039425 1.8722078 1.8788414 1.9651618 2.0706952 1.7506455 2.1642386 1.5785958 1.8889742 2.0125135 1.6053666 0.0369914 0.0000000 0.5740149 0.8468766 0.4593604 0.4834454 0.6745189 0.5006080 0.4944829 0.5753617 0.5247489 0.9055024 0.8870616 0.7044866 0.7899446 0.8474978 0.9217937 0.9010325 1.9419178 1.8700227 1.8980803 2.0668944 2.3273263 
Bolinf_Binf_sb1255698                                  2.4431866 2.4719663 2.2428530 2.1773378 2.0758706 1.9786590 3.3894223 1.6798661 1.9952609 2.1800399 1.8943597 2.0124648 2.0890875 1.9406065 1.6991897 2.4189869 1.9662184 1.9250659 1.9337393 1.9771122 2.1399432 2.1674993 2.2054254 2.1897208 2.2358634 2.1891358 2.1195264 2.0372608 2.3512253 1.7981741 2.0728145 1.9183961 2.0173694 2.0625867 2.1202237 1.8535394 2.1850780 2.2597604 2.0376686 2.0355646 2.4492684 2.4428666 2.1797543 2.3228084 2.3579421 2.1183416 0.6271797 0.5740149 0.0000000 0.0315628 0.2626785 0.1823716 0.3809630 0.3786208 0.6814275 0.5675789 0.5079538 0.6702668 0.6785210 0.8253723 1.0134381 0.9329369 0.8849633 0.9144967 2.0702629 2.1760692 1.9813270 2.2883946 3.7175600 
Mertsp_Mesp_sb563369                                   2.5747448 3.2025930 2.8007251 2.6153054 3.0259076 2.9283463 3.3894223 3.3426340 2.4771889 2.9544554 2.3906780 2.4634809 2.6104709 2.3879224 2.1996192 5.8153377 2.2377975 1.9250659 2.3371583 2.3550125 2.6669176 2.6692682 2.7164864 2.6903450 2.5805628 2.6797595 2.6064810 2.6512231 2.9280388 2.1056863 2.3859670 2.1565368 2.3736327 2.4817883 2.6359775 2.1153710 2.7588923 2.4684109 2.0882333 2.1446703 3.0827981 2.9498447 2.6586186 3.1829028 2.9482778 3.0963381 0.9401406 0.8468766 0.0315628 0.0000000 0.3325986 0.2619500 0.4112181 0.4947431 0.9611570 0.7487434 0.5638864 0.8057718 0.8388327 0.9059041 1.1707513 1.0755151 1.0755151 1.0755151 2.8265159 2.7087490 2.4736001 2.3633672 5.9132403 
Mlei_ML1089.g9.i1                                      2.3444555 2.0049429 1.7212628 1.7139630 1.7986714 1.7679869 3.4161556 1.4101867 1.7293559 1.7485221 1.8057718 1.8894218 2.0001352 1.8738459 1.5763300 1.8787819 1.7587777 2.1134444 1.9528482 1.9275873 2.0926751 1.8869795 1.9386564 1.9248316 1.9411044 1.8642884 1.7897037 1.9270978 2.2041077 1.4755527 1.9109058 1.5760702 1.6463106 1.5624520 1.6007622 1.5996504 1.9322222 1.9222504 1.8626530 1.8536925 2.1192848 2.0893998 1.8648615 1.9580250 1.9777135 1.7759533 0.5140211 0.4593604 0.2626785 0.3325986 0.0000000 0.0000010 0.4090326 0.3215814 0.5562383 0.4054896 0.4931676 0.6756471 0.6741869 0.6734977 0.7711847 0.8315347 0.9045127 0.8671354 1.7958477 1.6295710 1.8159255 2.2818781 2.8093923 
Vmul_sbMO381409                                        2.0879235 2.0377949 1.8518005 1.8090253 1.7049657 1.6418610 2.4505846 1.5379660 1.7560353 1.7873166 1.6941578 1.7859829 1.9188161 1.7953986 1.6632985 2.2584081 1.7199827 1.8050152 1.8184629 1.7894883 2.0069225 1.9698048 2.0553766 2.0464016 2.0630528 1.9651932 1.9419460 1.9661560 2.2468712 1.5902945 1.8731977 1.6676394 1.8122592 1.5416704 1.5863289 1.5828110 1.8226395 1.9851334 1.9137075 1.8971531 2.0344724 1.9537700 1.6978284 2.0976342 2.0071243 1.8379631 0.4549507 0.4834454 0.1823716 0.2619500 0.0000010 0.0000000 0.3560857 0.3401130 0.4880963 0.4227328 0.3868527 0.6756471 0.6741869 0.7385122 0.8000284 0.7988382 0.8403211 0.8671354 1.9158168 1.7168605 1.7349636 2.0246113 3.1714696 
Bolinf_Binf_sb1260899                                  2.1840886 2.6877987 2.1261470 2.1758470 2.2918213 2.3404783 2.7074911 2.7737785 2.2080226 2.5208373 2.2377344 2.3045560 2.5203541 2.1664410 1.8069673 3.5738387 2.0700780 1.9638292 2.2359897 1.9848037 2.6190319 2.5943323 2.5813038 2.5371270 2.6042613 2.2567510 2.0840423 2.0182939 3.0333797 1.7946054 2.3543829 2.0156428 2.0102200 1.8505696 1.8933781 1.7747285 2.2962037 2.3638726 2.1157001 2.2139557 2.6763977 2.3144194 1.9667909 2.9084063 2.7005350 2.7142012 0.6753757 0.6745189 0.3809630 0.4112181 0.4090326 0.3560857 0.0000000 0.0464294 0.5610459 0.5135337 0.4780949 0.5116581 0.4747873 0.8338880 0.9016177 0.8104172 0.8104172 0.8104172 2.3181522 2.1515837 2.0478449 2.4835594 6.0032776 
