65
Lcom_lcpid27154                                        0.0000000 2.5352453 2.6671009 1.8102069 1.5887030 2.4684836 2.4454944 2.3045832 1.6481289 2.4206052 1.8114346 3.1461857 2.2762546 2.3119093 2.1588246 2.2119496 2.2826929 2.2654975 2.1741690 2.2169151 2.0025930 1.9792613 1.9226526 1.8872870 1.9062948 1.5854120 2.0393810 2.0665108 2.1601310 1.9976077 1.9747981 2.4044799 2.4269299 2.3784401 2.3869458 2.4193101 2.3143643 1.8974576 1.8909398 2.1239849 2.2344753 2.0345091 5.5419227 2.3830677 2.0690793 3.1428833 3.4483265 2.2467782 2.2333879 2.7571494 4.3799715 4.1681040 2.4392792 4.5030447 3.5496013 3.2108891 3.3721699 3.2195613 3.1460805 3.1978916 3.5703731 3.1567430 5.1006559 1.7488047 6.2583124 
Dgig_XM_028535651.1                                    2.5352453 0.0000000 0.4950481 1.6736945 1.2920581 1.9990855 1.9506998 1.9150205 0.7596885 1.9571753 1.6157570 2.4671964 1.4047245 1.4464402 1.4380848 1.4699770 1.4166907 1.4346465 1.4273782 1.4241884 1.7554670 1.7085700 1.6659624 1.6640430 1.6142052 1.4223151 1.8713792 1.7923919 1.9747079 2.0302069 1.8537485 2.0242066 2.0345854 2.0113837 2.0044565 2.0066915 1.8835086 1.5305199 2.2318189 2.5493967 2.3962007 1.8051046 5.0473807 2.2986923 1.8529255 2.9756314 3.5957740 1.8030761 2.2443736 2.6614465 4.3297735 4.6814622 2.5813814 4.6778739 3.5646008 3.4308031 3.4405736 3.3344547 3.2277803 3.4997752 3.5798423 3.1873051 4.0930053 3.1781078 6.3858611 
Xesp_010003-T1                                         2.6671009 0.4950481 0.0000000 1.7363792 1.8310473 2.2060185 2.1669834 2.0871483 0.8061309 2.1450908 1.6505206 2.7952996 1.6571670 1.6032225 1.6158649 1.6590809 1.6308633 1.6739714 1.6371995 1.6405892 1.7936399 1.7878026 1.8707285 1.7724594 1.6653973 1.5292122 1.9209473 2.0090262 2.1841600 2.0304242 2.1331585 2.1123827 2.1586321 2.0968994 2.0878163 2.0851521 1.9673893 1.7102293 2.1875074 2.4438303 2.4654997 1.9383200 5.0838159 2.3645507 1.9696647 2.8827440 3.3842791 1.9482777 2.2567043 2.7540645 4.1233963 4.8145721 2.6955582 4.8678753 3.6563461 3.5764834 3.7885906 3.5752038 3.3614339 3.5610693 3.6747033 3.4336900 3.8061944 3.1267715 5.9596618 
Sanmal_Sma_028473-T1                                   1.8102069 1.6736945 1.7363792 0.0000000 0.3350149 0.4923074 0.4816783 1.0303298 1.1535728 1.0777451 1.0903391 0.6144870 1.5807170 1.5605134 1.3547985 1.3589740 1.5112159 1.4830538 1.3886984 1.5463192 1.3705117 1.3643380 1.3729312 1.4795305 1.4443864 1.2676240 1.5825275 1.4533282 1.4689581 1.3742040 1.3761505 1.7140583 1.7292407 1.7162621 1.7227825 1.8068701 1.8023310 1.6256185 1.6284867 1.8846260 1.7314842 1.6991261 1.5310663 1.9126070 1.8781212 2.7486782 4.8838186 1.8610563 1.8605805 2.5201685 3.2951954 5.0692327 2.0513081 5.1969321 3.8086660 3.0886917 2.8881240 2.9470199 2.7724879 2.9677329 3.3296860 2.7314282 5.1382110 3.2411787 6.1200846 
Aaur_scaffold54.g9.t1                                  1.5887030 1.2920581 1.8310473 0.3350149 0.0000000 0.2573268 0.2698134 0.6126878 0.0000010 0.8682434 0.9320167 1.6409553 1.7876813 1.6541160 1.2276874 1.2319445 1.3509067 1.3305713 1.3927168 1.2933831 1.6774096 1.2435872 1.5134597 1.5965092 1.6385862 1.3297170 1.7897181 1.7142891 1.7499532 1.5004246 1.5039708 2.2428299 2.2631322 2.2663553 2.2663553 2.2395870 2.2571862 2.2603726 1.6445071 1.1689008 2.1468020 2.7937128 0.0000010 2.6453538 2.5268547 6.3604526 9.0000000 8.9999981 2.7148454 8.9999988 0.0000010 6.3604526 2.4750724 5.5992033 9.0000000 3.5275597 3.5700337 3.3975765 2.5732127 2.4639381 8.3228392 3.0739903 0.0000010 9.0000000 5.6751991 
Nemnom_g11645.t1                                       2.4684836 1.9990855 2.2060185 0.4923074 0.2573268 0.0000000 0.1125320 1.1660035 1.1035653 1.4302325 1.0947424 0.5559275 1.9521072 1.9556687 1.9270357 1.9133765 1.7688026 1.9377873 1.7893068 1.9195159 1.8698250 1.8444699 1.9130453 1.8039156 1.7533436 1.4713550 1.9865405 1.8767589 1.9291638 2.0137418 1.9027288 2.2598836 2.2897998 2.2922010 2.2904061 2.3015955 2.1741377 1.7814605 2.2379152 2.5852315 2.4429675 1.9013234 5.2806415 2.5220517 2.0347150 3.4137736 3.9745677 1.9805777 2.2051716 2.6774861 4.3297183 4.6773206 2.6309713 5.0797563 3.5369285 3.5364101 3.5651265 3.7558073 3.1848991 3.4765153 3.3502245 3.2679005 3.7837844 3.5594975 6.3948875 
Rhoesc_Res_011846-T1                                   2.4454944 1.9506998 2.1669834 0.4816783 0.2698134 0.1125320 0.0000000 1.1182853 1.0511573 1.4157670 1.0687295 0.5483391 1.9284805 1.9375900 1.9595609 1.9445926 1.8352709 1.9595316 1.7460507 1.8824661 1.8308610 1.8655968 1.9090018 1.7911933 1.7350853 1.4892998 1.9780352 1.8676292 1.9414172 2.0524678 1.8902217 2.3005102 2.3372638 2.3323026 2.3305184 2.3651189 2.1874599 1.8079385 2.2309670 2.6007356 2.3766599 1.8782874 4.8194462 2.4616303 2.0317199 3.3976405 3.9355385 1.8612506 2.1544307 2.6352644 4.7267577 4.4803382 2.5785669 4.9857828 3.6445757 3.3982181 3.5169342 3.6737040 3.1641189 3.4618308 3.3822443 3.2881749 3.6056024 3.2963598 6.3779028 
Morvir_scaffold76.g54.t1                               2.3045832 1.9150205 2.0871483 1.0303298 0.6126878 1.1660035 1.1182853 0.0000000 1.0809539 1.2871422 1.1128418 1.6401571 1.8269341 1.8433602 1.6987259 1.6913649 1.7818263 1.8235711 1.5268339 1.6910101 1.6309718 1.5809374 1.5693350 1.6054600 1.5296601 1.2886894 1.7505334 1.7672003 1.9936741 1.9090512 1.6984557 2.0084398 2.0317806 2.0124580 2.0061858 2.0121538 1.9168772 1.5997512 2.1321377 2.4883118 2.1570924 1.9403969 4.4973374 2.3249079 1.9915513 3.0020828 3.5838617 2.0074795 2.1447145 2.6748385 4.4443933 4.3138138 2.5924762 4.6599895 3.3868886 3.1964150 3.3393106 3.1269300 2.9983436 3.1670312 3.0770288 3.2690565 3.5286016 3.2870478 5.7240051 
Chem_TCONS_00029678                                    1.6481289 0.7596885 0.8061309 1.1535728 0.0000010 1.1035653 1.0511573 1.0809539 0.0000000 0.0520272 0.2948688 1.0889804 1.0383967 1.0659905 0.9502301 1.0008564 1.1973091 1.1565500 1.1096418 1.4089422 0.9148315 1.0312522 1.1048408 1.0744387 1.0761844 1.0464317 1.5401380 1.3859816 1.2567944 1.6016269 1.5002100 1.4503909 1.4849659 1.4387607 1.4702596 1.5148842 1.4724486 1.4724486 1.6898655 2.0757268 1.7083477 1.8634814 0.0000010 1.2694557 1.4345985 1.1180471 6.7085045 1.2343803 1.5955191 1.5653969 0.0000010 9.0000000 1.4747179 7.2283187 9.0000000 1.7521933 1.7041284 1.7162278 2.1998873 2.1344696 1.7687996 1.8772241 0.0000010 2.2796287 8.9999989 
Chem_TCONS_00033074                                    2.4206052 1.9571753 2.1450908 1.0777451 0.8682434 1.4302325 1.4157670 1.2871422 0.0520272 0.0000000 0.4871576 1.8419133 1.9581885 1.9460574 1.8584130 1.8799420 1.8571841 1.8810199 1.7426711 1.9944684 1.7624481 1.7639903 1.7168947 1.7851759 1.7982124 1.4332039 1.8359895 1.7347346 1.9666459 1.9941203 1.8341277 2.1115519 2.1100216 2.1385037 2.1199537 2.1686402 2.0113802 1.6465315 2.2254101 2.6316180 2.2311629 1.7913576 5.6103452 2.3601230 1.9931163 3.1144153 3.4374913 1.7245644 2.0025974 2.4884398 4.4745313 4.5721374 2.5373750 4.8209178 3.3222962 3.5289561 3.3766584 3.4873721 3.2050299 3.4372753 3.6277685 3.2795282 3.8721262 3.5483028 6.5314077 
Hvul_g13728_1                                          1.8114346 1.6157570 1.6505206 1.0903391 0.9320167 1.0947424 1.0687295 1.1128418 0.2948688 0.4871576 0.0000000 1.4692741 1.4135180 1.3625916 1.3424881 1.3660443 1.3338849 1.3972487 1.3638524 1.3993766 1.3781937 1.4159266 1.4514468 1.3718787 1.3805321 1.3468419 1.4479512 1.4045940 1.6191818 1.4814018 1.4682894 1.6527675 1.6546047 1.6600537 1.6478668 1.7024909 1.6586624 1.6293970 1.9043790 2.2517512 1.8908828 1.7772348 0.0000010 1.8494915 1.9724349 2.5608484 3.7516283 1.7077819 1.9712644 2.6007458 4.3315282 4.1472598 2.0270377 4.9713460 3.1620564 2.9613556 2.8889260 2.9050368 2.6621045 2.8787355 2.8693612 2.7098001 0.0000010 2.6978743 6.0870044 
Aaur_scaffold54.g8.t3                                  3.1461857 2.4671964 2.7952996 0.6144870 1.6409553 0.5559275 0.5483391 1.6401571 1.0889804 1.8419133 1.4692741 0.0000000 2.6436893 2.6120192 2.6215141 2.6284414 2.5854328 2.7305370 2.3373530 2.5864008 2.3019110 2.2506906 2.1756117 2.2223186 2.1507574 1.8077406 2.3640394 2.3431710 2.4326997 2.5705846 2.4079662 2.7415940 2.7639271 2.7936839 2.7952100 2.7841408 2.5822139 2.0900775 2.6259069 3.2440526 2.7593142 2.6817344 6.1187728 3.1225114 2.5071995 3.4168517 3.6652098 2.0357830 2.5897324 2.5461300 5.5842211 4.6314476 3.3383580 5.3712655 3.1432250 3.9174533 3.9750538 4.4492749 4.0305834 4.0475864 3.8167651 3.6433069 4.7568394 3.4811459 6.6653503 
Fspp_ffun1.m4.16078.m1                                 2.2762546 1.4047245 1.6571670 1.5807170 1.7876813 1.9521072 1.9284805 1.8269341 1.0383967 1.9581885 1.4135180 2.6436893 0.0000000 0.2005005 0.2534951 0.2463973 0.3445507 0.3031520 0.8385992 0.7855493 1.4328340 1.5607969 1.5755480 1.4552535 1.3264138 1.1481155 1.5019241 1.7464130 1.8550324 1.7318923 1.5963430 1.8849864 1.9046542 1.8467829 1.8393877 1.8379813 1.6935605 1.3986702 2.2416436 2.6460169 2.1101892 1.6083121 5.5243033 2.0810335 1.6825356 2.8940112 2.6787693 1.9969150 1.9040772 2.2428649 3.4038157 3.9672955 2.4106496 4.1969251 2.8649476 3.1737986 3.3406234 3.1946535 2.8122482 3.0541253 3.2909550 3.1703415 4.2282497 2.9561657 5.1715629 
Gasp_gasp1.m3.26682.m1                                 2.3119093 1.4464402 1.6032225 1.5605134 1.6541160 1.9556687 1.9375900 1.8433602 1.0659905 1.9460574 1.3625916 2.6120192 0.2005005 0.0000000 0.3093398 0.2938982 0.3664727 0.3198945 0.8477445 0.8315248 1.4649258 1.5394368 1.5993850 1.4777030 1.3479635 1.1561098 1.5581421 1.7630016 1.8133984 1.7521800 1.5896625 1.9127352 1.9447698 1.8774729 1.8727238 1.8693082 1.7200798 1.3856691 2.1945675 2.6045765 2.1106546 1.5848346 5.8972528 2.0763013 1.6885717 2.9200449 2.7406110 1.9484174 1.9085417 2.3369227 3.6156185 4.1517026 2.4641579 4.3356065 2.7454988 3.2212084 3.3551711 3.2136704 2.9156781 3.0206244 3.3263118 3.2081337 4.2857306 3.1853588 5.2593631 
Spis_XP_022788511_1                                    2.1588246 1.4380848 1.6158649 1.3547985 1.2276874 1.9270357 1.9595609 1.6987259 0.9502301 1.8584130 1.3424881 2.6215141 0.2534951 0.3093398 0.0000000 0.0646336 0.3936546 0.3809369 0.8540495 0.8161481 1.4344063 1.5120714 1.5431143 1.4472948 1.3331452 1.1558008 1.5210717 1.7619792 1.8495392 1.6994219 1.6490290 1.9301348 1.9602907 1.9049054 1.9001876 1.8774201 1.7856717 1.4058693 2.2265249 2.6293499 2.1366783 1.6860115 5.8333752 2.0983587 1.7080763 2.9541545 2.9594709 1.8952185 1.8845440 2.2778171 3.1657649 4.3326984 2.4313012 4.4616022 3.0131705 3.1991385 3.3688299 3.3068923 2.7327676 2.8578736 3.0785228 3.2183181 4.6661392 2.7912459 5.0319505 
Pocdam_XM_027182343.1                                  2.2119496 1.4699770 1.6590809 1.3589740 1.2319445 1.9133765 1.9445926 1.6913649 1.0008564 1.8799420 1.3660443 2.6284414 0.2463973 0.2938982 0.0646336 0.0000000 0.3974167 0.3763182 0.8386534 0.8012984 1.4469513 1.5191182 1.5510467 1.4737465 1.3566668 1.1925460 1.5568532 1.7656001 1.8459840 1.7315293 1.6369557 1.9208764 1.9443393 1.9061123 1.9014444 1.8710350 1.7583097 1.4222787 2.2944618 2.7462324 2.1844631 1.7303009 5.9009241 2.0976959 1.6921962 2.9492205 2.8760163 1.9016386 1.8677266 2.2824732 3.4985607 4.2809160 2.4497282 4.4656580 2.9718305 3.1475724 3.3341379 3.2481757 2.8300813 3.0172326 3.1615905 3.2275013 4.6518848 2.9687530 5.0575933 
Adig_XM_015902817.1                                    2.2826929 1.4166907 1.6308633 1.5112159 1.3509067 1.7688026 1.8352709 1.7818263 1.1973091 1.8571841 1.3338849 2.5854328 0.3445507 0.3664727 0.3936546 0.3974167 0.0000000 0.3103178 0.8943366 0.8939784 1.5203470 1.6093020 1.5969219 1.5442772 1.3940134 1.2042327 1.5919500 1.8019873 1.8489007 1.6588857 1.6654365 1.8687466 1.8862284 1.8330223 1.8287790 1.8575774 1.7247181 1.4308966 2.1858223 2.5181776 2.1654661 1.8416489 4.7702275 2.0851469 1.7911974 2.8947141 2.7199682 2.0463945 1.9048432 2.4167084 3.3551115 3.9339757 2.3740862 4.1427694 3.1787473 3.2652169 3.3573935 3.2769822 2.8855519 3.0000193 3.4693113 3.1000176 3.8156858 3.1758597 5.3754791 
Gfas_gfas1.m1.22766.m1                                 2.2654975 1.4346465 1.6739714 1.4830538 1.3305713 1.9377873 1.9595316 1.8235711 1.1565500 1.8810199 1.3972487 2.7305370 0.3031520 0.3198945 0.3809369 0.3763182 0.3103178 0.0000000 0.8545240 0.8248720 1.5010156 1.5756337 1.6412878 1.4918437 1.4594421 1.2057715 1.5938967 1.8268232 1.8984103 1.7662700 1.6282368 1.9629629 1.9972932 1.9255858 1.9209070 1.9355146 1.8063927 1.4505514 2.1589820 2.5380309 2.0832609 1.7945057 5.3805160 2.1476139 1.7814953 2.9829211 2.8669299 2.0121573 1.9274902 2.3385103 3.4593994 4.0855448 2.4638777 4.4565523 3.0038561 3.1313581 3.3487225 3.2242977 2.8384104 2.9718125 3.3267753 3.0603704 4.2512211 3.0915364 5.4509963 
Nvec_v1g241346                                         2.1741690 1.4273782 1.6371995 1.3886984 1.3927168 1.7893068 1.7460507 1.5268339 1.1096418 1.7426711 1.3638524 2.3373530 0.8385992 0.8477445 0.8540495 0.8386534 0.8943366 0.8545240 0.0000000 0.5217339 1.4446377 1.5090595 1.4929132 1.4218003 1.3166703 1.1716475 1.5341703 1.5421011 1.7324443 1.8458860 1.6602154 1.9220234 1.9339037 1.9052379 1.9009038 1.9186053 1.7510697 1.4810046 1.9507312 2.4540582 2.0619808 1.6826428 5.5328309 2.0326505 1.7249903 3.0490640 3.0098995 2.0720084 1.9081148 2.5212820 4.1047720 3.7814772 2.2979059 4.2563329 3.1825615 3.1715639 3.1401475 3.0436364 2.9637493 3.1487851 3.3184523 3.3811959 4.3074146 3.0357443 5.6938037 
Exapal_XM_021056218.2                                  2.2169151 1.4241884 1.6405892 1.5463192 1.2933831 1.9195159 1.8824661 1.6910101 1.4089422 1.9944684 1.3993766 2.5864008 0.7855493 0.8315248 0.8161481 0.8012984 0.8939784 0.8248720 0.5217339 0.0000000 1.5383339 1.5977751 1.5701112 1.4404362 1.4087615 1.1767417 1.6093026 1.6176673 1.8464007 1.8315457 1.7226045 1.8436684 1.8517825 1.8203553 1.8174785 1.8369686 1.7693420 1.4216596 2.2265293 2.6758796 2.1743354 1.6780832 4.8054071 2.0411416 1.7145675 3.0470106 3.0590323 2.2511742 1.9498281 2.5377142 3.8028190 3.9455544 2.4137516 4.3988381 2.9616799 3.2372480 3.3570786 3.1303281 3.0178089 3.1980213 3.4029908 3.4698250 3.9364251 2.9431162 5.0432038 
Cgig_XM_034456795.1                                    2.0025930 1.7554670 1.7936399 1.3705117 1.6774096 1.8698250 1.8308610 1.6309718 0.9148315 1.7624481 1.3781937 2.3019110 1.4328340 1.4649258 1.4344063 1.4469513 1.5203470 1.5010156 1.4446377 1.5383339 0.0000000 0.6752631 0.8229929 0.9742486 0.9703547 0.9410432 1.1351114 1.2327226 1.2685571 1.3033737 1.1422006 1.7841329 1.8115454 1.7847789 1.7901024 1.7600040 1.6441092 1.2829159 1.8972284 2.2155423 1.8360183 1.6795065 4.0159926 1.9249291 1.6804112 2.3573483 2.6228849 1.6619570 1.8006370 2.1215925 3.5581099 3.5721847 2.2701718 3.9818159 2.5145515 3.0090403 3.1664564 2.9074408 2.5453202 2.7335067 3.0305647 3.1354180 1.7968650 2.6949955 5.1430491 
Acagra_model.g7166.t1_model.g7167.t1.1.5d40083f        1.9792613 1.7085700 1.7878026 1.3643380 1.2435872 1.8444699 1.8655968 1.5809374 1.0312522 1.7639903 1.4159266 2.2506906 1.5607969 1.5394368 1.5120714 1.5191182 1.6093020 1.5756337 1.5090595 1.5977751 0.6752631 0.0000000 0.8362508 0.9227366 0.9306370 0.8019416 1.1690899 1.1861171 1.3122473 1.3202624 1.1354418 1.6858345 1.6976628 1.6699273 1.6659985 1.6839521 1.6033818 1.3073643 1.7152627 2.0182347 1.6827506 1.5882845 3.2034842 1.7333518 1.5148080 2.2507076 2.3640328 1.9607999 1.7124820 2.0611653 3.2589193 3.0725228 2.0735064 3.6148836 2.3488176 2.8702137 2.8802923 2.8723471 2.5063179 2.5838619 2.7076301 3.0775937 1.7916089 2.5259749 4.8444484 
Ctel_gnl_WGS_AMQN_CAPTEDRAFT_mRNA225122                1.9226526 1.6659624 1.8707285 1.3729312 1.5134597 1.9130453 1.9090018 1.5693350 1.1048408 1.7168947 1.4514468 2.1756117 1.5755480 1.5993850 1.5431143 1.5510467 1.5969219 1.6412878 1.4929132 1.5701112 0.8229929 0.8362508 0.0000000 0.9670896 0.9149411 0.8262812 1.1496646 1.2785907 1.2484710 1.3451491 1.1815950 1.6752885 1.6742204 1.6779704 1.6787517 1.6608931 1.5841729 1.3013496 1.8110909 2.1121790 1.7445631 1.6257469 3.7093784 1.9166071 1.6357331 2.4202666 2.4824557 1.6880674 1.8324501 2.1606682 2.9084247 3.2797107 2.1522078 3.8633168 2.3179710 2.9277195 3.1342093 2.8828062 2.5345598 2.7363087 3.2673031 3.1036550 2.0310803 2.6396712 4.8166279 
Bralan_BLAG02001923_1                                  1.8872870 1.6640430 1.7724594 1.4795305 1.5965092 1.8039156 1.7911933 1.6054600 1.0744387 1.7851759 1.3718787 2.2223186 1.4552535 1.4777030 1.4472948 1.4737465 1.5442772 1.4918437 1.4218003 1.4404362 0.9742486 0.9227366 0.9670896 0.0000000 0.8048296 0.8258137 0.9898768 0.9510938 1.1225589 1.3014997 1.1944764 1.7342667 1.7388853 1.7443898 1.7416011 1.7278375 1.6563808 1.3216672 1.8349865 2.1057086 1.7622108 1.6105703 3.9807476 1.9167922 1.6769841 2.3052358 2.3475887 1.7854223 1.8483954 2.1086017 2.8780477 3.5205307 2.2018508 3.8551719 2.5786953 2.8709493 3.0350496 2.9080542 2.6005521 2.7501733 2.9649774 3.0564130 1.8602235 2.3328362 4.8723289 
Skow_XM_006823201.1                                    1.9062948 1.6142052 1.6653973 1.4443864 1.6385862 1.7533436 1.7350853 1.5296601 1.0761844 1.7982124 1.3805321 2.1507574 1.3264138 1.3479635 1.3331452 1.3566668 1.3940134 1.4594421 1.3166703 1.4087615 0.9703547 0.9306370 0.9149411 0.8048296 0.0000000 0.7755098 0.8109686 1.1144835 1.1811369 1.3570470 1.1556925 1.5965008 1.6293009 1.6143228 1.6170440 1.5628047 1.5155218 1.1590973 1.7061373 2.0014556 1.6991582 1.6021232 3.8974195 1.7687607 1.5265874 2.2561825 2.1839853 1.7173583 1.6728939 2.0483066 2.3089063 3.0402995 2.0191652 3.4123965 2.1407204 3.0344854 3.1148495 2.9623181 2.5111648 2.8868248 2.7688166 3.2343146 1.6841655 2.2830657 4.9558034 
Cscu_XM_023364730.1                                    1.5854120 1.4223151 1.5292122 1.2676240 1.3297170 1.4713550 1.4892998 1.2886894 1.0464317 1.4332039 1.3468419 1.8077406 1.1481155 1.1561098 1.1558008 1.1925460 1.2042327 1.2057715 1.1716475 1.1767417 0.9410432 0.8019416 0.8262812 0.8258137 0.7755098 0.0000000 0.9453786 1.0922647 1.1007703 0.8329961 0.7454394 1.2687138 1.2856095 1.2631161 1.2759673 1.2586022 1.2656876 1.1241149 1.4184860 1.6529378 1.5179506 1.6299362 8.9999989 1.5072139 1.5362411 1.9617772 2.6378484 1.5403225 1.6969897 2.0971620 3.0976751 2.5919345 1.6713546 3.4387560 2.4157634 2.6056138 2.5447086 2.5487773 2.2433316 2.3090915 2.5595875 2.6097311 7.3520813 2.1680045 5.5283070 
Spur_XM_030983472.1                                    2.0393810 1.8713792 1.9209473 1.5825275 1.7897181 1.9865405 1.9780352 1.7505334 1.5401380 1.8359895 1.4479512 2.3640394 1.5019241 1.5581421 1.5210717 1.5568532 1.5919500 1.5938967 1.5341703 1.6093026 1.1351114 1.1690899 1.1496646 0.9898768 0.8109686 0.9453786 0.0000000 1.3639545 1.4101400 1.5256600 1.3445845 1.8915306 1.9265556 1.8957679 1.8873741 1.8676534 1.7688123 1.3924952 1.9578191 2.2860680 1.8695037 1.8671143 4.3124124 2.1419274 1.8660292 2.7403396 2.7225303 2.1995473 2.0406446 2.6239306 2.7678864 3.3440844 2.3278649 3.7501653 2.4325367 3.2049339 3.3183689 3.2660763 2.7643079 2.8447800 3.2339012 3.2618658 2.3582610 2.9824263 5.7795744 
Hsap_ENST00000403714                                   2.0665108 1.7923919 2.0090262 1.4533282 1.7142891 1.8767589 1.8676292 1.7672003 1.3859816 1.7347346 1.4045940 2.3431710 1.7464130 1.7630016 1.7619792 1.7656001 1.8019873 1.8268232 1.5421011 1.6176673 1.2327226 1.1861171 1.2785907 0.9510938 1.1144835 1.0922647 1.3639545 0.0000000 0.6528411 1.4772286 1.3725229 1.9181638 1.9300260 1.9341101 1.9269932 1.9417199 1.9057043 1.4945880 1.8834506 2.1889093 1.8078978 1.7742586 4.1240279 2.1591603 1.9569537 2.9421617 3.0662776 1.9969530 1.9868637 2.5776748 4.1664251 3.6860845 2.3358147 3.9950877 3.0932282 3.2309784 3.1363836 3.1036238 2.7547696 2.9066711 2.9979092 3.3213618 2.0358343 2.7311671 5.4249958 
Hsap_ENST00000637848                                   2.1601310 1.9747079 2.1841600 1.4689581 1.7499532 1.9291638 1.9414172 1.9936741 1.2567944 1.9666459 1.6191818 2.4326997 1.8550324 1.8133984 1.8495392 1.8459840 1.8489007 1.8984103 1.7324443 1.8464007 1.2685571 1.3122473 1.2484710 1.1225589 1.1811369 1.1007703 1.4101400 0.6528411 0.0000000 1.5869151 1.5209865 2.0793456 2.0879818 2.0974056 2.1075911 2.0546687 1.9997044 1.5711636 2.1066670 2.4387671 2.1277759 1.9631807 3.7594325 2.1940887 1.9366383 2.7769561 3.0233281 2.1312669 1.9871358 2.4650567 3.0456202 3.5328053 2.3710102 4.0826782 2.6958330 3.3402036 3.3010918 3.1387985 2.9108248 3.0160160 3.2854166 3.2572619 2.5309355 2.7847485 5.1490646 
Dpul_mRNA6802                                          1.9976077 2.0302069 2.0304242 1.3742040 1.5004246 2.0137418 2.0524678 1.9090512 1.6016269 1.9941203 1.4814018 2.5705846 1.7318923 1.7521800 1.6994219 1.7315293 1.6588857 1.7662700 1.8458860 1.8315457 1.3033737 1.3202624 1.3451491 1.3014997 1.3570470 0.8329961 1.5256600 1.4772286 1.5869151 0.0000000 0.9458071 2.0346550 2.0404248 2.0015378 2.0027974 2.0245691 1.8257797 1.5040019 2.1299424 2.5820506 1.9953882 1.7231947 4.6606081 2.1176335 1.7779220 2.7912766 2.9713391 1.7898509 2.0125546 2.3381996 3.9642261 3.9768382 2.3333766 4.0486471 3.0135633 3.3189208 3.5150960 3.3356241 2.9255272 3.1922411 3.4622197 3.1571203 2.4829787 3.0985684 4.7078301 
Tcas_TC009038_001                                      1.9747981 1.8537485 2.1331585 1.3761505 1.5039708 1.9027288 1.8902217 1.6984557 1.5002100 1.8341277 1.4682894 2.4079662 1.5963430 1.5896625 1.6490290 1.6369557 1.6654365 1.6282368 1.6602154 1.7226045 1.1422006 1.1354418 1.1815950 1.1944764 1.1556925 0.7454394 1.3445845 1.3725229 1.5209865 0.9458071 0.0000000 1.7400416 1.7623971 1.7554282 1.7479758 1.7579821 1.6691626 1.2776782 1.9440523 2.3452276 1.8114307 1.6696197 4.6932805 2.0377010 1.6373430 2.6588709 2.5964737 1.9031274 1.8445655 2.2898461 4.1410839 3.9351653 2.3552305 4.2015675 2.5830821 3.1198622 3.0525613 3.0906070 2.7856847 2.9671085 3.0826903 2.9721008 2.0004445 2.9499268 4.5538024 
HoiH23_PlH23_006129-RA                                 2.4044799 2.0242066 2.1123827 1.7140583 2.2428299 2.2598836 2.3005102 2.0084398 1.4503909 2.1115519 1.6527675 2.7415940 1.8849864 1.9127352 1.9301348 1.9208764 1.8687466 1.9629629 1.9220234 1.8436684 1.7841329 1.6858345 1.6752885 1.7342667 1.5965008 1.2687138 1.8915306 1.9181638 2.0793456 2.0346550 1.7400416 0.0000000 0.0228567 0.0531053 0.0529589 0.0758516 0.1409948 0.0909673 2.5925848 3.1742248 2.5423015 1.9044920 5.8428251 2.2564608 1.8444298 3.1083954 2.9421111 2.0733538 1.9660959 2.1968403 3.6419918 4.3140324 2.5815329 4.5434805 2.7386587 3.4748522 3.5305709 3.4948172 3.1605107 3.4430539 4.3350232 3.6389424 4.0457559 3.4005235 6.0494139 
HoiH06_mRNA11783                                       2.4269299 2.0345854 2.1586321 1.7292407 2.2631322 2.2897998 2.3372638 2.0317806 1.4849659 2.1100216 1.6546047 2.7639271 1.9046542 1.9447698 1.9602907 1.9443393 1.8862284 1.9972932 1.9339037 1.8517825 1.8115454 1.6976628 1.6742204 1.7388853 1.6293009 1.2856095 1.9265556 1.9300260 2.0879818 2.0404248 1.7623971 0.0228567 0.0000000 0.0626693 0.0624974 0.0835492 0.1524999 0.0997969 2.6172841 3.2150826 2.5679398 1.9100707 5.5027827 2.2564468 1.8425517 3.1242612 2.9658137 2.1002387 1.9862627 2.2042976 3.7700207 4.3776225 2.6003868 4.5985171 2.7804641 3.5397524 3.5912607 3.5086710 3.1542655 3.4768563 4.3481797 3.6730057 3.9203072 3.4110221 6.1396734 
Hhon_g00245.t1                                         2.3784401 2.0113837 2.0968994 1.7162621 2.2663553 2.2922010 2.3323026 2.0124580 1.4387607 2.1385037 1.6600537 2.7936839 1.8467829 1.8774729 1.9049054 1.9061123 1.8330223 1.9255858 1.9052379 1.8203553 1.7847789 1.6699273 1.6779704 1.7443898 1.6143228 1.2631161 1.8957679 1.9341101 2.0974056 2.0015378 1.7554282 0.0531053 0.0626693 0.0000000 0.0079436 0.0931445 0.1507577 0.0959262 2.6100918 3.1737451 2.5112487 1.9202256 5.2339955 2.2644072 1.8260285 3.0779220 2.9874512 2.0960948 1.9515989 2.2125553 3.7915922 4.1954369 2.5497691 4.4945857 2.8098044 3.4634370 3.5149736 3.4517489 3.1450154 3.4923255 4.1353060 3.5944181 3.8613986 3.3993718 5.9425001 
HoiH04_mRNA2246                                        2.3869458 2.0044565 2.0878163 1.7227825 2.2663553 2.2904061 2.3305184 2.0061858 1.4702596 2.1199537 1.6478668 2.7952100 1.8393877 1.8727238 1.9001876 1.9014444 1.8287790 1.9209070 1.9009038 1.8174785 1.7901024 1.6659985 1.6787517 1.7416011 1.6170440 1.2759673 1.8873741 1.9269932 2.1075911 2.0027974 1.7479758 0.0529589 0.0624974 0.0079436 0.0000000 0.0928865 0.1488981 0.0935523 2.6130346 3.1715252 2.5061991 1.9192297 5.2797428 2.2524308 1.8105522 3.0565486 2.9187130 2.1020723 1.9406031 2.1924758 3.6811444 4.1670191 2.5392974 4.4504090 2.7470629 3.4305126 3.5062487 3.4584549 3.1264147 3.4620524 4.1081941 3.6119683 3.8610589 3.3438737 5.9176671 
HoiH11_mRNA8306                                        2.4193101 2.0066915 2.0851521 1.8068701 2.2395870 2.3015955 2.3651189 2.0121538 1.5148842 2.1686402 1.7024909 2.7841408 1.8379813 1.8693082 1.8774201 1.8710350 1.8575774 1.9355146 1.9186053 1.8369686 1.7600040 1.6839521 1.6608931 1.7278375 1.5628047 1.2586022 1.8676534 1.9417199 2.0546687 2.0245691 1.7579821 0.0758516 0.0835492 0.0931445 0.0928865 0.0000000 0.1408826 0.0994689 2.6027139 3.2175814 2.5221244 1.9020671 5.5364249 2.2469442 1.8406277 3.1367642 2.8846309 2.1484055 1.9783275 2.2280969 3.6090376 4.1635227 2.5732588 4.4676845 2.7501728 3.4424932 3.4224180 3.4589566 3.1360355 3.4618917 4.2732334 3.7263843 3.8884041 3.3972767 6.2091863 
TrH2_TrispH2_006494-RA                                 2.3143643 1.8835086 1.9673893 1.8023310 2.2571862 2.1741377 2.1874599 1.9168772 1.4724486 2.0113802 1.6586624 2.5822139 1.6935605 1.7200798 1.7856717 1.7583097 1.7247181 1.8063927 1.7510697 1.7693420 1.6441092 1.6033818 1.5841729 1.6563808 1.5155218 1.2656876 1.7688123 1.9057043 1.9997044 1.8257797 1.6691626 0.1409948 0.1524999 0.1507577 0.1488981 0.1408826 0.0000000 0.0159860 2.3986759 2.8966199 2.3594786 1.9652451 4.5396280 2.0958242 1.8504924 2.8055064 2.9970240 2.1351218 1.9217177 2.2103333 3.7178905 3.8555134 2.4367344 4.2243465 2.5367618 3.2612370 3.3385218 3.2462615 3.0778372 3.3476670 3.7121921 3.5749528 3.3427584 3.2382703 6.1855367 
Tadh_TriadT27697                                       1.8974576 1.5305199 1.7102293 1.6256185 2.2603726 1.7814605 1.8079385 1.5997512 1.4724486 1.6465315 1.6293970 2.0900775 1.3986702 1.3856691 1.4058693 1.4222787 1.4308966 1.4505514 1.4810046 1.4216596 1.2829159 1.3073643 1.3013496 1.3216672 1.1590973 1.1241149 1.3924952 1.4945880 1.5711636 1.5040019 1.2776782 0.0909673 0.0997969 0.0959262 0.0935523 0.0994689 0.0159860 0.0000000 1.9546855 2.3566719 1.8834686 1.9663263 9.0000000 1.7501346 1.8070955 2.2120702 2.5529326 2.1351218 1.7269769 2.1283690 3.4380015 3.2619372 2.0176691 4.2098429 2.1915787 2.9548311 2.7897116 2.7300745 2.6477870 2.8010252 3.0532809 3.2571822 9.0000000 2.7600436 5.4318551 
Opea_EP00118_Oscarella_pearsei_P022325                 1.8909398 2.2318189 2.1875074 1.6284867 1.6445071 2.2379152 2.2309670 2.1321377 1.6898655 2.2254101 1.9043790 2.6259069 2.2416436 2.1945675 2.2265249 2.2944618 2.1858223 2.1589820 1.9507312 2.2265293 1.8972284 1.7152627 1.8110909 1.8349865 1.7061373 1.4184860 1.9578191 1.8834506 2.1066670 2.1299424 1.9440523 2.5925848 2.6172841 2.6100918 2.6130346 2.6027139 2.3986759 1.9546855 0.0000000 0.0000010 0.8244490 2.0858725 4.0534583 2.2516524 1.9266355 3.0848438 2.8842980 2.2185377 2.0415187 2.4205490 3.6868940 3.6388471 2.5116014 4.2416256 2.8214558 3.4251345 3.2903530 3.1910754 2.8863679 3.0244207 2.9265621 3.2017770 3.9581875 2.6655645 6.0421609 
Ocar_g2621                                             2.1239849 2.5493967 2.4438303 1.8846260 1.1689008 2.5852315 2.6007356 2.4883118 2.0757268 2.6316180 2.2517512 3.2440526 2.6460169 2.6045765 2.6293499 2.7462324 2.5181776 2.5380309 2.4540582 2.6758796 2.2155423 2.0182347 2.1121790 2.1057086 2.0014556 1.6529378 2.2860680 2.1889093 2.4387671 2.5820506 2.3452276 3.1742248 3.2150826 3.1737451 3.1715252 3.2175814 2.8966199 2.3566719 0.0000010 0.0000000 0.9386606 2.6936698 4.0534583 2.6981262 2.2415329 3.3553401 2.9081230 2.3669372 2.4561691 2.8760082 3.8205356 3.6388471 2.8746357 3.9457823 2.8214558 3.5827230 3.5909961 3.3807017 3.0374349 3.1393229 2.9265621 3.5484793 3.9581875 2.6655645 6.6826410 
Plajan_Pjan_C568852_01                                 2.2344753 2.3962007 2.4654997 1.7314842 2.1468020 2.4429675 2.3766599 2.1570924 1.7083477 2.2311629 1.8908828 2.7593142 2.1101892 2.1106546 2.1366783 2.1844631 2.1654661 2.0832609 2.0619808 2.1743354 1.8360183 1.6827506 1.7445631 1.7622108 1.6991582 1.5179506 1.8695037 1.8078978 2.1277759 1.9953882 1.8114307 2.5423015 2.5679398 2.5112487 2.5061991 2.5221244 2.3594786 1.8834686 0.8244490 0.9386606 0.0000000 2.1524240 5.0653690 2.3518957 2.0526487 3.1195479 3.2343448 2.2640810 2.1055532 2.3973153 4.4877532 4.2345348 2.7831187 4.7387062 2.9341877 3.2331074 3.2340367 3.2687297 3.0456104 3.1661411 2.9602081 3.3281177 3.3438956 2.7198903 5.8219570 
Pbac_sb2657298                                         2.0345091 1.8051046 1.9383200 1.6991261 2.7937128 1.9013234 1.8782874 1.9403969 1.8634814 1.7913576 1.7772348 2.6817344 1.6083121 1.5848346 1.6860115 1.7303009 1.8416489 1.7945057 1.6826428 1.6780832 1.6795065 1.5882845 1.6257469 1.6105703 1.6021232 1.6299362 1.8671143 1.7742586 1.9631807 1.7231947 1.6696197 1.9044920 1.9100707 1.9202256 1.9192297 1.9020671 1.9652451 1.9663263 2.0858725 2.6936698 2.1524240 0.0000000 0.0000010 0.8413806 0.8959425 1.5747389 3.2626232 1.4526219 0.9631677 1.4232862 2.9548886 3.8615808 0.3573317 4.5288784 4.6202112 3.3929619 3.0680203 3.1443952 2.9228832 3.2718483 5.0705868 3.3908968 0.0000010 5.3563200 6.2565025 
Bolinf_Binf_sb1253880                                  5.5419227 5.0473807 5.0838159 1.5310663 0.0000010 5.2806415 4.8194462 4.4973374 0.0000010 5.6103452 0.0000010 6.1187728 5.5243033 5.8972528 5.8333752 5.9009241 4.7702275 5.3805160 5.5328309 4.8054071 4.0159926 3.2034842 3.7093784 3.9807476 3.8974195 8.9999989 4.3124124 4.1240279 3.7594325 4.6606081 4.6932805 5.8428251 5.5027827 5.2339955 5.2797428 5.5364249 4.5396280 9.0000000 4.0534583 4.0534583 5.0653690 0.0000010 0.0000000 0.0619909 0.0000010 0.2278675 0.1585099 0.0000010 0.4592226 0.0000010 0.0000010 0.5458900 0.5329502 0.6216124 0.6856197 6.2776658 5.2246476 5.1775701 4.9434617 8.9999986 5.1725655 5.7348528 4.1065639 5.9182537 6.8462458 
Mlei_ML0598.g17.i1                                     2.3830677 2.2986923 2.3645507 1.9126070 2.6453538 2.5220517 2.4616303 2.3249079 1.2694557 2.3601230 1.8494915 3.1225114 2.0810335 2.0763013 2.0983587 2.0976959 2.0851469 2.1476139 2.0326505 2.0411416 1.9249291 1.7333518 1.9166071 1.9167922 1.7687607 1.5072139 2.1419274 2.1591603 2.1940887 2.1176335 2.0377010 2.2564608 2.2564468 2.2644072 2.2524308 2.2469442 2.0958242 1.7501346 2.2516524 2.6981262 2.3518957 0.8413806 0.0619909 0.0000000 0.2009340 0.2701504 0.3887070 0.3639392 0.4640777 0.5187120 1.0637466 0.7158018 0.5920107 1.4387842 0.7426477 3.5970248 3.3488558 3.3514171 3.3910759 3.7429989 3.8586300 3.5520787 4.1106001 3.5481402 5.9993185 
Beraby_Baby_sb325525                                   2.0690793 1.8529255 1.9696647 1.8781212 2.5268547 2.0347150 2.0317199 1.9915513 1.4345985 1.9931163 1.9724349 2.5071995 1.6825356 1.6885717 1.7080763 1.6921962 1.7911974 1.7814953 1.7249903 1.7145675 1.6804112 1.5148080 1.6357331 1.6769841 1.5265874 1.5362411 1.8660292 1.9569537 1.9366383 1.7779220 1.6373430 1.8444298 1.8425517 1.8260285 1.8105522 1.8406277 1.8504924 1.8070955 1.9266355 2.2415329 2.0526487 0.8959425 0.0000010 0.2009340 0.0000000 0.2807331 0.3594905 0.5278811 0.4682526 0.5797435 0.9122312 0.6464458 0.5938417 1.8035199 0.6547258 3.3530406 3.1863532 3.2030844 3.1880885 3.4167061 3.6346292 3.2137275 0.0000010 3.0046523 6.1746133 
Drygla_Dgla_sb285586                                   3.1428833 2.9756314 2.8827440 2.7486782 6.3604526 3.4137736 3.3976405 3.0020828 1.1180471 3.1144153 2.5608484 3.4168517 2.8940112 2.9200449 2.9541545 2.9492205 2.8947141 2.9829211 3.0490640 3.0470106 2.3573483 2.2507076 2.4202666 2.3052358 2.2561825 1.9617772 2.7403396 2.9421617 2.7769561 2.7912766 2.6588709 3.1083954 3.1242612 3.0779220 3.0565486 3.1367642 2.8055064 2.2120702 3.0848438 3.3553401 3.1195479 1.5747389 0.2278675 0.2701504 0.2807331 0.0000000 0.4632818 0.3410453 0.6093241 0.5718140 1.3136541 0.7409679 0.7136257 1.1020684 0.8335260 3.6639384 3.5723073 3.6671785 4.0443155 4.3228921 3.7541054 4.0597994 3.8241054 3.4001744 5.8741250 
Lampan_Lpan_C398627_01                                 3.4483265 3.5957740 3.3842791 4.8838186 9.0000000 3.9745677 3.9355385 3.5838617 6.7085045 3.4374913 3.7516283 3.6652098 2.6787693 2.7406110 2.9594709 2.8760163 2.7199682 2.8669299 3.0098995 3.0590323 2.6228849 2.3640328 2.4824557 2.3475887 2.1839853 2.6378484 2.7225303 3.0662776 3.0233281 2.9713391 2.5964737 2.9421111 2.9658137 2.9874512 2.9187130 2.8846309 2.9970240 2.5529326 2.8842980 2.9081230 3.2343448 3.2626232 0.1585099 0.3887070 0.3594905 0.4632818 0.0000000 1.4634853 0.4694468 0.4615324 1.1687533 0.7870053 0.8224470 0.8114553 0.7220771 4.0840517 4.7763649 4.6002499 4.9152776 4.5547929 3.8707844 4.4528549 2.7465577 2.9821207 5.3274515 
Lampan_Lpan_C388375_01                                 2.2467782 1.8030761 1.9482777 1.8610563 8.9999981 1.9805777 1.8612506 2.0074795 1.2343803 1.7245644 1.7077819 2.0357830 1.9969150 1.9484174 1.8952185 1.9016386 2.0463945 2.0121573 2.0720084 2.2511742 1.6619570 1.9607999 1.6880674 1.7854223 1.7173583 1.5403225 2.1995473 1.9969530 2.1312669 1.7898509 1.9031274 2.0733538 2.1002387 2.0960948 2.1020723 2.1484055 2.1351218 2.1351218 2.2185377 2.3669372 2.2640810 1.4526219 0.0000010 0.3639392 0.5278811 0.3410453 1.4634853 0.0000000 0.4106774 0.4187339 0.0000010 0.0000010 0.8412174 4.3869661 1.5202978 2.9505659 2.4580400 2.4473345 2.8857494 3.1662486 1.9594237 2.9270461 0.0000010 2.6086983 8.9999983 
Coemet_Cmet_scaffold164_01                             2.2333879 2.2443736 2.2567043 1.8605805 2.7148454 2.2051716 2.1544307 2.1447145 1.5955191 2.0025974 1.9712644 2.5897324 1.9040772 1.9085417 1.8845440 1.8677266 1.9048432 1.9274902 1.9081148 1.9498281 1.8006370 1.7124820 1.8324501 1.8483954 1.6728939 1.6969897 2.0406446 1.9868637 1.9871358 2.0125546 1.8445655 1.9660959 1.9862627 1.9515989 1.9406031 1.9783275 1.9217177 1.7269769 2.0415187 2.4561691 2.1055532 0.9631677 0.4592226 0.4640777 0.4682526 0.6093241 0.4694468 0.4106774 0.0000000 0.0124872 1.2947548 0.9757066 0.7965450 1.8752028 0.8135642 3.5944959 3.5078465 3.4147522 3.3776881 3.4553697 3.6681012 3.3086839 2.8953539 3.0307592 5.7772876 
Coeast_Cast_sb758228                                   2.7571494 2.6614465 2.7540645 2.5201685 8.9999988 2.6774861 2.6352644 2.6748385 1.5653969 2.4884398 2.6007458 2.5461300 2.2428649 2.3369227 2.2778171 2.2824732 2.4167084 2.3385103 2.5212820 2.5377142 2.1215925 2.0611653 2.1606682 2.1086017 2.0483066 2.0971620 2.6239306 2.5776748 2.4650567 2.3381996 2.2898461 2.1968403 2.2042976 2.2125553 2.1924758 2.2280969 2.2103333 2.1283690 2.4205490 2.8760082 2.3973153 1.4232862 0.0000010 0.5187120 0.5797435 0.5718140 0.4615324 0.4187339 0.0124872 0.0000000 1.1009948 0.8710978 0.9366981 1.6972114 0.7515285 4.0421526 4.0108110 3.8270063 3.5529905 3.7413198 3.5901878 3.6260898 0.0000010 3.1507534 6.6505586 
Pbac_sb2656658                                         4.3799715 4.3297735 4.1233963 3.2951954 0.0000010 4.3297183 4.7267577 4.4443933 0.0000010 4.4745313 4.3315282 5.5842211 3.4038157 3.6156185 3.1657649 3.4985607 3.3551115 3.4593994 4.1047720 3.8028190 3.5581099 3.2589193 2.9084247 2.8780477 2.3089063 3.0976751 2.7678864 4.1664251 3.0456202 3.9642261 4.1410839 3.6419918 3.7700207 3.7915922 3.6811444 3.6090376 3.7178905 3.4380015 3.6868940 3.8205356 4.4877532 2.9548886 0.0000010 1.0637466 0.9122312 1.3136541 1.1687533 0.0000010 1.2947548 1.1009948 0.0000000 0.3057625 0.3025702 0.3595177 1.3979807 8.9999986 8.9999987 8.9999990 5.5582611 7.0144973 6.7463291 8.9999986 9.0000000 4.7585670 6.0610513 
Pbac_sb2657294                                         4.1681040 4.6814622 4.8145721 5.0692327 6.3604526 4.6773206 4.4803382 4.3138138 9.0000000 4.5721374 4.1472598 4.6314476 3.9672955 4.1517026 4.3326984 4.2809160 3.9339757 4.0855448 3.7814772 3.9455544 3.5721847 3.0725228 3.2797107 3.5205307 3.0402995 2.5919345 3.3440844 3.6860845 3.5328053 3.9768382 3.9351653 4.3140324 4.3776225 4.1954369 4.1670191 4.1635227 3.8555134 3.2619372 3.6388471 3.6388471 4.2345348 3.8615808 0.5458900 0.7158018 0.6464458 0.7409679 0.7870053 0.0000010 0.9757066 0.8710978 0.3057625 0.0000000 0.0164208 0.0058839 1.0769747 4.9366644 5.2127045 5.0272348 5.2134055 5.7647106 4.5630405 5.9655600 5.0535616 4.2450131 6.4123339 
Horcal_Hcv1.av93.c10.g14.i1                            2.4392792 2.5813814 2.6955582 2.0513081 2.4750724 2.6309713 2.5785669 2.5924762 1.4747179 2.5373750 2.0270377 3.3383580 2.4106496 2.4641579 2.4313012 2.4497282 2.3740862 2.4638777 2.2979059 2.4137516 2.2701718 2.0735064 2.1522078 2.2018508 2.0191652 1.6713546 2.3278649 2.3358147 2.3710102 2.3333766 2.3552305 2.5815329 2.6003868 2.5497691 2.5392974 2.5732588 2.4367344 2.0176691 2.5116014 2.8746357 2.7831187 0.3573317 0.5329502 0.5920107 0.5938417 0.7136257 0.8224470 0.8412174 0.7965450 0.9366981 0.3025702 0.0164208 0.0000000 0.4274135 1.1387969 3.8756876 3.6672122 3.6057560 3.5135607 3.9537964 4.0759930 3.9633506 4.9151043 4.0809076 6.8033091 
Pbac_sb2657295                                         4.5030447 4.6778739 4.8678753 5.1969321 5.5992033 5.0797563 4.9857828 4.6599895 7.2283187 4.8209178 4.9713460 5.3712655 4.1969251 4.3356065 4.4616022 4.4656580 4.1427694 4.4565523 4.2563329 4.3988381 3.9818159 3.6148836 3.8633168 3.8551719 3.4123965 3.4387560 3.7501653 3.9950877 4.0826782 4.0486471 4.2015675 4.5434805 4.5985171 4.4945857 4.4504090 4.4676845 4.2243465 4.2098429 4.2416256 3.9457823 4.7387062 4.5288784 0.6216124 1.4387842 1.8035199 1.1020684 0.8114553 4.3869661 1.8752028 1.6972114 0.3595177 0.0058839 0.4274135 0.0000000 1.1263382 5.6999998 5.9107277 5.7483656 5.8581217 6.2087583 4.5488037 6.6730489 5.0442791 4.0566177 8.6607793 
Eupdun_Edun_sb10605169                                 3.5496013 3.5646008 3.6563461 3.8086660 9.0000000 3.5369285 3.6445757 3.3868886 9.0000000 3.3222962 3.1620564 3.1432250 2.8649476 2.7454988 3.0131705 2.9718305 3.1787473 3.0038561 3.1825615 2.9616799 2.5145515 2.3488176 2.3179710 2.5786953 2.1407204 2.4157634 2.4325367 3.0932282 2.6958330 3.0135633 2.5830821 2.7386587 2.7804641 2.8098044 2.7470629 2.7501728 2.5367618 2.1915787 2.8214558 2.8214558 2.9341877 4.6202112 0.6856197 0.7426477 0.6547258 0.8335260 0.7220771 1.5202978 0.8135642 0.7515285 1.3979807 1.0769747 1.1387969 1.1263382 0.0000000 4.3657153 4.4398258 5.2216292 4.8602805 4.7873191 3.4664041 4.7436722 2.7968224 2.8632735 5.4580778 
Aque_Aqu2.1.25567_001                                  3.2108891 3.4308031 3.5764834 3.0886917 3.5275597 3.5364101 3.3982181 3.1964150 1.7521933 3.5289561 2.9613556 3.9174533 3.1737986 3.2212084 3.1991385 3.1475724 3.2652169 3.1313581 3.1715639 3.2372480 3.0090403 2.8702137 2.9277195 2.8709493 3.0344854 2.6056138 3.2049339 3.2309784 3.3402036 3.3189208 3.1198622 3.4748522 3.5397524 3.4634370 3.4305126 3.4424932 3.2612370 2.9548311 3.4251345 3.5827230 3.2331074 3.3929619 6.2776658 3.5970248 3.3530406 3.6639384 4.0840517 2.9505659 3.5944959 4.0421526 8.9999986 4.9366644 3.8756876 5.6999998 4.3657153 0.0000000 0.4753154 0.6957975 2.2444392 2.4495801 1.9365454 2.6002608 5.1606657 3.7600249 6.0538363 
