80
Lcom_lcpid92458                                        0.0000000 0.0749655 0.5468440 0.5151120 0.8226675 0.8842399 1.0925578 1.1432845 1.3652552 1.2438095 1.2238806 1.3205714 1.1676547 1.2115739 0.9975105 0.9706555 0.9706555 1.2679834 1.0075866 1.0666930 1.0173522 0.9793664 1.0030871 1.0660559 0.9968040 0.9983999 1.0402624 0.6806962 1.0841024 1.0908870 1.0550185 1.1981708 1.1384445 1.0602006 1.2225345 1.1653051 1.0401487 0.9524642 1.1331257 1.1077520 1.1476162 0.8620012 1.2657062 1.1606150 1.1683432 1.1807127 1.1899376 1.2314382 1.2259994 1.2898363 1.3871588 1.1612043 1.2146971 1.2546594 1.2018518 1.1951824 1.3724025 1.6166337 1.8367145 1.3766702 1.3856207 1.3856207 1.4593586 1.4593586 1.4256854 1.4997265 1.2941490 1.2473641 1.4070558 1.3122887 1.4144055 1.3158012 1.3542910 1.2776360 2.5354861 1.4281503 1.6351069 0.9935111 1.1227681 1.1501505 
Lcom_lcpid111157                                       0.0749655 0.0000000 0.4174931 0.4114193 0.6911854 0.6646183 0.9016257 0.9353013 1.2807385 0.8531147 1.0450382 1.1166454 0.8655661 1.0115702 0.8800870 0.8353766 0.8353766 1.4037210 0.9161004 1.0666930 0.8842228 0.8540481 0.8641624 0.9210223 0.8265497 0.8752044 0.9279812 0.8494417 0.9353347 0.9536380 0.8943391 0.9990100 1.1663701 0.8765953 1.0052166 0.9126727 1.1015541 1.0082178 0.8899210 0.9469971 0.9575166 0.8620012 1.2370569 0.9927604 0.9991522 1.0076049 1.0107546 1.0463854 1.0413797 1.0475839 1.1474376 0.9100618 0.9904552 1.0240807 0.9647075 1.2436631 1.3724025 1.3483585 1.4893496 1.2404870 1.3465073 1.3465073 1.2625839 1.2625839 1.3840299 1.2898232 1.1828303 1.1400732 1.2487277 1.1989500 1.2962471 1.1972879 1.1966074 1.1513522 1.9441935 1.1770825 1.6346458 0.9935111 1.1227681 1.1501505 
Gracom_Gcom_C550340_01                                 0.5468440 0.4174931 0.0000000 0.3996341 0.7126204 0.8384475 1.0489384 1.0553547 1.5518743 1.0395424 1.1318219 1.2235161 0.9463036 1.1577297 0.9327217 0.8449832 0.8449832 1.5031346 1.0000529 1.0982605 0.8500828 0.8471979 0.8735831 0.9021124 0.8081741 0.7937452 0.8865395 0.7769699 0.9786863 0.9378193 0.8515530 0.9512001 1.1627492 0.9213830 0.9869620 0.8750415 1.0896950 1.0075734 0.8457495 0.9210467 1.0525196 0.8832981 1.3089477 1.0101962 1.0090344 1.0379441 1.0366473 1.0636672 1.0928677 1.0787505 0.9798237 0.8597621 0.9866728 0.9658208 0.9106330 1.2955360 1.3622962 1.3015917 1.3846492 1.2556249 1.3813924 1.3813924 1.2526367 1.2526367 1.3940404 1.2596798 1.1144608 1.0836928 1.1268470 1.1590741 1.2687855 1.2821135 1.2054123 1.1211327 1.7702729 1.1230240 1.7077418 1.0405378 1.0015919 1.3375302 
Leuniv_Lniv_scaffold25642_01                           0.5151120 0.4114193 0.3996341 0.0000000 0.5689602 0.6905859 0.9805178 1.0069989 1.4376897 1.1593314 1.0410707 1.1424051 1.0314966 1.0985585 0.8333714 0.7650232 0.7650232 1.3543822 0.8941055 0.9273631 0.8439370 0.8346674 0.8503973 0.8156558 0.8041647 0.7905879 0.8692938 0.8159286 0.9775613 0.9117039 0.8919330 0.9966543 1.1627018 0.8823157 1.0185412 0.9762159 1.1142110 1.0285303 0.9019895 0.9548041 1.0128603 0.8537257 1.1308820 0.8994806 0.8964599 0.9338371 0.9569326 0.9620857 0.9761136 1.0400185 1.0542425 0.7850061 0.8643410 0.9655522 0.8939246 1.1899386 1.0644453 1.2985007 1.3044094 1.1681521 1.1956371 1.1956371 1.1291569 1.1291569 1.2526297 1.1716737 1.1991049 1.1661007 1.1823861 1.0904631 1.2628413 1.1590503 1.1132235 1.0788179 1.7931636 1.1417372 1.5528662 1.0026051 0.9581271 0.9940807 
Clacor_Ccor_C527409_01                                 0.8226675 0.6911854 0.7126204 0.5689602 0.0000000 0.8233871 0.9792832 1.0061947 1.3345379 0.9799470 0.9902020 1.1194176 0.8584784 1.0822022 0.7125278 0.7946706 0.7580446 1.2780523 0.8313280 0.9692349 0.8251820 0.8204620 0.8203799 0.8403530 0.7708577 0.7796422 0.8643382 0.5632332 0.9179175 0.8582702 0.7768768 0.9612125 1.1231294 0.9363392 0.8716621 0.8343412 0.9839485 0.9395723 0.7899209 0.9013780 0.8806237 0.7478028 1.1014347 0.8776376 0.8748282 0.9035050 0.9250540 0.9383931 0.9391073 1.0494774 0.9660620 0.7513853 0.7981204 0.9096385 0.8422181 1.0779096 1.0055676 1.1951008 1.3009652 1.2027244 1.1931238 1.1931238 1.1172145 1.1172145 1.2166450 1.1346782 1.1229062 1.0724118 1.0733183 1.1250006 1.1318048 1.0785127 1.0258984 1.0637062 1.9606641 1.0575125 1.4030134 1.0844053 1.0930800 0.9277076 
Clacor_Ccor_scaffold8247_01                            0.8842399 0.6646183 0.8384475 0.6905859 0.8233871 0.0000000 1.1696578 1.1781367 1.0178889 1.2109486 1.2474372 1.3286706 1.1712131 1.1898121 1.0150302 1.0629424 1.0629424 1.8450445 1.0489229 1.2403904 0.9527946 0.9436418 1.0316097 1.0076265 0.8973310 1.0168648 1.1845271 0.8129481 1.0121105 1.0887435 0.9552009 1.0871207 1.1980327 0.9882001 1.0508207 0.9225212 1.1851209 1.0417575 0.8961233 0.9828254 1.0781057 0.8257705 1.4597452 1.0753722 1.0641684 1.0675565 1.0675565 1.0653068 1.0629787 1.2034034 1.1082753 1.0566236 1.0127071 1.1753291 1.1121915 1.3598659 2.0454242 1.3807564 1.5562015 1.3079458 1.6088959 1.6088959 1.4190858 1.4190858 1.6088959 1.4190858 1.2054346 1.2060735 1.2725800 1.2375422 1.2863883 1.3581458 1.3163374 1.2692973 1.8645754 1.1311139 1.7683454 0.9932174 0.7399446 1.1305539 
Emue_Em0015g692a.t1                                    1.0925578 0.9016257 1.0489384 0.9805178 0.9792832 1.1696578 0.0000000 0.0593585 0.2185787 0.4506346 0.6064569 0.6660181 0.3934035 0.7606648 0.9192608 0.9374851 0.9374851 1.4298087 0.9627468 1.0657198 0.9563889 0.9605873 0.9532693 0.9645867 0.9335190 0.8454543 0.9503020 0.8978474 0.8515864 0.8780069 0.9176346 0.9705750 1.1313318 1.0475889 0.8924775 0.8441179 1.0538140 1.0096456 0.9480555 0.9295943 0.9324047 0.9358188 1.2596867 1.0022541 0.9946290 0.9948686 0.9869047 1.0358836 1.0488227 0.9854800 1.2638634 1.3306048 1.3456719 1.5361474 1.2745808 0.6966186 0.7232849 1.4397268 1.1143102 1.1378719 1.1093680 1.1093680 1.0462229 1.0462229 1.1374709 1.0657142 1.1381960 1.0760417 1.1376586 1.0928328 1.1058974 1.1127656 1.1488728 1.0709563 1.4563321 1.1283262 1.5051123 1.3825819 1.1929880 1.1419177 
Spolac_c96454_g1_i2_m.13115c96454-g1                   1.1432845 0.9353013 1.0553547 1.0069989 1.0061947 1.1781367 0.0593585 0.0000000 0.1785367 0.4229498 0.5995400 0.6759415 0.3780989 0.7716955 0.9737629 0.9233242 0.9233242 1.4695939 1.0227498 0.9965496 0.9446140 0.9486596 0.9426872 0.9578613 0.9082739 0.8611299 0.9628806 0.9853669 0.8812529 0.8377810 0.9621514 0.9884748 1.1317642 1.0770817 0.8811717 0.8878635 1.1008017 1.0415995 0.9612281 0.9915273 0.9473960 1.0466489 1.2337370 0.9690211 0.9480383 0.9619261 0.9485319 1.0004283 1.0379355 1.0683841 1.2051754 1.3227837 1.3255568 1.5511945 1.2640892 0.7014677 0.7874672 1.3917096 1.1612801 1.1978170 1.2441848 1.2441848 1.1527553 1.1527553 1.2226424 1.1316274 1.1410072 1.0752865 1.1615817 1.1515029 1.1624521 1.1476390 1.1721616 1.1048087 1.5705558 1.1315904 1.5767404 1.4289152 1.1544985 1.0853577 
Spolac_c96454_g1_i1_m.13114c96454-g1                   1.3652552 1.2807385 1.5518743 1.4376897 1.3345379 1.0178889 0.2185787 0.1785367 0.0000000 0.7565087 0.8644263 0.9872897 0.5326222 1.0422609 1.1974040 1.1266494 1.1266494 1.2329546 1.2040213 1.4239910 1.2384574 1.2384574 1.2362423 1.2567508 1.2812568 1.1901377 1.2652202 0.8529112 1.0251111 1.0911082 1.1441555 1.1737832 1.3091136 1.1872403 1.3953644 1.3983029 1.4532890 1.3129149 1.2589280 1.3724231 1.3330998 1.0643804 1.5484785 1.2684437 1.2534991 1.2639699 1.2639699 1.2665047 1.2853575 1.1835268 1.5555902 2.0110567 1.8897510 2.0818401 1.8789093 0.8905335 1.5252386 1.7448520 1.4443556 1.6004458 1.5286975 1.5286975 1.5329192 1.5329192 1.5286975 1.5329192 1.4323686 1.3401009 1.3277619 1.6348742 1.5819692 1.6113214 1.5691675 1.6107703 2.4325112 1.2987350 1.4822987 2.1256090 1.5631312 1.8307776 
Aque_Aqu2.1.39876_001                                  1.2438095 0.8531147 1.0395424 1.1593314 0.9799470 1.2109486 0.4506346 0.4229498 0.7565087 0.0000000 0.1573926 0.1747804 0.3291134 0.6394741 0.8314047 0.7234766 0.7234766 2.1853421 0.8488589 9.0000000 0.7600316 0.7625914 0.8483977 0.8659236 0.7128934 0.7091399 0.7852634 0.6070371 0.5451540 0.6141134 0.5897464 0.6683351 0.7608665 0.7170140 0.6480841 0.6636785 1.0605188 0.8604955 0.7445137 0.7544821 0.7935632 0.5624951 1.2408626 0.7359798 0.7359798 0.7330811 0.7330811 0.7468340 0.7496287 0.8611482 1.0032119 1.0767011 1.2135035 1.4176895 1.0288317 0.6304926 0.0000010 1.2191491 0.9517506 1.0008403 1.1491888 1.1491888 1.0661556 1.0661556 1.1491888 1.0661556 0.9147451 0.9166534 0.9829838 0.9199412 1.1497060 0.9503593 1.0169759 1.0831460 0.9608408 0.9233740 2.5188673 8.4737197 2.2062672 0.0000010 
Xestes_maker-XT_scaffold592-snap-gene-0.36-mRNA-1      1.2238806 1.0450382 1.1318219 1.0410707 0.9902020 1.2474372 0.6064569 0.5995400 0.8644263 0.1573926 0.0000000 0.2028002 0.3316414 0.7867784 0.8381162 0.8581582 0.8510236 1.3149508 0.9568975 0.9675084 0.8989771 0.8809767 0.9097395 0.9121842 0.8280300 0.8528407 0.8523284 0.7226604 0.8828909 0.8679037 0.8100018 0.8616371 0.9970719 0.9079754 0.9154358 0.9082865 1.0879340 1.0087091 1.0359200 1.0672931 0.9805451 0.9522140 1.3229828 1.0012410 0.9651960 0.9991508 0.9404326 1.0393529 1.0784896 0.9690954 1.0779707 1.2741713 1.2750775 1.4372867 1.2017865 0.6753546 1.0358617 1.3141191 0.9298874 1.1144311 1.1875892 1.1875892 1.1129246 1.1129246 1.0789927 1.0233245 1.0218435 0.9496063 1.0382019 1.0957094 1.1076880 1.0655636 1.0654784 1.0960376 1.3546715 1.0099828 1.7427205 1.2377683 1.2396829 1.0394984 
Halamb_c43178_g1_i2mm.1237                             1.3205714 1.1166454 1.2235161 1.1424051 1.1194176 1.3286706 0.6660181 0.6759415 0.9872897 0.1747804 0.2028002 0.0000000 0.3885434 0.7746068 0.9321679 0.9353932 0.9279921 1.3660388 1.0265346 0.9232498 0.9669739 0.9516874 0.9622451 0.9654867 0.9040555 0.9312774 0.9079004 0.8669558 1.0493104 1.0110046 0.8922349 0.8800560 1.0237867 0.9836900 0.9227147 0.8930680 1.0847069 1.0254081 1.0906712 1.1799682 1.0012524 0.9516054 1.3850204 1.1005706 1.0803497 1.0981444 1.0347346 1.1350177 1.1864142 1.0349001 1.1384866 1.3265775 1.3550076 1.4930426 1.2805651 0.6836277 0.9110074 1.4087599 1.0933486 1.2330253 1.2667407 1.2667407 1.1841439 1.1841439 1.1653917 1.1000378 1.1232530 1.0339537 1.0975138 1.1487839 1.1906170 1.1967440 1.1169760 1.1114109 1.6084868 1.0893667 1.8281477 1.1980978 1.2029799 0.9471846 
Stycar_maker-SC_scaffold4727-snap-gene-0.15-mRNA-1     1.1676547 0.8655661 0.9463036 1.0314966 0.8584784 1.1712131 0.3934035 0.3780989 0.5326222 0.3291134 0.3316414 0.3885434 0.0000000 0.4859418 0.6089106 0.6218067 0.6218067 1.3346316 0.7187813 1.1577068 0.6994313 0.7145128 0.7217355 0.7615908 0.6108544 0.6622892 0.7247819 0.6150237 0.6027349 0.6089592 0.5386666 0.7492881 0.9176814 0.5967433 0.7309962 0.6947819 1.1160063 0.9798991 0.6826489 0.7819905 0.7080445 0.5686898 1.0570995 0.6402334 0.6402334 0.6236369 0.6236369 0.6236369 0.6360277 0.9393596 0.8496429 1.1929231 1.2224224 1.3557190 1.1171720 0.3951503 0.0000010 1.0551428 0.9063566 1.0077845 0.8916109 0.8916109 0.8417665 0.8417665 0.8916109 0.8417665 0.8896496 0.8911334 0.8958951 0.8219266 0.9580831 0.8438194 0.8319695 0.9490476 0.8876686 0.8629778 1.7218583 1.5643744 1.0164367 0.0000010 
Plespi_Pspi_C593658_01                                 1.2115739 1.0115702 1.1577297 1.0985585 1.0822022 1.1898121 0.7606648 0.7716955 1.0422609 0.6394741 0.7867784 0.7746068 0.4859418 0.0000000 0.9556556 0.8892459 0.8892459 1.4945331 0.9936308 0.9585213 0.8473192 0.8406940 0.8688826 0.8735405 0.8313880 0.9324402 0.9257604 0.8368247 0.9529756 0.8387610 0.9261103 0.9632541 1.1222908 0.9571199 1.0689509 0.9846616 1.2276181 1.1495310 1.0129341 1.0084585 0.9533745 1.1588525 1.2613230 0.9681849 0.9539892 0.9528688 0.9074573 0.9410587 1.0461981 1.0605821 1.1683595 1.4628907 1.3995021 1.4734548 1.4653647 0.7308977 0.9985287 1.2700967 1.2867862 1.2919991 1.4180851 1.4180851 1.2580408 1.2580408 1.2966162 1.1606470 1.1226802 1.1051307 1.0809696 1.2142754 1.2488942 1.2156791 1.1263932 1.1267846 1.5700862 1.0964517 1.7666479 1.1543571 1.1843192 1.0113592 
Cgig_XM_011434515.3                                    0.9975105 0.8800870 0.9327217 0.8333714 0.7125278 1.0150302 0.9192608 0.9737629 1.1974040 0.8314047 0.8381162 0.9321679 0.6089106 0.9556556 0.0000000 0.3154148 0.3101668 0.5591676 0.3895372 0.4311046 0.5220410 0.5196224 0.5315805 0.5381920 0.5320024 0.4986324 0.5149463 0.3619923 0.6857780 0.7621894 0.4886926 0.6795705 0.8061609 0.5668219 0.7731329 0.6396324 0.8708573 0.7803998 0.7183250 0.7639842 0.4580953 0.4269968 0.7695402 0.6462422 0.6239467 0.6373901 0.5882699 0.6562589 0.6721975 0.6769737 0.7165003 1.1089611 1.0611053 1.2614845 1.0629459 0.8843771 0.7596958 0.8961577 0.9421205 1.0484420 0.9999821 0.9999821 0.9875623 0.9875623 0.9752344 0.9663328 0.8621682 0.8270060 0.8906280 0.9650925 0.9797466 0.9047489 0.9550548 0.8952955 1.4993319 0.8904190 1.2469977 1.0060912 1.1194046 0.6593616 
Acagra_model.g14107.t1                                 0.9706555 0.8353766 0.8449832 0.7650232 0.7946706 1.0629424 0.9374851 0.9233242 1.1266494 0.7234766 0.8581582 0.9353932 0.6218067 0.8892459 0.3154148 0.0000000 0.0000010 0.2879062 0.4398255 0.4420801 0.5053980 0.5030986 0.5106533 0.5319435 0.5287752 0.5438627 0.5160014 0.4795042 0.6566673 0.6694918 0.4738393 0.6240434 0.7121957 0.5482620 0.7663681 0.6723924 0.8660462 0.7497699 0.6405824 0.7022840 0.5671211 0.4356648 0.9679497 0.7603776 0.7681736 0.7200568 0.7073419 0.7506661 0.7452566 0.5929894 0.7450350 1.0974744 1.1126881 1.2895669 1.0469191 0.9089758 0.7516244 0.8857526 1.0287843 1.0133906 0.9625563 0.9625563 0.9243905 0.9243905 0.9632833 0.9236506 0.8271607 0.8092717 0.8559254 0.9146163 0.9668861 0.9290101 0.9293203 0.9011935 1.5266917 0.8898581 1.1778741 1.0500343 1.3015183 0.6219146 
Acagra_model.g14107.t1.1.5d400bef                      0.9706555 0.8353766 0.8449832 0.7650232 0.7580446 1.0629424 0.9374851 0.9233242 1.1266494 0.7234766 0.8510236 0.9279921 0.6218067 0.8892459 0.3101668 0.0000010 0.0000000 0.2935580 0.4167547 0.3933113 0.4826519 0.4804703 0.4865133 0.5084910 0.5003118 0.5245381 0.4908873 0.4795042 0.6545675 0.6515250 0.4512685 0.6049592 0.6905304 0.5188073 0.7411184 0.6470132 0.8301935 0.7199184 0.6096839 0.6855486 0.5435585 0.4026753 0.9287941 0.7352846 0.7430220 0.6954400 0.6819596 0.7252307 0.7145063 0.5754729 0.7192776 1.0974744 1.1126881 1.2895669 1.0469191 0.9089758 0.7516244 0.8493959 1.0287843 0.9895488 0.9386205 0.9386205 0.9046532 0.9046532 0.9383280 0.9032189 0.8142781 0.8092717 0.8374048 0.8856734 0.9370462 0.9098287 0.9101115 0.8819476 1.5266917 0.8879943 1.1674563 1.0500343 1.2062099 0.5467239 
Acagra_model.g14107.t1.2.5d400bef                      1.2679834 1.4037210 1.5031346 1.3543822 1.2780523 1.8450445 1.4298087 1.4695939 1.2329546 2.1853421 1.3149508 1.3660388 1.3346316 1.4945331 0.5591676 0.2879062 0.2935580 0.0000000 0.7466435 0.4420801 0.8199843 0.8151305 0.8835654 0.8994380 1.0022245 0.9267025 0.8763475 0.3973995 1.0753869 1.0679783 0.8422384 1.0458149 0.8663739 0.9685874 1.2553311 1.0862094 1.0255264 0.9075307 1.1399101 1.2774748 1.0130350 0.4356648 1.3035549 1.3191477 1.3310564 1.2965008 1.3057823 1.3559569 1.3698391 0.9300185 1.0822313 1.7520775 1.6378147 1.9428530 1.6586911 0.9969269 0.7516244 1.4283463 2.0530643 1.5256621 1.2543153 1.2543153 1.4805508 1.4805508 1.2694602 1.5043865 1.4958746 1.5302042 1.5119542 1.4305514 1.4892895 1.3400420 1.4347909 1.4366372 3.2597568 1.5952476 1.4029576 1.0500343 1.3015183 0.6219146 
Ctel_gnl_WGS_AMQN_CAPTEDRAFT_mRNA153600                1.0075866 0.9161004 1.0000529 0.8941055 0.8313280 1.0489229 0.9627468 1.0227498 1.2040213 0.8488589 0.9568975 1.0265346 0.7187813 0.9936308 0.3895372 0.4398255 0.4167547 0.7466435 0.0000000 0.5096641 0.5911267 0.5925843 0.5917517 0.6061514 0.6127888 0.5993178 0.6016454 0.4196097 0.8847990 0.8264588 0.5108018 0.7451265 0.8480950 0.5981419 0.7959007 0.6702471 0.8788990 0.8058185 0.7508942 0.7871566 0.5138895 0.5359153 0.9989151 0.8368447 0.8282147 0.8166217 0.7791664 0.8472568 0.8405327 0.6934352 0.8368918 1.2793523 1.2261023 1.4508089 1.1981092 1.0760089 1.0507302 0.8930511 1.0219292 1.0410864 1.0210471 1.0210471 0.9966573 0.9966573 1.0097793 0.9864412 0.8974980 0.8848489 0.9266871 0.9961497 1.0004725 1.0277615 1.0417264 0.9941110 1.6816263 0.8619398 1.1854218 1.1321161 1.1981633 0.7555141 
Gasp_gasp1.m3.19214.m1                                 1.0666930 1.0666930 1.0982605 0.9273631 0.9692349 1.2403904 1.0657198 0.9965496 1.4239910 9.0000000 0.9675084 0.9232498 1.1577068 0.9585213 0.4311046 0.4420801 0.3933113 0.4420801 0.5096641 0.0000000 0.0291129 0.0191295 0.0683275 0.0782762 0.0502448 0.2551508 0.2697696 0.0000010 0.7055866 0.7648750 0.5245602 0.3656242 0.4201830 0.5184911 0.6846991 0.6652440 0.7377507 0.7407039 0.6935916 0.6203037 0.5702468 0.4165671 0.8781866 0.8511554 0.8705037 0.8444700 0.8444700 0.8468436 0.8273303 0.6213360 0.8928372 1.2613174 1.1821134 1.3980267 1.1535475 0.8530629 0.5368489 0.7201022 1.2899758 1.0263892 1.0005766 1.0005766 1.0005766 1.0005766 1.0674276 1.0674276 1.1896874 1.1280962 1.1168577 1.1401388 1.0443647 0.9442690 0.9633640 0.8682490 3.7161434 0.9247753 0.7675194 0.8759587 1.0876275 0.0482760 
Spis_XP_022793090_1                                    1.0173522 0.8842228 0.8500828 0.8439370 0.8251820 0.9527946 0.9563889 0.9446140 1.2384574 0.7600316 0.8989771 0.9669739 0.6994313 0.8473192 0.5220410 0.5053980 0.4826519 0.8199843 0.5911267 0.0291129 0.0000000 0.0124954 0.1111124 0.1255386 0.0861063 0.2732682 0.3394644 0.2384454 0.6209282 0.6568874 0.6075448 0.5440790 0.6137476 0.6693901 0.6218861 0.6015489 0.7562128 0.6507548 0.6496466 0.6381981 0.6816552 0.5572714 0.9345888 0.7207754 0.7124826 0.7314496 0.7019170 0.7501807 0.7528558 0.7752003 0.8915259 1.1634672 1.0739543 1.2491265 1.0821598 0.8772407 0.8229431 0.9794191 1.0000019 1.0299087 1.0071989 1.0071989 1.0249938 1.0249938 0.9905964 1.0118844 0.8574209 0.8205038 0.8726995 0.9972319 0.9646493 0.8834575 0.9045624 0.8557052 1.5091626 0.8665166 1.2163880 0.9612284 1.2193975 0.1066937 
Pocdam_XM_027186769.1                                  0.9793664 0.8540481 0.8471979 0.8346674 0.8204620 0.9436418 0.9605873 0.9486596 1.2384574 0.7625914 0.8809767 0.9516874 0.7145128 0.8406940 0.5196224 0.5030986 0.4804703 0.8151305 0.5925843 0.0191295 0.0124954 0.0000000 0.0998296 0.1143589 0.0735557 0.2611428 0.3367093 0.2384454 0.5927905 0.6487682 0.6047311 0.5289131 0.5936604 0.6655238 0.6104340 0.5919974 0.7463936 0.6414006 0.6464665 0.6341189 0.6849697 0.5405337 0.9290378 0.7164922 0.7081914 0.7271761 0.6953611 0.7470010 0.7484695 0.7602476 0.8937018 1.1472425 1.0519536 1.2393786 1.0598023 0.8870314 0.8027099 0.9737712 0.9938410 1.0116635 1.0301159 1.0301159 1.0444690 1.0444690 1.0083944 1.0268837 0.8660000 0.8326976 0.8859831 1.0011626 0.9835283 0.8871782 0.9176186 0.8609507 1.5007186 0.8751018 1.2251206 0.9457431 1.1910987 0.0779541 
Amil_Amillepora06279-RA                                1.0030871 0.8641624 0.8735831 0.8503973 0.8203799 1.0316097 0.9532693 0.9426872 1.2362423 0.8483977 0.9097395 0.9622451 0.7217355 0.8688826 0.5315805 0.5106533 0.4865133 0.8835654 0.5917517 0.0683275 0.1111124 0.0998296 0.0000000 0.0444580 0.0605286 0.2906327 0.3633805 0.2856752 0.6545756 0.6675179 0.5905656 0.5408573 0.6150773 0.6722442 0.6245341 0.6043423 0.7895850 0.6715587 0.6937185 0.6045841 0.6861958 0.5106888 0.8997835 0.6741468 0.6655073 0.6852484 0.6508765 0.7080816 0.7130813 0.7535341 0.9174204 1.2214610 1.1221107 1.2998776 1.1527343 0.9327002 0.8553451 0.9562807 0.9698870 1.0271426 1.0325716 1.0325716 1.0166269 1.0166269 0.9972350 0.9869144 0.8657148 0.8303293 0.8949214 0.9968034 0.9745378 0.9267835 0.9161383 0.8825495 1.5358412 0.9078289 1.2217677 0.8996177 1.1960784 0.1330044 
Adig_XM_015902317.1                                    1.0660559 0.9210223 0.9021124 0.8156558 0.8403530 1.0076265 0.9645867 0.9578613 1.2567508 0.8659236 0.9121842 0.9654867 0.7615908 0.8735405 0.5381920 0.5319435 0.5084910 0.8994380 0.6061514 0.0782762 0.1255386 0.1143589 0.0444580 0.0000000 0.0850359 0.3118543 0.3841082 0.2562107 0.6591163 0.6817629 0.5929366 0.5431631 0.6049237 0.6971365 0.6232332 0.6042803 0.7601060 0.6581370 0.6579169 0.6014451 0.7132121 0.5396917 0.8896681 0.6940082 0.6858198 0.7020989 0.6725003 0.7307237 0.7217946 0.7587306 0.9080387 1.1930175 1.0855146 1.3020558 1.1148387 0.9450622 0.8460756 0.9457260 1.0297487 1.0696737 1.0781765 1.0781765 1.0549029 1.0549029 1.0613441 1.0398881 0.9442131 0.9139924 0.9733412 1.0557104 1.0125711 0.9396560 0.9601779 0.9224299 1.5210009 0.9660508 1.2451433 0.9139643 1.2128925 0.1471571 
Gfas_gfas1.m1.2857.m1                                  0.9968040 0.8265497 0.8081741 0.8041647 0.7708577 0.8973310 0.9335190 0.9082739 1.2812568 0.7128934 0.8280300 0.9040555 0.6108544 0.8313880 0.5320024 0.5287752 0.5003118 1.0022245 0.6127888 0.0502448 0.0861063 0.0735557 0.0605286 0.0850359 0.0000000 0.3109941 0.3843661 0.3017045 0.5959493 0.6584142 0.5841385 0.5276152 0.6184284 0.6699742 0.5760967 0.5621302 0.7559035 0.5965240 0.7105006 0.6430461 0.6979086 0.5329189 0.9838633 0.7102106 0.6905500 0.7329320 0.6760809 0.7482820 0.7528410 0.7334892 0.9208289 0.9995489 0.9539091 1.1969801 0.9688016 0.8768105 0.7923198 1.0541043 0.9781323 1.0593023 1.0168303 1.0168303 1.0198053 1.0198053 0.9726392 0.9848152 0.7832151 0.7365175 0.8327058 0.9815850 1.0235486 0.9325809 0.9252991 0.8785514 1.4778568 0.9488304 1.4052367 0.9231012 1.3475332 0.0806481 
Nvec_v1g237567                                         0.9983999 0.8752044 0.7937452 0.7905879 0.7796422 1.0168648 0.8454543 0.8611299 1.1901377 0.7091399 0.8528407 0.9312774 0.6622892 0.9324402 0.4986324 0.5438627 0.5245381 0.9267025 0.5993178 0.2551508 0.2732682 0.2611428 0.2906327 0.3118543 0.3109941 0.0000000 0.2394727 0.1401204 0.6261507 0.7004432 0.6086115 0.4896325 0.5865349 0.6485630 0.5549266 0.5061867 0.7134678 0.5903698 0.6051577 0.6235883 0.6258180 0.5309132 0.8272830 0.6831084 0.6906706 0.6822928 0.6769852 0.7272961 0.7064523 0.7333256 0.8533881 1.0466907 1.0401517 1.1981485 1.0203210 0.8564406 0.7350058 0.9618271 0.8161710 0.8862862 0.9043364 0.9043364 0.9507868 0.9507868 0.9332637 0.9780889 0.8155671 0.7921820 0.8447023 0.9458405 0.9960692 0.8674896 0.9037752 0.8271124 1.3673701 0.8713892 1.0130620 0.9409714 1.1105689 0.5028374 
Exapal_XM_021041182.1                                  1.0402624 0.9279812 0.8865395 0.8692938 0.8643382 1.1845271 0.9503020 0.9628806 1.2652202 0.7852634 0.8523284 0.9079004 0.7247819 0.9257604 0.5149463 0.5160014 0.4908873 0.8763475 0.6016454 0.2697696 0.3394644 0.3367093 0.3633805 0.3841082 0.3843661 0.2394727 0.0000000 0.3361934 0.6521007 0.7213126 0.6015568 0.5018221 0.5946765 0.6670447 0.5587467 0.5838426 0.7546311 0.6362888 0.6454111 0.6535142 0.6802888 0.4857843 0.9168914 0.7807522 0.7888502 0.7763393 0.7857072 0.8082255 0.8323165 0.7548508 0.8513519 1.1686674 1.1608835 1.3283382 1.0920318 0.8804104 0.6669245 0.9645000 0.9204607 0.8970293 0.9239725 0.9239725 0.9442086 0.9442086 1.0019027 1.0108978 0.8809339 0.8457951 0.8784849 0.9172414 1.0154066 0.8512344 0.9273304 0.8128001 1.4991958 0.9148603 1.0733907 0.9864684 1.2389700 0.3892114 
Nvec_NVE5314                                           0.6806962 0.8494417 0.7769699 0.8159286 0.5632332 0.8129481 0.8978474 0.9853669 0.8529112 0.6070371 0.7226604 0.8669558 0.6150237 0.8368247 0.3619923 0.4795042 0.4795042 0.3973995 0.4196097 0.0000010 0.2384454 0.2384454 0.2856752 0.2562107 0.3017045 0.1401204 0.3361934 0.0000000 0.3849767 0.4176828 0.5178921 0.5932640 0.4715707 0.7544720 0.4933977 0.4751327 0.5132940 0.2670136 0.4521347 0.5562161 0.7429324 0.2855340 0.5727528 0.6955513 0.6955513 0.6871373 0.6871373 0.6831782 0.6778172 0.6331524 0.7005160 1.1838699 0.9817502 1.3664258 1.0577405 0.5721942 0.0000010 1.2650183 0.7212369 0.7212369 0.7431008 0.7431008 0.8651198 0.8651198 0.7431008 0.8651198 0.6844413 0.6858674 0.6841702 0.8335132 0.9329893 0.7725409 0.8149286 0.7021998 1.3192681 0.6039959 0.6951759 1.1805182 0.0000010 0.0000010 
Opea_EP00118_Oscarella_pearsei_P004023                 1.0841024 0.9353347 0.9786863 0.9775613 0.9179175 1.0121105 0.8515864 0.8812529 1.0251111 0.5451540 0.8828909 1.0493104 0.6027349 0.9529756 0.6857780 0.6566673 0.6545675 1.0753869 0.8847990 0.7055866 0.6209282 0.5927905 0.6545756 0.6591163 0.5959493 0.6261507 0.6521007 0.3849767 0.0000000 0.3111207 0.7523880 0.7655521 0.8873266 0.7968640 0.8481460 0.7952884 0.9901190 0.8834791 0.7993897 0.7761923 0.7550591 0.8714407 1.1308363 0.8581487 0.8494260 0.8785713 0.8274979 0.9115789 0.9450694 0.8938570 1.0739594 1.1560260 1.2867851 1.4207176 1.2260269 0.8950569 0.8045557 1.0263501 0.9923503 1.1253581 1.0872740 1.0872740 1.0372496 1.0372496 1.1101695 1.0529784 0.8809496 0.8210403 0.9021152 1.0031098 1.0437050 1.0099211 1.0293993 1.0078631 1.3026765 0.9216805 1.3923898 1.2331587 1.3530908 1.0386429 
Plajan_Pjan_scaffold9181_01                            1.0908870 0.9536380 0.9378193 0.9117039 0.8582702 1.0887435 0.8780069 0.8377810 1.0911082 0.6141134 0.8679037 1.0110046 0.6089592 0.8387610 0.7621894 0.6694918 0.6515250 1.0679783 0.8264588 0.7648750 0.6568874 0.6487682 0.6675179 0.6817629 0.6584142 0.7004432 0.7213126 0.4176828 0.3111207 0.0000000 0.7533974 0.8031290 0.8701099 0.8310680 0.8575085 0.8000222 0.9172089 0.8441949 0.8801077 0.7999605 0.8197176 0.7410606 1.0579811 0.8125329 0.8136808 0.8224597 0.8136311 0.8684523 0.8980658 1.0064791 1.0246384 1.0884540 1.2063914 1.2949142 1.1735551 0.9526806 0.8904505 0.9975098 1.0669467 1.1377170 1.1256236 1.1256236 1.1042841 1.1042841 1.1232289 1.1012190 1.0281514 0.9504708 1.0190410 1.0873299 1.0687559 1.0698153 1.0513979 1.0621084 1.4425916 1.0257234 1.3701142 1.1019746 1.4377937 0.8817412 
Spur_XM_030991535.1                                    1.0550185 0.8943391 0.8515530 0.8919330 0.7768768 0.9552009 0.9176346 0.9621514 1.1441555 0.5897464 0.8100018 0.8922349 0.5386666 0.9261103 0.4886926 0.4738393 0.4512685 0.8422384 0.5108018 0.5245602 0.6075448 0.6047311 0.5905656 0.5929366 0.5841385 0.6086115 0.6015568 0.5178921 0.7523880 0.7533974 0.0000000 0.6216759 0.7049406 0.5337855 0.7863214 0.6516959 0.8338425 0.7679503 0.8053082 0.8072385 0.5541305 0.4760545 0.9421833 0.7318204 0.6939603 0.7303996 0.6691621 0.7228963 0.7674212 0.7018386 0.7828978 1.1476634 1.1225718 1.3238251 0.9965930 0.8705132 0.9297517 0.8069788 1.0019237 1.0173263 1.0490142 1.0490142 1.0234831 1.0234831 0.9852599 0.9695582 0.9069756 0.8886747 0.8779002 0.9560458 0.9493865 0.9479995 0.9013502 0.9113604 1.6166588 0.9011565 1.3144557 0.9694694 1.0695477 0.7206383 
Dgig_XM_028540587.1                                    1.1981708 0.9990100 0.9512001 0.9966543 0.9612125 1.0871207 0.9705750 0.9884748 1.1737832 0.6683351 0.8616371 0.8800560 0.7492881 0.9632541 0.6795705 0.6240434 0.6049592 1.0458149 0.7451265 0.3656242 0.5440790 0.5289131 0.5408573 0.5431631 0.5276152 0.4896325 0.5018221 0.5932640 0.7655521 0.8031290 0.6216759 0.0000000 0.1728311 0.7486183 0.6772904 0.6536622 0.7744751 0.7100189 0.7140312 0.8123620 0.7021983 0.5426179 1.0667481 0.9320487 0.9124916 0.9206779 0.8722825 0.9467060 0.9531435 0.8825620 1.0246195 1.2400059 1.2249053 1.4376977 1.1910097 0.9589060 0.9324296 1.0650603 1.0343515 1.0801729 1.0652142 1.0652142 1.0677615 1.0677615 1.0351806 1.0428123 0.9642256 0.9187468 0.9655146 0.9713267 1.0684580 0.9980896 0.9632568 1.0324715 1.4833749 1.0734018 1.2467628 1.0532780 1.0588809 0.4306812 
Xesp_005010-T1                                         1.1384445 1.1663701 1.1627492 1.1627018 1.1231294 1.1980327 1.1313318 1.1317642 1.3091136 0.7608665 0.9970719 1.0237867 0.9176814 1.1222908 0.8061609 0.7121957 0.6905304 0.8663739 0.8480950 0.4201830 0.6137476 0.5936604 0.6150773 0.6049237 0.6184284 0.5865349 0.5946765 0.4715707 0.8873266 0.8701099 0.7049406 0.1728311 0.0000000 0.8904860 0.7570497 0.7206464 0.7443153 0.7340480 0.8257862 0.8785348 0.8843543 0.6836359 0.9634326 0.9962327 0.9719876 0.9824815 0.9280912 1.0210382 1.0385024 1.0365292 1.1128036 1.6082113 1.4761367 1.8056971 1.4406766 0.9829420 1.0208054 1.1150897 1.1291409 1.0613047 1.0724653 1.0724653 1.0969423 1.0969423 1.0229614 1.0483793 0.9733502 0.9224058 0.9351642 1.0216130 1.0702627 0.9995492 0.9248073 0.9973947 1.7592613 1.0279413 1.0422806 1.0689915 1.0982901 0.5452036 
Hsap_ENST00000414833                                   1.0602006 0.8765953 0.9213830 0.8823157 0.9363392 0.9882001 1.0475889 1.0770817 1.1872403 0.7170140 0.9079754 0.9836900 0.5967433 0.9571199 0.5668219 0.5482620 0.5188073 0.9685874 0.5981419 0.5184911 0.6693901 0.6655238 0.6722442 0.6971365 0.6699742 0.6485630 0.6670447 0.7544720 0.7968640 0.8310680 0.5337855 0.7486183 0.8904860 0.0000000 0.8823532 0.6953132 0.9023547 0.8493405 0.8249704 0.8343695 0.6138595 0.5151052 1.1311454 0.8706540 0.8407721 0.8774569 0.7711841 0.8769834 0.8755005 0.7512724 0.8358403 1.1724878 1.2018415 1.3454653 1.0874188 1.0622095 1.0173275 0.8761934 1.1554291 1.1668991 1.1837820 1.1837820 1.1411611 1.1411611 1.1168730 1.0851582 0.9787892 0.9520697 0.9966291 1.1442949 1.1473165 1.1012506 1.0027852 1.0395952 1.6532042 0.9289955 1.3723873 1.1661672 1.3780080 0.8019389 
Sanmal_Sma_019386-T1                                   1.2225345 1.0052166 0.9869620 1.0185412 0.8716621 1.0508207 0.8924775 0.8811717 1.3953644 0.6480841 0.9154358 0.9227147 0.7309962 1.0689509 0.7731329 0.7663681 0.7411184 1.2553311 0.7959007 0.6846991 0.6218861 0.6104340 0.6245341 0.6232332 0.5760967 0.5549266 0.5587467 0.4933977 0.8481460 0.8575085 0.7863214 0.6772904 0.7570497 0.8823532 0.0000000 0.2277791 0.3432796 0.2421119 0.5347412 0.6166422 0.8628135 0.8532606 1.1735995 0.8923370 0.8903526 0.8965044 0.8673214 0.9408054 0.9706288 0.9872656 1.0067159 1.2121629 1.2129758 1.3475630 1.1633801 1.1470094 1.3709568 1.0984229 1.0386315 1.1766715 1.1640946 1.1640946 1.1237745 1.1237745 1.1295349 1.0938067 1.0308478 1.0028252 1.0580782 1.1570514 1.1597246 1.1912673 1.1533984 1.0895028 1.7116410 1.0660654 1.0214597 1.2442042 1.1872131 0.8052871 
Aaur_scaffold69.g39.t1                                 1.1653051 0.9126727 0.8750415 0.9762159 0.8343412 0.9225212 0.8441179 0.8878635 1.3983029 0.6636785 0.9082865 0.8930680 0.6947819 0.9846616 0.6396324 0.6723924 0.6470132 1.0862094 0.6702471 0.6652440 0.6015489 0.5919974 0.6043423 0.6042803 0.5621302 0.5061867 0.5838426 0.4751327 0.7952884 0.8000222 0.6516959 0.6536622 0.7206464 0.6953132 0.2277791 0.0000000 0.2145576 0.1298878 0.4793417 0.5350963 0.7257598 0.6033032 1.1657784 0.8638035 0.8726232 0.8760310 0.8760310 0.8757539 0.8795271 0.8832413 0.9705177 1.1878817 1.2044830 1.3318755 1.1197378 1.1335922 1.2711803 1.0319934 1.0644822 1.0589865 1.0821600 1.0821600 1.0610443 1.0610443 1.0840504 1.0624722 1.0569078 1.0435174 1.0608108 1.1183669 1.1211894 1.0786456 1.0665276 1.0168687 1.7268751 1.0958212 0.9526358 1.2052813 1.1194917 0.7624196 
Nemnom_g10706.t1                                       1.0401487 1.1015541 1.0896950 1.1142110 0.9839485 1.1851209 1.0538140 1.1008017 1.4532890 1.0605188 1.0879340 1.0847069 1.1160063 1.2276181 0.8708573 0.8660462 0.8301935 1.0255264 0.8788990 0.7377507 0.7562128 0.7463936 0.7895850 0.7601060 0.7559035 0.7134678 0.7546311 0.5132940 0.9901190 0.9172089 0.8338425 0.7744751 0.7443153 0.9023547 0.3432796 0.2145576 0.0000000 0.0697166 0.6221232 0.7172303 1.0511515 0.7014150 1.0904435 1.1115214 1.1186059 1.1323218 1.1235604 1.1910353 1.2006585 1.1216972 1.1843457 1.5266654 1.4773505 1.6376091 1.4845144 1.1403340 1.2757544 1.2866287 1.2573698 1.2393143 1.1551549 1.1551549 1.3283839 1.3283839 1.1354734 1.3163194 1.2727524 1.2694271 1.2601767 1.3243992 1.3751699 1.3032738 1.3201491 1.3124437 2.1341501 1.2213079 0.9315051 1.2257124 1.2093654 0.7015533 
Rhoesc_Res_006168-T1                                   0.9524642 1.0082178 1.0075734 1.0285303 0.9395723 1.0417575 1.0096456 1.0415995 1.3129149 0.8604955 1.0087091 1.0254081 0.9798991 1.1495310 0.7803998 0.7497699 0.7199184 0.9075307 0.8058185 0.7407039 0.6507548 0.6414006 0.6715587 0.6581370 0.5965240 0.5903698 0.6362888 0.2670136 0.8834791 0.8441949 0.7679503 0.7100189 0.7340480 0.8493405 0.2421119 0.1298878 0.0697166 0.0000000 0.5687162 0.6775309 0.9954217 0.6928456 0.9964991 1.0043348 1.0115867 1.0260657 1.0117527 1.0843336 1.1048985 1.0729255 1.0975464 1.4868880 1.4115111 1.5462945 1.4048768 1.0683586 1.2530265 1.2341102 1.1271126 1.1649994 1.1124246 1.1124246 1.1708829 1.1708829 1.0914991 1.1523841 1.0542719 1.0374833 1.0490376 1.1705038 1.2347502 1.1945397 1.2157543 1.1419396 2.1710754 1.0722764 0.8068771 1.2257124 1.1496944 0.7052602 
Morvir_scaffold359.g7.t1                               1.1331257 0.8899210 0.8457495 0.9019895 0.7899209 0.8961233 0.9480555 0.9612281 1.2589280 0.7445137 1.0359200 1.0906712 0.6826489 1.0129341 0.7183250 0.6405824 0.6096839 1.1399101 0.7508942 0.6935916 0.6496466 0.6464665 0.6937185 0.6579169 0.7105006 0.6051577 0.6454111 0.4521347 0.7993897 0.8801077 0.8053082 0.7140312 0.8257862 0.8249704 0.5347412 0.4793417 0.6221232 0.5687162 0.0000000 0.5392346 0.8709583 0.7771445 1.1489794 0.9206469 0.8996351 0.9320319 0.8882218 0.9807194 0.9748963 0.9750818 0.9066166 1.1032018 1.0582972 1.2296424 1.0297491 1.0687381 1.3232403 1.1392575 1.0814712 1.1009958 1.0865109 1.0865109 1.0695766 1.0695766 1.0561015 1.0435711 0.9387200 0.8743845 0.9899353 1.0483289 1.1035527 1.1465607 1.0428403 1.0111472 1.5900389 1.0034666 1.0774221 1.2908105 1.1529717 1.2398064 
Chem_TCONS_00000631                                    1.1077520 0.9469971 0.9210467 0.9548041 0.9013780 0.9828254 0.9295943 0.9915273 1.3724231 0.7544821 1.0672931 1.1799682 0.7819905 1.0084585 0.7639842 0.7022840 0.6855486 1.2774748 0.7871566 0.6203037 0.6381981 0.6341189 0.6045841 0.6014451 0.6430461 0.6235883 0.6535142 0.5562161 0.7761923 0.7999605 0.8072385 0.8123620 0.8785348 0.8343695 0.6166422 0.5350963 0.7172303 0.6775309 0.5392346 0.0000000 0.8372187 0.7738059 1.1608758 0.8743714 0.8559878 0.9100852 0.8433126 0.9019675 0.9377780 0.9760298 0.9314045 1.0494153 1.1271858 1.3389617 1.1427155 1.1724233 1.4187939 0.9998840 1.1207691 1.2304913 1.2158813 1.2158813 1.1784699 1.1784699 1.1901820 1.1557486 1.0477235 0.9895500 1.0727759 1.1625949 1.1895910 1.1944505 1.0732853 1.0792823 1.7843934 1.0777202 0.9159487 1.3206626 1.2534219 1.0266256 
Bralan_BLAG01001811_1                                  1.1476162 0.9575166 1.0525196 1.0128603 0.8806237 1.0781057 0.9324047 0.9473960 1.3330998 0.7935632 0.9805451 1.0012524 0.7080445 0.9533745 0.4580953 0.5671211 0.5435585 1.0130350 0.5138895 0.5702468 0.6816552 0.6849697 0.6861958 0.7132121 0.6979086 0.6258180 0.6802888 0.7429324 0.7550591 0.8197176 0.5541305 0.7021983 0.8843543 0.6138595 0.8628135 0.7257598 1.0511515 0.9954217 0.8709583 0.8372187 0.0000000 0.6121670 0.9139826 0.7679958 0.7759474 0.7418121 0.7502166 0.8290774 0.7979838 0.6958630 0.9196567 1.1728271 1.2575421 1.4364946 1.1826779 1.0635787 0.7346444 1.0961494 1.1226793 1.1129759 1.1113925 1.1113925 1.0744935 1.0744935 1.1417404 1.0977908 0.9720587 0.9291096 1.0086019 1.1116547 1.1173117 1.0414702 1.0401394 1.0046824 1.6634822 0.9870315 1.2940363 0.9543642 1.1669544 0.6828283 
Skow_XM_006817865.1                                    0.8620012 0.8620012 0.8832981 0.8537257 0.7478028 0.8257705 0.9358188 1.0466489 1.0643804 0.5624951 0.9522140 0.9516054 0.5686898 1.1588525 0.4269968 0.4356648 0.4026753 0.4356648 0.5359153 0.4165671 0.5572714 0.5405337 0.5106888 0.5396917 0.5329189 0.5309132 0.4857843 0.2855340 0.8714407 0.7410606 0.4760545 0.5426179 0.6836359 0.5151052 0.8532606 0.6033032 0.7014150 0.6928456 0.7771445 0.7738059 0.6121670 0.0000000 1.0224443 1.0444847 1.0113099 1.0243177 0.8398066 0.9503008 0.9828931 0.7332501 0.7950249 1.2641685 1.2129437 1.4820663 1.0872333 0.9042196 0.9717645 1.0474715 0.8981707 0.9905770 1.0684966 1.0684966 1.0684966 1.0684966 0.9364434 0.9364434 0.8729207 0.8201728 0.8670145 1.0170514 1.0455699 0.9552433 0.9506854 0.8931705 2.3818019 0.7443571 0.7296671 0.9390077 1.2393424 0.6422582 
HoiH23_PlH23_008630-RA                                 1.2657062 1.2370569 1.3089477 1.1308820 1.1014347 1.4597452 1.2596867 1.2337370 1.5484785 1.2408626 1.3229828 1.3850204 1.0570995 1.2613230 0.7695402 0.9679497 0.9287941 1.3035549 0.9989151 0.8781866 0.9345888 0.9290378 0.8997835 0.8896681 0.9838633 0.8272830 0.9168914 0.5727528 1.1308363 1.0579811 0.9421833 1.0667481 0.9634326 1.1311454 1.1735995 1.1657784 1.0904435 0.9964991 1.1489794 1.1608758 0.9139826 1.0224443 0.0000000 0.1209175 0.1261332 0.1052533 0.1231446 0.1850399 0.1610347 1.2338916 1.2737260 1.5935798 1.5630865 1.7185778 1.7682815 1.1075155 1.3133706 1.3980398 1.3704836 1.4430978 1.2192625 1.2192625 1.2983882 1.2983882 1.1868282 1.2703347 1.2244291 1.1482902 1.1860530 1.3460051 1.3722541 1.2123483 1.1610843 1.1996778 2.1073114 1.2206593 1.4594787 1.1980284 1.2044167 1.1457729 
TrH2_TrispH2_001995-RA                                 1.1606150 0.9927604 1.0101962 0.8994806 0.8776376 1.0753722 1.0022541 0.9690211 1.2684437 0.7359798 1.0012410 1.1005706 0.6402334 0.9681849 0.6462422 0.7603776 0.7352846 1.3191477 0.8368447 0.8511554 0.7207754 0.7164922 0.6741468 0.6940082 0.7102106 0.6831084 0.7807522 0.6955513 0.8581487 0.8125329 0.7318204 0.9320487 0.9962327 0.8706540 0.8923370 0.8638035 1.1115214 1.0043348 0.9206469 0.8743714 0.7679958 1.0444847 0.1209175 0.0000000 0.0041538 0.0248689 0.0355346 0.0745275 0.1025549 0.9535683 1.0566370 1.2575493 1.2583766 1.3890112 1.3646704 1.1048522 1.4207981 1.0423969 1.0926263 1.2792520 1.2018242 1.2018242 1.1305252 1.1305252 1.1147433 1.0581021 1.0086080 0.9482288 1.0108739 1.1667178 1.1779688 1.0761136 0.9885047 1.0751602 1.6454253 0.9999654 1.4988732 1.1460273 1.1951968 1.2018517 
Tadh_TriadT50669                                       1.1683432 0.9991522 1.0090344 0.8964599 0.8748282 1.0641684 0.9946290 0.9480383 1.2534991 0.7359798 0.9651960 1.0803497 0.6402334 0.9539892 0.6239467 0.7681736 0.7430220 1.3310564 0.8282147 0.8705037 0.7124826 0.7081914 0.6655073 0.6858198 0.6905500 0.6906706 0.7888502 0.6955513 0.8494260 0.8136808 0.6939603 0.9124916 0.9719876 0.8407721 0.8903526 0.8726232 1.1186059 1.0115867 0.8996351 0.8559878 0.7759474 1.0113099 0.1261332 0.0041538 0.0000000 0.0294387 0.0400359 0.0792629 0.0980786 0.9396346 1.0462938 1.2537560 1.2596421 1.3909367 1.3605763 1.1044287 1.3252801 1.0494428 1.0926263 1.2388919 1.1442427 1.1442427 1.0839093 1.0839093 1.1103918 1.0546289 1.0047722 0.9443208 1.0070013 1.1631276 1.1766323 1.0585032 0.9902670 1.0739885 1.6454253 0.9961907 1.5316890 1.1451947 1.2116310 1.1455752 
Hhon_g00772.t1                                         1.1807127 1.0076049 1.0379441 0.9338371 0.9035050 1.0675565 0.9948686 0.9619261 1.2639699 0.7330811 0.9991508 1.0981444 0.6236369 0.9528688 0.6373901 0.7200568 0.6954400 1.2965008 0.8166217 0.8444700 0.7314496 0.7271761 0.6852484 0.7020989 0.7329320 0.6822928 0.7763393 0.6871373 0.8785713 0.8224597 0.7303996 0.9206779 0.9824815 0.8774569 0.8965044 0.8760310 1.1323218 1.0260657 0.9320319 0.9100852 0.7418121 1.0243177 0.1052533 0.0248689 0.0294387 0.0000000 0.0087803 0.0555018 0.0738815 0.9495589 1.0591884 1.2943204 1.2723178 1.4031697 1.3932255 1.0773786 1.3788239 1.0334608 1.1304907 1.2821095 1.2032924 1.2032924 1.1220083 1.1220083 1.1163551 1.0496054 1.0208984 0.9610264 1.0232721 1.1412497 1.1638219 1.0788057 0.9829120 1.0483209 1.6384904 0.9615325 1.4849744 1.1256162 1.1836583 1.1684670 
