84
Lcom_lcpid192818                                  0.0000000 0.3265469 0.6582567 0.5300839 0.7790832 0.9380638 0.7120600 1.0260195 1.4059160 1.3061127 0.0000010 1.4545551 1.4017299 1.6386165 0.0000010 1.7225535 1.1676218 1.7703958 2.6237078 1.2285294 1.1633436 1.8624927 1.9869850 2.7008099 1.2534474 1.2682014 1.2326130 1.1663867 1.2638193 2.1784088 1.0274158 1.0409363 2.0174050 2.2788372 1.0705983 0.8811880 1.1981643 0.4650771 1.0422138 3.1698655 1.5030761 1.4829209 1.2727558 1.2829066 1.3150622 2.4388193 1.1467932 1.2013518 1.3004841 1.2995407 1.7215681 0.8821773 3.2473179 1.3524650 1.2424269 1.1784634 0.0000010 1.1603569 1.3394020 1.3394020 0.0000010 0.0000010 0.0000010 3.2642786 0.0000010 1.2017379 1.4115131 1.5380470 1.2494631 1.2390383 1.2390383 1.2214323 0.0000010 3.3246949 0.0000010 0.0000010 1.7374501 1.5157912 1.7898970 4.4535863 0.9076252 2.8444767 0.0000010 5.0381255 
Acagra_model.g13070.t1                            0.3265469 0.0000000 0.5442426 0.8452374 0.8127601 0.8631957 0.7660081 0.9178910 1.4891350 1.4281275 1.2356729 1.1499014 1.7024533 1.7480864 1.6866640 1.6437699 1.4006221 1.6966505 1.5639364 1.4620881 1.1029289 1.6136794 1.6409879 1.5303613 1.1021832 1.2740080 1.2511546 1.2514708 1.3029186 1.5894839 1.1523807 1.3427933 1.5545409 1.4133339 1.4002534 1.1956289 1.1811550 0.9404261 1.2629895 1.5399633 1.3693497 1.6448238 1.6682304 1.5530032 1.5563173 1.9100045 1.5735861 1.6580446 1.8249454 1.6774624 1.4648190 1.7023382 2.4206867 2.1251955 1.6039628 1.7392228 2.2386798 1.5297279 1.8563401 1.8563401 1.4434835 1.3313229 1.4321596 2.1024237 1.9230330 1.8693220 1.9510932 1.9354057 1.8103470 1.6987711 1.6247057 1.5023798 2.6700807 1.8624659 1.5499336 1.5967598 1.7824433 1.8230533 1.9458287 1.5229972 0.9655342 1.8246059 1.9683791 5.1756984 
Cgig_XM_034446981.1                               0.6582567 0.5442426 0.0000000 0.9357033 1.0782105 0.9000211 0.8270333 0.9102673 1.5373393 1.5406424 1.2171949 1.1706373 1.8443012 1.9042405 1.6692606 1.9405082 1.3913391 1.6194091 1.4419655 1.4490656 1.1263936 1.5307849 1.5478137 1.3993332 1.0536027 1.1944216 1.1866216 1.1326350 1.2098552 1.5372167 1.1765388 1.3571056 1.4696957 1.5369182 1.3563927 1.3876630 1.3662631 1.0111323 1.4652425 1.6486238 1.2942449 1.6486887 1.6729328 1.6141311 1.5917718 2.0248236 1.5259939 1.5303519 2.1802719 1.7396871 1.5089759 2.0691002 2.4308367 2.2504207 1.8395224 2.0804176 2.6390082 1.9717934 2.0641632 2.0641632 1.5462197 1.5136472 1.6389360 2.3399935 2.1258278 2.0040642 2.1603637 2.1806353 2.0034209 1.8629367 1.7507367 1.7731724 2.8468770 1.7685692 1.5195700 1.7042797 1.7196536 1.6981028 1.9385543 1.5661215 1.0320280 1.8547288 1.5689292 5.3265607 
Ctel_gnl_WGS_AMQN_CAPTEDRAFT_mRNA225605           0.5300839 0.8452374 0.9357033 0.0000000 1.0485290 1.1972108 0.9857417 1.1035912 1.5502150 1.6338079 1.2324010 1.2268195 1.9028991 1.9424289 1.6077343 1.9932273 1.5342382 1.8237339 1.9051087 1.4429523 1.3041078 1.7885111 1.8156565 1.6797321 1.3604851 1.5143134 1.5029345 1.3823235 1.4798389 1.7784744 1.3349968 1.5110475 1.6313882 1.6843782 1.2993004 1.4178916 1.5171647 1.1923057 1.5393960 1.6832489 1.5498361 1.6421949 1.9733736 1.7728991 1.7869798 2.5169337 1.8910515 1.9150440 2.1811324 1.8120493 1.7223011 1.9675118 2.4743421 2.2689074 1.7573395 1.9912070 2.5177138 1.8388899 2.0517094 2.0517094 1.7041812 1.7322704 1.7960010 2.4917842 2.2606588 1.9183844 2.0018705 1.9716677 1.9689307 1.7632661 1.6826703 1.7373066 2.4696149 1.6759109 2.2546742 2.0420180 2.0532931 1.7801990 2.2514361 1.9525487 1.1070927 2.5573598 2.0998537 5.8413740 
Cscu_XM_023377462.1                               0.7790832 0.8127601 1.0782105 1.0485290 0.0000000 1.0203563 0.9502543 0.9599966 1.4072584 1.3826411 1.3351681 1.1094961 1.6211431 1.8044800 1.3227154 1.8124760 1.5134113 1.8152315 1.5564906 1.3882296 0.9663968 1.7215955 1.7326952 1.4165474 1.0958059 1.3035855 1.3061631 1.1899272 1.3321023 1.6140421 1.1341707 1.3659354 1.6179926 1.4079154 1.5117841 1.3159840 1.1463521 0.8605784 1.2310397 1.4635787 1.4547916 1.7019761 1.8562068 1.6622020 1.6329546 1.9391620 1.7908530 1.7634330 2.0437219 1.6667361 1.3095383 1.5821030 2.4558080 2.0610093 1.5759116 1.7821080 2.2710653 1.5539806 1.8368328 1.8368328 1.4247347 1.3059464 1.3837294 2.3080522 2.0327875 1.8854017 1.9216441 1.9894371 1.8187126 1.5926873 1.5090241 1.3770476 2.7452194 1.7503967 1.8013292 1.8649064 1.9703030 1.9794430 2.0018896 1.7976638 1.2146293 1.9960699 1.8017733 5.9123521 
Hsap_ENST00000417647                              0.9380638 0.8631957 0.9000211 1.1972108 1.0203563 0.0000000 0.7660843 0.8824870 1.5203561 1.4813207 1.3248684 1.1149081 1.7467238 1.6749250 1.3663788 1.6439973 1.1030438 1.3334985 1.3127405 1.5716698 1.1384476 1.4530254 1.4580913 1.1442434 0.9525104 1.0431031 1.0511530 1.0252203 1.1325667 1.3833305 1.0623945 1.1571915 1.3041243 1.1294630 1.4408775 1.3311090 1.4432630 1.0298806 1.2223987 1.3925887 1.1813095 1.5688438 1.6011542 1.5040642 1.4945374 1.8001447 1.5540888 1.5307869 1.8450837 1.5208149 1.2958101 1.5957496 2.2305797 2.0743253 1.6743756 1.8876035 2.6362692 1.9431377 1.9722505 1.9722505 1.5430700 1.4213404 1.5503101 2.2413620 2.0162053 1.9647787 1.8893870 1.9298034 1.8442887 1.7205139 1.6911014 1.9167348 2.4095908 1.5217298 1.5844851 1.5324446 1.7132564 1.7654322 1.7527684 1.6112972 0.8705560 1.2671324 1.8083141 5.2041314 
Bralan_BLAG06001125_1                             0.7120600 0.7660081 0.8270333 0.9857417 0.9502543 0.7660843 0.0000000 0.9487298 1.3225320 1.3306024 1.1889895 1.1392370 1.7990829 1.6949748 1.2713654 1.7903513 1.3747558 1.6335774 1.5371763 1.3373612 1.0241078 1.4880592 1.5083616 1.3441069 1.0970738 1.2176806 1.2194539 1.1494205 1.1842679 1.3637446 1.1288150 1.2548504 1.4815520 1.4181365 1.2989595 1.2364275 1.3258283 1.0574964 1.3641548 1.6150517 1.2871136 1.6984435 1.7512840 1.5783271 1.5818868 2.0643199 1.6833075 1.6729161 1.9817612 1.4893872 1.2880920 1.9466280 2.3458352 2.1889745 1.7491478 1.9587911 2.6593312 1.7704115 1.9961906 1.9961906 1.4762350 1.3830405 1.4914782 2.2584484 1.9717719 2.0235459 1.9335837 1.9640583 1.8326194 1.8090876 1.6902060 1.9263259 2.8007387 1.7239420 1.5777229 1.5851409 1.6690241 1.4518519 1.7088729 1.4689678 0.9989984 2.0991276 1.5656759 5.2560197 
Skow_XM_006814640.1                               1.0260195 0.9178910 0.9102673 1.1035912 0.9599966 0.8824870 0.9487298 0.0000000 1.4190833 1.3287204 1.5143928 1.3171490 1.7209285 1.5428871 1.3297369 2.1611986 1.3718072 1.6352601 1.4982005 1.4037664 1.0721775 1.5243673 1.5614660 1.2825043 1.0116155 1.0766141 1.0674324 1.0260528 1.0759948 1.3005951 1.0637189 1.2709686 1.4566025 1.4057005 1.4613452 1.1201495 1.3520804 1.0601688 1.3457787 1.5388824 1.3177863 1.6003999 1.6148510 1.4583431 1.5051131 2.0267486 1.5228117 1.5330848 1.7160095 1.4260635 1.2224204 1.6998549 2.4626975 2.1341129 1.8914018 1.9745636 2.5232323 1.9012576 2.0440874 2.0440874 1.6026943 1.5272979 1.6140382 2.5432535 2.1452747 2.0684203 1.9655904 2.0325293 1.9132617 1.6937397 1.6448423 1.7030558 2.9456459 1.8514679 1.8011505 1.8732599 1.7552854 1.6017420 1.9513374 1.6387841 0.9546008 1.4744819 1.3899077 5.5883948 
Emue_Em0022g172a.t1                               1.4059160 1.4891350 1.5373393 1.5502150 1.4072584 1.5203561 1.3225320 1.4190833 0.0000000 0.1298326 1.0184330 0.9298614 1.2036969 1.2785840 1.2476724 1.7364542 1.4761153 1.8298672 1.7159957 1.5218160 1.5517372 1.4327593 1.4554155 1.5863553 1.3662823 1.3618351 1.3812477 1.2920202 1.3460913 1.6322868 1.4830060 1.4223767 1.7997010 1.6790056 1.4000152 1.6554153 1.5621488 1.0244394 1.4999798 1.9037501 1.3799235 1.7895187 1.7474435 1.6958963 1.6328237 2.2626960 1.7490427 1.6996022 1.2350778 1.0559398 0.9516704 1.6642760 2.3801799 1.9694065 2.0621299 2.0219943 2.9524263 1.6927056 2.2528688 2.2528688 1.8888908 1.7182334 1.9040188 2.6572867 2.1699968 2.0836880 2.0864744 1.9534523 1.9042235 1.8250744 1.8109051 1.8830992 2.4882789 2.0124524 1.5802723 1.5952476 1.7169375 1.6936965 1.7095366 2.1034961 1.7449035 0.8615288 1.6749759 5.9450707 
Spolac_c101988_g1_i1_m.27510c101988-g1            1.3061127 1.4281275 1.5406424 1.6338079 1.3826411 1.4813207 1.3306024 1.3287204 0.1298326 0.0000000 1.0357043 0.9167364 1.1734413 1.1829747 1.1761560 1.4656110 1.4432571 1.7842257 1.6103335 1.4940520 1.4186193 1.3820499 1.4027012 1.5039715 1.2844368 1.3534259 1.3667907 1.3180044 1.3854238 1.6568590 1.3986869 1.4463064 1.8137280 1.7612553 1.4122782 1.6400416 1.5138355 0.9895492 1.5292298 1.8622495 1.3782124 1.8282980 1.6337746 1.5869871 1.5263411 2.0590709 1.5910620 1.5477026 1.2399367 1.0107223 0.8893807 1.7491434 2.2399213 1.9002528 2.0035323 2.0282513 2.9601358 1.6897947 2.2063056 2.2063056 1.8950724 1.6941543 1.8579316 2.6058422 2.2496408 2.0961109 2.1330816 1.9723322 1.8989686 1.7052841 1.7231538 1.7465059 2.5881084 2.0639401 1.5281953 1.6468960 1.7792245 1.7269922 1.8127820 1.9703859 1.6027117 0.8250204 1.7298851 5.6405893 
Aque_Aqu2.1.02662_001                             0.0000010 1.2356729 1.2171949 1.2324010 1.3351681 1.3248684 1.1889895 1.5143928 1.0184330 1.0357043 0.0000000 0.2013839 0.5605803 7.2171526 0.0000010 0.1005488 1.0849026 1.4503093 1.5907205 1.2835680 1.4521887 1.0319701 0.9085351 0.9820472 1.4844899 1.4765418 1.4765418 1.4765418 1.3675336 1.3675336 1.6517627 1.8015086 2.1568088 1.4048414 1.6205554 3.9098951 3.9098951 2.6453752 1.4650393 1.1124871 1.6672414 1.5916114 1.8902988 1.8902988 1.8260431 1.4347360 1.9842400 1.8329601 4.5137434 1.7230917 1.3860253 4.4126235 1.1288757 1.6027483 4.1331673 1.7331698 1.4112733 3.9952761 1.7331698 1.7331698 1.4112733 1.4112733 1.4112733 1.2914757 1.2914757 1.7184867 1.6043557 2.0246745 2.0246745 5.3033207 4.2741798 4.8508603 1.1005170 1.0030154 0.0000010 0.8360569 1.3446658 3.1511272 1.2362457 1.5433265 1.0589289 9.0000000 9.0000000 4.2412918 
Aque_Aqu2.1.02131_001                             1.4545551 1.1499014 1.1706373 1.2268195 1.1094961 1.1149081 1.1392370 1.3171490 0.9298614 0.9167364 0.2013839 0.0000000 0.2634409 2.2426505 0.8417473 0.1520555 1.2614811 1.6254373 1.9256870 1.2397106 1.3272483 1.3672757 1.2979664 1.1383046 1.1617878 1.1617878 1.1617878 1.1617878 1.4621850 1.3927945 1.1972440 1.3718551 1.4832129 1.5295431 1.3837679 1.3885307 1.3713035 1.7842024 1.3142767 1.5199033 1.5935028 1.5741063 1.9327009 1.8419430 1.9277407 2.0171766 1.8768900 1.8768900 1.0747726 1.2940533 1.2301382 1.8546025 2.3825590 2.3158118 1.5942719 2.0593735 2.2093374 1.8546025 2.2330759 2.2330759 2.2131280 2.2131280 2.2656159 2.2030449 2.4123867 2.3394709 2.4015607 2.3143967 2.3143967 2.3095302 1.5942719 1.8546025 1.9502667 1.5694391 1.4440687 1.2808703 1.0941325 1.0747726 0.8928897 1.6311434 1.2230025 1.0265581 3.7375824 4.0650873 
Halamb_c43814_g1_i3mm.1348                        1.4017299 1.7024533 1.8443012 1.9028991 1.6211431 1.7467238 1.7990829 1.7209285 1.2036969 1.1734413 0.5605803 0.2634409 0.0000000 0.5872899 0.6552176 1.0921984 1.7170818 2.0765748 2.2667782 1.9165177 1.6427411 1.7211190 1.7516866 1.9965309 1.6088023 1.7551948 1.7401661 1.6734394 1.8159556 2.0498336 1.6370910 1.7867365 2.2099908 1.9239430 1.7921494 1.4483077 1.5276316 0.9672665 1.7288178 2.1989693 1.8132161 2.2529537 1.8535480 1.6812432 1.6490465 2.3457265 1.7618036 1.7004351 1.1812394 1.2904590 1.1785074 2.0296030 2.5862743 2.1902173 2.1664400 2.2695074 3.4398904 2.0125116 2.3148389 2.3148389 2.0086672 1.8134728 2.1515104 2.8340297 2.3972804 2.3664923 2.5695601 2.3572576 2.3221128 1.8797611 1.9828547 2.2913675 2.9532418 2.3079583 2.0073755 2.1314298 1.8686072 1.4942746 2.0731755 1.9308137 1.8294749 1.1600818 1.8366048 6.1453996 
Aque_Aqu2.1.32973_001                             1.6386165 1.7480864 1.9042405 1.9424289 1.8044800 1.6749250 1.6949748 1.5428871 1.2785840 1.1829747 7.2171526 2.2426505 0.5872899 0.0000000 0.1976175 1.0464630 1.7085813 2.0152640 1.8003776 1.9179282 1.9254047 1.8475043 1.9033787 1.8148245 1.6532860 1.6793069 1.6943359 1.5681803 1.6280716 1.9649012 1.5660473 1.6560801 1.8075092 2.1592513 1.6230210 1.6764864 1.6199802 1.3963237 1.6099385 1.9700921 1.5574840 2.1190313 1.7136760 1.6861320 1.7197377 1.9127486 1.6941233 1.5982771 1.7231039 1.4431179 1.4146491 1.7821506 2.4541465 2.1005940 2.2141949 2.1896168 9.0000000 2.2488181 2.2223725 2.2223725 1.7367982 1.4523628 1.4195627 2.8151263 1.8127284 2.0953069 2.1245468 2.1751856 2.1577285 2.0680833 2.0628785 2.4045405 2.4361920 2.2015950 1.5106040 1.6123980 2.0724297 2.3087747 2.1380088 2.3868479 1.8983788 1.0269415 1.5764376 6.1881738 
Aque_Aqu2.1.16304_001                             0.0000010 1.6866640 1.6692606 1.6077343 1.3227154 1.3663788 1.2713654 1.3297369 1.2476724 1.1761560 0.0000010 0.8417473 0.6552176 0.1976175 0.0000000 3.4768987 1.4831279 1.4831279 1.4313549 1.6204299 1.4807617 1.0615151 1.0615151 1.4615138 1.4464311 1.4557826 1.4749746 1.4664231 1.4675329 1.0389357 1.4149811 1.2991010 1.3969507 1.5410807 1.4704248 0.0000010 1.2421630 0.0000010 1.6589197 1.8073851 1.4128278 8.1453902 2.1686651 2.1427198 2.1953442 1.4634707 2.0358050 2.0358050 3.5225786 1.2624475 1.1513595 3.7394858 2.3366290 2.3366290 0.0000010 2.2245099 7.2434489 0.0000010 2.2089584 2.2089584 2.3222403 1.8194152 1.7988011 2.1639548 2.7733049 2.1449511 2.1433712 2.4656008 2.4656008 0.9952450 1.2842003 2.4530895 4.5063654 1.4647092 1.4347548 1.9010546 1.6021581 0.0000010 1.9464359 1.5648916 1.3817427 0.4140140 2.1915780 6.2819487 
Aque_Aqu2.1.07252_001                             1.7225535 1.6437699 1.9405082 1.9932273 1.8124760 1.6439973 1.7903513 2.1611986 1.7364542 1.4656110 0.1005488 0.1520555 1.0921984 1.0464630 3.4768987 0.0000000 1.5511837 1.5640072 1.8302661 1.9047395 1.9962023 2.0478591 2.0420054 2.0651392 1.9864754 2.1008561 2.1008561 1.9706711 2.0432188 2.2207149 2.0500837 2.6499760 2.0042735 1.9108538 1.8882602 0.0000010 2.0620047 1.3414931 1.8917938 1.7800890 2.0050501 2.0488279 2.1218860 2.1707554 2.0974778 2.1965924 2.0520056 2.0520056 3.0924625 2.1715544 2.0374305 0.0000010 2.1590786 2.1830769 0.0000010 2.8626777 2.6988903 0.0000010 2.5660600 2.5660600 2.7669710 2.7669710 2.7669710 2.6148857 2.9913727 2.6084675 3.0873885 3.0031553 2.8047230 3.5674297 4.3118322 1.5492673 0.8727215 2.0269344 3.5312923 2.0289029 2.0416837 1.7225535 2.0902591 2.1797947 2.0613307 0.8244480 3.6357068 5.4622478 
Opea_EP00118_Oscarella_pearsei_P027094            1.1676218 1.4006221 1.3913391 1.5342382 1.5134113 1.1030438 1.3747558 1.3718072 1.4761153 1.4432571 1.0849026 1.2614811 1.7170818 1.7085813 1.4831279 1.5511837 0.0000000 0.1329217 0.9446607 1.5456016 1.5162685 1.4556252 1.4827978 1.5518363 1.4000729 1.4966964 1.4820440 1.3693252 1.3943226 1.7541566 1.4514190 1.5667781 1.7733039 1.6583731 1.4574140 1.5784518 1.4901365 1.1303784 1.5655598 1.7637001 1.5811022 1.7888796 1.7799526 1.7122001 1.7268880 2.1592522 1.7108534 1.7294712 1.8524134 1.5257034 1.3349698 1.8299296 2.7276334 2.2583137 1.8519456 1.9934354 3.4580557 1.5986155 2.0360982 2.0360982 2.0027347 1.8485484 1.9852450 2.6722797 2.1452606 2.1393337 2.0836023 2.0475665 2.0305465 1.8019492 1.7537696 1.6390505 2.2494200 1.9015973 1.7571682 1.7048726 1.7344922 1.3264197 1.7873748 1.8486827 1.5843023 1.2065030 2.1550999 5.3760095 
Ocar_g2744                                        1.7703958 1.6966505 1.6194091 1.8237339 1.8152315 1.3334985 1.6335774 1.6352601 1.8298672 1.7842257 1.4503093 1.6254373 2.0765748 2.0152640 1.4831279 1.5640072 0.1329217 0.0000000 1.0021997 1.9598051 1.7838208 1.5058654 1.5274473 1.5859363 1.7233101 1.8171097 1.8040901 1.6913912 1.7016469 2.2677361 1.7424375 1.9120187 1.7740575 1.6754750 1.7752173 2.4868328 1.9225475 2.0971911 1.8648597 1.7396496 1.9421506 2.2632147 2.2302428 2.1912458 2.2224845 2.2005706 2.1459825 2.1908519 2.9629520 1.8698646 1.6167752 2.8193418 2.7676486 2.6473462 2.9886088 2.4890465 3.4580557 2.8496377 2.5362699 2.5362699 2.0027347 1.8485484 1.9852450 2.6861051 2.1452606 2.6990331 2.3610025 2.6513621 2.5257589 2.5116392 2.4302543 2.7376506 2.2494200 1.8968667 1.8253276 1.7404890 2.2111886 2.4480492 2.2196977 2.0413876 1.8296698 1.3332639 2.1550999 6.2588394 
Plajan_Pjan_scaffold3811_01                       2.6237078 1.5639364 1.4419655 1.9051087 1.5564906 1.3127405 1.5371763 1.4982005 1.7159957 1.6103335 1.5907205 1.9256870 2.2667782 1.8003776 1.4313549 1.8302661 0.9446607 1.0021997 0.0000000 1.9281778 1.7291259 1.6204307 1.6278412 1.2916827 1.3264998 1.5022036 1.4579487 1.3528182 1.3148035 1.5380841 1.4779895 1.6847582 1.9231085 1.6455700 2.0006544 3.2372606 1.6292704 2.8665259 1.6809949 1.6789767 1.7128015 2.1939159 2.2245999 2.0399103 2.1086628 2.2768140 2.1351260 2.1101376 2.6873461 1.6832851 1.5267011 3.8560248 2.5335688 2.6594039 2.8784730 2.4574209 3.1986874 4.4121450 2.6027928 2.6027928 1.9514096 1.8847620 2.0189618 2.3724761 2.1869782 2.4413199 2.3716134 2.5963923 2.5987409 2.1826576 2.0484520 2.8113779 2.8244777 1.8735229 1.6420167 1.6080543 1.9944406 4.4188414 2.0628157 1.6055585 1.6366853 1.1942407 1.9918849 5.7409973 
Dpul_mRNA926                                      1.2285294 1.4620881 1.4490656 1.4429523 1.3882296 1.5716698 1.3373612 1.4037664 1.5218160 1.4940520 1.2835680 1.2397106 1.9165177 1.9179282 1.6204299 1.9047395 1.5456016 1.9598051 1.9281778 0.0000000 0.9721511 1.7133539 1.7417585 1.8742625 1.5747470 1.6931903 1.7224098 1.6348774 1.6849129 1.9654129 1.7517627 1.6282272 1.9855722 1.9393689 1.7345095 1.3822441 1.5730780 1.0763360 1.5578098 1.9132050 1.6758944 2.0938659 1.9675433 1.8425551 1.9330609 2.8799023 2.0885161 1.9810638 1.6918753 1.7668807 1.4274751 1.8391755 2.9455852 2.4293859 2.0989820 2.2292739 2.5554311 1.9009601 2.1927654 2.1927654 1.5896410 1.5639234 1.6400710 2.6811211 2.3629740 2.2571717 2.2980063 2.2939103 2.1558604 2.0396796 1.9409154 1.7338440 2.4993483 2.3021373 2.1338272 2.1616472 2.1448441 1.8463433 2.3252739 2.0789868 1.6415652 1.4773764 2.1107362 5.8776927 
Tcas_TC015452_001                                 1.1633436 1.1029289 1.1263936 1.3041078 0.9663968 1.1384476 1.0241078 1.0721775 1.5517372 1.4186193 1.4521887 1.3272483 1.6427411 1.9254047 1.4807617 1.9962023 1.5162685 1.7838208 1.7291259 0.9721511 0.0000000 1.7213661 1.7341657 1.4156017 1.1990276 1.3011587 1.2731351 1.2106263 1.2096494 1.4594365 1.3886408 1.3088019 1.5548778 1.3902502 1.4177304 1.1319244 1.3207814 0.8383086 1.2758552 1.4945435 1.3816048 1.7695069 1.8130267 1.8146528 1.7718622 2.1666798 1.7046901 1.6444658 1.7670496 1.4651791 1.3587823 1.7432560 2.4493246 2.1482282 1.9732989 1.8850188 2.2649921 1.8677750 1.8364609 1.8364609 1.4637349 1.3678295 1.4764811 2.3989104 1.8523072 1.8832939 2.1266529 2.0867712 1.9706766 1.8464230 1.7586941 1.7269746 2.4762183 1.9121274 2.2763354 2.0327139 2.0059471 1.9885420 1.9353768 1.8621064 1.3011686 0.9765403 1.9920367 5.6229987 
Plespi_Pspi_scaffold18310_01                      1.8624927 1.6136794 1.5307849 1.7885111 1.7215955 1.4530254 1.4880592 1.5243673 1.4327593 1.3820499 1.0319701 1.3672757 1.7211190 1.8475043 1.0615151 2.0478591 1.4556252 1.5058654 1.6204307 1.7133539 1.7213661 0.0000000 0.0000010 1.4571929 1.4318567 1.5714526 1.5313473 1.5094362 1.5323796 1.7802036 1.6706025 1.6751266 1.8354208 1.6384113 1.9161554 2.6443142 1.9972992 2.2821158 1.8715227 1.8937661 1.4594086 2.1736970 1.9686435 1.9862568 2.0179474 2.0532051 2.0576002 1.9616773 2.5166401 1.3664364 1.2108663 3.5290323 2.3928277 2.5122932 2.8348137 2.4497176 3.1490323 5.3564597 2.4057231 2.4057231 1.8146114 1.8045859 1.9349615 2.4708289 2.1737074 2.5600192 2.3020502 2.2768692 2.2928346 2.3178664 2.4219720 3.6773964 2.9272962 1.9714889 1.9458021 1.9426732 2.1534522 4.7527405 2.4409105 1.9481293 1.9011131 1.0548636 1.9307187 4.4892699 
Plespi_Pspi_scaffold18311_01                      1.9869850 1.6409879 1.5478137 1.8156565 1.7326952 1.4580913 1.5083616 1.5614660 1.4554155 1.4027012 0.9085351 1.2979664 1.7516866 1.9033787 1.0615151 2.0420054 1.4827978 1.5274473 1.6278412 1.7417585 1.7341657 0.0000010 0.0000000 1.4571929 1.4552651 1.6092649 1.5681554 1.5487028 1.5713135 1.8349477 1.6887067 1.6756033 1.8143092 1.6384113 1.9803851 3.3507887 2.0798661 3.1677950 1.9224130 1.9071325 1.5024612 2.2599620 2.0129521 2.0397528 2.0720120 2.0532051 2.1073818 2.0122646 2.6855588 1.3844001 1.2293480 3.5904100 2.3928277 2.5184917 2.8864975 2.4631122 3.1490323 5.5578867 2.4382190 2.4382190 1.8146114 1.8045859 1.9349615 2.4708289 2.1737074 2.5685461 2.3282475 2.3071203 2.3184685 2.3738055 2.4791190 4.0924014 2.9272962 1.9702551 1.9458021 1.9426732 2.1567211 5.2787550 2.4228242 1.9921051 1.9470890 1.0548636 1.9307187 4.4524449 
Fspp_ffun1.m4.13924.m1                            2.7008099 1.5303613 1.3993332 1.6797321 1.4165474 1.1442434 1.3441069 1.2825043 1.5863553 1.5039715 0.9820472 1.1383046 1.9965309 1.8148245 1.4615138 2.0651392 1.5518363 1.5859363 1.2916827 1.8742625 1.4156017 1.4571929 1.4571929 0.0000000 0.1408658 0.2485033 0.2362076 0.2976244 0.3352977 0.4461704 0.7476096 0.8487759 1.2159879 1.1354079 1.4019426 1.9376601 1.5539539 4.1367655 1.3426211 1.2523654 1.0386793 1.5691488 2.1580935 1.9306158 2.0006345 2.1923113 2.1135735 2.1237689 3.3591672 1.8205139 1.4193397 8.9999983 2.3388427 2.6308524 2.7779975 2.4381527 3.0335513 6.5384784 2.5043629 2.5043629 1.7422208 1.7797721 1.9018187 2.5510973 2.2911608 2.4997346 2.4469309 2.5064632 2.4888219 2.0971450 2.1421025 4.0027958 2.5906441 1.4894068 2.1694725 1.8490842 2.0518186 5.1696811 2.1332352 1.6353580 1.4223246 2.4877522 1.7505200 5.1916912 
Gasp_gasp1.m3.30502.m1                            1.2534474 1.1021832 1.0536027 1.3604851 1.0958059 0.9525104 1.0970738 1.0116155 1.3662823 1.2844368 1.4844899 1.1617878 1.6088023 1.6532860 1.4464311 1.9864754 1.4000729 1.7233101 1.3264998 1.5747470 1.1990276 1.4318567 1.4552651 0.1408658 0.0000000 0.1230904 0.1157476 0.1676463 0.1971678 0.3119820 0.6297852 0.6621195 1.1628934 0.9905735 1.1271397 0.9216572 1.1452144 0.8701837 1.0322523 1.1802961 0.7977375 1.1223808 1.5747469 1.5231598 1.5545688 1.9336837 1.5437731 1.5326342 1.6975517 1.4923122 1.2179347 1.6043982 2.1796527 1.9725312 1.6155164 1.6289474 2.2413824 1.5818399 1.7648123 1.7648123 1.5913125 1.5822175 1.6451930 2.1443334 1.7971628 1.6500832 1.6213499 1.7352227 1.6305741 1.6902874 1.5996784 1.5690339 1.6437941 1.3915760 2.1384890 1.6318778 1.5469582 1.5046735 1.6416319 1.7352801 1.2716807 1.1072484 1.7894393 5.0673289 
Spis_XP_022781293_1                               1.2682014 1.2740080 1.1944216 1.5143134 1.3035855 1.0431031 1.2176806 1.0766141 1.3618351 1.3534259 1.4765418 1.1617878 1.7551948 1.6793069 1.4557826 2.1008561 1.4966964 1.8171097 1.5022036 1.6931903 1.3011587 1.5714526 1.6092649 0.2485033 0.1230904 0.0000000 0.0332781 0.1870120 0.2258739 0.3326042 0.6712676 0.7351619 1.2510669 1.0685289 1.2416268 0.9084225 1.1293924 0.8191338 1.1088269 1.3327533 0.8637519 1.1556987 1.7047631 1.5801929 1.6171356 2.0702309 1.6421009 1.6344928 1.6133018 1.5198117 1.2302541 1.5958324 2.6770755 2.2693175 1.5936174 1.9025277 2.8214803 1.4136189 2.0235369 2.0235369 1.6554390 1.6525611 1.7331145 2.5116723 2.3386652 1.9320482 1.9232640 2.0429032 1.9486347 1.7203635 1.6916810 1.4198449 2.4833313 1.3706831 2.0001574 1.8309539 1.6599670 1.4363431 1.7838457 1.7120714 1.2972338 1.7692931 1.8440544 5.2154281 
Pocdam_XM_027198174.1                             1.2326130 1.2511546 1.1866216 1.5029345 1.3061631 1.0511530 1.2194539 1.0674324 1.3812477 1.3667907 1.4765418 1.1617878 1.7401661 1.6943359 1.4749746 2.1008561 1.4820440 1.8040901 1.4579487 1.7224098 1.2731351 1.5313473 1.5681554 0.2362076 0.1157476 0.0332781 0.0000000 0.1717746 0.2122145 0.3305606 0.6574416 0.7358927 1.2641200 1.0685145 1.2434372 0.9041877 1.1076863 0.8139413 1.1027511 1.3056162 0.8374929 1.1519758 1.6711233 1.5503731 1.5894156 2.0226157 1.6219396 1.6310965 1.5872642 1.5419465 1.2399490 1.5879558 2.6172036 2.2566269 1.6059892 1.9558724 2.8379365 1.4881359 2.0268941 2.0268941 1.6653942 1.6635114 1.7482118 2.5887228 2.3637326 1.9294394 1.9370547 2.0744979 1.9743925 1.7201239 1.6861728 1.4627061 2.4708745 1.3880796 2.0016917 1.8307077 1.6767138 1.4144388 1.7938000 1.7169503 1.2845130 1.7692931 1.8071900 5.1490576 
Gfas_gfas1.m1.15126.m1                            1.1663867 1.2514708 1.1326350 1.3823235 1.1899272 1.0252203 1.1494205 1.0260528 1.2920202 1.3180044 1.4765418 1.1617878 1.6734394 1.5681803 1.4664231 1.9706711 1.3693252 1.6913912 1.3528182 1.6348774 1.2106263 1.5094362 1.5487028 0.2976244 0.1676463 0.1870120 0.1717746 0.0000000 0.1567585 0.2652379 0.6245099 0.6543760 1.2589308 1.0834550 1.1989230 0.9671234 1.0321415 0.7866963 1.0074005 1.1758419 0.8096214 1.0235256 1.6408414 1.4646089 1.5411788 2.0726694 1.5529106 1.5179262 1.4919111 1.4625021 1.1130336 1.5249667 2.5508628 2.0813397 1.4342332 1.8946096 2.7323853 1.2579852 1.9426240 1.9426240 1.5827395 1.5728793 1.6330672 2.5245626 2.3678232 1.7853080 1.8571734 1.9644002 1.8340584 1.5322339 1.4951178 1.2914845 2.7050227 1.4604964 2.0800205 1.8192417 1.6709978 1.2139173 1.7008193 1.7326058 1.2837638 1.6022386 1.8382224 4.7698015 
Amil_Amillepora06369-RA                           1.2638193 1.3029186 1.2098552 1.4798389 1.3321023 1.1325667 1.1842679 1.0759948 1.3460913 1.3854238 1.3675336 1.4621850 1.8159556 1.6280716 1.4675329 2.0432188 1.3943226 1.7016469 1.3148035 1.6849129 1.2096494 1.5323796 1.5713135 0.3352977 0.1971678 0.2258739 0.2122145 0.1567585 0.0000000 0.0344048 0.7156967 0.7753513 1.3447375 1.0992393 1.2472845 0.9490182 1.1212853 0.7429598 1.1199253 1.3607626 0.8509324 1.0920136 1.6135409 1.4619777 1.4670019 1.9885239 1.5271570 1.5390346 1.6779794 1.5510704 1.2044775 1.5656983 2.3698890 2.0594403 1.6175065 1.9048406 2.5263922 1.5041173 1.9546420 1.9546420 1.4956372 1.4707616 1.5105647 2.4512742 2.1651309 1.7833202 1.7969567 1.8878703 1.7930176 1.6898020 1.6417503 1.5513774 2.3164541 1.4475727 1.9162224 1.7767807 1.7092391 1.4111033 1.7420789 1.7515284 1.2720953 1.6039294 1.5847212 4.8167011 
Adig_XM_015907688.1                               2.1784088 1.5894839 1.5372167 1.7784744 1.6140421 1.3833305 1.3637446 1.3005951 1.6322868 1.6568590 1.3675336 1.3927945 2.0498336 1.9649012 1.0389357 2.2207149 1.7541566 2.2677361 1.5380841 1.9654129 1.4594365 1.7802036 1.8349477 0.4461704 0.3119820 0.3326042 0.3305606 0.2652379 0.0344048 0.0000000 0.9265458 0.9755826 1.6536304 1.3566702 1.5477349 1.2851625 1.3557063 0.9870680 1.4493227 1.5992452 1.1276735 1.5371375 2.0205100 1.8960875 1.8998625 2.1696215 1.9081898 1.9596510 2.2771691 1.8068385 1.5983132 2.2662932 2.4252679 2.5459645 2.2345866 2.2690992 2.7585236 2.3203287 2.3863761 2.3863761 1.6150844 1.6150844 1.6484193 2.6582494 2.2488062 2.2494920 2.1837884 2.0879152 2.1047597 2.2137181 2.0423541 2.2251648 2.5782981 1.6639777 2.0691038 2.0172796 2.1507154 2.0847326 2.1194593 1.8849921 1.5904140 1.5863508 1.6728438 5.3147904 
Nvec_v1g211930                                    1.0274158 1.1523807 1.1765388 1.3349968 1.1341707 1.0623945 1.1288150 1.0637189 1.4830060 1.3986869 1.6517627 1.1972440 1.6370910 1.5660473 1.4149811 2.0500837 1.4514190 1.7424375 1.4779895 1.7517627 1.3886408 1.6706025 1.6887067 0.7476096 0.6297852 0.6712676 0.6574416 0.6245099 0.7156967 0.9265458 0.0000000 0.5271567 1.2669081 1.0747926 1.2088198 1.0163296 1.2076127 1.0127128 1.0884979 1.2561610 0.9271421 1.1944055 1.6676750 1.5852432 1.5945958 1.9033123 1.5258937 1.5101447 1.7652243 1.6531609 1.3591144 1.5734032 2.4834925 2.1301833 1.5370685 1.7583934 2.9504537 1.3603555 1.8884179 1.8884179 1.6965206 1.6564315 1.8390878 2.3756057 2.0580448 1.9751097 1.8677593 1.8635726 1.8419209 1.7031965 1.6882772 1.6726259 2.4355804 1.4195245 1.9490197 1.7254918 1.6536733 1.4719233 1.6947274 1.7248966 1.3144773 0.5242236 1.7162927 5.6791424 
Exapal_XM_021050598.2                             1.0409363 1.3427933 1.3571056 1.5110475 1.3659354 1.1571915 1.2548504 1.2709686 1.4223767 1.4463064 1.8015086 1.3718551 1.7867365 1.6560801 1.2991010 2.6499760 1.5667781 1.9120187 1.6847582 1.6282272 1.3088019 1.6751266 1.6756033 0.8487759 0.6621195 0.7351619 0.7358927 0.6543760 0.7753513 0.9755826 0.5271567 0.0000000 1.2933990 1.0887302 1.1637489 1.2722087 1.2472018 1.1041296 1.1821004 1.3085553 0.9947684 1.3366701 1.7074715 1.6159160 1.6109518 2.2174268 1.7156793 1.7228436 1.9893534 1.7540642 1.3452949 1.6390123 2.8689316 2.3972174 1.4622552 1.8985533 2.8623902 1.3530817 1.9910279 1.9910279 1.7019758 1.6760762 1.8643298 2.4888145 2.4796753 1.8771342 1.8633652 1.9123666 1.8324042 1.5338317 1.4597336 1.3976261 2.5012949 1.4510367 1.9604902 1.7618421 1.7718018 1.6430594 1.8878861 1.8299496 1.4311448 1.7866703 1.7907319 5.3333626 
Sanmal_Sma_011129-T1                              2.0174050 1.5545409 1.4696957 1.6313882 1.6179926 1.3041243 1.4815520 1.4566025 1.7997010 1.8137280 2.1568088 1.4832129 2.2099908 1.8075092 1.3969507 2.0042735 1.7733039 1.7740575 1.9231085 1.9855722 1.5548778 1.8354208 1.8143092 1.2159879 1.1628934 1.2510669 1.2641200 1.2589308 1.3447375 1.6536304 1.2669081 1.2933990 0.0000000 0.8307766 1.2649977 2.3780566 0.7899916 4.1163968 0.6402977 0.5600672 1.4908859 2.0978508 2.1097262 2.0577231 2.0677401 2.0762840 1.8775683 1.8914497 4.2707096 1.9802600 1.5416206 6.5215415 2.4155820 2.7402197 2.8277072 2.4139249 2.7317122 8.8065124 2.6229775 2.6229775 1.7268833 1.7316568 1.9394467 2.3360771 2.2823454 2.7996598 2.5569650 2.7249912 2.6563208 2.7770896 2.7762116 6.3826787 2.3771341 1.1446285 2.2278926 1.9273072 2.0422719 6.2492764 2.3636473 1.7550361 1.6251447 1.7152433 2.0951550 5.5008125 
Morvir_scaffold471.g7.t1                          2.2788372 1.4133339 1.5369182 1.6843782 1.4079154 1.1294630 1.4181365 1.4057005 1.6790056 1.7612553 1.4048414 1.5295431 1.9239430 2.1592513 1.5410807 1.9108538 1.6583731 1.6754750 1.6455700 1.9393689 1.3902502 1.6384113 1.6384113 1.1354079 0.9905735 1.0685289 1.0685145 1.0834550 1.0992393 1.3566702 1.0747926 1.0887302 0.8307766 0.0000000 1.2043593 2.9037336 0.9603159 4.0498582 0.7739312 0.7210352 1.3169997 1.7259235 2.1377328 1.9993619 1.9876326 2.2965235 1.9724095 1.9264862 6.4029811 1.8263654 1.4641239 8.9999990 2.5577469 2.7921455 2.9775102 2.4355875 2.3890708 7.5217624 2.5560728 2.5560728 1.6019601 1.6166950 1.7320759 2.4935707 2.3430038 2.5782345 2.3832878 2.4107810 2.4781798 2.3314169 2.4617681 4.7410375 2.3064805 1.0717634 2.3622087 1.9808579 1.9255801 4.0204374 2.2287006 1.5502332 1.3673526 2.3749558 1.7852729 5.2661930 
Chem_TCONS_00010526                               1.0705983 1.4002534 1.3563927 1.2993004 1.5117841 1.4408775 1.2989595 1.4613452 1.4000152 1.4122782 1.6205554 1.3837679 1.7921494 1.6230210 1.4704248 1.8882602 1.4574140 1.7752173 2.0006544 1.7345095 1.4177304 1.9161554 1.9803851 1.4019426 1.1271397 1.2416268 1.2434372 1.1989230 1.2472845 1.5477349 1.2088198 1.1637489 1.2649977 1.2043593 0.0000000 0.7644680 0.9408708 0.5084197 0.9161923 1.1612819 1.2751181 1.4562021 1.7209483 1.6033345 1.6186773 2.5025472 1.6633715 1.5888930 1.6175629 1.5094913 1.3771466 1.8191896 2.7903040 2.3386093 1.6902105 2.1093713 2.9041474 1.5219847 2.1339475 2.1339475 1.9911457 2.0617126 2.3485654 3.0213619 2.5756400 2.0924000 2.4105459 2.2384797 2.1805574 1.9330844 1.8808149 1.4937501 2.4551344 0.8108947 2.1996216 1.9892303 1.7674054 1.4150738 1.9867776 2.0207988 1.3947935 1.5452344 2.2948156 5.0100885 
Morvir_scaffold471.g6.t1                          0.8811880 1.1956289 1.3876630 1.4178916 1.3159840 1.3311090 1.2364275 1.1201495 1.6554153 1.6400416 3.9098951 1.3885307 1.4483077 1.6764864 0.0000010 0.0000010 1.5784518 2.4868328 3.2372606 1.3822441 1.1319244 2.6443142 3.3507887 1.9376601 0.9216572 0.9084225 0.9041877 0.9671234 0.9490182 1.2851625 1.0163296 1.2722087 2.3780566 2.9037336 0.7644680 0.0000000 0.3097569 0.2997775 0.5193976 1.4392976 1.1417615 1.1503790 1.1728662 1.1125449 1.1189198 1.7283965 1.0932142 1.2041562 1.2531386 1.3254138 1.2189139 1.1265394 5.4087497 1.2255174 1.0334048 1.0773095 3.8389307 1.0087852 1.2159529 1.2159529 0.0000010 0.0000010 0.0000010 3.1830527 2.1389606 1.2075260 1.2563302 1.4396346 1.1774032 1.1068108 1.1068108 1.1408493 3.9125469 2.0957524 0.0000010 7.0013812 1.7419471 1.5775679 1.9254862 5.2676049 1.1704107 3.3687152 0.0000010 6.8269150 
Aaur_scaffold120.g11.t1                           1.1981643 1.1811550 1.3662631 1.5171647 1.1463521 1.4432630 1.3258283 1.3520804 1.5621488 1.5138355 3.9098951 1.3713035 1.5276316 1.6199802 1.2421630 2.0620047 1.4901365 1.9225475 1.6292704 1.5730780 1.3207814 1.9972992 2.0798661 1.5539539 1.1452144 1.1293924 1.1076863 1.0321415 1.1212853 1.3557063 1.2076127 1.2472018 0.7899916 0.9603159 0.9408708 0.3097569 0.0000000 0.1365057 0.4054774 0.6179734 1.3140346 1.6696533 1.5167988 1.5100011 1.4580251 1.9078968 1.4590790 1.4516560 1.9369096 1.5955465 1.5006538 1.3900938 2.3129982 1.8688329 1.5406882 1.6175364 4.2195559 1.4595760 1.6764432 1.6764432 1.6454964 1.4763105 1.6939012 2.5591051 1.7061754 1.6241600 1.7120471 1.6204943 1.6227403 1.7704531 1.7712158 1.5593087 2.3659610 1.4632858 1.9951576 1.9389479 1.8900454 1.9070790 2.1574367 2.2557217 1.6015067 0.5891094 1.9340499 6.3811402 
Nemnom_g7338.t1                                   0.4650771 0.9404261 1.0111323 1.1923057 0.8605784 1.0298806 1.0574964 1.0601688 1.0244394 0.9895492 2.6453752 1.7842024 0.9672665 1.3963237 0.0000010 1.3414931 1.1303784 2.0971911 2.8665259 1.0763360 0.8383086 2.2821158 3.1677950 4.1367655 0.8701837 0.8191338 0.8139413 0.7866963 0.7429598 0.9870680 1.0127128 1.1041296 4.1163968 4.0498582 0.5084197 0.2997775 0.1365057 0.0000000 0.1291733 2.4210152 0.9958445 0.9148968 0.8593758 0.8395284 0.7848541 3.8419432 0.7788550 0.7983279 0.9818091 1.1108580 0.9571558 0.9750462 8.9999985 1.1243041 0.8472683 1.0704149 9.0000000 0.8874408 1.0575247 1.0575247 9.0000000 9.0000000 9.0000000 9.0000000 9.0000000 1.0197601 0.9938116 1.1330272 0.9716439 0.8116543 0.8116543 0.9915727 8.9999980 2.1452016 2.3614380 3.3550675 1.2292942 0.8617058 1.1779101 3.6617445 0.9634035 0.3509810 8.9999989 5.2126140 
Rhoesc_Res_000354-T1                              1.0422138 1.2629895 1.4652425 1.5393960 1.2310397 1.2223987 1.3641548 1.3457787 1.4999798 1.5292298 1.4650393 1.3142767 1.7288178 1.6099385 1.6589197 1.8917938 1.5655598 1.8648597 1.6809949 1.5578098 1.2758552 1.8715227 1.9224130 1.3426211 1.0322523 1.1088269 1.1027511 1.0074005 1.1199253 1.4493227 1.0884979 1.1821004 0.6402977 0.7739312 0.9161923 0.5193976 0.4054774 0.1291733 0.0000000 0.2113408 1.2325184 1.4822719 1.6024515 1.4826996 1.4059454 2.0532291 1.5192415 1.5022533 1.7758154 1.5685324 1.3611795 1.5581038 2.5101877 2.1097199 1.4766778 1.8338528 2.6546580 1.4607769 1.9177645 1.9177645 1.6181556 1.6353199 1.8090253 2.5078093 2.1363474 1.9512305 2.0726153 2.0053609 1.9387928 1.7389361 1.7468872 1.7173739 2.4053514 1.2167491 1.8330863 1.7524874 1.7193112 1.7316287 1.9862144 1.7466310 1.4084701 1.5116758 2.2379387 5.6007919 
Nemnom_g7339.t1                                   3.1698655 1.5399633 1.6486238 1.6832489 1.4635787 1.3925887 1.6150517 1.5388824 1.9037501 1.8622495 1.1124871 1.5199033 2.1989693 1.9700921 1.8073851 1.7800890 1.7637001 1.7396496 1.6789767 1.9132050 1.4945435 1.8937661 1.9071325 1.2523654 1.1802961 1.3327533 1.3056162 1.1758419 1.3607626 1.5992452 1.2561610 1.3085553 0.5600672 0.7210352 1.1612819 1.4392976 0.6179734 2.4210152 0.2113408 0.0000000 1.3446281 1.8536992 2.0363552 1.9086739 1.9427495 1.9731048 2.0077181 2.0547749 3.6142475 1.8478388 1.6591507 4.1547541 2.6190427 2.8072303 2.6757712 2.4884534 2.8757236 4.8594982 2.5798978 2.5798978 1.7554969 1.7898089 2.0197558 2.5363577 2.2222440 2.6722533 2.6776521 2.7096436 2.6407114 2.6474210 2.6701141 4.6150210 2.4677770 1.1142704 2.1320364 1.8765246 2.0422261 5.0976988 2.4215634 1.5397587 1.5930364 1.7843107 2.1479552 5.4996045 
Dgig_XM_028541742.1                               1.5030761 1.3693497 1.2942449 1.5498361 1.4547916 1.1813095 1.2871136 1.3177863 1.3799235 1.3782124 1.6672414 1.5935028 1.8132161 1.5574840 1.4128278 2.0050501 1.5811022 1.9421506 1.7128015 1.6758944 1.3816048 1.4594086 1.5024612 1.0386793 0.7977375 0.8637519 0.8374929 0.8096214 0.8509324 1.1276735 0.9271421 0.9947684 1.4908859 1.3169997 1.2751181 1.1417615 1.3140346 0.9958445 1.2325184 1.3446281 0.0000000 0.3934677 1.6974453 1.6133300 1.5882623 2.2309424 1.6071516 1.6495816 1.6065370 1.5066067 1.3137598 1.8393076 2.7857745 2.3594882 1.8239840 2.0570362 2.5161609 1.5522118 2.0640813 2.0640813 1.6380891 1.6760080 1.8744803 2.8168219 2.2260862 2.0803463 2.0512194 1.8479986 1.8634862 1.9579973 1.9392930 1.6711559 2.5344562 1.5514046 2.3630877 1.9320361 1.7729200 1.6318255 1.8362152 1.9527914 1.4482089 1.7113915 1.8612979 5.5157097 
Xesp_016042-T1                                    1.4829209 1.6448238 1.6486887 1.6421949 1.7019761 1.5688438 1.6984435 1.6003999 1.7895187 1.8282980 1.5916114 1.5741063 2.2529537 2.1190313 8.1453902 2.0488279 1.7888796 2.2632147 2.1939159 2.0938659 1.7695069 2.1736970 2.2599620 1.5691488 1.1223808 1.1556987 1.1519758 1.0235256 1.0920136 1.5371375 1.1944055 1.3366701 2.0978508 1.7259235 1.4562021 1.1503790 1.6696533 0.9148968 1.4822719 1.8536992 0.3934677 0.0000000 1.8528167 1.6964016 1.7103000 2.8566949 1.7318620 1.7649948 1.5780708 1.8621540 1.6327327 1.8724498 3.6867349 2.6380347 1.9214288 2.3391908 2.8222878 1.5638595 2.5285943 2.5285943 2.8006104 3.2089053 3.2887617 3.9006584 3.4744150 2.5412654 2.3598925 2.2888373 2.2001873 2.1810561 2.3280789 1.6072577 2.4111436 1.8277189 6.5659875 2.4489772 1.9568682 1.5333885 2.1883371 2.2190905 1.8500772 1.7816261 5.1405731 5.2321576 
HoiH23_PlH23_007825-RA                            1.2727558 1.6682304 1.6729328 1.9733736 1.8562068 1.6011542 1.7512840 1.6148510 1.7474435 1.6337746 1.8902988 1.9327009 1.8535480 1.7136760 2.1686651 2.1218860 1.7799526 2.2302428 2.2245999 1.9675433 1.8130267 1.9686435 2.0129521 2.1580935 1.5747469 1.7047631 1.6711233 1.6408414 1.6135409 2.0205100 1.6676750 1.7074715 2.1097262 2.1377328 1.7209483 1.1728662 1.5167988 0.8593758 1.6024515 2.0363552 1.6974453 1.8528167 0.0000000 0.0494705 0.1140271 0.2716978 0.3059399 0.3110146 1.8180737 1.8729217 1.7682436 1.9573763 2.6669664 2.2934522 1.9371590 2.1649162 2.6739874 1.6309300 2.1652527 2.1652527 2.2407576 2.1982912 2.3326556 2.7123019 2.2511132 2.2721268 2.2544587 2.1482392 2.1361769 2.2124143 2.1990047 1.9441816 2.6040483 2.4301481 1.8474222 1.9996746 2.0187289 1.5667856 2.1600450 2.2907358 1.9117408 1.4201808 2.1051757 5.7833309 
HoiH06_mRNA3583                                   1.2829066 1.5530032 1.6141311 1.7728991 1.6622020 1.5040642 1.5783271 1.4583431 1.6958963 1.5869871 1.8902988 1.8419430 1.6812432 1.6861320 2.1427198 2.1707554 1.7122001 2.1912458 2.0399103 1.8425551 1.8146528 1.9862568 2.0397528 1.9306158 1.5231598 1.5801929 1.5503731 1.4646089 1.4619777 1.8960875 1.5852432 1.6159160 2.0577231 1.9993619 1.6033345 1.1125449 1.5100011 0.8395284 1.4826996 1.9086739 1.6133300 1.6964016 0.0494705 0.0000000 0.1194758 0.2588771 0.2978879 0.3132431 1.8314868 1.9499330 1.7329991 1.9380028 2.5906682 2.2363390 1.9534251 2.0512615 2.6982032 1.6898610 2.0786719 2.0786719 2.2959899 2.2214613 2.3626978 2.6988885 2.1105931 2.1545515 2.2206495 2.1024007 2.0679811 2.1840511 2.0830416 1.9760114 2.3654104 2.3962326 1.8705075 1.8349422 1.8672291 1.5213294 2.0248569 2.2546341 1.8575754 0.7288182 2.1123170 5.5259849 
