75
Beraby_Baby_sb330622                                           0.0000000 0.0000010 0.5253962 0.9352948 1.0294269 1.0138528 1.0405111 1.1576382 1.2154167 8.9999982 2.1808987 2.1426677 3.0549177 0.0000010 0.0000010 0.0000010 2.7847321 3.1721848 2.4141142 2.7196255 2.4915075 2.9202293 2.8614446 3.0527154 2.5839285 2.3200850 0.0000010 2.2510358 2.2138959 2.2202517 2.2202517 2.1759582 2.2674196 2.1404162 2.1042174 1.4019500 1.6681607 1.9055817 1.2995033 2.6040554 2.5168846 2.2966496 2.5225661 2.4281696 2.4263691 2.3152748 2.9378282 0.0000010 1.9822121 2.4899144 2.3963380 2.5471124 2.8407194 2.0893206 2.4256995 2.1504043 2.4840234 2.6144048 0.0000010 2.4820046 2.9712529 2.9752821 2.7539318 3.0281549 2.2355081 3.9189519 3.0500040 2.8389008 2.8389008 2.3843093 9.0000000 3.0145903 2.8046771 2.8162005 3.0374656 
Beraby_Baby_sb330621                                           0.0000010 0.0000000 0.6018906 0.6253059 0.7738476 0.7516346 0.7974118 0.9723759 1.0075105 3.9247726 4.4588539 1.8736525 2.3300802 1.3289484 1.4650133 1.6316455 2.3359337 0.0000010 2.5167547 2.7173827 2.2914670 2.2440891 2.3006697 2.2220740 2.6179841 2.4461201 2.3751572 2.1764045 2.1671859 2.1382782 2.1463192 2.1355737 2.1727564 2.1727564 3.6907019 0.0000010 4.0975956 2.5847440 2.6894117 2.2557300 2.4633441 2.5004385 2.5319445 2.5529149 2.4718399 2.5536026 2.5581542 2.3462699 2.1076448 2.2383638 2.5752681 2.1143347 2.2888230 2.1171215 2.3645105 2.1801405 2.2713255 2.1549159 3.5920824 7.5832279 2.2856151 2.6115846 2.8090385 2.2814853 3.8608929 2.7924846 2.6579962 2.7458827 2.5887302 9.0000000 4.3169212 2.7066135 2.6930298 2.2463291 2.5174237 
Mlei_ML0830.g28.i1                                             0.5253962 0.6018906 0.0000000 0.5993066 0.8016294 0.6073123 0.8001359 0.7903351 0.8344415 3.8671439 2.6226687 1.9322399 2.2649446 1.2680987 1.3335398 1.4646900 2.1568394 8.9999988 2.5147939 2.5740270 2.1751126 2.2740637 2.2933904 2.1203625 2.5298134 2.2490038 2.0832390 2.1166772 2.0515751 2.0583976 2.0511999 2.0827710 2.1920295 2.1920295 2.4909969 1.4964782 2.3391604 2.4027630 2.4961707 2.1643874 2.2057775 2.2241465 2.2673286 2.2796283 2.3216122 2.2251056 2.2941250 2.1542689 2.0683483 2.2076475 2.1485257 2.0651936 2.2511034 2.2576912 2.2279018 2.3422845 2.2445975 2.1301200 3.4303593 3.1822380 3.2277044 2.3495011 2.5676196 2.0600196 2.0377302 2.5618091 2.4462042 2.7254485 2.4258464 2.0887765 3.6112788 2.2791056 2.3412991 2.6470666 2.9752576 
Drygla_Dgla_sb306449                                           0.9352948 0.6253059 0.5993066 0.0000000 0.6973876 0.6744580 0.6968754 0.9610401 1.0092289 3.9548758 3.2249579 1.9834852 2.5253947 1.2453865 1.4760110 1.6938886 2.5359804 4.1379783 2.6552693 2.7783773 2.1142749 2.4096078 2.4160944 2.3828153 2.5893409 2.3996656 2.1845173 2.3306158 2.2693928 2.3247197 2.3177473 2.2535652 2.3810539 2.3859178 2.7987933 1.2628201 1.8301620 2.3408847 2.5358877 2.2897808 2.4532306 2.5206256 2.5702996 2.5483354 2.5936060 2.5219694 2.7069876 2.3846586 2.1972391 2.3763855 2.4279377 2.2217646 2.3982888 2.2597849 2.3253598 2.0875493 2.2735387 2.3777982 3.9894792 3.0744353 2.7864200 2.5047526 2.5152317 2.3294036 2.4181576 2.6770391 2.6434704 3.0211449 2.8153735 2.6187040 4.7403710 2.5977588 2.4730077 2.7009186 3.0473961 
Pbac_sb2666392                                                 1.0294269 0.7738476 0.8016294 0.6973876 0.0000000 0.0081121 0.0274278 0.9622991 1.1689297 3.9537486 3.5249264 2.1843063 2.6494737 1.3457615 1.7836722 2.0297991 2.5591616 3.4616581 2.7950641 2.8486640 2.3146865 2.4400012 2.4478986 2.4679137 2.7395033 2.4632040 2.3524112 2.4132788 2.3400054 2.3763850 2.3814578 2.3294179 2.5381038 2.4739149 2.8049038 1.6338261 2.0767946 2.2191732 2.3139751 2.2342244 2.5360999 2.5729803 2.5880611 2.6211367 2.7169861 2.5758937 2.7629972 2.4377681 2.3803730 2.3639655 2.3975059 2.3945289 2.5359381 2.2767319 2.3923706 2.4589362 2.4956241 2.4694219 4.0304176 3.0895270 2.7438327 2.7340739 2.7658807 2.3415267 2.2121521 3.1304339 2.6396881 2.9931400 2.7599192 2.3947009 4.1324212 2.8343299 2.5965257 2.6316917 3.4544510 
Pbac_sb2648408                                                 1.0138528 0.7516346 0.6073123 0.6744580 0.0081121 0.0000000 0.0332406 0.9815705 1.2911506 3.5619769 0.0000010 2.0252958 2.8833406 1.4446721 0.0000010 9.0000000 2.6885856 3.4136131 2.8167863 3.0915609 2.2512181 2.6974528 2.7165517 2.4037254 2.9734142 2.5347957 2.5891664 2.4332702 2.5044414 2.4587210 2.4587210 2.4879558 2.6721764 2.5368336 1.9265323 1.5703546 1.6570399 2.1385063 2.5310460 2.1538153 2.6115476 2.6314666 2.5632669 2.7190254 2.7522254 2.6780618 3.1598423 2.7681502 2.5202688 2.6488058 2.5278595 2.6561570 2.6791065 2.4991378 2.3451896 2.3003856 2.5952786 2.8131384 4.0270469 3.1445209 2.8657247 2.3223248 2.3660260 2.4826672 2.1183279 2.7773970 2.1807998 2.7420316 2.3861075 2.3444046 3.9243855 2.9027216 2.7811345 2.5655091 2.7721344 
Horcal_Hcv1.av93.c5.g1135.i2                                   1.0405111 0.7974118 0.8001359 0.6968754 0.0274278 0.0332406 0.0000000 0.9833546 1.1353257 4.2583832 3.5396425 2.1517417 2.6862016 1.3206076 1.8090006 2.0586348 2.5763836 3.4291070 2.7974593 2.8951436 2.2973574 2.4559040 2.4561604 2.4488820 2.7423088 2.4111471 2.3325120 2.4105250 2.3323320 2.3736046 2.3786826 2.3311889 2.5239294 2.4619710 2.9724459 1.6482427 2.0932286 2.2548593 2.3599834 2.2717576 2.5620823 2.5858280 2.5841079 2.6383032 2.7448660 2.6080667 2.7748884 2.4514549 2.3888883 2.3929631 2.3802012 2.4224084 2.5292831 2.2846619 2.4056367 2.4700334 2.5633183 2.4857967 3.9974254 3.2302396 2.8218813 2.7666939 2.7573878 2.3294412 2.2484100 3.0461375 2.6083969 3.0076902 2.7665083 2.4080360 4.0738036 2.8603029 2.6489995 2.6434469 3.4630748 
Lampan_Lpan_10973_01                                           1.1576382 0.9723759 0.7903351 0.9610401 0.9622991 0.9815705 0.9833546 0.0000000 0.9472434 4.2075708 3.3829783 2.1509887 2.7906695 1.4539830 1.1754988 1.2686054 2.8221032 4.5101045 2.9516249 3.0124903 2.5012982 2.5506529 2.5589192 2.6030617 2.8222910 2.6432253 2.3463799 2.4931175 2.4450769 2.5531496 2.5555532 2.3621128 2.6611345 2.6864693 2.8211497 1.5107041 1.9526754 2.4696025 2.4642259 2.5900296 2.5400811 2.5129894 2.5757369 2.5605271 2.5400053 2.6212352 2.8961191 2.6300169 2.4293882 2.6431435 2.5102460 2.5748223 2.7947694 2.4638312 2.5259099 2.4787554 2.6019005 2.5938355 4.3729193 3.0352911 2.7789272 2.6165467 2.6714662 2.4677526 2.3233135 3.3807372 3.0773826 3.0557334 2.9322797 2.6925862 5.2494272 2.9187547 3.3107577 3.9964412 4.0630805 
Coemet_Cmet_scaffold9667_01                                    1.2154167 1.0075105 0.8344415 1.0092289 1.1689297 1.2911506 1.1353257 0.9472434 0.0000000 4.2110186 2.5121081 1.9025431 2.4872557 1.4509897 1.0856981 1.1222071 2.2995570 5.1363899 2.6271965 2.6554662 2.1010711 2.2693491 2.2816662 2.3993139 2.6121593 2.2522630 1.9452739 2.2158593 2.1162377 2.1953550 2.2002719 2.1129322 2.1787994 2.2757503 2.5758705 1.4446774 1.9080610 2.2709811 2.3361922 2.3436546 2.3580704 2.2144471 2.3140454 2.3067562 2.4613133 2.3600450 2.5009780 2.2440278 2.1880433 2.4227770 2.1284540 2.2376891 2.5087557 2.2710177 2.2349289 2.2122207 2.3811902 2.3427865 3.2020031 3.3285020 3.2947222 2.5807347 2.5237827 2.1576379 2.5728740 2.9331818 2.7665955 3.0306923 2.6789213 2.7730328 4.1123889 2.8018974 2.6484257 3.7832223 3.4203501 
Spolac_c88303_g1_i1_m.4926c81122-g1                            8.9999982 3.9247726 3.8671439 3.9548758 3.9537486 3.5619769 4.2583832 4.2075708 4.2110186 0.0000000 2.4635564 0.4558640 0.3499328 0.4160514 1.5827548 1.5014262 1.5526483 0.0000010 1.5835419 1.5156657 2.0485752 2.1934077 2.1821468 1.8476586 2.5795824 2.5838759 1.6590188 2.5577810 2.5324163 2.6403790 2.6403790 2.5271654 2.6716818 2.6716818 4.9618998 0.0000010 1.8484393 2.0850049 2.3650242 2.0537754 2.4002144 2.4121967 2.4856237 2.2780000 2.5526204 2.3308377 2.3990277 2.1575120 2.2762699 2.3997873 1.9712683 2.2209207 2.4465761 2.6256963 2.9541118 2.7600599 2.5313101 2.3500848 3.1389061 8.8717718 0.0000010 2.2475239 3.9172914 3.5333214 0.0000010 4.2842998 3.1057464 6.2949096 3.2121702 0.0000010 4.2703204 3.0510430 1.7777733 3.4430735 1.3905851 
Spolac_c81122_g1_i1_m.2785c81122-g1                            2.1808987 4.4588539 2.6226687 3.2249579 3.5249264 0.0000010 3.5396425 3.3829783 2.5121081 2.4635564 0.0000000 0.1188687 0.1189030 0.0000010 0.0000010 0.0000010 0.9808686 0.0000010 1.1025470 1.0276636 1.5982080 1.4227975 1.4586011 1.4063727 1.3225053 1.4551786 0.0000010 1.3989085 1.3049079 1.4017690 1.4017690 1.4019725 1.3885240 1.3885240 1.6058815 1.1657076 1.4961054 1.4880326 1.7720848 0.9761628 1.2975503 1.2638511 1.2824755 1.2438178 1.8607468 1.2281392 1.2254188 0.0000010 1.4037921 1.4377984 0.9099823 1.2887514 1.4996057 1.4068070 1.2388584 1.7254666 1.0645349 1.1074485 0.0000010 1.4756350 0.0000010 1.5032418 1.3592564 1.5469645 0.9836757 2.9285761 2.2302952 2.3461228 2.3461228 0.6990719 2.3637014 2.5777266 0.5142512 1.9217580 0.9463637 
Emue_Em0395g11a.t1                                             2.1426677 1.8736525 1.9322399 1.9834852 2.1843063 2.0252958 2.1517417 2.1509887 1.9025431 0.4558640 0.1188687 0.0000000 0.0186085 0.1242191 0.5348972 0.5456844 0.9051417 6.7571016 1.1050750 0.9709221 1.4604213 1.3352558 1.3339242 1.4723728 1.4013988 1.4188963 1.0363593 1.5042089 1.4654768 1.5584435 1.5598753 1.4805489 1.5987476 1.5827716 1.4564895 1.2688939 1.4919685 1.5606024 1.8279770 1.0889667 1.3298725 1.3376534 1.3748323 1.2948774 1.3550559 1.2582138 1.3140555 1.3336143 1.4473038 1.4064450 1.2163583 1.4322478 1.6504477 1.3353292 1.3227723 1.5381706 1.4025916 1.3283116 4.0728619 2.1541075 1.6501444 1.4322366 1.4110495 1.5613134 1.6546209 1.9428975 1.8979909 2.0437790 2.0437790 1.6952078 6.3159518 2.0693596 1.0040622 1.4144800 1.1240782 
Emue_Em0021g846a.t1                                            3.0549177 2.3300802 2.2649446 2.5253947 2.6494737 2.8833406 2.6862016 2.7906695 2.4872557 0.3499328 0.1189030 0.0186085 0.0000000 0.1242191 0.5348972 0.5727158 1.1591787 2.3818800 1.3068598 1.2941271 1.5743473 1.6512125 1.6548785 1.6921214 1.8331012 1.7874061 1.1243108 1.8902330 1.8778864 1.9140352 1.9150599 1.6989329 1.8967397 1.9585591 1.5743680 1.3070549 1.4609404 1.5732419 1.8964288 1.5016586 1.5852927 1.4248282 1.6288136 1.5385518 1.7303965 1.5890340 1.5082980 1.4606941 1.6793310 1.7041609 1.6019601 1.8063119 1.8932175 1.6094936 1.6612913 1.7528220 1.8557965 1.7548509 3.3948448 2.5038321 2.3668022 1.6661594 1.7455587 1.7444167 2.5559664 2.3606132 2.3370162 2.6947381 2.5229940 2.7736996 4.8264018 2.5669745 1.7558655 2.2920680 1.7616215 
Spolac_c90534_g1_i1_m.6346c81122-g1                            0.0000010 1.3289484 1.2680987 1.2453865 1.3457615 1.4446721 1.3206076 1.4539830 1.4509897 0.4160514 0.0000010 0.1242191 0.1242191 0.0000000 0.5223223 0.5223223 0.6893239 0.0000010 0.9613787 0.8640456 1.0539583 0.9896000 0.9266195 1.0435423 1.0895521 0.8624597 0.8033821 1.2272982 1.2114284 1.1946541 1.1946541 1.1335557 1.3483914 1.3483914 0.0000010 0.0000010 0.0000010 1.0994594 1.3660727 0.8480707 0.9730455 1.0581131 0.9563456 0.9647931 0.9931588 1.0089525 1.1020416 1.0083338 0.9125566 0.9728981 1.0596943 1.0744251 1.1480873 0.9317423 1.1637161 1.0916837 1.2747716 1.0871045 4.4232841 3.0530511 1.5937043 0.9344559 0.9879219 1.1158996 0.0000010 1.3437965 1.4110513 1.5587415 1.5587415 0.0000010 7.7550907 1.7921940 0.4288225 0.0000010 0.0000010 
Stycar_maker-SC_scaffold142432-snap-gene-0.2-mRNA-1            0.0000010 1.4650133 1.3335398 1.4760110 1.7836722 0.0000010 1.8090006 1.1754988 1.0856981 1.5827548 0.0000010 0.5348972 0.5348972 0.5223223 0.0000000 0.0000010 0.8295126 0.0000010 0.9518493 0.8494836 1.0039356 0.7679706 0.7547114 1.0164411 1.1414134 1.2485931 0.8699480 1.2818465 1.2626277 1.2749006 1.2811027 1.1611497 1.3416766 1.3416766 0.0000010 0.0000010 0.0000010 1.2170996 1.4004574 1.1139444 1.2373445 1.2671972 1.3228710 1.3328826 1.3774211 0.9653327 1.3612369 1.0193548 1.0458719 1.0914125 0.9941639 1.1772721 1.5441132 1.3304197 1.1116146 1.1436991 1.2869549 1.0438630 9.0000000 6.2093013 0.5634273 1.2654938 0.8770892 1.3396156 0.0000010 1.8169038 1.8555284 1.8717914 1.8717914 0.0000010 4.3031941 1.3576002 0.0000010 0.0000010 0.0000010 
Stycar_maker-SC_scaffold55605-snap-gene-0.3-mRNA-1             0.0000010 1.6316455 1.4646900 1.6938886 2.0297991 9.0000000 2.0586348 1.2686054 1.1222071 1.5014262 0.0000010 0.5456844 0.5727158 0.5223223 0.0000010 0.0000000 0.8637789 0.0000010 0.9978415 0.8971409 1.0134053 0.7829870 0.7702450 1.0255061 1.0770452 1.1766510 0.8948659 1.2833555 1.2647652 1.2766449 1.2826405 1.1663483 1.3411687 1.3411687 0.0000010 0.0000010 0.0000010 1.2110299 1.3873140 1.1203918 1.2403880 1.2692267 1.3230010 1.3326614 1.2428448 0.9996497 1.4127250 1.0527840 1.0543828 1.0985804 1.0034542 1.1934122 1.4903901 1.3671612 1.1199248 1.1493221 1.2882221 1.0543713 4.1354699 6.2093013 0.5634273 1.2675167 0.8578728 1.3768288 0.0000010 1.7752989 1.8119154 1.9939837 1.8267772 0.0000010 3.6201753 1.3080188 2.1291267 0.0000010 0.0000010 
Xestes_maker-XT_scaffold4428-snap-gene-0.92-mRNA-1             2.7847321 2.3359337 2.1568394 2.5359804 2.5591616 2.6885856 2.5763836 2.8221032 2.2995570 1.5526483 0.9808686 0.9051417 1.1591787 0.6893239 0.8295126 0.8637789 0.0000000 1.0256975 0.7255628 0.6419285 1.5287319 1.6456767 1.5866583 1.5446977 1.7657182 1.6577610 1.1122799 1.7860130 1.7198252 1.7750830 1.7760554 1.6476921 1.7647689 1.8917680 1.8894777 1.2114700 1.4886654 1.7709640 1.7920054 1.4276139 1.5732870 1.3667440 1.6306767 1.5217440 1.7950072 1.5781213 1.6260042 1.4582836 1.6720242 1.6275390 1.5232457 1.5605602 1.7974202 1.7135096 1.7996198 1.7590955 1.7755425 1.6723262 2.6115887 2.5455129 2.4753786 1.7086557 1.9997836 1.7957046 2.3417147 2.1885534 2.1766386 2.6455423 2.3450909 2.6833410 3.7691514 2.7346438 1.2267323 2.2603490 1.9231505 
Aque_Aqu2.1.09012_001                                          3.1721848 0.0000010 8.9999988 4.1379783 3.4616581 3.4136131 3.4291070 4.5101045 5.1363899 0.0000010 0.0000010 6.7571016 2.3818800 0.0000010 0.0000010 0.0000010 1.0256975 0.0000000 0.0412910 0.8633876 2.8081602 3.7013369 3.7011483 3.1521495 4.0766770 3.3318245 0.0000010 3.7194507 3.6889793 3.3671161 3.3671161 3.0472044 3.4342300 3.8532625 0.0000010 1.3867459 1.3554505 1.3377993 0.0000010 2.3753367 3.0102741 0.0000010 3.3800037 3.0382117 2.9703395 3.0274704 5.3509594 0.0000010 2.8466367 2.7266705 3.0858294 3.4739285 3.3381775 3.1918681 2.3041119 2.5428415 3.2476344 4.0947861 0.0000010 2.5092237 2.4529988 2.5092237 2.7562278 2.8213443 2.9520769 0.0000010 2.5799093 3.0324722 3.0324722 3.1125560 0.0000010 3.6972547 2.5262174 2.0981872 2.4400749 
Aque_Aqu2.1.42251_001                                          2.4141142 2.5167547 2.5147939 2.6552693 2.7950641 2.8167863 2.7974593 2.9516249 2.6271965 1.5835419 1.1025470 1.1050750 1.3068598 0.9613787 0.9518493 0.9978415 0.7255628 0.0412910 0.0000000 0.5404924 1.7214472 1.8476633 1.7896126 1.8566603 1.9792345 1.9041497 1.3408020 1.9689092 1.9287070 1.8917921 1.8935444 1.8352530 1.9331669 2.0096836 2.2767842 1.3167976 1.5635783 1.7518856 1.9661024 1.6906452 1.9537680 1.7144802 1.9648439 1.8757895 2.0258368 1.9945255 1.9631713 1.8914355 1.9125518 1.8586535 1.7481730 1.8184674 1.9868419 1.8773850 1.9924611 1.9968634 2.0723196 1.8827531 3.1103408 2.5381051 2.3857497 1.9771879 2.0314443 1.9470284 2.2533121 2.3226686 2.1237522 2.6168618 2.3500664 2.5795469 4.0553072 2.6251630 1.3361600 2.1049791 1.8174204 
Halamb_c56429_g2_i2m.43309                                     2.7196255 2.7173827 2.5740270 2.7783773 2.8486640 3.0915609 2.8951436 3.0124903 2.6554662 1.5156657 1.0276636 0.9709221 1.2941271 0.8640456 0.8494836 0.8971409 0.6419285 0.8633876 0.5404924 0.0000000 1.6294344 1.6686356 1.6436245 1.7588460 1.8970229 1.8672274 1.1897014 1.8505426 1.8266496 1.8405191 1.8422195 1.7376264 1.8078382 1.9465426 2.1318148 1.4253378 1.6001345 1.8183845 1.9896568 1.6745671 1.8316606 1.5956434 1.8252494 1.7137061 1.9002960 1.8275130 1.8289130 1.7019519 1.8520840 1.8005101 1.8104486 1.7120096 1.9662246 1.8191823 1.8331647 1.9079215 1.9394813 2.0426504 2.8724456 2.5373709 2.3939229 1.8301601 1.8552588 1.9403555 2.2319092 2.3359855 2.1804203 2.7796539 2.4183244 2.7901310 4.0462541 2.6633878 1.3107031 2.4936910 1.8230396 
Sanmal_Sma_013754-T1                                           2.4915075 2.2914670 2.1751126 2.1142749 2.3146865 2.2512181 2.2973574 2.5012982 2.1010711 2.0485752 1.5982080 1.4604213 1.5743473 1.0539583 1.0039356 1.0134053 1.5287319 2.8081602 1.7214472 1.6294344 0.0000000 0.3638918 0.3538797 0.6114793 1.5455991 1.6363534 1.4134879 1.7298546 1.6987190 1.7286758 1.7332953 1.6007286 1.5663283 1.6994389 1.3329611 1.0021109 1.2211345 1.1957185 1.3237808 1.4866782 1.2265901 1.1881877 1.2699393 1.2703468 1.3703663 1.2505352 1.3749022 1.2024402 1.1864112 1.2804309 1.3856997 1.2933889 1.3970784 1.2860901 1.6893748 1.6648886 1.6466758 1.4664468 1.2950441 2.1840612 2.3150824 1.6832755 2.0278576 1.0837291 1.7299939 2.0949531 2.0702625 2.5893348 2.2070241 1.9369960 3.8570184 2.2887938 1.5030713 1.6011778 2.1338705 
Rhoesc_Res_009635-T1                                           2.9202293 2.2440891 2.2740637 2.4096078 2.4400012 2.6974528 2.4559040 2.5506529 2.2693491 2.1934077 1.4227975 1.3352558 1.6512125 0.9896000 0.7679706 0.7829870 1.6456767 3.7013369 1.8476633 1.6686356 0.3638918 0.0000000 0.0945800 0.6879709 1.6096427 1.6649146 1.3246359 1.7062513 1.7012720 1.7541559 1.7595733 1.5830101 1.6203475 1.6967863 1.3290738 1.2322624 1.4510627 1.2277220 1.2766862 1.5866546 1.2930130 1.1539122 1.3635852 1.3506396 1.4817699 1.3298599 1.3774602 1.2229319 1.1861648 1.2730576 1.5296551 1.3980581 1.5754487 1.2986878 1.6522517 1.5440441 1.6778900 1.5687213 1.0642268 2.3713009 2.7318688 1.6757309 1.9365446 1.2544938 2.0178840 2.0418677 2.1424763 2.5210464 2.2010683 2.8123045 3.6106187 2.4215981 1.8272152 3.0287764 2.7957551 
Nemnom_g3418.t1                                                2.8614446 2.3006697 2.2933904 2.4160944 2.4478986 2.7165517 2.4561604 2.5589192 2.2816662 2.1821468 1.4586011 1.3339242 1.6548785 0.9266195 0.7547114 0.7702450 1.5866583 3.7011483 1.7896126 1.6436245 0.3538797 0.0945800 0.0000000 0.6709601 1.5438529 1.6302730 1.2867738 1.7027196 1.7076217 1.6988660 1.7004520 1.5396429 1.6231949 1.7016577 1.3472966 1.2182860 1.4399953 1.1902428 1.2619507 1.5434003 1.2993338 1.1274897 1.3363686 1.3083507 1.4542448 1.2724476 1.3192939 1.1932398 1.1328434 1.2466429 1.5082754 1.3699282 1.5356005 1.2809581 1.6537848 1.5769345 1.6695486 1.5368874 1.1041885 2.2448563 2.6606367 1.6575459 1.9449282 1.2299516 2.0748397 2.1025407 2.1227111 2.4926995 2.1776289 2.7945051 3.7869004 2.3793901 1.7718731 2.6909504 2.6031235 
Morvir_scaffold61.g13.t1                                       3.0527154 2.2220740 2.1203625 2.3828153 2.4679137 2.4037254 2.4488820 2.6030617 2.3993139 1.8476586 1.4063727 1.4723728 1.6921214 1.0435423 1.0164411 1.0255061 1.5446977 3.1521495 1.8566603 1.7588460 0.6114793 0.6879709 0.6709601 0.0000000 1.7223233 1.7571662 1.3956669 1.7720337 1.7392836 1.7877379 1.7899212 1.6644868 1.7481167 1.8115335 1.4870612 1.0642143 1.2009387 1.2697324 1.3262064 1.5791080 1.3616043 1.2578096 1.4625921 1.4100374 1.5987901 1.3847086 1.4277498 1.1644196 1.2218085 1.3536381 1.5070731 1.3980069 1.4846237 1.3776598 1.5930957 1.5706495 1.8302489 1.5407883 1.5306768 2.5711532 2.6534503 1.6661392 1.6895313 1.0870666 2.5438419 1.9464293 2.0361616 2.5000235 2.0979620 3.1388863 3.2354337 2.3114810 1.9950031 2.8150431 2.6213219 
Hsap_ENST00000422318                                           2.5839285 2.6179841 2.5298134 2.5893409 2.7395033 2.9734142 2.7423088 2.8222910 2.6121593 2.5795824 1.3225053 1.4013988 1.8331012 1.0895521 1.1414134 1.0770452 1.7657182 4.0766770 1.9792345 1.8970229 1.5455991 1.6096427 1.5438529 1.7223233 0.0000000 0.6967671 1.3304865 1.6460863 1.6718752 1.6840621 1.6857707 1.5524898 1.7271939 1.8029966 2.0109508 1.1662568 1.3559005 1.5143072 1.7296874 1.1452064 1.5556129 1.4746243 1.5612347 1.5990014 1.6221638 1.5425955 1.6297103 1.5228106 1.6700667 1.6447955 1.3769617 1.3416925 1.4970064 1.4944948 1.5957139 1.5421466 1.5185458 1.5436376 2.4610096 2.1968491 2.0788006 1.6676067 2.0127292 1.6422355 2.2251742 2.0115328 2.0534259 2.2394714 2.0553250 2.4748030 3.4979747 2.4672589 2.1398390 3.1496132 2.6610039 
Hsap_ENST00000392876                                           2.3200850 2.4461201 2.2490038 2.3996656 2.4632040 2.5347957 2.4111471 2.6432253 2.2522630 2.5838759 1.4551786 1.4188963 1.7874061 0.8624597 1.2485931 1.1766510 1.6577610 3.3318245 1.9041497 1.8672274 1.6363534 1.6649146 1.6302730 1.7571662 0.6967671 0.0000000 1.3316600 1.6835305 1.6810765 1.6890666 1.6938022 1.6097885 1.6615567 1.7788018 1.8138980 1.2222132 1.4031728 1.5509766 1.6583103 1.1443404 1.6302561 1.4853998 1.6668138 1.6470269 1.7445430 1.6832712 1.7288256 1.6856073 1.6438948 1.6117937 1.2689752 1.2986978 1.4368709 1.3018471 1.4653095 1.4822051 1.4858612 1.5463519 2.6083146 2.1716675 2.2408644 1.6193244 2.1392013 1.7286261 1.8421967 2.0451931 1.8334106 2.0967229 1.9268929 2.3370986 2.9930251 2.5567318 2.2635511 3.5562665 2.7663187 
Plespi_Pspi_scaffold11222_01                                   0.0000010 2.3751572 2.0832390 2.1845173 2.3524112 2.5891664 2.3325120 2.3463799 1.9452739 1.6590188 0.0000010 1.0363593 1.1243108 0.8033821 0.8699480 0.8948659 1.1122799 0.0000010 1.3408020 1.1897014 1.4134879 1.3246359 1.2867738 1.3956669 1.3304865 1.3316600 0.0000000 1.5851619 1.5336540 1.4932185 1.4961262 1.5848816 1.6969400 1.6969400 8.6910356 0.0000010 3.3723433 1.4158932 1.5219222 1.2049435 1.3110604 1.2837298 1.2718179 1.2176072 1.2754937 1.2853986 1.3814637 1.2692486 1.3536984 1.3698192 1.1967497 1.2083101 1.5200696 1.5204416 1.6330713 1.5909112 1.4782377 1.4204030 2.2365468 3.7430570 1.4822695 1.3478534 1.6121066 1.2890445 0.0000010 2.0935164 1.7203406 2.3066176 1.7860840 0.0000010 3.8268441 2.3038547 1.0626530 1.5769116 1.5769116 
HoiH06_mRNA3417                                                2.2510358 2.1764045 2.1166772 2.3306158 2.4132788 2.4332702 2.4105250 2.4931175 2.2158593 2.5577810 1.3989085 1.5042089 1.8902330 1.2272982 1.2818465 1.2833555 1.7860130 3.7194507 1.9689092 1.8505426 1.7298546 1.7062513 1.7027196 1.7720337 1.6460863 1.6835305 1.5851619 0.0000000 0.0351194 0.0832527 0.0834529 0.1632813 0.2560357 0.2403381 1.7613135 1.3055975 1.5516248 1.5290267 1.5774110 1.5127648 1.7080524 1.4728034 1.6937011 1.7125698 1.8827102 1.8246548 1.7780413 1.6428973 1.5414356 1.6428765 1.4682735 1.5225749 1.6342276 1.4052177 1.6320030 1.6084734 1.7092499 1.7559719 1.9907391 2.6423572 2.8649316 1.7626338 2.0693010 1.9780497 2.4625898 1.8544539 1.7938595 2.2473199 1.9870009 2.3304826 2.8231819 2.2222590 2.0056370 4.1693405 3.5147270 
HoiH23_PlH23_006637-RA                                         2.2138959 2.1671859 2.0515751 2.2693928 2.3400054 2.5044414 2.3323320 2.4450769 2.1162377 2.5324163 1.3049079 1.4654768 1.8778864 1.2114284 1.2626277 1.2647652 1.7198252 3.6889793 1.9287070 1.8266496 1.6987190 1.7012720 1.7076217 1.7392836 1.6718752 1.6810765 1.5336540 0.0351194 0.0000000 0.0756498 0.0758435 0.1455485 0.2355286 0.2238188 1.5209460 1.2643104 1.5015256 1.4465873 1.5497967 1.5734936 1.6948303 1.4427059 1.6708724 1.6901759 1.8710188 1.8328335 1.7893546 1.6839220 1.5534620 1.6166096 1.4615386 1.4761732 1.6331602 1.4283675 1.6192385 1.6187935 1.6904916 1.7320530 1.9884910 2.5901140 2.8153242 1.7024252 2.0712785 1.9889563 2.4187270 1.8572557 1.7609571 2.2306204 1.9526296 2.2823037 2.7880082 2.1783886 2.0043366 4.0792485 3.6866138 
Hhon_g02912.t1                                                 2.2202517 2.1382782 2.0583976 2.3247197 2.3763850 2.4587210 2.3736046 2.5531496 2.1953550 2.6403790 1.4017690 1.5584435 1.9140352 1.1946541 1.2749006 1.2766449 1.7750830 3.3671161 1.8917921 1.8405191 1.7286758 1.7541559 1.6988660 1.7877379 1.6840621 1.6890666 1.4932185 0.0832527 0.0756498 0.0000000 0.0021333 0.1512764 0.2503368 0.2316140 1.7256771 1.2647788 1.5554743 1.4998199 1.5881638 1.5439010 1.6768229 1.4642693 1.6818009 1.6590558 1.8342263 1.7257933 1.6955501 1.6085072 1.4700187 1.6187886 1.4645702 1.4845194 1.6344949 1.4053198 1.6429009 1.6493372 1.7574279 1.7346258 1.9794195 2.4605784 2.5620571 1.7463311 1.9403172 1.9279096 2.4486988 1.8833537 1.8085239 2.2058331 1.9508767 2.2828225 2.9156082 2.2068971 2.0530467 3.9878238 3.4484984 
HoiH04_mRNA15565                                               2.2202517 2.1463192 2.0511999 2.3177473 2.3814578 2.4587210 2.3786826 2.5555532 2.2002719 2.6403790 1.4017690 1.5598753 1.9150599 1.1946541 1.2811027 1.2826405 1.7760554 3.3671161 1.8935444 1.8422195 1.7332953 1.7595733 1.7004520 1.7899212 1.6857707 1.6938022 1.4961262 0.0834529 0.0758435 0.0021333 0.0000000 0.1516691 0.2511831 0.2323373 1.7256771 1.2647788 1.5554743 1.5080953 1.5958316 1.5470249 1.6813250 1.4698001 1.6862947 1.6635609 1.8389564 1.7257933 1.6955501 1.6085072 1.4744723 1.6234510 1.4653947 1.4892078 1.6377228 1.4101145 1.6470716 1.6543744 1.7483431 1.7355627 1.9794195 2.4272397 2.5620571 1.7414191 1.9329082 1.9335470 2.4486988 1.8906694 1.8136949 2.2121665 1.9563820 2.2828225 2.9156082 2.2128335 2.0530467 3.9878238 3.4484984 
HoiH11_mRNA9452                                                2.1759582 2.1355737 2.0827710 2.2535652 2.3294179 2.4879558 2.3311889 2.3621128 2.1129322 2.5271654 1.4019725 1.4805489 1.6989329 1.1335557 1.1611497 1.1663483 1.6476921 3.0472044 1.8352530 1.7376264 1.6007286 1.5830101 1.5396429 1.6644868 1.5524898 1.6097885 1.5848816 0.1632813 0.1455485 0.1512764 0.1516691 0.0000000 0.2415904 0.2466092 1.6910878 1.2053750 1.4416686 1.4879001 1.5932915 1.4595827 1.4987376 1.4421443 1.4969712 1.4967811 1.6916517 1.5026389 1.6409351 1.6023276 1.5461549 1.4976742 1.3041916 1.4021164 1.5216446 1.3788626 1.5758166 1.6528020 1.5914926 1.5879834 1.9125412 2.2529704 2.1646841 1.5809083 1.7528001 1.6942168 2.0338519 1.8857272 1.7109259 2.0817742 1.8245619 1.7705336 2.8827717 2.1299438 1.8897521 3.3904525 3.1401112 
Tadh_TriadT52235                                               2.2674196 2.1727564 2.1920295 2.3810539 2.5381038 2.6721764 2.5239294 2.6611345 2.1787994 2.6716818 1.3885240 1.5987476 1.8967397 1.3483914 1.3416766 1.3411687 1.7647689 3.4342300 1.9331669 1.8078382 1.5663283 1.6203475 1.6231949 1.7481167 1.7271939 1.6615567 1.6969400 0.2560357 0.2355286 0.2503368 0.2511831 0.2415904 0.0000000 0.0334572 1.7230650 1.2561602 1.4957679 1.4999602 1.5582612 1.5078261 1.6134375 1.5563052 1.6731954 1.6894618 1.8672810 1.6774424 1.6714508 1.5846178 1.6682900 1.6737471 1.4500813 1.4203621 1.6285351 1.4245134 1.6253609 1.6559309 1.7224307 1.6660906 2.0260128 2.2608594 2.3833041 1.7421755 2.1174194 1.7802637 1.9299910 1.9536802 1.7872785 2.1842105 1.9458771 1.8613735 2.9548243 2.2440432 1.9998902 4.0268273 3.4243619 
TrH2_TrispH2_001007-RA                                         2.1404162 2.1727564 2.1920295 2.3859178 2.4739149 2.5368336 2.4619710 2.6864693 2.2757503 2.6716818 1.3885240 1.5827716 1.9585591 1.3483914 1.3416766 1.3411687 1.8917680 3.8532625 2.0096836 1.9465426 1.6994389 1.6967863 1.7016577 1.8115335 1.8029966 1.7788018 1.6969400 0.2403381 0.2238188 0.2316140 0.2323373 0.2466092 0.0334572 0.0000000 1.7230650 1.2561602 1.4957679 1.4999602 1.5582612 1.5741507 1.7371013 1.5563052 1.7826097 1.7952910 2.0056009 1.8192616 1.7498369 1.5846178 1.6689932 1.7331053 1.5261964 1.4793650 1.7126864 1.4397344 1.6547709 1.6698213 1.7566574 1.7357353 2.0260128 2.5182880 2.8078650 1.8334810 2.1936536 1.9550114 2.1311692 1.9536802 1.8540080 2.2420056 2.0019738 2.1439336 2.9548243 2.3601924 2.0766644 3.9619729 3.3407723 
Xesp_023383-T1                                                 2.1042174 3.6907019 2.4909969 2.7987933 2.8049038 1.9265323 2.9724459 2.8211497 2.5758705 4.9618998 1.6058815 1.4564895 1.5743680 0.0000010 0.0000010 0.0000010 1.8894777 0.0000010 2.2767842 2.1318148 1.3329611 1.3290738 1.3472966 1.4870612 2.0109508 1.8138980 8.6910356 1.7613135 1.5209460 1.7256771 1.7256771 1.6910878 1.7230650 1.7230650 0.0000000 0.0436661 0.0462625 0.2393598 1.0355390 1.5218857 1.1519121 1.2244726 1.2915574 1.1978055 1.5651774 1.2498071 1.1907540 2.8304895 1.4536979 1.3895727 1.4607305 1.3427496 1.4240995 1.6700200 1.9512143 2.0311641 1.5277000 1.5656848 5.4378185 1.3267386 0.0000010 2.1623883 2.1083424 1.6498444 1.1857198 2.4741385 1.9172375 2.2312672 2.2464217 1.5141483 5.4345962 3.1619775 1.0215647 0.0000010 2.3546735 
Xesp_023384-T1                                                 1.4019500 0.0000010 1.4964782 1.2628201 1.6338261 1.5703546 1.6482427 1.5107041 1.4446774 0.0000010 1.1657076 1.2688939 1.3070549 0.0000010 0.0000010 0.0000010 1.2114700 1.3867459 1.3167976 1.4253378 1.0021109 1.2322624 1.2182860 1.0642143 1.1662568 1.2222132 0.0000010 1.3055975 1.2643104 1.2647788 1.2647788 1.2053750 1.2561602 1.2561602 0.0436661 0.0000000 0.0299066 0.2343809 1.9645672 0.8812164 0.9954374 1.0503028 1.0876857 0.9835112 1.0298096 0.9514508 1.6822782 0.0000010 0.9583377 1.1787090 1.0735307 1.0800387 1.1263209 1.3717181 1.3229043 1.2170906 1.1600010 1.2391490 0.0000010 1.2926470 1.2479023 1.4316510 1.4354661 1.2436664 1.5137096 2.6141265 1.5796970 1.7202569 1.7202569 1.5507052 0.0000010 1.7640794 1.1028645 1.0143409 1.3172900 
Xesp_023387-T1                                                 1.6681607 4.0975956 2.3391604 1.8301620 2.0767946 1.6570399 2.0932286 1.9526754 1.9080610 1.8484393 1.4961054 1.4919685 1.4609404 0.0000010 0.0000010 0.0000010 1.4886654 1.3554505 1.5635783 1.6001345 1.2211345 1.4510627 1.4399953 1.2009387 1.3559005 1.4031728 3.3723433 1.5516248 1.5015256 1.5554743 1.5554743 1.4416686 1.4957679 1.4957679 0.0462625 0.0299066 0.0000000 0.2594904 1.5501349 1.1694488 1.0503489 1.1723305 1.1370751 1.0654855 1.1697291 1.0593190 1.6292503 2.0229577 1.1805523 1.3972109 1.2141927 1.2863601 1.3504418 1.6192767 1.6758832 1.7193336 1.3769823 1.3147072 1.6426912 1.3895172 1.3070373 1.7634672 1.7257139 1.3660673 1.4641324 2.7613320 1.8189554 1.8728728 1.8728728 1.5180648 3.8161745 1.9868635 1.2344249 1.1960506 1.7304969 
Dgig_XM_028559848.1                                            1.9055817 2.5847440 2.4027630 2.3408847 2.2191732 2.1385063 2.2548593 2.4696025 2.2709811 2.0850049 1.4880326 1.5606024 1.5732419 1.0994594 1.2170996 1.2110299 1.7709640 1.3377993 1.7518856 1.8183845 1.1957185 1.2277220 1.1902428 1.2697324 1.5143072 1.5509766 1.4158932 1.5290267 1.4465873 1.4998199 1.5080953 1.4879001 1.4999602 1.4999602 0.2393598 0.2343809 0.2594904 0.0000000 0.3751326 1.3525684 1.0113844 1.0401332 1.0554208 1.0375692 1.2047762 0.9846102 1.1071658 0.9719489 1.0891190 1.0763383 1.2124492 1.2800881 1.4139084 1.4832321 1.6001764 1.5959725 1.4735899 1.3052584 1.7818947 1.8249846 1.2497245 1.5550550 1.9991596 1.3622793 1.3221793 1.9092451 1.7359493 2.0882482 1.7610409 1.2992304 2.7981902 2.1138785 1.4301500 1.4132820 1.9196724 
Xesp_023389-T1                                                 1.2995033 2.6894117 2.4961707 2.5358877 2.3139751 2.5310460 2.3599834 2.4642259 2.3361922 2.3650242 1.7720848 1.8279770 1.8964288 1.3660727 1.4004574 1.3873140 1.7920054 0.0000010 1.9661024 1.9896568 1.3237808 1.2766862 1.2619507 1.3262064 1.7296874 1.6583103 1.5219222 1.5774110 1.5497967 1.5881638 1.5958316 1.5932915 1.5582612 1.5582612 1.0355390 1.9645672 1.5501349 0.3751326 0.0000000 1.4158718 1.1989415 1.1785169 1.1971205 1.2167222 1.4489703 1.1975770 1.1802280 1.0743754 1.0856563 1.0642487 1.4235991 1.4866602 1.4173301 1.5427620 1.7132233 1.6201433 1.7065199 1.4876534 1.7478356 2.6722538 1.7565342 1.4859313 2.4355127 1.4904890 1.5558491 2.1186905 2.1025246 2.4941584 2.0198943 2.5653690 3.3494253 2.4385465 1.8159155 3.1428792 3.7407876 
Bralan_BLAG14000822_1                                          2.6040554 2.2557300 2.1643874 2.2897808 2.2342244 2.1538153 2.2717576 2.5900296 2.3436546 2.0537754 0.9761628 1.0889667 1.5016586 0.8480707 1.1139444 1.1203918 1.4276139 2.3753367 1.6906452 1.6745671 1.4866782 1.5866546 1.5434003 1.5791080 1.1452064 1.1443404 1.2049435 1.5127648 1.5734936 1.5439010 1.5470249 1.4595827 1.5078261 1.5741507 1.5218857 0.8812164 1.1694488 1.3525684 1.4158718 0.0000000 1.3257605 1.2145633 1.4280876 1.3450628 1.5150730 1.4645242 1.5193851 1.3390181 1.4586051 1.4660217 1.0455459 1.1482028 1.3179882 1.1782939 1.2361478 1.3619493 1.2210151 1.3117727 2.0527555 1.9548428 2.0083189 1.4579678 1.8640648 1.5259570 2.2078012 1.9724169 1.9271782 2.2688205 1.9239004 2.8225654 2.8362364 2.3328060 2.0233502 2.9581125 2.3711295 
Gfas_gfas1.m1.9524.m1                                          2.5168846 2.4633441 2.2057775 2.4532306 2.5360999 2.6115476 2.5620823 2.5400811 2.3580704 2.4002144 1.2975503 1.3298725 1.5852927 0.9730455 1.2373445 1.2403880 1.5732870 3.0102741 1.9537680 1.8316606 1.2265901 1.2930130 1.2993338 1.3616043 1.5556129 1.6302561 1.3110604 1.7080524 1.6948303 1.6768229 1.6813250 1.4987376 1.6134375 1.7371013 1.1519121 0.9954374 1.0503489 1.0113844 1.1989415 1.3257605 0.0000000 0.1540976 0.2274004 0.1924969 0.2617195 0.2239132 0.2783048 0.1498781 0.7272520 0.6754630 1.2575272 1.2457564 1.3103540 1.4360574 1.5301673 1.6418671 1.5469450 1.4081754 2.0591936 2.0925587 1.5807227 1.4521095 2.0878054 1.3712864 2.2774420 2.0303953 2.0378598 2.4896157 2.2113534 2.5568034 4.0744342 2.3189891 1.8023565 2.7907939 2.7411603 
Pocdam_XM_027196804.1                                          2.2966496 2.5004385 2.2241465 2.5206256 2.5729803 2.6314666 2.5858280 2.5129894 2.2144471 2.4121967 1.2638511 1.3376534 1.4248282 1.0581131 1.2671972 1.2692267 1.3667440 0.0000010 1.7144802 1.5956434 1.1881877 1.1539122 1.1274897 1.2578096 1.4746243 1.4853998 1.2837298 1.4728034 1.4427059 1.4642693 1.4698001 1.4421443 1.5563052 1.5563052 1.2244726 1.0503028 1.1723305 1.0401332 1.1785169 1.2145633 0.1540976 0.0000000 0.0528922 0.1187748 0.2307422 0.2376213 0.2533231 0.2977321 0.6703511 0.5657965 1.1075344 1.0913146 1.2327465 1.3652857 1.4820062 1.6009314 1.2956089 1.1353607 2.1033238 2.4671519 1.4706397 1.3812101 1.9522128 1.2132150 1.3757488 2.0154278 1.8232637 2.3076961 1.9599411 1.3890828 4.0090048 2.2406288 1.4106406 2.6361147 2.4700273 
Spis_XP_022794158_1                                            2.5225661 2.5319445 2.2673286 2.5702996 2.5880611 2.5632669 2.5841079 2.5757369 2.3140454 2.4856237 1.2824755 1.3748323 1.6288136 0.9563456 1.3228710 1.3230010 1.6306767 3.3800037 1.9648439 1.8252494 1.2699393 1.3635852 1.3363686 1.4625921 1.5612347 1.6668138 1.2718179 1.6937011 1.6708724 1.6818009 1.6862947 1.4969712 1.6731954 1.7826097 1.2915574 1.0876857 1.1370751 1.0554208 1.1971205 1.4280876 0.2274004 0.0528922 0.0000000 0.1571349 0.2603834 0.3365442 0.3830805 0.2988957 0.7484877 0.7046357 1.2369104 1.3029717 1.3483600 1.4181209 1.5943912 1.6800222 1.4834986 1.3383820 2.1166372 2.2009168 1.8227438 1.5107462 2.0556230 1.3823093 2.2606291 2.0163389 1.9885223 2.4722708 2.1559726 2.5708265 3.8178663 2.3751877 1.7451447 3.1951269 3.0925446 
Fspp_ffun1.m4.12055.m1                                         2.4281696 2.5529149 2.2796283 2.5483354 2.6211367 2.7190254 2.6383032 2.5605271 2.3067562 2.2780000 1.2438178 1.2948774 1.5385518 0.9647931 1.3328826 1.3326614 1.5217440 3.0382117 1.8757895 1.7137061 1.2703468 1.3506396 1.3083507 1.4100374 1.5990014 1.6470269 1.2176072 1.7125698 1.6901759 1.6590558 1.6635609 1.4967811 1.6894618 1.7952910 1.1978055 0.9835112 1.0654855 1.0375692 1.2167222 1.3450628 0.1924969 0.1187748 0.1571349 0.0000000 0.1278086 0.2810340 0.3451798 0.2468071 0.7266413 0.6895779 1.2666114 1.3283927 1.4247856 1.4640413 1.5886644 1.6915262 1.5389963 1.3945562 2.1307150 2.3089154 1.8670255 1.4607948 2.0540214 1.3975337 2.3121967 2.0148548 1.9490926 2.4916294 2.1829193 2.3921800 4.0937073 2.1952787 1.6764168 2.8294239 2.7717830 
Gasp_gasp1.m3.1434.m1                                          2.4263691 2.4718399 2.3216122 2.5936060 2.7169861 2.7522254 2.7448660 2.5400053 2.4613133 2.5526204 1.8607468 1.3550559 1.7303965 0.9931588 1.3774211 1.2428448 1.7950072 2.9703395 2.0258368 1.9002960 1.3703663 1.4817699 1.4542448 1.5987901 1.6221638 1.7445430 1.2754937 1.8827102 1.8710188 1.8342263 1.8389564 1.6916517 1.8672810 2.0056009 1.5651774 1.0298096 1.1697291 1.2047762 1.4489703 1.5150730 0.2617195 0.2307422 0.2603834 0.1278086 0.0000000 0.3087542 0.4525907 0.2511076 0.8404087 0.7601832 1.4571999 1.4162079 1.5888108 1.5993558 1.6653018 1.7559673 1.6057843 1.5095934 2.1932779 2.3131605 1.9644892 1.5591674 2.3448283 1.6083052 2.7362284 2.0942274 2.0495744 2.6101730 2.3107100 2.5216366 3.8403824 2.3204635 1.7886075 3.7081735 3.1527666 
Amil_Amillepora02611-RA                                        2.3152748 2.5536026 2.2251056 2.5219694 2.5758937 2.6780618 2.6080667 2.6212352 2.3600450 2.3308377 1.2281392 1.2582138 1.5890340 1.0089525 0.9653327 0.9996497 1.5781213 3.0274704 1.9945255 1.8275130 1.2505352 1.3298599 1.2724476 1.3847086 1.5425955 1.6832712 1.2853986 1.8246548 1.8328335 1.7257933 1.7257933 1.5026389 1.6774424 1.8192616 1.2498071 0.9514508 1.0593190 0.9846102 1.1975770 1.4645242 0.2239132 0.2376213 0.3365442 0.2810340 0.3087542 0.0000000 0.1007184 0.0000010 0.7952670 0.6780750 1.3519089 1.2726139 1.4582836 1.4596949 1.5601676 1.6096954 1.6206277 1.4903364 1.8898759 2.3042900 1.9679134 1.5167081 1.9906602 1.4553579 2.1182058 2.0452686 2.0682743 2.6387331 2.2690147 2.3941833 3.5679940 2.3154988 1.8358598 2.7316957 2.7192252 
Adig_XM_015898446.1                                            2.9378282 2.5581542 2.2941250 2.7069876 2.7629972 3.1598423 2.7748884 2.8961191 2.5009780 2.3990277 1.2254188 1.3140555 1.5082980 1.1020416 1.3612369 1.4127250 1.6260042 5.3509594 1.9631713 1.8289130 1.3749022 1.3774602 1.3192939 1.4277498 1.6297103 1.7288256 1.3814637 1.7780413 1.7893546 1.6955501 1.6955501 1.6409351 1.6714508 1.7498369 1.1907540 1.6822782 1.6292503 1.1071658 1.1802280 1.5193851 0.2783048 0.2533231 0.3830805 0.3451798 0.4525907 0.1007184 0.0000000 0.0049912 0.8847098 0.7415099 1.3371125 1.3210343 1.4621606 1.5424284 1.6779702 1.8285712 1.6777931 1.4410416 1.9438941 3.6003367 4.6056381 1.6672586 2.1230047 1.5995313 2.5560009 2.0180928 1.9840288 2.6044600 2.2284770 3.0122776 3.9118269 2.4035857 1.7624973 2.9821459 2.7042856 
Amil_Amillepora02617-RA                                        0.0000010 2.3462699 2.1542689 2.3846586 2.4377681 2.7681502 2.4514549 2.6300169 2.2440278 2.1575120 0.0000010 1.3336143 1.4606941 1.0083338 1.0193548 1.0527840 1.4582836 0.0000010 1.8914355 1.7019519 1.2024402 1.2229319 1.1932398 1.1644196 1.5228106 1.6856073 1.2692486 1.6428973 1.6839220 1.6085072 1.6085072 1.6023276 1.5846178 1.5846178 2.8304895 0.0000010 2.0229577 0.9719489 1.0743754 1.3390181 0.1498781 0.2977321 0.2988957 0.2468071 0.2511076 0.0000010 0.0049912 0.0000000 0.7500971 0.6264024 1.3366831 1.1237970 1.2435558 1.5586748 1.5353295 1.6267308 1.5295189 1.3501344 1.8898759 5.6171323 1.1838381 1.2316916 2.0527383 1.2330750 0.0000010 1.8789657 1.8071234 2.7369187 2.0288963 0.0000010 3.5393499 2.0811780 1.6461335 0.0000010 0.0000010 
Exapal_XM_021058673.2                                          1.9822121 2.1076448 2.0683483 2.1972391 2.3803730 2.5202688 2.3888883 2.4293882 2.1880433 2.2762699 1.4037921 1.4473038 1.6793310 0.9125566 1.0458719 1.0543828 1.6720242 2.8466367 1.9125518 1.8520840 1.1864112 1.1861648 1.1328434 1.2218085 1.6700667 1.6438948 1.3536984 1.5414356 1.5534620 1.4700187 1.4744723 1.5461549 1.6682900 1.6689932 1.4536979 0.9583377 1.1805523 1.0891190 1.0856563 1.4586051 0.7272520 0.6703511 0.7484877 0.7266413 0.8404087 0.7952670 0.8847098 0.7500971 0.0000000 0.4093604 1.3642067 1.4152957 1.4423903 1.5056507 1.5302609 1.6107391 1.3979215 1.3178946 1.7288478 2.5419926 1.9143189 1.5844695 1.8116924 1.3298131 2.4101596 2.0518472 2.0451674 2.5030952 2.1554752 2.4374158 3.8178597 2.2336269 1.9010415 2.5502817 2.2888029 
