66
Lcom_lcpid160541                                       0.0000000 2.3440636 2.4910264 2.3536824 2.4562483 2.1356384 2.7010777 0.4937011 3.3181910 2.7554788 2.6140001 2.2862026 1.7665252 1.4816279 1.7854553 1.8035974 1.9427739 2.5505173 1.8210087 2.0203662 1.8692085 2.0631391 2.0159879 2.2363132 2.5844256 3.6346234 2.7973674 3.2196353 2.6197244 2.3368313 2.5839567 2.5446329 3.1175449 3.2837333 1.9976266 1.8197976 3.4602919 3.1571881 2.8215335 1.9353181 2.0551422 1.8596663 1.3418652 2.4921765 2.1551191 2.5474391 2.5593995 2.8390499 2.3279280 2.7542672 2.1649764 2.3243655 2.2789633 2.8218680 2.4924993 2.2105269 2.2537701 2.4855243 2.4344448 2.4318796 2.4302322 2.7763256 2.7763256 4.0825706 2.1744978 2.2888624 
Emue_Em0022g194a.t1                                    2.3440636 0.0000000 0.3772276 0.2968169 1.3128936 1.3773376 1.4411722 3.0990862 2.7486058 2.8950741 3.3254926 2.9145419 2.1209182 2.1416127 2.0742954 2.3786898 2.2336440 5.3728162 2.3561264 2.4902323 2.1906704 2.2986556 2.4030778 2.8181261 3.2389841 4.4409149 3.2408245 3.8665872 2.8855352 3.0396256 2.9563397 2.6345598 3.8114719 3.9390989 2.3637787 2.2761299 3.4142856 2.9109675 3.2400049 2.8622399 3.1182176 2.1941868 2.9711798 2.4382964 2.4914672 2.8526466 2.8672171 2.6283933 2.7516347 2.8298540 2.2890546 2.8341328 2.6696558 2.7294361 2.7840491 2.4989178 2.4597820 2.6107984 2.5266714 2.7130575 2.6712164 2.8056900 2.8700124 1.0571606 3.2626549 3.1299693 
Spolac_c101219_g1_i2_m.24906c101219-g1                 2.4910264 0.3772276 0.0000000 0.0392300 1.3536387 1.5984686 1.6269539 6.4948400 2.8843285 2.5595084 2.9135486 2.6773119 2.1057556 2.2898631 2.1273116 2.4474357 2.1957724 7.7630499 2.4114058 2.5575605 2.2902596 2.0554123 2.6647144 2.7077301 3.0746744 4.7175105 3.1479183 3.5603716 2.7213791 2.9110820 2.9538353 2.8079565 3.5532644 3.2881298 2.1880013 2.1975997 3.0322991 2.6896656 2.6922563 3.5016100 3.8744262 2.6118688 3.6747508 2.7915437 2.4355564 2.6251752 2.6630846 2.4623142 2.3899155 2.9267517 2.2727841 2.9591979 2.5296820 2.7284387 2.9699604 2.7458164 2.4888997 2.2826422 2.2572199 2.4437695 2.4402293 2.1611991 2.2329393 1.3438898 3.5612500 2.5788824 
Spolac_c101219_g1_i1_m.24905c101219-g1                 2.3536824 0.2968169 0.0392300 0.0000000 1.2132208 1.4783673 1.3761251 1.5810200 1.8532731 2.3582066 2.7995290 2.2149283 2.1377798 2.1014396 2.0916856 2.7010487 2.1154007 2.5443399 2.3847908 2.3075640 2.1998664 2.1498031 2.3512691 2.7101192 3.7718327 3.7057499 2.9600908 3.2025067 2.6332363 2.7053980 2.9419797 2.8370825 3.2739856 3.2838789 2.4589464 2.4775019 2.8336563 2.7773436 2.7700994 2.4019632 2.5919287 1.9977779 2.9116342 2.1900270 2.5165002 2.4915376 2.4949477 2.6367439 2.5501999 2.6647690 2.3603385 2.5522351 2.6341374 2.8387454 2.6242849 2.5889286 2.2164731 2.3859473 2.5280481 2.6621485 2.7023955 2.6383127 2.8828801 1.1628411 3.0812595 2.9400902 
Stycar_maker-SC_scaffold2077-augustus-gene-0.14-mRNA-1 2.4562483 1.3128936 1.3536387 1.2132208 0.0000000 1.2335018 1.1310982 0.7984247 1.1974559 2.1179906 2.2251245 1.9341383 1.7012297 1.5603754 1.6856656 1.8262972 1.7696082 1.7244075 1.8503692 1.8637143 1.6332052 1.8133114 1.9720499 2.0952853 2.2232118 2.5083259 2.5432396 2.5416958 1.9399979 1.9987948 2.0939539 2.0860856 2.5746129 2.5995036 1.9254040 1.9683002 2.5999881 2.1640895 2.2574207 1.8474680 1.9121363 1.8095793 2.4930317 1.9225977 2.1094978 2.2239059 2.2167326 2.0244793 2.0255851 2.2776287 1.9256629 1.7315712 2.2939501 2.3863761 2.1592900 2.1653401 1.6881875 2.1278902 2.1835092 2.2490913 2.3335546 2.0576642 2.1993124 0.7235225 2.9958349 2.7062429 
Xestes_maker-XT_scaffold19684-augustus-gene-0.3-mRNA-1 2.1356384 1.3773376 1.5984686 1.4783673 1.2335018 0.0000000 0.7639632 0.0000010 5.0599397 2.0584084 2.0584084 2.1623162 1.5254373 1.5854025 1.5888175 1.7035278 1.6959916 0.0000010 1.7292748 1.7807628 1.5529912 1.9359299 2.1540642 2.2484364 2.8143639 5.2059160 6.0175849 8.9999989 3.9742483 8.7006566 4.6528574 5.4260221 6.0869497 6.2353698 2.6848107 1.7985973 6.0506575 2.7142142 4.7951149 0.0000010 0.0000010 0.0000010 0.0000010 4.3942931 1.5019127 1.8790782 1.8496059 1.6663501 2.2308095 2.4402063 1.5933153 2.3974815 1.9460579 2.0436215 2.1572702 1.9293290 2.5948957 2.3617205 2.3955374 2.2464812 2.3137676 2.4455103 2.4455103 9.0000000 5.7622665 2.0164346 
Aque_Aqu2.1.22255_001                                  2.7010777 1.4411722 1.6269539 1.3761251 1.1310982 0.7639632 0.0000000 0.5388102 0.7720068 1.7603345 1.8198098 2.0271455 2.0093117 2.1640374 2.0168769 2.4254843 2.1034635 2.0062795 2.1546244 1.9676924 1.9099240 2.1466966 2.1815535 2.5187905 2.5686758 3.3639491 3.0441839 3.1929368 2.2874729 2.2737149 2.6627148 2.6005884 3.0451575 2.9580843 2.2578429 2.3138869 3.2200413 2.5607928 2.7159226 2.1853139 2.3744886 2.0306919 2.8012656 2.4434428 1.9727010 2.2579101 2.2400522 1.8438914 2.0664787 2.1503840 1.8531700 2.1356028 2.3903355 2.4266868 2.5685385 2.5857896 2.4170491 2.3315843 2.3622303 2.3942237 2.3934061 2.5300720 2.7411462 1.1857750 3.0353750 2.8360208 
Halamb_c45718_g1_i1mm.1748                             0.4937011 3.0990862 6.4948400 1.5810200 0.7984247 0.0000010 0.5388102 0.0000000 0.7003608 0.0000010 0.0000010 1.7505054 2.0471595 1.8770660 1.9736507 2.5561367 1.9483185 2.0688798 2.2981269 2.4231054 1.7757160 2.2159552 1.9452171 2.5701750 2.8511397 2.7584874 2.7028842 2.1961808 2.0701579 2.0701579 2.2398318 2.2398318 2.3977178 2.4118729 2.4647332 2.4647332 2.4541434 2.3278978 2.2055566 2.3411028 2.2660117 2.2344299 2.9783982 2.6538505 2.1859651 2.6640000 2.6219153 2.2337162 2.1180435 2.1904768 1.7767366 1.6139866 2.9089508 2.7616690 2.5190823 3.0984264 2.2078811 2.1413380 2.5699243 2.4066777 2.5932895 2.3999652 2.9159384 1.3189138 3.3659686 2.8525501 
Xestes_maker-XT_scaffold133796-snap-gene-0.3-mRNA-1    3.3181910 2.7486058 2.8843285 1.8532731 1.1974559 5.0599397 0.7720068 0.7003608 0.0000000 2.4233085 2.4580554 2.4921225 2.4074535 2.3279692 2.3698057 2.9226503 2.3504757 1.8221925 2.6359651 2.3877239 2.4338722 2.3339063 2.3250574 2.8616664 2.1353188 2.4527677 2.2028783 1.9578605 1.9595460 1.9593287 1.9658077 2.0039563 2.3017910 1.9588752 1.8320821 1.8469712 2.1493023 2.3706671 2.2593106 1.9232812 2.1333074 1.8857723 2.3406228 2.0908883 2.6858931 2.5323520 2.5308135 2.2268696 2.3066569 2.3810429 2.3453786 2.0273562 3.0572106 3.0349723 2.7517206 2.7013426 2.1914386 2.3855191 2.4810816 2.4930712 2.6086665 2.5224303 2.8092400 1.1683089 2.7559375 2.6166662 
Adig_XM_015909589.1                                    2.7554788 2.8950741 2.5595084 2.3582066 2.1179906 2.0584084 1.7603345 0.0000010 2.4233085 0.0000000 0.0592145 0.1170077 0.6052551 1.0661722 0.5927044 0.6151217 0.7549082 1.3502199 1.1021825 1.0337032 1.7837351 1.6637745 2.1414760 2.3637461 3.6022334 2.7766797 3.6929972 2.9010019 3.5587667 4.4649245 3.6346223 3.6346223 3.3649752 3.7983640 2.6348632 3.2776704 3.1208152 2.9459930 3.5004484 3.1846767 2.9416778 0.5330134 3.0841532 2.1674056 1.8051636 2.2321969 2.1799998 1.6483190 1.6811335 1.8908236 2.6014784 2.8023057 1.4554934 1.6053116 2.3934766 1.7794965 2.0979926 1.8033860 1.8292293 1.8875908 1.8498293 1.9141756 1.9021965 3.4129138 2.6897144 2.4327485 
Adig_XM_015894877.1                                    2.6140001 3.3254926 2.9135486 2.7995290 2.2251245 2.0584084 1.8198098 0.0000010 2.4580554 0.0592145 0.0000000 0.1195052 0.6653215 1.7292168 0.6344459 0.6788746 0.7762699 1.6304701 1.1544915 1.0394069 1.6300237 1.6897932 1.9813006 2.2887507 3.4385777 2.1286883 3.7058521 2.9757849 3.4079855 4.1234396 3.6363869 3.6363869 3.4251545 3.7072630 2.3729567 2.7947328 3.4861296 3.1883277 3.9542537 1.4841740 1.0006610 1.0396797 1.4389002 1.8335934 1.6791732 2.0810102 2.0331570 1.7242211 1.8052755 1.7719599 2.6620036 2.4715779 1.4138462 1.6156639 2.2594819 1.7591745 1.5158288 1.9203698 1.9599071 1.9643402 1.9623517 2.0131375 2.0925097 5.3028723 3.8632571 2.4390945 
Amil_Amillepora29004-RA                                2.2862026 2.9145419 2.6773119 2.2149283 1.9341383 2.1623162 2.0271455 1.7505054 2.4921225 0.1170077 0.1195052 0.0000000 0.3157485 0.2450635 0.3000119 0.5328550 0.3036610 0.0266254 0.7568234 0.7198470 1.2964740 1.4533081 1.4375230 1.6365044 2.1470022 1.8168861 2.2177565 2.3550753 1.8416243 1.8134191 2.0479442 1.9695595 2.2157710 2.1923956 2.1548461 2.2127213 2.1702767 2.0807552 2.1220115 1.5209822 1.6227305 1.4408384 1.7440449 1.6599716 1.5296792 1.5391233 1.5265507 1.2573459 1.2957221 1.6405323 1.8594137 1.4755554 1.3223686 1.3048599 1.6019622 1.8946165 1.5668111 1.6308352 1.7565196 1.7274833 1.8007151 1.4782076 1.6580204 2.1123817 1.7682679 2.0803517 
Fspp_ffun1.m4.12174.m1                                 1.7665252 2.1209182 2.1057556 2.1377798 1.7012297 1.5254373 2.0093117 2.0471595 2.4074535 0.6052551 0.6653215 0.3157485 0.0000000 0.1838322 0.1617106 0.2518138 0.2417454 0.3130349 0.6838607 0.6853570 1.1213073 1.4241000 1.4250072 1.7632064 2.1509176 2.5141099 2.1028726 2.2314426 1.6937671 1.7056394 1.9479884 1.9216953 2.1008589 2.1643964 2.0029531 1.9500916 2.3006374 2.1133931 1.8800526 1.7737531 1.8926073 1.7195180 2.3859898 1.9036608 1.3136579 1.6632891 1.6418052 1.6708091 1.5241132 1.9778935 1.4979962 1.4531125 1.4101400 1.3914027 1.6479895 1.8202927 1.7454126 1.5862429 1.6725725 1.6689050 1.7258536 1.5269816 1.6566735 2.1750725 1.9710013 2.1590447 
Spis_XP_022798156_1                                    1.4816279 2.1416127 2.2898631 2.1014396 1.5603754 1.5854025 2.1640374 1.8770660 2.3279692 1.0661722 1.7292168 0.2450635 0.1838322 0.0000000 0.0820102 0.3895560 0.2760009 0.3911001 0.6649882 0.7122699 1.0965122 1.3680738 1.2852187 1.6727040 2.1043295 2.2949768 1.7967308 2.0839210 1.6158049 1.5617811 1.8436323 1.7832644 1.9539655 1.9942412 2.0383751 2.0224376 2.0822042 1.8795356 1.7481871 1.9091588 2.0133359 1.9096425 2.5267156 1.9988490 1.3928867 1.5543270 1.5481186 1.5899308 1.4426753 1.8862921 1.4473439 1.5266249 1.5155539 1.3925724 1.5045923 1.9321205 1.9332865 1.6389345 1.8288847 1.7386667 1.8487328 1.5873822 1.7791395 1.9532054 1.8805967 2.1817945 
Pocdam_XM_027190636.1                                  1.7854553 2.0742954 2.1273116 2.0916856 1.6856656 1.5888175 2.0168769 1.9736507 2.3698057 0.5927044 0.6344459 0.3000119 0.1617106 0.0820102 0.0000000 0.2990091 0.2525418 0.3767261 0.7248896 0.7025971 1.1381604 1.4034931 1.3481491 1.7428549 2.1215535 2.2758330 1.9191050 2.0816831 1.5701705 1.5441188 1.8904147 1.8374809 2.0518933 2.0177156 1.8728092 1.8577129 2.1684451 2.0195534 1.7898955 1.8835319 1.9564615 1.9843866 2.4852808 1.8873964 1.3318647 1.5693268 1.5632859 1.6170431 1.5164076 1.9260078 1.5460426 1.5420827 1.5169637 1.4026096 1.5951250 1.7836224 1.8754250 1.6992330 1.8524231 1.7935261 1.8806303 1.6494897 1.8092348 1.9704547 1.9085439 2.1040164 
Gasp_gasp1.m3.9147.m1                                  1.8035974 2.3786898 2.4474357 2.7010487 1.8262972 1.7035278 2.4254843 2.5561367 2.9226503 0.6151217 0.6788746 0.5328550 0.2518138 0.3895560 0.2990091 0.0000000 0.4006036 0.8081400 0.8266486 0.8337005 1.3123369 1.7858046 1.6099091 2.1166822 2.3405741 3.1764578 2.7783329 2.9252633 2.5165456 2.4879766 2.6688528 2.6311856 2.6962057 2.7149932 2.3441151 2.3285993 3.0309214 2.8830002 2.4790393 2.4815846 2.6450713 2.4649733 3.2738003 2.2392956 1.5086165 1.8648670 1.8569963 1.9968197 1.8441455 2.3339739 1.6616689 2.0054541 1.6675601 1.5156332 1.9005790 2.0463119 2.2369231 1.9731897 1.8384263 1.9945463 1.8800899 1.8385558 1.8292677 3.0045762 2.1432197 2.4294051 
Gfas_gfas1.m1.19210.m1                                 1.9427739 2.2336440 2.1957724 2.1154007 1.7696082 1.6959916 2.1034635 1.9483185 2.3504757 0.7549082 0.7762699 0.3036610 0.2417454 0.2760009 0.2525418 0.4006036 0.0000000 0.3386075 0.7920164 0.7221454 1.2425482 1.4246160 1.4042326 1.6884083 1.9642022 2.0795173 1.9469261 2.2159702 1.6597985 1.6529536 2.0491021 1.9772106 2.0111414 1.9482384 1.9791760 1.9698342 2.1365292 2.0101449 1.8196954 1.7379479 1.8233649 1.7084065 2.3611702 1.8928235 1.4379974 1.6236629 1.5959880 1.6155878 1.5228782 2.0214785 1.4795324 1.4703646 1.4935694 1.5135533 1.6520254 1.8541259 1.6818099 1.6483022 1.8244886 1.7180857 1.7859975 1.6120774 1.7825171 1.9318172 2.0544828 2.0782176 
Adig_XM_015894878.1                                    2.5505173 5.3728162 7.7630499 2.5443399 1.7244075 0.0000010 2.0062795 2.0688798 1.8221925 1.3502199 1.6304701 0.0266254 0.3130349 0.3911001 0.3767261 0.8081400 0.3386075 0.0000000 0.8559451 0.8572725 1.3767509 1.6560507 1.4391297 1.8100127 1.5383661 1.7902669 1.5475525 1.6038594 1.4962161 1.4962161 1.6413949 1.6413949 1.6663431 1.5913533 2.0597036 2.0597036 1.7684186 1.7446233 1.5227166 1.6276632 1.6658989 1.7189759 2.6237677 1.7658120 1.6383604 1.8334335 1.8075697 1.7154246 1.5761351 2.0326055 1.8884644 1.2819610 1.9666595 1.6512780 1.6278542 2.3454088 1.9324762 1.7372467 1.9731129 1.9823575 2.1963095 1.8381596 2.2445584 2.0118079 1.7647452 2.2999452 
Nvec_v1g247474                                         1.8210087 2.3561264 2.4114058 2.3847908 1.8503692 1.7292748 2.1546244 2.2981269 2.6359651 1.1021825 1.1544915 0.7568234 0.6838607 0.6649882 0.7248896 0.8266486 0.7920164 0.8559451 0.0000000 0.6002566 1.2711933 1.6197655 1.4921565 1.7910116 2.2049672 2.2073542 2.0252412 2.1583796 1.9576791 1.9052359 1.8977105 1.8335677 2.3193593 2.2413185 1.9296830 2.0186801 2.1986921 2.0953197 2.1551891 1.8960700 2.0405751 1.9276924 2.4752056 2.0858211 1.4767185 1.5082355 1.4909138 1.4929227 1.5003974 1.9395090 1.5522927 1.7225517 1.5789839 1.4824642 1.8160130 1.9844522 1.9887892 1.5842016 1.6014318 1.6674720 1.6599408 1.5459157 1.6986942 2.4062537 1.9838100 2.0955511 
Exapal_XM_021047968.2                                  2.0203662 2.4902323 2.5575605 2.3075640 1.8637143 1.7807628 1.9676924 2.4231054 2.3877239 1.0337032 1.0394069 0.7198470 0.6853570 0.7122699 0.7025971 0.8337005 0.7221454 0.8572725 0.6002566 0.0000000 1.2574686 1.5721852 1.3904500 1.6540678 2.3665700 2.0566826 2.0065116 2.1943414 1.9410884 1.9118215 1.7612850 1.6777278 2.0944851 2.0719020 1.8407798 1.8087270 2.3063879 2.0141287 1.9793074 1.7408072 1.8277606 1.9085548 2.2635380 1.9184457 1.3030999 1.5170021 1.5145088 1.5015252 1.4633024 2.0722377 1.6558108 1.7493692 1.4846139 1.3347546 1.7451695 1.9375616 1.9240208 1.5137106 1.5531596 1.5474228 1.5582531 1.4840811 1.6354794 2.5526807 1.8971013 2.0040410 
Bralan_BLAG06000948_1                                  1.8692085 2.1906704 2.2902596 2.1998664 1.6332052 1.5529912 1.9099240 1.7757160 2.4338722 1.7837351 1.6300237 1.2964740 1.1213073 1.0965122 1.1381604 1.3123369 1.2425482 1.3767509 1.2711933 1.2574686 0.0000000 1.1122632 1.1110565 1.5416380 2.2191369 2.4888371 2.1247207 2.2552031 1.7354669 1.6910231 1.9037305 1.8775862 2.0983208 2.1907871 1.7618546 1.7880655 2.3584245 1.9775961 2.2036058 1.5361349 1.5321181 1.7270824 2.0508816 1.5586162 1.4820501 1.6324569 1.6453653 1.7279276 1.6894617 1.9043060 1.1339512 1.4260892 1.7136274 1.6750621 1.5655278 1.8260509 1.7563246 1.6832489 1.6609551 1.6919118 1.6606329 1.6713421 1.8039999 2.0786544 1.9010991 2.0171024 
Acagra_model.g9359.t1                                  2.0631391 2.2986556 2.0554123 2.1498031 1.8133114 1.9359299 2.1466966 2.2159552 2.3339063 1.6637745 1.6897932 1.4533081 1.4241000 1.3680738 1.4034931 1.7858046 1.4246160 1.6560507 1.6197655 1.5721852 1.1122632 0.0000000 1.4551410 1.0939993 2.0536988 2.4202197 2.0739199 2.2752616 1.8782823 1.8143658 2.1044847 2.0180261 2.2382116 2.1420582 1.8300839 1.7946210 2.3962182 2.0648551 2.3819345 1.8104292 1.7222419 1.8079178 2.1010263 1.7159498 1.9372615 1.9418299 1.9698188 1.7558391 1.7569493 1.9561488 1.4670528 1.4431873 1.8756490 1.9450937 1.5977653 1.8832403 1.6375567 1.7000612 1.7765685 1.7315478 1.7526201 1.8061815 1.9428771 1.8471608 1.9405998 2.2702489 
Hsap_ENST00000324849                                   2.0159879 2.4030778 2.6647144 2.3512691 1.9720499 2.1540642 2.1815535 1.9452171 2.3250574 2.1414760 1.9813006 1.4375230 1.4250072 1.2852187 1.3481491 1.6099091 1.4042326 1.4391297 1.4921565 1.3904500 1.1110565 1.4551410 0.0000000 1.5508671 2.6235148 2.3706683 2.2386610 2.3594366 1.8258291 1.8158777 1.9487460 1.8266832 2.3729708 2.1571623 1.7784448 1.8173168 2.3213812 2.0713175 2.1030889 1.4745210 1.5913782 1.5853042 2.0774518 1.6441890 1.9734445 1.8196684 1.8422064 1.9399229 1.9940332 2.1718100 1.6591451 1.4512486 1.8093175 1.8732320 1.7273537 1.9277892 1.7692816 1.9849000 2.0815407 1.9614348 2.0220281 1.9521099 2.1552211 1.9578546 2.0183011 2.3180705 
Cgig_XM_011442876.3                                    2.2363132 2.8181261 2.7077301 2.7101192 2.0952853 2.2484364 2.5187905 2.5701750 2.8616664 2.3637461 2.2887507 1.6365044 1.7632064 1.6727040 1.7428549 2.1166822 1.6884083 1.8100127 1.7910116 1.6540678 1.5416380 1.0939993 1.5508671 0.0000000 2.5076718 2.8208766 2.3713978 2.5378737 2.3347494 2.2788136 2.3575829 2.3400956 2.6555557 2.5267873 2.3433408 2.2461938 2.7357728 2.4314786 2.8157587 2.1842983 2.2686050 2.4671317 2.6240468 2.1494998 2.0116359 2.0053236 2.0491985 1.9829379 2.2518493 2.3359295 1.8227197 1.9847244 2.3372758 1.9940370 2.1641501 2.1489336 2.0854337 1.9849663 1.9262284 2.0666236 2.0825219 1.9806182 2.0862448 2.1837180 2.5088416 2.1244360 
Pbac_sb2639813                                         2.5844256 3.2389841 3.0746744 3.7718327 2.2232118 2.8143639 2.5686758 2.8511397 2.1353188 3.6022334 3.4385777 2.1470022 2.1509176 2.1043295 2.1215535 2.3405741 1.9642022 1.5383661 2.2049672 2.3665700 2.2191369 2.0536988 2.6235148 2.5076718 0.0000000 0.3264833 0.1747674 0.6867133 0.5833265 0.5833265 0.7272159 0.6547463 0.9081486 0.7407886 0.7209217 0.7209217 0.7302391 0.9400341 0.8751156 2.2738740 1.9690715 1.9973623 1.9442976 1.7534924 2.0348126 2.4252199 2.4252199 2.7633944 2.4624201 2.3377813 2.5976284 2.6239707 3.2329221 2.3062612 2.2023802 2.9677013 2.6871949 2.2194649 2.2102631 2.2338018 2.2249109 2.2631251 2.2631251 2.3066396 2.8299628 3.0517620 
Pbac_sb2661988                                         3.6346234 4.4409149 4.7175105 3.7057499 2.5083259 5.2059160 3.3639491 2.7584874 2.4527677 2.7766797 2.1286883 1.8168861 2.5141099 2.2949768 2.2758330 3.1764578 2.0795173 1.7902669 2.2073542 2.0566826 2.4888371 2.4202197 2.3706683 2.8208766 0.3264833 0.0000000 0.2715461 0.6795228 0.6801330 0.6695645 0.7990106 0.7422615 0.8786657 0.9131086 0.7377416 0.7286424 0.7347787 0.8819514 0.8101554 1.9962324 2.0663534 1.9448931 2.4059246 2.1105702 2.4953180 2.5177057 2.5162513 2.6462763 2.4228033 2.3975561 2.7741314 2.3601027 2.7755777 2.5007813 2.6500152 2.8953552 2.4480111 2.9119153 2.7254506 2.9300323 2.6568790 2.9894710 3.1639727 2.2635596 2.8195630 3.0066782 
Horcal_Hcv1.av93.c7.g644.i1                            2.7973674 3.2408245 3.1479183 2.9600908 2.5432396 6.0175849 3.0441839 2.7028842 2.2028783 3.6929972 3.7058521 2.2177565 2.1028726 1.7967308 1.9191050 2.7783329 1.9469261 1.5475525 2.0252412 2.0065116 2.1247207 2.0739199 2.2386610 2.3713978 0.1747674 0.2715461 0.0000000 0.6021998 0.4515566 0.4347614 0.6185985 0.6025617 0.7238972 0.7588827 0.6243269 0.6064098 0.6124480 0.7031931 0.7477395 1.6165619 1.6299234 1.5945468 1.9496957 1.5366314 2.4043480 2.6885260 2.6915146 2.7528193 2.4430159 2.6598486 2.7897231 1.8590684 2.9335518 2.5461047 2.5191563 2.4447451 1.7772949 2.3862294 2.3641561 2.5049132 2.4935321 2.5608579 2.8308728 1.9348383 2.0843043 2.6732856 
Mlei_ML0863.g2.i1                                      3.2196353 3.8665872 3.5603716 3.2025067 2.5416958 8.9999989 3.1929368 2.1961808 1.9578605 2.9010019 2.9757849 2.3550753 2.2314426 2.0839210 2.0816831 2.9252633 2.2159702 1.6038594 2.1583796 2.1943414 2.2552031 2.2752616 2.3594366 2.5378737 0.6867133 0.6795228 0.6021998 0.0000000 0.3782027 0.3766650 0.4449466 0.3899587 0.5987930 0.5682461 0.5405739 0.4800991 0.4598017 0.5400081 0.4982059 1.4345444 1.4866416 1.4318814 1.6989282 1.5085768 3.0402277 2.9796559 2.9526904 2.9582224 2.7616002 3.1768495 2.7373357 1.8863586 3.1837767 2.9520431 3.2660143 2.5827379 1.8604007 2.7102902 2.7202636 2.9987264 3.0106492 2.7324560 2.9672555 1.6307089 2.0705839 3.1763345 
Mertsp_Mesp_sb586383                                   2.6197244 2.8855352 2.7213791 2.6332363 1.9399979 3.9742483 2.2874729 2.0701579 1.9595460 3.5587667 3.4079855 1.8416243 1.6937671 1.6158049 1.5701705 2.5165456 1.6597985 1.4962161 1.9576791 1.9410884 1.7354669 1.8782823 1.8258291 2.3347494 0.5833265 0.6801330 0.4515566 0.3782027 0.0000000 0.0050380 0.3704915 0.3532590 0.5090013 0.4987850 0.5326988 0.4926584 0.4634032 0.4671466 0.4434005 1.5081809 1.4386042 1.4621662 1.8697761 1.6085262 2.1419352 2.2234180 2.2221450 2.4714860 2.1800303 2.3716554 2.2137187 1.5441755 2.7860846 2.2361462 2.2410755 2.1809664 1.7039309 2.1990827 2.2687681 2.3078350 2.2081111 2.3097558 2.5501860 1.8281107 1.9502843 2.3361670 
Mertsp_Mesp_sb586384                                   2.3368313 3.0396256 2.9110820 2.7053980 1.9987948 8.7006566 2.2737149 2.0701579 1.9593287 4.4649245 4.1234396 1.8134191 1.7056394 1.5617811 1.5441188 2.4879766 1.6529536 1.4962161 1.9052359 1.9118215 1.6910231 1.8143658 1.8158777 2.2788136 0.5833265 0.6695645 0.4347614 0.3766650 0.0050380 0.0000000 0.3619306 0.3619306 0.4983792 0.4879042 0.5139521 0.4926584 0.4590216 0.4740099 0.4312899 1.5081809 1.4386042 1.4621662 1.8697761 1.5903541 2.0973000 2.1639835 2.1627307 2.4250520 2.1387664 2.2805942 2.1104793 1.5201887 2.6780797 2.1743574 2.2077747 2.1521136 1.7007029 2.1269259 2.1843199 2.2434315 2.1362044 2.2509529 2.4830988 1.8281107 1.9502843 2.2933752 
Drygla_Dgla_sb304443                                   2.5839567 2.9563397 2.9538353 2.9419797 2.0939539 4.6528574 2.6627148 2.2398318 1.9658077 3.6346223 3.6363869 2.0479442 1.9479884 1.8436323 1.8904147 2.6688528 2.0491021 1.6413949 1.8977105 1.7612850 1.9037305 2.1044847 1.9487460 2.3575829 0.7272159 0.7990106 0.6185985 0.4449466 0.3704915 0.3619306 0.0000000 0.0148415 0.6040586 0.6717417 0.6524879 0.6032941 0.5039047 0.6333398 0.5140880 1.5526200 1.5599344 1.5281027 1.9417942 1.5994500 2.3768819 2.4798501 2.4785840 2.6533680 2.2237725 2.7982478 2.2465410 1.5981366 2.9446199 2.3586177 2.5323430 2.1684746 1.8582135 2.2274428 2.2812033 2.4151730 2.3562597 2.2558766 2.5101162 2.1237773 2.1092710 2.4285894 
Drygla_Dgla_sb304444                                   2.5446329 2.6345598 2.8079565 2.8370825 2.0860856 5.4260221 2.6005884 2.2398318 2.0039563 3.6346223 3.6363869 1.9695595 1.9216953 1.7832644 1.8374809 2.6311856 1.9772106 1.6413949 1.8335677 1.6777278 1.8775862 2.0180261 1.8266832 2.3400956 0.6547463 0.7422615 0.6025617 0.3899587 0.3532590 0.3619306 0.0148415 0.0000000 0.5513231 0.6079234 0.6373309 0.6032941 0.4570930 0.6534430 0.4351562 1.5526200 1.5599344 1.5281027 1.9417942 1.5912165 2.3170742 2.4749512 2.4736055 2.6008911 2.2107483 2.6913168 2.2286558 1.5256423 2.9118719 2.2414431 2.4699591 2.1421337 1.8197444 2.1263225 2.1655812 2.2760858 2.2004087 2.1798826 2.4345348 2.1237773 2.1092710 2.3585370 
Vmul_Simscaffold16298_01                               3.1175449 3.8114719 3.5532644 3.2739856 2.5746129 6.0869497 3.0451575 2.3977178 2.3017910 3.3649752 3.4251545 2.2157710 2.1008589 1.9539655 2.0518933 2.6962057 2.0111414 1.6663431 2.3193593 2.0944851 2.0983208 2.2382116 2.3729708 2.6555557 0.9081486 0.8786657 0.7238972 0.5987930 0.5090013 0.4983792 0.6040586 0.5513231 0.0000000 0.4363025 0.4251950 0.3829336 0.7252810 0.7264936 0.6517238 1.5728218 1.5161365 1.4756636 1.8328936 1.6375438 2.7016155 2.7792975 2.7929071 2.8287276 2.7381250 2.9868788 2.7901596 1.8187732 3.0623613 2.6006335 2.5688215 2.3448872 1.7347186 2.7372710 2.7580599 2.9080973 2.8787842 2.8032523 3.0636332 1.8425320 2.4584081 2.8120581 
Coemet_Cmet_scaffold17648_01                           3.2837333 3.9390989 3.2881298 3.2838789 2.5995036 6.2353698 2.9580843 2.4118729 1.9588752 3.7983640 3.7072630 2.1923956 2.1643964 1.9942412 2.0177156 2.7149932 1.9482384 1.5913533 2.2413185 2.0719020 2.1907871 2.1420582 2.1571623 2.5267873 0.7407886 0.9131086 0.7588827 0.5682461 0.4987850 0.4879042 0.6717417 0.6079234 0.4363025 0.0000000 0.0678767 0.0761741 0.6318273 0.6787837 0.6460319 1.4292716 1.4815103 1.5359989 1.6071212 1.5866591 2.4020694 2.8837576 2.8747909 2.9921665 2.6703580 3.1932439 2.4991758 1.6889598 2.9460499 2.7000427 2.5856950 2.3079206 1.7770933 2.5343049 2.6722055 2.7236554 2.6225001 2.5637043 2.8010432 1.9167792 2.3310548 2.8504544 
Coeast_Cast_sb787755                                   1.9976266 2.3637787 2.1880013 2.4589464 1.9254040 2.6848107 2.2578429 2.4647332 1.8320821 2.6348632 2.3729567 2.1548461 2.0029531 2.0383751 1.8728092 2.3441151 1.9791760 2.0597036 1.9296830 1.8407798 1.7618546 1.8300839 1.7784448 2.3433408 0.7209217 0.7377416 0.6243269 0.5405739 0.5326988 0.5139521 0.6524879 0.6373309 0.4251950 0.0678767 0.0000000 0.0122684 0.5643320 0.6546924 0.6051695 1.4578471 1.4433739 1.4004678 1.5854854 1.5785381 2.0376535 2.2660946 2.2646964 2.5763181 2.1896736 2.5590962 1.9473712 1.5007494 2.4103087 2.1538204 2.2324264 1.8336130 1.7504677 2.1418779 2.1997848 2.2836656 2.0896546 2.2971386 2.5097009 1.8679673 1.9480170 2.1449265 
Coeast_Cast_sb787756                                   1.8197976 2.2761299 2.1975997 2.4775019 1.9683002 1.7985973 2.3138869 2.4647332 1.8469712 3.2776704 2.7947328 2.2127213 1.9500916 2.0224376 1.8577129 2.3285993 1.9698342 2.0597036 2.0186801 1.8087270 1.7880655 1.7946210 1.8173168 2.2461938 0.7209217 0.7286424 0.6064098 0.4800991 0.4926584 0.4926584 0.6032941 0.6032941 0.3829336 0.0761741 0.0122684 0.0000000 0.5253598 0.6034672 0.5657663 1.4578471 1.4433739 1.4004678 1.5854854 1.6164625 2.0009170 2.2298868 2.2284751 2.5236358 2.1789382 2.4584820 2.0074120 1.4928322 2.3455528 2.2231818 2.3072743 1.8343547 1.7144614 2.1288548 2.1547616 2.2870257 2.0822359 2.2938295 2.5186565 1.8679673 1.9355202 2.1650775 
Lampan_Lpan_6355_01                                    3.4602919 3.4142856 3.0322991 2.8336563 2.5999881 6.0506575 3.2200413 2.4541434 2.1493023 3.1208152 3.4861296 2.1702767 2.3006374 2.0822042 2.1684451 3.0309214 2.1365292 1.7684186 2.1986921 2.3063879 2.3584245 2.3962182 2.3213812 2.7357728 0.7302391 0.7347787 0.6124480 0.4598017 0.4634032 0.4590216 0.5039047 0.4570930 0.7252810 0.6318273 0.5643320 0.5253598 0.0000000 0.5594540 0.5586645 1.6407315 1.6606101 1.5869189 1.9598094 1.5760118 2.6984927 2.9624554 2.9687846 2.9454802 2.7591099 2.9564738 2.8616948 1.9427057 3.1330286 2.8441711 3.0405511 2.6267641 1.8632168 2.7448084 2.8239761 2.8621591 2.8236893 2.7861569 3.1004754 1.9030519 2.1954437 3.0847740 
Eupdun_Edun_sb10645419                                 3.1571881 2.9109675 2.6896656 2.7773436 2.1640895 2.7142142 2.5607928 2.3278978 2.3706671 2.9459930 3.1883277 2.0807552 2.1133931 1.8795356 2.0195534 2.8830002 2.0101449 1.7446233 2.0953197 2.0141287 1.9775961 2.0648551 2.0713175 2.4314786 0.9400341 0.8819514 0.7031931 0.5400081 0.4671466 0.4740099 0.6333398 0.6534430 0.7264936 0.6787837 0.6546924 0.6034672 0.5594540 0.0000000 0.6154868 1.2807011 1.3160261 1.2942291 1.7673512 1.5547167 2.5290192 2.4399533 2.4279251 2.4222700 2.4709945 3.0029991 2.4236329 1.7368009 2.6908436 2.3289886 2.8047678 2.3721630 1.7520321 2.3852654 2.4167268 2.5023920 2.3637429 2.5195536 2.7208949 1.9374028 2.1659303 3.0164452 
Beraby_Baby_sb341966                                   2.8215335 3.2400049 2.6922563 2.7700994 2.2574207 4.7951149 2.7159226 2.2055566 2.2593106 3.5004484 3.9542537 2.1220115 1.8800526 1.7481871 1.7898955 2.4790393 1.8196954 1.5227166 2.1551891 1.9793074 2.2036058 2.3819345 2.1030889 2.8157587 0.8751156 0.8101554 0.7477395 0.4982059 0.4434005 0.4312899 0.5140880 0.4351562 0.6517238 0.6460319 0.6051695 0.5657663 0.5586645 0.6154868 0.0000000 1.5418633 1.5742900 1.4617891 1.9889922 1.4881462 2.6430823 2.6715458 2.6611536 2.8031982 2.7476298 3.1109906 2.6132498 1.7809420 2.8370843 2.6251992 2.9029743 2.3216387 1.7010394 2.4517818 2.4116171 2.6809930 2.6282481 2.6280280 2.8654031 1.8692808 2.0786443 2.7280522 
Lcom_lcpid128041                                       1.9353181 2.8622399 3.5016100 2.4019632 1.8474680 0.0000010 2.1853139 2.3411028 1.9232812 3.1846767 1.4841740 1.5209822 1.7737531 1.9091588 1.8835319 2.4815846 1.7379479 1.6276632 1.8960700 1.7408072 1.5361349 1.8104292 1.4745210 2.1842983 2.2738740 1.9962324 1.6165619 1.4345444 1.5081809 1.5081809 1.5526200 1.5526200 1.5728218 1.4292716 1.4578471 1.4578471 1.6407315 1.2807011 1.5418633 0.0000000 0.2769806 0.3909210 0.6343186 1.0734123 2.1708446 2.1153500 2.1398318 2.3364366 2.1226843 2.6851250 1.9635630 1.5441519 2.2285538 1.9769016 2.2348774 2.0843733 1.5885822 1.9758779 2.0920733 2.1520738 2.2893013 2.1304813 2.5590527 2.2800706 2.5907680 2.1670799 
Leuniv_Lniv_C798740_01                                 2.0551422 3.1182176 3.8744262 2.5919287 1.9121363 0.0000010 2.3744886 2.2660117 2.1333074 2.9416778 1.0006610 1.6227305 1.8926073 2.0133359 1.9564615 2.6450713 1.8233649 1.6658989 2.0405751 1.8277606 1.5321181 1.7222419 1.5913782 2.2686050 1.9690715 2.0663534 1.6299234 1.4866416 1.4386042 1.4386042 1.5599344 1.5599344 1.5161365 1.4815103 1.4433739 1.4433739 1.6606101 1.3160261 1.5742900 0.2769806 0.0000000 0.3814636 0.5311012 1.0874693 2.3215027 2.3450564 2.3721928 2.5842521 2.0617969 2.5034129 2.2031699 1.5324975 2.3504935 2.0771475 2.2143372 2.1916595 1.6303177 1.9919427 2.1854498 2.2090669 2.2726494 2.2230930 2.6163258 2.2165431 2.2896501 2.1175566 
Gracom_Gcom_scaffold11540_01                           1.8596663 2.1941868 2.6118688 1.9977779 1.8095793 0.0000010 2.0306919 2.2344299 1.8857723 0.5330134 1.0396797 1.4408384 1.7195180 1.9096425 1.9843866 2.4649733 1.7084065 1.7189759 1.9276924 1.9085548 1.7270824 1.8079178 1.5853042 2.4671317 1.9973623 1.9448931 1.5945468 1.4318814 1.4621662 1.4621662 1.5281027 1.5281027 1.4756636 1.5359989 1.4004678 1.4004678 1.5869189 1.2942291 1.4617891 0.3909210 0.3814636 0.0000000 0.6267777 1.1326799 2.2156082 2.1322019 2.1306781 2.2358881 1.9055743 2.3528066 2.1496714 1.5341208 2.2560083 1.8945971 2.1873598 1.9854831 1.4961087 1.9713230 2.1695541 2.1774304 2.2616270 2.2573077 2.5719280 2.1840297 2.6276575 2.2439521 
Scil_scict009409.2                                     1.3418652 2.9711798 3.6747508 2.9116342 2.4930317 0.0000010 2.8012656 2.9783982 2.3406228 3.0841532 1.4389002 1.7440449 2.3859898 2.5267156 2.4852808 3.2738003 2.3611702 2.6237677 2.4752056 2.2635380 2.0508816 2.1010263 2.0774518 2.6240468 1.9442976 2.4059246 1.9496957 1.6989282 1.8697761 1.8697761 1.9417942 1.9417942 1.8328936 1.6071212 1.5854854 1.5854854 1.9598094 1.7673512 1.9889922 0.6343186 0.5311012 0.6267777 0.0000000 1.3047545 2.7142886 2.8417284 2.8482272 2.7222199 2.3214150 2.8659716 2.9676336 2.0964761 2.7622677 2.4378356 2.4816549 2.1970740 1.6753298 2.1412339 2.3505720 2.3056463 2.4717538 2.3110415 2.7313693 2.7365118 3.0306489 2.5569309 
Clacor_Ccor_scaffold14186_01                           2.4921765 2.4382964 2.7915437 2.1900270 1.9225977 4.3942931 2.4434428 2.6538505 2.0908883 2.1674056 1.8335934 1.6599716 1.9036608 1.9988490 1.8873964 2.2392956 1.8928235 1.7658120 2.0858211 1.9184457 1.5586162 1.7159498 1.6441890 2.1494998 1.7534924 2.1105702 1.5366314 1.5085768 1.6085262 1.5903541 1.5994500 1.5912165 1.6375438 1.5866591 1.5785381 1.6164625 1.5760118 1.5547167 1.4881462 1.0734123 1.0874693 1.1326799 1.3047545 0.0000000 2.5704409 2.1193561 2.1399985 2.5310536 2.3583117 2.3762995 2.1817200 1.5807350 2.7513916 2.1247366 2.0737720 2.0190743 1.5715338 2.0757614 2.1327559 2.2524384 2.2534044 2.1336717 2.3586177 2.0030393 2.3593134 2.5184757 
Hvul_g16535_1                                          2.1551191 2.4914672 2.4355564 2.5165002 2.1094978 1.5019127 1.9727010 2.1859651 2.6858931 1.8051636 1.6791732 1.5296792 1.3136579 1.3928867 1.3318647 1.5086165 1.4379974 1.6383604 1.4767185 1.3030999 1.4820501 1.9372615 1.9734445 2.0116359 2.0348126 2.4953180 2.4043480 3.0402277 2.1419352 2.0973000 2.3768819 2.3170742 2.7016155 2.4020694 2.0376535 2.0009170 2.6984927 2.5290192 2.6430823 2.1708446 2.3215027 2.2156082 2.7142886 2.5704409 0.0000000 1.1396959 1.1381495 1.4851693 1.5476882 1.5845262 1.7145559 2.1817761 1.8690054 1.5146073 1.9410105 2.2727843 2.2667591 1.8830904 1.8871569 1.8987819 1.9265822 1.9015626 2.0258667 2.4095735 2.7141981 2.2733718 
Chem_TCONS_00039957                                    2.5474391 2.8526466 2.6251752 2.4915376 2.2239059 1.8790782 2.2579101 2.6640000 2.5323520 2.2321969 2.0810102 1.5391233 1.6632891 1.5543270 1.5693268 1.8648670 1.6236629 1.8334335 1.5082355 1.5170021 1.6324569 1.9418299 1.8196684 2.0053236 2.4252199 2.5177057 2.6885260 2.9796559 2.2234180 2.1639835 2.4798501 2.4749512 2.7792975 2.8837576 2.2660946 2.2298868 2.9624554 2.4399533 2.6715458 2.1153500 2.3450564 2.1322019 2.8417284 2.1193561 1.1396959 0.0000000 0.0156637 1.4267061 1.4164221 1.6264777 1.9254584 2.0913353 2.0377660 1.5549249 2.0429433 2.2004537 2.1227551 2.0790176 2.1597057 2.0678548 2.1000325 2.0763094 2.2631993 2.5436891 2.9660996 2.3013762 
Chem_TCONS_00072635                                    2.5593995 2.8672171 2.6630846 2.4949477 2.2167326 1.8496059 2.2400522 2.6219153 2.5308135 2.1799998 2.0331570 1.5265507 1.6418052 1.5481186 1.5632859 1.8569963 1.5959880 1.8075697 1.4909138 1.5145088 1.6453653 1.9698188 1.8422064 2.0491985 2.4252199 2.5162513 2.6915146 2.9526904 2.2221450 2.1627307 2.4785840 2.4736055 2.7929071 2.8747909 2.2646964 2.2284751 2.9687846 2.4279251 2.6611536 2.1398318 2.3721928 2.1306781 2.8482272 2.1399985 1.1381495 0.0156637 0.0000000 1.4134092 1.4098795 1.6101745 1.8982518 2.0640397 2.0456989 1.5486606 2.0385983 2.1992839 2.1114635 2.0753079 2.1672614 2.0745009 2.1073550 2.0826878 2.2702064 2.5278628 2.9610524 2.2986666 
Aaur_scaffold186.g3.t1                                 2.8390499 2.6283933 2.4623142 2.6367439 2.0244793 1.6663501 1.8438914 2.2337162 2.2268696 1.6483190 1.7242211 1.2573459 1.6708091 1.5899308 1.6170431 1.9968197 1.6155878 1.7154246 1.4929227 1.5015252 1.7279276 1.7558391 1.9399229 1.9829379 2.7633944 2.6462763 2.7528193 2.9582224 2.4714860 2.4250520 2.6533680 2.6008911 2.8287276 2.9921665 2.5763181 2.5236358 2.9454802 2.4222700 2.8031982 2.3364366 2.5842521 2.2358881 2.7222199 2.5310536 1.4851693 1.4267061 1.4134092 0.0000000 0.7350538 1.1973130 2.0942621 2.0256482 1.7792948 1.5546929 1.7863912 2.2421314 2.4057463 1.9360115 1.9538033 2.0293965 2.0278462 2.0242743 2.1905988 2.1254692 2.8092264 2.2760236 
Rhoesc_Res_012380-T1                                   2.3279280 2.7516347 2.3899155 2.5501999 2.0255851 2.2308095 2.0664787 2.1180435 2.3066569 1.6811335 1.8052755 1.2957221 1.5241132 1.4426753 1.5164076 1.8441455 1.5228782 1.5761351 1.5003974 1.4633024 1.6894617 1.7569493 1.9940332 2.2518493 2.4624201 2.4228033 2.4430159 2.7616002 2.1800303 2.1387664 2.2237725 2.2107483 2.7381250 2.6703580 2.1896736 2.1789382 2.7591099 2.4709945 2.7476298 2.1226843 2.0617969 1.9055743 2.3214150 2.3583117 1.5476882 1.4164221 1.4098795 0.7350538 0.0000000 1.0758082 1.8172014 2.0080232 1.8844895 1.6220017 1.8967362 2.2872227 2.2577981 1.9876036 2.0802036 2.1610100 2.2322118 1.9708002 2.1117380 1.8810289 2.8654881 2.2563290 
Sanmal_Sma_017075-T1                                   2.7542672 2.8298540 2.9267517 2.6647690 2.2776287 2.4402063 2.1503840 2.1904768 2.3810429 1.8908236 1.7719599 1.6405323 1.9778935 1.8862921 1.9260078 2.3339739 2.0214785 2.0326055 1.9395090 2.0722377 1.9043060 1.9561488 2.1718100 2.3359295 2.3377813 2.3975561 2.6598486 3.1768495 2.3716554 2.2805942 2.7982478 2.6913168 2.9868788 3.1932439 2.5590962 2.4584820 2.9564738 3.0029991 3.1109906 2.6851250 2.5034129 2.3528066 2.8659716 2.3762995 1.5845262 1.6264777 1.6101745 1.1973130 1.0758082 0.0000000 2.2570626 2.3919132 2.2488087 1.7364183 2.0310298 2.5563083 2.7867808 2.1402143 2.1508393 2.1966092 2.2271560 2.1446263 2.3243356 1.9622290 3.0619547 2.7493472 
Ctel_gnl_WGS_AMQN_CAPTEDRAFT_mRNA190912                2.1649764 2.2890546 2.2727841 2.3603385 1.9256629 1.5933153 1.8531700 1.7767366 2.3453786 2.6014784 2.6620036 1.8594137 1.4979962 1.4473439 1.5460426 1.6616689 1.4795324 1.8884644 1.5522927 1.6558108 1.1339512 1.4670528 1.6591451 1.8227197 2.5976284 2.7741314 2.7897231 2.7373357 2.2137187 2.1104793 2.2465410 2.2286558 2.7901596 2.4991758 1.9473712 2.0074120 2.8616948 2.4236329 2.6132498 1.9635630 2.2031699 2.1496714 2.9676336 2.1817200 1.7145559 1.9254584 1.8982518 2.0942621 1.8172014 2.2570626 0.0000000 1.6394000 1.7253477 1.6234613 1.9477412 2.0113510 2.0305330 1.7723382 1.7090839 1.8209472 1.7610772 1.9471032 1.8953444 2.1764826 2.0331677 2.2258623 
Skow_XM_006816899.1                                    2.3243655 2.8341328 2.9591979 2.5522351 1.7315712 2.3974815 2.1356028 1.6139866 2.0273562 2.8023057 2.4715779 1.4755554 1.4531125 1.5266249 1.5420827 2.0054541 1.4703646 1.2819610 1.7225517 1.7493692 1.4260892 1.4431873 1.4512486 1.9847244 2.6239707 2.3601027 1.8590684 1.8863586 1.5441755 1.5201887 1.5981366 1.5256423 1.8187732 1.6889598 1.5007494 1.4928322 1.9427057 1.7368009 1.7809420 1.5441519 1.5324975 1.5341208 2.0964761 1.5807350 2.1817761 2.0913353 2.0640397 2.0256482 2.0080232 2.3919132 1.6394000 0.0000000 2.5224500 2.2299685 1.6495595 2.1966956 1.5808651 1.7346122 1.9144075 1.9715484 1.9964852 2.0299193 2.3074505 1.7952519 2.1490527 2.3372574 
Dgig_XM_028549824.1                                    2.2789633 2.6696558 2.5296820 2.6341374 2.2939501 1.9460579 2.3903355 2.9089508 3.0572106 1.4554934 1.4138462 1.3223686 1.4101400 1.5155539 1.5169637 1.6675601 1.4935694 1.9666595 1.5789839 1.4846139 1.7136274 1.8756490 1.8093175 2.3372758 3.2329221 2.7755777 2.9335518 3.1837767 2.7860846 2.6780797 2.9446199 2.9118719 3.0623613 2.9460499 2.4103087 2.3455528 3.1330286 2.6908436 2.8370843 2.2285538 2.3504935 2.2560083 2.7622677 2.7513916 1.8690054 2.0377660 2.0456989 1.7792948 1.8844895 2.2488087 1.7253477 2.5224500 0.0000000 1.6874636 2.2683625 2.3746364 2.2710743 2.1054406 2.1520479 2.1353196 2.0566041 2.0207355 2.1628198 2.7189203 2.7846377 2.5561918 
Morvir_scaffold352.g6.t1                               2.8218680 2.7294361 2.7284387 2.8387454 2.3863761 2.0436215 2.4266868 2.7616690 3.0349723 1.6053116 1.6156639 1.3048599 1.3914027 1.3925724 1.4026096 1.5156332 1.5135533 1.6512780 1.4824642 1.3347546 1.6750621 1.9450937 1.8732320 1.9940370 2.3062612 2.5007813 2.5461047 2.9520431 2.2361462 2.1743574 2.3586177 2.2414431 2.6006335 2.7000427 2.1538204 2.2231818 2.8441711 2.3289886 2.6251992 1.9769016 2.0771475 1.8945971 2.4378356 2.1247366 1.5146073 1.5549249 1.5486606 1.5546929 1.6220017 1.7364183 1.6234613 2.2299685 1.6874636 0.0000000 2.1413863 2.1470106 2.1452285 1.9925783 2.0833684 2.1425718 2.1166485 2.0393395 2.2255093 2.4092438 2.6244763 2.3823502 
Spur_XM_030980275.1                                    2.4924993 2.7840491 2.9699604 2.6242849 2.1592900 2.1572702 2.5685385 2.5190823 2.7517206 2.3934766 2.2594819 1.6019622 1.6479895 1.5045923 1.5951250 1.9005790 1.6520254 1.6278542 1.8160130 1.7451695 1.5655278 1.5977653 1.7273537 2.1641501 2.2023802 2.6500152 2.5191563 3.2660143 2.2410755 2.2077747 2.5323430 2.4699591 2.5688215 2.5856950 2.2324264 2.3072743 3.0405511 2.8047678 2.9029743 2.2348774 2.2143372 2.1873598 2.4816549 2.0737720 1.9410105 2.0429433 2.0385983 1.7863912 1.8967362 2.0310298 1.9477412 1.6495595 2.2683625 2.1413863 0.0000000 2.1197339 1.9433005 1.8758221 1.9886658 2.0534624 1.9789265 2.0211724 2.1879082 2.4843442 2.2997597 2.1236516 
