72
Lcom_lcpid41446                                                   0.0000000 0.8157126 0.7539511 1.0085263 1.2954638 1.1868059 2.2421762 2.2421762 2.0822254 2.4485170 2.2070736 2.1689815 2.3653479 2.3802298 2.3867158 2.3315400 2.2811221 2.4531646 2.4779928 2.5962234 2.4053224 2.3272215 2.4889622 2.3704517 2.4507058 2.3589375 2.3970796 2.4363361 2.3967475 2.3736838 2.7106497 2.8272995 2.3855100 2.0313569 2.6042877 2.4828797 2.5658445 2.5665399 2.7637176 2.4850070 2.3296877 2.4097468 2.5325168 2.6411584 2.6240881 2.2517717 2.7900665 2.9978283 2.7502144 2.8357326 2.8151590 3.0287011 3.1614196 3.3827264 2.7989199 2.9996128 2.9407686 2.9873644 2.7529582 3.1465221 3.1367851 3.1929785 3.2115238 3.2055936 3.3928513 2.9866891 3.0970445 3.4532961 3.3266251 3.7699563 3.3935441 4.4039341 
Scil_scict008986.2                                                0.8157126 0.0000000 0.7303619 0.8920764 1.0297149 1.2308200 2.2012885 2.2012885 1.8709708 2.0601818 1.9597794 1.9531106 1.9424324 1.9523426 2.1036302 1.9914798 1.8876777 1.9073811 2.0232821 2.0046313 2.1253403 2.1419016 1.9838884 2.0748666 2.2062761 2.1877127 2.2727546 2.1188033 2.4057307 2.2339247 2.1160918 2.2864475 1.8403812 2.1930516 2.2511374 2.2103258 2.1657624 2.0414384 2.3223268 2.1542910 2.0825572 2.0711419 2.0507445 2.2268992 2.2620819 2.5444568 2.1891939 2.6661244 2.3158216 2.4605759 2.6244963 2.7128328 3.0205346 2.9570020 2.8909695 2.6654284 2.5086731 2.7887796 2.7863708 2.8727740 2.9455162 3.0429576 3.0483066 2.9739067 3.0580758 3.0617283 2.5602299 3.2726638 2.9123952 3.3474324 2.9794461 3.4707870 
Leuniv_Lniv_scaffold25476_01                                      0.7539511 0.7303619 0.0000000 0.8676397 1.1475050 1.1737554 2.2555281 2.2555281 1.9191662 2.3919614 2.2529200 2.1901406 2.2130227 2.2084841 2.5789242 2.2555477 1.9958562 2.0197103 2.4625055 2.4073807 2.4298429 2.2444573 2.2773210 2.3614935 2.4385919 2.4749493 2.1649606 2.4289117 2.2702255 2.4014674 2.4201880 2.6878874 2.1790230 2.0468425 2.3669568 2.3691912 2.2902454 2.1516377 2.6104999 2.4133361 2.3226158 2.3513420 2.2659047 2.3228399 2.6083325 2.4214541 2.4446177 2.7568068 2.6442244 2.4311705 2.7286989 2.7545016 2.9027907 2.8495563 2.6272171 2.6224644 2.6653239 2.9755665 2.7826666 2.8152583 2.8959166 2.9268857 2.9465675 2.8972734 3.1482600 2.9482660 2.8446533 3.3571900 3.2020013 3.5330389 3.2638126 3.6920179 
Gracom_Gcom_scaffold17613_01                                      1.0085263 0.8920764 0.8676397 0.0000000 0.5110496 1.2791502 2.4865046 2.4865046 2.3505838 2.7297053 2.4178154 2.4356198 2.4972449 2.4778639 2.5106432 2.5036999 2.3065095 2.5241366 2.5216875 2.6883931 2.8657913 2.4288116 2.5053373 2.5301850 2.8040380 2.6229304 2.6733368 2.7545459 2.5080001 2.8731468 2.9428447 2.9182644 2.6649884 2.2360193 2.7494122 2.4300220 2.8608459 2.6421101 2.8470843 2.8908058 2.6323235 2.5739065 2.7423038 3.0511271 2.8678289 2.6252708 2.7533923 3.0775413 2.9143309 3.0762381 3.0330740 3.1718497 2.9326415 3.2307643 2.8058075 2.9428395 2.9010609 2.9643597 2.6525495 3.1661850 3.1857984 3.2427427 3.2614832 3.1344298 3.3771075 3.2334426 3.0856556 3.2695366 3.0291600 3.7677119 3.5202199 4.1715142 
Gracom_Gcom_scaffold7560_01                                       1.2954638 1.0297149 1.1475050 0.5110496 0.0000000 1.5095568 1.9715847 1.9715847 1.9079727 2.0599202 2.4141623 2.2914773 2.2869680 2.0532847 2.3326567 2.2307990 1.9105125 1.9669716 1.9853701 2.4789548 2.2043472 2.3057352 1.8826351 1.9995348 2.0042553 1.9745058 2.2545852 2.7093500 2.6172554 2.6940344 2.1600084 2.4726656 2.3660440 2.3891384 2.6161215 2.2439766 2.5666013 2.4095300 2.4091918 2.4933938 2.3688843 2.1030185 1.9780832 2.5785605 2.3307280 2.5480811 2.3699894 2.8816649 2.5601666 2.5190998 2.8812772 2.5015312 2.8572977 2.9739870 3.2768983 3.0714493 2.4879796 3.1326363 3.1326363 3.0044286 3.0209210 3.0788495 3.0168099 3.0405539 3.4588529 3.4439823 2.7940427 3.6185233 2.5854236 3.4950536 3.1513665 4.0859247 
Clacor_Ccor_scaffold11372_01                                      1.1868059 1.2308200 1.1737554 1.2791502 1.5095568 0.0000000 1.7309841 1.7309841 1.5656241 1.9605723 1.6135571 1.6640853 1.6456736 1.8436950 2.2596632 1.9524828 1.6774578 1.7597002 1.8851483 1.7455222 1.8834333 1.6533882 1.9453634 1.8599499 1.9641730 2.0002369 1.9428725 1.9367524 2.1602598 1.7692052 2.0686940 1.9776400 1.7097773 2.1049331 1.9195339 1.9477010 1.8966241 1.7662802 1.7944281 1.9161735 1.9136748 1.9494836 1.9066241 1.9121292 2.1469064 2.2202794 1.8233362 2.1257078 2.1931933 1.9576767 2.1086591 2.2608198 2.5582568 2.4985800 2.2377273 2.1651154 2.1859106 2.4178458 2.4153477 2.6814446 2.7592999 2.6962209 2.6836439 2.6089628 2.4619877 2.4085006 2.2167086 2.7739370 2.9358525 2.6638977 2.5506925 2.8071680 
Opea_EP00118_Oscarella_pearsei_P026943                            2.2421762 2.2012885 2.2555281 2.4865046 1.9715847 1.7309841 0.0000000 0.0000010 1.1187175 1.7339635 1.7580563 1.6947222 1.7240761 1.8657263 1.7410203 1.5177413 1.7311691 1.9814607 1.8335366 1.9470249 1.9190816 1.8087488 1.9027298 1.7715930 1.8646482 1.9550983 1.8772643 2.0334194 1.7537578 1.9508844 2.3532782 1.9857503 2.0383333 1.7528577 2.0561605 1.8550207 1.9456366 2.0316883 2.2441887 2.2748650 2.0412784 2.0987650 2.1482364 2.2744271 2.1678344 1.8964603 2.1285310 2.5021475 2.1012943 2.2250441 2.5017358 2.4187297 2.8517135 2.9067093 2.6154415 2.6790781 2.4542263 2.7078058 2.4286848 2.8166997 2.8964658 2.8525223 2.8562086 2.9736852 2.9243227 2.7685929 2.7370347 3.4125478 3.0118969 3.4440963 3.3118789 4.1631061 
Ocar_g4662                                                        2.2421762 2.2012885 2.2555281 2.4865046 1.9715847 1.7309841 0.0000010 0.0000000 1.1187175 1.7339635 1.7580563 1.6947222 1.7240761 1.8657263 1.7410203 1.5177413 1.7311691 1.9814607 1.8335366 1.9470249 1.9190816 1.8087488 1.9027298 1.7715930 1.8646482 1.9550983 1.8772643 2.0334194 1.7537578 1.9508844 2.3532782 1.9857503 2.0383333 1.7528577 2.0561605 1.8550207 1.9456366 2.0316883 2.2441887 2.2748650 2.0412784 2.0987650 2.1482364 2.2744271 2.1678344 1.8964603 2.1285310 2.5021475 2.1012943 2.2250441 2.5017358 2.4187297 2.8517135 2.9067093 2.6154415 2.6790781 2.4542263 2.7078058 2.4286848 2.8166997 2.8964658 2.8525223 2.8562086 2.9736852 2.9243227 2.7685929 2.7370347 3.4125478 3.0118969 3.4440963 3.3118789 4.1631061 
Plajan_Pjan_C567082_01                                            2.0822254 1.8709708 1.9191662 2.3505838 1.9079727 1.5656241 1.1187175 1.1187175 0.0000000 1.6190571 1.6488454 1.6122169 1.6969541 1.7026269 1.8135553 1.5862309 1.6685073 1.8873802 1.7369233 1.8319902 1.8512569 1.6964914 1.8250088 1.6484227 1.7859532 1.7898526 1.7713894 1.8337135 1.6806774 1.8849663 2.2067604 2.0126204 1.8325100 1.6525463 2.0156700 2.0148163 1.9141883 1.9871557 2.2177902 2.1729795 2.0638502 2.0132122 2.1027384 2.2734873 2.1562230 2.0135487 2.0234872 2.3123629 2.1876921 2.0807943 2.4201156 2.2570009 2.5086253 2.8158649 2.4300631 2.6187746 2.3799962 2.5143872 2.2152307 2.7128236 2.7956451 2.6091199 2.6064887 2.7935319 2.5508831 2.4170639 2.6956945 3.0008396 2.7966449 3.0586585 3.1422926 3.9166657 
Ctel_gnl_WGS_AMQN_CAPTEDRAFT_mRNA190490                           2.4485170 2.0601818 2.3919614 2.7297053 2.0599202 1.9605723 1.7339635 1.7339635 1.6190571 0.0000000 1.5470185 1.4820698 1.5329114 1.4165974 1.7724093 1.8791896 1.4435673 1.4949220 1.4969263 1.7056719 1.7243801 1.4630321 1.4413741 1.4349832 1.7242936 1.6749621 1.4889606 1.7082858 1.5609574 1.7121020 1.9669601 1.7507028 1.8590592 1.6504468 2.0121009 1.8045020 1.7971717 1.7716494 1.9973677 1.7578262 1.8657936 1.9400254 2.0011993 2.0211812 1.7841188 1.9775818 1.9167034 2.0923150 2.3328457 2.3811701 2.7397108 2.5376673 2.7000267 2.6917762 2.6036103 2.4886580 2.4109714 2.5585222 2.4148306 2.7384512 2.8277140 2.6692169 2.6639945 2.8921281 3.0835315 2.9443230 2.3201496 3.3050564 2.8883040 3.2082460 3.5786744 3.9871245 
Bralan_BLAG13000855_1                                             2.2070736 1.9597794 2.2529200 2.4178154 2.4141623 1.6135571 1.7580563 1.7580563 1.6488454 1.5470185 0.0000000 0.2157126 1.1198470 1.1909748 1.4084443 1.1862471 1.3722807 1.3818973 1.3740678 1.3656116 1.4621438 1.3657213 1.4259837 1.4354767 1.2485671 1.2427422 1.4535643 1.6022500 1.5087145 1.4561154 1.5494327 1.3752445 1.5582776 1.7167658 1.8856521 1.6990586 1.7966624 1.7743705 2.0757020 1.8586236 1.7331922 1.7847327 1.5076820 1.6421741 1.6617980 1.8658121 1.5957498 1.8160043 1.9836022 2.3518824 2.5563534 2.2856209 2.7173690 2.7569951 2.2031685 2.2661175 2.1251514 2.3415024 2.1928486 2.3865716 2.4976477 2.4697435 2.4659461 2.4196983 2.3136577 2.2461303 2.2467169 2.6682129 2.4613915 2.8607410 2.8432220 3.2513536 
Bralan_BLAG13000234_1                                             2.1689815 1.9531106 2.1901406 2.4356198 2.2914773 1.6640853 1.6947222 1.6947222 1.6122169 1.4820698 0.2157126 0.0000000 1.1255604 1.1835178 1.4552204 1.2468327 1.2858946 1.3044174 1.2738109 1.3337061 1.3822844 1.3518690 1.3858528 1.3866623 1.2539996 1.2380041 1.4175651 1.6123682 1.4819201 1.4964707 1.5814048 1.3776954 1.5653119 1.6639103 1.7869858 1.6804102 1.7512352 1.7706088 2.0028678 1.8551188 1.7161129 1.7618063 1.5492794 1.6473344 1.6139555 2.0009371 1.6466229 1.8537676 2.0527746 2.3465242 2.4769314 2.2585936 2.7788588 2.6934356 2.1928036 2.2504112 2.1141026 2.4034376 2.1883703 2.4273857 2.5287036 2.5104114 2.5177907 2.4628656 2.3980763 2.2329328 2.2158148 2.7363321 2.4876546 2.7669894 3.0595776 3.2858765 
Bralan_BLAG02000570_1                                             2.3653479 1.9424324 2.2130227 2.4972449 2.2869680 1.6456736 1.7240761 1.7240761 1.6969541 1.5329114 1.1198470 1.1255604 0.0000000 1.4402614 1.5099086 1.3786745 1.2610663 1.2967051 1.4029590 1.5510801 1.5522494 1.4562746 1.5119176 1.5407020 1.4823669 1.4968983 1.5729338 1.7949023 1.5826095 1.5196139 1.5724294 1.5980266 1.7023191 1.6942818 1.8629392 1.7718099 1.7911751 1.7233080 2.0377811 1.8097119 1.8814962 1.8707046 1.5890333 1.7704091 1.7519030 2.0510271 1.8640375 2.1678497 2.1491549 2.3080638 2.4078687 2.2623304 2.7268107 2.6318588 2.2966713 2.3933938 2.3503059 2.6078541 2.4668316 2.7116211 2.8744045 2.6302454 2.6384744 2.9173653 2.3205339 2.4656526 2.4093941 2.9358326 2.7323551 2.7712880 3.1989471 3.3972014 
Skow_XM_006820445.1                                               2.3802298 1.9523426 2.2084841 2.4778639 2.0532847 1.8436950 1.8657263 1.8657263 1.7026269 1.4165974 1.1909748 1.1835178 1.4402614 0.0000000 1.5388175 1.3754600 1.2818899 1.3409501 1.2884114 1.3459170 1.4528302 1.4932100 1.4087888 1.3342204 1.4328792 1.4443279 1.6383738 1.7222502 1.5884508 1.6158544 1.7715509 1.7554206 1.8066129 1.5688704 1.8201289 1.6792269 1.7214570 1.8338674 2.1190715 1.8842445 1.8735110 1.8501557 1.8245500 1.5933707 1.8087000 1.9509277 1.7868631 2.0060665 2.2666523 2.4813509 2.5314097 2.3066762 2.6550326 2.7765421 2.3203517 2.4037925 2.1141757 2.5187395 2.3460616 2.6391656 2.6826269 2.6515504 2.6557214 2.6749196 2.6696273 2.6074392 2.2156548 2.9005162 2.8558811 2.8977673 2.8957797 3.6033366 
Ctel_gnl_WGS_AMQN_CAPTEDRAFT_mRNA169765                           2.3867158 2.1036302 2.5789242 2.5106432 2.3326567 2.2596632 1.7410203 1.7410203 1.8135553 1.7724093 1.4084443 1.4552204 1.5099086 1.5388175 0.0000000 1.1391497 1.5566879 1.5764824 1.6748261 1.3904371 1.4116576 1.7636420 1.6573016 1.5603030 1.9718605 1.9722138 1.8059966 1.8038437 1.6308759 1.7649262 1.8840225 1.7285794 1.8308659 1.8937859 2.2731631 1.8339170 1.7478692 1.7948555 2.1682713 1.9628004 1.9951244 1.9077927 2.1235437 2.1006868 2.0089465 2.1181742 2.1356121 2.1541728 1.8609041 2.6764037 2.6633887 2.4792028 2.7307968 2.6877833 2.3929231 2.6574375 2.3016493 2.5885957 2.4888387 2.7005177 2.7023008 2.6420831 2.6120985 2.8060950 2.6296128 2.5241766 2.4121041 2.9266237 2.9630716 3.0027105 3.0339104 3.7337444 
Ctel_gnl_WGS_AMQN_CAPTEDRAFT_mRNA103368                           2.3315400 1.9914798 2.2555477 2.5036999 2.2307990 1.9524828 1.5177413 1.5177413 1.5862309 1.8791896 1.1862471 1.2468327 1.3786745 1.3754600 1.1391497 0.0000000 1.6166460 1.6723461 1.5711042 1.2812153 1.2700191 1.4937307 1.3197783 1.5689289 1.4950174 1.5122576 1.6351729 1.5052420 1.6112018 1.7338362 1.8173798 1.4325908 1.5447180 1.9338250 1.9248773 1.7605588 1.7565805 1.7615499 2.0984712 1.8242529 1.6984404 1.7136468 1.8054568 1.8540659 2.0744803 2.1701507 1.7908835 1.7218816 1.8632590 2.7910298 2.6913199 2.3215711 2.8236672 2.7851731 2.2564188 2.6128015 2.1068765 2.4920887 2.4794460 2.7197153 2.8128122 2.7015397 2.6918472 2.6577339 2.6714019 2.3300216 2.2699376 2.5595006 2.6227961 2.6730146 3.0905219 3.3286776 
Spur_XM_030973780.1                                               2.2811221 1.8876777 1.9958562 2.3065095 1.9105125 1.6774578 1.7311691 1.7311691 1.6685073 1.4435673 1.3722807 1.2858946 1.2610663 1.2818899 1.5566879 1.6166460 0.0000000 0.0547975 0.8437979 1.4099878 1.4835862 1.4899456 1.4958077 1.4015413 1.6419885 1.6786312 1.6297418 1.7864043 1.5286232 1.5888175 1.6813960 1.6185603 2.0261843 1.6479415 1.8582525 1.6913086 1.9268748 1.8923798 2.1243656 2.0276189 1.8512067 1.8987627 1.8543085 1.7762613 1.7384226 2.0222773 1.8298526 1.9874263 2.1659571 2.4863179 2.6254722 2.3791616 2.6072556 2.8828152 2.4771464 2.5751199 2.2439300 2.5973213 2.4259534 2.6009767 2.6418779 2.6444236 2.6699404 2.7178909 2.6149225 2.2702893 2.3383616 2.8307747 2.5434032 2.8692606 2.8077945 3.3944908 
Spur_XM_030974501.1                                               2.4531646 1.9073811 2.0197103 2.5241366 1.9669716 1.7597002 1.9814607 1.9814607 1.8873802 1.4949220 1.3818973 1.3044174 1.2967051 1.3409501 1.5764824 1.6723461 0.0547975 0.0000000 0.8690196 1.4619293 1.5598248 1.5651354 1.5516506 1.4384692 1.6485567 1.6899745 1.6505228 1.7969107 1.5551927 1.6595565 1.8007205 1.7747084 2.1339562 1.6879049 1.9950950 1.7166884 2.0172080 2.1048687 2.3260379 2.2052141 2.0304113 2.0622351 2.0025686 1.9478224 1.7789436 2.0566227 1.8947104 2.2155019 2.1870176 2.5558637 2.8453723 2.4530179 2.6997351 3.0236657 2.5831045 2.8526238 2.2408995 2.8240552 2.4857746 2.7521902 2.7996958 2.8137132 2.8390685 2.8779578 2.7441062 2.5176896 2.5930447 3.0597779 2.7505211 3.1189619 3.0056289 3.6258135 
Spur_XM_786614.3                                                  2.4779928 2.0232821 2.4625055 2.5216875 1.9853701 1.8851483 1.8335366 1.8335366 1.7369233 1.4969263 1.3740678 1.2738109 1.4029590 1.2884114 1.6748261 1.5711042 0.8437979 0.8690196 0.0000000 1.5203643 1.5816494 1.7319255 1.4344288 1.5362571 1.5487414 1.5993623 1.7132317 1.7388098 1.6778170 1.7622430 1.6333538 1.6802165 1.8278771 1.7559297 1.9910992 1.7196040 2.0199167 1.9441114 2.2102785 2.1392064 1.9414235 1.9898743 1.9059451 1.8311186 1.8874490 1.9418677 1.8906559 2.0240915 2.2748227 2.5381034 2.7230765 2.4533606 3.2007657 3.2360614 2.6367475 2.7307994 2.3267904 2.7083998 2.5312230 2.7506486 2.8651907 2.7931652 2.8203452 2.8925181 2.8166972 2.5849442 2.2958739 2.7714093 2.5492183 3.2440475 3.0766869 3.7102408 
Acagra_model.g30649.t1                                            2.5962234 2.0046313 2.4073807 2.6883931 2.4789548 1.7455222 1.9470249 1.9470249 1.8319902 1.7056719 1.3656116 1.3337061 1.5510801 1.3459170 1.3904371 1.2812153 1.4099878 1.4619293 1.5203643 0.0000000 0.9943734 1.4769483 1.4312789 1.4021756 1.4634973 1.4176953 1.5729177 1.5627849 1.4539154 1.7014965 1.6728509 1.6569542 1.8666388 1.6354838 1.9157821 1.8004516 1.7391900 1.7329735 2.2073723 1.8676983 1.8601592 1.8371901 1.7660644 1.8252621 1.7378133 2.0809590 1.7670180 1.9520545 2.2883947 2.4530623 2.7955765 2.5219515 2.7024421 2.8024165 2.3981934 2.6381070 2.2639112 2.5272534 2.2620601 2.7441658 2.8027743 2.7122350 2.7204446 2.8807262 2.5294909 2.3734057 2.2064716 2.9519791 2.6090397 2.9981937 3.1386140 3.3858131 
Cgig_XM_011446117.3                                               2.4053224 2.1253403 2.4298429 2.8657913 2.2043472 1.8834333 1.9190816 1.9190816 1.8512569 1.7243801 1.4621438 1.3822844 1.5522494 1.4528302 1.4116576 1.2700191 1.4835862 1.5598248 1.5816494 0.9943734 0.0000000 1.6116577 1.6058042 1.5263971 1.6665058 1.6495202 1.7655401 1.5432281 1.5879874 1.5758799 1.8727751 1.7971366 1.8707376 1.6227161 1.8650704 1.7013538 1.6652871 1.7973821 2.1592117 2.0787335 2.0611802 2.1282956 1.9588330 1.9230614 1.8244730 2.0844912 2.0018535 2.1309305 2.1937396 2.5974790 2.6296957 2.5641559 2.5898083 3.0014431 2.3864902 2.4924148 2.4674133 3.0187697 2.6134544 3.1659601 3.2033566 3.1995948 3.1898065 3.2175204 2.6146974 2.4375823 2.5195301 3.1389969 2.6412101 3.0479715 3.2434337 3.8424007 
Spur_XM_003723777.3                                               2.3272215 2.1419016 2.2444573 2.4288116 2.3057352 1.6533882 1.8087488 1.8087488 1.6964914 1.4630321 1.3657213 1.3518690 1.4562746 1.4932100 1.7636420 1.4937307 1.4899456 1.5651354 1.7319255 1.4769483 1.6116577 0.0000000 1.2920093 1.3265610 1.3983833 1.3789397 1.3295730 1.6366984 1.5311458 1.5232220 1.6944007 1.5536270 1.8024791 1.7472053 1.9494005 1.6840085 1.7949751 1.9075092 2.1116196 1.8964287 1.9213969 2.0028260 1.7486024 1.8894723 1.8182022 1.8240280 1.6957864 1.6598298 2.3403503 2.3224317 2.4480054 2.4435461 2.4544191 2.6139155 2.3069205 2.4321995 2.1672891 2.3047983 2.1560437 2.5383701 2.6097963 2.5139426 2.5285499 2.5577135 2.4391813 2.2871315 2.1869921 2.7745376 2.4995229 2.8557300 2.8369629 3.5007976 
Skow_XM_002737571.1                                               2.4889622 1.9838884 2.2773210 2.5053373 1.8826351 1.9453634 1.9027298 1.9027298 1.8250088 1.4413741 1.4259837 1.3858528 1.5119176 1.4087888 1.6573016 1.3197783 1.4958077 1.5516506 1.4344288 1.4312789 1.6058042 1.2920093 0.0000000 1.3410895 1.3229367 1.3205603 1.2894252 1.7233720 1.5130357 1.7459098 1.7107368 1.5968267 1.7339642 1.7089830 2.0417581 1.6707873 1.6732327 1.7688678 2.0354993 1.7409055 1.8387362 1.8562376 1.7763775 1.8305516 1.7283834 2.0481253 1.5703964 1.8484991 2.2761403 2.5390884 2.6076867 2.3307802 2.5126820 2.9503205 2.3203879 2.4787755 2.1377134 2.2090755 1.9966184 2.4178252 2.4748491 2.3631233 2.3595689 2.4756368 2.8496646 2.4364708 2.2583431 2.8735168 2.7290921 2.9351988 3.0600901 3.6763187 
Ctel_gnl_WGS_AMQN_CAPTEDRAFT_mRNA120903                           2.3704517 2.0748666 2.3614935 2.5301850 1.9995348 1.8599499 1.7715930 1.7715930 1.6484227 1.4349832 1.4354767 1.3866623 1.5407020 1.3342204 1.5603030 1.5689289 1.4015413 1.4384692 1.5362571 1.4021756 1.5263971 1.3265610 1.3410895 0.0000000 1.4502477 1.5723692 1.4820413 1.7258933 1.5674183 1.5111040 1.6193573 1.6527295 1.7808857 1.5513878 1.6323287 1.6122571 1.6499059 1.6784205 1.9329641 1.6188140 1.7850946 1.7218957 1.8727542 1.8902720 1.6973205 2.0817470 1.7504423 1.8680163 1.8660247 2.2623476 2.5773943 2.4088058 2.4476558 2.4556190 2.2262823 2.2871805 2.2295099 2.2013399 2.1833787 2.4909864 2.4960670 2.4399585 2.4517599 2.4522707 2.5115043 2.3051826 2.0388234 2.7561700 2.3486295 2.6199659 2.8520816 3.3114250 
Acagra_model.g3644.t1                                             2.4507058 2.2062761 2.4385919 2.8040380 2.0042553 1.9641730 1.8646482 1.8646482 1.7859532 1.7242936 1.2485671 1.2539996 1.4823669 1.4328792 1.9718605 1.4950174 1.6419885 1.6485567 1.5487414 1.4634973 1.6665058 1.3983833 1.3229367 1.4502477 0.0000000 0.2608422 1.2896463 1.7225114 1.6964765 1.7078022 1.8429484 1.7896445 1.6925654 1.7376521 1.8155336 1.7124375 1.9129864 1.8503608 2.0931068 1.9356291 1.8312079 1.7582553 1.8965865 1.7555378 1.7378054 1.9484022 1.6770236 1.7789594 2.3540654 2.3643033 2.6454380 2.4457198 2.7005670 2.8591694 2.4445549 2.5265070 2.0840224 2.4626662 2.3105361 2.5441000 2.6094918 2.4733203 2.4693595 2.6747330 2.7837565 2.4532218 2.1910827 2.9327551 2.7793912 3.0110145 2.7069975 3.4049194 
Acagra_model.g3645.t1                                             2.3589375 2.1877127 2.4749493 2.6229304 1.9745058 2.0002369 1.9550983 1.9550983 1.7898526 1.6749621 1.2427422 1.2380041 1.4968983 1.4443279 1.9722138 1.5122576 1.6786312 1.6899745 1.5993623 1.4176953 1.6495202 1.3789397 1.3205603 1.5723692 0.2608422 0.0000000 1.3269819 1.7419289 1.6940066 1.7257239 1.8710678 1.7292930 1.6652966 1.6873620 1.8069178 1.7136323 2.0711805 1.8736810 2.1069332 1.9960946 1.8246239 1.8301463 1.9386197 1.7134011 1.8005075 1.9924757 1.7392206 1.8704094 2.3160893 2.3940623 2.6521336 2.4148118 2.8005940 2.9167502 2.4588572 2.6512618 2.1199496 2.5213061 2.3246198 2.5296698 2.5843755 2.5628854 2.5787531 2.6781660 2.7370550 2.5305110 2.1775297 2.9619252 2.8475799 2.9427414 2.8561320 3.5426074 
Cgig_XM_011414890.3                                               2.3970796 2.2727546 2.1649606 2.6733368 2.2545852 1.9428725 1.8772643 1.8772643 1.7713894 1.4889606 1.4535643 1.4175651 1.5729338 1.6383738 1.8059966 1.6351729 1.6297418 1.6505228 1.7132317 1.5729177 1.7655401 1.3295730 1.2894252 1.4820413 1.2896463 1.3269819 0.0000000 1.7622105 1.6086229 1.8338737 1.7388054 1.7509788 1.9367659 1.6331574 1.9408872 1.8777159 1.7023348 1.7842575 1.9803179 1.9057047 1.9683353 1.9717501 1.9269495 1.9556206 1.7846162 1.8977466 1.7374651 2.0140237 2.4607442 2.5075935 2.6002169 2.3939821 2.6391538 2.9762754 2.3567258 2.5165049 1.8806978 2.4881881 2.2172600 2.6764397 2.7152928 2.6728426 2.6687501 2.7194450 2.9743023 2.5150430 2.4530560 2.9254734 2.8468295 2.9523559 3.1912761 3.8353248 
Cscu_XM_023359617.1                                               2.4363361 2.1188033 2.4289117 2.7545459 2.7093500 1.9367524 2.0334194 2.0334194 1.8337135 1.7082858 1.6022500 1.6123682 1.7949023 1.7222502 1.8038437 1.5052420 1.7864043 1.7969107 1.7388098 1.5627849 1.5432281 1.6366984 1.7233720 1.7258933 1.7225114 1.7419289 1.7622105 0.0000000 1.4022204 1.7548644 1.8350673 1.8486513 1.7734893 1.7678871 2.0958521 1.7017330 1.7487182 1.8568449 2.1229731 1.7760979 1.8375434 1.8744912 2.0270199 2.0901021 1.9514010 1.9036083 2.1251169 2.2147399 2.1479820 2.2950123 2.4063367 2.2101597 2.9393292 3.0324580 2.3423083 2.7734085 2.4907252 2.5690569 2.3431568 2.6833619 2.7672444 2.6899748 2.6813773 2.7760512 2.6977274 2.5999400 2.5298621 2.8107314 2.7014253 2.7067430 3.1628661 3.5718257 
Dpul_mRNA8187                                                     2.3967475 2.4057307 2.2702255 2.5080001 2.6172554 2.1602598 1.7537578 1.7537578 1.6806774 1.5609574 1.5087145 1.4819201 1.5826095 1.5884508 1.6308759 1.6112018 1.5286232 1.5551927 1.6778170 1.4539154 1.5879874 1.5311458 1.5130357 1.5674183 1.6964765 1.6940066 1.6086229 1.4022204 0.0000000 1.6497254 1.9093871 1.7573935 1.8360600 1.9746629 1.9567091 1.8258328 1.7600764 1.8100409 1.9499283 1.9764231 1.8649763 1.9922493 1.8817393 1.9514905 1.8746572 2.0947877 2.0033705 2.2166060 1.6847400 2.1177810 2.5301756 2.1516776 3.0713582 3.0146580 2.6168089 2.7250331 2.3813984 2.6713998 2.6674215 2.7201558 2.7861058 2.7771523 2.7901837 2.8326944 2.4932139 2.5066408 2.2854565 3.0976384 2.6789268 2.9404638 3.0030677 3.6443720 
Bralan_BLAG10000995_1                                             2.3736838 2.2339247 2.4014674 2.8731468 2.6940344 1.7692052 1.9508844 1.9508844 1.8849663 1.7121020 1.4561154 1.4964707 1.5196139 1.6158544 1.7649262 1.7338362 1.5888175 1.6595565 1.7622430 1.7014965 1.5758799 1.5232220 1.7459098 1.5111040 1.7078022 1.7257239 1.8338737 1.7548644 1.6497254 0.0000000 1.2726510 1.8192356 1.9488349 1.8421923 2.2154671 1.7998539 1.8071632 1.9400934 2.2432477 2.0328115 1.9923773 2.0488424 1.9508674 2.0295392 1.7118690 2.0316687 1.9840990 2.0224562 2.4231250 2.7298962 2.7824141 2.4966147 2.6417725 2.7571398 2.4328895 2.6688411 2.5470145 2.6977769 2.3867047 2.8399164 2.8671488 2.8280345 2.8377712 2.9883022 2.6526167 2.5871167 2.5194683 2.9485390 2.8814845 2.7893185 3.0150058 3.8833913 
Bralan_BLAG18000545_1                                             2.7106497 2.1160918 2.4201880 2.9428447 2.1600084 2.0686940 2.3532782 2.3532782 2.2067604 1.9669601 1.5494327 1.5814048 1.5724294 1.7715509 1.8840225 1.8173798 1.6813960 1.8007205 1.6333538 1.6728509 1.8727751 1.6944007 1.7107368 1.6193573 1.8429484 1.8710678 1.7388054 1.8350673 1.9093871 1.2726510 0.0000000 1.9461308 1.9314845 2.0488453 2.1551337 1.9032363 2.1232509 2.2747937 2.5510219 2.3089200 2.3183696 2.2913991 1.9788608 1.9856436 1.8072071 2.1279667 1.9375560 2.0126198 2.5744442 2.7164700 2.8895646 2.7238529 2.5941140 2.8479029 2.3241000 2.6292968 2.3252136 2.3808609 2.1616845 2.4545050 2.5229629 2.4416099 2.4625819 2.6535978 2.8482309 2.3932612 2.6288558 2.8972727 2.6557144 3.0291318 3.1499262 3.9920165 
Acagra_model.g3540.t1                                             2.8272995 2.2864475 2.6878874 2.9182644 2.4726656 1.9776400 1.9857503 1.9857503 2.0126204 1.7507028 1.3752445 1.3776954 1.5980266 1.7554206 1.7285794 1.4325908 1.6185603 1.7747084 1.6802165 1.6569542 1.7971366 1.5536270 1.5968267 1.6527295 1.7896445 1.7292930 1.7509788 1.8486513 1.7573935 1.8192356 1.9461308 0.0000000 1.8715840 1.7731441 2.1443978 1.6837643 1.9899583 1.9973147 2.3116146 2.1532172 1.9608073 1.9776966 2.1350755 2.2209694 1.7721519 2.0650133 1.9955987 2.3756757 2.3084264 3.0329563 2.8897182 2.4997502 2.5620147 2.8261433 2.2609196 2.6120719 2.2686211 2.4713297 2.1707644 2.6147407 2.7307822 2.6678839 2.6638550 2.7888896 2.6412345 2.5708011 2.5081828 2.9838355 2.7247840 2.7628960 3.0948076 3.5225849 
Hsap_ENST00000297625                                              2.3855100 1.8403812 2.1790230 2.6649884 2.3660440 1.7097773 2.0383333 2.0383333 1.8325100 1.8590592 1.5582776 1.5653119 1.7023191 1.8066129 1.8308659 1.5447180 2.0261843 2.1339562 1.8278771 1.8666388 1.8707376 1.8024791 1.7339642 1.7808857 1.6925654 1.6652966 1.9367659 1.7734893 1.8360600 1.9488349 1.9314845 1.8715840 0.0000000 1.8289323 2.0865750 1.7888094 1.8255540 2.0257884 2.2896874 2.1186994 2.0792622 2.0584126 1.8743703 2.0913412 1.8768449 1.9065171 2.0371972 2.4803988 2.4279249 2.4898875 2.9140342 2.4347298 2.6247550 2.7838760 2.4264249 2.6757678 2.6667329 2.6344600 2.3338181 2.8182361 2.9019893 2.8562583 2.8543858 2.9633906 2.7593986 2.6152432 2.4584250 3.1194086 2.9575252 2.9707851 3.5305949 3.9394648 
Xesp_002168-T1                                                    2.0313569 2.1930516 2.0468425 2.2360193 2.3891384 2.1049331 1.7528577 1.7528577 1.6525463 1.6504468 1.7167658 1.6639103 1.6942818 1.5688704 1.8937859 1.9338250 1.6479415 1.6879049 1.7559297 1.6354838 1.6227161 1.7472053 1.7089830 1.5513878 1.7376521 1.6873620 1.6331574 1.7678871 1.9746629 1.8421923 2.0488453 1.7731441 1.8289323 0.0000000 0.6119935 1.2452173 1.3002599 1.4939633 1.6668479 1.5317858 1.6731925 1.7407999 1.8681686 1.9427134 2.1239585 2.2552223 1.8940025 1.9736971 2.2005022 2.1011172 2.6269608 2.0696091 2.5860279 2.3158237 2.4430117 2.2732898 2.2026694 2.3888111 2.3636880 2.4101786 2.4217108 2.5311373 2.5409526 2.6234140 2.5853275 2.6831655 2.5436264 3.0676758 2.9732087 3.1881348 3.1092008 4.0934969 
Dgig_XM_028543425.1                                               2.6042877 2.2511374 2.3669568 2.7494122 2.6161215 1.9195339 2.0561605 2.0561605 2.0156700 2.0121009 1.8856521 1.7869858 1.8629392 1.8201289 2.2731631 1.9248773 1.8582525 1.9950950 1.9910992 1.9157821 1.8650704 1.9494005 2.0417581 1.6323287 1.8155336 1.8069178 1.9408872 2.0958521 1.9567091 2.2154671 2.1551337 2.1443978 2.0865750 0.6119935 0.0000000 1.7007694 1.7908381 1.8620760 2.0417397 2.0046772 1.9715303 2.0086769 2.2537841 2.1013404 2.2446648 2.1984446 2.1107513 2.5899850 2.6570425 2.6319621 2.9165698 2.4379610 2.3528308 2.3642094 2.0640271 2.1897616 2.5928459 2.7472537 2.3089464 2.6908351 2.7451438 2.8680004 2.8719262 2.7929139 2.8576513 2.5775183 2.5894701 2.9099102 2.9680127 3.2999707 3.4820743 3.8048172 
Exapal_XM_021036428.1                                             2.4828797 2.2103258 2.3691912 2.4300220 2.2439766 1.9477010 1.8550207 1.8550207 2.0148163 1.8045020 1.6990586 1.6804102 1.7718099 1.6792269 1.8339170 1.7605588 1.6913086 1.7166884 1.7196040 1.8004516 1.7013538 1.6840085 1.6707873 1.6122571 1.7124375 1.7136323 1.8777159 1.7017330 1.8258328 1.7998539 1.9032363 1.6837643 1.7888094 1.2452173 1.7007694 0.0000000 0.9428106 1.5010620 1.6861275 1.6378908 1.6544351 1.6815698 1.8325227 1.8184203 1.8710243 2.1554043 1.8884267 2.1451781 2.4612951 2.4346269 2.5356506 2.2065833 2.3764108 2.1723111 2.0637699 2.1023180 2.2391190 2.5072509 2.2954993 2.7353683 2.7233364 2.6235103 2.6334091 2.7268332 2.5704966 2.2369653 2.2784326 2.6716772 2.6642533 3.0814745 3.0515826 3.8717145 
Nvec_v1g91617                                                     2.5658445 2.1657624 2.2902454 2.8608459 2.5666013 1.8966241 1.9456366 1.9456366 1.9141883 1.7971717 1.7966624 1.7512352 1.7911751 1.7214570 1.7478692 1.7565805 1.9268748 2.0172080 2.0199167 1.7391900 1.6652871 1.7949751 1.6732327 1.6499059 1.9129864 2.0711805 1.7023348 1.7487182 1.7600764 1.8071632 2.1232509 1.9899583 1.8255540 1.3002599 1.7908381 0.9428106 0.0000000 1.5326345 1.8882299 1.7454554 1.8339166 1.7680431 1.7774019 2.1431338 2.0190597 2.1106445 2.0000717 2.1954541 2.3879275 2.3197018 2.5049245 2.4858721 2.2753758 2.2087233 2.0360797 2.1756050 2.3478800 2.4565280 2.1594858 2.6390978 2.6684648 2.5504694 2.5608445 2.6933673 2.8714231 2.4329641 2.5641484 3.0756560 2.9115009 3.1257333 3.1491713 3.8259701 
Morvir_scaffold22.g73.t1                                          2.5665399 2.0414384 2.1516377 2.6421101 2.4095300 1.7662802 2.0316883 2.0316883 1.9871557 1.7716494 1.7743705 1.7706088 1.7233080 1.8338674 1.7948555 1.7615499 1.8923798 2.1048687 1.9441114 1.7329735 1.7973821 1.9075092 1.7688678 1.6784205 1.8503608 1.8736810 1.7842575 1.8568449 1.8100409 1.9400934 2.2747937 1.9973147 2.0257884 1.4939633 1.8620760 1.5010620 1.5326345 0.0000000 1.4204098 1.5486679 1.4852841 1.5438982 1.9606187 2.3202914 2.2173057 2.2404807 2.1450288 2.4359843 2.5434898 2.3527072 2.6538315 2.5935947 2.1429404 2.5122861 2.0488898 2.3611467 2.4239089 2.4840391 2.2781969 2.4857368 2.5163764 2.4613128 2.4700391 2.4713095 2.9981532 2.6288128 2.5055035 3.3448535 2.9385484 3.2924876 3.4815620 3.8542391 
Hvul_g33272_1                                                     2.7637176 2.3223268 2.6104999 2.8470843 2.4091918 1.7944281 2.2441887 2.2441887 2.2177902 1.9973677 2.0757020 2.0028678 2.0377811 2.1190715 2.1682713 2.0984712 2.1243656 2.3260379 2.2102785 2.2073723 2.1592117 2.1116196 2.0354993 1.9329641 2.0931068 2.1069332 1.9803179 2.1229731 1.9499283 2.2432477 2.5510219 2.3116146 2.2896874 1.6668479 2.0417397 1.6861275 1.8882299 1.4204098 0.0000000 1.6034676 1.7389647 1.7157216 2.3191663 2.7367191 2.3407428 2.3169368 2.3901026 2.6439281 2.6333980 2.4542204 2.8896276 2.6354604 2.4830674 2.6387665 2.1482530 2.7205188 2.6364317 2.9698098 2.5966698 2.9799329 2.9608130 2.8919550 2.9163107 2.9984181 2.8922783 2.9172520 2.9849599 3.2912816 3.5334651 3.6031796 3.7595826 3.9872972 
Sanmal_Sma_013761-T1                                              2.4850070 2.1542910 2.4133361 2.8908058 2.4933938 1.9161735 2.2748650 2.2748650 2.1729795 1.7578262 1.8586236 1.8551188 1.8097119 1.8842445 1.9628004 1.8242529 2.0276189 2.2052141 2.1392064 1.8676983 2.0787335 1.8964287 1.7409055 1.6188140 1.9356291 1.9960946 1.9057047 1.7760979 1.9764231 2.0328115 2.3089200 2.1532172 2.1186994 1.5317858 2.0046772 1.6378908 1.7454554 1.5486679 1.6034676 0.0000000 0.9922233 1.0078076 2.1116508 2.4029097 2.1729592 2.2474436 2.3544891 2.4699115 2.5058407 2.4066268 2.7483504 2.5092080 2.4293743 2.7140277 2.0919123 2.5752859 2.6778799 2.8089936 2.5033953 2.8353275 2.8500210 2.8072547 2.8137804 2.9560432 3.0984003 2.8490388 2.8638623 3.2134210 3.1411369 3.3998034 3.5126973 3.7704237 
Nemnom_g3409.t1                                                   2.3296877 2.0825572 2.3226158 2.6323235 2.3688843 1.9136748 2.0412784 2.0412784 2.0638502 1.8657936 1.7331922 1.7161129 1.8814962 1.8735110 1.9951244 1.6984404 1.8512067 2.0304113 1.9414235 1.8601592 2.0611802 1.9213969 1.8387362 1.7850946 1.8312079 1.8246239 1.9683353 1.8375434 1.8649763 1.9923773 2.3183696 1.9608073 2.0792622 1.6731925 1.9715303 1.6544351 1.8339166 1.4852841 1.7389647 0.9922233 0.0000000 0.3329903 2.2229230 2.4243854 2.4115491 2.3278800 2.0891729 2.4705165 2.6339494 2.7803854 2.9866061 2.7698467 2.5992410 2.8346942 2.2496918 2.6515299 2.7102015 2.8875270 2.5215203 2.8886190 2.9891680 2.8623320 2.8728155 2.9705155 3.1620098 2.7250249 2.7803366 3.2146458 3.2283041 3.4846005 3.5123430 4.3024253 
Rhoesc_Res_009638-T1                                              2.4097468 2.0711419 2.3513420 2.5739065 2.1030185 1.9494836 2.0987650 2.0987650 2.0132122 1.9400254 1.7847327 1.7618063 1.8707046 1.8501557 1.9077927 1.7136468 1.8987627 2.0622351 1.9898743 1.8371901 2.1282956 2.0028260 1.8562376 1.7218957 1.7582553 1.8301463 1.9717501 1.8744912 1.9922493 2.0488424 2.2913991 1.9776966 2.0584126 1.7407999 2.0086769 1.6815698 1.7680431 1.5438982 1.7157216 1.0078076 0.3329903 0.0000000 2.2220254 2.5256852 2.3239243 2.2606013 2.2180032 2.3850719 2.6777727 2.6727676 2.8080320 2.5779682 2.4123108 2.7200454 2.2881982 2.6358000 2.6306267 2.9181613 2.5675738 2.8033950 2.9004893 2.8355406 2.8455921 2.9386893 3.0658449 2.7332043 2.8401200 3.2762022 3.1631291 3.5457589 3.5410736 4.2966901 
Bralan_BLAG02001682_1                                             2.5325168 2.0507445 2.2659047 2.7423038 1.9780832 1.9066241 2.1482364 2.1482364 2.1027384 2.0011993 1.5076820 1.5492794 1.5890333 1.8245500 2.1235437 1.8054568 1.8543085 2.0025686 1.9059451 1.7660644 1.9588330 1.7486024 1.7763775 1.8727542 1.8965865 1.9386197 1.9269495 2.0270199 1.8817393 1.9508674 1.9788608 2.1350755 1.8743703 1.8681686 2.2537841 1.8325227 1.7774019 1.9606187 2.3191663 2.1116508 2.2229230 2.2220254 0.0000000 1.7656535 1.9838783 1.9164525 2.1440916 2.2418166 2.7048440 2.7865604 2.8307618 2.4767224 2.4462755 2.5600281 2.2273394 2.7110775 2.3995052 2.3882389 2.1425277 2.4534756 2.5650491 2.4308146 2.4341254 2.5324168 2.4115936 2.2976029 2.1665185 2.6613616 2.5117314 3.0174136 2.9279523 3.4629361 
Skow_XM_002740423.1                                               2.6411584 2.2268992 2.3228399 3.0511271 2.5785605 1.9121292 2.2744271 2.2744271 2.2734873 2.0211812 1.6421741 1.6473344 1.7704091 1.5933707 2.1006868 1.8540659 1.7762613 1.9478224 1.8311186 1.8252621 1.9230614 1.8894723 1.8305516 1.8902720 1.7555378 1.7134011 1.9556206 2.0901021 1.9514905 2.0295392 1.9856436 2.2209694 2.0913412 1.9427134 2.1013404 1.8184203 2.1431338 2.3202914 2.7367191 2.4029097 2.4243854 2.5256852 1.7656535 0.0000000 2.0969161 1.8076672 1.8405893 2.2784101 2.8532426 2.7941176 2.8021457 2.7022115 2.7885452 2.8423801 2.3572612 2.5429845 2.3421716 2.4471350 2.0828803 2.4284407 2.5607825 2.4759318 2.4836628 2.5274529 2.4843269 2.3899010 1.9810597 2.5865197 2.8592004 2.7718653 2.7956519 3.4587804 
Bralan_BLAG02001418_1                                             2.6240881 2.2620819 2.6083325 2.8678289 2.3307280 2.1469064 2.1678344 2.1678344 2.1562230 1.7841188 1.6617980 1.6139555 1.7519030 1.8087000 2.0089465 2.0744803 1.7384226 1.7789436 1.8874490 1.7378133 1.8244730 1.8182022 1.7283834 1.6973205 1.7378054 1.8005075 1.7846162 1.9514010 1.8746572 1.7118690 1.8072071 1.7721519 1.8768449 2.1239585 2.2446648 1.8710243 2.0190597 2.2173057 2.3407428 2.1729592 2.4115491 2.3239243 1.9838783 2.0969161 0.0000000 2.0421505 1.9342788 2.1470103 2.6479454 2.6666009 2.8926526 2.7230600 2.3064374 2.4932771 2.4538616 2.5635329 2.3845030 2.5133164 2.3769203 2.5462593 2.6063509 2.5731070 2.5764864 2.7139502 2.6765786 2.4560875 2.4512486 2.9394578 2.7792916 3.0014649 3.0789724 3.8492292 
Ctel_gnl_WGS_AMQN_CAPTEDRAFT_mRNA33447                            2.2517717 2.5444568 2.4214541 2.6252708 2.5480811 2.2202794 1.8964603 1.8964603 2.0135487 1.9775818 1.8658121 2.0009371 2.0510271 1.9509277 2.1181742 2.1701507 2.0222773 2.0566227 1.9418677 2.0809590 2.0844912 1.8240280 2.0481253 2.0817470 1.9484022 1.9924757 1.8977466 1.9036083 2.0947877 2.0316687 2.1279667 2.0650133 1.9065171 2.2552223 2.1984446 2.1554043 2.1106445 2.2404807 2.3169368 2.2474436 2.3278800 2.2606013 1.9164525 1.8076672 2.0421505 0.0000000 2.3328057 2.0857403 2.5418535 2.5083237 2.4453892 2.4903866 3.0417842 2.5873610 2.1526620 2.5818579 2.3684753 2.4553980 2.4608816 2.5811052 2.6485545 2.6159894 2.6148221 2.6992964 2.3719326 2.2532017 2.2252917 2.3387288 2.3735346 2.9138457 2.6697848 3.3388810 
Skow_XM_006819964.1                                               2.7900665 2.1891939 2.4446177 2.7533923 2.3699894 1.8233362 2.1285310 2.1285310 2.0234872 1.9167034 1.5957498 1.6466229 1.8640375 1.7868631 2.1356121 1.7908835 1.8298526 1.8947104 1.8906559 1.7670180 2.0018535 1.6957864 1.5703964 1.7504423 1.6770236 1.7392206 1.7374651 2.1251169 2.0033705 1.9840990 1.9375560 1.9955987 2.0371972 1.8940025 2.1107513 1.8884267 2.0000717 2.1450288 2.3901026 2.3544891 2.0891729 2.2180032 2.1440916 1.8405893 1.9342788 2.3328057 0.0000000 2.1320126 2.6858284 2.8705367 3.0264324 2.9218656 2.4934679 2.8025447 2.4607225 2.4781912 2.4141143 2.5848227 2.3242535 2.8511934 2.9813411 2.8200799 2.7869369 2.9848422 3.0419327 2.3269597 2.4984097 3.1866798 2.9372307 3.2026625 3.3925935 4.1159514 
Skow_XM_006823706.1                                               2.9978283 2.6661244 2.7568068 3.0775413 2.8816649 2.1257078 2.5021475 2.5021475 2.3123629 2.0923150 1.8160043 1.8537676 2.1678497 2.0060665 2.1541728 1.7218816 1.9874263 2.2155019 2.0240915 1.9520545 2.1309305 1.6598298 1.8484991 1.8680163 1.7789594 1.8704094 2.0140237 2.2147399 2.2166060 2.0224562 2.0126198 2.3756757 2.4803988 1.9736971 2.5899850 2.1451781 2.1954541 2.4359843 2.6439281 2.4699115 2.4705165 2.3850719 2.2418166 2.2784101 2.1470103 2.0857403 2.1320126 0.0000000 2.8873763 3.4304300 3.2898005 3.1407416 2.6486982 2.8893308 2.3806358 2.6114518 2.4070100 2.8235109 2.3988403 2.9614609 3.0774514 2.9519547 2.9186083 2.9417804 3.2010574 2.7198422 2.6237385 3.0454783 2.8791340 3.1501709 3.3016762 3.9058876 
Tcas_TC008276_001                                                 2.7502144 2.3158216 2.6442244 2.9143309 2.5601666 2.1931933 2.1012943 2.1012943 2.1876921 2.3328457 1.9836022 2.0527746 2.1491549 2.2666523 1.8609041 1.8632590 2.1659571 2.1870176 2.2748227 2.2883947 2.1937396 2.3403503 2.2761403 1.8660247 2.3540654 2.3160893 2.4607442 2.1479820 1.6847400 2.4231250 2.5744442 2.3084264 2.4279249 2.2005022 2.6570425 2.4612951 2.3879275 2.5434898 2.6333980 2.5058407 2.6339494 2.6777727 2.7048440 2.8532426 2.6479454 2.5418535 2.6858284 2.8873763 0.0000000 2.8966746 3.3490013 2.9339918 3.4843075 3.5664177 2.8144215 2.7748218 3.0873512 3.3641304 3.0922872 3.3076610 3.4527000 3.4908390 3.5116223 3.5434033 3.1838110 3.1647031 3.0975922 3.5709658 3.7244552 3.2156848 3.5212518 3.9179346 
Stycar_augustus_masked-SC_scaffold78851-processed-gene-0.0-mRNA-1 2.8357326 2.4605759 2.4311705 3.0762381 2.5190998 1.9576767 2.2250441 2.2250441 2.0807943 2.3811701 2.3518824 2.3465242 2.3080638 2.4813509 2.6764037 2.7910298 2.4863179 2.5558637 2.5381034 2.4530623 2.5974790 2.3224317 2.5390884 2.2623476 2.3643033 2.3940623 2.5075935 2.2950123 2.1177810 2.7298962 2.7164700 3.0329563 2.4898875 2.1011172 2.6319621 2.4346269 2.3197018 2.3527072 2.4542204 2.4066268 2.7803854 2.6727676 2.7865604 2.7941176 2.6666009 2.5083237 2.8705367 3.4304300 2.8966746 0.0000000 1.2040447 1.4108434 2.8229346 3.2678964 3.0392251 2.7933074 3.2580602 2.9421134 2.6333963 3.4378071 3.4429946 3.2954471 3.3024305 3.2750082 3.9592091 3.5178433 3.2362275 3.9811361 3.9699997 4.5321147 3.9876223 4.6257158 
