84
Morvir_scaffold576.g10.t1                             0.0000000 0.5398814 0.5347335 0.7187484 0.5422971 1.0480227 0.9484292 1.7218664 1.7218664 2.0194493 3.0272682 1.7708064 1.6557005 1.5606508 1.6064146 1.8641811 2.1343490 2.1425950 2.1343490 1.5849248 2.2653230 0.0000010 7.6733744 1.8438569 1.8438569 1.7059295 1.7666893 2.0127546 1.7750411 1.7750411 1.7471273 1.6365819 1.7018749 1.6370655 1.1227757 1.1078087 1.2501893 0.8260937 0.9987012 0.9729063 0.9606834 0.9737074 0.9275593 1.0985375 1.2519989 0.8456301 0.8482251 0.8933209 0.8554819 0.8734629 0.8734629 0.8684698 0.9237125 1.4935422 0.8415664 0.9045993 1.0265474 1.1461639 1.0999989 1.1107848 1.3532465 1.8423071 1.5428994 1.7971968 1.5091830 1.5091830 3.1939558 1.5404649 1.5404649 1.4382002 1.4655818 1.5389514 1.4377680 1.2577507 1.9690306 1.7985075 2.3542462 1.5223737 1.5978821 2.9472785 2.4495691 1.7183130 3.6922339 2.2316849 
Nemnom_g19811.t1                                      0.5398814 0.0000000 0.0251411 0.0335096 0.2203892 0.8142750 0.7129516 1.6645895 1.4949699 1.5940952 1.3831203 1.4342803 1.3942545 1.4271346 1.6009130 1.6427723 1.6124319 1.6036027 1.6124319 1.5009909 1.6641175 1.2814800 1.2420524 1.5322080 1.3672727 1.4621186 1.5309188 0.8579103 1.4558099 1.3960408 1.4240079 1.6614536 1.2438713 1.5295891 0.9539588 1.0341399 1.0362047 0.7890467 0.9000975 0.6290904 0.7962352 0.8807930 0.7370033 0.9811564 0.9323726 0.7798449 0.7543918 0.7907141 0.8334618 0.7645094 0.7645094 0.7205844 0.7555006 1.0432646 0.7989320 0.7636035 0.9440858 1.0770871 1.1204940 1.2186964 1.0421965 1.3689528 1.2191112 1.3466188 1.2094873 1.1722917 1.4728112 1.1811831 1.1659396 1.1131034 1.1352472 1.1572593 1.1445796 1.1799905 1.3475134 1.2941741 1.2072845 1.2201140 1.2448372 1.1993207 1.6540711 1.3776305 1.9397982 2.3893228 
Rhoesc_Res_014056-T1                                  0.5347335 0.0251411 0.0000000 0.0591877 0.2126303 0.8040036 0.7267395 1.6408931 1.4644442 1.6008537 1.3529383 1.4117725 1.3729731 1.4135274 1.5653908 1.6251286 1.5893195 1.5805939 1.5893195 1.5259711 1.6462489 1.2805930 1.2420524 1.5278908 1.3716618 1.4521808 1.5209271 0.8579103 1.4463642 1.3868089 1.4028718 1.6255216 1.2292508 1.4961156 0.9555270 1.0527110 1.0205439 0.7722482 0.9115720 0.6216157 0.7876873 0.8788082 0.7347176 0.9747488 0.9016440 0.7801449 0.7548252 0.7909580 0.8334874 0.7689675 0.7689675 0.7293163 0.7677665 1.0643434 0.7950974 0.7616414 0.9385994 1.0576382 1.0979029 1.1798840 1.0265951 1.3394233 1.2003685 1.3152348 1.1831758 1.1479145 1.4319331 1.1351160 1.1196817 1.0835156 1.1009480 1.1224101 1.0984474 1.1576106 1.3475134 1.2542160 1.2512377 1.2607998 1.2800556 1.1941369 1.6448363 1.3606006 1.9528003 2.3599277 
Nemnom_g10272.t1                                      0.7187484 0.0335096 0.0591877 0.0000000 0.2741739 0.8880246 0.7871175 1.7176929 1.5208480 1.8638538 1.4861125 1.5002532 1.4548910 1.4985170 1.6914473 1.8991548 1.6948751 1.6948751 1.6948751 1.7055251 1.7820792 1.2814800 1.2420524 1.5224153 1.3501608 1.5074286 1.5861470 0.8949327 1.4980166 1.4347689 1.4996523 1.7496595 1.2735350 1.5852742 1.0100903 1.0545477 1.1300753 0.8585373 0.9576856 0.6942136 0.8628139 0.9088159 0.7889494 1.0164088 1.0111164 0.8570697 0.8290055 0.8646297 0.9305842 0.8399458 0.8399458 0.8012422 0.7991196 1.0994027 0.8441575 0.8191879 1.0298737 1.1299059 1.1812327 1.2543044 1.1017781 1.3689528 1.2675414 1.4120742 1.2641616 1.2218265 1.5577626 1.1806794 1.1649464 1.1171501 1.1400258 1.1627975 1.1496512 1.2360194 1.4336034 1.3437406 1.3332228 1.2684624 1.3100695 1.2500258 1.8176324 1.3246375 1.9678298 2.7240136 
Sanmal_Sma_012972-T1                                  0.5422971 0.2203892 0.2126303 0.2741739 0.0000000 0.7420428 0.6817884 1.6832757 1.4803054 1.6784711 1.3481074 1.5116456 1.4666313 1.5357236 1.5988901 1.7801174 1.6785445 1.6694012 1.6785445 1.6556625 1.7703167 1.3335936 1.2942651 1.4940412 1.3808745 1.4691293 1.4590023 0.8390084 1.4184190 1.3666270 1.4633092 1.6878714 1.2072473 1.5008882 0.9885897 1.0501282 1.0129057 0.8331728 0.9526613 0.6355059 0.8115672 0.9440297 0.7790545 0.9876470 0.9597971 0.7929671 0.7928580 0.7788915 0.8209127 0.7801556 0.7801556 0.7146777 0.8286945 1.0840150 0.8575798 0.7763225 1.0270104 1.0617299 1.1759108 1.2429069 1.1258288 1.3980262 1.2692624 1.3698574 1.2614255 1.2294214 1.4968671 1.1988347 1.1888640 1.1319885 1.1007502 1.1078801 1.1510127 1.1939743 1.3822974 1.3408640 1.2187058 1.1689886 1.1775642 1.1680246 1.8056840 1.3908045 1.8656442 2.2169555 
Hvul_g7679_1                                          1.0480227 0.8142750 0.8040036 0.8880246 0.7420428 0.0000000 0.4552805 1.6792860 1.4773256 2.3663731 1.6981348 1.6421064 1.5330154 1.5815628 1.6780520 2.3754872 1.7188651 1.7109726 1.7188651 2.1031391 1.9852995 0.8037531 1.6384637 1.4969463 1.4969463 1.3307948 1.4906804 0.9872968 1.4984116 1.4984116 1.7406233 2.1042135 1.5141144 1.4583774 1.2807054 1.2934410 1.2969121 1.0076689 1.0696543 1.0920068 1.1227924 1.0760405 1.0674575 1.2002699 1.2839127 1.0563902 1.0839372 1.0525838 1.1685349 1.0471374 1.0471374 1.0673807 1.0071408 1.3460217 1.0718556 1.0535574 1.7188017 1.3428467 1.2866748 1.3899323 1.3174776 1.0636893 1.4279543 1.5913282 1.4931117 1.4309173 1.6303007 1.3958347 1.3958347 1.3137785 1.3152469 1.3353707 1.3108049 1.3243015 1.4908486 1.4351291 1.1039692 1.3929443 1.3070506 1.2263432 2.2580275 1.4414499 1.7480341 2.7716457 
Chem_TCONS_00027474                                   0.9484292 0.7129516 0.7267395 0.7871175 0.6817884 0.4552805 0.0000000 1.5422075 1.3448845 1.7499172 1.4886518 1.5043308 1.4563228 1.4465247 1.5439263 1.8011431 1.5656342 1.5484344 1.5656342 1.7308238 1.6339395 1.1928195 1.4494007 1.4488655 1.3386083 1.4006410 1.4270670 0.7665020 1.4449417 1.3876694 1.3261901 1.5821470 1.1988346 1.3846787 1.0593671 1.1930040 1.1411129 1.0179762 1.0737831 0.9198407 1.0397536 1.0735089 0.9647494 1.1148476 1.1751034 0.9599339 0.9237724 0.9633576 1.0464420 0.9890371 0.9800548 0.9327910 1.0572270 1.2666419 0.9770487 0.9280025 1.3941758 1.1558203 1.2116482 1.2327450 1.1904429 1.5879173 1.4045411 1.5392649 1.3631090 1.3226973 1.6057116 1.4448646 1.4175362 1.3450481 1.3564839 1.3788167 1.4017468 1.3458484 1.5450952 1.5242031 1.2969087 1.2933029 1.2728151 1.3136191 1.7560190 1.5238784 1.9388307 2.8804483 
Eupdun_Edun_sb10649111                                1.7218664 1.6645895 1.6408931 1.7176929 1.6832757 1.6792860 1.5422075 0.0000000 0.0792904 0.4800944 0.4974800 0.5918838 0.5858375 0.5320865 0.6065689 0.5296566 0.6124925 0.6134796 0.6124925 0.5356201 0.7074010 0.7763380 1.6837643 1.3345503 1.2149074 1.3060994 1.2758567 0.5592026 1.2437885 1.2259102 1.1327695 1.4877764 1.0837086 1.1849614 1.3947835 1.5284963 1.8738447 1.4276552 1.5080280 1.3273963 1.6326982 1.4718066 1.5375303 1.4537859 1.7150061 1.7398753 1.7134877 1.7257551 1.7254955 1.7514124 1.7743184 1.5702244 1.7638844 1.8435784 1.5040437 1.5248812 1.3447248 1.4018297 1.3876334 1.5402515 1.3935510 7.2673277 1.5739820 1.7397518 1.6771145 1.6037374 2.0425379 1.5954491 1.5950838 1.5517237 1.5518970 1.6061164 1.5341943 1.6223595 2.2001151 1.6471553 1.5868652 1.7386473 1.8360116 1.6294618 0.8846618 2.0618949 4.5306800 3.9444846 
Eupdun_Edun_sb10649113                                1.7218664 1.4949699 1.4644442 1.5208480 1.4803054 1.4773256 1.3448845 0.0792904 0.0000000 0.4546069 0.3742435 0.4530788 0.4204063 0.3258842 0.4057801 0.5296566 0.4228090 0.4226532 0.4228090 0.5356201 0.5435783 0.2431512 0.9097617 1.0455118 0.9597923 1.0341843 0.9957725 0.4703366 0.9559508 0.9501386 1.1327695 1.4877764 0.8826526 0.9669595 1.1304967 1.1797557 1.2883679 1.0911347 1.1986839 1.1977073 1.2453202 1.2710818 1.1638834 1.0499733 1.3289574 1.4894525 1.4276692 1.4309310 1.5533477 1.4389030 1.4510434 1.4622386 1.5387527 1.6276209 1.2195692 1.2483905 1.3447248 1.0847628 1.1869207 1.2710405 1.0734399 1.1829041 1.2108087 1.2508070 1.2459425 1.2225074 1.3255848 1.3474087 1.2915416 1.3163952 1.3064501 1.3368809 1.3018202 1.3301153 1.6454913 1.3329108 1.2336882 1.3595722 1.4918177 1.1258082 0.8846618 1.7008554 1.1254491 4.0223080 
Bolinf_Binf_sb1296538                                 2.0194493 1.5940952 1.6008537 1.8638538 1.6784711 2.3663731 1.7499172 0.4800944 0.4546069 0.0000000 0.3070920 0.2656373 0.2662695 0.2559783 0.3481179 0.0085150 0.4207560 0.4237289 0.4207560 0.3251446 0.4129147 0.0476353 1.8460014 1.4499738 1.3763096 1.3558241 1.4618380 0.6667986 1.3675746 1.3675746 1.3777450 2.3103185 1.3985575 1.4328152 1.4802787 1.7216816 1.5020353 1.4742191 1.4527679 1.3737862 1.4706992 1.5645348 1.5509703 1.6154216 1.3846494 1.5197800 1.5076301 1.5097577 1.4960964 1.5739959 1.5739959 1.6437980 1.7960047 1.7589331 1.2919379 1.3797134 1.3955488 1.3530921 1.2867667 1.4102858 1.3268539 2.5480184 1.5318393 1.5318393 1.6010005 1.5050700 1.7209980 1.7504902 1.7504902 1.7310708 1.6726081 1.6496422 1.7702919 1.8107822 3.5285135 1.7698563 1.5613258 1.9863968 2.0798803 1.7056068 0.4346173 2.2366960 7.6382334 3.2067093 
Vmul_sbMO392947                                       3.0272682 1.3831203 1.3529383 1.4861125 1.3481074 1.6981348 1.4886518 0.4974800 0.3742435 0.3070920 0.0000000 0.0980553 0.0982273 0.2289237 0.3161866 0.3892638 0.3318097 0.3389759 0.3318097 0.4864132 0.3608377 0.1346602 0.7316559 0.8118895 0.8118895 0.7435076 0.7897949 0.5369483 0.7238559 0.7238559 0.9038924 1.6166163 0.7511584 0.8580906 1.0370168 1.0450166 0.9974185 0.8519003 0.9818902 1.0810713 0.9396183 1.2532242 0.9623140 0.9945289 1.0687776 1.3091037 1.2491157 1.2741112 1.3498346 1.2872199 1.2872199 1.3626713 1.4199900 1.3093621 1.1891723 1.2078742 1.6584585 1.0399304 0.9805816 1.0350851 0.9593682 1.0676100 1.1045916 1.1045916 1.0682097 1.0439162 1.1045916 1.1257023 1.1257023 1.0372929 1.1033959 1.0853570 1.1102097 1.0586253 1.4595411 1.0920636 1.0342918 1.3402037 1.3649751 1.1686831 0.4284729 1.5443959 1.1917690 3.9057363 
Coeast_Cast_sb751296                                  1.7708064 1.4342803 1.4117725 1.5002532 1.5116456 1.6421064 1.5043308 0.5918838 0.4530788 0.2656373 0.0980553 0.0000000 0.0286690 0.3105833 0.3705836 0.3072375 0.4026664 0.4071615 0.4026664 0.4469071 0.4637748 0.2384346 0.8978601 1.1404195 1.0341469 1.0548894 1.1394657 0.5126085 1.0151625 1.0151625 1.2232069 1.6148111 0.9171507 1.0742853 1.0784319 1.1401521 1.2261145 0.9427517 1.0063261 1.0898298 1.1464662 1.2396482 1.0978507 1.0458164 1.2167937 1.3546188 1.3159993 1.2981382 1.4020921 1.2938360 1.2938360 1.3084793 1.4845457 1.5194203 1.2216372 1.2696567 1.4698104 1.2038766 1.2053185 1.2935303 1.1752233 1.3299530 1.2611590 1.3047539 1.2243935 1.2010241 1.3024285 1.3635398 1.3635398 1.3113870 1.3075601 1.3136385 1.3488437 1.2095901 1.4815486 1.3011344 1.2209713 1.4267615 1.4950947 1.1188149 0.7427689 1.6290226 1.4962214 3.3025026 
Coemet_Cmet_scaffold9129_01                           1.6557005 1.3942545 1.3729731 1.4548910 1.4666313 1.5330154 1.4563228 0.5858375 0.4204063 0.2662695 0.0982273 0.0286690 0.0000000 0.3027505 0.3663367 0.2788821 0.4254964 0.4299066 0.4254964 0.4532281 0.4823273 0.2398149 0.8725792 1.1282686 0.9984731 1.0529090 1.1170173 0.4881488 0.9999110 0.9778723 1.1651622 1.5746189 0.8825876 1.0653758 1.0662552 1.1316105 1.2011594 0.9616432 1.0288567 1.0606505 1.1283895 1.2708037 1.0920960 1.0073250 1.2156058 1.3265012 1.2835992 1.2886788 1.3601581 1.2713493 1.2713493 1.2830828 1.5080482 1.5465613 1.2286235 1.2712271 1.3910429 1.1558619 1.1815592 1.2924865 1.1266999 1.2845322 1.1959987 1.2778185 1.1499117 1.1315486 1.2932464 1.3450728 1.2896478 1.3185465 1.3015593 1.3074219 1.3525988 1.2296206 1.4596096 1.2970224 1.3086079 1.4019065 1.5051108 1.0970947 0.7310199 1.6871730 1.4768278 3.3025026 
Lampan_Lpan_12216_01                                  1.5606508 1.4271346 1.4135274 1.4985170 1.5357236 1.5815628 1.4465247 0.5320865 0.3258842 0.2559783 0.2289237 0.3105833 0.3027505 0.0000000 0.2988134 0.2718572 0.3059211 0.3118081 0.3059211 0.4204996 0.3803540 0.1563982 0.9987351 1.1097762 1.0223120 1.1344472 1.1228329 0.5875406 1.0617987 1.0580860 1.2151868 1.5266999 0.9582323 1.1405686 1.1859233 1.2639291 1.3759334 1.1452134 1.1963121 1.1546596 1.2409540 1.3325295 1.1659872 1.0876668 1.3505443 1.4042537 1.3587636 1.3862198 1.4586520 1.3487807 1.3600203 1.4006976 1.5607595 1.7482248 1.2184232 1.2723646 1.3924698 1.1608139 1.2928342 1.3123363 1.1949008 1.4396189 1.3232959 1.3856152 1.3813395 1.3498179 1.4829344 1.3837812 1.3271224 1.3562182 1.3692461 1.3812095 1.3945835 1.3384567 1.5950267 1.4139075 1.4188439 1.4879854 1.5543107 1.3536129 0.6534337 1.6823918 1.3686531 3.7398463 
Beraby_Baby_sb333796                                  1.6064146 1.6009130 1.5653908 1.6914473 1.5988901 1.6780520 1.5439263 0.6065689 0.4057801 0.3481179 0.3161866 0.3705836 0.3663367 0.2988134 0.0000000 0.3382106 0.3904523 0.3915408 0.3904523 0.3061861 0.4971305 0.1952068 1.0307336 1.1729200 1.1202109 1.1225159 1.1963428 0.5926649 1.1300993 1.1060999 1.3986913 1.7116160 0.9753241 1.0860680 1.2282921 1.2813762 1.3562553 1.2053235 1.1697046 1.2122667 1.2204404 1.3591245 1.2489751 1.1239065 1.3872719 1.4876588 1.4657592 1.4343723 1.5666269 1.4583094 1.4583094 1.4850884 1.6834894 1.7830996 1.2739297 1.3530850 1.4632032 1.2948617 1.4015192 1.4461092 1.3714100 1.5281831 1.4017592 1.4491391 1.4430986 1.4077195 1.5715451 1.3573452 1.3055200 1.3189815 1.2688710 1.3126287 1.3288382 1.3681502 1.5938939 1.3515226 1.4147033 1.4304018 1.5937328 1.3529779 0.7775553 1.7408880 1.2783095 3.5336805 
Mertsp_Mesp_sb557176                                  1.8641811 1.6427723 1.6251286 1.8991548 1.7801174 2.3754872 1.8011431 0.5296566 0.5296566 0.0085150 0.3892638 0.3072375 0.2788821 0.2718572 0.3382106 0.0000000 0.5035141 0.5065554 0.5035141 0.3202369 0.5065554 0.1419852 3.0106015 1.5969781 1.5969781 1.4025503 1.6337072 0.7795744 1.5452630 1.5452630 1.5648041 2.0585114 1.5448483 1.4721515 1.5439581 1.8083303 1.6368031 1.6677623 1.6797756 1.4951987 1.6160414 1.5982094 1.5955355 1.7003590 1.5690046 1.5624782 1.5794299 1.5626914 1.5448928 1.6104934 1.6104934 1.6862952 1.8391034 1.9937823 1.3643465 1.4864018 1.4652353 1.5423141 1.4653691 1.4854559 1.4598565 6.9750775 1.6575213 1.6847981 1.6429896 1.6429896 1.9586633 1.8988141 1.8988141 1.8694213 1.8657954 1.8539541 1.9265119 1.9664419 4.8057224 1.9385908 1.7720296 1.9521044 2.1289719 1.9529843 0.5850763 2.3723316 7.7856431 3.0628527 
Horcal_Hcv1.av93.c6.g483.i2                           2.1343490 1.6124319 1.5893195 1.6948751 1.6785445 1.7188651 1.5656342 0.6124925 0.4228090 0.4207560 0.3318097 0.4026664 0.4254964 0.3059211 0.3904523 0.5035141 0.0000000 0.0030099 0.0000010 0.4733219 0.0339596 0.2878654 0.9935213 1.2522320 1.1214728 1.1942795 1.1599942 0.5948974 1.1216673 1.1169303 1.3485232 1.8279738 1.1670331 1.2298402 1.3166904 1.4171837 1.4438087 1.2448635 1.3417942 1.2905733 1.3972854 1.3699393 1.2945074 1.2169292 1.4381734 1.4918182 1.4358157 1.4486873 1.5580674 1.4384813 1.4507489 1.4512519 1.7676075 1.8233169 1.3694066 1.4502445 1.7052286 1.3473937 1.3224249 1.4286340 1.2946092 1.5019650 1.5136513 1.5558768 1.5321916 1.4902829 1.6500396 1.4973700 1.4447179 1.4713996 1.5212308 1.5037351 1.5333195 1.4733406 1.6088408 1.4951860 1.3271081 1.4763749 1.6100855 1.2512344 0.2134631 1.7854423 1.4553346 3.5798923 
Pbac_sb2647478                                        2.1425950 1.6036027 1.5805939 1.6948751 1.6694012 1.7109726 1.5484344 0.6134796 0.4226532 0.4237289 0.3389759 0.4071615 0.4299066 0.3118081 0.3915408 0.5065554 0.0030099 0.0000000 0.0030099 0.4650603 0.0301597 0.2878654 0.9935213 1.2393625 1.1175130 1.2000595 1.1654470 0.5896581 1.1267402 1.1134003 1.3419940 1.8279738 1.1624508 1.2358503 1.3236237 1.4250601 1.4358173 1.2376635 1.3341890 1.3000869 1.4171174 1.3774279 1.2977146 1.2131393 1.4583901 1.4945985 1.4385208 1.4514099 1.5616033 1.4534776 1.4534776 1.4543645 1.7779035 1.8442548 1.3639973 1.4447314 1.6967549 1.3519780 1.3318512 1.4408638 1.2892094 1.5019650 1.5082482 1.5496909 1.5265592 1.4849619 1.6428423 1.4920018 1.4393269 1.4660720 1.5158097 1.4983203 1.5278890 1.4685324 1.6088408 1.4793518 1.3194160 1.4710211 1.5931067 1.2434626 0.2069985 1.7795481 1.4814942 3.5680833 
Horcal_Hcv1.av93.c6.g483.i3                           2.1343490 1.6124319 1.5893195 1.6948751 1.6785445 1.7188651 1.5656342 0.6124925 0.4228090 0.4207560 0.3318097 0.4026664 0.4254964 0.3059211 0.3904523 0.5035141 0.0000010 0.0030099 0.0000000 0.4733219 0.0339596 0.2878654 0.9935213 1.2522320 1.1214728 1.1942795 1.1599942 0.5948974 1.1216673 1.1169303 1.3485232 1.8279738 1.1670331 1.2298402 1.3166904 1.4171837 1.4438087 1.2448635 1.3417942 1.2905733 1.3972854 1.3699393 1.2945074 1.2169292 1.4381734 1.4918182 1.4358157 1.4486873 1.5580674 1.4384813 1.4507489 1.4512519 1.7676075 1.8233169 1.3694066 1.4502445 1.7052286 1.3473937 1.3224249 1.4286340 1.2946092 1.5019650 1.5136513 1.5558768 1.5321916 1.4902829 1.6500396 1.4973700 1.4447179 1.4713996 1.5212308 1.5037351 1.5333195 1.4733406 1.6088408 1.4951860 1.3271081 1.4763749 1.6100855 1.2512344 0.2134631 1.7854423 1.4553346 3.5798923 
Vmul_sbMO409498                                       1.5849248 1.5009909 1.5259711 1.7055251 1.6556625 2.1031391 1.7308238 0.5356201 0.5356201 0.3251446 0.4864132 0.4469071 0.4532281 0.4204996 0.3061861 0.3202369 0.4733219 0.4650603 0.4733219 0.0000000 0.5365350 0.0000010 3.6220496 1.4567197 1.4567197 1.2696472 1.4488569 0.8151767 1.4264208 1.4264208 1.4444112 1.6739465 1.3221325 1.3269593 1.4807400 1.6754577 1.9048197 1.5017864 1.4712150 1.5422948 1.6114795 1.4552713 1.5197887 1.5154902 1.7175241 1.4824021 1.4964085 1.5070495 1.4776839 1.5109442 1.5109442 1.5852385 1.5867416 1.8624229 1.3523085 1.3077332 1.5164544 1.6276436 1.5274522 1.7308469 1.5425554 6.3248851 1.5780221 1.7377997 1.6341985 1.6341985 2.4755293 1.7023301 1.7023301 1.6699884 1.6529461 1.6762168 1.6440906 1.8632414 4.3037250 1.7223301 2.1252321 1.8328047 1.8445179 2.0919932 0.8493906 2.0579673 5.6811317 3.1603889 
Pbac_sb2647477                                        2.2653230 1.6641175 1.6462489 1.7820792 1.7703167 1.9852995 1.6339395 0.7074010 0.5435783 0.4129147 0.3608377 0.4637748 0.4823273 0.3803540 0.4971305 0.5065554 0.0339596 0.0301597 0.0339596 0.5365350 0.0000000 0.2714588 1.2249022 1.3685952 1.2960935 1.2968172 1.2851121 0.6777317 1.2449676 1.2449676 1.3905748 1.9278030 1.3591815 1.3449295 1.2861426 1.4778023 1.5216065 1.3361433 1.4117591 1.4721750 1.4795754 1.3825171 1.3385378 1.2804399 1.5381990 1.5329836 1.4749490 1.5104511 1.5389724 1.5213231 1.5213231 1.5304431 1.7818261 1.7510732 1.4695835 1.5202367 1.7764332 1.4864459 1.3946892 1.5816497 1.3987094 1.6110273 1.6664521 1.5984385 1.7252011 1.6584687 1.7296721 1.6511262 1.6511262 1.5926218 1.6769278 1.6556511 1.6961641 1.5756350 1.9686987 1.5924414 1.4890356 1.6320114 1.7286116 1.3097695 0.2445013 1.9185948 2.1207795 3.3971273 
Vmul_sbMO409499                                       0.0000010 1.2814800 1.2805930 1.2814800 1.3335936 0.8037531 1.1928195 0.7763380 0.2431512 0.0476353 0.1346602 0.2384346 0.2398149 0.1563982 0.1952068 0.1419852 0.2878654 0.2878654 0.2878654 0.0000010 0.2714588 0.0000000 0.3906415 0.7706154 0.5481718 0.8190704 0.7731097 0.3614185 0.7357166 0.6885095 0.3880726 0.0000010 0.3115476 0.8004646 0.9332643 0.9125909 0.7944205 0.7529313 0.7812494 0.5929467 0.8224576 1.1279157 0.8182823 0.6765027 0.9019087 1.2676027 1.1691554 1.1827025 1.4688771 1.1802963 1.1802963 1.1064508 1.3965734 1.5131310 0.9755501 1.0662419 0.8740772 0.7955513 1.0984731 1.1652744 0.9377092 1.1976381 1.0064926 1.0064926 0.9911090 0.9716491 1.0064926 1.0832962 0.9765837 1.0627302 1.0822200 1.1148580 1.0834495 0.9137987 0.6788214 0.8219392 1.1087086 1.0502238 1.1060157 0.9490901 0.0871919 1.2754782 1.0959841 8.9999981 
Eupdun_Edun_sb10695059                                7.6733744 1.2420524 1.2420524 1.2420524 1.2942651 1.6384637 1.4494007 1.6837643 0.9097617 1.8460014 0.7316559 0.8978601 0.8725792 0.9987351 1.0307336 3.0106015 0.9935213 0.9935213 0.9935213 3.6220496 1.2249022 0.3906415 0.0000000 0.4007720 0.4007720 0.3967874 0.4633577 0.2619830 0.3943377 0.3943377 1.3286090 5.9857787 0.4748796 0.4217495 1.2486131 1.1942122 0.9934721 0.7680426 0.9102141 1.1049905 0.9019683 1.2990639 1.0311295 1.0175788 1.1126695 1.3361048 1.1943741 1.2911070 1.8956807 1.2500718 1.2500718 1.2631055 1.3002955 1.4415560 1.0553138 1.0735941 4.5516828 1.1297886 1.2095455 1.1912522 1.1122073 0.9122539 1.2660442 1.1576700 1.3078944 1.1977300 0.9923610 1.1419351 1.1419351 1.0168809 1.0352729 1.0626906 1.1513084 1.1575608 1.1019534 1.0751274 0.8439312 1.1761403 1.2043941 0.7217566 1.9913483 1.5429697 0.3593968 3.1413494 
Beraby_Baby_sb336766                                  1.8438569 1.5322080 1.5278908 1.5224153 1.4940412 1.4969463 1.4488655 1.3345503 1.0455118 1.4499738 0.8118895 1.1404195 1.1282686 1.1097762 1.1729200 1.5969781 1.2522320 1.2393625 1.2522320 1.4567197 1.3685952 0.7706154 0.4007720 0.0000000 0.0138924 0.2049928 0.1666141 0.1148500 0.2695904 0.2579327 0.1876005 0.1940893 0.2233689 0.2348217 1.1362628 1.2695543 1.2938714 1.0554281 1.1438648 1.0246520 1.0998010 1.2063324 1.1198181 1.0895892 1.3293574 1.2449127 1.2024209 1.1977931 1.3005883 1.2306792 1.2217644 1.1150368 1.1921574 1.5035192 1.0942026 1.1847001 1.2497682 1.3570334 1.2508531 1.2875652 1.1048255 1.6305905 1.3675052 1.4312114 1.4520088 1.3951370 1.4994797 1.2648924 1.2143262 1.2412198 1.2523165 1.2931186 1.3024213 1.4125245 1.3267629 1.4331520 1.2016567 1.3924152 1.4689933 1.1908077 1.7937030 1.5876809 0.5364726 3.6377822 
Beraby_Baby_sb336767                                  1.8438569 1.3672727 1.3716618 1.3501608 1.3808745 1.4969463 1.3386083 1.2149074 0.9597923 1.3763096 0.8118895 1.0341469 0.9984731 1.0223120 1.1202109 1.5969781 1.1214728 1.1175130 1.1214728 1.4567197 1.2960935 0.5481718 0.4007720 0.0138924 0.0000000 0.2002383 0.1703619 0.1148500 0.2586031 0.2586031 0.1876005 0.1940893 0.2233689 0.2218399 1.0396072 1.2053952 1.2043838 0.9339918 1.0233649 1.0246520 0.9735595 1.0775055 0.9969441 1.0249957 1.1847586 1.1035460 1.0704037 1.0750398 1.1439116 1.0872487 1.0872487 1.0109156 1.0316806 1.3015690 0.9445309 1.0376333 1.2310103 1.1798252 1.0759653 1.1178404 1.0140862 1.2104822 1.2085285 1.2490237 1.2628402 1.2148624 1.2958618 1.1456091 1.1456091 1.1021466 1.1306483 1.1550859 1.1749192 1.2193157 1.3267629 1.3184794 1.0042865 1.2971691 1.3056276 1.0184435 1.7937030 1.4330563 0.5951686 3.1282840 
Lampan_Lpan_14420_01                                  1.7059295 1.4621186 1.4521808 1.5074286 1.4691293 1.3307948 1.4006410 1.3060994 1.0341843 1.3558241 0.7435076 1.0548894 1.0529090 1.1344472 1.1225159 1.4025503 1.1942795 1.2000595 1.1942795 1.2696472 1.2968172 0.8190704 0.3967874 0.2049928 0.2002383 0.0000000 0.2260628 0.1073553 0.2075512 0.2100427 0.1916249 0.2435590 0.2028075 0.2391961 1.1200115 1.2631322 1.3023863 1.0983111 1.1803573 1.0476688 1.0958304 1.2033138 1.1008305 1.0223651 1.3005210 1.2381693 1.2040695 1.1674211 1.2672333 1.2251439 1.2349600 1.1201730 1.1443557 1.3591299 1.1279056 1.2302108 1.2191170 1.2862260 1.1965394 1.2123499 1.0786407 1.6469931 1.3370690 1.3832453 1.4226112 1.3676507 1.4207612 1.2364797 1.1815736 1.2211911 1.2279124 1.2584978 1.2980932 1.4163032 1.3425223 1.4057352 1.1665457 1.3769419 1.4618289 1.1715409 1.6732298 1.5818349 0.5426401 3.3987669 
Mlei_ML2100.g12.i1                                    1.7666893 1.5309188 1.5209271 1.5861470 1.4590023 1.4906804 1.4270670 1.2758567 0.9957725 1.4618380 0.7897949 1.1394657 1.1170173 1.1228329 1.1963428 1.6337072 1.1599942 1.1654470 1.1599942 1.4488569 1.2851121 0.7731097 0.4633577 0.1666141 0.1703619 0.2260628 0.0000000 0.0316497 0.2430000 0.2372960 0.0811451 0.1062745 0.2581898 0.2642632 1.1227344 1.2431775 1.3592586 1.0588924 1.1917333 1.0778287 1.1594435 1.1873445 1.1127371 1.0622636 1.3351198 1.2573613 1.2094261 1.2153174 1.3439361 1.2283069 1.2381406 1.1467194 1.1859265 1.4327071 1.1490430 1.2651757 1.1716262 1.3490643 1.2515684 1.2609470 1.1235962 1.5235958 1.3631252 1.4371714 1.3984901 1.3457426 1.4951880 1.2852596 1.2353111 1.2243378 1.2563867 1.2705101 1.2783140 1.4287669 1.3618792 1.4607785 1.1284861 1.3252056 1.4273680 1.1008916 1.6881872 1.5374256 0.5439068 3.8267619 
Mertsp_Mesp_sb523452                                  2.0127546 0.8579103 0.8579103 0.8949327 0.8390084 0.9872968 0.7665020 0.5592026 0.4703366 0.6667986 0.5369483 0.5126085 0.4881488 0.5875406 0.5926649 0.7795744 0.5948974 0.5896581 0.5948974 0.8151767 0.6777317 0.3614185 0.2619830 0.1148500 0.1148500 0.1073553 0.0316497 0.0000000 0.0831899 0.0831899 0.0000010 0.1617882 0.1606882 0.1419790 0.7207942 0.7372898 0.6522532 0.5665383 0.6892405 0.8172512 0.6477221 0.7389520 0.6936646 0.5986791 0.6549675 0.9158107 0.8262172 0.8827160 1.0121562 0.8497918 0.8497918 0.8927803 0.7970904 0.9887632 0.6970507 0.7316451 0.8910843 0.6314556 0.7112124 0.7583606 0.6132467 0.8228324 0.7415965 0.7415965 0.6999603 0.6813023 0.7415965 0.7100316 0.7100316 0.6341473 0.6292353 0.6423044 0.6556095 0.8124491 1.1477437 0.7748120 0.6236081 0.7331982 0.6669854 0.6183292 0.7057763 1.1449156 0.6687288 4.2838696 
Horcal_Hcv1.av93.c5.g703.i1                           1.7750411 1.4558099 1.4463642 1.4980166 1.4184190 1.4984116 1.4449417 1.2437885 0.9559508 1.3675746 0.7238559 1.0151625 0.9999110 1.0617987 1.1300993 1.5452630 1.1216673 1.1267402 1.1216673 1.4264208 1.2449676 0.7357166 0.3943377 0.2695904 0.2586031 0.2075512 0.2430000 0.0831899 0.0000000 0.0000010 0.2509706 0.3625440 0.2489290 0.2798603 1.1328634 1.2259744 1.3098360 1.0445612 1.2013313 1.0670972 1.1512357 1.2723315 1.1900554 1.0749961 1.3454464 1.2757503 1.2339138 1.2181954 1.3174047 1.2098905 1.2194622 1.1130456 1.1478591 1.3665211 1.0822972 1.2087154 1.2289123 1.2684440 1.2048612 1.2771719 1.0410619 1.4736391 1.3550736 1.3826390 1.3978535 1.3456729 1.4100053 1.2904604 1.2315836 1.2773459 1.2759897 1.3067322 1.3086941 1.3599186 1.2974586 1.4703007 1.1247376 1.3914503 1.4623109 1.0963135 1.5930486 1.4753386 0.2671802 3.6052401 
Pbac_sb2653694                                        1.7750411 1.3960408 1.3868089 1.4347689 1.3666270 1.4984116 1.3876694 1.2259102 0.9501386 1.3675746 0.7238559 1.0151625 0.9778723 1.0580860 1.1060999 1.5452630 1.1169303 1.1134003 1.1169303 1.4264208 1.2449676 0.6885095 0.3943377 0.2579327 0.2586031 0.2100427 0.2372960 0.0831899 0.0000010 0.0000000 0.2509706 0.3625440 0.2489290 0.2738694 1.1053277 1.1892947 1.2598788 1.0001443 1.1515557 1.0670972 1.1301105 1.2648149 1.1571945 1.0749961 1.3171997 1.2362722 1.2059451 1.1972619 1.2925685 1.1850192 1.1850192 1.0744571 1.1105647 1.3338758 1.0635535 1.1842033 1.2266142 1.2344170 1.1570127 1.2332826 1.0410619 1.3850783 1.3201749 1.3428360 1.3405101 1.2916954 1.3653727 1.2315836 1.2315836 1.2189106 1.2171809 1.2472785 1.2492505 1.2986774 1.2974586 1.4078672 1.0992363 1.3914503 1.4121873 1.0963135 1.5930486 1.4446537 0.2887886 3.6052401 
Bolinf_Binf_sb1236947                                 1.7471273 1.4240079 1.4028718 1.4996523 1.4633092 1.7406233 1.3261901 1.1327695 1.1327695 1.3777450 0.9038924 1.2232069 1.1651622 1.2151868 1.3986913 1.5648041 1.3485232 1.3419940 1.3485232 1.4444112 1.3905748 0.3880726 1.3286090 0.1876005 0.1876005 0.1916249 0.0811451 0.0000010 0.2509706 0.2509706 0.0000000 0.0071672 0.2925252 0.2850205 1.0965324 1.3226839 1.5164539 1.0960685 1.1992329 1.1828113 1.1981827 1.0740310 1.1301645 1.0704181 1.4046212 1.1400448 1.1651088 1.1441392 1.0878107 1.1162629 1.1162629 1.1202980 1.0402097 1.2110096 1.0323922 1.1716990 1.2313303 1.3744752 1.2524197 1.2205058 1.1523307 2.8478149 1.3925095 1.5782325 1.4249589 1.3372177 1.7049441 1.2674804 1.2674804 1.2480979 1.2682037 1.3010319 1.3288933 1.3816846 2.0102741 1.6214043 1.1524740 1.4900630 1.4672788 1.2544636 1.7013126 1.8306869 5.3971275 2.6880581 
Mertsp_Mesp_sb550956                                  1.6365819 1.6614536 1.6255216 1.7496595 1.6878714 2.1042135 1.5821470 1.4877764 1.4877764 2.3103185 1.6166163 1.6148111 1.5746189 1.5266999 1.7116160 2.0585114 1.8279738 1.8279738 1.8279738 1.6739465 1.9278030 0.0000010 5.9857787 0.1940893 0.1940893 0.2435590 0.1062745 0.1617882 0.3625440 0.3625440 0.0071672 0.0000000 0.3276552 0.3372793 1.3181464 1.6534397 1.9946551 1.3138886 1.4832464 1.3543331 1.4135076 1.2966375 1.2885728 1.3579429 1.7398924 1.1580758 1.2156014 1.1421886 1.0880160 1.1240420 1.1240420 1.1101986 1.1268967 1.4531253 1.1147466 1.3013108 1.3285300 1.7836273 1.5338879 1.3897665 1.4203274 2.7448594 1.6601376 2.1875649 1.5735051 1.5735051 2.9111382 1.6181291 1.6181291 1.5865359 1.6535879 1.6904885 1.7665916 1.6278244 2.2005819 2.0125972 2.3955583 1.9416642 2.0166226 5.6472581 2.5970498 1.8431999 2.9329268 2.5652793 
Vmul_sbMO450276                                       1.7018749 1.2438713 1.2292508 1.2735350 1.2072473 1.5141144 1.1988346 1.0837086 0.8826526 1.3985575 0.7511584 0.9171507 0.8825876 0.9582323 0.9753241 1.5448483 1.1670331 1.1624508 1.1670331 1.3221325 1.3591815 0.3115476 0.4748796 0.2233689 0.2233689 0.2028075 0.2581898 0.1606882 0.2489290 0.2489290 0.2925252 0.3276552 0.0000000 0.0889190 1.0349769 1.0867572 1.1043746 0.8788797 0.9383616 1.0103800 0.9265456 0.9795129 0.9561134 0.9042808 1.1086235 1.0629010 1.0466490 1.0530688 1.1367614 1.0143855 1.0143855 1.0474702 0.9267199 1.2087371 0.9115370 1.0005498 1.2048404 1.1759532 1.0755991 1.0888242 0.9706509 0.9544306 1.1574737 1.1766572 1.2416636 1.1888439 1.2714358 1.0905991 1.0905991 1.0630387 1.0799510 1.1012743 1.1114192 1.1177454 1.2981706 1.2654222 0.9097523 1.2365938 1.2874661 0.9190677 1.8493266 1.4345363 0.7494171 2.9516747 
Coemet_Cmet_scaffold18367_01                          1.6370655 1.5295891 1.4961156 1.5852742 1.5008882 1.4583774 1.3846787 1.1849614 0.9669595 1.4328152 0.8580906 1.0742853 1.0653758 1.1405686 1.0860680 1.4721515 1.2298402 1.2358503 1.2298402 1.3269593 1.3449295 0.8004646 0.4217495 0.2348217 0.2218399 0.2391961 0.2642632 0.1419790 0.2798603 0.2738694 0.2850205 0.3372793 0.0889190 0.0000000 1.0741995 1.2391686 1.2225663 1.0449103 1.1531899 0.9969483 1.0468273 1.1631009 1.0791096 1.0635860 1.2184310 1.2480467 1.2115492 1.2016620 1.3059210 1.2367508 1.2464979 1.1344945 1.1512069 1.5000008 1.1183903 1.1952116 1.1874802 1.3369500 1.2734020 1.2890424 1.0723900 1.5393606 1.3546570 1.3964334 1.4066772 1.3533832 1.5094581 1.2165697 1.1510810 1.2175201 1.2447185 1.2664377 1.2933999 1.3933031 1.3379498 1.3858091 1.0934694 1.2953167 1.3884407 1.1824744 1.8216265 1.5906898 0.5905023 3.8826720 
Cgig_XM_011454075.3                                   1.1227757 0.9539588 0.9555270 1.0100903 0.9885897 1.2807054 1.0593671 1.3947835 1.1304967 1.4802787 1.0370168 1.0784319 1.0662552 1.1859233 1.2282921 1.5439581 1.3166904 1.3236237 1.3166904 1.4807400 1.2861426 0.9332643 1.2486131 1.1362628 1.0396072 1.1200115 1.1227344 0.7207942 1.1328634 1.1053277 1.0965324 1.3181464 1.0349769 1.0741995 0.0000000 0.3455283 0.5195750 0.4598753 0.4358682 0.4448127 0.5567565 0.5577391 0.4782123 0.4670704 0.6448529 0.7751158 0.7501049 0.7725442 0.8265483 0.7666675 0.7721475 0.6921909 0.8112284 1.0470131 0.8669210 0.8037345 0.8363873 0.8508367 1.0168629 1.0397970 0.9092816 1.1149200 0.9996240 1.0071904 1.0014178 0.9667056 1.1155100 1.0607751 0.9917966 1.0244870 1.0371350 1.0702997 1.0736302 0.8992674 0.9086700 0.9149159 1.1102305 0.9581557 1.1046165 0.8972413 1.6451295 1.4275455 1.4497416 2.0788242 
Acagra_model.g4326.t1.1.5d3b8349                      1.1078087 1.0341399 1.0527110 1.0545477 1.0501282 1.2934410 1.1930040 1.5284963 1.1797557 1.7216816 1.0450166 1.1401521 1.1316105 1.2639291 1.2813762 1.8083303 1.4171837 1.4250601 1.4171837 1.6754577 1.4778023 0.9125909 1.1942122 1.2695543 1.2053952 1.2631322 1.2431775 0.7372898 1.2259744 1.1892947 1.3226839 1.6534397 1.0867572 1.2391686 0.3455283 0.0000000 0.6021049 0.4675400 0.4716744 0.4589661 0.6530732 0.5823888 0.5437297 0.5010799 0.7238381 0.9216760 0.8894328 0.8938997 0.9819879 0.9245829 0.9315051 0.8382697 0.9231471 1.2119280 1.0039124 0.9742597 0.8070664 0.9514280 1.0647559 1.1137540 1.0457598 1.2398641 1.1471510 1.1926544 1.1348122 1.1006476 1.2690937 1.2569014 1.2003093 1.1670432 1.1765007 1.2122845 1.2273818 0.9201679 0.9303434 1.1561832 1.1215613 1.0066489 1.1875582 1.0048782 1.8627298 1.3624401 1.4361185 2.0759379 
Cscu_XM_023382949.1                                   1.2501893 1.0362047 1.0205439 1.1300753 1.0129057 1.2969121 1.1411129 1.8738447 1.2883679 1.5020353 0.9974185 1.2261145 1.2011594 1.3759334 1.3562553 1.6368031 1.4438087 1.4358173 1.4438087 1.9048197 1.5216065 0.7944205 0.9934721 1.2938714 1.2043838 1.3023863 1.3592586 0.6522532 1.3098360 1.2598788 1.5164539 1.9946551 1.1043746 1.2225663 0.5195750 0.6021049 0.0000000 0.2963618 0.3130012 0.4665243 0.5582832 0.6537545 0.5713130 0.4353235 0.5372015 0.7976425 0.7919052 0.7922916 0.8665987 0.8130378 0.8130378 0.7418906 0.8694587 1.2567171 0.9565022 0.9064155 1.0648243 0.9673426 1.0455056 1.1282441 1.0578780 1.1415591 1.0796218 0.9947862 1.1116193 1.0734687 1.1285401 1.2648346 1.2242803 1.1926450 1.1859846 1.2068959 1.2080606 1.0483179 0.8922395 1.1315426 0.9548740 1.1073533 1.2478048 0.8133563 1.8199037 1.4660372 1.3618374 1.9271532 
Dpul_mRNA19085                                        0.8260937 0.7890467 0.7722482 0.8585373 0.8331728 1.0076689 1.0179762 1.4276552 1.0911347 1.4742191 0.8519003 0.9427517 0.9616432 1.1452134 1.2053235 1.6677623 1.2448635 1.2376635 1.2448635 1.5017864 1.3361433 0.7529313 0.7680426 1.0554281 0.9339918 1.0983111 1.0588924 0.5665383 1.0445612 1.0001443 1.0960685 1.3138886 0.8788797 1.0449103 0.4598753 0.4675400 0.2963618 0.0000000 0.2007667 0.3370240 0.4831016 0.5521898 0.4269417 0.3903401 0.5133432 0.6761645 0.6495621 0.6445835 0.6779174 0.6910851 0.6910851 0.6006532 0.7190574 1.0431111 0.7721604 0.7784828 0.8015988 0.7692384 0.8534527 0.9422360 0.8407141 1.0260984 0.9457909 0.9661872 0.9765302 0.9435987 1.0953726 1.0258981 1.0030373 0.9316309 0.9542122 0.9647936 0.9807231 0.8033634 0.9514207 0.9490901 0.9560160 0.9534629 1.0850785 0.8290173 1.6785587 1.2746125 1.3376264 2.0450250 
Tcas_TC005330_001                                     0.9987012 0.9000975 0.9115720 0.9576856 0.9526613 1.0696543 1.0737831 1.5080280 1.1986839 1.4527679 0.9818902 1.0063261 1.0288567 1.1963121 1.1697046 1.6797756 1.3417942 1.3341890 1.3417942 1.4712150 1.4117591 0.7812494 0.9102141 1.1438648 1.0233649 1.1803573 1.1917333 0.6892405 1.2013313 1.1515557 1.1992329 1.4832464 0.9383616 1.1531899 0.4358682 0.4716744 0.3130012 0.2007667 0.0000000 0.3535526 0.4924284 0.5215669 0.4540119 0.3866383 0.5502153 0.7572242 0.7556252 0.7095374 0.7663062 0.7518419 0.7518419 0.6804731 0.7748657 1.0847358 0.8488882 0.8265422 0.8096461 0.8138779 0.9122486 0.9568028 0.9241791 1.1109386 0.9498964 0.9671002 0.9933788 0.9593329 1.1083580 1.1349439 1.0956147 1.0435537 1.0577123 1.0652258 1.0904754 0.8516846 0.8261974 0.9334515 0.9987206 0.9543746 1.0782221 0.8750605 1.6666773 1.3051583 1.5097922 2.1498261 
Skow_XM_006816374.1                                   0.9729063 0.6290904 0.6216157 0.6942136 0.6355059 1.0920068 0.9198407 1.3273963 1.1977073 1.3737862 1.0810713 1.0898298 1.0606505 1.1546596 1.2122667 1.4951987 1.2905733 1.3000869 1.2905733 1.5422948 1.4721750 0.5929467 1.1049905 1.0246520 1.0246520 1.0476688 1.0778287 0.8172512 1.0670972 1.0670972 1.1828113 1.3543331 1.0103800 0.9969483 0.4448127 0.4589661 0.4665243 0.3370240 0.3535526 0.0000000 0.3800068 0.4217446 0.4035487 0.4353522 0.4572289 0.6033490 0.6144098 0.6040518 0.5847636 0.5977838 0.5977838 0.5788504 0.6077333 0.8646814 0.6801545 0.7140280 0.7579598 0.7549316 0.7504303 0.7644052 0.7529959 0.9420889 0.8851020 0.8936041 0.9100711 0.8651017 1.1003644 0.8682853 0.8682853 0.8232373 0.8292013 0.8464522 0.8909457 0.7998524 1.0244763 0.8935785 0.7977953 0.9062070 0.9582679 0.8409874 1.7555745 1.1551371 1.3547470 1.5894365 
Spur_XM_030984055.1                                   0.9606834 0.7962352 0.7876873 0.8628139 0.8115672 1.1227924 1.0397536 1.6326982 1.2453202 1.4706992 0.9396183 1.1464662 1.1283895 1.2409540 1.2204404 1.6160414 1.3972854 1.4171174 1.3972854 1.6114795 1.4795754 0.8224576 0.9019683 1.0998010 0.9735595 1.0958304 1.1594435 0.6477221 1.1512357 1.1301105 1.1981827 1.4135076 0.9265456 1.0468273 0.5567565 0.6530732 0.5582832 0.4831016 0.4924284 0.3800068 0.0000000 0.5383417 0.4860616 0.5761350 0.5176807 0.6217375 0.5988008 0.6114440 0.6379315 0.5765085 0.5803897 0.5175030 0.6596915 0.9118311 0.7643063 0.7868001 0.8275304 0.8230348 0.8586368 0.8542629 0.7965578 0.9836510 0.9834689 1.0083344 1.0075991 0.9669236 1.0730908 0.8797749 0.8536884 0.8946049 0.9006376 0.9039845 0.8988983 0.8101166 0.8781208 0.9546496 0.8805283 0.9876542 1.0793398 0.7971628 1.7547820 1.2306889 1.3470295 2.0322690 
Hsap_ENST00000446526                                  0.9737074 0.8807930 0.8788082 0.9088159 0.9440297 1.0760405 1.0735089 1.4718066 1.2710818 1.5645348 1.2532242 1.2396482 1.2708037 1.3325295 1.3591245 1.5982094 1.3699393 1.3774279 1.3699393 1.4552713 1.3825171 1.1279157 1.2990639 1.2063324 1.0775055 1.2033138 1.1873445 0.7389520 1.2723315 1.2648149 1.0740310 1.2966375 0.9795129 1.1631009 0.5577391 0.5823888 0.6537545 0.5521898 0.5215669 0.4217446 0.5383417 0.0000000 0.2979448 0.5672179 0.5634616 0.7835159 0.7773653 0.7944261 0.8415953 0.7896507 0.7953393 0.6810884 0.8534221 1.0896978 0.8574210 0.8356667 0.7861815 0.9458206 1.0123945 1.0040037 0.9384549 1.2096414 1.0473177 1.1024766 1.0881587 1.0468746 1.2411940 1.1037309 1.0825403 1.0578879 1.0545518 1.0732710 1.1038039 0.8700126 0.9685786 1.0317231 1.1177568 1.0140629 1.0859977 0.9604954 1.6456449 1.3287060 1.8332832 1.5544850 
Hsap_ENST00000268835                                  0.9275593 0.7370033 0.7347176 0.7889494 0.7790545 1.0674575 0.9647494 1.5375303 1.1638834 1.5509703 0.9623140 1.0978507 1.0920960 1.1659872 1.2489751 1.5955355 1.2945074 1.2977146 1.2945074 1.5197887 1.3385378 0.8182823 1.0311295 1.1198181 0.9969441 1.1008305 1.1127371 0.6936646 1.1900554 1.1571945 1.1301645 1.2885728 0.9561134 1.0791096 0.4782123 0.5437297 0.5713130 0.4269417 0.4540119 0.4035487 0.4860616 0.2979448 0.0000000 0.5690765 0.4963073 0.6719027 0.6380917 0.6556044 0.7101952 0.6942587 0.6990576 0.6051458 0.7431168 0.9724640 0.7404539 0.6804401 0.7825363 0.8243821 0.9106584 0.9300719 0.8409120 1.1124185 0.9853880 1.0330089 1.0139408 0.9866521 1.2103419 0.9617028 0.9423640 0.9159491 0.9563683 0.9522631 1.0130113 0.8953555 1.0298051 1.0801813 1.0773243 0.9537417 1.0737629 0.9068556 1.6621062 1.2632257 1.4985935 1.9211547 
Ctel_gnl_WGS_AMQN_CAPTEDRAFT_mRNA147868               1.0985375 0.9811564 0.9747488 1.0164088 0.9876470 1.2002699 1.1148476 1.4537859 1.0499733 1.6154216 0.9945289 1.0458164 1.0073250 1.0876668 1.1239065 1.7003590 1.2169292 1.2131393 1.2169292 1.5154902 1.2804399 0.6765027 1.0175788 1.0895892 1.0249957 1.0223651 1.0622636 0.5986791 1.0749961 1.0749961 1.0704181 1.3579429 0.9042808 1.0635860 0.4670704 0.5010799 0.4353235 0.3903401 0.3866383 0.4353522 0.5761350 0.5672179 0.5690765 0.0000000 0.6576117 0.8470523 0.8231511 0.8339126 0.8496322 0.8001122 0.8001122 0.7648656 0.8951298 1.1898133 0.8314912 0.8170390 0.7772528 0.8503889 0.9387927 0.9553315 0.9000413 0.9167203 0.9126117 0.9173352 0.9853452 0.9519914 1.0411008 0.9825975 0.9825975 0.9726102 0.9757447 0.9841705 0.9520274 0.8909878 0.8682133 0.8616769 1.0597337 1.0332519 1.1039027 0.9278926 1.7219370 1.3488211 1.3959836 2.3320424 
