92
Halamb_c27495_g1_i1m.5448                              0.0000000 0.0000010 0.0641000 0.0473855 0.1075389 0.5257224 0.3718749 0.4197201 0.0000010 0.4117858 0.4218976 0.4215209 0.6270270 0.3690342 0.3754690 0.3754690 0.3700085 0.4767434 0.4025257 0.4016887 0.3894516 0.3894516 0.4095276 0.3915768 0.3915768 0.3603988 0.4168817 0.4645050 0.4552553 0.3949161 0.4071875 0.3954511 0.3540922 0.5931191 0.4590051 0.3097529 0.2916123 0.1054771 0.2860441 0.3840041 0.2749995 0.3168267 0.3173673 0.3737410 0.3787836 0.4395741 0.4254424 0.4401718 0.4086779 0.0000010 0.4109013 0.3967127 0.3897118 0.4437015 0.0000010 0.5176551 0.4298991 0.0000010 0.3601084 0.3601084 0.3601084 0.3594294 0.3819005 0.3815285 0.3815285 0.3074855 0.0758942 0.5160377 0.2908044 0.5571274 0.4877633 0.4985277 0.5062511 0.6261167 0.6282372 0.6577435 0.4257911 0.2430945 0.0000010 0.7488182 0.7244462 0.6649852 0.7329545 0.6730981 0.0000010 0.0000010 0.0000010 0.0000010 0.0000010 0.0000010 0.0000010 0.0000010 
Halamb_c14013_g1_i1m.2308                              0.0000010 0.0000000 0.0190033 0.0289037 0.0586647 0.4884988 0.0000010 0.3143635 0.0000010 0.3292906 0.2885275 0.3010983 0.0000010 0.3169828 0.3102639 0.3102639 0.2962592 0.2962592 0.3082324 0.3117331 0.4002985 0.2962592 0.0000010 0.3465490 0.3465490 0.3344555 0.3598231 0.3048432 0.3293706 0.3320799 0.2924539 0.3236592 0.3236592 0.0000010 0.3196594 0.0000010 0.4022915 0.4022915 0.3427757 0.3890015 8.3059881 0.4105683 0.4614748 0.3715544 0.3238282 0.4216886 0.3344431 0.3238282 0.3130906 0.3141140 0.3238282 0.3077924 0.3495315 0.3427684 0.0000010 0.3380922 0.3276642 0.5629547 0.4147897 0.4147897 0.4147897 0.4147897 0.4001362 0.4147897 0.4147897 0.3038991 0.2801817 0.2877681 0.2962592 0.5292953 0.5757910 0.5236818 0.5350271 0.7181855 0.2215964 0.6650511 0.4231063 0.4048930 0.0000010 0.7107392 0.6344493 0.6374552 0.5902482 0.6463908 0.9674248 0.9833978 0.6240507 2.3954334 0.0000010 1.0792473 0.0000010 0.0000010 
Halamb_c55359_g1_i2mm.6505                             0.0641000 0.0190033 0.0000000 0.3037383 0.2867002 0.5141033 0.3483761 0.7558268 0.4211277 0.8394352 0.7933422 0.7742905 0.3458225 0.7083874 0.7038307 0.6877286 0.6069109 0.4064819 0.7163433 0.7381734 0.3543062 0.7640430 0.3517437 0.4767025 0.8414903 0.7542623 0.8339317 0.7669072 0.8111110 0.7850618 0.7005520 0.7200297 0.7434859 0.4382720 0.8024538 0.2907964 0.7500254 1.3150231 0.7418723 0.7891880 0.2769238 0.3854965 0.6582601 0.7852320 0.9603963 0.4391909 0.9690579 1.0308999 0.8889036 1.6642435 0.9799443 0.8203734 1.0188305 1.0372355 0.5369075 1.4592587 1.1254280 0.5507884 0.8119702 0.8056280 0.8092756 0.8003296 0.8217611 0.8163803 0.8230356 0.9442577 0.4926755 0.8702129 0.9336885 0.9636216 0.9480805 0.9419687 0.6632100 1.0314751 0.5186390 1.0890907 0.8564965 0.9556999 0.4306418 1.0529299 0.9652507 1.0860879 1.1284723 1.2525709 1.9155679 3.9921031 2.5634581 1.4020407 1.0953586 1.5120573 2.5097665 2.0063417 
Xestes_maker-XT_scaffold2849-augustus-gene-0.24-mRNA-1 0.0473855 0.0289037 0.3037383 0.0000000 0.3499370 0.5128094 0.3142239 0.7168779 0.3471992 0.7940944 0.7487877 0.7466206 0.3053889 0.6954689 0.6783757 0.6702329 0.5780573 0.3771127 0.7605461 0.7114767 0.3392405 0.7503574 0.3420497 0.4596835 0.8902375 0.7463424 0.7935231 0.7374016 0.8161436 0.7648099 0.6871969 0.6962354 0.7054022 0.4249278 0.8177352 0.2651158 0.7250411 1.1998872 0.6860437 0.7255895 0.2232475 0.3849574 0.6250103 0.8041179 1.0063783 0.4284294 0.9529770 1.0153908 0.9464063 1.5014639 0.9208449 0.8383559 0.9570239 1.0275853 0.5046578 1.3931886 1.1039434 0.5446577 0.8693550 0.8625183 0.8448525 0.8472509 0.8730398 0.8413763 0.8486602 0.9042452 0.4983984 0.8144983 0.8684047 0.9596169 0.9204754 0.9287427 0.6598927 0.9973946 0.5242866 1.0282508 0.8973850 0.9882934 0.4417028 1.0771890 0.9722011 1.1104093 1.1735352 1.2494925 1.8438777 3.9113545 2.3690778 1.3563269 1.3350342 1.4397616 1.8283646 1.9539060 
Aque_Aqu2.1.39742_001                                  0.1075389 0.0586647 0.2867002 0.3499370 0.0000000 0.5215122 0.3555964 0.7486504 0.4042768 0.7906615 0.7835832 0.7953288 0.3541120 0.7196658 0.7364643 0.7496382 0.6381310 0.4193247 0.7829979 0.7416152 0.3932357 0.8042568 0.3596732 0.5049043 0.9138596 0.7437133 0.8480316 0.7816793 0.7922285 0.8116188 0.7297608 0.7174300 0.7154669 0.4520194 0.8120116 0.2988593 0.8111545 1.4051119 0.7580512 0.8173955 0.2817557 0.4241467 0.6567157 0.8326380 0.9472563 0.4841246 0.9489911 0.9903265 0.9686102 1.5102184 0.9209875 0.8031975 0.9639149 0.9949723 0.5838440 1.4323220 1.1382781 0.5514033 0.8630499 0.8563768 0.8464613 0.8229237 0.8645686 0.8520788 0.8589778 0.9576273 0.6325443 0.8360580 0.9541492 0.9649864 0.9401336 0.8940738 0.6636701 1.0475669 0.5269136 1.1074079 0.8722231 0.9394072 0.4463305 1.0757437 0.9883181 1.0720374 1.1281282 1.2356751 1.9413666 2.9816089 2.1537359 1.4820194 1.1834042 1.5266383 2.6131624 1.9156505 
Lcom_lcpid146569                                       0.5257224 0.4884988 0.5141033 0.5128094 0.5215122 0.0000000 0.3140066 0.3584006 0.0000010 0.3126609 0.4090286 0.3792146 1.1805797 0.3671689 0.3493292 0.3493292 0.3445633 0.4306456 0.3368453 0.3021185 0.3580201 0.3580201 0.3148762 0.3253262 0.3253262 0.2951214 0.3769720 0.2660982 0.3289916 0.2405558 0.1913604 0.3161278 0.2863651 0.5638198 0.2962781 0.4034601 0.3952405 0.2572851 0.3828015 0.3594904 0.5472294 0.5570643 0.5552901 0.3847814 0.3269268 0.3165576 0.3239495 0.3176410 0.3139604 0.1682986 0.3183298 0.3198747 0.3392683 0.3373172 0.0000010 0.3350329 0.3090818 0.3476721 0.3697571 0.3697571 0.3697571 0.3691828 0.3963558 0.3810251 0.3810251 0.2559190 0.4308638 0.3986848 0.2459068 0.5265170 0.5305656 0.5297694 0.4727315 0.7755491 0.6606685 0.7594244 0.4660301 0.3320235 0.0000010 0.8595541 0.7941240 0.8008914 0.8266760 0.7575537 1.5556708 0.0000010 0.0000010 0.0000010 0.0000010 0.0000010 0.0000010 0.0000010 
Sanmal_Sma_001936-T1                                   0.3718749 0.0000010 0.3483761 0.3142239 0.3555964 0.3140066 0.0000000 0.0118255 0.1769786 0.1374290 0.0992419 0.0727505 0.1398732 0.1544551 0.1534067 0.1534067 0.1557902 0.1628426 0.1764758 0.1712825 0.1553393 0.1665922 0.1573783 0.1990944 0.1990944 0.1321072 0.1841718 0.1912396 0.1937641 0.2031593 0.0000010 0.1887328 0.1868840 0.2801673 0.2263555 0.2369847 0.2369847 0.5375120 0.1910418 0.1712985 0.2915058 0.2814234 0.2924657 0.2354619 0.0799323 0.2039271 0.2472800 0.2523067 0.2235018 0.0000010 0.2470534 0.2872627 0.2872627 0.2725089 0.2714831 0.3196646 0.1865073 0.0000010 0.2414447 0.2414447 0.2513909 0.2463134 0.2389692 0.2734082 0.2691248 0.1654685 0.0000010 0.1114567 0.1238666 0.3950074 0.3857411 0.4026824 0.3665853 0.4768580 0.4577312 0.5073404 0.3132187 0.1703088 0.3142713 0.4682606 0.4907353 0.4866772 0.5269511 0.5401763 0.0000010 0.0000010 0.0000010 0.9353425 0.0000010 0.0000010 0.0000010 0.0000010 
Sanmal_Sma_019137-T1                                   0.4197201 0.3143635 0.7558268 0.7168779 0.7486504 0.3584006 0.0118255 0.0000000 0.1825224 0.4027806 0.1963475 0.1777888 0.1410228 0.3802976 0.3771741 0.3815491 0.3378653 0.2251830 0.4205371 0.3834648 0.2169789 0.4328978 0.1821958 0.3437745 0.6207805 0.4522074 0.5488117 0.4564335 0.5304915 0.4841606 0.4350137 0.3949141 0.3910715 0.3059821 0.5709915 0.2530688 0.5050752 0.7313859 0.5288779 0.5068275 0.3420248 0.4883324 0.6618358 0.5756056 0.7271684 0.2817090 0.6978285 0.7475341 0.7077682 1.3616941 0.7357191 0.6319856 0.7960106 0.7876348 0.3623460 1.1508346 0.6587660 0.3515955 0.6213388 0.6158257 0.6192038 0.6086553 0.6341025 0.6730910 0.6690848 0.5647530 0.5972433 0.3507902 0.4857552 0.7117529 0.7114261 0.7514321 0.6020506 0.8790166 0.5057818 0.8753987 0.6468570 0.6808827 0.4247100 0.9131482 0.8935145 0.9647661 0.9384499 0.8834973 1.4149229 2.8949341 2.0270640 1.2226687 2.1141793 1.4990438 1.3478839 1.6820313 
Hvul_g10699_1                                          0.0000010 0.0000010 0.4211277 0.3471992 0.4042768 0.0000010 0.1769786 0.1825224 0.0000000 0.0711347 0.1890610 0.1853382 0.2116383 0.2203324 0.2116963 0.2116963 0.2032914 0.2012098 0.2333699 0.2306604 0.2388198 0.2676913 0.2636292 0.2851766 0.2851766 0.2172996 0.2317927 0.2350780 0.2729256 0.2504380 0.0000010 0.2144429 0.2421862 0.2984945 0.2808450 0.2957788 0.2957788 0.5375120 0.2561261 0.2286141 0.3471660 0.3249029 0.3521852 0.2642714 0.0000010 0.0000010 0.4142807 0.4104360 0.4015667 0.0000010 0.4236255 0.4418835 0.4418835 0.4508973 0.4676617 0.0000010 0.0000010 0.0000010 0.2720799 0.2720799 0.2737822 0.2810242 0.2720799 0.3017926 0.3084043 0.2539687 0.0000010 0.3200572 0.2559289 0.4141448 0.4319399 0.4166049 0.4573298 0.4712632 0.4816406 0.4544125 0.3383788 0.2583766 0.4042623 0.4125215 0.4115550 0.4546678 0.4640075 0.6696122 0.0000010 0.0000010 0.0000010 0.6753509 0.0000010 0.0000010 0.0000010 0.0000010 
Chem_TCONS_00016893                                    0.4117858 0.3292906 0.8394352 0.7940944 0.7906615 0.3126609 0.1374290 0.4027806 0.0711347 0.0000000 0.4241146 0.4127588 0.1941133 0.4717292 0.4727417 0.4633885 0.3863498 0.2616582 0.5141900 0.4720411 0.2345888 0.5144255 0.2478941 0.3401200 0.6565071 0.5294122 0.6057483 0.5326724 0.6031120 0.5614920 0.5104780 0.4475130 0.4472814 0.3428823 0.6228212 0.2682980 0.6071865 0.9315374 0.5826841 0.5991974 0.3334218 0.5448706 0.7503441 0.6538182 0.8145935 0.2313034 0.7613066 0.8433438 0.7997961 1.3751905 0.7755821 0.6783220 0.8059452 0.8098758 0.4547714 1.2649064 0.5291889 0.2534291 0.6825736 0.6868419 0.6713169 0.6707483 0.7062767 0.7120810 0.7144280 0.6397333 0.7682393 0.4901012 0.6045406 0.8258698 0.7804511 0.7534205 0.6280114 0.9575497 0.5399444 0.9643876 0.7880646 0.6782446 0.3992411 0.9801077 0.9628095 1.0057160 1.0477893 1.0953788 1.5738291 4.0638652 2.0524035 1.1347748 3.2229577 1.5904780 1.5137557 1.5701099 
Nemnom_g19002.t1                                       0.4218976 0.2885275 0.7933422 0.7487877 0.7835832 0.4090286 0.0992419 0.1963475 0.1890610 0.4241146 0.0000000 0.0801091 0.1963567 0.4202688 0.3948512 0.4072210 0.3479849 0.2371254 0.4579364 0.3980936 0.2502623 0.4775454 0.2102931 0.3495444 0.5913708 0.4782160 0.5549906 0.4512617 0.5072885 0.4773081 0.3762005 0.4114563 0.4145587 0.3141193 0.5614710 0.2714083 0.5507891 0.7940719 0.5827041 0.5237786 0.3701763 0.5269304 0.6885580 0.5957237 0.7914314 0.2637795 0.7376998 0.8121591 0.7766069 1.3981124 0.7755895 0.6736372 0.8325509 0.8412765 0.3099585 1.2418347 0.6549151 0.3291077 0.6650874 0.6651892 0.6639751 0.6639980 0.6925440 0.7255821 0.7229802 0.5799956 0.6928209 0.3624787 0.4777619 0.7229747 0.7018628 0.7417782 0.6202121 0.9371752 0.5206767 0.9298896 0.6732592 0.6555862 0.4598684 0.9242725 0.9293777 0.9518879 0.9695144 0.9269631 1.4217186 3.2106347 2.0662220 1.1381590 2.4128855 1.4718312 1.2453519 1.5219555 
Rhoesc_Res_006210-T1                                   0.4215209 0.3010983 0.7742905 0.7466206 0.7953288 0.3792146 0.0727505 0.1777888 0.1853382 0.4127588 0.0801091 0.0000000 0.1842196 0.4100237 0.4005506 0.3947817 0.3378058 0.2347152 0.4498007 0.3883748 0.2499036 0.4510927 0.2009959 0.3488639 0.5935368 0.4729065 0.5594250 0.4505293 0.5170939 0.4863941 0.4102099 0.4089799 0.3985033 0.3024642 0.5715068 0.2651154 0.5274232 0.7484004 0.5598220 0.5322659 0.3797468 0.5264466 0.6977136 0.5645570 0.7620459 0.2817090 0.7314712 0.7886122 0.7481932 1.2927586 0.7364235 0.6584405 0.8091884 0.8305010 0.3108432 1.1738363 0.6439828 0.3346307 0.6756236 0.6799177 0.6727279 0.6761071 0.6883443 0.7160121 0.7134784 0.5867434 0.6776953 0.3399686 0.4925756 0.7186365 0.6967931 0.7334574 0.5955486 0.9344880 0.5097079 0.8886116 0.6962693 0.6329300 0.4403464 0.9254821 0.9015926 0.9268698 0.9568626 0.9637125 1.3704552 2.6762325 1.8472935 1.0179960 2.1390577 1.5031463 1.1984333 1.5057520 
Fspp_ffun1.m4.19425.m1                                 0.6270270 0.0000010 0.3458225 0.3053889 0.3541120 1.1805797 0.1398732 0.1410228 0.2116383 0.1941133 0.1963567 0.1842196 0.0000000 0.0172162 0.0171893 0.0171893 0.0264051 0.0290313 0.0684555 0.0744584 0.0330317 0.0550266 0.1799521 0.2123205 0.2123205 0.1365755 0.2084890 0.2088737 0.2087409 0.2297637 0.0000010 0.1373416 0.1434215 0.2685889 0.2234731 0.2289404 0.2289404 0.5375120 0.2132066 0.1651032 0.2850895 0.2846501 0.2860851 0.2352707 0.0000010 0.0000010 0.3589508 0.3546178 0.3662233 0.0000010 0.3657544 0.3902708 0.3902708 0.4071143 0.4033399 0.0000010 0.9387297 0.0000010 0.2612747 0.2612747 0.2740547 0.2685420 0.2615338 0.2957495 0.3009524 0.1619788 0.0000010 0.2187347 0.0000010 0.4382531 0.4528809 0.4575925 0.4491882 0.4721427 0.4628857 0.5396722 0.3511032 0.1746947 0.4463393 0.4671743 0.5088370 0.5116403 0.5149365 0.7077101 0.0000010 0.0000010 0.0000010 0.9353425 0.0000010 0.0000010 0.0000010 0.0000010 
Gasp_gasp1.m3.31384.m1                                 0.3690342 0.3169828 0.7083874 0.6954689 0.7196658 0.3671689 0.1544551 0.3802976 0.2203324 0.4717292 0.4202688 0.4100237 0.0172162 0.0000000 0.0645772 0.0636620 0.0778645 0.0635604 0.2111782 0.2041091 0.0620349 0.1706592 0.1664725 0.2906934 0.5541299 0.4051128 0.4706349 0.4196568 0.4940765 0.4172531 0.4065952 0.2758479 0.2993170 0.2788679 0.4902253 0.2263272 0.4369915 0.6363377 0.4495039 0.4124938 0.2628080 0.4360926 0.5930361 0.5188467 0.7978857 0.2469613 0.7730733 0.8465037 0.8017840 1.3017150 0.7614575 0.6602787 0.7875902 0.8509794 0.4117515 1.2076186 0.6920130 0.3234201 0.6276527 0.6217961 0.6339011 0.6270249 0.6405951 0.6601532 0.6642705 0.4932524 0.6773922 0.4667009 0.1109975 0.6633089 0.6410147 0.6735895 0.5622508 0.8792423 0.4217183 0.8953978 0.6336547 0.5945788 0.4363683 0.9478774 0.9408355 0.9148406 1.0206321 0.8841915 1.4167009 2.9679422 1.9363468 0.9965607 1.8332706 1.3096957 1.0361748 1.4009744 
Pocdam_XM_027191679.1                                  0.3754690 0.3102639 0.7038307 0.6783757 0.7364643 0.3493292 0.1534067 0.3771741 0.2116963 0.4727417 0.3948512 0.4005506 0.0171893 0.0645772 0.0000000 0.0367454 0.0771404 0.0556493 0.2065498 0.2006057 0.0585507 0.1486364 0.1653082 0.2873120 0.5731523 0.4103710 0.4796533 0.4187730 0.4931637 0.4339010 0.3961304 0.2865087 0.2990890 0.2765575 0.4892713 0.2189761 0.4277130 0.6052386 0.4468538 0.4213679 0.2880384 0.4534199 0.5830972 0.5445454 0.8354733 0.2447289 0.7467922 0.8471957 0.7904660 1.3536592 0.7756523 0.6449570 0.7822357 0.8325076 0.3987488 1.1993953 0.6775089 0.3370637 0.6089790 0.6034172 0.6210750 0.6131710 0.6275349 0.6507889 0.6547399 0.4924861 0.6477891 0.4468539 0.1077664 0.6603695 0.6288955 0.6712585 0.5715351 0.8810614 0.4050740 0.8727046 0.6213561 0.5856307 0.4217175 0.9115847 0.9454176 0.9198760 1.0068598 0.8745281 1.4641154 3.5152450 2.1202074 1.1796704 1.7807075 1.2155269 1.1483024 1.4040469 
Spis_XP_022780878_1                                    0.3754690 0.3102639 0.6877286 0.6702329 0.7496382 0.3493292 0.1534067 0.3815491 0.2116963 0.4633885 0.4072210 0.3947817 0.0171893 0.0636620 0.0367454 0.0000000 0.0781578 0.0556204 0.2054448 0.1984159 0.0585507 0.1540558 0.1653082 0.2930359 0.5663272 0.4086747 0.4494480 0.4120798 0.4895216 0.4251305 0.4002448 0.2910932 0.2988533 0.2765575 0.4846330 0.2189761 0.4167710 0.5801831 0.4250467 0.4158947 0.2880384 0.4575417 0.6002442 0.5087349 0.8305259 0.2447289 0.7486805 0.8304084 0.7921341 1.3298309 0.7654206 0.6347944 0.7728119 0.8237755 0.3987488 1.1597461 0.6360825 0.3370637 0.5895634 0.5841225 0.6009508 0.5902667 0.6019338 0.6292512 0.6331402 0.4732092 0.6799399 0.4322860 0.1125904 0.6404805 0.6091698 0.6554806 0.5582900 0.8707576 0.4050740 0.8559219 0.6112938 0.5693796 0.4217175 0.9215393 0.9379637 0.9213299 1.0136911 0.9062899 1.4614504 3.5184495 2.0471241 1.0476914 1.7787227 1.2478377 1.0547074 1.4519950 
Gfas_gfas1.m1.8766.m1                                  0.3700085 0.2962592 0.6069109 0.5780573 0.6381310 0.3445633 0.1557902 0.3378653 0.2032914 0.3863498 0.3479849 0.3378058 0.0264051 0.0778645 0.0771404 0.0781578 0.0000000 0.0478772 0.1670345 0.1780347 0.0446825 0.1199685 0.1679856 0.2371180 0.4439891 0.3429024 0.3884147 0.3461294 0.3969669 0.3341956 0.1859234 0.2481016 0.2454062 0.2837494 0.4287409 0.2232898 0.3723506 0.5187882 0.3835675 0.3458669 0.2815938 0.3357581 0.4940965 0.4226895 0.4744336 0.2217711 0.6237449 0.6720029 0.6667115 1.0334006 0.6237813 0.4911132 0.6482291 0.6891817 0.3830445 0.9542625 0.5234077 0.3370637 0.4855711 0.4844525 0.5027502 0.4992397 0.4968561 0.5019473 0.5059358 0.3773994 0.4186601 0.3943969 0.1040176 0.5977709 0.5873719 0.6188697 0.5262257 0.7583856 0.4022216 0.7332824 0.5505690 0.5476995 0.4356429 0.8269649 0.8495023 0.8179330 0.9049639 0.7852396 1.2334154 1.7703057 1.5439554 0.8678844 1.3994275 1.1401218 1.4451061 1.2888171 
Amil_Amillepora34500-RA                                0.4767434 0.2962592 0.4064819 0.3771127 0.4193247 0.4306456 0.1628426 0.2251830 0.2012098 0.2616582 0.2371254 0.2347152 0.0290313 0.0635604 0.0556493 0.0556204 0.0478772 0.0000000 0.0855403 0.0984137 0.0400087 0.0486386 0.1815389 0.2229543 0.2713058 0.2120241 0.2522451 0.2285700 0.2519339 0.2476751 0.1666566 0.1575805 0.1468707 0.3012475 0.2303740 0.2352146 0.2557183 0.2931222 0.2740878 0.2197201 0.2834619 0.3593045 0.3975655 0.2943620 0.2974975 0.2318657 0.3612161 0.3761480 0.3452024 0.4947983 0.3713398 0.3447520 0.3812564 0.4074012 0.3788192 0.4319985 0.3583494 0.3370637 0.3397402 0.3397402 0.3482742 0.3470961 0.3485349 0.3588197 0.3615384 0.2366669 0.3382568 0.2654817 0.0584542 0.4907814 0.4974435 0.4987430 0.4902543 0.6079671 0.4372617 0.6151271 0.4494728 0.3104360 0.3997783 0.6521832 0.6718014 0.6854191 0.6964393 0.7017622 0.9998649 1.2267291 1.4010209 3.1261759 0.8082775 0.9479670 6.4022527 8.9999981 
Nvec_v1g190491                                         0.4025257 0.3082324 0.7163433 0.7605461 0.7829979 0.3368453 0.1764758 0.4205371 0.2333699 0.5141900 0.4579364 0.4498007 0.0684555 0.2111782 0.2065498 0.2054448 0.1670345 0.0855403 0.0000000 0.1844663 0.1085109 0.2589363 0.1591451 0.2604189 0.4813769 0.4473584 0.4992771 0.4802361 0.5052931 0.4837826 0.4872070 0.3476304 0.3551212 0.3053961 0.5336141 0.2027532 0.4679869 0.7584682 0.5062787 0.4575944 0.2934829 0.4500214 0.6059960 0.5413996 0.7585416 0.2272996 0.6842366 0.7110101 0.7423037 1.3359864 0.7231699 0.6415397 0.7462674 0.7504682 0.3905801 1.1383962 0.7587273 0.3227800 0.6094166 0.6096248 0.6196170 0.6232999 0.6262773 0.6476296 0.6519039 0.5185255 0.7303869 0.4294155 0.2791697 0.6769563 0.6376958 0.6481562 0.5402317 0.8424081 0.4123813 0.8450819 0.6002082 0.6008606 0.4697561 0.8788153 0.8916977 0.9062998 0.9664825 0.8902055 1.4904019 2.9847494 2.1940752 1.1122389 1.8070065 1.5113128 2.8702667 1.3480375 
Exapal_XM_021053977.2                                  0.4016887 0.3117331 0.7381734 0.7114767 0.7416152 0.3021185 0.1712825 0.3834648 0.2306604 0.4720411 0.3980936 0.3883748 0.0744584 0.2041091 0.2006057 0.1984159 0.1780347 0.0984137 0.1844663 0.0000000 0.1258969 0.2246836 0.1503648 0.2536738 0.5305608 0.4304674 0.4780968 0.4143267 0.4468558 0.4320917 0.3317571 0.3274450 0.3186264 0.2824096 0.5266054 0.1996515 0.4329544 0.6453318 0.4871509 0.4118441 0.2943244 0.4354583 0.5974461 0.5408648 0.7366124 0.1952675 0.7245423 0.8103011 0.7539860 1.3586337 0.7502030 0.6121380 0.7820582 0.8019978 0.3848874 1.1211039 0.6555293 0.3171027 0.6351896 0.6351567 0.6264107 0.6375352 0.6368042 0.6647902 0.6687689 0.4857433 0.6673242 0.4561494 0.2589174 0.6974452 0.6559463 0.7021361 0.5565502 0.8376767 0.4057551 0.8386674 0.6112131 0.5448347 0.4790598 0.9454825 0.9304325 0.9703769 0.9974189 0.8809695 1.4833123 2.9198413 2.0535227 1.1471963 2.1462721 1.4044969 1.1803351 1.7830629 
Adig_XM_015906708.1                                    0.3894516 0.4002985 0.3543062 0.3392405 0.3932357 0.3580201 0.1553393 0.2169789 0.2388198 0.2345888 0.2502623 0.2499036 0.0330317 0.0620349 0.0585507 0.0585507 0.0446825 0.0400087 0.1085109 0.1258969 0.0000000 0.0269064 0.1947476 0.2382942 0.2416271 0.1875132 0.2594808 0.2398978 0.2299376 0.2371034 0.2932412 0.1724135 0.1675898 0.3556852 0.2315084 0.2567181 0.2852794 0.3786176 0.2851678 0.2215231 0.3070518 0.4020736 0.3985514 0.2665913 0.3148971 0.2401299 0.3865642 0.3799938 0.3537786 0.5210490 0.3810008 0.4015544 0.4002555 0.4200247 0.5322764 0.4005674 0.3038621 0.5910333 0.3341606 0.3341606 0.3354609 0.3351885 0.3339438 0.3445523 0.3445523 0.2410755 0.5324313 0.3368784 0.0749991 0.4376465 0.4544507 0.4658901 0.4922203 0.5644308 0.4730591 0.6013199 0.4062284 0.3383778 0.4993305 0.6770250 0.7033535 0.6979316 0.7034854 0.6149007 2.3009886 1.0625718 1.1507289 0.0000010 0.9490338 1.2569631 0.0000010 0.0000010 
Adig_XM_015913194.1                                    0.3894516 0.2962592 0.7640430 0.7503574 0.8042568 0.3580201 0.1665922 0.4328978 0.2676913 0.5144255 0.4775454 0.4510927 0.0550266 0.1706592 0.1486364 0.1540558 0.1199685 0.0486386 0.2589363 0.2246836 0.0269064 0.0000000 0.2037009 0.3087776 0.6723571 0.4568960 0.5308011 0.4621284 0.5346996 0.4974978 0.3216512 0.3807464 0.3694282 0.3181295 0.5464480 0.2678682 0.4804814 0.6959290 0.5075319 0.5046026 0.3297477 0.4694815 0.6961667 0.5667200 0.7458920 0.2318657 0.7324349 0.8672132 0.8020554 1.3917740 0.7847928 0.6466250 0.7931233 0.8264880 0.4626584 1.0930951 0.7672763 0.3370637 0.6636155 0.6629212 0.6582866 0.6593439 0.6666177 0.7179158 0.7226053 0.5435063 0.6244025 0.5594330 0.1888640 0.7382391 0.7141303 0.7529624 0.5760797 0.9571187 0.4520795 0.9502766 0.7206015 0.7107485 0.5451000 1.0206070 1.0422768 0.9937458 1.0879537 0.9818126 1.6299402 3.0625668 2.3464662 1.9844094 1.7238736 1.6041036 1.8701071 2.5900087 
Cscu_XM_023354170.1                                    0.4095276 0.0000010 0.3517437 0.3420497 0.3596732 0.3148762 0.1573783 0.1821958 0.2636292 0.2478941 0.2102931 0.2009959 0.1799521 0.1664725 0.1653082 0.1653082 0.1679856 0.1815389 0.1591451 0.1503648 0.1947476 0.2037009 0.0000000 0.0816318 0.0816318 0.1210706 0.1348333 0.1464204 0.1344491 0.1552058 0.0000010 0.2012321 0.1964317 0.2606944 0.1766888 0.2432314 0.2432314 0.5375120 0.2280919 0.1518659 0.2819602 0.2921109 0.2964945 0.1748098 0.1028739 0.1145511 0.2873160 0.2879306 0.2651337 0.0000010 0.2851064 0.2991158 0.2991158 0.3200829 0.4175672 0.2957515 0.1796424 0.0000010 0.2793137 0.2793137 0.2880831 0.2880672 0.2801711 0.3031085 0.3068915 0.0110475 0.0000010 0.2363216 0.0957180 0.4200151 0.4132065 0.3894961 0.4230653 0.5046583 0.4756200 0.5313245 0.3528426 0.1089284 0.4287033 0.4677655 0.5048600 0.5051252 0.5069405 0.6108479 0.0000010 0.0000010 0.0000010 0.9353425 0.0000010 0.0000010 0.0000010 0.0000010 
Dpul_mRNA8853                                          0.3915768 0.3465490 0.4767025 0.4596835 0.5049043 0.3253262 0.1990944 0.3437745 0.2851766 0.3401200 0.3495444 0.3488639 0.2123205 0.2906934 0.2873120 0.2930359 0.2371180 0.2229543 0.2604189 0.2536738 0.2382942 0.3087776 0.0816318 0.0000000 0.0213944 0.2391470 0.2903355 0.2542797 0.2801922 0.2785417 0.3053391 0.3137117 0.2926782 0.2689368 0.3059189 0.2738156 0.3789481 0.6069800 0.3716947 0.2825895 0.3116811 0.4204026 0.4934281 0.3205519 0.4021725 0.2237514 0.3997614 0.4147156 0.4030693 0.8149791 0.4073427 0.3827313 0.4052907 0.4409828 0.3812444 0.5918546 0.4787650 0.3510898 0.4341071 0.4341071 0.4309403 0.4346418 0.4299773 0.4554711 0.4578534 0.2022296 0.5394374 0.3909283 0.3362884 0.5610553 0.5625835 0.5663957 0.5426180 0.6905706 0.4771269 0.7085680 0.5482596 0.2485582 0.4464183 0.6946934 0.6804189 0.7048714 0.7228167 0.8501651 1.3923921 3.3511376 3.0203483 4.0786428 2.5712978 2.0598938 2.7426867 6.1715016 
Dpul_mRNA23539                                         0.3915768 0.3465490 0.8414903 0.8902375 0.9138596 0.3253262 0.1990944 0.6207805 0.2851766 0.6565071 0.5913708 0.5935368 0.2123205 0.5541299 0.5731523 0.5663272 0.4439891 0.2713058 0.4813769 0.5305608 0.2416271 0.6723571 0.0816318 0.0213944 0.0000000 0.4883490 0.5522818 0.4850131 0.5713221 0.5101479 0.3392638 0.5727710 0.5550602 0.2689368 0.6101812 0.2738156 0.6276137 1.0296107 0.6345338 0.5880932 0.3078572 0.4793061 0.7891931 0.5891873 0.8099445 0.2237514 0.8373314 0.9271793 0.9258723 1.8430482 0.8725821 0.6759759 0.8960320 0.9689661 0.3812444 1.5251771 0.9599523 0.3510898 0.8047503 0.8084310 0.7884561 0.8057801 0.8016171 0.8285682 0.8330961 0.4907590 0.6899542 0.7187718 0.7842155 0.8961219 0.8837227 0.8618866 0.6110097 1.1023682 0.4771269 1.0738285 0.8827887 0.5352588 0.4464183 1.0777465 1.0285216 1.0822716 1.1318897 1.1913198 2.0433392 4.1619825 3.1916928 0.9869740 3.1229109 2.4274911 2.6874219 2.1449891 
Skow_XM_006822925.1                                    0.3603988 0.3344555 0.7542623 0.7463424 0.7437133 0.2951214 0.1321072 0.4522074 0.2172996 0.5294122 0.4782160 0.4729065 0.1365755 0.4051128 0.4103710 0.4086747 0.3429024 0.2120241 0.4473584 0.4304674 0.1875132 0.4568960 0.1210706 0.2391470 0.4883490 0.0000000 0.3962517 0.3209641 0.4005760 0.3464000 0.3017525 0.4490111 0.4551940 0.2474398 0.4451462 0.2066740 0.4802227 0.7443885 0.4971738 0.4411360 0.3219330 0.4611410 0.6642146 0.4447416 0.8409227 0.2012658 0.7596284 0.8460419 0.8322351 1.4172160 0.7698421 0.6746519 0.8076117 0.8016165 0.3656314 1.1710523 0.8384278 0.2978330 0.5731551 0.5756693 0.5646697 0.5684353 0.5832677 0.5982246 0.6020486 0.3925370 0.8119702 0.5298130 0.5158379 0.7437113 0.7462942 0.7329660 0.5985833 0.9186031 0.4477902 0.9480987 0.6786398 0.5012255 0.4240643 0.9765258 0.9618312 1.0214465 1.0573598 1.0288865 1.6770211 4.0694419 2.2465275 1.0834837 2.3570242 1.5859443 1.1662646 1.5801419 
Hsap_ENST00000357586                                   0.4168817 0.3598231 0.8339317 0.7935231 0.8480316 0.3769720 0.1841718 0.5488117 0.2317927 0.6057483 0.5549906 0.5594250 0.2084890 0.4706349 0.4796533 0.4494480 0.3884147 0.2522451 0.4992771 0.4780968 0.2594808 0.5308011 0.1348333 0.2903355 0.5522818 0.3962517 0.0000000 0.3951827 0.4303643 0.4452304 0.4397209 0.5113655 0.5380186 0.2836572 0.4914850 0.2663458 0.5904528 0.8960395 0.5574194 0.5024148 0.3469709 0.5385370 0.8005603 0.2377475 0.8277505 0.1450436 0.8037821 0.8384922 0.8581047 1.4006547 0.7788357 0.6964622 0.8255472 0.8383645 0.3807785 1.1888233 0.8716778 0.2977088 0.6345216 0.6345069 0.6414084 0.6464133 0.6424992 0.6581807 0.6619723 0.4481344 0.8435087 0.6381757 0.5795617 0.7903418 0.7899854 0.7771883 0.5970372 0.8862827 0.3938472 0.9211453 0.7599631 0.5584119 0.4163375 1.0410453 0.9805009 1.0325374 1.1016754 1.0684159 1.8086781 4.8671942 2.3811872 1.0426084 3.5756018 1.8099936 1.2410425 1.5853039 
Acagra_model.g14064.t1                                 0.4645050 0.3048432 0.7669072 0.7374016 0.7816793 0.2660982 0.1912396 0.4564335 0.2350780 0.5326724 0.4512617 0.4505293 0.2088737 0.4196568 0.4187730 0.4120798 0.3461294 0.2285700 0.4802361 0.4143267 0.2398978 0.4621284 0.1464204 0.2542797 0.4850131 0.3209641 0.3951827 0.0000000 0.3878390 0.2057105 0.1607236 0.4477869 0.4482037 0.2135137 0.3299570 0.2815309 0.4907121 0.6723696 0.5188594 0.4470104 0.3538339 0.4983083 0.7316107 0.4474525 0.7770929 0.2041861 0.6948030 0.8020560 0.7622553 1.3410919 0.7245059 0.6519883 0.7786175 0.7829753 0.3123549 1.1291572 0.7839914 0.2831536 0.6118411 0.6176533 0.6141629 0.6242192 0.6174025 0.6291716 0.6364460 0.3850828 0.6759833 0.5172012 0.4904129 0.7001357 0.6900861 0.7074756 0.5979704 0.9038983 0.4585490 0.8978428 0.7010446 0.5033344 0.3081089 0.9448621 0.8879048 0.9663572 1.0052407 0.9524871 1.3945601 3.4899586 2.1311368 0.6120044 2.5774084 1.4009750 0.9770104 1.5745114 
Bralan_BLAG11000832_1                                  0.4552553 0.3293706 0.8111110 0.8161436 0.7922285 0.3289916 0.1937641 0.5304915 0.2729256 0.6031120 0.5072885 0.5170939 0.2087409 0.4940765 0.4931637 0.4895216 0.3969669 0.2519339 0.5052931 0.4468558 0.2299376 0.5346996 0.1344491 0.2801922 0.5713221 0.4005760 0.4303643 0.3878390 0.0000000 0.4314737 0.4309739 0.4842495 0.4838719 0.2966698 0.5129191 0.2477405 0.5302996 0.8037783 0.5039685 0.4774071 0.3306707 0.5334032 0.7546946 0.4856256 0.7803888 0.1808477 0.7768897 0.8138152 0.7654146 1.4594987 0.7883659 0.6623119 0.7919360 0.8002210 0.3454891 1.1692678 0.7852862 0.2859931 0.6379435 0.6393705 0.6545459 0.6431082 0.6530881 0.6615829 0.6657105 0.4593810 0.9025143 0.5706751 0.6305222 0.7883083 0.7797588 0.7953933 0.6039912 0.9546404 0.4408715 0.9532394 0.7401287 0.5715297 0.4675116 1.1249321 1.0290400 1.1039200 1.1335812 1.0130461 1.7453860 4.2712817 2.3722091 1.0402266 3.3621694 1.7930021 1.1205076 1.8106446 
Cgig_XM_034462124.1                                    0.3949161 0.3320799 0.7850618 0.7648099 0.8116188 0.2405558 0.2031593 0.4841606 0.2504380 0.5614920 0.4773081 0.4863941 0.2297637 0.4172531 0.4339010 0.4251305 0.3341956 0.2476751 0.4837826 0.4320917 0.2371034 0.4974978 0.1552058 0.2785417 0.5101479 0.3464000 0.4452304 0.2057105 0.4314737 0.0000000 0.1776115 0.4686600 0.4663046 0.1885441 0.3486637 0.2385933 0.4661782 0.6752397 0.5372409 0.4468050 0.3485988 0.5171933 0.7190168 0.4464308 0.8546158 0.2188932 0.7840198 0.8451368 0.7645927 1.4838381 0.7966243 0.6840090 0.8391003 0.8516390 0.3770265 1.2429935 0.7778993 0.2994440 0.6449513 0.6462910 0.6424682 0.6550789 0.6606517 0.6698947 0.6739840 0.4127600 0.8023852 0.5535669 0.5260201 0.7116993 0.7351356 0.7494371 0.6474523 0.9579947 0.4462981 0.9687259 0.6751586 0.5159171 0.2901536 0.9621070 0.8857889 0.9575944 0.9930466 1.0175295 1.6819819 4.7304450 2.3552291 0.6362681 3.2579877 1.6212391 0.8746087 1.5692003 
Lcom_lcpid147764                                       0.4071875 0.2924539 0.7005520 0.6871969 0.7297608 0.1913604 0.0000010 0.4350137 0.0000010 0.5104780 0.3762005 0.4102099 0.0000010 0.4065952 0.3961304 0.4002448 0.1859234 0.1666566 0.4872070 0.3317571 0.2932412 0.3216512 0.0000010 0.3053391 0.3392638 0.3017525 0.4397209 0.1607236 0.4309739 0.1776115 0.0000000 0.2709527 0.2697789 0.0000010 0.1803238 0.0000010 0.4094765 0.4094765 0.3978445 0.3913796 2.4858723 0.7046745 0.7253536 0.4207214 0.6713070 0.2187854 0.6168920 0.6912008 0.5707382 0.7570818 0.6995321 0.6595912 0.6218851 0.6846481 0.0000010 0.6223498 0.4321926 0.2860252 0.5704427 0.5704427 0.5453810 0.5453810 0.5723209 0.5555321 0.5555321 0.3126967 0.5303760 0.4353221 0.3669554 0.7360639 0.7153396 0.7026308 0.7312435 1.1052931 0.1988796 1.0115992 0.6332863 0.3607068 0.0000010 1.0082871 0.9216076 1.1571770 1.1373274 0.9997379 1.3235528 3.4037460 2.4507656 1.4534095 2.2041312 1.2721207 0.0000010 0.0000010 
Xesp_006293-T1                                         0.3954511 0.3236592 0.7200297 0.6962354 0.7174300 0.3161278 0.1887328 0.3949141 0.2144429 0.4475130 0.4114563 0.4089799 0.1373416 0.2758479 0.2865087 0.2910932 0.2481016 0.1575805 0.3476304 0.3274450 0.1724135 0.3807464 0.2012321 0.3137117 0.5727710 0.4490111 0.5113655 0.4477869 0.4842495 0.4686600 0.2709527 0.0000000 0.1104397 0.3131263 0.5742240 0.2314723 0.4897186 0.7180020 0.4824146 0.4615239 0.2866426 0.4562258 0.6007083 0.5358688 0.7106082 0.2125110 0.7437985 0.8060154 0.8362236 1.2311391 0.7351936 0.6893761 0.8310755 0.8543499 0.4107513 1.1948729 0.7585962 0.3363290 0.6077276 0.6070431 0.6019540 0.6004381 0.6344443 0.6538020 0.6578483 0.4958201 0.7248502 0.4524892 0.3404485 0.6893180 0.6779326 0.6825063 0.5645550 0.8646126 0.4691403 0.8766444 0.6365029 0.5923724 0.4059726 0.9959724 0.9586614 1.0165095 1.0135010 0.9612760 1.5361825 2.4492127 1.7148651 1.1689772 2.2706158 1.4468955 1.2902806 1.6097086 
Dgig_XM_028535999.1                                    0.3540922 0.3236592 0.7434859 0.7054022 0.7154669 0.2863651 0.1868840 0.3910715 0.2421862 0.4472814 0.4145587 0.3985033 0.1434215 0.2993170 0.2990890 0.2988533 0.2454062 0.1468707 0.3551212 0.3186264 0.1675898 0.3694282 0.1964317 0.2926782 0.5550602 0.4551940 0.5380186 0.4482037 0.4838719 0.4663046 0.2697789 0.1104397 0.0000000 0.3062489 0.5729864 0.2147084 0.4720457 0.6872755 0.4644382 0.4767067 0.3038790 0.4365541 0.5774805 0.5613467 0.6854549 0.2016006 0.6874693 0.7490180 0.7970884 1.1463867 0.6980082 0.6583016 0.7907196 0.8034013 0.4040587 1.2050157 0.7180969 0.3363290 0.6178466 0.6237323 0.6111453 0.6098854 0.6361116 0.6395313 0.6435233 0.5106364 0.6598790 0.4275351 0.3538012 0.7208298 0.6899957 0.6932388 0.5721960 0.8673160 0.4450495 0.8651801 0.6275951 0.6230325 0.4276151 0.9682546 0.8957488 0.9698286 0.9643513 0.9578278 1.4980193 2.3991615 1.6993191 1.1503938 2.1526208 1.4124284 1.2057152 1.4893975 
Lcom_lcpid107701                                       0.5931191 0.0000010 0.4382720 0.4249278 0.4520194 0.5638198 0.2801673 0.3059821 0.2984945 0.3428823 0.3141193 0.3024642 0.2685889 0.2788679 0.2765575 0.2765575 0.2837494 0.3012475 0.3053961 0.2824096 0.3556852 0.3181295 0.2606944 0.2689368 0.2689368 0.2474398 0.2836572 0.2135137 0.2966698 0.1885441 0.0000010 0.3131263 0.3062489 0.0000000 0.2273501 0.3652906 0.3652906 0.0000010 0.3679796 0.2979495 0.3355034 0.4034186 0.4102807 0.3165632 0.6773497 0.4334481 0.3900544 0.3919888 0.4366087 0.0000010 0.3851176 0.4147820 0.4147820 0.4190123 0.3703162 0.5093990 0.5596744 0.0000010 0.3630103 0.3630103 0.3724052 0.3626057 0.3723859 0.3996083 0.4035437 0.2296730 0.0000010 0.3541158 0.2497771 0.4531434 0.4668354 0.4284575 0.5227668 0.5663613 0.5625582 0.5776000 0.4043899 0.2154661 0.3387765 0.5263908 0.5398682 0.5440291 0.5617441 0.6947837 0.0000010 0.0000010 0.0000010 2.1951525 0.0000010 0.0000010 0.0000010 0.0000010 
Ctel_gnl_WGS_AMQN_CAPTEDRAFT_mRNA149233                0.4590051 0.3196594 0.8024538 0.8177352 0.8120116 0.2962781 0.2263555 0.5709915 0.2808450 0.6228212 0.5614710 0.5715068 0.2234731 0.4902253 0.4892713 0.4846330 0.4287409 0.2303740 0.5336141 0.5266054 0.2315084 0.5464480 0.1766888 0.3059189 0.6101812 0.4451462 0.4914850 0.3299570 0.5129191 0.3486637 0.1803238 0.5742240 0.5729864 0.2273501 0.0000000 0.2925326 0.5724018 0.8859434 0.6357637 0.5740258 0.4246206 0.5198974 0.7997055 0.5182478 0.7614360 0.2309444 0.7912935 0.8376898 0.8508685 1.3890524 0.7869734 0.6376152 0.7984419 0.8292450 0.3999226 1.1728837 0.8733489 0.2859094 0.6478187 0.6478282 0.6494883 0.6613260 0.6611692 0.6645639 0.6722080 0.5058554 0.6922472 0.6331124 0.6160868 0.7442917 0.7918470 0.7710099 0.6341924 0.9317380 0.4654340 0.9426390 0.7564018 0.6199766 0.3419268 0.9969815 0.9318466 0.9911120 1.0397270 1.0932267 1.6315483 4.1064221 2.4900469 0.9347672 2.7061100 1.7196149 1.5201959 1.8680549 
Ocar_g8952                                             0.3097529 0.0000010 0.2907964 0.2651158 0.2988593 0.4034601 0.2369847 0.2530688 0.2957788 0.2682980 0.2714083 0.2651154 0.2289404 0.2263272 0.2189761 0.2189761 0.2232898 0.2352146 0.2027532 0.1996515 0.2567181 0.2678682 0.2432314 0.2738156 0.2738156 0.2066740 0.2663458 0.2815309 0.2477405 0.2385933 0.0000010 0.2314723 0.2147084 0.3652906 0.2925326 0.0000000 0.0000010 0.5375120 0.1197879 0.2246452 0.2612593 0.3401986 0.3169106 0.2785873 0.2979108 0.2917616 0.3761978 0.3634379 0.3416523 0.0000010 0.3767936 0.3935833 0.3935833 0.3994968 0.4164824 0.4887924 0.2780583 0.0000010 0.2842725 0.2842725 0.2943853 0.2906996 0.2937262 0.3140485 0.3179234 0.2963370 0.0000010 0.3026072 0.1835168 0.3939216 0.3926279 0.3865825 0.4210195 0.4708667 0.4430687 0.5085817 0.3418044 0.2742676 0.4622290 0.5141799 0.5195945 0.5249101 0.5610900 0.5698240 0.0000010 0.0000010 0.0000010 2.1951525 0.0000010 0.0000010 0.0000010 0.0000010 
Opea_EP00118_Oscarella_pearsei_P008852                 0.2916123 0.4022915 0.7500254 0.7250411 0.8111545 0.3952405 0.2369847 0.5050752 0.2957788 0.6071865 0.5507891 0.5274232 0.2289404 0.4369915 0.4277130 0.4167710 0.3723506 0.2557183 0.4679869 0.4329544 0.2852794 0.4804814 0.2432314 0.3789481 0.6276137 0.4802227 0.5904528 0.4907121 0.5302996 0.4661782 0.4094765 0.4897186 0.4720457 0.3652906 0.5724018 0.0000010 0.0000000 0.0066520 0.2764754 0.5784735 0.2893520 0.4648919 0.6681963 0.5871174 0.9538137 0.2915897 0.8145609 0.8825642 0.8744310 1.5296330 0.8714320 0.8013179 0.9241857 0.8741553 0.4101156 1.2615637 0.8674231 0.3169186 0.6450623 0.6421127 0.6385852 0.6390897 0.6448706 0.6628141 0.6665806 0.6004991 0.6873894 0.5536115 0.5238613 0.6944214 0.6582077 0.7053575 0.5761160 0.8768411 0.4110687 0.8553185 0.6600959 0.6706835 0.4622290 0.9368738 0.8602720 0.9435654 1.0297141 0.8863146 1.4904481 4.6365779 2.3899195 1.2614821 1.8485543 1.5547898 1.2869968 1.4713227 
Ocar_g6203                                             0.1054771 0.4022915 1.3150231 1.1998872 1.4051119 0.2572851 0.5375120 0.7313859 0.5375120 0.9315374 0.7940719 0.7484004 0.5375120 0.6363377 0.6052386 0.5801831 0.5187882 0.2931222 0.7584682 0.6453318 0.3786176 0.6959290 0.5375120 0.6069800 1.0296107 0.7443885 0.8960395 0.6723696 0.8037783 0.6752397 0.4094765 0.7180020 0.6872755 0.0000010 0.8859434 0.5375120 0.0066520 0.0000000 0.4030746 0.9418521 1.5734064 0.7008658 1.0120751 0.8907761 1.1662357 0.2499318 1.2758556 1.4512054 1.3713603 1.5250181 1.4044373 1.4471052 1.4931720 1.3697948 0.2876884 1.3386885 1.0678351 0.3169186 1.0149169 1.0081337 0.9856241 0.9907170 0.9919479 0.9971808 1.0022955 0.7733683 0.7069538 0.7059329 0.6136253 0.9470970 0.8756583 0.9926213 0.8508835 1.3120612 0.1350669 1.1873365 0.9017040 0.9688355 1.4890853 1.3666095 1.2024590 1.3673616 1.5116149 1.0252938 1.4992139 4.7558751 2.4096168 1.2229911 1.7717083 1.5484037 1.3123673 1.4874852 
Plajan_Pjan_scaffold23579_01                           0.2860441 0.3427757 0.7418723 0.6860437 0.7580512 0.3828015 0.1910418 0.5288779 0.2561261 0.5826841 0.5827041 0.5598220 0.2132066 0.4495039 0.4468538 0.4250467 0.3835675 0.2740878 0.5062787 0.4871509 0.2851678 0.5075319 0.2280919 0.3716947 0.6345338 0.4971738 0.5574194 0.5188594 0.5039685 0.5372409 0.3978445 0.4824146 0.4644382 0.3679796 0.6357637 0.1197879 0.2764754 0.4030746 0.0000000 0.5533960 0.2730343 0.4521116 0.6383486 0.6036268 0.8806843 0.2404160 0.7871937 0.8541998 0.8399020 1.4087159 0.8084899 0.7341001 0.8177585 0.8338231 0.4335801 1.1887960 0.8262399 0.3070280 0.6388060 0.6333747 0.6386832 0.6315684 0.6356682 0.6537206 0.6574754 0.5992945 0.7228115 0.5564030 0.4908148 0.6697164 0.6347004 0.6219755 0.5470770 0.9317040 0.4490878 0.9169619 0.6250529 0.6632527 0.4361485 0.9402433 0.8543683 0.9307713 1.0230277 0.9142948 1.5099445 3.6518687 2.2304456 1.2007134 2.2496780 1.6274570 1.4504368 1.4938265 
Spur_XM_030992254.1                                    0.3840041 0.3890015 0.7891880 0.7255895 0.8173955 0.3594904 0.1712985 0.5068275 0.2286141 0.5991974 0.5237786 0.5322659 0.1651032 0.4124938 0.4213679 0.4158947 0.3458669 0.2197201 0.4575944 0.4118441 0.2215231 0.5046026 0.1518659 0.2825895 0.5880932 0.4411360 0.5024148 0.4470104 0.4774071 0.4468050 0.3913796 0.4615239 0.4767067 0.2979495 0.5740258 0.2246452 0.5784735 0.9418521 0.5533960 0.0000000 0.2965885 0.4491767 0.6898687 0.5196365 0.8579826 0.2359889 0.8323044 0.8809846 0.8159818 1.5615755 0.8265929 0.6980317 0.8298228 0.9005668 0.3975004 1.3595859 0.8367988 0.3604617 0.6622426 0.6596332 0.6644138 0.6716855 0.6613169 0.6906470 0.6970240 0.5068271 0.8567266 0.5883426 0.5515017 0.7176297 0.6994833 0.6815807 0.5537166 0.9279522 0.4686436 0.9769103 0.6612243 0.5855374 0.4323028 1.0089581 0.9691901 1.0068478 1.0098602 1.0105896 1.6446871 3.4826111 2.3905410 1.0850338 2.1997153 1.6794769 1.0929917 1.7671834 
