102
Lcom_lcpid237445                                                 0.0000000 2.2600866 2.2600866 2.4635958 1.8370922 7.7168725 2.8239330 5.0430982 9.0000000 4.7830213 3.6897200 4.6734216 2.4716570 2.4234372 2.1563181 2.3840020 2.4841749 4.4318700 0.0000010 4.4539018 2.3671474 2.6640392 1.9949333 4.5111353 2.3501188 2.2391474 2.3112536 2.2933870 2.4317551 2.1914217 2.1901113 2.4641808 2.2382565 2.6310648 1.5848911 1.9714194 1.6947426 1.5591183 2.8533160 2.7881293 2.3594905 2.2300577 2.3053306 1.7083971 2.3821071 1.6833579 1.7712109 3.1313817 0.8222483 2.5873457 6.4617609 4.3211122 2.4223765 1.9538672 1.9454964 1.9379589 2.2189408 1.9379589 2.1704923 2.0479598 1.9938060 2.1160845 2.0561028 2.9007702 5.4313446 1.9714948 1.9388958 2.0357145 2.0403291 1.6600313 2.7022627 1.9900361 2.1212300 2.2266817 1.5749903 2.1002644 0.2492354 3.5336042 2.5814061 3.7127028 3.7127028 1.4319786 1.6864254 1.8288591 5.0736375 3.5386299 2.1804484 1.9670199 5.5362746 3.5112503 3.0422208 3.0431703 3.2926408 4.9897162 5.1200692 3.8975917 2.0025055 6.4265523 4.2000634 3.2527495 4.1085243 1.7271132 
Opea_EP00118_Oscarella_pearsei_P011817                           2.2600866 0.0000000 0.0148905 0.0914140 1.5479072 2.6395157 2.7021707 1.9927780 4.0799201 1.5197300 1.7820325 1.8547378 2.0060616 3.1213469 1.6444030 2.3584478 2.1537163 1.5307049 2.9971429 2.8274733 2.0742529 1.4926537 2.2112552 3.3227053 2.5140079 2.0368345 2.0010688 2.0153225 1.5504048 2.0110311 2.1553533 1.6537905 2.0219881 2.4316750 2.1562054 2.1668730 2.2414399 2.0566013 2.4178281 2.1684747 2.2970982 2.2701648 2.3490753 2.4472164 1.2010597 2.0660220 1.5173799 2.4929864 2.1146871 3.4953787 4.4522147 2.5056816 1.7961774 2.6177090 2.6110493 2.6263002 2.7127660 2.6289658 2.5619907 1.5157281 2.6271809 2.2465901 2.5367457 3.3449457 2.7321748 2.2233283 2.2911359 2.4302175 2.4944417 2.2002830 2.5960282 2.6148178 2.9131234 2.6991264 2.5226813 2.2317057 2.2061011 3.6149330 2.1245746 3.5383505 4.0358070 3.0586632 2.4420964 2.4842361 2.6255062 3.5987499 2.8310139 2.9064142 3.3534455 2.3981974 2.0827137 2.3449539 2.2131918 2.5789503 4.2427237 4.7315318 2.8460982 2.9289125 4.7541448 4.2609560 3.4173972 2.9622218 
Ocar_g10403                                                      2.2600866 0.0148905 0.0000000 0.2166609 1.5276923 2.6395157 2.7468237 1.9927780 4.1298534 1.5197300 1.7858089 1.8547378 2.2761844 3.1904721 2.1926391 2.6613920 2.5904663 1.5307049 2.9971429 2.7786473 2.0872028 1.3926326 2.2030125 4.2612286 2.6439246 2.0399217 2.0211805 2.0085317 1.4733102 2.0131782 2.1646929 1.6077038 2.0354381 2.5643960 2.0339517 2.2248320 2.3082277 1.9585242 2.3693492 2.0861942 2.3321515 2.2896467 2.3453447 2.4631251 1.2010597 2.0273020 1.3934251 2.3010019 2.1570930 3.5390613 4.5531714 2.5557146 1.7269146 2.5492083 2.5509561 2.5451766 2.5909496 2.5480399 2.4817596 1.5157281 2.5447113 2.2335850 2.5099675 3.3459845 2.5753738 2.2372227 2.2770125 2.4390933 2.5190782 2.2499202 2.5441059 2.6556723 3.0484422 2.7689151 2.5497070 2.4664617 2.3876547 3.5950102 1.8018165 3.5572401 4.1670501 3.0909930 2.6235652 2.5418961 2.5699060 3.7225278 2.8260227 2.9064142 3.4647538 2.3981974 2.0381039 2.2544051 2.1219280 2.4914166 4.3668208 4.7026939 3.1355189 2.6008090 4.9308528 4.5193900 3.0613791 3.2273560 
Opea_EP00118_Oscarella_pearsei_P011818                           2.4635958 0.0914140 0.2166609 0.0000000 1.5294569 0.0000010 2.0349619 0.0000010 4.8967755 0.0000010 2.9819804 0.0000010 1.9950939 2.1116174 1.6444030 1.8570713 1.9039855 0.0000010 0.0000010 6.1478030 1.8798943 1.6681222 1.9050427 0.0000010 1.7278375 2.1433553 1.9192761 1.9353724 1.9553570 1.8784864 1.8566030 1.1494264 1.7036413 1.7418862 2.3987965 1.8108399 1.8441119 2.2311100 2.9021751 2.2717238 1.6848115 1.6225608 1.7309750 2.2402969 0.0000010 3.2139675 0.5382074 3.4476132 0.0000010 2.7180916 5.8317751 3.0794936 2.8892859 2.0197749 2.0152370 1.9949083 2.0838288 1.9949083 1.8905594 2.4280868 2.0293897 1.9534842 2.1401894 3.3067427 3.6497573 1.8095764 1.7719294 1.9484352 2.4338653 2.1752699 3.7547073 1.8572313 1.7469885 1.7747239 2.1507236 2.1690575 1.8947221 4.0307189 2.8019995 3.7396477 4.0666196 2.2486154 1.8399131 2.0482047 3.5636285 3.1322687 1.3830973 0.0000010 3.1581076 0.0000010 3.6312441 5.5169323 2.9716123 1.4836015 3.3537235 5.5886820 2.3695442 5.5738623 8.3111231 4.2630980 5.7453084 3.2310494 
Plajan_Pjan_scaffold17789_01                                     1.8370922 1.5479072 1.5276923 1.5294569 0.0000000 8.9999985 2.4158070 4.8329815 3.4881575 4.7165498 3.0680424 4.6931612 1.5512285 2.5799971 1.2233927 1.7873002 1.6521072 2.2824019 5.4831250 3.3496862 1.9646319 2.7048072 2.1103602 2.9025408 2.1217597 2.0873755 1.9450905 1.9211234 2.1686188 1.9263469 1.9317793 1.6638190 1.9497856 1.9789489 2.3585060 2.0704989 2.1048358 2.2975784 2.4034792 2.1227046 2.1506709 2.1083663 2.0471866 2.3997002 3.1835653 2.0650984 2.7679108 2.2020359 1.6894081 3.0349176 3.9757015 1.6223356 1.9837703 2.6457004 2.6318522 2.6108303 2.8100137 2.6093497 2.6302995 3.5123425 2.6927799 2.2018654 2.3322643 2.0059168 2.9514692 2.1091179 2.2756511 2.2378335 2.5075274 2.1120150 2.5193794 2.1498919 2.2635291 2.4351874 2.5434017 1.9708871 1.9347707 2.7954591 1.9159618 3.0301355 3.7779697 2.5350202 1.9982267 2.1788624 2.7843328 3.1621192 2.1509220 2.2510953 2.9164657 5.3422080 2.6965290 3.5072970 1.9750879 1.9420018 4.3036192 4.5280143 2.1595453 2.3846580 3.5869884 3.3574451 3.4878923 3.0668773 
Pbac_sb2663785                                                   7.7168725 2.6395157 2.6395157 0.0000010 8.9999985 0.0000000 0.6745528 0.6745528 0.0000010 0.5964725 0.5626151 0.4669259 0.0000010 5.3481742 0.0000010 0.0000010 0.0000010 0.8768450 0.0000010 0.6262059 2.2459980 2.2895730 2.5595918 2.5384868 0.0000010 2.7533920 2.6813676 2.9306203 2.7566970 2.6721667 2.6152005 2.3265640 2.4832374 3.6335872 2.6867107 2.4463926 2.5696939 2.3074990 2.0486615 1.7947073 1.7377697 1.7257935 2.0124231 3.0083514 3.0159814 2.9768559 2.8017532 3.6335872 9.0000000 3.2425136 3.2995749 0.3354255 2.5646248 2.4262315 2.4262315 2.4262315 2.4262315 2.4262315 2.5572254 2.5572254 2.4108826 2.3908135 2.3743978 0.0000010 2.4172632 2.5406498 2.4715460 3.4251175 2.2447128 0.0000010 2.2717503 8.9999987 5.3831836 0.0000010 3.7081053 0.0000010 0.0000010 8.9999986 0.0000010 0.0000010 0.0000010 0.0000010 0.0000010 0.0000010 0.0000010 9.0000000 0.0000010 8.9999984 8.9999989 5.9261698 2.5231816 2.3501586 9.0000000 0.0000010 8.9999988 0.0000010 5.3240120 0.0000010 8.9999983 9.0000000 9.0000000 0.0000010 
Coemet_Cmet_scaffold1904_01                                      2.8239330 2.7021707 2.7468237 2.0349619 2.4158070 0.6745528 0.0000000 0.0117137 0.0327058 0.2600563 0.3885027 0.2707671 0.3591073 0.8765280 0.2390164 0.4037679 0.4117935 0.5384983 0.8854695 1.1865129 2.0182129 1.6198051 2.2378321 3.1122384 2.4744336 2.0572400 2.0607819 2.1522830 1.9473663 2.0983321 2.1888329 1.9142360 2.0477946 2.2707866 2.3458809 2.0200676 2.1702418 2.2507881 2.3677149 2.3030887 2.1781113 2.1156439 2.2214432 2.5916479 1.7345112 2.2479227 1.6011069 2.5932639 2.4515972 3.1793753 4.2912955 3.1947023 2.1760978 2.3867325 2.3919655 2.4046269 2.5573730 2.4049054 2.3669471 1.6250211 2.4187634 2.2098875 2.3932455 2.0483495 3.0163749 2.2347884 2.4368860 2.4896720 2.3804970 2.5536078 2.4617981 2.3347063 2.2882131 2.4675457 2.6596804 2.0294019 2.5906485 3.7142579 1.6777599 3.7903067 3.9552974 2.3841586 1.8387189 2.0098062 3.0583335 3.7598392 2.9753745 2.8619945 2.4082311 2.5608140 2.4362805 2.3064102 0.7029348 2.9714484 4.3879542 2.8135395 2.2652450 1.3674952 2.2423588 1.5256285 3.3630263 3.3090258 
Coeast_Cast_sb754924                                             5.0430982 1.9927780 1.9927780 0.0000010 4.8329815 0.6745528 0.0117137 0.0000000 1.0045764 0.2596881 0.2609006 0.1936671 0.0000010 2.9991827 0.0000010 0.0000010 0.0000010 0.5402551 0.2909299 0.5377586 1.3013712 1.2399124 1.4441271 1.1435437 1.7677869 1.2223843 1.2069912 1.2911373 1.2488114 1.2768979 1.9181119 1.2206470 1.2154887 1.5693355 1.3943822 1.4405111 1.3517170 1.1287074 1.2418777 1.2249287 1.2725995 1.2470768 1.2281658 1.4366658 1.5967718 1.4085490 1.3689801 5.8472903 2.0894434 3.5535645 3.1846868 0.7548049 1.5323348 1.4978921 1.4972248 1.4861026 1.4861026 1.4861026 1.5009988 1.4701895 1.4675631 1.3530601 1.4948750 0.0000010 1.4644025 1.4986261 1.6552401 1.4872481 1.3560230 0.0000010 1.1409448 1.2042237 2.6979634 4.3818423 1.8560345 3.4214916 0.0000010 5.1837914 0.0000010 0.0000010 0.0000010 4.0246132 1.9549297 0.9326627 3.1785709 4.7176921 3.5897573 3.1947892 4.9566088 2.2521525 1.5372463 1.8759111 0.3730573 3.2420065 4.6222170 2.9239319 4.9538067 0.0000010 3.8668283 4.7706335 4.1829055 3.6615564 
Coeast_Cast_sb778902                                             9.0000000 4.0799201 4.1298534 4.8967755 3.4881575 0.0000010 0.0327058 1.0045764 0.0000000 1.2322646 1.2322646 1.2322646 0.4458427 1.0836780 0.0000010 0.6895602 2.8955296 1.2322646 0.0000010 2.4041599 2.7533481 2.7191959 3.1895863 0.0000010 2.6712465 2.6175970 2.5533500 2.6151436 2.3342361 2.5332440 2.6799794 2.4699943 2.9531107 3.0749879 3.9607123 3.3567926 3.0912519 3.3448209 3.4597200 3.1419310 3.2035382 3.0815732 3.5907352 3.8789822 4.0666867 2.5100762 2.7191959 3.3158914 0.0000010 4.0335095 4.7079866 0.0000010 2.6348770 3.4751264 3.4362426 3.4255871 3.4255871 3.4366006 3.1556988 2.1921404 3.3785196 3.5520617 3.9382288 1.8033132 3.5681248 3.2484378 3.7583083 4.2876905 3.4763162 3.8862335 3.4356379 3.4827560 3.7141593 1.7954918 3.8837395 2.7443571 0.0000010 6.9132222 3.4182906 3.8522661 4.9175324 3.4991659 3.3219467 2.6897071 7.1624833 4.1679329 0.0000010 0.0000010 4.2418346 1.9107903 3.0619813 2.5200416 2.2655439 0.0000010 6.2181903 1.6032138 0.0000010 2.5644881 0.8814185 0.8171473 0.3473634 0.0000010 
Bolinf_Binf_sb1242145                                            4.7830213 1.5197300 1.5197300 0.0000010 4.7165498 0.5964725 0.2600563 0.2596881 1.2322646 0.0000000 0.0662492 0.1121541 0.0000010 3.3317441 0.0000010 0.0000010 0.0000010 0.3679432 0.0000010 0.4824330 1.2247306 1.1751064 1.4136193 3.1590325 1.9217037 1.2058761 1.2261307 1.2873629 1.2678913 1.2923372 1.6615933 1.2454687 1.2374839 0.8674779 1.3342707 1.4096271 1.3884783 1.2088331 1.2153159 1.2344388 1.2483411 1.2268627 1.2891704 1.3083738 1.4778642 1.5064929 1.2880501 9.0000000 1.5669377 3.2656017 2.9206814 0.7548049 1.4598749 1.4972981 1.4933981 1.4962513 1.4962513 1.4962513 1.4728333 1.4728333 1.4311414 1.4644850 1.4697541 0.0000010 1.3549062 1.3397021 1.4841468 1.5321060 1.4394747 0.0000010 1.0923837 1.1887548 2.7185252 4.5958077 1.6259009 0.0000010 0.0000010 4.7330969 0.0000010 0.0000010 0.0000010 0.0000010 1.5200403 0.0000010 2.8061956 4.7534351 0.0000010 1.7886046 4.8635203 2.4314006 1.4246349 1.5842550 9.0000000 3.3858840 4.8613691 3.3273914 5.2621622 0.0000010 3.9550576 5.8620462 3.9805926 0.9410172 
Drygla_Dgla_sb309755                                             3.6897200 1.7820325 1.7858089 2.9819804 3.0680424 0.5626151 0.3885027 0.2609006 1.2322646 0.0662492 0.0000000 0.2049331 0.7373600 2.3044264 1.0155360 1.0324695 1.0324695 0.4086433 0.6697880 0.8383325 1.4322627 1.4384766 1.5140114 1.3500803 2.5326562 1.3631256 1.3004393 1.4081540 1.3655029 1.4086277 1.5348570 1.4003494 1.3118678 1.4166199 1.4705702 1.4067132 1.4904017 1.3656478 1.4445439 1.5340279 1.4957448 1.4499133 1.4044312 1.4595452 1.4941443 1.5915463 1.4152889 1.6223196 1.6724107 4.3156291 4.4638121 2.0437220 1.5256028 1.5350601 1.5132531 1.5925948 1.6074714 1.5946392 1.5788110 1.5204331 1.5141917 1.4648782 1.5910505 3.6983426 1.7437256 1.4506531 1.5602769 1.5884842 1.4938690 7.4927314 1.2136904 1.4460414 2.2375145 4.0019949 1.7606179 2.5441355 0.0000010 4.5479489 0.0000010 7.5926501 7.5926501 0.0000010 1.7182074 1.6739654 3.3290673 4.0928437 2.9643501 3.1810435 3.9146198 2.3489457 1.6343643 1.8928115 0.6287199 3.1889080 4.5927460 3.7475157 3.2619080 0.3881671 3.6519197 4.0860287 3.1335681 4.4300948 
Lampan_Lpan_C407917_01                                           4.6734216 1.8547378 1.8547378 0.0000010 4.6931612 0.4669259 0.2707671 0.1936671 1.2322646 0.1121541 0.2049331 0.0000000 0.0000010 2.6878882 0.0000010 0.0000010 0.0000010 0.3780529 0.4739031 0.5678814 1.3567477 1.2547643 1.3680111 1.1435437 2.6711938 1.3711713 1.3194290 1.3814868 1.3576445 1.3507905 2.0352400 1.3072911 1.2331311 1.1058288 1.5102396 1.4518491 1.4513021 1.2843948 1.3191682 1.3607298 1.3198520 1.2886192 1.3438272 1.4779230 1.5654767 1.5556914 1.4451726 8.9999986 2.7638278 3.2920334 2.9895251 0.3354255 1.3991465 1.4804474 1.4749159 1.4857962 1.4857962 1.4857962 1.4831824 1.5051945 1.4509659 1.3635358 1.5162570 0.0000010 1.5079402 1.4368259 1.6120742 1.5009110 1.4365479 0.0000010 1.2258739 1.3463238 2.6286460 4.3866961 1.7286331 3.8764135 0.0000010 4.6579676 0.0000010 0.0000010 0.0000010 0.0000010 1.5200403 0.0000010 2.8061956 4.4202322 2.9970378 2.4335936 3.8308001 2.2661217 1.5116436 1.9013219 0.9267181 3.1686128 4.5454939 3.2995004 5.0332601 1.5312156 3.7238635 5.0878184 4.5227319 5.2552516 
Beraby_Baby_sb337951                                             2.4716570 2.0060616 2.2761844 1.9950939 1.5512285 0.0000010 0.3591073 0.0000010 0.4458427 0.0000010 0.7373600 0.0000010 0.0000000 0.3439100 0.2604062 0.1797993 0.4238189 0.0000010 0.0000010 3.3256337 1.3791323 0.0000010 1.5361556 0.0000010 1.2538196 1.6511517 1.5051359 1.5015979 3.4934297 1.4975530 1.4933873 5.4759032 1.6415202 1.4531879 1.6500380 1.4275914 1.4638725 1.9180110 1.4225164 0.0000010 1.5138481 1.5040402 1.3958697 1.8729818 0.0000010 0.0000010 0.0000010 2.4638687 0.0000010 2.2693209 8.9158774 2.5714407 2.5714407 1.8763432 1.8740402 1.8196198 2.2643890 1.8196198 1.8447662 0.0000010 1.8017435 1.6054803 1.6369654 2.5129265 5.0187985 1.5524993 1.7485474 1.7252557 1.8318010 2.5758505 1.4549941 1.5754078 1.4915050 1.8403078 1.7200865 1.6687748 2.3308777 3.5697314 2.4915547 3.7855172 3.7855172 1.6705020 1.2532014 1.3601189 3.7825010 3.3681528 0.0000010 0.0000010 3.0668878 0.0000010 3.6390253 2.4068796 0.0000010 0.0000010 3.1643144 5.1318657 2.2321732 3.2489829 2.1904599 3.3558607 3.3902196 3.4199346 
Horcal_Hcv1.av93.c12.g566.i1                                     2.4234372 3.1213469 3.1904721 2.1116174 2.5799971 5.3481742 0.8765280 2.9991827 1.0836780 3.3317441 2.3044264 2.6878882 0.3439100 0.0000000 0.0000010 0.3839734 0.4403201 3.5427911 0.8046738 2.8629602 2.1836114 2.8337144 2.3845182 2.6914798 2.4810121 2.4027492 2.3236542 2.3997963 2.1606437 2.3754363 2.3128247 2.3733624 2.3204379 2.3410688 2.7803481 2.4355495 2.4990443 2.7791607 2.9664544 2.9288571 2.4927552 2.4496693 2.6299765 2.9322975 4.2145277 2.8482046 2.8275353 2.7523581 2.1791172 3.0395706 4.4240225 1.7777809 2.3986138 2.8048534 2.8144895 2.8324782 3.0847675 2.8297105 2.8090019 2.6913131 2.9027547 2.5044636 2.6921156 2.3580342 3.6528098 2.4437711 2.7392749 2.8605996 2.6956360 2.6193919 3.0622184 2.6261541 2.3654543 2.2884673 2.8335964 1.9498548 2.8678385 3.0578914 1.7802369 3.8439533 3.7926757 2.5613827 1.8777384 2.1140772 2.9723009 3.7464250 3.2032908 2.8401367 1.4016570 3.4837326 2.8326584 3.4320953 2.7265953 1.9073232 4.6146826 1.5867792 2.2435881 2.7980494 1.3792775 0.9272952 3.3864367 3.1985146 
Pbac_sb2644315                                                   2.1563181 1.6444030 2.1926391 1.6444030 1.2233927 0.0000010 0.2390164 0.0000010 0.0000010 0.0000010 1.0155360 0.0000010 0.2604062 0.0000010 0.0000000 0.2064191 0.2327353 0.0000010 0.0000010 4.9295983 0.8103822 0.0000010 0.9843690 0.0000010 0.9774755 1.2723625 0.9556119 0.9593446 3.4934297 0.9261027 0.9865625 0.0000010 0.9003941 0.9511832 1.1256192 0.8081488 0.8452763 1.4923907 0.5692751 0.0000010 0.9164290 0.8436754 0.8895033 1.1432437 0.0000010 0.0000010 0.0000010 1.7607660 0.0000010 1.5856723 0.0000010 2.5537568 2.5537568 1.2056066 1.2070896 1.2731490 1.1108117 1.2731490 1.3411852 0.0000010 1.2807036 1.0446321 1.3208670 5.2756292 4.1938292 0.9583913 1.1452035 0.9717250 1.3084638 2.3938671 0.7147012 1.0266987 1.0055981 1.2243865 1.2028456 0.9833349 0.7231957 7.2689263 3.4103394 3.4424302 3.4424302 0.8981783 0.8363518 0.8425624 2.9253560 2.4614631 0.0000010 0.0000010 3.2876810 0.0000010 4.4807101 2.7852760 0.0000010 0.0000010 2.9070938 3.9770950 2.2109124 5.7481853 5.1750900 3.2146064 4.7598135 3.2866576 
Mlei_ML0508.g32.i1                                               2.3840020 2.3584478 2.6613920 1.8570713 1.7873002 0.0000010 0.4037679 0.0000010 0.6895602 0.0000010 1.0324695 0.0000010 0.1797993 0.3839734 0.2064191 0.0000000 0.3338712 0.0000010 0.0000010 3.1815930 1.6028033 0.0000010 1.7237710 0.0000010 1.5593274 1.8722791 1.6415090 1.6488608 3.4934297 1.6601218 1.6787734 5.4759032 1.8737879 1.6848126 1.5375412 1.5700087 1.6288252 1.9180110 2.9292341 6.0769301 1.5963293 1.6290155 1.5887581 2.1781571 0.0000010 0.0000010 0.0000010 2.1366456 0.0000010 2.6395267 6.1133403 2.5672767 2.5672767 2.0049827 2.0203550 1.9521560 2.4411946 1.9521560 2.0153146 0.0000010 1.9496724 1.8964520 1.9118618 2.3767979 4.7107710 1.7266376 1.9232649 1.9473042 2.0196110 2.2618871 2.7143530 1.7498642 1.5664641 1.7826198 1.9824121 1.8548700 2.3308777 2.9253671 2.0923651 3.9718332 3.6845409 1.8325117 1.4819449 1.4888707 3.3611291 3.5505231 0.0000010 0.0000010 3.0338613 0.0000010 4.1049434 3.3185959 0.0000010 0.0000010 3.4859494 4.6549096 2.2507139 2.7142409 1.8352450 2.9014635 3.2689971 3.0936769 
Lampan_Lpan_3262_01                                              2.4841749 2.1537163 2.5904663 1.9039855 1.6521072 0.0000010 0.4117935 0.0000010 2.8955296 0.0000010 1.0324695 0.0000010 0.4238189 0.4403201 0.2327353 0.3338712 0.0000000 0.0000010 0.0000010 4.0293902 1.2736863 0.0000010 1.4769457 0.0000010 1.2529110 1.6841320 1.3955418 1.4240544 3.4934297 1.3558491 1.3081071 5.4759032 1.3930323 1.3622723 1.1700155 1.2938248 1.5173222 1.9180110 0.6736504 0.0000010 1.2114858 1.2342023 1.2693486 1.9210700 0.0000010 0.0000010 0.0000010 2.2686049 0.0000010 2.6619146 8.7970262 2.6391973 2.6391973 1.6576681 1.6676366 1.6411549 2.1257378 1.6411549 1.6633554 0.0000010 1.6097992 1.4919548 1.7638241 2.7928303 5.2616408 1.4917335 1.5694413 1.5854547 1.9784954 2.4430449 2.1156853 1.4298808 1.3461961 1.5444744 1.8177456 1.7026806 2.1445432 2.6390902 1.7099236 3.3882141 3.3882141 1.7178011 1.3543560 1.3232106 2.9257504 2.7458317 0.0000010 0.0000010 3.5798652 0.0000010 4.6286176 3.0765537 0.0000010 0.0000010 3.4190141 5.0949933 2.1450300 3.8037559 4.7670682 3.4979172 3.6079622 3.0722062 
Eupdun_Edun_sb10650090                                           4.4318700 1.5307049 1.5307049 0.0000010 2.2824019 0.8768450 0.5384983 0.5402551 1.2322646 0.3679432 0.4086433 0.3780529 0.0000010 3.5427911 0.0000010 0.0000010 0.0000010 0.0000000 2.1395752 0.6585090 1.3187362 1.3238544 1.6498285 2.2729364 1.6899282 1.3468861 1.3261042 1.3660449 1.3498208 1.4032649 1.7304986 1.3393183 1.3497915 1.0890285 1.3807746 1.4468461 1.4527820 1.2377076 1.3220683 1.4544406 1.3981334 1.3682640 1.2719810 1.2750626 1.5001190 1.5479419 1.4853872 5.7949104 2.1403269 4.4091277 4.1282842 0.7548049 1.6419710 1.7388858 1.7344820 1.7389482 1.7577146 1.7389482 1.6813052 1.6988932 1.6591933 1.5506626 1.4991592 0.0000010 1.3717902 1.3627841 1.4301819 1.6662889 1.5445733 0.0000010 1.1164793 0.9373099 2.8700576 3.3911540 1.6888427 2.5043328 0.0000010 5.1355701 0.0000010 0.0000010 0.0000010 0.0000010 1.5565571 0.0000010 1.9094893 6.3484002 5.8028202 2.8077452 6.2477680 2.5262932 1.5471967 1.4542607 1.9737586 4.7312865 4.7942114 4.7028739 4.8173613 0.0000010 4.2752655 6.5956515 2.6796509 5.2240620 
Pbac_sb2648319                                                   0.0000010 2.9971429 2.9971429 0.0000010 5.4831250 0.0000010 0.8854695 0.2909299 0.0000010 0.0000010 0.6697880 0.4739031 0.0000010 0.8046738 0.0000010 0.0000010 0.0000010 2.1395752 0.0000000 0.0437084 1.9153396 1.8970391 1.5111483 0.3104584 2.7440955 1.7085004 1.6259996 1.7911368 1.7125121 1.7365957 5.0673954 1.3480163 1.5432959 0.0000010 2.0234777 1.4049034 1.9806411 1.5302661 1.7901832 1.7086819 1.7008506 1.5677224 1.6933893 1.4437783 0.0000010 2.1446300 1.6895752 0.0000010 0.0000010 0.0000010 0.0000010 0.0000010 1.6247414 1.8771026 1.8354147 2.0791747 2.0791747 2.0791747 2.0632490 2.0932997 1.9560352 1.8218200 1.7921195 0.0000010 2.0321776 1.9287396 1.9251980 1.9224765 1.8671907 0.0000010 1.6823953 1.6267847 1.4905021 2.7614299 2.0446960 2.6247654 0.0000010 4.3642772 0.0000010 0.0000010 0.0000010 0.0000010 0.0000010 0.0000010 0.0000010 3.4367196 3.6565473 3.6565473 0.4243288 2.4803454 1.9747784 2.7756728 1.2559593 3.5987697 2.0736710 3.4615925 0.0000010 0.0000010 2.5476525 2.0060143 0.0000010 6.9443998 
Pbac_sb2648033                                                   4.4539018 2.8274733 2.7786473 6.1478030 3.3496862 0.6262059 1.1865129 0.5377586 2.4041599 0.4824330 0.8383325 0.5678814 3.3256337 2.8629602 4.9295983 3.1815930 4.0293902 0.6585090 0.0437084 0.0000000 1.9697520 1.8578621 2.2063048 2.5021969 2.8287650 1.8540016 1.9405708 2.0320774 1.9151481 2.1232689 2.4495993 1.8193806 1.9480740 2.5518787 2.0412769 2.0084145 2.0391760 2.0376784 2.0884840 2.0975775 2.2071065 2.0971950 2.0317756 2.3858126 2.2251887 2.1141389 2.0852018 3.1314417 2.5754397 3.8566478 4.7967414 2.9742004 2.2490716 2.5050059 2.4900925 2.6037603 2.3992291 2.5976870 2.5565463 2.1883169 2.5242990 2.1851989 2.4305145 3.2355393 2.6116862 2.1940160 2.2807167 2.2737041 2.2653622 3.3675003 2.0078699 2.1827494 3.4820213 3.5058912 2.4943886 3.7475425 2.4364221 5.2137944 3.7442192 2.9065421 3.9256509 3.5712058 2.2009778 2.2092485 5.1478641 4.7854217 3.2195220 3.5449211 3.9965840 2.6517406 2.3854239 2.7222617 1.9654143 2.9273639 4.8114310 3.9182925 3.6450118 1.0743037 4.8090159 4.1878508 4.2211345 4.3815846 
Bralan_BLAG04001745_1                                            2.3671474 2.0742529 2.0872028 1.8798943 1.9646319 2.2459980 2.0182129 1.3013712 2.7533481 1.2247306 1.4322627 1.3567477 1.3791323 2.1836114 0.8103822 1.6028033 1.2736863 1.3187362 1.9153396 1.9697520 0.0000000 0.7275529 1.2191619 1.7704834 1.6274673 1.3351126 1.1837225 1.2419408 1.0174554 1.2833649 1.2856066 0.9480916 1.2357668 1.4077244 1.2530362 1.1172344 1.3419820 1.1502404 1.6252196 1.5082631 1.4935148 1.5076102 1.4597106 2.1242531 0.9599474 1.7675932 1.1607264 2.1881759 1.9191675 2.7214718 4.3815778 2.4648252 1.5121559 2.0794739 2.0716354 2.1048586 2.2151096 2.1083855 2.0705970 1.2113268 2.0849137 1.3243192 1.4763191 2.2337622 2.5385250 1.5430302 1.6597076 1.5089922 1.6009778 2.1384385 1.7848656 1.6766847 1.8817391 1.8755969 2.1893436 1.7208995 2.5219990 3.4881771 2.1180025 3.0797531 2.9288599 1.5568990 1.3498292 1.1030625 2.6718558 3.3841733 1.9834802 2.0833786 2.2898722 2.1536425 1.7654812 2.0297499 1.8979515 1.9300275 4.1495306 3.5162400 2.4173062 2.4387407 3.3399013 3.1082271 2.3819418 2.7547609 
Skow_XM_006819197.1                                              2.6640392 1.4926537 1.3926326 1.6681222 2.7048072 2.2895730 1.6198051 1.2399124 2.7191959 1.1751064 1.4384766 1.2547643 0.0000010 2.8337144 0.0000010 0.0000010 0.0000010 1.3238544 1.8970391 1.8578621 0.7275529 0.0000000 0.8075727 1.9105314 1.7443357 0.6486751 0.7484984 0.8557229 0.8459628 0.8675750 0.9337806 0.7872740 0.8003526 1.1164885 0.8869152 0.8300456 0.9523472 0.9340773 1.0705302 1.1114013 1.1344231 1.1184647 0.9588186 1.4291159 0.8284939 1.1198997 1.1786123 1.7357197 1.4252095 2.8788339 2.5526331 1.8017151 1.2590866 1.4547376 1.4243456 1.5080137 1.5532781 1.5158176 1.5159690 1.2677163 1.4902594 0.9409398 1.0232724 0.0000010 1.7621663 1.0781018 1.1777930 0.9592890 1.0557228 0.0000010 1.0217641 1.3502533 2.1794931 3.0268146 1.4263678 1.7279582 0.0000010 4.3034886 0.0000010 0.0000010 0.0000010 0.0000010 3.0369250 0.0000010 2.9189648 3.1507429 2.4716298 2.2860144 2.9216905 1.8726451 1.3245160 2.1358229 1.6452097 3.0862177 3.4400017 3.1885557 2.7026554 2.1976666 3.4682684 3.4413906 3.0334519 2.7723339 
Spur_XM_787833.5                                                 1.9949333 2.2112552 2.2030125 1.9050427 2.1103602 2.5595918 2.2378321 1.4441271 3.1895863 1.4136193 1.5140114 1.3680111 1.5361556 2.3845182 0.9843690 1.7237710 1.4769457 1.6498285 1.5111483 2.2063048 1.2191619 0.8075727 0.0000000 2.0921995 1.8042122 1.4116284 1.3130792 1.3684209 1.0544933 1.3623220 1.4276833 1.0564864 1.3730892 1.5907856 1.4610611 1.3066985 1.5588243 1.3745200 1.8055352 1.7071536 1.7436097 1.7542005 1.6543241 2.2211728 1.0297274 1.8120592 1.2866550 2.2279809 1.9965840 3.1404219 4.3836803 2.3114135 1.5847328 2.1334270 2.1247497 2.1304012 2.2263767 2.1335696 2.1660635 1.2143413 2.1645450 1.5913387 1.7191234 2.3174025 2.7743083 1.6612065 1.7870529 1.6667256 1.7393518 2.0558910 1.9443358 1.8549144 2.0296193 2.1387575 2.1841827 1.8704489 2.3068250 3.4020372 1.6745416 3.1136653 3.0389387 1.8152481 1.5647138 1.2358202 2.5712159 3.4520015 2.4844420 2.4846634 2.6743176 2.1021589 1.9876121 2.0830949 1.7053589 1.9559236 3.9419601 3.9354542 2.5431913 2.4715231 3.2535209 3.2954812 3.1878737 2.6404343 
Nvec_NVE16057                                                    4.5111353 3.3227053 4.2612286 0.0000010 2.9025408 2.5384868 3.1122384 1.1435437 0.0000010 3.1590325 1.3500803 1.1435437 0.0000010 2.6914798 0.0000010 0.0000010 0.0000010 2.2729364 0.3104584 2.5021969 1.7704834 1.9105314 2.0921995 0.0000000 1.2094979 1.0269271 1.0313578 0.9658380 1.3389869 0.9660248 1.1397563 1.5063883 0.8007607 8.9999981 2.4052984 2.4512664 3.0554251 2.7705670 1.8843851 1.7624791 1.6119818 1.7432150 1.8230696 2.9365036 1.4448741 2.4563253 1.9254080 3.0357910 2.9471893 2.7339443 2.7339443 5.5860240 3.9386135 2.2186780 2.0636546 2.1195058 2.1195058 2.1195058 2.3230389 0.6751853 2.0826387 1.8176551 2.5635604 0.0000010 5.5576538 1.8564720 2.3009644 2.3349333 2.1724127 0.0000010 2.0768056 1.6364791 2.7035095 1.9920021 3.0071863 0.0000010 0.0000010 4.3005461 3.5351294 0.0000010 0.0000010 0.0000010 0.0000010 1.9418182 0.0000010 3.4348732 3.3025948 3.3025948 3.4734188 3.1765508 3.0146272 5.9216398 9.0000000 2.8501323 4.6709485 8.9999981 7.7079323 9.0000000 0.0000010 6.7112740 4.4128649 5.7217133 
Adig_XM_015912020.1                                              2.3501188 2.5140079 2.6439246 1.7278375 2.1217597 0.0000010 2.4744336 1.7677869 2.6712465 1.9217037 2.5326562 2.6711938 1.2538196 2.4810121 0.9774755 1.5593274 1.2529110 1.6899282 2.7440955 2.8287650 1.6274673 1.7443357 1.8042122 1.2094979 0.0000000 0.0964135 0.3239882 0.3349844 0.4151326 0.3779818 0.3090677 0.7150734 0.8004034 0.8362456 2.1505968 1.6369049 2.0179486 2.0434538 2.0890077 1.9447857 1.7062341 1.7288936 1.6930495 2.6806136 3.7863676 2.5968548 1.9542548 2.7536088 2.5113040 3.0762893 5.2772264 2.4335416 2.3052842 2.5531871 2.4919176 2.5127388 2.7296750 2.5115072 2.5401415 2.1788540 2.5646230 1.9213070 2.0615474 2.1683817 3.5215098 1.7120056 1.9565171 2.2438125 2.1717889 2.5560618 2.0682970 1.8179517 1.8717547 1.8500413 2.7246717 1.4968361 2.7107054 3.8878880 3.0617188 3.1204860 3.5291594 1.9655530 1.6350802 1.7093442 3.0210184 3.6854925 2.4318052 2.1290486 2.3657952 3.8384737 2.7105525 3.0641676 2.4138722 2.1192263 3.9161761 3.6843439 2.6306825 2.8473246 3.9491254 3.2249500 3.3045098 3.0496144 
Amil_Amillepora15461-RA                                          2.2391474 2.0368345 2.0399217 2.1433553 2.0873755 2.7533920 2.0572400 1.2223843 2.6175970 1.2058761 1.3631256 1.3711713 1.6511517 2.4027492 1.2723625 1.8722791 1.6841320 1.3468861 1.7085004 1.8540016 1.3351126 0.6486751 1.4116284 1.0269271 0.0964135 0.0000000 0.2478236 0.2415288 0.1669169 0.2911719 0.2537209 0.4464731 0.6248762 0.8460176 1.5287754 1.3791600 1.6871650 1.4987877 1.5420130 1.3991242 1.3990621 1.3820218 1.3594204 2.1921636 0.9613675 1.8040568 0.9305681 2.2171085 1.9849295 2.8548970 3.8332642 2.5014608 1.3897730 2.0002281 1.9595323 1.9695514 2.0064159 1.9707428 1.9908829 1.1023272 1.9656502 1.5839290 1.6323585 1.8008838 2.6611999 1.3873493 1.5390857 1.7464540 1.7817401 2.3148326 1.5411268 1.6035210 1.8245056 1.8314878 2.1923226 1.9484614 2.3712573 3.3060425 1.9579121 3.2240583 3.6976811 1.9050809 1.6614383 1.6720569 2.4583693 3.6352949 2.2558166 2.0092254 2.7541726 2.0594707 1.6468447 1.8631309 1.6230000 2.3490261 3.9014953 3.8962429 2.6313003 2.1223440 3.2819284 3.0280270 2.2320633 2.9632310 
Fspp_ffun1.m4.8716.m1                                            2.3112536 2.0010688 2.0211805 1.9192761 1.9450905 2.6813676 2.0607819 1.2069912 2.5533500 1.2261307 1.3004393 1.3194290 1.5051359 2.3236542 0.9556119 1.6415090 1.3955418 1.3261042 1.6259996 1.9405708 1.1837225 0.7484984 1.3130792 1.0313578 0.3239882 0.2478236 0.0000000 0.1080368 0.1035761 0.1609789 0.1850250 0.4453062 0.5743718 0.6990183 1.5059231 1.2523144 1.5253900 1.3851200 1.5225004 1.3658971 1.3209618 1.3410941 1.3186206 2.1191429 1.0684393 1.7783812 0.9927841 2.3123494 1.8950128 2.6305061 3.6550020 2.2659342 1.3936284 2.0045977 1.9690915 1.9480732 2.0261247 1.9476968 1.9472660 1.1439686 1.9240148 1.4505930 1.5268362 1.5718914 2.5956754 1.2943223 1.4565601 1.7007451 1.7900347 2.2035249 1.5723264 1.5355214 1.5967595 1.7078404 2.1528859 1.6510603 2.7167337 3.5522835 1.8297900 2.8986765 3.3766772 1.6741979 1.3825239 1.4828676 2.3722112 3.3918271 2.3041980 2.1128643 2.4865621 2.1712844 1.6116202 2.0743643 1.5292702 2.1218125 3.6929575 3.7737075 2.4823879 2.2364787 3.3769200 3.0985157 2.6442160 2.7461158 
Gasp_gasp1.m3.18498.m1                                           2.2933870 2.0153225 2.0085317 1.9353724 1.9211234 2.9306203 2.1522830 1.2911373 2.6151436 1.2873629 1.4081540 1.3814868 1.5015979 2.3997963 0.9593446 1.6488608 1.4240544 1.3660449 1.7911368 2.0320774 1.2419408 0.8557229 1.3684209 0.9658380 0.3349844 0.2415288 0.1080368 0.0000000 0.0487245 0.1939119 0.2112197 0.4874306 0.6088565 0.7114692 1.5617673 1.2974793 1.5971080 1.4741672 1.5830973 1.4521984 1.3926610 1.4012326 1.3813757 2.1346211 1.0634962 1.7977670 1.0959919 2.3268450 1.9549146 2.7077486 3.7297133 2.1016929 1.3994863 2.0527941 2.0184649 2.0083687 2.0936177 2.0090031 1.9895960 1.1594457 1.9885123 1.4878428 1.5976022 1.6735372 2.6571213 1.3448259 1.4918120 1.6993828 1.7949097 2.1400825 1.6220292 1.5566760 1.6572635 1.7635535 2.1349290 1.6115658 2.7065757 3.5551740 1.8950873 2.9548578 3.4120219 1.7209076 1.4172105 1.5027069 2.4556752 3.4376567 2.2558858 2.1430788 2.5132047 2.2787510 1.6558591 2.1553359 1.5735166 2.0764161 3.7092533 3.7631420 2.4405433 2.3193005 3.2595292 3.2754131 2.7313103 2.7656325 
Gasp_gasp1.m3.30948.m1                                           2.4317551 1.5504048 1.4733102 1.9553570 2.1686188 2.7566970 1.9473663 1.2488114 2.3342361 1.2678913 1.3655029 1.3576445 3.4934297 2.1606437 3.4934297 3.4934297 3.4934297 1.3498208 1.7125121 1.9151481 1.0174554 0.8459628 1.0544933 1.3389869 0.4151326 0.1669169 0.1035761 0.0487245 0.0000000 0.1657839 0.2349563 0.4995799 0.5338758 0.9811170 1.1292481 0.8329195 1.2516158 1.1822175 1.1620932 1.2151679 1.2138766 1.1901109 1.1404333 1.6770110 1.0126558 1.4881893 1.0701579 2.1782307 2.0863481 3.1395881 2.8528486 2.3716672 1.4692572 1.7070276 1.6906582 1.7508921 1.7881398 1.7488702 1.6978523 1.1372475 1.6689005 1.2250399 1.2416930 0.0000010 2.2075509 1.0803016 1.2796433 1.2763182 1.3181838 0.0000010 1.2217918 1.4760839 1.8820035 3.2467628 1.7209832 1.7584031 0.0000010 4.3261671 0.0000010 0.0000010 0.0000010 9.0000000 1.7422506 0.3064195 2.6455959 2.8435526 2.1274820 2.2449398 2.1008207 2.2594971 1.5375884 2.0966863 1.4877918 2.3452492 3.7760295 3.3996313 2.3382538 2.2983725 3.6019896 3.4462473 3.0542945 3.2169502 
Spis_XP_022782260_1                                              2.1914217 2.0110311 2.0131782 1.8784864 1.9263469 2.6721667 2.0983321 1.2768979 2.5332440 1.2923372 1.4086277 1.3507905 1.4975530 2.3754363 0.9261027 1.6601218 1.3558491 1.4032649 1.7365957 2.1232689 1.2833649 0.8675750 1.3623220 0.9660248 0.3779818 0.2911719 0.1609789 0.1939119 0.1657839 0.0000000 0.2592773 0.5144090 0.6355900 0.7447691 1.5459142 1.2924930 1.6076782 1.4726824 1.5398817 1.4497779 1.3668030 1.3694424 1.3824713 2.2172413 1.1543249 1.8985240 1.1320389 2.3376956 1.9882019 2.7080402 3.6007792 2.2939961 1.4910374 2.0439513 2.0124645 2.0045560 2.0802256 2.0029456 1.9732175 1.1226236 2.0204429 1.5055236 1.6312147 1.6661062 2.7973738 1.3464521 1.5294142 1.7850414 1.8371730 2.2324321 1.6497878 1.5795535 1.6485470 1.7059316 2.2049692 1.5935748 2.7404851 3.4419722 1.9679338 3.0841926 3.5217264 1.7365268 1.4335475 1.5103232 2.5601494 3.4670599 2.3681291 2.2131980 2.7562229 2.1916783 1.7123620 2.1794085 1.6397029 2.1125595 3.8651095 3.8043629 2.4850668 2.6722651 3.3624613 3.0408053 2.7864752 2.8281432 
Gfas_gfas1.m1.6419.m1                                            2.1901113 2.1553533 2.1646929 1.8566030 1.9317793 2.6152005 2.1888329 1.9181119 2.6799794 1.6615933 1.5348570 2.0352400 1.4933873 2.3128247 0.9865625 1.6787734 1.3081071 1.7304986 5.0673954 2.4495993 1.2856066 0.9337806 1.4276833 1.1397563 0.3090677 0.2537209 0.1850250 0.2112197 0.2349563 0.2592773 0.0000000 0.5741660 0.6550392 0.7367575 1.6418239 1.3944400 1.6871914 1.5258639 1.6750920 1.5246409 1.4330707 1.4557930 1.4506070 2.3320448 1.0518691 1.8726719 1.2020906 2.2332956 1.8446899 2.8762661 3.9359078 2.2464394 1.5511311 2.1661416 2.1176565 2.1027328 2.2049757 2.1016585 2.0979524 1.1840766 2.1086502 1.5668491 1.6624940 1.7942456 2.8748640 1.3948628 1.5828740 1.7907252 1.8884641 2.2418914 1.7982988 1.6346845 1.6580805 1.6671882 2.2891973 1.6659990 2.7592683 3.4783508 1.9652612 3.1562785 3.3956130 1.6788113 1.4562580 1.4617263 2.5010408 3.4845395 2.1982706 2.0371008 2.5350789 2.8732918 1.8777869 2.1950783 1.6735782 2.0337074 3.7922429 3.8752716 2.4521562 2.4925533 3.6362558 3.0866352 2.8828182 2.6733700 
Nvec_v1g128716                                                   2.4641808 1.6537905 1.6077038 1.1494264 1.6638190 2.3265640 1.9142360 1.2206470 2.4699943 1.2454687 1.4003494 1.3072911 5.4759032 2.3733624 0.0000010 5.4759032 5.4759032 1.3393183 1.3480163 1.8193806 0.9480916 0.7872740 1.0564864 1.5063883 0.7150734 0.4464731 0.4453062 0.4874306 0.4995799 0.5144090 0.5741660 0.0000000 0.3629235 1.6607071 1.1261853 0.8719109 1.2386101 1.0538935 1.1908539 1.1955079 1.1880597 1.1556227 1.0468201 1.8292993 0.9035052 1.6699720 1.1106652 2.1677471 1.9415700 3.1829321 2.9602641 2.3375370 1.4403229 1.6384340 1.6504805 1.7129302 1.7461275 1.7127526 1.7014807 1.1814129 1.6508398 1.1273822 1.1478420 1.9796779 2.1368609 1.0622980 1.2605145 1.2994153 1.2775716 1.9599961 1.2014273 1.3967060 2.3189756 2.9988651 1.8301477 1.7064760 2.9311326 4.2151649 9.0000000 1.1754719 0.0000010 0.0000010 1.9307576 1.1006333 2.8328140 2.6870763 2.1424763 2.1189360 2.2925358 2.2032720 1.5349466 2.0936214 1.6786895 1.9455713 3.8099691 3.2997199 2.9278058 2.5104862 3.0057969 3.3145730 3.1102244 2.8214059 
Exapal_XM_021053643.2                                            2.2382565 2.0219881 2.0354381 1.7036413 1.9497856 2.4832374 2.0477946 1.2154887 2.9531107 1.2374839 1.3118678 1.2331311 1.6415202 2.3204379 0.9003941 1.8737879 1.3930323 1.3497915 1.5432959 1.9480740 1.2357668 0.8003526 1.3730892 0.8007607 0.8004034 0.6248762 0.5743718 0.6088565 0.5338758 0.6355900 0.6550392 0.3629235 0.0000000 0.5319627 1.5399297 1.3155368 1.6128622 1.4477427 1.5262337 1.3879722 1.3713370 1.3884046 1.3163457 2.2594130 1.0186866 1.8282427 1.1276283 2.2716975 1.8882023 3.0766727 4.1846376 2.3210591 1.5258179 1.9513654 1.9368336 1.9194345 2.0021877 1.9178432 1.8816230 1.0840669 1.9169751 1.4751422 1.6364199 1.7633902 2.6024339 1.3160880 1.4675621 1.6927832 1.7587361 2.1553858 1.5967885 1.5402392 1.6901144 1.8721871 2.2198956 1.7827798 2.9083803 3.4333574 1.9779014 3.1570283 3.0883652 1.8239625 1.4527238 1.4878110 2.4897365 3.3487693 2.2184698 1.9722601 2.5493378 2.2501450 1.7274383 2.0961233 1.6693842 2.0422650 3.5740780 3.8288935 2.4179099 2.7016921 3.5937062 3.0149297 2.7719401 2.7993412 
Nvec_v1g216254                                                   2.6310648 2.4316750 2.5643960 1.7418862 1.9789489 3.6335872 2.2707866 1.5693355 3.0749879 0.8674779 1.4166199 1.1058288 1.4531879 2.3410688 0.9511832 1.6848126 1.3622723 1.0890285 0.0000010 2.5518787 1.4077244 1.1164885 1.5907856 8.9999981 0.8362456 0.8460176 0.6990183 0.7114692 0.9811170 0.7447691 0.7367575 1.6607071 0.5319627 0.0000000 2.3564379 1.6991556 1.7918319 2.3405992 2.0639979 1.9207242 1.4807392 1.5016172 1.3518538 2.6338627 3.2076513 2.8489079 3.4828296 2.3906030 2.5283772 2.8579344 4.9059518 1.4881198 1.5738298 2.3409998 2.3479777 2.2748649 2.5077913 2.2792932 2.2484136 1.6290817 2.2937599 1.7390200 1.9332848 1.8184874 3.2437964 1.4485497 1.6467570 2.0003067 2.2149671 1.8067490 2.2843628 1.5646113 1.4102412 1.1104240 2.5888728 1.7162902 3.1357653 4.3634842 3.1697145 2.9589897 3.0353453 1.7903185 1.3945136 1.4184455 2.5970771 3.6589199 2.8160530 3.1169813 3.1216276 6.9084025 2.8448971 3.5027371 9.0000000 3.5723815 3.8107629 4.0561884 2.3804171 3.4365406 3.4911242 3.1439794 2.7430351 2.8122982 
Cscu_XM_023367177.1                                              1.5848911 2.1562054 2.0339517 2.3987965 2.3585060 2.6867107 2.3458809 1.3943822 3.9607123 1.3342707 1.4705702 1.5102396 1.6500380 2.7803481 1.1256192 1.5375412 1.1700155 1.3807746 2.0234777 2.0412769 1.2530362 0.8869152 1.4610611 2.4052984 2.1505968 1.5287754 1.5059231 1.5617673 1.1292481 1.5459142 1.6418239 1.1261853 1.5399297 2.3564379 0.0000000 1.1947766 1.4602091 1.2079068 1.7281053 1.7485963 1.7034244 1.7033903 1.6348788 2.2573332 0.9123861 1.8618809 1.2364363 2.2252116 1.9011563 2.6926971 2.5616533 2.6514610 1.5644578 2.0531126 2.0445381 2.0860160 2.1214301 2.0873577 2.0778232 1.0898618 2.0947192 1.5076537 1.6580006 2.6533865 2.6343647 1.6724549 1.7788943 1.4416740 1.4625600 2.0900572 1.6898759 1.8962515 2.9355270 2.9857810 2.3353188 1.3342094 2.1450143 3.5015963 2.4712363 5.1710745 2.9274537 1.5891924 2.0336461 1.7930093 2.3683903 3.2407635 2.2308271 2.2116780 2.3686508 2.2199406 1.7493713 2.2411418 1.5961162 1.6964952 4.1803027 3.1950159 2.2889024 2.8579675 2.6798373 3.2684135 2.7970065 2.1641160 
Ctel_gnl_WGS_AMQN_CAPTEDRAFT_mRNA154368                          1.9714194 2.1668730 2.2248320 1.8108399 2.0704989 2.4463926 2.0200676 1.4405111 3.3567926 1.4096271 1.4067132 1.4518491 1.4275914 2.4355495 0.8081488 1.5700087 1.2938248 1.4468461 1.4049034 2.0084145 1.1172344 0.8300456 1.3066985 2.4512664 1.6369049 1.3791600 1.2523144 1.2974793 0.8329195 1.2924930 1.3944400 0.8719109 1.3155368 1.6991556 1.1947766 0.0000000 1.1937998 0.9639038 1.6195424 1.4771906 1.4733906 1.4691023 1.4743843 2.2160278 1.3782547 1.7946284 1.3543076 1.9113845 1.4716149 3.1062326 3.8976494 1.7553160 1.3550963 2.1611934 2.1341755 2.1365413 2.2561160 2.1359252 2.1286371 1.2751774 2.2090735 1.4110879 1.5563972 1.9434852 2.4859243 1.5801587 1.7187659 1.5793009 1.6217396 2.3465025 1.8216747 1.6645208 1.9131255 2.0331539 2.2339311 1.9009555 2.2933859 3.2858885 2.1384363 3.4350303 3.3304616 1.4994737 1.1485113 1.4577716 2.6470348 3.3612282 2.3357799 2.3467983 2.4593139 2.1171924 1.6448204 2.1554297 1.7280306 1.4427953 3.9557418 3.7137049 2.3108599 2.2837156 3.0984921 3.1129188 2.7939017 2.9137113 
