80
Lcom_lcpid191682                        0.0000000 8.7522361 7.9131177 2.0448117 2.8534964 3.1848751 4.8367727 4.8509087 2.6824299 2.9201396 2.9512482 3.4547552 3.2120592 2.6137488 2.5516051 3.3791213 2.0362155 2.4033042 2.6741654 2.8358631 4.3223403 4.3223403 4.8330828 3.5332362 3.3396780 3.3797623 3.3365228 3.9556671 3.9158837 3.7264129 3.7264129 3.8604643 3.8033785 3.8033785 5.4330603 8.9999981 6.4004536 6.1473121 6.1347023 2.5096122 6.8963933 6.8963933 6.8963933 6.8963933 0.0000010 9.0000000 5.3390882 5.8110494 6.8707833 6.2753599 8.9999984 6.2429444 5.4455679 5.4607938 5.4234164 5.6022253 5.8739511 4.8906085 5.5195949 5.9391731 7.2036512 5.2994128 3.4976957 3.5540270 6.3268910 4.2790830 4.4806897 3.4195417 4.7530370 6.6969007 5.5389863 5.9411637 6.0246475 5.3765794 8.9999983 5.2724754 6.2231011 5.7919402 5.9637477 4.0998879 
Hsap_ENST00000517883                    8.7522361 0.0000000 0.0228689 5.1533068 4.1845328 4.2389208 5.1069483 1.7627405 4.1836172 3.9856195 3.8728466 3.8844056 4.1275120 4.1756340 4.1435641 2.2452287 3.8978821 4.0847119 3.6130653 3.9734455 3.2874320 4.3265262 5.7141035 4.7136028 4.1708685 4.6664987 4.4617472 4.0790869 3.9579695 3.9952470 4.0334113 3.9164093 3.8070558 3.8070558 4.5122934 3.2880960 5.0276207 5.6123247 4.7743758 4.4896764 5.6208338 5.2006274 6.2368486 5.9067840 7.0590435 6.8279460 4.7346276 4.3866419 4.9128345 4.5322304 5.7771100 5.3282077 4.2135765 4.8266512 3.5348404 5.2683802 5.3337961 5.0774857 5.0188642 6.2991578 4.5667641 3.5006970 4.6550186 4.6187601 4.5301672 4.5446804 4.3072512 5.4858422 5.2333801 5.0112715 6.7300932 5.8700601 7.3606360 6.4728215 8.3151047 6.8032876 7.5918702 7.5918702 5.5420379 6.2437814 
Hsap_ENST00000290390                    7.9131177 0.0228689 0.0000000 4.7236318 3.5473225 3.6189168 4.0780378 1.9545655 3.6399904 3.4845410 3.3894653 3.3359947 3.4478190 3.3723913 3.4467438 1.9773732 3.3937930 3.4764751 3.1024078 3.3409994 3.2924042 3.9810670 4.9013635 3.7561939 3.4948642 3.7252043 3.7273292 3.6473405 3.5598108 3.6006807 3.6293791 3.5480421 3.4706103 3.4706103 3.9669800 3.0817709 5.1973306 5.5247574 4.0468800 4.4896764 5.5691004 5.2006274 6.1958798 5.9067840 5.9221090 6.8153940 4.7346276 3.7561050 3.8107389 3.8297072 5.5904276 5.2190761 3.5709242 4.0739717 2.3007933 3.8849353 4.0302598 4.0869692 3.9620027 5.9522515 4.5905540 3.1239613 4.0383809 4.0380497 3.8801536 3.9311958 3.7702607 4.6352106 4.1740062 4.5264927 5.8103010 5.4557211 6.1168406 5.3552390 7.5945072 5.5025104 7.7774941 6.2414827 5.0416868 5.0280243 
Adig_XM_015908553.1                     2.0448117 5.1533068 4.7236318 0.0000000 0.6267514 0.6235474 0.1454082 3.2203326 0.5279840 0.6808279 0.7100675 1.2330768 1.3054687 1.7935920 2.0607089 3.8990734 2.1549062 2.2033636 1.8740750 2.2431336 2.1151753 1.9755163 2.2365019 2.1864655 2.3330517 2.1034767 2.1099228 1.9430860 1.9208825 1.9911989 1.9965846 1.9754399 2.0221369 2.0221369 3.7266206 3.8111847 1.8538624 2.0201640 2.0635364 2.0846769 2.0846769 2.0846769 1.6508897 1.6508897 0.0000010 1.2304024 2.0260179 2.4370098 2.8227302 2.2211047 9.0000000 2.2165666 2.2257579 2.2600542 5.3753221 2.0085644 2.0384913 2.4729192 1.8626647 1.2026967 2.3898901 3.4748485 2.5917326 2.5847532 5.0546949 3.6177763 2.3451438 2.4565721 2.8269099 3.5349317 5.1915466 5.6852515 5.2149352 6.6711957 4.9892455 5.9771736 4.5019655 4.7506904 3.3406058 5.2461131 
Fspp_ffun1.m4.2722.m1                   2.8534964 4.1845328 3.5473225 0.6267514 0.0000000 0.1912074 0.4572300 0.2110833 0.2449740 0.2982144 0.2776708 0.7991785 0.7878222 1.6588947 1.6801444 1.9992711 1.7985216 1.8656933 1.9208467 1.8084038 1.7483849 1.7909128 2.0581454 1.9452386 1.9915616 1.9975662 1.9068016 1.9717447 1.8382164 1.9953935 1.9987182 1.9919846 1.9564324 1.9564324 2.9885059 2.6159620 3.0586168 3.5373089 2.7213637 2.0423096 3.4044515 2.9130336 4.2521725 3.5473143 7.4005167 8.1073171 2.4091573 2.6013772 3.1732548 2.7239344 6.0806624 3.4178182 2.7301823 2.7268845 1.6088371 2.2339460 2.3391511 2.7943208 2.5825351 3.5277438 3.0717368 2.2043387 2.6182621 2.6253797 3.6074302 2.8595321 2.0737224 2.4294613 2.5885360 3.6611371 4.4315627 4.5990553 4.1297858 5.2352652 4.8409635 5.0702159 5.4477074 4.7714692 3.2843216 4.0227773 
Gasp_gasp1.m3.5497.m1                   3.1848751 4.2389208 3.6189168 0.6235474 0.1912074 0.0000000 0.5168532 0.2592566 0.2671157 0.2857393 0.2599079 0.8198839 0.8636438 1.7417406 1.8195332 1.9842282 1.8856853 1.9543668 1.9919303 1.8320315 1.8637403 1.8229717 2.1009359 1.9547134 1.8920001 2.0316649 1.9464495 2.0142738 1.8550328 2.0192035 2.0224527 2.0386209 1.9564624 1.9564624 3.0274840 2.4911406 2.9591018 3.5469021 2.7557134 2.0151634 3.4289624 2.9305632 4.1773928 3.5291941 6.3545870 7.5033097 2.4608037 2.8173904 3.2521555 2.7776190 5.8060886 3.4382821 2.7472093 2.7796659 1.7850160 2.2574783 2.3905152 3.0653571 2.8371827 4.0443119 3.1006976 2.3259655 2.7128401 2.7213733 3.7477398 2.9705981 2.0625453 2.2791838 2.6760297 3.7752763 4.0760687 4.6510995 4.2842252 5.3122744 5.2382825 5.0122277 4.7367412 4.3334770 3.2558401 4.0689720 
Amil_Amillepora21461-RA                 4.8367727 5.1069483 4.0780378 0.1454082 0.4572300 0.5168532 0.0000000 0.0063574 0.3718334 0.5386518 0.5571170 0.9061788 0.9130033 2.0319646 2.1510147 1.6077527 2.2706064 2.2143807 2.0986928 2.1187741 2.1484272 2.0688980 2.0896577 2.0029876 2.1137737 2.1150145 2.0775919 2.1488375 1.9903765 2.2063024 2.2067852 2.1643303 2.1217056 2.1217056 3.2964934 2.9900168 4.8574165 5.3187889 3.3975322 3.6712222 5.2989152 4.8231825 8.9999987 8.9999987 6.6855319 8.6988816 4.4219986 3.5801211 3.6608670 3.4657076 6.0262613 5.7214582 3.2314103 3.1729714 1.8378068 2.8474876 2.8659368 3.5316984 3.1338082 8.9999985 4.5095335 2.3021575 3.0084736 3.1523610 3.0097762 3.3519314 2.2175549 2.4950394 3.1869210 3.6442482 3.8726382 4.4510666 4.4158398 4.9597521 5.2513501 4.9436510 5.4656067 4.6595710 3.0103813 4.3055559 
Adig_XM_015908557.1                     4.8509087 1.7627405 1.9545655 3.2203326 0.2110833 0.2592566 0.0063574 0.0000000 0.2156501 0.2518796 0.2840663 0.5159089 0.5447247 1.1153089 1.0749290 1.1529391 1.4657425 1.3964909 1.3555808 1.2210937 1.0526769 1.0526769 1.1381791 1.3145490 1.4029288 1.3506760 1.3843228 1.2811540 1.3031506 1.2994223 1.2962995 1.3012710 1.2609525 1.2609525 1.9464565 2.1316302 5.2318990 4.8294557 1.9936426 0.0000010 4.1977651 0.0000010 4.1977651 0.0000010 4.1320904 4.1977651 0.0000010 2.1607284 2.0931511 2.0931511 3.5450336 6.7154557 2.0516966 1.7942962 1.7058851 1.7058851 1.6965577 2.2687424 2.3063315 4.5969598 2.0184652 1.6681337 2.0353682 2.0353682 2.0353682 1.8642207 1.3433882 1.7324624 2.2840222 2.6287784 2.2433306 2.8083139 2.8318274 3.3655978 4.9638728 3.1476583 3.9026158 3.3911384 2.1844479 3.3605338 
Gfas_gfas1.m1.6610.m1                   2.6824299 4.1836172 3.6399904 0.5279840 0.2449740 0.2671157 0.3718334 0.2156501 0.0000000 0.2959255 0.2779598 0.8129611 0.8038623 1.7429414 1.8444902 2.0446000 1.8343564 2.0151143 1.9474968 1.8088243 1.8725176 1.9105837 2.0208042 1.9817112 2.0365830 2.0647418 2.0430163 1.9078024 1.7756411 1.9156699 1.9162969 1.9525695 1.8925889 1.8925889 3.0262518 2.3278481 3.0458416 3.4805935 2.7278231 2.1780258 3.5696428 3.0658628 4.3380711 3.6588233 6.6272019 7.6061290 2.6808423 2.8062244 3.0694397 2.7243845 4.8447054 3.3929058 2.7046612 2.6888697 1.6750278 2.2770106 2.3774259 2.8937633 2.7219152 3.9755175 3.0839317 2.2263805 2.6443666 2.6426534 3.6038322 2.8603662 2.0774694 2.2936183 2.7901709 3.6626719 4.3067957 4.6502460 4.2087975 4.8993419 4.6485794 5.2094576 5.3026367 4.7424849 3.2540765 4.0711307 
Spis_XP_022799688_1                     2.9201396 3.9856195 3.4845410 0.6808279 0.2982144 0.2857393 0.5386518 0.2518796 0.2959255 0.0000000 0.1028525 0.8261220 0.8447479 1.7814869 1.7893365 2.0395524 1.8652653 1.9835588 2.0522519 1.7842249 1.9711579 1.9273614 2.0107502 1.9735104 1.9793461 2.0007488 1.9901748 1.9733323 1.8374296 1.9852079 1.9911881 1.9830342 1.9694584 1.9694584 3.0545725 2.5767709 3.1599293 3.7092520 2.8400882 2.2653223 3.6218540 3.1525823 4.2001917 3.5770520 6.1426153 7.3744106 2.7129238 2.7967240 3.1707370 2.8246506 5.2951820 3.6459259 2.8227491 2.7912560 1.7318590 2.2976695 2.3880354 2.9011084 2.8092101 3.8404644 3.2065023 2.1844071 2.5542823 2.5275091 3.5377640 2.7279320 1.9776000 2.3662664 2.7380586 3.9293496 4.1428785 4.4713697 4.3227973 4.9961994 5.2735956 5.1225091 4.9553719 4.6198297 3.2168304 4.0122759 
Pocdam_XM_027183366.1                   2.9512482 3.8728466 3.3894653 0.7100675 0.2776708 0.2599079 0.5571170 0.2840663 0.2779598 0.1028525 0.0000000 0.7902607 0.8423704 1.7825889 1.7531190 1.9952714 1.8052680 2.0387872 2.0526482 1.8050541 2.0180905 1.9370520 2.0382378 1.9996114 1.9761860 2.0272699 2.0480685 2.0258617 1.8720244 2.0206415 2.0211200 2.0246974 1.9988097 1.9988097 3.1245447 2.6152458 3.0551437 3.6340157 2.8016360 2.2418607 3.5860602 3.1325085 4.2302304 3.6458587 6.1127891 7.4754840 2.6763152 2.7965567 3.1446978 2.8030102 5.3808517 3.5871011 2.7669968 2.7076217 1.7300186 2.2999479 2.3767986 2.8733335 2.8277163 3.9000858 3.2050997 2.2118294 2.6260920 2.5949877 3.5608009 2.8324259 2.0502991 2.3982645 2.7670289 3.9659048 4.1808833 4.5716408 4.1757885 4.9391699 5.4795115 4.9363898 5.1000064 4.5394084 3.2341458 3.8804964 
Nvec_v1g237299                          3.4547552 3.8844056 3.3359947 1.2330768 0.7991785 0.8198839 0.9061788 0.5159089 0.8129611 0.8261220 0.7902607 0.0000000 0.6049364 1.8982675 1.7363710 1.9942488 1.8551356 1.9122526 1.9267286 1.7491154 1.8143539 1.8916295 2.1191772 1.8751500 1.9589110 1.9434435 1.9785064 2.1988959 2.0444871 2.1883712 2.1783640 2.1879515 2.1446934 2.1446934 2.8632247 2.4049753 2.7788801 3.4697951 2.6891590 2.2610699 3.5451579 2.9134407 4.4034197 3.5234126 7.1925959 6.1209100 2.6701645 2.6664322 2.9053616 2.5712811 5.2159099 3.4217669 2.5720418 2.3693068 1.7187058 2.1954715 2.3349553 2.6553509 2.6123549 3.8420163 3.0443715 2.2222614 2.8081187 2.7822048 3.3355940 3.0705790 2.0243603 2.1458672 2.6315244 3.7855846 4.3154663 4.1739503 4.3155169 4.8273019 4.8192929 5.2352098 5.9526283 4.7498776 3.3538899 3.8560456 
Exapal_XM_021040480.2                   3.2120592 4.1275120 3.4478190 1.3054687 0.7878222 0.8636438 0.9130033 0.5447247 0.8038623 0.8447479 0.8423704 0.6049364 0.0000000 1.8462602 1.7301088 2.2810332 1.8959913 1.9580368 1.9918019 1.7890452 2.1136711 1.9742659 2.1399721 1.5270986 1.7643346 1.8194947 1.7952448 1.9241066 1.7797303 1.9289373 1.9173901 1.8980071 1.8395111 1.8395111 2.9708404 2.7861744 2.6577485 3.2849946 2.5134874 1.8820187 3.3764334 2.6612975 4.3875517 3.4252027 7.8955446 6.8196785 2.4410083 2.5296535 2.8033594 2.4442391 5.2587696 3.2476346 2.4315461 2.3740539 1.8440491 2.1346305 2.3096616 2.4947689 2.4739278 3.8336698 3.0371691 2.2084166 2.6381606 2.5889550 3.0968257 2.5592851 1.8938315 2.0620914 2.2465555 3.1849452 3.8564097 4.3334373 4.0797727 4.6788933 4.0565741 4.5204838 5.5645175 4.4795940 3.0086671 3.5621189 
Skow_XM_002734864.2                     2.6137488 4.1756340 3.3723913 1.7935920 1.6588947 1.7417406 2.0319646 1.1153089 1.7429414 1.7814869 1.7825889 1.8982675 1.8462602 0.0000000 1.1608244 1.5501481 1.3220378 1.4237131 1.4641453 1.2353788 2.0342406 2.0077033 2.4305598 2.2420477 1.9273872 2.3329484 2.2824637 1.8270262 1.7275908 1.8313572 1.8412075 1.7855537 1.8705784 1.8705784 2.7073090 3.1408577 2.8188363 3.3590603 2.5573866 2.0014857 3.7671597 2.9164453 5.0284675 3.7886539 8.9999988 8.9999981 2.3724057 2.9245241 3.2514391 2.7828769 6.6079304 3.5173881 2.8307384 2.7863137 2.1854865 2.5999702 2.7749942 3.1417489 3.0299832 4.0624407 3.2937578 2.3821559 2.5000597 2.5964317 3.0982661 2.7152169 2.3022169 2.5265777 2.7182713 3.3344331 4.0893630 4.2254708 3.8007535 4.5493277 5.0087708 5.1948484 5.6576048 4.7030454 3.2167313 3.9955108 
Spur_XM_030979160.1                     2.5516051 4.1435641 3.4467438 2.0607089 1.6801444 1.8195332 2.1510147 1.0749290 1.8444902 1.7893365 1.7531190 1.7363710 1.7301088 1.1608244 0.0000000 1.6411848 1.4142463 1.4840372 1.6252536 1.3929067 2.2196748 2.1413297 2.2114451 2.3894890 1.8614023 2.3487770 2.2394742 2.0422098 1.9694403 2.0499921 2.0389264 1.9703439 2.0305582 2.0305582 3.2619585 3.5063899 2.5886069 3.3796696 2.7255751 1.9476343 3.5548800 2.8299307 4.3370362 3.3609113 6.9437389 6.9646010 2.5330428 2.8674120 3.0887235 2.7153047 5.4188398 3.4325060 2.8021350 2.6373025 2.5740224 2.9322563 3.1061790 2.9250523 2.7709009 4.1090356 3.5852372 2.7019921 2.5133510 2.5682578 3.2587997 2.9085669 2.4006517 2.6033816 2.5821164 3.4282384 4.3793415 4.6864030 4.2821001 4.8192126 5.8994884 5.3549122 7.6210586 5.6236737 3.4895673 4.0564741 
Lcom_lcpid229756                        3.3791213 2.2452287 1.9773732 3.8990734 1.9992711 1.9842282 1.6077527 1.1529391 2.0446000 2.0395524 1.9952714 1.9942488 2.2810332 1.5501481 1.6411848 0.0000000 1.0944015 1.4314205 1.2466412 1.3601802 1.8885237 2.0948568 2.5139619 2.6028565 2.1256899 2.2785542 2.0184327 1.9026078 1.9674212 1.9752580 1.9639953 1.9635654 1.9231040 1.9231040 3.1259798 1.9274652 3.7018201 2.8765379 2.1580441 6.0987468 4.2037442 4.6344724 6.2932648 8.3966782 5.0407808 3.1095720 4.0510021 2.4980487 1.9649488 2.4943648 2.3301981 4.1350286 2.5248589 2.9490669 2.3333850 3.0501593 3.0438638 3.3655824 3.2675423 5.0347374 2.7664830 1.4904436 2.6779822 2.6779822 2.2891781 2.0731254 2.8647624 2.5194601 2.4754876 3.0030282 3.5581545 3.9144745 3.4595373 3.6342400 6.7386734 6.0471919 5.4669526 4.5461347 4.4948445 3.5189793 
Cgig_XM_011456072.3                     2.0362155 3.8978821 3.3937930 2.1549062 1.7985216 1.8856853 2.2706064 1.4657425 1.8343564 1.8652653 1.8052680 1.8551356 1.8959913 1.3220378 1.4142463 1.0944015 0.0000000 1.1802701 1.1168513 1.3875364 2.1749809 2.2512421 2.4895332 2.2910442 2.3235245 2.5221301 2.4781232 2.1698372 2.1177411 2.1834349 2.1845554 2.2098852 2.1537515 2.1537515 3.0287454 3.2696829 2.9616751 3.1390458 2.5816311 2.0545174 3.6268939 3.1701547 4.3062584 3.7535204 5.7168577 7.3675742 2.9512309 2.9285242 2.7359537 2.6089993 3.6300911 3.4924817 2.8167130 2.7902759 2.3065997 2.7693381 2.8897602 2.8237158 2.7545867 3.5657886 3.0902723 2.2543625 2.5173743 2.5844607 3.0868637 3.0269717 2.7476591 2.3218199 2.5498735 3.5854068 4.0239404 4.6187693 4.0999393 5.0055648 5.5155537 4.9064854 6.5333215 5.4786926 3.5881032 4.5390834 
Ctel_gnl_WGS_AMQN_CAPTEDRAFT_mRNA218998 2.4033042 4.0847119 3.4764751 2.2033636 1.8656933 1.9543668 2.2143807 1.3964909 2.0151143 1.9835588 2.0387872 1.9122526 1.9580368 1.4237131 1.4840372 1.4314205 1.1802701 0.0000000 1.2546934 1.5157529 2.5746981 2.4543068 2.6277387 2.4410245 2.2637422 2.5471842 2.4368609 2.3454248 2.1775227 2.3671759 2.3662075 2.4342734 2.3364358 2.3364358 3.1475447 3.1558843 3.0000993 3.4415773 2.6672407 2.0281952 3.7275483 3.1800139 4.5764380 3.9003879 7.2886545 8.4717171 2.9773928 3.0206129 3.1708495 2.7619809 5.1924888 3.5529428 2.9496208 2.8599637 2.1531645 2.7479988 2.8768240 3.2995562 2.8164462 3.9334850 3.4890233 2.4448864 2.7634610 2.8408392 3.5935620 2.8370935 2.5785569 2.5551992 2.8103940 3.3899496 4.4875348 4.6523867 4.2033445 5.3657181 4.9433390 5.4069857 6.1440868 5.3425717 3.6426079 4.2423061 
Acagra_model.g5190.t1.2.5d3b83f2        2.6741654 3.6130653 3.1024078 1.8740750 1.9208467 1.9919303 2.0986928 1.3555808 1.9474968 2.0522519 2.0526482 1.9267286 1.9918019 1.4641453 1.6252536 1.2466412 1.1168513 1.2546934 0.0000000 1.5748254 2.5178436 2.4864232 2.7017043 2.4848055 2.3577702 2.4129244 2.3990304 2.5634864 2.4471268 2.5624373 2.5640528 2.5574280 2.5634422 2.5634422 3.4638089 2.9300623 3.3071272 3.6070948 2.8922773 1.9009234 3.6908669 3.0424757 5.1675255 4.4371860 7.1287052 8.9999988 2.6281809 2.9564814 3.2560500 2.8535206 4.8768877 3.8459543 2.8424364 2.8903142 2.4260087 3.0174643 3.1979545 3.0180954 2.9876880 4.1904925 3.8092395 2.7060808 2.6479370 2.7117846 3.2525851 2.9563015 2.2284541 2.4516938 2.7583990 3.3235061 3.7273135 4.2067326 4.1321029 4.7569722 4.5035617 4.8409657 6.6089868 5.5750088 3.3494266 4.6309840 
Bralan_BLAG15101006_1                   2.8358631 3.9734455 3.3409994 2.2431336 1.8084038 1.8320315 2.1187741 1.2210937 1.8088243 1.7842249 1.8050541 1.7491154 1.7890452 1.2353788 1.3929067 1.3601802 1.3875364 1.5157529 1.5748254 0.0000000 2.0259637 2.2140814 2.4604510 2.1435635 1.9124416 2.1703848 2.1441242 1.9999779 1.9620014 2.0407072 2.0415281 2.0195333 2.0129326 2.0129326 3.1095808 2.5776894 3.1624272 3.4850009 2.6626275 2.3183446 3.7825164 3.3409857 4.9454208 4.4821079 6.4722601 7.5463573 2.9296240 2.7378664 2.8730995 2.5111791 4.2478201 3.2021516 2.6276762 2.5873637 1.8129264 2.4955884 2.6112629 2.7198677 2.7002471 3.8544607 2.9969897 1.8910594 2.7999816 2.8501775 2.9094867 2.7222212 2.5420384 3.0092013 2.5219788 3.6407398 4.0703100 4.3305767 3.9632131 4.4341533 5.3732595 4.4450411 5.0604785 4.4540955 3.2784555 4.2362926 
Dgig_XM_028546279.1                     4.3223403 3.2874320 3.2924042 2.1151753 1.7483849 1.8637403 2.1484272 1.0526769 1.8725176 1.9711579 2.0180905 1.8143539 2.1136711 2.0342406 2.2196748 1.8885237 2.1749809 2.5746981 2.5178436 2.0259637 0.0000000 0.0355998 1.1187535 2.4555108 2.2897722 2.3465354 2.2305119 2.1577134 2.0261927 2.1189561 2.1458799 2.2192416 2.2289424 2.2289424 2.7736145 3.5152096 4.3797037 4.6173865 3.1104453 2.2883197 4.4104760 3.6509127 4.2356862 3.4175746 5.9744038 6.2658966 3.9650671 3.2973890 3.5324713 3.2004411 5.5171895 5.5127067 3.0419049 2.9768944 2.3761394 2.7695848 3.1017912 3.1880221 3.3351848 4.5311259 3.7164900 2.4040954 2.7600132 2.9429941 3.3820095 2.5356805 2.4087285 2.3755414 3.0589562 3.5600734 3.3393874 3.4985749 4.2791465 4.5505650 6.6732602 6.8219568 6.3229316 4.9544640 3.5851673 4.3358275 
Dgig_XM_028560968.1                     4.3223403 4.3265262 3.9810670 1.9755163 1.7909128 1.8229717 2.0688980 1.0526769 1.9105837 1.9273614 1.9370520 1.8916295 1.9742659 2.0077033 2.1413297 2.0948568 2.2512421 2.4543068 2.4864232 2.2140814 0.0355998 0.0000000 1.0187311 2.4690429 2.3426933 2.4642274 2.3894299 2.3482357 2.2694299 2.2903349 2.3120128 2.3881374 2.4621357 2.4621357 3.2822502 3.3375202 3.8318808 4.0687654 3.1354957 2.9044331 3.9818749 3.5180584 4.8077295 4.2337672 5.9744038 6.2658966 3.6236985 3.2982459 3.5324713 3.2140784 5.5171895 4.4999235 3.0897588 3.0509641 2.3761394 2.8431907 3.0618905 3.1645649 3.0935438 4.4290951 3.8751806 2.4040954 2.9298994 3.0613452 3.6706662 3.2147894 2.4697754 2.4257062 3.1838042 3.9041538 4.0217901 4.0544016 4.5999779 5.5889503 6.2491612 7.2057555 6.6537482 5.3764141 3.5875631 5.1439606 
Xesp_002463-T1                          4.8330828 5.7141035 4.9013635 2.2365019 2.0581454 2.1009359 2.0896577 1.1381791 2.0208042 2.0107502 2.0382378 2.1191772 2.1399721 2.4305598 2.2114451 2.5139619 2.4895332 2.6277387 2.7017043 2.4604510 1.1187535 1.0187311 0.0000000 2.5877849 2.4152892 2.6234361 2.4673613 2.6999718 2.5233186 2.6772961 2.6890177 2.6919101 2.8222410 2.8222410 3.6469591 3.4801298 3.3342382 3.9345454 3.1295834 2.5134972 3.6410185 3.3057801 4.3223130 3.9729260 5.0274488 6.0390105 3.2867362 2.9314910 2.9374342 2.8722846 4.1659622 3.9039340 2.8799481 2.9811339 2.4559519 2.7996081 2.8710812 3.0515715 2.9569735 4.6859657 3.4134537 2.5186750 3.3222303 3.4130873 3.2306614 3.0685502 2.5583112 2.5992990 3.0774538 3.3507519 4.0648057 3.9277005 4.6002120 4.9813483 7.7123026 5.4904869 5.7381066 4.9160758 3.2733462 5.0059471 
Sanmal_Sma_016472-T1                    3.5332362 4.7136028 3.7561939 2.1864655 1.9452386 1.9547134 2.0029876 1.3145490 1.9817112 1.9735104 1.9996114 1.8751500 1.5270986 2.2420477 2.3894890 2.6028565 2.2910442 2.4410245 2.4848055 2.1435635 2.4555108 2.4690429 2.5877849 0.0000000 0.9528253 1.1768442 1.1076161 2.0759322 1.9754049 2.1029235 2.0907129 2.1091651 2.0296221 2.0296221 3.1024560 2.9171880 3.3291281 3.8410638 2.9114151 2.6723540 4.3713272 3.4143250 6.0298577 4.7597870 8.9098524 8.0901970 3.0599927 2.8852597 2.7944311 2.6380949 4.7721771 3.6835993 2.9528315 2.8670810 2.4395105 3.0419360 3.2183073 2.6757955 3.0292590 4.8330792 3.8377730 2.8010696 2.6949878 2.6843595 2.9716205 3.2232201 1.7483825 1.7687114 2.8077473 3.7088504 4.0283026 4.2408481 4.3117617 4.5933685 4.1060421 5.6021262 6.5451750 5.2537256 3.0425782 3.6403781 
Aaur_scaffold517.g7.t1                  3.3396780 4.1708685 3.4948642 2.3330517 1.9915616 1.8920001 2.1137737 1.4029288 2.0365830 1.9793461 1.9761860 1.9589110 1.7643346 1.9273872 1.8614023 2.1256899 2.3235245 2.2637422 2.3577702 1.9124416 2.2897722 2.3426933 2.4152892 0.9528253 0.0000000 0.8845383 0.8125406 2.1813198 2.0828919 2.1989230 2.1926328 2.2474587 2.1899243 2.1899243 2.7444676 2.2394850 3.1479817 3.4368438 2.7168862 2.6155589 3.6010171 3.1884317 4.6655332 4.4038170 5.3678439 5.5108677 3.0681203 3.0169268 3.0306194 2.7536295 4.3817346 3.4807263 2.4944519 2.6918272 2.3800716 2.9869759 3.1023850 2.7142538 2.9329579 4.0741291 3.4174093 2.6172886 2.4232621 2.4699741 2.6349003 3.1941024 1.6843281 1.7841989 2.6065662 3.8597350 3.5489583 3.4630837 4.4528384 4.6221660 4.0219577 5.1592403 6.0113881 4.7334287 3.2555161 4.0966485 
Nemnom_g13892.t1                        3.3797623 4.6664987 3.7252043 2.1034767 1.9975662 2.0316649 2.1150145 1.3506760 2.0647418 2.0007488 2.0272699 1.9434435 1.8194947 2.3329484 2.3487770 2.2785542 2.5221301 2.5471842 2.4129244 2.1703848 2.3465354 2.4642274 2.6234361 1.1768442 0.8845383 0.0000000 0.3061605 2.2728538 2.1529586 2.2632844 2.2496789 2.2679688 2.2474147 2.2474147 2.8546784 2.7146819 3.0529630 3.4052107 2.7758827 2.5176066 3.8159650 2.9927217 4.9194223 3.6983717 7.7041227 6.6737740 2.7515572 2.7931194 3.0068309 2.7818459 4.8669548 3.7684650 2.4172973 2.7815918 2.3141964 2.8679969 3.1330215 2.6891603 2.8441642 4.0616289 3.5665425 2.6268084 2.8294957 2.8510331 3.2137696 3.4152659 1.9182660 1.8143222 2.9093409 3.9228077 4.2561882 4.0653911 4.6394622 5.1166118 4.8779864 5.3623777 6.3717024 5.3616239 3.5810391 4.0353362 
Rhoesc_Res_012343-T1                    3.3365228 4.4617472 3.7273292 2.1099228 1.9068016 1.9464495 2.0775919 1.3843228 2.0430163 1.9901748 2.0480685 1.9785064 1.7952448 2.2824637 2.2394742 2.0184327 2.4781232 2.4368609 2.3990304 2.1441242 2.2305119 2.3894299 2.4673613 1.1076161 0.8125406 0.3061605 0.0000000 2.1446202 2.0566348 2.1700303 2.1723829 2.1977772 2.1447856 2.1447856 2.8248625 2.7884915 2.8520991 3.2135037 2.6420820 2.2728188 3.3262131 2.8271753 4.1565060 3.5733862 5.7518604 5.5759236 2.6222294 2.7365533 2.8558884 2.5500420 4.4941169 3.3377021 2.4057495 2.7214507 2.1311565 2.7079271 2.9573030 2.6684530 2.8086039 4.1800952 3.4480746 2.7470289 2.8049518 2.7955644 2.9852605 3.1196611 1.9665441 1.5886676 2.8586796 3.7149951 4.3739250 4.0144745 5.0800287 5.0073873 5.0760427 5.1928203 5.9943053 5.2408213 3.1773449 4.1294509 
HoiH23_PlH23_005605-RA                  3.9556671 4.0790869 3.6473405 1.9430860 1.9717447 2.0142738 2.1488375 1.2811540 1.9078024 1.9733323 2.0258617 2.1988959 1.9241066 1.8270262 2.0422098 1.9026078 2.1698372 2.3454248 2.5634864 1.9999779 2.1577134 2.3482357 2.6999718 2.0759322 2.1813198 2.2728538 2.1446202 0.0000000 0.0252018 0.0735026 0.0760116 0.1080736 0.1759013 0.1759013 2.8370159 4.1046488 2.3493005 2.5742310 2.1710341 2.1044432 3.0289360 2.5007604 3.6833925 2.9265790 6.3617180 4.9897693 2.3410900 2.4348518 2.4661185 2.3312098 3.9258238 2.8003148 2.2406638 2.4228861 2.1330437 2.4315186 2.4264475 2.6420287 2.7996090 3.8851633 2.7200960 2.2280461 2.5522952 2.5418703 3.4700071 2.7888260 2.5642804 2.2765123 2.5121663 3.0928002 4.0930694 3.9766995 4.0605235 4.9057855 4.9332573 4.6057809 5.0605108 4.2925753 3.0136532 4.0048879 
HoiH06_mRNA5074                         3.9158837 3.9579695 3.5598108 1.9208825 1.8382164 1.8550328 1.9903765 1.3031506 1.7756411 1.8374296 1.8720244 2.0444871 1.7797303 1.7275908 1.9694403 1.9674212 2.1177411 2.1775227 2.4471268 1.9620014 2.0261927 2.2694299 2.5233186 1.9754049 2.0828919 2.1529586 2.0566348 0.0252018 0.0000000 0.0722968 0.0749412 0.0895208 0.1652567 0.1652567 2.7244775 3.2059978 2.3622840 2.3341020 2.0103278 2.0943037 2.7181487 2.5094350 3.2084873 2.9418864 4.5730537 4.1253932 2.3422147 2.2625275 2.2738849 2.1994558 3.5477431 2.6107034 2.0781130 2.2665744 1.9262333 2.3027686 2.2763541 2.4897974 2.5392504 3.1072538 2.4752159 1.8909454 2.4359418 2.4348370 3.3408963 2.6720219 2.3950829 2.2668693 2.4736374 3.0228991 3.9550300 4.0032911 3.8657188 4.5548913 4.9064236 4.3265626 4.6187830 3.9791078 2.9058109 4.0220833 
Hhon_g09979.t1                          3.7264129 3.9952470 3.6006807 1.9911989 1.9953935 2.0192035 2.2063024 1.2994223 1.9156699 1.9852079 2.0206415 2.1883712 1.9289373 1.8313572 2.0499921 1.9752580 2.1834349 2.3671759 2.5624373 2.0407072 2.1189561 2.2903349 2.6772961 2.1029235 2.1989230 2.2632844 2.1700303 0.0735026 0.0722968 0.0000000 0.0071305 0.1107751 0.1564532 0.1564532 2.8156526 3.9814987 2.2503289 2.5096907 2.1583495 2.0561040 2.9827202 2.4399507 3.5810550 2.7890931 6.5059901 5.0770515 2.1898382 2.3356387 2.4110840 2.2730752 3.9803197 2.7352210 2.1454629 2.4173898 2.1241139 2.3746409 2.3840267 2.5395234 2.7248829 3.7441866 2.6883260 2.2178999 2.5359805 2.5474765 3.4263299 2.8713909 2.5696072 2.2596494 2.4773006 3.0917790 4.1235331 3.9483081 4.0665053 4.9077497 4.8729188 4.4342303 4.8323611 4.1109457 3.1069640 4.0394144 
HoiH04_mRNA17419                        3.7264129 4.0334113 3.6293791 1.9965846 1.9987182 2.0224527 2.2067852 1.2962995 1.9162969 1.9911881 2.0211200 2.1783640 1.9173901 1.8412075 2.0389264 1.9639953 2.1845554 2.3662075 2.5640528 2.0415281 2.1458799 2.3120128 2.6890177 2.0907129 2.1926328 2.2496789 2.1723829 0.0760116 0.0749412 0.0071305 0.0000000 0.1133600 0.1591318 0.1591318 2.8100864 3.9282729 2.2473488 2.5072650 2.1521844 2.0612718 3.0030846 2.4447331 3.6088627 2.7890931 6.6637395 5.1425370 2.2334551 2.3481108 2.3979390 2.2683463 3.9599809 2.7352062 2.1370396 2.4118827 2.1142107 2.3912277 2.3962311 2.5279915 2.7204589 3.7295388 2.6718477 2.2014463 2.5297036 2.5414414 3.4081392 2.8723848 2.5538426 2.2569250 2.4714972 3.0877431 4.2126699 4.0349429 4.1617514 4.9234122 4.7783604 4.4145242 4.9824481 4.1977988 3.1091783 4.0493172 
HoiH11_mRNA5912                         3.8604643 3.9164093 3.5480421 1.9754399 1.9919846 2.0386209 2.1643303 1.3012710 1.9525695 1.9830342 2.0246974 2.1879515 1.8980071 1.7855537 1.9703439 1.9635654 2.2098852 2.4342734 2.5574280 2.0195333 2.2192416 2.3881374 2.6919101 2.1091651 2.2474587 2.2679688 2.1977772 0.1080736 0.0895208 0.1107751 0.1133600 0.0000000 0.1876070 0.1876070 2.7829127 4.1559746 2.3161652 2.5695489 2.2003641 2.1388387 3.0335496 2.5209170 3.5710203 2.8211239 6.5670953 5.0414658 2.2569636 2.3954952 2.4411126 2.3200338 4.0571616 2.8121246 2.1737044 2.3722409 2.2248173 2.4117551 2.4423030 2.5974335 2.7697233 3.6999783 2.6550871 2.2528412 2.5021383 2.4967494 3.4324374 2.7708661 2.5439851 2.2844840 2.5124249 3.2327478 4.0194359 3.9982610 4.2263715 5.0582973 4.8439557 4.3788223 4.8243627 4.1234304 3.1698492 3.9241290 
TrH2_TrispH2_010942-RA                  3.8033785 3.8070558 3.4706103 2.0221369 1.9564324 1.9564624 2.1217056 1.2609525 1.8925889 1.9694584 1.9988097 2.1446934 1.8395111 1.8705784 2.0305582 1.9231040 2.1537515 2.3364358 2.5634422 2.0129326 2.2289424 2.4621357 2.8222410 2.0296221 2.1899243 2.2474147 2.1447856 0.1759013 0.1652567 0.1564532 0.1591318 0.1876070 0.0000000 0.0000010 2.8391485 4.4154636 2.2177989 2.4853060 2.1736130 2.1339747 3.0515320 2.5392032 3.5788642 2.8446957 6.0246692 4.8374417 2.3569884 2.4501376 2.4595469 2.3406663 3.8474296 2.8369476 2.1819080 2.4277085 2.0979505 2.4230442 2.4182229 2.5615404 2.7995000 3.7045887 2.7927009 2.1746373 2.5395178 2.5563167 3.5436743 2.8210818 2.5343754 2.2478115 2.5132621 3.1736419 4.0447639 3.8663586 4.2682526 5.0443028 4.7350129 4.6533751 4.9764897 4.2043052 3.2727646 3.7649573 
Tadh_TriadT59896                        3.8033785 3.8070558 3.4706103 2.0221369 1.9564324 1.9564624 2.1217056 1.2609525 1.8925889 1.9694584 1.9988097 2.1446934 1.8395111 1.8705784 2.0305582 1.9231040 2.1537515 2.3364358 2.5634422 2.0129326 2.2289424 2.4621357 2.8222410 2.0296221 2.1899243 2.2474147 2.1447856 0.1759013 0.1652567 0.1564532 0.1591318 0.1876070 0.0000010 0.0000000 2.8391485 4.4154636 2.2177989 2.4853060 2.1736130 2.1339747 3.0515320 2.5392032 3.5788642 2.8446957 6.0246692 4.8374417 2.3569884 2.4501376 2.4595469 2.3406663 3.8474296 2.8369476 2.1819080 2.4277085 2.0979505 2.4230442 2.4182229 2.5615404 2.7995000 3.7045887 2.7927009 2.1746373 2.5395178 2.5563167 3.5436743 2.8210818 2.5343754 2.2478115 2.5132621 3.1736419 4.0447639 3.8663586 4.2682526 5.0443028 4.7350129 4.6533751 4.9764897 4.2043052 3.2727646 3.7649573 
Emue_Em0002g1604a.t1                    5.4330603 4.5122934 3.9669800 3.7266206 2.9885059 3.0274840 3.2964934 1.9464565 3.0262518 3.0545725 3.1245447 2.8632247 2.9708404 2.7073090 3.2619585 3.1259798 3.0287454 3.1475447 3.4638089 3.1095808 2.7736145 3.2822502 3.6469591 3.1024560 2.7444676 2.8546784 2.8248625 2.8370159 2.7244775 2.8156526 2.8100864 2.7829127 2.8391485 2.8391485 0.0000000 0.6035775 3.6072759 3.8070534 3.3444178 3.5314481 4.2699625 4.1563093 3.8995427 3.6213387 5.3721034 4.9187911 4.1422641 3.5630644 3.2391917 3.4794432 4.4832868 4.2464103 3.1932985 3.6936367 2.5244460 3.0504505 3.1163042 3.4351089 3.8875025 4.3139296 3.4993376 2.6391690 2.9214822 3.0481884 3.2559238 2.2223523 2.8934773 3.0843105 2.8154544 2.7230454 2.9082379 2.8905023 4.7643928 5.2106024 5.4531677 5.3358354 5.9463265 4.6209496 3.8681931 5.0929967 
Spolac_c81074_g1_i1_m.2772c38880-g1     8.9999981 3.2880960 3.0817709 3.8111847 2.6159620 2.4911406 2.9900168 2.1316302 2.3278481 2.5767709 2.6152458 2.4049753 2.7861744 3.1408577 3.5063899 1.9274652 3.2696829 3.1558843 2.9300623 2.5776894 3.5152096 3.3375202 3.4801298 2.9171880 2.2394850 2.7146819 2.7884915 4.1046488 3.2059978 3.9814987 3.9282729 4.1559746 4.4154636 4.4154636 0.6035775 0.0000000 5.1075808 5.1300521 3.7840377 1.3141575 6.3314829 4.4035230 6.7957667 4.9133263 9.0000000 6.7957667 6.5431021 4.2533578 4.3793498 4.2831704 5.0185654 7.1190293 3.8089836 4.1930119 3.0320844 3.8324399 4.0253388 3.5740995 4.6584472 7.5206804 3.6430374 2.8752312 3.2216037 3.2216037 3.2364474 2.2871418 3.6625559 3.3277342 2.7073026 2.9514538 2.3964680 2.5264244 4.6478281 5.6300560 8.9999988 5.2322232 4.4168725 4.4425120 4.5525399 5.6022057 
Bolinf_Binf_sb1261452                   6.4004536 5.0276207 5.1973306 1.8538624 3.0586168 2.9591018 4.8574165 5.2318990 3.0458416 3.1599293 3.0551437 2.7788801 2.6577485 2.8188363 2.5886069 3.7018201 2.9616751 3.0000993 3.3071272 3.1624272 4.3797037 3.8318808 3.3342382 3.3291281 3.1479817 3.0529630 2.8520991 2.3493005 2.3622840 2.2503289 2.2473488 2.3161652 2.2177989 2.2177989 3.6072759 5.1075808 0.0000000 0.0038010 0.0037960 0.5593868 0.5373126 0.5291307 0.5908961 0.5911290 0.7570411 0.5686007 0.6698649 0.7048990 0.5939435 0.6025712 0.7392832 0.5733925 0.5185749 0.7370703 3.4515975 1.2025028 1.2582284 1.3148386 1.0540085 0.9664992 1.3432145 2.0037662 2.4703158 2.6622013 6.5915825 3.5012290 2.4210126 3.1474803 3.1047193 4.1449631 6.3383959 5.5983319 5.6102336 6.6560934 3.3774852 6.4714763 5.7920514 6.1261655 4.5891158 4.4967608 
Bolinf_Binf_sb1261451                   6.1473121 5.6123247 5.5247574 2.0201640 3.5373089 3.5469021 5.3187889 4.8294557 3.4805935 3.7092520 3.6340157 3.4697951 3.2849946 3.3590603 3.3796696 2.8765379 3.1390458 3.4415773 3.6070948 3.4850009 4.6173865 4.0687654 3.9345454 3.8410638 3.4368438 3.4052107 3.2135037 2.5742310 2.3341020 2.5096907 2.5072650 2.5695489 2.4853060 2.4853060 3.8070534 5.1300521 0.0038010 0.0000000 0.0054485 0.5593868 0.5878855 0.5936435 0.6456528 0.6918275 0.7838162 0.6475505 0.6698649 0.7770458 0.6630811 0.6475518 0.7717922 0.6376889 0.5878587 0.8678086 2.0972204 1.3436371 1.4231392 1.4223422 1.2012680 1.2190592 1.4331110 1.7242027 2.7980125 2.9387718 5.3963595 3.5848566 2.6811910 3.5440137 3.1370659 4.7808753 5.6819744 5.1477592 5.5423941 6.0044158 4.2495391 6.6005105 6.3416486 6.5175647 4.8272368 4.6606210 
Mertsp_Mesp_sb596031                    6.1347023 4.7743758 4.0468800 2.0635364 2.7213637 2.7557134 3.3975322 1.9936426 2.7278231 2.8400882 2.8016360 2.6891590 2.5134874 2.5573866 2.7255751 2.1580441 2.5816311 2.6672407 2.8922773 2.6626275 3.1104453 3.1354957 3.1295834 2.9114151 2.7168862 2.7758827 2.6420820 2.1710341 2.0103278 2.1583495 2.1521844 2.2003641 2.1736130 2.1736130 3.3444178 3.7840377 0.0037960 0.0054485 0.0000000 0.5593868 0.6048508 0.5983963 0.6672608 0.7002531 0.8454357 0.6754170 0.6698649 0.7528343 0.6752122 0.6595578 0.8351481 0.6297979 0.5861208 0.7972470 1.3235074 1.2402560 1.3133564 1.3969905 1.2157913 1.2048418 1.4238653 1.2697200 2.4497840 2.5549008 3.3302759 2.9516282 2.5828149 2.9879247 2.8211669 3.8173898 4.5299620 4.4466333 4.5163667 4.8526159 4.5944911 5.8101355 5.8899024 5.5341179 4.1958436 3.9710492 
Mertsp_Mesp_sb564452                    2.5096122 4.4896764 4.4896764 2.0846769 2.0423096 2.0151634 3.6712222 0.0000010 2.1780258 2.2653223 2.2418607 2.2610699 1.8820187 2.0014857 1.9476343 6.0987468 2.0545174 2.0281952 1.9009234 2.3183446 2.2883197 2.9044331 2.5134972 2.6723540 2.6155589 2.5176066 2.2728188 2.1044432 2.0943037 2.0561040 2.0612718 2.1388387 2.1339747 2.1339747 3.5314481 1.3141575 0.5593868 0.5593868 0.5593868 0.0000000 0.0000010 0.0000010 0.2086490 0.2086490 0.0000010 1.0354600 0.2808068 0.2714840 0.2696271 0.4290277 0.0000010 0.4290277 0.4723989 0.7882656 0.0000010 0.8578802 0.8588288 1.1207699 0.9234851 0.8161090 1.1038999 0.0000010 2.3095854 2.5157546 8.9999987 3.2023909 2.1399487 2.5103326 2.4235501 4.0218700 5.2474732 4.8264991 5.3166330 6.8203032 2.2751073 7.0670556 5.0155052 5.0155052 3.7254207 4.2448258 
Bolinf_Binf_sb1276295                   6.8963933 5.6208338 5.5691004 2.0846769 3.4044515 3.4289624 5.2989152 4.1977651 3.5696428 3.6218540 3.5860602 3.5451579 3.3764334 3.7671597 3.5548800 4.2037442 3.6268939 3.7275483 3.6908669 3.7825164 4.4104760 3.9818749 3.6410185 4.3713272 3.6010171 3.8159650 3.3262131 3.0289360 2.7181487 2.9827202 3.0030846 3.0335496 3.0515320 3.0515320 4.2699625 6.3314829 0.5373126 0.5878855 0.6048508 0.0000010 0.0000000 0.0468035 0.0429435 0.1664959 0.0180685 0.0320871 0.3275168 0.4151454 0.5917232 0.5573412 0.6630296 0.5341994 0.5606263 0.9410305 2.8994008 1.3678883 1.4502216 1.3380937 1.3086713 1.3539083 1.5053741 1.7667335 3.2949570 3.4149258 6.9373944 4.3313588 2.9753302 3.6126466 3.1675772 5.4083432 5.6505246 5.5598547 6.0712857 6.6746299 2.9043060 7.8247662 7.0993505 7.0993505 5.1951475 3.9742832 
Mertsp_Mesp_sb564450                    6.8963933 5.2006274 5.2006274 2.0846769 2.9130336 2.9305632 4.8231825 0.0000010 3.0658628 3.1525823 3.1325085 2.9134407 2.6612975 2.9164453 2.8299307 4.6344724 3.1701547 3.1800139 3.0424757 3.3409857 3.6509127 3.5180584 3.3057801 3.4143250 3.1884317 2.9927217 2.8271753 2.5007604 2.5094350 2.4399507 2.4447331 2.5209170 2.5392032 2.5392032 4.1563093 4.4035230 0.5291307 0.5936435 0.5983963 0.0000010 0.0468035 0.0000000 0.1664959 0.0747998 2.2641529 0.2078653 0.3275168 0.4183904 0.6411921 0.5598305 1.0041882 0.5598305 0.5285776 0.8636779 0.0000010 1.1008735 1.1903810 1.2508770 1.1054906 1.0864291 1.4683201 4.0980616 2.8748090 3.0415583 7.3988049 4.0105400 2.5714729 2.9358650 2.9048039 4.5143880 5.9499160 5.6810428 5.3938008 6.7133090 2.7658812 7.4950397 6.4020334 6.4020334 4.4605762 4.1071482 
Bolinf_Binf_sb1276289                   6.8963933 6.2368486 6.1958798 1.6508897 4.2521725 4.1773928 8.9999987 4.1977651 4.3380711 4.2001917 4.2302304 4.4034197 4.3875517 5.0284675 4.3370362 6.2932648 4.3062584 4.5764380 5.1675255 4.9454208 4.2356862 4.8077295 4.3223130 6.0298577 4.6655332 4.9194223 4.1565060 3.6833925 3.2084873 3.5810550 3.6088627 3.5710203 3.5788642 3.5788642 3.8995427 6.7957667 0.5908961 0.6456528 0.6672608 0.2086490 0.0429435 0.1664959 0.0000000 0.0724322 0.0180685 0.0320871 0.5505221 0.5663733 0.5917232 0.6665145 0.6630296 0.6358580 0.6475385 1.0555328 2.8994008 1.6483447 1.6889126 1.5338066 1.5530724 1.3539083 1.4778980 1.7667335 3.9672732 4.0942961 6.1813171 5.1171451 3.5150273 4.0673946 3.5750825 6.0232586 6.8133144 6.8672139 6.5424900 7.2623913 3.2381878 8.0506319 8.9906086 8.9906086 7.4924634 4.6732594 
Mertsp_Mesp_sb564449                    6.8963933 5.9067840 5.9067840 1.6508897 3.5473143 3.5291941 8.9999987 0.0000010 3.6588233 3.5770520 3.6458587 3.5234126 3.4252027 3.7886539 3.3609113 8.3966782 3.7535204 3.9003879 4.4371860 4.4821079 3.4175746 4.2337672 3.9729260 4.7597870 4.4038170 3.6983717 3.5733862 2.9265790 2.9418864 2.7890931 2.7890931 2.8211239 2.8446957 2.8446957 3.6213387 4.9133263 0.5911290 0.6918275 0.7002531 0.2086490 0.1664959 0.0747998 0.0724322 0.0000000 2.2641529 0.2078653 0.5505221 0.6957288 0.6411921 0.7564763 1.0041882 0.7564763 0.6545244 1.0034235 0.0000010 1.2848430 1.4073184 1.5265522 1.3825243 1.0864291 1.4159269 4.0980616 3.3616854 3.5953510 6.1632387 4.8428175 3.0544707 3.0908106 3.2450361 4.6087356 8.9999988 7.9170986 5.6893205 7.7162320 3.1155562 7.6794265 8.7371159 8.7371159 7.7308237 5.1924435 
Mertsp_Mesp_sb534178                    0.0000010 7.0590435 5.9221090 0.0000010 7.4005167 6.3545870 6.6855319 4.1320904 6.6272019 6.1426153 6.1127891 7.1925959 7.8955446 8.9999988 6.9437389 5.0407808 5.7168577 7.2886545 7.1287052 6.4722601 5.9744038 5.9744038 5.0274488 8.9098524 5.3678439 7.7041227 5.7518604 6.3617180 4.5730537 6.5059901 6.6637395 6.5670953 6.0246692 6.0246692 5.3721034 9.0000000 0.7570411 0.7838162 0.8454357 0.0000010 0.0180685 2.2641529 0.0180685 2.2641529 0.0000000 0.0180685 0.0000010 0.5531029 0.7327352 0.7454947 0.6550909 0.6498583 0.8145016 1.3503850 3.1126402 3.4868595 2.4380799 1.7200978 2.0170275 1.9692133 1.8320516 1.7531320 6.8298672 6.8298672 6.8298672 6.3898004 4.7924404 7.3201187 4.5702050 8.9999983 5.6988292 6.3589375 8.6827145 8.2687055 2.8657038 8.4933662 8.9999990 8.9999983 8.0004657 4.3452645 
Bolinf_Binf_sb1276287                   9.0000000 6.8279460 6.8153940 1.2304024 8.1073171 7.5033097 8.6988816 4.1977651 7.6061290 7.3744106 7.4754840 6.1209100 6.8196785 8.9999981 6.9646010 3.1095720 7.3675742 8.4717171 8.9999988 7.5463573 6.2658966 6.2658966 6.0390105 8.0901970 5.5108677 6.6737740 5.5759236 4.9897693 4.1253932 5.0770515 5.1425370 5.0414658 4.8374417 4.8374417 4.9187911 6.7957667 0.5686007 0.6475505 0.6754170 1.0354600 0.0320871 0.2078653 0.0320871 0.2078653 0.0180685 0.0000000 0.5095852 0.5635801 0.6922161 0.6916575 0.6630296 0.6526587 0.6878726 1.0927977 2.8994008 2.1068785 2.0404028 1.4989601 1.6343027 1.5568771 1.8362722 1.7667335 5.1521730 5.3870169 5.9296519 6.9595839 4.2592634 5.5724729 4.7438682 7.9582768 6.0050541 8.2600582 7.2686209 6.6320038 3.7311511 8.9656523 8.9999984 8.9999984 6.7272511 3.8216000 
Vmul_sbMO421897                         5.3390882 4.7346276 4.7346276 2.0260179 2.4091573 2.4608037 4.4219986 0.0000010 2.6808423 2.7129238 2.6763152 2.6701645 2.4410083 2.3724057 2.5330428 4.0510021 2.9512309 2.9773928 2.6281809 2.9296240 3.9650671 3.6236985 3.2867362 3.0599927 3.0681203 2.7515572 2.6222294 2.3410900 2.3422147 2.1898382 2.2334551 2.2569636 2.3569884 2.3569884 4.1422641 6.5431021 0.6698649 0.6698649 0.6698649 0.2808068 0.3275168 0.3275168 0.5505221 0.5505221 0.0000010 0.5095852 0.0000000 0.0097282 0.6022002 0.5352664 0.9558366 0.5352664 0.5573436 0.9055456 0.0000010 1.0937009 1.0959719 1.1987236 1.1174634 1.0245656 1.5531864 0.0000010 2.6260308 2.6865404 8.9999988 3.8112928 2.3841950 2.9981550 2.8859498 4.1149245 4.5121785 4.5791975 5.0094690 5.8663952 3.2197645 6.1396943 4.9134131 4.9134131 4.0391355 4.7099369 
