64
Lcom_lcpid73939                                        0.0000000 0.7799600 0.7609888 0.8305901 1.4579617 1.2867950 1.3217670 1.2426617 1.0545592 1.2579312 1.1923735 1.1992325 1.0173692 1.2291174 1.2155251 1.2269625 1.2176062 1.1698103 1.1573205 1.1547557 1.2500123 1.3012221 1.4534400 1.3621604 1.3504486 1.3270766 1.1903838 1.4258531 1.3257281 1.1146643 1.1660436 1.1081575 1.2278227 1.5501863 1.2310611 1.5693150 1.5613578 1.6304222 1.5386668 1.3179992 1.4734697 1.5492511 1.5473434 1.5760567 1.7129633 1.5603269 1.4029981 1.3937147 1.3770717 1.3770717 1.3262428 1.4324784 1.4324784 1.2859546 1.1682500 1.2194096 1.3534279 1.3098410 1.3496535 1.1975652 1.4387894 2.1923748 1.3344015 4.8934877 
Gracom_Gcom_C532876_01                                 0.7799600 0.0000000 0.7380408 0.9205992 1.5997044 1.3933301 1.3186573 1.3634058 1.3613050 1.3817801 1.2569523 1.2666722 1.1431303 1.2748671 1.2761137 1.2730316 1.3864688 1.3869984 1.1873289 1.2582297 1.6529724 1.3316036 1.3879453 1.3558249 1.4139598 1.4072575 1.2785285 1.5250764 1.4148854 1.2503999 1.3647742 1.3227038 1.5267542 1.6695219 1.3948824 1.6524561 1.6567432 1.7034083 1.7059796 1.3296995 1.5871040 1.5877941 1.5766716 1.5742499 2.3566025 1.5728838 1.4543275 1.4742739 1.4510031 1.4510031 1.5129121 1.5306589 1.5306589 1.3741445 1.2335695 1.3423968 1.5197143 1.5552371 1.3069498 1.3488302 1.4291095 2.0395275 1.5361811 4.7969019 
Clacor_Ccor_scaffold14446_01                           0.7609888 0.7380408 0.0000000 0.8539467 1.2252155 0.9659351 0.9233863 0.9410788 0.9686222 0.9617500 0.9768806 0.9731915 0.9044768 1.0474156 1.0096387 0.9972293 0.9883047 0.9191276 0.8918377 0.8453309 1.1882573 1.0289235 1.1966548 0.9833339 1.0938381 1.1054142 0.9316252 1.1539970 0.9812226 0.8393534 0.9773167 0.8838283 0.9534309 1.3218357 1.2114829 1.3051718 1.2991832 1.3634821 1.3133680 1.1621189 1.3827169 1.4103164 1.3909750 1.3145168 1.7628473 1.3117583 1.2635728 1.2750674 1.2460008 1.2460008 1.3239884 1.3120071 1.3120071 1.1076738 1.0746752 1.1810403 1.1546532 1.1971978 1.1194202 1.0762731 1.2114186 2.0627156 1.1384980 4.4428866 
Leuniv_Lniv_scaffold20412_01                           0.8305901 0.9205992 0.8539467 0.0000000 1.3397098 1.3732803 1.3967157 1.3140034 1.2748703 1.4421772 1.1999734 1.2114487 1.2389939 1.2178159 1.2235885 1.2090150 1.3158944 1.2140526 1.2657294 1.3237040 1.6505912 1.2360921 1.3706785 1.3085386 1.3265691 1.3396707 1.3031459 1.5150013 1.4639558 1.3395435 1.3899941 1.2540900 1.3628384 1.6549790 1.3347542 1.5616855 1.5655321 1.4387378 1.4651093 1.2206260 1.5187679 1.5308584 1.6133230 1.4681111 1.7205811 1.8155347 1.3935675 1.4373745 1.3733318 1.3733318 1.3146747 1.4223792 1.4223792 1.3453942 1.1970614 1.3364231 1.3926672 1.3666924 1.1848846 1.3823658 1.6697420 1.6263990 1.1449865 5.0681943 
Lcom_lcpid195637                                       1.4579617 1.5997044 1.2252155 1.3397098 0.0000000 0.8628077 0.9025078 0.8898294 1.0298335 1.0667938 0.8367603 0.8557480 0.6514148 0.8332783 0.7899990 0.8288170 0.6724104 0.6961841 0.9833297 0.9495134 0.0000010 1.0796803 1.0662703 1.0559730 0.9480751 0.9342241 0.9411560 1.1291732 0.9762966 0.9762966 1.0774475 0.9559442 0.9280071 1.2906498 0.9935518 0.9222933 0.9222933 0.9980781 1.0586294 0.9503062 1.0137380 1.0187339 0.9479713 1.0041563 2.2282127 1.6552494 1.0900209 1.1165935 1.0498391 1.0498391 1.1862869 1.0599433 1.0599433 1.0659095 0.9738969 1.0458164 1.1759619 1.1575110 1.0069074 1.0783308 1.6332612 1.3017545 1.3948399 8.9999989 
Cgig_XM_011442877.3                                    1.2867950 1.3933301 0.9659351 1.3732803 0.8628077 0.0000000 0.2545245 0.3577521 0.5169986 0.4611048 0.4942778 0.5169162 0.4659356 0.4922246 0.4806904 0.4879160 0.5506253 0.5357234 0.5543745 0.5564019 0.7570874 0.5937097 0.8099284 0.5299118 0.5397214 0.5421363 0.4684564 0.5818464 0.5373410 0.4157132 0.5144602 0.5257689 0.6785487 0.6527385 0.6995440 0.9545978 0.9495428 1.0491295 0.9648596 0.6822434 1.0247151 1.0330924 1.0842541 0.9350592 1.1214820 0.7163951 0.8327444 0.8443657 0.8278895 0.8278895 0.8394349 0.8176873 0.8176873 0.9098119 0.9249063 0.9059545 0.9814306 1.0898324 0.9183402 0.9166071 1.0606863 1.0251671 1.1424720 4.1221851 
Acagra_model.g10000.t1                                 1.3217670 1.3186573 0.9233863 1.3967157 0.9025078 0.2545245 0.0000000 0.2971276 0.4049719 0.4701837 0.4397295 0.4342194 0.4411774 0.4649892 0.4386785 0.4348068 0.4949898 0.4857851 0.5635739 0.5595870 0.7125958 0.6169136 0.8318406 0.4557058 0.4669516 0.4661170 0.4562022 0.5734816 0.5067389 0.3729540 0.4600583 0.4593171 0.6698563 0.6618801 0.7111701 1.0024155 0.9977839 1.0257931 0.9481322 0.6762292 1.0063037 1.0060748 1.0247524 0.9137140 1.3830368 0.7174134 0.8538975 0.8410545 0.8592753 0.8592753 0.9004154 0.8568436 0.8568436 0.9129003 0.8508687 0.9309723 0.8750680 0.9178904 0.8969183 0.8783321 1.0362237 1.0081943 1.0241959 4.2208725 
Ctel_gnl_WGS_AMQN_CAPTEDRAFT_mRNA96823                 1.2426617 1.3634058 0.9410788 1.3140034 0.8898294 0.3577521 0.2971276 0.0000000 0.4412843 0.5597342 0.5278602 0.5208602 0.4601062 0.5164924 0.5335184 0.5253298 0.4837059 0.5120861 0.5642485 0.6121521 0.7267262 0.5842926 0.7758050 0.6231578 0.5562570 0.5603162 0.5397032 0.3082579 0.5680685 0.3935641 0.5056745 0.4605673 0.7673636 0.3863073 0.6568280 1.0304764 1.0257225 1.0366991 0.9834279 0.7364362 1.0068889 1.0861843 1.0659664 0.9571588 1.4418674 0.7423666 0.8329799 0.8364320 0.8376092 0.8376092 0.8577235 0.8441691 0.8441691 0.9202609 0.8564983 0.7720082 0.9219884 1.0266079 0.8719890 0.9499476 0.9942840 1.1204834 1.1074135 4.0954641 
Bralan_BLAG06000949_1                                  1.0545592 1.3613050 0.9686222 1.2748703 1.0298335 0.5169986 0.4049719 0.4412843 0.0000000 0.4107404 0.4812371 0.5002470 0.4757129 0.5185269 0.5174012 0.4962650 0.5469424 0.5896260 0.6500387 0.6334399 0.7968933 0.6757918 0.7621591 0.6084646 0.5652344 0.5843444 0.4086340 0.6885538 0.7105004 0.4795748 0.4755562 0.5101701 0.5929955 0.7637717 0.6856984 1.0612149 1.0596520 0.9361878 0.9407047 0.6803656 0.9855533 1.0366505 1.0477592 0.9369923 1.3103021 0.8068820 0.8316145 0.8398137 0.8569886 0.8569886 0.9489680 0.8661562 0.8661562 0.8238650 0.7914378 1.0004357 0.8927861 0.9235040 0.8055248 0.7978242 0.8961409 1.0974841 1.0280402 4.4928144 
Skow_XM_002735072.2                                    1.2579312 1.3817801 0.9617500 1.4421772 1.0667938 0.4611048 0.4701837 0.5597342 0.4107404 0.0000000 0.5343428 0.5306073 0.5052097 0.5765709 0.5494268 0.5626187 0.6345132 0.6228119 0.5694962 0.6085214 0.8432429 0.6492683 0.8387345 0.5131055 0.5293107 0.5210155 0.4701845 0.7597350 0.6772647 0.4663163 0.5502116 0.5814670 0.5567484 0.8180064 0.5904685 0.9196857 0.9261540 0.8367795 0.8412474 0.6694496 0.8997013 0.9987363 0.9496962 0.8999317 1.0428467 0.7710579 0.8890459 0.9107715 0.9107716 0.9107716 1.0401782 0.9083352 0.9083352 0.9147891 0.8733177 0.8592081 0.9803281 0.9857290 0.9358672 0.8092349 0.9779165 1.2896673 0.9856596 4.2714504 
Fspp_ffun1.m4.13781.m1                                 1.1923735 1.2569523 0.9768806 1.1999734 0.8367603 0.4942778 0.4397295 0.5278602 0.4812371 0.5343428 0.0000000 0.0182618 0.0227868 0.0566460 0.0371982 0.0330059 0.2497322 0.2404634 0.4182247 0.4289882 0.4890307 0.5416971 0.5895268 0.4152849 0.4457414 0.4656480 0.5640016 0.7749115 0.7503902 0.4944869 0.5745048 0.5548407 0.7747570 0.8429755 0.7317073 0.9199130 0.9172891 0.9312852 0.8629071 0.6312782 0.8935453 0.8975743 0.8842773 0.8061638 1.2299984 0.8001927 0.7772883 0.7949648 0.7789331 0.7789331 0.8554910 0.8058832 0.8058832 0.7582207 0.7551611 0.8814530 0.8886958 0.8595036 0.7838912 0.7738523 0.9128104 0.4895702 0.8720814 4.5024934 
Gasp_gasp1.m3.3285.m1                                  1.1992325 1.2666722 0.9731915 1.2114487 0.8557480 0.5169162 0.4342194 0.5208602 0.5002470 0.5306073 0.0182618 0.0000000 0.0459390 0.0763446 0.0563977 0.0524148 0.2619342 0.2351359 0.4225061 0.4326527 0.4897725 0.5300061 0.5895268 0.4129671 0.4566506 0.4766458 0.5715880 0.7619036 0.7650818 0.5079199 0.5914614 0.5715859 0.7768760 0.8275898 0.7262600 0.9090645 0.9064682 0.9344500 0.8664553 0.6458021 0.8795291 0.9092975 0.8910677 0.8191723 1.2085879 0.7917153 0.7656826 0.7831798 0.7672598 0.7672598 0.8530663 0.7940325 0.7940325 0.7770028 0.7658387 0.8814530 0.8758475 0.8483916 0.7944110 0.7803393 0.9236493 0.5064775 0.8968030 4.5614013 
Gfas_gfas1.m1.18737.m1                                 1.0173692 1.1431303 0.9044768 1.2389939 0.6514148 0.4659356 0.4411774 0.4601062 0.4757129 0.5052097 0.0227868 0.0459390 0.0000000 0.0871944 0.0545091 0.0391541 0.2445163 0.2469623 0.3687267 0.3760733 0.4960269 0.5554838 1.0792751 0.3848975 0.4318588 0.4355832 0.5076347 0.6929073 0.9896597 0.4515570 0.5327662 0.4916466 0.8580696 0.7435961 0.6750615 0.9092363 0.9049348 0.9125855 0.8915977 0.5331114 0.9343788 0.9099719 0.8945661 0.8786231 1.2616167 0.8485343 0.7513909 0.7681917 0.7168156 0.7168156 0.8127684 0.8182590 0.8182590 0.6666297 0.7249642 0.0000010 0.8957150 0.9892753 0.8383899 0.7689758 0.7689758 0.4920606 0.6962799 2.6087693 
Spis_XP_022801541_1                                    1.2291174 1.2748671 1.0474156 1.2178159 0.8332783 0.4922246 0.4649892 0.5164924 0.5185269 0.5765709 0.0566460 0.0763446 0.0871944 0.0000000 0.0273769 0.0827503 0.2507573 0.2542148 0.4347787 0.4657565 0.5527970 0.5465749 0.5761967 0.4245999 0.4795503 0.4900488 0.5644971 0.7842591 0.7409762 0.4883074 0.5954323 0.5712841 0.8142975 0.8514570 0.7176861 0.9470839 0.9444121 0.9894313 0.8955314 0.6671722 0.8999464 0.9291157 0.9273451 0.8237809 1.2747735 0.7763907 0.7769636 0.7944262 0.7785870 0.7785870 0.8655867 0.8190401 0.8190401 0.7696095 0.7734136 0.9335503 0.9111124 0.8880524 0.8053038 0.7729824 0.9331407 0.5678277 0.8431233 4.6904676 
Pocdam_XM_027185947.1                                  1.2155251 1.2761137 1.0096387 1.2235885 0.7899990 0.4806904 0.4386785 0.5335184 0.5174012 0.5494268 0.0371982 0.0563977 0.0545091 0.0273769 0.0000000 0.0623392 0.2511861 0.2361940 0.4280389 0.4522365 0.5327727 0.5480920 0.5909746 0.4240772 0.4786287 0.4891102 0.5693335 0.8060726 0.7586966 0.5055301 0.6003682 0.5926503 0.8047752 0.8750178 0.7156972 0.9499395 0.9472591 0.9667929 0.9023688 0.6714481 0.9068598 0.9086053 0.9063876 0.8320823 1.2586610 0.8011735 0.7708138 0.7882203 0.7724051 0.7724051 0.8413347 0.8127823 0.8127823 0.7760523 0.7792602 0.9269906 0.9158702 0.8916500 0.8111132 0.7548323 0.9238005 0.5296771 0.8343770 4.5440192 
Adig_XM_015911863.1                                    1.2269625 1.2730316 0.9972293 1.2090150 0.8288170 0.4879160 0.4348068 0.5253298 0.4962650 0.5626187 0.0330059 0.0524148 0.0391541 0.0827503 0.0623392 0.0000000 0.2727492 0.2524672 0.4364317 0.4359665 0.5022270 0.5603121 0.5838108 0.4168935 0.4385974 0.4601552 0.5610515 0.7692190 0.7225572 0.5002095 0.5959175 0.5539164 0.7605792 0.8368541 0.7419147 0.9035547 0.9009559 0.9222955 0.8554657 0.6287651 0.8810966 0.9086138 0.8871293 0.8224579 1.2433089 0.8312995 0.7913419 0.8047018 0.7930872 0.7930872 0.8616814 0.8205243 0.8205243 0.7462496 0.7553013 0.8454422 0.8628755 0.8490894 0.7730550 0.7711948 0.9132683 0.4010308 0.8446039 4.4283705 
Nvec_v1g189578                                         1.2176062 1.3864688 0.9883047 1.3158944 0.6724104 0.5506253 0.4949898 0.4837059 0.5469424 0.6345132 0.2497322 0.2619342 0.2445163 0.2507573 0.2511861 0.2727492 0.0000000 0.1613354 0.4414987 0.4886362 0.4206379 0.5586953 0.6150570 0.4750760 0.4740022 0.4880107 0.5714042 0.6818984 0.6801687 0.5132301 0.5443796 0.5234181 0.7703015 0.7696335 0.6970718 0.8810928 0.8785000 0.8418978 0.8148916 0.6554282 0.7817928 0.8397103 0.8850210 0.7768721 1.1522433 0.7903952 0.8785257 0.8819228 0.8393158 0.8393158 0.9903195 0.9055416 0.9055416 0.8246406 0.8533735 0.9178763 0.8672346 0.8540235 0.9272146 0.8169707 0.9775466 0.7540449 1.0091673 4.8702308 
Exapal_XM_021058367.2                                  1.1698103 1.3869984 0.9191276 1.2140526 0.6961841 0.5357234 0.4857851 0.5120861 0.5896260 0.6228119 0.2404634 0.2351359 0.2469623 0.2542148 0.2361940 0.2524672 0.1613354 0.0000000 0.4145241 0.4689067 0.1834542 0.5323221 0.6459781 0.4735401 0.4894775 0.5037909 0.6093876 0.7406062 0.7107260 0.5360756 0.6021233 0.5600088 0.7887245 0.8349376 0.7442848 0.8670503 0.8645151 0.8877548 0.8487238 0.6345364 0.8144937 0.8303758 0.8590443 0.8026477 1.3264619 0.8504808 0.8412066 0.8627977 0.7862269 0.7862269 0.9493346 0.8167759 0.8167759 0.9058562 0.8460393 1.0151670 0.9010372 0.8943349 0.9303597 0.8430061 0.9978364 0.7506761 1.0613812 5.0807024 
Dgig_XM_028541846.1                                    1.1573205 1.1873289 0.8918377 1.2657294 0.9833297 0.5543745 0.5635739 0.5642485 0.6500387 0.5694962 0.4182247 0.4225061 0.3687267 0.4347787 0.4280389 0.4364317 0.4414987 0.4145241 0.0000000 0.1575269 0.6974384 0.5530777 0.6768230 0.4824158 0.5525449 0.5651227 0.5559346 0.8097866 0.8371857 0.5508506 0.6700056 0.5928564 0.7662923 0.8839218 0.7521735 0.9882283 0.9854563 1.0302032 0.9604937 0.7185388 0.9578071 0.9772647 1.0027168 0.8868626 1.4205935 0.8439753 0.9531092 0.9783047 0.9506195 0.9506195 0.9778878 0.9076637 0.9076637 0.8197975 0.7699537 0.7181669 0.9015369 0.9661425 0.8991381 0.8447191 0.9938822 1.0712519 1.1273880 4.1839687 
Xesp_016073-T1                                         1.1547557 1.2582297 0.8453309 1.3237040 0.9495134 0.5564019 0.5595870 0.6121521 0.6334399 0.6085214 0.4289882 0.4326527 0.3760733 0.4657565 0.4522365 0.4359665 0.4886362 0.4689067 0.1575269 0.0000000 0.7523656 0.6128159 0.7582264 0.4918424 0.5693330 0.5688142 0.5851560 0.7551143 0.7434737 0.5576338 0.6644087 0.6049537 0.7399905 0.8711488 0.8163751 1.0147553 1.0118913 0.9574227 0.9380025 0.7126178 0.9726066 0.9647390 0.9842306 0.9083811 1.2230959 0.8575727 0.9631579 0.9863932 0.9633105 0.9633105 0.9573626 0.9279553 0.9279553 0.8535968 0.7892321 0.6593417 0.8663861 0.9215934 0.8850349 0.8342015 1.0296157 1.0777208 0.9139991 4.0685724 
Exapal_XM_021060676.1                                  1.2500123 1.6529724 1.1882573 1.6505912 0.0000010 0.7570874 0.7125958 0.7267262 0.7968933 0.8432429 0.4890307 0.4897725 0.4960269 0.5527970 0.5327727 0.5022270 0.4206379 0.1834542 0.6974384 0.7523656 0.0000000 0.7450752 2.7535577 0.6337632 0.6577492 0.6625079 0.8076991 0.9639080 2.6531506 0.6983925 0.7371189 0.7687971 1.1028473 1.1274970 0.9086366 1.3898811 1.3938774 1.4383578 1.4440043 0.9007170 1.5528019 1.4216876 1.5096017 2.1405340 1.4965226 0.5884300 1.2088710 1.2580156 1.0761670 1.0761670 1.2150297 1.2078172 1.2078172 1.0517421 0.9981810 0.0000010 0.9569316 1.1922378 1.1988419 1.0376604 1.0376604 1.1131659 9.0000000 2.2858338 
Hvul_g16038_1                                          1.3012221 1.3316036 1.0289235 1.2360921 1.0796803 0.5937097 0.6169136 0.5842926 0.6757918 0.6492683 0.5416971 0.5300061 0.5554838 0.5465749 0.5480920 0.5603121 0.5586953 0.5323221 0.5530777 0.6128159 0.7450752 0.0000000 0.3489891 0.4068740 0.4620788 0.4825788 0.6354398 0.8037404 0.9364161 0.6460891 0.7020264 0.7243275 0.8768114 0.9070354 0.6869152 1.1336055 1.1304887 1.1058189 1.0826822 0.8671605 1.0776909 1.2096730 1.1849184 1.0199847 1.2321886 0.8882302 0.9485276 0.9554493 0.9107953 0.9107953 0.9101792 0.9374087 0.9374087 0.8481145 0.8838809 0.9287152 0.8893395 0.9303553 0.8789560 0.8607455 1.0003156 1.2711590 1.2412031 4.1217161 
Chem_TCONS_00066458                                    1.4534400 1.3879453 1.1966548 1.3706785 1.0662703 0.8099284 0.8318406 0.7758050 0.7621591 0.8387345 0.5895268 0.5895268 1.0792751 0.5761967 0.5909746 0.5838108 0.6150570 0.6459781 0.6768230 0.7582264 2.7535577 0.3489891 0.0000000 0.5211267 0.6043094 0.6431890 0.7673391 1.0019153 0.8528099 0.8385130 0.9893394 0.7626905 0.9067249 1.1913671 0.7966514 1.2640310 1.2640310 1.1710342 1.1937037 0.9736408 1.1945496 1.2412224 1.3556523 1.0862218 4.4848393 0.9619194 1.0970385 1.0842058 1.0804095 1.0804095 1.1081724 0.9853514 0.9853514 1.0395356 1.0995959 0.8848861 0.9402442 0.8193235 0.7848706 0.9525716 2.1191470 1.4853501 1.0682823 8.9999990 
Morvir_scaffold272.g8.t1                               1.3621604 1.3558249 0.9833339 1.3085386 1.0559730 0.5299118 0.4557058 0.6231578 0.6084646 0.5131055 0.4152849 0.4129671 0.3848975 0.4245999 0.4240772 0.4168935 0.4750760 0.4735401 0.4824158 0.4918424 0.6337632 0.4068740 0.5211267 0.0000000 0.2548722 0.2646090 0.4647627 0.7318269 0.7570743 0.5259068 0.6070511 0.5349330 0.7128604 0.8706985 0.6493160 1.0164363 1.0128825 0.9756344 0.9536171 0.7408973 1.0707390 1.0303343 1.0428223 1.0710990 1.0319559 0.5084922 1.0069763 0.9729174 1.0149841 1.0149841 1.0336263 1.0159822 1.0159822 0.8596831 0.8942986 0.8547184 0.7985399 0.8228650 0.8513792 0.8162787 1.0704310 1.2616711 0.9982040 3.8555725 
Nemnom_g16467.t1                                       1.3504486 1.4139598 1.0938381 1.3265691 0.9480751 0.5397214 0.4669516 0.5562570 0.5652344 0.5293107 0.4457414 0.4566506 0.4318588 0.4795503 0.4786287 0.4385974 0.4740022 0.4894775 0.5525449 0.5693330 0.6577492 0.4620788 0.6043094 0.2548722 0.0000000 0.0237258 0.5296466 0.7783166 0.6633630 0.5292103 0.5947232 0.5256147 0.7347579 0.8864943 0.7097944 0.9428486 0.9400940 0.9252461 0.8797200 0.7129841 0.9302536 1.0066510 1.0382799 0.9402501 1.1878668 0.7483769 0.8771322 0.8697208 0.8796016 0.8796016 0.9279464 0.8727463 0.8727463 0.8860562 0.8501195 0.7672277 0.9370463 0.8914344 0.8215185 0.8035375 0.9994562 1.0995079 1.1497354 4.0915737 
Rhoesc_Res_000264-T1                                   1.3270766 1.4072575 1.1054142 1.3396707 0.9342241 0.5421363 0.4661170 0.5603162 0.5843444 0.5210155 0.4656480 0.4766458 0.4355832 0.4900488 0.4891102 0.4601552 0.4880107 0.5037909 0.5651227 0.5688142 0.6625079 0.4825788 0.6431890 0.2646090 0.0237258 0.0000000 0.5441438 0.7783945 0.6639524 0.5316650 0.6193205 0.5318461 0.7475033 0.8865319 0.7041008 0.9585177 0.9557390 0.9118681 0.8901849 0.6982039 0.9369938 1.0179166 1.0455596 0.9527231 1.1872715 0.7508443 0.8949941 0.8879311 0.8976166 0.8976166 0.9483536 0.8994144 0.8994144 0.8946715 0.8502785 0.7673375 0.9325372 0.9126983 0.8401159 0.7891045 0.9764112 1.1346259 1.1504310 4.1238795 
Hsap_ENST00000361272                                   1.1903838 1.2785285 0.9316252 1.3031459 0.9411560 0.4684564 0.4562022 0.5397032 0.4086340 0.4701845 0.5640016 0.5715880 0.5076347 0.5644971 0.5693335 0.5610515 0.5714042 0.6093876 0.5559346 0.5851560 0.8076991 0.6354398 0.7673391 0.4647627 0.5296466 0.5441438 0.0000000 0.6970598 0.5739604 0.4529622 0.5163149 0.4846352 0.4466636 0.7873475 0.6492514 0.9829551 0.9801477 0.9079736 0.8458620 0.6262101 0.9323601 0.9754140 1.0313576 0.8758061 1.1041140 0.7942012 0.9715386 0.9646751 0.9829684 0.9829684 1.0251019 1.0072073 1.0072073 0.7857456 0.8400916 0.8242442 0.8057700 0.9055850 0.8313526 0.8584243 0.9883591 1.4002516 1.0228248 4.0100246 
Ctel_gnl_WGS_AMQN_CAPTEDRAFT_mRNA154872                1.4258531 1.5250764 1.1539970 1.5150013 1.1291732 0.5818464 0.5734816 0.3082579 0.6885538 0.7597350 0.7749115 0.7619036 0.6929073 0.7842591 0.8060726 0.7692190 0.6818984 0.7406062 0.8097866 0.7551143 0.9639080 0.8037404 1.0019153 0.7318269 0.7783166 0.7783945 0.6970598 0.0000000 0.8129856 0.6284990 0.6791243 0.6132015 1.0028458 0.2057818 0.8535245 1.2620995 1.2586275 1.1759616 1.1218668 0.8426621 1.1328900 1.1950491 1.1915432 1.1381221 1.3598456 0.9417741 1.0772342 1.0658844 1.0591694 1.0591694 1.0917722 1.0944749 1.0944749 1.1041415 1.0777605 1.0254025 1.0738451 1.2012255 1.0923507 1.0935192 1.1014877 1.3042662 1.3308498 4.0018284 
Cscu_XM_023375851.1                                    1.3257281 1.4148854 0.9812226 1.4639558 0.9762966 0.5373410 0.5067389 0.5680685 0.7105004 0.6772647 0.7503902 0.7650818 0.9896597 0.7409762 0.7586966 0.7225572 0.6801687 0.7107260 0.8371857 0.7434737 2.6531506 0.9364161 0.8528099 0.7570743 0.6633630 0.6639524 0.5739604 0.8129856 0.0000000 0.1119398 0.4807186 0.4083691 0.6599968 0.9909613 0.8566773 1.0144047 1.0144047 0.9750633 0.9628091 0.6624102 1.0104757 1.0138886 1.0623963 0.8249164 2.0156590 0.9576187 0.9457628 0.9364511 0.9446385 0.9446385 0.9966274 0.8814362 0.8814362 1.0250301 1.0657334 0.8005006 0.9580317 0.8876394 0.9056953 1.1588475 1.7706659 1.3575956 1.0377899 8.0089037 
Cscu_XM_023375846.1                                    1.1146643 1.2503999 0.8393534 1.3395435 0.9762966 0.4157132 0.3729540 0.3935641 0.4795748 0.4663163 0.4944869 0.5079199 0.4515570 0.4883074 0.5055301 0.5002095 0.5132301 0.5360756 0.5508506 0.5576338 0.6983925 0.6460891 0.8385130 0.5259068 0.5292103 0.5316650 0.4529622 0.6284990 0.1119398 0.0000000 0.3414779 0.3672595 0.6270474 0.7390883 0.6558469 0.9487628 0.9554073 0.9217610 0.8908748 0.6491716 0.9841371 1.0155515 1.0344274 0.9173542 1.2620478 0.5041412 0.8347879 0.8500367 0.8280450 0.8280450 0.8761702 0.8587453 0.8587453 0.7516087 0.7872318 0.8005006 0.7908758 0.8987625 0.8275698 0.9192460 1.0437427 1.2158921 1.0377899 4.3203858 
Dpul_mRNA19446                                         1.1660436 1.3647742 0.9773167 1.3899941 1.0774475 0.5144602 0.4600583 0.5056745 0.4755562 0.5502116 0.5745048 0.5914614 0.5327662 0.5954323 0.6003682 0.5959175 0.5443796 0.6021233 0.6700056 0.6644087 0.7371189 0.7020264 0.9893394 0.6070511 0.5947232 0.6193205 0.5163149 0.6791243 0.4807186 0.3414779 0.0000000 0.2888261 0.5857157 0.7789008 0.7536153 0.9063726 0.9130470 0.8867132 0.9092177 0.7342604 1.0063389 0.9512473 0.9157514 0.9359715 1.0472673 0.6223876 0.8235238 0.8410346 0.8016287 0.8016287 0.9492170 0.8211271 0.8211271 0.7797240 0.8764006 0.6681646 0.7560799 0.8989721 0.9005770 0.8499359 0.9844592 1.2659025 1.1088383 3.8165458 
Tcas_TC007964_001                                      1.1081575 1.3227038 0.8838283 1.2540900 0.9559442 0.5257689 0.4593171 0.4605673 0.5101701 0.5814670 0.5548407 0.5715859 0.4916466 0.5712841 0.5926503 0.5539164 0.5234181 0.5600088 0.5928564 0.6049537 0.7687971 0.7243275 0.7626905 0.5349330 0.5256147 0.5318461 0.4846352 0.6132015 0.4083691 0.3672595 0.2888261 0.0000000 0.5706285 0.7536628 0.7693745 0.9590488 0.9563162 1.0147875 0.9795245 0.7647453 1.0101494 1.0109587 0.9940472 0.9544717 1.2347066 0.6394412 0.8916669 0.8909233 0.8726274 0.8726274 0.9489330 0.8641218 0.8641218 0.8613483 0.9126972 0.6987719 0.8174263 0.8685341 0.8604300 0.8880201 1.0039720 1.1875805 1.0939291 4.5018874 
Hsap_ENST00000285896                                   1.2278227 1.5267542 0.9534309 1.3628384 0.9280071 0.6785487 0.6698563 0.7673636 0.5929955 0.5567484 0.7747570 0.7768760 0.8580696 0.8142975 0.8047752 0.7605792 0.7703015 0.7887245 0.7662923 0.7399905 1.1028473 0.8768114 0.9067249 0.7128604 0.7347579 0.7475033 0.4466636 1.0028458 0.6599968 0.6270474 0.5857157 0.5706285 0.0000000 1.0382986 0.8861200 1.0694503 1.0864527 1.0791581 1.0533475 0.8224710 1.1109621 1.1716065 1.1484627 1.0225130 1.3559619 1.0072823 0.9736868 1.0076952 0.9345189 0.9345189 1.0026043 0.9319025 0.9319025 0.9684808 1.0431384 0.9935397 1.0522201 1.0132897 0.9673115 0.8890727 1.0022652 1.3815487 0.9060694 4.4149923 
Ctel_gnl_WGS_AMQN_CAPTEDRAFT_mRNA111275                1.5501863 1.6695219 1.3218357 1.6549790 1.2906498 0.6527385 0.6618801 0.3863073 0.7637717 0.8180064 0.8429755 0.8275898 0.7435961 0.8514570 0.8750178 0.8368541 0.7696335 0.8349376 0.8839218 0.8711488 1.1274970 0.9070354 1.1913671 0.8706985 0.8864943 0.8865319 0.7873475 0.2057818 0.9909613 0.7390883 0.7789008 0.7536628 1.0382986 0.0000000 0.9240502 1.3021168 1.2960631 1.2300799 1.1599220 0.9914067 1.2079007 1.2331442 1.2839698 1.1663454 1.3894596 0.9361744 1.1767249 1.1532110 1.1685693 1.1685693 1.2307339 1.2065600 1.2065600 1.2074574 1.2057426 0.9958802 1.1405913 1.3140364 1.1873696 1.1920171 1.1555634 1.3643442 1.4975218 3.8278951 
Spur_XM_781293.5                                       1.2310611 1.3948824 1.2114829 1.3347542 0.9935518 0.6995440 0.7111701 0.6568280 0.6856984 0.5904685 0.7317073 0.7262600 0.6750615 0.7176861 0.7156972 0.7419147 0.6970718 0.7442848 0.7521735 0.8163751 0.9086366 0.6869152 0.7966514 0.6493160 0.7097944 0.7041008 0.6492514 0.8535245 0.8566773 0.6558469 0.7536153 0.7693745 0.8861200 0.9240502 0.0000000 1.0105911 0.9955322 1.0084784 0.9713178 0.7149623 0.9595382 1.1220657 1.1124410 0.9641089 1.2180033 1.0050027 1.0490712 1.0455385 1.0542902 1.0542902 1.0779771 1.0391063 1.0391063 0.9728187 0.8540333 0.9247051 1.0686883 1.1624893 1.0024129 0.8856043 1.0796056 1.1911214 1.2496581 4.3982844 
Pbac_sb2659251                                         1.5693150 1.6524561 1.3051718 1.5616855 0.9222933 0.9545978 1.0024155 1.0304764 1.0612149 0.9196857 0.9199130 0.9090645 0.9092363 0.9470839 0.9499395 0.9035547 0.8810928 0.8670503 0.9882283 1.0147553 1.3898811 1.1336055 1.2640310 1.0164363 0.9428486 0.9585177 0.9829551 1.2620995 1.0144047 0.9487628 0.9063726 0.9590488 1.0694503 1.3021168 1.0105911 0.0000000 0.0088609 0.3472459 0.2604874 0.1923659 0.3159637 0.3428922 0.3565684 0.2526368 0.4046655 1.2957131 1.1094030 1.1655336 1.1007153 1.1007153 1.1817909 1.0689240 1.0689240 1.0067806 1.1110979 0.9993816 1.2403751 1.2298740 1.0915457 0.9938126 1.1484034 1.3967566 1.0387047 3.6094950 
Horcal_Hcv1.av93.c7.g195.i1                            1.5613578 1.6567432 1.2991832 1.5655321 0.9222933 0.9495428 0.9977839 1.0257225 1.0596520 0.9261540 0.9172891 0.9064682 0.9049348 0.9444121 0.9472591 0.9009559 0.8785000 0.8645151 0.9854563 1.0118913 1.3938774 1.1304887 1.2640310 1.0128825 0.9400940 0.9557390 0.9801477 1.2586275 1.0144047 0.9554073 0.9130470 0.9563162 1.0864527 1.2960631 0.9955322 0.0088609 0.0000000 0.3598327 0.2689285 0.1923659 0.3082581 0.3460316 0.3599558 0.2539393 0.3888072 1.2896385 1.1241171 1.1561951 1.1153566 1.1153566 1.1986974 1.0831978 1.0831978 1.0021632 1.1060797 0.9993816 1.2348936 1.2264727 1.0915457 0.9827800 1.1301243 1.3967566 1.0387047 3.6094950 
Bolinf_Binf_sb1258658                                  1.6304222 1.7034083 1.3634821 1.4387378 0.9980781 1.0491295 1.0257931 1.0366991 0.9361878 0.8367795 0.9312852 0.9344500 0.9125855 0.9894313 0.9667929 0.9222955 0.8418978 0.8877548 1.0302032 0.9574227 1.4383578 1.1058189 1.1710342 0.9756344 0.9252461 0.9118681 0.9079736 1.1759616 0.9750633 0.9217610 0.8867132 1.0147875 1.0791581 1.2300799 1.0084784 0.3472459 0.3598327 0.0000000 0.0574161 0.0353896 0.2144944 0.3712369 0.3785303 0.2287413 0.2828050 1.3404123 1.0453941 1.1142832 1.0682763 1.0682763 1.1765441 1.0896125 1.0896125 1.0290167 0.9007279 1.0287852 1.2466691 1.3284100 0.8719711 0.9983254 1.0954886 1.2847716 0.8559110 3.0814712 
Mlei_ML0173.g2.i1                                      1.5386668 1.7059796 1.3133680 1.4651093 1.0586294 0.9648596 0.9481322 0.9834279 0.9407047 0.8412474 0.8629071 0.8664553 0.8915977 0.8955314 0.9023688 0.8554657 0.8148916 0.8487238 0.9604937 0.9380025 1.4440043 1.0826822 1.1937037 0.9536171 0.8797200 0.8901849 0.8458620 1.1218668 0.9628091 0.8908748 0.9092177 0.9795245 1.0533475 1.1599220 0.9713178 0.2604874 0.2689285 0.0574161 0.0000000 0.0000010 0.1599965 0.3067042 0.2979617 0.1639637 0.2762427 1.2764086 1.1010343 1.1487557 1.1180227 1.1180227 1.1723287 1.1140276 1.1140276 1.0375858 1.0050447 1.0204332 1.1993911 1.2409572 1.0039104 1.0048642 1.1453764 1.3606442 1.0314731 3.7792688 
Vmul_sbMO500230                                        1.3179992 1.3296995 1.1621189 1.2206260 0.9503062 0.6822434 0.6762292 0.7364362 0.6803656 0.6694496 0.6312782 0.6458021 0.5331114 0.6671722 0.6714481 0.6287651 0.6554282 0.6345364 0.7185388 0.7126178 0.9007170 0.8671605 0.9736408 0.7408973 0.7129841 0.6982039 0.6262101 0.8426621 0.6624102 0.6491716 0.7342604 0.7647453 0.8224710 0.9914067 0.7149623 0.1923659 0.1923659 0.0353896 0.0000010 0.0000000 0.0998193 0.1721913 0.1726174 0.0844130 0.1536639 1.1943442 0.8463176 0.9028361 0.8502468 0.8502468 0.9468333 0.8258409 0.8258409 0.7115723 0.7178906 0.8327447 0.9248615 0.8352486 0.6992322 0.8549380 1.1412206 1.5968935 0.8275551 7.0518032 
Beraby_Baby_sb334676                                   1.4734697 1.5871040 1.3827169 1.5187679 1.0137380 1.0247151 1.0063037 1.0068889 0.9855533 0.8997013 0.8935453 0.8795291 0.9343788 0.8999464 0.9068598 0.8810966 0.7817928 0.8144937 0.9578071 0.9726066 1.5528019 1.0776909 1.1945496 1.0707390 0.9302536 0.9369938 0.9323601 1.1328900 1.0104757 0.9841371 1.0063389 1.0101494 1.1109621 1.2079007 0.9595382 0.3159637 0.3082581 0.2144944 0.1599965 0.0998193 0.0000000 0.2957360 0.2535360 0.1787855 0.4055247 1.3078595 1.1038408 1.1211139 1.1236861 1.1236861 1.1865494 1.0846740 1.0846740 1.1468084 1.1035843 1.0796894 1.2640219 1.2950715 1.1129378 0.9581682 1.0804769 1.2965530 0.9959900 4.2340868 
Coemet_Cmet_scaffold16815_01                           1.5492511 1.5877941 1.4103164 1.5308584 1.0187339 1.0330924 1.0060748 1.0861843 1.0366505 0.9987363 0.8975743 0.9092975 0.9099719 0.9291157 0.9086053 0.9086138 0.8397103 0.8303758 0.9772647 0.9647390 1.4216876 1.2096730 1.2412224 1.0303343 1.0066510 1.0179166 0.9754140 1.1950491 1.0138886 1.0155515 0.9512473 1.0109587 1.1716065 1.2331442 1.1220657 0.3428922 0.3460316 0.3712369 0.3067042 0.1721913 0.2957360 0.0000000 0.1536514 0.2664031 0.6125456 1.2373255 1.1705726 1.2060346 1.1387695 1.1387695 1.2228008 1.0813463 1.0813463 1.1422648 1.1564292 1.0767947 1.2801396 1.3181936 1.1483047 1.1272391 1.3615799 1.3359319 1.1330253 4.5099886 
Vmul_sbMO413807                                        1.5473434 1.5766716 1.3909750 1.6133230 0.9479713 1.0842541 1.0247524 1.0659664 1.0477592 0.9496962 0.8842773 0.8910677 0.8945661 0.9273451 0.9063876 0.8871293 0.8850210 0.8590443 1.0027168 0.9842306 1.5096017 1.1849184 1.3556523 1.0428223 1.0382799 1.0455596 1.0313576 1.1915432 1.0623963 1.0344274 0.9157514 0.9940472 1.1484627 1.2839698 1.1124410 0.3565684 0.3599558 0.3785303 0.2979617 0.1726174 0.2535360 0.1536514 0.0000000 0.2832550 0.6487521 1.2479385 1.1322069 1.1884894 1.1456744 1.1456744 1.2575568 1.0901263 1.0901263 1.1644499 1.0942058 1.2004988 1.3483387 1.3022083 1.1852591 1.0923305 1.3363806 1.4152962 1.2550704 4.6774728 
Lampan_Lpan_13460_01                                   1.5760567 1.5742499 1.3145168 1.4681111 1.0041563 0.9350592 0.9137140 0.9571588 0.9369923 0.8999317 0.8061638 0.8191723 0.8786231 0.8237809 0.8320823 0.8224579 0.7768721 0.8026477 0.8868626 0.9083811 2.1405340 1.0199847 1.0862218 1.0710990 0.9402501 0.9527231 0.8758061 1.1381221 0.8249164 0.9173542 0.9359715 0.9544717 1.0225130 1.1663454 0.9641089 0.2526368 0.2539393 0.2287413 0.1639637 0.0844130 0.1787855 0.2664031 0.2832550 0.0000000 0.4442492 1.3523187 1.0986321 1.1310283 1.0925691 1.0925691 1.2411023 1.0892832 1.0892832 1.1188788 1.0987615 1.0413423 1.2137489 1.1117704 1.0559351 1.1538121 1.5389675 1.2936567 1.0199412 8.9999988 
Drygla_Dgla_sb273274                                   1.7129633 2.3566025 1.7628473 1.7205811 2.2282127 1.1214820 1.3830368 1.4418674 1.3103021 1.0428467 1.2299984 1.2085879 1.2616167 1.2747735 1.2586610 1.2433089 1.1522433 1.3264619 1.4205935 1.2230959 1.4965226 1.2321886 4.4848393 1.0319559 1.1878668 1.1872715 1.1041140 1.3598456 2.0156590 1.2620478 1.0472673 1.2347066 1.3559619 1.3894596 1.2180033 0.4046655 0.3888072 0.2828050 0.2762427 0.1536639 0.4055247 0.6125456 0.6487521 0.4442492 0.0000000 1.1537699 1.3693009 1.3424715 1.3700587 1.3700587 1.3847791 1.4041595 1.4041595 1.2261331 1.1884502 0.0000010 1.5939610 1.8749084 1.2599625 1.0765159 1.0765159 1.2876498 2.2820435 1.1924447 
Cscu_XM_023383821.1                                    1.5603269 1.5728838 1.3117583 1.8155347 1.6552494 0.7163951 0.7174134 0.7423666 0.8068820 0.7710579 0.8001927 0.7917153 0.8485343 0.7763907 0.8011735 0.8312995 0.7903952 0.8504808 0.8439753 0.8575727 0.5884300 0.8882302 0.9619194 0.5084922 0.7483769 0.7508443 0.7942012 0.9417741 0.9576187 0.5041412 0.6223876 0.6394412 1.0072823 0.9361744 1.0050027 1.2957131 1.2896385 1.3404123 1.2764086 1.1943442 1.3078595 1.2373255 1.2479385 1.3523187 1.1537699 0.0000000 1.2098413 1.2317110 1.1930818 1.1930818 1.1178387 1.2369662 1.2369662 1.0712326 1.1363585 0.8503587 1.2228648 1.1510021 1.1602756 1.2352449 1.5653150 2.2001922 2.3966314 4.9598893 
HoiH23_PlH23_011116-RA                                 1.4029981 1.4543275 1.2635728 1.3935675 1.0900209 0.8327444 0.8538975 0.8329799 0.8316145 0.8890459 0.7772883 0.7656826 0.7513909 0.7769636 0.7708138 0.7913419 0.8785257 0.8412066 0.9531092 0.9631579 1.2088710 0.9485276 1.0970385 1.0069763 0.8771322 0.8949941 0.9715386 1.0772342 0.9457628 0.8347879 0.8235238 0.8916669 0.9736868 1.1767249 1.0490712 1.1094030 1.1241171 1.0453941 1.1010343 0.8463176 1.1038408 1.1705726 1.1322069 1.0986321 1.3693009 1.2098413 0.0000000 0.0423579 0.0376837 0.0376837 0.1410750 0.0969237 0.0969237 1.0730408 1.1090250 1.0782567 1.1013969 1.1947598 1.1043587 1.0936521 1.2716701 1.2133200 1.0789569 4.1340626 
HoiH06_mRNA13916                                       1.3937147 1.4742739 1.2750674 1.4373745 1.1165935 0.8443657 0.8410545 0.8364320 0.8398137 0.9107715 0.7949648 0.7831798 0.7681917 0.7944262 0.7882203 0.8047018 0.8819228 0.8627977 0.9783047 0.9863932 1.2580156 0.9554493 1.0842058 0.9729174 0.8697208 0.8879311 0.9646751 1.0658844 0.9364511 0.8500367 0.8410346 0.8909233 1.0076952 1.1532110 1.0455385 1.1655336 1.1561951 1.1142832 1.1487557 0.9028361 1.1211139 1.2060346 1.1884894 1.1310283 1.3424715 1.2317110 0.0423579 0.0000000 0.0670388 0.0670388 0.1718363 0.1249213 0.1249213 1.0934882 1.1204711 1.0825976 1.0672895 1.1818053 1.1285139 1.0779380 1.2843615 1.2141970 1.0756997 4.3115308 
Hhon_g06388.t1                                         1.3770717 1.4510031 1.2460008 1.3733318 1.0498391 0.8278895 0.8592753 0.8376092 0.8569886 0.9107716 0.7789331 0.7672598 0.7168156 0.7785870 0.7724051 0.7930872 0.8393158 0.7862269 0.9506195 0.9633105 1.0761670 0.9107953 1.0804095 1.0149841 0.8796016 0.8976166 0.9829684 1.0591694 0.9446385 0.8280450 0.8016287 0.8726274 0.9345189 1.1685693 1.0542902 1.1007153 1.1153566 1.0682763 1.1180227 0.8502468 1.1236861 1.1387695 1.1456744 1.0925691 1.3700587 1.1930818 0.0376837 0.0670388 0.0000000 0.0000010 0.1208861 0.0996644 0.0996644 1.0317963 1.1092593 1.1461421 1.1259876 1.2110674 1.0795315 1.0443465 1.2183076 1.1559046 1.1220854 4.2926995 
HoiH04_mRNA4174                                        1.3770717 1.4510031 1.2460008 1.3733318 1.0498391 0.8278895 0.8592753 0.8376092 0.8569886 0.9107716 0.7789331 0.7672598 0.7168156 0.7785870 0.7724051 0.7930872 0.8393158 0.7862269 0.9506195 0.9633105 1.0761670 0.9107953 1.0804095 1.0149841 0.8796016 0.8976166 0.9829684 1.0591694 0.9446385 0.8280450 0.8016287 0.8726274 0.9345189 1.1685693 1.0542902 1.1007153 1.1153566 1.0682763 1.1180227 0.8502468 1.1236861 1.1387695 1.1456744 1.0925691 1.3700587 1.1930818 0.0376837 0.0670388 0.0000010 0.0000000 0.1208861 0.0996644 0.0996644 1.0317963 1.1092593 1.1461421 1.1259876 1.2110674 1.0795315 1.0443465 1.2183076 1.1559046 1.1220854 4.2926995 
HoiH11_mRNA7479                                        1.3262428 1.5129121 1.3239884 1.3146747 1.1862869 0.8394349 0.9004154 0.8577235 0.9489680 1.0401782 0.8554910 0.8530663 0.8127684 0.8655867 0.8413347 0.8616814 0.9903195 0.9493346 0.9778878 0.9573626 1.2150297 0.9101792 1.1081724 1.0336263 0.9279464 0.9483536 1.0251019 1.0917722 0.9966274 0.8761702 0.9492170 0.9489330 1.0026043 1.2307339 1.0779771 1.1817909 1.1986974 1.1765441 1.1723287 0.9468333 1.1865494 1.2228008 1.2575568 1.2411023 1.3847791 1.1178387 0.1410750 0.1718363 0.1208861 0.1208861 0.0000000 0.1609364 0.1609364 1.0456308 1.1931721 1.1691277 1.0569468 1.2035012 1.0858757 1.1592695 1.4382878 0.9862126 0.9930496 3.8553985 
TrH2_TrispH2_006136-RA                                 1.4324784 1.5306589 1.3120071 1.4223792 1.0599433 0.8176873 0.8568436 0.8441691 0.8661562 0.9083352 0.8058832 0.7940325 0.8182590 0.8190401 0.8127823 0.8205243 0.9055416 0.8167759 0.9076637 0.9279553 1.2078172 0.9374087 0.9853514 1.0159822 0.8727463 0.8994144 1.0072073 1.0944749 0.8814362 0.8587453 0.8211271 0.8641218 0.9319025 1.2065600 1.0391063 1.0689240 1.0831978 1.0896125 1.1140276 0.8258409 1.0846740 1.0813463 1.0901263 1.0892832 1.4041595 1.2369662 0.0969237 0.1249213 0.0996644 0.0996644 0.1609364 0.0000000 0.0000010 1.0576182 1.1285914 1.0916350 1.1281903 1.2140941 1.0536422 1.0600324 1.2472763 1.2116183 1.1626101 4.4593733 
Tadh_TriadT26102                                       1.4324784 1.5306589 1.3120071 1.4223792 1.0599433 0.8176873 0.8568436 0.8441691 0.8661562 0.9083352 0.8058832 0.7940325 0.8182590 0.8190401 0.8127823 0.8205243 0.9055416 0.8167759 0.9076637 0.9279553 1.2078172 0.9374087 0.9853514 1.0159822 0.8727463 0.8994144 1.0072073 1.0944749 0.8814362 0.8587453 0.8211271 0.8641218 0.9319025 1.2065600 1.0391063 1.0689240 1.0831978 1.0896125 1.1140276 0.8258409 1.0846740 1.0813463 1.0901263 1.0892832 1.4041595 1.2369662 0.0969237 0.1249213 0.0996644 0.0996644 0.1609364 0.0000010 0.0000000 1.0576182 1.1285914 1.0916350 1.1281903 1.2140941 1.0536422 1.0600324 1.2472763 1.2116183 1.1626101 4.4593733 
Tetwil_g14543.t1                                       1.2859546 1.3741445 1.1076738 1.3453942 1.0659095 0.9098119 0.9129003 0.9202609 0.8238650 0.9147891 0.7582207 0.7770028 0.6666297 0.7696095 0.7760523 0.7462496 0.8246406 0.9058562 0.8197975 0.8535968 1.0517421 0.8481145 1.0395356 0.8596831 0.8860562 0.8946715 0.7857456 1.1041415 1.0250301 0.7516087 0.7797240 0.8613483 0.9684808 1.2074574 0.9728187 1.0067806 1.0021632 1.0290167 1.0375858 0.7115723 1.1468084 1.1422648 1.1644499 1.1188788 1.2261331 1.0712326 1.0730408 1.0934882 1.0317963 1.0317963 1.0456308 1.0576182 1.0576182 0.0000000 0.5086371 0.7153195 0.6340707 0.7181466 0.4888159 0.8758923 1.0922811 1.5940537 0.8389477 4.0100732 
Spolac_c97201_g1_i1_m.14499c97201-g1                   1.1682500 1.2335695 1.0746752 1.1970614 0.9738969 0.9249063 0.8508687 0.8564983 0.7914378 0.8733177 0.7551611 0.7658387 0.7249642 0.7734136 0.7792602 0.7553013 0.8533735 0.8460393 0.7699537 0.7892321 0.9981810 0.8838809 1.0995959 0.8942986 0.8501195 0.8502785 0.8400916 1.0777605 1.0657334 0.7872318 0.8764006 0.9126972 1.0431384 1.2057426 0.8540333 1.1110979 1.1060797 0.9007279 1.0050447 0.7178906 1.1035843 1.1564292 1.0942058 1.0987615 1.1884502 1.1363585 1.1090250 1.1204711 1.1092593 1.1092593 1.1931721 1.1285914 1.1285914 0.5086371 0.0000000 0.7033684 0.7073986 0.7686504 0.4893306 0.9691309 1.0875126 1.4513009 0.8161470 4.1537517 
Xestes_maker-XT_scaffold25702-augustus-gene-0.7-mRNA-1 1.2194096 1.3423968 1.1810403 1.3364231 1.0458164 0.9059545 0.9309723 0.7720082 1.0004357 0.8592081 0.8814530 0.8814530 0.0000010 0.9335503 0.9269906 0.8454422 0.9178763 1.0151670 0.7181669 0.6593417 0.0000010 0.9287152 0.8848861 0.8547184 0.7672277 0.7673375 0.8242442 1.0254025 0.8005006 0.8005006 0.6681646 0.6987719 0.9935397 0.9958802 0.9247051 0.9993816 0.9993816 1.0287852 1.0204332 0.8327447 1.0796894 1.0767947 1.2004988 1.0413423 0.0000010 0.8503587 1.0782567 1.0825976 1.1461421 1.1461421 1.1691277 1.0916350 1.0916350 0.7153195 0.7033684 0.0000000 0.2983836 0.2579577 0.5004399 0.8378031 4.6118174 1.6407145 0.5787849 8.9999981 
Halamb_c48596_g1_i1m.24489                             1.3534279 1.5197143 1.1546532 1.3926672 1.1759619 0.9814306 0.8750680 0.9219884 0.8927861 0.9803281 0.8886958 0.8758475 0.8957150 0.9111124 0.9158702 0.8628755 0.8672346 0.9010372 0.9015369 0.8663861 0.9569316 0.8893395 0.9402442 0.7985399 0.9370463 0.9325372 0.8057700 1.0738451 0.9580317 0.7908758 0.7560799 0.8174263 1.0522201 1.1405913 1.0686883 1.2403751 1.2348936 1.2466691 1.1993911 0.9248615 1.2640219 1.2801396 1.3483387 1.2137489 1.5939610 1.2228648 1.1013969 1.0672895 1.1259876 1.1259876 1.0569468 1.1281903 1.1281903 0.6340707 0.7073986 0.2983836 0.0000000 0.2107669 0.6888409 1.0696131 1.2943209 1.6276135 0.4131084 4.7988484 
