68
Lcom_lcpid49948                                          0.0000000 0.4809785 0.4055476 0.4998088 1.5048354 1.5545637 2.3782526 1.5161513 1.4317461 1.2013859 1.2229823 1.7338940 1.6382102 1.6411130 1.5909914 1.2405289 1.8783979 1.8075843 1.4971092 2.3687720 2.3890737 2.3272887 2.1579271 1.1632132 1.4219930 1.4158488 1.2053780 1.7660472 1.4989157 1.5408200 1.5498783 1.5937474 1.6210567 1.5245401 1.5085777 2.0456178 1.5590390 1.3054155 1.7916990 1.8516450 1.8908139 1.8828636 1.8931813 1.8961789 1.8965262 1.4684326 1.7916908 1.7379312 2.8246753 2.8161677 2.2367901 2.5181580 2.2467718 2.8935314 2.5319148 2.7484480 3.4792050 1.9106908 2.1652902 2.0580360 2.0984541 2.9611754 1.9987236 2.3818063 2.3861924 2.6004373 2.2458253 2.9271843 
Gracom_Gcom_scaffold16140_01                             0.4809785 0.0000000 0.3762153 0.4453541 1.5471487 1.7100367 2.4407451 1.5979518 1.4264453 1.1792159 1.3081800 1.8933728 1.7393606 1.7896780 1.8236492 1.2658937 1.8596740 1.7739172 1.5686264 2.2878401 2.4969454 2.3992367 2.2042423 1.2084519 1.5335858 1.5394986 1.1379083 1.8233237 1.5517277 1.5402897 1.6113615 1.6428574 1.7132842 1.6151015 1.6194450 1.8654643 1.6020533 1.3203940 2.0045194 2.0520805 2.0435398 2.0350357 2.0622124 2.0089456 1.9638526 1.6327732 1.9212124 1.9705950 2.9346956 2.9129914 2.5461353 2.6094969 2.3830877 3.0201129 2.7860177 2.9447405 3.3701300 1.8464644 2.3456608 2.2755333 2.1005983 2.8221968 2.1749233 3.0150512 2.6314765 3.0653709 2.4208810 3.3875155 
Leuniv_Lniv_scaffold23788_01                             0.4055476 0.3762153 0.0000000 0.4783340 1.6156162 1.6716489 2.6736899 1.6509381 1.5359100 1.2365973 1.2696111 1.8198748 1.6823928 1.7511352 1.7185073 1.2490377 1.8155559 1.7296743 1.5267011 2.6080045 2.4901766 2.2155311 2.1157366 1.1044502 1.5129094 1.5129094 1.2584615 1.7622353 1.5037689 1.5002614 1.5410658 1.6892375 1.6528440 1.6265352 1.5830881 1.9279818 1.6875636 1.3596571 1.9890267 2.0299802 2.0248044 2.0164227 2.0197638 2.0611312 1.9547761 1.5179005 1.8111847 1.8439077 2.8268440 2.8183563 2.5799350 2.8533954 2.3808600 3.0920220 2.9328316 2.9113161 3.5429384 1.9178911 2.3509897 2.1755144 2.0137075 2.9507142 2.1726187 2.8233312 2.7043280 3.0118815 2.5087775 3.4573035 
Scil_scict003748.1                                       0.4998088 0.4453541 0.4783340 0.0000000 1.5067463 1.8297896 2.4461147 1.5913487 1.6714230 1.3843274 1.4278442 1.9702422 1.8275835 1.9261943 1.9080866 1.5614168 1.9457484 1.9008104 1.6478679 2.1373765 2.5773530 2.4329696 2.2509056 2.4698494 1.5829357 1.6114337 1.5560779 1.8969028 1.6664853 1.6781517 1.7137871 1.6450030 1.7516164 1.6967066 1.7156581 2.1084541 1.7238712 1.4571778 2.0831859 2.0622565 2.1331093 2.1244267 1.9864858 2.1125560 2.0835220 1.6598997 1.9222511 2.1181425 2.8678869 2.8705005 2.1246910 2.3926703 2.4278565 2.9787126 2.4229047 2.9309920 3.1679809 2.4490137 2.9093968 2.3858254 2.2706028 2.6769473 2.0347072 2.6734513 2.3955800 3.0759192 2.2851341 3.3405552 
Stycar_maker-SC_scaffold137353-snap-gene-0.66-mRNA-1     1.5048354 1.5471487 1.6156162 1.5067463 0.0000000 2.0241392 2.3705197 1.7580787 1.6290460 1.6779743 1.4999390 1.9616393 1.9909479 1.8658088 1.8433986 1.5931076 2.0507718 1.5428491 1.9958731 1.7513618 1.6751585 1.7460581 1.6673348 0.3843786 1.8823044 1.8823044 1.4352717 2.0127214 1.7401087 1.6768436 1.7227265 4.3407844 1.7736258 1.8314372 1.8456633 2.0862789 1.7297343 1.7477055 1.9388762 1.9520655 1.9342150 1.9342150 1.9532488 2.1343611 2.1792608 1.1131179 1.9013201 1.9273338 2.9652973 2.9930514 7.1386537 6.1175132 2.4806079 3.1271938 3.2952856 3.0115731 7.5250731 1.5452040 1.8983335 2.2430131 4.3145970 3.5035468 3.5556121 2.8765776 2.6429399 3.9963512 3.3020216 3.1743800 
Cgig_XM_011447420.3                                      1.5545637 1.7100367 1.6716489 1.8297896 2.0241392 0.0000000 0.8671589 0.9270744 1.1052413 0.5219172 0.8969060 1.5880102 1.5228618 1.5081102 1.5140622 1.0475313 1.7925089 1.6187126 1.1095980 1.5646817 2.2840823 2.3376860 2.1390489 1.3791328 1.4964153 1.5101088 1.1275110 1.3992492 1.3320260 1.3598648 1.3753875 1.2760178 1.4884434 1.3505496 1.4175773 1.7652082 1.4262870 1.2924264 1.9339324 1.9366223 1.8716826 1.8638908 1.8198357 1.9349451 1.8394116 1.9487158 1.7528342 1.5919085 2.7845806 2.7342760 1.8680645 2.0517777 2.0008597 2.5567142 2.2874233 2.5432146 2.5859117 1.9946002 2.6823292 1.8493302 2.1181423 2.3586910 1.8198570 2.2438804 2.3364396 2.5887516 1.8616137 2.3638428 
Acagra_model.g2811.t1.1.5d3b81f3                         2.3782526 2.4407451 2.6736899 2.4461147 2.3705197 0.8671589 0.0000000 1.6920060 1.4649771 1.9281730 1.7896702 2.4511337 2.1158059 2.1084199 1.9271263 2.4270651 2.5611645 1.7724158 1.4468802 1.5039137 2.6621021 2.9445001 2.1008326 0.0000010 2.5137170 2.5137170 7.1775199 1.9123999 1.8182814 2.0479223 2.0708323 0.0000010 1.9383853 2.2192238 2.3099897 2.1441216 2.1276296 0.9588792 2.1855213 2.2564497 2.3509212 2.3509212 2.1531118 2.2854070 2.0810198 1.1036379 2.2444166 1.5871461 4.0550609 3.9653412 0.0000010 0.0000010 4.5939423 3.6122996 1.9820246 3.6342421 4.1540895 1.0176076 1.0176076 1.0176076 1.7333884 2.7259750 2.3511979 2.1592193 2.2197665 2.8882990 1.9230312 1.8462128 
Ctel_gnl_WGS_AMQN_CAPTEDRAFT_mRNA117173                  1.5161513 1.5979518 1.6509381 1.5913487 1.7580787 0.9270744 1.6920060 0.0000000 1.1945549 0.5975406 0.9336767 1.6527407 1.6139385 1.6596941 1.5979597 1.3125011 1.9089215 1.7951378 1.2910375 2.0796530 2.2546859 2.0680718 2.2363873 1.6869293 1.5852343 1.5931420 1.2424848 1.3362227 1.4153214 1.4041581 1.3751126 1.2240868 1.5377775 1.4757386 1.4852031 1.7137221 1.5047726 1.2861352 1.8148681 1.8041943 1.8435240 1.8356185 1.7990665 1.9376630 1.8336834 1.8718825 1.8047034 1.6109712 2.9699336 2.9835213 2.5722318 2.4648655 2.2829188 2.8255412 2.7285973 2.8104901 2.8690700 1.9161624 2.7050710 2.1344593 1.9973812 2.6726132 1.8058381 2.4869843 2.7211449 2.8628308 2.1388625 2.4491870 
Bralan_BLAG03000558_1                                    1.4317461 1.4264453 1.5359100 1.6714230 1.6290460 1.1052413 1.4649771 1.1945549 0.0000000 0.8525118 0.9281460 1.5025988 1.4722532 1.3877520 1.3788536 0.9771858 1.7303081 1.5062321 1.0573066 1.7265029 2.2689192 2.2655834 2.1554700 0.9933639 1.6224174 1.6336052 0.9918700 1.1864961 1.2878004 1.2899762 1.3189834 1.4918367 1.4863717 1.3529799 1.3621833 1.5208559 1.3401756 1.1689281 1.6307334 1.6464957 1.6886497 1.6974648 1.6432613 1.7156992 1.6773205 1.5566644 1.8322654 1.8881321 2.9482913 2.9519887 2.5490661 2.5854471 2.0841645 2.8516192 2.5662487 2.7251962 3.2870562 1.6292599 2.3036051 2.0623950 2.2095105 2.5887146 1.8274490 2.3755873 2.5451161 2.6623731 1.9456753 2.6236143 
Acagra_model.g2810.t1                                    1.2013859 1.1792159 1.2365973 1.3843274 1.6779743 0.5219172 1.9281730 0.5975406 0.8525118 0.0000000 0.8743464 1.2522355 1.3019557 1.3018470 1.3130669 1.1959431 1.2603802 1.3949047 0.9686641 2.1457814 2.0379743 2.0589663 2.2247464 1.0482147 1.2083119 1.2248676 1.1601596 1.1626033 1.1180281 1.0994412 1.1210055 1.1914152 1.2794362 1.0683285 1.0758495 1.3946788 1.1350106 1.1647182 1.5383844 1.4782515 1.5343648 1.5252343 1.5202738 1.5768806 1.4894255 1.9997118 1.3572921 1.4076035 2.1684109 2.2139264 2.3126721 2.1867822 2.1271243 2.2774087 2.7196600 2.1860301 2.2133979 1.7877208 2.4832055 2.0280065 1.9343036 1.4491630 1.5436470 2.4566734 2.0399268 2.1981713 0.7911024 2.7988749 
Cscu_XM_023353814.1                                      1.2229823 1.3081800 1.2696111 1.4278442 1.4999390 0.8969060 1.7896702 0.9336767 0.9281460 0.8743464 0.0000000 1.3313361 1.4224217 1.3375609 1.3911484 1.0760187 1.4842216 1.6726217 0.9408622 1.7401952 2.1091170 1.9852115 2.3305704 1.1026117 1.3321238 1.3561191 0.9442509 1.1287326 1.3262086 1.3521079 1.4244838 1.7553055 1.6542367 1.3071926 1.3052271 1.7556141 1.3811149 1.3231541 1.4936937 1.4369743 1.4489007 1.4389841 1.4865998 1.5651348 1.5747814 1.6253511 1.3260835 1.3448176 2.1164745 2.0840634 2.2303823 2.3204954 1.9223378 2.1385384 2.3060603 2.0511140 1.6153322 1.4767198 2.1155526 1.5427257 2.1668657 2.4376541 1.8155723 4.4615687 2.5724305 3.0949545 6.4820251 2.7702102 
Sanmal_Sma_021429-T1                                     1.7338940 1.8933728 1.8198748 1.9702422 1.9616393 1.5880102 2.4511337 1.6527407 1.5025988 1.2522355 1.3313361 0.0000000 0.5196856 0.5670556 0.5791349 0.6319729 1.2340634 0.9077707 1.7387027 2.4404649 2.3276703 2.3725925 2.4957502 1.1017096 1.7107180 1.7465369 1.2125320 1.9034905 1.4963569 1.4932712 1.4987775 1.6894385 1.6751002 1.3964942 1.3617779 2.0247929 1.6033222 1.2848083 1.9014265 1.8757781 1.9160371 1.9255375 1.9911175 1.8974889 1.7512240 1.8227109 2.0463932 2.1189720 3.0864961 3.0820940 2.2310911 2.5855507 2.3507114 3.1299208 2.4970682 2.7027961 3.4099442 1.5412131 2.2757446 2.0593801 2.4070787 3.0533766 2.1806897 3.0786427 3.1066127 3.0710471 2.1518904 2.8986881 
Aaur_scaffold877.g6.t2                                   1.6382102 1.7393606 1.6823928 1.8275835 1.9909479 1.5228618 2.1158059 1.6139385 1.4722532 1.3019557 1.4224217 0.5196856 0.0000000 0.3194991 0.3181989 0.6829641 1.1937911 0.8867964 1.6520083 2.1045931 2.2261399 2.3844449 2.3479201 1.0271897 1.6758154 1.7114474 1.2956619 1.8324465 1.3869679 1.3861698 1.4271166 1.4740641 1.5189281 1.4022006 1.3314222 1.6645595 1.6495700 1.3211792 1.9666047 1.9753635 1.9714045 1.9813209 1.9556593 1.9003342 1.7309020 1.7614753 2.0179043 2.1398262 2.9943722 2.9665777 2.4474401 2.8649030 2.3027912 3.1490305 2.6046670 2.7603669 3.2514224 1.7885325 2.3380256 2.1155266 2.3577408 2.9556001 2.0381439 2.5747179 2.5795792 2.6617847 1.8423285 3.2362200 
Nemnom_g10501.t1                                         1.6411130 1.7896780 1.7511352 1.9261943 1.8658088 1.5081102 2.1084199 1.6596941 1.3877520 1.3018470 1.3375609 0.5670556 0.3194991 0.0000000 0.1538340 0.6141249 1.2449897 0.9499210 1.6295682 2.4276950 2.3034221 2.3402361 2.2491787 1.0520469 1.7336294 1.7769834 1.3142473 1.8676583 1.4804948 1.4834795 1.5134195 1.5107215 1.6197156 1.4786496 1.4183186 1.7444662 1.7274062 1.3674434 1.8733897 1.8955750 1.9301378 1.9396833 1.8817090 1.9135916 1.7220007 1.6613394 1.9127875 2.0160074 2.9221133 2.8782666 2.4357690 2.6710981 2.3138001 3.0017650 2.6234980 2.7335421 3.1304701 1.6131493 2.2179716 2.1779810 2.2009636 2.8302851 2.0395724 2.8897948 2.5815729 2.7024195 1.9282800 2.9428736 
Rhoesc_Res_015070-T1                                     1.5909914 1.8236492 1.7185073 1.9080866 1.8433986 1.5140622 1.9271263 1.5979597 1.3788536 1.3130669 1.3911484 0.5791349 0.3181989 0.1538340 0.0000000 0.6269066 1.2207185 0.9251658 1.6603576 2.3786946 2.3513873 2.2916427 2.2817882 0.9965976 1.7345884 1.7777714 1.3193454 1.8374989 1.4078728 1.4433292 1.4711611 1.4468684 1.5789702 1.4373314 1.3663629 1.7527025 1.6115560 1.3017277 1.8631827 1.8752764 1.9011850 1.9106041 1.8998157 1.8596644 1.6584533 1.5872571 1.9457758 1.9607575 2.8843405 2.8521435 2.4022714 2.5935220 2.2951943 3.0153843 2.4712920 2.7233727 3.0631633 1.6672157 2.1609184 2.2012678 2.2441957 2.6645324 1.9585678 2.8442505 2.7268305 2.7138812 2.1255832 2.7589625 
Chem_TCONS_00007263                                      1.2405289 1.2658937 1.2490377 1.5614168 1.5931076 1.0475313 2.4270651 1.3125011 0.9771858 1.1959431 1.0760187 0.6319729 0.6829641 0.6141249 0.6269066 0.0000000 0.5332492 0.6533414 1.2279058 0.0000010 1.8880412 1.8740454 1.9877878 1.0008701 1.1781424 1.2088749 1.3303788 1.2510909 1.1263498 1.1170620 1.1812247 1.4997373 1.4262017 1.0282983 1.0860244 1.4711895 1.1419560 1.1627121 1.3744636 1.3671698 1.4319116 1.4479945 1.3852735 1.4788260 1.4618276 1.7359457 1.3794834 1.4974732 2.4220472 2.3957433 2.5013245 2.4354577 2.3824676 2.3457445 2.6466506 2.2351994 1.0809612 1.6258522 2.3534509 2.1647845 2.0037636 1.4357367 1.7247523 0.0000010 1.3970869 4.1138651 0.0000010 3.7440863 
Hvul_g9248_1                                             1.8783979 1.8596740 1.8155559 1.9457484 2.0507718 1.7925089 2.5611645 1.9089215 1.7303081 1.2603802 1.4842216 1.2340634 1.1937911 1.2449897 1.2207185 0.5332492 0.0000000 1.3616996 1.9904287 3.8036142 2.5615211 2.6086037 2.6635548 1.1498105 1.9322652 1.9473072 1.0999491 1.9741420 1.5250533 1.5923388 1.6423767 1.4276353 1.7719613 1.6490313 1.6068415 1.9962792 1.7627268 1.3285276 2.1693803 2.2238901 2.1392429 2.1503595 2.2868605 2.1448606 1.9669435 1.7804500 2.2895576 2.0161507 3.0880482 3.0910696 2.2541389 2.4646957 2.0836090 3.0639604 2.0037630 2.8143239 2.9239152 1.6130410 2.1582854 2.0061794 2.1742822 3.4361702 2.7944693 4.2590900 3.2860701 3.6479758 3.1554865 3.6588902 
Morvir_scaffold276.g23.t1                                1.8075843 1.7739172 1.7296743 1.9008104 1.5428491 1.6187126 1.7724158 1.7951378 1.5062321 1.3949047 1.6726217 0.9077707 0.8867964 0.9499210 0.9251658 0.6533414 1.3616996 0.0000000 1.7485781 1.9912013 2.4427919 2.5022140 2.5871954 1.4248497 1.8874939 1.9604549 1.1340355 1.9577311 1.4510615 1.4641451 1.4905035 1.8407265 1.6348427 1.4760811 1.3521415 1.8700499 1.4563868 1.2453905 2.0695192 2.0674608 2.0728486 2.0728486 2.1999672 2.1427007 1.9681709 1.8049818 2.1094787 2.1556008 3.1163879 3.1082300 2.9647376 2.9331897 2.3462657 3.1603380 2.6447759 2.9027189 3.6069673 1.5981642 2.2301568 2.4505366 2.4315021 2.2624190 2.2876780 2.3131056 2.7934835 2.8001157 1.7521837 3.3231616 
Spur_XM_030991202.1                                      1.4971092 1.5686264 1.5267011 1.6478679 1.9958731 1.1095980 1.4468802 1.2910375 1.0573066 0.9686641 0.9408622 1.7387027 1.6520083 1.6295682 1.6603576 1.2279058 1.9904287 1.7485781 0.0000000 0.0304215 2.4032114 2.2364415 2.2448003 1.0841067 1.7652444 1.8005149 1.1003715 1.3716940 1.4195972 1.4477393 1.4644589 1.6780420 1.6178257 1.3860254 1.4419755 1.7940166 1.4557168 1.2492544 1.8339742 1.8501745 1.8445684 1.8371490 1.8673766 1.8887328 1.7812553 1.7670412 1.8716300 1.8232143 2.8759691 2.8383692 2.6056086 2.6991003 2.3807267 2.8464481 3.1919114 2.7115555 2.6251103 1.9891781 2.8624117 2.3724751 2.0619510 2.0512347 1.9195896 2.4669280 2.5066076 3.1086938 1.8067887 2.6918059 
Spur_XM_030992207.1                                      2.3687720 2.2878401 2.6080045 2.1373765 1.7513618 1.5646817 1.5039137 2.0796530 1.7265029 2.1457814 1.7401952 2.4404649 2.1045931 2.4276950 2.3786946 0.0000010 3.8036142 1.9912013 0.0304215 0.0000000 3.0994376 3.3941363 2.3534870 0.0000010 2.5843062 2.5843062 0.0000010 2.3957197 1.5571032 1.7221715 1.7563361 0.0000010 1.6565159 1.8392847 1.9475068 1.8839031 2.0399575 0.8099765 2.4467750 2.5313937 2.7051859 2.7051859 2.6491583 2.4976384 2.2975765 0.5934154 3.0213405 2.9623223 5.2632988 5.0682931 0.0000010 0.0000010 0.0000010 4.0789278 0.0000010 4.0627070 4.4728220 0.0000010 0.0000010 0.0000010 0.0000010 2.0496330 2.7220013 2.4063196 2.8502555 3.5618171 2.1322717 5.0390501 
Aque_Aqu2.1.24261_001                                    2.3890737 2.4969454 2.4901766 2.5773530 1.6751585 2.2840823 2.6621021 2.2546859 2.2689192 2.0379743 2.1091170 2.3276703 2.2261399 2.3034221 2.3513873 1.8880412 2.5615211 2.4427919 2.4032114 3.0994376 0.0000000 0.5972072 0.9500041 1.1268002 2.4573207 2.5124821 1.8960153 2.2436846 2.0377323 2.1537199 2.0821543 2.3672567 2.1862921 2.1837864 2.0042197 2.3326028 2.1834501 1.8531437 2.7734041 2.7591092 2.8369239 2.8255313 2.7206939 2.8065124 2.7445961 1.6467160 2.4563633 2.9591823 4.0201897 4.0830211 3.2553554 3.5684381 2.8631962 3.8516627 3.4378630 3.5736565 4.4969909 2.2324487 2.9557259 2.6186027 3.8595418 3.2937272 2.0398618 2.3565133 2.1746295 2.9136722 2.6493165 3.0472133 
Halamb_c53210_g1_i4m.34959                               2.3272887 2.3992367 2.2155311 2.4329696 1.7460581 2.3376860 2.9445001 2.0680718 2.2655834 2.0589663 1.9852115 2.3725925 2.3844449 2.3402361 2.2916427 1.8740454 2.6086037 2.5022140 2.2364415 3.3941363 0.5972072 0.0000000 0.8970710 0.9593363 2.5386270 2.5579164 1.6909800 2.3147576 2.1293878 2.2342327 2.2437506 2.5737052 2.3633228 2.2689213 2.0783688 2.4804696 2.1389003 1.9192350 2.9101487 2.9092028 2.9044996 2.8928636 2.7787644 2.8594600 2.6823053 1.7388357 2.5383439 2.8993123 3.9537397 4.0086267 3.1877845 3.5656343 2.6638563 3.7827399 3.1319564 3.5325039 4.4378019 2.0316589 2.8199292 2.4530932 3.4179765 2.9597430 1.8485106 2.4131336 2.2195830 2.8755072 2.8144446 3.0632221 
Xestes_maker-XT_scaffold1466-augustus-gene-0.20-mRNA-1   2.1579271 2.2042423 2.1157366 2.2509056 1.6673348 2.1390489 2.1008326 2.2363873 2.1554700 2.2247464 2.3305704 2.4957502 2.3479201 2.2491787 2.2817882 1.9877878 2.6635548 2.5871954 2.2448003 2.3534870 0.9500041 0.8970710 0.0000000 2.1124540 2.3501498 2.4201198 1.9601930 2.3913879 1.9687561 2.0404478 2.0001243 2.3416809 2.1879797 2.1921453 1.9710935 2.3862605 2.1642821 1.9738827 2.9505052 2.9354533 3.0441306 3.0318415 2.8426861 2.9784625 2.8909940 1.5697101 2.5654199 2.8668829 3.8296977 3.8248242 3.5744882 3.7059597 3.0172509 3.7097750 3.5532770 3.7183829 3.9822694 2.5762902 3.3827351 3.1023524 3.1048282 2.3104662 1.5946673 1.7433777 1.7480524 2.5444140 2.6801454 3.4683822 
Tetwil_g19328.t1                                         1.1632132 1.2084519 1.1044502 2.4698494 0.3843786 1.3791328 0.0000010 1.6869293 0.9933639 1.0482147 1.1026117 1.1017096 1.0271897 1.0520469 0.9965976 1.0008701 1.1498105 1.4248497 1.0841067 0.0000010 1.1268002 0.9593363 2.1124540 0.0000000 1.1388817 1.2912306 1.1738193 0.9667072 1.2349860 1.2709311 1.2368300 3.7783008 2.1747415 1.2616078 1.1645695 3.3869385 1.4894185 1.3606840 1.0669222 0.7888577 1.0190387 1.0190387 0.6394317 1.1855340 1.0528076 0.8157890 1.2687528 1.5067732 2.4254057 2.4254057 0.0000010 0.0000010 2.1964444 2.1390331 0.0000010 2.0460222 0.0000010 2.0257683 1.8270902 1.6205155 3.0585918 0.0000010 8.9999980 0.0000010 0.0000010 4.3903286 0.0000010 8.9999982 
Opea_EP00118_Oscarella_pearsei_P003682                   1.4219930 1.5335858 1.5129094 1.5829357 1.8823044 1.4964153 2.5137170 1.5852343 1.6224174 1.2083119 1.3321238 1.7107180 1.6758154 1.7336294 1.7345884 1.1781424 1.9322652 1.8874939 1.7652444 2.5843062 2.4573207 2.5386270 2.3501498 1.1388817 0.0000000 0.0000010 0.6696936 1.9484446 1.5205881 1.5206274 1.5132955 1.4586160 1.6773536 1.5300053 1.5013760 1.9136924 1.5850417 1.2874640 1.8975533 1.9481977 1.9515229 1.9436614 1.9836800 1.9139727 1.8152544 1.8325888 1.8249527 2.0088812 3.1458762 3.1631525 2.2841865 2.4371505 2.2252691 3.1359941 2.4476233 3.0156147 3.6658429 1.7270439 2.3792017 1.9626461 2.2746325 2.6886212 2.1935879 2.9398096 2.9269200 2.4753801 2.3169633 3.3987346 
Ocar_g10126                                              1.4158488 1.5394986 1.5129094 1.6114337 1.8823044 1.5101088 2.5137170 1.5931420 1.6336052 1.2248676 1.3561191 1.7465369 1.7114474 1.7769834 1.7777714 1.2088749 1.9473072 1.9604549 1.8005149 2.5843062 2.5124821 2.5579164 2.4201198 1.2912306 0.0000010 0.0000000 0.7335275 1.9700723 1.5498091 1.5329114 1.5255791 1.4586160 1.7209582 1.5472633 1.5228235 1.9652104 1.6222515 1.3042781 1.9202872 1.9401854 1.9693641 1.9614930 1.9753947 1.9538539 1.8352675 1.8325888 1.8127152 2.0362936 3.2216517 3.2195382 2.2841865 2.4371505 2.3494773 3.2146046 2.4476233 3.0952251 3.6658429 1.9226100 2.5913100 2.0687043 2.2746325 2.7184570 2.1808343 2.9398096 2.9269200 2.4595875 2.3169633 3.3987346 
Plajan_Pjan_scaffold19998_01                             1.2053780 1.1379083 1.2584615 1.5560779 1.4352717 1.1275110 7.1775199 1.2424848 0.9918700 1.1601596 0.9442509 1.2125320 1.2956619 1.3142473 1.3193454 1.3303788 1.0999491 1.1340355 1.1003715 0.0000010 1.8960153 1.6909800 1.9601930 1.1738193 0.6696936 0.7335275 0.0000000 1.0990644 1.1516767 1.2318121 1.1928228 1.1798643 1.5559875 1.0392165 1.0742359 1.7027605 1.0805588 1.1099761 1.3342136 1.2920714 1.3292965 1.3292965 1.3416763 1.3603700 1.2430487 2.0061275 1.2080620 1.3466382 2.5084352 2.4832026 2.6019981 2.5084008 2.6559013 2.4625653 2.4768415 2.2621697 0.0000010 1.9485073 2.6767700 2.3841902 2.3518880 1.8890013 1.5997633 0.0000010 1.3970869 4.1591359 0.0000010 3.0965876 
Hsap_ENST00000261250                                     1.7660472 1.8233237 1.7622353 1.8969028 2.0127214 1.3992492 1.9123999 1.3362227 1.1864961 1.1626033 1.1287326 1.9034905 1.8324465 1.8676583 1.8374989 1.2510909 1.9741420 1.9577311 1.3716940 2.3957197 2.2436846 2.3147576 2.3913879 0.9667072 1.9484446 1.9700723 1.0990644 0.0000000 1.6229983 1.7169871 1.7198969 1.3821186 1.8742496 1.7543244 1.6741387 2.1448228 1.7539472 1.4254601 2.1397092 2.1838037 2.1588989 2.1503298 2.1190586 2.2633457 2.1066827 2.1230245 1.8786020 1.7513729 3.0993198 3.0600998 2.3868359 2.6989433 2.2478826 3.0779778 2.6085717 3.0484824 3.2325086 1.5196761 2.6089302 2.0007741 2.5951204 3.0530821 2.1735857 2.3956828 2.3893410 3.1512954 2.2872405 3.2356960 
Fspp_ffun1.m4.19133.m1                                   1.4989157 1.5517277 1.5037689 1.6664853 1.7401087 1.3320260 1.8182814 1.4153214 1.2878004 1.1180281 1.3262086 1.4963569 1.3869679 1.4804948 1.4078728 1.1263498 1.5250533 1.4510615 1.4195972 1.5571032 2.0377323 2.1293878 1.9687561 1.2349860 1.5205881 1.5498091 1.1516767 1.6229983 0.0000000 0.1584354 0.1562069 0.1966477 0.1714969 0.6357085 0.6852061 0.5277491 1.1313117 0.8834821 1.7434939 1.7325847 1.7418563 1.7346762 1.6909669 1.7060193 1.5666770 1.5114739 1.9246673 1.8912174 2.9759455 2.8937461 1.9985292 2.2034458 1.9432830 2.8286053 2.2313408 2.4927314 2.8740983 1.8298736 2.1508150 1.9790827 2.1264132 2.8454871 1.7749890 2.2589842 1.9792069 2.6404957 2.1380914 3.0027935 
Spis_XP_022790832_1                                      1.5408200 1.5402897 1.5002614 1.6781517 1.6768436 1.3598648 2.0479223 1.4041581 1.2899762 1.0994412 1.3521079 1.4932712 1.3861698 1.4834795 1.4433292 1.1170620 1.5923388 1.4641451 1.4477393 1.7221715 2.1537199 2.2342327 2.0404478 1.2709311 1.5206274 1.5329114 1.2318121 1.7169871 0.1584354 0.0000000 0.0772980 0.1883527 0.2230425 0.7164740 0.7068264 0.4878764 1.1627540 0.9142164 1.7114768 1.7467832 1.7359703 1.7288518 1.7286859 1.6829817 1.5358019 1.5441777 2.0457333 1.8729582 3.0371034 2.9580616 2.1888804 2.3397167 2.0239532 2.8687872 2.2250082 2.6346666 2.9001231 1.8997693 2.2725094 2.0302151 2.1218730 3.1852800 1.8307937 2.3600069 2.0806095 2.6387798 2.2360228 2.9498317 
Pocdam_XM_027186482.1                                    1.5498783 1.6113615 1.5410658 1.7137871 1.7227265 1.3753875 2.0708323 1.3751126 1.3189834 1.1210055 1.4244838 1.4987775 1.4271166 1.5134195 1.4711611 1.1812247 1.6423767 1.4905035 1.4644589 1.7563361 2.0821543 2.2437506 2.0001243 1.2368300 1.5132955 1.5255791 1.1928228 1.7198969 0.1562069 0.0772980 0.0000000 0.2463147 0.2147238 0.6998072 0.7009560 0.5096713 1.1326279 0.9058577 1.6867955 1.7168168 1.6999131 1.6929576 1.6706020 1.6391383 1.5167060 1.5624756 2.0314130 1.9054703 3.0301957 2.9458596 2.0642763 2.2520795 2.0531770 2.9018745 2.3104974 2.6367384 2.9608353 1.9321202 2.2457853 2.0780733 2.1018584 3.1302270 1.8396127 2.2889474 2.0843648 2.5356089 2.2462408 3.2736162 
Gfas_gfas1.m1.22881.m1                                   1.5937474 1.6428574 1.6892375 1.6450030 4.3407844 1.2760178 0.0000010 1.2240868 1.4918367 1.1914152 1.7553055 1.6894385 1.4740641 1.5107215 1.4468684 1.4997373 1.4276353 1.8407265 1.6780420 0.0000010 2.3672567 2.5737052 2.3416809 3.7783008 1.4586160 1.4586160 1.1798643 1.3821186 0.1966477 0.1883527 0.2463147 0.0000000 0.2049643 0.6780209 0.7648067 0.3732484 1.1227917 1.1437528 1.8883133 1.9708609 2.0061649 1.9837660 1.9096366 1.8296376 1.8296376 3.2832283 2.2980273 2.0458885 2.6335499 2.5314065 1.5033394 1.9933461 1.4055119 2.1329849 0.9724198 2.1970107 2.1630294 6.2398594 7.1119590 1.7634590 1.9239608 1.5150246 1.2521190 0.0000010 1.9296577 1.8864004 0.9419407 5.0855644 
Gasp_gasp1.m3.26507.m1                                   1.6210567 1.7132842 1.6528440 1.7516164 1.7736258 1.4884434 1.9383853 1.5377775 1.4863717 1.2794362 1.6542367 1.6751002 1.5189281 1.6197156 1.5789702 1.4262017 1.7719613 1.6348427 1.6178257 1.6565159 2.1862921 2.3633228 2.1879797 2.1747415 1.6773536 1.7209582 1.5559875 1.8742496 0.1714969 0.2230425 0.2147238 0.2049643 0.0000000 0.7635753 0.8307660 0.4812045 1.2733985 1.0812269 1.9438715 1.9187664 1.9484684 1.9406140 1.8237565 1.9130259 1.7842288 1.5321112 2.0649067 2.1307279 3.3003521 3.2128128 2.0882563 2.2803424 2.3082730 3.0369419 2.2392325 2.8033806 2.8348364 2.7034219 3.0714312 2.2860819 2.1406817 2.9540708 1.9430955 2.3938303 2.1275178 2.9075830 2.0520568 3.4963001 
Nvec_NVE2208                                             1.5245401 1.6151015 1.6265352 1.6967066 1.8314372 1.3505496 2.2192238 1.4757386 1.3529799 1.0683285 1.3071926 1.3964942 1.4022006 1.4786496 1.4373314 1.0282983 1.6490313 1.4760811 1.3860254 1.8392847 2.1837864 2.2689213 2.1921453 1.2616078 1.5300053 1.5472633 1.0392165 1.7543244 0.6357085 0.7164740 0.6998072 0.6780209 0.7635753 0.0000000 0.4512864 1.0765899 1.0108591 0.8428690 1.7606324 1.7557632 1.7644322 1.7695122 1.7567786 1.7059547 1.5820277 1.6331553 2.0756632 1.9758703 2.9903092 3.0169306 2.2703495 2.3729223 2.2481270 2.9870252 2.4742898 2.6730398 2.9627421 2.0228509 2.4099491 2.1757138 2.3771637 2.4370021 1.9325503 2.5546121 2.4592045 2.8507905 2.2560536 2.9621441 
Exapal_XM_028658823.1                                    1.5085777 1.6194450 1.5830881 1.7156581 1.8456633 1.4175773 2.3099897 1.4852031 1.3621833 1.0758495 1.3052271 1.3617779 1.3314222 1.4183186 1.3663629 1.0860244 1.6068415 1.3521415 1.4419755 1.9475068 2.0042197 2.0783688 1.9710935 1.1645695 1.5013760 1.5228235 1.0742359 1.6741387 0.6852061 0.7068264 0.7009560 0.7648067 0.8307660 0.4512864 0.0000000 1.2089573 1.0741567 0.8723835 1.7790538 1.7689628 1.7872086 1.7797672 1.7838491 1.8156532 1.6457679 1.7410584 2.0309501 1.8701707 2.8377372 2.8389674 2.0296069 2.2153986 2.1804890 2.8342302 2.4034244 2.5035123 2.8949056 2.0931421 2.4754858 2.0088471 2.4145155 2.3870540 1.9675900 2.5559007 2.2713834 2.5542404 2.0514609 3.0664914 
Amil_Amillepora13143-RA                                  2.0456178 1.8654643 1.9279818 2.1084541 2.0862789 1.7652082 2.1441216 1.7137221 1.5208559 1.3946788 1.7556141 2.0247929 1.6645595 1.7444662 1.7527025 1.4711895 1.9962792 1.8700499 1.7940166 1.8839031 2.3326028 2.4804696 2.3862605 3.3869385 1.9136924 1.9652104 1.7027605 2.1448228 0.5277491 0.4878764 0.5096713 0.3732484 0.4812045 1.0765899 1.2089573 0.0000000 1.6055087 1.3402343 2.2354993 2.1723634 2.2066310 2.2066310 2.0973044 2.2113809 2.1186413 1.7857977 2.3938304 2.3238026 3.7129550 3.6620087 1.7138100 2.3004214 2.4802937 3.5227313 1.7405384 3.6384116 3.8386061 3.6145209 3.8662643 2.6735203 2.5490179 3.0276085 2.0629287 2.4091914 1.9662641 3.0197156 2.1838451 3.0917051 
Dgig_XM_028551760.1                                      1.5590390 1.6020533 1.6875636 1.7238712 1.7297343 1.4262870 2.1276296 1.5047726 1.3401756 1.1350106 1.3811149 1.6033222 1.6495700 1.7274062 1.6115560 1.1419560 1.7627268 1.4563868 1.4557168 2.0399575 2.1834501 2.1389003 2.1642821 1.4894185 1.5850417 1.6222515 1.0805588 1.7539472 1.1313117 1.1627540 1.1326279 1.1227917 1.2733985 1.0108591 1.0741567 1.6055087 0.0000000 0.2197351 2.0393319 2.0076955 2.0602040 2.0517970 2.0003337 2.0080864 1.8682334 1.8312981 1.9793938 1.9237883 2.9968559 2.9691540 2.0787194 2.6708061 2.1290917 3.2679848 2.6134769 2.7650971 3.6211245 1.8046186 2.3397500 2.0598694 2.0665012 1.0065925 1.9968399 2.7148592 2.3350529 2.7791406 2.4743200 2.9362174 
Xesp_023073-T1                                           1.3054155 1.3203940 1.3596571 1.4571778 1.7477055 1.2924264 0.9588792 1.2861352 1.1689281 1.1647182 1.3231541 1.2848083 1.3211792 1.3674434 1.3017277 1.1627121 1.3285276 1.2453905 1.2492544 0.8099765 1.8531437 1.9192350 1.9738827 1.3606840 1.2874640 1.3042781 1.1099761 1.4254601 0.8834821 0.9142164 0.9058577 1.1437528 1.0812269 0.8428690 0.8723835 1.3402343 0.2197351 0.0000000 1.4854482 1.4614503 1.4918214 1.4832196 1.4706655 1.4844611 1.4296604 1.7699744 1.5703641 1.8105546 2.4138233 2.3679508 2.3251881 2.6915221 2.2874039 2.7434755 2.9105175 2.4034776 2.7635081 1.8319771 2.5816567 2.2669028 2.0190876 1.7021738 1.5577410 1.2189792 2.1234910 1.8293008 1.3971644 3.0490258 
HoiH23_PlH23_010509-RA                                   1.7916990 2.0045194 1.9890267 2.0831859 1.9388762 1.9339324 2.1855213 1.8148681 1.6307334 1.5383844 1.4936937 1.9014265 1.9666047 1.8733897 1.8631827 1.3744636 2.1693803 2.0695192 1.8339742 2.4467750 2.7734041 2.9101487 2.9505052 1.0669222 1.8975533 1.9202872 1.3342136 2.1397092 1.7434939 1.7114768 1.6867955 1.8883133 1.9438715 1.7606324 1.7790538 2.2354993 2.0393319 1.4854482 0.0000000 0.0318698 0.1130263 0.1153416 0.1431467 0.2802627 0.2867504 1.4932657 2.2564288 2.2369618 3.1821689 3.1986056 2.3305886 2.5434880 2.4040680 3.0841187 2.5454441 2.6654527 3.2788399 2.0270106 2.5817370 2.0269449 2.3613683 3.0235698 2.8394839 3.6425724 3.8385277 3.5813282 2.9371834 3.4888766 
HoiH06_mRNA5336                                          1.8516450 2.0520805 2.0299802 2.0622565 1.9520655 1.9366223 2.2564497 1.8041943 1.6464957 1.4782515 1.4369743 1.8757781 1.9753635 1.8955750 1.8752764 1.3671698 2.2238901 2.0674608 1.8501745 2.5313937 2.7591092 2.9092028 2.9354533 0.7888577 1.9481977 1.9401854 1.2920714 2.1838037 1.7325847 1.7467832 1.7168168 1.9708609 1.9187664 1.7557632 1.7689628 2.1723634 2.0076955 1.4614503 0.0318698 0.0000000 0.0932893 0.0955970 0.1366793 0.2785302 0.2897157 1.4891866 2.2602019 2.2260167 3.1470333 3.1695995 2.3965724 2.6113590 2.3026602 3.0448942 2.6015089 2.6479369 3.3375928 1.8059284 2.4063578 1.9407071 2.3696305 3.1894631 2.8396545 3.6378115 3.9081791 3.6438946 3.0398348 3.6201463 
Hhon_g05136.t1                                           1.8908139 2.0435398 2.0248044 2.1331093 1.9342150 1.8716826 2.3509212 1.8435240 1.6886497 1.5343648 1.4489007 1.9160371 1.9714045 1.9301378 1.9011850 1.4319116 2.1392429 2.0728486 1.8445684 2.7051859 2.8369239 2.9044996 3.0441306 1.0190387 1.9515229 1.9693641 1.3292965 2.1588989 1.7418563 1.7359703 1.6999131 2.0061649 1.9484684 1.7644322 1.7872086 2.2066310 2.0602040 1.4918214 0.1130263 0.0932893 0.0000000 0.0018806 0.1446091 0.2982590 0.3027636 1.5042112 2.2119952 2.2922682 3.2546866 3.2779886 2.3515237 2.6106242 2.4140364 3.0036757 2.5767190 2.6561247 3.2588506 2.0765136 2.6572661 2.0855861 2.4618594 3.1275970 2.8714280 3.7508788 3.7838695 3.6885830 2.8991834 3.9381291 
HoiH04_mRNA6271                                          1.8828636 2.0350357 2.0164227 2.1244267 1.9342150 1.8638908 2.3509212 1.8356185 1.6974648 1.5252343 1.4389841 1.9255375 1.9813209 1.9396833 1.9106041 1.4479945 2.1503595 2.0728486 1.8371490 2.7051859 2.8255313 2.8928636 3.0318415 1.0190387 1.9436614 1.9614930 1.3292965 2.1503298 1.7346762 1.7288518 1.6929576 1.9837660 1.9406140 1.7695122 1.7797672 2.2066310 2.0517970 1.4832196 0.1153416 0.0955970 0.0018806 0.0000000 0.1471526 0.3012446 0.3060400 1.5042112 2.2237456 2.2812130 3.2410446 3.2642047 2.3445588 2.6055388 2.3941998 2.9911166 2.5767190 2.6445368 3.2204340 2.0765136 2.6572661 2.0824111 2.4998207 3.1275970 2.8836204 3.7508788 3.7838695 3.6885830 2.8991834 3.9381291 
HoiH11_mRNA3344                                          1.8931813 2.0622124 2.0197638 1.9864858 1.9532488 1.8198357 2.1531118 1.7990665 1.6432613 1.5202738 1.4865998 1.9911175 1.9556593 1.8817090 1.8998157 1.3852735 2.2868605 2.1999672 1.8673766 2.6491583 2.7206939 2.7787644 2.8426861 0.6394317 1.9836800 1.9753947 1.3416763 2.1190586 1.6909669 1.7286859 1.6706020 1.9096366 1.8237565 1.7567786 1.7838491 2.0973044 2.0003337 1.4706655 0.1431467 0.1366793 0.1446091 0.1471526 0.0000000 0.2931511 0.3059715 1.5310763 2.2606324 2.2793105 3.2097176 3.2389553 2.3679052 2.6119317 2.3143285 3.0351830 2.4902300 2.6648459 3.3117453 1.8427292 2.6565423 1.9428611 2.3830180 2.7649274 2.7119563 3.6759552 3.9850167 3.6515334 2.8501734 3.3948128 
TrH2_TrispH2_010169-RA                                   1.8961789 2.0089456 2.0611312 2.1125560 2.1343611 1.9349451 2.2854070 1.9376630 1.7156992 1.5768806 1.5651348 1.8974889 1.9003342 1.9135916 1.8596644 1.4788260 2.1448606 2.1427007 1.8887328 2.4976384 2.8065124 2.8594600 2.9784625 1.1855340 1.9139727 1.9538539 1.3603700 2.2633457 1.7060193 1.6829817 1.6391383 1.8296376 1.9130259 1.7059547 1.8156532 2.2113809 2.0080864 1.4844611 0.2802627 0.2785302 0.2982590 0.3012446 0.2931511 0.0000000 0.0020441 1.5252072 2.2907558 2.2755689 3.1505350 3.1816932 2.4117823 2.5990475 2.4746482 3.0708696 2.6023903 2.6819899 3.0628594 2.1687295 2.7946390 2.0647578 2.3391830 2.9828709 2.7732500 3.4600486 4.1304657 3.3889471 2.7663008 4.0695416 
Tadh_TriadT2109                                          1.8965262 1.9638526 1.9547761 2.0835220 2.1792608 1.8394116 2.0810198 1.8336834 1.6773205 1.4894255 1.5747814 1.7512240 1.7309020 1.7220007 1.6584533 1.4618276 1.9669435 1.9681709 1.7812553 2.2975765 2.7445961 2.6823053 2.8909940 1.0528076 1.8152544 1.8352675 1.2430487 2.1066827 1.5666770 1.5358019 1.5167060 1.8296376 1.7842288 1.5820277 1.6457679 2.1186413 1.8682334 1.4296604 0.2867504 0.2897157 0.3027636 0.3060400 0.3059715 0.0020441 0.0000000 1.5391947 2.2367575 2.2623329 3.0771301 3.0592415 2.3520383 2.5689828 2.3985150 2.9982119 2.5547427 2.6640952 3.0633302 2.0785073 2.6558174 1.9769981 2.3318297 2.7023934 2.5683683 3.0597351 3.9331716 3.1956185 2.7445759 4.1872583 
Spolac_c88294_g2_i1_m.4917c87499-g1                      1.4684326 1.6327732 1.5179005 1.6598997 1.1131179 1.9487158 1.1036379 1.8718825 1.5566644 1.9997118 1.6253511 1.8227109 1.7614753 1.6613394 1.5872571 1.7359457 1.7804500 1.8049818 1.7670412 0.5934154 1.6467160 1.7388357 1.5697101 0.8157890 1.8325888 1.8325888 2.0061275 2.1230245 1.5114739 1.5441777 1.5624756 3.2832283 1.5321112 1.6331553 1.7410584 1.7857977 1.8312981 1.7699744 1.4932657 1.4891866 1.5042112 1.5042112 1.5310763 1.5252072 1.5391947 0.0000000 1.6065026 1.7994937 2.2890981 2.2809266 5.2279521 4.5340006 2.5905527 2.6091474 2.9201120 2.3237102 2.8879271 1.2931702 1.8760295 2.3909567 2.6468771 5.1436592 3.7518947 1.1426857 2.1043042 4.1021192 3.9928780 1.2924705 
Tcas_TC004122_001                                        1.7916908 1.9212124 1.8111847 1.9222511 1.9013201 1.7528342 2.2444166 1.8047034 1.8322654 1.3572921 1.3260835 2.0463932 2.0179043 1.9127875 1.9457758 1.3794834 2.2895576 2.1094787 1.8716300 3.0213405 2.4563633 2.5383439 2.5654199 1.2687528 1.8249527 1.8127152 1.2080620 1.8786020 1.9246673 2.0457333 2.0314130 2.2980273 2.0649067 2.0756632 2.0309501 2.3938304 1.9793938 1.5703641 2.2564288 2.2602019 2.2119952 2.2237456 2.2606324 2.2907558 2.2367575 1.6065026 0.0000000 1.5525976 3.0190947 3.0050092 2.5849535 2.8282787 1.9801676 2.9142354 2.5444039 3.1427518 3.5253582 1.5681002 2.1068424 1.7845939 2.6949073 3.7225919 2.4705947 3.5233340 3.2851915 3.2175304 2.4539033 2.7058734 
Dpul_mRNA18874                                           1.7379312 1.9705950 1.8439077 2.1181425 1.9273338 1.5919085 1.5871461 1.6109712 1.8881321 1.4076035 1.3448176 2.1189720 2.1398262 2.0160074 1.9607575 1.4974732 2.0161507 2.1556008 1.8232143 2.9623223 2.9591823 2.8993123 2.8668829 1.5067732 2.0088812 2.0362936 1.3466382 1.7513729 1.8912174 1.8729582 1.9054703 2.0458885 2.1307279 1.9758703 1.8701707 2.3238026 1.9237883 1.8105546 2.2369618 2.2260167 2.2922682 2.2812130 2.2793105 2.2755689 2.2623329 1.7994937 1.5525976 0.0000000 2.7609198 2.7923903 2.8175112 3.1047867 2.1468914 2.8240678 2.7240395 2.6762455 3.6500929 1.4348595 2.0048362 1.8775136 2.9246912 3.5221538 2.8848643 3.6843135 3.6606138 3.4940228 2.0561028 2.8465066 
Pbac_sb2664964                                           2.8246753 2.9346956 2.8268440 2.8678869 2.9652973 2.7845806 4.0550609 2.9699336 2.9482913 2.1684109 2.1164745 3.0864961 2.9943722 2.9221133 2.8843405 2.4220472 3.0880482 3.1163879 2.8759691 5.2632988 4.0201897 3.9537397 3.8296977 2.4254057 3.1458762 3.2216517 2.5084352 3.0993198 2.9759455 3.0371034 3.0301957 2.6335499 3.3003521 2.9903092 2.8377372 3.7129550 2.9968559 2.4138233 3.1821689 3.1470333 3.2546866 3.2410446 3.2097176 3.1505350 3.0771301 2.2890981 3.0190947 2.7609198 0.0000000 0.0277613 0.4804591 0.5204509 0.3932561 0.6052214 0.4297847 0.7501534 0.7198057 0.4594361 0.6183256 0.8101030 0.9389349 4.8864305 3.7401234 5.6446054 5.3951401 5.7633077 4.9994508 3.7435315 
Horcal_Hcv1.av93.c3.g1351.i1                             2.8161677 2.9129914 2.8183563 2.8705005 2.9930514 2.7342760 3.9653412 2.9835213 2.9519887 2.2139264 2.0840634 3.0820940 2.9665777 2.8782666 2.8521435 2.3957433 3.0910696 3.1082300 2.8383692 5.0682931 4.0830211 4.0086267 3.8248242 2.4254057 3.1631525 3.2195382 2.4832026 3.0600998 2.8937461 2.9580616 2.9458596 2.5314065 3.2128128 3.0169306 2.8389674 3.6620087 2.9691540 2.3679508 3.1986056 3.1695995 3.2779886 3.2642047 3.2389553 3.1816932 3.0592415 2.2809266 3.0050092 2.7923903 0.0277613 0.0000000 0.4516287 0.5082397 0.3858144 0.5938533 0.4120442 0.7602910 0.7291398 0.4472133 0.6181019 0.8088210 0.9342353 5.1739246 3.8542760 5.3911839 5.2568847 5.8575266 5.1447535 3.8378432 
Bolinf_Binf_sb1177178                                    2.2367901 2.5461353 2.5799350 2.1246910 7.1386537 1.8680645 0.0000010 2.5722318 2.5490661 2.3126721 2.2303823 2.2310911 2.4474401 2.4357690 2.4022714 2.5013245 2.2541389 2.9647376 2.6056086 0.0000010 3.2553554 3.1877845 3.5744882 0.0000010 2.2841865 2.2841865 2.6019981 2.3868359 1.9985292 2.1888804 2.0642763 1.5033394 2.0882563 2.2703495 2.0296069 1.7138100 2.0787194 2.3251881 2.3305886 2.3965724 2.3515237 2.3445588 2.3679052 2.4117823 2.3520383 5.2279521 2.5849535 2.8175112 0.4804591 0.4516287 0.0000000 0.0319221 0.1802790 0.2322014 0.1869111 0.3037805 0.5141588 0.0000010 0.4933538 0.4117691 0.8577650 0.6997482 2.6238560 0.0000010 6.0684356 4.3566768 0.0000010 4.4378570 
Mertsp_Mesp_sb557464                                     2.5181580 2.6094969 2.8533954 2.3926703 6.1175132 2.0517777 0.0000010 2.4648655 2.5854471 2.1867822 2.3204954 2.5855507 2.8649030 2.6710981 2.5935220 2.4354577 2.4646957 2.9331897 2.6991003 0.0000010 3.5684381 3.5656343 3.7059597 0.0000010 2.4371505 2.4371505 2.5084008 2.6989433 2.2034458 2.3397167 2.2520795 1.9933461 2.2803424 2.3729223 2.2153986 2.3004214 2.6708061 2.6915221 2.5434880 2.6113590 2.6106242 2.6055388 2.6119317 2.5990475 2.5689828 4.5340006 2.8282787 3.1047867 0.5204509 0.5082397 0.0319221 0.0000000 0.1769899 0.1948703 0.1816126 0.2797628 0.2121417 0.0000010 0.4300810 0.4580574 0.6983846 0.6997482 2.6291672 0.0000010 3.8847158 3.1417535 3.1418420 4.0193339 
Bolinf_Binf_sb1248141                                    2.2467718 2.3830877 2.3808600 2.4278565 2.4806079 2.0008597 4.5939423 2.2829188 2.0841645 2.1271243 1.9223378 2.3507114 2.3027912 2.3138001 2.2951943 2.3824676 2.0836090 2.3462657 2.3807267 0.0000010 2.8631962 2.6638563 3.0172509 2.1964444 2.2252691 2.3494773 2.6559013 2.2478826 1.9432830 2.0239532 2.0531770 1.4055119 2.3082730 2.2481270 2.1804890 2.4802937 2.1290917 2.2874039 2.4040680 2.3026602 2.4140364 2.3941998 2.3143285 2.4746482 2.3985150 2.5905527 1.9801676 2.1468914 0.3932561 0.3858144 0.1802790 0.1769899 0.0000000 0.1195644 0.1376609 0.3709114 0.0000010 0.3408837 0.5267121 0.6519509 1.2057125 1.0977356 2.7310134 0.0000010 5.0334287 4.7074843 0.0000010 4.6747413 
Mlei_ML0708.g9.i1                                        2.8935314 3.0201129 3.0920220 2.9787126 3.1271938 2.5567142 3.6122996 2.8255412 2.8516192 2.2774087 2.1385384 3.1299208 3.1490305 3.0017650 3.0153843 2.3457445 3.0639604 3.1603380 2.8464481 4.0789278 3.8516627 3.7827399 3.7097750 2.1390331 3.1359941 3.2146046 2.4625653 3.0779778 2.8286053 2.8687872 2.9018745 2.1329849 3.0369419 2.9870252 2.8342302 3.5227313 3.2679848 2.7434755 3.0841187 3.0448942 3.0036757 2.9911166 3.0351830 3.0708696 2.9982119 2.6091474 2.9142354 2.8240678 0.6052214 0.5938533 0.2322014 0.1948703 0.1195644 0.0000000 0.0000010 0.4886532 0.1303712 0.3533918 0.5337192 0.6634963 0.8718161 4.7255793 3.6802701 5.1816760 5.1761804 5.1460125 4.4570525 4.9341999 
