81
Lcom_lcpid78645                                        0.0000000 0.1937583 0.2171371 0.2341683 0.8009721 0.7903396 0.7885779 0.8377141 0.7214091 0.7004167 0.6969645 0.6536191 0.6464531 0.6634576 0.6499524 0.8784637 0.6963521 0.6313253 0.8253600 0.6557214 0.3957824 0.7701941 0.7314405 0.7029599 0.7223663 0.7776477 0.4690872 0.6746874 0.6491208 0.3234736 0.7896073 0.7255716 0.6990667 0.5925040 0.7908769 0.7119878 0.7573572 0.8942047 0.8890746 0.7786447 0.7007339 0.7731654 0.9009441 0.9429664 0.8314676 0.8155850 0.8345028 0.7894661 0.7905550 0.7835384 0.7918608 0.8066312 0.8410012 0.8928752 0.8915965 0.8837489 0.8837489 0.9582303 0.8947064 0.9028537 0.9857813 1.0283950 0.8393563 0.8511661 0.8868941 0.8893949 0.9193330 0.9263189 0.9997909 0.9583068 0.9970420 0.8207939 0.9522891 0.9593034 0.8893210 0.9714030 1.0777503 0.9895497 0.9915031 0.5623941 0.6789490 
Leuniv_Lniv_C811060_01                                 0.1937583 0.0000000 0.2040878 0.2546805 0.7851325 0.7921867 0.7706243 0.8729687 0.6678295 0.7010841 0.6958365 0.7015900 0.7074521 0.6783445 0.6632824 0.8443892 0.6475603 0.6291781 0.7808148 0.6389868 0.3797069 0.6958433 0.7311165 0.7047989 0.7319319 0.7460074 0.4427483 0.6645523 0.6773685 0.3297277 0.7391168 0.7491050 0.7284278 0.6063637 0.7766182 0.6865369 0.7244572 0.8850459 0.8625511 0.8129969 0.7485317 0.8257541 0.9800555 0.9316030 0.8771883 0.7383696 0.7557766 0.7275607 0.7370888 0.7326193 0.7262562 0.7339329 0.8845482 0.8998554 0.8985827 0.8904874 0.8904874 0.9936943 0.8907706 0.8988327 1.0073616 1.0513908 0.8895491 0.9027772 0.8698951 0.8930639 0.9396520 0.9468104 1.0057007 0.9472404 0.9965199 0.7893579 0.9556876 0.9627241 0.9030802 0.9769909 1.0883001 0.9729153 0.9890474 0.5606792 0.6681219 
Scil_scict017985.1                                     0.2171371 0.2040878 0.0000000 0.1951251 0.8072319 0.8102907 0.8042449 0.8609575 0.6491100 0.6936067 0.6883614 0.6615080 0.6655460 0.6686638 0.6351933 0.7721197 0.6815836 0.6805654 0.8369272 0.6828149 0.4452110 0.7255098 0.7545483 0.7421055 0.7540596 0.7854723 0.5048535 0.6634686 0.7338448 0.3377478 0.7644741 0.7267520 0.6935182 0.6212128 0.7831954 0.7019419 0.7313949 0.8954100 0.8738611 0.8150315 0.7225758 0.8142029 0.9256940 0.8946126 0.8070673 0.8226750 0.8599011 0.8086930 0.8259187 0.8115436 0.7929187 0.8014342 0.8396314 0.8855812 0.8896842 0.8718921 0.8718921 0.9352260 0.8819537 0.9000768 1.0392729 1.0863249 0.8590254 0.8763301 0.8430851 0.8869050 0.9350053 0.9491604 0.9937845 0.9726516 1.0674581 0.7792015 0.9305855 0.9375721 0.9030580 0.9731996 1.0754721 0.9595951 0.9816717 0.6083282 0.7236590 
Gracom_Gcom_C553614_01                                 0.2341683 0.2546805 0.1951251 0.0000000 0.8055262 0.7985627 0.7919276 0.8382204 0.6500382 0.7096777 0.7086227 0.6897856 0.6989686 0.7043704 0.6691298 0.8270204 0.6894158 0.6885211 0.7779114 0.7264111 0.4994300 0.7685138 0.7723977 0.7563298 0.8089598 0.8213128 0.5595336 0.7287627 0.7428648 0.3884346 0.8002696 0.7315979 0.7325391 0.6325454 0.7766095 0.7101044 0.7638381 0.9348201 0.9256742 0.8305319 0.7535574 0.8219922 0.9162815 0.8576411 0.8586788 0.7723116 0.7966999 0.7712205 0.7770071 0.7854385 0.7962448 0.8109387 0.8948982 0.9157109 0.9199870 0.9097413 0.9097413 0.9753937 0.9221705 0.9327019 1.0483401 1.0833171 0.8821906 0.8913091 0.9079861 0.9140724 0.9492030 0.9565214 0.9849071 0.9881214 1.0440830 0.8370402 0.9354641 0.9424434 0.9047106 0.9988467 1.1146355 0.9992186 1.0039244 0.6339871 0.7491316 
Sanmal_Sma_001675-T1                                   0.8009721 0.7851325 0.8072319 0.8055262 0.0000000 0.2092648 0.2453947 0.7586922 0.6860134 0.5476671 0.5423701 0.5426715 0.5265571 0.4991411 0.5109624 0.5989034 0.5529587 0.5797533 0.8627654 0.5724309 0.3640688 0.6874687 0.6384367 0.6232648 0.6705653 0.6174969 0.4286304 0.6359886 0.6347823 0.5636026 0.6161178 0.6181214 0.6583308 0.5267572 0.4564202 0.5569659 0.5806377 0.7438822 0.7221702 0.4836219 0.7250990 0.6604653 0.7582567 0.8306156 0.7800558 0.7335678 0.7544693 0.7445839 0.7616274 0.7503366 0.7356301 0.7446281 0.8498240 0.8764856 0.8804468 0.8739797 0.8739797 0.9044039 0.8944045 0.9015096 1.0125417 1.0395957 0.8885674 0.8861340 0.8951118 0.8841243 0.9347565 0.9410548 0.9519023 0.9818848 1.0568888 0.7963514 0.8630139 0.8679753 0.8858036 0.9149919 0.9768385 0.8737672 0.8984349 0.8775601 0.5979678 
Rhoesc_Res_008109-T1                                   0.7903396 0.7921867 0.8102907 0.7985627 0.2092648 0.0000000 0.0748960 0.7613843 0.7331560 0.5409838 0.5357236 0.5425980 0.5263142 0.5111029 0.5093782 0.6382613 0.5766573 0.6232642 0.9172199 0.5896474 0.3947452 0.7184790 0.6618195 0.6601461 0.6683749 0.6517582 0.3855092 0.6033503 0.6127079 0.4926455 0.5848038 0.6384156 0.7335748 0.6257642 0.4623563 0.6073742 0.6484225 0.7793601 0.7513545 0.4967334 0.7592050 0.6784307 0.7676983 0.8250989 0.7595286 0.6682779 0.7090081 0.6721269 0.6945320 0.6853310 0.6924400 0.7067205 0.8384476 0.8961513 0.9002586 0.9025674 0.9025674 0.9585248 0.9208807 0.9189911 1.0990014 1.1316946 0.9028727 0.8911359 0.9114547 0.8994052 0.9590504 0.9650930 1.0003296 0.9906997 1.0897983 0.7931142 0.8954521 0.9019645 0.9085295 0.9262826 1.0247760 0.9207452 0.9429935 0.8826129 0.6502518 
Nemnom_g3302.t1                                        0.7885779 0.7706243 0.8042449 0.7919276 0.2453947 0.0748960 0.0000000 0.7944491 0.7730404 0.5368778 0.5373510 0.5620877 0.5450204 0.5154469 0.5103861 0.6664647 0.5752887 0.6257947 0.8512693 0.6017008 0.3819106 0.7043495 0.6596621 0.6598079 0.6834519 0.6733953 0.3591093 0.6143799 0.6233270 0.4949765 0.5976583 0.6637724 0.7574876 0.6329645 0.4757669 0.6156198 0.6502222 0.7585964 0.7451696 0.5069779 0.8055225 0.6749529 0.7783463 0.8211322 0.7609869 0.6894549 0.7306405 0.7001052 0.7236016 0.7090885 0.7068364 0.7171269 0.8467641 0.9105866 0.9147589 0.9167354 0.9167354 0.9975653 0.9309872 0.9293369 1.1176981 1.1516317 0.9293273 0.9179908 0.9283100 0.8959690 0.9562493 0.9623027 1.0040357 0.9863508 1.0743266 0.7931489 0.9065681 0.9131490 0.9348116 0.9523209 1.0859223 0.9430897 0.9641219 0.9314034 0.6263730 
Ctel_gnl_WGS_AMQN_CAPTEDRAFT_mRNA170370                0.8377141 0.8729687 0.8609575 0.8382204 0.7586922 0.7613843 0.7944491 0.0000000 0.3635118 0.6465321 0.6393463 0.6056608 0.6178841 0.6043242 0.5963197 0.6885884 0.6281723 0.6443717 0.8247387 0.6722989 0.4583456 0.8706523 0.7422695 0.6746557 0.4862203 0.5160928 0.2910872 0.6184061 0.6546033 0.6492456 0.6431773 0.6767367 0.7360500 0.7535144 0.7174237 0.7210918 0.7908901 0.7307850 0.7551777 0.7882010 0.6748924 0.6287852 0.7111879 0.5301277 0.7366205 0.7856378 0.8398190 0.7829458 0.7933949 0.7986915 0.7672254 0.7751015 0.7639228 0.8593725 0.8632835 0.8713967 0.8713967 0.8369806 0.8658728 0.8576748 0.9501574 0.9899420 0.8418914 0.8333464 0.8348506 0.8538255 0.9106706 0.9216442 0.9087029 0.9836687 0.9860576 0.9032196 0.8790277 0.8797843 0.8793695 0.9213692 0.9704128 0.9169418 0.9255741 0.9955901 0.8521812 
Lcom_lcpid220909                                       0.7214091 0.6678295 0.6491100 0.6500382 0.6860134 0.7331560 0.7730404 0.3635118 0.0000000 0.5246697 0.5190142 0.4970181 0.4986841 0.4953287 0.4941135 0.5125017 0.4302339 0.5242580 0.0000010 0.5205316 0.0000010 0.8098223 0.5842804 0.5690861 0.3350303 0.4449958 0.0000010 0.5937173 0.6366358 0.0000010 0.5120289 0.6766365 0.6747512 0.9779423 0.6239876 0.5226421 0.5425163 0.7858369 0.7671776 0.7681428 0.4334094 0.5328726 0.5328726 0.0237779 0.7106154 0.6062121 0.5462041 0.6061609 0.6061609 0.5782050 0.6112357 0.6112357 0.6957003 0.6003544 0.6003544 0.6003544 0.6003544 0.6003544 0.6219023 0.6219023 0.6258679 0.6445794 0.6316984 0.6316984 0.5639866 0.6169325 0.6413722 0.6413722 0.6413722 0.0000010 0.0000010 0.5999439 0.6471880 0.6471880 0.6141304 0.6487982 0.6487982 0.6487982 0.6487982 0.8286028 0.0000010 
Amil_Amillepora20327-RA                                0.7004167 0.7010841 0.6936067 0.7096777 0.5476671 0.5409838 0.5368778 0.6465321 0.5246697 0.0000000 0.0079786 0.1176700 0.1261009 0.0895761 0.0951347 0.1464288 0.3637135 0.5202159 0.6034784 0.5034454 0.4181984 0.6522965 0.5831362 0.5607205 0.6092042 0.6131569 0.4285100 0.5329419 0.6287774 0.4978178 0.5614616 0.5513429 0.5738867 0.5904585 0.5145101 0.4702852 0.5221217 0.7397502 0.6888072 0.5914445 0.5662527 0.5973898 0.6883488 0.6426792 0.7919325 0.6254536 0.6569479 0.6199651 0.6260185 0.6025760 0.6196356 0.6344627 0.7858089 0.8706019 0.8745848 0.8745713 0.8745713 0.9513989 0.8769131 0.8769807 0.9856550 1.0197662 0.8075730 0.8061220 0.7797609 0.8550106 0.8984933 0.9093983 0.9208043 0.9429140 1.0291147 0.7909282 0.8575798 0.8639232 0.8682367 0.9083261 1.0185494 0.9402129 0.9252827 1.0189859 0.5590684 
Adig_XM_015914018.1                                    0.6969645 0.6958365 0.6883614 0.7086227 0.5423701 0.5357236 0.5373510 0.6393463 0.5190142 0.0079786 0.0000000 0.1218208 0.1255804 0.0944408 0.0953219 0.1529052 0.3685375 0.5232421 0.6330219 0.5020609 0.4181984 0.6608988 0.5815478 0.5588983 0.6044941 0.6115767 0.4285100 0.5315654 0.6239961 0.5122707 0.5529649 0.5458277 0.5723024 0.5876225 0.5128548 0.4689743 0.5277083 0.7426409 0.6940143 0.5888451 0.5573264 0.6043531 0.6958585 0.6426792 0.7907462 0.6225847 0.6585900 0.6181283 0.6241216 0.6039249 0.6168594 0.6316505 0.7847008 0.8747438 0.8787498 0.8786419 0.8786419 0.9464189 0.8809844 0.8811463 0.9909800 1.0254451 0.8197595 0.8185377 0.7836192 0.8673544 0.9054217 0.9163859 0.9210825 0.9561316 1.0447396 0.8064556 0.8672616 0.8736585 0.8812992 0.9221440 1.0336424 0.9512246 0.9357021 1.0000432 0.5689682 
Spis_XP_022805486_1                                    0.6536191 0.7015900 0.6615080 0.6897856 0.5426715 0.5425980 0.5620877 0.6056608 0.4970181 0.1176700 0.1218208 0.0000000 0.0372779 0.0982303 0.0918153 0.1435843 0.3392189 0.5125737 0.6143413 0.4931086 0.4084396 0.6707469 0.5728525 0.5493107 0.5533660 0.5804442 0.3950823 0.5223029 0.6003371 0.4705134 0.5942911 0.5592329 0.5639447 0.5856564 0.5325784 0.4776724 0.5299562 0.7191757 0.6907474 0.5963594 0.5234033 0.5625255 0.6524354 0.5951827 0.7334040 0.6179554 0.6387852 0.6099596 0.6073707 0.6108747 0.6181546 0.6357502 0.7643917 0.8226322 0.8263317 0.8218815 0.8218815 0.8915960 0.8210245 0.8254543 0.9204522 0.9610787 0.7649220 0.7680358 0.7627095 0.8203766 0.8382554 0.8484837 0.8560835 0.8732610 0.9485213 0.7304569 0.8219340 0.8280473 0.8350359 0.8436407 0.9158345 0.8735491 0.8728666 0.9792983 0.5380954 
Pocdam_XM_027195827.1                                  0.6464531 0.7074521 0.6655460 0.6989686 0.5265571 0.5263142 0.5450204 0.6178841 0.4986841 0.1261009 0.1255804 0.0372779 0.0000000 0.0946158 0.0963962 0.1544412 0.3498670 0.5033327 0.6346119 0.4825910 0.4084396 0.6753680 0.5581567 0.5303056 0.5492226 0.5771749 0.3950823 0.5206283 0.5893478 0.5036928 0.5799646 0.5548982 0.5658125 0.5875053 0.5290271 0.4941248 0.5360521 0.7088453 0.6894097 0.5992058 0.5135187 0.5574984 0.6360938 0.6037043 0.7168155 0.6259655 0.6470937 0.6118339 0.6092565 0.6052257 0.6156679 0.6320118 0.7637725 0.8108757 0.8145322 0.8103676 0.8103676 0.8763800 0.7999270 0.8038290 0.8942824 0.9333767 0.7661415 0.7693003 0.7418285 0.8146085 0.8415005 0.8517866 0.8568054 0.8631387 0.9365802 0.7860410 0.8218898 0.8280512 0.8226804 0.8479785 0.9174215 0.8663315 0.8647107 0.9549339 0.5512962 
Fspp_ffun1.m4.14909.m1                                 0.6634576 0.6783445 0.6686638 0.7043704 0.4991411 0.5111029 0.5154469 0.6043242 0.4953287 0.0895761 0.0944408 0.0982303 0.0946158 0.0000000 0.0784028 0.1454557 0.3289260 0.4878477 0.5798256 0.4657419 0.4044566 0.6230143 0.5570521 0.5360756 0.5578750 0.5515581 0.3575841 0.4990635 0.5921091 0.4597590 0.5355695 0.5416193 0.5401104 0.5438837 0.5045253 0.4541089 0.5008421 0.7231094 0.6833550 0.5722913 0.5363923 0.5553144 0.6576151 0.6066810 0.7409614 0.6069304 0.6372176 0.6063027 0.6035650 0.5767896 0.5897288 0.6085234 0.7541274 0.8175270 0.8212548 0.8168735 0.8168735 0.8828513 0.8246395 0.8292587 0.9447807 0.9884947 0.7410843 0.7437440 0.7075480 0.7902358 0.8300277 0.8403252 0.8500768 0.8490415 0.9296520 0.7663818 0.8067311 0.8115291 0.8135924 0.8576478 0.9318281 0.8705359 0.8686056 0.9608222 0.5319578 
Gasp_gasp1.m3.7912.m1                                  0.6499524 0.6632824 0.6351933 0.6691298 0.5109624 0.5093782 0.5103861 0.5963197 0.4941135 0.0951347 0.0953219 0.0918153 0.0963962 0.0784028 0.0000000 0.1400288 0.3376000 0.4944810 0.5402189 0.4783144 0.4222722 0.6413507 0.5378722 0.5168006 0.5503981 0.5594648 0.4234782 0.4956190 0.5845963 0.4719580 0.5462260 0.5274368 0.5305447 0.5558090 0.4949208 0.4153779 0.4436714 0.6595631 0.6149065 0.5662658 0.5226443 0.5470611 0.6391091 0.4845304 0.7164764 0.6195852 0.6516238 0.6184783 0.6159085 0.5999630 0.5929569 0.6082907 0.7138322 0.7889899 0.7927670 0.7877212 0.7877212 0.8174094 0.7728338 0.7774663 0.8999040 0.9427847 0.7336909 0.7374276 0.7011157 0.8080035 0.8344414 0.8358282 0.8569647 0.8133477 0.8772521 0.7611525 0.7744703 0.7807311 0.7784888 0.8315569 0.9046597 0.8456670 0.8204251 0.9930948 0.5703784 
Gfas_gfas1.m1.22689.m1                                 0.8784637 0.8443892 0.7721197 0.8270204 0.5989034 0.6382613 0.6664647 0.6885884 0.5125017 0.1464288 0.1529052 0.1435843 0.1544412 0.1454557 0.1400288 0.0000000 0.4890934 0.7670691 1.7474888 0.6385474 1.4726383 0.8822422 0.7359892 0.7163672 0.6065666 0.6104338 1.4092295 0.6281696 0.7533875 1.8002954 0.6809790 0.7562434 0.7153670 0.9102533 0.6495539 0.5477972 0.6234964 0.9194735 0.8590960 0.7639748 0.5877160 0.7179425 0.7209499 0.4644419 0.8442165 0.7993369 0.7555906 0.8215017 0.8215017 0.7882338 0.8016441 0.8454263 0.9184648 0.7869916 0.7869916 0.7869916 0.7869916 0.6548818 0.7931064 0.7931064 0.8271641 0.8385423 0.7286782 0.7286782 0.6469656 0.7899746 0.8357836 0.8357836 0.6884755 1.1518366 1.1518366 2.5696933 0.7873707 0.7902801 0.7979487 0.8806826 0.8382722 0.7495699 0.7457354 0.8193597 0.9830029 
Nvec_v1g244189                                         0.6963521 0.6475603 0.6815836 0.6894158 0.5529587 0.5766573 0.5752887 0.6281723 0.4302339 0.3637135 0.3685375 0.3392189 0.3498670 0.3289260 0.3376000 0.4890934 0.0000000 0.5795460 0.6504557 0.5439390 0.4579648 0.6542656 0.6522988 0.6543021 0.5819128 0.5703819 0.4160904 0.5487912 0.5783422 0.4634738 0.5507707 0.5528128 0.5842283 0.5577980 0.5532805 0.5369657 0.5745133 0.7097339 0.6905531 0.5906664 0.5636156 0.5291097 0.6004526 0.5237260 0.7609417 0.6046543 0.6527237 0.6101127 0.6186507 0.6203064 0.6064578 0.6211626 0.7557155 0.8034164 0.8070430 0.8031737 0.8031737 0.8844319 0.8060294 0.8099841 0.9218637 0.9484851 0.7678015 0.7708735 0.7701416 0.7807658 0.8367262 0.8288504 0.8845290 0.7954821 0.8502596 0.7958078 0.8405646 0.8469045 0.8200928 0.8246182 0.8847700 0.8070742 0.7949176 0.8897649 0.6785896 
Stycar_maker-SC_scaffold6307-snap-gene-0.72-mRNA-1     0.6313253 0.6291781 0.6805654 0.6885211 0.5797533 0.6232642 0.6257947 0.6443717 0.5242580 0.5202159 0.5232421 0.5125737 0.5033327 0.4878477 0.4944810 0.7670691 0.5795460 0.0000000 0.0109722 0.2408809 0.0402747 0.4556734 0.3362216 0.3222177 0.6261712 0.5387165 0.3596571 0.4714365 0.5407190 0.4178376 0.5795024 0.5032705 0.5463523 0.5209407 0.6370408 0.5354410 0.6114171 0.5017414 0.5188461 0.6821861 0.5491579 0.5709774 0.6716038 0.6396445 0.6858000 0.5306228 0.5686665 0.5306594 0.5419348 0.5542750 0.5413185 0.5490307 0.7535001 0.8629289 0.8675105 0.8688547 0.8688547 0.9172679 0.8102923 0.8075829 0.9149073 0.9515756 0.8263507 0.8239988 0.7880270 0.8521462 0.8735665 0.8859647 0.9541090 0.8521530 0.8515919 0.7445993 0.8403784 0.8507354 0.8131804 0.8823278 0.9949944 0.9228446 0.9011811 0.8107582 0.5815973 
Stycar_maker-SC_scaffold69397-snap-gene-0.4-mRNA-1     0.8253600 0.7808148 0.8369272 0.7779114 0.8627654 0.9172199 0.8512693 0.8247387 0.0000010 0.6034784 0.6330219 0.6143413 0.6346119 0.5798256 0.5402189 1.7474888 0.6504557 0.0109722 0.0000000 0.4624686 0.0000010 0.8142466 0.4279225 0.4810518 0.8824191 0.6908224 0.3743380 0.7533940 0.5349253 0.6524829 0.7214366 0.7233203 0.6821721 0.6821721 0.8037368 0.6765866 0.8327159 0.7635652 0.8362878 1.0348846 0.7989292 0.7811472 1.0099894 0.0000010 0.8187872 0.6049193 0.6152768 0.5849381 0.5849381 0.6939304 0.6346766 0.6346766 0.8728720 1.2068277 1.2068277 1.2068277 1.2068277 0.0000010 1.1679074 1.1679074 1.2552742 1.2552742 0.9788899 0.9788899 0.9748256 1.1556788 1.0415569 1.0415569 0.0000010 1.0415569 1.0415569 1.1294395 1.1290654 1.1675250 0.8360648 1.1845735 1.4108152 0.0000010 0.8297725 0.0000010 0.4769831 
Tetwil_g23517.t1                                       0.6557214 0.6389868 0.6828149 0.7264111 0.5724309 0.5896474 0.6017008 0.6722989 0.5205316 0.5034454 0.5020609 0.4931086 0.4825910 0.4657419 0.4783144 0.6385474 0.5439390 0.2408809 0.4624686 0.0000000 0.1625654 0.5010601 0.3826781 0.3750935 0.5524959 0.5703436 0.3185773 0.4817046 0.5489451 0.4290403 0.5155228 0.5434994 0.5443643 0.4933348 0.6126580 0.5776073 0.6246784 0.5143075 0.5291088 0.6438278 0.5111514 0.5605253 0.6756722 0.6631875 0.7273109 0.5924033 0.6238750 0.5759583 0.5955177 0.5617455 0.5638256 0.5714083 0.7478326 0.7496182 0.7531153 0.7577792 0.7577792 0.7984740 0.7387824 0.7338035 0.8404871 0.8749603 0.7295061 0.7247157 0.7117927 0.7732724 0.7709812 0.7798221 0.8652027 0.7451803 0.7624868 0.7228984 0.7878302 0.7968598 0.7410932 0.8098317 0.9291544 0.8262792 0.8165163 0.8252074 0.5251896 
Stycar_maker-SC_scaffold6307-augustus-gene-0.65-mRNA-1 0.3957824 0.3797069 0.4452110 0.4994300 0.3640688 0.3947452 0.3819106 0.4583456 0.0000010 0.4181984 0.4181984 0.4084396 0.4084396 0.4044566 0.4222722 1.4726383 0.4579648 0.0402747 0.0000010 0.1625654 0.0000000 0.2649741 0.2972571 0.3059192 0.4536510 0.4106114 0.3884614 0.3109922 0.4221989 0.3222887 0.3724215 0.3294481 0.3908430 0.3744136 0.5214825 0.3781307 0.3888263 0.3508587 0.4076335 0.4290761 0.5618228 0.4649656 1.6289529 0.0000010 0.3705424 0.5646838 0.6927098 0.5283667 0.5776693 0.5854767 0.5444670 0.5444670 0.5404690 0.7331433 0.7507696 0.7677499 0.7677499 0.0000010 0.7040390 0.6813583 1.1073725 1.8046365 0.7094498 0.6895400 0.7187337 0.7596328 0.7755788 0.7755788 1.9845881 0.7755788 0.7457515 0.6700360 0.7048800 0.7048800 0.7088420 0.7923376 2.3296311 2.3296311 2.3296311 0.9256931 0.5970400 
Plespi_Pspi_scaffold10447_01                           0.7701941 0.6958433 0.7255098 0.7685138 0.6874687 0.7184790 0.7043495 0.8706523 0.8098223 0.6522965 0.6608988 0.6707469 0.6753680 0.6230143 0.6413507 0.8822422 0.6542656 0.4556734 0.8142466 0.5010601 0.2649741 0.0000000 0.5195267 0.5279574 0.7407784 0.6735897 0.2758979 0.6427262 0.7117950 0.5018694 0.6654562 0.6212415 0.7001609 0.6573770 0.7437039 0.6270577 0.7053630 0.5809660 0.6119949 0.7406185 0.7299450 0.7231266 0.8955079 0.8277151 0.7656011 0.7696228 0.8136647 0.7861449 0.7886469 0.7715308 0.7829363 0.7918534 0.8247145 0.8093004 0.8141020 0.8024029 0.8024029 0.9104223 0.7859619 0.7970083 0.8701677 0.8956203 0.7917489 0.7917214 0.7852938 0.7740634 0.7791421 0.7791421 0.8068779 0.7827310 0.7987341 0.7307181 0.8154978 0.8262087 0.7679984 0.8763204 0.9778145 0.8817409 0.8749761 0.8754741 0.6400328 
Spolac_c98583_g1_i1_m.17558c98583-g1                   0.7314405 0.7311165 0.7545483 0.7723977 0.6384367 0.6618195 0.6596621 0.7422695 0.5842804 0.5831362 0.5815478 0.5728525 0.5581567 0.5570521 0.5378722 0.7359892 0.6522988 0.3362216 0.4279225 0.3826781 0.2972571 0.5195267 0.0000000 0.0940882 0.6380309 0.5890600 0.3120133 0.5503363 0.6381457 0.5025304 0.6098630 0.5753266 0.6218748 0.5176402 0.6659747 0.6041557 0.6401699 0.5532522 0.5949419 0.7261015 0.6407950 0.6125372 0.7205404 0.7157503 0.7525138 0.6690635 0.6819409 0.6503225 0.6622777 0.6497891 0.6305348 0.6392766 0.7453368 0.8393677 0.8430765 0.8487288 0.8487288 0.9022249 0.8163119 0.8101652 0.9260641 0.9565734 0.8329273 0.8185438 0.8078250 0.8226912 0.8670294 0.8641807 0.9000347 0.8754528 0.9098221 0.7914412 0.8648899 0.8736941 0.8627414 0.9051403 1.0252937 0.9291414 0.9154541 0.8596417 0.5052690 
Emue_Em0023g499a.t1                                    0.7029599 0.7047989 0.7421055 0.7563298 0.6232648 0.6601461 0.6598079 0.6746557 0.5690861 0.5607205 0.5588983 0.5493107 0.5303056 0.5360756 0.5168006 0.7163672 0.6543021 0.3222177 0.4810518 0.3750935 0.3059192 0.5279574 0.0940882 0.0000000 0.6101876 0.5604481 0.3452228 0.5192891 0.6255250 0.4725020 0.6032380 0.5780513 0.5707057 0.5642268 0.6401794 0.5872763 0.6043156 0.5325431 0.5466559 0.7292478 0.5795240 0.5964168 0.7170073 0.5331328 0.7227848 0.6531519 0.6584358 0.6403609 0.6376888 0.6232959 0.6117736 0.6214038 0.6987219 0.7948126 0.7987678 0.7996619 0.7996619 0.7841817 0.7567075 0.7547964 0.8592920 0.8848737 0.7658964 0.7551264 0.7457992 0.7935908 0.8479324 0.8493944 0.8495694 0.8477948 0.8705668 0.7788728 0.7869827 0.7964873 0.7905040 0.8702272 0.9644212 0.8428510 0.8326078 0.7669585 0.5115730 
Cgig_XM_011452328.3                                    0.7223663 0.7319319 0.7540596 0.8089598 0.6705653 0.6683749 0.6834519 0.4862203 0.3350303 0.6092042 0.6044941 0.5533660 0.5492226 0.5578750 0.5503981 0.6065666 0.5819128 0.6261712 0.8824191 0.5524959 0.4536510 0.7407784 0.6380309 0.6101876 0.0000000 0.3980122 0.1751807 0.5247111 0.5417180 0.4678994 0.5519619 0.6281043 0.6616343 0.6469286 0.6960377 0.7191668 0.7536850 0.6426930 0.6823436 0.7025564 0.5640644 0.5408904 0.6090935 0.4232367 0.6932298 0.7136494 0.7276708 0.6941399 0.6894552 0.6932684 0.6575563 0.6641136 0.6982489 0.8526588 0.8566036 0.8498669 0.8498669 0.8277621 0.8534356 0.8602208 0.9119497 0.9636545 0.8431020 0.8405257 0.8158782 0.8334480 0.9120639 0.9155084 0.9456072 0.9495904 1.0365522 0.8236520 0.9067747 0.9084644 0.8576553 0.9342463 0.9945458 0.9212819 0.9492893 0.9386431 0.7667426 
Acagra_model.g24835.t1                                 0.7776477 0.7460074 0.7854723 0.8213128 0.6174969 0.6517582 0.6733953 0.5160928 0.4449958 0.6131569 0.6115767 0.5804442 0.5771749 0.5515581 0.5594648 0.6104338 0.5703819 0.5387165 0.6908224 0.5703436 0.4106114 0.6735897 0.5890600 0.5604481 0.3980122 0.0000000 0.1583532 0.5305705 0.6375306 0.4427676 0.6252513 0.6097284 0.6580897 0.6055185 0.5992132 0.6872947 0.7459361 0.6549027 0.6747001 0.7582358 0.5867143 0.5682080 0.6665747 0.5056026 0.7357553 0.7548252 0.7702252 0.7462939 0.7285310 0.7134982 0.7125043 0.7268941 0.6768965 0.8329228 0.8366588 0.8444546 0.8444546 0.8961848 0.8367482 0.8287963 0.8985209 0.9639019 0.8015647 0.7933873 0.7410914 0.8061476 0.8695562 0.8780010 0.9173462 0.8754067 0.9117721 0.6936676 0.8358996 0.8420867 0.8164388 0.8242814 0.9216069 0.8629224 0.8618537 0.9999931 0.6713243 
Lcom_lcpid223571                                       0.4690872 0.4427483 0.5048535 0.5595336 0.4286304 0.3855092 0.3591093 0.2910872 0.0000010 0.4285100 0.4285100 0.3950823 0.3950823 0.3575841 0.4234782 1.4092295 0.4160904 0.3596571 0.3743380 0.3185773 0.3884614 0.2758979 0.3120133 0.3452228 0.1751807 0.1583532 0.0000000 0.1944138 0.2043658 0.3019313 0.2520777 0.4100655 0.4578483 0.4687648 0.4890205 0.4480737 0.4599537 0.4202781 0.4565082 0.4346694 0.2203245 0.3501275 2.0070540 0.0000010 0.3757235 0.5694691 0.7423762 0.5819739 0.5878229 0.6082775 0.5127782 0.5127782 0.4399764 0.4051558 0.4133015 0.4419003 0.4419003 2.1376380 0.4231454 0.3932240 0.4021902 0.8518708 0.4236318 0.3686806 0.3938897 0.3647814 0.3946118 0.3946118 3.9613730 0.3946118 0.3657186 0.4209528 0.4209528 0.4209528 0.3989089 0.4663807 3.9613730 2.1376380 0.0000010 0.0000010 0.6129750 
Hsap_ENST00000286788                                   0.6746874 0.6645523 0.6634686 0.7287627 0.6359886 0.6033503 0.6143799 0.6184061 0.5937173 0.5329419 0.5315654 0.5223029 0.5206283 0.4990635 0.4956190 0.6281696 0.5487912 0.4714365 0.7533940 0.4817046 0.3109922 0.6427262 0.5503363 0.5192891 0.5247111 0.5305705 0.1944138 0.0000000 0.5097643 0.4126433 0.4654116 0.5623226 0.5675843 0.6051571 0.6011932 0.5706507 0.5883820 0.6598802 0.6498939 0.6208105 0.5526452 0.4817751 0.5637492 0.6704419 0.6557442 0.6475269 0.6742931 0.6633535 0.6528242 0.6142548 0.6030369 0.6123891 0.7617852 0.7698823 0.7733055 0.7735429 0.7735429 0.8158823 0.7456865 0.7448726 0.8703701 0.9115962 0.7470228 0.7464939 0.7254411 0.7654881 0.8120322 0.8220185 0.8299928 0.8372401 0.8856330 0.7260207 0.7498223 0.7555389 0.7844857 0.7860138 0.8536099 0.7575677 0.7597183 0.8639770 0.5825689 
Spur_XM_030995008.1                                    0.6491208 0.6773685 0.7338448 0.7428648 0.6347823 0.6127079 0.6233270 0.6546033 0.6366358 0.6287774 0.6239961 0.6003371 0.5893478 0.5921091 0.5845963 0.7533875 0.5783422 0.5407190 0.5349253 0.5489451 0.4221989 0.7117950 0.6381457 0.6255250 0.5417180 0.6375306 0.2043658 0.5097643 0.0000000 0.4890169 0.5132206 0.6837521 0.6619050 0.6191893 0.6412577 0.5696376 0.6485956 0.7999204 0.7655099 0.6919823 0.4979431 0.5268558 0.5917261 0.8238823 0.6151436 0.6803462 0.6938823 0.6553513 0.6601901 0.6537352 0.6427612 0.6486917 0.7108083 0.8134238 0.8171054 0.8203461 0.8203461 0.8932201 0.7919758 0.7881985 0.8871903 0.9258499 0.7756264 0.7631350 0.7673568 0.8245276 0.8657966 0.8675018 0.9743036 0.8667557 0.8895154 0.7319765 0.8485224 0.8535341 0.8016156 0.8379180 0.9132875 0.8673924 0.8683037 0.9001766 0.6071578 
Clacor_Ccor_C510339_01                                 0.3234736 0.3297277 0.3377478 0.3884346 0.5636026 0.4926455 0.4949765 0.6492456 0.0000010 0.4978178 0.5122707 0.4705134 0.5036928 0.4597590 0.4719580 1.8002954 0.4634738 0.4178376 0.6524829 0.4290403 0.3222887 0.5018694 0.5025304 0.4725020 0.4678994 0.4427676 0.3019313 0.4126433 0.4890169 0.0000000 0.4942263 0.5022558 0.5517357 0.5516144 0.6369684 0.5026714 0.5445853 0.6086050 0.5903977 0.6015677 0.8399563 0.5726208 2.3776758 0.0000010 0.5878983 0.5396147 0.6382870 0.4968093 0.4887838 0.5066507 0.4990916 0.4990916 0.6639112 0.6639509 0.6732673 0.6647620 0.6647620 1.2787411 0.7199653 0.7330388 1.1588267 1.4951613 0.6582376 0.6424197 0.6714810 0.6702523 0.6567192 0.6567192 2.3473937 0.6567192 0.7132878 0.6348286 0.6229380 0.6348286 0.6597612 0.8106376 3.9703611 1.2787411 0.0000010 0.0000010 0.6054231 
Bralan_BLAG01102803_1                                  0.7896073 0.7391168 0.7644741 0.8002696 0.6161178 0.5848038 0.5976583 0.6431773 0.5120289 0.5614616 0.5529649 0.5942911 0.5799646 0.5355695 0.5462260 0.6809790 0.5507707 0.5795024 0.7214366 0.5155228 0.3724215 0.6654562 0.6098630 0.6032380 0.5519619 0.6252513 0.2520777 0.4654116 0.5132206 0.4942263 0.0000000 0.6621066 0.6408414 0.5998711 0.6233274 0.5882235 0.6446448 0.7126550 0.6880186 0.6517512 0.6296033 0.5192711 0.5921347 0.7853477 0.7165868 0.7005452 0.7283848 0.7122780 0.7112875 0.6956032 0.6942420 0.7010046 0.7035210 0.7483656 0.7517386 0.7582066 0.7582066 0.8239518 0.7392575 0.7325370 0.8439741 0.8732415 0.7672493 0.7526439 0.7367392 0.7759906 0.8009814 0.8109127 0.8372639 0.7823761 0.7822197 0.7101717 0.7687227 0.7741577 0.7808759 0.7727217 0.8411782 0.8239046 0.8046270 0.7908295 0.5345187 
Plajan_Pjan_C569878_01                                 0.7255716 0.7491050 0.7267520 0.7315979 0.6181214 0.6384156 0.6637724 0.6767367 0.6766365 0.5513429 0.5458277 0.5592329 0.5548982 0.5416193 0.5274368 0.7562434 0.5528128 0.5032705 0.7233203 0.5434994 0.3294481 0.6212415 0.5753266 0.5780513 0.6281043 0.6097284 0.4100655 0.5623226 0.6837521 0.5022558 0.6621066 0.0000000 0.3973829 0.3950536 0.6655391 0.6150935 0.6786472 0.6917509 0.7119119 0.6812385 0.6734770 0.6170916 0.7100382 0.8216083 0.7446955 0.7061962 0.7390822 0.7359396 0.7461589 0.7315296 0.7157882 0.7266095 0.7942261 0.8316577 0.8353453 0.8359208 0.8359208 0.9763387 0.8792528 0.8797177 0.9532441 0.9852911 0.8360114 0.8353901 0.8339196 0.8383527 0.8772045 0.8876168 0.9420460 0.8552871 0.8897238 0.7557903 0.8374161 0.8456274 0.8326575 0.9434903 1.0621593 0.9809201 0.9790291 0.9236320 0.6411584 
Opea_EP00118_Oscarella_pearsei_P003181                 0.6990667 0.7284278 0.6935182 0.7325391 0.6583308 0.7335748 0.7574876 0.7360500 0.6747512 0.5738867 0.5723024 0.5639447 0.5658125 0.5401104 0.5305447 0.7153670 0.5842283 0.5463523 0.6821721 0.5443643 0.3908430 0.7001609 0.6218748 0.5707057 0.6616343 0.6580897 0.4578483 0.5675843 0.6619050 0.5517357 0.6408414 0.3973829 0.0000000 0.0000010 0.6600342 0.6237615 0.6855417 0.7272608 0.7231710 0.6892150 0.6351780 0.6531870 0.7092055 0.8195402 0.7886542 0.6951107 0.7544528 0.7139240 0.7313711 0.6977728 0.6873482 0.6930955 0.8294357 0.8696614 0.8736534 0.8725864 0.8725864 0.9219688 0.8582975 0.8590047 0.9489860 0.9847360 0.8355934 0.8356910 0.8237358 0.8336287 0.9010187 0.9120720 0.9969671 0.8831445 0.9034386 0.7872075 0.8136479 0.8206315 0.8302399 0.9198868 0.9890961 0.9398630 0.9484081 0.8649208 0.7117491 
Ocar_g6342                                             0.5925040 0.6063637 0.6212128 0.6325454 0.5267572 0.6257642 0.6329645 0.7535144 0.9779423 0.5904585 0.5876225 0.5856564 0.5875053 0.5438837 0.5558090 0.9102533 0.5577980 0.5209407 0.6821721 0.4933348 0.3744136 0.6573770 0.5176402 0.5642268 0.6469286 0.6055185 0.4687648 0.6051571 0.6191893 0.5516144 0.5998711 0.3950536 0.0000010 0.0000000 0.6226949 0.5634579 0.5742904 0.6688943 0.6777683 0.6480989 0.6196853 0.6639872 0.7971966 0.0000010 0.6883746 0.6378841 0.7011632 0.6515164 0.6583838 0.6569651 0.6381929 0.6471869 0.7314912 0.8595563 0.8663580 0.8842275 0.8842275 1.0971466 0.8516465 0.8337206 0.9841222 1.0494590 0.8110540 0.7870067 0.8270998 0.8356024 0.8886605 0.8886605 1.1126686 0.8479233 0.8310199 0.8179591 0.8228376 0.8350258 0.8019559 0.9221233 1.0884011 0.9882488 1.0056196 0.6174619 0.6096575 
Chem_TCONS_00022187                                    0.7908769 0.7766182 0.7831954 0.7766095 0.4564202 0.4623563 0.4757669 0.7174237 0.6239876 0.5145101 0.5128548 0.5325784 0.5290271 0.5045253 0.4949208 0.6495539 0.5532805 0.6370408 0.8037368 0.6126580 0.5214825 0.7437039 0.6659747 0.6401794 0.6960377 0.5992132 0.4890205 0.6011932 0.6412577 0.6369684 0.6233274 0.6655391 0.6600342 0.6226949 0.0000000 0.5776328 0.6063243 0.7542207 0.7300408 0.5192462 0.6254698 0.6379949 0.7222061 0.8148435 0.7492856 0.7325302 0.7813593 0.7465726 0.7718400 0.7417406 0.7489582 0.7614340 0.8229616 0.8522871 0.8560955 0.8518990 0.8518990 0.8732505 0.8339895 0.8377509 0.9591721 0.9873451 0.8248588 0.8283368 0.7939454 0.8130736 0.8438051 0.8563165 0.8439954 0.9186740 0.9865427 0.7989099 0.8527037 0.8590223 0.8602295 0.9121919 0.9830980 0.8980756 0.8956719 0.9116350 0.3419860 
Dgig_XM_028554872.1                                    0.7119878 0.6865369 0.7019419 0.7101044 0.5569659 0.6073742 0.6156198 0.7210918 0.5226421 0.4702852 0.4689743 0.4776724 0.4941248 0.4541089 0.4153779 0.5477972 0.5369657 0.5354410 0.6765866 0.5776073 0.3781307 0.6270577 0.6041557 0.5872763 0.7191668 0.6872947 0.4480737 0.5706507 0.5696376 0.5026714 0.5882235 0.6150935 0.6237615 0.5634579 0.5776328 0.0000000 0.1619294 0.7439926 0.6941864 0.6933682 0.6095865 0.6004644 0.6707163 0.8593255 0.7413916 0.6921321 0.7277523 0.7108650 0.7124224 0.7015102 0.7133693 0.7192264 0.8430991 0.7261112 0.7293398 0.7258426 0.7258426 0.7720275 0.7082855 0.7113157 0.8336604 0.8641565 0.7026758 0.7059298 0.7204580 0.7352318 0.7712689 0.7743457 0.8155623 0.7821149 0.8605983 0.6702834 0.7502119 0.7560708 0.7555983 0.7949321 0.8694969 0.7765965 0.7839626 0.8330732 0.6082655 
Xesp_011457-T1                                         0.7573572 0.7244572 0.7313949 0.7638381 0.5806377 0.6484225 0.6502222 0.7908901 0.5425163 0.5221217 0.5277083 0.5299562 0.5360521 0.5008421 0.4436714 0.6234964 0.5745133 0.6114171 0.8327159 0.6246784 0.3888263 0.7053630 0.6401699 0.6043156 0.7536850 0.7459361 0.4599537 0.5883820 0.6485956 0.5445853 0.6446448 0.6786472 0.6855417 0.5742904 0.6063243 0.1619294 0.0000000 0.7626795 0.7322801 0.7238611 0.6745646 0.6329873 0.7472328 0.9220865 0.7556907 0.7608120 0.7968757 0.7885589 0.7922362 0.7566575 0.7512534 0.7560871 0.8362959 0.7599749 0.7633576 0.7589664 0.7589664 0.8469442 0.7632604 0.7677778 0.9057434 0.9411423 0.7622955 0.7669737 0.7667288 0.7640615 0.8048375 0.8080418 0.8688437 0.7983745 0.8796391 0.6710102 0.7742495 0.7802334 0.7997801 0.8146712 0.9184485 0.8377525 0.8430182 0.8504333 0.6326274 
Halamb_c42319_g1_i1m.14781                             0.8942047 0.8850459 0.8954100 0.9348201 0.7438822 0.7793601 0.7585964 0.7307850 0.7858369 0.7397502 0.7426409 0.7191757 0.7088453 0.7231094 0.6595631 0.9194735 0.7097339 0.5017414 0.7635652 0.5143075 0.3508587 0.5809660 0.5532522 0.5325431 0.6426930 0.6549027 0.4202781 0.6598802 0.7999204 0.6086050 0.7126550 0.6917509 0.7272608 0.6688943 0.7542207 0.7439926 0.7626795 0.0000000 0.1843289 0.7962583 0.7266814 0.6767713 0.8048650 0.8502981 0.8101073 0.8134469 0.8358458 0.8038737 0.8045729 0.7938770 0.7635155 0.7762240 0.8124209 0.8999655 0.9040546 0.8996561 0.8996561 0.9269218 0.8596527 0.8631555 0.9540624 0.9823152 0.8895585 0.8934852 0.8845884 0.9295174 0.9502928 0.9472358 0.9923760 0.9381798 0.9839179 0.8353544 0.9223380 0.9271783 0.9405156 0.9399479 1.0325898 0.9177968 0.9032439 1.0690575 0.7729174 
Aque_Aqu2.1.39902_001                                  0.8890746 0.8625511 0.8738611 0.9256742 0.7221702 0.7513545 0.7451696 0.7551777 0.7671776 0.6888072 0.6940143 0.6907474 0.6894097 0.6833550 0.6149065 0.8590960 0.6905531 0.5188461 0.8362878 0.5291088 0.4076335 0.6119949 0.5949419 0.5466559 0.6823436 0.6747001 0.4565082 0.6498939 0.7655099 0.5903977 0.6880186 0.7119119 0.7231710 0.6777683 0.7300408 0.6941864 0.7322801 0.1843289 0.0000000 0.7704027 0.6982047 0.7065944 0.7961319 0.8537524 0.8194890 0.7332800 0.7654461 0.7354521 0.7416508 0.7368354 0.6997279 0.7056124 0.8470307 0.8926123 0.8966815 0.8920897 0.8920897 0.9371013 0.8442853 0.8477920 0.9726722 0.9981500 0.8887798 0.8930328 0.8669259 0.9138170 0.9604270 0.9573316 0.9548122 0.9703538 1.0336183 0.9266588 0.9225118 0.9314275 0.9274272 0.9538878 1.0455805 0.9259603 0.9095739 1.0654163 0.7917470 
Morvir_scaffold420.g5.t1                               0.7786447 0.8129969 0.8150315 0.8305319 0.4836219 0.4967334 0.5069779 0.7882010 0.7681428 0.5914445 0.5888451 0.5963594 0.5992058 0.5722913 0.5662658 0.7639748 0.5906664 0.6821861 1.0348846 0.6438278 0.4290761 0.7406185 0.7261015 0.7292478 0.7025564 0.7582358 0.4346694 0.6208105 0.6919823 0.6015677 0.6517512 0.6812385 0.6892150 0.6480989 0.5192462 0.6933682 0.7238611 0.7962583 0.7704027 0.0000000 0.7537327 0.7462047 0.8562675 0.8906403 0.8672035 0.7760634 0.8136101 0.7292516 0.7554492 0.7761919 0.7543742 0.7555210 0.9017036 0.9274791 0.9318672 0.9315998 0.9315998 1.0249692 0.9553701 0.9561970 1.1554867 1.2015029 0.9208247 0.9204897 0.9510951 0.9815222 1.0103710 1.0241058 1.0505987 1.0703004 1.1702343 0.8968471 0.9583678 0.9654022 0.9499804 0.9919490 1.1402168 1.0516677 1.0259162 0.9805616 0.7425291 
Skow_XM_002732538.2                                    0.7007339 0.7485317 0.7225758 0.7535574 0.7250990 0.7592050 0.8055225 0.6748924 0.4334094 0.5662527 0.5573264 0.5234033 0.5135187 0.5363923 0.5226443 0.5877160 0.5636156 0.5491579 0.7989292 0.5111514 0.5618228 0.7299450 0.6407950 0.5795240 0.5640644 0.5867143 0.2203245 0.5526452 0.4979431 0.8399563 0.6296033 0.6734770 0.6351780 0.6196853 0.6254698 0.6095865 0.6745646 0.7266814 0.6982047 0.7537327 0.0000000 0.5578694 0.5932008 0.6487819 0.7640414 0.7157597 0.7055493 0.7159195 0.7137783 0.7093948 0.6975106 0.7043255 0.7425349 0.7806335 0.7806335 0.7806335 0.7806335 0.8243820 0.7919411 0.7919411 0.8525040 0.8875998 0.7604927 0.7604927 0.7254249 0.8049225 0.8591856 0.8716130 0.8858434 0.9248257 0.9248257 0.8828751 0.8607359 0.8682623 0.7979291 0.8133343 0.8537476 0.7601871 0.7737404 0.9492695 0.4830010 
Cscu_XM_023386222.1                                    0.7731654 0.8257541 0.8142029 0.8219922 0.6604653 0.6784307 0.6749529 0.6287852 0.5328726 0.5973898 0.6043531 0.5625255 0.5574984 0.5553144 0.5470611 0.7179425 0.5291097 0.5709774 0.7811472 0.5605253 0.4649656 0.7231266 0.6125372 0.5964168 0.5408904 0.5682080 0.3501275 0.4817751 0.5268558 0.5726208 0.5192711 0.6170916 0.6531870 0.6639872 0.6379949 0.6004644 0.6329873 0.6767713 0.7065944 0.7462047 0.5578694 0.0000000 0.0083034 0.5365260 0.5065844 0.6996735 0.7186569 0.6825200 0.6825349 0.6586716 0.6531180 0.6645217 0.6157813 0.8540386 0.8579693 0.8738919 0.8738919 0.9398993 0.8595433 0.8436767 0.9832183 1.0222681 0.8316848 0.8157120 0.7969445 0.8582901 0.8628267 0.8682807 0.8879346 0.8775061 0.8996674 0.8118694 0.8680767 0.8732220 0.8516954 0.8832298 1.0027537 0.9408896 0.9163788 0.9497899 0.6023482 
Cscu_XM_023367893.1                                    0.9009441 0.9800555 0.9256940 0.9162815 0.7582567 0.7676983 0.7783463 0.7111879 0.5328726 0.6883488 0.6958585 0.6524354 0.6360938 0.6576151 0.6391091 0.7209499 0.6004526 0.6716038 1.0099894 0.6756722 1.6289529 0.8955079 0.7205404 0.7170073 0.6090935 0.6665747 2.0070540 0.5637492 0.5917261 2.3776758 0.5921347 0.7100382 0.7092055 0.7971966 0.7222061 0.6707163 0.7472328 0.8048650 0.7961319 0.8562675 0.5932008 0.0083034 0.0000000 0.5365260 0.5791685 0.8007469 0.7743913 0.7797744 0.7797744 0.7347686 0.7396262 0.7568433 0.7306362 0.9822208 0.9822208 0.9822208 0.9822208 0.9770208 0.9794596 0.9794596 0.9847051 0.9925173 0.9429498 0.9429498 0.9180582 1.0027796 0.9975019 1.0062619 0.9133624 1.3294322 1.3294322 1.8204172 0.9958216 1.0036942 1.0056189 1.0044982 1.0258552 0.9727762 0.9163788 0.9497899 2.1205865 
Lcom_lcpid100908                                       0.9429664 0.9316030 0.8946126 0.8576411 0.8306156 0.8250989 0.8211322 0.5301277 0.0237779 0.6426792 0.6426792 0.5951827 0.6037043 0.6066810 0.4845304 0.4644419 0.5237260 0.6396445 0.0000010 0.6631875 0.0000010 0.8277151 0.7157503 0.5331328 0.4232367 0.5056026 0.0000010 0.6704419 0.8238823 0.0000010 0.7853477 0.8216083 0.8195402 0.0000010 0.8148435 0.8593255 0.9220865 0.8502981 0.8537524 0.8906403 0.6487819 0.5365260 0.5365260 0.0000000 0.9229035 0.8032335 0.7542029 0.7449058 0.7449058 0.7406755 0.7708695 0.7708695 0.9858468 0.9034095 0.9034095 0.9034095 0.9034095 0.9034095 0.9461365 0.9461365 0.9531846 0.9671715 0.9111608 0.9111608 0.8967942 0.9093759 0.9756296 0.9904235 0.9756296 8.9999986 8.9999986 0.0000010 0.9963891 0.9963891 1.0036364 0.9957358 0.9957358 0.9957358 0.9957358 1.1536366 2.2734386 
Tcas_TC001073_001                                      0.8314676 0.8771883 0.8070673 0.8586788 0.7800558 0.7595286 0.7609869 0.7366205 0.7106154 0.7919325 0.7907462 0.7334040 0.7168155 0.7409614 0.7164764 0.8442165 0.7609417 0.6858000 0.8187872 0.7273109 0.3705424 0.7656011 0.7525138 0.7227848 0.6932298 0.7357553 0.3757235 0.6557442 0.6151436 0.5878983 0.7165868 0.7446955 0.7886542 0.6883746 0.7492856 0.7413916 0.7556907 0.8101073 0.8194890 0.8672035 0.7640414 0.5065844 0.5791685 0.9229035 0.0000000 0.8698638 0.8900797 0.8430600 0.8329961 0.8466318 0.8608390 0.8758587 0.5944851 0.8644900 0.8683756 0.8666437 0.8666437 1.0029664 0.8951439 0.8975034 0.9901582 1.0225131 0.8953888 0.8974909 0.9039961 0.9106301 0.9275277 0.9338037 0.9640528 0.9285751 0.9416992 0.8476376 0.9210020 0.9262576 0.9128602 0.9393602 1.0073224 0.9356792 0.9294041 1.0565208 0.7361842 
HoiH23_PlH23_002681-RA                                 0.8155850 0.7383696 0.8226750 0.7723116 0.7335678 0.6682779 0.6894549 0.7856378 0.6062121 0.6254536 0.6225847 0.6179554 0.6259655 0.6069304 0.6195852 0.7993369 0.6046543 0.5306228 0.6049193 0.5924033 0.5646838 0.7696228 0.6690635 0.6531519 0.7136494 0.7548252 0.5694691 0.6475269 0.6803462 0.5396147 0.7005452 0.7061962 0.6951107 0.6378841 0.7325302 0.6921321 0.7608120 0.8134469 0.7332800 0.7760634 0.7157597 0.6996735 0.8007469 0.8032335 0.8698638 0.0000000 0.0301677 0.0731889 0.0824125 0.0862205 0.1265694 0.1393391 0.8614957 0.9093340 0.9136148 0.9160742 0.9160742 0.9814182 0.9081862 0.9055676 1.0430237 1.0568251 0.9097477 0.9068550 0.8895474 0.9045041 0.9375768 0.9421142 1.0125415 0.8788749 0.8732240 0.8266336 0.9337699 0.9407102 0.9107352 1.0083985 1.1217566 1.0225009 1.0385688 1.0027538 0.7158459 
