86
Xesp_005652-T1                                              0.0000000 0.4018379 0.4827053 0.5173238 0.5722199 1.8415326 0.5750890 0.5171608 0.4059483 0.5492112 0.5688912 0.5010653 0.5536637 0.5230812 0.3990533 0.4427629 0.7748459 0.4313397 0.4051391 0.4566544 0.4723900 0.5642234 0.0000010 0.4474395 1.3450863 0.4382582 0.4287539 0.4321583 0.4263041 0.4284217 0.4062433 0.4325244 0.5430508 1.3782709 0.2521501 0.6353195 0.6430738 0.6517840 0.6488296 0.4817910 0.5980022 0.5973835 0.6013266 0.6116728 1.1076400 0.4457133 0.4458131 0.4878540 0.0000010 0.6684203 0.5052946 0.5181931 1.5696591 0.6173554 0.6438452 0.7311214 0.0000010 0.6689740 0.6345812 0.6290453 0.6713307 0.0000010 1.0072392 1.0048458 0.0000010 0.0000010 0.8041497 1.1702967 0.8634699 3.4311049 3.4311049 0.5909772 1.0160780 0.7634437 0.0000010 0.9358522 0.9884834 1.0017873 0.9496232 1.0904661 1.0904661 1.0904661 1.0939911 0.6531961 1.9963769 7.7386658 
Lcom_lcpid242271                                            0.4018379 0.0000000 0.4140267 0.5309983 0.4643259 0.0000010 0.6918818 0.4331169 0.2671093 0.4838334 0.4268122 0.3728774 0.4245964 0.0000010 0.3561090 0.3766532 0.2346967 0.3784327 0.4854528 0.4997491 0.4205904 0.4172318 0.0000010 0.4492745 1.1325678 0.5568792 0.5568792 0.5568792 0.5326643 0.5411786 0.5416197 0.5514433 0.4746958 0.0000010 0.3991275 0.4369564 0.4412446 0.4494164 0.4494164 0.5029528 0.4459636 0.4459636 0.3198697 0.5509588 0.0000010 0.4788261 0.5002854 0.4875603 0.0000010 0.4346567 0.4595412 0.5114577 0.0000010 0.5544125 0.5862148 0.8796160 0.0000010 0.4890159 0.5374929 0.5374929 0.5444918 0.0000010 0.4284459 0.4352582 0.0000010 0.0000010 0.5375755 0.0000010 0.4664020 0.0000010 0.0000010 0.4715383 0.4441039 0.4686103 0.0000010 0.5206647 0.5164980 0.4969018 0.0000010 0.9061636 0.9061636 0.9061636 0.9061636 0.6208160 0.0000010 0.0000010 
Plajan_Pjan_C568560_01                                      0.4827053 0.4140267 0.0000000 0.5614479 0.3449848 0.3419610 0.5264625 0.4820500 0.4812831 0.4998343 0.4910164 0.5040680 0.5602455 0.5356359 0.5228516 0.5000230 0.5706819 0.5202659 0.4868990 0.4950263 0.5124155 0.5637547 0.4721185 0.5359561 0.7063346 0.5276452 0.5396373 0.5175063 0.5086318 0.5554759 0.5894971 0.6497484 0.5993653 0.6347043 0.5315331 0.7538457 0.7586416 0.7679043 0.7718158 0.7710471 0.7310750 0.7273117 0.5255587 0.7102401 0.4915424 0.5070285 0.5231351 0.5181505 0.5808245 0.7385904 0.7473056 0.8638485 0.9220858 0.9159877 0.8796701 0.8945856 0.9599399 0.7840258 0.8298722 0.8132437 0.8162339 0.7377172 1.0298114 1.0875825 1.3529287 1.0941996 1.0463577 0.9190996 1.1003885 1.2593876 1.2593876 0.8738502 1.1295876 1.0073887 0.9205577 0.9853117 1.0387030 1.0379601 1.0966835 1.0225004 1.0608468 1.2128633 1.1702445 0.7854547 1.1477472 1.6925368 
Ocar_g985                                                   0.5173238 0.5309983 0.5614479 0.0000000 0.0676538 2.2393335 1.2662385 0.6451791 0.5214251 0.5941974 0.6987951 0.6076987 0.6225451 0.0000010 0.7117679 0.7206879 0.3705105 0.7036435 0.6739724 0.6862137 0.6974917 0.6697681 3.3453287 0.6965928 0.9428936 0.5758728 0.5696240 0.6199982 0.6210516 0.6279937 0.4792987 0.5177582 0.6526594 2.9338299 0.6096606 0.6938477 0.7023464 0.7150507 0.7150507 0.6214195 0.6821051 0.6821051 0.6418434 0.7449305 0.5685536 0.5795605 0.5698749 0.5793598 0.0000010 0.6718722 0.7735624 0.7003316 0.0000010 0.8638103 0.7966596 0.6091155 4.9539813 0.7935305 0.8584757 0.6992396 0.8952911 0.0000010 1.2139156 1.1092669 0.0000010 4.3441836 1.2539764 3.8334014 0.9196789 3.8334014 3.8334014 0.7531590 1.0625614 1.2496353 4.3441836 1.1331098 1.2347951 1.1836883 3.5697851 1.1561441 1.1561441 0.8618069 0.8618069 0.7549318 0.0000010 0.0000010 
Opea_EP00118_Oscarella_pearsei_P028814                      0.5722199 0.4643259 0.3449848 0.0676538 0.0000000 0.0000010 0.6033522 0.5491872 0.5595858 0.5354259 0.5500836 0.5420700 0.6421917 0.4895656 0.5429290 0.5696433 0.7392225 0.5812426 0.5543720 0.5167212 0.5655820 0.5519704 0.4576384 0.6001223 0.8073967 0.5530586 0.5441270 0.5460691 0.5715323 0.5900988 0.6253992 0.6932208 0.6311510 0.7544736 0.6258065 0.8055073 0.8145033 0.8212793 0.8218710 0.8319809 0.8170603 0.8128673 0.6982335 0.7622345 0.5461569 0.5769098 0.5727855 0.5981529 0.5876300 0.8289669 0.8206580 0.9254783 0.9551143 0.9624889 0.9457365 0.9032191 0.9644955 0.8262094 0.8946005 0.9060103 0.8990251 0.8175086 1.0559584 1.1513855 1.0721562 1.0949752 1.1325908 0.9025034 1.1177748 1.2787746 1.2787746 0.8676834 1.1057267 1.1117381 0.9638557 1.0398743 1.1140602 1.1022672 1.1047753 1.0750826 1.0974164 1.2769495 1.2641473 0.8911159 1.3024468 2.0324860 
Ocar_g9301                                                  1.8415326 0.0000010 0.3419610 2.2393335 0.0000010 0.0000000 0.5464554 0.5853823 0.6032448 0.5666240 0.5773889 0.6109531 0.7266424 0.4895656 0.6009556 0.6283592 0.9096467 0.6508182 0.5999417 0.5658610 0.6295267 0.5930003 0.4576384 0.6414396 0.8064840 0.6254537 0.6162361 0.6050637 0.6450876 0.6725538 0.8406560 0.7661175 0.7383246 0.7544736 0.7673511 0.9619296 0.9671432 0.9811506 0.9829226 1.0074581 0.9798871 0.9798871 0.9691337 0.8734837 0.5619190 0.6569496 0.6362185 0.6770877 0.5876300 1.1917508 0.9325061 1.1938384 0.9551143 1.1536322 1.1438422 1.0293509 0.9644955 0.9694032 1.0695699 1.3137189 1.0814625 0.8175086 1.1572459 1.6129642 1.0721562 1.0949752 1.2692573 0.8978825 1.2198973 1.2787746 1.2787746 1.2620149 1.4876622 1.2639143 0.9638557 1.1278441 1.2010232 1.2075585 1.1047753 1.1298399 1.1697200 1.4507248 1.4862061 1.1551566 1.3024468 2.0324860 
Nemnom_g17393.t1                                            0.5750890 0.6918818 0.5264625 1.2662385 0.6033522 0.5464554 0.0000000 0.0788238 0.3214257 0.3076813 0.3488468 0.3299697 0.3723000 0.5464554 0.3963659 0.4014739 0.0000010 0.4163350 0.4518314 0.4544793 0.4161860 0.6225965 0.0000010 0.4251964 5.7394289 0.4713206 0.4590111 0.4682872 0.4916647 0.4623565 0.4587948 0.6485436 0.4247170 0.5464554 0.3771884 0.7078281 0.7043112 0.7203998 0.7369058 0.6166789 0.7679609 0.7679609 0.0000010 0.6548265 0.5464554 0.4789604 0.4810609 0.4981544 0.0000010 0.6083464 0.6867447 0.5362670 2.9138601 0.7136116 0.7629557 2.2784695 0.0000010 0.7064080 0.6131624 0.6146411 0.5791784 4.5738390 1.0159161 0.9813064 0.0000010 4.5738390 0.8635751 1.1702967 1.4583648 4.5738390 4.5738390 0.7297219 1.0908732 0.7801227 0.0000010 0.9997068 1.0078161 1.0964316 4.5738390 4.5738390 4.5738390 0.0000010 0.0000010 1.2623607 0.0000010 0.0000010 
Rhoesc_Res_011148-T1                                        0.5171608 0.4331169 0.4820500 0.6451791 0.5491872 0.5853823 0.0788238 0.0000000 0.0200650 0.1268346 0.1926815 0.2243556 0.2293797 0.4406989 0.4279577 0.4585454 0.4411504 0.4458094 0.4305382 0.3988686 0.4180874 0.4875727 0.3517758 0.4005426 0.5433191 0.3963478 0.4015406 0.3840421 0.3916217 0.4155538 0.4645619 0.5107136 0.5256366 0.4538912 0.3957611 0.6924713 0.6945387 0.7047148 0.7128297 0.7141568 0.7244165 0.7244165 0.4641694 0.6565766 0.6153707 0.5835588 0.5715335 0.6177972 0.8482901 0.7508092 0.8330724 0.8625574 1.1169322 0.8776884 0.9288753 0.8884968 0.8603935 0.7577419 0.8497323 0.8149243 0.8370707 0.6430138 1.0117533 1.0897465 1.5387046 0.8991026 0.9945596 1.0816897 1.0822015 1.2724987 1.2724987 0.7672074 1.0341801 0.9641967 0.8986741 0.9147738 0.9903901 0.9780170 1.0347918 0.9911044 1.0027629 1.1440422 1.0783727 0.8302731 1.3006631 2.1062432 
Nemnom_g17394.t1                                            0.4059483 0.2671093 0.4812831 0.5214251 0.5595858 0.6032448 0.3214257 0.0200650 0.0000000 0.1116036 0.1544643 0.2067678 0.2046773 0.4294136 0.4489659 0.4911197 0.4498278 0.4476570 0.4387834 0.3859894 0.4277001 0.4614538 0.3729228 0.4113273 0.4871668 0.3835104 0.3925655 0.3730625 0.3768805 0.4181450 0.4689403 0.4787647 0.5826631 0.4777415 0.4076659 0.6988461 0.7023404 0.7127082 0.7179269 0.7356748 0.7434456 0.7434456 0.4391991 0.6624090 0.6162958 0.6253716 0.6005915 0.6710634 0.8520216 0.8178248 0.8687011 1.0018936 1.1116152 0.9325729 0.9807653 0.8478950 0.8574370 0.7941635 0.9076973 0.8888534 0.9048240 0.6235792 1.0424258 1.1959974 1.6332754 0.8996185 1.0731236 1.0784375 1.1015704 1.3030299 1.3030299 0.8556651 1.0943572 1.0624256 0.9022464 0.9389546 1.0277923 0.9918283 1.0333386 0.9918668 1.0018392 1.1458711 1.0931506 0.7395367 1.3217398 2.0637420 
Sanmal_Sma_025034-T1                                        0.5492112 0.4838334 0.4998343 0.5941974 0.5354259 0.5666240 0.3076813 0.1268346 0.1116036 0.0000000 0.1689929 0.2083252 0.2325571 0.4418115 0.4376343 0.4752839 0.4465539 0.4577046 0.4384976 0.3972282 0.4286003 0.4861514 0.3344135 0.4532876 0.5675655 0.4172820 0.4291278 0.4030630 0.3989675 0.4351148 0.4786220 0.5299719 0.5204512 0.4635387 0.4353507 0.6957836 0.6965012 0.7098067 0.7091385 0.7178081 0.7264917 0.7264917 0.5522207 0.6453356 0.5848575 0.5944261 0.5929356 0.6301790 0.8096829 0.7214087 0.8519358 0.8491135 1.1093597 0.8888573 0.9041796 0.9125641 0.8138343 0.7704886 0.8689801 0.8294851 0.8649375 0.6575248 1.0549820 1.1655874 1.4641009 0.9239518 1.0400119 1.0519400 1.1227695 1.3149200 1.3149200 0.7783970 1.0973514 1.0239449 0.8939818 0.9619069 1.0368919 1.0218468 1.0904550 1.0007240 1.0322687 1.1974374 1.1267161 0.8634506 1.3416703 2.1339541 
Hvul_g24018_1                                               0.5688912 0.4268122 0.4910164 0.6987951 0.5500836 0.5773889 0.3488468 0.1926815 0.1544643 0.1689929 0.0000000 0.1352692 0.2196239 0.4470093 0.4505924 0.4831919 0.4914130 0.4383622 0.4306583 0.4273959 0.4350203 0.4854791 0.3741625 0.4406532 0.5383588 0.4085307 0.4104418 0.4051570 0.3854593 0.4365543 0.4713143 0.5243268 0.5570497 0.4612549 0.4355593 0.7056645 0.7122380 0.7283353 0.7302264 0.7474754 0.7587928 0.7545117 0.5212835 0.6424171 0.6004605 0.5821410 0.5815124 0.6080911 0.7085654 0.7730643 0.8020657 0.8261765 1.0559362 0.8991754 0.8973897 0.8987732 0.7989327 0.7705046 0.8158670 0.7864771 0.8077160 0.6129308 1.0707352 1.2087824 1.6721332 0.9630908 1.0415945 0.9175382 1.0928785 1.2370852 1.2370852 0.8843745 1.1549413 1.0224929 0.8510482 0.9800437 1.0176898 0.9619161 1.0785648 0.9515442 1.0426685 1.2141714 1.1808540 0.8238338 1.3902916 1.8254408 
Chem_TCONS_00073047                                         0.5010653 0.3728774 0.5040680 0.6076987 0.5420700 0.6109531 0.3299697 0.2243556 0.2067678 0.2083252 0.1352692 0.0000000 0.2654192 0.3980078 0.4762698 0.5177675 0.4797240 0.4752563 0.4601101 0.4468847 0.4628840 0.5133901 0.4631294 0.4560681 0.4928682 0.4175748 0.4214549 0.4120829 0.4039023 0.4474812 0.4782861 0.5265311 0.5865372 0.4980410 0.4321098 0.7313909 0.7389773 0.7689896 0.7666930 0.7858147 0.7786027 0.7745453 0.5204530 0.6524154 0.6803388 0.6262926 0.6257740 0.6488793 1.0968400 0.7701211 0.8715778 0.8826877 1.1281113 0.9362079 0.9225739 0.9223836 0.9357466 0.8283276 0.9070615 0.8369643 0.8866182 0.6254278 1.0897477 1.1923250 1.3624984 1.0108178 1.0913809 1.0229194 1.1160533 1.2429868 1.2429868 0.9046258 1.1440971 1.0400736 0.8848069 1.0063153 1.0463986 1.0174789 1.0805562 0.9822874 1.0525714 1.2060325 1.1735482 0.8023829 1.2411001 1.9608522 
Morvir_scaffold108.g2.t2                                    0.5536637 0.4245964 0.5602455 0.6225451 0.6421917 0.7266424 0.3723000 0.2293797 0.2046773 0.2325571 0.2196239 0.2654192 0.0000000 0.4734952 0.5056739 0.5588834 0.4865735 0.5047717 0.4598112 0.4576221 0.5011830 0.5388568 0.4217606 0.4742922 0.6175055 0.4637692 0.4719040 0.4503338 0.4416467 0.4898494 0.5126617 0.5880224 0.6010272 0.5381622 0.4565546 0.8192575 0.8253699 0.8383965 0.8405035 0.8514474 0.8768972 0.8726634 0.4404777 0.6844624 0.6885873 0.6519686 0.6493409 0.6757984 1.0352359 0.8165001 0.8604698 0.8962514 1.3148948 0.9739832 0.9818675 0.9719519 0.8850788 0.8775902 0.9315408 0.8932021 0.9241560 0.6913143 1.0924708 1.1532192 1.4971975 0.9188002 1.1031198 1.0328850 1.1428042 1.3614976 1.3614976 0.8367126 1.1524850 1.0355392 0.8831613 1.0083497 1.1007658 1.0963772 1.1390286 1.0187525 1.0727709 1.2352167 1.1740209 0.9190539 1.4193664 1.9916921 
Lcom_lcpid192475                                            0.5230812 0.0000010 0.5356359 0.0000010 0.4895656 0.4895656 0.5464554 0.4406989 0.4294136 0.4418115 0.4470093 0.3980078 0.4734952 0.0000000 0.1481641 0.2336780 0.6157196 0.3340241 0.3502802 0.4077477 0.3269341 0.3378563 0.2756496 0.4627965 1.4861959 0.5394658 0.4879386 0.4905896 0.4345668 0.4759210 4.5197255 0.5371616 0.3031641 0.5325272 0.5390301 0.6493656 0.6493656 0.6722480 0.6506053 0.6288284 0.6700233 0.6700233 0.0000010 0.5527341 0.6290788 0.6395069 0.6163379 0.6334828 0.0000010 0.8905296 0.6578288 0.7510881 1.1608657 1.3219457 1.1992437 1.0485106 0.0000010 0.8365755 0.8708775 1.6080935 0.9003538 1.0175906 1.1434779 9.0000000 0.0000010 0.9985064 1.0511244 0.2165812 1.0999158 1.0999158 1.0999158 0.0000010 2.3706069 1.0404101 0.7266821 1.1744019 1.1723276 1.2266306 1.1608519 1.1485343 1.1485343 1.3048173 4.1281188 0.0000010 0.0000010 2.0852264 
Acagra_model.g28778.t1.2.5d3b8c64                           0.3990533 0.3561090 0.5228516 0.7117679 0.5429290 0.6009556 0.3963659 0.4279577 0.4489659 0.4376343 0.4505924 0.4762698 0.5056739 0.1481641 0.0000000 0.2174292 0.2436246 0.2811815 0.3732340 0.3484881 0.3669437 0.4266834 0.3486265 0.4894657 0.8157208 0.4836116 0.4741023 0.4625446 0.4747252 0.4959299 0.5661935 0.6351622 0.4347026 0.6761594 0.5003997 0.7659355 0.7750684 0.7795681 0.7735527 0.7918933 0.7793850 0.7753604 0.5333358 0.5303449 0.6997973 0.6524935 0.6494901 0.6577048 1.0704095 0.7203749 0.9084586 0.7550047 1.0243930 0.9032072 0.9044273 0.9049445 0.7674458 0.8111566 0.8569572 0.8721059 0.8281610 0.8714737 1.0741501 1.1397329 1.5633454 0.9346987 1.0104152 0.8703020 1.1189298 1.2644987 1.2644987 0.8046615 1.0869903 0.9849097 0.9243195 0.9877971 1.0443207 1.0130676 1.0826401 1.0901850 1.1377365 1.3337723 1.3201990 0.7944222 1.1654504 2.3292757 
Cgig_XM_034480854.1                                         0.4427629 0.3766532 0.5000230 0.7206879 0.5696433 0.6283592 0.4014739 0.4585454 0.4911197 0.4752839 0.4831919 0.5177675 0.5588834 0.2336780 0.2174292 0.0000000 0.2572698 0.3176936 0.3901977 0.3721101 0.3783204 0.4631593 0.4211525 0.5263239 0.7069170 0.4968989 0.4809662 0.4563742 0.4553217 0.4924510 0.5434604 0.5963756 0.4372541 0.6583116 0.5027513 0.7923522 0.8020427 0.8010299 0.8022908 0.8041414 0.8200242 0.8158553 0.5138378 0.5664218 0.6511449 0.6393377 0.6417522 0.6210555 1.0879611 0.7237241 0.9055594 0.7808436 1.1433687 0.9336016 0.9505891 0.9711538 0.7683975 0.8085887 0.8970639 0.8926952 0.8900543 1.0016241 1.0859388 1.0784024 1.7710649 1.0842639 0.9904609 1.0374491 1.1334215 1.3642143 1.3642143 0.7560166 1.0170370 0.9995712 1.0662354 1.0403510 1.0732062 1.0495252 1.2401080 1.1545946 1.1423638 1.2745856 1.2413007 0.8234348 1.1633371 1.9610553 
Lcom_lcpid130422                                            0.7748459 0.2346967 0.5706819 0.3705105 0.7392225 0.9096467 0.0000010 0.4411504 0.4498278 0.4465539 0.4914130 0.4797240 0.4865735 0.6157196 0.2436246 0.2572698 0.0000000 0.3082572 0.5336047 0.4948282 0.4478025 0.6056886 0.0000010 0.6587421 0.6244599 0.5591613 0.5734244 0.5034770 0.5186309 0.6266656 0.5669768 0.7728008 0.8441353 0.7614670 0.5721998 1.0815749 1.0812043 1.1022297 1.0890055 1.1487547 1.1356548 1.1356548 0.4977016 0.8565672 0.7310284 0.8158979 0.7982987 0.8261423 0.0000010 0.9640363 1.0546278 0.9964497 0.0000010 1.1385226 1.1779479 1.0673228 0.0000010 0.9759847 1.1066468 1.1066468 1.0418132 0.0000010 1.3478837 1.3485837 0.0000010 0.0000010 1.2247728 0.0000010 1.2957214 2.1418803 2.1418803 1.0693061 1.3523630 1.2334824 2.7623394 1.1912705 1.1932559 1.1616959 4.4653245 1.1795452 1.1795452 1.1795452 1.1795452 0.8768350 1.2170616 2.7189612 
Ctel_gnl_WGS_AMQN_CAPTEDRAFT_mRNA161426                     0.4313397 0.3784327 0.5202659 0.7036435 0.5812426 0.6508182 0.4163350 0.4458094 0.4476570 0.4577046 0.4383622 0.4752563 0.5047717 0.3340241 0.2811815 0.3176936 0.3082572 0.0000000 0.3618477 0.3151179 0.3975183 0.4111129 0.4447042 0.5031532 0.6907214 0.4798769 0.4676260 0.4677549 0.4479817 0.5101699 0.5247821 0.6090898 0.4264246 0.6388609 0.4756263 0.7940498 0.7993567 0.8130418 0.8052464 0.8502042 0.8154594 0.8154594 0.5192017 0.5436962 0.6754202 0.6206334 0.6179979 0.6192148 0.8947571 0.7151595 0.8526582 0.7832013 1.1047720 0.8651664 0.8670435 0.8890889 0.8362060 0.7870455 0.8522023 0.8266795 0.8248990 0.9590812 1.1108185 1.1153133 1.5984954 1.0936801 1.0489071 0.9953160 1.1422862 1.3587741 1.3587741 0.7847094 1.0365604 1.0299838 1.0339072 1.0086844 1.0324587 0.9893785 1.1875624 1.1054586 1.1367487 1.2848636 1.2460835 0.8115975 1.1256348 2.1942184 
Bralan_BLAG07000893_1                                       0.4051391 0.4854528 0.4868990 0.6739724 0.5543720 0.5999417 0.4518314 0.4305382 0.4387834 0.4384976 0.4306583 0.4601101 0.4598112 0.3502802 0.3732340 0.3901977 0.5336047 0.3618477 0.0000000 0.2392366 0.3050834 0.4080084 0.3851662 0.4546754 0.6619733 0.4520590 0.4473336 0.4246606 0.4433792 0.4496564 0.5170738 0.5713371 0.4612325 0.6331001 0.4853006 0.7331891 0.7360564 0.7606367 0.7533092 0.7704986 0.7632432 0.7593411 0.5674374 0.5380554 0.6927769 0.6186769 0.6266353 0.6090022 0.9520218 0.7815488 0.8236607 0.7929647 1.0718908 0.8993438 0.9140789 0.9596839 0.7726334 0.7913163 0.8746940 0.8646454 0.8858423 0.7101288 1.0357565 1.0901606 2.1329940 0.8476740 1.0401330 0.9356186 1.0793939 1.2428491 1.2428491 0.8450775 1.1482725 0.9846109 0.9538047 0.9746712 1.0170728 1.0304929 0.9526156 1.0367092 1.0312873 1.2648751 1.2454603 0.9418081 1.1041122 1.8978740 
Skow_XM_002740101.2                                         0.4566544 0.4997491 0.4950263 0.6862137 0.5167212 0.5658610 0.4544793 0.3988686 0.3859894 0.3972282 0.4273959 0.4468847 0.4576221 0.4077477 0.3484881 0.3721101 0.4948282 0.3151179 0.2392366 0.0000000 0.3232288 0.3226679 0.3697791 0.4562493 0.6136180 0.4129220 0.4097288 0.3935128 0.4111995 0.4300875 0.4475095 0.5496628 0.4282826 0.6427645 0.4751799 0.7274143 0.7363328 0.7533077 0.7467238 0.7383750 0.7618574 0.7578836 0.6782471 0.5546160 0.5951382 0.5801736 0.5833253 0.5817328 0.7421705 0.7442015 0.8340513 0.7360169 1.0926916 0.8713353 0.8799557 0.9091894 0.7545205 0.7847715 0.8498847 0.8325059 0.8598092 0.8686610 1.0927174 1.1265027 1.7505109 0.9999797 1.0570207 0.9260103 1.1167223 1.2682357 1.2682357 0.8496492 1.0777392 1.0056023 0.9922179 1.0023888 1.0315945 1.0128548 1.0151970 1.0582010 1.0782787 1.2351533 1.2804888 0.8550618 1.1104105 2.0595520 
Hsap_ENST00000299138                                        0.4723900 0.4205904 0.5124155 0.6974917 0.5655820 0.6295267 0.4161860 0.4180874 0.4277001 0.4286003 0.4350203 0.4628840 0.5011830 0.3269341 0.3669437 0.3783204 0.4478025 0.3975183 0.3050834 0.3232288 0.0000000 0.4077141 0.3987251 0.4949129 0.6422562 0.4947864 0.4844261 0.4725207 0.4675536 0.5019938 0.5194690 0.5992766 0.4517916 0.6560932 0.5043673 0.7593047 0.7683857 0.7829328 0.7748223 0.7692597 0.7875088 0.7834526 0.4729943 0.5568442 0.6345059 0.6379588 0.6308857 0.6394147 0.9983593 0.7473071 0.8586433 0.7530678 1.2262452 0.8801073 0.9091158 0.9521307 0.9488747 0.8123473 0.9031579 0.8489264 0.8805462 0.7805646 1.0567537 1.0963681 1.7008904 1.0240427 1.0505460 0.9538839 1.0872575 1.2485191 1.2485191 0.8490286 1.1355393 0.9845330 0.9713265 1.0235635 1.0555587 1.0499265 1.0918085 1.0380234 1.0506561 1.1996402 1.1421334 0.9290540 1.1680927 1.9113512 
Spur_XM_030975266.1                                         0.5642234 0.4172318 0.5637547 0.6697681 0.5519704 0.5930003 0.6225965 0.4875727 0.4614538 0.4861514 0.4854791 0.5133901 0.5388568 0.3378563 0.4266834 0.4631593 0.6056886 0.4111129 0.4080084 0.3226679 0.4077141 0.0000000 0.3360611 0.5207280 0.7622491 0.5199180 0.5045637 0.4906392 0.4886454 0.5236088 0.5819199 0.6323732 0.4876122 0.6754186 0.5533622 0.7886943 0.7968438 0.8130995 0.8079789 0.7934089 0.8035919 0.7995183 0.5226910 0.5744309 0.6806310 0.6559793 0.6779531 0.6638378 1.0152972 0.8026072 0.8609691 0.8018408 1.1450389 0.9503797 0.9194184 0.9711457 0.7601290 0.8111520 0.8796797 0.8570471 0.8840269 0.8093232 1.0217039 1.1180680 1.4816442 0.9781861 1.0459612 0.9065262 1.1221498 1.2444438 1.2444438 0.8662453 1.1932086 1.0402341 0.9622786 1.0284400 1.0758407 1.0822776 1.0593694 1.0588994 1.1012065 1.2822701 1.3022251 0.9369136 1.3111304 2.2461257 
Nvec_v1g146526                                              0.0000010 0.0000010 0.4721185 3.3453287 0.4576384 0.4576384 0.0000010 0.3517758 0.3729228 0.3344135 0.3741625 0.4631294 0.4217606 0.2756496 0.3486265 0.4211525 0.0000010 0.4447042 0.3851662 0.3697791 0.3987251 0.3360611 0.0000000 0.0363985 6.7859565 0.2857937 0.3116563 0.2872750 0.2763795 0.2976262 0.5733629 0.3304884 0.4085812 0.4861354 0.4028882 0.5956809 0.5956809 0.5912375 0.6016633 0.6202567 0.6137627 0.6137627 0.0000010 0.5099942 0.5400201 0.6281572 0.6563155 0.6377463 0.7398317 0.0000010 0.8534816 0.9187952 0.7674336 0.8630771 0.9050618 0.6894373 0.5989125 0.7138008 0.9902008 2.0539910 1.0581793 0.6639079 0.8533192 0.0000010 4.8886288 0.7537297 0.9177346 0.7785192 0.8170456 0.8170456 0.8170456 0.0000010 0.0000010 0.8361444 0.8604673 0.7526046 0.7783687 0.7878308 0.8097108 0.7475235 0.8097108 8.9999984 0.0000010 0.0000010 0.0000010 0.0000010 
Nvec_v1g161846                                              0.4474395 0.4492745 0.5359561 0.6965928 0.6001223 0.6414396 0.4251964 0.4005426 0.4113273 0.4532876 0.4406532 0.4560681 0.4742922 0.4627965 0.4894657 0.5263239 0.6587421 0.5031532 0.4546754 0.4562493 0.4949129 0.5207280 0.0363985 0.0000000 0.5355198 0.2965005 0.2991829 0.2860444 0.2879909 0.3175133 0.3619037 0.4236066 0.6207390 0.5372708 0.4007283 0.7719769 0.7820764 0.7932667 0.8010822 0.7913419 0.7938822 0.7898182 0.6217149 0.6680776 0.6529566 0.6743963 0.6622500 0.6742847 0.9714888 0.7525740 0.8827323 0.8994212 1.1067113 0.9575065 0.9388540 1.0150738 0.7520519 0.7899789 0.8747816 0.8466154 0.8485381 0.7451670 1.0643386 1.1436801 1.3843355 0.8804487 1.0764182 0.9182304 1.0971770 1.2139167 1.2139167 0.8296222 1.1298388 1.0215983 0.9485154 0.9843701 1.0192493 1.0095084 1.0959581 1.0449369 1.0619506 1.2565488 1.1912998 0.9040175 1.4948618 2.1392667 
Adig_XM_015895230.1                                         1.3450863 1.1325678 0.7063346 0.9428936 0.8073967 0.8064840 5.7394289 0.5433191 0.4871668 0.5675655 0.5383588 0.4928682 0.6175055 1.4861959 0.8157208 0.7069170 0.6244599 0.6907214 0.6619733 0.6136180 0.6422562 0.7622491 6.7859565 0.5355198 0.0000000 0.2095047 0.2273813 0.1888051 0.1474258 0.2743167 0.0520631 0.2165119 1.1322070 0.5651991 0.5429792 1.1062576 1.1059061 1.1363221 1.1144184 1.1147263 1.2007898 1.2007898 0.8329980 1.0398550 0.6909571 0.8853611 0.8520774 0.8324799 0.0000010 1.1544683 1.2217985 1.3352322 4.2711537 1.2897825 1.2720422 1.1859458 0.0000010 1.1802398 1.1619343 1.1179506 1.1411481 5.8594573 1.3968934 1.3884295 0.3024083 4.9675997 1.3846657 0.0000010 1.2493874 1.6876507 1.6876507 1.1153817 1.3970053 1.3768339 4.3315139 1.1941929 1.2343736 1.2043773 2.1250967 1.1424918 1.1424918 1.1089517 1.0780804 1.1723898 1.4514385 1.6695771 
Pocdam_XM_027192214.1                                       0.4382582 0.5568792 0.5276452 0.5758728 0.5530586 0.6254537 0.4713206 0.3963478 0.3835104 0.4172820 0.4085307 0.4175748 0.4637692 0.5394658 0.4836116 0.4968989 0.5591613 0.4798769 0.4520590 0.4129220 0.4947864 0.5199180 0.2857937 0.2965005 0.2095047 0.0000000 0.0349342 0.0690917 0.1035700 0.1026256 0.1273606 0.1856763 0.6377367 0.4976894 0.3816104 0.7420445 0.7554066 0.7601110 0.7673821 0.7674603 0.7838463 0.7799026 0.6707776 0.6820410 0.6657678 0.6166019 0.6390503 0.6211632 1.1931564 0.7295992 0.8248887 0.8298512 1.0044867 0.9554133 0.9321523 0.9298295 0.7770234 0.8309598 0.8848319 0.8014418 0.8724819 0.6000408 0.9891004 1.0688952 1.7217022 0.8054555 1.0272781 0.9996669 1.0729451 1.1848524 1.1848524 0.8610384 1.1337150 0.9897280 0.8771100 0.9644690 1.0099232 0.9866127 0.9324293 1.0526745 1.0091919 1.2290424 1.2011206 0.8227010 1.5278496 1.7859061 
Spis_XP_022779540_1                                         0.4287539 0.5568792 0.5396373 0.5696240 0.5441270 0.6162361 0.4590111 0.4015406 0.3925655 0.4291278 0.4104418 0.4214549 0.4719040 0.4879386 0.4741023 0.4809662 0.5734244 0.4676260 0.4473336 0.4097288 0.4844261 0.5045637 0.3116563 0.2991829 0.2273813 0.0349342 0.0000000 0.0796830 0.1116257 0.1109643 0.1348075 0.1949913 0.6053027 0.5027371 0.3885279 0.7428731 0.7563010 0.7610289 0.7656028 0.7737578 0.7842820 0.7803236 0.6913814 0.6686185 0.6795198 0.6175230 0.6320136 0.6274585 1.1772319 0.7147782 0.8128535 0.8328630 1.0324505 0.9409278 0.9334639 0.9282526 0.8165334 0.8453649 0.8741538 0.7873598 0.8677036 0.6446897 1.0296479 1.0764221 2.3370009 0.8244481 1.0647045 1.1372731 1.1216009 1.2637144 1.2637144 0.8657009 1.1154826 1.0218750 1.0039761 0.9794699 1.0258956 0.9946410 0.9440776 1.0620947 1.0215673 1.2283268 1.2143563 0.8346876 1.5609400 1.7941109 
Gasp_gasp1.m3.20876.m1                                      0.4321583 0.5568792 0.5175063 0.6199982 0.5460691 0.6050637 0.4682872 0.3840421 0.3730625 0.4030630 0.4051570 0.4120829 0.4503338 0.4905896 0.4625446 0.4563742 0.5034770 0.4677549 0.4246606 0.3935128 0.4725207 0.4906392 0.2872750 0.2860444 0.1888051 0.0690917 0.0796830 0.0000000 0.0710868 0.0619437 0.1015175 0.1612167 0.5830470 0.5025192 0.3799624 0.7136171 0.7221748 0.7309877 0.7285066 0.7384181 0.7435219 0.7397445 0.6687052 0.6538492 0.6408745 0.6250034 0.6384531 0.6264021 1.2521951 0.7380808 0.8098640 0.8262580 1.0306388 0.9557271 0.9619374 0.9238266 0.8317853 0.8296486 0.8731536 0.7815957 0.8725502 0.6253040 0.9931195 1.0637783 1.6305198 0.8075645 1.0305636 1.0366936 1.0348656 1.1392924 1.1392924 0.8275566 1.0689832 0.9638876 0.9058110 0.9545421 0.9829732 0.9692329 0.9260041 1.0354116 0.9839458 1.1804716 1.1465047 0.8778881 1.4507269 1.8007698 
Gfas_gfas1.m1.3899.m1                                       0.4263041 0.5326643 0.5086318 0.6210516 0.5715323 0.6450876 0.4916647 0.3916217 0.3768805 0.3989675 0.3854593 0.4039023 0.4416467 0.4345668 0.4747252 0.4553217 0.5186309 0.4479817 0.4433792 0.4111995 0.4675536 0.4886454 0.2763795 0.2879909 0.1474258 0.1035700 0.1116257 0.0710868 0.0000000 0.1010155 0.0847660 0.1468874 0.6014713 0.4642563 0.3698872 0.7134385 0.7223504 0.7295976 0.7286826 0.7409159 0.7464852 0.7425717 0.6235309 0.6481097 0.6330549 0.6116975 0.6088630 0.5981169 1.2850190 0.7068196 0.8328267 0.8546073 0.9136543 0.9373922 0.9318512 0.9037721 0.8394961 0.8179969 0.8650663 0.7934874 0.8585781 0.6976159 0.9721228 1.0440579 1.6910387 0.7261867 1.0179870 0.9618445 1.0092596 1.1230177 1.1230177 0.8167857 1.0553287 0.9583675 0.9230545 0.9463732 0.9713942 0.9445113 0.9229657 1.0318209 0.9790457 1.1484962 1.1469407 0.8733701 1.4855436 1.7782178 
Fspp_ffun1.m4.10578.m1                                      0.4284217 0.5411786 0.5554759 0.6279937 0.5900988 0.6725538 0.4623565 0.4155538 0.4181450 0.4351148 0.4365543 0.4474812 0.4898494 0.4759210 0.4959299 0.4924510 0.6266656 0.5101699 0.4496564 0.4300875 0.5019938 0.5236088 0.2976262 0.3175133 0.2743167 0.1026256 0.1109643 0.0619437 0.1010155 0.0000000 0.1270708 0.1896678 0.6460623 0.5054296 0.4152917 0.7732438 0.7823421 0.7919383 0.7924276 0.7992744 0.8083533 0.8042602 0.7108785 0.7076722 0.7331869 0.6645446 0.6648441 0.6505284 1.2420792 0.7641607 0.8584922 0.8632389 1.0534092 0.9945355 1.0078657 0.9998907 0.8724841 0.8998017 0.9342088 0.8641411 0.9353486 0.6264554 1.0496217 1.1811577 1.6525267 0.8307670 1.0872969 1.0505076 1.1135138 1.1497865 1.1497865 0.9730272 1.2021002 1.0332407 0.9482521 1.0036921 1.0383162 1.0188869 0.9137122 1.1242118 1.0878267 1.3459789 1.3649159 0.9687208 1.8890087 1.7737449 
Adig_XM_015905984.1                                         0.4062433 0.5416197 0.5894971 0.4792987 0.6253992 0.8406560 0.4587948 0.4645619 0.4689403 0.4786220 0.4713143 0.4782861 0.5126617 4.5197255 0.5661935 0.5434604 0.5669768 0.5247821 0.5170738 0.4475095 0.5194690 0.5819199 0.5733629 0.3619037 0.0520631 0.1273606 0.1348075 0.1015175 0.0847660 0.1270708 0.0000000 0.0933845 0.7503594 0.7055773 0.4057759 0.8050267 0.8177150 0.8546372 0.8415925 0.8757947 0.8682193 0.8623112 0.7096264 0.7406146 0.7929079 0.6850857 0.6533923 0.6429216 1.3395270 0.7519477 0.9089375 0.8998450 8.8207524 0.9281305 0.9404689 1.0280072 1.1941180 0.8779047 0.8900912 0.7215721 0.8807447 0.0000010 1.1416627 1.0237903 2.2196620 6.3746509 1.1375523 1.6164466 1.2394397 1.8082965 1.8082965 0.8268392 1.1215448 1.0762309 1.5064891 1.0300786 1.0792696 1.0379617 5.9799656 1.1800349 1.1628287 1.1135566 1.0715689 0.9152333 1.4514385 1.9963751 
Amil_Amillepora09077-RA                                     0.4325244 0.5514433 0.6497484 0.5177582 0.6932208 0.7661175 0.6485436 0.5107136 0.4787647 0.5299719 0.5243268 0.5265311 0.5880224 0.5371616 0.6351622 0.5963756 0.7728008 0.6090898 0.5713371 0.5496628 0.5992766 0.6323732 0.3304884 0.4236066 0.2165119 0.1856763 0.1949913 0.1612167 0.1468874 0.1896678 0.0933845 0.0000000 0.6937426 0.6029863 0.4972392 0.8525442 0.8622551 0.8847705 0.8897907 0.8633030 0.8984860 0.8938103 0.7096264 0.8230269 0.8196747 0.7697740 0.7516759 0.7377122 1.3395270 1.0066855 0.8777349 0.9858768 1.0588918 1.1002956 1.0936719 1.1004072 0.8369042 0.9718953 0.9977233 0.9515555 0.9772068 0.6224391 1.1667203 1.3608358 2.2196620 0.8136384 1.1450819 1.0371199 1.1618258 1.2441626 1.2441626 1.0408333 1.3960249 1.1047601 0.9412916 1.0954312 1.1551752 1.1351679 0.9624739 1.1654942 1.1524636 1.4355815 1.4480864 0.9013463 2.5757376 1.6725887 
Cscu_XM_023362967.1                                         0.5430508 0.4746958 0.5993653 0.6526594 0.6311510 0.7383246 0.4247170 0.5256366 0.5826631 0.5204512 0.5570497 0.5865372 0.6010272 0.3031641 0.4347026 0.4372541 0.8441353 0.4264246 0.4612325 0.4282826 0.4517916 0.4876122 0.4085812 0.6207390 1.1322070 0.6377367 0.6053027 0.5830470 0.6014713 0.6460623 0.7503594 0.6937426 0.0000000 0.9327766 0.6271471 0.8801547 0.8873301 0.9033221 0.9027931 0.9315695 0.8912294 0.8929347 0.4798642 0.5492279 0.7579279 0.6968435 0.7216003 0.6992696 0.7611282 0.8806421 0.9793334 0.7588752 1.1362205 1.0079221 1.0507256 1.0784818 0.8555102 0.8365950 0.9418044 0.9928576 0.9260246 0.8272598 1.1422316 1.2410874 1.3669852 0.8652252 1.1082581 0.9570085 1.2525214 1.3311927 1.3311927 1.0503144 1.3267377 1.1260943 0.9268108 1.1664910 1.1785232 1.1477596 0.9877604 1.1981181 1.2283883 1.5511910 1.6015391 0.8639910 2.2927975 2.4552226 
Xesp_005654-T1                                              1.3782709 0.0000010 0.6347043 2.9338299 0.7544736 0.7544736 0.5464554 0.4538912 0.4777415 0.4635387 0.4612549 0.4980410 0.5381622 0.5325272 0.6761594 0.6583116 0.7614670 0.6388609 0.6331001 0.6427645 0.6560932 0.6754186 0.4861354 0.5372708 0.5651991 0.4976894 0.5027371 0.5025192 0.4642563 0.5054296 0.7055773 0.6029863 0.9327766 0.0000000 0.1763563 0.9770083 0.9826653 1.0050163 1.0214752 1.0230347 1.0695651 1.0695651 0.0000010 0.9359857 0.6757403 0.7609168 0.7274515 0.7481931 0.9878770 1.3040520 1.0586659 1.3567254 0.9494164 1.2534341 1.2203616 1.0724823 0.9879562 1.0926419 1.2459262 1.7258631 1.2932988 0.7072056 1.2583584 2.3208661 2.0266223 1.0472390 1.3033815 1.0686977 1.2811589 1.3185620 1.3185620 1.8578316 1.7327063 1.3364851 0.9948240 1.1798504 1.2909549 1.2724123 1.2473838 1.2708570 1.2989644 1.7519009 1.6114328 0.0000010 1.8418277 2.3739466 
Dgig_XM_028536510.1                                         0.2521501 0.3991275 0.5315331 0.6096606 0.6258065 0.7673511 0.3771884 0.3957611 0.4076659 0.4353507 0.4355593 0.4321098 0.4565546 0.5390301 0.5003997 0.5027513 0.5721998 0.4756263 0.4853006 0.4751799 0.5043673 0.5533622 0.4028882 0.4007283 0.5429792 0.3816104 0.3885279 0.3799624 0.3698872 0.4152917 0.4057759 0.4972392 0.6271471 0.1763563 0.0000000 0.7841256 0.7960608 0.8009407 0.8038698 0.7815513 0.8166827 0.8124782 0.6008754 0.7191620 0.6696780 0.5591354 0.5714126 0.5780427 0.9634417 0.7457925 0.8291292 0.9435572 1.0553613 0.8727742 0.8994784 0.9260524 0.9125637 0.7647471 0.8270977 0.7767503 0.8452216 0.6729412 1.0487953 1.1137391 1.6242684 0.9436607 1.0277726 1.0745330 1.1289641 1.2693820 1.2693820 0.8621814 1.0825955 1.0307162 0.9860123 0.9951388 1.0518157 1.0292854 1.2196644 1.1272053 1.1199614 1.2761274 1.1509219 0.8253967 1.5468937 1.8907114 
Hhon_g07831.t1                                              0.6353195 0.4369564 0.7538457 0.6938477 0.8055073 0.9619296 0.7078281 0.6924713 0.6988461 0.6957836 0.7056645 0.7313909 0.8192575 0.6493656 0.7659355 0.7923522 1.0815749 0.7940498 0.7331891 0.7274143 0.7593047 0.7886943 0.5956809 0.7719769 1.1062576 0.7420445 0.7428731 0.7136171 0.7134385 0.7732438 0.8050267 0.8525442 0.8801547 0.9770083 0.7841256 0.0000000 0.0056807 0.0377775 0.0317498 0.0762022 0.1181359 0.1164206 0.7187937 0.9366674 0.9901058 0.9419265 0.9366417 0.9360714 1.2166226 0.9026372 1.1500517 1.1351568 1.1232545 1.1340749 1.1094972 1.1185947 0.8357315 1.0022303 0.9752815 0.9756807 1.0109821 1.0480995 1.2306928 1.3297104 1.5754508 1.2489399 1.2513289 1.2174547 1.3061482 1.4757523 1.4757523 1.0024684 1.4023066 1.2263507 1.2327639 1.2373546 1.2364096 1.2745423 1.2300643 1.2452006 1.2775147 1.4179642 1.4384863 0.9185543 1.7433814 1.9577155 
HoiH04_mRNA95                                               0.6430738 0.4412446 0.7586416 0.7023464 0.8145033 0.9671432 0.7043112 0.6945387 0.7023404 0.6965012 0.7122380 0.7389773 0.8253699 0.6493656 0.7750684 0.8020427 1.0812043 0.7993567 0.7360564 0.7363328 0.7683857 0.7968438 0.5956809 0.7820764 1.1059061 0.7554066 0.7563010 0.7221748 0.7223504 0.7823421 0.8177150 0.8622551 0.8873301 0.9826653 0.7960608 0.0056807 0.0000000 0.0407590 0.0317286 0.0798335 0.1199347 0.1216103 0.7187937 0.9492418 0.9933180 0.9518773 0.9465622 0.9449390 1.2466609 0.9167416 1.1485349 1.1419847 1.1232545 1.1464438 1.1179004 1.1173379 0.8357315 1.0234474 0.9888072 0.9910911 1.0295883 1.0480995 1.2381257 1.3348826 1.6442428 1.2489399 1.2579066 1.2345512 1.3090833 1.4803515 1.4803515 0.9850689 1.3964230 1.2243668 1.2463962 1.2424285 1.2444299 1.2801319 1.2300643 1.2504448 1.2773413 1.4177956 1.4382953 0.9283709 1.7620724 1.9577155 
HoiH23_PlH23_009382-RA                                      0.6517840 0.4494164 0.7679043 0.7150507 0.8212793 0.9811506 0.7203998 0.7047148 0.7127082 0.7098067 0.7283353 0.7689896 0.8383965 0.6722480 0.7795681 0.8010299 1.1022297 0.8130418 0.7606367 0.7533077 0.7829328 0.8130995 0.5912375 0.7932667 1.1363221 0.7601110 0.7610289 0.7309877 0.7295976 0.7919383 0.8546372 0.8847705 0.9033221 1.0050163 0.8009407 0.0377775 0.0407590 0.0000000 0.0243396 0.0749766 0.1202218 0.1203442 0.6982974 0.9743622 1.0061626 0.9691796 0.9579558 0.9620169 1.3127546 0.9094261 1.1690055 1.1683470 1.1144930 1.1493088 1.1450372 1.1258109 0.8470415 1.0334004 0.9855110 0.9910199 1.0288077 1.0565543 1.2422887 1.3343633 1.6416028 1.2489089 1.2959841 1.2843923 1.3438408 1.5265923 1.5265923 1.0358538 1.4248294 1.2609347 1.2714579 1.2741600 1.2904722 1.3125790 1.2378002 1.2690414 1.2973278 1.4378540 1.4556104 0.9105924 1.6873278 1.9440037 
HoiH06_mRNA2719                                             0.6488296 0.4494164 0.7718158 0.7150507 0.8218710 0.9829226 0.7369058 0.7128297 0.7179269 0.7091385 0.7302264 0.7666930 0.8405035 0.6506053 0.7735527 0.8022908 1.0890055 0.8052464 0.7533092 0.7467238 0.7748223 0.8079789 0.6016633 0.8010822 1.1144184 0.7673821 0.7656028 0.7285066 0.7286826 0.7924276 0.8415925 0.8897907 0.9027931 1.0214752 0.8038698 0.0317498 0.0317286 0.0243396 0.0000000 0.0750498 0.1184180 0.1200948 0.6982974 0.9610621 1.0103587 0.9755395 0.9669590 0.9673455 1.3170743 0.9061763 1.1701011 1.1608875 1.1026962 1.1415194 1.1321673 1.1286772 0.8642211 1.0360476 0.9795101 0.9743395 1.0241542 1.0480995 1.2530560 1.3457955 1.6050178 1.2240225 1.2759779 1.2887362 1.3320094 1.5089806 1.5089806 1.0133683 1.4042782 1.2470178 1.2748991 1.2658503 1.2644546 1.2983464 1.2426093 1.2517820 1.2749964 1.4076366 1.4341222 0.9105924 1.7366010 1.9054461 
HoiH11_mRNA5053                                             0.4817910 0.5029528 0.7710471 0.6214195 0.8319809 1.0074581 0.6166789 0.7141568 0.7356748 0.7178081 0.7474754 0.7858147 0.8514474 0.6288284 0.7918933 0.8041414 1.1487547 0.8502042 0.7704986 0.7383750 0.7692597 0.7934089 0.6202567 0.7913419 1.1147263 0.7674603 0.7737578 0.7384181 0.7409159 0.7992744 0.8757947 0.8633030 0.9315695 1.0230347 0.7815513 0.0762022 0.0798335 0.0749766 0.0750498 0.0000000 0.1019250 0.1019250 0.6874601 0.9302446 1.0318613 0.9749039 0.9612968 0.9870603 1.3698803 0.8525016 1.1337076 1.1360724 1.0766740 1.0955409 1.1018524 1.1407294 0.8546247 0.9783715 0.9426936 0.9156295 0.9939666 1.0832123 1.1966497 1.2272452 1.7118070 1.2793259 1.2454896 1.3407918 1.3578054 1.5793891 1.5793891 1.0055107 1.2754053 1.2249921 1.3079606 1.1946502 1.1953502 1.2324457 1.2628381 1.2972080 1.3363567 1.4837657 1.5065323 0.8931239 1.7768155 1.9604114 
Tadh_TriadT30598                                            0.5980022 0.4459636 0.7310750 0.6821051 0.8170603 0.9798871 0.7679609 0.7244165 0.7434456 0.7264917 0.7587928 0.7786027 0.8768972 0.6700233 0.7793850 0.8200242 1.1356548 0.8154594 0.7632432 0.7618574 0.7875088 0.8035919 0.6137627 0.7938822 1.2007898 0.7838463 0.7842820 0.7435219 0.7464852 0.8083533 0.8682193 0.8984860 0.8912294 1.0695651 0.8166827 0.1181359 0.1199347 0.1202218 0.1184180 0.1019250 0.0000000 0.0014144 0.6525970 0.9681581 1.0400071 0.9343674 0.9423536 0.9626908 1.2276742 0.9373633 1.1444307 1.1469636 1.0976388 1.1423596 1.1263979 1.1352855 0.8524454 1.0394952 1.0044448 1.0254362 1.0263513 1.0797524 1.2459977 1.2971569 1.4302072 1.2554317 1.2879329 1.2699104 1.3511984 1.5887342 1.5887342 0.9309189 1.3300998 1.2209887 1.2536200 1.2342449 1.2584637 1.2934828 1.2731302 1.2716438 1.3143169 1.4731256 1.4706952 0.8369010 1.8161704 2.0443965 
TrH2_TrispH2_000697-RA                                      0.5973835 0.4459636 0.7273117 0.6821051 0.8128673 0.9798871 0.7679609 0.7244165 0.7434456 0.7264917 0.7545117 0.7745453 0.8726634 0.6700233 0.7753604 0.8158553 1.1356548 0.8154594 0.7593411 0.7578836 0.7834526 0.7995183 0.6137627 0.7898182 1.2007898 0.7799026 0.7803236 0.7397445 0.7425717 0.8042602 0.8623112 0.8938103 0.8929347 1.0695651 0.8124782 0.1164206 0.1216103 0.1203442 0.1200948 0.1019250 0.0014144 0.0000000 0.6525970 0.9631787 1.0400071 0.9295813 0.9375081 0.9578140 1.2276742 0.9299136 1.1444307 1.1411168 1.0976388 1.1362764 1.1204224 1.1352855 0.8524454 1.0340178 0.9991741 1.0170898 1.0209645 1.0797524 1.2459977 1.2971569 1.4302072 1.2554317 1.2879329 1.2699104 1.3511984 1.5887342 1.5887342 0.9309189 1.3300998 1.2209887 1.2536200 1.2342449 1.2527516 1.2891630 1.2731302 1.2716438 1.3143169 1.4731256 1.4706952 0.8369010 1.8161704 2.0443965 
Lcom_lcpid255647                                            0.6013266 0.3198697 0.5255587 0.6418434 0.6982335 0.9691337 0.0000010 0.4641694 0.4391991 0.5522207 0.5212835 0.5204530 0.4404777 0.0000010 0.5333358 0.5138378 0.4977016 0.5192017 0.5674374 0.6782471 0.4729943 0.5226910 0.0000010 0.6217149 0.8329980 0.6707776 0.6913814 0.6687052 0.6235309 0.7108785 0.7096264 0.7096264 0.4798642 0.0000010 0.6008754 0.7187937 0.7187937 0.6982974 0.6982974 0.6874601 0.6525970 0.6525970 0.0000000 0.5993912 0.6243085 0.6838339 0.7114890 0.7580114 0.0000010 0.5901219 0.7923938 0.6227118 0.0000010 0.7526490 0.7824716 0.8086092 0.0000010 0.5989520 0.7449579 0.7449579 0.7452255 0.0000010 0.6390150 0.6390150 0.3701232 0.0000010 0.6708515 0.0000010 0.7390849 0.0000010 0.0000010 0.7006703 0.7177748 0.7106917 0.0000010 0.7980473 0.6409402 0.6856107 0.0000010 0.7857450 0.7857450 0.7857450 0.7857450 0.7171410 0.8452044 0.0000010 
