62
Lcom_lcpid53796                                        0.0000000 0.0549677 0.5750835 0.5153854 0.6582134 1.4264600 1.7615342 1.9242317 1.8236393 1.9325180 1.7616953 1.8555552 1.8849229 2.1791791 1.7555106 3.0247730 2.2217925 1.1064487 1.8997600 2.1864674 2.3099499 2.0557162 2.2501643 1.9954659 2.3463769 2.0938599 2.2466761 2.3437468 2.2622859 2.4505880 3.3682091 2.2107893 3.2355742 3.3754823 2.5830733 1.1697214 1.6545744 1.7797381 2.5208996 2.1987654 3.2264034 2.0826670 2.2793585 2.1241313 2.4712537 2.8676071 2.7762881 2.3284145 1.8491927 1.8115202 2.9170326 2.9770521 1.9559857 2.3926848 2.7491685 3.3504727 3.3336623 3.1522000 3.4136910 3.3986407 3.0806615 3.2686738 
Lcom_lcpid78180                                        0.0549677 0.0000000 1.2651588 0.5930987 1.1480771 1.9312003 2.6620964 3.1788287 2.7088180 2.8258711 2.5705949 2.7032908 2.8217169 2.8622607 0.0000010 3.7918988 2.6223823 0.0000010 2.3019192 2.8123970 3.1618717 2.2580058 3.1618717 2.3477925 3.1618717 2.2580058 3.2427158 3.2427158 3.0298103 3.3025298 0.0000010 2.8051135 0.0000010 3.5976567 0.0000010 1.8552763 1.7599740 2.6338807 3.1042088 3.0808146 2.4644369 2.7647491 2.5759416 3.3522652 3.5055446 7.6337720 6.2144597 5.5388192 2.1867755 2.7305959 4.8483251 5.3459951 2.6022458 2.4829245 5.7253797 4.2519135 6.8393290 4.7501479 4.9891423 4.3816639 4.7318525 1.6387199 
Leuniv_Lniv_scaffold16028_01                           0.5750835 1.2651588 0.0000000 0.5265435 0.6294718 1.1550281 1.3854502 1.5003224 1.4204014 1.2921276 1.3415983 1.3621512 1.3285165 2.1254728 3.4644742 3.5683433 2.2280250 4.2822026 1.8309914 2.0768816 1.9717618 1.9717618 1.8352460 1.8352460 1.9369840 1.9369840 1.8294009 2.0076647 1.8784331 1.9879287 2.8415191 1.9980544 2.5750326 4.0333789 2.7460846 1.2606223 1.6455285 1.7207210 2.2294366 1.9923198 3.8244733 1.9911569 2.4063782 2.0428838 2.1460142 2.1228389 2.0289025 2.0664534 1.9740961 1.7474211 2.2417323 2.1568033 1.9821990 2.4386901 1.8230328 2.9569071 3.1536070 2.8238016 2.4885672 2.3635133 3.0063209 2.9009452 
Scil_scict022351.5                                     0.5153854 0.5930987 0.5265435 0.0000000 0.5292349 1.3615926 1.6821011 1.8508945 1.6853037 1.7810847 1.6065473 1.7329410 1.7869480 1.9901034 3.0437670 3.6254419 2.1900721 3.1631682 1.7521027 2.0795605 2.0854422 1.8107628 2.0170256 1.7256523 2.0919468 1.8145657 2.0440325 2.1088169 1.9379788 2.0936776 2.9122589 2.0439873 2.4115303 4.5634315 3.8401574 1.1636663 1.5885506 1.6041506 2.6083836 2.1268309 3.1498976 1.9686339 2.1600862 2.0816023 2.4192653 2.6618916 2.4596069 1.9578761 1.8214840 1.7048944 2.4937555 2.2386145 1.7514185 2.1429043 2.5741068 2.9173844 3.2008071 2.6517553 3.0351689 2.8587559 3.2551409 2.7142237 
Gracom_Gcom_scaffold17119_01                           0.6582134 1.1480771 0.6294718 0.5292349 0.0000000 1.5870718 1.7806023 1.9103699 1.8217737 1.9429460 1.7961532 1.9028708 1.9517679 2.1770599 2.2556062 3.3447315 2.2527211 5.1487886 1.9435368 2.1048165 2.1821834 1.8640744 2.1599778 1.8357319 2.1981994 1.8802308 2.1233880 2.2598099 2.1483135 2.2100267 2.7476939 2.2564119 2.4048240 4.4625836 4.5300445 1.1899154 1.4412727 1.8899930 2.2861042 2.1052926 3.3664289 1.9481659 2.1086019 2.1964162 2.4767074 2.7665694 2.5274522 2.5126049 2.0194343 1.7865732 2.9619639 2.7564942 1.8992045 2.3164547 2.5910375 3.1654294 3.0435223 3.0513282 2.9775894 3.1073419 3.3598906 3.1028963 
Pbac_sb2659964                                         1.4264600 1.9312003 1.1550281 1.3615926 1.5870718 0.0000000 0.4140521 0.4140521 0.4181244 0.4480759 0.4169441 0.4332891 0.4622800 0.4169452 0.0000010 0.0000010 0.4448445 0.0000010 0.4480731 0.3948243 0.3770178 0.3806348 0.3770178 0.3806348 0.3770178 0.3806348 0.4007435 0.4007435 0.4158184 0.3869471 0.0000010 0.1680830 0.0000010 2.1509228 4.5789587 1.2412650 1.5174591 1.4841894 1.7029656 1.2797329 3.2706123 1.2424120 1.2481381 1.3267994 1.8173810 1.5369301 1.5901703 1.4026212 1.4431147 1.4953964 2.2338531 2.4076078 1.5046344 1.8397105 1.7156071 1.5889662 2.4291697 1.6232648 1.7890808 1.7039476 2.1581210 1.6807665 
Horcal_Hcv1.av93.c7.g939.i1                            1.7615342 2.6620964 1.3854502 1.6821011 1.7806023 0.4140521 0.0000000 0.0471544 0.2836239 0.3490737 0.2744016 0.4185803 0.4614833 0.3934583 1.7479358 1.9359103 0.4158949 1.7479358 0.3774621 0.4819015 0.5879042 0.4374568 0.5879042 0.4377519 0.5879042 0.4374568 0.5910105 0.6006519 0.5796734 0.6397333 0.4437962 0.7200814 1.7479358 3.2779726 2.6362105 1.6661360 1.7967255 1.7000221 2.0485393 1.5239026 2.5153632 1.5208385 1.3951232 1.6489822 1.8887912 2.8215883 2.4965880 2.3420064 1.4927582 1.8962634 2.4410601 2.7080462 1.5853759 1.7520180 2.2091732 2.2735236 2.6854080 2.3334659 2.4521370 2.4725329 2.8389703 1.9303742 
Pbac_sb2650792                                         1.9242317 3.1788287 1.5003224 1.8508945 1.9103699 0.4140521 0.0471544 0.0000000 0.3076040 0.3829783 0.3051898 0.4303078 0.4754725 0.4181971 1.7479358 1.8828482 0.4230211 1.7479358 0.3892162 0.5265924 0.6051826 0.4390408 0.6051826 0.4380769 0.6051826 0.4390408 0.6049168 0.6143966 0.6325323 0.6516047 0.4437962 0.7354009 1.7479358 3.2390335 2.6362105 1.8747737 1.8205604 1.8431329 2.1476846 1.6380078 2.6746023 1.5448139 1.4396805 1.6871417 2.0236559 2.9666955 2.5898905 2.3653196 1.4927582 1.9521669 2.6501826 3.0042349 1.6026399 1.8024421 2.5010957 2.4170893 2.8108985 2.5062838 2.5606579 2.5205553 2.9819426 1.9303742 
Mlei_ML1066.g18.i1                                     1.8236393 2.7088180 1.4204014 1.6853037 1.8217737 0.4181244 0.2836239 0.3076040 0.0000000 0.0000010 0.1257022 0.2056106 0.2174961 0.2443391 0.0000010 1.8749142 0.2180328 0.0000010 0.2632947 0.3105247 0.5792062 0.4332251 0.5792062 0.4361296 0.5792062 0.4332251 0.5866194 0.5814500 0.5703910 0.5838525 0.4068611 0.6237070 0.0000010 2.8955996 1.6424889 1.5862010 1.6955851 1.5309550 2.0222027 1.4550158 2.4684715 1.4782261 1.5065421 1.5890141 2.0345839 2.5758624 2.3824313 2.0064710 1.5180834 1.6023033 2.4341720 2.6748843 1.4069875 1.6619549 2.0730030 2.0978880 2.7609639 2.2149744 2.3044534 2.2958814 2.6719359 1.9291067 
Vmul_sbMO454487                                        1.9325180 2.8258711 1.2921276 1.7810847 1.9429460 0.4480759 0.3490737 0.3829783 0.0000010 0.0000000 0.1488277 0.1968908 0.1968908 0.3245162 0.0000010 2.0925512 0.2879220 0.0000010 0.3146102 0.4012573 0.6447379 0.4421357 0.6447379 0.4465666 0.6447379 0.4421357 0.6534799 0.6534799 0.5787876 0.6318965 0.0000010 0.7389097 0.0000010 2.8955996 1.6424889 1.5439352 1.9114932 1.7641234 1.8453961 1.6470353 2.1370897 1.6540163 1.6046797 1.7359459 2.0797110 2.6011865 2.3344319 1.5855360 1.8255016 1.7647499 2.6266674 2.7943447 1.6320552 1.8120941 2.6950938 2.3886801 3.3429767 2.4606758 2.4852800 2.3819742 2.9279741 1.7197200 
Beraby_Baby_sb337251                                   1.7616953 2.5705949 1.3415983 1.6065473 1.7961532 0.4169441 0.2744016 0.3051898 0.1257022 0.1488277 0.0000000 0.2335420 0.2491860 0.2853224 1.7479358 1.8537121 0.2931577 1.7479358 0.2992859 0.3408293 0.5614780 0.4257088 0.5614780 0.4272348 0.5614780 0.4257088 0.5684301 0.5780445 0.5470059 0.5614671 0.4252882 0.6095537 1.7479358 2.7350317 1.6558489 1.6033675 1.6973855 1.5887775 1.8801519 1.3747546 2.2699307 1.4706174 1.4992774 1.5294889 1.9326355 2.4551008 2.3233210 1.9707958 1.4552397 1.5723880 2.2487416 2.5229337 1.3220452 1.5381567 2.0727696 2.0648672 2.5823249 2.0751420 2.2480659 2.3270260 2.4918237 1.8621677 
Drygla_Dgla_sb287093                                   1.8555552 2.7032908 1.3621512 1.7329410 1.9028708 0.4332891 0.4185803 0.4303078 0.2056106 0.1968908 0.2335420 0.0000000 0.0067295 0.3551754 0.0000010 2.0316002 0.3607428 0.0000010 0.3900328 0.4840232 0.6665185 0.5235099 0.6665185 0.5152969 0.6665185 0.5235099 0.6567758 0.6567758 0.5972604 0.6284895 1.1669928 0.7544063 0.0000010 3.0362508 1.6456130 1.5650563 1.6226297 1.4607528 1.8122092 1.4518843 2.2582402 1.3547931 1.4034448 1.6765076 1.7760769 2.3444928 2.2433327 1.6989022 1.5818784 1.6301009 2.4180285 2.6701559 1.5270139 1.6620953 2.3843504 2.1540751 2.8076389 2.1857080 2.2426366 2.1096413 2.4957322 1.7238200 
Drygla_Dgla_sb287094                                   1.8849229 2.8217169 1.3285165 1.7869480 1.9517679 0.4622800 0.4614833 0.4754725 0.2174961 0.1968908 0.2491860 0.0067295 0.0000000 0.3821580 0.0000010 2.0316002 0.3894529 0.0000010 0.4119488 0.5482110 0.6721685 0.5045742 0.6721685 0.4948407 0.6721685 0.5045742 0.6609588 0.6609588 0.6206707 0.6260528 2.7390595 0.7754642 0.0000010 3.0362508 1.6456130 1.5742168 1.8253420 1.7304440 1.9513522 1.6792348 2.2769592 1.5516685 1.5997105 1.7831626 1.9611891 2.5223592 2.4004192 1.7641397 1.8719562 1.8116791 2.6232542 2.9167507 1.7317239 1.8823410 2.7822499 2.4571060 3.3661559 2.6124681 2.6858983 2.5642661 2.9602857 1.9579604 
Lampan_Lpan_15067_01                                   2.1791791 2.8622607 2.1254728 1.9901034 2.1770599 0.4169452 0.3934583 0.4181971 0.2443391 0.3245162 0.2853224 0.3551754 0.3821580 0.0000000 0.2859009 1.5602034 0.4857235 0.9348416 0.3657918 0.5106122 0.8918166 0.8076647 0.7903659 0.6807610 0.8735821 0.7872307 0.7838900 0.8957143 0.7205870 0.8318148 1.2444391 0.8668926 1.4870932 2.1420595 0.8153013 1.9772486 2.0809675 1.9831385 2.0407965 1.9960853 3.3082881 2.0311947 2.2216138 1.8111142 1.9472522 3.0018160 2.7113372 2.6007918 2.5524801 2.0708072 2.3156534 2.5585270 2.0863846 2.3483654 2.4550967 2.4154814 3.4368939 2.5166656 2.7664995 2.6502964 3.3679110 3.5880643 
Coeast_Cast_sb780246                                   1.7555106 0.0000010 3.4644742 3.0437670 2.2556062 0.0000010 1.7479358 1.7479358 0.0000010 0.0000010 1.7479358 0.0000010 0.0000010 0.2859009 0.0000000 0.0000010 0.1306894 0.1474448 0.0000010 0.3869400 0.0000010 0.0000010 0.0000010 0.0000010 0.0000010 0.0000010 0.0000010 0.7556755 0.0000010 0.5650754 0.1065370 0.5086525 0.5086525 0.3527655 0.3527655 0.5607371 0.0000010 0.6417045 2.0149746 8.8280410 8.9999981 4.6762099 4.6762099 6.7811329 5.2433115 6.3952137 6.3697424 6.3697424 8.0797793 2.1175918 0.6417045 0.6417045 5.2749232 8.3691758 0.6417045 4.1929108 8.9469136 4.5662959 8.9999989 9.0000000 2.4900315 3.9161231 
Coemet_Cmet_scaffold12156_01                           3.0247730 3.7918988 3.5683433 3.6254419 3.3447315 0.0000010 1.9359103 1.8828482 1.8749142 2.0925512 1.8537121 2.0316002 2.0316002 1.5602034 0.0000010 0.0000000 0.8170519 0.3657696 1.9370706 1.7835383 4.6283993 4.9364554 3.6249045 4.0186968 4.4413523 4.6929722 4.5571823 2.4101591 2.8917116 1.8413811 2.1375833 2.1086358 1.8658106 0.8298468 0.5267283 5.0586392 4.3746972 2.5202828 2.7019404 4.8198820 6.6090411 3.9624407 6.0882231 3.8033873 2.6484586 8.3159659 7.0759241 4.9885849 8.2493389 4.1818929 2.2138590 1.8976612 3.9858528 5.7752557 2.1730114 3.5182348 5.6933662 2.7548920 4.8229356 4.0364965 4.3572243 8.9999984 
Vmul_sbMO476456                                        2.2217925 2.6223823 2.2280250 2.1900721 2.2527211 0.4448445 0.4158949 0.4230211 0.2180328 0.2879220 0.2931577 0.3607428 0.3894529 0.4857235 0.1306894 0.8170519 0.0000000 0.2252355 0.1804011 0.6353254 1.0663088 0.9803838 0.9601356 0.8389250 1.0376084 0.9483783 0.8948395 0.9787691 0.8374415 0.9552972 1.3963656 0.9824143 1.5236790 2.1757171 0.7764113 2.1074906 2.1427554 2.0866994 2.0114627 2.2371156 3.9750417 2.1990501 2.4349430 1.9892453 2.1252463 3.0503784 2.9237158 2.7472743 2.6213339 2.0750954 2.5832597 2.7435054 2.2514358 2.6578924 2.1819449 2.5507706 3.6380966 2.4531453 2.9625580 2.9136592 3.3165103 4.4092181 
Vmul_sbMO476460                                        1.1064487 0.0000010 4.2822026 3.1631682 5.1487886 0.0000010 1.7479358 1.7479358 0.0000010 0.0000010 1.7479358 0.0000010 0.0000010 0.9348416 0.1474448 0.3657696 0.2252355 0.0000000 0.0000010 3.1543728 9.0000000 9.0000000 9.0000000 9.0000000 9.0000000 9.0000000 9.0000000 2.6806536 0.0000010 1.8210967 8.9999981 2.0149256 2.0149256 0.2591715 0.2591715 1.9437392 9.0000000 3.5492811 2.0149746 6.8432202 7.0551190 4.4991294 4.4991294 4.6804989 5.2433115 6.3952137 6.3697424 6.3697424 6.5955906 2.9696882 0.6417045 0.6417045 7.3259214 7.4916153 0.6417045 9.0000000 9.0000000 4.5662959 8.9999989 9.0000000 3.6279864 5.2009122 
Coeast_Cast_sb774005                                   1.8997600 2.3019192 1.8309914 1.7521027 1.9435368 0.4480731 0.3774621 0.3892162 0.2632947 0.3146102 0.2992859 0.3900328 0.4119488 0.3657918 0.0000010 1.9370706 0.1804011 0.0000010 0.0000000 0.4408717 0.7538259 0.6389876 0.7538259 0.6513161 0.7538259 0.6389876 0.7159186 0.7213155 0.6875484 0.7010843 1.2211608 0.7519480 0.0000010 3.1246094 1.6831429 1.7807375 1.8458726 1.9196602 1.8612098 1.6325240 2.8135175 1.6873292 1.8029435 1.5185003 2.0066215 2.6179546 2.5435879 2.6064120 2.1291120 1.8523741 2.5375532 2.8307970 1.7864463 1.9650487 2.3124177 2.1844282 3.1431378 2.3287950 2.6978543 2.6541483 2.8950697 2.9137785 
Eupdun_Edun_sb10645388                                 2.1864674 2.8123970 2.0768816 2.0795605 2.1048165 0.3948243 0.4819015 0.5265924 0.3105247 0.4012573 0.3408293 0.4840232 0.5482110 0.5106122 0.3869400 1.7835383 0.6353254 3.1543728 0.4408717 0.0000000 0.9372679 0.8945758 0.8091303 0.7389115 0.9215994 0.8765625 0.8744301 0.9404822 0.8176293 0.9176679 1.5447788 0.9387419 1.6620394 2.8446209 1.3248905 2.0925664 2.0420048 1.8822697 1.8816206 2.0869487 3.8905570 2.0413534 2.1670437 1.9641773 2.0795007 2.8397661 2.7028783 2.7328866 2.5010071 1.9137294 2.4395971 2.5071838 2.0689031 2.6155175 2.1493246 2.6580488 3.3736981 2.5894558 2.7545987 2.6899525 3.3459767 3.8007538 
Bolinf_Binf_sb1260024                                  2.3099499 3.1618717 1.9717618 2.0854422 2.1821834 0.3770178 0.5879042 0.6051826 0.5792062 0.6447379 0.5614780 0.6665185 0.6721685 0.8918166 0.0000010 4.6283993 1.0663088 9.0000000 0.7538259 0.9372679 0.0000000 0.0175856 0.0040672 0.0192519 0.0234601 0.0462740 0.1472654 0.1642948 0.4054663 0.4917843 1.4695204 0.8218065 3.1800665 2.2754516 1.3292584 2.0113920 2.2975901 2.4443102 2.0468824 2.0941978 3.6449903 1.9985153 2.0697916 2.0229226 2.0530676 3.2995174 2.9125502 2.8536829 2.3428977 2.2928379 2.8146424 3.1529528 2.2261127 2.5405166 2.3630706 2.5209042 3.4300561 2.6370022 2.7383371 2.4893265 3.1300465 3.8113907 
Bolinf_Binf_sb1260028                                  2.0557162 2.2580058 1.9717618 1.8107628 1.8640744 0.3806348 0.4374568 0.4390408 0.4332251 0.4421357 0.4257088 0.5235099 0.5045742 0.8076647 0.0000010 4.9364554 0.9803838 9.0000000 0.6389876 0.8945758 0.0175856 0.0000000 0.0242462 0.0194861 0.0462740 0.0272614 0.1484945 0.1684448 0.3775123 0.5042528 1.4695204 0.7408695 3.1800665 2.3906817 1.3292584 1.8264554 2.0302987 2.2010955 1.8964169 1.9992162 3.7774999 1.9175067 1.9982282 1.8364656 1.9620544 2.7304416 2.6368704 2.6817812 2.3428977 2.0109477 2.7688590 3.0025263 2.0768363 2.4478609 2.0283324 2.2802693 3.1259006 2.2458104 2.4680686 2.2389099 3.2037613 3.8113907 
Mertsp_Mesp_sb570336                                   2.2501643 3.1618717 1.8352460 2.0170256 2.1599778 0.3770178 0.5879042 0.6051826 0.5792062 0.6447379 0.5614780 0.6665185 0.6721685 0.7903659 0.0000010 3.6249045 0.9601356 9.0000000 0.7538259 0.8091303 0.0040672 0.0242462 0.0000000 0.0141749 0.0040672 0.0242462 0.1540907 0.1534474 0.4031198 0.4320748 1.3377927 0.7530836 4.1773117 2.2754516 1.3292584 1.8924065 2.2161290 2.2867315 2.0468824 1.8840175 3.3185919 1.8645047 1.8923697 1.8627372 2.0530676 3.2093865 2.8186562 2.7107177 2.1314814 2.1223965 2.8146424 3.1529528 2.1443993 2.3556800 2.3630706 2.4641475 3.3627492 2.5497509 2.7383371 2.4893265 2.9582822 3.5306341 
Mertsp_Mesp_sb570337                                   1.9954659 2.3477925 1.8352460 1.7256523 1.8357319 0.3806348 0.4377519 0.4380769 0.4361296 0.4465666 0.4272348 0.5152969 0.4948407 0.6807610 0.0000010 4.0186968 0.8389250 9.0000000 0.6513161 0.7389115 0.0192519 0.0194861 0.0141749 0.0000000 0.0192519 0.0194861 0.1380717 0.1373877 0.3614745 0.4212569 1.3377927 0.6488995 4.1773117 2.3906817 1.3292584 1.6495865 1.9586862 2.0244754 1.9610279 1.7667056 3.3910283 1.7828104 1.8398090 1.6200866 1.9026655 2.6613361 2.5398819 2.4509959 2.1314814 1.7825350 2.7715845 2.9991918 1.9704221 2.2304931 2.0147458 2.2067026 3.0377760 2.1144568 2.4590114 2.2406281 2.9703508 3.5306341 
Bolinf_Binf_sb1260026                                  2.3463769 3.1618717 1.9369840 2.0919468 2.1981994 0.3770178 0.5879042 0.6051826 0.5792062 0.6447379 0.5614780 0.6665185 0.6721685 0.8735821 0.0000010 4.4413523 1.0376084 9.0000000 0.7538259 0.9215994 0.0234601 0.0462740 0.0040672 0.0192519 0.0000000 0.0179187 0.1472654 0.1758018 0.4054663 0.4736306 1.4628169 0.7973235 3.3729587 2.2754516 1.3292584 1.9862728 2.3113281 2.3695687 2.0468824 2.0001865 3.4540245 1.9718346 2.0345887 2.0173294 2.0530676 3.2995174 2.9125502 2.8536829 2.4211159 2.2832795 2.8146424 3.1529528 2.2753754 2.5708001 2.3630706 2.5209042 3.4807702 2.6211015 2.7383371 2.4893265 3.1918050 3.5094120 
Bolinf_Binf_sb1260029                                  2.0938599 2.2580058 1.9369840 1.8145657 1.8802308 0.3806348 0.4374568 0.4390408 0.4332251 0.4421357 0.4257088 0.5235099 0.5045742 0.7872307 0.0000010 4.6929722 0.9483783 9.0000000 0.6389876 0.8765625 0.0462740 0.0272614 0.0242462 0.0194861 0.0179187 0.0000000 0.1484945 0.1822460 0.3775123 0.4828789 1.4628169 0.7137738 3.3729587 2.3906817 1.3292584 1.7976859 2.0444549 2.1227453 1.8964169 1.8951953 3.5251263 1.8869396 1.9621356 1.8287262 1.9620544 2.7304416 2.6368704 2.6817812 2.4211159 1.9983386 2.7688590 3.0025263 2.1273660 2.4798909 2.0283324 2.2802693 3.1742557 2.2259597 2.4680686 2.2389099 3.2789061 3.5094120 
Vmul_sbMO415032                                        2.2466761 3.2427158 1.8294009 2.0440325 2.1233880 0.4007435 0.5910105 0.6049168 0.5866194 0.6534799 0.5684301 0.6567758 0.6609588 0.7838900 0.0000010 4.5571823 0.8948395 9.0000000 0.7159186 0.8744301 0.1472654 0.1484945 0.1540907 0.1380717 0.1472654 0.1484945 0.0000000 0.0081451 0.4109268 0.4634694 1.3246215 0.7585374 5.2386532 2.1755900 1.3292584 1.9070178 2.2303941 2.2865631 2.0526168 1.8965276 3.3927645 2.0338662 2.0855536 1.8090681 2.1114237 3.0638229 2.7711012 2.4635612 2.2446418 2.1179626 2.7837173 3.1730921 2.2529607 2.4034388 2.2878460 2.7229578 3.5623537 2.5696624 2.6948506 2.5814667 3.1605632 3.1393727 
Mlei_ML0331.g7.i1                                      2.3437468 3.2427158 2.0076647 2.1088169 2.2598099 0.4007435 0.6006519 0.6143966 0.5814500 0.6534799 0.5780445 0.6567758 0.6609588 0.8957143 0.7556755 2.4101591 0.9787691 2.6806536 0.7213155 0.9404822 0.1642948 0.1684448 0.1534474 0.1373877 0.1758018 0.1822460 0.0081451 0.0000000 0.4064211 0.5123125 1.1324813 0.7575346 1.1876555 2.0101744 1.3238199 2.0629058 2.3474142 2.4166348 2.0522828 2.2799145 3.9971690 2.3624530 2.5345890 2.1200124 2.1302976 3.0970364 2.8088339 2.5378181 2.6624015 2.3105185 2.7120080 3.0859837 2.5662758 2.8570523 2.2241391 2.8321406 3.7386731 2.7172469 2.7937701 2.6433133 3.3038282 3.9928675 
Drygla_Dgla_sb278518                                   2.2622859 3.0298103 1.8784331 1.9379788 2.1483135 0.4158184 0.5796734 0.6325323 0.5703910 0.5787876 0.5470059 0.5972604 0.6206707 0.7205870 0.0000010 2.8917116 0.8374415 0.0000010 0.6875484 0.8176293 0.4054663 0.3775123 0.4031198 0.3614745 0.4054663 0.3775123 0.4109268 0.4064211 0.0000000 0.4062188 1.3295302 0.7235003 1.3469270 2.5103947 1.3519266 1.8523998 2.1363299 2.1530295 1.9983998 1.8581369 3.2777676 1.8024906 1.7657233 1.8533181 2.2242423 3.1643708 2.9236122 2.7164035 2.1352235 1.8072910 2.6093538 2.8253572 2.2472885 2.5603548 2.4624292 2.5248539 3.1372273 2.2795724 2.5011832 2.4375896 2.7752831 3.2804336 
Beraby_Baby_sb341002                                   2.4505880 3.3025298 1.9879287 2.0936776 2.2100267 0.3869471 0.6397333 0.6516047 0.5838525 0.6318965 0.5614671 0.6284895 0.6260528 0.8318148 0.5650754 1.8413811 0.9552972 1.8210967 0.7010843 0.9176679 0.4917843 0.5042528 0.4320748 0.4212569 0.4736306 0.4828789 0.4634694 0.5123125 0.4062188 0.0000000 1.1083370 0.7125872 1.0952746 2.0382005 1.1651433 2.0564506 2.3348056 2.4042938 2.1448077 2.2419399 4.0136654 2.0622894 2.1920582 2.1270973 2.1245781 3.1981814 2.9759154 2.9319542 2.3908664 2.2283093 2.6897641 3.0155045 2.6603764 2.9029353 2.3466737 2.7359568 3.8640645 2.6553794 2.8000252 2.7685179 3.0442390 3.9634105 
Pbac_sb2641874                                         3.3682091 0.0000010 2.8415191 2.9122589 2.7476939 0.0000010 0.4437962 0.4437962 0.4068611 0.0000010 0.4252882 1.1669928 2.7390595 1.2444391 0.1065370 2.1375833 1.3963656 8.9999981 1.2211608 1.5447788 1.4695204 1.4695204 1.3377927 1.3377927 1.4628169 1.4628169 1.3246215 1.1324813 1.3295302 1.1083370 0.0000000 0.0322255 0.0000010 0.0000010 0.0000010 3.9866583 2.9000327 3.0418810 6.8368120 3.2461150 8.9999988 3.8560637 3.8560637 3.0582475 2.9463104 3.9801408 4.2454903 4.2454903 2.8638501 2.9762617 2.8396602 3.7612952 2.7503115 3.5356017 1.7629358 3.6273136 4.6639943 4.3109568 3.7497074 3.2419926 5.6395599 5.6228139 
Horcal_Hcv1.av93.c5.g437.i2                            2.2107893 2.8051135 1.9980544 2.0439873 2.2564119 0.1680830 0.7200814 0.7354009 0.6237070 0.7389097 0.6095537 0.7544063 0.7754642 0.8668926 0.5086525 2.1086358 0.9824143 2.0149256 0.7519480 0.9387419 0.8218065 0.7408695 0.7530836 0.6488995 0.7973235 0.7137738 0.7585374 0.7575346 0.7235003 0.7125872 0.0322255 0.0000000 0.0348634 2.3206699 1.7817727 2.0934363 2.3017644 2.3275418 2.1806824 2.1942090 3.9412709 2.1899282 2.2682683 2.1790017 2.1136728 2.9638830 2.6879353 2.7551343 2.6083383 2.3283862 2.4869406 2.9072098 2.3136142 2.5908446 2.2824134 2.4238093 3.4137402 2.4800011 2.6290242 2.4850560 3.2433875 4.1553866 
Pbac_sb2663050                                         3.2355742 0.0000010 2.5750326 2.4115303 2.4048240 0.0000010 1.7479358 1.7479358 0.0000010 0.0000010 1.7479358 0.0000010 0.0000010 1.4870932 0.5086525 1.8658106 1.5236790 2.0149256 0.0000010 1.6620394 3.1800665 3.1800665 4.1773117 4.1773117 3.3729587 3.3729587 5.2386532 1.1876555 1.3469270 1.0952746 0.0000010 0.0348634 0.0000000 0.9272415 0.9272415 8.5875798 3.2433059 2.8612237 2.0149746 6.2748593 7.8872148 5.1040769 5.1040769 4.1389302 5.2433115 7.3266284 8.9999986 8.9999986 8.9999990 8.9999988 0.6417045 0.6417045 5.3718000 9.0000000 0.6417045 3.1350569 8.9999985 5.2554367 8.9999990 9.0000000 4.7523786 8.9999986 
Eupdun_Edun_sb10644883                                 3.3754823 3.5976567 4.0333789 4.5634315 4.4625836 2.1509228 3.2779726 3.2390335 2.8955996 2.8955996 2.7350317 3.0362508 3.0362508 2.1420595 0.3527655 0.8298468 2.1757171 0.2591715 3.1246094 2.8446209 2.2754516 2.3906817 2.2754516 2.3906817 2.2754516 2.3906817 2.1755900 2.0101744 2.5103947 2.0382005 0.0000010 2.3206699 0.9272415 0.0000000 0.3179895 4.5971177 4.6087684 4.3250170 7.5091711 7.5693115 8.9739001 6.3390053 6.4753084 6.9076383 6.2862137 6.9033982 7.6238718 5.0620258 9.0000000 5.2815505 6.4230644 8.9999983 5.0178610 5.9309362 6.5139756 8.3583362 8.9999988 8.1051658 8.9999988 8.3903703 7.4410750 4.8079299 
Eupdun_Edun_sb10644884                                 2.5830733 0.0000010 2.7460846 3.8401574 4.5300445 4.5789587 2.6362105 2.6362105 1.6424889 1.6424889 1.6558489 1.6456130 1.6456130 0.8153013 0.3527655 0.5267283 0.7764113 0.2591715 1.6831429 1.3248905 1.3292584 1.3292584 1.3292584 1.3292584 1.3292584 1.3292584 1.3292584 1.3238199 1.3519266 1.1651433 0.0000010 1.7817727 0.9272415 0.3179895 0.0000000 2.9583223 4.3892319 7.6110758 9.0000000 8.0233867 8.9999983 5.5250545 4.3578937 3.5925602 7.5595455 2.8503519 2.3776341 2.3776341 4.7086062 3.4148129 2.4637502 3.5255227 9.0000000 8.7475999 2.8834044 9.0000000 8.2940869 6.4294125 8.9999983 9.0000000 5.3902521 2.9672569 
Clacor_Ccor_scaffold14539_01                           1.1697214 1.8552763 1.2606223 1.1636663 1.1899154 1.2412650 1.6661360 1.8747737 1.5862010 1.5439352 1.6033675 1.5650563 1.5742168 1.9772486 0.5607371 5.0586392 2.1074906 1.9437392 1.7807375 2.0925664 2.0113920 1.8264554 1.8924065 1.6495865 1.9862728 1.7976859 1.9070178 2.0629058 1.8523998 2.0564506 3.9866583 2.0934363 8.5875798 4.5971177 2.9583223 0.0000000 1.8117051 1.6219268 1.9998749 1.9311611 3.0967181 1.9162576 2.1493775 2.0945855 2.2083992 2.3696965 2.3853397 1.9290930 1.8897548 1.7461783 2.1242278 2.0886438 1.8966063 2.3413690 2.3915056 3.0408882 3.6177936 3.3012481 3.0349489 3.1254083 3.0846451 2.4793178 
Opea_EP00118_Oscarella_pearsei_P022541                 1.6545744 1.7599740 1.6455285 1.5885506 1.4412727 1.5174591 1.7967255 1.8205604 1.6955851 1.9114932 1.6973855 1.6226297 1.8253420 2.0809675 0.0000010 4.3746972 2.1427554 9.0000000 1.8458726 2.0420048 2.2975901 2.0302987 2.2161290 1.9586862 2.3113281 2.0444549 2.2303941 2.3474142 2.1363299 2.3348056 2.9000327 2.3017644 3.2433059 4.6087684 4.3892319 1.8117051 0.0000000 1.0894408 2.3797620 1.9261092 3.2067770 2.0035843 2.0672185 1.8608563 2.2462165 2.1606831 2.1029731 1.5474179 1.8348106 1.6175592 2.2419240 2.3524790 1.8725418 2.1728456 2.4097630 2.7535975 3.0562287 2.7059667 2.5614901 2.4238059 2.7466919 1.9349183 
Plajan_Pjan_C554821_01                                 1.7797381 2.6338807 1.7207210 1.6041506 1.8899930 1.4841894 1.7000221 1.8431329 1.5309550 1.7641234 1.5887775 1.4607528 1.7304440 1.9831385 0.6417045 2.5202828 2.0866994 3.5492811 1.9196602 1.8822697 2.4443102 2.2010955 2.2867315 2.0244754 2.3695687 2.1227453 2.2865631 2.4166348 2.1530295 2.4042938 3.0418810 2.3275418 2.8612237 4.3250170 7.6110758 1.6219268 1.0894408 0.0000000 2.3153494 1.8869650 3.7500439 2.0980646 2.0125804 2.1876541 2.2824551 2.4034538 2.3443136 1.9473188 2.1138862 1.7565242 2.8445230 2.5516638 1.8113640 2.4612813 2.5643479 2.6163079 3.1533980 2.5253751 2.7964804 2.8392114 2.7180267 2.6482319 
Fspp_ffun1.m4.20409.m1                                 2.5208996 3.1042088 2.2294366 2.6083836 2.2861042 1.7029656 2.0485393 2.1476846 2.0222027 1.8453961 1.8801519 1.8122092 1.9513522 2.0407965 2.0149746 2.7019404 2.0114627 2.0149746 1.8612098 1.8816206 2.0468824 1.8964169 2.0468824 1.9610279 2.0468824 1.8964169 2.0526168 2.0522828 1.9983998 2.1448077 6.8368120 2.1806824 2.0149746 7.5091711 9.0000000 1.9998749 2.3797620 2.3153494 0.0000000 0.5753217 0.7505383 1.0002918 0.7592332 1.2021408 1.0135277 2.6028498 2.3899137 2.0063246 4.7167697 2.2237263 3.3787032 2.8068029 1.6803121 2.2263594 3.0039314 2.8682455 3.5165265 3.1453090 3.1078923 3.1510439 2.3680547 8.9999987 
Pocdam_XM_027203723.1                                  2.1987654 3.0808146 1.9923198 2.1268309 2.1052926 1.2797329 1.5239026 1.6380078 1.4550158 1.6470353 1.3747546 1.4518843 1.6792348 1.9960853 8.8280410 4.8198820 2.2371156 6.8432202 1.6325240 2.0869487 2.0941978 1.9992162 1.8840175 1.7667056 2.0001865 1.8951953 1.8965276 2.2799145 1.8581369 2.2419399 3.2461150 2.1942090 6.2748593 7.5693115 8.0233867 1.9311611 1.9261092 1.8869650 0.5753217 0.0000000 0.3378372 0.9612314 0.9755063 1.1394668 1.0166905 2.5388472 2.2799073 2.0342132 2.4895375 2.1376625 2.7641192 2.5742323 1.4633971 1.9597365 2.5148073 2.2652154 2.8212520 2.3815989 2.6214195 2.6432642 2.4681057 3.0549131 
Spis_XP_022810309_1                                    3.2264034 2.4644369 3.8244733 3.1498976 3.3664289 3.2706123 2.5153632 2.6746023 2.4684715 2.1370897 2.2699307 2.2582402 2.2769592 3.3082881 8.9999981 6.6090411 3.9750417 7.0551190 2.8135175 3.8905570 3.6449903 3.7774999 3.3185919 3.3910283 3.4540245 3.5251263 3.3927645 3.9971690 3.2777676 4.0136654 8.9999988 3.9412709 7.8872148 8.9739001 8.9999983 3.0967181 3.2067770 3.7500439 0.7505383 0.3378372 0.0000000 1.5718278 1.3568832 1.8820401 1.8096971 5.6748954 4.4761192 5.9372580 6.2207934 3.7336656 4.4226566 4.2733921 2.4674784 2.9863998 4.7613549 4.5687849 4.1526424 4.8068583 5.2072076 5.2830390 4.2136185 5.5348069 
Nvec_v1g197530                                         2.0826670 2.7647491 1.9911569 1.9686339 1.9481659 1.2424120 1.5208385 1.5448139 1.4782261 1.6540163 1.4706174 1.3547931 1.5516685 2.0311947 4.6762099 3.9624407 2.1990501 4.4991294 1.6873292 2.0413534 1.9985153 1.9175067 1.8645047 1.7828104 1.9718346 1.8869396 2.0338662 2.3624530 1.8024906 2.0622894 3.8560637 2.1899282 5.1040769 6.3390053 5.5250545 1.9162576 2.0035843 2.0980646 1.0002918 0.9612314 1.5718278 0.0000000 0.0283019 1.0290053 1.1680117 2.3837478 2.3430422 2.2323445 2.3768394 1.9517002 2.2570134 2.3002244 1.5623668 1.8251180 2.3845350 2.3269047 2.5734411 1.9969809 2.4591604 2.2802401 2.1272709 2.8160688 
Nvec_v1g222366                                         2.2793585 2.5759416 2.4063782 2.1600862 2.1086019 1.2481381 1.3951232 1.4396805 1.5065421 1.6046797 1.4992774 1.4034448 1.5997105 2.2216138 4.6762099 6.0882231 2.4349430 4.4991294 1.8029435 2.1670437 2.0697916 1.9982282 1.8923697 1.8398090 2.0345887 1.9621356 2.0855536 2.5345890 1.7657233 2.1920582 3.8560637 2.2682683 5.1040769 6.4753084 4.3578937 2.1493775 2.0672185 2.0125804 0.7592332 0.9755063 1.3568832 0.0283019 0.0000000 1.1323767 1.2308204 2.5833829 2.6442854 2.8964324 3.1559909 2.0772321 2.6062441 2.6395268 1.7193507 2.0460212 2.6304970 2.3722991 2.7259964 1.8817481 2.3910038 2.1578576 2.1509207 3.7101013 
Exapal_XM_021036591.2                                  2.1241313 3.3522652 2.0428838 2.0816023 2.1964162 1.3267994 1.6489822 1.6871417 1.5890141 1.7359459 1.5294889 1.6765076 1.7831626 1.8111142 6.7811329 3.8033873 1.9892453 4.6804989 1.5185003 1.9641773 2.0229226 1.8364656 1.8627372 1.6200866 2.0173294 1.8287262 1.8090681 2.1200124 1.8533181 2.1270973 3.0582475 2.1790017 4.1389302 6.9076383 3.5925602 2.0945855 1.8608563 2.1876541 1.2021408 1.1394668 1.8820401 1.0290053 1.1323767 0.0000000 1.2690180 2.7778805 2.3505050 2.2693572 2.0913771 1.9741051 2.3443040 2.3917847 1.9200895 2.1612017 2.5105622 2.3919497 2.7415841 2.5304692 3.0583175 3.0490157 2.3806375 3.3924819 
Adig_XM_015901258.1                                    2.4712537 3.5055446 2.1460142 2.4192653 2.4767074 1.8173810 1.8887912 2.0236559 2.0345839 2.0797110 1.9326355 1.7760769 1.9611891 1.9472522 5.2433115 2.6484586 2.1252463 5.2433115 2.0066215 2.0795007 2.0530676 1.9620544 2.0530676 1.9026655 2.0530676 1.9620544 2.1114237 2.1302976 2.2242423 2.1245781 2.9463104 2.1136728 5.2433115 6.2862137 7.5595455 2.2083992 2.2462165 2.2824551 1.0135277 1.0166905 1.8096971 1.1680117 1.2308204 1.2690180 0.0000000 3.1009009 2.7167612 2.2080285 2.1323812 2.3306298 2.8309672 2.6112804 1.6775261 1.9202613 2.8931220 2.3826063 2.6227039 2.3859611 2.6603003 2.5681278 2.4668953 2.5596950 
Emue_Em0001g3378a.t1                                   2.8676071 7.6337720 2.1228389 2.6618916 2.7665694 1.5369301 2.8215883 2.9666955 2.5758624 2.6011865 2.4551008 2.3444928 2.5223592 3.0018160 6.3952137 8.3159659 3.0503784 6.3952137 2.6179546 2.8397661 3.2995174 2.7304416 3.2093865 2.6613361 3.2995174 2.7304416 3.0638229 3.0970364 3.1643708 3.1981814 3.9801408 2.9638830 7.3266284 6.9033982 2.8503519 2.3696965 2.1606831 2.4034538 2.6028498 2.5388472 5.6748954 2.3837478 2.5833829 2.7778805 3.1009009 0.0000000 0.3065537 0.2674386 1.4006860 1.4273272 2.1110643 2.1631830 2.6334178 2.8081098 2.1401650 3.1869037 3.7778825 3.6138324 3.4701863 3.3159165 3.4212058 2.1606330 
Spolac_c98357_g1_i1_m.17012c98357-g1                   2.7762881 6.2144597 2.0289025 2.4596069 2.5274522 1.5901703 2.4965880 2.5898905 2.3824313 2.3344319 2.3233210 2.2433327 2.4004192 2.7113372 6.3697424 7.0759241 2.9237158 6.3697424 2.5435879 2.7028783 2.9125502 2.6368704 2.8186562 2.5398819 2.9125502 2.6368704 2.7711012 2.8088339 2.9236122 2.9759154 4.2454903 2.6879353 8.9999986 7.6238718 2.3776341 2.3853397 2.1029731 2.3443136 2.3899137 2.2799073 4.4761192 2.3430422 2.6442854 2.3505050 2.7167612 0.3065537 0.0000000 0.0855348 1.3049209 1.2126674 2.2341090 2.3557826 2.3700157 2.6161582 2.0223759 2.9780903 3.3703399 3.0198168 3.1067245 3.0201707 3.2071315 2.0395108 
Spolac_c98357_g1_i3_m.17013c98357-g1                   2.3284145 5.5388192 2.0664534 1.9578761 2.5126049 1.4026212 2.3420064 2.3653196 2.0064710 1.5855360 1.9707958 1.6989022 1.7641397 2.6007918 6.3697424 4.9885849 2.7472743 6.3697424 2.6064120 2.7328866 2.8536829 2.6817812 2.7107177 2.4509959 2.8536829 2.6817812 2.4635612 2.5378181 2.7164035 2.9319542 4.2454903 2.7551343 8.9999986 5.0620258 2.3776341 1.9290930 1.5474179 1.9473188 2.0063246 2.0342132 5.9372580 2.2323445 2.8964324 2.2693572 2.2080285 0.2674386 0.0855348 0.0000000 1.2192632 1.0575642 1.7358136 1.9049459 2.2320205 2.3404457 1.6764102 3.1366868 2.7477049 2.6416374 3.0757182 2.9304751 2.4771304 2.0395108 
Tetwil_g26575.t1                                       1.8491927 2.1867755 1.9740961 1.8214840 2.0194343 1.4431147 1.4927582 1.4927582 1.5180834 1.8255016 1.4552397 1.5818784 1.8719562 2.5524801 8.0797793 8.2493389 2.6213339 6.5955906 2.1291120 2.5010071 2.3428977 2.3428977 2.1314814 2.1314814 2.4211159 2.4211159 2.2446418 2.6624015 2.1352235 2.3908664 2.8638501 2.6083383 8.9999990 9.0000000 4.7086062 1.8897548 1.8348106 2.1138862 4.7167697 2.4895375 6.2207934 2.3768394 3.1559909 2.0913771 2.1323812 1.4006860 1.3049209 1.2192632 0.0000000 0.7404454 1.2428568 1.3932946 2.3653865 2.6021346 1.4302949 3.2728998 2.6298709 2.6717320 3.1141419 3.0416287 2.5872037 1.8651961 
Stycar_maker-SC_scaffold7119-augustus-gene-0.21-mRNA-1 1.8115202 2.7305959 1.7474211 1.7048944 1.7865732 1.4953964 1.8962634 1.9521669 1.6023033 1.7647499 1.5723880 1.6301009 1.8116791 2.0708072 2.1175918 4.1818929 2.0750954 2.9696882 1.8523741 1.9137294 2.2928379 2.0109477 2.1223965 1.7825350 2.2832795 1.9983386 2.1179626 2.3105185 1.8072910 2.2283093 2.9762617 2.3283862 8.9999988 5.2815505 3.4148129 1.7461783 1.6175592 1.7565242 2.2237263 2.1376625 3.7336656 1.9517002 2.0772321 1.9741051 2.3306298 1.4273272 1.2126674 1.0575642 0.7404454 0.0000000 1.3979009 1.4302578 2.2047343 2.7837664 1.4348151 3.0432708 3.4250772 2.3154339 2.9629788 2.8179641 2.5049948 1.7826852 
Aque_Aqu2.1.32147_001                                  2.9170326 4.8483251 2.2417323 2.4937555 2.9619639 2.2338531 2.4410601 2.6501826 2.4341720 2.6266674 2.2487416 2.4180285 2.6232542 2.3156534 0.6417045 2.2138590 2.5832597 0.6417045 2.5375532 2.4395971 2.8146424 2.7688590 2.8146424 2.7715845 2.8146424 2.7688590 2.7837173 2.7120080 2.6093538 2.6897641 2.8396602 2.4869406 0.6417045 6.4230644 2.4637502 2.1242278 2.2419240 2.8445230 3.3787032 2.7641192 4.4226566 2.2570134 2.6062441 2.3443040 2.8309672 2.1110643 2.2341090 1.7358136 1.2428568 1.3979009 0.0000000 0.3769978 2.5687806 2.9755349 2.1510272 3.6045969 3.5042070 3.2205274 3.2591140 3.6237391 3.1116218 0.5555020 
Halamb_c48133_g1_i2mm.2526                             2.9770521 5.3459951 2.1568033 2.2386145 2.7564942 2.4076078 2.7080462 3.0042349 2.6748843 2.7943447 2.5229337 2.6701559 2.9167507 2.5585270 0.6417045 1.8976612 2.7435054 0.6417045 2.8307970 2.5071838 3.1529528 3.0025263 3.1529528 2.9991918 3.1529528 3.0025263 3.1730921 3.0859837 2.8253572 3.0155045 3.7612952 2.9072098 0.6417045 8.9999983 3.5255227 2.0886438 2.3524790 2.5516638 2.8068029 2.5742323 4.2733921 2.3002244 2.6395268 2.3917847 2.6112804 2.1631830 2.3557826 1.9049459 1.3932946 1.4302578 0.3769978 0.0000000 2.3824799 2.8704194 2.1893045 3.6257455 3.3749165 2.8225939 3.3489593 3.7249257 3.2337403 0.5044794 
Dgig_XM_028535037.1                                    1.9559857 2.6022458 1.9821990 1.7514185 1.8992045 1.5046344 1.5853759 1.6026399 1.4069875 1.6320552 1.3220452 1.5270139 1.7317239 2.0863846 5.2749232 3.9858528 2.2514358 7.3259214 1.7864463 2.0689031 2.2261127 2.0768363 2.1443993 1.9704221 2.2753754 2.1273660 2.2529607 2.5662758 2.2472885 2.6603764 2.7503115 2.3136142 5.3718000 5.0178610 9.0000000 1.8966063 1.8725418 1.8113640 1.6803121 1.4633971 2.4674784 1.5623668 1.7193507 1.9200895 1.6775261 2.6334178 2.3700157 2.2320205 2.3653865 2.2047343 2.5687806 2.3824799 0.0000000 0.9382580 2.2347148 2.2772392 2.3884007 2.0134784 2.4750715 2.3221359 2.3852208 3.2393048 
Xesp_013200-T1                                         2.3926848 2.4829245 2.4386901 2.1429043 2.3164547 1.8397105 1.7520180 1.8024421 1.6619549 1.8120941 1.5381567 1.6620953 1.8823410 2.3483654 8.3691758 5.7752557 2.6578924 7.4916153 1.9650487 2.6155175 2.5405166 2.4478609 2.3556800 2.2304931 2.5708001 2.4798909 2.4034388 2.8570523 2.5603548 2.9029353 3.5356017 2.5908446 9.0000000 5.9309362 8.7475999 2.3413690 2.1728456 2.4612813 2.2263594 1.9597365 2.9863998 1.8251180 2.0460212 2.1612017 1.9202613 2.8081098 2.6161582 2.3404457 2.6021346 2.7837664 2.9755349 2.8704194 0.9382580 0.0000000 2.2361301 2.3904100 2.7421588 2.2408042 2.6200677 2.4963729 3.0665549 3.8790284 
Plespi_Pspi_scaffold16087_01                           2.7491685 5.7253797 1.8230328 2.5741068 2.5910375 1.7156071 2.2091732 2.5010957 2.0730030 2.6950938 2.0727696 2.3843504 2.7822499 2.4550967 0.6417045 2.1730114 2.1819449 0.6417045 2.3124177 2.1493246 2.3630706 2.0283324 2.3630706 2.0147458 2.3630706 2.0283324 2.2878460 2.2241391 2.4624292 2.3466737 1.7629358 2.2824134 0.6417045 6.5139756 2.8834044 2.3915056 2.4097630 2.5643479 3.0039314 2.5148073 4.7613549 2.3845350 2.6304970 2.5105622 2.8931220 2.1401650 2.0223759 1.6764102 1.4302949 1.4348151 2.1510272 2.1893045 2.2347148 2.2361301 0.0000000 3.2897836 3.3206955 3.4583224 3.3767080 3.3770502 3.7276358 1.8238248 
Morvir_scaffold156.g5.t1                               3.3504727 4.2519135 2.9569071 2.9173844 3.1654294 1.5889662 2.2735236 2.4170893 2.0978880 2.3886801 2.0648672 2.1540751 2.4571060 2.4154814 4.1929108 3.5182348 2.5507706 9.0000000 2.1844282 2.6580488 2.5209042 2.2802693 2.4641475 2.2067026 2.5209042 2.2802693 2.7229578 2.8321406 2.5248539 2.7359568 3.6273136 2.4238093 3.1350569 8.3583362 9.0000000 3.0408882 2.7535975 2.6163079 2.8682455 2.2652154 4.5687849 2.3269047 2.3722991 2.3919497 2.3826063 3.1869037 2.9780903 3.1366868 3.2728998 3.0432708 3.6045969 3.6257455 2.2772392 2.3904100 3.2897836 0.0000000 2.2060565 1.8104717 2.4121976 2.4780173 2.5081158 4.1515662 
Chem_TCONS_00017953                                    3.3336623 6.8393290 3.1536070 3.2008071 3.0435223 2.4291697 2.6854080 2.8108985 2.7609639 3.3429767 2.5823249 2.8076389 3.3661559 3.4368939 8.9469136 5.6933662 3.6380966 9.0000000 3.1431378 3.3736981 3.4300561 3.1259006 3.3627492 3.0377760 3.4807702 3.1742557 3.5623537 3.7386731 3.1372273 3.8640645 4.6639943 3.4137402 8.9999985 8.9999988 8.2940869 3.6177936 3.0562287 3.1533980 3.5165265 2.8212520 4.1526424 2.5734411 2.7259964 2.7415841 2.6227039 3.7778825 3.3703399 2.7477049 2.6298709 3.4250772 3.5042070 3.3749165 2.3884007 2.7421588 3.3206955 2.2060565 0.0000000 2.0725140 2.2538060 2.3707044 1.9900910 4.0805786 
Sanmal_Sma_015055-T1                                   3.1522000 4.7501479 2.8238016 2.6517553 3.0513282 1.6232648 2.3334659 2.5062838 2.2149744 2.4606758 2.0751420 2.1857080 2.6124681 2.5166656 4.5662959 2.7548920 2.4531453 4.5662959 2.3287950 2.5894558 2.6370022 2.2458104 2.5497509 2.1144568 2.6211015 2.2259597 2.5696624 2.7172469 2.2795724 2.6553794 4.3109568 2.4800011 5.2554367 8.1051658 6.4294125 3.3012481 2.7059667 2.5253751 3.1453090 2.3815989 4.8068583 1.9969809 1.8817481 2.5304692 2.3859611 3.6138324 3.0198168 2.6416374 2.6717320 2.3154339 3.2205274 2.8225939 2.0134784 2.2408042 3.4583224 1.8104717 2.0725140 0.0000000 1.1461027 1.0560458 1.8532661 3.4767383 
Nemnom_g17920.t1                                       3.4136910 4.9891423 2.4885672 3.0351689 2.9775894 1.7890808 2.4521370 2.5606579 2.3044534 2.4852800 2.2480659 2.2426366 2.6858983 2.7664995 8.9999989 4.8229356 2.9625580 8.9999989 2.6978543 2.7545987 2.7383371 2.4680686 2.7383371 2.4590114 2.7383371 2.4680686 2.6948506 2.7937701 2.5011832 2.8000252 3.7497074 2.6290242 8.9999990 8.9999988 8.9999983 3.0349489 2.5614901 2.7964804 3.1078923 2.6214195 5.2072076 2.4591604 2.3910038 3.0583175 2.6603003 3.4701863 3.1067245 3.0757182 3.1141419 2.9629788 3.2591140 3.3489593 2.4750715 2.6200677 3.3767080 2.4121976 2.2538060 1.1461027 0.0000000 0.2675249 2.0857375 3.4762047 
