39
Gfas_gfas1.m1.18614.m1                  0.0000000 1.2260461 1.2256145 0.8897744 0.9931611 0.7940029 2.0855411 2.6798674 2.6548150 8.9999984 8.9999985 4.9425920 4.5714313 3.8154622 3.2345500 4.3624203 3.9726238 5.7081547 5.6052561 4.0631532 3.1654069 2.7532986 5.4518087 3.7772672 4.2104280 5.1309470 4.7609818 4.7507180 3.8067868 5.4929658 4.4924695 7.2761204 3.5270127 3.6009811 4.3977199 4.3291866 4.2318335 4.8683525 2.8490757 
Pocdam_XM_027184376.1                   1.2260461 0.0000000 0.0720453 0.2183198 0.2003547 0.2584398 0.2377851 1.0314114 0.8245245 2.4298070 2.4801920 1.9430281 1.9402502 1.8449029 1.8487062 2.0388348 2.1424443 2.2343771 2.0725280 1.7861323 1.6338808 1.3835194 1.5618476 1.6758959 2.4874064 1.8238615 1.9894010 1.9044519 1.4819927 1.8503195 2.0002038 2.8970733 2.1242676 2.1629723 1.6482633 1.6509199 1.8308707 1.7072983 2.8379771 
Spis_XP_022780170_1                     1.2256145 0.0720453 0.0000000 0.1826389 0.1744853 0.2634036 0.2017580 1.0021255 0.8251086 2.4610934 2.5127768 1.9789982 1.9027675 1.8476820 1.7751207 2.0556417 2.1101546 2.1966390 2.0452632 1.7302819 1.6309327 1.4405768 1.5758988 1.6580582 2.5884416 1.7465150 1.9243043 1.8603407 1.5077912 1.9044794 1.9970527 2.7199361 2.0129821 2.0498866 1.5573764 1.5598312 1.7302998 1.6437488 2.9098737 
Fspp_ffun1.m4.1011.m1                   0.8897744 0.2183198 0.1826389 0.0000000 0.1055846 0.1911860 0.2037181 1.0631997 0.8634519 2.4792111 2.5316208 1.8366835 1.9166810 1.7981977 1.8796971 2.0930028 2.1364973 2.1742522 2.0020620 1.7742726 1.6161390 1.4551145 1.5257716 1.6001923 2.5089098 1.8487072 1.8841849 1.6905228 1.6938219 1.8670111 1.8278525 2.6920490 1.9837335 2.0057975 1.6653595 1.6680250 1.7863076 1.7165915 2.4647806 
Gasp_gasp1.m3.6385.m1                   0.9931611 0.2003547 0.1744853 0.1055846 0.0000000 0.2388306 0.1834666 1.0180252 0.8782866 2.4923848 2.5452363 1.8385197 1.8673232 1.8110480 1.8795086 2.0412909 2.1640740 2.0999915 2.1495636 1.8421342 1.6828937 1.4090359 1.5548090 1.6280565 2.5092875 1.9133277 1.9471975 1.7816582 1.7033819 1.9417762 1.8184052 2.7156845 1.9329150 1.9673295 1.7120578 1.7148253 1.7946190 1.7416356 2.3689543 
Amil_Amillepora01817-RA                 0.7940029 0.2584398 0.2634036 0.1911860 0.2388306 0.0000000 0.2044442 1.0303809 0.8746737 2.5407062 2.6000525 1.5990543 1.5787347 1.6493640 1.7186824 2.0432613 2.1116972 2.0783434 1.9607079 1.6088219 1.4765138 1.3001991 1.4521800 1.3539235 2.3632675 1.8035810 1.8677430 1.7542354 1.6814327 1.7817780 1.8821641 2.5874120 1.8569626 1.8955702 1.6661271 1.6692612 1.8772392 1.7310429 2.1813952 
Gfas_gfas1.m1.18613.m1                  2.0855411 0.2377851 0.2017580 0.2037181 0.1834666 0.2044442 0.0000000 0.6947813 0.4294030 1.8448483 1.5807079 1.2137418 1.3018952 1.4352933 1.3999243 1.6161612 1.5592568 1.4419153 1.3259255 1.3705934 1.1432833 0.9424037 0.9646602 0.9194094 1.6166031 1.5049968 1.6183018 1.6077635 1.3646085 1.6312688 1.6466051 1.7206763 1.4263122 1.4263122 1.0294522 1.0294522 1.1369295 1.1194674 1.5048727 
Nvec_v1g240105                          2.6798674 1.0314114 1.0021255 1.0631997 1.0180252 1.0303809 0.6947813 0.0000000 0.6505360 2.2503833 2.1662820 1.8621906 1.8442610 1.6631430 1.7616368 2.2768029 2.1263091 1.9727009 2.3402603 1.7136169 1.7308872 1.5326446 1.7117574 1.6346143 2.8122474 2.1839209 1.9522809 2.0841371 1.8960382 1.7596742 1.9621102 2.7714324 2.7715096 2.8233316 2.3244659 2.3313176 2.3862891 2.0459137 2.8876368 
Exapal_XM_021041745.2                   2.6548150 0.8245245 0.8251086 0.8634519 0.8782866 0.8746737 0.4294030 0.6505360 0.0000000 2.1614011 2.1551942 1.8480072 1.8574805 1.7633623 1.8203606 2.2682785 2.3420436 2.0041473 2.1837675 1.7038983 1.6236331 1.4342447 1.6673709 1.8005357 2.5580123 1.9834291 2.0586713 1.9246610 1.7851286 1.8876230 1.9802582 3.0338680 2.5225481 2.5499312 2.0645551 2.0307102 2.0669842 1.8702790 2.1623801 
Spolac_c99956_g1_i3_m.21089c99956-g1NA  8.9999984 2.4298070 2.4610934 2.4792111 2.4923848 2.5407062 1.8448483 2.2503833 2.1614011 0.0000000 0.1404963 1.5396272 1.8561696 1.6621754 1.5382940 2.4092984 2.2906201 2.2278375 2.2524682 2.3283414 2.0562453 1.5801472 1.9756140 2.7120652 2.5883306 2.2707965 2.1800597 2.0239557 2.0599483 1.8720759 1.7744719 2.8132368 2.9824735 3.0056320 2.7138108 2.7201701 2.9386293 2.7505473 3.8423429 
Emue_Em0009g45a.t1                      8.9999985 2.4801920 2.5127768 2.5316208 2.5452363 2.6000525 1.5807079 2.1662820 2.1551942 0.1404963 0.0000000 1.4731402 1.6519582 1.5252017 1.5040179 2.3293699 2.1603564 2.0681006 2.2283509 2.3243247 2.0974335 1.6349507 2.0443849 2.8476561 2.5794936 2.2222443 2.1180355 1.9398803 2.0878205 1.9620840 1.8294381 2.7214441 2.9811570 3.0050680 2.6135269 2.6646735 2.8617593 2.7762867 3.1319694 
Gracom_Gcom_C540444_01                  4.9425920 1.9430281 1.9789982 1.8366835 1.8385197 1.5990543 1.2137418 1.8621906 1.8480072 1.5396272 1.4731402 0.0000000 0.2811793 0.3157781 0.7017535 2.2751056 1.8957696 1.7690094 1.8143241 1.6854314 1.4724895 1.2958597 1.4064005 1.6809918 2.2401554 1.8954314 1.8200228 1.9023531 2.0551764 2.0628967 1.7144931 3.0296008 2.8570531 2.8570531 2.4828800 2.4812262 2.4586910 2.6783731 2.2451107 
Lcom_lcpid89760                         4.5714313 1.9402502 1.9027675 1.9166810 1.8673232 1.5787347 1.3018952 1.8442610 1.8574805 1.8561696 1.6519582 0.2811793 0.0000000 0.3342240 0.6824821 2.3367379 2.0442342 1.8693049 2.0515311 1.5027568 1.4927937 1.3016567 1.4033048 1.7703040 2.1530549 1.9655579 1.8563700 2.0343651 1.9579719 2.0238687 1.8207049 2.8513868 3.0831391 3.0831391 2.6256157 2.6206654 2.6016548 2.7423284 2.3585747 
Leuniv_Lniv_scaffold6141_01             3.8154622 1.8449029 1.8476820 1.7981977 1.8110480 1.6493640 1.4352933 1.6631430 1.7633623 1.6621754 1.5252017 0.3157781 0.3342240 0.0000000 0.6614508 2.1104348 2.0239143 1.8952873 1.9462376 1.7126788 1.4678789 1.4279464 1.4449855 1.7234044 2.0056141 1.9499116 1.7082242 1.8977231 1.9578813 2.1136705 1.8161509 2.8387198 2.7767431 2.7767431 2.4507958 2.4572336 2.3720373 2.3986737 2.2411711 
Clacor_Ccor_scaffold6560_01             3.2345500 1.8487062 1.7751207 1.8796971 1.8795086 1.7186824 1.3999243 1.7616368 1.8203606 1.5382940 1.5040179 0.7017535 0.6824821 0.6614508 0.0000000 2.0163320 1.7150302 1.8413254 1.6489099 1.4251087 1.4838106 1.1895658 1.3132351 1.3370190 2.0171907 1.4988343 1.4928440 1.6356989 1.4934395 2.0605241 1.6894751 2.5431893 2.4537747 2.4537747 2.2431025 2.2416786 2.3038606 2.4339038 1.6166817 
Cscu_XM_023384892.1                     4.3624203 2.0388348 2.0556417 2.0930028 2.0412909 2.0432613 1.6161612 2.2768029 2.2682785 2.4092984 2.3293699 2.2751056 2.3367379 2.1104348 2.0163320 0.0000000 1.3432260 1.2840176 1.3524207 1.9159363 1.5458222 1.8329027 1.3160263 1.8393479 2.1072833 2.3066332 2.1214488 2.1016625 2.1092825 2.8004145 2.2314009 3.6072331 2.5432142 2.5597025 2.3296327 2.3520457 2.4770714 2.5944822 2.0607971 
Acagra_model.g9728.t1                   3.9726238 2.1424443 2.1101546 2.1364973 2.1640740 2.1116972 1.5592568 2.1263091 2.3420436 2.2906201 2.1603564 1.8957696 2.0442342 2.0239143 1.7150302 1.3432260 0.0000000 0.8930158 1.0714276 1.7910228 1.4882085 1.4010801 1.4018373 1.8647349 2.4621149 1.8900877 1.7654056 1.8134442 1.6849746 2.4616638 2.0759259 3.2453937 2.5605613 2.5845228 2.3270747 2.3256749 2.4635969 2.9016604 1.8713509 
Cgig_XM_011447998.3                     5.7081547 2.2343771 2.1966390 2.1742522 2.0999915 2.0783434 1.4419153 1.9727009 2.0041473 2.2278375 2.0681006 1.7690094 1.8693049 1.8952873 1.8413254 1.2840176 0.8930158 0.0000000 0.8866567 1.6835381 1.6417089 1.3368838 1.4577644 1.8074008 2.0062329 1.8198523 1.6735740 1.8312686 1.5362318 2.9948147 2.3140881 2.6909960 2.8216446 2.8216446 2.4528571 2.4479642 2.6581046 2.5730074 2.0123549 
Ctel_gnl_WGS_AMQN_CAPTEDRAFT_mRNA228648 5.6052561 2.0725280 2.0452632 2.0020620 2.1495636 1.9607079 1.3259255 2.3402603 2.1837675 2.2524682 2.2283509 1.8143241 2.0515311 1.9462376 1.6489099 1.3524207 1.0714276 0.8866567 0.0000000 1.6293743 1.4212055 1.4045681 1.3700726 1.8653340 2.1122807 1.9799426 2.0889891 2.0499112 1.9626297 2.2800713 2.1444113 2.8290261 2.8256217 2.8614857 2.4108656 2.4151287 2.4780357 2.5729459 2.1742691 
Hsap_ENST00000445726                    4.0631532 1.7861323 1.7302819 1.7742726 1.8421342 1.6088219 1.3705934 1.7136169 1.7038983 2.3283414 2.3243247 1.6854314 1.5027568 1.7126788 1.4251087 1.9159363 1.7910228 1.6835381 1.6293743 0.0000000 1.0500988 1.1014675 1.4429595 1.7158127 1.5141117 1.6724082 1.6880810 1.7303946 1.8084748 2.3074961 1.9547301 3.0449889 2.9720521 3.0107308 2.4182925 2.3993926 2.5941151 2.5646127 1.5705068 
Skow_XM_006813997.1                     3.1654069 1.6338808 1.6309327 1.6161390 1.6828937 1.4765138 1.1432833 1.7308872 1.6236331 2.0562453 2.0974335 1.4724895 1.4927937 1.4678789 1.4838106 1.5458222 1.4882085 1.6417089 1.4212055 1.0500988 0.0000000 0.8843476 1.0189370 1.5339630 1.8586761 1.4961945 1.5905125 1.5528882 1.6636724 2.2769568 1.9420106 2.7066466 2.1849475 2.1871740 1.8048896 1.7777385 1.9628693 1.9318191 1.5688490 
Bralan_BLAG02000966_1                   2.7532986 1.3835194 1.4405768 1.4551145 1.4090359 1.3001991 0.9424037 1.5326446 1.4342447 1.5801472 1.6349507 1.2958597 1.3016567 1.4279464 1.1895658 1.8329027 1.4010801 1.3368838 1.4045681 1.1014675 0.8843476 0.0000000 1.1133807 1.4320364 1.9442789 1.7249499 1.7413837 1.8470785 1.7065433 1.7591234 1.4290299 2.3753949 2.3397989 2.3419188 1.9330626 1.9447505 2.1039824 2.2672688 1.7100477 
Opea_EP00118_Oscarella_pearsei_P029204  5.4518087 1.5618476 1.5758988 1.5257716 1.5548090 1.4521800 0.9646602 1.7117574 1.6673709 1.9756140 2.0443849 1.4064005 1.4033048 1.4449855 1.3132351 1.3160263 1.4018373 1.4577644 1.3700726 1.4429595 1.0189370 1.1133807 0.0000000 0.6778097 1.6453718 1.6585487 1.5652579 1.6307959 1.4305105 1.8551335 1.7637143 2.7491104 2.0048743 2.0241440 1.8565992 1.8599007 1.9536929 2.0408195 1.7354106 
Plajan_Pjan_C527467_01                  3.7772672 1.6758959 1.6580582 1.6001923 1.6280565 1.3539235 0.9194094 1.6346143 1.8005357 2.7120652 2.8476561 1.6809918 1.7703040 1.7234044 1.3370190 1.8393479 1.8647349 1.8074008 1.8653340 1.7158127 1.5339630 1.4320364 0.6778097 0.0000000 1.8078575 1.8106824 1.7694535 1.8274921 1.6837897 2.0452042 1.8343342 2.5228786 2.2765241 2.2971926 1.9378651 1.9411782 2.1643735 2.0426896 2.2853710 
Hsap_ENST00000357635                    4.2104280 2.4874064 2.5884416 2.5089098 2.5092875 2.3632675 1.6166031 2.8122474 2.5580123 2.5883306 2.5794936 2.2401554 2.1530549 2.0056141 2.0171907 2.1072833 2.4621149 2.0062329 2.1122807 1.5141117 1.8586761 1.9442789 1.6453718 1.8078575 0.0000000 2.5599226 2.4902144 2.5774092 2.7277590 3.0455346 2.6308344 3.3869197 2.7162616 2.7303590 2.5548143 2.5706176 2.6417060 2.5778983 2.5089707 
Aaur_scaffold441.g14.t1                 5.1309470 1.8238615 1.7465150 1.8487072 1.9133277 1.8035810 1.5049968 2.1839209 1.9834291 2.2707965 2.2222443 1.8954314 1.9655579 1.9499116 1.4988343 2.3066332 1.8900877 1.8198523 1.9799426 1.6724082 1.4961945 1.7249499 1.6585487 1.8106824 2.5599226 0.0000000 0.4718966 0.4413804 0.5378103 1.6174664 1.5156423 1.3929951 3.6106110 3.6768106 3.0359310 2.9927995 3.3408612 3.0900454 1.8175967 
Rhoesc_Res_009292-T1                    4.7609818 1.9894010 1.9243043 1.8841849 1.9471975 1.8677430 1.6183018 1.9522809 2.0586713 2.1800597 2.1180355 1.8200228 1.8563700 1.7082242 1.4928440 2.1214488 1.7654056 1.6735740 2.0889891 1.6880810 1.5905125 1.7413837 1.5652579 1.7694535 2.4902144 0.4718966 0.0000000 0.2148300 0.6958008 1.4669401 1.4447923 1.7473385 3.3409344 3.3867299 2.7047925 2.7322518 3.0356491 3.0221950 1.9303438 
Nemnom_g1774.t1                         4.7507180 1.9044519 1.8603407 1.6905228 1.7816582 1.7542354 1.6077635 2.0841371 1.9246610 2.0239557 1.9398803 1.9023531 2.0343651 1.8977231 1.6356989 2.1016625 1.8134442 1.8312686 2.0499112 1.7303946 1.5528882 1.8470785 1.6307959 1.8274921 2.5774092 0.4413804 0.2148300 0.0000000 0.6333465 1.4422458 1.3116009 1.5919135 3.2796170 3.2703151 2.6523773 2.6957818 2.8510378 2.7458723 1.8559715 
Sanmal_Sma_013717-T1                    3.8067868 1.4819927 1.5077912 1.6938219 1.7033819 1.6814327 1.3646085 1.8960382 1.7851286 2.0599483 2.0878205 2.0551764 1.9579719 1.9578813 1.4934395 2.1092825 1.6849746 1.5362318 1.9626297 1.8084748 1.6636724 1.7065433 1.4305105 1.6837897 2.7277590 0.5378103 0.6958008 0.6333465 0.0000000 1.6258136 1.5180573 1.8045990 3.0929525 3.1488811 2.5662600 2.5712490 2.9261430 2.9303772 1.8261681 
Hvul_g15833_1                           5.4929658 1.8503195 1.9044794 1.8670111 1.9417762 1.7817780 1.6312688 1.7596742 1.8876230 1.8720759 1.9620840 2.0628967 2.0238687 2.1136705 2.0605241 2.8004145 2.4616638 2.9948147 2.2800713 2.3074961 2.2769568 1.7591234 1.8551335 2.0452042 3.0455346 1.6174664 1.4669401 1.4422458 1.6258136 0.0000000 1.3947047 2.4839382 3.1462509 3.1728645 2.7709007 2.7778506 2.8699772 2.7932535 2.8901960 
Chem_TCONS_00047481                     4.4924695 2.0002038 1.9970527 1.8278525 1.8184052 1.8821641 1.6466051 1.9621102 1.9802582 1.7744719 1.8294381 1.7144931 1.8207049 1.8161509 1.6894751 2.2314009 2.0759259 2.3140881 2.1444113 1.9547301 1.9420106 1.4290299 1.7637143 1.8343342 2.6308344 1.5156423 1.4447923 1.3116009 1.5180573 1.3947047 0.0000000 2.2756820 2.6502852 2.6792136 2.2746730 2.3140712 2.5326840 2.6495474 3.1352198 
Morvir_scaffold181.g20.t1               7.2761204 2.8970733 2.7199361 2.6920490 2.7156845 2.5874120 1.7206763 2.7714324 3.0338680 2.8132368 2.7214441 3.0296008 2.8513868 2.8387198 2.5431893 3.6072331 3.2453937 2.6909960 2.8290261 3.0449889 2.7066466 2.3753949 2.7491104 2.5228786 3.3869197 1.3929951 1.7473385 1.5919135 1.8045990 2.4839382 2.2756820 0.0000000 4.4421368 4.4421368 3.9758859 4.0418760 4.2798730 4.0948045 4.4952005 
TrH2_TrispH2_006753-RA                  3.5270127 2.1242676 2.0129821 1.9837335 1.9329150 1.8569626 1.4263122 2.7715096 2.5225481 2.9824735 2.9811570 2.8570531 3.0831391 2.7767431 2.4537747 2.5432142 2.5605613 2.8216446 2.8256217 2.9720521 2.1849475 2.3397989 2.0048743 2.2765241 2.7162616 3.6106110 3.3409344 3.2796170 3.0929525 3.1462509 2.6502852 4.4421368 0.0000000 0.0063256 0.4250554 0.4216375 0.4231418 0.5691373 4.8036552 
Tadh_TriadT54680                        3.6009811 2.1629723 2.0498866 2.0057975 1.9673295 1.8955702 1.4263122 2.8233316 2.5499312 3.0056320 3.0050680 2.8570531 3.0831391 2.7767431 2.4537747 2.5597025 2.5845228 2.8216446 2.8614857 3.0107308 2.1871740 2.3419188 2.0241440 2.2971926 2.7303590 3.6768106 3.3867299 3.2703151 3.1488811 3.1728645 2.6792136 4.4421368 0.0063256 0.0000000 0.4158510 0.4124577 0.4139682 0.5572800 4.8929659 
Hhon_g08333.t1                          4.3977199 1.6482633 1.5573764 1.6653595 1.7120578 1.6661271 1.0294522 2.3244659 2.0645551 2.7138108 2.6135269 2.4828800 2.6256157 2.4507958 2.2431025 2.3296327 2.3270747 2.4528571 2.4108656 2.4182925 1.8048896 1.9330626 1.8565992 1.9378651 2.5548143 3.0359310 2.7047925 2.6523773 2.5662600 2.7709007 2.2746730 3.9758859 0.4250554 0.4158510 0.0000000 0.0062218 0.1201332 0.2314688 4.1326284 
HoiH04_mRNA5356                         4.3291866 1.6509199 1.5598312 1.6680250 1.7148253 1.6692612 1.0294522 2.3313176 2.0307102 2.7201701 2.6646735 2.4812262 2.6206654 2.4572336 2.2416786 2.3520457 2.3256749 2.4479642 2.4151287 2.3993926 1.7777385 1.9447505 1.8599007 1.9411782 2.5706176 2.9927995 2.7322518 2.6957818 2.5712490 2.7778506 2.3140712 4.0418760 0.4216375 0.4124577 0.0062218 0.0000000 0.1130490 0.2215505 4.0914135 
HoiH23_PlH23_008821-RA                  4.2318335 1.8308707 1.7302998 1.7863076 1.7946190 1.8772392 1.1369295 2.3862891 2.0669842 2.9386293 2.8617593 2.4586910 2.6016548 2.3720373 2.3038606 2.4770714 2.4635969 2.6581046 2.4780357 2.5941151 1.9628693 2.1039824 1.9536929 2.1643735 2.6417060 3.3408612 3.0356491 2.8510378 2.9261430 2.8699772 2.5326840 4.2798730 0.4231418 0.4139682 0.1201332 0.1130490 0.0000000 0.1412217 4.4155043 
HoiH06_mRNA2876                         4.8683525 1.7072983 1.6437488 1.7165915 1.7416356 1.7310429 1.1194674 2.0459137 1.8702790 2.7505473 2.7762867 2.6783731 2.7423284 2.3986737 2.4339038 2.5944822 2.9016604 2.5730074 2.5729459 2.5646127 1.9318191 2.2672688 2.0408195 2.0426896 2.5778983 3.0900454 3.0221950 2.7458723 2.9303772 2.7932535 2.6495474 4.0948045 0.5691373 0.5572800 0.2314688 0.2215505 0.1412217 0.0000000 3.9057824 
Spur_XM_030976945.1                     2.8490757 2.8379771 2.9098737 2.4647806 2.3689543 2.1813952 1.5048727 2.8876368 2.1623801 3.8423429 3.1319694 2.2451107 2.3585747 2.2411711 1.6166817 2.0607971 1.8713509 2.0123549 2.1742691 1.5705068 1.5688490 1.7100477 1.7354106 2.2853710 2.5089707 1.8175967 1.9303438 1.8559715 1.8261681 2.8901960 3.1352198 4.4952005 4.8036552 4.8929659 4.1326284 4.0914135 4.4155043 3.9057824 0.0000000 
