64
Lcom_lcpid146277                                       0.0000000 0.5695765 0.8621615 0.8254497 0.8754974 0.8582497 0.7721829 0.4543169 0.5180172 0.5176182 0.5311450 0.5519959 0.4617619 0.4874612 0.4338609 0.5142343 0.5484363 0.4045667 0.4485116 0.6055316 0.5779990 0.5645546 0.5720265 0.5968848 0.5514145 0.6936927 0.5598666 0.5456339 0.5574068 0.5797161 0.4932463 0.6666187 0.7044781 0.7073830 0.6620405 0.6212341 0.6212341 0.5841777 0.6208690 0.6328237 0.6517716 0.6306443 0.6011829 0.6344692 0.6353617 0.7007401 0.7002682 0.6329176 0.5532864 0.8153598 0.5856572 0.6421381 0.7378584 0.6884511 0.8188561 0.7795610 0.7439096 0.8370764 0.8907543 0.6608453 0.7518911 1.7226411 1.2473996 0.6638348 
Lcom_lcpid240662                                       0.5695765 0.0000000 0.6994564 0.6197508 0.6344634 0.5805330 0.5622329 0.3552190 0.3434994 0.3548535 0.3850420 0.4108575 0.4739953 0.4739953 0.3742013 0.4273264 0.5298646 0.5205427 0.3861283 0.5551923 0.5278779 0.5270378 0.3913641 0.5509671 0.4283851 0.5742232 0.6404424 0.7332885 0.5827001 0.6488514 0.9696431 0.6987071 0.7799704 0.7631183 0.5534533 0.6569103 0.6569103 0.6290576 0.6214754 0.6172635 0.6637331 0.6633536 0.4634231 0.5412212 0.7469869 0.8082552 0.6687390 0.6486232 0.6396906 0.7279828 0.6322273 0.6828596 0.7056091 0.7105272 0.7071387 0.7050628 0.7212315 1.8877984 0.8660787 0.5021586 1.3275760 1.3727949 1.1350014 0.4984326 
Lcom_lcpid96864                                        0.8621615 0.6994564 0.0000000 0.1278445 0.1584212 0.1486809 0.4317483 0.5783243 0.6285698 0.6202282 0.6011544 0.6049759 0.5523088 0.6350027 0.5470160 0.5984517 0.6526249 0.5949914 0.7309995 0.6518304 0.6271085 0.5972445 0.4960145 0.5712100 0.5909214 0.6339915 0.7600719 0.7901382 0.5660340 0.5858947 0.7825712 0.8252993 0.8232351 0.7790674 0.7643345 0.7412451 0.7412451 0.7424045 0.7526082 0.7298521 0.7024216 0.7135073 0.7097299 0.6687548 0.8770985 0.6799482 0.6813745 0.6008184 0.7000264 0.8259341 0.7737743 0.7809160 0.8073576 0.7769115 0.8363576 0.8250028 0.8727572 1.6045196 0.9091714 0.7554834 0.9187081 1.6651052 1.2486330 0.8716356 
Gracom_Gcom_scaffold16413_01                           0.8254497 0.6197508 0.1278445 0.0000000 0.0888448 0.0886114 0.3995270 0.5189901 0.5781189 0.5319621 0.5864460 0.5692372 0.4789531 0.5495749 0.5207527 0.5199824 0.5777829 0.5998701 0.6477785 0.5379052 0.5866362 0.5810304 0.4375674 0.5346571 0.5689082 0.5910772 0.6584723 0.7037662 0.4668927 0.4707027 0.7831405 0.7647731 0.8543980 0.7698041 0.7191188 0.6751786 0.6751786 0.6754467 0.6856987 0.6658850 0.6844248 0.6956567 0.5473045 0.4644858 0.7165690 0.6968187 0.6500253 0.5540339 0.5980389 0.8159969 0.6423300 0.6462463 0.6684432 0.6644423 0.6969833 0.7198576 0.7319217 1.4240162 0.8309748 0.6366825 0.9042870 1.6293806 1.1183610 0.7395395 
Leuniv_Lniv_scaffold19566_01                           0.8754974 0.6344634 0.1584212 0.0888448 0.0000000 0.1305692 0.4221398 0.5248324 0.5865747 0.5538505 0.6003238 0.5684917 0.4787410 0.5423880 0.5396564 0.5025180 0.6070108 0.6466826 0.6699999 0.5450775 0.5943088 0.5742500 0.4273118 0.5552339 0.5792356 0.6160388 0.6852963 0.7311704 0.4677488 0.4849064 0.7804951 0.7648933 0.8552984 0.7699658 0.7219974 0.7161575 0.7161575 0.7169890 0.7272230 0.7055436 0.7296470 0.7410516 0.5872693 0.5004845 0.7958246 0.7834702 0.7255933 0.5727523 0.6523698 0.9088223 0.6938527 0.6671616 0.6978202 0.6847006 0.7187264 0.7419262 0.7401042 1.4586581 0.9617475 0.6150058 0.9661771 1.6394636 1.2809795 0.8212571 
Scil_scict017277.1                                     0.8582497 0.5805330 0.1486809 0.0886114 0.1305692 0.0000000 0.3625094 0.4841545 0.4739579 0.4049186 0.5177193 0.4988262 0.4471437 0.5062475 0.4651379 0.4971823 0.5747419 0.5600274 0.6007859 0.5027818 0.5176918 0.5537488 0.3696883 0.4813250 0.5110491 0.5320793 0.6771295 0.7253266 0.4393993 0.4492649 0.7669870 0.7992596 0.8279173 0.7445931 0.6999784 0.7022501 0.7022501 0.7008632 0.7108111 0.6514370 0.6560128 0.6667901 0.5543178 0.5336105 0.7908219 0.7154492 0.7021731 0.5627493 0.6364607 0.8425472 0.6713047 0.6758300 0.6847825 0.7035005 0.6730521 0.7180483 0.7315471 1.5644821 0.8999564 0.6390134 0.8471767 1.6736495 1.2561462 0.7261536 
Clacor_Ccor_scaffold4746_01                            0.7721829 0.5622329 0.4317483 0.3995270 0.4221398 0.3625094 0.0000000 0.4400414 0.4508649 0.4759227 0.4298884 0.5400003 0.4580390 0.4772478 0.4772163 0.4006876 0.4972169 0.5802022 0.4833493 0.4765897 0.4624047 0.5109476 0.3540206 0.3713496 0.4932321 0.4704060 0.5322711 0.5274581 0.4659155 0.5002210 0.6469422 0.7141934 0.7502813 0.6937410 0.7314045 0.6960116 0.6960116 0.7083402 0.7450691 0.6764581 0.6353325 0.6399575 0.5586418 0.5569716 0.8130592 0.7188545 0.7481970 0.5745590 0.6064977 0.8524798 0.5678624 0.5950474 0.6473300 0.6298541 0.5978725 0.5794938 0.6464448 1.2887124 0.9683017 0.5544423 0.7329247 1.6847839 1.3182731 0.7878013 
Lcom_lcpid177265                                       0.4543169 0.3552190 0.5783243 0.5189901 0.5248324 0.4841545 0.4400414 0.0000000 0.0849887 0.1271459 0.0827058 0.1322420 0.1355950 0.1432231 0.1473828 0.1523293 0.2098954 0.1889156 0.2106063 0.2784868 0.2712007 0.2754405 0.3660279 0.2691969 0.2004895 0.3198991 0.3755466 0.3732550 0.2258716 0.2496119 0.3216272 0.4164790 0.4392501 0.4274085 0.4071384 0.4120015 0.4120015 0.3864022 0.4166924 0.3658348 0.3984248 0.3878963 0.4092264 0.4731463 0.5881742 0.5233721 0.4428087 0.3841495 0.4603515 0.5747474 0.4517489 0.4376745 0.4325300 0.4321343 0.4843817 0.4515271 0.5115037 0.6321536 0.6522262 0.3711173 0.4251340 1.1925059 0.6936599 0.5122902 
Acagra_model.g11721.t1                                 0.5180172 0.3434994 0.6285698 0.5781189 0.5865747 0.4739579 0.4508649 0.0849887 0.0000000 0.1172230 0.1083426 0.1475736 0.1712434 0.1780253 0.1950158 0.1745605 0.2067258 0.2718637 0.2528879 0.2901228 0.2822035 0.3116223 0.3565238 0.2560023 0.2260761 0.3181595 0.3702449 0.3679146 0.2554429 0.3148886 0.3117267 0.4501244 0.4556332 0.4434705 0.5036839 0.4106613 0.4106613 0.3842394 0.4154881 0.3729503 0.3686086 0.3584650 0.3939597 0.5007688 0.6527556 0.5554271 0.5054719 0.4315301 0.5252959 0.6134064 0.4970538 0.5323242 0.5567720 0.5499289 0.5576306 0.5248885 0.5688107 0.8601712 0.7223464 0.3607667 0.4945084 1.2726116 0.8974684 0.5463129 
Clacor_Ccor_C517967_01                                 0.5176182 0.3548535 0.6202282 0.5319621 0.5538505 0.4049186 0.4759227 0.1271459 0.1172230 0.0000000 0.1622472 0.1748906 0.2112700 0.2109487 0.2001632 0.2042548 0.2448427 0.2602285 0.2717325 0.2943397 0.3166360 0.3387033 0.3722874 0.3160741 0.2619623 0.3731642 0.4459435 0.4434391 0.2329306 0.3044861 0.3954117 0.4979126 0.5237994 0.4936809 0.5067477 0.4782000 0.4782000 0.4529322 0.4834846 0.4129013 0.4670432 0.4554505 0.3451305 0.4514527 0.6526654 0.5602584 0.4962626 0.4408232 0.5146924 0.6308684 0.4850864 0.4758710 0.5062350 0.5229967 0.5220203 0.5001984 0.5441699 0.9028429 0.6640828 0.4228912 0.4791139 1.3151665 0.7843433 0.4416249 
Cgig_XM_011442884.3                                    0.5311450 0.3850420 0.6011544 0.5864460 0.6003238 0.5177193 0.4298884 0.0827058 0.1083426 0.1622472 0.0000000 0.1187900 0.1273895 0.1194393 0.1620432 0.1535683 0.2024783 0.2482984 0.2505329 0.2920228 0.2684474 0.2950111 0.3859598 0.2662530 0.2060100 0.3314775 0.3781017 0.3756738 0.2429768 0.2873729 0.3209176 0.4413033 0.4019265 0.3897875 0.4403897 0.4097848 0.4097848 0.4008649 0.4322058 0.3720890 0.4089127 0.3979324 0.4162893 0.5819773 0.6821979 0.5580915 0.5266685 0.4131656 0.5157847 0.6169129 0.5289206 0.5352981 0.5603117 0.5533849 0.5883062 0.5234148 0.6035243 0.8696577 0.7225936 0.3791928 0.4767027 1.2386661 0.7989010 0.6140846 
Ctel_gnl_WGS_AMQN_CAPTEDRAFT_mRNA21542                 0.5519959 0.4108575 0.6049759 0.5692372 0.5684917 0.4988262 0.5400003 0.1322420 0.1475736 0.1748906 0.1187900 0.0000000 0.1873811 0.1664378 0.2302746 0.1872709 0.2463834 0.3040447 0.3052074 0.2933672 0.2958574 0.3218647 0.3850147 0.2900271 0.2775854 0.3586897 0.3948895 0.4417973 0.2627197 0.3145940 0.3964638 0.5549830 0.4850984 0.4731109 0.5547919 0.4837552 0.4837552 0.4597200 0.4891797 0.4468612 0.4425376 0.4310176 0.4312495 0.5406490 0.6034833 0.6207883 0.5398148 0.4587911 0.5590677 0.6451731 0.5812166 0.5676994 0.5914602 0.5446947 0.6060561 0.5508305 0.6083545 0.9177897 0.7573477 0.4731419 0.5531143 1.1611477 0.7650298 0.5987079 
Hsap_ENST00000371470                                   0.4617619 0.4739953 0.5523088 0.4789531 0.4787410 0.4471437 0.4580390 0.1355950 0.1712434 0.2112700 0.1273895 0.1873811 0.0000000 0.0227874 0.1949268 0.1684368 0.2311659 0.2534050 0.2710214 0.2232192 0.2391945 0.2114508 0.3392285 0.2615458 0.1911241 0.2918420 0.3886684 0.3862450 0.2426851 0.2778321 0.3202785 0.3481041 0.3653374 0.3532968 0.3723084 0.3726280 0.3726280 0.3739912 0.3837728 0.3563069 0.4106472 0.3995878 0.4522740 0.5085775 0.5601283 0.5708640 0.5439229 0.4367375 0.4668034 0.5396460 0.5870529 0.5722488 0.5736946 0.5460133 0.5711221 0.5505410 0.5917564 1.1038558 0.6977735 0.3035210 0.3212543 1.2089625 0.6017551 0.5696311 
Hsap_ENST00000320756                                   0.4874612 0.4739953 0.6350027 0.5495749 0.5423880 0.5062475 0.4772478 0.1432231 0.1780253 0.2109487 0.1194393 0.1664378 0.0227874 0.0000000 0.2010784 0.1814624 0.2443055 0.2579026 0.2828630 0.2365279 0.2523858 0.2631801 0.3392285 0.2552056 0.1928261 0.3218753 0.3794094 0.3770493 0.2162268 0.2707060 0.3079313 0.3503568 0.3674812 0.3554709 0.4069392 0.3746800 0.3746800 0.3873802 0.3857889 0.3696593 0.4013773 0.3905986 0.4410401 0.5085775 0.6371939 0.5850612 0.5575917 0.4264674 0.4687428 0.5885475 0.5935589 0.5791472 0.6035075 0.5973961 0.6192180 0.5689412 0.5892766 1.0972076 0.7377858 0.3035210 0.4077149 1.3125585 0.7284480 0.6258487 
Bralan_BLAG13000409_1                                  0.4338609 0.3742013 0.5470160 0.5207527 0.5396564 0.4651379 0.4772163 0.1473828 0.1950158 0.2001632 0.1620432 0.2302746 0.1949268 0.2010784 0.0000000 0.2263685 0.2779264 0.2071963 0.2060453 0.2694208 0.2621151 0.2554107 0.2929724 0.2872415 0.2067605 0.3402965 0.4152596 0.4127885 0.2794596 0.2990471 0.3582211 0.3821361 0.3805839 0.3524023 0.3604681 0.3560499 0.3560499 0.3303632 0.3601974 0.3003278 0.3391256 0.3465101 0.3783997 0.4929061 0.6219314 0.5498182 0.5248075 0.3834651 0.4769521 0.5347825 0.4296566 0.4362880 0.3955732 0.4457747 0.4571087 0.4947271 0.5081666 0.7443332 0.6400223 0.4220162 0.4453461 1.1979908 0.6677499 0.4964687 
Cscu_XM_023364497.1                                    0.5142343 0.4273264 0.5984517 0.5199824 0.5025180 0.4971823 0.4006876 0.1523293 0.1745605 0.2042548 0.1535683 0.1872709 0.1684368 0.1814624 0.2263685 0.0000000 0.1748191 0.3045968 0.2876731 0.2375968 0.2642655 0.2327459 0.3187666 0.2959111 0.2080739 0.3116436 0.3108429 0.3529512 0.2318860 0.2562935 0.3266250 0.3678669 0.4070503 0.4195165 0.4239774 0.4279029 0.4279029 0.4020029 0.4328107 0.3904501 0.4883307 0.4759617 0.3947358 0.5491825 0.5489215 0.5472346 0.5488962 0.4196313 0.4655470 0.6209193 0.5372746 0.5607018 0.5624451 0.5535864 0.5595078 0.5572292 0.6104234 0.9305488 0.7156614 0.3441561 0.3550093 1.0757754 0.7078470 0.4723240 
Tcas_TC016112_001                                      0.5484363 0.5298646 0.6526249 0.5777829 0.6070108 0.5747419 0.4972169 0.2098954 0.2067258 0.2448427 0.2024783 0.2463834 0.2311659 0.2443055 0.2779264 0.1748191 0.0000000 0.3845049 0.3250507 0.3613465 0.3598011 0.3287919 0.4371256 0.3569627 0.3321692 0.3732137 0.4105227 0.4081022 0.3264292 0.3800469 0.3692628 0.5071907 0.4749712 0.4628752 0.5038556 0.3927000 0.3927000 0.3664200 0.3973164 0.3556929 0.4296487 0.4181789 0.4878210 0.6383130 0.5948528 0.6092244 0.5302162 0.4346276 0.4269124 0.5550996 0.5226548 0.5623011 0.5520026 0.5597073 0.5656446 0.5398715 0.5789804 0.8732994 0.6989141 0.4882285 0.4205992 1.2059781 0.5688708 0.5616644 
Spur_XM_030994474.1                                    0.4045667 0.5205427 0.5949914 0.5998701 0.6466826 0.5600274 0.5802022 0.1889156 0.2718637 0.2602285 0.2482984 0.3040447 0.2534050 0.2579026 0.2071963 0.3045968 0.3845049 0.0000000 0.2453350 0.3634004 0.3219812 0.2975455 0.4747457 0.3805946 0.2109215 0.4045237 0.4892062 0.4764061 0.3613006 0.3878209 0.4898593 0.4163723 0.3924827 0.3704359 0.4347196 0.4269569 0.4269569 0.4013269 0.4318032 0.3959679 0.4522957 0.4358483 0.5266808 0.4756388 0.5810871 0.4517955 0.4097920 0.4465512 0.4749277 0.4785817 0.6347722 0.6070939 0.5790444 0.6180438 0.6397639 0.6422513 0.7109242 0.9161860 0.5935280 0.5036957 0.4051683 1.2677623 0.5606540 0.6398001 
Dpul_mRNA5772                                          0.4485116 0.3861283 0.7309995 0.6477785 0.6699999 0.6007859 0.4833493 0.2106063 0.2528879 0.2717325 0.2505329 0.3052074 0.2710214 0.2828630 0.2060453 0.2876731 0.3250507 0.2453350 0.0000000 0.3530332 0.2821253 0.2830173 0.3078493 0.2762192 0.2762072 0.3275686 0.3248577 0.3049624 0.3932263 0.3944030 0.3395664 0.4599567 0.4841949 0.4911349 0.4974016 0.4281861 0.4281861 0.4516864 0.4674868 0.4062107 0.3762815 0.3936256 0.4416488 0.4806203 0.6109301 0.5514923 0.5550082 0.4144072 0.4883898 0.6098132 0.4727305 0.4616868 0.4317120 0.4356425 0.4893506 0.5238306 0.5074638 0.8679985 0.7422894 0.3813013 0.4539345 1.1609846 0.6011564 0.5769360 
Fspp_ffun1.m4.23584.m1                                 0.6055316 0.5551923 0.6518304 0.5379052 0.5450775 0.5027818 0.4765897 0.2784868 0.2901228 0.2943397 0.2920228 0.2933672 0.2232192 0.2365279 0.2694208 0.2375968 0.3613465 0.3634004 0.3530332 0.0000000 0.0577050 0.1325979 0.0633992 0.1247995 0.2395974 0.1510988 0.2891601 0.3415271 0.2737317 0.3160694 0.3353081 0.4485188 0.4492466 0.4371094 0.4570898 0.3996718 0.3996718 0.3733534 0.4043710 0.3963972 0.4018354 0.3851581 0.4407451 0.6052919 0.6240668 0.5826697 0.5923120 0.5535920 0.5689687 0.6982209 0.5632645 0.5859981 0.5886357 0.5939444 0.6006275 0.5688476 0.6349595 1.0122937 0.7514940 0.5084332 0.2216841 1.1195899 0.4333306 0.5193874 
Gasp_gasp1.m3.4633.m1                                  0.5779990 0.5278779 0.6271085 0.5866362 0.5943088 0.5176918 0.4624047 0.2712007 0.2822035 0.3166360 0.2684474 0.2958574 0.2391945 0.2523858 0.2621151 0.2642655 0.3598011 0.3219812 0.2821253 0.0577050 0.0000000 0.0803552 0.0198015 0.0965240 0.2050897 0.1216697 0.2538261 0.2997230 0.2969435 0.3032682 0.2705292 0.3996647 0.3669959 0.3897417 0.4068947 0.3559997 0.3559997 0.3621087 0.3920523 0.3531423 0.3566274 0.3407193 0.4620379 0.6071455 0.5562949 0.5240663 0.5333826 0.4962198 0.5097320 0.6698322 0.5499685 0.5714026 0.5742880 0.5642614 0.5702889 0.5618549 0.6299998 0.9233127 0.7205410 0.4658084 0.1486093 1.1056231 0.3967177 0.5430806 
Gfas_gfas1.m1.17214.m1                                 0.5645546 0.5270378 0.5972445 0.5810304 0.5742500 0.5537488 0.5109476 0.2754405 0.3116223 0.3387033 0.2950111 0.3218647 0.2114508 0.2631801 0.2554107 0.2327459 0.3287919 0.2975455 0.2830173 0.1325979 0.0803552 0.0000000 0.1068050 0.1364797 0.1609487 0.1897586 0.2766123 0.3080649 0.3052745 0.2920226 0.2947009 0.4089367 0.3440205 0.3663697 0.3601478 0.2965621 0.2965621 0.3016157 0.3303971 0.2942242 0.3674233 0.3515905 0.4893533 0.5221484 0.5348751 0.5220746 0.5314267 0.4821078 0.4826743 0.7181197 0.6319563 0.6137274 0.6913741 0.6594999 0.6503537 0.6454464 0.7222761 1.1917851 0.8050538 0.3940347 0.1407083 1.0756581 0.4357944 0.5882708 
Gasp_gasp1.m3.4634.m1                                  0.5720265 0.3913641 0.4960145 0.4375674 0.4273118 0.3696883 0.3540206 0.3660279 0.3565238 0.3722874 0.3859598 0.3850147 0.3392285 0.3392285 0.2929724 0.3187666 0.4371256 0.4747457 0.3078493 0.0633992 0.0198015 0.1068050 0.0000000 0.1075661 0.2547094 0.1075661 0.3451707 0.3707693 0.2581303 0.2644360 0.3879638 0.4696986 0.5444370 0.5075254 0.2894013 0.3570867 0.3570867 0.3838026 0.3838026 0.3570867 0.3876856 0.3876856 0.3695996 0.5889549 0.6064828 0.5405972 0.6168622 0.5095146 0.5306008 0.6939091 0.5485560 0.5189203 0.5189203 0.5207893 0.5405438 0.5617471 0.5651621 2.0585309 0.9196235 0.3463901 0.3679844 0.3657569 0.3718512 0.3957912 
Pocdam_XM_027184223.1                                  0.5968848 0.5509671 0.5712100 0.5346571 0.5552339 0.4813250 0.3713496 0.2691969 0.2560023 0.3160741 0.2662530 0.2900271 0.2615458 0.2552056 0.2872415 0.2959111 0.3569627 0.3805946 0.2762192 0.1247995 0.0965240 0.1364797 0.1075661 0.0000000 0.2549337 0.0109376 0.1821530 0.2102114 0.2749355 0.2945570 0.1860939 0.5061519 0.4325673 0.4204720 0.4130613 0.3784039 0.3784039 0.4087940 0.4166684 0.3983205 0.3393520 0.3235623 0.4110634 0.6339291 0.6615775 0.5826853 0.6306523 0.4714850 0.4935157 0.5775537 0.4888485 0.5177047 0.5219012 0.4888428 0.5175035 0.5072431 0.5403086 0.9709718 0.7657802 0.4890420 0.1836077 1.1599202 0.5665868 0.5325736 
Skow_XM_002736950.2                                    0.5514145 0.4283851 0.5909214 0.5689082 0.5792356 0.5110491 0.4932321 0.2004895 0.2260761 0.2619623 0.2060100 0.2775854 0.1911241 0.1928261 0.2067605 0.2080739 0.3321692 0.2109215 0.2762072 0.2395974 0.2050897 0.1609487 0.2547094 0.2549337 0.0000000 0.2547932 0.3711057 0.4048005 0.2216165 0.2699530 0.4151804 0.3367178 0.3111178 0.3076172 0.3309392 0.3427284 0.3427284 0.3481486 0.3467592 0.3382079 0.4174467 0.4064927 0.4421651 0.5553434 0.5741159 0.4957193 0.4884537 0.4465002 0.4392493 0.5283851 0.6276611 0.6298355 0.6297502 0.6221600 0.6290934 0.5976924 0.6693736 1.1698409 0.5874103 0.3895392 0.2879152 1.0786817 0.6174282 0.5248289 
Spis_XP_022800165_1                                    0.6936927 0.5742232 0.6339915 0.5910772 0.6160388 0.5320793 0.4704060 0.3198991 0.3181595 0.3731642 0.3314775 0.3586897 0.2918420 0.3218753 0.3402965 0.3116436 0.3732137 0.4045237 0.3275686 0.1510988 0.1216697 0.1897586 0.1075661 0.0109376 0.2547932 0.0000000 0.1964605 0.2247874 0.3082925 0.3165661 0.2088163 0.5427720 0.4329065 0.4207668 0.4624153 0.3785483 0.3785483 0.4090432 0.4169438 0.3985294 0.3557313 0.3398645 0.4845630 0.6339291 0.7608032 0.5929030 0.6404075 0.4667733 0.5034073 0.6716815 0.5576103 0.5695291 0.6101877 0.5953618 0.6411878 0.6340875 0.6750193 1.1956945 0.8731606 0.5116181 0.2937973 1.2745737 0.8912563 0.6213699 
Dgig_XM_028543708.1                                    0.5598666 0.6404424 0.7600719 0.6584723 0.6852963 0.6771295 0.5322711 0.3755466 0.3702449 0.4459435 0.3781017 0.3948895 0.3886684 0.3794094 0.4152596 0.3108429 0.4105227 0.4892062 0.3248577 0.2891601 0.2538261 0.2766123 0.3451707 0.1821530 0.3711057 0.1964605 0.0000000 0.0462013 0.3987978 0.3880909 0.0954520 0.5375101 0.5320344 0.5191857 0.4883404 0.4360372 0.4360372 0.4596638 0.4678951 0.4748998 0.4341458 0.4162150 0.4768519 0.7569353 0.6070973 0.7098527 0.7572858 0.5058398 0.5057517 0.7248140 0.5722167 0.6266731 0.6632148 0.6303140 0.6619251 0.6766020 0.6261041 0.7594719 0.9434176 0.5306984 0.2974043 1.3218935 0.6456707 0.6590718 
Xesp_020558-T1                                         0.5456339 0.7332885 0.7901382 0.7037662 0.7311704 0.7253266 0.5274581 0.3732550 0.3679146 0.4434391 0.3756738 0.4417973 0.3862450 0.3770493 0.4127885 0.3529512 0.4081022 0.4764061 0.3049624 0.3415271 0.2997230 0.3080649 0.3707693 0.2102114 0.4048005 0.2247874 0.0462013 0.0000000 0.3964522 0.4023541 0.0553319 0.5135401 0.5482113 0.5353439 0.5260528 0.4731092 0.4731092 0.4971698 0.5052116 0.5119549 0.4708277 0.4527091 0.4823257 0.7876567 0.6664339 0.7263351 0.7734414 0.5199513 0.5193831 0.7414745 0.5573426 0.5942002 0.6296297 0.5971297 0.6276255 0.6222919 0.5941146 0.8094084 0.9633600 0.5031609 0.3177486 1.4186652 0.6563607 0.6635658 
Nvec_v1g200013                                         0.5574068 0.5827001 0.5660340 0.4668927 0.4677488 0.4393993 0.4659155 0.2258716 0.2554429 0.2329306 0.2429768 0.2627197 0.2426851 0.2162268 0.2794596 0.2318860 0.3264292 0.3613006 0.3932263 0.2737317 0.2969435 0.3052745 0.2581303 0.2749355 0.2216165 0.3082925 0.3987978 0.3964522 0.0000000 0.0700706 0.3769518 0.4481699 0.4926270 0.4497629 0.3461524 0.3772399 0.3772399 0.3831509 0.3815940 0.3723004 0.4092354 0.3984029 0.3394990 0.5474529 0.6641715 0.5878093 0.5874712 0.5051861 0.5702690 0.6531428 0.5731323 0.5648493 0.5885197 0.5821167 0.6168619 0.5999534 0.5998855 0.9920438 0.6990635 0.3476668 0.4974596 1.2736243 0.6956831 0.5001830 
Exapal_XM_021043480.1                                  0.5797161 0.6488514 0.5858947 0.4707027 0.4849064 0.4492649 0.5002210 0.2496119 0.3148886 0.3044861 0.2873729 0.3145940 0.2778321 0.2707060 0.2990471 0.2562935 0.3800469 0.3878209 0.3944030 0.3160694 0.3032682 0.2920226 0.2644360 0.2945570 0.2699530 0.3165661 0.3880909 0.4023541 0.0700706 0.0000000 0.3803092 0.4912953 0.5106895 0.4724473 0.3756048 0.3547843 0.3547843 0.3919617 0.3903869 0.3501805 0.3928842 0.3824288 0.4216855 0.5445186 0.6533960 0.6303384 0.6401683 0.5199236 0.6238521 0.7115404 0.5336882 0.5204568 0.5231035 0.5129886 0.5841601 0.6231985 0.5689975 0.8304534 0.7921104 0.3848063 0.4594570 1.3411480 0.6693095 0.5650687 
Xesp_020320-T1                                         0.4932463 0.9696431 0.7825712 0.7831405 0.7804951 0.7669870 0.6469422 0.3216272 0.3117267 0.3954117 0.3209176 0.3964638 0.3202785 0.3079313 0.3582211 0.3266250 0.3692628 0.4898593 0.3395664 0.3353081 0.2705292 0.2947009 0.3879638 0.1860939 0.4151804 0.2088163 0.0954520 0.0553319 0.3769518 0.3803092 0.0000000 0.5253515 0.5886843 0.6033980 0.5703868 0.4673544 0.4673544 0.5036032 0.5156620 0.5256432 0.4199164 0.3941593 0.5408897 0.8087389 0.6163660 0.6739802 0.7629079 0.4438406 0.5208941 0.6035282 0.6515016 0.6992099 0.7560721 0.7046043 0.7310879 0.7069923 0.6692914 0.8464570 0.7115016 0.5340279 0.2569934 3.1032254 0.9773394 0.6175911 
Sanmal_Sma_026200-T2                                   0.6666187 0.6987071 0.8252993 0.7647731 0.7648933 0.7992596 0.7141934 0.4164790 0.4501244 0.4979126 0.4413033 0.5549830 0.3481041 0.3503568 0.3821361 0.3678669 0.5071907 0.4163723 0.4599567 0.4485188 0.3996647 0.4089367 0.4696986 0.5061519 0.3367178 0.5427720 0.5375101 0.5135401 0.4481699 0.4912953 0.5253515 0.0000000 0.1204213 0.1339430 0.3507994 0.4699784 0.4699784 0.5023700 0.5001185 0.4793714 0.5407793 0.5271350 0.7158944 0.7029210 0.6855088 0.6010796 0.7056045 0.5626701 0.5717973 0.8494519 0.6929609 0.7676556 0.8020284 0.8217750 0.8017918 0.7673952 0.7779987 0.9104733 0.8716141 0.3841005 0.5715748 1.5531791 0.7195905 0.7911728 
Nemnom_g4364.t1                                        0.7044781 0.7799704 0.8232351 0.8543980 0.8552984 0.8279173 0.7502813 0.4392501 0.4556332 0.5237994 0.4019265 0.4850984 0.3653374 0.3674812 0.3805839 0.4070503 0.4749712 0.3924827 0.4841949 0.4492466 0.3669959 0.3440205 0.5444370 0.4325673 0.3111178 0.4329065 0.5320344 0.5482113 0.4926270 0.5106895 0.5886843 0.1204213 0.0000000 0.0341401 0.4035775 0.4187244 0.4187244 0.4595531 0.4575624 0.4131008 0.5027927 0.4900725 0.7308941 0.8264395 0.7370314 0.6681938 0.7110694 0.5712713 0.5667853 0.8107619 0.7464247 0.8232435 0.8180537 0.8387970 0.8182427 0.8058416 0.8834483 1.0510753 0.9047322 0.5358412 0.4625712 1.5231268 0.7418438 0.8123133 
Rhoesc_Res_013103-T1                                   0.7073830 0.7631183 0.7790674 0.7698041 0.7699658 0.7445931 0.6937410 0.4274085 0.4434705 0.4936809 0.3897875 0.4731109 0.3532968 0.3554709 0.3524023 0.4195165 0.4628752 0.3704359 0.4911349 0.4371094 0.3897417 0.3663697 0.5075254 0.4204720 0.3076172 0.4207668 0.5191857 0.5353439 0.4497629 0.4724473 0.6033980 0.1339430 0.0341401 0.0000000 0.3620489 0.4069774 0.4069774 0.4476719 0.4457335 0.4014667 0.4903843 0.4778215 0.6961192 0.7788441 0.7696199 0.6494840 0.7412007 0.5575287 0.5953144 0.7712331 0.7088668 0.7832708 0.7790991 0.7983341 0.7782308 0.7667614 0.8423555 0.9845261 0.8631757 0.5211647 0.5381514 1.4858663 0.7579288 0.7996278 
Chem_TCONS_00067085                                    0.6620405 0.5534533 0.7643345 0.7191188 0.7219974 0.6999784 0.7314045 0.4071384 0.5036839 0.5067477 0.4403897 0.5547919 0.3723084 0.4069392 0.3604681 0.4239774 0.5038556 0.4347196 0.4974016 0.4570898 0.4068947 0.3601478 0.2894013 0.4130613 0.3309392 0.4624153 0.4883404 0.5260528 0.3461524 0.3756048 0.5703868 0.3507994 0.4035775 0.3620489 0.0000000 0.3943368 0.3943368 0.4139273 0.4202468 0.3651820 0.4217010 0.4100527 0.6614906 0.5309039 0.7137100 0.7495087 0.7819814 0.5372480 0.6291730 0.8580051 0.7658755 0.8002862 0.8021149 0.8315084 0.8958106 0.9099082 0.9061400 1.6715791 0.9265067 0.2819576 0.7509290 1.4088939 0.9733195 0.9277256 
HoiH23_PlH23_007979-RA                                 0.6212341 0.6569103 0.7412451 0.6751786 0.7161575 0.7022501 0.6960116 0.4120015 0.4106613 0.4782000 0.4097848 0.4837552 0.3726280 0.3746800 0.3560499 0.4279029 0.3927000 0.4269569 0.4281861 0.3996718 0.3559997 0.2965621 0.3570867 0.3784039 0.3427284 0.3785483 0.4360372 0.4731092 0.3772399 0.3547843 0.4673544 0.4699784 0.4187244 0.4069774 0.3943368 0.0000000 0.0000010 0.0340381 0.0339721 0.0456493 0.0848187 0.0723417 0.5319098 0.5892004 0.6508996 0.4811484 0.5421737 0.5081829 0.5107586 0.5400939 0.6274428 0.6132919 0.6140507 0.6335409 0.6163278 0.6227317 0.6525925 1.3351127 0.6911183 0.5422377 0.4911586 1.4511185 0.6191498 0.7170305 
Hhon_g11181.t1                                         0.6212341 0.6569103 0.7412451 0.6751786 0.7161575 0.7022501 0.6960116 0.4120015 0.4106613 0.4782000 0.4097848 0.4837552 0.3726280 0.3746800 0.3560499 0.4279029 0.3927000 0.4269569 0.4281861 0.3996718 0.3559997 0.2965621 0.3570867 0.3784039 0.3427284 0.3785483 0.4360372 0.4731092 0.3772399 0.3547843 0.4673544 0.4699784 0.4187244 0.4069774 0.3943368 0.0000010 0.0000000 0.0340381 0.0339721 0.0456493 0.0848187 0.0723417 0.5319098 0.5892004 0.6508996 0.4811484 0.5421737 0.5081829 0.5107586 0.5400939 0.6274428 0.6132919 0.6140507 0.6335409 0.6163278 0.6227317 0.6525925 1.3351127 0.6911183 0.5422377 0.4911586 1.4511185 0.6191498 0.7170305 
HoiH06_mRNA11656                                       0.5841777 0.6290576 0.7424045 0.6754467 0.7169890 0.7008632 0.7083402 0.3864022 0.3842394 0.4529322 0.4008649 0.4597200 0.3739912 0.3873802 0.3303632 0.4020029 0.3664200 0.4013269 0.4516864 0.3733534 0.3621087 0.3016157 0.3838026 0.4087940 0.3481486 0.4090432 0.4596638 0.4971698 0.3831509 0.3919617 0.5036032 0.5023700 0.4595531 0.4476719 0.4139273 0.0340381 0.0340381 0.0000000 0.0223032 0.0464437 0.1020697 0.0889735 0.5217444 0.6184399 0.6719476 0.4917308 0.5153912 0.5482418 0.5076657 0.5405097 0.5845718 0.5695066 0.5864338 0.6052000 0.5878556 0.5947535 0.6498025 1.3341102 0.7059561 0.5621566 0.5046255 1.4542569 0.5421501 0.7097167 
HoiH06_mRNA12880                                       0.6208690 0.6214754 0.7526082 0.6856987 0.7272230 0.7108111 0.7450691 0.4166924 0.4154881 0.4834846 0.4322058 0.4891797 0.3837728 0.3857889 0.3601974 0.4328107 0.3973164 0.4318032 0.4674868 0.4043710 0.3920523 0.3303971 0.3838026 0.4166684 0.3467592 0.4169438 0.4678951 0.5052116 0.3815940 0.3903869 0.5156620 0.5001185 0.4575624 0.4457335 0.4202468 0.0339721 0.0339721 0.0223032 0.0000000 0.0702647 0.1118903 0.0990070 0.5069421 0.6184399 0.6872521 0.5265549 0.5504879 0.5564491 0.5051947 0.5488874 0.6214563 0.6071885 0.6236308 0.6437216 0.6262304 0.6325539 0.6463459 1.4526064 0.7021031 0.5803302 0.5559521 1.4957882 0.5675966 0.6877773 
HoiH11_mRNA695                                         0.6328237 0.6172635 0.7298521 0.6658850 0.7055436 0.6514370 0.6764581 0.3658348 0.3729503 0.4129013 0.3720890 0.4468612 0.3563069 0.3696593 0.3003278 0.3904501 0.3556929 0.3959679 0.4062107 0.3963972 0.3531423 0.2942242 0.3570867 0.3983205 0.3382079 0.3985294 0.4748998 0.5119549 0.3723004 0.3501805 0.5256432 0.4793714 0.4131008 0.4014667 0.3651820 0.0456493 0.0456493 0.0464437 0.0702647 0.0000000 0.0898967 0.0867437 0.5169815 0.5892004 0.6853374 0.4876645 0.5083724 0.5063924 0.5607224 0.5739597 0.6024064 0.5881185 0.5493219 0.6003175 0.5509302 0.5903948 0.6667484 1.2485046 0.7362689 0.5318713 0.4848812 1.3851707 0.6041554 0.6980166 
TrH2_TrispH2_008903-RA                                 0.6517716 0.6637331 0.7024216 0.6844248 0.7296470 0.6560128 0.6353325 0.3984248 0.3686086 0.4670432 0.4089127 0.4425376 0.4106472 0.4013773 0.3391256 0.4883307 0.4296487 0.4522957 0.3762815 0.4018354 0.3566274 0.3674233 0.3876856 0.3393520 0.4174467 0.3557313 0.4341458 0.4708277 0.4092354 0.3928842 0.4199164 0.5407793 0.5027927 0.4903843 0.4217010 0.0848187 0.0848187 0.1020697 0.1118903 0.0898967 0.0000000 0.0113900 0.5005908 0.6007886 0.7340540 0.5742746 0.6027851 0.5108625 0.6347192 0.5670617 0.5925795 0.6197813 0.6201541 0.6098041 0.6157876 0.6293533 0.6300443 1.1617311 0.8081421 0.5779567 0.5502176 1.5233215 0.7065653 0.6802561 
Tadh_TriadT33631                                       0.6306443 0.6633536 0.7135073 0.6956567 0.7410516 0.6667901 0.6399575 0.3878963 0.3584650 0.4554505 0.3979324 0.4310176 0.3995878 0.3905986 0.3465101 0.4759617 0.4181789 0.4358483 0.3936256 0.3851581 0.3407193 0.3515905 0.3876856 0.3235623 0.4064927 0.3398645 0.4162150 0.4527091 0.3984029 0.3824288 0.3941593 0.5271350 0.4900725 0.4778215 0.4100527 0.0723417 0.0723417 0.0889735 0.0990070 0.0867437 0.0113900 0.0000000 0.4990194 0.6007886 0.7111192 0.5549888 0.5872958 0.5207627 0.6143571 0.5474765 0.6099711 0.6379779 0.6307015 0.6279805 0.6337971 0.6474369 0.6483865 1.1617311 0.7853364 0.5606152 0.5219050 1.5233215 0.7065653 0.6800319 
Opea_EP00118_Oscarella_pearsei_P024803                 0.6011829 0.4634231 0.7097299 0.5473045 0.5872693 0.5543178 0.5586418 0.4092264 0.3939597 0.3451305 0.4162893 0.4312495 0.4522740 0.4410401 0.3783997 0.3947358 0.4878210 0.5266808 0.4416488 0.4407451 0.4620379 0.4893533 0.3695996 0.4110634 0.4421651 0.4845630 0.4768519 0.4823257 0.3394990 0.4216855 0.5408897 0.7158944 0.7308941 0.6961192 0.6614906 0.5319098 0.5319098 0.5217444 0.5069421 0.5169815 0.5005908 0.4990194 0.0000000 0.6825385 0.9900667 0.7408407 0.6885377 0.6007789 0.7361455 0.8039621 0.6279668 0.6094213 0.6683324 0.6210318 0.6669464 0.6765028 0.6351286 1.1466149 0.8983178 0.6126235 0.6989111 1.5156904 1.0320130 0.1739655 
Emue_Em0010g175a.t1                                    0.6344692 0.5412212 0.6687548 0.4644858 0.5004845 0.5336105 0.5569716 0.4731463 0.5007688 0.4514527 0.5819773 0.5406490 0.5085775 0.5085775 0.4929061 0.5491825 0.6383130 0.4756388 0.4806203 0.6052919 0.6071455 0.5221484 0.5889549 0.6339291 0.5553434 0.6339291 0.7569353 0.7876567 0.5474529 0.5445186 0.8087389 0.7029210 0.8264395 0.7788441 0.5309039 0.5892004 0.5892004 0.6184399 0.6184399 0.5892004 0.6007886 0.6007886 0.6825385 0.0000000 0.0786120 0.3987038 0.3333482 0.1973687 0.2902275 0.3622774 0.6530670 0.6588310 0.6588310 0.6957129 0.6764336 0.7313453 0.7086597 0.8731830 0.5824904 0.5476859 1.2261005 0.8387343 0.6985424 0.7241095 
Spolac_c92508_g1_i1_m.7876c92508-g1                    0.6353617 0.7469869 0.8770985 0.7165690 0.7958246 0.7908219 0.8130592 0.5881742 0.6527556 0.6526654 0.6821979 0.6034833 0.5601283 0.6371939 0.6219314 0.5489215 0.5948528 0.5810871 0.6109301 0.6240668 0.5562949 0.5348751 0.6064828 0.6615775 0.5741159 0.7608032 0.6070973 0.6664339 0.6641715 0.6533960 0.6163660 0.6855088 0.7370314 0.7696199 0.7137100 0.6508996 0.6508996 0.6719476 0.6872521 0.6853374 0.7340540 0.7111192 0.9900667 0.0786120 0.0000000 0.4308473 0.3654655 0.2173079 0.2391836 0.5507078 0.6986150 0.7470416 0.8373824 0.8218847 0.8070159 0.8390894 0.7741588 0.9781256 0.5710031 0.7210243 0.8546755 1.5445999 0.8683863 1.0809932 
Aque_Aqu2.1.38675_001                                  0.7007401 0.8082552 0.6799482 0.6968187 0.7834702 0.7154492 0.7188545 0.5233721 0.5554271 0.5602584 0.5580915 0.6207883 0.5708640 0.5850612 0.5498182 0.5472346 0.6092244 0.4517955 0.5514923 0.5826697 0.5240663 0.5220746 0.5405972 0.5826853 0.4957193 0.5929030 0.7098527 0.7263351 0.5878093 0.6303384 0.6739802 0.6010796 0.6681938 0.6494840 0.7495087 0.4811484 0.4811484 0.4917308 0.5265549 0.4876645 0.5742746 0.5549888 0.7408407 0.3987038 0.4308473 0.0000000 0.1794153 0.3215707 0.3681667 0.2013877 0.7053817 0.6865182 0.6796877 0.6965170 0.6796653 0.6152550 0.7724374 1.0892208 0.2925049 0.7584433 0.7088627 1.5697117 0.6803452 0.8533094 
Halamb_c39107_g1_i2mm.665                              0.7002682 0.6687390 0.6813745 0.6500253 0.7255933 0.7021731 0.7481970 0.4428087 0.5054719 0.4962626 0.5266685 0.5398148 0.5439229 0.5575917 0.5248075 0.5488962 0.5302162 0.4097920 0.5550082 0.5923120 0.5333826 0.5314267 0.6168622 0.6306523 0.4884537 0.6404075 0.7572858 0.7734414 0.5874712 0.6401683 0.7629079 0.7056045 0.7110694 0.7412007 0.7819814 0.5421737 0.5421737 0.5153912 0.5504879 0.5083724 0.6027851 0.5872958 0.6885377 0.3333482 0.3654655 0.1794153 0.0000000 0.2382418 0.2654383 0.1732530 0.6591930 0.6186798 0.6235487 0.6245997 0.6085594 0.5297166 0.7217056 1.2765081 0.2037378 0.7647495 0.7289132 1.3585556 0.6537367 0.7967926 
Tetwil_g24426.t1                                       0.6329176 0.6486232 0.6008184 0.5540339 0.5727523 0.5627493 0.5745590 0.3841495 0.4315301 0.4408232 0.4131656 0.4587911 0.4367375 0.4264674 0.3834651 0.4196313 0.4346276 0.4465512 0.4144072 0.5535920 0.4962198 0.4821078 0.5095146 0.4714850 0.4465002 0.4667733 0.5058398 0.5199513 0.5051861 0.5199236 0.4438406 0.5626701 0.5712713 0.5575287 0.5372480 0.5081829 0.5081829 0.5482418 0.5564491 0.5063924 0.5108625 0.5207627 0.6007789 0.1973687 0.2173079 0.3215707 0.2382418 0.0000000 0.1684034 0.2428258 0.5838318 0.5719195 0.5443969 0.5503575 0.5570087 0.5633271 0.6149639 0.9965645 0.3458209 0.6111680 0.7315106 1.4243303 0.8650823 0.7490317 
Stycar_maker-SC_scaffold4422-augustus-gene-0.13-mRNA-1 0.5532864 0.6396906 0.7000264 0.5980389 0.6523698 0.6364607 0.6064977 0.4603515 0.5252959 0.5146924 0.5157847 0.5590677 0.4668034 0.4687428 0.4769521 0.4655470 0.4269124 0.4749277 0.4883898 0.5689687 0.5097320 0.4826743 0.5306008 0.4935157 0.4392493 0.5034073 0.5057517 0.5193831 0.5702690 0.6238521 0.5208941 0.5717973 0.5667853 0.5953144 0.6291730 0.5107586 0.5107586 0.5076657 0.5051947 0.5607224 0.6347192 0.6143571 0.7361455 0.2902275 0.2391836 0.3681667 0.2654383 0.1684034 0.0000000 0.3246369 0.5032256 0.5113531 0.5439337 0.5575448 0.5422586 0.5196944 0.5572089 1.0291229 0.3701946 0.6865483 0.6294580 1.3429084 0.6532859 0.8549307 
Halamb_c64575_g1_i1m.46065                             0.8153598 0.7279828 0.8259341 0.8159969 0.9088223 0.8425472 0.8524798 0.5747474 0.6134064 0.6308684 0.6169129 0.6451731 0.5396460 0.5885475 0.5347825 0.6209193 0.5550996 0.4785817 0.6098132 0.6982209 0.6698322 0.7181197 0.6939091 0.5775537 0.5283851 0.6716815 0.7248140 0.7414745 0.6531428 0.7115404 0.6035282 0.8494519 0.8107619 0.7712331 0.8580051 0.5400939 0.5400939 0.5405097 0.5488874 0.5739597 0.5670617 0.5474765 0.8039621 0.3622774 0.5507078 0.2013877 0.1732530 0.2428258 0.3246369 0.0000000 0.7667792 0.7217110 0.7954421 0.7618736 0.6640530 0.6715913 0.8631385 1.5453213 0.2820937 0.7714112 1.0647976 1.8403861 1.1941018 0.9225485 
Horcal_Hcv1.av93.c5.g626.i1                            0.5856572 0.6322273 0.7737743 0.6423300 0.6938527 0.6713047 0.5678624 0.4517489 0.4970538 0.4850864 0.5289206 0.5812166 0.5870529 0.5935589 0.4296566 0.5372746 0.5226548 0.6347722 0.4727305 0.5632645 0.5499685 0.6319563 0.5485560 0.4888485 0.6276611 0.5576103 0.5722167 0.5573426 0.5731323 0.5336882 0.6515016 0.6929609 0.7464247 0.7088668 0.7658755 0.6274428 0.6274428 0.5845718 0.6214563 0.6024064 0.5925795 0.6099711 0.6279668 0.6530670 0.6986150 0.7053817 0.6591930 0.5838318 0.5032256 0.7667792 0.0000000 0.0936085 0.1309559 0.1346690 0.1520425 0.1755897 0.1308895 0.3953159 0.8397200 0.8624876 0.7858190 1.5770782 0.6810593 0.7800535 
Mlei_ML2679.g18.i1                                     0.6421381 0.6828596 0.7809160 0.6462463 0.6671616 0.6758300 0.5950474 0.4376745 0.5323242 0.4758710 0.5352981 0.5676994 0.5722488 0.5791472 0.4362880 0.5607018 0.5623011 0.6070939 0.4616868 0.5859981 0.5714026 0.6137274 0.5189203 0.5177047 0.6298355 0.5695291 0.6266731 0.5942002 0.5648493 0.5204568 0.6992099 0.7676556 0.8232435 0.7832708 0.8002862 0.6132919 0.6132919 0.5695066 0.6071885 0.5881185 0.6197813 0.6379779 0.6094213 0.6588310 0.7470416 0.6865182 0.6186798 0.5719195 0.5113531 0.7217110 0.0936085 0.0000000 0.0446485 0.0548783 0.0808995 0.1095979 0.1061326 0.6740485 0.8251424 0.9166530 0.7992982 1.4938288 0.7236524 0.8196491 
Beraby_Baby_sb352579                                   0.7378584 0.7056091 0.8073576 0.6684432 0.6978202 0.6847825 0.6473300 0.4325300 0.5567720 0.5062350 0.5603117 0.5914602 0.5736946 0.6035075 0.3955732 0.5624451 0.5520026 0.5790444 0.4317120 0.5886357 0.5742880 0.6913741 0.5189203 0.5219012 0.6297502 0.6101877 0.6632148 0.6296297 0.5885197 0.5231035 0.7560721 0.8020284 0.8180537 0.7790991 0.8021149 0.6140507 0.6140507 0.5864338 0.6236308 0.5493219 0.6201541 0.6307015 0.6683324 0.6588310 0.8373824 0.6796877 0.6235487 0.5443969 0.5439337 0.7954421 0.1309559 0.0446485 0.0000000 0.0933839 0.0963087 0.1656533 0.1722189 0.7423675 0.9199861 0.9612124 0.9455497 1.4897619 0.9400195 0.9061150 
Vmul_sbMO407162                                        0.6884511 0.7105272 0.7769115 0.6644423 0.6847006 0.7035005 0.6298541 0.4321343 0.5499289 0.5229967 0.5533849 0.5446947 0.5460133 0.5973961 0.4457747 0.5535864 0.5597073 0.6180438 0.4356425 0.5939444 0.5642614 0.6594999 0.5207893 0.4888428 0.6221600 0.5953618 0.6303140 0.5971297 0.5821167 0.5129886 0.7046043 0.8217750 0.8387970 0.7983341 0.8315084 0.6335409 0.6335409 0.6052000 0.6437216 0.6003175 0.6098041 0.6279805 0.6210318 0.6957129 0.8218847 0.6965170 0.6245997 0.5503575 0.5575448 0.7618736 0.1346690 0.0548783 0.0933839 0.0000000 0.0809613 0.1810406 0.1829157 0.7545915 0.9309695 0.9255956 0.8811166 1.5808620 0.9324395 0.8328776 
Lampan_Lpan_11266_01                                   0.8188561 0.7071387 0.8363576 0.6969833 0.7187264 0.6730521 0.5978725 0.4843817 0.5576306 0.5220203 0.5883062 0.6060561 0.5711221 0.6192180 0.4571087 0.5595078 0.5656446 0.6397639 0.4893506 0.6006275 0.5702889 0.6503537 0.5405438 0.5175035 0.6290934 0.6411878 0.6619251 0.6276255 0.6168619 0.5841601 0.7310879 0.8017918 0.8182427 0.7782308 0.8958106 0.6163278 0.6163278 0.5878556 0.6262304 0.5509302 0.6157876 0.6337971 0.6669464 0.6764336 0.8070159 0.6796653 0.6085594 0.5570087 0.5422586 0.6640530 0.1520425 0.0808995 0.0963087 0.0809613 0.0000000 0.1567303 0.2018763 0.9155615 0.9367913 0.9699835 0.8794263 1.6714056 0.8976419 0.8942976 
Eupdun_Edun_sb10636608                                 0.7795610 0.7050628 0.8250028 0.7198576 0.7419262 0.7180483 0.5794938 0.4515271 0.5248885 0.5001984 0.5234148 0.5508305 0.5505410 0.5689412 0.4947271 0.5572292 0.5398715 0.6422513 0.5238306 0.5688476 0.5618549 0.6454464 0.5617471 0.5072431 0.5976924 0.6340875 0.6766020 0.6222919 0.5999534 0.6231985 0.7069923 0.7673952 0.8058416 0.7667614 0.9099082 0.6227317 0.6227317 0.5947535 0.6325539 0.5903948 0.6293533 0.6474369 0.6765028 0.7313453 0.8390894 0.6152550 0.5297166 0.5633271 0.5196944 0.6715913 0.1755897 0.1095979 0.1656533 0.1810406 0.1567303 0.0000000 0.1946170 0.9084647 0.8094965 0.9556158 0.8461434 1.6373668 0.8466759 0.8438945 
Drygla_Dgla_sb291204                                   0.7439096 0.7212315 0.8727572 0.7319217 0.7401042 0.7315471 0.6464448 0.5115037 0.5688107 0.5441699 0.6035243 0.6083545 0.5917564 0.5892766 0.5081666 0.6104234 0.5789804 0.7109242 0.5074638 0.6349595 0.6299998 0.7222761 0.5651621 0.5403086 0.6693736 0.6750193 0.6261041 0.5941146 0.5998855 0.5689975 0.6692914 0.7779987 0.8834483 0.8423555 0.9061400 0.6525925 0.6525925 0.6498025 0.6463459 0.6667484 0.6300443 0.6483865 0.6351286 0.7086597 0.7741588 0.7724374 0.7217056 0.6149639 0.5572089 0.8631385 0.1308895 0.1061326 0.1722189 0.1829157 0.2018763 0.1946170 0.0000000 0.6808527 0.8978377 0.9297143 0.8677700 1.6332584 0.8298251 0.8968369 
