81
Lcom_lcpid213899                                       0.0000000 0.0000010 2.2704309 1.0592857 1.7725559 0.1981610 1.3428510 1.6259536 0.0000010 2.0458870 2.0180694 1.3653939 1.4296305 1.5041509 1.7321509 1.6999503 1.6999503 1.5480852 1.4477350 1.4946054 1.6132821 2.0133504 1.4209304 1.7173363 1.7608337 1.4429224 1.5732061 2.0737742 2.0552083 0.0000010 0.0000010 2.4566512 2.2678514 3.0417769 2.4446798 2.4446798 3.1249328 2.5398459 0.0000010 2.3930628 2.3930628 2.2309754 2.2309754 2.2357246 2.2556954 3.8140596 2.4500060 2.1902752 2.1505611 0.0000010 0.0000010 2.6702172 2.6702172 2.6702172 1.9020361 1.8131620 0.0000010 2.1089314 1.7996870 2.0418091 1.5018785 1.6578353 1.5681499 1.6440066 0.8795771 0.0000010 1.6924457 1.6702437 1.9883937 0.0000010 1.8107826 1.8107826 1.8083000 1.7912606 1.7912606 0.0000010 1.6600837 1.6600837 1.6600837 1.6746723 1.9723462 
Lcom_lcpid224155                                       0.0000010 0.0000000 0.3412513 0.2840402 0.4961813 0.1890057 0.5713875 0.6116290 8.0130481 0.5784870 0.9060702 0.6707120 0.7163441 0.0000010 0.3233003 0.7357139 0.5606112 0.8152986 0.7447140 0.7948747 0.7940127 0.6854338 0.9109841 0.6843156 0.6200784 0.7833895 0.8500021 0.2098661 1.3528820 0.0000010 8.1122840 1.3913632 1.0214068 1.0214068 1.2909941 1.2909941 1.0214068 1.3479493 6.8657584 1.1556326 1.2153089 1.2220589 1.1007338 1.1007338 1.4979755 2.2926077 1.4123988 1.1098585 1.3598745 4.2411830 4.4029094 0.8271736 0.9475663 0.9737212 1.5583215 0.9805418 2.7261881 0.9959877 1.2901236 1.2128980 0.6154480 1.0254438 0.9144246 0.9100024 0.9773125 1.0265301 1.1165511 0.9638488 1.0083933 3.1085081 1.0100694 1.0100694 1.0008974 0.9739291 0.9739291 3.2744481 1.0940050 1.2692425 1.3331295 1.0547944 0.2442580 
Ctel_gnl_WGS_AMQN_CAPTEDRAFT_mRNA141629                2.2704309 0.3412513 0.0000000 0.8622168 0.6284330 0.5282190 0.8044945 0.8747679 0.5389633 1.0284279 1.0216128 1.0323259 1.3343477 2.1637118 1.5450926 1.3296719 1.3587291 1.1786862 1.2897229 1.2938338 1.2653240 1.3519800 1.3334143 1.2567014 1.2446630 1.3589371 1.4081743 1.5392431 1.8874455 0.6161335 4.1003294 1.8923984 1.5979126 1.5960190 1.7773983 1.7773983 1.6416219 1.8214017 2.8719671 1.4926843 1.4989831 1.6853838 1.6608435 1.6398398 1.8280089 1.9386450 1.7845219 1.8504859 1.6806840 2.7195636 2.5858317 1.6509714 1.5899501 1.3686476 1.6570961 1.5520535 0.9183320 1.5455161 1.6648943 1.5503583 0.9937957 1.4895578 1.1868193 1.3815955 1.3892180 1.2061253 1.6106240 1.6640569 1.5865436 1.6716258 1.5881058 1.5815320 1.5372525 1.5150245 1.5203484 0.5314938 2.1461055 1.5990754 1.6264422 1.4337519 1.3586221 
Acagra_model.g21866.t1                                 1.0592857 0.2840402 0.8622168 0.0000000 0.7683051 0.2849520 0.9668744 1.0825977 8.9999989 1.2642687 1.4489356 1.1058097 1.1567546 1.4573296 1.2452760 1.3197812 1.2176695 1.2557904 1.3171767 1.3498035 1.3546476 1.3628617 1.2906748 1.2838031 1.3053081 1.2250904 1.3998302 1.3781316 1.6081320 0.0000010 8.5279684 1.7988179 1.3559707 1.4129536 1.6838697 1.6838697 1.4304207 1.6734350 6.5493921 1.5973035 1.6091867 1.5183046 1.5328297 1.5385697 1.7684712 3.1042585 1.6712492 1.6710901 1.6838630 4.7547615 3.8695036 1.4623054 1.6038957 1.4814289 1.6540579 1.3407643 1.1405899 1.4771049 1.5175561 1.4741791 0.9832213 1.6273114 1.0125896 1.4002211 1.4368204 1.2284900 1.6999926 1.5526210 1.4295500 3.3351563 1.4019866 1.4025601 1.3436968 1.3645050 1.3662549 2.4707264 1.7507798 1.8344971 1.8230632 1.5585218 1.1705506 
Cgig_XM_011421418.3                                    1.7725559 0.4961813 0.6284330 0.7683051 0.0000000 0.4786704 0.8357605 0.8842374 0.5034287 1.0115276 1.0403800 1.0719987 1.3441140 1.9256639 1.4878592 1.4907957 1.4722956 1.2316414 1.2740956 1.3046575 1.2903977 1.2326126 1.3039458 1.3754745 1.3770795 1.4223150 1.4992498 1.4050138 1.8987877 0.5778669 4.4741227 2.0128762 1.5595581 1.6739190 1.9644811 1.9723511 1.6366079 1.9728322 3.9891984 1.4577635 1.4767186 1.6271760 1.6462340 1.6448943 1.9026005 2.0631458 1.8972066 1.8758924 1.8296499 3.5051296 3.6728951 1.7403969 1.5537455 1.3398568 1.5246900 1.5356042 0.8204833 1.5737228 1.5844814 1.6255072 1.0447942 1.6885733 1.2524335 1.5171460 1.5637924 1.3221575 1.7035708 1.7063685 1.6116628 1.7197659 1.5862419 1.5815319 1.5896878 1.5156657 1.5243455 0.5692544 2.4038766 1.7659686 1.8745349 1.5126703 1.3428526 
Cscu_XM_023357246.1                                    0.1981610 0.1890057 0.5282190 0.2849520 0.4786704 0.0000000 0.5058246 0.4785614 0.6515292 0.4931820 0.1014730 0.4937506 0.5251030 0.0000010 0.4049181 0.6551010 0.7271150 0.6986082 0.6037490 0.6333098 0.6272859 0.7666200 0.6416157 0.5668880 0.6034919 0.6113755 0.7579143 0.4116181 1.1931105 0.0000010 0.0000010 1.1765774 1.2225494 1.2225494 1.2225494 1.2225494 1.2225494 1.2565099 0.0000010 1.2397755 1.2397755 1.3551615 1.3614888 1.2986461 1.3276533 2.3100773 1.3532609 0.8980025 1.2119692 0.0000010 0.0000010 0.8746946 1.1681711 1.1681711 1.2320754 0.9885935 0.8975775 0.9212536 1.2080897 1.0501988 0.4156538 1.1638669 1.1009906 1.1901140 1.1756143 0.6478125 0.8287742 0.7706318 1.0443240 4.7606693 1.0466836 1.0355285 1.0915014 1.0812029 1.1025316 9.0000000 0.7788032 0.9980696 0.7788032 0.9368240 0.3523532 
Bralan_BLAG14000548_3                                  1.3428510 0.5713875 0.8044945 0.9668744 0.8357605 0.5058246 0.0000000 0.6711280 0.3970557 0.8792829 0.9367067 1.0890639 1.3264316 1.1382458 0.8369540 1.3007486 1.1362653 1.0904185 1.2032901 1.2052491 1.1625417 1.2826033 1.2960435 1.2201742 1.2247192 1.3327244 1.5690913 1.2804217 1.7438641 0.6682377 4.2297540 1.8622975 1.4003878 1.4393081 1.7019403 1.7375235 1.4443562 1.7765155 3.4982331 1.3408474 1.3726664 1.3903463 1.3288599 1.3570316 1.9036538 2.1158906 1.7756360 1.5035187 1.7173938 3.8565837 3.1993447 1.3279867 1.2914198 1.1220457 1.4991915 1.5277192 0.7096097 1.4208454 1.5103349 1.5104791 1.1114050 1.5076989 1.1415908 1.2012593 1.5296030 1.4549335 1.8224994 1.7288943 1.5789706 1.7062266 1.5678962 1.5911023 1.5108299 1.5771731 1.5656653 0.8861028 1.7592170 1.5491675 1.5800071 1.1927325 0.8227287 
Hsap_ENST00000473835                                   1.6259536 0.6116290 0.8747679 1.0825977 0.8842374 0.4785614 0.6711280 0.0000000 0.3519357 0.9073162 0.9818778 1.0411168 1.3685703 1.6053788 1.2919403 1.3837641 1.2754427 1.2006837 1.2732311 1.2884593 1.1926960 0.9941839 1.2369062 1.2299083 1.2963931 1.3887909 1.5782352 1.3736400 1.8463442 0.6589502 4.6675016 1.9890187 1.3896065 1.4655052 1.7879419 1.8047108 1.4354713 1.8206465 3.8422480 1.3871155 1.4075875 1.4666829 1.4243861 1.3283511 1.8474072 2.0678654 1.8471507 1.4590972 1.7736029 3.5464620 3.8532757 1.2626288 1.2398701 1.0938869 1.5600835 1.4109767 0.9900296 1.5250025 1.5237992 1.4821618 1.1294791 1.4967232 1.1914341 1.3167028 1.4246809 1.3061175 1.8479430 1.6554843 1.4824874 1.4787222 1.4757832 1.4794346 1.4489866 1.4549744 1.4599330 0.9177621 1.8613863 1.5850825 1.6471105 1.2507352 1.1069425 
Skow_XM_006820566.1                                    0.0000010 8.0130481 0.5389633 8.9999989 0.5034287 0.6515292 0.3970557 0.3519357 0.0000000 0.4638272 0.3829423 0.8559190 0.9766886 0.0000010 0.0000010 1.5751209 0.9923571 0.4462830 0.9419492 0.9215507 0.8776369 0.3535100 0.8597112 0.7969887 0.7506833 1.0028849 1.0942474 0.0000010 1.4930077 0.5806821 0.0000010 1.5116356 1.3551356 1.3551356 1.3551356 1.3551356 1.3551356 1.2562538 0.0000010 0.9214637 0.9214637 1.1776638 1.0793787 0.8458385 1.1159322 1.1159322 1.2261382 4.9730066 1.1702092 0.0000010 0.0000010 5.2091891 1.0280174 1.0280174 1.1629634 0.8111709 0.8529775 0.7732159 1.1092770 0.7288125 0.7793400 1.1633512 1.2149577 1.0767088 1.1438604 0.9122854 1.2189469 1.2696364 1.0427077 1.0939012 1.0436919 1.0436919 1.0760896 1.1600825 1.1600825 0.4282163 8.9999984 1.4767560 8.9999987 1.1675458 2.9251952 
Spur_XM_030982373.1                                    2.0458870 0.5784870 1.0284279 1.2642687 1.0115276 0.4931820 0.8792829 0.9073162 0.4638272 0.0000000 1.1394274 1.2729259 1.4924684 1.4580131 0.9834910 1.4890625 1.3278617 1.2555165 1.4591757 1.4306801 1.3893809 1.1011043 1.4068008 1.3981954 1.4360084 1.5056694 1.6357011 1.5862111 1.9917446 0.7031744 4.3119197 2.0727267 1.4891625 1.4689910 1.9605979 1.9633503 1.5594140 1.9549844 3.7300533 1.5493101 1.5559610 1.7257274 1.6554269 1.5811535 2.0996347 2.2957253 2.0171137 1.7444818 1.9061002 3.5526270 3.2878616 1.6069949 1.4977045 1.3449800 1.7221924 1.6017210 0.9162918 1.6700336 1.5911707 1.7893958 1.3445342 1.7128937 1.2947607 1.4573407 1.6255751 1.5837336 1.8556324 1.8539030 1.7083578 1.9371667 1.6574584 1.6805441 1.6935886 1.6357237 1.6436429 1.0206870 2.2717313 1.8703863 1.9937218 1.5099040 1.0084825 
Cscu_XM_023370376.1                                    2.0180694 0.9060702 1.0216128 1.4489356 1.0403800 0.1014730 0.9367067 0.9818778 0.3829423 1.1394274 0.0000000 1.2151619 1.5109531 1.6087727 1.6636067 1.7626677 1.7164900 1.4739791 1.5662763 1.5802448 1.4869779 0.9707850 1.5662174 1.3552958 1.3700342 1.7398785 1.9880299 2.2196108 2.3050209 0.5837947 4.1235923 2.3369437 1.6395630 1.6587190 2.2621792 2.2655412 1.7378699 2.2113909 3.8078912 1.8725955 1.8989544 1.8462744 1.9341215 1.7871236 2.2178811 2.1621454 2.1872970 2.9307469 2.1141011 3.8380099 3.8348895 2.1070498 1.5747644 1.3691353 1.9572695 1.8590908 0.8344062 1.8082353 1.9221399 1.7262200 1.4057678 1.8446583 1.5196616 1.6927305 1.7806487 1.5600637 2.0978638 2.1170601 1.8760796 1.8974221 1.8081942 1.8017715 1.8169682 1.8673279 1.8774070 0.9467862 2.9126887 2.0001462 2.2438790 1.5500811 1.6859968 
Dpul_mRNA25281                                         1.3653939 0.6707120 1.0323259 1.1058097 1.0719987 0.4937506 1.0890639 1.0411168 0.8559190 1.2729259 1.2151619 0.0000000 1.3938715 2.0455912 1.3765355 1.5644843 1.5059181 1.3754850 1.4578562 1.4889517 1.3801787 1.3496542 1.4135600 1.3984644 1.4220824 1.4322791 1.5589301 1.5823476 2.1615718 0.9673343 4.1412476 2.1268683 1.5541467 1.5579465 1.9653582 1.9648849 1.5806324 2.0677269 3.5209950 1.6801682 1.7149396 1.8334522 1.7746728 1.6066682 1.9583117 2.1958781 2.0121385 1.8676663 2.0514453 3.6254048 3.4174804 1.6290874 1.5831181 1.4805741 1.6588346 1.6817720 1.2576362 1.7429782 1.6663919 1.6438643 0.9861985 1.6562175 1.3299303 1.4647058 1.6180464 1.4210487 1.7319221 1.7035317 1.6963707 1.8335689 1.6992540 1.6945519 1.6659460 1.6412349 1.6523168 1.0326851 1.7884206 1.6613779 1.6437011 1.4468832 1.1382000 
Morvir_scaffold146.g51.t1                              1.4296305 0.7163441 1.3343477 1.1567546 1.3441140 0.5251030 1.3264316 1.3685703 0.9766886 1.4924684 1.5109531 1.3938715 0.0000000 1.0306663 0.8346331 1.2024774 1.0306693 1.0148939 1.1464190 1.1275476 1.1075826 0.8462970 1.0949369 1.1995717 1.1172130 0.7153355 0.8287007 1.4768511 2.1065516 0.6166097 6.6287694 2.0066498 1.3791596 1.4281882 1.7732782 1.8185854 1.4951713 1.9170322 4.0651832 1.4810787 1.5096608 1.6138865 1.5194729 1.4690589 1.9539777 2.2772817 1.8837277 1.6031844 1.7560278 4.1779426 4.3967043 1.3955433 1.4055865 1.3227902 1.7546829 1.4353366 0.9918371 1.6120268 1.6983668 1.4679259 1.5146995 1.5642875 1.1408362 1.3372930 1.5530151 1.1882456 1.0723291 1.0757731 1.7890980 2.2050056 1.7608852 1.7865153 1.7518093 1.7509553 1.7518367 1.4989458 1.9505963 1.6851537 1.7346281 1.3829932 1.2442015 
Nvec_v1g214831                                         1.5041509 0.0000010 2.1637118 1.4573296 1.9256639 0.0000010 1.1382458 1.6053788 0.0000010 1.4580131 1.6087727 2.0455912 1.0306663 0.0000000 0.5186285 0.5062523 0.5062523 0.4441375 0.4673880 0.4979461 0.4784103 0.0133892 0.3612340 0.9051587 1.0280491 1.3069604 1.4104558 1.6462803 1.6724864 0.0000010 0.0000010 1.4707090 1.4843603 2.3361695 1.5529983 1.5529983 2.2194848 1.5495736 0.0000010 1.5970119 1.5970119 1.8206719 1.8206719 2.2590056 2.1798635 8.9999987 1.8129683 1.8652696 1.5683037 0.0000010 3.1757718 1.7344250 1.7344250 1.7344250 1.5705284 1.6359666 0.0000010 1.5730023 1.7442213 1.5346865 1.7131096 1.2499358 1.1519633 1.2947259 0.5107625 0.0000010 1.9205275 2.0207632 1.3166486 0.0000010 1.2124484 1.2124484 1.2091295 1.3312192 1.3159065 0.0000010 1.6798496 1.6798496 1.6798496 1.3163753 1.2945685 
Gfas_gfas1.m1.6346.m1                                  1.7321509 0.3233003 1.5450926 1.2452760 1.4878592 0.4049181 0.8369540 1.2919403 0.0000010 0.9834910 1.6636067 1.3765355 0.8346331 0.5186285 0.0000000 0.1079522 0.1079522 0.1640543 0.1990320 0.1927420 0.1772825 0.6378382 0.4975593 0.6829607 0.7263431 0.9835252 1.0031371 1.3845812 1.4070995 0.0000010 0.0000010 1.4728105 1.3132118 1.3841978 1.4678709 1.4678709 1.4790166 1.4943135 0.0000010 1.5440663 1.5440663 1.4847051 1.4847051 1.5142505 1.4224257 9.0000000 1.4241356 1.6578332 1.4338502 0.0000010 3.1757718 1.2770126 1.2770126 1.2770126 0.8361095 1.2136700 0.0000010 1.2628372 1.2003150 1.3298673 1.1666513 1.0819189 0.5461077 0.9494181 0.5160585 0.2803149 1.2819033 1.2314352 1.1982051 0.0000010 1.1229627 1.1229627 1.1136095 1.0786828 1.0696589 0.0000010 1.4951359 1.4951359 1.4951359 1.1284771 0.8905394 
Amil_Amillepora24348-RA                                1.6999503 0.7357139 1.3296719 1.3197812 1.4907957 0.6551010 1.3007486 1.3837641 1.5751209 1.4890625 1.7626677 1.5644843 1.2024774 0.5062523 0.1079522 0.0000000 0.0155141 0.2151712 0.2989717 0.3016962 0.2731444 0.4611740 0.6889516 0.9262717 0.9522182 1.3258689 1.4536936 1.3665429 2.0516764 0.6709989 3.4717726 2.0373379 1.6918954 1.7559851 1.8201560 1.9062653 1.7888640 1.9793010 3.4004545 1.5498112 1.5826101 1.7599938 1.7022050 1.7009889 2.1272482 2.5117777 1.9629073 1.8408862 1.8916112 4.6187407 4.5988205 1.4911749 1.7060621 1.4897742 1.9225385 1.6543996 1.2138259 1.7414601 1.6308087 1.7981917 1.5837422 1.6113210 1.2162728 1.2830280 1.5833272 0.8047521 1.6800531 1.5777941 1.7104883 2.3551190 1.6604955 1.6636810 1.6452509 1.6308901 1.6315388 1.7141288 1.7358074 1.7147921 1.6682617 1.3109578 0.9379383 
Adig_XM_015893624.1                                    1.6999503 0.5606112 1.3587291 1.2176695 1.4722956 0.7271150 1.1362653 1.2754427 0.9923571 1.3278617 1.7164900 1.5059181 1.0306693 0.5062523 0.1079522 0.0155141 0.0000000 0.2453129 0.2500423 0.2563053 0.2553752 0.5471194 0.6195104 0.8047777 0.8652507 1.1816632 1.2777397 1.3665429 1.8109275 0.0000010 4.0580552 1.8200247 1.6834273 1.7821078 1.7301034 1.7421149 1.8303895 1.8809644 3.3361689 1.6644781 1.6644781 1.6963378 1.6963378 1.8191693 2.0004496 2.5354390 1.8686620 1.7668515 1.7290251 2.4597173 3.0267178 1.4707981 1.7015146 1.5432892 1.8817037 1.6302167 0.6113166 1.4906193 1.6319674 1.6606190 1.6038260 1.2995129 1.0683056 1.1025769 1.4754458 0.7693962 1.4829442 1.4585830 1.5194091 2.0401915 1.4735865 1.4779558 1.4577472 1.4231869 1.4164150 1.5532183 1.5910453 1.5313353 1.4698601 1.2244158 0.9011674 
Fspp_ffun1.m4.11626.m1                                 1.5480852 0.8152986 1.1786862 1.2557904 1.2316414 0.6986082 1.0904185 1.2006837 0.4462830 1.2555165 1.4739791 1.3754850 1.0148939 0.4441375 0.1640543 0.2151712 0.2453129 0.0000000 0.1665329 0.1702676 0.1100793 0.4399511 0.5820083 0.7543106 0.8028913 1.1315450 1.2315839 1.4104257 1.8117185 0.5227829 3.2190658 1.8147525 1.3076277 1.3615998 1.7341558 1.7341558 1.4047152 1.7535719 3.2794529 1.3608677 1.3784815 1.5061084 1.5183874 1.4700059 1.8632823 2.0857766 1.7733483 1.7102750 1.6582137 3.9867824 4.4056146 1.4154452 1.3235342 1.1610175 1.5676222 1.3970611 0.5965950 1.4438960 1.4262668 1.5283029 1.3516605 1.3360843 0.9622310 1.0550644 1.3125937 0.6426751 1.4395500 1.4083471 1.5948091 1.8909609 1.5667928 1.5768980 1.5081949 1.5145421 1.5150472 1.3980740 1.6841055 1.4413549 1.5271286 1.1341528 0.9986243 
Spis_XP_022801763_1                                    1.4477350 0.7447140 1.2897229 1.3171767 1.2740956 0.6037490 1.2032901 1.2732311 0.9419492 1.4591757 1.5662763 1.4578562 1.1464190 0.4673880 0.1990320 0.2989717 0.2500423 0.1665329 0.0000000 0.0441276 0.1689739 0.4187399 0.6131289 0.8096973 0.8430133 1.2208637 1.3364093 1.3840999 1.9158133 0.6172801 3.7799488 1.9701736 1.4551742 1.5387272 1.8564506 1.8868349 1.5610407 1.9289228 3.9556831 1.4511501 1.4769318 1.5528939 1.5238728 1.4496357 1.9579540 2.2055723 1.8932583 1.6911678 1.8154803 4.0121209 3.9903816 1.3798939 1.3972550 1.2338043 1.6150461 1.5123927 0.9379517 1.4893709 1.5621187 1.5921554 1.4700536 1.3944455 1.1325279 1.1856006 1.4430607 0.8022908 1.6576398 1.5527960 1.6438538 2.0287773 1.6269109 1.6315104 1.5815143 1.5974598 1.5980036 1.5515071 1.7203680 1.5323212 1.5605959 1.2263034 1.0080354 
Pocdam_XM_027199108.1                                  1.4946054 0.7948747 1.2938338 1.3498035 1.3046575 0.6333098 1.2052491 1.2884593 0.9215507 1.4306801 1.5802448 1.4889517 1.1275476 0.4979461 0.1927420 0.3016962 0.2563053 0.1702676 0.0441276 0.0000000 0.1667614 0.4316825 0.6101389 0.8211968 0.8693139 1.2347181 1.3033469 1.4480112 1.9350859 0.5933156 3.6585311 2.0022680 1.4686610 1.5434739 1.8864353 1.9158832 1.5767695 1.9322289 3.7341842 1.4800889 1.5193507 1.5870184 1.5559252 1.4679744 1.9505006 2.1753410 1.9095554 1.7417675 1.8345743 3.8386770 4.1116457 1.4148138 1.4262358 1.2519585 1.6149649 1.5198629 0.9956838 1.4958246 1.6081845 1.6234130 1.4724214 1.3915579 1.1385706 1.2025341 1.4574380 0.8024598 1.5978054 1.5057089 1.6502515 1.9712006 1.6249741 1.6290680 1.6050716 1.6054101 1.6059600 1.5482616 1.7640373 1.5391236 1.5727608 1.2538642 1.0138539 
Gasp_gasp1.m3.19434.m1                                 1.6132821 0.7940127 1.2653240 1.3546476 1.2903977 0.6272859 1.1625417 1.1926960 0.8776369 1.3893809 1.4869779 1.3801787 1.1075826 0.4784103 0.1772825 0.2731444 0.2553752 0.1100793 0.1689739 0.1667614 0.0000000 0.4326707 0.5482054 0.8110080 0.8342980 1.1780732 1.2396422 1.4334274 1.9298456 0.5227829 3.2487274 1.9677214 1.4545425 1.5191658 1.8512531 1.8839842 1.5616210 1.8799709 3.3033054 1.4259823 1.4543255 1.5571058 1.5021611 1.4406023 1.8724387 2.0995623 1.8132945 1.6684342 1.7792533 3.6802609 3.8237624 1.4229568 1.4219580 1.2677351 1.6780605 1.4465948 0.9753670 1.4557408 1.4974424 1.5250575 1.4468738 1.2582478 1.0326060 0.9927414 1.3961119 0.7730738 1.4752144 1.3856958 1.5018229 1.8788146 1.4751157 1.4882272 1.4661870 1.4846485 1.4851346 1.4480740 1.4874764 1.3923605 1.4034723 1.1593719 1.0636020 
Nvec_v1g223180                                         2.0133504 0.6854338 1.3519800 1.3628617 1.2326126 0.7666200 1.2826033 0.9941839 0.3535100 1.1011043 0.9707850 1.3496542 0.8462970 0.0133892 0.6378382 0.4611740 0.5471194 0.4399511 0.4187399 0.4316825 0.4326707 0.0000000 0.2710853 0.6475043 0.7142023 0.8068889 0.9641822 2.1176137 1.6231058 0.4938025 0.0000010 1.4950752 1.2818510 1.4091058 1.5495318 1.5495318 1.4531295 1.5283284 0.0000010 1.4501352 1.4501352 1.6391330 1.6391330 1.6010814 1.6010814 1.4650911 1.7674868 2.1128645 1.6329615 0.0000010 0.0000010 1.5694999 1.2886519 1.2886519 1.3348410 1.3181161 0.6192287 1.1215533 1.3364567 1.0751876 1.0623219 0.9038628 0.8321730 0.8980002 1.0960082 0.0000010 1.0886372 1.2713851 1.2912428 1.0129795 1.1456022 1.1456022 1.2529046 1.3422654 1.3274687 0.3668458 1.5073036 1.3567291 1.5073036 1.0864094 2.1414186 
Exapal_XM_028659715.1                                  1.4209304 0.9109841 1.3334143 1.2906748 1.3039458 0.6416157 1.2960435 1.2369062 0.8597112 1.4068008 1.5662174 1.4135600 1.0949369 0.3612340 0.4975593 0.6889516 0.6195104 0.5820083 0.6131289 0.6101389 0.5482054 0.2710853 0.0000000 0.8454316 0.9077860 1.2787362 1.3916891 1.2489056 1.8288688 0.7645906 4.4408479 1.8792348 1.4540681 1.5324207 1.7550489 1.7948193 1.5690334 1.8141219 3.4000118 1.4468336 1.4894077 1.6379820 1.5035521 1.4315311 1.9340023 2.2296150 1.8887266 1.5515121 1.6902237 3.8280668 4.2279442 1.3395562 1.3997935 1.2742476 1.6148329 1.4703992 1.1237872 1.4175803 1.5284526 1.4846677 1.5456291 1.3003518 1.1136665 1.1628862 1.4869105 0.5448264 1.5573151 1.5019994 1.5460825 1.8671256 1.4945790 1.5231441 1.5471544 1.5234102 1.5241900 1.4441457 1.5907884 1.4725421 1.4604373 1.2956569 1.1027072 
Dgig_XM_028549686.1                                    1.7173363 0.6843156 1.2567014 1.2838031 1.3754745 0.5668880 1.2201742 1.2299083 0.7969887 1.3981954 1.3552958 1.3984644 1.1995717 0.9051587 0.6829607 0.9262717 0.8047777 0.7543106 0.8096973 0.8211968 0.8110080 0.6475043 0.8454316 0.0000000 0.1772143 1.2507454 1.3961603 1.2963087 1.8153343 0.6670597 3.2325691 1.9492132 1.3650649 1.4356073 1.7281798 1.7792909 1.4764554 1.8335215 4.0330965 1.4015904 1.4395881 1.3926092 1.3187593 1.2365693 1.7121018 1.9545561 1.7738044 1.4846796 1.7008551 3.8210531 3.5980519 1.2216432 1.2574524 1.0958519 1.6538322 1.4825223 1.1086949 1.4872389 1.5798416 1.4805581 1.5248953 1.3488011 1.1763453 1.2255545 1.4418487 1.0509936 1.5200042 1.5122084 1.4256357 1.6935152 1.3864244 1.3933814 1.4137513 1.4044041 1.4051775 1.4973516 1.8639148 1.5221985 1.5082827 1.2951143 1.2151072 
Xesp_014277-T1                                         1.7608337 0.6200784 1.2446630 1.3053081 1.3770795 0.6034919 1.2247192 1.2963931 0.7506833 1.4360084 1.3700342 1.4220824 1.1172130 1.0280491 0.7263431 0.9522182 0.8652507 0.8028913 0.8430133 0.8693139 0.8342980 0.7142023 0.9077860 0.1772143 0.0000000 1.2494361 1.3293890 1.3432455 1.8211242 0.6276284 3.1507489 1.8894312 1.3285505 1.4244681 1.6867630 1.7326545 1.4407825 1.7638675 3.5043123 1.4183480 1.4424278 1.3712108 1.3407983 1.2344437 1.6468552 1.8393677 1.6969719 1.5118142 1.7095590 3.9551696 3.8548348 1.1693124 1.2289173 1.0825072 1.6775923 1.5576138 1.0058513 1.5231856 1.6162953 1.4868523 1.5222452 1.3833107 1.1899204 1.2689566 1.4324366 1.0157580 1.4898840 1.4987942 1.4210285 1.6364271 1.3846161 1.3833465 1.3996983 1.3772815 1.3780365 1.5006788 1.8503492 1.5364067 1.5412250 1.2771531 1.2834140 
Rhoesc_Res_007389-T1                                   1.4429224 0.7833895 1.3589371 1.2250904 1.4223150 0.6113755 1.3327244 1.3887909 1.0028849 1.5056694 1.7398785 1.4322791 0.7153355 1.3069604 0.9835252 1.3258689 1.1816632 1.1315450 1.2208637 1.2347181 1.1780732 0.8068889 1.2787362 1.2507454 1.2494361 0.0000000 0.6324466 1.7560787 2.3133847 0.4798558 8.7436573 2.1280968 1.3890397 1.4486015 1.8990198 1.9228333 1.5096852 2.0776544 4.5565830 1.6591052 1.6677852 1.8658887 1.7777052 1.5386328 2.0586580 2.4834905 2.1456221 1.6319706 1.9987182 4.8331338 5.1475052 1.4059783 1.4608252 1.3068491 1.6086398 1.4591349 1.0294963 1.6589155 1.6384859 1.6541678 1.6362512 1.5418358 1.1181232 1.3234087 1.5361296 1.3806143 1.0876603 1.1479634 1.8002444 2.2655117 1.7336029 1.7473747 1.7703255 1.7941400 1.7950600 1.6481466 1.9079655 1.6766096 1.7108591 1.4781076 1.3105548 
Sanmal_Sma_015454-T1                                   1.5732061 0.8500021 1.4081743 1.3998302 1.4992498 0.7579143 1.5690913 1.5782352 1.0942474 1.6357011 1.9880299 1.5589301 0.8287007 1.4104558 1.0031371 1.4536936 1.2777397 1.2315839 1.3364093 1.3033469 1.2396422 0.9641822 1.3916891 1.3961603 1.3293890 0.6324466 0.0000000 1.6403464 2.2205178 0.5245666 5.1254277 2.1568862 1.4491199 1.5603343 1.9838794 1.9964711 1.5747423 2.0098258 3.2579629 1.7245863 1.7426641 1.8540365 1.7538398 1.5392051 2.0445414 2.4846505 2.0250764 1.4983066 1.8737880 3.5156423 3.4847860 1.3204111 1.4363364 1.3349024 1.5590296 1.4882387 1.1010006 1.7593226 1.5871247 1.6336011 1.6219692 1.6527752 1.3258166 1.4051871 1.5657507 1.5352491 1.1767841 1.1863063 1.8658296 2.4824409 1.7910492 1.8222966 1.8392054 1.8351477 1.8361596 1.8421072 1.8708993 1.8283776 1.8943054 1.5942339 1.2794301 
Pbac_sb2642112                                         2.0737742 0.2098661 1.5392431 1.3781316 1.4050138 0.4116181 1.2804217 1.3736400 0.0000010 1.5862111 2.2196108 1.5823476 1.4768511 1.6462803 1.3845812 1.3665429 1.3665429 1.4104257 1.3840999 1.4480112 1.4334274 2.1176137 1.2489056 1.2963087 1.3432455 1.7560787 1.6403464 0.0000000 0.0203076 0.0000010 0.0000010 0.4458227 0.5063235 0.6881758 0.3952799 0.3952799 0.5237823 0.3931444 0.0000010 0.4857821 0.4857821 0.5028075 0.5028075 0.5936982 0.5410554 2.2870175 0.5468012 0.4365431 0.3758975 0.0000010 2.9870689 0.7041177 0.7041177 0.7041177 1.2773097 1.5487685 0.0000010 1.7047500 1.6173160 1.5792156 1.1873590 1.5016151 0.8988240 1.4371047 0.5105064 0.3565383 1.8423624 1.9526273 1.6776869 0.0000010 1.6244089 1.6244089 1.6206795 1.6579714 1.6281726 0.0000010 1.7357959 1.7357959 1.7357959 1.6875717 1.4172971 
Horcal_Hcv1.av93.c13.g170.i1                           2.0552083 1.3528820 1.8874455 1.6081320 1.8987877 1.1931105 1.7438641 1.8463442 1.4930077 1.9917446 2.3050209 2.1615718 2.1065516 1.6724864 1.4070995 2.0516764 1.8109275 1.8117185 1.9158133 1.9350859 1.9298456 1.6231058 1.8288688 1.8153343 1.8211242 2.3133847 2.2205178 0.0203076 0.0000000 0.0242474 0.0368634 0.6214624 0.6330222 0.7176113 0.6079693 0.6058467 0.6528933 0.5926490 1.0661312 0.5617012 0.5795911 0.6007400 0.5720909 0.6068595 0.6958111 0.7543467 0.6703129 0.6375090 0.5756624 1.1800167 1.1917289 0.8501123 0.8680276 0.7097566 2.3542800 2.1995055 1.2172016 2.1997618 1.9729597 2.1866245 2.1783489 2.0501156 1.6790937 1.6799164 1.9400982 1.9829003 2.3406696 2.3950550 2.1206504 2.3550436 2.0328233 2.0376025 2.1237795 2.0621404 2.0670981 2.3461108 2.0569787 2.1024495 2.2246117 1.7393198 1.4917098 
Pbac_sb2649429                                         0.0000010 0.0000010 0.6161335 0.0000010 0.5778669 0.0000010 0.6682377 0.6589502 0.5806821 0.7031744 0.5837947 0.9673343 0.6166097 0.0000010 0.0000010 0.6709989 0.0000010 0.5227829 0.6172801 0.5933156 0.5227829 0.4938025 0.7645906 0.6670597 0.6276284 0.4798558 0.5245666 0.0000010 0.0242474 0.0000000 0.0000010 0.2759233 0.3801882 0.3801882 0.3801882 0.3801882 0.3801882 0.2499882 0.0000010 0.3921337 0.3921337 0.3926783 0.3926783 0.3164837 0.3164837 0.3164837 0.2820746 0.0000010 0.3291566 0.0000010 0.0000010 0.0000010 0.5765957 0.5765957 0.5437785 0.5608905 0.5892272 0.5838579 0.5464370 0.6048986 0.7895188 0.7911892 0.7911892 0.7134880 0.8399833 0.4938025 0.5864199 0.6177199 1.0565391 1.0912430 1.0912430 1.0912430 0.9781463 0.9998785 0.9998785 0.7755732 0.9375826 0.6743423 0.9375826 0.8055021 0.0000010 
Pbac_sb2646231                                         0.0000010 8.1122840 4.1003294 8.5279684 4.4741227 0.0000010 4.2297540 4.6675016 0.0000010 4.3119197 4.1235923 4.1412476 6.6287694 0.0000010 0.0000010 3.4717726 4.0580552 3.2190658 3.7799488 3.6585311 3.2487274 0.0000010 4.4408479 3.2325691 3.1507489 8.7436573 5.1254277 0.0000010 0.0368634 0.0000010 0.0000000 0.9754185 9.0000000 9.0000000 0.8784838 0.8784838 9.0000000 0.8396093 0.8396093 3.0167073 6.1007734 0.0000010 0.0000010 0.0000010 1.1473584 1.1473584 1.2380009 0.0000010 0.9177599 0.8945756 0.8983954 0.0000010 8.9999980 0.0000010 7.5424917 5.2862779 0.0000010 5.4832324 5.2864502 4.7601856 5.2349380 5.0385738 8.9999982 2.3751689 6.0177878 4.3174954 5.4861341 5.1662280 3.7193584 3.5367322 3.5874961 3.5090082 3.7867176 3.8081195 3.8081195 4.0130968 9.0000000 7.1694696 7.1694696 2.9755600 0.0000010 
Drygla_Dgla_sb308509                                   2.4566512 1.3913632 1.8923984 1.7988179 2.0128762 1.1765774 1.8622975 1.9890187 1.5116356 2.0727267 2.3369437 2.1268683 2.0066498 1.4707090 1.4728105 2.0373379 1.8200247 1.8147525 1.9701736 2.0022680 1.9677214 1.4950752 1.8792348 1.9492132 1.8894312 2.1280968 2.1568862 0.4458227 0.6214624 0.2759233 0.9754185 0.0000000 0.3588027 0.4037259 0.3754446 0.3722070 0.3760134 0.3353635 0.5832852 0.4909716 0.5026067 0.5885653 0.5808369 0.5566629 0.6186501 0.6249337 0.6435657 0.5402894 0.3621984 0.5650521 0.5584068 0.8062834 0.8669986 0.7213313 2.3880884 2.2500260 1.0944494 2.3276965 2.0372982 2.2162577 2.0026031 2.1843398 1.8469197 1.7528736 1.9578396 1.8014028 2.4381002 2.5011490 2.1122684 2.3518077 2.0054155 2.0085632 2.0698978 2.0070285 2.0298522 2.3492744 2.2381384 2.1388009 2.3527734 1.8401047 1.6215509 
Bolinf_Binf_sb1291277                                  2.2678514 1.0214068 1.5979126 1.3559707 1.5595581 1.2225494 1.4003878 1.3896065 1.3551356 1.4891625 1.6395630 1.5541467 1.3791596 1.4843603 1.3132118 1.6918954 1.6834273 1.3076277 1.4551742 1.4686610 1.4545425 1.2818510 1.4540681 1.3650649 1.3285505 1.3890397 1.4491199 0.5063235 0.6330222 0.3801882 9.0000000 0.3588027 0.0000000 0.0000010 0.0157283 0.0157283 0.0034013 0.2611931 0.6393605 0.2938516 0.2948577 0.4597639 0.4502287 0.3914192 0.4294970 0.4556830 0.5337147 0.3927018 0.3374849 0.6393605 0.4588826 0.6306753 0.6612354 0.6440777 1.6214324 1.5924043 1.1365732 1.6520361 1.6143278 1.6616750 1.1718845 1.6064783 1.5775944 1.5782504 1.5564723 1.4019991 1.6544832 1.7673825 1.5616873 1.7477461 1.4351804 1.4410955 1.4944169 1.4207609 1.4452612 1.1605105 1.6229492 1.4435411 1.5802133 1.4616253 1.3990719 
Bolinf_Binf_sb1291279                                  3.0417769 1.0214068 1.5960190 1.4129536 1.6739190 1.2225494 1.4393081 1.4655052 1.3551356 1.4689910 1.6587190 1.5579465 1.4281882 2.3361695 1.3841978 1.7559851 1.7821078 1.3615998 1.5387272 1.5434739 1.5191658 1.4091058 1.5324207 1.4356073 1.4244681 1.4486015 1.5603343 0.6881758 0.7176113 0.3801882 9.0000000 0.4037259 0.0000010 0.0000000 0.0182655 0.0182655 0.0035732 0.2808953 0.6393605 0.3269012 0.3281703 0.5232976 0.5213370 0.4480928 0.4818968 0.4556830 0.5955395 0.5716363 0.3781086 0.6393605 0.4588826 0.8161617 0.7567504 0.7354771 1.5936564 1.5373657 1.1365732 1.6199333 1.6358823 1.6784631 1.2005553 1.8184187 1.5775944 1.7353833 1.5564723 1.4019991 1.7191256 1.8023508 1.5515606 1.7477461 1.5102927 1.5175938 1.5238156 1.4426599 1.4713995 1.1605105 1.7842440 1.4926520 1.7092187 1.4800096 1.5254737 
Bolinf_Binf_sb1291270                                  2.4446798 1.2909941 1.7773983 1.6838697 1.9644811 1.2225494 1.7019403 1.7879419 1.3551356 1.9605979 2.2621792 1.9653582 1.7732782 1.5529983 1.4678709 1.8201560 1.7301034 1.7341558 1.8564506 1.8864353 1.8512531 1.5495318 1.7550489 1.7281798 1.6867630 1.8990198 1.9838794 0.3952799 0.6079693 0.3801882 0.8784838 0.3754446 0.0157283 0.0182655 0.0000000 0.0000010 0.0138435 0.2963781 0.4299700 0.3342936 0.3413973 0.5050017 0.5023709 0.4965791 0.5636302 0.5865299 0.6097495 0.4852529 0.3415131 0.6427128 0.6594359 0.7116411 0.7928137 0.6514131 2.1002623 2.0208712 1.0238374 2.1442750 1.8564557 2.0612432 1.8835310 2.0901916 1.6541316 1.6841358 2.0761719 1.7281603 2.1225221 2.3111230 1.9301100 2.0412112 1.8505927 1.8604020 1.9138895 1.8634569 1.8827545 2.1209398 2.2743779 1.9941735 2.1919788 1.7357911 1.5135588 
Mertsp_Mesp_sb598071                                   2.4446798 1.2909941 1.7773983 1.6838697 1.9723511 1.2225494 1.7375235 1.8047108 1.3551356 1.9633503 2.2655412 1.9648849 1.8185854 1.5529983 1.4678709 1.9062653 1.7421149 1.7341558 1.8868349 1.9158832 1.8839842 1.5495318 1.7948193 1.7792909 1.7326545 1.9228333 1.9964711 0.3952799 0.6058467 0.3801882 0.8784838 0.3722070 0.0157283 0.0182655 0.0000010 0.0000000 0.0138435 0.2975303 0.4299700 0.3342936 0.3438184 0.5031874 0.5023709 0.4965791 0.5546594 0.5731801 0.6004351 0.4852529 0.3456121 0.5971705 0.5534941 0.7116411 0.7928137 0.6514131 2.1792773 2.0463435 1.0238374 2.1716625 1.8564557 2.0651591 1.9248790 2.1210810 1.6541316 1.6841358 2.0761719 1.8165540 2.1116488 2.2919897 1.9575463 2.0877907 1.8689478 1.8785388 1.9369777 1.8799964 1.8988936 2.0621109 2.2743779 1.9712290 2.1547039 1.7289720 1.5135588 
Bolinf_Binf_sb1291278                                  3.1249328 1.0214068 1.6416219 1.4304207 1.6366079 1.2225494 1.4443562 1.4354713 1.3551356 1.5594140 1.7378699 1.5806324 1.4951713 2.2194848 1.4790166 1.7888640 1.8303895 1.4047152 1.5610407 1.5767695 1.5616210 1.4531295 1.5690334 1.4764554 1.4407825 1.5096852 1.5747423 0.5237823 0.6528933 0.3801882 9.0000000 0.3760134 0.0034013 0.0035732 0.0138435 0.0138435 0.0000000 0.2669141 0.6393605 0.2977711 0.2988917 0.4780118 0.4699103 0.4208137 0.4556397 0.4556830 0.5586762 0.4721419 0.3477952 0.6393605 0.4588826 0.7418546 0.7224245 0.7027126 1.6943140 1.6595385 1.1365732 1.6946599 1.7313109 1.6810705 1.2066481 1.7425435 1.5775944 1.6639440 1.5564723 1.4019991 1.7670883 1.8610484 1.6231181 1.7477461 1.5157178 1.5227140 1.5643679 1.4915573 1.5198592 1.1605105 1.9600649 1.5889933 1.8684047 1.5559689 1.7093070 
Beraby_Baby_sb337241                                   2.5398459 1.3479493 1.8214017 1.6734350 1.9728322 1.2565099 1.7765155 1.8206465 1.2562538 1.9549844 2.2113909 2.0677269 1.9170322 1.5495736 1.4943135 1.9793010 1.8809644 1.7535719 1.9289228 1.9322289 1.8799709 1.5283284 1.8141219 1.8335215 1.7638675 2.0776544 2.0098258 0.3931444 0.5926490 0.2499882 0.8396093 0.3353635 0.2611931 0.2808953 0.2963781 0.2975303 0.2669141 0.0000000 0.0222294 0.3677851 0.3784668 0.4972463 0.5042586 0.5130364 0.5693861 0.5865570 0.5831259 0.3870076 0.2857510 0.4938935 0.4216187 0.7469509 0.8388169 0.6957125 2.2519101 2.1439210 1.1508402 2.2832992 1.9684435 2.1594144 1.8663668 2.0024607 1.7380538 1.6544721 2.0517762 1.7699887 2.1782845 2.3300146 1.9204627 2.1432634 1.8958955 1.9047242 1.9193693 1.9040443 1.9219455 2.1346405 2.1946589 2.0658875 2.2284902 1.7903226 1.6834613 
Beraby_Baby_sb337245                                   0.0000010 6.8657584 2.8719671 6.5493921 3.9891984 0.0000010 3.4982331 3.8422480 0.0000010 3.7300533 3.8078912 3.5209950 4.0651832 0.0000010 0.0000010 3.4004545 3.3361689 3.2794529 3.9556831 3.7341842 3.3033054 0.0000010 3.4000118 4.0330965 3.5043123 4.5565830 3.2579629 0.0000010 1.0661312 0.0000010 0.8396093 0.5832852 0.6393605 0.6393605 0.4299700 0.4299700 0.6393605 0.0222294 0.0000000 2.8028013 5.5813980 0.0000010 0.0000010 0.0000010 0.8695675 0.8695675 0.9527135 0.0000010 0.6058189 0.6452566 0.5498262 0.0000010 8.9999988 0.0000010 5.2086094 4.3319135 0.0000010 5.6165212 3.4978323 4.2366819 4.0604416 3.4590504 3.9090584 4.6877514 4.4650761 3.0439960 4.1090702 4.4506768 3.3672838 3.2388883 3.4906804 3.5175786 3.4855235 3.5019296 3.5019296 4.6955669 8.9999981 5.6878796 5.6878796 4.5835568 0.0000010 
Lampan_Lpan_14482_01                                   2.3930628 1.1556326 1.4926843 1.5973035 1.4577635 1.2397755 1.3408474 1.3871155 0.9214637 1.5493101 1.8725955 1.6801682 1.4810787 1.5970119 1.5440663 1.5498112 1.6644781 1.3608677 1.4511501 1.4800889 1.4259823 1.4501352 1.4468336 1.4015904 1.4183480 1.6591052 1.7245863 0.4857821 0.5617012 0.3921337 3.0167073 0.4909716 0.2938516 0.3269012 0.3342936 0.3342936 0.2977711 0.3677851 2.8028013 0.0000000 0.0190548 0.5182134 0.5181260 0.5335679 0.4952059 0.5258823 0.5607820 0.4580238 0.3657266 2.8830516 3.1600916 0.6307559 0.6038448 0.5383147 1.7506148 1.6253622 0.8178441 1.6264322 1.6828003 1.6340567 1.3328221 1.6401628 1.2401553 1.5284944 1.4215772 1.2863741 1.8755164 1.9825520 1.5190060 1.5060047 1.4552222 1.4588574 1.4908573 1.4738753 1.5008310 1.1477248 2.0518225 1.7023841 1.8333975 1.5534069 1.7772939 
Lampan_Lpan_14483_01                                   2.3930628 1.2153089 1.4989831 1.6091867 1.4767186 1.2397755 1.3726664 1.4075875 0.9214637 1.5559610 1.8989544 1.7149396 1.5096608 1.5970119 1.5440663 1.5826101 1.6644781 1.3784815 1.4769318 1.5193507 1.4543255 1.4501352 1.4894077 1.4395881 1.4424278 1.6677852 1.7426641 0.4857821 0.5795911 0.3921337 6.1007734 0.5026067 0.2948577 0.3281703 0.3413973 0.3438184 0.2988917 0.3784668 5.5813980 0.0190548 0.0000000 0.5182134 0.5181260 0.5335679 0.5008112 0.5352976 0.5653926 0.4580238 0.3716396 3.6514656 4.2628229 0.6307559 0.5905986 0.5383147 1.7392807 1.6447926 0.8178441 1.6562495 1.6828003 1.6665770 1.3647153 1.6689960 1.2401553 1.5284944 1.4650200 1.3254846 1.9143889 2.0447552 1.5411975 1.5628837 1.4765474 1.4802645 1.5109821 1.4938225 1.5211890 1.2168503 2.0660344 1.7319317 1.8728620 1.5425137 1.7772939 
Coemet_Cmet_scaffold9429_01                            2.2309754 1.2220589 1.6853838 1.5183046 1.6271760 1.3551615 1.3903463 1.4666829 1.1776638 1.7257274 1.8462744 1.8334522 1.6138865 1.8206719 1.4847051 1.7599938 1.6963378 1.5061084 1.5528939 1.5870184 1.5571058 1.6391330 1.6379820 1.3926092 1.3712108 1.8658887 1.8540365 0.5028075 0.6007400 0.3926783 0.0000010 0.5885653 0.4597639 0.5232976 0.5050017 0.5031874 0.4780118 0.4972463 0.0000010 0.5182134 0.5182134 0.0000000 0.0133042 0.0200134 0.0191829 0.0451457 0.3000816 0.6239313 0.5033467 0.0000010 1.8691783 0.8020469 0.7255171 0.7255171 1.5389466 1.6286007 1.0504222 1.6195954 1.8318448 1.8319656 1.4837042 1.7823204 1.4911566 1.6599866 1.4362420 1.4865492 2.0172333 2.1660388 1.6602858 1.4259668 1.5911082 1.5964090 1.5732000 1.6093331 1.6258178 0.8289144 2.0672108 1.8291865 2.0574977 1.6946547 1.8367777 
Coemet_Cmet_scaffold9431_01                            2.2309754 1.1007338 1.6608435 1.5328297 1.6462340 1.3614888 1.3288599 1.4243861 1.0793787 1.6554269 1.9341215 1.7746728 1.5194729 1.8206719 1.4847051 1.7022050 1.6963378 1.5183874 1.5238728 1.5559252 1.5021611 1.6391330 1.5035521 1.3187593 1.3407983 1.7777052 1.7538398 0.5028075 0.5720909 0.3926783 0.0000010 0.5808369 0.4502287 0.5213370 0.5023709 0.5023709 0.4699103 0.5042586 0.0000010 0.5181260 0.5181260 0.0133042 0.0000000 0.0200134 0.0336862 0.0907858 0.2907440 0.5834590 0.5081067 0.0000010 3.1757718 0.7882702 0.7141335 0.7141335 1.5238402 1.6256717 0.8344778 1.6131339 1.8029995 1.7837696 1.4005372 1.7008901 1.3185735 1.5818586 1.3832231 1.2230664 1.9275064 2.0249145 1.6519606 1.2823831 1.5687925 1.5743792 1.5383097 1.5847825 1.6022177 0.6235784 1.9707852 1.7630271 1.9707852 1.6610785 1.8154431 
Coeast_Cast_sb810415                                   2.2357246 1.1007338 1.6398398 1.5385697 1.6448943 1.2986461 1.3570316 1.3283511 0.8458385 1.5811535 1.7871236 1.6066682 1.4690589 2.2590056 1.5142505 1.7009889 1.8191693 1.4700059 1.4496357 1.4679744 1.4406023 1.6010814 1.4315311 1.2365693 1.2344437 1.5386328 1.5392051 0.5936982 0.6068595 0.3164837 0.0000010 0.5566629 0.3914192 0.4480928 0.4965791 0.4965791 0.4208137 0.5130364 0.0000010 0.5335679 0.5335679 0.0200134 0.0200134 0.0000000 0.0000010 0.0168347 0.3173310 0.5859683 0.4803702 0.0000010 0.0000010 0.7958329 0.6914578 0.6914578 1.4645964 1.6270597 0.6970404 1.6135983 1.6805842 1.6739306 1.3526485 1.4312110 1.2642846 1.3205277 1.3288975 1.1676675 1.6756472 1.7092800 1.4834212 1.1623744 1.3863744 1.3920226 1.3688198 1.3930057 1.4108471 0.5310255 1.7959167 1.5663386 1.8016136 1.4812194 1.8475610 
Coeast_Cast_sb810409                                   2.2556954 1.4979755 1.8280089 1.7684712 1.9026005 1.3276533 1.9036538 1.8474072 1.1159322 2.0996347 2.2178811 1.9583117 1.9539777 2.1798635 1.4224257 2.1272482 2.0004496 1.8632823 1.9579540 1.9505006 1.8724387 1.6010814 1.9340023 1.7121018 1.6468552 2.0586580 2.0445414 0.5410554 0.6958111 0.3164837 1.1473584 0.6186501 0.4294970 0.4818968 0.5636302 0.5546594 0.4556397 0.5693861 0.8695675 0.4952059 0.5008112 0.0191829 0.0336862 0.0000010 0.0000000 0.0040213 0.3179702 0.6265201 0.5781461 0.8804167 0.7789322 0.6809716 0.7320927 0.5623612 2.1602360 2.1250951 0.9438240 2.1916490 1.8464171 2.0795502 2.1672424 1.9727648 1.6766461 1.5240896 1.9371085 1.8177607 2.1880986 2.2125188 1.9032356 2.1391708 1.7817111 1.7875406 1.8337332 1.8229866 1.8441227 2.0214843 2.3057675 2.0428291 2.2601257 1.6554490 1.8568456 
Coeast_Cast_sb810420                                   3.8140596 2.2926077 1.9386450 3.1042585 2.0631458 2.3100773 2.1158906 2.0678654 1.1159322 2.2957253 2.1621454 2.1958781 2.2772817 8.9999987 9.0000000 2.5117777 2.5354390 2.0857766 2.2055723 2.1753410 2.0995623 1.4650911 2.2296150 1.9545561 1.8393677 2.4834905 2.4846505 2.2870175 0.7543467 0.3164837 1.1473584 0.6249337 0.4556830 0.4556830 0.5865299 0.5731801 0.4556830 0.5865570 0.8695675 0.5258823 0.5352976 0.0451457 0.0907858 0.0168347 0.0040213 0.0000000 0.3126731 4.9460756 0.6204336 0.8804167 0.7789322 1.4799442 0.8826855 0.5791067 2.4034591 2.3612741 0.9438240 2.4115881 1.9693502 2.2959158 2.5112791 2.2922459 1.9430838 1.7550250 2.2783402 1.9616770 2.5199004 2.5014869 2.2554723 2.1667567 2.1415298 2.1511321 2.2106431 2.1757353 2.2039571 2.0214843 6.2067837 2.3043862 2.7718211 1.7751055 8.9999986 
