71
Opea_EP00118_Oscarella_pearsei_P013078             0.0000000 2.1317970 0.1659922 0.1659922 0.0535514 0.1659922 2.5499856 2.5499856 1.0649722 1.1341879 1.1008169 1.1635670 1.1632016 1.1425272 1.1142404 1.4764534 1.2847351 1.1737092 1.3118235 1.2302494 1.2271094 3.7991979 0.0000010 0.7472803 0.8183063 1.1568573 1.2216813 0.9234984 0.8739234 3.8703624 0.8854837 0.9071535 0.9681946 1.2799333 1.1950112 0.9233636 1.1319500 1.6887677 1.5785774 1.5405529 1.2199129 1.1837690 1.0066891 1.4973430 1.4973430 1.4974043 1.5404940 1.2928527 1.2928527 5.2353614 3.2157515 3.8843518 1.0045806 0.9277263 1.6376387 0.9735564 9.0000000 2.2443969 3.6261263 2.0847995 2.5134308 7.4062702 6.9568002 2.8549409 2.6600143 1.6187739 0.8451712 1.2195015 1.5876781 1.3002155 2.0184231 
Ocar_g9696                                         2.1317970 0.0000000 0.0067873 0.0067873 0.2177218 0.2288394 0.0118287 0.3522187 0.5999621 0.6596764 0.6600047 0.6758851 0.6499443 0.6217586 0.8223351 0.5832341 0.6877902 0.7943116 0.7566693 0.7553854 0.7341038 0.9037929 0.5876169 0.8484783 0.8082555 0.7980537 0.8101298 0.8885104 0.5755683 0.6770267 0.8794061 0.8313980 0.8164956 0.8297011 0.8655777 1.2143677 0.7860872 0.7559591 0.7454559 0.7955018 0.6556689 0.6795825 0.8587495 0.7486767 0.7611539 0.7178662 0.7835793 0.8281936 0.8111212 0.8704732 0.8704732 0.6803629 0.7546782 1.0477791 0.9174423 0.9476879 1.2640623 1.2331309 1.1285519 1.1571369 1.0337415 0.9700195 1.1808727 1.4179118 1.1340038 0.7690664 0.9966905 0.5687259 1.1614277 1.8023092 1.4643400 
Opea_EP00118_Oscarella_pearsei_P013077             0.1659922 0.0067873 0.0000000 0.0000010 0.1381534 0.1456625 0.1444950 0.7191766 0.6870903 0.6553574 0.7501066 0.6601933 0.6491407 0.6524762 0.7399552 0.6911488 0.6578629 0.8562104 0.8220565 0.7468271 0.7250495 0.7172531 0.5133983 0.7759321 0.7136120 0.7932609 0.7683820 0.8163444 0.5387389 0.5947253 0.7092482 0.6981957 0.7218124 0.8132057 0.8500157 0.9487125 0.7461345 0.8495618 0.8715419 0.9104455 0.7643155 0.7525766 0.7838470 0.8311019 0.8386545 0.8333645 0.8808839 0.8330816 0.8584185 0.9154503 0.8978876 0.9209123 0.8359396 1.0074474 0.8798300 0.9375617 1.2459035 1.2593600 1.3255292 1.1365391 1.0877344 0.9518658 1.5066925 1.3819042 1.2937880 0.9954855 1.1438565 1.2458642 1.4448617 1.9320942 1.5663930 
Opea_EP00118_Oscarella_pearsei_P013079             0.1659922 0.0067873 0.0000010 0.0000000 0.1381534 0.1456625 0.1444950 0.7191766 0.6870903 0.6553574 0.7501066 0.6601933 0.6491407 0.6524762 0.7399552 0.6911488 0.6578629 0.8562104 0.8220565 0.7468271 0.7250495 0.7172531 0.5133983 0.7759321 0.7136120 0.7932609 0.7683820 0.8163444 0.5387389 0.5947253 0.7092482 0.6981957 0.7218124 0.8132057 0.8500157 0.9487125 0.7461345 0.8495618 0.8715419 0.9104455 0.7643155 0.7525766 0.7838470 0.8311019 0.8386545 0.8333645 0.8808839 0.8330816 0.8584185 0.9154503 0.8978876 0.9209123 0.8359396 1.0074474 0.8798300 0.9375617 1.2459035 1.2593600 1.3255292 1.1365391 1.0877344 0.9518658 1.5066925 1.3819042 1.2937880 0.9954855 1.1438565 1.2458642 1.4448617 1.9320942 1.5663930 
Opea_EP00118_Oscarella_pearsei_P013076             0.0535514 0.2177218 0.1381534 0.1381534 0.0000000 0.1059293 2.8403109 3.7015802 1.2844605 0.9664873 1.2394523 0.9709154 0.9377868 0.9543837 1.0108457 1.1136326 0.9118759 1.0872834 1.0594991 1.0598465 0.9444535 0.6134682 6.7140214 0.9933604 0.9624063 1.0162210 1.0531062 1.1207496 0.7129331 0.7887622 0.8124759 0.8430008 0.8903996 1.0830086 1.0228719 0.7980422 1.0282075 1.2707160 1.3194081 1.3518038 1.1834415 1.1535514 0.9130427 1.1826802 1.2003991 1.2049959 1.2407324 1.0780395 1.1507395 0.9423093 0.9145701 1.6271245 1.1249360 1.4331983 1.2694668 1.2752062 4.1089580 1.9094326 2.0379750 1.6111814 1.6867967 8.7259866 1.8355268 1.7047262 1.9495660 1.0943007 1.1438565 1.4049465 1.4448617 1.4578188 2.0603221 
Opea_EP00118_Oscarella_pearsei_P013082             0.1659922 0.2288394 0.1456625 0.1456625 0.1059293 0.0000000 0.4161843 0.1330959 1.1315505 0.9716963 1.0912381 1.0128505 0.9721350 0.9646129 0.8889369 1.1005152 0.9946520 1.2294609 1.1994120 1.1428927 1.0472590 0.6947108 4.2914636 1.1638614 1.0315930 1.1294661 1.1758425 1.1784761 0.7932691 0.9042624 0.9452866 0.9924078 1.0403752 1.2051109 1.1433228 0.9137589 1.1126976 1.2154530 1.2586581 1.4251014 1.1355764 1.1367719 1.0237730 1.1487568 1.1510023 1.1205251 1.1779035 1.1307384 1.1677850 0.9329724 0.9144343 1.4821904 1.1050513 1.3937098 1.1721314 1.2526753 2.8439781 1.9931549 1.9660154 1.6745326 1.6511386 2.3318185 1.7714763 1.7274036 1.9590209 1.1360556 1.1438565 1.3713997 1.4448617 1.3947780 1.8839329 
Opea_EP00118_Oscarella_pearsei_P013081             2.5499856 0.0118287 0.1444950 0.1444950 2.8403109 0.4161843 0.0000000 0.1632235 0.7587757 0.9651247 0.8219653 1.0914365 1.0433719 0.9477793 1.1294063 0.8860893 1.1406951 1.2445238 1.2190758 1.1216538 1.2191174 1.5233184 0.8225046 1.3804330 1.1875228 1.2905913 1.2203572 1.2707426 1.0626792 1.0312697 1.2991932 1.2180747 1.1967461 1.4258621 1.2992807 3.4573971 1.2581591 1.0406802 1.0811779 1.0889529 1.1893309 1.2030839 1.3513101 1.0833770 1.0888089 0.9983124 0.9786399 1.1802321 1.1450647 1.2247386 1.2247386 1.0614099 1.2995678 1.6561430 1.3565944 1.3071017 1.7629995 1.9442607 1.7833944 1.7833944 1.5256067 1.1941195 1.5875661 1.7039120 1.7720818 1.2776324 3.5177450 4.4262644 5.4487674 1.5151535 1.7766649 
Opea_EP00118_Oscarella_pearsei_P013080             2.5499856 0.3522187 0.7191766 0.7191766 3.7015802 0.1330959 0.1632235 0.0000000 1.3740184 1.6837020 1.4197852 1.8776398 1.8041734 1.7280500 1.4479626 1.7888030 1.9043303 2.2235853 2.2015097 2.1330331 2.1362929 1.5233184 4.2914636 2.3487319 1.9316909 2.1238051 2.1997368 2.0006064 1.6171349 1.6560712 2.0778204 2.1588742 2.1679303 2.2049970 2.1488830 3.9244007 2.0889670 1.7866522 1.7885079 2.2172021 1.8757963 1.9018746 2.0305909 1.7856479 1.7637136 1.6735052 1.8162176 1.9678417 1.9147237 1.4503816 1.4503816 1.8476928 1.7517639 3.3027713 1.8536196 2.2975507 2.9181122 3.0196275 2.6823450 2.6938730 2.3683022 2.3318185 2.1813395 2.6266854 2.7798891 1.6730629 3.5177450 7.4231090 5.4487674 2.2465180 2.3742107 
Gfas_gfas1.m1.2695.m1                              1.0649722 0.5999621 0.6870903 0.6870903 1.2844605 1.1315505 0.7587757 1.3740184 0.0000000 0.2010226 0.1942509 0.1729794 0.1864802 0.1936033 0.2122041 0.3615717 0.3842670 0.6381619 0.6719946 0.7203046 0.6815443 0.9597533 0.3124424 0.5672938 0.5266447 0.6825060 0.5555325 0.6132019 0.5287646 0.5289014 0.5868183 0.5619013 0.6086684 0.7397540 0.6910543 0.9531510 0.5829875 0.6375445 0.6117426 0.6620681 0.6540512 0.6440386 0.7181794 0.7579584 0.7517778 0.7773339 0.8639191 0.9202667 0.9025980 1.1820308 1.1763669 0.8915002 0.6388734 0.7869238 0.7866590 0.7699705 1.1221297 1.1929317 1.2043674 0.9711451 1.1163259 0.7007735 1.3478676 1.2757606 1.1815015 0.8145140 0.6993539 0.9952984 1.8565454 1.7426650 1.3491848 
Adig_XM_015909715.1                                1.1341879 0.6596764 0.6553574 0.6553574 0.9664873 0.9716963 0.9651247 1.6837020 0.2010226 0.0000000 0.0734809 0.1848041 0.1904480 0.1895265 0.2106816 0.3581485 0.3889412 0.6042308 0.6447909 0.7023733 0.7260219 0.9302464 0.3155949 0.6326935 0.5320144 0.6480225 0.5100825 0.6554316 0.5415753 0.5558263 0.6198175 0.5557430 0.6139589 0.7186211 0.6958098 0.8820261 0.6602898 0.6596621 0.6306386 0.7057493 0.6767313 0.6467072 0.6284544 0.7574295 0.7523070 0.7659551 0.8291578 0.8681590 0.8780938 0.9842848 0.9770416 0.8176475 0.6944657 0.8310539 0.7443724 0.7166549 1.1038920 1.1548476 1.2108084 1.0161843 1.1399507 0.7746012 1.3852702 1.2879475 1.2556323 0.6991775 1.0583628 0.8284754 1.5785296 1.5767953 1.3146486 
Amil_Amillepora27321-RA                            1.1008169 0.6600047 0.7501066 0.7501066 1.2394523 1.0912381 0.8219653 1.4197852 0.1942509 0.0734809 0.0000000 0.2304613 0.2407943 0.2236291 0.2290453 0.4254420 0.4225777 0.6539835 0.7067549 0.6993430 0.7438182 0.7708716 0.3126821 0.5988478 0.4878054 0.6850729 0.5185141 0.6061422 0.5534107 0.4629375 0.5684896 0.4899417 0.5515196 0.7398584 0.7522454 1.0283632 0.6972013 0.6916583 0.6315518 0.6967928 0.7015553 0.6884355 0.6648954 0.7124713 0.7054839 0.7129732 0.6982192 0.8859756 0.8725877 0.9447748 0.9357564 1.0216643 0.6937700 1.1296338 0.8763513 0.7890307 1.1195647 1.2662144 1.2733398 0.9834391 1.1843837 0.9370335 1.1999921 1.2902607 1.2968283 0.8266573 0.7664535 1.2407371 2.2219547 1.5101147 1.3197509 
Pocdam_XM_027190950.1                              1.1635670 0.6758851 0.6601933 0.6601933 0.9709154 1.0128505 1.0914365 1.8776398 0.1729794 0.1848041 0.2304613 0.0000000 0.0692391 0.0969820 0.1202286 0.3161518 0.3481478 0.5777658 0.5972538 0.6105020 0.6341312 0.8459466 0.3023981 0.5324333 0.4786887 0.5820027 0.4614894 0.5475703 0.4932752 0.5547285 0.5287844 0.5365093 0.5594277 0.6705153 0.6905150 0.8239286 0.5752254 0.6220910 0.5912682 0.6283507 0.6392574 0.6346331 0.6384864 0.7425444 0.7376265 0.7535934 0.8023362 0.8016300 0.8387595 1.0450383 1.0057716 0.7885643 0.6435550 0.7930593 0.6797725 0.7052841 1.0887357 1.1766669 1.2261763 1.0158329 1.0929697 0.6948910 1.3239247 1.2977730 1.2685822 0.7554688 0.8645892 0.7879110 1.5075430 1.5973930 1.3724938 
Spis_XP_022793883_1                                1.1632016 0.6499443 0.6491407 0.6491407 0.9377868 0.9721350 1.0433719 1.8041734 0.1864802 0.1904480 0.2407943 0.0692391 0.0000000 0.1278318 0.1423277 0.3611689 0.3601459 0.5755282 0.6037925 0.6406874 0.6718757 0.8858225 0.3177722 0.5534500 0.4794809 0.5785473 0.4866524 0.5876549 0.5071329 0.5662008 0.5560653 0.5245757 0.5724149 0.6584540 0.6928634 0.8376055 0.5795819 0.6447914 0.6075440 0.6616550 0.6160155 0.6427207 0.6417008 0.7194806 0.7146202 0.7391861 0.8034327 0.7942011 0.8319812 0.9941597 0.9895268 0.8188537 0.6480812 0.7654338 0.7077626 0.7123316 1.1104034 1.1902107 1.2391099 1.0092222 1.0746182 0.7259891 1.3759334 1.2548052 1.2837517 0.7586698 0.8306841 0.8512326 1.5010778 1.5584812 1.4020131 
Fspp_ffun1.m4.27619.m1                             1.1425272 0.6217586 0.6524762 0.6524762 0.9543837 0.9646129 0.9477793 1.7280500 0.1936033 0.1895265 0.2236291 0.0969820 0.1278318 0.0000000 0.0994818 0.3287240 0.3447738 0.5907588 0.6069341 0.6267658 0.6783985 0.8066758 0.3470141 0.5806434 0.4886554 0.6224832 0.5071072 0.5831519 0.5073577 0.5484290 0.5623243 0.5363418 0.5894217 0.7096884 0.6970775 0.8582160 0.5913973 0.6676734 0.6120255 0.6616072 0.6991489 0.6614163 0.6149816 0.7610607 0.7560287 0.7826348 0.8065622 0.8178211 0.8644728 0.9885579 0.9521878 0.7697246 0.6931458 0.8329495 0.7183768 0.7450055 1.1540416 1.2203118 1.2353582 1.0305065 1.1921661 0.8237824 1.3687119 1.3174877 1.2893574 0.7417160 0.9102802 0.7572512 1.4737858 1.6097375 1.3853805 
Gasp_gasp1.m3.1455.m1                              1.1142404 0.8223351 0.7399552 0.7399552 1.0108457 0.8889369 1.1294063 1.4479626 0.2122041 0.2106816 0.2290453 0.1202286 0.1423277 0.0994818 0.0000000 0.3830335 0.3507090 0.6481505 0.7122627 0.6271928 0.7428600 0.8512232 0.1238306 0.6249191 0.4966629 0.6507494 0.4943763 0.5855882 0.5331440 0.5952371 0.6160664 0.5908995 0.6311075 0.7510566 0.7622878 0.6993518 0.6188675 0.7781276 0.6861157 0.7248006 0.7080411 0.6912695 0.6811908 0.8007349 0.8015102 0.8079606 0.8068243 0.8399527 0.8876868 0.9847556 0.9484831 0.9805568 0.6818035 0.7215940 0.6980763 0.7525109 1.2612047 1.3209545 1.3197070 1.0408699 1.2624080 0.9430299 1.5903783 1.3653486 1.4670891 0.8539634 0.9564249 0.7953972 1.5887992 1.2712215 1.3377622 
Exapal_XM_021048953.1                              1.4764534 0.5832341 0.6911488 0.6911488 1.1136326 1.1005152 0.8860893 1.7888030 0.3615717 0.3581485 0.4254420 0.3161518 0.3611689 0.3287240 0.3830335 0.0000000 0.3950215 0.5975282 0.6203670 0.6247361 0.6597273 0.8111082 0.3735655 0.6873302 0.5795925 0.6519867 0.5164012 0.6632348 0.5249096 0.6350714 0.6834348 0.6660714 0.6727000 0.6742547 0.6729027 0.8925745 0.6068855 0.6123112 0.5889250 0.6442570 0.7023734 0.6830649 0.6614601 0.8934451 0.8944381 0.8151987 0.8988407 0.8933488 0.9364084 0.9286702 0.9248690 0.8698034 0.7771784 0.8434862 0.6946339 0.6943995 1.1134051 1.1495177 1.2312824 1.0011638 1.1227440 0.8070263 1.3906952 1.2607286 1.1417368 0.7193435 0.9033793 0.8220749 1.4367936 1.3814299 1.4893227 
Nvec_v1g138093                                     1.2847351 0.6877902 0.6578629 0.6578629 0.9118759 0.9946520 1.1406951 1.9043303 0.3842670 0.3889412 0.4225777 0.3481478 0.3601459 0.3447738 0.3507090 0.3950215 0.0000000 0.6322861 0.7112521 0.6849264 0.7135757 0.7476401 0.3826685 0.6620332 0.6122220 0.6583671 0.6183598 0.6485051 0.5625505 0.6506742 0.6956775 0.6914148 0.7526128 0.7178820 0.7343748 0.9356212 0.6315902 0.7050741 0.6078972 0.6509293 0.7228407 0.7108525 0.6742086 0.7775612 0.7725087 0.7417153 0.7713477 0.7838616 0.8313902 0.9791095 0.9783530 0.8802248 0.8046488 0.8675691 0.7789021 0.8120300 1.1325219 1.1539664 1.1215549 0.9135247 1.1802147 0.8735646 1.4012022 1.2523574 1.1712063 0.8172540 1.1842073 0.9357254 1.4435424 1.6692341 1.3556579 
Spolac_c102408_g1_i2_m.29197c102408-g1             1.1737092 0.7943116 0.8562104 0.8562104 1.0872834 1.2294609 1.2445238 2.2235853 0.6381619 0.6042308 0.6539835 0.5777658 0.5755282 0.5907588 0.6481505 0.5975282 0.6322861 0.0000000 0.1436999 0.5872986 0.6292893 0.7204910 0.3706609 0.6249286 0.5664264 0.5942893 0.5507432 0.6388771 0.5641453 0.6407885 0.6405791 0.6621226 0.6128202 0.7001464 0.6639994 0.9378325 0.6792632 0.7025900 0.6293765 0.7066441 0.7745023 0.7043173 0.6589094 0.9211255 0.9081706 0.8762727 0.9258114 0.8947321 0.9597086 0.7606416 0.7547140 0.6767593 0.8060443 0.7637253 0.7965893 0.9088983 1.2291527 1.1843603 1.2780540 1.0653253 1.3268212 0.9771237 1.5218822 1.3337571 1.2394912 0.7897148 0.9345377 0.9855155 1.1195562 1.7952404 1.3645350 
Emue_Em0009g986a.t1                                1.3118235 0.7566693 0.8220565 0.8220565 1.0594991 1.1994120 1.2190758 2.2015097 0.6719946 0.6447909 0.7067549 0.5972538 0.6037925 0.6069341 0.7122627 0.6203670 0.7112521 0.1436999 0.0000000 0.6388249 0.6403921 0.6473489 0.3556047 0.6427119 0.5722562 0.6066970 0.5888002 0.6417255 0.6003124 0.6399525 0.6410672 0.6196467 0.6040452 0.7360893 0.6969784 0.9895408 0.6956408 0.6876774 0.6238470 0.7216273 0.8035720 0.7562767 0.6624997 1.0131724 1.0044027 0.9679876 1.0156403 0.9753625 1.0436485 0.7262006 0.7217113 0.6707100 0.9072495 0.7407621 0.7847685 0.9575749 1.2201509 1.2190607 1.2442764 1.0373447 1.2780579 0.9414782 1.4472393 1.2967665 1.2594601 0.8540726 1.0391385 1.0189325 1.2266816 1.8965184 1.4075190 
Aque_Aqu2.1.22057_001                              1.2302494 0.7553854 0.7468271 0.7468271 1.0598465 1.1428927 1.1216538 2.1330331 0.7203046 0.7023733 0.6993430 0.6105020 0.6406874 0.6267658 0.6271928 0.6247361 0.6849264 0.5872986 0.6388249 0.0000000 0.2485459 0.3060928 0.3091119 0.7367643 0.6049572 0.6144964 0.5530364 0.6485473 0.5606938 0.6416365 0.7025851 0.6717425 0.7303672 0.7005942 0.7777794 0.9487777 0.6792758 0.7838997 0.7317183 0.7848930 0.8190940 0.7214536 0.7318500 0.8638751 0.8567017 0.8435005 0.8733250 0.8081653 0.8358907 0.7012070 0.6773607 0.6893750 0.8332814 0.9030782 0.8063562 0.9625621 1.1604526 1.2408338 1.2714919 1.0575450 1.1905510 0.8895525 1.4783699 1.4168997 1.2681509 0.8982359 0.9949206 0.8432855 1.3319580 1.7846196 1.4297056 
Halamb_c53894_g1_i9mm.5506                         1.2271094 0.7341038 0.7250495 0.7250495 0.9444535 1.0472590 1.2191174 2.1362929 0.6815443 0.7260219 0.7438182 0.6341312 0.6718757 0.6783985 0.7428600 0.6597273 0.7135757 0.6292893 0.6403921 0.2485459 0.0000000 0.0094042 0.3176632 0.6594616 0.6538741 0.6836433 0.6142986 0.6701987 0.5687643 0.6349079 0.7312852 0.6776205 0.7372010 0.7061789 0.7808181 0.9302650 0.6655887 0.7029790 0.7311906 0.7579132 0.8369353 0.7720948 0.7335378 0.9031666 0.9011857 0.8518188 0.9326203 0.8227381 0.8573524 0.6800820 0.6794972 0.6776309 0.8793991 0.9311991 0.8219943 0.9116277 1.1342571 1.2371579 1.2272990 0.9865997 1.1699810 0.7956934 1.3648225 1.3624195 1.2468965 0.9723517 1.1648688 0.9332495 1.2554970 1.8832957 1.4153669 
Halamb_c53894_g2_i7mm.5508                         3.7991979 0.9037929 0.7172531 0.7172531 0.6134682 0.6947108 1.5233184 1.5233184 0.9597533 0.9302464 0.7708716 0.8459466 0.8858225 0.8066758 0.8512232 0.8111082 0.7476401 0.7204910 0.6473489 0.3060928 0.0094042 0.0000000 1.0837587 0.7709634 0.8625958 0.8205292 0.7148050 0.7750110 0.6828903 0.7257145 0.8113794 0.7820199 0.9167139 0.7591923 0.8474019 0.5916674 0.7539346 0.7275215 0.8340969 0.7318598 1.0822197 0.9154273 0.6784732 0.8116332 0.8227758 0.7837116 0.7518907 0.7109224 0.6899522 0.5711663 0.5711663 0.4317557 0.8786161 1.0837587 0.7443259 0.7721907 1.5145932 1.3479397 1.1864397 1.1549704 1.1033862 1.0573764 1.1819350 1.1283376 1.0439345 0.9203038 0.9138726 1.3595903 1.2211322 0.8172597 1.5292800 
Cgig_XM_034468731.1                                0.0000010 0.5876169 0.5133983 0.5133983 6.7140214 4.2914636 0.8225046 4.2914636 0.3124424 0.3155949 0.3126821 0.3023981 0.3177722 0.3470141 0.1238306 0.3735655 0.3826685 0.3706609 0.3556047 0.3091119 0.3176632 1.0837587 0.0000000 0.2128575 0.2767931 0.2880557 0.2828078 0.3118861 0.3122579 0.3302560 0.4163114 0.3929404 0.4195466 0.3723700 0.4936183 2.6225925 0.3544165 0.4923317 0.4124266 0.5482918 0.4975917 0.4898685 0.5133878 0.4926674 0.4766135 0.4674943 0.3642646 0.5044981 0.5044981 2.7333475 2.7333475 0.3291358 0.6128771 0.7500400 0.6786388 0.8786732 0.8065845 0.8065845 0.7226484 0.7361758 0.6691376 0.6442608 1.4992574 0.9318441 0.7899428 0.8566872 0.0000010 1.0946637 0.0000010 4.7532428 1.1589049 
Acagra_model.g9425.t1.1.5d3b8600                   0.7472803 0.8484783 0.7759321 0.7759321 0.9933604 1.1638614 1.3804330 2.3487319 0.5672938 0.6326935 0.5988478 0.5324333 0.5534500 0.5806434 0.6249191 0.6873302 0.6620332 0.6249286 0.6427119 0.7367643 0.6594616 0.7709634 0.2128575 0.0000000 0.5354479 0.6071224 0.5248243 0.5511316 0.6509096 0.6635610 0.6653500 0.6860679 0.6668273 0.6940996 0.6903818 0.9720081 0.6364835 0.6808152 0.6528818 0.6816575 0.7573470 0.7680911 0.6815937 0.8003587 0.8011661 0.7725901 0.7887793 0.7265102 0.7861472 1.1141652 1.0413500 0.8901887 0.7289546 0.7391277 0.8593720 0.9375313 1.1423781 1.2224276 1.2252573 1.0430416 1.1502915 0.8084895 1.5519690 1.3344765 1.3213538 0.9231504 0.7977389 1.0916980 1.4413447 1.5357181 1.2291597 
Bralan_BLAG02001760_1                              0.8183063 0.8082555 0.7136120 0.7136120 0.9624063 1.0315930 1.1875228 1.9316909 0.5266447 0.5320144 0.4878054 0.4786887 0.4794809 0.4886554 0.4966629 0.5795925 0.6122220 0.5664264 0.5722562 0.6049572 0.6538741 0.8625958 0.2767931 0.5354479 0.0000000 0.4256727 0.4042366 0.4692056 0.4951470 0.5540554 0.5699228 0.5650444 0.5672737 0.5150148 0.7176761 0.8408328 0.6255215 0.7954409 0.6942917 0.8069466 0.7144769 0.6637344 0.6815988 0.8656744 0.8531560 0.8329116 0.8614599 0.8754801 0.9363211 0.8925264 0.8580490 0.7508580 0.7062126 0.8070081 0.7529931 0.9170228 1.1969387 1.2625590 1.1825047 1.0191958 1.2136012 0.9785248 1.5605124 1.4023317 1.2407226 0.9298128 1.0347148 0.8058205 1.3806996 1.6407764 1.4059659 
Skow_XM_002736478.2                                1.1568573 0.7980537 0.7932609 0.7932609 1.0162210 1.1294661 1.2905913 2.1238051 0.6825060 0.6480225 0.6850729 0.5820027 0.5785473 0.6224832 0.6507494 0.6519867 0.6583671 0.5942893 0.6066970 0.6144964 0.6836433 0.8205292 0.2880557 0.6071224 0.4256727 0.0000000 0.4659193 0.5583480 0.5465995 0.6230484 0.6484553 0.6432934 0.6387282 0.6304030 0.7002083 0.9451775 0.6651923 0.8201482 0.7399495 0.8087247 0.7215750 0.6436253 0.7331003 0.7964141 0.8031644 0.7405023 0.7970392 0.7843591 0.8489686 0.8684024 0.8586094 0.7890877 0.8267218 0.7952755 0.8109587 0.9320056 1.1316620 1.2267817 1.2136166 1.0347812 1.1343995 0.8215540 1.5401834 1.2570030 1.2736912 0.9252006 1.0459337 1.2390093 1.4988332 1.6722426 1.3844380 
Spur_XM_030976914.1                                1.2216813 0.8101298 0.7683820 0.7683820 1.0531062 1.1758425 1.2203572 2.1997368 0.5555325 0.5100825 0.5185141 0.4614894 0.4866524 0.5071072 0.4943763 0.5164012 0.6183598 0.5507432 0.5888002 0.5530364 0.6142986 0.7148050 0.2828078 0.5248243 0.4042366 0.4659193 0.0000000 0.5032791 0.5370733 0.6039264 0.6693577 0.6496897 0.6477810 0.5989655 0.7084173 0.8705436 0.6234694 0.7710560 0.7088195 0.7146177 0.7071869 0.6042846 0.6183284 0.8252310 0.8202570 0.7829670 0.8243509 0.8280664 0.8694871 0.8774998 0.8720848 0.8320382 0.7695070 0.9132012 0.7825552 0.9529920 1.2008922 1.1988827 1.2476566 1.0253676 1.1593118 0.9085079 1.4584820 1.3525443 1.1764488 0.8166420 0.9254712 0.8711512 1.3804858 1.7045358 1.2895892 
Ctel_gnl_WGS_AMQN_CAPTEDRAFT_mRNA219341            0.9234984 0.8885104 0.8163444 0.8163444 1.1207496 1.1784761 1.2707426 2.0006064 0.6132019 0.6554316 0.6061422 0.5475703 0.5876549 0.5831519 0.5855882 0.6632348 0.6485051 0.6388771 0.6417255 0.6485473 0.6701987 0.7750110 0.3118861 0.5511316 0.4692056 0.5583480 0.5032791 0.0000000 0.5877545 0.7013522 0.6855266 0.6390422 0.6516934 0.6654237 0.7741336 0.9482050 0.6583078 0.7801585 0.7701661 0.7837128 0.6904522 0.6183591 0.6872578 0.8840947 0.8806378 0.8472278 0.8470946 0.8323456 0.8802201 0.9821878 0.9473773 0.8017505 0.7703207 0.8576606 0.8130663 0.9046366 1.2200238 1.2971369 1.1954887 1.0287995 1.1875558 0.8119823 1.4037326 1.3855602 1.2708147 0.7880229 0.8239104 1.1011714 1.4319429 1.4296971 1.3421004 
Plajan_Pjan_scaffold578_01                         0.8739234 0.5755683 0.5387389 0.5387389 0.7129331 0.7932691 1.0626792 1.6171349 0.5287646 0.5415753 0.5534107 0.4932752 0.5071329 0.5073577 0.5331440 0.5249096 0.5625505 0.5641453 0.6003124 0.5606938 0.5687643 0.6828903 0.3122579 0.6509096 0.4951470 0.5465995 0.5370733 0.5877545 0.0000000 0.4381254 0.5805634 0.5466923 0.5849540 0.5723182 0.7117457 0.8010698 0.5951515 0.6818364 0.6872279 0.7612854 0.6707372 0.6033993 0.6582340 0.8081659 0.8078351 0.7756516 0.7933671 0.7735158 0.8221314 0.7461325 0.7352604 0.6633074 0.7847173 0.9122010 0.8173501 0.9254203 1.2281652 1.1994190 1.1682679 0.9781351 1.1520403 0.9234507 1.4935647 1.3374692 1.3365034 0.7525217 0.8899054 0.9348495 1.1813898 1.6879932 1.4757696 
Clacor_Ccor_C533139_01                             3.8703624 0.6770267 0.5947253 0.5947253 0.7887622 0.9042624 1.0312697 1.6560712 0.5289014 0.5558263 0.4629375 0.5547285 0.5662008 0.5484290 0.5952371 0.6350714 0.6506742 0.6407885 0.6399525 0.6416365 0.6349079 0.7257145 0.3302560 0.6635610 0.5540554 0.6230484 0.6039264 0.7013522 0.4381254 0.0000000 0.3855979 0.4464767 0.4272413 0.6300515 0.7757186 1.1242595 0.7360796 0.7842615 0.7147834 0.7928433 0.6954212 0.6732934 0.7749083 0.7809836 0.7826174 0.7696342 0.7827805 0.7334201 0.7917757 1.0125131 1.0125131 0.5454335 0.7335144 1.0802232 0.8134309 0.8869041 1.1711785 1.2374021 1.1168883 1.0461889 1.0539497 0.8862119 1.4664787 1.2669266 1.2816562 0.8826295 2.4068506 1.6758638 1.4385006 2.4003985 1.5442612 
Lcom_lcpid74627                                    0.8854837 0.8794061 0.7092482 0.7092482 0.8124759 0.9452866 1.2991932 2.0778204 0.5868183 0.6198175 0.5684896 0.5287844 0.5560653 0.5623243 0.6160664 0.6834348 0.6956775 0.6405791 0.6410672 0.7025851 0.7312852 0.8113794 0.4163114 0.6653500 0.5699228 0.6484553 0.6693577 0.6855266 0.5805634 0.3855979 0.0000000 0.2651817 0.2255949 0.8059387 0.8079002 1.0104647 0.7387552 0.8005062 0.7423028 0.8696527 0.7973111 0.8280462 0.8180728 0.9358482 0.9322957 0.8933608 0.9349500 0.9370715 0.9764442 1.0833768 1.0606493 0.8266125 0.8822869 1.0149672 0.8580242 0.8803172 1.3782429 1.4317377 1.2924117 1.1166707 1.2779206 0.9154822 1.5976023 1.4287365 1.4407679 0.9303073 0.8465999 1.3308845 1.3350172 1.9709259 1.4513251 
Gracom_Gcom_scaffold14841_01                       0.9071535 0.8313980 0.6981957 0.6981957 0.8430008 0.9924078 1.2180747 2.1588742 0.5619013 0.5557430 0.4899417 0.5365093 0.5245757 0.5363418 0.5908995 0.6660714 0.6914148 0.6621226 0.6196467 0.6717425 0.6776205 0.7820199 0.3929404 0.6860679 0.5650444 0.6432934 0.6496897 0.6390422 0.5466923 0.4464767 0.2651817 0.0000000 0.1734544 0.7798459 0.7838282 0.9498387 0.7086101 0.7567948 0.7306217 0.8516175 0.8298289 0.8052375 0.7530584 0.8792373 0.8882819 0.8556752 0.8690219 0.8700468 0.9255259 1.0622876 1.0399369 0.8453802 0.8979116 0.9802808 0.8407516 0.8737595 1.3590440 1.4349050 1.2562434 1.0664406 1.2607651 0.9263680 1.6375014 1.5113152 1.3935187 0.8904296 0.7538341 1.1546612 1.3000333 1.8684835 1.4307738 
Leuniv_Lniv_C806652_01                             0.9681946 0.8164956 0.7218124 0.7218124 0.8903996 1.0403752 1.1967461 2.1679303 0.6086684 0.6139589 0.5515196 0.5594277 0.5724149 0.5894217 0.6311075 0.6727000 0.7526128 0.6128202 0.6040452 0.7303672 0.7372010 0.9167139 0.4195466 0.6668273 0.5672737 0.6387282 0.6477810 0.6516934 0.5849540 0.4272413 0.2255949 0.1734544 0.0000000 0.8016054 0.8507027 0.9888236 0.7547526 0.7580626 0.7262426 0.8786098 0.8061203 0.8049613 0.8142282 0.8833422 0.8968209 0.8475436 0.8795885 0.8946876 0.9357144 1.0696723 1.0468604 0.8777447 0.9068673 1.0436190 0.8058729 0.8980579 1.3686356 1.4124959 1.2597475 1.0474668 1.3044797 0.9193047 1.7154621 1.5699165 1.4193329 0.9293460 0.7798667 1.2854848 1.2904801 1.8755730 1.4229315 
Hsap_ENST00000378842                               1.2799333 0.8297011 0.8132057 0.8132057 1.0830086 1.2051109 1.4258621 2.2049970 0.7397540 0.7186211 0.7398584 0.6705153 0.6584540 0.7096884 0.7510566 0.6742547 0.7178820 0.7001464 0.7360893 0.7005942 0.7061789 0.7591923 0.3723700 0.6940996 0.5150148 0.6304030 0.5989655 0.6654237 0.5723182 0.6300515 0.8059387 0.7798459 0.8016054 0.0000000 0.6653069 0.8686267 0.6018901 0.7990622 0.7609608 0.8536064 0.8335124 0.7869105 0.7635159 0.8953066 0.8825852 0.8487909 0.9505647 0.8805135 0.9311378 0.9915897 0.9244036 0.9444534 0.8757004 0.8997936 0.9494133 0.9283191 1.1340625 1.1741475 1.1390943 0.9618721 1.3101735 0.9102704 1.6206511 1.3950075 1.2477298 0.9070906 1.2136869 1.1365114 1.5024936 0.6462797 1.4563958 
Cscu_XM_023386642.1                                1.1950112 0.8655777 0.8500157 0.8500157 1.0228719 1.1433228 1.2992807 2.1488830 0.6910543 0.6958098 0.7522454 0.6905150 0.6928634 0.6970775 0.7622878 0.6729027 0.7343748 0.6639994 0.6969784 0.7777794 0.7808181 0.8474019 0.4936183 0.6903818 0.7176761 0.7002083 0.7084173 0.7741336 0.7117457 0.7757186 0.8079002 0.7838282 0.8507027 0.6653069 0.0000000 0.4603100 0.3010754 0.8254271 0.7409852 0.7468340 0.8252431 0.8381897 0.6921644 0.8926981 0.8799640 0.8615766 0.8923502 0.8216037 0.8635502 1.0784514 1.0820726 0.9771933 0.8521132 0.9616527 0.9059779 0.9000750 1.2042245 1.1677484 1.2112889 1.0219803 1.1873037 0.9122186 1.3476934 1.2486482 1.2441755 0.8504897 0.9971136 1.0618809 1.3929070 1.6710782 1.4535070 
Cscu_XM_023386645.1                                0.9233636 1.2143677 0.9487125 0.9487125 0.7980422 0.9137589 3.4573971 3.9244007 0.9531510 0.8820261 1.0283632 0.8239286 0.8376055 0.8582160 0.6993518 0.8925745 0.9356212 0.9378325 0.9895408 0.9487777 0.9302650 0.5916674 2.6225925 0.9720081 0.8408328 0.9451775 0.8705436 0.9482050 0.8010698 1.1242595 1.0104647 0.9498387 0.9888236 0.8686267 0.4603100 0.0000000 0.1335041 0.9923620 1.0184844 1.0667031 0.9917659 0.9694992 0.8094133 1.1711160 1.1866071 1.1716253 1.1127530 1.0832985 1.1987530 0.9439481 0.9533755 1.4878563 1.1157517 1.0895418 1.1192370 1.0841802 2.1148134 1.5721246 1.9822603 1.5545567 1.7907491 2.9857447 2.1308581 2.0438772 1.9124163 1.0750930 1.2329345 0.9966963 1.3564227 0.8698743 1.7695489 
Cscu_XM_023386637.1                                1.1319500 0.7860872 0.7461345 0.7461345 1.0282075 1.1126976 1.2581591 2.0889670 0.5829875 0.6602898 0.6972013 0.5752254 0.5795819 0.5913973 0.6188675 0.6068855 0.6315902 0.6792632 0.6956408 0.6792758 0.6655887 0.7539346 0.3544165 0.6364835 0.6255215 0.6651923 0.6234694 0.6583078 0.5951515 0.7360796 0.7387552 0.7086101 0.7547526 0.6018901 0.3010754 0.1335041 0.0000000 0.6876242 0.6363248 0.7091291 0.6761483 0.7006129 0.6675650 0.8156233 0.8164522 0.7838625 0.8065652 0.7262829 0.7839028 0.9557933 0.9616927 0.8691201 0.7765048 0.9132099 0.8520012 0.8679918 1.0643300 1.1585376 1.1620950 0.9744822 1.1118122 0.8260730 1.4869594 1.3479286 1.2834534 0.8718250 1.2329345 1.0028450 1.3525145 1.5115582 1.3862341 
Dgig_XM_028542943.1                                1.6887677 0.7559591 0.8495618 0.8495618 1.2707160 1.2154530 1.0406802 1.7866522 0.6375445 0.6596621 0.6916583 0.6220910 0.6447914 0.6676734 0.7781276 0.6123112 0.7050741 0.7025900 0.6876774 0.7838997 0.7029790 0.7275215 0.4923317 0.6808152 0.7954409 0.8201482 0.7710560 0.7801585 0.6818364 0.7842615 0.8005062 0.7567948 0.7580626 0.7990622 0.8254271 0.9923620 0.6876242 0.0000000 0.1756129 0.3802994 0.8433010 0.8450554 0.8198889 0.8864085 0.8737010 0.8178504 0.8268732 0.7940086 0.8455789 0.9053729 0.9056218 0.9109278 0.9664017 1.1023613 0.9105038 0.9111196 1.2241137 1.3058504 1.1561594 1.0094229 1.1439349 0.9069544 1.3127477 1.3561250 1.2965144 0.9310848 1.5622188 1.0902357 1.5362568 1.8020731 1.3993499 
Dgig_XM_028542873.1                                1.5785774 0.7454559 0.8715419 0.8715419 1.3194081 1.2586581 1.0811779 1.7885079 0.6117426 0.6306386 0.6315518 0.5912682 0.6075440 0.6120255 0.6861157 0.5889250 0.6078972 0.6293765 0.6238470 0.7317183 0.7311906 0.8340969 0.4124266 0.6528818 0.6942917 0.7399495 0.7088195 0.7701661 0.6872279 0.7147834 0.7423028 0.7306217 0.7262426 0.7609608 0.7409852 1.0184844 0.6363248 0.1756129 0.0000000 0.2982455 0.7718386 0.7710793 0.7365159 0.8345624 0.8223171 0.7787726 0.7682721 0.7775601 0.8356212 0.8549976 0.8790365 0.9124707 0.9139129 0.9872129 0.7980874 0.8765660 1.2300526 1.2733023 1.1642690 1.0028852 1.1410260 0.8959728 1.3751173 1.3751842 1.3280168 0.8939888 1.3563759 0.9809823 1.5197350 1.6684533 1.3426514 
Xesp_000979-T1                                     1.5405529 0.7955018 0.9104455 0.9104455 1.3518038 1.4251014 1.0889529 2.2172021 0.6620681 0.7057493 0.6967928 0.6283507 0.6616550 0.6616072 0.7248006 0.6442570 0.6509293 0.7066441 0.7216273 0.7848930 0.7579132 0.7318598 0.5482918 0.6816575 0.8069466 0.8087247 0.7146177 0.7837128 0.7612854 0.7928433 0.8696527 0.8516175 0.8786098 0.8536064 0.7468340 1.0667031 0.7091291 0.3802994 0.2982455 0.0000000 0.8239529 0.7676251 0.7361856 0.9022543 0.9065158 0.8646987 0.8692583 0.7961646 0.8684237 0.9220899 0.9038320 0.8904039 0.9143862 1.0446140 0.7485280 0.8157700 1.1755666 1.1874347 1.0804438 0.9794357 1.0564289 0.8747241 1.2969901 1.3178206 1.2703237 0.9193790 1.3563704 0.8342576 1.4811993 1.6512122 1.3464721 
Nemnom_g3565.t1                                    1.2199129 0.6556689 0.7643155 0.7643155 1.1834415 1.1355764 1.1893309 1.8757963 0.6540512 0.6767313 0.7015553 0.6392574 0.6160155 0.6991489 0.7080411 0.7023734 0.7228407 0.7745023 0.8035720 0.8190940 0.8369353 1.0822197 0.4975917 0.7573470 0.7144769 0.7215750 0.7071869 0.6904522 0.6707372 0.6954212 0.7973111 0.8298289 0.8061203 0.8335124 0.8252431 0.9917659 0.6761483 0.8433010 0.7718386 0.8239529 0.0000000 0.1884704 0.7954593 0.7760423 0.7700444 0.7424338 0.8133107 0.7427378 0.7857893 1.0870018 1.0956849 0.9205366 0.7273466 0.8803298 0.7464142 0.8018572 1.2303201 1.2309930 1.2681053 1.1019767 1.2540134 0.8667260 1.5473513 1.3234324 1.2311894 0.7139336 1.2807715 1.2436454 1.5014577 2.0001943 1.3310089 
Rhoesc_Res_009473-T1                               1.1837690 0.6795825 0.7525766 0.7525766 1.1535514 1.1367719 1.2030839 1.9018746 0.6440386 0.6467072 0.6884355 0.6346331 0.6427207 0.6614163 0.6912695 0.6830649 0.7108525 0.7043173 0.7562767 0.7214536 0.7720948 0.9154273 0.4898685 0.7680911 0.6637344 0.6436253 0.6042846 0.6183591 0.6033993 0.6732934 0.8280462 0.8052375 0.8049613 0.7869105 0.8381897 0.9694992 0.7006129 0.8450554 0.7710793 0.7676251 0.1884704 0.0000000 0.7633208 0.8028849 0.7966831 0.7635444 0.8067570 0.7792110 0.8416357 1.0164521 1.0165298 0.8451066 0.6639083 0.8738856 0.7437709 0.8539230 1.2040644 1.1807718 1.2631765 1.0581984 1.2458559 0.8796094 1.5272240 1.3194333 1.2759702 0.7019338 1.2282924 1.1972617 1.3397661 1.9691565 1.2814678 
Dpul_mRNA4619                                      1.0066891 0.8587495 0.7838470 0.7838470 0.9130427 1.0237730 1.3513101 2.0305909 0.7181794 0.6284544 0.6648954 0.6384864 0.6417008 0.6149816 0.6811908 0.6614601 0.6742086 0.6589094 0.6624997 0.7318500 0.7335378 0.6784732 0.5133878 0.6815937 0.6815988 0.7331003 0.6183284 0.6872578 0.6582340 0.7749083 0.8180728 0.7530584 0.8142282 0.7635159 0.6921644 0.8094133 0.6675650 0.8198889 0.7365159 0.7361856 0.7954593 0.7633208 0.0000000 0.9295647 0.9163555 0.9015426 0.9048515 0.9246166 0.9829849 0.9102309 0.9074046 0.8885304 0.8243231 0.9035107 0.8517879 0.9019413 1.2882099 1.1692060 1.2687275 1.0819769 1.2896559 1.0695014 1.4026569 1.3523557 1.2615569 0.8656981 1.0067948 0.8460794 1.3084545 1.6918267 1.5277621 
Hhon_g10939.t1                                     1.4973430 0.7486767 0.8311019 0.8311019 1.1826802 1.1487568 1.0833770 1.7856479 0.7579584 0.7574295 0.7124713 0.7425444 0.7194806 0.7610607 0.8007349 0.8934451 0.7775612 0.9211255 1.0131724 0.8638751 0.9031666 0.8116332 0.4926674 0.8003587 0.8656744 0.7964141 0.8252310 0.8840947 0.8081659 0.7809836 0.9358482 0.8792373 0.8833422 0.8953066 0.8926981 1.1711160 0.8156233 0.8864085 0.8345624 0.9022543 0.7760423 0.8028849 0.9295647 0.0000000 0.0062301 0.1177215 0.1067017 0.2503117 0.2590563 1.0754231 1.0429679 1.0484991 0.8283374 1.1477513 0.9287408 1.0719684 1.1224011 1.1636881 1.2089676 1.0356011 1.1785280 0.8982140 1.6184931 1.2856740 1.2599552 0.9830632 1.6542640 1.3562489 2.1604491 2.1737037 1.3474518 
HoiH04_mRNA193                                     1.4973430 0.7611539 0.8386545 0.8386545 1.2003991 1.1510023 1.0888089 1.7637136 0.7517778 0.7523070 0.7054839 0.7376265 0.7146202 0.7560287 0.8015102 0.8944381 0.7725087 0.9081706 1.0044027 0.8567017 0.9011857 0.8227758 0.4766135 0.8011661 0.8531560 0.8031644 0.8202570 0.8806378 0.8078351 0.7826174 0.9322957 0.8882819 0.8968209 0.8825852 0.8799640 1.1866071 0.8164522 0.8737010 0.8223171 0.9065158 0.7700444 0.7966831 0.9163555 0.0062301 0.0000000 0.1178283 0.1068122 0.2546154 0.2633210 1.0923064 1.0590172 1.0399893 0.8346730 1.1349631 0.9334857 1.0755447 1.1256923 1.1570406 1.2069505 1.0335863 1.1927377 0.8854048 1.5988059 1.2753306 1.2716141 0.9992486 1.6542640 1.3262300 2.1235864 2.1737037 1.3577733 
HoiH23_PlH23_006006-RA                             1.4974043 0.7178662 0.8333645 0.8333645 1.2049959 1.1205251 0.9983124 1.6735052 0.7773339 0.7659551 0.7129732 0.7535934 0.7391861 0.7826348 0.8079606 0.8151987 0.7417153 0.8762727 0.9679876 0.8435005 0.8518188 0.7837116 0.4674943 0.7725901 0.8329116 0.7405023 0.7829670 0.8472278 0.7756516 0.7696342 0.8933608 0.8556752 0.8475436 0.8487909 0.8615766 1.1716253 0.7838625 0.8178504 0.7787726 0.8646987 0.7424338 0.7635444 0.9015426 0.1177215 0.1178283 0.0000000 0.0404836 0.2234124 0.2496109 1.0165141 0.9908038 0.9983636 0.8038451 1.2120995 0.9510823 1.0675273 1.1126345 1.1639182 1.1344759 0.9607179 1.1045312 0.8851424 1.5169819 1.2502191 1.2337088 0.9744951 1.6695628 1.5399525 1.9824021 2.1695413 1.3253139 
HoiH06_mRNA9775                                    1.5404940 0.7835793 0.8808839 0.8808839 1.2407324 1.1779035 0.9786399 1.8162176 0.8639191 0.8291578 0.6982192 0.8023362 0.8034327 0.8065622 0.8068243 0.8988407 0.7713477 0.9258114 1.0156403 0.8733250 0.9326203 0.7518907 0.3642646 0.7887793 0.8614599 0.7970392 0.8243509 0.8470946 0.7933671 0.7827805 0.9349500 0.8690219 0.8795885 0.9505647 0.8923502 1.1127530 0.8065652 0.8268732 0.7682721 0.8692583 0.8133107 0.8067570 0.9048515 0.1067017 0.1068122 0.0404836 0.0000000 0.2055189 0.2306948 1.0226658 0.9834131 1.1188048 0.8349640 1.2690986 0.9523377 1.1346095 1.3285650 1.3220553 1.2542599 1.0266261 1.1597397 0.9284994 1.4575357 1.2503647 1.2974317 1.0392292 1.6710729 1.4086003 2.0639721 1.9328646 1.3006964 
Tadh_TriadT30823                                   1.2928527 0.8281936 0.8330816 0.8330816 1.0780395 1.1307384 1.1802321 1.9678417 0.9202667 0.8681590 0.8859756 0.8016300 0.7942011 0.8178211 0.8399527 0.8933488 0.7838616 0.8947321 0.9753625 0.8081653 0.8227381 0.7109224 0.5044981 0.7265102 0.8754801 0.7843591 0.8280664 0.8323456 0.7735158 0.7334201 0.9370715 0.8700468 0.8946876 0.8805135 0.8216037 1.0832985 0.7262829 0.7940086 0.7775601 0.7961646 0.7427378 0.7792110 0.9246166 0.2503117 0.2546154 0.2234124 0.2055189 0.0000000 0.0128812 0.9866914 0.9828894 1.0588304 0.7944700 1.2600511 0.9018135 0.9820816 1.1056562 1.1815678 1.1507311 1.0110312 1.0838521 0.9287710 1.5045928 1.2334582 1.2067243 1.0169323 1.5103696 1.3216614 1.9641718 2.1665588 1.4051184 
TrH2_TrispH2_009255-RA                             1.2928527 0.8111212 0.8584185 0.8584185 1.1507395 1.1677850 1.1450647 1.9147237 0.9025980 0.8780938 0.8725877 0.8387595 0.8319812 0.8644728 0.8876868 0.9364084 0.8313902 0.9597086 1.0436485 0.8358907 0.8573524 0.6899522 0.5044981 0.7861472 0.9363211 0.8489686 0.8694871 0.8802201 0.8221314 0.7917757 0.9764442 0.9255259 0.9357144 0.9311378 0.8635502 1.1987530 0.7839028 0.8455789 0.8356212 0.8684237 0.7857893 0.8416357 0.9829849 0.2590563 0.2633210 0.2496109 0.2306948 0.0128812 0.0000000 1.0178355 1.0134116 1.1001392 0.8313098 1.2475060 0.9179135 1.0328703 1.1120968 1.2322927 1.2059977 1.0406050 1.1318794 0.9529902 1.5793684 1.3129388 1.2262410 1.0863565 1.6096780 1.4924051 2.1679788 2.1352728 1.3992200 
Plespi_Pspi_scaffold4432_01                        5.2353614 0.8704732 0.9154503 0.9154503 0.9423093 0.9329724 1.2247386 1.4503816 1.1820308 0.9842848 0.9447748 1.0450383 0.9941597 0.9885579 0.9847556 0.9286702 0.9791095 0.7606416 0.7262006 0.7012070 0.6800820 0.5711663 2.7333475 1.1141652 0.8925264 0.8684024 0.8774998 0.9821878 0.7461325 1.0125131 1.0833768 1.0622876 1.0696723 0.9915897 1.0784514 0.9439481 0.9557933 0.9053729 0.8549976 0.9220899 1.0870018 1.0164521 0.9102309 1.0754231 1.0923064 1.0165141 1.0226658 0.9866914 1.0178355 0.0000000 0.0000010 0.6218312 1.1502003 4.4845618 0.9116278 0.9530391 1.9931777 1.7132425 1.5512692 1.5684482 1.9105699 1.9085790 1.6534158 1.7563047 1.5715064 0.9666551 5.1703072 2.1450198 1.2515503 1.0941277 1.6194068 
Plespi_Pspi_scaffold4434_01                        3.2157515 0.8704732 0.8978876 0.8978876 0.9145701 0.9144343 1.2247386 1.4503816 1.1763669 0.9770416 0.9357564 1.0057716 0.9895268 0.9521878 0.9484831 0.9248690 0.9783530 0.7547140 0.7217113 0.6773607 0.6794972 0.5711663 2.7333475 1.0413500 0.8580490 0.8586094 0.8720848 0.9473773 0.7352604 1.0125131 1.0606493 1.0399369 1.0468604 0.9244036 1.0820726 0.9533755 0.9616927 0.9056218 0.8790365 0.9038320 1.0956849 1.0165298 0.9074046 1.0429679 1.0590172 0.9908038 0.9834131 0.9828894 1.0134116 0.0000010 0.0000000 0.6139123 1.1454818 2.7880117 0.8966922 0.9236137 1.9459691 1.6870054 1.5444668 1.5684482 1.8734146 1.9085790 1.6534158 1.7301131 1.5420641 0.9212736 3.2650157 1.6866444 1.1777433 0.9350389 1.6831859 
Stycar_maker-SC_scaffold2063-snap-gene-0.25-mRNA-1 3.8843518 0.6803629 0.9209123 0.9209123 1.6271245 1.4821904 1.0614099 1.8476928 0.8915002 0.8176475 1.0216643 0.7885643 0.8188537 0.7697246 0.9805568 0.8698034 0.8802248 0.6767593 0.6707100 0.6893750 0.6776309 0.4317557 0.3291358 0.8901887 0.7508580 0.7890877 0.8320382 0.8017505 0.6633074 0.5454335 0.8266125 0.8453802 0.8777447 0.9444534 0.9771933 1.4878563 0.8691201 0.9109278 0.9124707 0.8904039 0.9205366 0.8451066 0.8885304 1.0484991 1.0399893 0.9983636 1.1188048 1.0588304 1.1001392 0.6218312 0.6139123 0.0000000 0.9854638 1.1955277 0.9170112 1.1169530 1.1002847 1.2495104 1.3218530 1.1104081 1.3131997 0.6967976 1.5700583 1.3478781 1.3977549 1.0703289 3.4490147 2.0642322 2.1776403 2.5492878 1.5938057 
