93
Lcom_lcpid97308                                       0.0000000 2.8348278 2.8503753 2.9748646 4.5074344 2.6482803 3.5948563 2.9300378 2.5306424 2.1198155 2.1502235 2.2305564 2.5281373 2.1778276 2.5317100 2.3246605 3.3962599 2.9722796 3.2338584 2.9098024 2.4064952 2.3639979 2.3755450 2.4467479 2.4827153 2.4827153 3.1441105 2.4227244 2.4408067 2.1586888 3.1416095 3.1271899 2.4507683 2.8396977 2.6298685 2.4320602 2.3856663 2.5303000 2.0531823 2.5382438 2.6694297 2.8589053 2.8604641 2.9057039 2.5010657 3.0155920 2.7605353 5.1215295 3.2139734 2.6476168 2.8427496 3.3998265 2.8136672 3.6897188 3.6246345 3.6597059 3.5202779 3.8901725 3.2035705 2.9012423 3.5753245 3.0961603 3.5642962 3.3553319 3.6548395 3.3866630 3.1523807 3.5035517 3.1607376 3.1291697 3.0878270 3.0088554 3.0088554 3.1752485 3.5651327 3.5200523 3.4571882 3.4226729 3.5814410 3.5814410 3.5666238 2.9194458 3.2380969 3.2912417 3.1939119 2.7359832 2.6422159 3.5960900 2.5678711 3.2483160 3.6264740 4.1252509 5.5498544 
Emue_Em0004g31a.t1                                    2.8348278 0.0000000 0.0121997 0.1750486 1.0424437 1.4017525 2.0851977 1.1937464 1.1463050 1.5628755 1.6943916 1.6501475 1.9973525 1.4960300 2.0033938 2.0053955 2.2732919 1.9391028 2.1831677 2.1937954 1.8474053 2.0325953 2.0653529 2.0450336 2.3145058 2.3145058 3.3098143 2.1728445 2.1189695 1.9781985 2.8312218 2.7780252 1.9283525 1.6653041 1.5171330 1.7860226 1.7909071 1.9730369 1.9813574 1.7598594 2.2775432 2.4696239 2.4696239 2.2403452 2.1191872 1.9035977 1.8467576 4.0417835 1.9959098 2.1696805 2.1391360 2.5970841 1.9119872 2.5734847 2.7410396 2.8978250 2.9312286 3.1791152 2.7939480 2.9260811 2.4347377 2.9809567 2.6875027 2.6394093 2.9119934 1.9956626 2.1571835 2.3609220 2.3323554 2.2942471 1.9794367 2.1977736 2.2101581 2.1896904 2.9163311 2.9211204 2.7126356 2.7391126 3.0720219 3.0720219 2.4843418 2.5243866 3.3193448 2.9132190 2.7747602 2.4057023 2.2331521 2.7232345 2.8015088 2.8440843 2.9034072 2.7375818 3.9718686 
Emue_Em0004g35a.t1                                    2.8503753 0.0121997 0.0000000 0.1694442 1.0647074 1.4117913 2.0851977 1.1854357 1.1299254 1.6157648 1.7516690 1.7050650 2.0039420 1.4563875 2.0351505 2.0225500 2.2800194 2.0420107 2.1812748 2.2039664 1.8665402 2.0330208 2.0866047 2.0658845 2.3392228 2.3392228 3.2724495 2.2032732 2.1296173 2.0049077 2.8786757 2.8242154 1.9274814 1.6653041 1.5171330 1.8097192 1.8169391 1.9752375 1.9316629 1.7654596 2.2908186 2.5058759 2.5058759 2.2402367 2.1530457 1.9132336 1.8416565 4.1837088 2.0066264 2.1615524 2.1973335 2.5912524 1.9076879 2.5998128 2.7375027 2.9534530 2.9842654 3.2305623 2.7869546 2.8746746 2.3486428 2.9335390 2.6534571 2.6324646 2.9042262 1.9215936 2.1707347 2.3745581 2.3373396 2.2990588 2.0001903 2.2317652 2.2443410 2.1357716 2.9295996 2.9651482 2.7214491 2.7481188 3.1132392 3.1132392 2.5763891 2.5185659 3.2568123 2.9122575 2.8116628 2.3675636 2.2289056 2.6969565 2.7452633 2.8201759 2.9034072 2.6777544 3.8945056 
Spolac_c95607_g1_i1_m.11742c15964-g1                  2.9748646 0.1750486 0.1694442 0.0000000 0.9894757 1.3741297 2.0486220 1.0727049 1.1451011 1.6545969 1.7178563 1.6882892 1.9381093 1.5578330 2.0222868 1.9444417 2.1865903 1.9037744 2.0179028 2.0546069 1.7511181 1.8998245 1.9576033 1.8852154 2.2212855 2.2212855 3.0749573 2.0938790 2.0750587 1.9778159 2.8545510 2.8622871 1.8870549 1.6653041 1.5171330 1.7554012 1.8208893 1.9793737 2.0187999 1.8097010 2.1308509 2.4893957 2.4893957 2.1917992 2.2350187 1.8384345 1.8710683 3.9270621 2.0243858 2.1768370 2.1619448 2.4110327 1.8703323 2.7296536 2.8573681 3.1441430 3.1524806 3.3534524 2.7290820 2.8937849 2.3267109 3.0127862 2.7836752 2.6779158 2.9216207 2.0450531 2.1595680 2.3465800 2.2587941 2.2223680 2.0100750 2.1884679 2.2009175 2.1659535 2.8052480 2.8130830 2.6382711 2.6579515 2.9042855 2.9042855 2.4716465 2.5220224 3.1290566 2.9432890 2.6954492 2.3096637 2.3174572 2.5567972 2.6212286 2.7491897 2.9999645 2.5767465 4.0153806 
Spolac_c15964_g1_i1_m.445c15964-g1                    4.5074344 1.0424437 1.0647074 0.9894757 0.0000000 1.7112850 2.0585038 1.6016072 0.0000010 0.8336190 0.7440766 1.3646901 2.6672714 2.1632442 2.7945587 2.4617110 4.2940437 4.1293898 3.5921105 4.0255257 2.2882263 2.4961599 2.3127049 2.3814853 2.7942037 2.7942037 2.5252036 2.7489345 2.6099833 2.6305221 2.9363463 3.0270501 2.4394480 1.5699542 1.4584524 2.1878057 2.4541669 2.2973368 0.0000010 2.3909274 3.2978920 4.1967233 4.1967233 3.2520356 3.8376523 2.1652694 2.4344570 2.9560202 2.4187038 3.8603870 3.1862525 3.2562164 3.3223586 3.0701064 3.0813682 3.0494120 3.0494120 3.0494120 2.9141487 2.2694619 0.0000010 3.1665011 4.0114256 3.6357343 4.3226660 0.0000010 3.5700787 5.0391286 3.6802895 3.7369667 3.1491818 3.5930881 3.5930881 2.7177901 3.2796694 3.2531993 2.8592186 2.8741267 3.9778368 3.9778368 2.9101523 2.5226955 4.0252075 4.1446283 4.6087125 3.5330800 2.8427754 4.0703529 3.2633756 4.0063570 2.5639516 3.2648360 3.0198203 
Tetwil_g1850.t1                                       2.6482803 1.4017525 1.4117913 1.3741297 1.7112850 0.0000000 0.1449173 0.9253263 1.3328344 1.5551700 1.6113112 1.7340903 2.2887974 1.2866922 2.0664391 1.9624908 2.3367826 1.9347653 2.2555624 2.1995464 1.9649771 2.0403603 1.9931851 2.0130596 2.1172738 2.1172738 2.7305701 2.2562731 2.1238494 2.0372371 2.8086010 2.8162847 1.9051454 1.7181768 1.6819651 1.9314649 1.7800322 2.0563282 1.9533067 1.8964033 2.4012653 2.5586432 2.5586432 2.4515652 2.1701400 1.9139844 1.8798115 3.5015472 2.0828832 2.4567646 2.6431685 2.7702611 2.0086833 2.7073403 2.9099228 3.1551643 3.1760522 3.5178120 2.5548241 2.7084955 2.8126778 3.0068604 2.9637930 2.9963323 2.9388228 2.4418613 2.6813162 2.9476362 2.6749678 2.7571054 2.3030846 2.4850687 2.4972223 2.0061056 2.8735372 2.8270299 2.7631120 2.8145555 3.0555267 3.0555267 2.2259125 2.4366893 3.1250628 3.3649909 3.0993581 2.6915461 1.9767324 2.8424708 2.9324433 2.7513909 3.4403269 2.7085710 4.1677522 
Tetwil_g16471.t1                                      3.5948563 2.0851977 2.0851977 2.0486220 2.0585038 0.1449173 0.0000000 1.1092363 4.4633155 5.6362518 6.6501134 6.6501134 3.2759602 3.2654146 3.3934148 2.7929251 3.2432092 4.6386737 3.5712996 4.9536634 2.5500535 2.7164375 2.5622796 2.5721204 3.0216580 3.0216580 2.5177725 3.1565097 2.5808719 2.7957323 3.4140067 3.5291631 2.7765415 1.9256154 1.8901759 2.4607832 2.5259686 2.9032987 3.1918989 2.7778007 3.5395612 4.9192134 4.9192134 4.2161904 4.4014210 2.7625358 3.0212541 4.6505294 3.6677407 5.2996028 3.5664519 4.1046700 4.1248230 4.7649648 4.8012092 5.0668622 5.0668622 4.8354020 3.5263810 2.6249718 2.1660706 4.0168911 4.5521198 5.0673474 4.9396843 1.9037391 4.3568065 8.8990238 4.6454069 4.8525083 3.9527672 4.0514461 4.0514461 3.4161075 3.2578521 3.2798762 3.3939142 3.4409660 3.2691686 3.2691686 2.0739216 2.6348862 4.8792237 4.5807930 4.6379218 5.7428389 3.0595300 4.9931917 4.5720204 3.9259379 3.3528532 2.6817221 2.8005659 
Stycar_maker-SC_scaffold6764-augustus-gene-0.4-mRNA-1 2.9300378 1.1937464 1.1854357 1.0727049 1.6016072 0.9253263 1.1092363 0.0000000 1.2517695 1.6092127 1.7741619 1.7662275 2.2045144 1.4061819 2.0847806 1.8917523 2.2964745 2.5214213 2.3102857 2.4446317 1.7000848 1.7811065 1.7699616 1.7655355 1.9868913 1.9868913 2.1401516 1.9821163 1.9002587 1.8192575 2.5138291 2.5388184 1.7227670 1.5051657 1.3480399 1.8198161 1.7672944 1.8948488 1.6203641 1.8752990 2.3117240 2.5700761 2.5700761 2.2997694 2.0470647 1.9921184 1.8323176 3.6941041 2.0082672 2.2347009 2.4178360 2.6759910 2.0688022 2.5879046 2.7186131 2.7888278 2.8126324 3.1476102 2.7354908 2.7032780 2.9810336 2.8554949 2.8481565 2.9132799 2.9311840 2.4524515 2.5015212 2.7323013 2.4262532 2.4616330 2.1686212 2.4331341 2.4590462 2.1146896 2.8065183 2.8933190 2.6795596 2.6935408 3.1040032 3.1040032 2.3599342 2.3140247 2.7649662 3.5301413 3.0252717 2.1535693 1.9753849 2.5452871 2.9918351 2.7532564 3.3552169 2.5738090 3.9306482 
Plespi_Pspi_scaffold344_01                            2.5306424 1.1463050 1.1299254 1.1451011 0.0000010 1.3328344 4.4633155 1.2517695 0.0000000 1.6244343 1.7226694 1.7119789 1.5179473 1.3804003 1.4665596 1.4406940 1.7232114 0.0000010 1.4971896 1.5477467 1.6009439 1.5793433 1.6412413 1.6018018 1.7069378 1.7069378 1.4443495 1.7245554 1.9108958 1.4963711 2.4101761 2.3652294 1.6765097 0.0000010 0.0000010 1.3428551 1.2962907 1.6198260 1.7349468 1.3689471 1.9775055 1.8004718 1.8004718 2.0281582 1.5322959 1.5349421 1.3359294 0.0000010 1.6631076 1.6900357 1.9228030 2.0384159 1.6045008 2.4968710 2.5277638 2.1497427 2.2549227 2.6107224 2.5980635 3.6818305 3.1429176 3.5867123 2.7057178 2.4585730 2.6192245 2.2934201 1.8948960 1.9489905 1.8867423 1.9385894 1.8772384 1.6828174 1.6900698 2.2298094 2.5440886 2.6200030 2.2721756 2.2605079 2.7039711 2.7039711 1.9007990 2.2147151 2.1526896 1.9492911 1.9688526 1.5600828 2.1175562 2.1793102 1.9088015 2.2019698 6.1611199 0.0000010 5.3208282 
Dpul_mRNA26703                                        2.1198155 1.5628755 1.6157648 1.6545969 0.8336190 1.5551700 5.6362518 1.6092127 1.6244343 0.0000000 0.1914963 0.2025798 1.1445423 1.2816602 1.2761575 1.1651877 1.6406020 0.4659874 1.8038565 1.7932148 1.3273676 1.4065021 1.3992395 1.3329306 1.2107047 1.2107047 2.4137710 1.3352639 1.4452531 1.2487897 2.1443582 2.1339410 1.3403864 0.0000010 0.0000010 1.2009978 1.2146017 1.2888879 1.8924677 1.2753018 1.7220978 1.1634028 1.1634028 1.3036460 1.2272134 2.1063543 1.9193576 1.6027047 1.9192731 1.9024008 1.7479748 1.7630190 1.3184560 2.1320675 2.2525293 1.5513195 1.7749659 2.3886402 2.3477785 2.9047280 2.8731742 2.7791354 2.3922096 2.3769524 2.6659526 2.9404828 1.5150711 1.6163364 1.7030260 1.7534156 1.5324064 1.7010406 1.7163119 1.7872906 2.1086292 2.1687796 1.9345656 1.9203859 2.2568798 2.2568798 1.9408031 2.0600862 3.0862307 1.1952522 2.0930402 1.5107894 1.5963537 2.0228519 1.9685913 2.2323892 4.1041996 1.6672589 4.7436447 
Dpul_mRNA29498                                        2.1502235 1.6943916 1.7516690 1.7178563 0.7440766 1.6113112 6.6501134 1.7741619 1.7226694 0.1914963 0.0000000 0.1257065 1.1053374 1.3299156 1.2117774 1.1871117 1.6699152 0.4085717 1.7427329 1.7461214 1.3819098 1.4665130 1.4268747 1.3597063 1.2151713 1.2151713 2.4872973 1.4204393 1.5059012 1.3364823 2.2280461 2.2173893 1.3379256 0.0000010 0.0000010 1.2905938 1.2841103 1.3863164 2.0198631 1.3007945 1.6975538 1.1519842 1.1519842 1.4842272 1.2774465 2.2194415 1.9944598 1.3029063 2.0498633 1.9768913 1.7514447 1.7528592 1.2864784 2.2042362 2.4237455 1.6462608 1.8268946 2.2802880 2.2944889 3.1399389 3.3629321 3.0392594 2.5354393 2.3662697 2.5346959 2.7794726 1.5146096 1.5904331 1.6775132 1.7199441 1.5382599 1.7366731 1.7521328 1.9110508 2.1726290 2.1279658 1.9188947 1.9048013 2.1980014 2.1980014 1.9754033 1.9640631 2.9920743 1.2105907 1.9723920 1.5608208 1.5737889 1.9553636 1.9656987 2.2445076 4.1041996 1.2096612 4.2946193 
Dpul_mRNA29501                                        2.2305564 1.6501475 1.7050650 1.6882892 1.3646901 1.7340903 6.6501134 1.7662275 1.7119789 0.2025798 0.1257065 0.0000000 1.1800205 1.4242768 1.2399361 1.1922570 1.6757942 0.4229555 1.7537411 1.7292518 1.3210172 1.4421821 1.3844523 1.3401671 1.2073632 1.2073632 2.4934553 1.3670389 1.4533037 1.3246539 2.2619213 2.2640167 1.3803695 0.0000010 0.0000010 1.2290266 1.2501280 1.2726339 1.9913369 1.3702624 1.7218362 1.1797970 1.1797970 1.5249185 1.3081230 2.1864623 1.9961139 1.1689842 2.1744722 1.9970543 1.6410075 2.0161347 1.2442712 2.0972903 2.2794089 1.5397376 1.8528157 2.1533396 2.4227449 3.1390840 3.1657225 3.0330685 2.6990456 2.4454111 2.6841673 2.8809766 1.6164839 1.6671531 1.7789541 1.8233701 1.6218051 1.8032502 1.8192467 1.9927202 2.2035763 2.1598760 1.9446769 1.9302253 2.3073711 2.3073711 1.9202820 2.1040257 2.8300191 1.2633738 1.9731702 1.6321997 1.6590190 2.0730742 1.9606270 2.1803412 3.3597789 1.2523942 4.5141149 
Tcas_TC001676_001                                     2.5281373 1.9973525 2.0039420 1.9381093 2.6672714 2.2887974 3.2759602 2.2045144 1.5179473 1.1445423 1.1053374 1.1800205 0.0000000 1.3407823 1.9575098 1.8054354 1.9440459 1.4707539 2.0485817 2.2731042 1.8015088 1.7452080 1.8725904 1.8969927 1.9358978 1.9420081 2.7632664 1.7578091 1.7799843 1.6049793 2.1674839 2.1746190 1.9878887 1.1715235 1.1331653 1.7426357 1.7760622 1.9097414 1.9088629 1.8280117 2.0330840 1.8953213 1.8982295 2.3449602 1.6923742 2.4913299 2.2664720 4.8266511 2.7641213 2.0898627 2.5843093 2.5716711 1.9144492 2.3456357 2.2558160 2.5168809 2.5587897 2.6854831 2.2318250 2.3661211 1.8590343 2.5676089 2.7207826 2.7525698 2.8176835 1.8842863 1.7065579 1.7499806 1.7677481 1.8012326 1.6099578 1.9100096 1.9156343 2.2429279 2.4932354 2.5122397 2.3833946 2.3356652 2.7077759 2.7077759 2.4575949 1.9935707 2.8010829 2.2700822 2.2724140 2.2314579 1.7244888 2.4477535 2.6154940 2.9359914 2.7260690 2.3715874 3.7515701 
Clacor_Ccor_scaffold11767_01                          2.1778276 1.4960300 1.4563875 1.5578330 2.1632442 1.2866922 3.2654146 1.4061819 1.3804003 1.2816602 1.3299156 1.4242768 1.3407823 0.0000000 1.4632477 1.4644857 1.5116487 0.8252851 1.5357529 1.3646912 1.3450540 1.3300683 1.3119651 1.4165359 1.2965986 1.2965986 3.1482243 1.3296828 1.4404230 1.4154166 1.8849973 1.8717570 1.5782989 2.0203161 1.2876905 1.3886561 1.2867428 1.5894065 1.5111256 1.3195914 1.7952915 1.7328663 1.7328663 1.6375536 1.5108105 1.8302486 1.6368295 2.4979857 1.9213070 2.0257190 1.8760226 2.1928698 1.5313350 2.2529074 2.3439918 2.0310120 2.0430879 2.6797930 2.2321233 2.9259074 2.2506829 2.8425757 2.2795184 2.5037876 2.6309341 2.3205109 2.0010122 1.8776919 1.9909824 2.0458739 1.8645873 1.9191559 1.9191559 1.6531585 2.9206400 2.9378630 2.5363240 2.5615008 2.8015149 2.8015149 2.1087604 1.9002778 2.6129420 1.6382733 2.0702118 1.5511045 1.8140171 2.5541871 1.7893880 2.2735125 4.4211622 2.5125285 5.2315217 
Cgig_XM_011439048.3                                   2.5317100 2.0033938 2.0351505 2.0222868 2.7945587 2.0664391 3.3934148 2.0847806 1.4665596 1.2761575 1.2117774 1.2399361 1.9575098 1.4632477 0.0000000 0.9762095 1.9310317 1.4485463 2.1304120 2.2173535 1.3229273 1.3613193 1.3818271 1.3434925 1.3154528 1.3220671 1.9209310 1.4265049 1.3249021 1.3139908 2.1791938 2.1536530 1.6133594 1.2763556 1.1334463 1.3098624 1.3443920 1.2995561 1.5142203 1.4780368 2.1091437 1.8445937 1.8445937 2.2410862 1.3833356 2.3848759 2.2664689 4.9547251 2.4294733 1.9972188 2.3434269 2.2158117 1.7353594 2.6826971 2.7584670 2.7384690 2.7744995 2.9914807 2.6026487 3.1729988 2.8770954 3.3274252 2.9043836 2.8218854 3.0340039 2.2636351 2.1720507 2.3475509 2.3268244 2.3575955 2.1377637 2.1559146 2.1586554 2.2982110 2.4664908 2.3877366 2.3310079 2.3747665 2.5075036 2.5075036 2.4205647 2.2625490 2.4360561 3.0619631 2.6471148 1.7612095 1.9124350 2.4069356 2.5828951 2.4766690 1.9599126 2.9039336 4.5332983 
Acagra_model.g12674.t1                                2.3246605 2.0053955 2.0225500 1.9444417 2.4617110 1.9624908 2.7929251 1.8917523 1.4406940 1.1651877 1.1871117 1.1922570 1.8054354 1.4644857 0.9762095 0.0000000 1.9143794 1.4715903 2.1609988 2.0559339 1.2676509 1.2663552 1.2304048 1.2189661 1.3421475 1.3517149 1.8803149 1.3608108 1.3482549 1.2066207 2.0355549 2.0126485 1.3157337 1.3567968 1.2094324 1.2256236 1.2472076 1.0911996 1.4044830 1.3439055 1.9351412 1.8679976 1.8756006 1.7727758 1.2517976 2.1780502 2.2755295 4.5002729 2.4495990 1.8232590 2.1029466 2.3357923 1.5021586 2.7136530 2.7569565 3.0834881 2.9918651 3.1424108 2.5374589 3.1650810 3.2422351 3.2766480 2.7510448 2.6695229 2.8673854 2.4281572 1.9580572 2.2413340 2.0373742 2.0421369 1.8937543 1.8990221 1.9047378 2.0422066 2.3858031 2.3770621 2.3108295 2.3263460 2.6209616 2.6209616 2.1262595 1.9955537 2.1647638 2.5457570 2.3221973 1.6903351 1.9371223 2.3209431 2.2201168 2.5095492 1.9238907 2.4677846 3.6652530 
Sanmal_Sma_001758-T1                                  3.3962599 2.2732919 2.2800194 2.1865903 4.2940437 2.3367826 3.2432092 2.2964745 1.7232114 1.6406020 1.6699152 1.6757942 1.9440459 1.5116487 1.9310317 1.9143794 0.0000000 0.5371716 1.0855176 1.2376800 1.8783914 1.9000222 1.9702724 2.0440267 2.0837301 2.0779774 3.8348266 2.2318984 1.9761143 2.3375531 2.2680899 2.2621768 2.0277735 1.6615167 1.7216486 1.9935177 1.9937239 2.3201045 1.8443365 1.7884432 2.1093102 2.7657143 2.7355964 2.5874781 2.0640893 2.5060508 2.3960926 6.0338363 3.0910704 2.0960376 2.2405466 2.4030180 2.6177903 2.8033039 2.7657286 3.1663304 3.1834153 3.0758624 2.8057732 3.2082415 3.0627487 3.3834509 2.9637266 2.7850875 2.9766015 2.1735939 2.5822090 2.6175657 2.7525140 2.7253669 2.1069834 2.2817906 2.2817906 2.2126549 2.8834793 2.8318519 2.7002482 2.7604367 3.0065622 3.0065622 2.6699490 2.9179297 2.6057942 3.1453623 2.5824622 2.1307936 2.2698527 2.7657781 2.9441533 2.7911526 4.2050527 2.3365832 4.3325616 
Aaur_scaffold7246.g1.t1                               2.9722796 1.9391028 2.0420107 1.9037744 4.1293898 1.9347653 4.6386737 2.5214213 0.0000010 0.4659874 0.4085717 0.4229555 1.4707539 0.8252851 1.4485463 1.4715903 0.5371716 0.0000000 0.5081361 0.5362898 1.7181905 1.5557910 1.7783627 1.6766178 1.6293897 1.6293897 8.3984831 1.4222323 1.2616940 1.7055088 3.6908470 3.5778180 1.6139929 0.0000010 0.0000010 1.6635744 1.6790737 1.6300089 0.1385765 1.7523464 2.5110561 2.7627763 2.7627763 2.8099659 1.5807779 2.3437189 2.2971645 5.5118644 3.8337902 1.5042037 1.5149203 2.0301428 1.9277436 1.4147456 1.4880395 1.4155376 1.4155376 1.4155376 1.7676362 1.9143767 5.3795013 1.5672462 2.4805755 2.1772511 1.1347469 0.0000010 2.9798341 3.0257845 3.9027119 3.7314348 2.1180889 2.1500836 2.1500836 1.3515322 2.6944234 2.6962826 2.4992022 2.5050613 4.2198119 4.2198119 2.1159946 2.8282198 4.1921619 3.3649181 2.9756155 2.1629376 1.5613431 2.7064904 2.7341463 2.3026156 2.4481415 4.2131049 7.1769559 
Rhoesc_Res_008308-T1                                  3.2338584 2.1831677 2.1812748 2.0179028 3.5921105 2.2555624 3.5712996 2.3102857 1.4971896 1.8038565 1.7427329 1.7537411 2.0485817 1.5357529 2.1304120 2.1609988 1.0855176 0.5081361 0.0000000 0.4894759 2.1519873 2.2197520 2.2227487 2.3505734 2.2536384 2.2606785 2.9723661 2.3226915 2.2997110 2.2103454 2.5523073 2.5317562 2.2789365 1.2728995 1.3792598 2.5127224 2.2337698 2.2722936 1.7980654 2.0975563 2.2583576 2.4439249 2.4461062 2.4204051 2.2336050 2.4151907 2.4963228 6.2034143 3.0125577 2.1165945 2.0415317 2.2781836 2.5884024 3.1180776 3.0699053 3.3405748 3.3094698 3.4455184 2.7798875 3.4108664 3.1654349 3.5805085 2.8651236 2.8587002 2.8450761 2.3995366 2.5893400 2.9809870 2.6249742 2.6422632 2.4281555 2.4366816 2.4366816 2.2124696 3.3592700 3.2959990 3.0370191 3.0049376 3.3426686 3.3426686 2.7406086 2.5513450 2.9099494 3.2133260 2.6834814 2.3196023 2.0194175 2.8496969 2.6956716 3.1022133 3.5144008 2.4133960 4.4030912 
Nemnom_g11161.t1                                      2.9098024 2.1937954 2.2039664 2.0546069 4.0255257 2.1995464 4.9536634 2.4446317 1.5477467 1.7932148 1.7461214 1.7292518 2.2731042 1.3646912 2.2173535 2.0559339 1.2376800 0.5362898 0.4894759 0.0000000 2.2301832 2.1978231 2.2630223 2.4168790 2.3565769 2.3701817 3.4128629 2.4472711 2.3954767 2.2881600 2.6308180 2.6131629 2.3224252 1.5235776 1.8590430 2.3033479 2.3079607 2.2950485 1.9518170 2.0973311 2.0771181 2.7016865 2.7016865 2.7521293 2.4190626 2.4336234 2.2718498 5.0974243 2.6639546 2.0161845 2.2170290 2.4863933 2.2367073 2.6621094 2.6768113 3.0115652 3.0960909 3.1897075 2.6090910 3.1628437 2.4121890 3.0462945 2.6223292 2.6303730 2.5942112 1.9362914 2.7577994 3.0202247 2.9245779 2.9067736 2.5104657 2.1877348 2.1877348 2.1905931 3.6537275 3.6723869 3.3442742 3.3493088 3.4602931 3.4602931 2.8669692 2.6092320 2.6738531 3.5229801 2.8381490 2.3244375 2.0711978 2.6873083 2.6797440 3.1379936 3.8737324 2.6979340 5.7263357 
Fspp_ffun1.m4.28278.m1                                2.4064952 1.8474053 1.8665402 1.7511181 2.2882263 1.9649771 2.5500535 1.7000848 1.6009439 1.3273676 1.3819098 1.3210172 1.8015088 1.3450540 1.3229273 1.2676509 1.8783914 1.7181905 2.1519873 2.2301832 0.0000000 0.1130829 0.1857496 0.2151885 0.3030365 0.3071292 0.3206047 0.5970940 0.6183464 1.2615548 1.7842761 1.7731707 1.5408954 1.5120106 1.4225020 1.2132062 1.3689953 1.3146072 1.4258538 1.3633318 1.9778988 2.1395033 2.1395033 2.0281031 1.4038100 2.2275923 2.0811382 3.5406617 2.4998680 2.0484128 2.1264066 2.3413864 1.5100768 2.3444630 2.3445055 2.1891882 2.2093293 2.4044291 2.4823566 2.7369575 2.6764336 2.6693757 3.0676661 2.8274239 3.0202640 2.4027014 2.1205273 2.2484962 2.0588654 2.0639571 1.8408051 1.9233130 1.9056427 2.3823749 2.7068157 2.6183891 2.4607977 2.4685600 2.8925579 2.8925579 1.8069874 1.7839996 2.3108247 2.4571038 2.0327009 1.8417134 1.9192662 2.1258375 2.3796631 2.5629201 2.0719607 2.8525400 3.4671932 
Gasp_gasp1.m3.17332.m1                                2.3639979 2.0325953 2.0330208 1.8998245 2.4961599 2.0403603 2.7164375 1.7811065 1.5793433 1.4065021 1.4665130 1.4421821 1.7452080 1.3300683 1.3613193 1.2663552 1.9000222 1.5557910 2.2197520 2.1978231 0.1130829 0.0000000 0.2107244 0.2070812 0.3384652 0.3425947 0.2924003 0.5894824 0.5961446 1.2317682 1.7877851 1.7766118 1.5747491 1.5120106 1.4225020 1.2792757 1.4471035 1.3469442 1.4114150 1.4512454 2.1228583 2.1625365 2.1625365 2.2517252 1.4608375 2.2550700 2.1172589 4.0317236 2.4898681 2.0147730 2.1970916 2.5210186 1.6010686 2.3971629 2.3504614 2.2069900 2.2359448 2.4488566 2.5849531 2.6201586 2.3499770 2.5646222 3.1197717 2.8991062 2.8912162 2.3061291 2.2238868 2.2990010 2.1640839 2.1561529 2.0201016 2.0074472 2.0166255 2.4084779 2.6446208 2.6348728 2.4164427 2.4447561 2.7971519 2.7971519 1.9617414 1.9303612 2.3059567 2.6218315 2.0987392 1.8017626 1.7992652 2.2063308 2.3034156 2.9653204 1.9159145 2.9904027 3.8011420 
Spis_XP_022797287_1                                   2.3755450 2.0653529 2.0866047 1.9576033 2.3127049 1.9931851 2.5622796 1.7699616 1.6412413 1.3992395 1.4268747 1.3844523 1.8725904 1.3119651 1.3818271 1.2304048 1.9702724 1.7783627 2.2227487 2.2630223 0.1857496 0.2107244 0.0000000 0.1305621 0.3798753 0.3841607 0.4066870 0.6471291 0.6530874 1.2523948 1.8703446 1.8588656 1.5223793 1.4246167 1.4355599 1.2463133 1.4594389 1.3788065 1.5112869 1.3764544 2.0554989 2.1357214 2.1357214 2.1311642 1.4257259 2.1702664 2.1417128 4.2887247 2.3912279 2.0242881 2.2340933 2.3795574 1.6177501 2.2159377 2.2044056 2.0924897 2.1204260 2.2904490 2.4301517 2.5902868 2.4993693 2.5710382 3.0069643 2.8635118 3.0719435 2.2790811 2.1445955 2.2694264 2.0927970 2.0977740 1.9321872 2.0654621 2.0875484 2.3981945 2.6552559 2.5778626 2.3718403 2.3791016 2.9071116 2.9071116 1.9492757 1.8263603 2.1969443 2.6156441 2.1542085 1.9116902 1.8386740 2.1672800 2.3734691 2.7651218 2.0511794 2.9068591 3.5594643 
Pocdam_XM_027199090.1                                 2.4467479 2.0450336 2.0658845 1.8852154 2.3814853 2.0130596 2.5721204 1.7655355 1.6018018 1.3329306 1.3597063 1.3401671 1.8969927 1.4165359 1.3434925 1.2189661 2.0440267 1.6766178 2.3505734 2.4168790 0.2151885 0.2070812 0.1305621 0.0000000 0.3938106 0.3981719 0.4251749 0.5897079 0.6155746 1.2542756 1.8403295 1.8379513 1.5768608 1.4225448 1.4544204 1.1904047 1.3889476 1.3516173 1.5744401 1.4493049 2.1054909 2.1881767 2.1881767 2.1481868 1.3978063 2.1945714 2.2229836 4.4591975 2.4070722 2.0789237 2.3630439 2.4760928 1.6337265 2.2597420 2.2550067 2.1572285 2.2101079 2.3676880 2.4805147 2.6582981 2.4633064 2.6213293 3.1558839 2.9914857 3.0642223 2.2716491 2.1818951 2.2429712 2.1479568 2.1531852 1.9759393 2.0486940 2.0578440 2.4288227 2.6054315 2.5704387 2.4297419 2.3916491 2.9061161 2.9061161 1.9855438 1.9945109 2.2910819 2.3993222 2.1636766 1.9107865 1.8922570 2.1690699 2.3248892 2.6414803 2.0878309 2.8569071 3.5779950 
Amil_Amillepora24622-RA                               2.4827153 2.3145058 2.3392228 2.2212855 2.7942037 2.1172738 3.0216580 1.9868913 1.7069378 1.2107047 1.2151713 1.2073632 1.9358978 1.2965986 1.3154528 1.3421475 2.0837301 1.6293897 2.2536384 2.3565769 0.3030365 0.3384652 0.3798753 0.3938106 0.0000000 0.0027750 0.2841426 0.6512639 0.7594149 1.2861575 1.8296067 1.8208583 1.6611512 1.4680151 1.4100292 1.3107396 1.4480915 1.3406605 1.5326745 1.4833759 2.3189565 2.1038317 2.1073879 1.8619630 1.3803097 2.2081288 2.3720565 4.4001586 2.4439338 1.9240526 2.3088968 2.3186950 1.8007076 2.3829179 2.3585822 2.3435700 2.3020108 2.5223055 2.3688246 2.6208018 2.4656613 2.6132572 3.2059188 2.9942750 3.0009681 2.3019288 2.1723935 2.2775932 2.1831772 2.2088425 2.0929384 2.1109143 2.1171460 2.5104254 2.8992329 2.8763470 2.6176363 2.6258748 3.0752466 3.0752466 2.0562831 2.0162757 2.1015938 2.6869807 2.1116670 2.0720375 1.8495600 2.4306211 2.5023697 2.6167022 2.0620346 3.4242718 3.9719961 
Adig_XM_015904293.1                                   2.4827153 2.3145058 2.3392228 2.2212855 2.7942037 2.1172738 3.0216580 1.9868913 1.7069378 1.2107047 1.2151713 1.2073632 1.9420081 1.2965986 1.3220671 1.3517149 2.0779774 1.6293897 2.2606785 2.3701817 0.3071292 0.3425947 0.3841607 0.3981719 0.0027750 0.0000000 0.2939304 0.6538201 0.7594478 1.2924767 1.8296067 1.8208583 1.6692502 1.4680151 1.4100292 1.3171948 1.4480915 1.3394278 1.5326745 1.4866953 2.3189565 2.1038317 2.1073879 1.8619630 1.3807086 2.2186668 2.3833357 4.4708624 2.4439338 1.9240526 2.3088968 2.3186950 1.8007076 2.3829179 2.3585822 2.3435700 2.3020108 2.5223055 2.3688246 2.6208018 2.4656613 2.6132572 3.2059188 2.9942750 3.0009681 2.3019288 2.1723935 2.2775932 2.1831772 2.2088425 2.0929384 2.1109143 2.1171460 2.5104254 2.8992329 2.8763470 2.6176363 2.6258748 3.0752466 3.0752466 2.0562831 2.0162757 2.1015938 2.6869807 2.1116670 2.0720375 1.8495600 2.4306211 2.5147947 2.6241878 2.0747394 3.4242718 3.9855043 
Gfas_gfas1.m1.2316.m1                                 3.1441105 3.3098143 3.2724495 3.0749573 2.5252036 2.7305701 2.5177725 2.1401516 1.4443495 2.4137710 2.4872973 2.4934553 2.7632664 3.1482243 1.9209310 1.8803149 3.8348266 8.3984831 2.9723661 3.4128629 0.3206047 0.2924003 0.4066870 0.4251749 0.2841426 0.2939304 0.0000000 0.7497603 0.8304594 1.5498618 2.0846539 2.0846539 2.2976387 1.4992121 1.3216500 1.8182840 2.1464413 1.7287192 1.8877052 2.1987508 2.8272406 3.2892415 3.2938654 2.5290631 3.2840076 2.9929834 3.2780756 4.8513514 3.4066629 3.5221642 2.9123528 3.5941133 2.5396466 2.7110919 2.7938476 2.7035191 2.6461558 2.9874343 3.5129342 3.9106730 4.8926786 3.4427559 3.9751494 3.8910036 4.4407884 3.7897496 2.9471141 4.6710421 2.5499447 2.5227285 2.8625027 2.7951255 2.7951255 5.0851833 3.5934348 3.5371257 3.3878387 3.3096571 3.6398839 3.6398839 2.4548539 2.4572192 3.6514593 2.8806185 2.6674637 3.9700489 2.8612982 3.1706802 3.3918897 3.5709788 1.8016355 3.3705351 2.6389868 
Nvec_v1g243051                                        2.4227244 2.1728445 2.2032732 2.0938790 2.7489345 2.2562731 3.1565097 1.9821163 1.7245554 1.3352639 1.4204393 1.3670389 1.7578091 1.3296828 1.4265049 1.3608108 2.2318984 1.4222323 2.3226915 2.4472711 0.5970940 0.5894824 0.6471291 0.5897079 0.6512639 0.6538201 0.7497603 0.0000000 0.4471429 1.2526332 2.0721431 2.0754306 1.5807523 1.5327047 1.3989884 1.2922907 1.3956703 1.4708905 1.3338209 1.6253409 2.2020312 2.2511451 2.2511451 2.2771443 1.4266918 2.4773584 2.3496404 4.7301273 2.6703957 1.9564102 2.1231763 2.2678795 1.6172054 2.7705335 2.7041901 2.5954398 2.5764931 2.7421626 2.6209019 2.7623201 2.4280355 2.8179656 3.1058624 2.8509950 3.3546513 2.4137746 2.3092271 2.4073901 2.3160215 2.3133244 2.0595324 2.0397417 2.0620357 2.5709496 2.8711039 2.8219557 2.6653856 2.6361312 3.0610729 3.0610729 2.0744758 2.2370511 2.3467218 2.8802988 2.3206376 1.8446645 1.7686186 2.3362311 2.2903859 2.7195824 2.2430545 3.1367710 4.1964747 
Exapal_XM_021052957.2                                 2.4408067 2.1189695 2.1296173 2.0750587 2.6099833 2.1238494 2.5808719 1.9002587 1.9108958 1.4452531 1.5059012 1.4533037 1.7799843 1.4404230 1.3249021 1.3482549 1.9761143 1.2616940 2.2997110 2.3954767 0.6183464 0.5961446 0.6530874 0.6155746 0.7594149 0.7594478 0.8304594 0.4471429 0.0000000 1.2746584 2.1253381 2.1170653 1.5591460 1.4637800 1.3134407 1.3064351 1.3350324 1.4022886 1.3951989 1.5761496 2.1146649 2.3977467 2.3736921 2.2278220 1.4410921 2.4349427 2.1974674 4.3513485 2.5487519 2.0517480 2.0472273 2.4982645 1.6727429 2.6333864 2.6118528 2.3754289 2.4807086 2.5970175 2.5328180 2.9429882 2.6995218 2.8869642 3.1566207 2.7421194 3.0247492 2.5134635 2.1254328 2.2474061 2.1038215 2.0960352 1.9382332 2.0257733 2.0481014 2.4406274 2.9767024 2.9199892 2.7496037 2.7591654 3.1611131 3.1611131 1.9590335 1.9562186 2.3360620 2.6231389 2.3290599 1.8916369 1.9769092 2.3049415 2.6138015 2.7252750 1.8850812 2.5571505 4.1465502 
Bralan_BLAG10000134_1                                 2.1586888 1.9781985 2.0049077 1.9778159 2.6305221 2.0372371 2.7957323 1.8192575 1.4963711 1.2487897 1.3364823 1.3246539 1.6049793 1.4154166 1.3139908 1.2066207 2.3375531 1.7055088 2.2103454 2.2881600 1.2615548 1.2317682 1.2523948 1.2542756 1.2861575 1.2924767 1.5498618 1.2526332 1.2746584 0.0000000 2.0940794 2.0685294 1.3841246 1.1771336 1.0501021 1.0512856 1.2849548 1.2597129 1.3924383 1.4799091 2.2307973 1.8797276 1.8915232 1.7785662 1.2494450 2.4450960 2.0780184 3.7820109 2.4259110 2.1011760 2.1575496 2.3503704 1.7615415 3.0461043 2.9606530 3.0457546 2.9978125 3.1420365 2.8198486 3.1452213 3.4930118 3.1198147 3.4356962 3.0905961 3.1414845 2.7372506 2.2159801 2.3217344 2.0188016 2.0495503 1.9979284 2.0042621 2.0207643 2.5744553 2.5334035 2.5273789 2.4376383 2.4650600 3.0202196 3.0202196 2.0917131 2.0742012 2.6004536 2.7038232 2.2803509 1.9923929 1.9212833 2.4419037 2.5055666 2.4314133 2.0413756 2.3494535 4.1916574 
Dgig_XM_028560546.1                                   3.1416095 2.8312218 2.8786757 2.8545510 2.9363463 2.8086010 3.4140067 2.5138291 2.4101761 2.1443582 2.2280461 2.2619213 2.1674839 1.8849973 2.1791938 2.0355549 2.2680899 3.6908470 2.5523073 2.6308180 1.7842761 1.7877851 1.8703446 1.8403295 1.8296067 1.8296067 2.0846539 2.0721431 2.1253381 2.0940794 0.0000000 0.0122327 2.0725953 1.1197675 0.9439294 2.0209855 2.0409499 2.1906265 2.3642697 2.2436296 2.2969736 2.2860972 2.2860972 2.4115556 2.0183488 2.8812405 2.7724615 4.8835043 3.0717340 2.2339433 2.6140024 2.6392939 2.3769819 2.6631213 2.6535069 2.7084594 2.5658018 2.9309124 2.4645011 3.0403647 2.7632614 2.8561991 3.0758093 2.5073492 2.8531760 2.1627022 2.4797915 2.7359383 2.4801322 2.5077173 2.2372385 2.6956757 2.7082811 2.9151868 2.6777689 2.6944090 2.5586046 2.5855291 3.1911260 3.1911260 2.9873801 2.4405711 2.6503946 1.8146522 1.8554167 2.7505669 2.1346075 2.5035327 3.4273174 2.9073031 2.7975309 2.5249138 4.4685100 
Dgig_XM_028561777.1                                   3.1271899 2.7780252 2.8242154 2.8622871 3.0270501 2.8162847 3.5291631 2.5388184 2.3652294 2.1339410 2.2173893 2.2640167 2.1746190 1.8717570 2.1536530 2.0126485 2.2621768 3.5778180 2.5317562 2.6131629 1.7731707 1.7766118 1.8588656 1.8379513 1.8208583 1.8208583 2.0846539 2.0754306 2.1170653 2.0685294 0.0122327 0.0000000 2.0712938 1.1197675 0.9439294 2.0076993 2.0199044 2.1734981 2.3453012 2.1855488 2.2891761 2.2600576 2.2600576 2.3686887 1.9938125 2.8511781 2.7252415 4.8835043 3.0807674 2.1986334 2.5822494 2.6074881 2.3584602 2.6162840 2.6108837 2.7084594 2.5658018 2.9443708 2.4266453 2.9621846 2.7632614 2.7906444 3.0427524 2.4710030 2.8031825 2.1007471 2.4567886 2.7051649 2.4572029 2.4844965 2.1970369 2.6803398 2.6929128 2.9151044 2.6738291 2.6982327 2.5619895 2.5889977 3.1967688 3.1967688 2.9485462 2.4434805 2.6272558 1.8301789 1.8635481 2.8141319 2.1243977 2.4981356 3.4281235 2.9390877 2.7674602 2.5209801 4.4789765 
Hsap_ENST00000328631                                  2.4507683 1.9283525 1.9274814 1.8870549 2.4394480 1.9051454 2.7765415 1.7227670 1.6765097 1.3403864 1.3379256 1.3803695 1.9878887 1.5782989 1.6133594 1.3157337 2.0277735 1.6139929 2.2789365 2.3224252 1.5408954 1.5747491 1.5223793 1.5768608 1.6611512 1.6692502 2.2976387 1.5807523 1.5591460 1.3841246 2.0725953 2.0712938 0.0000000 1.0921667 0.8571681 0.9987576 1.0766031 1.4883436 1.6516003 1.4278020 1.8755997 2.0965867 2.1090279 1.9499156 1.4718533 2.2884260 2.3537911 3.6555276 2.5962408 1.7126871 1.9873747 2.2573251 1.6665914 2.6404003 2.7666825 2.7151258 2.8163034 2.8578340 2.5613113 2.7790800 3.0174250 2.9067520 3.0195012 2.6195194 2.9753636 2.4241600 1.8576754 1.9685388 1.8520051 1.8437285 1.6724889 1.8711803 1.8757625 2.0921394 2.5599472 2.5449545 2.3398899 2.3567081 2.8262251 2.8262251 2.0403105 2.2749409 2.5362195 3.0449247 2.2448532 2.0296279 1.9364214 2.5126869 2.3668187 2.3255501 2.4222145 2.9171466 3.5529744 
Dpul_mRNA26702                                        2.8396977 1.6653041 1.6653041 1.6653041 1.5699542 1.7181768 1.9256154 1.5051657 0.0000010 0.0000010 0.0000010 0.0000010 1.1715235 2.0203161 1.2763556 1.3567968 1.6615167 0.0000010 1.2728995 1.5235776 1.5120106 1.5120106 1.4246167 1.4225448 1.4680151 1.4680151 1.4992121 1.5327047 1.4637800 1.1771336 1.1197675 1.1197675 1.0921667 0.0000000 0.0722789 1.0826710 1.4095547 1.2259535 0.0000010 1.3108782 1.2846731 1.4081538 1.4081538 1.3289815 2.1400873 1.8240133 1.7409584 4.8240080 2.7775238 9.0000000 1.8671395 3.3565005 1.4634230 2.7028542 2.7028542 2.7028542 2.7028542 2.7028542 2.3101181 6.0641637 0.0000010 3.3955416 2.9028970 2.9255254 6.1346112 0.0000010 1.1310605 2.7114065 1.3787440 1.3787440 1.4613282 1.8121982 1.8121982 7.3877516 1.8129404 1.8768410 1.5555185 1.7096847 2.0380360 2.0380360 1.2785918 1.2719336 3.9935705 1.4129909 1.4633951 3.0480839 4.0906333 1.6160347 1.9892606 1.7789597 1.5665470 2.0475139 1.1496124 
Dpul_mRNA29500                                        2.6298685 1.5171330 1.5171330 1.5171330 1.4584524 1.6819651 1.8901759 1.3480399 0.0000010 0.0000010 0.0000010 0.0000010 1.1331653 1.2876905 1.1334463 1.2094324 1.7216486 0.0000010 1.3792598 1.8590430 1.4225020 1.4225020 1.4355599 1.4544204 1.4100292 1.4100292 1.3216500 1.3989884 1.3134407 1.0501021 0.9439294 0.9439294 0.8571681 0.0722789 0.0000000 1.0451747 1.1740775 1.1140892 0.0000010 1.1147311 1.1006285 1.1613951 1.1613951 1.4474187 2.3229862 1.6744305 1.6269903 4.3589429 2.3348865 7.8281651 1.7543603 3.4947790 1.3547530 2.4884925 2.4884925 2.4884925 2.4884925 2.4884925 2.1784667 7.1568355 0.0000010 3.6570833 2.6770167 2.6980611 6.0380902 0.0000010 1.1378676 3.1429613 1.1735400 1.1735400 1.4082366 1.6879664 1.6879664 7.3877516 1.7665642 1.8292110 1.5756718 1.7318954 2.0208719 2.0208719 1.3317683 1.1016789 3.9935705 1.3757141 1.3112946 2.9927316 2.6800870 1.4577310 1.7876050 2.0391781 1.4387995 1.7962957 1.0503977 
Hsap_ENST00000321599                                  2.4320602 1.7860226 1.8097192 1.7554012 2.1878057 1.9314649 2.4607832 1.8198161 1.3428551 1.2009978 1.2905938 1.2290266 1.7426357 1.3886561 1.3098624 1.2256236 1.9935177 1.6635744 2.5127224 2.3033479 1.2132062 1.2792757 1.2463133 1.1904047 1.3107396 1.3171948 1.8182840 1.2922907 1.3064351 1.0512856 2.0209855 2.0076993 0.9987576 1.0826710 1.0451747 0.0000000 0.8705295 1.3560366 1.4060575 1.3450808 1.9475315 2.0493175 2.0659647 1.9900595 1.1575707 2.3228490 2.3495477 3.6838524 2.5531473 1.5841167 1.9201423 2.1764459 1.5790513 2.3573684 2.4445149 2.5359947 2.5538631 2.7750191 2.6803870 2.6539998 2.6049642 2.7806785 3.2605501 2.7223977 3.0656941 2.3480329 2.1533246 2.3424651 2.1591835 2.1343912 1.9800720 1.9878471 1.9918585 2.1766310 2.3651006 2.3556267 2.1531329 2.1170645 2.6759581 2.6759581 2.0992489 2.2396993 2.3050810 2.3372045 2.0261444 1.8011356 1.9895539 2.4352590 2.5913744 2.4259584 2.0463009 2.3668982 3.7134766 
Hsap_ENST00000293756                                  2.3856663 1.7909071 1.8169391 1.8208893 2.4541669 1.7800322 2.5259686 1.7672944 1.2962907 1.2146017 1.2841103 1.2501280 1.7760622 1.2867428 1.3443920 1.2472076 1.9937239 1.6790737 2.2337698 2.3079607 1.3689953 1.4471035 1.4594389 1.3889476 1.4480915 1.4480915 2.1464413 1.3956703 1.3350324 1.2849548 2.0409499 2.0199044 1.0766031 1.4095547 1.1740775 0.8705295 0.0000000 1.5214729 1.3933488 1.5448779 2.0698339 2.1776935 2.1762494 1.9411918 1.4288620 2.1028855 2.1477890 3.1841274 2.4376764 1.9890063 2.1846457 2.3811789 1.7788629 2.4295868 2.5086883 2.4860893 2.5474030 2.7577048 2.5941237 2.7382118 2.4856102 2.7626845 3.1286963 2.9532388 3.2764765 2.1525449 2.2554033 2.2594642 2.2473025 2.2587200 2.0007603 2.0065925 1.9887537 2.1630278 2.7695882 2.7787893 2.4735742 2.4875145 2.9733305 2.9733305 2.2317327 2.2592229 2.4016358 2.7190243 2.1284074 1.9838016 2.0147123 2.5716548 2.6432067 2.4466511 2.5299358 2.2499954 3.7990037 
Cscu_XM_023370986.1                                   2.5303000 1.9730369 1.9752375 1.9793737 2.2973368 2.0563282 2.9032987 1.8948488 1.6198260 1.2888879 1.3863164 1.2726339 1.9097414 1.5894065 1.2995561 1.0911996 2.3201045 1.6300089 2.2722936 2.2950485 1.3146072 1.3469442 1.3788065 1.3516173 1.3406605 1.3394278 1.7287192 1.4708905 1.4022886 1.2597129 2.1906265 2.1734981 1.4883436 1.2259535 1.1140892 1.3560366 1.5214729 0.0000000 0.8260923 1.5228629 2.3443935 1.8876133 1.8876133 1.9182246 1.4976549 2.2850029 2.2279622 4.6995538 2.4347520 1.9618529 2.0714109 2.3978159 1.2365215 2.9331604 2.9262296 2.9540920 3.0053335 3.1939964 2.4708988 3.1554399 2.5285521 3.1479719 3.0820294 2.9051705 2.8549189 2.6095046 2.1348268 2.3008911 2.2185260 2.2558545 1.9899368 2.1892353 2.1919445 2.2064064 3.0574214 3.1243002 2.7252887 2.7404857 2.8716951 2.8716951 2.2127598 2.0967206 2.4924749 2.7161255 2.3778370 2.0304974 1.8435663 2.4769856 2.4966216 2.4551259 1.1921820 2.3757128 4.4576667 
Cscu_XM_023356122.1                                   2.0531823 1.9813574 1.9316629 2.0187999 0.0000010 1.9533067 3.1918989 1.6203641 1.7349468 1.8924677 2.0198631 1.9913369 1.9088629 1.5111256 1.5142203 1.4044830 1.8443365 0.1385765 1.7980654 1.9518170 1.4258538 1.4114150 1.5112869 1.5744401 1.5326745 1.5326745 1.8877052 1.3338209 1.3951989 1.3924383 2.3642697 2.3453012 1.6516003 0.0000010 0.0000010 1.4060575 1.3933488 0.8260923 0.0000000 1.5326526 2.0383245 1.7516434 1.7516434 1.6901367 1.4479460 2.0200066 2.0062066 0.0000010 2.3841421 2.2215090 2.0882276 2.0075899 1.2169742 2.7575719 2.7111318 2.8728744 3.0033024 3.0811209 2.5929682 3.1290186 2.7097595 3.0507139 2.8171855 2.8322696 3.0045827 2.0874355 2.1680785 2.2978961 2.1607690 2.1316091 2.0733474 2.1310796 2.1398319 2.3080310 3.2387700 3.2739331 2.8437396 2.8748317 3.0043723 3.0043723 1.9956023 2.3912705 2.3582657 1.7125469 2.3042168 1.6054935 1.9490714 2.0663090 2.0069779 2.4971309 7.3973716 0.0000010 5.1307251 
Ctel_gnl_WGS_AMQN_CAPTEDRAFT_mRNA164378               2.5382438 1.7598594 1.7654596 1.8097010 2.3909274 1.8964033 2.7778007 1.8752990 1.3689471 1.2753018 1.3007945 1.3702624 1.8280117 1.3195914 1.4780368 1.3439055 1.7884432 1.7523464 2.0975563 2.0973311 1.3633318 1.4512454 1.3764544 1.4493049 1.4833759 1.4866953 2.1987508 1.6253409 1.5761496 1.4799091 2.2436296 2.1855488 1.4278020 1.3108782 1.1147311 1.3450808 1.5448779 1.5228629 1.5326526 0.0000000 1.8839306 2.1037092 2.1037092 2.0175757 1.4839031 2.2447765 2.0225309 4.5903207 2.3045304 2.0025416 2.0515870 2.4317901 1.5964219 2.2418632 2.2625348 2.5483267 2.5298532 2.5235972 2.3089524 2.4343828 1.6915731 2.4245757 2.8723002 2.5575903 2.6571932 2.1370044 2.3679430 2.6389615 2.3581014 2.3647638 2.1792741 2.2552435 2.2795533 1.9843664 2.5573839 2.5678806 2.2219230 2.2610550 2.7610038 2.7610038 2.3300826 2.4116833 2.6621435 2.4964133 2.4123762 1.9271728 2.1165772 2.4492993 2.1720502 2.6013396 2.6649293 1.9355526 3.3361515 
