103
Lcom_lcpid3727                                     0.0000000 3.4528587 2.9886671 2.4821781 3.3226386 3.4708228 3.4812327 3.0452438 3.2320550 3.1541954 3.1567435 3.2018079 3.2102583 3.2720363 3.1824831 3.1761441 4.0726428 3.0147220 4.9384417 4.4197746 2.9645983 2.9953326 2.9878023 2.9876908 3.1871245 3.1956443 3.4636776 3.0540741 3.1335538 2.8991803 2.7012568 4.3463697 2.9993367 2.5325512 2.6681765 3.0269941 3.0814899 4.1157215 4.1893917 3.2499663 3.0096192 3.0053013 3.0300242 3.0192166 2.7805404 2.5583663 3.0273329 2.3116488 2.7098285 2.7861553 2.3727737 2.8128924 2.8486408 1.8777056 2.5999527 3.5173481 2.5884519 3.3294419 3.3172375 3.6244120 3.6995387 3.3039291 5.4413437 3.3540349 4.0493909 2.8568325 3.9153874 3.6969865 3.4822158 3.3900116 3.1245336 3.2189943 2.8647767 3.1249562 3.2548685 3.4607667 3.0056632 3.8545783 3.3171307 4.7113602 2.9038159 3.1027257 3.2836196 3.5087684 3.5210736 3.4538527 3.2155602 3.7933053 2.7823566 3.4260618 3.3274052 2.3348566 1.7094629 2.3262093 3.4266879 3.5786965 2.5390349 3.5581133 4.0851915 2.0853955 3.5784419 2.5870641 4.4805719 
Emue_Em0001g1046a.t1                               3.4528587 0.0000000 0.2413010 0.2788090 0.4165809 0.3297042 0.4295925 1.6040608 0.4006200 2.7601404 2.7517094 2.7681519 2.7684921 2.8079029 2.7723246 2.8145637 4.2501811 2.6507691 5.9035922 4.1982802 2.4808221 2.3332003 2.6113176 2.4121253 2.7442396 2.7269737 2.8072972 2.5664723 2.7032261 2.1966795 2.5699176 3.6912278 2.4746867 1.9064557 2.9372682 2.3425995 2.5756098 1.9474131 3.7362956 2.5996733 2.4934915 2.5652653 2.4957966 2.5046095 2.1687333 2.0765401 2.7112293 2.1979898 2.5719974 2.2477279 1.8498586 2.1467184 2.5260193 2.3757474 2.6633534 2.4084963 1.7106780 3.0723612 2.6121863 2.3144424 2.8839301 3.0070598 4.5540845 2.3167202 3.2777913 2.1036969 2.9328836 3.3014313 2.3973574 2.8562747 2.4780492 2.8855045 2.3971964 2.7714554 2.7999822 2.9440844 2.7968748 2.7462648 3.1067851 4.3824979 2.7861314 2.7490217 3.1004452 1.0636623 2.0838375 2.5158062 3.1723402 3.3269251 2.0096799 3.9987345 3.8761369 3.5909018 3.0593259 3.3471936 3.1294912 3.2583132 3.7581187 2.2774650 3.5272999 3.9269495 2.3027985 3.0800499 1.7715519 
Spolac_c106278_g1_i1_m.45069c106278-g1             2.9886671 0.2413010 0.0000000 0.0000010 0.0000010 0.0000010 0.0000010 3.0801463 0.0000010 2.0344051 2.1202620 1.9209304 1.9209304 2.0458210 1.9470279 1.9470279 0.0000010 1.9449054 0.0000010 0.0000010 1.8496176 0.0000010 2.0220336 0.0000010 2.1284350 0.0000010 4.1580408 1.9194094 1.9194094 0.0000010 0.0000010 0.0000010 1.7670201 0.0000010 3.8884495 0.0000010 1.7483212 1.0605739 1.0968792 1.8058121 0.0000010 1.7557708 1.7277296 1.7277296 1.7059271 0.0000010 0.0000010 0.0000010 0.0000010 1.6868216 0.0000010 0.0000010 1.4282967 0.0000010 0.8973334 2.3965073 0.0000010 2.9393743 0.0000010 0.0000010 2.2152075 0.0000010 0.0000010 2.2321361 2.1485656 0.0000010 0.0000010 2.3164590 0.0000010 0.0000010 0.0000010 2.5299582 2.7246624 0.0000010 2.5358559 2.3757807 0.0000010 0.0000010 3.3984248 3.2722530 0.0000010 2.0133078 2.0759277 1.0544016 1.5122672 2.2707705 3.4892855 3.9746011 0.0000010 0.0000010 0.0000010 5.2163110 0.0000010 3.1654777 1.9806666 1.6194750 0.7090483 0.0000010 3.0825333 3.4838735 1.2580483 3.1773959 1.8302860 
Spolac_c3840_g1_i1_m.129c106278-g1                 2.4821781 0.2788090 0.0000010 0.0000000 0.0000010 0.0000010 1.8495135 0.5698950 1.2573580 2.0107823 2.0252711 1.9741670 1.9741670 1.9247429 2.0808749 2.0749682 1.4179544 1.2249759 0.0000010 1.4179544 1.5403629 3.9590788 1.5392665 1.5161405 0.0000010 0.0000010 0.0000010 1.5453713 1.5453713 1.4708396 0.0000010 1.2901085 1.4896085 1.4341743 6.2534243 0.0000010 1.5048086 0.0000010 3.8089564 1.4592084 1.7927158 1.4669231 1.5117423 1.5117423 1.4634847 1.5971959 1.5799740 1.5081781 1.6241110 1.5753615 0.0000010 1.6145854 1.6106307 0.0000010 0.0000010 1.1769934 1.0359631 1.5564989 1.6742538 9.0000000 8.9999985 8.9999985 0.0000010 0.0000010 0.0000010 2.2408487 0.0000010 2.8476576 0.0000010 0.0000010 3.4422524 1.6262760 0.0000010 1.6249622 1.6790592 3.5699393 4.6164241 0.0000010 1.9654990 4.1297321 1.5870768 1.8026426 1.9399853 0.0000010 3.7443161 1.1156189 1.9169580 5.7663285 0.8895623 2.2690736 3.6700638 2.5528691 2.2944771 4.8670324 2.0966667 2.1287299 2.4415332 2.5488868 3.6098846 9.0000000 4.0558470 4.8460478 4.2743481 
Spolac_c3840_g2_i1_m.131c106278-g1                 3.3226386 0.4165809 0.0000010 0.0000010 0.0000000 0.0000010 0.0000010 1.2527040 0.0000010 1.4575501 1.4240056 1.4611198 1.4727165 1.5523283 1.4529264 1.2571633 0.0000010 0.0000010 0.0000010 0.0000010 1.4109901 0.0000010 0.8579733 1.1090376 0.0000010 0.0000010 0.0000010 1.3492046 1.3492046 1.4262973 0.0000010 0.0000010 1.2071323 1.2619820 0.0000010 0.0000010 1.2920188 0.0000010 0.0000010 1.1152716 1.6248990 1.4711757 1.3850818 1.3850818 1.2854560 1.6786095 1.5906216 0.1579380 1.9453108 1.6259689 0.0000010 1.6500419 1.7943209 0.0000010 0.0000010 1.4084676 1.4084676 1.4990878 0.0000010 0.0000010 0.0000010 0.0000010 0.0000010 0.0000010 0.0000010 0.0000010 0.0000010 0.0000010 0.0000010 0.0000010 3.4113097 1.5260195 0.0000010 1.5173073 1.4470657 0.0000010 0.0000010 0.0000010 1.5193597 0.0000010 2.0315103 1.6752962 1.5625415 0.0000010 0.0000010 0.0000010 1.6040970 0.0000010 1.1411416 1.1036908 8.9999982 2.6927952 0.0000010 0.0000010 1.6041572 0.0000010 0.0000010 0.0000010 0.0000010 4.5981602 3.2197060 3.2041157 0.0000010 
Spolac_c92669_g2_i1_m.8049c106278-g1               3.4708228 0.3297042 0.0000010 0.0000010 0.0000010 0.0000000 0.0000010 2.6459385 0.0000010 2.8074292 2.8074292 2.8273624 2.8107884 2.9435261 2.7831795 2.7597789 0.0000010 2.3750876 0.0000010 0.0000010 2.2655175 1.8954877 2.3517899 2.7663930 2.5243987 2.0801700 2.0801700 2.3393249 2.3393249 0.0000010 0.0000010 0.0000010 2.0671451 0.0000010 0.0000010 0.0000010 2.4047090 0.0000010 0.0000010 2.3470716 2.2764203 2.2459108 2.0652702 2.0652702 2.3017757 0.0000010 0.0000010 0.0000010 0.0000010 1.9758066 0.0000010 0.0000010 1.9858177 0.0000010 0.0000010 2.8714379 0.0000010 2.6078900 0.0000010 2.0250471 2.2456869 1.3726674 0.0000010 2.3933388 2.3933388 0.0000010 0.0000010 2.2345271 0.0000010 0.0000010 0.0000010 2.2703881 1.8975308 0.0000010 2.6735827 2.7892007 3.0983312 0.0000010 2.6823743 0.0000010 1.9636748 2.6916160 2.7289210 0.0000010 1.9181434 2.5862346 3.2339026 0.3263106 4.9707778 4.8361446 1.1741662 3.4550411 3.5230728 3.7305930 7.2866188 9.0000000 3.5426495 2.4902894 3.0803290 2.3251827 1.9641252 2.1663482 1.7490019 
Spolac_c89366_g2_i1_m.5601c106278-g1               3.4812327 0.4295925 0.0000010 1.8495135 0.0000010 0.0000010 0.0000000 1.4877104 0.9576331 3.9005601 3.9375844 3.9800683 3.9810385 3.9487579 3.4414531 3.4299746 0.0000010 3.4125617 0.0000010 0.0000010 3.3298236 0.0000010 3.5763824 3.3614642 3.4077483 3.4715347 3.4546192 3.4063914 4.0927020 3.2560262 3.8496131 0.0000010 3.1777505 1.8148319 0.0000010 3.9618546 2.6258069 0.0000010 0.0000010 2.9224554 3.2216465 2.9362203 2.6087927 2.6476993 2.8181833 3.7092888 3.0330576 1.3216266 2.0770642 2.9971598 2.7368009 3.0105575 3.4946280 0.0000010 0.0000010 2.6698165 2.1057765 3.5378915 4.1341786 0.0000010 3.4324809 0.0000010 0.0000010 0.0000010 0.0000010 0.0000010 0.0000010 8.5243043 0.0000010 0.0000010 3.3828251 3.8272853 0.0000010 4.0876393 4.1009802 0.0000010 0.0000010 0.0000010 4.4899762 0.0000010 3.6326253 3.6433525 3.9849131 0.0000010 3.0647039 2.9512397 4.6889625 2.3413873 1.3077278 0.0000010 2.5015415 4.6526651 0.0000010 2.7281429 4.0273316 3.1481348 0.0000010 0.0000010 0.0000010 1.8790820 3.3503724 4.1388582 0.0000010 
Tetwil_g3322.t1                                    3.0452438 1.6040608 3.0801463 0.5698950 1.2527040 2.6459385 1.4877104 0.0000000 1.5864565 2.2642600 2.2848741 2.3013583 2.3208180 2.2837931 2.2348037 2.3306807 2.5229464 1.9063018 2.3602797 2.5229464 1.8200543 0.0000010 1.8395255 1.8188059 1.9660661 1.8359691 1.9331610 1.8456962 1.9582611 1.8084645 2.1812283 3.1509588 1.9723699 1.5493438 1.8756255 1.6807453 2.0379961 2.6948103 4.5260232 2.1133282 2.0417418 2.0119265 1.9937068 1.9690775 1.9360764 1.5398300 2.2445785 1.7243148 2.0669282 2.0082397 1.6911207 1.7443709 2.0381734 2.5046945 2.5332513 1.7777261 1.4549502 2.3017677 2.3132029 2.7519411 2.2799032 1.4731936 3.9706594 3.5258106 4.1209639 1.7332004 2.6381563 3.0420330 2.0513373 2.0820853 2.0956562 2.2712700 3.0903790 2.2673874 2.2904350 4.1056813 3.8246870 2.2124640 2.4735552 2.3011579 2.4397766 2.2367158 2.3839246 3.5247057 1.6900669 1.7132312 2.4306302 4.2307991 1.4946686 3.3573530 4.0867070 3.2166173 3.3393206 3.8171452 2.6436156 2.3921059 3.5777075 1.7160506 4.7407174 3.4727955 3.1820888 3.4108091 3.3683087 
Spolac_c12006_g1_i1_m.386c106278-g1                3.2320550 0.4006200 0.0000010 1.2573580 0.0000010 0.0000010 0.9576331 1.5864565 0.0000000 2.3818702 2.3509868 2.3641297 2.3437556 2.3947952 2.4001571 2.4573184 0.0000010 2.2796892 0.0000010 0.0000010 2.1622307 0.0000010 2.1746225 2.1736315 2.2702847 2.2267758 2.2535615 2.1399330 2.1452881 1.0415444 0.0000010 0.0000010 2.3087702 0.8384044 2.5313985 2.3013248 2.3690738 0.0000010 0.0000010 2.3568339 2.2896508 2.1944751 2.2856477 2.2670306 2.0702567 1.4314115 1.9830685 1.1581949 1.3375723 2.3718058 1.7520741 1.9756768 2.0720413 1.5136309 0.0000010 2.2948410 1.2676629 2.7107410 2.2314090 2.0041654 2.2548877 0.0000010 0.0000010 0.0000010 0.0000010 2.2510487 3.4333079 5.9220019 2.7165357 2.5830726 1.6814827 2.7569011 0.0000010 2.7036865 2.8074237 0.0000010 0.0000010 3.6855335 2.6591383 0.0000010 2.5514578 2.5432860 2.8227383 0.0000010 1.8653932 2.1776180 1.9640794 9.0000000 0.5134508 3.8253159 3.8069768 3.0602433 0.0000010 4.7587317 3.3727320 1.7085487 1.7786978 2.1010025 0.0000010 1.9183892 1.6081962 3.3259059 3.8688908 
HoiH23_PlH23_001889-RA                             3.1541954 2.7601404 2.0344051 2.0107823 1.4575501 2.8074292 3.9005601 2.2642600 2.3818702 0.0000000 0.0451353 0.1047420 0.1085652 0.1847333 0.2411519 0.2380818 2.7591289 1.8111142 3.9607889 3.2390688 1.7626463 1.9739933 1.8132707 1.7742115 1.8532461 1.8681458 1.9193611 1.8314510 1.9447699 1.5748800 1.5139731 2.2774981 1.8316258 1.2304445 1.7615364 1.5436354 1.9154143 2.2364052 2.8307774 1.9344797 1.8714022 1.8868654 1.8359960 1.8426212 1.6750955 2.0295886 2.4890430 2.0888829 2.1732602 1.9293895 1.5799617 1.9696956 2.1007694 2.1524914 1.9925619 2.8920306 2.1415516 2.2961606 2.4720482 2.4187318 2.5405728 2.8437496 3.3881926 2.1487515 2.9221162 1.9999764 2.5166499 2.6832938 2.0386665 2.2505492 2.2355233 2.2883886 1.6731094 2.0201913 2.2443209 2.5059230 2.7659634 2.3037519 2.6356596 3.5337072 2.0439486 2.3280576 2.4339428 1.9430727 2.8903062 3.0123575 2.6031168 3.4394361 2.0344364 3.5092665 3.2027288 3.1048917 2.6184580 3.1688881 2.7440901 1.9756337 3.4401185 2.5550812 3.2870716 3.5374071 2.9912680 3.2264251 3.5856342 
HoiH06_mRNA5382                                    3.1567435 2.7517094 2.1202620 2.0252711 1.4240056 2.8074292 3.9375844 2.2848741 2.3509868 0.0451353 0.0000000 0.1060126 0.1095051 0.1842050 0.2448621 0.2422855 2.6918212 1.8114822 3.8391387 3.1859008 1.7710043 1.9874388 1.8230640 1.7872600 1.8626342 1.9181198 1.9254275 1.8331850 1.9462350 1.5663121 1.5345403 2.2517101 1.8381796 1.2306015 1.7508332 1.5829267 1.9153236 2.2300013 2.8079490 1.9465104 1.8638740 1.8615229 1.8479296 1.8532015 1.6699801 2.0313795 2.4679141 2.1427200 2.1672775 1.9483248 1.6532102 1.9629043 2.0726622 2.1042912 1.9404497 2.9058273 2.1739619 2.2949019 2.4485131 2.4578664 2.5432230 2.8563937 3.3956773 2.1502427 2.9197905 1.9432923 2.5726930 2.6549035 2.1147473 2.2464046 2.3246210 2.2864170 1.6489411 2.0149786 2.2352098 2.4704277 2.6914712 2.3280466 2.6532869 3.6290698 2.0548425 2.3310639 2.4484744 2.0501067 2.8977221 3.0171587 2.5828025 3.4495884 2.0389161 3.4054304 3.1677790 3.1259296 2.6964908 3.1554725 2.7388912 1.9976508 3.3848905 2.5918831 3.3043802 3.4863085 3.0099880 3.2568040 3.5679792 
Hhon_g06170.t1                                     3.2018079 2.7681519 1.9209304 1.9741670 1.4611198 2.8273624 3.9800683 2.3013583 2.3641297 0.1047420 0.1060126 0.0000000 0.0060341 0.1986861 0.2631960 0.2642593 2.8525681 1.8181668 3.9311506 3.2078779 1.7640617 1.9909849 1.8063240 1.7820386 1.8461365 1.8881885 1.8959100 1.8320973 1.9194662 1.5498519 1.5455450 2.2881322 1.8390350 1.2160999 1.8304972 1.5591698 1.8949158 2.1753829 2.8513411 1.9387920 1.8517018 1.8618524 1.8308464 1.8334601 1.6708492 2.0164759 2.5330317 2.0395280 2.0899529 1.9293300 1.6132014 1.9557365 2.1242228 2.0228772 2.2317564 2.9404627 2.2131693 2.3149376 2.4641364 2.5354483 2.5800175 2.8314608 3.4773053 2.1231438 2.9373977 2.0458832 2.5798169 2.6502519 2.2407833 2.2897738 2.3649410 2.3081140 1.6302258 2.0557820 2.2651964 2.4880779 2.8347342 2.3139504 2.6382607 3.6276626 2.0939040 2.3086167 2.4368160 1.9905809 2.8940486 3.0517387 2.6475031 3.4768255 2.0436975 3.3726743 3.3672627 3.1569660 2.6777861 3.1779372 2.7262001 1.9897610 3.4348278 2.5143963 3.3191088 3.5015732 3.0051618 3.4432398 3.6340729 
HoiH04_mRNA6725                                    3.2102583 2.7684921 1.9209304 1.9741670 1.4727165 2.8107884 3.9810385 2.3208180 2.3437556 0.1085652 0.1095051 0.0060341 0.0000000 0.2035994 0.2665742 0.2671567 2.8525681 1.8172395 3.9311506 3.2078779 1.7687804 1.9909849 1.8110312 1.7882525 1.8448596 1.8960099 1.9016921 1.8333769 1.9216739 1.5604875 1.5455450 2.2820962 1.8420918 1.2230022 1.8304972 1.5703993 1.9070459 2.1753829 2.8477871 1.9455250 1.8711229 1.8732504 1.8355362 1.8381566 1.6832792 2.0118349 2.5501640 2.0643687 2.1075554 1.9405317 1.6257026 1.9549326 2.1397653 2.0228772 2.1982347 2.9432257 2.2432706 2.3163664 2.4850996 2.5508121 2.5897286 2.8276481 3.5037315 2.1248629 2.9507288 2.0420880 2.6271385 2.6418498 2.2614499 2.2966118 2.4159653 2.3177601 1.6302258 2.0702812 2.2732559 2.4857268 2.8366617 2.3895183 2.6550222 3.6614943 2.1097695 2.3055246 2.4339187 1.9905809 2.8894589 3.0632388 2.6533604 3.4768255 2.0530581 3.3649901 3.3672627 3.1695002 2.6680896 3.1761692 2.7347282 1.9882725 3.4631707 2.5244604 3.3225475 3.4919593 3.0115309 3.4827729 3.6230428 
HoiH11_mRNA8226                                    3.2720363 2.8079029 2.0458210 1.9247429 1.5523283 2.9435261 3.9487579 2.2837931 2.3947952 0.1847333 0.1842050 0.1986861 0.2035994 0.0000000 0.2538937 0.2511240 2.6712749 1.7996205 3.9633507 3.1692797 1.7594023 2.0207366 1.8100962 1.7582323 1.8789705 1.8386098 1.9120448 1.8385068 1.9406000 1.5945243 1.6607884 2.2823450 1.8454637 1.2111358 1.7887750 1.5004132 1.9159930 2.0563446 2.7699317 1.9471375 1.8447393 1.8705163 1.8116470 1.8128246 1.6689741 2.0105657 2.4405857 2.0932260 2.1706277 1.9018498 1.5226047 1.8826693 2.1446191 2.0761752 2.0342637 2.9527211 2.2483604 2.3205542 2.4888677 2.4217549 2.5599208 3.0380197 3.3365394 2.1606046 2.9183271 1.9705116 2.5348075 2.6474967 2.1720537 2.2906861 2.2649220 2.2974770 1.7547509 2.0925512 2.2557283 2.4786656 2.7686266 2.1946116 2.6406445 3.5499038 2.0945889 2.3640951 2.4490410 1.9141388 2.9275116 3.0666598 2.6543807 3.6892951 2.0146287 3.3502305 3.4954500 3.0463108 2.6966637 3.2583296 2.7649592 1.9693283 3.4961272 2.5553000 3.4023943 3.6032592 2.9490875 3.2725852 3.5397194 
TrH2_TrispH2_000105-RA                             3.1824831 2.7723246 1.9470279 2.0808749 1.4529264 2.7831795 3.4414531 2.2348037 2.4001571 0.2411519 0.2448621 0.2631960 0.2665742 0.2538937 0.0000000 0.0022479 2.8588005 1.8096157 3.9528822 3.5009200 1.7355550 2.0234401 1.8153622 1.7803827 1.8430096 1.9216477 1.9523210 1.8473175 1.9372565 1.5636632 1.6082978 2.2559324 1.8384833 1.2712102 1.8311650 1.5718022 1.8815730 1.9827144 2.8089269 1.9313495 1.8565153 1.8707132 1.8112318 1.8109106 1.6802492 2.0000295 2.4744025 2.0316359 2.1477065 1.9582340 1.6498289 2.0236184 2.1143269 2.2951365 2.0271681 2.9093810 2.2731382 2.2327407 2.5406153 2.4671147 2.5722795 3.1339431 3.4825458 2.0768217 2.8728357 2.0206225 2.6446804 2.6810138 2.2364510 2.3097908 2.3030751 2.3071850 1.6183936 2.0718588 2.2714553 2.5247032 2.7645526 2.3945076 2.6456441 3.4403777 2.1252008 2.3616832 2.4616804 1.7677201 2.8487631 3.0404241 2.6535810 3.5244592 2.1134818 3.2674489 3.4491592 3.0974491 2.6003547 3.1592586 2.8701718 1.9487015 3.3360491 2.6030333 3.2697808 3.4683892 3.0523252 3.2658918 3.5233081 
Tadh_TriadT52451                                   3.1761441 2.8145637 1.9470279 2.0749682 1.2571633 2.7597789 3.4299746 2.3306807 2.4573184 0.2380818 0.2422855 0.2642593 0.2671567 0.2511240 0.0022479 0.0000000 2.8424570 1.8028853 3.9528822 3.5009200 1.7788576 2.0234401 1.8425780 1.8187889 1.8408809 1.9163160 1.9471365 1.8607341 1.9741735 1.6753577 1.6082978 2.2551468 1.8784914 1.4286783 1.8311650 1.5668211 1.9400908 1.9827144 2.8235012 1.9194949 1.8877705 1.9190141 1.8722189 1.8737678 1.7447833 2.0453055 2.6438375 2.0303650 2.2398919 1.9854744 1.6383567 2.1462009 2.1348491 2.2951365 2.0172293 2.9534606 2.2804348 2.3086384 2.5378916 2.4671147 2.5693553 3.1339431 3.4634995 2.0861275 2.8706121 2.0206225 2.6446804 2.6728144 2.2364510 2.3097908 2.2856067 2.3617886 1.6183936 2.1856250 2.3342723 2.5295765 2.7783409 2.3945076 2.7155221 3.4403777 2.1442390 2.4331405 2.5439107 1.7677201 2.8450723 3.0412885 2.7750457 3.5420204 2.2695612 3.3242255 3.3891142 3.1765311 2.5416982 3.1285236 2.9525379 1.9588114 3.3408292 2.6030333 3.2778547 3.4547214 2.9574743 3.2764752 3.5159526 
Gasp_gasp1.m3.14192.m1                             4.0726428 4.2501811 0.0000010 1.4179544 0.0000010 0.0000010 0.0000010 2.5229464 0.0000010 2.7591289 2.6918212 2.8525681 2.8525681 2.6712749 2.8588005 2.8424570 0.0000000 0.1659784 0.3947227 0.2899125 0.0000010 0.0000010 0.2176477 0.0000010 0.0000010 0.0000010 0.0000010 0.5248830 0.5208539 0.0000010 0.0000010 0.3613271 0.9153448 0.0000010 1.0774412 0.0000010 1.9496277 0.0000010 3.8661833 2.4099036 0.0000010 2.4002564 2.3470128 2.3512777 0.0000010 0.0000010 0.0000010 0.0000010 0.0000010 2.5300397 0.0000010 0.0000010 2.4323199 1.0066637 0.0000010 4.1574443 0.0000010 2.5113594 0.0000010 0.0000010 3.9962072 0.0000010 4.0020399 0.0000010 6.3826776 0.0000010 0.0000010 3.4429316 0.0000010 9.0000000 0.7667729 1.7939876 1.4990271 0.0000010 1.5676780 1.6328836 1.7382524 0.0000010 2.6214740 2.6872274 0.0000010 1.9029913 2.5168631 0.0000010 4.2588367 3.9988421 2.2412213 0.0000010 4.0025068 1.5055172 2.7475100 4.3206994 0.0000010 4.4007290 7.5949543 1.9888005 3.5389754 0.0000010 2.6705794 4.0663317 1.8295954 3.3903408 4.1238168 
Fspp_ffun1.m4.29912.m1                             3.0147220 2.6507691 1.9449054 1.2249759 0.0000010 2.3750876 3.4125617 1.9063018 2.2796892 1.8111142 1.8114822 1.8181668 1.8172395 1.7996205 1.8096157 1.8028853 0.1659784 0.0000000 0.2714688 0.2795602 0.1337439 0.1396641 0.1396606 0.1346174 0.0439133 0.0611385 0.1072137 0.2805666 0.2914398 0.3884102 0.3889626 0.2481622 0.6063592 0.3889626 1.5017134 0.0985824 1.3613894 1.5652250 2.7108075 1.4237992 1.3519997 1.3419681 1.3739659 1.3751844 1.0217976 5.5596726 1.9142464 0.0000010 1.1159549 1.3670793 1.0491488 0.0000010 1.7474202 1.8886018 2.6385641 2.9064167 0.0000010 1.9994084 1.7117752 2.1224086 2.1238207 1.6731823 3.5327470 1.6747754 2.5653054 1.2907825 1.9519476 2.3361063 1.7111346 1.7685271 1.6904358 1.5631567 1.3665714 1.4536905 1.5696743 1.6772104 1.2128143 1.7713608 1.8987934 2.8257379 1.3395397 1.5506627 1.7446751 2.0378065 2.5312428 2.8738682 1.9916877 2.4753200 1.8029373 2.4232885 1.2484455 3.5310422 1.8000639 2.7683126 2.2664118 1.7751359 3.2333062 2.1023364 2.7153284 3.0429466 2.2627509 3.2422465 3.4305504 
Fspp_ffun1.m4.21122.m1                             4.9384417 5.9035922 0.0000010 0.0000010 0.0000010 0.0000010 0.0000010 2.3602797 0.0000010 3.9607889 3.8391387 3.9311506 3.9311506 3.9633507 3.9528822 3.9528822 0.3947227 0.2714688 0.0000000 0.3916236 1.2875067 0.0000010 0.5638063 1.2875067 0.0000010 0.0000010 0.0000010 0.8663123 0.7907819 1.2875067 1.2875067 0.6583373 1.2272830 1.2875067 1.1271846 0.0000010 2.5296021 0.0000010 4.6157656 2.5744088 0.8324729 3.0395793 3.6754505 3.7010351 0.8324729 4.1445174 0.8324729 0.0000010 0.8324729 2.4148690 0.0000010 0.0000010 3.2876451 1.0066637 0.0000010 5.1396680 0.0000010 3.5629049 1.1131261 0.0000010 3.9574787 0.0000010 3.9571939 0.0000010 6.0332652 0.0000010 0.0000010 4.2647264 0.0000010 0.0000010 0.0000010 2.6027504 1.8577975 1.5562292 2.4475352 2.5731960 4.3557510 0.0000010 4.3483574 2.6412973 5.0399280 2.7029204 3.3477863 0.0000010 5.1102341 6.6978870 4.7249064 0.8324729 4.2280593 3.1384546 4.5056934 4.3990995 0.0000010 8.7847097 5.6062213 3.2345909 2.9920074 0.0000010 4.3904654 4.1187987 1.8295954 3.2341372 5.4835779 
Spis_XP_022809818_1                                4.4197746 4.1982802 0.0000010 1.4179544 0.0000010 0.0000010 0.0000010 2.5229464 0.0000010 3.2390688 3.1859008 3.2078779 3.2078779 3.1692797 3.5009200 3.5009200 0.2899125 0.2795602 0.3916236 0.0000000 0.0000010 0.0000010 0.1897008 0.0000010 0.0000010 0.0000010 0.0000010 0.6468558 0.6145136 0.0000010 0.0000010 0.4841315 0.9768718 0.0000010 1.0774412 0.0000010 1.9553367 0.0000010 4.1648301 2.3021680 0.0000010 2.2867946 2.4191073 2.4256967 0.0000010 0.0000010 0.0000010 0.0000010 0.0000010 2.5300397 0.0000010 0.0000010 2.7194652 1.1177233 0.0000010 4.0889942 0.0000010 2.6809934 0.0000010 0.0000010 3.8495038 0.0000010 3.9057791 0.0000010 5.2845368 0.0000010 0.0000010 3.4983776 0.0000010 0.0000010 0.0000010 2.1351742 1.4990271 0.0000010 1.8869817 1.9249687 3.1850298 0.0000010 1.6270400 1.6270400 0.0000010 2.2367828 2.8270539 0.0000010 3.8367700 4.2788766 3.3699465 0.0000010 3.2057671 3.3129247 2.6549931 4.9478920 0.0000010 5.9440905 7.5949543 2.0542905 2.2838384 0.0000010 3.4470232 4.5276004 1.8295954 3.3903408 4.8497935 
Spis_XP_022805421_1                                2.9645983 2.4808221 1.8496176 1.5403629 1.4109901 2.2655175 3.3298236 1.8200543 2.1622307 1.7626463 1.7710043 1.7640617 1.7687804 1.7594023 1.7355550 1.7788576 0.0000010 0.1337439 1.2875067 0.0000010 0.0000000 0.1186513 0.1031425 0.2146555 0.1990207 0.2079053 0.2651277 0.3328829 0.3677650 0.1764378 0.1958372 0.3021431 0.6526123 0.1306575 0.6721931 0.1524215 1.3865128 1.6369012 2.5801560 1.4895712 1.4484495 1.3494029 1.3863846 1.3853139 1.2039349 1.4937286 2.1313670 1.5589448 1.8913954 1.5995399 1.0855418 1.5526438 1.7398153 1.8965059 2.3469316 2.5215559 1.7720522 1.9718159 2.0637511 2.4586707 2.1728989 3.2008320 3.4757669 1.6642400 2.2895647 1.2893133 2.0800315 2.3272072 1.8644404 1.6890044 1.6657291 1.6044942 1.3202184 1.5510560 1.6505192 1.7948930 1.5551389 1.9782762 1.9388002 3.3226233 1.5025420 1.5982650 1.7102700 2.1062067 2.4212820 2.6561103 2.0241205 2.8499302 1.8109610 2.7001972 2.0021948 2.8942922 2.0204610 2.8695373 2.3600188 1.6824053 2.7157438 2.3254172 2.8206908 3.0347144 2.7236233 3.1574053 3.1996038 
Gasp_gasp1.m1b.19005.m1                            2.9953326 2.3332003 0.0000010 3.9590788 0.0000010 1.8954877 0.0000010 0.0000010 0.0000010 1.9739933 1.9874388 1.9909849 1.9909849 2.0207366 2.0234401 2.0234401 0.0000010 0.1396641 0.0000010 0.0000010 0.1186513 0.0000000 0.1293722 0.1844996 3.1592546 3.5382494 2.4247351 0.2453285 0.2096973 0.0000010 0.0000010 0.0000010 0.4491903 9.0000000 2.0711975 0.0000010 1.2050371 0.0000010 0.0000010 1.3728755 1.2434665 1.2068097 1.1792897 1.1792897 1.0825705 0.0000010 0.0000010 0.0000010 0.0000010 1.3389793 0.0000010 0.0000010 1.2790016 0.0000010 2.9056153 3.0046192 3.4466099 1.9115025 0.0000010 2.0549695 2.7227325 2.6901070 0.0000010 0.0000010 0.0000010 0.0000010 0.0000010 2.5858985 0.0000010 0.0000010 0.0000010 1.5421665 0.0000010 7.3148597 1.6641072 1.5264599 1.5185093 0.0000010 2.3098238 0.0000010 9.0000000 1.2572294 1.5810468 0.0000010 2.5959012 3.0423099 1.8980275 0.0000010 2.7069861 0.0000010 0.0000010 3.8878767 0.0000010 2.2715395 3.1120530 0.0000010 1.7114239 3.1734984 1.8182738 1.6177610 2.8872708 2.8251337 0.0000010 
Pocdam_XM_027193689.1                              2.9878023 2.6113176 2.0220336 1.5392665 0.8579733 2.3517899 3.5763824 1.8395255 2.1746225 1.8132707 1.8230640 1.8063240 1.8110312 1.8100962 1.8153622 1.8425780 0.2176477 0.1396606 0.5638063 0.1897008 0.1031425 0.1293722 0.0000000 0.1795396 0.1762623 0.1973431 0.2605612 0.3372942 0.3659270 0.1774146 0.1998703 0.3675727 0.6793170 0.1307928 0.5781732 0.1271070 1.4156890 1.8738852 2.7142434 1.5268737 1.4727153 1.4076295 1.4242433 1.4250371 1.1922314 1.3890716 2.0828357 1.5343053 1.9030625 1.5654696 1.0961070 1.6175829 1.7887770 1.9058385 2.2530601 2.5833657 1.6293525 2.0176509 2.0502616 2.2419050 2.2273354 3.1556605 3.7407005 1.6547496 2.5318537 1.3431041 1.8570671 2.4746046 1.8135680 1.7102791 1.7328875 1.6426697 1.3365647 1.5554885 1.6774501 1.8248729 1.5599279 1.6807129 1.9224844 2.9831093 1.5069219 1.6305254 1.7666837 2.3093622 2.5513481 2.7411804 2.0088640 2.9482294 1.8847377 2.4780171 1.8947781 3.0700789 1.9951593 3.0206335 2.3863563 1.7799944 2.8929619 2.2206125 2.8116943 3.1428256 2.6150312 2.9515634 3.3272487 
Gfas_gfas1.m1.14617.m1                             2.9876908 2.4121253 0.0000010 1.5161405 1.1090376 2.7663930 3.3614642 1.8188059 2.1736315 1.7742115 1.7872600 1.7820386 1.7882525 1.7582323 1.7803827 1.8187889 0.0000010 0.1346174 1.2875067 0.0000010 0.2146555 0.1844996 0.1795396 0.0000000 0.1910286 0.2040425 0.2310162 0.2696456 0.3152943 0.2289769 0.2225672 0.0000010 0.6273636 0.1637426 0.4166819 0.1686695 1.4188444 0.0000010 0.0000010 1.5647685 1.4810218 1.4056484 1.3624147 1.3619103 1.3075925 1.4683340 2.1712480 1.6204506 1.9703080 1.6486987 1.0619497 1.6533580 1.6337854 1.9777042 2.5496485 2.2939023 1.6399370 1.9450958 2.0344246 2.4050572 1.9567617 3.1906553 0.0000010 1.6339488 1.6339488 1.2421700 2.1534247 2.1665914 1.8666215 1.6315617 1.7695270 1.5025950 1.0430429 1.5907376 1.5574048 1.4501035 1.5495897 1.9310098 1.8278203 0.0000010 1.5019086 1.4724007 1.5675131 0.0000010 2.2776072 2.4690937 1.9391491 3.0342588 1.8191164 2.5388241 1.8816447 2.9153988 2.2694349 3.2643085 2.4818859 2.3415463 1.9543901 2.4756029 2.4445375 2.0136795 3.0313532 3.1710949 2.0089812 
Fspp_ffun1.m4.17197.m1                             3.1871245 2.7442396 2.1284350 0.0000010 0.0000010 2.5243987 3.4077483 1.9660661 2.2702847 1.8532461 1.8626342 1.8461365 1.8448596 1.8789705 1.8430096 1.8408809 0.0000010 0.0439133 0.0000010 0.0000010 0.1990207 3.1592546 0.1762623 0.1910286 0.0000000 0.0358760 0.0768126 0.3079650 0.3140964 0.2834269 0.3357532 0.2777743 0.6873166 0.0000010 1.3933932 0.0932463 1.3762086 2.8756733 2.4685527 1.4380117 1.4823100 1.3452756 1.3923980 1.3955301 1.1348785 0.0000010 1.6217194 0.0000010 0.8838481 1.4938894 1.0505590 0.0000010 1.7748808 1.8407693 2.0649917 2.6750163 0.0000010 2.0254853 1.9422059 2.2192894 2.0113324 3.6975866 3.8920627 1.5737137 2.1580486 1.3068272 2.1048394 2.2506998 2.1388983 1.7907237 1.6674031 1.6935099 1.0729449 1.5856584 1.7085856 1.7613249 1.3281890 1.9943671 2.0005331 3.1129866 1.5914079 1.7349191 1.8774373 2.1023936 2.4537919 2.7468887 2.1407661 2.7001289 1.7398443 2.8917578 1.1353011 3.6069717 1.8509159 2.7348165 2.5223452 1.7763174 3.6338813 2.0614184 3.0507513 2.9975427 2.1917221 2.9886685 3.1054169 
Fspp_ffun1.m4.26366.m1                             3.1956443 2.7269737 0.0000010 0.0000010 0.0000010 2.0801700 3.4715347 1.8359691 2.2267758 1.8681458 1.9181198 1.8881885 1.8960099 1.8386098 1.9216477 1.9163160 0.0000010 0.0611385 0.0000010 0.0000010 0.2079053 3.5382494 0.1973431 0.2040425 0.0358760 0.0000000 0.0501284 0.3475281 0.3666220 0.2802765 0.3357532 9.0000000 0.7617426 0.0000010 0.8618891 0.1046936 1.4429955 0.0000010 0.0000010 1.6407013 1.4725084 1.5189364 1.4298903 1.4245693 1.3013418 0.0000010 1.6217194 0.0000010 0.8838481 1.6218920 1.0658646 0.0000010 1.5883983 1.8717954 9.0000000 2.3884984 0.0000010 2.0067945 1.9516739 2.3490929 1.7216358 4.7781863 9.0000000 2.7650755 2.7650755 1.3069627 2.1048394 3.4778784 2.1388983 1.7730514 1.6645500 1.7267218 3.0379789 1.6117436 1.6975535 3.3560057 4.1377932 1.9943671 1.8598582 9.0000000 1.6082517 1.7471630 1.8472355 0.0000010 2.1287091 2.3151576 2.0071042 0.0000010 0.8016605 2.5990230 1.1616319 3.4733246 9.0000000 3.0599133 2.5261886 2.5660716 2.8489304 2.0939174 6.2157246 2.8281958 3.4678476 3.5318740 4.5005908 
Fspp_ffun1.m4.30428.m1                             3.4636776 2.8072972 4.1580408 0.0000010 0.0000010 2.0801700 3.4546192 1.9331610 2.2535615 1.9193611 1.9254275 1.8959100 1.9016921 1.9120448 1.9523210 1.9471365 0.0000010 0.1072137 0.0000010 0.0000010 0.2651277 2.4247351 0.2605612 0.2310162 0.0768126 0.0501284 0.0000000 0.4042918 0.4098742 0.3058508 0.0000010 1.5614338 0.7831227 0.0000010 1.0564323 0.1296311 1.4833929 0.0000010 5.9834530 1.6116086 1.4578420 1.4885483 1.4978509 1.4888619 1.3553325 0.0000010 1.6217194 0.0000010 0.8838481 1.6697025 1.1408387 0.0000010 1.6688195 1.8829510 6.3906222 2.5483449 0.0000010 2.0376257 1.9471852 2.4081989 1.8849040 5.3001391 8.9999983 2.6726410 3.9284271 1.3394353 2.1379541 3.2452526 2.0987836 1.7920211 1.8137620 1.6938717 1.5242977 1.5627656 1.7133753 3.0028334 5.1128065 2.0598224 1.9419498 8.9999980 1.6040827 1.7937258 1.9022207 6.7108037 2.2398040 2.4575616 1.9730191 5.5864382 1.0200085 2.5990230 1.2054253 3.7752048 3.2423579 2.8348611 2.6740278 2.3321961 2.4621302 2.1003274 4.1221059 3.4921071 3.3339010 3.6039881 4.2046439 
Amil_Amillepora16953-RA                            3.0540741 2.5664723 1.9194094 1.5453713 1.3492046 2.3393249 3.4063914 1.8456962 2.1399330 1.8314510 1.8331850 1.8320973 1.8333769 1.8385068 1.8473175 1.8607341 0.5248830 0.2805666 0.8663123 0.6468558 0.3328829 0.2453285 0.3372942 0.2696456 0.3079650 0.3475281 0.4042918 0.0000000 0.0422020 0.3710699 0.4041991 0.3401899 0.7561551 0.2521126 0.8266574 0.2544646 1.4214359 2.0662948 2.8857236 1.5519164 1.4507638 1.4375753 1.4815590 1.4801422 1.2225531 1.5360695 2.2112547 1.7090788 1.9835288 1.6176021 1.1729314 1.6823633 1.7849340 2.0760982 2.1754180 2.6114062 1.7314292 2.0596222 2.0542275 2.3856302 2.3294283 3.0964323 3.6820332 1.6936987 2.6460287 1.2927639 2.3964300 2.5117858 1.9559381 1.7648082 1.6730033 1.6273365 1.3886735 1.5136348 1.6401603 1.7706936 1.4531486 1.6975991 1.9476450 2.8423614 1.4877164 1.6299135 1.7821258 2.2434052 2.5597742 2.8101240 2.0687622 2.7926914 1.8615126 2.5549728 2.0264499 3.1828310 2.0006278 2.9003191 2.2991141 1.8828534 2.8322494 2.2548599 2.8896000 3.3305716 2.7504512 3.2297527 3.3954964 
Adig_XM_015898217.1                                3.1335538 2.7032261 1.9194094 1.5453713 1.3492046 2.3393249 4.0927020 1.9582611 2.1452881 1.9447699 1.9462350 1.9194662 1.9216739 1.9406000 1.9372565 1.9741735 0.5208539 0.2914398 0.7907819 0.6145136 0.3677650 0.2096973 0.3659270 0.3152943 0.3140964 0.3666220 0.4098742 0.0422020 0.0000000 0.4305937 1.2034721 0.3271793 0.7991805 0.3251477 1.8630817 0.2903741 1.4449842 2.0505071 2.8881521 1.5851364 1.4723184 1.4602179 1.5290683 1.5308121 1.2810162 1.5331918 2.1675218 1.5533746 1.9549822 1.7178608 1.1841513 1.7903429 1.8623250 1.9732506 2.1950638 2.6702304 1.7199340 2.0957747 2.1175080 3.0583009 2.4066341 2.9591447 3.7460623 1.6993491 2.6759229 1.3466883 3.5313793 2.4758624 2.7946636 1.8509863 1.8937806 1.7272921 1.3962551 1.6372037 1.7386078 1.8034844 1.5543483 2.3483581 2.0203931 2.9254562 1.5868275 1.7269122 1.8919565 2.2434052 2.6170914 2.9368014 2.1838727 3.3767520 1.8095296 2.5799678 2.0691137 3.1574595 2.1361728 2.8876325 2.3075515 1.8845029 2.9014977 2.2347603 2.8390981 3.3266509 2.6863836 3.7938437 3.5039785 
Gasp_gasp1.m3.25192.m1                             2.8991803 2.1966795 0.0000010 1.4708396 1.4262973 0.0000010 3.2560262 1.8084645 1.0415444 1.5748800 1.5663121 1.5498519 1.5604875 1.5945243 1.5636632 1.6753577 0.0000010 0.3884102 1.2875067 0.0000010 0.1764378 0.0000010 0.1774146 0.2289769 0.2834269 0.2802765 0.3058508 0.3710699 0.4305937 0.0000000 0.1707241 0.0000010 0.6858047 0.1206039 0.2971638 0.3878558 1.2373316 0.0000010 0.0000010 1.4769861 1.3436896 1.3130491 1.3377736 1.3395596 1.2648423 1.5457278 2.1682691 1.5915757 1.8938588 1.7585495 1.2670274 1.5740622 1.6249560 0.0000010 2.1511423 1.8151495 1.6874444 1.7639562 2.5812827 8.9999987 1.2495560 0.0000010 0.0000010 0.0000010 0.0000010 3.2705690 1.2495560 2.3375383 0.0000010 6.1936477 1.9776028 1.5080763 0.0000010 1.5112730 1.4994835 0.0000010 0.0000010 0.0000010 1.7271180 0.0000010 1.5993020 1.3889517 1.4859054 0.0000010 1.0115861 2.1857795 1.7385098 3.3894823 1.7958516 2.1101968 3.6673680 2.5653127 2.2474566 4.4411174 2.4370471 1.4069832 1.1615913 1.2462892 3.6599616 2.7938937 3.3624732 2.7694282 1.4018089 
Fspp_ffun1.m4.34044.m1                             2.7012568 2.5699176 0.0000010 0.0000010 0.0000010 0.0000010 3.8496131 2.1812283 0.0000010 1.5139731 1.5345403 1.5455450 1.5455450 1.6607884 1.6082978 1.6082978 0.0000010 0.3889626 1.2875067 0.0000010 0.1958372 0.0000010 0.1998703 0.2225672 0.3357532 0.3357532 0.0000010 0.4041991 1.2034721 0.1707241 0.0000000 0.0000010 0.8282198 0.0194162 0.0000010 0.0000010 1.7266052 0.0000010 0.0000010 1.8089421 1.5648055 1.6715632 1.7175083 1.7163248 1.5838910 8.6288648 3.8568671 3.1887050 2.4742736 1.8521610 0.0000010 1.6819832 1.8282834 0.0000010 0.0000010 2.3072987 2.5547800 2.6130196 2.9579041 8.9999986 0.0000010 0.0000010 0.0000010 0.0000010 0.0000010 0.0000010 0.0000010 1.8632785 0.0000010 0.0000010 0.0000010 1.9354500 0.0000010 2.1380327 2.0270511 0.0000010 0.0000010 0.0000010 2.3268519 0.0000010 1.8953241 1.2664469 1.4761877 0.0000010 0.0000010 2.8240345 2.4208248 2.9730176 2.9534722 2.1090216 8.9999989 2.6074489 2.5174811 5.1049680 3.1847786 0.0000010 0.4692253 0.0000010 0.0000010 0.0000010 5.0970777 0.5484930 1.3629939 
Gfas_gfas1.m1.22157.m1                             4.3463697 3.6912278 0.0000010 1.2901085 0.0000010 0.0000010 0.0000010 3.1509588 0.0000010 2.2774981 2.2517101 2.2881322 2.2820962 2.2823450 2.2559324 2.2551468 0.3613271 0.2481622 0.6583373 0.4841315 0.3021431 0.0000010 0.3675727 0.0000010 0.2777743 9.0000000 1.5614338 0.3401899 0.3271793 0.0000010 0.0000010 0.0000000 0.8816169 0.0000010 1.9247873 0.0000010 1.9642329 4.4029926 3.0353229 1.8891771 0.0000010 1.8731529 2.1084806 2.1027320 2.4450677 0.0000010 0.0000010 0.0000010 0.0000010 2.5300397 0.0000010 0.0000010 2.6184535 0.7727052 0.0000010 3.9510426 0.0000010 2.4058877 0.0000010 0.0000010 3.5665111 0.0000010 3.5786659 2.3903524 3.9365146 0.0000010 0.0000010 3.6065349 0.0000010 9.0000000 0.4636892 2.1567077 2.3166100 0.0000010 2.1530067 2.1259377 1.4985223 0.8927804 3.0489150 3.0504773 0.0000010 2.0377877 2.2265851 0.0000010 3.2830409 3.8898392 2.8929393 4.8192899 2.4688825 2.1004880 2.5783004 3.8611321 0.0000010 5.1411990 2.0263115 1.7825315 4.6576607 2.3571401 3.8525875 3.9588232 1.7937665 2.7288102 3.3468106 
Nvec_v1g197962                                     2.9993367 2.4746867 1.7670201 1.4896085 1.2071323 2.0671451 3.1777505 1.9723699 2.3087702 1.8316258 1.8381796 1.8390350 1.8420918 1.8454637 1.8384833 1.8784914 0.9153448 0.6063592 1.2272830 0.9768718 0.6526123 0.4491903 0.6793170 0.6273636 0.6873166 0.7617426 0.7831227 0.7561551 0.7991805 0.6858047 0.8282198 0.8816169 0.0000000 0.5464200 1.3588493 0.5518232 1.4106790 2.1423963 2.5926122 1.5603286 1.4520198 1.4186221 1.4273023 1.4228190 1.1845203 1.5378254 1.9370729 1.5557720 1.8335125 1.5712204 1.0985348 1.5527920 1.7600218 1.8947781 2.3605708 2.6879898 1.7149673 2.0418188 1.9858050 2.4784534 2.3145167 3.1068702 3.6155165 1.7857133 2.7446168 1.3996555 2.3802641 2.4690784 2.0072080 1.7741558 1.6163188 1.6760607 1.2645816 1.5340969 1.6748805 1.8292751 1.6583264 1.9548983 1.9685498 3.0924784 1.5428057 1.6401888 1.7682631 2.2668328 2.7028301 2.8577043 2.0645459 2.8142967 1.7632888 2.8092657 1.3765279 2.9658275 2.1181301 2.9821861 2.4597730 1.7331487 3.2245165 2.4904660 2.9612086 3.2430812 2.5596303 3.2633201 3.4072003 
Fspp_ffun1.m4.26792.m1                             2.5325512 1.9064557 0.0000010 1.4341743 1.2619820 0.0000010 1.8148319 1.5493438 0.8384044 1.2304445 1.2306015 1.2160999 1.2230022 1.2111358 1.2712102 1.4286783 0.0000010 0.3889626 1.2875067 0.0000010 0.1306575 9.0000000 0.1307928 0.1637426 0.0000010 0.0000010 0.0000010 0.2521126 0.3251477 0.1206039 0.0194162 0.0000010 0.5464200 0.0000000 0.1310410 0.0000010 1.0801772 0.0000010 0.0000010 1.3780501 1.2249105 1.0962149 1.0565761 1.0563692 1.0689322 1.3645492 1.9702801 1.5872513 1.7679116 1.5593223 0.0000010 1.4941069 1.4289979 0.0000010 2.2596137 1.7370395 1.7065771 1.4906648 2.1439004 8.9999986 0.0000010 0.0000010 0.0000010 0.0000010 0.0000010 3.2705690 0.0000010 1.6132281 0.0000010 0.0000010 2.2683797 1.1731594 0.0000010 1.2315279 1.1884078 0.0000010 0.0000010 0.0000010 1.4125863 0.0000010 1.2220553 1.1318967 1.1659824 0.0000010 0.0000010 2.0369929 1.3962780 3.1722252 1.6684142 2.0331171 4.0091055 2.3021459 2.5883901 4.3510160 1.9560643 1.4153590 1.1897137 1.2789853 3.6421892 3.9648952 3.5185108 2.7196879 1.7653923 
Fspp_ffun1.m4.17199.m1                             2.6681765 2.9372682 3.8884495 6.2534243 0.0000010 0.0000010 0.0000010 1.8756255 2.5313985 1.7615364 1.7508332 1.8304972 1.8304972 1.7887750 1.8311650 1.8311650 1.0774412 1.5017134 1.1271846 1.0774412 0.6721931 2.0711975 0.5781732 0.4166819 1.3933932 0.8618891 1.0564323 0.8266574 1.8630817 0.2971638 0.0000010 1.9247873 1.3588493 0.1310410 0.0000000 1.1392949 1.6949008 0.8730018 4.1670673 1.9186080 1.7531062 1.8649699 1.9973229 1.9950699 1.6979882 2.1953368 2.8429989 3.0680827 2.0930640 1.8565468 0.6497077 2.9348349 1.9545108 1.8228856 1.7087010 3.0537444 3.2238641 2.5717967 2.1875915 1.8258057 2.4204185 4.0854140 5.2193528 2.3403309 3.4214183 0.8812411 3.7876808 3.0487317 1.6907733 1.0346519 3.4705510 1.7204996 1.8383355 1.4038907 1.8608770 3.4275771 1.4534212 0.9405438 2.1794048 0.0000010 1.4342547 1.5630721 1.8236146 0.0000010 3.0176615 3.3175036 1.9590682 3.1340858 2.8354813 4.5163810 2.1894951 2.1899828 1.0820860 3.6031665 2.1919168 2.9683901 2.5218971 2.3977496 5.0019238 2.8034228 3.0788015 1.0934489 3.2832137 
Gasp_gasp1.m3.25193.m1                             3.0269941 2.3425995 0.0000010 0.0000010 0.0000010 0.0000010 3.9618546 1.6807453 2.3013248 1.5436354 1.5829267 1.5591698 1.5703993 1.5004132 1.5718022 1.5668211 0.0000010 0.0985824 0.0000010 0.0000010 0.1524215 0.0000010 0.1271070 0.1686695 0.0932463 0.1046936 0.1296311 0.2544646 0.2903741 0.3878558 0.0000010 0.0000010 0.5518232 0.0000010 1.1392949 0.0000000 1.2414203 0.0000010 0.0000010 1.3754312 1.3320587 1.2202827 1.1928683 1.1876499 1.1042595 0.0000010 1.2897208 0.0000010 1.1788433 1.3606035 1.1174824 0.0000010 1.3601067 2.0107055 2.9366143 2.2705903 0.0000010 1.6760130 1.7009170 2.1333101 1.6620971 0.0000010 0.0000010 0.0000010 0.0000010 1.3371185 1.9414289 2.7287316 1.6685714 1.7598915 1.4274420 1.4185606 0.0000010 1.4062801 1.3881990 0.0000010 0.0000010 1.7565419 1.5978322 0.0000010 1.2916449 1.4337986 1.5343966 0.0000010 1.9381996 2.1423407 1.5396764 0.0000010 1.0200085 2.6323195 1.2252689 3.4323710 0.0000010 2.5563137 2.2378262 2.2347082 8.9504940 2.0483582 3.6078799 2.7379337 3.1156202 3.2320600 3.8612049 
