109
Lcom_lcpid193685                                                   0.0000000 2.5305449 0.0000010 0.0000010 2.2746939 0.0000010 2.7373787 1.5112833 3.7140199 2.6406907 2.6064420 0.0000010 0.0000010 0.0000010 2.9339687 0.0000010 0.0000010 3.3617536 0.0000010 0.0000010 0.0000010 1.8607046 1.8998152 0.0000010 0.0000010 1.8926633 2.0446715 0.0000010 1.8932721 2.0352567 2.1234042 2.4965918 2.0711919 1.9528949 2.0097601 1.9659246 1.9625232 2.5050674 1.0180376 1.9806534 1.9646113 2.3344436 0.0000010 1.9051969 2.2366776 2.2660332 4.0551844 2.1458178 2.0154018 2.0543153 4.2734342 1.7094097 1.7094097 1.9837120 2.4723188 2.6180212 1.2552686 2.5294376 2.5111513 2.5822219 2.4306005 1.2552686 2.0473979 3.4568756 1.9905530 2.1172582 2.1172582 2.1015212 2.0703131 2.1572220 2.0800462 2.1015212 2.3366601 2.1725076 0.0000010 2.3233819 0.0000010 1.7278883 1.7278883 1.9581195 0.0000010 0.0000010 1.3756753 0.0000010 0.0000010 0.0000010 0.0000010 2.6263315 1.5112833 1.5112833 2.0997640 2.2746939 1.9756113 1.9756113 1.9773256 0.0000010 0.0000010 0.0000010 0.0000010 0.0000010 0.0000010 0.0000010 0.0000010 0.0000010 2.1612406 0.0000010 0.0000010 3.9511209 0.8030574 
Coemet_Cmet_scaffold3176_01                                        2.5305449 0.0000000 0.0148356 0.0076248 0.0460312 0.2592836 0.4707190 0.0000010 0.3092869 0.3465362 0.4762594 0.5738816 0.6335716 0.5490204 0.5317072 0.6186738 0.5272452 0.5201658 0.6475196 0.9302899 0.5277693 1.1710933 1.1551164 8.9999990 1.2031736 1.0972776 1.0924018 0.0000010 1.0823747 1.0697182 1.1527326 1.2454537 1.0868385 1.1467646 1.1233165 1.1570621 1.1495807 1.1688650 0.0000010 1.2030247 1.1417920 1.5108186 0.0000010 1.1535328 1.1730385 1.1939000 1.5706050 1.1775293 1.1846939 1.2449020 1.3079244 1.1227499 1.3343335 1.1446710 1.3798621 1.7082886 0.0000010 1.6066868 1.1369836 1.5693154 1.7587971 0.0000010 1.1951486 0.0000010 1.1810864 1.4041429 1.3937101 1.3895984 1.4029643 1.4075733 1.4571089 1.4860835 1.3286216 1.2789522 1.0935403 1.2496722 1.3345223 1.3330411 1.2932269 1.3083970 0.8266983 1.0523456 1.2121544 1.1167977 1.0507311 0.7891713 1.0911310 1.5921302 0.0000010 0.0000010 1.2398692 0.2204007 0.6240948 0.8270261 1.8627419 2.2889913 1.6038474 1.8576293 1.2256623 1.5794058 1.9985407 1.7624023 1.1900375 1.6858517 2.9891528 2.3310140 2.5871307 2.2791559 4.0582661 
Coeast_Cast_sb794953                                               0.0000010 0.0148356 0.0000000 0.0028572 0.0000010 0.2485530 0.6191502 0.0000010 0.0000010 0.4681203 0.6177752 0.5795802 0.6324521 0.5372440 0.6500190 0.6175226 0.5342671 0.6268088 0.5987044 0.8444962 0.5492778 1.4092392 1.3503790 6.0262495 1.1195118 1.1979269 1.1456224 0.0000010 1.1676868 1.1044544 1.3176350 1.4374672 1.1603230 1.2447937 1.2252940 1.2660103 1.2629825 1.3181694 0.0000010 1.2381099 1.2640618 1.7638635 0.0000010 1.3454950 1.4298436 1.4442890 0.0000010 1.3222980 1.4714073 1.5575082 1.5377137 2.1137487 0.0000010 1.4063990 1.4121982 2.0587247 0.0000010 1.9031223 0.0000010 1.7448850 1.9868414 0.0000010 0.0000010 0.0000010 1.4028601 1.4219765 1.4136747 1.4390719 1.4520492 1.5641170 1.6061048 1.6722680 1.4768152 1.3899150 1.0935403 2.9408593 3.3929998 3.0378662 1.3489642 1.2505223 1.7742484 3.4052167 1.6252748 1.2927463 1.0030571 0.8222068 1.2085015 1.7778149 0.0000010 0.0000010 1.7162816 0.0000010 0.0000010 1.6569865 0.0000010 2.6566723 1.6166505 4.1423932 3.3213643 3.5187054 3.0947964 1.9161058 1.1739040 1.6858517 3.0449223 1.7480830 3.3685508 8.3499372 2.1112919 
Coeast_Cast_sb794952                                               0.0000010 0.0076248 0.0028572 0.0000000 0.0000010 0.2485530 0.4855008 0.0000010 0.0000010 0.3361027 0.5016974 0.5795802 0.6407190 0.5506543 0.5314863 0.6175226 0.5342671 0.5205156 0.5987044 0.8444962 0.5277948 1.1309952 1.0941766 8.3972164 1.1195118 1.0281189 1.0146270 0.0000010 1.0073479 0.9710469 1.1042096 1.1556676 1.0059068 1.1147255 1.0859181 1.1160354 1.1089557 1.1122659 0.0000010 1.1939504 1.0941470 1.4781258 0.0000010 1.1375907 1.1753155 1.1915200 0.0000010 1.0766248 1.2484207 1.2908213 1.2827726 0.7543868 7.7684385 1.1564922 1.2444954 1.6990692 0.0000010 1.5849844 0.0000010 1.5329959 1.8073040 0.0000010 0.0000010 0.0000010 1.1932136 1.3576503 1.3522547 1.3609978 1.3713822 1.3953973 1.4688658 1.5042839 1.3056706 1.2326054 1.0935403 1.2212272 1.3345223 1.2974179 1.2399242 1.2505223 0.8878536 1.1059204 1.2984646 1.0911044 1.0030571 0.8222068 1.1035162 1.5638297 0.0000010 0.0000010 1.1219948 1.2995318 0.4083888 3.0302153 0.0000010 2.1940107 1.6166505 1.8576293 1.2256623 1.5794058 1.9537160 1.9161058 1.1739040 1.6858517 2.1157260 2.3680949 2.5243535 8.3499372 2.1112919 
Coeast_Cast_sb794955                                               2.2746939 0.0460312 0.0000010 0.0000010 0.0000000 0.0000010 0.4975752 0.0000010 0.0000010 0.4222105 0.4997721 0.0000010 0.0000010 0.0000010 0.5893293 0.0000010 0.0000010 0.5507027 0.0000010 0.0000010 0.0000010 1.4341482 1.4441547 0.0000010 0.0000010 1.2726647 1.2684026 0.0000010 1.3036419 1.2945573 1.3542969 1.4100275 1.2719909 1.2207015 1.2207015 1.2592377 1.2462581 1.3257348 0.0000010 1.1822407 1.2746175 1.6538022 0.0000010 1.2859750 1.2656424 1.2417190 4.3182491 1.4175600 1.2466022 1.2972502 2.4485447 1.2298114 1.2773714 1.1289314 1.5458217 1.8330219 0.0000010 1.7528846 0.0000010 1.7389254 1.7872692 0.0000010 1.3049792 0.0000010 1.2072540 1.6091863 1.6091863 1.5490832 1.5619867 1.5242007 1.5358831 1.5176918 1.5879421 1.6628908 0.0000010 1.5755544 0.0000010 1.3394329 1.3394329 9.0000000 0.6983837 0.8995416 1.0817944 1.2787837 0.0000010 0.0000010 0.0000010 1.5223418 0.0000010 0.0000010 1.3724519 0.1351021 0.6699492 0.6699492 1.8243177 0.0000010 0.0000010 0.0000010 0.0000010 0.0000010 0.0000010 0.0000010 0.0000010 0.0000010 2.7808884 0.0000010 0.0000010 1.8569997 4.3155468 
Vmul_sbMO446670                                                    0.0000010 0.2592836 0.2485530 0.2485530 0.0000010 0.0000000 0.5708826 7.9161104 1.5165054 0.3939754 0.5103243 0.4449739 0.4818486 0.4499900 0.5424469 0.5001595 0.3970832 0.5047042 0.5009373 0.7366541 0.4189045 1.1616597 1.1030898 3.1171326 0.8441637 0.9697899 1.0250430 0.0000010 0.9791764 0.9645512 1.0459540 1.1954263 0.9687705 0.9079553 0.8491281 0.8826722 0.8864766 0.9914254 1.9175403 0.9902511 0.9944978 1.2252416 2.2037539 0.9721526 1.1079655 1.0860795 1.5139333 1.1414679 1.1081712 1.1435996 1.1208662 2.2288959 2.2854548 1.0670415 1.2266345 1.7390244 0.0000010 1.6114332 1.0767421 1.4396275 1.5975945 0.0000010 1.0238109 5.1391466 1.1120513 1.1879670 1.1879670 1.2282104 1.2210616 1.2584143 1.4123569 1.4487553 1.1460538 1.0378787 0.8516895 1.6377976 0.0000010 2.9615659 1.2213641 1.2366755 0.0000010 0.0000010 1.1733339 1.0251949 0.9751666 0.6577209 0.8463804 1.5375214 2.4626347 1.5900883 2.1386700 0.0000010 2.4341542 2.4341542 0.0000010 1.6393068 1.5307175 2.4707461 2.1239465 0.0000010 1.9525111 1.8592335 1.1793498 1.6212182 0.0000010 1.6240525 2.1679585 4.7756612 2.1112919 
Horcal_Hcv1.av93.c10.g353.i1                                       2.7373787 0.4707190 0.6191502 0.4855008 0.4975752 0.5708826 0.0000000 0.0000010 0.0135180 0.2761163 0.2317308 0.2458932 0.3087015 0.2145271 0.2562907 0.2528955 0.2742382 0.0076136 0.0000010 0.0000010 0.4899389 0.9401659 0.9524427 0.8448166 0.0000010 0.9041350 0.9319716 0.4720602 0.9166542 0.9104070 0.9093530 1.0172562 0.8979008 0.8831790 1.1091896 0.8651303 0.8712456 0.8814530 0.3504119 0.8077837 0.8983125 1.1582355 0.5268581 0.8870165 0.9193127 0.9112199 0.7050292 0.9460594 0.9093039 0.9462273 1.3643279 0.6450370 0.7009624 0.9159801 1.0636899 1.2541363 0.5471526 1.2156467 0.6735349 1.1838768 1.3095455 0.4348861 0.6945153 0.8850095 0.9330463 1.1031391 1.0563041 1.0637009 1.0974982 1.0664960 1.0680624 1.0829151 1.0605442 1.0295478 0.0000010 0.9157981 1.4315181 0.9127870 1.0000848 1.4564337 0.8586720 1.0491723 1.0862674 1.1923848 1.5448122 0.7314165 1.1866551 1.4846917 0.3568232 0.3724372 1.1940293 0.8732610 0.6223123 0.8413405 1.7609793 2.2146924 1.9952373 1.6682462 1.3096906 1.6775581 1.6829960 0.0000010 1.4496189 0.0000010 2.8221970 1.9217074 2.0730759 2.6957401 2.4731004 
Pbac_sb2669706                                                     1.5112833 0.0000010 0.0000010 0.0000010 0.0000010 7.9161104 0.0000010 0.0000000 0.0000010 0.1272216 0.1746944 0.0000010 0.0000010 0.0000010 0.1426800 0.0000010 0.0000010 0.0000010 0.0000010 0.0000010 0.0000010 0.4676446 0.4776416 0.6348700 0.0000010 0.4823267 0.4330845 0.4720602 0.4426398 0.4413079 0.4148108 0.4408246 0.4303057 0.3346665 0.0000010 0.3401842 0.3401842 0.3371378 0.3504119 0.3475174 0.3808646 0.4605846 0.5268581 0.4097146 0.4125179 0.4146996 0.4296986 0.5163071 0.3688463 0.3796314 0.7778576 0.3859407 0.3859407 0.3361000 0.4431842 0.5533112 0.5471526 0.5874502 0.5845738 0.6177907 0.5932463 0.4348861 0.3728081 0.7774125 0.3474086 0.4769759 0.3967460 0.4040436 0.5077428 0.4316516 0.4439198 0.4410597 0.4611679 0.4464435 0.0000010 0.4249589 0.0000010 0.4348513 0.3983324 0.0000010 0.0000010 0.0000010 0.9527391 0.0000010 0.0000010 0.0000010 0.0000010 0.0000010 0.3568232 0.3724372 0.3442534 2.7466655 3.3207515 3.3207515 0.0000010 0.0000010 0.0000010 0.0000010 0.0000010 6.3528861 0.0000010 0.0000010 0.0000010 0.0000010 2.6768972 0.0000010 0.0000010 8.9999989 1.9472815 
Pbac_sb2644587                                                     3.7140199 0.3092869 0.0000010 0.0000010 0.0000010 1.5165054 0.0135180 0.0000010 0.0000000 0.3432794 0.2224884 0.0000010 0.0000010 0.0000010 0.2687533 0.0000010 0.0000010 0.0000010 0.0000010 0.0000010 0.0000010 1.0247138 1.0250955 0.0000010 0.0000010 1.1126963 1.1630777 0.0000010 0.9448219 1.1045556 0.9661287 1.0096785 1.0550320 0.9971186 0.9971186 1.0538450 1.0538450 1.0416159 0.0000010 1.0426660 0.9271786 1.1699407 0.0000010 0.9108288 0.9431399 1.0026418 1.2300176 1.0902754 0.8828766 0.9203564 0.0000010 0.9849164 0.9849164 1.0311124 1.4720250 1.5983030 0.0000010 1.4791215 0.9398267 1.5210960 1.4102736 0.0000010 0.9171652 0.0000010 0.9989183 1.1500413 1.0305171 0.9730536 1.0711282 1.0381790 0.9814845 0.9730536 1.0373741 0.9872416 0.0000010 1.0341681 0.0000010 1.1824676 1.1824676 0.0000010 0.0000010 0.0000010 0.0000010 0.0000010 0.0000010 0.0000010 0.0000010 2.3847968 0.0000010 0.0000010 1.2363471 0.0000010 0.6973466 0.6973466 1.2106281 0.0000010 0.0000010 0.0000010 0.0000010 0.0000010 0.0000010 0.0000010 0.0000010 0.0000010 9.0000000 0.0000010 0.0000010 2.7060830 0.0000010 
Lampan_Lpan_C420487_01                                             2.6406907 0.3465362 0.4681203 0.3361027 0.4222105 0.3939754 0.2761163 0.1272216 0.3432794 0.0000000 0.2588311 0.3868762 0.4220134 0.4250163 0.2988153 0.3684440 0.3085926 0.3309502 0.2909366 0.4669865 0.3599160 0.8730328 0.8689631 0.8249565 0.6991494 0.8094965 0.8140971 0.3779666 0.8170324 0.8103891 0.8057481 0.9149327 0.8182690 0.8005716 0.9522408 0.7897911 0.7901693 0.8161862 0.3591947 0.7595972 0.8046307 1.0225006 0.4686558 0.8275831 0.8568955 0.8540044 0.6934167 0.8319928 0.8678507 0.8945608 1.1836901 0.6845111 0.7341099 0.8531206 0.9730422 1.2191796 0.5338699 1.1299006 0.7258473 1.1074809 1.2272370 0.4286583 0.6692822 0.8626257 0.8669291 1.0512108 1.0139723 0.9960952 1.0451407 1.0189545 1.0683266 1.0655495 0.9591816 0.9629886 0.6722010 0.8865673 1.2818371 0.8956376 0.9274443 1.1466764 0.7908571 0.9363668 1.0524143 1.0420726 1.0050697 0.6268249 0.9574943 1.3723578 0.3849449 0.3100040 1.1142255 0.6910462 0.6155410 0.8682334 1.5015818 2.3141158 1.6662267 1.7700278 1.1477920 1.6848065 1.8241459 2.4339487 1.0957050 1.4834453 2.6118881 1.9877872 2.2148636 2.6459724 2.2313909 
Mlei_ML0252.g8.i1                                                  2.6064420 0.4762594 0.6177752 0.5016974 0.4997721 0.5103243 0.2317308 0.1746944 0.2224884 0.2588311 0.0000000 0.0000010 0.0758117 0.0870827 0.1992639 0.1988667 0.2240363 0.2804741 0.3122168 0.4461919 0.4319321 0.9307177 0.9181066 0.9238574 0.6040562 0.8054168 0.8151243 0.4001273 0.8039598 0.7831687 0.8159567 0.9402601 0.8194035 0.7885246 0.9453662 0.7859322 0.7844221 0.7989925 0.3465323 0.7527414 0.7954830 1.0439656 0.4389517 0.8383473 0.8437570 0.8579151 0.6385165 0.8563205 0.8696883 0.8949124 1.1611409 0.6978909 0.7543276 0.8559939 1.0208404 1.2009769 0.5474797 1.1508000 0.6890399 1.1408617 1.2324188 0.4353701 0.6891952 0.7956686 0.8901637 0.9997452 0.9656728 0.9626552 1.0041643 1.0046299 1.0226942 1.0340855 0.9682844 0.9678962 0.5674833 0.8618684 1.1452859 0.9026292 0.9526150 1.2213875 0.7888197 0.9578733 1.1005881 1.0100377 1.0467585 0.6158469 0.8967700 1.3769485 0.3552598 0.2865428 1.1775324 0.8132000 0.6048732 0.8500743 1.6231500 2.3066260 1.8529677 1.6760582 1.2589520 1.6825302 2.0820114 1.3850148 1.2588048 1.1675705 3.0128669 2.2353916 2.4527906 2.7712937 2.3347909 
Vmul_sbMO418930                                                    0.0000010 0.5738816 0.5795802 0.5795802 0.0000010 0.4449739 0.2458932 0.0000010 0.0000010 0.3868762 0.0000010 0.0000000 0.0622684 0.0783991 0.1801323 0.1801323 0.2240363 0.2914275 0.3122168 0.4461919 0.3813537 1.1290087 1.0250488 7.9191134 0.6040562 0.8600233 0.9186446 0.0000010 0.9236590 0.8912636 0.9503424 1.1215125 0.9368200 0.7717524 0.7801549 0.8038267 0.7815220 0.8265771 0.0000010 0.8455386 0.9208487 1.2277357 0.0000010 0.9290831 0.9301464 0.9130132 0.0000010 1.0170995 1.0417582 1.0963741 1.0727910 2.6398983 0.0000010 1.0692000 1.1382329 1.6637815 0.0000010 1.5139207 0.0000010 1.4317151 1.4709725 0.0000010 0.0000010 0.0000010 1.1034642 1.0862094 1.0862094 1.1095342 1.1101504 1.2835625 1.2953349 1.3504081 1.1316801 1.0229708 0.5674833 0.0000010 0.0000010 6.0643443 1.1056260 1.1638587 0.0000010 0.0000010 1.2153901 0.9860179 1.0467585 0.6158469 0.7315280 1.3927765 0.0000010 0.0000010 3.4701748 0.0000010 0.0000010 0.0000010 0.0000010 2.7870664 1.8073987 0.0000010 0.8682239 0.0000010 2.8417436 1.3850148 1.2588048 1.1675705 0.0000010 1.4014845 1.9086703 4.8091507 0.0000010 
Bolinf_Binf_sb1258795                                              0.0000010 0.6335716 0.6324521 0.6407190 0.0000010 0.4818486 0.3087015 0.0000010 0.0000010 0.4220134 0.0758117 0.0622684 0.0000000 0.0105117 0.2121145 0.1739474 0.2441785 0.3220315 0.2837431 0.4145841 0.3640512 1.2566073 1.1878114 9.0000000 0.6515321 0.9417990 0.9912212 0.0000010 0.9764973 0.9339494 1.0319884 1.2492395 1.0494740 0.9121488 0.9008914 0.9258811 0.9038719 0.9540044 0.0000010 0.9848961 1.0171130 1.4054011 0.0000010 1.0095050 1.0611210 1.0193390 0.0000010 1.0246721 1.1014901 1.2279865 1.1848559 2.4054924 0.0000010 1.1820357 1.2417012 1.8165882 0.0000010 1.6193465 0.0000010 1.4755172 1.5453067 0.0000010 0.0000010 0.0000010 1.2013084 1.2054387 1.2054387 1.2203891 1.2338450 1.3714281 1.4266578 1.4410139 1.2326804 1.2213118 0.6286456 4.5606987 4.7877714 2.9009025 1.1962609 1.2166499 0.0000010 0.0000010 1.3631967 1.0980997 1.0281307 0.6253623 0.8723876 1.5138055 0.0000010 0.0000010 3.9918085 0.0000010 0.0000010 0.0000010 0.0000010 2.3190187 1.7438481 2.4056267 2.2241009 1.7798926 2.8195901 1.2838926 1.3207013 1.2856918 0.0000010 2.0842609 2.9236106 2.5926323 3.9959541 
Mertsp_Mesp_sb559875                                               0.0000010 0.5490204 0.5372440 0.5506543 0.0000010 0.4499900 0.2145271 0.0000010 0.0000010 0.4250163 0.0870827 0.0783991 0.0105117 0.0000000 0.1600665 0.1562156 0.2931598 0.2638374 0.3262939 0.3262939 0.3887049 1.3348393 1.2729201 7.9191134 0.8112835 1.1076094 1.3000391 0.0000010 1.2094711 1.0685241 1.2765331 1.4913304 1.2875493 1.1119781 1.0810698 1.1085180 1.0821188 1.1406254 0.0000010 1.0341776 1.2798463 1.7910703 0.0000010 1.1561246 1.2633659 1.1436755 0.0000010 1.2753855 1.1399136 1.3312691 1.2707843 0.0000010 0.0000010 1.2880263 1.5669993 2.2382311 0.0000010 1.9809419 0.0000010 1.7580745 1.8445601 0.0000010 0.0000010 0.0000010 1.2639296 1.4407586 1.4407586 1.5102309 1.4730653 1.4911538 1.4394383 1.5102309 1.5989263 1.5555834 1.3549585 2.6121330 4.7877714 2.0470989 1.3160816 1.3273756 0.0000010 0.0000010 1.1025393 1.2456221 1.1794814 0.8809970 1.0238764 1.8018975 0.0000010 0.0000010 4.3978797 0.0000010 0.0000010 0.0000010 0.0000010 2.9776725 1.8367167 1.7798926 3.6001535 1.7798926 2.2675735 0.7301170 1.4032662 4.2853992 0.0000010 2.1180017 2.4716338 2.5926323 0.0000010 
Beraby_Baby_sb350566                                               2.9339687 0.5317072 0.6500190 0.5314863 0.5893293 0.5424469 0.2562907 0.1426800 0.2687533 0.2988153 0.1992639 0.1801323 0.2121145 0.1600665 0.0000000 0.0033399 0.2368930 0.3122578 0.3367904 0.4949863 0.4555724 0.9396258 0.9292813 0.7550214 0.7121886 0.8374831 0.8495307 0.4333436 0.8680096 0.8728837 0.8586205 0.9511018 0.8549510 0.8316758 0.9742098 0.8238610 0.8196759 0.8401888 0.3811957 0.7866024 0.8269252 1.0782338 0.4310900 0.8361027 0.9027390 0.9080341 0.6824522 0.8737801 0.8943893 0.9354858 1.1690332 0.7218479 0.7619763 0.9016967 1.0096057 1.2471291 0.5864854 1.1880339 0.6892274 1.1515828 1.2248739 0.4636936 0.7276902 0.7846654 0.9434431 1.0127320 1.0011293 1.0021368 1.0106352 1.0170210 1.0422035 1.0604583 1.0223434 0.9850831 0.7901954 0.9091628 1.1860693 0.8852551 0.9583932 1.2322850 0.9216912 0.9958336 1.1055464 1.0122632 1.0230443 0.6638903 0.9713067 1.3996279 0.3511183 0.3091927 1.1439302 0.9503158 0.7125045 0.9838491 1.5741965 2.3272218 1.8245151 1.7345774 1.2427101 1.4783191 1.8713466 1.2757948 1.4744086 1.4273970 2.6389881 2.1894864 2.3628401 2.0833348 2.4525176 
Beraby_Baby_sb350568                                               0.0000010 0.6186738 0.6175226 0.6175226 0.0000010 0.5001595 0.2528955 0.0000010 0.0000010 0.3684440 0.1988667 0.1801323 0.1739474 0.1562156 0.0033399 0.0000000 0.2368930 0.3065202 0.3367904 0.4949863 0.4172305 1.1785279 1.0978661 0.9469421 0.7121886 0.9250831 1.0172516 0.0000010 0.9402476 0.9551149 1.0180326 1.1443419 0.9868066 0.8791424 0.8707826 0.8748547 0.8539399 0.9047849 0.0000010 0.9337554 0.9410049 1.2984464 0.0000010 0.9163164 1.0589155 1.0222378 0.0000010 0.9618799 1.0460246 1.1167157 1.1012860 1.6733253 0.0000010 1.0940658 1.1633413 1.6632927 0.0000010 1.5079129 0.0000010 1.3131668 1.3683549 0.0000010 0.0000010 0.0000010 1.0792088 1.1599313 1.1599313 1.1584264 1.1461741 1.2880073 1.3460605 1.3940198 1.1842013 1.1465634 0.7901954 2.2478257 0.0000010 3.2916358 1.1449667 1.2156744 0.0000010 0.0000010 1.2479439 1.0402787 1.0230443 0.6638903 0.8277663 1.3649878 0.0000010 0.0000010 2.8480858 0.0000010 9.0000000 9.0000000 0.0000010 1.6257971 1.6803082 0.9657671 3.2776788 0.0000010 2.2083791 1.2757948 1.4744086 1.4273970 0.0000010 1.5669637 2.2760616 3.4506752 3.9959541 
Mertsp_Mesp_sb580007                                               0.0000010 0.5272452 0.5342671 0.5342671 0.0000010 0.3970832 0.2742382 0.0000010 0.0000010 0.3085926 0.2240363 0.2240363 0.2441785 0.2931598 0.2368930 0.2368930 0.0000000 0.2860067 0.2895742 0.4842506 0.3128871 1.0042830 0.9462404 7.9191134 0.6643783 0.9085021 0.9108500 0.0000010 0.8910099 0.9131213 0.9727355 1.0812620 0.9487459 0.8246321 0.8143052 0.8042462 0.7895649 0.8293154 0.0000010 0.8930859 0.9586131 1.2797310 0.0000010 0.9368670 0.9683628 0.9300629 0.0000010 1.0072928 1.0520144 1.0842976 1.0610730 3.6489326 0.0000010 1.0576164 1.0551146 1.6446663 0.0000010 1.4141353 0.0000010 1.4120322 1.4473868 0.0000010 0.0000010 0.0000010 1.0703866 1.1263597 1.1263597 1.1102744 1.0991377 1.2120862 1.2848447 1.3350346 1.0877589 1.0284165 0.6156741 0.0000010 0.0000010 4.1530079 1.0993359 1.1745810 0.0000010 0.0000010 1.2462430 1.0274676 1.0900566 0.5740781 0.7630842 1.3751290 0.0000010 0.0000010 2.7212508 0.0000010 0.0000010 0.0000010 0.0000010 1.7577064 1.9078069 0.0000010 0.8682239 0.0000010 4.4849495 1.6582751 1.2819384 1.3546536 0.0000010 1.3027204 1.6059470 4.4615371 0.0000010 
Pbac_sb2669704                                                     3.3617536 0.5201658 0.6268088 0.5205156 0.5507027 0.5047042 0.0076136 0.0000010 0.0000010 0.3309502 0.2804741 0.2914275 0.3220315 0.2638374 0.3122578 0.3065202 0.2860067 0.0000000 0.0000010 0.1103930 0.4609697 1.1064737 1.0928727 7.0834042 0.8068174 0.9437828 0.9995864 0.0000010 0.9823530 0.9884657 1.0505210 1.1776105 0.9674347 1.0016325 1.0032137 0.9639566 0.9703086 1.0127204 0.0000010 0.9788146 1.0233356 1.4143223 0.0000010 1.0166215 1.0706293 1.0541747 0.0000010 1.0141020 1.0962606 1.1575857 1.2818927 0.7366050 0.9931429 1.1260800 1.2770670 1.4872540 0.0000010 1.3784870 0.0000010 1.3073884 1.5262956 0.0000010 0.9002632 0.0000010 1.1129736 1.2845953 1.2712292 1.2794581 1.2678173 1.3119610 1.3666916 1.3874283 1.2212586 1.1892320 0.6443569 1.0429053 1.4315181 1.1797265 1.1891271 1.2378333 0.8586720 1.0358273 1.1737380 1.0851046 1.2092302 0.6065717 0.9965578 1.2987594 0.0000010 0.0000010 1.2876708 1.1846261 0.3628739 0.5944826 1.4828945 2.2569025 1.9645111 1.6447090 1.3002098 1.5913011 1.8276615 0.8067917 1.4590018 1.3996398 2.0815289 1.9552407 2.0481216 1.6802487 3.7085902 
Horcal_Hcv1.av93.sca17.g1.i1                                       0.0000010 0.6475196 0.5987044 0.5987044 0.0000010 0.5009373 0.0000010 0.0000010 0.0000010 0.2909366 0.3122168 0.3122168 0.2837431 0.3262939 0.3367904 0.3367904 0.2895742 0.0000010 0.0000000 0.1103930 0.3283272 0.9731020 0.8333281 9.0000000 0.8068174 0.7160346 0.6538936 0.0000010 0.7006460 0.7740080 0.8315123 0.8507856 0.7960143 0.5830753 0.6383217 0.6255666 0.6099038 0.6262705 0.0000010 0.7896839 0.7077981 0.9164522 0.0000010 0.7763190 0.8285602 0.8294557 0.0000010 0.8009753 1.0187306 0.9920684 1.0166105 1.8328725 0.0000010 0.9812897 0.9498303 1.1372918 0.0000010 0.8998897 0.0000010 0.9191607 0.8721342 0.0000010 0.0000010 0.0000010 0.9792998 0.8433949 0.8433949 0.8503921 0.8898792 0.8281228 1.3301218 1.2740337 0.7223156 0.7229445 0.6443569 0.0000010 0.0000010 9.0000000 0.8626299 0.8150793 0.0000010 0.0000010 2.1743346 0.7084612 0.6250572 0.5891929 0.5547369 0.8860711 0.0000010 0.0000010 4.1690998 0.0000010 0.0000010 0.0000010 0.0000010 0.0000010 0.0000010 0.0000010 0.8682239 0.0000010 3.8034954 5.3071815 1.3242784 1.3996398 0.0000010 0.0000010 0.0000010 0.0000010 0.0000010 
Horcal_Hcv1.av93.sca17.g1.i2                                       0.0000010 0.9302899 0.8444962 0.8444962 0.0000010 0.7366541 0.0000010 0.0000010 0.0000010 0.4669865 0.4461919 0.4461919 0.4145841 0.3262939 0.4949863 0.4949863 0.4842506 0.1103930 0.1103930 0.0000000 0.5246223 1.1423703 1.0211191 9.0000000 0.8068174 0.9137193 0.9114321 0.0000010 0.8905025 1.0192228 1.0936513 1.1118140 0.9908534 0.7979184 0.8489955 0.8314134 0.8128656 0.8461124 0.0000010 0.7429016 0.9662834 1.1763976 0.0000010 1.0755925 1.0710852 1.1147141 0.0000010 1.0553838 1.3079071 1.2403722 1.2747030 1.8328725 0.0000010 1.1524555 1.2511780 1.1785924 0.0000010 0.9131286 0.0000010 0.9960509 0.9526675 0.0000010 0.0000010 0.0000010 1.2129953 1.0784882 1.0784882 1.0844073 1.1338251 0.8281228 1.2657446 1.1579004 1.0064204 0.9701993 0.6443569 0.0000010 0.0000010 9.0000000 1.1582280 1.1983496 0.0000010 0.0000010 3.2166821 0.9953060 0.6250572 0.5891929 0.7669841 0.9404604 0.0000010 0.0000010 4.1690998 0.0000010 0.0000010 0.0000010 0.0000010 0.0000010 0.0000010 0.0000010 0.8682239 0.0000010 6.5517320 5.3071815 1.5577794 2.0137118 0.0000010 0.0000010 0.0000010 0.0000010 0.0000010 
Eupdun_Edun_sb10656521                                             0.0000010 0.5277693 0.5492778 0.5277948 0.0000010 0.4189045 0.4899389 0.0000010 0.0000010 0.3599160 0.4319321 0.3813537 0.3640512 0.3887049 0.4555724 0.4172305 0.3128871 0.4609697 0.3283272 0.5246223 0.0000000 1.2347114 1.1840002 8.9999982 0.6413601 0.9844683 0.9959015 0.0000010 0.9857130 0.9378197 1.0569289 1.2184899 0.9938471 0.9857684 0.9784821 0.9640571 0.9511068 1.0710432 0.0000010 0.9785456 1.0849822 1.4017452 0.0000010 1.0862431 1.1273886 1.1224133 0.0000010 1.0800024 1.1326442 1.1911559 1.1673347 1.2565731 0.0000010 1.0636116 1.2218388 1.9221622 0.0000010 1.5162038 0.0000010 1.5682788 1.6570094 0.0000010 0.0000010 0.0000010 1.0913541 1.1918040 1.1843263 1.2179654 1.2217313 1.2697039 1.3653160 1.3851716 1.2468172 1.2079398 0.6660521 1.9636637 1.5453623 1.5322238 1.1174609 1.1992760 0.0000010 0.0000010 1.3188047 1.1950583 0.9550551 0.6029236 0.9541898 1.5101382 0.0000010 9.0000000 2.1278895 0.0000010 0.0000010 0.0000010 0.0000010 1.6182586 1.4558364 2.2401610 1.9645084 1.8511244 1.9140546 1.9855508 1.0999911 1.5632379 2.6969894 2.2483522 2.8185146 6.0494437 2.4659840 
Emue_Em0005g215a.t1                                                1.8607046 1.1710933 1.4092392 1.1309952 1.4341482 1.1616597 0.9401659 0.4676446 1.0247138 0.8730328 0.9307177 1.1290087 1.2566073 1.3348393 0.9396258 1.1785279 1.0042830 1.1064737 0.9731020 1.1423703 1.2347114 0.0000000 0.0996173 0.1495615 0.0927966 0.5921672 0.6485765 0.3419629 0.5992124 0.6494028 0.6302319 0.6164145 0.5930750 0.5292910 0.6297565 0.5464696 0.5433820 0.5659537 0.2507792 0.5379185 0.5428284 0.7865760 0.3412197 0.5363650 0.5723032 0.5610566 0.3223947 0.6266607 0.6293559 0.6513368 0.9032559 0.4614339 0.4791974 0.6683819 0.7007676 0.9661089 0.4404762 0.9323602 0.4351280 0.9068982 1.0104666 0.3985127 0.4344119 0.5219866 0.6366783 0.7617968 0.7300874 0.7442185 0.7603672 0.7474566 0.7675194 0.7854760 0.5947303 0.5209351 0.3894333 0.4356025 0.6575772 0.6347154 0.7154577 0.9892338 0.6221630 0.7144763 0.8155126 0.6017479 0.5795810 0.5665059 0.7104195 1.0519603 0.3407633 0.5616174 0.8762156 1.8408328 0.9325216 1.2370866 0.7879252 1.5381174 1.3797149 1.1631304 0.9477969 0.7633330 1.3065333 3.6402021 1.0846702 1.3535038 1.5276499 2.1222649 1.7866303 2.1906663 2.2097171 
Spolac_c104436_g1_i3_m.40463c104436-g1                             1.8998152 1.1551164 1.3503790 1.0941766 1.4441547 1.1030898 0.9524427 0.4776416 1.0250955 0.8689631 0.9181066 1.0250488 1.1878114 1.2729201 0.9292813 1.0978661 0.9462404 1.0928727 0.8333281 1.0211191 1.1840002 0.0996173 0.0000000 0.0779494 0.0455449 0.5984085 0.6426024 0.3333596 0.6017313 0.6534328 0.6322097 0.6311654 0.6155964 0.5465246 0.6511324 0.5490314 0.5468457 0.5786942 0.2334535 0.5459848 0.5553036 0.7689012 0.3434676 0.5641258 0.5495485 0.5515295 0.3334619 0.6429025 0.6251771 0.6505066 0.8866445 0.4508615 0.4595191 0.6936864 0.6959893 0.9522981 0.4219623 0.9012084 0.4688999 0.9028440 0.9958518 0.3613463 0.4636740 0.4874782 0.6563380 0.7472205 0.7198929 0.7258664 0.7417611 0.7400826 0.7505349 0.7680952 0.5614581 0.5035318 0.4214329 0.4285576 0.6053478 0.6588016 0.7220613 0.9978429 0.6081469 0.6732339 0.7930114 0.5791024 0.5097524 0.5440204 0.7261937 1.0713008 0.3540117 0.5624712 0.9245837 1.6485000 0.9699359 1.2173711 0.7714427 1.5956029 1.4200138 1.2843993 0.8981147 0.8163190 1.3155240 3.3913544 1.0839182 1.2152192 2.0554585 2.2517157 1.9914078 2.0095258 2.2851013 
Spolac_c104436_g1_i4_m.40467c104436-g1                             0.0000010 8.9999990 6.0262495 8.3972164 0.0000010 3.1171326 0.8448166 0.6348700 0.0000010 0.8249565 0.9238574 7.9191134 9.0000000 7.9191134 0.7550214 0.9469421 7.9191134 7.0834042 9.0000000 9.0000000 8.9999982 0.1495615 0.0779494 0.0000000 7.9191134 0.4222212 0.5518219 0.0000010 0.4813676 0.5482921 0.4738669 0.5640398 0.6177721 0.4468199 6.4938239 0.4393459 0.4393459 0.4486178 0.2768084 0.3664628 0.4506252 0.4317032 0.3374497 0.4447412 0.5466384 0.5538241 0.2999923 0.3979995 0.5277075 0.5864015 7.3110427 0.3667476 0.3667476 0.5349402 0.4015921 0.6927941 0.0000010 0.6818669 0.3317942 0.7113654 0.6308683 0.0000010 0.3872215 0.4785206 0.6178551 0.5880229 0.5880229 0.6234668 0.5937417 0.6152551 0.6077320 0.6234668 0.6673102 0.5357120 7.9191134 0.6765781 3.0434926 0.4557694 0.5465358 3.3579068 0.0000010 9.0000000 4.5707321 3.7185425 7.9191134 7.9191134 6.7093891 8.9999982 0.7622013 0.5468538 0.5995563 0.0000010 1.1306678 1.1306678 0.0000010 8.6904304 5.3449049 2.6152120 3.2543031 0.0000010 1.3629864 0.0000010 7.9191134 0.0000010 0.0000010 8.9999987 8.9999986 0.0000010 0.0000010 
Spolac_c104436_g1_i1_m.40458c104436-g1                             0.0000010 1.2031736 1.1195118 1.1195118 0.0000010 0.8441637 0.0000010 0.0000010 0.0000010 0.6991494 0.6040562 0.6040562 0.6515321 0.8112835 0.7121886 0.7121886 0.6643783 0.8068174 0.8068174 0.8068174 0.6413601 0.0927966 0.0455449 7.9191134 0.0000000 0.5119271 0.5393785 0.0000010 0.5926917 0.5578327 0.5351364 0.4885931 0.5675538 0.4185004 0.4185004 0.4167685 0.4167685 0.4106507 0.0000010 0.3426281 0.4085463 0.7114099 0.0000010 0.5128917 0.4719331 0.4656818 0.0000010 0.5880541 0.6026338 0.6007248 0.6084203 3.3827851 0.0000010 0.6921014 0.6274856 0.8113842 0.0000010 0.6128923 0.0000010 0.5897968 0.7010443 0.0000010 0.0000010 0.0000010 0.5556522 0.5619967 0.5619967 0.4915425 0.4915425 0.4539065 0.4915425 0.4915425 0.4636602 0.3744325 0.3602303 0.0000010 0.0000010 0.0000010 0.5380020 0.5999113 0.0000010 0.0000010 4.7649705 0.3035006 0.1208031 0.3650372 0.4100873 0.5014246 0.0000010 0.0000010 5.2260872 0.0000010 0.0000010 0.0000010 0.0000010 0.0000010 0.0000010 0.0000010 0.8682239 0.0000010 0.0000010 2.1497454 1.0609107 1.3285255 0.0000010 0.0000010 0.0000010 0.0000010 0.0000010 
Cgig_XM_011422227.3                                                1.8926633 1.0972776 1.1979269 1.0281189 1.2726647 0.9697899 0.9041350 0.4823267 1.1126963 0.8094965 0.8054168 0.8600233 0.9417990 1.1076094 0.8374831 0.9250831 0.9085021 0.9437828 0.7160346 0.9137193 0.9844683 0.5921672 0.5984085 0.4222212 0.5119271 0.0000000 0.2987885 0.0884057 0.1908667 0.2425256 0.2795682 0.4359664 0.2950159 0.3758677 0.4033102 0.3677859 0.3680549 0.4050090 0.2696048 0.3761718 0.3655161 0.6007460 0.1790629 0.3866246 0.4535063 0.4926478 0.4429174 0.3394268 0.5141980 0.5197814 0.7016072 0.3840824 0.3901411 0.5330601 0.5635000 0.9139473 0.4144928 0.8625676 0.3601274 0.8483730 0.9561645 0.5520058 0.3836968 0.3349691 0.4843771 0.6300139 0.6021632 0.6202115 0.6501685 0.6475916 0.6745952 0.6766168 0.6545413 0.6230185 0.6641351 0.6161790 0.6520787 0.5818897 0.5967501 0.6711524 0.7353999 0.6637248 0.4972369 0.6427459 0.4417246 0.3666404 0.4717219 1.0089201 0.3138708 0.5685009 0.8937239 1.5289884 0.8555855 1.1046644 0.2059250 1.4786416 0.3171417 0.4306869 1.0476586 0.8709192 1.2044378 3.5680627 0.8797270 1.1258008 1.6160966 1.6726295 1.8348421 1.6706822 1.8757996 
Bralan_BLAG04001243_1                                              2.0446715 1.0924018 1.1456224 1.0146270 1.2684026 1.0250430 0.9319716 0.4330845 1.1630777 0.8140971 0.8151243 0.9186446 0.9912212 1.3000391 0.8495307 1.0172516 0.9108500 0.9995864 0.6538936 0.9114321 0.9959015 0.6485765 0.6426024 0.5518219 0.5393785 0.2987885 0.0000000 0.0821456 0.2975172 0.3248574 0.3325491 0.4452096 0.3158988 0.4086383 0.4755588 0.4139556 0.4072556 0.4334802 0.2098238 0.3892478 0.4043755 0.6088469 0.1586026 0.4293584 0.4810379 0.4884361 0.4128272 0.3518257 0.5202158 0.5569347 0.7634823 0.4073076 0.4217011 0.5861157 0.5720420 0.8944643 0.3601777 0.8677967 0.3871549 0.8399376 0.9302293 0.3312537 0.4056065 0.2721394 0.5285960 0.6859017 0.6583594 0.6518660 0.6809482 0.6589652 0.7054287 0.7067603 0.6535931 0.6275821 0.5845086 0.6351190 0.6783861 0.5569738 0.5906505 0.7696248 0.5655673 0.6884988 0.5341751 0.6406087 0.4434734 0.4042283 0.5644175 1.0596349 0.2963772 0.5639093 0.8761993 1.5505978 0.9430931 1.2042169 0.3445398 1.6494885 0.4540959 0.7364381 0.8909920 0.9729064 1.2958305 3.0692587 0.9657896 1.1653287 1.6617703 1.8367442 2.0452729 1.7035996 1.9814968 
Lcom_lcpid201869                                                   0.0000010 0.0000010 0.0000010 0.0000010 0.0000010 0.0000010 0.4720602 0.4720602 0.0000010 0.3779666 0.4001273 0.0000010 0.0000010 0.0000010 0.4333436 0.0000010 0.0000010 0.0000010 0.0000010 0.0000010 0.0000010 0.3419629 0.3333596 0.0000010 0.0000010 0.0884057 0.0821456 0.0000000 0.0674777 0.0681943 0.1410661 0.1064204 0.1125228 0.2867075 0.0000010 0.2472667 0.2472667 0.2435449 0.2653041 0.2679373 0.1971329 0.2157290 0.0000010 0.3191893 0.2813949 0.2581488 0.2770504 0.2154985 0.2938735 0.3294445 0.5361059 0.3579845 0.3579845 0.2407615 0.1895509 0.4218495 0.5050122 0.4931348 0.0000010 0.5372176 0.5209604 0.5255729 0.3292443 0.0000010 0.1713906 0.6029983 0.3196312 0.3273078 0.6644085 0.4731625 0.5307799 0.5063261 0.3153878 0.3710981 0.0000010 0.3356260 0.0000010 0.6162776 0.3934932 0.0000010 0.0000010 0.0000010 0.9527391 0.0000010 0.0000010 0.0000010 0.0000010 0.0000010 0.3538311 1.0367081 0.0000010 4.3262582 0.3659327 0.3659327 0.0000010 0.0000010 0.0000010 0.0000010 0.0000010 2.5516548 0.0000010 0.0000010 0.0000010 0.0000010 0.0000010 0.0000010 0.0000010 8.9049889 1.6723582 
Acagra_model.g6240.t1                                              1.8932721 1.0823747 1.1676868 1.0073479 1.3036419 0.9791764 0.9166542 0.4426398 0.9448219 0.8170324 0.8039598 0.9236590 0.9764973 1.2094711 0.8680096 0.9402476 0.8910099 0.9823530 0.7006460 0.8905025 0.9857130 0.5992124 0.6017313 0.4813676 0.5926917 0.1908667 0.2975172 0.0674777 0.0000000 0.2360217 0.2724372 0.4183061 0.2775484 0.3691284 0.4105693 0.3745235 0.3708927 0.3906013 0.2177196 0.3757869 0.3638223 0.5759244 0.1913828 0.3913780 0.4319044 0.4659606 0.3800448 0.3118610 0.4989149 0.5146245 0.7127275 0.3803900 0.3986399 0.5291139 0.5367163 0.8985114 0.3281207 0.8535743 0.4705172 0.8340274 0.9560217 0.3816143 0.3584800 0.3941852 0.5033267 0.6367174 0.6092574 0.6185506 0.6531447 0.6373899 0.6671425 0.6717523 0.6522905 0.6189137 0.7180398 0.6262930 0.6901056 0.5803631 0.5792902 0.6418019 0.5652646 0.6163501 0.5348078 0.5999756 0.4432998 0.3273226 0.5453724 1.0069480 0.2630603 0.5590602 0.8909420 1.5065366 0.8625716 1.1316849 0.2065913 1.5490085 0.3822390 0.4975216 1.0260348 1.0187683 1.3799911 3.9110447 0.8540752 1.2469129 1.9147272 1.7243835 1.9806665 1.6841521 1.8129287 
Ctel_gnl_WGS_AMQN_CAPTEDRAFT_mRNA156336                            2.0352567 1.0697182 1.1044544 0.9710469 1.2945573 0.9645512 0.9104070 0.4413079 1.1045556 0.8103891 0.7831687 0.8912636 0.9339494 1.0685241 0.8728837 0.9551149 0.9131213 0.9884657 0.7740080 1.0192228 0.9378197 0.6494028 0.6534328 0.5482921 0.5578327 0.2425256 0.3248574 0.0681943 0.2360217 0.0000000 0.3036483 0.4491573 0.3255374 0.3803783 0.4262176 0.3724587 0.3670846 0.4177079 0.2475873 0.3963904 0.3860591 0.5817428 0.2135541 0.3940613 0.4820765 0.4921579 0.4284176 0.3522512 0.5329961 0.5569259 0.7256842 0.4275522 0.4462432 0.5511879 0.5761419 0.9036312 0.3923093 0.8398103 0.4696649 0.8500031 0.9746609 0.4288990 0.4252496 0.3991662 0.5020228 0.6667189 0.6383799 0.6451537 0.6805851 0.6666240 0.7042329 0.7042907 0.6366452 0.6106653 0.7544405 0.6255360 0.7087238 0.5901915 0.5884666 0.6543320 0.5828030 0.6979915 0.4971372 0.6397082 0.4581887 0.4565959 0.4747171 0.9962471 0.2751213 0.6154507 0.8996959 1.5522441 0.8436891 1.1213243 0.1873003 1.6515263 0.4228038 0.8820536 1.0560139 1.0734566 1.6232514 4.0593225 0.9434215 1.0666822 1.5342983 2.1071953 1.7653401 1.6222955 1.9141471 
Skow_XM_002731243.2                                                2.1234042 1.1527326 1.3176350 1.1042096 1.3542969 1.0459540 0.9093530 0.4148108 0.9661287 0.8057481 0.8159567 0.9503424 1.0319884 1.2765331 0.8586205 1.0180326 0.9727355 1.0505210 0.8315123 1.0936513 1.0569289 0.6302319 0.6322097 0.4738669 0.5351364 0.2795682 0.3325491 0.1410661 0.2724372 0.3036483 0.0000000 0.4139167 0.3149134 0.3851565 0.4358129 0.3799306 0.3782555 0.4287944 0.1969794 0.3821693 0.3699728 0.5673733 0.2522433 0.3823220 0.4755434 0.4692577 0.4117323 0.2909301 0.5189912 0.5608496 0.7691145 0.4213235 0.4388675 0.5617496 0.5551586 0.9517049 0.3436739 0.9129845 0.4416655 0.8572850 0.9914271 0.3596709 0.4069372 0.4323470 0.5076452 0.6534584 0.6282219 0.6419289 0.6847926 0.6682444 0.7064456 0.7015069 0.6590130 0.6021470 0.5465252 0.6117976 0.7386609 0.6050899 0.6203537 0.7375795 0.5817472 0.6751440 0.5133484 0.6345837 0.5623391 0.3381445 0.5347628 1.1025714 0.2626411 0.5431595 0.9346635 1.5148011 0.9329722 1.1807612 0.3139450 1.8860940 0.4879151 0.6124286 1.1630622 0.8474417 1.2285437 4.9868454 0.9436897 1.2263848 1.6594652 1.8057045 1.9749854 1.7315143 1.9828231 
Cscu_XM_023368890.1                                                2.4965918 1.2454537 1.4374672 1.1556676 1.4100275 1.1954263 1.0172562 0.4408246 1.0096785 0.9149327 0.9402601 1.1215125 1.2492395 1.4913304 0.9511018 1.1443419 1.0812620 1.1776105 0.8507856 1.1118140 1.2184899 0.6164145 0.6311654 0.5640398 0.4885931 0.4359664 0.4452096 0.1064204 0.4183061 0.4491573 0.4139167 0.0000000 0.4315581 0.4810353 0.5790964 0.4863824 0.4867789 0.5096423 0.2103798 0.5181162 0.4693833 0.5788420 0.1783276 0.4862682 0.5462283 0.5246196 0.4192035 0.4845898 0.6493166 0.6830101 0.9297122 0.4861780 0.4848172 0.6510767 0.5407777 0.9955794 0.3779022 0.9800586 0.4423984 0.9269378 1.0414026 0.3738087 0.4614196 0.4665703 0.5902027 0.7286566 0.6981867 0.7060434 0.7379884 0.7360670 0.7686596 0.7719114 0.7237214 0.6691262 0.6263932 0.6597093 0.7541804 0.6213853 0.6751333 0.9420285 0.7522145 0.7225221 0.7747661 0.7030064 0.5680742 0.5386387 0.6730334 1.1357342 0.2116910 0.5882902 0.9456551 1.6153495 1.0967976 1.4042767 0.5540116 1.9664063 1.0708341 0.9988706 1.2438910 1.1418565 1.8724129 3.3734375 1.2160484 1.0960015 1.7077384 2.3337264 2.2455384 1.7440170 1.9952060 
Hsap_ENST00000368069                                               2.0711919 1.0868385 1.1603230 1.0059068 1.2719909 0.9687705 0.8979008 0.4303057 1.0550320 0.8182690 0.8194035 0.9368200 1.0494740 1.2875493 0.8549510 0.9868066 0.9487459 0.9674347 0.7960143 0.9908534 0.9938471 0.5930750 0.6155964 0.6177721 0.5675538 0.2950159 0.3158988 0.1125228 0.2775484 0.3255374 0.3149134 0.4315581 0.0000000 0.4225476 0.4633507 0.4255087 0.4249820 0.4568932 0.2663471 0.4234906 0.4475388 0.5991718 0.3115508 0.4476024 0.5167798 0.5159218 0.4307338 0.3671974 0.5573670 0.5962592 0.8286794 0.4057299 0.4205533 0.6005518 0.5838404 0.9227928 0.2952482 0.9042613 0.4578022 0.8882399 0.9866208 0.3578365 0.4275804 0.3779684 0.5315670 0.6773256 0.6503128 0.6518094 0.6789559 0.6683863 0.7041176 0.7108266 0.6906048 0.6713011 0.7022604 0.6460533 0.7255353 0.6042669 0.6472582 0.8703934 0.6308827 0.6687989 0.5993488 0.6654931 0.5789252 0.3906898 0.6058992 1.1106095 0.4103837 0.5937175 0.8970995 1.3812905 0.9051866 1.1891748 0.2447748 1.7101915 0.6494568 0.8699618 1.1537092 1.0163774 1.4190286 3.9367889 0.9305405 1.2692566 1.4139000 1.7089850 1.7520947 1.8771290 1.9319709 
Gasp_gasp1.m3.11037.m1                                             1.9528949 1.1467646 1.2447937 1.1147255 1.2207015 0.9079553 0.8831790 0.3346665 0.9971186 0.8005716 0.7885246 0.7717524 0.9121488 1.1119781 0.8316758 0.8791424 0.8246321 1.0016325 0.5830753 0.7979184 0.9857684 0.5292910 0.5465246 0.4468199 0.4185004 0.3758677 0.4086383 0.2867075 0.3691284 0.3803783 0.3851565 0.4810353 0.4225476 0.0000000 0.0182189 0.0471232 0.0479184 0.0687978 0.0257837 0.0908439 0.1946968 0.6193903 0.2271899 0.2056280 0.3367035 0.3473533 0.2977835 0.4133980 0.3794409 0.3794544 0.5631018 0.3517015 0.3626503 0.4238326 0.6109260 0.8897347 0.3962092 0.8065044 0.3954644 0.7992644 0.9115177 0.2980012 0.2369824 0.3405541 0.4008982 0.5885886 0.5633295 0.5704255 0.6087013 0.6043691 0.6318210 0.6214943 0.5888475 0.5494641 0.4408282 0.5227588 0.7597311 0.5073469 0.5378036 0.6927801 0.4655516 0.6510799 0.1674316 0.5560406 0.4717176 0.3711421 0.1222762 0.9867469 0.2174878 0.5022582 0.8141486 1.4264160 0.9009116 1.1455434 0.4170452 1.6645620 0.7105633 0.8468051 0.9513105 0.8943454 1.4721322 3.7579055 1.1516049 1.0513517 1.1604604 1.8065066 1.6579835 1.5926513 1.9171066 
