77
Bolinf_Binf_sb1320117                                             0.0000000 0.0523598 0.2634553 0.3307140 0.3307140 0.2956402 0.3307140 0.2956402 0.2698513 2.0112392 2.0112392 2.0112392 0.6047350 0.5934754 0.6096177 0.7096107 0.7445911 0.6407585 0.6630568 0.8175160 0.4608676 0.7060286 1.5618134 0.5875691 0.9792701 1.6865760 1.9780932 1.4073836 1.3430170 1.5576638 1.6765215 0.7206138 1.8924573 1.5801371 1.5801371 1.7929156 1.5317599 1.6919123 1.2557363 1.8261152 9.0000000 2.0029422 1.9005068 1.7705221 1.9555248 1.8280365 2.0372687 2.2994370 2.1225535 1.8411839 1.6471152 1.7825544 1.7736369 2.3992001 2.4052848 2.5051013 2.2182500 2.5191894 2.8161330 2.6758258 2.6115840 2.0451793 2.3596620 2.6035041 2.7519369 2.2517122 1.6389963 2.0494413 1.9361367 2.2441243 2.2441243 2.1361807 2.1361807 2.8619753 2.8821826 2.3396018 2.8043919 
Beraby_Baby_sb346732                                              0.0523598 0.0000000 0.3030425 0.3539925 0.3974977 0.3423609 0.4324779 0.3638380 0.3445613 0.4225432 0.5143981 0.5949285 0.5796303 0.5779857 0.5915381 0.5036212 0.6516500 0.6137621 0.7145712 0.7689921 0.6377327 0.6357139 0.6630749 0.6597683 0.9209428 1.9964024 2.3459641 1.9595136 1.6338588 1.7698265 2.2390198 0.7142302 2.0129605 1.9608297 2.0194150 2.2541032 2.1472563 2.1731235 1.9811288 1.9269485 1.8715936 1.9289539 1.9389512 1.8771302 2.0891073 2.0587249 1.9731217 1.9257051 2.2139071 2.0795690 1.9115903 1.9501953 2.0319818 2.1136224 2.2043655 2.2435790 2.3700975 2.1935098 2.4502307 2.2334301 2.3686448 1.9373851 2.1682171 2.3748828 2.3061195 2.1058112 2.4402507 2.1124587 2.0802721 2.3226000 2.2902519 2.5045426 2.4225441 3.0030662 2.7798045 2.1887074 2.2394471 
Drygla_Dgla_sb299284                                              0.2634553 0.3030425 0.0000000 0.2588817 0.2588817 0.2497189 0.2588817 0.2497189 0.2590707 0.3581155 0.3581155 0.3581155 0.3602496 0.3602496 0.3456033 0.3503588 0.4041896 0.4439471 0.4410112 0.4410112 0.4320337 0.6554733 0.6959454 0.2149826 0.4387718 1.9077344 1.8939917 1.7715412 1.7959959 1.9612070 1.7602130 0.8146815 1.9030907 2.0326929 2.1381886 1.8518990 1.7789163 1.8613884 2.0940071 2.0378844 2.2631582 1.9966849 2.0315631 1.7665916 2.0369889 1.7702199 1.9310181 1.6200680 2.0941353 1.9946627 1.9036898 1.7806336 1.5690254 1.7288532 1.7683323 1.9944782 2.2495612 1.8741196 2.1063572 2.1131491 2.3218961 1.6269582 2.2104722 2.0054429 2.1309897 2.1670587 2.0112014 2.0628166 2.1034938 2.1952868 2.1840154 2.4781819 2.3369042 3.1164012 2.6761889 1.4584460 2.0881274 
Mertsp_Mesp_sb585786                                              0.3307140 0.3539925 0.2588817 0.0000000 0.0000010 0.0134518 0.0130113 0.0201869 0.0348053 0.0162612 0.0198224 0.0456356 0.4531017 0.4502848 0.4436263 0.3358261 0.4340396 0.4709367 0.4975702 0.4975702 0.4503230 0.5851349 0.6096105 0.3704648 0.5851295 1.8838990 2.3825124 1.9242139 1.6872543 1.7991413 2.5611794 0.6961199 2.0717540 1.9672316 2.0279887 2.3506920 2.0787356 2.3436706 2.1502453 2.1198774 2.0289602 1.9164133 2.0451023 1.9392483 2.2167223 1.9685687 1.8969829 1.7834656 2.1230751 1.9661592 2.0600363 1.7786286 2.0205438 1.7971324 2.0327807 2.0854654 2.2563440 2.1033985 2.1500924 2.1800830 2.2505242 1.9540193 2.2393710 2.3568413 2.2789870 2.3464533 2.4753426 2.2331540 2.1393902 2.3713945 2.3357423 2.5601278 2.4775045 2.6715994 2.7580894 2.1279306 2.2112537 
Mertsp_Mesp_sb585787                                              0.3307140 0.3974977 0.2588817 0.0000010 0.0000000 0.0152675 0.0130113 0.0152675 0.0348053 0.0198224 0.0198224 0.0456356 0.4677838 0.4645767 0.4569623 0.3794027 0.4340396 0.4709367 0.4955136 0.4955136 0.4469382 0.6316838 0.6659912 0.3704648 0.5851295 1.8838990 2.3493941 1.8911719 1.7438992 1.8687688 2.5725811 0.6961199 2.0250297 2.0022088 2.0725286 2.3575042 2.1071875 2.3612838 2.1502453 2.2449631 2.1845841 2.0347699 2.1573933 2.0767346 2.3207790 1.9685687 1.9486394 1.8095258 2.1281987 1.9661592 2.0029573 1.7285511 1.9740680 1.7196185 2.0140297 2.0949487 2.2416562 2.1033985 2.1241963 2.1987026 2.2816504 1.8369251 2.3145736 2.3670100 2.2867774 2.3755840 2.4239801 2.1943648 2.1393902 2.2888727 2.2734761 2.4639459 2.3721248 2.6715994 2.9164266 1.9949685 2.1961720 
Bolinf_Binf_sb1240515                                             0.2956402 0.3423609 0.2497189 0.0134518 0.0152675 0.0000000 0.0299143 0.0056191 0.0095150 0.0162612 0.0198224 0.0456356 0.4552944 0.4515513 0.4475926 0.3273496 0.4347489 0.4784698 0.5037226 0.5037226 0.4503230 0.5851349 0.6096105 0.3279501 0.5938776 1.8838990 2.3545108 1.9067685 1.6663704 1.7991413 2.5686126 0.6961199 2.0637769 1.9727558 2.0332213 2.3303005 2.0094853 2.2661498 2.1794798 2.1385149 2.0289602 1.9072679 2.0409742 1.9083245 2.1722800 1.9419346 1.8376529 1.7909276 2.1052699 1.9676233 2.0059709 1.7786286 2.0264995 1.8103664 2.0385141 2.0650856 2.1984442 2.1038257 2.1012153 2.1743121 2.2190039 1.8995819 2.2083633 2.2559047 2.2358631 2.3244452 2.4444564 2.2580528 2.1735578 2.4146699 2.3808843 2.5960811 2.5134508 2.6715994 2.7555214 2.1279306 2.2112537 
Mertsp_Mesp_sb585788                                              0.3307140 0.4324779 0.2588817 0.0130113 0.0130113 0.0299143 0.0000000 0.0299143 0.0303389 0.0456356 0.0456356 0.0220345 0.4994619 0.4960201 0.4877884 0.4180901 0.4340396 0.4709367 0.5362412 0.5362412 0.4835958 0.7022221 0.7475212 0.3704648 0.5851295 1.8838990 2.2907262 1.8083422 1.7438992 1.8687688 2.4580133 0.6961199 2.0905556 2.0268221 2.1027221 2.2437997 2.0781416 2.2821906 2.1502453 2.3811766 2.4153342 2.1426469 2.2715344 2.1481577 2.3207790 1.9685687 1.9668553 1.8311479 2.1614963 1.9661592 2.1210229 1.8406450 2.0172086 1.7543038 2.0573247 2.1417653 2.3224003 2.1351592 2.1827415 2.1934746 2.2972292 1.8377418 2.4408666 2.3000930 2.3826241 2.3221743 2.4064982 2.1427604 2.1393902 2.2556852 2.2395133 2.4556318 2.3577147 2.6715994 2.8997807 2.0050190 2.4378902 
Bolinf_Binf_sb1240517                                             0.2956402 0.3638380 0.2497189 0.0201869 0.0152675 0.0056191 0.0299143 0.0000000 0.0095150 0.0271428 0.0198224 0.0456356 0.4575823 0.4535754 0.4493530 0.3538875 0.4347489 0.4784698 0.5037226 0.5037226 0.4503230 0.6201037 0.6502100 0.3279501 0.5938776 1.8838990 2.3527835 1.9478834 1.7043301 1.8472886 2.7234697 0.6961199 2.0960527 2.1128016 2.1796186 2.4042477 2.0761587 2.3579928 2.1794798 2.2090673 2.1249842 1.9705340 2.0994018 1.9761086 2.2491567 1.9419346 1.8526643 1.8290429 2.1439507 1.9676233 1.9625452 1.7638458 2.0410661 1.7962757 2.0168274 2.0200198 2.2477433 2.1038257 2.1091328 2.2045410 2.2400026 1.8218875 2.2866711 2.3032563 2.2559729 2.3651303 2.4354684 2.3021862 2.1735578 2.4128037 2.4146946 2.5845807 2.4967208 2.6715994 2.8823567 2.1220182 2.2513220 
Bolinf_Binf_sb1240518                                             0.2698513 0.3445613 0.2590707 0.0348053 0.0348053 0.0095150 0.0303389 0.0095150 0.0000000 0.0794645 0.0794645 0.0692861 0.4005432 0.3937154 0.3915903 0.3865562 0.4184807 0.4795813 0.4864300 0.4864300 0.3957729 0.6839889 0.7805688 0.3020831 0.5938776 1.7948119 1.7687069 1.6909759 1.6610916 1.8650759 2.0176549 0.6961199 2.1459984 2.2007169 2.3253822 2.0954756 1.7638612 2.0256573 2.4591049 2.6091793 3.5317972 2.2929007 2.3465770 2.2066053 2.3688557 1.9833997 1.9348396 1.8226754 2.2717407 2.0934737 1.9554405 1.5388369 1.6477115 2.0574800 1.9189392 1.8662750 2.1086024 2.1892529 2.0701116 2.5015646 2.5047452 1.8275317 2.4769029 2.3711596 2.5827000 2.4386861 1.9715388 2.5549176 2.7029341 2.7840372 2.7676174 3.0549248 2.8608994 2.4902715 2.5036601 7.3279426 2.4705183 
Mertsp_Mesp_sb585789                                              2.0112392 0.4225432 0.3581155 0.0162612 0.0198224 0.0162612 0.0456356 0.0271428 0.0794645 0.0000000 0.0000010 0.0221548 0.5854960 0.5854960 0.5831569 0.3481933 0.7269436 0.6182042 0.6272038 0.6272038 0.6272038 0.5816382 0.5816382 2.0112392 1.8988945 2.4326183 3.0411629 2.3978877 2.3087668 2.3647786 3.4183852 2.7948948 2.2204966 2.1758561 2.2745788 2.6559792 2.4346997 2.7215475 2.8356773 2.1515276 2.0074579 1.9831092 2.1496810 2.0703713 2.5579175 3.0591324 2.0297507 1.7508080 2.1660750 2.1712786 2.2074224 1.9935539 2.3317895 1.7725115 2.2194689 2.2156722 2.4365971 2.1523731 2.1550628 2.2248266 2.2651748 2.0977525 2.1479860 2.3675935 2.0981868 2.4724657 3.1446914 2.3919723 2.2417003 2.4829400 2.4336461 2.7945842 2.7474403 3.0827800 3.0686517 2.1274496 2.1519450 
Mertsp_Mesp_sb585790                                              2.0112392 0.5143981 0.3581155 0.0198224 0.0198224 0.0198224 0.0456356 0.0198224 0.0794645 0.0000010 0.0000000 0.0221548 0.6444118 0.6444118 0.6416475 0.4185484 0.7269436 0.6182042 0.6296500 0.6296500 0.6296500 0.6313731 0.6313731 2.0112392 1.8988945 2.4326183 3.1470886 2.4671491 2.5042667 2.5721944 3.7449024 2.7948948 2.1704308 2.3029202 2.4296150 2.7578487 2.5746199 2.8605743 2.8356773 2.3713887 2.1571952 2.1922547 2.3767650 2.3554781 2.8662929 3.0591324 2.1589641 1.7858935 2.1847122 2.1712786 2.1434449 1.9576646 2.3390512 1.6420730 2.2373410 2.2694542 2.4584699 2.1523731 2.1136296 2.2677636 2.3203241 1.9270556 2.2441799 2.3883174 2.0673754 2.5595609 3.2034001 2.3389775 2.2417003 2.3623237 2.3362351 2.6670810 2.6100958 3.0827800 3.5156833 1.9932968 2.1171796 
Mertsp_Mesp_sb585791                                              2.0112392 0.5949285 0.3581155 0.0456356 0.0456356 0.0456356 0.0220345 0.0456356 0.0692861 0.0221548 0.0221548 0.0000000 0.7320106 0.7320106 0.7290405 0.4874958 0.7269436 0.6182042 0.7239053 0.7239053 0.7239053 0.7089597 0.7089597 2.0112392 1.8988945 2.4326183 3.0978239 2.3801532 2.5042667 2.5721944 3.6074160 2.7948948 2.3155901 2.4006690 2.5465113 2.5700440 2.5738631 2.7534641 2.8356773 2.6449077 2.3830359 2.4071480 2.6358690 2.5408064 2.8662929 3.0591324 2.2242953 1.8209487 2.2514041 2.1712786 2.3934282 2.2083380 2.5036090 1.6894863 2.3591927 2.3883973 2.6531149 2.2160758 2.2148270 2.2677531 2.3523043 1.9431818 2.4564153 2.2671234 2.1878125 2.4824981 3.2782393 2.2622790 2.2417003 2.3118804 2.2834804 2.6757206 2.6121143 3.0827800 3.5523092 2.0031141 2.3904956 
Horcal_Hcv1.av93.c2.g869.i1                                       0.6047350 0.5796303 0.3602496 0.4531017 0.4677838 0.4552944 0.4994619 0.4575823 0.4005432 0.5854960 0.6444118 0.7320106 0.0000000 0.0051555 0.0322386 0.5990827 0.6210817 0.5785815 0.6669868 0.7199725 0.6373055 0.7648707 0.8046695 0.5830071 0.7271652 1.9987800 2.2021011 1.8331985 1.6318210 1.6967118 2.4197826 0.8234054 2.0929487 2.1508080 2.2133032 2.3930643 2.0033862 2.2100585 1.7615547 1.9803839 2.0269163 2.0437197 2.1387636 1.9871175 2.1543111 2.1161102 2.1596965 2.0924370 2.3330511 2.1316561 2.1157759 1.8288771 2.1562655 2.1122378 2.3712806 2.5089688 2.4170585 2.0329581 2.4234986 2.5670636 2.6198359 2.1028677 2.2492635 2.4445255 2.4396998 2.1577581 2.5890538 2.4948951 2.1813984 2.5477828 2.5161055 2.7717429 2.7100157 2.8709932 2.8008413 2.1577922 2.3513983 
Horcal_Hcv1.av93.c2.g869.i2                                       0.5934754 0.5779857 0.3602496 0.4502848 0.4645767 0.4515513 0.4960201 0.4535754 0.3937154 0.5854960 0.6444118 0.7320106 0.0051555 0.0000000 0.0349386 0.6058985 0.6236816 0.5868124 0.6740999 0.7271480 0.6373055 0.7648707 0.8046695 0.5923810 0.7318780 2.0036972 2.1943821 1.8331985 1.6318210 1.6967118 2.4055784 0.8234054 2.0915602 2.1297418 2.1919787 2.4198638 1.9913225 2.2087743 1.7615547 1.9830639 2.0269163 2.0464578 2.1413823 1.9896443 2.1624866 2.0995068 2.1574407 2.0893136 2.3406115 2.1316881 2.1306482 1.8291747 2.1589432 2.1153150 2.3794536 2.5105411 2.3854100 2.0375876 2.4364586 2.5712332 2.6139853 2.0883302 2.2736643 2.4224188 2.4639318 2.1614627 2.5842524 2.4952304 2.1813057 2.5479121 2.5163534 2.7710831 2.7095672 2.8788890 2.8358830 2.1577922 2.3472576 
Pbac_sb2642853                                                    0.6096177 0.5915381 0.3456033 0.4436263 0.4569623 0.4475926 0.4877884 0.4493530 0.3915903 0.5831569 0.6416475 0.7290405 0.0322386 0.0349386 0.0000000 0.6021061 0.6400303 0.5524974 0.6450537 0.6940218 0.6135984 0.7644930 0.8041652 0.5397132 0.6991548 1.9718136 2.2069842 1.7987459 1.5846090 1.6568500 2.3800305 0.8234054 2.1298096 2.1122910 2.1745893 2.4223355 2.0593098 2.2413283 1.7797436 1.9960478 2.0131314 2.0535954 2.1275640 1.9765952 2.1199302 2.1620073 2.1095899 2.0183792 2.2629117 2.1338746 2.1541305 1.8295141 2.1431721 2.0551065 2.3910543 2.4281302 2.3637391 1.9763264 2.4121166 2.5198918 2.5954995 2.1482788 2.2247912 2.3914639 2.4370074 2.2167318 2.5788982 2.4677170 2.1779912 2.4963823 2.4626115 2.7514486 2.6896340 2.8709932 2.7563756 2.1577922 2.3370627 
Lampan_Lpan_16019_01                                              0.7096107 0.5036212 0.3503588 0.3358261 0.3794027 0.3273496 0.4180901 0.3538875 0.3865562 0.3481933 0.4185484 0.4874958 0.5990827 0.6058985 0.6021061 0.0000000 0.5741707 0.5640636 0.5936249 0.6634891 0.5438512 0.5278936 0.5474296 0.6747824 0.7680206 2.2913576 2.6082554 2.1392652 1.9508328 2.0821092 2.5195254 0.5953758 2.1780504 2.2235764 2.2775814 2.4903645 2.2249402 2.4921961 1.9893795 1.9171664 2.0033978 2.1100510 2.1430431 2.0254007 2.3903147 2.3960953 2.0246985 1.9735336 2.3780117 2.0874504 2.2752479 1.9247237 2.1447256 1.9918821 2.2333790 2.3863352 2.4046047 2.3992329 2.3265819 2.6215164 2.5604183 2.1411437 2.2888424 2.4191408 2.5503367 2.4561566 2.7723685 2.5657557 2.5543863 2.7234914 2.7349998 2.8961331 2.8104334 2.7083450 2.5328803 2.2527103 2.3455239 
Vmul_Simscaffold14704_01                                          0.7445911 0.6516500 0.4041896 0.4340396 0.4340396 0.4347489 0.4340396 0.4347489 0.4184807 0.7269436 0.7269436 0.7269436 0.6210817 0.6236816 0.6400303 0.5741707 0.0000000 0.3331199 0.3142861 0.3917102 0.2785236 0.7170304 0.8181043 0.5355689 0.8015974 2.3547929 2.2933183 1.7136793 1.7409767 1.8774854 1.9696454 0.6397989 2.0997652 2.3094850 2.4385761 2.0200771 1.8296605 1.9812350 2.2216558 2.4170949 3.0107194 2.3558599 2.3922444 2.2479227 2.5452378 2.0191100 1.8421641 1.9192267 2.1686133 2.0307422 2.0727035 1.7837273 1.7062456 2.1527805 1.8133674 2.2342493 2.5449903 2.1766855 2.2289301 2.8541786 2.7744481 1.8123464 2.1673240 2.3730995 2.7542868 2.3611809 2.2360813 2.8575962 2.9239916 3.0649679 3.0481111 3.4104924 3.2239503 2.5089184 2.3996562 1.6654261 1.6365926 
Coemet_Cmet_scaffold3764_01                                       0.6407585 0.6137621 0.4439471 0.4709367 0.4709367 0.4784698 0.4709367 0.4784698 0.4795813 0.6182042 0.6182042 0.6182042 0.5785815 0.5868124 0.5524974 0.5640636 0.3331199 0.0000000 0.0329734 0.0489836 0.0678734 0.7111653 0.7721840 0.4937230 0.4687551 2.0104971 2.1936063 1.7536981 1.7757943 1.7997256 1.9419628 0.7036599 1.9224592 2.1159612 2.2110886 1.8434720 2.1325853 1.7807059 2.2164027 2.2426448 2.1502938 2.1937109 2.1594387 2.1129411 2.3973439 2.1939320 1.8371959 1.8803201 2.1372842 1.9595951 2.0953644 1.7672294 1.4732684 1.8929924 1.7975119 1.9162915 2.3533168 2.1582934 2.1248654 2.4036596 2.3965714 1.5794081 2.0171834 2.2641815 2.6992299 2.0448146 2.2631969 2.1984683 2.3771662 2.4085286 2.3810941 2.5862250 2.4476766 2.5091349 2.4960740 1.2534204 1.6288260 
Coeast_Cast_sb814555                                              0.6630568 0.7145712 0.4410112 0.4975702 0.4955136 0.5037226 0.5362412 0.5037226 0.4864300 0.6272038 0.6296500 0.7239053 0.6669868 0.6740999 0.6450537 0.5936249 0.3142861 0.0329734 0.0000000 0.0116726 0.0256681 0.7499021 0.7931920 0.5040309 0.4785716 2.1132175 2.5192515 2.0546169 1.8516158 1.8853511 2.6015144 0.7036599 2.1424030 2.2793734 2.3529482 2.3317202 2.3121523 2.2935154 2.2020366 2.1752926 2.1103877 2.1101112 2.1305178 2.0835264 2.3894895 2.1574268 1.9688557 1.9939579 2.3600176 2.0071361 2.1487271 1.9507197 1.9278387 1.9948173 2.0326720 2.1273864 2.3746646 2.2692559 2.3266463 2.6808940 2.6778608 1.8032236 2.0668374 2.4144022 2.6508467 2.2677397 2.8555684 2.5423233 2.3800182 2.6951486 2.6628995 2.8277196 2.7379750 2.7161555 2.7633950 1.9311273 2.0847527 
Coeast_Cast_sb814556                                              0.8175160 0.7689921 0.4410112 0.4975702 0.4955136 0.5037226 0.5362412 0.5037226 0.4864300 0.6272038 0.6296500 0.7239053 0.7199725 0.7271480 0.6940218 0.6634891 0.3917102 0.0489836 0.0116726 0.0000000 0.0285994 0.7499021 0.7931920 0.6446290 0.7524682 2.2655917 2.6136812 2.0627097 1.8635772 1.9685703 2.7157749 0.7036599 2.1597334 2.3436604 2.4145646 2.3988787 2.4069903 2.2929464 2.2020366 2.2165066 2.1103877 2.2700809 2.2779077 2.2136519 2.5866778 2.3343121 1.9688557 2.1474565 2.4764700 2.0823225 2.2299628 2.1039132 2.1229594 2.0140218 2.1799474 2.3666144 2.5415118 2.2831558 2.5000707 2.7920595 2.7316784 1.8824277 2.1399432 2.4300700 2.6848738 2.4869346 2.9670320 2.5807848 2.4404057 2.7313387 2.6998975 2.8807232 2.7942017 2.7161555 2.8265311 1.9311273 2.0847527 
Coeast_Cast_sb814557                                              0.4608676 0.6377327 0.4320337 0.4503230 0.4469382 0.4503230 0.4835958 0.4503230 0.3957729 0.6272038 0.6296500 0.7239053 0.6373055 0.6373055 0.6135984 0.5438512 0.2785236 0.0678734 0.0256681 0.0285994 0.0000000 0.7499021 0.7931920 0.3066535 0.3624326 2.0547441 2.2927343 1.9638867 1.7323650 1.8437294 2.3833204 0.7036599 1.9762354 2.1245379 2.2000071 2.1887544 2.1273311 2.1557451 2.1309921 1.9966844 2.1103877 1.9556374 1.9074830 1.8826348 2.2068270 1.8822801 1.8765811 1.8072870 2.2494531 1.8635209 1.9980310 1.8812414 1.9211570 1.7946148 1.8211676 1.9597650 2.1722478 2.1385484 2.1594326 2.5297498 2.5669400 1.6833705 2.0021293 2.2093846 2.4556664 2.1227204 2.7452541 2.3684949 2.1345130 2.4760620 2.4451202 2.5948102 2.5016047 2.7161555 2.6071931 1.9311273 2.0847527 
Eupdun_Edun_sb10648258                                            0.7060286 0.6357139 0.6554733 0.5851349 0.6316838 0.5851349 0.7022221 0.6201037 0.6839889 0.5816382 0.6313731 0.7089597 0.7648707 0.7648707 0.7644930 0.5278936 0.7170304 0.7111653 0.7499021 0.7499021 0.7499021 0.0000000 0.0129601 0.7560259 0.1153908 2.7089833 2.7469906 2.5676168 2.6315864 2.6315864 2.9449999 0.0000010 2.3442322 2.2935339 2.3910118 2.8976205 2.6472007 2.8302522 2.6316932 2.0956506 2.0115708 2.0215042 2.0661974 2.0570240 2.3298977 3.3815921 2.0857066 1.9559809 2.3668022 2.4942464 2.6541129 2.3898796 2.8017955 2.0234098 2.4277967 2.6888477 2.5613213 2.0705875 2.4212085 2.5199416 2.6347583 2.2072544 2.0725697 2.3278708 2.2053687 2.5857668 3.7158895 2.9692341 2.9881309 3.1635505 3.2414485 3.1659174 3.1144060 2.8662897 2.9723182 2.2136058 2.1429554 
Eupdun_Edun_sb10648261                                            1.5618134 0.6630749 0.6959454 0.6096105 0.6659912 0.6096105 0.7475212 0.6502100 0.7805688 0.5816382 0.6313731 0.7089597 0.8046695 0.8046695 0.8041652 0.5474296 0.8181043 0.7721840 0.7931920 0.7931920 0.7931920 0.0129601 0.0000000 1.5618134 1.3602757 2.4357966 2.5919375 2.4062197 2.3171703 2.3171703 2.8465352 0.0000010 2.3126466 2.2372951 2.3374690 2.6940474 2.5147396 2.6173953 2.5954018 2.0489539 1.9862929 1.9701180 2.0504122 2.0682191 2.2154460 3.1915855 2.1208037 1.9613661 2.2931104 2.2231377 2.6334914 2.2597716 2.8240564 2.0386008 2.3311847 2.5653423 2.5804372 2.0125478 2.4301691 2.5380686 2.6534653 2.1880187 2.0895115 2.2817508 2.2102275 2.6053408 3.3384510 2.7344211 2.4378492 2.9792078 3.0376487 3.0252569 3.0021670 2.8662897 2.7889049 2.2136058 2.1620915 
Vmul_sbMO423319                                                   0.5875691 0.6597683 0.2149826 0.3704648 0.3704648 0.3279501 0.3704648 0.3279501 0.3020831 2.0112392 2.0112392 2.0112392 0.5830071 0.5923810 0.5397132 0.6747824 0.5355689 0.4937230 0.5040309 0.6446290 0.3066535 0.7560259 1.5618134 0.0000000 0.7384846 1.7251802 1.8633990 1.4428519 1.3795383 1.7384978 1.5892090 0.6434851 1.9629933 1.9869843 1.9869843 1.6465693 1.6344303 1.7019169 1.5153066 2.0697016 9.0000000 2.0619773 2.2044670 1.8659243 2.1635865 1.8910419 1.6191485 1.9812000 2.1467700 1.8187952 1.7138137 1.9364622 1.6242349 2.1668006 1.9187877 2.2904968 2.0979239 2.1834362 2.3273082 2.4459022 2.5220264 2.2015810 2.3572951 2.5799700 2.2759011 2.3507409 2.1316481 2.2048570 2.1235381 2.4840165 2.4840165 2.2481627 2.2481627 2.8285487 2.7085190 2.3396018 3.5079819 
Eupdun_Edun_sb10648259                                            0.9792701 0.9209428 0.4387718 0.5851295 0.5851295 0.5938776 0.5851295 0.5938776 0.5938776 1.8988945 1.8988945 1.8988945 0.7271652 0.7318780 0.6991548 0.7680206 0.8015974 0.4687551 0.4785716 0.7524682 0.3624326 0.1153908 1.3602757 0.7384846 0.0000000 1.8726086 2.0447479 1.4933594 1.4933594 1.6725768 2.1371025 0.8332943 2.5609018 2.1725604 2.1725604 2.2268911 2.2719898 2.2446672 1.5153252 2.1390125 0.0000010 2.4140728 2.5096031 2.3456344 2.6021065 2.2277405 1.6813791 2.3992906 2.6944678 1.8263603 2.3898243 2.1263798 2.0913744 2.9488057 2.0376881 2.2488990 2.3797485 2.4192716 3.0850863 2.8033422 2.8573397 2.8000114 2.3879347 3.0892851 2.6246976 1.9959062 2.2437850 2.3878603 2.3766260 2.7720883 2.7720883 2.5253247 2.5253247 2.4385548 3.1644449 9.0000000 3.1627642 
Leuniv_Lniv_scaffold14389_01                                      1.6865760 1.9964024 1.9077344 1.8838990 1.8838990 1.8838990 1.8838990 1.8838990 1.7948119 2.4326183 2.4326183 2.4326183 1.9987800 2.0036972 1.9718136 2.2913576 2.3547929 2.0104971 2.1132175 2.2655917 2.0547441 2.7089833 2.4357966 1.7251802 1.8726086 0.0000000 0.5979714 1.5136118 1.4712031 1.7161619 1.7849853 0.5181391 1.8836394 1.6328155 1.6359841 1.9330857 1.7494560 1.9309360 1.9261914 1.8222711 2.4289197 1.9757447 1.8820209 1.8280489 1.9177764 1.8947892 1.6953230 1.9194842 2.3115882 1.3391374 2.2722042 2.3499323 1.5872021 2.3514169 2.0543897 2.3930830 2.0155254 2.5005881 2.3430943 2.2231076 2.3075284 2.2618657 2.1868341 2.4037331 2.3963775 2.2920095 0.8424149 2.0249767 1.9835693 2.1898312 2.1733832 2.1904200 2.0335106 2.7301257 2.4498315 1.8138603 2.4953267 
Lcom_lcpid61563                                                   1.9780932 2.3459641 1.8939917 2.3825124 2.3493941 2.3545108 2.2907262 2.3527835 1.7687069 3.0411629 3.1470886 3.0978239 2.2021011 2.1943821 2.2069842 2.6082554 2.2933183 2.1936063 2.5192515 2.6136812 2.2927343 2.7469906 2.5919375 1.8633990 2.0447479 0.5979714 0.0000000 1.8992990 1.4584535 1.5715562 2.3605552 0.5358919 2.2699513 2.1376133 2.1085053 2.3660384 1.8295808 2.2383593 1.7971220 2.3020754 2.4819865 2.3079247 2.1514434 2.1269440 2.1482189 1.9327757 2.0379294 2.2442252 2.5033154 1.5653626 2.5274934 2.5103488 2.2248845 2.5485332 2.3577311 2.6087658 2.5218288 2.5927735 2.8924916 2.7397697 2.8006832 2.6442966 2.6742287 2.8122032 2.9341785 2.7313136 1.3036608 2.5119714 1.8780882 2.7144791 2.6423184 2.7118524 2.6541671 3.1378844 3.0448334 2.3299823 2.8102869 
Opea_EP00118_Oscarella_pearsei_P012151                            1.4073836 1.9595136 1.7715412 1.9242139 1.8911719 1.9067685 1.8083422 1.9478834 1.6909759 2.3978877 2.4671491 2.3801532 1.8331985 1.8331985 1.7987459 2.1392652 1.7136793 1.7536981 2.0546169 2.0627097 1.9638867 2.5676168 2.4062197 1.4428519 1.4933594 1.5136118 1.8992990 0.0000000 0.0143696 0.1489401 1.7350205 0.5646630 1.6918186 1.5032116 1.5119173 1.7691680 1.0346052 1.8278200 2.0690256 1.8845683 1.6577740 1.6810912 1.6761491 1.6266320 1.8041679 1.7380446 1.4931340 1.5212651 1.7474651 1.5273936 1.5642182 1.4104829 1.6652268 1.6611491 1.6387466 1.8323732 1.7903830 1.8799498 1.7969075 1.9457104 2.0523421 1.7717893 1.6136581 1.7677604 1.7291316 1.8149738 2.1939979 2.2339116 2.0843581 2.0833432 2.2491319 2.2325005 2.2324903 2.7388737 2.6398246 1.8837432 1.9514475 
Ocar_g2169                                                        1.3430170 1.6338588 1.7959959 1.6872543 1.7438992 1.6663704 1.7438992 1.7043301 1.6610916 2.3087668 2.5042667 2.5042667 1.6318210 1.6318210 1.5846090 1.9508328 1.7409767 1.7757943 1.8516158 1.8635772 1.7323650 2.6315864 2.3171703 1.3795383 1.4933594 1.4712031 1.4584535 0.0143696 0.0000000 0.1271085 1.3253471 0.5646630 1.5392657 1.3695931 1.3864608 1.3527173 0.9756330 1.3943669 2.1047058 2.0700614 2.0769866 1.7594516 1.7895606 1.6973004 1.9719551 1.7664546 1.5700095 1.6400804 1.7036362 1.7557007 1.5982365 1.3681190 1.2474401 1.8386652 1.6671051 1.7584932 1.8184359 2.0959363 1.8438072 2.2403216 2.4419955 1.7047920 1.6462674 1.8605141 1.8145576 1.8538243 1.8370237 2.1063516 2.1070917 2.1734124 2.1570991 2.3674123 2.3375595 2.6809792 2.2487266 2.0438475 1.8153036 
Opea_EP00118_Oscarella_pearsei_P012153                            1.5576638 1.7698265 1.9612070 1.7991413 1.8687688 1.7991413 1.8687688 1.8472886 1.8650759 2.3647786 2.5721944 2.5721944 1.6967118 1.6967118 1.6568500 2.0821092 1.8774854 1.7997256 1.8853511 1.9685703 1.8437294 2.6315864 2.3171703 1.7384978 1.6725768 1.7161619 1.5715562 0.1489401 0.1271085 0.0000000 1.3868398 0.5994779 1.6315412 1.4504398 1.4669388 1.3984968 1.0569044 1.4698114 1.9522273 2.2640255 2.0769866 1.7236173 1.9823386 1.8260221 2.1687507 1.9721394 1.6840091 1.8335696 1.8408031 1.8760421 1.8592746 1.5257631 1.3279664 2.1669667 1.8707923 1.9781027 1.8581367 2.1594528 1.9641458 2.2642490 2.4107957 1.7784307 1.5890807 1.9161607 1.8807031 1.8461936 2.1180518 2.0332365 2.0879262 2.0936929 2.0742589 2.3129302 2.2789989 2.7024380 2.2419575 2.0438475 1.8070440 
Xestes_augustus_masked-XT_scaffold2154-processed-gene-0.13-mRNA-1 1.6765215 2.2390198 1.7602130 2.5611794 2.5725811 2.5686126 2.4580133 2.7234697 2.0176549 3.4183852 3.7449024 3.6074160 2.4197826 2.4055784 2.3800305 2.5195254 1.9696454 1.9419628 2.6015144 2.7157749 2.3833204 2.9449999 2.8465352 1.5892090 2.1371025 1.7849853 2.3605552 1.7350205 1.3253471 1.3868398 0.0000000 0.2993627 1.3347854 1.3815548 1.3856988 0.8910844 1.8637939 1.0223212 1.8112930 2.4803139 2.9619204 2.6260495 2.3751876 2.5036560 2.3046657 2.0725807 2.1124120 2.2045383 2.3665333 1.8144463 2.2386588 2.0082849 2.0934317 2.6203221 2.2462663 2.0593056 2.4449134 2.1569512 2.5304829 2.5915268 2.7400953 2.4134628 2.2932675 2.7525232 2.6543876 2.3461515 2.7165442 3.2973000 2.6216209 2.9397440 3.1284897 3.0272549 3.0393476 2.9728935 3.1537006 1.5588816 2.0377762 
Stycar_maker-SC_scaffold4253-augustus-gene-0.17-mRNA-1            0.7206138 0.7142302 0.8146815 0.6961199 0.6961199 0.6961199 0.6961199 0.6961199 0.6961199 2.7948948 2.7948948 2.7948948 0.8234054 0.8234054 0.8234054 0.5953758 0.6397989 0.7036599 0.7036599 0.7036599 0.7036599 0.0000010 0.0000010 0.6434851 0.8332943 0.5181391 0.5358919 0.5646630 0.5646630 0.5994779 0.2993627 0.0000000 0.2517708 0.3637062 0.3637062 0.4740594 0.3566352 0.5478104 0.9050261 0.7619100 0.0000010 0.6339785 0.6997862 0.6280807 0.6716908 0.5728445 0.5783158 0.5404006 0.6627311 0.5463611 0.5261957 0.6604459 0.7446184 0.6808578 0.6676497 0.7631781 0.8468045 0.7538653 0.9958168 1.1117194 1.1594955 0.9436241 0.9590430 0.9286560 1.2367343 1.0852546 0.6163649 0.8976062 0.8691100 0.8355506 0.8355506 0.9113640 0.9113640 2.1351615 1.1011915 9.0000000 2.5483907 
Tetwil_g12024.t2                                                  1.8924573 2.0129605 1.9030907 2.0717540 2.0250297 2.0637769 2.0905556 2.0960527 2.1459984 2.2204966 2.1704308 2.3155901 2.0929487 2.0915602 2.1298096 2.1780504 2.0997652 1.9224592 2.1424030 2.1597334 1.9762354 2.3442322 2.3126466 1.9629933 2.5609018 1.8836394 2.2699513 1.6918186 1.5392657 1.6315412 1.3347854 0.2517708 0.0000000 1.1309053 1.1552975 1.5491678 1.5258557 1.5134889 2.0834096 2.1167172 1.8860579 1.9124888 1.9789962 1.9687411 2.0088139 1.8769442 1.7466029 1.6330456 2.2369044 1.8851977 1.9379571 1.8173508 1.5631745 1.8414941 1.9948876 2.0706151 2.2916914 2.1585030 2.2706175 2.0657362 2.0874452 2.0645492 1.8818965 2.1674822 2.1741882 2.2757418 2.6961427 2.4927265 2.2235730 2.3568611 2.5408778 2.4715480 2.3998477 2.4031417 2.6787506 0.6620162 1.4909042 
Spolac_c95995_g2_i1_m.12381c95995-g2                              1.5801371 1.9608297 2.0326929 1.9672316 2.0022088 1.9727558 2.0268221 2.1128016 2.2007169 2.1758561 2.3029202 2.4006690 2.1508080 2.1297418 2.1122910 2.2235764 2.3094850 2.1159612 2.2793734 2.3436604 2.1245379 2.2935339 2.2372951 1.9869843 2.1725604 1.6328155 2.1376133 1.5032116 1.3695931 1.4504398 1.3815548 0.3637062 1.1309053 0.0000000 0.0000010 1.5370495 1.6283169 1.5684250 1.6714306 1.7797429 1.9109540 1.8853149 1.8661928 1.8934600 1.8866304 1.6217850 1.4065403 1.4710570 2.0301525 1.7500533 1.9996928 1.5708600 1.8778802 1.9955074 1.6584697 2.0129896 1.7954131 2.0651831 2.3191011 2.1051322 2.0689692 1.9380305 1.7184507 1.9748889 2.0820982 1.9069573 2.3960538 2.2216460 1.9802651 2.1764524 2.2898091 2.3211745 2.3243912 2.2816476 2.3509126 1.0086102 1.5515524 
Spolac_c95995_g2_i2_m.12382c95995-g2                              1.5801371 2.0194150 2.1381886 2.0279887 2.0725286 2.0332213 2.1027221 2.1796186 2.3253822 2.2745788 2.4296150 2.5465113 2.2133032 2.1919787 2.1745893 2.2775814 2.4385761 2.2110886 2.3529482 2.4145646 2.2000071 2.3910118 2.3374690 1.9869843 2.1725604 1.6359841 2.1085053 1.5119173 1.3864608 1.4669388 1.3856988 0.3637062 1.1552975 0.0000010 0.0000000 1.5338512 1.6990806 1.5996038 1.7990592 1.8390103 2.0062521 1.9448788 1.9209259 1.9347567 1.9319682 1.7166427 1.4473715 1.5512096 2.0650078 1.7833328 2.0315932 1.6233871 1.8778802 2.0661993 1.6978526 2.0349873 1.8732023 2.1348957 2.3540660 2.1104472 2.0745754 1.9528791 1.7389227 2.0024828 2.0610780 1.9231386 2.3766746 2.2419475 2.0150354 2.1957683 2.3085591 2.3349361 2.3382550 2.2816476 2.3970219 1.0086102 1.5515524 
Halamb_c50016_g1_i1m.27404                                        1.7929156 2.2541032 1.8518990 2.3506920 2.3575042 2.3303005 2.2437997 2.4042477 2.0954756 2.6559792 2.7578487 2.5700440 2.3930643 2.4198638 2.4223355 2.4903645 2.0200771 1.8434720 2.3317202 2.3988787 2.1887544 2.8976205 2.6940474 1.6465693 2.2268911 1.9330857 2.3660384 1.7691680 1.3527173 1.3984968 0.8910844 0.4740594 1.5491678 1.5370495 1.5338512 0.0000000 1.8792208 0.7406190 1.7760253 2.1695242 2.3456827 2.1271881 2.0691396 2.0074292 2.0145471 1.6105649 1.7002554 1.9913421 2.1239529 1.9179482 2.0406050 1.9730297 1.9113164 2.1699236 2.0730494 2.2850240 2.2410938 2.4457624 2.4137490 2.7399721 2.7282400 2.0983465 2.1792371 2.1493081 2.5538210 2.1582717 2.9126997 2.5867368 2.1851159 2.4138149 2.5580151 2.4660518 2.3940811 2.5726274 2.7581356 1.5776668 2.1799182 
Plajan_Pjan_C559873_01                                            1.5317599 2.1472563 1.7789163 2.0787356 2.1071875 2.0094853 2.0781416 2.0761587 1.7638612 2.4346997 2.5746199 2.5738631 2.0033862 1.9913225 2.0593098 2.2249402 1.8296605 2.1325853 2.3121523 2.4069903 2.1273311 2.6472007 2.5147396 1.6344303 2.2719898 1.7494560 1.8295808 1.0346052 0.9756330 1.0569044 1.8637939 0.3566352 1.5258557 1.6283169 1.6990806 1.8792208 0.0000000 1.9695291 1.8567925 1.7450371 1.6155278 1.7370625 1.8551362 1.7728576 2.1073004 1.7338423 1.5538541 1.7086933 2.0667737 1.5673701 1.7627433 1.6758977 1.6079630 1.9364491 1.8636371 2.0381465 1.8523996 2.1414699 2.1502358 2.2713881 2.3715487 1.9663094 1.7482041 2.0051760 2.1111380 2.2740558 2.2054918 2.6096199 2.7411943 2.5902959 2.7182152 2.8409727 2.7382948 2.7185618 2.8098016 1.4360512 1.7629186 
Aque_Aqu2.1.27270_001                                             1.6919123 2.1731235 1.8613884 2.3436706 2.3612838 2.2661498 2.2821906 2.3579928 2.0256573 2.7215475 2.8605743 2.7534641 2.2100585 2.2087743 2.2413283 2.4921961 1.9812350 1.7807059 2.2935154 2.2929464 2.1557451 2.8302522 2.6173953 1.7019169 2.2446672 1.9309360 2.2383593 1.8278200 1.3943669 1.4698114 1.0223212 0.5478104 1.5134889 1.5684250 1.5996038 0.7406190 1.9695291 0.0000000 2.0042977 2.3296856 2.4236492 2.3559561 2.2303444 2.2098273 2.0337339 2.1111224 1.7082056 2.0246384 2.2101518 1.8720593 2.0345423 1.9354672 1.9263441 2.2567490 2.0875713 2.5076463 2.4949914 2.3737256 2.3096536 2.6472436 2.5589986 2.1073487 2.2617684 2.2210745 2.5092955 2.2338445 2.7154244 2.7625785 2.4012814 2.7145458 2.7717437 2.7160939 2.6747104 2.8007578 2.7302852 1.5995621 2.1722367 
Adig_XM_015901041.1                                               1.2557363 1.9811288 2.0940071 2.1502453 2.1502453 2.1794798 2.1502453 2.1794798 2.4591049 2.8356773 2.8356773 2.8356773 1.7615547 1.7615547 1.7797436 1.9893795 2.2216558 2.2164027 2.2020366 2.2020366 2.1309921 2.6316932 2.5954018 1.5153066 1.5153252 1.9261914 1.7971220 2.0690256 2.1047058 1.9522273 1.8112930 0.9050261 2.0834096 1.6714306 1.7990592 1.7760253 1.8567925 2.0042977 0.0000000 0.0736814 0.5624445 0.6526945 0.4908708 0.6112311 0.6399779 0.6704488 1.2520042 1.2194426 1.8294833 2.1093300 2.1157222 1.5736575 1.2629822 1.9747139 1.6220295 1.7838609 1.4331682 1.9654319 1.7362385 2.1089163 2.2920767 1.8310813 1.6161787 1.7027897 1.7499251 1.7704688 1.9912376 1.9075690 1.8729637 2.3206636 2.3096750 2.2400368 2.1420023 2.7677431 2.1567032 1.2505779 2.0766126 
Amil_Amillepora08538-RA                                           1.8261152 1.9269485 2.0378844 2.1198774 2.2449631 2.1385149 2.3811766 2.2090673 2.6091793 2.1515276 2.3713887 2.6449077 1.9803839 1.9830639 1.9960478 1.9171664 2.4170949 2.2426448 2.1752926 2.2165066 1.9966844 2.0956506 2.0489539 2.0697016 2.1390125 1.8222711 2.3020754 1.8845683 2.0700614 2.2640255 2.4803139 0.7619100 2.1167172 1.7797429 1.8390103 2.1695242 1.7450371 2.3296856 0.0736814 0.0000000 0.3601158 0.4930601 0.3402194 0.4268486 0.4859620 0.6820955 1.0235512 1.0479589 1.8158461 1.8765564 1.4693034 1.3384014 1.4164387 1.6386350 1.3512619 1.4136326 1.4917875 1.7945474 1.8235283 1.8640658 1.8978874 1.7988082 1.6257620 1.7760878 1.6350051 1.6661092 2.4544485 2.0349287 1.8812866 2.2958919 2.3052517 2.4150454 2.3577925 2.2604482 2.1009579 1.5267717 2.1741100 
Spis_XP_022782637_1                                               9.0000000 1.8715936 2.2631582 2.0289602 2.1845841 2.0289602 2.4153342 2.1249842 3.5317972 2.0074579 2.1571952 2.3830359 2.0269163 2.0269163 2.0131314 2.0033978 3.0107194 2.1502938 2.1103877 2.1103877 2.1103877 2.0115708 1.9862929 9.0000000 0.0000010 2.4289197 2.4819865 1.6577740 2.0769866 2.0769866 2.9619204 0.0000010 1.8860579 1.9109540 2.0062521 2.3456827 1.6155278 2.4236492 0.5624445 0.3601158 0.0000000 0.1628655 0.2387943 0.2378435 0.3038955 0.0000010 0.7855822 0.8908887 1.7870235 1.8892723 1.3457242 1.4198939 1.5640384 1.5640503 1.3712440 1.3526195 1.5580524 1.6274429 1.6079613 1.6321378 1.6871168 1.4599394 1.5164159 1.6786818 1.5162462 1.7491747 3.0474646 2.2839739 2.0517008 2.5100191 2.5211635 2.6601043 2.6785352 3.2294642 2.2866116 1.4529378 2.0554405 
Pocdam_XM_027192622.1                                             2.0029422 1.9289539 1.9966849 1.9164133 2.0347699 1.9072679 2.1426469 1.9705340 2.2929007 1.9831092 2.1922547 2.4071480 2.0437197 2.0464578 2.0535954 2.1100510 2.3558599 2.1937109 2.1101112 2.2700809 1.9556374 2.0215042 1.9701180 2.0619773 2.4140728 1.9757447 2.3079247 1.6810912 1.7594516 1.7236173 2.6260495 0.6339785 1.9124888 1.8853149 1.9448788 2.1271881 1.7370625 2.3559561 0.6526945 0.4930601 0.1628655 0.0000000 0.3604266 0.2911759 0.3769263 0.1742540 1.0136041 1.1608875 1.9144226 1.9235166 1.4578643 1.4412488 1.4814356 1.6834173 1.5927489 1.7223699 1.7676221 2.0122360 1.7848446 1.9939131 2.0722159 1.6645814 1.5845016 1.8900314 1.7146927 1.8002971 2.6710508 2.1453147 1.9640205 2.3226538 2.3097280 2.4594971 2.4261377 2.3536488 2.3486161 1.4577135 1.9603367 
Gfas_gfas1.m1.17876.m1                                            1.9005068 1.9389512 2.0315631 2.0451023 2.1573933 2.0409742 2.2715344 2.0994018 2.3465770 2.1496810 2.3767650 2.6358690 2.1387636 2.1413823 2.1275640 2.1430431 2.3922444 2.1594387 2.1305178 2.2779077 1.9074830 2.0661974 2.0504122 2.2044670 2.5096031 1.8820209 2.1514434 1.6761491 1.7895606 1.9823386 2.3751876 0.6997862 1.9789962 1.8661928 1.9209259 2.0691396 1.8551362 2.2303444 0.4908708 0.3402194 0.2387943 0.3604266 0.0000000 0.2877514 0.3602347 0.4579258 0.9154863 1.0475671 1.8316029 1.9048750 1.3913861 1.4470866 1.4516374 1.7406625 1.4347988 1.5405629 1.5541100 1.8355448 1.7516803 1.8505891 1.8951827 1.7151056 1.6248490 1.7225974 1.6533850 1.7083256 2.4980640 2.0858191 2.0011043 2.3219125 2.3324327 2.4160936 2.3813972 2.1880721 2.1947180 1.4880292 2.3038102 
Fspp_ffun1.m4.30712.m1                                            1.7705221 1.8771302 1.7665916 1.9392483 2.0767346 1.9083245 2.1481577 1.9761086 2.2066053 2.0703713 2.3554781 2.5408064 1.9871175 1.9896443 1.9765952 2.0254007 2.2479227 2.1129411 2.0835264 2.2136519 1.8826348 2.0570240 2.0682191 1.8659243 2.3456344 1.8280489 2.1269440 1.6266320 1.6973004 1.8260221 2.5036560 0.6280807 1.9687411 1.8934600 1.9347567 2.0074292 1.7728576 2.2098273 0.6112311 0.4268486 0.2378435 0.2911759 0.2877514 0.0000000 0.2596398 0.4045005 0.8918819 1.0475873 1.7945167 1.9480022 1.4530535 1.3735002 1.5571290 1.7311662 1.3859377 1.5897870 1.6166680 1.9160168 1.8316199 1.7543506 1.7909898 1.6575275 1.6174998 1.6890461 1.5475014 1.6805053 2.5847732 1.9220290 1.6464755 2.1775810 2.1581145 2.2775446 2.2453816 2.1470644 2.1784045 1.4019670 2.1311351 
Gasp_gasp1.m3.30299.m1                                            1.9555248 2.0891073 2.0369889 2.2167223 2.3207790 2.1722800 2.3207790 2.2491567 2.3688557 2.5579175 2.8662929 2.8662929 2.1543111 2.1624866 2.1199302 2.3903147 2.5452378 2.3973439 2.3894895 2.5866778 2.2068270 2.3298977 2.2154460 2.1635865 2.6021065 1.9177764 2.1482189 1.8041679 1.9719551 2.1687507 2.3046657 0.6716908 2.0088139 1.8866304 1.9319682 2.0145471 2.1073004 2.0337339 0.6399779 0.4859620 0.3038955 0.3769263 0.3602347 0.2596398 0.0000000 0.4647794 1.0368449 1.0885484 1.8985839 2.0690563 1.6144812 1.6136328 1.7461662 2.0085857 1.6242148 2.0060374 1.7879709 2.0060552 2.0408309 1.9434799 2.0603235 1.9536793 1.5393909 1.6961447 1.6484770 1.8531505 2.4487743 1.9186011 1.8174364 2.2248956 2.2054618 2.2956025 2.2377166 2.2931557 2.0996842 1.6459130 2.0764454 
Spis_XP_022778356_1                                               1.8280365 2.0587249 1.7702199 1.9685687 1.9685687 1.9419346 1.9685687 1.9419346 1.9833997 3.0591324 3.0591324 3.0591324 2.1161102 2.0995068 2.1620073 2.3960953 2.0191100 2.1939320 2.1574268 2.3343121 1.8822801 3.3815921 3.1915855 1.8910419 2.2277405 1.8947892 1.9327757 1.7380446 1.7664546 1.9721394 2.0725807 0.5728445 1.8769442 1.6217850 1.7166427 1.6105649 1.7338423 2.1111224 0.6704488 0.6820955 0.0000010 0.1742540 0.4579258 0.4045005 0.4647794 0.0000000 1.2632166 1.3759053 1.9675517 2.0561524 1.5018116 1.5514808 1.5962349 1.9996608 1.6482544 2.0300701 1.8947253 2.1213108 1.9164379 2.5049123 2.4715696 1.7410298 1.6931475 1.9645911 1.9641033 1.8091929 2.0446503 2.2831120 2.1830938 2.5909464 2.5819660 2.6768462 2.5868308 2.0089169 2.1303954 3.0412302 2.5822311 
Exapal_XM_021057392.2                                             2.0372687 1.9731217 1.9310181 1.8969829 1.9486394 1.8376529 1.9668553 1.8526643 1.9348396 2.0297507 2.1589641 2.2242953 2.1596965 2.1574407 2.1095899 2.0246985 1.8421641 1.8371959 1.9688557 1.9688557 1.8765811 2.0857066 2.1208037 1.6191485 1.6813791 1.6953230 2.0379294 1.4931340 1.5700095 1.6840091 2.1124120 0.5783158 1.7466029 1.4065403 1.4473715 1.7002554 1.5538541 1.7082056 1.2520042 1.0235512 0.7855822 1.0136041 0.9154863 0.8918819 1.0368449 1.2632166 0.0000000 0.6760300 1.5941411 1.6772182 1.2513862 1.2583385 1.2697355 1.4875952 1.0739411 1.2072075 1.5149230 1.5201298 1.5179873 1.5382004 1.5612477 1.5743494 1.5248928 1.4880568 1.4689060 1.5424061 2.5102864 1.8476036 1.6894223 1.8716308 1.8933057 2.0230168 2.0254145 2.2527201 2.1962737 1.4423656 1.8993523 
