73
Lcom_lcpid42380                                         0.0000000 0.3613382 0.3386559 0.5439125 0.9095110 1.0768653 0.9362034 1.0139101 1.1554658 1.0598485 1.3491409 0.9471489 1.3614856 1.4147947 1.1266189 0.9948229 1.3315452 1.2884522 1.2037866 0.9909508 0.8851949 1.4654228 0.9234359 1.0880664 1.2890639 1.3481138 0.9151075 1.4437334 1.4974150 0.8884451 1.3224894 1.4979546 1.4546940 1.1942009 1.3111885 1.2843512 1.3104509 1.3442301 1.3559737 1.4307505 1.1571624 1.1743438 1.2155347 0.9562524 1.2523377 1.2215310 1.2760152 1.1250583 1.3988528 1.5269307 0.9849944 1.6600671 1.3766301 0.8863653 1.5283997 1.5238316 1.0364079 0.9569859 1.6889391 1.5094501 1.3077837 1.6408437 1.1979806 1.7783793 1.2746798 1.5537146 0.5211298 1.7931853 1.8169378 1.8264855 2.1238199 3.8931463 3.2883784 
Gracom_Gcom_C561110_01                                  0.3613382 0.0000000 0.4052625 0.5319342 0.8728515 1.2736466 0.8991709 0.8728924 1.4534232 1.0567146 1.5576051 0.9118681 1.5818007 1.5982679 1.0539878 0.9604176 1.5985419 1.5569733 1.3146291 1.1466620 0.9102911 1.4204404 0.9362483 1.0531516 1.5665810 1.6472355 0.8953732 1.7749733 1.7893440 0.8387730 1.5480767 1.7410961 1.6895085 1.5023716 1.5783627 1.4104324 1.4781085 1.4793173 1.5113578 1.5197980 1.1611190 1.1320570 1.3546329 0.7986085 1.2941337 1.2216744 1.4687559 1.1188428 1.5143453 1.8470714 0.9302276 1.8524917 1.3028449 0.9411811 1.7263617 1.6396051 1.0316396 0.8730714 1.9088305 1.6210621 1.2073871 1.7772326 1.3435624 1.9238306 1.3098055 1.9206639 0.6111465 1.5123245 2.1625399 1.9745807 2.7766463 3.4499546 3.2979151 
Leuniv_Lniv_scaffold17184_01                            0.3386559 0.4052625 0.0000000 0.5448401 0.8753855 1.1524521 0.9578397 0.9241888 1.2784850 1.0525617 1.4339755 0.9310716 1.5184583 1.4487227 1.0814913 0.9612407 1.4564350 1.4564746 1.2187981 1.1291891 0.9564903 1.4878640 0.9343324 1.0328413 1.2677030 1.3843437 0.9235975 1.4670915 1.5543337 0.8890777 1.4665520 1.5291388 1.4792729 1.2437363 1.4666958 1.2680864 1.3316475 1.2786494 1.3033381 1.4040308 1.1330103 1.0936822 1.3236310 0.8844821 1.1980714 1.1823914 1.4225125 1.0566087 1.4638893 1.7102825 0.9645528 1.8869168 1.4170648 0.9443320 1.7429402 1.6692832 1.0239760 0.9065832 1.8235709 1.7219120 1.3552454 1.6211780 1.2664685 1.8274194 1.2087276 1.6682589 0.5544905 1.4580184 2.0169315 1.7344850 2.5060314 4.3736016 3.1810437 
Clacor_Ccor_scaffold2383_01                             0.5439125 0.5319342 0.5448401 0.0000000 1.0336196 0.9452820 0.9732359 1.1232025 1.0254733 0.8372134 0.8137464 0.9516551 0.8395769 0.8335345 1.1924861 0.8338237 0.8884919 0.8821579 0.8939291 0.8008296 0.8989925 0.0000010 0.8854188 1.2546759 0.8313587 0.8146484 0.8309708 0.9117851 0.9573667 0.8373578 0.8043126 0.8650067 0.7835767 0.9117369 0.9810198 0.8849048 0.9222660 0.9096689 0.9096689 0.8828664 0.8770457 1.0918898 0.9218100 1.1081999 1.0708537 1.1830950 0.9406396 1.0379381 1.1854321 1.1856606 1.0803962 1.1517782 1.0922852 1.1896751 1.0786328 1.0547265 1.0278998 1.1893416 1.2433469 1.2116284 1.6150791 1.0865616 1.0952191 0.9774399 1.5985196 0.8019971 0.4806369 2.3153088 0.9747746 1.1894028 3.0073355 0.0000010 8.9999990 
Emue_Em0020g887a.t1                                     0.9095110 0.8728515 0.8753855 1.0336196 0.0000000 0.0914083 0.4279557 0.4875682 0.4916659 0.4052018 0.5894188 0.5598209 0.5657609 0.6509099 0.6700962 0.6648943 0.6905484 0.6990571 0.7435860 0.7545284 0.7303031 0.0000010 0.7829389 0.6997923 0.7036383 0.6698452 0.7580671 0.8057618 0.8142587 0.6943484 0.7095638 0.7331416 0.7041868 0.5794551 0.7898356 0.6758557 0.7031323 0.6814008 0.6814008 0.7180791 0.7088200 0.8707122 0.7862114 0.5619544 0.9744214 1.1673348 0.7454518 0.6866822 0.9182587 0.9436815 0.8773547 0.9284325 0.9773604 0.9736824 0.8830063 0.8874124 0.9448021 0.9202674 0.9342938 8.2445946 1.0892033 0.9696377 1.6832790 0.6839691 0.9209510 0.7558058 1.0999756 1.7274962 1.8652836 0.0000010 1.7407613 0.0000010 8.9999986 
Spolac_c103260_g2_i1_m.33297c103260-g2                  1.0768653 1.2736466 1.1524521 0.9452820 0.0914083 0.0000000 0.5411639 0.4930347 0.8343453 0.7023275 0.9661746 0.6460537 0.9398174 1.0049164 0.6511054 0.6752309 0.9913818 0.9984473 0.9274294 0.8866292 0.7280719 0.8456051 0.7164755 0.7069776 1.0687004 1.1271893 0.7336948 1.1148546 1.1139773 0.7201910 0.9991934 1.1594836 1.1338035 0.8749957 1.1122552 1.0277621 1.0752220 1.0559926 1.0610613 1.1204116 0.9297733 0.8845090 1.0291600 0.5337621 1.1078467 0.9010399 1.1271416 0.8068345 1.4065431 1.7362672 0.9505167 1.7697583 1.4045785 0.9799220 1.6248461 1.5378831 1.0338050 0.8704403 1.7120926 1.6769468 1.0121409 1.2667528 1.0022699 1.1804453 0.9511456 1.3493304 1.5688734 1.4146129 0.4749658 1.5900399 1.3584315 3.4658863 2.4541670 
Tetwil_g6481.t1                                         0.9362034 0.8991709 0.9578397 0.9732359 0.4279557 0.5411639 0.0000000 0.2709334 0.5544978 0.5056932 0.6671158 0.7782718 0.6784906 0.6770358 0.5534832 0.7148910 0.7708750 0.7574345 0.7555429 0.8865272 0.7239473 5.8522759 0.8100436 0.8712012 0.7744471 0.7269679 0.7510210 0.7915479 0.8362528 0.7526277 0.7933994 0.7339768 0.7083029 0.6384539 0.8125372 0.7239710 0.7629970 0.7469318 0.7530685 0.8034867 0.7923771 0.9727767 0.8443042 0.3115514 1.1250898 0.9328139 0.8087302 0.8242532 1.1909701 1.2074445 0.9702578 1.2572297 1.2846617 1.1264381 1.2490272 1.2573357 1.0127623 0.9194660 1.3463498 2.2144922 0.9960475 1.0943853 1.2321679 0.7516452 0.9014499 0.9579957 1.1076658 0.9814271 0.8488693 1.6455196 2.4451933 2.3004990 8.9999980 
Stycar_maker-SC_scaffold7378-snap-gene-0.6-mRNA-1       1.0139101 0.8728924 0.9241888 1.1232025 0.4875682 0.4930347 0.2709334 0.0000000 0.4731860 0.4650855 0.5577297 0.6567897 0.6527347 0.5789657 0.4558166 0.5413033 0.5529186 0.5727564 0.7054138 0.6953809 0.6050163 0.0000010 0.6792917 0.8873370 0.6857292 0.6592348 0.6791020 0.7122260 0.7845635 0.7161322 0.5889459 0.7143299 0.7143299 0.5525695 0.7682011 0.6340560 0.6782750 0.6651082 0.6651082 0.6643843 0.6643843 0.8826013 0.8018250 0.0307633 1.0766150 0.8659305 0.7530361 0.6553851 0.9645751 0.9678594 0.9580409 0.9595897 0.9490921 1.1627028 0.8831197 0.9060210 1.0788038 0.9707467 0.9898144 1.3505896 1.1195899 1.0106586 1.1501277 0.5140298 1.0754387 0.8090910 1.1945013 0.1098627 0.7981918 0.0000010 1.1553894 0.0000010 8.9999982 
Aque_Aqu2.1.43495_001                                   1.1554658 1.4534232 1.2784850 1.0254733 0.4916659 0.8343453 0.5544978 0.4731860 0.0000000 0.3309632 1.0523014 0.7084400 1.1908650 1.1811880 0.7056304 0.7024098 1.2885506 1.2529656 0.9101481 1.1087828 0.8121483 1.2914516 0.7786185 0.9197011 1.2313113 1.2529997 0.7329482 1.2594297 1.2824254 0.6927802 1.1660613 1.3576867 1.3485328 0.9627701 1.1639255 1.0656068 1.0961584 1.0611120 1.0786781 1.1990372 0.8555199 0.9168112 1.1603899 0.5628707 1.1346081 0.8794104 1.1419479 0.7899881 1.4570222 1.9180443 0.9313489 1.8687748 1.3854676 1.0959918 1.7704266 1.6363089 0.9726072 0.8121740 1.7769370 1.5965309 0.8814445 1.4162099 1.0431563 1.5483262 0.8915671 1.5380522 1.5718842 1.2979059 1.4344030 1.5757817 1.7453329 3.7379790 3.3856284 
Xestes_maker-XT_scaffold632-augustus-gene-0.13-mRNA-1   1.0598485 1.0567146 1.0525617 0.8372134 0.4052018 0.7023275 0.5056932 0.4650855 0.3309632 0.0000000 0.7661281 0.6765419 0.8450326 0.7302192 0.4989797 0.5903262 0.8600202 0.8650892 0.7760931 0.8814039 0.6130685 1.1533359 0.6644006 0.8492279 0.7587119 0.8150626 0.6837575 0.8234588 0.8469815 0.6368330 0.7645557 0.8356642 0.8193306 0.7023415 0.8601808 0.7642685 0.7983263 0.7839270 0.7943573 0.8785804 0.8398439 0.8129131 0.9507843 0.6025474 1.0919974 0.7542780 0.9104791 0.7418544 1.3504673 1.4318491 0.8388799 1.3697040 1.2501143 0.9832222 1.3163226 1.3215944 0.9270595 0.7829265 1.4484490 1.6948564 0.8109336 1.0856151 0.9200107 0.9472227 0.9618579 1.0852921 1.1697097 1.7889204 1.0463702 1.2069495 1.1116339 1.8845257 2.9818049 
Cgig_XM_034455329.1                                     1.3491409 1.5576051 1.4339755 0.8137464 0.5894188 0.9661746 0.6671158 0.5577297 1.0523014 0.7661281 0.0000000 0.4176094 0.7258706 0.7953876 0.5040943 0.4937287 1.0963553 1.1315847 0.6783439 0.8740918 0.4657565 1.0742612 0.6377652 0.5990739 0.9591049 1.0357157 0.5284059 1.0634062 1.1097034 0.5398129 1.0609194 1.2300732 1.1720436 1.0597823 1.1063758 0.8942418 0.9764157 0.9251576 0.9325173 1.0750047 0.7423017 0.5981800 0.9329445 0.6042530 0.9699018 0.5546319 1.0698272 0.6554033 1.4911296 1.8389115 0.8778797 1.7440125 1.3305624 1.0062623 1.7364632 1.6485853 1.0344999 0.8878834 1.9267974 1.6737952 1.1088341 1.2708611 0.8411594 1.0517630 0.8408543 1.5237814 1.7664274 1.3411421 1.9513117 1.5591441 1.9162768 3.5582106 2.5591776 
Ctel_gnl_WGS_AMQN_CAPTEDRAFT_mRNA157358                 0.9471489 0.9118681 0.9310716 0.9516551 0.5598209 0.6460537 0.7782718 0.6567897 0.7084400 0.6765419 0.4176094 0.0000000 0.4461093 0.4948745 0.5639710 0.6158063 0.6351313 0.6201389 0.5695165 0.6802269 0.5204194 0.9206796 0.6537664 0.6212615 0.6287140 0.5745500 0.5671050 0.6183473 0.6207599 0.5689320 0.6235055 0.6131643 0.5758612 0.6268223 0.6235807 0.6614914 0.6746424 0.6724240 0.6766600 0.6923305 0.6916814 0.6561916 0.7982898 0.7362359 0.8461709 0.8964756 0.6059869 0.7298025 1.3141391 1.3285519 0.9726057 1.2308262 1.2311278 1.0023304 1.2224333 1.2475629 1.1079819 0.8637308 1.3418151 1.7246318 1.2067345 0.9189519 0.7684929 0.5062394 0.8070799 0.7429614 1.0156899 1.3588917 0.7522579 0.6692243 0.6671592 0.3882204 2.2851677 
Acagra_model.g4746.t1_model.g4748.t1                    1.3614856 1.5818007 1.5184583 0.8395769 0.5657609 0.9398174 0.6784906 0.6527347 1.1908650 0.8450326 0.7258706 0.4461093 0.0000000 0.9496738 0.5269839 0.5171714 1.0569986 1.0041210 0.7354418 1.0405272 0.4050931 1.2204959 0.6694141 0.5538153 1.0775317 1.0576128 0.5497606 1.1408010 1.1473444 0.5300658 1.0550889 1.2223733 1.2071532 1.0777977 1.1147241 0.9847171 1.0336848 1.0155944 1.0388386 1.1162761 0.7928142 0.6864613 1.0091034 0.7137182 0.9919002 0.6881073 1.1454103 0.7117320 1.4539273 1.8894569 0.9178010 1.7099886 1.3698945 0.8350798 1.6598130 1.5585712 1.0089872 0.8028834 1.9120058 1.7063128 1.0070904 1.3367343 1.0185613 1.0177390 0.8711721 1.4980276 1.9366364 1.5812231 1.7846770 1.5840339 2.0464944 3.4607107 2.5592017 
Bralan_BLAG09000527_1                                   1.4147947 1.5982679 1.4487227 0.8335345 0.6509099 1.0049164 0.6770358 0.5789657 1.1811880 0.7302192 0.7953876 0.4948745 0.9496738 0.0000000 0.5233013 0.5805197 1.0077755 1.0014173 0.7334083 0.8977171 0.5547723 1.0782350 0.5564271 0.7876949 0.9943802 1.0020655 0.5236966 1.1123072 1.1276705 0.5230388 1.0235720 1.1995093 1.1655577 1.1253286 1.1986126 0.9708254 1.0509973 1.0455932 1.0914603 1.1309675 0.7722751 0.6430658 0.9554546 0.6641741 1.0027723 0.7537668 1.1677681 0.6914791 1.4236047 1.8408482 1.0772811 1.9674421 1.3332596 1.1137814 1.6422439 1.5995791 1.0565764 0.9209127 1.9230251 1.4085640 1.2214980 1.3114554 0.9917100 1.0900177 0.8929537 1.5820619 1.8576188 1.3538806 1.7079400 1.6723549 2.2064669 3.2427921 2.4814727 
Chem_TCONS_00041263                                     1.1266189 1.0539878 1.0814913 1.1924861 0.6700962 0.6511054 0.5534832 0.4558166 0.7056304 0.4989797 0.5040943 0.5639710 0.5269839 0.5233013 0.0000000 0.0146488 0.3536800 0.3963445 0.5204596 0.6159773 0.4835652 0.0000010 0.6021861 1.1103994 0.7242591 0.6217045 0.6195347 0.7399973 0.7696768 0.6573766 0.6568154 0.6621301 0.6621301 0.7462608 0.9463176 0.6281825 0.6785769 0.6468782 0.6468782 0.6450738 0.6301009 0.6689197 0.6057061 1.8927120 0.7020266 5.4852400 0.8040515 0.4416918 1.0310456 1.0604874 1.1969171 1.1969171 1.1003116 1.2413715 1.0448973 1.0723137 1.1351305 1.0473413 1.1723466 0.0000010 1.0781874 1.2288424 2.3581712 0.5113888 0.6127440 0.6147111 0.0000010 1.0702512 0.0000010 0.0000010 0.0000010 0.0000010 8.9999983 
Chem_TCONS_00065950                                     0.9948229 0.9604176 0.9612407 0.8338237 0.6648943 0.6752309 0.7148910 0.5413033 0.7024098 0.5903262 0.4937287 0.6158063 0.5171714 0.5805197 0.0146488 0.0000000 0.4378505 0.4465865 0.5924449 0.6256300 0.4563244 0.8299984 0.6330092 0.6567069 0.5762984 0.5298256 0.5008928 0.5722795 0.5984099 0.5499146 0.5269668 0.5237842 0.4959945 0.6602839 0.6123658 0.6003882 0.6333761 0.6086955 0.6129511 0.6552825 0.6475134 0.7744905 0.7499501 0.7099188 0.8844036 0.5811106 0.5594974 0.5646937 1.1939471 1.2050937 0.8351448 1.0806649 1.0845294 1.0378085 1.0139549 1.0310603 0.9604236 0.9345122 1.1669300 1.4305251 1.0464738 0.9237063 0.8087556 0.6029318 0.6065501 0.3743225 0.9884223 1.2973961 0.7647851 0.5457507 0.6723913 0.0000010 2.7153953 
Nemnom_g1663.t1                                         1.3315452 1.5985419 1.4564350 0.8884919 0.6905484 0.9913818 0.7708750 0.5529186 1.2885506 0.8600202 1.0963553 0.6351313 1.0569986 1.0077755 0.3536800 0.4378505 0.0000000 0.2229036 0.8476697 0.9681984 0.4289958 0.9411774 0.6143016 0.7990664 1.0671620 1.0608639 0.5283350 1.1625303 1.1562999 0.5901524 1.0519295 1.1827592 1.1424477 1.2197641 1.0785858 1.0624075 1.1698559 1.1163889 1.1327508 1.1575949 0.8570157 0.7820566 1.0833959 0.7271681 1.1621455 0.7227811 1.1135584 0.3208518 1.4270317 1.7754056 1.0426324 1.8645193 1.3691705 0.9111601 1.5848296 1.4947259 1.0029367 0.8393030 1.9838013 1.7679197 1.1392333 1.5067140 1.2197029 1.4519311 0.5924363 1.3843694 2.0549553 1.3943780 1.8793044 1.2586543 2.2487925 2.7887372 1.6473848 
Rhoesc_Res_014398-T1                                    1.2884522 1.5569733 1.4564746 0.8821579 0.6990571 0.9984473 0.7574345 0.5727564 1.2529656 0.8650892 1.1315847 0.6201389 1.0041210 1.0014173 0.3963445 0.4465865 0.2229036 0.0000000 0.8351026 0.9804419 0.4241883 1.0419010 0.6148456 0.7866262 1.0200262 1.0281765 0.5088329 1.0740155 1.1181715 0.5806240 1.0623291 1.1083880 1.0609021 1.1630496 1.0794222 1.0661455 1.1527983 1.0977843 1.1232446 1.1257791 0.7986653 0.7621556 1.0851109 0.7038983 1.1427753 0.7095947 1.0624961 0.3237972 1.4189666 1.7836568 0.9913305 1.8247143 1.3222321 0.8373157 1.5783557 1.5003781 1.0147193 0.8290344 1.9141724 1.6788044 1.2141783 1.4508773 1.2347557 1.3801094 0.6249941 1.4284234 1.9843096 1.2863259 1.8785501 1.1913550 2.4258831 2.9072413 1.7503634 
Spur_XM_030984896.1                                     1.2037866 1.3146291 1.2187981 0.8939291 0.7435860 0.9274294 0.7555429 0.7054138 0.9101481 0.7760931 0.6783439 0.5695165 0.7354418 0.7334083 0.5204596 0.5924449 0.8476697 0.8351026 0.0000000 0.9561608 0.5617217 1.0597310 0.6790850 0.6260773 0.7825496 0.8192992 0.6842339 0.8139619 0.8240314 0.5966052 0.7877362 0.8723162 0.8736286 0.8447413 0.8949177 0.8599307 0.8708034 0.8804656 0.8891843 0.9199362 0.8650644 0.6975691 0.8960589 0.7650258 0.9233229 0.8359032 0.8811593 0.7126023 1.2255467 1.3814620 0.9389488 1.3801138 1.2610068 1.1571194 1.3543147 1.3155221 1.1128811 0.8977518 1.4732522 1.3356614 1.1502789 1.1297202 1.0625192 0.8309823 0.7076677 1.1751491 1.4215898 1.8188135 1.3071135 1.1693107 1.1160064 1.7703412 2.7941693 
Opea_EP00118_Oscarella_pearsei_P009516                  0.9909508 1.1466620 1.1291891 0.8008296 0.7545284 0.8866292 0.8865272 0.6953809 1.1087828 0.8814039 0.8740918 0.6802269 1.0405272 0.8977171 0.6159773 0.6256300 0.9681984 0.9804419 0.9561608 0.0000000 0.0000010 0.1012663 0.5376234 0.6413259 0.9609171 1.0102969 0.7663559 1.0431255 1.0787595 0.7207658 0.9125177 0.9946677 0.9737649 1.0136938 0.9270902 0.7917445 0.8548010 0.7940181 0.8208297 0.8372864 0.7310795 0.8361529 1.0778374 0.7524246 1.1366096 0.7486639 0.9499450 0.7203164 1.4667754 1.5801700 0.9377840 1.6366886 1.3716313 0.8727593 1.5853421 1.5003773 1.0542847 0.8298811 1.7350972 1.5559057 1.1788335 1.2248516 1.0885756 1.0940015 0.9287508 1.2030992 1.2879545 1.4280341 1.1701971 1.2472627 1.5122426 2.4373123 2.7096968 
Ocar_g9963                                              0.8851949 0.9102911 0.9564903 0.8989925 0.7303031 0.7280719 0.7239473 0.6050163 0.8121483 0.6130685 0.4657565 0.5204194 0.4050931 0.5547723 0.4835652 0.4563244 0.4289958 0.4241883 0.5617217 0.0000010 0.0000000 0.0000010 0.4229186 0.5976027 0.7209147 0.6619447 0.6587441 0.7144989 0.7465343 0.6662654 0.7302427 0.7352782 0.7352782 0.7309297 0.7002106 0.4952645 0.5641949 0.4878194 0.4878194 0.5855915 0.5710054 0.6737091 0.6912308 1.2087447 0.7130357 1.4217070 0.4881942 0.5361468 0.8775332 0.8866370 0.8835950 0.8984980 0.7779323 0.7005776 0.7850315 0.7703618 0.8418692 0.6592210 0.9365549 0.0000010 0.9983494 0.9256508 2.9362405 0.4928814 0.7712232 0.3453389 3.7880380 1.0702512 0.0000010 0.0000010 0.7061152 0.0000010 8.9999988 
Ocar_g4174                                              1.4654228 1.4204404 1.4878640 0.0000010 0.0000010 0.8456051 5.8522759 0.0000010 1.2914516 1.1533359 1.0742612 0.9206796 1.2204959 1.0782350 0.0000010 0.8299984 0.9411774 1.0419010 1.0597310 0.1012663 0.0000010 0.0000000 0.5633974 0.0000010 1.1265276 1.0541512 0.9825395 1.1300225 1.1675197 0.8722120 0.9659064 0.9381233 0.9381233 1.0137335 1.0904393 0.7588457 0.7746574 0.7815513 0.7815513 0.8607080 0.8318358 1.4325379 1.1920428 0.0000010 1.5773818 0.0000010 1.1535445 0.9006677 1.9705155 2.0928405 0.0000010 1.6381457 1.6578953 0.0000010 1.8874657 1.8556601 0.0000010 0.0000010 1.7965335 1.3377873 0.0000010 1.0707452 0.9252913 1.0945753 0.0000010 1.5350611 1.4257635 8.9738076 0.9149026 1.1205327 1.0301198 1.3426756 1.0072571 
Plajan_Pjan_scaffold11871_01                            0.9234359 0.9362483 0.9343324 0.8854188 0.7829389 0.7164755 0.8100436 0.6792917 0.7786185 0.6644006 0.6377652 0.6537664 0.6694141 0.5564271 0.6021861 0.6330092 0.6143016 0.6148456 0.6790850 0.5376234 0.4229186 0.5633974 0.0000000 0.7863918 0.7061816 0.6211862 0.6320431 0.6639013 0.6787525 0.6310761 0.6487366 0.6598283 0.6488802 0.7230476 0.7182421 0.6832407 0.7134494 0.7001533 0.7047374 0.7409851 0.7327333 0.7878297 0.8246825 0.6835656 1.0121563 0.8508757 0.7123294 0.7243879 1.2071265 1.2266019 0.9746730 1.1547174 1.1613255 0.8913295 1.1330218 1.1515479 1.1651138 0.7786619 1.3392899 1.6510822 1.1524613 0.9133690 0.9130716 0.6162477 0.8490782 0.8245426 0.9951905 1.2639660 0.7633295 0.7671477 0.5697710 0.2147739 2.9206290 
Fspp_ffun1.m4.12976.m1                                  1.0880664 1.0531516 1.0328413 1.2546759 0.6997923 0.7069776 0.8712012 0.8873370 0.9197011 0.8492279 0.5990739 0.6212615 0.5538153 0.7876949 1.1103994 0.6567069 0.7990664 0.7866262 0.6260773 0.6413259 0.5976027 0.0000010 0.7863918 0.0000000 0.3542745 0.3542745 0.3627539 0.4291313 0.4421462 0.6083895 0.5890933 0.3733611 0.3733611 0.7584569 0.7693703 0.5802095 0.7425550 0.5485305 0.5877660 0.6058352 0.6195801 0.6647019 0.6298389 0.6385743 0.9256459 1.2252739 0.8238232 0.7358818 1.0707369 1.0723478 0.8518770 0.8889676 1.0570960 1.1028334 1.0793191 1.0533686 1.1320922 1.0413028 1.1854427 0.0000010 1.3270543 0.9579418 2.5514879 0.7143845 0.8232632 0.1839853 0.8071880 1.0702512 0.0000010 0.0000010 2.2848467 0.0000010 9.0000000 
Fspp_ffun1.m4.12987.m1                                  1.2890639 1.5665810 1.2677030 0.8313587 0.7036383 1.0687004 0.7744471 0.6857292 1.2313113 0.7587119 0.9591049 0.6287140 1.0775317 0.9943802 0.7242591 0.5762984 1.0671620 1.0200262 0.7825496 0.9609171 0.7209147 1.1265276 0.7061816 0.3542745 0.0000000 0.2039919 0.1147790 0.3120478 0.3204856 0.3817833 0.7101516 0.4064145 0.4046109 1.0908718 1.0062871 1.0826038 1.1820475 1.0863809 1.1299132 1.1286034 0.7772004 0.7495463 1.1222383 0.6419707 1.0217448 0.7441832 0.8752440 0.7273123 1.5072568 1.8769202 0.9594176 1.8669632 1.3174401 1.1365098 1.7267830 1.5853441 1.0802813 0.9737445 1.8689795 1.6088716 1.2819406 1.4817544 0.8990961 1.1611756 0.6760906 1.4088407 1.7405643 1.2852987 1.8006965 1.1453849 2.0811667 2.8906956 2.5809972 
Gasp_gasp1.m3.5362.m1                                   1.3481138 1.6472355 1.3843437 0.8146484 0.6698452 1.1271893 0.7269679 0.6592348 1.2529997 0.8150626 1.0357157 0.5745500 1.0576128 1.0020655 0.6217045 0.5298256 1.0608639 1.0281765 0.8192992 1.0102969 0.6619447 1.0541512 0.6211862 0.3542745 0.2039919 0.0000000 0.0812145 0.2877317 0.3296599 0.3277153 0.7274005 0.4423566 0.4421405 1.2532036 0.9162297 1.0802131 1.1442711 1.0801152 1.1117671 1.0967820 0.7906464 0.7189123 1.1600639 0.6306733 1.0320569 0.7954737 0.9257141 0.6592113 1.5806987 1.9402089 0.9172340 1.8968215 1.4002534 1.0730891 1.7618813 1.6169558 1.0510694 0.9136776 2.0594867 1.6407847 1.1584372 1.4904694 0.9255368 1.3094279 0.6494596 1.5995215 1.8970870 1.2453250 1.9775221 1.3066440 2.1287116 3.1885418 2.2928297 
Gfas_gfas1.m1.5537.m1                                   0.9151075 0.8953732 0.9235975 0.8309708 0.7580671 0.7336948 0.7510210 0.6791020 0.7329482 0.6837575 0.5284059 0.5671050 0.5497606 0.5236966 0.6195347 0.5008928 0.5283350 0.5088329 0.6842339 0.7663559 0.6587441 0.9825395 0.6320431 0.3627539 0.1147790 0.0812145 0.0000000 0.1176184 0.1302366 0.3504573 0.3559490 0.1316963 0.1274874 0.6923473 0.5477309 0.6425974 0.6518306 0.6146592 0.6191919 0.6420486 0.6338111 0.6368600 0.7949590 0.6484532 0.8885812 0.9519922 0.5437364 0.6728274 1.3067108 1.2990184 0.9061667 1.1490977 1.2022797 1.0224700 1.0644756 1.0698505 0.9836201 0.9699148 1.2253653 1.7573427 1.0687668 0.9703950 0.7916132 0.5056400 0.7155634 0.5926391 0.9416998 1.2670548 0.7854771 0.5263390 0.6556230 0.2925305 1.8341385 
Pocdam_XM_027187736.1                                   1.4437334 1.7749733 1.4670915 0.9117851 0.8057618 1.1148546 0.7915479 0.7122260 1.2594297 0.8234588 1.0634062 0.6183473 1.1408010 1.1123072 0.7399973 0.5722795 1.1625303 1.0740155 0.8139619 1.0431255 0.7144989 1.1300225 0.6639013 0.4291313 0.3120478 0.2877317 0.1176184 0.0000000 0.1271265 0.3670789 0.7508514 0.4951306 0.4910729 1.2400710 1.0176423 1.1433879 1.2081321 1.1278524 1.1759756 1.1694792 0.8062640 0.7399341 1.1756210 0.6500916 1.0151177 0.7860559 0.9660121 0.6835675 1.5563670 1.9908597 1.0157894 1.9962963 1.3522500 1.0825183 1.8204559 1.6649426 1.0999808 1.0200133 1.9771476 1.5790559 1.1553035 1.5186656 0.8918845 1.3456943 0.7241683 1.5435911 2.0520551 1.3418947 2.0696956 1.3208454 2.2936585 3.3926033 2.2775556 
Spis_XP_022804444_1                                     1.4974150 1.7893440 1.5543337 0.9573667 0.8142587 1.1139773 0.8362528 0.7845635 1.2824254 0.8469815 1.1097034 0.6207599 1.1473444 1.1276705 0.7696768 0.5984099 1.1562999 1.1181715 0.8240314 1.0787595 0.7465343 1.1675197 0.6787525 0.4421462 0.3204856 0.3296599 0.1302366 0.1271265 0.0000000 0.3919535 0.7910795 0.5169163 0.5276861 1.2769315 1.0525380 1.1750660 1.2851095 1.1876103 1.2375498 1.2105428 0.8463908 0.7473454 1.1873828 0.6872094 1.0308519 0.8575789 0.9921915 0.6870655 1.6270822 2.0418801 1.0782845 2.0497716 1.4089493 1.1313952 1.8449485 1.6932629 1.1485688 1.0689223 2.0700187 1.6666676 1.1290508 1.5262022 0.9660463 1.3617172 0.7754637 1.6265359 2.0333833 1.3378042 1.9953416 1.4335839 2.2181883 3.3897019 2.3520363 
Nvec_v1g188209                                          0.8884451 0.8387730 0.8890777 0.8373578 0.6943484 0.7201910 0.7526277 0.7161322 0.6927802 0.6368330 0.5398129 0.5689320 0.5300658 0.5230388 0.6573766 0.5499146 0.5901524 0.5806240 0.5966052 0.7207658 0.6662654 0.8722120 0.6310761 0.6083895 0.3817833 0.3277153 0.3504573 0.3670789 0.3919535 0.0000000 0.2701792 0.4024206 0.3947903 0.6007734 0.5195770 0.6230011 0.6117227 0.6323002 0.6364138 0.6528203 0.6513517 0.7181902 0.7675841 0.6827058 0.9794357 0.6709115 0.5463537 0.6595402 1.2289920 1.2311955 0.9055626 1.1693038 1.1770803 1.0257162 1.1212757 1.1449704 1.0401898 0.9144321 1.2392538 1.5080318 1.1277583 0.8523717 0.8725650 0.5783734 0.7554539 0.6068341 0.8681733 1.5838815 0.7701444 0.5407871 0.6170333 0.2912953 2.4276609 
Exapal_XM_021056732.2                                   1.3224894 1.5480767 1.4665520 0.8043126 0.7095638 0.9991934 0.7933994 0.5889459 1.1660613 0.7645557 1.0609194 0.6235055 1.0550889 1.0235720 0.6568154 0.5269668 1.0519295 1.0623291 0.7877362 0.9125177 0.7302427 0.9659064 0.6487366 0.5890933 0.7101516 0.7274005 0.3559490 0.7508514 0.7910795 0.2701792 0.0000000 0.8207821 0.8095240 1.0687800 0.9724866 1.0492696 1.1374259 1.1249091 1.1741878 1.1259936 0.8402402 0.8399524 1.0664499 0.6309002 1.0377398 0.6960602 0.9114475 0.7281471 1.5431693 1.9263146 0.9965218 1.8529898 1.2953051 1.0129006 1.6758847 1.6087329 1.1076457 0.8479835 1.9449658 1.3184764 1.1159474 1.3737456 1.0132653 1.2540823 0.8106339 1.4955043 1.7454412 1.5905888 1.9013593 1.3711925 2.2433119 2.4092434 2.4258416 
Amil_Amillepora14378-RA                                 1.4979546 1.7410961 1.5291388 0.8650067 0.7331416 1.1594836 0.7339768 0.7143299 1.3576867 0.8356642 1.2300732 0.6131643 1.2223733 1.1995093 0.6621301 0.5237842 1.1827592 1.1083880 0.8723162 0.9946677 0.7352782 0.9381233 0.6598283 0.3733611 0.4064145 0.4423566 0.1316963 0.4951306 0.5169163 0.4024206 0.8207821 0.0000000 0.0144419 1.2818985 1.0458854 1.2809622 1.4127717 1.3125892 1.3596036 1.3732429 0.9318536 0.6785285 1.2699726 0.5940952 1.0540578 0.8038185 0.9993797 0.7603571 1.6255467 1.9951468 0.9521135 1.9968348 1.3918864 0.9622216 1.7819450 1.6570436 1.0579562 0.8954055 2.0139605 1.5208447 1.0562164 1.5321376 0.8704394 1.5444135 0.6709417 1.5484254 2.1208439 1.3009562 2.0218138 1.3671442 2.5676940 2.9207159 3.1768644 
Amil_Amillepora14388-RA                                 1.4546940 1.6895085 1.4792729 0.7835767 0.7041868 1.1338035 0.7083029 0.7143299 1.3485328 0.8193306 1.1720436 0.5758612 1.2071532 1.1655577 0.6621301 0.4959945 1.1424477 1.0609021 0.8736286 0.9737649 0.7352782 0.9381233 0.6488802 0.3733611 0.4046109 0.4421405 0.1274874 0.4910729 0.5276861 0.3947903 0.8095240 0.0144419 0.0000000 1.2316127 1.0419203 1.2196376 1.3462425 1.2493043 1.2942950 1.3244276 0.8861603 0.6786769 1.2314153 0.6206249 1.0227407 0.8128604 1.0006474 0.7315893 1.5515678 1.9972173 0.9099820 1.9745394 1.3527407 0.9622216 1.7586468 1.6382413 0.9880817 0.8954055 2.0028481 1.5687612 1.0562164 1.4867925 0.8363459 1.6129727 0.6709417 1.5448710 2.0447125 1.3007716 2.0932340 1.4847609 2.5130324 2.9323564 3.1427306 
Plespi_Pspi_scaffold14067_01                            1.1942009 1.5023716 1.2437363 0.9117369 0.5794551 0.8749957 0.6384539 0.5525695 0.9627701 0.7023415 1.0597823 0.6268223 1.0777977 1.1253286 0.7462608 0.6602839 1.2197641 1.1630496 0.8447413 1.0136938 0.7309297 1.0137335 0.7230476 0.7584569 1.0908718 1.2532036 0.6923473 1.2400710 1.2769315 0.6007734 1.0687800 1.2818985 1.2316127 0.0000000 1.1855990 1.1314410 1.1946448 1.1594774 1.1831420 1.2062959 0.9489358 0.9324142 1.2023699 0.5887797 1.1885044 0.8929367 1.1790092 0.8126172 1.5836326 1.7732969 1.0621804 1.8536137 1.4471228 1.1578328 1.6861950 1.6483561 1.1126141 0.9641362 1.8119972 1.4481561 1.2327234 1.5472298 1.0472291 1.3705533 0.8237454 1.5630052 1.6383831 1.1772476 1.3903440 1.7102623 1.5904870 3.6459625 2.8138643 
Dgig_XM_028539669.1                                     1.3111885 1.5783627 1.4666958 0.9810198 0.7898356 1.1122552 0.8125372 0.7682011 1.1639255 0.8601808 1.1063758 0.6235807 1.1147241 1.1986126 0.9463176 0.6123658 1.0785858 1.0794222 0.8949177 0.9270902 0.7002106 1.0904393 0.7182421 0.7693703 1.0062871 0.9162297 0.5477309 1.0176423 1.0525380 0.5195770 0.9724866 1.0458854 1.0419203 1.1855990 0.0000000 1.0819265 1.1607290 1.0881231 1.1181845 1.1043125 0.8251274 0.9205430 1.1987706 0.6486763 1.0347896 0.7951178 0.4544045 0.8012124 1.5797307 1.9364103 0.9955300 1.9267348 1.4512888 1.0519707 1.7479375 1.6567271 1.0401685 0.8929327 2.0980556 1.6018181 1.1773651 1.4008541 0.9652447 1.3143871 0.9649744 1.3128174 1.7173633 1.1309626 1.8544112 1.3092438 2.0582276 3.4025514 2.7004031 
HoiH23_PlH23_004068-RA                                  1.2843512 1.4104324 1.2680864 0.8849048 0.6758557 1.0277621 0.7239710 0.6340560 1.0656068 0.7642685 0.8942418 0.6614914 0.9847171 0.9708254 0.6281825 0.6003882 1.0624075 1.0661455 0.8599307 0.7917445 0.4952645 0.7588457 0.6832407 0.5802095 1.0826038 1.0802131 0.6425974 1.1433879 1.1750660 0.6230011 1.0492696 1.2809622 1.2196376 1.1314410 1.0819265 0.0000000 0.0646616 0.0989170 0.1107837 0.2668776 0.1310405 0.7295256 1.0681908 0.8427775 1.1515102 0.7104188 1.0646707 0.6878940 1.5880865 1.9514605 1.0059536 1.9813166 1.4834945 1.0407313 1.7836729 1.6439236 1.0813643 0.9100970 1.9660870 1.6861638 1.0424011 1.3835165 1.0517291 1.1795368 0.7324557 1.3484512 1.6803509 1.7098060 1.7736936 1.3694805 2.0032599 3.6030489 2.5436685 
HoiH06_mRNA8237                                         1.3104509 1.4781085 1.3316475 0.9222660 0.7031323 1.0752220 0.7629970 0.6782750 1.0961584 0.7983263 0.9764157 0.6746424 1.0336848 1.0509973 0.6785769 0.6333761 1.1698559 1.1527983 0.8708034 0.8548010 0.5641949 0.7746574 0.7134494 0.7425550 1.1820475 1.1442711 0.6518306 1.2081321 1.2851095 0.6117227 1.1374259 1.4127717 1.3462425 1.1946448 1.1607290 0.0646616 0.0000000 0.1227696 0.1212487 0.3000116 0.1265805 0.7320921 1.1337258 0.8749364 1.1935718 0.7107254 1.1845208 0.7176578 1.6423137 2.0765851 1.0645205 2.1654502 1.5341554 1.0668600 1.9185689 1.7536500 1.0976075 0.9516912 2.1416131 1.7059442 1.0562668 1.5047434 1.0654507 1.3191132 0.8265878 1.3928577 1.7999363 1.5979292 1.8559177 1.4682041 2.1331331 3.7070365 2.4449803 
Hhon_g03868.t1                                          1.3442301 1.4793173 1.2786494 0.9096689 0.6814008 1.0559926 0.7469318 0.6651082 1.0611120 0.7839270 0.9251576 0.6724240 1.0155944 1.0455932 0.6468782 0.6086955 1.1163889 1.0977843 0.8804656 0.7940181 0.4878194 0.7815513 0.7001533 0.5485305 1.0863809 1.0801152 0.6146592 1.1278524 1.1876103 0.6323002 1.1249091 1.3125892 1.2493043 1.1594774 1.0881231 0.0989170 0.1227696 0.0000000 0.0116386 0.2654220 0.1224373 0.7046484 1.0580544 0.8674411 1.1712111 0.7104188 1.1364054 0.6882900 1.6297747 1.9675218 1.0364615 2.0188857 1.5300564 1.0373947 1.8533019 1.7060869 1.1148089 0.9191871 2.0112637 1.6691893 1.0844752 1.4286229 1.1066169 1.2952013 0.7411528 1.3743810 1.7102182 1.7621636 1.8294630 1.4167052 2.0223713 4.2909158 2.5644885 
HoiH04_mRNA9752                                         1.3559737 1.5113578 1.3033381 0.9096689 0.6814008 1.0610613 0.7530685 0.6651082 1.0786781 0.7943573 0.9325173 0.6766600 1.0388386 1.0914603 0.6468782 0.6129511 1.1327508 1.1232446 0.8891843 0.8208297 0.4878194 0.7815513 0.7047374 0.5877660 1.1299132 1.1117671 0.6191919 1.1759756 1.2375498 0.6364138 1.1741878 1.3596036 1.2942950 1.1831420 1.1181845 0.1107837 0.1212487 0.0116386 0.0000000 0.2799913 0.1245699 0.7046484 1.0807531 0.8674411 1.1808420 0.7104188 1.1609925 0.6906273 1.6313696 2.0163741 1.0364615 2.0732691 1.5349047 1.0373947 1.8894574 1.7109722 1.1148089 0.9191871 2.0468001 1.6867169 1.0844752 1.4375499 1.1155607 1.3516037 0.7411528 1.3985679 1.7625535 1.7621636 1.8911823 1.4987368 2.1474142 4.9752858 2.5644885 
TrH2_TrispH2_006159-RA                                  1.4307505 1.5197980 1.4040308 0.8828664 0.7180791 1.1204116 0.8034867 0.6643843 1.1990372 0.8785804 1.0750047 0.6923305 1.1162761 1.1309675 0.6450738 0.6552825 1.1575949 1.1257791 0.9199362 0.8372864 0.5855915 0.8607080 0.7409851 0.6058352 1.1286034 1.0967820 0.6420486 1.1694792 1.2105428 0.6528203 1.1259936 1.3732429 1.3244276 1.2062959 1.1043125 0.2668776 0.3000116 0.2654220 0.2799913 0.0000000 0.0034822 0.7534892 1.1485096 0.8925506 1.2097140 0.8264329 1.0931311 0.7459976 1.7351283 2.1621601 1.0867288 2.1960518 1.5589936 1.0268760 1.8492307 1.7549482 1.1006524 0.9006761 2.0371055 1.7245844 1.0416569 1.5029492 1.1936150 1.2911688 0.6926949 1.5966946 1.8440654 1.5092589 1.8770492 1.6414827 2.3178018 4.8421028 2.5781778 
Tadh_TriadT34086                                        1.1571624 1.1611190 1.1330103 0.8770457 0.7088200 0.9297733 0.7923771 0.6643843 0.8555199 0.8398439 0.7423017 0.6916814 0.7928142 0.7722751 0.6301009 0.6475134 0.8570157 0.7986653 0.8650644 0.7310795 0.5710054 0.8318358 0.7327333 0.6195801 0.7772004 0.7906464 0.6338111 0.8062640 0.8463908 0.6513517 0.8402402 0.9318536 0.8861603 0.9489358 0.8251274 0.1310405 0.1265805 0.1224373 0.1245699 0.0034822 0.0000000 0.7615807 0.9884447 0.8925506 1.1360837 0.8236619 0.8003117 0.7472990 1.6427676 1.6743534 1.0320869 1.6909866 1.5226683 1.0339961 1.4842820 1.5138335 1.0974421 0.9202117 1.6124928 1.7125030 1.0640290 1.1289758 1.1707134 0.8663671 0.7013139 1.0887875 1.2919656 1.4615470 1.0730174 1.0859898 1.4100681 2.6960378 2.6015723 
Cscu_XM_023373504.1                                     1.1743438 1.1320570 1.0936822 1.0918898 0.8707122 0.8845090 0.9727767 0.8826013 0.9168112 0.8129131 0.5981800 0.6561916 0.6864613 0.6430658 0.6689197 0.7744905 0.7820566 0.7621556 0.6975691 0.8361529 0.6737091 1.4325379 0.7878297 0.6647019 0.7495463 0.7189123 0.6368600 0.7399341 0.7473454 0.7181902 0.8399524 0.6785285 0.6786769 0.9324142 0.9205430 0.7295256 0.7320921 0.7046484 0.7046484 0.7534892 0.7615807 0.0000000 0.7283020 1.2248337 0.7891326 1.7933921 0.9056748 0.8346264 1.1641498 1.1922590 1.0069235 1.1373215 1.1689040 0.8845880 1.0342192 1.0780893 0.9646533 0.8537595 1.1680547 1.7028400 1.0778475 1.1265772 0.1850319 0.5623223 0.8893257 0.9167855 1.4099245 3.1556458 1.1209735 0.9779916 1.3297617 0.7549469 4.4017249 
Tcas_TC003800_001                                       1.2155347 1.3546329 1.3236310 0.9218100 0.7862114 1.0291600 0.8443042 0.8018250 1.1603899 0.9507843 0.9329445 0.7982898 1.0091034 0.9554546 0.6057061 0.7499501 1.0833959 1.0851109 0.8960589 1.0778374 0.6912308 1.1920428 0.8246825 0.6298389 1.1222383 1.1600639 0.7949590 1.1756210 1.1873828 0.7675841 1.0664499 1.2699726 1.2314153 1.2023699 1.1987706 1.0681908 1.1337258 1.0580544 1.0807531 1.1485096 0.9884447 0.7283020 0.0000000 0.8964348 0.9670626 1.2095041 1.2595624 0.8406077 1.4578265 1.6768145 0.9555385 1.5628536 1.3951429 1.0217856 1.5186550 1.4801790 1.0338442 0.7965756 1.6091303 1.6478408 1.1176210 1.2440692 1.1126168 1.0523530 0.9544832 1.3529650 1.4996840 1.9125467 1.3776756 1.4549800 1.6532186 2.7227182 2.7735421 
Stycar_maker-SC_scaffold94209-augustus-gene-0.3-mRNA-1  0.9562524 0.7986085 0.8844821 1.1081999 0.5619544 0.5337621 0.3115514 0.0307633 0.5628707 0.6025474 0.6042530 0.7362359 0.7137182 0.6641741 1.8927120 0.7099188 0.7271681 0.7038983 0.7650258 0.7524246 1.2087447 0.0000010 0.6835656 0.6385743 0.6419707 0.6306733 0.6484532 0.6500916 0.6872094 0.6827058 0.6309002 0.5940952 0.6206249 0.5887797 0.6486763 0.8427775 0.8749364 0.8674411 0.8674411 0.8925506 0.8925506 1.2248337 0.8964348 0.0000000 1.1225688 0.7165000 0.6017438 0.8244471 0.8399108 0.8399108 0.7999072 0.8014601 0.9191638 0.7441717 0.8710970 0.8893498 1.0021191 0.4954870 0.9512408 2.0951920 2.9137258 0.8868083 1.0484084 1.7822274 0.0000010 0.8848998 1.1060590 0.1876218 0.8016505 0.0000010 1.1553894 0.0000010 8.9999981 
Dpul_mRNA16034                                          1.2523377 1.2941337 1.1980714 1.0708537 0.9744214 1.1078467 1.1250898 1.0766150 1.1346081 1.0919974 0.9699018 0.8461709 0.9919002 1.0027723 0.7020266 0.8844036 1.1621455 1.1427753 0.9233229 1.1366096 0.7130357 1.5773818 1.0121563 0.9256459 1.0217448 1.0320569 0.8885812 1.0151177 1.0308519 0.9794357 1.0377398 1.0540578 1.0227407 1.1885044 1.0347896 1.1515102 1.1935718 1.1712111 1.1808420 1.2097140 1.1360837 0.7891326 0.9670626 1.1225688 0.0000000 1.4030938 1.1155440 1.1697016 1.4627256 1.5227067 1.1968561 1.4854150 1.5114635 1.1796636 1.4763997 1.4058367 1.2426946 1.2022267 1.4984071 1.8593528 1.3895900 1.2087219 1.0200291 1.0273319 1.0285044 1.1792429 1.2752493 1.8889462 1.3382519 1.3221599 1.2762180 1.7124342 3.5479395 
Morvir_scaffold508.g7.t1                                1.2215310 1.2216744 1.1823914 1.1830950 1.1673348 0.9010399 0.9328139 0.8659305 0.8794104 0.7542780 0.5546319 0.8964756 0.6881073 0.7537668 5.4852400 0.5811106 0.7227811 0.7095947 0.8359032 0.7486639 1.4217070 0.0000010 0.8508757 1.2252739 0.7441832 0.7954737 0.9519922 0.7860559 0.8575789 0.6709115 0.6960602 0.8038185 0.8128604 0.8929367 0.7951178 0.7104188 0.7107254 0.7104188 0.7104188 0.8264329 0.8236619 1.7933921 1.2095041 0.7165000 1.4030938 0.0000000 0.6223725 0.7456027 1.3812542 1.4011068 1.1480635 1.0208947 1.0827705 1.9328770 1.1944801 1.2001599 1.3092786 2.4625275 1.1886717 0.9087687 6.1509298 0.9291041 0.8571977 2.1644417 3.7806884 0.4216789 0.9671387 1.6185980 0.7606684 0.3905815 1.1553894 0.0000010 8.9999986 
Xesp_018674-T1                                          1.2760152 1.4687559 1.4225125 0.9406396 0.7454518 1.1271416 0.8087302 0.7530361 1.1419479 0.9104791 1.0698272 0.6059869 1.1454103 1.1677681 0.8040515 0.5594974 1.1135584 1.0624961 0.8811593 0.9499450 0.4881942 1.1535445 0.7123294 0.8238232 0.8752440 0.9257141 0.5437364 0.9660121 0.9921915 0.5463537 0.9114475 0.9993797 1.0006474 1.1790092 0.4544045 1.0646707 1.1845208 1.1364054 1.1609925 1.0931311 0.8003117 0.9056748 1.2595624 0.6017438 1.1155440 0.6223725 0.0000000 0.8057007 1.6645630 1.9316137 0.9392793 1.8984063 1.3817385 0.9080487 1.6705566 1.6114330 1.0058991 0.8834277 1.9302791 1.6809402 1.2065345 1.3921982 1.0589485 1.3927653 0.8752519 1.2554994 1.6217481 1.2208512 1.7810922 1.3655709 1.8316110 2.9972753 2.3937855 
Sanmal_Sma_013015-T1                                    1.1250583 1.1188428 1.0566087 1.0379381 0.6866822 0.8068345 0.8242532 0.6553851 0.7899881 0.7418544 0.6554033 0.7298025 0.7117320 0.6914791 0.4416918 0.5646937 0.3208518 0.3237972 0.7126023 0.7203164 0.5361468 0.9006677 0.7243879 0.7358818 0.7273123 0.6592113 0.6728274 0.6835675 0.6870655 0.6595402 0.7281471 0.7603571 0.7315893 0.8126172 0.8012124 0.6878940 0.7176578 0.6882900 0.6906273 0.7459976 0.7472990 0.8346264 0.8406077 0.8244471 1.1697016 0.7456027 0.8057007 0.0000000 1.3232952 1.3459735 0.9208872 1.2184255 1.2194976 0.8682161 1.2300603 1.2304097 1.0153024 0.8360706 1.2838719 1.6057270 1.2186300 1.0330409 1.0175572 0.8331462 0.7330259 0.7388556 1.1471988 1.2149169 0.9428769 0.7010978 0.7483990 1.0812632 2.1312872 
Pbac_sb2650028                                          1.3988528 1.5143453 1.4638893 1.1854321 0.9182587 1.4065431 1.1909701 0.9645751 1.4570222 1.3504673 1.4911296 1.3141391 1.4539273 1.4236047 1.0310456 1.1939471 1.4270317 1.4189666 1.2255467 1.4667754 0.8775332 1.9705155 1.2071265 1.0707369 1.5072568 1.5806987 1.3067108 1.5563670 1.6270822 1.2289920 1.5431693 1.6255467 1.5515678 1.5836326 1.5797307 1.5880865 1.6423137 1.6297747 1.6313696 1.7351283 1.6427676 1.1641498 1.4578265 0.8399108 1.4627256 1.3812542 1.6645630 1.3232952 0.0000000 0.0239397 0.3901460 0.5272152 0.4199123 0.4279881 0.6917836 0.6772424 0.4153679 0.4687462 0.7051132 0.5436496 0.6372736 1.6990066 1.7626597 1.9547440 1.1045704 1.6069240 1.7182279 2.2259509 2.1906658 2.8078477 2.7581659 3.3800222 4.5643161 
Horcal_Hcv1.av93.c3.g1187.i1                            1.5269307 1.8470714 1.7102825 1.1856606 0.9436815 1.7362672 1.2074445 0.9678594 1.9180443 1.4318491 1.8389115 1.3285519 1.8894569 1.8408482 1.0604874 1.2050937 1.7754056 1.7836568 1.3814620 1.5801700 0.8866370 2.0928405 1.2266019 1.0723478 1.8769202 1.9402089 1.2990184 1.9908597 2.0418801 1.2311955 1.9263146 1.9951468 1.9972173 1.7732969 1.9364103 1.9514605 2.0765851 1.9675218 2.0163741 2.1621601 1.6743534 1.1922590 1.6768145 0.8399108 1.5227067 1.4011068 1.9316137 1.3459735 0.0239397 0.0000000 0.4199223 0.6482741 0.4487061 0.3902888 0.9010351 0.7843139 0.4019664 0.4539679 0.9409183 0.5436496 0.6139138 2.0280006 1.8979382 2.4138909 1.2277672 2.2277064 2.2103282 2.2259509 2.8982491 3.4863854 3.5139392 4.4408585 4.5286960 
