68
Lcom_lcpid76487                                        0.0000000 0.4799784 1.4161846 2.3280655 2.3602411 2.0380854 2.1368326 2.3847620 2.5117532 2.4349345 2.3019607 2.2849887 2.6780832 2.4223176 2.5350992 2.3960965 2.0233912 2.2496585 2.3792911 2.3627467 2.2608461 1.9425439 2.2599214 2.3054995 2.7156261 2.5040436 2.4634880 1.9531285 2.4393658 2.3453902 2.6054979 2.3043991 3.2121109 2.5660822 2.0910275 2.5237478 2.5407212 2.4730958 2.2698180 2.1600091 2.2850272 2.2850272 2.2949113 2.3046503 2.2189126 2.4775146 3.1041567 2.5354023 2.3680753 2.3847270 2.0984699 1.9594558 2.6807049 1.8279167 3.0426443 2.6513075 3.2091419 2.6748502 2.2109329 2.2545562 3.9660010 2.5859880 2.3191815 2.0983247 3.3899887 2.8380156 3.0014017 4.4183047 
Leuniv_Lniv_C812278_01                                 0.4799784 0.0000000 1.3079972 2.0078855 1.9250643 1.7225935 2.2436847 2.2090730 2.1646423 2.2374836 2.1285243 1.8128489 1.9481552 2.4160033 2.5415240 2.3583345 2.1303268 0.7377266 1.6467546 2.1861464 1.9763011 1.7988451 2.0167185 1.8962264 2.1785034 1.9832831 1.9781867 1.9281589 2.0944994 1.9283722 1.9298459 2.0496782 1.4446552 2.2062593 1.8633052 2.0745962 1.9674226 1.4083137 1.9827767 1.7735182 2.0046665 2.0046665 1.9972814 2.0195201 1.8223609 2.2275407 2.4196212 2.0368362 2.1233029 2.0597772 2.0768553 2.1836433 2.2189316 1.7795366 1.9845367 2.1829930 2.9726355 2.5481449 1.9271681 1.9873022 5.7076512 2.6764513 2.2746075 2.2583772 4.1829569 2.6325698 3.0794678 4.7046787 
Clacor_Ccor_scaffold12217_01                           1.4161846 1.3079972 0.0000000 1.4148179 1.4091788 1.5155967 1.6310838 1.6364807 1.5561474 1.6067379 1.6075576 1.2794497 1.4339165 1.5936939 1.5557805 1.5920876 1.5457471 0.9182481 1.3069695 1.7638145 1.2694757 1.3008536 1.5074108 1.4567148 1.6549823 1.3290583 1.2978266 1.3718332 1.8138237 1.3060749 1.2999215 1.3442656 0.8616508 1.3674311 1.5726877 1.5759218 1.6467228 1.1831738 1.4712463 1.4712463 1.4712463 1.4712463 1.4774998 1.4178069 1.4178069 1.3671932 1.4447604 1.3948590 1.7108554 1.5499632 1.3821893 1.7953902 1.5011002 1.1369221 1.1648386 1.4002531 0.0000010 1.7990473 1.5560172 1.0765677 1.6012192 1.8825829 1.7996709 1.4527250 0.0000010 3.9862508 2.3651169 3.8244099 
Cgig_XM_011458821.3                                    2.3280655 2.0078855 1.4148179 0.0000000 0.6609137 0.4966886 0.8424146 0.9046508 0.8395486 0.8969537 0.8687143 0.8099169 0.8970024 1.0420356 1.0004192 0.9662857 0.9001733 0.6055862 0.7270352 1.1174021 0.7117219 0.4848639 0.7547268 0.7442735 0.9635617 0.8517976 0.8403744 0.6178715 0.8590730 0.9206574 0.7909599 0.9062420 1.1690749 1.0553282 0.7154507 1.0243605 1.0288947 0.8029383 0.9533529 0.8072553 0.9388601 0.9362221 0.9499513 0.9593785 0.7976431 1.0202366 0.9689970 1.3857147 1.5661146 1.4831983 1.0597512 0.9225544 1.3946262 0.7028470 1.2116843 1.3432462 1.9728085 1.1557504 1.0128300 1.0533199 1.4663868 1.2332151 0.9428210 1.3488734 2.5817540 1.9434408 2.0082810 3.5925605 
Acagra_model.g29922.t1                                 2.3602411 1.9250643 1.4091788 0.6609137 0.0000000 0.4478578 0.9498671 1.0177476 0.8173081 0.8565429 0.8729244 0.7889974 0.9131366 1.0509965 1.0137738 1.0393717 0.8971491 0.6092948 0.6278155 1.1784805 0.6421132 0.5094123 0.6705124 0.7299856 0.8226896 0.7127796 0.7281992 0.5976906 0.7498301 0.8379280 0.6965860 0.8112981 0.8797706 0.8707395 0.6078225 0.8636839 0.8913715 0.6357846 0.9514732 0.8210202 0.9524945 0.9502559 0.9780915 0.9729877 0.8227502 0.8975319 0.8505444 1.4108354 1.4074662 1.3499296 0.9236340 0.7654281 1.1602974 0.7426787 1.2609274 1.3143345 1.8412521 0.9740329 1.0055168 1.1134604 1.3858081 1.1337963 0.8994140 1.1799147 2.4731228 1.7130533 1.8499230 4.0102352 
Ctel_gnl_WGS_AMQN_CAPTEDRAFT_mRNA94608                 2.0380854 1.7225935 1.5155967 0.4966886 0.4478578 0.0000000 0.8490267 0.9106197 0.8830228 0.9466304 0.9389740 0.8081636 0.9095949 0.9883157 0.9029513 0.9477433 0.8174030 0.6191517 0.7086090 1.0259208 0.4675657 0.3618784 0.5733276 0.5916808 0.6934097 0.5813943 0.5924628 0.4666739 0.6990514 0.6559622 0.6897259 0.6743284 0.9521920 0.7524691 0.6123689 0.7092722 0.7370619 0.6536255 0.6960967 0.7088962 0.7058175 0.7058175 0.6842199 0.6804998 0.6804998 0.7322077 0.9149747 1.1630291 1.2507647 1.0468559 0.8591115 0.9371589 0.9689060 0.6933430 1.0518461 1.0463848 0.8184953 0.8107199 0.9762673 0.9320080 1.0404900 1.0078399 0.6987133 0.6551037 1.7736021 1.1340446 1.9986049 3.3709455 
Pbac_sb2648769                                         2.1368326 2.2436847 1.6310838 0.8424146 0.9498671 0.8490267 0.0000000 0.0208592 0.1763164 0.2061670 0.1809383 0.1870966 0.1973031 0.2492725 0.2669188 0.3046681 0.2927376 0.0000010 0.1887575 0.4492107 0.9647035 0.8634145 1.0691768 1.0147472 1.1682593 1.0044863 1.0359018 0.8583726 1.1353914 0.9226557 0.6502800 1.0191708 0.7286369 1.1186732 0.8340271 1.0788225 1.1149863 0.5752384 1.0850958 0.9679079 1.0846872 1.0846872 1.0891666 1.0924707 0.9701659 1.2410633 0.9433577 1.4488089 1.6253635 1.2998495 1.1564678 1.2305933 1.1134739 0.7981393 0.8874548 1.2074500 2.2180459 1.3207955 1.1761704 1.1511675 0.6557494 1.6033906 1.5257283 1.5331555 2.6921944 2.4439168 2.0189562 3.7744366 
Horcal_Hcv1.av93.c11.g932.i1                           2.3847620 2.2090730 1.6364807 0.9046508 1.0177476 0.9106197 0.0208592 0.0000000 0.2145879 0.2270144 0.1824587 0.1891295 0.2443555 0.2387307 0.2525590 0.2913436 0.2537879 0.3176617 0.3912758 0.4770012 1.0303322 0.9590208 1.1135017 1.1057576 1.2572080 1.0780405 1.1142428 0.8405341 1.2015931 1.0775409 0.9064858 1.1048263 1.3093061 1.1714813 0.9317775 1.1603271 1.2061354 0.8551935 1.2225631 1.1286303 1.2323655 1.2323655 1.2392611 1.2275902 1.1304740 1.2516326 1.0705097 1.4141362 1.6738893 1.3441353 1.0889243 1.2304542 1.1915504 0.7716149 0.9814465 1.2331481 2.1723683 1.4507562 1.3107121 1.2616631 1.4054900 1.7215951 1.4055888 1.4845875 2.7417264 2.3230545 2.0833313 3.5919315 
Bolinf_Binf_sb1233288                                  2.5117532 2.1646423 1.5561474 0.8395486 0.8173081 0.8830228 0.1763164 0.2145879 0.0000000 0.0042717 0.1504635 0.1469188 0.2117883 0.1840752 0.1772781 0.1914076 0.1442174 0.3640660 0.3494626 0.4965284 0.8728730 0.7951625 0.9892397 0.8995250 1.0942218 0.9216701 0.9288767 0.6400776 1.0979904 0.9382414 0.8696686 0.9360464 1.3233079 0.9253815 0.9493453 0.9127338 0.9652287 0.8227317 1.1601341 1.1601341 1.1760202 1.1760202 1.1833793 1.1905195 1.1905195 0.9746867 0.9370485 1.2114853 1.4590106 1.1487402 0.9584866 1.3369388 1.1059368 0.7330431 0.9558517 1.0270107 8.9999985 1.2254162 1.2701280 1.0271840 1.2051123 1.3966417 1.1267292 9.0000000 8.9999985 5.0715844 1.8838722 4.0125448 
Mertsp_Mesp_sb571168                                   2.4349345 2.2374836 1.6067379 0.8969537 0.8565429 0.9466304 0.2061670 0.2270144 0.0042717 0.0000000 0.1339981 0.1660943 0.2117883 0.1583014 0.1786887 0.1774880 0.1489016 0.3640660 0.3494626 0.4508558 0.9439781 0.8720054 1.0441313 1.0050009 1.1128716 0.9450790 0.9620299 0.7167338 1.0836555 0.9544066 0.8952877 1.0086683 1.3233079 1.0089437 0.9881565 1.0128083 1.0525764 0.8227317 1.1430665 1.1506199 1.1557774 1.1557774 1.1542141 1.1756032 1.1756032 1.0284898 0.9983655 1.3161494 1.5018277 1.1860413 1.0428555 1.2438150 1.1555922 0.7330431 0.9558517 1.1180034 2.4458789 1.2611675 1.2887488 1.0935410 1.2051123 1.4269974 1.1983078 1.1547319 2.4458789 2.3852535 1.9772062 4.1233039 
Bolinf_Binf_sb1258712                                  2.3019607 2.1285243 1.6075576 0.8687143 0.8729244 0.9389740 0.1809383 0.1824587 0.1504635 0.1339981 0.0000000 0.0154160 0.0284112 0.0468973 0.1891898 0.1911896 0.1542991 0.4133822 0.3554071 0.4717664 0.8908410 0.8288427 0.9863257 0.9890914 1.1384047 0.9633293 0.9803798 0.6655958 1.0929055 0.9887437 0.9793211 0.9454601 1.3289456 0.9732187 0.9267724 0.9773016 1.0300140 0.8995473 1.1552492 1.1552492 1.1759490 1.1759490 1.1712862 1.1946538 1.1946538 1.0173650 1.0329199 1.2962555 1.5803842 1.1765577 0.9599968 1.0113432 1.0936398 0.7503128 0.9763792 1.0526821 4.2917872 1.2213435 1.3012219 1.0659439 1.3757710 1.4898029 1.1541012 0.7713663 4.2917872 2.3787829 1.9679577 3.5552707 
Mertsp_Mesp_sb564713                                   2.2849887 1.8128489 1.2794497 0.8099169 0.7889974 0.8081636 0.1870966 0.1891295 0.1469188 0.1660943 0.0154160 0.0000000 0.0284112 0.0633816 0.1895019 0.2007657 0.1280302 0.4133822 0.3554071 0.5459248 0.7630797 0.7053052 0.9003920 0.9378898 1.1626131 0.9601832 0.9647140 0.5589743 1.1954719 1.0293497 0.9013404 0.8858344 1.3289456 0.9158154 0.8711703 0.8662472 0.9203078 0.8995473 1.0868213 1.0868213 1.1039480 1.1039480 1.1329481 1.1082077 1.1082077 0.9949488 0.9218736 1.1500356 1.4852560 1.0587243 0.8268920 1.2435005 1.0415874 0.6529468 0.9440488 0.9279928 7.5582231 1.2410941 1.3257132 1.0329252 1.3757710 1.4772315 1.1317266 3.2615500 7.5582231 4.0620876 1.7747976 4.1080379 
Bolinf_Binf_sb1258713                                  2.6780832 1.9481552 1.4339165 0.8970024 0.9131366 0.9095949 0.1973031 0.2443555 0.2117883 0.2117883 0.0284112 0.0284112 0.0000000 0.0883561 0.2153053 0.2027304 0.1465758 0.4133822 0.4368677 0.6673244 0.8667049 0.7681183 1.0779218 1.1311902 1.4825007 1.1222120 1.1313609 0.5513470 1.0643350 1.2852072 1.1800568 1.1611797 1.3289456 1.0653457 0.9933385 0.9864105 1.0344745 1.1107927 1.1993850 1.1993850 1.2271370 1.2271370 1.2654261 1.2127806 1.2127806 1.2156020 1.1572478 1.3621948 1.7768657 1.2792571 0.8168888 0.0000010 1.1698002 0.5813555 1.0472403 0.9960296 0.0000010 1.4150679 1.3230357 1.1707926 1.3757710 1.5099329 4.2333614 0.0000010 0.0000010 4.6331693 2.0677568 4.1148494 
Mlei_ML0335.g2.i1                                      2.4223176 2.4160033 1.5936939 1.0420356 1.0509965 0.9883157 0.2492725 0.2387307 0.1840752 0.1583014 0.0468973 0.0633816 0.0883561 0.0000000 0.2185475 0.2032911 0.2163729 0.4133822 0.3647029 0.5008902 1.0804076 1.0101140 1.1793868 1.1692935 1.2609607 1.1054720 1.1029180 0.8796173 1.2517406 1.1145178 0.9611898 1.1622738 1.3512972 1.1971436 0.9777132 1.1733809 1.1936870 0.9383696 1.3271979 1.1685341 1.3492401 1.3492401 1.3525412 1.4014100 1.2256897 1.2608045 1.0040586 1.5417534 1.7022700 1.3713670 1.1164118 1.1794392 1.2838176 0.7842529 1.0389029 1.2959728 2.1695745 1.4989261 1.4243250 1.2598200 1.4245012 1.7166303 1.2884719 1.7263962 3.2916456 2.3837691 2.0282177 4.0823819 
Drygla_Dgla_sb288586                                   2.5350992 2.5415240 1.5557805 1.0004192 1.0137738 0.9029513 0.2669188 0.2525590 0.1772781 0.1786887 0.1891898 0.1895019 0.2153053 0.2185475 0.0000000 0.2063266 0.2315284 0.3726253 0.3612104 0.4927417 1.1425683 1.0173649 1.2627967 1.1677194 1.2897176 1.0662374 1.1163206 0.9434834 1.2453829 1.1278751 0.8811517 1.1180157 1.3070166 1.1874978 0.9382547 1.1579748 1.1222859 0.8339643 1.3029118 1.1237294 1.3213218 1.3213218 1.3232679 1.3347387 1.1506559 1.2124209 0.9465227 1.5199215 1.7081409 1.4084730 1.1865884 1.2896943 1.3070962 0.7617328 0.9499149 1.3686655 2.8182132 1.4392083 1.3746589 1.2145475 1.3090436 1.7573627 1.2550015 1.7851939 3.4648872 2.5645356 1.9801458 4.2248842 
Beraby_Baby_sb341277                                   2.3960965 2.3583345 1.5920876 0.9662857 1.0393717 0.9477433 0.3046681 0.2913436 0.1914076 0.1774880 0.1911896 0.2007657 0.2027304 0.2032911 0.2063266 0.0000000 0.2195337 0.3891283 0.3421753 0.5190528 1.1140522 1.0015573 1.2019520 1.1327254 1.2096038 1.0626416 1.0560684 0.8669331 1.2259037 1.1102507 0.9264357 1.1851029 1.3475292 1.2150841 0.9791719 1.1734378 1.1711699 0.8361672 1.2704323 1.1305415 1.2720626 1.2720626 1.2938536 1.3132942 1.1627859 1.3021556 1.0371866 1.6309640 1.7355876 1.3551444 1.1527030 1.1988067 1.3357556 0.7630967 0.9809383 1.2859781 1.9886450 1.3874233 1.4237753 1.2485550 1.3014328 1.6847299 1.2712170 1.6588584 3.5456847 2.3761541 2.0717186 3.8481573 
Lampan_Lpan_1864_01                                    2.0233912 2.1303268 1.5457471 0.9001733 0.8971491 0.8174030 0.2927376 0.2537879 0.1442174 0.1489016 0.1542991 0.1280302 0.1465758 0.2163729 0.2315284 0.2195337 0.0000000 0.1451731 0.1113109 0.3814753 0.9393220 0.8954636 1.0580089 0.9675656 1.0697234 0.9508214 0.9715037 0.8419079 1.0856356 0.8514022 0.6063949 0.9521877 0.7748516 1.1228288 0.8668056 1.1005910 1.1044347 0.5418241 1.0568423 0.9131301 1.0731077 1.0731077 1.0713827 1.1027796 0.9472709 1.1267643 0.8524106 1.4978306 1.5647707 1.3371187 1.1951265 1.2607455 1.2550743 0.8166268 0.9227104 1.3212942 2.2460039 1.2703941 1.1898607 1.1170407 0.9383348 1.5982953 1.0492252 1.6800678 3.4679230 2.1887115 1.7053853 3.6434692 
Pbac_sb2655742                                         2.2496585 0.7377266 0.9182481 0.6055862 0.6092948 0.6191517 0.0000010 0.3176617 0.3640660 0.3640660 0.4133822 0.4133822 0.4133822 0.4133822 0.3726253 0.3891283 0.1451731 0.0000000 0.4884036 0.8733413 0.7018692 0.4027776 0.7905529 0.7249732 1.8288391 0.7751132 0.8274430 0.3700743 0.5772122 0.8752365 0.8542382 0.9914246 1.2845486 0.7189739 0.5104312 0.6699923 0.6027045 0.7398854 0.7187506 0.7187506 0.7802408 0.7802408 0.7187506 0.7272556 0.7272556 0.8964071 0.7000102 1.2139964 1.5937754 1.2270926 0.5016141 0.0000010 0.7944046 0.4130846 1.0249553 0.8412661 0.0000010 0.9627297 1.1055274 0.7788203 1.4878255 0.9738076 4.7632015 0.0000010 0.0000010 5.3030462 1.7009163 5.4697331 
Eupdun_Edun_sb10627844                                 2.3792911 1.6467546 1.3069695 0.7270352 0.6278155 0.7086090 0.1887575 0.3912758 0.3494626 0.3494626 0.3554071 0.3554071 0.4368677 0.3647029 0.3612104 0.3421753 0.1113109 0.4884036 0.0000000 0.6863294 0.7768839 0.6245170 0.9092039 0.9039531 0.9462240 0.7811477 0.7678391 0.4570973 0.9268026 0.8566423 0.7991430 0.8073135 1.1814582 0.7703384 0.8100427 0.7012248 0.7880358 0.7616986 0.9031941 0.9031941 0.8994245 0.8994245 0.9247607 0.9252599 0.9252599 0.9657397 1.0113344 1.0732389 1.3033620 1.0405298 0.6981349 0.0000010 0.9162789 0.5692098 0.9418294 0.9045136 0.0000010 1.1748241 1.1380561 0.9668832 1.2807234 1.0761485 1.1353970 0.0000010 0.0000010 4.7481046 1.6940403 3.7417072 
Coemet_Cmet_C602905_01                                 2.3627467 2.1861464 1.7638145 1.1174021 1.1784805 1.0259208 0.4492107 0.4770012 0.4965284 0.4508558 0.4717664 0.5459248 0.6673244 0.5008902 0.4927417 0.5190528 0.3814753 0.8733413 0.6863294 0.0000000 1.1488950 1.1386025 1.2305594 1.1610654 1.3868939 1.2206742 1.2102556 0.9469730 1.2912939 1.1862768 1.0974154 1.2396783 1.7844608 1.2522866 1.0878346 1.2992727 1.3755752 1.1030654 1.2806494 1.1546524 1.2873197 1.2873197 1.3072632 1.3258292 1.2016497 1.4006801 1.2320727 1.7958791 1.8645489 1.5141922 1.2525602 1.3566711 1.4096867 0.8866919 1.2970439 1.4553500 2.1476909 1.4918463 1.4152436 1.3477619 1.7156611 1.6221901 1.3479523 1.5559959 3.0456418 2.2130584 2.1080043 3.6511372 
Spur_XM_030975453.1                                    2.2608461 1.9763011 1.2694757 0.7117219 0.6421132 0.4675657 0.9647035 1.0303322 0.8728730 0.9439781 0.8908410 0.7630797 0.8667049 1.0804076 1.1425683 1.1140522 0.9393220 0.7018692 0.7768839 1.1488950 0.0000000 0.4380041 0.6808362 0.7249567 0.8960559 0.8357972 0.8360624 0.6473353 0.8720932 0.8196992 0.7008770 0.7902048 0.8935696 0.8618716 0.6275791 0.9771492 1.0111607 0.6728458 0.8892384 0.7294660 0.8844848 0.8840172 0.9133794 0.9034309 0.7279723 0.8946820 0.8185780 1.4750213 1.4844036 1.3483743 0.9882345 0.9752493 1.3633261 0.7641109 1.2722190 1.3426551 1.8966687 1.0497042 1.0729830 1.0417837 1.3221677 1.1729562 0.9291325 1.3503198 2.5687469 1.6738954 1.8270816 3.4709812 
Skow_XM_006817290.1                                    1.9425439 1.7988451 1.3008536 0.4848639 0.5094123 0.3618784 0.8634145 0.9590208 0.7951625 0.8720054 0.8288427 0.7053052 0.7681183 1.0101140 1.0173649 1.0015573 0.8954636 0.4027776 0.6245170 1.1386025 0.4380041 0.0000000 0.5655611 0.5214859 0.7395189 0.6071013 0.6249785 0.5284393 0.7634742 0.6674219 0.4617809 0.6536895 0.6313774 0.8042525 0.5936107 0.7071851 0.7489581 0.5579976 0.7365911 0.5997122 0.7459952 0.7456177 0.7430862 0.7365755 0.5896583 0.8214453 0.7375972 1.2109379 1.2229447 1.0792039 0.8439666 0.8715665 0.9111943 0.6054965 0.8257022 1.0458398 1.8959827 0.9157156 0.8031359 0.8131273 0.7890757 1.0892353 0.8396547 1.1390292 2.5310056 1.7334822 1.8132460 3.4703495 
Bralan_BLAG07000054_1                                  2.2599214 2.0167185 1.5074108 0.7547268 0.6705124 0.5733276 1.0691768 1.1135017 0.9892397 1.0441313 0.9863257 0.9003920 1.0779218 1.1793868 1.2627967 1.2019520 1.0580089 0.7905529 0.9092039 1.2305594 0.6808362 0.5655611 0.0000000 0.7755137 0.9186543 0.8711678 0.8549801 0.6432293 0.8508638 0.8942606 0.7694645 0.9680721 1.1194211 1.0343914 0.7092872 0.9851201 1.0057804 0.7812518 0.9731084 0.8236667 0.9644655 0.9629537 1.0061742 0.9472794 0.8242305 1.0029559 0.9174586 1.5510696 1.5595550 1.5143767 1.0076968 0.9759051 1.3585541 0.7455931 1.4028643 1.5363933 1.9464046 1.1626637 1.1280801 1.0199233 1.2800918 1.3211213 1.0293638 1.1360242 2.5004667 1.9671430 2.0817168 3.8632766 
Hsap_ENST00000268057                                   2.3054995 1.8962264 1.4567148 0.7442735 0.7299856 0.5916808 1.0147472 1.1057576 0.8995250 1.0050009 0.9890914 0.9378898 1.1311902 1.1692935 1.1677194 1.1327254 0.9675656 0.7249732 0.9039531 1.1610654 0.7249567 0.5214859 0.7755137 0.0000000 0.9973705 0.7957091 0.7939094 0.5981279 0.8975189 0.8883817 0.8556785 0.8724404 1.4053709 0.9790704 0.7785369 1.0439350 1.0631054 0.8164661 0.9376673 0.8662444 0.9377785 0.9377785 0.9320742 0.9165106 0.8379410 0.8696451 0.9832967 1.3963937 1.5557940 1.2949139 0.8804609 0.7878111 1.2426742 0.5906161 1.2167451 1.2489565 1.5309304 1.0025984 1.0195462 1.2030803 1.7158999 1.2185319 0.9303330 0.9553497 2.9105871 1.6201305 2.2557726 3.6218210 
Fspp_ffun1.m4.4648.m1                                  2.7156261 2.1785034 1.6549823 0.9635617 0.8226896 0.6934097 1.1682593 1.2572080 1.0942218 1.1128716 1.1384047 1.1626131 1.4825007 1.2609607 1.2897176 1.2096038 1.0697234 1.8288391 0.9462240 1.3868939 0.8960559 0.7395189 0.9186543 0.9973705 0.0000000 0.1573103 0.1543330 0.0972112 0.1077577 0.2124083 0.2067498 0.4989823 0.5136319 0.9065915 0.6753707 0.9597256 0.9838916 0.7084717 1.0463584 0.8919993 1.0391884 1.0363391 1.0890107 1.1043050 0.9273469 0.8957120 0.8960841 1.5919781 1.5128484 1.4989079 0.9770075 0.8191166 1.5712405 0.6865329 1.2494200 1.3759012 1.9262125 1.0856332 1.3533066 1.0728523 1.1246761 1.2586689 0.6122468 1.1916790 2.6192257 1.4678010 2.2696007 3.0916729 
Spis_XP_022781054_1                                    2.5040436 1.9832831 1.3290583 0.8517976 0.7127796 0.5813943 1.0044863 1.0780405 0.9216701 0.9450790 0.9633293 0.9601832 1.1222120 1.1054720 1.0662374 1.0626416 0.9508214 0.7751132 0.7811477 1.2206742 0.8357972 0.6071013 0.8711678 0.7957091 0.1573103 0.0000000 0.0599108 0.1230673 0.2245203 0.2275421 0.2101433 0.4884562 0.5817726 0.8412223 0.5781091 0.8517628 0.8912345 0.6307361 0.9342936 0.7977907 0.9393053 0.9370691 0.9525971 0.9727685 0.8160953 0.7892774 0.7526363 1.3662811 1.3750088 1.3478934 0.8696332 0.8222173 1.3116826 0.6321301 1.1163264 1.2885008 2.1560379 1.0399959 1.1925776 0.9491400 1.1409667 1.1808836 0.5582386 1.1247645 2.5590030 1.5280556 2.0189310 3.0200696 
Pocdam_XM_027190758.1                                  2.4634880 1.9781867 1.2978266 0.8403744 0.7281992 0.5924628 1.0359018 1.1142428 0.9288767 0.9620299 0.9803798 0.9647140 1.1313609 1.1029180 1.1163206 1.0560684 0.9715037 0.8274430 0.7678391 1.2102556 0.8360624 0.6249785 0.8549801 0.7939094 0.1543330 0.0599108 0.0000000 0.1257659 0.2163565 0.2159741 0.1928120 0.4844689 0.5687588 0.8367986 0.5863730 0.8509827 0.9049863 0.6121538 0.9441012 0.8060977 0.9442551 0.9420266 0.9663163 0.9728024 0.8140165 0.7976538 0.7912376 1.3695688 1.3623877 1.3280778 0.8549283 0.8082908 1.2697202 0.6483713 1.1139244 1.2731620 2.0399617 1.0248648 1.1959574 0.9272922 1.1134915 1.1812004 0.5449506 1.0631389 2.1878544 1.4885931 2.0782019 3.0692499 
Gfas_gfas1.m1.1560.m1                                  1.9531285 1.9281589 1.3718332 0.6178715 0.5976906 0.4666739 0.8583726 0.8405341 0.6400776 0.7167338 0.6655958 0.5589743 0.5513470 0.8796173 0.9434834 0.8669331 0.8419079 0.3700743 0.4570973 0.9469730 0.6473353 0.5284393 0.6432293 0.5981279 0.0972112 0.1230673 0.1257659 0.0000000 0.1978191 0.1175480 0.0880258 0.3613373 0.2214541 0.7135263 0.4424526 0.6734220 0.6757074 0.3522516 0.7535333 0.6025343 0.7703839 0.7679792 0.7559519 0.7662551 0.5996749 0.6799465 0.4913591 1.0130978 1.1587010 1.0649648 0.8546339 0.8003147 1.0537423 0.6378066 0.6982093 1.0002849 1.9663699 0.8946578 0.9178404 0.7346312 0.3228426 0.9974103 0.5395671 0.9348603 2.7952942 1.5143375 1.6324363 3.1704887 
Gasp_gasp1.m3.23241.m1                                 2.4393658 2.0944994 1.8138237 0.8590730 0.7498301 0.6990514 1.1353914 1.2015931 1.0979904 1.0836555 1.0929055 1.1954719 1.0643350 1.2517406 1.2453829 1.2259037 1.0856356 0.5772122 0.9268026 1.2912939 0.8720932 0.7634742 0.8508638 0.8975189 0.1077577 0.2245203 0.2163565 0.1978191 0.0000000 0.2525364 0.2603337 0.5090044 0.5344780 0.9004531 0.6853699 0.8806604 0.8642761 0.7903587 0.9766196 0.8272797 0.9994329 0.9968446 1.0041702 1.0199838 0.8503205 0.8497065 0.8740704 1.3388590 1.4969747 1.4266047 1.0233759 0.9178582 1.3177688 0.9695280 1.2069190 1.3295491 2.1573430 1.0791288 1.1440654 0.9116315 0.7905198 1.2240390 0.6752432 1.0460474 2.8094002 1.4554847 2.0853138 3.1485246 
Amil_Amillepora09195-RA                                2.3453902 1.9283722 1.3060749 0.9206574 0.8379280 0.6559622 0.9226557 1.0775409 0.9382414 0.9544066 0.9887437 1.0293497 1.2852072 1.1145178 1.1278751 1.1102507 0.8514022 0.8752365 0.8566423 1.1862768 0.8196992 0.6674219 0.8942606 0.8883817 0.2124083 0.2275421 0.2159741 0.1175480 0.2525364 0.0000000 0.0078009 0.5016330 0.6257420 0.9424234 0.6169885 0.9241196 0.9887459 0.7375203 1.0238494 0.8789389 1.0209313 1.0184382 1.0685678 1.0855200 0.9089590 0.8439835 0.8384562 1.4144457 1.4395475 1.4090932 0.9103212 0.8613369 1.3999807 0.5942038 1.2010594 1.2666020 2.0074864 1.0565587 1.1623241 1.0089965 1.4234643 1.1194275 0.5431433 1.0514221 2.8469019 1.4847782 2.1113994 3.1815885 
Adig_XM_015925303.1                                    2.6054979 1.9298459 1.2999215 0.7909599 0.6965860 0.6897259 0.6502800 0.9064858 0.8696686 0.8952877 0.9793211 0.9013404 1.1800568 0.9611898 0.8811517 0.9264357 0.6063949 0.8542382 0.7991430 1.0974154 0.7008770 0.4617809 0.7694645 0.8556785 0.2067498 0.2101433 0.1928120 0.0880258 0.2603337 0.0078009 0.0000000 0.4219872 0.5895068 0.6904156 0.5945987 0.7750923 0.8530241 0.6646467 0.9216240 0.9336360 0.9016958 0.9016958 0.9675988 0.9606683 0.9606683 0.6903952 0.7956187 1.4344282 1.5420141 1.3592002 0.6881395 0.9508596 1.1905725 0.5893929 1.1036376 1.0914138 0.0000010 0.8056179 1.2033672 0.9964670 1.2727458 1.0421986 0.5294698 0.7147771 0.0000010 4.6406778 2.2225541 3.8598401 
Exapal_XM_021038702.1                                  2.3043991 2.0496782 1.3442656 0.9062420 0.8112981 0.6743284 1.0191708 1.1048263 0.9360464 1.0086683 0.9454601 0.8858344 1.1611797 1.1622738 1.1180157 1.1851029 0.9521877 0.9914246 0.8073135 1.2396783 0.7902048 0.6536895 0.9680721 0.8724404 0.4989823 0.4884562 0.4844689 0.3613373 0.5090044 0.5016330 0.4219872 0.0000000 0.4070396 0.8438886 0.5110243 0.8239719 0.9035515 0.6740851 0.9315332 0.7588788 0.9288231 0.9273419 0.9648684 0.9668003 0.8186536 0.7687962 0.8065930 1.3423785 1.3819440 1.3863696 0.9734007 0.8185010 1.3830583 0.7182587 1.1371431 1.3099461 2.2089405 1.0015182 1.1630459 0.9499874 1.1756407 1.1096700 0.5378573 1.0836476 3.1981354 1.5940952 2.0172504 3.1634793 
Nvec_NVE8836                                           3.2121109 1.4446552 0.8616508 1.1690749 0.8797706 0.9521920 0.7286369 1.3093061 1.3233079 1.3233079 1.3289456 1.3289456 1.3289456 1.3512972 1.3070166 1.3475292 0.7748516 1.2845486 1.1814582 1.7844608 0.8935696 0.6313774 1.1194211 1.4053709 0.5136319 0.5817726 0.5687588 0.2214541 0.5344780 0.6257420 0.5895068 0.4070396 0.0000000 1.0206911 0.8000787 1.0434789 1.2316636 0.8593563 1.1047029 1.1178417 1.0181735 1.0181735 1.2258076 1.2803387 1.2803387 0.9177908 1.0274877 2.1983868 1.6423125 1.9634800 0.5481646 0.0000010 1.5717209 0.4932050 1.2885175 1.3700164 0.0000010 1.1922534 1.4498559 1.3814395 1.2501676 1.3385537 6.7559009 0.0000010 0.0000010 6.8530132 3.2514505 4.7639532 
Sanmal_Sma_024923-T1                                   2.5660822 2.2062593 1.3674311 1.0553282 0.8707395 0.7524691 1.1186732 1.1714813 0.9253815 1.0089437 0.9732187 0.9158154 1.0653457 1.1971436 1.1874978 1.2150841 1.1228288 0.7189739 0.7703384 1.2522866 0.8618716 0.8042525 1.0343914 0.9790704 0.9065915 0.8412223 0.8367986 0.7135263 0.9004531 0.9424234 0.6904156 0.8438886 1.0206911 0.0000000 0.3315911 0.5570707 0.5802981 0.4783370 1.0215628 0.8600276 1.0208911 1.0165458 1.0703802 1.0731982 0.8906403 0.9055320 0.7877444 1.4320181 1.3649109 1.4458561 0.9556105 0.7395408 1.1733483 0.6801726 1.1232698 1.2573206 2.2421676 0.9605205 1.3097205 1.0761465 1.2887870 1.0498025 1.1232174 1.2184614 2.9150213 2.1867185 1.9951492 3.3775737 
Aaur_scaffold215.g6.t1                                 2.0910275 1.8633052 1.5726877 0.7154507 0.6078225 0.6123689 0.8340271 0.9317775 0.9493453 0.9881565 0.9267724 0.8711703 0.9933385 0.9777132 0.9382547 0.9791719 0.8668056 0.5104312 0.8100427 1.0878346 0.6275791 0.5936107 0.7092872 0.7785369 0.6753707 0.5781091 0.5863730 0.4424526 0.6853699 0.6169885 0.5945987 0.5110243 0.8000787 0.3315911 0.0000000 0.2269131 0.2664733 0.5057440 0.7175916 0.7246745 0.7177633 0.7177633 0.7367135 0.7387595 0.7387595 0.6224156 0.7253507 1.0124075 1.1691054 1.0792453 0.7672540 0.7713525 0.8546223 0.6632736 0.9530306 0.9454523 1.1567391 0.6845455 1.0628198 0.8170346 1.0284052 0.9229386 0.6810788 0.3948341 1.2245488 1.3491008 1.9896116 3.4378099 
Rhoesc_Res_010862-T1                                   2.5237478 2.0745962 1.5759218 1.0243605 0.8636839 0.7092722 1.0788225 1.1603271 0.9127338 1.0128083 0.9773016 0.8662472 0.9864105 1.1733809 1.1579748 1.1734378 1.1005910 0.6699923 0.7012248 1.2992727 0.9771492 0.7071851 0.9851201 1.0439350 0.9597256 0.8517628 0.8509827 0.6734220 0.8806604 0.9241196 0.7750923 0.8239719 1.0434789 0.5570707 0.2269131 0.0000000 0.2064176 0.4489643 0.9489832 0.7990384 0.9597020 0.9563611 0.9931012 0.9907939 0.8331458 0.9256433 0.8333136 1.3213811 1.3524805 1.3654986 0.9373004 0.8083907 1.1621135 0.6799254 1.1468683 1.3003906 2.1988216 1.0239676 1.3849077 1.0509846 1.4137929 1.0627295 0.9932225 1.0882216 3.0210281 1.9996749 2.1457173 3.4687235 
Nemnom_g18170.t1                                       2.5407212 1.9674226 1.6467228 1.0288947 0.8913715 0.7370619 1.1149863 1.2061354 0.9652287 1.0525764 1.0300140 0.9203078 1.0344745 1.1936870 1.1222859 1.1711699 1.1044347 0.6027045 0.7880358 1.3755752 1.0111607 0.7489581 1.0057804 1.0631054 0.9838916 0.8912345 0.9049863 0.6757074 0.8642761 0.9887459 0.8530241 0.9035515 1.2316636 0.5802981 0.2664733 0.2064176 0.0000000 0.4712738 1.0129967 0.8533836 1.0345308 1.0310956 1.0807372 1.0817747 0.8938125 0.9568589 0.8468168 1.4122344 1.4625545 1.4379469 0.9752318 0.9102071 1.2602312 0.7010214 1.1966112 1.3225554 2.2675612 1.0011134 1.4214875 1.0816142 1.5418416 1.1699794 1.0196553 1.0797925 3.1433016 2.0035028 2.1294859 3.6226868 
Morvir_scaffold159.g10.t1                              2.4730958 1.4083137 1.1831738 0.8029383 0.6357846 0.6536255 0.5752384 0.8551935 0.8227317 0.8227317 0.8995473 0.8995473 1.1107927 0.9383696 0.8339643 0.8361672 0.5418241 0.7398854 0.7616986 1.1030654 0.6728458 0.5579976 0.7812518 0.8164661 0.7084717 0.6307361 0.6121538 0.3522516 0.7903587 0.7375203 0.6646467 0.6740851 0.8593563 0.4783370 0.5057440 0.4489643 0.4712738 0.0000000 0.6988920 0.6988920 0.7221147 0.7221147 0.7161138 0.7659357 0.7659357 0.7050203 0.8198145 1.1392498 1.2879224 1.1146592 0.6116458 0.3328758 0.7885843 0.5351765 1.0567041 0.9713512 0.0000010 0.7515416 1.1551889 0.8016499 1.1802434 0.8446068 1.0168259 0.0000010 0.0000010 4.8244381 1.9514246 4.8699370 
HoiH23_PlH23_000768-RA                                 2.2698180 1.9827767 1.4712463 0.9533529 0.9514732 0.6960967 1.0850958 1.2225631 1.1601341 1.1430665 1.1552492 1.0868213 1.1993850 1.3271979 1.3029118 1.2704323 1.0568423 0.7187506 0.9031941 1.2806494 0.8892384 0.7365911 0.9731084 0.9376673 1.0463584 0.9342936 0.9441012 0.7535333 0.9766196 1.0238494 0.9216240 0.9315332 1.1047029 1.0215628 0.7175916 0.9489832 1.0129967 0.6988920 0.0000000 0.0242468 0.0512957 0.0537474 0.0653466 0.0890538 0.0861018 1.0567604 1.0898737 1.4565912 1.4572923 1.3737366 0.9550072 0.9554217 1.3930787 0.9996433 1.5934088 1.4931915 1.9203719 1.1493889 1.3791333 1.2186642 1.6394126 1.3131865 0.9724139 1.2715104 2.7586023 1.9446979 2.1152916 3.6228348 
HoiH06_mRNA6870                                        2.1600091 1.7735182 1.4712463 0.8072553 0.8210202 0.7088962 0.9679079 1.1286303 1.1601341 1.1506199 1.1552492 1.0868213 1.1993850 1.1685341 1.1237294 1.1305415 0.9131301 0.7187506 0.9031941 1.1546524 0.7294660 0.5997122 0.8236667 0.8662444 0.8919993 0.7977907 0.8060977 0.6025343 0.8272797 0.8789389 0.9336360 0.7588788 1.1178417 0.8600276 0.7246745 0.7990384 0.8533836 0.6988920 0.0242468 0.0000000 0.0547885 0.0547885 0.0662135 0.0926438 0.0912360 0.9763927 1.0874750 1.2816519 1.2889430 1.2109378 0.8358340 0.9594455 1.1780378 0.9996433 1.6245359 1.3050418 0.9453146 0.9176389 1.2067060 1.1080684 1.7417453 1.1490263 0.7662855 0.7295209 2.0126761 1.3490471 2.1174393 3.4264165 
Hhon_g04475.t1                                         2.2850272 2.0046665 1.4712463 0.9388601 0.9524945 0.7058175 1.0846872 1.2323655 1.1760202 1.1557774 1.1759490 1.1039480 1.2271370 1.3492401 1.3213218 1.2720626 1.0731077 0.7802408 0.8994245 1.2873197 0.8844848 0.7459952 0.9644655 0.9377785 1.0391884 0.9393053 0.9442551 0.7703839 0.9994329 1.0209313 0.9016958 0.9288231 1.0181735 1.0208911 0.7177633 0.9597020 1.0345308 0.7221147 0.0512957 0.0547885 0.0000000 0.0022794 0.0734139 0.0948677 0.0849120 1.0665998 1.0401632 1.4776677 1.5235832 1.4145431 0.9588849 0.9444873 1.4003559 0.9996433 1.5963711 1.5600141 1.9477487 1.1648466 1.4104700 1.2356281 1.6321826 1.3576284 1.0026738 1.2454020 2.8428679 1.9570787 2.0740594 3.6356134 
HoiH04_mRNA15423                                       2.2850272 2.0046665 1.4712463 0.9362221 0.9502559 0.7058175 1.0846872 1.2323655 1.1760202 1.1557774 1.1759490 1.1039480 1.2271370 1.3492401 1.3213218 1.2720626 1.0731077 0.7802408 0.8994245 1.2873197 0.8840172 0.7456177 0.9629537 0.9377785 1.0363391 0.9370691 0.9420266 0.7679792 0.9968446 1.0184382 0.9016958 0.9273419 1.0181735 1.0165458 0.7177633 0.9563611 1.0310956 0.7221147 0.0537474 0.0547885 0.0022794 0.0000000 0.0759454 0.0974370 0.0849120 1.0637691 1.0401632 1.4722918 1.5226567 1.4145431 0.9588849 0.9444873 1.3956784 0.9996433 1.5963711 1.5595620 1.9460062 1.1603984 1.4069494 1.2322652 1.6321826 1.3573001 0.9991721 1.2295726 2.8428679 1.9540862 2.0740594 3.6356134 
HoiH11_mRNA6987                                        2.2949113 1.9972814 1.4774998 0.9499513 0.9780915 0.6842199 1.0891666 1.2392611 1.1833793 1.1542141 1.1712862 1.1329481 1.2654261 1.3525412 1.3232679 1.2938536 1.0713827 0.7187506 0.9247607 1.3072632 0.9133794 0.7430862 1.0061742 0.9320742 1.0890107 0.9525971 0.9663163 0.7559519 1.0041702 1.0685678 0.9675988 0.9648684 1.2258076 1.0703802 0.7367135 0.9931012 1.0807372 0.7161138 0.0653466 0.0662135 0.0734139 0.0759454 0.0000000 0.0897067 0.0928730 1.1166157 1.0873230 1.4563894 1.4943215 1.4004737 0.9550747 0.9522633 1.3914211 0.9858309 1.6307888 1.5511124 1.9865447 1.1598664 1.4280739 1.2387204 1.7775004 1.3732925 0.9924999 1.3058275 2.7749311 1.9572825 2.1116576 3.7203588 
TrH2_TrispH2_000187-RA                                 2.3046503 2.0195201 1.4178069 0.9593785 0.9729877 0.6804998 1.0924707 1.2275902 1.1905195 1.1756032 1.1946538 1.1082077 1.2127806 1.4014100 1.3347387 1.3132942 1.1027796 0.7272556 0.9252599 1.3258292 0.9034309 0.7365755 0.9472794 0.9165106 1.1043050 0.9727685 0.9728024 0.7662551 1.0199838 1.0855200 0.9606683 0.9668003 1.2803387 1.0731982 0.7387595 0.9907939 1.0817747 0.7659357 0.0890538 0.0926438 0.0948677 0.0974370 0.0897067 0.0000000 0.0051196 1.0841403 1.1469260 1.3988831 1.5247102 1.4075620 0.9852087 1.0002024 1.4673802 0.9868516 1.5753880 1.6027634 1.9935691 1.2084450 1.4054276 1.2647441 1.8045767 1.3964388 1.0060434 1.2928513 2.7803485 1.9478188 2.1995640 3.6700262 
Tadh_TriadT18483                                       2.2189126 1.8223609 1.4178069 0.7976431 0.8227502 0.6804998 0.9701659 1.1304740 1.1905195 1.1756032 1.1946538 1.1082077 1.2127806 1.2256897 1.1506559 1.1627859 0.9472709 0.7272556 0.9252599 1.2016497 0.7279723 0.5896583 0.8242305 0.8379410 0.9273469 0.8160953 0.8140165 0.5996749 0.8503205 0.9089590 0.9606683 0.8186536 1.2803387 0.8906403 0.7387595 0.8331458 0.8938125 0.7659357 0.0861018 0.0912360 0.0849120 0.0849120 0.0928730 0.0051196 0.0000000 0.9575064 1.1469260 1.2563652 1.3498013 1.2210244 0.8615638 1.0002024 1.2335879 0.9868516 1.5753880 1.3446673 0.9343896 0.9584633 1.1914947 1.1430004 1.8045767 1.1889034 0.7835806 0.7117263 2.0290330 1.3202714 2.1995640 3.5262758 
Dgig_XM_028535947.1                                    2.4775146 2.2275407 1.3671932 1.0202366 0.8975319 0.7322077 1.2410633 1.2516326 0.9746867 1.0284898 1.0173650 0.9949488 1.2156020 1.2608045 1.2124209 1.3021556 1.1267643 0.8964071 0.9657397 1.4006801 0.8946820 0.8214453 1.0029559 0.8696451 0.8957120 0.7892774 0.7976538 0.6799465 0.8497065 0.8439835 0.6903952 0.7687962 0.9177908 0.9055320 0.6224156 0.9256433 0.9568589 0.7050203 1.0567604 0.9763927 1.0665998 1.0637691 1.1166157 1.0841403 0.9575064 0.0000000 0.3510830 1.4213274 1.4017617 1.3679974 0.9924493 0.7836277 1.3246378 0.7022495 1.1230042 1.2837301 1.9385999 1.0351890 1.2662413 0.9581094 1.2237198 1.3723018 0.8916567 1.2165269 3.2304595 1.1946300 1.9826756 3.3564452 
Xesp_006980-T1                                         3.1041567 2.4196212 1.4447604 0.9689970 0.8505444 0.9149747 0.9433577 1.0705097 0.9370485 0.9983655 1.0329199 0.9218736 1.1572478 1.0040586 0.9465227 1.0371866 0.8524106 0.7000102 1.0113344 1.2320727 0.8185780 0.7375972 0.9174586 0.9832967 0.8960841 0.7526363 0.7912376 0.4913591 0.8740704 0.8384562 0.7956187 0.8065930 1.0274877 0.7877444 0.7253507 0.8333136 0.8468168 0.8198145 1.0898737 1.0874750 1.0401632 1.0401632 1.0873230 1.1469260 1.1469260 0.3510830 0.0000000 1.1848192 1.4344280 1.0975307 0.7138030 0.7789151 1.0355456 0.6641169 1.0741111 1.0482025 0.0000010 0.9398824 1.3573115 1.0020491 1.3244398 1.2987342 1.0047313 0.7119978 9.0000000 5.1719164 2.2680515 3.1891399 
Aque_Aqu2.1.44069_001                                  2.5354023 2.0368362 1.3948590 1.3857147 1.4108354 1.1630291 1.4488089 1.4141362 1.2114853 1.3161494 1.2962555 1.1500356 1.3621948 1.5417534 1.5199215 1.6309640 1.4978306 1.2139964 1.0732389 1.7958791 1.4750213 1.2109379 1.5510696 1.3963937 1.5919781 1.3662811 1.3695688 1.0130978 1.3388590 1.4144457 1.4344282 1.3423785 2.1983868 1.4320181 1.0124075 1.3213811 1.4122344 1.1392498 1.4565912 1.2816519 1.4776677 1.4722918 1.4563894 1.3988831 1.2563652 1.4213274 1.1848192 0.0000000 0.5824078 0.7749783 0.7297532 0.7319910 1.2559640 0.6148418 1.1405301 1.2001338 1.3734930 1.4775706 1.6092437 1.4018242 2.3857126 1.8642399 1.2982575 1.4535756 2.5381564 2.1884379 2.6610347 3.7759182 
Halamb_c46516_g1_i5m.20751                             2.3680753 2.1233029 1.7108554 1.5661146 1.4074662 1.2507647 1.6253635 1.6738893 1.4590106 1.5018277 1.5803842 1.4852560 1.7768657 1.7022700 1.7081409 1.7355876 1.5647707 1.5937754 1.3033620 1.8645489 1.4844036 1.2229447 1.5595550 1.5557940 1.5128484 1.3750088 1.3623877 1.1587010 1.4969747 1.4395475 1.5420141 1.3819440 1.6423125 1.3649109 1.1691054 1.3524805 1.4625545 1.2879224 1.4572923 1.2889430 1.5235832 1.5226567 1.4943215 1.5247102 1.3498013 1.4017617 1.4344280 0.5824078 0.0000000 0.6717488 0.8545742 0.8536393 1.1805970 0.9876038 1.4551945 1.2245457 1.1036939 1.4058048 1.7572115 1.4342476 1.8610000 1.8814349 1.3724596 1.5285203 1.9102922 2.0152295 2.4598392 3.8168180 
Xestes_maker-XT_scaffold55842-augustus-gene-0.8-mRNA-1 2.3847270 2.0597772 1.5499632 1.4831983 1.3499296 1.0468559 1.2998495 1.3441353 1.1487402 1.1860413 1.1765577 1.0587243 1.2792571 1.3713670 1.4084730 1.3551444 1.3371187 1.2270926 1.0405298 1.5141922 1.3483743 1.0792039 1.5143767 1.2949139 1.4989079 1.3478934 1.3280778 1.0649648 1.4266047 1.4090932 1.3592002 1.3863696 1.9634800 1.4458561 1.0792453 1.3654986 1.4379469 1.1146592 1.3737366 1.2109378 1.4145431 1.4145431 1.4004737 1.4075620 1.2210244 1.3679974 1.0975307 0.7749783 0.6717488 0.0000000 0.8306632 0.5707778 1.1471700 0.6959515 1.1554366 1.1105222 1.2804326 1.3524116 1.5838474 1.3195950 2.0299180 1.5165130 1.4818120 1.3269645 1.8406154 2.2867670 2.6084278 3.6524603 
Tetwil_g8772.t1                                        2.0984699 2.0768553 1.3821893 1.0597512 0.9236340 0.8591115 1.1564678 1.0889243 0.9584866 1.0428555 0.9599968 0.8268920 0.8168888 1.1164118 1.1865884 1.1527030 1.1951265 0.5016141 0.6981349 1.2525602 0.9882345 0.8439666 1.0076968 0.8804609 0.9770075 0.8696332 0.8549283 0.8546339 1.0233759 0.9103212 0.6881395 0.9734007 0.5481646 0.9556105 0.7672540 0.9373004 0.9752318 0.6116458 0.9550072 0.8358340 0.9588849 0.9588849 0.9550747 0.9852087 0.8615638 0.9924493 0.7138030 0.7297532 0.8545742 0.8306632 0.0000000 0.4097796 0.7791340 0.5176834 0.6351891 0.6948380 0.5949993 1.0943744 1.2313575 0.9236343 0.7855009 1.1834862 1.3190583 1.2653277 1.6293663 2.1348199 2.2762651 2.9700549 
Stycar_maker-SC_scaffold31444-snap-gene-0.3-mRNA-1     1.9594558 2.1836433 1.7953902 0.9225544 0.7654281 0.9371589 1.2305933 1.2304542 1.3369388 1.2438150 1.0113432 1.2435005 0.0000010 1.1794392 1.2896943 1.1988067 1.2607455 0.0000010 0.0000010 1.3566711 0.9752493 0.8715665 0.9759051 0.7878111 0.8191166 0.8222173 0.8082908 0.8003147 0.9178582 0.8613369 0.9508596 0.8185010 0.0000010 0.7395408 0.7713525 0.8083907 0.9102071 0.3328758 0.9554217 0.9594455 0.9444873 0.9444873 0.9522633 1.0002024 1.0002024 0.7836277 0.7789151 0.7319910 0.8536393 0.5707778 0.4097796 0.0000000 0.5464113 0.5962298 0.5962298 0.5261923 0.4724043 1.0631431 1.3764396 1.0205188 0.0000010 1.0873353 0.9010286 0.7021512 0.9432085 1.2531173 2.7102673 2.5800738 
Plespi_Pspi_scaffold20675_01                           2.6807049 2.2189316 1.5011002 1.3946262 1.1602974 0.9689060 1.1134739 1.1915504 1.1059368 1.1555922 1.0936398 1.0415874 1.1698002 1.2838176 1.3070962 1.3357556 1.2550743 0.7944046 0.9162789 1.4096867 1.3633261 0.9111943 1.3585541 1.2426742 1.5712405 1.3116826 1.2697202 1.0537423 1.3177688 1.3999807 1.1905725 1.3830583 1.5717209 1.1733483 0.8546223 1.1621135 1.2602312 0.7885843 1.3930787 1.1780378 1.4003559 1.3956784 1.3914211 1.4673802 1.2335879 1.3246378 1.0355456 1.2559640 1.1805970 1.1471700 0.7791340 0.5464113 0.0000000 0.5598858 1.0669026 0.9945668 1.4229743 1.3543237 1.5820611 1.3536183 1.9627618 1.4825665 1.5363167 1.5493424 2.0985751 2.5066193 2.6726633 4.2062960 
Spolac_c104544_g1_i1_m.41300c104544-g1                 1.8279167 1.7795366 1.1369221 0.7028470 0.7426787 0.6933430 0.7981393 0.7716149 0.7330431 0.7330431 0.7503128 0.6529468 0.5813555 0.7842529 0.7617328 0.7630967 0.8166268 0.4130846 0.5692098 0.8866919 0.7641109 0.6054965 0.7455931 0.5906161 0.6865329 0.6321301 0.6483713 0.6378066 0.9695280 0.5942038 0.5893929 0.7182587 0.4932050 0.6801726 0.6632736 0.6799254 0.7010214 0.5351765 0.9996433 0.9996433 0.9996433 0.9996433 0.9858309 0.9868516 0.9868516 0.7022495 0.6641169 0.6148418 0.9876038 0.6959515 0.5176834 0.5962298 0.5598858 0.0000000 0.0000010 0.0515262 0.0000010 0.8491903 1.0395401 0.8365100 2.8640905 0.9412668 0.8321802 0.0000010 0.0000010 5.5304989 1.8092288 3.8621879 
