49
Coeast_Cast_sb748779                               0.0000000 0.0175905 0.0000010 0.9537934 1.0705828 0.9505350 0.9147932 1.3064400 2.2638005 1.9527976 1.4928171 3.5310741 2.7158743 3.8766994 3.9614127 3.4815438 3.8313320 4.5039458 3.9918755 6.0441021 4.2113409 4.4071681 3.9380796 3.5423371 3.7594182 4.1520872 3.9488081 9.0000000 3.3934746 3.8719282 3.8042954 3.7934513 3.8709888 3.8532977 3.9674714 4.5654720 4.3349570 3.6731696 4.1999301 3.6673026 3.7311880 5.6756549 5.1417687 3.8140885 3.7076238 3.6925749 6.0988301 3.8247684 4.6062340 
Mlei_ML3045.g1.i1                                  0.0175905 0.0000000 0.0222052 0.8283447 0.4994895 0.9363721 0.6503552 0.8450675 1.3806099 1.1845262 0.9966084 2.8347593 2.7860567 2.9585399 2.9966399 2.7838773 3.0477393 3.4156837 3.0009294 4.1600810 3.4829866 3.3606418 2.6421673 3.1790705 2.8531712 3.2105593 3.5462453 2.7634116 2.8120614 3.1719399 3.3654915 3.2999354 3.3773292 3.5476478 3.4690248 3.4035590 3.8055392 3.0374490 3.1887309 3.4042190 2.7300935 3.4714572 3.3373139 4.5392236 3.3534181 3.3809828 3.7743604 3.0750737 3.6308088 
Vmul_sbMO426648                                    0.0000010 0.0222052 0.0000000 0.8811898 0.4905047 0.8813858 0.7859946 1.0088767 1.6218565 1.3306050 1.3081595 3.0353646 2.8116080 3.5755824 3.6080229 3.0297113 3.8129061 4.0749090 3.6875954 5.7791445 4.0178462 4.3074288 4.4383196 3.6393438 3.2111194 4.1626364 3.7738813 8.9999981 3.2956789 3.4999118 3.7895014 3.8282478 4.0081164 4.0266384 4.1182423 4.4626172 3.9295220 3.7372037 4.1470643 3.6881000 2.6802641 4.1922681 3.6870778 3.8528657 3.5863669 3.6960044 5.2039012 3.5929336 4.0737122 
Horcal_Hcv1.av93.c3.g1285.i1                       0.9537934 0.8283447 0.8811898 0.0000000 0.0063222 0.0146092 0.9396100 1.2039541 1.5128794 1.1986153 1.4415308 2.9797408 2.9361030 2.9516218 2.9577973 2.8364876 2.9292431 3.4045722 3.1321389 4.2573445 3.0805700 3.3735539 2.8138834 3.2443549 2.8919468 3.0780169 3.3100412 2.6725696 2.7479890 3.1390335 3.6144932 3.6594729 3.5781628 3.7704616 3.5478294 3.8958284 3.7960956 2.9596530 3.0868184 3.0764614 2.5142944 3.3046169 3.3308257 3.8987328 3.7250029 3.2494599 3.9213157 3.2851038 3.0253616 
Pbac_sb2663174                                     1.0705828 0.4994895 0.4905047 0.0063222 0.0000000 0.0244955 0.6754742 0.3088430 0.9034963 0.5636703 0.6877180 1.8236958 2.0149121 1.6104561 1.5901820 1.6105429 1.4169038 1.9927352 1.7384167 2.2043310 1.8423745 1.9814787 2.1727893 2.1114842 1.8024166 2.0173672 2.1491164 2.5875238 2.2585649 1.7639379 2.6089030 2.7680995 2.6347061 2.9784106 2.5343649 2.7933010 2.3887842 2.4288608 2.4288608 2.6973669 1.9950333 2.6091465 2.8698578 1.7846826 2.6160095 2.5141107 2.9763491 2.5801759 1.8682147 
Pbac_sb2655325                                     0.9505350 0.9363721 0.8813858 0.0146092 0.0244955 0.0000000 0.9475901 1.2152347 1.6029430 1.1359663 1.4441170 3.2746055 3.4015346 3.7316132 3.7564381 3.7637234 3.9121164 4.0838880 3.8991859 5.5970453 3.8055817 4.1919057 3.5234048 3.7480929 3.2583088 3.6964197 3.7612935 5.3895810 3.0405660 3.6154982 3.8775500 3.8126799 3.8247840 3.8077667 3.8285160 4.3920000 4.1188286 3.2095963 3.4695354 3.0774371 2.5121801 3.8141199 3.2766748 3.9176688 4.5352228 3.6742524 4.3211203 3.4018639 3.1501740 
Beraby_Baby_sb329571                               0.9147932 0.6503552 0.7859946 0.9396100 0.6754742 0.9475901 0.0000000 1.0173162 1.5388497 1.1914609 1.2088080 2.8437651 3.1439398 3.1838513 3.1283377 2.9076856 2.8511492 3.2915831 3.1392464 4.3796715 3.2612866 3.1991823 2.5497931 3.1179174 3.1533609 3.1710989 3.3821281 2.8154363 2.6922615 3.1506665 3.5706504 3.3602899 3.7143185 3.7186668 3.6771075 3.7827876 3.5740489 2.8839221 3.0333005 3.0217374 2.7290414 3.5142224 3.1299626 4.2742658 3.4982378 3.0501688 3.5009613 2.9308534 3.1045026 
Drygla_Dgla_sb287204                               1.3064400 0.8450675 1.0088767 1.2039541 0.3088430 1.2152347 1.0173162 0.0000000 1.5642507 1.3247166 1.0628019 2.7069884 3.0370324 3.5086919 3.4370518 3.4593187 3.8030055 3.5648167 3.3048570 4.3190300 4.0563056 4.0501760 3.6061349 3.4777722 3.0968857 3.3716091 3.4496754 6.9272035 2.9595367 3.6402636 4.0297174 3.9910407 3.8910698 3.8807535 3.8900786 4.4621734 3.5771826 3.8400315 4.1931656 3.6588904 2.6349919 4.0085834 3.4042676 4.1742167 3.8509876 3.7020126 5.0380147 3.8696533 3.3046985 
Coemet_Cmet_scaffold6690_01                        2.2638005 1.3806099 1.6218565 1.5128794 0.9034963 1.6029430 1.5388497 1.5642507 0.0000000 0.0379259 1.7700910 2.5773874 2.6811136 2.9300562 2.8348640 3.0159783 2.6584056 3.4140964 3.0306026 3.9104942 2.9328420 2.8189731 2.5347285 2.8239860 2.8279175 2.9287632 3.2454826 2.8177695 3.0099391 2.7978215 2.9972815 2.8707632 3.1916755 3.2960117 3.2606256 3.2272581 3.3706879 2.9535707 3.0201486 3.1145917 2.6673476 3.4577163 3.1879833 3.9227984 3.1647400 3.2308549 3.7248456 3.3367210 3.6125632 
Coeast_Cast_sb754410                               1.9527976 1.1845262 1.3306050 1.1986153 0.5636703 1.1359663 1.1914609 1.3247166 0.0379259 0.0000000 1.4302339 2.2814387 2.1724457 2.8361876 2.7261022 2.7535428 2.0342325 2.9451025 2.9451025 3.0240716 2.5243196 2.4232519 3.0107875 2.4087816 2.6283243 3.1190933 2.7264120 4.7517902 3.2958252 2.6761820 2.4841174 2.4841174 2.6917959 2.6917959 2.7596503 2.8023520 2.6841936 2.9647787 2.9647787 2.9264726 3.1098486 4.2289047 3.7828704 3.2378972 3.6537903 3.1391221 4.2130642 3.2550296 3.1032891 
Lampan_Lpan_15555_01                               1.4928171 0.9966084 1.3081595 1.4415308 0.6877180 1.4441170 1.2088080 1.0628019 1.7700910 1.4302339 0.0000000 4.2354644 3.4449276 3.9911454 3.9463334 3.9559066 3.6325103 4.1427010 3.8805689 4.6693555 5.2519237 5.1621820 3.8042055 3.7410624 3.9746655 4.1702781 4.7110233 9.0000000 3.6098789 3.7718894 4.4792010 4.7100652 4.5097085 4.4943599 4.4737835 5.5821331 6.0164183 4.0985864 4.6512445 4.1344832 3.3180283 4.2443675 4.6199636 4.0376849 4.2056675 4.0007404 5.9207805 4.0526550 3.7819453 
Spur_XM_795640.5                                   3.5310741 2.8347593 3.0353646 2.9797408 1.8236958 3.2746055 2.8437651 2.7069884 2.5773874 2.2814387 4.2354644 0.0000000 2.3681088 2.4328658 2.4827610 2.2158737 2.5355989 3.0872065 2.6704531 3.1832946 2.6673367 2.7378649 2.2070416 2.7694371 1.4608717 2.6568719 2.2627424 1.9187085 2.5122678 2.0355808 2.9872739 3.0615530 2.9538738 3.1159315 3.2003622 3.1559700 2.3680698 3.2634094 3.2650546 3.5442917 2.6447983 3.2600019 2.8290767 3.2082560 2.0780017 3.1180907 3.4572180 3.3356568 3.3135805 
Exapal_XM_028662401.1                              2.7158743 2.7860567 2.8116080 2.9361030 2.0149121 3.4015346 3.1439398 3.0370324 2.6811136 2.1724457 3.4449276 2.3681088 0.0000000 0.9452627 0.9682252 0.9171625 1.0481391 1.1161674 1.0194005 1.3400711 1.8027692 1.7353720 1.6596534 1.8910023 2.4347294 1.9028755 2.6560821 1.6011870 1.9271538 2.4241236 2.6451744 2.6040600 2.6805638 2.9670204 2.9071710 2.6250604 2.9427669 2.8479953 2.8729203 3.1009094 3.1871928 3.8227046 3.2194570 1.0360528 2.8650780 2.1830042 3.1794149 2.7024901 3.5768653 
Pocdam_XM_027192057.1                              3.8766994 2.9585399 3.5755824 2.9516218 1.6104561 3.7316132 3.1838513 3.5086919 2.9300562 2.8361876 3.9911454 2.4328658 0.9452627 0.0000000 0.0859733 0.2360253 0.2936779 0.5489216 0.4662151 0.6214019 2.0971912 1.9769759 1.6757335 2.0310234 2.3408472 1.9981977 2.6205186 1.8548679 2.3475157 2.5781781 2.9696095 2.9347451 2.8132447 3.0131835 2.9840459 2.9821151 2.9924646 2.7885364 2.8384418 3.1715042 2.9620153 3.3539618 3.1417453 1.4040800 2.6086311 2.6108502 3.1706882 2.9994628 3.5398172 
Spis_XP_022781767_1                                3.9614127 2.9966399 3.6080229 2.9577973 1.5901820 3.7564381 3.1283377 3.4370518 2.8348640 2.7261022 3.9463334 2.4827610 0.9682252 0.0859733 0.0000000 0.2463859 0.2886900 0.5570986 0.4845959 0.6356141 2.0985113 2.0175938 1.6784953 2.0210513 2.3293651 2.0339102 2.5326754 1.8319223 2.2707292 2.5280263 2.8619984 2.8496703 2.7294722 2.9447693 2.9124226 3.0103755 2.9182378 2.7478996 2.7952587 3.0598206 2.8283247 3.2497872 3.0793832 1.4003833 2.6775247 2.5704020 3.2506842 3.0789016 3.4170684 
Fspp_ffun1.m4.26870.m1                             3.4815438 2.7838773 3.0297113 2.8364876 1.6105429 3.7637234 2.9076856 3.4593187 3.0159783 2.7535428 3.9559066 2.2158737 0.9171625 0.2360253 0.2463859 0.0000000 0.2374787 0.5212458 0.4415742 0.4752779 1.7285687 1.7151912 1.5504910 1.7820882 2.1562505 1.8537242 2.5096660 1.6513274 2.0353691 2.5404074 2.4480539 2.4595498 2.3424469 2.5873793 2.6110306 2.4099507 2.8692004 2.7203705 2.7203705 3.1106775 3.0418393 3.5132886 3.2990020 1.2635910 2.5467859 2.3559604 3.2129514 2.6628582 3.1113634 
Gasp_gasp1.m3.299.m1                               3.8313320 3.0477393 3.8129061 2.9292431 1.4169038 3.9121164 2.8511492 3.8030055 2.6584056 2.0342325 3.6325103 2.5355989 1.0481391 0.2936779 0.2886900 0.2374787 0.0000000 0.4882570 0.4926788 0.5019800 2.0864335 2.1164674 1.1394167 1.9653820 2.5920760 1.6488582 2.6031553 1.7527073 2.1985966 2.8459412 3.0525759 2.7405616 2.9533023 2.9531017 3.0104266 2.8753386 3.1214494 2.4299632 2.4486571 3.2196736 2.9579769 3.3995041 3.2145742 1.5597124 3.0352656 2.4174154 3.0240554 2.9685659 3.4799160 
Amil_Amillepora13281-RA                            4.5039458 3.4156837 4.0749090 3.4045722 1.9927352 4.0838880 3.2915831 3.5648167 3.4140964 2.9451025 4.1427010 3.0872065 1.1161674 0.5489216 0.5570986 0.5212458 0.4882570 0.0000000 0.0834792 0.6986284 2.4079999 2.4230282 1.9155695 2.3713640 2.6947118 2.2895626 2.9408289 2.4589709 2.7741261 3.2599819 3.3801930 3.0794459 3.2585193 3.2248317 3.3286794 3.1266033 3.1426774 3.4027085 3.4818033 3.2695134 3.5631713 3.9045616 3.2381280 1.6231908 3.3481927 2.9253468 3.5933102 3.2821672 4.1039706 
Adig_XM_015914490.1                                3.9918755 3.0009294 3.6875954 3.1321389 1.7384167 3.8991859 3.1392464 3.3048570 3.0306026 2.9451025 3.8805689 2.6704531 1.0194005 0.4662151 0.4845959 0.4415742 0.4926788 0.0834792 0.0000000 0.7124756 2.1092744 2.1621437 1.8768884 2.1022717 2.3665299 2.0209608 2.4748225 1.9089754 2.3793861 2.7893956 2.8640321 2.9498315 2.7744051 2.9893472 3.0208906 3.0248673 2.9348986 3.0563613 3.1103132 2.9270958 2.9034379 3.2555416 2.7938824 1.6174936 2.8090711 2.6329371 3.1216179 3.0169127 3.9188589 
Gfas_gfas1.m1.1746.m1                              6.0441021 4.1600810 5.7791445 4.2573445 2.2043310 5.5970453 4.3796715 4.3190300 3.9104942 3.0240716 4.6693555 3.1832946 1.3400711 0.6214019 0.6356141 0.4752779 0.5019800 0.6986284 0.7124756 0.0000000 2.5490904 2.5173730 1.6649773 2.7820106 2.7519528 2.7380728 3.1823337 2.3961689 3.1362550 3.4974690 3.5502654 3.5355769 3.5723543 3.7833670 3.6076639 3.6534317 3.2213974 3.2958279 3.3296925 3.5518795 3.9008601 4.7133416 3.9978877 1.7996645 3.1519926 3.2504187 3.7714921 3.7791071 4.3779296 
Nemnom_g2269.t1                                    4.2113409 3.4829866 4.0178462 3.0805700 1.8423745 3.8055817 3.2612866 4.0563056 2.9328420 2.5243196 5.2519237 2.6673367 1.8027692 2.0971912 2.0985113 1.7285687 2.0864335 2.4079999 2.1092744 2.5490904 0.0000000 0.4296930 0.8723980 1.1979611 2.7671928 1.7306290 2.7604459 2.2688422 2.3240572 3.2039198 3.1257036 3.2083819 2.9879328 3.1990097 3.2448391 3.3964233 2.8301954 3.1884638 3.2571500 3.0020386 3.0591983 3.5330236 3.2155931 3.5284238 3.2576656 2.1986947 3.6894458 3.3255169 3.8606996 
Rhoesc_Res_017306-T1                               4.4071681 3.3606418 4.3074288 3.3735539 1.9814787 4.1919057 3.1991823 4.0501760 2.8189731 2.4232519 5.1621820 2.7378649 1.7353720 1.9769759 2.0175938 1.7151912 2.1164674 2.4230282 2.1621437 2.5173730 0.4296930 0.0000000 0.8993144 1.1410306 2.6958909 1.8761238 2.6571945 2.2456221 2.5513028 3.0601928 3.2916425 3.3253944 3.1795325 3.4045474 3.5163347 3.5137083 2.9022396 3.1684108 3.3168265 3.1115110 3.0211439 3.4158975 3.0985416 3.5524436 3.1004884 2.1804182 3.5910917 3.6676456 3.4874848 
Aaur_scaffold24.g44.t2                             3.9380796 2.6421673 4.4383196 2.8138834 2.1727893 3.5234048 2.5497931 3.6061349 2.5347285 3.0107875 3.8042055 2.2070416 1.6596534 1.6757335 1.6784953 1.5504910 1.1394167 1.9155695 1.8768884 1.6649773 0.8723980 0.8993144 0.0000000 0.9319919 1.9173490 1.9201065 2.4389209 1.6628237 2.2955391 2.4338196 2.2845297 2.3750006 2.3229073 2.4603132 2.3341863 2.3006799 2.3822627 3.1625396 3.1230805 3.0885749 3.6359476 3.7719015 3.0313271 3.5520925 2.4616789 2.3619201 3.2295136 2.8614551 4.3840970 
Sanmal_Sma_024221-T1                               3.5423371 3.1790705 3.6393438 3.2443549 2.1114842 3.7480929 3.1179174 3.4777722 2.8239860 2.4087816 3.7410624 2.7694371 1.8910023 2.0310234 2.0210513 1.7820882 1.9653820 2.3713640 2.1022717 2.7820106 1.1979611 1.1410306 0.9319919 0.0000000 2.8762366 1.9296695 2.9515788 2.2781831 2.6144157 3.3129773 3.1718146 3.1957683 3.1168973 3.2755750 3.2963665 3.1602127 3.3634990 2.8688315 2.9792016 3.3378861 2.9132502 3.2135654 3.2593952 3.8308388 3.0520504 2.2677865 3.5603330 3.2289802 3.9105134 
Skow_XM_006818239.1                                3.7594182 2.8531712 3.2111194 2.8919468 1.8024166 3.2583088 3.1533609 3.0968857 2.8279175 2.6283243 3.9746655 1.4608717 2.4347294 2.3408472 2.3293651 2.1562505 2.5920760 2.6947118 2.3665299 2.7519528 2.7671928 2.6958909 1.9173490 2.8762366 0.0000000 2.5129439 2.1798512 1.9520840 2.4938046 1.8392192 3.2848500 3.4768958 3.4436389 3.6295983 3.5617473 3.7019066 2.4332344 3.1145166 3.1843191 3.1296366 2.7480380 3.3824554 2.6506039 3.6378566 2.1463234 2.9862451 3.5200444 3.3455942 3.5787425 
Morvir_scaffold107.g15.t2                          4.1520872 3.2105593 4.1626364 3.0780169 2.0173672 3.6964197 3.1710989 3.3716091 2.9287632 3.1190933 4.1702781 2.6568719 1.9028755 1.9981977 2.0339102 1.8537242 1.6488582 2.2895626 2.0209608 2.7380728 1.7306290 1.8761238 1.9201065 1.9296695 2.5129439 0.0000000 2.2630137 1.6715098 2.2771803 2.5892309 3.0746935 3.1084621 3.1486984 3.2958997 3.2243749 3.4512842 2.7685080 3.1596948 3.3434458 3.7222732 3.2847526 3.4882042 3.2122912 3.3138303 2.9222358 2.5454310 3.2896137 3.0658374 3.7028906 
Cgig_XM_011436048.3                                3.9488081 3.5462453 3.7738813 3.3100412 2.1491164 3.7612935 3.3821281 3.4496754 3.2454826 2.7264120 4.7110233 2.2627424 2.6560821 2.6205186 2.5326754 2.5096660 2.6031553 2.9408289 2.4748225 3.1823337 2.7604459 2.6571945 2.4389209 2.9515788 2.1798512 2.2630137 0.0000000 2.0137484 2.6946997 2.3866832 3.0237325 3.1462272 2.9758656 3.1447403 3.0401450 3.2605323 1.6405752 3.6822270 3.6895763 3.8285507 3.2316913 3.2224156 3.2524306 4.2198016 2.1603291 3.2062972 3.2057480 3.2859365 4.0665858 
Opea_EP00118_Oscarella_pearsei_P005338             9.0000000 2.7634116 8.9999981 2.6725696 2.5875238 5.3895810 2.8154363 6.9272035 2.8177695 4.7517902 9.0000000 1.9187085 1.6011870 1.8548679 1.8319223 1.6513274 1.7527073 2.4589709 1.9089754 2.3961689 2.2688422 2.2456221 1.6628237 2.2781831 1.9520840 1.6715098 2.0137484 0.0000000 0.0639077 1.9521252 1.8941858 2.0573285 2.0114525 2.4099813 2.0399805 2.3268008 2.6273817 2.6294875 2.5081594 3.1443185 3.1756456 3.2834512 3.0252256 9.0000000 2.0986449 2.4679895 3.2097137 2.7968406 2.2948864 
Opea_EP00118_Oscarella_pearsei_P005339             3.3934746 2.8120614 3.2956789 2.7479890 2.2585649 3.0405660 2.6922615 2.9595367 3.0099391 3.2958252 3.6098789 2.5122678 1.9271538 2.3475157 2.2707292 2.0353691 2.1985966 2.7741261 2.3793861 3.1362550 2.3240572 2.5513028 2.2955391 2.6144157 2.4938046 2.2771803 2.6946997 0.0639077 0.0000000 2.5431069 2.4463919 2.5587849 2.5275844 2.7447847 2.5559197 2.7860416 2.8679039 2.8169891 2.8771383 2.8316712 2.7901997 3.4724071 3.0165354 3.1906538 2.7288862 2.8247907 2.8152472 2.4940531 2.5009796 
Bralan_BLAG01001371_1                              3.8719282 3.1719399 3.4999118 3.1390335 1.7639379 3.6154982 3.1506665 3.6402636 2.7978215 2.6761820 3.7718894 2.0355808 2.4241236 2.5781781 2.5280263 2.5404074 2.8459412 3.2599819 2.7893956 3.4974690 3.2039198 3.0601928 2.4338196 3.3129773 1.8392192 2.5892309 2.3866832 1.9521252 2.5431069 0.0000000 3.5739991 3.6258741 3.5127572 3.7101265 3.6142507 3.5670225 2.5058005 3.3402700 3.3273486 3.6510818 3.0034118 2.9383894 2.7743325 4.0803091 2.1334783 3.1058629 3.6347323 3.7244930 3.7155158 
TrH2_TrispH2_000554-RA                             3.8042954 3.3654915 3.7895014 3.6144932 2.6089030 3.8775500 3.5706504 4.0297174 2.9972815 2.4841174 4.4792010 2.9872739 2.6451744 2.9696095 2.8619984 2.4480539 3.0525759 3.3801930 2.8640321 3.5502654 3.1257036 3.2916425 2.2845297 3.1718146 3.2848500 3.0746935 3.0237325 1.8941858 2.4463919 3.5739991 0.0000000 0.0420399 0.2715754 0.3138732 0.2971879 0.3452606 3.8403245 3.2539248 3.2941155 3.7767463 3.2563753 3.6760761 3.4604251 4.2735109 2.9594757 3.3381522 3.8086634 3.4062866 3.6943733 
Tadh_TriadT58082                                   3.7934513 3.2999354 3.8282478 3.6594729 2.7680995 3.8126799 3.3602899 3.9910407 2.8707632 2.4841174 4.7100652 3.0615530 2.6040600 2.9347451 2.8496703 2.4595498 2.7405616 3.0794459 2.9498315 3.5355769 3.2083819 3.3253944 2.3750006 3.1957683 3.4768958 3.1084621 3.1462272 2.0573285 2.5587849 3.6258741 0.0420399 0.0000000 0.3141706 0.3274674 0.3133669 0.3227189 3.7405138 3.3678271 3.4197612 4.3096946 3.6243528 4.0966318 3.7846559 4.3538996 3.3770939 3.5083594 4.0201362 3.5463667 3.7185552 
Hhon_g00137.t1                                     3.8709888 3.3773292 4.0081164 3.5781628 2.6347061 3.8247840 3.7143185 3.8910698 3.1916755 2.6917959 4.5097085 2.9538738 2.6805638 2.8132447 2.7294722 2.3424469 2.9533023 3.2585193 2.7744051 3.5723543 2.9879328 3.1795325 2.3229073 3.1168973 3.4436389 3.1486984 2.9758656 2.0114525 2.5275844 3.5127572 0.2715754 0.3141706 0.0000000 0.0289602 0.1094961 0.1728725 3.7185551 3.5545447 3.6025645 3.9696647 3.3572173 4.0166410 3.6382736 4.0842775 3.2176342 3.2788955 3.5473015 3.3230104 3.8554302 
HoiH04_mRNA4305                                    3.8532977 3.5476478 4.0266384 3.7704616 2.9784106 3.8077667 3.7186668 3.8807535 3.2960117 2.6917959 4.4943599 3.1159315 2.9670204 3.0131835 2.9447693 2.5873793 2.9531017 3.2248317 2.9893472 3.7833670 3.1990097 3.4045474 2.4603132 3.2755750 3.6295983 3.2958997 3.1447403 2.4099813 2.7447847 3.7101265 0.3138732 0.3274674 0.0289602 0.0000000 0.1196737 0.1752710 3.8336957 3.7114532 3.7602620 4.2368124 3.6211773 4.2779862 3.8082814 4.0502805 3.3904458 3.4816175 3.7780577 3.5549541 3.8688635 
HoiH23_PlH23_008858-RA                             3.9674714 3.4690248 4.1182423 3.5478294 2.5343649 3.8285160 3.6771075 3.8900786 3.2606256 2.7596503 4.4737835 3.2003622 2.9071710 2.9840459 2.9124226 2.6110306 3.0104266 3.3286794 3.0208906 3.6076639 3.2448391 3.5163347 2.3341863 3.2963665 3.5617473 3.2243749 3.0401450 2.0399805 2.5559197 3.6142507 0.2971879 0.3133669 0.1094961 0.1196737 0.0000000 0.1086872 3.7558099 3.6178647 3.6558484 4.1779863 3.6798025 4.2169301 3.9127314 4.0226544 3.3934319 3.4111765 3.7032686 3.4664483 3.9126316 
HoiH06_mRNA3135                                    4.5654720 3.4035590 4.4626172 3.8958284 2.7933010 4.3920000 3.7827876 4.4621734 3.2272581 2.8023520 5.5821331 3.1559700 2.6250604 2.9821151 3.0103755 2.4099507 2.8753386 3.1266033 3.0248673 3.6534317 3.3964233 3.5137083 2.3006799 3.1602127 3.7019066 3.4512842 3.2605323 2.3268008 2.7860416 3.5670225 0.3452606 0.3227189 0.1728725 0.1752710 0.1086872 0.0000000 3.6846344 3.7963405 3.6493105 4.4899139 3.6633752 4.2373880 3.9419550 4.2490228 3.5732027 3.6906748 3.7755699 3.6325177 4.4484226 
Acagra_model.g1900.t1                              4.3349570 3.8055392 3.9295220 3.7960956 2.3887842 4.1188286 3.5740489 3.5771826 3.3706879 2.6841936 6.0164183 2.3680698 2.9427669 2.9924646 2.9182378 2.8692004 3.1214494 3.1426774 2.9348986 3.2213974 2.8301954 2.9022396 2.3822627 3.3634990 2.4332344 2.7685080 1.6405752 2.6273817 2.8679039 2.5058005 3.8403245 3.7405138 3.7185551 3.8336957 3.7558099 3.6846344 0.0000000 3.5070188 3.6134469 2.9231832 3.5854356 4.1170816 4.0830448 3.7522157 2.1805102 3.0139268 3.2870067 3.6774897 3.9352967 
Emue_Em0099g12a.t1                                 3.6731696 3.0374490 3.7372037 2.9596530 2.4288608 3.2095963 2.8839221 3.8400315 2.9535707 2.9647787 4.0985864 3.2634094 2.8479953 2.7885364 2.7478996 2.7203705 2.4299632 3.4027085 3.0563613 3.2958279 3.1884638 3.1684108 3.1625396 2.8688315 3.1145166 3.1596948 3.6822270 2.6294875 2.8169891 3.3402700 3.2539248 3.3678271 3.5545447 3.7114532 3.6178647 3.7963405 3.5070188 0.0000000 0.0705509 1.8652847 2.7778946 2.7179342 2.3393240 3.7281372 2.9847887 3.4544760 3.2172020 3.3395648 2.5797784 
Emue_Em0429g4a.t1                                  4.1999301 3.1887309 4.1470643 3.0868184 2.4288608 3.4695354 3.0333005 4.1931656 3.0201486 2.9647787 4.6512445 3.2650546 2.8729203 2.8384418 2.7952587 2.7203705 2.4486571 3.4818033 3.1103132 3.3296925 3.2571500 3.3168265 3.1230805 2.9792016 3.1843191 3.3434458 3.6895763 2.5081594 2.8771383 3.3273486 3.2941155 3.4197612 3.6025645 3.7602620 3.6558484 3.6493105 3.6134469 0.0705509 0.0000000 1.9403498 2.7778946 2.7008868 2.3229541 4.1721130 3.0036739 3.7981895 3.2094809 3.4869509 2.9478950 
Tetwil_g14547.t2                                   3.6673026 3.4042190 3.6881000 3.0764614 2.6973669 3.0774371 3.0217374 3.6588904 3.1145917 2.9264726 4.1344832 3.5442917 3.1009094 3.1715042 3.0598206 3.1106775 3.2196736 3.2695134 2.9270958 3.5518795 3.0020386 3.1115110 3.0885749 3.3378861 3.1296366 3.7222732 3.8285507 3.1443185 2.8316712 3.6510818 3.7767463 4.3096946 3.9696647 4.2368124 4.1779863 4.4899139 2.9231832 1.8652847 1.9403498 0.0000000 2.3943064 2.6750232 2.3266184 3.4031754 3.4260181 3.3836557 3.2991833 3.3167544 2.7451022 
Xestes_maker-XT_scaffold4482-snap-gene-0.29-mRNA-1 3.7311880 2.7300935 2.6802641 2.5142944 1.9950333 2.5121801 2.7290414 2.6349919 2.6673476 3.1098486 3.3180283 2.6447983 3.1871928 2.9620153 2.8283247 3.0418393 2.9579769 3.5631713 2.9034379 3.9008601 3.0591983 3.0211439 3.6359476 2.9132502 2.7480380 3.2847526 3.2316913 3.1756456 2.7901997 3.0034118 3.2563753 3.6243528 3.3572173 3.6211773 3.6798025 3.6633752 3.5854356 2.7778946 2.7778946 2.3943064 0.0000000 1.3147163 1.3226261 3.5243765 3.0018461 3.1073909 3.8925513 3.9579543 2.8242379 
Aque_Aqu2.1.33500_001                              5.6756549 3.4714572 4.1922681 3.3046169 2.6091465 3.8141199 3.5142224 4.0085834 3.4577163 4.2289047 4.2443675 3.2600019 3.8227046 3.3539618 3.2497872 3.5132886 3.3995041 3.9045616 3.2555416 4.7133416 3.5330236 3.4158975 3.7719015 3.2135654 3.3824554 3.4882042 3.2224156 3.2834512 3.4724071 2.9383894 3.6760761 4.0966318 4.0166410 4.2779862 4.2169301 4.2373880 4.1170816 2.7179342 2.7008868 2.6750232 1.3147163 0.0000000 0.8376946 4.3275720 3.0742354 3.5409787 3.6907410 3.8529901 3.2644000 
Halamb_c43933_g1_i1m.16811                         5.1417687 3.3373139 3.6870778 3.3308257 2.8698578 3.2766748 3.1299626 3.4042676 3.1879833 3.7828704 4.6199636 2.8290767 3.2194570 3.1417453 3.0793832 3.2990020 3.2145742 3.2381280 2.7938824 3.9978877 3.2155931 3.0985416 3.0313271 3.2593952 2.6506039 3.2122912 3.2524306 3.0252256 3.0165354 2.7743325 3.4604251 3.7846559 3.6382736 3.8082814 3.9127314 3.9419550 4.0830448 2.3393240 2.3229541 2.3266184 1.3226261 0.8376946 0.0000000 5.0285576 3.3749675 3.3179688 4.0400603 4.0140698 3.1502156 
Nvec_v1g196991                                     3.8140885 4.5392236 3.8528657 3.8987328 1.7846826 3.9176688 4.2742658 4.1742167 3.9227984 3.2378972 4.0376849 3.2082560 1.0360528 1.4040800 1.4003833 1.2635910 1.5597124 1.6231908 1.6174936 1.7996645 3.5284238 3.5524436 3.5520925 3.8308388 3.6378566 3.3138303 4.2198016 9.0000000 3.1906538 4.0803091 4.2735109 4.3538996 4.0842775 4.0502805 4.0226544 4.2490228 3.7522157 3.7281372 4.1721130 3.4031754 3.5243765 4.3275720 5.0285576 0.0000000 4.4386413 3.1966312 3.8998644 3.6305733 4.5545524 
Ctel_gnl_WGS_AMQN_CAPTEDRAFT_mRNA220241            3.7076238 3.3534181 3.5863669 3.7250029 2.6160095 4.5352228 3.4982378 3.8509876 3.1647400 3.6537903 4.2056675 2.0780017 2.8650780 2.6086311 2.6775247 2.5467859 3.0352656 3.3481927 2.8090711 3.1519926 3.2576656 3.1004884 2.4616789 3.0520504 2.1463234 2.9222358 2.1603291 2.0986449 2.7288862 2.1334783 2.9594757 3.3770939 3.2176342 3.3904458 3.3934319 3.5732027 2.1805102 2.9847887 3.0036739 3.4260181 3.0018461 3.0742354 3.3749675 4.4386413 0.0000000 2.6771813 3.4069195 3.2822931 3.8713173 
Chem_TCONS_00038210                                3.6925749 3.3809828 3.6960044 3.2494599 2.5141107 3.6742524 3.0501688 3.7020126 3.2308549 3.1391221 4.0007404 3.1180907 2.1830042 2.6108502 2.5704020 2.3559604 2.4174154 2.9253468 2.6329371 3.2504187 2.1986947 2.1804182 2.3619201 2.2677865 2.9862451 2.5454310 3.2062972 2.4679895 2.8247907 3.1058629 3.3381522 3.5083594 3.2788955 3.4816175 3.4111765 3.6906748 3.0139268 3.4544760 3.7981895 3.3836557 3.1073909 3.5409787 3.3179688 3.1966312 2.6771813 0.0000000 3.4829593 3.2357359 3.4869134 
Lcom_lcpid82890                                    6.0988301 3.7743604 5.2039012 3.9213157 2.9763491 4.3211203 3.5009613 5.0380147 3.7248456 4.2130642 5.9207805 3.4572180 3.1794149 3.1706882 3.2506842 3.2129514 3.0240554 3.5933102 3.1216179 3.7714921 3.6894458 3.5910917 3.2295136 3.5603330 3.5200444 3.2896137 3.2057480 3.2097137 2.8152472 3.6347323 3.8086634 4.0201362 3.5473015 3.7780577 3.7032686 3.7755699 3.2870067 3.2172020 3.2094809 3.2991833 3.8925513 3.6907410 4.0400603 3.8998644 3.4069195 3.4829593 0.0000000 1.5368499 4.7568141 
Leuniv_Lniv_C809006_01                             3.8247684 3.0750737 3.5929336 3.2851038 2.5801759 3.4018639 2.9308534 3.8696533 3.3367210 3.2550296 4.0526550 3.3356568 2.7024901 2.9994628 3.0789016 2.6628582 2.9685659 3.2821672 3.0169127 3.7791071 3.3255169 3.6676456 2.8614551 3.2289802 3.3455942 3.0658374 3.2859365 2.7968406 2.4940531 3.7244930 3.4062866 3.5463667 3.3230104 3.5549541 3.4664483 3.6325177 3.6774897 3.3395648 3.4869509 3.3167544 3.9579543 3.8529901 4.0140698 3.6305733 3.2822931 3.2357359 1.5368499 0.0000000 4.1401146 
Plespi_Pspi_C603780_01                             4.6062340 3.6308088 4.0737122 3.0253616 1.8682147 3.1501740 3.1045026 3.3046985 3.6125632 3.1032891 3.7819453 3.3135805 3.5768653 3.5398172 3.4170684 3.1113634 3.4799160 4.1039706 3.9188589 4.3779296 3.8606996 3.4874848 4.3840970 3.9105134 3.5787425 3.7028906 4.0665858 2.2948864 2.5009796 3.7155158 3.6943733 3.7185552 3.8554302 3.8688635 3.9126316 4.4484226 3.9352967 2.5797784 2.9478950 2.7451022 2.8242379 3.2644000 3.1502156 4.5545524 3.8713173 3.4869134 4.7568141 4.1401146 0.0000000 
