73
Hsap_ENST00000297579                                             0.0000000 0.4640347 0.6194451 0.5846899 0.5945508 0.5694837 0.7874290 0.9311206 0.6528985 0.6837550 0.6303714 0.6462183 0.7011847 0.6920946 0.7403208 0.8319425 0.8028844 0.8791906 0.8793071 0.8219631 0.7718272 0.9415350 0.7883522 0.8132269 0.8200872 0.8882981 0.7506525 0.9275141 0.7490337 0.9035642 0.9513769 0.9121056 0.8881285 0.9129746 0.7934282 1.0518913 0.8202418 1.1375132 0.8808095 0.8870316 0.9480206 0.8635244 0.8628771 0.8665690 0.8397731 0.8175715 0.8851358 0.9415017 0.6276389 1.3557664 1.1313811 1.0279663 0.9846891 1.0398043 1.0418261 1.2015494 1.1785669 0.9098578 1.2507002 1.1844355 1.2019017 1.0771156 1.0792083 1.5417635 1.1580068 1.1913309 1.1290392 1.0744943 0.9929727 1.1212107 0.8027003 1.5152588 0.7843569 
Skow_XM_002737861.2                                              0.4640347 0.0000000 0.4762122 0.5067460 0.5611445 0.5110462 0.5645813 0.7184779 0.5152964 0.4973057 0.4730393 0.4926447 0.5199561 0.5086234 0.6038820 0.6708162 0.7170412 0.7093572 0.7245986 0.7308649 0.6791366 0.8187726 0.6709345 0.7458853 0.6745309 0.7408363 0.7968303 0.8275901 0.7303305 0.8243864 0.8361482 0.8338458 0.8179578 0.8675265 0.6872292 0.9646165 0.7588085 0.9376118 0.8181207 0.7836684 0.8138526 0.6987641 0.7134603 0.7168981 0.6947672 0.7582165 0.7943558 0.8816409 0.6084803 1.2123545 1.0386484 0.9590514 0.9644784 1.0184523 1.0075301 1.0798460 1.1018478 0.9361938 1.1541150 1.1068762 1.1105152 1.0119657 1.0105968 1.3258279 1.1004401 1.0816019 1.0658382 1.0326248 0.9492910 0.9862819 0.8528485 1.3934906 0.5819456 
Spur_XM_789124.5                                                 0.6194451 0.4762122 0.0000000 0.6544293 0.6936022 0.6447647 0.7755211 0.9552049 0.6826411 0.6464306 0.6615964 0.6122372 0.6554821 0.6356158 0.7491415 0.7931947 0.8082049 0.8172135 0.8194456 0.8233043 0.7442825 0.9149118 0.8158603 0.8667611 0.8199391 0.8572319 0.9104302 0.9938445 0.8249673 0.9147159 0.9130386 0.8740993 0.8585334 0.9322017 0.8032846 1.1315738 0.8388966 1.0559991 0.9772810 0.9390099 1.0124910 0.8897178 0.8801587 0.8839781 0.8759143 0.9426619 0.9133701 0.9455094 0.6871338 1.3722364 1.1670851 1.1731290 1.1529488 1.2163851 1.2143262 1.5460938 1.5075303 1.0225646 1.3473631 1.2716286 1.2885143 1.1527450 1.1520773 1.6031779 1.2544026 1.2073833 1.2084869 1.1120323 1.1427968 1.1250160 0.9225134 1.6958275 0.8103658 
Bralan_BLAG16000086_1                                            0.5846899 0.5067460 0.6544293 0.0000000 0.6168204 0.6073153 0.6368597 0.8162695 0.6305303 0.6247646 0.5865496 0.6100342 0.6630333 0.6725552 0.6684455 0.7768906 0.7427799 0.7983245 0.7954053 0.8142265 0.7573569 0.9216376 0.7223400 0.8071922 0.7447307 0.8042923 0.7628131 0.8623043 0.8043181 0.8283875 0.8695024 0.8850799 0.8320023 0.9103847 0.7342411 0.9885826 0.7720987 0.9300691 0.8320313 0.7823805 0.8929195 0.7574323 0.7620900 0.7655321 0.7605230 0.8062937 0.8076181 0.9029236 0.6123114 1.1832502 1.0707559 1.0355598 1.0468021 1.0682513 1.0965615 1.3267370 1.2746055 0.9614005 1.2054911 1.1409410 1.1557958 1.0101940 1.0026806 1.3615944 1.0542010 1.0911303 1.0630927 1.0275282 0.9634847 1.0246194 0.8617464 1.2125262 0.7195118 
Cgig_XM_011415004.3                                              0.5945508 0.5611445 0.6936022 0.6168204 0.0000000 0.4278941 0.7667854 0.9490252 0.7152203 0.6944044 0.6832393 0.6634091 0.7235329 0.7270947 0.7911430 0.8073947 0.8305632 0.8674588 0.9381014 0.9763866 0.9267547 1.0797596 0.8760948 0.8529221 0.7975772 0.8604983 0.7902181 0.8935084 0.8657617 0.9087706 0.9120817 0.8456034 0.8182724 0.9326651 0.7283129 1.0646732 0.8380758 1.0984977 0.9362822 0.9171070 0.9811625 0.8740252 0.8808854 0.8847109 0.8883979 1.0905346 0.7785217 0.9182926 0.6238337 1.4608418 1.2362572 1.0690102 1.0487558 1.0665201 1.1014706 1.3120914 1.3181129 0.9618576 1.3276519 1.2558389 1.2591779 1.1437283 1.1420570 1.6907596 1.1784860 1.1151607 1.1387418 1.0360394 1.0233518 1.2758117 0.9078900 1.3449669 0.7791244 
Acagra_model.g18478.t1                                           0.5694837 0.5110462 0.6447647 0.6073153 0.4278941 0.0000000 0.6984223 0.8470999 0.6640967 0.6403250 0.6410079 0.6073227 0.6787848 0.6659855 0.7497941 0.7900471 0.7806243 0.7668906 0.8154901 0.8549272 0.9146056 0.9894216 0.7824633 0.8123255 0.7534603 0.7868315 0.9125551 1.0154157 0.7135258 0.9242864 0.9102994 0.8690958 0.8420698 0.9063042 0.6429011 1.1998131 0.9072864 1.1470397 0.8903309 0.8655364 0.9735442 0.8659994 0.8729129 0.8766552 0.8840280 0.9702073 0.6791585 0.8232709 0.6207579 1.3744487 1.1810229 1.0789351 1.0928278 1.0962549 1.1111649 1.2074572 1.2326735 0.9811446 1.3119118 1.1762847 1.1919820 1.0547488 1.0526997 1.6086815 1.1732875 1.0796757 1.0871099 0.9813494 0.9777824 1.0984868 0.9009528 1.2438515 0.8040790 
Adig_XM_015894772.1                                              0.7874290 0.5645813 0.7755211 0.6368597 0.7667854 0.6984223 0.0000000 0.0537063 0.4224025 0.2970369 0.2761045 0.2602553 0.3143490 0.3257097 0.5155482 0.5588080 0.5520021 0.6424923 0.6471365 0.6482967 0.5840500 0.8074157 0.6506585 0.7611085 0.6833023 0.7804221 0.7843043 0.8370324 0.8591826 0.7632577 0.8042151 0.8254308 0.8009726 0.8243388 0.8438400 1.0120398 0.7362253 0.6909036 0.8729327 0.8227127 0.9134844 0.7923390 0.7947871 0.7990645 0.8283433 0.7380772 0.7729607 0.9390243 0.6693483 0.9752995 0.9459161 0.9308050 0.9169332 0.9911034 0.9444498 1.0949670 1.0934832 0.9306114 1.1706017 0.9812776 0.9797897 0.8847361 0.8723731 1.0943390 0.9541053 1.1072384 1.0698135 1.0720087 0.8559335 0.9503563 0.3467942 1.2718070 0.7612674 
Adig_XM_015906257.1                                              0.9311206 0.7184779 0.9552049 0.8162695 0.9490252 0.8470999 0.0537063 0.0000000 0.5730574 0.4347529 0.4121074 0.3890107 0.4344046 0.4442579 0.7306629 0.6926577 0.7210871 0.8950842 0.8976333 0.8698157 0.9885096 1.0183605 0.8102935 0.9259060 0.9176578 1.1410218 0.9739342 1.0951213 1.0262959 1.0178764 1.0419964 1.0564972 1.0043389 1.0970361 1.0476365 1.2198151 1.0193826 0.7864810 1.1056934 1.0455836 1.2914094 1.0230725 1.0243529 1.0290540 1.0802732 0.7712502 1.0547436 1.2624853 0.8117973 0.9928414 1.1670925 1.3982912 1.5481734 1.6819892 1.7016419 2.7033006 2.5147900 1.4730637 1.4405224 1.2313398 1.2402263 1.1321495 1.1070684 1.0891291 1.2051310 1.4625572 1.3838832 1.6193781 2.0926541 0.9628758 0.3359348 3.2937057 0.7704664 
Nvec_v1g234715                                                   0.6528985 0.5152964 0.6826411 0.6305303 0.7152203 0.6640967 0.4224025 0.5730574 0.0000000 0.3154421 0.3057835 0.3127681 0.3789756 0.3630416 0.3316978 0.4507534 0.4855019 0.5556086 0.5635001 0.6244230 0.5927293 0.7279719 0.6383363 0.6414987 0.6152676 0.6427302 0.7901196 0.8588403 0.6180350 0.7353783 0.8163868 0.7877634 0.7602377 0.7938765 0.8553928 0.9033918 0.6727642 1.0198660 0.7910339 0.7406562 0.7765854 0.7134640 0.7356241 0.7389862 0.7519102 0.6749495 0.8787463 1.0734914 0.6609817 0.9971214 1.0490476 0.8956716 0.9128203 0.9820073 0.9672218 1.0388415 1.0564081 0.9173017 1.1215075 1.0327782 1.0176167 0.9381685 0.9196607 1.3150129 0.9969822 0.9756269 0.9685339 1.0429485 0.9351261 1.0233117 0.6805907 1.1675087 0.6721429 
Gasp_gasp1.m3.8609.m1                                            0.6837550 0.4973057 0.6464306 0.6247646 0.6944044 0.6403250 0.2970369 0.4347529 0.3154421 0.0000000 0.0781688 0.1201702 0.1630213 0.1614766 0.3674204 0.4875391 0.5271651 0.5552615 0.5676953 0.5903394 0.5175514 0.6981207 0.6182046 0.6675700 0.5956459 0.6388940 0.7303370 0.8185594 0.6572844 0.7398618 0.7922383 0.7488650 0.7602209 0.7681114 0.8291615 0.9863126 0.7471145 0.8807342 0.8177966 0.7582326 0.8500721 0.7268606 0.7343830 0.7377569 0.7873944 0.6795780 0.8539557 1.0200298 0.6313984 1.0492361 0.9736328 0.8967254 0.9368859 0.9756042 0.9903125 1.0818439 1.0605910 0.8900071 1.1050466 1.0054892 1.0112685 0.9015330 0.9004483 1.2670910 0.9848499 0.9747645 0.9670455 0.9391660 0.9909945 0.9773881 0.5402988 0.9992421 0.6223181 
Fspp_ffun1.m4.1904.m1                                            0.6303714 0.4730393 0.6615964 0.5865496 0.6832393 0.6410079 0.2761045 0.4121074 0.3057835 0.0781688 0.0000000 0.1106565 0.1457993 0.1374321 0.3934510 0.4711723 0.5142255 0.5687520 0.5684634 0.5955610 0.5571594 0.7265944 0.6247458 0.6789919 0.6211481 0.6502641 0.7484039 0.8420425 0.6832990 0.7419482 0.7869721 0.7270653 0.7564975 0.7421275 0.8006525 0.9897828 0.7301479 0.8801683 0.7972801 0.7383754 0.8206374 0.7050134 0.7266486 0.7300222 0.7598670 0.6876601 0.8398548 0.9776686 0.5998136 1.0788507 0.9784465 0.8579470 0.8596790 0.9033025 0.9126067 0.9820790 0.9662122 0.8459094 1.0858691 1.0048091 1.0013898 0.9133749 0.9183281 1.2610234 0.9738364 1.0062743 0.9687590 0.9327310 0.8563460 0.9992937 0.5630785 1.0931608 0.6216489 
Gfas_gfas1.m1.7476.m1                                            0.6462183 0.4926447 0.6122372 0.6100342 0.6634091 0.6073227 0.2602553 0.3890107 0.3127681 0.1201702 0.1106565 0.0000000 0.1743622 0.1600870 0.3707413 0.4816934 0.5356100 0.5531233 0.5663059 0.5640369 0.5288854 0.6889654 0.6236068 0.6893070 0.6237701 0.6772170 0.7625553 0.8469728 0.7188698 0.7415304 0.7895009 0.7606078 0.7628945 0.7647693 0.8148425 0.9055859 0.7228846 0.8829276 0.7829942 0.7286438 0.8061715 0.6993200 0.6960342 0.6993546 0.7531819 0.6535898 0.7880262 1.0276051 0.5959542 0.9750828 0.9769283 0.9092191 0.9429865 0.9916008 0.9962825 1.0714944 1.0443498 0.8999122 1.0804365 0.9872107 0.9878348 0.8861384 0.8700172 1.1404927 0.9921444 0.9815023 0.9585694 0.9763072 0.9923016 1.0160465 0.4979187 1.1554689 0.6282115 
Pocdam_XM_027194876.1                                            0.7011847 0.5199561 0.6554821 0.6630333 0.7235329 0.6787848 0.3143490 0.4344046 0.3789756 0.1630213 0.1457993 0.1743622 0.0000000 0.0387164 0.4244773 0.5215947 0.5622118 0.6250166 0.6169701 0.6404333 0.5241544 0.7207582 0.6461664 0.7515028 0.6733421 0.7267080 0.8226739 0.9316991 0.7733840 0.8007013 0.8479156 0.8288028 0.8210434 0.8104628 0.8600041 0.9573581 0.7821238 0.9777411 0.8495182 0.7952846 0.8505101 0.7625343 0.7706363 0.7741693 0.8121125 0.8059733 0.8418830 1.0295556 0.6211864 1.1579377 0.9631241 0.8930178 0.9252374 0.9742762 0.9688312 1.0542689 1.0345366 0.9043566 1.1177963 1.0417498 1.0374843 0.8932103 0.8800117 1.2542554 1.0212253 1.0027311 0.9669630 0.9459790 0.9370907 0.9820405 0.5570104 1.1391581 0.6553502 
Spis_XP_022809854_1                                              0.6920946 0.5086234 0.6356158 0.6725552 0.7270947 0.6659855 0.3257097 0.4442579 0.3630416 0.1614766 0.1374321 0.1600870 0.0387164 0.0000000 0.4146830 0.5268205 0.5618317 0.5969339 0.5852157 0.6174061 0.5209321 0.7059910 0.6392900 0.7482927 0.6743315 0.7296067 0.8192199 0.8942784 0.7866264 0.8028441 0.8440831 0.8278489 0.8183254 0.8131025 0.8327239 0.9361026 0.7659395 0.9551222 0.8451342 0.7943789 0.8415127 0.7598089 0.7678784 0.7714045 0.8132572 0.7913692 0.8348026 1.0193871 0.6235000 1.1429002 0.9558378 0.8876729 0.9267751 0.9753825 0.9700726 1.0349934 1.0164481 0.9059878 1.1107205 1.0392992 1.0349740 0.8900867 0.8737625 1.2363786 1.0360111 1.0075729 0.9523156 0.9413333 0.9122019 1.0025557 0.5351231 1.0890229 0.6471399 
Exapal_XM_028660029.1                                            0.7403208 0.6038820 0.7491415 0.6684455 0.7911430 0.7497941 0.5155482 0.7306629 0.3316978 0.3674204 0.3934510 0.3707413 0.4244773 0.4146830 0.0000000 0.5510789 0.5962889 0.5314656 0.5595314 0.6208405 0.6157021 0.7686343 0.6729947 0.7409605 0.5944181 0.6421391 0.8045830 0.8282436 0.6930225 0.8246182 0.8151138 0.8574406 0.8556455 0.8259089 0.8513677 1.0019885 0.6896896 0.6957552 0.8244333 0.8146409 0.7118642 0.7495131 0.7529633 0.7567402 0.8020653 0.8059067 0.9493779 0.9515902 0.6885953 1.0668021 1.0729123 0.9957790 0.9929979 1.0515505 1.0454156 1.2182358 1.2683330 0.9545725 1.1207976 1.1419712 1.1515353 0.9491621 0.9501855 1.3579672 1.0401866 0.9437574 0.9851598 1.0660542 0.9937032 1.0397012 0.6515098 0.9477211 0.7764202 
Dgig_XM_028549162.1                                              0.8319425 0.6708162 0.7931947 0.7768906 0.8073947 0.7900471 0.5588080 0.6926577 0.4507534 0.4875391 0.4711723 0.4816934 0.5215947 0.5268205 0.5510789 0.0000000 0.1763702 0.6455412 0.6784926 0.7089396 0.6344245 0.8290400 0.7053300 0.7760776 0.6530615 0.7183552 0.8311467 0.9104420 0.6134096 0.7496117 0.7637603 0.7658416 0.7945639 0.7569161 0.8765905 1.1007333 0.7577041 1.0892549 0.8705915 0.8064989 0.8872077 0.7990544 0.8113741 0.8059753 0.8462934 0.9236129 0.9603987 1.1150094 0.7066014 1.2377128 1.0745331 1.0785566 1.1219436 1.1808764 1.1409347 1.3186077 1.3060538 1.0601627 1.2407217 1.2241589 1.2498741 0.9819006 0.9770986 1.3439165 1.1229749 1.0628976 1.0995630 1.0988770 1.0488350 1.1742393 0.9020926 1.2242866 0.7401621 
Xesp_002688-T1                                                   0.8028844 0.7170412 0.8082049 0.7427799 0.8305632 0.7806243 0.5520021 0.7210871 0.4855019 0.5271651 0.5142255 0.5356100 0.5622118 0.5618317 0.5962889 0.1763702 0.0000000 0.7189347 0.7015216 0.7269416 0.6384543 0.8832684 0.7366084 0.8118206 0.7132692 0.7521158 0.9054139 0.9298772 0.6387258 0.7941370 0.8356302 0.8168470 0.8188888 0.8232234 0.8712819 1.1242904 0.7816608 1.1060564 0.8425570 0.8066488 0.8794529 0.7745713 0.7943936 0.7888947 0.8056661 0.9547815 0.9776476 1.0917761 0.7447310 1.1208479 1.1211972 1.1713567 1.1867220 1.2571434 1.2572483 1.4850341 1.4745856 1.1405289 1.2564945 1.1982898 1.2226761 1.0491557 1.0350255 1.3820606 1.1408496 1.0976243 1.1637885 1.1626552 1.1700182 1.0444197 1.0205434 1.1364226 0.8485971 
Nemnom_g4834.t1                                                  0.8791906 0.7093572 0.8172135 0.7983245 0.8674588 0.7668906 0.6424923 0.8950842 0.5556086 0.5552615 0.5687520 0.5531233 0.6250166 0.5969339 0.5314656 0.6455412 0.7189347 0.0000000 0.1184306 0.3208781 0.5801371 0.6943232 0.6203590 0.8040994 0.7666503 0.8134216 0.9100531 0.9647586 0.8365790 0.9223607 0.9403665 0.8770654 0.9073389 0.8582853 0.9495514 1.0823388 0.7936707 0.9451834 0.9727741 0.9198780 0.9727964 0.8721548 0.8869318 0.8906984 0.9125988 0.6868944 1.0449440 1.0477235 0.7566299 1.2421542 1.1731423 1.2101333 1.2399801 1.2061626 1.2220347 1.3833364 1.4218597 1.1650874 1.3303266 1.2816463 1.2987278 1.0886421 1.0782563 1.3498738 1.1603270 1.2243408 1.2548776 1.2121811 1.2249577 1.3231154 1.0180675 1.0497373 0.9108365 
Rhoesc_Res_001073-T1                                             0.8793071 0.7245986 0.8194456 0.7954053 0.9381014 0.8154901 0.6471365 0.8976333 0.5635001 0.5676953 0.5684634 0.5663059 0.6169701 0.5852157 0.5595314 0.6784926 0.7015216 0.1184306 0.0000000 0.3332866 0.5822287 0.7146021 0.6433168 0.7777985 0.7584319 0.8226166 0.9376237 0.9677687 0.8499777 0.9481295 0.9749445 0.9365209 0.9303396 0.9094313 0.9564606 1.1083730 0.8149053 1.0342760 1.0062572 0.9587609 1.0423742 0.9236385 0.9354716 0.9393526 0.9712054 0.8056307 1.0595468 1.0599436 0.7886718 1.1287126 1.0972772 1.1570436 1.2032691 1.1693443 1.1822482 1.3509096 1.3917818 1.1497250 1.2449886 1.1892844 1.1996134 1.0939026 1.0754384 1.3460943 1.1316140 1.1485609 1.1632777 1.1481808 1.1833047 1.2858063 0.9908228 1.0368795 0.9520871 
Sanmal_Sma_027021-T1                                             0.8219631 0.7308649 0.8233043 0.8142265 0.9763866 0.8549272 0.6482967 0.8698157 0.6244230 0.5903394 0.5955610 0.5640369 0.6404333 0.6174061 0.6208405 0.7089396 0.7269416 0.3208781 0.3332866 0.0000000 0.5226347 0.6910970 0.6567795 0.8822327 0.8751347 0.9452171 0.9945754 1.0536788 0.8255293 0.8869981 0.9632584 0.9095635 0.9071483 0.9170624 0.9492596 1.1313583 0.8493443 1.0346287 0.9465300 0.9151388 0.9952986 0.9352693 0.9274330 0.9195746 0.9478615 0.7991473 1.0760830 1.0680658 0.8172074 1.2809401 1.1265099 1.1188008 1.1179771 1.1026208 1.0991879 1.3537203 1.3299762 1.0220722 1.2375948 1.2397292 1.2558981 1.0718802 1.0568148 1.4388583 1.1264649 1.2025263 1.1378083 1.0254498 1.0750876 1.2371314 1.0115239 1.2077637 0.8539577 
Hvul_g27366_1                                                    0.7718272 0.6791366 0.7442825 0.7573569 0.9267547 0.9146056 0.5840500 0.9885096 0.5927293 0.5175514 0.5571594 0.5288854 0.5241544 0.5209321 0.6157021 0.6344245 0.6384543 0.5801371 0.5822287 0.5226347 0.0000000 0.3388779 0.5305520 0.7486017 0.6441252 0.6412845 0.8244190 1.1410788 0.6966420 0.8860999 0.9604667 0.8984933 0.8487183 0.9301548 0.9146100 1.2330236 0.8033866 3.9464185 0.7681747 0.7681747 0.7702971 0.7371959 0.7572237 0.7487093 0.7483659 0.0000010 1.3518922 1.1022011 0.8591116 0.0000010 1.0518621 1.1303704 1.1488146 1.1323513 1.1225739 1.3121477 1.2670076 1.0458173 1.0458173 1.0380303 1.0380303 1.1032007 1.0955657 0.0000010 1.0358273 1.0871243 1.0119809 1.0438510 1.0663354 0.6359816 0.8959792 1.4204560 0.4929835 
Chem_TCONS_00016425                                              0.9415350 0.8187726 0.9149118 0.9216376 1.0797596 0.9894216 0.8074157 1.0183605 0.7279719 0.6981207 0.7265944 0.6889654 0.7207582 0.7059910 0.7686343 0.8290400 0.8832684 0.6943232 0.7146021 0.6910970 0.3388779 0.0000000 0.6840327 0.9374764 0.9110856 0.9253344 1.0020155 1.1565587 0.8528109 1.0542197 1.0757965 1.0095204 1.0192598 1.0425700 1.1099593 1.1487088 0.9213368 1.2114459 0.9654930 0.9522497 1.0399752 0.9768562 0.9884817 0.9896593 1.0033247 0.6456040 1.0735244 1.1106974 0.8970368 1.5219077 1.1070784 1.1065629 1.0870421 1.1013098 1.1202798 1.3121072 1.2610676 1.0135687 1.2845336 1.2233758 1.2253031 1.0360580 1.0449822 1.4935892 1.2188087 1.1907247 1.1538145 1.0360521 1.0930055 1.1439210 1.0622042 1.4164034 0.9250364 
Morvir_scaffold29.g38.t1                                         0.7883522 0.6709345 0.8158603 0.7223400 0.8760948 0.7824633 0.6506585 0.8102935 0.6383363 0.6182046 0.6247458 0.6236068 0.6461664 0.6392900 0.6729947 0.7053300 0.7366084 0.6203590 0.6433168 0.6567795 0.5305520 0.6840327 0.0000000 0.7669179 0.8392607 0.8424257 0.9146059 1.0578878 0.8656962 0.8634649 0.9154082 0.8895795 0.8664795 0.8687508 0.9002610 0.8981637 0.7192021 0.8821429 0.9318683 0.8856215 0.9457504 0.8654035 0.8794999 0.8833510 0.9133453 0.7894912 0.9886223 1.0999916 0.7860918 1.0420942 1.0042313 1.1335051 1.1002533 1.1323072 1.1080927 1.2706687 1.2470410 1.0054350 1.1505137 1.0715857 1.1078789 0.9437968 0.9455371 1.1679801 1.0144647 1.0700552 1.0972579 1.0124504 1.0389935 1.1430709 0.9233892 1.3293205 0.8157272 
Tetwil_g10084.t1                                                 0.8132269 0.7458853 0.8667611 0.8071922 0.8529221 0.8123255 0.7611085 0.9259060 0.6414987 0.6675700 0.6789919 0.6893070 0.7515028 0.7482927 0.7409605 0.7760776 0.8118206 0.8040994 0.7777985 0.8822327 0.7486017 0.9374764 0.7669179 0.0000000 0.4520071 0.5601941 0.6404478 0.7763853 0.8483554 0.8707746 0.9020581 0.9196838 0.9093329 0.8882029 0.9799160 1.0786619 0.7816042 1.0238826 0.9961233 0.9446895 0.9987954 0.8923878 0.9003131 0.9061408 0.9542790 0.9417748 1.0968657 1.0768214 0.8440326 1.2986711 1.1209643 1.1585499 1.1061131 1.1151669 1.1423991 1.3933495 1.3446887 1.0435556 1.3148047 1.2148719 1.2330266 1.0901220 1.1048166 1.4412369 1.1731606 1.2294071 1.1699088 1.0372671 1.1468176 1.3508458 0.9997279 1.5562612 0.7457249 
Spolac_c96229_g1_i1_m.12768c96229-g1                             0.8200872 0.6745309 0.8199391 0.7447307 0.7975772 0.7534603 0.6833023 0.9176578 0.6152676 0.5956459 0.6211481 0.6237701 0.6733421 0.6743315 0.5944181 0.6530615 0.7132692 0.7666503 0.7584319 0.8751347 0.6441252 0.9110856 0.8392607 0.4520071 0.0000000 0.1016504 0.6359004 0.7516067 0.7442245 0.8895908 0.8734550 0.8886103 0.9185024 0.8740876 0.9352045 1.1591166 0.7805740 0.9767802 0.8552199 0.8095347 0.8276749 0.7819315 0.7924181 0.7959459 0.8241998 1.0772508 1.0542838 1.1918628 0.8595701 1.2766674 1.0916996 1.0462070 1.0330141 1.0372960 1.0396004 1.2235743 1.2161395 1.0197476 1.3418715 1.1622554 1.1774926 1.0452366 1.0621264 1.5159983 1.0682673 1.0990557 1.1410216 1.0266536 1.0043359 1.1678684 1.0863670 1.1779161 0.7155250 
Emue_Em0014g173a.t1                                              0.8882981 0.7408363 0.8572319 0.8042923 0.8604983 0.7868315 0.7804221 1.1410218 0.6427302 0.6388940 0.6502641 0.6772170 0.7267080 0.7296067 0.6421391 0.7183552 0.7521158 0.8134216 0.8226166 0.9452171 0.6412845 0.9253344 0.8424257 0.5601941 0.1016504 0.0000000 0.6880157 0.8676766 0.7383239 0.9986552 0.9193704 1.0113360 1.0531049 0.9235702 1.0126321 1.6326985 0.8243766 2.7196155 0.8692715 0.8392363 0.8372018 0.8391382 0.8520523 0.8500905 0.8755711 1.5296080 1.1160517 1.3065557 0.8739295 2.4041810 1.1339936 1.0416707 1.0253381 1.0292631 1.0400197 1.2359477 1.1916822 0.9853080 1.1860930 1.2376755 1.2376755 1.1307488 1.1549588 2.2298404 1.0440325 1.1041093 1.1259092 1.0146397 0.9173322 1.2006897 1.1248353 1.2242154 0.8640550 
Xestes_augustus_masked-XT_scaffold5687-processed-gene-0.5-mRNA-1 0.7506525 0.7968303 0.9104302 0.7628131 0.7902181 0.9125551 0.7843043 0.9739342 0.7901196 0.7303370 0.7484039 0.7625553 0.8226739 0.8192199 0.8045830 0.8311467 0.9054139 0.9100531 0.9376237 0.9945754 0.8244190 1.0020155 0.9146059 0.6404478 0.6359004 0.6880157 0.0000000 0.4942784 1.0158314 0.9361957 0.9860919 0.9430881 0.9104710 0.9383112 0.9663589 1.1919219 0.8530417 1.0429889 1.0752903 1.0210053 1.1026188 1.0057834 1.0118147 1.0156506 1.0688408 1.0462082 1.0575636 1.1609566 0.9251793 1.3237836 1.2513967 1.2767670 1.3048082 1.2887977 1.3243882 1.5493828 1.5394852 1.2222473 1.4181716 1.3415953 1.3588947 1.1499986 1.1536451 1.4891830 1.2846641 1.2689293 1.2862266 1.1380662 1.0932945 1.1910339 1.0925432 1.4607975 0.7339777 
Aque_Aqu2.1.43836_001                                            0.9275141 0.8275901 0.9938445 0.8623043 0.8935084 1.0154157 0.8370324 1.0951213 0.8588403 0.8185594 0.8420425 0.8469728 0.9316991 0.8942784 0.8282436 0.9104420 0.9298772 0.9647586 0.9677687 1.0536788 1.1410788 1.1565587 1.0578878 0.7763853 0.7516067 0.8676766 0.4942784 0.0000000 0.9385752 1.0268335 1.0518197 1.0212150 1.0145388 1.0152655 1.0418983 1.1481383 0.8895377 1.0646058 1.1454340 1.1020849 1.3139386 1.0949798 1.0921208 1.0963761 1.1292135 1.0279319 1.1222981 1.2896971 0.9596989 1.2014253 1.2437955 1.3278129 1.3535780 1.3872852 1.4749479 1.8575975 1.8121137 1.2557538 1.4653953 1.3092160 1.3280575 1.1745674 1.1754512 1.4691140 1.2693189 1.4091901 1.3746202 1.3227989 1.2400359 1.1317569 1.1619888 1.5879571 0.8011337 
Clacor_Ccor_C517871_01                                           0.7490337 0.7303305 0.8249673 0.8043181 0.8657617 0.7135258 0.8591826 1.0262959 0.6180350 0.6572844 0.6832990 0.7188698 0.7733840 0.7866264 0.6930225 0.6134096 0.6387258 0.8365790 0.8499777 0.8255293 0.6966420 0.8528109 0.8656962 0.8483554 0.7442245 0.7383239 1.0158314 0.9385752 0.0000000 0.4312134 0.4460041 0.4812805 0.4983493 0.4664904 0.9978128 1.6270677 0.6601610 1.4377805 0.7050195 0.7050195 0.7376008 0.7956565 0.8130785 0.8160506 0.8324343 1.5182688 0.9339608 0.9283536 0.8258245 3.0802271 1.0272306 0.7829790 0.7089592 0.7611745 0.7447299 0.8960180 0.8103985 0.7426938 1.0730895 1.0971482 1.0971482 0.9414784 0.9377169 2.6577667 1.0222359 1.0801122 1.1000402 0.8886947 0.8714003 1.1509743 0.7503649 0.8383544 0.7951133 
Lcom_lcpid79586                                                  0.9035642 0.8243864 0.9147159 0.8283875 0.9087706 0.9242864 0.7632577 1.0178764 0.7353783 0.7398618 0.7419482 0.7415304 0.8007013 0.8028441 0.8246182 0.7496117 0.7941370 0.9223607 0.9481295 0.8869981 0.8860999 1.0542197 0.8634649 0.8707746 0.8895908 0.9986552 0.9361957 1.0268335 0.4312134 0.0000000 0.2447489 0.3092566 0.2926692 0.3053954 0.9430200 0.9818213 0.7213440 0.8743658 0.9690628 0.8950848 1.0288832 0.8793265 0.8936466 0.9013233 0.9333857 0.9579068 1.0950729 1.0890243 0.9321867 1.0776921 1.1312821 1.1053002 1.0866411 1.1207662 1.1232150 1.4007337 1.3442826 1.0466064 1.2118944 1.1974081 1.2209652 1.0238315 1.0024965 1.5025934 1.1568774 1.2106014 1.1485313 1.1226374 1.2107142 1.1633264 1.1660279 1.3929158 0.8239989 
Leuniv_Lniv_C803084_01                                           0.9513769 0.8361482 0.9130386 0.8695024 0.9120817 0.9102994 0.8042151 1.0419964 0.8163868 0.7922383 0.7869721 0.7895009 0.8479156 0.8440831 0.8151138 0.7637603 0.8356302 0.9403665 0.9749445 0.9632584 0.9604667 1.0757965 0.9154082 0.9020581 0.8734550 0.9193704 0.9860919 1.0518197 0.4460041 0.2447489 0.0000000 0.2479794 0.2420493 0.2714991 0.9850754 0.9909670 0.7408153 0.8822753 0.9376510 0.8652065 1.0504773 0.8509112 0.8644857 0.8719796 0.8739555 0.9569887 1.1860668 1.0970651 0.9407087 1.1246480 1.1007703 1.1396346 1.1305275 1.1170918 1.1009370 1.3580060 1.2738757 1.1163236 1.2424805 1.1831349 1.2067405 1.0104140 1.0108368 1.2977659 1.0915794 1.2416493 1.2013166 1.1399464 1.1454603 1.2092630 1.2316518 1.3798856 0.8945505 
Scil_scict014137.1                                               0.9121056 0.8338458 0.8740993 0.8850799 0.8456034 0.8690958 0.8254308 1.0564972 0.7877634 0.7488650 0.7270653 0.7606078 0.8288028 0.8278489 0.8574406 0.7658416 0.8168470 0.8770654 0.9365209 0.9095635 0.8984933 1.0095204 0.8895795 0.9196838 0.8886103 1.0113360 0.9430881 1.0212150 0.4812805 0.3092566 0.2479794 0.0000000 0.1153304 0.2483034 0.9318711 1.0262485 0.7606924 0.9050687 0.9261637 0.8498336 0.9744272 0.8368798 0.8604761 0.8673503 0.8808945 1.0028559 1.1414373 1.0786995 0.9676434 1.1806536 1.0947814 1.0672740 1.0287554 1.0292578 1.0682415 1.2733465 1.2828739 1.0655110 1.2536097 1.2081291 1.2148209 1.0059484 1.0016176 1.3057185 1.1365028 1.2218326 1.1578736 1.0968491 1.2171627 1.1205188 1.2154121 1.6162263 0.8604463 
Scil_scict018539.1                                               0.8881285 0.8179578 0.8585334 0.8320023 0.8182724 0.8420698 0.8009726 1.0043389 0.7602377 0.7602209 0.7564975 0.7628945 0.8210434 0.8183254 0.8556455 0.7945639 0.8188888 0.9073389 0.9303396 0.9071483 0.8487183 1.0192598 0.8664795 0.9093329 0.9185024 1.0531049 0.9104710 1.0145388 0.4983493 0.2926692 0.2420493 0.1153304 0.0000000 0.2705421 0.9050610 0.9836929 0.7457261 0.8258594 0.9414974 0.8646698 0.9650739 0.8444272 0.8679382 0.8747751 0.8872663 1.0240749 1.1985039 1.0976578 0.9100718 1.0866880 1.0871691 1.0446372 0.9871033 0.9692926 0.9896959 1.1781818 1.1908594 0.9915338 1.2296764 1.1585188 1.1633765 0.9845485 0.9638754 1.2792084 1.1290939 1.1876882 1.0980327 1.0008720 1.1164121 1.1305226 1.1392766 1.6326991 0.8327331 
Gracom_Gcom_C555198_01                                           0.9129746 0.8675265 0.9322017 0.9103847 0.9326651 0.9063042 0.8243388 1.0970361 0.7938765 0.7681114 0.7421275 0.7647693 0.8104628 0.8131025 0.8259089 0.7569161 0.8232234 0.8582853 0.9094313 0.9170624 0.9301548 1.0425700 0.8687508 0.8882029 0.8740876 0.9235702 0.9383112 1.0152655 0.4664904 0.3053954 0.2714991 0.2483034 0.2705421 0.0000000 0.9628737 0.9720483 0.7357005 0.8898296 0.9606915 0.8850813 1.0169801 0.8593443 0.8748153 0.8847681 0.9087054 1.0315556 1.1545239 1.1170949 0.9673511 1.1151297 1.1324750 1.1427491 1.0981308 1.1099003 1.1234728 1.3769178 1.3234680 1.0904287 1.2864031 1.2372422 1.2495735 1.0573370 1.0430187 1.4775708 1.1423778 1.1928531 1.2559990 1.1728692 1.1751678 1.1864158 1.3014077 1.4018088 0.8521486 
Tcas_TC000707_001                                                0.7934282 0.6872292 0.8032846 0.7342411 0.7283129 0.6429011 0.8438400 1.0476365 0.8553928 0.8291615 0.8006525 0.8148425 0.8600041 0.8327239 0.8513677 0.8765905 0.8712819 0.9495514 0.9564606 0.9492596 0.9146100 1.1099593 0.9002610 0.9799160 0.9352045 1.0126321 0.9663589 1.0418983 0.9978128 0.9430200 0.9850754 0.9318711 0.9050610 0.9628737 0.0000000 1.3982652 1.0610250 1.0842606 1.0732249 1.0390091 1.2192223 1.0339031 1.0253870 1.0295055 1.0875973 1.0218793 0.8451047 0.7456571 0.6874924 1.4822202 1.0784914 1.0720175 0.9923253 1.0235892 1.0395429 1.1255789 1.1274611 0.9041125 1.2390699 1.1802151 1.1960079 1.0835788 1.0697850 1.6081729 1.2370973 1.1394368 1.2168968 1.0123548 1.1741929 1.3148376 1.1029965 1.1912655 0.9842226 
Ocar_g432                                                        1.0518913 0.9646165 1.1315738 0.9885826 1.0646732 1.1998131 1.0120398 1.2198151 0.9033918 0.9863126 0.9897828 0.9055859 0.9573581 0.9361026 1.0019885 1.1007333 1.1242904 1.0823388 1.1083730 1.1313583 1.2330236 1.1487088 0.8981637 1.0786619 1.1591166 1.6326985 1.1919219 1.1481383 1.6270677 0.9818213 0.9909670 1.0262485 0.9836929 0.9720483 1.3982652 0.0000000 0.0526764 0.3757523 1.0979011 1.0193149 1.2917326 0.9864940 0.9754794 0.9847391 1.0063335 1.0004487 1.3368498 1.4322195 1.0311694 1.2968650 1.4055693 1.8969734 1.9034373 1.8969734 1.8969734 2.0632806 1.9177424 1.7427777 1.7325878 1.4657317 1.5709356 1.3998118 1.4004663 1.1563206 1.4721046 2.1079420 2.0560281 2.0173502 1.7890466 1.2619501 1.4223473 2.9845417 0.9329042 
Opea_EP00118_Oscarella_pearsei_P006343                           0.8202418 0.7588085 0.8388966 0.7720987 0.8380758 0.9072864 0.7362253 1.0193826 0.6727642 0.7471145 0.7301479 0.7228846 0.7821238 0.7659395 0.6896896 0.7577041 0.7816608 0.7936707 0.8149053 0.8493443 0.8033866 0.9213368 0.7192021 0.7816042 0.7805740 0.8243766 0.8530417 0.8895377 0.6601610 0.7213440 0.7408153 0.7606924 0.7457261 0.7357005 1.0610250 0.0526764 0.0000000 0.3069731 0.8040419 0.7657411 0.7773705 0.7428170 0.7499069 0.7550946 0.7610512 1.0045567 1.0803656 1.0701795 0.8146963 1.2571697 1.0483456 1.0070290 0.9708117 1.0261648 1.0196960 1.2743728 1.2041823 0.9637863 1.1515742 1.0401903 1.0733847 1.0203058 1.0150029 1.1715305 1.0390349 1.1024205 1.1294076 1.0771117 1.0646876 1.0151211 1.1703488 1.4318050 0.8389731 
Opea_EP00118_Oscarella_pearsei_P006340                           1.1375132 0.9376118 1.0559991 0.9300691 1.0984977 1.1470397 0.6909036 0.7864810 1.0198660 0.8807342 0.8801683 0.8829276 0.9777411 0.9551222 0.6957552 1.0892549 1.1060564 0.9451834 1.0342760 1.0346287 3.9464185 1.2114459 0.8821429 1.0238826 0.9767802 2.7196155 1.0429889 1.0646058 1.4377805 0.8743658 0.8822753 0.9050687 0.8258594 0.8898296 1.0842606 0.3757523 0.3069731 0.0000000 1.1915499 1.1915499 2.6477805 1.0810773 1.0877138 1.1086462 1.0877138 0.7460937 1.3504393 1.0773586 1.1600202 1.1061664 1.1907279 2.1712190 2.8077658 2.4671495 2.4671495 2.4671495 2.5564532 2.3295418 1.7043565 1.3699519 1.6088819 1.2492032 1.2492032 1.1888455 1.3851201 2.0149061 1.8312763 2.1571691 2.3807797 0.9285913 2.2714119 2.0658361 0.6829253 
Tadh_TriadT50515                                                 0.8808095 0.8181207 0.9772810 0.8320313 0.9362822 0.8903309 0.8729327 1.1056934 0.7910339 0.8177966 0.7972801 0.7829942 0.8495182 0.8451342 0.8244333 0.8705915 0.8425570 0.9727741 1.0062572 0.9465300 0.7681747 0.9654930 0.9318683 0.9961233 0.8552199 0.8692715 1.0752903 1.1454340 0.7050195 0.9690628 0.9376510 0.9261637 0.9414974 0.9606915 1.0732249 1.0979011 0.8040419 1.1915499 0.0000000 0.0343733 0.1618120 0.1741983 0.1797871 0.1858536 0.1685213 1.0664001 1.1374790 1.2302056 0.8221323 1.4458508 1.1570618 1.0043217 0.9760106 0.9858371 0.9917683 1.1343786 1.1191880 0.9256029 1.2680191 1.2075525 1.2218566 1.1052290 1.0972355 1.5423674 1.1928099 1.1353189 1.1751023 1.0704811 1.2023307 1.2710288 1.0748338 1.3028276 0.9487119 
TrH2_TrispH2_000669-RA                                           0.8870316 0.7836684 0.9390099 0.7823805 0.9171070 0.8655364 0.8227127 1.0455836 0.7406562 0.7582326 0.7383754 0.7286438 0.7952846 0.7943789 0.8146409 0.8064989 0.8066488 0.9198780 0.9587609 0.9151388 0.7681747 0.9522497 0.8856215 0.9446895 0.8095347 0.8392363 1.0210053 1.1020849 0.7050195 0.8950848 0.8652065 0.8498336 0.8646698 0.8850813 1.0390091 1.0193149 0.7657411 1.1915499 0.0343733 0.0000000 0.1606239 0.1313962 0.1387232 0.1444606 0.1567118 0.9262519 1.1014372 1.2075886 0.8221323 1.2492199 1.1081765 1.0043217 0.9760106 0.9858371 0.9917683 1.1343786 1.1191880 0.9256029 1.2336251 1.1482343 1.1604868 1.0354807 1.0274908 1.3608711 1.1520660 1.1197242 1.1751023 1.0704811 1.2023307 1.1808434 1.0748338 1.3028276 0.8691438 
HoiH11_mRNA4394                                                  0.9480206 0.8138526 1.0124910 0.8929195 0.9811625 0.9735442 0.9134844 1.2914094 0.7765854 0.8500721 0.8206374 0.8061715 0.8505101 0.8415127 0.7118642 0.8872077 0.8794529 0.9727964 1.0423742 0.9952986 0.7702971 1.0399752 0.9457504 0.9987954 0.8276749 0.8372018 1.1026188 1.3139386 0.7376008 1.0288832 1.0504773 0.9744272 0.9650739 1.0169801 1.2192223 1.2917326 0.7773705 2.6477805 0.1618120 0.1606239 0.0000000 0.0720071 0.0760941 0.0797391 0.0846366 1.6611066 1.3080827 1.3067788 0.9426269 2.5835700 1.2163106 1.0382857 1.0059393 1.0204012 1.0088273 1.1581444 1.1006595 0.9411913 1.1561195 1.2455641 1.2517894 1.1883415 1.1693029 1.5794409 1.2276415 1.1966224 1.2055862 1.1039787 1.1832122 1.2000620 1.0634483 1.1763547 1.1153716 
HoiH23_PlH23_008519-RA                                           0.8635244 0.6987641 0.8897178 0.7574323 0.8740252 0.8659994 0.7923390 1.0230725 0.7134640 0.7268606 0.7050134 0.6993200 0.7625343 0.7598089 0.7495131 0.7990544 0.7745713 0.8721548 0.9236385 0.9352693 0.7371959 0.9768562 0.8654035 0.8923878 0.7819315 0.8391382 1.0057834 1.0949798 0.7956565 0.8793265 0.8509112 0.8368798 0.8444272 0.8593443 1.0339031 0.9864940 0.7428170 1.0810773 0.1741983 0.1313962 0.0720071 0.0000000 0.0174909 0.0225229 0.0263902 0.9307861 1.0831476 1.1368208 0.8159711 1.1917939 1.0862660 1.0148194 0.9680062 0.9808863 0.9682548 1.1099645 1.0960811 0.9063657 1.2104125 1.1358897 1.1388335 1.0556721 1.0420650 1.4095252 1.1300724 1.1858136 1.1612704 1.0503767 1.1107928 1.1570931 1.0993555 1.1787372 0.8464582 
Hhon_g00022.t1                                                   0.8628771 0.7134603 0.8801587 0.7620900 0.8808854 0.8729129 0.7947871 1.0243529 0.7356241 0.7343830 0.7266486 0.6960342 0.7706363 0.7678784 0.7529633 0.8113741 0.7943936 0.8869318 0.9354716 0.9274330 0.7572237 0.9884817 0.8794999 0.9003131 0.7924181 0.8520523 1.0118147 1.0921208 0.8130785 0.8936466 0.8644857 0.8604761 0.8679382 0.8748153 1.0253870 0.9754794 0.7499069 1.0877138 0.1797871 0.1387232 0.0760941 0.0174909 0.0000000 0.0049488 0.0318742 0.9401637 1.0869034 1.1478260 0.8171435 1.1915395 1.0943933 1.0453084 0.9969380 1.0110138 1.0001804 1.1446321 1.1288514 0.9329602 1.2335712 1.1412062 1.1443152 1.0704154 1.0567031 1.4215192 1.1517184 1.1997069 1.1920895 1.0756787 1.1437886 1.1521014 1.0903524 1.1813071 0.8617065 
HoiH04_mRNA5959                                                  0.8665690 0.7168981 0.8839781 0.7655321 0.8847109 0.8766552 0.7990645 1.0290540 0.7389862 0.7377569 0.7300222 0.6993546 0.7741693 0.7714045 0.7567402 0.8059753 0.7888947 0.8906984 0.9393526 0.9195746 0.7487093 0.9896593 0.8833510 0.9061408 0.7959459 0.8500905 1.0156506 1.0963761 0.8160506 0.9013233 0.8719796 0.8673503 0.8747751 0.8847681 1.0295055 0.9847391 0.7550946 1.1086462 0.1858536 0.1444606 0.0797391 0.0225229 0.0049488 0.0000000 0.0372462 0.9515857 1.0942852 1.1571112 0.8210891 1.2087147 1.0986386 1.0426036 0.9937387 1.0076822 0.9966477 1.1446321 1.1288514 0.9300175 1.2286672 1.1458804 1.1491199 1.0746151 1.0608910 1.4412833 1.1561819 1.1970527 1.1894578 1.0721121 1.1386484 1.1636465 1.0860442 1.1813071 0.8701781 
HoiH06_mRNA9506                                                  0.8397731 0.6947672 0.8759143 0.7605230 0.8883979 0.8840280 0.8283433 1.0802732 0.7519102 0.7873944 0.7598670 0.7531819 0.8121125 0.8132572 0.8020653 0.8462934 0.8056661 0.9125988 0.9712054 0.9478615 0.7483659 1.0033247 0.9133453 0.9542790 0.8241998 0.8755711 1.0688408 1.1292135 0.8324343 0.9333857 0.8739555 0.8808945 0.8872663 0.9087054 1.0875973 1.0063335 0.7610512 1.0877138 0.1685213 0.1567118 0.0846366 0.0263902 0.0318742 0.0372462 0.0000000 0.9801591 1.1346273 1.1981260 0.8197813 1.3314212 1.1011304 1.0128255 0.9643992 0.9798522 0.9671830 1.1079528 1.0942084 0.8883785 1.2215742 1.1655317 1.1695096 1.1092384 1.0948135 1.5319545 1.1645585 1.2113915 1.1508513 1.0368301 1.1240357 1.1726331 1.1165808 1.2130501 0.8943574 
Hvul_g27367_1                                                    0.8175715 0.7582165 0.9426619 0.8062937 1.0905346 0.9702073 0.7380772 0.7712502 0.6749495 0.6795780 0.6876601 0.6535898 0.8059733 0.7913692 0.8059067 0.9236129 0.9547815 0.6868944 0.8056307 0.7991473 0.0000010 0.6456040 0.7894912 0.9417748 1.0772508 1.5296080 1.0462082 1.0279319 1.5182688 0.9579068 0.9569887 1.0028559 1.0240749 1.0315556 1.0218793 1.0004487 1.0045567 0.7460937 1.0664001 0.9262519 1.6611066 0.9307861 0.9401637 0.9515857 0.9801591 0.0000000 0.8865382 1.0520796 0.7614967 1.3777381 1.2234835 1.1462365 0.0000010 0.7728134 0.7728134 0.7728134 1.0114858 1.1582869 1.5053734 1.2578779 1.2929989 1.1320407 1.1297816 1.3689363 1.2427455 1.3483456 1.6463054 0.0000010 0.0000010 1.5375199 0.0000010 0.0000010 1.0359284 
Ctel_gnl_WGS_AMQN_CAPTEDRAFT_mRNA174096                          0.8851358 0.7943558 0.9133701 0.8076181 0.7785217 0.6791585 0.7729607 1.0547436 0.8787463 0.8539557 0.8398548 0.7880262 0.8418830 0.8348026 0.9493779 0.9603987 0.9776476 1.0449440 1.0595468 1.0760830 1.3518922 1.0735244 0.9886223 1.0968657 1.0542838 1.1160517 1.0575636 1.1222981 0.9339608 1.0950729 1.1860668 1.1414373 1.1985039 1.1545239 0.8451047 1.3368498 1.0803656 1.3504393 1.1374790 1.1014372 1.3080827 1.0831476 1.0869034 1.0942852 1.1346273 0.8865382 0.0000000 1.0450264 0.8477308 1.5032602 1.4323095 1.4551933 1.5577296 1.6537387 1.6512548 2.0683370 1.9694752 1.4441172 1.5658160 1.5633841 1.5830526 1.3137776 1.3108627 1.6054049 1.4935748 1.5709980 1.5220615 1.5848873 1.3987346 1.2834959 1.4930218 1.8378056 0.8703469 
Dpul_mRNA27131                                                   0.9415017 0.8816409 0.9455094 0.9029236 0.9182926 0.8232709 0.9390243 1.2624853 1.0734914 1.0200298 0.9776686 1.0276051 1.0295556 1.0193871 0.9515902 1.1150094 1.0917761 1.0477235 1.0599436 1.0680658 1.1022011 1.1106974 1.0999916 1.0768214 1.1918628 1.3065557 1.1609566 1.2896971 0.9283536 1.0890243 1.0970651 1.0786995 1.0976578 1.1170949 0.7456571 1.4322195 1.0701795 1.0773586 1.2302056 1.2075886 1.3067788 1.1368208 1.1478260 1.1571112 1.1981260 1.0520796 1.0450264 0.0000000 0.7715691 1.5858058 1.2502399 1.3221472 1.2412062 1.2502422 1.3041622 1.6363443 1.6447718 1.1910287 1.4965060 1.4677051 1.5089336 1.2793724 1.2570375 1.8807334 1.3798240 1.4277817 1.4555694 1.2075996 1.5281513 1.3589476 1.1803255 1.2510047 1.0876871 
Cscu_XM_023370348.1                                              0.6276389 0.6084803 0.6871338 0.6123114 0.6238337 0.6207579 0.6693483 0.8117973 0.6609817 0.6313984 0.5998136 0.5959542 0.6211864 0.6235000 0.6885953 0.7066014 0.7447310 0.7566299 0.7886718 0.8172074 0.8591116 0.8970368 0.7860918 0.8440326 0.8595701 0.8739295 0.9251793 0.9596989 0.8258245 0.9321867 0.9407087 0.9676434 0.9100718 0.9673511 0.6874924 1.0311694 0.8146963 1.1600202 0.8221323 0.8221323 0.9426269 0.8159711 0.8171435 0.8210891 0.8197813 0.7614967 0.8477308 0.7715691 0.0000000 1.1450161 1.0587570 1.0103253 1.0151066 1.0373469 1.0169514 1.0953454 1.0342777 0.9467863 1.0713111 1.1627011 1.1672443 0.9637195 0.9582359 1.3740211 1.0535147 1.1094500 1.0783893 1.0434660 1.0407979 1.1039408 0.9164282 1.2756467 0.8321722 
Coemet_Cmet_scaffold8512_01                                      1.3557664 1.2123545 1.3722364 1.1832502 1.4608418 1.3744487 0.9752995 0.9928414 0.9971214 1.0492361 1.0788507 0.9750828 1.1579377 1.1429002 1.0668021 1.2377128 1.1208479 1.2421542 1.1287126 1.2809401 0.0000010 1.5219077 1.0420942 1.2986711 1.2766674 2.4041810 1.3237836 1.2014253 3.0802271 1.0776921 1.1246480 1.1806536 1.0866880 1.1151297 1.4822202 1.2968650 1.2571697 1.1061664 1.4458508 1.2492199 2.5835700 1.1917939 1.1915395 1.2087147 1.3314212 1.3777381 1.5032602 1.5858058 1.1450161 0.0000000 0.4603836 0.0000010 0.0000010 0.0000010 0.0000010 0.0000010 3.9049950 0.0000010 0.8663562 0.6327069 0.6550429 0.3639399 0.3624390 0.5432306 0.4415489 0.3072279 0.0579089 0.0000010 0.0000010 0.5672307 0.0000010 0.0000010 1.4069787 
