64
Coemet_Cmet_scaffold16807_01                            0.0000000 0.1058986 9.0000000 3.0135300 3.0119062 1.3815733 2.6110720 2.4869248 2.2714303 1.5047596 1.9908316 2.8347095 9.0000000 4.2225318 4.9032643 3.5196683 3.5196683 6.6164082 3.7219534 4.0337690 3.5829347 8.0307372 3.6654887 5.7188294 5.6504331 0.0000010 4.1012833 4.4855314 4.7506401 3.6352013 3.2095203 4.1013042 4.3223890 4.0216751 4.5467736 4.2683328 3.8172671 9.0000000 5.4711018 4.9510855 6.1038346 4.7445815 6.7315692 6.0014315 4.8890532 3.9266466 3.5487857 3.1806107 7.6700719 5.0132320 8.9999990 4.5131468 5.6986061 4.5946682 3.6552836 4.9675458 4.7608370 4.6196648 4.3622039 4.0261836 4.2811275 3.8144043 5.4832639 9.0000000 
Coemet_Cmet_scaffold16806_01                            0.1058986 0.0000000 0.8991803 0.9868511 1.2020114 1.5692139 1.1124255 1.0657479 1.5649022 0.5844422 2.0035335 4.9070840 3.3148628 3.4793548 3.4753628 3.9993574 3.8568145 3.6733668 3.2985916 3.0731544 3.0728701 4.0561687 3.3489889 3.1139105 3.0726559 0.0000010 2.8956841 2.7260324 3.1163676 2.7899901 2.7653033 3.0451087 2.9592270 2.8790831 3.1028856 2.9971747 3.2033977 7.0329929 3.0585295 2.9077081 3.3559262 3.1405622 3.6837815 3.2676034 3.4948575 3.4950705 3.0033561 2.4837404 2.9262778 3.3820204 3.4750725 3.3950033 3.2747048 3.5625565 3.4385585 3.6520378 3.7807716 3.8898918 3.9115586 3.6379947 3.7860236 3.1362659 3.6013906 5.4583631 
Eupdun_Edun_sb10642389                                  9.0000000 0.8991803 0.0000000 0.4471553 0.4866726 1.4667837 0.7164840 0.7297286 1.4179259 0.7750989 0.0000010 5.9332070 3.5749817 3.8098369 3.2672462 8.0611499 4.0324386 3.1447095 3.4213334 3.0094040 2.0772661 3.8777720 3.2819468 2.2461750 2.2334742 0.0000010 2.1893214 2.5999624 2.3531299 2.4183697 2.5188821 2.3938295 2.3484868 2.3194698 2.4602611 2.3734108 3.5991066 7.6788521 2.2677745 2.4302096 2.7278234 2.8544090 2.9558058 2.8608038 3.0846456 3.5685394 2.9100848 2.3399900 2.3414292 2.4661932 2.5470845 2.6909829 2.4380811 2.7726739 2.8943617 2.9357376 2.5518119 2.6443668 2.8498856 2.5967065 2.9129251 2.3340516 2.3947902 4.8761838 
Lampan_Lpan_6539_01                                     3.0135300 0.9868511 0.4471553 0.0000000 0.4925028 0.6281175 0.6353638 0.6380175 0.7877291 0.8479304 0.7875696 3.1100578 3.8098287 3.1738252 3.2163381 2.9883761 3.0291188 2.7444068 3.0871533 2.7368447 3.0939802 4.2288161 2.9678848 2.6662297 2.7380185 2.6817381 2.6199232 3.0438595 2.8414748 2.5150463 2.9605348 2.4989921 2.4791046 2.5342796 2.7251836 2.5818867 2.5605300 3.6386843 2.4989415 2.4778928 2.8902600 2.8343846 3.4137346 2.7733507 2.6054469 3.0271566 3.7731659 2.3615553 2.6538520 2.8075843 2.9837375 2.7430504 2.7585329 2.8324058 3.3897022 3.3328773 2.8521508 2.8840329 2.8567923 2.8882484 2.9219181 2.7418869 2.8433037 4.7434484 
Mlei_ML0124.g11.i1                                      3.0119062 1.2020114 0.4866726 0.4925028 0.0000000 0.4817933 0.6142505 0.5975784 0.6558244 0.7701203 0.7533193 2.6975561 3.8877895 3.3492208 3.1840736 3.2739367 3.2715764 2.8531862 3.2314234 2.7095225 2.9634673 4.3741154 2.9904400 2.7133187 2.7668957 2.4225295 2.6891023 3.1150759 3.0587253 2.6281286 3.2545293 2.5260870 2.6802679 2.6581965 2.7852751 2.6562894 2.6554900 3.4332290 2.6263727 2.5037809 2.8614149 2.8555632 3.3679571 2.9576229 2.7934516 3.0428623 4.0158527 2.7422378 3.2187446 2.9977042 3.1397142 3.0150272 2.9773971 2.9150448 3.4964488 3.3364603 3.0172528 3.0075699 2.9841482 2.9451233 2.9237404 2.7637615 3.0013129 4.6883472 
Drygla_Dgla_sb284439                                    1.3815733 1.5692139 1.4667837 0.6281175 0.4817933 0.0000000 0.6311912 0.6311912 0.5976825 0.9397009 0.6580131 2.5565309 4.7336797 2.7170249 2.8951931 2.6398074 2.6398074 2.4952528 2.4130649 2.4846784 3.3444057 3.9467775 3.0078787 2.8467250 2.8860441 2.6043663 2.8539941 6.4895806 2.8364834 2.7453546 4.5278450 2.6630943 2.8087961 2.6331392 3.0502469 2.6949888 2.4978655 2.7041979 2.7348488 2.4053284 2.6907947 2.5500763 3.4719214 3.0500491 2.7493297 2.7051075 8.9999986 6.6135977 2.4605536 2.9370483 3.3246068 3.0322300 3.0561250 3.0875904 3.6399695 4.0893013 2.8402886 2.8402886 2.8229746 2.8498133 2.8400318 2.9048323 2.9331748 6.1597999 
Horcal_Hcv1.av93.c4.g276.i1                             2.6110720 1.1124255 0.7164840 0.6353638 0.6142505 0.6311912 0.0000000 0.0126940 0.1026755 0.9929142 0.9696932 2.6548063 4.3377733 3.1720169 2.9947134 3.1742445 3.1443844 2.8721031 3.3248297 2.8686844 3.0950463 4.9517805 2.9760351 2.7663151 2.8298506 3.0901679 2.8574567 3.2161878 3.0906000 2.7678062 3.2112579 2.7313405 2.8537163 2.8442748 3.1029070 2.9037190 2.8623216 3.8436370 2.7323619 2.6334461 3.0571173 2.8744179 3.7019063 3.2870772 3.0529527 3.2893555 4.0554958 2.8216797 3.1695374 3.1793760 3.2330048 3.0015302 3.0475296 2.9789440 3.4622743 3.5267416 3.1447740 3.1551155 3.2254524 3.1176515 3.0678526 2.8310658 3.0859178 4.6097148 
Horcal_Hcv1.av93.c4.g276.i2                             2.4869248 1.0657479 0.7297286 0.6380175 0.5975784 0.6311912 0.0126940 0.0000000 0.1070756 0.9802174 0.9410555 2.6548063 4.3287803 3.1751046 2.9883717 3.2228867 3.1877442 2.8553642 3.2506496 2.8704414 3.1020435 4.9517805 2.9669644 2.7042736 2.7669875 3.0901679 2.8064376 3.1258131 3.0381152 2.7587755 3.2192227 2.7240098 2.8311101 2.8215772 3.0977197 2.9048792 2.8417660 3.8947662 2.7287588 2.6267192 3.0547935 2.8874295 3.6747231 3.2289506 2.9776497 3.2492813 4.0124118 2.7869750 3.2256786 3.1230054 3.1689229 2.9774093 3.0247475 3.0379906 3.4397977 3.4196324 3.1395892 3.1470633 3.2208523 3.1122169 3.0599215 2.8474007 3.1050485 4.6097148 
Pbac_sb2661758                                          2.2714303 1.5649022 1.4179259 0.7877291 0.6558244 0.5976825 0.1026755 0.1070756 0.0000000 1.1294829 1.0264515 2.3983325 7.3815933 3.3111857 3.1957069 2.8797021 3.1334227 3.2172936 4.1960994 3.3059958 3.2049799 5.2658189 3.3310232 2.9084850 2.9702127 2.7888876 3.1090526 3.8424619 3.5051542 2.8593076 3.6379596 2.8447724 3.0624493 3.0518579 3.3877648 3.1861289 2.7440933 3.6989125 2.9459581 2.8380265 3.3735244 3.0925902 3.9867185 3.5005176 3.0360472 3.5493714 5.6768525 4.9226365 5.7407703 3.3173689 3.4333662 3.1572021 3.3777800 3.0711382 3.8298735 3.7299536 3.6129169 3.6129169 3.6124939 3.5941658 3.3668312 3.3015002 3.6421810 5.7762666 
Vmul_SimC400788                                         1.5047596 0.5844422 0.7750989 0.8479304 0.7701203 0.9397009 0.9929142 0.9802174 1.1294829 0.0000000 1.1508123 2.7603426 3.2962956 3.0136316 2.8381741 2.8401583 2.9436739 2.8706462 3.0577506 2.7950376 2.6943216 3.5528878 3.0401258 2.5715080 2.6493681 2.3527121 2.5359593 2.9796505 2.8858923 2.5443788 3.2302743 2.6521555 2.7018688 2.7013093 2.8505944 2.7080933 2.7772249 3.0047789 2.5617888 2.3539057 2.7818311 2.7099023 3.0371703 2.5843038 2.5409402 2.8862420 3.5381848 2.4556368 2.6346250 2.9260334 2.9753816 2.8801522 2.7917773 2.8449103 3.3979428 3.1870271 3.0574151 3.1707058 3.2031223 3.0459164 3.0991436 2.9087831 3.0897203 5.4235684 
Eupdun_Edun_sb10642388                                  1.9908316 2.0035335 0.0000010 0.7875696 0.7533193 0.6580131 0.9696932 0.9410555 1.0264515 1.1508123 0.0000000 2.0968348 4.3268997 2.7449748 2.9248619 2.7203041 2.7468278 2.6859764 2.9602290 2.5912782 2.7303918 5.3658562 2.8917743 2.5157505 2.6465489 2.6228799 2.6561309 3.8414675 2.6310108 2.5352244 3.7767312 2.5254554 2.6089086 2.4969108 2.8274665 2.4973391 2.3694695 3.4725041 2.6395030 2.3800393 2.9593852 2.6294171 3.4408703 2.8386465 2.5487127 2.9252952 5.1643114 7.0563728 6.0215855 2.9743479 3.6142887 2.8068584 2.6336010 2.6040209 3.6720735 4.3397479 3.0521961 3.0395702 3.0111241 3.0720111 3.0195402 3.2886033 3.7428412 3.1506759 
Bralan_BLAG19000290_1                                   2.8347095 4.9070840 5.9332070 3.1100578 2.6975561 2.5565309 2.6548063 2.6548063 2.3983325 2.7603426 2.0968348 0.0000000 4.5524189 2.0367790 1.9104003 1.5512126 1.5645888 1.7168049 2.7677362 1.8456625 1.0970717 0.8585624 1.7607866 1.5866910 1.6305218 1.2218715 1.6355425 4.0108910 1.8868160 1.6964173 2.4917374 1.5381472 1.5783575 1.5595878 1.7121426 1.6079434 1.2065579 1.7070275 1.5921547 1.5240796 1.7524384 1.8752823 1.9701892 1.6376695 1.7237004 1.7084602 3.6359089 3.4304520 3.5458831 2.1482099 1.7604930 1.7074411 1.1030277 1.5712691 1.8851281 2.7177458 1.9009727 1.8550780 1.9662785 1.9168596 1.9718266 1.8803467 1.8841193 3.4476074 
Halamb_c22794_g1_i1mm.69                                9.0000000 3.3148628 3.5749817 3.8098287 3.8877895 4.7336797 4.3377733 4.3287803 7.3815933 3.2962956 4.3268997 4.5524189 0.0000000 0.4052725 0.5235057 4.4937767 3.2685304 1.5478212 1.9518278 1.4335734 2.0928140 1.0422657 1.6147954 2.5691779 2.4417283 0.0000010 2.6067735 2.7467515 2.5419074 2.0117101 1.8107397 2.1901832 2.2595110 2.2570598 2.2228044 2.2470050 3.1595029 5.8625496 2.1112970 2.2163662 2.3975279 2.3266138 2.8872698 2.4164423 2.0807147 1.9056473 1.9357744 2.0944606 2.1271882 1.9835571 2.2557877 1.9656962 2.0553868 2.0379244 2.3359913 2.0565437 2.5077361 2.6937732 2.7102938 2.6751052 2.7286022 2.0781580 2.5821046 3.8276248 
Aque_Aqu2.1.26497_001                                   4.2225318 3.4793548 3.8098369 3.1738252 3.3492208 2.7170249 3.1720169 3.1751046 3.3111857 3.0136316 2.7449748 2.0367790 0.4052725 0.0000000 0.5465958 0.6515713 0.7361108 1.1274945 1.6138106 1.1693296 1.2858914 0.9075884 1.2133109 2.0459611 2.0965356 1.1823742 2.0634499 2.7435462 2.1301986 1.7954006 2.3028571 1.8080121 1.8026430 1.8262373 1.8680631 1.8420203 1.8137265 2.0799305 1.7208294 1.8582769 1.9243297 1.8226021 2.1610730 2.1681966 2.0773384 1.3661060 2.7805293 1.9802349 2.2530201 2.0515056 2.3357211 1.9442122 2.0423759 1.9504899 2.1983240 2.3881451 2.2715137 2.3246749 2.3908615 2.3556169 2.2905629 2.0441815 2.2432484 3.6931759 
Xestes_maker-XT_scaffold16105-augustus-gene-0.21-mRNA-1 4.9032643 3.4753628 3.2672462 3.2163381 3.1840736 2.8951931 2.9947134 2.9883717 3.1957069 2.8381741 2.9248619 1.9104003 0.5235057 0.5465958 0.0000000 0.9377167 1.0008108 1.2468436 1.7922415 1.2994649 1.7900501 0.8930060 1.2606868 1.9976865 2.0408567 0.8674460 2.0368561 2.5432928 2.0579132 1.8378075 2.3797014 1.8547207 1.8805170 1.8761401 2.0044063 1.9072538 1.8537453 1.6869973 1.8132784 1.9473265 1.6963576 1.8036644 2.1714715 1.9127402 1.9162719 1.4299293 2.7368696 2.0383618 2.6017493 2.3173862 2.2734379 2.0037313 1.9749065 1.8741871 2.3105086 2.4195473 2.1502788 2.2126379 2.3001954 2.2728841 2.2366477 2.0247095 2.2493139 3.6220559 
Halamb_c53965_g1_i2mm.5569                              3.5196683 3.9993574 8.0611499 2.9883761 3.2739367 2.6398074 3.1742445 3.2228867 2.8797021 2.8401583 2.7203041 1.5512126 4.4937767 0.6515713 0.9377167 0.0000000 0.0390684 1.2075032 1.9684967 1.3012588 1.3413728 0.7371194 1.2436101 2.0029954 2.1217481 0.9286772 1.8926689 4.7991723 2.2959286 1.8023459 3.1531564 1.8120600 1.8037043 1.8382899 2.1048646 1.9618496 1.6828906 1.4454700 1.8470161 1.8496279 1.7432174 1.8584403 2.1013590 1.8641012 1.8836666 1.4712329 4.6194133 4.9296880 8.0127294 2.4865334 2.5046957 2.0064894 2.0303159 2.0485719 2.2645719 2.4518524 2.0953049 2.0886048 2.2687222 2.1669869 2.0595459 2.1194322 2.2301855 3.9176023 
Halamb_c51963_g1_i1m.31828                              3.5196683 3.8568145 4.0324386 3.0291188 3.2715764 2.6398074 3.1443844 3.1877442 3.1334227 2.9436739 2.7468278 1.5645888 3.2685304 0.7361108 1.0008108 0.0390684 0.0000000 1.2761031 2.1927101 1.3520618 1.3608342 1.8866227 1.2824188 2.0324613 2.1499402 0.9286772 1.8572063 3.3364376 2.2839639 1.8574580 2.9816108 1.8592000 1.8475292 1.8796731 2.1035161 1.9908684 1.8754293 1.4479158 1.9599777 1.9025600 1.7737323 1.8441651 2.0035881 1.9140117 1.9125940 1.5683942 3.6074618 3.1158420 3.8598400 2.3786525 2.3091257 1.9358335 2.0679459 1.9018173 2.3549803 2.2864700 2.1456927 2.1394059 2.2851791 2.1911135 2.0785978 2.1251711 2.2073303 4.3829134 
Emue_Em0012g1033a.t1                                    6.6164082 3.6733668 3.1447095 2.7444068 2.8531862 2.4952528 2.8721031 2.8553642 3.2172936 2.8706462 2.6859764 1.7168049 1.5478212 1.1274945 1.2468436 1.2075032 1.2761031 0.0000000 0.4410863 0.3966299 0.8337344 0.6637049 1.2099781 1.9199630 1.8875503 0.8466503 1.9178607 2.6104706 2.1166365 1.8497113 2.4033185 1.7769598 1.7995741 1.8164417 1.9545240 1.7915681 1.9241693 1.9124022 1.7315723 1.7581670 1.8519374 1.7652177 2.1384599 1.8778301 1.9628065 1.5646004 2.4481662 1.7303730 1.7146918 2.3809582 2.0791149 2.0640823 1.7280374 1.9849579 2.3982467 2.4017103 2.4052864 2.4779589 2.5393552 2.4663242 2.4783058 2.1671037 2.4148936 3.4589722 
Emue_Em0913g1a.t1                                       3.7219534 3.2985916 3.4213334 3.0871533 3.2314234 2.4130649 3.3248297 3.2506496 4.1960994 3.0577506 2.9602290 2.7677362 1.9518278 1.6138106 1.7922415 1.9684967 2.1927101 0.4410863 0.0000000 0.8180993 1.3766199 1.3581263 1.8522498 2.3085362 2.2920977 0.9231619 2.4959897 2.8530375 2.5204704 2.0469981 3.1921051 2.3498366 2.3070760 2.3347115 2.3263963 2.1820406 2.7695224 3.3446044 2.2809378 2.2762395 2.4751565 2.3769929 2.7450220 2.4773481 2.3254788 1.9702017 2.7256675 2.2020373 2.1502236 2.6784956 2.6319362 2.5359625 2.2954342 2.3941112 2.9922051 3.2809583 3.1557281 3.3425983 3.4685550 3.3881598 3.2965491 2.8294690 3.2381277 5.1846775 
Spolac_c98536_g1_i1_m.17455c101709-g1                   4.0337690 3.0731544 3.0094040 2.7368447 2.7095225 2.4846784 2.8686844 2.8704414 3.3059958 2.7950376 2.5912782 1.8456625 1.4335734 1.1693296 1.2994649 1.3012588 1.3520618 0.3966299 0.8180993 0.0000000 0.0555501 0.7085185 1.1857935 1.8904705 1.9566743 0.9022634 1.8380944 2.4302008 2.1390303 1.9206503 2.5141200 1.8416703 1.8754014 1.8796732 1.9723873 1.8625932 2.0047481 2.0146299 1.7704199 1.8345675 1.9267692 1.8330886 2.2039934 1.9972420 1.9735208 1.5224195 2.5782032 1.5451850 1.6504260 2.1925892 2.1377986 2.0005988 1.8632493 1.9216614 2.2975112 2.2323634 2.5130891 2.5981627 2.6717024 2.5775367 2.5915078 2.3307303 2.5526704 3.1316763 
Spolac_c98536_g1_i5_m.17460c101709-g1                   3.5829347 3.0728701 2.0772661 3.0939802 2.9634673 3.3444057 3.0950463 3.1020435 3.2049799 2.6943216 2.7303918 1.0970717 2.0928140 1.2858914 1.7900501 1.3413728 1.3608342 0.8337344 1.3766199 0.0555501 0.0000000 0.0000010 1.3974375 2.2851938 2.4123816 0.7943948 2.0025796 2.9387543 2.9909181 1.9280445 2.9377428 2.0913453 2.1514484 2.1178713 2.1012084 2.2077629 2.1336813 4.5866344 1.9395949 2.0996972 2.4412573 2.1795966 2.3396687 2.4590027 2.3197250 2.2251574 4.4025904 2.8266661 2.8547494 2.3344905 2.7666637 2.4094509 2.0818530 2.4689035 2.2804698 2.4621573 2.8387616 2.9093725 3.0636134 2.9179101 2.9412118 2.6310382 2.9834130 3.4523371 
Stycar_maker-SC_scaffold55369-snap-gene-0.3-mRNA-1      8.0307372 4.0561687 3.8777720 4.2288161 4.3741154 3.9467775 4.9517805 4.9517805 5.2658189 3.5528878 5.3658562 0.8585624 1.0422657 0.9075884 0.8930060 0.7371194 1.8866227 0.6637049 1.3581263 0.7085185 0.0000010 0.0000000 0.6570453 1.6810469 1.6746834 0.3459577 1.7120379 1.9352604 1.6112545 1.6047928 1.7927329 1.5125092 1.4473642 1.4020129 1.4170657 1.4140889 1.5159488 2.2722123 1.4714163 1.5348207 1.1898506 0.8318876 1.7028033 1.7706466 1.8643818 2.0227732 1.4675988 1.3806934 1.3305289 1.0809143 1.5675954 1.1876131 1.2595890 1.3283888 1.4209644 1.4945185 2.3882166 2.3882166 2.3282022 2.3282022 2.2727526 2.3178854 2.3178854 2.3033579 
Tetwil_g12487.t1                                        3.6654887 3.3489889 3.2819468 2.9678848 2.9904400 3.0078787 2.9760351 2.9669644 3.3310232 3.0401258 2.8917743 1.7607866 1.6147954 1.2133109 1.2606868 1.2436101 1.2824188 1.2099781 1.8522498 1.1857935 1.3974375 0.6570453 0.0000000 1.8278525 1.8796788 0.8848932 1.8690544 2.4051825 1.9903903 1.7855707 2.3315803 1.7502929 1.7845379 1.7995512 1.9519365 1.8783822 1.9384344 1.9894489 1.7028567 1.8487008 1.6225401 1.8963741 2.2515028 2.0802022 1.8444732 1.5375478 2.2713932 1.6495417 1.9324285 2.1970858 2.0070426 1.9785276 1.7181056 1.6791802 2.1263376 2.0747830 2.1569097 2.1892176 2.2422103 2.1390134 2.0776686 2.0534679 2.2346226 2.9977187 
Rhoesc_Res_004741-T1                                    5.7188294 3.1139105 2.2461750 2.6662297 2.7133187 2.8467250 2.7663151 2.7042736 2.9084850 2.5715080 2.5157505 1.5866910 2.5691779 2.0459611 1.9976865 2.0029954 2.0324613 1.9199630 2.3085362 1.8904705 2.2851938 1.6810469 1.8278525 0.0000000 0.1183516 0.1503069 0.4313980 0.2665713 0.7107464 1.0357547 1.3821528 1.0720284 1.0339150 1.0461114 1.1351688 1.0634589 1.1568044 1.3150685 1.1465251 1.1273940 1.4474381 1.4061529 1.2035003 1.3409778 1.3904819 1.8243611 2.1071673 1.5163961 1.7516352 2.1879930 1.6657099 1.5515960 1.6475063 1.5863293 1.9813767 2.1056229 1.9641802 1.9693168 2.0657472 1.9994657 1.9976939 1.8268137 1.9660456 3.4233370 
Nemnom_g18494.t1                                        5.6504331 3.0726559 2.2334742 2.7380185 2.7668957 2.8860441 2.8298506 2.7669875 2.9702127 2.6493681 2.6465489 1.6305218 2.4417283 2.0965356 2.0408567 2.1217481 2.1499402 1.8875503 2.2920977 1.9566743 2.4123816 1.6746834 1.8796788 0.1183516 0.0000000 0.1502898 0.4393708 0.2936262 0.7014069 1.0573531 1.4037419 1.0752299 1.0493646 1.0763725 1.1392405 1.0464778 1.2035941 1.3292579 1.1587313 1.1405210 1.4607697 1.3772859 1.2064714 1.3698720 1.3694327 1.9022443 2.1945338 1.5214053 1.7280913 2.2211562 1.7182514 1.5562995 1.6733417 1.6356230 1.9954949 2.1012774 1.9526489 1.9706683 2.0424809 1.9625029 1.9969797 1.8085450 1.9439644 3.5589587 
Aaur_scaffold39.g35.t2                                  0.0000010 0.0000010 0.0000010 2.6817381 2.4225295 2.6043663 3.0901679 3.0901679 2.7888876 2.3527121 2.6228799 1.2218715 0.0000010 1.1823742 0.8674460 0.9286772 0.9286772 0.8466503 0.9231619 0.9022634 0.7943948 0.3459577 0.8848932 0.1503069 0.1502898 0.0000000 0.1659082 6.3373709 0.4277618 0.4925611 5.2177715 0.4411070 0.4614877 0.4614877 0.5667955 0.5102419 0.4408834 0.4823491 0.6972273 0.6057169 0.7752477 0.6797293 0.7420574 0.7935583 0.7927659 0.6733640 3.7559018 0.0000010 0.0000010 1.9479534 1.2906911 0.8999490 1.3366275 1.0917004 1.2271538 1.3563739 1.0866271 1.0866271 1.1560003 1.1286103 1.1336489 1.0243934 1.0672727 0.0000010 
Sanmal_Sma_023368-T2                                    4.1012833 2.8956841 2.1893214 2.6199232 2.6891023 2.8539941 2.8574567 2.8064376 3.1090526 2.5359593 2.6561309 1.6355425 2.6067735 2.0634499 2.0368561 1.8926689 1.8572063 1.9178607 2.4959897 1.8380944 2.0025796 1.7120379 1.8690544 0.4313980 0.4393708 0.1659082 0.0000000 0.3226977 0.6833381 0.9835028 1.3262266 0.9680275 0.9423013 0.9307462 1.0553266 0.9546362 1.0440164 1.2813533 1.1130179 1.0501357 1.4821907 1.3737560 0.9813524 1.3418115 1.3657671 1.7441800 2.3154219 1.5042712 1.6266522 2.0658415 1.6072998 1.4445685 1.5490036 1.4212948 1.8254704 2.0626205 1.8294426 1.8437292 1.8930881 1.8720573 1.8503852 1.6776215 1.8000236 3.4805271 
Aaur_scaffold39.g33.t2                                  4.4855314 2.7260324 2.5999624 3.0438595 3.1150759 6.4895806 3.2161878 3.1258131 3.8424619 2.9796505 3.8414675 4.0108910 2.7467515 2.7435462 2.5432928 4.7991723 3.3364376 2.6104706 2.8530375 2.4302008 2.9387543 1.9352604 2.4051825 0.2665713 0.2936262 6.3373709 0.3226977 0.0000000 0.4634044 1.0081348 0.9014877 1.1676505 1.1522964 1.1208819 1.1832464 1.1185106 1.4077699 3.2351152 1.2687015 1.1402960 2.0612578 1.7696381 1.1487480 1.5630368 1.5470603 2.3031561 1.6785988 1.6684383 1.8839722 2.2478306 1.8053267 1.6555562 1.6918555 1.5427651 2.4425463 1.9115015 2.4046946 2.2976116 2.3578342 2.3323359 2.2372521 1.8710120 2.1652257 3.5234055 
Morvir_scaffold443.g12.t1                               4.7506401 3.1163676 2.3531299 2.8414748 3.0587253 2.8364834 3.0906000 3.0381152 3.5051542 2.8858923 2.6310108 1.8868160 2.5419074 2.1301986 2.0579132 2.2959286 2.2839639 2.1166365 2.5204704 2.1390303 2.9909181 1.6112545 1.9903903 0.7107464 0.7014069 0.4277618 0.6833381 0.4634044 0.0000000 0.9769770 1.2840686 0.9556405 0.9805371 0.9587623 0.9762064 0.9566679 1.0823700 1.0680927 1.0376462 1.1166156 1.7249027 1.7674785 1.2394284 1.3924330 1.3872623 1.9212596 2.1723139 1.3585796 1.7194698 2.3053313 1.7373693 1.7653999 1.6926811 1.7749806 2.0996802 2.1947435 2.2878274 2.3204492 2.3771566 2.2652947 2.3291974 2.0820137 2.2432433 3.4432569 
Amil_Amillepora29740-RA                                 3.6352013 2.7899901 2.4183697 2.5150463 2.6281286 2.7453546 2.7678062 2.7587755 2.8593076 2.5443788 2.5352244 1.6964173 2.0117101 1.7954006 1.8378075 1.8023459 1.8574580 1.8497113 2.0469981 1.9206503 1.9280445 1.6047928 1.7855707 1.0357547 1.0573531 0.4925611 0.9835028 1.0081348 0.9769770 0.0000000 0.1027106 0.1466135 0.2168390 0.2063960 0.2169154 0.2108674 0.0084017 0.3515116 0.7789381 0.7680698 1.5331526 1.4100161 1.4037322 1.2127178 1.1939737 1.6070336 1.8162051 1.1522459 1.4899233 2.0274780 1.7777398 1.5497706 1.5832702 1.4489539 1.6893884 1.8596087 1.9394718 1.9488064 2.0446241 1.9669018 1.9108617 1.7408379 1.8947595 3.4396132 
Amil_Amillepora29748-RA                                 3.2095203 2.7653033 2.5188821 2.9605348 3.2545293 4.5278450 3.2112579 3.2192227 3.6379596 3.2302743 3.7767312 2.4917374 1.8107397 2.3028571 2.3797014 3.1531564 2.9816108 2.4033185 3.1921051 2.5141200 2.9377428 1.7927329 2.3315803 1.3821528 1.4037419 5.2177715 1.3262266 0.9014877 1.2840686 0.1027106 0.0000000 0.2812353 0.3861348 0.3654975 0.3564265 0.3827591 0.1560002 0.6462670 1.0931096 1.1832068 2.0287477 1.8374744 1.8259474 1.4969948 1.5093110 2.2448695 2.0234707 1.0422696 1.3869268 2.2272879 2.0867678 1.9762171 1.9292862 1.8691499 2.0700242 2.1647128 2.3423410 2.3736173 2.5194940 2.3943475 2.2968492 2.2110734 2.2213224 3.0388409 
Gfas_gfas1.m1.5672.m1                                   4.1013042 3.0451087 2.3938295 2.4989921 2.5260870 2.6630943 2.7313405 2.7240098 2.8447724 2.6521555 2.5254554 1.5381472 2.1901832 1.8080121 1.8547207 1.8120600 1.8592000 1.7769598 2.3498366 1.8416703 2.0913453 1.5125092 1.7502929 1.0720284 1.0752299 0.4411070 0.9680275 1.1676505 0.9556405 0.1466135 0.2812353 0.0000000 0.1861618 0.1713713 0.1752910 0.1833871 0.1690280 0.3789199 0.7137328 0.7209259 1.4678205 1.3923789 1.3377850 1.1451366 1.1905513 1.5504792 1.9478543 1.2183780 1.6064379 2.0135827 1.7330918 1.5627923 1.5864470 1.4799380 1.6589404 1.8962461 1.8264135 1.8333998 1.9274538 1.8460526 1.8361245 1.6860273 1.8099241 3.4461292 
Spis_XP_022790774_1                                     4.3223890 2.9592270 2.3484868 2.4791046 2.6802679 2.8087961 2.8537163 2.8311101 3.0624493 2.7018688 2.6089086 1.5783575 2.2595110 1.8026430 1.8805170 1.8037043 1.8475292 1.7995741 2.3070760 1.8754014 2.1514484 1.4473642 1.7845379 1.0339150 1.0493646 0.4614877 0.9423013 1.1522964 0.9805371 0.2168390 0.3861348 0.1861618 0.0000000 0.0402456 0.1437004 0.1537034 0.2552989 0.4432358 0.7199507 0.7154524 1.4666652 1.4357083 1.3486759 1.1921763 1.2288625 1.5313760 2.0369712 1.2987591 1.5802279 1.9570478 1.7427873 1.5617723 1.5316993 1.5097547 1.6893600 1.9277870 1.7710495 1.7747760 1.8447204 1.7557914 1.7533950 1.6251375 1.7365506 3.4509733 
Pocdam_XM_027193624.1                                   4.0216751 2.8790831 2.3194698 2.5342796 2.6581965 2.6331392 2.8442748 2.8215772 3.0518579 2.7013093 2.4969108 1.5595878 2.2570598 1.8262373 1.8761401 1.8382899 1.8796731 1.8164417 2.3347115 1.8796732 2.1178713 1.4020129 1.7995512 1.0461114 1.0763725 0.4614877 0.9307462 1.1208819 0.9587623 0.2063960 0.3654975 0.1713713 0.0402456 0.0000000 0.1404794 0.1544363 0.2364523 0.3913561 0.7071362 0.6901083 1.4907739 1.4450512 1.3463958 1.1778528 1.2204264 1.5159233 2.0072605 1.2750814 1.6196145 1.9263068 1.7042833 1.5283712 1.5048049 1.4706273 1.7037899 1.8943122 1.7735549 1.7773669 1.8459063 1.7651264 1.7693886 1.6423054 1.7627849 3.4302914 
Fspp_ffun1.m4.12279.m1                                  4.5467736 3.1028856 2.4602611 2.7251836 2.7852751 3.0502469 3.1029070 3.0977197 3.3877648 2.8505944 2.8274665 1.7121426 2.2228044 1.8680631 2.0044063 2.1048646 2.1035161 1.9545240 2.3263963 1.9723873 2.1012084 1.4170657 1.9519365 1.1351688 1.1392405 0.5667955 1.0553266 1.1832464 0.9762064 0.2169154 0.3564265 0.1752910 0.1437004 0.1404794 0.0000000 0.1104276 0.2551178 0.5207987 0.7271795 0.7503458 1.5989635 1.5438789 1.4722140 1.2555169 1.2790812 1.6835468 1.9938470 1.2234534 1.6282188 2.2336679 1.9173067 1.7195392 1.6791190 1.5567708 1.8850063 2.1138935 1.8792884 1.8865767 1.9975287 1.9042649 1.8830060 1.7678306 1.8846134 3.5644543 
Gasp_gasp1.m3.12161.m1                                  4.2683328 2.9971747 2.3734108 2.5818867 2.6562894 2.6949888 2.9037190 2.9048792 3.1861289 2.7080933 2.4973391 1.6079434 2.2470050 1.8420203 1.9072538 1.9618496 1.9908684 1.7915681 2.1820406 1.8625932 2.2077629 1.4140889 1.8783822 1.0634589 1.0464778 0.5102419 0.9546362 1.1185106 0.9566679 0.2108674 0.3827591 0.1833871 0.1537034 0.1544363 0.1104276 0.0000000 0.2532974 0.4309359 0.7268108 0.6974408 1.4934909 1.4464632 1.3909013 1.2181555 1.2454275 1.6423110 1.9971318 1.2222773 1.5491715 1.9390039 1.7765411 1.5304191 1.5717264 1.5026437 1.7778149 1.9276644 1.8010003 1.8055771 1.8663662 1.8095919 1.7862728 1.6543247 1.7921998 3.5653226 
Adig_XM_015921130.1                                     3.8172671 3.2033977 3.5991066 2.5605300 2.6554900 2.4978655 2.8623216 2.8417660 2.7440933 2.7772249 2.3694695 1.2065579 3.1595029 1.8137265 1.8537453 1.6828906 1.8754293 1.9241693 2.7695224 2.0047481 2.1336813 1.5159488 1.9384344 1.1568044 1.2035941 0.4408834 1.0440164 1.4077699 1.0823700 0.0084017 0.1560002 0.1690280 0.2552989 0.2364523 0.2551178 0.2532974 0.0000000 0.2804280 0.8391920 0.8331695 1.5388923 1.4902725 1.5465649 1.2103558 1.2765095 1.6590521 3.0296223 1.8218921 2.4637710 2.3359970 2.0748001 1.7791915 1.8340086 1.6995780 1.8247817 1.9749296 2.0501667 2.0439012 2.1367515 2.1023933 1.9880190 1.8722418 2.0474290 3.4059873 
Adig_XM_015894559.1                                     9.0000000 7.0329929 7.6788521 3.6386843 3.4332290 2.7041979 3.8436370 3.8947662 3.6989125 3.0047789 3.4725041 1.7070275 5.8625496 2.0799305 1.6869973 1.4454700 1.4479158 1.9124022 3.3446044 2.0146299 4.5866344 2.2722123 1.9894489 1.3150685 1.3292579 0.4823491 1.2813533 3.2351152 1.0680927 0.3515116 0.6462670 0.3789199 0.4432358 0.3913561 0.5207987 0.4309359 0.2804280 0.0000000 1.1649183 0.9880238 1.8614362 1.6523216 1.5628264 1.4380096 1.4247064 1.4363167 3.9082418 5.3289804 3.4578572 2.5251523 2.0344189 1.6998382 1.9599516 1.9414409 2.2495877 2.1136709 2.1075048 2.1075048 2.2630432 2.1975361 2.1783698 2.0173598 1.9915634 6.1845231 
Exapal_XM_021040808.2                                   5.4711018 3.0585295 2.2677745 2.4989415 2.6263727 2.7348488 2.7323619 2.7287588 2.9459581 2.5617888 2.6395030 1.5921547 2.1112970 1.7208294 1.8132784 1.8470161 1.9599777 1.7315723 2.2809378 1.7704199 1.9395949 1.4714163 1.7028567 1.1465251 1.1587313 0.6972273 1.1130179 1.2687015 1.0376462 0.7789381 1.0931096 0.7137328 0.7199507 0.7071362 0.7271795 0.7268108 0.8391920 1.1649183 0.0000000 0.5413840 1.4842739 1.4566920 1.4123585 1.0299101 1.2252641 1.7084294 2.1737885 1.2545318 1.7841422 2.0059692 1.8287684 1.6904985 1.4813359 1.6020743 1.8229779 1.9805827 1.6690510 1.6810816 1.7395041 1.6437681 1.7469636 1.6166590 1.6758344 2.9666191 
Nvec_v1g117154                                          4.9510855 2.9077081 2.4302096 2.4778928 2.5037809 2.4053284 2.6334461 2.6267192 2.8380265 2.3539057 2.3800393 1.5240796 2.2163662 1.8582769 1.9473265 1.8496279 1.9025600 1.7581670 2.2762395 1.8345675 2.0996972 1.5348207 1.8487008 1.1273940 1.1405210 0.6057169 1.0501357 1.1402960 1.1166156 0.7680698 1.1832068 0.7209259 0.7154524 0.6901083 0.7503458 0.6974408 0.8331695 0.9880238 0.5413840 0.0000000 1.4644062 1.4477244 1.4227988 1.1510650 1.2858286 1.5930082 2.2178277 1.3433257 1.6772471 1.9223661 1.5981054 1.5745152 1.4106701 1.5777383 1.7912357 1.8900947 1.7664783 1.7681296 1.8296238 1.7531542 1.7673770 1.7053872 1.8187060 3.1763812 
Opea_EP00118_Oscarella_pearsei_P011825                  6.1038346 3.3559262 2.7278234 2.8902600 2.8614149 2.6907947 3.0571173 3.0547935 3.3735244 2.7818311 2.9593852 1.7524384 2.3975279 1.9243297 1.6963576 1.7432174 1.7737323 1.8519374 2.4751565 1.9267692 2.4412573 1.1898506 1.6225401 1.4474381 1.4607697 0.7752477 1.4821907 2.0612578 1.7249027 1.5331526 2.0287477 1.4678205 1.4666652 1.4907739 1.5989635 1.4934909 1.5388923 1.8614362 1.4842739 1.4644062 0.0000000 0.8384894 1.9039745 1.7386252 1.6698430 1.7257040 2.3443454 1.6182083 1.8172414 2.3462454 2.0340446 1.8125625 1.7605959 1.9906433 2.0069358 2.2190328 1.9676484 1.9744811 2.0706721 2.0343516 2.0360692 1.8326359 1.9898187 1.6914245 
Plajan_Pjan_C565936_01                                  4.7445815 3.1405622 2.8544090 2.8343846 2.8555632 2.5500763 2.8744179 2.8874295 3.0925902 2.7099023 2.6294171 1.8752823 2.3266138 1.8226021 1.8036644 1.8584403 1.8441651 1.7652177 2.3769929 1.8330886 2.1795966 0.8318876 1.8963741 1.4061529 1.3772859 0.6797293 1.3737560 1.7696381 1.7674785 1.4100161 1.8374744 1.3923789 1.4357083 1.4450512 1.5438789 1.4464632 1.4902725 1.6523216 1.4566920 1.4477244 0.8384894 0.0000000 1.6845608 1.6441680 1.6223532 1.5988839 2.4325095 1.5553379 1.4733273 2.0613765 1.8325454 1.6518769 1.7288672 1.7148739 2.0948573 1.9738183 1.9694262 2.0381216 2.1749391 2.1116706 2.0341977 1.8303914 2.0687702 2.3400360 
Hvul_g16252_1                                           6.7315692 3.6837815 2.9558058 3.4137346 3.3679571 3.4719214 3.7019063 3.6747231 3.9867185 3.0371703 3.4408703 1.9701892 2.8872698 2.1610730 2.1714715 2.1013590 2.0035881 2.1384599 2.7450220 2.2039934 2.3396687 1.7028033 2.2515028 1.2035003 1.2064714 0.7420574 0.9813524 1.1487480 1.2394284 1.4037322 1.8259474 1.3377850 1.3486759 1.3463958 1.4722140 1.3909013 1.5465649 1.5628264 1.4123585 1.4227988 1.9039745 1.6845608 0.0000000 1.5229538 1.5290328 2.0437140 2.3704314 1.7001041 2.1750526 2.1067632 1.9715576 1.8561733 1.8703631 1.5956745 2.0945167 2.2456589 2.2261656 2.2174521 2.2592654 2.1694847 2.0734926 1.8629690 2.0450787 3.0728066 
Dgig_XM_028537552.1                                     6.0014315 3.2676034 2.8608038 2.7733507 2.9576229 3.0500491 3.2870772 3.2289506 3.5005176 2.5843038 2.8386465 1.6376695 2.4164423 2.1681966 1.9127402 1.8641012 1.9140117 1.8778301 2.4773481 1.9972420 2.4590027 1.7706466 2.0802022 1.3409778 1.3698720 0.7935583 1.3418115 1.5630368 1.3924330 1.2127178 1.4969948 1.1451366 1.1921763 1.1778528 1.2555169 1.2181555 1.2103558 1.4380096 1.0299101 1.1510650 1.7386252 1.6441680 1.5229538 0.0000000 0.4476188 1.7475911 2.3377018 1.7868440 2.1382678 2.1492849 1.9353333 1.7621809 1.7398511 1.5996362 1.9177685 2.0020612 1.8373064 1.8500929 1.9145406 1.8557381 1.9355436 1.6391140 1.7682195 3.4666934 
Xesp_021569-T1                                          4.8890532 3.4948575 3.0846456 2.6054469 2.7934516 2.7493297 3.0529527 2.9776497 3.0360472 2.5409402 2.5487127 1.7237004 2.0807147 2.0773384 1.9162719 1.8836666 1.9125940 1.9628065 2.3254788 1.9735208 2.3197250 1.8643818 1.8444732 1.3904819 1.3694327 0.7927659 1.3657671 1.5470603 1.3872623 1.1939737 1.5093110 1.1905513 1.2288625 1.2204264 1.2790812 1.2454275 1.2765095 1.4247064 1.2252641 1.2858286 1.6698430 1.6223532 1.5290328 0.4476188 0.0000000 1.7488401 2.3495361 1.6399031 1.8707750 2.0857142 1.9191554 1.8105497 1.7863965 1.6004701 1.9842642 2.0627662 1.8341177 1.8156556 1.9014802 1.8438236 1.9009834 1.7708136 1.8360003 3.8253274 
Plespi_Pspi_scaffold20394_01                            3.9266466 3.4950705 3.5685394 3.0271566 3.0428623 2.7051075 3.2893555 3.2492813 3.5493714 2.8862420 2.9252952 1.7084602 1.9056473 1.3661060 1.4299293 1.4712329 1.5683942 1.5646004 1.9702017 1.5224195 2.2251574 2.0227732 1.5375478 1.8243611 1.9022443 0.6733640 1.7441800 2.3031561 1.9212596 1.6070336 2.2448695 1.5504792 1.5313760 1.5159233 1.6835468 1.6423110 1.6590521 1.4363167 1.7084294 1.5930082 1.7257040 1.5988839 2.0437140 1.7475911 1.7488401 0.0000000 2.7794684 2.0500640 2.6280515 2.1533865 1.8541061 1.7729047 2.2395825 1.8477478 2.0216323 2.2306356 2.1677241 2.2515129 2.2919821 2.2414339 2.2869530 2.0125968 2.1732327 3.6251838 
Hsap_ENST00000234453                                    3.5487857 3.0033561 2.9100848 3.7731659 4.0158527 8.9999986 4.0554958 4.0124118 5.6768525 3.5381848 5.1643114 3.6359089 1.9357744 2.7805293 2.7368696 4.6194133 3.6074618 2.4481662 2.7256675 2.5782032 4.4025904 1.4675988 2.2713932 2.1071673 2.1945338 3.7559018 2.3154219 1.6785988 2.1723139 1.8162051 2.0234707 1.9478543 2.0369712 2.0072605 1.9938470 1.9971318 3.0296223 3.9082418 2.1737885 2.2178277 2.3443454 2.4325095 2.3704314 2.3377018 2.3495361 2.7794684 0.0000000 1.0005721 1.1401940 1.6111767 1.6228211 1.4702143 1.4203621 1.2829625 1.1545238 1.3976467 2.6842208 2.8444720 2.8675598 2.8344044 2.8475650 2.5690963 2.7179192 2.8236492 
Tcas_TC001680_001                                       3.1806107 2.4837404 2.3399900 2.3615553 2.7422378 6.6135977 2.8216797 2.7869750 4.9226365 2.4556368 7.0563728 3.4304520 2.0944606 1.9802349 2.0383618 4.9296880 3.1158420 1.7303730 2.2020373 1.5451850 2.8266661 1.3806934 1.6495417 1.5163961 1.5214053 0.0000010 1.5042712 1.6684383 1.3585796 1.1522459 1.0422696 1.2183780 1.2987591 1.2750814 1.2234534 1.2222773 1.8218921 5.3289804 1.2545318 1.3433257 1.6182083 1.5553379 1.7001041 1.7868440 1.6399031 2.0500640 1.0005721 0.0000000 0.8092214 0.8111575 0.7909412 0.9105270 0.9702776 0.9584423 1.1635848 0.8323198 1.9448410 2.0223793 2.1123357 2.0005884 2.0689287 1.7507738 2.0501010 3.2258571 
Dpul_mRNA733                                            7.6700719 2.9262778 2.3414292 2.6538520 3.2187446 2.4605536 3.1695374 3.2256786 5.7407703 2.6346250 6.0215855 3.5458831 2.1271882 2.2530201 2.6017493 8.0127294 3.8598400 1.7146918 2.1502236 1.6504260 2.8547494 1.3305289 1.9324285 1.7516352 1.7280913 0.0000010 1.6266522 1.8839722 1.7194698 1.4899233 1.3869268 1.6064379 1.5802279 1.6196145 1.6282188 1.5491715 2.4637710 3.4578572 1.7841422 1.6772471 1.8172414 1.4733273 2.1750526 2.1382678 1.8707750 2.6280515 1.1401940 0.8092214 0.0000000 0.9800724 1.0120698 1.0565513 0.9960144 1.0656384 1.5150343 0.9913993 2.2006002 2.2618140 2.3624813 2.3465654 2.3216445 1.9486397 2.1763223 3.3388649 
Ctel_gnl_WGS_AMQN_CAPTEDRAFT_mRNA159602                 5.0132320 3.3820204 2.4661932 2.8075843 2.9977042 2.9370483 3.1793760 3.1230054 3.3173689 2.9260334 2.9743479 2.1482099 1.9835571 2.0515056 2.3173862 2.4865334 2.3786525 2.3809582 2.6784956 2.1925892 2.3344905 1.0809143 2.1970858 2.1879930 2.2211562 1.9479534 2.0658415 2.2478306 2.3053313 2.0274780 2.2272879 2.0135827 1.9570478 1.9263068 2.2336679 1.9390039 2.3359970 2.5251523 2.0059692 1.9223661 2.3462454 2.0613765 2.1067632 2.1492849 2.0857142 2.1533865 1.6111767 0.8111575 0.9800724 0.0000000 1.1824601 1.3400653 1.4630148 1.3464793 1.6821489 1.2951854 2.5440121 2.5813555 2.6163078 2.5618353 2.6029650 2.3777158 2.5754807 3.1986133 
Cgig_XM_011420756.3                                     8.9999990 3.4750725 2.5470845 2.9837375 3.1397142 3.3246068 3.2330048 3.1689229 3.4333662 2.9753816 3.6142887 1.7604930 2.2557877 2.3357211 2.2734379 2.5046957 2.3091257 2.0791149 2.6319362 2.1377986 2.7666637 1.5675954 2.0070426 1.6657099 1.7182514 1.2906911 1.6072998 1.8053267 1.7373693 1.7777398 2.0867678 1.7330918 1.7427873 1.7042833 1.9173067 1.7765411 2.0748001 2.0344189 1.8287684 1.5981054 2.0340446 1.8325454 1.9715576 1.9353333 1.9191554 1.8541061 1.6228211 0.7909412 1.0120698 1.1824601 0.0000000 1.2430151 1.2856722 1.2140403 1.3945995 1.2772208 2.2261971 2.2697569 2.3576900 2.2700007 2.3233527 1.9654516 2.1093846 3.5174402 
Spur_XM_030974241.1                                     4.5131468 3.3950033 2.6909829 2.7430504 3.0150272 3.0322300 3.0015302 2.9774093 3.1572021 2.8801522 2.8068584 1.7074411 1.9656962 1.9442122 2.0037313 2.0064894 1.9358335 2.0640823 2.5359625 2.0005988 2.4094509 1.1876131 1.9785276 1.5515960 1.5562995 0.8999490 1.4445685 1.6555562 1.7653999 1.5497706 1.9762171 1.5627923 1.5617723 1.5283712 1.7195392 1.5304191 1.7791915 1.6998382 1.6904985 1.5745152 1.8125625 1.6518769 1.8561733 1.7621809 1.8105497 1.7729047 1.4702143 0.9105270 1.0565513 1.3400653 1.2430151 0.0000000 1.0423964 0.9952864 1.2821460 1.4285242 2.2502330 2.3338583 2.3550525 2.3206770 2.2090703 2.0797064 2.2301773 3.1866051 
Bralan_BLAG17000730_1                                   5.6986061 3.2747048 2.4380811 2.7585329 2.9773971 3.0561250 3.0475296 3.0247475 3.3777800 2.7917773 2.6336010 1.1030277 2.0553868 2.0423759 1.9749065 2.0303159 2.0679459 1.7280374 2.2954342 1.8632493 2.0818530 1.2595890 1.7181056 1.6475063 1.6733417 1.3366275 1.5490036 1.6918555 1.6926811 1.5832702 1.9292862 1.5864470 1.5316993 1.5048049 1.6791190 1.5717264 1.8340086 1.9599516 1.4813359 1.4106701 1.7605959 1.7288672 1.8703631 1.7398511 1.7863965 2.2395825 1.4203621 0.9702776 0.9960144 1.4630148 1.2856722 1.0423964 0.0000000 1.1162495 1.4601163 1.5002098 2.2529294 2.2865310 2.2937259 2.2142695 2.2551289 2.0871347 2.2262684 2.9461138 
Skow_XM_006815775.1                                     4.5946682 3.5625565 2.7726739 2.8324058 2.9150448 3.0875904 2.9789440 3.0379906 3.0711382 2.8449103 2.6040209 1.5712691 2.0379244 1.9504899 1.8741871 2.0485719 1.9018173 1.9849579 2.3941112 1.9216614 2.4689035 1.3283888 1.6791802 1.5863293 1.6356230 1.0917004 1.4212948 1.5427651 1.7749806 1.4489539 1.8691499 1.4799380 1.5097547 1.4706273 1.5567708 1.5026437 1.6995780 1.9414409 1.6020743 1.5777383 1.9906433 1.7148739 1.5956745 1.5996362 1.6004701 1.8477478 1.2829625 0.9584423 1.0656384 1.3464793 1.2140403 0.9952864 1.1162495 0.0000000 1.5032819 1.4751795 2.0571642 2.0874619 2.1538440 2.0482603 2.0209305 1.8552617 2.0089230 3.0877180 
Hsap_ENST00000440706                                    3.6552836 3.4385585 2.8943617 3.3897022 3.4964488 3.6399695 3.4622743 3.4397977 3.8298735 3.3979428 3.6720735 1.8851281 2.3359913 2.1983240 2.3105086 2.2645719 2.3549803 2.3982467 2.9922051 2.2975112 2.2804698 1.4209644 2.1263376 1.9813767 1.9954949 1.2271538 1.8254704 2.4425463 2.0996802 1.6893884 2.0700242 1.6589404 1.6893600 1.7037899 1.8850063 1.7778149 1.8247817 2.2495877 1.8229779 1.7912357 2.0069358 2.0948573 2.0945167 1.9177685 1.9842642 2.0216323 1.1545238 1.1635848 1.5150343 1.6821489 1.3945995 1.2821460 1.4601163 1.5032819 0.0000000 1.7780098 2.2398427 2.3406684 2.3199441 2.3012601 2.3732682 2.1343162 2.3162673 3.0786604 
Acagra_model.g21271.t1                                  4.9675458 3.6520378 2.9357376 3.3328773 3.3364603 4.0893013 3.5267416 3.4196324 3.7299536 3.1870271 4.3397479 2.7177458 2.0565437 2.3881451 2.4195473 2.4518524 2.2864700 2.4017103 3.2809583 2.2323634 2.4621573 1.4945185 2.0747830 2.1056229 2.1012774 1.3563739 2.0626205 1.9115015 2.1947435 1.8596087 2.1647128 1.8962461 1.9277870 1.8943122 2.1138935 1.9276644 1.9749296 2.1136709 1.9805827 1.8900947 2.2190328 1.9738183 2.2456589 2.0020612 2.0627662 2.2306356 1.3976467 0.8323198 0.9913993 1.2951854 1.2772208 1.4285242 1.5002098 1.4751795 1.7780098 0.0000000 2.5873547 2.5223499 2.6230531 2.5889387 2.5069203 2.1990802 2.4926755 3.3712728 
Hhon_g02437.t1                                          4.7608370 3.7807716 2.5518119 2.8521508 3.0172528 2.8402886 3.1447740 3.1395892 3.6129169 3.0574151 3.0521961 1.9009727 2.5077361 2.2715137 2.1502788 2.0953049 2.1456927 2.4052864 3.1557281 2.5130891 2.8387616 2.3882166 2.1569097 1.9641802 1.9526489 1.0866271 1.8294426 2.4046946 2.2878274 1.9394718 2.3423410 1.8264135 1.7710495 1.7735549 1.8792884 1.8010003 2.0501667 2.1075048 1.6690510 1.7664783 1.9676484 1.9694262 2.2261656 1.8373064 1.8341177 2.1677241 2.6842208 1.9448410 2.2006002 2.5440121 2.2261971 2.2502330 2.2529294 2.0571642 2.2398427 2.5873547 0.0000000 0.0041648 0.1796788 0.1812783 0.2571797 0.3445920 0.3395438 5.0564036 
