82
HoiH11_mRNA8912                                              0.0000000 0.1650673 0.1562043 0.2137509 0.1222455 0.1844280 1.3487610 1.2621519 1.1367583 1.2110766 1.0550171 1.1249485 1.0953793 1.1519594 1.2329251 1.2415744 1.4066509 1.2696632 1.1736891 1.2227118 1.0956012 1.1134073 1.2640387 1.0818540 1.1908966 1.3072871 1.1639172 1.2060588 1.2757356 1.2124040 1.2263639 1.2097258 1.2993585 1.3216938 1.2571511 1.2667804 1.1824465 1.2215186 1.3626827 1.3615342 1.3526074 1.3430585 1.3430585 1.7453159 1.7361726 3.0090650 1.5491039 1.6742198 1.8553061 1.5554118 1.5020524 1.7008664 1.7094388 1.8768019 1.8773541 1.6800213 1.9027399 1.9732295 1.9319567 1.7647412 2.1044641 1.9036136 1.9243502 1.9484750 2.0248493 1.8377108 2.2132794 2.3734236 2.2384006 1.3150968 1.8574081 2.4797928 2.4426815 2.8198088 4.0319445 1.9478037 1.6155031 3.0500323 2.9819914 2.9803418 2.8129701 1.4431344 
HoiH23_PlH23_004965-RA                                       0.1650673 0.0000000 0.0571855 0.2084029 0.0924160 0.1149132 1.4588477 1.3815318 1.3518174 1.4263085 1.0969171 1.3165252 1.3227722 1.2721072 1.3752653 1.3864182 1.5374503 1.4266618 1.3794910 1.4464977 1.3756489 1.3441264 1.3758790 1.3070680 1.3544531 1.5009646 1.2247836 1.4086620 1.4015861 1.3538150 1.2251283 1.3189232 1.3867052 1.4854638 1.4990785 1.4833881 1.3340990 1.3720633 1.5858296 1.5872277 1.5907070 1.4894991 1.4894991 1.8798480 1.8598561 2.6748849 1.5275722 1.6524192 1.8912214 1.5347131 1.6807753 1.8448993 1.7436649 1.9184710 2.0177799 1.6468176 1.9076975 1.9837322 1.9167067 1.8283149 2.1599595 1.8986087 2.0104721 1.9475812 1.9686008 2.0516847 2.1564380 2.5404651 2.2303197 1.2779031 1.8262929 2.4589264 2.3564729 2.9377021 4.0980482 1.9995898 1.5864380 3.1056329 3.0882556 3.0905039 2.9010620 1.5169829 
HoiH06_mRNA1490                                              0.1562043 0.0571855 0.0000000 0.2071972 0.0898995 0.1378023 1.5460820 1.4450302 1.4089851 1.4839562 1.1216275 1.3763619 1.3860682 1.3089988 1.3996674 1.4025607 1.5617868 1.4269426 1.4727035 1.5108593 1.3534426 1.3150632 1.4796376 1.3048240 1.4242759 1.5708191 1.1780818 1.4298984 1.3778313 1.3956243 1.2389181 1.3613083 1.4534213 1.5043295 1.5246139 1.4930378 1.3397639 1.3762583 1.6442004 1.5929980 1.5322087 1.4808197 1.4808197 1.9458612 2.0032628 3.1638373 1.6458993 1.7711983 1.9989421 1.6287950 1.7156763 1.8488045 1.7266768 1.9565483 2.0485188 1.7079894 1.9997996 2.0868626 1.9793101 1.8114917 2.1627115 1.8900505 2.1431649 2.0521147 2.0394405 2.0881977 2.2666269 2.6806508 2.2913811 1.2665334 1.8773541 2.5696601 2.4928035 3.1413275 4.1402812 2.0115665 1.6677571 3.1679370 3.1877690 3.1135521 2.9870091 1.5084846 
TrH2_TrispH2_005475-RA                                       0.2137509 0.2084029 0.2071972 0.0000000 0.0000010 0.1843415 1.5259493 1.4070460 1.3569234 1.3897913 1.1340507 1.3339491 1.3213223 1.2282507 1.3281818 1.3283857 1.4227807 1.3446903 1.3313654 1.3662200 1.2755069 1.2674604 1.4546956 1.2975840 1.3781074 1.4803376 1.1348389 1.3531149 1.3445620 1.3883848 1.1894587 1.3060402 1.4743845 1.5590405 1.5003963 1.4169447 1.2195958 1.2553498 1.5786383 1.5948501 1.6011235 1.4727661 1.4727661 1.9666887 1.9156132 2.8767654 1.5718648 1.6869752 1.9191133 1.5369563 1.5428249 1.8188901 1.7480667 1.8443248 2.0267551 1.6523978 1.9419212 1.9738372 1.8828640 1.8265409 2.2201020 1.8548262 2.0698307 2.0631915 2.0420211 2.1066384 2.2666184 2.7232826 2.2614887 1.2377026 1.8824812 2.4633806 2.4190039 3.0469311 4.4966507 1.8072556 1.6281786 2.8925675 2.9767238 3.0768470 2.8505545 1.4398705 
Tadh_TriadT15005                                             0.1222455 0.0924160 0.0898995 0.0000010 0.0000000 0.0995562 1.0800265 1.0333829 0.9492413 0.9804939 1.0887401 0.9392484 0.9488502 1.0367379 1.1087690 1.1858261 1.3136348 1.2284690 0.9604070 0.9753283 1.0285608 0.9923595 1.0217019 0.9429069 1.0259287 1.0898920 1.0040550 0.9818687 1.1206890 0.9642481 1.0743504 0.9232624 1.1112487 1.0709078 1.0738068 1.0178886 1.0403384 1.0796035 1.1165113 1.1139135 1.0849509 1.1911278 1.1911278 1.4747477 1.4356235 2.0605663 1.3007557 1.3877950 1.5850113 1.3610086 1.1991240 1.5232825 1.5349997 1.5848700 1.7029614 1.3776194 1.6566780 1.6675867 1.6795862 1.7282439 1.7913879 1.7374173 1.7804434 1.8498321 1.8302508 1.6967966 1.9231243 1.9737768 2.0515162 1.1831280 1.8408091 1.9282031 2.1937082 2.4910425 3.8967248 1.5529281 1.6106425 2.7884213 2.7170000 2.7745622 2.4661250 1.4165530 
HoiH04_mRNA2969                                              0.1844280 0.1149132 0.1378023 0.1843415 0.0995562 0.0000000 1.4451590 1.3612034 1.2675327 1.3233750 1.0987401 1.2234950 1.2266846 1.2491230 1.3650146 1.3709925 1.5209374 1.3926323 1.2364871 1.3265494 1.2823061 1.2036031 1.3759544 1.2259848 1.3246148 1.4723358 1.1687296 1.2820706 1.4130358 1.2919428 1.2324838 1.3190180 1.3934080 1.4642009 1.3525952 1.3559637 1.3099612 1.3456780 1.4922923 1.5027021 1.4877760 1.4344963 1.4344963 1.8775050 1.7143301 2.9801047 1.5699431 1.6793917 1.8284483 1.5156877 1.6081704 1.7685937 1.7295144 1.8979818 2.0411079 1.6523441 2.0178886 1.9917881 1.9706073 1.8354020 2.2273630 1.9270113 2.0281945 1.9943671 2.0832918 2.0780731 2.2991261 2.6853222 2.2895159 1.2068143 1.8415626 2.4702865 2.4655075 2.9525618 4.3413768 1.9494313 1.6814960 3.2435143 3.1496648 3.2021519 2.9770731 1.4349863 
Adig_XM_015897742.1                                          1.3487610 1.4588477 1.5460820 1.5259493 1.0800265 1.4451590 0.0000000 0.0000010 0.1760215 0.2386344 0.1977548 0.2681915 0.2624747 0.2667942 0.2635305 0.3541825 0.3950351 0.3704117 0.5949529 0.6400776 0.8643496 0.9692290 1.1510894 1.0983802 1.0749787 1.1787144 0.9833105 1.2192128 1.0864553 1.0411254 0.8937939 1.2733119 1.2002253 1.3561454 1.0138493 1.2317507 0.9394679 0.9514991 1.1391928 1.0587579 1.0522130 1.3912409 1.3912409 1.7197282 1.4987010 2.6147597 1.4814268 1.6533287 1.5260967 1.5121323 1.4578319 1.6706860 1.7612611 1.8771561 1.8067403 1.4342235 1.6103496 1.7925642 1.6042615 1.5027472 2.1351742 1.6109108 2.1370629 2.0123686 1.9113481 2.3196639 2.1409831 2.3722627 2.0193580 1.6268425 1.9344168 2.4911250 2.4456411 2.7174757 4.5432299 1.8069820 1.6663322 2.9866360 2.6317552 2.7649159 2.5940527 3.6017749 
Amil_Amillepora07440-RA                                      1.2621519 1.3815318 1.4450302 1.4070460 1.0333829 1.3612034 0.0000010 0.0000000 0.1702244 0.2342600 0.1977548 0.2585030 0.2495141 0.2662721 0.3455586 0.4060474 0.3950351 0.4087469 0.5566675 0.5926714 0.8207061 0.9133947 1.0739738 1.0370100 1.0251756 1.1103700 0.9532178 1.1439937 0.9968131 1.0000091 0.8702494 1.1700748 1.1444392 1.2697876 0.9889215 1.1539182 0.8831924 0.8702928 1.0358811 1.0301541 1.0680254 1.2808370 1.2808370 1.6540055 1.4987010 2.6147597 1.5530318 1.7236363 1.7985895 1.5456481 1.4090891 1.6536807 1.7241816 1.7999402 1.7801720 1.4118511 1.6252572 1.7618925 1.6066586 1.5438199 2.0735367 1.6150859 2.0532085 2.0502783 1.8563172 2.1661757 2.0437342 2.3223543 2.1076834 1.2997496 1.6114553 2.2551427 2.2958480 2.5271869 3.9935395 1.8038401 1.8463244 2.5546527 2.4790550 2.5531646 2.3623696 0.9669090 
Gfas_gfas1.m1.19005.m1                                       1.1367583 1.3518174 1.4089851 1.3569234 0.9492413 1.2675327 0.1760215 0.1702244 0.0000000 0.1419787 0.1377734 0.1595159 0.1506463 0.2332644 0.3007211 0.3507394 0.3428656 0.3604391 0.4778315 0.5037412 0.7977808 0.8695474 1.0855091 0.9630834 0.9889461 1.0809514 0.9136999 1.0801981 0.9325798 0.9672032 0.8112783 1.1299311 1.0987569 1.1977827 0.9575718 1.1188180 0.8324008 0.8314906 0.9549639 0.9980594 1.0283224 1.2212276 1.2212276 1.5719171 1.5057843 2.5439968 1.5049584 1.6357401 1.6855354 1.5082461 1.3282276 1.5569806 1.6326315 1.6978222 1.6949351 1.3839382 1.6121621 1.7196027 1.6132398 1.4242202 1.9470025 1.4576780 1.8782339 1.8398412 1.6573529 1.9431899 1.9666360 2.2365028 1.9479888 1.2083601 1.5366581 2.2172210 2.2221295 2.4695834 3.8622280 1.6985747 1.7072057 2.5564930 2.3577616 2.4873307 2.2850826 0.8373986 
Gasp_gasp1.m3.12531.m1                                       1.2110766 1.4263085 1.4839562 1.3897913 0.9804939 1.3233750 0.2386344 0.2342600 0.1419787 0.0000000 0.1311227 0.1543861 0.1505078 0.2345578 0.2643245 0.3424031 0.3422613 0.3516229 0.4622412 0.5132146 0.7628669 0.8392080 1.0498489 0.9189965 0.9786308 1.0311427 0.8770193 1.0788369 0.9841947 0.9765802 0.8198580 1.1040793 1.1037710 1.1853115 0.9509387 1.1271479 0.8218185 0.8198720 0.9501497 1.0314782 1.0314179 1.2246859 1.2246859 1.5961264 1.4943449 2.7723011 1.5456017 1.6749707 1.6498615 1.4747697 1.3263284 1.5568953 1.6328412 1.6621792 1.7225379 1.4411067 1.6892418 1.6744986 1.6319780 1.3728426 1.8924913 1.5018880 1.8622629 1.8037082 1.7024007 1.9432679 1.9202053 2.1596126 1.9837752 1.2684401 1.5660995 2.2479461 2.2272453 2.4319315 3.7431583 1.7283723 1.8053194 2.4620836 2.3361290 2.4277092 2.1888410 0.8681977 
Gasp_gasp1.m3.30424.m1                                       1.0550171 1.0969171 1.1216275 1.1340507 1.0887401 1.0987401 0.1977548 0.1977548 0.1377734 0.1311227 0.0000000 0.1570261 0.1582577 0.1811222 0.1783627 0.2573194 0.3095606 0.2980298 0.4140609 0.4322267 0.6055122 0.7124741 0.7061156 0.6819730 0.6439360 0.7579883 0.7895725 0.7372777 0.7925105 0.6070191 0.7140128 0.7032952 0.7787597 0.8412408 0.7774430 0.8684218 0.6926011 0.6926011 0.7151209 0.6620708 0.6472372 0.9279988 0.9279988 1.2503800 1.1881624 1.9894389 1.2168491 1.3076901 1.1511965 1.1967381 1.1276921 1.3213941 1.3980252 1.3707290 1.3715084 1.0898443 1.2626801 1.3983142 1.3327687 1.3283406 1.4753609 1.4268516 1.4018436 1.4272508 1.3909425 1.4073267 1.6774127 1.6774127 1.7120420 1.5164054 1.7526619 1.8868604 2.1860524 2.3313139 4.0782202 1.2812233 1.6143832 2.4442045 2.2882963 2.2935717 2.1980283 2.8160965 
Spis_XP_022785733_1                                          1.1249485 1.3165252 1.3763619 1.3339491 0.9392484 1.2234950 0.2681915 0.2585030 0.1595159 0.1543861 0.1570261 0.0000000 0.0608810 0.2158757 0.2676686 0.2708466 0.2820174 0.2859936 0.4410900 0.5047161 0.7807597 0.8627584 1.0445050 0.9487337 0.9340115 1.0220393 0.8625873 1.0382644 0.9589323 0.8916438 0.8343893 1.0893284 1.0374646 1.1362549 0.9275478 1.0775100 0.8266697 0.8245012 0.9474558 0.9557214 1.0172308 1.2603695 1.2603695 1.6381117 1.5565077 2.4798171 1.5019693 1.6681308 1.6822987 1.4702702 1.3949707 1.5526273 1.6411950 1.6947032 1.7758984 1.4273782 1.6701106 1.6972390 1.6393291 1.3563543 1.8926024 1.4896066 1.8758630 1.7929883 1.6660702 1.9658677 1.9454684 2.2114493 2.0406351 1.2019309 1.5160500 2.1540467 2.3307870 2.5183264 3.7667300 1.6997002 1.7355376 2.3312387 2.2871216 2.3177733 2.1205857 0.8279219 
Pocdam_XM_027197398.1                                        1.0953793 1.3227722 1.3860682 1.3213223 0.9488502 1.2266846 0.2624747 0.2495141 0.1506463 0.1505078 0.1582577 0.0608810 0.0000000 0.2067164 0.2510708 0.2802511 0.2768556 0.2810875 0.4365267 0.4831138 0.8009817 0.8670157 1.0607475 0.9500140 0.9283652 1.0366851 0.8693283 1.0278510 0.9676247 0.9061477 0.8455644 1.0580258 1.0382516 1.1321752 0.9245171 1.0702339 0.8199586 0.8102596 0.9352870 0.9918165 1.0327034 1.2417099 1.2417099 1.6275854 1.5484690 2.4459499 1.5072550 1.6865630 1.6975683 1.4702925 1.4101692 1.4985184 1.6242263 1.6577147 1.8018950 1.3743403 1.6277557 1.6680389 1.6736337 1.3671161 1.9161350 1.4990978 1.8660931 1.7743985 1.6501038 1.9307760 1.9581679 2.1789398 2.0536757 1.1866260 1.4910482 2.1088985 2.2201468 2.3996557 3.8389062 1.7794183 1.6878628 2.4001516 2.3515553 2.3811381 2.1852568 0.7933038 
Fspp_ffun1.m4.15379.m1                                       1.1519594 1.2721072 1.3089988 1.2282507 1.0367379 1.2491230 0.2667942 0.2662721 0.2332644 0.2345578 0.1811222 0.2158757 0.2067164 0.0000000 0.2761279 0.3505826 0.3218889 0.3348635 0.6216407 0.6362208 0.8895938 0.9216181 0.9458595 0.9087994 0.8630186 0.9967205 0.9046061 1.0132422 0.9931277 0.8792919 0.7996926 1.0709280 1.0294857 1.0235959 0.9707822 1.0251098 0.8657798 0.8725288 0.9912005 0.9675343 1.0574018 1.1436855 1.1436855 1.5757553 1.3982205 2.9050918 1.4551198 1.6452174 1.7828643 1.5254103 1.3626201 1.5301720 1.5832209 1.6538305 1.7425463 1.3626347 1.6828351 1.7730873 1.6724492 1.4608211 1.8734820 1.4776439 1.8066438 1.8224758 1.6601806 1.8069655 1.9772251 2.0684028 2.0342877 1.1821863 1.4731742 1.9753154 2.1407738 2.3370178 3.8940230 1.5136407 1.5772261 2.4943252 2.4201967 2.3626180 2.2965077 0.9266661 
Fspp_ffun1.m4.19728.m1                                       1.2329251 1.3752653 1.3996674 1.3281818 1.1087690 1.3650146 0.2635305 0.3455586 0.3007211 0.2643245 0.1783627 0.2676686 0.2510708 0.2761279 0.0000000 0.3557875 0.2787503 0.3702161 0.6712755 0.6958927 0.9710686 1.0342322 1.0508617 0.9989548 0.9586747 1.1529815 1.0017018 1.0390407 1.0775415 0.9663799 0.9072898 1.0885464 1.0696935 1.1034606 1.1019606 1.1864193 0.9434888 0.9434888 1.0614222 1.0006673 1.0057032 1.2183352 1.2183352 1.6365319 1.3718406 2.9306975 1.4220688 1.6222325 1.4962920 1.4153857 1.4707277 1.5233229 1.6498742 1.7234681 1.7783558 1.4326196 1.7188782 1.7243401 1.6980568 1.5614878 1.9205602 1.6562831 1.8244528 1.7577397 1.6766211 1.9776117 2.0891148 2.2704734 2.0774989 2.3216115 2.1687320 2.2855707 2.4619948 2.6451667 4.7504892 1.5870908 1.9821902 3.1568980 2.8631585 2.8841533 2.7484772 3.7547827 
Pocdam_XM_027197420.1                                        1.2415744 1.3864182 1.4025607 1.3283857 1.1858261 1.3709925 0.3541825 0.4060474 0.3507394 0.3424031 0.2573194 0.2708466 0.2802511 0.3505826 0.3557875 0.0000000 0.1196349 0.1109235 0.7054097 0.6529819 0.8547627 0.9632990 0.9867886 0.9589834 0.9033227 1.0283650 1.0255983 1.0553442 1.0416594 0.9460457 1.0428109 1.0947091 0.9700635 0.9885026 1.0038558 1.1051373 0.8287688 0.8687986 0.9636247 0.9435069 0.9605767 1.1011413 1.1011413 1.6032392 1.3804895 2.2632493 1.5281454 1.6444620 1.6887847 1.4899427 1.4272793 1.5792524 1.6402241 1.6705288 1.6968269 1.4786639 1.6618568 1.7455380 1.6239740 1.4397895 1.8258469 1.6444760 1.7692652 1.7940071 1.6602938 1.8363363 1.8761775 1.9215946 2.0814038 1.5529942 1.7957640 2.1702873 2.2121218 2.4660008 3.7472648 1.5946228 1.7561879 2.4523944 2.3465383 2.3783073 2.2516306 1.3791453 
Spis_XP_022795752_1                                          1.4066509 1.5374503 1.5617868 1.4227807 1.3136348 1.5209374 0.3950351 0.3950351 0.3428656 0.3422613 0.3095606 0.2820174 0.2768556 0.3218889 0.2787503 0.1196349 0.0000000 0.0868876 0.7604122 0.6927635 0.9864675 1.0661118 1.0917120 1.0387951 1.0189232 1.2141211 1.0446938 1.0674409 1.0313954 0.9929034 1.0444110 1.1307402 1.0933124 1.0078730 1.0332743 1.1678587 0.8849103 0.8849103 0.9969504 0.9308976 0.9889343 1.1061288 1.1061288 1.7137172 1.4894275 2.0446284 1.4380229 1.6013763 1.5206135 1.5944432 1.5217876 1.7193574 1.7787546 1.8307717 1.7433176 1.6221407 1.6064870 1.7757689 1.7767100 1.4121544 1.7850295 1.5709876 1.6944072 1.6594793 1.6043873 1.9044890 1.8431080 1.9395218 1.9005189 9.0000000 2.4968091 2.3368673 2.3193656 2.7237172 4.5360577 1.6096554 1.7544233 2.6074340 2.4929489 2.5014898 2.3149043 2.4769213 
Spis_XP_022795760_1                                          1.2696632 1.4266618 1.4269426 1.3446903 1.2284690 1.3926323 0.3704117 0.4087469 0.3604391 0.3516229 0.2980298 0.2859936 0.2810875 0.3348635 0.3702161 0.1109235 0.0868876 0.0000000 0.7130836 0.6822242 0.8596826 0.9464546 1.0244567 0.9819994 0.9090833 1.0896660 1.0001715 1.0483980 1.0001601 0.9447821 1.0327081 1.1203080 1.0421023 1.0187408 1.0145625 1.1459565 0.8441526 0.8899672 0.9686647 0.9384365 0.9865299 1.0899082 1.0899082 1.6649104 1.4649439 2.2790217 1.5555620 1.6905803 1.8332368 1.6092080 1.4787965 1.6005153 1.6777741 1.6708022 1.7252901 1.4304247 1.6970124 1.8138308 1.7203123 1.3927238 1.8080628 1.5337485 1.7177583 1.6816278 1.5748290 1.8306926 1.8327702 1.8919997 2.0217318 1.3456066 1.6734223 2.1139905 2.2484660 2.5057928 3.7390069 1.6608722 1.7539030 2.4881831 2.4164813 2.4080170 2.3068947 1.3798743 
Nvec_v1g80242                                                1.1736891 1.3794910 1.4727035 1.3313654 0.9604070 1.2364871 0.5949529 0.5566675 0.4778315 0.4622412 0.4140609 0.4410900 0.4365267 0.6216407 0.6712755 0.7054097 0.7604122 0.7130836 0.0000000 0.3418319 0.7424206 0.7926890 1.1543944 0.9914373 0.9105150 1.1168402 0.9206383 1.1526343 1.1048383 1.1373127 0.9134761 1.1285296 1.1110675 1.2688507 0.9957057 1.0721894 0.9045208 0.8727063 0.9641732 0.9591112 1.0000113 1.3106215 1.3106215 1.5096977 1.5326261 2.5703425 1.5352507 1.5949611 1.6360247 1.3972322 1.4049310 1.4525707 1.5739171 1.5797935 1.6689425 1.3464530 1.4754025 1.6114527 1.6406767 1.4276692 1.8261576 1.5215214 1.7002328 1.6365808 1.6707634 1.8579697 1.8053581 2.0766666 1.8904776 1.0581136 1.3241187 2.1207911 2.1817105 2.2922281 3.7741830 1.8698005 1.7564141 2.6138238 2.4030235 2.4993885 2.4352953 1.0318057 
Exapal_XM_021048531.2                                        1.2227118 1.4464977 1.5108593 1.3662200 0.9753283 1.3265494 0.6400776 0.5926714 0.5037412 0.5132146 0.4322267 0.5047161 0.4831138 0.6362208 0.6958927 0.6529819 0.6927635 0.6822242 0.3418319 0.0000000 0.7881314 0.8113668 1.1180284 0.9662124 0.9797400 1.1823552 0.9710554 1.1699181 1.0625367 1.0162614 0.8352261 1.0498405 1.1084572 1.2577083 1.0324960 1.1549984 0.9557946 0.9389378 1.0334125 1.1181102 1.0240422 1.3076818 1.3076818 1.5291526 1.6254779 2.9857344 1.5488250 1.6350972 1.7415172 1.5167647 1.4154326 1.6209351 1.7107255 1.7612944 1.7722212 1.4023231 1.6733435 1.7521606 1.7006651 1.4873391 1.8579774 1.4870594 1.8598299 1.7311356 1.6789699 2.0044904 1.7578422 2.0659885 1.8668981 1.1836833 1.5734538 2.2694627 2.4270105 2.4046025 3.9436017 1.8076065 1.8392224 2.5321973 2.4743519 2.4305627 2.4278324 1.0783106 
Dgig_XM_028541847.1                                          1.0956012 1.3756489 1.3534426 1.2755069 1.0285608 1.2823061 0.8643496 0.8207061 0.7977808 0.7628669 0.6055122 0.7807597 0.8009817 0.8895938 0.9710686 0.8547627 0.9864675 0.8596826 0.7424206 0.7881314 0.0000000 0.2962315 1.1273734 0.9474998 1.0009174 1.0650574 0.8969986 1.0088568 0.9727732 1.0170640 0.8927041 1.0526770 1.1343456 1.1377134 0.8886281 1.0321872 0.8958936 0.8523685 0.8729872 0.8987594 0.9108675 1.0871431 1.0871431 1.5226244 1.5585419 2.8938264 1.5193236 1.6142039 1.7413302 1.4839636 1.3546578 1.6610536 1.6527047 1.6865000 1.7365012 1.3934004 1.6518430 1.6793194 1.5691457 1.6832624 1.9185522 1.6646087 1.8732344 1.8915342 1.7541209 1.8560619 1.9505304 2.2312895 2.1015585 1.0484209 1.4764373 2.1725562 2.1428670 2.3345092 3.4087797 1.7676937 1.9298049 2.6724738 2.5226120 2.5185833 2.6279024 1.2592725 
Xesp_015993-T1                                               1.1134073 1.3441264 1.3150632 1.2674604 0.9923595 1.2036031 0.9692290 0.9133947 0.8695474 0.8392080 0.7124741 0.8627584 0.8670157 0.9216181 1.0342322 0.9632990 1.0661118 0.9464546 0.7926890 0.8113668 0.2962315 0.0000000 1.2019952 1.0159380 1.0620667 1.0396982 0.8714681 1.0304457 0.9820550 1.1115936 0.8547151 1.0436411 1.2284240 1.2177644 0.9770567 1.1270900 0.9188175 0.8965800 0.9134691 0.9097814 0.9704512 1.1051890 1.1051890 1.4509591 1.5093248 2.3212496 1.4226324 1.4761515 1.5260150 1.3434437 1.2762103 1.5506709 1.5400271 1.5112441 1.6338397 1.3893193 1.5898268 1.6790958 1.6098499 1.6765467 1.8177986 1.5855141 1.7359869 1.7782955 1.6463034 1.7471512 1.8992113 2.1020418 1.8989047 1.0356673 1.4692729 2.1456921 2.0132694 2.3384823 3.2017728 1.7843714 1.9178780 2.6595917 2.5365024 2.6336275 2.7372674 1.2192062 
Bralan_BLAG06001159_2                                        1.2640387 1.3758790 1.4796376 1.4546956 1.0217019 1.3759544 1.1510894 1.0739738 1.0855091 1.0498489 0.7061156 1.0445050 1.0607475 0.9458595 1.0508617 0.9867886 1.0917120 1.0244567 1.1543944 1.1180284 1.1273734 1.2019952 0.0000000 0.5781343 0.5481078 0.7098701 0.7486059 0.7247497 0.7787064 0.5017538 0.6830901 0.6480888 0.6244976 0.7548366 1.3156503 1.3912133 1.1562592 1.1329140 1.2006748 1.2060892 1.3630082 1.2119260 1.2119260 1.6655178 1.6760108 3.1125319 1.4695780 1.6433293 1.8183108 1.4229270 1.4132079 1.5804792 1.5560397 1.6549761 1.8108165 1.4703425 1.5823445 1.6078504 1.5495164 1.7096458 1.9429454 1.6915485 1.9731140 1.9996896 1.9120588 2.1588604 2.1723067 2.6364042 2.2458847 1.1390502 1.5122187 2.4300146 2.4298647 2.5080699 4.0701195 2.1320429 1.8407705 2.5350122 2.7038969 2.3835838 2.4481878 1.2474901 
Ctel_gnl_WGS_AMQN_CAPTEDRAFT_mRNA154485                      1.0818540 1.3070680 1.3048240 1.2975840 0.9429069 1.2259848 1.0983802 1.0370100 0.9630834 0.9189965 0.6819730 0.9487337 0.9500140 0.9087994 0.9989548 0.9589834 1.0387951 0.9819994 0.9914373 0.9662124 0.9474998 1.0159380 0.5781343 0.0000000 0.4448091 0.6137493 0.6121817 0.6523871 0.6360643 0.5543284 0.6013103 0.6583850 0.6835773 0.7881096 1.2004544 1.3160530 0.9613030 0.9831696 1.0815064 1.1536809 1.2398136 1.0937049 1.0937049 1.5717700 1.5698007 2.8852093 1.2529467 1.3983995 1.6422475 1.3657905 1.3068811 1.5603805 1.5475429 1.6548446 1.8810302 1.3471155 1.5855740 1.7237791 1.6527480 1.5768925 1.8301816 1.5987495 1.7975808 1.7191949 1.7720235 2.0133427 1.7822744 2.0920998 1.9127538 1.2772648 1.6931048 2.2526670 2.1582868 2.4990862 3.8741834 1.9007785 2.0079986 2.7322211 2.5753699 2.5896430 2.7800722 1.1936429 
Acagra_model.g10287.t1                                       1.1908966 1.3544531 1.4242759 1.3781074 1.0259287 1.3246148 1.0749787 1.0251756 0.9889461 0.9786308 0.6439360 0.9340115 0.9283652 0.8630186 0.9586747 0.9033227 1.0189232 0.9090833 0.9105150 0.9797400 1.0009174 1.0620667 0.5481078 0.4448091 0.0000000 0.4579337 0.6283622 0.6570595 0.6192409 0.5388052 0.6347078 0.7825886 0.6952165 0.8244449 1.2976435 1.4282142 0.9496943 0.9722932 1.0627401 1.1331466 1.3083353 1.1140361 1.1140361 1.5538842 1.4752950 3.1876216 1.4185127 1.5505431 1.7479771 1.3834907 1.3495833 1.4872762 1.5609624 1.6599260 1.7366058 1.4405054 1.4466434 1.5389889 1.5083548 1.5066930 1.6715110 1.4972453 1.7699426 1.7412026 1.7279791 1.9884674 1.7388448 1.9232475 1.7768006 1.1649715 1.5039484 2.2951250 2.2502669 2.2811302 3.9266334 1.8902761 1.7544106 2.5996154 2.4269487 2.4341757 2.4862806 1.4210535 
Cgig_XM_034446337.1                                          1.3072871 1.5009646 1.5708191 1.4803376 1.0898920 1.4723358 1.1787144 1.1103700 1.0809514 1.0311427 0.7579883 1.0220393 1.0366851 0.9967205 1.1529815 1.0283650 1.2141211 1.0896660 1.1168402 1.1823552 1.0650574 1.0396982 0.7098701 0.6137493 0.4579337 0.0000000 0.6191320 0.7190043 0.6711701 0.6186913 0.5851329 0.8690952 0.8245222 0.8256916 1.2766569 1.3598708 1.0969280 1.1105471 1.2037227 1.2728960 1.3141882 1.0147272 1.0147272 1.7341925 1.5932226 2.9747076 1.3667845 1.4887705 1.5520441 1.3341436 1.4925131 1.3581349 1.3817865 1.4287233 1.6111997 1.3613305 1.5209481 1.5527151 1.5057976 1.4734855 1.7994241 1.5445363 1.7461903 1.7506964 1.7289219 1.9154681 1.8915553 2.0619470 1.7358006 1.0905115 1.5214478 2.3167111 2.2214809 2.2645438 3.6476178 1.9124098 1.5804069 2.6512101 2.5365410 2.5004339 2.5681574 1.4190928 
Cscu_XM_023381139.1                                          1.1639172 1.2247836 1.1780818 1.1348389 1.0040550 1.1687296 0.9833105 0.9532178 0.9136999 0.8770193 0.7895725 0.8625873 0.8693283 0.9046061 1.0017018 1.0255983 1.0446938 1.0001715 0.9206383 0.9710554 0.8969986 0.8714681 0.7486059 0.6121817 0.6283622 0.6191320 0.0000000 0.3595410 0.5090613 0.5878548 0.5703659 0.7293364 0.7677161 0.7784958 0.9639977 1.0288324 0.8247325 0.8685526 0.8795851 0.9817889 1.0274896 1.0715860 1.0715860 1.4753077 1.2768244 2.5270104 1.2707344 1.5238828 1.6206064 1.2141645 1.1859758 1.3481036 1.3610390 1.4973320 1.5534192 1.3040314 1.4454947 1.5263072 1.5879610 1.4526604 1.5956764 1.4460041 1.6422376 1.5789144 1.5294575 1.6729177 1.7271933 1.7155791 1.7340647 1.0724475 1.5919145 2.0044586 1.9467987 2.3658399 3.5619734 1.6403005 1.8157244 2.7246079 2.4993240 2.3805592 2.6525446 1.2994552 
Cscu_XM_023386194.1                                          1.2060588 1.4086620 1.4298984 1.3531149 0.9818687 1.2820706 1.2192128 1.1439937 1.0801981 1.0788369 0.7372777 1.0382644 1.0278510 1.0132422 1.0390407 1.0553442 1.0674409 1.0483980 1.1526343 1.1699181 1.0088568 1.0304457 0.7247497 0.6523871 0.6570595 0.7190043 0.3595410 0.0000000 0.5810504 0.6757441 0.5567702 0.8296409 0.7864872 0.9136078 1.2160190 1.2510989 0.9700185 0.9794744 1.0915521 1.2311350 1.3071631 1.2324717 1.2324717 1.7207221 1.5876668 3.4401835 1.4895050 1.7261463 1.7973363 1.4199475 1.3719638 1.4676791 1.5393643 1.6068117 1.7563207 1.5751372 1.6520722 1.7428962 1.6845346 1.5178134 1.8546133 1.6101301 1.8629692 1.7465541 1.6810213 2.0964571 1.9653153 2.0664060 1.8668127 1.1503301 1.6761143 2.4979367 2.4052599 2.6569309 4.1915004 2.1192744 1.7160454 2.8963945 2.7458119 2.6979814 2.7748501 1.3784698 
Tcas_TC001620_001                                            1.2757356 1.4015861 1.3778313 1.3445620 1.1206890 1.4130358 1.0864553 0.9968131 0.9325798 0.9841947 0.7925105 0.9589323 0.9676247 0.9931277 1.0775415 1.0416594 1.0313954 1.0001601 1.1048383 1.0625367 0.9727732 0.9820550 0.7787064 0.6360643 0.6192409 0.6711701 0.5090613 0.5810504 0.0000000 0.6192388 0.5472130 0.7458364 0.8930247 0.9119619 1.0826788 1.1512235 0.9354595 0.9410648 1.0442260 1.0963959 1.1292190 0.9732443 0.9732443 1.6283179 1.5847789 2.8112512 1.3263623 1.6004518 1.6613660 1.3128011 1.3804043 1.5031058 1.4718695 1.6073364 1.8094039 1.5500785 1.4846982 1.5263461 1.5176529 1.5260562 1.7273565 1.5838141 1.8201046 1.7318935 1.6910640 1.9114403 1.8417050 1.9814929 1.8958851 1.1883366 1.6445868 2.1991464 2.1153942 2.5470520 3.6133390 1.6574903 1.8163321 2.5107219 2.4859901 2.3806679 2.4946708 1.2136424 
Skow_XM_006819684.1                                          1.2124040 1.3538150 1.3956243 1.3883848 0.9642481 1.2919428 1.0411254 1.0000091 0.9672032 0.9765802 0.6070191 0.8916438 0.9061477 0.8792919 0.9663799 0.9460457 0.9929034 0.9447821 1.1373127 1.0162614 1.0170640 1.1115936 0.5017538 0.5543284 0.5388052 0.6186913 0.5878548 0.6757441 0.6192388 0.0000000 0.5977983 0.5102288 0.7271728 0.8026873 1.1477632 1.3179756 0.9795350 1.0023702 1.1296612 1.1637387 1.2008739 1.1368723 1.1368723 1.7320148 1.6377489 3.1836117 1.4508221 1.6182590 1.7309770 1.5185622 1.4454719 1.5516947 1.4951293 1.5507490 1.7898297 1.3510743 1.6368716 1.7693195 1.7134476 1.6416895 1.8754451 1.6716536 1.8381476 1.8095711 1.7718639 1.9864437 1.9309524 2.1806956 1.9188721 1.1710069 1.6664367 2.3611683 2.3201496 2.5347024 4.1025905 2.0249069 1.9214659 2.7164669 2.8386485 2.4442047 2.5134169 1.2650159 
Dpul_mRNA27783                                               1.2263639 1.2251283 1.2389181 1.1894587 1.0743504 1.2324838 0.8937939 0.8702494 0.8112783 0.8198580 0.7140128 0.8343893 0.8455644 0.7996926 0.9072898 1.0428109 1.0444110 1.0327081 0.9134761 0.8352261 0.8927041 0.8547151 0.6830901 0.6013103 0.6347078 0.5851329 0.5703659 0.5567702 0.5472130 0.5977983 0.0000000 0.6688720 0.8051634 0.8033779 1.1480242 1.1878594 0.9688358 0.9805489 0.9613600 1.0754678 1.0298597 0.9545666 0.9545666 1.5871360 1.4996291 2.0747057 1.2441761 1.4459498 1.5702719 1.1786955 1.2597169 1.4204827 1.3978777 1.5178574 1.6396505 1.2036928 1.5384123 1.5999886 1.5668243 1.5206700 1.5364174 1.4526566 1.5245896 1.5144719 1.4772487 1.5986219 1.6888196 1.6842762 1.6413838 1.1747470 1.7454938 2.0617877 2.0491085 2.3785726 4.0397098 1.5101268 1.9404901 2.5887427 2.4818725 2.2884241 2.6444089 1.2099030 
Spur_XM_030980310.1                                          1.2097258 1.3189232 1.3613083 1.3060402 0.9232624 1.3190180 1.2733119 1.1700748 1.1299311 1.1040793 0.7032952 1.0893284 1.0580258 1.0709280 1.0885464 1.0947091 1.1307402 1.1203080 1.1285296 1.0498405 1.0526770 1.0436411 0.6480888 0.6583850 0.7825886 0.8690952 0.7293364 0.8296409 0.7458364 0.5102288 0.6688720 0.0000000 0.7991956 0.9013137 1.2922949 1.4261329 1.0600307 1.0673612 1.2272507 1.2520839 1.2324082 1.1872053 1.1872053 1.8687285 1.7171779 4.2161828 1.5946241 1.8066757 1.8408571 1.5742751 1.6701370 1.6982384 1.6417309 1.6488364 1.8348280 1.3915657 1.4932579 1.6182580 1.6010367 1.6454936 2.0706452 1.6876912 2.0714782 2.0824898 2.0694680 2.2017556 2.0342517 2.4598991 1.9629477 1.0431671 1.3484137 2.2894394 2.2848534 2.5295665 4.2193286 2.0176377 1.6994039 2.7801563 2.6599156 2.4978940 2.5574984 1.2737865 
Hsap_ENST00000614314                                         1.2993585 1.3867052 1.4534213 1.4743845 1.1112487 1.3934080 1.2002253 1.1444392 1.0987569 1.1037710 0.7787597 1.0374646 1.0382516 1.0294857 1.0696935 0.9700635 1.0933124 1.0421023 1.1110675 1.1084572 1.1343456 1.2284240 0.6244976 0.6835773 0.6952165 0.8245222 0.7677161 0.7864872 0.8930247 0.7271728 0.8051634 0.7991956 0.0000000 0.6230147 1.2283122 1.3867806 1.0745737 1.0733962 1.1383917 1.3068607 1.2321345 1.1625627 1.1625627 1.6620728 1.6970708 2.8383182 1.5246535 1.6088115 1.6299292 1.3913025 1.4242032 1.4503381 1.4270788 1.6254611 1.8287942 1.4415557 1.6214597 1.6587176 1.5646395 1.6888721 1.8690030 1.6365040 1.8803595 1.7876410 1.7904153 2.0242811 1.9459407 2.2635410 1.9924056 1.0819160 1.5004432 2.3151691 2.3446568 2.3986569 4.0792169 1.8743625 1.8890382 2.8617281 2.8414039 2.6304531 2.6284347 1.5611554 
Hsap_ENST00000353617                                         1.3216938 1.4854638 1.5043295 1.5590405 1.0709078 1.4642009 1.3561454 1.2697876 1.1977827 1.1853115 0.8412408 1.1362549 1.1321752 1.0235959 1.1034606 0.9885026 1.0078730 1.0187408 1.2688507 1.2577083 1.1377134 1.2177644 0.7548366 0.7881096 0.8244449 0.8256916 0.7784958 0.9136078 0.9119619 0.8026873 0.8033779 0.9013137 0.6230147 0.0000000 1.3823725 1.4332907 1.1169880 1.0790404 1.2044552 1.2412608 1.3075654 1.1947669 1.1947669 1.6624684 2.0197078 3.1304310 1.5362825 1.6155724 1.9267929 1.5755177 1.4930137 1.5935455 1.5732363 1.7198734 1.8477578 1.5039198 1.6654958 1.7153870 1.6377232 1.6786348 1.8570662 1.6070890 2.0875866 1.9250623 1.9325521 1.9947495 1.9812998 2.3202538 1.9952113 1.0700897 1.4392005 2.2182976 2.2392541 2.2320095 3.8392303 1.7598435 1.7221051 2.7389976 2.4709796 2.4590179 2.5862561 1.6282229 
Hvul_g30424_1                                                1.2571511 1.4990785 1.5246139 1.5003963 1.0738068 1.3525952 1.0138493 0.9889215 0.9575718 0.9509387 0.7774430 0.9275478 0.9245171 0.9707822 1.1019606 1.0038558 1.0332743 1.0145625 0.9957057 1.0324960 0.8886281 0.9770567 1.3156503 1.2004544 1.2976435 1.2766569 0.9639977 1.2160190 1.0826788 1.1477632 1.1480242 1.2922949 1.2283122 1.3823725 0.0000000 0.3511991 0.6375317 0.5706207 0.6464826 0.7040759 0.8494754 1.2670449 1.2670449 1.7302742 1.6672420 3.3823250 1.7698026 1.8560589 1.8375868 1.6848628 1.5448888 1.7073473 1.7915158 1.7633224 1.8826894 1.5717841 1.7946041 1.8264540 1.7410587 1.5553758 1.9144304 1.5101537 1.7394749 1.6867881 1.6872373 1.8760011 1.9194947 2.2246280 1.8542437 1.1607698 1.6144435 2.2936473 2.4725251 2.7156149 3.5625853 2.0838882 1.7588425 2.7419633 2.6060223 2.5386505 2.7488733 1.2845984 
Chem_TCONS_00004007                                          1.2667804 1.4833881 1.4930378 1.4169447 1.0178886 1.3559637 1.2317507 1.1539182 1.1188180 1.1271479 0.8684218 1.0775100 1.0702339 1.0251098 1.1864193 1.1051373 1.1678587 1.1459565 1.0721894 1.1549984 1.0321872 1.1270900 1.3912133 1.3160530 1.4282142 1.3598708 1.0288324 1.2510989 1.1512235 1.3179756 1.1878594 1.4261329 1.3867806 1.4332907 0.3511991 0.0000000 0.7183881 0.6466875 0.7236505 0.8071683 0.9271162 1.2940473 1.2940473 1.7268912 1.9185629 3.3354747 1.7684918 1.8527374 2.0133147 1.6429061 1.5949494 1.8897509 1.8464718 1.9399513 1.9923937 1.7988692 1.7031402 1.8321652 1.6528428 1.4314276 1.9322244 1.5324234 1.8227059 1.7440114 1.7937114 1.9432634 1.8780823 2.1767897 1.8457728 1.1793698 1.4469463 2.3334565 2.4717937 2.6866932 3.5301067 1.8753571 1.7373697 2.6963990 2.6646298 2.6213793 2.7850517 1.3904626 
Nemnom_g7421.t1                                              1.1824465 1.3340990 1.3397639 1.2195958 1.0403384 1.3099612 0.9394679 0.8831924 0.8324008 0.8218185 0.6926011 0.8266697 0.8199586 0.8657798 0.9434888 0.8287688 0.8849103 0.8441526 0.9045208 0.9557946 0.8958936 0.9188175 1.1562592 0.9613030 0.9496943 1.0969280 0.8247325 0.9700185 0.9354595 0.9795350 0.9688358 1.0600307 1.0745737 1.1169880 0.6375317 0.7183881 0.0000000 0.0114302 0.1467445 0.3140549 0.6364019 1.0673779 1.0673779 1.4739508 1.3746995 2.3806788 1.2582812 1.3633046 1.3832801 1.2828135 1.2372486 1.5565870 1.5579138 1.6158058 1.7084697 1.4455654 1.7053960 1.7534211 1.7777423 1.3921118 1.6616588 1.3768776 1.6978487 1.6222596 1.7781613 1.7215127 1.7524692 1.7996353 1.6913030 1.0334013 1.6348595 2.3138019 2.1993826 2.5520810 3.6835777 1.6969293 1.4352873 2.8715916 2.7888718 2.7563942 2.4427034 1.3102763 
Nemnom_g15714.t1                                             1.2215186 1.3720633 1.3762583 1.2553498 1.0796035 1.3456780 0.9514991 0.8702928 0.8314906 0.8198720 0.6926011 0.8245012 0.8102596 0.8725288 0.9434888 0.8687986 0.8849103 0.8899672 0.8727063 0.9389378 0.8523685 0.8965800 1.1329140 0.9831696 0.9722932 1.1105471 0.8685526 0.9794744 0.9410648 1.0023702 0.9805489 1.0673612 1.0733962 1.0790404 0.5706207 0.6466875 0.0114302 0.0000000 0.1193756 0.3174534 0.6596458 1.0725055 1.0725055 1.5202631 1.3746995 2.3806788 1.3622373 1.4774803 1.5625130 1.3875553 1.3009791 1.6347513 1.6519826 1.6893593 1.7773320 1.5449193 1.7549839 1.7870969 1.7984006 1.3929027 1.6258895 1.3998678 1.6691183 1.6328922 1.7444467 1.6837949 1.7162107 1.8084542 1.7877863 1.0669482 1.4803273 2.2109782 2.1322118 2.4267612 3.2862040 1.6991809 1.7200891 2.7208626 2.7708205 2.7331732 2.5175503 1.1801733 
Rhoesc_Res_000632-T1                                         1.3626827 1.5858296 1.6442004 1.5786383 1.1165113 1.4922923 1.1391928 1.0358811 0.9549639 0.9501497 0.7151209 0.9474558 0.9352870 0.9912005 1.0614222 0.9636247 0.9969504 0.9686647 0.9641732 1.0334125 0.8729872 0.9134691 1.2006748 1.0815064 1.0627401 1.2037227 0.8795851 1.0915521 1.0442260 1.1296612 0.9613600 1.2272507 1.1383917 1.2044552 0.6464826 0.7236505 0.1467445 0.1193756 0.0000000 0.3859093 0.7063017 1.2477891 1.2477891 1.6133721 1.5969763 2.6686342 1.5325604 1.6310600 1.6799809 1.5213488 1.4621640 1.8471485 1.8830333 1.8399949 1.9255683 1.6426878 1.9263092 1.9330164 1.8303821 1.4169058 1.7661204 1.4430293 1.8105537 1.7183650 1.8121272 1.9532591 1.8587758 2.0283809 1.7825205 1.0571507 1.5261928 2.4116602 2.2603392 2.5924216 3.6259093 1.9142006 1.7287006 2.7362764 2.7357149 2.6470020 2.4267932 1.2520626 
Sanmal_Sma_011071-T1                                         1.3615342 1.5872277 1.5929980 1.5948501 1.1139135 1.5027021 1.0587579 1.0301541 0.9980594 1.0314782 0.6620708 0.9557214 0.9918165 0.9675343 1.0006673 0.9435069 0.9308976 0.9384365 0.9591112 1.1181102 0.8987594 0.9097814 1.2060892 1.1536809 1.1331466 1.2728960 0.9817889 1.2311350 1.0963959 1.1637387 1.0754678 1.2520839 1.3068607 1.2412608 0.7040759 0.8071683 0.3140549 0.3174534 0.3859093 0.0000000 0.7312747 1.2393256 1.2393256 1.6814385 1.7246849 2.9041256 1.6701575 1.7756130 1.7950247 1.6094140 1.5372643 1.9317084 1.9317499 1.9998899 2.0682047 1.6326742 1.9754981 2.0679747 2.0335979 1.5266247 2.0594251 1.5550190 1.9240911 1.9957641 1.8263741 2.1089959 2.1329689 2.2655845 2.0727684 1.5553179 1.8765472 2.5927647 2.4432846 2.6480512 3.7241434 2.1472179 1.9522859 3.2961976 3.1491595 2.9863175 2.8915441 1.4188769 
Morvir_scaffold193.g26.t1                                    1.3526074 1.5907070 1.5322087 1.6011235 1.0849509 1.4877760 1.0522130 1.0680254 1.0283224 1.0314179 0.6472372 1.0172308 1.0327034 1.0574018 1.0057032 0.9605767 0.9889343 0.9865299 1.0000113 1.0240422 0.9108675 0.9704512 1.3630082 1.2398136 1.3083353 1.3141882 1.0274896 1.3071631 1.1292190 1.2008739 1.0298597 1.2324082 1.2321345 1.3075654 0.8494754 0.9271162 0.6364019 0.6596458 0.7063017 0.7312747 0.0000000 1.4119559 1.4119559 1.6092177 1.8552705 3.0458198 1.4916740 1.6981805 1.5926372 1.6133377 1.6270212 1.8098419 1.8122817 1.8606722 1.9163028 1.6156689 1.6757465 1.7519219 1.7000469 1.4994433 1.8181953 1.4900197 1.7759938 1.6723082 1.7621241 1.9799202 1.7487013 2.0426979 1.7977592 1.1983728 1.5819667 2.8257850 2.5193739 2.9492041 3.9927096 1.7884331 1.7491489 3.1334381 3.0970088 2.6314048 2.9425908 2.2923822 
Opea_EP00118_Oscarella_pearsei_P025834                       1.3430585 1.4894991 1.4808197 1.4727661 1.1911278 1.4344963 1.3912409 1.2808370 1.2212276 1.2246859 0.9279988 1.2603695 1.2417099 1.1436855 1.2183352 1.1011413 1.1061288 1.0899082 1.3106215 1.3076818 1.0871431 1.1051890 1.2119260 1.0937049 1.1140361 1.0147272 1.0715860 1.2324717 0.9732443 1.1368723 0.9545666 1.1872053 1.1625627 1.1947669 1.2670449 1.2940473 1.0673779 1.0725055 1.2477891 1.2393256 1.4119559 0.0000000 0.0000010 1.7467391 1.6398489 2.3847521 1.5118553 1.6031886 1.6228257 1.4922955 1.5538926 1.6705879 1.6905660 1.7437833 1.8220320 1.5194469 1.7719178 1.8176932 1.6444001 1.6215889 1.5074665 1.4830973 1.5717785 1.5780721 1.6281921 1.7338571 1.7367615 1.9937517 1.8362099 1.3869935 1.6660624 1.9262934 2.1432133 2.4673828 3.6387859 1.5391857 2.0368667 2.9748025 2.8706831 2.8312523 3.1187097 1.3886311 
Ocar_g5234                                                   1.3430585 1.4894991 1.4808197 1.4727661 1.1911278 1.4344963 1.3912409 1.2808370 1.2212276 1.2246859 0.9279988 1.2603695 1.2417099 1.1436855 1.2183352 1.1011413 1.1061288 1.0899082 1.3106215 1.3076818 1.0871431 1.1051890 1.2119260 1.0937049 1.1140361 1.0147272 1.0715860 1.2324717 0.9732443 1.1368723 0.9545666 1.1872053 1.1625627 1.1947669 1.2670449 1.2940473 1.0673779 1.0725055 1.2477891 1.2393256 1.4119559 0.0000010 0.0000000 1.7467391 1.6398489 2.3847521 1.5118553 1.6031886 1.6228257 1.4922955 1.5538926 1.6705879 1.6905660 1.7437833 1.8220320 1.5194469 1.7719178 1.8176932 1.6444001 1.6215889 1.5074665 1.4830973 1.5717785 1.5780721 1.6281921 1.7338571 1.7367615 1.9937517 1.8362099 1.3869935 1.6660624 1.9262934 2.1432133 2.4673828 3.6387859 1.5391857 2.0368667 2.9748025 2.8706831 2.8312523 3.1187097 1.3886311 
Aque_Aqu2.1.41811_001                                        1.7453159 1.8798480 1.9458612 1.9666887 1.4747477 1.8775050 1.7197282 1.6540055 1.5719171 1.5961264 1.2503800 1.6381117 1.6275854 1.5757553 1.6365319 1.6032392 1.7137172 1.6649104 1.5096977 1.5291526 1.5226244 1.4509591 1.6655178 1.5717700 1.5538842 1.7341925 1.4753077 1.7207221 1.6283179 1.7320148 1.5871360 1.8687285 1.6620728 1.6624684 1.7302742 1.7268912 1.4739508 1.5202631 1.6133721 1.6814385 1.6092177 1.7467391 1.7467391 0.0000000 0.7240064 2.1409254 1.1932904 1.3499870 1.4214412 1.1292904 1.3137069 1.9559695 1.9826169 1.9013526 2.0253958 1.8605417 2.0627220 2.0984654 1.8407316 2.2923640 2.4464499 2.0516667 2.4185211 2.3752474 2.5138562 2.5771978 2.3311662 2.6845159 2.4126044 1.8847505 2.3173911 2.5903669 2.6620406 2.9632702 3.7185140 2.1385944 2.2235504 3.0366754 2.9349573 2.6445783 2.8065706 2.3873498 
Xestes_maker-XT_scaffold21736-augustus-gene-0.5-mRNA-1       1.7361726 1.8598561 2.0032628 1.9156132 1.4356235 1.7143301 1.4987010 1.4987010 1.5057843 1.4943449 1.1881624 1.5565077 1.5484690 1.3982205 1.3718406 1.3804895 1.4894275 1.4649439 1.5326261 1.6254779 1.5585419 1.5093248 1.6760108 1.5698007 1.4752950 1.5932226 1.2768244 1.5876668 1.5847789 1.6377489 1.4996291 1.7171779 1.6970708 2.0197078 1.6672420 1.9185629 1.3746995 1.3746995 1.5969763 1.7246849 1.8552705 1.6398489 1.6398489 0.7240064 0.0000000 2.1042786 1.0747632 1.1204913 0.9140114 0.8739568 1.1137301 1.7593175 1.8981746 1.8001370 1.8913242 1.6425465 1.7217837 1.9877853 1.7684522 2.0287882 2.1827616 1.8208402 2.1362567 2.1687207 2.0827327 2.3780086 2.3998197 2.6409996 2.2806752 1.7113739 2.5171125 2.9858645 2.8297194 2.6861864 4.5942120 2.0472318 1.9952948 3.0751907 2.8924269 3.1132617 3.2857554 2.3507640 
