81
Lcom_lcpid61060                                          0.0000000 0.3491953 0.4300578 0.5583728 0.7869242 0.9307623 1.5259850 1.3246960 1.6865272 1.5477622 1.6949347 1.7450823 1.7440686 1.7060137 1.7217766 1.6671649 1.6644391 1.6746799 1.6445003 1.7404032 1.5380108 1.6213857 1.8604461 1.6785727 2.0370610 2.3062532 2.2658890 1.7167008 1.6452870 1.4355947 1.6333819 1.7199493 1.5431125 1.3774551 1.9643836 1.7406662 1.9918759 1.9685050 1.9724465 2.0213599 2.0609318 2.0837930 1.9874920 1.8149653 1.7753486 1.6947645 1.8824929 1.8276276 1.8767605 2.1084763 1.8659693 2.0292741 1.7209906 1.5407378 1.5407378 1.3685203 1.5956898 1.6703910 1.9553103 1.8240568 1.6798366 1.7970894 2.1679114 2.2469698 2.0382268 2.2585109 1.9953601 2.3132118 2.3818609 2.1260417 2.4490151 2.2102173 2.3489929 1.8992056 1.9568514 2.0194733 1.8540711 1.9601037 2.2284972 3.2993915 2.1742924 
Leuniv_Lniv_scaffold20204_01                             0.3491953 0.0000000 0.5298995 0.4765353 0.8526582 0.5156488 1.5575449 1.5021577 1.6548084 1.6870840 1.8992533 1.9354442 1.9913490 1.9482381 1.7881909 1.0551524 1.7100267 1.7355391 1.6113565 1.6304042 1.4634753 1.7290068 1.7482104 1.7841545 2.5981460 0.7464129 0.0000010 1.5073919 1.4291329 1.2804429 1.2775710 1.5089151 1.4494265 1.4002707 1.1289032 1.6816804 2.0366123 2.0527425 2.0425170 2.1009893 2.4122328 0.0000010 2.0149654 1.8292410 1.8318729 1.8168491 1.8625973 2.8086582 1.6391264 2.0887296 1.9726411 1.8510319 1.6251822 1.6100712 1.6100712 1.6033367 1.7840254 1.8271715 1.8225962 1.5650208 1.6688148 1.8442048 2.1225721 2.1651207 1.9343295 0.0000010 1.9532597 2.3785963 2.6515417 2.0004220 3.5003267 2.1476656 5.6075993 1.8918268 1.9940899 1.6993558 1.7880662 1.8988566 2.1321007 3.1158969 2.4350085 
Scil_scict010923.1                                       0.4300578 0.5298995 0.0000000 0.5410643 0.8501509 1.0090025 1.7261557 1.5169258 2.0015669 1.6268129 1.7514986 1.8069966 1.9429171 1.7778793 1.7500024 1.6026402 1.6538031 1.7865541 1.6573304 1.7584272 1.5388177 1.7052714 1.9436946 1.7859159 1.7285896 2.2229607 1.8767346 1.6215082 1.6642973 1.4209963 1.5327174 1.6228319 1.4796597 1.4064235 1.8410892 1.7131846 1.9249356 1.8651654 1.8949080 1.9071691 1.9621682 1.9243612 1.9592694 1.8973457 1.9040682 1.6934509 1.8372491 1.9064877 1.8660504 2.0641247 1.7646678 1.9830936 1.8201392 1.6161591 1.6161591 1.5262380 1.7578411 1.8698289 2.0844253 1.8694021 1.7607806 1.9410729 2.1068898 2.1983731 1.9267507 2.0983827 1.8874172 2.1242593 2.0527663 2.0381290 2.2427300 2.0587861 2.2386673 1.9693943 1.9812608 2.0578648 1.8016765 1.9519239 2.0374166 3.1255882 2.1385981 
Gracom_Gcom_scaffold16379_01                             0.5583728 0.4765353 0.5410643 0.0000000 0.9670098 2.2050373 1.8068571 1.5421169 1.8921537 1.6570694 2.4064756 2.4797868 1.9332842 1.9695718 2.0085256 5.7070871 1.7941788 1.8501465 1.6980432 1.8144449 1.7493638 1.8978398 1.9930961 1.9297601 4.4159203 7.2878538 3.2760570 1.7973693 1.7616849 1.3693336 1.6045420 1.7963525 1.6327154 1.4437878 5.2896896 1.8853960 1.9740597 2.0076054 2.0053075 2.0688262 2.4062504 7.3689852 2.0338060 2.1674650 2.1552521 2.0167085 2.0122034 3.9125292 2.0167444 2.1062158 2.0095663 2.2103298 1.4207601 1.5649537 1.5649537 1.4514565 1.7931666 1.8993817 1.6190708 1.7393979 1.8762522 2.1487128 2.1436131 2.1838977 1.8933794 9.0000000 1.9767342 4.5549849 7.6796576 2.1154208 8.9999986 2.2724674 9.0000000 1.9820989 2.0304098 6.4562505 1.8929050 1.9291510 2.3273474 3.1099012 2.5423236 
Clacor_Ccor_C538883_01                                   0.7869242 0.8526582 0.8501509 0.9670098 0.0000000 2.1815226 1.4580962 1.4113795 1.6691301 1.4894234 1.6590785 1.7517790 1.9022401 1.8613720 1.7840622 1.5174011 1.7264455 1.7483723 1.6624193 1.6021150 1.7035718 1.8229818 1.6523315 1.6681824 2.0422571 1.7194221 1.7236474 1.8284399 1.6039458 1.4998042 1.6356994 1.8006597 1.6359015 1.5822436 1.9298822 1.7678313 2.1273264 2.1444356 2.1070192 2.1518300 2.3060309 2.8040652 2.2323177 1.9292486 1.7867367 1.8601071 2.2098185 2.0177697 1.8296255 2.2869292 1.8412756 2.2060290 1.9666886 1.8021754 1.8021754 1.7152207 2.0613456 2.0907393 2.1195678 1.7604249 1.7981897 1.8117654 2.1242402 2.1445475 2.1844781 2.4824981 2.1747058 2.0255971 2.3080527 2.2073971 2.1694903 2.3155784 2.0175960 2.1978188 2.2631462 2.1762777 2.1679206 2.1669626 2.1019891 3.0158472 2.1882182 
Clacor_Ccor_scaffold12540_01                             0.9307623 0.5156488 1.0090025 2.2050373 2.1815226 0.0000000 2.0592560 0.0000010 7.2463435 1.9105941 2.1940902 2.0493447 1.8909074 1.9094159 2.2881136 1.5786665 1.8302120 2.3079531 1.8670596 2.0133411 1.7525257 1.7975950 2.4245664 1.7415333 1.8391790 2.6064386 2.0773366 2.0876273 1.9158334 3.0907414 1.9848190 1.9512163 1.6481435 1.3413318 1.8352950 2.0517448 1.7890447 1.7451702 1.8946150 1.8946150 1.8131237 1.6648961 1.7003484 1.8298866 1.9131476 1.9492832 6.7509977 1.8845514 2.0441016 2.4294250 1.9199098 1.8373921 3.2893413 1.6945620 1.6945620 1.7895223 0.0000010 0.0000010 4.1084337 3.5746395 3.4997337 2.1583578 2.8136723 3.0411291 4.3102797 2.6725284 2.7891295 2.8865850 2.8019286 2.8679929 2.9137141 2.8052325 2.5682324 2.7516308 2.6718503 2.6274666 2.3722047 2.9875657 2.4792725 6.5123270 2.1371025 
Emue_Em0017g187a.t1                                      1.5259850 1.5575449 1.7261557 1.8068571 1.4580962 2.0592560 0.0000000 0.1153228 0.2118225 0.6614968 0.5994949 0.6457536 1.1673537 1.0598817 1.0256047 0.9544916 1.4151723 1.5370342 1.3306421 1.3894789 1.4825973 1.3863826 1.5281641 1.4869114 1.2109936 1.4142872 1.1651603 1.5108943 1.3582252 1.4847778 1.3684723 1.4004725 1.4397328 1.4213846 1.1854760 1.2909505 1.3983810 1.4845023 1.4335613 1.4782543 1.4716465 1.1788772 1.4072989 1.4361360 1.2638976 1.4302479 1.5392730 1.3270602 1.5359611 1.7155469 1.5600568 1.6471712 1.5149591 1.1468004 1.1468004 1.1365924 1.5664174 1.5548184 1.7706125 1.7069431 1.1048393 1.6419705 2.1031986 2.1984460 2.2823410 1.8744406 2.1614642 2.1100037 2.1100940 2.2223880 2.1486388 2.3282454 2.0533508 2.0081488 2.0635412 1.8052051 2.1882448 2.1815448 2.4840116 1.6385606 1.8720806 
Spolac_c98065_g1_i1_m.16345c98065-g1                     1.3246960 1.5021577 1.5169258 1.5421169 1.4113795 0.0000010 0.1153228 0.0000000 0.0000010 0.9368302 0.0000010 1.1811523 1.3918113 1.2856958 1.1195034 0.7574358 1.5066083 1.6132395 1.4702415 1.5258197 1.7277686 1.5872844 1.4150675 1.6896534 2.0942717 0.0000010 0.0000010 1.8307246 1.4820998 1.5826082 1.4660889 1.5747019 1.5808514 1.4755598 0.0000010 1.4092858 1.6448040 1.7230395 1.7486359 1.8013857 2.0203535 0.0000010 1.6517110 1.7493455 1.8256391 1.7221417 1.6327387 0.0000010 1.6949006 1.6534113 1.7368662 1.7706796 1.3285669 1.3285669 1.3285669 1.3272904 1.4949376 1.4878795 1.7399418 1.5001995 1.3589523 1.7318740 2.0923171 2.1290567 2.5706596 0.0000010 2.6209315 1.4560223 0.0000010 2.4548367 0.0000010 2.7046063 2.9532900 1.9463793 2.1277639 2.2799962 2.3368066 2.2053369 1.3617924 4.5765564 2.0680802 
Spolac_c98065_g3_i1_m.16346c98065-g1                     1.6865272 1.6548084 2.0015669 1.8921537 1.6691301 7.2463435 0.2118225 0.0000010 0.0000000 0.9746098 1.3214891 1.4036420 1.8652180 1.3680864 1.1866705 8.9999982 1.7443748 2.0180485 1.9142352 1.9359173 2.2244078 1.9394549 2.1893916 1.7889837 2.0319432 3.3462595 2.4143708 1.4346872 1.3571213 0.2031711 1.4436413 1.4694468 1.4941876 1.2077077 1.4652881 1.7525925 2.3657668 2.3662105 2.3973408 2.4999739 2.2831835 5.0755345 2.0146567 1.6858492 1.5652754 1.6444281 1.0353157 2.1680169 1.6141080 2.6461741 2.0416710 2.2167405 1.2887584 1.5874529 1.5874529 1.2796010 0.0000010 0.0000010 1.2887584 1.7063896 1.5793494 2.5910028 3.0239838 3.0022732 2.3863465 8.9999981 2.7911380 4.0230684 8.9999989 3.4170523 7.5847720 2.8423807 3.8233431 3.0788364 3.0799801 8.9999988 2.7283768 3.1782798 3.4515238 2.5886753 2.5949885 
Tetwil_g11924.t1                                         1.5477622 1.6870840 1.6268129 1.6570694 1.4894234 1.9105941 0.6614968 0.9368302 0.9746098 0.0000000 0.4228845 0.4504051 1.0911775 0.9797550 0.9902183 0.9999478 1.4205482 1.4081042 1.2975933 1.2523024 1.4847682 1.2296749 1.5059348 1.4143717 1.4711790 1.6544306 1.5712701 1.5730505 1.4776058 1.4696976 1.4888616 1.4764282 1.3782907 1.4138692 1.4362579 1.5233504 1.5588558 1.5920647 1.5985282 1.6350438 1.6518189 1.6272127 1.5831919 1.7289281 1.5637669 1.6493141 1.7456059 1.5508258 1.4698105 1.7019314 1.5902829 1.9072039 1.4939157 1.1453756 1.1453756 1.1168422 1.3772410 1.4468654 1.7512718 1.6181445 1.0802850 1.5742605 1.9465353 2.0249921 1.8340714 2.1149013 2.0539183 2.3544981 2.3591687 2.1197076 2.4482250 2.2419588 2.2901589 2.0193312 2.1081487 2.1182969 1.9938200 2.0502169 2.5610833 2.1273234 1.8258701 
Stycar_maker-SC_scaffold136766-augustus-gene-0.37-mRNA-1 1.6949347 1.8992533 1.7514986 2.4064756 1.6590785 2.1940902 0.5994949 0.0000010 1.3214891 0.4228845 0.0000000 0.0094694 0.9634221 1.0613936 0.8809022 1.1201440 1.5445552 1.6918580 1.3325986 1.3536250 1.6621641 1.2992041 1.4953052 1.3602352 1.2209929 1.8105117 1.4351728 1.6481478 1.7856382 4.6772876 1.6910024 1.6421287 1.8667398 1.9358903 1.3395423 1.6470527 1.6135870 1.6198985 1.6411797 1.6708447 1.5646762 1.6230339 1.6851017 1.4737045 1.3603081 1.5439031 1.3517945 1.6309883 1.5939400 2.1501249 1.8091903 1.9527580 2.8950006 1.2795671 1.2795671 1.1422326 0.0000010 0.0000010 2.8950006 2.2893033 0.9783773 1.7153298 2.2116599 2.3609540 1.8081948 2.1914575 1.9534481 2.2832683 2.5222120 2.2550775 2.4006527 2.1549864 2.2138915 2.2755873 2.2572643 2.3789301 2.2312333 2.2578600 2.6547281 0.5508589 1.8164197 
Stycar_maker-SC_scaffold134196-augustus-gene-0.14-mRNA-1 1.7450823 1.9354442 1.8069966 2.4797868 1.7517790 2.0493447 0.6457536 1.1811523 1.4036420 0.4504051 0.0094694 0.0000000 0.9566796 1.0509191 1.0579660 0.9145824 1.5407860 1.6226250 1.3416810 1.2690219 1.6591909 1.3466047 1.5153376 1.3895655 1.1779909 1.5396971 1.1980366 1.8351032 1.6706098 2.9247472 1.5419102 1.5741641 1.7859016 1.8679570 1.3558298 1.5749317 1.5015347 1.5267181 1.5428177 1.5636228 1.4888904 1.4756331 1.6113629 1.5097320 1.3576352 1.5203147 2.1305455 1.5423400 1.6174646 1.9733977 1.6784288 1.9090577 2.5857808 1.2556479 1.2556479 1.2599036 1.8925728 1.8925728 2.5857808 2.3180427 1.1829820 1.6863568 2.1194994 2.2198595 1.9099514 1.9651101 1.9583193 2.1294316 2.2142183 2.2141594 2.2135772 2.1500624 2.1512784 2.3065414 2.2924437 2.0780251 2.2206462 2.2585251 2.5619462 1.4857740 1.8745277 
Aque_Aqu2.1.44040_001                                    1.7440686 1.9913490 1.9429171 1.9332842 1.9022401 1.8909074 1.1673537 1.3918113 1.8652180 1.0911775 0.9634221 0.9566796 0.0000000 0.5231369 0.7545287 1.1847001 1.5620699 1.8039571 1.5510105 1.4245274 1.5416486 1.4067027 1.8490907 1.8302852 1.5214533 1.6775567 1.8213288 1.8964486 1.9079544 2.0371815 1.6355705 1.7021409 1.7919078 1.7805786 1.6046600 1.7370302 1.7488995 1.7425779 1.7047270 1.7620937 1.7110557 1.7975434 1.7522665 1.8573033 1.7430773 1.8012334 2.0504393 1.5627011 1.5691757 1.7702408 1.9259656 1.9884901 1.8670322 1.4262619 1.4262619 1.4871879 1.6789360 1.6654523 2.1980716 2.0331209 1.5277884 1.8452148 2.2016224 2.2735640 2.2373364 2.0759119 2.2258129 2.3481014 2.2037262 2.3345740 2.2986977 2.4765936 2.4202912 2.1715118 2.2764481 2.3530983 2.1195474 2.1984302 2.4625049 2.3667177 1.8668877 
Halamb_c53830_g2_i1m.36579                               1.7060137 1.9482381 1.7778793 1.9695718 1.8613720 1.9094159 1.0598817 1.2856958 1.3680864 0.9797550 1.0613936 1.0509191 0.5231369 0.0000000 0.5779338 1.0392249 1.3790014 1.4291189 1.3713258 1.3444950 1.4044514 1.2824138 1.5814952 1.5618558 1.3912200 1.4573682 1.2511390 1.7032035 1.7316202 1.8601612 1.5191735 1.5267670 1.5460920 1.6431034 1.4078715 1.5224627 1.6606669 1.6559822 1.6311951 1.6896289 1.6049341 1.3456837 1.6238068 1.6384756 1.6016036 1.6005134 1.8345163 1.4217127 1.4575922 1.6783665 1.6957142 1.8642572 1.7612437 1.3091660 1.3091660 1.3867535 1.6746560 1.6612930 2.0209581 1.9520421 1.3373117 1.6035216 2.0381455 2.1279371 1.9477140 1.9549776 1.9582358 2.1649991 2.0813283 2.1454747 2.1238086 2.2548975 2.1600699 2.0895644 2.1639205 2.3109765 2.0756063 2.0722479 2.3148701 2.4130343 1.8148794 
Xestes_maker-XT_scaffold210-augustus-gene-0.9-mRNA-1     1.7217766 1.7881909 1.7500024 2.0085256 1.7840622 2.2881136 1.0256047 1.1195034 1.1866705 0.9902183 0.8809022 1.0579660 0.7545287 0.5779338 0.0000000 1.7000890 1.6124988 1.6292738 1.4594427 1.4235109 1.5305742 1.3926460 1.6325081 1.7356275 1.7805400 1.8645139 2.0451042 1.8462406 1.8292864 1.7064611 1.5897755 1.6045119 1.4902112 1.4621933 1.7521606 1.5883461 1.7611278 1.7590279 1.6982095 1.7533053 1.7648576 1.7087466 1.7509546 1.8002257 1.7015539 1.7491444 1.9319841 1.7039417 1.5965157 1.7818867 1.9068604 1.9822545 1.6589093 1.4272366 1.4272366 1.2647596 1.6713030 1.6581639 1.8746107 1.9315051 1.3299987 1.8980711 2.2279546 2.2789877 1.9484473 2.8941286 2.2011475 2.6966416 2.7366827 2.2205571 2.6416610 2.3585986 2.6681061 2.2086122 2.2574923 2.9218788 2.0881411 2.2769692 2.6632751 2.3906792 2.1503550 
Plajan_Pjan_scaffold7971_01                              1.6671649 1.0551524 1.6026402 5.7070871 1.5174011 1.5786665 0.9544916 0.7574358 8.9999982 0.9999478 1.1201440 0.9145824 1.1847001 1.0392249 1.7000890 0.0000000 1.5296002 1.3860074 1.2096186 1.3704444 1.3529830 1.2286007 1.8564847 1.3362291 1.3660097 1.5250563 1.0867957 1.4003867 1.3098698 4.4563964 1.3874737 1.3363816 1.0183141 1.6668620 1.4566222 1.3164023 1.4179858 1.4563815 1.3310453 1.3310453 1.3638920 1.3793279 1.3446696 1.5647930 1.3441376 1.4673712 0.6073355 1.4966251 1.7209291 1.7547026 1.4272213 1.5940442 3.8224789 0.8237998 0.8237998 0.9971921 0.0000010 0.0000010 3.8224789 3.5189721 1.4332512 1.5315196 1.9578914 2.1453595 8.9999985 1.9881039 1.9607193 2.1592421 2.1592421 2.1662634 2.2038416 2.2006989 2.2212907 2.2197974 2.1394253 2.0361042 1.8609077 2.3603708 2.4122497 3.9061300 1.9605400 
Cgig_XM_011449977.3                                      1.6644391 1.7100267 1.6538031 1.7941788 1.7264455 1.8302120 1.4151723 1.5066083 1.7443748 1.4205482 1.5445552 1.5407860 1.5620699 1.3790014 1.6124988 1.5296002 0.0000000 0.8182830 0.9934559 0.9931829 1.1274791 0.9863174 1.0137383 1.1203348 1.2420850 1.4800078 1.1664858 1.3227693 1.3408502 1.3630568 1.2700416 1.2814580 1.3406374 1.2332936 1.3866196 1.2808837 1.4417968 1.4954317 1.4694093 1.4741752 1.5643730 1.4651155 1.5540829 1.4554774 1.2552686 1.4770699 1.7980270 1.5747781 1.2781844 1.5614901 1.5269189 1.6556838 1.6500228 1.3630700 1.3630700 1.1835463 1.3869105 1.3997543 2.0210258 1.5764992 1.5427157 1.3960315 1.8026001 1.8755375 1.8202166 1.6139735 1.8230203 1.6489789 1.5986631 1.8092869 1.7052351 1.9311898 1.9073869 1.8072864 1.8713535 1.8781439 1.7245796 1.8246047 1.7923440 2.8074876 1.8066818 
Acagra_model.g854.t1                                     1.6746799 1.7355391 1.7865541 1.8501465 1.7483723 2.3079531 1.5370342 1.6132395 2.0180485 1.4081042 1.6918580 1.6226250 1.8039571 1.4291189 1.6292738 1.3860074 0.8182830 0.0000000 0.9779709 1.0276777 1.1107179 0.9867878 1.0679380 1.1031887 1.2894622 1.2929556 1.1698154 1.3957831 1.3576279 1.1978872 1.3282680 1.3651639 1.4035125 1.3962400 1.4714356 1.4395276 1.4461103 1.4982593 1.5401184 1.5661576 1.5844872 1.3286763 1.5351763 1.3798802 1.3535567 1.3401544 1.5693673 1.5182304 1.2595245 1.5930397 1.4412586 1.6038275 1.5416933 1.3165728 1.3165728 1.2667628 1.7580889 1.7725442 1.7321641 1.6634087 1.4883989 1.4964033 1.7843278 1.8709362 1.5493351 1.7664493 1.7423909 1.5942553 1.7832440 1.7151997 1.5997755 1.8041033 1.8801740 1.7714840 1.8223541 2.0448177 1.7499792 1.9343314 1.7437244 2.7460680 2.0008729 
Bralan_BLAG02001584_1                                    1.6445003 1.6113565 1.6573304 1.6980432 1.6624193 1.8670596 1.3306421 1.4702415 1.9142352 1.2975933 1.3325986 1.3416810 1.5510105 1.3713258 1.4594427 1.2096186 0.9934559 0.9779709 0.0000000 0.8987526 1.0033557 0.9094671 1.1561971 1.1503891 1.1595767 1.3103957 1.3187372 1.2905659 1.1997151 1.1747875 1.2504513 1.2459922 1.3188881 1.1853169 1.1466570 1.2964075 1.4765131 1.5059274 1.4534232 1.4817037 1.5219674 1.2854256 1.4455646 1.5324861 1.3939516 1.4933818 1.8130233 1.5370491 1.1669236 1.4619891 1.5641319 1.6404245 1.6718717 1.3773810 1.3773810 1.2674095 1.5117016 1.5958051 1.9409773 1.4703906 1.3938697 1.4254654 1.8810454 1.9245732 1.7175755 1.7134904 1.7846668 2.0180601 1.9855845 1.8593541 1.9616701 1.9313419 1.9921670 1.8261192 1.8893169 2.1229151 1.9291867 1.9086288 1.9676788 2.1617482 1.7645249 
Skow_XM_002732810.2                                      1.7404032 1.6304042 1.7584272 1.8144449 1.6021150 2.0133411 1.3894789 1.5258197 1.9359173 1.2523024 1.3536250 1.2690219 1.4245274 1.3444950 1.4235109 1.3704444 0.9931829 1.0276777 0.8987526 0.0000000 0.9683849 1.0458545 1.0724374 1.0522939 1.1961063 1.3004979 1.1885143 1.3247013 1.2108840 1.2054069 1.2413599 1.2799597 1.2830732 1.3485483 1.1658075 1.2127630 1.3381629 1.3846637 1.3783471 1.3863502 1.3986372 1.4087510 1.4393755 1.3101431 1.1139252 1.3188822 1.8211581 1.2515408 1.1660077 1.4137059 1.5414451 1.5497613 1.6698374 1.3445183 1.3445183 1.2859367 1.6439344 1.7052124 1.9435931 1.6527363 1.4187444 1.5039134 1.7980639 1.8966900 1.7312727 1.9180018 1.8357928 1.9268289 2.0617834 1.8554938 1.9992569 1.8986633 2.0303557 1.8472737 1.9004804 2.2890033 1.8161053 1.8551297 1.9827045 2.6265230 1.9487202 
Spur_XM_777959.4                                         1.5380108 1.4634753 1.5388177 1.7493638 1.7035718 1.7525257 1.4825973 1.7277686 2.2244078 1.4847682 1.6621641 1.6591909 1.5416486 1.4044514 1.5305742 1.3529830 1.1274791 1.1107179 1.0033557 0.9683849 0.0000000 1.1323543 1.3203674 1.3874020 1.1751436 1.4087196 1.2601066 1.3759751 1.3637543 1.3220638 1.3227657 1.3294114 1.3049807 1.3712353 1.2770743 1.3077971 1.4141515 1.4043663 1.3721803 1.3854774 1.4781700 1.2769193 1.4326116 1.5682540 1.3779252 1.4352427 1.7937557 1.5709807 1.4215609 1.6273728 1.4812160 1.6018390 1.6954439 1.3316591 1.3316591 1.2616150 1.8214415 1.7271272 1.9443943 1.6592804 1.6099993 1.5416260 1.7537746 1.8194705 1.9110048 1.6847869 1.7430410 1.7537457 1.6874068 1.7506913 1.7691194 1.7788848 1.8405196 1.6566445 1.6981439 1.9091353 1.6531242 1.7798975 1.7359140 2.6526155 1.7496064 
Hsap_ENST00000354105                                     1.6213857 1.7290068 1.7052714 1.8978398 1.8229818 1.7975950 1.3863826 1.5872844 1.9394549 1.2296749 1.2992041 1.3466047 1.4067027 1.2824138 1.3926460 1.2286007 0.9863174 0.9867878 0.9094671 1.0458545 1.1323543 0.0000000 1.1601252 1.0779693 1.3364951 1.4189463 1.3214947 1.3443042 1.2461085 1.2438439 1.3746491 1.3621859 1.3485471 1.2192598 1.2579616 1.3186730 1.5352247 1.5560494 1.5619074 1.5742556 1.6309117 1.4373031 1.5799900 1.5729976 1.4255317 1.5837466 1.7848585 1.4311294 1.2436635 1.4655356 1.5633421 1.6733787 1.5899970 1.3082603 1.3082603 1.2616302 1.3444623 1.3844906 1.9375428 1.4658146 1.5738425 1.4728409 1.8334684 1.8944029 1.6587952 1.8146036 1.8007094 1.8820540 1.8748918 1.9123050 1.8760175 1.9493244 1.8809321 1.8839239 1.9046062 2.0632394 1.8194038 1.8530267 1.9058986 3.1864539 1.7842655 
Ctel_gnl_WGS_AMQN_CAPTEDRAFT_mRNA168674                  1.8604461 1.7482104 1.9436946 1.9930961 1.6523315 2.4245664 1.5281641 1.4150675 2.1893916 1.5059348 1.4953052 1.5153376 1.8490907 1.5814952 1.6325081 1.8564847 1.0137383 1.0679380 1.1561971 1.0724374 1.3203674 1.1601252 0.0000000 1.1415141 1.5465964 1.4512076 1.5894017 1.6132051 1.4165350 1.3249610 1.4940230 1.5933769 1.4381320 1.4493781 1.5403333 1.5459520 1.7002953 1.6882972 1.7448459 1.7260883 1.8904250 1.7872454 1.7176033 1.6538754 1.4440699 1.6771016 1.8744059 1.5510266 1.5547421 1.7623045 1.5810480 1.8311808 1.8941123 1.6115065 1.6115065 1.3388982 1.5196501 1.5196501 2.1222535 1.8781457 1.5445338 1.5057475 1.8360244 1.8771013 2.0508921 2.1265420 2.0921525 2.0719423 2.1472896 2.0712584 2.0998210 2.1029678 2.0649198 1.9872515 1.9929746 2.2533913 1.8573066 1.9547074 2.2514552 2.7391242 1.9295501 
Cscu_XM_023353674.1                                      1.6785727 1.7841545 1.7859159 1.9297601 1.6681824 1.7415333 1.4869114 1.6896534 1.7889837 1.4143717 1.3602352 1.3895655 1.8302852 1.5618558 1.7356275 1.3362291 1.1203348 1.1031887 1.1503891 1.0522939 1.3874020 1.0779693 1.1415141 0.0000000 1.4585271 1.4094887 1.2849755 1.5908681 1.4542820 1.5593178 1.4589531 1.4767677 1.4424258 1.4836591 1.4853712 1.4133758 1.6520498 1.6495845 1.7152718 1.7178595 1.7201273 1.5265049 1.7298330 1.6465128 1.3473223 1.5818307 2.0235864 1.3808020 1.3662445 1.5272176 1.5971917 1.7324893 1.9317958 1.5171376 1.5171376 1.4781621 2.1481024 2.1481528 2.1960913 1.6658461 1.8039616 1.2737233 1.9194097 1.9607971 1.9632222 1.7277031 1.8873714 1.7101548 1.8574183 1.8163497 1.7651006 1.9748044 1.8262222 1.9458543 2.0273383 1.9413792 1.8679019 2.0300780 2.0015493 2.5734990 1.8180709 
Fspp_ffun1.m4.3465.m1                                    2.0370610 2.5981460 1.7285896 4.4159203 2.0422571 1.8391790 1.2109936 2.0942717 2.0319432 1.4711790 1.2209929 1.1779909 1.5214533 1.3912200 1.7805400 1.3660097 1.2420850 1.2894622 1.1595767 1.1961063 1.1751436 1.3364951 1.5465964 1.4585271 0.0000000 0.6185791 0.1949182 0.3656934 0.6820920 2.0971203 0.4968343 0.4908054 1.8453641 1.3228843 0.7090833 0.6701876 1.2169174 1.1810179 1.1705743 1.1705743 1.0249051 1.1448680 1.2641965 1.1067285 0.8486186 0.9704617 2.1148608 1.2162727 1.0125205 1.2668220 1.1869606 1.0832536 3.7235329 1.4911823 1.4911823 1.5780648 1.8091971 1.8091971 5.9277698 2.9104334 1.1925129 1.6184486 1.7073687 1.9689128 2.6165137 1.4544571 1.5768992 1.7123148 1.6419684 1.7168214 1.6467977 1.6645678 1.8602687 2.0116500 2.0819123 1.8858481 1.7719514 2.0364053 1.5811736 3.7367836 2.0427418 
Gasp_gasp1.m3.2554.m1                                    2.3062532 0.7464129 2.2229607 7.2878538 1.7194221 2.6064386 1.4142872 0.0000010 3.3462595 1.6544306 1.8105117 1.5396971 1.6775567 1.4573682 1.8645139 1.5250563 1.4800078 1.2929556 1.3103957 1.3004979 1.4087196 1.4189463 1.4512076 1.4094887 0.6185791 0.0000000 0.1386421 0.6473028 0.3901050 1.9278984 1.0301403 0.9087909 0.5181932 1.4283861 0.9972330 0.8483681 1.3397916 1.3548492 1.3266602 1.3266602 1.3312357 1.7271434 1.3010937 1.0925102 1.0228280 1.1256128 1.3422591 1.3412435 1.1021718 1.0834005 1.3727515 1.5038851 4.7178903 1.5203799 1.5203799 0.7635893 0.0000010 0.0000010 4.7178903 4.1598505 0.9310319 1.5165375 1.8050146 1.9163941 1.9492964 1.8450114 1.8254373 1.9387035 2.1295225 1.9215943 1.9215943 1.8353248 1.9951039 2.0717002 2.0564485 2.0013718 1.7779033 2.0984440 1.7427131 2.0485564 2.4160270 
Gasp_gasp1.m3.2555.m1                                    2.2658890 0.0000010 1.8767346 3.2760570 1.7236474 2.0773366 1.1651603 0.0000010 2.4143708 1.5712701 1.4351728 1.1980366 1.8213288 1.2511390 2.0451042 1.0867957 1.1664858 1.1698154 1.3187372 1.1885143 1.2601066 1.3214947 1.5894017 1.2849755 0.1949182 0.1386421 0.0000000 0.3774529 0.5341922 2.2575510 0.5633645 0.5497172 0.7466192 1.0817396 0.7756958 0.6475359 1.0913305 1.1203594 1.0554938 1.0554938 1.0656517 0.9913251 0.9913251 1.0702806 1.0175491 1.0523934 0.0000010 1.1734806 0.9674940 1.0627785 0.9893373 1.1727066 0.0000010 1.2774202 1.2774202 0.0000010 0.0000010 0.0000010 0.0000010 3.6926952 3.0612101 1.5129925 1.7081908 1.7128516 0.0000010 1.6414255 1.6414255 1.7555790 1.7555790 1.7440575 1.7440575 1.6625239 1.9027860 2.0143183 1.9618825 1.9618825 1.6552405 2.1587050 1.5432502 2.3695276 2.4415160 
Gfas_gfas1.m1.2752.m1                                    1.7167008 1.5073919 1.6215082 1.7973693 1.8284399 2.0876273 1.5108943 1.8307246 1.4346872 1.5730505 1.6481478 1.8351032 1.8964486 1.7032035 1.8462406 1.4003867 1.3227693 1.3957831 1.2905659 1.3247013 1.3759751 1.3443042 1.6132051 1.5908681 0.3656934 0.6473028 0.3774529 0.0000000 0.4952893 0.5873579 0.4400124 0.4445015 0.5636268 0.4946718 0.7292497 0.9541482 1.5348528 1.5746648 1.5553580 1.5975163 1.6879810 1.1397950 1.6142804 1.4173805 1.2112402 1.3379700 2.0379857 1.4233887 1.1784918 1.4631622 1.6430967 1.6043757 1.6588559 1.4493300 1.4493300 1.4536017 1.1552272 1.0771977 2.1868194 1.3796317 1.7715765 1.6724417 2.0393394 2.1729608 1.9920430 1.6081465 1.8988134 1.8978296 1.7679586 1.9614984 1.8218042 2.0676202 1.9323460 2.1057106 2.1339632 1.9591090 1.9033860 2.0803102 2.1759117 2.7633713 2.2613421 
Fspp_ffun1.m4.3470.m1                                    1.6452870 1.4291329 1.6642973 1.7616849 1.6039458 1.9158334 1.3582252 1.4820998 1.3571213 1.4776058 1.7856382 1.6706098 1.9079544 1.7316202 1.8292864 1.3098698 1.3408502 1.3576279 1.1997151 1.2108840 1.3637543 1.2461085 1.4165350 1.4542820 0.6820920 0.3901050 0.5341922 0.4952893 0.0000000 0.2851494 0.4930166 0.4878464 0.3927324 0.3686361 0.8960190 0.9303521 1.4432730 1.3987395 1.4241798 1.4121544 1.5143607 1.4188305 1.3996088 1.3842441 1.2687503 1.3936516 1.7540593 1.4008349 1.1370427 1.3466432 1.6075412 1.5709220 1.5403527 1.4224665 1.4224665 1.3311648 1.7360562 1.7360562 1.5823380 1.1434543 1.3880889 1.5507073 2.0762173 2.1252445 1.7696020 2.0757406 1.9309746 1.9213734 2.2167492 1.9891545 1.8972565 2.0547865 1.9283254 2.1103978 2.1396238 2.4917421 2.0402533 2.2016005 2.2337520 2.6515836 2.2479746 
Gasp_gasp1.m3.2553.m1                                    1.4355947 1.2804429 1.4209963 1.3693336 1.4998042 3.0907414 1.4847778 1.5826082 0.2031711 1.4696976 4.6772876 2.9247472 2.0371815 1.8601612 1.7064611 4.4563964 1.3630568 1.1978872 1.1747875 1.2054069 1.3220638 1.2438439 1.3249610 1.5593178 2.0971203 1.9278984 2.2575510 0.5873579 0.2851494 0.0000000 0.3465734 0.3683047 0.3329522 0.3425387 2.2973068 0.9466676 1.5678089 1.4832135 1.6272997 1.5734637 1.8039006 4.9972139 1.6165623 1.5845030 1.7927617 1.5692799 1.7711507 3.2663754 1.2514088 1.3318480 1.5903944 1.3894389 1.3395893 1.3753251 1.3753251 1.2846182 1.7137862 1.7137862 1.3756275 0.8363332 1.3421703 1.6112256 1.9125528 1.9922216 1.6621170 3.5072218 1.9671369 2.9880794 4.8801422 1.9586913 3.3256824 2.0110062 2.8797699 1.8789454 1.9414110 3.7035602 1.9074420 1.9866384 2.0443477 3.6483066 1.9675848 
Amil_Amillepora10094-RA                                  1.6333819 1.2775710 1.5327174 1.6045420 1.6356994 1.9848190 1.3684723 1.4660889 1.4436413 1.4888616 1.6910024 1.5419102 1.6355705 1.5191735 1.5897755 1.3874737 1.2700416 1.3282680 1.2504513 1.2413599 1.3227657 1.3746491 1.4940230 1.4589531 0.4968343 1.0301403 0.5633645 0.4400124 0.4930166 0.3465734 0.0000000 0.0266065 0.0280219 0.3366332 0.8986472 0.9317181 1.3452061 1.4162770 1.4603411 1.5004983 1.5353489 1.3104429 1.4997875 1.3483268 1.2357100 1.2942296 1.5927272 1.5354670 1.0311144 1.2674140 1.3313018 1.4105452 1.4066676 1.3425836 1.3425836 1.1814970 1.2211742 1.1009790 1.7095836 1.1390510 1.5952688 1.5005975 1.8224357 1.9578055 1.8189537 1.7198758 1.8310786 1.9575305 1.8467117 1.7408823 2.0131483 1.8064407 2.1512990 1.9844544 2.0395218 2.1374854 1.7295554 2.1864473 2.1258157 3.8729583 2.0305297 
Adig_XM_015920093.1                                      1.7199493 1.5089151 1.6228319 1.7963525 1.8006597 1.9512163 1.4004725 1.5747019 1.4694468 1.4764282 1.6421287 1.5741641 1.7021409 1.5267670 1.6045119 1.3363816 1.2814580 1.3651639 1.2459922 1.2799597 1.3294114 1.3621859 1.5933769 1.4767677 0.4908054 0.9087909 0.5497172 0.4445015 0.4878464 0.3683047 0.0266065 0.0000000 0.0284708 0.4460755 0.9909691 0.9213408 1.4535410 1.4950397 1.5188914 1.5526686 1.5735203 1.2776502 1.5676935 1.3694757 1.2162968 1.2946662 1.7062036 1.4668232 1.0791970 1.3367180 1.4006542 1.5688839 1.5260131 1.3233318 1.3233318 1.2045858 1.3415146 1.2536329 1.9027621 1.2410728 1.5970779 1.5304011 1.8729664 1.9865197 1.8077103 1.6862769 1.7913384 1.8157085 1.8419680 1.7794176 1.8431549 1.8236672 1.9025682 1.9836132 2.0153656 2.1820669 1.7563795 2.0776604 1.9376409 3.9532271 2.1595933 
Adig_XM_015892202.1                                      1.5431125 1.4494265 1.4796597 1.6327154 1.6359015 1.6481435 1.4397328 1.5808514 1.4941876 1.3782907 1.8667398 1.7859016 1.7919078 1.5460920 1.4902112 1.0183141 1.3406374 1.4035125 1.3188881 1.2830732 1.3049807 1.3485471 1.4381320 1.4424258 1.8453641 0.5181932 0.7466192 0.5636268 0.3927324 0.3329522 0.0280219 0.0284708 0.0000000 0.3968799 1.9994115 0.9669368 1.5497427 1.5846555 1.6091567 1.6469817 1.8076756 0.7466192 1.6908220 1.5228650 1.4873339 1.4967265 1.7631414 1.7785865 1.1140327 1.4194622 1.4896354 1.6488799 1.3408318 1.2146221 1.2146221 1.1642529 1.3408828 1.2523925 1.7374380 1.0032048 1.5300304 1.4901206 1.8727200 1.9297977 1.5544473 8.1698468 1.7804974 1.8038603 4.8944570 1.7148256 1.6997564 1.8667752 1.4891928 1.7944378 1.8754086 2.8813038 1.6974783 1.9203685 2.0209638 4.2004132 2.0083704 
Spis_XP_022790077_1                                      1.3774551 1.4002707 1.4064235 1.4437878 1.5822436 1.3413318 1.4213846 1.4755598 1.2077077 1.4138692 1.9358903 1.8679570 1.7805786 1.6431034 1.4621933 1.6668620 1.2332936 1.3962400 1.1853169 1.3485483 1.3712353 1.2192598 1.4493781 1.4836591 1.3228843 1.4283861 1.0817396 0.4946718 0.3686361 0.3425387 0.3366332 0.4460755 0.3968799 0.0000000 1.7157152 0.9408213 1.4668564 1.4766430 1.4708611 1.4859258 1.6632039 1.7274351 1.6042510 1.7147178 1.7656457 1.5492982 1.7885189 1.7408406 1.1444027 1.4344806 1.5766303 1.6421426 1.2720768 1.2926695 1.2926695 1.2563940 1.1864019 1.1044345 1.5915342 0.8980942 1.5672033 1.4964267 1.9368100 1.9944902 1.6150659 4.7108845 1.8765754 2.9389468 3.6550137 1.9243633 3.0105414 2.1611288 3.2001467 2.0093789 2.0473578 2.5871092 2.0039786 2.0879751 2.5144198 3.9993704 1.9547177 
Nvec_NVE1331                                             1.9643836 1.1289032 1.8410892 5.2896896 1.9298822 1.8352950 1.1854760 0.0000010 1.4652881 1.4362579 1.3395423 1.3558298 1.6046600 1.4078715 1.7521606 1.4566222 1.3866196 1.4714356 1.1466570 1.1658075 1.2770743 1.2579616 1.5403333 1.4853712 0.7090833 0.9972330 0.7756958 0.7292497 0.8960190 2.2973068 0.8986472 0.9909691 1.9994115 1.7157152 0.0000000 0.5679211 1.2269969 1.2692528 1.3138025 1.3138025 1.3008474 1.4591653 1.3301675 0.9368134 0.8002794 0.9390631 2.4480002 1.3994328 1.0461019 1.4209924 1.3444054 1.1718574 3.5097486 1.4744613 1.4744613 1.1424392 0.0000010 0.0000010 3.5097486 2.9696333 1.4280014 1.5628765 1.9554356 2.0759848 2.0356868 1.6284369 1.8179919 1.9339605 1.8078714 1.9080165 1.8816648 1.8978169 1.9209349 2.1584092 2.1231943 1.9893824 1.8778862 2.3453042 1.8700108 2.3654406 1.7191135 
Exapal_XM_021056192.2                                    1.7406662 1.6816804 1.7131846 1.8853960 1.7678313 2.0517448 1.2909505 1.4092858 1.7525925 1.5233504 1.6470527 1.5749317 1.7370302 1.5224627 1.5883461 1.3164023 1.2808837 1.4395276 1.2964075 1.2127630 1.3077971 1.3186730 1.5459520 1.4133758 0.6701876 0.8483681 0.6475359 0.9541482 0.9303521 0.9466676 0.9317181 0.9213408 0.9669368 0.9408213 0.5679211 0.0000000 1.4636428 1.4640770 1.4808248 1.4972193 1.5486790 1.4489631 1.5967819 1.2838939 1.0221128 1.1407860 1.4838991 1.2028157 1.0494118 1.4144624 1.3733887 1.4262825 1.7252626 1.4618723 1.4618723 1.4365304 1.6762704 1.7096769 1.9856070 0.8751083 1.5401031 1.8155542 1.9500094 2.0497657 1.8003180 1.6419585 1.8226769 1.7755473 1.7681516 1.8898035 1.7394569 2.0153659 1.7746483 1.8688467 1.9760145 2.0882754 1.8975657 1.9492129 1.9014766 3.0907819 1.9179830 
HoiH23_PlH23_007278-RA                                   1.9918759 2.0366123 1.9249356 1.9740597 2.1273264 1.7890447 1.3983810 1.6448040 2.3657668 1.5588558 1.6135870 1.5015347 1.7488995 1.6606669 1.7611278 1.4179858 1.4417968 1.4461103 1.4765131 1.3381629 1.4141515 1.5352247 1.7002953 1.6520498 1.2169174 1.3397916 1.0913305 1.5348528 1.4432730 1.5678089 1.3452061 1.4535410 1.5497427 1.4668564 1.2269969 1.4636428 0.0000000 0.0683364 0.1622974 0.1768116 0.1631908 0.1826012 0.2641769 1.5757055 1.4388038 1.5351464 1.6771643 1.4438685 1.4109345 1.6935996 1.5536059 1.6200891 1.8833297 1.5782325 1.5782325 1.5697646 1.9372918 1.8682140 2.1177206 1.8227220 1.7739686 1.8357392 1.9890033 2.0785635 2.0569667 1.9803999 1.9380336 2.0723770 2.2748071 2.1244720 1.9999732 2.0297107 1.9576867 2.0064915 2.0733039 2.2034892 1.9557631 2.1305274 2.5546927 2.5417241 2.2850394 
HoiH06_mRNA3857                                          1.9685050 2.0527425 1.8651654 2.0076054 2.1444356 1.7451702 1.4845023 1.7230395 2.3662105 1.5920647 1.6198985 1.5267181 1.7425779 1.6559822 1.7590279 1.4563815 1.4954317 1.4982593 1.5059274 1.3846637 1.4043663 1.5560494 1.6882972 1.6495845 1.1810179 1.3548492 1.1203594 1.5746648 1.3987395 1.4832135 1.4162770 1.4950397 1.5846555 1.4766430 1.2692528 1.4640770 0.0683364 0.0000000 0.1691580 0.1567376 0.1661361 0.2722873 0.2900182 1.6042161 1.4476652 1.5238962 1.6430061 1.4504755 1.4330571 1.6763710 1.5786506 1.6276612 1.8789699 1.5461264 1.5461264 1.5822600 1.9674848 2.1031977 2.1244870 1.9075869 1.7727333 1.8225881 2.0540454 2.1447000 2.1904642 1.9066558 1.9941767 2.1245426 2.1781306 2.2344158 2.0811097 2.0692770 2.0471262 2.1166492 2.1640854 2.0782152 2.0356627 2.2191111 2.5445635 2.5180440 2.3406310 
Hhon_g09707.t1                                           1.9724465 2.0425170 1.8949080 2.0053075 2.1070192 1.8946150 1.4335613 1.7486359 2.3973408 1.5985282 1.6411797 1.5428177 1.7047270 1.6311951 1.6982095 1.3310453 1.4694093 1.5401184 1.4534232 1.3783471 1.3721803 1.5619074 1.7448459 1.7152718 1.1705743 1.3266602 1.0554938 1.5553580 1.4241798 1.6272997 1.4603411 1.5188914 1.6091567 1.4708611 1.3138025 1.4808248 0.1622974 0.1691580 0.0000000 0.0219802 0.1967182 0.2406284 0.3071177 1.6983664 1.4385812 1.5441424 1.8697840 1.5484457 1.4419551 1.8440454 1.6037359 1.7280508 1.8832694 1.5716599 1.5716599 1.5515312 1.8593026 1.7936240 2.1028011 1.9450799 1.8653833 1.8487486 2.0566507 2.1397139 2.0335030 1.8655497 1.9243462 2.1242825 2.1411621 2.1017180 2.0556816 2.0276396 2.1014124 1.9999019 2.0733522 2.0622873 1.9608759 2.1219904 2.5171537 2.2707452 2.2407105 
HoiH04_mRNA10954                                         2.0213599 2.1009893 1.9071691 2.0688262 2.1518300 1.8946150 1.4782543 1.8013857 2.4999739 1.6350438 1.6708447 1.5636228 1.7620937 1.6896289 1.7533053 1.3310453 1.4741752 1.5661576 1.4817037 1.3863502 1.3854774 1.5742556 1.7260883 1.7178595 1.1705743 1.3266602 1.0554938 1.5975163 1.4121544 1.5734637 1.5004983 1.5526686 1.6469817 1.4859258 1.3138025 1.4972193 0.1768116 0.1567376 0.0219802 0.0000000 0.1946671 0.2406284 0.2915922 1.7044811 1.4178535 1.5455638 1.8298132 1.5484457 1.4458224 1.8572894 1.6665022 1.7261394 1.8840480 1.5705610 1.5705610 1.5947809 1.9570580 2.1257719 2.1228165 2.0063406 1.8887299 1.8517559 2.0838023 2.1681559 2.0450902 1.8655497 1.8992574 2.1242825 2.1411621 2.1149012 2.0556816 2.0266576 2.1014124 2.0464216 2.0844731 2.0322032 1.9673189 2.1493721 2.4933191 2.2643173 2.2333257 
HoiH11_mRNA3023                                          2.0609318 2.4122328 1.9621682 2.4062504 2.3060309 1.8131237 1.4716465 2.0203535 2.2831835 1.6518189 1.5646762 1.4888904 1.7110557 1.6049341 1.7648576 1.3638920 1.5643730 1.5844872 1.5219674 1.3986372 1.4781700 1.6309117 1.8904250 1.7201273 1.0249051 1.3312357 1.0656517 1.6879810 1.5143607 1.8039006 1.5353489 1.5735203 1.8076756 1.6632039 1.3008474 1.5486790 0.1631908 0.1661361 0.1967182 0.1946671 0.0000000 0.2498376 0.2489609 1.5788060 1.4361668 1.4623240 1.7411196 1.4986406 1.4645626 1.8679390 1.6611073 1.6323008 2.1138044 1.5800594 1.5800594 1.6454578 4.4583349 4.4583349 2.1138044 2.1614460 1.9079187 1.8109171 1.9211585 2.0298187 2.2067772 1.7639097 1.9689148 2.0060068 2.0147703 2.0547800 1.9643095 1.9138443 1.9342535 2.0798960 2.0959137 1.9714690 1.9212859 2.2277535 2.4158252 2.3293636 2.4670060 
TrH2_TrispH2_009541-RA                                   2.0837930 0.0000010 1.9243612 7.3689852 2.8040652 1.6648961 1.1788772 0.0000010 5.0755345 1.6272127 1.6230339 1.4756331 1.7975434 1.3456837 1.7087466 1.3793279 1.4651155 1.3286763 1.2854256 1.4087510 1.2769193 1.4373031 1.7872454 1.5265049 1.1448680 1.7271434 0.9913251 1.1397950 1.4188305 4.9972139 1.3104429 1.2776502 0.7466192 1.7274351 1.4591653 1.4489631 0.1826012 0.2722873 0.2406284 0.2406284 0.2498376 0.0000000 0.0272194 1.4034274 1.2221064 1.3791208 0.0000010 1.5241467 1.4393169 1.4237063 1.3919713 1.5399923 7.0184439 1.7592259 1.7592259 1.1668605 0.0000010 0.0000010 7.0184439 2.9636197 2.2265552 1.5025883 2.3042967 2.4697595 5.8761079 2.0022157 2.1552198 2.3536788 2.2409636 2.2709050 2.2709050 2.2275119 2.4768129 2.3034487 2.3714585 2.1200741 2.2153686 2.4404966 2.5187881 2.5750942 2.3318385 
Tadh_TriadT50726                                         1.9874920 2.0149654 1.9592694 2.0338060 2.2323177 1.7003484 1.4072989 1.6517110 2.0146567 1.5831919 1.6851017 1.6113629 1.7522665 1.6238068 1.7509546 1.3446696 1.5540829 1.5351763 1.4455646 1.4393755 1.4326116 1.5799900 1.7176033 1.7298330 1.2641965 1.3010937 0.9913251 1.6142804 1.3996088 1.6165623 1.4997875 1.5676935 1.6908220 1.6042510 1.3301675 1.5967819 0.2641769 0.2900182 0.3071177 0.2915922 0.2489609 0.0272194 0.0000000 1.6668300 1.5223198 1.6854502 1.8076409 1.6473426 1.5478597 1.7777865 1.7942464 1.7679053 1.8973419 1.5883125 1.5883125 1.5914278 2.1681986 2.2441028 2.0922381 1.9473603 1.8398287 1.6871679 2.0619668 2.1278719 2.1051518 2.0022157 1.9600921 2.2266565 2.2982150 2.2029765 2.1487960 2.0893212 2.0964292 2.0932987 2.1505649 2.0909614 2.0481565 2.1688801 2.5465828 2.3383591 2.3151252 
Sanmal_Sma_022701-T1                                     1.8149653 1.8292410 1.8973457 2.1674650 1.9292486 1.8298866 1.4361360 1.7493455 1.6858492 1.7289281 1.4737045 1.5097320 1.8573033 1.6384756 1.8002257 1.5647930 1.4554774 1.3798802 1.5324861 1.3101431 1.5682540 1.5729976 1.6538754 1.6465128 1.1067285 1.0925102 1.0702806 1.4173805 1.3842441 1.5845030 1.3483268 1.3694757 1.5228650 1.7147178 0.9368134 1.2838939 1.5757055 1.6042161 1.6983664 1.7044811 1.5788060 1.4034274 1.6668300 0.0000000 0.4010901 0.6225870 0.8681857 0.8295714 1.2765280 1.6257066 1.1659835 1.0984338 2.2577321 1.7388785 1.7388785 1.8431854 2.8882008 2.5198704 2.3765779 1.9608947 1.5624930 2.0544668 2.0444760 2.1349356 1.9262433 1.6595889 1.8783397 1.7251321 1.8860449 2.0591055 1.7725105 1.9740133 1.8806131 2.0702994 2.1030717 1.8844680 2.1428751 2.1383258 1.9175564 3.4039950 2.1576342 
Aaur_scaffold634.g10.t1                                  1.7753486 1.8318729 1.9040682 2.1552521 1.7867367 1.9131476 1.2638976 1.8256391 1.5652754 1.5637669 1.3603081 1.3576352 1.7430773 1.6016036 1.7015539 1.3441376 1.2552686 1.3535567 1.3939516 1.1139252 1.3779252 1.4255317 1.4440699 1.3473223 0.8486186 1.0228280 1.0175491 1.2112402 1.2687503 1.7927617 1.2357100 1.2162968 1.4873339 1.7656457 0.8002794 1.0221128 1.4388038 1.4476652 1.4385812 1.4178535 1.4361668 1.2221064 1.5223198 0.4010901 0.0000000 0.3671583 0.6094873 0.7236632 1.0266726 1.3583762 1.0068214 1.0510215 2.2754869 1.5213757 1.5213757 1.5978664 8.5442718 8.5442718 2.2754869 2.0024714 1.5704000 1.8833664 1.6195091 1.7006797 1.7071697 1.4624023 1.6260915 1.4601734 1.5597415 1.6572027 1.4922878 1.5457146 1.6128285 1.8047455 1.8338250 1.8088437 1.7295053 1.8092461 1.7951043 3.1412653 2.2577473 
Rhoesc_Res_004147-T1                                     1.6947645 1.8168491 1.6934509 2.0167085 1.8601071 1.9492832 1.4302479 1.7221417 1.6444281 1.6493141 1.5439031 1.5203147 1.8012334 1.6005134 1.7491444 1.4673712 1.4770699 1.3401544 1.4933818 1.3188822 1.4352427 1.5837466 1.6771016 1.5818307 0.9704617 1.1256128 1.0523934 1.3379700 1.3936516 1.5692799 1.2942296 1.2946662 1.4967265 1.5492982 0.9390631 1.1407860 1.5351464 1.5238962 1.5441424 1.5455638 1.4623240 1.3791208 1.6854502 0.6225870 0.3671583 0.0000000 0.4748164 0.5540025 1.2200069 1.6869799 1.0286138 1.1660092 2.0741415 1.6034017 1.6034017 1.7647894 2.4461524 2.5350066 2.3095839 1.8636524 1.6084190 1.9098929 1.8944699 2.0163197 1.8070903 1.7969581 1.8518544 1.6556504 1.8491034 1.9094925 1.8718925 1.9155265 1.8824519 1.9894610 2.0422631 1.9923555 1.8709617 1.9815927 1.9543719 2.9604168 2.1311601 
