57
Lcom_lcpid99305                                                0.0000000 0.4820812 0.5250899 0.5031812 0.9913421 2.3115815 1.5617709 2.1179013 2.3115815 1.1811182 1.8403788 1.7256620 1.5900778 1.9576103 1.7119855 2.6971580 1.4103574 1.8070535 1.3362851 1.9950776 2.5242427 1.3530017 1.5588836 1.0338677 1.6004609 1.5891655 1.8468322 1.2282554 1.7840838 1.8590207 1.5586612 1.7786177 1.5571661 1.7369054 1.9851674 2.0014695 1.9177021 1.9326048 2.0602963 1.3800078 1.8158553 2.0657921 1.9509953 1.9544475 1.9476243 2.0376005 2.2086023 1.9917329 1.9831559 2.0088071 2.0438570 2.0495328 1.9612357 1.9926411 1.7839455 1.9693673 1.7036431 
Gracom_Gcom_scaffold2081_01                                    0.4820812 0.0000000 0.4290139 0.4348855 1.0600156 2.3761245 1.5016286 2.3506697 2.3761245 1.0744901 2.0529174 1.9761306 1.9099839 2.1481411 1.9416167 2.7567721 1.6307226 1.9663640 1.5040090 2.3225312 2.8364114 1.5787141 1.7891534 0.9516935 1.6717376 1.8557243 1.9450018 1.2767006 1.9399620 2.0137258 1.6151947 1.9039829 1.7037619 1.9173554 1.9985711 2.0419528 2.0035692 1.9893307 2.0657524 1.3208186 2.0330913 2.1563608 2.2020883 2.0982242 2.0906200 2.0846690 2.2558668 2.2148432 2.1645605 2.2332809 2.3267970 2.0110808 1.9952311 2.1403370 1.9702309 2.3682309 2.5224649 
Scil_scict000615.1                                             0.5250899 0.4290139 0.0000000 0.4507413 1.0435248 2.0070341 1.5509786 1.9392259 2.0070341 1.0593969 1.6620816 1.6244672 1.6635257 1.8453541 1.7906822 2.7079378 1.4670897 1.7053113 1.3468780 2.2146627 2.7464655 1.4692627 1.6388641 0.9685169 1.5123274 1.7037594 1.7145471 1.1811156 1.7506413 1.8991813 1.4818437 1.6921465 1.6540508 1.7242921 1.7955641 1.7904618 1.7527471 1.7550684 1.8070857 1.1549987 1.7747970 1.8763801 1.7470054 1.7956934 1.8868190 2.1734080 1.9828287 2.0380755 2.0013885 2.1154159 2.1199857 2.0872669 2.0794743 2.0072587 1.8044599 1.8343154 2.0185106 
Leuniv_Lniv_scaffold16366_01                                   0.5031812 0.4348855 0.4507413 0.0000000 1.0896483 2.0678833 1.5887593 2.1542599 2.0678833 1.0630795 1.6696859 1.6324007 1.5331672 1.9202037 1.6884245 2.2945880 1.3069659 1.7193572 1.3085649 2.1038887 2.5507489 1.3710278 1.3102855 0.9480911 1.4618642 1.4830567 1.6375118 1.1717814 1.6592138 1.7096187 1.3905896 1.6243833 1.5420311 1.6465848 1.7833836 1.8074624 1.7130645 1.7165680 1.8807682 1.2157825 1.7161342 1.7376178 1.7832947 1.7768816 1.8370111 1.7336142 2.0201942 2.0907942 2.0819017 2.1717273 2.1958961 1.9457468 2.0493165 2.0624037 1.7202407 1.9301333 1.9378196 
Clacor_Ccor_scaffold2922_01                                    0.9913421 1.0600156 1.0435248 1.0896483 0.0000000 1.5624908 1.3223414 1.4839477 1.5624908 0.9536711 1.2588256 1.1658989 1.1977976 1.1944739 1.3806299 2.5517226 1.1556404 1.3657895 1.1329269 1.5577441 2.2717392 1.1010454 1.2906068 0.9837142 1.2082240 1.3371193 1.4545406 1.4083494 1.6346969 1.6468338 1.3915036 1.4552974 1.1559411 1.6052405 1.2775130 1.2969539 1.3804780 1.3872254 1.3049757 1.1385918 1.1779250 1.3504014 1.3205262 1.3466117 1.2257809 1.4426035 1.3702077 1.8125752 1.8125752 2.1338170 1.7744005 2.0678817 1.9562800 1.8485229 1.4301220 1.3872801 1.2915579 
Emue_Em0019g840a.t1                                            2.3115815 2.3761245 2.0070341 2.0678833 1.5624908 0.0000000 0.1447323 0.1832577 0.0000010 0.4799885 0.8521730 0.8935668 0.9381955 0.7941605 1.3961214 2.3425852 1.6508316 1.8743678 1.6959547 2.1184971 2.4135568 1.5776668 1.4451812 0.8789513 1.4022090 1.5149199 1.4640012 1.0019091 1.5370073 1.3774438 1.6585439 1.7778016 1.6498750 1.5566427 1.5695513 1.5588070 1.5405712 1.5398377 1.6401478 1.0779387 1.5359173 1.4824621 1.8356938 1.6083636 1.6327735 1.8748253 1.4306395 2.2158526 2.2332575 1.7998935 2.1376278 2.3195148 1.8058786 1.8811609 1.9617656 1.7117615 2.3447297 
Spolac_c96842_g1_i1_m.13834c96842-g1                           1.5617709 1.5016286 1.5509786 1.5887593 1.3223414 0.1447323 0.0000000 0.0134771 0.1447323 0.3913439 0.6599275 0.6708718 0.6728857 0.6066854 0.9980217 1.6414242 1.0216816 1.1346335 1.0372628 1.3742033 1.5316784 1.0831227 1.0433452 0.8360833 0.9479005 1.0483055 1.0943709 1.1987502 1.1599172 1.1018937 1.1121621 1.1144391 1.0984740 1.2408391 1.0461444 1.0342373 1.0497566 1.0484917 1.1041650 1.1481236 1.0412801 1.1913460 1.3539414 1.2655885 1.3580898 1.3357946 1.2779304 1.8286671 1.8286671 1.5657433 1.8213367 1.9439382 1.7910238 1.7267458 1.5481350 1.4014016 1.7111053 
Spolac_c96842_g1_i2_m.13835c96842-g1                           2.1179013 2.3506697 1.9392259 2.1542599 1.4839477 0.1832577 0.0134771 0.0000000 0.1832577 0.3913439 0.8075905 0.9316621 0.9715388 0.8175386 1.3828798 2.7294700 1.6045672 1.9775712 1.6755473 2.1703350 2.5451895 1.6034598 1.4342066 0.8360833 1.3169021 1.5203823 1.4737507 1.0808861 1.5466825 1.3961261 1.6118776 1.7034655 1.5332111 1.5686374 1.5067074 1.5055008 1.4807271 1.4793077 1.6319059 1.1492708 1.5390040 1.5783291 1.8593569 1.6546262 1.8514129 2.1312455 1.6992464 2.1186898 2.1163836 1.7254161 2.0415919 2.1903548 1.8210267 1.9931346 2.0523665 1.7464383 2.1975091 
Emue_Em0665g4a.t1                                              2.3115815 2.3761245 2.0070341 2.0678833 1.5624908 0.0000010 0.1447323 0.1832577 0.0000000 0.4799885 0.8521730 0.8935668 0.9381955 0.7941605 1.3961214 2.3425852 1.6508316 1.8743678 1.6959547 2.1184971 2.4135568 1.5776668 1.4451812 0.8789513 1.4022090 1.5149199 1.4640012 1.0019091 1.5370073 1.3774438 1.6585439 1.7778016 1.6498750 1.5566427 1.5695513 1.5588070 1.5405712 1.5398377 1.6401478 1.0779387 1.5359173 1.4824621 1.8356938 1.6083636 1.6327735 1.8748253 1.4306395 2.2158526 2.2332575 1.7998935 2.1376278 2.3195148 1.8058786 1.8811609 1.9617656 1.7117615 2.3447297 
Stycar_snap_masked-SC_scaffold12227-processed-gene-0.14-mRNA-1 1.1811182 1.0744901 1.0593969 1.0630795 0.9536711 0.4799885 0.3913439 0.3913439 0.4799885 0.0000000 0.4677786 0.5645259 0.5254186 0.6593891 0.7061908 0.8847500 0.7409603 0.5522774 0.6812093 0.6225651 0.8887508 0.7565843 0.8710686 0.7286995 0.7883126 0.8376819 0.9764083 0.8259180 0.8790989 0.8273203 0.8454878 0.8833842 0.9202651 0.9060062 0.8183634 0.8403825 0.8727056 0.8677787 0.8895361 0.7863886 0.7460040 0.8954564 0.9165220 0.8917938 1.0119569 0.7854285 1.0083192 1.1043631 1.1043631 1.0532695 1.1622909 0.9640961 1.2235219 1.1449571 1.0779496 0.7566946 1.2055294 
Tetwil_g25703.t1                                               1.8403788 2.0529174 1.6620816 1.6696859 1.2588256 0.8521730 0.6599275 0.8075905 0.8521730 0.4677786 0.0000000 0.8340969 0.8146193 0.7713868 1.3419559 2.0209495 1.3569933 1.4361422 1.2398931 1.6648156 1.9290195 1.3215729 1.3530001 0.8145079 1.3067130 1.3684072 1.3484132 1.0544029 1.5157684 1.4094069 1.3806680 1.4534414 1.4066980 1.4812530 1.4375357 1.4203711 1.4571119 1.4563480 1.4022035 1.0609414 1.3843317 1.4612194 1.4680099 1.3479765 1.5136297 1.5895805 1.5929625 1.9103089 1.8861301 1.9457038 2.0056966 1.7119229 1.7624398 1.8875771 1.7905645 1.5516762 2.1573246 
Aque_Aqu2.1.32491_001                                          1.7256620 1.9761306 1.6244672 1.6324007 1.1658989 0.8935668 0.6708718 0.9316621 0.8935668 0.5645259 0.8340969 0.0000000 0.2942225 0.5130524 1.2949829 2.0710307 1.3900766 1.6500447 1.3581387 1.8879341 2.1257517 1.3896619 1.2870716 0.9330388 1.2117253 1.3558543 1.3968666 1.1930408 1.3723214 1.4581444 1.5059688 1.5500959 1.4322561 1.3213071 1.3993930 1.4379700 1.3933468 1.4050709 1.5249738 1.0049025 1.3330211 1.3665724 1.4800008 1.3434568 1.4497087 1.9809759 1.4344296 1.8797602 1.8839961 1.8062474 1.9376974 1.7725629 1.6843965 1.6153395 1.8741641 1.7015488 2.1937134 
Halamb_c53313_g2_i1m.35205                                     1.5900778 1.9099839 1.6635257 1.5331672 1.1977976 0.9381955 0.6728857 0.9715388 0.9381955 0.5254186 0.8146193 0.2942225 0.0000000 0.4276586 1.2544612 2.2110597 1.3217486 1.6180243 1.3268022 1.7251142 1.9730420 1.3183397 1.2412109 0.8842233 1.1453547 1.2805631 1.2020679 1.0917925 1.3585726 1.3655267 1.4354953 1.4456304 1.3717270 1.2793825 1.3367378 1.3692305 1.3601912 1.3593861 1.4943536 1.0307349 1.3475914 1.3151943 1.3420975 1.1834411 1.4299350 1.7147181 1.3721104 1.8655956 1.8684011 1.9148573 1.9730774 1.7986575 1.7074289 1.7055639 1.7339442 1.6548314 2.1365857 
Xestes_maker-XT_scaffold5932-augustus-gene-0.111-mRNA-1        1.9576103 2.1481411 1.8453541 1.9202037 1.1944739 0.7941605 0.6066854 0.8175386 0.7941605 0.6593891 0.7713868 0.5130524 0.4276586 0.0000000 1.2195491 1.8644480 1.3289661 1.5510782 1.2734978 1.9241007 2.0159126 1.2496383 1.1810800 0.8560703 1.1876914 1.3535427 1.2199838 1.0566694 1.3779433 1.3560936 1.3416223 1.4190683 1.4259702 1.2057860 1.4075686 1.4168818 1.3581720 1.3699154 1.4752841 1.0252200 1.3952812 1.2861432 1.4644816 1.2727197 1.4272724 1.8833698 1.4790552 1.8054542 1.8080789 1.7453323 1.7630293 1.8288811 1.7438054 1.7203114 1.5619023 1.6098248 1.9302228 
Cgig_XM_011435927.3                                            1.7119855 1.9416167 1.7906822 1.6884245 1.3806299 1.3961214 0.9980217 1.3828798 1.3961214 0.7061908 1.3419559 1.2949829 1.2544612 1.2195491 0.0000000 1.4459283 1.0432937 1.0183296 0.9454312 1.2106222 1.4942457 1.0772158 0.7243463 0.5462485 0.9234761 0.8345082 0.9148548 0.5843424 0.6381286 0.7631543 1.0961108 1.1784593 1.0919490 0.8706772 1.1459884 1.1772401 1.2266139 1.2143312 1.2336341 0.9457776 1.2019534 1.2127051 1.1128148 1.0647556 1.2108212 1.3083226 1.3075681 1.6367659 1.6333051 1.5392743 1.6701512 1.6320506 1.3962874 1.4032403 1.6608904 1.7027934 2.1488422 
Fspp_ffun1.m4.8735.m1                                          2.6971580 2.7567721 2.7079378 2.2945880 2.5517226 2.3425852 1.6414242 2.7294700 2.3425852 0.8847500 2.0209495 2.0710307 2.2110597 1.8644480 1.4459283 0.0000000 0.1651969 0.2381011 0.2898998 0.4793455 0.4284807 0.3440574 1.2750712 0.6128020 1.4044145 1.4130615 1.4170342 0.7759769 1.4415849 1.3702269 1.4740401 1.4153752 1.2106290 1.5617644 2.0029347 2.0978685 2.0025283 2.0025283 2.3100307 1.1954521 1.8142613 1.7150233 2.2415118 1.8167258 1.7971929 1.2948587 2.0056058 2.9691219 2.8756419 2.9268133 2.8249978 2.5592097 2.0019025 2.0917017 2.6708415 2.6752480 7.0617846 
Gasp_gasp1.m3.27784.m1                                         1.4103574 1.6307226 1.4670897 1.3069659 1.1556404 1.6508316 1.0216816 1.6045672 1.6508316 0.7409603 1.3569933 1.3900766 1.3217486 1.3289661 1.0432937 0.1651969 0.0000000 0.2274680 0.1940458 0.3637300 0.4293807 0.2093164 0.9313502 0.6048529 0.9308299 1.0945344 1.1338108 0.6557377 1.1549219 1.0554180 0.9111456 0.9290728 0.6515918 1.1265778 1.1907753 1.2241684 1.1921285 1.2020346 1.2987799 0.7694268 1.1070561 1.0029331 1.2668471 1.1086347 1.2550409 0.9521821 1.3578107 1.6854474 1.6744585 1.7650683 1.8367717 1.6057302 1.4279082 1.4793154 1.4208594 1.5339458 1.1333490 
Spis_XP_022782242_1                                            1.8070535 1.9663640 1.7053113 1.7193572 1.3657895 1.8743678 1.1346335 1.9775712 1.8743678 0.5522774 1.4361422 1.6500447 1.6180243 1.5510782 1.0183296 0.2381011 0.2274680 0.0000000 0.0681780 0.3929158 0.4284716 0.2942473 1.0298164 0.5007474 1.0196430 1.1036232 1.1794540 0.7520732 1.0897386 1.1416667 1.1177975 1.0873149 0.9891645 1.2536597 1.4209768 1.5031932 1.4294083 1.4278469 1.5744696 0.9398579 1.3538296 1.4815166 1.7568200 1.4865011 1.4115826 0.8745688 1.7504000 2.2279903 2.1826422 2.0564444 2.0675874 1.7409551 1.4324403 1.5930646 1.6433314 1.6441340 2.1236540 
Pocdam_XM_027203809.1                                          1.3362851 1.5040090 1.3468780 1.3085649 1.1329269 1.6959547 1.0372628 1.6755473 1.6959547 0.6812093 1.2398931 1.3581387 1.3268022 1.2734978 0.9454312 0.2898998 0.1940458 0.0681780 0.0000000 0.3951682 0.4593581 0.2529223 0.8871711 0.5161366 0.9107861 0.9892354 1.1276028 0.7076599 1.0756309 1.0109955 0.8937538 0.9027104 0.7726974 1.0890863 1.2103967 1.2821292 1.2429537 1.2530289 1.3518530 0.8079727 1.0407507 1.1356577 1.3139741 1.1454234 1.1765308 0.9009317 1.4345592 1.7272448 1.6999635 1.6699910 1.7405841 1.5000857 1.3672363 1.4447600 1.3921940 1.4011372 1.1527814 
Amil_Amillepora15538-RA                                        1.9950776 2.3225312 2.2146627 2.1038887 1.5577441 2.1184971 1.3742033 2.1703350 2.1184971 0.6225651 1.6648156 1.8879341 1.7251142 1.9241007 1.2106222 0.4793455 0.3637300 0.3929158 0.3951682 0.0000000 0.0276536 0.2547420 1.2220583 0.7131486 1.2523545 1.2198252 1.5633495 0.8215932 1.2597002 1.3266982 1.2062119 1.3215514 0.8432316 1.3439124 1.4751379 1.5111133 1.4628180 1.4601257 1.6315552 1.0739377 1.4455441 1.5734556 1.7751645 1.7078866 1.5341137 0.9813821 1.9418244 2.1758292 2.1196461 1.9417146 2.1479934 1.9436086 1.6519317 1.7034710 2.1009721 1.9944437 2.0615940 
Adig_XM_015908356.1                                            2.5242427 2.8364114 2.7464655 2.5507489 2.2717392 2.4135568 1.5316784 2.5451895 2.4135568 0.8887508 1.9290195 2.1257517 1.9730420 2.0159126 1.4942457 0.4284807 0.4293807 0.4284716 0.4593581 0.0276536 0.0000000 0.2799925 1.2771330 0.7735156 1.4942165 1.2708488 1.7637325 0.8407340 1.4825154 1.4972752 1.4130470 1.4983619 1.0817186 1.3669444 1.7517903 1.7714016 1.7052759 1.7014067 1.9592062 1.2616752 1.7301136 1.8769274 2.1754678 2.0559221 1.6980567 1.1918063 2.0010753 2.5898253 2.5048790 2.4297267 2.4088506 2.4188389 1.9101301 1.9005935 2.9735891 2.5406426 6.0453089 
Gfas_gfas1.m1.8080.m1                                          1.3530017 1.5787141 1.4692627 1.3710278 1.1010454 1.5776668 1.0831227 1.6034598 1.5776668 0.7565843 1.3215729 1.3896619 1.3183397 1.2496383 1.0772158 0.3440574 0.2093164 0.2942473 0.2529223 0.2547420 0.2799925 0.0000000 0.9486379 0.5899142 0.9761152 0.9714032 1.2283982 0.7429075 1.0958434 1.1064667 0.8761030 0.9124000 0.5970172 1.0534779 1.1912732 1.2068904 1.2016476 1.2017610 1.3148700 0.8211705 1.0647854 1.1553116 1.2867503 1.1539209 1.2190382 0.9966971 1.3470647 1.6812775 1.6675672 1.6635103 1.6711406 1.5931508 1.4456739 1.4893403 1.4333260 1.5272080 1.0291891 
Bralan_BLAG04000748_1                                          1.5588836 1.7891534 1.6388641 1.3102855 1.2906068 1.4451812 1.0433452 1.4342066 1.4451812 0.8710686 1.3530001 1.2870716 1.2412109 1.1810800 0.7243463 1.2750712 0.9313502 1.0298164 0.8871711 1.2220583 1.2771330 0.9486379 0.0000000 0.4046285 0.7520663 0.6829976 0.8048923 0.5589898 0.7965684 0.8474901 1.0458167 1.1576011 0.9725856 0.7180955 1.1127830 1.1713904 1.1405669 1.1500268 1.1408748 0.8206918 0.9904545 1.1128557 1.0634142 1.0268011 0.8972200 1.3085466 1.2712899 1.3465501 1.3547523 1.5863215 1.6359484 1.5201690 1.3195517 1.3820639 1.4717299 1.2349852 1.7778003 
Cscu_XM_023372919.1                                            1.0338677 0.9516935 0.9685169 0.9480911 0.9837142 0.8789513 0.8360833 0.8360833 0.8789513 0.7286995 0.8145079 0.9330388 0.8842233 0.8560703 0.5462485 0.6128020 0.6048529 0.5007474 0.5161366 0.7131486 0.7735156 0.5899142 0.4046285 0.0000000 0.4519116 0.5047950 0.4375340 0.4272136 0.4733033 0.4833455 0.5849677 0.5946798 0.5979653 0.5125677 0.6213220 0.6448937 0.6459285 0.6593706 0.6757614 0.6315371 0.6474372 0.7265211 0.7102991 0.7132849 0.6969327 0.5753298 0.8214388 1.0714287 1.0714287 1.1246922 1.1453113 1.0750020 1.0466961 1.0634550 0.9164858 0.8316998 1.0388879 
Tcas_TC009982_001                                              1.6004609 1.6717376 1.5123274 1.4618642 1.2082240 1.4022090 0.9479005 1.3169021 1.4022090 0.7883126 1.3067130 1.2117253 1.1453547 1.1876914 0.9234761 1.4044145 0.9308299 1.0196430 0.9107861 1.2523545 1.4942165 0.9761152 0.7520663 0.4519116 0.0000000 0.7810681 0.9023839 0.5523069 0.6932857 0.7858358 0.8917621 1.0559103 0.9856653 0.9768980 1.0723537 1.0537333 1.0765896 1.0799277 1.1208551 0.8616305 1.1426492 0.9854271 1.1386625 1.0328806 1.1918361 1.1833740 1.1287612 1.4557558 1.4818017 1.4578790 1.3893381 1.5024083 1.4899083 1.5120945 1.5106441 1.3140679 1.7909009 
Skow_XM_002731256.2                                            1.5891655 1.8557243 1.7037594 1.4830567 1.3371193 1.5149199 1.0483055 1.5203823 1.5149199 0.8376819 1.3684072 1.3558543 1.2805631 1.3535427 0.8345082 1.4130615 1.0945344 1.1036232 0.9892354 1.2198252 1.2708488 0.9714032 0.6829976 0.5047950 0.7810681 0.0000000 0.8346742 0.5145669 0.8758909 0.8333237 1.0331685 1.3590402 1.1608174 0.7595249 1.2809452 1.3372735 1.3052760 1.3152125 1.3983333 0.9015708 1.2599322 1.1249682 1.2032887 1.1424198 1.1530846 1.2330190 1.5626228 1.5815396 1.5775389 1.5097700 1.6599953 1.5965176 1.4924956 1.4138781 1.7858220 1.5325760 1.7333371 
Spur_XM_782757.5                                               1.8468322 1.9450018 1.7145471 1.6375118 1.4545406 1.4640012 1.0943709 1.4737507 1.4640012 0.9764083 1.3484132 1.3968666 1.2020679 1.2199838 0.9148548 1.4170342 1.1338108 1.1794540 1.1276028 1.5633495 1.7637325 1.2283982 0.8048923 0.4375340 0.9023839 0.8346742 0.0000000 0.5674789 0.8678062 0.9760352 1.1238527 1.3617756 1.2697577 1.0451360 1.3554417 1.4238612 1.4143196 1.3987578 1.5057811 0.9476681 1.2441302 1.2818189 1.4224538 1.2429231 1.4861438 1.5999404 1.5722923 1.6303719 1.6401441 1.7337608 1.6957426 1.6629651 1.7099424 1.6166723 1.5005258 1.6639926 1.8748573 
Dpul_mRNA8658                                                  1.2282554 1.2767006 1.1811156 1.1717814 1.4083494 1.0019091 1.1987502 1.0808861 1.0019091 0.8259180 1.0544029 1.1930408 1.0917925 1.0566694 0.5843424 0.7759769 0.6557377 0.7520732 0.7076599 0.8215932 0.8407340 0.7429075 0.5589898 0.4272136 0.5523069 0.5145669 0.5674789 0.0000000 0.5889285 0.6106670 0.6527976 0.6456162 0.7536770 0.5413150 0.9024242 0.9304564 0.9167117 0.9156902 0.9353555 0.9071619 0.8392024 0.8621897 0.9210315 0.9157711 0.8908982 0.8805453 0.9068717 1.4412740 1.4412740 1.4266025 1.4617712 1.4217918 1.5530990 1.2861287 1.2079207 1.2264894 1.3351837 
Acagra_model.g16420.t1.1.5d3b8895                              1.7840838 1.9399620 1.7506413 1.6592138 1.6346969 1.5370073 1.1599172 1.5466825 1.5370073 0.8790989 1.5157684 1.3723214 1.3585726 1.3779433 0.6381286 1.4415849 1.1549219 1.0897386 1.0756309 1.2597002 1.4825154 1.0958434 0.7965684 0.4733033 0.6932857 0.8758909 0.8678062 0.5889285 0.0000000 0.6459028 1.0208704 1.0800029 1.0422434 0.9115851 1.3570642 1.3723096 1.3672300 1.3750120 1.4501990 1.0208024 1.1805870 1.1654845 1.2064477 1.1129420 1.1996639 1.3450045 1.3783232 1.6817140 1.6947784 1.6450356 1.5870780 1.6482733 1.5045642 1.5795621 1.6008746 1.7539164 2.2275317 
Ctel_gnl_WGS_AMQN_CAPTEDRAFT_mRNA168225                        1.8590207 2.0137258 1.8991813 1.7096187 1.6468338 1.3774438 1.1018937 1.3961261 1.3774438 0.8273203 1.4094069 1.4581444 1.3655267 1.3560936 0.7631543 1.3702269 1.0554180 1.1416667 1.0109955 1.3266982 1.4972752 1.1064667 0.8474901 0.4833455 0.7858358 0.8333237 0.9760352 0.6106670 0.6459028 0.0000000 1.0933836 1.2526982 1.0875103 0.9539563 1.4320127 1.4748821 1.4690686 1.4683256 1.5139370 1.1354216 1.1460656 1.1949934 1.3851490 1.2204301 1.3697188 1.3983701 1.4172478 1.7688198 1.7824880 1.8498867 1.8017630 1.9384198 1.6671914 1.7678309 1.7516317 1.6898278 2.0695053 
Dgig_XM_028540553.1                                            1.5586612 1.6151947 1.4818437 1.3905896 1.3915036 1.6585439 1.1121621 1.6118776 1.6585439 0.8454878 1.3806680 1.5059688 1.4354953 1.3416223 1.0961108 1.4740401 0.9111456 1.1177975 0.8937538 1.2062119 1.4130470 0.8761030 1.0458167 0.5849677 0.8917621 1.0331685 1.1238527 0.6527976 1.0208704 1.0933836 0.0000000 0.3764255 0.7646537 0.9738499 1.1570489 1.1808661 1.1813832 1.1804497 1.2633774 0.9219990 0.8605927 0.9406694 1.0668642 0.9919437 1.0215848 1.2984928 1.1406136 1.6899034 1.7238175 1.7701715 1.8229800 1.5871171 1.5274743 1.5320592 1.3408179 1.5442201 1.4265339 
Xesp_011758-T1                                                 1.7786177 1.9039829 1.6921465 1.6243833 1.4552974 1.7778016 1.1144391 1.7034655 1.7778016 0.8833842 1.4534414 1.5500959 1.4456304 1.4190683 1.1784593 1.4153752 0.9290728 1.0873149 0.9027104 1.3215514 1.4983619 0.9124000 1.1576011 0.5946798 1.0559103 1.3590402 1.3617756 0.6456162 1.0800029 1.2526982 0.3764255 0.0000000 0.8155109 1.1691493 1.2957952 1.3266873 1.2585718 1.2691645 1.2728240 0.8596188 1.0478062 1.1976128 1.2049689 1.1900247 1.2749468 1.4171567 1.3081828 1.9626284 1.9950427 1.9262478 1.9273598 1.8011464 1.5121655 1.6889432 1.5224728 1.7141644 1.6340482 
Exapal_XM_021038661.2                                          1.5571661 1.7037619 1.6540508 1.5420311 1.1559411 1.6498750 1.0984740 1.5332111 1.6498750 0.9202651 1.4066980 1.4322561 1.3717270 1.4259702 1.0919490 1.2106290 0.6515918 0.9891645 0.7726974 0.8432316 1.0817186 0.5970172 0.9725856 0.5979653 0.9856653 1.1608174 1.2697577 0.7536770 1.0422434 1.0875103 0.7646537 0.8155109 0.0000000 1.0512758 1.1390148 1.1883624 1.1562350 1.1562804 1.2824238 0.8186099 0.9671988 1.1063189 1.3532986 1.2000465 1.1931033 0.7333801 1.4530857 1.6754602 1.6884005 1.7122002 1.8613905 1.6469927 1.4743553 1.5438867 1.3466517 1.4666365 1.1481510 
Hsap_ENST00000615788                                           1.7369054 1.9173554 1.7242921 1.6465848 1.6052405 1.5566427 1.2408391 1.5686374 1.5566427 0.9060062 1.4812530 1.3213071 1.2793825 1.2057860 0.8706772 1.5617644 1.1265778 1.2536597 1.0890863 1.3439124 1.3669444 1.0534779 0.7180955 0.5125677 0.9768980 0.7595249 1.0451360 0.5413150 0.9115851 0.9539563 0.9738499 1.1691493 1.0512758 0.0000000 1.1945237 1.2226634 1.2548866 1.2613903 1.1713806 0.8945966 1.1107569 1.0597090 1.1824612 1.1833655 1.1462012 1.4760907 1.3687331 1.6436878 1.6537673 1.6470560 1.7396771 1.6009019 1.5124024 1.5460476 1.7111319 1.5353082 2.0685520 
HoiH23_PlH23_004458-RA                                         1.9851674 1.9985711 1.7955641 1.7833836 1.2775130 1.5695513 1.0461444 1.5067074 1.5695513 0.8183634 1.4375357 1.3993930 1.3367378 1.4075686 1.1459884 2.0029347 1.1907753 1.4209768 1.2103967 1.4751379 1.7517903 1.1912732 1.1127830 0.6213220 1.0723537 1.2809452 1.3554417 0.9024242 1.3570642 1.4320127 1.1570489 1.2957952 1.1390148 1.1945237 0.0000000 0.0435176 0.1031074 0.0935025 0.1586527 0.0928964 1.3153736 1.5214822 1.5012464 1.3458397 1.5737012 1.4510152 1.7288328 1.6998892 1.6936934 1.6177468 1.8944529 1.6618985 1.4229189 1.3725847 1.5918639 1.4942844 1.6198875 
HoiH06_mRNA13971                                               2.0014695 2.0419528 1.7904618 1.8074624 1.2969539 1.5588070 1.0342373 1.5055008 1.5588070 0.8403825 1.4203711 1.4379700 1.3692305 1.4168818 1.1772401 2.0978685 1.2241684 1.5031932 1.2821292 1.5111133 1.7714016 1.2068904 1.1713904 0.6448937 1.0537333 1.3372735 1.4238612 0.9304564 1.3723096 1.4748821 1.1808661 1.3266873 1.1883624 1.2226634 0.0435176 0.0000000 0.1014879 0.0920308 0.1593492 0.1049748 1.3269118 1.5199727 1.5192287 1.3788581 1.5868492 1.5263339 1.7329252 1.6770339 1.6709183 1.6421753 1.8774193 1.6539026 1.4257080 1.3746027 1.6273172 1.5352627 1.6165406 
Hhon_g04602.t1                                                 1.9177021 2.0035692 1.7527471 1.7130645 1.3804780 1.5405712 1.0497566 1.4807271 1.5405712 0.8727056 1.4571119 1.3933468 1.3601912 1.3581720 1.2266139 2.0025283 1.1921285 1.4294083 1.2429537 1.4628180 1.7052759 1.2016476 1.1405669 0.6459285 1.0765896 1.3052760 1.4143196 0.9167117 1.3672300 1.4690686 1.1813832 1.2585718 1.1562350 1.2548866 0.1031074 0.1014879 0.0000000 0.0086386 0.1708954 0.1053433 1.2625471 1.4851835 1.4965662 1.3753454 1.5250980 1.4097027 1.6458184 1.6284163 1.6262613 1.6476389 1.8106190 1.6304355 1.4321122 1.4021713 1.6697064 1.4866100 1.6744382 
HoiH04_mRNA7769                                                1.9326048 1.9893307 1.7550684 1.7165680 1.3872254 1.5398377 1.0484917 1.4793077 1.5398377 0.8677787 1.4563480 1.4050709 1.3593861 1.3699154 1.2143312 2.0025283 1.2020346 1.4278469 1.2530289 1.4601257 1.7014067 1.2017610 1.1500268 0.6593706 1.0799277 1.3152125 1.3987578 0.9156902 1.3750120 1.4683256 1.1804497 1.2691645 1.1562804 1.2613903 0.0935025 0.0920308 0.0086386 0.0000000 0.1686702 0.1052364 1.2617129 1.4845036 1.4958739 1.3746252 1.5355946 1.4072879 1.6450640 1.6340633 1.6318883 1.6687575 1.8246447 1.6089433 1.4416043 1.3867033 1.6493244 1.4852071 1.7143134 
TrH2_TrispH2_003245-RA                                         2.0602963 2.0657524 1.8070857 1.8807682 1.3049757 1.6401478 1.1041650 1.6319059 1.6401478 0.8895361 1.4022035 1.5249738 1.4943536 1.4752841 1.2336341 2.3100307 1.2987799 1.5744696 1.3518530 1.6315552 1.9592062 1.3148700 1.1408748 0.6757614 1.1208551 1.3983333 1.5057811 0.9353555 1.4501990 1.5139370 1.2633774 1.2728240 1.2824238 1.1713806 0.1586527 0.1593492 0.1708954 0.1686702 0.0000000 0.0449222 1.3030859 1.5829581 1.5797333 1.4330060 1.7344655 1.6257950 1.7886506 1.7263582 1.7200365 1.7029576 1.8953373 1.7046135 1.4803132 1.3989374 1.5945261 1.5082300 1.6505194 
Tadh_TriadT16220                                               1.3800078 1.3208186 1.1549987 1.2157825 1.1385918 1.0779387 1.1481236 1.1492708 1.0779387 0.7863886 1.0609414 1.0049025 1.0307349 1.0252200 0.9457776 1.1954521 0.7694268 0.9398579 0.8079727 1.0739377 1.2616752 0.8211705 0.8206918 0.6315371 0.8616305 0.9015708 0.9476681 0.9071619 1.0208024 1.1354216 0.9219990 0.8596188 0.8186099 0.8945966 0.0928964 0.1049748 0.1053433 0.1052364 0.0449222 0.0000000 0.8036621 0.9608067 0.9216137 0.9354149 1.0014242 0.9539791 1.0806905 1.4468830 1.4468830 1.4975300 1.4684479 1.4601398 1.4236757 1.2487104 1.2276958 1.2118983 1.1246428 
Morvir_scaffold66.g34.t1                                       1.8158553 2.0330913 1.7747970 1.7161342 1.1779250 1.5359173 1.0412801 1.5390040 1.5359173 0.7460040 1.3843317 1.3330211 1.3475914 1.3952812 1.2019534 1.8142613 1.1070561 1.3538296 1.0407507 1.4455441 1.7301136 1.0647854 0.9904545 0.6474372 1.1426492 1.2599322 1.2441302 0.8392024 1.1805870 1.1460656 0.8605927 1.0478062 0.9671988 1.1107569 1.3153736 1.3269118 1.2625471 1.2617129 1.3030859 0.8036621 0.0000000 0.7722754 0.7821585 0.7224112 0.7993345 1.4340063 1.0391538 1.7699788 1.7869176 1.9920873 2.0385155 1.7540854 1.5470278 1.6243741 1.3743943 1.4613258 1.6505180 
Sanmal_Sma_027416-T1                                           2.0657921 2.1563608 1.8763801 1.7376178 1.3504014 1.4824621 1.1913460 1.5783291 1.4824621 0.8954564 1.4612194 1.3665724 1.3151943 1.2861432 1.2127051 1.7150233 1.0029331 1.4815166 1.1356577 1.5734556 1.8769274 1.1553116 1.1128557 0.7265211 0.9854271 1.1249682 1.2818189 0.8621897 1.1654845 1.1949934 0.9406694 1.1976128 1.1063189 1.0597090 1.5214822 1.5199727 1.4851835 1.4845036 1.5829581 0.9608067 0.7722754 0.0000000 0.7819769 0.6073494 1.0973537 1.3908261 1.3893685 1.6249831 1.6192245 1.8642696 1.8180478 1.6790290 1.6790845 1.7006682 1.7248027 1.6128999 1.6254337 
Nemnom_g2113.t1                                                1.9509953 2.2020883 1.7470054 1.7832947 1.3205262 1.8356938 1.3539414 1.8593569 1.8356938 0.9165220 1.4680099 1.4800008 1.3420975 1.4644816 1.1128148 2.2415118 1.2668471 1.7568200 1.3139741 1.7751645 2.1754678 1.2867503 1.0634142 0.7102991 1.1386625 1.2032887 1.4224538 0.9210315 1.2064477 1.3851490 1.0668642 1.2049689 1.3532986 1.1824612 1.5012464 1.5192287 1.4965662 1.4958739 1.5797333 0.9216137 0.7821585 0.7819769 0.0000000 0.3638255 0.9689956 1.5337248 1.5738388 1.8532304 1.8386642 1.7805309 1.9891747 1.5848617 1.5955467 1.5928464 1.7782393 1.5860114 1.5806518 
Rhoesc_Res_001041-T1                                           1.9544475 2.0982242 1.7956934 1.7768816 1.3466117 1.6083636 1.2655885 1.6546262 1.6083636 0.8917938 1.3479765 1.3434568 1.1834411 1.2727197 1.0647556 1.8167258 1.1086347 1.4865011 1.1454234 1.7078866 2.0559221 1.1539209 1.0268011 0.7132849 1.0328806 1.1424198 1.2429231 0.9157711 1.1129420 1.2204301 0.9919437 1.1900247 1.2000465 1.1833655 1.3458397 1.3788581 1.3753454 1.3746252 1.4330060 0.9354149 0.7224112 0.6073494 0.3638255 0.0000000 0.9575758 1.4149099 1.4127504 1.7946448 1.7881006 1.8249421 2.0001814 1.6794052 1.6448906 1.6537234 1.5220584 1.4043243 1.5977054 
Chem_TCONS_00021389                                            1.9476243 2.0906200 1.8868190 1.8370111 1.2257809 1.6327735 1.3580898 1.8514129 1.6327735 1.0119569 1.5136297 1.4497087 1.4299350 1.4272724 1.2108212 1.7971929 1.2550409 1.4115826 1.1765308 1.5341137 1.6980567 1.2190382 0.8972200 0.6969327 1.1918361 1.1530846 1.4861438 0.8908982 1.1996639 1.3697188 1.0215848 1.2749468 1.1931033 1.1462012 1.5737012 1.5868492 1.5250980 1.5355946 1.7344655 1.0014242 0.7993345 1.0973537 0.9689956 0.9575758 0.0000000 1.3856517 1.0229749 1.7848887 1.7940366 1.9645385 1.8648591 1.8281686 1.5215219 1.5027006 1.6874089 1.4296825 1.6857666 
Nvec_v1g88487                                                  2.0376005 2.0846690 2.1734080 1.7336142 1.4426035 1.8748253 1.3357946 2.1312455 1.8748253 0.7854285 1.5895805 1.9809759 1.7147181 1.8833698 1.3083226 1.2948587 0.9521821 0.8745688 0.9009317 0.9813821 1.1918063 0.9966971 1.3085466 0.5753298 1.1833740 1.2330190 1.5999404 0.8805453 1.3450045 1.3983701 1.2984928 1.4171567 0.7333801 1.4760907 1.4510152 1.5263339 1.4097027 1.4072879 1.6257950 0.9539791 1.4340063 1.3908261 1.5337248 1.4149099 1.3856517 0.0000000 1.8063991 2.0541322 2.0442128 2.1468974 2.2072195 1.8669439 1.5860543 1.6468708 1.7407320 1.9095714 2.5595337 
Hvul_g21631_1                                                  2.2086023 2.2558668 1.9828287 2.0201942 1.3702077 1.4306395 1.2779304 1.6992464 1.4306395 1.0083192 1.5929625 1.4344296 1.3721104 1.4790552 1.3075681 2.0056058 1.3578107 1.7504000 1.4345592 1.9418244 2.0010753 1.3470647 1.2712899 0.8214388 1.1287612 1.5626228 1.5722923 0.9068717 1.3783232 1.4172478 1.1406136 1.3081828 1.4530857 1.3687331 1.7288328 1.7329252 1.6458184 1.6450640 1.7886506 1.0806905 1.0391538 1.3893685 1.5738388 1.4127504 1.0229749 1.8063991 0.0000000 1.9173055 1.8943314 2.0529914 2.2019335 1.7123397 1.8068937 1.6860311 1.5883165 1.7830806 1.7079230 
Pbac_sb2656592                                                 1.9917329 2.2148432 2.0380755 2.0907942 1.8125752 2.2158526 1.8286671 2.1186898 2.2158526 1.1043631 1.9103089 1.8797602 1.8655956 1.8054542 1.6367659 2.9691219 1.6854474 2.2279903 1.7272448 2.1758292 2.5898253 1.6812775 1.3465501 1.0714287 1.4557558 1.5815396 1.6303719 1.4412740 1.6817140 1.7688198 1.6899034 1.9626284 1.6754602 1.6436878 1.6998892 1.6770339 1.6284163 1.6340633 1.7263582 1.4468830 1.7699788 1.6249831 1.8532304 1.7946448 1.7848887 2.0541322 1.9173055 0.0000000 0.0155415 0.4653928 0.4396997 0.4996411 0.6576853 0.5535672 1.8597542 1.6834224 2.0799986 
Horcal_Hcv1.av93.c1.g1084.i1                                   1.9831559 2.1645605 2.0013885 2.0819017 1.8125752 2.2332575 1.8286671 2.1163836 2.2332575 1.1043631 1.8861301 1.8839961 1.8684011 1.8080789 1.6333051 2.8756419 1.6744585 2.1826422 1.6999635 2.1196461 2.5048790 1.6675672 1.3547523 1.0714287 1.4818017 1.5775389 1.6401441 1.4412740 1.6947784 1.7824880 1.7238175 1.9950427 1.6884005 1.6537673 1.6936934 1.6709183 1.6262613 1.6318883 1.7200365 1.4468830 1.7869176 1.6192245 1.8386642 1.7881006 1.7940366 2.0442128 1.8943314 0.0155415 0.0000000 0.4715892 0.4477894 0.4903016 0.6576853 0.5596608 1.8513026 1.6836101 2.1273306 
Mlei_ML0080.g25.i1                                             2.0088071 2.2332809 2.1154159 2.1717273 2.1338170 1.7998935 1.5657433 1.7254161 1.7998935 1.0532695 1.9457038 1.8062474 1.9148573 1.7453323 1.5392743 2.9268133 1.7650683 2.0564444 1.6699910 1.9417146 2.4297267 1.6635103 1.5863215 1.1246922 1.4578790 1.5097700 1.7337608 1.4266025 1.6450356 1.8498867 1.7701715 1.9262478 1.7122002 1.6470560 1.6177468 1.6421753 1.6476389 1.6687575 1.7029576 1.4975300 1.9920873 1.8642696 1.7805309 1.8249421 1.9645385 2.1468974 2.0529914 0.4653928 0.4715892 0.0000000 0.2868773 0.5159003 0.6411973 0.5642201 2.1544078 1.7912633 1.9173599 
Beraby_Baby_sb333266                                           2.0438570 2.3267970 2.1199857 2.1958961 1.7744005 2.1376278 1.8213367 2.0415919 2.1376278 1.1622909 2.0056966 1.9376974 1.9730774 1.7630293 1.6701512 2.8249978 1.8367717 2.0675874 1.7405841 2.1479934 2.4088506 1.6711406 1.6359484 1.1453113 1.3893381 1.6599953 1.6957426 1.4617712 1.5870780 1.8017630 1.8229800 1.9273598 1.8613905 1.7396771 1.8944529 1.8774193 1.8106190 1.8246447 1.8953373 1.4684479 2.0385155 1.8180478 1.9891747 2.0001814 1.8648591 2.2072195 2.2019335 0.4396997 0.4477894 0.2868773 0.0000000 0.4391192 0.5911927 0.5111020 2.0219656 1.7822405 2.0383199 
Lampan_Lpan_9656_01                                            2.0495328 2.0110808 2.0872669 1.9457468 2.0678817 2.3195148 1.9439382 2.1903548 2.3195148 0.9640961 1.7119229 1.7725629 1.7986575 1.8288811 1.6320506 2.5592097 1.6057302 1.7409551 1.5000857 1.9436086 2.4188389 1.5931508 1.5201690 1.0750020 1.5024083 1.5965176 1.6629651 1.4217918 1.6482733 1.9384198 1.5871171 1.8011464 1.6469927 1.6009019 1.6618985 1.6539026 1.6304355 1.6089433 1.7046135 1.4601398 1.7540854 1.6790290 1.5848617 1.6794052 1.8281686 1.8669439 1.7123397 0.4996411 0.4903016 0.5159003 0.4391192 0.0000000 0.5387235 0.4769067 1.7656029 1.6818235 1.8598763 
Vmul_sbMO445584                                                1.9612357 1.9952311 2.0794743 2.0493165 1.9562800 1.8058786 1.7910238 1.8210267 1.8058786 1.2235219 1.7624398 1.6843965 1.7074289 1.7438054 1.3962874 2.0019025 1.4279082 1.4324403 1.3672363 1.6519317 1.9101301 1.4456739 1.3195517 1.0466961 1.4899083 1.4924956 1.7099424 1.5530990 1.5045642 1.6671914 1.5274743 1.5121655 1.4743553 1.5124024 1.4229189 1.4257080 1.4321122 1.4416043 1.4803132 1.4236757 1.5470278 1.6790845 1.5955467 1.6448906 1.5215219 1.5860543 1.8068937 0.6576853 0.6576853 0.6411973 0.5911927 0.5387235 0.0000000 0.1441337 1.7042491 1.5246814 1.9351555 
Vmul_SimC398100                                                1.9926411 2.1403370 2.0072587 2.0624037 1.8485229 1.8811609 1.7267458 1.9931346 1.8811609 1.1449571 1.8875771 1.6153395 1.7055639 1.7203114 1.4032403 2.0917017 1.4793154 1.5930646 1.4447600 1.7034710 1.9005935 1.4893403 1.3820639 1.0634550 1.5120945 1.4138781 1.6166723 1.2861287 1.5795621 1.7678309 1.5320592 1.6889432 1.5438867 1.5460476 1.3725847 1.3746027 1.4021713 1.3867033 1.3989374 1.2487104 1.6243741 1.7006682 1.5928464 1.6537234 1.5027006 1.6468708 1.6860311 0.5535672 0.5596608 0.5642201 0.5111020 0.4769067 0.1441337 0.0000000 1.6388802 1.4832697 1.9265680 
Opea_EP00118_Oscarella_pearsei_P015680                         1.7839455 1.9702309 1.8044599 1.7202407 1.4301220 1.9617656 1.5481350 2.0523665 1.9617656 1.0779496 1.7905645 1.8741641 1.7339442 1.5619023 1.6608904 2.6708415 1.4208594 1.6433314 1.3921940 2.1009721 2.9735891 1.4333260 1.4717299 0.9164858 1.5106441 1.7858220 1.5005258 1.2079207 1.6008746 1.7516317 1.3408179 1.5224728 1.3466517 1.7111319 1.5918639 1.6273172 1.6697064 1.6493244 1.5945261 1.2276958 1.3743943 1.7248027 1.7782393 1.5220584 1.6874089 1.7407320 1.5883165 1.8597542 1.8513026 2.1544078 2.0219656 1.7656029 1.7042491 1.6388802 0.0000000 1.0239528 1.8438916 
Plajan_Pjan_C551955_01                                         1.9693673 2.3682309 1.8343154 1.9301333 1.3872801 1.7117615 1.4014016 1.7464383 1.7117615 0.7566946 1.5516762 1.7015488 1.6548314 1.6098248 1.7027934 2.6752480 1.5339458 1.6441340 1.4011372 1.9944437 2.5406426 1.5272080 1.2349852 0.8316998 1.3140679 1.5325760 1.6639926 1.2264894 1.7539164 1.6898278 1.5442201 1.7141644 1.4666365 1.5353082 1.4942844 1.5352627 1.4866100 1.4852071 1.5082300 1.2118983 1.4613258 1.6128999 1.5860114 1.4043243 1.4296825 1.9095714 1.7830806 1.6834224 1.6836101 1.7912633 1.7822405 1.6818235 1.5246814 1.4832697 1.0239528 0.0000000 1.6013256 
Fspp_ffun1.m4.27091.m1                                         1.7036431 2.5224649 2.0185106 1.9378196 1.2915579 2.3447297 1.7111053 2.1975091 2.3447297 1.2055294 2.1573246 2.1937134 2.1365857 1.9302228 2.1488422 7.0617846 1.1333490 2.1236540 1.1527814 2.0615940 6.0453089 1.0291891 1.7778003 1.0388879 1.7909009 1.7333371 1.8748573 1.3351837 2.2275317 2.0695053 1.4265339 1.6340482 1.1481510 2.0685520 1.6198875 1.6165406 1.6744382 1.7143134 1.6505194 1.1246428 1.6505180 1.6254337 1.5806518 1.5977054 1.6857666 2.5595337 1.7079230 2.0799986 2.1273306 1.9173599 2.0383199 1.8598763 1.9351555 1.9265680 1.8438916 1.6013256 0.0000000 
