80
Vmul_SimC406730                                       0.0000000 0.2057982 0.7544978 0.5852036 0.5837182 0.3811420 0.4535799 0.5252825 0.5037301 0.7519803 0.5702063 0.5112502 0.4147360 1.1960353 0.7770606 3.5200511 3.3124188 3.4016458 6.0706158 3.0126866 2.6458515 3.1077072 3.0717915 1.9414657 1.8878200 1.8786521 2.0101880 1.9382494 1.7502121 2.0252256 1.9495306 1.8866018 1.9503893 1.9119688 1.9635917 4.2061716 4.2307430 3.8557699 3.3186957 3.6194908 1.9998161 1.9875591 2.2550362 2.1087736 2.0684698 2.0171393 2.2872384 2.0996512 1.8336636 1.8935357 2.2959900 2.1569640 2.2236023 2.2191119 1.8759610 2.0909996 1.6659081 2.1953526 2.2099077 2.2600343 2.2602615 2.2944409 2.2899674 2.3923307 2.2539593 2.8155183 3.0304097 2.5668557 2.8666000 2.4233668 2.6115014 2.5097586 1.9196433 2.7811111 2.7072179 2.4856264 2.4183600 2.5767682 2.1901809 3.4037184 
Coemet_Cmet_scaffold21163_01                          0.2057982 0.0000000 0.7424739 0.5682086 0.5667338 0.3669488 0.4410112 0.5236506 0.4662332 0.7044310 0.4966015 0.4748332 0.4029476 1.2203102 0.7797092 3.5516879 3.3565393 3.4879440 5.3189785 3.0029424 2.7139041 3.1368232 3.0858703 1.8944817 1.9031528 1.8155146 2.0095410 1.9020379 1.7176095 1.9952545 1.9739550 1.9157964 1.9569885 1.9099486 1.9834607 4.2563481 4.4817472 4.1175809 3.4676950 3.9810542 1.9715313 1.9501543 2.1668074 2.1017679 2.0746130 2.0201594 2.2675803 2.1214889 1.6627391 1.6988059 2.2092192 2.1131703 2.1731836 2.1760048 1.7906907 2.0250994 1.5941128 2.1773435 2.2050757 2.2603591 2.2135716 2.2562695 2.2515167 2.3256476 2.2196248 2.9681337 2.9555429 2.5720190 2.8872566 2.4608172 2.6771719 2.5822317 1.9727090 3.0252933 2.7650042 2.4544251 2.5489725 2.5195638 2.1453607 3.8050803 
Pbac_sb2658674                                        0.7544978 0.7424739 0.0000000 0.1483403 0.1471834 0.3191477 0.5622257 0.6500594 0.5964696 1.0011241 4.2291404 2.7909512 0.6607513 2.8799984 2.3334456 3.8410994 3.6817361 3.5707806 8.9999989 2.7172436 2.4293603 3.2615845 3.3511815 2.2418096 2.4279568 2.2618901 2.2956090 2.2330186 1.6498365 2.3192809 2.2815940 2.2897439 2.0212050 2.2258156 2.4204325 5.3850206 9.0000000 9.0000000 5.0586694 5.3711809 2.2690006 2.2953655 2.7763577 2.4348090 2.4625556 2.2955757 2.5139924 2.3900637 1.8190564 1.9049622 2.4916059 2.4502204 2.4794662 2.4837109 1.8281763 2.4926186 1.7336335 2.7965794 2.4217258 2.4932254 2.4160433 2.4812124 2.4797562 2.6476682 2.5058046 2.6811036 2.9583787 2.8403306 3.5810537 2.7416387 2.9979519 2.7371058 2.1426270 3.9496089 2.6099006 2.9218446 2.5591638 3.0491385 2.3199327 5.6181348 
Horcal_Hcv1.av93.c3.g795.i1                           0.5852036 0.5682086 0.1483403 0.0000000 0.0008936 0.3273439 0.3766797 0.4594168 0.4080522 0.5336681 0.4769960 0.5436622 0.4673861 0.7567630 0.9031848 3.4859581 3.3217773 3.3955447 5.8609436 2.7402145 2.4179888 3.0048921 3.0155804 1.9966920 2.0491114 2.0274906 2.0733848 2.0040889 1.6978264 2.0801752 2.0424752 2.0213970 2.1929366 2.1370511 2.1911216 4.5987945 5.5187957 5.2570368 3.8039638 4.0645229 2.1054824 2.0844885 2.4060300 2.2018489 2.2099508 2.0040567 2.2605911 2.1296295 1.8950933 1.9570649 2.3504466 2.2989637 2.3365838 2.1572998 2.0028232 2.2466491 1.8198104 2.3864988 2.2674997 2.2894512 2.2428453 2.3189735 2.3166022 2.3904216 2.3050913 2.6685007 3.0675199 2.7234242 3.2715983 2.7383311 2.8343847 2.7457427 2.1315563 3.1057316 2.7373404 2.5641183 2.4201905 2.6209239 2.3566969 3.9303972 
Horcal_Hcv1.av93.c3.g795.i2                           0.5837182 0.5667338 0.1471834 0.0008936 0.0000000 0.3191477 0.3752093 0.4594168 0.4067251 0.5336681 0.4769960 0.5436622 0.4658341 0.7567630 0.9031848 3.4801481 3.3217912 3.3955811 5.8609436 2.7427874 2.4179888 3.0063923 3.0171087 1.9956010 2.0491114 2.0263562 2.0693249 2.0003590 1.6932197 2.0763137 2.0386393 2.0176193 2.1732562 2.1324579 2.1870117 4.5987945 5.5187957 5.2570368 3.8039638 4.0645229 2.1015507 2.0804951 2.3994162 2.1975430 2.2053865 2.0040567 2.2660720 2.1346674 1.8792422 1.9381991 2.3459828 2.2946218 2.3321455 2.1572998 1.9872718 2.2424022 1.8034333 2.3864988 2.2629537 2.2851078 2.2384134 2.3145466 2.3121776 2.3904216 2.3007001 2.6685007 3.0748361 2.7202315 3.2715983 2.7383311 2.8287653 2.7397006 2.1315563 3.1057316 2.7373404 2.5590556 2.3949945 2.6209239 2.3543263 3.9303972 
Mertsp_Mesp_sb611987                                  0.3811420 0.3669488 0.3191477 0.3273439 0.3191477 0.0000000 0.0876548 0.0000010 0.2156449 0.0000010 0.0000010 0.0000010 0.1913116 2.0720559 0.0000010 4.0791793 3.2169509 3.2169509 0.0000010 3.4279861 0.0000010 3.5528417 2.8164034 1.8737994 0.0000010 1.7141481 1.4804636 1.4530165 1.4311192 1.6543164 1.6076771 1.5283126 1.6528861 1.6712640 1.6200542 2.0842966 0.0000010 0.0000010 2.7849207 4.0430269 1.7305000 1.7386385 1.7426363 1.6965123 1.7351529 0.0000010 1.9497216 1.9044876 1.5901326 1.5901326 1.4661119 1.5012060 1.5150523 0.0000010 1.4958577 1.5709737 1.5234235 0.0000010 1.6620901 1.6620901 1.6818679 1.6993832 1.6993832 1.7755981 1.7062876 3.3776644 3.1699393 2.4368950 0.0000010 0.0000010 2.5379005 2.5379005 0.0000010 0.0000010 2.1997049 2.6158850 2.6158850 0.0000010 2.4001017 0.0000010 
Beraby_Baby_sb339362                                  0.4535799 0.4410112 0.5622257 0.3766797 0.3752093 0.0876548 0.0000000 0.0177028 0.2360684 0.3878771 0.3173129 0.3365807 0.3704739 1.1704778 0.7825006 3.4457411 3.3847209 3.4761846 5.4656880 2.7572327 2.6425450 3.0976884 3.1392248 1.9111923 1.9418227 1.8475464 2.0197214 1.8606557 1.6364678 2.0184656 1.9643329 1.9000805 2.2718136 2.0470498 2.0247676 4.5362421 4.9465263 4.5434660 3.9271255 3.7710063 2.0353656 2.0396841 2.3740199 2.1703496 2.1563344 1.9497495 2.2029080 2.0499261 1.7522474 1.8785733 2.3073650 2.2363757 2.2770986 2.0651054 1.8030268 2.0895865 1.4273198 2.2255326 2.2021287 2.2484872 2.1804548 2.2334920 2.2249479 2.2549749 2.2403738 2.5237150 2.8231053 2.6043538 2.9336956 2.5669330 2.7092301 2.6616582 1.9887381 3.0637120 0.0000010 2.4448967 2.8786470 2.4499261 2.1589410 3.7012347 
Beraby_Baby_sb339365                                  0.5252825 0.5236506 0.6500594 0.4594168 0.4594168 0.0000010 0.0177028 0.0000000 0.3061900 0.3878771 0.5454204 0.4151416 0.4227338 1.8656113 0.9679476 3.5529176 3.7358503 3.7358503 4.7884236 3.0992316 2.7580314 3.1536159 3.2823327 2.1038525 2.1005948 2.0211208 2.1212642 1.9672668 1.6053578 2.1722276 2.0367284 1.9686739 8.9999987 2.0892784 2.0192923 5.9965755 0.0000010 0.0000010 3.1716571 3.3674288 2.1176351 2.0801070 2.4082805 2.1851967 2.3055425 2.0382805 2.4046063 2.2626588 3.4420759 1.9550597 2.2892433 2.1191392 2.2080838 2.1188034 0.0000010 2.1215392 4.2681175 2.0758598 2.5141414 2.5245310 2.4254271 2.5471841 2.5471841 2.4734564 2.5849406 3.1294608 2.5829585 2.8168968 2.8955072 2.5870772 2.9297537 2.8474559 3.4125187 3.0582377 0.0000010 2.5681356 0.0000010 2.4912350 2.3006561 3.5584864 
Mlei_ML1311.g14.i1                                    0.5037301 0.4662332 0.5964696 0.4080522 0.4067251 0.2156449 0.2360684 0.3061900 0.0000000 0.0000010 0.1324649 0.2935992 0.3894214 1.0832706 0.7774735 3.4927507 3.2705857 3.3747367 6.4064962 2.9335851 2.6794076 3.0875158 3.0066079 1.9216115 1.9110299 1.8949999 1.9619835 1.8997246 1.6752918 2.0323912 1.9535004 1.9144195 2.0466983 2.0179534 2.0746234 4.4372968 4.7546205 4.3795870 3.0969962 3.4272888 1.9570254 1.9476027 2.2365034 2.1256604 2.1599290 1.9862837 2.1373836 2.0268350 1.6814581 1.7319119 2.2288764 2.1823033 2.2162244 2.0791759 1.8364712 2.0813811 1.8013605 2.2246340 2.0981862 2.1392159 2.1134823 2.1373836 2.1302091 2.2279191 2.1373834 3.1319205 2.8952763 2.6067453 3.0816645 2.6807235 2.7529818 2.6914071 2.0088380 3.0714839 2.7458336 2.5417789 2.5699256 2.6278103 2.2554794 3.8404895 
Vmul_sbMO489708                                       0.7519803 0.7044310 1.0011241 0.5336681 0.5336681 0.0000010 0.3878771 0.3878771 0.0000010 0.0000000 0.2479545 0.4090559 0.5133023 0.9809886 0.9921891 5.1552539 4.1189589 4.1189589 6.0377288 0.8287968 0.0000010 3.1963439 3.1830356 2.6090174 2.7505517 2.9739598 3.2835660 2.8496127 8.9999986 2.9865262 2.8514038 2.7990296 9.0000000 2.9941994 2.9654267 0.0000010 0.0000010 0.0000010 0.0000010 0.0000010 2.5895010 2.5487911 2.5880954 2.7133310 2.9964981 2.8988725 3.0217765 2.7099177 3.3101667 0.0000010 2.8192956 2.6916773 2.8035005 2.4380297 0.0000010 2.4916368 0.0000010 2.3961884 2.7550901 2.7550901 2.6711873 2.6951884 2.6951884 2.7071939 2.8261125 4.6996367 0.0000010 3.6707514 4.4709795 4.0059309 3.6718144 3.5559011 9.0000000 3.2751359 0.0000010 2.4927019 0.0000010 2.4718944 2.9176632 3.5469121 
Bolinf_Binf_sb1189828                                 0.5702063 0.4966015 4.2291404 0.4769960 0.4769960 0.0000010 0.3173129 0.5454204 0.1324649 0.2479545 0.0000000 0.3341383 0.5327971 0.4775522 0.6717684 4.4442230 3.9761801 6.1815794 5.4991026 4.1341397 0.0000010 3.6994535 3.1132209 2.5305616 2.6501103 2.3778390 2.8535649 2.5014164 8.2040443 2.9222466 2.5262873 2.4784092 0.0000010 4.1781813 2.6749528 4.4842820 3.8776981 3.6327059 4.0016360 4.2254012 2.7459061 2.7041016 2.6645422 2.7432092 2.8081587 2.6927840 2.7485055 2.6624988 0.0000010 0.0000010 3.4604901 3.4004638 3.4306046 2.9660766 0.0000010 2.3169911 0.0000010 2.6323365 2.8682794 3.0085892 3.0847920 3.0337957 2.9877069 2.8721129 3.0013681 0.0000010 0.0000010 3.6007426 4.1704153 0.0000010 3.6458151 8.2803248 9.0000000 3.2333558 0.0000010 2.5188095 0.0000010 2.3858950 0.8814085 4.7367124 
Drygla_Dgla_sb274078                                  0.5112502 0.4748332 2.7909512 0.5436622 0.5436622 0.0000010 0.3365807 0.4151416 0.2935992 0.4090559 0.3341383 0.0000000 0.4408177 0.5613408 0.7294074 5.3475912 4.9167028 6.3497027 5.3456872 4.1341397 0.0000010 3.7363896 3.3668163 2.6870678 2.5947490 2.2845759 2.8658566 2.5675458 8.9999981 2.6430736 2.3174215 2.2875431 0.0000010 4.4894733 2.7249824 9.0000000 9.0000000 9.0000000 9.0000000 9.0000000 2.7114348 2.4950855 2.6949574 2.6871444 2.5468200 2.3980336 2.8808263 2.5169595 2.2257806 0.0000010 3.2908345 3.2937803 3.3159801 2.1488458 0.0000010 2.7869452 0.0000010 2.7358939 2.5813360 2.7295018 2.7932776 2.8306054 2.8306054 2.5609224 2.7868061 0.0000010 0.0000010 3.2218811 4.0405816 2.9076485 4.0482470 5.5351655 0.0000010 3.1321015 0.0000010 2.6067857 0.0000010 2.3915624 0.4198101 4.2040900 
Lampan_Lpan_C420211_01                                0.4147360 0.4029476 0.6607513 0.4673861 0.4658341 0.1913116 0.3704739 0.4227338 0.3894214 0.5133023 0.5327971 0.4408177 0.0000000 1.1525988 0.7843066 3.3658036 3.4097917 3.4866125 4.8862408 2.8157011 2.7633378 3.1614156 3.1703476 1.8998748 1.9555345 1.8666250 1.9916047 1.9155124 1.7030485 2.0093558 1.9924093 1.9515050 1.9648981 1.9265097 1.9516292 4.9958186 4.5077743 3.9629844 3.1401228 3.2788564 1.9917061 1.9683715 2.2786598 2.1495180 2.0982690 2.0258906 2.2795214 2.0865179 1.4626067 1.4609785 2.2023503 2.1778238 2.2252774 2.2651703 1.6340845 2.1184696 1.3259880 2.2693434 2.2251346 2.2695620 2.2068917 2.2754764 2.2705764 2.3245502 2.2364281 2.5927763 2.8102081 2.6481303 2.9764689 2.4926412 2.8018869 2.7119034 2.0861255 3.1011527 2.6355659 2.4927854 3.0706788 2.4968405 2.1629857 3.3061811 
Pbac_sb2658672                                        1.1960353 1.2203102 2.8799984 0.7567630 0.7567630 2.0720559 1.1704778 1.8656113 1.0832706 0.9809886 0.4775522 0.5613408 1.1525988 0.0000000 0.6691592 7.1483276 5.0746333 6.4951882 8.9999981 4.5913966 6.9972305 4.8769281 4.4287490 3.3299157 3.1198325 3.1112766 3.3463621 3.2617663 3.7412116 3.3274936 3.0862795 3.3451034 4.8877126 3.6733739 3.6812303 5.1170718 5.5969979 5.3248831 5.0082743 5.1842926 3.5989367 3.6232487 3.6752097 3.6876199 3.5040068 3.1603439 3.6841109 3.4473465 4.2471051 3.3882913 3.9555078 3.8515974 3.7440022 4.4024497 3.9183188 3.4959927 4.1246488 3.5625278 3.4010950 3.2594877 3.4149207 3.3575167 3.3444824 3.1816640 3.3101722 9.0000000 4.6093023 4.0817489 4.6098546 4.7411122 4.6040743 5.0978593 1.3663282 4.0882426 2.7247947 3.6609459 4.3683129 3.5502781 3.9512145 5.9997694 
Eupdun_Edun_sb10595071                                0.7770606 0.7797092 2.3334456 0.9031848 0.9031848 0.0000010 0.7825006 0.9679476 0.7774735 0.9921891 0.6717684 0.7294074 0.7843066 0.6691592 0.0000000 5.4561322 4.7706955 6.1402922 5.4202199 4.1341397 0.0000010 3.4469381 3.6847438 2.5087308 2.5924844 2.5900714 3.1234081 2.5490995 7.7006205 2.4773883 2.5006463 2.4940115 0.0000010 3.5951548 2.9001800 8.9999981 8.9999982 8.9999981 8.9999984 8.9999984 2.4907592 2.4964851 2.4872560 2.5312698 2.6557222 2.6702331 2.7344624 2.6693037 3.4469851 0.0000010 3.4530617 3.5404854 3.6484414 3.2701427 0.0000010 3.0789258 0.0000010 3.0053099 2.3371111 2.4403031 2.6296072 2.6810579 2.6810579 2.5211881 2.6384819 0.0000010 0.0000010 2.8433819 3.3600681 3.1603833 3.8056697 4.2270477 0.0000010 2.9772209 0.0000010 2.5530853 0.0000010 2.4281236 1.6555095 4.1084503 
Emue_Em0003g1487a.t1                                  3.5200511 3.5516879 3.8410994 3.4859581 3.4801481 4.0791793 3.4457411 3.5529176 3.4927507 5.1552539 4.4442230 5.3475912 3.3658036 7.1483276 5.4561322 0.0000000 0.5016774 0.5224249 0.4882017 2.2796894 1.5935620 1.9887913 1.6577899 3.2702720 3.2297385 3.0961743 3.1603106 3.1262226 2.8854493 3.1356817 2.9931056 3.0750287 3.3487382 3.1835447 3.1281132 4.5628073 9.0000000 9.0000000 5.7479668 5.5390536 3.2400751 3.3078560 3.6201643 3.3194541 3.2417033 3.1410944 3.4619858 3.1255437 3.1337465 3.2343480 3.1807274 3.3276301 3.2874490 3.7848981 3.4024753 3.1204279 3.1345934 3.3679682 3.3047291 3.3292642 3.3144433 3.3120809 3.3120809 3.2135659 3.2566505 2.8178670 3.0477800 3.1151738 3.0951234 2.7680487 3.0146099 2.8570905 3.2846625 3.3278072 2.6527053 3.5618938 4.0437235 3.6034371 2.9435119 3.1831185 
Spolac_c104740_g1_i2_m.42920c104740-g1                3.3124188 3.3565393 3.6817361 3.3217773 3.3217912 3.2169509 3.3847209 3.7358503 3.2705857 4.1189589 3.9761801 4.9167028 3.4097917 5.0746333 4.7706955 0.5016774 0.0000000 0.0271395 0.2316450 1.8435166 1.3424253 1.8094621 1.5636543 3.1242748 3.0092528 3.0139891 3.0871604 2.9775366 2.8326161 3.0368061 2.9498631 3.0045811 3.0862134 2.9925112 3.1253689 3.7864877 8.3420488 6.4884435 5.2911305 5.1104806 3.0828911 3.0842991 3.3698115 3.1557392 3.0533553 2.9771443 3.1773692 2.9875588 3.3641469 3.4429901 3.2473461 3.2659587 3.3065243 3.3833306 3.2461737 3.0800362 2.9743535 3.3023121 3.1762807 3.1668893 3.1415565 3.2009716 3.2009716 3.0979018 3.1678066 2.7962886 2.6457665 3.1710613 3.3599276 3.0143716 3.1683618 3.0733097 2.4089770 3.4387898 2.7057308 3.3956115 3.3281731 3.5231177 2.7241600 2.9070929 
Spolac_c104740_g1_i3_m.42924c104740-g1                3.4016458 3.4879440 3.5707806 3.3955447 3.3955811 3.2169509 3.4761846 3.7358503 3.3747367 4.1189589 6.1815794 6.3497027 3.4866125 6.4951882 6.1402922 0.5224249 0.0271395 0.0000000 0.2505650 1.8435166 1.3424253 1.8566297 1.6347636 3.2035298 3.1172365 3.1185958 3.1650491 3.0385287 2.8289753 3.0739626 3.0216789 3.0758164 3.0862134 3.0327970 3.1920280 4.1458720 9.0000000 9.0000000 7.4144113 6.5953633 3.1837052 3.1584559 3.5018287 3.2469875 3.1250448 3.0344999 3.2946964 3.0810314 3.3641469 3.4429901 3.3343624 3.3314273 3.3907538 3.3485882 3.2461737 3.0697349 2.9743535 3.4117572 3.2464136 3.2815944 3.2589557 3.3189922 3.3189922 3.1460158 3.2805762 2.7962886 2.6457665 3.2768707 3.6593532 3.0058660 3.2926456 3.0504903 2.4089770 3.9458426 2.7057308 3.5780671 3.3281731 3.8097222 2.7241600 2.6816165 
Spolac_c104740_g1_i1_m.42919c104740-g1                6.0706158 5.3189785 8.9999989 5.8609436 5.8609436 0.0000010 5.4656880 4.7884236 6.4064962 6.0377288 5.4991026 5.3456872 4.8862408 8.9999981 5.4202199 0.4882017 0.2316450 0.2505650 0.0000000 0.0000010 0.0000010 3.4244248 2.7619591 6.8657339 5.1327948 4.2122693 4.9404151 4.6663575 3.2407268 5.4378834 4.9982124 4.6053700 0.0000010 3.0894484 5.3088499 0.0000010 0.0000010 0.0000010 0.0000010 0.0000010 6.0579852 6.2276280 6.1968481 5.6533404 5.2426281 6.6060470 6.1075860 5.1614647 9.0000000 0.0000010 5.9683284 6.6088893 7.0148985 6.4764412 0.0000010 5.2332276 0.0000010 5.1929906 5.0046501 5.0046501 4.8468162 4.8135464 4.8135464 4.8468162 4.4734668 0.0000010 0.0000010 5.9454943 7.1670596 8.9999980 5.8531358 4.3825257 0.0000010 6.2973094 0.0000010 4.1624329 0.0000010 4.5407305 0.4378914 2.9208283 
Halamb_c53584_g1_i1m.35957                            3.0126866 3.0029424 2.7172436 2.7402145 2.7427874 3.4279861 2.7572327 3.0992316 2.9335851 0.8287968 4.1341397 4.1341397 2.8157011 4.5913966 4.1341397 2.2796894 1.8435166 1.8435166 0.0000010 0.0000000 0.5165978 0.3772120 1.5788200 2.6548336 2.6995150 2.8376293 2.7764870 2.6515644 2.7240693 2.7619965 2.8974411 2.8293785 2.8167867 2.9545242 2.8125547 5.5142677 0.0000010 0.0000010 1.8992327 3.3528287 2.7468542 2.7862789 2.8416752 2.8322726 2.8281920 2.6683545 2.9701880 2.8316954 2.9596499 3.2145143 2.7512531 2.7058550 2.6943134 2.1583834 2.6246689 2.6027067 2.2651062 2.8913569 2.6202252 2.6612603 2.5921349 2.6394466 2.6394466 2.5120829 2.6300413 2.5325771 2.2771359 2.7691645 2.1696251 2.0008567 2.8824963 2.8794361 2.6853743 2.0864925 3.1035360 2.9784704 3.4401828 2.6797686 3.0597537 1.5610129 
Xestes_maker-XT_scaffold4269-augustus-gene-0.8-mRNA-1 2.6458515 2.7139041 2.4293603 2.4179888 2.4179888 0.0000010 2.6425450 2.7580314 2.6794076 0.0000010 0.0000010 0.0000010 2.7633378 6.9972305 0.0000010 1.5935620 1.3424253 1.3424253 0.0000010 0.5165978 0.0000000 0.3819806 1.2097080 2.2767490 2.1490324 2.3329879 2.2658604 2.1986397 2.2256535 2.2180622 2.1487444 2.1296181 9.0000000 2.1188546 2.2025565 2.3892872 0.0000010 0.0000010 2.8059049 2.8059049 2.3232820 2.2114320 2.1628355 2.4153540 2.1883001 2.1914695 2.2154780 2.3313719 0.0000010 0.0000010 2.1619698 2.0955741 2.0935425 2.0546278 0.0000010 2.2534835 2.3677281 2.0087158 2.3543477 2.3326492 2.3627875 2.3745646 2.3745646 2.3219618 2.3179969 1.6820371 2.0637975 2.2414816 2.4436178 2.4436178 2.4236454 2.4236454 2.3570905 0.0000010 0.0000010 2.5732613 0.0000010 2.4670181 2.0895879 0.0000010 
Aque_Aqu2.1.31923_001                                 3.1077072 3.1368232 3.2615845 3.0048921 3.0063923 3.5528417 3.0976884 3.1536159 3.0875158 3.1963439 3.6994535 3.7363896 3.1614156 4.8769281 3.4469381 1.9887913 1.8094621 1.8566297 3.4244248 0.3772120 0.3819806 0.0000000 1.5326318 3.0048982 2.8767185 3.0091432 3.0498163 2.8999762 2.7480982 3.0095186 3.0090058 3.0136032 3.0719359 2.9932476 2.9806126 4.9586525 8.9999981 8.9999985 5.1218931 5.5272438 3.0907470 3.0238585 3.2770788 3.0921292 3.0573701 3.0162548 3.2919124 3.1180070 3.3432595 3.3233110 2.9729073 3.1713986 3.1316780 2.9365530 3.0216815 2.8727870 2.4277627 3.1246459 3.0107949 3.0620694 2.9989169 3.0461321 3.0461321 2.9630294 3.0289969 2.6264126 2.3867342 3.0783265 3.2334185 3.1976320 2.9726439 3.0250619 2.7217737 3.2416225 3.1396854 3.2088431 3.1679429 3.2257073 2.8601786 3.1455798 
Tetwil_g2762.t2                                       3.0717915 3.0858703 3.3511815 3.0155804 3.0171087 2.8164034 3.1392248 3.2823327 3.0066079 3.1830356 3.1132209 3.3668163 3.1703476 4.4287490 3.6847438 1.6577899 1.5636543 1.6347636 2.7619591 1.5788200 1.2097080 1.5326318 0.0000000 2.6398019 2.6359867 2.6704498 2.5569487 2.4447748 2.3745580 2.5621298 2.5857274 2.5997936 2.7701323 2.6669916 2.7046175 4.3490781 8.9999984 8.3128589 4.7048319 4.8801403 2.7485467 2.6579826 2.9788441 2.6923059 2.8380699 2.5852631 2.8069328 2.6280088 2.5796329 2.7255350 2.6768957 2.6377295 2.6505069 2.7771598 2.3334253 2.4397643 2.3619486 2.6555442 2.6346877 2.6808875 2.6603668 2.6873350 2.6873350 2.6915360 2.6578030 2.2193834 2.2056226 3.0865877 3.1080418 3.0354654 3.0282985 3.0525873 2.7019443 3.0207014 3.5619304 3.0155915 2.6122382 3.0662611 2.6827523 1.3236118 
Dpul_mRNA21829                                        1.9414657 1.8944817 2.2418096 1.9966920 1.9956010 1.8737994 1.9111923 2.1038525 1.9216115 2.6090174 2.5305616 2.6870678 1.8998748 3.3299157 2.5087308 3.2702720 3.1242748 3.2035298 6.8657339 2.6548336 2.2767490 3.0048982 2.6398019 0.0000000 0.2366986 0.4041229 0.5743743 0.5417303 0.4811110 0.5939646 0.6473650 0.5637930 0.6631863 0.9274052 0.8306465 3.1615281 4.8679096 4.7143770 2.9873024 3.0905317 0.8626121 0.8534983 1.0328022 0.9289851 1.0003512 0.5878307 1.1717448 1.0099656 1.0387966 1.0291487 1.1077430 1.1058270 1.1616735 1.1181155 0.8997676 1.0674729 0.9287029 1.2044734 1.1797698 1.2590161 1.2474972 1.2382337 1.2363913 1.2264882 1.2301947 2.4018246 2.5740560 2.2582114 2.8989864 2.3693187 2.2786963 2.1224163 1.6786081 2.9311756 1.7239929 2.2124268 2.1483949 2.2688055 1.5583449 3.9223244 
Tcas_TC013590_001                                     1.8878200 1.9031528 2.4279568 2.0491114 2.0491114 0.0000010 1.9418227 2.1005948 1.9110299 2.7505517 2.6501103 2.5947490 1.9555345 3.1198325 2.5924844 3.2297385 3.0092528 3.1172365 5.1327948 2.6995150 2.1490324 2.8767185 2.6359867 0.2366986 0.0000000 0.3469929 0.5283046 0.4670212 0.3562628 0.5433402 0.5674545 0.4852383 1.7413819 0.8656788 0.7858218 2.9966054 4.8142703 4.4936808 4.2126205 4.3273795 0.8563167 0.8328207 1.2198981 0.9539488 1.0209007 0.5501998 1.1216712 0.9965352 1.8230139 0.9061642 1.1277288 1.1104482 1.1647170 1.0776269 0.0000010 1.0736637 5.6149197 1.1416596 1.1819702 1.2783711 1.3036497 1.2756503 1.2701731 1.2064629 1.2452616 2.2441038 2.2178594 2.3431180 2.7412998 2.2082801 2.3585005 2.1492245 1.5966245 2.9413092 0.0000010 2.1546497 0.0000010 2.1550256 1.3349266 3.9486251 
Cscu_XM_023360122.1                                   1.8786521 1.8155146 2.2618901 2.0274906 2.0263562 1.7141481 1.8475464 2.0211208 1.8949999 2.9739598 2.3778390 2.2845759 1.8666250 3.1112766 2.5900714 3.0961743 3.0139891 3.1185958 4.2122693 2.8376293 2.3329879 3.0091432 2.6704498 0.4041229 0.3469929 0.0000000 0.5016534 0.4733184 0.3647892 0.5546119 0.6294340 0.5079280 0.4972671 0.8845375 0.8167756 2.9588821 4.8002610 4.3482672 2.8583581 2.9030417 0.8583195 0.8474487 1.0084011 0.9093971 0.9656526 0.6000253 1.1479365 0.9957520 1.0329472 1.0271795 1.0432217 1.0675468 1.1069771 1.1212326 0.8166394 1.0533160 0.9166470 1.1854924 1.1168951 1.1984184 1.2110348 1.1871039 1.1830204 1.2187150 1.1894798 2.6207167 2.4803436 2.2536367 2.7883746 2.2205411 2.2465848 2.0871651 1.8160680 2.8366424 1.8729513 2.1581987 2.3208639 2.1523962 1.6106419 3.6705904 
Ctel_gnl_WGS_AMQN_CAPTEDRAFT_mRNA221270               2.0101880 2.0095410 2.2956090 2.0733848 2.0693249 1.4804636 2.0197214 2.1212642 1.9619835 3.2835660 2.8535649 2.8658566 1.9916047 3.3463621 3.1234081 3.1603106 3.0871604 3.1650491 4.9404151 2.7764870 2.2658604 3.0498163 2.5569487 0.5743743 0.5283046 0.5016534 0.0000000 0.2821366 0.2271250 0.5337327 0.5964736 0.4966475 0.3930861 0.8410889 0.7271987 2.3315385 3.6756768 3.4550966 2.8415234 2.8463704 0.8154226 0.7603499 0.9661787 0.8649892 0.9274077 0.5365316 1.1520328 0.9305771 0.9249584 0.9004901 0.9912952 1.0003657 1.0307989 1.0455394 0.6929005 0.9801601 0.7366128 1.1169019 1.0837289 1.1514915 1.1559139 1.1612364 1.1550891 1.2003852 1.1318539 2.5932632 2.6353211 2.2930252 2.8359218 2.2603340 2.3145804 2.1254590 1.8348951 3.0813005 1.8194175 2.2792941 2.0528334 2.2993010 1.5510732 4.5390881 
Cgig_XM_034450939.1                                   1.9382494 1.9020379 2.2330186 2.0040889 2.0003590 1.4530165 1.8606557 1.9672668 1.8997246 2.8496127 2.5014164 2.5675458 1.9155124 3.2617663 2.5490995 3.1262226 2.9775366 3.0385287 4.6663575 2.6515644 2.1986397 2.8999762 2.4447748 0.5417303 0.4670212 0.4733184 0.2821366 0.0000000 0.1373016 0.4557306 0.5241991 0.4712954 0.3763902 0.8448996 0.7210418 2.5819255 3.3162593 3.1160122 2.5846645 2.6198661 0.7794760 0.7322449 0.9142867 0.8291980 0.8893372 0.4706431 1.0839226 0.9143569 0.9161823 0.8799790 0.9819495 0.9883919 1.0276068 1.0145160 0.6967329 0.9544559 0.7406419 1.1059888 1.0243947 1.1101763 1.0796166 1.0900127 1.0845827 1.0914811 1.0730994 2.2963893 2.5527356 2.2780046 2.7602438 2.2949187 2.3095364 2.1332691 1.5557064 2.9487138 1.6824034 2.1444364 2.0681344 2.1330653 1.4875060 3.5345386 
Acagra_model.g8849.t1.4.5d3b85bf                      1.7502121 1.7176095 1.6498365 1.6978264 1.6932197 1.4311192 1.6364678 1.6053578 1.6752918 8.9999986 8.2040443 8.9999981 1.7030485 3.7412116 7.7006205 2.8854493 2.8326161 2.8289753 3.2407268 2.7240693 2.2256535 2.7480982 2.3745580 0.4811110 0.3562628 0.3647892 0.2271250 0.1373016 0.0000000 0.3297193 0.4244728 0.3510188 0.3465102 0.6780849 0.5533990 1.8383493 0.0000010 0.0000010 1.1843846 1.5499237 0.5943578 0.5584620 0.7069120 0.6515514 0.6634598 0.3253865 0.9309450 0.7424504 0.8349715 0.8366711 0.7908684 0.8010930 0.8365405 0.8643743 0.6997411 0.8064100 0.7413889 0.7568292 0.9544939 1.0121786 1.0037468 0.9963905 0.9963905 1.0485571 0.9944458 2.5915096 2.4248677 1.9569543 2.0593278 1.9919937 1.9552658 1.9446972 1.6334149 2.6479098 1.7236960 1.8505084 2.0993106 1.7439035 1.4603761 5.7621536 
Spur_XM_030973632.1                                   2.0252256 1.9952545 2.3192809 2.0801752 2.0763137 1.6543164 2.0184656 2.1722276 2.0323912 2.9865262 2.9222466 2.6430736 2.0093558 3.3274936 2.4773883 3.1356817 3.0368061 3.0739626 5.4378834 2.7619965 2.2180622 3.0095186 2.5621298 0.5939646 0.5433402 0.5546119 0.5337327 0.4557306 0.3297193 0.0000000 0.5334386 0.4428989 0.4031437 0.8169914 0.7434471 2.6226981 3.9357306 3.7654520 2.6242273 2.6446511 0.7934901 0.7612067 0.9394151 0.8558494 0.8895136 0.4795028 1.0789546 0.8748824 0.9168424 0.9037377 1.0367922 1.0134440 1.0392625 1.0272328 0.7527106 0.9844112 0.7940316 1.1273846 1.0454663 1.1165463 1.1047495 1.1093141 1.1055536 1.1182917 1.0974959 2.5299754 2.4113506 2.3158780 2.8553359 2.3216600 2.2142347 2.0845031 1.6145641 3.0016602 1.7275356 2.2268556 2.3198819 2.2025339 1.5411704 3.5802431 
Hsap_ENST00000615869                                  1.9495306 1.9739550 2.2815940 2.0424752 2.0386393 1.6076771 1.9643329 2.0367284 1.9535004 2.8514038 2.5262873 2.3174215 1.9924093 3.0862795 2.5006463 2.9931056 2.9498631 3.0216789 4.9982124 2.8974411 2.1487444 3.0090058 2.5857274 0.6473650 0.5674545 0.6294340 0.5964736 0.5241991 0.4244728 0.5334386 0.0000000 0.2509379 0.5173503 0.8827741 0.8039843 2.8119371 4.9136649 4.7185099 3.0631198 3.1748899 0.8301577 0.8281697 1.0070469 0.8927586 0.9938659 0.5196497 1.1303488 0.9453587 1.0263004 1.0215381 1.0954282 1.0874701 1.1104380 1.1120932 0.8312486 1.0072192 0.9155923 1.1375669 1.0989544 1.1895967 1.2063577 1.1905116 1.1905409 1.1689367 1.1634956 2.5459868 2.6406173 2.3108037 2.6482503 2.0838572 2.2438926 2.1135896 1.7011185 2.7614644 1.8907442 2.1286505 2.2172130 2.0981070 1.5364810 3.7825754 
Hsap_ENST00000383710                                  1.8866018 1.9157964 2.2897439 2.0213970 2.0176193 1.5283126 1.9000805 1.9686739 1.9144195 2.7990296 2.4784092 2.2875431 1.9515050 3.3451034 2.4940115 3.0750287 3.0045811 3.0758164 4.6053700 2.8293785 2.1296181 3.0136032 2.5997936 0.5637930 0.4852383 0.5079280 0.4966475 0.4712954 0.3510188 0.4428989 0.2509379 0.0000000 0.3873963 0.8114078 0.7542502 2.8140822 4.8568980 4.5222430 3.2472284 3.3696929 0.7688837 0.7644297 0.9487891 0.8248811 0.8986093 0.4491379 1.0877190 0.8856911 1.0048281 0.9843375 1.0203052 1.0168420 1.0343782 1.0067978 0.7820566 0.9437498 0.8297144 1.0661105 1.0170740 1.1079773 1.1240714 1.1158633 1.1143187 1.0975540 1.1011435 2.6126666 2.5622673 2.2755109 2.7917352 2.2447567 2.2222880 2.0959719 1.5501695 2.7018115 1.9272182 2.0988592 2.1729564 2.0689690 1.4958328 3.8524857 
Bralan_BLAG05000109_1                                 1.9503893 1.9569885 2.0212050 2.1929366 2.1732562 1.6528861 2.2718136 8.9999987 2.0466983 9.0000000 0.0000010 0.0000010 1.9648981 4.8877126 0.0000010 3.3487382 3.0862134 3.0862134 0.0000010 2.8167867 9.0000000 3.0719359 2.7701323 0.6631863 1.7413819 0.4972671 0.3930861 0.3763902 0.3465102 0.4031437 0.5173503 0.3873963 0.0000000 0.8436883 0.6170621 2.4552085 0.0000010 0.0000010 1.0280144 1.6534974 0.6719891 0.6219531 0.6103525 0.7047096 0.7232790 1.4867108 1.2465867 0.8154342 0.9377035 0.8910650 0.7973355 0.7652079 0.7688903 9.0000000 0.6776861 0.7788624 0.7864019 2.4094693 0.7550680 0.9110768 0.8831558 0.8958211 0.8958211 1.5739993 0.9004125 2.4283507 2.8609977 1.8112311 4.1408684 4.1408684 1.9083985 1.9083985 2.3038481 2.4558194 1.9835846 2.3150176 2.2461811 2.5854454 1.9389632 0.0000010 
Exapal_XM_021049087.2                                 1.9119688 1.9099486 2.2258156 2.1370511 2.1324579 1.6712640 2.0470498 2.0892784 2.0179534 2.9941994 4.1781813 4.4894733 1.9265097 3.6733739 3.5951548 3.1835447 2.9925112 3.0327970 3.0894484 2.9545242 2.1188546 2.9932476 2.6669916 0.9274052 0.8656788 0.8845375 0.8410889 0.8448996 0.6780849 0.8169914 0.8827741 0.8114078 0.8436883 0.0000000 0.3313067 2.0374076 1.9728686 1.8899323 1.9224671 2.0991970 0.5712530 0.5477821 0.6636037 0.5896193 0.6425443 0.8357131 1.0102200 0.8239380 0.9389405 0.9426115 0.9472132 0.9462188 0.9294428 0.9852427 0.7904641 0.9756281 0.8479289 0.9940713 1.1137143 1.2351479 1.2336340 1.2406775 1.2379954 1.1473814 1.2265175 2.0259129 2.8487631 2.1972426 2.5154186 2.0311697 2.2528915 2.0922100 1.6851180 2.6955230 2.0511750 2.0229139 2.2865520 1.9561817 1.5607850 3.9781551 
Nvec_v1g162421                                        1.9635917 1.9834607 2.4204325 2.1911216 2.1870117 1.6200542 2.0247676 2.0192923 2.0746234 2.9654267 2.6749528 2.7249824 1.9516292 3.6812303 2.9001800 3.1281132 3.1253689 3.1920280 5.3088499 2.8125547 2.2025565 2.9806126 2.7046175 0.8306465 0.7858218 0.8167756 0.7271987 0.7210418 0.5533990 0.7434471 0.8039843 0.7542502 0.6170621 0.3313067 0.0000000 1.8239129 1.5124592 1.4896407 1.4612140 1.5865690 0.4679822 0.4482071 0.5416849 0.5048412 0.5592426 0.7748011 0.9795952 0.8033984 0.8506831 0.8521875 0.9164900 0.9107769 0.9027187 0.9292516 0.6844516 0.9395695 0.8189291 1.0393671 1.1160689 1.2168047 1.2275594 1.2272837 1.2235566 1.2142978 1.2267532 1.9434113 2.7380858 2.2294683 2.6577106 2.1775983 2.1741590 2.0288837 1.7076167 2.6009660 1.7658168 2.0762972 2.2663249 2.0051387 1.5553824 3.6272563 
Gasp_gasp1.m1b.33133.m1                               4.2061716 4.2563481 5.3850206 4.5987945 4.5987945 2.0842966 4.5362421 5.9965755 4.4372968 0.0000010 4.4842820 9.0000000 4.9958186 5.1170718 8.9999981 4.5628073 3.7864877 4.1458720 0.0000010 5.5142677 2.3892872 4.9586525 4.3490781 3.1615281 2.9966054 2.9588821 2.3315385 2.5819255 1.8383493 2.6226981 2.8119371 2.8140822 2.4552085 2.0374076 1.8239129 0.0000000 0.1873414 0.1880026 0.2453867 0.3292730 0.9164126 0.6275583 0.6669307 0.9851698 1.1728808 2.5540852 2.3330914 2.4099231 3.6878635 3.6878635 3.8432657 3.4697378 3.1406698 4.9213670 2.3557557 2.8193590 3.4746243 3.5023861 2.4729476 3.2578554 3.1876533 3.1624070 3.0417835 2.6624873 3.0243761 9.0000000 3.5163008 4.1281262 5.0007153 4.1953354 4.3813887 3.0585838 4.5502963 8.9999984 3.5731186 5.5543225 3.3370838 7.1316213 3.1473703 7.9232182 
Gasp_gasp1.m1b.35616.m1                               4.2307430 4.4817472 9.0000000 5.5187957 5.5187957 0.0000010 4.9465263 0.0000010 4.7546205 0.0000010 3.8776981 9.0000000 4.5077743 5.5969979 8.9999982 9.0000000 8.3420488 9.0000000 0.0000010 0.0000010 0.0000010 8.9999981 8.9999984 4.8679096 4.8142703 4.8002610 3.6756768 3.3162593 0.0000010 3.9357306 4.9136649 4.8568980 0.0000010 1.9728686 1.5124592 0.1873414 0.0000000 0.0486840 0.0638004 0.0980775 0.4953952 0.1423662 0.3372133 0.5292793 0.6579853 3.9123107 2.2616184 2.8266119 0.0000010 0.0000010 7.1540010 6.2414773 5.1918564 8.9999984 0.0000010 3.4248621 0.0000010 4.5837231 9.0000000 4.5662867 4.5503120 4.5315422 4.0502024 0.0000010 3.7642918 0.0000010 0.0000010 8.9999987 7.5858349 0.0000010 8.9999984 0.0000010 0.0000010 8.9999986 0.0000010 7.7222838 0.0000010 7.7222838 0.0000010 7.2980947 
Gasp_gasp1.m1b.35781.m1                               3.8557699 4.1175809 9.0000000 5.2570368 5.2570368 0.0000010 4.5434660 0.0000010 4.3795870 0.0000010 3.6327059 9.0000000 3.9629844 5.3248831 8.9999981 9.0000000 6.4884435 9.0000000 0.0000010 0.0000010 0.0000010 8.9999985 8.3128589 4.7143770 4.4936808 4.3482672 3.4550966 3.1160122 0.0000010 3.7654520 4.7185099 4.5222430 0.0000010 1.8899323 1.4896407 0.1880026 0.0486840 0.0000000 0.0490212 0.0837796 0.3927204 0.1058253 0.2943084 0.4825818 0.6066231 3.8038346 2.1980700 2.7563847 0.0000010 0.0000010 6.4915476 5.7258290 4.7910107 8.9999982 0.0000010 3.2074712 0.0000010 4.3728270 9.0000000 3.9882367 4.2253390 4.1472126 3.7172242 0.0000010 3.5145543 0.0000010 0.0000010 8.9999989 7.5120975 0.0000010 8.9999985 0.0000010 0.0000010 8.9999982 0.0000010 6.8154583 0.0000010 6.8154583 0.0000010 6.5663476 
Gasp_gasp1.m1b.43443.m1                               3.3186957 3.4676950 5.0586694 3.8039638 3.8039638 2.7849207 3.9271255 3.1716571 3.0969962 0.0000010 4.0016360 9.0000000 3.1401228 5.0082743 8.9999984 5.7479668 5.2911305 7.4144113 0.0000010 1.8992327 2.8059049 5.1218931 4.7048319 2.9873024 4.2126205 2.8583581 2.8415234 2.5846645 1.1843846 2.6242273 3.0631198 3.2472284 1.0280144 1.9224671 1.4612140 0.2453867 0.0638004 0.0490212 0.0000000 0.0684953 0.5579901 0.2695567 0.4003649 0.6464734 0.7192609 3.1367947 2.1632469 2.2176902 2.2216681 2.2216681 4.2437650 3.8944082 3.5881500 4.9810398 1.8952683 2.8832150 2.2185576 4.0586216 3.0833598 3.4946187 3.1218052 3.5394100 3.3425866 6.4384575 3.2684251 0.0000010 1.8356294 4.9110337 5.9064136 4.4187374 4.3914429 2.1816978 0.6937917 8.9999989 1.1097211 4.5712541 1.4495198 6.3142742 1.3024439 6.4805401 
Gasp_gasp1.m1b.36570.m1                               3.6194908 3.9810542 5.3711809 4.0645229 4.0645229 4.0430269 3.7710063 3.3674288 3.4272888 0.0000010 4.2254012 9.0000000 3.2788564 5.1842926 8.9999984 5.5390536 5.1104806 6.5953633 0.0000010 3.3528287 2.8059049 5.5272438 4.8801403 3.0905317 4.3273795 2.9030417 2.8463704 2.6198661 1.5499237 2.6446511 3.1748899 3.3696929 1.6534974 2.0991970 1.5865690 0.3292730 0.0980775 0.0837796 0.0684953 0.0000000 0.7020978 0.3970523 0.5249831 0.7850231 0.8746888 2.9622791 2.0993071 2.1939788 3.2283576 3.2283576 3.8916984 3.5552101 3.3004037 4.4746270 2.1497065 2.9199007 2.8355702 4.1099684 3.5739349 3.7055541 3.4955008 3.7877148 3.6034442 4.9723478 3.5347040 0.0000010 3.0378958 5.2024539 6.0512651 4.0857622 5.1991127 3.1951429 1.4995493 8.9999984 1.5464201 5.0800710 2.8196977 6.4036030 2.0927950 6.7221938 
Spis_XP_022791462_1                                   1.9998161 1.9715313 2.2690006 2.1054824 2.1015507 1.7305000 2.0353656 2.1176351 1.9570254 2.5895010 2.7459061 2.7114348 1.9917061 3.5989367 2.4907592 3.2400751 3.0828911 3.1837052 6.0579852 2.7468542 2.3232820 3.0907470 2.7485467 0.8626121 0.8563167 0.8583195 0.8154226 0.7794760 0.5943578 0.7934901 0.8301577 0.7688837 0.6719891 0.5712530 0.4679822 0.9164126 0.4953952 0.3927204 0.5579901 0.7020978 0.0000000 0.1108430 0.1327730 0.2093510 0.2774616 0.7825585 1.0154068 0.8466983 0.8564340 0.8675363 1.0174711 0.9951118 1.0159492 0.9550692 0.7101476 0.9876787 0.8287220 1.1538006 1.1148593 1.2350307 1.2597847 1.2516432 1.2490318 1.2106977 1.2602742 2.3504705 2.6661781 2.3161319 2.8090598 2.2824059 2.3292556 2.1808141 1.6686187 2.7440211 1.9453864 2.1206190 2.0539490 2.1077030 1.5393208 4.1335021 
Gasp_gasp1.m3.20533.m1                                1.9875591 1.9501543 2.2953655 2.0844885 2.0804951 1.7386385 2.0396841 2.0801070 1.9476027 2.5487911 2.7041016 2.4950855 1.9683715 3.6232487 2.4964851 3.3078560 3.0842991 3.1584559 6.2276280 2.7862789 2.2114320 3.0238585 2.6579826 0.8534983 0.8328207 0.8474487 0.7603499 0.7322449 0.5584620 0.7612067 0.8281697 0.7644297 0.6219531 0.5477821 0.4482071 0.6275583 0.1423662 0.1058253 0.2695567 0.3970523 0.1108430 0.0000000 0.0803738 0.1749810 0.2473408 0.7293555 0.9711915 0.8192372 0.8705417 0.8431551 1.0143126 0.9874963 1.0070641 0.9359023 0.7070748 0.9582999 0.7909687 1.1544381 1.0810859 1.2077002 1.2306705 1.2272350 1.2229509 1.1635764 1.2290884 2.4421309 2.6435493 2.2897049 2.6968350 2.1533306 2.3233359 2.1679696 1.6033712 2.6062537 1.8188664 2.0987572 2.0319391 2.0772372 1.5129838 4.2034772 
Fspp_ffun1.m4.15037.m1                                2.2550362 2.1668074 2.7763577 2.4060300 2.3994162 1.7426363 2.3740199 2.4082805 2.2365034 2.5880954 2.6645422 2.6949574 2.2786598 3.6752097 2.4872560 3.6201643 3.3698115 3.5018287 6.1968481 2.8416752 2.1628355 3.2770788 2.9788441 1.0328022 1.2198981 1.0084011 0.9661787 0.9142867 0.7069120 0.9394151 1.0070469 0.9487891 0.6103525 0.6636037 0.5416849 0.6669307 0.3372133 0.2943084 0.4003649 0.5249831 0.1327730 0.0803738 0.0000000 0.1694640 0.3081848 1.0365486 1.1641052 1.0181250 0.8370584 0.8407564 1.2258147 1.1933411 1.2154625 1.1522063 0.7217734 1.1126293 0.8167418 1.6282745 1.1544684 1.3174639 1.3506566 1.3457196 1.3391430 1.3192019 1.3457179 2.0981821 3.0132523 2.4625609 3.4371818 2.6795217 2.5748895 2.3369986 1.9462597 2.6513947 1.8236642 2.4233461 2.0752533 2.5825985 1.8141283 4.4029365 
Gfas_gfas1.m1.14941.m1                                2.1087736 2.1017679 2.4348090 2.2018489 2.1975430 1.6965123 2.1703496 2.1851967 2.1256604 2.7133310 2.7432092 2.6871444 2.1495180 3.6876199 2.5312698 3.3194541 3.1557392 3.2469875 5.6533404 2.8322726 2.4153540 3.0921292 2.6923059 0.9289851 0.9539488 0.9093971 0.8649892 0.8291980 0.6515514 0.8558494 0.8927586 0.8248811 0.7047096 0.5896193 0.5048412 0.9851698 0.5292793 0.4825818 0.6464734 0.7850231 0.2093510 0.1749810 0.1694640 0.0000000 0.2784820 0.8484455 1.0915765 0.9168968 0.9002306 0.9133643 1.0942335 1.0855912 1.0971035 1.1054430 0.7473671 1.0398108 0.8395453 1.2161538 1.1797778 1.3080642 1.3310472 1.3348634 1.3305781 1.2955668 1.3371432 2.4307988 2.8096661 2.3998919 2.8557455 2.3595597 2.3901408 2.2136635 1.7850353 2.5674942 1.7021301 2.1448356 2.0687425 2.1494754 1.6759708 4.3088271 
Adig_XM_015905475.1                                   2.0684698 2.0746130 2.4625556 2.2099508 2.2053865 1.7351529 2.1563344 2.3055425 2.1599290 2.9964981 2.8081587 2.5468200 2.0982690 3.5040068 2.6557222 3.2417033 3.0533553 3.1250448 5.2426281 2.8281920 2.1883001 3.0573701 2.8380699 1.0003512 1.0209007 0.9656526 0.9274077 0.8893372 0.6634598 0.8895136 0.9938659 0.8986093 0.7232790 0.6425443 0.5592426 1.1728808 0.6579853 0.6066231 0.7192609 0.8746888 0.2774616 0.2473408 0.3081848 0.2784820 0.0000000 0.9193267 1.1241926 0.9503812 0.9972172 1.0081287 1.1985250 1.1661121 1.1747827 1.2019353 0.7973504 1.1250082 0.8993821 1.3990675 1.1730695 1.3157580 1.3260601 1.3389083 1.3366341 1.3057335 1.3305281 1.9786856 2.8261217 2.3123318 2.7508743 2.1526491 2.3554120 2.2024860 1.7713261 2.9162248 1.9879408 2.1211981 2.2038571 2.0559285 1.6861629 4.6823593 
Bralan_BLAG05000106_1                                 2.0171393 2.0201594 2.2955757 2.0040567 2.0040567 0.0000010 1.9497495 2.0382805 1.9862837 2.8988725 2.6927840 2.3980336 2.0258906 3.1603439 2.6702331 3.1410944 2.9771443 3.0344999 6.6060470 2.6683545 2.1914695 3.0162548 2.5852631 0.5878307 0.5501998 0.6000253 0.5365316 0.4706431 0.3253865 0.4795028 0.5196497 0.4491379 1.4867108 0.8357131 0.7748011 2.5540852 3.9123107 3.8038346 3.1367947 2.9622791 0.7825585 0.7293555 1.0365486 0.8484455 0.9193267 0.0000000 1.0712167 0.9298684 1.0851288 1.1861557 1.1091072 1.1112963 1.1451109 1.0345890 1.1909688 1.0539486 1.1339757 1.1562742 1.1679198 1.2151558 1.2139680 1.2209408 1.2162461 1.1374492 1.1828235 2.2967106 2.2860502 2.4147157 2.7177117 2.2098299 2.3341491 2.1576592 1.5349550 2.9073026 0.0000010 2.0700071 3.0281953 2.0577273 1.3529075 3.9240225 
