81
Lcom_lcpid223029                                      0.0000000 1.2615257 1.2789631 1.6997680 0.0000010 1.6960819 0.0000010 2.3263041 1.6316426 1.7751073 1.7728316 1.5635263 1.5930533 1.7298823 1.2902499 1.4910711 1.3269454 1.4001475 1.2046435 1.5364362 0.9231153 1.6094832 1.4444634 1.7932102 1.5988403 1.7614460 1.5846433 1.7111623 1.0526939 1.7155075 1.0953665 9.0000000 1.2838514 1.2838514 0.9703703 1.1077182 1.6078957 1.5751849 2.8370172 1.3249892 1.1625748 1.4546615 1.3915042 1.5770938 1.5351551 1.4806790 1.4876120 1.4103123 1.2064290 1.1818570 1.4605135 1.4306907 1.4306907 1.4306907 1.5448315 1.5448315 1.5448315 1.6646049 1.6646049 1.2639408 1.5149958 1.5026501 1.6619463 1.6648641 1.4885024 1.4885024 1.3370968 1.3818066 0.0000010 0.0000010 7.0194036 2.8079012 2.8061136 2.3431676 2.3769023 2.5682495 2.5682495 2.6642966 0.0000010 1.8792503 0.0000010 
Emue_Em0010g864a.t1                                   1.2615257 0.0000000 0.1431728 0.8896127 0.4976405 0.9912761 0.8296372 1.3318540 1.0117081 0.8994233 0.9088222 1.0108404 0.9364073 1.2040343 0.6844074 0.5735466 0.6375833 1.0659646 0.8379756 1.2699498 0.7828023 1.2055674 1.2480713 0.7221262 0.7453423 0.6688315 1.2601343 1.2757713 0.9310795 1.2843577 1.1071663 3.6748199 0.7556724 0.7556724 0.8896295 0.9563576 0.8635853 1.2083360 1.2656310 1.3231943 1.1239043 1.2719069 1.2668226 1.2716164 1.2439975 1.2841307 1.2232864 1.1992979 1.2301379 1.2052022 1.2384853 1.2551955 1.2551955 1.2551955 1.4617771 1.4617771 1.3603205 1.5729978 1.5729978 1.2079560 1.1974377 1.1437990 1.2412800 1.2398111 1.2720249 1.2755332 1.3414470 1.4058857 0.0000010 0.0000010 5.5938943 2.1319599 2.0485308 2.0559435 2.2590032 2.0977052 2.1791175 2.3351197 0.0000010 2.2352112 0.6022606 
Spolac_c102412_g2_i1_m.29209c101578-g1                1.2789631 0.1431728 0.0000000 1.0318815 0.9202285 1.1169351 0.7936757 1.4563760 1.1587012 0.9876419 1.0117832 1.0859008 1.0493742 2.6596530 0.6887081 0.7408297 0.6251083 1.1984997 0.9289670 1.4199888 1.0427193 1.3312824 1.3621357 1.0225946 0.9122500 0.8760492 1.4461687 1.4761853 1.0403466 1.4276129 1.1700580 1.2872495 0.8777715 0.8777715 0.9692083 1.1040298 1.1478939 1.3660071 1.8157891 1.4656035 1.2495060 1.5192212 1.5185730 1.5533495 1.2656002 1.5389768 1.4273404 1.4719480 1.2309337 1.1806364 1.4945540 1.5135321 1.4471132 1.5135321 1.7136092 1.7136092 1.5529384 1.9641653 1.9641653 1.2299670 1.4041590 1.3723453 1.4724100 1.4697072 1.4306243 1.4352959 1.5612889 1.5540894 5.3618140 4.9612699 6.6218740 2.3910443 2.3567753 2.2672750 2.3448506 2.3084089 2.2400848 2.4017737 6.9834899 2.4280906 7.2925612 
Gasp_gasp1.m3.15625.m1                                1.6997680 0.8896127 1.0318815 0.0000000 0.0910417 0.2920445 0.2478912 0.4021474 0.2490269 0.2769827 0.2674571 0.5415292 0.5857031 0.7170634 0.7035015 0.9911415 1.1923181 0.9239053 1.1734496 1.0735540 0.7784007 1.0174821 1.0054228 1.1228505 1.0567589 1.0669164 0.9740454 1.0076550 1.1397021 1.5033914 1.1385928 1.6184822 1.1630381 1.1630381 1.1559708 1.1223558 1.1868995 1.1383844 1.1555060 1.1475219 1.2266990 1.4216078 1.4470334 1.3839197 1.4528821 1.6416034 1.3863891 1.3803579 1.4736822 1.3632074 1.4255308 1.3568486 1.3200900 1.3493785 1.4341639 1.5506851 1.3852401 1.4743447 1.6455945 1.3541499 1.3955488 1.3838175 1.3620852 1.3583886 1.3788186 1.3912130 1.5139344 1.4195902 1.1952095 1.2672998 1.4972479 2.3335835 2.2319279 2.3452579 2.3110879 2.1101565 2.1890115 2.3256697 1.2799774 2.2153326 2.0631220 
Fspp_ffun1.m4.4715.m1                                 0.0000010 0.4976405 0.9202285 0.0910417 0.0000000 0.3056278 0.2426717 0.3138786 0.2799576 0.2500771 0.2858203 0.5538088 0.6177616 0.6881974 0.4075716 0.9639617 0.9772323 0.6605848 1.1226237 0.8420387 0.5638613 0.7247590 0.7861129 1.0623116 0.9473974 0.8829903 0.8421580 0.9160077 1.1366723 1.3631204 1.0895578 1.5518029 1.0961391 1.0961391 1.1234825 1.0009962 1.0352850 0.9179531 1.0320904 0.9145274 1.2728886 1.0414784 1.1264105 1.1111133 0.9042329 1.4184756 1.3394264 1.1914240 1.0049843 1.0049843 1.3285675 1.2773412 1.1669695 1.1931108 1.1970876 1.3252884 1.2087620 1.2573874 1.4769638 1.2605695 1.2363422 1.2260114 1.2828797 1.2722230 1.2698363 1.2817027 1.5888238 1.4076872 1.1988959 1.3500534 1.4002357 1.7981172 1.7981172 1.8152765 1.7629426 1.6175800 1.6905121 1.7663668 1.2549056 2.1003392 2.0827028 
Amil_Amillepora04548-RA                               1.6960819 0.9912761 1.1169351 0.2920445 0.3056278 0.0000000 0.1018442 0.0888217 0.2180348 0.3297909 0.3371675 0.5461915 0.6249464 0.7993780 0.6882222 1.0155376 1.2972347 0.9970921 1.0592812 1.0577537 0.7452014 1.0004097 1.0131086 1.1536621 1.0503611 1.0212464 0.9510468 0.8906752 1.1106935 1.3984707 1.1397578 1.7168787 1.1516990 1.1516990 1.0934229 1.0779686 1.0992786 1.1217947 1.1765190 1.1405788 1.2777383 1.4681050 1.4863847 1.4153578 1.4815130 1.5305282 1.3640066 1.3300901 1.4405805 1.3707568 1.3405803 1.3495578 1.3495195 1.3529578 1.4300495 1.5277742 1.3901796 1.4985610 1.6559172 1.3117391 1.3625114 1.3440540 1.3257270 1.3244930 1.2442359 1.2854145 1.4553958 1.3412192 1.1111943 1.3649378 1.3819839 2.3113927 2.2320279 2.2556634 2.1202437 2.0950966 2.0648065 2.2008520 1.4388413 2.1077969 2.1579550 
Adig_XM_015914866.1                                   0.0000010 0.8296372 0.7936757 0.2478912 0.2426717 0.1018442 0.0000000 0.1018442 0.2002046 0.3156236 0.3170296 0.3385036 0.4580554 2.9021328 0.6408971 0.8762798 0.7451050 1.0750406 0.9795590 1.0628766 0.8477619 0.9524504 1.0508395 3.9024108 0.6630144 0.6499189 0.8994344 0.9329432 1.0700245 1.1867560 1.1121438 8.9999990 1.0654492 1.0654492 1.0350589 0.9431799 3.0764016 1.2605698 2.5632265 1.4430321 1.3441209 1.2397808 1.4456683 1.4456683 1.1889805 1.4384492 1.2332695 1.1136524 1.2187556 1.2187556 1.5021928 1.4775236 1.4775236 1.4775236 1.6098430 1.6098430 1.3342230 2.8165009 2.8165009 1.2776125 1.3332340 1.3115464 1.2205943 1.2205943 1.1323716 1.1323716 1.4093430 3.9318555 3.1558568 0.0000010 4.3530165 1.8115164 1.4667530 1.4929375 1.6391472 1.6117687 1.5719027 1.6982164 0.0000010 2.1218473 0.6022606 
Adig_XM_015906166.1                                   2.3263041 1.3318540 1.4563760 0.4021474 0.3138786 0.0888217 0.1018442 0.0000000 0.3470690 0.4505349 0.4655304 0.6861353 0.7698947 0.8208733 0.7937276 1.2808260 1.3069083 1.3334905 1.2532185 1.1620209 0.7452014 1.1073064 1.1807169 1.4969195 1.2767086 1.1997948 1.0579491 1.0342514 1.2939650 1.4267439 1.3406915 1.8656731 1.3049299 1.3049299 1.2438006 1.2820955 1.4344620 1.2618348 1.4422491 1.3281426 1.5224296 1.6924029 1.6523502 1.4808038 1.7484452 1.8027516 1.5474535 1.5318550 1.7559670 1.3707568 1.5071364 1.5334439 1.5843649 1.5809999 1.5671807 1.7325278 1.5118419 1.6795279 1.9559524 1.3590907 1.5020705 1.4809728 1.4588311 1.4574213 1.4029065 1.4243844 1.6091118 1.5720149 1.1301730 1.3716264 1.3942175 2.3375618 2.2570609 2.3880564 2.2342853 2.2489355 2.2148643 2.2752159 1.4489695 2.1977776 2.2214809 
Gfas_gfas1.m1.16660.m1                                1.6316426 1.0117081 1.1587012 0.2490269 0.2799576 0.2180348 0.2002046 0.3470690 0.0000000 0.3449401 0.3304428 0.5643656 0.6021691 0.7497424 0.7274972 1.0741626 1.3517142 0.9275997 1.1550399 1.0969546 0.7470729 0.9832590 1.0014649 1.2538124 1.0521340 1.0868530 0.9883830 0.9669787 1.1457705 1.4707347 1.1228535 1.6135515 1.1668486 1.1668486 1.1076200 1.1810445 1.1555354 1.1230831 1.2096916 1.2065401 1.3047158 1.4436422 1.5213014 1.4390267 1.4425691 1.5679185 1.4206615 1.3942653 1.4707902 1.4343456 1.4405644 1.3996831 1.3780126 1.3742588 1.4424318 1.4886978 1.4009698 1.5138066 1.5995236 1.3339040 1.4554794 1.4333255 1.4029225 1.4045777 1.3917814 1.4020731 1.6204208 1.4281361 1.1776290 1.4661612 1.6567038 2.3998049 2.2901271 2.2815919 2.1848998 2.0783017 2.0835960 2.2063811 1.5565111 2.2503992 2.2619375 
Spis_XP_022783636_1                                   1.7751073 0.8994233 0.9876419 0.2769827 0.2500771 0.3297909 0.3156236 0.4505349 0.3449401 0.0000000 0.0765664 0.4921196 0.5375997 0.6623204 0.6820636 0.8910498 1.1090112 0.9487609 1.1276827 1.0197599 0.7156482 0.9861279 1.0149910 1.0084272 0.9869466 0.9487914 0.9000428 0.9295278 1.0974040 1.4403736 1.1522143 1.4367801 1.0164510 1.0164510 1.1141329 1.0653329 1.1307414 0.9741697 1.0657758 1.0530711 1.1483406 1.3993705 1.4292370 1.3681506 1.4746884 1.5325222 1.3777237 1.4195979 1.5200287 1.3664322 1.3433789 1.2970070 1.2206689 1.2233447 1.4556600 1.5732237 1.4257096 1.5029310 1.6789098 1.3978548 1.3724433 1.3602713 1.3201021 1.3257915 1.3365862 1.3303826 1.5393619 1.3095614 1.2072657 1.3194727 1.4480163 2.1684331 2.0750056 2.2008320 2.1133965 2.0059850 1.9845044 2.2092907 1.4656739 2.1449918 1.9742809 
Pocdam_XM_027186967.1                                 1.7728316 0.9088222 1.0117832 0.2674571 0.2858203 0.3371675 0.3170296 0.4655304 0.3304428 0.0765664 0.0000000 0.5149822 0.5738231 0.7135724 0.6741287 0.9179616 1.1717379 0.9256933 1.1619772 1.0579289 0.7189476 1.0038250 1.0477699 1.0918181 1.0065064 0.9643424 0.9199861 0.9332378 1.0953326 1.4265818 1.1760012 1.4119307 1.0170915 1.0170915 1.0849414 1.0913035 1.1623067 1.0271558 1.0944354 1.0803634 1.2067060 1.4531147 1.4991391 1.4401050 1.5121566 1.5873508 1.4366086 1.4862010 1.5391246 1.3764728 1.4039459 1.3383104 1.2726823 1.2899470 1.5227202 1.6330859 1.4724267 1.5882416 1.7608433 1.3835167 1.4284503 1.4041208 1.3705706 1.3758977 1.4056365 1.3904901 1.5324381 1.4037975 1.2786839 1.3628103 1.3772015 2.1639007 2.0673976 2.2191963 2.2059105 2.0123745 2.0426008 2.2369006 1.5704008 2.2194050 2.0375012 
Exapal_XM_021045875.2                                 1.5635263 1.0108404 1.0859008 0.5415292 0.5538088 0.5461915 0.3385036 0.6861353 0.5643656 0.4921196 0.5149822 0.0000000 0.4016133 0.5701655 0.6261890 0.9680595 1.1898936 0.9691064 1.1007418 1.0811728 0.7813871 1.0088781 1.0443829 1.0846839 0.9767947 0.9663573 0.9231452 0.9277771 1.0467994 1.4074765 1.0868963 1.5748075 1.0183440 1.0183440 1.0682512 1.0780155 1.2327826 1.0507262 0.9404137 1.0947314 1.2514992 1.3007640 1.3855008 1.3481342 1.3419776 1.5501574 1.3930608 1.3968211 1.3537863 1.2457528 1.3384764 1.2965008 1.2714324 1.2531129 1.5070953 1.6642697 1.4420290 1.6273214 1.8916972 1.3162947 1.3407532 1.3470225 1.3227351 1.3358177 1.3201849 1.3399722 1.5526739 1.2817030 0.9987780 1.3872889 1.3972807 2.0847608 1.9913996 2.1453887 1.9689295 1.9691586 1.9370227 2.0672983 1.4477524 1.9509991 2.1569891 
Nvec_v1g157740                                        1.5930533 0.9364073 1.0493742 0.5857031 0.6177616 0.6249464 0.4580554 0.7698947 0.6021691 0.5375997 0.5738231 0.4016133 0.0000000 0.0455324 0.7234173 0.9962846 1.2378789 1.0419832 1.1696087 1.2627214 0.9010113 1.0955882 1.0621246 1.1211103 1.0076086 0.9764603 0.9634011 1.0363358 1.1049439 1.3748739 1.0837548 1.5483690 1.0719817 1.0719817 1.1750422 1.1241224 1.1607806 1.1534940 1.2451355 1.2187898 1.3431271 1.2950701 1.3531677 1.3012815 1.3680340 1.6033445 1.3735606 1.4275869 1.5081342 1.3997085 1.3810324 1.3112503 1.2711529 1.2796533 1.4704520 1.5973700 1.4183954 1.5358897 1.7322232 1.3765658 1.4765180 1.4669263 1.4619801 1.4709646 1.4776886 1.4783588 1.6208715 1.3347602 0.9577200 1.5781343 1.5341512 2.1678675 2.0703804 2.2347866 2.1280857 2.0851906 2.0715657 2.2554614 1.4830340 2.2341365 2.3333354 
Nvec_v1g1279                                          1.7298823 1.2040343 2.6596530 0.7170634 0.6881974 0.7993780 2.9021328 0.8208733 0.7497424 0.6623204 0.7135724 0.5701655 0.0455324 0.0000000 0.0000010 1.2373280 5.9512312 1.0994563 1.3309768 1.0056446 0.7340231 0.8126304 0.9638453 1.1273351 1.2469348 1.1647763 0.8403162 0.9705000 1.0456767 1.3700421 1.1086627 1.6389037 1.1265925 1.1265925 1.1709660 1.4114669 1.3235165 1.1608088 1.1877220 1.1337342 1.4415279 0.9109839 1.2290830 1.2081334 1.0857262 1.6661212 1.4492551 1.4529965 0.9951963 0.0000010 1.4622187 1.4080607 1.1230714 1.2239800 1.4955606 1.4955606 1.4955606 1.4955606 1.4955606 2.9345394 1.6955069 1.7295296 1.7158268 1.7161795 1.8851932 1.8791782 1.7974446 1.1595378 1.1221367 2.1147974 1.5649581 2.1754657 2.1754657 2.4127492 2.2763285 2.2117436 2.0792125 2.1382521 1.5537793 2.4759306 2.7129832 
Spur_XM_003730586.3                                   1.2902499 0.6844074 0.6887081 0.7035015 0.4075716 0.6882222 0.6408971 0.7937276 0.7274972 0.6820636 0.6741287 0.6261890 0.7234173 0.0000010 0.0000000 0.5095298 0.5512305 0.4578438 0.7333490 0.7980983 0.7184357 0.7975029 0.8714644 0.8821657 0.7494433 0.5691982 0.7538527 0.9273067 0.7062536 0.7785729 1.0862976 0.0000010 0.8567522 0.8567522 0.9126166 0.9088556 1.6233671 1.4990573 1.1726651 0.9202224 1.1003875 1.1154952 1.1944041 1.1725150 1.1281081 1.1214133 1.0352681 0.9176604 1.0726749 1.0632861 1.3374268 1.2482191 1.2482191 1.2482191 1.9575706 1.9575706 1.1779425 0.7042699 0.7042699 1.1744618 1.6734149 1.6237679 1.5300956 1.5300956 1.5942903 1.5942903 1.5210208 3.6569196 0.0000010 0.0000010 3.4312219 1.7431098 1.4783492 1.5089378 1.5053481 1.3845963 1.3845963 1.5381295 0.0000010 2.2068411 0.0000010 
Tetwil_g26275.t2                                      1.4910711 0.5735466 0.7408297 0.9911415 0.9639617 1.0155376 0.8762798 1.2808260 1.0741626 0.8910498 0.9179616 0.9680595 0.9962846 1.2373280 0.5095298 0.0000000 0.2477218 0.9167053 1.0151732 1.1127918 0.8503349 1.2530039 1.2926706 0.7529475 0.7014911 0.7050937 1.1576659 1.2310003 1.0895598 1.4870420 1.0414797 1.5980827 1.0120002 1.0120002 1.0078389 1.0942969 0.7516917 1.2423037 1.3313076 1.1518336 1.4071368 1.2565570 1.3563102 1.3542151 1.2617734 1.3529209 1.2554526 1.4143459 1.3994411 1.3119595 1.4646394 1.4043110 1.3585636 1.3748818 1.5077688 1.6521573 1.4047744 1.4890934 1.6723540 1.4383418 1.3125998 1.2565411 1.3639508 1.3704827 1.3590971 1.3524016 1.4725342 1.3761947 0.8932320 0.6947635 1.6636258 2.5838609 2.5117785 2.1660682 2.2645280 2.1472121 2.2289307 2.3752610 1.5670380 2.0907340 1.9930601 
Tetwil_g26274.t2                                      1.3269454 0.6375833 0.6251083 1.1923181 0.9772323 1.2972347 0.7451050 1.3069083 1.3517142 1.1090112 1.1717379 1.1898936 1.2378789 5.9512312 0.5512305 0.2477218 0.0000000 1.0905998 1.0739077 1.2616274 0.9258373 1.4079573 1.4512792 1.5934730 0.9091199 0.9330867 1.5015502 1.5701641 1.2540985 1.3989949 1.3632540 3.0615882 1.0946735 1.0946735 1.1602149 1.5626235 0.9636329 1.3929190 3.5191535 1.4122713 1.6714466 1.3329823 1.6368100 1.6210665 1.2516187 1.4734154 1.6228403 1.6030001 1.4173559 1.3297777 1.8671048 1.7814822 1.5484977 1.5484977 2.0707398 1.9524793 1.7170846 2.5629322 2.4353914 1.3254535 1.5304796 1.4716169 1.6109075 1.6062539 1.6192089 1.6192089 1.7973895 2.1553002 2.9837752 2.4506374 3.7946963 2.6826106 2.5335034 1.9704956 2.0733846 2.3021857 2.2544849 2.4706483 3.3754566 2.2610990 3.9051747 
Skow_XM_006812290.1                                   1.4001475 1.0659646 1.1984997 0.9239053 0.6605848 0.9970921 1.0750406 1.3334905 0.9275997 0.9487609 0.9256933 0.9691064 1.0419832 1.0994563 0.4578438 0.9167053 1.0905998 0.0000000 0.8678180 1.1262543 0.8302164 0.9571530 1.0097059 1.1085981 1.0428301 0.9628878 1.0100010 0.9741520 0.8102550 1.3039164 0.9059123 4.1730181 1.0616640 1.0616640 0.7789174 0.8377431 1.2274740 1.3570196 1.4412068 0.9585409 1.0136705 1.4318186 1.4082980 1.3489331 1.4699238 1.3841818 1.2035959 1.3146828 1.3711844 1.1028601 1.2989320 1.2249318 1.2249318 1.2249318 1.4470589 1.4470589 1.2671473 1.5228082 1.5228082 1.0294145 1.2482268 1.2792429 1.3057783 1.3060866 1.2895574 1.2995287 1.0049272 1.1620596 0.6672135 0.0000010 3.5181336 2.5138615 2.4638937 2.4901838 2.4938068 2.3299635 2.2722299 2.5099073 2.0703730 1.8715564 0.6225760 
Acagra_model.g27568.t1_model.g27570.t1                1.2046435 0.8379756 0.9289670 1.1734496 1.1226237 1.0592812 0.9795590 1.2532185 1.1550399 1.1276827 1.1619772 1.1007418 1.1696087 1.3309768 0.7333490 1.0151732 1.0739077 0.8678180 0.0000000 1.2210179 0.9531374 1.1639677 1.1825502 1.1324242 1.0280567 1.0249271 1.2666670 1.1628484 0.9565470 1.2700575 0.7836549 1.4303671 0.9473762 0.9473762 0.8177016 0.9057757 1.0944756 1.2572840 1.2675600 1.1893182 1.1271272 1.4681860 1.5976011 1.5682043 1.5593923 1.6364245 1.5948827 1.5004242 1.4177920 1.3331682 1.4703837 1.3965974 1.3894253 1.3985509 1.6378245 1.7537761 1.5309843 1.6414324 1.7951935 1.4018678 1.4224206 1.3791534 1.4410743 1.4484654 1.3793631 1.4245918 1.2963923 1.2806263 1.1427229 1.3958754 1.5613318 2.2000089 2.1840558 2.0967051 2.0908957 2.0256934 2.0877753 2.2470665 1.7737885 2.2149873 2.3452221 
Sanmal_Sma_026201-T1                                  1.5364362 1.2699498 1.4199888 1.0735540 0.8420387 1.0577537 1.0628766 1.1620209 1.0969546 1.0197599 1.0579289 1.0811728 1.2627214 1.0056446 0.7980983 1.1127918 1.2616274 1.1262543 1.2210179 0.0000000 0.5463985 0.5761387 0.5872826 1.2153929 1.1583656 1.1707814 1.1463776 1.2192831 1.0991222 1.3984009 1.1075087 1.4345391 1.1059388 1.1059388 1.2776757 1.2908016 1.3340838 1.0184270 1.0121410 0.9386981 1.4258665 1.6157246 1.6445182 1.5324756 1.6465687 1.7433194 1.5319410 1.5906628 1.6976649 1.4397465 1.6878630 1.5883777 1.5316893 1.5445859 1.5274124 1.6900635 1.4594617 1.4831597 1.6785632 1.4124832 1.4297273 1.4180086 1.5194403 1.5233071 1.5000503 1.5588452 1.6152004 1.3650135 1.1947923 1.1648912 1.6958589 2.3442638 2.2607900 2.4076190 2.2910948 2.1101706 2.1791045 2.2444060 1.6643359 1.9986828 1.8973653 
Aaur_scaffold417.g11.t1                               0.9231153 0.7828023 1.0427193 0.7784007 0.5638613 0.7452014 0.8477619 0.7452014 0.7470729 0.7156482 0.7189476 0.7813871 0.9010113 0.7340231 0.7184357 0.8503349 0.9258373 0.8302164 0.9531374 0.5463985 0.0000000 0.3784771 0.3952036 0.8177984 0.8423983 0.8045214 0.9415571 0.8661220 0.7968180 0.8635986 0.9512372 6.0440551 0.9917162 0.9917162 0.8648341 1.0380637 1.0064219 0.7275815 0.7504142 0.8541978 1.2312583 1.2028369 1.2542934 1.2491431 1.1934383 1.1154510 1.1167372 1.1502256 1.1203024 1.0871155 1.2127704 1.1518527 1.1327776 1.1518527 1.3416807 1.3416807 1.2628188 1.4100347 1.4100347 1.2832242 1.1981915 1.2198903 1.2011987 1.1720634 1.2715802 1.2715802 1.2773741 1.2510500 0.9714193 0.9591465 1.9284047 2.1775636 2.0570910 2.1913897 2.1670809 2.0883712 2.0072409 2.1995328 1.5347396 1.4978174 1.6521454 
Nemnom_g4365.t1                                       1.6094832 1.2055674 1.3312824 1.0174821 0.7247590 1.0004097 0.9524504 1.1073064 0.9832590 0.9861279 1.0038250 1.0088781 1.0955882 0.8126304 0.7975029 1.2530039 1.4079573 0.9571530 1.1639677 0.5761387 0.3784771 0.0000000 0.1816748 1.0982158 1.0171881 1.0716555 1.1428919 1.1746255 1.0836917 1.3420171 1.1513723 1.2302202 1.1432572 1.1432572 1.2073590 1.0909670 1.3172581 1.0161555 1.0768556 0.9375579 1.2582336 1.3642375 1.3967194 1.3172239 1.4671428 1.4703780 1.4639872 1.5123330 1.6784404 1.3853102 1.5481961 1.4233722 1.4439161 1.4500220 1.4161919 1.5463726 1.3828022 1.4083330 1.5772588 1.3807551 1.5023693 1.5313566 1.5640076 1.5697451 1.5651571 1.5827946 1.5146057 1.2512747 1.0681365 1.0619792 1.6787770 2.2768671 2.2071228 2.2819062 2.3220631 2.1078364 2.2131685 2.3590164 1.5567348 2.0304808 1.7236284 
Rhoesc_Res_013102-T1                                  1.4444634 1.2480713 1.3621357 1.0054228 0.7861129 1.0131086 1.0508395 1.1807169 1.0014649 1.0149910 1.0477699 1.0443829 1.0621246 0.9638453 0.8714644 1.2926706 1.4512792 1.0097059 1.1825502 0.5872826 0.3952036 0.1816748 0.0000000 1.1233666 1.0754362 1.1133247 1.1777214 1.2024712 1.0996104 1.3799216 1.1865954 1.5373931 1.1958489 1.1958489 1.1956123 1.1295022 1.3206963 1.0623418 1.0738035 1.0178025 1.3309699 1.4021739 1.4706158 1.4108041 1.4553249 1.4989630 1.4759123 1.5764242 1.7107987 1.4985878 1.6053848 1.5474207 1.5305219 1.5276453 1.4973635 1.6135775 1.4424291 1.4499848 1.5845753 1.4650962 1.6198603 1.6487956 1.6829104 1.6618682 1.7014008 1.7448636 1.5433341 1.2932584 1.1136516 1.1760678 1.6926645 2.3977154 2.3193851 2.2582311 2.3567187 2.1141845 2.2479262 2.3348384 1.8261739 2.0762670 1.7590975 
Xestes_maker-XT_scaffold117604-snap-gene-0.17-mRNA-1  1.7932102 0.7221262 1.0225946 1.1228505 1.0623116 1.1536621 3.9024108 1.4969195 1.2538124 1.0084272 1.0918181 1.0846839 1.1211103 1.1273351 0.8821657 0.7529475 1.5934730 1.1085981 1.1324242 1.2153929 0.8177984 1.0982158 1.1233666 0.0000000 0.4602179 0.4115255 1.1535160 1.1358833 1.0935012 1.6282575 1.0855166 1.5656344 1.0962784 1.0962784 1.3025013 1.0296057 0.7519624 1.3526410 1.1142340 1.2135030 1.3925523 1.5130759 1.4761036 1.4061779 1.4519061 1.4309474 1.4439906 1.5926491 1.7647028 1.9442199 1.3855769 1.3109615 1.3591058 1.3445024 1.5284638 1.6491332 1.5284638 1.5284638 1.6491332 1.7616672 1.3999841 1.3882511 1.5310299 1.5161438 1.4502462 1.4970815 1.5386773 1.1305887 0.8331055 0.9224468 1.9137680 2.2838810 2.2672574 2.3261875 2.2495832 2.1104856 2.1831988 2.3477052 1.5074787 1.9888059 2.1503749 
Aque_Aqu2.1.43321_001                                 1.5988403 0.7453423 0.9122500 1.0567589 0.9473974 1.0503611 0.6630144 1.2767086 1.0521340 0.9869466 1.0065064 0.9767947 1.0076086 1.2469348 0.7494433 0.7014911 0.9091199 1.0428301 1.0280567 1.1583656 0.8423983 1.0171881 1.0754362 0.4602179 0.0000000 0.2968245 1.2009326 1.0911801 0.9884892 1.3712290 1.1523545 1.2465374 0.9954671 0.9954671 1.0848082 1.0748202 0.8111156 1.2496522 1.0598348 1.1670433 1.3887957 1.3237325 1.3402419 1.3066247 1.4104205 1.3863300 1.3857812 1.4219469 1.3645298 1.2525066 1.4343925 1.4060136 1.4818591 1.4641677 1.4690783 1.6258520 1.4190243 1.5302187 1.7654042 1.3852421 1.4533987 1.4134351 1.4918874 1.4929857 1.4743721 1.5074337 1.4932939 1.2367753 0.7164194 0.8111535 1.6879026 2.1791549 2.1196109 2.1759955 2.0835406 1.9876106 2.0011191 2.0805236 1.4396415 2.0267213 2.3373136 
Halamb_c39603_g1_i2mm.724                             1.7614460 0.6688315 0.8760492 1.0669164 0.8829903 1.0212464 0.6499189 1.1997948 1.0868530 0.9487914 0.9643424 0.9663573 0.9764603 1.1647763 0.5691982 0.7050937 0.9330867 0.9628878 1.0249271 1.1707814 0.8045214 1.0716555 1.1133247 0.4115255 0.2968245 0.0000000 1.1071100 1.0715846 1.0202238 1.2259071 1.0618545 1.5011877 1.0577305 1.0577305 1.0678758 1.0539654 0.7488032 1.2619125 1.0488212 1.1973259 1.3476316 1.4949716 1.4186655 1.3729527 1.4399341 1.4795997 1.4516313 1.5620499 1.5139952 1.3415748 1.4747711 1.4670827 1.5483607 1.5630458 1.4491598 1.5760730 1.4197034 1.5048969 1.6965742 1.4542783 1.3499566 1.3473789 1.4146718 1.4184962 1.4408272 1.4829936 1.4797743 1.2773376 0.8168226 0.9786889 1.6843989 2.1292729 2.0628222 2.1713126 2.1060171 1.9640648 2.0025573 2.1354530 1.3750555 2.0535343 2.2679572 
Dgig_XM_028543632.1                                   1.5846433 1.2601343 1.4461687 0.9740454 0.8421580 0.9510468 0.8994344 1.0579491 0.9883830 0.9000428 0.9199861 0.9231452 0.9634011 0.8403162 0.7538527 1.1576659 1.5015502 1.0100010 1.2666670 1.1463776 0.9415571 1.1428919 1.1777214 1.1535160 1.2009326 1.1071100 0.0000000 0.3248110 1.1430305 1.3827501 1.1630610 1.6189853 1.0916949 1.0916949 1.1815048 1.0899357 1.3597143 1.2574446 1.3464040 1.1900702 1.3478159 1.3805707 1.4020441 1.3491274 1.3478078 1.3936023 1.3670267 1.4598268 1.4743098 1.3942657 1.5294569 1.4519102 1.3724500 1.3657949 1.5049123 1.5669604 1.4079268 1.4791982 1.5517391 1.4183415 1.3111885 1.2901598 1.3288995 1.3326627 1.2603317 1.3107201 1.5288857 1.6057617 1.2430520 1.4618953 1.5257685 2.2946991 2.2148508 1.9645300 2.1604278 2.0092186 2.1162054 2.2723947 1.2477309 2.1196058 1.8900896 
Xesp_020447-T1                                        1.7111623 1.2757713 1.4761853 1.0076550 0.9160077 0.8906752 0.9329432 1.0342514 0.9669787 0.9295278 0.9332378 0.9277771 1.0363358 0.9705000 0.9273067 1.2310003 1.5701641 0.9741520 1.1628484 1.2192831 0.8661220 1.1746255 1.2024712 1.1358833 1.0911801 1.0715846 0.3248110 0.0000000 1.1622089 1.3690173 1.2087809 1.5432079 1.1275648 1.1275648 1.3014570 1.0733154 1.3017068 1.2545333 1.3608315 1.1738607 1.4537821 1.3925685 1.4506754 1.3907913 1.4681096 1.5676868 1.4081342 1.5966336 1.6855074 1.4393349 1.4967437 1.3566913 1.3752894 1.3176050 1.5083620 1.5744316 1.4327543 1.4535451 1.5208008 1.4619885 1.3848480 1.3537391 1.3523815 1.3591013 1.3248057 1.3539713 1.5317717 1.4765101 1.2465712 1.5402086 1.4057128 2.3873865 2.3250651 2.1807160 2.2820995 2.1328824 2.1364116 2.3439131 1.2995965 2.0043809 1.9161777 
Bralan_BLAG19000448_1                                 1.0526939 0.9310795 1.0403466 1.1397021 1.1366723 1.1106935 1.0700245 1.2939650 1.1457705 1.0974040 1.0953326 1.0467994 1.1049439 1.0456767 0.7062536 1.0895598 1.2540985 0.8102550 0.9565470 1.0991222 0.7968180 1.0836917 1.0996104 1.0935012 0.9884892 1.0202238 1.1430305 1.1622089 0.0000000 1.2244003 0.9729790 1.8225219 1.0598067 1.0598067 0.8279732 0.8728206 0.8464406 1.3261135 1.4240269 1.2195820 1.2419138 1.1866832 1.2873903 1.3155246 1.3584339 1.3870072 1.3377341 1.4298362 1.2615291 1.1445540 1.3592560 1.2953662 1.2293748 1.2483803 1.4179923 1.4118014 1.3892860 1.4087144 1.3978585 1.4073111 1.3061496 1.2900808 1.3638848 1.3604856 1.3118058 1.3700232 1.1926540 1.2358979 0.9240916 1.6935515 1.2998783 2.3179453 2.2652869 2.2498777 2.1508096 2.1293752 2.1872259 2.1686052 1.6600310 2.2053486 1.8891717 
Cscu_XM_023380107.1                                   1.7155075 1.2843577 1.4276129 1.5033914 1.3631204 1.3984707 1.1867560 1.4267439 1.4707347 1.4403736 1.4265818 1.4074765 1.3748739 1.3700421 0.7785729 1.4870420 1.3989949 1.3039164 1.2700575 1.3984009 0.8635986 1.3420171 1.3799216 1.6282575 1.3712290 1.2259071 1.3827501 1.3690173 1.2244003 0.0000000 1.2872515 1.6244123 1.2853841 1.2853841 1.2813866 1.3466098 1.5584365 1.4733159 1.6852401 1.2781926 1.4459264 1.9655086 2.0307070 1.9621785 1.9044463 2.0869920 1.8165590 1.8491399 2.0629983 1.4526171 1.8481298 1.7951783 1.7604082 1.8014409 2.1106683 2.1102855 2.0102255 2.3945512 2.4986199 1.4296756 1.6037056 1.6638227 1.7695283 1.7852026 1.6502970 1.7322376 1.7988602 1.6300176 1.3497752 1.9697997 1.5891132 2.4445935 2.3837233 2.5308991 2.5341968 2.4122542 2.4447645 2.4570199 2.3461316 2.4740091 2.6060833 
Dpul_mRNA22385                                        1.0953665 1.1071663 1.1700580 1.1385928 1.0895578 1.1397578 1.1121438 1.3406915 1.1228535 1.1522143 1.1760012 1.0868963 1.0837548 1.1086627 1.0862976 1.0414797 1.3632540 0.9059123 0.7836549 1.1075087 0.9512372 1.1513723 1.1865954 1.0855166 1.1523545 1.0618545 1.1630610 1.2087809 0.9729790 1.2872515 0.0000000 1.5420463 1.1241314 1.1241314 0.9566627 0.9203365 1.0458273 1.2242525 1.3272973 1.2239345 0.8950324 1.3923041 1.5062818 1.4744789 1.4013091 1.6647219 1.3942980 1.4742696 1.3513007 1.1299351 1.5036988 1.4445186 1.3806028 1.3831197 1.6178853 1.6926263 1.5145948 1.6028359 1.6956303 1.5626211 1.4007707 1.3454229 1.4104679 1.3988092 1.4782256 1.5329793 1.2807232 1.3403550 1.0296752 1.2231509 1.4298636 2.5764379 2.5157421 2.4370097 2.4634867 2.2963813 2.3626506 2.4669427 1.5173562 2.2851929 2.3792089 
Opea_EP00118_Oscarella_pearsei_P003380                9.0000000 3.6748199 1.2872495 1.6184822 1.5518029 1.7168787 8.9999990 1.8656731 1.6135515 1.4367801 1.4119307 1.5748075 1.5483690 1.6389037 0.0000010 1.5980827 3.0615882 4.1730181 1.4303671 1.4345391 6.0440551 1.2302202 1.5373931 1.5656344 1.2465374 1.5011877 1.6189853 1.5432079 1.8225219 1.6244123 1.5420463 0.0000000 0.0819950 0.0819950 1.7379534 1.2772607 7.5093985 1.7427662 1.5183463 1.3404512 1.9440524 6.0278279 2.0112873 2.0032401 9.0000000 5.6993948 2.0325766 2.0818291 9.0000000 0.0000010 2.4163292 2.2526990 6.6785628 8.6290531 1.7302663 2.8974868 1.7302663 1.7302663 2.8974868 2.3667142 2.4004518 2.4113627 2.3641426 2.3641426 2.4949718 2.7291146 2.4203990 1.7060906 1.3497037 1.2523879 1.6370180 2.7282514 2.7282514 3.2252921 2.4253957 2.6977508 2.5415325 2.4799152 1.8067681 2.0133490 2.8188255 
Opea_EP00118_Oscarella_pearsei_P003381                1.2838514 0.7556724 0.8777715 1.1630381 1.0961391 1.1516990 1.0654492 1.3049299 1.1668486 1.0164510 1.0170915 1.0183440 1.0719817 1.1265925 0.8567522 1.0120002 1.0946735 1.0616640 0.9473762 1.1059388 0.9917162 1.1432572 1.1958489 1.0962784 0.9954671 1.0577305 1.0916949 1.1275648 1.0598067 1.2853841 1.1241314 0.0819950 0.0000000 0.0000010 0.9827856 1.1149107 1.1118919 1.3501455 1.1523645 1.1365742 1.3788599 1.1555761 1.3178630 1.3266970 1.2419570 1.3955640 1.2745097 1.2865972 1.1643939 1.1192893 1.3197250 1.2252724 1.0917463 1.0984818 1.3407010 1.3756797 1.3316690 1.3230270 1.3632385 1.4198945 1.5128502 1.5184081 1.5297533 1.5282657 1.4962225 1.5312062 1.5743501 1.5288412 1.1752102 1.2193497 1.8102874 2.3033509 2.2267347 2.1135983 2.2356146 2.1239831 2.1303859 2.3045741 1.5530445 1.7923968 2.5490799 
Ocar_g1377                                            1.2838514 0.7556724 0.8777715 1.1630381 1.0961391 1.1516990 1.0654492 1.3049299 1.1668486 1.0164510 1.0170915 1.0183440 1.0719817 1.1265925 0.8567522 1.0120002 1.0946735 1.0616640 0.9473762 1.1059388 0.9917162 1.1432572 1.1958489 1.0962784 0.9954671 1.0577305 1.0916949 1.1275648 1.0598067 1.2853841 1.1241314 0.0819950 0.0000010 0.0000000 0.9827856 1.1149107 1.1118919 1.3501455 1.1523645 1.1365742 1.3788599 1.1555761 1.3178630 1.3266970 1.2419570 1.3955640 1.2745097 1.2865972 1.1643939 1.1192893 1.3197250 1.2252724 1.0917463 1.0984818 1.3407010 1.3756797 1.3316690 1.3230270 1.3632385 1.4198945 1.5128502 1.5184081 1.5297533 1.5282657 1.4962225 1.5312062 1.5743501 1.5288412 1.1752102 1.2193497 1.8102874 2.3033509 2.2267347 2.1135983 2.2356146 2.1239831 2.1303859 2.3045741 1.5530445 1.7923968 2.5490799 
Hsap_ENST00000260324                                  0.9703703 0.8896295 0.9692083 1.1559708 1.1234825 1.0934229 1.0350589 1.2438006 1.1076200 1.1141329 1.0849414 1.0682512 1.1750422 1.1709660 0.9126166 1.0078389 1.1602149 0.7789174 0.8177016 1.2776757 0.8648341 1.2073590 1.1956123 1.3025013 1.0848082 1.0678758 1.1815048 1.3014570 0.8279732 1.2813866 0.9566627 1.7379534 0.9827856 0.9827856 0.0000000 1.0430816 1.0279957 1.2538455 1.4349742 1.1897161 1.0933595 1.2461776 1.4007680 1.4111335 1.2422703 1.4294344 1.3963538 1.3462072 1.1530862 1.1438861 1.4684624 1.3690320 1.1943073 1.2456699 1.5195322 1.4801164 1.4889828 1.5225715 1.4721309 1.3449818 1.4495367 1.3937701 1.4503299 1.4494015 1.4270634 1.4488832 1.4368574 1.2325384 1.3133937 1.8156787 1.6993788 2.1115093 2.0877833 1.9067289 1.9645268 1.8046933 1.8813094 1.9997699 1.9543226 2.2704448 2.4943282 
Cgig_XM_034462698.1                                   1.1077182 0.9563576 1.1040298 1.1223558 1.0009962 1.0779686 0.9431799 1.2820955 1.1810445 1.0653329 1.0913035 1.0780155 1.1241224 1.4114669 0.9088556 1.0942969 1.5626235 0.8377431 0.9057757 1.2908016 1.0380637 1.0909670 1.1295022 1.0296057 1.0748202 1.0539654 1.0899357 1.0733154 0.8728206 1.3466098 0.9203365 1.2772607 1.1149107 1.1149107 1.0430816 0.0000000 1.0158025 1.2605912 1.3030803 1.2549574 1.0445932 1.4121603 1.3511508 1.4011444 1.4490792 1.5707386 1.4176255 1.4611364 1.4459899 1.4298543 1.3786339 1.2666281 1.3276799 1.3439024 1.4052229 1.4582776 1.3856927 1.4082530 1.4797139 1.6239423 1.4043741 1.4066973 1.4548197 1.4507833 1.4791709 1.5145497 1.1146010 1.2419780 1.0715090 1.2055995 1.4189880 2.4788409 2.4261207 2.3379367 2.4081289 2.2386512 2.3342629 2.3690611 1.5159359 2.1535887 1.9581437 
Plespi_Pspi_scaffold7848_01                           1.6078957 0.8635853 1.1478939 1.1868995 1.0352850 1.0992786 3.0764016 1.4344620 1.1555354 1.1307414 1.1623067 1.2327826 1.1607806 1.3235165 1.6233671 0.7516917 0.9636329 1.2274740 1.0944756 1.3340838 1.0064219 1.3172581 1.3206963 0.7519624 0.8111156 0.7488032 1.3597143 1.3017068 0.8464406 1.5584365 1.0458273 7.5093985 1.1118919 1.1118919 1.0279957 1.0158025 0.0000000 1.4482188 1.4891733 1.4208309 1.1493947 1.4232889 1.4532821 1.3676275 1.3364080 1.4158769 1.3639936 1.3960067 1.4891185 1.2571846 1.3130355 1.2523209 1.2354680 1.2523209 1.4922537 1.4922537 1.5202692 1.6735213 1.6735213 1.1966121 1.3864200 1.3828037 1.4431141 1.4418553 1.4666274 1.4721385 1.3939302 1.1220272 0.6612001 0.2584550 5.8785760 2.9374498 2.9534480 3.0147398 3.1330735 2.8845396 2.8531084 3.0810647 2.7703120 2.3902399 1.7232065 
Hvul_g27034_1                                         1.5751849 1.2083360 1.3660071 1.1383844 0.9179531 1.1217947 1.2605698 1.2618348 1.1230831 0.9741697 1.0271558 1.0507262 1.1534940 1.1608088 1.4990573 1.2423037 1.3929190 1.3570196 1.2572840 1.0184270 0.7275815 1.0161555 1.0623418 1.3526410 1.2496522 1.2619125 1.2574446 1.2545333 1.3261135 1.4733159 1.2242525 1.7427662 1.3501455 1.3501455 1.2538455 1.2605912 1.4482188 0.0000000 0.6230799 0.9096111 1.3710556 1.6249580 1.6877773 1.5759440 1.4930750 1.7825941 1.5994425 1.6352498 1.7759959 1.3972586 1.6569662 1.6329659 1.6255791 1.6371077 1.7065926 1.8978311 1.6884064 1.7766789 2.0640656 1.6056563 1.4356092 1.4003546 1.4239173 1.4224328 1.3701994 1.3898504 1.6530378 1.2827594 1.0341923 1.2282796 1.5802990 2.4399376 2.4065058 2.5567093 2.3672961 2.4027216 2.4255257 2.5795308 1.6821133 2.1486456 1.9816628 
Chem_TCONS_00054219                                   2.8370172 1.2656310 1.8157891 1.1555060 1.0320904 1.1765190 2.5632265 1.4422491 1.2096916 1.0657758 1.0944354 0.9404137 1.2451355 1.1877220 1.1726651 1.3313076 3.5191535 1.4412068 1.2675600 1.0121410 0.7504142 1.0768556 1.0738035 1.1142340 1.0598348 1.0488212 1.3464040 1.3608315 1.4240269 1.6852401 1.3272973 1.5183463 1.1523645 1.1523645 1.4349742 1.3030803 1.4891733 0.6230799 0.0000000 1.0741634 1.4023290 1.6622001 1.7906370 1.7865368 1.5751806 2.1959476 1.7648695 1.8620078 2.9419743 0.0000010 1.8191616 1.6823119 1.7568078 1.7218944 1.7873696 2.1504816 1.7873696 1.7873696 2.1504816 6.5727757 1.4663849 1.4822849 1.5074803 1.5034235 1.5724371 1.7810786 1.8247718 1.2604707 1.3105700 1.2862398 1.8895513 2.5146855 2.5146855 2.7008140 2.5041491 2.5359073 2.6743802 2.5392887 1.8482689 2.1095541 2.2289070 
Morvir_scaffold663.g2.t1                              1.3249892 1.3231943 1.4656035 1.1475219 0.9145274 1.1405788 1.4430321 1.3281426 1.2065401 1.0530711 1.0803634 1.0947314 1.2187898 1.1337342 0.9202224 1.1518336 1.4122713 0.9585409 1.1893182 0.9386981 0.8541978 0.9375579 1.0178025 1.2135030 1.1670433 1.1973259 1.1900702 1.1738607 1.2195820 1.2781926 1.2239345 1.3404512 1.1365742 1.1365742 1.1897161 1.2549574 1.4208309 0.9096111 1.0741634 0.0000000 1.3325390 1.4790309 1.5403289 1.5055081 1.8594354 1.7806187 1.6410506 1.5389186 1.7663140 1.3918000 1.5669115 1.4973541 1.5291468 1.5419934 1.6735868 1.7964483 1.5593979 1.6463825 1.7987080 1.4822670 1.3073761 1.3426517 1.4037584 1.4134043 1.3380912 1.4223845 1.6872674 1.2296611 1.1177733 1.1990609 1.5099789 2.4702279 2.4222102 2.2247832 2.3077776 2.4019121 2.4001812 2.4848453 1.4035553 2.0424558 2.3213984 
Tcas_TC001316_001                                     1.1625748 1.1239043 1.2495060 1.2266990 1.2728886 1.2777383 1.3441209 1.5224296 1.3047158 1.1483406 1.2067060 1.2514992 1.3431271 1.4415279 1.1003875 1.4071368 1.6714466 1.0136705 1.1271272 1.4258665 1.2312583 1.2582336 1.3309699 1.3925523 1.3887957 1.3476316 1.3478159 1.4537821 1.2419138 1.4459264 0.8950324 1.9440524 1.3788599 1.3788599 1.0933595 1.0445932 1.1493947 1.3710556 1.4023290 1.3325390 0.0000000 1.4849675 1.6201953 1.6406044 1.4875997 1.6029052 1.5555608 1.5913898 1.3145324 1.3345377 1.5057767 1.4430717 1.3522086 1.3867502 1.5811256 1.5775150 1.5836357 1.5891223 1.5866187 1.6536990 1.4278147 1.4562788 1.4805945 1.4803673 1.4237069 1.5076401 1.3395320 1.4692892 1.3543970 1.7796401 1.5978025 2.2945250 2.2276071 2.3250693 2.2353995 2.1416109 2.1317936 2.2002439 2.0541240 2.4874846 2.3005017 
Pbac_sb2669091                                        1.4546615 1.2719069 1.5192212 1.4216078 1.0414784 1.4681050 1.2397808 1.6924029 1.4436422 1.3993705 1.4531147 1.3007640 1.2950701 0.9109839 1.1154952 1.2565570 1.3329823 1.4318186 1.4681860 1.6157246 1.2028369 1.3642375 1.4021739 1.5130759 1.3237325 1.4949716 1.3805707 1.3925685 1.1866832 1.9655086 1.3923041 6.0278279 1.1555761 1.1555761 1.2461776 1.4121603 1.4232889 1.6249580 1.6622001 1.4790309 1.4849675 0.0000000 0.0340868 0.0343115 0.3236467 0.3216998 0.3528768 0.3794904 0.4649310 0.4540438 0.4846923 0.4682673 0.4883869 0.4900661 0.4781507 0.4781507 0.4789624 0.5281569 0.5281569 0.4783328 1.5644787 1.5343971 1.5993833 1.6057177 1.5981539 1.6027463 1.3809783 1.6974801 1.0373254 1.1153931 2.1060596 2.5610276 2.5547287 2.2283858 2.4022127 2.3757724 2.3645347 2.4233326 0.0000010 1.9773502 2.4039180 
Horcal_Hcv1.av93.c2.g1073.i1                          1.3915042 1.2668226 1.5185730 1.4470334 1.1264105 1.4863847 1.4456683 1.6523502 1.5213014 1.4292370 1.4991391 1.3855008 1.3531677 1.2290830 1.1944041 1.3563102 1.6368100 1.4082980 1.5976011 1.6445182 1.2542934 1.3967194 1.4706158 1.4761036 1.3402419 1.4186655 1.4020441 1.4506754 1.2873903 2.0307070 1.5062818 2.0112873 1.3178630 1.3178630 1.4007680 1.3511508 1.4532821 1.6877773 1.7906370 1.5403289 1.6201953 0.0340868 0.0000000 0.0112173 0.3637615 0.4871204 0.4739997 0.4785235 0.5060595 0.5215761 0.6442439 0.5759690 0.5458907 0.5493273 0.5835275 0.5737433 0.5785096 0.5928159 0.5827685 0.5948740 1.7874399 1.7534796 1.8154558 1.8202442 1.7859682 1.8075268 1.5414035 1.7840742 1.2902745 1.6210182 1.7660792 2.5275216 2.4568132 2.3669936 2.4006162 2.3536948 2.4054703 2.4165957 0.0759057 2.2346702 2.5679737 
Horcal_Hcv1.av93.c2.g1073.i2                          1.5770938 1.2716164 1.5533495 1.3839197 1.1111133 1.4153578 1.4456683 1.4808038 1.4390267 1.3681506 1.4401050 1.3481342 1.3012815 1.2081334 1.1725150 1.3542151 1.6210665 1.3489331 1.5682043 1.5324756 1.2491431 1.3172239 1.4108041 1.4061779 1.3066247 1.3729527 1.3491274 1.3907913 1.3155246 1.9621785 1.4744789 2.0032401 1.3266970 1.3266970 1.4111335 1.4011444 1.3676275 1.5759440 1.7865368 1.5055081 1.6406044 0.0343115 0.0112173 0.0000000 0.3014252 0.4819985 0.4567277 0.4548191 0.4432339 0.5130045 0.6161775 0.5375512 0.4945123 0.4993567 0.5499784 0.5420153 0.5477830 0.5363279 0.5211512 0.5892986 1.6935139 1.6708476 1.7038725 1.7086923 1.6711641 1.6925301 1.4925379 1.7210126 1.2874263 1.5881789 1.7268296 2.4886191 2.4132144 2.3258066 2.3281033 2.3064598 2.3592067 2.3839576 0.0669318 2.1273347 2.5505695 
Bolinf_Binf_sb1238176                                 1.5351551 1.2439975 1.2656002 1.4528821 0.9042329 1.4815130 1.1889805 1.7484452 1.4425691 1.4746884 1.5121566 1.3419776 1.3680340 1.0857262 1.1281081 1.2617734 1.2516187 1.4699238 1.5593923 1.6465687 1.1934383 1.4671428 1.4553249 1.4519061 1.4104205 1.4399341 1.3478078 1.4681096 1.3584339 1.9044463 1.4013091 9.0000000 1.2419570 1.2419570 1.2422703 1.4490792 1.3364080 1.4930750 1.5751806 1.8594354 1.4875997 0.3236467 0.3637615 0.3014252 0.0000000 0.2551251 0.3437578 0.5046591 0.3843024 0.4116382 0.5283391 0.5201615 0.5201615 0.5201615 0.5422385 0.5422385 0.5210154 0.5432744 0.5432744 0.4352047 1.5513966 1.4679485 1.4805786 1.4754088 1.4374822 1.4449525 1.3762574 1.9640571 0.0000010 0.0000010 2.3284763 2.4774578 2.4002920 2.1182375 2.3685656 2.2310060 2.3433076 2.5699715 0.0000010 2.3053304 1.3262182 
Vmul_sbMO401130                                       1.4806790 1.2841307 1.5389768 1.6416034 1.4184756 1.5305282 1.4384492 1.8027516 1.5679185 1.5325222 1.5873508 1.5501574 1.6033445 1.6661212 1.1214133 1.3529209 1.4734154 1.3841818 1.6364245 1.7433194 1.1154510 1.4703780 1.4989630 1.4309474 1.3863300 1.4795997 1.3936023 1.5676868 1.3870072 2.0869920 1.6647219 5.6993948 1.3955640 1.3955640 1.4294344 1.5707386 1.4158769 1.7825941 2.1959476 1.7806187 1.6029052 0.3216998 0.4871204 0.4819985 0.2551251 0.0000000 0.4807533 0.5749187 0.3843311 0.3858446 0.6347816 0.5894360 0.5186028 0.5197667 0.6015544 0.5891070 0.5889518 0.6852468 0.6695803 0.4471622 1.7410537 1.6957557 1.7506865 1.7470913 1.7926053 1.7792853 1.4783679 2.0330132 1.8382266 2.2075414 3.2098474 2.7191363 2.6872176 2.3525942 2.5452060 2.4857757 2.4866177 2.5477664 0.8409800 2.1214979 2.7949495 
