70
Lcom_lcpid88349                                        0.0000000 0.8641781 1.1781881 2.1289880 1.8863192 1.9586763 2.0152577 2.0178034 2.3255843 2.6441625 1.9627484 1.9180499 2.2246169 2.1634992 2.0922931 2.3055732 2.3274267 1.9754765 2.0966827 2.2058067 2.0496536 3.4094765 2.5308608 2.1206461 2.1016683 1.9770237 1.9600813 2.1183887 2.4384307 2.0339595 2.0859080 2.2576058 2.1339517 2.1719618 2.0821649 2.0833158 2.1818361 1.9912982 2.0314669 2.1448859 1.9888426 1.8494898 2.2860868 1.9881126 3.2433511 3.1391073 2.2982596 2.9366887 3.1646484 4.2862729 4.9241185 3.1173664 3.0570094 3.1716624 3.2117676 3.2026792 4.1250105 3.2147513 2.5219702 2.6550255 2.4397896 2.1346505 1.6474450 2.9740670 2.4711709 2.4318104 2.3342850 4.1160371 3.0034417 4.5447831 
Leuniv_Lniv_C763955_01                                 0.8641781 0.0000000 0.8720291 1.7359729 1.7099433 1.6770851 1.5642748 1.6884646 1.7711432 1.9456781 1.8254936 1.7300411 1.5813993 1.8533059 2.0186510 1.9445742 2.0440083 1.9831415 2.0035398 1.9258777 1.8363313 1.7766279 2.1093546 1.7191714 1.4735664 1.7651018 1.9311138 1.6646294 2.0717815 1.9244621 1.9244621 1.7298432 1.7968384 1.8179915 1.8112538 1.8112538 1.5710059 1.5296600 1.5255631 1.2737405 2.0080778 1.7300426 2.3088912 1.5335223 2.5147726 2.4638529 1.7767499 2.1392042 1.9887232 2.7102045 5.5941249 2.0620999 2.0137189 2.0692001 2.0679468 2.0679468 2.3554890 2.0679468 1.9845185 2.2336240 2.2179423 1.8248824 1.5861209 9.0000000 2.2400850 3.9041696 2.2023341 2.1752151 2.3705332 3.7043205 
Gracom_Gcom_C530252_01                                 1.1781881 0.8720291 0.0000000 2.2963240 2.2583090 2.2430420 2.2177639 2.1814922 2.0864414 2.8259422 2.3579018 2.4689938 2.1483863 2.4265432 2.3188069 2.6518806 2.3759437 2.2355446 2.3063580 2.3097352 2.4327289 3.5014837 2.9445789 2.4588450 2.3668182 2.1699471 2.3565372 1.7021093 2.7404570 2.3255142 2.3255142 2.5761629 2.4853534 2.6153530 2.4544168 2.4588494 2.2521194 2.1348493 2.0646924 2.4757899 2.2845091 2.0973064 2.6276609 2.0746089 3.0678330 3.0214538 1.7647093 2.6257875 2.8697307 3.8313830 4.4033575 2.9094251 2.8467289 3.0946558 3.0480589 3.0480589 3.7790323 3.0480589 2.4914050 2.9248209 2.7321779 2.6080524 2.0019751 3.3000890 2.3287741 2.5722521 2.5170251 5.0933299 3.4321447 4.6478653 
Fspp_ffun1.m4.9580.m1                                  2.1289880 1.7359729 2.2963240 0.0000000 0.3014124 0.3046884 0.3279942 0.3289773 0.4529460 0.5230114 0.6621503 0.6523031 0.2242353 0.9654052 0.8760131 1.0650611 1.1871729 1.0000675 0.9781261 1.0132414 1.2326345 0.8209809 1.1159232 1.0812614 1.0477962 1.0388207 1.1419609 1.3177993 1.1582037 1.1709054 1.1768025 1.2797060 1.2446054 1.2511267 1.2508420 1.2446546 1.1883111 1.0860877 1.3760094 1.3687158 1.7206068 1.4668627 1.5287082 1.4971101 1.6647315 1.7096978 1.4067370 1.7257663 1.6435105 1.8774513 2.4743520 1.7502030 1.7025297 1.7583593 1.7147552 1.7299461 1.9803449 1.6658277 1.4330721 2.2672038 1.5238369 1.3799604 1.5566852 3.2751575 1.8527030 1.9927152 1.1662705 1.9389959 2.0491614 3.5036034 
Spis_XP_022782456_1                                    1.8863192 1.7099433 2.2583090 0.3014124 0.0000000 0.1274511 0.3473458 0.3468445 0.4761773 0.6020694 0.6778248 0.6777421 0.2570341 0.8632771 0.8796532 1.0116263 1.0964350 1.0177416 1.0410236 1.0602391 1.1939159 1.0197792 1.1234545 1.0338803 1.0081553 1.0275591 1.1121373 1.4610169 1.1755269 1.0674544 1.0896511 1.2367066 1.2091614 1.2326389 1.1948792 1.1977003 1.2450588 1.0870963 1.4103304 1.5259298 1.5121285 1.3564325 1.4409533 1.6958434 1.8692357 1.8679751 1.4109647 1.8139342 1.7297749 2.0622893 2.3416180 1.8003578 1.8428570 1.7681432 1.7673917 1.8362340 2.2746970 1.7749631 1.5643708 2.2785721 1.4346890 1.2823333 1.5521692 2.9265330 1.7982427 1.4227678 0.9719607 2.2542821 2.3408528 3.6536833 
Pocdam_XM_027189102.1                                  1.9586763 1.6770851 2.2430420 0.3046884 0.1274511 0.0000000 0.3230680 0.3331732 0.4645609 0.6153902 0.6846356 0.6890831 0.2725080 0.8881623 0.9319287 1.0424665 1.1272391 1.0215551 1.0146580 1.0547486 1.2030987 1.1064067 1.1873435 1.0712289 1.0015877 1.0152538 1.1020539 1.4283377 1.1246274 1.0989622 1.1085597 1.2973535 1.2168874 1.2376482 1.2073160 1.2101572 1.3165305 1.1079071 1.4392773 1.5247871 1.5683711 1.3795489 1.5784063 1.6057054 1.8502247 1.8783767 1.3889313 1.7763801 1.7586512 2.1408866 2.4127136 1.8242880 1.8261764 1.7671749 1.8018170 1.8666432 2.2889149 1.8055264 1.5725167 2.2660537 1.4531137 1.2859026 1.5939988 3.0004756 1.8745218 1.3700992 0.9976026 2.1680182 2.2526625 3.6817477 
Gfas_gfas1.m1.3276.m1                                  2.0152577 1.5642748 2.2177639 0.3279942 0.3473458 0.3230680 0.0000000 0.3080797 0.4377467 0.6517109 0.6745483 0.6364263 0.3259291 0.9031830 1.0121726 1.0101075 1.1824160 1.0616286 1.0384169 1.0892761 1.2947733 1.4005774 1.3160875 1.1053804 1.0904554 1.0779202 1.1357095 1.4296733 1.1978734 1.1330455 1.1709126 1.3137745 1.2402169 1.2216096 1.2521728 1.2496301 1.4474793 1.2686707 1.4081286 1.6923585 1.5965404 1.4579386 1.6049518 1.7252488 1.9712700 1.9946250 1.4714805 1.9224478 1.9288363 2.2077379 2.6554245 1.8519984 1.7527440 1.8073446 1.9123562 1.9192319 2.2901728 1.8533544 1.5611690 2.0366805 1.5356421 1.4332664 1.6648829 3.1226448 2.2057395 1.4471042 1.1954631 2.6848373 2.4889459 3.3647266 
Amil_Amillepora09807-RA                                2.0178034 1.6884646 2.1814922 0.3289773 0.3468445 0.3331732 0.3080797 0.0000000 0.1113329 0.1891415 0.6518851 0.6205406 0.2826510 0.9188900 0.9715530 0.9977867 1.1222242 0.9747608 0.9845993 1.0523344 1.1375286 0.8956288 0.9763634 0.8465432 0.9200731 0.8954203 1.1672396 1.2947320 1.1139028 1.0210558 1.0746250 1.1652205 1.1150827 1.0927660 1.1030835 1.1103403 0.9390707 0.8347905 1.2768397 1.4783028 1.4183397 1.3079152 1.4592193 1.2826426 1.7615932 1.7825191 1.5129381 1.6766193 1.6309231 1.9135348 2.3947702 1.6819254 1.6938187 1.6443450 1.6014173 1.6512940 1.9586372 1.5844773 1.5012538 2.1990812 1.4772773 1.2934858 1.3879992 2.5143366 1.7246525 1.6679318 0.9977274 1.6963652 2.1526413 4.2412679 
Adig_XM_015911174.1                                    2.3255843 1.7711432 2.0864414 0.4529460 0.4761773 0.4645609 0.4377467 0.1113329 0.0000000 0.2944502 0.7804187 0.8589381 0.3113160 1.0751687 1.1815116 1.1883128 1.3384328 1.2022271 1.1975979 1.2616516 1.3289036 1.0091447 1.1618437 1.1709635 1.1647130 1.1564462 1.2704036 1.7854732 1.3379573 1.2517686 1.3247274 1.2612278 1.3850371 1.3771113 1.3726298 1.3819877 1.4156926 1.1444082 1.4134879 1.6625380 1.4933919 1.5725499 1.5564232 1.8107170 2.0730229 2.0622956 1.8688985 2.0043255 2.0126855 2.0504297 2.4978076 1.8938432 2.0050521 2.0425772 2.0427860 2.1371635 2.1196602 2.0659345 1.8104942 3.1279967 1.7700714 1.5302915 1.6208445 2.7841227 2.1868121 1.4071074 1.0590687 2.1188247 2.6092611 3.6302843 
Adig_XM_015917696.1                                    2.6441625 1.9456781 2.8259422 0.5230114 0.6020694 0.6153902 0.6517109 0.1891415 0.2944502 0.0000000 0.9084688 0.9370384 0.5427871 1.2129230 1.0118141 1.3081559 1.3762713 1.2156000 1.2475668 1.1506916 1.4402505 0.9806598 1.3151719 1.2622442 1.1749216 1.1832479 1.4006821 1.6463760 1.4952469 1.2548346 1.3831316 1.4819635 1.4184704 1.3687332 1.3994181 1.3996853 1.1923064 1.0731792 1.5411808 1.6563592 2.0453082 1.6246412 2.0465606 1.7419653 1.9798604 2.0022520 1.6710101 1.8474517 1.8293264 1.9997142 2.6328622 1.7776436 1.8456128 1.8171660 1.7707140 1.7792049 1.9991165 1.7096478 1.7247264 2.4736741 1.7504244 1.6265267 1.8000143 8.9999990 2.2007668 2.8457140 1.2971825 1.8723122 2.3513317 4.3117983 
Nvec_v1g116517                                         1.9627484 1.8254936 2.3579018 0.6621503 0.6778248 0.6846356 0.6745483 0.6518851 0.7804187 0.9084688 0.0000000 0.5626474 0.7034240 0.9190995 1.0317962 1.0796405 1.2006524 1.0281938 1.0220813 1.0505947 1.1695886 1.1214308 1.4291687 1.1760924 1.1131574 1.1139862 1.2491813 1.3273183 1.1705602 1.0295354 1.0245869 1.3141477 1.1444932 1.1641772 1.1352751 1.1431390 1.2846562 1.1856479 1.6401829 1.6308700 1.7498513 1.4616587 1.6201399 1.5554042 1.9836371 1.9591827 1.3813727 1.9614976 1.7564597 2.1848395 2.8283890 2.0454435 1.9897426 2.0243518 2.0889240 2.1788183 2.6328802 2.0982973 1.3357988 1.8833802 1.4939990 1.2960963 1.6851917 2.9608696 1.7564724 1.5801386 1.1908874 2.3279397 2.2092818 3.7287487 
Exapal_XM_021044471.2                                  1.9180499 1.7300411 2.4689938 0.6523031 0.6777421 0.6890831 0.6364263 0.6205406 0.8589381 0.9370384 0.5626474 0.0000000 0.7059754 0.8614674 1.0935033 1.1626899 1.1835006 1.1253143 1.0613906 1.0879539 1.1635377 1.2672552 1.2640664 1.0774319 1.1370158 1.0659467 1.4351195 1.2364366 1.2592169 1.0712560 1.0915206 1.3207410 1.1852842 1.1887899 1.2065376 1.2022574 1.2138717 1.1030500 1.3629713 1.4815854 1.6449279 1.4017969 1.5874867 1.4959859 1.9133130 1.9202041 1.4962097 1.9533546 1.9040050 2.2926940 3.1104128 2.0137866 1.9942659 2.1369281 2.1842084 2.2328300 2.7400836 2.1490742 1.5466326 2.2478137 1.4307314 1.3520718 1.7706235 2.8152818 1.8186891 1.6908532 1.1047125 2.5026898 2.2386452 3.7302503 
Gasp_gasp1.m3.602.m1                                   2.2246169 1.5813993 2.1483863 0.2242353 0.2570341 0.2725080 0.3259291 0.2826510 0.3113160 0.5427871 0.7034240 0.7059754 0.0000000 0.9220491 0.9855454 1.1122779 1.2527114 1.0699715 1.0750681 1.1508053 1.2340352 1.0422069 1.1405075 1.1116095 1.0350104 0.9639328 1.1688270 1.6342361 1.2332983 1.2424907 1.2424907 1.3147921 1.4201783 1.4173628 1.4071534 1.4092514 1.2802994 1.2461889 1.6002819 1.5568974 1.5306764 1.4874473 1.4292712 1.7162550 1.9900404 1.9217994 1.3164296 1.9251641 1.9427560 2.1021526 2.4478272 1.9112215 2.0359471 2.1410287 2.1812566 2.1812566 2.3722851 2.1812566 1.5556864 4.3152695 1.4477043 1.2758075 1.6126058 2.5719837 1.8191568 1.3142876 0.9791138 2.2617974 2.6647805 3.5493774 
Dgig_XM_028543854.1                                    2.1634992 1.8533059 2.4265432 0.9654052 0.8632771 0.8881623 0.9031830 0.9188900 1.0751687 1.2129230 0.9190995 0.8614674 0.9220491 0.0000000 1.1245524 1.1342268 1.2166223 1.1181470 1.1394871 1.1473699 1.2651164 1.6463694 1.2425935 1.1186034 1.0767042 1.0807059 1.2392946 1.4002114 1.2318955 1.2247703 1.2633969 1.4174883 1.3145255 1.3440781 1.3407946 1.3413171 1.4069085 1.3368053 1.9282931 1.7246623 1.7979834 1.5282201 1.5969591 1.5752261 2.1214557 2.1440463 1.5491320 1.9061034 1.8717193 2.0605454 2.5257626 1.9253267 2.1274096 2.1483769 2.1071545 2.0738571 2.4725214 2.0614102 1.7845505 2.4176913 1.4401540 1.2847610 1.7821650 2.2707679 1.8864265 1.7633365 1.1945620 1.9757141 2.3288446 3.7922849 
Ctel_gnl_WGS_AMQN_CAPTEDRAFT_mRNA186529                2.0922931 2.0186510 2.3188069 0.8760131 0.8796532 0.9319287 1.0121726 0.9715530 1.1815116 1.0118141 1.0317962 1.0935033 0.9855454 1.1245524 0.0000000 0.8097259 0.9035136 0.9065353 1.1430547 1.1702642 1.4398515 1.1026630 1.2435253 1.2436178 1.2203311 1.2460203 1.0311701 1.1656748 1.1529655 1.2798430 1.3051724 1.3925091 1.3368261 1.3305769 1.3356516 1.3356516 1.1499451 1.1626119 1.6615627 1.3506569 2.1266676 1.6021994 1.8519109 1.4704122 1.4715075 1.4394753 1.2796026 1.5654330 1.4684829 1.6681079 2.2919665 1.5084931 1.4793875 1.3977153 1.4136189 1.4243227 1.8940662 1.4304131 1.6568804 2.5117330 1.5973240 1.6899576 1.6314164 3.0548920 1.6850004 2.8844357 1.3364614 1.5269169 2.0584610 4.1035640 
Acagra_model.g853.t1                                   2.3055732 1.9445742 2.6518806 1.0650611 1.0116263 1.0424665 1.0101075 0.9977867 1.1883128 1.3081559 1.0796405 1.1626899 1.1122779 1.1342268 0.8097259 0.0000000 0.9159423 1.1371774 1.1110147 1.1453097 1.3961511 1.7793221 1.7121049 1.4340510 1.4209066 1.4944424 1.2415171 1.2002139 1.3441056 1.2365523 1.2570796 1.3631271 1.2757500 1.3006946 1.3345755 1.3418884 1.7384284 1.6137306 1.9238884 1.7797250 1.7924109 1.5024299 1.8130162 1.7966960 2.0351340 2.0529608 1.4911138 2.0473792 1.8430431 2.2497393 2.5311639 1.9185503 1.8460123 1.9309881 1.9563165 1.9754945 2.4179634 1.9454094 1.5661086 2.1354405 1.6554017 1.5383070 1.9542804 2.8833346 2.0538250 1.8075037 1.5552310 2.0231368 2.3999662 3.5088867 
Cgig_XM_011449978.3                                    2.3274267 2.0440083 2.3759437 1.1871729 1.0964350 1.1272391 1.1824160 1.1222242 1.3384328 1.3762713 1.2006524 1.1835006 1.2527114 1.2166223 0.9035136 0.9159423 0.0000000 1.1161827 1.2537470 1.1753290 1.5589510 1.5640497 1.6966000 1.4526211 1.4550370 1.5064545 1.1452531 1.3558496 1.3963225 1.2995523 1.3300675 1.4614549 1.3313049 1.3489061 1.3684051 1.3601466 1.5420573 1.5170367 1.6082182 1.6432214 1.9181549 1.5862377 1.9485640 1.6926444 2.0165314 2.0260940 1.6944843 2.0070053 1.9726181 2.4075690 2.6318346 2.0201458 1.8942774 2.1263693 2.1529700 2.2122131 2.4966107 2.1729814 1.6333976 2.3080888 1.8533509 1.7128090 1.6718767 3.0523814 2.0327355 1.9050376 1.4552008 2.0521700 2.3294488 3.5950488 
Skow_XM_006814072.1                                    1.9754765 1.9831415 2.2355446 1.0000675 1.0177416 1.0215551 1.0616286 0.9747608 1.2022271 1.2156000 1.0281938 1.1253143 1.0699715 1.1181470 0.9065353 1.1371774 1.1161827 0.0000000 1.0289277 1.0448011 1.2313249 1.4101981 1.6613660 1.4683026 1.3153831 1.3665563 0.9542571 1.1623082 1.1815670 1.1180351 1.1174973 1.3509681 1.2075436 1.2215963 1.2160116 1.2133465 1.4532933 1.3528124 1.7687482 1.5602626 1.4293652 1.2870339 1.5208037 1.3449667 1.8975651 1.9222887 1.5054354 1.9858946 1.8348350 2.1954240 2.4152501 1.8626759 1.9055641 1.8263757 1.8795973 1.8665198 2.2911081 1.8325903 1.5276895 2.1840459 1.6181961 1.3880156 1.7281982 2.1558510 1.8295680 1.4204023 1.4214772 1.9892398 1.9960922 3.2669569 
Opea_EP00118_Oscarella_pearsei_P001701                 2.0966827 2.0035398 2.3063580 0.9781261 1.0410236 1.0146580 1.0384169 0.9845993 1.1975979 1.2475668 1.0220813 1.0613906 1.0750681 1.1394871 1.1430547 1.1110147 1.2537470 1.0289277 0.0000000 0.0111612 0.7699905 1.2256499 1.4690406 1.2406766 1.2671209 1.1889050 1.3253686 1.4047600 1.3737194 1.4001091 1.4309958 1.4302927 1.4493603 1.4280171 1.4537476 1.4466656 1.1883859 1.1027047 1.6381463 1.5293793 1.6113703 1.3441126 1.5191628 1.4345700 1.8879749 1.9017897 1.6265734 1.9548347 2.0105901 2.4325567 2.5375031 1.9471577 1.8856641 2.1442579 2.0752173 2.1558284 2.5966397 2.0775922 1.5901216 2.2770813 1.6075926 1.2693269 1.7218291 2.6668985 1.8393733 1.5496574 1.2524220 2.0598252 2.3581334 3.7752518 
Ocar_g10373                                            2.2058067 1.9258777 2.3097352 1.0132414 1.0602391 1.0547486 1.0892761 1.0523344 1.2616516 1.1506916 1.0505947 1.0879539 1.1508053 1.1473699 1.1702642 1.1453097 1.1753290 1.0448011 0.0111612 0.0000000 0.7432952 1.3032712 1.4521157 1.2030477 1.1990101 1.1456133 1.3037515 1.4047600 1.3700455 1.3591078 1.3976507 1.5161115 1.4490762 1.4117252 1.4375903 1.4296164 1.2181866 1.0922808 1.6683447 1.4299943 1.5788545 1.2938758 1.5137375 1.3703306 1.9183349 1.9173793 1.6265734 1.8252506 1.9266271 2.3567790 2.3875194 1.8129928 1.8296026 2.0839160 1.9989331 2.0794249 2.5644353 1.9954479 1.6532893 2.2770813 1.5834002 1.3356504 1.7735306 2.4168908 1.7682045 1.7369231 1.1681675 2.0920502 2.2024685 3.6657627 
Plajan_Pjan_C564136_01                                 2.0496536 1.8363313 2.4327289 1.2326345 1.1939159 1.2030987 1.2947733 1.1375286 1.3289036 1.4402505 1.1695886 1.1635377 1.2340352 1.2651164 1.4398515 1.3961511 1.5589510 1.2313249 0.7699905 0.7432952 0.0000000 1.5272823 1.8267518 1.4418260 1.2783219 1.3523662 1.4593992 1.5087275 1.6233805 1.3163870 1.3309392 1.4786416 1.4259643 1.4314481 1.4020903 1.4014939 1.3620870 1.2788932 2.1363114 1.7043592 1.7483840 1.4595717 1.5422226 1.4487031 2.2660027 2.2673570 1.7534034 2.1608350 2.2389549 2.6350258 3.2094602 2.3308210 2.2509601 2.3874412 2.4047477 2.5109682 3.0538908 2.4196609 1.7667570 2.4361926 1.8434982 1.4500777 1.7235610 2.8889815 1.9406127 1.5695040 1.4416101 2.4009161 2.7332319 3.6840202 
Morvir_scaffold15.g78.t1                               3.4094765 1.7766279 3.5014837 0.8209809 1.0197792 1.1064067 1.4005774 0.8956288 1.0091447 0.9806598 1.1214308 1.2672552 1.0422069 1.6463694 1.1026630 1.7793221 1.5640497 1.4101981 1.2256499 1.3032712 1.5272823 0.0000000 1.2174954 1.1233574 1.0902732 1.1880578 1.3694125 2.2978407 1.4034893 1.4936484 1.4936484 1.5305323 1.4661022 1.4763832 1.5120588 1.5145397 1.4965478 1.4018185 1.9519469 1.3455275 2.1409619 2.1237232 1.7825628 1.9005904 1.8012546 1.7985459 1.0786778 1.8070643 2.0169762 2.0863968 3.8353118 2.2323397 1.9866179 2.0965456 2.1020649 2.1020649 2.2781459 2.1020649 1.5168358 8.9999984 1.6912301 1.3927900 1.8829290 4.7225535 1.7264212 3.8405698 1.2247472 2.0570485 2.6750369 4.1460866 
Nemnom_g19990.t1                                       2.5308608 2.1093546 2.9445789 1.1159232 1.1234545 1.1873435 1.3160875 0.9763634 1.1618437 1.3151719 1.4291687 1.2640664 1.1405075 1.2425935 1.2435253 1.7121049 1.6966000 1.6613660 1.4690406 1.4521157 1.8267518 1.2174954 0.0000000 0.0416886 0.3906325 0.6240931 1.6558064 3.3959418 1.8968683 1.6714302 1.6897590 1.6179004 1.7711547 1.8055456 1.7326901 1.7422996 1.7517095 1.6567688 1.9860970 2.2168699 1.8889409 1.9299401 1.6449321 2.0414482 2.2065128 2.1815793 1.3327743 2.6115631 2.6272391 2.6169921 2.9586012 2.3666096 2.6294137 2.8813901 2.9100226 2.9304878 2.9452763 2.9304878 1.7093717 8.9999986 1.9804572 1.7244447 1.9133076 2.8002110 2.1197579 2.0057044 1.0204022 2.3737092 3.1517904 4.4071443 
Nemnom_g2749.t1                                        2.1206461 1.7191714 2.4588450 1.0812614 1.0338803 1.0712289 1.1053804 0.8465432 1.1709635 1.2622442 1.1760924 1.0774319 1.1116095 1.1186034 1.2436178 1.4340510 1.4526211 1.4683026 1.2406766 1.2030477 1.4418260 1.1233574 0.0416886 0.0000000 0.3328848 0.5098992 1.4692306 1.4615887 1.6564507 1.3008228 1.3339568 1.3992713 1.4048173 1.3954039 1.3691500 1.3789277 1.5216961 1.3795067 1.6894482 1.6977293 1.8748384 1.5408033 1.6364351 1.6773966 2.0775516 2.0882319 1.4391962 2.1821119 2.1887358 2.5881860 2.9710256 1.9546588 2.0874349 2.2669624 2.2451639 2.3012556 2.9302629 2.2606873 1.6413132 2.5504419 1.6932562 1.5822172 1.7809619 2.8494111 1.9038639 1.9865244 0.9701337 2.3737092 2.2896208 4.1537122 
Rhoesc_Res_003856-T1                                   2.1016683 1.4735664 2.3668182 1.0477962 1.0081553 1.0015877 1.0904554 0.9200731 1.1647130 1.1749216 1.1131574 1.1370158 1.0350104 1.0767042 1.2203311 1.4209066 1.4550370 1.3153831 1.2671209 1.1990101 1.2783219 1.0902732 0.3906325 0.3328848 0.0000000 0.5398844 1.4270336 1.6585317 1.6391469 1.2011147 1.2523345 1.4817087 1.3676779 1.4039944 1.3883529 1.3912720 1.4137434 1.3620340 1.5982698 1.5471742 1.8126371 1.4815469 1.6255219 1.4645647 1.9756105 1.9462898 1.5227079 1.9101647 1.9695319 2.2009166 2.6715448 1.8323156 1.9340708 2.0231859 2.0021455 2.0100032 2.4680594 1.9778260 1.6357325 2.5036616 1.5607053 1.5775978 1.7641490 3.0184639 1.9316057 2.1673449 1.0293836 2.2479285 2.1575046 3.9026522 
Aaur_scaffold1332.g3.t1                                1.9770237 1.7651018 2.1699471 1.0388207 1.0275591 1.0152538 1.0779202 0.8954203 1.1564462 1.1832479 1.1139862 1.0659467 0.9639328 1.0807059 1.2460203 1.4944424 1.5064545 1.3665563 1.1889050 1.1456133 1.3523662 1.1880578 0.6240931 0.5098992 0.5398844 0.0000000 1.5580444 1.6745053 1.5754099 1.3995982 1.4457300 1.4774024 1.4188814 1.4718192 1.4218506 1.4224335 1.4655907 1.3440383 1.7015736 1.6420303 1.7798055 1.5184797 1.5251194 1.6346737 2.2594711 2.2825395 1.4072576 2.0361029 2.1700312 2.6305460 3.0551573 1.9890355 2.0365752 2.2763982 2.2389867 2.3217495 2.9855972 2.2891361 1.7354942 2.5612421 1.6814853 1.4977255 1.6768045 2.3381784 1.8411606 2.2131059 0.8776569 2.1144046 2.2826021 3.8531744 
Spur_XM_030995301.1                                    1.9600813 1.9311138 2.3565372 1.1419609 1.1121373 1.1020539 1.1357095 1.1672396 1.2704036 1.4006821 1.2491813 1.4351195 1.1688270 1.2392946 1.0311701 1.2415171 1.1452531 0.9542571 1.3253686 1.3037515 1.4593992 1.3694125 1.6558064 1.4692306 1.4270336 1.5580444 0.0000000 1.4280007 1.2775863 1.1843667 1.2220979 1.2310409 1.1708481 1.1847753 1.1706378 1.1692764 1.6145664 1.4644587 1.5948778 1.6646929 1.6927640 1.5274271 1.7611067 1.7105862 1.9079487 1.9502252 1.7312057 1.9135490 1.8627794 2.0672872 2.3416037 1.9474500 1.8969695 2.0680190 2.1119919 2.1389131 2.3366502 2.1031577 1.8609277 2.9396665 1.7777812 1.7530257 1.6195094 2.4407617 2.0452534 1.4926661 1.6110825 2.0596192 2.2168766 3.3651482 
Cscu_XM_023385613.1                                    2.1183887 1.6646294 1.7021093 1.3177993 1.4610169 1.4283377 1.4296733 1.2947320 1.7854732 1.6463760 1.3273183 1.2364366 1.6342361 1.4002114 1.1656748 1.2002139 1.3558496 1.1623082 1.4047600 1.4047600 1.5087275 2.2978407 3.3959418 1.4615887 1.6585317 1.6745053 1.4280007 0.0000000 1.5074413 1.3136569 1.3518362 1.5814072 1.4411735 1.4746787 1.3944998 1.4172714 1.7150288 1.5527755 1.6620736 1.4083580 1.4172735 1.3748902 2.1014510 1.8110226 2.2677426 2.3541574 2.0088032 2.0517962 2.0000443 2.1468122 3.0702650 1.7181834 2.0275301 2.0711867 2.0783164 1.9798258 2.9456957 1.9456417 2.0294672 2.1557866 1.7653883 1.6416749 2.0076485 8.9999983 1.7807612 5.0767281 1.8723872 0.0000010 1.7997942 3.8242997 
Bralan_BLAG18000338_1                                  2.4384307 2.0717815 2.7404570 1.1582037 1.1755269 1.1246274 1.1978734 1.1139028 1.3379573 1.4952469 1.1705602 1.2592169 1.2332983 1.2318955 1.1529655 1.3441056 1.3963225 1.1815670 1.3737194 1.3700455 1.6233805 1.4034893 1.8968683 1.6564507 1.6391469 1.5754099 1.2775863 1.5074413 0.0000000 1.5622659 1.4856478 1.7285420 1.5815243 1.6039813 1.5654995 1.5715206 1.6596389 1.5673625 1.7305536 1.9399027 2.2168222 1.7808505 2.0812769 1.9540000 2.0301163 2.0793857 1.6157210 2.0443222 2.0934547 2.5516871 2.9729866 2.1179002 2.0731216 2.0350369 2.1242865 2.1135746 2.6036018 2.0692268 1.7031270 2.4255692 1.8739062 1.7242631 1.8636070 1.8118709 1.6607438 2.0290283 1.7511334 2.0565114 2.2355007 4.0896636 
Tadh_TriadT52076                                       2.0339595 1.9244621 2.3255142 1.1709054 1.0674544 1.0989622 1.1330455 1.0210558 1.2517686 1.2548346 1.0295354 1.0712560 1.2424907 1.2247703 1.2798430 1.2365523 1.2995523 1.1180351 1.4001091 1.3591078 1.3163870 1.4936484 1.6714302 1.3008228 1.2011147 1.3995982 1.1843667 1.3136569 1.5622659 0.0000000 0.0075387 0.3158367 0.2857341 0.3235373 0.3013322 0.3018474 1.3674261 1.4121799 1.8375770 1.7777058 1.8341264 1.4984982 1.8307119 1.6899093 2.0686888 2.0797324 1.5317718 2.0809175 2.0071799 2.4234434 2.5726945 1.9879520 1.8902756 1.9595748 1.9837952 2.0715115 2.4940942 2.0532378 1.7214136 2.5671883 1.6345803 1.4374046 1.6469882 2.9738197 2.0014659 1.9393220 1.4715166 2.0912625 2.2547174 3.5081317 
TrH2_TrispH2_005192-RA                                 2.0859080 1.9244621 2.3255142 1.1768025 1.0896511 1.1085597 1.1709126 1.0746250 1.3247274 1.3831316 1.0245869 1.0915206 1.2424907 1.2633969 1.3051724 1.2570796 1.3300675 1.1174973 1.4309958 1.3976507 1.3309392 1.4936484 1.6897590 1.3339568 1.2523345 1.4457300 1.2220979 1.3518362 1.4856478 0.0075387 0.0000000 0.3261902 0.2879961 0.3234615 0.2950545 0.2953750 1.4961771 1.4121799 1.8375770 1.7540117 1.8341264 1.5018939 1.8307119 1.7030452 2.1190231 2.1292622 1.6084038 2.1222724 2.0366267 2.4234434 2.5726945 1.9879520 1.9070305 2.0064899 2.0288148 2.1083018 2.4940942 2.0619462 1.7629223 2.5095912 1.6116643 1.4790873 1.6782378 2.9738197 2.0772958 1.9393220 1.4715166 2.0912625 2.2038180 3.7276543 
HoiH11_mRNA2368                                        2.2576058 1.7298432 2.5761629 1.2797060 1.2367066 1.2973535 1.3137745 1.1652205 1.2612278 1.4819635 1.3141477 1.3207410 1.3147921 1.4174883 1.3925091 1.3631271 1.4614549 1.3509681 1.4302927 1.5161115 1.4786416 1.5305323 1.6179004 1.3992713 1.4817087 1.4774024 1.2310409 1.5814072 1.7285420 0.3158367 0.3261902 0.0000000 0.1779392 0.1971331 0.1890108 0.1853622 1.8359013 1.7375235 2.3699498 2.1295004 1.6761802 1.6142672 1.6362245 1.6832279 2.2097628 2.1564466 1.5461135 2.1294783 2.1297411 2.2517764 2.4863034 2.0128739 2.0377392 2.0884532 2.1514609 2.2747884 2.5605396 2.2534436 1.9048058 4.1009676 1.9660472 1.6634686 1.6816603 2.6591649 2.2023044 1.7565857 1.5120392 1.9835826 2.4277620 3.5881065 
HoiH23_PlH23_006859-RA                                 2.1339517 1.7968384 2.4853534 1.2446054 1.2091614 1.2168874 1.2402169 1.1150827 1.3850371 1.4184704 1.1444932 1.1852842 1.4201783 1.3145255 1.3368261 1.2757500 1.3313049 1.2075436 1.4493603 1.4490762 1.4259643 1.4661022 1.7711547 1.4048173 1.3676779 1.4188814 1.1708481 1.4411735 1.5815243 0.2857341 0.2879961 0.1779392 0.0000000 0.0596238 0.1220111 0.1201630 1.6934025 1.5436264 1.9885035 1.8334328 1.8192788 1.5230521 1.8841311 1.7054888 2.0602808 2.0658683 1.6314689 2.1895670 2.0111711 2.3669959 2.8083133 2.0920414 2.0172331 2.0172556 2.0429657 2.1175661 2.5316925 2.0750974 1.7428008 2.4939712 1.8254990 1.6012719 1.6933467 3.0644055 2.1450412 1.8713646 1.6469963 1.9331107 2.1287637 3.7450209 
HoiH06_mRNA10198                                       2.1719618 1.8179915 2.6153530 1.2511267 1.2326389 1.2376482 1.2216096 1.0927660 1.3771113 1.3687332 1.1641772 1.1887899 1.4173628 1.3440781 1.3305769 1.3006946 1.3489061 1.2215963 1.4280171 1.4117252 1.4314481 1.4763832 1.8055456 1.3954039 1.4039944 1.4718192 1.1847753 1.4746787 1.6039813 0.3235373 0.3234615 0.1971331 0.0596238 0.0000000 0.1293251 0.1273142 1.7335680 1.5902925 1.9939623 1.8893200 1.7967139 1.5180579 1.8897622 1.7017330 2.0383964 2.0959228 1.6120251 2.1811951 2.0386755 2.4198459 2.8225610 2.0757083 1.9951410 2.0039912 2.0423495 2.1163718 2.5552208 2.0737622 1.7091453 2.4738888 1.8291546 1.5804005 1.6934113 3.1814250 2.1535298 1.9664790 1.6502026 1.9510661 2.2369203 3.7254400 
Hhon_g06224.t1                                         2.0821649 1.8112538 2.4544168 1.2508420 1.1948792 1.2073160 1.2521728 1.1030835 1.3726298 1.3994181 1.1352751 1.2065376 1.4071534 1.3407946 1.3356516 1.3345755 1.3684051 1.2160116 1.4537476 1.4375903 1.4020903 1.5120588 1.7326901 1.3691500 1.3883529 1.4218506 1.1706378 1.3944998 1.5654995 0.3013322 0.2950545 0.1890108 0.1220111 0.1293251 0.0000000 0.0043589 1.6351182 1.5471036 1.9141463 1.8330156 1.7340977 1.4877607 1.8118679 1.6947322 2.0662599 2.0726030 1.6335249 2.1431791 2.0384438 2.4696514 2.8292375 2.1119802 1.9439596 2.0428047 2.0558425 2.1341500 2.5598510 2.0910845 1.7400768 2.4569371 1.7650721 1.6040292 1.6003483 3.0183561 2.1077696 1.9680023 1.5781046 1.7265048 2.0717622 3.7630152 
HoiH04_mRNA17337                                       2.0833158 1.8112538 2.4588494 1.2446546 1.1977003 1.2101572 1.2496301 1.1103403 1.3819877 1.3996853 1.1431390 1.2022574 1.4092514 1.3413171 1.3356516 1.3418884 1.3601466 1.2133465 1.4466656 1.4296164 1.4014939 1.5145397 1.7422996 1.3789277 1.3912720 1.4224335 1.1692764 1.4172714 1.5715206 0.3018474 0.2953750 0.1853622 0.1201630 0.1273142 0.0043589 0.0000000 1.6360592 1.5479654 1.9141463 1.8350819 1.7403574 1.4913828 1.8134244 1.6829707 2.0631491 2.0695030 1.6335249 2.1449116 2.0258440 2.4436212 2.7855544 2.0956386 1.9422332 2.0397910 2.0528278 2.1307967 2.5545487 2.0878389 1.7400768 2.4569371 1.7584900 1.6047437 1.5970475 3.0315852 2.1033762 1.9598042 1.5812716 1.7265048 2.0699822 3.7663986 
Stycar_maker-SC_scaffold146058-snap-gene-0.13-mRNA-1   2.1818361 1.5710059 2.2521194 1.1883111 1.2450588 1.3165305 1.4474793 0.9390707 1.4156926 1.1923064 1.2846562 1.2138717 1.2802994 1.4069085 1.1499451 1.7384284 1.5420573 1.4532933 1.1883859 1.2181866 1.3620870 1.4965478 1.7517095 1.5216961 1.4137434 1.4655907 1.6145664 1.7150288 1.6596389 1.3674261 1.4961771 1.8359013 1.6934025 1.7335680 1.6351182 1.6360592 0.0000000 0.0443388 1.1738515 0.9391028 1.2940774 1.0560552 1.2137282 1.2106885 2.0118793 1.9277113 1.6894760 1.9152653 1.9792830 2.2280998 2.6657451 1.8394321 1.9358276 2.0144375 2.0741221 2.0731457 2.3538812 2.0932457 1.6114206 2.4569487 1.5547694 1.5583810 1.4798853 3.5334735 1.9664027 2.1730243 1.5916402 2.3893419 2.3344066 4.0251751 
Stycar_maker-SC_scaffold1061-augustus-gene-0.19-mRNA-1 1.9912982 1.5296600 2.1348493 1.0860877 1.0870963 1.1079071 1.2686707 0.8347905 1.1444082 1.0731792 1.1856479 1.1030500 1.2461889 1.3368053 1.1626119 1.6137306 1.5170367 1.3528124 1.1027047 1.0922808 1.2788932 1.4018185 1.6567688 1.3795067 1.3620340 1.3440383 1.4644587 1.5527755 1.5673625 1.4121799 1.4121799 1.7375235 1.5436264 1.5902925 1.5471036 1.5479654 0.0443388 0.0000000 1.1368956 0.9574456 1.2591548 0.9884862 1.1538514 1.1116703 1.9222358 1.8958587 1.4723768 1.8713819 1.8997069 2.3181880 2.9051125 1.9902861 1.8932391 1.9906568 2.0408829 2.0408829 2.4912602 2.0408829 1.4618015 2.2943158 1.5474481 1.4447731 1.3144745 3.6083175 1.9901340 1.8429859 1.6423283 2.4352901 2.5643698 3.8271187 
Spolac_c90242_g1_i1_m.6208c90242-g1                    2.0314669 1.5255631 2.0646924 1.3760094 1.4103304 1.4392773 1.4081286 1.2768397 1.4134879 1.5411808 1.6401829 1.3629713 1.6002819 1.9282931 1.6615627 1.9238884 1.6082182 1.7687482 1.6381463 1.6683447 2.1363114 1.9519469 1.9860970 1.6894482 1.5982698 1.7015736 1.5948778 1.6620736 1.7305536 1.8375770 1.8375770 2.3699498 1.9885035 1.9939623 1.9141463 1.9141463 1.1738515 1.1368956 0.0000000 1.3158829 1.5805712 1.4918541 1.6990430 1.8253217 2.3639824 2.5057930 1.7661065 2.1680807 2.0299842 2.2929764 3.3716873 2.0474356 2.2205410 2.2430312 2.3426277 2.3426277 3.1499572 2.3426277 2.1116346 3.3398230 2.1528711 2.3842088 1.6899676 2.9795717 2.2453098 4.2543308 2.0682545 2.6468848 2.6880340 4.1726885 
Tetwil_g26234.t1                                       2.1448859 1.2737405 2.4757899 1.3687158 1.5259298 1.5247871 1.6923585 1.4783028 1.6625380 1.6563592 1.6308700 1.4815854 1.5568974 1.7246623 1.3506569 1.7797250 1.6432214 1.5602626 1.5293793 1.4299943 1.7043592 1.3455275 2.2168699 1.6977293 1.5471742 1.6420303 1.6646929 1.4083580 1.9399027 1.7777058 1.7540117 2.1295004 1.8334328 1.8893200 1.8330156 1.8350819 0.9391028 0.9574456 1.3158829 0.0000000 1.9169983 1.3954997 1.7121504 1.2349100 2.1552797 2.1656217 1.5905766 2.1854419 1.9826344 2.6217632 3.9866203 1.8564370 2.1676582 2.2879808 2.2835288 2.3448752 3.1161530 2.2421096 1.9183773 2.4646991 1.9470087 1.7748108 1.5895140 6.0077721 2.1000966 3.5885581 2.1311531 3.0240996 2.1728339 4.6805738 
Aque_Aqu2.1.11319_001                                  1.9888426 2.0080778 2.2845091 1.7206068 1.5121285 1.5683711 1.5965404 1.4183397 1.4933919 2.0453082 1.7498513 1.6449279 1.5306764 1.7979834 2.1266676 1.7924109 1.9181549 1.4293652 1.6113703 1.5788545 1.7483840 2.1409619 1.8889409 1.8748384 1.8126371 1.7798055 1.6927640 1.4172735 2.2168222 1.8341264 1.8341264 1.6761802 1.8192788 1.7967139 1.7340977 1.7403574 1.2940774 1.2591548 1.5805712 1.9169983 0.0000000 0.0561868 0.6992317 1.6422933 2.6999718 2.7636524 2.0191117 2.8064736 2.9101570 3.0525362 3.5436791 2.9331935 2.7711199 2.8659892 2.9205484 2.9205484 3.1825593 2.9205484 2.4942020 9.0000000 2.1429112 2.0903401 1.6830007 3.0092601 2.1604306 1.8128273 1.6962923 2.1759357 3.3631422 3.9683298 
Aque_Aqu2.1.27562_001                                  1.8494898 1.7300426 2.0973064 1.4668627 1.3564325 1.3795489 1.4579386 1.3079152 1.5725499 1.6246412 1.4616587 1.4017969 1.4874473 1.5282201 1.6021994 1.5024299 1.5862377 1.2870339 1.3441126 1.2938758 1.4595717 2.1237232 1.9299401 1.5408033 1.4815469 1.5184797 1.5274271 1.3748902 1.7808505 1.4984982 1.5018939 1.6142672 1.5230521 1.5180579 1.4877607 1.4913828 1.0560552 0.9884862 1.4918541 1.3954997 0.0561868 0.0000000 0.7024364 1.3235877 2.2567603 2.2376138 1.8615802 2.2023179 2.3061708 3.0957173 3.5469928 2.4619451 2.2136968 2.2934188 2.2683585 2.3130963 3.1849443 2.2946503 1.8247399 2.2090209 1.9509547 1.8087110 1.5067262 3.0400928 1.8896860 1.8587358 1.6957873 2.2518161 2.6743881 3.7904183 
Halamb_c51869_g1_i3mm.4215                             2.2860868 2.3088912 2.6276609 1.5287082 1.4409533 1.5784063 1.6049518 1.4592193 1.5564232 2.0465606 1.6201399 1.5874867 1.4292712 1.5969591 1.8519109 1.8130162 1.9485640 1.5208037 1.5191628 1.5137375 1.5422226 1.7825628 1.6449321 1.6364351 1.6255219 1.5251194 1.7611067 2.1014510 2.0812769 1.8307119 1.8307119 1.6362245 1.8841311 1.8897622 1.8118679 1.8134244 1.2137282 1.1538514 1.6990430 1.7121504 0.6992317 0.7024364 0.0000000 1.6489195 2.6241855 2.6501797 1.9543575 2.7993207 2.6341736 2.7549587 3.6556787 2.9297627 2.9535715 3.1137367 3.1384099 3.1384099 3.2840728 3.1384099 2.0521996 9.0000000 2.3452906 1.8478070 1.8334630 3.1021342 2.4731687 1.5894931 1.4967783 2.2907205 4.1826912 3.6995845 
Plespi_Pspi_scaffold14455_01                           1.9881126 1.5335223 2.0746089 1.4971101 1.6958434 1.6057054 1.7252488 1.2826426 1.8107170 1.7419653 1.5554042 1.4959859 1.7162550 1.5752261 1.4704122 1.7966960 1.6926444 1.3449667 1.4345700 1.3703306 1.4487031 1.9005904 2.0414482 1.6773966 1.4645647 1.6346737 1.7105862 1.8110226 1.9540000 1.6899093 1.7030452 1.6832279 1.7054888 1.7017330 1.6947322 1.6829707 1.2106885 1.1116703 1.8253217 1.2349100 1.6422933 1.3235877 1.6489195 0.0000000 2.1375465 2.1184194 1.4679743 1.8553946 1.9214850 2.3357594 2.8572582 1.9674210 1.9428841 2.1463264 2.1225485 2.1476700 2.7464230 2.1417606 1.8398675 2.2239956 2.1127980 1.8644815 1.4608824 3.6835230 2.2840805 2.5026116 2.0424430 2.5771756 2.9267681 4.1476418 
Horcal_Hcv1.av93.c3.g161.i1                            3.2433511 2.5147726 3.0678330 1.6647315 1.8692357 1.8502247 1.9712700 1.7615932 2.0730229 1.9798604 1.9836371 1.9133130 1.9900404 2.1214557 1.4715075 2.0351340 2.0165314 1.8975651 1.8879749 1.9183349 2.2660027 1.8012546 2.2065128 2.0775516 1.9756105 2.2594711 1.9079487 2.2677426 2.0301163 2.0686888 2.1190231 2.2097628 2.0602808 2.0383964 2.0662599 2.0631491 2.0118793 1.9222358 2.3639824 2.1552797 2.6999718 2.2567603 2.6241855 2.1375465 0.0000000 0.0581036 0.4981296 0.5546627 0.4784702 0.5085689 0.6451139 0.5020877 0.5927161 0.7830364 0.7743592 0.7977459 0.8599514 0.7818503 0.8081692 1.4369320 2.3426851 2.4182131 2.4189453 3.5085626 2.4212689 3.2909844 2.3001801 3.2117268 3.1651040 2.7944270 
Pbac_sb2661301                                         3.1391073 2.4638529 3.0214538 1.7096978 1.8679751 1.8783767 1.9946250 1.7825191 2.0622956 2.0022520 1.9591827 1.9202041 1.9217994 2.1440463 1.4394753 2.0529608 2.0260940 1.9222887 1.9017897 1.9173793 2.2673570 1.7985459 2.1815793 2.0882319 1.9462898 2.2825395 1.9502252 2.3541574 2.0793857 2.0797324 2.1292622 2.1564466 2.0658683 2.0959228 2.0726030 2.0695030 1.9277113 1.8958587 2.5057930 2.1656217 2.7636524 2.2376138 2.6501797 2.1184194 0.0581036 0.0000000 0.5154151 0.5830352 0.5054263 0.5434033 0.6891692 0.5277431 0.6236218 0.7883789 0.7780692 0.7994937 0.8441820 0.7836152 0.8490359 1.5245768 2.3137211 2.3366981 2.3586015 3.4580655 2.4595841 3.3249473 2.3101138 3.0190815 3.1726704 2.7732042 
Bolinf_Binf_sb1211161                                  2.2982596 1.7767499 1.7647093 1.4067370 1.4109647 1.3889313 1.4714805 1.5129381 1.8688985 1.6710101 1.3813727 1.4962097 1.3164296 1.5491320 1.2796026 1.4911138 1.6944843 1.5054354 1.6265734 1.6265734 1.7534034 1.0786778 1.3327743 1.4391962 1.5227079 1.4072576 1.7312057 2.0088032 1.6157210 1.5317718 1.6084038 1.5461135 1.6314689 1.6120251 1.6335249 1.6335249 1.6894760 1.4723768 1.7661065 1.5905766 2.0191117 1.8615802 1.9543575 1.4679743 0.4981296 0.5154151 0.0000000 0.4592657 0.4863204 0.2809978 0.0000010 0.0000010 0.5456934 0.6486991 0.6676439 0.6191432 0.5369370 0.6063380 0.8758997 0.9818283 2.1256835 1.8824129 1.9480633 0.0000010 2.1150016 4.0507326 1.2777754 1.9653815 2.3229852 4.3662352 
Beraby_Baby_sb337870                                   2.9366887 2.1392042 2.6257875 1.7257663 1.8139342 1.7763801 1.9224478 1.6766193 2.0043255 1.8474517 1.9614976 1.9533546 1.9251641 1.9061034 1.5654330 2.0473792 2.0070053 1.9858946 1.9548347 1.8252506 2.1608350 1.8070643 2.6115631 2.1821119 1.9101647 2.0361029 1.9135490 2.0517962 2.0443222 2.0809175 2.1222724 2.1294783 2.1895670 2.1811951 2.1431791 2.1449116 1.9152653 1.8713819 2.1680807 2.1854419 2.8064736 2.2023179 2.7993207 1.8553946 0.5546627 0.5830352 0.4592657 0.0000000 0.4031816 0.4321424 0.7274512 0.5371766 0.6284499 0.8957933 0.8836378 0.8842800 0.9354371 0.8857403 0.7467945 1.2975102 2.3152716 2.4629950 2.1258326 4.7310186 2.6584468 4.1072096 2.1524770 3.0733637 3.1759212 2.7277629 
Mlei_ML0857.g2.i1                                      3.1646484 1.9887232 2.8697307 1.6435105 1.7297749 1.7586512 1.9288363 1.6309231 2.0126855 1.8293264 1.7564597 1.9040050 1.9427560 1.8717193 1.4684829 1.8430431 1.9726181 1.8348350 2.0105901 1.9266271 2.2389549 2.0169762 2.6272391 2.1887358 1.9695319 2.1700312 1.8627794 2.0000443 2.0934547 2.0071799 2.0366267 2.1297411 2.0111711 2.0386755 2.0384438 2.0258440 1.9792830 1.8997069 2.0299842 1.9826344 2.9101570 2.3061708 2.6341736 1.9214850 0.4784702 0.5054263 0.4863204 0.4031816 0.0000000 0.0203955 0.6090743 0.5162527 0.6072170 0.8582074 0.8713129 0.9030872 0.9677837 0.8993510 0.6865984 1.1263405 2.3253802 2.2721188 2.2244829 4.1031108 2.5382278 3.6490042 2.3861650 3.1930899 2.9379301 2.6458179 
Vmul_sbMO420158                                        4.2862729 2.7102045 3.8313830 1.8774513 2.0622893 2.1408866 2.2077379 1.9135348 2.0504297 1.9997142 2.1848395 2.2926940 2.1021526 2.0605454 1.6681079 2.2497393 2.4075690 2.1954240 2.4325567 2.3567790 2.6350258 2.0863968 2.6169921 2.5881860 2.2009166 2.6305460 2.0672872 2.1468122 2.5516871 2.4234434 2.4234434 2.2517764 2.3669959 2.4198459 2.4696514 2.4436212 2.2280998 2.3181880 2.2929764 2.6217632 3.0525362 3.0957173 2.7549587 2.3357594 0.5085689 0.5434033 0.2809978 0.4321424 0.0203955 0.0000000 0.5982068 0.5051328 0.6932426 0.9513352 0.9692213 0.9692213 1.0007297 0.9692213 0.6947990 5.0030204 2.7321534 2.6646784 2.5325550 4.1491343 3.0806561 3.4807563 2.4618877 3.2464648 4.4512839 2.1293237 
Bolinf_Binf_sb1211160                                  4.9241185 5.5941249 4.4033575 2.4743520 2.3416180 2.4127136 2.6554245 2.3947702 2.4978076 2.6328622 2.8283890 3.1104128 2.4478272 2.5257626 2.2919665 2.5311639 2.6318346 2.4152501 2.5375031 2.3875194 3.2094602 3.8353118 2.9586012 2.9710256 2.6715448 3.0551573 2.3416037 3.0702650 2.9729866 2.5726945 2.5726945 2.4863034 2.8083133 2.8225610 2.8292375 2.7855544 2.6657451 2.9051125 3.3716873 3.9866203 3.5436791 3.5469928 3.6556787 2.8572582 0.6451139 0.6891692 0.0000010 0.7274512 0.6090743 0.5982068 0.0000000 0.0057359 0.6195021 0.9516470 0.9253581 0.9253581 0.9253581 0.9253581 0.6674253 5.4226675 2.9088762 3.0344777 3.1223545 4.0258076 3.2897592 3.2532059 2.7373194 3.3785105 4.5228860 1.3732776 
Mertsp_Mesp_sb566420                                   3.1173664 2.0620999 2.9094251 1.7502030 1.8003578 1.8242880 1.8519984 1.6819254 1.8938432 1.7776436 2.0454435 2.0137866 1.9112215 1.9253267 1.5084931 1.9185503 2.0201458 1.8626759 1.9471577 1.8129928 2.3308210 2.2323397 2.3666096 1.9546588 1.8323156 1.9890355 1.9474500 1.7181834 2.1179002 1.9879520 1.9879520 2.0128739 2.0920414 2.0757083 2.1119802 2.0956386 1.8394321 1.9902861 2.0474356 1.8564370 2.9331935 2.4619451 2.9297627 1.9674210 0.5020877 0.5277431 0.0000010 0.5371766 0.5162527 0.5051328 0.0057359 0.0000000 0.5013858 0.7219775 0.7245383 0.7245383 0.7983167 0.7245383 0.8029988 1.8358340 2.2526832 2.3209680 2.2220265 4.0258076 2.5807936 3.3248087 2.2220973 2.6917591 3.2930520 2.1894677 
