62
Lcom_lcpid61139                                         0.0000000 0.3454445 0.2773971 0.2270763 0.2967541 0.5630265 1.5934190 1.5305090 1.7428710 1.5967368 1.5736435 1.5924717 1.7230991 1.3030381 1.6352772 1.7457862 1.6011347 1.4487325 1.5978380 1.6881500 1.6127787 2.2756514 2.3525151 1.7248407 2.0191537 1.7760268 2.0080311 1.5842918 2.2403186 2.2918545 2.2521268 2.0066258 2.2352544 2.3595735 2.0196265 1.8634237 1.7259351 2.0174551 2.0272038 1.7050498 1.7386558 1.6370373 2.0015274 1.6937860 1.6585244 1.4795810 1.2798743 1.7203133 2.0506119 2.0778601 2.2527849 2.1065460 1.9053951 4.8733198 2.2846196 2.4151482 2.3030751 2.3106900 2.3667643 2.3667643 2.9862906 2.3891050 
Gracom_Gcom_C525576_01                                  0.3454445 0.0000000 0.3184596 0.2928282 0.0000010 0.5495903 1.7870021 1.2790998 1.7934851 1.6765887 1.7784029 1.7545813 1.8048500 1.6256305 1.6653923 0.0000010 1.5951766 1.4929946 1.7620876 1.9933219 1.6976380 3.0428411 3.2205540 3.6766324 3.0240753 1.4072020 2.5929576 0.0000010 2.5908902 2.9091878 2.5656190 2.4499761 4.1051135 2.5015342 2.0716921 1.9582253 0.0000010 2.7169726 2.6798860 1.9856204 0.0000010 0.0000010 2.6506832 1.7282155 1.6617413 1.6128240 1.5139327 1.9690643 2.0577764 1.8811317 2.2633921 1.9183737 2.5440781 0.0000010 2.1389054 2.1660124 1.7410067 1.9870007 2.1490059 2.1490059 3.3258128 5.1622332 
Scil_scict014284.2                                      0.2773971 0.3184596 0.0000000 0.2250305 0.3222503 0.5811543 1.7186748 1.6952707 1.6073251 1.5977162 1.5816357 1.5793462 1.7560542 1.3226684 1.6960256 1.7988428 1.4643395 1.4115619 1.6793808 1.6985717 1.7836541 2.2777687 2.3676681 1.8802792 2.2681477 2.0175512 2.1479651 1.7242522 2.3417943 2.5067444 2.3860473 2.2255826 2.4007425 2.4374427 2.1469888 1.8593693 1.8728083 1.9837893 2.1951272 1.7944081 1.8236800 1.7890453 2.0803492 1.7318014 1.8640338 1.6005683 1.3324901 1.9484291 2.1291438 2.0681298 2.3827025 2.0382205 1.9598511 4.8440517 2.3027651 2.3896639 2.2643281 2.2562873 2.3267619 2.3267619 2.9813260 2.3744124 
Leuniv_Lniv_C811972_01                                  0.2270763 0.2928282 0.2250305 0.0000000 0.3018030 0.5727469 1.5330619 1.5025763 1.5998091 1.4762033 1.4079985 1.4533395 1.5900329 1.2474409 1.4992282 1.6454533 1.3652430 1.3678545 1.5795250 1.4378477 1.6186663 2.2943350 2.3582542 1.7433154 2.0260083 1.7090569 2.0672357 1.4883637 2.3083692 2.2847150 2.2254797 2.0285768 2.1788157 2.3628354 2.1608280 1.7061497 1.4553483 2.0451839 2.0542679 1.5664524 1.7726242 1.6480775 1.9278610 1.6785128 1.6843511 1.4612835 1.1553270 1.6413933 1.9863291 1.9336644 2.2980462 1.9515280 1.7341578 4.2270000 2.2408105 2.3156433 2.4348231 2.2377848 2.2387181 2.2387181 3.0719729 2.1697139 
Gracom_Gcom_C527750_01                                  0.2967541 0.0000010 0.3222503 0.3018030 0.0000000 0.5865551 1.6314268 1.6328680 1.6512190 1.5066285 1.4783671 1.5114684 1.6964373 1.1604122 1.4830990 1.7752317 1.7399060 1.3690442 1.5121995 1.5209759 1.5734058 1.9607520 1.9813269 1.3969967 1.7914823 1.8133455 1.6918862 1.5201572 2.0264977 2.0790232 1.9962106 1.9976704 1.9976704 2.0498856 2.3781089 1.4853801 1.6620653 1.9120718 2.0301370 1.8142771 1.8406465 1.6637476 2.0447847 1.7501436 1.8137298 1.4081156 1.2337238 1.7164893 2.0531998 1.8589028 2.2619065 2.1677237 1.4510170 4.6568243 2.1102228 2.2849065 2.1832378 2.1482949 2.0346546 2.0346546 2.4404059 1.6110140 
Clacor_Ccor_scaffold14363_01                            0.5630265 0.5495903 0.5811543 0.5727469 0.5865551 0.0000000 1.7139166 1.8966119 1.7670331 1.7793891 1.5997395 1.6343652 1.6613440 1.4009745 1.8282335 1.7367958 1.2019429 1.4434761 1.5903411 1.5128395 1.5884132 2.1146524 2.1499132 1.6516268 2.2288581 1.7966952 2.1835816 1.8311574 2.4447097 2.4452171 2.4313460 2.4589974 2.4975116 2.2582842 2.3120903 1.6682016 1.4203465 1.6640017 1.5834466 1.4108631 1.3722879 1.4674650 1.7353058 1.6550820 1.5947438 1.3240497 1.0963510 1.7731044 2.2771977 2.0474522 2.3887662 1.8112996 1.5796688 5.2940781 1.8388164 1.9878190 2.0612230 1.9420952 1.9840938 1.9840938 2.6070413 1.5849485 
Cgig_XM_034469141.1                                     1.5934190 1.7870021 1.7186748 1.5330619 1.6314268 1.7139166 0.0000000 0.5581927 1.3907264 1.3562466 1.3514921 1.3724020 1.4350933 1.1104602 1.5083572 1.5570295 0.9626109 1.2298061 0.9670202 1.0579330 0.8588476 2.3238894 2.6212958 1.7674041 2.2074511 2.2322347 2.3107410 1.9243525 2.4816210 2.6954113 2.6306368 2.3411071 2.8285805 2.3876347 2.0273155 1.0369407 1.1357575 2.3053388 2.1172154 1.8960284 1.7798231 1.8098961 2.1933572 1.2718174 1.2495468 1.7372069 1.6264472 1.6702979 1.8665155 1.8340597 2.0204726 2.0658543 1.8566721 4.2076639 1.8729399 1.9761342 1.6792178 1.8886171 1.9787223 1.9787223 1.9703413 2.9189897 
Acagra_model.g15679.t1                                  1.5305090 1.2790998 1.6952707 1.5025763 1.6328680 1.8966119 0.5581927 0.0000000 1.5729852 1.5434645 1.5645607 1.5799124 1.4931053 1.2962900 1.6147458 1.6523996 0.7869049 1.0569791 0.7229181 0.9049021 0.8127130 2.1080464 2.1274639 1.7476819 2.1146674 2.2827612 1.9704150 1.8212588 2.1935596 2.0615169 2.1688724 2.1439947 2.6750238 2.1237270 2.1141010 0.9903227 1.3127301 2.1733125 1.9900910 1.9676065 1.9217358 2.2685343 2.3529434 1.1466879 1.1296670 1.6116427 1.5030279 1.5056933 1.7073132 1.6485356 1.8913959 2.3638938 1.6274660 6.3378200 1.9283244 2.0872689 2.1375976 1.9435236 2.0677459 2.0677459 2.7075838 2.5421063 
Gasp_gasp1.m3.10606.m1                                  1.7428710 1.7934851 1.6073251 1.5998091 1.6512190 1.7670331 1.3907264 1.5729852 0.0000000 0.1038485 0.1559870 0.1534430 0.2920043 0.4016256 0.6516038 0.3793000 0.2139810 0.9939500 1.1971646 1.3498913 1.4176272 2.1491657 2.4879186 1.8232126 1.9426184 2.1205997 2.1087478 1.7981536 2.2277897 2.4408796 2.4310388 2.2092236 2.4946363 2.1643202 1.9182588 1.5080884 0.4848700 1.9836512 1.9405790 1.6820047 1.6093965 1.6940135 1.9919213 1.6473621 1.4990204 1.4301596 1.3171372 1.6149854 1.6239089 1.4509538 1.7633067 1.9026115 1.6496323 2.7732947 2.1718970 2.1822635 1.9031326 2.0704832 2.1885773 2.1885773 2.6741233 2.3104602 
Fspp_ffun1.m4.25378.m1                                  1.5967368 1.6765887 1.5977162 1.4762033 1.5066285 1.7793891 1.3562466 1.5434645 0.1038485 0.0000000 0.1505741 0.1355289 0.3019355 0.3970914 0.6087284 0.3897820 0.2084399 0.9689856 1.1877252 1.3904855 1.4671632 2.2914704 2.6379576 1.8622472 2.0506666 2.0585289 2.2242104 1.7165159 2.3378478 2.5364605 2.5573965 2.3381941 2.6244454 2.2711111 2.0935004 1.5087783 0.4601394 2.0413010 2.0289030 1.7573323 1.5210797 1.7732969 2.1296618 1.7150474 1.5191761 1.4069547 1.2970087 1.6041451 1.7216985 1.5072662 1.8514532 1.9226002 1.5953752 3.3013910 2.1435702 2.1853701 1.9748555 2.1488348 2.1689411 2.1689411 2.6086499 2.2744641 
Spis_XP_022790941_1                                     1.5736435 1.7784029 1.5816357 1.4079985 1.4783671 1.5997395 1.3514921 1.5645607 0.1559870 0.1505741 0.0000000 0.0321141 0.3106359 0.4232679 0.6620579 0.4707500 0.1987890 1.0249052 1.1935146 1.4209553 1.4219791 2.3014541 2.6546567 1.8375607 2.0311663 2.0308490 2.2088409 1.8109757 2.3853789 2.4260406 2.4173002 2.1838327 2.4612345 2.2067684 1.9969248 1.4610455 0.5078977 2.0225611 2.0615944 1.7117223 1.4777026 1.6300206 2.0183507 1.6421879 1.4710749 1.3946798 1.3025354 1.6553822 1.5862753 1.4220829 1.7327841 1.8625816 1.6450928 2.3261288 2.1412053 2.1802094 1.9919057 2.1785647 2.2250494 2.2250494 2.6140841 2.2296872 
Pocdam_XM_027183068.1                                   1.5924717 1.7545813 1.5793462 1.4533395 1.5114684 1.6343652 1.3724020 1.5799124 0.1534430 0.1355289 0.0321141 0.0000000 0.3034071 0.4315037 0.6596222 0.5086991 0.1881499 1.0049934 1.2106114 1.3945205 1.4500986 2.2823534 2.6158355 1.8726142 2.0593383 2.0697214 2.2184008 1.8016426 2.4230709 2.4504571 2.4687707 2.2603444 2.5326645 2.2512275 2.0362604 1.4858422 0.5635153 1.9830126 2.1169929 1.7218521 1.5286537 1.7125376 2.0915841 1.6537078 1.4758480 1.3995073 1.3093703 1.6246776 1.6125154 1.4098304 1.7921421 1.8784209 1.6457396 2.4344340 2.1282757 2.1865544 2.0065221 2.1866568 2.2342219 2.2342219 2.5519962 2.2235206 
Adig_XM_015921191.1                                     1.7230991 1.8048500 1.7560542 1.5900329 1.6964373 1.6613440 1.4350933 1.4931053 0.2920043 0.3019355 0.3106359 0.3034071 0.0000000 0.4606241 0.6864554 0.3307983 0.1890887 1.0188972 1.2694971 1.4204864 1.5047022 2.3923220 2.7317316 1.9278738 2.0064181 2.0178320 2.2216911 1.5593223 2.3836112 2.5812246 2.5995773 2.2926795 2.5113331 2.1998883 2.0877591 1.5493123 0.6411390 2.0788845 2.0402196 1.7673047 1.7238317 1.8385392 2.1919401 1.7157651 1.5281089 1.4831309 1.3711735 1.6764549 1.8203841 1.5761550 1.7683171 1.7947923 1.5967020 3.1177696 2.0781046 2.0617890 1.7633785 2.0278795 2.1113330 2.1113330 2.5273381 2.3769483 
Nvec_v1g107804                                          1.3030381 1.6256305 1.3226684 1.2474409 1.1604122 1.4009745 1.1104602 1.2962900 0.4016256 0.3970914 0.4232679 0.4315037 0.4606241 0.0000000 0.2515704 0.2805366 0.3339243 0.9195681 1.0285743 1.1481466 1.3534166 2.1609854 2.2635549 2.0653081 1.9881716 1.8995721 2.0986461 1.5507670 2.1391578 2.1775135 2.1427594 2.0012158 2.3610657 1.9738791 2.1499747 1.3175165 0.0313384 1.8345943 1.6593362 1.4627280 1.3111352 1.3271574 1.7773524 1.3460593 1.2522308 1.5326218 1.3173583 1.3104442 1.5513134 1.4980908 1.7243768 1.7540348 1.1576594 2.6346401 1.7242106 1.7186211 1.7132351 1.6867716 1.7018979 1.7018979 1.5806698 2.1396674 
Exapal_XM_021038629.2                                   1.6352772 1.6653923 1.6960256 1.4992282 1.4830990 1.8282335 1.5083572 1.6147458 0.6516038 0.6087284 0.6620579 0.6596222 0.6864554 0.2515704 0.0000000 0.6407018 0.6589330 1.0962383 1.3825740 1.5787980 1.5417519 2.3904389 2.8067325 1.8613505 2.0358132 2.0759158 2.2273816 1.4677694 2.4640689 2.6370968 2.4667480 2.1685287 2.4528739 2.2921582 2.2412612 1.6448803 0.3979158 1.9845863 1.9535740 1.8538323 1.5873749 1.7040729 2.0754765 1.8394725 1.6772453 1.6203048 1.4709060 1.6659283 1.8634513 1.6163857 1.9936844 1.9065998 1.5541102 3.5973521 2.0953198 2.2282624 1.8687071 2.1059646 2.1607025 2.1607025 2.5716936 2.5925102 
Gfas_gfas1.m1.20736.m1                                  1.7457862 0.0000010 1.7988428 1.6454533 1.7752317 1.7367958 1.5570295 1.6523996 0.3793000 0.3897820 0.4707500 0.5086991 0.3307983 0.2805366 0.6407018 0.0000000 1.5025638 0.7378788 0.9694242 1.5753673 1.6403920 1.6788999 1.7368986 0.8865231 1.6043210 1.6043210 1.5165897 1.5165897 2.0101740 2.3199309 2.3473766 2.3182643 2.3182643 2.0536804 4.6207612 1.5263014 0.7330188 1.6222872 1.3256161 1.5794924 1.0627376 1.4946864 1.8715199 1.6771042 1.5210265 1.3300054 1.2289624 1.2910054 2.2437658 1.8007478 2.3473631 2.0825356 1.0002740 3.6346403 1.5422005 1.6183695 1.5740069 1.5574882 1.4492227 1.4492227 2.1396932 1.5556469 
Gfas_gfas1.m1.19583.m1                                  1.6011347 1.5951766 1.4643395 1.3652430 1.7399060 1.2019429 0.9626109 0.7869049 0.2139810 0.2084399 0.1987890 0.1881499 0.1890887 0.3339243 0.6589330 1.5025638 0.0000000 0.9301572 1.2363989 0.9750835 1.1473280 2.7485138 3.7586252 8.9999983 1.1188948 9.0000000 2.3434390 9.0000000 2.3986865 2.9305580 2.7188771 1.8234438 5.6056166 2.5057175 1.3274179 1.1436619 0.0000010 2.4460227 2.4491717 2.0816603 9.0000000 9.0000000 3.3076775 1.4690830 1.1822355 1.3778509 1.5360213 1.8830306 1.4309509 1.4803659 1.6002101 1.4945244 2.3782740 0.0000010 2.4300586 2.4648871 1.5025638 2.5882064 2.5319537 2.5319537 1.8628493 3.9981566 
Dgig_XM_028542823.1                                     1.4487325 1.4929946 1.4115619 1.3678545 1.3690442 1.4434761 1.2298061 1.0569791 0.9939500 0.9689856 1.0249052 1.0049934 1.0188972 0.9195681 1.0962383 0.7378788 0.9301572 0.0000000 1.4207215 1.3328851 1.4551436 2.4450366 2.7569178 2.1383813 1.9181933 1.7905513 2.1654467 1.3527544 2.2550321 2.5875312 2.5233806 2.2490905 2.6228105 2.1699551 2.1714733 1.4756862 0.7845420 1.9749351 1.8277012 1.5959359 1.4414770 1.6726165 1.7534592 1.4221723 1.3653397 1.4889264 1.2647534 1.5182428 1.9278576 1.5528637 1.8545367 1.6213768 0.6589361 3.2134975 1.9871731 2.0809255 1.7363933 2.0372658 2.0847151 2.0847151 2.2839194 2.3689585 
Skow_XM_002737124.1                                     1.5978380 1.7620876 1.6793808 1.5795250 1.5121995 1.5903411 0.9670202 0.7229181 1.1971646 1.1877252 1.1935146 1.2106114 1.2694971 1.0285743 1.3825740 0.9694242 1.2363989 1.4207215 0.0000000 0.8971087 0.9169987 2.1448985 2.4029085 1.7254660 1.8549349 1.8705221 2.0418865 1.5863772 2.3085367 2.3955635 2.3436571 2.1500275 2.4628148 1.9331055 1.9220650 0.9862148 0.8346611 2.0510507 2.0498713 1.8180487 1.6229283 1.5637307 2.2993881 1.0372727 1.0990072 1.7055387 1.4475076 1.7350422 1.8187440 1.7704048 1.7492617 2.0700185 1.8172302 3.5328053 1.9465646 2.0428940 1.7012934 1.9378294 1.9650386 1.9650386 2.2279583 2.8266883 
Bralan_BLAG04002142_1                                   1.6881500 1.9933219 1.6985717 1.4378477 1.5209759 1.5128395 1.0579330 0.9049021 1.3498913 1.3904855 1.4209553 1.3945205 1.4204864 1.1481466 1.5787980 1.5753673 0.9750835 1.3328851 0.8971087 0.0000000 1.1822122 2.2523960 2.6585220 1.6460438 1.9121757 2.0158279 2.0146679 1.6563783 2.5395398 2.6057732 2.4163870 2.1945220 2.5145020 2.2761592 1.9035098 0.9618961 1.1733533 2.3061183 2.1492250 1.8223310 1.7446326 1.9136498 2.2870198 1.1840900 1.2547831 1.7167156 1.4243293 1.6163959 2.0205823 1.7522510 2.1155485 1.9004565 1.8524273 6.3684584 2.1090077 2.0578360 1.8678103 2.0025655 2.1856058 2.1856058 3.4744079 2.7974453 
Ctel_gnl_WGS_AMQN_CAPTEDRAFT_mRNA222368                 1.6127787 1.6976380 1.7836541 1.6186663 1.5734058 1.5884132 0.8588476 0.8127130 1.4176272 1.4671632 1.4219791 1.4500986 1.5047022 1.3534166 1.5417519 1.6403920 1.1473280 1.4551436 0.9169987 1.1822122 0.0000000 2.3616014 2.6302161 1.7808420 1.9890358 2.0806112 2.2611234 1.7736324 2.5230694 2.6707125 2.7284853 2.3083035 2.7840928 2.7346248 2.0831398 1.0859349 1.2478850 2.1953541 2.0971280 2.0136131 1.7205629 1.8914302 2.3435316 1.2896613 1.4473716 1.7945926 1.4908307 1.7727282 2.0159957 1.7692538 1.9340975 2.0876818 1.8735860 4.9069504 2.1102585 2.2280061 1.9504168 2.1388175 2.2849186 2.2849186 2.5284390 2.8435767 
Horcal_Hcv1.av93.c7.g975.i2                             2.2756514 3.0428411 2.2777687 2.2943350 1.9607520 2.1146524 2.3238894 2.1080464 2.1491657 2.2914704 2.3014541 2.2823534 2.3923220 2.1609854 2.3904389 1.6788999 2.7485138 2.4450366 2.1448985 2.2523960 2.3616014 0.0000000 0.0660109 0.2132602 0.2927893 0.3404877 0.3777806 0.3042584 0.3788046 0.5223505 0.5739457 0.5059856 0.5883853 0.4970068 0.5527515 2.3225989 2.0262515 2.9752765 2.7417017 2.6291133 2.2224170 2.1027925 2.9192031 2.3158927 2.4631653 2.3140244 2.1551690 2.4383827 2.8562344 2.8529091 3.1100755 3.1148864 2.5729131 8.3789010 3.0215986 3.3771110 2.4888267 3.1713328 3.2515103 3.2515103 2.6107699 2.7758261 
Pbac_sb2662071                                          2.3525151 3.2205540 2.3676681 2.3582542 1.9813269 2.1499132 2.6212958 2.1274639 2.4879186 2.6379576 2.6546567 2.6158355 2.7317316 2.2635549 2.8067325 1.7368986 3.7586252 2.7569178 2.4029085 2.6585220 2.6302161 0.0660109 0.0000000 0.2230401 0.2979070 0.3484861 0.4202013 0.3306161 0.4374731 0.6075620 0.6206554 0.5407395 0.5908934 0.5632222 0.5525835 2.6116564 2.1454523 2.9750887 2.8137167 2.6938215 2.3477776 2.2019166 3.0857356 2.5748960 2.5356188 2.4426488 2.3021038 2.7546168 3.2132729 3.1970352 3.4253343 3.1062361 2.9476360 8.6874737 3.5089111 3.9012398 2.5060192 3.5672526 3.8075370 3.8075370 3.0395961 2.9499588 
Drygla_Dgla_sb278784                                    1.7248407 3.6766324 1.8802792 1.7433154 1.3969967 1.6516268 1.7674041 1.7476819 1.8232126 1.8622472 1.8375607 1.8726142 1.9278738 2.0653081 1.8613505 0.8865231 8.9999983 2.1383813 1.7254660 1.6460438 1.7808420 0.2132602 0.2230401 0.0000000 0.1227622 0.1318391 0.2093013 0.1059622 0.2661967 0.3547888 0.4180917 0.4319234 0.3557389 0.3561574 0.7276087 1.9099012 0.8366436 2.5993087 2.5823754 2.2519298 2.1759287 1.9295213 2.4187593 2.0821519 2.0481316 1.8211096 1.6197008 2.4045768 2.6078334 2.5091537 2.5265009 2.6901708 2.1932589 1.4662694 2.1423869 2.5022179 2.1270455 2.3354539 2.3376151 2.3376151 1.5045328 1.8897431 
Bolinf_Binf_sb1265898                                   2.0191537 3.0240753 2.2681477 2.0260083 1.7914823 2.2288581 2.2074511 2.1146674 1.9426184 2.0506666 2.0311663 2.0593383 2.0064181 1.9881716 2.0358132 1.6043210 1.1188948 1.9181933 1.8549349 1.9121757 1.9890358 0.2927893 0.2979070 0.1227622 0.0000000 0.0221372 0.1105800 0.1583907 0.2017184 0.4727149 0.4869841 0.4933996 0.5726055 0.3798101 0.5979593 2.1666705 1.6614423 3.0952277 2.8862410 2.7739600 2.2803746 2.6140913 2.9525632 2.3164838 2.3498305 2.2639942 1.9643781 2.2333403 2.5708372 2.4122930 2.5689911 2.7595242 2.2670745 8.9999981 2.7238865 3.0283138 2.8274322 2.8486564 2.8498927 2.8498927 3.1590565 1.9924844 
Mertsp_Mesp_sb575696                                    1.7760268 1.4072020 2.0175512 1.7090569 1.8133455 1.7966952 2.2322347 2.2827612 2.1205997 2.0585289 2.0308490 2.0697214 2.0178320 1.8995721 2.0759158 1.6043210 9.0000000 1.7905513 1.8705221 2.0158279 2.0806112 0.3404877 0.3484861 0.1318391 0.0221372 0.0000000 0.1415241 0.1583907 0.2390330 0.5361950 0.5932465 0.6119678 0.6119678 0.4851939 0.6338226 2.0608680 1.6614423 2.7156773 2.4991413 2.7330261 2.2803746 2.6140913 2.6805630 2.1053042 2.3861497 2.3247652 1.8388640 2.0618639 2.6654095 2.5304571 2.6390401 2.7416082 2.2618141 8.9999981 2.7600514 3.0521022 2.8616772 2.8442640 2.7447338 2.7447338 3.2514652 2.1569290 
Mlei_ML0179.g50.i1                                      2.0080311 2.5929576 2.1479651 2.0672357 1.6918862 2.1835816 2.3107410 1.9704150 2.1087478 2.2242104 2.2088409 2.2184008 2.2216911 2.0986461 2.2273816 1.5165897 2.3434390 2.1654467 2.0418865 2.0146679 2.2611234 0.3777806 0.4202013 0.2093013 0.1105800 0.1415241 0.0000000 0.0313388 0.2565897 0.4691642 0.4700657 0.4162781 0.4984476 0.3979870 0.5494465 2.3245200 1.6968241 3.0874217 2.8407424 2.7568640 2.2862172 2.5908892 2.9422960 2.2684876 2.4127324 2.2704354 2.1136703 2.3447008 2.6851151 2.4733467 2.7977619 2.8516049 2.6933455 6.2811261 2.8611507 3.0903816 2.6268367 2.9870932 2.9808835 2.9808835 3.0796037 2.9903267 
Vmul_sbMO360698                                         1.5842918 0.0000010 1.7242522 1.4883637 1.5201572 1.8311574 1.9243525 1.8212588 1.7981536 1.7165159 1.8109757 1.8016426 1.5593223 1.5507670 1.4677694 1.5165897 9.0000000 1.3527544 1.5863772 1.6563783 1.7736324 0.3042584 0.3306161 0.1059622 0.1583907 0.1583907 0.0313388 0.0000000 0.2848114 0.5185403 0.5819623 0.5985833 0.5985833 0.4695158 1.0787204 1.8072492 1.6968241 2.4626103 2.0277862 2.3303357 1.6827354 2.1597179 2.0518154 1.7856987 1.9284580 1.9525225 1.4513953 1.4996297 2.1023389 1.9725924 2.4360262 1.9711460 1.8409884 6.8363080 2.0706045 2.2544238 2.1424488 2.1419526 2.0451361 2.0451361 2.6490772 1.8832769 
Beraby_Baby_sb339568                                    2.2403186 2.5908902 2.3417943 2.3083692 2.0264977 2.4447097 2.4816210 2.1935596 2.2277897 2.3378478 2.3853789 2.4230709 2.3836112 2.1391578 2.4640689 2.0101740 2.3986865 2.2550321 2.3085367 2.5395398 2.5230694 0.3788046 0.4374731 0.2661967 0.2017184 0.2390330 0.2565897 0.2848114 0.0000000 0.5403033 0.5616405 0.5066832 0.6421574 0.4746793 0.5732092 2.4987254 2.4879960 3.2597013 3.1800773 2.9015984 2.4231777 2.6647020 3.1343945 2.3983313 2.5560745 2.4387342 2.1794091 2.4209220 2.8869842 2.7147267 3.1851103 3.0738354 2.8349246 8.9999989 3.4008754 3.5760594 2.8391649 3.3950093 3.4014115 3.4014115 3.6264298 3.2982923 
Vmul_sbMO428759                                         2.2918545 2.9091878 2.5067444 2.2847150 2.0790232 2.4452171 2.6954113 2.0615169 2.4408796 2.5364605 2.4260406 2.4504571 2.5812246 2.1775135 2.6370968 2.3199309 2.9305580 2.5875312 2.3955635 2.6057732 2.6707125 0.5223505 0.6075620 0.3547888 0.4727149 0.5361950 0.4691642 0.5185403 0.5403033 0.0000000 0.2398795 0.1872224 0.2316018 0.4764624 0.6940483 2.7766032 2.0560396 3.2327095 3.2349700 3.0739501 2.6121875 2.6923066 3.2044819 2.8582425 2.7402427 2.6800458 2.3236068 2.6228429 2.9754998 2.8127760 3.0601399 3.0671302 2.9423467 8.3295930 3.3716580 3.5394343 3.0661614 3.4574768 3.4105739 3.4105739 4.3353716 3.3903307 
Coemet_Cmet_scaffold21790_01                            2.2521268 2.5656190 2.3860473 2.2254797 1.9962106 2.4313460 2.6306368 2.1688724 2.4310388 2.5573965 2.4173002 2.4687707 2.5995773 2.1427594 2.4667480 2.3473766 2.7188771 2.5233806 2.3436571 2.4163870 2.7284853 0.5739457 0.6206554 0.4180917 0.4869841 0.5932465 0.4700657 0.5819623 0.5616405 0.2398795 0.0000000 0.0192903 0.0336210 0.5332793 0.7348272 2.6453651 2.1362196 3.0087411 3.1397526 3.0282021 2.2335616 2.5136163 3.1033687 2.8367218 2.7321779 2.5917812 2.2965473 2.3616134 2.9135923 2.6210692 2.9588516 2.9417337 2.6495878 8.6360874 3.2318161 3.3994532 3.0216763 3.2603443 3.3149432 3.3149432 4.1159303 3.0594471 
Coeast_Cast_sb792955                                    2.0066258 2.4499761 2.2255826 2.0285768 1.9976704 2.4589974 2.3411071 2.1439947 2.2092236 2.3381941 2.1838327 2.2603444 2.2926795 2.0012158 2.1685287 2.3182643 1.8234438 2.2490905 2.1500275 2.1945220 2.3083035 0.5059856 0.5407395 0.4319234 0.4933996 0.6119678 0.4162781 0.5985833 0.5066832 0.1872224 0.0192903 0.0000000 0.0165180 0.4719791 0.7162831 2.3655178 2.0978006 2.8986940 2.9754615 2.6597214 2.2710916 2.5501030 2.8007631 2.6496078 2.4881004 2.2894387 2.0689605 2.1295702 2.6490191 2.4513232 2.7782019 2.7882535 2.3797607 8.2566779 2.8824290 3.1251241 3.0512779 3.0307423 3.0081716 3.0081716 4.0289789 2.8231990 
Coeast_Cast_sb792956                                    2.2352544 4.1051135 2.4007425 2.1788157 1.9976704 2.4975116 2.8285805 2.6750238 2.4946363 2.6244454 2.4612345 2.5326645 2.5113331 2.3610657 2.4528739 2.3182643 5.6056166 2.6228105 2.4628148 2.5145020 2.7840928 0.5883853 0.5908934 0.3557389 0.5726055 0.6119678 0.4984476 0.5985833 0.6421574 0.2316018 0.0336210 0.0165180 0.0000000 0.5495227 0.9984073 2.6423270 2.0978006 3.1636039 3.3145230 3.1183687 2.2710916 2.5501030 3.1314576 3.0672489 3.1017260 2.5656392 2.1538615 2.5163481 3.0669326 2.8342164 3.2041488 3.2197758 2.4213355 8.2566779 2.9371794 3.3504282 3.0512779 3.2415252 3.1749481 3.1749481 3.8823532 2.3370472 
Lampan_Lpan_4500_01                                     2.3595735 2.5015342 2.4374427 2.3628354 2.0498856 2.2582842 2.3876347 2.1237270 2.1643202 2.2711111 2.2067684 2.2512275 2.1998883 1.9738791 2.2921582 2.0536804 2.5057175 2.1699551 1.9331055 2.2761592 2.7346248 0.4970068 0.5632222 0.3561574 0.3798101 0.4851939 0.3979870 0.4695158 0.4746793 0.4764624 0.5332793 0.4719791 0.5495227 0.0000000 0.5910092 2.3897234 2.3729521 2.7601018 2.7208846 2.8053457 2.4745346 2.4847008 3.1487361 2.4403557 2.5458054 2.4850661 2.3259319 2.2534683 2.7581927 2.6335184 2.8047828 3.0511973 2.4217110 7.6640674 2.9872456 3.0181870 2.8026865 2.9719860 3.0004666 3.0004666 4.3376019 2.9556679 
Eupdun_Edun_sb10660983                                  2.0196265 2.0716921 2.1469888 2.1608280 2.3781089 2.3120903 2.0273155 2.1141010 1.9182588 2.0935004 1.9969248 2.0362604 2.0877591 2.1499747 2.2412612 4.6207612 1.3274179 2.1714733 1.9220650 1.9035098 2.0831398 0.5527515 0.5525835 0.7276087 0.5979593 0.6338226 0.5494465 1.0787204 0.5732092 0.6940483 0.7348272 0.7162831 0.9984073 0.5910092 0.0000000 2.1241382 6.8234326 3.0824724 3.0897224 2.1933991 4.8208593 4.8208593 2.4663276 2.4508493 2.1785188 2.0088754 1.8315770 2.1600184 2.4200525 2.4876976 2.5283760 2.5509691 2.5200657 9.0000000 2.8675874 3.1960575 3.4871745 3.1744200 3.3033968 3.3033968 5.6783825 3.1278335 
Hsap_ENST00000379343                                    1.8634237 1.9582253 1.8593693 1.7061497 1.4853801 1.6682016 1.0369407 0.9903227 1.5080884 1.5087783 1.4610455 1.4858422 1.5493123 1.3175165 1.6448803 1.5263014 1.1436619 1.4756862 0.9862148 0.9618961 1.0859349 2.3225989 2.6116564 1.9099012 2.1666705 2.0608680 2.3245200 1.8072492 2.4987254 2.7766032 2.6453651 2.3655178 2.6423270 2.3897234 2.1241382 0.0000000 1.1578330 2.3167150 2.3122960 1.8930941 1.7385407 1.9528004 2.2861319 1.1747192 1.2970733 1.7623328 1.5388990 1.7478906 1.9455377 1.7890250 1.8686954 1.9766473 2.0358500 4.8425203 1.9591027 2.0221923 2.0037695 1.9792908 2.0805800 2.0805800 2.3028225 2.9288079 
Nvec_v1g222202                                          1.7259351 0.0000010 1.8728083 1.4553483 1.6620653 1.4203465 1.1357575 1.3127301 0.4848700 0.4601394 0.5078977 0.5635153 0.6411390 0.0313384 0.3979158 0.7330188 0.0000010 0.7845420 0.8346611 1.1733533 1.2478850 2.0262515 2.1454523 0.8366436 1.6614423 1.6614423 1.6968241 1.6968241 2.4879960 2.0560396 2.1362196 2.0978006 2.0978006 2.3729521 6.8234326 1.1578330 0.0000000 1.4423287 1.3104327 1.4824573 0.9827015 1.1672177 1.6699857 1.2929731 1.1305247 1.4021456 1.3611346 1.4137112 2.2535370 1.9800262 2.1574584 1.6490825 1.1315033 4.0393261 1.6778299 1.8693441 1.8019683 1.8302498 1.5789726 1.5789726 2.0678876 1.5987376 
Aque_Aqu2.1.44239_001                                   2.0174551 2.7169726 1.9837893 2.0451839 1.9120718 1.6640017 2.3053388 2.1733125 1.9836512 2.0413010 2.0225611 1.9830126 2.0788845 1.8345943 1.9845863 1.6222872 2.4460227 1.9749351 2.0510507 2.3061183 2.1953541 2.9752765 2.9750887 2.5993087 3.0952277 2.7156773 3.0874217 2.4626103 3.2597013 3.2327095 3.0087411 2.8986940 3.1636039 2.7601018 3.0824724 2.3167150 1.4423287 0.0000000 0.2772059 0.8210709 0.9819262 0.9810210 1.0069764 2.1938908 2.5138706 2.1573044 1.6809194 2.3618645 2.6466520 2.5808834 2.6563439 1.4583257 2.3866680 4.7437269 2.6768373 2.8866929 2.5043212 2.7073891 2.7937973 2.7937973 3.9185071 3.0474041 
Halamb_c49443_g1_i1m.26156                              2.0272038 2.6798860 2.1951272 2.0542679 2.0301370 1.5834466 2.1172154 1.9900910 1.9405790 2.0289030 2.0615944 2.1169929 2.0402196 1.6593362 1.9535740 1.3256161 2.4491717 1.8277012 2.0498713 2.1492250 2.0971280 2.7417017 2.8137167 2.5823754 2.8862410 2.4991413 2.8407424 2.0277862 3.1800773 3.2349700 3.1397526 2.9754615 3.3145230 2.7208846 3.0897224 2.3122960 1.3104327 0.2772059 0.0000000 0.7882280 0.9561580 0.9213799 0.9248234 2.2576131 2.3480847 2.0279409 1.7361609 2.3871971 2.8102577 2.5933374 2.6928235 1.5098713 2.2483050 5.3617468 2.4837668 2.5865921 2.1596692 2.4470960 2.5853441 2.5853441 3.3173733 2.7580863 
Stycar_maker-SC_scaffold49106-augustus-gene-0.26-mRNA-1 1.7050498 1.9856204 1.7944081 1.5664524 1.8142771 1.4108631 1.8960284 1.9676065 1.6820047 1.7573323 1.7117223 1.7218521 1.7673047 1.4627280 1.8538323 1.5794924 2.0816603 1.5959359 1.8180487 1.8223310 2.0136131 2.6291133 2.6938215 2.2519298 2.7739600 2.7330261 2.7568640 2.3303357 2.9015984 3.0739501 3.0282021 2.6597214 3.1183687 2.8053457 2.1933991 1.8930941 1.4824573 0.8210709 0.7882280 0.0000000 0.8820022 0.9345469 0.7179895 2.1980936 2.1740154 1.6071049 1.3687289 2.0005301 2.3000377 2.2226060 2.8547212 1.4181949 1.9172635 4.0385024 2.2610186 2.4906726 2.3851839 2.3380778 2.4557369 2.4557369 4.0537565 2.5129745 
Spolac_c78087_g1_i1_m.2010c78087-g1                     1.7386558 0.0000010 1.8236800 1.7726242 1.8406465 1.3722879 1.7798231 1.9217358 1.6093965 1.5210797 1.4777026 1.5286537 1.7238317 1.3111352 1.5873749 1.0627376 9.0000000 1.4414770 1.6229283 1.7446326 1.7205629 2.2224170 2.3477776 2.1759287 2.2803746 2.2803746 2.2862172 1.6827354 2.4231777 2.6121875 2.2335616 2.2710916 2.2710916 2.4745346 4.8208593 1.7385407 0.9827015 0.9819262 0.9561580 0.8820022 0.0000000 0.1714325 1.0553240 1.6806323 1.3124368 1.5946087 1.4271453 1.4318154 2.0166905 2.2577684 2.1036730 1.6295131 1.7405705 8.9999986 1.7353903 1.8929734 1.8029739 1.8074902 1.7329880 1.7329880 1.9330498 1.3999622 
Spolac_c78087_g1_i2_m.2011c78087-g1                     1.6370373 0.0000010 1.7890453 1.6480775 1.6637476 1.4674650 1.8098961 2.2685343 1.6940135 1.7732969 1.6300206 1.7125376 1.8385392 1.3271574 1.7040729 1.4946864 9.0000000 1.6726165 1.5637307 1.9136498 1.8914302 2.1027925 2.2019166 1.9295213 2.6140913 2.6140913 2.5908892 2.1597179 2.6647020 2.6923066 2.5136163 2.5501030 2.5501030 2.4847008 4.8208593 1.9528004 1.1672177 0.9810210 0.9213799 0.9345469 0.1714325 0.0000000 1.0153684 1.7736753 1.9296534 1.5853161 1.2967403 1.8619052 1.7728266 1.8694928 2.4486964 2.0521643 1.8542971 3.1723947 2.0182569 2.2319967 2.0526745 2.0915854 1.9812066 1.9812066 2.4758876 1.6751826 
Tetwil_g13489.t1                                        2.0015274 2.6506832 2.0803492 1.9278610 2.0447847 1.7353058 2.1933572 2.3529434 1.9919213 2.1296618 2.0183507 2.0915841 2.1919401 1.7773524 2.0754765 1.8715199 3.3076775 1.7534592 2.2993881 2.2870198 2.3435316 2.9192031 3.0857356 2.4187593 2.9525632 2.6805630 2.9422960 2.0518154 3.1343945 3.2044819 3.1033687 2.8007631 3.1314576 3.1487361 2.4663276 2.2861319 1.6699857 1.0069764 0.9248234 0.7179895 1.0553240 1.0153684 0.0000000 2.4267180 2.6065124 1.9405834 1.7041977 2.4374559 2.7904184 2.9201349 3.1414219 1.6742752 2.2467719 4.4352013 2.5687970 3.0063691 2.6620726 2.8021266 2.7221421 2.7221421 3.5305609 2.8781759 
Spur_XM_030998375.1                                     1.6937860 1.7282155 1.7318014 1.6785128 1.7501436 1.6550820 1.2718174 1.1466879 1.6473621 1.7150474 1.6421879 1.6537078 1.7157651 1.3460593 1.8394725 1.6771042 1.4690830 1.4221723 1.0372727 1.1840900 1.2896613 2.3158927 2.5748960 2.0821519 2.3164838 2.1053042 2.2684876 1.7856987 2.3983313 2.8582425 2.8367218 2.6496078 3.0672489 2.4403557 2.4508493 1.1747192 1.2929731 2.1938908 2.2576131 2.1980936 1.6806323 1.7736753 2.4267180 0.0000000 1.1849817 1.7776282 1.4509586 1.9224271 2.1607653 2.0602268 2.2270965 2.3441435 2.0297026 6.2537444 2.1972209 2.2182249 1.7717462 2.0978482 2.2149656 2.2149656 2.7068413 3.0375422 
Cscu_XM_023382324.1                                     1.6585244 1.6617413 1.8640338 1.6843511 1.8137298 1.5947438 1.2495468 1.1296670 1.4990204 1.5191761 1.4710749 1.4758480 1.5281089 1.2522308 1.6772453 1.5210265 1.1822355 1.3653397 1.0990072 1.2547831 1.4473716 2.4631653 2.5356188 2.0481316 2.3498305 2.3861497 2.4127324 1.9284580 2.5560745 2.7402427 2.7321779 2.4881004 3.1017260 2.5458054 2.1785188 1.2970733 1.1305247 2.5138706 2.3480847 2.1740154 1.3124368 1.9296534 2.6065124 1.1849817 0.0000000 1.8768625 1.5232967 1.8222724 2.0869158 1.9150174 2.3259865 2.3913012 1.8736831 6.9547206 2.4106600 2.3760436 2.2904606 2.2521615 2.2829913 2.2829913 2.7232785 2.7466528 
Opea_EP00118_Oscarella_pearsei_P024662                  1.4795810 1.6128240 1.6005683 1.4612835 1.4081156 1.3240497 1.7372069 1.6116427 1.4301596 1.4069547 1.3946798 1.3995073 1.4831309 1.5326218 1.6203048 1.3300054 1.3778509 1.4889264 1.7055387 1.7167156 1.7945926 2.3140244 2.4426488 1.8211096 2.2639942 2.3247652 2.2704354 1.9525225 2.4387342 2.6800458 2.5917812 2.2894387 2.5656392 2.4850661 2.0088754 1.7623328 1.4021456 2.1573044 2.0279409 1.6071049 1.5946087 1.5853161 1.9405834 1.7776282 1.8768625 0.0000000 0.6852638 2.0395703 2.2574706 2.0447728 2.2928047 1.7669689 1.6771152 2.5311222 2.0364547 2.1644776 2.0034366 2.0528526 2.0750223 2.0750223 2.9239453 0.8415318 
Plajan_Pjan_C560870_01                                  1.2798743 1.5139327 1.3324901 1.1553270 1.2337238 1.0963510 1.6264472 1.5030279 1.3171372 1.2970087 1.3025354 1.3093703 1.3711735 1.3173583 1.4709060 1.2289624 1.5360213 1.2647534 1.4475076 1.4243293 1.4908307 2.1551690 2.3021038 1.6197008 1.9643781 1.8388640 2.1136703 1.4513953 2.1794091 2.3236068 2.2965473 2.0689605 2.1538615 2.3259319 1.8315770 1.5388990 1.3611346 1.6809194 1.7361609 1.3687289 1.4271453 1.2967403 1.7041977 1.4509586 1.5232967 0.6852638 0.0000000 1.9300391 2.1111245 1.9063134 2.2014776 1.4338068 1.5970631 3.0094657 2.0227011 2.1387453 1.8864900 2.0142324 1.9878515 1.9878515 2.7026955 1.4970540 
Morvir_scaffold127.g42.t1                               1.7203133 1.9690643 1.9484291 1.6413933 1.7164893 1.7731044 1.6702979 1.5056933 1.6149854 1.6041451 1.6553822 1.6246776 1.6764549 1.3104442 1.6659283 1.2910054 1.8830306 1.5182428 1.7350422 1.6163959 1.7727282 2.4383827 2.7546168 2.4045768 2.2333403 2.0618639 2.3447008 1.4996297 2.4209220 2.6228429 2.3616134 2.1295702 2.5163481 2.2534683 2.1600184 1.7478906 1.4137112 2.3618645 2.3871971 2.0005301 1.4318154 1.8619052 2.4374559 1.9224271 1.8222724 2.0395703 1.9300391 0.0000000 1.3012483 1.2748497 1.3264488 2.0855934 1.9598619 9.0000000 2.2978884 2.4638019 2.4549735 2.3761868 2.3880512 2.3880512 3.2099913 2.6501469 
Rhoesc_Res_001341-T1                                    2.0506119 2.0577764 2.1291438 1.9863291 2.0531998 2.2771977 1.8665155 1.7073132 1.6239089 1.7216985 1.5862753 1.6125154 1.8203841 1.5513134 1.8634513 2.2437658 1.4309509 1.9278576 1.8187440 2.0205823 2.0159957 2.8562344 3.2132729 2.6078334 2.5708372 2.6654095 2.6851151 2.1023389 2.8869842 2.9754998 2.9135923 2.6490191 3.0669326 2.7581927 2.4200525 1.9455377 2.2535370 2.6466520 2.8102577 2.3000377 2.0166905 1.7728266 2.7904184 2.1607653 2.0869158 2.2574706 2.1111245 1.3012483 0.0000000 0.3756492 0.7032156 2.5207186 2.3918273 2.2436723 2.5742504 2.6722338 2.6181937 2.6176452 2.7309245 2.7309245 3.3236783 3.6734767 
Aaur_scaffold784.g6.t2                                  2.0778601 1.8811317 2.0681298 1.9336644 1.8589028 2.0474522 1.8340597 1.6485356 1.4509538 1.5072662 1.4220829 1.4098304 1.5761550 1.4980908 1.6163857 1.8007478 1.4803659 1.5528637 1.7704048 1.7522510 1.7692538 2.8529091 3.1970352 2.5091537 2.4122930 2.5304571 2.4733467 1.9725924 2.7147267 2.8127760 2.6210692 2.4513232 2.8342164 2.6335184 2.4876976 1.7890250 1.9800262 2.5808834 2.5933374 2.2226060 2.2577684 1.8694928 2.9201349 2.0602268 1.9150174 2.0447728 1.9063134 1.2748497 0.3756492 0.0000000 0.7627235 2.3687821 1.9442998 1.9238368 2.4042946 2.4518042 2.4860624 2.4969842 2.5578569 2.5578569 2.6645290 3.2557101 
Sanmal_Sma_027363-T1                                    2.2527849 2.2633921 2.3827025 2.2980462 2.2619065 2.3887662 2.0204726 1.8913959 1.7633067 1.8514532 1.7327841 1.7921421 1.7683171 1.7243768 1.9936844 2.3473631 1.6002101 1.8545367 1.7492617 2.1155485 1.9340975 3.1100755 3.4253343 2.5265009 2.5689911 2.6390401 2.7977619 2.4360262 3.1851103 3.0601399 2.9588516 2.7782019 3.2041488 2.8047828 2.5283760 1.8686954 2.1574584 2.6563439 2.6928235 2.8547212 2.1036730 2.4486964 3.1414219 2.2270965 2.3259865 2.2928047 2.2014776 1.3264488 0.7032156 0.7627235 0.0000000 2.7357257 2.2225279 3.5935785 2.5357483 2.5537103 2.7194936 2.4456900 2.4988994 2.4988994 4.1911678 2.9776967 
Plespi_Pspi_scaffold9033_01                             2.1065460 1.9183737 2.0382205 1.9515280 2.1677237 1.8112996 2.0658543 2.3638938 1.9026115 1.9226002 1.8625816 1.8784209 1.7947923 1.7540348 1.9065998 2.0825356 1.4945244 1.6213768 2.0700185 1.9004565 2.0876818 3.1148864 3.1062361 2.6901708 2.7595242 2.7416082 2.8516049 1.9711460 3.0738354 3.0671302 2.9417337 2.7882535 3.2197758 3.0511973 2.5509691 1.9766473 1.6490825 1.4583257 1.5098713 1.4181949 1.6295131 2.0521643 1.6742752 2.3441435 2.3913012 1.7669689 1.4338068 2.0855934 2.5207186 2.3687821 2.7357257 0.0000000 2.2063791 4.8079970 2.1046091 2.1806207 2.3856606 2.2432922 2.1998000 2.1998000 4.1684287 2.4907803 
Xesp_012440-T1                                          1.9053951 2.5440781 1.9598511 1.7341578 1.4510170 1.5796688 1.8566721 1.6274660 1.6496323 1.5953752 1.6450928 1.6457396 1.5967020 1.1576594 1.5541102 1.0002740 2.3782740 0.6589361 1.8172302 1.8524273 1.8735860 2.5729131 2.9476360 2.1932589 2.2670745 2.2618141 2.6933455 1.8409884 2.8349246 2.9423467 2.6495878 2.3797607 2.4213355 2.4217110 2.5200657 2.0358500 1.1315033 2.3866680 2.2483050 1.9172635 1.7405705 1.8542971 2.2467719 2.0297026 1.8736831 1.6771152 1.5970631 1.9598619 2.3918273 1.9442998 2.2225279 2.2063791 0.0000000 2.9368004 2.4428147 2.6737579 2.0582937 2.5792292 2.5264739 2.5264739 2.5650484 2.2545266 
Morvir_scaffold127.g40.t1                               4.8733198 0.0000010 4.8440517 4.2270000 4.6568243 5.2940781 4.2076639 6.3378200 2.7732947 3.3013910 2.3261288 2.4344340 3.1177696 2.6346401 3.5973521 3.6346403 0.0000010 3.2134975 3.5328053 6.3684584 4.9069504 8.3789010 8.6874737 1.4662694 8.9999981 8.9999981 6.2811261 6.8363080 8.9999989 8.3295930 8.6360874 8.2566779 8.2566779 7.6640674 9.0000000 4.8425203 4.0393261 4.7437269 5.3617468 4.0385024 8.9999986 3.1723947 4.4352013 6.2537444 6.9547206 2.5311222 3.0094657 9.0000000 2.2436723 1.9238368 3.5935785 4.8079970 2.9368004 0.0000000 4.1641044 4.0599545 3.5855145 3.5177782 3.6880707 3.6880707 4.1641044 4.0050924 
TrH2_TrispH2_002466-RA                                  2.2846196 2.1389054 2.3027651 2.2408105 2.1102228 1.8388164 1.8729399 1.9283244 2.1718970 2.1435702 2.1412053 2.1282757 2.0781046 1.7242106 2.0953198 1.5422005 2.4300586 1.9871731 1.9465646 2.1090077 2.1102585 3.0215986 3.5089111 2.1423869 2.7238865 2.7600514 2.8611507 2.0706045 3.4008754 3.3716580 3.2318161 2.8824290 2.9371794 2.9872456 2.8675874 1.9591027 1.6778299 2.6768373 2.4837668 2.2610186 1.7353903 2.0182569 2.5687970 2.1972209 2.4106600 2.0364547 2.0227011 2.2978884 2.5742504 2.4042946 2.5357483 2.1046091 2.4428147 4.1641044 0.0000000 0.1662256 0.1903189 0.1822480 0.2186414 0.2186414 0.1731163 2.9421038 
HoiH11_mRNA8425                                         2.4151482 2.1660124 2.3896639 2.3156433 2.2849065 1.9878190 1.9761342 2.0872689 2.1822635 2.1853701 2.1802094 2.1865544 2.0617890 1.7186211 2.2282624 1.6183695 2.4648871 2.0809255 2.0428940 2.0578360 2.2280061 3.3771110 3.9012398 2.5022179 3.0283138 3.0521022 3.0903816 2.2544238 3.5760594 3.5394343 3.3994532 3.1251241 3.3504282 3.0181870 3.1960575 2.0221923 1.8693441 2.8866929 2.5865921 2.4906726 1.8929734 2.2319967 3.0063691 2.2182249 2.3760436 2.1644776 2.1387453 2.4638019 2.6722338 2.4518042 2.5537103 2.1806207 2.6737579 4.0599545 0.1662256 0.0000000 0.1151560 0.1105015 0.1207020 0.1207020 0.5067872 3.4191354 
HoiH23_PlH23_010574-RA                                  2.3030751 1.7410067 2.2643281 2.4348231 2.1832378 2.0612230 1.6792178 2.1375976 1.9031326 1.9748555 1.9919057 2.0065221 1.7633785 1.7132351 1.8687071 1.5740069 1.5025638 1.7363933 1.7012934 1.8678103 1.9504168 2.4888267 2.5060192 2.1270455 2.8274322 2.8616772 2.6268367 2.1424488 2.8391649 3.0661614 3.0216763 3.0512779 3.0512779 2.8026865 3.4871745 2.0037695 1.8019683 2.5043212 2.1596692 2.3851839 1.8029739 2.0526745 2.6620726 1.7717462 2.2904606 2.0034366 1.8864900 2.4549735 2.6181937 2.4860624 2.7194936 2.3856606 2.0582937 3.5855145 0.1903189 0.1151560 0.0000000 0.0375853 0.0769725 0.0769725 0.3888633 2.1947002 
HoiH06_mRNA7328                                         2.3106900 1.9870007 2.2562873 2.2377848 2.1482949 1.9420952 1.8886171 1.9435236 2.0704832 2.1488348 2.1785647 2.1866568 2.0278795 1.6867716 2.1059646 1.5574882 2.5882064 2.0372658 1.9378294 2.0025655 2.1388175 3.1713328 3.5672526 2.3354539 2.8486564 2.8442640 2.9870932 2.1419526 3.3950093 3.4574768 3.2603443 3.0307423 3.2415252 2.9719860 3.1744200 1.9792908 1.8302498 2.7073891 2.4470960 2.3380778 1.8074902 2.0915854 2.8021266 2.0978482 2.2521615 2.0528526 2.0142324 2.3761868 2.6176452 2.4969842 2.4456900 2.2432922 2.5792292 3.5177782 0.1822480 0.1105015 0.0375853 0.0000000 0.0762137 0.0762137 0.5024501 3.1921899 
Hhon_g09482.t1                                          2.3667643 2.1490059 2.3267619 2.2387181 2.0346546 1.9840938 1.9787223 2.0677459 2.1885773 2.1689411 2.2250494 2.2342219 2.1113330 1.7018979 2.1607025 1.4492227 2.5319537 2.0847151 1.9650386 2.1856058 2.2849186 3.2515103 3.8075370 2.3376151 2.8498927 2.7447338 2.9808835 2.0451361 3.4014115 3.4105739 3.3149432 3.0081716 3.1749481 3.0004666 3.3033968 2.0805800 1.5789726 2.7937973 2.5853441 2.4557369 1.7329880 1.9812066 2.7221421 2.2149656 2.2829913 2.0750223 1.9878515 2.3880512 2.7309245 2.5578569 2.4988994 2.1998000 2.5264739 3.6880707 0.2186414 0.1207020 0.0769725 0.0762137 0.0000000 0.0000010 0.5903125 3.2578763 
