56
Lcom_lcpid59013                                          0.0000000 0.7208909 0.6708865 0.6233437 1.1509841 1.9912714 1.3730104 2.0195003 4.4965886 1.1612517 1.5689799 2.0675947 1.8778701 1.6503108 0.7276396 1.7582584 1.6835444 1.4488162 1.5906947 1.9329548 1.5539294 1.4894381 1.4902617 1.6305676 1.6334888 1.6032289 1.6238404 1.6012738 1.3577077 1.5933060 1.6938598 1.4323351 1.5568347 1.7863285 1.7244500 1.6284901 1.6213736 1.7581712 1.5425415 1.7416593 1.7226431 1.5317540 1.9139234 1.9925635 2.4933537 1.8649657 1.4107069 2.5405213 2.0174794 2.0104574 2.2386306 2.1737347 1.8800182 2.4478446 2.4651586 2.8216030 
Gracom_Gcom_scaffold17012_01                             0.7208909 0.0000000 0.6621464 0.6206403 1.0445319 1.7649412 1.3605287 1.8062204 4.0625264 1.2870786 1.4792914 1.7791609 1.8557841 1.6309490 0.7540021 1.7666650 1.6689693 1.4490809 1.6111284 1.8189982 1.8043888 1.5897524 1.5817436 1.6780865 1.6495614 1.6953766 1.7307043 1.6475156 1.4086722 1.7179491 1.7739238 1.4128213 1.5703596 1.8232656 1.7061723 1.6030067 1.6048598 1.7348989 1.6239700 1.8439510 1.6943114 1.8083086 2.1661307 2.0372919 2.3841249 1.9098910 1.3955696 2.9323334 2.1416078 2.1337921 2.3285176 2.1689103 1.9723946 2.6500227 2.4161087 2.7666079 
Leuniv_Lniv_scaffold23167_01                             0.6708865 0.6621464 0.0000000 0.0152586 1.1276975 1.8025800 1.3051580 2.0832256 3.8132864 1.2278436 1.4855149 1.8443652 1.7933750 1.5954898 0.5790840 1.7393777 1.6455323 1.4016310 1.5540335 1.5764281 1.6051092 1.5770167 1.5749104 1.5834307 1.5485629 1.5064753 1.6486303 1.4264252 1.2837984 1.6759877 1.5895307 1.2530223 1.3361191 1.7532754 1.6739692 1.5682481 1.5716634 1.6880352 1.5949942 1.8048351 1.7029281 2.0855464 1.9739028 1.8630180 2.0702223 1.9025914 1.4363174 2.8750490 1.9384097 1.8196142 2.1432421 2.2487402 1.7094086 2.4515321 2.6301122 4.3701150 
Leuniv_Lniv_scaffold23168_01                             0.6233437 0.6206403 0.0152586 0.0000000 1.0794296 1.7221246 1.3051580 2.0118291 3.8132864 1.2278436 1.5017484 1.8443652 1.6960073 1.5294621 0.5790840 1.6874174 1.6041624 1.3490571 1.5133196 1.5705357 1.5889322 1.5265590 1.5516111 1.5544909 1.5429188 1.4876586 1.6064079 1.3954634 1.2837984 1.6284717 1.5794884 1.1761700 1.2342068 1.7000544 1.6161537 1.5114218 1.5090935 1.6555333 1.5136099 1.7585279 1.6467581 2.2462941 1.9962189 1.7897521 1.9453708 1.9025914 1.4363174 2.9594702 1.9293394 1.7891378 2.1601311 2.2719302 1.6858233 2.5067245 2.5514332 4.8388962 
Clacor_Ccor_C538607_01                                   1.1509841 1.0445319 1.1276975 1.0794296 0.0000000 1.6555848 1.4646606 1.5601827 0.0000010 1.1422842 0.6991634 0.0000010 2.0206534 1.6934326 1.0836919 1.6471974 1.5975533 1.5207687 1.6396044 2.3261036 1.7761041 1.5792162 1.6743081 1.6993684 1.8873825 1.8880150 1.7216815 1.7012163 1.3427939 1.7331145 2.2120133 1.5662523 1.7811973 1.9759080 1.6824212 1.8866910 1.8793472 1.8742010 1.7194213 1.9642580 1.5780602 1.6672881 2.1580559 2.2643344 3.4263917 2.2951985 1.0993740 2.5989873 2.2557962 2.2805710 2.5926654 2.8923167 2.5575162 2.7392471 1.7143052 2.6770293 
Emue_Em0011g51a.t1                                       1.9912714 1.7649412 1.8025800 1.7221246 1.6555848 0.0000000 0.1551192 0.9455869 0.3018636 0.3425250 1.0941055 0.6840070 1.4797663 1.5880218 0.6434889 1.5307261 1.4784070 1.3829716 1.5054442 1.9176694 1.6225492 1.6199709 1.6344829 1.6259041 1.6147545 1.5714773 1.4476760 1.5396354 1.3468341 1.5627629 1.3032164 1.1293866 1.1966798 1.5516537 1.4379683 1.6539908 1.6609230 1.6241733 1.6718720 1.6974261 1.7658419 1.2721869 1.7579880 1.9874386 2.6812114 2.1625725 1.6840064 2.8255401 2.3363844 2.2128141 2.5368479 2.7383527 2.0820067 2.9119097 1.6639135 2.0143616 
Spolac_c93685_g1_i1_m.9128c39773-g1                      1.3730104 1.3605287 1.3051580 1.3051580 1.4646606 0.1551192 0.0000000 0.5772268 0.0000010 0.3955586 0.3525158 0.2759575 1.0956305 1.0000102 0.5973000 0.9904484 0.9532744 0.7657350 0.9466304 1.2469237 1.1026522 1.1379797 1.0486855 1.0471610 1.1418614 1.0317098 0.9488079 1.0744398 0.9522249 1.0959232 1.1230064 1.0647666 1.0607204 1.3372890 0.9279928 1.0987445 1.0954401 1.0989281 1.1487347 1.2171944 1.1712081 1.1994142 1.3235398 1.4541975 1.9671730 1.8239924 0.9221787 2.3389883 1.8174500 1.9661156 2.1895123 1.9134570 1.7895809 2.6073234 0.8110463 0.9440040 
Xestes_maker-XT_scaffold5421-augustus-gene-0.13-mRNA-1   2.0195003 1.8062204 2.0832256 2.0118291 1.5601827 0.9455869 0.5772268 0.0000000 3.2489144 0.5704484 0.7727125 1.1029308 1.6316749 1.6622144 0.7843311 1.5836960 1.5714881 1.5678625 1.5715723 2.0717978 1.5685554 1.6646949 1.7452623 1.7648816 1.7893607 1.7888335 1.5808718 1.5865599 1.4572699 1.7627751 1.5977458 1.1682438 1.2439663 1.7331051 1.5434600 1.7582379 1.7642591 1.7672547 1.8505375 1.7835612 1.7979252 1.3498321 1.8994780 1.7770501 2.6563713 2.3768837 1.8536057 2.5428502 2.2760494 2.0848733 2.4078290 2.4853336 1.9784236 2.9170470 1.3093031 1.6761033 
Spolac_c39773_g1_i1_m.1017c39773-g1                      4.4965886 4.0625264 3.8132864 3.8132864 0.0000010 0.3018636 0.0000010 3.2489144 0.0000000 0.0000010 3.1212309 1.2181884 2.8566529 3.7671212 0.0000010 3.9515935 4.2336175 4.0155849 3.7708119 4.8470004 4.1180454 3.9209232 4.5599348 4.8771544 3.8403133 4.8470004 3.4900957 3.4445439 3.4445439 3.1750199 0.0000010 0.3610295 0.3610295 3.1321047 2.5752044 4.1179919 3.9238797 4.7498076 3.5825427 3.7918898 3.6786278 0.0000010 3.9362832 4.3470234 4.4241993 4.3447944 4.8999402 0.0000010 4.4121298 0.0000010 0.0000010 4.0818638 0.0000010 0.0000010 8.0212828 0.0000010 
Stycar_maker-SC_scaffold141898-snap-gene-0.49-mRNA-1     1.1612517 1.2870786 1.2278436 1.2278436 1.1422842 0.3425250 0.3955586 0.5704484 0.0000010 0.0000000 2.7694875 0.0000010 1.2027752 1.1538759 0.0000010 0.9553508 0.8189733 0.8178842 0.8578267 1.9874908 1.0165873 1.1296177 1.1440205 1.1554691 1.3629624 0.9384076 0.9011720 1.1104360 0.8315082 1.1221952 1.0111462 1.0766192 1.0766192 1.4539541 1.1131737 0.9700104 0.9906674 1.4310126 1.2294649 1.0699526 0.8847504 1.0828043 1.1167785 1.3777701 3.6884826 2.4764007 0.0000010 2.0339357 1.9439343 1.7873697 2.2929404 2.2504793 2.4112194 1.9575127 0.6972533 0.2147536 
Aque_Aqu2.1.43078_001                                    1.5689799 1.4792914 1.4855149 1.5017484 0.6991634 1.0941055 0.3525158 0.7727125 3.1212309 2.7694875 0.0000000 1.1339878 1.6655383 1.8303466 0.7956635 1.7039736 1.7117827 1.7710346 1.5889080 1.6710717 1.6751326 1.7335976 1.8651745 1.8027814 1.9347728 1.8292468 1.7403481 1.4370217 1.3893743 1.7980523 1.2064135 0.6725850 0.6355582 1.6286454 1.3494753 1.5699255 1.5722483 1.8255585 1.7584159 1.5730616 1.8285467 2.2300486 1.8468742 1.7582262 1.8284157 2.0470943 1.9302758 2.3828623 1.9174110 1.2074192 1.1275600 2.6385441 1.0469266 1.6405703 1.7651349 4.1281622 
Stycar_maker-SC_scaffold141898-augustus-gene-0.41-mRNA-1 2.0675947 1.7791609 1.8443652 1.8443652 0.0000010 0.6840070 0.2759575 1.1029308 1.2181884 0.0000010 1.1339878 0.0000000 1.8146825 1.4747085 0.7365314 1.5807311 1.5451447 1.4316704 1.4657990 1.5626785 1.8505753 1.7216603 1.5198590 1.5753851 1.6204207 1.7630690 1.7011004 1.5219950 1.5219950 1.9319644 1.6002695 0.7817780 0.7817780 1.5767528 1.4270591 1.5045794 1.4996677 2.0214538 2.0462687 1.8769272 2.2214064 0.0000010 1.5868040 2.1584311 2.1673329 2.3093538 2.2042553 0.0000010 2.2058017 1.0432896 0.9965760 2.2086344 1.0120948 0.0000010 3.4551843 0.0000010 
Cgig_XM_034458829.1                                      1.8778701 1.8557841 1.7933750 1.6960073 2.0206534 1.4797663 1.0956305 1.6316749 2.8566529 1.2027752 1.6655383 1.8146825 0.0000000 1.3158271 0.5042844 1.4282853 1.3919726 1.3039707 1.3703712 1.6769351 1.3561335 1.4189320 1.4549688 1.4564938 1.5262351 1.3829055 1.3665457 1.5267910 1.3730321 1.2537093 1.3779028 1.1844737 1.2647411 1.5801829 1.2727006 1.4960379 1.4968361 1.4900404 1.3373574 1.6263789 1.2403777 1.3776168 1.8606449 1.8398595 2.5028149 2.1699024 1.5139560 3.6225091 2.4428495 2.5054599 2.5550245 2.1812300 1.9061686 3.2241145 2.4984444 1.9548522 
Fspp_ffun1.m4.3321.m1                                    1.6503108 1.6309490 1.5954898 1.5294621 1.6934326 1.5880218 1.0000102 1.6622144 3.7671212 1.1538759 1.8303466 1.4747085 1.3158271 0.0000000 0.2265489 0.2580206 0.2569277 0.1753451 0.2865221 0.5709321 0.7350882 1.0133352 0.9944067 1.0369834 0.9902358 0.4451685 1.1316041 1.3079972 1.1353164 1.2434550 0.7989523 1.0999874 1.2180615 1.3054368 1.0546957 1.3380660 1.3562997 1.2324044 1.1862938 1.2580419 1.3186569 0.7432834 1.4927838 1.3715295 2.2806925 1.8668888 1.4469543 3.1119990 2.0770320 2.1917258 2.3698119 2.1633937 2.0489341 3.1488898 2.3660016 0.7263135 
Nvec_v1g66419                                            0.7276396 0.7540021 0.5790840 0.5790840 1.0836919 0.6434889 0.5973000 0.7843311 0.0000010 0.0000010 0.7956635 0.7365314 0.5042844 0.2265489 0.0000000 0.2623011 0.2447476 0.2629694 0.3104145 0.2460960 0.3083253 0.3703255 0.3218510 0.3751498 0.4162932 0.2476583 0.4900322 0.5329914 0.5329914 0.5643347 0.5107911 0.5618366 0.5618366 0.4895952 0.5726747 0.6144626 0.6009751 0.5004820 0.6841908 0.6539897 0.7216106 0.0000010 0.5939803 0.7922049 1.1151985 1.1707818 0.9657295 0.7977485 1.1151985 1.1715965 1.0136957 0.9940400 0.9235449 2.0492982 1.2703363 0.0000010 
Spis_XP_022804245_1                                      1.7582584 1.7666650 1.7393777 1.6874174 1.6471974 1.5307261 0.9904484 1.5836960 3.9515935 0.9553508 1.7039736 1.5807311 1.4282853 0.2580206 0.2623011 0.0000000 0.1200947 0.2748602 0.3180340 0.6685064 0.8278785 1.0750445 1.0725950 1.1283702 1.1444558 0.4719750 1.1417581 1.3470254 1.2071869 1.2777321 0.7970149 1.1265843 1.2437852 1.3052805 1.1776305 1.3898110 1.4004684 1.3829900 1.3639988 1.3855590 1.3770468 0.7163740 1.5733191 1.5038920 2.4172293 1.9051814 1.4731693 2.8003426 2.0314248 2.1610424 2.3747332 2.1434524 2.1309577 2.9883620 2.0608079 0.7237198 
Pocdam_XM_027189592.1                                    1.6835444 1.6689693 1.6455323 1.6041624 1.5975533 1.4784070 0.9532744 1.5714881 4.2336175 0.8189733 1.7117827 1.5451447 1.3919726 0.2569277 0.2447476 0.1200947 0.0000000 0.2407235 0.3071104 0.6445662 0.8249134 1.0094829 1.0559358 1.0635116 1.0994684 0.4711632 1.1454561 1.3318986 1.1655797 1.2744154 0.7788636 1.1051207 1.2187530 1.2954171 1.1169847 1.3314935 1.3529046 1.3568177 1.2838083 1.3182197 1.3527460 0.7155521 1.5836319 1.4421970 2.4349308 1.9538508 1.4722700 2.7717275 2.0499360 2.1197887 2.2981064 2.1556807 2.0615926 2.9143511 2.0941689 0.7553629 
Gasp_gasp1.m3.24464.m1                                   1.4488162 1.4490809 1.4016310 1.3490571 1.5207687 1.3829716 0.7657350 1.5678625 4.0155849 0.8178842 1.7710346 1.4316704 1.3039707 0.1753451 0.2629694 0.2748602 0.2407235 0.0000000 0.3085460 0.6127749 0.6983341 0.9768261 0.9399004 0.9519942 0.9715981 0.4287011 1.0645224 1.1966282 0.9989907 1.2101550 0.5782706 0.8963402 1.0252341 1.1262955 0.9726791 1.2071154 1.2312985 1.2340219 1.1099740 1.1992539 1.2230328 0.6776781 1.4294150 1.2396216 2.2260902 1.6205610 1.3969867 2.6817406 1.8596988 1.8953641 2.1045693 2.2025424 1.7248000 2.5293516 2.1827081 0.6667482 
Gfas_gfas1.m1.7258.m1                                    1.5906947 1.6111284 1.5540335 1.5133196 1.6396044 1.5054442 0.9466304 1.5715723 3.7708119 0.8578267 1.5889080 1.4657990 1.3703712 0.2865221 0.3104145 0.3180340 0.3071104 0.3085460 0.0000000 0.5314466 0.7876450 0.9847770 0.9785035 1.0333545 1.0884751 0.3672920 1.0806256 1.2836462 1.1460073 1.3161860 0.8161354 1.0564922 1.1776195 1.2762201 1.0395807 1.3109447 1.3162314 1.3228550 1.1332277 1.2780170 1.2824122 0.7437083 1.4278598 1.3710289 2.2468556 1.8724193 1.3777262 2.8896095 1.9988982 2.1168457 2.2594649 2.0878510 1.9975913 2.8034281 2.2194553 0.7655664 
Adig_XM_015924920.1                                      1.9329548 1.8189982 1.5764281 1.5705357 2.3261036 1.9176694 1.2469237 2.0717978 4.8470004 1.9874908 1.6710717 1.5626785 1.6769351 0.5709321 0.2460960 0.6685064 0.6445662 0.6127749 0.5314466 0.0000000 1.1698367 1.3134437 1.1982944 1.2328970 1.3716157 0.1645772 1.6002357 1.5594266 1.2962990 1.6785345 0.7060157 1.2709367 1.3565655 1.7207511 1.3832464 1.8495020 1.8545807 1.5416535 1.5701223 1.6697339 1.7947647 1.0563441 1.8152471 1.7076676 2.0224848 1.8042444 1.4555389 3.9980819 2.0289741 2.2908860 2.5048175 2.3406202 1.8933316 3.0289611 2.6909202 4.2006536 
Exapal_XM_021045259.2                                    1.5539294 1.8043888 1.6051092 1.5889322 1.7761041 1.6225492 1.1026522 1.5685554 4.1180454 1.0165873 1.6751326 1.8505753 1.3561335 0.7350882 0.3083253 0.8278785 0.8249134 0.6983341 0.7876450 1.1698367 0.0000000 1.0189970 1.0576576 1.0597484 1.1045845 0.8919001 1.1993850 1.3874846 1.2793083 1.1797300 1.1290241 1.0899410 1.2169679 1.2524681 1.1462458 1.3739785 1.3838146 1.3437366 1.2300133 1.3565320 1.2059135 0.8610293 1.5030479 1.5677127 2.4937790 2.1718525 1.6702295 2.7920780 2.1917400 2.2270755 2.5444439 2.1888955 2.0289001 2.9919993 1.9746506 0.8950142 
Aaur_scaffold93.g32.t1                                   1.4894381 1.5897524 1.5770167 1.5265590 1.5792162 1.6199709 1.1379797 1.6646949 3.9209232 1.1296177 1.7335976 1.7216603 1.4189320 1.0133352 0.3703255 1.0750445 1.0094829 0.9768261 0.9847770 1.3134437 1.0189970 0.0000000 0.4144542 0.4381621 0.4959701 1.1049069 1.2047214 1.3061095 1.2548319 1.3549598 1.3517517 1.3351423 1.4115098 1.0233513 1.2249519 1.4717573 1.4610069 1.3834230 1.1982000 0.9509881 1.3974358 1.0454615 1.2225168 1.6357939 2.2847992 2.0023709 1.5034280 2.6816996 1.9967752 2.1087352 2.2366320 2.0839065 2.0301508 2.7966459 2.1858720 1.2203328 
Nemnom_g14726.t1                                         1.4902617 1.5817436 1.5749104 1.5516111 1.6743081 1.6344829 1.0486855 1.7452623 4.5599348 1.1440205 1.8651745 1.5198590 1.4549688 0.9944067 0.3218510 1.0725950 1.0559358 0.9399004 0.9785035 1.1982944 1.0576576 0.4144542 0.0000000 0.1869601 0.5455573 1.0586815 1.1459255 1.3689831 1.3416198 1.3121361 1.3119006 1.2648411 1.3066689 1.1058344 1.1600679 1.4807153 1.4802240 1.3433612 1.2069421 1.0297237 1.4564126 1.1642425 1.2457885 1.5692410 2.1452936 1.9647915 1.2882062 2.8293421 1.9947899 2.2050268 2.3007263 2.0270472 1.9907167 2.9355852 2.0941675 1.3102034 
Rhoesc_Res_005103-T1                                     1.6305676 1.6780865 1.5834307 1.5544909 1.6993684 1.6259041 1.0471610 1.7648816 4.8771544 1.1554691 1.8027814 1.5753851 1.4564938 1.0369834 0.3751498 1.1283702 1.0635116 0.9519942 1.0333545 1.2328970 1.0597484 0.4381621 0.1869601 0.0000000 0.5660013 1.1290038 1.1897562 1.3487648 1.2919504 1.3569163 1.3219521 1.2919332 1.3476264 1.1738337 1.1450350 1.4468852 1.4372607 1.4043083 1.2738762 1.0598841 1.4386525 1.0449903 1.2516561 1.5476833 2.2821245 1.9986574 1.3116920 2.7109545 2.0464450 2.1777886 2.3029117 2.0740392 2.0179149 2.7802447 2.0303051 1.2243170 
Sanmal_Sma_005982-T1                                     1.6334888 1.6495614 1.5485629 1.5429188 1.8873825 1.6147545 1.1418614 1.7893607 3.8403133 1.3629624 1.9347728 1.6204207 1.5262351 0.9902358 0.4162932 1.1444558 1.0994684 0.9715981 1.0884751 1.3716157 1.1045845 0.4959701 0.5455573 0.5660013 0.0000000 1.2508906 1.2582429 1.4511239 1.3141245 1.4071134 1.1679085 1.3037170 1.4079825 1.0917450 1.2658282 1.4347678 1.4357365 1.4145589 1.2436111 1.0871377 1.5215692 1.1922801 1.2902091 1.6677090 2.3324694 2.0827993 1.4148830 3.1441500 2.1652643 2.3008902 2.3311103 2.1969511 2.0955913 3.1054177 2.1770434 1.4420079 
Amil_Amillepora26137-RA                                  1.6032289 1.6953766 1.5064753 1.4876586 1.8880150 1.5714773 1.0317098 1.7888335 4.8470004 0.9384076 1.8292468 1.7630690 1.3829055 0.4451685 0.2476583 0.4719750 0.4711632 0.4287011 0.3672920 0.1645772 0.8919001 1.1049069 1.0586815 1.1290038 1.2508906 0.0000000 1.2408907 1.3737867 1.2635542 1.4639061 0.4845933 0.9667889 1.0158423 1.4489047 1.2478414 1.5181058 1.5050454 1.4796159 1.2828578 1.3382796 1.5289417 0.8624530 1.5847605 1.6211402 2.0405814 2.0114470 1.4867423 3.0782913 1.8846965 2.0714856 2.2554799 2.0250220 1.7010482 2.8723709 2.3020482 1.0680878 
Dgig_XM_028549257.1                                      1.6238404 1.7307043 1.6486303 1.6064079 1.7216815 1.4476760 0.9488079 1.5808718 3.4900957 0.9011720 1.7403481 1.7011004 1.3665457 1.1316041 0.4900322 1.1417581 1.1454561 1.0645224 1.0806256 1.6002357 1.1993850 1.2047214 1.1459255 1.1897562 1.2582429 1.2408907 0.0000000 1.3916527 1.3518732 1.3960355 1.1160646 1.1899608 1.2438452 1.4196177 1.2455615 1.4127581 1.3960364 0.7700495 1.3023094 1.4515110 1.4078467 1.0449374 1.6242748 1.6533974 2.3110057 1.9231319 1.5361089 2.5390546 1.9919005 1.9923834 2.1002588 2.1430499 1.8341259 2.6198464 2.1708097 1.3064010 
Opea_EP00118_Oscarella_pearsei_P005334                   1.6012738 1.6475156 1.4264252 1.3954634 1.7012163 1.5396354 1.0744398 1.5865599 3.4445439 1.1104360 1.4370217 1.5219950 1.5267910 1.3079972 0.5329914 1.3470254 1.3318986 1.1966282 1.2836462 1.5594266 1.3874846 1.3061095 1.3689831 1.3487648 1.4511239 1.3737867 1.3916527 0.0000000 0.0225557 1.5142809 1.6802901 0.9405997 1.0070408 1.6299266 1.2834090 1.4263405 1.4467152 1.5994620 1.6057364 1.5918295 1.4909780 1.4528506 1.8407840 1.6840057 2.0548576 1.6959060 1.3472030 2.3075796 1.7201199 1.7685974 2.1340464 2.0204692 1.7554052 2.2842510 2.3088030 2.2675504 
Ocar_g971                                                1.3577077 1.4086722 1.2837984 1.2837984 1.3427939 1.3468341 0.9522249 1.4572699 3.4445439 0.8315082 1.3893743 1.5219950 1.3730321 1.1353164 0.5329914 1.2071869 1.1655797 0.9989907 1.1460073 1.2962990 1.2793083 1.2548319 1.3416198 1.2919504 1.3141245 1.2635542 1.3518732 0.0225557 0.0000000 1.4093436 1.4670888 0.7890979 0.7890979 1.6891528 1.1219559 1.3566463 1.3663726 1.4340654 1.7174726 1.4797470 1.3953191 3.5688146 1.8299395 1.4327224 1.5099868 1.6449060 1.3472030 3.3531076 1.6527347 1.7222346 2.0393060 1.8674027 1.5259213 2.2386879 2.4357377 9.0000000 
Acagra_model.g11717.t1                                   1.5933060 1.7179491 1.6759877 1.6284717 1.7331145 1.5627629 1.0959232 1.7627751 3.1750199 1.1221952 1.7980523 1.9319644 1.2537093 1.2434550 0.5643347 1.2777321 1.2744154 1.2101550 1.3161860 1.6785345 1.1797300 1.3549598 1.3121361 1.3569163 1.4071134 1.4639061 1.3960355 1.5142809 1.4093436 0.0000000 1.2322266 1.2937554 1.3814067 1.4662040 1.0837115 1.2265566 1.2550633 1.5413423 1.3712766 1.6857486 1.1926827 1.1719218 1.9478717 1.4646538 2.4258256 2.0324050 1.3600100 2.7806866 2.1188819 2.1788144 2.3618570 2.3954988 1.9027274 2.8585295 2.2246052 2.0539231 
Adig_XM_015924922.1                                      1.6938598 1.7739238 1.5895307 1.5794884 2.2120133 1.3032164 1.1230064 1.5977458 0.0000010 1.0111462 1.2064135 1.6002695 1.3779028 0.7989523 0.5107911 0.7970149 0.7788636 0.5782706 0.8161354 0.7060157 1.1290241 1.3517517 1.3119006 1.3219521 1.1679085 0.4845933 1.1160646 1.6802901 1.4670888 1.2322266 0.0000000 1.6536658 1.6893722 1.3985456 1.4919011 1.4519588 1.4032603 1.2262842 1.4681323 1.5569419 1.4760989 0.0000010 1.2540602 1.5112754 2.4732414 2.0270373 1.8635552 2.1887950 2.1438313 2.0315419 1.7351793 4.4445771 2.0581314 3.2657280 1.4079045 5.7858446 
Plajan_Pjan_scaffold20418_01                             1.4323351 1.4128213 1.2530223 1.1761700 1.5662523 1.1293866 1.0647666 1.1682438 0.3610295 1.0766192 0.6725850 0.7817780 1.1844737 1.0999874 0.5618366 1.1265843 1.1051207 0.8963402 1.0564922 1.2709367 1.0899410 1.3351423 1.2648411 1.2919332 1.3037170 0.9667889 1.1899608 0.9405997 0.7890979 1.2937554 1.6536658 0.0000000 0.0334793 1.3440098 1.2927426 1.2519971 1.2438205 1.4022809 1.5089817 1.4588114 1.3481543 1.2530811 1.5664091 1.4989286 1.5864336 1.7191266 0.9585049 2.7588722 1.6357011 1.9039247 2.2773401 2.1051780 1.6811017 2.2621208 1.4432646 2.1489544 
Plajan_Pjan_scaffold20419_01                             1.5568347 1.5703596 1.3361191 1.2342068 1.7811973 1.1966798 1.0607204 1.2439663 0.3610295 1.0766192 0.6355582 0.7817780 1.2647411 1.2180615 0.5618366 1.2437852 1.2187530 1.0252341 1.1776195 1.3565655 1.2169679 1.4115098 1.3066689 1.3476264 1.4079825 1.0158423 1.2438452 1.0070408 0.7890979 1.3814067 1.6893722 0.0334793 0.0000000 1.4108654 1.3755338 1.3226210 1.3143635 1.4748645 1.5564237 1.5468757 1.3624227 1.2530811 1.6552650 1.5395083 1.7546354 1.7191266 0.9585049 3.0741796 1.7561887 2.1009386 2.4757120 2.3580667 1.7898463 2.4914689 1.5528211 3.3210219 
Chem_TCONS_00066893                                      1.7863285 1.8232656 1.7532754 1.7000544 1.9759080 1.5516537 1.3372890 1.7331051 3.1321047 1.4539541 1.6286454 1.5767528 1.5801829 1.3054368 0.4895952 1.3052805 1.2954171 1.1262955 1.2762201 1.7207511 1.2524681 1.0233513 1.1058344 1.1738337 1.0917450 1.4489047 1.4196177 1.6299266 1.6891528 1.4662040 1.3985456 1.3440098 1.4108654 0.0000000 1.4396451 1.4969052 1.4995839 1.7515913 1.4947393 1.3018078 1.4214870 1.3609710 0.9733941 1.8518397 2.4044035 2.0235847 1.3913888 2.5228881 2.0481956 2.0853882 2.2284624 2.1308720 2.0485539 2.9594911 2.1549502 1.6370125 
Bralan_BLAG13000536_1                                    1.7244500 1.7061723 1.6739692 1.6161537 1.6824212 1.4379683 0.9279928 1.5434600 2.5752044 1.1131737 1.3494753 1.4270591 1.2727006 1.0546957 0.5726747 1.1776305 1.1169847 0.9726791 1.0395807 1.3832464 1.1462458 1.2249519 1.1600679 1.1450350 1.2658282 1.2478414 1.2455615 1.2834090 1.1219559 1.0837115 1.4919011 1.2927426 1.3755338 1.4396451 0.0000000 1.1574464 1.1650899 1.3282567 1.0670760 1.5404668 1.0454018 1.5859114 1.7263493 1.4849164 2.5097388 1.9322627 1.3856928 3.3010761 2.3021657 2.3480026 2.7963769 2.2879859 2.0631025 3.1872237 1.9995922 1.5359943 
Spur_XM_030995784.1                                      1.6284901 1.6030067 1.5682481 1.5114218 1.8866910 1.6539908 1.0987445 1.7582379 4.1179919 0.9700104 1.5699255 1.5045794 1.4960379 1.3380660 0.6144626 1.3898110 1.3314935 1.2071154 1.3109447 1.8495020 1.3739785 1.4717573 1.4807153 1.4468852 1.4347678 1.5181058 1.4127581 1.4263405 1.3566463 1.2265566 1.4519588 1.2519971 1.3226210 1.4969052 1.1574464 0.0000000 0.0246471 1.5882206 1.1837296 1.5828362 1.2244476 1.4440175 1.8515069 1.3620964 2.4099729 2.2184651 1.5517208 3.1358863 2.2817139 2.2435188 2.4707705 2.6777276 1.9865695 2.8781641 2.2841524 1.4143573 
Spur_XM_030996369.1                                      1.6213736 1.6048598 1.5716634 1.5090935 1.8793472 1.6609230 1.0954401 1.7642591 3.9238797 0.9906674 1.5722483 1.4996677 1.4968361 1.3562997 0.6009751 1.4004684 1.3529046 1.2312985 1.3162314 1.8545807 1.3838146 1.4610069 1.4802240 1.4372607 1.4357365 1.5050454 1.3960364 1.4467152 1.3663726 1.2550633 1.4032603 1.2438205 1.3143635 1.4995839 1.1650899 0.0246471 0.0000000 1.5846916 1.1748903 1.5773066 1.2292429 1.4127048 1.8494168 1.3693127 2.4083550 2.2150795 1.5509451 3.1389960 2.2841383 2.2463911 2.4724290 2.6742221 1.9941128 2.8566353 2.3035576 1.4423315 
Xesp_002869-T1                                           1.7581712 1.7348989 1.6880352 1.6555333 1.8742010 1.6241733 1.0989281 1.7672547 4.7498076 1.4310126 1.8255585 2.0214538 1.4900404 1.2324044 0.5004820 1.3829900 1.3568177 1.2340219 1.3228550 1.5416535 1.3437366 1.3834230 1.3433612 1.4043083 1.4145589 1.4796159 0.7700495 1.5994620 1.4340654 1.5413423 1.2262842 1.4022809 1.4748645 1.7515913 1.3282567 1.5882206 1.5846916 0.0000000 1.6154859 1.8335678 1.7808620 2.2069294 1.7202358 1.7702815 2.4284773 2.0724990 1.6991160 3.5287697 2.4646713 2.2377529 2.4192826 2.1979207 2.0391675 3.4196140 2.5827293 5.3806185 
Skow_XM_002739809.2                                      1.5425415 1.6239700 1.5949942 1.5136099 1.7194213 1.6718720 1.1487347 1.8505375 3.5825427 1.2294649 1.7584159 2.0462687 1.3373574 1.1862938 0.6841908 1.3639988 1.2838083 1.1099740 1.1332277 1.5701223 1.2300133 1.1982000 1.2069421 1.2738762 1.2436111 1.2828578 1.3023094 1.6057364 1.7174726 1.3712766 1.4681323 1.5089817 1.5564237 1.4947393 1.0670760 1.1837296 1.1748903 1.6154859 0.0000000 1.3577870 1.2122320 1.4286549 1.7379353 1.5403636 2.2491817 2.2529754 1.4940150 2.8488096 2.1001674 2.2951184 2.5046702 2.2012164 2.0571224 2.8153418 2.2607326 1.3448938 
Morvir_scaffold12.g108.t1                                1.7416593 1.8439510 1.8048351 1.7585279 1.9642580 1.6974261 1.2171944 1.7835612 3.7918898 1.0699526 1.5730616 1.8769272 1.6263789 1.2580419 0.6539897 1.3855590 1.3182197 1.1992539 1.2780170 1.6697339 1.3565320 0.9509881 1.0297237 1.0598841 1.0871377 1.3382796 1.4515110 1.5918295 1.4797470 1.6857486 1.5569419 1.4588114 1.5468757 1.3018078 1.5404668 1.5828362 1.5773066 1.8335678 1.3577870 0.0000000 1.6267595 1.2631943 1.4006231 1.7104095 2.1611956 2.0814465 1.4483707 2.7867771 2.0071615 2.1330661 2.1648484 1.9124696 1.9775815 2.7705236 2.3003592 1.9848425 
Ctel_gnl_WGS_AMQN_CAPTEDRAFT_mRNA181443                  1.7226431 1.6943114 1.7029281 1.6467581 1.5780602 1.7658419 1.1712081 1.7979252 3.6786278 0.8847504 1.8285467 2.2214064 1.2403777 1.3186569 0.7216106 1.3770468 1.3527460 1.2230328 1.2824122 1.7947647 1.2059135 1.3974358 1.4564126 1.4386525 1.5215692 1.5289417 1.4078467 1.4909780 1.3953191 1.1926827 1.4760989 1.3481543 1.3624227 1.4214870 1.0454018 1.2244476 1.2292429 1.7808620 1.2122320 1.6267595 0.0000000 1.2877134 1.7856971 1.5412987 2.7123368 2.1348154 1.4814922 3.0507558 2.3247308 2.4322349 2.3682090 2.4216049 2.1014218 2.8871361 2.3061827 1.6391872 
Nvec_v1g155052                                           1.5317540 1.8083086 2.0855464 2.2462941 1.6672881 1.2721869 1.1994142 1.3498321 0.0000010 1.0828043 2.2300486 0.0000010 1.3776168 0.7432834 0.0000010 0.7163740 0.7155521 0.6776781 0.7437083 1.0563441 0.8610293 1.0454615 1.1642425 1.0449903 1.1922801 0.8624530 1.0449374 1.4528506 3.5688146 1.1719218 0.0000010 1.2530811 1.2530811 1.3609710 1.5859114 1.4440175 1.4127048 2.2069294 1.4286549 1.2631943 1.2877134 0.0000000 1.7303475 1.3912440 6.1154615 2.6389493 0.0000010 1.9365383 1.8939116 1.8288144 1.6733341 1.6733341 1.8090385 2.1983152 1.3928339 0.3080449 
Hvul_g8482_1                                             1.9139234 2.1661307 1.9739028 1.9962189 2.1580559 1.7579880 1.3235398 1.8994780 3.9362832 1.1167785 1.8468742 1.5868040 1.8606449 1.4927838 0.5939803 1.5733191 1.5836319 1.4294150 1.4278598 1.8152471 1.5030479 1.2225168 1.2457885 1.2516561 1.2902091 1.5847605 1.6242748 1.8407840 1.8299395 1.9478717 1.2540602 1.5664091 1.6552650 0.9733941 1.7263493 1.8515069 1.8494168 1.7202358 1.7379353 1.4006231 1.7856971 1.7303475 0.0000000 1.9416412 2.5288462 2.1714009 1.6899604 2.7002937 2.1964825 2.0605362 2.1476407 2.2093965 2.1327280 2.7694654 2.5829156 1.7857433 
Cscu_XM_023359195.1                                      1.9925635 2.0372919 1.8630180 1.7897521 2.2643344 1.9874386 1.4541975 1.7770501 4.3470234 1.3777701 1.7582262 2.1584311 1.8398595 1.3715295 0.7922049 1.5038920 1.4421970 1.2396216 1.3710289 1.7076676 1.5677127 1.6357939 1.5692410 1.5476833 1.6677090 1.6211402 1.6533974 1.6840057 1.4327224 1.4646538 1.5112754 1.4989286 1.5395083 1.8518397 1.4849164 1.3620964 1.3693127 1.7702815 1.5403636 1.7104095 1.5412987 1.3912440 1.9416412 0.0000000 2.5617853 2.1359346 1.5798294 3.5094669 2.4673331 2.3043114 2.5696950 3.0966047 2.3218524 3.0661908 2.1921852 2.1121937 
Pbac_sb2638096                                           2.4933537 2.3841249 2.0702223 1.9453708 3.4263917 2.6812114 1.9671730 2.6563713 4.4241993 3.6884826 1.8284157 2.1673329 2.5028149 2.2806925 1.1151985 2.4172293 2.4349308 2.2260902 2.2468556 2.0224848 2.4937790 2.2847992 2.1452936 2.2821245 2.3324694 2.0405814 2.3110057 2.0548576 1.5099868 2.4258256 2.4732414 1.5864336 1.7546354 2.4044035 2.5097388 2.4099729 2.4083550 2.4284773 2.2491817 2.1611956 2.7123368 6.1154615 2.5288462 2.5617853 0.0000000 0.5586201 0.5688562 4.3344618 0.4106056 1.1329804 1.2839253 1.3523989 0.9809606 1.9789198 3.1921025 8.4241598 
Mlei_ML0035.g3.i1                                        1.8649657 1.9098910 1.9025914 1.9025914 2.2951985 2.1625725 1.8239924 2.3768837 4.3447944 2.4764007 2.0470943 2.3093538 2.1699024 1.8668888 1.1707818 1.9051814 1.9538508 1.6205610 1.8724193 1.8042444 2.1718525 2.0023709 1.9647915 1.9986574 2.0827993 2.0114470 1.9231319 1.6959060 1.6449060 2.0324050 2.0270373 1.7191266 1.7191266 2.0235847 1.9322627 2.2184651 2.2150795 2.0724990 2.2529754 2.0814465 2.1348154 2.6389493 2.1714009 2.1359346 0.5586201 0.0000000 0.3981315 0.8856487 0.5113905 0.2152328 0.5170463 0.4307145 0.5159295 0.5798678 2.6256705 0.0000010 
Lampan_Lpan_C399619_01                                   1.4107069 1.3955696 1.4363174 1.4363174 1.0993740 1.6840064 0.9221787 1.8536057 4.8999402 0.0000010 1.9302758 2.2042553 1.5139560 1.4469543 0.9657295 1.4731693 1.4722700 1.3969867 1.3777262 1.4555389 1.6702295 1.5034280 1.2882062 1.3116920 1.4148830 1.4867423 1.5361089 1.3472030 1.3472030 1.3600100 1.8635552 0.9585049 0.9585049 1.3913888 1.3856928 1.5517208 1.5509451 1.6991160 1.4940150 1.4483707 1.4814922 0.0000010 1.6899604 1.5798294 0.5688562 0.3981315 0.0000000 0.2754420 0.5719411 0.2914778 0.3506673 0.6174119 0.3282963 0.4335667 2.2463765 0.0000010 
Pbac_sb2638098                                           2.5405213 2.9323334 2.8750490 2.9594702 2.5989873 2.8255401 2.3389883 2.5428502 0.0000010 2.0339357 2.3828623 0.0000010 3.6225091 3.1119990 0.7977485 2.8003426 2.7717275 2.6817406 2.8896095 3.9980819 2.7920780 2.6816996 2.8293421 2.7109545 3.1441500 3.0782913 2.5390546 2.3075796 3.3531076 2.7806866 2.1887950 2.7588722 3.0741796 2.5228881 3.3010761 3.1358863 3.1389960 3.5287697 2.8488096 2.7867771 3.0507558 1.9365383 2.7002937 3.5094669 4.3344618 0.8856487 0.2754420 0.0000000 0.0902588 0.5836283 0.6642540 0.5930698 1.1920084 0.7054494 2.6489598 3.0175623 
Horcal_Hcv1.av93.c6.g713.i1                              2.0174794 2.1416078 1.9384097 1.9293394 2.2557962 2.3363844 1.8174500 2.2760494 4.4121298 1.9439343 1.9174110 2.2058017 2.4428495 2.0770320 1.1151985 2.0314248 2.0499360 1.8596988 1.9988982 2.0289741 2.1917400 1.9967752 1.9947899 2.0464450 2.1652643 1.8846965 1.9919005 1.7201199 1.6527347 2.1188819 2.1438313 1.6357011 1.7561887 2.0481956 2.3021657 2.2817139 2.2841383 2.4646713 2.1001674 2.0071615 2.3247308 1.8939116 2.1964825 2.4673331 0.4106056 0.5113905 0.5719411 0.0902588 0.0000000 0.4495186 0.5042118 0.5343463 0.6140480 0.6537370 2.5509093 3.0368531 
Bolinf_Binf_sb1240604                                    2.0104574 2.1337921 1.8196142 1.7891378 2.2805710 2.2128141 1.9661156 2.0848733 0.0000010 1.7873697 1.2074192 1.0432896 2.5054599 2.1917258 1.1715965 2.1610424 2.1197887 1.8953641 2.1168457 2.2908860 2.2270755 2.1087352 2.2050268 2.1777886 2.3008902 2.0714856 1.9923834 1.7685974 1.7222346 2.1788144 2.0315419 1.9039247 2.1009386 2.0853882 2.3480026 2.2435188 2.2463911 2.2377529 2.2951184 2.1330661 2.4322349 1.8288144 2.0605362 2.3043114 1.1329804 0.2152328 0.2914778 0.5836283 0.4495186 0.0000000 0.4710575 0.5217107 0.6003777 0.6027294 2.0389054 3.0447177 
Beraby_Baby_sb334125                                     2.2386306 2.3285176 2.1432421 2.1601311 2.5926654 2.5368479 2.1895123 2.4078290 0.0000010 2.2929404 1.1275600 0.9965760 2.5550245 2.3698119 1.0136957 2.3747332 2.2981064 2.1045693 2.2594649 2.5048175 2.5444439 2.2366320 2.3007263 2.3029117 2.3311103 2.2554799 2.1002588 2.1340464 2.0393060 2.3618570 1.7351793 2.2773401 2.4757120 2.2284624 2.7963769 2.4707705 2.4724290 2.4192826 2.5046702 2.1648484 2.3682090 1.6733341 2.1476407 2.5696950 1.2839253 0.5170463 0.3506673 0.6642540 0.5042118 0.4710575 0.0000000 0.0000010 0.8581972 0.7617295 2.1348954 3.7811018 
Beraby_Baby_sb334124                                     2.1737347 2.1689103 2.2487402 2.2719302 2.8923167 2.7383527 1.9134570 2.4853336 4.0818638 2.2504793 2.6385441 2.2086344 2.1812300 2.1633937 0.9940400 2.1434524 2.1556807 2.2025424 2.0878510 2.3406202 2.1888955 2.0839065 2.0270472 2.0740392 2.1969511 2.0250220 2.1430499 2.0204692 1.8674027 2.3954988 4.4445771 2.1051780 2.3580667 2.1308720 2.2879859 2.6777276 2.6742221 2.1979207 2.2012164 1.9124696 2.4216049 1.6733341 2.2093965 3.0966047 1.3523989 0.4307145 0.6174119 0.5930698 0.5343463 0.5217107 0.0000010 0.0000000 0.8467771 0.7743515 3.0001057 3.7811018 
Coemet_Cmet_C602545_01                                   1.8800182 1.9723946 1.7094086 1.6858233 2.5575162 2.0820067 1.7895809 1.9784236 0.0000010 2.4112194 1.0469266 1.0120948 1.9061686 2.0489341 0.9235449 2.1309577 2.0615926 1.7248000 1.9975913 1.8933316 2.0289001 2.0301508 1.9907167 2.0179149 2.0955913 1.7010482 1.8341259 1.7554052 1.5259213 1.9027274 2.0581314 1.6811017 1.7898463 2.0485539 2.0631025 1.9865695 1.9941128 2.0391675 2.0571224 1.9775815 2.1014218 1.8090385 2.1327280 2.3218524 0.9809606 0.5159295 0.3282963 1.1920084 0.6140480 0.6003777 0.8581972 0.8467771 0.0000000 0.9357655 1.9919615 3.0923293 
Drygla_Dgla_sb277809                                     2.4478446 2.6500227 2.4515321 2.5067245 2.7392471 2.9119097 2.6073234 2.9170470 0.0000010 1.9575127 1.6405703 0.0000010 3.2241145 3.1488898 2.0492982 2.9883620 2.9143511 2.5293516 2.8034281 3.0289611 2.9919993 2.7966459 2.9355852 2.7802447 3.1054177 2.8723709 2.6198464 2.2842510 2.2386879 2.8585295 3.2657280 2.2621208 2.4914689 2.9594911 3.1872237 2.8781641 2.8566353 3.4196140 2.8153418 2.7705236 2.8871361 2.1983152 2.7694654 3.0661908 1.9789198 0.5798678 0.4335667 0.7054494 0.6537370 0.6027294 0.7617295 0.7743515 0.9357655 0.0000000 2.6514078 3.3767104 
Aque_Aqu2.1.27138_001                                    2.4651586 2.4161087 2.6301122 2.5514332 1.7143052 1.6639135 0.8110463 1.3093031 8.0212828 0.6972533 1.7651349 3.4551843 2.4984444 2.3660016 1.2703363 2.0608079 2.0941689 2.1827081 2.2194553 2.6909202 1.9746506 2.1858720 2.0941675 2.0303051 2.1770434 2.3020482 2.1708097 2.3088030 2.4357377 2.2246052 1.4079045 1.4432646 1.5528211 2.1549502 1.9995922 2.2841524 2.3035576 2.5827293 2.2607326 2.3003592 2.3061827 1.3928339 2.5829156 2.1921852 3.1921025 2.6256705 2.2463765 2.6489598 2.5509093 2.0389054 2.1348954 3.0001057 1.9919615 2.6514078 0.0000000 1.5823513 
Nvec_v1g88098                                            2.8216030 2.7666079 4.3701150 4.8388962 2.6770293 2.0143616 0.9440040 1.6761033 0.0000010 0.2147536 4.1281622 0.0000010 1.9548522 0.7263135 0.0000010 0.7237198 0.7553629 0.6667482 0.7655664 4.2006536 0.8950142 1.2203328 1.3102034 1.2243170 1.4420079 1.0680878 1.3064010 2.2675504 9.0000000 2.0539231 5.7858446 2.1489544 3.3210219 1.6370125 1.5359943 1.4143573 1.4423315 5.3806185 1.3448938 1.9848425 1.6391872 0.3080449 1.7857433 2.1121937 8.4241598 0.0000010 0.0000010 3.0175623 3.0368531 3.0447177 3.7811018 3.7811018 3.0923293 3.3767104 1.5823513 0.0000000 
