95
Lcom_lcpid61174                                              0.0000000 0.3946790 0.3362995 0.3396665 0.4145199 1.0435987 5.1335137 3.1612743 2.7896065 3.0887205 4.1493039 2.9724747 2.8896988 1.8187388 2.2058613 2.2695833 2.3332921 2.4916180 1.8012762 2.2115766 2.0755864 2.3423336 2.3294147 2.4134993 2.4340748 2.3793244 2.2418008 2.5844217 2.2519657 2.0663356 2.2716864 2.2146496 2.3024030 2.3830218 2.3728225 2.1692542 2.5230909 2.2038711 2.4820256 2.4800508 2.5423486 2.5318821 2.3806088 2.2377892 2.2276744 2.0285165 2.3705826 1.9759452 2.8339707 2.4021666 2.1716511 2.2686057 2.0961322 2.2784706 2.3480983 2.6265614 2.4519194 2.1762777 2.4021730 2.6514492 2.7190508 2.6856400 2.6973275 2.5229981 2.3879210 2.5989769 2.6883684 2.8315387 2.5246672 2.6385416 2.8333088 3.8397742 2.9553033 4.0217266 2.4125900 2.4958217 2.5890019 2.5191415 2.7249644 2.6814049 2.6050153 2.7224344 2.5987104 1.9756599 2.6070886 2.5562999 2.6807647 2.7732266 3.0414541 2.6446688 2.9656505 3.1158685 3.0183780 6.1362633 4.2030117 
Gracom_Gcom_C553872_01                                       0.3946790 0.0000000 0.3000300 0.2937900 0.5907853 1.1041997 5.3715227 3.0354839 2.7629001 2.9789952 4.2638252 2.8761352 2.8131475 2.1542329 2.3829083 2.5170017 2.5006103 2.6388406 1.8728461 2.4640880 2.1010710 2.5917317 2.5761020 2.5849613 2.6179541 2.5387105 2.3833118 2.9903121 2.3386675 2.3461614 2.5234149 2.4634253 2.6081366 2.6856799 2.5727234 2.3859102 2.6775913 2.3346467 2.6591448 2.6572377 2.7967373 2.7971303 2.4704016 2.5431896 2.3589207 2.3446212 2.4484804 2.1738435 2.8608772 2.3968275 2.3294643 2.6254516 2.3331296 2.4627066 2.6664945 2.8564439 2.6976347 2.1978834 2.3127390 2.7541681 2.8145406 2.9072763 2.8802815 2.5857337 2.5890675 2.6508896 2.6748537 2.6348462 2.5970608 2.7936961 3.0369346 4.2007347 3.2651009 4.4272239 2.5850700 2.6968018 2.7607411 2.7570109 2.9261374 2.5478399 2.7713901 2.8607032 2.8681622 2.0640089 2.6559823 2.6723567 2.7331485 2.7308085 2.8901662 2.3856514 2.7600430 3.6935835 3.9816224 6.6657160 4.3851136 
Leuniv_Lniv_scaffold23862_01                                 0.3362995 0.3000300 0.0000000 0.2525742 0.5625933 1.0607111 5.7378772 3.5156644 2.9002778 3.2812869 4.0245520 3.0418349 2.9101055 2.0377908 2.1476956 2.2975290 2.3446232 2.4278728 1.7542795 2.2914613 2.0789065 2.4518419 2.4839550 2.3931887 2.4032083 2.3383946 2.3508341 3.0592689 2.3505222 2.1845830 2.2526372 2.2207485 2.5020705 2.5009739 2.4061696 2.2446908 2.6882829 2.2900477 2.5849279 2.5829597 2.7139777 2.6886875 2.4883148 2.3607108 2.2472858 2.1850330 2.2708171 1.9496493 2.7828973 2.3262064 2.2074911 2.4253936 2.2027957 2.2932024 2.5403747 2.8217217 2.6014077 2.1463456 2.3661028 2.6333207 2.6731673 2.7666656 2.7592806 2.6165592 2.5227196 2.6587810 2.6301273 2.8380442 2.5211693 2.6642656 2.8666778 3.7132458 3.0061571 3.8362025 2.5482871 2.6569617 2.6809355 2.6435046 2.7494468 2.1697219 2.7722903 2.7491111 2.7624047 2.1895242 2.6590433 2.7446206 2.7639362 2.7757346 2.8092178 2.2994135 2.9408965 3.4556412 3.2467579 6.7758519 4.3302844 
Scil_scict020468.1                                           0.3396665 0.2937900 0.2525742 0.0000000 0.5091522 1.1397867 5.7116517 3.4990087 2.9444663 3.0859743 4.4218386 3.1122541 2.8844092 2.4592446 2.2309610 2.3399811 2.2653082 2.4655266 1.8117415 2.4247871 2.2321712 2.3686046 2.3654869 2.4119547 2.4223550 2.3799626 2.3945355 2.8083215 2.3247316 2.1037753 2.4277639 2.3311901 2.4789867 2.5784855 2.3110899 2.3201550 2.5954617 2.3009440 2.5763982 2.5799144 2.6202934 2.6125075 2.4257738 2.4473174 2.3185017 2.1928892 2.3795289 2.1694825 2.7077723 2.2980879 2.2763293 2.4221363 2.2003945 2.2927615 2.5137428 2.7105171 2.6623831 2.3401665 2.4432149 2.6788970 2.7373400 2.7878993 2.8097343 2.6977142 2.7077761 2.8167393 2.6839354 2.8022200 2.5261924 2.7005338 3.0348984 3.8528380 3.1470744 3.9417751 2.6737771 2.7947849 2.8528443 2.7943141 2.8392497 2.4249341 2.7161482 2.7484620 2.8137919 2.2746417 2.7774628 2.7779447 2.5334669 2.8110009 2.8596536 2.3815330 2.9542440 3.5371265 3.6264645 6.9130992 4.4039149 
Clacor_Ccor_scaffold12007_01                                 0.4145199 0.5907853 0.5625933 0.5091522 0.0000000 0.0000010 8.9999983 2.9968728 2.6203101 2.7255829 6.9683422 2.4793706 2.8595544 4.3943771 2.1514548 2.3095775 2.2911985 2.3434513 1.9584308 2.5387018 2.3222818 2.3894499 2.4840113 2.3438262 2.5623665 2.3125716 2.4505754 3.0025261 2.0726802 2.0607393 2.2341154 2.2099524 2.3314510 2.4216705 2.1929039 1.8382892 2.4524537 2.4646880 2.4814926 2.4814926 2.5622872 2.5622872 2.4546477 2.2033745 2.0057013 2.4211574 2.2200145 1.8366068 2.5916880 2.1374793 2.0336473 2.2464864 2.2528113 2.1734532 3.1915571 2.3519832 2.2660104 2.5400097 2.9429018 2.9429018 2.9429018 2.9440384 3.0217856 3.0217856 2.6487924 2.8211698 2.7680385 2.7680385 2.8376387 2.6784425 2.9015439 9.0000000 2.8334661 4.5022114 2.7873194 2.6654546 2.7940412 2.7940412 2.8861303 0.0000010 2.8965090 2.8965090 3.0135594 2.0805853 2.6878064 2.9001435 2.4592805 2.3433868 2.6323075 1.5598169 2.8586617 3.9860282 5.0736705 4.3269215 4.2305732 
Clacor_Ccor_C514267_01                                       1.0435987 1.1041997 1.0607111 1.1397867 0.0000010 0.0000000 4.1608641 4.2082918 3.8782164 4.3825344 5.5377693 4.8276693 4.2180828 0.0000010 3.1139745 3.6346144 3.4975494 3.3020394 2.7470210 3.3198459 0.0000010 4.1421209 4.0780390 3.5266795 3.6461524 3.6851054 3.4782391 3.7699970 3.5260195 2.8865128 3.8022534 3.7445688 3.1337562 3.8368770 3.5308400 3.4950541 4.7350652 4.6769856 4.5608024 4.5608024 4.7671195 4.7671195 5.3627998 4.2768096 3.5977554 3.2765598 2.9921454 5.2899219 3.9423503 3.9423503 3.4136129 3.6765038 2.7594624 3.1258401 3.7585077 4.0276103 3.8166616 9.0000000 9.0000000 3.3137677 3.4334649 3.4170308 3.3137677 9.0000000 9.0000000 3.0270556 3.1025987 9.0000000 2.9429412 3.4014807 4.0740012 4.0740012 5.0992343 5.0992343 0.0000010 9.0000000 3.0652415 3.0559533 3.3198591 3.0510813 2.9634913 3.4676685 3.0817517 3.5059708 2.9703069 2.8794623 0.0000010 4.0826709 0.0000010 0.0000010 2.4393959 4.2350636 3.5480117 8.9999983 0.0000010 
Emue_Em0018g838a.t1                                          5.1335137 5.3715227 5.7378772 5.7116517 8.9999983 4.1608641 0.0000000 0.2623312 1.6690966 0.4214276 1.4540524 1.6744584 1.7833940 1.0227603 3.4538439 3.0716952 3.0635750 3.6029137 2.6420587 2.4051096 3.9509650 2.7439693 2.4523671 2.6757473 2.5874864 2.3944319 2.7723722 2.8236285 2.0334675 2.8658558 3.4643633 2.8539929 2.4903949 2.4320228 2.2998288 3.0008242 3.0164599 2.7833444 2.9450371 2.9450371 2.9279057 2.9279057 3.7545091 3.6712203 2.6388481 4.8083905 3.1549633 9.0000000 3.3188730 3.3188730 2.9853927 2.8259449 3.0152457 2.2496132 2.8801720 3.1200350 3.0974968 0.0000010 3.7391466 4.0924333 3.8923319 4.4299296 4.0924333 3.7391466 0.0000010 4.0439167 4.2745930 8.9999982 4.2745930 4.1930279 3.6277285 3.1009461 3.6277285 3.6277285 0.6109891 4.8004496 3.6370147 3.5642380 4.0972991 0.0000010 3.8143607 4.0747334 4.4707006 0.0000010 4.4826656 4.4349314 0.0000010 2.7628779 0.0000010 0.0000010 6.9071812 2.5792087 3.0471413 8.9999985 0.0000010 
Emue_Em0018g812a.t1                                          3.1612743 3.0354839 3.5156644 3.4990087 2.9968728 4.2082918 0.2623312 0.0000000 1.4112296 0.2852848 2.2039021 1.7945299 1.7804717 1.4894476 2.7830109 2.8537856 2.9885927 2.8857136 1.8798149 2.2735078 1.3884254 2.2843786 2.1297169 2.2099360 2.1884949 2.2662710 2.3517299 2.2514936 2.3205287 2.7205859 2.7840457 2.5228070 2.2320611 2.5522368 2.4131641 2.5845911 2.2253718 1.9110251 2.2357294 2.2357294 2.3427767 2.3427767 2.2879390 2.7312151 2.4875547 2.8558408 2.3677777 3.8495718 2.5875178 2.5102498 2.3921046 2.3378970 2.5204266 2.4262954 2.3787422 3.1783692 2.8892815 5.2933665 2.1688988 3.4625826 3.5633486 3.5183083 3.4625826 2.1688988 5.2933665 3.0263826 3.6217200 3.3163752 3.4525707 3.3021958 3.5111724 3.9592610 3.4380558 3.5553329 2.8952157 3.3745099 3.3284137 3.0767391 3.3363683 4.4218823 2.9196454 3.3483942 3.2572474 2.1251033 3.3719279 3.5626646 0.9965841 4.0307575 5.4459307 5.4459307 5.6138714 2.8481896 2.9304775 8.9999980 4.6829554 
Tetwil_g2800.t2                                              2.7896065 2.7629001 2.9002778 2.9444663 2.6203101 3.8782164 1.6690966 1.4112296 0.0000000 1.1093850 2.1012762 1.4888292 1.3593155 2.4458901 1.9638608 1.9077277 1.8250103 1.8365007 1.6825234 1.7304843 1.4568543 1.6722570 1.6394404 1.7819131 1.7009916 1.7081045 1.7570829 1.7994957 1.8521335 1.7216606 1.8999393 1.7861041 1.7489447 1.8940709 1.8699819 2.0098590 1.7298293 1.4820321 1.7625112 1.7617720 1.6975045 1.7029525 1.8068219 1.8694808 1.8893934 1.8140456 1.9658282 1.8255959 2.0965548 1.8254214 1.6369200 1.7303982 1.8577949 1.6846575 1.8763790 2.0112459 1.9599767 1.9324289 2.0272608 2.3883967 2.4364027 2.4221541 2.4083143 2.1256529 2.0876078 2.4087756 2.6009862 2.4204432 2.5745982 2.7014164 2.6150086 3.3047779 2.4765002 2.9692322 2.3283934 2.4106155 2.5297426 2.4409612 2.6041953 2.2814093 2.7106178 2.6795709 2.5991825 2.1745285 2.5742165 2.6614937 0.9114142 2.8964772 1.8415400 2.1737894 3.2700884 2.4876342 2.5153646 3.5054841 2.9484916 
Spolac_c101374_g1_i1_m.25421c101374-g1                       3.0887205 2.9789952 3.2812869 3.0859743 2.7255829 4.3825344 0.4214276 0.2852848 1.1093850 0.0000000 1.9631280 1.2909869 1.3090477 2.5380096 2.1461414 2.2014259 2.1813963 2.3527354 1.6416009 1.9141575 1.4813243 1.7913653 1.7314358 1.9359101 1.8936543 1.8527049 1.8919740 1.9594211 1.7953241 2.0506510 2.0722739 1.9032879 1.8542002 1.8876438 1.8952705 2.1044452 1.7208946 1.5342081 1.7237315 1.7024504 1.7417724 1.7435921 1.6761502 2.0429390 1.9408296 1.9402176 1.9317817 1.9620391 2.3791725 1.9663566 1.8773391 1.8944280 2.1286252 1.7639435 2.4147334 2.4345752 2.1178930 2.1422658 2.1752010 2.9000120 3.0079084 2.7732598 2.7413768 2.0971420 2.0466602 2.5554947 3.1308011 2.4949652 2.9533649 2.8074284 2.8676916 4.2619629 2.8163712 3.8858052 2.3064419 2.3294544 2.7512161 2.6389607 2.9331676 4.6933143 2.5885725 2.8910225 2.7028742 2.0455771 2.7425796 2.6043005 0.1622251 2.9622958 1.9294245 2.0166352 3.3864264 2.6465226 2.8963414 4.5439515 3.2577529 
Aque_Aqu2.1.26429_001                                        4.1493039 4.2638252 4.0245520 4.4218386 6.9683422 5.5377693 1.4540524 2.2039021 2.1012762 1.9631280 0.0000000 0.6899630 0.7781079 2.3075570 2.8139007 2.5268655 2.4535795 2.7526356 2.0634144 2.7857474 2.1363974 2.8068654 2.6914206 2.6286873 2.5948789 2.8189590 2.6035917 2.4086895 2.5364055 2.8106408 2.9959799 2.8038327 2.4372658 2.8067285 2.6412291 2.7292453 2.8613294 2.3613326 2.8575468 2.8558385 2.8818722 2.9034667 3.1342064 2.7981016 2.9913470 2.7605669 2.8553104 2.3412855 3.1591391 3.2284019 2.6731531 2.2192000 3.1116034 2.4906209 3.1520444 3.0607476 2.9657990 9.0000000 3.2319895 3.3225350 3.4625298 3.0220113 2.9215867 2.3894260 2.2195055 2.8691431 3.8769623 6.0309151 3.1808701 2.9447834 2.8152175 3.4233061 3.1092247 3.3096784 2.1544003 2.2258304 2.9399414 2.8128073 3.0462896 3.6429038 2.7194736 3.0392495 2.9273011 1.7798453 3.1619734 3.0905187 1.7724898 4.3747020 4.9046999 8.4092407 8.9999982 2.9225368 3.3043550 8.9999989 5.7738079 
Halamb_c54617_g1_i2m.38733                                   2.9724747 2.8761352 3.0418349 3.1122541 2.4793706 4.8276693 1.6744584 1.7945299 1.4888292 1.2909869 0.6899630 0.0000000 0.5808641 1.8361358 1.9867721 1.9710330 1.7797615 2.0301697 1.6530425 2.0022421 1.5147094 1.8832966 1.7692841 1.9389006 1.8522297 1.8255871 1.7102784 1.7848911 1.6895572 1.6814967 1.9599135 1.8318801 1.7924417 1.8909330 1.6935191 1.8948689 1.7647112 1.5047494 1.7778560 1.7714273 1.8311855 1.8273816 1.7663618 1.9767918 1.8490434 1.7866453 1.7913059 1.4809145 2.3631308 2.0224174 1.8743054 1.6996859 2.1335535 1.7789557 2.1499611 2.1634486 2.0743591 1.9431321 2.1412726 2.5385026 2.5709830 2.4547412 2.4149229 2.0394493 1.8669259 2.3650647 2.7148447 2.2748052 2.6071567 2.5447198 2.4682544 3.3132164 2.5163018 3.3788246 2.0745336 2.1252417 2.5398976 2.4412744 2.8363118 2.8787189 2.6996458 2.7897818 2.6813784 1.8844933 2.6720361 2.5549724 0.9175340 2.5537659 1.5488899 1.5179467 2.9093479 2.4229727 2.6525382 4.3691377 2.8248947 
Xestes_maker-XT_scaffold1011-augustus-gene-0.16-mRNA-1       2.8896988 2.8131475 2.9101055 2.8844092 2.8595544 4.2180828 1.7833940 1.7804717 1.3593155 1.3090477 0.7781079 0.5808641 0.0000000 2.1386416 1.9660933 2.0077382 1.8777531 2.1060658 1.6398274 1.9575157 1.5838002 1.8329259 1.7762338 1.8604846 1.8258650 1.8717367 1.6981148 1.7171585 1.7690149 1.7359451 2.0370222 1.9151014 1.8457796 1.9287013 1.8254535 1.9789488 1.8856029 1.5864316 1.8706021 1.8638728 1.9907014 1.9980579 1.8527276 2.1141722 1.8534587 1.8646423 1.8548629 1.4265649 2.3356561 1.9972743 1.8030126 1.7931767 2.2068854 1.8129474 2.6315086 2.1510142 1.9793054 1.7338063 1.9549505 2.4724110 2.5034999 2.4307027 2.3807119 1.9193820 1.7442601 2.3216847 2.8252190 2.1276404 2.6347086 2.5591490 2.4397286 3.4676630 2.5279531 3.5242600 2.0160263 2.0592149 2.6416046 2.4973609 2.6643849 3.4321267 2.4637028 2.7047712 2.6296098 1.7352230 2.6057134 2.4762958 0.9704143 2.3244780 1.6145232 1.6309550 2.9280926 2.4703936 2.4023424 4.0663587 2.8618768 
Opea_EP00118_Oscarella_pearsei_P007945                       1.8187388 2.1542329 2.0377908 2.4592446 4.3943771 0.0000010 1.0227603 1.4894476 2.4458901 2.5380096 2.3075570 1.8361358 2.1386416 0.0000000 1.8435421 1.4148796 1.4700389 1.6712620 1.0261073 1.4261220 1.4641695 1.9402740 1.9808342 1.7151267 1.6225266 1.9284864 1.5297015 1.0220465 1.4172472 1.4091057 1.3521422 1.4048216 1.4240478 1.5682704 1.6993624 1.9298818 1.7550381 1.7287190 1.6981208 1.7092950 1.8476983 1.8309034 1.6920862 2.0471859 1.4321833 1.3563591 2.0083989 1.6442917 1.1448139 3.7200487 0.8229384 1.4257780 1.4530387 1.9773055 1.1318206 2.7447978 2.0041893 9.0000000 8.9999989 8.9999989 8.9999989 2.7295080 2.7064320 2.7064320 2.7509974 2.7607024 1.1611513 0.0000010 2.7502882 2.9949450 2.6174953 2.3392149 1.7783197 1.4416233 2.7862111 2.7862111 2.4272074 2.4272074 2.7083714 0.0000010 2.6469166 2.6560987 2.9700006 3.2112485 3.0372067 3.1027876 2.4009481 8.2272022 6.4789548 8.9999984 7.9333792 1.3484641 4.7698517 2.4793314 7.5516024 
Lcom_lcpid78039                                              2.2058613 2.3829083 2.1476956 2.2309610 2.1514548 3.1139745 3.4538439 2.7830109 1.9638608 2.1461414 2.8139007 1.9867721 1.9660933 1.8435421 0.0000000 0.6679197 0.6949666 0.6861151 0.9037530 1.5376975 1.1831172 1.5620841 1.5233335 1.5595167 1.4987477 1.5329819 1.3236111 1.3364932 1.5893493 1.6128176 1.6921118 1.4457720 1.8432878 1.6985879 1.7103537 1.3918957 1.7233492 1.4241560 1.7359337 1.7338173 1.7185377 1.7111450 1.7121349 1.4491025 1.4505146 1.5888924 1.7698420 1.4167991 1.7289541 1.5397360 1.5094093 1.5717407 1.5766445 1.6402187 1.8811092 1.6029449 1.7549912 1.6133243 1.8137405 2.2207873 2.2988995 2.2506799 2.2343197 1.9080480 1.7852135 2.1799880 2.2553669 1.9566677 2.3089927 2.2154567 2.3608987 3.3083710 2.2787757 2.9950425 1.9899581 2.0029446 2.2333324 2.1660027 2.3291260 2.0670756 2.3053686 2.3450249 2.2567740 1.9590987 2.3405799 2.1771519 1.5857262 2.6369983 2.1540993 2.0111868 2.4820887 2.3848863 2.7182204 5.2873210 2.4239812 
Gracom_Gcom_scaffold19197_01                                 2.2695833 2.5170017 2.2975290 2.3399811 2.3095775 3.6346144 3.0716952 2.8537856 1.9077277 2.2014259 2.5268655 1.9710330 2.0077382 1.4148796 0.6679197 0.0000000 0.5901090 0.6978201 0.8597631 1.4291227 1.0701974 1.5157395 1.5219829 1.4428457 1.4337512 1.4182663 1.3270956 1.3099365 1.4364005 1.6007175 1.5135495 1.4443058 1.6761665 1.6419244 1.6372330 1.4891354 1.7397624 1.3813660 1.7409928 1.7418395 1.6449116 1.6578995 1.7300851 1.5060477 1.5321722 1.5076464 1.7172770 1.4108215 1.6231801 1.4107375 1.3737325 1.5403247 1.5071405 1.4898963 1.9281097 1.7140042 1.7767305 1.5658253 1.7475292 2.2072419 2.2426482 2.1370803 2.1102735 1.6991527 1.5539290 2.1877433 2.1776575 1.8037579 2.1054247 2.0751216 2.0761370 3.0421331 2.0535308 2.6904243 1.6930724 1.7239092 2.1195423 2.0983538 2.1707653 2.0448156 2.0637903 2.1256312 2.1807143 1.8999152 2.1832806 2.0706679 1.3461763 2.6715817 2.3033532 2.1167589 2.4335773 2.2622457 2.5021057 4.8251636 2.7653173 
Scil_scict007040.1                                           2.3332921 2.5006103 2.3446232 2.2653082 2.2911985 3.4975494 3.0635750 2.9885927 1.8250103 2.1813963 2.4535795 1.7797615 1.8777531 1.4700389 0.6949666 0.5901090 0.0000000 0.6129908 0.8052567 1.3984522 1.2067456 1.5428778 1.5494794 1.5711659 1.5118936 1.6445064 1.4638027 1.3382966 1.5033575 1.7286352 1.7255359 1.5087035 1.7652474 1.6883017 1.6336387 1.4988897 1.8071669 1.3891203 1.7895261 1.7863223 1.7387939 1.7341844 1.7846490 1.4883997 1.5903864 1.4488120 1.8186182 1.3584881 1.5685995 1.4095662 1.5319388 1.4381063 1.5870374 1.5750182 1.8546144 1.5980683 1.7182770 1.8024046 1.8368032 2.2795431 2.3668596 2.2492788 2.2316439 1.8517746 1.8320529 2.3661949 2.5353525 2.0991387 2.4977769 2.4439413 2.4000005 3.8898604 2.4056616 3.2705998 1.8885244 1.9290323 2.3301875 2.3331578 2.5335786 2.4877815 2.4403572 2.5010513 2.3770116 2.0359271 2.3975108 2.3220416 1.4542774 2.6119881 2.2515019 2.1909553 2.6428563 2.3413429 2.5597471 4.6552320 2.2293795 
Leuniv_Lniv_scaffold21425_01                                 2.4916180 2.6388406 2.4278728 2.4655266 2.3434513 3.3020394 3.6029137 2.8857136 1.8365007 2.3527354 2.7526356 2.0301697 2.1060658 1.6712620 0.6861151 0.6978201 0.6129908 0.0000000 0.8539559 1.4622035 1.2281303 1.5345423 1.5099781 1.5127478 1.5113646 1.4691886 1.3551492 1.2320073 1.5110378 1.7006646 1.6508260 1.5085248 1.7510023 1.5883464 1.5405411 1.5180054 1.7818656 1.5263760 1.8065639 1.7988720 1.7230332 1.7144153 1.7280070 1.5289502 1.5598270 1.5397242 1.8394828 1.3658912 1.6077966 1.4645814 1.5472966 1.6089720 1.6185566 1.7344087 1.7285676 1.5711511 1.6752878 1.7467042 1.8211505 2.1705199 2.2382883 2.2081982 2.1420447 1.8423782 1.7945603 2.1377926 2.2558221 2.0362688 2.2977009 2.1349317 2.2127846 2.8447679 2.0866965 2.3409317 2.0103104 2.0562644 2.2462176 2.1661828 2.2403409 1.8712216 2.3291010 2.2469186 2.2798857 2.0900733 2.2776454 2.1454991 1.5066016 2.8826908 2.4970838 2.6970973 2.7554389 2.2931624 2.4414024 4.8453394 2.3273885 
Clacor_Ccor_scaffold12838_01                                 1.8012762 1.8728461 1.7542795 1.8117415 1.9584308 2.7470210 2.6420587 1.8798149 1.6825234 1.6416009 2.0634144 1.6530425 1.6398274 1.0261073 0.9037530 0.8597631 0.8052567 0.8539559 0.0000000 1.1488397 1.0181087 1.1104020 1.0841998 0.9601361 0.9536483 1.0364954 1.0009583 0.8228568 1.0274282 1.1689099 0.9837728 1.0208804 1.1066628 1.1569866 1.1036571 0.8998911 1.1124874 1.1358792 1.1188745 1.1181932 1.1373140 1.1393904 1.0439987 1.0214325 1.1203715 0.9679199 1.1380006 1.0187668 1.2335500 1.0763252 1.0411356 1.0271267 1.1450327 1.1716313 1.0198441 1.1753415 1.3498156 1.8006282 1.7343766 2.0696095 2.0696095 2.0875073 2.0681488 1.7959863 1.8694922 2.1381692 1.8772604 1.7457287 2.0510763 2.0697005 1.8616303 2.6787299 1.7619133 1.9530709 1.7469362 1.7985990 1.8951808 1.9067626 1.9969934 0.0000010 1.9575121 1.9695413 2.0846584 2.1658286 1.9384847 2.1904431 1.5592775 2.6175029 1.8780680 1.6430858 2.5739575 1.8597210 2.2099062 3.2661818 2.5453908 
Cgig_XM_011421750.3                                          2.2115766 2.4640880 2.2914613 2.4247871 2.5387018 3.3198459 2.4051096 2.2735078 1.7304843 1.9141575 2.7857474 2.0022421 1.9575157 1.4261220 1.5376975 1.4291227 1.3984522 1.4622035 1.1488397 0.0000000 0.6741138 1.0468994 1.0218621 1.0720228 1.0447026 0.9728988 0.9083288 0.8048099 1.0181567 1.1519652 1.1513668 1.0694743 1.3156720 1.3422116 1.2734285 1.1389555 1.1020099 0.9174684 1.1118524 1.1035845 1.1506475 1.1454351 1.1325708 1.0174617 1.1810785 1.0354667 1.2287295 1.0830978 1.4405644 1.2881513 1.1607445 1.0923155 1.4196192 1.4151505 1.2700299 1.3483662 1.3218636 1.6721407 1.5859604 1.7917930 1.8038384 1.9891145 1.9439693 1.8709979 2.0687359 1.9529557 1.8532866 1.5969080 1.9665683 1.9294443 1.9863269 2.4189380 1.8409036 2.3061016 1.8364088 1.8704307 1.8571792 1.8477645 1.8756072 1.3745108 2.0605876 1.9491644 1.9446573 2.2669861 2.0125632 2.1507323 1.5925904 2.5883644 1.5291667 1.5876082 2.8240329 1.9189632 1.3654835 4.8196151 2.5030704 
Acagra_model.g29914.t1                                       2.0755864 2.1010710 2.0789065 2.2321712 2.3222818 0.0000010 3.9509650 1.3884254 1.4568543 1.4813243 2.1363974 1.5147094 1.5838002 1.4641695 1.1831172 1.0701974 1.2067456 1.2281303 1.0181087 0.6741138 0.0000000 0.7430746 0.7619881 0.7365330 0.7452384 0.6743424 0.6790706 0.5545067 0.7114801 0.9266760 0.7750009 0.7147150 0.8023588 0.7795792 0.7970760 0.7613167 0.8208469 0.8264596 0.7895643 0.7887839 0.8406735 0.8382280 0.7528822 0.7267058 0.8700613 0.7872352 0.9971422 1.0289234 0.7923218 0.7081492 0.8150526 0.8539027 0.9172215 1.0392655 0.5211270 1.0436568 1.1446861 1.3612702 1.4297914 1.4297914 1.4297914 1.6415013 1.6559478 1.6559478 1.6818631 1.7861403 1.3738642 1.4462466 1.7824827 1.7322739 1.6372587 0.0000010 1.2774492 1.4286219 1.7133719 1.6647753 1.6732375 1.6732375 1.5982884 0.0000010 1.7970559 1.7901009 1.8112709 2.1553337 1.7956997 1.7707740 1.4476475 2.1950806 1.6384930 1.5465196 2.6622227 1.6085768 3.5350288 4.1300635 2.5930556 
Spis_XP_022805801_1                                          2.3423336 2.5917317 2.4518419 2.3686046 2.3894499 4.1421209 2.7439693 2.2843786 1.6722570 1.7913653 2.8068654 1.8832966 1.8329259 1.9402740 1.5620841 1.5157395 1.5428778 1.5345423 1.1104020 1.0468994 0.7430746 0.0000000 0.0866081 0.3829629 0.3556543 0.2705861 0.6208908 0.3952465 0.8032348 0.7473534 0.9435214 0.8696536 1.0599009 1.1215817 1.0379333 1.0501261 0.9791155 0.7648521 0.9522168 0.9460619 0.9323985 0.9452453 1.0907975 1.0895989 1.0358355 0.9840816 0.9750789 1.1173910 1.2507425 1.1267309 1.0581668 1.0497970 1.2826170 1.0759057 1.1485022 1.2513472 1.3646370 1.6416190 1.5855821 1.9040666 1.9211629 2.0498583 2.0363520 1.8403225 1.9957091 1.9817972 1.8951657 1.6888130 2.0383996 2.0558128 1.9783906 2.1920698 1.8446954 2.0243806 1.9826172 1.9826450 2.0381872 1.9136933 1.9478057 1.8713083 1.9650020 2.0109136 2.2428570 2.4754210 2.0533080 2.1596541 1.3884429 1.8553362 1.4541746 1.5139298 2.0091940 1.5604956 1.6790327 4.1985542 1.5487263 
Pocdam_XM_027180330.1                                        2.3294147 2.5761020 2.4839550 2.3654869 2.4840113 4.0780390 2.4523671 2.1297169 1.6394404 1.7314358 2.6914206 1.7692841 1.7762338 1.9808342 1.5233335 1.5219829 1.5494794 1.5099781 1.0841998 1.0218621 0.7619881 0.0866081 0.0000000 0.3814493 0.3585498 0.2654961 0.5932617 0.3758663 0.7844896 0.6941499 0.9371544 0.8687519 1.0350545 1.0804860 0.9924836 1.0068261 0.9014466 0.7330996 0.8887779 0.8913176 0.8824862 0.8941405 1.0329351 1.0489484 1.0265123 0.9391042 0.9489983 1.1193002 1.1666445 1.0693526 1.0386802 1.0135093 1.2833467 1.0765763 1.1173748 1.1745378 1.2917086 1.6456215 1.6066325 1.8288006 1.8491391 1.9758119 1.9530039 1.8402782 1.9700870 1.8938233 1.8482099 1.7186519 1.9865238 1.9793912 1.9148216 2.0455869 1.7884146 1.9028233 1.9747811 1.9673012 1.9534848 1.8287323 1.8712139 1.7304024 1.9030558 1.9238622 2.1368028 2.4039554 1.9697357 2.1093600 1.4084983 1.6740346 1.4218582 1.5104776 1.9159572 1.5000178 1.5743031 4.1801692 1.5751592 
Amil_Amillepora09334-RA                                      2.4134993 2.5849613 2.3931887 2.4119547 2.3438262 3.5266795 2.6757473 2.2099360 1.7819131 1.9359101 2.6286873 1.9389006 1.8604846 1.7151267 1.5595167 1.4428457 1.5711659 1.5127478 0.9601361 1.0720228 0.7365330 0.3829629 0.3814493 0.0000000 0.0146934 0.2560660 0.5870759 0.3842666 0.9334787 0.8422174 0.9828252 0.9419314 1.1336581 1.1219696 0.9932031 1.0455606 1.0259347 0.8260352 1.0053222 0.9992879 0.9532516 0.9611306 0.9962088 1.0376060 1.1549335 0.9830318 0.9925463 1.0897888 1.3769199 1.1763393 1.1480994 1.1485427 1.1857324 1.1022621 1.2260112 1.2116663 1.3840595 1.4396216 1.4339879 1.8046994 1.8300326 1.9738065 1.9635851 1.7613966 1.9488827 1.9082375 1.6819817 1.3861565 1.8508235 1.9493541 1.8443377 1.9946166 1.6823611 1.9407021 1.8375295 1.8604391 1.9768883 1.8353408 1.8811441 1.8087227 1.8402274 1.9622111 2.0919043 2.3514318 1.9620347 2.0338363 1.5574706 1.6121666 1.5867969 1.6407355 2.0302439 1.5171295 1.6574720 5.4080453 2.7839662 
Adig_XM_015904937.1                                          2.4340748 2.6179541 2.4032083 2.4223550 2.5623665 3.6461524 2.5874864 2.1884949 1.7009916 1.8936543 2.5948789 1.8522297 1.8258650 1.6225266 1.4987477 1.4337512 1.5118936 1.5113646 0.9536483 1.0447026 0.7452384 0.3556543 0.3585498 0.0146934 0.0000000 0.2425930 0.5559958 0.3847515 0.8483087 0.7322456 0.8733244 0.8583463 1.0554863 1.0533692 0.9398132 0.9749139 0.9773314 0.7841904 0.9436606 0.9383942 0.9195598 0.9265171 0.9708064 1.0169566 1.0673277 0.9022291 0.9545663 1.0300338 1.2155307 1.1057461 1.0638408 1.1134789 1.1428844 1.0865867 1.1987144 1.1704443 1.3347439 1.7286229 1.6197278 1.8826506 1.9067181 2.0216776 2.0122685 1.8658269 2.0645306 1.9776866 1.7707148 1.6357801 1.9020367 1.9865942 1.9177428 2.0271418 1.7805437 1.9127303 1.9737332 1.9968500 2.0430806 1.9159659 1.9140778 1.7994649 1.8659794 1.9789625 2.1446219 2.5410413 2.0381505 2.0881224 1.5592935 1.7444544 1.4081466 1.6017584 2.2126742 1.4551344 1.6350694 4.0772153 1.6607949 
Gfas_gfas1.m1.6384.m1                                        2.3793244 2.5387105 2.3383946 2.3799626 2.3125716 3.6851054 2.3944319 2.2662710 1.7081045 1.8527049 2.8189590 1.8255871 1.8717367 1.9284864 1.5329819 1.4182663 1.6445064 1.4691886 1.0364954 0.9728988 0.6743424 0.2705861 0.2654961 0.2560660 0.2425930 0.0000000 0.5242641 0.3771327 0.7851587 0.7208728 0.8178756 0.7739380 0.9944391 1.0525417 0.9553978 0.9413311 0.9739207 0.7113137 0.9386717 0.9331339 0.9341891 0.9416448 1.0083022 1.1050073 0.9859617 0.9203434 0.9038828 0.9876628 1.2299766 1.0673269 1.0116737 1.1166126 1.1669887 1.0942209 1.1569401 1.2285468 1.3451155 1.5626365 1.4760232 1.8098113 1.8337636 1.9599116 1.9470873 1.7249310 1.9347971 1.8375969 1.7323369 1.5757423 1.8309289 1.8707733 1.7648256 1.8832606 1.6739566 1.7548585 1.8460103 1.8410509 1.8996148 1.7507022 1.7186859 1.8933670 1.6858753 1.8116208 2.0252691 2.2780233 1.8517748 1.9894019 1.3904479 1.3054245 1.2151662 1.0022125 1.7367451 1.5264823 1.7060071 3.9775264 1.4108659 
Nvec_v1g179785                                               2.2418008 2.3833118 2.3508341 2.3945355 2.4505754 3.4782391 2.7723722 2.3517299 1.7570829 1.8919740 2.6035917 1.7102784 1.6981148 1.5297015 1.3236111 1.3270956 1.4638027 1.3551492 1.0009583 0.9083288 0.6790706 0.6208908 0.5932617 0.5870759 0.5559958 0.5242641 0.0000000 0.2507743 0.7245736 0.4806648 0.8053237 0.7152888 0.9593871 1.0284845 0.8979283 0.8335978 0.8735100 0.6905649 0.8621247 0.8586168 0.8815399 0.8923942 0.9410206 1.0062625 0.9907554 0.9466554 0.8728665 0.9494160 1.1989185 1.0888630 1.0977573 1.1137936 1.1284864 1.0847880 1.0331596 1.3274706 1.3678717 1.6488241 1.5525993 1.6884073 1.7347275 1.8330433 1.8169478 1.7877151 1.9672318 1.7518874 1.6273799 1.5544071 1.7229976 1.8615811 1.6730212 1.8965729 1.5651309 1.6230187 1.7291040 1.7374716 1.7131962 1.6014334 1.7388995 1.3783237 1.7031204 1.7461815 1.9963454 2.1410625 1.8104438 1.9309421 1.4025041 1.9422679 1.4907160 1.7865554 2.1970690 1.4489903 1.3577574 4.1245648 1.8673008 
Exapal_XM_021041004.2                                        2.5844217 2.9903121 3.0592689 2.8083215 3.0025261 3.7699970 2.8236285 2.2514936 1.7994957 1.9594211 2.4086895 1.7848911 1.7171585 1.0220465 1.3364932 1.3099365 1.3382966 1.2320073 0.8228568 0.8048099 0.5545067 0.3952465 0.3758663 0.3842666 0.3847515 0.3771327 0.2507743 0.0000000 0.5300871 0.1429683 0.6221688 0.6351869 0.6984637 0.7527127 0.7192360 0.6543826 0.7891893 0.5112736 0.8149394 0.8149394 0.7655976 0.7655976 0.8386254 0.6819677 0.7296955 0.7137212 0.7296836 1.0161711 0.7839781 0.8204018 0.7994742 0.9779404 1.0587274 1.1561521 0.7822992 0.8232526 1.0974380 2.2091814 1.8220918 1.7745201 1.7745201 1.7930401 1.7745201 1.8220918 2.2091814 1.7661981 1.6626716 1.8024459 1.6626716 1.7093950 1.5877650 1.8120460 1.6649918 1.6446276 1.6137473 1.5168067 1.5953248 1.5480780 1.7031890 1.7012108 1.6843459 1.6945301 1.9804145 8.9999984 1.8086418 1.7610407 1.6536460 2.3061579 0.9103205 0.0000010 3.4436474 1.3366501 1.0496513 3.4374084 0.4176811 
Morvir_scaffold140.g11.t1                                    2.2519657 2.3386675 2.3505222 2.3247316 2.0726802 3.5260195 2.0334675 2.3205287 1.8521335 1.7953241 2.5364055 1.6895572 1.7690149 1.4172472 1.5893493 1.4364005 1.5033575 1.5110378 1.0274282 1.0181567 0.7114801 0.8032348 0.7844896 0.9334787 0.8483087 0.7851587 0.7245736 0.5300871 0.0000000 0.8066508 0.9453602 0.9004506 0.7362696 0.8284142 0.7069724 1.0340053 0.9076162 0.7901972 0.9104536 0.9105644 0.9218923 0.9333734 0.9654656 1.0594671 0.9507188 0.9866363 0.8246118 0.8658629 1.0744470 1.0439159 0.9709547 1.1476472 1.2310873 1.0942577 1.1511760 1.4043064 1.3673139 1.7717782 1.6547476 1.8983963 1.8983963 2.0449475 2.0046686 1.8511356 2.0278998 2.0671438 1.7764427 1.6362369 1.9245691 1.9660594 1.8216438 2.0924884 1.7118302 1.8142838 1.7909425 1.8962769 1.8351228 1.8812656 1.8413408 1.7943546 1.8406492 1.8437731 1.9575774 2.0505846 2.0175344 1.9999203 1.4915920 2.1490274 1.3303332 1.6607115 2.4375829 1.2471367 1.6798084 3.7535009 1.9676824 
Exapal_XM_028658656.1                                        2.0663356 2.3461614 2.1845830 2.1037753 2.0607393 2.8865128 2.8658558 2.7205859 1.7216606 2.0506510 2.8106408 1.6814967 1.7359451 1.4091057 1.6128176 1.6007175 1.7286352 1.7006646 1.1689099 1.1519652 0.9266760 0.7473534 0.6941499 0.8422174 0.7322456 0.7208728 0.4806648 0.1429683 0.8066508 0.0000000 0.8725793 0.8305085 0.9536166 1.1380891 1.0317118 1.0812245 0.9061583 0.7515231 0.9179545 0.9128279 0.9670385 0.9680785 1.0319926 1.2280199 1.2183578 1.0140251 0.9497293 0.8304566 1.6696295 1.3834223 1.2335394 1.1133936 1.3583378 1.2071132 1.3551827 1.4459243 1.4450094 1.6674613 1.6405534 1.9074297 2.0041818 1.9331796 1.9224120 1.7347547 1.7613403 1.9502699 1.9454869 1.6740133 1.9132240 2.0927626 2.0378317 2.4866266 1.9238867 2.2823745 1.9228476 2.0415226 2.1569800 1.9450090 2.0343937 1.2093068 1.9468476 1.9794655 2.3740290 1.9862039 2.1248175 2.1876636 1.4836664 1.9465590 1.5701776 1.8084006 2.2164201 1.4773648 1.8768787 4.7193585 2.1364054 
Dgig_XM_028536897.1                                          2.2716864 2.5234149 2.2526372 2.4277639 2.2341154 3.8022534 3.4643633 2.7840457 1.8999393 2.0722739 2.9959799 1.9599135 2.0370222 1.3521422 1.6921118 1.5135495 1.7255359 1.6508260 0.9837728 1.1513668 0.7750009 0.9435214 0.9371544 0.9828252 0.8733244 0.8178756 0.8053237 0.6221688 0.9453602 0.8725793 0.0000000 0.2724359 1.1060226 1.0997708 1.0479462 1.0777590 1.1776022 0.8569560 1.1443304 1.1372781 1.2482005 1.2569995 1.1973015 1.1676414 1.0965204 1.0707088 1.0704630 1.1525762 1.2916777 1.1342993 1.3056055 1.2186586 1.3734607 1.2111082 1.2744723 1.4811401 1.5211678 1.4713147 1.5390735 1.8055975 1.8418384 1.9371605 1.9287567 1.7774494 1.8156287 1.9079399 1.7742732 1.4646250 1.9222191 1.9637849 1.7619257 2.0886676 1.6318252 1.8883849 1.7043765 1.7376153 1.8683342 1.7054706 1.8837969 1.6897853 1.8243187 1.9961599 1.9857585 2.0128956 1.9819161 1.9694482 1.3140744 2.3265898 1.5461104 2.2414079 2.6291603 1.5456088 1.4584170 4.3097117 1.8133965 
Xesp_005495-T1                                               2.2146496 2.4634253 2.2207485 2.3311901 2.2099524 3.7445688 2.8539929 2.5228070 1.7861041 1.9032879 2.8038327 1.8318801 1.9151014 1.4048216 1.4457720 1.4443058 1.5087035 1.5085248 1.0208804 1.0694743 0.7147150 0.8696536 0.8687519 0.9419314 0.8583463 0.7739380 0.7152888 0.6351869 0.9004506 0.8305085 0.2724359 0.0000000 1.0137579 1.1018933 1.0418245 1.0410596 1.0332858 0.8198109 1.0213937 1.0130758 1.1286616 1.1373317 1.0990519 1.0491406 1.0610768 1.0109241 0.9885099 1.1838212 1.0725892 0.9759771 1.1019117 1.1195638 1.2780268 1.2276731 1.1046195 1.3352376 1.4934307 1.6622071 1.6534798 1.6992764 1.6992764 1.7730020 1.7600968 1.7600069 1.8079035 1.7763781 1.8489419 1.6014808 1.8740909 1.8548682 1.8578097 2.3261650 1.7837934 2.0660638 1.7340116 1.7848033 1.7894232 1.8126170 1.7034708 1.3928510 1.8383705 1.7751425 1.9220784 2.0928998 1.8574704 2.0229890 1.4004715 2.2839144 1.4099327 2.0136645 2.5424087 1.5690092 1.2932057 3.9786461 1.9520625 
Sanmal_Sma_025246-T1                                         2.3024030 2.6081366 2.5020705 2.4789867 2.3314510 3.1337562 2.4903949 2.2320611 1.7489447 1.8542002 2.4372658 1.7924417 1.8457796 1.4240478 1.8432878 1.6761665 1.7652474 1.7510023 1.1066628 1.3156720 0.8023588 1.0599009 1.0350545 1.1336581 1.0554863 0.9944391 0.9593871 0.6984637 0.7362696 0.9536166 1.1060226 1.0137579 0.0000000 0.7780581 0.7043005 1.2634935 1.0995607 0.8889154 1.1108402 1.1011098 1.0571726 1.0498356 1.1195230 1.2976985 1.1379768 1.1737070 0.9725612 1.0483979 1.4990946 1.2870357 1.1578594 1.3127990 1.3648847 1.0705049 1.5547367 1.5327203 1.4596059 1.4962079 1.5141287 1.8162052 1.8559057 1.8932581 1.8807283 1.6664656 1.7132383 2.0219704 1.9013749 1.5881082 1.9911900 2.0605138 1.9042147 2.2950298 1.8006819 2.0641597 1.7439516 1.8101077 1.9961771 1.8555228 1.9003305 1.8138187 1.8347670 1.9091591 2.1577028 2.0524115 2.1076343 1.9393228 1.3610061 2.2090075 1.3531591 1.7060205 2.3311437 1.1978101 1.9200749 4.2820923 2.1030630 
Nemnom_g13756.t1                                             2.3830218 2.6856799 2.5009739 2.5784855 2.4216705 3.8368770 2.4320228 2.5522368 1.8940709 1.8876438 2.8067285 1.8909330 1.9287013 1.5682704 1.6985879 1.6419244 1.6883017 1.5883464 1.1569866 1.3422116 0.7795792 1.1215817 1.0804860 1.1219696 1.0533692 1.0525417 1.0284845 0.7527127 0.8284142 1.1380891 1.0997708 1.1018933 0.7780581 0.0000000 0.3417131 1.2263086 1.4078836 1.1469502 1.4113731 1.4055132 1.3778315 1.3689051 1.4268130 1.2875697 1.2122351 1.1730742 0.9631204 1.1145636 1.3926315 1.2106626 1.2012629 1.3664001 1.4299758 1.1927751 1.6859365 1.5580484 1.6558073 1.8686552 1.8280101 1.9950635 2.0560727 2.0593866 2.0355834 1.9240474 1.9937050 2.1198697 1.9543812 1.7583971 2.0388967 1.9975909 2.0259105 2.3740404 1.8732534 2.0742631 1.9512015 2.0223615 1.9459524 1.9423924 2.0460330 1.5544677 2.2018405 2.1006369 2.1440528 1.9047548 2.0801679 2.2309847 1.4160630 2.1996505 1.4509639 1.6681543 2.4216969 1.1828160 1.6673425 4.2004507 2.0582364 
Rhoesc_Res_011291-T1                                         2.3728225 2.5727234 2.4061696 2.3110899 2.1929039 3.5308400 2.2998288 2.4131641 1.8699819 1.8952705 2.6412291 1.6935191 1.8254535 1.6993624 1.7103537 1.6372330 1.6336387 1.5405411 1.1036571 1.2734285 0.7970760 1.0379333 0.9924836 0.9932031 0.9398132 0.9553978 0.8979283 0.7192360 0.7069724 1.0317118 1.0479462 1.0418245 0.7043005 0.3417131 0.0000000 1.1353578 1.2413734 1.0219795 1.2174308 1.2115380 1.2295791 1.2225475 1.2808776 1.2588452 1.1865237 1.1600203 0.8859912 0.9921488 1.3244333 1.1908843 1.1126667 1.2652773 1.2928606 1.1619376 1.5309227 1.4487108 1.5666112 1.9065241 1.8097493 1.9860735 2.0574284 2.0660826 2.0486966 1.9429975 2.0727356 2.2073560 1.9186629 1.7138221 2.0582465 1.9645851 2.0298291 2.3905110 1.8897479 2.1339323 1.9528570 2.0246286 2.0387881 1.9896834 2.0400988 1.5609431 2.1527172 2.0678201 2.1858546 2.1158266 2.0811090 2.2828421 1.4575235 2.0811858 1.2845981 1.5674262 2.1515682 1.0127545 1.8331966 3.7753948 1.7986188 
Bralan_BLAG03000645_1                                        2.1692542 2.3859102 2.2446908 2.3201550 1.8382892 3.4950541 3.0008242 2.5845911 2.0098590 2.1044452 2.7292453 1.8948689 1.9789488 1.9298818 1.3918957 1.4891354 1.4988897 1.5180054 0.8998911 1.1389555 0.7613167 1.0501261 1.0068261 1.0455606 0.9749139 0.9413311 0.8335978 0.6543826 1.0340053 1.0812245 1.0777590 1.0410596 1.2634935 1.2263086 1.1353578 0.0000000 1.1005494 0.8817797 1.1198760 1.1158869 1.1577795 1.1593252 1.1834625 0.9739416 0.7045494 0.9150825 1.0710088 0.8138680 1.3449325 1.2547303 1.2015198 1.1172689 1.1864482 1.1555730 0.7895186 1.3101284 1.3138117 1.4909519 1.5327192 1.7485950 1.7587200 1.8938770 1.8442495 1.7251035 1.7659046 1.9812084 1.6382820 1.4525680 1.6975140 1.7618918 1.7813392 2.1807319 1.7316353 2.0568459 1.6699857 1.6797037 1.7635719 1.6914147 1.7852474 1.5078471 1.7583622 1.8378233 1.8094854 1.7243451 1.7244597 1.8261832 1.6443201 2.4017801 1.6948475 1.7146841 2.8238802 1.7150133 1.7643762 4.6241269 2.4149122 
HoiH23_PlH23_007039-RA                                       2.5230909 2.6775913 2.6882829 2.5954617 2.4524537 4.7350652 3.0164599 2.2253718 1.7298293 1.7208946 2.8613294 1.7647112 1.8856029 1.7550381 1.7233492 1.7397624 1.8071669 1.7818656 1.1124874 1.1020099 0.8208469 0.9791155 0.9014466 1.0259347 0.9773314 0.9739207 0.8735100 0.7891893 0.9076162 0.9061583 1.1776022 1.0332858 1.0995607 1.4078836 1.2413734 1.1005494 0.0000000 0.0299635 0.1219553 0.1214366 0.2293757 0.2298859 0.2297431 1.1975286 1.3167330 1.0710931 1.1041877 1.1708528 1.4207740 1.2557603 1.2826505 1.2351457 1.4319629 1.4259754 1.2263397 1.3160772 1.3492496 1.5928226 1.6344285 2.1046775 2.1366534 2.2186847 2.1828200 1.8293503 1.8708095 2.1592632 2.0929964 1.6328605 2.1409052 2.2076712 2.0437863 2.6410203 1.9041391 2.3954873 1.8133556 1.7883563 2.0905262 1.9939435 2.2694528 3.0444265 2.0125241 2.3109411 2.2499205 2.0890827 2.2999151 2.0426099 1.3390134 2.7117668 1.6499746 1.8279727 2.5098779 2.0044249 1.9079893 4.1882147 2.1492589 
HoiH06_mRNA56                                                2.2038711 2.3346467 2.2900477 2.3009440 2.4646880 4.6769856 2.7833444 1.9110251 1.4820321 1.5342081 2.3613326 1.5047494 1.5864316 1.7287190 1.4241560 1.3813660 1.3891203 1.5263760 1.1358792 0.9174684 0.8264596 0.7648521 0.7330996 0.8260352 0.7841904 0.7113137 0.6905649 0.5112736 0.7901972 0.7515231 0.8569560 0.8198109 0.8889154 1.1469502 1.0219795 0.8817797 0.0299635 0.0000000 0.0769382 0.0765057 0.1751576 0.1755338 0.1669490 0.9834959 1.0811260 0.8405269 0.8387037 0.9962645 0.9980431 0.8826170 1.0400374 0.9547767 1.2324290 1.1691346 0.7198114 1.0894986 1.2289500 1.5252125 1.5991761 1.7757644 1.7757644 1.9389012 1.9320360 1.8194345 1.8437398 2.0708311 1.8365859 1.6316316 2.0108544 2.0216532 1.8123147 2.1409657 1.6462504 1.9334190 1.7906225 1.7657654 1.8756512 1.8809605 1.9848794 0.0000010 2.0489978 2.0609964 2.0034129 2.1151885 2.1083748 2.0386247 1.3301930 2.6037711 1.6640729 1.8300124 2.4303903 1.7373699 1.3152724 3.2320457 2.1196543 
Hhon_g02502.t1                                               2.4820256 2.6591448 2.5849279 2.5763982 2.4814926 4.5608024 2.9450371 2.2357294 1.7625112 1.7237315 2.8575468 1.7778560 1.8706021 1.6981208 1.7359337 1.7409928 1.7895261 1.8065639 1.1188745 1.1118524 0.7895643 0.9522168 0.8887779 1.0053222 0.9436606 0.9386717 0.8621247 0.8149394 0.9104536 0.9179545 1.1443304 1.0213937 1.1108402 1.4113731 1.2174308 1.1198760 0.1219553 0.0769382 0.0000000 0.0043791 0.2473017 0.2538751 0.2046730 1.1572741 1.3408991 1.0482370 1.1389443 1.1478989 1.5083029 1.3414885 1.2792424 1.1853756 1.3676345 1.4250095 1.2703905 1.3393206 1.3475586 1.5808050 1.6279667 2.0675065 2.1588641 2.1980626 2.1696700 1.8557048 1.9050328 2.1908092 2.1084850 1.6540948 2.1551745 2.1523194 1.9808051 2.5653798 1.8581546 2.3494182 1.7558559 1.7447463 2.0652676 1.9676709 2.3235264 3.0512419 2.0759386 2.3558137 2.1778580 2.1468336 2.2372464 2.0210577 1.3001948 2.5728291 1.6256225 1.8160807 2.5142740 1.9836393 1.9772747 4.0949764 1.9664206 
