64
Lcom_lcpid217752                        0.0000000 0.5865225 0.7358667 0.8789338 0.8937137 0.8905488 1.1836431 1.1415743 0.0000010 1.1875811 1.1328126 0.7428111 0.9570842 1.1220152 1.3036947 0.8091520 0.8381166 0.8491835 0.8784703 0.8165673 0.8609645 0.9149018 0.9309331 0.8775794 0.9072659 1.1231556 0.8876172 0.8587594 1.1108042 1.2573274 1.2616114 1.1908432 1.2744118 1.1765739 1.1765739 1.2803195 1.1928870 1.1928870 1.3506060 2.0327678 1.4088892 1.4461215 1.3216931 1.3784967 1.5302643 2.4375806 1.6853533 1.7472356 1.5361592 1.5361592 1.2613376 1.1697568 1.7376143 1.5729496 1.5898106 1.3036566 1.3018776 0.9166053 1.1747764 1.4417832 1.1633230 1.4216502 2.0735553 0.0000010 
Acagra_model.g30045.t1                  0.5865225 0.0000000 0.7241776 0.9934078 0.9975516 0.9756224 1.0203834 1.1207641 1.3468910 1.0988678 1.0631706 0.7805297 0.8532798 0.9648930 1.1254115 0.8636040 0.8268930 0.8104507 0.7822548 0.8368606 0.9437689 0.8153047 0.8578289 0.8056876 0.8427234 1.0484672 1.0959267 0.8436654 0.9028809 1.1082264 1.0103640 1.1159883 1.0342764 1.0922820 1.0838929 1.1920919 1.0640321 1.0469744 1.1742320 1.8601540 1.2140250 1.1879216 1.1805793 1.1987578 1.1382148 1.1960840 1.2227907 1.2191172 1.1563917 1.1356297 1.0862419 1.0381035 1.5744500 1.3457426 1.2786714 1.2726756 1.3372037 0.9864027 1.0868961 1.4187438 1.1471404 1.3513478 1.5131609 0.9789539 
Cgig_XM_034446177.1                     0.7358667 0.7241776 0.0000000 0.9293050 0.9242388 0.8978447 1.0168761 0.9874483 1.1690839 1.0396712 1.0195498 0.7650605 0.7402194 1.1165835 1.1373188 0.8385522 0.8425195 0.9142742 0.9134746 0.8967740 0.9194302 0.8512867 0.9039532 0.8377382 0.8500840 0.9046917 1.0906546 0.7776729 0.9069059 1.1040869 1.0498243 1.1271376 1.0863797 1.1635415 1.1636833 1.2213874 1.2064266 1.2000050 1.0080737 2.2797141 1.2857614 1.2638773 1.2702104 1.2889929 1.2624185 1.1587453 1.2555432 1.2103994 1.2406528 1.2716112 1.1698657 1.1560365 1.3989573 1.3388694 1.4006856 1.2152363 1.3693140 1.2130475 1.2686687 1.5306160 1.0552869 1.5629445 1.6756997 1.0620940 
Spur_XM_788038.5                        0.8789338 0.9934078 0.9293050 0.0000000 0.0129253 0.0532159 1.1562900 1.1910629 0.8575954 1.0757247 1.0999664 0.6724460 0.6745923 1.2201203 1.1063310 0.8456827 0.8050013 0.8474893 0.8532386 0.7819340 0.8853963 0.8600695 0.9332323 0.9545843 1.0822981 0.9669827 1.1169022 0.8423481 1.0263961 1.2576116 1.1689602 1.1503555 1.1189548 1.1211597 1.1213237 1.3685469 1.2072267 1.1752627 1.1026070 1.8670376 1.0840787 1.0932045 1.0790840 1.0829834 1.1109575 1.0058185 1.1961785 1.1633305 1.1835761 1.1907109 1.1509770 1.1043327 1.3470303 1.3240029 1.4515164 1.2912428 1.3033827 1.0115636 1.2350790 1.5752710 1.0079098 1.2222990 1.5981138 0.8028679 
Spur_XM_030979847.1                     0.8937137 0.9975516 0.9242388 0.0129253 0.0000000 0.0457919 1.1804162 1.1857313 0.8045807 1.0710178 1.0889898 0.6554646 0.6815281 1.2030925 1.1107325 0.8589938 0.8178029 0.8446703 0.8503886 0.7942591 0.8963113 0.8702623 0.9586936 0.9776421 1.0638836 0.9608870 1.1348109 0.8572695 1.0401337 1.2243960 1.1511816 1.1461033 1.1223674 1.1168649 1.1170315 1.3639910 1.2029251 1.1708748 1.1051347 1.8906424 1.1027207 1.1116756 1.0827216 1.0866354 1.1207508 1.0101371 1.1773889 1.1453997 1.1797458 1.1868681 1.1702156 1.1240369 1.3607005 1.3091699 1.4687461 1.2821502 1.2954539 1.0395403 1.2398339 1.5813682 0.9921737 1.2204586 1.5971984 0.7694256 
Spur_XM_030979838.1                     0.8905488 0.9756224 0.8978447 0.0532159 0.0457919 0.0000000 1.1725953 1.1891643 0.8045807 1.0715691 1.0879979 0.6285203 0.7206385 1.2004269 1.1046427 0.8331411 0.7977992 0.8119947 0.8291073 0.7814502 0.8471385 0.8380293 0.9688550 1.0096719 0.9762988 0.9212392 1.1149457 0.8603308 1.0516579 1.2469941 1.0784349 1.1667598 1.1250623 1.1176825 1.1178474 1.3703191 1.2374033 1.2056658 1.1119130 1.7737624 1.1055615 1.1144584 1.0713243 1.0752018 1.1109075 1.0367738 1.2129326 1.1855760 1.2038056 1.2110753 1.1954513 1.1503291 1.3334210 1.3032636 1.4350025 1.2583952 1.2205061 1.0659857 1.2756260 1.6330795 1.0158346 1.1413587 1.5719660 0.8004708 
Aaur_scaffold6929.g1.t1                 1.1836431 1.0203834 1.0168761 1.1562900 1.1804162 1.1725953 0.0000000 0.0377161 0.0000010 0.2730321 0.2635179 0.9576863 0.9019790 0.5926057 0.6472594 0.7046039 0.7432311 0.6596951 0.7619979 0.7280784 0.8311184 0.8566320 0.8458337 0.9921368 0.7297225 0.6689104 1.1948731 0.9728961 1.1641361 1.1391691 1.0405681 1.3062030 1.0731447 1.4386187 1.4386187 1.3913103 1.3914876 1.3914876 1.2925417 1.6778157 1.4603570 1.2930001 1.5297010 1.4237514 1.4436433 1.8988567 1.4391287 1.4682654 1.4210480 1.4210480 1.3418163 1.3418163 1.4223914 1.3406160 1.3353382 1.3331922 1.2192671 1.2289833 1.1486626 1.3936561 1.1270793 1.1895393 1.5458054 0.0000010 
Aaur_scaffold178.g13.t2                 1.1415743 1.1207641 0.9874483 1.1910629 1.1857313 1.1891643 0.0377161 0.0000000 0.3641492 0.3673920 0.3342538 0.8583220 0.9413812 0.5936876 0.7377433 0.9275711 0.9042317 0.8768167 0.9042849 0.9302291 0.9651059 0.9985587 1.0821828 1.0683049 0.7694389 0.8486473 1.0467147 1.0964878 1.0271775 1.2075383 1.0999705 1.3909634 1.2856001 1.4016836 1.3973355 1.5515533 1.4519349 1.4189617 1.2111619 2.4286231 1.4052320 1.3355837 1.4744467 1.4436600 1.4193845 1.3783327 1.3959360 1.3652343 1.3102082 1.3296538 1.3138695 1.3374029 1.2564244 1.3597027 1.2808945 1.2987497 1.3472430 1.5110102 1.2712967 1.5003576 1.2854592 1.3967696 1.6751246 0.7090990 
Rhoesc_Res_013833-T1                    0.0000010 1.3468910 1.1690839 0.8575954 0.8045807 0.8045807 0.0000010 0.3641492 0.0000000 0.0186557 0.1691870 0.4841375 0.5851414 0.4991621 0.6615434 0.7399955 0.7310576 0.7490519 0.7789528 0.7193385 0.8447465 0.5923621 0.9996361 0.8542192 0.7449961 0.7279328 0.7061728 0.9363108 1.0903768 0.8838227 0.9050530 0.9173122 1.0205101 0.9238884 0.9238884 1.0420345 0.9711150 0.9160113 0.9914503 6.1856493 1.2438389 1.2245259 1.2071726 1.2071726 1.3543936 1.3543936 1.0952872 1.0504393 1.0733936 1.0733936 1.2047963 1.2047963 0.8874622 1.0228962 1.1301859 1.0198871 1.1180972 1.9268840 1.3171981 1.5674987 1.6241335 0.9590994 1.4716168 0.5648078 
Rhoesc_Res_004098-T1                    1.1875811 1.0988678 1.0396712 1.0757247 1.0710178 1.0715691 0.2730321 0.3673920 0.0186557 0.0000000 0.2092480 0.7331739 0.7857545 0.5797676 0.6678785 0.7604697 0.7903641 0.7917979 0.8155360 0.8040890 0.9588141 0.8361990 0.9547310 0.9259074 0.7639296 0.7604288 0.9870011 0.9916484 0.9997821 1.0366824 0.9422226 1.2226355 1.1564021 1.2185817 1.2147485 1.3485708 1.2423199 1.2064102 1.1308176 1.9614492 1.2368588 1.2284425 1.3247438 1.2978801 1.2873557 1.2195094 1.2304081 1.1842695 1.1764463 1.1755926 1.2341033 1.2285456 1.1176549 1.2053806 1.1408560 1.1329219 1.1745826 1.3543624 1.1349288 1.2883940 1.2745271 1.2332477 1.4705875 0.5017477 
Nemnom_g1545.t1                         1.1328126 1.0631706 1.0195498 1.0999664 1.0889898 1.0879979 0.2635179 0.3342538 0.1691870 0.2092480 0.0000000 0.7469153 0.8723109 0.5902902 0.7027411 0.8313710 0.8334081 0.8013975 0.8140571 0.8425635 1.0376891 0.9224283 0.9791481 0.9531068 0.7751132 0.8051342 1.0094269 1.0698418 0.9998396 0.9925972 1.0049343 1.2904531 1.1875487 1.2762263 1.2722832 1.4926679 1.3338571 1.2970816 1.0972862 1.9402243 1.2936488 1.2462773 1.3507995 1.3217221 1.3310168 1.2829710 1.2874567 1.2417577 1.1926043 1.1918195 1.2934539 1.2825985 1.1390266 1.2874492 1.2351728 1.1435369 1.1925222 1.3398210 1.1825066 1.2802413 1.2517665 1.2617980 1.5430488 0.5860594 
Bralan_BLAG15000690_1                   0.7428111 0.7805297 0.7650605 0.6724460 0.6554646 0.6285203 0.9576863 0.8583220 0.4841375 0.7331739 0.7469153 0.0000000 0.4143427 0.8008517 0.8233771 0.6560780 0.6416963 0.6295963 0.6359295 0.6985030 0.8113670 0.7713925 0.7450448 0.7742246 0.6669530 0.6933097 0.9309269 0.7500529 0.7355935 0.9380789 1.0667604 0.9821535 0.9217751 0.9543137 0.9545621 1.0943131 1.0335244 1.0470634 0.9831981 2.2402330 1.0577301 1.0900490 1.0682466 1.0710952 1.1530583 0.9203529 1.2340491 1.1858556 1.1092092 1.1200701 1.1299683 1.0735139 1.1438716 1.2636370 1.2563942 1.2350472 1.3628249 1.0939442 1.0689371 1.3296622 0.9610484 1.3200584 1.4713333 0.5222561 
Skow_XM_002732878.2                     0.9570842 0.8532798 0.7402194 0.6745923 0.6815281 0.7206385 0.9019790 0.9413812 0.5851414 0.7857545 0.8723109 0.4143427 0.0000000 0.9236620 0.8981000 0.7203613 0.6893126 0.7146832 0.7240360 0.7338166 0.8223374 0.7877564 0.9171788 0.9111271 0.7703129 0.7721242 1.0122882 0.7932138 0.8205037 1.0674815 0.9636889 1.0484097 0.9638410 1.0539607 1.0541556 1.2115826 1.0677274 1.0221450 1.0909962 2.0636043 1.1590057 1.1569703 1.1071157 1.1085075 1.1952421 1.0611590 1.1639327 1.1250493 1.0748429 1.0900677 1.0902808 1.0467689 1.3386587 1.1868266 1.1291712 1.1489738 1.1730652 1.1324794 1.1666530 1.4155935 0.9861934 1.2875176 1.5892381 0.6086214 
Sanmal_Sma_022886-T1                    1.1220152 0.9648930 1.1165835 1.2201203 1.2030925 1.2004269 0.5926057 0.5936876 0.4991621 0.5797676 0.5902902 0.8008517 0.9236620 0.0000000 0.8294404 0.9564376 0.9452956 0.8990017 0.8704828 0.8666881 1.0415247 1.0267709 0.9786564 0.9238188 0.8154630 0.9061105 0.9340782 1.1416292 1.0678011 1.2026521 1.0426111 1.1737527 1.0581254 1.1774174 1.1689581 1.3379269 1.1872643 1.1390963 1.1896217 2.0429107 1.3901314 1.3577539 1.3741082 1.3462856 1.3407762 1.3578110 1.5116393 1.3581928 1.2853505 1.3114713 1.3216922 1.3658316 1.2019627 1.3542860 1.2303559 1.2162565 1.2528637 1.3580983 1.1862232 1.3619909 1.2948379 1.2922428 1.5153519 0.0278444 
Morvir_scaffold15.g107.t1               1.3036947 1.1254115 1.1373188 1.1063310 1.1107325 1.1046427 0.6472594 0.7377433 0.6615434 0.6678785 0.7027411 0.8233771 0.8981000 0.8294404 0.0000000 0.9468967 0.9159014 0.9249044 0.9462128 0.9239485 1.0301580 0.9880196 1.1252572 1.1315679 0.9043352 0.9597274 1.1062404 1.1992714 0.9201988 0.9934660 1.1356608 1.1885721 1.1218030 1.1942337 1.1855534 1.3500229 1.2419418 1.2469735 1.3073912 1.7666878 1.2805363 1.2471326 1.2514114 1.2467233 1.2719585 1.1850524 1.2987512 1.2538229 1.1843511 1.2010458 1.0957510 1.0513641 1.2857821 1.3765394 1.3182661 1.3277593 1.2632686 1.5167057 1.2504787 1.5596186 1.2516777 1.3665292 1.6098156 0.6040573 
Fspp_ffun1.m4.818.m1                    0.8091520 0.8636040 0.8385522 0.8456827 0.8589938 0.8331411 0.7046039 0.9275711 0.7399955 0.7604697 0.8313710 0.6560780 0.7203613 0.9564376 0.9468967 0.0000000 0.0715308 0.1411139 0.1418219 0.1841744 0.2589479 0.2585237 0.5637200 0.5494494 0.4923800 0.6003148 0.9204061 0.9623584 0.9777101 1.0758094 1.0854475 1.1934020 1.0565792 1.1677030 1.1678410 1.2947107 1.1664809 1.1522437 1.1294983 2.1485177 1.2253731 1.2755687 1.2792476 1.2796795 1.1907084 1.0574355 1.3616991 1.3819649 1.2357579 1.2343722 1.1995595 1.1670190 1.2917305 1.3778349 1.3673056 1.3844995 1.3216046 1.1620449 1.1246938 1.4596423 1.1144346 1.5182194 1.5118735 0.7024448 
Gasp_gasp1.m3.23949.m1                  0.8381166 0.8268930 0.8425195 0.8050013 0.8178029 0.7977992 0.7432311 0.9042317 0.7310576 0.7903641 0.8334081 0.6416963 0.6893126 0.9452956 0.9159014 0.0715308 0.0000000 0.1092978 0.1170729 0.1569255 0.2262683 0.2259379 0.5497053 0.5038874 0.4981970 0.5904788 0.9044450 0.9076577 0.9340923 1.0396594 1.0608695 1.1296356 0.9995017 1.1242419 1.1244003 1.2620622 1.0989192 1.0861803 1.1129621 2.0432903 1.2140120 1.2375365 1.2128820 1.2132275 1.1748579 1.0880455 1.2813975 1.3069952 1.1461965 1.1452920 1.1796910 1.1503912 1.2510401 1.3500683 1.3381776 1.3448493 1.2944894 1.1425789 1.0748218 1.4466103 1.0475577 1.4154216 1.4868057 0.6519216 
Spis_XP_022789869_1                     0.8491835 0.8104507 0.9142742 0.8474893 0.8446703 0.8119947 0.6596951 0.8768167 0.7490519 0.7917979 0.8013975 0.6295963 0.7146832 0.8990017 0.9249044 0.1411139 0.1092978 0.0000000 0.0575683 0.2267055 0.2990552 0.2938111 0.5540893 0.5428379 0.5397122 0.6536961 0.9130141 0.9514235 0.9957990 1.1032232 1.0881171 1.1134798 0.9741582 1.0836150 1.0918149 1.2094049 1.1100211 1.1008226 1.0926288 2.0701425 1.2898253 1.2616209 1.2851408 1.2855807 1.2524829 1.1730756 1.2745553 1.2904110 1.1406411 1.1397621 1.1807827 1.1668058 1.2899231 1.3891418 1.3673478 1.3384455 1.3257207 1.1932074 1.1485656 1.5793419 1.0994616 1.4754298 1.5785645 0.6181788 
Pocdam_XM_027180654.1                   0.8784703 0.7822548 0.9134746 0.8532386 0.8503886 0.8291073 0.7619979 0.9042849 0.7789528 0.8155360 0.8140571 0.6359295 0.7240360 0.8704828 0.9462128 0.1418219 0.1170729 0.0575683 0.0000000 0.2217753 0.2985287 0.2860158 0.5671384 0.5384933 0.5342070 0.6326580 0.8612932 0.9344956 0.9618838 1.0269687 1.0706466 1.1064580 0.9456220 1.0814250 1.0896602 1.1955088 1.1223396 1.1073074 1.1069060 2.0350239 1.2693831 1.2594021 1.2665559 1.2669716 1.2145539 1.1417656 1.3132788 1.2885615 1.1615793 1.1605894 1.1539378 1.1384475 1.2584054 1.3523181 1.3427377 1.3111831 1.3080612 1.1620971 1.0583246 1.4729973 1.1061980 1.4678713 1.5408493 0.5773091 
Gfas_gfas1.m1.65.m1                     0.8165673 0.8368606 0.8967740 0.7819340 0.7942591 0.7814502 0.7280784 0.9302291 0.7193385 0.8040890 0.8425635 0.6985030 0.7338166 0.8666881 0.9239485 0.1841744 0.1569255 0.2267055 0.2217753 0.0000000 0.2132376 0.2169029 0.5232302 0.5029495 0.5578093 0.6013544 0.9215419 0.9374406 0.9352279 1.0507260 1.1087838 1.1618591 0.9992021 1.1221093 1.1184800 1.2880340 1.1549846 1.1292806 1.1179665 2.0857534 1.2978236 1.2888178 1.2728186 1.2732385 1.2241726 1.1537133 1.3997785 1.4103339 1.2352861 1.2339171 1.2238294 1.1964241 1.3395154 1.4209588 1.3683639 1.3680865 1.3672926 1.1301839 1.0861239 1.5087868 1.0950127 1.3907575 1.4727095 0.6235559 
Amil_Amillepora09687-RA                 0.8609645 0.9437689 0.9194302 0.8853963 0.8963113 0.8471385 0.8311184 0.9651059 0.8447465 0.9588141 1.0376891 0.8113670 0.8223374 1.0415247 1.0301580 0.2589479 0.2262683 0.2990552 0.2985287 0.2132376 0.0000000 0.0258471 0.6614521 0.6206854 0.6142978 0.7450416 1.1020953 0.9772095 1.0183189 1.2250573 1.2957564 1.2923346 1.1696385 1.2512892 1.2618819 1.4078946 1.2739940 1.2375314 1.1943791 2.9847058 1.4053630 1.4246427 1.4467066 1.4431380 1.3925840 1.2595218 1.5387814 1.5566774 1.3892934 1.3644436 1.2699880 1.2009244 1.4352660 1.5724442 1.4373473 1.4472900 1.4629177 1.2154683 1.2880848 1.9403149 1.1826043 1.4545661 1.8348715 0.6237882 
Adig_XM_015913523.1                     0.9149018 0.8153047 0.8512867 0.8600695 0.8702623 0.8380293 0.8566320 0.9985587 0.5923621 0.8361990 0.9224283 0.7713925 0.7877564 1.0267709 0.9880196 0.2585237 0.2259379 0.2938111 0.2860158 0.2169029 0.0258471 0.0000000 0.5828208 0.5380134 0.6051832 0.7235790 1.0425622 0.9686590 0.9196856 1.1000252 1.1534019 1.1575130 1.0202229 1.1170552 1.1263988 1.1994666 1.1044869 1.0687391 1.1056544 2.0950276 1.2149887 1.2392701 1.2621053 1.2588345 1.2461353 1.0841534 1.3312545 1.3402254 1.2242014 1.2032222 1.1545677 1.0664697 1.4405103 1.4839517 1.3787521 1.4340810 1.4129167 1.0386775 0.9977648 1.4615480 0.9978875 1.3691221 1.6721533 0.7126196 
Nvec_v1g185114                          0.9309331 0.8578289 0.9039532 0.9332323 0.9586936 0.9688550 0.8458337 1.0821828 0.9996361 0.9547310 0.9791481 0.7450448 0.9171788 0.9786564 1.1252572 0.5637200 0.5497053 0.5540893 0.5671384 0.5232302 0.6614521 0.5828208 0.0000000 0.1890667 0.5577959 0.6639336 1.0335466 0.9660242 1.0399469 1.2520211 1.0769707 1.2406607 1.1735847 1.2312856 1.2225086 1.3664321 1.2992727 1.2654147 1.2792470 2.3050508 1.3930445 1.3905378 1.3803495 1.3710155 1.3366687 1.1477885 1.5327861 1.5110931 1.4071057 1.3922753 1.4098374 1.3776148 1.3229026 1.4259893 1.4393514 1.4220914 1.5938348 1.3074184 1.3448764 1.5232420 1.1643521 1.3988451 1.7388150 0.7470924 
Exapal_XM_021054980.1                   0.8775794 0.8056876 0.8377382 0.9545843 0.9776421 1.0096719 0.9921368 1.0683049 0.8542192 0.9259074 0.9531068 0.7742246 0.9111271 0.9238188 1.1315679 0.5494494 0.5038874 0.5428379 0.5384933 0.5029495 0.6206854 0.5380134 0.1890667 0.0000000 0.5409451 0.6863055 1.0006282 0.9800734 1.0137670 1.1270661 1.0694248 1.2551038 1.2408044 1.2394208 1.2305723 1.3936339 1.2609529 1.1966920 1.3461739 2.1209611 1.3645218 1.3826174 1.4142417 1.4047038 1.3075185 1.1497882 1.5726637 1.5503684 1.3831277 1.3776037 1.3441635 1.3502606 1.3183314 1.4451059 1.4058169 1.3519135 1.4807491 1.3266577 1.2819498 1.3397921 1.1808040 1.5479214 1.6414007 0.7994362 
Nvec_v1g159915                          0.9072659 0.8427234 0.8500840 1.0822981 1.0638836 0.9762988 0.7297225 0.7694389 0.7449961 0.7639296 0.7751132 0.6669530 0.7703129 0.8154630 0.9043352 0.4923800 0.4981970 0.5397122 0.5342070 0.5578093 0.6142978 0.6051832 0.5577959 0.5409451 0.0000000 0.4327835 0.9485925 0.9720180 0.9922502 1.0608800 1.2304160 1.2480421 1.1121027 1.2399446 1.2400477 1.3967868 1.2930383 1.2526859 1.2470303 2.1053552 1.2543101 1.2216018 1.2654199 1.2658339 1.2104155 1.0548032 1.2898722 1.2694571 1.1974848 1.2069295 1.2023678 1.1458057 1.0933479 1.3495625 1.4217462 1.3141101 1.4332973 1.2771194 1.1325677 1.4270528 1.1489863 1.4912695 1.6611923 0.6785721 
Exapal_XM_021037322.2                   1.1231556 1.0484672 0.9046917 0.9669827 0.9608870 0.9212392 0.6689104 0.8486473 0.7279328 0.7604288 0.8051342 0.6933097 0.7721242 0.9061105 0.9597274 0.6003148 0.5904788 0.6536961 0.6326580 0.6013544 0.7450416 0.7235790 0.6639336 0.6863055 0.4327835 0.0000000 0.8612574 0.9548361 1.0746245 1.0856733 1.0985954 1.3364552 1.1474516 1.3277179 1.3277822 1.4120218 1.3697942 1.3230780 1.1838072 2.6039473 1.2241013 1.2658915 1.2224551 1.1966837 1.2631778 0.9824069 1.2710772 1.2460256 1.2698999 1.2880321 1.2263466 1.1744962 1.0187361 1.3480846 1.4392509 1.4031065 1.4571522 1.4549915 1.2178676 1.3813248 1.0591818 1.5392040 1.6641171 0.6920410 
Opea_EP00118_Oscarella_pearsei_P006885  0.8876172 1.0959267 1.0906546 1.1169022 1.1348109 1.1149457 1.1948731 1.0467147 0.7061728 0.9870011 1.0094269 0.9309269 1.0122882 0.9340782 1.1062404 0.9204061 0.9044450 0.9130141 0.8612932 0.9215419 1.1020953 1.0425622 1.0335466 1.0006282 0.9485925 0.8612574 0.0000000 0.9878146 1.2188243 1.0996003 1.1360106 1.3400306 1.2670643 1.2914464 1.3004868 1.4271385 1.3845950 1.3302192 1.2928047 2.0594273 1.1247876 1.1712229 1.2459617 1.2351181 1.2030331 1.1495173 1.1545239 1.0924939 1.1331553 1.1488234 1.1129060 1.0749525 1.1084519 1.3430997 1.3110727 1.3104346 1.3082565 1.2796424 1.3156407 1.4860616 1.4653472 1.4993928 1.6194395 0.6844945 
Ctel_gnl_WGS_AMQN_CAPTEDRAFT_mRNA171654 0.8587594 0.8436654 0.7776729 0.8423481 0.8572695 0.8603308 0.9728961 1.0964878 0.9363108 0.9916484 1.0698418 0.7500529 0.7932138 1.1416292 1.1992714 0.9623584 0.9076577 0.9514235 0.9344956 0.9374406 0.9772095 0.9686590 0.9660242 0.9800734 0.9720180 0.9548361 0.9878146 0.0000000 0.8755824 0.9889437 0.9765160 1.1006427 1.0787942 1.0998132 1.1079398 1.1590548 1.1732854 1.1434964 1.0859283 2.1301222 1.2172693 1.2140409 1.1901527 1.1944304 1.2102133 1.0877381 1.2477370 1.1952341 1.1744780 1.1820278 1.2538559 1.1924585 1.2797143 1.2977631 1.1960265 1.1726159 1.2557009 1.1347071 1.0471061 1.3651774 1.1104242 1.2797284 1.7091901 0.9424839 
Tcas_TC005371_001                       1.1108042 0.9028809 0.9069059 1.0263961 1.0401337 1.0516579 1.1641361 1.0271775 1.0903768 0.9997821 0.9998396 0.7355935 0.8205037 1.0678011 0.9201988 0.9777101 0.9340923 0.9957990 0.9618838 0.9352279 1.0183189 0.9196856 1.0399469 1.0137670 0.9922502 1.0746245 1.2188243 0.8755824 0.0000000 0.9006873 0.9383717 1.2159384 1.2505178 1.2416085 1.2326753 1.3659709 1.2237103 1.2083578 1.4159386 2.3074306 1.4209542 1.4089719 1.4266695 1.4288487 1.4385311 1.3349612 1.5710626 1.4849635 1.3532229 1.3628048 1.2762494 1.2397896 1.3499209 1.2384650 1.2239378 1.3311591 1.3918849 1.2395441 1.2567375 1.5238788 1.2314741 1.4775338 1.4202203 0.9592450 
Dpul_mRNA23760                          1.2573274 1.1082264 1.1040869 1.2576116 1.2243960 1.2469941 1.1391691 1.2075383 0.8838227 1.0366824 0.9925972 0.9380789 1.0674815 1.2026521 0.9934660 1.0758094 1.0396594 1.1032232 1.0269687 1.0507260 1.2250573 1.1000252 1.2520211 1.1270661 1.0608800 1.0856733 1.0996003 0.9889437 0.9006873 0.0000000 0.9153038 1.3646742 1.3432664 1.3483039 1.3455776 1.4907015 1.4006225 1.3794039 1.3241285 2.1504161 1.3878803 1.3868448 1.3831660 1.3828629 1.3877180 1.2192488 1.3652190 1.3094416 1.2144857 1.2318219 1.2490482 1.2016676 1.4349164 1.1337082 1.2707117 1.1616910 1.2607710 1.5792872 1.1161069 1.4744058 1.3512251 1.6001773 1.3726685 0.9447141 
Cscu_XM_023374251.1                     1.2616114 1.0103640 1.0498243 1.1689602 1.1511816 1.0784349 1.0405681 1.0999705 0.9050530 0.9422226 1.0049343 1.0667604 0.9636889 1.0426111 1.1356608 1.0854475 1.0608695 1.0881171 1.0706466 1.1087838 1.2957564 1.1534019 1.0769707 1.0694248 1.2304160 1.0985954 1.1360106 0.9765160 0.9383717 0.9153038 0.0000000 1.0908468 1.0049592 1.1145717 1.1140352 1.1669766 1.0869524 1.0690823 1.2373877 2.2280607 1.2658430 1.2651282 1.2586327 1.2307274 1.2357301 1.1487471 1.1715270 1.1203567 1.1786945 1.1946061 1.2630237 1.2231903 1.3513899 1.4199947 1.5193872 1.3307442 1.3418958 1.4315438 1.0020291 1.2530580 1.3785140 1.5910532 1.4727426 0.8973817 
HoiH23_PlH23_010970-RA                  1.1908432 1.1159883 1.1271376 1.1503555 1.1461033 1.1667598 1.3062030 1.3909634 0.9173122 1.2226355 1.2904531 0.9821535 1.0484097 1.1737527 1.1885721 1.1934020 1.1296356 1.1134798 1.1064580 1.1618591 1.2923346 1.1575130 1.2406607 1.2551038 1.2480421 1.3364552 1.3400306 1.1006427 1.2159384 1.3646742 1.0908468 0.0000000 0.0395993 0.1070737 0.1072580 0.1465910 0.2083794 0.2144771 1.3804816 1.7827451 1.2699424 1.2432978 1.1630977 1.1672611 1.2406161 1.4004833 1.1951124 1.1241785 1.1152053 1.0950184 1.0478628 1.0514338 1.6133628 1.5467206 1.5248361 1.5470565 1.5029774 1.1967685 1.3251242 1.4798157 1.4571046 1.4788398 2.0114800 1.1974230 
HoiH06_mRNA1814                         1.2744118 1.0342764 1.0863797 1.1189548 1.1223674 1.1250623 1.0731447 1.2856001 1.0205101 1.1564021 1.1875487 0.9217751 0.9638410 1.0581254 1.1218030 1.0565792 0.9995017 0.9741582 0.9456220 0.9992021 1.1696385 1.0202229 1.1735847 1.2408044 1.1121027 1.1474516 1.2670643 1.0787942 1.2505178 1.3432664 1.0049592 0.0395993 0.0000000 0.0773899 0.0775676 0.1236217 0.1760953 0.1826086 1.1888748 1.5577120 1.1213230 1.0858498 0.9716563 0.9615313 1.0729753 1.3838086 1.1450341 1.0525379 1.0354151 1.0211003 1.0342007 1.1058389 1.3352664 1.4265548 1.4498992 1.4091451 1.3894815 1.1230908 1.2378054 1.3481334 1.3893048 1.3920228 1.7988755 1.2906692 
Hhon_g11719.t1                          1.1765739 1.0922820 1.1635415 1.1211597 1.1168649 1.1176825 1.4386187 1.4016836 0.9238884 1.2185817 1.2762263 0.9543137 1.0539607 1.1774174 1.1942337 1.1677030 1.1242419 1.0836150 1.0814250 1.1221093 1.2512892 1.1170552 1.2312856 1.2394208 1.2399446 1.3277179 1.2914464 1.0998132 1.2416085 1.3483039 1.1145717 0.1070737 0.0773899 0.0000000 0.0033384 0.1963580 0.2275497 0.2297384 1.4116004 1.8100783 1.2597774 1.2485219 1.1316038 1.1300377 1.2023607 1.3368448 1.2324198 1.1647462 1.1256254 1.1052844 1.0482721 1.0460009 1.6209211 1.5501103 1.5244833 1.5783243 1.4934348 1.2346755 1.3650894 1.4792183 1.3819608 1.4051967 1.9591464 1.2217761 
HoiH04_mRNA3371                         1.1765739 1.0838929 1.1636833 1.1213237 1.1170315 1.1178474 1.4386187 1.3973355 0.9238884 1.2147485 1.2722832 0.9545621 1.0541556 1.1689581 1.1855534 1.1678410 1.1244003 1.0918149 1.0896602 1.1184800 1.2618819 1.1263988 1.2225086 1.2305723 1.2400477 1.3277822 1.3004868 1.1079398 1.2326753 1.3455776 1.1140352 0.1072580 0.0775676 0.0033384 0.0000000 0.2008256 0.2265083 0.2286596 1.4073483 1.8100783 1.2559145 1.2447128 1.1279593 1.1264039 1.1934967 1.3208647 1.2325354 1.1648967 1.1220205 1.1017216 1.0398121 1.0371853 1.6208646 1.5396423 1.5142545 1.5738303 1.4870783 1.2308863 1.3644573 1.4792180 1.3759195 1.4150071 1.9469261 1.1895075 
HoiH11_mRNA9439                         1.2803195 1.1920919 1.2213874 1.3685469 1.3639910 1.3703191 1.3913103 1.5515533 1.0420345 1.3485708 1.4926679 1.0943131 1.2115826 1.3379269 1.3500229 1.2947107 1.2620622 1.2094049 1.1955088 1.2880340 1.4078946 1.1994666 1.3664321 1.3936339 1.3967868 1.4120218 1.4271385 1.1590548 1.3659709 1.4907015 1.1669766 0.1465910 0.1236217 0.1963580 0.2008256 0.0000000 0.2407831 0.2434956 1.4322986 1.7845317 1.2687215 1.2848848 1.1973036 1.1909469 1.2929483 1.5029646 1.2529330 1.1842350 1.1993468 1.1860328 1.1121680 1.0660639 1.7418205 1.5730712 1.5558065 1.5610791 1.4636224 1.2608592 1.2760148 1.5557895 1.5685924 1.5540445 2.1028000 1.3023721 
TrH2_TrispH2_005581-RA                  1.1928870 1.0640321 1.2064266 1.2072267 1.2029251 1.2374033 1.3914876 1.4519349 0.9711150 1.2423199 1.3338571 1.0335244 1.0677274 1.1872643 1.2419418 1.1664809 1.0989192 1.1100211 1.1223396 1.1549846 1.2739940 1.1044869 1.2992727 1.2609529 1.2930383 1.3697942 1.3845950 1.1732854 1.2237103 1.4006225 1.0869524 0.2083794 0.1760953 0.2275497 0.2265083 0.2407831 0.0000000 0.0034423 1.3633873 1.9308904 1.2729961 1.2676111 1.2254217 1.2059788 1.3001998 1.4357206 1.3071163 1.2145904 1.1677741 1.1468447 1.1129261 1.0994314 1.7328237 1.4602034 1.4448750 1.4406224 1.4536790 1.1630704 1.2524130 1.4289443 1.3947514 1.5181071 2.0099733 1.3453074 
Tadh_TriadT63420                        1.1928870 1.0469744 1.2000050 1.1752627 1.1708748 1.2056658 1.3914876 1.4189617 0.9160113 1.2064102 1.2970816 1.0470634 1.0221450 1.1390963 1.2469735 1.1522437 1.0861803 1.1008226 1.1073074 1.1292806 1.2375314 1.0687391 1.2654147 1.1966920 1.2526859 1.3230780 1.3302192 1.1434964 1.2083578 1.3794039 1.0690823 0.2144771 0.1826086 0.2297384 0.2286596 0.2434956 0.0034423 0.0000000 1.3582409 1.9308904 1.2520841 1.2492812 1.2165086 1.1966894 1.2821138 1.4082253 1.2475342 1.1751682 1.1253986 1.1046309 1.1103299 1.0410323 1.7302670 1.4142879 1.3986482 1.3855434 1.3975974 1.1596946 1.2319153 1.4066296 1.3889905 1.5007535 1.9556611 1.3340015 
Cgig_XM_011451085.3                     1.3506060 1.1742320 1.0080737 1.1026070 1.1051347 1.1119130 1.2925417 1.2111619 0.9914503 1.1308176 1.0972862 0.9831981 1.0909962 1.1896217 1.3073912 1.1294983 1.1129621 1.0926288 1.1069060 1.1179665 1.1943791 1.1056544 1.2792470 1.3461739 1.2470303 1.1838072 1.2928047 1.0859283 1.4159386 1.3241285 1.2373877 1.3804816 1.1888748 1.4116004 1.4073483 1.4322986 1.3633873 1.3582409 0.0000000 2.7616775 1.3217881 1.3208162 1.3648435 1.3304793 1.4059195 1.1822078 1.1674669 1.1095157 1.1018861 1.1145323 1.1598426 1.0757331 1.4427061 1.5637739 1.5897914 1.3943475 1.4661577 1.5078983 1.3973553 1.6643348 1.2789975 1.7575153 1.7632234 1.0261579 
Tadh_TriadT52750                        2.0327678 1.8601540 2.2797141 1.8670376 1.8906424 1.7737624 1.6778157 2.4286231 6.1856493 1.9614492 1.9402243 2.2402330 2.0636043 2.0429107 1.7666878 2.1485177 2.0432903 2.0701425 2.0350239 2.0857534 2.9847058 2.0950276 2.3050508 2.1209611 2.1053552 2.6039473 2.0594273 2.1301222 2.3074306 2.1504161 2.2280607 1.7827451 1.5577120 1.8100783 1.8100783 1.7845317 1.9308904 1.9308904 2.7616775 0.0000000 0.6687843 0.7398730 0.6610180 0.6426875 0.1868594 1.5442198 1.7558686 1.6007121 1.5064518 1.5323762 1.4405861 1.3991154 3.4743237 2.2467598 2.0717553 2.0274246 2.2179195 2.0890791 2.0957050 2.1381733 2.2693908 1.8388144 2.8299048 3.7656002 
HoiH23_PlH23_006710-RA                  1.4088892 1.2140250 1.2857614 1.0840787 1.1027207 1.1055615 1.4603570 1.4052320 1.2438389 1.2368588 1.2936488 1.0577301 1.1590057 1.3901314 1.2805363 1.2253731 1.2140120 1.2898253 1.2693831 1.2978236 1.4053630 1.2149887 1.3930445 1.3645218 1.2543101 1.2241013 1.1247876 1.2172693 1.4209542 1.3878803 1.2658430 1.2699424 1.1213230 1.2597774 1.2559145 1.2687215 1.2729961 1.2520841 1.3217881 0.6687843 0.0000000 0.0486144 0.1409487 0.1290272 0.2604452 0.1736200 0.9122700 0.8754744 0.8124039 0.8099398 0.7885922 0.7667797 1.5682512 1.4477939 1.4768748 1.3646092 1.4422932 1.6015948 1.6910294 1.7188409 1.4670449 1.5821626 1.7431591 1.2062524 
HoiH06_mRNA10235                        1.4461215 1.1879216 1.2638773 1.0932045 1.1116756 1.1144584 1.2930001 1.3355837 1.2245259 1.2284425 1.2462773 1.0900490 1.1569703 1.3577539 1.2471326 1.2755687 1.2375365 1.2616209 1.2594021 1.2888178 1.4246427 1.2392701 1.3905378 1.3826174 1.2216018 1.2658915 1.1712229 1.2140409 1.4089719 1.3868448 1.2651282 1.2432978 1.0858498 1.2485219 1.2447128 1.2848848 1.2676111 1.2492812 1.3208162 0.7398730 0.0486144 0.0000000 0.1508130 0.1389149 0.2703563 0.1695567 0.8726181 0.8416539 0.7797414 0.7771521 0.7679666 0.7459318 1.5751429 1.4604356 1.4641225 1.3659888 1.4256145 1.6220317 1.6744523 1.7455765 1.4360750 1.5460917 1.7579013 1.1993008 
Hhon_g09802.t1                          1.3216931 1.1805793 1.2702104 1.0790840 1.0827216 1.0713243 1.5297010 1.4744467 1.2071726 1.3247438 1.3507995 1.0682466 1.1071157 1.3741082 1.2514114 1.2792476 1.2128820 1.2851408 1.2665559 1.2728186 1.4467066 1.2621053 1.3803495 1.4142417 1.2654199 1.2224551 1.2459617 1.1901527 1.4266695 1.3831660 1.2586327 1.1630977 0.9716563 1.1316038 1.1279593 1.1973036 1.2254217 1.2165086 1.3648435 0.6610180 0.1409487 0.1508130 0.0000000 0.0100958 0.2663202 0.2000420 0.8622011 0.8450982 0.7892971 0.7867646 0.8019891 0.7669664 1.5686644 1.5473148 1.5611479 1.4134714 1.4862564 1.5961244 1.6632670 1.7430143 1.4104269 1.5350260 1.7758751 1.2298598 
HoiH04_mRNA3435                         1.3784967 1.1987578 1.2889929 1.0829834 1.0866354 1.0752018 1.4237514 1.4436600 1.2071726 1.2978801 1.3217221 1.0710952 1.1085075 1.3462856 1.2467233 1.2796795 1.2132275 1.2855807 1.2669716 1.2732385 1.4431380 1.2588345 1.3710155 1.4047038 1.2658339 1.1966837 1.2351181 1.1944304 1.4288487 1.3828629 1.2307274 1.1672611 0.9615313 1.1300377 1.1264039 1.1909469 1.2059788 1.1966894 1.3304793 0.6426875 0.1290272 0.1389149 0.0100958 0.0000000 0.2569076 0.2000420 0.8515484 0.8346665 0.7944764 0.7919667 0.7993350 0.7641688 1.5369515 1.5138738 1.5313569 1.3787887 1.4713228 1.5809285 1.6623872 1.7116112 1.4055970 1.5204754 1.7446771 1.2298598 
TrH2_TrispH2_007405-RA                  1.5302643 1.1382148 1.2624185 1.1109575 1.1207508 1.1109075 1.4436433 1.4193845 1.3543936 1.2873557 1.3310168 1.1530583 1.1952421 1.3407762 1.2719585 1.1907084 1.1748579 1.2524829 1.2145539 1.2241726 1.3925840 1.2461353 1.3366687 1.3075185 1.2104155 1.2631778 1.2030331 1.2102133 1.4385311 1.3877180 1.2357301 1.2406161 1.0729753 1.2023607 1.1934967 1.2929483 1.3001998 1.2821138 1.4059195 0.1868594 0.2604452 0.2703563 0.2663202 0.2569076 0.0000000 0.0057122 0.8517903 0.8305800 0.7923999 0.8135618 0.7626134 0.7691486 1.7161994 1.3804042 1.4339980 1.4073449 1.4445064 1.6394748 1.7640187 1.8203229 1.4537995 1.5798564 1.7678126 1.2884235 
Tadh_TriadT19940                        2.4375806 1.1960840 1.1587453 1.0058185 1.0101371 1.0367738 1.8988567 1.3783327 1.3543936 1.2195094 1.2829710 0.9203529 1.0611590 1.3578110 1.1850524 1.0574355 1.0880455 1.1730756 1.1417656 1.1537133 1.2595218 1.0841534 1.1477885 1.1497882 1.0548032 0.9824069 1.1495173 1.0877381 1.3349612 1.2192488 1.1487471 1.4004833 1.3838086 1.3368448 1.3208647 1.5029646 1.4357206 1.4082253 1.1822078 1.5442198 0.1736200 0.1695567 0.2000420 0.2000420 0.0057122 0.0000000 0.7678288 0.7734644 0.6573538 0.6779279 0.6498544 0.7345061 1.3481076 1.3290859 1.3735838 1.4685423 1.4755250 1.8112846 1.9074808 1.9047845 1.3610072 1.6327241 1.5246997 1.2884235 
HoiH23_PlH23_006702-RA                  1.6853533 1.2227907 1.2555432 1.1961785 1.1773889 1.2129326 1.4391287 1.3959360 1.0952872 1.2304081 1.2874567 1.2340491 1.1639327 1.5116393 1.2987512 1.3616991 1.2813975 1.2745553 1.3132788 1.3997785 1.5387814 1.3312545 1.5327861 1.5726637 1.2898722 1.2710772 1.1545239 1.2477370 1.5710626 1.3652190 1.1715270 1.1951124 1.1450341 1.2324198 1.2325354 1.2529330 1.3071163 1.2475342 1.1674669 1.7558686 0.9122700 0.8726181 0.8622011 0.8515484 0.8517903 0.7678288 0.0000000 0.0770832 0.1761406 0.1818520 0.4028901 0.4250153 1.6220825 1.7238787 1.7365730 1.6069988 1.6821721 1.6400854 1.5680935 1.9529336 1.5356892 1.6249416 1.7664183 1.2026156 
HoiH06_mRNA13630                        1.7472356 1.2191172 1.2103994 1.1633305 1.1453997 1.1855760 1.4682654 1.3652343 1.0504393 1.1842695 1.2417577 1.1858556 1.1250493 1.3581928 1.2538229 1.3819649 1.3069952 1.2904110 1.2885615 1.4103339 1.5566774 1.3402254 1.5110931 1.5503684 1.2694571 1.2460256 1.0924939 1.1952341 1.4849635 1.3094416 1.1203567 1.1241785 1.0525379 1.1647462 1.1648967 1.1842350 1.2145904 1.1751682 1.1095157 1.6007121 0.8754744 0.8416539 0.8450982 0.8346665 0.8305800 0.7734644 0.0770832 0.0000000 0.1603867 0.1658515 0.3979581 0.4336672 1.5818476 1.5999273 1.6442069 1.5468007 1.5753474 1.5799820 1.4838992 1.8253873 1.5244702 1.5871994 1.7370713 1.1651504 
Hhon_g09847.t1                          1.5361592 1.1563917 1.2406528 1.1835761 1.1797458 1.2038056 1.4210480 1.3102082 1.0733936 1.1764463 1.1926043 1.1092092 1.0748429 1.2853505 1.1843511 1.2357579 1.1461965 1.1406411 1.1615793 1.2352861 1.3892934 1.2242014 1.4071057 1.3831277 1.1974848 1.2698999 1.1331553 1.1744780 1.3532229 1.2144857 1.1786945 1.1152053 1.0354151 1.1256254 1.1220205 1.1993468 1.1677741 1.1253986 1.1018861 1.5064518 0.8124039 0.7797414 0.7892971 0.7944764 0.7923999 0.6573538 0.1761406 0.1603867 0.0000000 0.0065968 0.3369896 0.3531124 1.5000581 1.5320984 1.4465833 1.4316118 1.4504638 1.5813159 1.4291278 1.7670770 1.4218645 1.5185638 1.7855179 1.0385145 
HoiH04_mRNA11714                        1.5361592 1.1356297 1.2716112 1.1907109 1.1868681 1.2110753 1.4210480 1.3296538 1.0733936 1.1755926 1.1918195 1.1200701 1.0900677 1.3114713 1.2010458 1.2343722 1.1452920 1.1397621 1.1605894 1.2339171 1.3644436 1.2032222 1.3922753 1.3776037 1.2069295 1.2880321 1.1488234 1.1820278 1.3628048 1.2318219 1.1946061 1.0950184 1.0211003 1.1052844 1.1017216 1.1860328 1.1468447 1.1046309 1.1145323 1.5323762 0.8099398 0.7771521 0.7867646 0.7919667 0.8135618 0.6779279 0.1818520 0.1658515 0.0065968 0.0000000 0.3491789 0.3609988 1.5008532 1.5546037 1.4675770 1.4524044 1.4510115 1.5577014 1.4267287 1.7628220 1.4420471 1.4846813 1.8301782 1.0385145 
TrH2_TrispH2_007394-RA                  1.2613376 1.0862419 1.1698657 1.1509770 1.1702156 1.1954513 1.3418163 1.3138695 1.2047963 1.2341033 1.2934539 1.1299683 1.0902808 1.3216922 1.0957510 1.1995595 1.1796910 1.1807827 1.1539378 1.2238294 1.2699880 1.1545677 1.4098374 1.3441635 1.2023678 1.2263466 1.1129060 1.2538559 1.2762494 1.2490482 1.2630237 1.0478628 1.0342007 1.0482721 1.0398121 1.1121680 1.1129261 1.1103299 1.1598426 1.4405861 0.7885922 0.7679666 0.8019891 0.7993350 0.7626134 0.6498544 0.4028901 0.3979581 0.3369896 0.3491789 0.0000000 0.0074106 1.5322718 1.4094671 1.4212971 1.3422167 1.3954094 1.6603047 1.3716568 1.7458295 1.2752795 1.5935453 1.8693877 1.1344179 
Tadh_TriadT18802                        1.1697568 1.0381035 1.1560365 1.1043327 1.1240369 1.1503291 1.3418163 1.3374029 1.2047963 1.2285456 1.2825985 1.0735139 1.0467689 1.3658316 1.0513641 1.1670190 1.1503912 1.1668058 1.1384475 1.1964241 1.2009244 1.0664697 1.3776148 1.3502606 1.1458057 1.1744962 1.0749525 1.1924585 1.2397896 1.2016676 1.2231903 1.0514338 1.1058389 1.0460009 1.0371853 1.0660639 1.0994314 1.0410323 1.0757331 1.3991154 0.7667797 0.7459318 0.7669664 0.7641688 0.7691486 0.7345061 0.4250153 0.4336672 0.3531124 0.3609988 0.0074106 0.0000000 1.4812081 1.4225665 1.4211361 1.3285062 1.4142488 1.6286064 1.3988057 1.8133951 1.2621709 1.5166658 1.8080831 1.1442149 
Chem_TCONS_00011435                     1.7376143 1.5744500 1.3989573 1.3470303 1.3607005 1.3334210 1.4223914 1.2564244 0.8874622 1.1176549 1.1390266 1.1438716 1.3386587 1.2019627 1.2857821 1.2917305 1.2510401 1.2899231 1.2584054 1.3395154 1.4352660 1.4405103 1.3229026 1.3183314 1.0933479 1.0187361 1.1084519 1.2797143 1.3499209 1.4349164 1.3513899 1.6133628 1.3352664 1.6209211 1.6208646 1.7418205 1.7328237 1.7302670 1.4427061 3.4743237 1.5682512 1.5751429 1.5686644 1.5369515 1.7161994 1.3481076 1.6220825 1.5818476 1.5000581 1.5008532 1.5322718 1.4812081 0.0000000 1.5165213 1.5778328 1.5526102 1.5195065 1.6541022 1.5284497 1.6617300 1.5000702 1.7825846 1.7986961 0.9265050 
Lcom_lcpid84720                         1.5729496 1.3457426 1.3388694 1.3240029 1.3091699 1.3032636 1.3406160 1.3597027 1.0228962 1.2053806 1.2874492 1.2636370 1.1868266 1.3542860 1.3765394 1.3778349 1.3500683 1.3891418 1.3523181 1.4209588 1.5724442 1.4839517 1.4259893 1.4451059 1.3495625 1.3480846 1.3430997 1.2977631 1.2384650 1.1337082 1.4199947 1.5467206 1.4265548 1.5501103 1.5396423 1.5730712 1.4602034 1.4142879 1.5637739 2.2467598 1.4477939 1.4604356 1.5473148 1.5138738 1.3804042 1.3290859 1.7238787 1.5999273 1.5320984 1.5546037 1.4094671 1.4225665 1.5165213 0.0000000 0.5408647 0.5691421 0.5526246 1.6767954 1.3513821 1.5110650 1.4312882 1.8715552 1.4979681 1.3224117 
Gracom_Gcom_C548716_01                  1.5898106 1.2786714 1.4006856 1.4515164 1.4687461 1.4350025 1.3353382 1.2808945 1.1301859 1.1408560 1.2351728 1.2563942 1.1291712 1.2303559 1.3182661 1.3673056 1.3381776 1.3673478 1.3427377 1.3683639 1.4373473 1.3787521 1.4393514 1.4058169 1.4217462 1.4392509 1.3110727 1.1960265 1.2239378 1.2707117 1.5193872 1.5248361 1.4498992 1.5244833 1.5142545 1.5558065 1.4448750 1.3986482 1.5897914 2.0717553 1.4768748 1.4641225 1.5611479 1.5313569 1.4339980 1.3735838 1.7365730 1.6442069 1.4465833 1.4675770 1.4212971 1.4211361 1.5778328 0.5408647 0.0000000 0.4493406 0.5393013 1.5822437 1.3674473 1.5672173 1.4448448 1.7369197 1.7214290 1.1154692 
Scil_scict005176.1                      1.3036566 1.2726756 1.2152363 1.2912428 1.2821502 1.2583952 1.3331922 1.2987497 1.0198871 1.1329219 1.1435369 1.2350472 1.1489738 1.2162565 1.3277593 1.3844995 1.3448493 1.3384455 1.3111831 1.3680865 1.4472900 1.4340810 1.4220914 1.3519135 1.3141101 1.4031065 1.3104346 1.1726159 1.3311591 1.1616910 1.3307442 1.5470565 1.4091451 1.5783243 1.5738303 1.5610791 1.4406224 1.3855434 1.3943475 2.0274246 1.3646092 1.3659888 1.4134714 1.3787887 1.4073449 1.4685423 1.6069988 1.5468007 1.4316118 1.4524044 1.3422167 1.3285062 1.5526102 0.5691421 0.4493406 0.0000000 0.4582391 1.5087537 1.4501469 1.4904291 1.3571416 1.6897234 1.5400477 1.1115223 
Leuniv_Lniv_C805196_01                  1.3018776 1.3372037 1.3693140 1.3033827 1.2954539 1.2205061 1.2192671 1.3472430 1.1180972 1.1745826 1.1925222 1.3628249 1.1730652 1.2528637 1.2632686 1.3216046 1.2944894 1.3257207 1.3080612 1.3672926 1.4629177 1.4129167 1.5938348 1.4807491 1.4332973 1.4571522 1.3082565 1.2557009 1.3918849 1.2607710 1.3418958 1.5029774 1.3894815 1.4934348 1.4870783 1.4636224 1.4536790 1.3975974 1.4661577 2.2179195 1.4422932 1.4256145 1.4862564 1.4713228 1.4445064 1.4755250 1.6821721 1.5753474 1.4504638 1.4510115 1.3954094 1.4142488 1.5195065 0.5526246 0.5393013 0.4582391 0.0000000 1.6453011 1.3397683 1.4996588 1.3386943 1.9534070 1.4839327 1.1735421 
Acagra_model.g31083.t1_model.g31084.t1  0.9166053 0.9864027 1.2130475 1.0115636 1.0395403 1.0659857 1.2289833 1.5110102 1.9268840 1.3543624 1.3398210 1.0939442 1.1324794 1.3580983 1.5167057 1.1620449 1.1425789 1.1932074 1.1620971 1.1301839 1.2154683 1.0386775 1.3074184 1.3266577 1.2771194 1.4549915 1.2796424 1.1347071 1.2395441 1.5792872 1.4315438 1.1967685 1.1230908 1.2346755 1.2308863 1.2608592 1.1630704 1.1596946 1.5078983 2.0890791 1.6015948 1.6220317 1.5961244 1.5809285 1.6394748 1.8112846 1.6400854 1.5799820 1.5813159 1.5577014 1.6603047 1.6286064 1.6541022 1.6767954 1.5822437 1.5087537 1.6453011 0.0000000 1.0432229 1.4426484 1.4937802 1.0110855 1.7646194 1.6559931 
