57
Lcom_lcpid212017                                     0.0000000 1.6529162 1.7286239 1.7166197 1.3016794 1.6908619 1.8893001 1.9746878 2.1136306 1.6435092 1.5432921 1.5432921 1.5744008 1.4937871 1.4937871 1.4594161 1.3215937 1.4328976 1.5917044 2.0076818 1.6766319 1.6259398 1.6745847 1.7858511 1.9959296 1.5908247 2.0145000 1.8765952 1.6410052 2.0362973 2.0425500 2.7572605 2.4460107 2.1575241 2.9901345 1.7576524 1.8912048 1.8642603 1.8521866 1.7034329 1.8052330 2.0452875 2.5228121 2.5079158 2.1472150 2.0625537 1.8017907 1.7690427 2.1748241 1.3702551 1.3702551 0.5183227 1.7308952 1.8657277 1.5272724 4.1866415 1.7558333 
Lcom_lcpid82532                                      1.6529162 0.0000000 0.5749470 1.7789767 1.0206069 1.8668911 1.4875773 1.7664527 1.6748105 0.6495118 1.3499323 1.3072781 0.8615372 1.3080721 1.3094599 1.3023813 0.8880586 1.4492701 1.4915714 1.1641345 1.7401675 1.2199366 2.1130841 1.7295584 2.2350323 1.7075028 1.8369847 1.5371326 1.8798637 1.8671676 2.0839228 5.0046608 1.1318271 1.8863660 2.0321024 1.8292050 1.9642933 1.9880569 1.7070621 1.8308257 1.9171217 1.5531145 2.5648472 2.2340887 1.5853399 1.4569001 1.3340053 1.2519890 1.8524512 1.3853553 1.3853553 3.8910026 1.7027919 2.1231329 2.4820020 4.5852110 1.5828388 
Scil_scict004750.1                                   1.7286239 0.5749470 0.0000000 1.8989154 0.9799661 1.9116071 1.4717166 1.8022221 1.7117445 0.5590875 1.4171177 1.4246397 0.8809538 1.3665765 1.3680042 1.4286113 0.9084156 1.5460262 1.6428941 1.4724529 1.9989645 0.9674692 2.0990149 1.7927981 2.3666701 1.7923338 1.8002352 1.7690357 1.5451631 1.9156232 2.0177473 4.4366600 1.2426453 1.9370409 1.9105655 1.8271440 1.8529282 1.8580112 1.5986726 2.0687259 2.1632533 1.8266837 2.8076204 2.5472464 1.8590342 1.7135447 1.5588795 1.5025062 1.8696764 1.5000988 1.5000988 5.4333482 1.7107197 2.1652318 2.5307624 4.1763759 1.5751314 
Bralan_BLAG12000372_1                                1.7166197 1.7789767 1.8989154 0.0000000 0.6052133 1.9607699 1.3190162 1.6362413 1.5914271 2.0130660 1.7553044 1.7163663 1.0366023 1.7055925 1.6799727 1.9278761 0.8820813 1.9982541 1.7164216 1.6705074 2.4014690 0.8023893 2.1175053 1.7453925 2.4204972 1.9543504 1.9805279 1.7876774 1.8876976 2.0894817 1.9498452 4.7284527 1.2537735 1.9179053 1.7310343 1.8744821 1.8074063 2.5064270 2.0502195 1.3608621 1.4994820 1.3085303 2.2923869 2.0759999 1.4598175 1.9482757 2.1101639 1.8830654 2.0114826 1.4538797 1.4538797 5.8163692 2.2538744 1.9931043 3.6525664 4.0676489 4.8526745 
Skow_XM_006823808.1                                  1.3016794 1.0206069 0.9799661 0.6052133 0.0000000 0.8437765 0.7677384 0.7795528 0.7432682 0.8434028 1.0102685 1.0030390 1.0405960 0.9358674 0.9358674 0.9354998 0.6347063 0.8427041 0.8358768 0.9411881 0.9723392 0.9557658 1.4068038 0.9035059 1.5864465 0.9178283 1.1143610 0.9831168 1.1005669 1.2605783 1.4161945 2.4486535 2.8228839 1.4579690 2.2075283 1.2972822 1.2594407 1.5390745 1.0907306 0.8438457 0.8667017 1.1036758 1.2970985 1.3342489 1.0110508 1.0263253 1.1541432 1.0212104 1.0212816 1.0101107 1.0101107 8.9999986 1.1079546 1.0970007 0.7760410 3.5639503 3.0926291 
Sanmal_Sma_006169-T1                                 1.6908619 1.8668911 1.9116071 1.9607699 0.8437765 0.0000000 0.5288952 0.7585175 0.6923748 2.0505261 1.8588666 1.9036129 1.0679985 1.8497033 1.8629174 1.9547403 1.0205680 1.6169880 1.6729958 1.4655566 1.7510070 0.6830935 1.8727538 1.5304657 1.9781020 1.5340708 1.3829370 1.2717098 1.5420455 1.6711082 1.7430919 5.0782370 0.8671015 1.5118307 1.5618675 1.6307747 1.6873766 1.9114693 1.6897599 2.2193966 2.2836985 1.6837461 2.9793003 2.6052894 2.3298909 2.3288328 2.2200035 2.0032023 1.2472642 1.7904694 1.7904694 6.1745669 1.8187337 2.1512001 3.1719530 4.2224055 5.9608877 
Aaur_scaffold633.g10.t1                              1.8893001 1.4875773 1.4717166 1.3190162 0.7677384 0.5288952 0.0000000 0.2586196 0.2946160 1.5489835 1.6015227 1.6162860 1.1207866 1.5726616 1.5860221 1.4847264 0.8900952 1.3330798 1.5979371 1.5205206 1.5780987 0.6198386 1.2100083 1.1195438 1.5406838 1.1500523 0.9852290 1.0867731 1.0258259 1.0327436 1.1413441 2.4397592 0.8917329 0.9873853 1.3271252 1.1044647 1.1670503 1.6446604 1.3562908 1.7765049 1.7612688 1.6987581 2.1082144 2.1512692 1.8874993 1.9142880 1.9130189 1.8601112 0.8483573 1.5784766 1.5784766 4.2467675 1.4489450 1.8890499 2.5788129 3.3986257 4.8981189 
Rhoesc_Res_005409-T1                                 1.9746878 1.7664527 1.8022221 1.6362413 0.7795528 0.7585175 0.2586196 0.0000000 0.1697020 1.9953678 1.9799846 1.9856922 1.1251242 1.9257073 1.9401677 1.9624642 0.8824429 1.6252865 1.4700890 1.3466086 1.6166817 0.6115777 1.4904626 1.2842575 1.7634840 1.2821245 1.0885361 1.1220007 1.2209198 1.3421143 1.3985555 3.5020041 0.8410795 1.2385003 1.3602223 1.2064364 1.3201918 1.6969938 1.4058866 1.8710411 1.9009033 1.5636273 2.5693731 2.3170993 1.9892999 1.9965320 2.0454710 1.8825837 1.0382375 1.6331420 1.6331420 4.8589134 1.6943359 2.0233696 3.3863702 3.4527408 6.3917453 
Nemnom_g16620.t1                                     2.1136306 1.6748105 1.7117445 1.5914271 0.7432682 0.6923748 0.2946160 0.1697020 0.0000000 1.9640201 1.8785872 1.8910638 1.0890564 1.8552612 1.8693005 1.8483666 0.9280655 1.5306446 1.4548642 1.2793915 1.6620663 0.6701634 1.5532830 1.2718292 1.6919750 1.3025262 1.0809715 1.1642740 1.2381678 1.1534682 1.3016854 3.2627828 0.7637799 1.1726933 1.2417561 1.1307813 1.1831669 1.7744178 1.4570417 1.9556548 1.8172251 1.5267993 2.5941598 2.3201666 1.9680638 1.9750048 1.9141753 1.8218199 1.0479870 1.6180263 1.6180263 5.2646770 1.6491459 2.2312607 3.2129746 3.5609938 4.9933837 
Leuniv_Lniv_C803654_01                               1.6435092 0.6495118 0.5590875 2.0130660 0.8434028 2.0505261 1.5489835 1.9953678 1.9640201 0.0000000 1.5798678 1.5097517 1.0077781 1.4944912 1.4983235 1.5175387 0.9377593 1.6685628 1.8873888 1.4404797 2.0999287 1.1439470 2.1674154 1.7747525 2.3471169 1.6736824 2.1280131 1.6834933 1.7671796 2.0960499 2.1380075 4.8498818 1.3549784 2.0963874 1.9361860 1.9619793 2.1024180 1.9891355 1.6496922 2.0908401 2.1047685 1.8318291 2.7466471 2.4854849 2.0300919 1.7542191 1.6455668 1.5490342 1.9753184 1.4063968 1.4063968 5.9763703 1.7522986 1.9599648 2.9659165 4.6585111 1.6867825 
HoiH23_PlH23_001568-RA                               1.5432921 1.3499323 1.4171177 1.7553044 1.0102685 1.8588666 1.6015227 1.9799846 1.8785872 1.5798678 0.0000000 0.0377878 0.0918638 0.1115546 0.1149647 0.3235677 0.1385050 1.8039111 1.5859162 1.3282729 2.0567171 0.8922044 1.8766664 1.6507586 2.2072800 1.7433042 1.8670750 1.8240494 1.6405255 2.2726743 2.3573583 5.5978320 1.3879725 2.2142032 1.9641044 2.1613200 2.1357255 1.9825331 1.6967573 1.8130152 2.1830225 1.5480379 2.5949843 2.2153755 1.9210117 1.6042141 1.5210039 1.4164025 2.0283474 1.6868878 1.6868878 6.6874560 1.9167690 1.8819127 2.5293314 4.7706209 2.8808058 
HoiH06_mRNA6798                                      1.5432921 1.3072781 1.4246397 1.7163663 1.0030390 1.9036129 1.6162860 1.9856922 1.8910638 1.5097517 0.0377878 0.0000000 0.0900335 0.1369378 0.1403128 0.3446102 0.1587774 1.7697421 1.5747784 1.3180179 2.0970298 0.8694597 1.8307995 1.6109090 2.1566216 1.6844859 1.8794859 1.7874513 1.5992958 2.2351270 2.2826903 5.1085591 1.4119982 2.1728781 1.9476414 2.1437364 2.1008156 1.9566024 1.6880926 1.7975686 2.1130077 1.5824866 2.6697207 2.2059633 1.8686648 1.5399878 1.5350901 1.3909965 2.0253830 1.7037148 1.7037148 6.0445856 1.8498384 1.8593211 2.6032096 5.0852354 2.8655455 
HoiH11_mRNA8673                                      1.5744008 0.8615372 0.8809538 1.0366023 1.0405960 1.0679985 1.1207866 1.1251242 1.0890564 1.0077781 0.0918638 0.0900335 0.0000000 0.1052903 0.1052903 0.1455250 0.1182355 0.8915073 1.1912542 1.0371948 1.1045079 0.9521901 1.1851386 1.0345996 1.3181754 1.0732645 1.0519170 1.0756948 1.0342489 1.3965262 1.3621710 2.0788065 1.5282028 1.4123915 1.7949586 1.3185636 1.3848643 1.2200334 1.0824087 1.0813791 1.2812238 1.5640138 1.6570257 1.6670780 1.1548638 1.0734188 1.1074529 1.0758990 1.0616544 1.0734323 1.0734323 3.4524246 1.2014478 1.2046299 0.8009140 4.1591239 1.6601632 
Hhon_g04774.t1                                       1.4937871 1.3080721 1.3665765 1.7055925 0.9358674 1.8497033 1.5726616 1.9257073 1.8552612 1.4944912 0.1115546 0.1369378 0.1052903 0.0000000 0.0079744 0.3116463 0.1592705 1.6844240 1.5704857 1.2836521 2.0944277 0.8897487 1.8912917 1.6086451 2.2473290 1.6718824 1.7549885 1.7433201 1.7398406 2.0793626 2.1983883 4.9948228 1.3640589 2.0345619 1.8075082 2.1129032 2.0634281 2.0164467 1.7012234 1.7447391 1.9885672 1.5257035 2.4596263 2.1249621 1.8983417 1.5637478 1.4357887 1.3327429 1.8861830 1.5739060 1.5739060 5.5441886 1.8116664 1.7948584 2.5666494 4.5999164 3.1460228 
HoiH04_mRNA15321                                     1.4937871 1.3094599 1.3680042 1.6799727 0.9358674 1.8629174 1.5860221 1.9401677 1.8693005 1.4983235 0.1149647 0.1403128 0.1052903 0.0079744 0.0000000 0.3075904 0.1592705 1.7116433 1.5823177 1.2953286 2.1360427 0.8897487 1.9244623 1.6316356 2.2874988 1.7096432 1.7744186 1.7158832 1.7273444 2.0683316 2.1727858 4.8406495 1.3640589 2.0240597 1.8320135 2.0879903 2.0394069 2.0306762 1.7140055 1.7321189 2.0122808 1.5257035 2.4652449 2.1306229 1.8735181 1.5707465 1.4463852 1.3444800 1.8998678 1.5472827 1.5472827 5.1912914 1.8488271 1.8076798 2.6601473 4.5815205 3.1832314 
TrH2_TrispH2_006259-RA                               1.4594161 1.3023813 1.4286113 1.9278761 0.9354998 1.9547403 1.4847264 1.9624642 1.8483666 1.5175387 0.3235677 0.3446102 0.1455250 0.3116463 0.3075904 0.0000000 0.0267608 1.7923305 1.6223540 1.3560682 1.9887023 0.9669681 2.0625581 1.8212966 2.4618472 1.9474952 2.0572914 1.7726793 1.6259197 2.3046256 2.4245142 6.0825298 1.4632539 2.3733883 1.9813884 2.2785221 2.2822554 2.2154974 1.8621475 1.8716764 2.2066452 1.5646399 2.6614291 2.2118088 2.0855738 1.6391685 1.4663681 1.3653056 2.0458761 1.6284561 1.6284561 6.1194214 2.0826011 1.9254621 2.9112691 4.9133513 3.2525754 
Tadh_TriadT20435                                     1.3215937 0.8880586 0.9084156 0.8820813 0.6347063 1.0205680 0.8900952 0.8824429 0.9280655 0.9377593 0.1385050 0.1587774 0.1182355 0.1592705 0.1592705 0.0267608 0.0000000 1.0057382 1.0904531 0.9797679 0.9453216 0.7306842 1.0587643 0.9928453 1.4767028 1.0071188 1.0636582 1.1275908 0.8952893 1.1688245 1.1288341 3.9312927 1.3042721 1.1412370 1.7332049 1.1050082 1.1307301 1.3121515 1.0305086 1.0754694 1.1526185 1.2540014 1.3084581 1.3178506 1.0504883 1.0251525 1.0930362 1.0930362 0.8428509 1.0938077 1.0938077 5.7263798 1.1189434 1.2110392 0.9025450 3.1922040 2.5233145 
Tetwil_g23730.t2                                     1.4328976 1.4492701 1.5460262 1.9982541 0.8427041 1.6169880 1.3330798 1.6252865 1.5306446 1.6685628 1.8039111 1.7697421 0.8915073 1.6844240 1.7116433 1.7923305 1.0057382 0.0000000 1.3559160 0.8574329 1.6365815 1.0166068 2.4050926 1.8987613 2.7389383 1.6362286 1.7554163 1.4476405 1.8891783 2.1154830 2.1447195 5.3273988 1.0985448 2.0443447 1.6368112 1.9468878 2.0485571 2.2128914 1.9486270 1.8751647 1.8200543 1.5348592 2.7285524 2.2579381 2.2980661 1.4189590 1.1995791 1.0219391 1.6641845 1.5990559 1.5990559 4.3075105 1.8174117 1.7328156 2.0566778 4.3144997 5.0259509 
Aque_Aqu2.1.36462_001                                1.5917044 1.4915714 1.6428941 1.7164216 0.8358768 1.6729958 1.5979371 1.4700890 1.4548642 1.8873888 1.5859162 1.5747784 1.1912542 1.5704857 1.5823177 1.6223540 1.0904531 1.3559160 0.0000000 0.4709099 0.7101367 1.1672298 2.2159827 2.0156758 2.9271293 1.7194544 1.9057295 1.7030395 1.8909901 1.8777337 1.9328776 4.5538934 1.1453506 1.7070961 1.7610135 1.6547942 1.7732101 2.1223824 1.6361628 1.7751187 1.9150996 1.4641830 2.5570985 2.3022009 1.7739159 1.4148260 1.3293323 1.2251693 1.8581074 1.4404666 1.4404666 2.3152680 1.9628132 2.4420578 1.7572714 3.9067568 4.0486526 
Xestes_maker-XT_scaffold24356-snap-gene-0.38-mRNA-1  2.0076818 1.1641345 1.4724529 1.6705074 0.9411881 1.4655566 1.5205206 1.3466086 1.2793915 1.4404797 1.3282729 1.3180179 1.0371948 1.2836521 1.2953286 1.3560682 0.9797679 0.8574329 0.4709099 0.0000000 0.6784706 1.2604163 1.8642676 1.6937217 2.1693417 1.4492205 1.4061914 1.1773525 1.6914773 1.4993031 1.4473408 2.6522773 1.1289411 1.4110166 1.6424766 1.2572769 1.3299499 1.7756288 1.4895291 1.8217336 1.6098999 1.4043961 2.1253594 2.1344361 1.7230771 1.0203841 1.0423682 1.0172754 1.3383148 1.4501603 1.4501603 3.1493568 1.7706547 1.9160590 1.3225785 3.3525349 4.1131950 
Halamb_c54217_g3_i1mm.5749                           1.6766319 1.7401675 1.9989645 2.4014690 0.9723392 1.7510070 1.5780987 1.6166817 1.6620663 2.0999287 2.0567171 2.0970298 1.1045079 2.0944277 2.1360427 1.9887023 0.9453216 1.6365815 0.7101367 0.6784706 0.0000000 1.1953803 2.5111040 2.3292804 2.8994640 2.0051105 2.2521054 1.9197471 2.1911335 2.6146625 2.3682781 6.2420267 1.2551667 2.3047213 1.9966436 2.2878706 2.2939031 2.2656872 1.8613878 2.0653324 1.8879633 1.2254038 2.8822052 2.2555834 2.2013074 1.5514910 1.3576347 1.2046138 2.0010969 1.6680894 1.6680894 4.7567604 2.2903187 2.3395632 2.4554726 4.6380499 4.8540010 
Fspp_ffun1.m4.6346.m1                                1.6259398 1.2199366 0.9674692 0.8023893 0.9557658 0.6830935 0.6198386 0.6115777 0.6701634 1.1439470 0.8922044 0.8694597 0.9521901 0.8897487 0.8897487 0.9669681 0.7306842 1.0166068 1.1672298 1.2604163 1.1953803 0.0000000 0.0943199 0.1550438 0.1682348 0.1896056 0.3968973 0.4002459 0.4686086 0.5630631 0.6505532 1.6472576 0.6205283 0.5965261 0.9459098 0.5594320 0.6234661 0.5782363 0.5921871 1.1893594 1.2466220 1.6054663 1.8644146 1.8298067 1.1229681 1.2499648 1.3565586 1.2383133 0.7377032 1.0002707 1.0002707 4.4906002 0.2188639 1.1257709 1.4020225 2.5081329 2.2728771 
Gasp_gasp1.m3.14529.m1                               1.6745847 2.1130841 2.0990149 2.1175053 1.4068038 1.8727538 1.2100083 1.4904626 1.5532830 2.1674154 1.8766664 1.8307995 1.1851386 1.8912917 1.9244623 2.0625581 1.0587643 2.4050926 2.2159827 1.8642676 2.5111040 0.0943199 0.0000000 0.6253782 0.6974756 0.7319123 1.3616638 1.1071877 1.5550185 1.2894818 1.4309572 2.9781092 0.8321973 1.2791374 1.2203729 1.1421201 1.2393636 1.5875885 1.4976335 2.4584636 2.4359727 1.7110540 3.4936335 2.6750429 2.3193705 2.5831724 2.4494767 2.1410151 1.9902071 1.8615484 1.8615484 6.7240770 0.7927596 2.1845668 4.4607229 3.9906631 5.8275899 
Pocdam_XM_027195194.1                                1.7858511 1.7295584 1.7927981 1.7453925 0.9035059 1.5304657 1.1195438 1.2842575 1.2718292 1.7747525 1.6507586 1.6109090 1.0345996 1.6086451 1.6316356 1.8212966 0.9928453 1.8987613 2.0156758 1.6937217 2.3292804 0.1550438 0.6253782 0.0000000 0.3015326 0.5011418 0.9674312 0.8709310 1.2947097 1.2082287 1.2303820 2.8967431 0.7593281 1.2493143 1.0825062 1.2229484 1.1999396 1.7507310 1.3627168 2.0640558 2.1117402 1.4063932 2.3230798 2.0463234 2.0322143 2.0638232 1.7993931 1.6591260 1.6171333 1.6385252 1.6385252 6.2204909 0.5132978 1.9826920 3.7459991 3.4898564 5.7607865 
Spis_XP_022804478_1                                  1.9959296 2.2350323 2.3666701 2.4204972 1.5864465 1.9781020 1.5406838 1.7634840 1.6919750 2.3471169 2.2072800 2.1566216 1.3181754 2.2473290 2.2874988 2.4618472 1.4767028 2.7389383 2.9271293 2.1693417 2.8994640 0.1682348 0.6974756 0.3015326 0.0000000 0.8602873 1.4195481 1.1568920 1.6628761 1.4984767 1.6292078 3.3265523 1.0623110 1.4591777 1.4296133 1.4961376 1.4406865 1.7338787 1.6726525 2.9141835 2.7301870 1.7986607 3.7671328 3.1238092 2.8559911 2.7559457 2.3987470 2.2631530 2.1283080 2.0016657 2.0016657 6.2138154 1.0132886 2.2177000 3.7701723 4.4521766 5.7136205 
Gfas_gfas1.m1.18115.m1                               1.5908247 1.7075028 1.7923338 1.9543504 0.9178283 1.5340708 1.1500523 1.2821245 1.3025262 1.6736824 1.7433042 1.6844859 1.0732645 1.6718824 1.7096432 1.9474952 1.0071188 1.6362286 1.7194544 1.4492205 2.0051105 0.1896056 0.7319123 0.5011418 0.8602873 0.0000000 1.0152713 1.0611635 1.4194397 1.0495008 1.1867950 2.5984569 0.7335499 1.1151725 1.0201769 1.1548697 1.1362679 1.5323730 1.2070970 2.0577610 2.2180730 1.6296194 2.8235457 2.2359371 2.3081698 2.0847851 1.8662117 1.7491143 1.5523197 1.4827552 1.4827552 4.6809633 0.4282912 1.9063356 3.5259237 3.4237333 5.5462456 
Nvec_v1g203646                                       2.0145000 1.8369847 1.8002352 1.9805279 1.1143610 1.3829370 0.9852290 1.0885361 1.0809715 2.1280131 1.8670750 1.8794859 1.0519170 1.7549885 1.7744186 2.0572914 1.0636582 1.7554163 1.9057295 1.4061914 2.2521054 0.3968973 1.3616638 0.9674312 1.4195481 1.0152713 0.0000000 0.6661224 1.2850423 1.3443454 1.4741991 4.5713698 0.6709352 1.3452130 1.1915560 1.3636388 1.4153033 1.5819826 1.2855224 2.2533709 2.2669353 1.6906995 2.7259424 2.4303113 2.4166560 1.7939850 1.5554182 1.4949002 1.4895627 1.5755966 1.5755966 6.6024349 1.2558778 2.0068229 4.0583710 4.1777230 8.3159968 
Exapal_XM_021040789.2                                1.8765952 1.5371326 1.7690357 1.7876774 0.9831168 1.2717098 1.0867731 1.1220007 1.1642740 1.6834933 1.8240494 1.7874513 1.0756948 1.7433201 1.7158832 1.7726793 1.1275908 1.4476405 1.7030395 1.1773525 1.9197471 0.4002459 1.1071877 0.8709310 1.1568920 1.0611635 0.6661224 0.0000000 1.2530658 1.2223445 1.3431593 3.3976855 0.6343542 1.0782687 1.0220159 1.1070255 1.2248839 1.5361543 1.1785217 2.0194347 2.0476607 1.5171767 2.3493090 2.0344268 2.2726519 1.6655014 1.5134962 1.3050793 1.4017944 1.2922197 1.2922197 3.4362052 1.2348045 1.8751921 3.3647835 3.7387955 5.5323976 
Dgig_XM_028552944.1                                  1.6410052 1.8798637 1.5451631 1.8876976 1.1005669 1.5420455 1.0258259 1.2209198 1.2381678 1.7671796 1.6405255 1.5992958 1.0342489 1.7398406 1.7273444 1.6259197 0.8952893 1.8891783 1.8909901 1.6914773 2.1911335 0.4686086 1.5550185 1.2947097 1.6628761 1.4194397 1.2850423 1.2530658 0.0000000 1.7230014 1.6918000 4.7419758 0.9189394 1.7753567 1.3876962 1.5669200 1.6196036 0.9102712 0.6674746 1.8649482 1.8753897 1.6085108 2.3690314 2.1642727 2.1512593 1.9244397 2.0590530 1.8417047 1.6869102 1.4810461 1.4810461 4.6074172 1.3811694 1.9679589 3.2992298 3.5572768 5.6783948 
Fspp_ffun1.m4.6339.m1                                2.0362973 1.8671676 1.9156232 2.0894817 1.2605783 1.6711082 1.0327436 1.3421143 1.1534682 2.0960499 2.2726743 2.2351270 1.3965262 2.0793626 2.0683316 2.3046256 1.1688245 2.1154830 1.8777337 1.4993031 2.6146625 0.5630631 1.2894818 1.2082287 1.4984767 1.0495008 1.3443454 1.2223445 1.7230014 0.0000000 0.4175099 0.8433805 0.2087636 0.3202575 0.2908215 0.3900238 0.3666688 2.0742108 1.6414096 2.3840075 2.2474060 1.6395418 2.6761986 2.2548660 2.7723501 2.1634314 1.8329914 1.7127664 1.7166032 1.6893641 1.6893641 5.7161134 1.2484074 2.2704776 4.9391963 3.5798295 6.1080744 
Amil_Amillepora12886-RA                              2.0425500 2.0839228 2.0177473 1.9498452 1.4161945 1.7430919 1.1413441 1.3985555 1.3016854 2.1380075 2.3573583 2.2826903 1.3621710 2.1983883 2.1727858 2.4245142 1.1288341 2.1447195 1.9328776 1.4473408 2.3682781 0.6505532 1.4309572 1.2303820 1.6292078 1.1867950 1.4741991 1.3431593 1.6918000 0.4175099 0.0000000 0.0309644 0.1013381 0.3751274 0.3791157 0.5494922 0.5249357 2.1287283 1.7357887 2.1006328 2.1362625 1.5739243 2.7385495 2.2775454 2.4434763 2.3233656 2.0512734 1.7851601 1.7845938 1.6499671 1.6499671 4.8263474 1.4353208 2.2505179 4.6695814 3.7299973 6.2396113 
Adig_XM_015896734.1                                  2.7572605 5.0046608 4.4366600 4.7284527 2.4486535 5.0782370 2.4397592 3.5020041 3.2627828 4.8498818 5.5978320 5.1085591 2.0788065 4.9948228 4.8406495 6.0825298 3.9312927 5.3273988 4.5538934 2.6522773 6.2420267 1.6472576 2.9781092 2.8967431 3.3265523 2.5984569 4.5713698 3.3976855 4.7419758 0.8433805 0.0309644 0.0000000 0.9331975 0.8040114 0.4368220 1.2685853 1.1854103 4.8845207 4.2484399 5.5006711 4.4071595 1.8541840 6.8710939 5.0143046 6.0326898 4.3383780 3.5675083 3.1099863 4.9802440 3.4876455 3.4876455 5.5377113 2.8384319 4.4617144 5.5105786 8.9999986 6.3830377 
Adig_XM_015896648.1                                  2.4460107 1.1318271 1.2426453 1.2537735 2.8228839 0.8671015 0.8917329 0.8410795 0.7637799 1.3549784 1.3879725 1.4119982 1.5282028 1.3640589 1.3640589 1.4632539 1.3042721 1.0985448 1.1453506 1.1289411 1.2551667 0.6205283 0.8321973 0.7593281 1.0623110 0.7335499 0.6709352 0.6343542 0.9189394 0.2087636 0.1013381 0.9331975 0.0000000 0.1714602 0.1987472 0.2696869 0.2450267 1.3570263 0.9917415 1.2809919 1.7130607 1.7909303 1.6641467 1.6447389 1.4335232 1.8396104 1.6447240 1.6054369 0.7247483 1.2223003 1.2223003 1.8782845 0.6701729 1.9856307 3.5101433 2.6735448 2.6603715 
Gfas_gfas1.m1.18110.m1                               2.1575241 1.8863660 1.9370409 1.9179053 1.4579690 1.5118307 0.9873853 1.2385003 1.1726933 2.0963874 2.2142032 2.1728781 1.4123915 2.0345619 2.0240597 2.3733883 1.1412370 2.0443447 1.7070961 1.4110166 2.3047213 0.5965261 1.2791374 1.2493143 1.4591777 1.1151725 1.3452130 1.0782687 1.7753567 0.3202575 0.3751274 0.8040114 0.1714602 0.0000000 0.3383007 0.4569035 0.4717950 1.9215149 1.5318461 2.2489518 2.3193937 1.6101967 2.7405292 2.3067666 2.5023018 2.1521429 1.9669877 1.7878318 1.6424358 1.6676799 1.6676799 3.9615339 1.2182905 2.3008235 4.4474107 3.6809496 6.3961741 
Gasp_gasp1.m3.31931.m1                               2.9901345 2.0321024 1.9105655 1.7310343 2.2075283 1.5618675 1.3271252 1.3602223 1.2417561 1.9361860 1.9641044 1.9476414 1.7949586 1.8075082 1.8320135 1.9813884 1.7332049 1.6368112 1.7610135 1.6424766 1.9966436 0.9459098 1.2203729 1.0825062 1.4296133 1.0201769 1.1915560 1.0220159 1.3876962 0.2908215 0.3791157 0.4368220 0.1987472 0.3383007 0.0000000 0.3949218 0.4114641 1.9801121 1.5612428 2.0843576 1.9907972 1.8652051 2.7288674 2.7468664 2.1564916 2.2810916 2.0441340 2.0563231 1.4106952 1.7625494 1.7625494 3.9268364 1.0857172 2.1926383 2.7126113 3.6060038 4.3251777 
Spis_XP_022803353_1                                  1.7576524 1.8292050 1.8271440 1.8744821 1.2972822 1.6307747 1.1044647 1.2064364 1.1307813 1.9619793 2.1613200 2.1437364 1.3185636 2.1129032 2.0879903 2.2785221 1.1050082 1.9468878 1.6547942 1.2572769 2.2878706 0.5594320 1.1421201 1.2229484 1.4961376 1.1548697 1.3636388 1.1070255 1.5669200 0.3900238 0.5494922 1.2685853 0.2696869 0.4569035 0.3949218 0.0000000 0.1515814 1.9030572 1.5571349 2.3004811 2.2290438 1.5367157 2.8667927 2.4099395 2.3274341 2.2070457 1.9946755 1.7575359 1.6154927 1.6616724 1.6616724 4.7284578 1.2411612 2.2847539 3.8888609 3.8168050 6.2418960 
Pocdam_XM_027195064.1                                1.8912048 1.9642933 1.8529282 1.8074063 1.2594407 1.6873766 1.1670503 1.3201918 1.1831669 2.1024180 2.1357255 2.1008156 1.3848643 2.0634281 2.0394069 2.2822554 1.1307301 2.0485571 1.7732101 1.3299499 2.2939031 0.6234661 1.2393636 1.1999396 1.4406865 1.1362679 1.4153033 1.2248839 1.6196036 0.3666688 0.5249357 1.1854103 0.2450267 0.4717950 0.4114641 0.1515814 0.0000000 1.9908162 1.6418243 2.4060856 2.2611003 1.6505986 2.8888136 2.5389953 2.5189142 2.2813936 2.0303412 1.7922624 1.6501717 1.6782846 1.6782846 4.3274007 1.2430059 2.4471348 4.3819029 3.7786824 5.5874020 
Xesp_010038-T1                                       1.8642603 1.9880569 1.8580112 2.5064270 1.5390745 1.9114693 1.6446604 1.6969938 1.7744178 1.9891355 1.9825331 1.9566024 1.2200334 2.0164467 2.0306762 2.2154974 1.3121515 2.2128914 2.1223824 1.7756288 2.2656872 0.5782363 1.5875885 1.7507310 1.7338787 1.5323730 1.5819826 1.5361543 0.9102712 2.0742108 2.1287283 4.8845207 1.3570263 1.9215149 1.9801121 1.9030572 1.9908162 0.0000000 0.1154368 2.3672973 2.6199712 2.0209464 3.0559709 2.8367712 2.3761914 2.3544481 2.2308686 2.0172798 2.2220463 1.8565014 1.8565014 5.4458876 1.5982889 2.2194539 3.2325389 4.4879237 4.9858438 
Xesp_010039-T1                                       1.8521866 1.7070621 1.5986726 2.0502195 1.0907306 1.6897599 1.3562908 1.4058866 1.4570417 1.6496922 1.6967573 1.6880926 1.0824087 1.7012234 1.7140055 1.8621475 1.0305086 1.9486270 1.6361628 1.4895291 1.8613878 0.5921871 1.4976335 1.3627168 1.6726525 1.2070970 1.2855224 1.1785217 0.6674746 1.6414096 1.7357887 4.2484399 0.9917415 1.5318461 1.5612428 1.5571349 1.6418243 0.1154368 0.0000000 1.8562011 2.1992496 1.6984154 2.4027102 2.1908566 2.0712850 1.9711103 1.8297912 1.6132615 1.7911475 1.4921667 1.4921667 4.1747071 1.2347925 1.9525224 2.9701008 3.6187338 5.1272660 
Acagra_model.g6115.t1                                1.7034329 1.8308257 2.0687259 1.3608621 0.8438457 2.2193966 1.7765049 1.8710411 1.9556548 2.0908401 1.8130152 1.7975686 1.0813791 1.7447391 1.7321189 1.8716764 1.0754694 1.8751647 1.7751187 1.8217336 2.0653324 1.1893594 2.4584636 2.0640558 2.9141835 2.0577610 2.2533709 2.0194347 1.8649482 2.3840075 2.1006328 5.5006711 1.2809919 2.2489518 2.0843576 2.3004811 2.4060856 2.3672973 1.8562011 0.0000000 1.0547015 0.8999344 1.6721607 1.5330393 1.0619458 2.1093912 2.0064577 1.8321371 2.3017620 1.4082328 1.4082328 6.6901837 2.2442556 1.7075664 2.9158888 3.7890877 5.9210172 
Cgig_NM_001305360.1                                  1.8052330 1.9171217 2.1632533 1.4994820 0.8667017 2.2836985 1.7612688 1.9009033 1.8172251 2.1047685 2.1830225 2.1130077 1.2812238 1.9885672 2.0122808 2.2066452 1.1526185 1.8200543 1.9150996 1.6098999 1.8879633 1.2466220 2.4359727 2.1117402 2.7301870 2.2180730 2.2669353 2.0476607 1.8753897 2.2474060 2.1362625 4.4071595 1.7130607 2.3193937 1.9907972 2.2290438 2.2611003 2.6199712 2.1992496 1.0547015 0.0000000 0.8741729 1.6807119 1.4740438 1.1301861 2.2301903 1.9758669 1.7139902 2.3434009 1.6179378 1.6179378 6.5872689 2.4718078 1.7809304 3.6199806 4.2389082 5.7171036 
Ctel_gnl_WGS_AMQN_CAPTEDRAFT_mRNA151460              2.0452875 1.5531145 1.8266837 1.3085303 1.1036758 1.6837461 1.6987581 1.5636273 1.5267993 1.8318291 1.5480379 1.5824866 1.5640138 1.5257035 1.5257035 1.5646399 1.2540014 1.5348592 1.4641830 1.4043961 1.2254038 1.6054663 1.7110540 1.4063932 1.7986607 1.6296194 1.6906995 1.5171767 1.6085108 1.6395418 1.5739243 1.8541840 1.7909303 1.6101967 1.8652051 1.5367157 1.6505986 2.0209464 1.6984154 0.8999344 0.8741729 0.0000000 0.7441694 0.7359118 0.9248878 1.6181044 1.4492238 1.3334031 1.5243626 1.5441079 1.5441079 2.3331701 1.7211053 1.5324197 1.6995300 3.7133887 2.8931152 
Ctel_gnl_WGS_AMQN_CAPTEDRAFT_mRNA227551              2.5228121 2.5648472 2.8076204 2.2923869 1.2970985 2.9793003 2.1082144 2.5693731 2.5941598 2.7466471 2.5949843 2.6697207 1.6570257 2.4596263 2.4652449 2.6614291 1.3084581 2.7285524 2.5570985 2.1253594 2.8822052 1.8644146 3.4936335 2.3230798 3.7671328 2.8235457 2.7259424 2.3493090 2.3690314 2.6761986 2.7385495 6.8710939 1.6641467 2.7405292 2.7288674 2.8667927 2.8888136 3.0559709 2.4027102 1.6721607 1.6807119 0.7441694 0.0000000 0.0330093 1.9092634 2.6435806 2.5777831 2.4930965 2.8824744 2.3338975 2.3338975 6.9102650 2.5898131 2.3333849 4.7381028 4.7223999 8.7047570 
Ctel_gnl_WGS_AMQN_CAPTEDRAFT_mRNA122794              2.5079158 2.2340887 2.5472464 2.0759999 1.3342489 2.6052894 2.1512692 2.3170993 2.3201666 2.4854849 2.2153755 2.2059633 1.6670780 2.1249621 2.1306229 2.2118088 1.3178506 2.2579381 2.3022009 2.1344361 2.2555834 1.8298067 2.6750429 2.0463234 3.1238092 2.2359371 2.4303113 2.0344268 2.1642727 2.2548660 2.2775454 5.0143046 1.6447389 2.3067666 2.7468664 2.4099395 2.5389953 2.8367712 2.1908566 1.5330393 1.4740438 0.7359118 0.0330093 0.0000000 1.6585961 2.3514386 2.3896504 2.4005684 2.5651202 2.1656668 2.1656668 6.4797110 2.4012195 1.9627072 4.2222988 4.1917807 6.0308900 
Acagra_model.g6114.t1                                2.1472150 1.5853399 1.8590342 1.4598175 1.0110508 2.3298909 1.8874993 1.9892999 1.9680638 2.0300919 1.9210117 1.8686648 1.1548638 1.8983417 1.8735181 2.0855738 1.0504883 2.2980661 1.7739159 1.7230771 2.2013074 1.1229681 2.3193705 2.0322143 2.8559911 2.3081698 2.4166560 2.2726519 2.1512593 2.7723501 2.4434763 6.0326898 1.4335232 2.5023018 2.1564916 2.3274341 2.5189142 2.3761914 2.0712850 1.0619458 1.1301861 0.9248878 1.9092634 1.6585961 0.0000000 2.1473859 1.9891209 1.7447449 2.0657403 1.7052298 1.7052298 7.2251852 2.0997782 2.2542324 4.3932658 4.7594025 4.4110819 
Emue_Em0006g1037a.t1                                 2.0625537 1.4569001 1.7135447 1.9482757 1.0263253 2.3288328 1.9142880 1.9965320 1.9750048 1.7542191 1.6042141 1.5399878 1.0734188 1.5637478 1.5707465 1.6391685 1.0251525 1.4189590 1.4148260 1.0203841 1.5514910 1.2499648 2.5831724 2.0638232 2.7559457 2.0847851 1.7939850 1.6655014 1.9244397 2.1634314 2.3233656 4.3383780 1.8396104 2.1521429 2.2810916 2.2070457 2.2813936 2.3544481 1.9711103 2.1093912 2.2301903 1.6181044 2.6435806 2.3514386 2.1473859 0.0000000 0.2754222 0.2210440 2.1093829 1.4324461 1.4324461 3.2639346 2.0166630 2.1452296 1.5645983 4.2311149 4.0760585 
Spolac_c100535_g1_i1_m.22760c100535-g1               1.8017907 1.3340053 1.5588795 2.1101639 1.1541432 2.2200035 1.9130189 2.0454710 1.9141753 1.6455668 1.5210039 1.5350901 1.1074529 1.4357887 1.4463852 1.4663681 1.0930362 1.1995791 1.3293323 1.0423682 1.3576347 1.3565586 2.4494767 1.7993931 2.3987470 1.8662117 1.5554182 1.5134962 2.0590530 1.8329914 2.0512734 3.5675083 1.6447240 1.9669877 2.0441340 1.9946755 2.0303412 2.2308686 1.8297912 2.0064577 1.9758669 1.4492238 2.5777831 2.3896504 1.9891209 0.2754222 0.0000000 0.0000010 2.1044311 1.3706584 1.3706584 2.9045265 1.9308125 2.0236216 1.3451978 3.6083692 2.8659142 
Spolac_c100535_g1_i2_m.22762c100535-g1               1.7690427 1.2519890 1.5025062 1.8830654 1.0212104 2.0032023 1.8601112 1.8825837 1.8218199 1.5490342 1.4164025 1.3909965 1.0758990 1.3327429 1.3444800 1.3653056 1.0930362 1.0219391 1.2251693 1.0172754 1.2046138 1.2383133 2.1410151 1.6591260 2.2631530 1.7491143 1.4949002 1.3050793 1.8417047 1.7127664 1.7851601 3.1099863 1.6054369 1.7878318 2.0563231 1.7575359 1.7922624 2.0172798 1.6132615 1.8321371 1.7139902 1.3334031 2.4930965 2.4005684 1.7447449 0.2210440 0.0000010 0.0000000 1.7554200 1.3191791 1.3191791 2.6019160 1.7531293 1.8669401 1.0753606 3.2202270 2.9958273 
Morvir_scaffold334.g6.t1                             2.1748241 1.8524512 1.8696764 2.0114826 1.0212816 1.2472642 0.8483573 1.0382375 1.0479870 1.9753184 2.0283474 2.0253830 1.0616544 1.8861830 1.8998678 2.0458761 0.8428509 1.6641845 1.8581074 1.3383148 2.0010969 0.7377032 1.9902071 1.6171333 2.1283080 1.5523197 1.4895627 1.4017944 1.6869102 1.7166032 1.7845938 4.9802440 0.7247483 1.6424358 1.4106952 1.6154927 1.6501717 2.2220463 1.7911475 2.3017620 2.3434009 1.5243626 2.8824744 2.5651202 2.0657403 2.1093829 2.1044311 1.7554200 0.0000000 1.7958179 1.7958179 4.8806522 1.4620910 2.3219961 4.3133831 3.3237633 6.4570865 
Opea_EP00118_Oscarella_pearsei_P002962               1.3702551 1.3853553 1.5000988 1.4538797 1.0101107 1.7904694 1.5784766 1.6331420 1.6180263 1.4063968 1.6868878 1.7037148 1.0734323 1.5739060 1.5472827 1.6284561 1.0938077 1.5990559 1.4404666 1.4501603 1.6680894 1.0002707 1.8615484 1.6385252 2.0016657 1.4827552 1.5755966 1.2922197 1.4810461 1.6893641 1.6499671 3.4876455 1.2223003 1.6676799 1.7625494 1.6616724 1.6782846 1.8565014 1.4921667 1.4082328 1.6179378 1.5441079 2.3338975 2.1656668 1.7052298 1.4324461 1.3706584 1.3191791 1.7958179 0.0000000 0.0000010 0.1884376 1.9271962 1.8746685 2.3029840 4.3051781 3.4838238 
Ocar_g2383                                           1.3702551 1.3853553 1.5000988 1.4538797 1.0101107 1.7904694 1.5784766 1.6331420 1.6180263 1.4063968 1.6868878 1.7037148 1.0734323 1.5739060 1.5472827 1.6284561 1.0938077 1.5990559 1.4404666 1.4501603 1.6680894 1.0002707 1.8615484 1.6385252 2.0016657 1.4827552 1.5755966 1.2922197 1.4810461 1.6893641 1.6499671 3.4876455 1.2223003 1.6676799 1.7625494 1.6616724 1.6782846 1.8565014 1.4921667 1.4082328 1.6179378 1.5441079 2.3338975 2.1656668 1.7052298 1.4324461 1.3706584 1.3191791 1.7958179 0.0000010 0.0000000 0.1884376 1.9271962 1.8746685 2.3029840 4.3051781 3.4838238 
Opea_EP00118_Oscarella_pearsei_P002963               0.5183227 3.8910026 5.4333482 5.8163692 8.9999986 6.1745669 4.2467675 4.8589134 5.2646770 5.9763703 6.6874560 6.0445856 3.4524246 5.5441886 5.1912914 6.1194214 5.7263798 4.3075105 2.3152680 3.1493568 4.7567604 4.4906002 6.7240770 6.2204909 6.2138154 4.6809633 6.6024349 3.4362052 4.6074172 5.7161134 4.8263474 5.5377113 1.8782845 3.9615339 3.9268364 4.7284578 4.3274007 5.4458876 4.1747071 6.6901837 6.5872689 2.3331701 6.9102650 6.4797110 7.2251852 3.2639346 2.9045265 2.6019160 4.8806522 0.1884376 0.1884376 0.0000000 5.8772071 8.3426508 4.5523635 7.8579632 6.7281858 
Amil_Amillepora12883-RA                              1.7308952 1.7027919 1.7107197 2.2538744 1.1079546 1.8187337 1.4489450 1.6943359 1.6491459 1.7522986 1.9167690 1.8498384 1.2014478 1.8116664 1.8488271 2.0826011 1.1189434 1.8174117 1.9628132 1.7706547 2.2903187 0.2188639 0.7927596 0.5132978 1.0132886 0.4282912 1.2558778 1.2348045 1.3811694 1.2484074 1.4353208 2.8384319 0.6701729 1.2182905 1.0857172 1.2411612 1.2430059 1.5982889 1.2347925 2.2442556 2.4718078 1.7211053 2.5898131 2.4012195 2.0997782 2.0166630 1.9308125 1.7531293 1.4620910 1.9271962 1.9271962 5.8772071 0.0000000 2.2867636 3.1917182 3.6326098 4.9406852 
Spur_XM_031000045.1                                  1.8657277 2.1231329 2.1652318 1.9931043 1.0970007 2.1512001 1.8890499 2.0233696 2.2312607 1.9599648 1.8819127 1.8593211 1.2046299 1.7948584 1.8076798 1.9254621 1.2110392 1.7328156 2.4420578 1.9160590 2.3395632 1.1257709 2.1845668 1.9826920 2.2177000 1.9063356 2.0068229 1.8751921 1.9679589 2.2704776 2.2505179 4.4617144 1.9856307 2.3008235 2.1926383 2.2847539 2.4471348 2.2194539 1.9525224 1.7075664 1.7809304 1.5324197 2.3333849 1.9627072 2.2542324 2.1452296 2.0236216 1.8669401 2.3219961 1.8746685 1.8746685 8.3426508 2.2867636 0.0000000 2.5678609 4.1527417 4.9629653 
Stycar_maker-SC_scaffold142252-snap-gene-0.51-mRNA-1 1.5272724 2.4820020 2.5307624 3.6525664 0.7760410 3.1719530 2.5788129 3.3863702 3.2129746 2.9659165 2.5293314 2.6032096 0.8009140 2.5666494 2.6601473 2.9112691 0.9025450 2.0566778 1.7572714 1.3225785 2.4554726 1.4020225 4.4607229 3.7459991 3.7701723 3.5259237 4.0583710 3.3647835 3.2992298 4.9391963 4.6695814 5.5105786 3.5101433 4.4474107 2.7126113 3.8888609 4.3819029 3.2325389 2.9701008 2.9158888 3.6199806 1.6995300 4.7381028 4.2222988 4.3932658 1.5645983 1.3451978 1.0753606 4.3133831 2.3029840 2.3029840 4.5523635 3.1917182 2.5678609 0.0000000 6.0516411 3.0901947 
Chem_TCONS_00009634                                  4.1866415 4.5852110 4.1763759 4.0676489 3.5639503 4.2224055 3.3986257 3.4527408 3.5609938 4.6585111 4.7706209 5.0852354 4.1591239 4.5999164 4.5815205 4.9133513 3.1922040 4.3144997 3.9067568 3.3525349 4.6380499 2.5081329 3.9906631 3.4898564 4.4521766 3.4237333 4.1777230 3.7387955 3.5572768 3.5798295 3.7299973 8.9999986 2.6735448 3.6809496 3.6060038 3.8168050 3.7786824 4.4879237 3.6187338 3.7890877 4.2389082 3.7133887 4.7223999 4.1917807 4.7594025 4.2311149 3.6083692 3.2202270 3.3237633 4.3051781 4.3051781 7.8579632 3.6326098 4.1527417 6.0516411 0.0000000 4.1956439 
Gracom_Gcom_scaffold2015_01                          1.7558333 1.5828388 1.5751314 4.8526745 3.0926291 5.9608877 4.8981189 6.3917453 4.9933837 1.6867825 2.8808058 2.8655455 1.6601632 3.1460228 3.1832314 3.2525754 2.5233145 5.0259509 4.0486526 4.1131950 4.8540010 2.2728771 5.8275899 5.7607865 5.7136205 5.5462456 8.3159968 5.5323976 5.6783948 6.1080744 6.2396113 6.3830377 2.6603715 6.3961741 4.3251777 6.2418960 5.5874020 4.9858438 5.1272660 5.9210172 5.7171036 2.8931152 8.7047570 6.0308900 4.4110819 4.0760585 2.8659142 2.9958273 6.4570865 3.4838238 3.4838238 6.7281858 4.9406852 4.9629653 3.0901947 4.1956439 0.0000000 
