60
Lcom_lcpid32836                                         0.0000000 5.5108975 4.3069399 4.1877068 4.1374761 3.4555335 4.6928382 2.7208679 2.1990927 3.7291817 3.9473847 3.7239719 3.6430499 3.4732770 3.7907216 3.4738304 3.5430637 3.5894314 3.4524166 3.2190674 2.7980074 4.3082786 2.7098263 4.3435390 4.1869355 4.0314683 4.1228164 5.5713301 4.8068411 2.6065838 4.6748048 4.7790029 3.2360906 3.8278030 4.5593011 4.2119101 4.3896994 3.6043387 3.9565011 4.6954197 3.8667978 4.1491329 3.7832741 4.1092412 4.0547246 5.6903008 3.8111892 5.6671957 4.2788337 4.2778435 4.4856379 4.5267205 4.5332780 6.1382200 4.1726223 5.2984486 4.0242563 4.0666326 4.6574665 2.5590911 
Aque_Aqu2.1.01322_001                                   5.5108975 0.0000000 0.0287606 1.4017940 1.9662618 3.7216814 0.0000010 2.9482319 1.6504029 3.7515670 4.1552926 3.5522860 3.5404712 3.5305998 0.0000010 3.5361239 3.3515332 3.3504886 3.1751627 3.4842460 2.9457768 3.5149304 3.9076912 6.9918966 4.2048108 4.4754374 4.4514200 9.0000000 8.9999984 3.2485189 0.0000010 4.9502169 0.0000010 3.9310358 4.0683218 3.7382552 3.9192424 5.5261935 5.7001734 4.2404351 4.6111397 5.4573420 3.4145059 4.7988244 3.6664787 4.2700655 3.8941485 3.7255966 7.3589558 7.3721827 6.7956177 6.8507835 6.4151850 8.9999985 4.7354741 1.4154943 4.3717852 4.4552063 4.5633878 6.3248615 
Aque_Aqu2.1.37478_001                                   4.3069399 0.0287606 0.0000000 0.8474374 1.2827453 2.6276483 2.4541850 1.8012062 1.7320830 2.8267434 2.6549306 2.6675093 2.5823450 2.5072516 2.2861991 2.5563052 2.5613391 2.5960943 2.4846408 2.6387195 3.0363673 2.7272007 2.4542253 3.4479300 2.7046096 2.9668316 2.9594491 4.0116649 3.6071510 2.1501200 2.7768902 3.0708460 2.5934082 2.5362200 2.7667016 2.8911924 2.9248269 3.1456890 3.3135971 3.0835175 5.0831642 3.0304782 2.7805355 2.8159615 2.7794197 3.7605774 2.6583825 3.2809020 4.9374142 4.1767927 3.9475440 3.9603090 3.9488855 5.9662035 2.9638117 4.1699609 2.9444533 3.0941875 3.0381620 4.3824674 
Halamb_c25157_g1_i1m.4684                               4.1877068 1.4017940 0.8474374 0.0000000 1.1238865 2.1154062 2.5537145 1.6860585 1.7432672 2.5181789 2.2446321 2.3639065 2.3169646 2.2641190 2.1721156 2.3249471 2.3139370 2.3875648 2.4280853 2.3611867 2.9325826 2.6421895 2.3796175 2.6798484 2.6011685 2.8280244 2.8240073 3.6873380 3.4939231 1.9595680 2.9365470 2.8690158 2.2152890 2.2306720 2.4075529 2.3660399 2.5788196 2.7228313 2.8714941 2.5845882 3.6148371 2.9806569 2.5496389 2.5769523 2.7537974 3.5745451 2.3462445 3.5478499 3.8537227 3.3728833 3.4093046 3.4283370 3.2543725 4.4938851 2.7730544 3.9172046 2.6118228 2.1520958 2.6389992 3.7316415 
Xestes_maker-XT_scaffold21070-augustus-gene-0.53-mRNA-1 4.1374761 1.9662618 1.2827453 1.1238865 0.0000000 2.3643712 2.3979112 1.6877177 1.6243935 2.2292109 2.0113370 2.1411040 2.2441157 2.2287734 2.2269647 2.1904359 2.2380624 2.2230647 2.3672664 2.3519998 3.3082343 2.5541855 2.1391358 2.9105034 2.7787845 2.7609336 2.7243987 4.2408547 3.9947448 2.0304636 3.5198351 2.9974882 2.3794404 2.3365934 2.4742241 2.4601703 2.5367852 2.1029226 2.2450615 2.5763388 5.2675156 2.7960490 2.8590829 2.8879425 2.8865787 4.1765074 2.4380336 3.4448447 3.6326727 3.1630774 3.2703911 3.2712229 3.3544236 5.0318621 2.7696183 4.9461230 2.9548346 2.5202431 2.6438514 4.0474049 
Spur_XM_030972297.1                                     3.4555335 3.7216814 2.6276483 2.1154062 2.3643712 0.0000000 1.7701910 1.5116464 1.2458866 2.3829852 2.2027692 1.7874342 1.9529187 1.8435700 2.1409622 1.9673574 1.9449947 1.9560980 1.7785373 1.6918816 1.6051888 1.9604212 1.4339933 2.6776303 2.4384154 2.7046688 2.7015790 5.8659166 4.8463068 1.4543788 3.7711591 3.1332968 4.0315800 1.3248036 1.7768255 2.4554526 2.5525656 1.8713227 2.0630685 1.9218877 2.5496107 2.3051017 2.3275188 2.2557084 2.4757996 3.7472918 1.7114255 3.5403281 3.1413443 2.8049196 2.8599495 2.8823360 2.6652578 4.5908756 2.6829173 3.7639380 2.8763921 2.1681556 1.5906694 3.4097049 
Cscu_XM_023373727.1                                     4.6928382 0.0000010 2.4541850 2.5537145 2.3979112 1.7701910 0.0000000 2.1516023 1.9974638 2.1066844 1.9056753 2.0079134 2.0079134 1.9954611 0.0000010 1.9767777 2.0106696 1.9992049 1.9118269 1.9287299 0.0000010 1.8234053 2.0040091 1.8303067 2.3783224 2.4310840 2.3825746 0.0000010 6.3107676 2.3825746 0.0000010 2.4888853 4.5121580 1.7349030 1.5519023 2.1482985 2.1049458 1.9190429 1.9408197 1.7995809 0.0000010 2.0014117 2.5166104 2.2639471 2.1536697 0.0000010 2.1456494 5.2263813 1.7696058 1.8514157 2.1026389 2.1026389 1.7461783 1.2769625 1.9477816 6.1768866 2.8663189 1.7163561 1.5543272 4.3357920 
Tetwil_g17870.t1                                        2.7208679 2.9482319 1.8012062 1.6860585 1.6877177 1.5116464 2.1516023 0.0000000 0.7571658 0.9699226 1.1434687 1.1989129 1.2285348 1.1599286 2.1202388 1.1548219 1.2156764 1.2124068 1.2331861 1.1869318 2.3384712 1.4829238 1.2772029 1.3256972 1.3767083 1.3749095 1.4336892 2.5164988 2.6843730 1.3782521 2.1202388 1.7916317 2.2455513 1.3273719 1.3184638 1.2406433 1.3867112 1.3439133 1.4230233 1.5355288 1.9130004 1.5538221 1.6570211 1.6827131 1.5967382 3.1888992 1.5969854 3.9806457 1.9415279 1.9429587 1.8234205 1.8234205 1.7775756 2.9312555 1.7178540 3.2628824 1.6671535 1.6474431 1.4189877 2.3881772 
Spolac_c38698_g1_i1_m.938c38698-g1                      2.1990927 1.6504029 1.7320830 1.7432672 1.6243935 1.2458866 1.9974638 0.7571658 0.0000000 0.1543497 0.8854546 1.3336083 1.3392282 1.1958076 0.0000010 1.2655591 1.3356397 1.2720978 1.2821252 1.2775991 2.0046496 1.3760012 1.2776916 1.2939525 1.2798244 1.2826252 1.2826252 0.0000010 2.4263859 1.2826252 0.0000010 1.9630052 3.0026739 1.3817271 1.1276559 1.4006700 1.5168318 1.2525349 1.2083699 1.3982184 1.6951766 1.4042532 1.5227832 1.4080939 1.5258499 0.0000010 1.4454518 4.5250684 1.3893153 1.3227022 1.3675165 1.3675165 1.4548071 2.4842925 1.5080680 2.9737470 1.8195596 1.5604109 1.4051797 2.1114348 
Emue_Em0001g3792a.t1                                    3.7291817 3.7515670 2.8267434 2.5181789 2.2292109 2.3829852 2.1066844 0.9699226 0.1543497 0.0000000 1.9285857 2.3434577 2.5475620 2.3075973 2.6153110 2.3747486 2.5033103 2.4707716 2.6083841 2.6544622 1.9351179 2.5145124 1.6529384 2.9358680 2.9345863 2.8507489 2.9462131 3.6961662 3.9855738 1.5885719 3.4835002 3.6889786 1.9910478 2.2512046 2.2084665 2.4686139 2.7274111 2.0225890 2.1632343 2.5774380 2.7920616 2.6459303 2.9725484 2.8883564 3.0484742 5.1832418 2.7090716 3.7766649 4.1803378 3.2734736 3.2444025 3.2475939 2.9639918 5.2265555 3.2594729 2.9662528 3.2305324 2.6410572 2.5562209 3.7480859 
Plespi_Pspi_scaffold17397_01                            3.9473847 4.1552926 2.6549306 2.2446321 2.0113370 2.2027692 1.9056753 1.1434687 0.8854546 1.9285857 0.0000000 1.9124616 2.0806297 1.9880399 2.2059448 1.9192027 1.9876420 1.9597561 2.0905954 1.9894528 1.5575983 2.4596470 1.5811295 2.4086686 2.2190427 2.4083021 2.4525645 3.6301037 3.5114667 1.4069145 2.7692831 2.8459087 1.8738268 2.0652583 2.4614600 2.3716947 2.3817396 1.9233251 1.9767546 2.3775823 2.9479931 2.5320294 2.6569831 2.6287214 2.4124935 3.7065264 2.3755317 3.4219672 3.7748741 3.0804482 3.1840214 3.1840214 2.7085706 4.1983791 3.1865757 3.3186984 3.0444119 2.1635991 2.5856344 3.5579646 
Adig_XM_015915696.1                                     3.7239719 3.5522860 2.6675093 2.3639065 2.1411040 1.7874342 2.0079134 1.1989129 1.3336083 2.3434577 1.9124616 0.0000000 0.0239393 0.3189642 0.0000010 0.3729629 0.3829117 0.2432127 0.7172562 0.7477815 1.7809507 1.8604009 1.2506424 2.3524747 2.2593743 2.1722500 2.2421509 6.8125951 4.8007561 1.3057156 0.0000010 2.4303712 3.9869372 1.4615096 1.7610733 1.6060457 1.8134960 1.9243529 2.0967857 1.9147043 2.0560699 1.8916910 1.7422856 1.7789052 1.8011501 2.8098332 1.8382510 3.0617434 2.6941908 2.4125198 2.5419077 2.5664727 2.3284061 4.9203665 2.2369722 4.1255889 2.6215024 2.4586016 2.1168269 3.1681624 
Amil_Amillepora13098-RA                                 3.6430499 3.5404712 2.5823450 2.3169646 2.2441157 1.9529187 2.0079134 1.2285348 1.3392282 2.5475620 2.0806297 0.0239393 0.0000000 0.3043634 0.2480043 0.3642100 0.3712874 0.2387021 0.7643749 0.7744752 1.7846858 1.8897017 1.2969438 2.4725019 2.3272358 2.3223874 2.3940061 3.0286072 3.3228112 1.3222787 3.0399075 2.2883778 1.4619917 1.6178012 1.9012677 1.5289879 1.7219231 1.9030508 2.0262581 2.0338097 2.2620549 2.3123581 1.8674818 1.8529911 1.8724532 2.3972608 1.8665210 2.5515407 2.9205301 2.6812729 2.6904375 2.7103250 2.4421128 3.8778373 2.2816365 3.3300108 2.6335311 2.3848412 2.2683200 3.2915698 
Fspp_ffun1.m4.28863.m1                                  3.4732770 3.5305998 2.5072516 2.2641190 2.2287734 1.8435700 1.9954611 1.1599286 1.1958076 2.3075973 1.9880399 0.3189642 0.3043634 0.0000000 0.0938120 0.1902270 0.1982392 0.2577873 0.6590641 0.6837166 1.7474611 1.8989665 1.2179881 2.3218424 2.0694221 2.1459635 2.1901367 2.6868836 3.1318355 1.2642559 2.6448868 2.2450684 1.4514310 1.5174518 1.7787088 1.4623459 1.5672932 1.8343578 2.0080341 1.9603548 2.5129159 2.2325490 1.8418636 1.8346621 1.8005274 2.3754407 1.8051480 2.3673056 3.0032092 2.7422595 2.6180326 2.6309450 2.5127089 4.0525060 2.1951662 3.4848925 2.5290316 2.2450133 2.0403723 3.3286510 
Gasp_gasp1.m3.22840.m1                                  3.7907216 0.0000010 2.2861991 2.1721156 2.2269647 2.1409622 0.0000010 2.1202388 0.0000010 2.6153110 2.2059448 0.0000010 0.2480043 0.0938120 0.0000000 0.1091319 0.1100769 0.1734805 0.6385473 0.9375019 1.3591353 1.5474702 2.0108844 2.4416584 2.1946138 2.3143795 2.2855851 2.1805492 2.1805492 0.0000010 2.6957565 1.9293267 1.3662246 1.5743404 1.6443248 1.1096951 1.0932976 1.9943107 1.9943107 1.4009666 4.6414814 0.0000010 1.9869217 2.0213083 1.8111403 1.7184393 1.3618171 0.6645074 0.0000010 2.9273610 2.8974546 2.8974546 2.2397039 2.2397039 1.9969374 3.4518420 1.9121695 2.0866705 4.3683688 3.0180646 
Pocdam_XM_027202084.1                                   3.4738304 3.5361239 2.5563052 2.3249471 2.1904359 1.9673574 1.9767777 1.1548219 1.2655591 2.3747486 1.9192027 0.3729629 0.3642100 0.1902270 0.1091319 0.0000000 0.0831579 0.3001525 0.7232022 0.7240023 1.7787869 1.9592444 1.2541013 2.2584584 2.0946443 2.1359585 2.2116412 2.5297547 2.8140826 1.2460799 2.6729678 2.3289316 1.4945223 1.5624641 1.7908111 1.4447115 1.5380786 1.8393547 2.0255668 1.9432246 2.5092896 2.2728839 1.7908287 1.7757554 1.7786311 2.1842742 1.7905528 2.4770384 2.9348771 2.7203685 2.6760844 2.6893482 2.4586018 3.7061976 2.2125098 3.4364877 2.4323490 2.2007680 2.1561172 3.2748891 
Spis_XP_022782397_1                                     3.5430637 3.3515332 2.5613391 2.3139370 2.2380624 1.9449947 2.0106696 1.2156764 1.3356397 2.5033103 1.9876420 0.3829117 0.3712874 0.1982392 0.1100769 0.0831579 0.0000000 0.2977027 0.7386741 0.7434013 1.8591357 2.0114785 1.2631436 2.3047951 2.1342417 2.1971014 2.2704004 2.6332758 2.9554668 1.2797863 2.8821580 2.2410445 1.4537175 1.6247655 1.8426839 1.4567945 1.6359985 1.9215117 2.1301144 2.0028295 2.4820897 2.3166119 1.8670342 1.8251363 1.8381201 2.2756416 1.8568233 2.5430017 2.9926199 2.7658382 2.6696644 2.6829331 2.5439002 3.8852041 2.2062732 3.4560549 2.4749751 2.3338704 2.2551228 3.4407046 
Gfas_gfas1.m1.17668.m1                                  3.5894314 3.3504886 2.5960943 2.3875648 2.2230647 1.9560980 1.9992049 1.2124068 1.2720978 2.4707716 1.9597561 0.2432127 0.2387021 0.2577873 0.1734805 0.3001525 0.2977027 0.0000000 0.7027769 0.7227883 1.7091123 1.9028074 1.3305998 2.4113576 2.3044606 2.2246685 2.3167744 3.1105474 3.3772050 1.2862360 3.2255142 2.2792858 1.4694170 1.5539833 1.8356425 1.4887695 1.6824409 1.9625589 2.1203214 2.0792223 2.4443321 2.3134515 1.8531369 1.8440319 1.8172204 2.2183209 1.8856841 2.7329012 2.8794231 2.6198982 2.6341590 2.6473141 2.4703604 3.8413718 2.1574687 3.2165671 2.4901913 2.3948071 2.2750502 3.2706191 
Nvec_v1g238528                                          3.4524166 3.1751627 2.4846408 2.4280853 2.3672664 1.7785373 1.9118269 1.2331861 1.2821252 2.6083841 2.0905954 0.7172562 0.7643749 0.6590641 0.6385473 0.7232022 0.7386741 0.7027769 0.0000000 0.5463051 1.6288995 1.8813005 1.3528750 2.6229406 2.3380641 2.4168077 2.4397668 3.3469400 3.5207135 1.2795188 2.7141986 2.3183030 1.8267949 1.4510325 2.0073186 1.5351229 1.7144942 1.8540385 2.0269321 1.9968184 2.5582408 2.2155009 1.8305903 1.9508025 1.8464077 2.4080496 1.8810639 2.7107531 2.9380303 2.7133322 2.7277884 2.7360099 2.6286469 4.3157332 2.2629571 3.5701379 2.5249497 2.2687100 2.0673450 3.3076753 
Exapal_XM_021043905.1                                   3.2190674 3.4842460 2.6387195 2.3611867 2.3519998 1.6918816 1.9287299 1.1869318 1.2775991 2.6544622 1.9894528 0.7477815 0.7744752 0.6837166 0.9375019 0.7240023 0.7434013 0.7227883 0.5463051 0.0000000 1.7233367 1.8267289 1.3212338 2.3812422 2.2160810 2.1813799 2.2321694 3.1461611 3.1728348 1.1928853 3.1812444 2.2017049 1.9668928 1.4677880 1.8975921 1.4648866 1.6132602 1.8160644 1.9804929 2.0462124 2.5397966 2.1330293 1.9083953 1.8800898 1.8536913 2.4379548 1.8100032 2.8500725 2.9211860 2.6711021 2.7143200 2.7387736 2.5042668 4.1077256 2.2474532 2.9632667 2.3556674 2.4289727 2.0102639 3.3417176 
Cscu_XM_023373724.1                                     2.7980074 2.9457768 3.0363673 2.9325826 3.3082343 1.6051888 0.0000010 2.3384712 2.0046496 1.9351179 1.5575983 1.7809507 1.7846858 1.7474611 1.3591353 1.7787869 1.8591357 1.7091123 1.6288995 1.7233367 0.0000000 1.3066601 2.4390139 2.0278641 2.3730353 2.1562565 2.1562565 1.6386415 2.2540977 2.2332752 2.6319042 1.6988231 2.0048359 1.7450831 1.3316201 1.6225772 1.7479259 1.7342751 1.7065065 1.6060499 2.0718363 1.3287801 1.4375875 1.6442280 1.5225579 1.0654780 1.7394351 4.3761958 1.4658438 1.5491682 1.6824504 1.6824504 1.5915741 1.5464444 2.0993196 3.4255310 1.9884171 1.5526361 1.8982767 2.4462906 
Acagra_model.g8731.t1                                   4.3082786 3.5149304 2.7272007 2.6421895 2.5541855 1.9604212 1.8234053 1.4829238 1.3760012 2.5145124 2.4596470 1.8604009 1.8897017 1.8989665 1.5474702 1.9592444 2.0114785 1.9028074 1.8813005 1.8267289 1.3066601 0.0000000 1.6624276 2.5823382 2.5604885 2.6306569 2.6923301 3.3895738 3.4076078 1.4888016 3.0457943 2.9288518 1.9128360 1.5440011 1.5043151 2.1331408 2.4132799 2.0047807 2.1836186 1.5312484 2.2725782 2.6587396 2.7265351 2.5708794 2.7231224 3.6702099 1.8922736 2.5627880 3.2068706 2.8953675 2.8835285 2.8742136 2.6821697 4.0373220 3.0428020 3.8896976 2.8541889 2.3299346 2.1851951 3.2570776 
Coemet_Cmet_scaffold10572_01                            2.7098263 3.9076912 2.4542253 2.3796175 2.1391358 1.4339933 2.0040091 1.2772029 1.2776916 1.6529384 1.5811295 1.2506424 1.2969438 1.2179881 2.0108844 1.2541013 1.2631436 1.3305998 1.3528750 1.3212338 2.4390139 1.6624276 0.0000000 0.2347972 0.4366941 0.5764482 0.6056149 3.0272353 2.2160459 0.5390480 3.0272353 2.1031065 2.5179638 1.2982983 1.4404174 1.5935176 1.7885384 1.4880747 1.4802549 1.5393432 0.8480765 1.6807574 1.8693212 1.5195744 1.7920480 4.8519298 1.5330913 3.4911419 2.2280278 2.1195902 2.0248382 2.0248382 1.8444621 5.2549701 1.8196995 4.7838390 1.7095705 1.7562511 1.5899863 2.8714551 
Vmul_Simscaffold15608_01                                4.3435390 6.9918966 3.4479300 2.6798484 2.9105034 2.6776303 1.8303067 1.3256972 1.2939525 2.9358680 2.4086686 2.3524747 2.4725019 2.3218424 2.4416584 2.2584584 2.3047951 2.4113576 2.6229406 2.3812422 2.0278641 2.5823382 0.2347972 0.0000000 0.6905232 0.8751885 0.8814430 0.5073186 0.8368409 0.5570950 0.6424069 3.6798052 1.9890084 2.7813242 2.3919563 2.8150637 2.8560048 2.5591456 2.7098597 2.7680608 1.3469528 2.7458546 2.8381860 2.5662849 2.9833480 5.0423992 2.6333618 3.0700192 3.8792654 3.3243451 3.2919198 3.3333977 3.1184374 5.3169134 3.1527724 1.9480429 3.4494232 3.0513944 2.9307699 4.0156610 
Lampan_Lpan_9569_01                                     4.1869355 4.2048108 2.7046096 2.6011685 2.7787845 2.4384154 2.3783224 1.3767083 1.2798244 2.9345863 2.2190427 2.2593743 2.3272358 2.0694221 2.1946138 2.0946443 2.1342417 2.3044606 2.3380641 2.2160810 2.3730353 2.5604885 0.4366941 0.6905232 0.0000000 0.7735470 0.8099273 0.5537118 0.7005623 0.4021503 0.6845520 3.3748815 1.8487743 2.4615034 2.0852051 2.6361155 2.7855739 2.1845844 2.3856990 2.5266267 1.0471377 2.6359952 3.0039743 2.6748797 2.9013213 4.9295925 2.3447759 2.5544683 3.6577622 3.0761220 2.9656061 2.9869913 2.7908152 4.6471698 3.1077217 2.1777455 3.0642500 2.6732254 3.0743533 3.6111146 
Horcal_Hcv1.av93.c8.g905.i1                             4.0314683 4.4754374 2.9668316 2.8280244 2.7609336 2.7046688 2.4310840 1.3749095 1.2826252 2.8507489 2.4083021 2.1722500 2.3223874 2.1459635 2.3143795 2.1359585 2.1971014 2.2246685 2.4168077 2.1813799 2.1562565 2.6306569 0.5764482 0.8751885 0.7735470 0.0000000 0.0302288 0.4095144 0.5398836 0.0297332 0.6081229 3.2535749 2.3123443 2.5755758 2.5524340 2.8234531 3.0737036 2.1626520 2.3225573 2.9077778 1.3671686 2.7385422 2.9233710 2.7382063 2.9984914 5.2089088 2.5041066 2.8106169 3.5344419 3.2516561 3.2909285 3.2921009 2.9410617 4.6542023 3.2233331 2.0446748 3.2235081 2.7891543 3.4209277 4.0656742 
Pbac_sb2667311                                          4.1228164 4.4514200 2.9594491 2.8240073 2.7243987 2.7015790 2.3825746 1.4336892 1.2826252 2.9462131 2.4525645 2.2421509 2.3940061 2.1901367 2.2855851 2.2116412 2.2704004 2.3167744 2.4397668 2.2321694 2.1562565 2.6923301 0.6056149 0.8814430 0.8099273 0.0302288 0.0000000 0.4315622 0.5438665 0.0142678 0.6591725 3.3325932 2.2855138 2.6713701 2.6071559 2.8430254 3.0719576 2.2341122 2.4067112 2.9787809 1.3702773 2.8025966 3.0119338 2.7247179 3.0642236 5.1153841 2.5378574 2.7991192 3.6434709 3.3651374 3.4001370 3.4013935 2.9970905 4.6595918 3.3108865 2.0386221 3.3173715 2.7571580 3.4898050 4.2017201 
Bolinf_Binf_sb1245173                                   5.5713301 9.0000000 4.0116649 3.6873380 4.2408547 5.8659166 0.0000010 2.5164988 0.0000010 3.6961662 3.6301037 6.8125951 3.0286072 2.6868836 2.1805492 2.5297547 2.6332758 3.1105474 3.3469400 3.1461611 1.6386415 3.3895738 3.0272353 0.5073186 0.5537118 0.4095144 0.4315622 0.0000000 0.0053566 0.0000010 0.5610278 3.4613379 1.8148392 4.0950274 2.7219406 3.7630045 3.5271023 3.0776984 3.0776984 3.7170267 4.3028084 8.9999981 4.5183533 4.2582093 4.9779484 4.3929369 4.4023698 2.2365302 6.0491609 3.9751782 4.3130999 4.3130999 4.8703629 4.8703629 3.8821223 1.1738192 3.6442988 3.2323173 4.5701988 5.3646854 
Mertsp_Mesp_sb560949                                    4.8068411 8.9999984 3.6071510 3.4939231 3.9947448 4.8463068 6.3107676 2.6843730 2.4263859 3.9855738 3.5114667 4.8007561 3.3228112 3.1318355 2.1805492 2.8140826 2.9554668 3.3772050 3.5207135 3.1728348 2.2540977 3.4076078 2.2160459 0.8368409 0.7005623 0.5398836 0.5438665 0.0053566 0.0000000 1.1463632 0.5610278 4.2872640 1.8148392 4.0606858 3.0385837 3.7006394 3.4740104 3.1469761 3.3430431 4.1980976 4.1084506 5.7800793 3.9026005 3.7701102 4.1508501 4.2701820 4.2158014 2.3396569 6.4387734 4.3466261 4.5402468 4.5402468 4.5322759 4.7557561 3.6760106 1.4694483 3.8868404 3.4381132 4.5508948 4.6869137 
Pbac_sb2658147                                          2.6065838 3.2485189 2.1501200 1.9595680 2.0304636 1.4543788 2.3825746 1.3782521 1.2826252 1.5885719 1.4069145 1.3057156 1.3222787 1.2642559 0.0000010 1.2460799 1.2797863 1.2862360 1.2795188 1.1928853 2.2332752 1.4888016 0.5390480 0.5570950 0.4021503 0.0297332 0.0142678 0.0000010 1.1463632 0.0000000 0.0000010 2.0975178 7.8856071 1.2151389 1.5311870 1.5141567 1.8244193 1.6272423 1.6720428 1.6651259 0.5950920 1.5734992 1.5771467 1.4805905 1.6198628 8.9999983 1.3874772 3.8269088 1.6948057 1.8373479 1.8934593 1.8934593 1.6366452 2.1010417 1.8551130 4.6730020 1.9807614 1.6115806 1.3132167 2.6874560 
Eupdun_Edun_sb10640637                                  4.6748048 0.0000010 2.7768902 2.9365470 3.5198351 3.7711591 0.0000010 2.1202388 0.0000010 3.4835002 2.7692831 0.0000010 3.0399075 2.6448868 2.6957565 2.6729678 2.8821580 3.2255142 2.7141986 3.1812444 2.6319042 3.0457943 3.0272353 0.6424069 0.6845520 0.6081229 0.6591725 0.5610278 0.5610278 0.0000010 0.0000000 2.7983125 1.9168212 2.7612206 2.2101891 2.8798948 3.0570958 2.7645133 2.7645133 3.1027017 2.9869728 8.9999988 3.5812078 3.0192126 3.8761658 3.9591390 2.6832098 0.6373385 3.2330702 2.8845666 3.2540252 3.2540252 4.1019174 4.1019174 3.3120642 0.8076804 3.4279299 2.4170094 3.8067213 3.0322773 
Hvul_g29021_1                                           4.7790029 4.9502169 3.0708460 2.8690158 2.9974882 3.1332968 2.4888853 1.7916317 1.9630052 3.6889786 2.8459087 2.4303712 2.2883778 2.2450684 1.9293267 2.3289316 2.2410445 2.2792858 2.3183030 2.2017049 1.6988231 2.9288518 2.1031065 3.6798052 3.3748815 3.2535749 3.3325932 3.4613379 4.2872640 2.0975178 2.7983125 0.0000000 3.3829664 2.9146701 2.9296908 2.4834034 2.6901629 2.8263676 3.1341966 2.7609664 3.0010028 2.8245166 2.3767887 2.3676033 2.3513569 2.8603958 2.7043270 4.3916910 4.4135416 3.6718419 3.5198629 3.5278327 3.7259701 5.9377291 2.6286773 4.1363656 1.9726768 3.0774435 3.7492094 4.3000196 
Skow_XM_006820893.1                                     3.2360906 0.0000010 2.5934082 2.2152890 2.3794404 4.0315800 4.5121580 2.2455513 3.0026739 1.9910478 1.8738268 3.9869372 1.4619917 1.4514310 1.3662246 1.4945223 1.4537175 1.4694170 1.8267949 1.9668928 2.0048359 1.9128360 2.5179638 1.9890084 1.8487743 2.3123443 2.2855138 1.8148392 1.8148392 7.8856071 1.9168212 3.3829664 0.0000000 1.3832683 1.2846553 1.9702275 2.2118048 1.9590339 1.9590339 1.6663672 3.4626989 6.7055733 3.4872231 3.1309314 2.9922495 2.5840756 1.8709820 1.5577385 5.5855208 2.6643744 2.6947521 2.6947521 2.6250618 2.3684423 4.0927727 3.0291851 3.1422303 2.0571742 4.4564115 2.8716012 
Bralan_BLAG05000360_1                                   3.8278030 3.9310358 2.5362200 2.2306720 2.3365934 1.3248036 1.7349030 1.3273719 1.3817271 2.2512046 2.0652583 1.4615096 1.6178012 1.5174518 1.5743404 1.5624641 1.6247655 1.5539833 1.4510325 1.4677880 1.7450831 1.5440011 1.2982983 2.7813242 2.4615034 2.5755758 2.6713701 4.0950274 4.0606858 1.2151389 2.7612206 2.9146701 1.3832683 0.0000000 1.6064657 1.9152404 2.1429601 1.9160065 2.1413418 1.6682339 2.0716454 2.5293176 2.3058124 2.4205597 2.3249390 3.5812152 1.4998444 2.5559402 3.2061102 2.8041312 2.8925009 2.9239132 2.7373438 4.3779675 2.7043187 3.7418495 2.7748924 2.2584614 1.5876241 3.3892865 
Ctel_gnl_WGS_AMQN_CAPTEDRAFT_mRNA199934                 4.5593011 4.0683218 2.7667016 2.4075529 2.4742241 1.7768255 1.5519023 1.3184638 1.1276559 2.2084665 2.4614600 1.7610733 1.9012677 1.7787088 1.6443248 1.7908111 1.8426839 1.8356425 2.0073186 1.8975921 1.3316201 1.5043151 1.4404174 2.3919563 2.0852051 2.5524340 2.6071559 2.7219406 3.0385837 1.5311870 2.2101891 2.9296908 1.2846553 1.6064657 0.0000000 2.3633857 2.2246974 2.1116814 2.3502696 1.7237521 2.3467902 2.4563950 2.5085649 2.5223810 2.5299138 3.9596410 1.7934694 2.9367166 3.3957095 2.9844386 2.8845169 2.9046080 2.8130842 5.0270666 2.8428732 3.3613143 2.8865964 2.8238766 2.2395934 3.7702358 
Dgig_XM_028552250.1                                     4.2119101 3.7382552 2.8911924 2.3660399 2.4601703 2.4554526 2.1482985 1.2406433 1.4006700 2.4686139 2.3716947 1.6060457 1.5289879 1.4623459 1.1096951 1.4447115 1.4567945 1.4887695 1.5351229 1.4648866 1.6225772 2.1331408 1.5935176 2.8150637 2.6361155 2.8234531 2.8430254 3.7630045 3.7006394 1.5141567 2.8798948 2.4834034 1.9702275 1.9152404 2.3633857 0.0000000 0.9738439 2.0864902 2.2593855 2.1875750 2.9916976 2.5389880 2.0944951 2.0930864 2.1154009 2.7770051 1.9804099 2.3554015 3.6634492 3.0519030 3.1495994 3.1751438 3.1404532 4.9667788 2.5607853 3.0540809 2.7061581 2.7320932 2.7468632 3.6372002 
Xesp_004667-T1                                          4.3896994 3.9192424 2.9248269 2.5788196 2.5367852 2.5525656 2.1049458 1.3867112 1.5168318 2.7274111 2.3817396 1.8134960 1.7219231 1.5672932 1.0932976 1.5380786 1.6359985 1.6824409 1.7144942 1.6132602 1.7479259 2.4132799 1.7885384 2.8560048 2.7855739 3.0737036 3.0719576 3.5271023 3.4740104 1.8244193 3.0570958 2.6901629 2.2118048 2.1429601 2.2246974 0.9738439 0.0000000 2.2999266 2.5115499 2.5034280 3.2705228 2.3085809 2.1854281 2.1917248 2.2366607 2.8998356 2.1044802 2.6493389 3.6061063 3.0451477 2.9378241 2.9366953 2.8571530 4.4522167 2.6794729 4.0111662 2.8120459 2.8590816 2.7215861 4.1444386 
Opea_EP00118_Oscarella_pearsei_P013133                  3.6043387 5.5261935 3.1456890 2.7228313 2.1029226 1.8713227 1.9190429 1.3439133 1.2525349 2.0225890 1.9233251 1.9243529 1.9030508 1.8343578 1.9943107 1.8393547 1.9215117 1.9625589 1.8540385 1.8160644 1.7342751 2.0047807 1.4880747 2.5591456 2.1845844 2.1626520 2.2341122 3.0776984 3.1469761 1.6272423 2.7645133 2.8263676 1.9590339 1.9160065 2.1116814 2.0864902 2.2999266 0.0000000 0.0040582 2.0812762 2.9849932 2.8201673 2.4524972 2.4452787 2.4099978 3.8988238 1.7899285 2.3183410 2.9621483 2.6721187 2.8083973 2.8107063 2.5549257 4.0266214 2.7083325 3.5617055 2.8223351 1.3904964 1.9490000 3.2514888 
Ocar_g560                                               3.9565011 5.7001734 3.3135971 2.8714941 2.2450615 2.0630685 1.9408197 1.4230233 1.2083699 2.1632343 1.9767546 2.0967857 2.0262581 2.0080341 1.9943107 2.0255668 2.1301144 2.1203214 2.0269321 1.9804929 1.7065065 2.1836186 1.4802549 2.7098597 2.3856990 2.3225573 2.4067112 3.0776984 3.3430431 1.6720428 2.7645133 3.1341966 1.9590339 2.1413418 2.3502696 2.2593855 2.5115499 0.0040582 0.0000000 2.3150335 2.9849932 3.0917688 2.5687223 2.6299297 2.5776644 4.1110538 1.9967507 2.3183410 3.3282562 2.9477442 3.0258391 3.0279057 2.7710845 4.2297398 2.9403386 3.5852943 3.0790205 1.5380724 2.1776423 3.5669808 
Cgig_XM_011455403.3                                     4.6954197 4.2404351 3.0835175 2.5845882 2.5763388 1.9218877 1.7995809 1.5355288 1.3982184 2.5774380 2.3775823 1.9147043 2.0338097 1.9603548 1.4009666 1.9432246 2.0028295 2.0792223 1.9968184 2.0462124 1.6060499 1.5312484 1.5393432 2.7680608 2.5266267 2.9077778 2.9787809 3.7170267 4.1980976 1.6651259 3.1027017 2.7609664 1.6663672 1.6682339 1.7237521 2.1875750 2.5034280 2.0812762 2.3150335 0.0000000 2.0626994 2.6621269 2.4667615 2.4819013 2.5424752 3.5844601 1.7286991 3.0915772 3.4415247 3.0649298 3.1099872 3.1195517 2.9302017 4.4082958 2.9462899 4.3659180 2.9032847 2.2612533 2.1434344 4.0354257 
Eupdun_Edun_sb10614929                                  3.8667978 4.6111397 5.0831642 3.6148371 5.2675156 2.5496107 0.0000010 1.9130004 1.6951766 2.7920616 2.9479931 2.0560699 2.2620549 2.5129159 4.6414814 2.5092896 2.4820897 2.4443321 2.5582408 2.5397966 2.0718363 2.2725782 0.8480765 1.3469528 1.0471377 1.3671686 1.3702773 4.3028084 4.1084506 0.5950920 2.9869728 3.0010028 3.4626989 2.0716454 2.3467902 2.9916976 3.2705228 2.9849932 2.9849932 2.0626994 0.0000000 3.3605467 2.9607209 2.7866061 3.1657446 4.5331651 2.3145619 3.0718730 3.1684993 3.3502559 3.4009413 3.4772382 2.6710835 5.1381799 3.3069815 2.5503502 2.7271541 2.7824635 3.5282167 3.5660904 
Rhoesc_Res_017067-T1                                    4.1491329 5.4573420 3.0304782 2.9806569 2.7960490 2.3051017 2.0014117 1.5538221 1.4042532 2.6459303 2.5320294 1.8916910 2.3123581 2.2325490 0.0000010 2.2728839 2.3166119 2.3134515 2.2155009 2.1330293 1.3287801 2.6587396 1.6807574 2.7458546 2.6359952 2.7385422 2.8025966 8.9999981 5.7800793 1.5734992 8.9999988 2.8245166 6.7055733 2.5293176 2.4563950 2.5389880 2.3085809 2.8201673 3.0917688 2.6621269 3.3605467 0.0000000 1.3837636 1.2577884 0.9048314 3.5978589 2.6019657 4.7207821 3.1128011 2.7903956 2.5741134 2.5738977 2.4570003 6.2584505 2.1985964 6.6777721 2.6680217 2.5489913 2.9161574 3.8540403 
Sanmal_Sma_024396-T1                                    3.7832741 3.4145059 2.7805355 2.5496389 2.8590829 2.3275188 2.5166104 1.6570211 1.5227832 2.9725484 2.6569831 1.7422856 1.8674818 1.8418636 1.9869217 1.7908287 1.8670342 1.8531369 1.8305903 1.9083953 1.4375875 2.7265351 1.8693212 2.8381860 3.0039743 2.9233710 3.0119338 4.5183533 3.9026005 1.5771467 3.5812078 2.3767887 3.4872231 2.3058124 2.5085649 2.0944951 2.1854281 2.4524972 2.5687223 2.4667615 2.9607209 1.3837636 0.0000000 0.7512488 0.8364801 0.9202583 2.4311525 3.5039794 2.9488557 2.9790732 2.8815843 2.9074482 2.9770190 4.7677085 1.5995603 4.2774874 2.1333390 2.7366096 2.8079838 3.4529777 
Aaur_scaffold1363.g8.t1                                 4.1092412 4.7988244 2.8159615 2.5769523 2.8879425 2.2557084 2.2639471 1.6827131 1.4080939 2.8883564 2.6287214 1.7789052 1.8529911 1.8346621 2.0213083 1.7757554 1.8251363 1.8440319 1.9508025 1.8800898 1.6442280 2.5708794 1.5195744 2.5662849 2.6748797 2.7382063 2.7247179 4.2582093 3.7701102 1.4805905 3.0192126 2.3676033 3.1309314 2.4205597 2.5223810 2.0930864 2.1917248 2.4452787 2.6299297 2.4819013 2.7866061 1.2577884 0.7512488 0.0000000 0.6470876 0.6454221 2.4153234 3.0713094 2.8672919 2.7759236 2.8234098 2.8447928 2.7146216 4.2239672 1.6160768 5.1029220 2.0730020 2.5678786 2.8922428 3.8543151 
Nemnom_g13362.t1                                        4.0547246 3.6664787 2.7794197 2.7537974 2.8865787 2.4757996 2.1536697 1.5967382 1.5258499 3.0484742 2.4124935 1.8011501 1.8724532 1.8005274 1.8111403 1.7786311 1.8381201 1.8172204 1.8464077 1.8536913 1.5225579 2.7231224 1.7920480 2.9833480 2.9013213 2.9984914 3.0642236 4.9779484 4.1508501 1.6198628 3.8761658 2.3513569 2.9922495 2.3249390 2.5299138 2.1154009 2.2366607 2.4099978 2.5776644 2.5424752 3.1657446 0.9048314 0.8364801 0.6470876 0.0000000 0.2684755 2.3800086 2.9130874 3.3952190 3.1487784 3.1426463 3.1899420 2.9741931 4.8946968 1.5790541 5.7399464 2.3107224 2.5130312 2.7993018 3.3619318 
Rhoesc_Res_017068-T1                                    5.6903008 4.2700655 3.7605774 3.5745451 4.1765074 3.7472918 0.0000010 3.1888992 0.0000010 5.1832418 3.7065264 2.8098332 2.3972608 2.3754407 1.7184393 2.1842742 2.2756416 2.2183209 2.4080496 2.4379548 1.0654780 3.6702099 4.8519298 5.0423992 4.9295925 5.2089088 5.1153841 4.3929369 4.2701820 8.9999983 3.9591390 2.8603958 2.5840756 3.5812152 3.9596410 2.7770051 2.8998356 3.8988238 4.1110538 3.5844601 4.5331651 3.5978589 0.9202583 0.6454221 0.2684755 0.0000000 3.7528829 2.5596799 6.7243916 5.4824207 6.1880708 6.3555240 6.3319969 6.5469348 1.7829089 4.6949492 2.8946389 3.6392072 3.7672817 4.1779989 
Hsap_ENST00000482387                                    3.8111892 3.8941485 2.6583825 2.3462445 2.4380336 1.7114255 2.1456494 1.5969854 1.4454518 2.7090716 2.3755317 1.8382510 1.8665210 1.8051480 1.3618171 1.7905528 1.8568233 1.8856841 1.8810639 1.8100032 1.7394351 1.8922736 1.5330913 2.6333618 2.3447759 2.5041066 2.5378574 4.4023698 4.2158014 1.3874772 2.6832098 2.7043270 1.8709820 1.4998444 1.7934694 1.9804099 2.1044802 1.7899285 1.9967507 1.7286991 2.3145619 2.6019657 2.4311525 2.4153234 2.3800086 3.7528829 0.0000000 2.9801362 3.0869288 2.8488386 2.9290221 2.9462388 2.5824187 3.9460761 2.8010786 3.9222492 2.6895271 2.3430213 1.9192666 3.3053153 
Clacor_Ccor_scaffold14346_01                            5.6671957 3.7255966 3.2809020 3.5478499 3.4448447 3.5403281 5.2263813 3.9806457 4.5250684 3.7766649 3.4219672 3.0617434 2.5515407 2.3673056 0.6645074 2.4770384 2.5430017 2.7329012 2.7107531 2.8500725 4.3761958 2.5627880 3.4911419 3.0700192 2.5544683 2.8106169 2.7991192 2.2365302 2.3396569 3.8269088 0.6373385 4.3916910 1.5577385 2.5559402 2.9367166 2.3554015 2.6493389 2.3183410 2.3183410 3.0915772 3.0718730 4.7207821 3.5039794 3.0713094 2.9130874 2.5596799 2.9801362 0.0000000 4.7856432 3.8001178 3.6386915 3.6386915 3.6120675 4.0070216 3.7861625 4.0275988 3.0745645 3.1932201 4.0521525 5.5108869 
HoiH06_mRNA11346                                        4.2788337 7.3589558 4.9374142 3.8537227 3.6326727 3.1413443 1.7696058 1.9415279 1.3893153 4.1803378 3.7748741 2.6941908 2.9205301 3.0032092 0.0000010 2.9348771 2.9926199 2.8794231 2.9380303 2.9211860 1.4658438 3.2068706 2.2280278 3.8792654 3.6577622 3.5344419 3.6434709 6.0491609 6.4387734 1.6948057 3.2330702 4.4135416 5.5855208 3.2061102 3.3957095 3.6634492 3.6061063 2.9621483 3.3282562 3.4415247 3.1684993 3.1128011 2.9488557 2.8672919 3.3952190 6.7243916 3.0869288 4.7856432 0.0000000 0.1324313 0.4661452 0.4717269 1.0637962 1.3901047 3.6311185 4.9486936 4.0314156 3.3178202 3.5767182 4.3459713 
HoiH23_PlH23_002630-RA                                  4.2778435 7.3721827 4.1767927 3.3728833 3.1630774 2.8049196 1.8514157 1.9429587 1.3227022 3.2734736 3.0804482 2.4125198 2.6812729 2.7422595 2.9273610 2.7203685 2.7658382 2.6198982 2.7133322 2.6711021 1.5491682 2.8953675 2.1195902 3.3243451 3.0761220 3.2516561 3.3651374 3.9751782 4.3466261 1.8373479 2.8845666 3.6718419 2.6643744 2.8041312 2.9844386 3.0519030 3.0451477 2.6721187 2.9477442 3.0649298 3.3502559 2.7903956 2.9790732 2.7759236 3.1487784 5.4824207 2.8488386 3.8001178 0.1324313 0.0000000 0.4394088 0.4435722 0.9675626 1.4002894 3.2175380 4.2911761 3.3732440 3.1982330 3.1066567 4.2925667 
Hhon_g06134.t1                                          4.4856379 6.7956177 3.9475440 3.4093046 3.2703911 2.8599495 2.1026389 1.8234205 1.3675165 3.2444025 3.1840214 2.5419077 2.6904375 2.6180326 2.8974546 2.6760844 2.6696644 2.6341590 2.7277884 2.7143200 1.6824504 2.8835285 2.0248382 3.2919198 2.9656061 3.2909285 3.4001370 4.3130999 4.5402468 1.8934593 3.2540252 3.5198629 2.6947521 2.8925009 2.8845169 3.1495994 2.9378241 2.8083973 3.0258391 3.1099872 3.4009413 2.5741134 2.8815843 2.8234098 3.1426463 6.1880708 2.9290221 3.6386915 0.4661452 0.4394088 0.0000000 0.0048930 0.9086709 1.2918810 3.0503239 4.5186827 3.1319683 3.2038688 3.2147886 4.0841641 
HoiH04_mRNA3276                                         4.5267205 6.8507835 3.9603090 3.4283370 3.2712229 2.8823360 2.1026389 1.8234205 1.3675165 3.2475939 3.1840214 2.5664727 2.7103250 2.6309450 2.8974546 2.6893482 2.6829331 2.6473141 2.7360099 2.7387736 1.6824504 2.8742136 2.0248382 3.3333977 2.9869913 3.2921009 3.4013935 4.3130999 4.5402468 1.8934593 3.2540252 3.5278327 2.6947521 2.9239132 2.9046080 3.1751438 2.9366953 2.8107063 3.0279057 3.1195517 3.4772382 2.5738977 2.9074482 2.8447928 3.1899420 6.3555240 2.9462388 3.6386915 0.4717269 0.4435722 0.0048930 0.0000000 0.9193210 1.3135765 3.0399384 4.5186827 3.1715733 3.2058637 3.2656087 4.1183261 
TrH2_TrispH2_000065-RA                                  4.5332780 6.4151850 3.9488855 3.2543725 3.3544236 2.6652578 1.7461783 1.7775756 1.4548071 2.9639918 2.7085706 2.3284061 2.4421128 2.5127089 2.2397039 2.4586018 2.5439002 2.4703604 2.6286469 2.5042668 1.5915741 2.6821697 1.8444621 3.1184374 2.7908152 2.9410617 2.9970905 4.8703629 4.5322759 1.6366452 4.1019174 3.7259701 2.6250618 2.7373438 2.8130842 3.1404532 2.8571530 2.5549257 2.7710845 2.9302017 2.6710835 2.4570003 2.9770190 2.7146216 2.9741931 6.3319969 2.5824187 3.6120675 1.0637962 0.9675626 0.9086709 0.9193210 0.0000000 0.0304248 3.1193449 4.9682515 3.2870156 3.2286969 2.8828112 4.1148944 
Tadh_TriadT52410                                        6.1382200 8.9999985 5.9662035 4.4938851 5.0318621 4.5908756 1.2769625 2.9312555 2.4842925 5.2265555 4.1983791 4.9203665 3.8778373 4.0525060 2.2397039 3.7061976 3.8852041 3.8413718 4.3157332 4.1077256 1.5464444 4.0373220 5.2549701 5.3169134 4.6471698 4.6542023 4.6595918 4.8703629 4.7557561 2.1010417 4.1019174 5.9377291 2.3684423 4.3779675 5.0270666 4.9667788 4.4522167 4.0266214 4.2297398 4.4082958 5.1381799 6.2584505 4.7677085 4.2239672 4.8946968 6.5469348 3.9460761 4.0070216 1.3901047 1.4002894 1.2918810 1.3135765 0.0304248 0.0000000 5.0462590 5.9526780 5.2539859 4.5911711 3.9763665 5.8511012 
Morvir_scaffold8.g18.t1                                 4.1726223 4.7354741 2.9638117 2.7730544 2.7696183 2.6829173 1.9477816 1.7178540 1.5080680 3.2594729 3.1865757 2.2369722 2.2816365 2.1951662 1.9969374 2.2125098 2.2062732 2.1574687 2.2629571 2.2474532 2.0993196 3.0428020 1.8196995 3.1527724 3.1077217 3.2233331 3.3108865 3.8821223 3.6760106 1.8551130 3.3120642 2.6286773 4.0927727 2.7043187 2.8428732 2.5607853 2.6794729 2.7083325 2.9403386 2.9462899 3.3069815 2.1985964 1.5995603 1.6160768 1.5790541 1.7829089 2.8010786 3.7861625 3.6311185 3.2175380 3.0503239 3.0399384 3.1193449 5.0462590 0.0000000 4.5571030 2.4619499 3.2447324 2.9181081 3.7558003 
Coeast_Cast_sb753594                                    5.2984486 1.4154943 4.1699609 3.9172046 4.9461230 3.7639380 6.1768866 3.2628824 2.9737470 2.9662528 3.3186984 4.1255889 3.3300108 3.4848925 3.4518420 3.4364877 3.4560549 3.2165671 3.5701379 2.9632667 3.4255310 3.8896976 4.7838390 1.9480429 2.1777455 2.0446748 2.0386221 1.1738192 1.4694483 4.6730020 0.8076804 4.1363656 3.0291851 3.7418495 3.3613143 3.0540809 4.0111662 3.5617055 3.5852943 4.3659180 2.5503502 6.6777721 4.2774874 5.1029220 5.7399464 4.6949492 3.9222492 4.0275988 4.9486936 4.2911761 4.5186827 4.5186827 4.9682515 5.9526780 4.5571030 0.0000000 4.8686078 2.7013376 4.6156446 4.4682385 
Chem_TCONS_00028845                                     4.0242563 4.3717852 2.9444533 2.6118228 2.9548346 2.8763921 2.8663189 1.6671535 1.8195596 3.2305324 3.0444119 2.6215024 2.6335311 2.5290316 1.9121695 2.4323490 2.4749751 2.4901913 2.5249497 2.3556674 1.9884171 2.8541889 1.7095705 3.4494232 3.0642500 3.2235081 3.3173715 3.6442988 3.8868404 1.9807614 3.4279299 1.9726768 3.1422303 2.7748924 2.8865964 2.7061581 2.8120459 2.8223351 3.0790205 2.9032847 2.7271541 2.6680217 2.1333390 2.0730020 2.3107224 2.8946389 2.6895271 3.0745645 4.0314156 3.3732440 3.1319683 3.1715733 3.2870156 5.2539859 2.4619499 4.8686078 0.0000000 3.1531794 3.4997473 3.8580616 
Plajan_Pjan_scaffold19845_01                            4.0666326 4.4552063 3.0941875 2.1520958 2.5202431 2.1681556 1.7163561 1.6474431 1.5604109 2.6410572 2.1635991 2.4586016 2.3848412 2.2450133 2.0866705 2.2007680 2.3338704 2.3948071 2.2687100 2.4289727 1.5526361 2.3299346 1.7562511 3.0513944 2.6732254 2.7891543 2.7571580 3.2323173 3.4381132 1.6115806 2.4170094 3.0774435 2.0571742 2.2584614 2.8238766 2.7320932 2.8590816 1.3904964 1.5380724 2.2612533 2.7824635 2.5489913 2.7366096 2.5678786 2.5130312 3.6392072 2.3430213 3.1932201 3.3178202 3.1982330 3.2038688 3.2058637 3.2286969 4.5911711 3.2447324 2.7013376 3.1531794 0.0000000 2.3841900 3.5264586 
Skow_XM_006820940.1                                     4.6574665 4.5633878 3.0381620 2.6389992 2.6438514 1.5906694 1.5543272 1.4189877 1.4051797 2.5562209 2.5856344 2.1168269 2.2683200 2.0403723 4.3683688 2.1561172 2.2551228 2.2750502 2.0673450 2.0102639 1.8982767 2.1851951 1.5899863 2.9307699 3.0743533 3.4209277 3.4898050 4.5701988 4.5508948 1.3132167 3.8067213 3.7492094 4.4564115 1.5876241 2.2395934 2.7468632 2.7215861 1.9490000 2.1776423 2.1434344 3.5282167 2.9161574 2.8079838 2.8922428 2.7993018 3.7672817 1.9192666 4.0521525 3.5767182 3.1066567 3.2147886 3.2656087 2.8828112 3.9763665 2.9181081 4.6156446 3.4997473 2.3841900 0.0000000 3.4233349 
Gracom_Gcom_scaffold19151_01                            2.5590911 6.3248615 4.3824674 3.7316415 4.0474049 3.4097049 4.3357920 2.3881772 2.1114348 3.7480859 3.5579646 3.1681624 3.2915698 3.3286510 3.0180646 3.2748891 3.4407046 3.2706191 3.3076753 3.3417176 2.4462906 3.2570776 2.8714551 4.0156610 3.6111146 4.0656742 4.2017201 5.3646854 4.6869137 2.6874560 3.0322773 4.3000196 2.8716012 3.3892865 3.7702358 3.6372002 4.1444386 3.2514888 3.5669808 4.0354257 3.5660904 3.8540403 3.4529777 3.8543151 3.3619318 4.1779989 3.3053153 5.5108869 4.3459713 4.2925667 4.0841641 4.1183261 4.1148944 5.8511012 3.7558003 4.4682385 3.8580616 3.5264586 3.4233349 0.0000000 
