66
Lcom_lcpid164723                                   0.0000000 0.0000010 0.3033437 0.2831077 0.4790301 0.4844907 0.4371813 0.4582908 0.3427798 0.4560791 0.5002692 0.5114938 0.4799292 0.4679832 0.4298224 0.5095122 0.5976962 0.5621527 0.5398162 0.6590451 0.6961884 0.7276612 0.8032828 1.0181391 1.1451234 1.7121831 1.0683897 1.0595266 0.8775082 0.9729004 0.9402532 1.0309532 0.7943812 0.7943812 0.7943812 0.7943812 0.7897645 0.7837168 0.7837168 0.7837168 0.8160589 0.8160589 0.8160589 0.7580923 0.9121507 0.8760080 0.9580296 0.9402422 0.7002170 1.0345492 0.8032790 0.8611361 1.1864547 0.8164397 0.8723688 0.8359122 0.8359122 0.8604772 0.8604772 0.8906800 1.7977005 2.4332249 1.5012975 1.6371138 1.5652792 1.6460526 
Lcom_lcpid201463                                   0.0000010 0.0000000 0.2192160 0.3165031 0.3920742 0.5176326 0.3924077 0.4928528 0.6163783 0.5746608 0.5952633 0.5881359 0.5791719 1.3531925 0.6390693 0.5938652 0.0000010 0.6652536 0.6263183 0.7187717 0.7195555 0.8157620 0.9743212 0.7797548 0.6593747 1.1225902 1.2638293 1.3155272 0.9858308 1.0518918 1.1843691 1.0508241 0.9040508 0.8180208 0.6140225 0.8916082 0.8640020 0.8678726 0.8976816 0.9617350 0.8024637 0.6735808 1.0409531 0.8864034 0.8613981 0.7975151 0.9070861 0.9482764 0.9491492 0.8227723 1.0157891 1.0977578 0.9052431 1.1938240 1.1647916 1.1770245 1.1770245 1.2449646 1.2449646 1.1776336 1.5916110 1.9368848 2.1370176 1.5230920 0.0000010 2.6980919 
Cgig_XM_011451278.3                                0.3033437 0.2192160 0.0000000 0.2618128 0.3318726 0.4219650 0.3832624 0.4352655 0.4626824 0.4793871 0.5121043 0.5035325 0.5127281 0.6111368 0.5442924 0.5963419 0.8277589 0.6855799 0.6184781 0.6578244 0.6687913 0.7189438 0.8531955 0.8187612 0.7336955 1.3970930 1.0069853 1.0650710 0.7921920 1.0465061 1.0670070 0.9955129 0.8627354 0.8180896 0.7598158 0.8559157 0.8085105 0.7959896 0.8129353 0.8327348 0.8122739 0.7885449 0.9548819 0.8345046 0.8934665 0.8621577 0.8599241 0.9776144 0.8279181 0.9050929 0.8796283 0.9334197 0.9440026 1.0071686 1.0250789 1.0255304 1.0255304 1.0400710 1.0400710 1.0861340 1.7310587 1.9336643 1.7262830 1.4486139 1.6958868 2.0311999 
Acagra_model.g4352.t1                              0.2831077 0.3165031 0.2618128 0.0000000 0.4512471 0.4881701 0.3589021 0.3747474 0.5306815 0.5024484 0.5311562 0.5409382 0.5090230 0.5399910 0.5504178 0.5967893 0.5980283 0.6490154 0.6570577 0.7059765 0.7398213 0.7866594 0.8483366 0.8500438 0.8936486 1.3721666 1.0407048 1.0809038 0.8786452 1.0005453 1.0329777 0.9934538 0.9062343 0.8136232 0.7744209 0.8992343 0.8629850 0.8803689 0.8961695 0.8726396 0.7943578 0.7716493 0.9538262 0.8730781 0.9538782 0.9461648 0.9753026 1.0581484 0.8594875 0.9382478 0.8204369 0.9351423 0.9134197 1.0158538 1.0318813 0.9787112 0.9787112 0.9913709 0.9913709 1.0479620 1.7298394 2.0843317 1.6515759 1.5110520 1.8960847 1.9678718 
Bralan_BLAG15000484_1                              0.4790301 0.3920742 0.3318726 0.4512471 0.0000000 0.4064272 0.3877244 0.4941058 0.5653163 0.5712305 0.6194213 0.6358443 0.5877593 0.6470934 0.6493285 0.7177773 0.9090689 0.7223928 0.5720976 0.6548242 0.6587199 0.6880733 0.8720348 0.8686174 0.6050613 1.3083980 1.0503354 1.0113723 0.7701895 1.0446184 1.0926328 0.9512769 0.7377138 0.6962728 0.5781974 0.7320367 0.7497169 0.7333492 0.7541887 0.7596379 0.7092065 0.6732877 0.8200982 0.7594010 0.8300245 0.7766415 0.7830675 0.8459325 0.7537932 0.9141873 0.8063238 0.8215088 0.9655490 1.0463883 1.0490269 1.0439640 1.0439640 1.0466563 1.0466563 1.0787527 1.8230387 2.2128586 1.7647052 1.5977364 1.7496389 2.3876776 
Spur_XM_785297.5                                   0.4844907 0.5176326 0.4219650 0.4881701 0.4064272 0.0000000 0.3248562 0.5408789 0.5589226 0.5735638 0.5655025 0.5851941 0.5659714 0.6873454 0.6606104 0.7098454 0.7968546 0.7450777 0.7287067 0.6605272 0.6875046 0.7198181 0.9333361 0.8931402 0.6999805 1.3809564 1.1049887 1.0785338 0.9405377 1.0304691 1.0540812 0.9661824 0.9024371 0.8245482 0.7426494 0.8952674 0.8311103 0.8645138 0.8796388 0.8649087 0.7750546 0.7698027 0.8905036 0.8300541 0.8988882 0.8910382 0.8817432 0.9683001 0.8689644 0.9611016 0.8800675 0.9105361 0.8131992 0.9613907 0.9708589 0.9425505 0.9425505 1.0610132 1.0610132 1.1079145 1.8093016 2.0994655 1.7742946 1.5203434 1.7834212 2.2632638 
Skow_XM_002730732.2                                0.4371813 0.3924077 0.3832624 0.3589021 0.3877244 0.3248562 0.0000000 0.5028401 0.4481388 0.4666622 0.4566690 0.4782511 0.4591693 0.5572096 0.5161151 0.5106146 0.5524171 0.5256331 0.6283425 0.5853161 0.6534835 0.6913160 0.8279073 0.7254845 0.6539752 1.3904766 1.0457785 1.0204694 0.8030473 1.0052509 1.0389217 0.8747306 0.7273082 0.6783286 0.6086703 0.7216747 0.6857423 0.7232193 0.7626499 0.7615692 0.6577004 0.6586443 0.8013115 0.6799067 0.7747509 0.7172351 0.7835764 0.7971581 0.7076159 0.8836002 0.8125195 0.7369471 0.7727597 0.9525016 0.9617180 0.9309069 0.9309069 0.9776229 0.9776229 1.0458672 1.5856241 2.0608974 1.6142193 1.4768856 1.3349998 2.1551971 
Ctel_gnl_WGS_AMQN_CAPTEDRAFT_mRNA177417            0.4582908 0.4928528 0.4352655 0.3747474 0.4941058 0.5408789 0.5028401 0.0000000 0.5853549 0.5743645 0.6219214 0.6287729 0.5873133 0.5710143 0.6289667 0.6344639 0.7393853 0.7545621 0.7535355 0.6957821 0.7377332 0.6923047 0.8584125 0.8717355 0.7823156 1.2853825 1.0246884 1.0320872 0.8227933 1.0844083 1.2123136 0.9821945 0.9587208 0.8698141 0.7971879 0.9513403 0.9463399 0.9143636 0.9184847 0.8897392 0.8709523 0.8464686 1.0175867 0.9072549 1.0140681 0.9597303 0.9973001 1.0831985 0.8485208 0.9696519 0.8443447 0.9590988 1.0253872 0.9935084 1.0039287 1.0021540 1.0021540 1.0062461 1.0062461 0.9432244 1.6664398 2.1270614 1.7769257 1.4421755 1.6504676 2.0473082 
Fspp_ffun1.m4.16391.m1                             0.3427798 0.6163783 0.4626824 0.5306815 0.5653163 0.5589226 0.4481388 0.5853549 0.0000000 0.0386820 0.0789340 0.0788979 0.0854211 0.1597864 0.1634323 0.2987906 0.0000010 0.3847701 0.8455488 0.5636473 0.5433133 0.6616637 0.7348054 0.5833782 0.4592870 1.0137392 0.9997140 0.9482497 0.7624160 0.8581521 0.9432679 0.7435450 0.9689355 0.8389809 0.7441475 0.9600266 0.8637607 0.8943282 0.9031190 0.8568961 0.7900374 0.6976120 0.8710856 0.8090046 0.9371129 0.9202269 0.9286236 0.9591990 0.6799805 0.8119407 0.7910622 0.7591735 0.6551436 1.0254806 1.0305233 0.9983538 0.9983538 1.0633275 1.0633275 1.1402248 1.4322491 1.7463776 1.3061654 1.3052323 1.0741082 2.1711484 
Gfas_gfas1.m1.4061.m1                              0.4560791 0.5746608 0.4793871 0.5024484 0.5712305 0.5735638 0.4666622 0.5743645 0.0386820 0.0000000 0.0899668 0.0781680 0.0888660 0.1795055 0.1642412 0.3092000 0.4518331 0.3956538 0.8157911 0.6370558 0.6124797 0.6954318 0.8095017 0.6909369 0.5612457 1.1446712 1.0276071 0.9608901 0.7554625 0.9717526 0.9662093 0.8757265 0.9577527 0.8466083 0.7840614 0.9501957 0.8323365 0.9040927 0.9115492 0.8722403 0.8124973 0.7370269 0.8988065 0.8359015 0.9863773 0.9444209 0.9736884 1.0568602 0.8027408 0.8289383 0.7719183 0.7733934 0.6615623 0.9489810 0.9565050 0.9321510 0.9321510 0.9924642 0.9924642 1.1104103 1.4131752 2.0467123 1.5179110 1.2933530 1.3142611 2.1965845 
Spis_XP_022786566_1                                0.5002692 0.5952633 0.5121043 0.5311562 0.6194213 0.5655025 0.4566690 0.6219214 0.0789340 0.0899668 0.0000000 0.0433772 0.1334628 0.2513439 0.1951203 0.3037105 0.4137492 0.4458167 0.8626568 0.6944077 0.6599958 0.6647889 0.8492773 0.7404563 0.5612457 1.2421650 1.1232842 1.0525925 0.8189329 0.9681454 0.9974283 0.8890396 0.9463769 0.8358601 0.7337934 0.9388918 0.8466734 0.9034646 0.9109255 0.8716062 0.8169058 0.7134125 0.8571638 0.8709021 0.9515177 0.9581675 0.9599242 1.0781212 0.8379749 0.9017341 0.7852945 0.7535915 0.6864463 0.9848886 0.9929315 0.9549581 0.9549581 1.0728636 1.0728636 1.1645071 1.4613667 2.0192546 1.4781913 1.3439089 1.4155712 2.1931915 
Pocdam_XM_027189878.1                              0.5114938 0.5881359 0.5035325 0.5409382 0.6358443 0.5851941 0.4782511 0.6287729 0.0788979 0.0781680 0.0433772 0.0000000 0.1447969 0.2597595 0.2030148 0.2985232 0.4669035 0.4193021 0.8910026 0.6801409 0.6343483 0.6549734 0.8386635 0.7336400 0.5590455 1.2432252 1.1161911 1.0662319 0.8367088 0.9993922 1.0362483 0.9101330 0.9755571 0.8638498 0.7703010 0.9679099 0.8744213 0.9106946 0.9181010 0.8789319 0.8447031 0.7431179 0.8891632 0.8988585 0.9807433 0.9870654 0.9893858 1.1179361 0.8880062 0.8940823 0.7899345 0.7917718 0.7171156 0.9605155 0.9682616 0.9309295 0.9309295 1.0449893 1.0449893 1.1364672 1.4592018 2.0399885 1.5228261 1.3656993 1.4378210 2.2707020 
Amil_Amillepora04919-RA                            0.4799292 0.5791719 0.5127281 0.5090230 0.5877593 0.5659714 0.4591693 0.5873133 0.0854211 0.0888660 0.1334628 0.1447969 0.0000000 0.0937890 0.2257210 0.3418530 0.3661578 0.4503954 0.8003604 0.6396392 0.6422199 0.6549059 0.8006012 0.6989921 0.5437809 1.1014606 1.0671287 0.9871890 0.8139179 0.9488480 0.9727694 0.8329556 0.9252560 0.8221607 0.7478571 0.9179241 0.8241714 0.8797943 0.8873504 0.8519943 0.7767723 0.6877703 0.8564684 0.8417133 0.9629939 0.9458174 0.9592913 1.0500577 0.7696824 0.8612129 0.7706283 0.7704849 0.7492328 0.9328506 0.9403026 0.9061924 0.9061924 0.9761734 0.9761734 1.1166481 1.4359443 2.0247126 1.5895193 1.3426802 1.3240424 2.1706407 
Adig_XM_015892651.1                                0.4679832 1.3531925 0.6111368 0.5399910 0.6470934 0.6873454 0.5572096 0.5710143 0.1597864 0.1795055 0.2513439 0.2597595 0.0937890 0.0000000 0.2436330 0.4229697 0.3661578 0.5486956 0.7996740 0.8432152 0.8467984 0.7583660 0.8361634 0.9860613 0.9257101 1.5394042 1.3349047 1.1882308 0.9793792 1.0618035 1.0565915 1.0215762 0.9201109 0.9201109 0.9201109 0.9201109 0.8171089 0.9394198 0.9394198 0.9394198 0.8355016 0.8355016 0.8355016 0.8435778 1.0081016 1.1175502 1.0310472 1.1442228 0.9807532 1.1724186 0.8112137 0.8785002 3.0473080 0.9830606 1.0429087 0.9810754 0.9810754 1.0207205 1.0207205 1.1049287 1.7070950 2.6484412 1.6491941 1.7379099 1.3240424 1.6744476 
Gasp_gasp1.m3.24819.m1                             0.4298224 0.6390693 0.5442924 0.5504178 0.6493285 0.6606104 0.5161151 0.6289667 0.1634323 0.1642412 0.1951203 0.2030148 0.2257210 0.2436330 0.0000000 0.3651156 0.4308355 0.4968229 0.8768109 0.7379318 0.7224802 0.7082518 0.8014070 0.7592734 0.5612457 1.3184980 1.1896423 1.1215687 0.8693963 1.1060803 1.1382801 0.8633158 0.8083900 0.8083900 0.7355886 0.8083900 0.7702194 0.8065246 0.8065246 0.8065246 0.8436740 0.7824558 0.7730871 0.7428537 0.9041503 0.8747072 0.9124204 0.9737872 0.7604683 1.0194814 0.7989551 0.8201182 1.0677298 0.9585940 1.0038076 0.9425997 0.9425997 1.0116387 1.0116387 1.1766554 1.5506664 2.0111789 1.7790997 1.5875417 1.3411627 1.9664123 
Exapal_XM_021038232.1                              0.5095122 0.5938652 0.5963419 0.5967893 0.7177773 0.7098454 0.5106146 0.6344639 0.2987906 0.3092000 0.3037105 0.2985232 0.3418530 0.4229697 0.3651156 0.0000000 0.3448419 0.4423483 0.9151789 0.6695329 0.6710549 0.7011551 0.9065776 0.7930431 0.6775088 1.4301210 1.1963006 1.1422273 0.8949780 1.0469224 1.0660660 0.9572941 1.0436069 0.9525523 0.8637468 1.0354357 0.9565229 1.0155760 1.0383198 0.9751235 0.8788157 0.8093946 0.9708833 0.9474688 1.0546849 0.9991638 1.0939462 1.1343620 0.8953923 0.9322865 0.8854926 0.8895906 0.6802504 1.0233752 1.0317027 1.0002745 1.0002745 1.0823066 1.0823066 1.0333344 1.4544781 2.0370791 1.4538033 1.3668110 1.4882168 2.1988123 
Nvec_v1g244029                                     0.5976962 0.0000010 0.8277589 0.5980283 0.9090689 0.7968546 0.5524171 0.7393853 0.0000010 0.4518331 0.4137492 0.4669035 0.3661578 0.3661578 0.4308355 0.3448419 0.0000000 0.7274615 1.0369095 1.2312213 1.3132636 1.0708554 1.6186150 3.4352826 9.0000000 2.9120373 1.8751881 1.6022179 1.1839491 1.6715744 1.7199179 1.9151821 0.8212461 0.8212461 0.8212461 0.8212461 0.6840232 0.9357146 0.9357146 0.9357146 0.8030593 0.8030593 0.8030593 0.7057867 1.2528759 1.0624101 1.1630122 1.1846453 1.4270361 1.5049540 1.3067920 0.9476945 6.1104959 0.7272191 0.7493376 0.6895512 0.6895512 0.8925326 0.8925326 0.8126745 1.9573341 4.5084012 2.2519473 1.4649115 2.3810040 1.9656631 
Dgig_XM_028552499.1                                0.5621527 0.6652536 0.6855799 0.6490154 0.7223928 0.7450777 0.5256331 0.7545621 0.3847701 0.3956538 0.4458167 0.4193021 0.4503954 0.5486956 0.4968229 0.4423483 0.7274615 0.0000000 1.0053533 0.6976659 0.7398749 0.7055322 0.8817299 0.8059339 0.7181393 1.5040465 1.2083141 1.1673791 0.8874784 1.1106150 1.1674581 1.0880385 1.0389506 0.9631625 0.8100016 1.0308259 0.9913625 1.0183774 1.0380864 1.0004042 0.9706647 0.8471385 1.0145759 0.9721912 1.1234072 1.0116092 1.0612228 1.1801317 0.9199067 0.9413576 0.9242912 0.8066336 0.5754576 0.9014264 0.9140068 0.8814517 0.8814517 0.9095783 0.9095783 1.1987223 1.4940166 2.0579480 1.7106615 1.5506785 1.6818604 2.2890090 
Hsap_ENST00000265191                               0.5398162 0.6263183 0.6184781 0.6570577 0.5720976 0.7287067 0.6283425 0.7535355 0.8455488 0.8157911 0.8626568 0.8910026 0.8003604 0.7996740 0.8768109 0.9151789 1.0369095 1.0053533 0.0000000 0.9949577 1.0548937 1.0560946 1.1965464 1.2190471 0.8674416 1.5844019 1.3448370 1.3567515 1.0642683 1.1991125 1.3161526 1.2280935 1.0957795 1.0715374 0.9521293 1.0957795 1.0919741 1.0933408 1.0933408 1.1553242 1.0392844 0.9907552 1.1966534 1.0703962 1.1658806 1.0181081 1.1244068 1.1465141 1.0448279 1.3211755 1.2472492 1.2639751 1.6342316 1.2716475 1.3024318 1.2756154 1.2756154 1.3231906 1.3231906 1.3222835 2.2183703 2.7984851 2.1762125 1.9542086 1.5800260 2.1381474 
Nemnom_g8536.t1                                    0.6590451 0.7187717 0.6578244 0.7059765 0.6548242 0.6605272 0.5853161 0.6957821 0.5636473 0.6370558 0.6944077 0.6801409 0.6396392 0.8432152 0.7379318 0.6695329 1.2312213 0.6976659 0.9949577 0.0000000 0.1261859 0.4957768 0.6478062 0.4121201 0.7892575 1.5317765 1.2387335 1.1301924 0.9177821 1.0825118 1.2049291 0.9401549 0.9618970 0.9043797 0.8018477 0.9544145 0.8940490 0.9204653 0.9475680 0.9140044 0.8885678 0.8430167 0.9927690 0.9172829 0.9839565 0.9471486 0.9997613 1.0619419 0.8999635 0.8414722 0.8369823 0.8594349 0.8689982 1.0204788 1.0511552 1.0590639 1.0590639 1.0853814 1.0853814 0.9170877 1.4518704 2.1069994 1.5887704 1.3450254 1.3924306 2.3330719 
Rhoesc_Res_002253-T1                               0.6961884 0.7195555 0.6687913 0.7398213 0.6587199 0.6875046 0.6534835 0.7377332 0.5433133 0.6124797 0.6599958 0.6343483 0.6422199 0.8467984 0.7224802 0.6710549 1.3132636 0.7398749 1.0548937 0.1261859 0.0000000 0.4785223 0.6283510 0.4678187 0.7531066 1.6186724 1.3162303 1.2033338 0.9695574 1.1126120 1.1937402 0.9649633 1.0439422 0.9508505 0.8625050 1.0359401 0.9815274 1.0120967 1.0213801 0.9713326 0.9484489 0.9054518 1.1110916 0.9673571 1.0999966 1.0428916 1.0662126 1.1481447 0.9906761 0.8111245 0.8446156 0.9378776 0.9223757 1.0698556 1.1014029 1.1093643 1.1093643 1.1169972 1.1169972 0.9686027 1.5143859 2.1351114 1.4301704 1.3403044 1.4474892 2.3597228 
Morvir_scaffold39.g120.t2                          0.7276612 0.8157620 0.7189438 0.7866594 0.6880733 0.7198181 0.6913160 0.6923047 0.6616637 0.6954318 0.6647889 0.6549734 0.6549059 0.7583660 0.7082518 0.7011551 1.0708554 0.7055322 1.0560946 0.4957768 0.4785223 0.0000000 0.5877301 0.6123615 0.8233634 1.6445528 1.4723197 1.3991165 1.0880251 1.1560551 1.2328107 1.0526916 1.0430376 0.9422930 0.7629734 1.0348242 1.0194434 0.9688453 0.9887123 0.9709429 0.9369663 0.8278403 0.9838002 1.0585877 1.0302084 1.0303317 1.0299457 1.2631770 0.9538890 0.8209218 0.9538892 0.9082398 1.0317995 1.0719868 1.0808390 1.0573128 1.0573128 1.1102533 1.1102533 1.0791518 1.9378478 2.1845837 1.6593520 1.4657773 1.8098276 2.1313430 
Chem_TCONS_00001244                                0.8032828 0.9743212 0.8531955 0.8483366 0.8720348 0.9333361 0.8279073 0.8584125 0.7348054 0.8095017 0.8492773 0.8386635 0.8006012 0.8361634 0.8014070 0.9065776 1.6186150 0.8817299 1.1965464 0.6478062 0.6283510 0.5877301 0.0000000 0.7678033 0.8461599 1.6624743 1.5163621 1.4395539 1.2183498 1.1332814 1.2256814 1.1149209 1.1214503 0.9859115 0.8629957 1.1086484 1.0793743 1.0670916 1.0806054 1.0321001 0.9729472 0.8944599 1.0547177 1.0627838 1.1291877 1.1221137 1.1721421 1.2385376 1.0587280 0.7899523 1.0117132 0.9858093 1.1111906 1.1937326 1.1997730 1.1778457 1.1778457 1.1999840 1.1999840 1.1814264 1.9797814 2.1792131 1.7527726 1.4339955 1.3753726 2.4576502 
Sanmal_Sma_017669-T1                               1.0181391 0.7797548 0.8187612 0.8500438 0.8686174 0.8931402 0.7254845 0.8717355 0.5833782 0.6909369 0.7404563 0.7336400 0.6989921 0.9860613 0.7592734 0.7930431 3.4352826 0.8059339 1.2190471 0.4121201 0.4678187 0.6123615 0.7678033 0.0000000 0.8305486 1.5813012 1.5229669 1.4868391 1.2807258 1.4185147 1.5451020 1.0754709 1.1606005 1.0577625 1.0229402 1.1511809 1.1617425 1.1611859 1.1823805 1.1520900 1.1042419 1.1038737 1.3277674 1.1652790 1.2136112 1.1950724 1.2257969 1.2997243 1.1208004 1.0000501 1.0574410 1.0267605 1.0841112 1.3676889 1.4081063 1.3231689 1.3231689 1.3393615 1.3393615 1.2936187 1.7009668 2.0741022 1.4559289 1.4711051 1.4557613 2.6193941 
Stycar_maker-SC_scaffold68967-snap-gene-0.2-mRNA-1 1.1451234 0.6593747 0.7336955 0.8936486 0.6050613 0.6999805 0.6539752 0.7823156 0.4592870 0.5612457 0.5612457 0.5590455 0.5437809 0.9257101 0.5612457 0.6775088 9.0000000 0.7181393 0.8674416 0.7892575 0.7531066 0.8233634 0.8461599 0.8305486 0.0000000 0.3218066 0.4355228 0.3591751 0.1071472 0.6384631 0.6759688 0.6305988 0.8174377 0.8174377 0.9401943 0.8174377 0.7435529 0.7172392 0.7172392 0.7172392 0.8256202 0.8256202 0.8256202 0.7745622 0.7532257 0.7782295 0.7895050 0.7739218 0.8959671 1.0467585 0.8555687 0.9163723 0.4006471 0.9874477 0.9987207 0.9987207 0.9987207 1.0086791 1.0086791 1.3842877 1.4176078 1.1718030 1.4994390 1.5989067 1.2069896 2.0613273 
Tetwil_g12813.t2                                   1.7121831 1.1225902 1.3970930 1.3721666 1.3083980 1.3809564 1.3904766 1.2853825 1.0137392 1.1446712 1.2421650 1.2432252 1.1014606 1.5394042 1.3184980 1.4301210 2.9120373 1.5040465 1.5844019 1.5317765 1.6186724 1.6445528 1.6624743 1.5813012 0.3218066 0.0000000 0.7123555 0.7313917 0.5681091 0.9360755 0.9625329 1.1008699 1.1551307 1.1251007 1.1971209 1.1551307 1.1976109 1.1816378 1.2247600 1.2313781 1.2179165 1.1384800 1.3496735 1.2099091 1.2549551 1.2180297 1.3234461 1.2721041 1.3629892 1.6917280 1.3197536 1.4003186 1.6767514 1.4641507 1.4906073 1.3872333 1.3872333 1.4931754 1.4931754 2.0630576 1.9157786 2.8785457 2.1721646 1.6303281 1.9301413 3.1149963 
Spolac_c77413_g1_i1_m.1879c77413-g1                1.0683897 1.2638293 1.0069853 1.0407048 1.0503354 1.1049887 1.0457785 1.0246884 0.9997140 1.0276071 1.1232842 1.1161911 1.0671287 1.3349047 1.1896423 1.1963006 1.8751881 1.2083141 1.3448370 1.2387335 1.3162303 1.4723197 1.5163621 1.5229669 0.4355228 0.7123555 0.0000000 0.1125040 0.5029247 0.7766127 0.7261873 0.9840237 1.0145828 1.0167972 1.1229901 1.0145828 1.0070669 1.0066896 1.0439591 1.0668560 1.0278526 1.0121493 1.2247303 1.0598609 1.0018568 1.0511982 1.1119951 1.0286448 1.2648165 1.5189430 1.1095137 1.1718147 1.5205933 1.3062721 1.3563536 1.2475750 1.2475750 1.3410156 1.3410156 1.6352308 1.8878120 2.3399770 1.8691069 1.6723742 1.6252264 2.4208477 
Emue_Em0010g259a.t1                                1.0595266 1.3155272 1.0650710 1.0809038 1.0113723 1.0785338 1.0204694 1.0320872 0.9482497 0.9608901 1.0525925 1.0662319 0.9871890 1.1882308 1.1215687 1.1422273 1.6022179 1.1673791 1.3567515 1.1301924 1.2033338 1.3991165 1.4395539 1.4868391 0.3591751 0.7313917 0.1125040 0.0000000 0.4882999 0.8000108 0.7380005 1.0333683 1.0318766 1.0344573 1.1205915 1.0318766 1.0051340 1.0170165 1.0542879 1.0774050 1.0379084 1.0042313 1.2282061 1.0830535 1.0033831 1.0418574 1.0503056 0.9842166 1.0966182 1.4050218 1.0546723 1.1127444 1.5276752 1.2885456 1.3382203 1.2301485 1.2301485 1.3228000 1.3228000 1.5555274 1.8462618 2.4300497 1.7288135 1.5797664 1.6197675 2.3559296 
Stycar_maker-SC_scaffold6824-snap-gene-0.74-mRNA-1 0.8775082 0.9858308 0.7921920 0.8786452 0.7701895 0.9405377 0.8030473 0.8227933 0.7624160 0.7554625 0.8189329 0.8367088 0.8139179 0.9793792 0.8693963 0.8949780 1.1839491 0.8874784 1.0642683 0.9177821 0.9695574 1.0880251 1.2183498 1.2807258 0.1071472 0.5681091 0.5029247 0.4882999 0.0000000 0.6690429 0.6677426 0.8684216 0.8936195 0.8059411 0.8449002 0.8847967 0.8185924 0.8120138 0.8470682 0.8299221 0.7914086 0.7226460 0.9828554 0.8404541 0.8703664 0.8944359 0.9132485 0.9250891 0.9648315 1.0581993 0.9657195 0.8889324 1.1051269 1.0629016 1.0965667 1.0620486 1.0620486 1.0465084 1.0465084 1.5418777 1.8320556 2.2017776 1.6609883 1.5793302 1.5187798 2.3276961 
Aque_Aqu2.1.15474_001                              0.9729004 1.0518918 1.0465061 1.0005453 1.0446184 1.0304691 1.0052509 1.0844083 0.8581521 0.9717526 0.9681454 0.9993922 0.9488480 1.0618035 1.1060803 1.0469224 1.6715744 1.1106150 1.1991125 1.0825118 1.1126120 1.1560551 1.1332814 1.4185147 0.6384631 0.9360755 0.7766127 0.8000108 0.6690429 0.0000000 0.3387523 1.1066667 1.0495446 1.0495446 0.9094136 1.0495446 1.0514754 1.0002425 1.0002425 1.0002425 1.0738807 0.9440934 1.0536910 1.0798938 1.0623293 1.0425008 1.0072049 1.1018587 0.9731831 1.3358950 1.1374773 1.0283955 1.3278897 1.2678523 1.3267600 1.3365901 1.3365901 1.3849760 1.3849760 1.4000481 1.7995051 2.1118178 2.0234984 1.8146521 1.9801437 2.1989577 
Halamb_c44752_g1_i1m.17960                         0.9402532 1.1843691 1.0670070 1.0329777 1.0926328 1.0540812 1.0389217 1.2123136 0.9432679 0.9662093 0.9974283 1.0362483 0.9727694 1.0565915 1.1382801 1.0660660 1.7199179 1.1674581 1.3161526 1.2049291 1.1937402 1.2328107 1.2256814 1.5451020 0.6759688 0.9625329 0.7261873 0.7380005 0.6677426 0.3387523 0.0000000 1.1670475 1.1168930 1.1168930 0.9741738 1.1168930 1.1395389 1.0973842 1.0973842 1.1140822 1.1435541 0.9959970 1.1897749 1.1258170 1.1469414 1.1351011 1.1690847 1.1188879 0.9952231 1.4794455 1.2065091 1.0825620 1.1727891 1.3600268 1.3734133 1.3398511 1.3398511 1.3644807 1.3644807 1.6172324 1.6759910 2.2958142 1.7564192 1.5761069 1.6055701 2.2705968 
Pbac_sb2650657                                     1.0309532 1.0508241 0.9955129 0.9934538 0.9512769 0.9661824 0.8747306 0.9821945 0.7435450 0.8757265 0.8890396 0.9101330 0.8329556 1.0215762 0.8633158 0.9572941 1.9151821 1.0880385 1.2280935 0.9401549 0.9649633 1.0526916 1.1149209 1.0754709 0.6305988 1.1008699 0.9840237 1.0333683 0.8684216 1.1066667 1.1670475 0.0000000 0.1537689 0.1537689 0.1963444 0.1537689 0.1569385 0.1585329 0.1585329 0.1703555 0.1779878 0.2006392 0.2652061 0.0844322 0.1763411 0.2267894 0.2311714 0.2958138 0.4423301 1.3845220 0.9470528 0.9788151 1.2588339 1.3409747 1.4173475 1.3394342 1.3394342 1.3835040 1.3835040 1.4743317 1.7885445 2.1112280 1.6812947 1.5784010 1.1016210 2.0260072 
Bolinf_Binf_sb1206950                              0.7943812 0.9040508 0.8627354 0.9062343 0.7377138 0.9024371 0.7273082 0.9587208 0.9689355 0.9577527 0.9463769 0.9755571 0.9252560 0.9201109 0.8083900 1.0436069 0.8212461 1.0389506 1.0957795 0.9618970 1.0439422 1.0430376 1.1214503 1.1606005 0.8174377 1.1551307 1.0145828 1.0318766 0.8936195 1.0495446 1.1168930 0.1537689 0.0000000 0.0000010 0.0000010 0.0053500 0.0690497 0.0620344 0.0816528 0.0917912 0.0980135 0.1164661 0.1822042 0.1066120 0.0881716 0.1413479 0.1897778 0.2546523 0.3581749 1.2587915 0.9587657 0.9499954 1.3963826 1.1549091 1.2137366 1.1417616 1.1417616 1.1942896 1.1942896 1.3739067 1.7871511 2.3112873 1.6540110 1.5773826 1.1348717 2.4191910 
Mertsp_Mesp_sb526841                               0.7943812 0.8180208 0.8180896 0.8136232 0.6962728 0.8245482 0.6783286 0.8698141 0.8389809 0.8466083 0.8358601 0.8638498 0.8221607 0.9201109 0.8083900 0.9525523 0.8212461 0.9631625 1.0715374 0.9043797 0.9508505 0.9422930 0.9859115 1.0577625 0.8174377 1.1251007 1.0167972 1.0344573 0.8059411 1.0495446 1.1168930 0.1537689 0.0000010 0.0000000 0.0000010 0.0000010 0.0644143 0.0635979 0.0635979 0.0920427 0.0980135 0.1164661 0.1822042 0.0961960 0.0837749 0.1203651 0.1530734 0.2354576 0.3581749 1.2222022 0.9272685 0.9145382 1.2069042 1.1161808 1.1737690 1.1030741 1.1030741 1.1554625 1.1554625 1.3307754 1.7091592 2.1232235 1.6188067 1.5440705 1.1348717 2.2217111 
Drygla_Dgla_sb275007                               0.7943812 0.6140225 0.7598158 0.7744209 0.5781974 0.7426494 0.6086703 0.7971879 0.7441475 0.7840614 0.7337934 0.7703010 0.7478571 0.9201109 0.7355886 0.8637468 0.8212461 0.8100016 0.9521293 0.8018477 0.8625050 0.7629734 0.8629957 1.0229402 0.9401943 1.1971209 1.1229901 1.1205915 0.8449002 0.9094136 0.9741738 0.1963444 0.0000010 0.0000010 0.0000000 0.0000010 0.0566734 0.0819562 0.0819562 0.0819562 0.1007296 0.1007296 0.1007296 0.1078789 0.0939939 0.1361612 0.1549832 0.2445241 0.3581749 1.1339121 0.7821935 0.7735756 1.1862961 0.9383480 0.9701703 0.8880476 0.8880476 0.9741318 0.9741318 1.1206538 1.5800873 1.7855309 1.6911549 1.5747909 1.1348717 2.2048150 
Beraby_Baby_sb333822                               0.7943812 0.8916082 0.8559157 0.8992343 0.7320367 0.8952674 0.7216747 0.9513403 0.9600266 0.9501957 0.9388918 0.9679099 0.9179241 0.9201109 0.8083900 1.0354357 0.8212461 1.0308259 1.0957795 0.9544145 1.0359401 1.0348242 1.1086484 1.1511809 0.8174377 1.1551307 1.0145828 1.0318766 0.8847967 1.0495446 1.1168930 0.1537689 0.0053500 0.0000010 0.0000010 0.0000000 0.0690497 0.0620344 0.0806042 0.0917912 0.0980135 0.1164661 0.1822042 0.1066120 0.0881716 0.1395668 0.1892722 0.2514334 0.3581749 1.2486842 0.9512238 0.9422880 1.3743148 1.1452681 1.2036738 1.1321565 1.1321565 1.1843438 1.1843438 1.3627974 1.7740112 2.2953887 1.6406404 1.5647250 1.1348717 2.4028827 
Mlei_ML2083.g3.i1                                  0.7897645 0.8640020 0.8085105 0.8629850 0.7497169 0.8311103 0.6857423 0.9463399 0.8637607 0.8323365 0.8466734 0.8744213 0.8241714 0.8171089 0.7702194 0.9565229 0.6840232 0.9913625 1.0919741 0.8940490 0.9815274 1.0194434 1.0793743 1.1617425 0.7435529 1.1976109 1.0070669 1.0051340 0.8185924 1.0514754 1.1395389 0.1569385 0.0690497 0.0644143 0.0566734 0.0690497 0.0000000 0.0744079 0.0815762 0.0986396 0.0520263 0.0839588 0.1528861 0.0809532 0.0871007 0.1148837 0.1623432 0.2058274 0.3592771 1.2347629 0.8532326 0.8636764 1.2760785 1.1690848 1.1992042 1.1274740 1.1274740 1.2042954 1.2042954 1.2400624 1.6680189 2.1782929 1.7990608 1.5595397 1.1319132 2.2091274 
Bolinf_Binf_sb1260959                              0.7837168 0.8678726 0.7959896 0.8803689 0.7333492 0.8645138 0.7232193 0.9143636 0.8943282 0.9040927 0.9034646 0.9106946 0.8797943 0.9394198 0.8065246 1.0155760 0.9357146 1.0183774 1.0933408 0.9204653 1.0120967 0.9688453 1.0670916 1.1611859 0.7172392 1.1816378 1.0066896 1.0170165 0.8120138 1.0002425 1.0973842 0.1585329 0.0620344 0.0635979 0.0819562 0.0620344 0.0744079 0.0000000 0.0054706 0.0232710 0.0914385 0.1085190 0.1821695 0.1248290 0.0887247 0.1331681 0.1653691 0.2260827 0.3549664 1.2500785 0.9013877 0.8597710 1.2833396 1.1643449 1.1942181 1.1230718 1.1230718 1.1716315 1.1716315 1.2729962 1.7657647 2.2542808 1.7203349 1.5492908 1.2363449 2.3484216 
Mertsp_Mesp_sb559407                               0.7837168 0.8976816 0.8129353 0.8961695 0.7541887 0.8796388 0.7626499 0.9184847 0.9031190 0.9115492 0.9109255 0.9181010 0.8873504 0.9394198 0.8065246 1.0383198 0.9357146 1.0380864 1.0933408 0.9475680 1.0213801 0.9887123 1.0806054 1.1823805 0.7172392 1.2247600 1.0439591 1.0542879 0.8470682 1.0002425 1.0973842 0.1585329 0.0816528 0.0635979 0.0819562 0.0806042 0.0815762 0.0054706 0.0000000 0.0232710 0.0914385 0.1085190 0.1821695 0.1331707 0.0963901 0.1488433 0.1808132 0.2346024 0.3549664 1.2667318 0.9185216 0.8806010 1.2951719 1.1856846 1.2156337 1.1443932 1.1443932 1.1904169 1.1904169 1.2945967 1.7747516 2.2393533 1.7197852 1.5498752 1.2363449 2.3710463 
Mertsp_Mesp_sb559408                               0.7837168 0.9617350 0.8327348 0.8726396 0.7596379 0.8649087 0.7615692 0.8897392 0.8568961 0.8722403 0.8716062 0.8789319 0.8519943 0.9394198 0.8065246 0.9751235 0.9357146 1.0004042 1.1553242 0.9140044 0.9713326 0.9709429 1.0321001 1.1520900 0.7172392 1.2313781 1.0668560 1.0774050 0.8299221 1.0002425 1.1140822 0.1703555 0.0917912 0.0920427 0.0819562 0.0917912 0.0986396 0.0232710 0.0232710 0.0000000 0.0993880 0.1085190 0.1766127 0.1469713 0.1149029 0.1632964 0.1798082 0.2666911 0.3549664 1.2479615 0.9355169 0.8661028 1.4297046 1.1643449 1.1942181 1.1230718 1.1230718 1.1716315 1.1716315 1.2508260 1.6807733 2.2039443 1.7203349 1.5492908 1.2363449 2.3336843 
Bolinf_Binf_sb1265949                              0.8160589 0.8024637 0.8122739 0.7943578 0.7092065 0.7750546 0.6577004 0.8709523 0.7900374 0.8124973 0.8169058 0.8447031 0.7767723 0.8355016 0.8436740 0.8788157 0.8030593 0.9706647 1.0392844 0.8885678 0.9484489 0.9369663 0.9729472 1.1042419 0.8256202 1.2179165 1.0278526 1.0379084 0.7914086 1.0738807 1.1435541 0.1779878 0.0980135 0.0980135 0.1007296 0.0980135 0.0520263 0.0914385 0.0914385 0.0993880 0.0000000 0.0199717 0.0578696 0.1059544 0.0960034 0.1352640 0.1561714 0.2236363 0.3793864 1.2457545 0.8557458 0.8262633 1.2156520 1.2743506 1.3065485 1.2304275 1.2304275 1.2840111 1.2840111 1.2741491 1.6506495 2.1700614 1.8954925 1.6528856 1.2827545 2.2320218 
Mertsp_Mesp_sb567610                               0.8160589 0.6735808 0.7885449 0.7716493 0.6732877 0.7698027 0.6586443 0.8464686 0.6976120 0.7370269 0.7134125 0.7431179 0.6877703 0.8355016 0.7824558 0.8093946 0.8030593 0.8471385 0.9907552 0.8430167 0.9054518 0.8278403 0.8944599 1.1038737 0.8256202 1.1384800 1.0121493 1.0042313 0.7226460 0.9440934 0.9959970 0.2006392 0.1164661 0.1164661 0.1007296 0.1164661 0.0839588 0.1085190 0.1085190 0.1085190 0.0199717 0.0000000 0.0276646 0.1103986 0.0988852 0.1718485 0.1703481 0.2698747 0.3793864 1.1305735 0.8102488 0.7736252 1.0782919 1.1856707 1.2202353 1.1381089 1.1381089 1.1899140 1.1899140 1.2155293 1.6377581 1.9200992 1.8777788 1.6131222 1.2827545 2.2231961 
Bolinf_Binf_sb1265953                              0.8160589 1.0409531 0.9548819 0.9538262 0.8200982 0.8905036 0.8013115 1.0175867 0.8710856 0.8988065 0.8571638 0.8891632 0.8564684 0.8355016 0.7730871 0.9708833 0.8030593 1.0145759 1.1966534 0.9927690 1.1110916 0.9838002 1.0547177 1.3277674 0.8256202 1.3496735 1.2247303 1.2282061 0.9828554 1.0536910 1.1897749 0.2652061 0.1822042 0.1822042 0.1007296 0.1822042 0.1528861 0.1821695 0.1821695 0.1766127 0.0578696 0.0276646 0.0000000 0.1758679 0.1700927 0.2563400 0.2452437 0.3544752 0.3793864 1.2286826 1.0000080 0.8593438 1.6989696 1.1543948 1.1914477 1.0941957 1.0941957 1.1525962 1.1525962 1.3654586 1.7706968 2.0785720 1.8987617 1.7607626 1.2827545 2.4647027 
Horcal_Hcv1.av93.c1.g178.i1                        0.7580923 0.8864034 0.8345046 0.8730781 0.7594010 0.8300541 0.6799067 0.9072549 0.8090046 0.8359015 0.8709021 0.8988585 0.8417133 0.8435778 0.7428537 0.9474688 0.7057867 0.9721912 1.0703962 0.9172829 0.9673571 1.0585877 1.0627838 1.1652790 0.7745622 1.2099091 1.0598609 1.0830535 0.8404541 1.0798938 1.1258170 0.0844322 0.1066120 0.0961960 0.1078789 0.1066120 0.0809532 0.1248290 0.1331707 0.1469713 0.1059544 0.1103986 0.1758679 0.0000000 0.1362087 0.1522937 0.2037506 0.2371600 0.3676459 1.2685404 0.8948894 0.9354034 1.3788924 1.1230860 1.1813911 1.1214485 1.1214485 1.1623484 1.1623484 1.3262555 1.7056694 2.2030500 1.7314874 1.5836990 1.1074253 2.3662771 
Drygla_Dgla_sb304288                               0.9121507 0.8613981 0.8934665 0.9538782 0.8300245 0.8988882 0.7747509 1.0140681 0.9371129 0.9863773 0.9515177 0.9807433 0.9629939 1.0081016 0.9041503 1.0546849 1.2528759 1.1234072 1.1658806 0.9839565 1.0999966 1.0302084 1.1291877 1.2136112 0.7532257 1.2549551 1.0018568 1.0033831 0.8703664 1.0623293 1.1469414 0.1763411 0.0881716 0.0837749 0.0939939 0.0881716 0.0871007 0.0887247 0.0963901 0.1149029 0.0960034 0.0988852 0.1700927 0.1362087 0.0000000 0.1526526 0.1812930 0.2558277 0.4257480 1.3356700 0.9459987 0.8372078 1.3400073 1.2680687 1.3002735 1.2241345 1.2241345 1.3048865 1.3048865 1.3233120 1.7779130 2.4102946 1.9603684 1.6146015 1.3123791 2.3849881 
Lampan_Lpan_C401821_01                             0.8760080 0.7975151 0.8621577 0.9461648 0.7766415 0.8910382 0.7172351 0.9597303 0.9202269 0.9444209 0.9581675 0.9870654 0.9458174 1.1175502 0.8747072 0.9991638 1.0624101 1.0116092 1.0181081 0.9471486 1.0428916 1.0303317 1.1221137 1.1950724 0.7782295 1.2180297 1.0511982 1.0418574 0.8944359 1.0425008 1.1351011 0.2267894 0.1413479 0.1203651 0.1361612 0.1395668 0.1148837 0.1331681 0.1488433 0.1632964 0.1352640 0.1718485 0.2563400 0.1522937 0.1526526 0.0000000 0.1855416 0.2050386 0.3929115 1.2583712 0.9435422 0.9212674 1.1568245 1.1906065 1.2202639 1.1890946 1.1890946 1.1563304 1.1563304 1.3665872 1.8147585 2.3111857 1.8822016 1.6233523 1.2343103 2.5484268 
Eupdun_Edun_sb10636000                             0.9580296 0.9070861 0.8599241 0.9753026 0.7830675 0.8817432 0.7835764 0.9973001 0.9286236 0.9736884 0.9599242 0.9893858 0.9592913 1.0310472 0.9124204 1.0939462 1.1630122 1.0612228 1.1244068 0.9997613 1.0662126 1.0299457 1.1721421 1.2257969 0.7895050 1.3234461 1.1119951 1.0503056 0.9132485 1.0072049 1.1690847 0.2311714 0.1897778 0.1530734 0.1549832 0.1892722 0.1623432 0.1653691 0.1808132 0.1798082 0.1561714 0.1703481 0.2452437 0.2037506 0.1812930 0.1855416 0.0000000 0.3014620 0.3845843 1.2858800 0.9464134 0.8503173 1.3581445 1.1653498 1.2121751 1.1637077 1.1637077 1.1749088 1.1749088 1.3113944 1.7948308 2.5546326 1.8775948 1.7078332 1.4344181 2.4839338 
Coemet_Cmet_scaffold19287_01                       0.9402422 0.9482764 0.9776144 1.0581484 0.8459325 0.9683001 0.7971581 1.0831985 0.9591990 1.0568602 1.0781212 1.1179361 1.0500577 1.1442228 0.9737872 1.1343620 1.1846453 1.1801317 1.1465141 1.0619419 1.1481447 1.2631770 1.2385376 1.2997243 0.7739218 1.2721041 1.0286448 0.9842166 0.9250891 1.1018587 1.1188879 0.2958138 0.2546523 0.2354576 0.2445241 0.2514334 0.2058274 0.2260827 0.2346024 0.2666911 0.2236363 0.2698747 0.3544752 0.2371600 0.2558277 0.2050386 0.3014620 0.0000000 0.3668820 1.2562489 0.9485567 0.9912621 1.2915189 1.2024436 1.1897404 1.1594246 1.1594246 1.2203485 1.2203485 1.4312439 1.7074801 2.4655888 1.8941719 1.5908692 1.4141442 2.3861153 
Vmul_sbMO421045                                    0.7002170 0.9491492 0.8279181 0.8594875 0.7537932 0.8689644 0.7076159 0.8485208 0.6799805 0.8027408 0.8379749 0.8880062 0.7696824 0.9807532 0.7604683 0.8953923 1.4270361 0.9199067 1.0448279 0.8999635 0.9906761 0.9538890 1.0587280 1.1208004 0.8959671 1.3629892 1.2648165 1.0966182 0.9648315 0.9731831 0.9952231 0.4423301 0.3581749 0.3581749 0.3581749 0.3581749 0.3592771 0.3549664 0.3549664 0.3549664 0.3793864 0.3793864 0.3793864 0.3676459 0.4257480 0.3929115 0.3845843 0.3668820 0.0000000 1.3503733 0.7541019 0.8650313 1.4371449 1.0906632 1.1260692 1.0339732 1.0339732 1.0950423 1.0950423 1.2211354 1.6103228 2.0967609 2.1336316 1.5662205 1.3699535 2.1973866 
Hvul_g3016_1                                       1.0345492 0.8227723 0.9050929 0.9382478 0.9141873 0.9611016 0.8836002 0.9696519 0.8119407 0.8289383 0.9017341 0.8940823 0.8612129 1.1724186 1.0194814 0.9322865 1.5049540 0.9413576 1.3211755 0.8414722 0.8111245 0.8209218 0.7899523 1.0000501 1.0467585 1.6917280 1.5189430 1.4050218 1.0581993 1.3358950 1.4794455 1.3845220 1.2587915 1.2222022 1.1339121 1.2486842 1.2347629 1.2500785 1.2667318 1.2479615 1.2457545 1.1305735 1.2286826 1.2685404 1.3356700 1.2583712 1.2858800 1.2562489 1.3503733 0.0000000 1.2807293 1.3279219 1.2485788 1.4141603 1.3811835 1.4301820 1.4301820 1.4330255 1.4330255 1.0610978 1.8716355 2.0228149 2.0041812 1.6327557 1.7058969 2.2732024 
Opea_EP00118_Oscarella_pearsei_P005667             0.8032790 1.0157891 0.8796283 0.8204369 0.8063238 0.8800675 0.8125195 0.8443447 0.7910622 0.7719183 0.7852945 0.7899345 0.7706283 0.8112137 0.7989551 0.8854926 1.3067920 0.9242912 1.2472492 0.8369823 0.8446156 0.9538892 1.0117132 1.0574410 0.8555687 1.3197536 1.1095137 1.0546723 0.9657195 1.1374773 1.2065091 0.9470528 0.9587657 0.9272685 0.7821935 0.9512238 0.8532326 0.9013877 0.9185216 0.9355169 0.8557458 0.8102488 1.0000080 0.8948894 0.9459987 0.9435422 0.9464134 0.9485567 0.7541019 1.2807293 0.0000000 0.5023715 1.1996447 1.1596340 1.1858828 1.1507650 1.1507650 1.2308427 1.2308427 1.3648499 1.3832894 2.0322309 1.9184068 1.4405811 1.0588403 2.0376360 
Plajan_Pjan_C545863_01                             0.8611361 1.0977578 0.9334197 0.9351423 0.8215088 0.9105361 0.7369471 0.9590988 0.7591735 0.7733934 0.7535915 0.7917718 0.7704849 0.8785002 0.8201182 0.8895906 0.9476945 0.8066336 1.2639751 0.8594349 0.9378776 0.9082398 0.9858093 1.0267605 0.9163723 1.4003186 1.1718147 1.1127444 0.8889324 1.0283955 1.0825620 0.9788151 0.9499954 0.9145382 0.7735756 0.9422880 0.8636764 0.8597710 0.8806010 0.8661028 0.8262633 0.7736252 0.8593438 0.9354034 0.8372078 0.9212674 0.8503173 0.9912621 0.8650313 1.3279219 0.5023715 0.0000000 1.0421881 1.0378468 1.0537608 0.9872050 0.9872050 1.0877740 1.0877740 1.1988079 1.4196808 2.1623320 1.8019707 1.4781408 1.5506002 2.0726906 
Xesp_008478-T1                                     1.1864547 0.9052431 0.9440026 0.9134197 0.9655490 0.8131992 0.7727597 1.0253872 0.6551436 0.6615623 0.6864463 0.7171156 0.7492328 3.0473080 1.0677298 0.6802504 6.1104959 0.5754576 1.6342316 0.8689982 0.9223757 1.0317995 1.1111906 1.0841112 0.4006471 1.6767514 1.5205933 1.5276752 1.1051269 1.3278897 1.1727891 1.2588339 1.3963826 1.2069042 1.1862961 1.3743148 1.2760785 1.2833396 1.2951719 1.4297046 1.2156520 1.0782919 1.6989696 1.3788924 1.3400073 1.1568245 1.3581445 1.2915189 1.4371449 1.2485788 1.1996447 1.0421881 0.0000000 1.3788002 1.3218315 1.2705151 1.2705151 1.3802962 1.3802962 1.5021373 2.1065129 2.9869431 2.0639359 1.4828176 8.9999990 2.8785216 
HoiH23_PlH23_000308-RA                             0.8164397 1.1938240 1.0071686 1.0158538 1.0463883 0.9613907 0.9525016 0.9935084 1.0254806 0.9489810 0.9848886 0.9605155 0.9328506 0.9830606 0.9585940 1.0233752 0.7272191 0.9014264 1.2716475 1.0204788 1.0698556 1.0719868 1.1937326 1.3676889 0.9874477 1.4641507 1.3062721 1.2885456 1.0629016 1.2678523 1.3600268 1.3409747 1.1549091 1.1161808 0.9383480 1.1452681 1.1690848 1.1643449 1.1856846 1.1643449 1.2743506 1.1856707 1.1543948 1.1230860 1.2680687 1.1906065 1.1653498 1.2024436 1.0906632 1.4141603 1.1596340 1.0378468 1.3788002 0.0000000 0.0301615 0.0616692 0.0616692 0.1163665 0.1163665 1.4388866 1.6783319 2.1590764 2.0439760 1.7499743 1.8227249 1.9838177 
HoiH06_mRNA9326                                    0.8723688 1.1647916 1.0250789 1.0318813 1.0490269 0.9708589 0.9617180 1.0039287 1.0305233 0.9565050 0.9929315 0.9682616 0.9403026 1.0429087 1.0038076 1.0317027 0.7493376 0.9140068 1.3024318 1.0511552 1.1014029 1.0808390 1.1997730 1.4081063 0.9987207 1.4906073 1.3563536 1.3382203 1.0965667 1.3267600 1.3734133 1.4173475 1.2137366 1.1737690 0.9701703 1.2036738 1.1992042 1.1942181 1.2156337 1.1942181 1.3065485 1.2202353 1.1914477 1.1813911 1.3002735 1.2202639 1.2121751 1.1897404 1.1260692 1.3811835 1.1858828 1.0537608 1.3218315 0.0301615 0.0000000 0.0556938 0.0556938 0.1103056 0.1103056 1.4087759 1.7405914 2.1120297 2.1195180 1.7530411 1.9786531 2.0036417 
Hhon_g05379.t1                                     0.8359122 1.1770245 1.0255304 0.9787112 1.0439640 0.9425505 0.9309069 1.0021540 0.9983538 0.9321510 0.9549581 0.9309295 0.9061924 0.9810754 0.9425997 1.0002745 0.6895512 0.8814517 1.2756154 1.0590639 1.1093643 1.0573128 1.1778457 1.3231689 0.9987207 1.3872333 1.2475750 1.2301485 1.0620486 1.3365901 1.3398511 1.3394342 1.1417616 1.1030741 0.8880476 1.1321565 1.1274740 1.1230718 1.1443932 1.1230718 1.2304275 1.1381089 1.0941957 1.1214485 1.2241345 1.1890946 1.1637077 1.1594246 1.0339732 1.4301820 1.1507650 0.9872050 1.2705151 0.0616692 0.0556938 0.0000000 0.0000010 0.1045140 0.1045140 1.4154594 1.6154312 2.0697909 2.0363223 1.7424029 1.8030164 1.9972215 
