96
Lcom_lcpid168020                                                  0.0000000 0.6353320 0.6819867 0.6662783 0.7323575 0.6763196 0.8884795 0.6385361 0.8896272 0.0000010 0.6948872 0.7152931 0.7402625 0.5767769 0.6343446 0.6423291 0.0000010 0.5655702 0.6704871 0.6202322 0.5877470 0.3011071 0.3237147 0.5637263 0.5510840 0.5689773 0.5689773 0.5854133 0.6327514 0.6840231 2.8392419 0.7784737 0.6694362 0.6748935 0.6183154 0.6467054 0.6403754 0.6874919 0.6927899 1.4088356 0.5583150 0.5002912 0.5001762 0.4720117 0.6601241 0.6171364 0.7924603 0.8647048 0.5410249 0.6750912 0.9141613 0.7892867 0.0000010 2.2750945 1.6777267 1.6777267 1.6777267 1.5383844 1.5383844 1.5003897 1.5003897 1.5003897 1.6279051 1.5152323 1.5956521 1.4409767 1.4920534 1.4920534 1.4631204 1.4428665 1.4194840 0.0000010 1.4194840 1.4194840 0.0000010 0.0000010 1.7687990 1.9253487 1.9896019 1.3443583 0.0000010 0.7187108 1.0176055 0.0000010 0.0000010 0.0000010 0.0000010 0.0000010 0.0000010 0.0000010 0.0000010 0.0000010 0.0000010 0.7213329 1.6506433 0.0000010 
Gfas_gfas1.m1.7320.m1                                             0.6353320 0.0000000 0.1016605 0.1223927 0.1478573 0.1473653 0.1641945 0.1225874 0.1662148 0.2243725 0.7011145 0.6300804 0.6377738 0.3100166 0.3142450 0.5765084 0.1599467 0.6694426 0.4944081 0.6268764 0.6148487 0.7101371 0.8419151 0.5610318 0.5608098 0.5574164 0.5581965 0.5750923 0.6040064 0.6250349 0.7048646 0.7462777 0.6554811 0.7007574 0.6639966 0.6886947 0.6376108 0.6939039 0.7013360 0.8598650 0.6366797 0.7714364 0.8072846 0.7458490 0.6981593 0.3365373 0.7272323 0.7452979 0.5290551 0.6789699 0.6497302 0.6626638 0.0000010 1.5128242 1.2180489 1.1778806 1.1778806 1.0320291 1.0320291 1.0961099 1.3343152 1.0451526 0.9961500 1.2808630 1.4063143 0.9373705 0.9348402 0.9348402 0.8835455 0.8373522 1.0603105 0.3010033 1.0603105 1.0603105 0.3671070 0.3010033 1.0378893 1.5072272 1.5217119 0.8895270 1.1848795 0.7592390 0.6234905 0.0000010 0.0000010 0.3066008 0.2933962 0.4000687 0.1590122 0.1590122 0.7180292 1.4633889 0.1440235 0.7996412 1.6313060 0.0000010 
Spis_XP_022783191_1                                               0.6819867 0.1016605 0.0000000 0.0666016 0.1970841 0.1886307 0.3696764 0.4182551 0.3644074 0.2188117 1.0777426 1.1119980 1.2750366 0.4346327 0.4865298 0.7993238 0.2977572 0.9245539 0.6668002 0.9993147 0.9370206 0.9247751 0.8916479 0.8112011 0.8558299 0.7990188 0.8039851 0.8248923 0.8329545 0.8456158 0.5556645 0.9107233 0.7672444 0.8428277 0.9165643 0.7420242 0.8761447 0.9619429 0.9074499 1.0482464 1.0230849 1.0995248 1.0668131 1.1137384 1.0360533 0.3571258 1.1590343 1.2135723 0.5901512 1.2520835 0.6571628 1.0112762 2.2677735 1.6102107 1.1968642 1.5961571 1.5594241 1.4035201 1.0661484 1.1238326 1.4344632 1.0305291 1.2748456 1.3000795 1.4636009 1.2192424 0.8191449 0.9748159 1.2229191 1.3060987 1.0685550 0.7444899 1.2670122 1.3811699 1.2504059 1.3970136 1.4186509 1.6691765 1.6952888 1.0955957 1.0394835 1.3851439 0.7867853 1.9348840 0.3531851 1.3515357 0.9749466 1.9461993 2.7218250 2.5696737 1.4973536 0.7760345 1.4386028 0.6950167 1.6161668 8.9999985 
Pocdam_XM_027180268.1                                             0.6662783 0.1223927 0.0666016 0.0000000 0.2102760 0.2024213 0.3686429 0.4253298 0.3624163 0.2208913 1.0629324 1.1609592 1.2758213 0.4549826 0.4941212 0.7669442 0.2811695 0.9159921 0.6869471 0.9985568 0.9273211 0.9468616 0.8783280 0.8093822 0.8573300 0.8185561 0.8252134 0.8270779 0.8480289 0.8609552 0.5528714 0.8803336 0.7569587 0.8288332 0.9357552 0.7545660 0.9107059 0.9982444 0.9377371 1.0823671 1.0407123 1.0823561 1.0903153 1.0674543 0.9767790 0.3340533 1.1536989 1.1794872 0.6010134 1.2335734 0.6783493 1.0572274 2.3960145 1.6032573 1.1498398 1.5807284 1.5383055 1.3854726 1.0199180 1.1001285 1.4008176 1.0038319 1.2600886 1.2680796 1.4242782 1.2028512 0.8176583 0.9715155 1.2132209 1.2845136 1.0325791 0.7162359 1.2150340 1.3393198 1.1849334 1.3537625 1.4864526 1.6072681 1.6392683 1.1090438 1.1127990 1.3480017 0.7725149 2.0657623 0.3611296 1.4092818 0.9359321 1.8447649 2.7989006 2.6460403 1.5535959 0.7878912 1.5311766 0.7028365 1.6177986 8.9999985 
Fspp_ffun1.m4.5198.m1                                             0.7323575 0.1478573 0.1970841 0.2102760 0.0000000 0.1522252 0.3359805 0.4114680 0.3556255 0.1860162 1.0345393 1.1615140 1.2977833 0.4542116 0.5322010 0.8184094 0.2688062 0.9199322 0.7264033 0.9820551 0.8830290 0.8797657 0.8430374 0.8843958 0.8980099 0.8651669 0.8811409 0.8736374 0.8707160 0.8846764 0.4850535 0.8452380 0.8115240 0.8149793 0.9633499 0.7601422 0.9252247 0.9819623 0.9109674 1.0627102 0.9836508 1.0879062 1.0246554 1.0764058 1.0294525 0.3504163 1.1445733 1.1975393 0.5623682 1.1776147 0.6136096 1.0528222 3.0982207 1.4731226 1.1392057 1.5668285 1.5178996 1.4499927 1.0420057 1.1013250 1.4306917 1.0125012 1.2539705 1.2141967 1.4629138 1.2366817 0.8390984 0.9840853 1.2555990 1.2948808 1.0184391 0.7286224 1.2642479 1.3583602 1.3372684 1.4557762 1.4158497 1.6458485 1.6662904 1.0847753 0.9937468 1.4549143 0.8359381 2.3392006 0.3019742 1.5553270 0.9036750 1.9212687 3.0572948 2.9128846 1.6601247 0.9515941 1.4653719 0.6686175 1.4769012 8.9999989 
Gasp_gasp1.m3.1835.m1                                             0.6763196 0.1473653 0.1886307 0.2024213 0.1522252 0.0000000 0.3988755 0.4642766 0.4063366 0.1899267 1.0432218 1.1198548 1.2044160 0.4223973 0.4829320 0.7576406 0.2855890 0.9343675 0.6588080 0.9440014 0.8719119 0.9514082 0.8313202 0.8367878 0.8637677 0.8453049 0.8579556 0.8655568 0.8451964 0.8622682 0.4977266 0.8862346 0.8127249 0.8643459 0.9867664 0.7459044 0.8989625 0.9880631 0.9109611 1.0597783 0.9561409 1.0827547 1.0303630 1.0735202 0.9691904 0.3393543 1.1881080 1.2348766 0.5262357 1.1955348 0.6139762 1.0124805 2.6158029 1.4662840 1.1389175 1.5283734 1.4843410 1.3987962 1.0321011 1.1065975 1.4478513 1.0035777 1.2409445 1.2281696 1.4592684 1.2496228 0.8469183 0.9998045 1.2116916 1.3446320 0.9874995 0.7126669 1.2134046 1.3122690 1.2908103 1.4331386 1.4342883 1.7510570 1.7610970 1.0782766 0.9840246 1.4768533 0.7881849 2.1041444 0.3611296 1.4494213 0.9962334 1.8346960 3.1540558 3.0093102 1.6654216 0.9014625 1.4723665 0.6875823 1.5210935 8.9999981 
Amil_Amillepora14486-RA                                           0.8884795 0.1641945 0.3696764 0.3686429 0.3359805 0.3988755 0.0000000 0.0619879 0.0542007 0.1756039 1.0609560 1.2727040 1.3467919 0.6108025 0.6334858 0.9463768 0.2059773 1.0036827 0.7832807 1.0833110 1.0124638 1.0811247 1.0885184 0.9531902 0.9411456 0.9065652 0.8972668 0.9363350 0.9444541 0.9465505 0.7028139 1.0506097 0.9632075 1.0724983 1.1000053 0.9086524 1.0177056 1.0194626 1.0686085 1.2183028 1.1966318 1.3094029 1.2297575 1.1147514 1.1053837 0.4046052 1.0789305 1.2488646 0.7444089 1.3047005 0.6932077 1.0462752 2.5672540 1.6133200 1.3304431 1.7387201 1.6892093 1.4924204 1.1590191 1.1686864 1.4952336 1.1309084 1.2588363 1.3008220 1.5919961 1.4116529 0.9894592 1.1508340 1.3975898 1.3359470 1.1831679 0.8162804 1.3505861 1.4710112 1.3458950 1.5025651 1.5103862 1.7359477 1.6288708 1.2508116 1.0635962 1.5017791 0.7853716 3.1689756 0.3497087 1.7667937 1.0135220 2.1890866 3.6384744 3.4426108 2.0317897 1.6762536 1.4967402 0.8552497 1.5429763 8.9999985 
Adig_XM_015919081.1                                               0.6385361 0.1225874 0.4182551 0.4253298 0.4114680 0.4642766 0.0619879 0.0000000 0.0115512 0.2483847 1.0815712 1.3719507 1.4725491 0.6130056 0.6853240 0.9273450 0.3181560 0.9048266 0.7626535 1.0778390 0.9637020 1.0622904 0.9434071 0.9540648 0.9345936 0.8911463 0.8729961 0.9620874 0.8943290 0.8920021 0.3865921 0.9502223 0.7607515 0.9147086 1.2172487 0.7745346 1.0919070 1.0903261 1.0432260 1.0432260 1.1491174 1.2171064 1.0930183 0.9982506 1.0825877 3.1426190 1.1488326 1.3959783 1.1140949 1.5038838 0.3523599 1.0922805 2.5672540 2.6268753 0.7678380 1.6016830 1.5147003 1.3526517 0.7314248 0.6471602 1.5591983 0.6921914 1.0131793 1.6807817 1.6807817 1.2615796 0.5087728 0.8167910 1.2557010 1.3453393 0.8021131 0.7204675 1.1333960 1.3758717 1.1457456 1.3220932 1.3630567 2.2603820 1.4670778 1.0967258 0.0000010 1.8225768 0.6616167 2.3941582 0.3310649 1.4412121 1.0607617 1.6959894 2.8822672 2.7046974 1.6132516 1.0421633 1.2676631 0.5208394 0.7083334 8.9999986 
Adig_XM_015919063.1                                               0.8896272 0.1662148 0.3644074 0.3624163 0.3556255 0.4063366 0.0542007 0.0115512 0.0000000 0.2483847 0.9561713 1.1980012 1.2394947 0.5482593 0.5746305 0.8596398 0.3181560 0.8806484 0.7555121 1.0139877 0.9357211 0.9725884 0.9921757 0.8415413 0.8251128 0.7991408 0.7890735 0.8312722 0.8412469 0.8450750 0.4542568 0.9324475 0.8737010 0.8837326 1.0720939 0.8357064 0.9754158 1.0132695 0.9885637 1.1030876 1.0845016 1.1212015 1.1174835 0.9420218 1.0025121 0.3788574 1.0051304 1.1707562 0.7528135 1.2036054 0.6363574 0.9572927 2.5672540 1.9733952 1.1557318 1.5944946 1.5437986 1.4187255 1.0503345 1.1226493 1.5279215 1.0177073 1.1910930 1.3550049 1.4925194 1.3263104 0.8524199 1.0333421 1.3178754 1.3102215 1.0665065 0.7204675 1.2690656 1.4111784 1.1457456 1.3220932 1.4130912 1.6956806 1.6826850 1.1446462 0.6580802 1.3925369 0.7522840 2.3941582 0.3310649 1.4412121 1.0607617 1.6959894 2.8822672 2.7046974 1.6132516 1.0421633 1.2676631 0.7769055 1.3301460 8.9999986 
Stycar_maker-SC_scaffold56565-snap-gene-0.5-mRNA-1                0.0000010 0.2243725 0.2188117 0.2208913 0.1860162 0.1899267 0.1756039 0.2483847 0.2483847 0.0000000 0.0752212 0.1146988 0.1191578 0.1609364 0.1598216 0.2340380 0.3560133 0.1606753 0.1972848 0.2206966 0.2027004 0.1730640 0.2585348 0.2497435 0.2348496 0.2444759 0.2444759 0.2209611 0.2451543 0.2451543 0.2622976 0.2775692 0.2734527 0.2856998 0.2381903 0.2708842 0.2544707 0.2433491 0.2544655 0.2544655 0.1880481 0.2596978 0.2555403 0.2861984 0.2680399 0.0000010 0.2113187 0.2162671 1.7799141 0.1585987 0.2291761 0.2559522 0.0000010 9.0000000 0.4019181 0.3913246 0.3913246 0.3174621 0.3174621 0.4338188 1.0778099 0.3577625 0.3469633 0.0000010 0.0000010 0.3435928 0.3435928 0.3435928 0.3648582 0.3425812 0.3103831 0.3512751 0.3103831 0.3103831 0.3253196 0.3512751 0.3721498 0.0000010 1.4609164 0.2733291 0.0000010 0.3625897 0.2211766 0.0306262 0.0000010 0.3070286 0.3553316 0.3721498 0.3395026 0.3395026 0.5523252 0.6433275 0.3596410 0.2300679 0.0000010 0.0000010 
Tetwil_g7370.t2                                                   0.6948872 0.7011145 1.0777426 1.0629324 1.0345393 1.0432218 1.0609560 1.0815712 0.9561713 0.0752212 0.0000000 0.6657300 0.8127639 0.9286991 0.9153923 0.9993699 0.3670901 0.9502971 0.9953931 1.0477812 1.0242172 1.0852035 0.9770164 0.9698435 0.9604551 0.9621467 0.9863146 0.9571393 1.0192998 1.0234599 0.6964088 1.3093657 1.0907549 1.2607501 1.1012767 0.7735416 1.0012504 1.1241592 0.9256100 0.9869108 0.9737123 1.0594301 1.2085669 1.1070222 1.2011276 0.6554196 0.6696790 0.7268603 0.2942881 0.7076804 0.5985780 1.0483587 2.0140884 1.7007352 1.2200034 1.6700266 1.6670893 1.4690432 1.0478113 1.2168654 1.5998845 1.0808374 1.3723376 1.5646518 1.6416041 1.4717657 0.9906136 1.1826514 1.4683979 1.5019392 0.9860085 0.6381567 1.2619343 1.4052033 1.3081510 1.5340290 1.5730429 1.9659095 1.7729404 1.2500522 0.4411576 1.7602889 1.0065851 1.8146352 0.2055129 2.0119058 0.8757048 1.9389235 2.8916362 2.7567178 1.4992104 0.7242043 1.3503009 1.0105617 1.3749964 3.5630428 
Aque_Aqu2.1.28078_001                                             0.7152931 0.6300804 1.1119980 1.1609592 1.1615140 1.1198548 1.2727040 1.3719507 1.1980012 0.1146988 0.6657300 0.0000000 0.4503349 0.9651708 1.0653597 1.1305135 0.3953687 1.0533540 1.1738114 1.3031650 1.2257054 1.1685872 1.1428288 1.1943697 1.1791494 1.1072664 1.1049593 1.1388736 1.2132876 1.2340917 0.7943302 1.4553620 1.2409010 1.4158892 1.1809729 0.7382355 1.0329243 1.1357656 0.9097340 1.0647702 1.1133333 1.1144031 1.3538035 1.2926840 1.2495606 0.6910559 0.7951551 0.9150272 0.4941738 0.9944484 0.5940908 1.2566826 2.2429769 1.7328810 1.2521360 1.8534876 1.8010220 1.8010221 1.0809244 1.1838253 1.5540560 1.0778485 1.5427204 1.2871357 1.6332481 1.5173890 0.9242307 1.1320312 1.5889803 1.7657161 1.1363992 0.8241586 1.4532969 1.6919847 1.5941295 1.9743509 1.7336140 2.0107701 2.0783967 1.4675389 0.4330010 1.8992484 1.1248043 2.6484576 0.4740894 2.7974262 1.2760683 2.3511121 3.9496289 3.4206874 1.9670776 0.9103091 1.6133934 0.8755794 1.4002662 7.0366094 
Halamb_c39838_g1_i1m.12119                                        0.7402625 0.6377738 1.2750366 1.2758213 1.2977833 1.2044160 1.3467919 1.4725491 1.2394947 0.1191578 0.8127639 0.4503349 0.0000000 1.0704624 1.2096455 1.2369499 0.3996503 1.2510487 1.2818837 1.2722847 1.2119041 1.2854986 1.3058482 1.1701657 1.1603922 1.1517523 1.1701414 1.1625445 1.2793362 1.3005906 0.8566504 1.5724693 1.2643974 1.4602631 1.2039696 0.7453831 1.0625793 1.1593639 0.9081530 1.0770521 1.2074059 1.2230956 1.4211749 1.2653049 1.3775277 0.6843805 0.7988724 1.1215761 0.4037075 1.1004450 0.5981604 1.2495858 1.8065178 1.7011169 1.2420833 1.8160977 1.7241583 1.7435746 1.0529269 1.1423378 1.4832623 1.0465762 1.5804346 1.1852067 1.4276553 1.4478246 0.9082874 1.0454079 1.4239555 1.5293265 1.0379097 0.7583467 1.3763902 1.6949159 1.5683080 2.0706574 1.8359846 1.7826233 1.8432384 1.4532403 0.4567183 1.8371062 1.2744023 2.8103893 0.3791113 4.3398884 1.2930047 2.5034432 4.7311516 4.2169246 2.1351330 0.8502709 1.7351831 0.8711592 1.4813117 8.9999984 
Nvec_v1g85083                                                     0.5767769 0.3100166 0.4346327 0.4549826 0.4542116 0.4223973 0.6108025 0.6130056 0.5482593 0.1609364 0.9286991 0.9651708 1.0704624 0.0000000 0.3612817 0.7483240 0.3451557 0.8276039 0.5828321 0.8391116 0.7888884 0.8748353 0.8670262 0.8262128 0.8253076 0.8125033 0.8270200 0.8325599 0.8669169 0.8915733 0.5109093 0.8868090 0.7438756 0.9362284 0.8112767 0.6912133 0.8163657 0.8054697 0.8252863 0.9632881 0.8136497 0.8679996 1.0182846 0.9161671 0.8985931 0.0960510 0.9954033 1.0481936 0.5988669 1.0106100 0.5495001 0.8646342 2.0918381 1.3215000 1.0983111 1.4103855 1.3690584 1.2666540 1.0316984 1.0941889 1.4305715 1.0289235 1.2760512 1.1715941 1.4362775 1.1158380 0.7787453 0.9613840 1.1533554 1.2148350 0.9891802 0.7457327 1.0840299 1.2236363 1.0002097 1.2152423 1.2383648 1.8212978 1.8324106 1.1192735 0.9375116 1.3026585 0.6753076 2.0852467 0.3301811 1.3889254 1.0746186 1.7451109 2.1281358 1.9542731 1.7197059 1.1131089 1.4563521 0.6428346 1.3694940 8.9999985 
Exapal_XM_021045705.2                                             0.6343446 0.3142450 0.4865298 0.4941212 0.5322010 0.4829320 0.6334858 0.6853240 0.5746305 0.1598216 0.9153923 1.0653597 1.2096455 0.3612817 0.0000000 0.8339230 0.2832331 0.8554806 0.6571818 0.9706404 0.9217479 0.8653630 0.8912340 0.9024474 0.8919774 0.8694499 0.8589714 0.8783920 0.9209120 0.9345652 0.5259228 0.9899790 0.7655823 0.9451464 0.9090697 0.7304970 0.9132544 0.9892585 0.8606434 0.9994804 0.9622970 1.1431308 1.1007300 1.0354123 1.0185015 0.2825717 1.1182337 1.2173781 0.5782580 1.1052585 0.5583856 1.0819953 3.0458781 1.4979521 1.1056890 1.5912479 1.5551264 1.3446288 0.9787647 1.0175058 1.2808729 0.9402021 1.2721534 1.1959192 1.3667737 1.2246508 0.7887131 0.9657915 1.2401847 1.2484448 0.9832849 0.7162258 1.2084782 1.3275543 1.2710571 1.4741068 1.4856704 1.5983266 1.6273006 1.0816958 1.1017417 1.3821613 0.7668238 2.0743481 0.3008244 1.8760710 1.0063240 2.0144173 2.5964816 2.3925174 1.6888040 1.1110789 1.4466058 0.6834590 1.4153573 8.9999989 
Spur_XM_030984226.1                                               0.6423291 0.5765084 0.7993238 0.7669442 0.8184094 0.7576406 0.9463768 0.9273450 0.8596398 0.2340380 0.9993699 1.1305135 1.2369499 0.7483240 0.8339230 0.0000000 0.2175244 0.6238272 0.9130252 0.8581607 0.8717225 0.8893093 0.8607757 0.9656007 0.9531575 0.9496765 0.9672102 0.9617366 0.9074897 0.9303933 0.7307359 1.1087642 1.0605396 1.0287312 1.0273632 0.7786396 0.9540405 0.9446796 0.8876649 1.0586620 0.8591317 1.0821905 1.0283563 1.0334857 0.9439345 0.6891729 1.1799783 1.2558310 0.7016018 1.1729341 0.7658383 1.1293154 3.4155065 1.9565875 1.0885578 1.5580231 1.5558583 1.4915195 1.1701798 1.2845655 1.6953825 1.1261126 1.3152589 1.5038018 1.6175330 1.4679679 0.9623853 1.2238086 1.4450547 1.4726909 1.1928171 0.8834492 1.3426725 1.4818108 1.2933181 1.4450171 1.5303652 1.8552170 1.8972345 1.1917994 1.1586731 1.6040388 0.9724707 2.5972326 0.4152339 1.9353868 0.9194669 1.9479106 2.2312237 2.0229866 1.9439671 0.8776013 1.4071004 0.8383225 1.6290402 8.9999982 
Lcom_lcpid206301                                                  0.0000010 0.1599467 0.2977572 0.2811695 0.2688062 0.2855890 0.2059773 0.3181560 0.3181560 0.3560133 0.3670901 0.3953687 0.3996503 0.3451557 0.2832331 0.2175244 0.0000000 0.2681966 0.3571262 0.3150501 0.3166544 0.3391180 0.3316819 0.3350821 0.3350821 0.3506069 0.3506069 0.3350821 0.2986931 0.2986931 0.3657624 0.3681514 0.3787656 0.3689180 0.3282418 0.3569018 0.2961771 0.3233540 0.2800004 0.2800004 0.3395064 0.2994691 0.3080553 0.3117941 0.3822757 0.0000010 0.5044974 0.5204763 0.8315559 0.4026348 0.1266584 0.3008148 0.4709339 9.0000000 0.3203742 0.3430018 0.3430018 0.3847807 0.3847807 0.2480674 0.0000010 0.3948485 0.3722460 0.0000010 0.0000010 0.4390428 0.4312870 0.4390428 0.4220183 0.4107767 0.3178823 0.3178823 0.3178823 0.3178823 0.3178823 0.3178823 0.3674942 0.0000010 1.3495264 0.4031241 0.0000010 0.3042498 0.3962478 0.6798218 0.5908489 0.4759569 0.1168536 0.3674942 0.6107224 0.6107224 0.4118781 0.6563488 0.4903822 0.1738131 0.0000010 0.4812865 
Skow_XM_002741914.2                                               0.5655702 0.6694426 0.9245539 0.9159921 0.9199322 0.9343675 1.0036827 0.9048266 0.8806484 0.1606753 0.9502971 1.0533540 1.2510487 0.8276039 0.8554806 0.6238272 0.2681966 0.0000000 0.9591597 0.9612522 0.8978540 0.8359285 0.8370948 0.9743659 0.9552118 0.9697366 0.9586946 0.9541014 1.0168057 1.0315924 0.7021954 1.1079564 1.0962392 1.2036266 1.0380273 0.7452283 0.9977308 0.9468596 0.9053670 1.0718106 0.8605779 1.0165840 0.9674649 0.9215900 0.9377381 0.7385667 1.0120395 1.0905715 0.6770834 1.0871426 0.6478012 1.1360008 2.7528518 2.0893412 1.2088785 1.7275096 1.7394266 1.5881921 1.1347206 1.3137721 1.6976619 1.1180192 1.5024259 1.9028978 1.8904382 1.3791148 0.8970585 1.1257930 1.4447903 1.5371359 1.1029488 0.7247917 1.3987993 1.5582885 1.4260894 1.6808968 1.6622018 1.7527704 1.8399336 1.2948668 1.0019277 1.7673161 1.0355209 2.3125297 0.4040745 2.2296348 1.0152172 2.2488489 2.5225433 2.3349447 1.6775580 0.9669564 1.2435338 0.8200634 1.5248793 8.9999985 
Dgig_XM_028539432.1                                               0.6704871 0.4944081 0.6668002 0.6869471 0.7264033 0.6588080 0.7832807 0.7626535 0.7555121 0.1972848 0.9953931 1.1738114 1.2818837 0.5828321 0.6571818 0.9130252 0.3571262 0.9591597 0.0000000 0.9017627 0.8550336 0.9858021 0.9333467 0.8283814 0.8318763 0.8209944 0.8198370 0.8770361 0.8450520 0.8562094 0.6407660 0.9263566 0.8352277 0.9702181 0.8992705 0.7415769 0.9275546 0.9036483 0.9247142 1.0633142 0.8855701 1.0226745 1.0151636 1.0873213 1.0060426 0.4597466 1.0736000 1.1658010 0.6948460 1.1829607 0.6368426 1.0716319 1.9993427 1.5547386 1.1223186 1.4441056 1.4143055 1.3517429 0.9591331 1.1209065 1.4369593 0.9621534 1.3219717 1.5412019 1.6550790 1.1801760 0.8308480 0.9786302 1.2485011 1.2540369 0.9865294 0.6705733 1.1710325 1.3465356 1.1409289 1.3984114 1.3585238 1.6930376 1.7335536 1.1117517 1.1108582 1.4139140 0.3431437 2.0115801 0.3226225 1.6077711 1.0146240 1.6481864 2.8117796 2.6772716 1.6024051 0.8517095 1.2577277 0.7113486 1.5722241 8.9999981 
Hsap_ENST00000340438                                              0.6202322 0.6268764 0.9993147 0.9985568 0.9820551 0.9440014 1.0833110 1.0778390 1.0139877 0.2206966 1.0477812 1.3031650 1.2722847 0.8391116 0.9706404 0.8581607 0.3150501 0.9612522 0.9017627 0.0000000 0.1095036 0.9522678 0.8344401 0.9152526 0.9275340 0.8947265 0.8924322 0.9374091 0.9688820 0.9850212 0.6916047 1.0880812 0.8759895 1.1062667 1.0557885 0.7268116 1.0294673 0.9777877 1.0100545 1.2064539 0.8274367 0.8839766 0.9957515 1.0050934 0.9132055 0.6762126 1.2208759 1.3300040 0.6526080 1.3430440 0.6527403 1.2239853 6.1766886 1.6584584 1.1174404 1.7958261 1.7752040 1.5656723 1.1406070 1.2773505 1.6759170 1.2014778 1.6065935 1.5253394 1.7381320 1.4854915 0.9107650 1.1585701 1.5191528 1.4765012 1.0841440 0.8058737 1.3496772 1.5660261 1.4511375 1.7860082 1.6800196 2.0813128 1.9853144 1.4413078 1.0068921 1.7609993 0.9424783 3.0744498 0.4556456 2.4159825 1.2814263 2.3688978 3.5722436 3.3307853 2.0400679 1.0904119 1.5208573 0.7442803 1.8285632 8.9999988 
Hsap_ENST00000434724                                              0.5877470 0.6148487 0.9370206 0.9273211 0.8830290 0.8719119 1.0124638 0.9637020 0.9357211 0.2027004 1.0242172 1.2257054 1.2119041 0.7888884 0.9217479 0.8717225 0.3166544 0.8978540 0.8550336 0.1095036 0.0000000 0.8746668 0.7802530 0.8931702 0.9077715 0.8696513 0.8663147 0.9167358 0.9008670 0.9155352 0.6595765 1.0434845 0.8451070 1.0739546 1.0052062 0.7114152 0.9906539 0.9173238 0.9493339 1.1375005 0.8093934 0.8591401 0.9167008 0.9465533 0.8874863 0.6495029 1.1590703 1.2651344 0.6489129 1.2590939 0.6158550 1.1532395 4.0361121 1.6201548 1.0798287 1.7189823 1.6977419 1.4634357 1.0953240 1.2245205 1.5919563 1.1361368 1.5587790 1.4792990 1.7199002 1.4269326 0.8784734 1.1180297 1.4618778 1.3726512 1.0703297 0.7902989 1.2972467 1.5231027 1.3458722 1.6588849 1.5563932 2.0058626 1.9210390 1.4065934 1.0209350 1.7082178 0.9382194 3.2552365 0.3783921 2.1697066 1.1960994 2.0721250 3.0525949 2.8583489 1.7924841 1.1049244 1.4825051 0.7120785 1.7848300 8.9999986 
Acagra_model.g4050.t1                                             0.3011071 0.7101371 0.9247751 0.9468616 0.8797657 0.9514082 1.0811247 1.0622904 0.9725884 0.1730640 1.0852035 1.1685872 1.2854986 0.8748353 0.8653630 0.8893093 0.3391180 0.8359285 0.9858021 0.9522678 0.8746668 0.0000000 0.5034684 0.9512616 0.9547801 0.9120131 0.8966936 0.9972116 0.9655568 0.9863973 0.6954223 1.0631304 1.0802927 1.1319379 0.9625405 0.7278523 0.9917208 0.9231161 0.8276133 0.9802971 0.7089451 0.9796053 0.8641810 0.6662089 0.8487226 0.6924975 1.0416645 1.1204059 0.7272446 1.2558102 0.6042149 1.1347830 3.1763990 1.9795726 1.1502082 1.6464225 1.6399680 1.4191226 1.0991162 1.2148932 1.6054204 1.0849288 1.4256447 1.7360837 1.5635482 1.4711916 0.9218765 1.1277123 1.4036930 1.5345189 1.1680684 0.7620668 1.4092885 1.5921207 1.2942073 1.5236294 1.4671353 1.6382906 1.7159184 1.2390999 1.0307167 1.6670452 0.9795196 2.2082969 0.2676598 2.2063650 1.0533643 1.7846783 2.5311464 2.4337246 1.6113394 1.1460412 1.3403070 0.7941870 1.2246684 8.9999986 
Cgig_XM_011445618.3                                               0.3237147 0.8419151 0.8916479 0.8783280 0.8430374 0.8313202 1.0885184 0.9434071 0.9921757 0.2585348 0.9770164 1.1428288 1.3058482 0.8670262 0.8912340 0.8607757 0.3316819 0.8370948 0.9333467 0.8344401 0.7802530 0.5034684 0.0000000 0.8719114 0.8726991 0.8683886 0.8700026 0.8508473 0.8660541 0.8809000 0.7485007 1.0262065 0.9784020 0.9721978 0.9281464 0.7363309 0.8964681 0.8916005 0.8751801 1.0525191 0.7048753 0.8826074 0.7814678 0.7077090 0.8240912 0.5638907 1.0069651 1.1212936 0.7692926 1.1207089 0.6479495 0.9141941 2.2800073 2.0445545 1.1575582 1.5015082 1.4979550 1.3296159 1.0832301 1.2181221 1.5472120 1.0707843 1.4282656 1.8206693 1.7776336 1.3353696 0.9581492 1.0978949 1.3058156 1.2873023 1.0937896 0.6977215 1.2339876 1.3998232 1.0293912 1.3586226 1.4592735 1.8696687 1.8751765 1.1064042 1.1872532 1.5143174 0.9162826 2.9795472 0.5098019 1.3717044 1.0620066 1.5954290 2.1968780 2.1340386 1.6854368 1.0151826 1.0046195 0.7934265 1.3062109 8.9999987 
HoiH23_PlH23_001585-RA                                            0.5637263 0.5610318 0.8112011 0.8093822 0.8843958 0.8367878 0.9531902 0.9540648 0.8415413 0.2497435 0.9698435 1.1943697 1.1701657 0.8262128 0.9024474 0.9656007 0.3350821 0.9743659 0.8283814 0.9152526 0.8931702 0.9512616 0.8719114 0.0000000 0.0457385 0.0944393 0.0994936 0.1307153 0.2210317 0.2252530 0.6270578 1.0775824 1.0052042 0.9895072 0.9815054 0.7073738 0.8766571 0.8739964 0.8432928 1.0269286 0.9317753 1.0896631 1.1798428 1.0434402 0.9147299 0.6304217 0.9815265 1.0445859 0.5444185 0.9562064 0.6693797 0.9773145 2.1797963 1.7960676 1.2035567 1.5415225 1.5053346 1.3743211 1.0946699 1.1162073 1.4672716 1.1113036 1.3276721 1.5089596 1.6195870 1.2980417 0.8893017 1.0601770 1.3671661 1.3114075 1.0866214 0.7074823 1.2624815 1.4058444 1.1228472 1.4274962 1.4816069 1.7303530 1.8940158 1.1902843 1.1309462 1.6260711 0.9252150 2.2938499 0.6479501 2.1312471 1.4965760 1.8790639 2.9532291 2.8420023 1.6286735 1.0377037 1.4522270 0.8049210 1.6491648 8.9999986 
HoiH06_mRNA1572                                                   0.5510840 0.5608098 0.8558299 0.8573300 0.8980099 0.8637677 0.9411456 0.9345936 0.8251128 0.2348496 0.9604551 1.1791494 1.1603922 0.8253076 0.8919774 0.9531575 0.3350821 0.9552118 0.8318763 0.9275340 0.9077715 0.9547801 0.8726991 0.0457385 0.0000000 0.1079970 0.1083372 0.1407564 0.2300697 0.2343536 0.6239731 1.0950839 1.0038658 1.0120656 0.9790699 0.7036620 0.8898380 0.8962391 0.8379465 1.0206915 0.9407927 1.1380903 1.2003871 1.0155943 0.9254920 0.6460131 0.9736209 1.0444878 0.5447394 0.9788001 0.6518332 0.9732111 2.2271205 1.8111217 1.1723114 1.5160971 1.4850007 1.3641491 1.0855424 1.1165738 1.4872398 1.0972855 1.3290360 1.5582292 1.6433387 1.3059150 0.8956544 1.0603770 1.4103914 1.3332748 1.1026632 0.7130883 1.2690485 1.3922715 1.1063290 1.3694732 1.4916812 1.7681626 1.9311334 1.1742626 1.0734095 1.5953076 0.9299308 2.3366659 0.6379221 2.2273734 1.4872739 1.8885306 2.9411517 2.8290209 1.6132471 0.9875130 1.3209265 0.7974838 1.6326325 8.9999984 
Hhon_g04791.t1                                                    0.5689773 0.5574164 0.7990188 0.8185561 0.8651669 0.8453049 0.9065652 0.8911463 0.7991408 0.2444759 0.9621467 1.1072664 1.1517523 0.8125033 0.8694499 0.9496765 0.3506069 0.9697366 0.8209944 0.8947265 0.8696513 0.9120131 0.8683886 0.0944393 0.1079970 0.0000000 0.0104329 0.1456589 0.2065712 0.2105488 0.6108144 1.0654746 0.9587664 1.0058753 0.9887412 0.7310783 0.8878533 0.9051058 0.8350943 1.0113677 0.9169349 1.0969601 1.1515116 0.9847313 0.8612211 0.6460131 0.9046847 1.0042338 0.5299125 0.9669834 0.6262611 0.9247776 2.3199801 1.8065614 1.1702643 1.5093908 1.4730276 1.3960216 1.0835810 1.1045002 1.4700863 1.0729220 1.2539012 1.5292713 1.6212814 1.2643896 0.8765319 1.0820662 1.3361480 1.3411168 1.0640538 0.6761772 1.2303952 1.3708442 1.0681819 1.3528162 1.4372022 1.7345386 1.8983763 1.1989678 1.0545874 1.5704267 0.9329536 2.5401722 0.6548322 2.0797767 1.4808569 1.7309435 2.8821862 2.7676680 1.6975996 1.1208548 1.4530758 0.7891408 1.6742955 8.9999981 
HoiH04_mRNA7677                                                   0.5689773 0.5581965 0.8039851 0.8252134 0.8811409 0.8579556 0.8972668 0.8729961 0.7890735 0.2444759 0.9863146 1.1049593 1.1701414 0.8270200 0.8589714 0.9672102 0.3506069 0.9586946 0.8198370 0.8924322 0.8663147 0.8966936 0.8700026 0.0994936 0.1083372 0.0104329 0.0000000 0.1513947 0.2224418 0.2268329 0.6150541 1.0546349 0.9581688 0.9944912 0.9832550 0.7269702 0.8869244 0.9006965 0.8295514 1.0040004 0.9597695 1.0962638 1.1412630 0.9885957 0.8458534 0.6460131 0.9136932 1.0214017 0.5299125 0.9965423 0.6328421 0.9466983 2.2392297 1.8184801 1.1845590 1.5328096 1.4966886 1.3958180 1.0876465 1.1195912 1.4932305 1.0807537 1.2912280 1.5671134 1.6537043 1.2621478 0.8836710 1.0868649 1.3266580 1.3563516 1.0754741 0.6761772 1.2535878 1.3934906 1.0937233 1.3759837 1.4673379 1.7345386 1.8983763 1.2291041 1.0082841 1.6249015 0.9327702 2.5090108 0.6548322 2.0989034 1.4808569 1.7689296 2.8137314 2.6986074 1.6862984 1.1146956 1.4424503 0.7934222 1.6818497 8.9999982 
HoiH11_mRNA8529                                                   0.5854133 0.5750923 0.8248923 0.8270779 0.8736374 0.8655568 0.9363350 0.9620874 0.8312722 0.2209611 0.9571393 1.1388736 1.1625445 0.8325599 0.8783920 0.9617366 0.3350821 0.9541014 0.8770361 0.9374091 0.9167358 0.9972116 0.8508473 0.1307153 0.1407564 0.1456589 0.1513947 0.0000000 0.2202033 0.2260121 0.6198956 1.1298495 1.0109086 1.0038658 0.9771672 0.6987180 0.9318611 0.8612389 0.8353592 1.0143031 0.9741580 1.0749141 1.1657578 1.0444075 0.9196793 0.6694855 0.9809567 1.0411109 0.5444460 0.9899408 0.6447601 0.9557926 1.7351756 1.8135890 1.1492136 1.5069482 1.4713289 1.3862125 1.0446496 1.1082269 1.4831151 1.0978858 1.3684099 1.5599774 1.6372134 1.2349912 0.8552153 1.0389446 1.3571661 1.2807669 1.0620713 0.6642301 1.2606910 1.3900319 1.1200887 1.3629321 1.4411814 1.6632835 1.8164139 1.1407057 1.1528850 1.5911381 0.9735135 2.7507898 0.6199613 2.3355816 1.4169554 1.9324361 3.0259490 2.9153270 1.6309472 0.9865827 1.5106975 0.7736874 1.7348096 8.9999988 
TrH2_TrispH2_006244-RA                                            0.6327514 0.6040064 0.8329545 0.8480289 0.8707160 0.8451964 0.9444541 0.8943290 0.8412469 0.2451543 1.0192998 1.2132876 1.2793362 0.8669169 0.9209120 0.9074897 0.2986931 1.0168057 0.8450520 0.9688820 0.9008670 0.9655568 0.8660541 0.2210317 0.2300697 0.2065712 0.2224418 0.2202033 0.0000000 0.0083726 0.6718955 1.0287660 0.9651366 1.0194121 0.9683884 0.7339805 0.9019667 0.9060354 0.8421565 1.0003791 0.9371361 1.1297298 1.1191883 0.9826628 0.8180935 0.7194270 1.0154369 1.1157368 0.5582066 1.0130436 0.6582382 0.9761739 1.9810931 1.9582279 1.1760311 1.5780868 1.5461745 1.3936894 1.0620276 1.1023020 1.4751051 1.0526029 1.3833002 1.5931021 1.6859871 1.3217953 0.9006397 1.0707312 1.3918371 1.3996257 1.0630009 0.6532464 1.2391505 1.3883237 1.0952849 1.3593742 1.4635392 1.6814046 1.8440801 1.1766825 1.0988473 1.6726387 0.9786681 2.4462793 0.6144289 1.7228966 1.3871999 1.6270788 2.7146249 2.6365460 1.6300926 0.9806469 1.0807547 0.7973250 1.8982544 8.9999989 
Tadh_TriadT53763                                                  0.6840231 0.6250349 0.8456158 0.8609552 0.8846764 0.8622682 0.9465505 0.8920021 0.8450750 0.2451543 1.0234599 1.2340917 1.3005906 0.8915733 0.9345652 0.9303933 0.2986931 1.0315924 0.8562094 0.9850212 0.9155352 0.9863973 0.8809000 0.2252530 0.2343536 0.2105488 0.2268329 0.2260121 0.0083726 0.0000000 0.6718955 1.0511317 0.9767244 1.0475037 0.9800878 0.7500327 0.9159579 0.9192561 0.8535640 1.0087982 0.9518334 1.1471285 1.1362065 1.0015144 0.8324685 0.7419926 1.0386791 1.1361742 0.5928620 1.0342579 0.6810841 0.9896711 1.9810931 2.0598385 1.2056051 1.6033469 1.5714472 1.4161734 1.0862639 1.1336336 1.5219594 1.0764394 1.4055389 1.5931021 1.7537097 1.3451837 0.9235964 1.0968267 1.4185519 1.4106501 1.0868900 0.6532464 1.2646253 1.4136621 1.0965743 1.3603643 1.4959556 1.8173027 1.8908776 1.1971704 1.0988473 1.6821494 0.9532776 2.4181696 0.6144289 1.6843980 1.3871999 1.6161682 2.7600596 2.6840666 1.6300926 0.9806469 1.0814931 0.8225882 1.8991127 8.9999980 
Aaur_scaffold314.g5.t1                                            2.8392419 0.7048646 0.5556645 0.5528714 0.4850535 0.4977266 0.7028139 0.3865921 0.4542568 0.2622976 0.6964088 0.7943302 0.8566504 0.5109093 0.5259228 0.7307359 0.3657624 0.7021954 0.6407660 0.6916047 0.6595765 0.6954223 0.7485007 0.6270578 0.6239731 0.6108144 0.6150541 0.6198956 0.6718955 0.6718955 0.0000000 0.2550517 0.2952860 0.1940506 0.7473362 0.6337149 0.7263380 0.6687008 0.6322104 0.6322104 0.6428825 0.6983542 0.7197087 0.7338762 0.7847842 7.3322297 0.8633256 0.8915157 1.0804511 0.8722393 0.8141898 0.7372374 0.3409812 1.5595048 0.8512806 0.7724141 0.7367391 0.7742851 0.7130387 0.8654465 1.3237814 0.7263663 0.8364774 1.5752289 1.8644019 0.8125233 0.7668525 0.7617602 0.7560577 0.8279069 0.7836759 0.3974641 0.7626312 0.8205801 0.3745325 0.4698071 0.8233042 8.9999983 3.0545998 0.7262000 1.5453870 0.5054215 0.6761352 0.6893752 0.4822812 0.3619210 0.5879480 0.5456202 0.6911970 0.6911970 0.8046430 0.7823181 0.6618850 0.2266715 1.6564066 7.1716553 
Rhoesc_Res_013915-T1                                              0.7784737 0.7462777 0.9107233 0.8803336 0.8452380 0.8862346 1.0506097 0.9502223 0.9324475 0.2775692 1.3093657 1.4553620 1.5724693 0.8868090 0.9899790 1.1087642 0.3681514 1.1079564 0.9263566 1.0880812 1.0434845 1.0631304 1.0262065 1.0775824 1.0950839 1.0654746 1.0546349 1.1298495 1.0287660 1.0511317 0.2550517 0.0000000 0.5427833 0.4349619 1.1591542 0.8995955 1.1617779 1.1154955 1.1038598 1.2975972 1.0195687 1.3124961 1.2456415 1.1727582 1.1877539 0.8255303 1.4220628 1.4208549 0.9822352 1.4396835 0.7914988 1.2159210 4.7959365 1.6938663 1.1537125 1.6754716 1.6618568 1.4022513 1.0825568 1.1258944 1.4357395 1.0489136 1.4844367 1.5092225 1.7229089 1.3947740 0.9394311 1.1733310 1.4246144 1.6003495 1.1968372 0.8503303 1.4831261 1.6654186 1.5092445 1.7923843 1.6160417 2.0293583 1.9726391 1.2971644 1.5391209 1.0667076 1.1715295 2.8611868 0.5025455 0.5541443 0.9608413 1.5890010 3.0557077 3.0342442 1.6106564 1.2181164 1.5335224 0.0828202 1.7200763 8.9999982 
Morvir_scaffold1.g221.t1                                          0.6694362 0.6554811 0.7672444 0.7569587 0.8115240 0.8127249 0.9632075 0.7607515 0.8737010 0.2734527 1.0907549 1.2409010 1.2643974 0.7438756 0.7655823 1.0605396 0.3787656 1.0962392 0.8352277 0.8759895 0.8451070 1.0802927 0.9784020 1.0052042 1.0038658 0.9587664 0.9581688 1.0109086 0.9651366 0.9767244 0.2952860 0.5427833 0.0000000 0.5134069 1.0255737 0.8709995 1.0656923 1.0198599 1.0064525 1.1889848 0.9059606 1.2029883 1.1188949 1.1343431 1.1520862 0.8270675 1.2996859 1.3447847 0.8007825 1.2563415 0.8399369 1.1725346 3.2344671 1.8917295 1.3098979 1.7446775 1.6892092 1.4258033 1.1590579 1.2253318 1.6467579 1.1365480 1.2988671 1.5759806 1.7579507 1.3112309 0.9685102 1.1495621 1.3132291 1.4371612 1.2123937 0.7247531 1.3629333 1.4791149 1.0903376 1.1874037 1.4316051 1.9896969 1.8811670 1.3961113 1.2813021 0.9468338 0.9865418 2.1231921 0.4658238 1.1370796 1.0569902 1.4996046 2.3906182 2.2165070 1.5553744 1.0911062 1.6210471 0.3779164 1.7625285 8.9999983 
Sanmal_Sma_012853-T1                                              0.6748935 0.7007574 0.8428277 0.8288332 0.8149793 0.8643459 1.0724983 0.9147086 0.8837326 0.2856998 1.2607501 1.4158892 1.4602631 0.9362284 0.9451464 1.0287312 0.3689180 1.2036266 0.9702181 1.1062667 1.0739546 1.1319379 0.9721978 0.9895072 1.0120656 1.0058753 0.9944912 1.0038658 1.0194121 1.0475037 0.1940506 0.4349619 0.5134069 0.0000000 1.1700837 0.9112086 1.1256876 1.0699197 1.0455014 1.2303740 1.0592487 1.1842859 1.0995235 1.0944177 1.1755924 0.8182278 1.3782663 1.4625267 0.9316526 1.4234537 0.8032113 1.1685572 2.7878488 1.8764837 1.1632223 1.6195557 1.6239358 1.5187862 1.2153240 1.1790867 1.6220066 1.1888177 1.3714191 1.4987370 1.5897535 1.4549198 1.0069208 1.2987736 1.3705180 1.5187973 1.2763318 0.8394439 1.4003138 1.5573712 1.1644008 1.4500226 1.5638707 2.0219005 1.9656002 1.3102138 1.5906947 0.9318737 1.1034848 2.6886426 0.4989729 1.1373531 1.2753130 1.7720952 2.9294299 2.8853283 1.4719333 1.1369511 1.7673037 0.2235541 1.7889217 8.9999987 
Gracom_Gcom_C557396_01                                            0.6183154 0.6639966 0.9165643 0.9357552 0.9633499 0.9867664 1.1000053 1.2172487 1.0720939 0.2381903 1.1012767 1.1809729 1.2039696 0.8112767 0.9090697 1.0273632 0.3282418 1.0380273 0.8992705 1.0557885 1.0052062 0.9625405 0.9281464 0.9815054 0.9790699 0.9887412 0.9832550 0.9771672 0.9683884 0.9800878 0.7473362 1.1591542 1.0255737 1.1700837 0.0000000 0.2355158 0.3267284 0.3599288 0.5291306 0.6784342 0.9407532 1.2312745 1.1181672 1.0803033 1.0694419 0.7034650 1.1629532 1.2998232 0.7263864 1.2577450 0.7440533 1.0676912 2.0741873 1.4927651 1.2683825 1.8023805 1.7701489 1.4857809 1.1178945 1.2976485 1.6692929 1.1684447 1.5330465 1.5268545 1.8409005 1.4868845 1.0053053 1.1735734 1.4526138 1.4559219 1.0980791 0.7459623 1.3310289 1.4366091 1.2964922 1.4929526 1.6998219 2.7027572 2.6196872 1.3090661 1.0125883 1.4891990 1.0914704 2.5427896 0.6876769 2.5891826 0.9974310 2.0393159 3.0741797 2.9744430 1.4938129 1.1976266 1.2043071 0.8376067 1.4374320 8.9999988 
Leuniv_Lniv_scaffold17070_01                                      0.6467054 0.6886947 0.7420242 0.7545660 0.7601422 0.7459044 0.9086524 0.7745346 0.8357064 0.2708842 0.7735416 0.7382355 0.7453831 0.6912133 0.7304970 0.7786396 0.3569018 0.7452283 0.7415769 0.7268116 0.7114152 0.7278523 0.7363309 0.7073738 0.7036620 0.7310783 0.7269702 0.6987180 0.7339805 0.7500327 0.6337149 0.8995955 0.8709995 0.9112086 0.2355158 0.0000000 0.1951832 0.1842839 0.3525796 0.5022097 0.7343986 0.8681414 0.8496050 0.8073943 0.8380358 0.6734169 0.8644717 0.8323545 0.7585672 0.8347828 0.7433472 0.8592351 3.5650602 1.5705820 1.2606516 1.3629586 1.3629586 1.2720830 1.2575711 1.2752945 1.6360446 1.2376314 1.2869766 1.5830954 1.8372221 1.2141805 1.0336982 1.1688292 1.1147211 1.2047903 1.1263631 0.7459769 1.1385570 1.1385570 0.7871697 0.7741923 1.3739754 2.7897852 2.7564680 1.1228853 1.0832959 1.0460214 0.8473317 1.3481882 0.5483349 1.0561152 1.1078075 0.8801082 1.4067039 1.4067039 0.8998100 1.1930098 0.7784802 0.8535022 1.6598278 2.8608275 
Scil_scict025129.1                                                0.6403754 0.6376108 0.8761447 0.9107059 0.9252247 0.8989625 1.0177056 1.0919070 0.9754158 0.2544707 1.0012504 1.0329243 1.0625793 0.8163657 0.9132544 0.9540405 0.2961771 0.9977308 0.9275546 1.0294673 0.9906539 0.9917208 0.8964681 0.8766571 0.8898380 0.8878533 0.8869244 0.9318611 0.9019667 0.9159579 0.7263380 1.1617779 1.0656923 1.1256876 0.3267284 0.1951832 0.0000000 0.2957591 0.4428124 0.5811393 0.9417642 1.1425110 1.0496870 1.0921078 0.9942192 0.5958219 1.1012543 1.2262605 0.6699119 1.1621368 0.7470093 1.0485540 3.9289071 1.7224450 1.2739116 1.7379551 1.7157140 1.5453503 1.2115947 1.3117712 1.6807665 1.2180491 1.4671930 1.4322427 1.7123574 1.5031886 1.0275571 1.2543056 1.3875799 1.5484184 1.1022569 0.8452587 1.2964924 1.4106551 1.3260522 1.5283444 1.6187263 2.4976251 2.4623470 1.3965382 1.0373381 1.6219314 1.0348306 2.3106434 0.7635550 2.1712152 1.4391360 2.0791555 2.9295684 2.8187471 1.6094684 1.2319220 1.4084869 0.8655360 1.4552024 8.9999983 
Lcom_lcpid74308                                                   0.6874919 0.6939039 0.9619429 0.9982444 0.9819623 0.9880631 1.0194626 1.0903261 1.0132695 0.2433491 1.1241592 1.1357656 1.1593639 0.8054697 0.9892585 0.9446796 0.3233540 0.9468596 0.9036483 0.9777877 0.9173238 0.9231161 0.8916005 0.8739964 0.8962391 0.9051058 0.9006965 0.8612389 0.9060354 0.9192561 0.6687008 1.1154955 1.0198599 1.0699197 0.3599288 0.1842839 0.2957591 0.0000000 0.5021762 0.6716771 0.9198103 1.1790698 1.0446393 1.0305793 1.0026002 0.6389423 1.0639770 1.1690423 0.7476994 1.1880130 0.6908921 1.0013732 2.6777551 1.5247261 1.2339394 1.6974602 1.7053491 1.4512000 1.1198939 1.2567849 1.5777703 1.1331033 1.4759172 1.5314772 1.6407207 1.4090342 1.0077290 1.1556614 1.3520828 1.5575236 1.1127118 0.8018126 1.3617585 1.4870306 1.4059416 1.6483949 1.5031449 2.2067336 2.3722472 1.2908193 0.9208832 1.5174839 1.0048895 2.3785697 0.7499787 2.4261728 1.1983154 1.8384316 2.5917507 2.4863384 1.4178967 1.0550457 1.0631968 0.8042252 1.5106734 8.9999986 
