63
Bolinf_Binf_sb1181532                              0.0000000 1.2124984 2.2989484 1.9314480 0.9537846 1.4185559 3.0137645 1.4067737 1.3090868 0.0000010 0.7484193 1.8342834 1.2705871 1.2518012 1.6102816 4.5432465 0.0000010 4.1685856 4.2284793 3.0672580 5.2275961 3.8913032 4.2897320 4.1548236 4.6244346 3.2203311 3.4109514 4.0348325 3.4793401 3.3392038 3.4983491 4.3003983 4.2224874 4.5896116 5.2499513 4.6121294 4.6121294 6.3787861 4.6083056 4.2711196 2.5746265 4.8000638 3.1030447 4.3862693 6.0860109 3.8787111 4.9665999 5.6897566 5.1892454 5.7131027 6.9386059 4.6808252 4.3638140 4.1934352 4.1777872 6.5787842 6.8048067 8.2063107 5.3881780 7.1851731 4.7544781 5.4154977 5.1445429 
Vmul_sbMO465755                                    1.2124984 0.0000000 5.9597890 1.5554406 1.3555296 1.3687825 3.0430088 1.2734335 1.3374990 6.2832008 1.4095652 0.7558296 0.1723213 1.4148069 1.5220627 4.7233631 4.8469350 3.9226306 4.1335390 4.1303878 6.6044577 4.7313171 3.9240196 3.5685601 4.5726952 3.0114187 3.1017533 3.5787520 3.1177033 3.6984366 3.2629146 3.6227006 3.7194480 3.9692806 4.6625366 3.3559917 2.8714185 4.7621678 5.0461460 4.7511582 3.0194315 5.1134065 5.6731976 3.5320051 3.4952220 3.0553549 5.0184527 4.4093847 4.1976367 3.8816883 6.9367401 3.7674878 3.8618505 3.5635783 4.0817908 7.1521145 7.2254219 8.0952095 7.5490774 8.9999982 6.1441035 5.5221293 4.4651483 
Pbac_sb2663657                                     2.2989484 5.9597890 0.0000000 0.0000010 0.3879230 0.3879230 0.3879230 0.5808958 0.4073473 0.4322528 0.3515535 0.4431590 0.4623037 0.3684998 0.6149530 3.8411006 4.6112437 2.8549018 3.6994417 4.0438037 4.3757024 3.9409741 4.6414511 3.6541738 3.6502437 3.9851142 3.8618767 3.9140602 3.7964147 3.5804652 3.9180059 3.6140293 4.0796400 3.8260910 3.8480882 3.8691725 3.8691725 3.3338704 3.5129695 3.6536509 3.3608114 3.8648940 3.5196367 3.6560918 3.9005260 3.3036246 4.6019824 3.2581061 9.0000000 4.6993568 4.8189598 4.7940062 4.9061643 4.8383168 3.6521153 5.0031818 4.4052164 4.4154096 4.1009282 4.4046128 4.4923344 3.9027984 2.7174151 
Horcal_Hcv1.av93.c9.g72.i1                         1.9314480 1.5554406 0.0000010 0.0000000 0.5823437 0.7391013 0.4194553 1.2093896 0.7158293 0.4439426 0.6397192 0.7902084 0.6017663 0.8123436 0.7011808 4.3788657 4.6044144 3.3340812 3.7476459 3.8471205 4.4992818 4.3720697 4.6881663 4.0508135 4.4630806 3.7220171 3.8806038 3.8841603 3.7092723 3.6218840 3.6357443 4.3837183 4.0887698 4.1577542 4.1591848 4.0349286 3.8292882 4.2171180 4.1356610 4.2917932 3.8363670 4.2909250 3.7549897 4.2466585 3.9363032 3.5567033 4.8514559 4.5805183 5.4370308 4.6331123 5.0585127 4.6089214 4.7666592 4.6956267 4.5917686 5.5260743 5.1071713 4.3886379 4.4744430 5.8610644 4.6694738 4.4726098 4.8452416 
Bolinf_Binf_sb1251941                              0.9537846 1.3555296 0.3879230 0.5823437 0.0000000 0.0000010 0.0073780 0.0293020 0.4436172 0.2930049 0.3883377 0.5080623 0.4883927 0.4361717 0.5585381 3.6703129 4.7071145 3.3108137 3.8700294 3.7890405 3.8407538 4.1954253 3.8379965 3.7181894 3.5468637 3.4735652 3.4893778 4.0385872 3.3791750 3.1441210 3.4666414 3.5255188 3.7119732 3.8721899 3.8881642 3.9946248 3.8063637 3.6696830 3.4823409 3.8666495 3.5152834 4.1571852 3.5589792 3.5913565 3.8059906 3.0771082 3.9661031 3.8399689 3.1463476 4.3610495 5.3030340 4.1956752 4.1002901 4.1355763 3.8383670 5.2150740 4.9200517 4.5980392 4.2357932 4.4592992 4.5479443 3.9441444 3.1867000 
Mertsp_Mesp_sb557727                               1.4185559 1.3687825 0.3879230 0.7391013 0.0000010 0.0000000 0.0073780 0.0234401 0.5595980 0.2930049 0.5164878 0.6746840 0.4883927 0.6097086 0.5585381 4.2805177 4.7071145 3.7483968 4.2442387 3.8250590 4.4453465 4.7365468 4.5570234 4.0610547 4.0228724 3.8103617 3.9658736 4.3662010 3.6719870 3.4795494 3.9093690 4.0246167 4.3327362 4.2995640 4.3061171 4.2633158 4.0900024 4.0819303 3.9568496 4.2875677 3.7519487 4.4287344 4.0768821 3.8898089 4.0919185 3.5854508 4.6353699 4.2991382 5.1689853 4.8092424 5.3030340 4.5976641 4.6207847 4.3836837 4.2697922 5.6143022 5.2901215 4.6123313 4.5018220 5.1000523 4.7757796 4.5239697 4.4900971 
Mertsp_Mesp_sb557728                               3.0137645 3.0430088 0.3879230 0.4194553 0.0073780 0.0073780 0.0000000 0.0962270 0.3141097 0.2817034 0.2812132 0.3615794 0.3441120 0.3091934 0.5088208 3.9165068 4.7071145 3.2337478 3.9430673 4.0522579 4.1697137 4.3298723 4.4119583 3.8294698 4.1121794 4.2219095 4.0496201 4.4589300 3.9135657 3.8027850 4.1094751 3.8067215 4.0118752 3.7300526 3.9257115 4.0717515 3.9986464 3.6881169 3.3899295 3.9760273 3.8560008 4.0375309 3.8529913 3.5266518 4.0897268 3.5032550 3.9894599 3.5914412 9.0000000 5.2281925 5.4104871 5.0895386 5.1370124 5.0711176 3.9368541 5.0970564 4.7249905 4.5512300 4.1781996 4.3585532 4.7072388 4.0891823 2.9944294 
Mertsp_Mesp_sb557729                               1.4067737 1.2734335 0.5808958 1.2093896 0.0293020 0.0234401 0.0962270 0.0000000 0.9021328 0.4474211 0.9137304 1.0291872 0.7298719 0.9624158 0.7804418 3.8408909 2.2284078 3.6556383 4.3672766 3.2837495 4.0204349 4.2282363 3.8107033 3.8208784 3.5707673 2.9829023 3.4012446 3.6519228 2.9260138 2.8339832 3.1852718 4.0024187 3.7683443 4.3444751 4.1988315 3.5550128 3.3095136 3.9923734 3.8160396 4.0172362 2.9503967 4.1633476 3.8292449 3.7955072 3.5696231 3.4303991 4.4878730 4.2563943 4.8957550 4.2521808 4.1519294 3.7961773 3.6503145 3.3307250 4.2636913 5.3555325 5.3555325 4.0033690 4.5487292 5.3588773 3.5413645 4.5372283 4.4900971 
Beraby_Baby_sb333784                               1.3090868 1.3374990 0.4073473 0.7158293 0.4436172 0.5595980 0.3141097 0.9021328 0.0000000 0.0181987 0.5554478 0.7349987 0.4975700 0.6648123 0.6284730 4.7837736 4.8254894 3.5414521 4.0945658 3.9729884 4.8111764 4.5981775 4.6756264 4.1115814 5.0647515 4.1213544 4.0855476 4.1024550 4.0545501 3.8354967 3.8404008 4.3980040 4.2032265 4.3269887 4.5807220 4.2126128 3.9682503 4.2453905 3.9847627 4.1362728 3.8936700 4.6065134 4.3539127 4.0109143 4.5769145 3.5551412 4.6079302 4.5305320 6.1416185 4.7869294 4.9587756 4.8883194 4.7921914 4.8268890 4.6049501 5.7146588 5.4449193 4.6803367 4.8330503 5.4189693 4.6968025 4.6494338 5.9227614 
Beraby_Baby_sb333785                               0.0000010 6.2832008 0.4322528 0.4439426 0.2930049 0.2930049 0.2817034 0.4474211 0.0181987 0.0000000 0.3238619 0.4232195 0.3817456 0.3702838 0.5304942 3.9624487 5.1956930 3.1553861 3.8248382 4.0221691 4.2209993 4.2431781 5.4039185 3.6885399 4.1839413 4.4228354 4.1170325 4.1588906 4.1430519 3.8868981 4.1605755 3.7903710 4.0111771 3.6643280 3.8351806 4.0099590 4.0099590 3.4380222 3.3594001 3.6832950 3.9533141 3.9524416 3.6122932 3.4929657 3.9191469 3.4476586 4.3564169 3.7507537 9.0000000 4.9770721 5.0991468 4.9616132 5.1158335 5.0802167 3.8726944 4.8107801 4.5296911 4.5409300 4.1778508 4.5562518 4.5778927 4.0981641 4.6550127 
Mlei_ML2172.g11.i1                                 0.7484193 1.4095652 0.3515535 0.6397192 0.3883377 0.5164878 0.2812132 0.9137304 0.5554478 0.3238619 0.0000000 0.6403675 0.4836560 0.5923841 0.5683282 4.0858764 4.5367613 3.3967025 3.9771649 3.8082059 4.1862593 4.3523581 4.1829672 3.7938110 4.0876376 3.5357251 3.7509372 3.9079529 3.6537442 3.4230934 3.6471670 3.8146452 4.0600524 3.6519720 3.8140668 3.9868784 3.7862234 3.8919360 3.8579829 3.9416389 3.7783863 4.2363272 3.6226625 3.7416509 4.1889774 3.4268213 4.2738173 4.1842044 4.0288327 4.1662274 4.9457606 4.2333402 4.2099901 4.3327874 4.1899939 5.1759479 5.0107605 5.2076331 4.7349353 5.7797152 4.7269932 4.1574503 5.3257183 
Coemet_Cmet_scaffold13305_01                       1.8342834 0.7558296 0.4431590 0.7902084 0.5080623 0.6746840 0.3615794 1.0291872 0.7349987 0.4232195 0.6403675 0.0000000 0.2691937 0.6658176 0.5894760 4.2026347 4.9417508 4.0381388 4.0561145 4.0400465 4.8059559 4.4574707 3.9749528 3.8390841 4.3448222 3.7051620 4.0544575 4.2326738 3.8933619 3.8154442 4.0290557 3.6983861 3.8584123 3.8872131 3.9023135 3.9222996 3.7116948 3.9222492 3.8340634 4.2184220 3.8418648 4.2852641 3.9261339 3.8775144 3.9251551 3.5221000 4.7761167 4.5086677 4.8726183 4.6028455 5.1459506 4.4473917 4.5795495 4.4515573 4.4062268 5.5987106 5.2531910 4.9527714 4.7520195 5.4899983 4.3686529 4.5148510 3.8909309 
Vmul_sbMO465758                                    1.2705871 0.1723213 0.4623037 0.6017663 0.4883927 0.4883927 0.3441120 0.7298719 0.4975700 0.3817456 0.4836560 0.2691937 0.0000000 0.5297217 0.5579642 4.2236858 5.1137921 3.3656466 3.8487147 3.8725905 4.3314056 4.4271587 4.2312885 3.9088460 3.9831837 3.7373961 3.7588047 4.3426826 3.7239866 3.6598229 3.7251632 3.6024444 3.9535338 3.5095172 3.6776807 4.0755031 3.8410818 3.9087942 3.6364827 4.1009002 3.5808909 4.2040868 3.8941486 3.4733186 3.7072708 3.5144540 4.3629532 3.5336299 2.6931040 4.1491298 5.3280744 4.2519625 4.2173418 4.1221177 4.1287948 5.7810835 5.3880576 4.6757886 4.8615183 5.1031212 4.6467433 4.0722862 3.9452219 
Lampan_Lpan_2203_01                                1.2518012 1.4148069 0.3684998 0.8123436 0.4361717 0.6097086 0.3091934 0.9624158 0.6648123 0.3702838 0.5923841 0.6658176 0.5297217 0.0000000 0.5225629 4.2665177 4.2630037 3.3430098 3.8905474 3.7502265 4.4068186 4.5527429 4.4042348 3.9635798 4.0164321 3.5988150 3.7800129 4.1657072 3.5945949 3.3941640 3.6429543 3.7833379 3.9772647 3.7851153 4.0822586 4.3432238 4.1502510 4.0116544 3.5944545 3.9927475 3.9389043 4.0984491 3.6788028 3.9952571 4.1598098 3.3676659 4.4677685 4.8570065 4.7807933 4.1362489 4.6114827 4.3465391 4.5005093 4.6228971 4.3342162 5.5621735 5.2076984 4.5987985 4.9138082 5.3486802 4.4048200 4.5849426 5.3999794 
Eupdun_Edun_sb10638401                             1.6102816 1.5220627 0.6149530 0.7011808 0.5585381 0.5585381 0.5088208 0.7804418 0.6284730 0.5304942 0.5683282 0.5894760 0.5579642 0.5225629 0.0000000 3.9133694 4.5044048 3.2258791 3.8409880 3.8865754 4.1467957 4.2193818 4.4019177 3.5744480 4.0337661 3.8956086 3.9329716 4.0670009 3.4466702 3.4182474 3.6919381 3.4545975 4.0417180 3.6181414 3.8430038 4.0250914 3.7802734 3.3539275 3.1746172 3.9095147 3.9438870 3.7366160 3.5871165 3.5160930 3.8174796 3.6451558 3.9950331 3.5866647 8.9999982 4.7151054 5.0169773 4.6623046 4.7575507 4.7170633 4.1806506 4.7136286 4.4106707 4.1666565 4.2250275 4.2830052 4.1161215 3.9879509 3.6070171 
Tcas_TC007210_001                                  4.5432465 4.7233631 3.8411006 4.3788657 3.6703129 4.2805177 3.9165068 3.8408909 4.7837736 3.9624487 4.0858764 4.2026347 4.2236858 4.2665177 3.9133694 0.0000000 3.3749514 3.0495872 3.0769643 2.6127931 3.1719854 3.8577352 3.3049392 2.8774143 3.1539835 2.8087539 2.8514728 2.9945540 2.6486807 2.8947411 2.9322597 2.9143208 3.0011945 2.9674527 3.1648458 2.2539222 2.2314921 2.9134473 2.3173296 2.6267245 2.4187130 2.8587206 2.3629834 2.5226095 2.3235100 2.4685960 3.7378026 3.3459265 6.1483208 3.7135145 2.7128018 3.4222473 3.4209184 3.5376635 3.3650071 4.6999305 4.0721991 3.3718000 4.8599018 4.6415993 3.0054411 3.2523019 4.0684915 
Stycar_maker-SC_scaffold21392-snap-gene-0.4-mRNA-1 0.0000010 4.8469350 4.6112437 4.6044144 4.7071145 4.7071145 4.7071145 2.2284078 4.8254894 5.1956930 4.5367613 4.9417508 5.1137921 4.2630037 4.5044048 3.3749514 0.0000000 1.1325586 1.8324164 3.1470398 3.4002165 2.7013359 3.1189834 3.9731655 4.5723817 2.9956204 3.2935298 3.0574886 3.1014242 3.0099835 2.9395754 3.4950273 3.2508549 3.5808171 3.7620949 3.0030460 3.0030460 3.2811222 3.3068254 2.9262510 3.2598675 3.4768514 3.1728987 4.1263086 3.7866653 4.2157861 4.1218560 4.0759712 9.0000000 4.9292541 4.9841188 5.2918510 5.2834200 5.3869231 3.9426054 3.3135823 3.4129441 4.0708933 4.2176711 4.0118309 4.4263352 4.4871031 1.9013110 
Tetwil_g6820.t2                                    4.1685856 3.9226306 2.8549018 3.3340812 3.3108137 3.7483968 3.2337478 3.6556383 3.5414521 3.1553861 3.3967025 4.0381388 3.3656466 3.3430098 3.2258791 3.0495872 1.1325586 0.0000000 1.2673392 1.7978542 2.2759212 1.8685697 3.4063020 3.0303273 3.6342600 2.5874218 2.6231011 3.0593882 2.6052179 2.5075480 2.5522843 2.5259505 2.5173064 2.9108406 2.5244329 2.2275379 2.2245766 2.9327402 2.6193042 2.6832489 2.1811424 2.8983289 2.5229495 2.8052965 3.0860459 2.7045613 2.9679199 3.5037483 4.0691594 3.4312576 3.1387917 3.2709488 3.1832759 3.3028280 3.4166724 4.3048629 3.9472507 3.4926356 4.2457525 4.3636945 2.8179635 3.3125450 2.6427088 
Spolac_c103252_g1_i3_m.33245c103252-g1             4.2284793 4.1335390 3.6994417 3.7476459 3.8700294 4.2442387 3.9430673 4.3672766 4.0945658 3.8248382 3.9771649 4.0561145 3.8487147 3.8905474 3.8409880 3.0769643 1.8324164 1.2673392 0.0000000 1.8417141 2.5762229 2.0701220 3.0555558 3.0607067 3.3090404 2.5339087 2.5891832 3.0849499 2.6115069 2.4904479 2.5545241 2.5780661 2.5644074 2.7957020 2.7168699 2.5450137 2.5160288 3.0124795 2.7790100 2.8067245 2.3664972 2.7292729 2.6160554 2.9199043 3.3011043 2.8533972 3.3757672 3.5461518 4.6279544 3.3744420 3.1590289 3.2345628 3.3800424 3.2842655 3.0014046 4.2932111 3.9472146 3.1008444 3.8936685 4.3605905 2.7362087 3.2183777 3.2421481 
Halamb_c26073_g1_i2mm.126                          3.0672580 4.1303878 4.0438037 3.8471205 3.7890405 3.8250590 4.0522579 3.2837495 3.9729884 4.0221691 3.8082059 4.0400465 3.8725905 3.7502265 3.8865754 2.6127931 3.1470398 1.7978542 1.8417141 0.0000000 1.2593719 1.7850391 2.2200748 2.4276900 2.6709903 2.5671243 2.4137613 3.2054145 2.5648058 2.4204735 2.3541701 2.6377687 2.5489028 2.5906644 2.5519044 2.4474326 2.3936941 3.0969180 2.4278904 2.7348404 2.3466376 2.7914706 2.4491360 2.8499670 3.0197470 2.8582999 2.8113901 3.3317419 4.3248534 3.3649115 3.3241344 3.3474886 3.3987468 3.3081510 2.9015727 4.2992812 3.8320975 3.3435462 3.6371785 3.7496088 2.8860990 2.9329854 1.7323352 
Aque_Aqu2.1.25746_001                              5.2275961 6.6044577 4.3757024 4.4992818 3.8407538 4.4453465 4.1697137 4.0204349 4.8111764 4.2209993 4.1862593 4.8059559 4.3314056 4.4068186 4.1467957 3.1719854 3.4002165 2.2759212 2.5762229 1.2593719 0.0000000 2.5550126 3.3286347 3.1180031 3.2259761 2.9754847 3.2972632 3.7353779 3.1452155 2.8303070 3.0262313 3.4790475 3.2846238 3.0044049 3.1754164 2.8155129 2.7826531 3.6625022 3.1933706 3.4266087 2.8762615 3.6023897 2.6535624 3.4383771 3.2338237 3.3059893 3.5300237 3.6037682 7.2517229 3.9906557 3.0561191 3.5874830 3.6030895 3.4459653 3.5931773 4.9699868 4.4192265 4.2571353 4.8870567 5.2554586 2.9625407 3.4408623 3.1471886 
Plespi_Pspi_scaffold20769_01                       3.8913032 4.7313171 3.9409741 4.3720697 4.1954253 4.7365468 4.3298723 4.2282363 4.5981775 4.2431781 4.3523581 4.4574707 4.4271587 4.5527429 4.2193818 3.8577352 2.7013359 1.8685697 2.0701220 1.7850391 2.5550126 0.0000000 3.4327455 3.2754945 3.7060801 3.1571870 3.3258315 3.9596600 3.2056582 3.1537760 3.1349851 2.9873003 2.7623436 3.2333574 2.8417221 2.7317562 2.6836316 3.7757981 3.5517671 3.3150088 2.3101434 3.3481089 3.0675731 3.3665874 3.2688012 3.3161428 3.4728111 3.8428591 4.7992045 4.0103789 3.6404884 4.1249173 4.1083608 4.0237658 3.6031274 4.9923825 4.4744679 3.4517135 4.1259696 4.9790634 3.0751196 3.6571553 3.3345027 
Nemnom_g8064.t1                                    4.2897320 3.9240196 4.6414511 4.6881663 3.8379965 4.5570234 4.4119583 3.8107033 4.6756264 5.4039185 4.1829672 3.9749528 4.2312885 4.4042348 4.4019177 3.3049392 3.1189834 3.4063020 3.0555558 2.2200748 3.3286347 3.4327455 0.0000000 0.5051981 1.4752013 2.2302749 2.5046452 2.9840703 2.2617472 2.3041668 2.2545051 2.8240064 2.5743034 2.9897579 2.4113739 3.1112169 2.9922414 3.7111323 2.7449688 2.6482927 2.1747319 2.9790453 2.9019764 2.9853938 2.6978540 3.0012821 3.1381615 3.4936706 4.5220550 3.8434543 2.9721646 3.2319057 3.4289717 3.5836204 3.0030565 4.3967199 4.3967199 3.6470180 4.4480741 5.2368488 2.8113510 3.6010334 3.2489514 
Rhoesc_Res_000864-T1                               4.1548236 3.5685601 3.6541738 4.0508135 3.7181894 4.0610547 3.8294698 3.8208784 4.1115814 3.6885399 3.7938110 3.8390841 3.9088460 3.9635798 3.5744480 2.8774143 3.9731655 3.0303273 3.0607067 2.4276900 3.1180031 3.2754945 0.5051981 0.0000000 1.4392948 2.1333758 2.1562719 2.6579350 2.2950170 2.2124042 2.2188855 2.6170042 2.4451706 2.6276286 2.1576500 2.8918626 2.8675390 2.9551722 2.4976191 2.3544373 2.3174291 2.5615639 2.7502666 2.5989081 2.4940453 2.5280467 2.6307810 2.9076325 5.2126845 3.6697973 3.0155491 3.1875115 3.3863757 3.4155917 2.5652134 4.3542949 3.8193823 3.4911189 3.9298094 4.2775061 3.0246382 3.5161191 2.9020439 
Sanmal_Sma_011086-T1                               4.6244346 4.5726952 3.6502437 4.4630806 3.5468637 4.0228724 4.1121794 3.5707673 5.0647515 4.1839413 4.0876376 4.3448222 3.9831837 4.0164321 4.0337661 3.1539835 4.5723817 3.6342600 3.3090404 2.6709903 3.2259761 3.7060801 1.4752013 1.4392948 0.0000000 2.3496316 2.2715425 3.1422071 2.3632283 2.3419624 2.4483555 2.8642140 2.9139969 2.7273553 2.6067626 3.3529107 3.3018144 3.8235364 3.0979183 3.0841305 2.7214678 3.4076382 3.4326018 3.5865545 3.1516345 2.9723490 2.8023820 3.0009901 4.5541524 4.1501064 3.6674497 3.5540573 3.6498968 3.6108410 2.8139535 4.2939464 4.2506538 3.7090171 3.9848825 4.2472428 2.8773877 4.1003476 3.2224893 
Gfas_gfas1.m1.4178.m1                              3.2203311 3.0114187 3.9851142 3.7220171 3.4735652 3.8103617 4.2219095 2.9829023 4.1213544 4.4228354 3.5357251 3.7051620 3.7373961 3.5988150 3.8956086 2.8087539 2.9956204 2.5874218 2.5339087 2.5671243 2.9754847 3.1571870 2.2302749 2.1333758 2.3496316 0.0000000 0.5634429 0.7103698 0.5589004 0.5589494 0.5241233 1.4755152 1.3496776 1.9494461 1.7998908 2.5105964 2.4583381 3.0541739 2.0995652 2.5306255 2.2284312 2.5464588 2.6963977 2.7754726 2.3672766 2.4817410 3.1867029 3.3237154 4.3775322 3.4969498 3.0905499 3.1050022 3.0168398 3.0666524 3.0625468 4.1790478 3.8245634 3.3390407 3.9693961 4.2276898 3.0306349 3.4236663 2.6327002 
Amil_Amillepora06732-RA                            3.4109514 3.1017533 3.8618767 3.8806038 3.4893778 3.9658736 4.0496201 3.4012446 4.0855476 4.1170325 3.7509372 4.0544575 3.7588047 3.7800129 3.9329716 2.8514728 3.2935298 2.6231011 2.5891832 2.4137613 3.2972632 3.3258315 2.5046452 2.1562719 2.2715425 0.5634429 0.0000000 0.8552497 0.7409067 0.7407449 0.7187970 1.7726513 1.5545076 2.1977385 1.9492769 2.4572373 2.4119718 3.1678264 2.4522952 2.6007630 2.2214050 2.7585214 2.9155494 2.7093118 2.5269718 2.4652345 3.3159282 3.4208756 3.5427741 3.1750803 3.0063422 3.1244573 3.0238815 3.0415890 3.2323651 3.9660060 3.6639098 3.4778174 4.1625650 4.2493075 3.0420055 3.3866979 2.7565057 
Spis_XP_022806287_1                                4.0348325 3.5787520 3.9140602 3.8841603 4.0385872 4.3662010 4.4589300 3.6519228 4.1024550 4.1588906 3.9079529 4.2326738 4.3426826 4.1657072 4.0670009 2.9945540 3.0574886 3.0593882 3.0849499 3.2054145 3.7353779 3.9596600 2.9840703 2.6579350 3.1422071 0.7103698 0.8552497 0.0000000 0.2163134 0.6312248 0.5854313 1.8391705 1.7004308 2.2638381 2.0787523 3.0814943 3.0926418 3.3528359 2.5910293 2.6208324 2.7043279 3.0868009 3.0946443 3.1647713 2.7770506 3.0185447 3.9487134 3.6458546 3.9362396 3.9235877 3.6959820 3.5523447 3.7115435 3.7657537 3.8829019 4.9137127 4.3850624 4.2204164 4.6917401 5.2790285 3.8642977 3.9311008 4.0030929 
Pocdam_XM_027202208.1                              3.4793401 3.1177033 3.7964147 3.7092723 3.3791750 3.6719870 3.9135657 2.9260138 4.0545501 4.1430519 3.6537442 3.8933619 3.7239866 3.5945949 3.4466702 2.6486807 3.1014242 2.6052179 2.6115069 2.5648058 3.1452155 3.2056582 2.2617472 2.2950170 2.3632283 0.5589004 0.7409067 0.2163134 0.0000000 0.5362795 0.4954511 1.5869204 1.5085041 1.8788611 1.7719934 2.5120978 2.4701522 3.0412263 2.2861339 2.2539030 2.2615991 2.6151634 2.6791990 2.5796212 2.2702501 2.4061210 3.1745458 3.1475083 4.0663375 3.5602102 3.2129875 3.1545960 3.2003311 3.2261477 3.2432129 4.2304617 3.8746751 3.3533221 3.9192779 4.2326562 2.9466282 3.6485104 2.6469236 
Gasp_gasp1.m3.9270.m1                              3.3392038 3.6984366 3.5804652 3.6218840 3.1441210 3.4795494 3.8027850 2.8339832 3.8354967 3.8868981 3.4230934 3.8154442 3.6598229 3.3941640 3.4182474 2.8947411 3.0099835 2.5075480 2.4904479 2.4204735 2.8303070 3.1537760 2.3041668 2.2124042 2.3419624 0.5589494 0.7407449 0.6312248 0.5362795 0.0000000 0.3801932 1.5885608 1.2401241 1.9267382 1.8913882 2.5597584 2.5036705 2.9517596 2.2371032 2.3487330 2.0984771 2.5948663 2.5660036 2.6249277 2.2889530 2.4493288 3.2570534 3.3558248 5.0191032 3.5895223 3.0039726 2.9569521 3.1530620 3.1192485 3.2707956 4.1213607 3.8092274 3.4322871 3.9023870 4.4395505 2.9950684 3.4461657 2.4914878 
Fspp_ffun1.m4.28751.m1                             3.4983491 3.2629146 3.9180059 3.6357443 3.4666414 3.9093690 4.1094751 3.1852718 3.8404008 4.1605755 3.6471670 4.0290557 3.7251632 3.6429543 3.6919381 2.9322597 2.9395754 2.5522843 2.5545241 2.3541701 3.0262313 3.1349851 2.2545051 2.2188855 2.4483555 0.5241233 0.7187970 0.5854313 0.4954511 0.3801932 0.0000000 1.5807686 1.3301212 1.9196095 1.7316660 2.4708318 2.4088201 3.1368706 2.2189140 2.4923288 2.2822743 2.7168477 2.6435573 2.8426222 2.3800969 2.5126693 3.0418589 3.5327314 3.8646080 3.3866543 3.1669000 3.2095438 3.3747979 3.4753787 3.2418785 4.2400191 3.8816033 3.2836888 4.0770289 4.1132678 2.9830084 3.5694805 2.5920510 
Exapal_XM_021061885.2                              4.3003983 3.6227006 3.6140293 4.3837183 3.5255188 4.0246167 3.8067215 4.0024187 4.3980040 3.7903710 3.8146452 3.6983861 3.6024444 3.7833379 3.4545975 2.9143208 3.4950273 2.5259505 2.5780661 2.6377687 3.4790475 2.9873003 2.8240064 2.6170042 2.8642140 1.4755152 1.7726513 1.8391705 1.5869204 1.5885608 1.5807686 0.0000000 1.2500393 2.1436842 1.8826994 2.4614025 2.3854744 3.0193960 2.4513634 2.6339435 2.2888293 2.7409838 2.7127274 2.5909311 2.6721136 2.9040046 3.4102304 3.6101136 3.9834273 3.4838713 3.0554264 3.4236589 3.5191562 3.5981383 3.6998001 4.4428248 4.0886066 3.3586318 4.4201255 4.3582325 3.0502762 3.3543560 3.3948490 
Nvec_v1g79947                                      4.2224874 3.7194480 4.0796400 4.0887698 3.7119732 4.3327362 4.0118752 3.7683443 4.2032265 4.0111771 4.0600524 3.8584123 3.9535338 3.9772647 4.0417180 3.0011945 3.2508549 2.5173064 2.5644074 2.5489028 3.2846238 2.7623436 2.5743034 2.4451706 2.9139969 1.3496776 1.5545076 1.7004308 1.5085041 1.2401241 1.3301212 1.2500393 0.0000000 1.8259583 1.7415895 2.3286672 2.3008606 2.8390028 2.2246704 2.3916323 2.0511949 2.5205672 2.4099365 2.5033243 2.4016741 2.3773779 3.3380101 3.4689843 3.8560980 3.1303981 2.7115556 3.3205998 3.3668153 3.4780715 3.5825541 4.2913648 4.0357364 3.2791617 4.5830471 4.3835950 2.9848302 3.7770587 2.5631978 
Dgig_XM_028553549.1                                4.5896116 3.9692806 3.8260910 4.1577542 3.8721899 4.2995640 3.7300526 4.3444751 4.3269887 3.6643280 3.6519720 3.8872131 3.5095172 3.7851153 3.6181414 2.9674527 3.5808171 2.9108406 2.7957020 2.5906644 3.0044049 3.2333574 2.9897579 2.6276286 2.7273553 1.9494461 2.1977385 2.2638381 1.8788611 1.9267382 1.9196095 2.1436842 1.8259583 0.0000000 0.7072726 2.4860524 2.3903513 2.9518333 2.3231163 2.6836471 2.2053845 2.6559611 2.6300749 2.7888121 2.3929257 2.7151297 3.0924708 3.1062184 5.2327439 3.2647988 2.7483173 2.9473679 2.8329119 2.7837309 3.5536382 4.7056356 4.0470145 3.5450436 4.5526240 4.4727655 2.8872202 4.1524681 2.7775659 
Xesp_015022-T1                                     5.2499513 4.6625366 3.8480882 4.1591848 3.8881642 4.3061171 3.9257115 4.1988315 4.5807220 3.8351806 3.8140668 3.9023135 3.6776807 4.0822586 3.8430038 3.1648458 3.7620949 2.5244329 2.7168699 2.5519044 3.1754164 2.8417221 2.4113739 2.1576500 2.6067626 1.7998908 1.9492769 2.0787523 1.7719934 1.8913882 1.7316660 1.8826994 1.7415895 0.7072726 0.0000000 2.4316685 2.3371471 2.9087734 2.3457598 2.5620623 2.1052862 2.4795842 2.5718426 2.7026668 2.3759392 2.5249038 2.9089948 3.3205984 4.0004068 3.2117686 2.9430772 3.1219385 2.8550965 3.0393427 3.1582717 4.2048702 3.6643800 3.4235411 4.1260221 4.2153376 2.8022906 3.8040730 2.4124569 
Ocar_g819                                          4.6121294 3.3559917 3.8691725 4.0349286 3.9946248 4.2633158 4.0717515 3.5550128 4.2126128 4.0099590 3.9868784 3.9222996 4.0755031 4.3432238 4.0250914 2.2539222 3.0030460 2.2275379 2.5450137 2.4474326 2.8155129 2.7317562 3.1112169 2.8918626 3.3529107 2.5105964 2.4572373 3.0814943 2.5120978 2.5597584 2.4708318 2.4614025 2.3286672 2.4860524 2.4316685 0.0000000 0.0215642 2.7981013 2.7111183 2.5383236 2.6887607 2.8378743 2.7635219 2.7765008 2.8291683 2.5343386 3.0878866 3.3508017 3.6104448 3.5112744 3.3683093 3.3510230 3.1457005 3.1978719 3.3898604 4.5318813 4.0546800 3.8494324 4.3816259 4.4608547 2.9622679 3.2154767 2.0113169 
Opea_EP00118_Oscarella_pearsei_P011352             4.6121294 2.8714185 3.8691725 3.8292882 3.8063637 4.0900024 3.9986464 3.3095136 3.9682503 4.0099590 3.7862234 3.7116948 3.8410818 4.1502510 3.7802734 2.2314921 3.0030460 2.2245766 2.5160288 2.3936941 2.7826531 2.6836316 2.9922414 2.8675390 3.3018144 2.4583381 2.4119718 3.0926418 2.4701522 2.5036705 2.4088201 2.3854744 2.3008606 2.3903513 2.3371471 0.0215642 0.0000000 2.8010463 2.6658940 2.5700859 2.6160240 2.8165678 2.6969708 2.8005591 2.7581065 2.5206424 3.0833884 3.2907708 3.7183273 3.4018820 3.3683093 3.2091078 3.0396565 3.0784575 3.3444102 4.4851685 4.0165930 3.7136413 4.3339912 4.3040960 2.8740007 3.1870037 1.8037374 
Cgig_XM_011424709.3                                6.3787861 4.7621678 3.3338704 4.2171180 3.6696830 4.0819303 3.6881169 3.9923734 4.2453905 3.4380222 3.8919360 3.9222492 3.9087942 4.0116544 3.3539275 2.9134473 3.2811222 2.9327402 3.0124795 3.0969180 3.6625022 3.7757981 3.7111323 2.9551722 3.8235364 3.0541739 3.1678264 3.3528359 3.0412263 2.9517596 3.1368706 3.0193960 2.8390028 2.9518333 2.9087734 2.7981013 2.8010463 0.0000000 2.2804137 2.1780412 2.6347585 2.5574514 2.2628407 1.7703481 2.0453838 2.6526862 3.4880459 3.9700582 6.0004012 3.5838455 2.4684605 3.7907916 3.8024242 3.7596227 3.8962028 4.9315195 4.4544757 3.5845162 4.6025515 4.6491641 3.0232149 3.5937735 4.6601608 
Skow_XM_002741333.2                                4.6083056 5.0461460 3.5129695 4.1356610 3.4823409 3.9568496 3.3899295 3.8160396 3.9847627 3.3594001 3.8579829 3.8340634 3.6364827 3.5944545 3.1746172 2.3173296 3.3068254 2.6193042 2.7790100 2.4278904 3.1933706 3.5517671 2.7449688 2.4976191 3.0979183 2.0995652 2.4522952 2.5910293 2.2861339 2.2371032 2.2189140 2.4513634 2.2246704 2.3231163 2.3457598 2.7111183 2.6658940 2.2804137 0.0000000 1.4854662 1.7892636 1.9494379 1.5487255 1.7635011 1.7647819 2.3596552 3.5674225 3.0680475 4.5223009 3.0574259 2.4056668 2.9937479 3.1010966 3.1638512 3.8170338 4.7192547 4.1593068 3.3987324 3.9784236 4.5216077 3.1779779 4.0188750 3.3833827 
Bralan_BLAG06000766_1                              4.2711196 4.7511582 3.6536509 4.2917932 3.8666495 4.2875677 3.9760273 4.0172362 4.1362728 3.6832950 3.9416389 4.2184220 4.1009002 3.9927475 3.9095147 2.6267245 2.9262510 2.6832489 2.8067245 2.7348404 3.4266087 3.3150088 2.6482927 2.3544373 3.0841305 2.5306255 2.6007630 2.6208324 2.2539030 2.3487330 2.4923288 2.6339435 2.3916323 2.6836471 2.5620623 2.5383236 2.5700859 2.1780412 1.4854662 0.0000000 1.6021637 1.8376606 1.7882198 2.0765842 2.1075208 2.4058234 3.5201757 3.6912091 4.9687031 3.3804760 2.5676573 3.1873509 3.1624310 3.3425116 3.8833533 4.4019245 3.8526865 3.2548964 4.1887447 4.3531508 3.5179376 3.4354993 3.0320713 
Hsap_ENST00000351797                               2.5746265 3.0194315 3.3608114 3.8363670 3.5152834 3.7519487 3.8560008 2.9503967 3.8936700 3.9533141 3.7783863 3.8418648 3.5808909 3.9389043 3.9438870 2.4187130 3.2598675 2.1811424 2.3664972 2.3466376 2.8762615 2.3101434 2.1747319 2.3174291 2.7214678 2.2284312 2.2214050 2.7043279 2.2615991 2.0984771 2.2822743 2.2888293 2.0511949 2.2053845 2.1052862 2.6887607 2.6160240 2.6347585 1.7892636 1.6021637 0.0000000 1.2738265 2.0327783 2.0579273 2.0062610 2.5316484 2.9950281 3.2837902 6.2924477 2.9628096 2.4502458 3.1027012 3.1509012 3.0411801 3.3153829 4.0955177 3.5344917 3.3387714 3.6797453 3.7777470 2.9374522 3.5339689 2.6412314 
Hsap_ENST00000358869                               4.8000638 5.1134065 3.8648940 4.2909250 4.1571852 4.4287344 4.0375309 4.1633476 4.6065134 3.9524416 4.2363272 4.2852641 4.2040868 4.0984491 3.7366160 2.8587206 3.4768514 2.8983289 2.7292729 2.7914706 3.6023897 3.3481089 2.9790453 2.5615639 3.4076382 2.5464588 2.7585214 3.0868009 2.6151634 2.5948663 2.7168477 2.7409838 2.5205672 2.6559611 2.4795842 2.8378743 2.8165678 2.5574514 1.9494379 1.8376606 1.2738265 0.0000000 2.2342437 2.4478421 2.1636082 2.5371393 3.7715650 3.8972285 7.8381030 3.5817525 2.7538747 3.5210223 3.5932350 3.5114999 3.4785190 3.6392746 3.3005140 3.2731392 3.4186418 3.9898528 2.9660783 3.8114839 4.0027715 
Spur_XM_030980385.1                                3.1030447 5.6731976 3.5196367 3.7549897 3.5589792 4.0768821 3.8529913 3.8292449 4.3539127 3.6122932 3.6226625 3.9261339 3.8941486 3.6788028 3.5871165 2.3629834 3.1728987 2.5229495 2.6160554 2.4491360 2.6535624 3.0675731 2.9019764 2.7502666 3.4326018 2.6963977 2.9155494 3.0946443 2.6791990 2.5660036 2.6435573 2.7127274 2.4099365 2.6300749 2.5718426 2.7635219 2.6969708 2.2628407 1.5487255 1.7882198 2.0327783 2.2342437 0.0000000 2.0842385 2.3718830 2.4259527 3.4731253 3.7930488 4.1087052 2.9081528 2.3967356 2.9208228 2.8531247 3.0452143 3.6299629 5.3204077 4.5984964 4.1183921 4.5948761 4.9092140 3.1484481 3.8752350 3.2046678 
Acagra_model.g12918.t1                             4.3862693 3.5320051 3.6560918 4.2466585 3.5913565 3.8898089 3.5266518 3.7955072 4.0109143 3.4929657 3.7416509 3.8775144 3.4733186 3.9952571 3.5160930 2.5226095 4.1263086 2.8052965 2.9199043 2.8499670 3.4383771 3.3665874 2.9853938 2.5989081 3.5865545 2.7754726 2.7093118 3.1647713 2.5796212 2.6249277 2.8426222 2.5909311 2.5033243 2.7888121 2.7026668 2.7765008 2.8005591 1.7703481 1.7635011 2.0765842 2.0579273 2.4478421 2.0842385 0.0000000 1.5147778 2.3601416 3.2137040 3.5708912 4.6182981 3.3506736 2.7683017 3.1023254 2.8350585 2.8838268 3.7785269 4.4285420 3.9177338 3.2055635 4.0293772 4.1185858 3.1471322 3.9108597 3.8427926 
Ctel_gnl_WGS_AMQN_CAPTEDRAFT_mRNA219912            6.0860109 3.4952220 3.9005260 3.9363032 3.8059906 4.0919185 4.0897268 3.5696231 4.5769145 3.9191469 4.1889774 3.9251551 3.7072708 4.1598098 3.8174796 2.3235100 3.7866653 3.0860459 3.3011043 3.0197470 3.2338237 3.2688012 2.6978540 2.4940453 3.1516345 2.3672766 2.5269718 2.7770506 2.2702501 2.2889530 2.3800969 2.6721136 2.4016741 2.3929257 2.3759392 2.8291683 2.7581065 2.0453838 1.7647819 2.1075208 2.0062610 2.1636082 2.3718830 1.5147778 0.0000000 2.1986820 3.2283317 3.2636214 4.1270198 3.2828844 2.9237300 3.1861483 3.2574387 3.1507623 3.4866300 4.2396990 3.7265400 3.3530717 3.7819841 4.0986425 2.9316608 3.4640016 3.0144510 
Cscu_XM_023385003.1                                3.8787111 3.0553549 3.3036246 3.5567033 3.0771082 3.5854508 3.5032550 3.4303991 3.5551412 3.4476586 3.4268213 3.5221000 3.5144540 3.3676659 3.6451558 2.4685960 4.2157861 2.7045613 2.8533972 2.8582999 3.3059893 3.3161428 3.0012821 2.5280467 2.9723490 2.4817410 2.4652345 3.0185447 2.4061210 2.4493288 2.5126693 2.9040046 2.3773779 2.7151297 2.5249038 2.5343386 2.5206424 2.6526862 2.3596552 2.4058234 2.5316484 2.5371393 2.4259527 2.3601416 2.1986820 0.0000000 3.1393875 3.4515636 3.7688366 3.2001831 2.7847650 3.0110174 2.8305822 2.9102919 3.4266269 4.2119647 3.6618585 3.3913386 3.9249090 3.5903330 3.4774379 3.2961109 2.8318994 
Chem_TCONS_00055461                                4.9665999 5.0184527 4.6019824 4.8514559 3.9661031 4.6353699 3.9894599 4.4878730 4.6079302 4.3564169 4.2738173 4.7761167 4.3629532 4.4677685 3.9950331 3.7378026 4.1218560 2.9679199 3.3757672 2.8113901 3.5300237 3.4728111 3.1381615 2.6307810 2.8023820 3.1867029 3.3159282 3.9487134 3.1745458 3.2570534 3.0418589 3.4102304 3.3380101 3.0924708 2.9089948 3.0878866 3.0833884 3.4880459 3.5674225 3.5201757 2.9950281 3.7715650 3.4731253 3.2137040 3.2283317 3.1393875 0.0000000 2.0276905 6.5588378 4.1124504 3.1556791 3.5865311 3.8773267 3.8947436 2.7747866 4.5039900 4.1215064 4.0030959 4.6277380 5.2877882 4.1214763 3.8291024 3.6165399 
Hvul_g10366_1                                      5.6897566 4.4093847 3.2581061 4.5805183 3.8399689 4.2991382 3.5914412 4.2563943 4.5305320 3.7507537 4.1842044 4.5086677 3.5336299 4.8570065 3.5866647 3.3459265 4.0759712 3.5037483 3.5461518 3.3317419 3.6037682 3.8428591 3.4936706 2.9076325 3.0009901 3.3237154 3.4208756 3.6458546 3.1475083 3.3558248 3.5327314 3.6101136 3.4689843 3.1062184 3.3205984 3.3508017 3.2907708 3.9700582 3.0680475 3.6912091 3.2837902 3.8972285 3.7930488 3.5708912 3.2636214 3.4515636 2.0276905 0.0000000 6.2189039 4.1058038 3.2030564 3.6740704 3.8470210 3.7944988 3.0168962 5.8320529 5.1530796 4.4306104 5.2659548 5.7359963 4.0140814 4.4011162 4.4586389 
Tadh_TriadT59980                                   5.1892454 4.1976367 9.0000000 5.4370308 3.1463476 5.1689853 9.0000000 4.8957550 6.1416185 9.0000000 4.0288327 4.8726183 2.6931040 4.7807933 8.9999982 6.1483208 9.0000000 4.0691594 4.6279544 4.3248534 7.2517229 4.7992045 4.5220550 5.2126845 4.5541524 4.3775322 3.5427741 3.9362396 4.0663375 5.0191032 3.8646080 3.9834273 3.8560980 5.2327439 4.0004068 3.6104448 3.7183273 6.0004012 4.5223009 4.9687031 6.2924477 7.8381030 4.1087052 4.6182981 4.1270198 3.7688366 6.5588378 6.2189039 0.0000000 0.0082859 1.0168976 1.3426628 1.3065900 1.3136406 5.4944723 8.9999989 8.9999989 9.0000000 8.1587458 8.9999981 4.4922648 4.4503202 5.6696609 
TrH2_TrispH2_007070-RA                             5.7131027 3.8816883 4.6993568 4.6331123 4.3610495 4.8092424 5.2281925 4.2521808 4.7869294 4.9770721 4.1662274 4.6028455 4.1491298 4.1362489 4.7151054 3.7135145 4.9292541 3.4312576 3.3744420 3.3649115 3.9906557 4.0103789 3.8434543 3.6697973 4.1501064 3.4969498 3.1750803 3.9235877 3.5602102 3.5895223 3.3866543 3.4838713 3.1303981 3.2647988 3.2117686 3.5112744 3.4018820 3.5838455 3.0574259 3.3804760 2.9628096 3.5817525 2.9081528 3.3506736 3.2828844 3.2001831 4.1124504 4.1058038 0.0082859 0.0000000 0.0259719 0.7997001 0.7837660 0.7482023 3.9841541 4.9498992 4.5350040 4.0531644 4.8216947 5.0105820 3.6744664 3.8077380 4.7029518 
Tadh_TriadT59981                                   6.9386059 6.9367401 4.8189598 5.0585127 5.3030340 5.3030340 5.4104871 4.1519294 4.9587756 5.0991468 4.9457606 5.1459506 5.3280744 4.6114827 5.0169773 2.7128018 4.9841188 3.1387917 3.1590289 3.3241344 3.0561191 3.6404884 2.9721646 3.0155491 3.6674497 3.0905499 3.0063422 3.6959820 3.2129875 3.0039726 3.1669000 3.0554264 2.7115556 2.7483173 2.9430772 3.3683093 3.3683093 2.4684605 2.4056668 2.5676573 2.4502458 2.7538747 2.3967356 2.7683017 2.9237300 2.7847650 3.1556791 3.2030564 1.0168976 0.0259719 0.0000000 0.6036737 0.6138508 0.5822783 3.2236218 3.4069505 3.1357658 3.6130697 3.7040105 3.5928734 3.9311287 3.4781791 2.1910155 
HoiH04_mRNA2093                                    4.6808252 3.7674878 4.7940062 4.6089214 4.1956752 4.5976641 5.0895386 3.7961773 4.8883194 4.9616132 4.2333402 4.4473917 4.2519625 4.3465391 4.6623046 3.4222473 5.2918510 3.2709488 3.2345628 3.3474886 3.5874830 4.1249173 3.2319057 3.1875115 3.5540573 3.1050022 3.1244573 3.5523447 3.1545960 2.9569521 3.2095438 3.4236589 3.3205998 2.9473679 3.1219385 3.3510230 3.2091078 3.7907916 2.9937479 3.1873509 3.1027012 3.5210223 2.9208228 3.1023254 3.1861483 3.0110174 3.5865311 3.6740704 1.3426628 0.7997001 0.6036737 0.0000000 0.2771630 0.2842147 3.7560412 4.8626939 4.3953444 4.2131740 4.8980135 5.1496841 3.6041924 3.6767518 3.6182044 
HoiH23_PlH23_006730-RA                             4.3638140 3.8618505 4.9061643 4.7666592 4.1002901 4.6207847 5.1370124 3.6503145 4.7921914 5.1158335 4.2099901 4.5795495 4.2173418 4.5005093 4.7575507 3.4209184 5.2834200 3.1832759 3.3800424 3.3987468 3.6030895 4.1083608 3.4289717 3.3863757 3.6498968 3.0168398 3.0238815 3.7115435 3.2003311 3.1530620 3.3747979 3.5191562 3.3668153 2.8329119 2.8550965 3.1457005 3.0396565 3.8024242 3.1010966 3.1624310 3.1509012 3.5932350 2.8531247 2.8350585 3.2574387 2.8305822 3.8773267 3.8470210 1.3065900 0.7837660 0.6138508 0.2771630 0.0000000 0.1157780 3.8145973 4.5910360 4.1912931 4.1863404 4.8157736 4.9202681 3.6381033 3.8535159 3.9823571 
HoiH06_mRNA11489                                   4.1934352 3.5635783 4.8383168 4.6956267 4.1355763 4.3836837 5.0711176 3.3307250 4.8268890 5.0802167 4.3327874 4.4515573 4.1221177 4.6228971 4.7170633 3.5376635 5.3869231 3.3028280 3.2842655 3.3081510 3.4459653 4.0237658 3.5836204 3.4155917 3.6108410 3.0666524 3.0415890 3.7657537 3.2261477 3.1192485 3.4753787 3.5981383 3.4780715 2.7837309 3.0393427 3.1978719 3.0784575 3.7596227 3.1638512 3.3425116 3.0411801 3.5114999 3.0452143 2.8838268 3.1507623 2.9102919 3.8947436 3.7944988 1.3136406 0.7482023 0.5822783 0.2842147 0.1157780 0.0000000 3.8799341 4.5135437 4.1389028 4.2281336 4.9842341 4.8419919 3.3581050 4.0526853 4.1716812 
Morvir_scaffold26.g82.t1                           4.1777872 4.0817908 3.6521153 4.5917686 3.8383670 4.2697922 3.9368541 4.2636913 4.6049501 3.8726944 4.1899939 4.4062268 4.1287948 4.3342162 4.1806506 3.3650071 3.9426054 3.4166724 3.0014046 2.9015727 3.5931773 3.6031274 3.0030565 2.5652134 2.8139535 3.0625468 3.2323651 3.8829019 3.2432129 3.2707956 3.2418785 3.6998001 3.5825541 3.5536382 3.1582717 3.3898604 3.3444102 3.8962028 3.8170338 3.8833533 3.3153829 3.4785190 3.6299629 3.7785269 3.4866300 3.4266269 2.7747866 3.0168962 5.4944723 3.9841541 3.2236218 3.7560412 3.8145973 3.8799341 0.0000000 4.9413317 4.5988484 4.3111126 4.8613680 5.3755754 3.2926596 4.0322746 4.2472506 
Lcom_lcpid62354                                    6.5787842 7.1521145 5.0031818 5.5260743 5.2150740 5.6143022 5.0970564 5.3555325 5.7146588 4.8107801 5.1759479 5.5987106 5.7810835 5.5621735 4.7136286 4.6999305 3.3135823 4.3048629 4.2932111 4.2992812 4.9699868 4.9923825 4.3967199 4.3542949 4.2939464 4.1790478 3.9660060 4.9137127 4.2304617 4.1213607 4.2400191 4.4428248 4.2913648 4.7056356 4.2048702 4.5318813 4.4851685 4.9315195 4.7192547 4.4019245 4.0955177 3.6392746 5.3204077 4.4285420 4.2396990 4.2119647 4.5039900 5.8320529 8.9999989 4.9498992 3.4069505 4.8626939 4.5910360 4.5135437 4.9413317 0.0000000 0.0231768 1.1257545 1.5070619 1.2811417 1.9423660 4.2276603 5.4415167 
Lcom_lcpid48271                                    6.8048067 7.2254219 4.4052164 5.1071713 4.9200517 5.2901215 4.7249905 5.3555325 5.4449193 4.5296911 5.0107605 5.2531910 5.3880576 5.2076984 4.4106707 4.0721991 3.4129441 3.9472507 3.9472146 3.8320975 4.4192265 4.4744679 4.3967199 3.8193823 4.2506538 3.8245634 3.6639098 4.3850624 3.8746751 3.8092274 3.8816033 4.0886066 4.0357364 4.0470145 3.6643800 4.0546800 4.0165930 4.4544757 4.1593068 3.8526865 3.5344917 3.3005140 4.5984964 3.9177338 3.7265400 3.6618585 4.1215064 5.1530796 8.9999989 4.5350040 3.1357658 4.3953444 4.1912931 4.1389028 4.5988484 0.0231768 0.0000000 0.9547401 1.3375701 1.1537255 2.0820446 4.0409751 5.4415167 
Gracom_Gcom_scaffold18115_01                       8.2063107 8.0952095 4.4154096 4.3886379 4.5980392 4.6123313 4.5512300 4.0033690 4.6803367 4.5409300 5.2076331 4.9527714 4.6757886 4.5987985 4.1666565 3.3718000 4.0708933 3.4926356 3.1008444 3.3435462 4.2571353 3.4517135 3.6470180 3.4911189 3.7090171 3.3390407 3.4778174 4.2204164 3.3533221 3.4322871 3.2836888 3.3586318 3.2791617 3.5450436 3.4235411 3.8494324 3.7136413 3.5845162 3.3987324 3.2548964 3.3387714 3.2731392 4.1183921 3.2055635 3.3530717 3.3913386 4.0030959 4.4306104 9.0000000 4.0531644 3.6130697 4.2131740 4.1863404 4.2281336 4.3111126 1.1257545 0.9547401 0.0000000 0.3774677 0.5455779 2.5648439 3.5748546 2.3965866 
