62
Lcom_lcpid49057                                     0.0000000 0.4143117 1.4744940 1.3591117 1.2548648 1.7090691 1.9868700 2.0000746 2.1350339 1.9427706 2.0562547 2.1751005 2.1107231 1.9043595 1.8451657 1.9989491 2.1068346 2.1001782 2.0487137 2.0184053 2.2860112 2.1411332 2.1119842 2.2546295 2.4562012 2.0423675 2.0558526 1.9100439 2.1142533 2.1485792 2.2340620 2.1983476 2.0122140 2.0277310 1.8628084 2.1710676 1.9016918 2.3111585 2.4044851 2.3910102 2.4669614 2.5589912 2.5126399 2.3767103 2.6081649 2.5511159 2.0587093 2.0680590 2.1211461 2.0993686 2.2781717 2.2209829 2.1616935 1.9756369 2.0905522 2.0298600 2.0420425 2.0114048 2.0729263 1.7195676 2.2209391 1.7940306 
Lcom_lcpid224950                                    0.4143117 0.0000000 1.1651577 1.1651577 1.1655204 1.2850772 1.7628840 1.5740125 1.5740125 1.9951627 1.8798912 1.9302981 1.8750725 1.9879184 1.8141055 1.7491441 2.0182659 2.0387141 1.9492066 1.8795776 1.9730194 2.0426293 1.6610885 1.8043093 1.8572776 1.7704404 1.5770390 1.7966310 1.7023610 0.0000010 2.0930117 1.9558380 1.8929774 1.6589294 1.6131228 1.7276723 1.3010092 2.0551469 2.0410932 2.0067929 2.0563128 2.1784855 2.2068773 2.2521801 2.4426350 1.8800084 1.6697223 1.6697223 1.7109730 1.7898344 1.7704905 1.7704905 1.8541992 1.7055685 2.2546348 1.9721315 2.1646007 1.9013236 1.9902746 1.3699751 1.8894774 1.5118240 
Leuniv_Lniv_scaffold11625_01                        1.4744940 1.1651577 0.0000000 0.0000010 0.8882073 1.3030624 2.1072303 2.0085545 1.9805311 1.9693343 2.1313210 2.0944874 2.2692439 1.8303430 1.8751363 2.3110856 2.3492816 2.3210696 2.1966698 2.2006776 2.2335792 2.1625742 2.1119184 2.3900100 2.8343489 2.2520360 2.2905724 2.0468266 2.1765948 2.8660682 2.4619008 2.3627184 2.4285776 2.0605432 2.1948049 2.1644909 1.5682372 2.5645362 2.2131606 2.3043498 2.3386356 2.4943134 2.4164500 2.5901646 2.3930341 2.2307448 2.0440717 2.0251948 2.0295106 2.1490151 2.2207144 1.9831847 2.2207085 2.2134585 1.6981855 2.0325643 1.9714284 1.8090241 1.6617014 1.3339051 2.5196218 1.9598959 
Leuniv_Lniv_scaffold11626_01                        1.3591117 1.1651577 0.0000010 0.0000000 0.8331295 1.3030624 1.9547806 1.8887775 1.8550179 1.8630939 2.0191331 1.9876529 2.1712546 1.7278984 1.7466561 2.1375244 2.2412414 2.2052803 2.0900089 2.0933533 2.1056473 2.0533599 1.9633785 2.2028388 2.5900518 2.1682484 2.1963783 1.9915008 2.0352367 2.8660682 2.3167139 2.2545951 2.2930341 2.0605432 2.0503710 2.1644909 1.5682372 2.4484385 2.1092214 2.1938367 2.2422346 2.4204554 2.3058401 2.3972997 2.3941815 2.0318662 1.9098517 1.8955230 1.9229994 2.0274406 2.0613482 1.8281095 2.1037933 2.2134585 1.6981855 1.9497446 1.8988054 1.7016097 1.7292437 1.3339051 2.3966474 1.7736676 
Gracom_Gcom_C556084_01                              1.2548648 1.1655204 0.8882073 0.8331295 0.0000000 1.2364643 1.7888966 1.6588849 1.8068888 1.6220379 1.6706963 1.6802793 1.7000114 1.5429624 1.5682639 1.6807519 1.7666289 1.7429432 1.7413132 1.7351978 1.8753361 1.7428817 1.6269045 1.8255223 2.0334318 1.5980790 1.5867225 1.5529575 1.7927943 1.9532747 1.9169128 1.7947060 1.7187376 1.5724843 1.5086810 1.7353063 1.8448399 2.1893525 2.1973527 2.1910891 2.1798195 2.4060040 2.3411650 2.2003840 2.4324297 2.1311322 1.7791153 1.7594045 1.7888569 1.8292022 1.9124376 1.8376701 1.9295104 2.1135363 1.6626095 1.6757497 1.6562990 1.5882990 1.6134207 1.2711826 1.9421509 1.7124208 
Clacor_Ccor_scaffold4705_01                         1.7090691 1.2850772 1.3030624 1.3030624 1.2364643 0.0000000 1.5574476 1.5601534 1.5423613 1.5066794 1.4834113 1.5776832 1.6009031 1.3278824 1.4343966 1.8591406 1.3253460 1.3432984 1.3152400 1.2896202 1.3837258 1.2885875 1.3655559 1.4007184 1.9367914 1.4672981 1.4932936 1.3130789 1.6936521 1.9507878 1.7117403 1.6319958 1.5889165 1.4321620 1.4319426 1.4552177 1.7595152 2.1272677 1.9865006 1.9214585 2.0475317 1.9842168 1.8157097 1.8604457 1.9351586 1.6983049 1.5502326 1.5790891 1.6078128 1.6028058 1.7006075 1.5588212 1.7200348 1.8911162 1.4958075 1.7688195 1.8024723 1.7155609 1.3128357 1.3637674 1.8414777 1.5751099 
Cgig_XM_034460878.1                                 1.9868700 1.7628840 2.1072303 1.9547806 1.7888966 1.5574476 0.0000000 0.4656753 0.5477745 0.6306330 0.7066832 0.7502487 0.7055018 0.7485462 0.7102436 0.8133404 0.7948526 0.7961279 0.8202486 0.7804713 1.0490901 0.7779971 0.7999748 0.8876749 1.0463745 0.9519156 0.9342903 0.9190789 0.6846532 1.4165210 1.1038918 0.9500837 0.8636915 1.1321465 0.8663108 1.1407419 1.3290631 1.6740858 1.5016474 1.5315072 1.6063646 1.5038131 1.5442911 1.5655947 1.8014362 1.4483035 1.1944313 1.1875588 1.2158340 1.2267079 1.3784345 1.2354870 1.1670458 1.3982872 1.3847690 1.4790276 1.4143717 1.3745574 1.0674685 1.2871861 1.8473988 1.7093518 
Acagra_model.g6113.t1                               2.0000746 1.5740125 2.0085545 1.8887775 1.6588849 1.5601534 0.4656753 0.0000000 0.0202932 0.5361343 0.6474556 0.6574784 0.6062704 0.6935997 0.6434463 0.7467699 0.6959697 0.7128747 0.7266075 0.7177677 1.0089636 0.7016419 0.7237547 0.7887798 0.9010329 0.8843911 0.8561854 0.8580801 0.5828636 1.3776274 1.0886173 1.0322670 0.8386202 1.1388405 0.8346586 1.1438202 1.7761666 1.4691469 1.4437983 1.4819217 1.5592385 1.3749319 1.4943470 1.4601827 1.5404320 1.1737822 1.0734257 1.0682808 1.0778731 1.1186049 1.2192124 1.1076015 1.1990821 1.6504549 1.2900558 1.4130526 1.2795971 1.2953180 1.0254006 1.6318290 1.9218706 1.8003865 
Acagra_model.g6113.t1.1.5d3b84ab                    2.1350339 1.5740125 1.9805311 1.8550179 1.8068888 1.5423613 0.5477745 0.0202932 0.0000000 0.7283715 0.8692413 0.8478305 0.7559947 0.7875267 0.8179505 1.0260916 0.8938829 0.9283365 0.9292891 0.9019182 0.9002674 0.8602079 0.8626629 1.0084385 1.3011460 1.0492953 1.0233310 1.0284079 0.6281153 1.2654427 1.4023039 1.2433803 1.1213276 1.1388405 1.0956768 1.1438202 1.7761666 1.6314330 1.6528087 1.6863581 1.7083153 1.4799371 1.5716078 1.5277472 1.5497583 1.1806644 1.1289498 1.1198579 1.1416716 1.1742515 1.2744826 1.1188920 1.4541880 1.6504549 1.2900558 1.5591432 1.3229614 1.3520968 1.0430547 1.6318290 1.9162414 1.8143596 
Bralan_BLAG12000838_1                               1.9427706 1.9951627 1.9693343 1.8630939 1.6220379 1.5066794 0.6306330 0.5361343 0.7283715 0.0000000 0.5318448 0.6861167 0.6761620 0.6525696 0.5698250 0.8247518 0.6733158 0.6686822 0.6842132 0.6441562 1.0195544 0.6606811 0.7404943 0.8250104 0.9087974 0.8707960 0.8461518 0.8256220 0.7474193 1.0143965 1.2295107 0.9513912 0.8408046 1.1599757 0.8472032 1.2027416 1.3106543 1.6521690 1.4487421 1.4815136 1.5799219 1.5281921 1.5861897 1.6170726 1.7438337 1.4286116 1.1899107 1.1913366 1.2193020 1.2717869 1.3388849 1.2715636 1.1278472 1.6816813 1.3055674 1.3233439 1.2178765 1.2880253 1.0007343 1.4464371 2.0307619 1.6810688 
Spur_XM_031000470.1                                 2.0562547 1.8798912 2.1313210 2.0191331 1.6706963 1.4834113 0.7066832 0.6474556 0.8692413 0.5318448 0.0000000 0.6738174 0.7223033 0.7298768 0.6351750 0.7947768 0.7988331 0.7969440 0.8227732 0.7795946 1.1485227 0.7500271 0.8502494 0.9679025 1.0449485 0.9554247 0.9229733 0.9094217 0.7247839 1.0983049 1.1690867 1.0881250 0.8553160 1.0886941 0.8319146 1.0772895 1.4242854 1.5858627 1.4521848 1.5393050 1.4954269 1.4549552 1.4358888 1.4817522 1.5746745 1.3678393 1.2063414 1.2010252 1.2315563 1.2772877 1.3255550 1.2806693 1.0906091 1.3923449 1.2904408 1.3637842 1.3520401 1.2981536 1.0397353 1.4786505 1.8027268 1.5572638 
Dpul_mRNA26121                                      2.1751005 1.9302981 2.0944874 1.9876529 1.6802793 1.5776832 0.7502487 0.6574784 0.8478305 0.6861167 0.6738174 0.0000000 0.5690217 0.7603048 0.7063058 0.7650990 0.8149876 0.7916483 0.7938308 0.8163757 1.2095558 0.7518875 0.8292923 0.9147299 0.9843766 0.8703626 0.8631818 0.9355381 0.7822099 1.4660805 1.3048973 1.1223808 0.9570627 1.2899829 0.9687874 1.3123845 1.5148311 1.7748682 1.4385893 1.5229132 1.5202945 1.4877664 1.7223399 1.6632431 1.8274830 1.4380169 1.2691176 1.2932395 1.3352660 1.3395612 1.3950502 1.3595550 1.0799250 1.4438143 1.4424343 1.3548651 1.2918431 1.2649602 1.1762791 1.5801858 1.8649386 1.6894687 
Tcas_TC013252_002                                   2.1107231 1.8750725 2.2692439 2.1712546 1.7000114 1.6009031 0.7055018 0.6062704 0.7559947 0.6761620 0.7223033 0.5690217 0.0000000 0.7063441 0.6547330 0.6794642 0.8226914 0.8145075 0.8196029 0.8076415 1.2666327 0.8256095 0.9273035 0.9910927 1.0159084 0.9294208 0.9022457 0.9771201 0.6918830 1.2176918 1.2363281 1.1461953 0.9139619 1.3016616 0.9583561 1.2929052 1.5014508 1.5437404 1.5011155 1.5887675 1.5823267 1.4544281 1.5265762 1.6334635 1.8175961 1.4730260 1.2445087 1.2777485 1.3472011 1.2796666 1.3677858 1.3415492 1.1673266 1.7375123 1.2780172 1.4082209 1.2627596 1.5904124 1.5053669 1.5948075 1.7599878 1.6743371 
Hsap_ENST00000484457                                1.9043595 1.9879184 1.8303430 1.7278984 1.5429624 1.3278824 0.7485462 0.6935997 0.7875267 0.6525696 0.7298768 0.7603048 0.7063441 0.0000000 0.3032384 0.9165824 0.8746806 0.8477475 0.8247839 0.8068500 1.1782988 0.7929601 0.9160010 0.9411115 1.1102485 0.9385957 0.9262277 0.9233212 0.8186398 0.8518200 1.2854848 1.0662235 0.9786076 1.0986031 0.8985494 1.1190565 1.4230870 1.3962668 1.2540247 1.2957994 1.3412967 1.2982648 1.3362469 1.2887910 1.4053962 1.2600214 1.1011883 1.1041407 1.1106270 1.1304745 1.1832561 1.1626254 1.1824334 1.4528896 1.0899386 1.2338581 1.2092023 1.2190114 0.9549689 1.2473182 1.8371306 1.6287893 
Hsap_ENST00000577399                                1.8451657 1.8141055 1.8751363 1.7466561 1.5682639 1.4343966 0.7102436 0.6434463 0.8179505 0.5698250 0.6351750 0.7063058 0.6547330 0.3032384 0.0000000 0.8258582 0.8209046 0.8112945 0.7740538 0.7795978 1.1975454 0.7742048 0.8782571 0.9376505 0.9442656 0.8702393 0.8582810 0.8729949 0.7607262 0.9727951 1.2581506 1.0189015 0.8496629 1.0901406 0.8250879 1.0939366 1.4913148 1.4453960 1.3137913 1.3687449 1.4199454 1.4172042 1.3206493 1.2389746 1.3713703 1.2411658 1.0667122 1.0781121 1.1109680 1.1206031 1.1773089 1.1246560 1.1610868 1.4047379 1.2540714 1.2934411 1.2556572 1.2663072 1.0124352 1.3781396 1.8491080 1.5653568 
Cscu_XM_023378660.1                                 1.9989491 1.7491441 2.3110856 2.1375244 1.6807519 1.8591406 0.8133404 0.7467699 1.0260916 0.8247518 0.7947768 0.7650990 0.6794642 0.9165824 0.8258582 0.0000000 0.8427489 0.8738932 0.8587549 0.8669128 1.3880319 0.8228627 0.9445199 0.9046677 0.8764390 1.0360293 0.9636289 1.0015485 0.9036509 0.9507498 1.3992643 1.1503017 1.0104240 1.4168871 0.9624376 1.4089585 1.3723114 1.7487563 1.4781575 1.5356500 1.6317155 1.6864121 1.7441295 1.9805374 2.4631633 1.8809967 1.4319042 1.4320852 1.4395340 1.4645759 1.5568120 1.4819604 1.1544422 1.8355175 1.6107721 1.5617632 1.4838892 1.6087035 1.3275150 1.2386319 2.0929821 2.0782735 
Fspp_ffun1.m4.6922.m1                               2.1068346 2.0182659 2.3492816 2.2412414 1.7666289 1.3253460 0.7948526 0.6959697 0.8938829 0.6733158 0.7988331 0.8149876 0.8226914 0.8746806 0.8209046 0.8427489 0.0000000 0.0566428 0.0625707 0.0670003 0.2901433 0.3001318 0.4086840 0.2499225 0.3645699 0.6730480 0.6568669 0.6437192 0.9306141 0.9174462 1.0526985 0.9554388 0.7636875 1.0298057 0.7602919 1.1107353 1.3704240 1.7293325 1.4943591 1.4898466 1.5506774 1.4753116 1.5207326 1.3837263 1.5171008 1.3964130 1.2248778 1.2357230 1.2560292 1.2701595 1.4651919 1.3147589 1.2055598 1.5544935 1.3670042 1.4477595 1.3415593 1.4502531 1.2545805 1.6608419 2.1156651 1.9754234 
Gasp_gasp1.m3.13418.m1                              2.1001782 2.0387141 2.3210696 2.2052803 1.7429432 1.3432984 0.7961279 0.7128747 0.9283365 0.6686822 0.7969440 0.7916483 0.8145075 0.8477475 0.8112945 0.8738932 0.0566428 0.0000000 0.0660984 0.0844202 0.3089048 0.2971898 0.4311466 0.2516323 0.3906878 0.6732097 0.6612000 0.6106934 0.9209604 1.1167330 1.0242434 0.9764138 0.7816760 1.0175306 0.7594561 1.1034210 1.4497735 1.7650543 1.5364474 1.5289933 1.5820264 1.5047067 1.5579359 1.4090672 1.5388055 1.4419816 1.2410448 1.2516168 1.2855891 1.2981912 1.5033847 1.3461693 1.2105725 1.4783851 1.3342247 1.4474632 1.3342787 1.4806656 1.3185275 1.7408860 2.1377259 1.9915959 
Spis_XP_022795129_1                                 2.0487137 1.9492066 2.1966698 2.0900089 1.7413132 1.3152400 0.8202486 0.7266075 0.9292891 0.6842132 0.8227732 0.7938308 0.8196029 0.8247839 0.7740538 0.8587549 0.0625707 0.0660984 0.0000000 0.0543171 0.3260344 0.3156656 0.4494436 0.2828852 0.3761076 0.6657723 0.6533486 0.6441382 0.9427887 0.8906370 1.0461248 0.9432620 0.7848063 1.1030893 0.8009578 1.1825844 1.3122513 1.7382423 1.5204044 1.5379213 1.5759015 1.4970719 1.5651443 1.4147410 1.5455152 1.4370317 1.2453125 1.2557947 1.2942533 1.3096590 1.5267489 1.3689468 1.1907629 1.5002402 1.2738209 1.4468933 1.3432332 1.4679741 1.2552736 1.6816401 2.1891554 1.9614614 
Pocdam_XM_027191365.1                               2.0184053 1.8795776 2.2006776 2.0933533 1.7351978 1.2896202 0.7804713 0.7177677 0.9019182 0.6441562 0.7795946 0.8163757 0.8076415 0.8068500 0.7795978 0.8669128 0.0670003 0.0844202 0.0543171 0.0000000 0.3062467 0.3150887 0.4445383 0.2754390 0.3814331 0.6725890 0.6619444 0.6474218 0.9228446 0.8906370 1.0194772 0.9396066 0.7741093 1.0493445 0.7729946 1.1369649 1.3122513 1.6886298 1.4684517 1.4744950 1.5306980 1.4796153 1.5259970 1.4017584 1.5384835 1.3649410 1.1774867 1.1891260 1.2198632 1.2470809 1.4155346 1.2654588 1.1869328 1.4426943 1.2820266 1.4415931 1.3010562 1.4042120 1.2461792 1.6816401 2.1353218 1.8978631 
Gfas_gfas1.m1.6396.m1                               2.2860112 1.9730194 2.2335792 2.1056473 1.8753361 1.3837258 1.0490901 1.0089636 0.9002674 1.0195544 1.1485227 1.2095558 1.2666327 1.1782988 1.1975454 1.3880319 0.2901433 0.3089048 0.3260344 0.3062467 0.0000000 0.5448765 0.5800224 0.3098510 0.6461090 0.9013628 0.8882013 0.7956091 1.1901626 0.9341914 1.2692623 1.1839603 1.0649624 0.9766852 0.9962668 1.1444908 1.6972081 2.0959139 1.8926075 1.7879011 1.8266368 1.8346857 1.8267997 1.5665796 1.6825207 1.3860119 1.3378803 1.3492616 1.3898691 1.4105898 1.5933009 1.3958939 1.4678796 1.3993235 1.4837192 1.8380820 1.6527629 1.5571610 1.3862880 1.6137241 2.3442456 1.9689063 
Nvec_v1g240237                                      2.1411332 2.0426293 2.1625742 2.0533599 1.7428817 1.2885875 0.7779971 0.7016419 0.8602079 0.6606811 0.7500271 0.7518875 0.8256095 0.7929601 0.7742048 0.8228627 0.3001318 0.2971898 0.3156656 0.3150887 0.5448765 0.0000000 0.3039675 0.4511118 0.5489958 0.7152652 0.7155031 0.6589177 0.8962263 1.1975310 1.0877384 1.0198019 0.8148184 0.9696875 0.7479696 1.1281479 1.6186532 1.6419355 1.5097469 1.4664981 1.5063515 1.5408557 1.6639740 1.4918889 1.6428344 1.2551934 1.1111000 1.1116477 1.1407163 1.1699168 1.3676455 1.1930526 1.2110788 1.4166536 1.2734940 1.4489722 1.3193477 1.3480562 1.1826774 1.6676683 2.1467549 2.0429134 
Exapal_XM_021043028.2                               2.1119842 1.6610885 2.1119184 1.9633785 1.6269045 1.3655559 0.7999748 0.7237547 0.8626629 0.7404943 0.8502494 0.8292923 0.9273035 0.9160010 0.8782571 0.9445199 0.4086840 0.4311466 0.4494436 0.4445383 0.5800224 0.3039675 0.0000000 0.5445144 0.6244999 0.7665652 0.7590250 0.7540005 1.0172614 1.0308557 1.0695599 1.0460401 0.8157359 0.9186888 0.8186156 1.0539492 1.3199914 1.6645126 1.5570879 1.5405193 1.6692580 1.5232634 1.5704134 1.4529864 1.6553587 1.3485854 1.1129599 1.1134570 1.1359086 1.1463651 1.3137728 1.1550036 1.2699981 1.3724934 1.2779553 1.4751592 1.2410010 1.3417324 1.1198418 1.6113488 2.0354489 1.9310370 
Amil_Amillepora12221-RA                             2.2546295 1.8043093 2.3900100 2.2028388 1.8255223 1.4007184 0.8876749 0.7887798 1.0084385 0.8250104 0.9679025 0.9147299 0.9910927 0.9411115 0.9376505 0.9046677 0.2499225 0.2516323 0.2828852 0.2754390 0.3098510 0.4511118 0.5445144 0.0000000 0.2739901 0.8312512 0.8313271 0.8209996 1.0448063 1.8551083 1.0946143 1.0132253 0.8871349 1.3344366 0.9350335 1.3582894 2.2089312 1.7347445 1.5208866 1.5477988 1.5815932 1.5023299 1.6286626 1.3823472 1.5475823 1.5326204 1.3221408 1.3614616 1.3421037 1.3387276 1.6397745 1.4113923 1.3692550 1.3437198 1.6104041 1.7465855 1.4582375 1.5781495 1.6651392 2.0877332 2.2524598 2.0542358 
Adig_XM_015905888.1                                 2.4562012 1.8572776 2.8343489 2.5900518 2.0334318 1.9367914 1.0463745 0.9010329 1.3011460 0.9087974 1.0449485 0.9843766 1.0159084 1.1102485 0.9442656 0.8764390 0.3645699 0.3906878 0.3761076 0.3814331 0.6461090 0.5489958 0.6244999 0.2739901 0.0000000 1.0113074 0.9887145 0.9452824 1.2227929 1.1140741 1.2830637 1.1179533 1.0077882 1.8548193 1.0400326 2.1176976 2.1002231 1.9774044 1.9573821 2.0007769 2.1383045 1.8786726 2.0014671 2.0906954 2.6569000 1.9747504 1.4995809 1.5070940 1.5116371 1.5442236 1.8057651 1.5827807 1.4075883 1.4772951 1.9264039 2.0061081 1.6981084 2.0130974 1.6059111 1.6072645 2.7105152 2.3134446 
Dgig_XM_028555731.1                                 2.0423675 1.7704404 2.2520360 2.1682484 1.5980790 1.4672981 0.9519156 0.8843911 1.0492953 0.8707960 0.9554247 0.8703626 0.9294208 0.9385957 0.8702393 1.0360293 0.6730480 0.6732097 0.6657723 0.6725890 0.9013628 0.7152652 0.7665652 0.8312512 1.0113074 0.0000000 0.0026326 0.2256103 0.9720838 1.4041598 1.1463075 1.0711400 0.9358450 1.0978123 0.8853450 1.1685004 1.3400603 1.5923519 1.5282260 1.4910700 1.5676742 1.6197609 1.5998929 1.4631215 1.6502912 1.4062560 1.1922167 1.1960170 1.2027444 1.2122118 1.4276732 1.2731137 1.3333542 1.4797787 1.3670690 1.5082870 1.4043405 1.4166854 1.2306940 1.7939985 1.9972365 1.8724226 
Dgig_XM_028559998.1                                 2.0558526 1.5770390 2.2905724 2.1963783 1.5867225 1.4932936 0.9342903 0.8561854 1.0233310 0.8461518 0.9229733 0.8631818 0.9022457 0.9262277 0.8582810 0.9636289 0.6568669 0.6612000 0.6533486 0.6619444 0.8882013 0.7155031 0.7590250 0.8313271 0.9887145 0.0026326 0.0000000 0.2234600 0.8815386 1.4041598 1.0863811 1.0461460 0.8934739 1.0680101 0.8589493 1.1454454 1.3400603 1.5546389 1.4938655 1.4667518 1.5321255 1.5794491 1.5455411 1.3681947 1.5646421 1.4160130 1.1890134 1.1932129 1.2058178 1.2225418 1.4383481 1.2699673 1.3423022 1.5599745 1.4291243 1.5218943 1.3846013 1.3908605 1.2681142 1.7939985 2.0507222 1.9031805 
Xesp_001296-T1                                      1.9100439 1.7966310 2.0468266 1.9915008 1.5529575 1.3130789 0.9190789 0.8580801 1.0284079 0.8256220 0.9094217 0.9355381 0.9771201 0.9233212 0.8729949 1.0015485 0.6437192 0.6106934 0.6441382 0.6474218 0.7956091 0.6589177 0.7540005 0.8209996 0.9452824 0.2256103 0.2234600 0.0000000 0.9963909 1.1767392 1.1729138 1.0541745 0.8973241 0.9764857 0.8487162 1.2011922 1.4205055 1.5304392 1.5234540 1.4738484 1.5149470 1.5441387 1.5629618 1.3809358 1.5334950 1.4995358 1.3152803 1.3054716 1.3628557 1.3912637 1.5448054 1.3638522 1.2918911 1.3028843 1.2607363 1.4853748 1.4063263 1.3722765 1.1431908 1.7563595 1.9860663 1.8400363 
Ctel_gnl_WGS_AMQN_CAPTEDRAFT_mRNA191279             2.1142533 1.7023610 2.1765948 2.0352367 1.7927943 1.6936521 0.6846532 0.5828636 0.6281153 0.7474193 0.7247839 0.7822099 0.6918830 0.8186398 0.7607262 0.9036509 0.9306141 0.9209604 0.9427887 0.9228446 1.1901626 0.8962263 1.0172614 1.0448063 1.2227929 0.9720838 0.8815386 0.9963909 0.0000000 1.4922659 1.1693551 1.2064323 1.0436736 1.4134782 1.0539805 1.3086110 1.5004914 1.7200039 1.6870643 1.7181806 1.7057866 1.5761272 1.6556590 1.6135810 1.7823929 1.3768195 1.2725576 1.3174431 1.3370342 1.3238281 1.3923344 1.2838212 1.4053589 1.9615704 1.3330390 1.4455847 1.4060343 1.2818663 1.4053886 2.0461965 2.0763891 1.8037758 
Hvul_g14619_1                                       2.1485792 0.0000010 2.8660682 2.8660682 1.9532747 1.9507878 1.4165210 1.3776274 1.2654427 1.0143965 1.0983049 1.4660805 1.2176918 0.8518200 0.9727951 0.9507498 0.9174462 1.1167330 0.8906370 0.8906370 0.9341914 1.1975310 1.0308557 1.8551083 1.1140741 1.4041598 1.4041598 1.1767392 1.4922659 0.0000000 2.1817376 1.0905759 0.6110726 0.6081619 0.6672981 0.8340728 1.9963066 2.3776866 3.0942084 2.5818626 3.4664527 2.3262636 2.3381928 0.0000010 0.0000010 1.7594102 1.7727864 1.8449864 1.8449864 1.6775754 2.4811813 1.8239672 1.7567705 0.0000010 2.1180880 2.6598285 1.3610351 2.2382807 1.8351619 1.9395075 2.4578602 2.4058784 
Hvul_g14626_1                                       2.2340620 2.0930117 2.4619008 2.3167139 1.9169128 1.7117403 1.1038918 1.0886173 1.4023039 1.2295107 1.1690867 1.3048973 1.2363281 1.2854848 1.2581506 1.3992643 1.0526985 1.0242434 1.0461248 1.0194772 1.2692623 1.0877384 1.0695599 1.0946143 1.2830637 1.1463075 1.0863811 1.1729138 1.1693551 2.1817376 0.0000000 0.6641446 0.6934480 0.8711179 0.6781340 0.8407775 1.8858015 1.8491631 1.7689100 1.7904071 1.9285118 1.7670807 1.8151375 1.9177067 2.0973884 1.5970600 1.4893224 1.4893224 1.5245835 1.5633176 1.4701818 1.4910992 1.3890780 1.4461121 1.4794678 1.6289116 1.5693341 1.6737028 1.7949254 2.6119182 2.2669048 2.4292267 
Chem_TCONS_00066942                                 2.1983476 1.9558380 2.3627184 2.2545951 1.7947060 1.6319958 0.9500837 1.0322670 1.2433803 0.9513912 1.0881250 1.1223808 1.1461953 1.0662235 1.0189015 1.1503017 0.9554388 0.9764138 0.9432620 0.9396066 1.1839603 1.0198019 1.0460401 1.0132253 1.1179533 1.0711400 1.0461460 1.0541745 1.2064323 1.0905759 0.6641446 0.0000000 0.6079795 0.7689706 0.6068712 0.7524158 1.2093303 1.7599917 1.7674860 1.7305630 1.8835968 1.8853391 1.8186536 1.8855148 2.2257364 1.7528564 1.5433637 1.5577645 1.5393608 1.5639751 1.6778975 1.5516649 1.2835048 1.5139829 1.4446703 1.6338921 1.3648297 1.5546331 1.3156508 2.2373606 2.2529363 2.1685603 
Morvir_scaffold39.g92.t1                            2.0122140 1.8929774 2.4285776 2.2930341 1.7187376 1.5889165 0.8636915 0.8386202 1.1213276 0.8408046 0.8553160 0.9570627 0.9139619 0.9786076 0.8496629 1.0104240 0.7636875 0.7816760 0.7848063 0.7741093 1.0649624 0.8148184 0.8157359 0.8871349 1.0077882 0.9358450 0.8934739 0.8973241 1.0436736 0.6110726 0.6934480 0.6079795 0.0000000 0.3116147 0.2369404 0.4135644 1.7283848 1.6680129 1.7253957 1.6145033 1.7570524 1.7381409 1.7828669 1.7590881 2.0142001 1.4804194 1.2711706 1.2819472 1.3077903 1.3190836 1.4069703 1.3207732 1.2509045 1.5033589 1.4067549 1.5727322 1.3703887 1.4615778 1.3335212 2.0110788 2.1932353 2.1858550 
Nemnom_g13055.t1                                    2.0277310 1.6589294 2.0605432 2.0605432 1.5724843 1.4321620 1.1321465 1.1388405 1.1388405 1.1599757 1.0886941 1.2899829 1.3016616 1.0986031 1.0901406 1.4168871 1.0298057 1.0175306 1.1030893 1.0493445 0.9766852 0.9696875 0.9186888 1.3344366 1.8548193 1.0978123 1.0680101 0.9764857 1.4134782 0.6081619 0.8711179 0.7689706 0.3116147 0.0000000 0.0511104 0.2370846 1.6319935 1.8274575 2.0536209 1.8697642 2.0048134 2.0132536 1.9774807 1.8841772 1.8841772 1.6714833 1.4309045 1.4322268 1.4554366 1.4392708 1.6280650 1.4501391 1.5933545 1.5190870 1.3662267 1.6024375 1.3327306 1.5327687 1.2533786 2.0437005 2.2363256 2.1896437 
Rhoesc_Res_005673-T1                                1.8628084 1.6131228 2.1948049 2.0503710 1.5086810 1.4319426 0.8663108 0.8346586 1.0956768 0.8472032 0.8319146 0.9687874 0.9583561 0.8985494 0.8250879 0.9624376 0.7602919 0.7594561 0.8009578 0.7729946 0.9962668 0.7479696 0.8186156 0.9350335 1.0400326 0.8853450 0.8589493 0.8487162 1.0539805 0.6672981 0.6781340 0.6068712 0.2369404 0.0511104 0.0000000 0.2246961 1.6101961 1.5786665 1.6441257 1.5860719 1.7441742 1.6950916 1.7747819 1.7847983 2.0716144 1.5420901 1.3056868 1.3086798 1.3433627 1.3508563 1.4438106 1.3371019 1.2111458 1.4715190 1.3730517 1.4280108 1.3018720 1.3945027 1.2259702 2.0211897 2.0784911 2.0739230 
Aaur_scaffold735.g6.t2                              2.1710676 1.7276723 2.1644909 2.1644909 1.7353063 1.4552177 1.1407419 1.1438202 1.1438202 1.2027416 1.0772895 1.3123845 1.2929052 1.1190565 1.0939366 1.4089585 1.1107353 1.1034210 1.1825844 1.1369649 1.1444908 1.1281479 1.0539492 1.3582894 2.1176976 1.1685004 1.1454454 1.2011922 1.3086110 0.8340728 0.8407775 0.7524158 0.4135644 0.2370846 0.2246961 0.0000000 1.6879651 1.8634827 2.1145418 1.9397383 2.0738156 2.0817163 1.9935627 1.9728864 1.9871758 1.6433639 1.4002617 1.3945627 1.4148925 1.4385805 1.5940625 1.3936941 1.6317461 1.5075731 1.3687791 1.6485924 1.4437903 1.6631886 1.4338224 2.3201710 2.1937541 2.3836923 
Pbac_sb2654033                                      1.9016918 1.3010092 1.5682372 1.5682372 1.8448399 1.7595152 1.3290631 1.7761666 1.7761666 1.3106543 1.4242854 1.5148311 1.5014508 1.4230870 1.4913148 1.3723114 1.3704240 1.4497735 1.3122513 1.3122513 1.6972081 1.6186532 1.3199914 2.2089312 2.1002231 1.3400603 1.3400603 1.4205055 1.5004914 1.9963066 1.8858015 1.2093303 1.7283848 1.6319935 1.6101961 1.6879651 0.0000000 0.1095272 0.4637321 0.4098512 0.5377578 0.7725897 0.7883527 0.3848338 0.3848338 3.3311054 1.5646440 1.6216217 1.6216217 1.6627953 1.6959045 1.6130519 1.8012040 0.0000010 1.5542649 1.3000202 1.0216949 1.2719666 1.7513093 1.4642456 2.0365918 1.5703119 
Horcal_Hcv1.av93.c2.g517.i1                         2.3111585 2.0551469 2.5645362 2.4484385 2.1893525 2.1272677 1.6740858 1.4691469 1.6314330 1.6521690 1.5858627 1.7748682 1.5437404 1.3962668 1.4453960 1.7487563 1.7293325 1.7650543 1.7382423 1.6886298 2.0959139 1.6419355 1.6645126 1.7347445 1.9774044 1.5923519 1.5546389 1.5304392 1.7200039 2.3776866 1.8491631 1.7599917 1.6680129 1.8274575 1.5786665 1.8634827 0.1095272 0.0000000 0.4807751 0.5408003 0.5633056 0.7703182 0.8097470 0.7891497 0.9591843 1.9543056 1.7744708 1.7929751 1.8260056 1.8178058 1.8370704 1.7851932 1.8655537 1.9509403 1.7122454 1.7896612 1.5966023 1.6054238 1.5533140 1.8687112 2.2703115 2.1669863 
Mlei_ML0219.g9.i1                                   2.4044851 2.0410932 2.2131606 2.1092214 2.1973527 1.9865006 1.5016474 1.4437983 1.6528087 1.4487421 1.4521848 1.4385893 1.5011155 1.2540247 1.3137913 1.4781575 1.4943591 1.5364474 1.5204044 1.4684517 1.8926075 1.5097469 1.5570879 1.5208866 1.9573821 1.5282260 1.4938655 1.5234540 1.6870643 3.0942084 1.7689100 1.7674860 1.7253957 2.0536209 1.6441257 2.1145418 0.4637321 0.4807751 0.0000000 0.1734768 0.2139832 0.5231291 0.6078079 0.5734417 0.7276061 2.0478568 1.7993954 1.7963204 1.8126788 1.7845387 1.9597539 1.8260175 1.8748561 1.9708144 1.6814702 1.7235652 1.5712250 1.6637199 1.7569985 2.4843323 2.3780852 1.9583488 
Beraby_Baby_sb331950                                2.3910102 2.0067929 2.3043498 2.1938367 2.1910891 1.9214585 1.5315072 1.4819217 1.6863581 1.4815136 1.5393050 1.5229132 1.5887675 1.2957994 1.3687449 1.5356500 1.4898466 1.5289933 1.5379213 1.4744950 1.7879011 1.4664981 1.5405193 1.5477988 2.0007769 1.4910700 1.4667518 1.4738484 1.7181806 2.5818626 1.7904071 1.7305630 1.6145033 1.8697642 1.5860719 1.9397383 0.4098512 0.5408003 0.1734768 0.0000000 0.2505872 0.5361439 0.6069444 0.6074545 0.7672402 2.0545933 1.8216005 1.8316268 1.8401283 1.8156275 1.9817638 1.8876113 1.8221876 2.2520464 1.7014421 1.6901455 1.5791698 1.6302745 1.5390360 2.0240323 2.3776096 2.1023664 
Drygla_Dgla_sb287603                                2.4669614 2.0563128 2.3386356 2.2422346 2.1798195 2.0475317 1.6063646 1.5592385 1.7083153 1.5799219 1.4954269 1.5202945 1.5823267 1.3412967 1.4199454 1.6317155 1.5506774 1.5820264 1.5759015 1.5306980 1.8266368 1.5063515 1.6692580 1.5815932 2.1383045 1.5676742 1.5321255 1.5149470 1.7057866 3.4664527 1.9285118 1.8835968 1.7570524 2.0048134 1.7441742 2.0738156 0.5377578 0.5633056 0.2139832 0.2505872 0.0000000 0.6007068 0.6761356 0.6210285 0.7806527 1.9660460 1.7236234 1.7704920 1.8103802 1.7272954 1.9457144 1.8462882 1.8969833 1.8983698 1.7955128 1.8308346 1.6390996 1.7055250 1.9237888 2.6726818 2.4339048 1.9671067 
Vmul_Simscaffold14714_01                            2.5589912 2.1784855 2.4943134 2.4204554 2.4060040 1.9842168 1.5038131 1.3749319 1.4799371 1.5281921 1.4549552 1.4877664 1.4544281 1.2982648 1.4172042 1.6864121 1.4753116 1.5047067 1.4970719 1.4796153 1.8346857 1.5408557 1.5232634 1.5023299 1.8786726 1.6197609 1.5794491 1.5441387 1.5761272 2.3262636 1.7670807 1.8853391 1.7381409 2.0132536 1.6950916 2.0817163 0.7725897 0.7703182 0.5231291 0.5361439 0.6007068 0.0000000 0.3447364 0.3264575 0.4256807 1.7696860 1.7127535 1.7149897 1.7336613 1.7416470 1.8266034 1.7308917 1.8737866 1.7793261 1.5991021 1.8871465 1.6887042 1.8156978 2.0048063 2.1223971 2.3878234 2.2603856 
Coemet_Cmet_scaffold15397_01                        2.5126399 2.2068773 2.4164500 2.3058401 2.3411650 1.8157097 1.5442911 1.4943470 1.5716078 1.5861897 1.4358888 1.7223399 1.5265762 1.3362469 1.3206493 1.7441295 1.5207326 1.5579359 1.5651443 1.5259970 1.8267997 1.6639740 1.5704134 1.6286626 2.0014671 1.5998929 1.5455411 1.5629618 1.6556590 2.3381928 1.8151375 1.8186536 1.7828669 1.9774807 1.7747819 1.9935627 0.7883527 0.8097470 0.6078079 0.6069444 0.6761356 0.3447364 0.0000000 0.0520822 0.1288641 1.9103543 1.8752551 1.8743340 1.8877066 1.8470534 1.9723655 1.8784976 1.9195916 1.8037963 1.5539776 1.8432706 1.7178857 1.7981053 1.8883017 1.9148229 2.2512475 2.0961032 
Coeast_Cast_sb780123                                2.3767103 2.2521801 2.5901646 2.3972997 2.2003840 1.8604457 1.5655947 1.4601827 1.5277472 1.6170726 1.4817522 1.6632431 1.6334635 1.2887910 1.2389746 1.9805374 1.3837263 1.4090672 1.4147410 1.4017584 1.5665796 1.4918889 1.4529864 1.3823472 2.0906954 1.4631215 1.3681947 1.3809358 1.6135810 0.0000010 1.9177067 1.8855148 1.7590881 1.8841772 1.7847983 1.9728864 0.3848338 0.7891497 0.5734417 0.6074545 0.6210285 0.3264575 0.0520822 0.0000000 0.0506433 1.7845036 1.7712808 1.7712808 1.7703675 1.7620647 1.7636914 1.7578367 1.8262684 1.6746601 1.6013585 1.8439333 1.7953979 1.6893622 1.5413065 0.9038093 2.0114168 1.9002452 
Coeast_Cast_sb780124                                2.6081649 2.4426350 2.3930341 2.3941815 2.4324297 1.9351586 1.8014362 1.5404320 1.5497583 1.7438337 1.5746745 1.8274830 1.8175961 1.4053962 1.3713703 2.4631633 1.5171008 1.5388055 1.5455152 1.5384835 1.6825207 1.6428344 1.6553587 1.5475823 2.6569000 1.6502912 1.5646421 1.5334950 1.7823929 0.0000010 2.0973884 2.2257364 2.0142001 1.8841772 2.0716144 1.9871758 0.3848338 0.9591843 0.7276061 0.7672402 0.7806527 0.4256807 0.1288641 0.0506433 0.0000000 2.0326779 1.9711083 1.9711083 1.9703400 1.9667314 1.9758907 1.9689229 2.0766176 1.6746601 1.6013585 1.9300377 1.8808334 1.7820512 1.5413065 0.9038093 2.3302113 2.1395841 
HoiH11_mRNA9164                                     2.5511159 1.8800084 2.2307448 2.0318662 2.1311322 1.6983049 1.4483035 1.1737822 1.1806644 1.4286116 1.3678393 1.4380169 1.4730260 1.2600214 1.2411658 1.8809967 1.3964130 1.4419816 1.4370317 1.3649410 1.3860119 1.2551934 1.3485854 1.5326204 1.9747504 1.4062560 1.4160130 1.4995358 1.3768195 1.7594102 1.5970600 1.7528564 1.4804194 1.6714833 1.5420901 1.6433639 3.3311054 1.9543056 2.0478568 2.0545933 1.9660460 1.7696860 1.9103543 1.7845036 2.0326779 0.0000000 0.0830861 0.0830861 0.1042611 0.1224826 0.1608370 0.1578374 1.7621155 1.8159551 1.1719543 1.7309781 1.7447346 1.7140919 1.1033566 1.0380417 2.1990116 2.0010118 
HoiH04_mRNA9789                                     2.0587093 1.6697223 2.0440717 1.9098517 1.7791153 1.5502326 1.1944313 1.0734257 1.1289498 1.1899107 1.2063414 1.2691176 1.2445087 1.1011883 1.0667122 1.4319042 1.2248778 1.2410448 1.2453125 1.1774867 1.3378803 1.1111000 1.1129599 1.3221408 1.4995809 1.1922167 1.1890134 1.3152803 1.2725576 1.7727864 1.4893224 1.5433637 1.2711706 1.4309045 1.3056868 1.4002617 1.5646440 1.7744708 1.7993954 1.8216005 1.7236234 1.7127535 1.8752551 1.7712808 1.9711083 0.0830861 0.0000000 0.0000010 0.0344426 0.0515206 0.2062916 0.1689559 1.5244359 1.7136580 1.1987165 1.5496838 1.5286675 1.5923948 0.9783980 1.3929286 2.0064421 1.8000715 
Hhon_g10096.t1                                      2.0680590 1.6697223 2.0251948 1.8955230 1.7594045 1.5790891 1.1875588 1.0682808 1.1198579 1.1913366 1.2010252 1.2932395 1.2777485 1.1041407 1.0781121 1.4320852 1.2357230 1.2516168 1.2557947 1.1891260 1.3492616 1.1116477 1.1134570 1.3614616 1.5070940 1.1960170 1.1932129 1.3054716 1.3174431 1.8449864 1.4893224 1.5577645 1.2819472 1.4322268 1.3086798 1.3945627 1.6216217 1.7929751 1.7963204 1.8316268 1.7704920 1.7149897 1.8743340 1.7712808 1.9711083 0.0830861 0.0000010 0.0000000 0.0334976 0.0515206 0.2237560 0.1668959 1.5635314 1.7136580 1.2750290 1.5679230 1.5571122 1.6265282 1.0349604 1.4107338 2.0173670 1.8008711 
HoiH23_PlH23_005849-RA                              2.1211461 1.7109730 2.0295106 1.9229994 1.7888569 1.6078128 1.2158340 1.0778731 1.1416716 1.2193020 1.2315563 1.3352660 1.3472011 1.1106270 1.1109680 1.4395340 1.2560292 1.2855891 1.2942533 1.2198632 1.3898691 1.1407163 1.1359086 1.3421037 1.5116371 1.2027444 1.2058178 1.3628557 1.3370342 1.8449864 1.5245835 1.5393608 1.3077903 1.4554366 1.3433627 1.4148925 1.6216217 1.8260056 1.8126788 1.8401283 1.8103802 1.7336613 1.8877066 1.7703675 1.9703400 0.1042611 0.0344426 0.0334976 0.0000000 0.0538582 0.2248603 0.1695277 1.6074455 1.7744700 1.3077837 1.6011860 1.5916564 1.6664461 1.0797822 1.4107338 2.0828982 1.8673580 
HoiH06_mRNA10673                                    2.0993686 1.7898344 2.1490151 2.0274406 1.8292022 1.6028058 1.2267079 1.1186049 1.1742515 1.2717869 1.2772877 1.3395612 1.2796666 1.1304745 1.1206031 1.4645759 1.2701595 1.2981912 1.3096590 1.2470809 1.4105898 1.1699168 1.1463651 1.3387276 1.5442236 1.2122118 1.2225418 1.3912637 1.3238281 1.6775754 1.5633176 1.5639751 1.3190836 1.4392708 1.3508563 1.4385805 1.6627953 1.8178058 1.7845387 1.8156275 1.7272954 1.7416470 1.8470534 1.7620647 1.9667314 0.1224826 0.0515206 0.0515206 0.0538582 0.0000000 0.2447316 0.2044307 1.5925203 1.8746044 1.2413836 1.5896895 1.5923220 1.6117176 1.0684479 1.3091197 2.0699901 1.8832209 
Tadh_TriadT50916                                    2.2781717 1.7704905 2.2207144 2.0613482 1.9124376 1.7006075 1.3784345 1.2192124 1.2744826 1.3388849 1.3255550 1.3950502 1.3677858 1.1832561 1.1773089 1.5568120 1.4651919 1.5033847 1.5267489 1.4155346 1.5933009 1.3676455 1.3137728 1.6397745 1.8057651 1.4276732 1.4383481 1.5448054 1.3923344 2.4811813 1.4701818 1.6778975 1.4069703 1.6280650 1.4438106 1.5940625 1.6959045 1.8370704 1.9597539 1.9817638 1.9457144 1.8266034 1.9723655 1.7636914 1.9758907 0.1608370 0.2062916 0.2237560 0.2248603 0.2447316 0.0000000 0.0466677 1.6995266 1.7717273 1.3546559 1.7780475 1.6376489 1.9203074 1.7866518 2.6489176 2.1449674 2.0348660 
TrH2_TrispH2_009673-RA                              2.2209829 1.7704905 1.9831847 1.8281095 1.8376701 1.5588212 1.2354870 1.1076015 1.1188920 1.2715636 1.2806693 1.3595550 1.3415492 1.1626254 1.1246560 1.4819604 1.3147589 1.3461693 1.3689468 1.2654588 1.3958939 1.1930526 1.1550036 1.4113923 1.5827807 1.2731137 1.2699673 1.3638522 1.2838212 1.8239672 1.4910992 1.5516649 1.3207732 1.4501391 1.3371019 1.3936941 1.6130519 1.7851932 1.8260175 1.8876113 1.8462882 1.7308917 1.8784976 1.7578367 1.9689229 0.1578374 0.1689559 0.1668959 0.1695277 0.2044307 0.0466677 0.0000000 1.5409790 1.7717273 1.3093217 1.5792411 1.6228921 1.6686173 1.1679021 1.3224816 2.0270949 1.8729558 
Opea_EP00118_Oscarella_pearsei_P004226              2.1616935 1.8541992 2.2207085 2.1037933 1.9295104 1.7200348 1.1670458 1.1990821 1.4541880 1.1278472 1.0906091 1.0799250 1.1673266 1.1824334 1.1610868 1.1544422 1.2055598 1.2105725 1.1907629 1.1869328 1.4678796 1.2110788 1.2699981 1.3692550 1.4075883 1.3333542 1.3423022 1.2918911 1.4053589 1.7567705 1.3890780 1.2835048 1.2509045 1.5933545 1.2111458 1.6317461 1.8012040 1.8655537 1.8748561 1.8221876 1.8969833 1.8737866 1.9195916 1.8262684 2.0766176 1.7621155 1.5244359 1.5635314 1.6074455 1.5925203 1.6995266 1.5409790 0.0000000 0.0343568 1.6202506 1.6448990 1.3986935 1.6253271 1.3879723 2.4401544 2.1954285 2.3615236 
Ocar_g6150                                          1.9756369 1.7055685 2.2134585 2.2134585 2.1135363 1.8911162 1.3982872 1.6504549 1.6504549 1.6816813 1.3923449 1.4438143 1.7375123 1.4528896 1.4047379 1.8355175 1.5544935 1.4783851 1.5002402 1.4426943 1.3993235 1.4166536 1.3724934 1.3437198 1.4772951 1.4797787 1.5599745 1.3028843 1.9615704 0.0000010 1.4461121 1.5139829 1.5033589 1.5190870 1.4715190 1.5075731 0.0000010 1.9509403 1.9708144 2.2520464 1.8983698 1.7793261 1.8037963 1.6746601 1.6746601 1.8159551 1.7136580 1.7136580 1.7744700 1.8746044 1.7717273 1.7717273 0.0343568 0.0000000 1.7919985 1.8134605 1.7754455 1.7527479 1.1477597 1.6707484 2.5418707 2.3020022 
Spolac_c97407_g2_i1_m.14941c97407-g2                2.0905522 2.2546348 1.6981855 1.6981855 1.6626095 1.4958075 1.3847690 1.2900558 1.2900558 1.3055674 1.2904408 1.4424343 1.2780172 1.0899386 1.2540714 1.6107721 1.3670042 1.3342247 1.2738209 1.2820266 1.4837192 1.2734940 1.2779553 1.6104041 1.9264039 1.3670690 1.4291243 1.2607363 1.3330390 2.1180880 1.4794678 1.4446703 1.4067549 1.3662267 1.3730517 1.3687791 1.5542649 1.7122454 1.6814702 1.7014421 1.7955128 1.5991021 1.5539776 1.6013585 1.6013585 1.1719543 1.1987165 1.2750290 1.3077837 1.2413836 1.3546559 1.3093217 1.6202506 1.7919985 0.0000000 1.2495101 1.0460950 1.0666103 0.9057167 0.8827394 2.2270514 1.9963371 
Aque_Aqu2.1.27278_001                               2.0298600 1.9721315 2.0325643 1.9497446 1.6757497 1.7688195 1.4790276 1.4130526 1.5591432 1.3233439 1.3637842 1.3548651 1.4082209 1.2338581 1.2934411 1.5617632 1.4477595 1.4474632 1.4468933 1.4415931 1.8380820 1.4489722 1.4751592 1.7465855 2.0061081 1.5082870 1.5218943 1.4853748 1.4455847 2.6598285 1.6289116 1.6338921 1.5727322 1.6024375 1.4280108 1.6485924 1.3000202 1.7896612 1.7235652 1.6901455 1.8308346 1.8871465 1.8432706 1.8439333 1.9300377 1.7309781 1.5496838 1.5679230 1.6011860 1.5896895 1.7780475 1.5792411 1.6448990 1.8134605 1.2495101 0.0000000 0.3019071 0.4717848 1.2809921 2.2030476 2.1937506 2.0289916 
Halamb_c43958_g1_i1m.16846                          2.0420425 2.1646007 1.9714284 1.8988054 1.6562990 1.8024723 1.4143717 1.2795971 1.3229614 1.2178765 1.3520401 1.2918431 1.2627596 1.2092023 1.2556572 1.4838892 1.3415593 1.3342787 1.3432332 1.3010562 1.6527629 1.3193477 1.2410010 1.4582375 1.6981084 1.4043405 1.3846013 1.4063263 1.4060343 1.3610351 1.5693341 1.3648297 1.3703887 1.3327306 1.3018720 1.4437903 1.0216949 1.5966023 1.5712250 1.5791698 1.6390996 1.6887042 1.7178857 1.7953979 1.8808334 1.7447346 1.5286675 1.5571122 1.5916564 1.5923220 1.6376489 1.6228921 1.3986935 1.7754455 1.0460950 0.3019071 0.0000000 0.3905109 0.9012992 1.0594041 2.0400139 1.8614332 
Xestes_maker-XT_scaffold101503-snap-gene-0.8-mRNA-1 2.0114048 1.9013236 1.8090241 1.7016097 1.5882990 1.7155609 1.3745574 1.2953180 1.3520968 1.2880253 1.2981536 1.2649602 1.5904124 1.2190114 1.2663072 1.6087035 1.4502531 1.4806656 1.4679741 1.4042120 1.5571610 1.3480562 1.3417324 1.5781495 2.0130974 1.4166854 1.3908605 1.3722765 1.2818663 2.2382807 1.6737028 1.5546331 1.4615778 1.5327687 1.3945027 1.6631886 1.2719666 1.6054238 1.6637199 1.6302745 1.7055250 1.8156978 1.7981053 1.6893622 1.7820512 1.7140919 1.5923948 1.6265282 1.6664461 1.6117176 1.9203074 1.6686173 1.6253271 1.7527479 1.0666103 0.4717848 0.3905109 0.0000000 0.9549631 1.5157858 2.1462981 1.8148093 
Tetwil_g4791.t1                                     2.0729263 1.9902746 1.6617014 1.7292437 1.6134207 1.3128357 1.0674685 1.0254006 1.0430547 1.0007343 1.0397353 1.1762791 1.5053669 0.9549689 1.0124352 1.3275150 1.2545805 1.3185275 1.2552736 1.2461792 1.3862880 1.1826774 1.1198418 1.6651392 1.6059111 1.2306940 1.2681142 1.1431908 1.4053886 1.8351619 1.7949254 1.3156508 1.3335212 1.2533786 1.2259702 1.4338224 1.7513093 1.5533140 1.7569985 1.5390360 1.9237888 2.0048063 1.8883017 1.5413065 1.5413065 1.1033566 0.9783980 1.0349604 1.0797822 1.0684479 1.7866518 1.1679021 1.3879723 1.1477597 0.9057167 1.2809921 0.9012992 0.9549631 0.0000000 1.1041959 2.4565599 2.3926370 
