70
Cgig_XM_011449516.3                                    0.0000000 1.2526277 1.6943588 1.7205539 1.8258225 1.8134741 1.5977956 1.2321752 1.5929269 1.5124497 1.7090036 1.6803775 1.6204844 1.8379171 1.7474811 1.9613523 1.8539690 1.8539690 1.8482036 1.8474658 1.8465101 1.8063920 1.8185043 2.6185545 2.1950131 1.9113791 1.6397665 1.7944627 1.7581893 1.4306448 1.4928950 1.3828820 1.4454070 1.6874580 1.5853552 1.6068391 1.2295687 1.4865992 1.3692299 1.7129556 1.3112346 1.8844485 1.3668416 1.6492539 1.8864327 2.3088606 3.1677581 1.8051171 1.8547838 1.9206915 1.9206915 2.0061509 1.6555047 2.0061509 2.2062186 1.9939958 1.8192498 1.7962888 2.0071233 1.9589584 1.8922371 2.9884161 1.9887231 1.7300742 2.0993448 1.8241687 2.0851063 2.2027884 2.1423161 2.0440936 
Acagra_model.g8574.t1.1.5d3b8590                       1.2526277 0.0000000 1.4811253 1.4749573 1.4496527 1.4268813 1.4486741 1.0916317 1.4499735 1.1508098 1.2802920 1.2091393 1.3127627 1.3404424 1.2792803 1.5910973 1.9370829 1.9370829 1.7630160 1.5750053 1.5941512 1.6107744 1.5799881 2.4663885 1.5909896 1.6469889 1.4834696 1.5307656 1.9701539 1.7184555 1.6910124 1.7141965 1.6770800 2.0087510 1.5294354 1.3774791 1.2730704 1.1701952 1.5782207 1.1896880 1.1982676 2.0112606 1.7058454 1.3400213 1.5908093 1.9947357 2.6830407 1.8443744 1.8903299 1.6317105 1.6317105 1.7372022 1.5625955 1.7372022 1.7669507 1.6419145 1.6493051 1.7329505 1.7861992 1.7275851 1.7416060 2.4414525 1.7461479 1.4535960 1.8776959 1.6574942 1.8330792 2.0833159 1.9580557 1.5922851 
HoiH04_mRNA4556                                        1.6943588 1.4811253 0.0000000 0.0066061 0.2151746 0.2189774 0.3295612 0.2599704 0.2362031 0.9850111 1.0529909 0.9898813 0.9962415 0.9188310 0.8584525 1.1016813 1.1219150 1.1219150 1.2433794 1.1005123 1.1436737 1.2985261 1.1315875 1.8555949 0.9655175 1.1048871 1.4805602 1.0231003 1.3775024 1.1859373 1.2021906 1.0320520 1.1650946 1.1673394 1.3049303 1.3783474 0.9664832 1.3813376 1.2152512 1.2602390 1.4444413 1.5963962 1.3096280 1.4486973 1.5482743 1.5648370 2.2329848 1.5513729 1.5224631 1.5563178 1.5563178 1.9297541 1.6647433 1.9297541 1.8704034 1.7201677 1.5848558 1.7633019 1.8581699 1.8649191 1.6778652 2.2272828 1.5547209 1.8085450 1.8997375 2.0094558 1.9520310 2.0288587 1.9329083 2.3453372 
Hhon_g06138.t1                                         1.7205539 1.4749573 0.0066061 0.0000000 0.2249402 0.2102184 0.3192767 0.2484136 0.2254086 0.9813792 1.0490309 0.9862098 0.9925413 0.9229085 0.8619146 1.1064836 1.1269155 1.1269155 1.2489983 1.1054952 1.1563504 1.3043625 1.1366892 1.8642301 0.9696098 1.1096533 1.4895948 1.0476445 1.3843084 1.2127415 1.2297518 1.0560276 1.1415764 1.1727108 1.3185644 1.4095932 0.9836280 1.3740310 1.2207350 1.2658761 1.4163044 1.6338424 1.3238193 1.4551725 1.5824463 1.6291842 2.2896478 1.5439770 1.5150258 1.5635029 1.5635029 1.9388198 1.6735080 1.9388198 1.8790589 1.7286011 1.5921755 1.8046498 1.8781623 1.8852038 1.6976779 2.2633973 1.5718690 1.7717366 1.9299620 2.0187051 1.9115562 2.0387082 1.9238853 2.3167077 
HoiH23_PlH23_002627-RA                                 1.8258225 1.4496527 0.2151746 0.2249402 0.0000000 0.1548060 0.3232133 0.2421022 0.2493730 1.0856211 1.1672016 1.0123343 1.0406035 1.0186597 0.9163286 1.2244363 1.1239146 1.1239146 1.2928616 1.1749470 1.2072055 1.3142544 1.2078430 1.8266111 1.0359452 1.1456546 1.2138739 1.0606834 1.3711098 1.2676966 1.2200917 1.1448479 1.1761094 1.2088424 1.1581300 1.4907578 1.1107676 1.5317462 1.2257101 1.2268547 1.4180322 1.6096070 1.3827289 1.5283434 1.4371086 1.4485028 2.1900862 1.5663515 1.4617066 1.5874976 1.5874976 1.9592657 1.5952001 1.9592657 1.7949901 1.6214867 1.4834685 1.6403099 1.7833448 1.7861486 1.5995681 2.0461864 1.5802307 1.7093766 1.8604088 2.1538134 1.9972591 1.8996137 1.8160347 2.3606790 
HoiH06_mRNA3447                                        1.8134741 1.4268813 0.2189774 0.2102184 0.1548060 0.0000000 0.3142253 0.2453137 0.2276867 0.9947963 1.0812673 1.0268129 0.9977615 0.9926730 0.9486704 1.2206070 1.1412577 1.1412577 1.3235478 1.1847106 1.1745480 1.2609682 1.1812341 1.9250940 0.9441186 1.1730803 1.3337256 1.0478872 1.4337570 1.2133123 1.2608632 1.1622901 1.2166848 1.3252149 1.3236678 1.5312825 1.0795448 1.5056570 1.2372076 1.2665989 1.3637601 1.6989827 1.3120285 1.4453477 1.4981873 1.5261036 2.2830299 1.5010045 1.4049146 1.5068134 1.5068134 1.8483429 1.5410707 1.8483429 1.7521379 1.5971612 1.5410681 1.7621808 1.7954155 1.7983924 1.5926918 2.0522014 1.6473282 1.6490219 1.8357623 2.0316655 1.8533960 1.9463352 1.8342371 2.1791876 
TrH2_TrispH2_000069-RA                                 1.5977956 1.4486741 0.3295612 0.3192767 0.3232133 0.3142253 0.0000000 0.0000010 0.2668356 1.0026030 1.0168939 0.9810618 0.9256014 1.0706567 0.9124649 1.1061893 1.1082378 1.1082378 1.2641725 1.1219291 1.0943786 1.2674100 1.1271563 1.8589922 1.0636032 1.0908108 1.3756552 1.0336686 1.2733785 1.2126356 1.1689310 1.0995667 1.1022658 1.2736198 1.3531444 1.5202889 1.0061064 1.5405271 1.1541361 1.2823120 1.3907873 1.5432650 1.2153302 1.4608813 1.4973411 1.5583745 2.4901177 1.5845249 1.5086731 1.6344248 1.6344248 2.0104850 1.6067234 2.0104850 1.8927987 1.7305223 1.6744278 1.8151964 1.9282980 1.8997835 1.6146351 2.3279570 1.7701557 1.7617203 2.0832604 1.8768811 1.9612602 1.9208886 1.9275221 2.1844381 
Tadh_TriadT37028                                       1.2321752 1.0916317 0.2599704 0.2484136 0.2421022 0.2453137 0.0000010 0.0000000 0.1808610 0.7949285 0.7997737 0.7596014 0.7427554 0.8352434 0.6633974 0.8159062 0.8302684 0.8302684 0.9556139 0.8803968 0.8448782 0.9739863 0.8912814 1.5706471 0.8177277 0.8993175 0.9076157 0.7586554 1.0012464 0.8595203 0.8250215 0.8321954 0.8041299 0.9300642 0.9482722 1.1561583 0.8189573 1.0437776 0.9720337 0.9762114 1.0156043 1.1767254 0.8656484 1.1471242 1.1799982 1.3558960 2.2492566 1.3304458 1.2240128 1.2183461 1.2183461 1.5612024 1.5612024 1.5612024 1.4791740 1.4791740 1.3585653 1.4839635 1.4614211 1.4547407 1.4538716 1.9461670 1.4432082 1.3851753 1.6600581 1.4979627 1.4426569 1.5020181 1.6305522 1.8868335 
HoiH11_mRNA2168                                        1.5929269 1.4499735 0.2362031 0.2254086 0.2493730 0.2276867 0.2668356 0.1808610 0.0000000 0.9734161 0.9864137 0.9691162 0.9489543 0.9066686 0.8077933 1.0336730 0.8758741 0.8758741 1.0751631 0.9718777 1.0047017 1.0639096 0.9163864 1.6507185 0.8105361 1.0499248 1.2047030 0.8696520 1.2845185 1.0291792 1.0049989 0.9813598 0.9227412 1.1290650 1.1270726 1.3954460 1.0184277 1.2815234 1.2133911 1.1376305 1.2223037 1.5024420 1.1165903 1.3593943 1.3719583 1.3511423 2.3788158 1.5801769 1.4130838 1.3661814 1.3661814 1.6079616 1.5302485 1.6079616 1.5427274 1.4363868 1.4217586 1.5972979 1.6615056 1.6417361 1.4679286 2.0361551 1.4804068 1.5899585 1.7865561 1.7835188 1.7140229 1.9012008 1.8719244 2.0326582 
Gracom_Gcom_C518112_01                                 1.5124497 1.1508098 0.9850111 0.9813792 1.0856211 0.9947963 1.0026030 0.7949285 0.9734161 0.0000000 0.2374560 0.3066530 0.3042300 0.5112119 0.8093132 0.9230026 0.7386800 0.7386800 0.9301217 0.6846079 0.6930548 0.8659677 0.7155060 1.3272838 1.0670099 1.2172753 1.1536232 0.8559928 1.2510340 1.0060041 1.0680525 0.9498039 1.1459487 1.1130449 1.3661733 1.0977540 0.7941696 0.9062337 0.9384106 0.9990853 1.2143332 1.9057799 1.3286090 1.2619084 1.2813428 1.7669296 2.1201194 1.3535658 1.1928551 1.3144886 1.3144886 1.6211878 1.4564168 1.6211878 1.5691495 1.4687913 1.6512245 1.6428411 1.5445307 1.5929246 1.5608808 1.9947875 1.4876169 1.6868695 1.7068379 1.6167938 1.7199146 2.0373237 1.8274212 1.9978267 
Scil_scict013995.2                                     1.7090036 1.2802920 1.0529909 1.0490309 1.1672016 1.0812673 1.0168939 0.7997737 0.9864137 0.2374560 0.0000000 0.2742770 0.2583403 0.4628970 0.7512410 0.8749269 0.7893294 0.7893294 1.0683485 0.8472654 0.8638180 0.9103291 0.7778420 1.3836726 1.0282463 1.2477772 1.2975144 0.9012369 1.3048946 1.0753018 1.1193355 1.0879298 1.1679317 1.2455009 1.3226152 1.0199165 0.8529667 0.9987887 0.9908088 0.9786790 1.2065153 1.8988732 1.2723895 1.0983646 1.1954630 1.7183004 2.1278006 1.4447643 1.3600357 1.4398614 1.4398614 1.7476747 1.5265138 1.7476747 1.7301396 1.5666697 1.6713238 1.6019532 1.5184115 1.5400950 1.5127726 1.9838653 1.6144263 1.8858745 1.5482083 1.6861057 1.8331229 1.9656837 1.9732554 2.3494266 
Lcom_lcpid118297                                       1.6803775 1.2091393 0.9898813 0.9862098 1.0123343 1.0268129 0.9810618 0.7596014 0.9691162 0.3066530 0.2742770 0.0000000 0.3093462 0.5087736 0.7556226 0.8923712 0.8009988 0.8009988 0.9351214 0.7385520 0.7413267 0.8164061 0.7216250 1.4425816 1.1293186 1.3753022 1.4529814 0.9253652 1.3060423 1.1343927 1.1905927 1.1243660 1.2641415 1.2375726 1.3190853 0.9936668 0.8164392 0.9725682 1.0142136 1.0534730 1.1620380 1.9429966 1.3669466 1.3303065 1.3346125 1.7435893 2.2711651 1.6241881 1.4825607 1.3241926 1.3241926 1.6140461 1.5616796 1.6140461 1.5472323 1.4486152 1.6582593 1.6453986 1.6474461 1.6811458 1.6281900 2.2662600 1.5196930 1.5506935 1.5780066 1.5986297 1.7667983 1.9862792 1.7315306 2.1109178 
Leuniv_Lniv_scaffold21312_01                           1.6204844 1.3127627 0.9962415 0.9925413 1.0406035 0.9977615 0.9256014 0.7427554 0.9489543 0.3042300 0.2583403 0.3093462 0.0000000 0.5828828 0.6261126 0.8910863 0.8311614 0.8311614 1.0219902 0.8789105 0.9436806 0.9550654 0.8576701 1.5540622 1.1855737 1.2041609 1.1849393 0.8895426 1.2244208 0.9464751 0.9760232 0.9121707 0.9882814 1.1962217 1.2372702 1.1936577 0.9562816 1.0112968 1.0090457 0.9585841 1.2335039 1.7123565 1.2673795 1.2963639 1.2251185 1.7231545 2.2904821 1.4762450 1.3784865 1.4202635 1.4202635 1.8708851 1.6422131 1.8708851 1.6923648 1.5663948 1.6914251 1.7159026 1.7967056 1.8252676 1.7472193 2.0509108 1.7416794 1.8210501 1.8329248 1.6128094 1.8784613 2.0758478 1.8518147 2.3360476 
Clacor_Ccor_C523075_01                                 1.8379171 1.3404424 0.9188310 0.9229085 1.0186597 0.9926730 1.0706567 0.8352434 0.9066686 0.5112119 0.4628970 0.5087736 0.5828828 0.0000000 0.7333075 0.8612815 0.7609815 0.7609815 0.9377534 0.7753419 0.8525766 0.8229316 0.7116590 1.3411685 0.9928711 0.9968946 1.2888751 0.8477572 1.3073912 1.1220150 1.2381252 0.9858975 1.1805263 1.1460654 1.2074099 1.1721671 0.8972280 1.1498374 0.9391595 0.9690153 1.1293302 1.6768797 1.2289974 1.3024922 1.1494091 1.3989047 1.8841159 1.4990602 1.4757270 1.3054209 1.3054209 1.3487502 1.1927233 1.3487502 1.3519327 1.2802235 1.4023917 1.4468195 1.3647930 1.3591146 1.3030680 1.5775112 1.2630290 1.6993433 1.3284633 1.5750109 1.6831508 1.6403503 1.6139931 2.3565645 
Plajan_Pjan_C535759_01                                 1.7474811 1.2792803 0.8584525 0.8619146 0.9163286 0.9486704 0.9124649 0.6633974 0.8077933 0.8093132 0.7512410 0.7556226 0.6261126 0.7333075 0.0000000 0.7292116 0.8895721 0.8895721 0.8989547 0.8178938 0.8736547 0.9281554 0.8574548 1.2326484 1.0872421 1.1729976 1.2493665 1.0360166 1.3593703 1.1719679 1.1659598 1.0731965 1.0988726 1.2963562 1.1755907 1.2707308 1.0937551 1.1806075 1.0471615 1.1025701 1.1664243 1.5175837 1.2928324 1.1100237 1.3381207 1.6803111 2.4352809 1.6361175 1.5218656 1.4826010 1.4826010 1.9201013 1.7131238 1.9201013 1.8285339 1.6686160 1.6921995 1.8191672 1.9937017 1.9544590 1.9351448 2.3981603 1.8186581 1.7696827 1.9403785 1.8328887 2.1462438 2.1635885 2.1517779 1.8247725 
Opea_EP00118_Oscarella_pearsei_P025499                 1.9613523 1.5910973 1.1016813 1.1064836 1.2244363 1.2206070 1.1061893 0.8159062 1.0336730 0.9230026 0.8749269 0.8923712 0.8910863 0.8612815 0.7292116 0.0000000 0.9691334 0.9691334 1.0503574 0.9458361 1.0227076 0.9275194 0.8595404 1.4133318 0.9899608 1.1214436 1.3227958 1.1445056 1.5072602 1.0633353 1.1443798 1.0955332 1.1915922 1.3001311 1.3170603 1.3367518 1.0371049 1.2609858 0.9009506 1.2637520 1.1484801 1.8518328 1.4197381 1.3174599 1.5312542 1.8758724 2.6319131 1.6157433 1.4483899 1.6305374 1.6305374 1.7298333 1.5628151 1.7298333 1.7660467 1.7847384 1.8302622 1.8505413 1.9534996 1.9507951 1.8988651 2.1822401 1.5812628 1.6698701 2.0047955 1.7377245 2.1350845 2.3173147 2.0965686 2.0664987 
Amil_Amillepora18453-RA                                1.8539690 1.9370829 1.1219150 1.1269155 1.1239146 1.1412577 1.1082378 0.8302684 0.8758741 0.7386800 0.7893294 0.8009988 0.8311614 0.7609815 0.8895721 0.9691334 0.0000000 0.0000010 0.2911741 0.3426056 0.3628985 0.4325035 0.4039487 0.3162644 0.7539773 0.9365713 1.1115224 0.8841962 1.1091363 0.9577729 0.9959259 0.8536429 1.0224904 1.0514263 1.2755809 1.2391135 1.0959831 1.3021727 1.0398936 1.1495814 1.4047261 1.7910771 1.1755038 1.4741563 1.7784063 1.9058821 2.3267358 2.0589254 1.7019503 1.5131556 1.5131556 1.8564262 1.5971836 1.8564262 1.8160961 1.7271828 1.7935629 1.8981632 1.8683683 1.8362323 1.7022392 2.0042362 1.8164341 1.8795998 1.8741195 1.9233442 2.2957027 2.1702523 1.9608250 2.3964439 
Adig_XM_015920824.1                                    1.8539690 1.9370829 1.1219150 1.1269155 1.1239146 1.1412577 1.1082378 0.8302684 0.8758741 0.7386800 0.7893294 0.8009988 0.8311614 0.7609815 0.8895721 0.9691334 0.0000010 0.0000000 0.2911741 0.3426056 0.3628985 0.4325035 0.4039487 0.3162644 0.7539773 0.9365713 1.1115224 0.8841962 1.1091363 0.9577729 0.9959259 0.8536429 1.0224904 1.0514263 1.2755809 1.2391135 1.0959831 1.3021727 1.0398936 1.1495814 1.4047261 1.7910771 1.1755038 1.4741563 1.7784063 1.9058821 2.3267358 2.0589254 1.7019503 1.5131556 1.5131556 1.8564262 1.5971836 1.8564262 1.8160961 1.7271828 1.7935629 1.8981632 1.8683683 1.8362323 1.7022392 2.0042362 1.8164341 1.8795998 1.8741195 1.9233442 2.2957027 2.1702523 1.9608250 2.3964439 
Gfas_gfas1.m1.4591.m1                                  1.8482036 1.7630160 1.2433794 1.2489983 1.2928616 1.3235478 1.2641725 0.9556139 1.0751631 0.9301217 1.0683485 0.9351214 1.0219902 0.9377534 0.8989547 1.0503574 0.2911741 0.2911741 0.0000000 0.2988727 0.3246145 0.3187800 0.3607869 0.6210405 0.9052353 1.0587151 0.9374416 0.9059258 1.0249629 1.0007831 1.0204498 0.9314100 1.1597349 1.1088821 1.1690529 1.3600828 1.2321192 1.4122021 1.1427007 1.2136231 1.2723456 1.6906884 1.4471003 1.7810483 1.7959230 1.7817670 2.5356929 1.8298238 1.5285570 1.7268676 1.7268676 1.9321180 1.7364267 1.9321180 1.9395329 1.8008210 1.7282888 1.9959329 2.0745301 2.0030953 1.8023862 2.4010299 1.7733453 1.8660948 1.9254989 1.7466159 2.3182545 2.2125828 1.9408066 2.1313306 
Pocdam_XM_027204213.1                                  1.8474658 1.5750053 1.1005123 1.1054952 1.1749470 1.1847106 1.1219291 0.8803968 0.9718777 0.6846079 0.8472654 0.7385520 0.8789105 0.7753419 0.8178938 0.9458361 0.3426056 0.3426056 0.2988727 0.0000000 0.0757902 0.3411249 0.2685564 0.6772655 0.8357077 0.9915034 1.0700158 0.8486496 1.0869166 1.0035563 1.0429391 0.8406295 1.0814405 1.0374244 1.1482747 1.2644562 1.0190024 1.1910342 1.0145512 1.2059154 1.2903025 1.9231466 1.3413119 1.6250260 1.5681969 1.7226279 2.4399841 1.7402327 1.4563479 1.3798560 1.3798560 1.6010328 1.5627269 1.6010328 1.5474292 1.4506078 1.5926607 1.7683563 1.8338951 1.7945629 1.6216835 2.0117072 1.5815371 1.7777846 1.6911111 1.6087618 1.9663644 1.8789463 1.7025653 2.0316432 
Spis_XP_022803842_1                                    1.8465101 1.5941512 1.1436737 1.1563504 1.2072055 1.1745480 1.0943786 0.8448782 1.0047017 0.6930548 0.8638180 0.7413267 0.9436806 0.8525766 0.8736547 1.0227076 0.3628985 0.3628985 0.3246145 0.0757902 0.0000000 0.3914858 0.3212763 0.7235936 0.8296252 0.9966733 1.1325600 0.9060513 1.1245274 0.9828267 1.0208919 0.8886947 1.0667828 1.1011335 1.1360744 1.2562871 1.0190951 1.2222133 1.0811927 1.2591824 1.3036733 1.9668088 1.3201028 1.5685849 1.6475867 1.7594515 2.5761049 1.7749699 1.4681077 1.4020935 1.4020935 1.6837784 1.6282753 1.6837784 1.6536242 1.5567089 1.6417755 1.7351577 1.8630976 1.8235598 1.6475840 2.0685655 1.6520720 1.7743384 1.6697262 1.6322313 1.9493053 1.9741653 1.6927115 2.0281272 
Gasp_gasp1.m3.2737.m1                                  1.8063920 1.6107744 1.2985261 1.3043625 1.3142544 1.2609682 1.2674100 0.9739863 1.0639096 0.8659677 0.9103291 0.8164061 0.9550654 0.8229316 0.9281554 0.9275194 0.4325035 0.4325035 0.3187800 0.3411249 0.3914858 0.0000000 0.2310669 0.8508191 0.8895456 0.9561662 1.1313626 0.9479241 1.0578788 0.9219094 0.9794874 0.8217475 1.1117171 1.1752568 1.1348194 1.2350294 1.0451522 1.2460521 0.9867657 1.1825118 1.1070570 1.6427620 1.3061854 1.5723997 1.7083993 1.6774166 2.4320166 1.7538063 1.4303990 1.6169721 1.6169721 1.7090456 1.6148294 1.7090456 1.7244366 1.6186712 1.6857061 1.8006768 1.9359056 1.8689257 1.7146644 2.1302439 1.7669468 1.8786088 1.6805749 1.8943591 2.1839031 2.1031249 1.7588042 2.0320582 
Fspp_ffun1.m4.129.m1                                   1.8185043 1.5799881 1.1315875 1.1366892 1.2078430 1.1812341 1.1271563 0.8912814 0.9163864 0.7155060 0.7778420 0.7216250 0.8576701 0.7116590 0.8574548 0.8595404 0.4039487 0.4039487 0.3607869 0.2685564 0.3212763 0.2310669 0.0000000 0.7614826 0.8620863 0.9943311 1.0291335 0.7791021 0.8626458 0.9519207 0.9757550 0.8298050 1.0504203 1.1215644 1.1482749 1.2402391 0.9841796 1.2071588 1.0341340 0.9928429 1.2050926 1.8674592 1.2251251 1.5659314 1.4220037 1.2381872 1.9477944 1.5392421 1.2890248 1.2235706 1.2235706 1.4277003 1.3182164 1.4277003 1.3957248 1.3017415 1.3076712 1.4108787 1.5196025 1.4883020 1.3152247 1.5092103 1.3869173 1.4351647 1.3973809 1.4722758 1.9004201 1.7219820 1.6035367 2.1965053 
Adig_XM_015923174.1                                    2.6185545 2.4663885 1.8555949 1.8642301 1.8266111 1.9250940 1.8589922 1.5706471 1.6507185 1.3272838 1.3836726 1.4425816 1.5540622 1.3411685 1.2326484 1.4133318 0.3162644 0.3162644 0.6210405 0.6772655 0.7235936 0.8508191 0.7614826 0.0000000 1.4302446 1.7617723 1.1115224 1.5935291 1.6649497 1.5365954 1.5618756 1.3583890 1.5882384 1.5347496 2.0864325 1.9790999 1.7828983 1.9131801 1.7083739 1.7290262 2.1822941 2.8652880 1.8342333 2.1861103 2.4716616 3.4892728 3.3844565 2.8332425 2.4014551 2.2461565 2.2461565 2.7723286 2.4954242 2.7723286 2.6823545 2.6005497 2.6964724 2.7775070 2.8485686 2.7924913 2.6812162 3.8950599 2.4643507 2.7201161 2.6442792 2.7040512 3.5490571 3.4404569 2.9982239 3.0281524 
Dgig_XM_028542293.1                                    2.1950131 1.5909896 0.9655175 0.9696098 1.0359452 0.9441186 1.0636032 0.8177277 0.8105361 1.0670099 1.0282463 1.1293186 1.1855737 0.9928711 1.0872421 0.9899608 0.7539773 0.7539773 0.9052353 0.8357077 0.8296252 0.8895456 0.8620863 1.4302446 0.0000000 0.3600306 1.3397796 1.0477708 1.1335312 1.1287199 1.1598478 1.0353028 1.1110922 1.3589345 1.0707440 1.4519643 1.1443914 1.4823518 1.1762051 1.3396228 1.3253777 1.7872237 1.4616144 1.5845673 1.6713211 1.7292672 2.6170470 1.8919775 1.7103155 1.7814606 1.7814606 1.8329698 1.6195092 1.8329698 1.8820615 1.7589111 1.8092424 1.8487215 1.7311559 1.7221621 1.7037984 2.1547869 1.9665727 1.9507089 1.7824462 1.9256273 2.0024322 1.9232299 2.1398146 2.2990631 
Xesp_003638-T1                                         1.9113791 1.6469889 1.1048871 1.1096533 1.1456546 1.1730803 1.0908108 0.8993175 1.0499248 1.2172753 1.2477772 1.3753022 1.2041609 0.9968946 1.1729976 1.1214436 0.9365713 0.9365713 1.0587151 0.9915034 0.9966733 0.9561662 0.9943311 1.7617723 0.3600306 0.0000000 1.4283601 1.2461701 1.1391899 1.1381128 1.0898501 1.0306974 1.0747043 1.2789790 1.0651808 1.5329440 1.2777845 1.6312174 1.1458854 1.4428988 1.4080338 1.6858428 1.5000683 1.6510519 1.7145759 1.6672146 2.4793892 2.0093634 1.8775489 2.0110092 2.0110092 2.1390791 2.0069590 2.1390791 1.9790813 1.9140523 1.9152438 1.9635506 1.9360631 1.9493036 1.9535334 2.2125559 2.2428315 2.0018209 1.9930535 2.1062256 2.1622238 2.0263485 1.8673512 2.3160020 
Nvec_v1g84327                                          1.6397665 1.4834696 1.4805602 1.4895948 1.2138739 1.3337256 1.3756552 0.9076157 1.2047030 1.1536232 1.2975144 1.4529814 1.1849393 1.2888751 1.2493665 1.3227958 1.1115224 1.1115224 0.9374416 1.0700158 1.1325600 1.1313626 1.0291335 1.1115224 1.3397796 1.4283601 0.0000000 0.5361892 1.1694241 1.2467921 1.3042276 1.2709522 1.2073893 1.3052930 1.2855206 2.0068194 1.5545896 1.9201414 1.6964822 1.4533200 1.6302420 2.9661871 1.9864820 1.4938468 1.6289170 1.8695792 2.8444551 1.8698559 1.6408108 1.6743157 1.6743157 1.9668423 1.4736006 1.9668423 1.7961300 1.5770286 1.4535380 1.5777328 1.5992881 1.6342534 1.5220994 1.9987913 1.4501974 1.7209370 1.9079817 1.8585205 2.4488931 2.6070390 2.5938893 2.0225863 
Exapal_XM_021042440.2                                  1.7944627 1.5307656 1.0231003 1.0476445 1.0606834 1.0478872 1.0336686 0.7586554 0.8696520 0.8559928 0.9012369 0.9253652 0.8895426 0.8477572 1.0360166 1.1445056 0.8841962 0.8841962 0.9059258 0.8486496 0.9060513 0.9479241 0.7791021 1.5935291 1.0477708 1.2461701 0.5361892 0.0000000 1.1164075 1.0339216 1.1232045 1.0215906 1.0239735 1.2154480 1.0878562 1.4049883 1.0949827 1.3560291 1.2076925 1.0089379 1.3395082 2.0004735 1.3054259 1.5818944 1.4519140 1.2878982 2.0235640 1.6658709 1.5262706 1.3904118 1.3904118 1.4270170 1.1137757 1.4270170 1.4359624 1.3626350 1.5632288 1.4857277 1.4877639 1.4912604 1.3501270 1.5016969 1.4305490 1.6580343 1.5740715 1.7765730 1.8664820 1.9734630 1.9666124 2.1499294 
Chem_TCONS_00051512                                    1.7581893 1.9701539 1.3775024 1.3843084 1.3711098 1.4337570 1.2733785 1.0012464 1.2845185 1.2510340 1.3048946 1.3060423 1.2244208 1.3073912 1.3593703 1.5072602 1.1091363 1.1091363 1.0249629 1.0869166 1.1245274 1.0578788 0.8626458 1.6649497 1.1335312 1.1391899 1.1694241 1.1164075 0.0000000 0.7315579 0.7662910 0.7036640 0.6810913 0.5745953 0.8643541 1.6436660 1.4736776 1.5558328 1.4059596 1.2089185 1.5281180 1.9517194 1.6916516 1.9657795 1.6691359 1.2527321 2.5708596 2.1155648 1.9179249 1.9061147 1.9061147 2.1218263 1.8167209 2.1218263 2.0072273 1.7489444 1.8234637 1.8265431 2.0239252 2.0064865 1.8423763 2.4925839 1.7373698 1.8340588 2.1438224 1.5347978 2.3520860 1.9812390 2.2580915 2.4340408 
Rhoesc_Res_013699-T1                                   1.4306448 1.7184555 1.1859373 1.2127415 1.2676966 1.2133123 1.2126356 0.8595203 1.0291792 1.0060041 1.0753018 1.1343927 0.9464751 1.1220150 1.1719679 1.0633353 0.9577729 0.9577729 1.0007831 1.0035563 0.9828267 0.9219094 0.9519207 1.5365954 1.1287199 1.1381128 1.2467921 1.0339216 0.7315579 0.0000000 0.1545099 0.2556316 0.4328276 0.8172946 0.7192890 1.5100898 1.0901161 1.3328034 1.1745706 1.3410512 1.2358566 1.9949159 1.2866729 1.6600638 1.3733570 1.5428270 2.1606186 1.5987639 1.5271402 1.9054707 1.9054707 2.2855094 1.9151807 2.2855094 2.1161114 1.9716396 1.9619701 1.9286621 2.0907731 2.0974623 2.2270560 3.0424124 1.8486670 2.1214071 2.5046108 1.8676984 2.2577206 2.2099206 2.1127236 2.1998068 
Nemnom_g17003.t1                                       1.4928950 1.6910124 1.2021906 1.2297518 1.2200917 1.2608632 1.1689310 0.8250215 1.0049989 1.0680525 1.1193355 1.1905927 0.9760232 1.2381252 1.1659598 1.1443798 0.9959259 0.9959259 1.0204498 1.0429391 1.0208919 0.9794874 0.9757550 1.5618756 1.1598478 1.0898501 1.3042276 1.1232045 0.7662910 0.1545099 0.0000000 0.3482991 0.4764006 0.8160778 0.8385876 1.6545027 1.1341768 1.3116765 1.1568802 1.3151090 1.2526369 2.1109889 1.4345036 1.9065731 1.6043056 1.6920343 2.4364348 1.7678003 1.5005927 2.1168627 2.1168627 2.4524600 1.9569460 2.4524600 2.3154819 2.0711972 2.0769206 2.0174785 2.2998007 2.3021838 2.2785452 2.9272533 1.9444535 2.2361115 2.5416049 1.9912381 2.2647529 2.1477248 2.0962333 2.2142194 
Aaur_scaffold1447.g8.t1                                1.3828820 1.7141965 1.0320520 1.0560276 1.1448479 1.1622901 1.0995667 0.8321954 0.9813598 0.9498039 1.0879298 1.1243660 0.9121707 0.9858975 1.0731965 1.0955332 0.8536429 0.8536429 0.9314100 0.8406295 0.8886947 0.8217475 0.8298050 1.3583890 1.0353028 1.0306974 1.2709522 1.0215906 0.7036640 0.2556316 0.3482991 0.0000000 0.2806702 0.6523144 0.7421102 1.4142285 1.1409808 1.1471016 1.0761324 1.3314396 1.3232880 1.7551318 1.1752657 1.6910361 1.4479918 1.4827056 1.9880113 1.6272379 1.4201123 1.7327290 1.7327290 2.0145840 1.7682940 2.0145840 1.8978206 1.7710308 1.7549848 1.7148601 2.2309661 2.2365694 2.1670376 2.7335799 1.7091998 1.8832603 2.2799130 1.9128583 2.2471947 2.1504805 2.0379972 2.2989562 
Sanmal_Sma_009699-T1                                   1.4454070 1.6770800 1.1650946 1.1415764 1.1761094 1.2166848 1.1022658 0.8041299 0.9227412 1.1459487 1.1679317 1.2641415 0.9882814 1.1805263 1.0988726 1.1915922 1.0224904 1.0224904 1.1597349 1.0814405 1.0667828 1.1117171 1.0504203 1.5882384 1.1110922 1.0747043 1.2073893 1.0239735 0.6810913 0.4328276 0.4764006 0.2806702 0.0000000 0.7691587 0.8017326 1.6034102 1.3400547 1.4225076 1.2253187 1.3479393 1.5001022 1.9244696 1.4933411 1.7957813 1.5537674 1.6853834 2.3847264 1.7394288 1.5267341 1.8078939 1.8078939 2.0339470 1.7064938 2.0339470 1.9710689 1.8142320 1.9123999 1.8655970 2.2461793 2.2768748 2.2173995 2.3357027 1.8942933 1.9469096 2.2615136 1.7267959 2.1274865 2.0917674 2.1221391 2.2196395 
Hvul_g12884_1                                          1.6874580 2.0087510 1.1673394 1.1727108 1.2088424 1.3252149 1.2736198 0.9300642 1.1290650 1.1130449 1.2455009 1.2375726 1.1962217 1.1460654 1.2963562 1.3001311 1.0514263 1.0514263 1.1088821 1.0374244 1.1011335 1.1752568 1.1215644 1.5347496 1.3589345 1.2789790 1.3052930 1.2154480 0.5745953 0.8172946 0.8160778 0.6523144 0.7691587 0.0000000 0.9797498 1.5831668 1.2679504 1.4045627 1.1026050 1.1913725 1.5376152 2.0821798 1.3757613 2.1640274 1.5101864 1.4756430 2.3009939 1.7103413 1.6005995 1.6861806 1.6861806 1.9887587 1.6131955 1.9887587 1.9378505 1.7038012 1.7805458 1.9072899 2.0687731 2.1079941 2.0175749 2.8629475 1.7147073 1.7798960 2.0621663 1.8601790 2.2887606 2.0271079 2.1112568 2.6769274 
Morvir_scaffold141.g12.t1                              1.5853552 1.5294354 1.3049303 1.3185644 1.1581300 1.3236678 1.3531444 0.9482722 1.1270726 1.3661733 1.3226152 1.3190853 1.2372702 1.2074099 1.1755907 1.3170603 1.2755809 1.2755809 1.1690529 1.1482747 1.1360744 1.1348194 1.1482749 2.0864325 1.0707440 1.0651808 1.2855206 1.0878562 0.8643541 0.7192890 0.8385876 0.7421102 0.8017326 0.9797498 0.0000000 1.4233521 1.3200224 1.7216585 1.2199108 1.2510541 1.1084419 1.9418441 1.3860307 1.8659883 1.3661652 1.6979287 2.7586852 1.9460185 1.8391656 1.9402506 1.9402506 2.0212275 1.8614754 2.0212275 2.0636980 1.8935389 1.7459285 1.7303064 1.9724262 1.9620598 1.8868608 2.5996574 1.8765113 1.8772899 1.9487262 1.9303507 2.2833662 2.0898700 2.2752332 1.9071733 
Cscu_XM_023363424.1                                    1.6068391 1.3774791 1.3783474 1.4095932 1.4907578 1.5312825 1.5202889 1.1561583 1.3954460 1.0977540 1.0199165 0.9936668 1.1936577 1.1721671 1.2707308 1.3367518 1.2391135 1.2391135 1.3600828 1.2644562 1.2562871 1.2350294 1.2402391 1.9790999 1.4519643 1.5329440 2.0068194 1.4049883 1.6436660 1.5100898 1.6545027 1.4142285 1.6034102 1.5831668 1.4233521 0.0000000 0.6933212 0.8988402 1.1371748 1.5118429 1.3894448 1.9287152 1.3772453 1.2858845 1.7867507 2.1870954 3.4976339 2.1726355 2.2218287 2.1384815 2.1384815 2.2763695 2.1287041 2.2763695 2.3979468 2.4432872 2.6187703 2.6301514 2.5771764 2.5587029 2.5428460 2.8179722 2.0974644 2.2755140 2.5394607 2.1405636 2.4168968 2.4277735 2.0136970 2.4320262 
Tcas_TC015785_001                                      1.2295687 1.2730704 0.9664832 0.9836280 1.1107676 1.0795448 1.0061064 0.8189573 1.0184277 0.7941696 0.8529667 0.8164392 0.9562816 0.8972280 1.0937551 1.0371049 1.0959831 1.0959831 1.2321192 1.0190024 1.0190951 1.0451522 0.9841796 1.7828983 1.1443914 1.2777845 1.5545896 1.0949827 1.4736776 1.0901161 1.1341768 1.1409808 1.3400547 1.2679504 1.3200224 0.6933212 0.0000000 0.7053463 0.9793982 1.3553561 1.0698165 1.9482586 1.4078778 1.3210781 1.6699026 1.9441477 2.5392400 1.6601371 1.5794710 1.5642045 1.5642045 1.8104193 1.5601123 1.8104193 1.8946300 1.7189478 1.6530367 1.7606215 1.6981718 1.6900775 1.7105703 2.3726232 1.7760681 1.8482674 1.8713647 1.8045773 1.9352455 2.0296255 1.8110266 2.0554137 
Dpul_mRNA11859                                         1.4865992 1.1701952 1.3813376 1.3740310 1.5317462 1.5056570 1.5405271 1.0437776 1.2815234 0.9062337 0.9987887 0.9725682 1.0112968 1.1498374 1.1806075 1.2609858 1.3021727 1.3021727 1.4122021 1.1910342 1.2222133 1.2460521 1.2071588 1.9131801 1.4823518 1.6312174 1.9201414 1.3560291 1.5558328 1.3328034 1.3116765 1.1471016 1.4225076 1.4045627 1.7216585 0.8988402 0.7053463 0.0000000 1.1539886 1.3723612 1.1360786 2.1525433 1.4280610 1.3910265 2.0034982 2.1017490 3.0890501 2.1963061 2.1246554 1.8101021 1.8101021 2.2352415 1.7864495 2.2352415 2.3203214 2.0249790 1.8808408 2.0059555 2.3874511 2.3707511 2.1279062 2.6015226 2.0112897 1.8240878 2.0545595 2.0259909 2.2680344 2.1092071 1.8668317 2.2743894 
Skow_NM_001168032.1                                    1.3692299 1.5782207 1.2152512 1.2207350 1.2257101 1.2372076 1.1541361 0.9720337 1.2133911 0.9384106 0.9908088 1.0142136 1.0090457 0.9391595 1.0471615 0.9009506 1.0398936 1.0398936 1.1427007 1.0145512 1.0811927 0.9867657 1.0341340 1.7083739 1.1762051 1.1458854 1.6964822 1.2076925 1.4059596 1.1745706 1.1568802 1.0761324 1.2253187 1.1026050 1.2199108 1.1371748 0.9793982 1.1539886 0.0000000 1.3083602 0.9344667 1.6181835 1.1709237 1.5758842 1.7026148 1.9618545 2.9581519 1.6992910 1.5376993 1.7592153 1.7592153 1.7866721 1.5738413 1.7866721 1.9322964 1.8257625 1.6836585 1.9943384 2.0589952 2.0033526 1.9386752 2.3231530 1.8918498 1.8336465 1.9930247 2.1224959 2.2144507 2.1402662 2.0148888 2.6827495 
Bralan_BLAG05000417_1                                  1.7129556 1.1896880 1.2602390 1.2658761 1.2268547 1.2665989 1.2823120 0.9762114 1.1376305 0.9990853 0.9786790 1.0534730 0.9585841 0.9690153 1.1025701 1.2637520 1.1495814 1.1495814 1.2136231 1.2059154 1.2591824 1.1825118 0.9928429 1.7290262 1.3396228 1.4428988 1.4533200 1.0089379 1.2089185 1.3410512 1.3151090 1.3314396 1.3479393 1.1913725 1.2510541 1.5118429 1.3553561 1.3723612 1.3083602 0.0000000 1.2872656 1.3809562 1.3493723 1.4905461 1.3483085 1.2981150 2.1665076 1.5175402 1.3794552 1.4479263 1.4479263 1.7770348 1.4474878 1.7770348 1.7084680 1.5271412 1.4395194 1.6909442 1.5647683 1.5347069 1.4674312 1.6820954 1.6088117 1.6446714 1.4669556 1.7403706 1.7306451 1.6437196 1.6758111 1.9452433 
Spur_XM_031000234.1                                    1.3112346 1.1982676 1.4444413 1.4163044 1.4180322 1.3637601 1.3907873 1.0156043 1.2223037 1.2143332 1.2065153 1.1620380 1.2335039 1.1293302 1.1664243 1.1484801 1.4047261 1.4047261 1.2723456 1.2903025 1.3036733 1.1070570 1.2050926 2.1822941 1.3253777 1.4080338 1.6302420 1.3395082 1.5281180 1.2358566 1.2526369 1.3232880 1.5001022 1.5376152 1.1084419 1.3894448 1.0698165 1.1360786 0.9344667 1.2872656 0.0000000 1.6671257 1.3162002 1.7105002 1.7288142 1.7841406 2.9536814 1.6690197 1.6633721 1.8437706 1.8437706 2.0632492 1.7490368 2.0632492 2.0499519 1.8117858 1.8114711 1.7030867 1.8677030 1.8416125 1.7323983 2.5828446 1.9628507 1.8031985 1.7967556 2.0308500 2.0547700 2.2209356 2.0083024 2.2568672 
Hsap_ENST00000465530                                   1.8844485 2.0112606 1.5963962 1.6338424 1.6096070 1.6989827 1.5432650 1.1767254 1.5024420 1.9057799 1.8988732 1.9429966 1.7123565 1.6768797 1.5175837 1.8518328 1.7910771 1.7910771 1.6906884 1.9231466 1.9668088 1.6427620 1.8674592 2.8652880 1.7872237 1.6858428 2.9661871 2.0004735 1.9517194 1.9949159 2.1109889 1.7551318 1.9244696 2.0821798 1.9418441 1.9287152 1.9482586 2.1525433 1.6181835 1.3809562 1.6671257 0.0000000 1.0390321 2.0571417 1.7473512 1.8284752 3.0239437 2.2082570 2.2905072 2.2341758 2.2341758 2.9275936 2.2754388 2.9275936 2.5836295 2.3277248 2.1608496 2.5320113 2.4879702 2.4950611 2.3170589 3.0457217 2.6027245 2.4871743 2.0967769 2.7106440 2.5870872 2.5115037 2.4745961 2.4400732 
Hsap_ENST00000528157                                   1.3668416 1.7058454 1.3096280 1.3238193 1.3827289 1.3120285 1.2153302 0.8656484 1.1165903 1.3286090 1.2723895 1.3669466 1.2673795 1.2289974 1.2928324 1.4197381 1.1755038 1.1755038 1.4471003 1.3413119 1.3201028 1.3061854 1.2251251 1.8342333 1.4616144 1.5000683 1.9864820 1.3054259 1.6916516 1.2866729 1.4345036 1.1752657 1.4933411 1.3757613 1.3860307 1.3772453 1.4078778 1.4280610 1.1709237 1.3493723 1.3162002 1.0390321 0.0000000 1.4163915 1.4976691 1.4302415 2.4169021 1.6058655 1.4821421 1.6218939 1.6218939 1.7836606 1.5091048 1.7836606 1.7545254 1.6321601 1.7613490 1.7275508 1.7244017 1.7103148 1.6526885 1.9577604 1.6534190 2.0455607 1.8839471 1.7545915 1.9519809 1.8146875 1.9383850 2.4712685 
Ctel_gnl_WGS_AMQN_CAPTEDRAFT_mRNA227190                1.6492539 1.3400213 1.4486973 1.4551725 1.5283434 1.4453477 1.4608813 1.1471242 1.3593943 1.2619084 1.0983646 1.3303065 1.2963639 1.3024922 1.1100237 1.3174599 1.4741563 1.4741563 1.7810483 1.6250260 1.5685849 1.5723997 1.5659314 2.1861103 1.5845673 1.6510519 1.4938468 1.5818944 1.9657795 1.6600638 1.9065731 1.6910361 1.7957813 2.1640274 1.8659883 1.2858845 1.3210781 1.3910265 1.5758842 1.4905461 1.7105002 2.0571417 1.4163915 0.0000000 1.8962398 2.2634145 3.3392668 2.2925935 2.2618386 1.6568826 1.6568826 1.8456971 1.5471233 1.8456971 1.7443879 1.6012087 1.6070171 1.6160145 1.6400593 1.6126780 1.6081016 1.9424698 1.8226142 1.8532849 1.9587201 1.7674112 2.3643965 2.5368095 2.3147229 1.9989814 
Tetwil_g26818.t1                                       1.8864327 1.5908093 1.5482743 1.5824463 1.4371086 1.4981873 1.4973411 1.1799982 1.3719583 1.2813428 1.1954630 1.3346125 1.2251185 1.1494091 1.3381207 1.5312542 1.7784063 1.7784063 1.7959230 1.5681969 1.6475867 1.7083993 1.4220037 2.4716616 1.6713211 1.7145759 1.6289170 1.4519140 1.6691359 1.3733570 1.6043056 1.4479918 1.5537674 1.5101864 1.3661652 1.7867507 1.6699026 2.0034982 1.7026148 1.3483085 1.7288142 1.7473512 1.4976691 1.8962398 0.0000000 0.4815320 1.1662593 1.2073283 1.2833542 1.4564558 1.4564558 1.8272054 1.6034757 1.8272054 1.5829215 1.4424912 1.4985010 1.3971431 1.4382863 1.4769382 1.5279928 1.7918754 1.4558294 1.7031080 1.4603626 1.4337613 1.5061290 1.5743649 1.6474181 2.7301060 
Stycar_maker-SC_scaffold1739-augustus-gene-0.43-mRNA-1 2.3088606 1.9947357 1.5648370 1.6291842 1.4485028 1.5261036 1.5583745 1.3558960 1.3511423 1.7669296 1.7183004 1.7435893 1.7231545 1.3989047 1.6803111 1.8758724 1.9058821 1.9058821 1.7817670 1.7226279 1.7594515 1.6774166 1.2381872 3.4892728 1.7292672 1.6672146 1.8695792 1.2878982 1.2527321 1.5428270 1.6920343 1.4827056 1.6853834 1.4756430 1.6979287 2.1870954 1.9441477 2.1017490 1.9618545 1.2981150 1.7841406 1.8284752 1.4302415 2.2634145 0.4815320 0.0000000 0.1273873 0.9512024 1.0393701 1.4755303 1.4755303 1.8277814 1.6216150 1.8277814 1.5960752 1.5960752 1.3682175 1.1513086 1.4285437 1.4778577 1.3495612 1.2593920 1.2883752 1.5480979 1.5073897 1.5397182 1.4243028 1.2639523 1.4473430 2.7775736 
Stycar_maker-SC_scaffold128955-snap-gene-0.20-mRNA-1   3.1677581 2.6830407 2.2329848 2.2896478 2.1900862 2.2830299 2.4901177 2.2492566 2.3788158 2.1201194 2.1278006 2.2711651 2.2904821 1.8841159 2.4352809 2.6319131 2.3267358 2.3267358 2.5356929 2.4399841 2.5761049 2.4320166 1.9477944 3.3844565 2.6170470 2.4793892 2.8444551 2.0235640 2.5708596 2.1606186 2.4364348 1.9880113 2.3847264 2.3009939 2.7586852 3.4976339 2.5392400 3.0890501 2.9581519 2.1665076 2.9536814 3.0239437 2.4169021 3.3392668 1.1662593 0.1273873 0.0000000 1.6593637 1.8367724 1.9898685 1.9898685 2.3095848 2.0907196 2.3095848 2.1803350 2.0773677 1.9068487 1.7642761 2.0210065 2.0501301 2.0082942 1.7397780 1.8005073 2.3090837 1.9178553 2.4987181 2.4329658 2.4842961 2.4529134 3.6864541 
Spolac_c98576_g1_i2_m.17547c95015-g1                   1.8051171 1.8443744 1.5513729 1.5439770 1.5663515 1.5010045 1.5845249 1.3304458 1.5801769 1.3535658 1.4447643 1.6241881 1.4762450 1.4990602 1.6361175 1.6157433 2.0589254 2.0589254 1.8298238 1.7402327 1.7749699 1.7538063 1.5392421 2.8332425 1.8919775 2.0093634 1.8698559 1.6658709 2.1155648 1.5987639 1.7678003 1.6272379 1.7394288 1.7103413 1.9460185 2.1726355 1.6601371 2.1963061 1.6992910 1.5175402 1.6690197 2.2082570 1.6058655 2.2925935 1.2073283 0.9512024 1.6593637 0.0000000 0.1914757 1.7850212 1.7850212 1.8978878 1.5807120 1.8978878 1.9319702 1.7510470 1.7309804 1.7721134 1.7777099 1.7505924 1.7357741 2.7266865 1.6592768 1.7453383 2.0687106 1.8206299 1.8418480 1.9587164 1.9526433 3.0427658 
Emue_Em0001g1293a.t1                                   1.8547838 1.8903299 1.5224631 1.5150258 1.4617066 1.4049146 1.5086731 1.2240128 1.4130838 1.1928551 1.3600357 1.4825607 1.3784865 1.4757270 1.5218656 1.4483899 1.7019503 1.7019503 1.5285570 1.4563479 1.4681077 1.4303990 1.2890248 2.4014551 1.7103155 1.8775489 1.6408108 1.5262706 1.9179249 1.5271402 1.5005927 1.4201123 1.5267341 1.6005995 1.8391656 2.2218287 1.5794710 2.1246554 1.5376993 1.3794552 1.6633721 2.2905072 1.4821421 2.2618386 1.2833542 1.0393701 1.8367724 0.1914757 0.0000000 1.6189221 1.6189221 1.8193309 1.4992408 1.8193309 1.7988472 1.6793612 1.7094700 1.7266011 1.7851632 1.7578487 1.6520912 2.1869798 1.7048410 1.6781798 1.9891416 1.8383419 1.8287194 1.9711619 1.9428711 2.7373770 
Mertsp_Mesp_sb583233                                   1.9206915 1.6317105 1.5563178 1.5635029 1.5874976 1.5068134 1.6344248 1.2183461 1.3661814 1.3144886 1.4398614 1.3241926 1.4202635 1.3054209 1.4826010 1.6305374 1.5131556 1.5131556 1.7268676 1.3798560 1.4020935 1.6169721 1.2235706 2.2461565 1.7814606 2.0110092 1.6743157 1.3904118 1.9061147 1.9054707 2.1168627 1.7327290 1.8078939 1.6861806 1.9402506 2.1384815 1.5642045 1.8101021 1.7592153 1.4479263 1.8437706 2.2341758 1.6218939 1.6568826 1.4564558 1.4755303 1.9898685 1.7850212 1.6189221 0.0000000 0.0000010 0.2298301 0.1678310 0.2298301 0.2487362 0.2189955 0.3174118 0.3840938 0.3580437 0.3345360 0.3079548 0.6154992 0.5143143 0.5264430 0.5380951 0.8880367 1.8907498 1.9650725 1.7591017 2.5483555 
Bolinf_Binf_sb1245812                                  1.9206915 1.6317105 1.5563178 1.5635029 1.5874976 1.5068134 1.6344248 1.2183461 1.3661814 1.3144886 1.4398614 1.3241926 1.4202635 1.3054209 1.4826010 1.6305374 1.5131556 1.5131556 1.7268676 1.3798560 1.4020935 1.6169721 1.2235706 2.2461565 1.7814606 2.0110092 1.6743157 1.3904118 1.9061147 1.9054707 2.1168627 1.7327290 1.8078939 1.6861806 1.9402506 2.1384815 1.5642045 1.8101021 1.7592153 1.4479263 1.8437706 2.2341758 1.6218939 1.6568826 1.4564558 1.4755303 1.9898685 1.7850212 1.6189221 0.0000010 0.0000000 0.2298301 0.1678310 0.2298301 0.2487362 0.2189955 0.3174118 0.3840938 0.3580437 0.3345360 0.3079548 0.6154992 0.5143143 0.5264430 0.5380951 0.8880367 1.8907498 1.9650725 1.7591017 2.5483555 
Bolinf_Binf_sb1223714                                  2.0061509 1.7372022 1.9297541 1.9388198 1.9592657 1.8483429 2.0104850 1.5612024 1.6079616 1.6211878 1.7476747 1.6140461 1.8708851 1.3487502 1.9201013 1.7298333 1.8564262 1.8564262 1.9321180 1.6010328 1.6837784 1.7090456 1.4277003 2.7723286 1.8329698 2.1390791 1.9668423 1.4270170 2.1218263 2.2855094 2.4524600 2.0145840 2.0339470 1.9887587 2.0212275 2.2763695 1.8104193 2.2352415 1.7866721 1.7770348 2.0632492 2.9275936 1.7836606 1.8456971 1.8272054 1.8277814 2.3095848 1.8978878 1.8193309 0.2298301 0.2298301 0.0000000 0.0000010 0.0000010 0.1489191 0.1502511 0.3904529 0.4375091 0.4138435 0.3953598 0.3815379 0.5988852 0.5184609 0.5755967 0.6357566 0.8814720 2.0022014 2.1084053 1.9563716 2.7023260 
