78
Chem_TCONS_00020982                                    0.0000000 0.0000010 0.0000010 0.0000010 1.0412282 0.2604241 0.2604241 0.0000010 0.0000010 1.0522390 1.0522390 1.1432493 1.1732267 1.1732267 0.7867008 0.2446983 1.1732267 1.2608613 1.2447939 1.0943042 0.0000010 0.9251045 0.7991615 0.8304382 0.7755457 0.9855879 1.0586402 1.0887015 0.9882665 1.0639565 1.0568993 1.0374622 0.0000010 1.0899715 0.0000010 1.0725695 1.0457450 1.0334301 1.0725060 1.0725060 0.9347495 1.1336064 1.2853996 0.0000010 1.4714420 1.4714420 1.5176356 0.0000010 1.1959456 4.2238579 0.9931510 0.9905970 1.0224010 1.0692918 1.0692918 2.5046228 0.0000010 0.0000010 0.0000010 1.2653433 1.3351462 0.9931815 0.9501859 0.8220780 1.1780520 0.0000010 1.3532810 1.2737461 1.1243198 0.0000010 1.2403677 2.4730460 1.4822859 1.9687411 0.0000010 0.0000010 0.0000010 2.8156829 
Eupdun_Edun_sb10666063                                 0.0000010 0.0000000 0.0578763 0.2119564 0.2914087 0.2923068 0.2923068 1.4325697 1.4325697 0.4113256 0.4113256 0.3114241 0.3123789 0.3123789 0.2764261 0.3212145 0.2877687 0.4539950 0.5680390 0.6447559 0.5402396 0.7169316 0.9544354 0.9682252 0.7174699 1.4049748 0.5886947 0.6194967 0.7344994 1.1774979 0.6821508 0.6917099 3.7127124 0.8166987 0.8175090 0.7098975 0.7217958 0.8414636 0.6879555 0.8434672 0.7416638 0.6032177 0.7106760 0.7658056 0.7519581 0.9250179 0.5843054 0.7456369 0.6567573 0.6417430 0.7622328 0.7553148 0.7642632 0.7337817 0.6422234 3.8346315 1.3091347 0.7477277 4.9512203 0.8809474 0.0000010 1.0398367 1.1380997 0.9517287 0.9703081 1.5654562 0.8761797 1.2006556 1.0306559 3.5583991 1.6380041 1.7567545 1.7185141 2.3763185 0.8248492 3.7151086 1.7417281 3.6927739 
Eupdun_Edun_sb10666057                                 0.0000010 0.0578763 0.0000000 0.2802017 0.3101417 0.3085231 0.3085231 0.3595738 0.3595738 0.3670753 0.3670753 0.2887542 0.3796444 0.3796444 0.3103639 0.3863562 0.3116288 0.4983720 0.5313895 0.6447559 0.5402396 1.4940520 1.4739481 1.5138513 1.3362062 1.4049748 1.1750143 1.1161106 1.1985695 1.1774979 1.1732749 1.1877202 1.1890765 1.2227287 1.2700405 1.2146795 1.2450138 1.2273405 1.2605286 0.8434672 1.2346154 1.1317896 1.0971311 0.7658056 1.1586284 0.9250179 1.1727262 0.8538601 1.2987396 0.7611648 1.4292748 1.4616882 1.4295778 1.3755491 0.7635179 2.3982585 1.7283530 1.3912162 2.3776053 1.4764960 0.0000010 1.5750789 1.3780927 1.2800787 1.4024945 1.6581335 1.9515277 1.9627935 1.8989006 2.6765277 2.1405335 0.7343465 3.0078356 2.3763185 1.7332748 2.5616002 1.8822733 4.2430296 
Vmul_sbMO383344                                        0.0000010 0.2119564 0.2802017 0.0000000 0.1904987 0.1892765 0.1892765 0.2424957 0.2424957 0.2134172 0.2134172 0.2605611 0.2619423 0.2619423 0.2619423 0.2627703 0.4357127 0.3500662 0.4318589 0.0000010 0.4861940 1.7546020 1.3365257 1.3793590 1.2991121 0.7629026 1.1218077 1.0575993 1.1441064 0.0000010 1.1087637 1.1676081 0.0000010 1.2490041 1.1421330 1.2243105 1.2713376 1.2126021 1.1100993 1.6377937 1.0251332 1.0358624 0.8986579 0.4069634 1.0659370 0.0000010 1.1630001 0.7434926 1.0925777 0.7211549 1.3610022 1.4240964 1.3485585 1.3244682 0.7384205 3.4042108 1.1247896 0.9687652 0.0000010 1.3204680 0.0000010 1.3910399 1.3965315 1.2026095 1.2271855 1.6046204 2.0173622 1.9155486 1.8814161 0.0000010 1.7216280 0.1322430 3.0712468 7.6769514 1.4573921 0.0000010 2.0971273 3.6682854 
Beraby_Baby_sb347264                                   1.0412282 0.2914087 0.3101417 0.1904987 0.0000000 0.1932274 0.1932274 0.2070719 0.2070719 0.2702508 0.2702508 0.2566630 0.2867702 0.2867702 0.2717194 0.2955453 0.2971346 0.4383086 0.4820962 0.1779684 0.5775317 1.3893947 1.3486026 1.3496866 1.2501679 1.0408904 1.1289483 1.0387865 1.0326227 0.8109678 1.0218102 1.0285362 1.0166537 1.0544641 1.1622694 1.1055460 1.1306116 1.0649839 1.1828893 0.8880971 1.1452652 1.0630855 1.0897913 0.6374752 1.1007869 1.0547789 1.1641638 0.7939158 1.1871486 0.8297150 1.2208010 1.2334746 1.2176731 1.2266919 0.7786199 2.2521741 1.5932012 1.2618881 2.3841666 1.3107368 0.9131529 1.4430232 1.3858058 1.2792125 1.3122957 1.0072797 1.7492413 1.7795742 1.6559487 2.4740448 1.9359725 0.7022949 2.6543816 1.9396297 1.6877514 2.4792778 1.7914863 3.3560321 
Bolinf_Binf_sb1231605                                  0.2604241 0.2923068 0.3085231 0.1892765 0.1932274 0.0000000 0.0000010 0.0070706 0.0070706 0.2180874 0.2180874 0.2066654 0.2591573 0.2591573 0.2221851 0.2717702 0.2583131 0.3882437 0.4682443 0.2848884 0.4941492 1.4446588 1.3677218 1.3950558 1.2775551 1.0359304 1.1776564 1.0655086 1.0823239 0.9317618 1.0726685 1.1077441 1.0285515 1.1531989 1.1956541 1.1364934 1.1843459 1.0667660 1.2455288 0.8709699 1.1729929 1.0807813 1.0236235 0.7939064 1.0407604 0.8062231 1.1380655 0.7655529 1.1946562 0.7852919 1.3012693 1.3091170 1.2761342 1.2937014 0.7821908 2.0623240 1.5774716 1.2807993 2.3206406 1.4031007 0.7709135 1.4703793 1.3696730 1.3095051 1.3598526 1.1910671 1.9021183 1.8885555 1.7014358 2.2707053 1.9139378 0.5763560 3.0247822 2.0481381 1.6686528 2.5621416 1.8112142 3.5596950 
Bolinf_Binf_sb1231606                                  0.2604241 0.2923068 0.3085231 0.1892765 0.1932274 0.0000010 0.0000000 0.0070706 0.0070706 0.2180874 0.2180874 0.2066654 0.2591573 0.2591573 0.2221851 0.2717702 0.2583131 0.3882437 0.4682443 0.2848884 0.4941492 1.4446588 1.3677218 1.3950558 1.2775551 1.0359304 1.1776564 1.0655086 1.0823239 0.9317618 1.0726685 1.1077441 1.0285515 1.1531989 1.1956541 1.1364934 1.1843459 1.0667660 1.2455288 0.8709699 1.1729929 1.0807813 1.0236235 0.7939064 1.0407604 0.8062231 1.1380655 0.7655529 1.1946562 0.7852919 1.3012693 1.3091170 1.2761342 1.2937014 0.7821908 2.0623240 1.5774716 1.2807993 2.3206406 1.4031007 0.7709135 1.4703793 1.3696730 1.3095051 1.3598526 1.1910671 1.9021183 1.8885555 1.7014358 2.2707053 1.9139378 0.5763560 3.0247822 2.0481381 1.6686528 2.5621416 1.8112142 3.5596950 
Mertsp_Mesp_sb585975                                   0.0000010 1.4325697 0.3595738 0.2424957 0.2070719 0.0070706 0.0070706 0.0000000 0.0000010 0.2419403 0.2419403 0.2302819 0.3074230 0.3074230 0.2801879 0.3289493 1.0964439 0.4205066 0.5001380 0.0000010 1.3138626 2.1791856 1.7370862 1.8075564 1.6702198 0.0000010 1.6041276 1.4437062 1.4165575 0.0000010 1.3882320 1.4314130 1.0285515 1.4259615 1.4122691 1.5463831 1.6131316 1.3060302 1.6970723 0.0000010 1.4965413 1.3609334 1.2992435 0.0000010 1.3162046 0.0000010 1.5711194 1.0210591 1.6691616 1.0769516 1.7562512 1.7801094 1.7137792 1.7461790 1.0505689 2.0875500 1.6287743 1.6416970 2.3206406 1.8370984 0.0000010 1.8780906 1.6538566 1.6640092 1.6991957 1.5243862 2.8660728 2.5612357 2.3415356 2.2707053 2.3217448 0.4345656 4.1619444 0.0000010 1.9552054 2.5621416 1.8112142 4.4292595 
Mertsp_Mesp_sb585976                                   0.0000010 1.4325697 0.3595738 0.2424957 0.2070719 0.0070706 0.0070706 0.0000010 0.0000000 0.2419403 0.2419403 0.2302819 0.3074230 0.3074230 0.2801879 0.3289493 1.0964439 0.4205066 0.5001380 0.0000010 1.3138626 2.1791856 1.7370862 1.8075564 1.6702198 0.0000010 1.6041276 1.4437062 1.4165575 0.0000010 1.3882320 1.4314130 1.0285515 1.4259615 1.4122691 1.5463831 1.6131316 1.3060302 1.6970723 0.0000010 1.4965413 1.3609334 1.2992435 0.0000010 1.3162046 0.0000010 1.5711194 1.0210591 1.6691616 1.0769516 1.7562512 1.7801094 1.7137792 1.7461790 1.0505689 2.0875500 1.6287743 1.6416970 2.3206406 1.8370984 0.0000010 1.8780906 1.6538566 1.6640092 1.6991957 1.5243862 2.8660728 2.5612357 2.3415356 2.2707053 2.3217448 0.4345656 4.1619444 0.0000010 1.9552054 2.5621416 1.8112142 4.4292595 
Drygla_Dgla_sb302492                                   1.0522390 0.4113256 0.3670753 0.2134172 0.2702508 0.2180874 0.2180874 0.2419403 0.2419403 0.0000000 0.0000010 0.2897026 0.2734896 0.2734896 0.2386568 0.2691292 0.3275072 0.4823984 0.5188609 0.2274046 0.5827376 1.5641264 1.4631071 1.4478627 1.3771901 1.1953342 1.1512620 1.1043490 1.0766558 0.9119034 1.0852524 1.1141247 1.1227770 1.1525371 1.2085717 1.1514237 1.1703403 1.0673147 1.2905294 0.9869606 1.1488799 1.0832740 1.0505603 0.7219828 1.0717264 1.0139589 1.1579870 0.8511378 1.2793672 0.8441665 1.3089060 1.3197125 1.2842693 1.3250602 0.8377825 2.2411488 1.5568620 1.2484320 2.5777504 1.3446595 1.0933372 1.5149787 1.4104963 1.3371929 1.3703854 1.0657774 1.9283528 1.9595757 1.8497884 2.5723952 1.9965965 0.7355338 2.8718843 1.9563491 1.7463013 2.3709524 1.9110766 3.5859708 
Drygla_Dgla_sb302494                                   1.0522390 0.4113256 0.3670753 0.2134172 0.2702508 0.2180874 0.2180874 0.2419403 0.2419403 0.0000010 0.0000000 0.2897026 0.2734896 0.2734896 0.2386568 0.2691292 0.3275072 0.4823984 0.5188609 0.2274046 0.5827376 1.5641264 1.4631071 1.4478627 1.3771901 1.1953342 1.1512620 1.1043490 1.0766558 0.9119034 1.0852524 1.1141247 1.1227770 1.1525371 1.2085717 1.1514237 1.1703403 1.0673147 1.2905294 0.9869606 1.1488799 1.0832740 1.0505603 0.7219828 1.0717264 1.0139589 1.1579870 0.8511378 1.2793672 0.8441665 1.3089060 1.3197125 1.2842693 1.3250602 0.8377825 2.2411488 1.5568620 1.2484320 2.5777504 1.3446595 1.0933372 1.5149787 1.4104963 1.3371929 1.3703854 1.0657774 1.9283528 1.9595757 1.8497884 2.5723952 1.9965965 0.7355338 2.8718843 1.9563491 1.7463013 2.3709524 1.9110766 3.5859708 
Lampan_Lpan_15929_01                                   1.1432493 0.3114241 0.2887542 0.2605611 0.2566630 0.2066654 0.2066654 0.2302819 0.2302819 0.2897026 0.2897026 0.0000000 0.3282873 0.3282873 0.2729663 0.3311801 0.3040929 0.3804295 0.4791350 0.3403446 0.5792621 1.3898551 1.3370988 1.3352332 1.2566227 1.1235306 1.1965275 1.1287693 1.0850125 0.8678341 1.0750904 1.1002385 1.1882905 1.1169720 1.2860108 1.1238225 1.1472494 1.0702249 1.2478242 0.9771512 1.1804856 1.1050858 1.0921501 0.8105538 1.1124215 1.0870365 1.1992865 0.8130382 1.2205801 0.8462698 1.2773666 1.3085454 1.2866439 1.2652936 0.8336207 2.2982597 1.5788256 1.2685035 2.5642784 1.3302368 1.0452380 1.4822620 1.2900223 1.2364554 1.3159157 1.1813699 1.8493023 1.8615044 1.7188046 2.6469196 1.8741300 0.8315317 2.7393996 2.0743374 1.7352433 2.6316906 1.8055863 3.5761596 
Horcal_Hcv1.av93.c1.g1665.i1                           1.1732267 0.3123789 0.3796444 0.2619423 0.2867702 0.2591573 0.2591573 0.3074230 0.3074230 0.2734896 0.2734896 0.3282873 0.0000000 0.0000010 0.0199260 0.0316295 0.0407831 0.4435120 0.4914508 0.3319373 0.5470827 1.4523694 1.3371265 1.3658560 1.3048370 1.1551384 1.1256464 1.0496884 1.0310973 0.8151181 1.0260319 1.0468132 0.9603166 1.0440656 1.1919616 1.0694565 1.0873445 1.0268427 1.2259836 0.9475347 1.1244923 1.0612717 1.0556998 0.6594054 1.0660450 1.0710309 1.1076634 0.8316999 1.1797977 0.8052691 1.2404912 1.2739593 1.2305405 1.2345770 0.8040694 2.2729142 1.5095055 1.2131169 2.1661865 1.2879140 0.9583096 1.4402855 1.3231051 1.2541992 1.3469843 1.1067802 1.8730283 1.8650499 1.7833441 2.4119548 1.9778065 0.8312976 2.8087857 2.0515581 1.6786275 2.4338065 1.8868048 3.6963714 
Horcal_Hcv1.av93.c1.g1665.i2                           1.1732267 0.3123789 0.3796444 0.2619423 0.2867702 0.2591573 0.2591573 0.3074230 0.3074230 0.2734896 0.2734896 0.3282873 0.0000010 0.0000000 0.0199260 0.0316295 0.0407831 0.4435120 0.4914508 0.3319373 0.5470827 1.4523694 1.3371265 1.3658560 1.3048370 1.1551384 1.1256464 1.0496884 1.0310973 0.8151181 1.0260319 1.0468132 0.9603166 1.0440656 1.1919616 1.0694565 1.0873445 1.0268427 1.2259836 0.9475347 1.1244923 1.0612717 1.0556998 0.6594054 1.0660450 1.0710309 1.1076634 0.8316999 1.1797977 0.8052691 1.2404912 1.2739593 1.2305405 1.2345770 0.8040694 2.2729142 1.5095055 1.2131169 2.1661865 1.2879140 0.9583096 1.4402855 1.3231051 1.2541992 1.3469843 1.1067802 1.8730283 1.8650499 1.7833441 2.4119548 1.9778065 0.8312976 2.8087857 2.0515581 1.6786275 2.4338065 1.8868048 3.6963714 
Pbac_sb2664657                                         0.7867008 0.2764261 0.3103639 0.2619423 0.2717194 0.2221851 0.2221851 0.2801879 0.2801879 0.2386568 0.2386568 0.2729663 0.0199260 0.0199260 0.0000000 0.0144366 0.0306501 0.3753310 0.4548945 0.3110067 0.5470827 1.2822456 1.2237277 1.2499666 1.1367540 1.1019672 0.9199845 0.8870888 0.9382354 0.7229580 0.9473180 0.9823741 0.0000010 0.9831499 1.1765756 0.9805518 1.0067207 1.0057715 1.0435347 0.8599005 0.9634876 0.9668126 0.8807149 0.6961579 0.9146224 0.8239427 0.9561870 0.8316999 0.9897764 0.8104893 1.1114983 1.1401618 1.0669845 1.0914330 0.7624781 2.6159715 1.3266604 0.9633547 3.3158411 1.1633200 0.8516843 1.2883727 1.2383221 1.0897083 1.1199767 1.0101075 1.6487024 1.5049938 1.4843176 3.1054311 1.5100655 0.6633353 2.2769915 1.8670087 1.5074647 2.1305196 2.0828228 2.9707748 
Pbac_sb2659490                                         0.2446983 0.3212145 0.3863562 0.2627703 0.2955453 0.2717702 0.2717702 0.3289493 0.3289493 0.2691292 0.2691292 0.3311801 0.0316295 0.0316295 0.0144366 0.0000000 0.0377192 0.4408701 0.4962569 0.2624005 0.5470827 1.5265658 1.4046857 1.4373740 1.3098000 1.0600675 1.0917714 1.0257506 1.0443754 0.6788278 1.0288100 1.0575075 1.0561942 1.0665166 1.2031597 1.0661613 1.0918832 1.0448641 1.1723848 0.7766944 1.1227636 1.0026276 0.9778023 0.6961579 1.0189588 0.6590915 1.0554634 0.8316999 1.2042968 0.7723722 1.2888521 1.3242285 1.2632427 1.2693447 0.7602295 2.0722884 1.5354431 1.2210121 2.3254017 1.3359562 0.7547361 1.4484658 1.3396526 1.2634692 1.3254852 1.0894632 1.8373671 1.8463260 1.7759876 2.2660767 1.9678437 0.7877995 2.9904073 1.8660817 1.7087253 2.1829268 1.8761626 3.6690531 
Pbac_sb2658086                                         1.1732267 0.2877687 0.3116288 0.4357127 0.2971346 0.2583131 0.2583131 1.0964439 1.0964439 0.3275072 0.3275072 0.3040929 0.0407831 0.0407831 0.0306501 0.0377192 0.0000000 0.4600570 0.5179601 0.3402284 0.6447501 1.0042079 0.9907870 1.0056883 0.9434467 1.1189741 0.8206149 0.7876794 0.7904460 0.8174612 0.8242136 0.8155008 0.0000010 0.7982499 1.1162105 0.8401751 0.8220559 0.8633747 0.9224049 0.9236927 0.8502490 0.8945472 0.9624398 0.6961579 0.8925746 1.0853202 0.8796352 0.9003570 0.7997227 0.9475467 0.8544558 0.8651974 0.8849524 0.8882382 0.8739797 3.4306785 2.3455594 0.6994015 0.0000010 0.9545980 0.9583096 1.1440248 1.0728766 1.0106778 1.0344587 1.0041387 1.2311633 1.2299016 1.1452436 0.0000010 1.4726344 1.6226944 1.9066025 2.0858482 0.9271433 0.0000010 7.3093736 2.6158960 
Coemet_Cmet_scaffold11007_01                           1.2608613 0.4539950 0.4983720 0.3500662 0.4383086 0.3882437 0.3882437 0.4205066 0.4205066 0.4823984 0.4823984 0.3804295 0.4435120 0.4435120 0.3753310 0.4408701 0.4600570 0.0000000 0.3534788 0.5052936 0.5508569 1.5214155 1.4905082 1.4828220 1.3093756 1.2392922 1.2040353 1.0946285 1.1423893 0.9238684 1.1434054 1.1555909 1.3796975 1.1937282 1.3408406 1.1857187 1.1978712 1.1915427 1.2612960 0.9632136 1.2371224 1.1984400 1.1557503 0.7666169 1.1624026 1.0768755 1.2902855 0.8852052 1.3183860 0.9078104 1.3719773 1.3888990 1.3726697 1.3210889 0.8802682 2.5123691 1.7599407 1.3997874 2.6432638 1.4998029 1.1972346 1.5599498 1.4612083 1.4357158 1.3286730 1.1953215 1.8296762 1.8758696 1.7782546 2.7521712 1.8880603 0.8690248 2.9047576 2.0580734 1.7112951 3.1295212 2.0583622 3.4990636 
Vmul_SimC405682                                        1.2447939 0.5680390 0.5313895 0.4318589 0.4820962 0.4682443 0.4682443 0.5001380 0.5001380 0.5188609 0.5188609 0.4791350 0.4914508 0.4914508 0.4548945 0.4962569 0.5179601 0.3534788 0.0000000 0.5143213 0.6863094 1.4874436 1.4177104 1.3814965 1.3497090 1.1182416 1.2351561 1.1123564 1.1941076 0.8789524 1.1932728 1.2021583 1.0712695 1.2216523 1.4021787 1.2254585 1.2410706 1.1393245 1.2870852 1.0202628 1.2028550 1.1566823 1.1984418 0.9842769 1.2151131 1.0103506 1.2293271 1.0510794 1.3993661 1.0075209 1.3972236 1.4253716 1.4077031 1.3669889 0.9270873 2.4521281 1.7042929 1.4286152 2.6912129 1.5079260 1.1252756 1.5571923 1.4313598 1.3363714 1.3744884 1.1944334 1.9886660 1.9391328 1.8803874 2.5335389 1.9608944 0.9251024 2.9655529 2.0450911 1.6756382 2.9196832 1.9362139 3.5898911 
Mlei_ML0968.g5.i1                                      1.0943042 0.6447559 0.6447559 0.0000010 0.1779684 0.2848884 0.2848884 0.0000010 0.0000010 0.2274046 0.2274046 0.3403446 0.3319373 0.3319373 0.3110067 0.2624005 0.3402284 0.5052936 0.5143213 0.0000000 0.0000010 1.1269326 1.1465596 1.0946397 1.0674107 1.1002837 0.9054948 0.8494048 0.8637211 0.8671464 0.8729281 0.8835619 0.0000010 0.8676996 9.0000000 0.9567250 0.9408109 0.8403442 1.1209842 1.1209842 1.0208754 1.0301773 1.1613904 1.3064236 1.0212395 0.9649831 1.0144389 0.0000010 0.9277821 2.1556475 0.9841885 0.9746814 1.0228294 0.9911661 0.9911661 3.8442761 1.5792814 1.0267111 0.0000010 0.9407195 0.9355107 1.1964017 1.0606876 1.0328395 1.1215555 0.7561652 1.3072867 1.4012613 1.2120108 0.0000010 1.4119594 3.5928629 1.7083562 1.7654618 0.0000010 0.0000010 0.0000010 2.4035151 
Aaur_scaffold6212.g1.t1                                0.0000010 0.5402396 0.5402396 0.4861940 0.5775317 0.4941492 0.4941492 1.3138626 1.3138626 0.5827376 0.5827376 0.5792621 0.5470827 0.5470827 0.5470827 0.5470827 0.6447501 0.5508569 0.6863094 0.0000010 0.0000000 0.2024658 0.3742393 0.3458829 0.3936347 0.4643219 0.6196124 0.6833398 0.6291819 0.0000010 0.6238563 0.6400449 0.0000010 0.6414726 0.6717873 0.6225155 0.6412576 0.6293093 0.6392919 0.9351308 0.6175193 0.6032215 0.5904217 0.8360909 0.6966854 0.0000010 0.6605003 0.8836896 0.6138450 0.7100269 0.6834675 0.6887563 0.7006688 0.6595950 0.6595950 0.9962774 1.1437075 0.6830336 0.0000010 1.0111989 0.0000010 0.6635683 0.8532208 0.7344286 0.8030586 3.6173288 0.7818144 1.2630024 1.1901893 0.0000010 1.2663472 1.3011495 1.8925097 2.8814036 0.6665029 0.0000010 0.0000010 3.0710069 
Aaur_scaffold3472.g2.t1                                0.9251045 0.7169316 1.4940520 1.7546020 1.3893947 1.4446588 1.4446588 2.1791856 2.1791856 1.5641264 1.5641264 1.3898551 1.4523694 1.4523694 1.2822456 1.5265658 1.0042079 1.5214155 1.4874436 1.1269326 0.2024658 0.0000000 0.6839269 0.6552724 0.7580710 0.2419822 1.3813589 1.4161091 1.1567994 0.8756433 1.1450677 1.1850633 0.6350025 1.1600745 1.4730748 1.2156746 1.2219346 1.2499561 1.5354001 1.0332537 1.3713781 1.3449031 1.4260346 1.0828438 1.5408506 1.1329593 1.5114689 0.8718342 1.6380088 1.1637773 1.7587295 1.7846404 1.7065531 1.6922286 1.0553990 3.2117069 2.3917216 1.7665577 2.1020416 1.6378345 1.0243236 1.3604623 1.6751818 1.5211740 1.4518411 1.0318816 2.0532784 2.1264943 1.9886110 2.4934298 1.9618860 3.4343159 2.9223432 2.3032175 1.9295186 2.4003927 3.2941612 3.7015918 
Nemnom_g4509.t1                                        0.7991615 0.9544354 1.4739481 1.3365257 1.3486026 1.3677218 1.3677218 1.7370862 1.7370862 1.4631071 1.4631071 1.3370988 1.3371265 1.3371265 1.2237277 1.4046857 0.9907870 1.4905082 1.4177104 1.1465596 0.3742393 0.6839269 0.0000000 0.2056831 0.6053460 0.4325902 1.2682264 1.2757121 1.0526359 0.8812232 1.0825704 1.0575640 0.6022009 1.0869272 1.2068600 1.0769766 1.0959984 1.1142465 1.3570496 0.9175699 1.2556034 1.2102764 1.2871778 1.0595342 1.5185449 1.1926326 1.4867804 1.1282232 1.5369324 1.0785819 1.6187486 1.6716012 1.6151734 1.5943934 1.0488931 3.2239287 1.9933169 1.6265335 2.0013478 1.6251841 1.0551312 1.2363194 1.4181925 1.3107745 1.4024025 0.9335263 2.0563277 2.1980672 1.9749634 2.1204606 1.7693167 2.7194143 2.8828385 2.3571399 1.5024471 2.4787349 2.3322177 3.4336000 
Rhoesc_Res_000507-T1                                   0.8304382 0.9682252 1.5138513 1.3793590 1.3496866 1.3950558 1.3950558 1.8075564 1.8075564 1.4478627 1.4478627 1.3352332 1.3658560 1.3658560 1.2499666 1.4373740 1.0056883 1.4828220 1.3814965 1.0946397 0.3458829 0.6552724 0.2056831 0.0000000 0.5755611 0.4314726 1.2974888 1.2949000 1.0222949 0.8463218 1.0587475 1.0561324 0.5156510 1.0574392 1.2007538 1.0586719 1.0861512 1.0846958 1.3661691 1.0113768 1.2655966 1.2338890 1.2774490 1.0306634 1.5005211 1.1231839 1.4524043 1.1618695 1.5298172 1.0555064 1.5566396 1.6008896 1.5262818 1.5022401 0.9724907 3.1464186 2.0166103 1.6391037 2.0526381 1.5997307 1.0195942 1.2171628 1.4218480 1.3293194 1.3815576 1.0072237 2.1237798 2.2563049 2.0509682 2.3215509 1.7677726 2.4598970 2.8914553 2.1982376 1.4359311 2.4124225 2.4110087 3.3809181 
Sanmal_Sma_010718-T1                                   0.7755457 0.7174699 1.3362062 1.2991121 1.2501679 1.2775551 1.2775551 1.6702198 1.6702198 1.3771901 1.3771901 1.2566227 1.3048370 1.3048370 1.1367540 1.3098000 0.9434467 1.3093756 1.3497090 1.0674107 0.3936347 0.7580710 0.6053460 0.5755611 0.0000000 0.4214921 1.2115333 1.2501542 0.9846088 0.7318907 1.0279783 1.0003370 0.6979894 1.0508861 1.1961655 1.1048234 1.1124370 1.0675527 1.3584780 0.8875832 1.2848056 1.2371420 1.3215541 0.9037317 1.4234096 1.0902998 1.4311514 1.1245551 1.4622658 1.0683060 1.4966112 1.5284800 1.4658824 1.4912940 1.0189958 2.6523456 1.9333454 1.5388054 1.8285669 1.5677295 1.0506444 1.1335225 1.4131166 1.2650562 1.4375620 0.9353634 2.0388303 2.0492118 1.8902514 1.7942967 1.7335132 2.2193688 2.9479073 2.3350325 1.5387918 2.4273882 2.2211335 3.4631782 
Aaur_scaffold3472.g1.t1                                0.9855879 1.4049748 1.4049748 0.7629026 1.0408904 1.0359304 1.0359304 0.0000010 0.0000010 1.1953342 1.1953342 1.1235306 1.1551384 1.1551384 1.1019672 1.0600675 1.1189741 1.2392922 1.1182416 1.1002837 0.4643219 0.2419822 0.4325902 0.4314726 0.4214921 0.0000000 0.8931141 0.9732011 0.8100603 0.8297391 0.8259056 0.8110900 0.0000010 0.8589438 2.9340507 0.8308580 0.8184671 0.8538540 1.0275858 1.0335970 0.8994127 0.9441835 1.0074537 1.4978286 1.1628407 1.1093271 1.1383411 0.7629026 1.0735187 2.5612216 1.2575073 1.2720772 1.2874732 1.3216547 1.3216547 3.7188428 1.5036580 1.1219303 0.0000010 1.1246329 1.0765743 0.9316694 1.0826787 0.9210276 1.0949947 0.8348897 1.4542184 1.3026216 1.1985225 0.0000010 1.0197899 3.6251160 2.2345877 2.2048810 0.7293374 0.0000010 0.0000010 2.6735541 
Acagra_model.g22810.t1                                 1.0586402 0.5886947 1.1750143 1.1218077 1.1289483 1.1776564 1.1776564 1.6041276 1.6041276 1.1512620 1.1512620 1.1965275 1.1256464 1.1256464 0.9199845 1.0917714 0.8206149 1.2040353 1.2351561 0.9054948 0.6196124 1.3813589 1.2682264 1.2974888 1.2115333 0.8931141 0.0000000 0.4295011 0.9835688 0.7119662 1.0236501 1.0139109 0.8309556 1.0298635 1.1769482 1.0836622 1.0830263 1.0749712 0.6939159 0.5093603 0.7089911 0.7016120 0.9284629 0.6473931 1.2155592 0.8489902 1.1548603 0.8759403 1.1569162 0.7797787 1.3487014 1.3577229 1.3230188 1.3493020 0.8581607 2.5174795 1.7014878 1.2975148 1.7385078 1.3256444 0.9965490 1.3892583 1.3632429 1.2680116 1.0613095 0.9768656 1.7369611 1.9979080 1.8739423 1.4625662 1.8617684 2.6926520 2.9055494 1.8246518 1.6166263 2.4674638 2.3725006 3.6149752 
Cgig_XM_011431284.3                                    1.0887015 0.6194967 1.1161106 1.0575993 1.0387865 1.0655086 1.0655086 1.4437062 1.4437062 1.1043490 1.1043490 1.1287693 1.0496884 1.0496884 0.8870888 1.0257506 0.7876794 1.0946285 1.1123564 0.8494048 0.6833398 1.4161091 1.2757121 1.2949000 1.2501542 0.9732011 0.4295011 0.0000000 0.9401368 0.7335338 0.9849958 0.9772599 0.7561220 1.0186598 1.1319284 1.0516694 1.0682538 1.0613577 0.6797820 0.6109209 0.7327995 0.6727056 0.8982926 0.7727178 1.1245007 0.9274403 1.1293031 0.8783690 1.1629893 0.7488634 1.3402621 1.3357176 1.2766312 1.3092767 0.8350743 2.4990291 1.7150351 1.3502987 1.8242418 1.4093960 1.2081426 1.3848680 1.3260583 1.1925741 1.0880170 0.9660563 1.9242130 1.9784913 1.8878781 1.6030697 1.8073132 2.5182929 3.1053491 1.9794032 1.6874512 1.9207597 2.3537881 3.6315508 
Gasp_gasp1.m3.19074.m1                                 0.9882665 0.7344994 1.1985695 1.1441064 1.0326227 1.0823239 1.0823239 1.4165575 1.4165575 1.0766558 1.0766558 1.0850125 1.0310973 1.0310973 0.9382354 1.0443754 0.7904460 1.1423893 1.1941076 0.8637211 0.6291819 1.1567994 1.0526359 1.0222949 0.9846088 0.8100603 0.9835688 0.9401368 0.0000000 0.0959988 0.1387240 0.1265078 0.0671135 0.1488071 0.1164115 0.2180103 0.2232179 0.4657320 1.0718459 0.7568171 0.8650534 0.8251216 0.9510880 0.7739735 1.0548873 0.7800746 1.0832595 0.8304757 1.1185946 0.7823179 1.2248980 1.2494759 1.2412674 1.2081271 0.7958093 2.4864681 1.5802770 1.2812540 1.7096224 1.2953937 0.9197429 1.1754272 1.0723727 0.9762916 1.1546083 0.9226910 1.8534726 1.8933414 1.7933422 1.3662098 1.6588853 2.0846369 2.6033074 2.0569435 1.4117115 2.1292576 2.0264917 3.6325444 
Fspp_ffun1.m4.31441.m1                                 1.0639565 1.1774979 1.1774979 0.0000010 0.8109678 0.9317618 0.9317618 0.0000010 0.0000010 0.9119034 0.9119034 0.8678341 0.8151181 0.8151181 0.7229580 0.6788278 0.8174612 0.9238684 0.8789524 0.8671464 0.0000010 0.8756433 0.8812232 0.8463218 0.7318907 0.8297391 0.7119662 0.7335338 0.0959988 0.0000000 0.1616982 0.1479644 0.0000010 0.1338301 3.2349121 0.2029939 0.1964031 0.5086170 0.8097631 0.8097631 0.5947071 0.6829359 0.8801028 0.8538127 0.8372113 0.8287081 0.9157592 0.0000010 0.8531804 1.4467781 0.9383230 0.9210803 0.9506754 0.9072552 0.9072552 4.1651275 4.4833305 1.0013554 0.0000010 0.9388007 0.9743455 0.9015722 0.8206256 0.6738666 0.8158959 0.6873446 1.1991580 1.1953298 1.2117876 0.0000010 1.1570049 2.9607050 1.9330707 1.9421527 0.0000010 0.0000010 0.0000010 2.1871040 
Spis_XP_022787260_1                                    1.0568993 0.6821508 1.1732749 1.1087637 1.0218102 1.0726685 1.0726685 1.3882320 1.3882320 1.0852524 1.0852524 1.0750904 1.0260319 1.0260319 0.9473180 1.0288100 0.8242136 1.1434054 1.1932728 0.8729281 0.6238563 1.1450677 1.0825704 1.0587475 1.0279783 0.8259056 1.0236501 0.9849958 0.1387240 0.1616982 0.0000000 0.0608380 0.0159876 0.1987956 0.1761633 0.2670466 0.2816504 0.5036117 1.0762925 0.7704851 0.9135532 0.8622267 1.0062644 0.8128148 1.0945018 0.7706837 1.1186769 0.8022913 1.1063952 0.7587546 1.1794715 1.2097910 1.2130793 1.2234243 0.7757248 2.4952431 1.5890396 1.3048384 1.7406560 1.3406471 0.9626717 1.1587203 1.1123809 0.9896959 1.1483421 0.9014990 1.8348266 1.8683749 1.8206788 1.4319933 1.7262628 2.0724700 2.6509811 2.0680791 1.4971944 2.3253249 1.9843076 3.7439063 
Pocdam_XM_027195346.1                                  1.0374622 0.6917099 1.1877202 1.1676081 1.0285362 1.1077441 1.1077441 1.4314130 1.4314130 1.1141247 1.1141247 1.1002385 1.0468132 1.0468132 0.9823741 1.0575075 0.8155008 1.1555909 1.2021583 0.8835619 0.6400449 1.1850633 1.0575640 1.0561324 1.0003370 0.8110900 1.0139109 0.9772599 0.1265078 0.1479644 0.0608380 0.0000000 0.0000010 0.1849002 0.1563997 0.2484901 0.2587274 0.4859339 1.0734388 0.7724714 0.8957593 0.8524049 0.9931796 0.8186139 1.0674645 0.7486912 1.1127010 0.7866668 1.1244062 0.7591785 1.1575549 1.1874002 1.1924753 1.2059084 0.7647462 2.4782245 1.6117776 1.3225986 1.7080422 1.3351867 0.9405095 1.1619760 1.0932056 0.9715015 1.1391171 0.9035081 1.8498630 1.8769125 1.8020147 1.4920211 1.7211996 2.1555652 2.6466464 2.0712899 1.4397970 2.1849910 1.9418107 3.7163941 
Spis_Spis24932_1                                       0.0000010 3.7127124 1.1890765 0.0000010 1.0166537 1.0285515 1.0285515 1.0285515 1.0285515 1.1227770 1.1227770 1.1882905 0.9603166 0.9603166 0.0000010 1.0561942 0.0000010 1.3796975 1.0712695 0.0000010 0.0000010 0.6350025 0.6022009 0.5156510 0.6979894 0.0000010 0.8309556 0.7561220 0.0671135 0.0000010 0.0159876 0.0000010 0.0000000 0.0676754 0.0863269 0.1416460 0.1416460 0.1193280 1.6616021 0.0000010 1.0390330 0.9414934 0.8890780 0.0000010 0.9360131 0.0000010 0.9208739 0.0000010 1.3098048 0.0000010 1.1601705 1.1492712 1.1516073 1.1260506 0.0000010 2.6344742 1.2606089 1.2606089 1.4464320 1.2328575 0.0000010 0.8114833 0.9933269 1.0013874 1.5469988 0.0000010 2.7548036 3.6008175 2.7297510 1.1363801 2.0063358 4.3003697 3.5247767 0.0000010 1.3107070 2.8031296 0.0000010 2.9436137 
Gfas_gfas1.m1.5033.m1                                  1.0899715 0.8166987 1.2227287 1.2490041 1.0544641 1.1531989 1.1531989 1.4259615 1.4259615 1.1525371 1.1525371 1.1169720 1.0440656 1.0440656 0.9831499 1.0665166 0.7982499 1.1937282 1.2216523 0.8676996 0.6414726 1.1600745 1.0869272 1.0574392 1.0508861 0.8589438 1.0298635 1.0186598 0.1488071 0.1338301 0.1987956 0.1849002 0.0676754 0.0000000 0.1935678 0.2106885 0.2194842 0.4958217 1.1261904 0.7255397 0.9050773 0.8765554 1.0449235 0.7829041 1.0698619 0.7970307 1.0991976 0.8315148 1.1790557 0.8810901 1.2507075 1.2932814 1.2796324 1.2513962 0.8519255 2.4154473 1.6346808 1.3321842 1.6050853 1.3412133 0.8625568 1.1917283 1.0516122 0.9936499 1.1658978 0.9348672 2.0158071 1.9876946 1.7700778 1.4334188 1.7658981 2.0650359 2.6571721 1.9892689 1.5016641 2.2159202 2.0878243 3.6438046 
Fspp_ffun1.m4.7135.m1                                  0.0000010 0.8175090 1.2700405 1.1421330 1.1622694 1.1956541 1.1956541 1.4122691 1.4122691 1.2085717 1.2085717 1.2860108 1.1919616 1.1919616 1.1765756 1.2031597 1.1162105 1.3408406 1.4021787 9.0000000 0.6717873 1.4730748 1.2068600 1.2007538 1.1961655 2.9340507 1.1769482 1.1319284 0.1164115 3.2349121 0.1761633 0.1563997 0.0863269 0.1935678 0.0000000 0.2788178 0.2917800 0.5149997 1.2563038 0.9592564 1.0295199 0.9681885 1.0558467 0.9725753 1.2427001 0.0000010 1.2243311 0.7988527 1.2513673 0.7580106 1.3250633 1.3744759 1.3465892 1.3231076 0.7769767 2.2031522 1.6141921 1.3933246 1.7529213 1.5835610 0.0000010 1.3415383 1.2586439 1.1565783 1.3421795 4.3224931 2.3176589 2.3637601 2.1323372 1.4806676 2.0933887 2.1653173 3.0859318 3.1151284 1.4434207 2.1540946 2.0630002 4.5262707 
Amil_Amillepora16089-RA                                1.0725695 0.7098975 1.2146795 1.2243105 1.1055460 1.1364934 1.1364934 1.5463831 1.5463831 1.1514237 1.1514237 1.1238225 1.0694565 1.0694565 0.9805518 1.0661613 0.8401751 1.1857187 1.2254585 0.9567250 0.6225155 1.2156746 1.0769766 1.0586719 1.1048234 0.8308580 1.0836622 1.0516694 0.2180103 0.2029939 0.2670466 0.2484901 0.1416460 0.2106885 0.2788178 0.0000000 0.0116039 0.5446124 1.1731837 0.7980514 1.0168163 0.9815806 1.0003821 0.8289083 1.1521128 0.8383914 1.1557611 0.8688923 1.1480603 0.8427575 1.2695210 1.3104680 1.2945055 1.2768581 0.8302462 2.6719739 1.7327711 1.4099354 1.7470472 1.4048141 0.9695774 1.2232459 1.0744905 1.0053430 1.2262516 0.9252468 1.8643938 1.8967304 1.7911987 1.6192359 1.7555521 2.4744466 2.7522364 2.0543326 1.5545102 2.3786864 2.1130844 3.6547517 
Adig_XM_015895697.1                                    1.0457450 0.7217958 1.2450138 1.2713376 1.1306116 1.1843459 1.1843459 1.6131316 1.6131316 1.1703403 1.1703403 1.1472494 1.0873445 1.0873445 1.0067207 1.0918832 0.8220559 1.1978712 1.2410706 0.9408109 0.6412576 1.2219346 1.0959984 1.0861512 1.1124370 0.8184671 1.0830263 1.0682538 0.2232179 0.1964031 0.2816504 0.2587274 0.1416460 0.2194842 0.2917800 0.0116039 0.0000000 0.5516734 1.1853494 0.7975899 1.0279181 0.9916449 1.0361536 0.8489084 1.1695163 0.8231728 1.1741069 0.8858609 1.1723090 0.8398225 1.2689564 1.3092154 1.2963263 1.2732846 0.8225577 2.6225062 1.7428852 1.4290901 1.7697046 1.4181016 0.9479364 1.2515004 1.0815760 1.0222774 1.2541831 0.9484619 1.8511743 1.9058994 1.7652886 1.6452138 1.7934411 2.5565771 2.7849345 2.0328926 1.5088370 2.4076112 2.0583510 3.7078096 
Nvec_v1g234547                                         1.0334301 0.8414636 1.2273405 1.2126021 1.0649839 1.0667660 1.0667660 1.3060302 1.3060302 1.0673147 1.0673147 1.0702249 1.0268427 1.0268427 1.0057715 1.0448641 0.8633747 1.1915427 1.1393245 0.8403442 0.6293093 1.2499561 1.1142465 1.0846958 1.0675527 0.8538540 1.0749712 1.0613577 0.4657320 0.5086170 0.5036117 0.4859339 0.1193280 0.4958217 0.5149997 0.5446124 0.5516734 0.0000000 1.1033089 0.7894033 0.9671974 0.9699963 0.9686957 0.6908645 1.0197282 0.7557417 1.0530157 0.8163193 1.1598004 0.8594314 1.2504096 1.2868712 1.2457544 1.2703151 0.8518223 2.3073267 1.5946037 1.2814655 1.8603254 1.2835446 0.8800631 1.2245328 1.0682394 0.9667021 1.2218131 1.0494452 1.8766151 1.8236718 1.7347450 1.5759499 1.7183518 2.1164833 2.6910767 1.9711086 1.3940511 2.1673981 1.8629266 3.7710351 
Ctel_gnl_WGS_AMQN_CAPTEDRAFT_mRNA139702                1.0725060 0.6879555 1.2605286 1.1100993 1.1828893 1.2455288 1.2455288 1.6970723 1.6970723 1.2905294 1.2905294 1.2478242 1.2259836 1.2259836 1.0435347 1.1723848 0.9224049 1.2612960 1.2870852 1.1209842 0.6392919 1.5354001 1.3570496 1.3661691 1.3584780 1.0275858 0.6939159 0.6797820 1.0718459 0.8097631 1.0762925 1.0734388 1.6616021 1.1261904 1.2563038 1.1731837 1.1853494 1.1033089 0.0000000 0.0254477 0.8099843 0.7827777 0.9150900 0.7985757 1.2961085 0.9619680 1.2335907 0.8471979 1.2998536 0.8059102 1.3410304 1.3624775 1.3167300 1.3117759 0.8383788 2.4442042 1.7816623 1.4096242 1.9120519 1.3900470 1.0292369 1.4317143 1.3538042 1.2055506 1.0488995 0.9996620 1.9217994 2.1202505 1.9461281 1.9528785 1.8938816 2.7003230 3.0479373 1.7547058 1.7731465 2.2695094 2.2861546 3.7495522 
Ctel_gnl_WGS_AMQN_CAPTEDRAFT_mRNA218005                1.0725060 0.8434672 0.8434672 1.6377937 0.8880971 0.8709699 0.8709699 0.0000010 0.0000010 0.9869606 0.9869606 0.9771512 0.9475347 0.9475347 0.8599005 0.7766944 0.9236927 0.9632136 1.0202628 1.1209842 0.9351308 1.0332537 0.9175699 1.0113768 0.8875832 1.0335970 0.5093603 0.6109209 0.7568171 0.8097631 0.7704851 0.7724714 0.0000010 0.7255397 0.9592564 0.7980514 0.7975899 0.7894033 0.0254477 0.0000000 0.5628899 0.6401083 0.6177648 0.8826092 0.8964771 0.9619680 0.8513802 1.0256122 0.8659673 0.9829302 0.9326574 0.9298927 0.9441484 0.9223878 0.9223878 2.7675165 3.9848194 0.9684684 0.0000010 1.0486275 1.0292369 1.0541164 0.9789965 0.9141417 0.7074993 0.7619698 1.0084782 1.1958082 1.1123842 0.0000010 1.4229916 3.0543344 1.8335813 1.6697797 3.2634844 0.0000010 0.0000010 2.5481292 
Spur_XM_030974163.1                                    0.9347495 0.7416638 1.2346154 1.0251332 1.1452652 1.1729929 1.1729929 1.4965413 1.4965413 1.1488799 1.1488799 1.1804856 1.1244923 1.1244923 0.9634876 1.1227636 0.8502490 1.2371224 1.2028550 1.0208754 0.6175193 1.3713781 1.2556034 1.2655966 1.2848056 0.8994127 0.7089911 0.7327995 0.8650534 0.5947071 0.9135532 0.8957593 1.0390330 0.9050773 1.0295199 1.0168163 1.0279181 0.9671974 0.8099843 0.5628899 0.0000000 0.4150545 0.7561732 0.6168193 1.0598618 0.8288037 0.9951032 0.8746613 1.1863714 0.8564126 1.3469531 1.3280966 1.3349191 1.3065486 0.8379592 2.4113104 1.5448759 1.2428996 1.7219020 1.2988256 0.8305289 1.2965726 1.3124962 1.2387428 1.0000045 1.0395835 1.8438378 1.9979487 1.7851475 1.7758734 1.7085233 2.1051319 2.7308782 1.6876759 1.4574137 1.9485646 2.0407209 4.0598623 
Skow_XM_006820077.1                                    1.1336064 0.6032177 1.1317896 1.0358624 1.0630855 1.0807813 1.0807813 1.3609334 1.3609334 1.0832740 1.0832740 1.1050858 1.0612717 1.0612717 0.9668126 1.0026276 0.8945472 1.1984400 1.1566823 1.0301773 0.6032215 1.3449031 1.2102764 1.2338890 1.2371420 0.9441835 0.7016120 0.6727056 0.8251216 0.6829359 0.8622267 0.8524049 0.9414934 0.8765554 0.9681885 0.9815806 0.9916449 0.9699963 0.7827777 0.6401083 0.4150545 0.0000000 0.6684436 0.5216522 0.9531786 0.8185134 0.9654359 0.8646897 1.1398545 0.7589218 1.2379582 1.2417133 1.2238268 1.2361952 0.7641344 2.2885039 1.4922766 1.1797910 1.9776127 1.2634847 1.0036853 1.2194197 1.3324391 1.1957700 0.9161594 1.0076797 1.7351058 1.8473202 1.7898907 1.4840263 1.7478774 2.5289893 2.6604432 1.7069078 1.5234538 1.5349942 1.8181530 3.6461094 
Bralan_BLAG18000748_1                                  1.2853996 0.7106760 1.0971311 0.8986579 1.0897913 1.0236235 1.0236235 1.2992435 1.2992435 1.0505603 1.0505603 1.0921501 1.0556998 1.0556998 0.8807149 0.9778023 0.9624398 1.1557503 1.1984418 1.1613904 0.5904217 1.4260346 1.2871778 1.2774490 1.3215541 1.0074537 0.9284629 0.8982926 0.9510880 0.8801028 1.0062644 0.9931796 0.8890780 1.0449235 1.0558467 1.0003821 1.0361536 0.9686957 0.9150900 0.6177648 0.7561732 0.6684436 0.0000000 0.5929123 1.0072165 0.8445711 1.0696665 0.8266622 1.0252118 0.7308515 1.2438155 1.2790845 1.2241642 1.2062499 0.7986841 2.3101260 1.5516875 1.1865786 1.8746469 1.2137361 1.0427151 1.3601547 1.2281233 1.1783691 1.1000895 1.0328648 1.8003980 1.9272460 1.8531196 1.7531465 1.9160671 1.8608784 2.7205691 1.9164334 1.6604797 1.7587293 2.1715489 3.8114567 
Stycar_maker-SC_scaffold127866-snap-gene-0.186-mRNA-1  0.0000010 0.7658056 0.7658056 0.4069634 0.6374752 0.7939064 0.7939064 0.0000010 0.0000010 0.7219828 0.7219828 0.8105538 0.6594054 0.6594054 0.6961579 0.6961579 0.6961579 0.7666169 0.9842769 1.3064236 0.8360909 1.0828438 1.0595342 1.0306634 0.9037317 1.4978286 0.6473931 0.7727178 0.7739735 0.8538127 0.8128148 0.8186139 0.0000010 0.7829041 0.9725753 0.8289083 0.8489084 0.6908645 0.7985757 0.8826092 0.6168193 0.5216522 0.5929123 0.0000000 0.6279287 0.6703863 0.5523211 0.9377232 0.6079836 0.9547279 0.9023557 0.9495712 0.9298105 0.9560430 0.9560430 0.9962774 4.6226916 0.4089324 0.0000010 0.6037616 0.0000010 1.0850172 0.9467673 0.8464177 0.8876241 1.5425258 0.7977907 0.9527153 1.1560874 0.0000010 1.7092117 1.4274057 1.5145251 2.1134377 0.4810648 0.0000010 0.0000010 2.6798001 
Opea_EP00118_Oscarella_pearsei_P007443                 1.4714420 0.7519581 1.1586284 1.0659370 1.1007869 1.0407604 1.0407604 1.3162046 1.3162046 1.0717264 1.0717264 1.1124215 1.0660450 1.0660450 0.9146224 1.0189588 0.8925746 1.1624026 1.2151131 1.0212395 0.6966854 1.5408506 1.5185449 1.5005211 1.4234096 1.1628407 1.2155592 1.1245007 1.0548873 0.8372113 1.0945018 1.0674645 0.9360131 1.0698619 1.2427001 1.1521128 1.1695163 1.0197282 1.2961085 0.8964771 1.0598618 0.9531786 1.0072165 0.6279287 0.0000000 0.0000010 0.5860081 0.8910069 1.1561348 0.8520815 1.3077345 1.3005309 1.2980753 1.2629717 0.8165336 2.4733130 1.4450174 1.1110506 1.7517206 1.2031764 0.9523429 1.4336991 1.3871454 1.2810680 1.3434182 0.9068718 1.8404055 1.9521617 1.8555941 1.6167209 1.9387370 2.1094047 2.7752182 1.9250088 1.6337036 1.9987008 1.4680971 4.0697599 
Ocar_g10665                                            1.4714420 0.9250179 0.9250179 0.0000010 1.0547789 0.8062231 0.8062231 0.0000010 0.0000010 1.0139589 1.0139589 1.0870365 1.0710309 1.0710309 0.8239427 0.6590915 1.0853202 1.0768755 1.0103506 0.9649831 0.0000010 1.1329593 1.1926326 1.1231839 1.0902998 1.1093271 0.8489902 0.9274403 0.7800746 0.8287081 0.7706837 0.7486912 0.0000010 0.7970307 0.0000010 0.8383914 0.8231728 0.7557417 0.9619680 0.9619680 0.8288037 0.8185134 0.8445711 0.6703863 0.0000010 0.0000000 0.4469837 0.0000010 0.9837638 1.4815229 0.9296165 0.9302890 0.9527820 0.8352125 0.8352125 3.7277928 0.0000010 0.7224089 0.0000010 0.7775776 0.9523429 1.0128965 1.0897647 1.0118246 0.8488256 0.5009493 1.0697364 1.1740645 1.2242951 0.0000010 1.2011643 4.1823280 1.7476840 1.7298845 0.0000010 0.0000010 0.0000010 2.4361947 
Plajan_Pjan_C568688_01                                 1.5176356 0.5843054 1.1727262 1.1630001 1.1641638 1.1380655 1.1380655 1.5711194 1.5711194 1.1579870 1.1579870 1.1992865 1.1076634 1.1076634 0.9561870 1.0554634 0.8796352 1.2902855 1.2293271 1.0144389 0.6605003 1.5114689 1.4867804 1.4524043 1.4311514 1.1383411 1.1548603 1.1293031 1.0832595 0.9157592 1.1186769 1.1127010 0.9208739 1.0991976 1.2243311 1.1557611 1.1741069 1.0530157 1.2335907 0.8513802 0.9951032 0.9654359 1.0696665 0.5523211 0.5860081 0.4469837 0.0000000 0.9007097 1.2069092 0.9108979 1.3216529 1.3074707 1.2811756 1.2936280 0.9305862 2.2791069 1.4469673 1.1372124 1.9539063 1.2567422 1.0905993 1.5660473 1.3648905 1.2823222 1.3759219 0.9312901 1.8526205 1.8979032 1.7512502 1.8416410 1.9739781 2.2273945 2.6707461 2.0536112 1.7069495 2.0384859 1.7135498 4.0151806 
