68
Stycar_snap_masked-SC_scaffold145639-processed-gene-0.180-mRNA-1 0.0000000 0.0815927 1.4700844 1.1421967 1.3977473 1.2827101 1.3070444 1.1885390 0.8987343 0.6122886 0.8988124 0.7787503 0.6100631 0.9088527 0.9144097 0.8755544 0.7976727 0.8099318 0.8361674 0.5697501 1.1792228 0.8502124 0.9148824 1.0505502 0.9485469 0.7683253 0.7698889 0.8653270 0.6938562 0.9819978 0.9754405 0.7979276 1.0055132 0.8618547 0.8555917 0.6951296 0.6828026 0.4989515 0.5470445 0.6963482 0.7026366 0.6975814 1.2896925 1.2512822 1.3008567 1.3139407 1.3298337 1.3575054 1.0289351 1.1968992 1.0918507 1.1549046 1.1068384 1.5598134 1.4192104 1.0410519 1.0200344 1.0372955 1.1252724 1.1761659 1.1056079 1.2459682 1.2459682 1.1776014 1.2522070 2.7609800 6.5114253 3.1501756 
Stycar_snap_masked-SC_scaffold68117-processed-gene-0.2-mRNA-1    0.0815927 0.0000000 1.4700844 1.3792160 2.1965706 1.8493747 1.8761520 1.4371247 1.1637939 0.4141229 1.1972916 0.9917951 0.4074972 1.0445243 1.1260959 0.9255389 0.9055045 0.9055045 0.9609937 0.3684081 2.8843999 0.9985338 1.1175095 0.4450612 1.3552082 0.9910562 0.9814871 1.1800914 0.7972993 1.2142644 1.0085554 0.9783673 1.2221006 5.6302747 0.9968318 0.6426004 0.6488617 0.4722161 0.5769120 0.4390870 0.6041019 0.5455267 1.7307306 1.6081153 1.6850804 1.8062861 1.9256046 1.7801242 1.1017448 0.9681812 0.9171148 0.9934868 0.9444916 8.9999986 9.0000000 0.7129479 0.7530609 0.7465946 0.9712915 1.0811231 0.8559406 1.0862405 1.0862405 1.0095487 3.1471478 2.7050433 8.9999990 5.2570094 
Morvir_scaffold122.g30.t1                                        1.4700844 1.4700844 0.0000000 2.5446867 2.6046393 1.9849918 2.3294748 2.7281503 1.0123890 0.4715602 1.0296933 0.6057480 9.0000000 0.8683242 0.9991293 0.9375881 0.8618117 0.8618117 0.9375881 0.4083892 1.5336784 1.2423773 1.0483144 0.4728383 1.3930233 1.0879190 1.2747473 1.2987248 0.5897867 1.1991785 1.0722568 1.2769627 1.9059917 0.0000010 0.8127233 0.9755762 0.6275016 2.1066564 2.0899089 1.4694025 1.3256646 1.3290941 1.9969221 1.9708504 2.0675302 2.3061631 2.0519481 2.3515534 1.8115346 1.6855386 1.3986327 1.7268390 1.9899839 0.0000010 0.0000010 0.7026259 1.2877322 1.3014189 1.0833597 1.4784250 1.0527620 1.4903136 1.4903136 1.7445810 8.9999985 2.8185611 0.0000010 8.9999990 
Scil_scict021857.1                                               1.1421967 1.3792160 2.5446867 0.0000000 0.1953692 0.1462046 0.1775306 0.3744095 0.6221637 0.4742542 0.5897570 0.6084909 0.4360669 0.4920376 0.5222772 0.5278603 0.5026200 0.5092020 0.5278603 0.4146357 0.5224909 0.5112285 0.5076445 0.5698058 0.6215804 0.4710310 0.5243945 0.4989873 0.4399992 0.7153660 0.5873191 0.5739565 0.6012242 0.3296057 0.5278025 0.5618520 0.5896043 0.6778325 0.6988702 0.9120393 0.9362906 1.0146179 0.8629946 0.8529752 0.8603939 0.8441611 0.8211325 0.9227958 0.6996082 1.1876608 1.2156647 1.2124236 1.2313740 1.1397542 0.9486546 0.9369749 1.1082813 1.0280285 1.0678081 1.1998462 0.9937843 1.1356143 1.1356143 1.1158199 0.7828608 4.6272255 1.6912570 3.1592448 
Lcom_lcpid27207                                                  1.3977473 2.1965706 2.6046393 0.1953692 0.0000000 0.1343954 0.1810138 0.3323104 0.7035317 0.5324639 0.7027269 0.6353369 0.4721792 0.5264058 0.5713451 0.5458611 0.5270497 0.5266982 0.5458611 0.4396439 0.4495980 0.5587265 0.5526378 0.5104169 0.6696708 0.5405712 0.5852860 0.5897186 0.5076886 0.7284700 0.6792950 0.6071917 0.6694024 0.3226118 0.5876838 0.6114055 0.6728813 0.7214289 0.7528029 0.9710297 0.9906108 1.0591328 0.9406581 0.9396922 0.9251649 0.9296692 0.8988421 0.9799717 0.7563138 1.2811418 1.2402375 1.2609911 1.2068536 1.0654796 0.9104446 1.0192344 1.1849093 1.1521207 1.0511755 1.1491231 1.0873930 1.1979685 1.1979685 1.1905207 0.7626829 5.8332054 2.0244672 3.3854730 
Leuniv_Lniv_scaffold18479_01                                     1.2827101 1.8493747 1.9849918 0.1462046 0.1343954 0.0000000 0.1513471 0.3364853 0.6562468 0.4990955 0.6331026 0.6365125 0.4233928 0.4900831 0.4980380 0.5069971 0.4919979 0.4894396 0.5069971 0.4162494 0.4669336 0.5270949 0.4979447 0.5456286 0.6661581 0.4978192 0.5324827 0.5789277 0.4514931 0.7287340 0.6353843 0.5991794 0.6472054 0.3679871 0.5766838 0.6084518 0.6598111 0.6683944 0.6951243 0.9250098 0.9430359 1.0180845 0.8717866 0.8717993 0.8634977 0.8671988 0.8426838 0.9267938 0.7139528 1.2349770 1.2581967 1.2687795 1.2519396 1.1352851 0.9893244 1.0138486 1.1989553 1.1295575 1.1435411 1.2344516 1.0584429 1.2229880 1.2229880 1.1757173 0.8246327 4.9795932 1.8323513 3.4471185 
Gracom_Gcom_scaffold17076_01                                     1.3070444 1.8761520 2.3294748 0.1775306 0.1810138 0.1513471 0.0000000 0.3764172 0.6128507 0.4648844 0.5975840 0.6286350 0.4045023 0.4907973 0.4826607 0.4530250 0.4514438 0.4489681 0.4530250 0.4079975 0.4360676 0.5331210 0.4960507 0.5226247 0.5878822 0.4991006 0.5181792 0.5930302 0.4663431 0.7148868 0.6740483 0.6059695 0.6744169 0.3537861 0.5493403 0.5749410 0.6629626 0.7268393 0.7437246 0.9039553 0.9124940 1.0070341 0.9201313 0.9105109 0.9181592 0.9155387 0.8907047 0.9781090 0.7457810 1.2966600 1.2990681 1.3204921 1.2808460 1.1720617 1.0252639 1.0152197 1.2476039 1.1757457 1.1610568 1.3067078 1.1218773 1.2673566 1.2673566 1.2436453 0.8711682 8.9999989 1.8081926 3.7308421 
Clacor_Ccor_scaffold7466_01                                      1.1885390 1.4371247 2.7281503 0.3744095 0.3323104 0.3364853 0.3764172 0.0000000 0.6186756 0.4191058 0.6110458 0.6187385 0.3645273 0.5250112 0.5557668 0.5196967 0.5321928 0.5420145 0.5375647 0.3667053 0.4921501 0.5685450 0.5458938 0.4600901 0.6064569 0.4571472 0.5950644 0.5998231 0.4679369 0.6923132 0.6587369 0.6763311 0.5896733 0.3319406 0.5024562 0.5387687 0.5717816 0.5651214 0.6208793 0.7928424 0.8779716 0.9693573 0.9551334 0.9397296 0.9237466 0.9101913 0.9144834 0.9587395 0.7168553 1.1485987 1.0508917 1.1147420 1.0586128 1.0823194 0.8871347 0.9252028 0.9882585 0.9737661 0.9931757 1.0878156 1.0453038 0.9961137 0.9961137 1.0787691 0.7702484 2.7235726 1.4825265 3.1928932 
Nemnom_g16094.t1                                                 0.8987343 1.1637939 1.0123890 0.6221637 0.7035317 0.6562468 0.6128507 0.6186756 0.0000000 0.0000010 0.1009918 0.2916200 0.2002749 0.3027756 0.3197680 0.3279300 0.3061531 0.3070206 0.2986513 0.2295110 0.3747190 0.3309689 0.3544285 0.3124690 0.4175048 0.3288706 0.3991022 0.3697232 0.3239312 0.3678014 0.5094914 0.4325128 0.4869413 0.3823088 0.4092747 0.4112190 0.4667215 0.5657424 0.6169250 0.6537141 0.6794452 0.7167364 0.7576273 0.7707188 0.7852328 0.7938507 0.7614763 0.7920777 0.6655085 1.1724379 1.1184283 1.1464047 1.1461728 1.1570656 0.9765180 0.9019760 1.0522676 1.0024514 0.9191480 1.0430677 0.9583625 1.0445879 1.0445879 1.1695799 0.9666135 2.3922755 1.5734028 3.8661103 
Rhoesc_Res_001229-T1                                             0.6122886 0.4141229 0.4715602 0.4742542 0.5324639 0.4990955 0.4648844 0.4191058 0.0000010 0.0000000 0.0839761 0.1956848 0.2002749 0.2046081 0.2140732 0.2109906 0.2103534 0.2108720 0.2109906 0.2178032 0.2529463 0.2076993 0.2486109 0.2901549 0.2898991 0.2146881 0.2495422 0.2368878 0.2410363 0.2666883 0.3518666 0.2910407 0.3604147 0.3823088 0.3026895 0.3167742 0.4037684 0.3633619 0.3817478 0.5048101 0.4898031 0.5292792 0.6040109 0.6165847 0.6312680 0.6312680 0.6181184 0.6298023 0.6298023 0.9630783 0.9521515 0.9422957 0.9521515 1.1570656 0.9765180 0.8932562 0.8932562 0.8445370 0.8527262 0.8527262 0.8852769 0.9057680 0.9057680 0.9212550 0.9666135 2.1965976 1.5734028 3.0124545 
Sanmal_Sma_026793-T1                                             0.8988124 1.1972916 1.0296933 0.5897570 0.7027269 0.6331026 0.5975840 0.6110458 0.1009918 0.0839761 0.0000000 0.2945965 0.2127100 0.2955913 0.3080284 0.3189456 0.2975025 0.2983163 0.2945221 0.2277742 0.3707532 0.3209942 0.3237209 0.2818654 0.4012599 0.3327143 0.3967446 0.3750480 0.3137193 0.3805195 0.5117179 0.4607801 0.4629604 0.3288775 0.4118617 0.3899134 0.4594228 0.5722361 0.6067378 0.6270235 0.6454998 0.7084551 0.7657996 0.7851739 0.7728661 0.7814641 0.7625221 0.7619058 0.6365929 1.1143259 1.0602240 1.0877359 1.0845204 1.0967179 0.9909114 0.8807897 1.0417952 0.9864648 0.9507070 1.0943121 0.9159556 1.0739659 1.0739659 1.1213785 0.8893963 2.0687498 1.4752673 3.3018232 
Hvul_g2850_1                                                     0.7787503 0.9917951 0.6057480 0.6084909 0.6353369 0.6365125 0.6286350 0.6187385 0.2916200 0.1956848 0.2945965 0.0000000 0.1781674 0.3576436 0.3502468 0.3233497 0.3033102 0.2959116 0.3017147 0.2111779 0.3558562 0.3375347 0.3495970 0.2700941 0.4309990 0.3683499 0.3883255 0.4040722 0.3708508 0.2392560 0.5021273 0.4389981 0.4738729 0.3472600 0.4105139 0.3775098 0.4620353 0.5142205 0.5339258 0.5615665 0.6369407 0.6567671 0.7227827 0.7226816 0.6984111 0.6912027 0.7070735 0.7290548 0.6369703 1.0050358 0.9682082 0.9795006 0.9596230 1.0201938 0.9530828 0.7973717 0.8959380 0.9150626 0.8156552 0.9103482 0.8641788 0.9974400 0.9974400 0.9938338 0.7695851 2.2347693 1.4262479 4.4129488 
Morvir_scaffold122.g29.t1                                        0.6100631 0.4074972 9.0000000 0.4360669 0.4721792 0.4233928 0.4045023 0.3645273 0.2002749 0.2002749 0.2127100 0.1781674 0.0000000 0.2160151 0.2085552 0.1945489 0.1978394 0.2018275 0.1945489 0.2016545 0.2331078 0.1827846 0.2080908 0.3426216 0.2858874 0.2072110 0.2252988 0.2460597 0.2316265 0.2320933 0.3070887 0.2609855 0.2828541 0.3228709 0.2761397 0.2982522 0.3506709 0.3338075 0.3451453 0.4874467 0.4704265 0.5120271 0.4997897 0.5131821 0.5047864 0.5047864 0.5007748 0.5409668 0.5409668 0.8903254 0.8813321 0.8813321 0.8813321 1.0841372 1.0001017 0.8920691 0.8920691 0.8114744 0.8597370 0.8597370 0.8394386 0.8508211 0.8508211 0.8835487 0.7743298 2.0580855 1.3772541 2.3939518 
Dgig_XM_028540268.1                                              0.9088527 1.0445243 0.8683242 0.4920376 0.5264058 0.4900831 0.4907973 0.5250112 0.3027756 0.2046081 0.2955913 0.3576436 0.2160151 0.0000000 0.0547755 0.1979654 0.1712476 0.1651907 0.1727577 0.1340588 0.2240441 0.2118039 0.2034828 0.2115268 0.3638236 0.3146573 0.3369989 0.3556663 0.2999277 0.4397503 0.4133894 0.3397049 0.4236398 0.2763963 0.3057136 0.3844706 0.4282223 0.4652706 0.4830698 0.5666028 0.5945724 0.6926063 0.6972531 0.6921761 0.6966607 0.7119978 0.6878268 0.7535231 0.6071806 1.0618275 1.0732393 1.0624467 1.0652041 1.0825496 0.9752748 0.8545899 1.0101893 0.9807846 0.8712834 0.9696560 0.8952307 1.0338253 1.0338253 0.9545885 0.7579527 2.6506564 1.6243396 3.4249218 
Xesp_012512-T1                                                   0.9144097 1.1260959 0.9991293 0.5222772 0.5713451 0.4980380 0.4826607 0.5557668 0.3197680 0.2140732 0.3080284 0.3502468 0.2085552 0.0547755 0.0000000 0.1775649 0.1516375 0.1457418 0.1530521 0.1209652 0.1905621 0.1974295 0.1830561 0.1829917 0.3717599 0.3409129 0.3476393 0.3523310 0.3109931 0.4252683 0.4409389 0.3861145 0.4453900 0.2849778 0.2999960 0.3947515 0.4355012 0.4737759 0.4955967 0.5996180 0.6204400 0.6821917 0.7306997 0.7302312 0.7350676 0.7508752 0.7257424 0.7910456 0.6315270 1.0451441 1.0568535 1.0460216 1.0487936 1.0600019 0.9579837 0.8419849 1.0116171 0.9627534 0.8859720 0.9986652 0.8978710 1.0237412 1.0237412 0.9348559 0.7588542 2.8380214 1.4904807 3.4111903 
Gasp_gasp1.m3.13297.m1                                           0.8755544 0.9255389 0.9375881 0.5278603 0.5458611 0.5069971 0.4530250 0.5196967 0.3279300 0.2109906 0.3189456 0.3233497 0.1945489 0.1979654 0.1775649 0.0000000 0.0408584 0.0361343 0.0223282 0.0147432 0.0588984 0.1391416 0.1516466 0.0648601 0.3399681 0.3288716 0.3742010 0.3704820 0.2958061 0.4014636 0.3675815 0.3417465 0.4324680 0.2775137 0.3028049 0.3256273 0.4018821 0.4914816 0.5261792 0.5760962 0.6146786 0.6432419 0.6446280 0.6470587 0.6475551 0.6637090 0.6524928 0.7085777 0.5749146 1.0111067 0.9455891 1.0145093 0.9346779 0.9898206 0.8878214 0.7633744 0.8898310 0.8956713 0.8651471 0.9772888 0.8899513 0.9329518 0.9329518 0.9011677 0.7434990 2.5600682 1.4988043 3.2297032 
Spis_XP_022804185_1                                              0.7976727 0.9055045 0.8618117 0.5026200 0.5270497 0.4919979 0.4514438 0.5321928 0.3061531 0.2103534 0.2975025 0.3033102 0.1978394 0.1712476 0.1516375 0.0408584 0.0000000 0.0043663 0.0176177 0.0247864 0.0518577 0.1141002 0.1323919 0.0845074 0.3280868 0.2868426 0.3342287 0.3194679 0.2821034 0.3839010 0.3661120 0.2960276 0.3917968 0.2651120 0.2965864 0.3229510 0.3897777 0.4639935 0.5003481 0.5548234 0.5896086 0.6081687 0.6339921 0.6332700 0.6168820 0.6357044 0.6332030 0.6779249 0.5598470 0.9812162 0.9309373 0.9849406 0.9321175 1.0100412 0.8960632 0.7683209 0.8682024 0.8721591 0.8468799 0.9303529 0.8718545 0.9088809 0.9088809 0.8868160 0.7585053 2.3758319 1.4232251 3.0712688 
Pocdam_XM_027184958.1                                            0.8099318 0.9055045 0.8618117 0.5092020 0.5266982 0.4894396 0.4489681 0.5420145 0.3070206 0.2108720 0.2983163 0.2959116 0.2018275 0.1651907 0.1457418 0.0361343 0.0043663 0.0000000 0.0131463 0.0197158 0.0458291 0.1196565 0.1268777 0.0744325 0.3322269 0.2909812 0.3388584 0.3241550 0.2816185 0.3760658 0.3658204 0.3033890 0.4001670 0.2764583 0.2888875 0.3307563 0.3945193 0.4698891 0.5065005 0.5544852 0.5892860 0.6078456 0.6414381 0.6407197 0.6245911 0.6436147 0.6395782 0.6862994 0.5672184 0.9674133 0.9178665 0.9712524 0.9190085 0.9898206 0.8878214 0.7633744 0.8629543 0.8688066 0.8435251 0.9266389 0.8684327 0.9053082 0.9053082 0.8743726 0.7434990 2.3758319 1.4988043 3.1536087 
Fspp_ffun1.m4.28491.m1                                           0.8361674 0.9609937 0.9375881 0.5278603 0.5458611 0.5069971 0.4530250 0.5375647 0.2986513 0.2109906 0.2945221 0.3017147 0.1945489 0.1727577 0.1530521 0.0223282 0.0176177 0.0131463 0.0000000 0.0147432 0.0284056 0.1137228 0.1272010 0.0648601 0.3257137 0.2974860 0.3466092 0.3355490 0.2827717 0.3776032 0.3638346 0.3235488 0.4156781 0.2775137 0.2842145 0.3256273 0.3945193 0.4865533 0.5215669 0.5690687 0.6047862 0.6249841 0.6446280 0.6439129 0.6444070 0.6637090 0.6413730 0.7057284 0.5749146 0.9962093 0.9455891 0.9997734 0.9346779 0.9898206 0.8878214 0.7633744 0.8898310 0.8956713 0.8435251 0.9548302 0.8684327 0.9329518 0.9329518 0.9011677 0.7434990 2.6089653 1.4988043 3.2013914 
Gfas_gfas1.m1.21358.m1                                           0.5697501 0.3684081 0.4083892 0.4146357 0.4396439 0.4162494 0.4079975 0.3667053 0.2295110 0.2178032 0.2277742 0.2111779 0.2016545 0.1340588 0.1209652 0.0147432 0.0247864 0.0197158 0.0147432 0.0000000 0.0453746 0.0784172 0.1001156 0.0947527 0.2072596 0.2026810 0.2179111 0.2053381 0.2125493 0.2737979 0.2782543 0.2172003 0.3029459 0.2951381 0.1941879 0.2647281 0.3325589 0.3129935 0.3213037 0.4284079 0.4321749 0.4698304 0.5542646 0.5534487 0.5537824 0.5619561 0.5384831 0.6023895 0.6005039 0.8614997 0.8389693 0.8491862 0.8389693 1.0116451 0.9201976 0.7835710 0.8108689 0.8186635 0.8157450 0.7931843 0.8726795 0.8361800 0.8361800 0.7642233 0.7388732 1.0793943 1.4290676 2.5762977 
Adig_XM_015923501.1                                              1.1792228 2.8843999 1.5336784 0.5224909 0.4495980 0.4669336 0.4360676 0.4921501 0.3747190 0.2529463 0.3707532 0.3558562 0.2331078 0.2240441 0.1905621 0.0588984 0.0518577 0.0458291 0.0284056 0.0453746 0.0000000 0.1405304 0.1669922 0.0511478 0.4001987 0.3473890 0.4195056 0.4186802 0.3342166 0.4583479 0.4725284 0.4062203 0.4688896 0.2612567 0.3862371 0.4087883 0.4746405 0.5544815 0.5998401 0.6792520 0.7108403 0.7401762 0.6580454 0.6512657 0.6595932 0.6841038 0.6557164 0.7180776 0.5654624 1.1985575 1.1070697 1.1850407 1.1090948 0.9451496 0.8677441 0.8739129 0.9946906 1.0717192 1.0091370 1.1458279 0.9838017 1.1081694 1.1081694 1.0995845 0.6164075 2.3907151 0.8407560 2.7170845 
Nvec_v1g173618                                                   0.8502124 0.9985338 1.2423773 0.5112285 0.5587265 0.5270949 0.5331210 0.5685450 0.3309689 0.2076993 0.3209942 0.3375347 0.1827846 0.2118039 0.1974295 0.1391416 0.1141002 0.1196565 0.1137228 0.0784172 0.1405304 0.0000000 0.1190302 0.1282930 0.3479256 0.3030445 0.3839839 0.3789384 0.2839578 0.3894880 0.3407901 0.3509015 0.4269477 0.2630783 0.3212538 0.3336847 0.4017748 0.4771221 0.4995921 0.5651200 0.6094602 0.6355513 0.6712125 0.6940260 0.6941038 0.6968439 0.6602776 0.7390047 0.5559252 0.9691429 0.9226763 0.9551966 0.9185236 0.9830701 0.9162375 0.7688967 0.8658917 0.8904522 0.8536320 0.9556298 0.8493911 0.9288231 0.9288231 0.8728310 0.6976474 2.5779647 1.3341219 2.8490230 
Exapal_XM_021044884.2                                            0.9148824 1.1175095 1.0483144 0.5076445 0.5526378 0.4979447 0.4960507 0.5458938 0.3544285 0.2486109 0.3237209 0.3495970 0.2080908 0.2034828 0.1830561 0.1516466 0.1323919 0.1268777 0.1272010 0.1001156 0.1669922 0.1190302 0.0000000 0.1636366 0.3595026 0.3377480 0.3727099 0.3831061 0.3039587 0.3902965 0.3810985 0.3904830 0.4408184 0.2618730 0.3102946 0.3323158 0.4131981 0.4850655 0.5166242 0.5834174 0.5885358 0.6722501 0.7000348 0.7121372 0.6993812 0.7021297 0.6813393 0.7435053 0.5794597 0.9852812 0.9479083 0.9808580 0.9437350 0.9717671 0.9073308 0.7772317 0.9089054 0.9046952 0.8341894 0.9383870 0.9013779 0.8888329 0.8888329 0.9134197 0.6942125 2.4729565 1.4519471 2.7822013 
Amil_Amillepora14874-RA                                          1.0505502 0.4450612 0.4728383 0.5698058 0.5104169 0.5456286 0.5226247 0.4600901 0.3124690 0.2901549 0.2818654 0.2700941 0.3426216 0.2115268 0.1829917 0.0648601 0.0845074 0.0744325 0.0648601 0.0947527 0.0511478 0.1282930 0.1636366 0.0000000 0.3815443 0.2941071 0.3089841 0.3209023 0.3091100 0.3996631 0.3753013 0.3167108 0.3750607 0.3923065 0.3449450 0.3546532 0.5537200 0.4911882 0.5071981 0.6925461 0.6549368 0.7032390 0.7123964 0.7060827 0.7118189 0.7269465 0.6971580 0.7118882 0.6953722 1.1215663 1.0857667 1.0857667 1.0857667 1.2925322 1.2498218 1.0424477 0.9960069 1.0700039 1.0901056 1.0545482 1.1970998 1.1545465 1.1545465 1.1023657 1.0939125 0.9978070 0.8407560 2.1934561 
Ctel_gnl_WGS_AMQN_CAPTEDRAFT_mRNA224769                          0.9485469 1.3552082 1.3930233 0.6215804 0.6696708 0.6661581 0.5878822 0.6064569 0.4175048 0.2898991 0.4012599 0.4309990 0.2858874 0.3638236 0.3717599 0.3399681 0.3280868 0.3322269 0.3257137 0.2072596 0.4001987 0.3479256 0.3595026 0.3815443 0.0000000 0.2571401 0.2680033 0.2674838 0.2707948 0.5197208 0.3592049 0.2690299 0.4191813 0.2960454 0.2404600 0.3217137 0.3524434 0.4506801 0.4988626 0.6002092 0.6392739 0.7165617 0.7786753 0.7758746 0.8004381 0.8225401 0.8017397 0.8623944 0.7109595 1.0413332 1.0309831 1.0420330 1.0261653 1.1323848 1.0052645 0.8915318 0.9689770 1.0021076 0.9467629 1.0052634 0.9528229 0.9633311 0.9633311 0.9746821 0.8707386 1.4716396 1.3870307 2.9219999 
Bralan_BLAG10000601_1                                            0.7683253 0.9910562 1.0879190 0.4710310 0.5405712 0.4978192 0.4991006 0.4571472 0.3288706 0.2146881 0.3327143 0.3683499 0.2072110 0.3146573 0.3409129 0.3288716 0.2868426 0.2909812 0.2974860 0.2026810 0.3473890 0.3030445 0.3377480 0.2941071 0.2571401 0.0000000 0.1302155 0.2364726 0.1623162 0.3991326 0.3052882 0.2263067 0.3346677 0.2303571 0.2810334 0.3296114 0.3394833 0.4041912 0.4464325 0.5114649 0.4961351 0.5242846 0.6683784 0.6694038 0.6911290 0.6870066 0.6711833 0.7545095 0.6219455 0.9507842 0.9662906 0.9561084 0.9611697 1.0853607 0.9459479 0.8477407 0.9336143 0.9212360 0.8720473 0.9533977 0.8519897 0.9230137 0.9230137 1.0150390 0.7904484 1.9141977 1.1853593 2.8469118 
Skow_XM_002741543.2                                              0.7698889 0.9814871 1.2747473 0.5243945 0.5852860 0.5324827 0.5181792 0.5950644 0.3991022 0.2495422 0.3967446 0.3883255 0.2252988 0.3369989 0.3476393 0.3742010 0.3342287 0.3388584 0.3466092 0.2179111 0.4195056 0.3839839 0.3727099 0.3089841 0.2680033 0.1302155 0.0000000 0.1808213 0.1939702 0.4597837 0.3618816 0.2710901 0.3806204 0.2618644 0.3314762 0.3012875 0.3835332 0.4277556 0.4728553 0.5537457 0.5243418 0.6091854 0.6838964 0.7047463 0.7296693 0.7434112 0.7126301 0.8043640 0.6030471 0.9925327 0.9493340 0.9965399 0.9464138 1.0795171 0.9093709 0.8034311 0.8662149 0.8310672 0.8921028 0.9419111 0.9491462 0.8739061 0.8739061 0.9900050 0.7697102 1.7537324 1.1918770 2.8074154 
Spur_XM_030992205.1                                              0.8653270 1.1800914 1.2987248 0.4989873 0.5897186 0.5789277 0.5930302 0.5998231 0.3697232 0.2368878 0.3750480 0.4040722 0.2460597 0.3556663 0.3523310 0.3704820 0.3194679 0.3241550 0.3355490 0.2053381 0.4186802 0.3789384 0.3831061 0.3209023 0.2674838 0.2364726 0.1808213 0.0000000 0.2468416 0.4407434 0.4055721 0.3213785 0.3682735 0.2120705 0.3253315 0.3477532 0.3808852 0.5296009 0.5638808 0.6266805 0.6283912 0.6838191 0.6963347 0.7194073 0.7389941 0.7523834 0.7235148 0.7713291 0.6009792 1.0223746 0.9366680 1.0033666 0.9106899 1.0203118 0.9223223 0.8346369 0.8935269 0.8644528 0.9230295 0.9512641 0.9397102 0.9397149 0.9397149 1.0065674 0.7265882 1.6857046 1.5135017 3.3066228 
Hsap_ENST00000627282                                             0.6938562 0.7972993 0.5897867 0.4399992 0.5076886 0.4514931 0.4663431 0.4679369 0.3239312 0.2410363 0.3137193 0.3708508 0.2316265 0.2999277 0.3109931 0.2958061 0.2821034 0.2816185 0.2827717 0.2125493 0.3342166 0.2839578 0.3039587 0.3091100 0.2707948 0.1623162 0.1939702 0.2468416 0.0000000 0.4254630 0.3085497 0.2560669 0.3600393 0.2544794 0.2728876 0.2919232 0.3949881 0.3706989 0.4056794 0.4653839 0.5234269 0.5516269 0.6190907 0.6212665 0.6415878 0.6501727 0.6148333 0.6792805 0.5779016 0.8553958 0.8870811 0.8771569 0.8870811 1.0293995 0.9001031 0.8004563 0.8175979 0.8153900 0.8328673 0.8362583 0.8001048 0.8750612 0.8750612 0.8949597 0.7710615 1.6198397 1.3872739 2.9415611 
Chem_TCONS_00008903                                              0.9819978 1.2142644 1.1991785 0.7153660 0.7284700 0.7287340 0.7148868 0.6923132 0.3678014 0.2666883 0.3805195 0.2392560 0.2320933 0.4397503 0.4252683 0.4014636 0.3839010 0.3760658 0.3776032 0.2737979 0.4583479 0.3894880 0.3902965 0.3996631 0.5197208 0.3991326 0.4597837 0.4407434 0.4254630 0.0000000 0.5639740 0.4346598 0.5536748 0.4347272 0.4368902 0.4370908 0.5017117 0.6096217 0.6178871 0.6619026 0.6826480 0.6545501 0.8601828 0.8662958 0.8457027 0.8229435 0.8507604 0.8699962 0.7325311 1.0341753 0.9800342 1.0208109 0.9744099 1.0606363 0.9522725 0.8038848 0.8791329 0.9227294 0.8885123 1.0162620 0.9006550 1.0113896 1.0113896 0.9880691 0.7856788 2.2535157 1.9636390 4.3271158 
Cgig_XM_034445442.1                                              0.9754405 1.0085554 1.0722568 0.5873191 0.6792950 0.6353843 0.6740483 0.6587369 0.5094914 0.3518666 0.5117179 0.5021273 0.3070887 0.4133894 0.4409389 0.3675815 0.3661120 0.3658204 0.3638346 0.2782543 0.4725284 0.3407901 0.3810985 0.3753013 0.3592049 0.3052882 0.3618816 0.4055721 0.3085497 0.5639740 0.0000000 0.2171104 0.4844928 0.3306184 0.3688861 0.3277759 0.3766081 0.5405418 0.5818447 0.5747865 0.6431514 0.6791433 0.7736240 0.7701850 0.7626876 0.7716828 0.7464270 0.8367504 0.6548736 0.9657831 0.9819384 0.9896549 0.9678402 1.0816492 1.0113390 0.8850514 0.9795266 0.9761452 0.9556243 1.0379256 0.8830184 1.0139769 1.0139769 0.9917744 0.9109949 2.3334940 1.6343444 3.3208092 
Acagra_model.g19914.t1                                           0.7979276 0.9783673 1.2769627 0.5739565 0.6071917 0.5991794 0.6059695 0.6763311 0.4325128 0.2910407 0.4607801 0.4389981 0.2609855 0.3397049 0.3861145 0.3417465 0.2960276 0.3033890 0.3235488 0.2172003 0.4062203 0.3509015 0.3904830 0.3167108 0.2690299 0.2263067 0.2710901 0.3213785 0.2560669 0.4346598 0.2171104 0.0000000 0.3517373 0.2289562 0.2720527 0.3047314 0.3441749 0.4714565 0.5088436 0.5267651 0.5571283 0.5952113 0.7491903 0.7342773 0.7233292 0.7364572 0.7336574 0.8180301 0.6414027 0.9902176 0.9232133 0.9943340 0.8917287 1.0209920 0.9390288 0.8142334 0.9050733 0.9193215 0.8993068 0.9562274 0.8744642 0.9506774 0.9506774 0.9585417 0.7953645 2.2486597 1.4590121 2.9441578 
Opea_EP00118_Oscarella_pearsei_P029176                           1.0055132 1.2221006 1.9059917 0.6012242 0.6694024 0.6472054 0.6744169 0.5896733 0.4869413 0.3604147 0.4629604 0.4738729 0.2828541 0.4236398 0.4453900 0.4324680 0.3917968 0.4001670 0.4156781 0.3029459 0.4688896 0.4269477 0.4408184 0.3750607 0.4191813 0.3346677 0.3806204 0.3682735 0.3600393 0.5536748 0.4844928 0.3517373 0.0000000 0.0222647 0.3677593 0.4215303 0.4255754 0.5233339 0.5387571 0.6834026 0.6917660 0.7510081 0.6727946 0.6543598 0.6279978 0.6466619 0.6260310 0.7074754 0.5994899 1.0319816 0.9447765 1.0041055 0.9753805 1.0489190 0.9594289 0.8573507 0.9224999 0.9118203 0.9187141 1.0054076 0.8458030 0.9936583 0.9936583 1.0888021 0.7386075 0.1003278 1.8085269 3.3677193 
Ocar_g5991                                                       0.8618547 5.6302747 0.0000010 0.3296057 0.3226118 0.3679871 0.3537861 0.3319406 0.3823088 0.3823088 0.3288775 0.3472600 0.3228709 0.2763963 0.2849778 0.2775137 0.2651120 0.2764583 0.2775137 0.2951381 0.2612567 0.2630783 0.2618730 0.3923065 0.2960454 0.2303571 0.2618644 0.2120705 0.2544794 0.4347272 0.3306184 0.2289562 0.0222647 0.0000000 0.2858188 0.3180488 0.3764724 0.2870559 0.3051359 0.5611798 0.5318045 0.6142600 0.5073107 0.5116883 0.4806817 0.4806817 0.4640539 0.5699517 0.5699517 1.0535492 1.0220531 1.0220531 1.0220531 1.0220531 0.9593342 1.0248888 1.0248888 1.0185985 1.0454558 1.0454558 0.9564028 1.0485821 1.0485821 1.1461245 0.6354380 1.7720186 1.0587357 1.9138103 
Cscu_XM_023388967.1                                              0.8555917 0.9968318 0.8127233 0.5278025 0.5876838 0.5766838 0.5493403 0.5024562 0.4092747 0.3026895 0.4118617 0.4105139 0.2761397 0.3057136 0.2999960 0.3028049 0.2965864 0.2888875 0.2842145 0.1941879 0.3862371 0.3212538 0.3102946 0.3449450 0.2404600 0.2810334 0.3314762 0.3253315 0.2728876 0.4368902 0.3688861 0.2720527 0.3677593 0.2858188 0.0000000 0.2204297 0.2719869 0.4492752 0.4795182 0.5152576 0.5542241 0.5874225 0.6459622 0.6197787 0.6204333 0.6336517 0.6468489 0.6961714 0.6139613 0.9564564 0.9048253 0.9355212 0.9102899 0.9531362 0.9332423 0.8410659 0.8932851 0.8581738 0.9061008 0.9190478 0.9225845 0.8853087 0.8853087 0.8710319 0.7122501 1.0670753 1.3475986 2.5931912 
Dpul_mRNA2941                                                    0.6951296 0.6426004 0.9755762 0.5618520 0.6114055 0.6084518 0.5749410 0.5387687 0.4112190 0.3167742 0.3899134 0.3775098 0.2982522 0.3844706 0.3947515 0.3256273 0.3229510 0.3307563 0.3256273 0.2647281 0.4087883 0.3336847 0.3323158 0.3546532 0.3217137 0.3296114 0.3012875 0.3477532 0.2919232 0.4370908 0.3277759 0.3047314 0.4215303 0.3180488 0.2204297 0.0000000 0.3288607 0.4129611 0.4293690 0.5046998 0.4892244 0.4752551 0.6344475 0.6404990 0.6775737 0.6847779 0.6424544 0.7416762 0.6139284 0.8841326 0.8948820 0.8848151 0.8948820 1.0016950 0.9244546 0.7821332 0.8528245 0.8550158 0.8865018 0.9294803 0.8417908 1.0335252 1.0335252 0.8652472 0.7823069 1.7681082 1.5384583 3.0005524 
Tcas_TC013743_001                                                0.6828026 0.6488617 0.6275016 0.5896043 0.6728813 0.6598111 0.6629626 0.5717816 0.4667215 0.4037684 0.4594228 0.4620353 0.3506709 0.4282223 0.4355012 0.4018821 0.3897777 0.3945193 0.3945193 0.3325589 0.4746405 0.4017748 0.4131981 0.5537200 0.3524434 0.3394833 0.3835332 0.3808852 0.3949881 0.5017117 0.3766081 0.3441749 0.4255754 0.3764724 0.2719869 0.3288607 0.0000000 0.4079913 0.4125727 0.5261106 0.5335229 0.5670716 0.6272237 0.6319780 0.6273775 0.6358182 0.6277218 0.6785569 0.6429579 0.9914794 0.9979910 0.9874553 0.9979910 1.1720132 1.0667161 0.8868489 0.9147526 0.9212656 1.0134721 0.9929468 0.9519201 0.9872576 0.9872576 0.9797220 0.8456306 1.1785394 1.7792842 2.9942136 
Emue_Em0017g563a.t1                                              0.4989515 0.4722161 2.1066564 0.6778325 0.7214289 0.6683944 0.7268393 0.5651214 0.5657424 0.3633619 0.5722361 0.5142205 0.3338075 0.4652706 0.4737759 0.4914816 0.4639935 0.4698891 0.4865533 0.3129935 0.5544815 0.4771221 0.4850655 0.4911882 0.4506801 0.4041912 0.4277556 0.5296009 0.3706989 0.6096217 0.5405418 0.4714565 0.5233339 0.2870559 0.4492752 0.4129611 0.4079913 0.0000000 0.0441931 0.3590843 0.3788861 0.4033643 0.8203306 0.8131927 0.8458174 0.8284037 0.8260378 0.8876258 0.6928959 0.8789476 0.8155496 0.8752026 0.8244871 0.9437423 0.8647558 0.7980203 0.8263211 0.7694211 0.8369608 0.8942515 0.8127741 0.8828728 0.8828728 0.9054758 0.6389645 2.6468959 0.7613202 1.3697617 
Spolac_c101779_g1_i1_m.26740c101779-g1                           0.5470445 0.5769120 2.0899089 0.6988702 0.7528029 0.6951243 0.7437246 0.6208793 0.6169250 0.3817478 0.6067378 0.5339258 0.3451453 0.4830698 0.4955967 0.5261792 0.5003481 0.5065005 0.5215669 0.3213037 0.5998401 0.4995921 0.5166242 0.5071981 0.4988626 0.4464325 0.4728553 0.5638808 0.4056794 0.6178871 0.5818447 0.5088436 0.5387571 0.3051359 0.4795182 0.4293690 0.4125727 0.0441931 0.0000000 0.3576332 0.4196547 0.4475326 0.8306068 0.8048405 0.8128957 0.7957756 0.8210800 0.8615132 0.6606668 0.8896798 0.8292285 0.8895466 0.8383029 0.9671174 0.8901909 0.8001640 0.8285136 0.7658515 0.8585512 0.9161639 0.8162619 0.9108326 0.9108326 0.9145750 0.6495086 2.6968099 0.6706870 1.4182320 
Xestes_maker-XT_scaffold1833-snap-gene-0.16-mRNA-1               0.6963482 0.4390870 1.4694025 0.9120393 0.9710297 0.9250098 0.9039553 0.7928424 0.6537141 0.5048101 0.6270235 0.5615665 0.4874467 0.5666028 0.5996180 0.5760962 0.5548234 0.5544852 0.5690687 0.4284079 0.6792520 0.5651200 0.5834174 0.6925461 0.6002092 0.5114649 0.5537457 0.6266805 0.4653839 0.6619026 0.5747865 0.5267651 0.6834026 0.5611798 0.5152576 0.5046998 0.5261106 0.3590843 0.3576332 0.0000000 0.1249278 0.1477574 0.9353473 0.8831404 0.8949362 0.8953726 0.9197422 0.8926824 0.7249470 0.9052448 0.8615296 0.9269897 0.8742333 0.9995738 0.9127060 0.8053331 0.8391824 0.8170806 0.8950529 0.9643555 0.9098172 0.9848311 0.9848311 0.9411991 0.7535108 2.1997193 1.4516830 1.8884458 
Halamb_c45823_g1_i2mm.1782                                       0.7026366 0.6041019 1.3256646 0.9362906 0.9906108 0.9430359 0.9124940 0.8779716 0.6794452 0.4898031 0.6454998 0.6369407 0.4704265 0.5945724 0.6204400 0.6146786 0.5896086 0.5892860 0.6047862 0.4321749 0.7108403 0.6094602 0.5885358 0.6549368 0.6392739 0.4961351 0.5243418 0.6283912 0.5234269 0.6826480 0.6431514 0.5571283 0.6917660 0.5318045 0.5542241 0.4892244 0.5335229 0.3788861 0.4196547 0.1249278 0.0000000 0.1116792 1.0147686 0.9585247 0.9668173 0.9674017 0.9915151 0.9972644 0.8145892 0.8756128 0.8532410 0.8992550 0.8553347 0.9886054 0.9790604 0.8327490 0.8697387 0.8450327 0.9290005 1.0070049 0.9837782 1.0046805 1.0046805 0.9479046 0.7712324 2.4231004 1.6766482 1.9682210 
Aque_Aqu2.1.39699_001                                            0.6975814 0.5455267 1.3290941 1.0146179 1.0591328 1.0180845 1.0070341 0.9693573 0.7167364 0.5292792 0.7084551 0.6567671 0.5120271 0.6926063 0.6821917 0.6432419 0.6081687 0.6078456 0.6249841 0.4698304 0.7401762 0.6355513 0.6722501 0.7032390 0.7165617 0.5242846 0.6091854 0.6838191 0.5516269 0.6545501 0.6791433 0.5952113 0.7510081 0.6142600 0.5874225 0.4752551 0.5670716 0.4033643 0.4475326 0.1477574 0.1116792 0.0000000 0.9948150 0.9387453 0.9809793 0.9816518 0.9726885 1.0029556 0.8398131 0.8851725 0.8627692 0.9086847 0.8573895 1.0165967 1.0347254 0.8384356 0.8728896 0.8614096 0.9469281 1.0161953 0.9728276 1.0728416 1.0728416 0.9553477 0.7875816 2.3842705 1.7198347 2.2086518 
HoiH11_mRNA8958                                                  1.2896925 1.7307306 1.9969221 0.8629946 0.9406581 0.8717866 0.9201313 0.9551334 0.7576273 0.6040109 0.7657996 0.7227827 0.4997897 0.6972531 0.7306997 0.6446280 0.6339921 0.6414381 0.6446280 0.5542646 0.6580454 0.6712125 0.7000348 0.7123964 0.7786753 0.6683784 0.6838964 0.6963347 0.6190907 0.8601828 0.7736240 0.7491903 0.6727946 0.5073107 0.6459622 0.6344475 0.6272237 0.8203306 0.8306068 0.9353473 1.0147686 0.9948150 0.0000000 0.0395128 0.0643661 0.0740082 0.0486285 0.0731906 0.0670150 1.2231775 1.2027657 1.2405351 1.2592562 1.1729025 1.0697522 1.0774190 1.1663429 1.1070925 1.1211142 1.2159351 1.0771992 1.1765100 1.1765100 1.2495014 0.9941401 1.7505602 1.6115359 2.5554691 
HoiH23_PlH23_010983-RA                                           1.2512822 1.6081153 1.9708504 0.8529752 0.9396922 0.8717993 0.9105109 0.9397296 0.7707188 0.6165847 0.7851739 0.7226816 0.5131821 0.6921761 0.7302312 0.6470587 0.6332700 0.6407197 0.6439129 0.5534487 0.6512657 0.6940260 0.7121372 0.7060827 0.7758746 0.6694038 0.7047463 0.7194073 0.6212665 0.8662958 0.7701850 0.7342773 0.6543598 0.5116883 0.6197787 0.6404990 0.6319780 0.8131927 0.8048405 0.8831404 0.9585247 0.9387453 0.0395128 0.0000000 0.0499679 0.0597050 0.0403898 0.0678469 0.0669895 1.2447673 1.2185757 1.2623154 1.2758609 1.1947990 1.0565006 1.0671916 1.1566367 1.0976374 1.1352890 1.2301804 1.1181606 1.1721522 1.1721522 1.2484873 0.9807044 1.5894645 1.6532684 2.7137885 
Hhon_g10480.t1                                                   1.3008567 1.6850804 2.0675302 0.8603939 0.9251649 0.8634977 0.9181592 0.9237466 0.7852328 0.6312680 0.7728661 0.6984111 0.5047864 0.6966607 0.7350676 0.6475551 0.6168820 0.6245911 0.6444070 0.5537824 0.6595932 0.6941038 0.6993812 0.7118189 0.8004381 0.6911290 0.7296693 0.7389941 0.6415878 0.8457027 0.7626876 0.7233292 0.6279978 0.4806817 0.6204333 0.6775737 0.6273775 0.8458174 0.8128957 0.8949362 0.9668173 0.9809793 0.0643661 0.0499679 0.0000000 0.0086084 0.0551804 0.0628815 0.0613445 1.2641416 1.2354073 1.2795611 1.2936067 1.2019562 1.0513838 1.0756693 1.1658965 1.1244158 1.1597454 1.2555524 1.1250928 1.1625257 1.1625257 1.2648052 1.0240573 1.5257670 1.7002754 2.6217812 
HoiH04_mRNA14486                                                 1.3139407 1.8062861 2.3061631 0.8441611 0.9296692 0.8671988 0.9155387 0.9101913 0.7938507 0.6312680 0.7814641 0.6912027 0.5047864 0.7119978 0.7508752 0.6637090 0.6357044 0.6436147 0.6637090 0.5619561 0.6841038 0.6968439 0.7021297 0.7269465 0.8225401 0.6870066 0.7434112 0.7523834 0.6501727 0.8229435 0.7716828 0.7364572 0.6466619 0.4806817 0.6336517 0.6847779 0.6358182 0.8284037 0.7957756 0.8953726 0.9674017 0.9816518 0.0740082 0.0597050 0.0086084 0.0000000 0.0536434 0.0681184 0.0666172 1.2579423 1.2348530 1.2734001 1.2930568 1.2019562 1.0513838 1.0756693 1.1653359 1.1238580 1.1353171 1.2307357 1.1009569 1.1743005 1.1743005 1.2642627 1.0240573 1.7571278 1.7002754 2.5881480 
HoiH06_mRNA9375                                                  1.3298337 1.9256046 2.0519481 0.8211325 0.8988421 0.8426838 0.8907047 0.9144834 0.7614763 0.6181184 0.7625221 0.7070735 0.5007748 0.6878268 0.7257424 0.6524928 0.6332030 0.6395782 0.6413730 0.5384831 0.6557164 0.6602776 0.6813393 0.6971580 0.8017397 0.6711833 0.7126301 0.7235148 0.6148333 0.8507604 0.7464270 0.7336574 0.6260310 0.4640539 0.6468489 0.6424544 0.6277218 0.8260378 0.8210800 0.9197422 0.9915151 0.9726885 0.0486285 0.0403898 0.0551804 0.0536434 0.0000000 0.0790251 0.0665473 1.2210959 1.1706803 1.2383408 1.2236956 1.1529085 1.0542190 1.0631953 1.1433131 1.0899167 1.1298087 1.2091125 1.1077248 1.1579290 1.1579290 1.2200386 0.9846959 1.8618753 1.7500533 2.6372094 
TrH2_TrispH2_002215-RA                                           1.3575054 1.7801242 2.3515534 0.9227958 0.9799717 0.9267938 0.9781090 0.9587395 0.7920777 0.6298023 0.7619058 0.7290548 0.5409668 0.7535231 0.7910456 0.7085777 0.6779249 0.6862994 0.7057284 0.6023895 0.7180776 0.7390047 0.7435053 0.7118882 0.8623944 0.7545095 0.8043640 0.7713291 0.6792805 0.8699962 0.8367504 0.8180301 0.7074754 0.5699517 0.6961714 0.7416762 0.6785569 0.8876258 0.8615132 0.8926824 0.9972644 1.0029556 0.0731906 0.0678469 0.0628815 0.0681184 0.0790251 0.0000000 0.0000010 1.2724426 1.2438543 1.2878655 1.3020513 1.2066798 1.0815687 1.0972474 1.1919112 1.1362044 1.1954494 1.2969112 1.1299682 1.2048390 1.2048390 1.2866722 1.0622096 1.6612266 1.6636484 2.6299801 
Tadh_TriadT50081                                                 1.0289351 1.1017448 1.8115346 0.6996082 0.7563138 0.7139528 0.7457810 0.7168553 0.6655085 0.6298023 0.6365929 0.6369703 0.5409668 0.6071806 0.6315270 0.5749146 0.5598470 0.5672184 0.5749146 0.6005039 0.5654624 0.5559252 0.5794597 0.6953722 0.7109595 0.6219455 0.6030471 0.6009792 0.5779016 0.7325311 0.6548736 0.6414027 0.5994899 0.5699517 0.6139613 0.6139284 0.6429579 0.6928959 0.6606668 0.7249470 0.8145892 0.8398131 0.0670150 0.0669895 0.0613445 0.0666172 0.0665473 0.0000010 0.0000000 1.1500580 1.1772447 1.1654422 1.1772447 1.2066798 1.0815687 1.0972474 1.1232973 1.0794044 1.1473766 1.1306591 1.0833692 1.1104268 1.1104268 1.1483689 1.0622096 1.2872319 1.6636484 2.3806033 
Vmul_SimC385160                                                  1.1968992 0.9681812 1.6855386 1.1876608 1.2811418 1.2349770 1.2966600 1.1485987 1.1724379 0.9630783 1.1143259 1.0050358 0.8903254 1.0618275 1.0451441 1.0111067 0.9812162 0.9674133 0.9962093 0.8614997 1.1985575 0.9691429 0.9852812 1.1215663 1.0413332 0.9507842 0.9925327 1.0223746 0.8553958 1.0341753 0.9657831 0.9902176 1.0319816 1.0535492 0.9564564 0.8841326 0.9914794 0.8789476 0.8896798 0.9052448 0.8756128 0.8851725 1.2231775 1.2447673 1.2641416 1.2579423 1.2210959 1.2724426 1.1500580 0.0000000 0.0572138 0.0561001 0.0868036 0.0725959 0.2757265 0.2197114 0.2360850 0.2381690 0.2607473 0.2891073 0.3236531 0.3628258 0.3628258 0.3343624 0.7205462 2.5091906 3.7285808 2.8550952 
Coeast_Cast_sb797887                                             1.0918507 0.9171148 1.3986327 1.2156647 1.2402375 1.2581967 1.2990681 1.0508917 1.1184283 0.9521515 1.0602240 0.9682082 0.8813321 1.0732393 1.0568535 0.9455891 0.9309373 0.9178665 0.9455891 0.8389693 1.1070697 0.9226763 0.9479083 1.0857667 1.0309831 0.9662906 0.9493340 0.9366680 0.8870811 0.9800342 0.9819384 0.9232133 0.9447765 1.0220531 0.9048253 0.8948820 0.9979910 0.8155496 0.8292285 0.8615296 0.8532410 0.8627692 1.2027657 1.2185757 1.2354073 1.2348530 1.1706803 1.2438543 1.1772447 0.0572138 0.0000000 0.0048212 0.0147162 0.0147058 0.2884737 0.2354085 0.2404452 0.2245875 0.2378629 0.2378141 0.2964804 0.3381647 0.3381647 0.2587684 0.6348956 1.8946840 4.6903759 2.9652984 
Coemet_Cmet_C590345_01                                           1.1549046 0.9934868 1.7268390 1.2124236 1.2609911 1.2687795 1.3204921 1.1147420 1.1464047 0.9422957 1.0877359 0.9795006 0.8813321 1.0624467 1.0460216 1.0145093 0.9849406 0.9712524 0.9997734 0.8491862 1.1850407 0.9551966 0.9808580 1.0857667 1.0420330 0.9561084 0.9965399 1.0033666 0.8771569 1.0208109 0.9896549 0.9943340 1.0041055 1.0220531 0.9355212 0.8848151 0.9874553 0.8752026 0.8895466 0.9269897 0.8992550 0.9086847 1.2405351 1.2623154 1.2795611 1.2734001 1.2383408 1.2878655 1.1654422 0.0561001 0.0048212 0.0000000 0.0302382 0.0147058 0.2884737 0.2283803 0.2341431 0.2185545 0.2477796 0.2737285 0.3077095 0.3315821 0.3315821 0.2855373 0.6348956 2.3945660 4.6903759 3.4048122 
Coeast_Cast_sb797888                                             1.1068384 0.9444916 1.9899839 1.2313740 1.2068536 1.2519396 1.2808460 1.0586128 1.1461728 0.9521515 1.0845204 0.9596230 0.8813321 1.0652041 1.0487936 0.9346779 0.9321175 0.9190085 0.9346779 0.8389693 1.1090948 0.9185236 0.9437350 1.0857667 1.0261653 0.9611697 0.9464138 0.9106899 0.8870811 0.9744099 0.9678402 0.8917287 0.9753805 1.0220531 0.9102899 0.8948820 0.9979910 0.8244871 0.8383029 0.8742333 0.8553347 0.8573895 1.2592562 1.2758609 1.2936067 1.2930568 1.2236956 1.3020513 1.1772447 0.0868036 0.0147162 0.0302382 0.0000000 0.0147058 0.2884737 0.2354085 0.2490310 0.2326565 0.2378629 0.2534858 0.2964804 0.3579782 0.3579782 0.2853938 0.6348956 2.1606721 4.6903759 3.1306848 
