65
Lcom_lcpid69426                                         0.0000000 0.1045527 0.1226157 0.1705854 0.1717905 0.4079402 0.5744153 0.5840100 0.5558942 0.5445113 0.5376897 0.5260296 0.5388013 0.5219322 0.5818235 0.6884467 0.5635022 0.5136945 0.6423223 0.6956165 0.4963488 0.5894634 0.6771899 0.6189046 0.6242662 0.6251463 0.5898730 0.6577702 0.6147351 0.6694855 0.6946370 0.7557131 0.7326288 0.6158437 0.7634968 0.7502428 0.6219572 0.8865700 0.5913274 0.5792458 0.6033273 0.7033161 0.6332275 0.8463811 0.7349082 0.7623704 0.7946749 0.7932024 0.9375553 0.8597709 0.7442103 0.8134023 0.8892777 0.8568341 0.8144673 0.8254799 1.0024954 0.9051517 0.7166389 0.4484615 0.6757947 0.4878156 0.7158567 1.0870021 1.6049144 
Leuniv_Lniv_scaffold9327_01                             0.1045527 0.0000000 0.0899471 0.1359119 0.1370000 0.3569064 0.5534548 0.5427982 0.5461444 0.5264611 0.5142830 0.5098967 0.5189003 0.4934374 0.5406169 0.6497215 0.5442449 0.5165231 0.6027568 0.6585801 0.4721106 0.5454873 0.6606195 0.6126827 0.6234515 0.6254264 0.5557354 0.6244016 0.5880624 0.6421498 0.6251467 0.7336272 0.7583516 0.5909630 0.7594495 0.7365814 0.6117064 0.7794142 0.5414196 0.5645452 0.5803268 0.6999345 0.6432236 0.7393503 0.6899511 0.7208930 0.7501897 0.7344555 0.8838127 0.8418846 0.7013381 0.8062520 0.8452017 0.7954678 0.8017870 0.8008895 0.9168921 0.8231331 0.7408842 0.4163821 0.6359658 0.4879175 0.6719054 1.0542372 1.7071321 
Scil_scict005403.1                                      0.1226157 0.0899471 0.0000000 0.1001152 0.1010828 0.3978892 0.5196939 0.5461092 0.4874566 0.5505006 0.5163778 0.5164155 0.5215560 0.5189797 0.5771070 0.6732163 0.5634758 0.5453946 0.5788977 0.6410481 0.5251871 0.5904937 0.6144425 0.5944814 0.5887246 0.5848666 0.5815107 0.6593036 0.6170477 0.6776376 0.6313698 0.7719775 0.7269812 0.5877902 0.7518128 0.7512195 0.6173208 0.7556563 0.5475076 0.5826661 0.5916264 0.6994852 0.6260957 0.7162163 0.6795196 0.7132471 0.7619023 0.7671748 0.9057131 0.8688515 0.7398412 0.8239880 0.8991278 0.7999340 0.8388927 0.8363590 0.9433805 0.8270539 0.7493918 0.3929905 0.6558847 0.4238709 0.6856706 1.0740541 1.6699802 
Gracom_Gcom_scaffold835_01                              0.1705854 0.1359119 0.1001152 0.0000000 0.0102972 0.4646991 0.5501319 0.5516753 0.5585372 0.5738157 0.5159442 0.5464180 0.5496451 0.5393317 0.6357910 0.7309622 0.5858034 0.5859669 0.6337810 0.6712263 0.5549709 0.5708284 0.6437649 0.6374408 0.6398492 0.6543718 0.6031925 0.6955733 0.6212120 0.6887263 0.6495712 0.7884228 0.6935957 0.6229605 0.8321651 0.8269899 0.6762661 0.7921106 0.5891149 0.5993550 0.6473842 0.7748896 0.6932718 0.7215365 0.7032705 0.7408753 0.8622035 0.8675101 0.9816127 0.9393050 0.7675871 0.8833258 0.9986095 0.8391170 0.8588912 0.8738988 0.9722876 0.8773071 0.7665647 0.4688857 0.7363816 0.4395784 0.7911027 1.3290937 1.6572587 
Gracom_Gcom_scaffold836_01                              0.1717905 0.1370000 0.1010828 0.0102972 0.0000000 0.4657072 0.5501757 0.5523315 0.5592098 0.5698731 0.5159442 0.5428614 0.5460650 0.5357745 0.6310602 0.7256521 0.5854347 0.5860643 0.6347604 0.6718670 0.5556180 0.5709796 0.6409611 0.6341717 0.6402469 0.6547197 0.6037407 0.6957741 0.6216598 0.6889510 0.6492489 0.7890565 0.6935957 0.6172063 0.8319787 0.8312359 0.6767389 0.7917949 0.5896607 0.5966072 0.6513497 0.7746856 0.6976795 0.7215365 0.7149836 0.7561230 0.8572445 0.8625382 0.9749607 0.9338827 0.7675871 0.8779939 0.9928977 0.8383533 0.8639089 0.8791271 0.9873309 0.8816168 0.7701391 0.4697316 0.7289995 0.4395784 0.7875127 1.3185696 1.6716730 
Clacor_Ccor_scaffold11594_01                            0.4079402 0.3569064 0.3978892 0.4646991 0.4657072 0.0000000 0.6375560 0.6532817 0.6481623 0.5568238 0.5461296 0.5238956 0.5272141 0.5355620 0.5844738 0.7360722 0.5343952 0.6250346 0.6169081 0.6804185 0.5876720 0.6059517 0.6170586 0.5316189 0.5574333 0.5847270 0.6732158 0.6744459 0.6700606 0.6781862 0.6925625 0.7313927 0.7623616 0.6283151 0.7896172 0.7132963 0.7295745 0.8395863 0.6007345 0.6333916 0.6779922 0.6261952 0.7510792 0.8139334 0.7912030 0.8539572 0.7712225 0.7473661 0.9158584 0.8628105 0.7581098 0.8748789 0.8975205 0.8290414 0.8975284 0.9147149 1.0050955 0.7882148 0.6689119 0.4985585 0.6119248 0.5451396 0.8137143 1.2105699 1.8652375 
Cgig_XM_011434438.3                                     0.5744153 0.5534548 0.5196939 0.5501319 0.5501757 0.6375560 0.0000000 0.2936470 0.3203245 0.4111164 0.3868274 0.4354334 0.4210685 0.3686013 0.4261591 0.7018762 0.4291246 0.4565953 0.4604369 0.4779776 0.4536873 0.4456659 0.5047427 0.5412923 0.5218493 0.5082753 0.4602360 0.5033013 0.4874185 0.5221870 0.4605490 0.5749658 0.5672942 0.6029944 0.6743814 0.6419712 0.6355275 0.9989668 0.5856014 0.5943249 0.5349460 0.7913440 0.5913691 0.6495243 0.6469779 0.5511335 0.6735103 0.6795207 0.7900497 0.7373600 0.5568827 0.7208726 0.7771730 0.6613229 0.6775414 0.7129976 0.7433195 0.7018085 0.6225209 0.2800544 0.5263132 0.4621051 0.7858342 1.2792692 1.4482218 
Skow_XM_002739022.2                                     0.5840100 0.5427982 0.5461092 0.5516753 0.5523315 0.6532817 0.2936470 0.0000000 0.4285666 0.3464083 0.3131511 0.3618668 0.3464166 0.3657840 0.3724669 0.6346480 0.4116380 0.3828318 0.4646974 0.5036134 0.3812567 0.4286838 0.5130039 0.5097537 0.5158153 0.5010754 0.4626192 0.5321216 0.5079573 0.5635839 0.5218021 0.5795415 0.5640836 0.5719733 0.6422802 0.5951628 0.5626358 0.7259416 0.4829837 0.5169249 0.5179096 0.6867659 0.5119918 0.6052218 0.6583255 0.5976021 0.6651002 0.6864325 0.7491060 0.7247061 0.6377220 0.7103656 0.7639456 0.6373555 0.6152244 0.6264835 0.7975740 0.7428838 0.7026648 0.4149720 0.5365150 0.4644491 0.6402123 1.0473672 1.5762523 
Ctel_gnl_WGS_AMQN_CAPTEDRAFT_mRNA164264                 0.5558942 0.5461444 0.4874566 0.5585372 0.5592098 0.6481623 0.3203245 0.4285666 0.0000000 0.4581713 0.4532527 0.4536448 0.4516182 0.3704222 0.4944707 0.7421593 0.5446505 0.4965278 0.5508925 0.5317151 0.4468112 0.5183231 0.5730135 0.5684812 0.5430236 0.5375046 0.5414040 0.5585526 0.5645889 0.6153556 0.5841060 0.6457377 0.6415452 0.6421165 0.6572273 0.6698589 0.6026147 0.9710926 0.5619958 0.6109849 0.5171639 0.7311902 0.6299907 0.6900264 0.7098277 0.6179211 0.7023368 0.7291117 0.7945888 0.7207383 0.5211115 0.7430111 0.7383641 0.7222513 0.6774952 0.7027456 0.8580682 0.7145346 0.6738164 0.3498790 0.4975342 0.5246443 0.7243236 1.2336220 1.6734049 
Fspp_ffun1.m4.8793.m1                                   0.5445113 0.5264611 0.5505006 0.5738157 0.5698731 0.5568238 0.4111164 0.3464083 0.4581713 0.0000000 0.1082928 0.0965719 0.0925159 0.1464122 0.0925007 0.4643991 0.3471351 0.4345840 0.3959273 0.4335237 0.4170509 0.4210051 0.4091031 0.3721713 0.4330383 0.4195597 0.4758804 0.5387141 0.5394216 0.5465240 0.5612325 0.5590561 0.6426605 0.5755191 0.6785621 0.6461157 0.6527491 0.6510312 0.4671463 0.4958129 0.6176854 0.4804460 0.5476431 0.6815381 0.6270868 0.5765258 0.6813881 0.6917151 0.7221716 0.7002792 0.5897163 0.7298920 0.7548883 0.6702850 0.6729896 0.6322465 0.7794487 0.6788389 0.7298274 0.3871751 0.1836805 0.4135561 0.5717171 0.8700590 1.9381315 
Gasp_gasp1.m3.8361.m1                                   0.5376897 0.5142830 0.5163778 0.5159442 0.5159442 0.5461296 0.3868274 0.3131511 0.4532527 0.1082928 0.0000000 0.0808158 0.0870028 0.1086072 0.1367069 0.3320408 0.3310172 0.4354242 0.3489532 0.3923068 0.4265057 0.4405925 0.3580859 0.3754657 0.4106114 0.3861991 0.4414694 0.4671067 0.4617673 0.5233406 0.5015852 0.5648300 0.4372705 0.5663801 0.5230320 0.5191480 0.5166654 0.8415740 0.4513002 0.4686878 0.5472937 0.5959262 0.4211243 0.7535301 0.5591127 0.4587955 0.5433898 0.5447394 0.6775242 0.5942064 0.5291841 0.5814129 0.6951270 0.5670811 0.5555291 0.5873950 0.6227823 0.5786826 0.5770462 0.3713338 0.3751986 0.3705785 0.4362577 0.7722733 1.4765762 
Spis_XP_022787611_1                                     0.5260296 0.5098967 0.5164155 0.5464180 0.5428614 0.5238956 0.4354334 0.3618668 0.4536448 0.0965719 0.0808158 0.0000000 0.0173601 0.1200988 0.1375708 0.4646655 0.3297287 0.4170794 0.3891911 0.4264500 0.4182032 0.4312320 0.4040781 0.3804890 0.4384573 0.4212434 0.4973364 0.5147513 0.5163219 0.5515322 0.5296687 0.5474743 0.5530839 0.5337719 0.6220994 0.6090212 0.5463016 0.6683845 0.4784149 0.5230099 0.5968861 0.5587081 0.5290797 0.6648386 0.6254200 0.5626339 0.6185023 0.6281081 0.7082774 0.6322418 0.5409539 0.6551767 0.7201464 0.6440589 0.5974841 0.6169638 0.7712194 0.6579264 0.6708788 0.4018112 0.2559708 0.3955606 0.5798371 0.8935298 1.6397073 
Pocdam_XM_027201764.1                                   0.5388013 0.5189003 0.5215560 0.5496451 0.5460650 0.5272141 0.4210685 0.3464166 0.4516182 0.0925159 0.0870028 0.0173601 0.0000000 0.1106178 0.1272494 0.4566410 0.3155913 0.4171181 0.3909793 0.4268988 0.4153462 0.4230582 0.3927987 0.3709276 0.4228884 0.4061800 0.4804743 0.4988601 0.5007366 0.5353516 0.5069525 0.5480218 0.5378831 0.5548737 0.6170603 0.5938041 0.5454210 0.6575248 0.4725148 0.5285763 0.5975515 0.5375940 0.5171460 0.6328253 0.6229625 0.5600336 0.6162273 0.6268166 0.6883585 0.6165672 0.5252097 0.6436581 0.7009059 0.6195414 0.5790154 0.5972886 0.7395597 0.6272270 0.6701713 0.3896989 0.2293981 0.3835430 0.5812832 0.8934003 1.6611553 
Amil_Amillepora22459-RA                                 0.5219322 0.4934374 0.5189797 0.5393317 0.5357745 0.5355620 0.3686013 0.3657840 0.3704222 0.1464122 0.1086072 0.1200988 0.1106178 0.0000000 0.1524955 0.4891352 0.3336607 0.3700779 0.3443502 0.3759327 0.3757165 0.3956473 0.3954256 0.4060294 0.3942090 0.3633340 0.4403860 0.4697989 0.4794951 0.5188085 0.4432015 0.4935114 0.4870275 0.5009926 0.5887884 0.5486425 0.5210610 0.7734815 0.4788279 0.4838162 0.5162472 0.6065253 0.5024985 0.6292864 0.5974472 0.4808623 0.5731561 0.5777103 0.6391579 0.5893117 0.4756912 0.5575995 0.6581677 0.5721133 0.5441454 0.5642454 0.6651431 0.5847378 0.5940634 0.3369448 0.1924619 0.4528386 0.6150784 1.1406739 1.4855515 
Gfas_gfas1.m1.18420.m1                                  0.5818235 0.5406169 0.5771070 0.6357910 0.6310602 0.5844738 0.4261591 0.3724669 0.4944707 0.0925007 0.1367069 0.1375708 0.1272494 0.1524955 0.0000000 0.3426822 0.3781059 0.4716795 0.4072868 0.4614425 0.4110170 0.4664253 0.4230637 0.4025952 0.4437135 0.4460068 0.4463766 0.5194735 0.5242393 0.5318719 0.5701144 0.5961460 0.6134659 0.6089029 0.6697823 0.6778174 0.6131833 0.6962519 0.4883030 0.4983164 0.6392457 0.5425264 0.5648979 0.6496467 0.5968622 0.4832381 0.6628839 0.6660369 0.7041045 0.6764580 0.5880772 0.7124144 0.7278452 0.6655323 0.6596651 0.6096619 0.7072450 0.6546656 0.7159935 0.3751286 0.2215942 0.3561588 0.6004038 1.0430180 1.9599632 
Exapal_XM_021053959.1                                   0.6884467 0.6497215 0.6732163 0.7309622 0.7256521 0.7360722 0.7018762 0.6346480 0.7421593 0.4643991 0.3320408 0.4646655 0.4566410 0.4891352 0.3426822 0.0000000 0.4144485 0.6209872 0.6273400 0.5910333 0.6235399 0.6030171 0.6736087 0.6388257 0.6721258 0.6491549 0.6569410 0.6805574 0.6543478 0.7215496 0.6870315 0.7219755 0.7194587 0.7285796 0.8139785 0.7423324 0.6640605 1.2913886 0.6448099 0.6173011 0.7504268 1.1951895 0.6962116 1.2374319 0.7874706 0.7989656 0.8474414 0.8594281 1.0465179 0.8864868 0.6207774 0.9505034 0.9852611 0.8740718 0.9036440 0.9793560 1.0881171 0.8707408 0.8922408 0.6626154 0.6760240 0.7206730 0.8696278 1.6948581 1.8791938 
Nvec_v1g166542                                          0.5635022 0.5442449 0.5634758 0.5858034 0.5854347 0.5343952 0.4291246 0.4116380 0.5446505 0.3471351 0.3310172 0.3297287 0.3155913 0.3336607 0.3781059 0.4144485 0.0000000 0.4346694 0.4261381 0.3985779 0.4222825 0.4209991 0.4886740 0.4573564 0.4761121 0.4592894 0.4846893 0.5325691 0.5143399 0.5834796 0.5201542 0.5683275 0.6755009 0.5672795 0.6439756 0.5773164 0.6063518 0.6688634 0.4973585 0.5135894 0.5338185 0.6514759 0.5041091 0.6517870 0.5929009 0.5656103 0.7144928 0.7162312 0.7899534 0.7584207 0.5995856 0.7452977 0.7809281 0.6645120 0.7171257 0.7499372 0.8392079 0.6917885 0.6690802 0.4805386 0.4246315 0.4305992 0.6450339 1.1086327 1.6634021 
Spur_XM_030975655.1                                     0.5136945 0.5165231 0.5453946 0.5859669 0.5860643 0.6250346 0.4565953 0.3828318 0.4965278 0.4345840 0.4354242 0.4170794 0.4171181 0.3700779 0.4716795 0.6209872 0.4346694 0.0000000 0.4601419 0.4952890 0.4391827 0.4369037 0.5242771 0.5215656 0.5757242 0.5392197 0.4857696 0.5449604 0.5115647 0.5708714 0.5288546 0.5974817 0.6072802 0.5440722 0.6517388 0.6273509 0.5585715 0.8622859 0.5360879 0.5435932 0.5052975 0.6811811 0.5675483 0.5963000 0.6882036 0.6349847 0.6132536 0.5975537 0.7764677 0.7086126 0.5721563 0.6942436 0.7590519 0.6984173 0.6052166 0.6452983 0.9242259 0.7206952 0.6152859 0.4107350 0.4999550 0.3989168 0.7659961 1.3620793 1.6628756 
Dgig_XM_028544623.1                                     0.6423223 0.6027568 0.5788977 0.6337810 0.6347604 0.6169081 0.4604369 0.4646974 0.5508925 0.3959273 0.3489532 0.3891911 0.3909793 0.3443502 0.4072868 0.6273400 0.4261381 0.4601419 0.0000000 0.1789306 0.4895122 0.5552565 0.5566025 0.5721612 0.5140502 0.5173734 0.4932453 0.5260254 0.5125408 0.5631328 0.5297587 0.6073266 0.6642967 0.6689481 0.7123211 0.7003991 0.6541600 0.8429017 0.5484250 0.5946995 0.6471236 0.6665606 0.5924217 0.6951795 0.7375677 0.7113116 0.7477579 0.7421012 0.9194038 0.8269915 0.5959872 0.8278703 0.8625551 0.7579716 0.7081967 0.7538264 0.9684790 0.8757732 0.7407433 0.4792483 0.5013640 0.4223734 0.7669895 1.2920193 1.6742822 
Xesp_004496-T1                                          0.6956165 0.6585801 0.6410481 0.6712263 0.6718670 0.6804185 0.4779776 0.5036134 0.5317151 0.4335237 0.3923068 0.4264500 0.4268988 0.3759327 0.4614425 0.5910333 0.3985779 0.4952890 0.1789306 0.0000000 0.5477773 0.5439539 0.5658774 0.5373774 0.5166091 0.5291116 0.5417967 0.5848138 0.5947473 0.6291369 0.6032384 0.6280302 0.6440339 0.6902137 0.6816697 0.7280688 0.6772809 0.9171916 0.5786020 0.5953038 0.7045717 0.6495464 0.5865533 0.7421949 0.8116539 0.7905879 0.7409991 0.7565741 0.9020920 0.7905312 0.5584724 0.8499827 0.8715304 0.7236222 0.7129358 0.7581341 0.9303254 0.8293996 0.7967573 0.5665121 0.5537792 0.4993676 0.8272736 1.3582327 1.6984019 
Hsap_ENST00000454402                                    0.4963488 0.4721106 0.5251871 0.5549709 0.5556180 0.5876720 0.4536873 0.3812567 0.4468112 0.4170509 0.4265057 0.4182032 0.4153462 0.3757165 0.4110170 0.6235399 0.4222825 0.4391827 0.4895122 0.5477773 0.0000000 0.4460011 0.6371086 0.5390838 0.5842170 0.5821948 0.4344606 0.4940540 0.4624331 0.4905966 0.5061135 0.5978157 0.6572921 0.5112441 0.6630647 0.6267294 0.5425230 0.8059946 0.5368287 0.5507367 0.5144707 0.5761636 0.5831866 0.5755078 0.5617281 0.5393530 0.5741781 0.5889327 0.6617618 0.6223219 0.5482946 0.5860501 0.6744446 0.6072783 0.5561780 0.5894382 0.7363303 0.6477550 0.6887553 0.4025840 0.4896090 0.4213001 0.5914132 0.9494182 1.6095839 
Bralan_BLAG01002685_1                                   0.5894634 0.5454873 0.5904937 0.5708284 0.5709796 0.6059517 0.4456659 0.4286838 0.5183231 0.4210051 0.4405925 0.4312320 0.4230582 0.3956473 0.4664253 0.6030171 0.4209991 0.4369037 0.5552565 0.5439539 0.4460011 0.0000000 0.5774232 0.5732971 0.5714745 0.5427164 0.5001151 0.5415968 0.5399601 0.5796674 0.5565946 0.6823018 0.6534403 0.4932389 0.6853681 0.6564985 0.6021178 0.8349116 0.5716165 0.5539662 0.5376989 0.5667096 0.6278489 0.6207482 0.5257488 0.4819348 0.7482703 0.7643649 0.7821969 0.7908785 0.6707388 0.7286093 0.8413077 0.7142737 0.6712608 0.7029200 0.8375591 0.7475780 0.7161465 0.5308541 0.5209599 0.5535127 0.6535896 1.0133128 1.5293052 
Sanmal_Sma_019348-T1                                    0.6771899 0.6606195 0.6144425 0.6437649 0.6409611 0.6170586 0.5047427 0.5130039 0.5730135 0.4091031 0.3580859 0.4040781 0.3927987 0.3954256 0.4230637 0.6736087 0.4886740 0.5242771 0.5566025 0.5658774 0.6371086 0.5774232 0.0000000 0.2764324 0.2571361 0.2457492 0.6557069 0.6942602 0.6645267 0.7118432 0.6846184 0.4982951 0.4908008 0.7128136 0.8136176 0.8287468 0.7931386 0.8009004 0.5697748 0.6911915 0.6498622 0.6227306 0.6832224 0.7413682 0.7282601 0.6796709 0.7836443 0.7821548 0.7567885 0.7797845 0.6597941 0.7406879 0.7901076 0.7080438 0.7365048 0.7835415 0.8828286 0.7759280 0.7531840 0.5466011 0.6469435 0.5099456 0.8228079 1.2837487 1.5144061 
Aaur_scaffold933.g4.t1                                  0.6189046 0.6126827 0.5944814 0.6374408 0.6341717 0.5316189 0.5412923 0.5097537 0.5684812 0.3721713 0.3754657 0.3804890 0.3709276 0.4060294 0.4025952 0.6388257 0.4573564 0.5215656 0.5721612 0.5373774 0.5390838 0.5732971 0.2764324 0.0000000 0.2059383 0.1834779 0.5515751 0.6011690 0.5997954 0.5686123 0.6613151 0.5193441 0.5348879 0.7253781 0.7538452 0.7501966 0.7028329 0.7969282 0.5995978 0.6790674 0.7019042 0.6238292 0.6295636 0.7309152 0.7847602 0.6816354 0.7096144 0.7276837 0.8021093 0.8114918 0.8266059 0.7656825 0.8536186 0.7320978 0.7223915 0.7667036 0.8279125 0.7330198 0.8078668 0.5073539 0.6140400 0.6255010 0.6945171 1.0302793 1.7306485 
Nemnom_g5196.t1                                         0.6242662 0.6234515 0.5887246 0.6398492 0.6402469 0.5574333 0.5218493 0.5158153 0.5430236 0.4330383 0.4106114 0.4384573 0.4228884 0.3942090 0.4437135 0.6721258 0.4761121 0.5757242 0.5140502 0.5166091 0.5842170 0.5714745 0.2571361 0.2059383 0.0000000 0.0495129 0.5779087 0.6124901 0.6220266 0.6563820 0.6833761 0.4978683 0.5363592 0.7341163 0.7262281 0.6844168 0.6936946 0.7968890 0.5564454 0.6294832 0.7241975 0.6014531 0.6195138 0.7706566 0.8028926 0.7418627 0.7402992 0.7474501 0.8085822 0.7683551 0.6586609 0.7559604 0.8453939 0.6965656 0.7530756 0.8072074 0.8387426 0.7279243 0.7614656 0.4970187 0.5929400 0.5267550 0.7212749 1.0463416 1.4227854 
Rhoesc_Res_006354-T1                                    0.6251463 0.6254264 0.5848666 0.6543718 0.6547197 0.5847270 0.5082753 0.5010754 0.5375046 0.4195597 0.3861991 0.4212434 0.4061800 0.3633340 0.4460068 0.6491549 0.4592894 0.5392197 0.5173734 0.5291116 0.5821948 0.5427164 0.2457492 0.1834779 0.0495129 0.0000000 0.5845279 0.6165915 0.6248050 0.6593890 0.6848911 0.4852334 0.5329179 0.7193909 0.7128351 0.7090165 0.7182621 0.8371400 0.5800658 0.6548294 0.7153499 0.6196213 0.6597244 0.7832046 0.7810097 0.7211608 0.7331326 0.7468917 0.8261827 0.7805750 0.6624216 0.7659809 0.8449614 0.6972504 0.7456933 0.7992832 0.8512780 0.7457678 0.7374329 0.4998705 0.5912640 0.4905299 0.7537610 1.1057800 1.4756455 
HoiH23_PlH23_003373-RA                                  0.5898730 0.5557354 0.5815107 0.6031925 0.6037407 0.6732158 0.4602360 0.4626192 0.5414040 0.4758804 0.4414694 0.4973364 0.4804743 0.4403860 0.4463766 0.6569410 0.4846893 0.4857696 0.4932453 0.5417967 0.4344606 0.5001151 0.6557069 0.5515751 0.5779087 0.5845279 0.0000000 0.0188944 0.0342826 0.0382155 0.1245034 0.6357654 0.7441017 0.6818215 0.5816002 0.5313308 0.5788875 0.9126112 0.5554189 0.5493853 0.6831781 0.7693130 0.6203251 0.8210140 0.6647098 0.7037182 0.7482522 0.7685611 0.9864667 0.8217145 0.6433874 0.8813716 0.9212540 0.8118525 0.8513629 0.8572453 0.9555966 0.8407935 0.6807008 0.4454169 0.5267152 0.4801901 0.8323573 1.3467503 1.7534192 
HoiH06_mRNA8007                                         0.6577702 0.6244016 0.6593036 0.6955733 0.6957741 0.6744459 0.5033013 0.5321216 0.5585526 0.5387141 0.4671067 0.5147513 0.4988601 0.4697989 0.5194735 0.6805574 0.5325691 0.5449604 0.5260254 0.5848138 0.4940540 0.5415968 0.6942602 0.6011690 0.6124901 0.6165915 0.0188944 0.0000000 0.0519777 0.0605214 0.1486418 0.6743338 0.7735170 0.7459378 0.6033692 0.5701611 0.5675158 0.9518266 0.5557729 0.5968501 0.7405103 0.7724075 0.6090239 0.8399721 0.7492607 0.7083086 0.7786402 0.7980144 0.9617996 0.8400202 0.6705407 0.8550849 0.9398940 0.8582556 0.8147774 0.8756302 0.9646472 0.8849646 0.7665895 0.4998775 0.6730649 0.6152402 0.8323420 1.3526798 1.7129177 
Hhon_g04539.t1                                          0.6147351 0.5880624 0.6170477 0.6212120 0.6216598 0.6700606 0.4874185 0.5079573 0.5645889 0.5394216 0.4617673 0.5163219 0.5007366 0.4794951 0.5242393 0.6543478 0.5143399 0.5115647 0.5125408 0.5947473 0.4624331 0.5399601 0.6645267 0.5997954 0.6220266 0.6248050 0.0342826 0.0519777 0.0000000 0.0291060 0.1214617 0.6484159 0.7222703 0.7200059 0.6030911 0.5578878 0.5645088 0.9592115 0.5466858 0.5698468 0.7093172 0.8045616 0.6073565 0.7946924 0.6635200 0.6756874 0.7416351 0.7492766 0.9334966 0.8043800 0.6736225 0.8386185 0.8962663 0.7985405 0.7947445 0.8613115 0.9126917 0.8183999 0.7178263 0.5256609 0.6733045 0.5354013 0.8299942 1.3464200 1.6432786 
HoiH04_mRNA3552                                         0.6694855 0.6421498 0.6776376 0.6887263 0.6889510 0.6781862 0.5221870 0.5635839 0.6153556 0.5465240 0.5233406 0.5515322 0.5353516 0.5188085 0.5318719 0.7215496 0.5834796 0.5708714 0.5631328 0.6291369 0.4905966 0.5796674 0.7118432 0.5686123 0.6563820 0.6593890 0.0382155 0.0605214 0.0291060 0.0000000 0.1456373 0.6882786 0.8128880 0.7633649 0.6212543 0.5852052 0.5714406 0.9403540 0.5737035 0.6131313 0.7773126 0.8258715 0.6122233 0.8103977 0.7614766 0.6854222 0.7716169 0.7794158 0.9391522 0.8408911 0.7301116 0.8446337 0.9473112 0.8512004 0.8003924 0.8675349 0.9237262 0.8860178 0.7686957 0.5175313 0.6703099 0.6270408 0.8204129 1.3246483 1.7173989 
TrH2_TrispH2_009621-RA                                  0.6946370 0.6251467 0.6313698 0.6495712 0.6492489 0.6925625 0.4605490 0.5218021 0.5841060 0.5612325 0.5015852 0.5296687 0.5069525 0.4432015 0.5701144 0.6870315 0.5201542 0.5288546 0.5297587 0.6032384 0.5061135 0.5565946 0.6846184 0.6613151 0.6833761 0.6848911 0.1245034 0.1486418 0.1214617 0.1456373 0.0000000 0.6278974 0.7267595 0.7158714 0.6047590 0.5506194 0.6034765 0.9044159 0.5700512 0.6067714 0.7251161 0.8845729 0.6068063 0.8417192 0.7349823 0.7382996 0.7650892 0.7644323 0.9822066 0.8440644 0.7213295 0.8743930 0.9087462 0.8303471 0.8327600 0.9034071 0.9267268 0.8362547 0.7718472 0.5651152 0.6168280 0.5155281 0.8860783 1.4555185 1.7237347 
Hvul_g1066_1                                            0.7557131 0.7336272 0.7719775 0.7884228 0.7890565 0.7313927 0.5749658 0.5795415 0.6457377 0.5590561 0.5648300 0.5474743 0.5480218 0.4935114 0.5961460 0.7219755 0.5683275 0.5974817 0.6073266 0.6280302 0.5978157 0.6823018 0.4982951 0.5193441 0.4978683 0.4852334 0.6357654 0.6743338 0.6484159 0.6882786 0.6278974 0.0000000 0.4281630 0.7167885 0.6879108 0.6742644 0.6648097 1.0413102 0.6674313 0.6594341 0.6863676 0.6655803 0.6745133 1.0470118 0.7871788 0.7303537 0.8492444 0.8346772 0.9149099 0.8492669 0.7038017 0.8877107 0.9183534 0.8479722 0.8841010 0.9445954 0.9334094 0.7874779 0.8442082 0.5711185 0.6698865 0.4877907 0.9385022 1.4511820 1.5059710 
Chem_TCONS_00048556                                     0.7326288 0.7583516 0.7269812 0.6935957 0.6935957 0.7623616 0.5672942 0.5640836 0.6415452 0.6426605 0.4372705 0.5530839 0.5378831 0.4870275 0.6134659 0.7194587 0.6755009 0.6072802 0.6642967 0.6440339 0.6572921 0.6534403 0.4908008 0.5348879 0.5363592 0.5329179 0.7441017 0.7735170 0.7222703 0.8128880 0.7267595 0.4281630 0.0000000 0.7723559 0.7735277 0.7974335 0.7649721 2.2733638 0.7400642 0.8017990 0.7277569 1.8970121 0.7896434 1.2745943 0.7829495 0.7565428 0.7296263 0.7107128 0.8402744 0.8108248 0.6456428 0.8011594 0.9202047 0.7658129 0.7080647 0.7671106 0.8812052 0.7364507 0.7676686 0.5874056 0.8838640 0.7016134 0.8072740 1.4146381 1.4446596 
Plajan_Pjan_scaffold5946_01                             0.6158437 0.5909630 0.5877902 0.6229605 0.6172063 0.6283151 0.6029944 0.5719733 0.6421165 0.5755191 0.5663801 0.5337719 0.5548737 0.5009926 0.6089029 0.7285796 0.5672795 0.5440722 0.6689481 0.6902137 0.5112441 0.4932389 0.7128136 0.7253781 0.7341163 0.7193909 0.6818215 0.7459378 0.7200059 0.7633649 0.7158714 0.7167885 0.7723559 0.0000000 0.7219447 0.6922105 0.6454638 1.3260872 0.6495230 0.6640248 0.7157431 0.9757568 0.8181989 0.8236461 0.5838259 0.5961166 0.7461770 0.7532633 0.8469021 0.7999726 0.6540321 0.7559214 0.8590663 0.7331694 0.7279640 0.7789547 0.8973999 0.7532140 0.8471014 0.6206689 0.5885597 0.5196980 0.6895976 1.3103237 1.5246316 
Aque_Aqu2.1.28807_001                                   0.7634968 0.7594495 0.7518128 0.8321651 0.8319787 0.7896172 0.6743814 0.6422802 0.6572273 0.6785621 0.5230320 0.6220994 0.6170603 0.5887884 0.6697823 0.8139785 0.6439756 0.6517388 0.7123211 0.6816697 0.6630647 0.6853681 0.8136176 0.7538452 0.7262281 0.7128351 0.5816002 0.6033692 0.6030911 0.6212543 0.6047590 0.6879108 0.7735277 0.7219447 0.0000000 0.2414901 0.4193973 0.8970571 0.5579028 0.6146469 0.7974921 0.7144427 0.6145627 0.9427200 0.8779719 0.8889420 0.7925386 0.7953730 1.0222420 0.8286183 0.5905160 0.9036790 0.9278129 0.7808846 0.8386885 0.8844691 0.9535007 0.7792234 0.8643234 0.7168268 0.8399135 0.6056332 0.9231532 1.6064842 1.9498357 
Halamb_c10395_g1_i1m.1650                               0.7502428 0.7365814 0.7512195 0.8269899 0.8312359 0.7132963 0.6419712 0.5951628 0.6698589 0.6461157 0.5191480 0.6090212 0.5938041 0.5486425 0.6778174 0.7423324 0.5773164 0.6273509 0.7003991 0.7280688 0.6267294 0.6564985 0.8287468 0.7501966 0.6844168 0.7090165 0.5313308 0.5701611 0.5578878 0.5852052 0.5506194 0.6742644 0.7974335 0.6922105 0.2414901 0.0000000 0.2875342 0.7392745 0.4785740 0.5798898 0.6951114 0.6986090 0.5439776 0.9452779 0.8418701 0.8396153 0.8066141 0.8178267 1.0329908 0.8556520 0.5892489 0.8586100 0.8867940 0.7883502 0.8781137 0.9520938 0.9352262 0.7702994 0.8678208 0.6594558 0.7943381 0.5882070 0.7944488 1.2999152 2.0035988 
Xestes_maker-XT_scaffold20830-augustus-gene-0.46-mRNA-1 0.6219572 0.6117064 0.6173208 0.6762661 0.6767389 0.7295745 0.6355275 0.5626358 0.6026147 0.6527491 0.5166654 0.5463016 0.5454210 0.5210610 0.6131833 0.6640605 0.6063518 0.5585715 0.6541600 0.6772809 0.5425230 0.6021178 0.7931386 0.7028329 0.6936946 0.7182621 0.5788875 0.5675158 0.5645088 0.5714406 0.6034765 0.6648097 0.7649721 0.6454638 0.4193973 0.2875342 0.0000000 0.8806106 0.4744580 0.4798537 0.6200637 0.5935859 0.5330809 0.8283823 0.7079856 0.7131331 0.7031209 0.7040742 0.9542982 0.7771108 0.6310486 0.8692426 0.8910607 0.7845900 0.7882241 0.8275937 0.9336100 0.7450426 0.8236167 0.5456332 0.6353229 0.4484051 0.6994306 1.1885224 1.9043486 
Spolac_c100484_g1_i1_m.22575c100484-g1                  0.8865700 0.7794142 0.7556563 0.7921106 0.7917949 0.8395863 0.9989668 0.7259416 0.9710926 0.6510312 0.8415740 0.6683845 0.6575248 0.7734815 0.6962519 1.2913886 0.6688634 0.8622859 0.8429017 0.9171916 0.8059946 0.8349116 0.8009004 0.7969282 0.7968890 0.8371400 0.9126112 0.9518266 0.9592115 0.9403540 0.9044159 1.0413102 2.2733638 1.3260872 0.8970571 0.7392745 0.8806106 0.0000000 0.0891871 0.6382346 0.9037012 0.4748918 0.6395205 0.5779594 1.3077080 1.1101984 1.0725309 1.1429660 1.0682196 1.0997803 1.8502525 1.1051307 1.1661048 1.0692405 1.1358151 1.0955435 1.1885688 1.1830449 1.5549954 0.7339455 0.8707086 0.7987426 0.4344452 0.4447018 6.4038937 
Spolac_c100484_g1_i2_m.22576c100484-g1                  0.5913274 0.5414196 0.5475076 0.5891149 0.5896607 0.6007345 0.5856014 0.4829837 0.5619958 0.4671463 0.4513002 0.4784149 0.4725148 0.4788279 0.4883030 0.6448099 0.4973585 0.5360879 0.5484250 0.5786020 0.5368287 0.5716165 0.5697748 0.5995978 0.5564454 0.5800658 0.5554189 0.5557729 0.5466858 0.5737035 0.5700512 0.6674313 0.7400642 0.6495230 0.5579028 0.4785740 0.4744580 0.0891871 0.0000000 0.4222909 0.5662012 0.4748918 0.3490835 0.6319829 0.7324664 0.7111947 0.6946788 0.7142945 0.7908116 0.7537771 0.5715113 0.7112694 0.7534762 0.6949373 0.6851651 0.7346733 0.8593802 0.7308306 0.7835948 0.5465268 0.5157747 0.4250619 0.2158983 0.3638318 1.8411958 
Plespi_Pspi_C602934_01                                  0.5792458 0.5645452 0.5826661 0.5993550 0.5966072 0.6333916 0.5943249 0.5169249 0.6109849 0.4958129 0.4686878 0.5230099 0.5285763 0.4838162 0.4983164 0.6173011 0.5135894 0.5435932 0.5946995 0.5953038 0.5507367 0.5539662 0.6911915 0.6790674 0.6294832 0.6548294 0.5493853 0.5968501 0.5698468 0.6131313 0.6067714 0.6594341 0.8017990 0.6640248 0.6146469 0.5798898 0.4798537 0.6382346 0.4222909 0.0000000 0.6554641 0.5896144 0.4132948 0.8253657 0.7167127 0.6522111 0.7642086 0.7655640 0.8361800 0.7491753 0.5949182 0.7826308 0.8269713 0.7437540 0.7224310 0.7507915 0.9156741 0.7622504 0.7376796 0.5367979 0.5732293 0.5835978 0.5724328 0.8707946 1.8446751 
Dpul_mRNA2836                                           0.6033273 0.5803268 0.5916264 0.6473842 0.6513497 0.6779922 0.5349460 0.5179096 0.5171639 0.6176854 0.5472937 0.5968861 0.5975515 0.5162472 0.6392457 0.7504268 0.5338185 0.5052975 0.6471236 0.7045717 0.5144707 0.5376989 0.6498622 0.7019042 0.7241975 0.7153499 0.6831781 0.7405103 0.7093172 0.7773126 0.7251161 0.6863676 0.7277569 0.7157431 0.7974921 0.6951114 0.6200637 0.9037012 0.5662012 0.6554641 0.0000000 0.8192273 0.6762060 0.5157043 0.7541777 0.7905743 0.6893562 0.7220878 0.8289902 0.7509177 0.5626510 0.7492621 0.7838218 0.6774960 0.6819053 0.7196806 0.8425291 0.7199530 0.6354012 0.4850781 0.7456895 0.4473619 0.7902631 1.3319862 1.7635326 
Tetwil_g15744.t1                                        0.7033161 0.6999345 0.6994852 0.7748896 0.7746856 0.6261952 0.7913440 0.6867659 0.7311902 0.4804460 0.5959262 0.5587081 0.5375940 0.6065253 0.5425264 1.1951895 0.6514759 0.6811811 0.6665606 0.6495464 0.5761636 0.5667096 0.6227306 0.6238292 0.6014531 0.6196213 0.7693130 0.7724075 0.8045616 0.8258715 0.8845729 0.6655803 1.8970121 0.9757568 0.7144427 0.6986090 0.5935859 0.4748918 0.4748918 0.5896144 0.8192273 0.0000000 0.3763454 0.6993806 1.0248046 1.0248046 1.0965534 1.1141457 0.9770545 0.9547960 1.5044507 1.0163103 1.0042899 0.9747599 1.0184372 1.0184372 1.3708368 1.1710459 1.2707050 0.6938267 0.7711361 0.6321008 0.9072219 0.8863802 6.3965842 
Stycar_maker-SC_scaffold120498-snap-gene-0.15-mRNA-1    0.6332275 0.6432236 0.6260957 0.6932718 0.6976795 0.7510792 0.5913691 0.5119918 0.6299907 0.5476431 0.4211243 0.5290797 0.5171460 0.5024985 0.5648979 0.6962116 0.5041091 0.5675483 0.5924217 0.5865533 0.5831866 0.6278489 0.6832224 0.6295636 0.6195138 0.6597244 0.6203251 0.6090239 0.6073565 0.6122233 0.6068063 0.6745133 0.7896434 0.8181989 0.6145627 0.5439776 0.5330809 0.6395205 0.3490835 0.4132948 0.6762060 0.3763454 0.0000000 0.7682499 0.8127309 0.8898119 0.8166678 0.8186101 1.0542347 0.8890977 0.5781222 0.9268436 0.9061607 0.8235850 0.8478273 0.8989750 1.2448267 0.9124273 0.8210139 0.5537614 0.6237635 0.3956270 0.6516466 0.9385485 2.0749347 
Cscu_XM_023376208.1                                     0.8463811 0.7393503 0.7162163 0.7215365 0.7215365 0.8139334 0.6495243 0.6052218 0.6900264 0.6815381 0.7535301 0.6648386 0.6328253 0.6292864 0.6496467 1.2374319 0.6517870 0.5963000 0.6951795 0.7421949 0.5755078 0.6207482 0.7413682 0.7309152 0.7706566 0.7832046 0.8210140 0.8399721 0.7946924 0.8103977 0.8417192 1.0470118 1.2745943 0.8236461 0.9427200 0.9452779 0.8283823 0.5779594 0.6319829 0.8253657 0.5157043 0.6993806 0.7682499 0.0000000 0.7309553 0.7309553 0.7692643 0.8172339 0.8522342 0.8209848 0.8182332 0.8417137 0.9024314 0.6512380 0.8059507 0.8059507 0.8777951 0.7437869 0.6778293 0.6043663 0.7173662 0.0443473 0.6570712 0.8318902 5.0348574 
Opea_EP00118_Oscarella_pearsei_P027766                  0.7349082 0.6899511 0.6795196 0.7032705 0.7149836 0.7912030 0.6469779 0.6583255 0.7098277 0.6270868 0.5591127 0.6254200 0.6229625 0.5974472 0.5968622 0.7874706 0.5929009 0.6882036 0.7375677 0.8116539 0.5617281 0.5257488 0.7282601 0.7847602 0.8028926 0.7810097 0.6647098 0.7492607 0.6635200 0.7614766 0.7349823 0.7871788 0.7829495 0.5838259 0.8779719 0.8418701 0.7079856 1.3077080 0.7324664 0.7167127 0.7541777 1.0248046 0.8127309 0.7309553 0.0000000 0.0000010 0.8884563 0.9139242 0.9623894 0.9605719 0.7372263 0.8591513 0.9616271 0.8415517 0.8733366 0.9086035 0.9460907 0.8866636 0.8108273 0.6821640 0.8010567 0.7450688 0.9176755 1.7254501 1.9268736 
Ocar_g3704                                              0.7623704 0.7208930 0.7132471 0.7408753 0.7561230 0.8539572 0.5511335 0.5976021 0.6179211 0.5765258 0.4587955 0.5626339 0.5600336 0.4808623 0.4832381 0.7989656 0.5656103 0.6349847 0.7113116 0.7905879 0.5393530 0.4819348 0.6796709 0.6816354 0.7418627 0.7211608 0.7037182 0.7083086 0.6756874 0.6854222 0.7382996 0.7303537 0.7565428 0.5961166 0.8889420 0.8396153 0.7131331 1.1101984 0.7111947 0.6522111 0.7905743 1.0248046 0.8898119 0.7309553 0.0000010 0.0000000 0.8654894 0.8975328 0.9475367 0.9184785 0.5973924 0.9044302 0.9338712 0.8146877 0.9285011 0.9285011 0.9403768 0.8637574 0.7632758 0.5778431 0.6132354 0.6294842 0.9176755 1.7254501 2.6793525 
Pbac_sb2645984                                          0.7946749 0.7501897 0.7619023 0.8622035 0.8572445 0.7712225 0.6735103 0.6651002 0.7023368 0.6813881 0.5433898 0.6185023 0.6162273 0.5731561 0.6628839 0.8474414 0.7144928 0.6132536 0.7477579 0.7409991 0.5741781 0.7482703 0.7836443 0.7096144 0.7402992 0.7331326 0.7482522 0.7786402 0.7416351 0.7716169 0.7650892 0.8492444 0.7296263 0.7461770 0.7925386 0.8066141 0.7031209 1.0725309 0.6946788 0.7642086 0.6893562 1.0965534 0.8166678 0.7692643 0.8884563 0.8654894 0.0000000 0.0204713 0.3261069 0.3200108 0.2212304 0.2985098 0.3011182 0.2983109 0.2730475 0.3007720 0.4717966 0.3726038 0.8136172 0.7037652 0.8351582 0.6820200 1.0397154 1.7975442 1.8957263 
Horcal_Hcv1.av93.c5.g416.i1                             0.7932024 0.7344555 0.7671748 0.8675101 0.8625382 0.7473661 0.6795207 0.6864325 0.7291117 0.6917151 0.5447394 0.6281081 0.6268166 0.5777103 0.6660369 0.8594281 0.7162312 0.5975537 0.7421012 0.7565741 0.5889327 0.7643649 0.7821548 0.7276837 0.7474501 0.7468917 0.7685611 0.7980144 0.7492766 0.7794158 0.7644323 0.8346772 0.7107128 0.7532633 0.7953730 0.8178267 0.7040742 1.1429660 0.7142945 0.7655640 0.7220878 1.1141457 0.8186101 0.8172339 0.9139242 0.8975328 0.0204713 0.0000000 0.3255102 0.3194649 0.2246117 0.3023869 0.2963084 0.3014919 0.2717180 0.2996038 0.4724502 0.3628767 0.8467674 0.7030768 0.8516180 0.6892233 1.0614326 1.8507139 1.9252035 
Bolinf_Binf_sb1190775                                   0.9375553 0.8838127 0.9057131 0.9816127 0.9749607 0.9158584 0.7900497 0.7491060 0.7945888 0.7221716 0.6775242 0.7082774 0.6883585 0.6391579 0.7041045 1.0465179 0.7899534 0.7764677 0.9194038 0.9020920 0.6617618 0.7821969 0.7567885 0.8021093 0.8085822 0.8261827 0.9864667 0.9617996 0.9334966 0.9391522 0.9822066 0.9149099 0.8402744 0.8469021 1.0222420 1.0329908 0.9542982 1.0682196 0.7908116 0.8361800 0.8289902 0.9770545 1.0542347 0.8522342 0.9623894 0.9475367 0.3261069 0.3255102 0.0000000 0.0950862 0.0684594 0.1813593 0.2098639 0.2103698 0.2537711 0.2509328 0.3712966 0.3259745 0.8523631 0.7113459 0.7568042 0.6723146 1.0550242 1.8278707 2.3192533 
Mlei_ML2705.g19.i1                                      0.8597709 0.8418846 0.8688515 0.9393050 0.9338827 0.8628105 0.7373600 0.7247061 0.7207383 0.7002792 0.5942064 0.6322418 0.6165672 0.5893117 0.6764580 0.8864868 0.7584207 0.7086126 0.8269915 0.7905312 0.6223219 0.7908785 0.7797845 0.8114918 0.7683551 0.7805750 0.8217145 0.8400202 0.8043800 0.8408911 0.8440644 0.8492669 0.8108248 0.7999726 0.8286183 0.8556520 0.7771108 1.0997803 0.7537771 0.7491753 0.7509177 0.9547960 0.8890977 0.8209848 0.9605719 0.9184785 0.3200108 0.3194649 0.0950862 0.0000000 0.0366534 0.1568468 0.2192563 0.2198237 0.2108472 0.2432528 0.3746416 0.3036446 0.8556705 0.6841194 0.7636712 0.6476673 1.0071260 1.7730626 2.0922755 
Vmul_sbMO402475                                         0.7442103 0.7013381 0.7398412 0.7675871 0.7675871 0.7581098 0.5568827 0.6377220 0.5211115 0.5897163 0.5291841 0.5409539 0.5252097 0.4756912 0.5880772 0.6207774 0.5995856 0.5721563 0.5959872 0.5584724 0.5482946 0.6707388 0.6597941 0.8266059 0.6586609 0.6624216 0.6433874 0.6705407 0.6736225 0.7301116 0.7213295 0.7038017 0.6456428 0.6540321 0.5905160 0.5892489 0.6310486 1.8502525 0.5715113 0.5949182 0.5626510 1.5044507 0.5781222 0.8182332 0.7372263 0.5973924 0.2212304 0.2246117 0.0684594 0.0366534 0.0000000 0.0907713 0.1589185 0.1777634 0.0940260 0.1345513 0.1928955 0.2152991 0.6637032 0.5585815 0.5443208 0.4877694 0.6010642 2.0594203 1.0583750 
Beraby_Baby_sb340687                                    0.8134023 0.8062520 0.8239880 0.8833258 0.8779939 0.8748789 0.7208726 0.7103656 0.7430111 0.7298920 0.5814129 0.6551767 0.6436581 0.5575995 0.7124144 0.9505034 0.7452977 0.6942436 0.8278703 0.8499827 0.5860501 0.7286093 0.7406879 0.7656825 0.7559604 0.7659809 0.8813716 0.8550849 0.8386185 0.8446337 0.8743930 0.8877107 0.8011594 0.7559214 0.9036790 0.8586100 0.8692426 1.1051307 0.7112694 0.7826308 0.7492621 1.0163103 0.9268436 0.8417137 0.8591513 0.9044302 0.2985098 0.3023869 0.1813593 0.1568468 0.0907713 0.0000000 0.2089977 0.2090400 0.2276649 0.2570457 0.3758806 0.2926336 0.8007547 0.6487879 0.7651607 0.5523088 1.0262718 1.7951932 1.8935202 
Drygla_Dgla_sb299882                                    0.8892777 0.8452017 0.8991278 0.9986095 0.9928977 0.8975205 0.7771730 0.7639456 0.7383641 0.7548883 0.6951270 0.7201464 0.7009059 0.6581677 0.7278452 0.9852611 0.7809281 0.7590519 0.8625551 0.8715304 0.6744446 0.8413077 0.7901076 0.8536186 0.8453939 0.8449614 0.9212540 0.9398940 0.8962663 0.9473112 0.9087462 0.9183534 0.9202047 0.8590663 0.9278129 0.8867940 0.8910607 1.1661048 0.7534762 0.8269713 0.7838218 1.0042899 0.9061607 0.9024314 0.9616271 0.9338712 0.3011182 0.2963084 0.2098639 0.2192563 0.1589185 0.2089977 0.0000000 0.2416261 0.1941883 0.2153064 0.4288754 0.3634824 0.9003635 0.7810324 0.7973770 0.7317603 1.1023214 1.9693380 2.0765401 
Lampan_Lpan_4907_01                                     0.8568341 0.7954678 0.7999340 0.8391170 0.8383533 0.8290414 0.6613229 0.6373555 0.7222513 0.6702850 0.5670811 0.6440589 0.6195414 0.5721133 0.6655323 0.8740718 0.6645120 0.6984173 0.7579716 0.7236222 0.6072783 0.7142737 0.7080438 0.7320978 0.6965656 0.6972504 0.8118525 0.8582556 0.7985405 0.8512004 0.8303471 0.8479722 0.7658129 0.7331694 0.7808846 0.7883502 0.7845900 1.0692405 0.6949373 0.7437540 0.6774960 0.9747599 0.8235850 0.6512380 0.8415517 0.8146877 0.2983109 0.3014919 0.2103698 0.2198237 0.1777634 0.2090400 0.2416261 0.0000000 0.1852933 0.2100463 0.3080521 0.2438630 0.7995866 0.6504396 0.8646477 0.6428191 0.9460535 1.5565826 1.8925297 
Bolinf_Binf_sb1221233                                   0.8144673 0.8017870 0.8388927 0.8588912 0.8639089 0.8975284 0.6775414 0.6152244 0.6774952 0.6729896 0.5555291 0.5974841 0.5790154 0.5441454 0.6596651 0.9036440 0.7171257 0.6052166 0.7081967 0.7129358 0.5561780 0.6712608 0.7365048 0.7223915 0.7530756 0.7456933 0.8513629 0.8147774 0.7947445 0.8003924 0.8327600 0.8841010 0.7080647 0.7279640 0.8386885 0.8781137 0.7882241 1.1358151 0.6851651 0.7224310 0.6819053 1.0184372 0.8478273 0.8059507 0.8733366 0.9285011 0.2730475 0.2717180 0.2537711 0.2108472 0.0940260 0.2276649 0.1941883 0.1852933 0.0000000 0.0149157 0.3960650 0.2883542 0.7847399 0.6594667 0.6694412 0.5155683 1.0333490 1.7759793 2.0010486 
Mertsp_Mesp_sb565353                                    0.8254799 0.8008895 0.8363590 0.8738988 0.8791271 0.9147149 0.7129976 0.6264835 0.7027456 0.6322465 0.5873950 0.6169638 0.5972886 0.5642454 0.6096619 0.9793560 0.7499372 0.6452983 0.7538264 0.7581341 0.5894382 0.7029200 0.7835415 0.7667036 0.8072074 0.7992832 0.8572453 0.8756302 0.8613115 0.8675349 0.9034071 0.9445954 0.7671106 0.7789547 0.8844691 0.9520938 0.8275937 1.0955435 0.7346733 0.7507915 0.7196806 1.0184372 0.8989750 0.8059507 0.9086035 0.9285011 0.3007720 0.2996038 0.2509328 0.2432528 0.1345513 0.2570457 0.2153064 0.2100463 0.0149157 0.0000000 0.4013606 0.3236339 0.7895339 0.6926834 0.5865752 0.5519087 1.0333490 1.7759793 2.1581091 
