56
Lcom_lcpid7015                                      0.0000000 0.1134492 0.1230412 0.1403216 0.2519855 0.8513252 0.8900985 0.8950715 0.8872111 0.8428105 0.8589669 0.7850642 0.8200362 0.8072509 0.8010487 0.8255720 0.8444869 0.7099550 0.7132205 0.8015296 0.7405339 0.6667140 0.6368145 0.8601185 0.8065371 0.8755050 0.8452089 0.8584414 0.8599147 0.7604521 0.7729121 0.8695269 0.8997074 0.9001647 0.8472134 0.8729064 0.8757548 0.8647100 0.9086046 0.9095872 0.8883351 0.8921471 0.8985430 0.7911251 0.9570287 0.9742126 0.8663741 0.9454014 0.7254553 1.0420507 1.2354681 1.2437893 1.3293570 1.2295491 1.1628412 1.3352467 
Leuniv_Lniv_scaffold13122_01                        0.1134492 0.0000000 0.1072747 0.1227791 0.2644175 0.8761408 0.9371014 0.8729252 0.8462040 0.8521608 0.8224544 0.8043550 0.7937826 0.7890639 0.7733463 0.8106997 0.8280761 0.7198070 0.7344480 0.8041279 0.6901822 0.6163359 0.6546210 0.8679726 0.7549343 0.8126821 0.7533408 0.8028753 0.7998855 0.7243305 0.7522562 0.8471857 0.8761663 0.9107242 0.8338175 0.8543148 0.8571506 0.8627717 0.8881365 0.8891445 0.8893230 0.8967534 0.9005762 0.7965393 0.9048982 0.9281907 0.8835143 0.9012989 0.6057057 1.0327502 1.2576353 1.2294576 1.3436290 1.2468497 1.0635514 1.3529042 
Scil_scict008517.2                                  0.1230412 0.1072747 0.0000000 0.1244396 0.2553782 0.8456524 0.9201071 0.8939127 0.8659959 0.8209873 0.8435084 0.7670371 0.8276564 0.8063986 0.8034218 0.8263511 0.8516847 0.7177693 0.7449371 0.8109444 0.7295891 0.6588805 0.6444361 0.8369941 0.7987120 0.8593644 0.8471562 0.8525664 0.8539085 0.7672354 0.7782804 0.8613245 0.9077860 0.9160250 0.8463936 0.8604221 0.8925494 0.8841699 0.9269881 0.9280158 0.9026497 0.9083423 0.9148278 0.8027961 0.9509358 0.9677472 0.8627318 0.9417396 0.7116774 1.0462994 1.2197894 1.2299553 1.3154632 1.1918131 1.1427940 1.3456200 
Gracom_Gcom_scaffold17462_01                        0.1403216 0.1227791 0.1244396 0.0000000 0.2838838 0.8146996 0.9679211 0.9050553 0.8444534 0.8586693 0.8255993 0.7904554 0.7716114 0.7644038 0.7495947 0.7772990 0.7977608 0.7173958 0.7643777 0.7939994 0.6975206 0.6706421 0.6494290 0.8503236 0.8148595 0.8675714 0.7944339 0.8309393 0.8178220 0.7401765 0.7601367 0.8295639 0.8879008 0.8931802 0.7966128 0.8349490 0.8706873 0.8723525 0.8998796 0.9006365 0.8881139 0.8947811 0.8980399 0.8190813 0.8918515 0.9097256 0.9213206 0.8900518 0.6188079 1.0073993 1.1370828 1.1825942 1.2553586 1.2262025 1.0718216 1.2911337 
Clacor_Ccor_C516217_01                              0.2519855 0.2644175 0.2553782 0.2838838 0.0000000 0.4125940 0.4020709 0.4280627 0.6256820 0.5306390 0.5045516 0.4667757 0.4806772 0.4596805 0.4770532 0.4909881 0.4744443 0.4869165 0.6511645 0.5103405 0.5782955 0.5782955 0.4455366 0.6341213 0.4571828 0.5302416 0.5603301 0.5193211 0.6098979 0.5229309 0.5144674 0.5075101 0.6332231 0.6083739 0.5378520 0.4981182 0.5218898 0.5233847 0.5434603 0.5434603 0.5022798 0.5270585 0.5270585 0.6772160 0.5985586 0.5985586 0.5909747 0.5752021 0.5336678 0.6646223 0.4920434 0.8330513 0.6629435 0.8689072 0.8215577 0.8052937 
Nvec_NVE21917                                       0.8513252 0.8761408 0.8456524 0.8146996 0.4125940 0.0000000 0.0186429 0.8422622 0.8883459 0.8646222 0.8477048 0.7503655 0.4066928 0.3902961 0.3912394 0.3857239 0.4075743 0.3581350 0.3557348 0.9484367 0.8710076 0.8704734 0.7929566 0.7134044 0.7316849 0.6465473 0.5328831 0.6608983 0.6613387 0.6377270 0.6335989 0.6917496 0.6234556 0.6503333 0.6920303 0.7136913 0.7630234 0.7702347 0.7858154 0.7840371 0.7738289 0.7622571 0.7644986 0.6602500 1.0404970 1.0316437 1.0334595 1.0002022 0.6982094 0.8477420 0.7371378 1.1786684 1.3151079 1.2033441 1.0571930 1.1784523 
Nvec_NVE12718                                       0.8900985 0.9371014 0.9201071 0.9679211 0.4020709 0.0186429 0.0000000 0.9079636 1.0149013 0.9705573 0.9118443 0.8638774 0.6621788 0.6524545 0.6474315 0.5681779 0.6132578 0.2399493 0.3744739 1.0920668 0.9412212 0.9204917 0.9503120 0.9449805 0.7555031 0.7156746 0.4606455 0.8323534 0.7853785 0.7813520 0.7915649 0.8112645 0.7900283 0.8554079 0.7843760 0.8881924 0.8471166 0.8479635 0.8532864 0.8532864 0.8268587 0.8504140 0.8504140 0.5939472 1.1311058 1.1311058 1.1047512 1.1050768 0.4847790 0.8508588 0.6967213 1.2819166 1.7485736 1.2825681 0.9021416 1.0639979 
Cscu_XM_023373792.1                                 0.8950715 0.8729252 0.8939127 0.9050553 0.4280627 0.8422622 0.9079636 0.0000000 0.8759834 0.8876109 0.8253787 0.8487459 0.7599027 0.7762927 0.7656125 0.7752864 0.7521879 0.5063602 0.7434608 0.8293427 0.8722425 0.7516240 0.9043035 0.8897388 0.7535709 0.7175048 0.5928006 0.8385691 0.7631280 0.6962439 0.6546627 0.6943433 0.8776686 0.9248189 0.7324383 0.7988215 0.8821455 0.8780655 0.8788875 0.8763620 0.8829294 0.8713825 0.8728232 0.6302687 0.9810555 1.0089590 0.8927186 0.9929257 0.5694773 0.8314801 1.2991108 1.2919713 1.4631444 1.2534009 1.0462164 1.1775586 
Aque_Aqu2.1.41859_001                               0.8872111 0.8462040 0.8659959 0.8444534 0.6256820 0.8883459 1.0149013 0.8759834 0.0000000 0.1444250 0.2154871 0.4296506 0.8615018 0.8589520 0.8440482 0.8489770 0.8857182 0.8093124 0.8036493 0.8841770 0.8518569 0.7448525 0.7526870 0.9158328 0.8172090 0.8735278 0.8656307 0.9025256 0.8669825 0.7995605 0.8440451 0.8611097 0.9115479 0.9293684 0.8198267 0.8542477 0.9111946 0.9161426 0.9112815 0.9099711 0.9113426 0.8917330 0.8953574 0.7648835 0.6085137 0.6225687 0.5212045 0.6064310 0.5358982 1.0675493 1.2795182 1.3209323 1.3795688 1.2492105 1.2164174 1.4136100 
Halamb_c50910_g1_i1m.29366                          0.8428105 0.8521608 0.8209873 0.8586693 0.5306390 0.8646222 0.9705573 0.8876109 0.1444250 0.0000000 0.1724510 0.4093343 0.8134586 0.8205960 0.8032904 0.8188683 0.8585527 0.7463913 0.8175368 0.8507253 0.7802036 0.7248804 0.7268109 0.9058127 0.8396426 0.7976075 0.7939074 0.8624675 0.8175193 0.7309525 0.8156895 0.8311978 0.8813203 0.9146458 0.7733936 0.7843636 0.8860390 0.8850687 0.8914305 0.8910213 0.8886236 0.8717683 0.8745599 0.7565255 0.5292078 0.5398038 0.5228670 0.5280988 0.4548946 1.0565515 1.2077383 1.2331974 1.3531926 1.2748551 1.0912387 1.3197791 
Xestes_maker-XT_scaffold1740-snap-gene-0.144-mRNA-1 0.8589669 0.8224544 0.8435084 0.8255993 0.5045516 0.8477048 0.9118443 0.8253787 0.2154871 0.1724510 0.0000000 0.4068671 0.8239729 0.8137205 0.8110353 0.8113461 0.8524561 0.7526571 0.7465082 0.7975914 0.8282811 0.7103812 0.6986815 0.8822210 0.8051738 0.8504378 0.8616562 0.8787014 0.8552622 0.7609385 0.7986970 0.8610990 0.8756869 0.8904122 0.8198787 0.8228907 0.9010665 0.8912575 0.8926536 0.8913535 0.8856136 0.8889621 0.8937755 0.7393096 0.5814360 0.5919698 0.4826331 0.5763570 0.5168571 1.0682679 1.2437112 1.2735184 1.3084581 1.2532355 1.1817359 1.3691826 
Tetwil_g12281.t1                                    0.7850642 0.8043550 0.7670371 0.7904554 0.4667757 0.7503655 0.8638774 0.8487459 0.4296506 0.4093343 0.4068671 0.0000000 0.7879982 0.7876726 0.7689988 0.7871928 0.7858760 0.7263168 0.7757937 0.8151424 0.7208974 0.6516298 0.7149565 0.8549842 0.7831034 0.7832563 0.7720389 0.8372030 0.7888114 0.7152049 0.7505090 0.7862862 0.8310779 0.8688159 0.7612543 0.8018232 0.8369190 0.8305631 0.8427361 0.8424383 0.8331289 0.8331379 0.8385461 0.7205927 0.4687914 0.4853225 0.4533412 0.4595237 0.4228293 0.9905685 1.1046340 1.1121817 1.1388742 1.1395133 1.0124871 1.2764426 
Fspp_ffun1.m4.1190.m1                               0.8200362 0.7937826 0.8276564 0.7716114 0.4806772 0.4066928 0.6621788 0.7599027 0.8615018 0.8134586 0.8239729 0.7879982 0.0000000 0.1107582 0.1041996 0.1320462 0.1727210 0.2076782 0.2635308 0.0866555 0.7950070 0.7231613 0.6993569 0.6470280 0.6237646 0.6156672 0.5554400 0.6134300 0.5829291 0.5906299 0.5986994 0.6745263 0.6157678 0.6427233 0.6510282 0.6871336 0.7659287 0.7638568 0.7833940 0.7807527 0.7759311 0.7709163 0.7793523 0.6176302 0.9615381 0.9770675 0.9240490 0.9402833 0.7037399 0.8731930 0.9645398 1.2605525 1.3567264 1.1603981 1.1593500 1.2422090 
Spis_XP_022793407_1                                 0.8072509 0.7890639 0.8063986 0.7644038 0.4596805 0.3902961 0.6524545 0.7762927 0.8589520 0.8205960 0.8137205 0.7876726 0.1107582 0.0000000 0.0374052 0.1271488 0.1646123 0.1891045 0.2723715 0.1259276 0.7991400 0.7319560 0.7035601 0.6442395 0.6214456 0.6091771 0.5338713 0.6092494 0.5835315 0.5929727 0.5797034 0.6664864 0.6114126 0.6378511 0.6372482 0.6843231 0.7347820 0.7279255 0.7575230 0.7555629 0.7576955 0.7472009 0.7551603 0.6373002 0.9558538 0.9731752 0.9231160 0.9405218 0.7248136 0.8822171 0.9765326 1.2242206 1.2953670 1.0971414 1.1412411 1.2502185 
Pocdam_XM_027197489.1                               0.8010487 0.7733463 0.8034218 0.7495947 0.4770532 0.3912394 0.6474315 0.7656125 0.8440482 0.8032904 0.8110353 0.7689988 0.1041996 0.0374052 0.0000000 0.1194532 0.1593589 0.1932783 0.2850478 0.1384006 0.7886292 0.7209937 0.6961064 0.6199766 0.6105705 0.6006091 0.5356860 0.5966356 0.5729397 0.5810188 0.5763923 0.6507740 0.5936131 0.6241909 0.6248780 0.6759222 0.7269059 0.7229129 0.7541577 0.7522137 0.7493956 0.7416595 0.7495370 0.6058333 0.9534719 0.9706412 0.9133036 0.9280417 0.7229284 0.8705848 0.9561338 1.2263380 1.3001863 1.0963565 1.1383918 1.2450386 
Gfas_gfas1.m1.1013.m1                               0.8255720 0.8106997 0.8263511 0.7772990 0.4909881 0.3857239 0.5681779 0.7752864 0.8489770 0.8188683 0.8113461 0.7871928 0.1320462 0.1271488 0.1194532 0.0000000 0.1132159 0.1350791 0.2968794 0.1528019 0.8037180 0.7373436 0.7051005 0.6459459 0.6176071 0.5950854 0.5337696 0.6101216 0.5725329 0.5846514 0.5738554 0.6618411 0.5937405 0.6201590 0.6487598 0.6859012 0.7449954 0.7411354 0.7575519 0.7549862 0.7635832 0.7515893 0.7597855 0.6389265 0.9712338 0.9898424 0.9374086 0.9428602 0.7163769 0.8789979 0.9715938 1.2357239 1.2879442 1.1052674 1.1609144 1.2419287 
Amil_Amillepora27495-RA                             0.8444869 0.8280761 0.8516847 0.7977608 0.4744443 0.4075743 0.6132578 0.7521879 0.8857182 0.8585527 0.8524561 0.7858760 0.1727210 0.1646123 0.1593589 0.1132159 0.0000000 0.0403893 0.2832120 0.1804990 0.8303202 0.7667172 0.7377944 0.6496153 0.6059560 0.5921476 0.5374183 0.6066781 0.5811377 0.6127153 0.6048509 0.6835898 0.5896274 0.6162708 0.6649629 0.6957066 0.7572125 0.7431972 0.7656766 0.7636803 0.7740902 0.7640659 0.7707743 0.6599659 0.9597916 0.9815903 0.9407119 0.9468912 0.7426326 0.8712188 0.9171851 1.1999717 1.2605973 1.0837111 1.1216371 1.2160344 
Adig_XM_015892664.1                                 0.7099550 0.7198070 0.7177693 0.7173958 0.4869165 0.3581350 0.2399493 0.5063602 0.8093124 0.7463913 0.7526571 0.7263168 0.2076782 0.1891045 0.1932783 0.1350791 0.0403893 0.0000000 0.1369248 0.0802570 0.7136077 0.6404700 0.7080470 0.6044419 0.5916478 0.5784039 0.5733463 0.6422142 0.5909346 0.5437640 0.5215019 0.5691207 0.5244831 0.5963973 0.5647854 0.6441593 0.5283217 0.5443785 0.5753144 0.5753144 0.5782480 0.5593787 0.5692943 0.6517720 0.8276893 0.8276893 0.7566141 0.8016574 0.6755271 0.7709865 0.6059024 0.8690814 1.0672581 0.6694255 0.9077917 0.7958209 
Gasp_gasp1.m3.4831.m1                               0.7132205 0.7344480 0.7449371 0.7643777 0.6511645 0.3557348 0.3744739 0.7434608 0.8036493 0.8175368 0.7465082 0.7757937 0.2635308 0.2723715 0.2850478 0.2968794 0.2832120 0.1369248 0.0000000 0.3526041 0.8102624 0.8213966 0.8018629 0.6885967 0.6467755 0.6225032 0.5550659 0.6582961 0.6123284 0.6699541 0.6076065 0.6974976 0.5582414 0.6355907 0.6476971 0.7457885 0.7437130 0.7447297 0.7553433 0.7553433 0.7712334 0.7495958 0.7495958 0.6272115 0.8851509 0.8442988 0.8850982 0.8998152 0.5882368 0.8014139 0.6323900 1.0346087 1.2215296 1.0032149 0.9453064 1.0122188 
Gasp_gasp1.m3.4829.m1                               0.8015296 0.8041279 0.8109444 0.7939994 0.5103405 0.9484367 1.0920668 0.8293427 0.8841770 0.8507253 0.7975914 0.8151424 0.0866555 0.1259276 0.1384006 0.1528019 0.1804990 0.0802570 0.3526041 0.0000000 0.7785929 0.6895012 0.7468496 0.6988225 0.6178262 0.5925110 0.5105394 0.6458040 0.6025846 0.6518594 0.6766018 0.7995997 0.6614007 0.7086065 0.6677099 0.7393589 0.8390344 0.8258207 0.8512256 0.8481621 0.8369795 0.8495877 0.8545093 0.6620433 0.9468124 0.9743889 0.9807389 0.9514691 0.5387416 1.0274765 1.4105974 1.3615817 1.4374546 1.2545942 1.1859267 1.4398172 
Opea_EP00118_Oscarella_pearsei_P013356              0.7405339 0.6901822 0.7295891 0.6975206 0.5782955 0.8710076 0.9412212 0.8722425 0.8518569 0.7802036 0.8282811 0.7208974 0.7950070 0.7991400 0.7886292 0.8037180 0.8303202 0.7136077 0.8102624 0.7785929 0.0000000 0.0172921 0.3733858 0.8797881 0.8298156 0.8556438 0.8526047 0.8901387 0.8572213 0.7642368 0.8037564 0.8379213 0.9105977 0.9103040 0.8396995 0.8669381 0.8875918 0.8781045 0.9062249 0.9056965 0.8937706 0.8865243 0.8919006 0.8293196 0.9395922 0.9557644 0.7709798 0.9160986 0.7014798 1.0966214 1.2487875 1.2746506 1.3715288 1.1887269 1.1829264 1.4048871 
Ocar_g9137                                          0.6667140 0.6163359 0.6588805 0.6706421 0.5782955 0.8704734 0.9204917 0.7516240 0.7448525 0.7248804 0.7103812 0.6516298 0.7231613 0.7319560 0.7209937 0.7373436 0.7667172 0.6404700 0.8213966 0.6895012 0.0172921 0.0000000 0.3573619 0.8783003 0.7906760 0.8492183 0.8342151 0.8260557 0.8110966 0.6799167 0.7574921 0.7682943 0.8469313 0.8932719 0.7605608 0.8195172 0.8141211 0.8207240 0.8415268 0.8390168 0.8204224 0.8250912 0.8313177 0.7510253 0.7848879 0.8068866 0.7500538 0.7679781 0.5618884 1.0651958 1.2025337 1.1602657 1.2359927 1.1303161 1.0620358 1.3145493 
Plajan_Pjan_scaffold23641_01                        0.6368145 0.6546210 0.6444361 0.6494290 0.4455366 0.7929566 0.9503120 0.9043035 0.7526870 0.7268109 0.6986815 0.7149565 0.6993569 0.7035601 0.6961064 0.7051005 0.7377944 0.7080470 0.8018629 0.7468496 0.3733858 0.3573619 0.0000000 0.8411003 0.7881283 0.7282957 0.7214341 0.7707110 0.7504437 0.6667873 0.7003847 0.7446906 0.8393252 0.8446306 0.7375729 0.7587230 0.7950108 0.7973867 0.8097234 0.8080354 0.8099829 0.8056343 0.8082867 0.8206484 0.8002902 0.8276850 0.7431691 0.7817444 0.5553906 0.9952089 1.1585226 1.1031992 1.1747459 1.1819994 0.9882330 1.3291207 
Chem_TCONS_00046546                                 0.8601185 0.8679726 0.8369941 0.8503236 0.6341213 0.7134044 0.9449805 0.8897388 0.9158328 0.9058127 0.8822210 0.8549842 0.6470280 0.6442395 0.6199766 0.6459459 0.6496153 0.6044419 0.6885967 0.6988225 0.8797881 0.8783003 0.8411003 0.0000000 0.5265830 0.4828685 0.4635564 0.4699008 0.4383000 0.6941947 0.7419335 0.8100679 0.7283905 0.7646105 0.7440517 0.8081745 0.8676321 0.8683287 0.8930435 0.8927024 0.8776236 0.8688658 0.8726679 0.7194905 0.9626565 0.9837687 0.9894100 0.9573306 0.7200423 0.9695679 0.6682655 1.1363620 1.1777567 1.2190991 1.0406313 1.2862191 
Morvir_scaffold6.g145.t1                            0.8065371 0.7549343 0.7987120 0.8148595 0.4571828 0.7316849 0.7555031 0.7535709 0.8172090 0.8396426 0.8051738 0.7831034 0.6237646 0.6214456 0.6105705 0.6176071 0.6059560 0.5916478 0.6467755 0.6178262 0.8298156 0.7906760 0.7881283 0.5265830 0.0000000 0.3754336 0.4480208 0.4067480 0.3898160 0.6505504 0.7288281 0.7950037 0.7112152 0.7339905 0.6993414 0.7935956 0.7980659 0.8033428 0.8176339 0.8173183 0.8175651 0.7946132 0.7982483 0.6745083 0.9624472 0.9840424 0.9323615 0.9618728 0.7505411 1.0392745 0.9634926 1.2335039 1.3605787 1.1717415 1.1156537 1.3235878 
Sanmal_Sma_023882-T1                                0.8755050 0.8126821 0.8593644 0.8675714 0.5302416 0.6465473 0.7156746 0.7175048 0.8735278 0.7976075 0.8504378 0.7832563 0.6156672 0.6091771 0.6006091 0.5950854 0.5921476 0.5784039 0.6225032 0.5925110 0.8556438 0.8492183 0.7282957 0.4828685 0.3754336 0.0000000 0.3276948 0.2884374 0.2918867 0.6356801 0.6730727 0.7153928 0.6750507 0.7212369 0.7143945 0.7292410 0.8416297 0.8325954 0.8549527 0.8546145 0.8476437 0.8355030 0.8384403 0.7051437 0.9720843 1.0091143 0.9627740 0.9635831 0.7991061 0.9589413 0.7029861 1.1305826 1.1974507 1.1151804 1.0938777 1.2443016 
Aaur_scaffold598.g7.t2                              0.8452089 0.7533408 0.8471562 0.7944339 0.5603301 0.5328831 0.4606455 0.5928006 0.8656307 0.7939074 0.8616562 0.7720389 0.5554400 0.5338713 0.5356860 0.5337696 0.5374183 0.5733463 0.5550659 0.5105394 0.8526047 0.8342151 0.7214341 0.4635564 0.4480208 0.3276948 0.0000000 0.2053777 0.1753181 0.6149103 0.6286762 0.6902353 0.6866809 0.6955638 0.6913042 0.7066240 0.7787177 0.7879067 0.8006930 0.7979425 0.7895894 0.7914714 0.7967937 0.7856921 1.0540372 1.0539259 0.9002782 0.9707397 0.8071310 0.8304828 0.5576701 1.1327992 1.1821553 0.9152165 1.1277246 1.0589400 
Nemnom_g3159.t1                                     0.8584414 0.8028753 0.8525664 0.8309393 0.5193211 0.6608983 0.8323534 0.8385691 0.9025256 0.8624675 0.8787014 0.8372030 0.6134300 0.6092494 0.5966356 0.6101216 0.6066781 0.6422142 0.6582961 0.6458040 0.8901387 0.8260557 0.7707110 0.4699008 0.4067480 0.2884374 0.2053777 0.0000000 0.0853298 0.6577497 0.7074245 0.7779522 0.7081768 0.7459804 0.7381948 0.7726898 0.8510668 0.8647783 0.8679571 0.8656098 0.8718096 0.8566912 0.8586518 0.7391826 1.0804712 1.0989967 1.0133821 1.0451511 0.8391315 0.9936327 0.8327157 1.2496446 1.2822378 1.2022603 1.2054085 1.2975790 
Rhoesc_Res_004415-T1                                0.8599147 0.7998855 0.8539085 0.8178220 0.6098979 0.6613387 0.7853785 0.7631280 0.8669825 0.8175193 0.8552622 0.7888114 0.5829291 0.5835315 0.5729397 0.5725329 0.5811377 0.5909346 0.6123284 0.6025846 0.8572213 0.8110966 0.7504437 0.4383000 0.3898160 0.2918867 0.1753181 0.0853298 0.0000000 0.6224931 0.6775546 0.7406559 0.6814551 0.7048142 0.7062178 0.7400594 0.8033707 0.8151747 0.8263219 0.8239621 0.8243959 0.8137131 0.8157883 0.7116570 1.0329566 1.0506752 1.0232704 0.9960137 0.8261615 0.9502055 0.7671293 1.2114864 1.2559377 1.1685420 1.1789674 1.2174149 
Bralan_BLAG17000827_5                               0.7604521 0.7243305 0.7672354 0.7401765 0.5229309 0.6377270 0.7813520 0.6962439 0.7995605 0.7309525 0.7609385 0.7152049 0.5906299 0.5929727 0.5810188 0.5846514 0.6127153 0.5437640 0.6699541 0.6518594 0.7642368 0.6799167 0.6667873 0.6941947 0.6505504 0.6356801 0.6149103 0.6577497 0.6224931 0.0000000 0.4720076 0.5158599 0.7128338 0.7396456 0.5398902 0.5746894 0.7313735 0.7355336 0.7428062 0.7387646 0.7300949 0.7295010 0.7317328 0.6241956 0.8914378 0.9094132 0.7700517 0.8644738 0.6773451 0.7827769 1.0543662 1.1793873 1.2285719 1.1061182 1.1048936 1.1554612 
Acagra_model.g26526.t1.2.5d3b8bc2                   0.7729121 0.7522562 0.7782804 0.7601367 0.5144674 0.6335989 0.7915649 0.6546627 0.8440451 0.8156895 0.7986970 0.7505090 0.5986994 0.5797034 0.5763923 0.5738554 0.6048509 0.5215019 0.6076065 0.6766018 0.8037564 0.7574921 0.7003847 0.7419335 0.7288281 0.6730727 0.6286762 0.7074245 0.6775546 0.4720076 0.0000000 0.4326748 0.6869659 0.7284576 0.5639731 0.6110925 0.7364684 0.7328899 0.7450845 0.7453088 0.7506816 0.7609253 0.7648886 0.6173211 0.9324710 0.9486276 0.8660767 0.9069500 0.7317240 0.7531636 1.0846624 1.2335150 1.3286896 1.1753711 1.1623950 1.1225897 
Ctel_gnl_WGS_AMQN_CAPTEDRAFT_mRNA227625             0.8695269 0.8471857 0.8613245 0.8295639 0.5075101 0.6917496 0.8112645 0.6943433 0.8611097 0.8311978 0.8610990 0.7862862 0.6745263 0.6664864 0.6507740 0.6618411 0.6835898 0.5691207 0.6974976 0.7995997 0.8379213 0.7682943 0.7446906 0.8100679 0.7950037 0.7153928 0.6902353 0.7779522 0.7406559 0.5158599 0.4326748 0.0000000 0.7622447 0.7944664 0.6143813 0.6635870 0.7837782 0.7807008 0.8020378 0.7977655 0.7877292 0.8046962 0.8089611 0.5889449 0.9856680 1.0000767 0.8904082 0.9442099 0.7389207 0.7949138 1.1170250 1.2705303 1.3279878 1.1943013 1.1831019 1.1462701 
Dgig_XM_028537430.1                                 0.8997074 0.8761663 0.9077860 0.8879008 0.6332231 0.6234556 0.7900283 0.8776686 0.9115479 0.8813203 0.8756869 0.8310779 0.6157678 0.6114126 0.5936131 0.5937405 0.5896274 0.5244831 0.5582414 0.6614007 0.9105977 0.8469313 0.8393252 0.7283905 0.7112152 0.6750507 0.6866809 0.7081768 0.6814551 0.7128338 0.6869659 0.7622447 0.0000000 0.1326369 0.7794586 0.7857803 0.8724805 0.8641629 0.8825466 0.8841331 0.8843166 0.8652016 0.8704531 0.7257602 1.0735273 1.0929148 1.0282658 1.0354875 0.8394239 0.9963456 1.0844343 1.2813667 1.3425368 1.1997718 1.2181217 1.3228365 
Xesp_022233-T1                                      0.9001647 0.9107242 0.9160250 0.8931802 0.6083739 0.6503333 0.8554079 0.9248189 0.9293684 0.9146458 0.8904122 0.8688159 0.6427233 0.6378511 0.6241909 0.6201590 0.6162708 0.5963973 0.6355907 0.7086065 0.9103040 0.8932719 0.8446306 0.7646105 0.7339905 0.7212369 0.6955638 0.7459804 0.7048142 0.7396456 0.7284576 0.7944664 0.1326369 0.0000000 0.7878259 0.8210621 0.9013605 0.8973873 0.9210695 0.9203047 0.9180472 0.8973404 0.9043885 0.8287445 1.0940647 1.1136002 1.0776113 1.0559949 0.8060188 0.9974485 1.1115043 1.3133529 1.3750195 1.2682173 1.2450981 1.3499028 
Hsap_ENST00000260818                                0.8472134 0.8338175 0.8463936 0.7966128 0.5378520 0.6920303 0.7843760 0.7324383 0.8198267 0.7733936 0.8198787 0.7612543 0.6510282 0.6372482 0.6248780 0.6487598 0.6649629 0.5647854 0.6476971 0.6677099 0.8396995 0.7605608 0.7375729 0.7440517 0.6993414 0.7143945 0.6913042 0.7381948 0.7062178 0.5398902 0.5639731 0.6143813 0.7794586 0.7878259 0.0000000 0.6514108 0.7871990 0.7715413 0.7937226 0.7927982 0.7981173 0.7867028 0.7880941 0.6303550 0.9694591 0.9873312 0.8594174 0.9391103 0.7501783 0.8452700 1.0725520 1.1955264 1.2834121 1.0682639 1.1478441 1.1792181 
Spur_XM_030973699.1                                 0.8729064 0.8543148 0.8604221 0.8349490 0.4981182 0.7136913 0.8881924 0.7988215 0.8542477 0.7843636 0.8228907 0.8018232 0.6871336 0.6843231 0.6759222 0.6859012 0.6957066 0.6441593 0.7457885 0.7393589 0.8669381 0.8195172 0.7587230 0.8081745 0.7935956 0.7292410 0.7066240 0.7726898 0.7400594 0.5746894 0.6110925 0.6635870 0.7857803 0.8210621 0.6514108 0.0000000 0.8201602 0.8279620 0.8248289 0.8263969 0.8267320 0.8198389 0.8240775 0.7235106 0.9689941 0.9851652 0.8253421 0.9475978 0.7426162 0.8711150 1.1130207 1.2138505 1.2887349 1.2047939 1.1497357 1.2290896 
HoiH23_PlH23_001181-RA                              0.8757548 0.8571506 0.8925494 0.8706873 0.5218898 0.7630234 0.8471166 0.8821455 0.9111946 0.8860390 0.9010665 0.8369190 0.7659287 0.7347820 0.7269059 0.7449954 0.7572125 0.5283217 0.7437130 0.8390344 0.8875918 0.8141211 0.7950108 0.8676321 0.7980659 0.8416297 0.7787177 0.8510668 0.8033707 0.7313735 0.7364684 0.7837782 0.8724805 0.9013605 0.7871990 0.8201602 0.0000000 0.0225967 0.0763626 0.0758025 0.0807310 0.1082322 0.1107502 0.7467971 0.9798694 0.9989288 0.9074441 0.9563463 0.7774286 1.0195475 1.1999326 1.2464082 1.3491150 1.2024003 1.1967258 1.3123250 
HoiH06_mRNA5804                                     0.8647100 0.8627717 0.8841699 0.8723525 0.5233847 0.7702347 0.8479635 0.8780655 0.9161426 0.8850687 0.8912575 0.8305631 0.7638568 0.7279255 0.7229129 0.7411354 0.7431972 0.5443785 0.7447297 0.8258207 0.8781045 0.8207240 0.7973867 0.8683287 0.8033428 0.8325954 0.7879067 0.8647783 0.8151747 0.7355336 0.7328899 0.7807008 0.8641629 0.8973873 0.7715413 0.8279620 0.0225967 0.0000000 0.0720804 0.0720700 0.0754220 0.0973185 0.0995324 0.7415978 0.9426873 0.9612018 0.9100297 0.9366943 0.7665161 1.0122584 1.1597589 1.2277016 1.3038094 1.2083763 1.1602617 1.3202346 
Hhon_g02748.t1                                      0.9086046 0.8881365 0.9269881 0.8998796 0.5434603 0.7858154 0.8532864 0.8788875 0.9112815 0.8914305 0.8926536 0.8427361 0.7833940 0.7575230 0.7541577 0.7575519 0.7656766 0.5753144 0.7553433 0.8512256 0.9062249 0.8415268 0.8097234 0.8930435 0.8176339 0.8549527 0.8006930 0.8679571 0.8263219 0.7428062 0.7450845 0.8020378 0.8825466 0.9210695 0.7937226 0.8248289 0.0763626 0.0720804 0.0000000 0.0020240 0.0896968 0.1122581 0.1144883 0.7544480 1.0042211 1.0249235 0.9276088 0.9772176 0.7986618 0.9993367 1.2267078 1.2531022 1.3338561 1.2202792 1.1959575 1.3287329 
HoiH04_mRNA14477                                    0.9095872 0.8891445 0.9280158 0.9006365 0.5434603 0.7840371 0.8532864 0.8763620 0.9099711 0.8910213 0.8913535 0.8424383 0.7807527 0.7555629 0.7522137 0.7549862 0.7636803 0.5753144 0.7553433 0.8481621 0.9056965 0.8390168 0.8080354 0.8927024 0.8173183 0.8546145 0.7979425 0.8656098 0.8239621 0.7387646 0.7453088 0.7977655 0.8841331 0.9203047 0.7927982 0.8263969 0.0758025 0.0720700 0.0020240 0.0000000 0.0894985 0.1114902 0.1137138 0.7544480 1.0058500 1.0256515 0.9310748 0.9779012 0.7965085 0.9980990 1.2245412 1.2506875 1.3340000 1.2170158 1.1945469 1.3256094 
HoiH11_mRNA4155                                     0.8883351 0.8893230 0.9026497 0.8881139 0.5022798 0.7738289 0.8268587 0.8829294 0.9113426 0.8886236 0.8856136 0.8331289 0.7759311 0.7576955 0.7493956 0.7635832 0.7740902 0.5782480 0.7712334 0.8369795 0.8937706 0.8204224 0.8099829 0.8776236 0.8175651 0.8476437 0.7895894 0.8718096 0.8243959 0.7300949 0.7506816 0.7877292 0.8843166 0.9180472 0.7981173 0.8267320 0.0807310 0.0754220 0.0896968 0.0894985 0.0000000 0.1068704 0.1084042 0.7843697 0.9808442 0.9997940 0.9221216 0.9620434 0.7789183 1.0172933 1.2176304 1.2558106 1.3617206 1.2176818 1.1947285 1.3381066 
TrH2_TrispH2_002516-RA                              0.8921471 0.8967534 0.9083423 0.8947811 0.5270585 0.7622571 0.8504140 0.8713825 0.8917330 0.8717683 0.8889621 0.8331379 0.7709163 0.7472009 0.7416595 0.7515893 0.7640659 0.5593787 0.7495958 0.8495877 0.8865243 0.8250912 0.8056343 0.8688658 0.7946132 0.8355030 0.7914714 0.8566912 0.8137131 0.7295010 0.7609253 0.8046962 0.8652016 0.8973404 0.7867028 0.8198389 0.1082322 0.0973185 0.1122581 0.1114902 0.1068704 0.0000000 0.0020184 0.7568771 0.9883511 1.0097633 0.9221553 0.9670517 0.7874542 1.0034733 1.2209446 1.2380524 1.3361258 1.2010939 1.1792445 1.3109226 
Tadh_TriadT21978                                    0.8985430 0.9005762 0.9148278 0.8980399 0.5270585 0.7644986 0.8504140 0.8728232 0.8953574 0.8745599 0.8937755 0.8385461 0.7793523 0.7551603 0.7495370 0.7597855 0.7707743 0.5692943 0.7495958 0.8545093 0.8919006 0.8313177 0.8082867 0.8726679 0.7982483 0.8384403 0.7967937 0.8586518 0.8157883 0.7317328 0.7648886 0.8089611 0.8704531 0.9043885 0.7880941 0.8240775 0.1107502 0.0995324 0.1144883 0.1137138 0.1084042 0.0020184 0.0000000 0.7594045 0.9946930 1.0163982 0.9322780 0.9739941 0.7950815 1.0103114 1.2292702 1.2407871 1.3367902 1.2010939 1.1823925 1.3183596 
Lcom_lcpid120823                                    0.7911251 0.7965393 0.8027961 0.8190813 0.6772160 0.6602500 0.5939472 0.6302687 0.7648835 0.7565255 0.7393096 0.7205927 0.6176302 0.6373002 0.6058333 0.6389265 0.6599659 0.6517720 0.6272115 0.6620433 0.8293196 0.7510253 0.8206484 0.7194905 0.6745083 0.7051437 0.7856921 0.7391826 0.7116570 0.6241956 0.6173211 0.5889449 0.7257602 0.8287445 0.6303550 0.7235106 0.7467971 0.7415978 0.7544480 0.7544480 0.7843697 0.7568771 0.7594045 0.0000000 0.7365719 0.7365719 0.7290856 0.7525922 0.6948871 0.8018326 0.7416101 0.9306899 1.1648869 0.8184783 0.9265161 0.8467548 
Emue_Em0012g1080a.t1                                0.9570287 0.9048982 0.9509358 0.8918515 0.5985586 1.0404970 1.1311058 0.9810555 0.6085137 0.5292078 0.5814360 0.4687914 0.9615381 0.9558538 0.9534719 0.9712338 0.9597916 0.8276893 0.8851509 0.9468124 0.9395922 0.7848879 0.8002902 0.9626565 0.9624472 0.9720843 1.0540372 1.0804712 1.0329566 0.8914378 0.9324710 0.9856680 1.0735273 1.0940647 0.9694591 0.9689941 0.9798694 0.9426873 1.0042211 1.0058500 0.9808442 0.9883511 0.9946930 0.7365719 0.0000000 0.0058959 0.0286965 0.0879685 0.5926215 1.2022384 1.3812781 1.3593474 1.4308303 1.3058134 1.2801317 1.5135575 
Emue_Em0012g1084a.t1                                0.9742126 0.9281907 0.9677472 0.9097256 0.5985586 1.0316437 1.1311058 1.0089590 0.6225687 0.5398038 0.5919698 0.4853225 0.9770675 0.9731752 0.9706412 0.9898424 0.9815903 0.8276893 0.8442988 0.9743889 0.9557644 0.8068866 0.8276850 0.9837687 0.9840424 1.0091143 1.0539259 1.0989967 1.0506752 0.9094132 0.9486276 1.0000767 1.0929148 1.1136002 0.9873312 0.9851652 0.9989288 0.9612018 1.0249235 1.0256515 0.9997940 1.0097633 1.0163982 0.7365719 0.0058959 0.0000000 0.0340451 0.0950892 0.5974865 1.2119512 1.3453935 1.3861759 1.4713155 1.3471363 1.2843106 1.5145891 
Emue_Em1139g1a.t1                                   0.8663741 0.8835143 0.8627318 0.9213206 0.5909747 1.0334595 1.1047512 0.8927186 0.5212045 0.5228670 0.4826331 0.4533412 0.9240490 0.9231160 0.9133036 0.9374086 0.9407119 0.7566141 0.8850982 0.9807389 0.7709798 0.7500538 0.7431691 0.9894100 0.9323615 0.9627740 0.9002782 1.0133821 1.0232704 0.7700517 0.8660767 0.8904082 1.0282658 1.0776113 0.8594174 0.8253421 0.9074441 0.9100297 0.9276088 0.9310748 0.9221216 0.9221553 0.9322780 0.7290856 0.0286965 0.0340451 0.0000000 0.1050512 0.4858777 1.0444119 1.2101315 1.1989393 1.2904197 1.2258746 1.1112181 1.3484698 
Spolac_c104943_g1_i3_m.44460c104943-g1              0.9454014 0.9012989 0.9417396 0.8900518 0.5752021 1.0002022 1.1050768 0.9929257 0.6064310 0.5280988 0.5763570 0.4595237 0.9402833 0.9405218 0.9280417 0.9428602 0.9468912 0.8016574 0.8998152 0.9514691 0.9160986 0.7679781 0.7817444 0.9573306 0.9618728 0.9635831 0.9707397 1.0451511 0.9960137 0.8644738 0.9069500 0.9442099 1.0354875 1.0559949 0.9391103 0.9475978 0.9563463 0.9366943 0.9772176 0.9779012 0.9620434 0.9670517 0.9739941 0.7525922 0.0879685 0.0950892 0.1050512 0.0000000 0.5770153 1.1596578 1.3481143 1.3110688 1.3580654 1.3015478 1.2300468 1.4664006 
Plespi_Pspi_scaffold5060_01                         0.7254553 0.6057057 0.7116774 0.6188079 0.5336678 0.6982094 0.4847790 0.5694773 0.5358982 0.4548946 0.5168571 0.4228293 0.7037399 0.7248136 0.7229284 0.7163769 0.7426326 0.6755271 0.5882368 0.5387416 0.7014798 0.5618884 0.5553906 0.7200423 0.7505411 0.7991061 0.8071310 0.8391315 0.8261615 0.6773451 0.7317240 0.7389207 0.8394239 0.8060188 0.7501783 0.7426162 0.7774286 0.7665161 0.7986618 0.7965085 0.7789183 0.7874542 0.7950815 0.6948871 0.5926215 0.5974865 0.4858777 0.5770153 0.0000000 0.8833878 0.9110464 1.0991445 1.1596276 0.8657197 1.0989549 1.1540233 
Tcas_TC008934_001                                   1.0420507 1.0327502 1.0462994 1.0073993 0.6646223 0.8477420 0.8508588 0.8314801 1.0675493 1.0565515 1.0682679 0.9905685 0.8731930 0.8822171 0.8705848 0.8789979 0.8712188 0.7709865 0.8014139 1.0274765 1.0966214 1.0651958 0.9952089 0.9695679 1.0392745 0.9589413 0.8304828 0.9936327 0.9502055 0.7827769 0.7531636 0.7949138 0.9963456 0.9974485 0.8452700 0.8711150 1.0195475 1.0122584 0.9993367 0.9980990 1.0172933 1.0034733 1.0103114 0.8018326 1.2022384 1.2119512 1.0444119 1.1596578 0.8833878 0.0000000 1.2496352 1.3991654 1.4810640 1.4386486 1.2570166 1.1019448 
Hvul_g22462_1                                       1.2354681 1.2576353 1.2197894 1.1370828 0.4920434 0.7371378 0.6967213 1.2991108 1.2795182 1.2077383 1.2437112 1.1046340 0.9645398 0.9765326 0.9561338 0.9715938 0.9171851 0.6059024 0.6323900 1.4105974 1.2487875 1.2025337 1.1585226 0.6682655 0.9634926 0.7029861 0.5576701 0.8327157 0.7671293 1.0543662 1.0846624 1.1170250 1.0844343 1.1115043 1.0725520 1.1130207 1.1999326 1.1597589 1.2267078 1.2245412 1.2176304 1.2209446 1.2292702 0.7416101 1.3812781 1.3453935 1.2101315 1.3481143 0.9110464 1.2496352 0.0000000 1.5523930 1.7221973 1.7646062 1.2339680 1.5909893 
Horcal_Hcv1.av93.c5.g698.i1                         1.2437893 1.2294576 1.2299553 1.1825942 0.8330513 1.1786684 1.2819166 1.2919713 1.3209323 1.2331974 1.2735184 1.1121817 1.2605525 1.2242206 1.2263380 1.2357239 1.1999717 0.8690814 1.0346087 1.3615817 1.2746506 1.1602657 1.1031992 1.1363620 1.2335039 1.1305826 1.1327992 1.2496446 1.2114864 1.1793873 1.2335150 1.2705303 1.2813667 1.3133529 1.1955264 1.2138505 1.2464082 1.2277016 1.2531022 1.2506875 1.2558106 1.2380524 1.2407871 0.9306899 1.3593474 1.3861759 1.1989393 1.3110688 1.0991445 1.3991654 1.5523930 0.0000000 0.3281830 0.3618323 0.0217273 1.6464189 
Mlei_ML3852.g5.i1                                   1.3293570 1.3436290 1.3154632 1.2553586 0.6629435 1.3151079 1.7485736 1.4631444 1.3795688 1.3531926 1.3084581 1.1388742 1.3567264 1.2953670 1.3001863 1.2879442 1.2605973 1.0672581 1.2215296 1.4374546 1.3715288 1.2359927 1.1747459 1.1777567 1.3605787 1.1974507 1.1821553 1.2822378 1.2559377 1.2285719 1.3286896 1.3279878 1.3425368 1.3750195 1.2834121 1.2887349 1.3491150 1.3038094 1.3338561 1.3340000 1.3617206 1.3361258 1.3367902 1.1648869 1.4308303 1.4713155 1.2904197 1.3580654 1.1596276 1.4810640 1.7221973 0.3281830 0.0000000 0.2823449 0.3593405 1.7667736 
Lampan_Lpan_14909_01                                1.2295491 1.2468497 1.1918131 1.2262025 0.8689072 1.2033441 1.2825681 1.2534009 1.2492105 1.2748551 1.2532355 1.1395133 1.1603981 1.0971414 1.0963565 1.1052674 1.0837111 0.6694255 1.0032149 1.2545942 1.1887269 1.1303161 1.1819994 1.2190991 1.1717415 1.1151804 0.9152165 1.2022603 1.1685420 1.1061182 1.1753711 1.1943013 1.1997718 1.2682173 1.0682639 1.2047939 1.2024003 1.2083763 1.2202792 1.2170158 1.2176818 1.2010939 1.2010939 0.8184783 1.3058134 1.3471363 1.2258746 1.3015478 0.8657197 1.4386486 1.7646062 0.3618323 0.2823449 0.0000000 0.3895939 1.6236017 
Pbac_sb2653698                                      1.1628412 1.0635514 1.1427940 1.0718216 0.8215577 1.0571930 0.9021416 1.0462164 1.2164174 1.0912387 1.1817359 1.0124871 1.1593500 1.1412411 1.1383918 1.1609144 1.1216371 0.9077917 0.9453064 1.1859267 1.1829264 1.0620358 0.9882330 1.0406313 1.1156537 1.0938777 1.1277246 1.2054085 1.1789674 1.1048936 1.1623950 1.1831019 1.2181217 1.2450981 1.1478441 1.1497357 1.1967258 1.1602617 1.1959575 1.1945469 1.1947285 1.1792445 1.1823925 0.9265161 1.2801317 1.2843106 1.1112181 1.2300468 1.0989549 1.2570166 1.2339680 0.0217273 0.3593405 0.3895939 0.0000000 1.4802975 
Dpul_mRNA11759                                      1.3352467 1.3529042 1.3456200 1.2911337 0.8052937 1.1784523 1.0639979 1.1775586 1.4136100 1.3197791 1.3691826 1.2764426 1.2422090 1.2502185 1.2450386 1.2419287 1.2160344 0.7958209 1.0122188 1.4398172 1.4048871 1.3145493 1.3291207 1.2862191 1.3235878 1.2443016 1.0589400 1.2975790 1.2174149 1.1554612 1.1225897 1.1462701 1.3228365 1.3499028 1.1792181 1.2290896 1.3123250 1.3202346 1.3287329 1.3256094 1.3381066 1.3109226 1.3183596 0.8467548 1.5135575 1.5145891 1.3484698 1.4664006 1.1540233 1.1019448 1.5909893 1.6464189 1.7667736 1.6236017 1.4802975 0.0000000 
