58
Lcom_lcpid111221                                      0.0000000 0.3591588 0.3954066 0.4211458 0.9094081 0.9606581 1.2558707 0.9916334 1.2561886 1.1533858 0.9874128 1.1213672 1.0291871 1.1817763 1.0529209 1.1255859 1.0367779 1.0930929 1.0173466 1.0466407 1.2700377 1.2977209 1.4253447 1.4881541 1.5081548 1.7387060 1.7235665 1.5264617 1.4742152 1.5152028 1.2108083 1.7959329 1.4338407 1.2238849 1.5656730 1.5957756 1.5566104 1.5524579 1.1419281 1.2638163 1.2712425 1.6041482 1.2934682 1.5304387 1.3672649 1.7449853 1.4167585 1.6039785 1.5866770 1.2377727 1.3288135 1.3859476 1.4989935 1.7292078 1.7690753 1.5362008 1.6390612 1.2746977 
Gracom_Gcom_scaffold18205_01                          0.3591588 0.0000000 0.2889073 0.3422117 1.0088002 0.9819109 1.2464867 1.0030817 1.3000850 0.9819194 0.9183622 1.0118028 0.8996202 1.0471181 0.9337201 0.9951327 0.9581380 0.9612752 0.9534998 0.9126199 1.2198217 1.2152713 1.5588071 1.6751848 1.6507766 1.7293322 1.7143251 1.4717508 1.5009817 1.5383127 1.2611304 1.6724107 1.5342163 1.3070029 1.6867158 1.4866270 1.4578651 1.4877436 1.0743175 1.2163495 1.1211511 1.4144716 1.2279188 1.3813739 1.1856024 1.5362581 1.2896851 1.4737419 1.5736797 1.1537306 1.2487074 1.2855357 1.6933004 1.6136919 1.6868922 1.2743248 1.6205533 1.2394334 
Leuniv_Lniv_scaffold14264_01                          0.3954066 0.2889073 0.0000000 0.3140357 0.9549651 1.0622092 1.2580943 1.0669290 1.2668159 1.0161723 0.8687093 0.9933240 0.8734792 1.0835023 0.9441509 1.0300535 1.0399579 1.0474943 1.0864308 1.0744107 1.2580175 1.2340114 1.6266532 1.7116288 1.6824529 1.7231229 1.7082688 1.5524598 1.5535887 1.5460876 1.2554600 1.7602536 1.5980333 1.3900683 1.7131116 1.6976539 1.6279992 1.6411473 1.0780772 1.1763565 1.2455045 1.6891633 1.2770447 1.4316181 1.3306644 1.6146570 1.3974798 1.6224327 1.7285500 1.3157539 1.2194506 1.2342753 1.5207063 1.5961098 1.6085169 1.4765148 1.6713112 1.2568330 
Scil_scict013145.1                                    0.4211458 0.3422117 0.3140357 0.0000000 0.9651743 1.1618778 1.3644799 1.0476864 1.3878191 1.0525730 0.9084390 1.0002109 0.9405318 1.2341170 0.9836850 1.0351347 1.0363151 1.0339684 1.0804848 1.0367053 1.3325862 1.1640758 1.4008479 1.5091177 1.4735981 1.6577034 1.6431115 1.3909869 1.4362681 1.4777465 1.1340483 1.7602988 1.7163137 1.0979936 1.6443219 1.5517886 1.4555352 1.4683755 1.1296825 1.2596025 1.3710541 1.5541564 1.3999073 1.5271776 1.2994981 1.5480475 1.4004942 1.6347444 1.6734598 1.6344957 1.2665560 1.3776458 1.4135029 1.6281668 1.6778946 1.4915269 1.6409520 1.3372396 
Emue_Em0306g1a.t1                                     0.9094081 1.0088002 0.9549651 0.9651743 0.0000000 0.2475486 0.4775761 0.7642062 0.7533808 0.8725835 0.8492886 0.9075419 0.8531413 1.2424291 0.9356746 0.8785574 0.9822385 1.0288180 0.8247797 0.9000611 0.8773885 0.9629430 1.3377361 1.4035759 1.3306524 1.2638840 1.2638840 1.3009331 1.2642800 1.2371030 1.2327330 1.4569822 1.2381109 1.3485199 1.0536884 1.3574538 1.2651435 1.3058952 0.8368222 1.1264499 0.9085073 1.1288037 0.8910773 0.7773771 0.9153095 1.1986384 0.8929408 1.2488466 1.5600689 3.8766381 1.1666968 1.1440161 1.0808199 1.1628721 1.1599331 1.3625513 1.3365173 0.9387959 
Spolac_c92919_g1_i1_m.8316c102591-g1                  0.9606581 0.9819109 1.0622092 1.1618778 0.2475486 0.0000000 0.4838323 0.7910028 1.0106648 1.0730558 1.0032962 0.9564917 0.9006859 1.1882152 0.9919642 0.9610227 0.9698276 0.9746669 0.9192756 0.8867475 1.0108104 1.1173064 1.7225099 1.7462251 1.6927411 1.5304606 1.5304606 1.5334615 1.6740426 1.3998695 1.2742709 1.6701677 1.3737087 1.3724643 1.4393509 1.5258910 1.4056384 1.4330335 1.0122856 1.0949018 0.9223317 1.3099411 1.1373931 0.9924885 1.0963814 1.1999954 1.0962369 1.2677011 1.4293585 1.0373364 1.1948480 1.1802760 1.4014551 1.3486584 1.3173883 1.2738036 1.4373385 0.9921254 
Stycar_maker-SC_scaffold6012-augustus-gene-0.5-mRNA-1 1.2558707 1.2464867 1.2580943 1.3644799 0.4775761 0.4838323 0.0000000 0.8733704 0.8944075 0.9381603 0.9566578 0.9825726 0.9515804 1.7370072 1.0263819 0.8926230 1.0033448 1.0821463 0.8997591 0.9244590 0.9661935 1.1033728 1.6670909 1.7941687 1.7145434 1.8031895 1.8031895 1.7996441 1.7943582 1.6108666 1.2802416 2.0505090 1.4866428 1.4221042 1.6800533 1.7308892 1.6346945 1.6940721 1.0092668 1.1968574 0.8873868 1.6209330 1.0572590 0.9741298 1.1545362 1.4829396 1.1495935 1.5191756 2.0459853 0.0000010 1.1997033 1.4238255 1.4262349 1.4465295 1.3732919 1.2657360 1.7117077 0.9861773 
Aque_Aqu2.1.36564_001                                 0.9916334 1.0030817 1.0669290 1.0476864 0.7642062 0.7910028 0.8733704 0.0000000 0.9378230 1.2195854 1.0732473 1.1253974 1.0737878 1.4887575 1.0454542 1.1152785 1.0604438 1.0454595 1.0602621 1.0040112 1.1552063 1.1842481 1.4146147 1.4928896 1.4655429 1.5935761 1.5870801 1.4996831 1.6253469 1.4495817 1.2726668 1.6408249 1.3449277 1.2036777 1.6773963 1.5802198 1.4628434 1.4765588 0.9003147 1.1621288 1.0847841 1.3085649 1.1434333 1.1142520 1.2439570 1.4997104 1.1491453 1.3366163 1.4221225 1.0357848 1.2892917 1.2481286 1.2945143 1.4091754 1.4165513 1.2401786 1.3459848 0.8681313 
Plespi_Pspi_C609420_01                                1.2561886 1.3000850 1.2668159 1.3878191 0.7533808 1.0106648 0.8944075 0.9378230 0.0000000 1.2844228 1.1303196 1.2435743 1.1384198 1.6730849 1.1474012 1.2836865 1.3933613 1.3001220 1.3844979 1.2233802 1.3847605 1.4705367 1.6529958 1.7569841 1.7354844 1.6053440 1.5916092 1.6629765 1.4772326 1.5883874 1.3933133 1.7324926 1.4715428 1.3595424 1.6457369 1.7703914 1.6470465 1.5373657 1.0476273 1.4067706 1.2891080 1.7176130 1.3034101 1.3836251 1.5249954 1.7436287 1.4202007 1.6630631 1.5991650 1.2732213 1.5390322 1.4785911 1.5483586 1.5615626 1.5432791 1.4015996 1.5988775 1.1220982 
Fspp_ffun1.m4.6826.m1                                 1.1533858 0.9819194 1.0161723 1.0525730 0.8725835 1.0730558 0.9381603 1.2195854 1.2844228 0.0000000 0.2320489 0.2750103 0.2462187 0.4512922 0.3429894 0.3703248 0.9678022 0.9472529 1.0894091 0.9969141 0.8263100 0.7008712 1.5364576 1.5680912 1.5219742 1.5551518 1.5410425 1.5963629 1.4543167 1.5954012 1.1701260 1.7501544 1.3742198 0.9892650 1.4896711 1.5276917 1.3922163 1.3861232 1.1538997 1.3067154 1.2297923 1.2736825 1.1108241 0.9864086 1.3241864 1.4932077 1.1485346 1.4278824 1.4969266 1.7835017 1.0266426 1.2146418 1.4904358 1.4520688 1.3991490 1.4134833 1.4751990 1.5857198 
Gasp_gasp1.m3.24105.m1                                0.9874128 0.9183622 0.8687093 0.9084390 0.8492886 1.0032962 0.9566578 1.0732473 1.1303196 0.2320489 0.0000000 0.1839885 0.1470812 0.2638063 0.2186866 0.2711135 0.8759337 0.8740694 0.9811385 0.9017048 0.7086178 0.6673895 1.4355140 1.4497300 1.4073538 1.3569534 1.3442157 1.3816227 1.3990344 1.3927141 1.1750568 1.6260469 1.1922723 1.0453983 1.3776943 1.3540110 1.2553115 1.2456996 1.0119777 1.1633845 1.0916950 1.3179807 0.9578842 1.0677411 1.1746253 1.2908820 1.0864081 1.2710192 1.4586823 1.5862149 0.9331152 1.0565510 1.3583333 1.3332065 1.2698319 1.3134968 1.4113552 1.3501866 
Spis_XP_022789771_1                                   1.1213672 1.0118028 0.9933240 1.0002109 0.9075419 0.9564917 0.9825726 1.1253974 1.2435743 0.2750103 0.1839885 0.0000000 0.0837988 0.3794144 0.3037033 0.3786141 0.9598182 0.8389860 1.0582234 0.9312468 0.7739467 0.7351311 1.4215301 1.4582392 1.4050157 1.4178062 1.4052213 1.5103370 1.4901325 1.4651171 1.2439085 1.6291794 1.3023401 1.0086737 1.4229711 1.4535225 1.2977975 1.2557272 1.0954496 1.1735864 1.0961529 1.1500618 1.0818861 1.0352558 1.2412801 1.3860091 1.0927043 1.3198822 1.4346347 1.3423683 0.9850179 1.1252557 1.3774497 1.2548988 1.2054120 1.3415890 1.3860081 1.3461740 
Pocdam_XM_027190138.1                                 1.0291871 0.8996202 0.8734792 0.9405318 0.8531413 0.9006859 0.9515804 1.0737878 1.1384198 0.2462187 0.1470812 0.0837988 0.0000000 0.3295908 0.2498587 0.3185716 0.8666241 0.7632587 1.0113980 0.9077251 0.7168885 0.6769330 1.4737312 1.5114675 1.4660781 1.3589559 1.3467334 1.4808699 1.4075946 1.4461576 1.1948831 1.6028559 1.2395505 0.9447241 1.3776858 1.4181290 1.2371625 1.1781366 1.0353164 1.1804115 1.0991495 1.0938692 1.0203441 1.0744195 1.2152368 1.3706680 1.0627511 1.2525754 1.3734801 1.2606602 0.9901732 1.1495206 1.3306558 1.3029895 1.2392829 1.2420887 1.3579469 1.2730168 
Amil_Amillepora22018-RA                               1.1817763 1.0471181 1.0835023 1.2341170 1.2424291 1.1882152 1.7370072 1.4887575 1.6730849 0.4512922 0.2638063 0.3794144 0.3295908 0.0000000 0.0508215 0.4620376 1.0366912 0.9150096 1.3068389 1.1671436 0.9129121 0.9815266 1.9756750 1.8937846 1.9924253 1.9663857 1.9364587 1.9647832 2.0071053 1.9602573 1.4183667 2.3034664 1.9200392 1.0197875 2.0893458 2.2724951 1.9400967 1.7921827 1.3444437 1.4712593 1.5775704 1.7665243 1.0946729 1.3319995 1.4678146 1.5460725 1.6200408 1.6060933 1.7056964 1.4084694 1.0979447 1.1652365 2.0711939 1.7679009 1.6991246 2.1028096 2.0649974 1.6362229 
Adig_XM_015898421.1                                   1.0529209 0.9337201 0.9441509 0.9836850 0.9356746 0.9919642 1.0263819 1.0454542 1.1474012 0.3429894 0.2186866 0.3037033 0.2498587 0.0508215 0.0000000 0.3080354 0.8582948 0.8113464 0.9858214 0.9915747 0.7515293 0.7546612 1.3703996 1.3590860 1.3551214 1.5216021 1.5079145 1.5129349 1.4672686 1.5127179 1.2154352 1.7570183 1.3477486 0.9703601 1.5431898 1.5699789 1.3472574 1.3237250 1.0422366 1.1909080 1.1622677 1.2531745 0.9289216 1.0057620 1.1776519 1.4016115 1.1660639 1.4050546 1.4102262 1.3174548 1.0337231 1.0893025 1.4653557 1.2889960 1.2474416 1.3079180 1.4254867 1.3454238 
Gfas_gfas1.m1.1077.m1                                 1.1255859 0.9951327 1.0300535 1.0351347 0.8785574 0.9610227 0.8926230 1.1152785 1.2836865 0.3703248 0.2711135 0.3786141 0.3185716 0.4620376 0.3080354 0.0000000 0.8450949 0.7729614 0.9790641 0.9512610 0.7935986 0.7034341 1.4273927 1.4946063 1.4395447 1.5145999 1.5014718 1.6836958 1.5496292 1.5791988 1.1498199 1.6791792 1.3555762 1.0454297 1.5387828 1.5309842 1.3583052 1.2866994 1.0006722 1.1503972 1.2080499 1.1691428 1.0542955 1.1714697 1.1610633 1.3760911 1.1691973 1.4489610 1.4167058 1.3400906 0.9974912 1.1983078 1.3222486 1.3623930 1.3329557 1.3312105 1.4445431 1.2110751 
Opea_EP00118_Oscarella_pearsei_P028222                1.0367779 0.9581380 1.0399579 1.0363151 0.9822385 0.9698276 1.0033448 1.0604438 1.3933613 0.9678022 0.8759337 0.9598182 0.8666241 1.0366912 0.8582948 0.8450949 0.0000000 0.0447885 0.5641694 0.8553746 1.0542258 1.1134654 1.5119582 1.6006182 1.5733578 1.5104051 1.4974517 1.6653227 1.6167252 1.5185623 1.3172383 1.6145090 1.2639106 1.0568142 1.6077079 1.5215984 1.3533981 1.2838810 1.0118446 1.0814396 0.9988982 1.1101152 1.0888991 1.2156989 1.0656259 1.2835928 1.3121691 1.5587692 1.3744390 1.0501872 1.1965547 1.1945557 1.6670548 1.5895067 1.5764524 1.2418101 1.5894969 1.3370454 
Ocar_g10416                                           1.0930929 0.9612752 1.0474943 1.0339684 1.0288180 0.9746669 1.0821463 1.0454595 1.3001220 0.9472529 0.8740694 0.8389860 0.7632587 0.9150096 0.8113464 0.7729614 0.0447885 0.0000000 0.5733979 0.7877308 0.9808482 0.9876488 1.4328676 1.5074910 1.5002001 1.3963044 1.3903117 1.4810157 1.5153505 1.3156453 1.2820174 1.4558090 1.1754022 1.0192432 1.5305290 1.4026118 1.2415139 1.2138106 0.9758811 1.0252362 0.9616531 0.9557182 0.9906885 1.0997234 1.0147274 1.2268891 1.3010413 1.4722465 1.2405562 1.1687945 1.0983475 1.1342733 1.5933202 1.4546085 1.5034855 1.1615381 1.4800005 1.2655068 
Plajan_Pjan_C553033_01                                1.0173466 0.9534998 1.0864308 1.0804848 0.8247797 0.9192756 0.8997591 1.0602621 1.3844979 1.0894091 0.9811385 1.0582234 1.0113980 1.3068389 0.9858214 0.9790641 0.5641694 0.5733979 0.0000000 0.9539116 1.1492093 1.2206623 1.3759770 1.4056410 1.3578178 1.3340232 1.3219418 1.2996020 1.2172226 1.1898216 1.0471831 1.3636516 1.1526293 0.9090034 1.4800623 1.3372481 1.2213485 1.1469317 1.1055742 1.0936015 0.9622963 1.4233237 1.2200738 1.2710016 1.0557234 1.2242809 1.3575822 1.5780564 1.3037157 1.2583349 1.0909447 1.1925254 1.5834717 1.6367480 1.6520943 1.2477679 1.5106570 1.4617330 
Bralan_BLAG03001265_1                                 1.0466407 0.9126199 1.0744107 1.0367053 0.9000611 0.8867475 0.9244590 1.0040112 1.2233802 0.9969141 0.9017048 0.9312468 0.9077251 1.1671436 0.9915747 0.9512610 0.8553746 0.7877308 0.9539116 0.0000000 1.0325499 1.1149622 1.4160405 1.5062634 1.4642650 1.4253807 1.4129938 1.4046464 1.3821268 1.2356813 0.9192651 1.3605200 1.1933718 0.9267562 1.3431653 1.3049857 1.3456730 1.2709879 0.8369639 0.8022403 1.0575001 1.1323482 1.0292863 1.2073749 0.9615917 1.2557771 1.1938561 1.3757897 1.1906150 1.0534899 1.0138327 1.1458376 1.3138162 1.3325641 1.3363554 1.1298372 1.3222827 1.2059883 
Nvec_v1g110650                                        1.2700377 1.2198217 1.2580175 1.3325862 0.8773885 1.0108104 0.9661935 1.1552063 1.3847605 0.8263100 0.7086178 0.7739467 0.7168885 0.9129121 0.7515293 0.7935986 1.0542258 0.9808482 1.1492093 1.0325499 0.0000000 0.5930954 1.8007068 1.8818209 1.8995669 1.7698478 1.7546668 1.9317901 1.8206473 1.8137047 1.5586480 1.8557889 1.5533487 1.4851563 1.6366912 1.6685750 1.5515543 1.4805132 1.1679337 1.3097535 1.3160418 1.3275228 1.0988969 1.2022435 1.1829501 1.4092230 1.3290505 1.6180880 1.6628627 1.3187827 1.0873920 1.3269478 1.5113267 1.6234547 1.5641338 1.3103081 1.3703283 1.5096152 
Exapal_XM_021038954.2                                 1.2977209 1.2152713 1.2340114 1.1640758 0.9629430 1.1173064 1.1033728 1.1842481 1.4705367 0.7008712 0.6673895 0.7351311 0.6769330 0.9815266 0.7546612 0.7034341 1.1134654 0.9876488 1.2206623 1.1149622 0.5930954 0.0000000 1.6710561 1.6939714 1.6694738 1.7286411 1.7456203 1.9488735 1.8374590 1.8198980 1.5361158 1.8133736 1.5819361 1.4180350 1.6588692 1.8620369 1.5312363 1.4390989 1.0629971 1.1957779 1.2949419 1.1177781 1.1199614 1.3068815 1.2664301 1.4833190 1.3300522 1.6290983 1.5858248 1.3569918 1.0835501 1.3072653 1.5780089 1.6949487 1.6525982 1.4653059 1.3927345 1.4322210 
Pbac_sb2642264                                        1.4253447 1.5588071 1.6266532 1.4008479 1.3377361 1.7225099 1.6670909 1.4146147 1.6529958 1.5364576 1.4355140 1.4215301 1.4737312 1.9756750 1.3703996 1.4273927 1.5119582 1.4328676 1.3759770 1.4160405 1.8007068 1.6710561 0.0000000 0.0702539 0.0835880 0.8778205 0.8882248 0.7657823 0.6398582 0.7825025 0.6730422 0.8310513 0.8856273 0.6726968 0.8074461 0.8055952 0.8472321 0.7735053 1.6455145 1.6377153 1.6467495 2.3277664 1.7882689 1.8589995 1.6722525 1.9628156 1.8876282 2.1360783 1.9760339 1.9293176 1.7466316 1.8133246 1.8496725 1.6102606 1.6237211 1.9676888 1.8615187 1.9194731 
Pbac_sb2647901                                        1.4881541 1.6751848 1.7116288 1.5091177 1.4035759 1.7462251 1.7941687 1.4928896 1.7569841 1.5680912 1.4497300 1.4582392 1.5114675 1.8937846 1.3590860 1.4946063 1.6006182 1.5074910 1.4056410 1.5062634 1.8818209 1.6939714 0.0702539 0.0000000 0.0737090 0.8723040 0.8826906 0.7832080 0.6598360 0.7763634 0.6887024 0.8561814 0.9124280 0.6947162 0.8333325 0.8574269 0.8809900 0.7928637 1.6989839 1.7346296 1.6707519 2.2075000 1.8674689 1.9403618 1.7195431 2.0064441 1.9678004 2.3564031 1.9639115 2.0796091 1.8042782 1.8564728 1.9398058 1.6362892 1.6447851 2.0119582 1.9106386 2.0371573 
Horcal_Hcv1.av93.c8.g218.i1                           1.5081548 1.6507766 1.6824529 1.4735981 1.3306524 1.6927411 1.7145434 1.4655429 1.7354844 1.5219742 1.4073538 1.4050157 1.4660781 1.9924253 1.3551214 1.4395447 1.5733578 1.5002001 1.3578178 1.4642650 1.8995669 1.6694738 0.0835880 0.0737090 0.0000000 0.8467100 0.8569279 0.7769416 0.6390681 0.7765777 0.6864762 0.8565442 0.9075369 0.6730838 0.8223927 0.8680064 0.8823947 0.7833963 1.6602486 1.6742384 1.7152543 2.2881248 1.8196221 1.9388863 1.6463978 1.8951368 1.9197248 2.2648733 1.9187694 2.1456788 1.7485236 1.7879077 1.9168456 1.6155743 1.6344287 1.9612961 1.9790903 1.9786697 
Bolinf_Binf_sb1243648                                 1.7387060 1.7293322 1.7231229 1.6577034 1.2638840 1.5304606 1.8031895 1.5935761 1.6053440 1.5551518 1.3569534 1.4178062 1.3589559 1.9663857 1.5216021 1.5145999 1.5104051 1.3963044 1.3340232 1.4253807 1.7698478 1.7286411 0.8778205 0.8723040 0.8467100 0.0000000 0.0036881 0.4550131 0.4518155 0.5314219 0.4911591 0.5247244 0.5310044 0.6034200 0.6090575 0.9539138 0.7583298 0.7911758 1.5446936 1.5866058 1.5115792 3.1178198 1.8132905 1.9083113 1.8085473 2.0812917 1.7777852 1.8943242 1.8334579 1.7531830 1.8930208 1.8597504 1.9839546 1.9481588 1.9407651 1.9749599 1.9082022 1.9837109 
Mertsp_Mesp_sb582874                                  1.7235665 1.7143251 1.7082688 1.6431115 1.2638840 1.5304606 1.8031895 1.5870801 1.5916092 1.5410425 1.3442157 1.4052213 1.3467334 1.9364587 1.5079145 1.5014718 1.4974517 1.3903117 1.3219418 1.4129938 1.7546668 1.7456203 0.8882248 0.8826906 0.8569279 0.0036881 0.0000000 0.4622346 0.4518155 0.5389067 0.4911591 0.5322053 0.5385196 0.6034200 0.6170170 0.9648371 0.7675581 0.8009233 1.5314964 1.5731039 1.4983539 3.1178198 1.7979742 1.9000320 1.8011839 2.0812917 1.7705440 1.8858405 1.8176714 1.7090356 1.8766097 1.8438548 1.9675022 1.9678136 1.9602596 1.9749599 1.8921089 1.9610129 
Bolinf_Binf_sb1252653                                 1.5264617 1.4717508 1.5524598 1.3909869 1.3009331 1.5334615 1.7996441 1.4996831 1.6629765 1.5963629 1.3816227 1.5103370 1.4808699 1.9647832 1.5129349 1.6836958 1.6653227 1.4810157 1.2996020 1.4046464 1.9317901 1.9488735 0.7657823 0.7832080 0.7769416 0.4550131 0.4622346 0.0000000 0.0279070 0.3056637 0.2658289 0.4953668 0.6043186 0.5391374 0.5877159 0.8928111 0.8235706 0.8412157 1.6804743 1.6650629 1.6115923 1.9660790 1.8997144 1.7332756 1.8368422 2.1026630 1.7680922 1.9967368 1.8151724 1.8958657 1.8331715 1.7572353 1.9923647 1.6151460 1.6924180 1.9048122 1.8455964 2.0539539 
Mertsp_Mesp_sb571716                                  1.4742152 1.5009817 1.5535887 1.4362681 1.2642800 1.6740426 1.7943582 1.6253469 1.4772326 1.4543167 1.3990344 1.4901325 1.4075946 2.0071053 1.4672686 1.5496292 1.6167252 1.5153505 1.2172226 1.3821268 1.8206473 1.8374590 0.6398582 0.6598360 0.6390681 0.4518155 0.4518155 0.0279070 0.0000000 0.2646472 0.2344947 0.4991204 0.5370556 0.5258419 0.5787701 0.8090442 0.8143344 0.8420290 1.7378390 1.8017416 1.5114628 1.9555552 1.7375170 1.4917704 1.7762102 2.0301212 1.7660249 2.0749657 1.9927190 4.0023334 1.8423513 1.7240174 1.8913343 1.2971168 1.4085437 1.7844004 2.0454840 2.3290681 
Mlei_ML2057.g9.i1                                     1.5152028 1.5383127 1.5460876 1.4777465 1.2371030 1.3998695 1.6108666 1.4495817 1.5883874 1.5954012 1.3927141 1.4651171 1.4461576 1.9602573 1.5127179 1.5791988 1.5185623 1.3156453 1.1898216 1.2356813 1.8137047 1.8198980 0.7825025 0.7763634 0.7765777 0.5314219 0.5389067 0.3056637 0.2646472 0.0000000 0.0449373 0.5253053 0.6172848 0.5595428 0.6507182 0.8567137 0.7123011 0.7661254 1.4967978 1.6349334 1.5136798 2.0609155 1.6971444 1.6811114 1.6349964 1.8584949 1.6498516 1.8611553 1.8544281 2.0710550 1.7141971 1.6907694 2.0230911 1.7580630 1.8050897 1.7600791 1.8053534 2.1024051 
Vmul_sbMO392842                                       1.2108083 1.2611304 1.2554600 1.1340483 1.2327330 1.2742709 1.2802416 1.2726668 1.3933133 1.1701260 1.1750568 1.2439085 1.1948831 1.4183667 1.2154352 1.1498199 1.3172383 1.2820174 1.0471831 0.9192651 1.5586480 1.5361158 0.6730422 0.6887024 0.6864762 0.4911591 0.4911591 0.2658289 0.2344947 0.0449373 0.0000000 0.4546382 0.5411537 0.5336103 0.5722742 0.8319302 0.6802611 0.7634948 1.2608840 1.4643524 1.2888530 1.7426401 1.4449602 1.2069371 1.0827993 1.4379414 1.4018862 1.7994167 1.6366911 6.4010396 1.6399635 1.5937161 1.3634966 1.2782281 1.3498281 1.4242447 1.5266966 1.8287639 
Beraby_Baby_sb334550                                  1.7959329 1.6724107 1.7602536 1.7602988 1.4569822 1.6701677 2.0505090 1.6408249 1.7324926 1.7501544 1.6260469 1.6291794 1.6028559 2.3034664 1.7570183 1.6791792 1.6145090 1.4558090 1.3636516 1.3605200 1.8557889 1.8133736 0.8310513 0.8561814 0.8565442 0.5247244 0.5322053 0.4953668 0.4991204 0.5253053 0.4546382 0.0000000 0.6132401 0.7174340 0.7037127 0.8223833 0.8285872 0.8003611 1.5731179 1.7803875 1.6415169 2.3905153 2.1685991 1.9376428 1.7790776 2.1856457 1.8829847 2.0197176 1.9325598 1.8437222 1.7536212 1.7211234 1.9438991 1.7968482 1.8694594 1.9854169 1.9468621 2.4360189 
Lampan_Lpan_2338_01                                   1.4338407 1.5342163 1.5980333 1.7163137 1.2381109 1.3737087 1.4866428 1.3449277 1.4715428 1.3742198 1.1922723 1.3023401 1.2395505 1.9200392 1.3477486 1.3555762 1.2639106 1.1754022 1.1526293 1.1933718 1.5533487 1.5819361 0.8856273 0.9124280 0.9075369 0.5310044 0.5385196 0.6043186 0.5370556 0.6172848 0.5411537 0.6132401 0.0000000 0.5864729 0.7968206 0.8006389 0.7653240 0.7506974 1.4212499 1.5231201 1.4216880 2.4129766 1.6785892 1.7913403 1.5481030 1.9296936 1.7496950 1.8109573 1.4950967 1.7475541 1.6911680 1.7011876 2.0217029 1.8757601 1.8124318 1.8873413 1.7547712 1.9438375 
Eupdun_Edun_sb10622202                                1.2238849 1.3070029 1.3900683 1.0979936 1.3485199 1.3724643 1.4221042 1.2036777 1.3595424 0.9892650 1.0453983 1.0086737 0.9447241 1.0197875 0.9703601 1.0454297 1.0568142 1.0192432 0.9090034 0.9267562 1.4851563 1.4180350 0.6726968 0.6947162 0.6730838 0.6034200 0.6034200 0.5391374 0.5258419 0.5595428 0.5336103 0.7174340 0.5864729 0.0000000 0.7464694 0.9124165 0.6812187 0.7910012 1.1932655 1.2398023 1.1585790 1.4637951 1.5098795 1.2821378 1.0810127 1.5652580 1.4670229 1.7982279 1.5587804 0.0000010 1.4899352 1.2925072 1.2387693 1.2547483 1.3045616 1.4313610 1.2299964 1.2706288 
Drygla_Dgla_sb299028                                  1.5656730 1.6867158 1.7131116 1.6443219 1.0536884 1.4393509 1.6800533 1.6773963 1.6457369 1.4896711 1.3776943 1.4229711 1.3776858 2.0893458 1.5431898 1.5387828 1.6077079 1.5305290 1.4800623 1.3431653 1.6366912 1.6588692 0.8074461 0.8333325 0.8223927 0.6090575 0.6170170 0.5877159 0.5787701 0.6507182 0.5722742 0.7037127 0.7968206 0.7464694 0.0000000 0.9567801 0.8843997 0.8673159 1.5981324 1.6748635 1.7775242 2.2922971 1.9141142 1.7608539 1.7643353 2.0247874 1.6721329 1.9846805 1.9257532 2.2475800 1.6416979 1.6374860 1.8089264 1.7875929 1.8100526 1.7988909 1.9873401 2.3042204 
Vmul_SimC396348                                       1.5957756 1.4866270 1.6976539 1.5517886 1.3574538 1.5258910 1.7308892 1.5802198 1.7703914 1.5276917 1.3540110 1.4535225 1.4181290 2.2724951 1.5699789 1.5309842 1.5215984 1.4026118 1.3372481 1.3049857 1.6685750 1.8620369 0.8055952 0.8574269 0.8680064 0.9539138 0.9648371 0.8928111 0.8090442 0.8567137 0.8319302 0.8223833 0.8006389 0.9124165 0.9567801 0.0000000 0.6203616 0.5854174 1.5640363 1.6348270 1.4717467 2.2243784 1.8541894 1.8154002 1.6794470 1.9410216 1.8867742 2.1246462 2.0195518 1.9203568 1.7057584 1.8222936 2.1637085 1.8942999 1.8363464 1.8608791 2.0892209 2.0749729 
Coemet_Cmet_scaffold19939_01                          1.5566104 1.4578651 1.6279992 1.4555352 1.2651435 1.4056384 1.6346945 1.4628434 1.6470465 1.3922163 1.2553115 1.2977975 1.2371625 1.9400967 1.3472574 1.3583052 1.3533981 1.2415139 1.2213485 1.3456730 1.5515543 1.5312363 0.8472321 0.8809900 0.8823947 0.7583298 0.7675581 0.8235706 0.8143344 0.7123011 0.6802611 0.8285872 0.7653240 0.6812187 0.8843997 0.6203616 0.0000000 0.0906071 1.5497234 1.6360523 1.4651534 2.1487139 1.6384617 1.8487924 1.5957372 1.8521207 1.7079682 2.1515857 1.7517451 1.7061649 1.7226701 1.7090448 2.0135165 1.8862263 1.8536460 1.7217179 1.8573499 2.0598515 
Coeast_Cast_sb803605                                  1.5524579 1.4877436 1.6411473 1.4683755 1.3058952 1.4330335 1.6940721 1.4765588 1.5373657 1.3861232 1.2456996 1.2557272 1.1781366 1.7921827 1.3237250 1.2866994 1.2838810 1.2138106 1.1469317 1.2709879 1.4805132 1.4390989 0.7735053 0.7928637 0.7833963 0.7911758 0.8009233 0.8412157 0.8420290 0.7661254 0.7634948 0.8003611 0.7506974 0.7910012 0.8673159 0.5854174 0.0906071 0.0000000 1.4968333 1.5468043 1.4654063 2.4333794 1.5202575 1.7927713 1.5009154 1.7558054 1.6286802 2.0699924 1.6626129 1.7321197 1.5598537 1.5777884 1.8813433 1.7798405 1.7139442 1.8473860 1.8011050 1.9885156 
Skow_XM_002738433.2                                   1.1419281 1.0743175 1.0780772 1.1296825 0.8368222 1.0122856 1.0092668 0.9003147 1.0476273 1.1538997 1.0119777 1.0954496 1.0353164 1.3444437 1.0422366 1.0006722 1.0118446 0.9758811 1.1055742 0.8369639 1.1679337 1.0629971 1.6455145 1.6989839 1.6602486 1.5446936 1.5314964 1.6804743 1.7378390 1.4967978 1.2608840 1.5731179 1.4212499 1.1932655 1.5981324 1.5640363 1.5497234 1.4968333 0.0000000 0.8545392 1.0583294 1.1117404 0.9207513 1.2842543 0.9043481 1.2073665 1.2873150 1.4902739 1.2556541 0.9513992 1.2552232 1.2444115 1.3218163 1.4033104 1.3718470 1.1047799 1.4216314 1.2564562 
Spur_XM_030992286.1                                   1.2638163 1.2163495 1.1763565 1.2596025 1.1264499 1.0949018 1.1968574 1.1621288 1.4067706 1.3067154 1.1633845 1.1735864 1.1804115 1.4712593 1.1909080 1.1503972 1.0814396 1.0252362 1.0936015 0.8022403 1.3097535 1.1957779 1.6377153 1.7346296 1.6742384 1.5866058 1.5731039 1.6650629 1.8017416 1.6349334 1.4643524 1.7803875 1.5231201 1.2398023 1.6748635 1.6348270 1.6360523 1.5468043 0.8545392 0.0000000 1.0810171 1.7256859 1.1650755 1.4416749 1.1293528 1.4691867 1.4809124 1.5530243 1.4902341 0.8738479 1.2336196 1.3340576 1.3175246 1.5223110 1.4011314 1.4720713 1.4651568 1.5223156 
Cscu_XM_023372556.1                                   1.2712425 1.1211511 1.2455045 1.3710541 0.9085073 0.9223317 0.8873868 1.0847841 1.2891080 1.2297923 1.0916950 1.0961529 1.0991495 1.5775704 1.1622677 1.2080499 0.9988982 0.9616531 0.9622963 1.0575001 1.3160418 1.2949419 1.6467495 1.6707519 1.7152543 1.5115792 1.4983539 1.6115923 1.5114628 1.5136798 1.2888530 1.6415169 1.4216880 1.1585790 1.7775242 1.4717467 1.4651534 1.4654063 1.0583294 1.0810171 0.0000000 1.1057063 1.1910766 1.0497393 1.1498213 1.2258174 1.2117433 1.3369307 1.5131085 0.9312394 1.2154160 1.2735268 1.3853291 1.4917588 1.3703133 1.2759054 1.1725074 1.5166799 
Lcom_lcpid254726                                      1.6041482 1.4144716 1.6891633 1.5541564 1.1288037 1.3099411 1.6209330 1.3085649 1.7176130 1.2736825 1.3179807 1.1500618 1.0938692 1.7665243 1.2531745 1.1691428 1.1101152 0.9557182 1.4233237 1.1323482 1.3275228 1.1177781 2.3277664 2.2075000 2.2881248 3.1178198 3.1178198 1.9660790 1.9555552 2.0609155 1.7426401 2.3905153 2.4129766 1.4637951 2.2922971 2.2243784 2.1487139 2.4333794 1.1117404 1.7256859 1.1057063 0.0000000 0.6825090 1.0588970 1.2904450 1.2904450 1.2698608 1.5637189 1.4747376 0.0000010 1.4968423 1.5793526 1.7708489 1.2954384 1.4041118 1.2820989 1.7449439 1.7913691 
Cgig_XM_011414112.3                                   1.2934682 1.2279188 1.2770447 1.3999073 0.8910773 1.1373931 1.0572590 1.1434333 1.3034101 1.1108241 0.9578842 1.0818861 1.0203441 1.0946729 0.9289216 1.0542955 1.0888991 0.9906885 1.2200738 1.0292863 1.0988969 1.1199614 1.7882689 1.8674689 1.8196221 1.8132905 1.7979742 1.8997144 1.7375170 1.6971444 1.4449602 2.1685991 1.6785892 1.5098795 1.9141142 1.8541894 1.6384617 1.5202575 0.9207513 1.1650755 1.1910766 0.6825090 0.0000000 1.1540371 1.2478973 1.5374447 1.3758755 1.5921158 1.3788010 0.8941989 1.3295647 1.4286385 1.7403914 1.5913020 1.5430570 1.2904096 1.5585403 1.3204806 
Morvir_scaffold62.g15.t2                              1.5304387 1.3813739 1.4316181 1.5271776 0.7773771 0.9924885 0.9741298 1.1142520 1.3836251 0.9864086 1.0677411 1.0352558 1.0744195 1.3319995 1.0057620 1.1714697 1.2156989 1.0997234 1.2710016 1.2073749 1.2022435 1.3068815 1.8589995 1.9403618 1.9388863 1.9083113 1.9000320 1.7332756 1.4917704 1.6811114 1.2069371 1.9376428 1.7913403 1.2821378 1.7608539 1.8154002 1.8487924 1.7927713 1.2842543 1.4416749 1.0497393 1.0588970 1.1540371 0.0000000 1.3655328 1.5819713 0.9588598 1.2462487 1.6914836 1.3915224 1.2643225 1.5531900 1.6510607 1.2913753 1.2955384 1.5346506 1.8157073 1.7072879 
Hsap_ENST00000331239                                  1.3672649 1.1856024 1.3306644 1.2994981 0.9153095 1.0963814 1.1545362 1.2439570 1.5249954 1.3241864 1.1746253 1.2412801 1.2152368 1.4678146 1.1776519 1.1610633 1.0656259 1.0147274 1.0557234 0.9615917 1.1829501 1.2664301 1.6722525 1.7195431 1.6463978 1.8085473 1.8011839 1.8368422 1.7762102 1.6349964 1.0827993 1.7790776 1.5481030 1.0810127 1.7643353 1.6794470 1.5957372 1.5009154 0.9043481 1.1293528 1.1498213 1.2904450 1.2478973 1.3655328 0.0000000 0.1696664 1.3572039 1.6848975 1.3984488 1.0851909 1.3051492 1.3312091 1.4486584 1.5529643 1.5486443 1.2820956 1.2915126 1.6129919 
Hsap_ENST00000638767                                  1.7449853 1.5362581 1.6146570 1.5480475 1.1986384 1.1999954 1.4829396 1.4997104 1.7436287 1.4932077 1.2908820 1.3860091 1.3706680 1.5460725 1.4016115 1.3760911 1.2835928 1.2268891 1.2242809 1.2557771 1.4092230 1.4833190 1.9628156 2.0064441 1.8951368 2.0812917 2.0812917 2.1026630 2.0301212 1.8584949 1.4379414 2.1856457 1.9296936 1.5652580 2.0247874 1.9410216 1.8521207 1.7558054 1.2073665 1.4691867 1.2258174 1.2904450 1.5374447 1.5819713 0.1696664 0.0000000 1.5631052 1.9390667 1.7245451 1.1482444 1.6419453 1.5770909 1.7066101 1.8153255 1.7766172 1.5161330 1.5813787 1.7076097 
Nemnom_g2020.t1                                       1.4167585 1.2896851 1.3974798 1.4004942 0.8929408 1.0962369 1.1495935 1.1491453 1.4202007 1.1485346 1.0864081 1.0927043 1.0627511 1.6200408 1.1660639 1.1691973 1.3121691 1.3010413 1.3575822 1.1938561 1.3290505 1.3300522 1.8876282 1.9678004 1.9197248 1.7777852 1.7705440 1.7680922 1.7660249 1.6498516 1.4018862 1.8829847 1.7496950 1.4670229 1.6721329 1.8867742 1.7079682 1.6286802 1.2873150 1.4809124 1.2117433 1.2698608 1.3758755 0.9588598 1.3572039 1.5631052 0.0000000 0.4750853 1.7484981 1.3390981 1.1908919 1.3338351 1.3966957 1.2446365 1.2021960 1.6415538 1.4833248 1.4360578 
Rhoesc_Res_004914-T1                                  1.6039785 1.4737419 1.6224327 1.6347444 1.2488466 1.2677011 1.5191756 1.3366163 1.6630631 1.4278824 1.2710192 1.3198822 1.2525754 1.6060933 1.4050546 1.4489610 1.5587692 1.4722465 1.5780564 1.3757897 1.6180880 1.6290983 2.1360783 2.3564031 2.2648733 1.8943242 1.8858405 1.9967368 2.0749657 1.8611553 1.7994167 2.0197176 1.8109573 1.7982279 1.9846805 2.1246462 2.1515857 2.0699924 1.4902739 1.5530243 1.3369307 1.5637189 1.5921158 1.2462487 1.6848975 1.9390667 0.4750853 0.0000000 2.2299284 1.3466430 1.4826796 1.5572712 1.7072531 1.6245302 1.5928872 1.9420866 1.7445480 1.5156900 
Acagra_model.g14362.t1                                1.5866770 1.5736797 1.7285500 1.6734598 1.5600689 1.4293585 2.0459853 1.4221225 1.5991650 1.4969266 1.4586823 1.4346347 1.3734801 1.7056964 1.4102262 1.4167058 1.3744390 1.2405562 1.3037157 1.1906150 1.6628627 1.5858248 1.9760339 1.9639115 1.9187694 1.8334579 1.8176714 1.8151724 1.9927190 1.8544281 1.6366911 1.9325598 1.4950967 1.5587804 1.9257532 2.0195518 1.7517451 1.6626129 1.2556541 1.4902341 1.5131085 1.4747376 1.3788010 1.6914836 1.3984488 1.7245451 1.7484981 2.2299284 0.0000000 0.9851533 1.3653098 1.5625968 1.9143130 2.0939586 2.0455060 1.6427273 1.6720275 1.4188569 
Ctel_gnl_WGS_AMQN_CAPTEDRAFT_mRNA97025                1.2377727 1.1537306 1.3157539 1.6344957 3.8766381 1.0373364 0.0000010 1.0357848 1.2732213 1.7835017 1.5862149 1.3423683 1.2606602 1.4084694 1.3174548 1.3400906 1.0501872 1.1687945 1.2583349 1.0534899 1.3187827 1.3569918 1.9293176 2.0796091 2.1456788 1.7531830 1.7090356 1.8958657 4.0023334 2.0710550 6.4010396 1.8437222 1.7475541 0.0000010 2.2475800 1.9203568 1.7061649 1.7321197 0.9513992 0.8738479 0.9312394 0.0000010 0.8941989 1.3915224 1.0851909 1.1482444 1.3390981 1.3466430 0.9851533 0.0000000 1.5248932 1.7004363 1.3925558 1.8987481 1.9715372 0.1778816 1.1828168 1.2160861 
Dgig_XM_028544500.1                                   1.3288135 1.2487074 1.2194506 1.2665560 1.1666968 1.1948480 1.1997033 1.2892917 1.5390322 1.0266426 0.9331152 0.9850179 0.9901732 1.0979447 1.0337231 0.9974912 1.1965547 1.0983475 1.0909447 1.0138327 1.0873920 1.0835501 1.7466316 1.8042782 1.7485236 1.8930208 1.8766097 1.8331715 1.8423513 1.7141971 1.6399635 1.7536212 1.6911680 1.4899352 1.6416979 1.7057584 1.7226701 1.5598537 1.2552232 1.2336196 1.2154160 1.4968423 1.3295647 1.2643225 1.3051492 1.6419453 1.1908919 1.4826796 1.3653098 1.5248932 0.0000000 0.4929684 1.5486568 1.3604650 1.3719951 1.7980177 1.6170605 1.3574596 
Xesp_004377-T1                                        1.3859476 1.2855357 1.2342753 1.3776458 1.1440161 1.1802760 1.4238255 1.2481286 1.4785911 1.2146418 1.0565510 1.1252557 1.1495206 1.1652365 1.0893025 1.1983078 1.1945557 1.1342733 1.1925254 1.1458376 1.3269478 1.3072653 1.8133246 1.8564728 1.7879077 1.8597504 1.8438548 1.7572353 1.7240174 1.6907694 1.5937161 1.7211234 1.7011876 1.2925072 1.6374860 1.8222936 1.7090448 1.5777884 1.2444115 1.3340576 1.2735268 1.5793526 1.4286385 1.5531900 1.3312091 1.5770909 1.3338351 1.5572712 1.5625968 1.7004363 0.4929684 0.0000000 1.6652041 1.5249444 1.5432044 1.8300134 1.7250501 1.5632704 
Dpul_mRNA21950                                        1.4989935 1.6933004 1.5207063 1.4135029 1.0808199 1.4014551 1.4262349 1.2945143 1.5483586 1.4904358 1.3583333 1.3774497 1.3306558 2.0711939 1.4653557 1.3222486 1.6670548 1.5933202 1.5834717 1.3138162 1.5113267 1.5780089 1.8496725 1.9398058 1.9168456 1.9839546 1.9675022 1.9923647 1.8913343 2.0230911 1.3634966 1.9438991 2.0217029 1.2387693 1.8089264 2.1637085 2.0135165 1.8813433 1.3218163 1.3175246 1.3853291 1.7708489 1.7403914 1.6510607 1.4486584 1.7066101 1.3966957 1.7072531 1.9143130 1.3925558 1.5486568 1.6652041 0.0000000 1.8370734 1.7587323 1.4676469 1.5048120 1.5657257 
Hvul_g3926_1                                          1.7292078 1.6136919 1.5961098 1.6281668 1.1628721 1.3486584 1.4465295 1.4091754 1.5615626 1.4520688 1.3332065 1.2548988 1.3029895 1.7679009 1.2889960 1.3623930 1.5895067 1.4546085 1.6367480 1.3325641 1.6234547 1.6949487 1.6102606 1.6362892 1.6155743 1.9481588 1.9678136 1.6151460 1.2971168 1.7580630 1.2782281 1.7968482 1.8757601 1.2547483 1.7875929 1.8942999 1.8862263 1.7798405 1.4033104 1.5223110 1.4917588 1.2954384 1.5913020 1.2913753 1.5529643 1.8153255 1.2446365 1.6245302 2.0939586 1.8987481 1.3604650 1.5249444 1.8370734 0.0000000 0.0854849 1.9905260 1.6622828 1.8611746 
Hvul_g9227_1                                          1.7690753 1.6868922 1.6085169 1.6778946 1.1599331 1.3173883 1.3732919 1.4165513 1.5432791 1.3991490 1.2698319 1.2054120 1.2392829 1.6991246 1.2474416 1.3329557 1.5764524 1.5034855 1.6520943 1.3363554 1.5641338 1.6525982 1.6237211 1.6447851 1.6344287 1.9407651 1.9602596 1.6924180 1.4085437 1.8050897 1.3498281 1.8694594 1.8124318 1.3045616 1.8100526 1.8363464 1.8536460 1.7139442 1.3718470 1.4011314 1.3703133 1.4041118 1.5430570 1.2955384 1.5486443 1.7766172 1.2021960 1.5928872 2.0455060 1.9715372 1.3719951 1.5432044 1.7587323 0.0854849 0.0000000 2.0156686 1.5833670 1.7547996 
Ctel_gnl_WGS_AMQN_CAPTEDRAFT_mRNA151463               1.5362008 1.2743248 1.4765148 1.4915269 1.3625513 1.2738036 1.2657360 1.2401786 1.4015996 1.4134833 1.3134968 1.3415890 1.2420887 2.1028096 1.3079180 1.3312105 1.2418101 1.1615381 1.2477679 1.1298372 1.3103081 1.4653059 1.9676888 2.0119582 1.9612961 1.9749599 1.9749599 1.9048122 1.7844004 1.7600791 1.4242447 1.9854169 1.8873413 1.4313610 1.7988909 1.8608791 1.7217179 1.8473860 1.1047799 1.4720713 1.2759054 1.2820989 1.2904096 1.5346506 1.2820956 1.5161330 1.6415538 1.9420866 1.6427273 0.1778816 1.7980177 1.8300134 1.4676469 1.9905260 2.0156686 0.0000000 1.5034931 1.6228656 
Tcas_TC010676_001                                     1.6390612 1.6205533 1.6713112 1.6409520 1.3365173 1.4373385 1.7117077 1.3459848 1.5988775 1.4751990 1.4113552 1.3860081 1.3579469 2.0649974 1.4254867 1.4445431 1.5894969 1.4800005 1.5106570 1.3222827 1.3703283 1.3927345 1.8615187 1.9106386 1.9790903 1.9082022 1.8921089 1.8455964 2.0454840 1.8053534 1.5266966 1.9468621 1.7547712 1.2299964 1.9873401 2.0892209 1.8573499 1.8011050 1.4216314 1.4651568 1.1725074 1.7449439 1.5585403 1.8157073 1.2915126 1.5813787 1.4833248 1.7445480 1.6720275 1.1828168 1.6170605 1.7250501 1.5048120 1.6622828 1.5833670 1.5034931 0.0000000 1.7839401 
Xestes_maker-XT_scaffold5957-augustus-gene-0.8-mRNA-1 1.2746977 1.2394334 1.2568330 1.3372396 0.9387959 0.9921254 0.9861773 0.8681313 1.1220982 1.5857198 1.3501866 1.3461740 1.2730168 1.6362229 1.3454238 1.2110751 1.3370454 1.2655068 1.4617330 1.2059883 1.5096152 1.4322210 1.9194731 2.0371573 1.9786697 1.9837109 1.9610129 2.0539539 2.3290681 2.1024051 1.8287639 2.4360189 1.9438375 1.2706288 2.3042204 2.0749729 2.0598515 1.9885156 1.2564562 1.5223156 1.5166799 1.7913691 1.3204806 1.7072879 1.6129919 1.7076097 1.4360578 1.5156900 1.4188569 1.2160861 1.3574596 1.5632704 1.5657257 1.8611746 1.7547996 1.6228656 1.7839401 0.0000000 
