60
Lcom_lcpid41081                         0.0000000 0.3840654 0.3820598 0.3946623 0.8167251 1.5346841 1.4666953 1.3649157 1.3859340 1.4079992 1.4714840 1.3834857 1.3895229 1.4892458 1.7172209 1.5944037 1.5349495 1.5366431 1.5103332 1.5181089 1.6895214 1.6802502 1.5892565 1.7589307 1.7864839 1.7087543 1.6078241 1.5458635 1.5060711 1.4887142 1.6314942 1.5938834 1.7442747 1.4616118 1.5408377 1.5009185 1.5222112 1.8710247 1.7272914 1.5116605 1.5970232 1.6378726 1.8951134 1.6153641 4.0729558 4.5119356 2.0659892 2.1806355 2.1392010 1.8913661 1.6428158 2.1781123 2.3209184 2.0442891 1.6357769 1.9576607 3.9145956 1.5567130 1.5055589 1.4234998 
Gracom_Gcom_scaffold5992_01             0.3840654 0.0000000 0.2821543 0.3276957 0.7518415 1.4160590 1.4744920 1.3622468 1.4050705 1.3994525 1.4730816 1.3464782 1.3567820 1.4617057 1.6386299 1.5046013 1.4895764 1.4581473 1.4517443 1.4871656 1.6817602 1.7294336 1.5194316 1.7591717 1.8070309 1.6465214 1.5885190 1.5861959 1.5345262 1.5960533 1.5984702 1.5765670 1.7476695 1.5394569 1.6156822 1.5461920 1.5284183 1.7585462 1.6375435 1.5486539 1.5970134 1.6320346 1.8663278 1.5722102 3.3706330 3.8557716 2.1660177 2.2575646 2.1754319 1.9825889 1.9370478 2.2147595 2.3327397 2.2131685 1.7023460 1.9716434 4.1161609 1.4377108 1.4213548 1.4641125 
Scil_scict024044.1                      0.3820598 0.2821543 0.0000000 0.3291508 0.7312432 1.4439238 1.5147013 1.3530323 1.3847736 1.4329879 1.4519197 1.4040248 1.4106110 1.5003679 1.5805032 1.6283731 1.5399885 1.5238065 1.4143573 1.4275148 1.7600205 1.7798687 1.6212235 1.8176116 1.8408678 1.7593378 1.6524675 1.7129085 1.6552519 1.6179297 1.6613816 1.6346608 1.8467527 1.6212709 1.6880126 1.7264856 1.6610614 1.7859373 1.7894551 1.5151775 1.6585567 1.6631455 1.9308959 1.5677780 3.9275421 4.4416300 2.0781638 2.2160929 2.0898864 1.8914397 1.7218580 2.2510960 2.4403995 2.0635850 1.6811149 1.8977016 4.3564698 1.4657509 1.4343021 1.4040754 
Leuniv_Lniv_scaffold25377_01            0.3946623 0.3276957 0.3291508 0.0000000 0.7532262 1.4318625 1.5391667 1.3419189 1.4876032 1.4106179 1.4370630 1.4027755 1.3984235 1.4730938 1.6308018 1.6307506 1.4217088 1.5187532 1.5093337 1.5369654 1.6782586 1.7169127 1.5196816 1.7676642 1.8496322 1.6858569 1.5952219 1.6967822 1.6515541 1.7259801 1.7312332 1.7029464 1.8749088 1.6023682 1.6814890 1.6206493 1.5735260 1.8023092 1.6983251 1.4980170 1.6492300 1.6561034 1.8659489 1.5627336 4.4631419 5.4749854 2.1116595 2.2560729 2.1408621 1.9229809 1.6936508 2.1972976 2.3030350 2.1287686 1.6747027 1.8694510 4.0799678 1.4241330 1.4149309 1.4517285 
Clacor_Ccor_scaffold11121_01            0.8167251 0.7518415 0.7312432 0.7532262 0.0000000 1.2285586 1.3315797 1.2345137 1.2459917 1.3380817 1.4133813 1.3428012 1.3558694 1.3500561 1.6710982 1.4348617 1.2429522 1.4273785 1.3192794 1.5062268 1.5283999 1.5291220 1.4040127 1.5441307 1.5226361 1.5246078 1.4784488 1.5663185 1.5109195 1.5650808 1.5506978 1.5286550 1.7122912 1.5471736 1.4849640 1.5296350 1.5531847 1.5583440 1.5201426 1.3441118 1.3217400 1.3558813 1.6074924 1.3189963 3.1393198 3.5945157 1.6164179 1.7527783 1.9345852 1.7566010 1.5418727 1.7421690 2.0235396 1.6973800 1.3737206 1.5815753 3.1703417 1.3629260 1.3423452 1.3554035 
Cgig_XM_011429817.3                     1.5346841 1.4160590 1.4439238 1.4318625 1.2285586 0.0000000 0.5210843 0.7669064 1.0083162 0.9942945 1.0300563 0.9190356 0.9173659 1.0117555 1.1756264 0.9249678 0.9998397 1.0551387 1.4109341 1.2599838 1.3835661 1.4063883 1.3169020 1.4155168 1.4598074 1.4223431 1.3512947 1.4702553 1.5026062 1.4840568 1.4667150 1.4469738 1.5941787 1.4726744 1.4540951 1.3878477 1.3732902 1.5367320 1.5807678 1.2590851 1.3437540 1.3653471 1.4458314 1.3339731 4.0571877 4.2566859 1.9827384 2.1073147 1.9775366 1.7629572 1.4880322 2.1474683 2.4786824 2.0029225 1.3090384 1.3233361 4.0082110 1.5766522 1.4455362 1.4434750 
Acagra_model.g6066.t1.3.5d3b849c        1.4666953 1.4744920 1.5147013 1.5391667 1.3315797 0.5210843 0.0000000 0.7182215 0.9901549 1.0673240 1.0379626 0.9042814 0.9144954 1.0913719 1.1461584 0.8779211 0.9992982 0.9874519 1.4908440 1.3227597 1.3069764 1.2874445 1.1755755 1.3146541 1.3515371 1.3140095 1.2430219 1.4691683 1.4752948 1.4516194 1.4193308 1.4408928 1.5770548 1.4982742 1.5812898 1.5080991 1.4454217 1.5274443 1.5811146 1.3886056 1.4241885 1.4276732 1.6217920 1.4219164 3.6156079 3.8049360 1.8996460 2.0130862 1.9040800 1.7916626 1.4812996 2.1222606 2.4911269 1.9056835 1.4396853 1.5043822 3.7658352 1.6475673 1.4318118 1.5118810 
Ctel_gnl_WGS_AMQN_CAPTEDRAFT_mRNA169511 1.3649157 1.3622468 1.3530323 1.3419189 1.2345137 0.7669064 0.7182215 0.0000000 0.8331613 0.8915220 0.9602968 0.8383672 0.8419585 0.9276131 1.1141827 0.8453412 0.8629050 0.8654798 1.2528725 1.0869633 1.2763854 1.2457778 1.1334972 1.2774717 1.2741723 1.2386029 1.2305926 1.3544443 1.3881537 1.3461648 1.4314527 1.4108099 1.5539252 1.4013583 1.3699682 1.2821725 1.2827819 1.5102479 1.4721810 1.2905300 1.2270327 1.3008351 1.4003753 1.2825480 4.1846557 4.4251221 1.8744541 2.0152246 1.9124721 1.7079688 1.4275263 2.0981251 2.5982837 2.0063842 1.5064190 1.6273247 3.5032337 1.4051073 1.3041057 1.3835474 
Bralan_BLAG12000594_2                   1.3859340 1.4050705 1.3847736 1.4876032 1.2459917 1.0083162 0.9901549 0.8331613 0.0000000 0.7863813 0.8137258 0.9011700 0.8978587 0.8730942 1.2724117 1.0171608 0.9762486 1.1106836 1.4030716 1.2909266 1.4427163 1.4308603 1.2451116 1.4220895 1.4622779 1.4328497 1.3609015 1.4606895 1.4866251 1.5209015 1.5076158 1.5306926 1.6892528 1.5931754 1.5360397 1.4713972 1.3851527 1.4693931 1.4539758 1.4329434 1.3197445 1.3509283 1.5704746 1.3615314 4.5038177 5.1949644 2.0165949 2.1922835 2.0482329 1.8340254 1.5111811 2.2822687 2.7749878 1.9799303 1.3776279 1.4621439 3.4585977 1.3438026 1.5655304 1.3442804 
Hsap_ENST00000422440                    1.4079992 1.3994525 1.4329879 1.4106179 1.3380817 0.9942945 1.0673240 0.8915220 0.7863813 0.0000000 0.3740512 0.8662684 0.8672661 0.8473478 1.2391558 0.9441876 0.9971345 1.0125000 1.4239690 1.3099642 1.4312598 1.3839135 1.2545521 1.4572039 1.4822252 1.3291158 1.2414921 1.5415512 1.5804873 1.5054587 1.4850008 1.4792400 1.6799973 1.4384386 1.4704927 1.3197943 1.2669102 1.5666416 1.4496106 1.3782911 1.3822773 1.4003166 1.5588278 1.3464869 4.7809460 4.9552902 1.9137473 2.1315998 1.8956385 1.6811566 1.6287047 2.1035376 2.2468806 1.8949138 1.6170289 1.8334529 3.9067465 1.4594410 1.4705329 1.3998750 
Hsap_ENST00000416240                    1.4714840 1.4730816 1.4519197 1.4370630 1.4133813 1.0300563 1.0379626 0.9602968 0.8137258 0.3740512 0.0000000 0.9012718 0.9023673 0.8731774 1.2158959 1.0167265 1.0066677 1.0386835 1.3679805 1.2036818 1.4330545 1.4118683 1.2982574 1.4483418 1.4716408 1.3921306 1.3367779 1.5278411 1.5248334 1.5074478 1.3865681 1.3986517 1.6141558 1.4874779 1.5091407 1.3556017 1.3105931 1.6132721 1.4658945 1.4492409 1.4375644 1.4705002 1.5957373 1.3468262 5.3152146 5.3781087 1.9917323 2.2348837 1.8967609 1.6972744 1.5787467 2.0782581 2.4237980 1.9613969 1.6340134 1.9427300 4.1707208 1.4523778 1.4526969 1.5204898 
Spur_XM_011663558.2                     1.3834857 1.3464782 1.4040248 1.4027755 1.3428012 0.9190356 0.9042814 0.8383672 0.9011700 0.8662684 0.9012718 0.0000000 0.0050588 0.7005437 1.1546286 0.9261880 0.9798610 1.0086955 1.3492495 1.1733340 1.2954560 1.2951164 1.1467393 1.3239674 1.3459021 1.3066428 1.2387269 1.4575876 1.4423329 1.4685586 1.4790060 1.4436588 1.5417387 1.3629438 1.3653199 1.3247215 1.2422789 1.3617552 1.2851306 1.2806316 1.2292389 1.2497031 1.3487490 1.1838555 3.6760831 3.8428236 2.0952275 2.2186292 2.0342081 1.8518319 1.7249216 2.3808837 2.7260545 1.9692923 1.3956804 1.2987760 3.9813976 1.5057409 1.3299012 1.3211184 
Spur_XM_031000273.1                     1.3895229 1.3567820 1.4106110 1.3984235 1.3558694 0.9173659 0.9144954 0.8419585 0.8978587 0.8672661 0.9023673 0.0050588 0.0000000 0.6972153 1.1535858 0.9289547 0.9785973 1.0140023 1.3479675 1.1787689 1.3053525 1.3051429 1.1567706 1.3345737 1.3566993 1.3165307 1.2486183 1.4685134 1.4571483 1.4800822 1.4899897 1.4544986 1.5531218 1.3715480 1.3754069 1.3162643 1.2346039 1.3611949 1.2780377 1.2793996 1.2281215 1.2485991 1.3474351 1.1816897 3.4935242 3.6436665 2.0860124 2.1992898 2.0157159 1.8296057 1.7049887 2.3734102 2.7068950 1.9639496 1.3957905 1.2992231 3.9777522 1.5099768 1.3215371 1.3348591 
Skow_XM_002740560.2                     1.4892458 1.4617057 1.5003679 1.4730938 1.3500561 1.0117555 1.0913719 0.9276131 0.8730942 0.8473478 0.8731774 0.7005437 0.6972153 0.0000000 1.2470165 1.0821269 1.1128704 1.1589097 1.3945550 1.2116236 1.3019282 1.3180238 1.1289997 1.3031432 1.3386399 1.3172784 1.2228902 1.4882126 1.5275015 1.4754117 1.5489102 1.5158108 1.7049856 1.3878821 1.4144150 1.3513745 1.3517069 1.5335533 1.4731383 1.3875828 1.4573004 1.4643044 1.5459190 1.3824978 3.8550267 3.7844759 2.1099487 2.2855306 1.9925825 1.7843005 1.6816305 2.3807093 2.4345599 2.1042335 1.5598038 1.5839943 3.9819658 1.4626017 1.4744765 1.4680832 
Cscu_XM_023357002.1                     1.7172209 1.6386299 1.5805032 1.6308018 1.6710982 1.1756264 1.1461584 1.1141827 1.2724117 1.2391558 1.2158959 1.1546286 1.1535858 1.2470165 0.0000000 0.6161780 1.0653527 1.0244344 1.6744946 1.6197751 1.7576111 1.7587522 1.6509565 1.7441152 1.8002991 1.7097687 1.6812584 1.8171790 1.8089121 1.6084502 1.8411044 1.8116090 1.9778246 1.7617665 1.7768666 1.5308603 1.5319083 1.8471581 1.7676387 1.5394842 1.4842737 1.4458509 1.5994316 1.5533346 3.7312368 3.9350831 2.4588584 2.5710220 2.4764907 2.3836584 2.4003012 2.3977793 2.4858334 2.5023096 2.2115808 2.2290528 4.4934398 1.7938900 1.6462455 1.6240878 
Cscu_XM_023369742.1                     1.5944037 1.5046013 1.6283731 1.6307506 1.4348617 0.9249678 0.8779211 0.8453412 1.0171608 0.9441876 1.0167265 0.9261880 0.9289547 1.0821269 0.6161780 0.0000000 0.7194172 0.8206630 1.4412496 1.2802396 1.3957223 1.3891067 1.2163879 1.4137464 1.4281471 1.3176538 1.2568508 1.4730678 1.5247545 1.4011439 1.4057341 1.4076889 1.5797767 1.3745815 1.3063749 1.3490063 1.3256851 1.4159667 1.4219801 1.3039098 1.2870484 1.2732791 1.5175058 1.2900869 3.3005423 3.4395908 2.0845759 2.2173397 2.0783934 1.8101730 1.6332553 2.3539298 3.1459154 2.1350775 1.6249355 1.7764912 3.6925630 1.5056042 1.4151319 1.3932755 
Dpul_mRNA27312                          1.5349495 1.4895764 1.5399885 1.4217088 1.2429522 0.9998397 0.9992982 0.8629050 0.9762486 0.9971345 1.0066677 0.9798610 0.9785973 1.1128704 1.0653527 0.7194172 0.0000000 0.7113213 1.3391093 1.0929708 1.3307376 1.3309523 1.1960577 1.3749599 1.4074946 1.2789290 1.2270514 1.6345321 1.6617448 1.5979805 1.6398197 1.6120164 1.8133579 1.6479003 1.5307041 1.5737501 1.5566425 1.5959256 1.5201201 1.4758333 1.4868848 1.4649324 1.6620390 1.5043808 4.8979184 5.4242696 1.9131980 2.1286784 2.0822956 1.8767675 1.5127900 2.4505102 3.0393021 2.0690679 1.5762781 1.7492780 4.3021894 1.5230082 1.3926372 1.5035543 
Tcas_TC030731_001                       1.5366431 1.4581473 1.5238065 1.5187532 1.4273785 1.0551387 0.9874519 0.8654798 1.1106836 1.0125000 1.0386835 1.0086955 1.0140023 1.1589097 1.0244344 0.8206630 0.7113213 0.0000000 1.3469282 1.1608120 1.4960449 1.4340106 1.2664397 1.4547020 1.4856139 1.4857201 1.4039002 1.4968951 1.5014095 1.4929881 1.5170823 1.5110117 1.6157048 1.4782722 1.4858351 1.4340316 1.3803995 1.7321852 1.5676177 1.5520314 1.5357718 1.5413722 1.7670847 1.4253413 2.6176955 2.7965505 2.0641088 2.1198835 1.9557797 1.6754902 1.5238929 2.3727949 2.8090828 2.0013195 1.5177384 1.5593239 3.8215447 1.6154875 1.4967458 1.5521530 
Opea_EP00118_Oscarella_pearsei_P020101  1.5103332 1.4517443 1.4143573 1.5093337 1.3192794 1.4109341 1.4908440 1.2528725 1.4030716 1.4239690 1.3679805 1.3492495 1.3479675 1.3945550 1.6744946 1.4412496 1.3391093 1.3469282 0.0000000 0.0056004 1.6369300 1.6652011 1.5875452 1.6844334 1.7225143 1.7498181 1.6665788 1.6642486 1.6625660 1.6216860 1.6011173 1.6249363 1.7701909 1.6078794 1.5740423 1.6075517 1.6148398 1.7628773 1.6892311 1.6825438 1.7248151 1.7280988 1.8124716 1.6554606 4.4577341 5.1285338 2.1370140 2.3556342 2.2371838 2.0419936 1.9694854 2.3446433 2.6200613 2.2424190 1.9198125 2.1516301 4.3618558 1.4872478 1.4937642 1.5283018 
Ocar_g3804                              1.5181089 1.4871656 1.4275148 1.5369654 1.5062268 1.2599838 1.3227597 1.0869633 1.2909266 1.3099642 1.2036818 1.1733340 1.1787689 1.2116236 1.6197751 1.2802396 1.0929708 1.1608120 0.0056004 0.0000000 1.4853219 1.4871094 1.4626534 1.5622988 1.5449917 1.6041880 1.5976256 1.5692194 1.5626066 1.5264494 1.4878452 1.4815211 1.5886057 1.4826218 1.4909868 1.3424336 1.3628528 1.5760010 1.4663358 1.6353289 1.6028060 1.5777831 1.8735892 1.5050606 5.7468019 5.9704245 1.9492837 2.4072075 2.3284374 2.1105367 2.0626380 2.0233324 2.7456713 2.2706063 2.2196678 2.7805902 3.9387749 1.7047720 1.5609490 1.4818668 
HoiH23_PlH23_001021-RA                  1.6895214 1.6817602 1.7600205 1.6782586 1.5283999 1.3835661 1.3069764 1.2763854 1.4427163 1.4312598 1.4330545 1.2954560 1.3053525 1.3019282 1.7576111 1.3957223 1.3307376 1.4960449 1.6369300 1.4853219 0.0000000 0.0828758 0.1722096 0.1955398 0.2456992 0.3018505 0.2853586 1.6904744 1.6490500 1.6552439 1.6834078 1.6158327 1.7742679 1.5272811 1.5992292 1.5791466 1.4928918 1.4995336 1.5952929 1.5222700 1.6693246 1.7135827 1.7395569 1.5186239 6.3414639 6.8498204 1.9336787 2.1551029 2.1488273 1.7940150 1.6972372 2.3349414 2.3968730 2.0209218 1.5809661 1.5800309 3.5189724 1.7190696 1.5818407 1.6302032 
HoiH06_mRNA13413                        1.6802502 1.7294336 1.7798687 1.7169127 1.5291220 1.4063883 1.2874445 1.2457778 1.4308603 1.3839135 1.4118683 1.2951164 1.3051429 1.3180238 1.7587522 1.3891067 1.3309523 1.4340106 1.6652011 1.4871094 0.0828758 0.0000000 0.1657983 0.2131265 0.2231847 0.3116128 0.2830974 1.6485519 1.6070264 1.6244137 1.6416078 1.6015601 1.8163717 1.5515385 1.5990863 1.6162764 1.5429425 1.4898553 1.5844671 1.4904361 1.6347193 1.6731249 1.6984678 1.4882248 6.3974529 6.8998051 1.8845670 2.1082620 2.1564242 1.8149327 1.7112706 2.3280116 2.4318785 2.0239518 1.6083407 1.6243137 3.4147127 1.6906469 1.5791524 1.6026827 
HoiH11_mRNA4016                         1.5892565 1.5194316 1.6212235 1.5196816 1.4040127 1.3169020 1.1755755 1.1334972 1.2451116 1.2545521 1.2982574 1.1467393 1.1567706 1.1289997 1.6509565 1.2163879 1.1960577 1.2664397 1.5875452 1.4626534 0.1722096 0.1657983 0.0000000 0.2056820 0.2033521 0.2322548 0.2262531 1.5287777 1.4976152 1.4902971 1.5502481 1.5043167 1.5273050 1.3749369 1.4676536 1.4586801 1.3877894 1.3493971 1.3939964 1.3841644 1.4136600 1.4650012 1.4639404 1.3433010 6.5545296 7.0720944 1.7397894 1.9947228 2.0284232 1.8358334 1.7088622 2.0877216 2.3228446 1.8573945 1.6351643 1.6587956 3.4031346 1.5522562 1.3743338 1.5144326 
Hhon_g08500.t1                          1.7589307 1.7591717 1.8176116 1.7676642 1.5441307 1.4155168 1.3146541 1.2774717 1.4220895 1.4572039 1.4483418 1.3239674 1.3345737 1.3031432 1.7441152 1.4137464 1.3749599 1.4547020 1.6844334 1.5622988 0.1955398 0.2131265 0.2056820 0.0000000 0.0428188 0.3422155 0.3129531 1.7620547 1.7365988 1.7443627 1.7817134 1.7251581 1.8556450 1.6699047 1.7298802 1.6918512 1.6027425 1.5548199 1.6699562 1.5800753 1.6983778 1.7127123 1.8064324 1.5997875 6.1725602 6.6377814 2.0821452 2.2993188 2.2054151 1.8794436 1.7766976 2.5809870 2.7071586 2.1818887 1.6218293 1.5613400 3.7348561 1.8359759 1.6859016 1.6581454 
HoiH04_mRNA6200                         1.7864839 1.8070309 1.8408678 1.8496322 1.5226361 1.4598074 1.3515371 1.2741723 1.4622779 1.4822252 1.4716408 1.3459021 1.3566993 1.3386399 1.8002991 1.4281471 1.4074946 1.4856139 1.7225143 1.5449917 0.2456992 0.2231847 0.2033521 0.0428188 0.0000000 0.3658048 0.3167848 1.8079435 1.7946335 1.8009316 1.8389627 1.7966322 1.9212222 1.7265419 1.7726372 1.7536856 1.6890953 1.5719969 1.7164042 1.5820901 1.7418523 1.7566497 1.8588581 1.6285116 5.9088324 6.3333669 2.0816524 2.2939270 2.1915394 1.8711743 1.7672479 2.6107477 2.6332674 2.1886022 1.6116347 1.5860786 3.8486500 1.8096695 1.6712042 1.7390730 
TrH2_TrispH2_002281-RA                  1.7087543 1.6465214 1.7593378 1.6858569 1.5246078 1.4223431 1.3140095 1.2386029 1.4328497 1.3291158 1.3921306 1.3066428 1.3165307 1.3172784 1.7097687 1.3176538 1.2789290 1.4857201 1.7498181 1.6041880 0.3018505 0.3116128 0.2322548 0.3422155 0.3658048 0.0000000 0.0072391 1.7887833 1.7618590 1.7531563 1.8170901 1.7716152 1.8920601 1.6662247 1.7264824 1.5964351 1.5466028 1.5774399 1.5660109 1.5423630 1.6278211 1.6731823 1.7913205 1.5785185 5.9285414 6.3590592 2.0651693 2.2759781 2.2278338 1.8842594 1.6654289 2.5357764 2.7071183 2.1236776 1.6003743 1.6019212 3.7240128 1.7349305 1.5902957 1.5736926 
Tadh_TriadT21712                        1.6078241 1.5885190 1.6524675 1.5952219 1.4784488 1.3512947 1.2430219 1.2305926 1.3609015 1.2414921 1.3367779 1.2387269 1.2486183 1.2228902 1.6812584 1.2568508 1.2270514 1.4039002 1.6665788 1.5976256 0.2853586 0.2830974 0.2262531 0.3129531 0.3167848 0.0072391 0.0000000 1.6775350 1.6661717 1.6506889 1.7124904 1.6696602 1.7983356 1.5686613 1.6147557 1.4973453 1.4432188 1.5409751 1.4635441 1.5201129 1.5329942 1.5704101 1.7007786 1.4977097 5.7863344 6.1986225 1.9336744 2.1495889 2.2154576 1.8673230 1.5917611 2.3730814 2.6113494 2.0387267 1.5933237 1.5910069 3.5986578 1.6929484 1.4985921 1.5078175 
Fspp_ffun1.m4.12498.m1                  1.5458635 1.5861959 1.7129085 1.6967822 1.5663185 1.4702553 1.4691683 1.3544443 1.4606895 1.5415512 1.5278411 1.4575876 1.4685134 1.4882126 1.8171790 1.4730678 1.6345321 1.4968951 1.6642486 1.5692194 1.6904744 1.6485519 1.5287777 1.7620547 1.8079435 1.7887833 1.6775350 0.0000000 0.0827756 0.1488009 0.2033340 0.2058071 0.3793869 0.6758772 0.5708852 1.0676174 1.1014633 1.4014064 1.2433487 1.1797671 1.1866488 1.1965399 1.1612971 1.0715740 4.7380817 5.1339011 2.2101721 2.3902195 2.1625168 2.0099732 1.6960861 2.4539831 3.1993968 2.1624476 1.5962949 1.7891182 3.6092219 1.5898073 1.7280862 1.5942590 
Gasp_gasp1.m3.17417.m1                  1.5060711 1.5345262 1.6552519 1.6515541 1.5109195 1.5026062 1.4752948 1.3881537 1.4866251 1.5804873 1.5248334 1.4423329 1.4571483 1.5275015 1.8089121 1.5247545 1.6617448 1.5014095 1.6625660 1.5626066 1.6490500 1.6070264 1.4976152 1.7365988 1.7946335 1.7618590 1.6661717 0.0827756 0.0000000 0.1589837 0.1852364 0.1889946 0.3832986 0.6967974 0.5937042 1.0650698 1.1313887 1.4089203 1.2574235 1.1893144 1.2259750 1.2293598 1.2155486 1.0739360 4.6943091 5.0830381 2.1435589 2.3270201 2.1661932 2.0570719 1.7100002 2.4271536 3.1532885 2.1188167 1.6278047 1.7555702 3.4687399 1.6095157 1.7059841 1.5402238 
Gfas_gfas1.m1.5930.m1                   1.4887142 1.5960533 1.6179297 1.7259801 1.5650808 1.4840568 1.4516194 1.3461648 1.5209015 1.5054587 1.5074478 1.4685586 1.4800822 1.4754117 1.6084502 1.4011439 1.5979805 1.4929881 1.6216860 1.5264494 1.6552439 1.6244137 1.4902971 1.7443627 1.8009316 1.7531563 1.6506889 0.1488009 0.1589837 0.0000000 0.2107578 0.2328089 0.3530070 0.6596197 0.5526528 0.9939480 1.0770863 1.3936341 1.2786436 1.1571520 1.1887305 1.2099774 1.1612346 1.0884318 5.0615164 5.3745736 2.2391721 2.4424098 2.1869669 2.0391207 1.7260589 2.4964191 2.9138653 2.1110728 1.7000960 1.8489963 3.6135350 1.6357081 1.6623948 1.5441467 
Spis_XP_022792892_1                     1.6314942 1.5984702 1.6613816 1.7312332 1.5506978 1.4667150 1.4193308 1.4314527 1.5076158 1.4850008 1.3865681 1.4790060 1.4899897 1.5489102 1.8411044 1.4057341 1.6398197 1.5170823 1.6011173 1.4878452 1.6834078 1.6416078 1.5502481 1.7817134 1.8389627 1.8170901 1.7124904 0.2033340 0.1852364 0.2107578 0.0000000 0.0778119 0.3606132 0.6607134 0.5464636 1.0548121 1.0974949 1.4053149 1.1982786 1.2165382 1.1736547 1.1753219 1.1649676 1.0979108 4.5516323 4.5621592 2.2085075 2.3729848 2.1487212 2.0173661 1.6777829 2.3408142 2.9293648 2.1389020 1.6325105 1.8787393 3.4834973 1.6377551 1.6657524 1.5879909 
Pocdam_XM_027183834.1                   1.5938834 1.5765670 1.6346608 1.7029464 1.5286550 1.4469738 1.4408928 1.4108099 1.5306926 1.4792400 1.3986517 1.4436588 1.4544986 1.5158108 1.8116090 1.4076889 1.6120164 1.5110117 1.6249363 1.4815211 1.6158327 1.6015601 1.5043167 1.7251581 1.7966322 1.7716152 1.6696602 0.2058071 0.1889946 0.2328089 0.0778119 0.0000000 0.3768634 0.6476514 0.5679490 1.0314807 1.0785431 1.3949768 1.2257416 1.1954065 1.1867236 1.1862966 1.1831509 1.0998166 4.4553004 4.4626417 2.1075621 2.2713764 2.1052199 1.9998882 1.6458341 2.3344231 3.1139240 2.1218560 1.5371796 1.6827014 3.4684052 1.5917512 1.7059686 1.5927887 
Adig_XM_015900473.1                     1.7442747 1.7476695 1.8467527 1.8749088 1.7122912 1.5941787 1.5770548 1.5539252 1.6892528 1.6799973 1.6141558 1.5417387 1.5531218 1.7049856 1.9778246 1.5797767 1.8133579 1.6157048 1.7701909 1.5886057 1.7742679 1.8163717 1.5273050 1.8556450 1.9212222 1.8920601 1.7983356 0.3793869 0.3832986 0.3530070 0.3606132 0.3768634 0.0000000 0.9168903 0.7793300 1.2573144 1.2747381 1.7646095 1.4020262 1.4007657 1.3417035 1.3559954 1.3508704 1.3305424 4.9088315 5.2853505 2.3786687 2.5746084 2.2967994 1.8633054 1.7285933 2.7599467 4.4636648 2.3442702 1.6287341 1.8567045 3.6749440 1.8604576 1.8181148 1.8048512 
Nvec_v1g184535                          1.4616118 1.5394569 1.6212709 1.6023682 1.5471736 1.4726744 1.4982742 1.4013583 1.5931754 1.4384386 1.4874779 1.3629438 1.3715480 1.3878821 1.7617665 1.3745815 1.6479003 1.4782722 1.6078794 1.4826218 1.5272811 1.5515385 1.3749369 1.6699047 1.7265419 1.6662247 1.5686613 0.6758772 0.6967974 0.6596197 0.6607134 0.6476514 0.9168903 0.0000000 0.4813004 1.0307075 1.0973596 1.2928513 1.2686915 1.2590707 1.2634720 1.2921278 1.2381486 1.1631454 4.1919725 4.4956660 2.1263257 2.2722170 2.1503708 1.9879581 1.8306771 2.2290016 2.6374344 2.0346844 1.9168698 2.2188380 3.6093741 1.6278033 1.6743859 1.5980118 
Exapal_XM_021055287.2                   1.5408377 1.6156822 1.6880126 1.6814890 1.4849640 1.4540951 1.5812898 1.3699682 1.5360397 1.4704927 1.5091407 1.3653199 1.3754069 1.4144150 1.7768666 1.3063749 1.5307041 1.4858351 1.5740423 1.4909868 1.5992292 1.5990863 1.4676536 1.7298802 1.7726372 1.7264824 1.6147557 0.5708852 0.5937042 0.5526528 0.5464636 0.5679490 0.7793300 0.4813004 0.0000000 0.9768819 1.0465960 1.2447837 1.2783767 1.1402264 1.1768405 1.1249162 1.1056887 1.0718000 4.2085209 4.6231230 2.2409112 2.4031641 2.1206221 1.8584561 1.6906122 2.3638506 2.6330975 2.0603467 1.7432089 2.1292147 3.7369765 1.5923903 1.6036062 1.5380141 
Dgig_XM_028539515.1                     1.5009185 1.5461920 1.7264856 1.6206493 1.5296350 1.3878477 1.5080991 1.2821725 1.4713972 1.3197943 1.3556017 1.3247215 1.3162643 1.3513745 1.5308603 1.3490063 1.5737501 1.4340316 1.6075517 1.3424336 1.5791466 1.6162764 1.4586801 1.6918512 1.7536856 1.5964351 1.4973453 1.0676174 1.0650698 0.9939480 1.0548121 1.0314807 1.2573144 1.0307075 0.9768819 0.0000000 0.2115935 1.3129513 1.1882773 1.0320460 1.0984279 1.0806537 1.0515742 1.1194450 4.5479581 4.8080083 2.1241693 2.2744302 2.1228890 1.9155467 1.6777139 2.3424497 3.1380457 1.9665728 1.6404956 1.7127077 3.4346447 1.5287080 1.6866493 1.6859868 
Xesp_009765-T1                          1.5222112 1.5284183 1.6610614 1.5735260 1.5531847 1.3732902 1.4454217 1.2827819 1.3851527 1.2669102 1.3105931 1.2422789 1.2346039 1.3517069 1.5319083 1.3256851 1.5566425 1.3803995 1.6148398 1.3628528 1.4928918 1.5429425 1.3877894 1.6027425 1.6890953 1.5466028 1.4432188 1.1014633 1.1313887 1.0770863 1.0974949 1.0785431 1.2747381 1.0973596 1.0465960 0.2115935 0.0000000 1.3122683 1.1645314 1.0363465 1.0981148 1.0554293 1.0861906 1.0939720 3.6473157 3.7043918 2.1390391 2.2671608 2.0784304 1.9001063 1.5803420 2.4610049 2.9269908 1.9862786 1.5682890 1.5640905 3.4733080 1.5563141 1.6928901 1.6504994 
Hvul_g27906_1                           1.8710247 1.7585462 1.7859373 1.8023092 1.5583440 1.5367320 1.5274443 1.5102479 1.4693931 1.5666416 1.6132721 1.3617552 1.3611949 1.5335533 1.8471581 1.4159667 1.5959256 1.7321852 1.7628773 1.5760010 1.4995336 1.4898553 1.3493971 1.5548199 1.5719969 1.5774399 1.5409751 1.4014064 1.4089203 1.3936341 1.4053149 1.3949768 1.7646095 1.2928513 1.2447837 1.3129513 1.3122683 0.0000000 0.5480101 0.9862535 0.8963245 0.9302057 0.9162155 0.9596749 4.7656330 5.5886770 1.9737452 2.1887623 2.2456443 1.9637185 1.6856327 2.5480779 3.6783232 1.9822836 1.5365539 1.7522845 3.3661234 1.6484836 1.7708237 1.6592164 
Chem_TCONS_00016381                     1.7272914 1.6375435 1.7894551 1.6983251 1.5201426 1.5807678 1.5811146 1.4721810 1.4539758 1.4496106 1.4658945 1.2851306 1.2780377 1.4731383 1.7676387 1.4219801 1.5201201 1.5676177 1.6892311 1.4663358 1.5952929 1.5844671 1.3939964 1.6699562 1.7164042 1.5660109 1.4635441 1.2433487 1.2574235 1.2786436 1.1982786 1.2257416 1.4020262 1.2686915 1.2783767 1.1882773 1.1645314 0.5480101 0.0000000 0.8180986 0.8265240 0.8130854 0.8400734 0.8307752 4.9173175 5.3229112 2.1219015 2.3573152 2.1425760 1.9188107 1.7186464 2.4250105 3.2921154 2.1390888 1.5640668 1.7761794 3.6619628 1.6856623 1.8797623 1.5729547 
Sanmal_Sma_005339-T1                    1.5116605 1.5486539 1.5151775 1.4980170 1.3441118 1.2590851 1.3886056 1.2905300 1.4329434 1.3782911 1.4492409 1.2806316 1.2793996 1.3875828 1.5394842 1.3039098 1.4758333 1.5520314 1.6825438 1.6353289 1.5222700 1.4904361 1.3841644 1.5800753 1.5820901 1.5423630 1.5201129 1.1797671 1.1893144 1.1571520 1.2165382 1.1954065 1.4007657 1.2590707 1.1402264 1.0320460 1.0363465 0.9862535 0.8180986 0.0000000 0.3837308 0.3780125 0.3446881 0.7151402 3.5370594 3.9991563 1.9532849 2.1121218 2.1144634 1.8790151 1.4544785 2.0718540 3.0845654 1.9229850 1.4034976 1.7354204 3.0826987 1.5746932 1.7027934 1.4806877 
Nemnom_g12868.t1                        1.5970232 1.5970134 1.6585567 1.6492300 1.3217400 1.3437540 1.4241885 1.2270327 1.3197445 1.3822773 1.4375644 1.2292389 1.2281215 1.4573004 1.4842737 1.2870484 1.4868848 1.5357718 1.7248151 1.6028060 1.6693246 1.6347193 1.4136600 1.6983778 1.7418523 1.6278211 1.5329942 1.1866488 1.2259750 1.1887305 1.1736547 1.1867236 1.3417035 1.2634720 1.1768405 1.0984279 1.0981148 0.8963245 0.8265240 0.3837308 0.0000000 0.1048439 0.2474647 0.6035303 3.7447014 4.4729541 2.1355955 2.2927480 2.0123722 1.8119034 1.4781254 2.2238809 2.9379154 2.0047574 1.3767063 1.7639217 3.6366961 1.6943486 1.6584644 1.5418892 
Rhoesc_Res_005835-T1                    1.6378726 1.6320346 1.6631455 1.6561034 1.3558813 1.3653471 1.4276732 1.3008351 1.3509283 1.4003166 1.4705002 1.2497031 1.2485991 1.4643044 1.4458509 1.2732791 1.4649324 1.5413722 1.7280988 1.5777831 1.7135827 1.6731249 1.4650012 1.7127123 1.7566497 1.6731823 1.5704101 1.1965399 1.2293598 1.2099774 1.1753219 1.1862966 1.3559954 1.2921278 1.1249162 1.0806537 1.0554293 0.9302057 0.8130854 0.3780125 0.1048439 0.0000000 0.2573868 0.6000310 3.6226068 4.3497018 2.1186710 2.2763452 2.0800017 1.8506992 1.4361913 2.2578337 3.0645020 2.0540624 1.3257471 1.6926309 3.5084634 1.7173747 1.6593082 1.5312669 
Aaur_scaffold576.g2.t1                  1.8951134 1.8663278 1.9308959 1.8659489 1.6074924 1.4458314 1.6217920 1.4003753 1.5704746 1.5588278 1.5957373 1.3487490 1.3474351 1.5459190 1.5994316 1.5175058 1.6620390 1.7670847 1.8124716 1.8735892 1.7395569 1.6984678 1.4639404 1.8064324 1.8588581 1.7913205 1.7007786 1.1612971 1.2155486 1.1612346 1.1649676 1.1831509 1.3508704 1.2381486 1.1056887 1.0515742 1.0861906 0.9162155 0.8400734 0.3446881 0.2474647 0.2573868 0.0000000 0.5952653 3.5568329 4.0145403 2.4848643 2.6340842 2.4255601 2.1067773 1.7123341 3.1650005 3.1479538 2.4492041 1.8166763 1.7552399 3.3426842 1.5796498 1.8828471 1.5687183 
Morvir_scaffold150.g18.t1               1.6153641 1.5722102 1.5677780 1.5627336 1.3189963 1.3339731 1.4219164 1.2825480 1.3615314 1.3464869 1.3468262 1.1838555 1.1816897 1.3824978 1.5533346 1.2900869 1.5043808 1.4253413 1.6554606 1.5050606 1.5186239 1.4882248 1.3433010 1.5997875 1.6285116 1.5785185 1.4977097 1.0715740 1.0739360 1.0884318 1.0979108 1.0998166 1.3305424 1.1631454 1.0718000 1.1194450 1.0939720 0.9596749 0.8307752 0.7151402 0.6035303 0.6000310 0.5952653 0.0000000 4.5234905 4.7996244 2.0704779 2.2643756 2.0830913 1.8630407 1.5182288 2.1707983 2.6328111 2.0105549 1.4720822 1.7164286 3.4658083 1.4035634 1.4736935 1.3820397 
Pbac_sb2658749                          4.0729558 3.3706330 3.9275421 4.4631419 3.1393198 4.0571877 3.6156079 4.1846557 4.5038177 4.7809460 5.3152146 3.6760831 3.4935242 3.8550267 3.7312368 3.3005423 4.8979184 2.6176955 4.4577341 5.7468019 6.3414639 6.3974529 6.5545296 6.1725602 5.9088324 5.9285414 5.7863344 4.7380817 4.6943091 5.0615164 4.5516323 4.4553004 4.9088315 4.1919725 4.2085209 4.5479581 3.6473157 4.7656330 4.9173175 3.5370594 3.7447014 3.6226068 3.5568329 4.5234905 0.0000000 0.0623565 0.0000010 0.1149715 0.7593753 0.7593753 0.8582704 0.0000010 0.0000010 0.6913918 0.9553700 0.9443055 0.7278496 3.2428218 3.7903219 3.1958260 
Pbac_sb2666607                          4.5119356 3.8557716 4.4416300 5.4749854 3.5945157 4.2566859 3.8049360 4.4251221 5.1949644 4.9552902 5.3781087 3.8428236 3.6436665 3.7844759 3.9350831 3.4395908 5.4242696 2.7965505 5.1285338 5.9704245 6.8498204 6.8998051 7.0720944 6.6377814 6.3333669 6.3590592 6.1986225 5.1339011 5.0830381 5.3745736 4.5621592 4.4626417 5.2853505 4.4956660 4.6231230 4.8080083 3.7043918 5.5886770 5.3229112 3.9991563 4.4729541 4.3497018 4.0145403 4.7996244 0.0623565 0.0000000 0.0000010 0.1366656 0.8299685 0.8299685 0.8613689 0.0000010 0.0000010 0.8441138 0.9760547 0.9644089 0.7180942 3.3848922 4.1650682 3.3304836 
Pbac_sb2666609                          2.0659892 2.1660177 2.0781638 2.1116595 1.6164179 1.9827384 1.8996460 1.8744541 2.0165949 1.9137473 1.9917323 2.0952275 2.0860124 2.1099487 2.4588584 2.0845759 1.9131980 2.0641088 2.1370140 1.9492837 1.9336787 1.8845670 1.7397894 2.0821452 2.0816524 2.0651693 1.9336744 2.2101721 2.1435589 2.2391721 2.2085075 2.1075621 2.3786687 2.1263257 2.2409112 2.1241693 2.1390391 1.9737452 2.1219015 1.9532849 2.1355955 2.1186710 2.4848643 2.0704779 0.0000010 0.0000010 0.0000000 0.0098458 0.3570274 0.3672744 0.3393503 0.4282501 0.3771096 0.4077800 0.4155475 0.4574893 2.8400789 2.0455357 2.0237832 2.1377939 
Horcal_Hcv1.av93.c5.g1087.i1            2.1806355 2.2575646 2.2160929 2.2560729 1.7527783 2.1073147 2.0130862 2.0152246 2.1922835 2.1315998 2.2348837 2.2186292 2.1992898 2.2855306 2.5710220 2.2173397 2.1286784 2.1198835 2.3556342 2.4072075 2.1551029 2.1082620 1.9947228 2.2993188 2.2939270 2.2759781 2.1495889 2.3902195 2.3270201 2.4424098 2.3729848 2.2713764 2.5746084 2.2722170 2.4031641 2.2744302 2.2671608 2.1887623 2.3573152 2.1121218 2.2927480 2.2763452 2.6340842 2.2643756 0.1149715 0.1366656 0.0098458 0.0000000 0.3960686 0.4215344 0.4355472 0.4320296 0.3771096 0.4141774 0.5610858 0.6644867 2.3643296 2.1659341 2.2064523 2.2993854 
Beraby_Baby_sb340371                    2.1392010 2.1754319 2.0898864 2.1408621 1.9345852 1.9775366 1.9040800 1.9124721 2.0482329 1.8956385 1.8967609 2.0342081 2.0157159 1.9925825 2.4764907 2.0783934 2.0822956 1.9557797 2.2371838 2.3284374 2.1488273 2.1564242 2.0284232 2.2054151 2.1915394 2.2278338 2.2154576 2.1625168 2.1661932 2.1869669 2.1487212 2.1052199 2.2967994 2.1503708 2.1206221 2.1228890 2.0784304 2.2456443 2.1425760 2.1144634 2.0123722 2.0800017 2.4255601 2.0830913 0.7593753 0.8299685 0.3570274 0.3960686 0.0000000 0.0077274 0.3716066 0.4358861 0.4533609 0.3305376 0.5987109 0.6030539 1.7379401 2.0984798 1.9343728 2.1715514 
Beraby_Baby_sb340372                    1.8913661 1.9825889 1.8914397 1.9229809 1.7566010 1.7629572 1.7916626 1.7079688 1.8340254 1.6811566 1.6972744 1.8518319 1.8296057 1.7843005 2.3836584 1.8101730 1.8767675 1.6754902 2.0419936 2.1105367 1.7940150 1.8149327 1.8358334 1.8794436 1.8711743 1.8842594 1.8673230 2.0099732 2.0570719 2.0391207 2.0173661 1.9998882 1.8633054 1.9879581 1.8584561 1.9155467 1.9001063 1.9637185 1.9188107 1.8790151 1.8119034 1.8506992 2.1067773 1.8630407 0.7593753 0.8299685 0.3672744 0.4215344 0.0077274 0.0000000 0.3716066 0.4756217 0.3801570 0.3186318 0.5924750 0.6030539 1.3511604 1.9403208 1.7562715 2.1321304 
Drygla_Dgla_sb295058                    1.6428158 1.9370478 1.7218580 1.6936508 1.5418727 1.4880322 1.4812996 1.4275263 1.5111811 1.6287047 1.5787467 1.7249216 1.7049887 1.6816305 2.4003012 1.6332553 1.5127900 1.5238929 1.9694854 2.0626380 1.6972372 1.7112706 1.7088622 1.7766976 1.7672479 1.6654289 1.5917611 1.6960861 1.7100002 1.7260589 1.6777829 1.6458341 1.7285933 1.8306771 1.6906122 1.6777139 1.5803420 1.6856327 1.7186464 1.4544785 1.4781254 1.4361913 1.7123341 1.5182288 0.8582704 0.8613689 0.3393503 0.4355472 0.3716066 0.3716066 0.0000000 0.5224827 0.7673230 0.4222381 0.5410978 0.6054654 1.0848494 1.4438841 1.7448318 1.9393694 
Coemet_Cmet_C596687_01                  2.1781123 2.2147595 2.2510960 2.1972976 1.7421690 2.1474683 2.1222606 2.0981251 2.2822687 2.1035376 2.0782581 2.3808837 2.3734102 2.3807093 2.3977793 2.3539298 2.4505102 2.3727949 2.3446433 2.0233324 2.3349414 2.3280116 2.0877216 2.5809870 2.6107477 2.5357764 2.3730814 2.4539831 2.4271536 2.4964191 2.3408142 2.3344231 2.7599467 2.2290016 2.3638506 2.3424497 2.4610049 2.5480779 2.4250105 2.0718540 2.2238809 2.2578337 3.1650005 2.1707983 0.0000010 0.0000010 0.4282501 0.4320296 0.4358861 0.4756217 0.5224827 0.0000000 0.0215287 0.3814245 0.0595643 0.0000010 5.7952356 2.6251276 2.1770225 2.2654990 
Coeast_Cast_sb832176                    2.3209184 2.3327397 2.4403995 2.3030350 2.0235396 2.4786824 2.4911269 2.5982837 2.7749878 2.2468806 2.4237980 2.7260545 2.7068950 2.4345599 2.4858334 3.1459154 3.0393021 2.8090828 2.6200613 2.7456713 2.3968730 2.4318785 2.3228446 2.7071586 2.6332674 2.7071183 2.6113494 3.1993968 3.1532885 2.9138653 2.9293648 3.1139240 4.4636648 2.6374344 2.6330975 3.1380457 2.9269908 3.6783232 3.2921154 3.0845654 2.9379154 3.0645020 3.1479538 2.6328111 0.0000010 0.0000010 0.3771096 0.3771096 0.4533609 0.3801570 0.7673230 0.0215287 0.0000000 0.3451749 0.1593940 0.0000010 6.5662591 2.6219483 1.9467828 2.4094895 
Lampan_Lpan_14986_01                    2.0442891 2.2131685 2.0635850 2.1287686 1.6973800 2.0029225 1.9056835 2.0063842 1.9799303 1.8949138 1.9613969 1.9692923 1.9639496 2.1042335 2.5023096 2.1350775 2.0690679 2.0013195 2.2424190 2.2706063 2.0209218 2.0239518 1.8573945 2.1818887 2.1886022 2.1236776 2.0387267 2.1624476 2.1188167 2.1110728 2.1389020 2.1218560 2.3442702 2.0346844 2.0603467 1.9665728 1.9862786 1.9822836 2.1390888 1.9229850 2.0047574 2.0540624 2.4492041 2.0105549 0.6913918 0.8441138 0.4077800 0.4141774 0.3305376 0.3186318 0.4222381 0.3814245 0.3451749 0.0000000 0.3794449 0.3214424 2.6301040 2.1500052 1.9530968 2.0812211 
Coeast_Cast_sb760954                    1.6357769 1.7023460 1.6811149 1.6747027 1.3737206 1.3090384 1.4396853 1.5064190 1.3776279 1.6170289 1.6340134 1.3956804 1.3957905 1.5598038 2.2115808 1.6249355 1.5762781 1.5177384 1.9198125 2.2196678 1.5809661 1.6083407 1.6351643 1.6218293 1.6116347 1.6003743 1.5933237 1.5962949 1.6278047 1.7000960 1.6325105 1.5371796 1.6287341 1.9168698 1.7432089 1.6404956 1.5682890 1.5365539 1.5640668 1.4034976 1.3767063 1.3257471 1.8166763 1.4720822 0.9553700 0.9760547 0.4155475 0.5610858 0.5987109 0.5924750 0.5410978 0.0595643 0.1593940 0.3794449 0.0000000 0.0176212 1.0542526 1.7640558 1.8315975 1.7724986 
Coemet_Cmet_C603944_01                  1.9576607 1.9716434 1.8977016 1.8694510 1.5815753 1.3233361 1.5043822 1.6273247 1.4621439 1.8334529 1.9427300 1.2987760 1.2992231 1.5839943 2.2290528 1.7764912 1.7492780 1.5593239 2.1516301 2.7805902 1.5800309 1.6243137 1.6587956 1.5613400 1.5860786 1.6019212 1.5910069 1.7891182 1.7555702 1.8489963 1.8787393 1.6827014 1.8567045 2.2188380 2.1292147 1.7127077 1.5640905 1.7522845 1.7761794 1.7354204 1.7639217 1.6926309 1.7552399 1.7164286 0.9443055 0.9644089 0.4574893 0.6644867 0.6030539 0.6030539 0.6054654 0.0000010 0.0000010 0.3214424 0.0176212 0.0000000 0.5203472 1.5702923 1.8436885 2.0175671 
Mlei_ML2705.g9.i1                       3.9145956 4.1161609 4.3564698 4.0799678 3.1703417 4.0082110 3.7658352 3.5032337 3.4585977 3.9067465 4.1707208 3.9813976 3.9777522 3.9819658 4.4934398 3.6925630 4.3021894 3.8215447 4.3618558 3.9387749 3.5189724 3.4147127 3.4031346 3.7348561 3.8486500 3.7240128 3.5986578 3.6092219 3.4687399 3.6135350 3.4834973 3.4684052 3.6749440 3.6093741 3.7369765 3.4346447 3.4733080 3.3661234 3.6619628 3.0826987 3.6366961 3.5084634 3.3426842 3.4658083 0.7278496 0.7180942 2.8400789 2.3643296 1.7379401 1.3511604 1.0848494 5.7952356 6.5662591 2.6301040 1.0542526 0.5203472 0.0000000 3.7233855 4.2939968 4.2600906 
Tetwil_g22988.t1                        1.5567130 1.4377108 1.4657509 1.4241330 1.3629260 1.5766522 1.6475673 1.4051073 1.3438026 1.4594410 1.4523778 1.5057409 1.5099768 1.4626017 1.7938900 1.5056042 1.5230082 1.6154875 1.4872478 1.7047720 1.7190696 1.6906469 1.5522562 1.8359759 1.8096695 1.7349305 1.6929484 1.5898073 1.6095157 1.6357081 1.6377551 1.5917512 1.8604576 1.6278033 1.5923903 1.5287080 1.5563141 1.6484836 1.6856623 1.5746932 1.6943486 1.7173747 1.5796498 1.4035634 3.2428218 3.3848922 2.0455357 2.1659341 2.0984798 1.9403208 1.4438841 2.6251276 2.6219483 2.1500052 1.7640558 1.5702923 3.7233855 0.0000000 0.8051696 0.8852700 
Spolac_c103885_g1_i1_m.36784c103885-g1  1.5055589 1.4213548 1.4343021 1.4149309 1.3423452 1.4455362 1.4318118 1.3041057 1.5655304 1.4705329 1.4526969 1.3299012 1.3215371 1.4744765 1.6462455 1.4151319 1.3926372 1.4967458 1.4937642 1.5609490 1.5818407 1.5791524 1.3743338 1.6859016 1.6712042 1.5902957 1.4985921 1.7280862 1.7059841 1.6623948 1.6657524 1.7059686 1.8181148 1.6743859 1.6036062 1.6866493 1.6928901 1.7708237 1.8797623 1.7027934 1.6584644 1.6593082 1.8828471 1.4736935 3.7903219 4.1650682 2.0237832 2.2064523 1.9343728 1.7562715 1.7448318 2.1770225 1.9467828 1.9530968 1.8315975 1.8436885 4.2939968 0.8051696 0.0000000 0.8772155 
Halamb_c43059_g1_i1m.15675              1.4234998 1.4641125 1.4040754 1.4517285 1.3554035 1.4434750 1.5118810 1.3835474 1.3442804 1.3998750 1.5204898 1.3211184 1.3348591 1.4680832 1.6240878 1.3932755 1.5035543 1.5521530 1.5283018 1.4818668 1.6302032 1.6026827 1.5144326 1.6581454 1.7390730 1.5736926 1.5078175 1.5942590 1.5402238 1.5441467 1.5879909 1.5927887 1.8048512 1.5980118 1.5380141 1.6859868 1.6504994 1.6592164 1.5729547 1.4806877 1.5418892 1.5312669 1.5687183 1.3820397 3.1958260 3.3304836 2.1377939 2.2993854 2.1715514 2.1321304 1.9393694 2.2654990 2.4094895 2.0812211 1.7724986 2.0175671 4.2600906 0.8852700 0.8772155 0.0000000 
