73
Lcom_lcpid84284                                                  0.0000000 0.9860194 1.1593487 1.6992847 1.6194955 1.5675224 1.6647231 1.8411865 1.8246103 1.7802652 1.9254712 2.4330792 1.7607141 1.8745842 1.9220344 1.9232075 1.8989096 1.8989096 1.7991662 1.7906857 2.0420478 1.8502067 1.8479252 1.8477491 2.1317804 2.1318717 1.9941573 1.9940516 1.8519641 1.8519641 1.8386200 1.8386200 1.8808701 1.6560992 1.5548952 1.7645330 1.8853843 1.7759881 1.8831807 1.5645149 1.7590648 1.5431027 1.4319829 1.4814218 2.3540822 1.4671495 1.5077570 1.5329020 1.5484230 1.5476408 1.9278557 1.2461242 1.6107068 1.8108691 1.7979469 1.7872398 1.8391200 1.6385018 1.7432733 2.1568917 1.8809590 1.7860812 1.8444861 1.8920706 1.9924408 2.0828170 2.0250108 1.8802507 1.9193963 2.1035235 1.9555825 2.2155460 2.2156892 
Gracom_Gcom_C548606_01                                           0.9860194 0.0000000 0.9869660 1.5634062 1.5754981 1.4701541 1.6268655 1.9017789 1.6421852 1.6145122 1.7223036 1.9946921 1.7011281 1.7000705 1.8640056 1.8485173 1.8676119 1.8676119 1.7275905 1.8275499 2.1647450 1.7676855 1.7539044 1.7441430 2.1875648 2.1661511 2.1011858 2.0793327 1.7441014 1.7441014 1.7311425 1.7311425 1.8748704 1.5741166 1.3978517 1.9482213 1.7926701 1.5086431 1.5440367 1.5320914 1.6242890 1.5471180 1.5111738 1.5434796 2.8988099 1.4761515 1.6552384 1.6806447 1.6791090 1.6440917 1.9489605 1.0765092 1.6673650 1.6341240 1.6479695 1.6385330 1.6635333 1.6615106 1.7315384 2.0009092 1.6638424 1.6651205 1.6985638 1.8187188 1.7442599 1.9185198 1.8984579 1.8935946 1.9637735 2.0548466 1.6149653 2.0512860 2.2257781 
Leuniv_Lniv_scaffold11460_01                                     1.1593487 0.9869660 0.0000000 1.8602070 1.6227825 1.5078170 1.5703447 2.1483737 1.8053886 1.7648932 2.2522967 1.8770519 1.6619391 1.7469614 2.1425459 2.1198040 2.1162244 2.1162244 1.9566971 1.9775842 1.9775842 2.2069527 2.2403126 2.2043160 2.2403126 2.2043160 2.2403126 2.2043160 1.9063451 1.9063451 1.9063451 1.9063451 2.0522600 1.9836195 2.6321330 1.8147583 1.7792744 1.8103235 1.8823740 1.4492843 1.8172882 1.7110835 2.6797839 1.5450550 1.7393413 1.6759662 2.1605859 1.5983553 1.5308501 1.6515439 0.0000010 1.3259014 1.7481443 1.5067008 1.6187062 1.6187062 1.6520649 1.5111115 1.5250339 2.2307066 1.8068321 1.6557107 1.6523898 2.6497697 2.2557831 2.5808117 2.4718149 2.4681318 1.9747235 2.5054258 9.0000000 2.7768644 3.0417532 
Cgig_XM_020064112.2                                              1.6992847 1.5634062 1.8602070 0.0000000 0.7316770 0.7428883 0.9377129 1.1942929 1.0147921 0.9396532 0.9358139 1.4208699 0.9677028 1.0848154 1.3079170 1.3094210 1.3160616 1.3160616 1.1241157 1.2296716 1.4791053 1.2760567 1.3567342 1.3498787 1.7410081 1.7256551 1.6832469 1.6672852 1.2329556 1.2329556 1.2110022 1.2110022 1.2686802 1.1146888 1.0250876 1.3940342 1.5202216 1.0862664 1.2271588 0.9420259 1.2669670 1.3125984 1.3536160 1.0534866 1.2119220 1.0001976 1.2918340 1.2806496 1.2837504 1.2434080 1.6125061 1.0943461 0.9772859 1.1155101 1.1431014 1.1342147 1.1156266 1.1061917 1.1692056 1.7065381 1.1167426 1.2162426 0.6582839 1.4299965 1.3136551 1.3742496 1.3589807 1.3296187 1.5604456 1.6984269 1.8614218 1.9057956 1.6115921 
Ctel_gnl_WGS_AMQN_CAPTEDRAFT_mRNA165957                          1.6194955 1.5754981 1.6227825 0.7316770 0.0000000 0.7819683 0.8929408 1.2928624 1.0849660 0.9838788 1.0913791 1.3162846 1.0538246 1.1264694 1.3152148 1.2990705 1.3020158 1.3020158 1.1875211 1.2393641 1.2849673 1.3182211 1.3631153 1.3475940 1.5357291 1.5070968 1.4201125 1.3918228 1.2658518 1.2658518 1.2510156 1.2510156 1.3476390 1.2332128 1.1582580 1.3720385 1.5077335 1.0016816 1.1152119 0.9106982 1.2600013 1.3170343 1.2334635 0.9777529 1.4439340 1.0172257 1.1836259 1.1648917 1.1810108 1.1560641 1.5558133 1.0496051 0.9093888 1.0914511 1.1124093 1.1165752 1.0937710 0.9927330 1.0772783 1.8756953 1.1842145 1.2218865 0.8293915 1.4015589 1.3736341 1.4501400 1.4579345 1.4043091 1.4367618 1.7212469 1.8612608 1.7450928 1.6743803 
Skow_XM_002732860.2                                              1.5675224 1.4701541 1.5078170 0.7428883 0.7819683 0.0000000 0.7795923 1.0249877 0.8722089 0.7999956 0.8693849 1.2223858 0.7464372 0.9180413 1.2129174 1.1963827 1.1881841 1.1881841 1.0606033 1.1441529 1.2323025 1.2058388 1.3065873 1.2922729 1.5151774 1.4871748 1.3428367 1.3159862 1.1932750 1.1932750 1.2020470 1.2020470 1.1949753 0.9765263 0.9582718 1.2172032 1.2644038 0.9861868 1.0950294 0.8961163 1.1691388 1.1979826 1.0748145 0.8516160 0.9901536 0.9790810 1.1011066 1.0375618 1.0521552 1.0114751 1.5576796 1.0033090 0.9110848 0.9587447 1.0122965 1.0261924 0.9864383 0.9606683 0.9926025 1.4950397 0.9852957 1.1192543 0.9049521 1.2784346 1.4006548 1.4662282 1.4499440 1.3899440 1.3829587 1.7291290 1.7453453 1.8255433 1.4474666 
Spur_XM_030998810.1                                              1.6647231 1.6268655 1.5703447 0.9377129 0.8929408 0.7795923 0.0000000 1.1868533 1.0496110 0.9959068 1.0435207 1.3553043 0.9996529 1.0559165 1.3779238 1.3663452 1.3401177 1.3401177 1.2707531 1.3135475 1.3699742 1.4576025 1.4477710 1.4315874 1.6289505 1.5982665 1.4861962 1.4561352 1.4658125 1.4658125 1.4428648 1.4428648 1.4924542 1.1608443 1.0354903 1.4733020 1.5106726 1.1822229 1.2633201 1.0523628 1.2145967 1.1671241 1.0648518 1.0032725 1.7685793 1.1804558 1.2581748 1.2395963 1.2181309 1.1948256 2.1786971 1.1596402 1.2000689 1.0735793 1.1049879 1.1122289 1.0591017 1.0367936 1.0603343 1.6819526 1.1608469 1.1826720 1.0849538 1.2910261 1.3970852 1.2573095 1.2429524 1.2848884 1.2234149 1.6671657 1.9705784 1.7319809 1.5747510 
Gasp_gasp1.m3.15736.m1                                           1.8411865 1.9017789 2.1483737 1.1942929 1.2928624 1.0249877 1.1868533 0.0000000 0.3525004 0.2572776 0.3733107 0.4408318 0.6559937 0.9018296 1.5106324 1.5025913 1.4992945 1.4992945 1.2259269 1.4206526 1.2443018 1.5170503 1.3745163 1.3745163 1.3023744 1.3023744 1.1151282 1.1151282 1.5312126 1.5312126 1.5152386 1.5152386 1.3244058 1.0684243 1.0213500 1.4452070 1.5643948 1.0843029 1.1646151 1.2061957 1.4262113 1.3584303 1.4114658 1.1395460 3.7304850 1.3715245 1.3760859 1.4109757 1.2144190 1.3165913 2.8982348 1.1463983 1.3633960 1.2354663 1.2908376 1.3125223 1.2763502 1.3133903 1.3636731 1.7474012 0.1917849 1.5081074 1.2508700 1.3994282 1.5647419 1.3649918 1.3397412 1.3617255 1.3533912 2.2264131 2.0608417 1.6796609 1.7172520 
Spis_XP_022787049_1                                              1.8246103 1.6421852 1.8053886 1.0147921 1.0849660 0.8722089 1.0496110 0.3525004 0.0000000 0.1028461 0.2603912 0.4877192 0.5939720 0.7742013 1.2578712 1.2460507 1.2439284 1.2439284 1.1136036 1.1773771 1.3485617 1.3042461 1.2729913 1.2585127 1.6428437 1.6110166 1.5203602 1.4885198 1.2189452 1.2189452 1.2171745 1.2171745 1.2039550 0.9672955 0.8535864 1.2615304 1.4181829 0.9959480 1.0096358 0.9582351 1.2410546 1.1999079 1.0957078 1.3193688 1.9760697 1.1475566 1.2674539 1.2490843 1.2803403 1.2191014 1.4200268 1.0410578 1.1468735 0.9932531 1.0534202 1.0616702 1.0270803 1.0450984 1.0813817 1.6000195 0.3982534 1.3816866 1.1938763 1.2163599 1.2899149 1.2761199 1.2613081 1.2647603 1.4689709 1.9659902 1.7676071 1.6050524 1.7217069 
Pocdam_XM_027193877.1                                            1.7802652 1.6145122 1.7648932 0.9396532 0.9838788 0.7999956 0.9959068 0.2572776 0.1028461 0.0000000 0.2249418 0.4067736 0.5381957 0.7022468 1.2413231 1.2254246 1.2234798 1.2234798 1.0843153 1.1420449 1.2088280 1.2771094 1.2031919 1.1898589 1.4126399 1.3864312 1.2745586 1.2488457 1.2118604 1.2118604 1.2018857 1.2018857 1.1072510 0.9197681 0.8641650 1.2339294 1.3477652 0.9699307 0.9705397 0.9178848 1.2234068 1.1325226 1.0222053 1.1251718 1.7750600 1.0829501 1.1721738 1.1489122 1.1750176 1.1238170 1.5212670 0.9837243 1.0390756 1.0030301 1.0517082 1.0577976 1.0556728 1.0285274 1.0752262 1.5601225 0.2962555 1.2800474 1.0557270 1.1679892 1.2641402 1.2370012 1.2216237 1.2135585 1.3252263 1.9191698 1.8040253 1.5055901 1.5791095 
Amil_Amillepora26118-RA                                          1.9254712 1.7223036 2.2522967 0.9358139 1.0913791 0.8693849 1.0435207 0.3733107 0.2603912 0.2249418 0.0000000 0.1824625 0.5889206 0.7728696 1.1820706 1.1573559 1.1561130 1.1561130 1.0318245 1.1242572 1.2216136 1.2796402 1.1856306 1.1705731 1.4496408 1.4160278 1.2967417 1.2635681 1.2200718 1.2200718 1.2257487 1.2257487 1.1731762 1.0418160 0.9495572 1.3194914 1.4486645 1.0614042 1.0449839 0.9815415 1.2299438 1.1854324 1.0922935 1.0613344 2.1490248 1.1855442 1.2446286 1.3168166 1.3034371 1.2422766 1.5813213 1.1078161 1.0752475 1.0132197 1.0281708 1.0431395 1.0197261 0.9983288 1.0716567 1.5245577 0.4744756 1.3368517 1.2124452 1.2639229 1.2914226 1.2041589 1.1870467 1.2059691 1.3881864 1.8459570 1.9430668 1.4440886 1.5287551 
Adig_XM_015912870.1                                              2.4330792 1.9946921 1.8770519 1.4208699 1.3162846 1.2223858 1.3553043 0.4408318 0.4877192 0.4067736 0.1824625 0.0000000 0.8416020 0.9487621 1.5918086 1.5676105 1.5528379 1.5528379 1.5399042 1.6035363 1.4292721 1.7991475 1.6476970 1.6186528 1.4515987 1.4171995 1.4515987 1.4171995 1.7089433 1.7089433 1.7369090 1.7369090 1.5810764 1.4398327 1.1787785 1.8019850 1.5671480 1.5503103 1.5356516 1.3226107 1.5466166 1.5182182 1.5747508 1.3652353 4.1824817 1.6292896 1.7520453 1.8427439 1.6470553 1.6613093 5.4129699 1.3452294 1.7701274 1.2989613 1.3769506 1.4049868 1.3354530 1.2669675 1.2669675 2.0256990 0.5449259 1.8428948 1.5006583 1.5742076 1.4757489 1.4921432 1.4771163 1.5455914 1.5103622 2.4001825 4.1948769 1.9817391 2.1328307 
Nvec_v1g239603                                                   1.7607141 1.7011281 1.6619391 0.9677028 1.0538246 0.7464372 0.9996529 0.6559937 0.5939720 0.5381957 0.5889206 0.8416020 0.0000000 0.8186706 1.2565992 1.2386169 1.2437366 1.2437366 1.0984904 1.2333360 1.3103997 1.2821624 1.2669572 1.2530047 1.4419740 1.4155315 1.3801281 1.3528274 1.2222319 1.2222319 1.2141707 1.2141707 1.1620536 0.9476351 0.8291621 1.2723791 1.2874104 1.0758388 1.1153746 0.9234671 1.1979716 1.2133528 1.1876035 1.0431464 1.3018411 1.0629206 1.1522263 1.1547961 1.2172544 1.1608731 1.8188366 1.1047764 1.0381038 1.0474068 1.0903442 1.1053354 1.1202297 1.0857277 1.0867596 1.5722215 0.6012048 1.3079172 1.0415716 1.2530990 1.3035164 1.3231152 1.3049828 1.2869826 1.5243560 1.8029861 1.8237178 1.6212594 1.6589911 
Dgig_XM_028548923.1                                              1.8745842 1.7000705 1.7469614 1.0848154 1.1264694 0.9180413 1.0559165 0.9018296 0.7742013 0.7022468 0.7728696 0.9487621 0.8186706 0.0000000 1.4195886 1.4116601 1.3940422 1.3940422 1.2144553 1.2683793 1.2927423 1.4265333 1.3850733 1.3697804 1.5260362 1.4975746 1.4319219 1.4030617 1.3681738 1.3681738 1.3694354 1.3694354 1.2919129 1.0968260 0.9655012 1.4083927 1.4576757 1.2947231 1.3345346 1.1204028 1.3052900 1.3494387 1.1779391 1.2387631 2.1918711 1.2727936 1.2303469 1.2809249 1.2350727 1.2137181 1.8049248 1.1262836 1.3377024 1.1710846 1.1878865 1.1965613 1.1823001 1.0847939 1.1557415 1.7235886 0.8842284 1.5267884 1.1838275 1.2364606 1.1837254 1.2279898 1.2073195 1.2086155 1.3991733 1.8686886 2.0008803 1.7156485 1.7702633 
Pbac_sb2660191                                                   1.9220344 1.8640056 2.1425459 1.3079170 1.3152148 1.2129174 1.3779238 1.5106324 1.2578712 1.2413231 1.1820706 1.5918086 1.2565992 1.4195886 0.0000000 0.0088575 0.0178420 0.0178420 0.3072189 0.3568359 0.2918468 0.3973666 0.4249157 0.4190758 0.4518847 0.4415201 0.4505854 0.4393885 0.3902726 0.3902726 0.3747270 0.3747270 0.4826333 0.5266986 0.4792546 0.6209110 0.5227460 1.4083632 1.5522778 1.4566026 1.3399561 1.3936184 1.3516487 1.2439135 1.3468986 1.3014024 1.5007519 1.4050848 1.4861077 1.4092842 2.0059181 1.4950773 1.4098699 1.4362209 1.4473604 1.4656571 1.4096905 1.4406269 1.4707059 0.9188497 1.3054531 1.5525854 1.5440392 1.7752779 1.6355904 1.6126080 1.5846752 1.5978662 1.7788202 2.0045773 1.7986440 2.2478221 1.7977266 
Pbac_sb2667081                                                   1.9232075 1.8485173 2.1198040 1.3094210 1.2990705 1.1963827 1.3663452 1.5025913 1.2460507 1.2254246 1.1573559 1.5676105 1.2386169 1.4116601 0.0088575 0.0000000 0.0148543 0.0148543 0.3011899 0.3414134 0.2825581 0.3814025 0.4146672 0.4088940 0.4416101 0.4313729 0.4394797 0.4284312 0.3770230 0.3770230 0.3614575 0.3614575 0.4681602 0.5227633 0.4830092 0.6114094 0.5179570 1.4170160 1.5496402 1.4524711 1.3155156 1.3763913 1.3165120 1.2223753 1.2853593 1.2989195 1.4798799 1.3774828 1.4618182 1.3869406 1.9846055 1.5194818 1.3949119 1.4288949 1.4400590 1.4583319 1.4024199 1.4221036 1.4528136 0.9312650 1.3082282 1.5661731 1.5162690 1.7571426 1.6105346 1.5869597 1.5594124 1.5758426 1.7670003 1.9846807 1.8137395 2.2267403 1.8103846 
Horcal_Hcv1.av93.c2.g1165.i1                                     1.8989096 1.8676119 2.1162244 1.3160616 1.3020158 1.1881841 1.3401177 1.4992945 1.2439284 1.2234798 1.1561130 1.5528379 1.2437366 1.3940422 0.0178420 0.0148543 0.0000000 0.0000010 0.2977742 0.3356525 0.2798136 0.3889143 0.4019138 0.3962486 0.4293615 0.4193125 0.4351358 0.4242076 0.3919654 0.3919654 0.3764360 0.3764360 0.4794882 0.5207524 0.4802176 0.6032613 0.5089669 1.4093728 1.5398525 1.4325656 1.3127114 1.3723324 1.3357176 1.2093674 1.2481381 1.2949238 1.4734433 1.3652331 1.4473428 1.3753658 1.9788958 1.4938485 1.4187549 1.4002100 1.4113264 1.4292732 1.3806760 1.4011955 1.4391016 0.9146614 1.3046298 1.5622616 1.5071411 1.7736727 1.6198605 1.5905413 1.5628620 1.5793440 1.7651815 2.0286437 1.8605492 2.2386125 1.8054114 
Horcal_Hcv1.av93.c2.g1165.i2                                     1.8989096 1.8676119 2.1162244 1.3160616 1.3020158 1.1881841 1.3401177 1.4992945 1.2439284 1.2234798 1.1561130 1.5528379 1.2437366 1.3940422 0.0178420 0.0148543 0.0000010 0.0000000 0.2977742 0.3356525 0.2798136 0.3889143 0.4019138 0.3962486 0.4293615 0.4193125 0.4351358 0.4242076 0.3919654 0.3919654 0.3764360 0.3764360 0.4794882 0.5207524 0.4802176 0.6032613 0.5089669 1.4093728 1.5398525 1.4325656 1.3127114 1.3723324 1.3357176 1.2093674 1.2481381 1.2949238 1.4734433 1.3652331 1.4473428 1.3753658 1.9788958 1.4938485 1.4187549 1.4002100 1.4113264 1.4292732 1.3806760 1.4011955 1.4391016 0.9146614 1.3046298 1.5622616 1.5071411 1.7736727 1.6198605 1.5905413 1.5628620 1.5793440 1.7651815 2.0286437 1.8605492 2.2386125 1.8054114 
Bolinf_Binf_sb1266241                                            1.7991662 1.7275905 1.9566971 1.1241157 1.1875211 1.0606033 1.2707531 1.2259269 1.1136036 1.0843153 1.0318245 1.5399042 1.0984904 1.2144553 0.3072189 0.3011899 0.2977742 0.2977742 0.0000000 0.0453595 0.0575252 0.1285951 0.2127213 0.2078970 0.2829079 0.2748022 0.2900711 0.2811418 0.1993015 0.1993015 0.1993015 0.1993015 0.2754123 0.4221026 0.3865334 0.4293534 0.4088390 1.3471767 1.4115749 1.2867471 1.2691545 1.2117472 1.0603694 1.1740978 1.4205050 1.1069566 1.1403582 1.1311613 1.2117592 1.1530486 0.8898768 1.3863501 1.1723665 1.2868898 1.2737875 1.2765461 1.2890513 1.2849252 1.3570353 0.8130339 1.3573317 1.4450386 1.3549497 1.3964922 1.4695163 1.3039087 1.2867423 1.3217126 1.7746085 2.1699256 1.2503711 1.9527989 1.5314388 
Mlei_ML0249.g4.i1                                                1.7906857 1.8275499 1.9775842 1.2296716 1.2393641 1.1441529 1.3135475 1.4206526 1.1773771 1.1420449 1.1242572 1.6035363 1.2333360 1.2683793 0.3568359 0.3414134 0.3356525 0.3356525 0.0453595 0.0000000 0.0000010 0.1473058 0.2353574 0.2309744 0.2571307 0.2493462 0.2692503 0.2606257 0.2033539 0.2033539 0.2033539 0.2033539 0.2871374 0.4144602 0.3833180 0.5121487 0.3943979 1.4420897 1.5193389 1.3274327 1.3685297 1.3506273 1.1909679 1.1970046 1.4597738 1.2682376 1.4467576 1.3666518 1.4315515 1.3627815 1.6861900 1.4270562 1.3308667 1.3587619 1.3351974 1.3378218 1.3467144 1.3560660 1.4085966 0.8731679 1.3366070 1.5625516 1.4498868 1.4996521 1.5620347 1.4055304 1.3890231 1.4227081 1.7931463 2.1448621 1.6691625 2.0597817 1.8753976 
Vmul_sbMO421657                                                  2.0420478 2.1647450 1.9775842 1.4791053 1.2849673 1.2323025 1.3699742 1.2443018 1.3485617 1.2088280 1.2216136 1.4292721 1.3103997 1.2927423 0.2918468 0.2825581 0.2798136 0.2798136 0.0575252 0.0000010 0.0000000 0.1402616 0.2436102 0.2355393 0.2436102 0.2355393 0.2462653 0.2378703 0.2111679 0.2111679 0.2111679 0.2111679 0.2658714 0.4456444 0.4004731 0.4070703 0.3832371 1.5393618 1.7488817 1.4679124 1.4620798 1.4050879 1.4347967 1.1970046 1.4597738 1.2540149 1.4788103 1.3223854 1.3370941 1.3370941 0.0000010 1.5629871 1.3823618 1.5406750 1.5306366 1.5360016 1.4581943 1.4984501 1.5140973 0.9828666 1.3721021 1.7899318 1.7327059 1.8196273 1.8263110 1.5545271 1.5279683 1.6382739 1.7931463 2.6022939 2.7153099 2.6934737 1.7932311 
Beraby_Baby_sb332793                                             1.8502067 1.7676855 2.2069527 1.2760567 1.3182211 1.2058388 1.4576025 1.5170503 1.3042461 1.2771094 1.2796402 1.7991475 1.2821624 1.4265333 0.3973666 0.3814025 0.3889143 0.3889143 0.1285951 0.1473058 0.1402616 0.0000000 0.2632779 0.2587485 0.2847182 0.2767383 0.2913172 0.2825175 0.2213916 0.2213916 0.2106317 0.2106317 0.3176855 0.4347495 0.4036868 0.5703008 0.4389416 1.5019340 1.5742646 1.4220239 1.4161113 1.4068031 1.3312284 1.2452905 1.5332911 1.2766762 1.5178049 1.4421084 1.5319700 1.4688531 1.9623054 1.5060140 1.3771963 1.4748810 1.4510048 1.4630862 1.4608236 1.4622186 1.4924571 0.9433957 1.4256208 1.6547382 1.5367741 1.6266964 1.5831499 1.5022011 1.4845369 1.5205978 1.8841204 2.1882443 1.6410322 2.1190676 1.9388242 
Drygla_Dgla_sb290882                                             1.8479252 1.7539044 2.2403126 1.3567342 1.3631153 1.3065873 1.4477710 1.3745163 1.2729913 1.2031919 1.1856306 1.6476970 1.2669572 1.3850733 0.4249157 0.4146672 0.4019138 0.4019138 0.2127213 0.2353574 0.2436102 0.2632779 0.0000000 0.0029519 0.0159527 0.0214447 0.0175366 0.0235927 0.3263782 0.3263782 0.3104913 0.3104913 0.3625345 0.4132215 0.3755535 0.5708642 0.4585195 1.4902322 1.5693280 1.3630971 1.4734282 1.3818005 1.3013482 1.2315931 1.4272346 1.3753891 1.4978925 1.4232791 1.5135192 1.4385031 1.8880190 1.5228546 1.3869139 1.4673284 1.4010509 1.3725650 1.4852989 1.5034943 1.5649522 0.9897509 1.4052783 1.6119758 1.5090250 1.5922445 1.6493023 1.4888478 1.4697552 1.5031210 1.9154017 2.1425196 1.5306079 2.0459312 1.8461210 
Drygla_Dgla_sb290883                                             1.8477491 1.7441430 2.2043160 1.3498787 1.3475940 1.2922729 1.4315874 1.3745163 1.2585127 1.1898589 1.1705731 1.6186528 1.2530047 1.3697804 0.4190758 0.4088940 0.3962486 0.3962486 0.2078970 0.2309744 0.2355393 0.2587485 0.0029519 0.0000000 0.0214447 0.0159985 0.0235927 0.0175920 0.3212712 0.3212712 0.3054893 0.3054893 0.3571660 0.4068514 0.3755535 0.5637060 0.4503020 1.4734247 1.5488183 1.3478679 1.4748511 1.3832602 1.3013482 1.2051038 1.4272346 1.3686030 1.4775943 1.4075808 1.4959909 1.4225540 1.8880190 1.5150271 1.3716945 1.4510279 1.3855265 1.3573714 1.4688501 1.4841191 1.5457592 0.9782707 1.4052783 1.6082833 1.5000703 1.5994492 1.6570087 1.4954871 1.4762862 1.5096786 1.9306919 2.1711012 1.5306079 2.0554568 1.8572019 
Drygla_Dgla_sb290884                                             2.1317804 2.1875648 2.2403126 1.7410081 1.5357291 1.5151774 1.6289505 1.3023744 1.6428437 1.4126399 1.4496408 1.4515987 1.4419740 1.5260362 0.4518847 0.4416101 0.4293615 0.4293615 0.2829079 0.2571307 0.2436102 0.2847182 0.0159527 0.0214447 0.0000000 0.0052278 0.0000010 0.0057521 0.3921121 0.3921121 0.3921121 0.3921121 0.3631135 0.5254860 0.5131562 0.5162973 0.4882967 1.7477755 2.0134639 1.6348676 1.6181752 1.4798229 1.7890703 1.2315931 1.4272346 1.5502088 1.6643918 1.4759272 1.4781357 1.5074059 6.2010978 1.8104695 1.6655128 1.8540496 1.7409566 1.7463327 1.8107719 1.6979940 1.8132080 1.2381212 1.5703033 2.0435262 1.8513844 1.9266025 2.1241161 1.7175854 1.6867667 1.8003981 1.9154017 2.6237495 3.7034410 2.9721229 1.9893495 
Drygla_Dgla_sb290886                                             2.1318717 2.1661511 2.2043160 1.7256551 1.5070968 1.4871748 1.5982665 1.3023744 1.6110166 1.3864312 1.4160278 1.4171995 1.4155315 1.4975746 0.4415201 0.4313729 0.4193125 0.4193125 0.2748022 0.2493462 0.2355393 0.2767383 0.0214447 0.0159985 0.0052278 0.0000000 0.0057521 0.0000010 0.3824022 0.3824022 0.3824022 0.3824022 0.3537961 0.5142566 0.5131562 0.5046327 0.4771078 1.7148105 1.9642048 1.6042152 1.6205151 1.4822304 1.7890703 1.2051038 1.4272346 1.5371869 1.6188057 1.4482868 1.4499704 1.4790845 6.2010978 1.7942377 1.6345589 1.8191470 1.7084509 1.7137430 1.7767190 1.6639649 1.7790647 1.2142226 1.5703033 2.0350283 1.8318561 1.9421721 2.1417357 1.7307274 1.6995951 1.8142790 1.9306919 2.6843158 3.7034410 2.9968318 2.0150590 
Drygla_Dgla_sb290885                                             1.9941573 2.1011858 2.2403126 1.6832469 1.4201125 1.3428367 1.4861962 1.1151282 1.5203602 1.2745586 1.2967417 1.4515987 1.3801281 1.4319219 0.4505854 0.4394797 0.4351358 0.4351358 0.2900711 0.2692503 0.2462653 0.2913172 0.0175366 0.0235927 0.0000010 0.0057521 0.0000000 0.0057375 0.4109631 0.4109631 0.4109631 0.4109631 0.3574344 0.5333644 0.5243887 0.5243585 0.5053066 1.6682516 1.9244083 1.5189551 1.5159645 1.4019490 1.5175257 1.1755986 1.4272346 1.4299415 1.5604377 1.4011408 1.4348016 1.4660920 3.1884719 1.7259958 1.5184626 1.6994306 1.6054667 1.6109803 1.6421848 1.6259885 1.6259885 1.1860674 1.4429844 1.9082715 1.7318754 1.7796833 2.0573778 1.6946629 1.6620086 1.7986768 1.9154017 2.5469750 4.8487865 2.7454724 1.5987804 
Drygla_Dgla_sb290887                                             1.9940516 2.0793327 2.2043160 1.6672852 1.3918228 1.3159862 1.4561352 1.1151282 1.4885198 1.2488457 1.2635681 1.4171995 1.3528274 1.4030617 0.4393885 0.4284312 0.4242076 0.4242076 0.2811418 0.2606257 0.2378703 0.2825175 0.0235927 0.0175920 0.0057521 0.0000010 0.0057375 0.0000000 0.4000702 0.4000702 0.4000702 0.4000702 0.3473598 0.5211500 0.5243887 0.5115604 0.4928944 1.6341354 1.8723155 1.4880738 1.5185266 1.4045533 1.5175257 1.1497196 1.4272346 1.4171698 1.5129478 1.3728867 1.4054060 1.4365079 3.1884719 1.7095242 1.4879700 1.6648161 1.5728923 1.5783105 1.6087504 1.5928010 1.5928010 1.1610043 1.4429844 1.8999740 1.7121746 1.7951116 2.0756781 1.7085892 1.6755770 1.8136384 1.9306919 2.6101382 4.8487865 2.7695843 1.6217734 
Bolinf_Binf_sb1266242                                            1.8519641 1.7441014 1.9063451 1.2329556 1.2658518 1.1932750 1.4658125 1.5312126 1.2189452 1.2118604 1.2200718 1.7089433 1.2222319 1.3681738 0.3902726 0.3770230 0.3919654 0.3919654 0.1993015 0.2033539 0.2111679 0.2213916 0.3263782 0.3212712 0.3921121 0.3824022 0.4109631 0.4000702 0.0000000 0.0000010 0.0000010 0.0000010 0.2943485 0.4602291 0.4101434 0.5864590 0.4534284 1.4259514 1.5361097 1.3543137 1.4179558 1.4481389 1.2885119 1.2670858 1.5994614 1.2894714 1.4830982 1.4067606 1.4938421 1.4208440 1.9458181 1.4664597 1.3607116 1.4444560 1.3932539 1.4286715 1.4332408 1.4085060 1.4562865 0.9553107 1.3341359 1.5684312 1.4512248 1.5435004 1.5708077 1.4331359 1.4164847 1.4162220 1.8090364 2.0154479 1.7186450 2.0579025 1.9476365 
Bolinf_Binf_sb1266243                                            1.8519641 1.7441014 1.9063451 1.2329556 1.2658518 1.1932750 1.4658125 1.5312126 1.2189452 1.2118604 1.2200718 1.7089433 1.2222319 1.3681738 0.3902726 0.3770230 0.3919654 0.3919654 0.1993015 0.2033539 0.2111679 0.2213916 0.3263782 0.3212712 0.3921121 0.3824022 0.4109631 0.4000702 0.0000010 0.0000000 0.0000010 0.0000010 0.2943485 0.4602291 0.4101434 0.5864590 0.4534284 1.4259514 1.5361097 1.3543137 1.4179558 1.4481389 1.2885119 1.2670858 1.5994614 1.2894714 1.4830982 1.4067606 1.4938421 1.4208440 1.9458181 1.4664597 1.3607116 1.4444560 1.3932539 1.4286715 1.4332408 1.4085060 1.4562865 0.9553107 1.3341359 1.5684312 1.4512248 1.5435004 1.5708077 1.4331359 1.4164847 1.4162220 1.8090364 2.0154479 1.7186450 2.0579025 1.9476365 
Bolinf_Binf_sb1266244                                            1.8386200 1.7311425 1.9063451 1.2110022 1.2510156 1.2020470 1.4428648 1.5152386 1.2171745 1.2018857 1.2257487 1.7369090 1.2141707 1.3694354 0.3747270 0.3614575 0.3764360 0.3764360 0.1993015 0.2033539 0.2111679 0.2106317 0.3104913 0.3054893 0.3921121 0.3824022 0.4109631 0.4000702 0.0000010 0.0000010 0.0000000 0.0000010 0.2709886 0.4602291 0.4101434 0.5667964 0.4534284 1.4244186 1.5365765 1.3502662 1.4182110 1.4442761 1.2840034 1.2670858 1.5994614 1.2894714 1.4554319 1.3843047 1.4981080 1.4234500 1.8991295 1.4537754 1.3254505 1.3911354 1.3719715 1.3746596 1.3888355 1.3905199 1.4394904 0.9493676 1.3341359 1.5458575 1.4547208 1.5048635 1.5708077 1.4221660 1.4053673 1.4227443 1.8090364 2.0139795 1.6844798 2.0196966 1.9037597 
Bolinf_Binf_sb1266245                                            1.8386200 1.7311425 1.9063451 1.2110022 1.2510156 1.2020470 1.4428648 1.5152386 1.2171745 1.2018857 1.2257487 1.7369090 1.2141707 1.3694354 0.3747270 0.3614575 0.3764360 0.3764360 0.1993015 0.2033539 0.2111679 0.2106317 0.3104913 0.3054893 0.3921121 0.3824022 0.4109631 0.4000702 0.0000010 0.0000010 0.0000010 0.0000000 0.2709886 0.4602291 0.4101434 0.5667964 0.4534284 1.4244186 1.5365765 1.3502662 1.4182110 1.4442761 1.2840034 1.2670858 1.5994614 1.2894714 1.4554319 1.3843047 1.4981080 1.4234500 1.8991295 1.4537754 1.3254505 1.3911354 1.3719715 1.3746596 1.3888355 1.3905199 1.4394904 0.9493676 1.3341359 1.5458575 1.4547208 1.5048635 1.5708077 1.4221660 1.4053673 1.4227443 1.8090364 2.0139795 1.6844798 2.0196966 1.9037597 
Lampan_Lpan_C409929_01                                           1.8808701 1.8748704 2.0522600 1.2686802 1.3476390 1.1949753 1.4924542 1.3244058 1.2039550 1.1072510 1.1731762 1.5810764 1.1620536 1.2919129 0.4826333 0.4681602 0.4794882 0.4794882 0.2754123 0.2871374 0.2658714 0.3176855 0.3625345 0.3571660 0.3631135 0.3537961 0.3574344 0.3473598 0.2943485 0.2943485 0.2709886 0.2709886 0.0000000 0.4059964 0.3759575 0.6116523 0.4830280 1.4269202 1.5090301 1.3665943 1.4277593 1.4919569 1.3533638 1.1969971 1.2764750 1.2199849 1.5171563 1.4305354 1.4654593 1.4037470 1.8133029 1.5088315 1.2958642 1.3958095 1.3753248 1.4222955 1.3960881 1.4329421 1.4811817 1.0379970 1.2451764 1.5405361 1.5440139 1.5435952 1.5219444 1.4360277 1.4176894 1.4386373 1.9143217 2.2477972 1.5856512 2.0293851 1.8419919 
Eupdun_Edun_sb10623285                                           1.6560992 1.5741166 1.9836195 1.1146888 1.2332128 0.9765263 1.1608443 1.0684243 0.9672955 0.9197681 1.0418160 1.4398327 0.9476351 1.0968260 0.5266986 0.5227633 0.5207524 0.5207524 0.4221026 0.4144602 0.4456444 0.4347495 0.4132215 0.4068514 0.5254860 0.5142566 0.5333644 0.5211500 0.4602291 0.4602291 0.4602291 0.4602291 0.4059964 0.0000000 0.0128939 0.5398941 0.5430057 1.3167521 1.3392260 1.0858229 1.1915993 1.1851802 1.0011287 1.2200443 1.3513106 1.1433273 1.0687658 1.0613001 1.0596652 1.0506195 0.9540469 1.2892287 1.0720105 1.0852960 1.0780179 1.0803573 1.0746231 1.1187528 1.1432758 0.9496184 1.2328376 1.3660254 1.2603678 1.3412927 1.3682108 1.3120784 1.2823898 1.2856282 1.8790501 2.1157171 1.3575327 1.9007852 1.4083626 
Eupdun_Edun_sb10623286                                           1.5548952 1.3978517 2.6321330 1.0250876 1.1582580 0.9582718 1.0354903 1.0213500 0.8535864 0.8641650 0.9495572 1.1787785 0.8291621 0.9655012 0.4792546 0.4830092 0.4802176 0.4802176 0.3865334 0.3833180 0.4004731 0.4036868 0.3755535 0.3755535 0.5131562 0.5131562 0.5243887 0.5243887 0.4101434 0.4101434 0.4101434 0.4101434 0.3759575 0.0128939 0.0000000 0.5366251 0.5280568 1.2124471 1.3048636 1.0737960 1.1556993 1.0949409 1.0011287 1.1423728 2.7268586 1.0896573 1.0225876 1.0613895 1.0708779 1.0261558 0.9540469 1.1101483 1.0553770 0.9261900 0.9244537 0.9271213 0.9635686 0.9602450 1.0113245 0.8892416 1.0869003 1.2057800 1.0551981 1.2021332 1.2587744 1.0605543 1.0419648 1.0917284 1.6324343 1.8139742 1.3575327 1.3958656 1.2755409 
Coemet_Cmet_C596403_01                                           1.7645330 1.9482213 1.8147583 1.3940342 1.3720385 1.2172032 1.4733020 1.4452070 1.2615304 1.2339294 1.3194914 1.8019850 1.2723791 1.4083927 0.6209110 0.6114094 0.6032613 0.6032613 0.4293534 0.5121487 0.4070703 0.5703008 0.5708642 0.5637060 0.5162973 0.5046327 0.5243585 0.5115604 0.5864590 0.5864590 0.5667964 0.5667964 0.6116523 0.5398941 0.5366251 0.0000000 0.0497299 1.5911126 1.6491574 1.3681948 1.4765298 1.4816232 1.2337877 1.5028978 2.0183509 1.3709445 1.4286407 1.4696420 1.4990682 1.4708285 1.7872812 1.5664497 1.4284334 1.4527505 1.4619251 1.4733474 1.4396127 1.5459103 1.6044459 0.8310035 1.2791450 1.5452735 1.6192550 1.6260730 1.6253578 1.5104118 1.4962501 1.5187205 1.9118884 2.2082637 1.8455997 1.8930799 1.7919717 
Coeast_Cast_sb814312                                             1.8853843 1.7926701 1.7792744 1.5202216 1.5077335 1.2644038 1.5106726 1.5643948 1.4181829 1.3477652 1.4486645 1.5671480 1.2874104 1.4576757 0.5227460 0.5179570 0.5089669 0.5089669 0.4088390 0.3943979 0.3832371 0.4389416 0.4585195 0.4503020 0.4882967 0.4771078 0.5053066 0.4928944 0.4534284 0.4534284 0.4534284 0.4534284 0.4830280 0.5430057 0.5280568 0.0497299 0.0000000 1.6604856 1.7394063 1.4674845 1.4758732 1.5268591 1.2872572 1.5063070 2.1474505 1.3338986 1.2979038 1.3990205 1.4127902 1.3626129 0.5802127 1.5361626 1.4944572 1.4146267 1.4644029 1.4673986 1.4411652 1.5239883 1.6106117 0.7929748 1.5149643 1.6503599 1.6705650 1.6897997 1.6323979 1.5593803 1.5403877 1.6123005 1.9551389 2.1423232 1.8796478 2.0837356 1.6485593 
Opea_EP00118_Oscarella_pearsei_P004722                           1.7759881 1.5086431 1.8103235 1.0862664 1.0016816 0.9861868 1.1822229 1.0843029 0.9959480 0.9699307 1.0614042 1.5503103 1.0758388 1.2947231 1.4083632 1.4170160 1.4093728 1.4093728 1.3471767 1.4420897 1.5393618 1.5019340 1.4902322 1.4734247 1.7477755 1.7148105 1.6682516 1.6341354 1.4259514 1.4259514 1.4244186 1.4244186 1.4269202 1.3167521 1.2124471 1.5911126 1.6604856 0.0000000 0.0254834 0.5382185 1.3015348 1.2824515 1.1923222 0.9885756 1.4503151 0.9630404 1.0294242 1.0178015 0.9906570 0.9986078 1.4995280 1.0435044 1.1294657 1.2220506 1.2278900 1.2495498 1.2490550 1.1548452 1.1942691 1.6214907 1.0776629 1.5091966 1.3849164 1.4431953 1.4309653 1.4985776 1.4799784 1.4749427 1.7768497 1.9657991 1.8947962 2.0029398 1.6388804 
Ocar_g4846                                                       1.8831807 1.5440367 1.8823740 1.2271588 1.1152119 1.0950294 1.2633201 1.1646151 1.0096358 0.9705397 1.0449839 1.5356516 1.1153746 1.3345346 1.5522778 1.5496402 1.5398525 1.5398525 1.4115749 1.5193389 1.7488817 1.5742646 1.5693280 1.5488183 2.0134639 1.9642048 1.9244083 1.8723155 1.5361097 1.5361097 1.5365765 1.5365765 1.5090301 1.3392260 1.3048636 1.6491574 1.7394063 0.0254834 0.0000000 0.5482252 1.3498521 1.3251536 1.2800764 1.1846953 2.0814325 1.0145418 1.1419583 1.0689395 1.0369888 1.0406468 1.4995280 1.0990975 1.2224921 1.2918855 1.2909769 1.3165970 1.3197023 1.2412988 1.2812132 1.6216963 1.0307088 1.6558217 1.2535651 1.4960175 1.4956187 1.5650043 1.5463080 1.5345353 1.9678202 2.0927154 1.8947962 1.9641232 1.7383339 
Plajan_Pjan_scaffold16933_01                                     1.5645149 1.5320914 1.4492843 0.9420259 0.9106982 0.8961163 1.0523628 1.2061957 0.9582351 0.9178848 0.9815415 1.3226107 0.9234671 1.1204028 1.4566026 1.4524711 1.4325656 1.4325656 1.2867471 1.3274327 1.4679124 1.4220239 1.3630971 1.3478679 1.6348676 1.6042152 1.5189551 1.4880738 1.3543137 1.3543137 1.3502662 1.3502662 1.3665943 1.0858229 1.0737960 1.3681948 1.4674845 0.5382185 0.5482252 0.0000000 1.1545113 1.2661154 1.0696248 0.7402642 1.0282679 0.8657148 1.0584514 0.9748524 0.9556183 0.9547101 1.5055724 0.8246483 0.9836760 1.1441758 1.1374744 1.1508622 1.1353106 1.0629845 1.0874944 1.4415049 0.9856142 1.3461251 1.0708079 1.4846830 1.5049634 1.4027774 1.3757804 1.3309425 1.6759608 1.9670820 1.6400152 1.9272946 1.6404176 
Aque_Aqu2.1.23214_001                                            1.7590648 1.6242890 1.8172882 1.2669670 1.2600013 1.1691388 1.2145967 1.4262113 1.2410546 1.2234068 1.2299438 1.5466166 1.1979716 1.3052900 1.3399561 1.3155156 1.3127114 1.3127114 1.2691545 1.3685297 1.4620798 1.4161113 1.4734282 1.4748511 1.6181752 1.6205151 1.5159645 1.5185266 1.4179558 1.4179558 1.4182110 1.4182110 1.4277593 1.1915993 1.1556993 1.4765298 1.4758732 1.3015348 1.3498521 1.1545113 0.0000000 0.3675695 0.7696778 0.8977892 1.4378028 0.9026154 1.0954883 1.0379183 1.0548908 1.0337586 1.5709424 1.1922523 1.3790647 1.2559930 1.2743250 1.2863046 1.2825678 1.2789026 1.3071187 1.7108952 1.3054114 1.5222839 1.4119739 1.6065152 1.6861917 1.6787248 1.6585366 1.6183060 1.7115299 2.0455075 1.9980519 2.0587926 1.8842746 
Halamb_c52123_g2_i6m.32216                                       1.5431027 1.5471180 1.7110835 1.3125984 1.3170343 1.1979826 1.1671241 1.3584303 1.1999079 1.1325226 1.1854324 1.5182182 1.2133528 1.3494387 1.3936184 1.3763913 1.3723324 1.3723324 1.2117472 1.3506273 1.4050879 1.4068031 1.3818005 1.3832602 1.4798229 1.4822304 1.4019490 1.4045533 1.4481389 1.4481389 1.4442761 1.4442761 1.4919569 1.1851802 1.0949409 1.4816232 1.5268591 1.2824515 1.3251536 1.2661154 0.3675695 0.0000000 0.6822956 0.8156919 1.2829903 0.9198908 1.0208708 0.9991948 1.0438666 0.9994281 1.3534103 1.1687862 1.2503429 1.3390093 1.3057062 1.3133946 1.3458759 1.2875669 1.3231254 1.7502286 1.2718959 1.4342375 1.3188142 1.5404615 1.6011302 1.7022473 1.6774143 1.5690117 1.6331836 1.9651749 1.8034465 1.9704728 1.7630893 
Xestes_augustus_masked-XT_scaffold1454-processed-gene-0.5-mRNA-1 1.4319829 1.5111738 2.6797839 1.3536160 1.2334635 1.0748145 1.0648518 1.4114658 1.0957078 1.0222053 1.0922935 1.5747508 1.1876035 1.1779391 1.3516487 1.3165120 1.3357176 1.3357176 1.0603694 1.1909679 1.4347967 1.3312284 1.3013482 1.3013482 1.7890703 1.7890703 1.5175257 1.5175257 1.2885119 1.2885119 1.2840034 1.2840034 1.3533638 1.0011287 1.0011287 1.2337877 1.2872572 1.1923222 1.2800764 1.0696248 0.7696778 0.6822956 0.0000000 0.9527864 6.6961357 0.8322254 0.9062197 0.9062197 0.9119322 0.8451968 1.0548458 1.0244358 1.2184300 1.1891337 1.1934325 1.1927487 1.2266029 1.1224475 1.1999894 1.4465087 1.3102768 1.3415526 1.3651332 1.5375027 1.5627041 1.3631840 1.3516794 1.3347607 1.9219830 2.0129019 1.4151862 1.7056991 1.4744273 
Stycar_maker-SC_scaffold2876-augustus-gene-0.7-mRNA-1            1.4814218 1.5434796 1.5450550 1.0534866 0.9777529 0.8516160 1.0032725 1.1395460 1.3193688 1.1251718 1.0613344 1.3652353 1.0431464 1.2387631 1.2439135 1.2223753 1.2093674 1.2093674 1.1740978 1.1970046 1.1970046 1.2452905 1.2315931 1.2051038 1.2315931 1.2051038 1.1755986 1.1497196 1.2670858 1.2670858 1.2670858 1.2670858 1.1969971 1.2200443 1.1423728 1.5028978 1.5063070 0.9885756 1.1846953 0.7402642 0.8977892 0.8156919 0.9527864 0.0000000 0.1716312 0.5777703 0.5353248 0.5157195 0.5303242 0.5388798 0.0000010 0.9747013 0.9835496 1.2759131 1.2436425 1.2436425 1.2196661 1.1153110 1.1264585 1.9180920 1.1457093 1.4037699 1.4775886 1.5354898 1.7059711 1.5456947 1.5298977 1.4986188 1.6553052 2.2650620 8.9999981 2.4198537 1.4669974 
Stycar_maker-SC_scaffold8497-augustus-gene-0.4-mRNA-1            2.3540822 2.8988099 1.7393413 1.2119220 1.4439340 0.9901536 1.7685793 3.7304850 1.9760697 1.7750600 2.1490248 4.1824817 1.3018411 2.1918711 1.3468986 1.2853593 1.2481381 1.2481381 1.4205050 1.4597738 1.4597738 1.5332911 1.4272346 1.4272346 1.4272346 1.4272346 1.4272346 1.4272346 1.5994614 1.5994614 1.5994614 1.5994614 1.2764750 1.3513106 2.7268586 2.0183509 2.1474505 1.4503151 2.0814325 1.0282679 1.4378028 1.2829903 6.6961357 0.1716312 0.0000000 0.8662490 2.6825164 0.7287703 0.8530812 0.8969816 0.0000010 2.0506287 1.1200061 2.2377406 2.0691584 2.0691584 1.9410323 1.9096791 1.9504683 2.0561044 2.1195747 2.5895405 2.2459564 2.4697681 2.5254669 2.1338022 2.1066663 2.0771277 2.5398429 4.0214860 9.0000000 6.0625078 9.0000000 
Plespi_Pspi_scaffold14494_01                                     1.4671495 1.4761515 1.6759662 1.0001976 1.0172257 0.9790810 1.1804558 1.3715245 1.1475566 1.0829501 1.1855442 1.6292896 1.0629206 1.2727936 1.3014024 1.2989195 1.2949238 1.2949238 1.1069566 1.2682376 1.2540149 1.2766762 1.3753891 1.3686030 1.5502088 1.5371869 1.4299415 1.4171698 1.2894714 1.2894714 1.2894714 1.2894714 1.2199849 1.1433273 1.0896573 1.3709445 1.3338986 0.9630404 1.0145418 0.8657148 0.9026154 0.9198908 0.8322254 0.5777703 0.8662490 0.0000000 0.6765703 0.6643828 0.6903727 0.6869831 1.0857013 0.8865405 1.0673579 1.1440829 1.1601184 1.1588379 1.1391241 1.1202586 1.1676940 1.6494993 1.1915718 1.4322137 1.1277077 1.4003529 1.3928806 1.4200267 1.3998448 1.3803762 1.5499338 1.9415472 1.7759843 1.9772377 1.5747836 
Spolac_c94863_g1_i1_m.10632c91187-g1                             1.5077570 1.6552384 2.1605859 1.2918340 1.1836259 1.1011066 1.2581748 1.3760859 1.2674539 1.1721738 1.2446286 1.7520453 1.1522263 1.2303469 1.5007519 1.4798799 1.4734433 1.4734433 1.1403582 1.4467576 1.4788103 1.5178049 1.4978925 1.4775943 1.6643918 1.6188057 1.5604377 1.5129478 1.4830982 1.4830982 1.4554319 1.4554319 1.5171563 1.0687658 1.0225876 1.4286407 1.2979038 1.0294242 1.1419583 1.0584514 1.0954883 1.0208708 0.9062197 0.5353248 2.6825164 0.6765703 0.0000000 0.0145956 0.1441732 0.1406792 1.0301794 0.9814786 1.3050416 1.1724529 1.1538720 1.1704210 1.1643590 1.1363219 1.1549682 1.7496418 1.2420022 1.3272164 1.2940729 1.5075861 1.4919808 1.4499615 1.4345348 1.4359215 1.5672121 1.8283978 1.9063490 1.7024973 1.7499342 
Spolac_c94863_g1_i2_m.10633c91187-g1                             1.5329020 1.6806447 1.5983553 1.2806496 1.1648917 1.0375618 1.2395963 1.4109757 1.2490843 1.1489122 1.3168166 1.8427439 1.1547961 1.2809249 1.4050848 1.3774828 1.3652331 1.3652331 1.1311613 1.3666518 1.3223854 1.4421084 1.4232791 1.4075808 1.4759272 1.4482868 1.4011408 1.3728867 1.4067606 1.4067606 1.3843047 1.3843047 1.4305354 1.0613001 1.0613895 1.4696420 1.3990205 1.0178015 1.0689395 0.9748524 1.0379183 0.9991948 0.9062197 0.5157195 0.7287703 0.6643828 0.0145956 0.0000000 0.1267904 0.1415727 1.0301794 1.0286438 1.2304588 1.2561683 1.2213140 1.2354276 1.2026801 1.1950426 1.2005941 1.7807103 1.2582594 1.4268347 1.3457709 1.4786067 1.4814280 1.5257186 1.4970779 1.4726346 1.6792784 1.9902761 1.9063490 1.9570465 1.8882418 
Emue_Em0011g484a.t1                                              1.5484230 1.6791090 1.5308501 1.2837504 1.1810108 1.0521552 1.2181309 1.2144190 1.2803403 1.1750176 1.3034371 1.6470553 1.2172544 1.2350727 1.4861077 1.4618182 1.4473428 1.4473428 1.2117592 1.4315515 1.3370941 1.5319700 1.5135192 1.4959909 1.4781357 1.4499704 1.4348016 1.4054060 1.4938421 1.4938421 1.4981080 1.4981080 1.4654593 1.0596652 1.0708779 1.4990682 1.4127902 0.9906570 1.0369888 0.9556183 1.0548908 1.0438666 0.9119322 0.5303242 0.8530812 0.6903727 0.1441732 0.1267904 0.0000000 0.0187195 1.0755900 1.0063699 1.1958706 1.3296107 1.3131490 1.3255976 1.3042284 1.2698315 1.2883523 1.6821826 1.2013762 1.4888379 1.3557870 1.5617249 1.5639098 1.5189682 1.4922396 1.4893705 1.7065653 2.0021958 1.8454206 2.0123229 2.0246701 
Emue_Em0435g6a.t1                                                1.5476408 1.6440917 1.6515439 1.2434080 1.1560641 1.0114751 1.1948256 1.3165913 1.2191014 1.1238170 1.2422766 1.6613093 1.1608731 1.2137181 1.4092842 1.3869406 1.3753658 1.3753658 1.1530486 1.3627815 1.3370941 1.4688531 1.4385031 1.4225540 1.5074059 1.4790845 1.4660920 1.4365079 1.4208440 1.4208440 1.4234500 1.4234500 1.4037470 1.0506195 1.0261558 1.4708285 1.3626129 0.9986078 1.0406468 0.9547101 1.0337586 0.9994281 0.8451968 0.5388798 0.8969816 0.6869831 0.1406792 0.1415727 0.0187195 0.0000000 0.8480864 1.0041738 1.1841990 1.3118414 1.2886168 1.3004094 1.3005287 1.2576367 1.2758254 1.6416270 1.2949659 1.4348952 1.3399743 1.4967970 1.5257451 1.4936725 1.4819206 1.4620913 1.8116187 1.9568676 1.8612368 1.9841874 1.9548364 
