88
Pbac_sb2644107                                        0.0000000 0.0000010 0.0000010 0.1699919 0.1470595 0.2548632 0.0000010 0.0000010 0.0000010 0.1868732 0.0000010 0.0000010 0.0000010 0.0000010 0.1454211 0.0000010 0.0000010 0.0000010 0.0000010 0.0000010 0.0000010 0.1657845 0.0000010 0.0000010 0.2026319 0.0000010 0.0000010 0.7374343 0.0000010 0.9151454 0.7869400 1.0208000 0.9812886 0.8171775 0.7074606 0.9514622 0.6265064 0.7127419 0.7984490 0.7881369 0.7546794 0.7161133 0.7672324 0.7323448 0.7672324 0.6693130 0.6816459 0.2779952 0.2779952 0.8048924 0.9120716 0.5775544 0.5775544 0.5844276 0.5758558 0.5758558 0.5836939 1.0083057 0.9832607 0.9423069 0.9261573 0.0000010 1.0433085 1.0226973 3.5946129 2.1531950 0.0000010 0.0000010 0.0000010 0.9403315 0.9542969 0.7834431 0.8122343 0.8829496 0.0000010 0.8231958 0.8172206 0.7074362 0.4735291 0.0000010 0.0000010 7.1903857 7.1903857 0.0000010 0.0000010 1.3923339 0.0000010 0.0000010 
Horcal_Hcv1.av93.c6.g753.i1                           0.0000010 0.0000000 0.0039758 0.1284988 0.2739822 0.2659138 0.6293723 0.1100054 0.1187264 0.5016146 0.0217034 0.0175742 0.2512500 0.3457181 0.4613431 0.6845553 0.6955974 0.4594464 0.4772769 0.4717009 0.5388526 0.1549949 0.4399094 0.9516464 0.5130860 0.2997778 0.7143706 1.7202966 0.8885680 1.7628092 1.6765378 1.7101812 1.8251879 1.7107026 1.3922326 1.7918937 0.6048492 1.9018153 1.8164501 1.2761269 1.3624873 1.9866848 1.1495118 1.8353126 2.0715369 2.0626667 1.8561106 1.9149510 1.9226379 1.1213379 2.0373548 1.1885004 1.7382507 1.8755811 1.8266388 1.8266388 1.8752835 1.9865894 0.9803487 1.0988537 1.2260432 1.9316057 1.8549105 1.8840192 2.6754099 5.1168360 1.3743824 1.9784799 2.3549216 1.8883194 1.9101239 1.9587086 2.0093541 1.9858178 1.5600000 1.7437813 2.0157305 1.9364306 2.0032406 3.1047983 1.0346714 2.6675182 2.8443645 1.7813947 2.0133448 1.4115579 1.8544244 2.1202336 
Pbac_sb2653076                                        0.0000010 0.0039758 0.0000000 0.1279539 0.1214290 0.1214290 0.0000010 0.1010771 0.1175324 0.1468155 0.0438996 0.0000010 0.1474908 0.1282050 0.1436768 0.0000010 0.0000010 0.0000010 0.0000010 0.1010744 0.0000010 0.1350781 0.1683354 9.0000000 0.1602093 0.1377993 0.7143706 0.5329822 1.0023499 0.5834686 0.5535178 0.5627638 0.5867978 0.5827955 0.5118474 0.5713830 0.5907674 0.6097261 0.6538494 0.6329009 0.5951888 0.6220047 0.6462371 0.6097532 0.7102229 0.7091551 0.6371043 0.5885846 0.6812278 0.5690743 0.5495224 0.6865864 0.6865864 0.6888022 0.6870970 0.6870970 0.6866028 0.7078082 0.9909954 0.7055425 0.7077115 0.0000010 0.6611704 0.6766342 2.0250461 0.0000010 0.0000010 0.7520171 0.8102790 0.6590100 0.6711429 0.7639084 0.7623290 0.7610268 0.7123463 0.7218803 0.7469047 0.7899793 0.5309585 0.0000010 0.0000010 3.4344587 8.1769497 0.0000010 1.5907625 1.4955891 0.0000010 0.0000010 
Lampan_Lpan_C404375_01                                0.1699919 0.1284988 0.1279539 0.0000000 0.0510689 0.0399209 0.0000010 0.0727131 0.0727131 0.0770247 0.1729562 0.0000010 0.1637742 0.0729830 0.0739789 0.0000010 0.0000010 0.0000010 0.0000010 0.0762314 0.0000010 0.0581031 0.0966227 9.0000000 0.0706114 0.0000010 0.7408193 0.5165466 1.0203223 0.5976365 0.5473419 0.5913139 0.5924827 0.5562486 0.5099112 0.5951751 0.5958535 0.5478632 0.6131168 0.6531758 0.6125626 0.6228517 0.5686493 0.5618762 0.6204955 0.6122433 0.5774785 0.4979852 0.5711374 0.5637922 0.5361081 0.6078246 0.6078246 0.6097099 0.5958452 0.5958452 0.5821752 0.6417529 0.9660493 0.7014588 0.6925989 0.0000010 0.6369241 0.6454685 3.1314834 1.5818428 0.0000010 0.5686804 0.6971198 0.6832773 0.7312279 0.6482708 0.6794758 0.6652509 0.6952741 0.6753309 0.6944391 0.7591280 0.5033386 0.0000010 0.0000010 3.3997955 8.2437769 0.0000010 1.4392379 1.3840013 0.0000010 0.0000010 
Mertsp_Mesp_sb580264                                  0.1470595 0.2739822 0.1214290 0.0510689 0.0000000 0.0014641 0.0058278 0.0771357 0.0854648 0.2938664 0.3147696 0.4003459 0.1596817 0.2429833 0.2237250 0.5879246 0.5979846 0.2793553 0.3320119 0.2188038 0.4131114 0.0883259 0.3389035 0.9117289 0.2997126 0.1991230 0.7965167 1.2650279 0.8597076 1.3027684 1.1674974 1.3278475 1.3617465 1.3456184 1.3364261 1.3635525 0.5945819 1.3874015 1.3759556 1.2294363 1.2422004 1.5691894 1.1156288 1.4976325 1.6277887 1.7306645 1.5271146 1.4305304 1.5860210 1.0667015 1.5076011 1.1291557 1.3715915 1.4129800 1.3686921 1.3686921 1.3725324 1.4848510 0.9383693 1.0704458 1.2049651 1.8144216 1.4990265 1.4992251 2.3232330 1.9032797 1.2402672 1.6728882 1.7400925 1.5223446 1.5247741 1.5711995 1.6424925 1.6277657 1.5175825 1.3888308 1.5612859 1.5355916 1.4524975 2.5348659 0.7761729 2.3707951 2.4797419 1.6597617 1.6989085 1.4567229 1.7456598 2.0208324 
Bolinf_Binf_sb1237115                                 0.2548632 0.2659138 0.1214290 0.0399209 0.0014641 0.0000000 0.0000010 0.0771357 0.0854648 0.2620135 0.2943748 0.3810005 0.1596817 0.2432940 0.2093675 0.5879246 0.5963105 0.2729401 0.3355547 0.2080283 0.4306935 0.0843607 0.3055711 0.9579751 0.2724312 0.1991230 0.7965167 1.1207026 0.8597076 1.2450902 1.1041024 1.2067036 1.2166719 1.2113521 1.3380579 1.2074553 0.5959567 1.1674531 1.2719331 1.2507538 1.2759639 1.4024694 1.1562506 1.3493260 1.4391637 1.5802101 1.3880762 1.2466503 1.3935106 1.0957592 1.3787578 1.1833980 1.2913998 1.2970501 1.2698691 1.2698691 1.2545550 1.2985754 0.9075759 1.0754043 1.2183164 1.8144216 1.3182278 1.2962337 1.9091829 0.0000010 1.2402672 1.4229249 1.4508276 1.3944621 1.3917365 1.3967677 1.4716388 1.4480795 1.4826056 1.4457644 1.4031103 1.3247147 1.2279800 2.1383770 0.7761729 2.3017451 2.4016759 1.6597617 1.6989085 1.4977869 1.4671431 1.7108316 
Bolinf_Binf_sb1237116                                 0.0000010 0.6293723 0.0000010 0.0000010 0.0058278 0.0000010 0.0000000 0.0000010 0.0000010 0.6270425 0.6298110 0.6304413 0.0000010 0.5551841 0.5171815 0.5211880 0.5710060 0.4330027 0.4330027 0.4579425 0.4579425 0.0000010 0.7772993 0.8383812 0.7435762 0.0000010 0.0000010 2.8165924 0.0000010 3.7518726 2.8139023 3.6175027 4.0126045 3.4850715 3.5704311 2.8255669 0.0000010 2.7105880 2.9913943 4.7733864 3.5132132 4.2920101 3.9552187 3.8437707 3.8209717 3.6798210 3.9459085 3.1596110 3.9496633 4.1118156 4.3057772 2.7249456 2.3714244 2.4942012 2.3965582 2.3965582 2.3772463 2.5305532 0.0000010 6.3317188 2.7616451 0.0000010 3.1449492 3.0296454 3.0960973 0.0000010 5.0040069 3.2410653 2.9641606 3.4819795 3.1800387 3.2544516 3.7558345 4.2353760 4.3292344 3.3373662 3.5589246 2.8710150 3.5401067 3.2458333 0.9322419 3.9772003 3.9772003 0.6588599 0.0000010 0.7567326 1.7793075 1.7793075 
Bolinf_Binf_sb1219499                                 0.0000010 0.1100054 0.1010771 0.0727131 0.0771357 0.0771357 0.0000010 0.0000000 0.0141533 0.0930469 0.1100054 0.0000010 0.1220743 0.0598387 0.0521639 0.0000010 0.0000010 0.0000010 0.0000010 0.0290192 0.0000010 0.0000010 0.0993671 0.0000010 0.0981408 0.1377993 0.6580270 0.4737136 0.6208388 0.5030847 0.5210974 0.4966719 0.5324833 0.4896575 0.4852046 0.5123817 0.5638647 0.5312100 0.5652478 0.6441329 0.5891431 0.5784086 0.5811860 0.5836220 0.6893860 0.6151189 0.6151189 0.5923810 0.6488489 0.5210645 0.4804604 0.6084905 0.6084905 0.6090352 0.5981274 0.5981274 0.5981274 0.6090821 1.8088192 0.7566332 0.7958643 0.0000010 0.5876968 0.6171656 1.2822474 0.0000010 0.0000010 0.7376648 0.7982008 0.5876065 0.6075183 0.5952389 0.5948987 0.5775677 0.7211384 0.6334314 0.6556859 0.7411341 0.4982165 0.0000010 0.0000010 1.8876406 0.0000010 0.0000010 2.5662276 0.7889881 0.0000010 0.0000010 
Bolinf_Binf_sb1219500                                 0.0000010 0.1187264 0.1175324 0.0727131 0.0854648 0.0854648 0.0000010 0.0141533 0.0000000 0.1016249 0.1187264 0.0000010 0.1421602 0.0679065 0.0601420 0.0000010 0.0000010 0.0000010 0.0000010 0.0365924 0.0000010 0.0000010 0.1078764 0.0000010 0.1072503 0.3147102 0.6580270 0.4866416 0.6430098 0.5163120 0.5342135 0.5096929 0.5458630 0.5026149 0.4979423 0.5260369 0.5774769 0.5456863 0.5785603 0.6494537 0.5941192 0.5832685 0.5951707 0.5979345 0.7056084 0.6296807 0.6296807 0.6064635 0.6638598 0.5345957 0.4935875 0.6222659 0.6222659 0.6228114 0.6118614 0.6118614 0.6118614 0.6228532 1.8088192 0.7719538 0.8113539 0.0000010 0.6015563 0.6312850 1.4461900 0.0000010 0.0000010 0.7604491 0.8157671 0.6040169 0.6244908 0.6094733 0.6092038 0.5917037 0.7363330 0.6478457 0.6702736 0.7569870 0.5110933 0.0000010 0.0000010 1.8876406 0.0000010 0.0000010 2.5662276 0.7889881 0.0000010 0.0000010 
Vmul_SimC406998                                       0.1868732 0.5016146 0.1468155 0.0770247 0.2938664 0.2620135 0.6270425 0.0930469 0.1016249 0.0000000 0.5598429 0.7106015 0.2781260 0.3753721 0.5036471 0.8538441 0.8864435 0.5120258 0.6133262 0.4457436 0.6401900 0.1241394 0.2138504 0.6595744 0.2418693 0.2264431 0.7937349 1.5723833 0.8900580 1.7476862 1.6154860 1.6937105 1.7810881 1.6916215 1.3917831 1.6493505 0.6327545 1.8105974 1.7607370 1.2525175 1.3181408 1.9301301 1.1724787 1.8840166 2.0725250 2.1540011 1.9053766 2.0047588 1.9134410 1.1590211 2.0004329 1.1668044 1.7248682 1.9244020 1.8798295 1.8798295 1.9047929 2.0297923 1.0244416 1.0822709 1.2358413 1.6351720 1.8287160 1.8459263 2.6780473 5.1946671 1.2645079 2.0031544 2.2371326 1.9433872 1.8690011 1.9243295 1.9885742 1.9879399 1.4788862 1.6431755 1.9852447 1.9344839 1.8980317 2.8906833 0.8075954 2.3974175 2.5583183 1.5629859 1.6954118 1.4077522 1.8371414 2.0199110 
Pbac_sb2662482                                        0.0000010 0.0217034 0.0438996 0.1729562 0.3147696 0.2943748 0.6298110 0.1100054 0.1187264 0.5598429 0.0000000 0.0173243 0.2514326 0.3496050 0.5226677 0.6999108 0.7123586 0.4618084 0.4805378 0.4704444 0.5314318 1.1560116 0.4537898 0.8911569 0.5665980 0.3004867 0.8529104 1.8844223 0.9462612 1.9222725 1.8344582 1.8712936 1.9818191 1.9162197 1.6088543 1.9702171 0.6526664 2.0355917 1.9972785 1.4802165 1.5848634 2.2756046 1.3246220 2.0805444 2.3521947 2.2682997 2.1060129 2.1221097 2.1735951 1.2370535 2.2530559 1.3524374 1.9612337 2.1158716 2.0740465 2.0740465 2.1021596 2.1475984 0.4094806 1.1968987 1.3614555 1.9538583 2.0547653 2.0886084 2.7623864 5.5389974 1.3826497 1.9659107 2.3652127 2.0835788 2.0770327 2.1553729 2.2128420 2.2353280 1.6109995 1.9978428 2.2225122 2.1835608 2.2356033 3.1871667 1.0283886 2.4729018 2.6263154 1.8066474 2.0813945 0.7744242 1.8714476 2.1403027 
Pbac_sb2653077                                        0.0000010 0.0175742 0.0000010 0.0000010 0.4003459 0.3810005 0.6304413 0.0000010 0.0000010 0.7106015 0.0173243 0.0000000 0.2965224 0.4553599 0.6490951 0.7041459 0.7156957 0.4675826 0.4839749 0.5820351 0.5330949 1.1885261 0.6086847 0.8835817 0.7061451 0.3213118 0.0000010 2.6205648 0.5585315 2.7265870 2.5340952 2.5076479 2.7476044 2.5597332 2.4758024 2.6123706 0.6794340 2.7744309 2.6829985 2.2035846 2.2284447 3.0407505 1.8869680 2.7469988 3.2088843 2.9693093 2.7846851 2.9056790 2.8188188 1.8681359 3.3457541 1.9688240 2.7829659 2.8176684 2.7185453 2.7185453 2.8050458 2.8630737 0.0000010 1.6558819 1.8045040 1.9662040 2.7049872 2.7314345 2.7055386 5.5727471 1.3872508 2.3207934 2.6919239 2.8078424 2.8476089 2.8423927 3.0544934 2.8958340 2.3107178 2.9783047 3.0402671 2.8499342 3.4976209 3.0801428 1.0320624 2.6390219 2.7803269 1.7892635 2.1530017 0.7567326 1.8691271 2.1078521 
Mertsp_Mesp_sb555950                                  0.0000010 0.2512500 0.1474908 0.1637742 0.1596817 0.1596817 0.0000010 0.1220743 0.1421602 0.2781260 0.2514326 0.2965224 0.0000000 0.0033037 0.0066505 0.0000010 0.0000010 0.1885430 0.2299031 0.1703580 0.2634518 1.0494607 0.2736255 0.0000010 0.2718060 0.2686918 0.0000010 1.0664336 0.6383161 1.0564131 1.0024586 1.0532946 1.0656652 1.0331916 1.4474915 1.1162361 0.7575006 1.1940110 1.1815783 1.4437349 1.3798666 1.3840960 1.3208156 1.3004306 1.3818103 1.4361811 1.2775760 1.2294152 1.2088256 1.2319223 1.3538035 1.3986199 1.4008465 1.4117664 1.3503278 1.3503278 1.3480828 1.3675236 0.0000010 1.3156739 1.2734707 1.6185054 1.1551752 1.1344735 1.1698620 0.0000010 1.1376525 0.9744377 0.9824082 1.1929786 1.1877658 1.4043893 1.4528217 1.3060493 1.3179721 1.4986298 1.3601718 1.3043767 1.3114256 1.3215883 0.7015149 1.6556480 1.6569111 1.6548139 1.9645735 0.7378977 1.0962589 1.4178070 
Bolinf_Binf_sb1227500                                 0.0000010 0.3457181 0.1282050 0.0729830 0.2429833 0.2432940 0.5551841 0.0598387 0.0679065 0.3753721 0.3496050 0.4553599 0.0033037 0.0000000 0.0123702 0.0135176 0.0155118 0.3104327 0.3839408 0.2384964 0.4952051 0.6653758 0.4108236 1.2453462 0.4154798 0.2644702 0.6580270 1.4352601 0.6246346 1.4625614 1.3430663 1.3672841 1.4761323 1.4517847 1.6385778 1.4325601 0.6249144 1.3318723 1.4833175 1.5179589 1.5997017 1.7352157 1.3310965 1.5443641 1.7386568 1.6374061 1.5689593 1.4613656 1.5671370 1.2411626 1.7082623 1.3309197 1.5386773 1.5446553 1.4823300 1.4823300 1.4744534 1.5140768 0.4094806 1.2191939 1.3899379 1.6185054 1.4878888 1.4953504 1.9433168 0.0000010 1.2073074 1.5550092 1.5050120 1.6182780 1.5670416 1.6003405 1.7663899 1.6600475 1.6383186 1.6340424 1.6009918 1.5624226 1.5469798 2.2950033 0.7395106 2.2942062 2.3833919 1.8258614 1.9744650 0.5764218 1.5118688 1.7309601 
Beraby_Baby_sb350373                                  0.1454211 0.4613431 0.1436768 0.0739789 0.2237250 0.2093675 0.5171815 0.0521639 0.0601420 0.5036471 0.5226677 0.6490951 0.0066505 0.0123702 0.0000000 0.0134953 0.0260795 0.3434681 0.4061576 0.3464406 0.4813454 0.1052642 0.4266584 1.1031161 0.5159426 0.2660848 0.8361309 1.7101237 0.8696150 1.7377280 1.6621676 1.7758536 1.8520530 1.7075915 1.4674991 1.7905257 0.6355882 1.8531529 1.8062225 1.3046866 1.4241781 1.9901911 1.1631034 1.8234037 2.0909156 1.9973262 1.8429100 1.9490366 1.9134660 1.1116943 2.0404948 1.1608666 1.6981733 1.8826316 1.8036292 1.8036292 1.8394477 1.9657754 0.9628202 1.0960377 1.2347596 1.6185054 1.8288879 1.8622581 2.7043282 5.1139694 1.2930339 2.0231515 2.3222980 1.9630619 1.9036452 1.9350707 2.1382264 2.0028588 1.5109947 1.6273754 2.0175954 1.9527025 1.9797927 3.0064267 0.8836307 2.6840004 2.8107537 1.8465599 1.7374938 1.3931666 1.8300957 2.0777687 
Drygla_Dgla_sb274038                                  0.0000010 0.6845553 0.0000010 0.0000010 0.5879246 0.5879246 0.5211880 0.0000010 0.0000010 0.8538441 0.6999108 0.7041459 0.0000010 0.0135176 0.0134953 0.0000000 0.0067479 0.4483542 0.4483542 0.4708725 0.4708725 0.0000010 1.0339175 1.0222646 1.0340204 0.0000010 0.0000010 3.4433513 0.0000010 3.5372246 2.9192230 2.9406194 3.7241286 3.9864372 3.7393768 2.7558616 0.0000010 2.7309353 2.6745805 4.5968267 3.7598415 4.2982425 4.1637230 3.1728517 3.4219475 2.8655685 3.1466309 3.1206126 3.1798996 3.6562404 3.8895113 2.9261151 2.6701176 2.5308868 2.4587163 2.4587163 2.5370601 2.7066558 0.0000010 4.3144475 2.6827954 0.0000010 3.2452295 3.3138211 3.3397486 0.0000010 4.6721666 3.5535688 2.7677453 3.5297580 3.4296009 2.8316438 3.8586598 3.9785994 3.7060954 3.3087673 3.1224993 2.9903328 3.1565602 3.4824538 3.2088009 3.7578586 3.7578586 2.4804705 0.0000010 0.3523239 1.5462705 1.5462705 
Mertsp_Mesp_sb555949                                  0.0000010 0.6955974 0.0000010 0.0000010 0.5979846 0.5963105 0.5710060 0.0000010 0.0000010 0.8864435 0.7123586 0.7156957 0.0000010 0.0155118 0.0260795 0.0067479 0.0000000 0.4625458 0.4625458 0.5101538 0.5101538 0.0000010 1.0922610 1.2271538 1.0923607 0.2989955 0.0000010 3.7207919 0.0000010 3.9005567 3.2904584 3.3553073 3.9549182 4.0751896 3.8532201 3.3107242 0.0000010 2.9729424 3.3519244 4.3896924 3.7939140 4.6443803 3.4137245 3.2792300 3.6826528 3.2654150 3.4893809 3.1695935 3.3630564 3.1130179 4.5514068 2.6413582 2.8619466 2.8744938 2.7604749 2.7604749 2.7038300 2.8681675 0.0000010 3.3662667 2.6769706 0.0000010 3.7019343 3.8031914 3.8739152 0.0000010 3.5053429 3.8334103 3.4298938 4.1468321 3.6171816 3.3091242 4.0834930 4.3943623 4.1077170 3.2477458 3.3985447 3.1109593 3.9849167 3.8978160 1.1079169 3.8356913 3.8356913 2.7844742 0.0000010 0.3523239 1.8931145 1.8931145 
Bolinf_Binf_sb1245431                                 0.0000010 0.4594464 0.0000010 0.0000010 0.2793553 0.2729401 0.4330027 0.0000010 0.0000010 0.5120258 0.4618084 0.4675826 0.1885430 0.3104327 0.3434681 0.4483542 0.4625458 0.0000000 0.0000010 0.1214427 0.1522965 0.6472229 0.5477818 0.8385007 0.5503672 0.2722089 0.0000010 2.1940455 0.0000010 2.3326276 1.9222654 2.2799702 2.4880500 2.3129236 2.6928117 2.3280850 0.6880869 2.3340547 2.3170719 2.1623051 2.0802138 2.8462865 1.8682461 2.5967218 3.0198248 2.8701928 2.6101076 2.4911360 2.7066278 1.7252840 2.8188301 1.8901237 2.3094692 2.4512842 2.3045590 2.3045590 2.3306498 2.4018841 0.0000010 1.5426602 1.6240395 1.5563991 2.4539952 2.4013113 2.4205245 1.7132805 1.1946685 2.0867488 2.1354229 2.4113672 2.4959117 2.4695887 3.0177928 2.6677477 2.1670044 2.4001855 2.3956532 2.6218311 3.2881084 2.4056735 0.7210523 2.4058462 2.4183001 1.7366967 1.8138956 0.7567326 1.6887995 1.8817675 
Mertsp_Mesp_sb562397                                  0.0000010 0.4772769 0.0000010 0.0000010 0.3320119 0.3355547 0.4330027 0.0000010 0.0000010 0.6133262 0.4805378 0.4839749 0.2299031 0.3839408 0.4061576 0.4483542 0.4625458 0.0000010 0.0000000 0.1373531 0.1522965 0.0000010 0.6597303 0.8281494 0.6631703 0.2606098 0.0000010 2.7717921 0.0000010 2.9485447 2.3407860 2.9041450 3.3396349 2.9357191 3.1594927 2.8948995 0.0000010 3.1127115 2.9633517 2.7822398 2.5691293 3.8532633 2.1316782 3.0893895 3.5540832 3.4810120 3.0848959 3.0067550 3.3026501 1.8864680 3.4558418 2.0818088 2.6088408 2.7795670 2.6338774 2.6338774 2.6196878 2.7446209 0.0000010 1.6087435 1.7277624 1.6568389 3.0055221 2.9477858 2.9771222 1.5269539 1.1999089 2.6498567 2.7494668 2.7965394 2.8816670 3.0086244 3.2693851 3.2888268 2.4684144 2.7689548 2.8239420 3.1654117 4.5881196 2.9618668 0.5934346 3.0137293 3.0137293 2.2615968 1.3035107 0.7567326 1.7026466 1.7363884 
Mlei_ML0079.g2.i1                                     0.0000010 0.4717009 0.1010744 0.0762314 0.2188038 0.2080283 0.4579425 0.0290192 0.0365924 0.4457436 0.4704444 0.5820351 0.1703580 0.2384964 0.3464406 0.4708725 0.5101538 0.1214427 0.1373531 0.0000000 0.0000010 0.8569560 0.3661136 0.7975626 0.4586946 0.2199338 0.7873421 1.8060869 0.8862782 1.9271576 1.7551428 1.9427733 1.9836950 1.8330600 1.7339981 1.8927363 0.5990504 1.8889785 1.8701338 1.3694804 1.5147214 2.1010335 1.2543813 2.0330179 2.3226482 2.1957872 2.0539463 2.1764864 2.1416179 1.1831819 2.1274691 1.2576542 1.8275887 2.0338574 1.9796691 1.9796691 1.9884105 2.0130552 0.4094806 1.1301315 1.2518180 1.5339679 2.0092143 2.0111200 2.5875905 5.8783236 1.2971375 1.8853923 2.1977197 2.0544288 2.0485633 2.0472930 2.2850493 2.1192871 1.5110380 1.8598642 2.1676438 2.1307416 2.2013420 2.8288426 0.7950503 2.3565986 2.4809298 1.7499376 1.9052681 0.7744242 1.6703009 1.9056047 
Vmul_sbMO430152                                       0.0000010 0.5388526 0.0000010 0.0000010 0.4131114 0.4306935 0.4579425 0.0000010 0.0000010 0.6401900 0.5314318 0.5330949 0.2634518 0.4952051 0.4813454 0.4708725 0.5101538 0.1522965 0.1522965 0.0000010 0.0000000 0.0000010 0.7562088 0.7779612 0.7457346 0.0666201 0.0000010 3.4831646 0.0000010 3.6480842 2.7964427 3.9376494 4.0913703 3.6276935 3.5390700 3.4449664 0.0000010 3.6424069 3.3306974 2.7010309 2.7493951 4.2802167 2.5675306 3.9632338 4.4460426 4.1558999 3.9640697 3.6480517 4.1484913 2.2680955 4.4186588 2.0825432 2.8282688 3.0684681 2.9667630 2.9667630 2.9477962 3.1093690 0.0000010 2.2153618 2.0060956 0.0000010 4.0950003 3.9743966 4.0234760 0.0000010 1.3302995 3.6856096 3.7616594 3.5960427 3.6923605 3.8290174 4.1333059 4.4177166 3.4103004 3.2347790 3.7066226 4.0437309 4.5210761 3.8199225 0.6429973 3.0360643 3.0360643 1.8052403 0.7815192 0.7567326 2.0005456 2.0005456 
Mlei_ML1810.g1.i1                                     0.1657845 0.1549949 0.1350781 0.0581031 0.0883259 0.0843607 0.0000010 0.0000010 0.0000010 0.1241394 1.1560116 1.1885261 1.0494607 0.6653758 0.1052642 0.0000010 0.0000010 0.6472229 0.0000010 0.8569560 0.0000010 0.0000000 0.3703610 4.3195235 0.1215723 2.4809713 0.6491683 0.6498951 1.1510051 0.8273930 0.6709634 0.7924594 0.7469341 0.7170607 0.6614100 0.7894553 0.7200910 0.8708527 0.8526952 0.6992925 0.7121660 0.7337914 0.6730889 0.6519966 0.6442615 0.8843057 0.6828956 0.5128563 0.5082217 0.7029462 0.7931602 0.7457918 0.7742134 0.7949548 0.7893549 0.7893549 0.7689993 1.0470003 1.0857413 0.8547153 0.8108996 0.0000010 0.8394928 0.8304761 3.2137833 1.9804165 0.0000010 3.2908406 1.6732795 0.8379350 0.9056193 0.8230317 0.8257861 0.8671717 1.2420656 0.8439880 0.9752875 0.8031406 0.5875056 4.5961740 1.3469908 3.7297302 4.1319896 0.0000010 0.8261414 1.4559941 0.9871461 0.9871461 
Coeast_Cast_sb808729                                  0.0000010 0.4399094 0.1683354 0.0966227 0.3389035 0.3055711 0.7772993 0.0993671 0.1078764 0.2138504 0.4537898 0.6086847 0.2736255 0.4108236 0.4266584 1.0339175 1.0922610 0.5477818 0.6597303 0.3661136 0.7562088 0.3703610 0.0000000 0.0000010 0.0341680 0.2662840 0.7937349 1.4564685 0.8832150 1.5244033 1.4303817 1.5489839 1.5671997 1.5404833 1.6365869 1.5424848 0.6868495 1.5168624 1.5696643 1.4634394 1.4905329 1.8293756 1.3293242 1.8087995 1.9809169 2.0085489 1.8375216 1.7771478 1.8970112 1.2754179 1.8431306 1.3096591 1.6842519 1.7506950 1.7241865 1.7241865 1.7340509 1.7622566 2.7821608 1.1596616 1.3568136 1.5912559 1.7300526 1.7505971 2.4865893 2.4782065 1.1249368 1.8558215 1.8259130 1.7552712 1.7673613 1.7968057 1.9071463 1.9140522 1.5393050 1.6418267 1.7752488 1.7554208 1.7067416 2.5916365 0.7099086 2.2702470 2.4147826 1.6187147 1.6780250 2.0674728 1.9296903 2.1608567 
Coeast_Cast_sb808735                                  0.0000010 0.9516464 9.0000000 9.0000000 0.9117289 0.9579751 0.8383812 0.0000010 0.0000010 0.6595744 0.8911569 0.8835817 0.0000010 1.2453462 1.1031161 1.0222646 1.2271538 0.8385007 0.8281494 0.7975626 0.7779612 4.3195235 0.0000010 0.0000000 0.1111010 0.0000010 0.0000010 4.6254330 0.0000010 5.5546899 3.9115404 4.9684194 5.2639721 4.2835638 4.8900476 4.3734419 9.0000000 5.7417746 4.5816255 8.3318256 3.7609244 5.7817911 8.1635093 5.3873721 6.4940603 5.4899550 5.8383428 5.4257885 5.3385809 9.0000000 7.7143818 9.0000000 4.5731633 5.1180448 5.1450627 5.1450627 5.4051373 5.6203251 1.9112829 5.8760966 3.1458861 0.0000010 5.7356731 6.3634653 6.2821653 2.4782065 5.0354343 4.9023600 5.0074897 5.0293518 5.3309240 5.3940722 5.4605893 7.9264688 4.2921793 5.2429125 5.5570216 5.9245847 5.5612668 5.2640326 1.9165265 3.9793515 3.9793515 1.6127792 0.0000010 1.7417155 3.4433801 3.4433801 
Coemet_Cmet_scaffold7230_01                           0.2026319 0.5130860 0.1602093 0.0706114 0.2997126 0.2724312 0.7435762 0.0981408 0.1072503 0.2418693 0.5665980 0.7061451 0.2718060 0.4154798 0.5159426 1.0340204 1.0923607 0.5503672 0.6631703 0.4586946 0.7457346 0.1215723 0.0341680 0.1111010 0.0000000 0.2662648 0.7401972 1.6088042 0.8832150 1.7329703 1.6657009 1.7880332 1.8104451 1.7096087 1.4803072 1.7373273 0.6244854 1.7996155 1.7421683 1.3203699 1.4047031 1.9220872 1.1686027 1.8691209 2.0791696 2.1493361 1.9399013 2.0702336 1.9778364 1.1818917 2.0505797 1.1954710 1.7908043 1.9446903 1.9318383 1.9318383 1.9513918 2.0913555 0.9567974 1.0654704 1.2879517 1.5410315 1.9069864 1.9304413 2.7935916 5.1202782 1.2271807 2.0391282 2.3070552 1.9474897 1.9110352 1.9035848 2.0593394 2.0449795 1.5146606 1.6687233 2.0277191 1.8407836 1.9613147 2.8177295 0.8057626 2.5892068 2.7732973 1.6272149 1.6638303 1.4475372 1.9596796 2.1935648 
Lampan_Lpan_C400255_01                                0.0000010 0.2997778 0.1377993 0.0000010 0.1991230 0.1991230 0.0000010 0.1377993 0.3147102 0.2264431 0.3004867 0.3213118 0.2686918 0.2644702 0.2660848 0.0000010 0.2989955 0.2722089 0.2606098 0.2199338 0.0666201 2.4809713 0.2662840 0.0000010 0.2662648 0.0000000 0.0000010 1.0545796 0.4578006 1.0576047 0.9530639 1.0666941 1.0385019 1.1652237 1.6543776 1.0812084 0.6812328 1.2037913 1.2037913 1.4210035 1.3212704 1.3860743 1.3101846 1.3030649 1.4057010 1.5189564 1.3023052 1.3187248 1.1609219 1.2065547 1.4238440 1.3286066 1.3199079 1.3170055 1.3014589 1.3014589 1.2649446 1.2699272 0.0000010 1.1784906 1.1497314 1.7563247 1.1399973 1.1210332 1.1210332 0.0000010 1.0886128 0.9383082 0.9669483 1.2191487 1.2589837 1.3671298 1.4335588 1.3203475 1.2429525 1.4919316 1.3837763 1.3051867 1.5108003 1.2331903 0.6106672 1.4680865 1.4849784 1.5177551 1.7065466 0.0000010 0.9135368 1.1395074 
Lcom_lcpid232379                                      0.0000010 0.7143706 0.7143706 0.7408193 0.7965167 0.7965167 0.0000010 0.6580270 0.6580270 0.7937349 0.8529104 0.0000010 0.0000010 0.6580270 0.8361309 0.0000010 0.0000010 0.0000010 0.0000010 0.7873421 0.0000010 0.6491683 0.7937349 0.0000010 0.7401972 0.0000010 0.0000000 0.3501843 6.5579544 0.4480402 0.5182082 0.4146489 0.4387387 0.4779293 0.4949751 0.4537050 0.4259019 0.4374943 0.4374943 0.4613182 0.4661424 0.4892458 0.4938376 0.5531655 0.7015746 0.7205480 0.5643545 0.4938376 0.8736476 0.5586366 0.4434955 0.6117556 0.6117556 0.6117556 0.5993594 0.5993594 0.6097886 0.5993594 1.1802320 0.5848148 0.5628324 0.0000010 0.5569415 0.5559599 0.0000010 0.0000010 0.0000010 0.0000010 0.0000010 0.5373662 0.4926433 0.5310366 0.5097393 0.5805619 0.5356608 0.5330037 0.5721306 0.7384788 0.4524828 0.0000010 0.0000010 2.5740457 0.0000010 0.0000010 0.0000010 1.3159897 0.0000010 0.0000010 
Bralan_BLAG13000813_1                                 0.7374343 1.7202966 0.5329822 0.5165466 1.2650279 1.1207026 2.8165924 0.4737136 0.4866416 1.5723833 1.8844223 2.6205648 1.0664336 1.4352601 1.7101237 3.4433513 3.7207919 2.1940455 2.7717921 1.8060869 3.4831646 0.6498951 1.4564685 4.6254330 1.6088042 1.0545796 0.3501843 0.0000000 0.2135108 0.6332468 0.6549505 0.6796094 0.6934709 0.7558672 0.7723517 0.6050315 0.3214213 1.1324240 1.0245419 0.7609151 0.8560190 1.1329649 0.5556190 0.8785295 1.0250124 0.9726411 0.8709272 0.9799097 0.9779751 0.5341830 1.1140439 0.5969943 0.9375335 1.0241764 1.0222401 1.0222401 1.0158109 1.0681731 0.6868386 0.6981409 0.8818499 0.7840371 1.1000867 1.1357370 1.6920172 2.2740614 0.7405560 1.2985634 1.4110848 1.0089776 1.0012005 1.0638115 1.0455054 1.1264561 0.9963522 1.0604343 1.2339700 1.1397874 0.8959030 1.4068558 1.3886758 1.5366430 1.6637698 1.0151354 1.1890409 1.1431322 3.0513332 3.5220717 
Ctel_gnl_WGS_AMQN_CAPTEDRAFT_mRNA204679               0.0000010 0.8885680 1.0023499 1.0203223 0.8597076 0.8597076 0.0000010 0.6208388 0.6430098 0.8900580 0.9462612 0.5585315 0.6383161 0.6246346 0.8696150 0.0000010 0.0000010 0.0000010 0.0000010 0.8862782 0.0000010 1.1510051 0.8832150 0.0000010 0.8832150 0.4578006 6.5579544 0.2135108 0.0000000 0.1466630 0.1989998 0.2001653 0.2029067 0.2863837 0.2151101 0.0787315 0.5790641 0.6804152 0.6535989 0.7127542 0.6955183 0.6572784 0.4347541 0.4172638 0.4380767 0.4154393 0.4189660 0.4206569 0.4896406 0.4456370 0.2215626 0.3993468 0.3993468 0.3999449 0.4113851 0.4113851 0.4113851 0.4221358 9.0000000 0.9368279 0.9818000 0.0000010 0.5931395 0.6292348 0.6118035 0.0000010 0.0000010 0.3422724 0.3954377 0.5555018 0.4951870 0.5926792 0.6397394 0.6627872 0.7906923 0.6470088 0.6185149 0.6585623 0.2012922 0.0000010 4.3641701 0.4075954 0.0000010 0.0000010 2.2483778 0.3130137 0.0000010 0.0000010 
Ctel_gnl_WGS_AMQN_CAPTEDRAFT_mRNA18044                0.9151454 1.7628092 0.5834686 0.5976365 1.3027684 1.2450902 3.7518726 0.5030847 0.5163120 1.7476862 1.9222725 2.7265870 1.0564131 1.4625614 1.7377280 3.5372246 3.9005567 2.3326276 2.9485447 1.9271576 3.6480842 0.8273930 1.5244033 5.5546899 1.7329703 1.0576047 0.4480402 0.6332468 0.1466630 0.0000000 0.7082818 0.4953564 0.5629962 0.7853063 0.8701633 0.6650923 0.3682720 1.0971631 1.1051094 0.8451818 0.9071011 1.1048690 0.6543765 0.9277753 1.0588115 1.0196186 0.9549746 1.0118252 1.0328018 0.6329414 1.1130984 0.6952207 1.0659318 1.0972114 1.1209494 1.1209494 1.1263288 1.1769463 0.7877245 0.7413077 0.9818466 0.9047695 1.2105662 1.2049321 1.7579510 3.1783892 0.6213716 1.1915662 1.3840044 1.0943384 1.0766980 1.1077713 1.1035539 1.1100114 1.0508093 1.1278832 1.1915257 1.0733517 0.8564456 1.2274078 1.2809975 1.4476078 1.5596881 0.7976831 1.1447184 1.3758363 2.9202917 3.4146843 
Hsap_ENST00000643116                                  0.7869400 1.6765378 0.5535178 0.5473419 1.1674974 1.1041024 2.8139023 0.5210974 0.5342135 1.6154860 1.8344582 2.5340952 1.0024586 1.3430663 1.6621676 2.9192230 3.2904584 1.9222654 2.3407860 1.7551428 2.7964427 0.6709634 1.4303817 3.9115404 1.6657009 0.9530639 0.5182082 0.6549505 0.1989998 0.7082818 0.0000000 0.7176796 0.7045050 0.7519388 0.7282720 0.6965437 0.3863891 1.0613402 1.0402337 0.7889050 0.8934897 1.0815108 0.5985222 0.9166955 1.0875183 1.0463889 0.9696424 1.0248707 1.0675001 0.5853923 1.1138323 0.6555122 0.9785368 1.0284697 1.0386309 1.0386309 1.0573048 1.1063375 0.6183476 0.6930035 0.8742413 0.9451966 1.1380648 1.1840089 1.7372316 2.4702587 0.7975327 1.2286552 1.3435872 1.0553907 1.0915786 1.1735995 1.1682542 1.1192188 1.0438674 1.1338273 1.2426642 1.1196568 0.9399751 1.3576488 1.2628903 1.5204860 1.6431685 1.0585883 1.1392422 1.1668648 2.7006750 3.1461950 
Acagra_model.g12692.t1.2.5d3b872d                     1.0208000 1.7101812 0.5627638 0.5913139 1.3278475 1.2067036 3.6175027 0.4966719 0.5096929 1.6937105 1.8712936 2.5076479 1.0532946 1.3672841 1.7758536 2.9406194 3.3553073 2.2799702 2.9041450 1.9427733 3.9376494 0.7924594 1.5489839 4.9684194 1.7880332 1.0666941 0.4146489 0.6796094 0.2001653 0.4953564 0.7176796 0.0000000 0.5716602 0.8595769 0.8100334 0.7118107 0.3395483 1.1744767 1.0987649 0.7882198 0.9099074 1.2284347 0.5828275 0.8893248 1.0897330 1.0418544 0.9480009 1.0313966 1.0170771 0.5914879 1.2205604 0.6735814 1.0069121 1.0091981 1.0245205 1.0245205 1.0356764 1.0778998 0.8023251 0.7629130 0.9454358 0.7809343 1.2075115 1.2281038 1.7936042 2.5006166 0.7580908 1.3771967 1.4263422 1.0468585 1.0195805 1.0800836 1.0709185 1.1305250 1.0230174 1.1250065 1.2879920 1.1223238 0.8479813 1.2060714 1.3883599 1.4626949 1.5724533 0.8633041 1.3386472 1.4169530 3.2733937 3.7760427 
Cgig_XM_034458744.1                                   0.9812886 1.8251879 0.5867978 0.5924827 1.3617465 1.2166719 4.0126045 0.5324833 0.5458630 1.7810881 1.9818191 2.7476044 1.0656652 1.4761323 1.8520530 3.7241286 3.9549182 2.4880500 3.3396349 1.9836950 4.0913703 0.7469341 1.5671997 5.2639721 1.8104451 1.0385019 0.4387387 0.6934709 0.2029067 0.5629962 0.7045050 0.5716602 0.0000000 0.8283355 0.8340539 0.7619321 0.3602688 1.1490608 1.0875652 0.7561132 0.8314743 1.1709197 0.6104550 0.9591604 1.1116380 1.0975805 0.9722651 1.0566757 1.0739956 0.6225272 1.1917761 0.7236965 1.1089748 1.1552337 1.1432880 1.1432880 1.1372187 1.1822178 0.8622625 0.7698037 0.9595875 0.9595424 1.2356427 1.2538332 1.8158533 2.6882225 0.8799549 1.5073395 1.5524968 1.1907541 1.1549641 1.1162270 1.1251038 1.1777344 1.0603072 1.1410578 1.2908427 1.1266250 0.9045219 1.3556819 1.3061124 1.5261558 1.6292174 1.1677864 1.2859884 1.3168670 3.3339882 3.8819243 
Spur_XM_030995656.1                                   0.8171775 1.7107026 0.5827955 0.5562486 1.3456184 1.2113521 3.4850715 0.4896575 0.5026149 1.6916215 1.9162197 2.5597332 1.0331916 1.4517847 1.7075915 3.9864372 4.0751896 2.3129236 2.9357191 1.8330600 3.6276935 0.7170607 1.5404833 4.2835638 1.7096087 1.1652237 0.4779293 0.7558672 0.2863837 0.7853063 0.7519388 0.8595769 0.8283355 0.0000000 0.8538800 0.6988035 0.3664128 1.0477220 0.9729837 0.8129008 0.9073139 1.1479732 0.6606081 1.0514851 1.2274545 1.1126723 1.0484028 1.1838826 1.2036254 0.6413064 1.2474464 0.6556645 0.9849507 1.1060597 1.0733079 1.0733079 1.0680066 1.1470777 0.8297976 0.7667293 0.9394644 0.9347648 1.2899718 1.3186520 1.9302970 2.3922360 0.8204924 1.3071188 1.4883134 1.1444292 1.1738450 1.1568486 1.1045083 1.2436457 1.1877368 1.1341899 1.3750042 1.2017979 0.9951788 1.4282703 1.4063283 1.8244915 1.9732983 1.0846881 1.3318613 1.1096287 3.8933803 4.3962935 
Tcas_TC033376_001                                     0.7074606 1.3922326 0.5118474 0.5099112 1.3364261 1.3380579 3.5704311 0.4852046 0.4979423 1.3917831 1.6088543 2.4758024 1.4474915 1.6385778 1.4674991 3.7393768 3.8532201 2.6928117 3.1594927 1.7339981 3.5390700 0.6614100 1.6365869 4.8900476 1.4803072 1.6543776 0.4949751 0.7723517 0.2151101 0.8701633 0.7282720 0.8100334 0.8340539 0.8538800 0.0000000 0.8580467 0.3912356 1.0892533 1.0634424 0.9934065 1.0573793 1.1668352 0.8181758 0.9810752 1.1242931 1.0467068 1.0373331 1.0533516 1.1040081 0.7714132 0.8040333 0.8368573 1.0670570 1.0318971 1.0268485 1.0268485 1.0261334 1.0996101 0.7273152 1.0352123 1.2555602 2.1127805 1.2986358 1.3528847 2.4894456 3.2889160 1.8746824 1.6252092 1.5304851 1.1428458 1.1880048 1.2010229 1.0350096 1.1234620 1.4217023 1.2013242 1.2280396 1.0603228 0.8060700 2.0140740 1.9882570 1.8748944 2.1187055 1.7601007 1.4163511 1.2379040 3.5272865 4.2228781 
Skow_XM_006815079.1                                   0.9514622 1.7918937 0.5713830 0.5951751 1.3635525 1.2074553 2.8255669 0.5123817 0.5260369 1.6493505 1.9702171 2.6123706 1.1162361 1.4325601 1.7905257 2.7558616 3.3107242 2.3280850 2.8948995 1.8927363 3.4449664 0.7894553 1.5424848 4.3734419 1.7373273 1.0812084 0.4537050 0.6050315 0.0787315 0.6650923 0.6965437 0.7118107 0.7619321 0.6988035 0.8580467 0.0000000 0.3729310 1.1035382 1.0281022 0.8043916 0.8836559 1.1661363 0.6406408 0.9203461 1.1522502 1.0516188 0.9495057 1.0749558 1.0024000 0.5848007 1.1423857 0.6184435 0.9842414 1.0667207 1.0673686 1.0673686 1.0735028 1.1240198 0.7614562 0.7350983 0.9175730 0.9007164 1.2695227 1.2997657 1.8373886 2.7725431 0.8047302 1.4081851 1.4392996 1.0590417 1.0331628 1.1007020 1.1367677 1.1838049 1.0567432 1.0819908 1.3100941 1.1459152 0.9441963 1.3528701 1.3998493 1.4724685 1.5827213 0.9815384 1.0522684 1.1758182 2.8645460 3.2103130 
Plajan_Pjan_C555663_01                                0.6265064 0.6048492 0.5907674 0.5958535 0.5945819 0.5959567 0.0000010 0.5638647 0.5774769 0.6327545 0.6526664 0.6794340 0.7575006 0.6249144 0.6355882 0.0000010 0.0000010 0.6880869 0.0000010 0.5990504 0.0000010 0.7200910 0.6868495 9.0000000 0.6244854 0.6812328 0.4259019 0.3214213 0.5790641 0.3682720 0.3863891 0.3395483 0.3602688 0.3664128 0.3912356 0.3729310 0.0000000 0.2603169 0.2481818 0.4249890 0.3925637 0.3978232 0.4010896 0.3988596 0.4206318 0.4220581 0.4200572 0.3648268 0.4820219 0.4193297 0.3475682 0.4136718 0.4136718 0.4090644 0.4078400 0.4078400 0.4052130 0.4306430 0.7611233 0.6558244 0.6726914 0.0000010 0.5086853 0.5093869 1.1058176 1.6553817 0.0000010 0.5291271 0.5550257 0.5043704 0.4927102 0.4512157 0.4427649 0.4654650 0.6431616 0.4972744 0.5036702 0.4749654 0.3469630 0.3970308 0.8496875 1.1024583 1.2133381 0.0000010 1.2721494 1.1947340 0.0000010 0.0000010 
Ocar_g2300                                            0.7127419 1.9018153 0.6097261 0.5478632 1.3874015 1.1674531 2.7105880 0.5312100 0.5456863 1.8105974 2.0355917 2.7744309 1.1940110 1.3318723 1.8531529 2.7309353 2.9729424 2.3340547 3.1127115 1.8889785 3.6424069 0.8708527 1.5168624 5.7417746 1.7996155 1.2037913 0.4374943 1.1324240 0.6804152 1.0971631 1.0613402 1.1744767 1.1490608 1.0477220 1.0892533 1.1035382 0.2603169 0.0000000 0.0122366 0.7776060 0.8462074 1.0771128 0.8147911 1.2089204 1.3437920 1.3119152 1.2231833 1.3906056 1.2856250 0.8307341 1.4103195 0.9157215 1.2753759 1.2751720 1.2657144 1.2657144 1.2740226 1.2994301 0.7925229 0.8976537 1.0067678 1.3481965 1.2754350 1.2714842 1.8405328 2.9299047 1.2397734 1.5196802 1.4694491 1.2521728 1.2381842 1.2931482 1.3291744 1.4037097 1.1421473 1.3055556 1.5399069 1.4182650 1.3706687 2.0018412 1.5056050 1.6267188 1.7498326 0.9886741 1.3894479 0.8464528 3.3627269 3.9658815 
Opea_EP00118_Oscarella_pearsei_P003393                0.7984490 1.8164501 0.6538494 0.6131168 1.3759556 1.2719331 2.9913943 0.5652478 0.5785603 1.7607370 1.9972785 2.6829985 1.1815783 1.4833175 1.8062225 2.6745805 3.3519244 2.3170719 2.9633517 1.8701338 3.3306974 0.8526952 1.5696643 4.5816255 1.7421683 1.2037913 0.4374943 1.0245419 0.6535989 1.1051094 1.0402337 1.0987649 1.0875652 0.9729837 1.0634424 1.0281022 0.2481818 0.0122366 0.0000000 0.7393985 0.8225636 1.0095369 0.7679358 1.1087522 1.2414025 1.1687501 1.1114653 1.2605924 1.2015746 0.7935409 1.4296802 0.8592748 1.1795960 1.1712978 1.1584714 1.1584714 1.1686899 1.2329694 0.8977679 0.8903361 1.0443542 1.3481965 1.2044440 1.2151386 1.7832952 2.7650955 1.2434348 1.4399306 1.3749104 1.1856596 1.2095298 1.1682914 1.2118887 1.2605268 1.2209282 1.2853778 1.4366107 1.2526635 1.3126936 1.8881911 1.4982549 1.5500911 1.6548526 0.9886741 1.3894479 1.1520661 3.1026663 3.5520757 
Leuniv_Lniv_scaffold9130_01                           0.7881369 1.2761269 0.6329009 0.6531758 1.2294363 1.2507538 4.7733864 0.6441329 0.6494537 1.2525175 1.4802165 2.2035846 1.4437349 1.5179589 1.3046866 4.5968267 4.3896924 2.1623051 2.7822398 1.3694804 2.7010309 0.6992925 1.4634394 8.3318256 1.3203699 1.4210035 0.4613182 0.7609151 0.7127542 0.8451818 0.7889050 0.7882198 0.7561132 0.8129008 0.9934065 0.8043916 0.4249890 0.7776060 0.7393985 0.0000000 0.1943399 0.1976701 0.7890726 0.8200346 0.8716767 0.9074502 0.8400300 0.8412472 0.8924406 0.7677782 0.8100907 0.8841593 0.9507455 0.9507406 0.9649668 0.9649668 0.9514573 1.0344541 0.7652974 0.8721111 0.9239108 1.6264634 0.9064648 0.9197765 1.5079390 3.1754300 1.1579228 1.0296628 1.1430670 0.8826789 0.9213445 0.9399169 0.9428950 1.0131488 1.1041208 1.1031297 1.1320475 1.0429276 0.7531101 1.7042429 1.4365576 0.7837923 0.8599500 1.0809875 0.6401615 1.2140142 2.5196328 2.9621518 
Gracom_Gcom_scaffold11327_01                          0.7546794 1.3624873 0.5951888 0.6125626 1.2422004 1.2759639 3.5132132 0.5891431 0.5941192 1.3181408 1.5848634 2.2284447 1.3798666 1.5997017 1.4241781 3.7598415 3.7939140 2.0802138 2.5691293 1.5147214 2.7493951 0.7121660 1.4905329 3.7609244 1.4047031 1.3212704 0.4661424 0.8560190 0.6955183 0.9071011 0.8934897 0.9099074 0.8314743 0.9073139 1.0573793 0.8836559 0.3925637 0.8462074 0.8225636 0.1943399 0.0000000 0.3440751 0.8052190 1.0018462 1.0676217 1.0921846 1.0055126 1.0108090 1.0915539 0.7721976 1.0480571 0.8845118 1.0943713 1.1093816 1.1277614 1.1277614 1.1326505 1.2077357 0.8101302 0.8649807 0.9957388 1.4570031 0.9944522 1.0568781 1.6212207 3.2382525 1.2542330 1.2166754 1.2427293 0.9903352 1.0326478 1.0795050 0.9909980 1.1256679 1.2153113 1.2262271 1.2011547 1.0512845 0.8827392 1.8092730 1.6647721 0.8100109 0.8593915 1.2737402 0.5411958 1.1908800 2.7115269 3.0230422 
Lcom_lcpid47328                                       0.7161133 1.9866848 0.6220047 0.6228517 1.5691894 1.4024694 4.2920101 0.5784086 0.5832685 1.9301301 2.2756046 3.0407505 1.3840960 1.7352157 1.9901911 4.2982425 4.6443803 2.8462865 3.8532633 2.1010335 4.2802167 0.7337914 1.8293756 5.7817911 1.9220872 1.3860743 0.4892458 1.1329649 0.6572784 1.1048690 1.0815108 1.2284347 1.1709197 1.1479732 1.1668352 1.1661363 0.3978232 1.0771128 1.0095369 0.1976701 0.3440751 0.0000000 0.7958707 1.2331869 1.3997722 1.3707922 1.2475913 1.4404958 1.3320205 0.8062245 1.4231847 0.9111881 1.4214694 1.5213079 1.4986223 1.4986223 1.5491121 1.6371721 0.7794846 0.8797986 1.0572586 1.2908797 1.2077592 1.2680557 1.8500756 2.1550829 1.1994572 1.5937233 1.5077880 1.2336660 1.2505034 1.3526736 1.3112039 1.3499851 1.2077704 1.3379952 1.5663836 1.3993193 1.3495164 2.1881432 1.6413267 1.1089836 1.1982337 1.0533810 0.7633314 1.1311281 3.5671281 4.0544366 
