43
Xesp_018664-T1                                                    0.0000000 1.3492261 2.3000765 1.9206269 2.2894046 2.1947794 2.0743715 2.1149253 2.0373609 2.1543720 2.0253148 2.1551760 2.1540826 1.7261278 2.1790287 2.3396542 2.2289567 2.1202021 2.6030196 1.6869467 2.1921588 1.7444899 2.3228291 2.1492849 2.6266246 2.4944850 2.7700359 2.7711428 4.2682281 3.0485842 2.4837835 2.6645471 2.6693173 2.2094120 3.0344628 3.3112912 2.1859613 2.3289260 2.5138550 3.5396407 2.5477491 2.6722391 2.7933221 
Dgig_XM_028539811.1                                               1.3492261 0.0000000 2.5710578 1.7237091 2.1217729 2.1200724 2.0769987 2.1599273 1.9087286 2.1646936 1.9212810 1.9702857 2.0157174 1.6134647 2.2023452 2.2101357 1.9473427 2.0292854 2.2916359 1.7353117 2.2021401 2.0825331 2.2299560 2.1984960 2.4706215 2.3529864 2.4906921 2.2953807 3.8812967 2.7128887 2.4027235 2.5283375 2.6498697 2.3116837 2.8925989 3.0561541 2.0597526 2.4063123 2.4390436 3.1620107 2.5716244 2.8028403 2.3836519 
Xestes_augustus_masked-XT_scaffold55223-processed-gene-0.1-mRNA-1 2.3000765 2.5710578 0.0000000 3.7321485 1.4959706 1.3205215 1.9889845 2.0088812 7.2373363 2.4423647 2.4690038 2.3252517 2.6595405 3.4007389 2.5344073 2.7817675 3.4672110 2.3087769 2.3337577 1.6707215 2.3253671 3.0281463 2.7313441 3.5939868 2.7824874 7.8531989 2.6764397 2.3235571 4.2459454 2.8911676 2.1779466 2.2569121 2.3068043 4.9087967 3.0582138 3.0367427 1.6364557 2.3800855 2.6683023 2.1147303 2.3210569 3.2779833 2.2119659 
Xestes_maker-XT_scaffold3005-augustus-gene-0.13-mRNA-1            1.9206269 1.7237091 3.7321485 0.0000000 0.6014469 0.8490030 1.4965877 1.4144673 2.0118975 2.9221413 1.8486682 1.5007166 1.5512318 1.4474322 1.7551612 1.9429274 1.9403641 1.5931123 1.6855299 5.0176650 1.5034592 1.8498281 2.0393960 1.9662621 1.9730775 2.1952882 2.1385873 6.0982890 2.6437264 2.4424901 2.0487354 2.2747321 2.5437502 1.9243397 2.6349865 2.9308519 3.0991429 1.9361449 1.8437314 5.1880198 2.1581065 2.1257556 1.1238546 
Halamb_c49310_g1_i1m.25892                                        2.2894046 2.1217729 1.4959706 0.6014469 0.0000000 0.7854304 1.8505281 1.9624388 1.8753503 3.3220261 2.4361642 1.9610339 2.0247519 1.3538936 2.2592587 2.2771983 2.1769648 1.8359403 2.2871489 1.9338906 2.0776918 1.5076115 2.2584922 1.8968809 2.1590278 2.1471536 2.3832754 3.2646445 3.1421229 2.5610890 2.1615821 2.2457343 2.6558801 1.8614173 2.7258962 3.0775014 2.4264049 2.1605219 2.2358190 3.2166630 2.3334775 2.4841412 2.1857328 
Aque_Aqu2.1.41393_001                                             2.1947794 2.1200724 1.3205215 0.8490030 0.7854304 0.0000000 2.0361890 1.9220312 1.9266620 2.7518926 2.2179577 2.0717138 2.1457677 1.5379936 2.4008931 2.2123976 2.1479381 1.8533275 2.1028672 2.0283001 1.9697427 1.5955173 2.2231571 1.9809115 2.3409873 2.3554278 2.4221413 2.6777585 3.9358859 2.6600916 2.3069207 2.4133006 2.7197972 1.9020026 2.8796557 3.3307471 2.3915278 2.1895889 2.2060348 2.9712568 2.0331154 2.4753957 2.1462165 
Skow_XM_006825519.1                                               2.0743715 2.0769987 1.9889845 1.4965877 1.8505281 2.0361890 0.0000000 1.3911826 1.6679699 2.5547494 2.0072297 1.6663454 1.8032082 1.3851369 1.9712092 2.0382928 1.7100872 1.5592893 2.2610129 1.9679733 2.0380050 1.4904187 1.7957243 1.5604783 2.0363598 2.1429124 2.2331156 2.0510805 2.7407241 2.1563428 2.0386609 2.1035129 2.3158530 1.7908856 2.6446518 3.0562235 1.9181324 1.7610730 2.0307707 2.7769363 1.9928813 2.5109874 2.5574389 
Cgig_XM_011420914.3                                               2.1149253 2.1599273 2.0088812 1.4144673 1.9624388 1.9220312 1.3911826 0.0000000 1.9311249 2.4894749 2.2149159 1.9706982 2.0336759 1.7466365 2.2650500 2.2473566 1.9056362 1.4826739 2.1619932 1.7195026 2.1634609 1.8138063 2.1327510 1.9611218 2.1409145 2.0928626 2.0955836 1.9227520 3.1568297 2.2613757 2.1113276 2.2117942 2.0961073 1.8744428 2.6251772 2.9395581 2.0255192 1.8424062 1.9835493 2.8552807 1.6035338 2.4289130 2.3489627 
Amil_Amillepora21837-RA                                           2.0373609 1.9087286 7.2373363 2.0118975 1.8753503 1.9266620 1.6679699 1.9311249 0.0000000 3.1176126 0.1826574 1.0284389 1.0616408 0.7550786 1.1134978 1.7290268 1.8984171 1.8076588 2.8410208 0.0000010 2.3185372 2.1642669 2.1579709 2.0844440 2.7096337 2.7180158 2.6266934 9.0000000 2.9634386 2.6506051 2.7726035 3.4137189 2.8920040 2.1382212 3.0983933 4.3777663 2.6362647 2.4901934 2.0647497 5.4791227 1.9118952 2.9252210 1.0707915 
Amil_Amillepora21838-RA                                           2.1543720 2.1646936 2.4423647 2.9221413 3.3220261 2.7518926 2.5547494 2.4894749 3.1176126 0.0000000 0.0818715 1.1819428 1.3389052 1.1102035 1.2164361 1.9280494 2.2998292 2.4293068 2.4072492 1.4435294 2.5811019 3.5296530 2.5722352 2.4180574 2.6799942 3.1410130 2.7706996 1.9502274 8.4564331 2.9372009 2.7015118 2.7852771 3.3502848 3.2856298 2.9962831 2.9559762 1.8126855 2.5620301 2.4483335 2.7695644 3.4545071 2.7134655 2.5708905 
Adig_XM_015901540.1                                               2.0253148 1.9212810 2.4690038 1.8486682 2.4361642 2.2179577 2.0072297 2.2149159 0.1826574 0.0818715 0.0000000 0.9341796 1.0044784 0.6032478 0.9872376 1.6051577 1.8168143 2.0555417 2.2971323 1.6793538 2.3213914 2.2142325 2.3587559 2.0424366 2.4376352 2.3111231 2.3756515 1.9429591 4.2356696 2.5503701 2.5103845 2.8177404 2.8204266 2.1029885 2.7972186 2.9627514 1.8355358 2.3591774 2.1521991 3.1855306 2.5190761 2.6803384 2.5213714 
Pocdam_XM_027197366.1                                             2.1551760 1.9702857 2.3252517 1.5007166 1.9610339 2.0717138 1.6663454 1.9706982 1.0284389 1.1819428 0.9341796 0.0000000 0.1914529 0.6139659 0.5820102 1.3264069 1.5276703 1.9471129 2.3028699 1.9676328 2.1313975 1.8040919 2.2068356 1.9561843 2.2583510 2.1145055 2.2453087 2.2385793 3.7268718 2.4509641 2.2382392 2.5900344 2.7161190 2.0885201 2.9448481 3.1482682 1.8161386 2.1291178 2.1306074 2.6773602 2.5616212 2.6479050 2.3305525 
Spis_XP_022790196_1                                               2.1540826 2.0157174 2.6595405 1.5512318 2.0247519 2.1457677 1.8032082 2.0336759 1.0616408 1.3389052 1.0044784 0.1914529 0.0000000 0.5733890 0.6283669 1.4299632 1.6084537 2.1018857 2.4096231 2.1085935 2.2622904 1.9456326 2.3734221 2.1206369 2.3682094 2.2148833 2.3314053 2.4298967 4.0593593 2.4778521 2.3412848 2.6420133 2.7503186 2.1600601 3.0845538 3.3169192 1.9500131 2.2568997 2.1499249 3.1422637 2.6029592 2.6435686 2.5625877 
Gfas_gfas1.m1.16854.m1                                            1.7261278 1.6134647 3.4007389 1.4474322 1.3538936 1.5379936 1.3851369 1.7466365 0.7550786 1.1102035 0.6032478 0.6139659 0.5733890 0.0000000 0.6474141 1.2764371 1.5299687 1.6355291 1.9689300 0.0000010 1.9903960 2.1762347 1.7217438 1.6976425 2.0163812 2.1502286 2.1807543 9.0000000 2.7588458 2.1691193 2.2681340 2.6825823 2.9192173 1.9431927 2.8783275 3.2519112 2.4382063 1.8748260 1.6223971 4.4359547 1.7549777 2.3687226 1.4324155 
Fspp_ffun1.m4.18685.m1                                            2.1790287 2.2023452 2.5344073 1.7551612 2.2592587 2.4008931 1.9712092 2.2650500 1.1134978 1.2164361 0.9872376 0.5820102 0.6283669 0.6474141 0.0000000 1.5165400 1.7388055 2.2212165 2.4164487 1.8964918 2.4097603 1.8815394 2.5513722 2.3170930 2.3409472 2.3555850 2.4950301 2.2659151 3.2587945 2.9575520 2.4063237 2.7052627 2.7462512 2.2110406 2.8906980 3.1077146 1.7137359 2.5729617 2.5257801 2.8044971 2.6325000 2.6386168 2.2087501 
Exapal_XM_021045695.2                                             2.3396542 2.2101357 2.7817675 1.9429274 2.2771983 2.2123976 2.0382928 2.2473566 1.7290268 1.9280494 1.6051577 1.3264069 1.4299632 1.2764371 1.5165400 0.0000000 1.4871090 2.2316728 2.2686879 1.8393611 2.2446157 1.8583700 2.4627616 2.2308396 2.5719180 2.6691114 2.7439728 2.3876316 4.2073173 2.7767263 2.3870065 2.7127582 2.7060585 2.2859493 2.8367226 3.0603378 1.8969266 2.2389858 2.4220301 2.6884782 2.6359372 2.7168096 2.7567505 
Nvec_v1g84710                                                     2.2289567 1.9473427 3.4672110 1.9403641 2.1769648 2.1479381 1.7100872 1.9056362 1.8984171 2.2998292 1.8168143 1.5276703 1.6084537 1.5299687 1.7388055 1.4871090 0.0000000 2.0582679 2.6265106 2.9816131 2.3683237 1.8675591 2.4357605 2.2237187 2.5022463 1.9939865 2.3826385 2.3750792 3.3119999 2.6909299 2.3982060 2.6724134 3.1058676 2.1241717 2.8779245 3.1871769 3.0585750 2.1546229 2.0334595 3.3569962 2.4547242 2.4903361 2.2249079 
Acagra_model.g12696.t1                                            2.1202021 2.0292854 2.3087769 1.5931123 1.8359403 1.8533275 1.5592893 1.4826739 1.8076588 2.4293068 2.0555417 1.9471129 2.1018857 1.6355291 2.2212165 2.2316728 2.0582679 0.0000000 2.1084437 2.0169387 2.0311612 1.9469076 2.0551436 2.1397908 2.0350529 2.0471083 2.2276044 2.2148001 3.9792819 2.1658876 2.2027001 2.3348653 2.2371705 1.8219566 2.7541359 3.0636974 2.5050972 1.6532563 2.2352327 2.8753339 1.6916848 2.4001704 2.3443804 
Spolac_c101288_g1_i4_m.25161c101288-g1                            2.6030196 2.2916359 2.3337577 1.6855299 2.2871489 2.1028672 2.2610129 2.1619932 2.8410208 2.4072492 2.2971323 2.3028699 2.4096231 1.9689300 2.4164487 2.2686879 2.6265106 2.1084437 0.0000000 0.0000010 0.5305264 0.0000010 2.6658227 2.6272783 2.8489924 3.1076490 2.7688805 2.0054712 6.6716961 2.8894636 2.7917016 2.7625992 2.9802435 2.4398417 3.3078115 3.3200430 2.3790956 2.1241258 2.5294866 3.0449351 2.4366702 2.9160325 2.3353756 
Spolac_c101288_g1_i2_m.25160c101288-g1                            1.6869467 1.7353117 1.6707215 5.0176650 1.9338906 2.0283001 1.9679733 1.7195026 0.0000010 1.4435294 1.6793538 1.9676328 2.1085935 0.0000010 1.8964918 1.8393611 2.9816131 2.0169387 0.0000010 0.0000000 0.4559627 0.0000010 1.8307771 0.0000010 2.4301765 8.9999988 1.8643792 1.6169261 7.6988063 2.2630432 1.9399731 1.9584467 1.8361696 2.3970666 3.6691797 3.6691797 1.9232312 1.9546150 2.3257176 2.4077558 1.1833962 2.4110896 2.5973400 
Emue_Em0023g350a.t1                                               2.1921588 2.2021401 2.3253671 1.5034592 2.0776918 1.9697427 2.0380050 2.1634609 2.3185372 2.5811019 2.3213914 2.1313975 2.2622904 1.9903960 2.4097603 2.2446157 2.3683237 2.0311612 0.5305264 0.4559627 0.0000000 0.3824039 2.6314017 2.4591361 2.5460632 2.6124102 2.6359924 2.3436971 3.9503485 2.7550485 2.4217578 2.6443510 2.6892526 2.2370410 3.6403534 4.0180698 2.3469250 2.3030258 2.4638807 3.6740567 2.3286864 2.7912889 2.1403501 
Spolac_c101288_g2_i2_m.25163c101288-g1                            1.7444899 2.0825331 3.0281463 1.8498281 1.5076115 1.5955173 1.4904187 1.8138063 2.1642669 3.5296530 2.2142325 1.8040919 1.9456326 2.1762347 1.8815394 1.8583700 1.8675591 1.9469076 0.0000010 0.0000010 0.3824039 0.0000000 2.4544579 2.4936519 2.1668575 1.4440600 2.1033529 0.0000010 2.5381563 2.1579925 1.9606727 2.9681660 1.7682460 2.1001203 3.1944454 9.0000000 4.4351279 2.0431896 2.2533768 5.7811398 2.5988318 2.2479472 1.3790580 
Spur_XM_030983354.1                                               2.3228291 2.2299560 2.7313441 2.0393960 2.2584922 2.2231571 1.7957243 2.1327510 2.1579709 2.5722352 2.3587559 2.2068356 2.3734221 1.7217438 2.5513722 2.4627616 2.4357605 2.0551436 2.6658227 1.8307771 2.6314017 2.4544579 0.0000000 0.0392204 2.5333553 2.5323880 2.6662382 2.1551979 3.8968284 2.6257759 2.6678881 2.8609008 2.9136786 2.4066361 3.2823131 3.3858482 2.2997620 2.3954049 2.3488312 3.0496610 2.3426755 2.8002090 3.4298937 
Spur_XM_030983379.1                                               2.1492849 2.1984960 3.5939868 1.9662621 1.8968809 1.9809115 1.5604783 1.9611218 2.0844440 2.4180574 2.0424366 1.9561843 2.1206369 1.6976425 2.3170930 2.2308396 2.2237187 2.1397908 2.6272783 0.0000010 2.4591361 2.4936519 0.0392204 0.0000000 2.3561456 2.1461739 2.7008904 8.9999986 3.2822421 2.6098342 2.5953226 2.9810028 3.2280284 2.3245222 3.1140196 3.1882364 3.7391464 2.2840041 2.2623187 3.7100090 2.1652055 2.7511119 2.6101709 
Plajan_Pjan_scaffold16231_01                                      2.6266246 2.4706215 2.7824874 1.9730775 2.1590278 2.3409873 2.0363598 2.1409145 2.7096337 2.6799942 2.4376352 2.2583510 2.3682094 2.0163812 2.3409472 2.5719180 2.5022463 2.0350529 2.8489924 2.4301765 2.5460632 2.1668575 2.5333553 2.3561456 0.0000000 1.1266016 1.1044645 1.2545018 1.5363100 0.9104815 1.6136698 1.5788880 1.8755408 1.5017125 2.2044232 2.2298878 2.2527915 2.0531306 2.5143978 2.1917111 2.4047035 2.7390731 2.8800116 
Ocar_g1789                                                        2.4944850 2.3529864 7.8531989 2.1952882 2.1471536 2.3554278 2.1429124 2.0928626 2.7180158 3.1410130 2.3111231 2.1145055 2.2148833 2.1502286 2.3555850 2.6691114 1.9939865 2.0471083 3.1076490 8.9999988 2.6124102 1.4440600 2.5323880 2.1461739 1.1266016 0.0000000 0.1122690 2.6951201 2.8916116 1.1739764 1.4024857 1.3134901 1.8601261 1.3326974 2.0397838 2.2539452 3.4357205 1.9636416 2.5661446 6.1205322 2.5387939 2.8604832 4.0990441 
Opea_EP00118_Oscarella_pearsei_P015141                            2.7700359 2.4906921 2.6764397 2.1385873 2.3832754 2.4221413 2.2331156 2.0955836 2.6266934 2.7706996 2.3756515 2.2453087 2.3314053 2.1807543 2.4950301 2.7439728 2.3826385 2.2276044 2.7688805 1.8643792 2.6359924 2.1033529 2.6662382 2.7008904 1.1044645 0.1122690 0.0000000 0.1421696 0.7930036 1.1420503 1.4764820 1.5153246 1.8310706 1.5688239 2.2704757 2.4414179 1.8041736 2.1470788 2.8290543 2.4336552 2.6498158 2.9216186 3.0467301 
Ocar_g1790                                                        2.7711428 2.2953807 2.3235571 6.0982890 3.2646445 2.6777585 2.0510805 1.9227520 9.0000000 1.9502274 1.9429591 2.2385793 2.4298967 9.0000000 2.2659151 2.3876316 2.3750792 2.2148001 2.0054712 1.6169261 2.3436971 0.0000010 2.1551979 8.9999986 1.2545018 2.6951201 0.1421696 0.0000000 6.9821138 1.1097504 1.4021323 1.1723037 1.5056058 4.0853751 3.3029581 3.3029581 1.6498990 2.1373079 3.3651581 1.7545456 2.5481729 2.5226750 2.7058717 
Opea_EP00118_Oscarella_pearsei_P015139                            4.2682281 3.8812967 4.2459454 2.6437264 3.1421229 3.9358859 2.7407241 3.1568297 2.9634386 8.4564331 4.2356696 3.7268718 4.0593593 2.7588458 3.2587945 4.2073173 3.3119999 3.9792819 6.6716961 7.6988063 3.9503485 2.5381563 3.8968284 3.2822421 1.5363100 2.8916116 0.7930036 6.9821138 0.0000000 1.9578905 3.3408226 3.5712612 3.1817688 2.9885181 3.9464153 6.8570624 4.4281857 4.8284763 3.9970335 5.5882250 3.7119430 5.1022124 3.2319633 
Plajan_Pjan_C568114_01                                            3.0485842 2.7128887 2.8911676 2.4424901 2.5610890 2.6600916 2.1563428 2.2613757 2.6506051 2.9372009 2.5503701 2.4509641 2.4778521 2.1691193 2.9575520 2.7767263 2.6909299 2.1658876 2.8894636 2.2630432 2.7550485 2.1579925 2.6257759 2.6098342 0.9104815 1.1739764 1.1420503 1.1097504 1.9578905 0.0000000 1.4833606 1.4866798 1.8539352 1.5710419 2.2288708 2.4246415 2.0792108 2.2659054 2.6450262 2.1590328 2.5971250 2.8131448 3.0985850 
Stycar_maker-SC_scaffold52235-snap-gene-0.5-mRNA-1                2.4837835 2.4027235 2.1779466 2.0487354 2.1615821 2.3069207 2.0386609 2.1113276 2.7726035 2.7015118 2.5103845 2.2382392 2.3412848 2.2681340 2.4063237 2.3870065 2.3982060 2.2027001 2.7917016 1.9399731 2.4217578 1.9606727 2.6678881 2.5953226 1.6136698 1.4024857 1.4764820 1.4021323 3.3408226 1.4833606 0.0000000 0.1102046 0.9753725 1.6981506 2.2062860 2.2666289 1.7650977 2.0548900 2.6273824 1.8282916 3.1502556 2.7999465 2.5271274 
Stycar_maker-SC_scaffold97872-snap-gene-0.21-mRNA-1               2.6645471 2.5283375 2.2569121 2.2747321 2.2457343 2.4133006 2.1035129 2.2117942 3.4137189 2.7852771 2.8177404 2.5900344 2.6420133 2.6825823 2.7052627 2.7127582 2.6724134 2.3348653 2.7625992 1.9584467 2.6443510 2.9681660 2.8609008 2.9810028 1.5788880 1.3134901 1.5153246 1.1723037 3.5712612 1.4866798 0.1102046 0.0000000 1.0843066 1.7807901 2.1516029 2.1364742 1.7350948 2.1701825 2.6981526 1.8307693 2.9593222 2.8041944 2.4237127 
Tetwil_g4399.t2                                                   2.6693173 2.6498697 2.3068043 2.5437502 2.6558801 2.7197972 2.3158530 2.0961073 2.8920040 3.3502848 2.8204266 2.7161190 2.7503186 2.9192173 2.7462512 2.7060585 3.1058676 2.2371705 2.9802435 1.8361696 2.6892526 1.7682460 2.9136786 3.2280284 1.8755408 1.8601261 1.8310706 1.5056058 3.1817688 1.8539352 0.9753725 1.0843066 0.0000000 2.0789896 2.2807623 2.5876282 1.7492362 2.5022249 2.8229075 1.8039209 2.9670182 3.0081643 2.7790266 
Leuniv_Lniv_scaffold25786_01                                      2.2094120 2.3116837 4.9087967 1.9243397 1.8614173 1.9020026 1.7908856 1.8744428 2.1382212 3.2856298 2.1029885 2.0885201 2.1600601 1.9431927 2.2110406 2.2859493 2.1241717 1.8219566 2.4398417 2.3970666 2.2370410 2.1001203 2.4066361 2.3245222 1.5017125 1.3326974 1.5688239 4.0853751 2.9885181 1.5710419 1.6981506 1.7807901 2.0789896 0.0000000 1.5981127 2.1740813 3.5567234 1.6939385 2.2098583 3.8791310 2.6144344 2.3269113 2.6839523 
Lcom_lcpid45490                                                   3.0344628 2.8925989 3.0582138 2.6349865 2.7258962 2.8796557 2.6446518 2.6251772 3.0983933 2.9962831 2.7972186 2.9448481 3.0845538 2.8783275 2.8906980 2.8367226 2.8779245 2.7541359 3.3078115 3.6691797 3.6403534 3.1944454 3.2823131 3.1140196 2.2044232 2.0397838 2.2704757 3.3029581 3.9464153 2.2288708 2.2062860 2.1516029 2.2807623 1.5981127 0.0000000 0.0272714 2.8093076 2.8903536 3.0378488 1.7562830 2.7515714 3.4326466 3.8580862 
Lcom_lcpid60587                                                   3.3112912 3.0561541 3.0367427 2.9308519 3.0775014 3.3307471 3.0562235 2.9395581 4.3777663 2.9559762 2.9627514 3.1482682 3.3169192 3.2519112 3.1077146 3.0603378 3.1871769 3.0636974 3.3200430 3.6691797 4.0180698 9.0000000 3.3858482 3.1882364 2.2298878 2.2539452 2.4414179 3.3029581 6.8570624 2.4246415 2.2666289 2.1364742 2.5876282 2.1740813 0.0272714 0.0000000 2.9910396 3.0789987 3.1931440 1.4451673 2.9045286 3.5270167 4.1221171 
Clacor_Ccor_C512729_01                                            2.1859613 2.0597526 1.6364557 3.0991429 2.4264049 2.3915278 1.9181324 2.0255192 2.6362647 1.8126855 1.8355358 1.8161386 1.9500131 2.4382063 1.7137359 1.8969266 3.0585750 2.5050972 2.3790956 1.9232312 2.3469250 4.4351279 2.2997620 3.7391464 2.2527915 3.4357205 1.8041736 1.6498990 4.4281857 2.0792108 1.7650977 1.7350948 1.7492362 3.5567234 2.8093076 2.9910396 0.0000000 2.3182328 2.9247150 2.0737114 2.4468324 3.0321164 2.6931396 
Bralan_BLAG02001573_1                                             2.3289260 2.4063123 2.3800855 1.9361449 2.1605219 2.1895889 1.7610730 1.8424062 2.4901934 2.5620301 2.3591774 2.1291178 2.2568997 1.8748260 2.5729617 2.2389858 2.1546229 1.6532563 2.1241258 1.9546150 2.3030258 2.0431896 2.3954049 2.2840041 2.0531306 1.9636416 2.1470788 2.1373079 4.8284763 2.2659054 2.0548900 2.1701825 2.5022249 1.6939385 2.8903536 3.0789987 2.3182328 0.0000000 2.0434230 3.2231288 2.1469488 2.5266277 2.5157369 
Hsap_ENST00000264717                                              2.5138550 2.4390436 2.6683023 1.8437314 2.2358190 2.2060348 2.0307707 1.9835493 2.0647497 2.4483335 2.1521991 2.1306074 2.1499249 1.6223971 2.5257801 2.4220301 2.0334595 2.2352327 2.5294866 2.3257176 2.4638807 2.2533768 2.3488312 2.2623187 2.5143978 2.5661446 2.8290543 3.3651581 3.9970335 2.6450262 2.6273824 2.6981526 2.8229075 2.2098583 3.0378488 3.1931440 2.9247150 2.0434230 0.0000000 3.5312903 2.6406630 2.9192697 2.4009088 
Gracom_Gcom_scaffold18230_01                                      3.5396407 3.1620107 2.1147303 5.1880198 3.2166630 2.9712568 2.7769363 2.8552807 5.4791227 2.7695644 3.1855306 2.6773602 3.1422637 4.4359547 2.8044971 2.6884782 3.3569962 2.8753339 3.0449351 2.4077558 3.6740567 5.7811398 3.0496610 3.7100090 2.1917111 6.1205322 2.4336552 1.7545456 5.5882250 2.1590328 1.8282916 1.8307693 1.8039209 3.8791310 1.7562830 1.4451673 2.0737114 3.2231288 3.5312903 0.0000000 3.2620215 3.4805150 3.5114096 
Ctel_gnl_WGS_AMQN_CAPTEDRAFT_mRNA226744                           2.5477491 2.5716244 2.3210569 2.1581065 2.3334775 2.0331154 1.9928813 1.6035338 1.9118952 3.4545071 2.5190761 2.5616212 2.6029592 1.7549777 2.6325000 2.6359372 2.4547242 1.6916848 2.4366702 1.1833962 2.3286864 2.5988318 2.3426755 2.1652055 2.4047035 2.5387939 2.6498158 2.5481729 3.7119430 2.5971250 3.1502556 2.9593222 2.9670182 2.6144344 2.7515714 2.9045286 2.4468324 2.1469488 2.6406630 3.2620215 0.0000000 3.2058070 2.5687991 
Sanmal_Sma_012977-T1                                              2.6722391 2.8028403 3.2779833 2.1257556 2.4841412 2.4753957 2.5109874 2.4289130 2.9252210 2.7134655 2.6803384 2.6479050 2.6435686 2.3687226 2.6386168 2.7168096 2.4903361 2.4001704 2.9160325 2.4110896 2.7912889 2.2479472 2.8002090 2.7511119 2.7390731 2.8604832 2.9216186 2.5226750 5.1022124 2.8131448 2.7999465 2.8041944 3.0081643 2.3269113 3.4326466 3.5270167 3.0321164 2.5266277 2.9192697 3.4805150 3.2058070 0.0000000 3.2237063 
Stycar_maker-SC_scaffold96389-snap-gene-0.7-mRNA-1                2.7933221 2.3836519 2.2119659 1.1238546 2.1857328 2.1462165 2.5574389 2.3489627 1.0707915 2.5708905 2.5213714 2.3305525 2.5625877 1.4324155 2.2087501 2.7567505 2.2249079 2.3443804 2.3353756 2.5973400 2.1403501 1.3790580 3.4298937 2.6101709 2.8800116 4.0990441 3.0467301 2.7058717 3.2319633 3.0985850 2.5271274 2.4237127 2.7790266 2.6839523 3.8580862 4.1221171 2.6931396 2.5157369 2.4009088 3.5114096 2.5687991 3.2237063 0.0000000 
