51
Lcom_lcpid56146                                                 0.0000000 0.7112252 0.8026258 3.1683626 3.7758731 3.8020405 4.0440845 3.3670889 3.4252578 1.7137839 3.4877771 3.3744068 2.6798648 3.7651522 2.3849201 4.0778200 3.6470297 2.6326690 4.1817646 3.1495484 3.3356905 3.3575439 2.6097066 3.2367580 3.8723449 2.8144319 3.4370725 3.5697835 5.1249318 5.4596572 4.1295042 4.2273428 3.7327719 5.5753646 4.3894593 4.2176083 3.2080100 3.1830756 2.4310376 3.9815134 3.8461158 4.0530492 4.3519790 4.3810098 4.3980109 3.8559493 3.8441218 3.6844485 2.9327451 4.6976195 3.7245470 
Leuniv_Lniv_scaffold24385_01                                    0.7112252 0.0000000 0.7479223 2.5744359 3.1747901 3.3014271 3.3259682 3.3442853 3.4015151 1.6588338 3.5816609 3.1445831 2.4356618 2.8365006 1.8460801 3.0736994 2.7984988 1.9674864 3.7532851 2.8754095 2.9396467 2.6173444 2.2117872 2.8072455 3.1807539 2.8590635 3.3169434 3.4519027 4.6994081 4.6288342 3.9034730 3.9760899 3.4005449 4.1532726 3.8385144 3.9489543 2.8878657 2.7427391 2.0328639 3.8876790 4.1033224 3.6047631 4.1163567 4.4259717 4.4895248 4.4355068 4.4361259 3.9574145 2.5646633 4.3933788 3.8928914 
Gracom_Gcom_C541946_01                                          0.8026258 0.7479223 0.0000000 2.9081019 3.2318510 3.2033779 3.3884880 3.3491790 3.3698373 1.7013978 3.7968206 3.3119318 2.5933321 3.3533883 2.0846389 3.7007450 3.4830988 2.2002593 4.2009951 2.9634857 3.0572320 2.8486245 2.2879697 3.2179110 3.4645609 2.9946619 3.1099642 3.2498204 4.6706572 4.5218389 3.9910062 4.0017562 3.2070952 4.7114902 3.7793982 3.9179087 3.2800626 2.8396990 1.9133686 3.7445328 4.2027540 3.9583681 5.1564844 4.6362062 4.6594142 4.0584111 4.0607453 4.1000182 2.7606516 4.3929694 3.8153777 
Fspp_ffun1.m4.11038.m1                                          3.1683626 2.5744359 2.9081019 0.0000000 0.1702277 0.2642692 0.2239414 0.3556940 0.3561595 0.9669293 0.9980236 1.0496531 1.8557794 1.7990028 1.1807462 2.1489793 1.8994010 1.6067058 1.2879163 1.1139773 1.6655100 1.6270250 1.6249783 2.0675555 2.8989065 2.3163414 2.2481520 2.5301285 3.9105058 3.5064169 2.8475538 2.5576777 2.1518497 2.8681951 2.6463573 2.2551055 2.6696040 1.8777514 1.3980244 2.8332777 2.5425777 2.9722277 2.2865798 3.1187496 3.2526940 3.0215586 3.0111157 2.8952204 3.3011318 2.9823060 1.0941218 
Gasp_gasp1.m3.22070.m1                                          3.7758731 3.1747901 3.2318510 0.1702277 0.0000000 0.2789606 0.2466810 0.4583671 0.4497624 1.2623286 1.1493266 1.3469567 1.9466565 2.0242362 1.3111237 2.5988607 2.2016194 2.2724724 1.5290696 1.3355498 2.0362320 1.6745584 1.7708094 2.3022694 3.3802783 2.4600319 2.5458947 2.8410504 4.0083650 4.3285487 3.6740913 3.3657495 2.9226986 3.7084599 3.2372030 2.8127534 2.8340292 2.3120447 1.8314974 2.9631696 2.2191553 3.3436144 2.7705485 3.4864630 3.5899057 3.3569653 3.3465627 3.2349968 3.6843579 3.5135451 1.3881002 
Spis_XP_022803533_1                                             3.8020405 3.3014271 3.2033779 0.2642692 0.2789606 0.0000000 0.0893787 0.4418395 0.4396360 1.0682821 0.9270334 1.2863650 1.9374905 1.8292680 1.1937792 2.5266356 2.2123121 2.0863652 1.4500782 1.1848723 1.8085829 1.6321342 1.6330097 2.1519644 2.8681794 2.0165591 2.2004585 2.8820879 3.2441805 3.5079983 3.1252384 3.1407821 2.4968342 3.3400868 2.9148317 2.5242910 2.4816193 2.2065747 1.5706548 2.8367483 2.3687202 2.9801801 2.2372825 3.1741043 3.2718337 3.3648695 3.3543162 3.2502825 3.3525510 2.8084307 1.2529515 
Pocdam_XM_027185199.1                                           4.0440845 3.3259682 3.3884880 0.2239414 0.2466810 0.0893787 0.0000000 0.4405123 0.4383392 1.1019512 1.0531596 1.2824875 1.9154993 1.9554043 1.1588874 2.5727217 2.2397444 1.9468334 1.4845083 1.1722149 1.8428736 1.7279178 1.7344070 2.1922236 3.1200694 2.2340851 2.2533484 3.1635293 3.1369970 3.5020177 3.2985848 3.2225638 2.5350023 3.4562602 3.0098696 2.5131428 2.6267043 2.1868434 1.5571851 3.0958865 2.3549232 2.9828152 2.2400537 3.3308706 3.4607870 3.3599615 3.3494941 3.1941354 3.3827527 2.9935574 1.2307206 
Amil_Amillepora22549-RA                                         3.3670889 3.3442853 3.3491790 0.3556940 0.4583671 0.4418395 0.4405123 0.0000000 0.0095822 1.2092918 1.4363183 1.3785293 2.0484787 2.0413882 1.3233725 2.7032340 2.3186434 1.6497136 1.6696602 1.3231290 2.1793457 1.7673912 1.8902516 2.5333512 3.0665055 2.3935556 2.7676267 2.7404473 3.6462000 3.9655037 3.1237824 3.1970541 2.5448954 3.6571006 3.1764153 2.7395954 2.5737168 2.2004512 1.7238652 2.9831219 2.9333671 3.3559560 2.5983980 3.6715022 3.8435229 3.8823207 3.8830625 3.6737789 3.6141981 3.1349701 1.1382427 
Adig_XM_015892883.1                                             3.4252578 3.4015151 3.3698373 0.3561595 0.4497624 0.4396360 0.4383392 0.0095822 0.0000000 1.2101050 1.4266183 1.3763794 2.0443248 2.0269873 1.3233725 2.6828664 2.3012774 1.6506786 1.6666720 1.3230340 2.1408953 1.7650047 1.8759500 2.5362214 3.0675700 2.3916771 2.7619830 2.6902213 3.6462000 3.9642006 3.1244503 3.1964823 2.5448094 3.6471191 3.1758499 2.7436678 2.5685389 2.2174477 1.7244532 2.9843881 2.9832206 3.3606235 2.6145594 3.6615058 3.8327936 3.8711533 3.8718968 3.6638633 3.6385143 3.1107251 1.1744261 
Ctel_gnl_WGS_AMQN_CAPTEDRAFT_mRNA37881                          1.7137839 1.6588338 1.7013978 0.9669293 1.2623286 1.0682821 1.1019512 1.2092918 1.2101050 0.0000000 1.2996476 1.3870321 1.1391010 1.2948240 1.2486984 1.3526302 1.2294938 2.6818775 1.5119257 1.4989519 1.1842229 1.3506856 1.2850055 1.3383377 1.2133859 1.3167238 1.2990663 1.1482349 2.2555194 1.9033220 2.1068702 1.9821199 2.0671482 1.7128830 1.9754616 1.6268831 1.6216664 1.6949262 1.3225446 1.7157666 1.3813296 1.5950575 2.0865713 1.8496750 1.8496750 1.8877009 1.8899797 1.7849957 1.8176176 0.9940661 2.8496155 
Exapal_XM_021040410.2                                           3.4877771 3.5816609 3.7968206 0.9980236 1.1493266 0.9270334 1.0531596 1.4363183 1.4266183 1.2996476 0.0000000 1.3840770 2.7160883 2.1169530 1.5736226 2.4781509 2.4311257 1.7360395 1.8546407 1.4057252 2.4234116 1.9799095 2.1234002 2.3793355 3.0941003 2.8208087 2.5176612 3.2289411 3.0379068 3.5394440 2.9447692 2.8821476 2.2235820 3.1603096 2.8563777 2.7036234 2.7457412 2.1382516 1.6393394 3.2197047 2.4645166 3.0550880 3.2283681 3.7351592 3.6316406 3.0685029 3.0591703 3.1303375 3.6790537 3.6462433 1.4533849 
Nvec_v1g86363                                                   3.3744068 3.1445831 3.3119318 1.0496531 1.3469567 1.2863650 1.2824875 1.3785293 1.3763794 1.3870321 1.3840770 0.0000000 2.4264744 2.2977989 1.4437469 2.6404550 2.3902258 2.0996586 1.8608663 1.4685035 2.5006803 1.9381427 2.0971727 1.9265119 2.6949257 2.3390173 2.5127620 2.6722556 3.2989206 3.3742427 2.7491050 2.7031547 2.2829664 3.1435225 2.3265267 2.6925027 2.6945050 2.2165767 1.7800124 3.2768728 2.3341947 2.7514731 2.6829443 3.9618939 4.0735750 3.6367842 3.6517878 3.5202877 3.1148992 3.1599554 1.9908618 
Hsap_ENST00000297632                                            2.6798648 2.4356618 2.5933321 1.8557794 1.9466565 1.9374905 1.9154993 2.0484787 2.0443248 1.1391010 2.7160883 2.4264744 0.0000000 1.9436046 1.0385217 2.1528674 1.7475905 1.3032234 2.0253920 1.9930094 2.4543947 1.5711784 1.7369643 2.5925544 2.2641295 2.1114001 2.3828300 2.7144415 4.5777785 4.0963077 3.4194404 3.3591292 3.5434075 3.5129376 3.6551776 3.2153243 2.7989510 2.3013789 1.7266370 3.0277040 3.5175128 3.4654980 4.0041306 3.3185895 3.3885754 3.3607245 3.3625567 3.3293681 2.9723488 3.6364836 3.2070308 
Sanmal_Sma_007800-T1                                            3.7651522 2.8365006 3.3533883 1.7990028 2.0242362 1.8292680 1.9554043 2.0413882 2.0269873 1.2948240 2.1169530 2.2977989 1.9436046 0.0000000 0.3709711 1.0231614 0.9551794 1.0694870 2.4546004 2.3105799 2.5920620 2.0003950 2.3878721 1.8307780 3.1011704 3.2239349 2.7082750 3.1648149 4.0503280 3.6854490 3.9020458 4.4864030 2.8886142 4.3978937 3.0605929 3.5472685 3.2919154 2.1143776 1.4528380 3.2974034 2.6117681 3.2147819 3.7841706 4.0579390 4.1017390 3.7242006 3.7249452 3.5859323 3.4581082 2.3494586 3.6345626 
Aaur_scaffold199.g6.t1                                          2.3849201 1.8460801 2.0846389 1.1807462 1.3111237 1.1937792 1.1588874 1.3233725 1.3233725 1.2486984 1.5736226 1.4437469 1.0385217 0.3709711 0.0000000 0.3352100 0.2974828 0.7667803 1.2773248 1.3691157 1.5351231 1.4561153 1.2025944 1.0217626 1.6969870 1.5507433 1.5147277 2.5219054 3.2913768 3.1107339 3.4121057 3.5738298 3.5030509 2.5696528 2.7223742 2.3314671 1.6665820 1.5444425 1.1813027 2.5499892 1.1216876 1.5535615 2.1940985 2.4783164 2.4783164 2.3076437 2.3096009 2.2402786 2.3659566 0.6836080 2.2654607 
Rhoesc_Res_012076-T1                                            4.0778200 3.0736994 3.7007450 2.1489793 2.5988607 2.5266356 2.5727217 2.7032340 2.6828664 1.3526302 2.4781509 2.6404550 2.1528674 1.0231614 0.3352100 0.0000000 0.4527289 1.3610596 2.8220983 2.1815905 2.5433064 2.3155035 2.5687328 1.9777027 3.3639057 2.8983775 2.4243861 3.7018890 4.6063279 3.8942472 3.9925225 3.8148623 2.9279497 4.0220564 3.1928359 3.1238146 3.0340064 2.2936246 1.6078886 3.0126621 2.4669246 3.6208922 3.7298026 4.5941513 4.5639613 4.4021813 4.4027842 4.2575047 3.5417093 2.2883523 3.6703353 
Nemnom_g1805.t1                                                 3.6470297 2.7984988 3.4830988 1.8994010 2.2016194 2.2123121 2.2397444 2.3186434 2.3012774 1.2294938 2.4311257 2.3902258 1.7475905 0.9551794 0.2974828 0.4527289 0.0000000 1.1628769 2.5030156 2.2571281 2.3523790 1.9644367 2.3414294 2.2133556 3.2881926 3.1497547 2.5150031 3.6012082 4.1733585 3.6660428 3.7652920 3.8457068 2.7879620 3.4627934 3.1577458 3.1961136 2.7566373 2.3498192 1.3696667 2.9747478 2.6722987 3.9699928 3.4117041 4.4128003 4.4262940 4.5224817 4.5230600 4.3590935 3.1919796 2.0462853 3.7224527 
Morvir_scaffold178.g11.t1                                       2.6326690 1.9674864 2.2002593 1.6067058 2.2724724 2.0863652 1.9468334 1.6497136 1.6506786 2.6818775 1.7360395 2.0996586 1.3032234 1.0694870 0.7667803 1.3610596 1.1628769 0.0000000 2.0002818 1.5867484 2.0742890 2.0330097 1.6509031 1.7719999 2.3119036 2.3093019 2.1148868 2.6466005 8.9999983 4.5787912 3.5893197 5.1024809 3.7232964 3.4100353 3.3283561 4.7476557 3.4921482 4.0666215 3.9446737 2.6848920 0.0000010 4.7539256 3.3632479 2.9925171 2.9925171 3.0473114 3.0527307 2.6479283 1.8674261 0.0000010 2.6671551 
Dgig_XM_028550351.1                                             4.1817646 3.7532851 4.2009951 1.2879163 1.5290696 1.4500782 1.4845083 1.6696602 1.6666720 1.5119257 1.8546407 1.8608663 2.0253920 2.4546004 1.2773248 2.8220983 2.5030156 2.0002818 0.0000000 0.5270677 2.4040098 2.3398231 2.3574326 2.3865870 3.1736211 2.8074425 3.1211777 3.1435685 3.5534075 3.9799489 3.0945987 3.3004295 2.7215668 3.4771178 3.1366059 3.2330709 2.7649166 2.0015164 1.9657555 3.5854453 2.6538950 3.7743941 3.6070649 3.3914701 3.3540959 3.0357163 3.0265265 3.0525721 2.8590639 3.5114405 2.2784815 
Xesp_019278-T1                                                  3.1495484 2.8754095 2.9634857 1.1139773 1.3355498 1.1848723 1.1722149 1.3231290 1.3230340 1.4989519 1.4057252 1.4685035 1.9930094 2.3105799 1.3691157 2.1815905 2.2571281 1.5867484 0.5270677 0.0000000 2.0986256 2.3121922 2.1491147 2.0874962 2.7908834 2.3712208 2.3074008 2.9731850 3.4500245 3.7044718 2.7465368 3.1177802 3.3995582 3.0519938 3.3452170 2.6621308 2.5503455 2.3439683 2.1529574 3.4319211 1.8171567 2.5732280 2.5074905 2.6826668 2.7238594 2.7303961 2.7204773 2.6225708 2.4114675 2.4012194 2.5202560 
Opea_EP00118_Oscarella_pearsei_P013326                          3.3356905 2.9396467 3.0572320 1.6655100 2.0362320 1.8085829 1.8428736 2.1793457 2.1408953 1.1842229 2.4234116 2.5006803 2.4543947 2.5920620 1.5351231 2.5433064 2.3523790 2.0742890 2.4040098 2.0986256 0.0000000 2.5922522 2.6301782 2.5618808 3.5053030 3.3730547 2.6479026 3.1866586 4.9215090 3.6991765 3.1965796 2.9927497 2.5364470 3.4798792 2.8378224 2.8247553 2.4834974 2.0346073 1.2829733 2.6297679 3.0325793 3.3465586 3.1110490 2.7407131 2.7397677 2.6078225 2.6174595 2.4560957 3.1183008 4.6036121 2.6883969 
Cscu_XM_023381068.1                                             3.3575439 2.6173444 2.8486245 1.6270250 1.6745584 1.6321342 1.7279178 1.7673912 1.7650047 1.3506856 1.9799095 1.9381427 1.5711784 2.0003950 1.4561153 2.3155035 1.9644367 2.0330097 2.3398231 2.3121922 2.5922522 0.0000000 1.7504232 2.1843191 1.8550717 1.6845882 1.9152864 2.4429787 3.3047928 3.2291578 2.9751618 2.7390272 3.1071333 3.1405403 3.1989136 2.8151009 2.4251393 2.5854666 1.8790913 1.6789114 2.3953220 3.0899204 2.7594600 3.4486732 3.3936237 3.1402291 3.1421089 2.8795595 2.5422491 2.7065745 2.9514118 
Skow_XM_006814785.1                                             2.6097066 2.2117872 2.2879697 1.6249783 1.7708094 1.6330097 1.7344070 1.8902516 1.8759500 1.2850055 2.1234002 2.0971727 1.7369643 2.3878721 1.2025944 2.5687328 2.3414294 1.6509031 2.3574326 2.1491147 2.6301782 1.7504232 0.0000000 2.3985313 2.4213485 2.0090693 1.9261925 2.6747766 3.3057273 2.9540923 2.8493120 3.0621635 2.8829342 3.3156293 2.7432883 2.9837017 2.4449569 2.8382060 1.9389568 2.3299513 2.6550448 3.5245757 3.3740939 3.7754447 3.6719167 3.4530169 3.4683015 3.5102638 2.8438015 4.4438709 3.4438034 
Chem_TCONS_00007817                                             3.2367580 2.8072455 3.2179110 2.0675555 2.3022694 2.1519644 2.1922236 2.5333512 2.5362214 1.3383377 2.3793355 1.9265119 2.5925544 1.8307780 1.0217626 1.9777027 2.2133556 1.7719999 2.3865870 2.0874962 2.5618808 2.1843191 2.3985313 0.0000000 3.2433658 2.6071364 2.5596342 3.2524849 3.8250401 3.6352377 4.5065368 3.8324505 2.8086722 3.5956728 2.9556439 2.7100634 3.0480817 1.8692531 1.6133219 2.4638928 1.6278830 3.3194571 3.2495950 4.5950707 4.4792119 3.8865539 3.8886929 3.5836551 3.5610004 3.4950856 4.3806443 
Acagra_model.g11732.t1                                          3.8723449 3.1807539 3.4645609 2.8989065 3.3802783 2.8681794 3.1200694 3.0665055 3.0675700 1.2133859 3.0941003 2.6949257 2.2641295 3.1011704 1.6969870 3.3639057 3.2881926 2.3119036 3.1736211 2.7908834 3.5053030 1.8550717 2.4213485 3.2433658 0.0000000 2.4847091 2.4338418 2.9879192 3.7077482 4.2638830 3.2112407 3.5916831 3.1661682 3.6349354 3.4598677 3.4949012 3.5429159 2.8619847 2.4642180 3.0980394 2.9994248 3.3024179 3.8624881 3.6115203 3.6598564 3.9077740 3.9100720 3.4741436 3.3182983 3.7362252 4.5076419 
Bralan_BLAG02001731_1                                           2.8144319 2.8590635 2.9946619 2.3163414 2.4600319 2.0165591 2.2340851 2.3935556 2.3916771 1.3167238 2.8208087 2.3390173 2.1114001 3.2239349 1.5507433 2.8983775 3.1497547 2.3093019 2.8074425 2.3712208 3.3730547 1.6845882 2.0090693 2.6071364 2.4847091 0.0000000 2.3582989 2.9530592 3.9305216 3.7810735 4.0045231 3.5112337 3.2052083 4.7295068 3.7793788 3.1629939 2.1263253 2.8933086 1.8051893 2.2964874 3.5088334 2.8897613 3.8501967 4.4055737 4.5152334 3.7838319 3.7859854 3.6986239 3.5864995 4.4688284 3.6396014 
Spur_XM_787810.4                                                3.4370725 3.3169434 3.1099642 2.2481520 2.5458947 2.2004585 2.2533484 2.7676267 2.7619830 1.2990663 2.5176612 2.5127620 2.3828300 2.7082750 1.5147277 2.4243861 2.5150031 2.1148868 3.1211777 2.3074008 2.6479026 1.9152864 1.9261925 2.5596342 2.4338418 2.3582989 0.0000000 3.2800219 4.0982765 3.7982347 3.9344067 3.3506464 2.2757482 4.1747966 3.1510995 3.0897616 3.3480346 2.7225732 1.7930729 2.4923895 2.2762114 3.4302306 2.8762671 3.6206026 3.5511066 3.6002412 3.6022466 3.6027671 3.8432964 3.3612595 3.1734287 
Dpul_mRNA25318                                                  3.5697835 3.4519027 3.2498204 2.5301285 2.8410504 2.8820879 3.1635293 2.7404473 2.6902213 1.1482349 3.2289411 2.6722556 2.7144415 3.1648149 2.5219054 3.7018890 3.6012082 2.6466005 3.1435685 2.9731850 3.1866586 2.4429787 2.6747766 3.2524849 2.9879192 2.9530592 3.2800219 0.0000000 5.5013774 4.9676362 3.7575924 3.9093019 4.0274550 4.4709081 3.6016688 4.2698300 3.2954683 3.0137629 1.6098131 3.1577845 3.1244809 3.6480936 3.6537445 4.2396990 4.3676125 4.4480479 4.4507764 4.5596516 3.5577333 4.7170432 4.8211399 
Horcal_Hcv1.av93.c9.g477.i1                                     5.1249318 4.6994081 4.6706572 3.9105058 4.0083650 3.2441805 3.1369970 3.6462000 3.6462000 2.2555194 3.0379068 3.2989206 4.5777785 4.0503280 3.2913768 4.6063279 4.1733585 8.9999983 3.5534075 3.4500245 4.9215090 3.3047928 3.3057273 3.8250401 3.7077482 3.9305216 4.0982765 5.5013774 0.0000000 0.0910377 1.0118815 0.9245190 0.6553885 0.9869066 0.8187489 1.1807294 3.7827443 3.2445299 2.1622596 4.3891219 2.6305414 5.3454268 4.6901887 4.3612416 4.4640048 4.8217067 4.8390591 4.9072234 4.8148572 4.2474657 4.4830585 
Pbac_sb2653288                                                  5.4596572 4.6288342 4.5218389 3.5064169 4.3285487 3.5079983 3.5020177 3.9655037 3.9642006 1.9033220 3.5394440 3.3742427 4.0963077 3.6854490 3.1107339 3.8942472 3.6660428 4.5787912 3.9799489 3.7044718 3.6991765 3.2291578 2.9540923 3.6352377 4.2638830 3.7810735 3.7982347 4.9676362 0.0910377 0.0000000 1.0416523 1.0991289 0.7153496 1.0929010 0.9196651 1.3892260 4.2308621 3.5891262 2.6970847 3.9809203 3.0842562 5.6592671 4.5820890 4.9842837 4.9700009 4.5199794 4.5329520 4.6085609 4.3379714 5.0168086 4.5439853 
Vmul_sbMO422751                                                 4.1295042 3.9034730 3.9910062 2.8475538 3.6740913 3.1252384 3.2985848 3.1237824 3.1244503 2.1068702 2.9447692 2.7491050 3.4194404 3.9020458 3.4121057 3.9925225 3.7652920 3.5893197 3.0945987 2.7465368 3.1965796 2.9751618 2.8493120 4.5065368 3.2112407 4.0045231 3.9344067 3.7575924 1.0118815 1.0416523 0.0000000 0.3472273 0.9757304 1.0369240 1.1214050 1.2051101 3.8311109 2.8349852 2.2616467 4.7577487 3.5019667 4.9080116 4.0225560 4.1037054 4.1640566 4.3069459 4.3204977 4.3472020 3.5061656 3.7696592 5.0948162 
Coemet_Cmet_scaffold9181_01                                     4.2273428 3.9760899 4.0017562 2.5576777 3.3657495 3.1407821 3.2225638 3.1970541 3.1964823 1.9821199 2.8821476 2.7031547 3.3591292 4.4864030 3.5738298 3.8148623 3.8457068 5.1024809 3.3004295 3.1177802 2.9927497 2.7390272 3.0621635 3.8324505 3.5916831 3.5112337 3.3506464 3.9093019 0.9245190 1.0991289 0.3472273 0.0000000 0.9659946 1.0023717 0.9627087 1.1054065 3.5630523 3.4492407 2.3611059 4.5226622 2.5942558 4.6635003 3.8572179 4.3716155 4.4332796 4.1873698 4.2002133 4.0793117 3.5731549 4.5679808 5.4931857 
Drygla_Dgla_sb285774                                            3.7327719 3.4005449 3.2070952 2.1518497 2.9226986 2.4968342 2.5350023 2.5448954 2.5448094 2.0671482 2.2235820 2.2829664 3.5434075 2.8886142 3.5030509 2.9279497 2.7879620 3.7232964 2.7215668 3.3995582 2.5364470 3.1071333 2.8829342 2.8086722 3.1661682 3.2052083 2.2757482 4.0274550 0.6553885 0.7153496 0.9757304 0.9659946 0.0000000 0.9500329 0.7867599 0.8867289 2.5942214 3.1492285 2.1782595 3.9138475 2.3058928 2.7355582 2.5305745 2.9665578 2.9860118 3.3037464 3.3173962 2.9920051 3.4802742 3.5019693 3.5091089 
Lampan_Lpan_C405441_01                                          5.5753646 4.1532726 4.7114902 2.8681951 3.7084599 3.3400868 3.4562602 3.6571006 3.6471191 1.7128830 3.1603096 3.1435225 3.5129376 4.3978937 2.5696528 4.0220564 3.4627934 3.4100353 3.4771178 3.0519938 3.4798792 3.1405403 3.3156293 3.5956728 3.6349354 4.7295068 4.1747966 4.4709081 0.9869066 1.0929010 1.0369240 1.0023717 0.9500329 0.0000000 0.9104607 1.3672705 4.2329100 3.1015286 2.1231613 4.1201687 2.7695449 4.6877037 3.9242237 5.5398591 5.4162580 5.0407813 5.0438252 4.8272387 3.6603482 3.3626250 5.2061434 
Beraby_Baby_sb325561                                            4.3894593 3.8385144 3.7793982 2.6463573 3.2372030 2.9148317 3.0098696 3.1764153 3.1758499 1.9754616 2.8563777 2.3265267 3.6551776 3.0605929 2.7223742 3.1928359 3.1577458 3.3283561 3.1366059 3.3452170 2.8378224 3.1989136 2.7432883 2.9556439 3.4598677 3.7793788 3.1510995 3.6016688 0.8187489 0.9196651 1.1214050 0.9627087 0.7867599 0.9104607 0.0000000 1.2212689 3.3594675 3.4074815 2.2791027 4.6841868 2.4946307 3.7600025 3.2891508 4.1877330 4.0522232 3.6236855 3.6358065 3.7142149 3.7134228 2.9888095 4.8597989 
Eupdun_Edun_sb10600657                                          4.2176083 3.9489543 3.9179087 2.2551055 2.8127534 2.5242910 2.5131428 2.7395954 2.7436678 1.6268831 2.7036234 2.6925027 3.2153243 3.5472685 2.3314671 3.1238146 3.1961136 4.7476557 3.2330709 2.6621308 2.8247553 2.8151009 2.9837017 2.7100634 3.4949012 3.1629939 3.0897616 4.2698300 1.1807294 1.3892260 1.2051101 1.1054065 0.8867289 1.3672705 1.2212689 0.0000000 3.5024788 3.3475930 2.1375782 4.0213440 2.6108029 3.7444645 3.8060864 3.7378975 3.8357554 3.8520335 3.8397368 3.7179715 3.7189547 5.2840339 3.8062646 
Aque_Aqu2.1.41388_001                                           3.2080100 2.8878657 3.2800626 2.6696040 2.8340292 2.4816193 2.6267043 2.5737168 2.5685389 1.6216664 2.7457412 2.6945050 2.7989510 3.2919154 1.6665820 3.0340064 2.7566373 3.4921482 2.7649166 2.5503455 2.4834974 2.4251393 2.4449569 3.0480817 3.5429159 2.1263253 3.3480346 3.2954683 3.7827443 4.2308621 3.8311109 3.5630523 2.5942214 4.2329100 3.3594675 3.5024788 0.0000000 1.9298914 1.0531850 3.2165556 3.4304267 1.5567212 2.1003652 4.5732137 4.6241436 3.7543082 3.7551325 3.7269844 3.4706634 3.3507595 4.3941297 
Tetwil_g12931.t1                                                3.1830756 2.7427391 2.8396990 1.8777514 2.3120447 2.2065747 2.1868434 2.2004512 2.2174477 1.6949262 2.1382516 2.2165767 2.3013789 2.1143776 1.5444425 2.2936246 2.3498192 4.0666215 2.0015164 2.3439683 2.0346073 2.5854666 2.8382060 1.8692531 2.8619847 2.8933086 2.7225732 3.0137629 3.2445299 3.5891262 2.8349852 3.4492407 3.1492285 3.1015286 3.4074815 3.3475930 1.9298914 0.0000000 0.8155292 3.4181998 1.7749879 1.5138916 1.7129952 3.6710942 3.6673328 3.4276983 3.4144634 3.2859002 2.4072891 1.9363188 3.4979000 
Stycar_maker-SC_scaffold140058-augustus-gene-0.16-mRNA-1        2.4310376 2.0328639 1.9133686 1.3980244 1.8314974 1.5706548 1.5571851 1.7238652 1.7244532 1.3225446 1.6393394 1.7800124 1.7266370 1.4528380 1.1813027 1.6078886 1.3696667 3.9446737 1.9657555 2.1529574 1.2829733 1.8790913 1.9389568 1.6133219 2.4642180 1.8051893 1.7930729 1.6098131 2.1622596 2.6970847 2.2616467 2.3611059 2.1782595 2.1231613 2.2791027 2.1375782 1.0531850 0.8155292 0.0000000 3.1017599 1.0607190 0.5079677 1.2555212 2.9615362 2.9070772 2.2852893 2.2882436 2.2873943 1.6294120 0.4188236 2.7324782 
Tcas_TC011682_001                                               3.9815134 3.8876790 3.7445328 2.8332777 2.9631696 2.8367483 3.0958865 2.9831219 2.9843881 1.7157666 3.2197047 3.2768728 3.0277040 3.2974034 2.5499892 3.0126621 2.9747478 2.6848920 3.5854453 3.4319211 2.6297679 1.6789114 2.3299513 2.4638928 3.0980394 2.2964874 2.4923895 3.1577845 4.3891219 3.9809203 4.7577487 4.5226622 3.9138475 4.1201687 4.6841868 4.0213440 3.2165556 3.4181998 3.1017599 0.0000000 2.7649823 4.1126761 3.6443025 4.5520387 4.5133079 3.9040523 3.9065067 3.9871050 3.6968660 5.9108000 3.9499042 
Hvul_g23849_1                                                   3.8461158 4.1033224 4.2027540 2.5425777 2.2191553 2.3687202 2.3549232 2.9333671 2.9832206 1.3813296 2.4645166 2.3341947 3.5175128 2.6117681 1.1216876 2.4669246 2.6722987 0.0000010 2.6538950 1.8171567 3.0325793 2.3953220 2.6550448 1.6278830 2.9994248 3.5088334 2.2762114 3.1244809 2.6305414 3.0842562 3.5019667 2.5942558 2.3058928 2.7695449 2.4946307 2.6108029 3.4304267 1.7749879 1.0607190 2.7649823 0.0000000 3.1125560 3.5225060 2.8393521 2.8279932 2.2843205 2.2843205 2.3987427 4.6833794 2.6926671 4.0376340 
Xestes_augustus_masked-XT_scaffold402-processed-gene-0.1-mRNA-1 4.0530492 3.6047631 3.9583681 2.9722277 3.3436144 2.9801801 2.9828152 3.3559560 3.3606235 1.5950575 3.0550880 2.7514731 3.4654980 3.2147819 1.5535615 3.6208922 3.9699928 4.7539256 3.7743941 2.5732280 3.3465586 3.0899204 3.5245757 3.3194571 3.3024179 2.8897613 3.4302306 3.6480936 5.3454268 5.6592671 4.9080116 4.6635003 2.7355582 4.6877037 3.7600025 3.7444645 1.5567212 1.5138916 0.5079677 4.1126761 3.1125560 0.0000000 2.2793436 5.2923307 5.2952344 4.4467390 4.4496654 4.3878355 4.9791865 3.7955606 5.6181339 
Plespi_Pspi_C592780_01                                          4.3519790 4.1163567 5.1564844 2.2865798 2.7705485 2.2372825 2.2400537 2.5983980 2.6145594 2.0865713 3.2283681 2.6829443 4.0041306 3.7841706 2.1940985 3.7298026 3.4117041 3.3632479 3.6070649 2.5074905 3.1110490 2.7594600 3.3740939 3.2495950 3.8624881 3.8501967 2.8762671 3.6537445 4.6901887 4.5820890 4.0225560 3.8572179 2.5305745 3.9242237 3.2891508 3.8060864 2.1003652 1.7129952 1.2555212 3.6443025 3.5225060 2.2793436 0.0000000 4.2251912 4.1931187 4.7691155 4.7883427 4.7869364 4.0906120 4.0971605 3.7664707 
TrH2_TrispH2_000553-RA                                          4.3810098 4.4259717 4.6362062 3.1187496 3.4864630 3.1741043 3.3308706 3.6715022 3.6615058 1.8496750 3.7351592 3.9618939 3.3185895 4.0579390 2.4783164 4.5941513 4.4128003 2.9925171 3.3914701 2.6826668 2.7407131 3.4486732 3.7754447 4.5950707 3.6115203 4.4055737 3.6206026 4.2396990 4.3612416 4.9842837 4.1037054 4.3716155 2.9665578 5.5398591 4.1877330 3.7378975 4.5732137 3.6710942 2.9615362 4.5520387 2.8393521 5.2923307 4.2251912 0.0000000 0.0091844 0.4299111 0.4332141 0.3971871 4.0655538 5.1310143 4.2099485 
Tadh_TriadT58081                                                4.3980109 4.4895248 4.6594142 3.2526940 3.5899057 3.2718337 3.4607870 3.8435229 3.8327936 1.8496750 3.6316406 4.0735750 3.3885754 4.1017390 2.4783164 4.5639613 4.4262940 2.9925171 3.3540959 2.7238594 2.7397677 3.3936237 3.6719167 4.4792119 3.6598564 4.5152334 3.5511066 4.3676125 4.4640048 4.9700009 4.1640566 4.4332796 2.9860118 5.4162580 4.0522232 3.8357554 4.6241436 3.6673328 2.9070772 4.5133079 2.8279932 5.2952344 4.1931187 0.0091844 0.0000000 0.4171147 0.4202801 0.3854412 4.0842503 5.2050607 4.2806151 
Hhon_g00138.t1                                                  3.8559493 4.4355068 4.0584111 3.0215586 3.3569653 3.3648695 3.3599615 3.8823207 3.8711533 1.8877009 3.0685029 3.6367842 3.3607245 3.7242006 2.3076437 4.4021813 4.5224817 3.0473114 3.0357163 2.7303961 2.6078225 3.1402291 3.4530169 3.8865539 3.9077740 3.7838319 3.6002412 4.4480479 4.8217067 4.5199794 4.3069459 4.1873698 3.3037464 5.0407813 3.6236855 3.8520335 3.7543082 3.4276983 2.2852893 3.9040523 2.2843205 4.4467390 4.7691155 0.4299111 0.4171147 0.0000000 0.0046630 0.1528915 4.1338467 4.6545987 4.5898966 
HoiH04_mRNA4306                                                 3.8441218 4.4361259 4.0607453 3.0111157 3.3465627 3.3543162 3.3494941 3.8830625 3.8718968 1.8899797 3.0591703 3.6517878 3.3625567 3.7249452 2.3096009 4.4027842 4.5230600 3.0527307 3.0265265 2.7204773 2.6174595 3.1421089 3.4683015 3.8886929 3.9100720 3.7859854 3.6022466 4.4507764 4.8390591 4.5329520 4.3204977 4.2002133 3.3173962 5.0438252 3.6358065 3.8397368 3.7551325 3.4144634 2.2882436 3.9065067 2.2843205 4.4496654 4.7883427 0.4332141 0.4202801 0.0046630 0.0000000 0.1541790 4.1201071 4.6545987 4.5647752 
HoiH06_mRNA3137                                                 3.6844485 3.9574145 4.1000182 2.8952204 3.2349968 3.2502825 3.1941354 3.6737789 3.6638633 1.7849957 3.1303375 3.5202877 3.3293681 3.5859323 2.2402786 4.2575047 4.3590935 2.6479283 3.0525721 2.6225708 2.4560957 2.8795595 3.5102638 3.5836551 3.4741436 3.6986239 3.6027671 4.5596516 4.9072234 4.6085609 4.3472020 4.0793117 2.9920051 4.8272387 3.7142149 3.7179715 3.7269844 3.2859002 2.2873943 3.9871050 2.3987427 4.3878355 4.7869364 0.3971871 0.3854412 0.1528915 0.1541790 0.0000000 4.1664139 4.6924874 4.5822647 
Cgig_XM_011444045.3                                             2.9327451 2.5646633 2.7606516 3.3011318 3.6843579 3.3525510 3.3827527 3.6141981 3.6385143 1.8176176 3.6790537 3.1148992 2.9723488 3.4581082 2.3659566 3.5417093 3.1919796 1.8674261 2.8590639 2.4114675 3.1183008 2.5422491 2.8438015 3.5610004 3.3182983 3.5864995 3.8432964 3.5577333 4.8148572 4.3379714 3.5061656 3.5731549 3.4802742 3.6603482 3.7134228 3.7189547 3.4706634 2.4072891 1.6294120 3.6968660 4.6833794 4.9791865 4.0906120 4.0655538 4.0842503 4.1338467 4.1201071 4.1664139 0.0000000 4.5444383 3.5639907 
Morvir_scaffold178.g13.t2                                       4.6976195 4.3933788 4.3929694 2.9823060 3.5135451 2.8084307 2.9935574 3.1349701 3.1107251 0.9940661 3.6462433 3.1599554 3.6364836 2.3494586 0.6836080 2.2883523 2.0462853 0.0000010 3.5114405 2.4012194 4.6036121 2.7065745 4.4438709 3.4950856 3.7362252 4.4688284 3.3612595 4.7170432 4.2474657 5.0168086 3.7696592 4.5679808 3.5019693 3.3626250 2.9888095 5.2840339 3.3507595 1.9363188 0.4188236 5.9108000 2.6926671 3.7955606 4.0971605 5.1310143 5.2050607 4.6545987 4.6545987 4.6924874 4.5444383 0.0000000 8.9999980 
Gfas_gfas1.m1.6304.m1                                           3.7245470 3.8928914 3.8153777 1.0941218 1.3881002 1.2529515 1.2307206 1.1382427 1.1744261 2.8496155 1.4533849 1.9908618 3.2070308 3.6345626 2.2654607 3.6703353 3.7224527 2.6671551 2.2784815 2.5202560 2.6883969 2.9514118 3.4438034 4.3806443 4.5076419 3.6396014 3.1734287 4.8211399 4.4830585 4.5439853 5.0948162 5.4931857 3.5091089 5.2061434 4.8597989 3.8062646 4.3941297 3.4979000 2.7324782 3.9499042 4.0376340 5.6181339 3.7664707 4.2099485 4.2806151 4.5898966 4.5647752 4.5822647 3.5639907 8.9999980 0.0000000 
