59
Lcom_lcpid89080                                       0.0000000 0.2062782 0.8519723 0.8676252 1.2571117 5.2557516 3.4259703 3.4461085 3.4143343 3.6277229 3.6019252 3.1774067 4.0095132 3.4755624 3.5566269 3.7042744 3.7521469 2.9464169 3.7583763 3.6403408 4.3087734 2.5706872 3.9204654 4.0361725 3.3662065 4.0493084 4.0021280 4.7168311 4.8295680 4.4595693 3.9748562 3.8803913 4.1547825 4.1119982 4.3211248 4.3428371 4.3042173 3.9159465 3.9641492 4.1314387 4.3731473 4.3731473 4.2455371 4.3176964 4.1344021 4.5626783 4.2626021 4.1266726 3.5030582 3.3312457 3.3466348 3.0578159 3.0739989 3.3401970 4.2478774 3.7652571 4.2558014 5.1813596 4.4661573 
Lcom_lcpid64822                                       0.2062782 0.0000000 0.6267280 0.6391271 1.0257849 3.1516923 2.9560560 2.9148875 2.8972514 3.0007342 2.9224180 3.1124185 3.2636789 3.1253001 2.9437957 3.2143805 2.9928736 3.0666338 3.2767619 2.9237553 3.5896532 2.5706872 3.2697333 3.1434623 3.3234914 3.8472989 3.6561723 3.5702036 3.8339703 4.0351401 3.6147626 3.4032171 3.6961713 3.6503717 3.7302882 3.7433067 3.7012998 3.5185282 4.2294736 3.5594274 3.8404811 3.8404811 3.9641331 3.7451031 3.6363754 3.4484767 3.3766274 3.5353304 2.7828026 2.6473279 2.5496815 2.4963885 2.3308556 3.3659003 2.8915620 3.5517168 4.1581250 5.1185818 4.4718377 
Leuniv_Lniv_C811862_01                                0.8519723 0.6267280 0.0000000 0.4468872 0.9345964 3.9259910 3.6622664 3.6026865 3.5802110 3.5567822 3.5317621 3.2109639 3.2818082 3.5538698 3.2733802 3.4145937 3.1336218 3.4099655 3.4923694 3.2802991 4.0772012 2.8047017 3.2060198 3.4698118 3.7780136 4.2346596 4.2722639 3.8153035 4.1880189 4.5326748 4.1794868 3.9825719 4.3322275 4.3372057 4.2036345 4.2089989 4.2829056 3.8668558 4.4867250 4.1820013 4.3308056 4.3308056 4.6396093 4.3826668 4.3632798 3.9403510 3.7365888 4.0475038 2.8650547 2.5750314 2.9770367 2.5356398 2.3111204 3.1451074 3.1299976 4.0078800 4.5544120 4.4298715 4.8868347 
Scil_scict001384.1                                    0.8676252 0.6391271 0.4468872 0.0000000 0.8119451 3.4005067 3.2887392 3.3150215 3.2943928 3.1685056 3.1797915 3.3112290 3.5069690 3.3814312 2.9780876 3.3732146 3.3124556 3.6761585 3.3700821 2.9980877 3.9924335 2.8251108 3.1349659 3.4832909 3.5814331 4.1297041 4.0138450 3.8488421 3.9779651 4.3659302 3.9594349 3.6522921 3.9167257 3.9441199 3.9650671 3.9707841 4.0128436 3.8389178 4.0310083 3.6788044 4.0441056 4.0441056 4.2965896 4.0256441 3.9148901 3.5938506 3.6057650 3.6539082 2.8714829 2.7414743 2.8870398 2.6248880 2.2283599 3.1966481 3.0203357 4.0903756 4.6756185 4.2602664 4.7106752 
Gracom_Gcom_scaffold12197_01                          1.2571117 1.0257849 0.9345964 0.8119451 0.0000000 3.6947023 3.5939848 3.6877530 3.6636312 3.6323330 3.6707974 3.7910273 3.7171884 3.5106541 3.3365997 3.5952995 3.1945977 3.5343364 3.4960751 3.3138578 3.9107873 2.8948302 3.5398382 3.7985646 3.8995420 4.0622827 4.0686505 3.5736202 3.5926302 4.2454118 4.4310256 4.4341368 4.2856926 4.2393475 4.3067919 4.3130805 4.3758903 4.3718024 4.6456713 3.8790684 4.0559877 4.0559877 4.3880801 4.0484823 3.9527156 3.8419093 3.9409209 4.0843229 2.7908227 2.7866616 2.7406464 2.4587594 2.6556957 3.2301810 3.2249509 4.2709300 4.6161115 4.5815483 5.1390307 
HoiH11_mRNA8486                                       5.2557516 3.1516923 3.9259910 3.4005067 3.6947023 0.0000000 0.2856608 0.3053795 0.3053795 0.2991792 0.5440237 1.9505160 2.4757806 2.2806564 2.2570179 2.1494646 2.2563676 2.2848863 2.4424531 2.2680378 3.0819800 0.8900296 2.3565740 2.5292004 2.4467260 3.3538991 3.2085408 3.8676426 3.6698939 2.7399348 3.0306941 2.8096522 3.0367181 2.9129810 2.9499825 2.9499825 2.8397281 3.0976875 4.7286119 3.3746804 3.3263797 3.3263797 3.8396383 3.4717044 3.4106681 3.3577688 4.0809765 4.9669773 3.7292522 3.5155241 3.4747748 3.7924958 4.1770207 5.1257271 2.3732201 3.4283327 3.2968755 2.3746267 5.7822002 
HoiH23_PlH23_000874-RA                                3.4259703 2.9560560 3.6622664 3.2887392 3.5939848 0.2856608 0.0000000 0.1369821 0.1331395 0.1787568 0.2162021 1.5060604 1.9508487 1.6585375 1.6636161 1.7397417 1.8926727 1.4210189 1.9577813 1.7208166 2.3115131 1.5028247 1.8448152 2.2070670 1.6992277 2.5289396 2.3608634 2.6218502 2.3929655 2.3202819 2.1626954 1.9292665 2.2721727 2.2668831 2.1309512 2.1379166 2.0814697 2.2479877 3.5321616 2.8090191 2.7639552 2.7639552 2.5032788 2.6156332 2.9271465 2.7986579 3.1147564 3.1756669 3.5094772 3.4222353 3.2547229 3.4557261 3.1640570 3.8215445 2.6271742 2.9845212 2.8191595 3.1714278 4.8049359 
Hhon_g04010.t1                                        3.4461085 2.9148875 3.6026865 3.3150215 3.6877530 0.3053795 0.1369821 0.0000000 0.0029971 0.1952809 0.2431617 1.5483103 2.0047683 1.7075317 1.7397853 1.8385595 1.9698278 1.5020209 1.9844926 1.8053597 2.3275006 1.4810689 1.9732699 2.2520236 1.7678194 2.4231494 2.2568946 2.6695598 2.4106695 2.3108612 2.2460007 1.9892750 2.3552739 2.3496950 2.2087250 2.2164996 2.1735657 2.2998327 3.6637846 2.8892506 2.8873822 2.8873822 2.6192511 2.7812770 3.0455606 2.9335989 3.1262068 3.0193122 3.6258079 3.6140611 3.3143605 3.5767668 3.3593254 4.0906523 2.4604545 3.0567054 2.8689945 3.2899126 5.2612776 
HoiH04_mRNA16851                                      3.4143343 2.8972514 3.5802110 3.2943928 3.6636312 0.3053795 0.1331395 0.0029971 0.0000000 0.1910369 0.2372703 1.5158885 1.9807093 1.7078299 1.7302018 1.8284441 1.9585846 1.4870689 1.9735120 1.7947435 2.3140771 1.4595034 1.9714726 2.2379713 1.7510479 2.4510344 2.2820531 2.6508742 2.3939954 2.2944230 2.2324677 1.9875832 2.3535393 2.3479656 2.1952706 2.2030133 2.1603563 2.2940667 3.6425087 2.8711390 2.8795499 2.8795499 2.6081386 2.7716979 3.0266974 2.9147487 3.1061897 3.0134519 3.5981503 3.5937135 3.2956547 3.5500017 3.3383146 4.0840448 2.4604545 3.0552307 2.8678176 3.2880472 5.2539563 
TrH2_TrispH2_000024-RA                                3.6277229 3.0007342 3.5567822 3.1685056 3.6323330 0.2991792 0.1787568 0.1952809 0.1910369 0.0000000 0.0116928 1.5098367 1.9396000 1.6638306 1.7076749 1.7402523 1.8670808 1.4901067 1.9433237 1.6572670 2.3596706 1.4791370 1.8620592 2.2102127 1.5828607 2.3875525 2.2672016 2.5684240 2.4011809 2.2883085 2.2273813 2.0021631 2.3345210 2.2972018 2.2222322 2.2294896 2.1599228 2.2430233 3.3158115 2.7338847 2.7262219 2.7262219 2.4694893 2.6411222 2.7456099 2.7895763 3.0914469 2.7609323 3.6484363 3.5639583 3.3494185 3.7574110 3.2585312 3.9065440 2.4230701 2.8685971 2.8213221 3.2958947 4.8207734 
Tadh_TriadT52368                                      3.6019252 2.9224180 3.5317621 3.1797915 3.6707974 0.5440237 0.2162021 0.2431617 0.2372703 0.0116928 0.0000000 1.5375093 1.8533098 1.5624335 1.6354104 1.7194104 1.8809179 1.3266906 1.8192730 1.5404323 2.3668402 1.4782352 1.8268998 2.2334899 1.4475600 2.2864746 2.1630802 2.2437052 2.1993664 2.3376374 2.0389296 1.7900915 2.1294565 2.1175542 1.9874109 1.9959607 1.9255574 2.1657801 2.8211214 2.5679098 2.5970280 2.5970280 2.4416765 2.5970280 2.5002908 2.6751027 2.7710628 2.7897512 3.4560941 3.3144446 3.2809178 3.4724194 3.1504554 3.8822412 4.1805633 2.7533756 2.7092423 3.1835672 4.3364212 
Cgig_XM_034466711.1                                   3.1774067 3.1124185 3.2109639 3.3112290 3.7910273 1.9505160 1.5060604 1.5483103 1.5158885 1.5098367 1.5375093 0.0000000 0.0178826 0.8769533 0.9435347 0.9718614 1.2621795 0.9775430 1.1987602 1.3239675 1.1290531 0.9326274 1.3430411 1.5258156 1.7959068 1.9202011 1.9489777 1.4230902 1.4905263 2.2843883 2.1542792 1.9441300 2.1013822 2.0597862 2.1340131 2.1464142 2.0009615 1.7162403 1.9947588 1.5838142 1.6460999 1.6460999 1.6964286 1.6964286 1.7047843 1.8652273 1.8361876 2.0816096 3.2204221 2.9755969 3.1766546 3.2392149 2.4970144 3.5149121 3.9230614 2.9524895 2.7822573 3.4172038 4.1965074 
Cgig_NM_001308878.1                                   4.0095132 3.2636789 3.2818082 3.5069690 3.7171884 2.4757806 1.9508487 2.0047683 1.9807093 1.9396000 1.8533098 0.0178826 0.0000000 1.1999194 1.2759945 1.2665896 1.4108512 1.1612010 1.3033509 1.3709190 1.4883814 0.9229644 1.4174215 1.6199993 1.9081434 2.5826263 2.6062451 2.0640565 2.1541938 2.5717349 2.3771980 2.1590880 2.4936720 2.4609034 2.5121001 2.5200842 2.2786522 2.3027888 2.7620987 2.3173255 2.3493574 2.3493574 2.0369530 2.2294672 2.4495873 2.4071293 2.4316883 2.7662520 3.4514328 3.3709216 3.3214517 3.3192376 3.0403305 4.0001956 2.0700518 3.6113529 3.4724893 3.4169697 4.6120852 
Bralan_BLAG19100903_1                                 3.4755624 3.1253001 3.5538698 3.3814312 3.5106541 2.2806564 1.6585375 1.7075317 1.7078299 1.6638306 1.5624335 0.8769533 1.1999194 0.0000000 0.7745717 0.8066220 0.8870831 0.9409949 1.0898439 1.1517296 1.2985024 0.7873210 1.0966904 1.6213287 1.5322949 2.2463971 2.1329743 2.1934743 2.0775412 2.4322299 2.0809517 1.8903342 2.2029249 2.2090632 2.2014642 2.2210351 2.0741664 2.1722231 3.3543011 2.5315646 2.5726562 2.5726562 2.3145499 2.3777200 2.5317303 2.4485837 2.8342089 2.5521462 2.9939646 3.1938861 3.2256579 3.3134370 3.0367315 3.7951152 1.8302588 3.2043160 3.2455371 2.7408678 4.9032936 
Hsap_ENST00000288840                                  3.5566269 2.9437957 3.2733802 2.9780876 3.3365997 2.2570179 1.6636161 1.7397853 1.7302018 1.7076749 1.6354104 0.9435347 1.2759945 0.7745717 0.0000000 0.8988104 1.1647665 1.1313428 1.1501933 1.1975455 1.3208728 0.7510395 1.0596920 1.6260693 1.6819478 2.3695672 2.2763608 2.0363018 2.0618390 2.2862168 2.0584713 1.8516091 2.2027070 2.1990168 2.1050065 2.1082014 1.9308877 2.2182296 3.3889530 2.5869848 2.5738892 2.5738892 2.1002663 2.3111506 2.6833450 2.6403499 2.7399755 2.6746563 3.1497508 3.2431192 3.0618439 3.4097801 2.9005707 3.6261487 2.1755575 2.9889436 3.2187672 3.0249010 5.3664749 
Skow_NM_001164977.1                                   3.7042744 3.2143805 3.4145937 3.3732146 3.5952995 2.1494646 1.7397417 1.8385595 1.8284441 1.7402523 1.7194104 0.9718614 1.2665896 0.8066220 0.8988104 0.0000000 0.8675158 0.9940954 1.1186194 1.2558848 1.4938969 0.8702824 1.1284275 1.6909607 1.6193308 2.2152384 2.1759071 2.1460176 2.1032760 2.1533109 2.1331211 2.0473259 2.1734606 2.1735898 2.2111009 2.2309686 2.0363173 2.0226383 3.5167927 2.6794781 2.6697199 2.6697199 2.3342673 2.4854263 2.5596153 2.5623111 2.9210581 2.6948781 3.0314606 3.2879010 2.9995708 3.2939678 3.1090318 4.2114670 1.7390967 2.8624409 3.3009572 2.6377042 4.5879267 
Spur_XM_030986834.1                                   3.7521469 2.9928736 3.1336218 3.3124556 3.1945977 2.2563676 1.8926727 1.9698278 1.9585846 1.8670808 1.8809179 1.2621795 1.4108512 0.8870831 1.1647665 0.8675158 0.0000000 1.2289192 1.1839848 1.1959509 1.4583221 1.0684612 1.2119232 1.7375518 1.6195718 2.1400250 2.1567581 2.2086416 2.1732465 2.2642597 1.8746110 1.8623193 2.0347195 2.0373611 2.0188343 2.0274823 1.8556978 1.9139297 3.2472132 2.4936590 2.5838324 2.5838324 2.4936433 2.4781620 2.4265249 2.4278141 2.8300206 2.7598573 3.0381970 2.9735271 3.0779273 3.1727941 2.9354454 3.5819764 1.9935354 2.7624547 3.1255744 2.9647999 4.8748524 
Acagra_model.g11057.t1                                2.9464169 3.0666338 3.4099655 3.6761585 3.5343364 2.2848863 1.4210189 1.5020209 1.4870689 1.4901067 1.3266906 0.9775430 1.1612010 0.9409949 1.1313428 0.9940954 1.2289192 0.0000000 1.1237333 1.3251073 1.0731860 0.9690273 1.4236089 1.4415194 1.7492957 2.1684197 2.1252721 1.8725515 1.9058952 2.0477670 1.7737755 1.9133472 1.8898241 1.8939296 1.9533271 1.9847042 1.9095835 1.7110149 1.9106167 2.0198034 1.7905613 1.7905613 1.6609672 1.6609672 1.9094823 2.1014675 2.1850017 1.8230174 2.9252459 3.1220616 3.2390366 3.3733720 2.9047439 3.4297822 4.7915219 2.4392704 2.5850018 3.0419235 3.8356175 
Cscu_XM_023364518.1                                   3.7583763 3.2767619 3.4923694 3.3700821 3.4960751 2.4424531 1.9577813 1.9844926 1.9735120 1.9433237 1.8192730 1.1987602 1.3033509 1.0898439 1.1501933 1.1186194 1.1839848 1.1237333 0.0000000 1.1250645 1.6396386 0.9006037 1.5252411 1.3984251 1.7804858 2.3159999 2.1993094 2.3105695 2.1936199 2.4226560 2.4721959 2.2991858 2.4587027 2.4569808 2.6017664 2.5897027 2.5115877 2.3237080 3.2685113 2.5947002 2.4910777 2.4910777 2.1499970 2.2950570 2.5404478 2.5028850 2.7012220 2.4239169 3.4378563 3.6572039 3.5368495 3.3292458 3.2640025 3.5287123 2.0760754 3.1895820 3.3376749 2.8263150 5.4433203 
Cscu_XM_023381205.1                                   3.6403408 2.9237553 3.2802991 2.9980877 3.3138578 2.2680378 1.7208166 1.8053597 1.7947435 1.6572670 1.5404323 1.3239675 1.3709190 1.1517296 1.1975455 1.2558848 1.1959509 1.3251073 1.1250645 0.0000000 1.4030752 1.0656416 1.5251955 1.4930619 1.9743694 2.4588572 2.4745037 2.1645668 2.2357827 2.4642983 2.3182058 2.0171324 2.3053628 2.3132542 2.2756459 2.2830791 2.1992369 2.0683440 2.9703199 2.3245909 2.2862260 2.2862260 2.3430117 2.2859357 2.3621017 2.4026762 2.6893728 2.6011057 3.3966953 3.5382859 3.1926600 3.4955332 2.8070418 3.7890160 1.8890415 2.7532827 2.9230948 2.9651037 5.0183880 
Ctel_gnl_WGS_AMQN_CAPTEDRAFT_mRNA147083               4.3087734 3.5896532 4.0772012 3.9924335 3.9107873 3.0819800 2.3115131 2.3275006 2.3140771 2.3596706 2.3668402 1.1290531 1.4883814 1.2985024 1.3208728 1.4938969 1.4583221 1.0731860 1.6396386 1.4030752 0.0000000 0.9999391 1.8561863 1.9121233 1.7080345 2.7099605 2.7489039 2.4700091 2.6091844 2.6586428 2.7280624 2.5051366 2.8205121 2.7483657 2.7606636 2.7645780 2.8256670 2.6060424 3.3942293 2.9186669 2.8273222 2.8273222 2.7961546 2.9341762 2.7178609 2.7642711 2.8409611 3.0826240 3.3189589 3.5339975 3.3213082 3.5965368 3.4961158 4.3574165 2.4692654 3.7543520 3.4972460 3.1808979 4.9672451 
Dpul_mRNA28562                                        2.5706872 2.5706872 2.8047017 2.8251108 2.8948302 0.8900296 1.5028247 1.4810689 1.4595034 1.4791370 1.4782352 0.9326274 0.9229644 0.7873210 0.7510395 0.8702824 1.0684612 0.9690273 0.9006037 1.0656416 0.9999391 0.0000000 1.2194876 1.1314992 1.6233216 1.7199511 1.7152000 1.4714388 1.4034622 2.1788458 1.7009219 1.7321453 1.7241679 1.7452204 1.8363058 1.8423890 1.7701485 1.5053416 1.8897703 1.7810593 1.6735837 1.6735837 1.6735837 1.6735837 1.7912025 1.7099931 1.7707187 1.6682337 2.6049160 2.3593519 2.3544526 2.7210255 2.1087741 3.3529596 3.8103850 2.2339777 2.3177315 2.9306168 5.3131989 
Hsap_ENST00000262158                                  3.9204654 3.2697333 3.2060198 3.1349659 3.5398382 2.3565740 1.8448152 1.9732699 1.9714726 1.8620592 1.8268998 1.3430411 1.4174215 1.0966904 1.0596920 1.1284275 1.2119232 1.4236089 1.5252411 1.5251955 1.8561863 1.2194876 0.0000000 1.9080597 1.8091804 2.3348972 2.1513660 2.1369271 2.2071313 2.5315347 2.3319259 2.1159713 2.3476595 2.4194393 2.4487430 2.4324944 2.2557300 2.3728962 3.1636336 2.4409742 2.4243662 2.4243662 2.1769126 2.3504945 2.4712706 2.6437517 2.7919709 3.1590383 3.0454874 3.1006511 3.0059234 3.1341082 3.0874020 3.3572835 2.1362964 2.8620022 3.2441170 2.9263214 4.6561947 
Tcas_TC004840_001                                     4.0361725 3.1434623 3.4698118 3.4832909 3.7985646 2.5292004 2.2070670 2.2520236 2.2379713 2.2102127 2.2334899 1.5258156 1.6199993 1.6213287 1.6260693 1.6909607 1.7375518 1.4415194 1.3984251 1.4930619 1.9121233 1.1314992 1.9080597 0.0000000 2.0281139 2.6513983 2.5550306 2.4930564 2.6626393 2.9894628 2.6541056 2.5414286 2.7393580 2.7808219 2.9094947 2.8871574 2.8762255 2.6279382 3.1497677 2.6726226 2.7539721 2.7539721 2.7645241 2.7431548 2.5263969 2.6930072 2.8071959 2.7566511 3.6309597 3.8587097 3.4535536 3.5724198 3.1686765 4.5469601 2.4256767 3.1775739 3.3437320 4.0200719 4.7847517 
Morvir_scaffold674.g3.t1                              3.3662065 3.3234914 3.7780136 3.5814331 3.8995420 2.4467260 1.6992277 1.7678194 1.7510479 1.5828607 1.4475600 1.7959068 1.9081434 1.5322949 1.6819478 1.6193308 1.6195718 1.7492957 1.7804858 1.9743694 1.7080345 1.6233216 1.8091804 2.0281139 0.0000000 1.2700493 1.2632637 1.8737525 1.7048402 1.7089204 1.8944487 1.8650677 1.9430069 1.8634694 2.1169855 2.1486172 1.9547641 2.1752187 2.7741088 2.4728750 2.4633882 2.4633882 2.2860175 2.2323833 2.4539161 2.4474331 2.2336708 2.4598231 3.4848095 3.2624787 3.2495227 3.1700585 3.0600543 3.9344785 3.3092851 2.9361016 2.9827440 3.4546913 5.0521196 
Nemnom_g4490.t1                                       4.0493084 3.8472989 4.2346596 4.1297041 4.0622827 3.3538991 2.5289396 2.4231494 2.4510344 2.3875525 2.2864746 1.9202011 2.5826263 2.2463971 2.3695672 2.2152384 2.1400250 2.1684197 2.3159999 2.4588572 2.7099605 1.7199511 2.3348972 2.6513983 1.2700493 0.0000000 0.2643052 2.6005853 2.5483420 2.1708848 2.5702610 2.4591063 2.5122879 2.4530317 2.6321659 2.6423267 2.5886435 2.9331358 3.0279238 2.6462130 2.5538371 2.5538371 2.3149227 2.4566289 2.7625473 2.6489034 2.6241626 2.7028681 3.6786198 3.5991136 3.3756054 3.7999573 3.1659251 4.5536736 1.8952236 3.5030867 3.6572629 3.2395216 4.2529784 
Rhoesc_Res_013005-T1                                  4.0021280 3.6561723 4.2722639 4.0138450 4.0686505 3.2085408 2.3608634 2.2568946 2.2820531 2.2672016 2.1630802 1.9489777 2.6062451 2.1329743 2.2763608 2.1759071 2.1567581 2.1252721 2.1993094 2.4745037 2.7489039 1.7152000 2.1513660 2.5550306 1.2632637 0.2643052 0.0000000 2.7017142 2.5946834 2.2931700 2.5209489 2.3584741 2.3998293 2.3606067 2.5555445 2.5653533 2.4574796 2.9407789 3.0903075 2.7177905 2.6423177 2.6423177 2.4526636 2.5295082 2.7986704 2.7223089 2.5859570 2.8497057 3.5401792 3.6283756 3.3453384 3.4584326 3.2392490 4.2571905 2.0381352 3.2523511 3.3819165 3.2114668 4.3344037 
Opea_EP00118_Oscarella_pearsei_P028419                4.7168311 3.5702036 3.8153035 3.8488421 3.5736202 3.8676426 2.6218502 2.6695598 2.6508742 2.5684240 2.2437052 1.4230902 2.0640565 2.1934743 2.0363018 2.1460176 2.2086416 1.8725515 2.3105695 2.1645668 2.4700091 1.4714388 2.1369271 2.4930564 1.8737525 2.6005853 2.7017142 0.0000000 0.7220106 2.5950854 2.8622507 2.6040178 2.6796104 2.6260117 2.8383723 2.8481572 2.6426388 2.8828971 3.4495475 2.8590806 2.5895136 2.5895136 2.3261632 2.3657111 2.7323925 2.7261206 2.6794268 2.1919649 3.1984144 3.4360373 3.2932558 3.4331220 2.8853172 4.4125283 3.4401063 2.9245025 3.2556880 3.8083672 4.6078161 
Plajan_Pjan_C564346_01                                4.8295680 3.8339703 4.1880189 3.9779651 3.5926302 3.6698939 2.3929655 2.4106695 2.3939954 2.4011809 2.1993664 1.4905263 2.1541938 2.0775412 2.0618390 2.1032760 2.1732465 1.9058952 2.1936199 2.2357827 2.6091844 1.4034622 2.2071313 2.6626393 1.7048402 2.5483420 2.5946834 0.7220106 0.0000000 2.6840867 2.6787783 2.4883254 2.5463325 2.5258418 2.7152879 2.7254054 2.5832601 2.6858469 3.5935629 2.8083699 2.8155112 2.8155112 2.4089291 2.5153297 2.9772252 2.7925939 2.8957354 2.4405112 3.2517773 3.3618781 3.3718002 3.3868381 3.3613353 4.0954138 3.5060367 3.2649576 3.2557493 3.4672391 4.8278553 
Chem_TCONS_00073440                                   4.4595693 4.0351401 4.5326748 4.3659302 4.2454118 2.7399348 2.3202819 2.3108612 2.2944230 2.2883085 2.3376374 2.2843883 2.5717349 2.4322299 2.2862168 2.1533109 2.2642597 2.0477670 2.4226560 2.4642983 2.6586428 2.1788458 2.5315347 2.9894628 1.7089204 2.1708848 2.2931700 2.5950854 2.6840867 0.0000000 2.0166862 1.9112771 2.0016259 1.9899413 2.2395809 2.2597518 1.9796498 2.1888030 3.5191388 2.9625168 2.8318390 2.8318390 2.3499111 2.5974148 2.9874620 3.1473860 3.1041567 2.7184685 3.7088321 4.0930312 3.2364008 3.7784502 3.4274763 3.7859068 2.4886544 3.1046172 3.1525712 3.5846520 4.9219134 
Fspp_ffun1.m4.16851.m1                                3.9748562 3.6147626 4.1794868 3.9594349 4.4310256 3.0306941 2.1626954 2.2460007 2.2324677 2.2273813 2.0389296 2.1542792 2.3771980 2.0809517 2.0584713 2.1331211 1.8746110 1.7737755 2.4721959 2.3182058 2.7280624 1.7009219 2.3319259 2.6541056 1.8944487 2.5702610 2.5209489 2.8622507 2.6787783 2.0166862 0.0000000 0.2062511 0.3605969 0.3783752 0.5240176 0.5297016 0.3721617 1.5682566 3.2953140 2.4732598 2.5482340 2.5482340 2.2484582 2.3911072 2.7133201 2.6878306 2.8269019 2.4984553 3.6466597 4.0089598 3.6368742 3.7385235 3.7180942 3.8440722 2.1421313 3.1313614 3.1689232 3.0159530 5.0196118 
Gasp_gasp1.m3.20849.m1                                3.8803913 3.4032171 3.9825719 3.6522921 4.4341368 2.8096522 1.9292665 1.9892750 1.9875832 2.0021631 1.7900915 1.9441300 2.1590880 1.8903342 1.8516091 2.0473259 1.8623193 1.9133472 2.2991858 2.0171324 2.5051366 1.7321453 2.1159713 2.5414286 1.8650677 2.4591063 2.3584741 2.6040178 2.4883254 1.9112771 0.2062511 0.0000000 0.2287886 0.2380079 0.4599326 0.4661677 0.3262545 1.4302150 2.9910849 2.3572097 2.3993548 2.3993548 2.0346968 2.2010096 2.5627976 2.5802887 2.5926921 2.2102184 3.6615242 3.7334214 3.8342336 3.7591065 3.5772923 3.8592314 1.9810031 2.7767331 2.7817637 2.9361433 4.8784633 
Spis_XP_022799192_1                                   4.1547825 3.6961713 4.3322275 3.9167257 4.2856926 3.0367181 2.2721727 2.3552739 2.3535393 2.3345210 2.1294565 2.1013822 2.4936720 2.2029249 2.2027070 2.1734606 2.0347195 1.8898241 2.4587027 2.3053628 2.8205121 1.7241679 2.3476595 2.7393580 1.9430069 2.5122879 2.3998293 2.6796104 2.5463325 2.0016259 0.3605969 0.2287886 0.0000000 0.0274752 0.5243353 0.5301258 0.4233995 1.5141276 3.3326216 2.5046230 2.4579004 2.4579004 2.2174693 2.2936207 2.7269156 2.6101057 2.6820754 2.4737648 3.6193230 4.1790690 3.7348985 3.8150780 3.8904456 3.6510341 2.0603509 3.0226061 2.9771666 2.9992676 4.6905985 
Pocdam_XM_027183260.1                                 4.1119982 3.6503717 4.3372057 3.9441199 4.2393475 2.9129810 2.2668831 2.3496950 2.3479656 2.2972018 2.1175542 2.0597862 2.4609034 2.2090632 2.1990168 2.1735898 2.0373611 1.8939296 2.4569808 2.3132542 2.7483657 1.7452204 2.4194393 2.7808219 1.8634694 2.4530317 2.3606067 2.6260117 2.5258418 1.9899413 0.3783752 0.2380079 0.0274752 0.0000000 0.5516867 0.5576275 0.4475056 1.5139904 3.3122205 2.4292075 2.3774584 2.3774584 2.1545632 2.2399479 2.6541010 2.5444738 2.6697164 2.3889105 3.5252719 4.0883601 3.6913065 3.7608771 3.8799248 3.5658471 2.0163636 2.9414320 2.9179288 3.1006474 4.6610824 
Amil_Amillepora05810-RA                               4.3211248 3.7302882 4.2036345 3.9650671 4.3067919 2.9499825 2.1309512 2.2087250 2.1952706 2.2222322 1.9874109 2.1340131 2.5121001 2.2014642 2.1050065 2.2111009 2.0188343 1.9533271 2.6017664 2.2756459 2.7606636 1.8363058 2.4487430 2.9094947 2.1169855 2.6321659 2.5555445 2.8383723 2.7152879 2.2395809 0.5240176 0.4599326 0.5243353 0.5516867 0.0000000 0.0029802 0.2876488 1.5293038 3.3450406 2.5872914 2.5374573 2.5374573 2.3179106 2.3898539 2.8517859 2.6228306 2.6454218 2.5101687 3.7461986 4.1982693 3.9054962 4.1186556 3.7606252 4.1105035 2.7169930 3.2027639 3.3120392 2.6146092 4.5242948 
Adig_XM_015902980.1                                   4.3428371 3.7433067 4.2089989 3.9707841 4.3130805 2.9499825 2.1379166 2.2164996 2.2030133 2.2294896 1.9959607 2.1464142 2.5200842 2.2210351 2.1082014 2.2309686 2.0274823 1.9847042 2.5897027 2.2830791 2.7645780 1.8423890 2.4324944 2.8871574 2.1486172 2.6423267 2.5653533 2.8481572 2.7254054 2.2597518 0.5297016 0.4661677 0.5301258 0.5576275 0.0029802 0.0000000 0.2922041 1.5354899 3.3581456 2.5673682 2.5180098 2.5180098 2.2915318 2.3672099 2.8291199 2.6085439 2.6454218 2.5101687 3.7261007 4.2111380 3.9177145 4.1250245 3.7742020 4.0545580 2.7169930 3.2348467 3.3454107 2.6351194 4.5982825 
Gfas_gfas1.m1.7435.m1                                 4.3042173 3.7012998 4.2829056 4.0128436 4.3758903 2.8397281 2.0814697 2.1735657 2.1603563 2.1599228 1.9255574 2.0009615 2.2786522 2.0741664 1.9308877 2.0363173 1.8556978 1.9095835 2.5115877 2.1992369 2.8256670 1.7701485 2.2557300 2.8762255 1.9547641 2.5886435 2.4574796 2.6426388 2.5832601 1.9796498 0.3721617 0.3262545 0.4233995 0.4475056 0.2876488 0.2922041 0.0000000 1.5103827 3.3635150 2.4940006 2.5617115 2.5617115 2.3866419 2.4757689 2.8112639 2.5694767 2.6507925 2.4171801 3.9559717 4.0796375 3.7134634 4.1914356 3.5896275 3.8246883 2.3071629 2.9895012 3.1388875 3.0328334 4.6184083 
Exapal_XM_021043777.2                                 3.9159465 3.5185282 3.8668558 3.8389178 4.3718024 3.0976875 2.2479877 2.2998327 2.2940667 2.2430233 2.1657801 1.7162403 2.3027888 2.1722231 2.2182296 2.0226383 1.9139297 1.7110149 2.3237080 2.0683440 2.6060424 1.5053416 2.3728962 2.6279382 2.1752187 2.9331358 2.9407789 2.8828971 2.6858469 2.1888030 1.5682566 1.4302150 1.5141276 1.5139904 1.5293038 1.5354899 1.5103827 0.0000000 3.2205078 2.4434881 2.4196929 2.4196929 2.2325901 2.2484331 2.4126823 2.3826960 2.4902519 2.2724456 3.8545741 3.9076133 4.0156077 4.3011328 3.4362643 4.4067084 3.0124154 2.7294520 3.2523044 3.4219644 5.3409478 
Pbac_sb2643932                                        3.9641492 4.2294736 4.4867250 4.0310083 4.6456713 4.7286119 3.5321616 3.6637846 3.6425087 3.3158115 2.8211214 1.9947588 2.7620987 3.3543011 3.3889530 3.5167927 3.2472132 1.9106167 3.2685113 2.9703199 3.3942293 1.8897703 3.1636336 3.1497677 2.7741088 3.0279238 3.0903075 3.4495475 3.5935629 3.5191388 3.2953140 2.9910849 3.3326216 3.3122205 3.3450406 3.3581456 3.3635150 3.2205078 0.0000000 0.7715224 0.7956234 0.7956234 0.6697901 0.6994597 0.7622692 1.0508699 1.0974351 1.1055273 4.8161094 4.4155444 4.1906383 4.9553868 3.7559604 4.0015111 4.6489617 4.1566233 4.2315145 2.7355448 4.2683603 
Mlei_ML1970.g1.i1                                     4.1314387 3.5594274 4.1820013 3.6788044 3.8790684 3.3746804 2.8090191 2.8892506 2.8711390 2.7338847 2.5679098 1.5838142 2.3173255 2.5315646 2.5869848 2.6794781 2.4936590 2.0198034 2.5947002 2.3245909 2.9186669 1.7810593 2.4409742 2.6726226 2.4728750 2.6462130 2.7177905 2.8590806 2.8083699 2.9625168 2.4732598 2.3572097 2.5046230 2.4292075 2.5872914 2.5673682 2.4940006 2.4434881 0.7715224 0.0000000 0.2193925 0.2193925 0.2390877 0.2661369 0.2920004 0.7231938 0.7907182 0.9365900 3.8499277 3.5270477 3.6679966 3.9141692 3.2081551 3.5489396 3.2911207 3.3163110 3.3560191 2.7765916 4.0578524 
Beraby_Baby_sb342458                                  4.3731473 3.8404811 4.3308056 4.0441056 4.0559877 3.3263797 2.7639552 2.8873822 2.8795499 2.7262219 2.5970280 1.6460999 2.3493574 2.5726562 2.5738892 2.6697199 2.5838324 1.7905613 2.4910777 2.2862260 2.8273222 1.6735837 2.4243662 2.7539721 2.4633882 2.5538371 2.6423177 2.5895136 2.8155112 2.8318390 2.5482340 2.3993548 2.4579004 2.3774584 2.5374573 2.5180098 2.5617115 2.4196929 0.7956234 0.2193925 0.0000000 0.0000010 0.0102529 0.0214981 0.3214406 0.7817409 0.8900673 0.9156378 3.8804281 3.6399916 3.7984124 4.0988398 3.3254995 3.7720143 3.3733084 3.3351539 3.4174320 2.8597177 3.7724128 
Beraby_Baby_sb342461                                  4.3731473 3.8404811 4.3308056 4.0441056 4.0559877 3.3263797 2.7639552 2.8873822 2.8795499 2.7262219 2.5970280 1.6460999 2.3493574 2.5726562 2.5738892 2.6697199 2.5838324 1.7905613 2.4910777 2.2862260 2.8273222 1.6735837 2.4243662 2.7539721 2.4633882 2.5538371 2.6423177 2.5895136 2.8155112 2.8318390 2.5482340 2.3993548 2.4579004 2.3774584 2.5374573 2.5180098 2.5617115 2.4196929 0.7956234 0.2193925 0.0000010 0.0000000 0.0102529 0.0214981 0.3214406 0.7817409 0.8900673 0.9156378 3.8804281 3.6399916 3.7984124 4.0988398 3.3254995 3.7720143 3.3733084 3.3351539 3.4174320 2.8597177 3.7724128 
Beraby_Baby_sb342463                                  4.2455371 3.9641331 4.6396093 4.2965896 4.3880801 3.8396383 2.5032788 2.6192511 2.6081386 2.4694893 2.4416765 1.6964286 2.0369530 2.3145499 2.1002663 2.3342673 2.4936433 1.6609672 2.1499970 2.3430117 2.7961546 1.6735837 2.1769126 2.7645241 2.2860175 2.3149227 2.4526636 2.3261632 2.4089291 2.3499111 2.2484582 2.0346968 2.2174693 2.1545632 2.3179106 2.2915318 2.3866419 2.2325901 0.6697901 0.2390877 0.0102529 0.0102529 0.0000000 0.0102529 0.3527309 0.8195799 0.9121358 0.8412064 4.0526424 3.9071169 3.6164935 4.3694208 2.9333649 3.7753490 6.5866611 2.9421203 2.9070260 2.8135513 3.1612102 
Beraby_Baby_sb342462                                  4.3176964 3.7451031 4.3826668 4.0256441 4.0484823 3.4717044 2.6156332 2.7812770 2.7716979 2.6411222 2.5970280 1.6964286 2.2294672 2.3777200 2.3111506 2.4854263 2.4781620 1.6609672 2.2950570 2.2859357 2.9341762 1.6735837 2.3504945 2.7431548 2.2323833 2.4566289 2.5295082 2.3657111 2.5153297 2.5974148 2.3911072 2.2010096 2.2936207 2.2399479 2.3898539 2.3672099 2.4757689 2.2484331 0.6994597 0.2661369 0.0214981 0.0214981 0.0102529 0.0000000 0.3752366 0.8872648 0.9364769 0.9156378 3.7059225 3.4505077 3.6627393 4.0307284 3.1358791 3.7953916 4.3776130 3.0250435 3.0742492 2.8135513 3.5920000 
Drygla_Dgla_sb286686                                  4.1344021 3.6363754 4.3632798 3.9148901 3.9527156 3.4106681 2.9271465 3.0455606 3.0266974 2.7456099 2.5002908 1.7047843 2.4495873 2.5317303 2.6833450 2.5596153 2.4265249 1.9094823 2.5404478 2.3621017 2.7178609 1.7912025 2.4712706 2.5263969 2.4539161 2.7625473 2.7986704 2.7323925 2.9772252 2.9874620 2.7133201 2.5627976 2.7269156 2.6541010 2.8517859 2.8291199 2.8112639 2.4126823 0.7622692 0.2920004 0.3214406 0.3214406 0.3527309 0.3752366 0.0000000 0.6967905 0.8666722 0.8675156 3.9032968 3.6791595 3.5844739 4.0593796 3.4496083 3.6532283 3.8424321 3.2720942 3.7118549 3.1920890 3.8729685 
Vmul_sbMO437649                                       4.5626783 3.4484767 3.9403510 3.5938506 3.8419093 3.3577688 2.7986579 2.9335989 2.9147487 2.7895763 2.6751027 1.8652273 2.4071293 2.4485837 2.6403499 2.5623111 2.4278141 2.1014675 2.5028850 2.4026762 2.7642711 1.7099931 2.6437517 2.6930072 2.4474331 2.6489034 2.7223089 2.7261206 2.7925939 3.1473860 2.6878306 2.5802887 2.6101057 2.5444738 2.6228306 2.6085439 2.5694767 2.3826960 1.0508699 0.7231938 0.7817409 0.7817409 0.8195799 0.8872648 0.6967905 0.0000000 0.5833641 0.9462916 3.4936634 3.6884873 3.6262615 3.7382771 3.6124502 3.5169654 3.3219203 3.5903451 3.6531651 3.7563043 4.4961256 
Coemet_Cmet_C595563_01                                4.2626021 3.3766274 3.7365888 3.6057650 3.9409209 4.0809765 3.1147564 3.1262068 3.1061897 3.0914469 2.7710628 1.8361876 2.4316883 2.8342089 2.7399755 2.9210581 2.8300206 2.1850017 2.7012220 2.6893728 2.8409611 1.7707187 2.7919709 2.8071959 2.2336708 2.6241626 2.5859570 2.6794268 2.8957354 3.1041567 2.8269019 2.5926921 2.6820754 2.6697164 2.6454218 2.6454218 2.6507925 2.4902519 1.0974351 0.7907182 0.8900673 0.8900673 0.9121358 0.9364769 0.8666722 0.5833641 0.0000000 1.0281783 4.1231751 3.8910819 3.4660480 3.9500870 3.0643492 3.4167031 3.5414479 3.3749293 3.5096485 2.7941740 4.4586694 
Eupdun_Edun_sb10604522                                4.1266726 3.5353304 4.0475038 3.6539082 4.0843229 4.9669773 3.1756669 3.0193122 3.0134519 2.7609323 2.7897512 2.0816096 2.7662520 2.5521462 2.6746563 2.6948781 2.7598573 1.8230174 2.4239169 2.6011057 3.0826240 1.6682337 3.1590383 2.7566511 2.4598231 2.7028681 2.8497057 2.1919649 2.4405112 2.7184685 2.4984553 2.2102184 2.4737648 2.3889105 2.5101687 2.5101687 2.4171801 2.2724456 1.1055273 0.9365900 0.9156378 0.9156378 0.8412064 0.9156378 0.8675156 0.9462916 1.0281783 0.0000000 3.3835279 3.1585703 2.7265783 3.2571277 2.4744337 3.5323468 2.1830165 3.0145258 3.0124751 3.8407310 2.7255188 
Lcom_lcpid74374                                       3.5030582 2.7828026 2.8650547 2.8714829 2.7908227 3.7292522 3.5094772 3.6258079 3.5981503 3.6484363 3.4560941 3.2204221 3.4514328 2.9939646 3.1497508 3.0314606 3.0381970 2.9252459 3.4378563 3.3966953 3.3189589 2.6049160 3.0454874 3.6309597 3.4848095 3.6786198 3.5401792 3.1984144 3.2517773 3.7088321 3.6466597 3.6615242 3.6193230 3.5252719 3.7461986 3.7261007 3.9559717 3.8545741 4.8161094 3.8499277 3.8804281 3.8804281 4.0526424 3.7059225 3.9032968 3.4936634 4.1231751 3.3835279 0.0000000 1.0385006 1.2192289 0.9076487 2.2005495 2.7891333 3.9099248 4.1670659 4.3163378 3.2228153 5.3477742 
Gracom_Gcom_C551866_01                                3.3312457 2.6473279 2.5750314 2.7414743 2.7866616 3.5155241 3.4222353 3.6140611 3.5937135 3.5639583 3.3144446 2.9755969 3.3709216 3.1938861 3.2431192 3.2879010 2.9735271 3.1220616 3.6572039 3.5382859 3.5339975 2.3593519 3.1006511 3.8587097 3.2624787 3.5991136 3.6283756 3.4360373 3.3618781 4.0930312 4.0089598 3.7334214 4.1790690 4.0883601 4.1982693 4.2111380 4.0796375 3.9076133 4.4155444 3.5270477 3.6399916 3.6399916 3.9071169 3.4505077 3.6791595 3.6884873 3.8910819 3.1585703 1.0385006 0.0000000 1.1928376 0.9739383 2.5158485 3.0472833 3.7573182 4.1709894 4.1194350 3.8441652 5.6043301 
Leuniv_Lniv_C809560_01                                3.3466348 2.5496815 2.9770367 2.8870398 2.7406464 3.4747748 3.2547229 3.3143605 3.2956547 3.3494185 3.2809178 3.1766546 3.3214517 3.2256579 3.0618439 2.9995708 3.0779273 3.2390366 3.5368495 3.1926600 3.3213082 2.3544526 3.0059234 3.4535536 3.2495227 3.3756054 3.3453384 3.2932558 3.3718002 3.2364008 3.6368742 3.8342336 3.7348985 3.6913065 3.9054962 3.9177145 3.7134634 4.0156077 4.1906383 3.6679966 3.7984124 3.7984124 3.6164935 3.6627393 3.5844739 3.6262615 3.4660480 2.7265783 1.2192289 1.1928376 0.0000000 1.0204730 1.8940659 2.8745282 3.4795091 3.9155906 3.9654818 3.2750258 5.6143926 
Scil_scict008521.2                                    3.0578159 2.4963885 2.5356398 2.6248880 2.4587594 3.7924958 3.4557261 3.5767668 3.5500017 3.7574110 3.4724194 3.2392149 3.3192376 3.3134370 3.4097801 3.2939678 3.1727941 3.3733720 3.3292458 3.4955332 3.5965368 2.7210255 3.1341082 3.5724198 3.1700585 3.7999573 3.4584326 3.4331220 3.3868381 3.7784502 3.7385235 3.7591065 3.8150780 3.7608771 4.1186556 4.1250245 4.1914356 4.3011328 4.9553868 3.9141692 4.0988398 4.0988398 4.3694208 4.0307284 4.0593796 3.7382771 3.9500870 3.2571277 0.9076487 0.9739383 1.0204730 0.0000000 2.1143951 2.7147120 3.3012828 4.4795042 4.3543186 3.8594178 5.2295968 
Clacor_Ccor_C538955_01                                3.0739989 2.3308556 2.3111204 2.2283599 2.6556957 4.1770207 3.1640570 3.3593254 3.3383146 3.2585312 3.1504554 2.4970144 3.0403305 3.0367315 2.9005707 3.1090318 2.9354454 2.9047439 3.2640025 2.8070418 3.4961158 2.1087741 3.0874020 3.1686765 3.0600543 3.1659251 3.2392490 2.8853172 3.3613353 3.4274763 3.7180942 3.5772923 3.8904456 3.8799248 3.7606252 3.7742020 3.5896275 3.4362643 3.7559604 3.2081551 3.3254995 3.3254995 2.9333649 3.1358791 3.4496083 3.6124502 3.0643492 2.4744337 2.2005495 2.5158485 1.8940659 2.1143951 0.0000000 2.4043621 3.6148037 3.6898934 3.6850619 3.7462926 3.7908222 
Clacor_Ccor_scaffold10561_01                          3.3401970 3.3659003 3.1451074 3.1966481 3.2301810 5.1257271 3.8215445 4.0906523 4.0840448 3.9065440 3.8822412 3.5149121 4.0001956 3.7951152 3.6261487 4.2114670 3.5819764 3.4297822 3.5287123 3.7890160 4.3574165 3.3529596 3.3572835 4.5469601 3.9344785 4.5536736 4.2571905 4.4125283 4.0954138 3.7859068 3.8440722 3.8592314 3.6510341 3.5658471 4.1105035 4.0545580 3.8246883 4.4067084 4.0015111 3.5489396 3.7720143 3.7720143 3.7753490 3.7953916 3.6532283 3.5169654 3.4167031 3.5323468 2.7891333 3.0472833 2.8745282 2.7147120 2.4043621 0.0000000 3.5866805 4.7284182 4.1799753 4.6658152 4.8249837 
Morvir_scaffold674.g2.t1                              4.2478774 2.8915620 3.1299976 3.0203357 3.2249509 2.3732201 2.6271742 2.4604545 2.4604545 2.4230701 4.1805633 3.9230614 2.0700518 1.8302588 2.1755575 1.7390967 1.9935354 4.7915219 2.0760754 1.8890415 2.4692654 3.8103850 2.1362964 2.4256767 3.3092851 1.8952236 2.0381352 3.4401063 3.5060367 2.4886544 2.1421313 1.9810031 2.0603509 2.0163636 2.7169930 2.7169930 2.3071629 3.0124154 4.6489617 3.2911207 3.3733084 3.3733084 6.5866611 4.3776130 3.8424321 3.3219203 3.5414479 2.1830165 3.9099248 3.7573182 3.4795091 3.3012828 3.6148037 3.5866805 0.0000000 3.9873071 3.9903144 5.1856436 6.7349590 
Dgig_XM_028546717.1                                   3.7652571 3.5517168 4.0078800 4.0903756 4.2709300 3.4283327 2.9845212 3.0567054 3.0552307 2.8685971 2.7533756 2.9524895 3.6113529 3.2043160 2.9889436 2.8624409 2.7624547 2.4392704 3.1895820 2.7532827 3.7543520 2.2339777 2.8620022 3.1775739 2.9361016 3.5030867 3.2523511 2.9245025 3.2649576 3.1046172 3.1313614 2.7767331 3.0226061 2.9414320 3.2027639 3.2348467 2.9895012 2.7294520 4.1566233 3.3163110 3.3351539 3.3351539 2.9421203 3.0250435 3.2720942 3.5903451 3.3749293 3.0145258 4.1670659 4.1709894 3.9155906 4.4795042 3.6898934 4.7284182 3.9873071 0.0000000 0.8098790 4.3478055 4.7110227 
Xesp_020969-T1                                        4.2558014 4.1581250 4.5544120 4.6756185 4.6161115 3.2968755 2.8191595 2.8689945 2.8678176 2.8213221 2.7092423 2.7822573 3.4724893 3.2455371 3.2187672 3.3009572 3.1255744 2.5850018 3.3376749 2.9230948 3.4972460 2.3177315 3.2441170 3.3437320 2.9827440 3.6572629 3.3819165 3.2556880 3.2557493 3.1525712 3.1689232 2.7817637 2.9771666 2.9179288 3.3120392 3.3454107 3.1388875 3.2523044 4.2315145 3.3560191 3.4174320 3.4174320 2.9070260 3.0742492 3.7118549 3.6531651 3.5096485 3.0124751 4.3163378 4.1194350 3.9654818 4.3543186 3.6850619 4.1799753 3.9903144 0.8098790 0.0000000 3.5829724 4.5989635 
Xestes_maker-XT_scaffold4656-augustus-gene-0.3-mRNA-1 5.1813596 5.1185818 4.4298715 4.2602664 4.5815483 2.3746267 3.1714278 3.2899126 3.2880472 3.2958947 3.1835672 3.4172038 3.4169697 2.7408678 3.0249010 2.6377042 2.9647999 3.0419235 2.8263150 2.9651037 3.1808979 2.9306168 2.9263214 4.0200719 3.4546913 3.2395216 3.2114668 3.8083672 3.4672391 3.5846520 3.0159530 2.9361433 2.9992676 3.1006474 2.6146092 2.6351194 3.0328334 3.4219644 2.7355448 2.7765916 2.8597177 2.8597177 2.8135513 2.8135513 3.1920890 3.7563043 2.7941740 3.8407310 3.2228153 3.8441652 3.2750258 3.8594178 3.7462926 4.6658152 5.1856436 4.3478055 3.5829724 0.0000000 3.2318452 
Cscu_XM_023378001.1                                   4.4661573 4.4718377 4.8868347 4.7106752 5.1390307 5.7822002 4.8049359 5.2612776 5.2539563 4.8207734 4.3364212 4.1965074 4.6120852 4.9032936 5.3664749 4.5879267 4.8748524 3.8356175 5.4433203 5.0183880 4.9672451 5.3131989 4.6561947 4.7847517 5.0521196 4.2529784 4.3344037 4.6078161 4.8278553 4.9219134 5.0196118 4.8784633 4.6905985 4.6610824 4.5242948 4.5982825 4.6184083 5.3409478 4.2683603 4.0578524 3.7724128 3.7724128 3.1612102 3.5920000 3.8729685 4.4961256 4.4586694 2.7255188 5.3477742 5.6043301 5.6143926 5.2295968 3.7908222 4.8249837 6.7349590 4.7110227 4.5989635 3.2318452 0.0000000 
