35
Lcom_lcpid72909                                        0.0000000 0.0122524 0.0122524 1.1256658 1.7342913 2.1978381 3.1892997 3.2896372 2.9253339 3.3859485 3.3508311 3.2834505 3.1563107 3.5560138 3.6210263 3.0960662 2.8479157 2.9433651 2.9745214 2.9857134 3.1137191 3.0161426 5.0208837 2.8726983 3.3641958 3.0561973 4.5048440 3.9266858 4.0308437 3.1084247 3.3797240 3.7309365 3.6586284 2.6711490 3.0029214 
Lcom_lcpid44814                                        0.0122524 0.0000000 0.0000010 1.3790661 2.0325404 2.1978381 3.3662681 3.4933048 3.2659517 3.7744080 3.7463576 3.2972833 3.3342267 3.7878286 3.8903655 3.3980131 3.2331440 3.3120827 3.3524632 3.3207463 3.0709491 3.1971012 4.7963566 3.1420115 3.9192597 3.4353169 4.7017658 3.9266858 3.5943152 3.1257023 3.5527944 3.8205411 3.8621583 3.0041613 3.4048321 
Lcom_lcpid72126                                        0.0122524 0.0000010 0.0000000 1.1744039 1.8853859 2.1978381 3.3199011 3.4218506 3.2275256 3.6169426 3.5862122 3.2661998 3.1971707 3.7027362 3.7833885 3.3872858 3.2675547 3.3673673 3.3777255 3.1813594 3.1784702 3.2741426 4.7277751 3.1818321 3.5563034 3.4164791 4.6109672 3.9266858 3.8565171 3.0022259 3.5978235 3.7092625 3.9268268 2.9058292 3.1929404 
Gracom_Gcom_C541776_01                                 1.1256658 1.3790661 1.1744039 0.0000000 1.7117113 2.3736090 3.0165516 2.9293105 3.0177636 3.1117616 3.0445223 3.0098490 2.9097459 3.1154381 3.8986689 3.4351924 3.5394523 3.4107657 3.4616386 3.3189425 3.3700716 3.2992161 4.5321434 2.8794733 3.7639050 3.3044350 3.6600950 3.5537753 3.6972041 2.7756301 3.3440939 3.5052823 3.6454860 3.4565703 3.4036962 
Clacor_Ccor_C521677_01                                 1.7342913 2.0325404 1.8853859 1.7117113 0.0000000 2.4964778 3.1028656 3.1967863 2.8291914 2.8334926 2.8144943 2.9294404 2.7955854 2.9557425 3.1642107 2.6543951 3.0543502 2.7987615 2.8600247 2.8327622 2.5116690 2.4783650 3.8547922 2.8553124 3.4055328 2.7952684 3.4872140 3.2585347 2.8885193 3.2038636 2.8322261 3.2148195 2.8488625 2.3611284 3.4607064 
Fspp_ffun1.m4.17976.m1                                 2.1978381 2.1978381 2.1978381 2.3736090 2.4964778 0.0000000 0.1394060 0.1489954 0.2110264 0.3449118 0.3331472 0.1493516 1.0268498 1.0823197 1.9949305 1.7794532 1.4342367 1.3674763 1.4575513 1.5909760 1.7236128 1.9074627 3.0937150 1.7330181 1.7261494 2.0916401 2.7698336 2.5858583 2.1506923 2.3839318 1.9224651 2.0695184 2.1711223 2.1356056 2.8927984 
Spis_XP_022795474_1                                    3.1892997 3.3662681 3.3199011 3.0165516 3.1028656 0.1394060 0.0000000 0.1326539 0.5148469 0.7610487 0.7473900 0.4500230 1.5856347 1.6889542 3.3789102 2.9267782 2.3952301 2.6158170 2.5084542 2.8031278 2.2197354 2.3493652 4.4262782 2.7649531 2.7317693 2.7550384 3.3925400 2.9360577 2.7255111 3.5351564 2.7929639 2.9581978 2.8995269 2.7820438 3.4278454 
Pocdam_XM_027197858.1                                  3.2896372 3.4933048 3.4218506 2.9293105 3.1967863 0.1489954 0.1326539 0.0000000 0.5338317 0.7307970 0.7173524 0.4049379 1.5582527 1.6327387 3.3170813 2.9434612 2.5167067 2.6502417 2.5898346 2.8663154 2.3162497 2.4516056 4.3827437 2.6930739 2.6908790 2.7554889 3.7161125 3.1323794 2.8280020 3.4725951 2.7830183 2.9231966 3.0187785 2.7975008 3.4529113 
Gfas_gfas1.m1.10140.m1                                 2.9253339 3.2659517 3.2275256 3.0177636 2.8291914 0.2110264 0.5148469 0.5338317 0.0000000 0.6626691 0.6456618 0.5971888 1.6408113 1.7877208 3.4512365 2.9761244 2.6983788 2.7690066 2.5472401 2.7436196 2.4204193 2.3169221 4.3621665 2.9045715 2.8677349 2.8680681 3.5579313 2.9171908 2.9005495 3.0952238 2.8586054 3.0492828 3.1497831 2.8090862 3.5163842 
Amil_Amillepora03214-RA                                3.3859485 3.7744080 3.6169426 3.1117616 2.8334926 0.3449118 0.7610487 0.7307970 0.6626691 0.0000000 0.0173467 0.7324962 1.9043611 1.8286541 3.8597640 2.8767931 2.8704029 2.9834025 2.7583663 2.8068811 2.3503083 2.4715374 3.8775289 2.9859731 2.8775420 2.6037956 3.7615560 2.8342428 3.0024803 3.1423829 2.9581340 2.8291922 2.7096090 2.8620644 3.7844924 
Adig_XM_015911822.1                                    3.3508311 3.7463576 3.5862122 3.0445223 2.8144943 0.3331472 0.7473900 0.7173524 0.6456618 0.0173467 0.0000000 0.7116350 1.8992367 1.8002338 3.9188964 2.8351750 2.8563123 2.9313272 2.7178268 2.7570765 2.3560799 2.4717180 3.8775289 2.9914773 2.7977492 2.5884981 3.7795599 2.8958512 3.0145884 3.0611150 2.9216910 2.8328813 2.7254647 2.8506793 3.7264472 
Gasp_gasp1.m3.16682.m1                                 3.2834505 3.2972833 3.2661998 3.0098490 2.9294404 0.1493516 0.4500230 0.4049379 0.5971888 0.7324962 0.7116350 0.0000000 1.6000832 1.6556363 3.5973504 2.9239450 2.5711922 2.9385581 2.6749743 2.8213487 2.4914909 2.6085635 4.5720064 2.5363186 2.9246986 2.5582504 4.1280033 3.6383268 3.1522574 3.6475525 2.8108544 3.0541721 2.8384465 3.1719602 2.9710801 
Nvec_v1g201367                                         3.1563107 3.3342267 3.1971707 2.9097459 2.7955854 1.0268498 1.5856347 1.5582527 1.6408113 1.9043611 1.8992367 1.6000832 0.0000000 1.3567893 3.3611949 2.9568496 2.9001411 2.6423896 2.5620383 2.7078261 2.4687910 2.3414296 5.4934215 2.3359044 2.7696025 2.7513603 3.6230334 2.7829279 3.0133902 3.3015526 2.6891510 2.9902014 2.9395262 2.9844495 3.2404753 
Exapal_XM_021041791.1                                  3.5560138 3.7878286 3.7027362 3.1154381 2.9557425 1.0823197 1.6889542 1.6327387 1.7877208 1.8286541 1.8002338 1.6556363 1.3567893 0.0000000 3.9080070 3.3091137 2.7552392 2.7168640 2.8101534 2.7710400 2.3878017 2.4777483 4.8332885 2.5029341 2.9291398 2.5466406 3.8760432 3.0724094 3.2270827 3.9817339 2.7453390 2.8397029 2.7769069 3.1669397 3.6148472 
Tcas_TC008514_001                                      3.6210263 3.8903655 3.7833885 3.8986689 3.1642107 1.9949305 3.3789102 3.3170813 3.4512365 3.8597640 3.9188964 3.5973504 3.3611949 3.9080070 0.0000000 3.4544520 2.9271772 2.9952922 2.9488099 3.3290977 3.4866040 3.4058326 4.6199549 3.5160918 3.5070599 3.0526258 4.2609235 3.5292444 3.5286127 3.9238689 3.0595933 3.4140009 3.5173383 3.9742702 3.4566808 
Sanmal_Sma_024281-T1                                   3.0960662 3.3980131 3.3872858 3.4351924 2.6543951 1.7794532 2.9267782 2.9434612 2.9761244 2.8767931 2.8351750 2.9239450 2.9568496 3.3091137 3.4544520 0.0000000 1.3000102 1.3248165 1.3179578 2.0690607 2.7226786 2.6585112 3.6815253 2.4789834 3.0057435 3.2531400 3.0485522 2.9787949 2.7002075 2.8945332 2.6338578 2.8886839 2.7666282 2.6025455 3.7491968 
Aaur_scaffold24.g10.t1                                 2.8479157 3.2331440 3.2675547 3.5394523 3.0543502 1.4342367 2.3952301 2.5167067 2.6983788 2.8704029 2.8563123 2.5711922 2.9001411 2.7552392 2.9271772 1.3000102 0.0000000 0.8339201 0.8689187 1.8384609 2.4416172 2.6171526 4.3908428 2.3805060 2.5072032 2.7896525 3.3525098 2.7636284 2.8906622 3.2377980 2.4319770 2.7369304 2.5196841 2.6805633 3.7540648 
Nemnom_g11661.t1                                       2.9433651 3.3120827 3.3673673 3.4107657 2.7987615 1.3674763 2.6158170 2.6502417 2.7690066 2.9834025 2.9313272 2.9385581 2.6423896 2.7168640 2.9952922 1.3248165 0.8339201 0.0000000 0.3566706 1.6997275 2.3623524 2.3297691 4.5135930 2.3217231 2.7915673 2.7779401 3.5108291 2.7905615 2.6316052 2.7473043 2.1554844 3.0772277 2.4944246 2.7235072 3.5521329 
Rhoesc_Res_017128-T1                                   2.9745214 3.3524632 3.3777255 3.4616386 2.8600247 1.4575513 2.5084542 2.5898346 2.5472401 2.7583663 2.7178268 2.6749743 2.5620383 2.8101534 2.9488099 1.3179578 0.8689187 0.3566706 0.0000000 1.6127069 2.5046714 2.5790440 4.2479664 2.4325344 2.7631312 2.8190942 3.5851872 2.7119024 2.8793972 2.9455905 2.4197062 2.8969243 2.7106990 2.8318576 3.8822737 
Morvir_scaffold8.g113.t1                               2.9857134 3.3207463 3.1813594 3.3189425 2.8327622 1.5909760 2.8031278 2.8663154 2.7436196 2.8068811 2.7570765 2.8213487 2.7078261 2.7710400 3.3290977 2.0690607 1.8384609 1.6997275 1.6127069 0.0000000 2.8445938 2.4825623 4.4022368 2.5591680 3.0200487 2.4933668 3.3277335 2.8282842 3.2682526 3.0903578 2.6453553 2.9093270 2.4642566 3.0139726 3.7018758 
Dgig_XM_028540265.1                                    3.1137191 3.0709491 3.1784702 3.3700716 2.5116690 1.7236128 2.2197354 2.3162497 2.4204193 2.3503083 2.3560799 2.4914909 2.4687910 2.3878017 3.4866040 2.7226786 2.4416172 2.3623524 2.5046714 2.8445938 0.0000000 0.7606236 2.8233031 2.6009646 2.9635725 2.5805432 3.7025498 3.3250550 3.0437609 3.5305163 2.7868551 3.0211743 3.0990224 2.8764254 3.9507329 
Xesp_012457-T2                                         3.0161426 3.1971012 3.2741426 3.2992161 2.4783650 1.9074627 2.3493652 2.4516056 2.3169221 2.4715374 2.4717180 2.6085635 2.3414296 2.4777483 3.4058326 2.6585112 2.6171526 2.3297691 2.5790440 2.4825623 0.7606236 0.0000000 1.2336459 2.1484129 2.6016419 2.5310450 3.6786730 3.7571717 2.9359829 3.2065300 2.3956701 2.5077644 2.9262347 2.4599897 4.1538839 
Xesp_012460-T1                                         5.0208837 4.7963566 4.7277751 4.5321434 3.8547922 3.0937150 4.4262782 4.3827437 4.3621665 3.8775289 3.8775289 4.5720064 5.4934215 4.8332885 4.6199549 3.6815253 4.3908428 4.5135930 4.2479664 4.4022368 2.8233031 1.2336459 0.0000000 3.9929093 4.5164779 4.6235696 5.1299892 4.6849017 3.4928665 3.9046054 5.4343528 5.0618117 3.7883151 4.8055126 4.5035989 
Bralan_BLAG03000004_1                                  2.8726983 3.1420115 3.1818321 2.8794733 2.8553124 1.7330181 2.7649531 2.6930739 2.9045715 2.9859731 2.9914773 2.5363186 2.3359044 2.5029341 3.5160918 2.4789834 2.3805060 2.3217231 2.4325344 2.5591680 2.6009646 2.1484129 3.9929093 0.0000000 1.7705853 2.0013358 2.5829435 2.0826611 2.6410810 2.6110822 2.5089303 2.2213677 2.1979919 2.4780901 3.1441221 
Skow_XM_002736122.2                                    3.3641958 3.9192597 3.5563034 3.7639050 3.4055328 1.7261494 2.7317693 2.6908790 2.8677349 2.8775420 2.7977492 2.9246986 2.7696025 2.9291398 3.5070599 3.0057435 2.5072032 2.7915673 2.7631312 3.0200487 2.9635725 2.6016419 4.5164779 1.7705853 0.0000000 1.9633527 3.7997074 3.2827462 3.6519280 4.5736723 3.5705340 2.5105543 2.6126477 2.4824742 3.5804368 
Spur_XM_030989087.1                                    3.0561973 3.4353169 3.4164791 3.3044350 2.7952684 2.0916401 2.7550384 2.7554889 2.8680681 2.6037956 2.5884981 2.5582504 2.7513603 2.5466406 3.0526258 3.2531400 2.7896525 2.7779401 2.8190942 2.4933668 2.5805432 2.5310450 4.6235696 2.0013358 1.9633527 0.0000000 2.7290100 2.1917667 2.5679730 3.1581536 2.9099270 2.2934824 2.4032596 2.7906076 3.2557548 
Emue_Em0003g326a.t1                                    4.5048440 4.7017658 4.6109672 3.6600950 3.4872140 2.7698336 3.3925400 3.7161125 3.5579313 3.7615560 3.7795599 4.1280033 3.6230334 3.8760432 4.2609235 3.0485522 3.3525098 3.5108291 3.5851872 3.3277335 3.7025498 3.6786730 5.1299892 2.5829435 3.7997074 2.7290100 0.0000000 0.1909782 1.4637381 2.0381355 3.4103333 3.4614660 3.5754960 3.0168525 4.3820250 
Spolac_c88325_g2_i1_m.4943c88325-g1NA                  3.9266858 3.9266858 3.9266858 3.5537753 3.2585347 2.5858583 2.9360577 3.1323794 2.9171908 2.8342428 2.8958512 3.6383268 2.7829279 3.0724094 3.5292444 2.9787949 2.7636284 2.7905615 2.7119024 2.8282842 3.3250550 3.7571717 4.6849017 2.0826611 3.2827462 2.1917667 0.1909782 0.0000000 1.2269156 1.7217236 2.9892263 2.5974622 2.9202803 2.6844479 3.8650899 
Stycar_maker-SC_scaffold18975-augustus-gene-0.9-mRNA-1 4.0308437 3.5943152 3.8565171 3.6972041 2.8885193 2.1506923 2.7255111 2.8280020 2.9005495 3.0024803 3.0145884 3.1522574 3.0133902 3.2270827 3.5286127 2.7002075 2.8906622 2.6316052 2.8793972 3.2682526 3.0437609 2.9359829 3.4928665 2.6410810 3.6519280 2.5679730 1.4637381 1.2269156 0.0000000 1.5678892 3.1148986 3.0851655 2.7853860 2.7589565 3.2441037 
Tetwil_g11797.t1                                       3.1084247 3.1257023 3.0022259 2.7756301 3.2038636 2.3839318 3.5351564 3.4725951 3.0952238 3.1423829 3.0611150 3.6475525 3.3015526 3.9817339 3.9238689 2.8945332 3.2377980 2.7473043 2.9455905 3.0903578 3.5305163 3.2065300 3.9046054 2.6110822 4.5736723 3.1581536 2.0381355 1.7217236 1.5678892 0.0000000 3.9304581 3.5403620 3.4359420 3.3595954 3.8618123 
Chem_TCONS_00032422                                    3.3797240 3.5527944 3.5978235 3.3440939 2.8322261 1.9224651 2.7929639 2.7830183 2.8586054 2.9581340 2.9216910 2.8108544 2.6891510 2.7453390 3.0595933 2.6338578 2.4319770 2.1554844 2.4197062 2.6453553 2.7868551 2.3956701 5.4343528 2.5089303 3.5705340 2.9099270 3.4103333 2.9892263 3.1148986 3.9304581 0.0000000 3.2603804 2.8175835 2.8174136 3.6533845 
Cgig_XM_034443637.1                                    3.7309365 3.8205411 3.7092625 3.5052823 3.2148195 2.0695184 2.9581978 2.9231966 3.0492828 2.8291922 2.8328813 3.0541721 2.9902014 2.8397029 3.4140009 2.8886839 2.7369304 3.0772277 2.8969243 2.9093270 3.0211743 2.5077644 5.0618117 2.2213677 2.5105543 2.2934824 3.4614660 2.5974622 3.0851655 3.5403620 3.2603804 0.0000000 2.1287390 3.2173808 3.7587088 
Acagra_model.g1087.t1.1.5d3b82b3                       3.6586284 3.8621583 3.9268268 3.6454860 2.8488625 2.1711223 2.8995269 3.0187785 3.1497831 2.7096090 2.7254647 2.8384465 2.9395262 2.7769069 3.5173383 2.7666282 2.5196841 2.4944246 2.7106990 2.4642566 3.0990224 2.9262347 3.7883151 2.1979919 2.6126477 2.4032596 3.5754960 2.9202803 2.7853860 3.4359420 2.8175835 2.1287390 0.0000000 3.1424004 2.8595730 
Plajan_Pjan_C559061_01                                 2.6711490 3.0041613 2.9058292 3.4565703 2.3611284 2.1356056 2.7820438 2.7975008 2.8090862 2.8620644 2.8506793 3.1719602 2.9844495 3.1669397 3.9742702 2.6025455 2.6805633 2.7235072 2.8318576 3.0139726 2.8764254 2.4599897 4.8055126 2.4780901 2.4824742 2.7906076 3.0168525 2.6844479 2.7589565 3.3595954 2.8174136 3.2173808 3.1424004 0.0000000 3.6752855 
Dpul_mRNA28619                                         3.0029214 3.4048321 3.1929404 3.4036962 3.4607064 2.8927984 3.4278454 3.4529113 3.5163842 3.7844924 3.7264472 2.9710801 3.2404753 3.6148472 3.4566808 3.7491968 3.7540648 3.5521329 3.8822737 3.7018758 3.9507329 4.1538839 4.5035989 3.1441221 3.5804368 3.2557548 4.3820250 3.8650899 3.2441037 3.8618123 3.6533845 3.7587088 2.8595730 3.6752855 0.0000000 
