110
Lcom_lcpid158879                                       0.0000000 0.0318794 0.0682157 0.0522830 0.0960381 0.1043075 0.1414794 0.1510755 0.4256580 0.5753606 0.4614392 0.4845110 0.4497170 0.4599651 0.3651688 0.4447517 0.4654088 0.3945181 0.4024037 0.3542924 0.4240279 0.3319225 0.5255721 0.4317155 0.4012144 0.3966514 0.4063482 0.4110056 0.4015390 0.3294021 0.3778077 0.6432477 0.6445277 0.3988301 0.5744835 0.5644523 0.4174120 0.4581062 0.4581062 0.4428269 0.4765109 0.6041957 0.3106667 0.5879884 0.5255949 0.4682161 0.4744802 0.4979099 0.5742036 0.5315364 0.6447093 0.6368938 0.5170379 0.5259478 0.4698289 0.4763943 0.4496254 0.4913188 0.4872577 0.4722945 0.4722945 0.5707573 0.5543884 0.5571489 0.5350296 0.5933083 0.5933083 0.5574093 0.4027909 0.4403465 0.4278659 0.4735289 0.6470561 0.5403764 0.7458818 0.5127998 0.6668939 0.6566667 0.6650424 0.5752791 0.5752791 0.5752791 0.5752791 0.5768228 0.5771312 0.5929531 0.6961446 0.6961446 0.6626012 0.6297387 0.8122853 0.5792374 0.6111965 0.6366162 0.6366162 0.6366162 0.5403413 0.6897281 0.6897281 0.8148784 0.6897281 0.6897281 0.6787345 0.4817600 0.4171468 0.5629533 0.3319620 0.6937003 0.6684937 1.7108703 
Lcom_lcpid158831                                       0.0318794 0.0000000 0.0476370 0.0756120 0.1189680 0.1414794 0.1046215 0.1768958 0.4755269 0.6080291 0.4704626 0.5157644 0.5001785 0.4891893 0.3926061 0.4746111 0.4975381 0.4228750 0.4304390 0.4018024 0.4727872 0.3584148 0.5255721 0.4405353 0.4490465 0.4440802 0.4540846 0.4591445 0.4496738 0.3554418 0.4051712 0.6183167 0.6430590 0.4739095 0.6180050 0.6183757 0.4462487 0.5094534 0.5094534 0.4936074 0.5226662 0.6384785 0.3871006 0.6435793 0.5566725 0.4984104 0.5048032 0.5070211 0.6066030 0.5629225 0.6612852 0.6689264 0.5439085 0.5729932 0.4594243 0.4854675 0.4584611 0.5003243 0.4961976 0.4805496 0.4805496 0.6250897 0.6079633 0.6113740 0.5876959 0.6266299 0.6266299 0.5898323 0.4311919 0.4892468 0.4300661 0.4776064 0.6635314 0.5718171 0.7845374 0.6009576 0.7026842 0.6924118 0.7011199 0.6094567 0.6094567 0.6094567 0.6094567 0.6114188 0.6103531 0.6272821 0.7321439 0.7321439 0.7231287 0.6889257 0.8206162 0.6376523 0.6708359 0.6718802 0.6718802 0.6718802 0.5509944 0.7258994 0.7258994 0.8324220 0.7258994 0.7258994 0.7399417 0.5345391 0.4676035 0.5725805 0.3818495 0.8045542 0.6833260 1.7108703 
Clacor_Ccor_C527497_01                                 0.0682157 0.0476370 0.0000000 0.0982966 0.1158296 0.1272359 0.1080156 0.1646112 0.6060366 0.6099834 0.5370863 0.4915133 0.4692420 0.4498269 0.3387293 0.4172676 0.4293242 0.4169361 0.4366449 0.3831096 0.4728579 0.4095241 0.2485210 0.4404732 0.4196408 0.4240286 0.4220863 0.4252309 0.4295964 0.3893573 0.4659722 0.5311414 0.6233885 0.3556900 0.5749621 0.5944950 0.4674839 0.4812057 0.4763902 0.4542385 0.4168180 0.5797474 0.3452281 0.5916977 0.6051445 0.6676741 0.6564843 0.4939770 0.5811840 0.5267225 0.7230406 0.5769514 0.4576349 0.4351492 0.4432961 0.5401653 0.5402913 0.5521082 0.5837266 0.5227589 0.5227589 0.6361621 0.6210942 0.6080820 0.5958933 0.5652857 0.5739316 0.6440089 0.4464022 0.4740795 0.4375479 0.5568323 0.6248704 0.6788996 0.7904922 0.5291229 0.7609079 0.7524280 0.7834184 0.7078415 0.7078415 0.7741066 0.8273107 0.7893562 0.7325536 0.8210021 0.7491914 0.7491914 0.7542279 0.7181173 0.9668778 0.6354615 0.7833360 0.7515025 0.7730749 0.7730749 0.6885649 0.8152965 0.8152965 1.0088034 0.8493671 0.8182989 0.8286837 0.5415897 0.4582064 0.5639865 0.4268315 0.8039223 0.9432459 1.6838951 
Lcom_lcpid165675                                       0.0522830 0.0756120 0.0982966 0.0000000 0.0899098 0.1499045 0.1769295 0.1615109 0.4257613 0.5336855 0.4477038 0.5293407 0.4569810 0.4556218 0.3859222 0.4753533 0.4277835 0.3897556 0.3985614 0.4004625 0.4058269 0.3485081 0.4409622 0.4319955 0.4041679 0.4041679 0.4148406 0.4148406 0.4189346 0.3440362 0.4001786 0.6000882 0.6116263 0.3932126 0.5617663 0.6081537 0.4401128 0.4436109 0.4436109 0.4273205 0.4373085 0.6271147 0.3612887 0.5926500 0.5312811 0.4974666 0.5009368 0.4424503 0.5452314 0.4953492 0.6178351 0.6138494 0.4802849 0.5107714 0.3981319 0.4781435 0.4543092 0.4997953 0.4953070 0.4828557 0.4828557 0.5907516 0.5797239 0.5767048 0.5469875 0.5481051 0.5481051 0.5720047 0.3954736 0.3891469 0.4176307 0.4869655 0.6298244 0.4927285 0.6047387 0.4807818 0.6047387 0.5938217 0.6099736 0.5325089 0.5325089 0.5325089 0.5919121 0.5773223 0.5485989 0.6003013 0.6288165 0.6288165 0.6502381 0.6113603 0.8670346 0.5600844 0.5978930 0.5800932 0.5800932 0.5800932 0.4902472 0.6297719 0.6297719 0.8612624 0.6297719 0.6297719 0.6672881 0.5046857 0.4682376 0.5980312 0.3733246 0.6022564 0.5227159 6.3699023 
Leuniv_Lniv_C784157_01                                 0.0960381 0.1189680 0.1158296 0.0899098 0.0000000 0.1264579 0.1472119 0.1497375 0.6323139 0.6239599 0.6014191 0.5554709 0.4459821 0.4547046 0.3959943 0.4760952 0.4350765 0.4536877 0.4673676 0.3978122 0.5194757 0.4389412 0.5059625 0.4821167 0.4242775 0.4287333 0.4110910 0.4299294 0.4343458 0.4271228 0.5064725 0.6389384 0.6492198 0.3308621 0.6053897 0.6099627 0.5307004 0.4786803 0.4738400 0.4516391 0.3994042 0.6775425 0.3557399 0.6468535 0.6079819 0.7008618 0.6681109 0.5403384 0.5831838 0.5199469 0.6984610 0.5498728 0.4404329 0.4698459 0.5103466 0.5946047 0.5715808 0.5915509 0.6270303 0.5815429 0.5815429 0.6392040 0.6311585 0.6110121 0.5791662 0.5905888 0.5997833 0.6496650 0.4887269 0.4897084 0.4818577 0.5570864 0.7262145 0.6548334 0.7388585 0.4836111 0.7376560 0.7291765 0.7476864 0.7168444 0.7168444 0.7736671 0.8281397 0.7667516 0.7266145 0.7665882 0.7818286 0.7818286 0.7600190 0.7127046 1.0188256 0.5950976 0.7703002 0.7132924 0.7463611 0.7463611 0.6983373 0.8325561 0.8325561 1.0866461 0.8560252 0.8356933 0.8354461 0.4996233 0.5021078 0.6361635 0.4202976 0.7878355 0.9183723 1.4146236 
Lcom_lcpid141305                                       0.1043075 0.1414794 0.1272359 0.1499045 0.1264579 0.0000000 0.0278475 0.0894622 0.6908734 0.6949189 0.6100547 0.5920057 0.5647485 0.5315827 0.4360388 0.5538197 0.5411043 0.5023423 0.5385855 0.4347833 0.5866017 0.5029543 0.5255721 0.5508248 0.5118212 0.5174704 0.5142417 0.5185020 0.5238287 0.4747457 0.5232104 0.7115739 0.7479233 0.3988301 0.6985550 0.6738281 0.5063681 0.5132075 0.5132075 0.4809258 0.4810576 0.6996765 0.3106667 0.6804694 0.6912426 0.7527031 0.7459377 0.5987098 0.6283042 0.5665762 0.7205404 0.6476398 0.5170379 0.5473440 0.6107979 0.6842338 0.6640489 0.6879393 0.6748043 0.6605655 0.6605655 0.7188465 0.6992458 0.6918433 0.6739479 0.7233310 0.7233310 0.7313444 0.5524460 0.5185317 0.5080757 0.5526390 0.7595814 0.6840815 0.7970849 0.5127998 0.7766315 0.7669656 0.7817376 0.7541749 0.7541749 0.7541749 0.7541749 0.7922249 0.7841004 0.8055168 0.8150347 0.8150347 0.7701116 0.7377511 0.9653765 0.6106280 0.8065388 0.7895725 0.8143377 0.8143377 0.7118198 0.8801743 0.8801743 1.0412655 0.8801743 0.8839030 0.8170755 0.4639561 0.4171468 0.6037627 0.3319620 0.7733087 0.9989452 1.3363602 
Lcom_lcpid141343                                       0.1414794 0.1046215 0.1080156 0.1769295 0.1472119 0.0278475 0.0000000 0.1130826 0.7436068 0.7262653 0.6187743 0.6209541 0.6149368 0.5587003 0.4611821 0.5813930 0.5753790 0.5316792 0.5658130 0.4786633 0.6351714 0.5290536 0.5255721 0.5593454 0.5581477 0.5640343 0.5603865 0.5649141 0.5704003 0.5001446 0.5498630 0.6880520 0.7465018 0.4739095 0.7404822 0.7265894 0.5340376 0.5606200 0.5606200 0.5276012 0.5276389 0.7366555 0.3871006 0.7324471 0.7221424 0.7851214 0.7784176 0.6078549 0.6587419 0.5958941 0.7352480 0.6809303 0.5439085 0.5949755 0.6002085 0.6934248 0.6730598 0.6970110 0.6838554 0.6692646 0.6692646 0.7725960 0.7519736 0.7451090 0.7257575 0.7550658 0.7550658 0.7638495 0.5803665 0.5649290 0.5102843 0.5564728 0.7769189 0.7151798 0.8350965 0.6009576 0.8107509 0.8010389 0.8162733 0.7880548 0.7880548 0.7880548 0.7880548 0.8270033 0.8174585 0.8398826 0.8495944 0.8495944 0.8277637 0.7942751 0.9725980 0.6701543 0.8668331 0.8250340 0.8493327 0.8493327 0.7223536 0.9163183 0.9163183 1.0585452 0.9163183 0.9201330 0.8788063 0.5163664 0.4676035 0.6125933 0.3818495 0.8813421 1.0141368 1.3363602 
Leuniv_Lniv_scaffold21616_01                           0.1510755 0.1768958 0.1646112 0.1615109 0.1497375 0.0894622 0.1130826 0.0000000 0.5266528 0.5431292 0.4791759 0.5267884 0.4128134 0.3807213 0.3972761 0.4202752 0.4391501 0.4626895 0.4264693 0.4223757 0.4212560 0.3659815 0.3874893 0.4452127 0.4024797 0.4024797 0.4123068 0.4123068 0.4160527 0.3681885 0.4035022 0.5397518 0.5287216 0.3016799 0.4837893 0.5294335 0.4351697 0.4317202 0.4253988 0.4169822 0.3928552 0.6475956 0.3200720 0.5509389 0.5335250 0.5242340 0.5167499 0.5115048 0.5838445 0.5270774 0.7605794 0.6045405 0.4256164 0.4589150 0.4312008 0.5163202 0.4968571 0.5400000 0.5690358 0.5118606 0.5118606 0.5720462 0.5641212 0.5469038 0.5516786 0.5866303 0.5981961 0.5446233 0.4205223 0.4407916 0.4584570 0.5905305 0.6642214 0.5251059 0.6359650 0.5053703 0.6359650 0.6261510 0.6478755 0.5167723 0.5167723 0.5570345 0.6056840 0.5666669 0.5608377 0.5884397 0.6379012 0.6379012 0.6144188 0.5712666 0.8167133 0.5507254 0.5808653 0.5686856 0.5686856 0.5686856 0.5307725 0.6347103 0.6347103 0.8267458 0.6529639 0.6347103 0.6595965 0.4988517 0.4469956 0.5752040 0.4178726 0.6556840 0.6251400 4.9662397 
Dpul_mRNA11109                                         0.4256580 0.4755269 0.6060366 0.4257613 0.6323139 0.6908734 0.7436068 0.5266528 0.0000000 0.3066481 0.4118813 0.5423212 0.4543347 0.4480961 0.4631014 0.4482183 0.4208164 0.4662817 0.5166300 0.4562656 0.5295646 0.4714128 0.5766390 0.5970829 0.5102877 0.4919065 0.5164053 0.5113389 0.5165358 0.4588883 0.5153234 0.6575433 0.6899305 0.4220251 0.6576451 0.6113230 0.6148274 0.5891267 0.5842650 0.5665302 0.5741566 0.5894433 0.4631325 0.7234896 0.5822142 0.5271941 0.5148219 0.5495784 0.6774675 0.6072205 0.7910959 0.6832900 0.5991074 0.4472645 0.6327328 0.4977023 0.4850942 0.5090563 0.5375324 0.4892505 0.4892505 0.6185961 0.6165392 0.6267022 0.6817872 0.6839117 0.6952164 0.7137084 0.6357342 0.5956808 0.5697996 0.6577422 0.7479955 0.6046459 0.8862478 0.5751953 0.8229387 0.8139803 0.8489437 0.7329423 0.7329423 0.7832303 0.8224067 0.8041376 0.7694882 0.8200792 0.8476880 0.8476880 0.8215602 0.7831360 1.0767703 0.5882212 0.8021052 0.7990854 0.8030168 0.8030168 0.7822958 0.8628551 0.8628551 1.1040559 0.8787821 0.8748837 0.8509099 0.4250906 0.5310242 0.5429014 0.2482211 0.7305914 1.0293794 2.6750114 
Tcas_TC015539_001                                      0.5753606 0.6080291 0.6099834 0.5336855 0.6239599 0.6949189 0.7262653 0.5431292 0.3066481 0.0000000 0.3198311 0.5123517 0.4279399 0.4507549 0.4038385 0.4108655 0.3438552 0.4741913 0.4771294 0.4810712 0.4586853 0.4890110 0.4539417 0.5817756 0.4891969 0.4885684 0.5217110 0.4987939 0.5197385 0.4262521 0.5411178 0.6054493 0.6386969 0.4047942 0.5955375 0.5803294 0.5300833 0.6135172 0.6086629 0.5988329 0.5631660 0.5458711 0.4512159 0.6937988 0.5159787 0.6026288 0.6041878 0.5194117 0.6274930 0.5638140 0.8694361 0.5797934 0.4414054 0.4291940 0.4902580 0.5636397 0.5323315 0.5372348 0.5849010 0.5377277 0.5377277 0.6208998 0.6196911 0.6344901 0.7033015 0.5738808 0.5832168 0.6245288 0.5476954 0.4588954 0.5494016 0.6408296 0.6652730 0.6226532 0.8310374 0.6283880 0.8204873 0.8115129 0.8351369 0.7754703 0.7754703 0.8507725 0.8836559 0.8573422 0.8079600 0.8555959 0.8478415 0.8478415 0.8040172 0.7830588 1.0576004 0.6879840 0.8346482 0.8402507 0.8431595 0.8431595 0.8294537 0.8509751 0.8509751 1.1153217 0.8664511 0.8628770 0.8573365 0.4898568 0.4778850 0.4494408 0.3060386 0.6194402 1.0345920 2.0510475 
Cscu_XM_023359645.1                                    0.4614392 0.4704626 0.5370863 0.4477038 0.6014191 0.6100547 0.6187743 0.4791759 0.4118813 0.3198311 0.0000000 0.4735637 0.3641590 0.4349691 0.3234400 0.3655677 0.3126524 0.3606393 0.3879053 0.4274987 0.3748050 0.3808983 0.4467260 0.4576519 0.4344209 0.4339136 0.4465823 0.4255971 0.4558646 0.2934684 0.4584790 0.6136869 0.6530327 0.4200751 0.5959741 0.5116872 0.4441663 0.5496018 0.5447225 0.5277778 0.5019573 0.5021800 0.4001700 0.7173070 0.4696267 0.5780580 0.5792825 0.4488859 0.5275672 0.4812731 0.6035625 0.4972355 0.4053773 0.3660576 0.4565781 0.4522857 0.4478059 0.4572240 0.4892579 0.4650260 0.4650260 0.5644955 0.5524182 0.5783725 0.6141209 0.5190702 0.5271709 0.5738047 0.4873963 0.4612540 0.4328234 0.4977244 0.6561819 0.5772394 0.8035663 0.5539779 0.7643070 0.7556529 0.7612177 0.7065775 0.7065775 0.7614605 0.7894026 0.6869672 0.6706342 0.7134707 0.7724749 0.7724749 0.7008618 0.7035699 0.8208841 0.6150123 0.7570740 0.7934196 0.8004748 0.8004748 0.6826060 0.7603847 0.7603847 0.8697741 0.7728752 0.7716003 0.7341400 0.5302931 0.5416905 0.5021741 0.3693469 0.6807869 0.8514646 2.0949821 
Lcom_lcpid130967                                       0.4845110 0.5157644 0.4915133 0.5293407 0.5554709 0.5920057 0.6209541 0.5267884 0.5423212 0.5123517 0.4735637 0.0000000 0.4045295 0.4051373 0.3060456 0.1550126 0.3913179 0.3543816 0.3750171 0.3491187 0.4132009 0.4522353 0.5738787 0.4627642 0.4932782 0.4981889 0.4790610 0.4826399 0.4307714 0.3966955 0.5017017 0.6605806 0.7052240 0.6168907 0.6467143 0.6838155 0.4632275 0.4493602 0.4444874 0.4352388 0.5377885 0.5371845 0.5118752 0.6469234 0.4525843 0.6542363 0.6538201 0.5484397 0.6464404 0.5749755 0.6239594 0.6633327 0.7095025 0.6571689 0.5574418 0.5346354 0.5301661 0.5080699 0.5482567 0.5390675 0.5390675 0.6103398 0.6015770 0.6197486 0.6254769 0.5803758 0.5895010 0.5867629 0.5089189 0.5408036 0.4840318 0.5550171 0.4368084 0.5727677 0.7690865 0.5325792 0.7141038 0.7112407 0.7653679 0.6357817 0.6357817 0.7067547 0.7473478 0.6840522 0.6262429 0.6937999 0.6554344 0.6554344 0.6414355 0.6158915 0.6956463 0.5451220 0.6688247 0.6714631 0.6803859 0.6803859 0.6962296 0.6916846 0.6916846 0.7181710 0.7198089 0.6974396 0.6885346 0.7103952 0.6174429 0.6213865 0.5230710 0.9168872 0.9470188 2.0949771 
Lcom_lcpid136407                                       0.4497170 0.5001785 0.4692420 0.4569810 0.4459821 0.5647485 0.6149368 0.4128134 0.4543347 0.4279399 0.3641590 0.4045295 0.0000000 0.1545129 0.2027537 0.2694103 0.2362536 0.2695553 0.2865610 0.2092949 0.3156140 0.3161048 0.3777166 0.3556150 0.3608371 0.3700732 0.3582518 0.3518033 0.3796457 0.2771457 0.4832618 0.6116008 0.5998153 0.3731444 0.5252134 0.4884276 0.4236174 0.4419193 0.4368295 0.4185932 0.4382491 0.4916413 0.4000568 0.5719538 0.4522285 0.5679441 0.5389287 0.4772729 0.5663529 0.4910931 0.6775460 0.5740058 0.4051143 0.4147128 0.4611344 0.5094107 0.4878006 0.4770529 0.5213381 0.4850480 0.4850480 0.5485709 0.5266721 0.5469487 0.5364189 0.5350673 0.5438185 0.5703682 0.4173050 0.3714676 0.4566422 0.5601450 0.5968982 0.3054125 0.7401921 0.4812269 0.6288989 0.6207446 0.6621644 0.5475535 0.5475535 0.5942715 0.6360401 0.5283010 0.5108047 0.5481765 0.5661174 0.5661174 0.5681964 0.5271708 0.6491435 0.4965450 0.5825094 0.5903157 0.5903157 0.5903157 0.5665747 0.5940518 0.5940518 0.6766211 0.6179375 0.5940518 0.6154027 0.5355157 0.5147787 0.6414833 0.4314232 0.6686102 0.8013595 1.8575914 
Cgig_XM_011423421.3                                    0.4599651 0.4891893 0.4498269 0.4556218 0.4547046 0.5315827 0.5587003 0.3807213 0.4480961 0.4507549 0.4349691 0.4051373 0.1545129 0.0000000 0.2056040 0.2414537 0.1899232 0.2830330 0.2939887 0.2283553 0.3560368 0.3401064 0.3268108 0.3847007 0.3893100 0.3886036 0.3796376 0.3906204 0.3948434 0.3268632 0.4858775 0.5288919 0.5584176 0.3690940 0.4890491 0.4921393 0.4149122 0.4517486 0.4468901 0.4302600 0.4851013 0.4848745 0.4048332 0.5664822 0.4385024 0.5726430 0.5637931 0.4528960 0.5547657 0.4762775 0.6797748 0.5614645 0.4111599 0.4230982 0.4704410 0.4694926 0.4606703 0.4565163 0.5002762 0.4651831 0.4651831 0.5052311 0.4954203 0.4877387 0.5372091 0.5393684 0.5477345 0.6072502 0.4386311 0.3831016 0.4891489 0.5773205 0.5406564 0.1729377 0.7451437 0.4942184 0.6659102 0.6579058 0.7075691 0.5829455 0.5829455 0.6360742 0.6792057 0.6203051 0.5823318 0.6372650 0.6160846 0.6160846 0.6253169 0.5843386 0.7505077 0.5013218 0.6257398 0.6046121 0.6213989 0.6213989 0.6276979 0.6202647 0.6202647 0.6730233 0.6441102 0.6299304 0.6169477 0.5956801 0.5481654 0.6473674 0.3529682 0.7116448 0.8159315 1.8965141 
Acagra_model.g13615.t1                                 0.3651688 0.3926061 0.3387293 0.3859222 0.3959943 0.4360388 0.4611821 0.3972761 0.4631014 0.4038385 0.3234400 0.3060456 0.2027537 0.2056040 0.0000000 0.1847771 0.1924675 0.2151542 0.1989997 0.2033970 0.2605804 0.2828474 0.2171847 0.3144551 0.3136428 0.3173923 0.3176149 0.3200847 0.3046094 0.1893264 0.3720966 0.5112688 0.5337559 0.3609102 0.4775796 0.4755171 0.3494256 0.3837026 0.3787391 0.3628417 0.4414185 0.4450810 0.3583604 0.5169824 0.4041428 0.5595727 0.5599662 0.4504910 0.4671124 0.4009747 0.5510236 0.4773582 0.3983818 0.3896663 0.4013118 0.4283414 0.4267870 0.4342243 0.4748545 0.4475956 0.4475956 0.4978720 0.4819656 0.4860738 0.5051301 0.4875279 0.4950052 0.5384049 0.4090445 0.2868338 0.3557842 0.4366995 0.3524529 0.3477004 0.6868144 0.4486648 0.6541832 0.6460159 0.6671212 0.5798907 0.5798907 0.6463465 0.6819980 0.5819190 0.5618641 0.6140495 0.5836530 0.5836530 0.5853162 0.5687670 0.7015984 0.4852865 0.6044942 0.6131851 0.6377275 0.6377275 0.5855993 0.5814275 0.5814275 0.6040957 0.6041377 0.5836230 0.5477632 0.5343035 0.5203852 0.5732809 0.4213157 0.7846902 0.8167458 1.9477138 
Lcom_lcpid129046                                       0.4447517 0.4746111 0.4172676 0.4753533 0.4760952 0.5538197 0.5813930 0.4202752 0.4482183 0.4108655 0.3655677 0.1550126 0.2694103 0.2414537 0.1847771 0.0000000 0.1726542 0.1846687 0.2159717 0.2418380 0.2934874 0.3383567 0.2528722 0.3549276 0.3771301 0.3812534 0.3723606 0.3751961 0.3525139 0.2804302 0.3616655 0.5326432 0.5888614 0.3661494 0.5383170 0.5131050 0.4139813 0.3779643 0.3731114 0.3646183 0.3762831 0.4677383 0.3835994 0.5368311 0.4271879 0.5553601 0.5632425 0.4661673 0.5253772 0.4628787 0.6239594 0.4960615 0.3963060 0.4080340 0.4725421 0.4246002 0.4418832 0.4258642 0.4715737 0.4320963 0.4320963 0.5370988 0.5336303 0.5310056 0.5452770 0.4742129 0.4814910 0.5728215 0.4325693 0.3813124 0.4152916 0.4886792 0.4368084 0.4112454 0.7694288 0.4997844 0.7146122 0.7062810 0.7199890 0.6292745 0.6292745 0.6804961 0.7151679 0.6543931 0.6329363 0.6743814 0.6537202 0.6537202 0.6349287 0.5984650 0.7538443 0.5178337 0.6620600 0.6664177 0.6753471 0.6753471 0.6636190 0.6643761 0.6643761 0.7181710 0.6910373 0.6699265 0.6467662 0.5580861 0.5348903 0.5652439 0.3945971 0.7520181 0.9770547 2.2108937 
Lcom_lcpid146264                                       0.4654088 0.4975381 0.4293242 0.4277835 0.4350765 0.5411043 0.5753790 0.4391501 0.4208164 0.3438552 0.3126524 0.3913179 0.2362536 0.1899232 0.1924675 0.1726542 0.0000000 0.2320190 0.2124483 0.2511040 0.2292341 0.2759444 0.2897253 0.2625090 0.3316985 0.3316985 0.3419009 0.3419009 0.3487644 0.2645001 0.3475115 0.4809513 0.4898009 0.3579956 0.4524303 0.4570018 0.3443303 0.3967847 0.3908669 0.3890410 0.4397717 0.4934647 0.3757213 0.4321263 0.3813426 0.4604584 0.4402969 0.4090974 0.4686945 0.4024012 0.5468155 0.5285242 0.3832505 0.4093187 0.3230593 0.3700282 0.3438930 0.3630468 0.4159637 0.3595710 0.3595710 0.4182614 0.4278986 0.4152810 0.4068524 0.4403657 0.4485574 0.5623968 0.4036117 0.1865822 0.4077787 0.5039671 0.5259806 0.3050995 0.5818699 0.5005289 0.5567911 0.5474489 0.5714750 0.4671542 0.4671542 0.5052615 0.5342018 0.4686832 0.4679401 0.4868060 0.5263588 0.5263588 0.4865750 0.4490316 0.5440465 0.4780612 0.4973784 0.4969775 0.4969775 0.4969775 0.4522271 0.4696656 0.4696656 0.4722144 0.4900631 0.4696656 0.4672576 0.5525016 0.5697696 0.5598265 0.3536729 0.6256855 0.5657045 3.9736966 
Vmul_sbMO486393                                        0.3945181 0.4228750 0.4169361 0.3897556 0.4536877 0.5023423 0.5316792 0.4626895 0.4662817 0.4741913 0.3606393 0.3543816 0.2695553 0.2830330 0.2151542 0.1846687 0.2320190 0.0000000 0.1126137 0.2304177 0.3498526 0.3364279 0.6634618 0.3793081 0.4009287 0.4058633 0.3831374 0.3952159 0.3902194 0.2857356 0.3736527 0.6014567 0.6682441 0.4921205 0.5623289 0.5436719 0.4172875 0.4382341 0.4382341 0.4241386 0.4930328 0.4917084 0.5408788 0.5482368 0.4934897 0.4972149 0.5057841 0.4407586 0.5226227 0.4539711 0.4831480 0.5828301 0.4993846 0.5322039 0.4923469 0.4529104 0.4585053 0.4722367 0.4662612 0.4431078 0.4431078 0.5058136 0.5117724 0.4989664 0.5599819 0.5284807 0.5284807 0.5488519 0.5149334 0.3706556 0.3298797 0.4090812 0.5330072 0.3291023 0.7712482 0.5389434 0.6344391 0.6251401 0.5995980 0.5583751 0.5583751 0.5356287 0.5356287 0.5131139 0.5526710 0.5650559 0.6036667 0.6036667 0.6043904 0.5852736 0.6774580 0.5127483 0.5990362 0.6413159 0.6413159 0.6413159 0.5215798 0.6445138 0.6445138 0.6613944 0.6315077 0.6445138 0.6109808 0.5751804 0.5642036 0.6464977 0.4281075 0.7037758 0.7322754 1.9184141 
Lcom_lcpid132364                                       0.4024037 0.4304390 0.4366449 0.3985614 0.4673676 0.5385855 0.5658130 0.4264693 0.5166300 0.4771294 0.3879053 0.3750171 0.2865610 0.2939887 0.1989997 0.2159717 0.2124483 0.1126137 0.0000000 0.2629372 0.3318996 0.3482802 0.3195666 0.3878257 0.3930641 0.3972665 0.3841780 0.3870700 0.4042993 0.2610524 0.4309821 0.5099805 0.5762593 0.3713176 0.5146072 0.5011819 0.4060943 0.4369264 0.4320002 0.4229870 0.4585151 0.4439663 0.4062767 0.5130548 0.5057812 0.5821311 0.5887084 0.4363171 0.4860520 0.4321238 0.4582087 0.5260392 0.4633445 0.4347506 0.4535621 0.4732597 0.4678152 0.4597803 0.5239495 0.4519693 0.4519693 0.5286519 0.5235885 0.5338510 0.5704979 0.5649662 0.5737855 0.6159975 0.4530749 0.3691023 0.3936292 0.4667702 0.5382424 0.3942586 0.7114788 0.4639968 0.6907247 0.6824771 0.6862520 0.5975105 0.5975105 0.6615207 0.6845871 0.6306121 0.6044020 0.6587347 0.6552322 0.6552322 0.6495129 0.6321482 0.7856054 0.4981383 0.6432813 0.6619593 0.6776326 0.6776326 0.6349396 0.6521325 0.6521325 0.7578458 0.6782037 0.6622829 0.6402538 0.5940211 0.6308140 0.6617472 0.4590632 0.7561724 0.9444044 1.9117430 
Lcom_lcpid142753                                       0.3542924 0.4018024 0.3831096 0.4004625 0.3978122 0.4347833 0.4786633 0.4223757 0.4562656 0.4810712 0.4274987 0.3491187 0.2092949 0.2283553 0.2033970 0.2418380 0.2511040 0.2304177 0.2629372 0.0000000 0.3275194 0.3111015 0.2044808 0.3935722 0.3651338 0.3696005 0.3361872 0.3552372 0.3537988 0.3171721 0.3718630 0.6566163 0.6651182 0.4104037 0.6068089 0.5610081 0.4057206 0.3517809 0.3517809 0.3247813 0.4534762 0.5108075 0.4729171 0.5633518 0.4752223 0.6447627 0.6177998 0.5232176 0.5803248 0.5109447 0.7178149 0.6177415 0.4176291 0.4750336 0.4811697 0.5009508 0.5026180 0.4642385 0.4793770 0.4934833 0.4934833 0.5809934 0.5579710 0.5674931 0.5804957 0.5541978 0.5541978 0.5893221 0.4505576 0.3979854 0.3814150 0.4617034 0.5566114 0.3021234 0.7032477 0.4764072 0.6513828 0.6423602 0.6705493 0.6138467 0.6138467 0.6138467 0.6261655 0.5934506 0.6006413 0.6263810 0.6822889 0.6822889 0.6530738 0.6330084 0.7759383 0.5028872 0.6492275 0.6574936 0.6936559 0.6936559 0.5975703 0.7143456 0.7143456 0.7408083 0.7143456 0.7173441 0.6426984 0.5532856 0.4770852 0.6377909 0.3814121 0.7368523 0.8418223 1.4379512 
Hsap_ENST00000274065                                   0.4240279 0.4727872 0.4728579 0.4058269 0.5194757 0.5866017 0.6351714 0.4212560 0.5295646 0.4586853 0.3748050 0.4132009 0.3156140 0.3560368 0.2605804 0.2934874 0.2292341 0.3498526 0.3318996 0.3275194 0.0000000 0.3287541 0.1896251 0.3015919 0.3141430 0.3138347 0.3210257 0.3023064 0.3158825 0.2751108 0.3676286 0.4528512 0.4473790 0.2678767 0.4238878 0.3982059 0.2841538 0.3627825 0.3577884 0.3547461 0.4265606 0.4565228 0.3088229 0.5838165 0.3916082 0.4886859 0.4857057 0.4059226 0.5278163 0.4414982 0.6292704 0.5096596 0.3517338 0.3468833 0.4125576 0.4019072 0.4151098 0.4422595 0.4507256 0.4409999 0.4409999 0.5008362 0.4751482 0.4926668 0.4968375 0.4209225 0.4272383 0.5566733 0.4321250 0.3759014 0.3679051 0.4488518 0.5811268 0.4876171 0.6769889 0.4774202 0.6306371 0.6225900 0.6240468 0.5898388 0.5898388 0.6353589 0.6667639 0.6139693 0.5942044 0.6397251 0.6195214 0.6195214 0.6108046 0.5913604 0.7589781 0.4970164 0.6255111 0.6262967 0.6337916 0.6337916 0.6009298 0.6212920 0.6212920 0.7122629 0.6455111 0.6310921 0.6041004 0.5487921 0.5056942 0.5423716 0.3681703 0.7453386 0.8726440 1.6686563 
Nvec_v1g242621                                         0.3319225 0.3584148 0.4095241 0.3485081 0.4389412 0.5029543 0.5290536 0.3659815 0.4714128 0.4890110 0.3808983 0.4522353 0.3161048 0.3401064 0.2828474 0.3383567 0.2759444 0.3364279 0.3482802 0.3111015 0.3287541 0.0000000 0.0883892 0.3509132 0.1994773 0.1937923 0.1890427 0.2008671 0.2167689 0.2327561 0.2232308 0.5314921 0.5211423 0.2679034 0.4874208 0.4783564 0.3673493 0.3086739 0.3036997 0.2951936 0.3180099 0.3571602 0.2597471 0.4457103 0.3528977 0.5003980 0.4926510 0.4182107 0.5047721 0.4321550 0.5525504 0.4724973 0.4175576 0.3756910 0.3955173 0.3984208 0.3945985 0.3833364 0.4150500 0.4029817 0.4029817 0.4226019 0.3986851 0.4128692 0.4452010 0.4933016 0.5007456 0.4980101 0.4671890 0.4108243 0.2746602 0.3739947 0.3665312 0.5021418 0.6549364 0.4943244 0.6240760 0.6161373 0.6466417 0.5235805 0.5235805 0.5750047 0.6061624 0.4844266 0.4836609 0.5165919 0.5565438 0.5565438 0.5097036 0.4944135 0.5787785 0.4799203 0.5753050 0.6025195 0.6147255 0.6147255 0.5714358 0.5446642 0.5446642 0.5970612 0.5654594 0.5540186 0.5321100 0.5028393 0.4712182 0.5741826 0.3854715 0.6436501 0.7162969 1.1956392 
Exapal_XM_021056086.2                                  0.5255721 0.5255721 0.2485210 0.4409622 0.5059625 0.5255721 0.5255721 0.3874893 0.5766390 0.4539417 0.4467260 0.5738787 0.3777166 0.3268108 0.2171847 0.2528722 0.2897253 0.6634618 0.3195666 0.2044808 0.1896251 0.0883892 0.0000000 0.1551167 0.1639188 0.1639188 0.1639188 0.1639188 0.2044291 0.1900270 0.1146626 0.3438031 0.3019095 0.3019095 0.2117474 0.2962902 0.3423387 0.3302977 0.2974744 0.3302977 0.4191806 0.3158759 0.2465633 0.2447290 0.5324379 0.6057914 0.6057914 0.4133550 0.5157348 0.4299577 0.0000010 0.4747633 0.6118140 0.3048387 0.3318167 0.3891721 0.4018899 0.3895890 0.6430686 0.3802983 0.3802983 0.5511042 0.5094924 0.5424677 0.5893509 0.2902486 0.3165517 0.2993729 0.4373778 0.1816009 0.2662035 3.0591307 0.0000010 0.8037421 0.6396953 0.3771061 0.6396953 0.6396953 0.6588749 0.3701260 0.3701260 0.6569972 0.9156718 0.3821240 0.4844291 0.8285162 0.5130869 0.5130869 0.4536651 0.4612908 0.0000010 0.5642501 0.4536651 0.5050355 0.5050355 0.5050355 0.0000010 0.3883551 0.3883551 0.0000010 0.4704033 0.3883551 0.4411217 0.9657253 0.7507536 0.5974652 0.6289874 0.5014870 0.0000010 3.4651185 
Skow_XM_006821548.1                                    0.4317155 0.4405353 0.4404732 0.4319955 0.4821167 0.5508248 0.5593454 0.4452127 0.5970829 0.5817756 0.4576519 0.4627642 0.3556150 0.3847007 0.3144551 0.3549276 0.2625090 0.3793081 0.3878257 0.3935722 0.3015919 0.3509132 0.1551167 0.0000000 0.4058003 0.4038000 0.3946968 0.4072517 0.4239803 0.3080378 0.4330844 0.5028629 0.5509717 0.2805813 0.5322478 0.5233956 0.2929191 0.4793197 0.4743649 0.4588468 0.4255760 0.5153612 0.3640691 0.6766138 0.5096145 0.6034300 0.6114323 0.4550888 0.5409606 0.4474953 0.6403139 0.5108922 0.3469755 0.3610743 0.4470377 0.4949762 0.4699266 0.4597912 0.5115143 0.4599418 0.4599418 0.6482025 0.6384956 0.6342730 0.6029877 0.5920990 0.6014713 0.5887692 0.4245176 0.4151641 0.4291869 0.5219618 0.6563750 0.5527630 0.7544621 0.5261184 0.7115163 0.7033501 0.7113141 0.6559024 0.6559024 0.7088958 0.7442434 0.6542297 0.6279825 0.6797967 0.6367885 0.6367885 0.6147345 0.5954566 0.7036185 0.5969830 0.6935058 0.6857080 0.7077495 0.7077495 0.6419183 0.6630440 0.6630440 0.7080001 0.6891143 0.6654990 0.6268604 0.5601408 0.5259456 0.5378972 0.3307806 0.7894653 0.9618242 1.7277734 
Fspp_ffun1.m4.13879.m1                                 0.4012144 0.4490465 0.4196408 0.4041679 0.4242775 0.5118212 0.5581477 0.4024797 0.5102877 0.4891969 0.4344209 0.4932782 0.3608371 0.3893100 0.3136428 0.3771301 0.3316985 0.4009287 0.3930641 0.3651338 0.3141430 0.1994773 0.1639188 0.4058003 0.0000000 0.0099268 0.0351642 0.0199426 0.0621275 0.3074373 0.2059007 0.4471499 0.4722652 0.2179453 0.4189785 0.4336280 0.4271638 0.2983362 0.2932514 0.2775118 0.2953113 0.4070236 0.2786252 0.4712227 0.3440469 0.4314634 0.4269816 0.4182854 0.4659069 0.3949520 0.5436533 0.4551180 0.3721460 0.3198789 0.4489485 0.4003289 0.4174241 0.4203304 0.4515944 0.4026576 0.4026576 0.4107328 0.3878204 0.3959218 0.4571232 0.4933553 0.5009043 0.5538526 0.4422537 0.4201372 0.1795826 0.2693289 0.4135306 0.5498948 0.6444886 0.3934345 0.5533349 0.5454101 0.5697131 0.5292803 0.5292803 0.5811136 0.6126806 0.5579872 0.5353648 0.5847559 0.5428677 0.5428677 0.5242463 0.4986058 0.6744163 0.4749825 0.5942548 0.6075173 0.6156114 0.6156114 0.5691018 0.5659074 0.5659074 0.6873457 0.5877563 0.5754333 0.5622012 0.4306003 0.4045638 0.5656358 0.4074850 0.6109025 0.8064410 0.8732574 
Gasp_gasp1.m3.11331.m1                                 0.3966514 0.4440802 0.4240286 0.4041679 0.4287333 0.5174704 0.5640343 0.4024797 0.4919065 0.4885684 0.4339136 0.4981889 0.3700732 0.3886036 0.3173923 0.3812534 0.3316985 0.4058633 0.3972665 0.3696005 0.3138347 0.1937923 0.1639188 0.4038000 0.0099268 0.0000000 0.0310845 0.0302040 0.0671668 0.3046352 0.2115436 0.4431612 0.4680583 0.2179453 0.4253574 0.4297093 0.4155152 0.2953878 0.2902926 0.2810713 0.2953113 0.4070236 0.2786252 0.4895090 0.3544208 0.4190785 0.4264645 0.4218302 0.4576005 0.3867599 0.5290093 0.4551180 0.3721460 0.3198789 0.4588086 0.4076015 0.4247254 0.4276247 0.4595544 0.3999332 0.3999332 0.4203714 0.3969765 0.4054006 0.4618297 0.5129044 0.5207965 0.5574746 0.4417293 0.4325618 0.1826101 0.2732162 0.4053343 0.5622734 0.6380494 0.3934345 0.5627575 0.5548159 0.5799059 0.5309934 0.5309934 0.5826830 0.6141418 0.5686646 0.5443460 0.5952610 0.5445349 0.5445349 0.5260060 0.5004759 0.6760521 0.4697646 0.5887693 0.5963037 0.6046445 0.6046445 0.5709099 0.5674560 0.5674560 0.6891304 0.5892425 0.5769354 0.5639815 0.4306003 0.4045638 0.5601162 0.4074850 0.6109025 0.8071522 0.9166970 
Spis_XP_022800712_1                                    0.4063482 0.4540846 0.4220863 0.4148406 0.4110910 0.5142417 0.5603865 0.4123068 0.5164053 0.5217110 0.4465823 0.4790610 0.3582518 0.3796376 0.3176149 0.3723606 0.3419009 0.3831374 0.3841780 0.3361872 0.3210257 0.1890427 0.1639188 0.3946968 0.0351642 0.0310845 0.0000000 0.0148279 0.0665813 0.3086018 0.2154163 0.4634116 0.4724527 0.2347419 0.4308202 0.4378845 0.4230892 0.2790847 0.2739943 0.2528654 0.2821868 0.4012180 0.2948163 0.4562661 0.3433991 0.4554510 0.4625326 0.4249376 0.4539223 0.3842216 0.5224972 0.4524249 0.3700417 0.3313320 0.4650080 0.4183158 0.4283409 0.4312185 0.4709536 0.4132274 0.4132274 0.4086122 0.3856674 0.3942099 0.4452275 0.4837771 0.4911450 0.5467587 0.4364174 0.4423367 0.1561993 0.2415053 0.4230983 0.5252461 0.6439583 0.4067336 0.5827645 0.5747773 0.6015802 0.5582024 0.5582024 0.6130793 0.6464583 0.5719834 0.5470604 0.5986175 0.5531610 0.5531610 0.5162442 0.4909093 0.6408345 0.4866600 0.5985342 0.6164995 0.6341964 0.6341964 0.5838030 0.5932715 0.5932715 0.7012888 0.6164301 0.6029903 0.5825541 0.4278491 0.4238750 0.5754813 0.4284319 0.6330137 0.8380226 0.8844356 
Pocdam_XM_027194959.1                                  0.4110056 0.4591445 0.4252309 0.4148406 0.4299294 0.5185020 0.5649141 0.4123068 0.5113389 0.4987939 0.4255971 0.4826399 0.3518033 0.3906204 0.3200847 0.3751961 0.3419009 0.3952159 0.3870700 0.3552372 0.3023064 0.2008671 0.1639188 0.4072517 0.0199426 0.0302040 0.0148279 0.0000000 0.0565841 0.3097237 0.2177319 0.4594476 0.4851222 0.2347419 0.4243912 0.4338672 0.4138184 0.2799951 0.2748607 0.2549052 0.2821868 0.4012180 0.2948163 0.4642734 0.3311279 0.4455881 0.4402925 0.4164752 0.4614126 0.3911132 0.5364844 0.4524249 0.3700417 0.3313320 0.4524487 0.4058213 0.4159287 0.4188320 0.4575816 0.4082518 0.4082518 0.4065566 0.3837451 0.3922069 0.4485756 0.4761651 0.4834194 0.5570127 0.4310394 0.4273934 0.1710590 0.2588606 0.4316234 0.5255202 0.6504324 0.4067336 0.5637203 0.5557646 0.5809770 0.5474118 0.5474118 0.6015096 0.6344532 0.5721603 0.5472133 0.5987863 0.5422952 0.5422952 0.5236648 0.4980193 0.6545868 0.4920420 0.6139872 0.6279037 0.6355856 0.6355856 0.5710036 0.5823488 0.5823488 0.6995893 0.6051743 0.5920697 0.5808559 0.4278491 0.4238750 0.5764347 0.4284319 0.6330137 0.8356074 0.9556708 
Gfas_gfas1.m1.2969.m1                                  0.4015390 0.4496738 0.4295964 0.4189346 0.4343458 0.5238287 0.5704003 0.4160527 0.5165358 0.5197385 0.4558646 0.4307714 0.3796457 0.3948434 0.3046094 0.3525139 0.3487644 0.3902194 0.4042993 0.3537988 0.3158825 0.2167689 0.2044291 0.4239803 0.0621275 0.0671668 0.0665813 0.0565841 0.0000000 0.3110558 0.2343830 0.4732440 0.4746238 0.2512018 0.4136839 0.4492006 0.4118863 0.2957984 0.2907302 0.2736129 0.3067941 0.4310950 0.3284665 0.5108437 0.3659252 0.4462768 0.4624183 0.4216415 0.4971507 0.4244056 0.5772919 0.4711560 0.3943142 0.3660476 0.4946816 0.4184333 0.4188618 0.4314553 0.4716011 0.4315786 0.4315786 0.4451591 0.4193196 0.4329691 0.4756995 0.4873939 0.4949009 0.5649747 0.4797772 0.4691434 0.1833773 0.2625071 0.4301062 0.5396957 0.6564140 0.4348978 0.6032033 0.5952381 0.6235445 0.5450688 0.5450688 0.5981022 0.6303547 0.5825717 0.5561538 0.6087930 0.5621729 0.5621729 0.5436351 0.5179398 0.6507738 0.4911301 0.6101553 0.6346018 0.6420340 0.6420340 0.5873868 0.5960482 0.5960482 0.6823362 0.6191785 0.6057211 0.5964559 0.4723809 0.4485729 0.5967195 0.4477823 0.6847534 0.8034645 1.0599173 
Bralan_BLAG06000539_1                                  0.3294021 0.3554418 0.3893573 0.3440362 0.4271228 0.4747457 0.5001446 0.3681885 0.4588883 0.4262521 0.2934684 0.3966955 0.2771457 0.3268632 0.1893264 0.2804302 0.2645001 0.2857356 0.2610524 0.3171721 0.2751108 0.2327561 0.1900270 0.3080378 0.3074373 0.3046352 0.3086018 0.3097237 0.3110558 0.0000000 0.3264796 0.4462622 0.5044156 0.3156301 0.4566642 0.4333305 0.2942691 0.3686226 0.3637946 0.3643325 0.3607661 0.4080220 0.3323763 0.5750229 0.3924314 0.5521894 0.5718741 0.3872906 0.4602436 0.3928130 0.5151561 0.4482435 0.3621824 0.3886790 0.3723716 0.4000645 0.3932851 0.3968267 0.4335376 0.4323144 0.4323144 0.4870425 0.4683988 0.4693188 0.5021472 0.4648744 0.4717731 0.4987879 0.4096150 0.3427900 0.3238726 0.4069211 0.4209021 0.4623892 0.6905198 0.4857264 0.6313759 0.6234670 0.6371545 0.5355276 0.5355276 0.5906966 0.6224850 0.5138262 0.5058555 0.5456941 0.5813753 0.5813753 0.5772851 0.5611989 0.6661829 0.5062890 0.5874963 0.6293759 0.6201336 0.6201336 0.5743202 0.5420430 0.5420430 0.5969776 0.5627938 0.5514138 0.5384336 0.5588611 0.5129895 0.5267033 0.3986913 0.7234118 0.6920324 1.8072425 
Lampan_Lpan_C398143_01                                 0.3778077 0.4051712 0.4659722 0.4001786 0.5064725 0.5232104 0.5498630 0.4035022 0.5153234 0.5411178 0.4584790 0.5017017 0.4832618 0.4858775 0.3720966 0.3616655 0.3475115 0.3736527 0.4309821 0.3718630 0.3676286 0.2232308 0.1146626 0.4330844 0.2059007 0.2115436 0.2154163 0.2177319 0.2343830 0.3264796 0.0000000 0.5169113 0.5377389 0.2863673 0.4963645 0.5095676 0.4588194 0.3196957 0.3196957 0.3148643 0.3274747 0.4209280 0.2499003 0.4904743 0.4374541 0.5125073 0.5262901 0.4455203 0.6124608 0.5272661 0.6969547 0.5414704 0.3898162 0.3749130 0.4770783 0.4206639 0.4218465 0.4398800 0.4278565 0.4262860 0.4262860 0.4664200 0.4531313 0.4583169 0.4890312 0.5520200 0.5520200 0.5906811 0.5151843 0.4225341 0.2538585 0.3175453 0.4242335 0.6169447 0.7034648 0.5052972 0.7054969 0.6968677 0.6959194 0.6439786 0.6439786 0.6807870 0.7062453 0.6206689 0.6323825 0.6531346 0.7209318 0.7209318 0.6595920 0.6488876 0.8217942 0.5102111 0.6852932 0.7255634 0.7550414 0.7550414 0.6639863 0.7177270 0.7177270 0.8000646 0.7177270 0.7237992 0.6546397 0.4255400 0.4256743 0.5836478 0.3828052 0.6466146 0.8913952 1.4695018 
Leuniv_Lniv_scaffold7043_01                            0.6432477 0.6183167 0.5311414 0.6000882 0.6389384 0.7115739 0.6880520 0.5397518 0.6575433 0.6054493 0.6136869 0.6605806 0.6116008 0.5288919 0.5112688 0.5326432 0.4809513 0.6014567 0.5099805 0.6566163 0.4528512 0.5314921 0.3438031 0.5028629 0.4471499 0.4431612 0.4634116 0.4594476 0.4732440 0.4462622 0.5169113 0.0000000 0.0846219 0.0737622 0.1161346 0.3149034 0.4418601 0.5351740 0.5302856 0.5243431 0.5851059 0.5921977 0.4427898 0.6748968 0.5895277 0.5203945 0.5496086 0.4601552 0.5746676 0.4799374 0.6356239 0.5548901 0.4451488 0.4096539 0.6387311 0.5563306 0.5573741 0.5767518 0.6198980 0.5474540 0.5474540 0.6097182 0.6228822 0.5946902 0.6140874 0.6105639 0.6202161 0.6442204 0.5784057 0.6016664 0.4666036 0.5623543 0.6541482 0.6970773 0.8798204 0.6572147 0.8052885 0.7965934 0.8166733 0.7197727 0.7197727 0.8007265 0.8528545 0.8236500 0.7618828 0.8518256 0.7804346 0.7804346 0.8090585 0.8015573 0.9736919 0.6674762 0.7821978 0.8097631 0.8032460 0.8032460 0.7486868 0.7313552 0.7313552 0.8859638 0.7608265 0.7418643 0.7971551 0.6674116 0.7057356 0.5817540 0.4442603 0.8367183 1.0121634 1.8245880 
Gracom_Gcom_C527146_01                                 0.6445277 0.6430590 0.6233885 0.6116263 0.6492198 0.7479233 0.7465018 0.5287216 0.6899305 0.6386969 0.6530327 0.7052240 0.5998153 0.5584176 0.5337559 0.5888614 0.4898009 0.6682441 0.5762593 0.6651182 0.4473790 0.5211423 0.3019095 0.5509717 0.4722652 0.4680583 0.4724527 0.4851222 0.4746238 0.5044156 0.5377389 0.0846219 0.0000000 0.0608523 0.1298005 0.3200588 0.4855802 0.5331966 0.5282221 0.5169577 0.5916659 0.6254150 0.4238846 0.6790090 0.6129426 0.5823679 0.6080262 0.5269200 0.5997422 0.5449631 0.8235950 0.5910017 0.4778556 0.4128459 0.6978307 0.5603221 0.5687372 0.6012404 0.6331442 0.6058394 0.6058394 0.6251541 0.6173730 0.6179230 0.6165533 0.6526910 0.6632533 0.6640233 0.5599877 0.6361683 0.5028816 0.6094526 0.6591161 0.7377109 0.8547239 0.6384945 0.8218582 0.8130767 0.8345776 0.7045445 0.7045445 0.7839315 0.8353572 0.8066051 0.7474955 0.8352033 0.7831804 0.7831804 0.7782671 0.7709428 0.9343732 0.6305876 0.7533610 0.7578660 0.7956905 0.7956905 0.7540467 0.6796949 0.6796949 0.7715204 0.7063794 0.6845408 0.7134132 0.6444756 0.6813690 0.6467708 0.4611522 0.8243466 1.0069280 1.7695997 
Lcom_lcpid241042                                       0.3988301 0.4739095 0.3556900 0.3932126 0.3308621 0.3988301 0.4739095 0.3016799 0.4220251 0.4047942 0.4200751 0.6168907 0.3731444 0.3690940 0.3609102 0.3661494 0.3579956 0.4921205 0.3713176 0.4104037 0.2678767 0.2679034 0.3019095 0.2805813 0.2179453 0.2179453 0.2347419 0.2347419 0.2512018 0.3156301 0.2863673 0.0737622 0.0608523 0.0000000 0.0621339 0.1638704 0.2521204 0.3644476 0.3523787 0.3644476 0.4354284 0.5355762 0.3893053 0.4898789 0.4100382 0.3323237 0.3477615 0.3443824 0.3069780 0.2759954 0.0000010 0.3841302 0.3717035 0.2637195 0.4671286 0.3643379 0.3661686 0.3854136 0.4726418 0.3429265 0.3429265 0.3681544 0.3719869 0.3505798 0.3597144 0.3674463 0.3807307 0.3922432 0.3814063 0.3877428 0.3978250 0.6971713 0.0000010 0.5514051 0.5248136 0.4305062 0.5248136 0.5072269 0.5045752 0.4225264 0.4225264 0.5350350 0.6321748 0.4569065 0.4504803 0.5464429 0.5223505 0.5223505 0.4627269 0.4498783 0.7082039 0.4896761 0.4643050 0.5044464 0.5044464 0.5044464 0.4336283 0.4864784 0.4864784 0.9374930 0.5292921 0.4864784 0.5687988 0.5487780 0.6676077 0.3585648 0.4094911 0.4443974 0.3634963 3.0171734 
