66
Lcom_lcpid116069                                       0.0000000 0.0129122 0.8990624 1.3106870 1.6442793 1.3931048 1.8819279 1.5024479 1.4601221 1.6679447 1.0513350 1.8344774 1.5287577 1.6893677 1.1450616 2.1089378 1.7267954 1.7707173 1.4666800 1.4597284 1.5344488 2.1913207 2.5067895 2.5067895 3.0992605 2.6563339 2.2560116 2.2560116 2.0845298 2.3029111 2.3600564 2.0825775 1.3049977 2.4535109 2.3749197 2.1007841 1.8058439 1.5516273 1.5012606 2.0974524 1.9068807 1.2902121 2.2073787 2.5275168 1.8189656 1.5565310 2.4091982 1.4716404 1.5335913 1.8541568 1.2998097 0.5864567 2.4939210 2.0742262 3.6778405 3.8542695 3.1063151 3.1340207 3.2130568 3.2130568 3.5400562 4.9678663 2.9576279 3.7402315 3.9183152 2.7886227 
Lcom_lcpid56239                                        0.0129122 0.0000000 0.9595152 1.6592940 2.1950602 1.8064217 2.1001092 2.0230897 1.9409276 1.8637762 1.6681742 2.3092717 2.0923234 2.1195357 2.1652311 2.1679838 2.1952892 2.1817141 1.9314389 2.1879904 2.1171519 2.1872424 2.3124267 2.2880458 2.3411685 2.3373957 2.1730141 2.1730141 2.1478514 2.2136880 2.0558520 2.1738943 1.6392840 2.6252390 2.4974040 2.5179752 2.1714911 1.9543240 2.1726420 2.3440107 2.2862448 2.0701782 2.0722116 2.1032454 1.9366631 1.7481065 1.8552576 1.8461998 2.0340524 1.9084010 1.8243186 1.9266502 1.7569199 2.5007678 3.7388987 3.7301838 3.6888786 3.6766040 3.6081307 3.5722089 4.6286044 3.9695756 3.3506338 3.6965550 3.5334730 3.4164154 
Leuniv_Lniv_C749349_01                                 0.8990624 0.9595152 0.0000000 1.2987845 1.6558510 1.4262866 1.5288020 1.3703712 1.5755542 1.2455997 4.2228909 1.8216329 1.6513293 1.6860079 1.8867843 1.5299731 2.1179268 2.1085900 1.5835883 1.5173890 1.1973326 1.7559151 1.7410064 1.7410064 2.0654191 1.9125985 1.8663502 1.8663502 2.0602299 2.2492253 1.7970379 2.4171515 0.0000010 2.3622442 2.3726128 2.2730425 2.1126342 1.7300244 1.7038905 1.8761448 2.0223729 1.4433173 1.7623071 1.6892745 1.5022910 1.4070371 2.1892386 1.3712679 1.3712679 1.3898870 1.3462879 1.3910297 2.2447321 2.3428960 2.8588732 3.0819991 3.2746750 3.2499575 2.9534610 3.1170620 2.8861642 4.0136927 2.8812815 3.1795605 3.6750262 2.6672882 
Clacor_Ccor_scaffold10636_01                           1.3106870 1.6592940 1.2987845 0.0000000 1.9421482 1.8998048 1.6425749 1.8070482 2.0067093 1.8700209 1.5473464 2.1484228 1.9083937 2.0016245 1.9209563 2.3221129 2.2046766 2.1983110 1.9327945 1.9598232 1.9175166 1.9626806 2.0368043 2.0453486 2.2744028 2.1914974 2.1347202 2.1347202 2.1913110 2.2879016 1.8801882 2.5491274 0.9467926 2.9950195 2.3969142 2.2714486 2.3981213 2.0742759 2.1554735 2.3583128 2.2406156 2.0614541 1.9587480 2.0242383 2.0592372 1.7659299 2.0536295 1.6073900 1.6258105 1.6649967 1.5273054 1.8989233 1.7830534 2.4444371 2.7437758 2.9867591 3.2546233 3.2000254 3.0371280 3.2924145 3.9977185 3.6032304 2.9578351 3.6250888 3.4036962 3.3824009 
Cgig_XM_011429723.3                                    1.6442793 2.1950602 1.6558510 1.9421482 0.0000000 1.5096766 1.1022284 1.5490810 1.6363202 1.4195292 1.5183276 1.5221903 1.5094748 1.5329500 1.5867995 1.5957639 1.6842181 1.6522328 1.3840723 1.6054570 1.5512817 1.9492686 1.8845271 1.8793687 1.8027436 1.8340932 1.8603112 1.8603112 1.7185787 1.7321827 1.6605647 1.8499819 1.4663831 2.0893200 1.8695067 1.7372010 1.9838112 1.7534513 1.7042756 2.1108988 1.9959247 2.0063950 1.8027672 1.9943801 1.9107659 1.9125099 2.0387068 2.0177827 1.8374211 2.0251322 1.9646843 1.4901293 1.7803655 1.9875958 3.1953270 3.8061779 3.3580941 3.5410751 3.2063935 3.2140247 4.1576421 3.5445283 3.4311615 3.6324639 3.3884799 3.2328188 
Bralan_BLAG09000222_1                                  1.3931048 1.8064217 1.4262866 1.8998048 1.5096766 0.0000000 0.8925453 1.2659736 1.4199969 1.2474104 1.2197362 1.3190715 1.2143756 1.3980155 1.4951642 1.5401390 1.5198053 1.5815841 1.1809803 1.3417561 1.1588313 1.7179299 1.6770117 1.6706597 1.6123695 1.7536711 1.5498273 1.5498273 1.5799452 1.7674332 1.4764092 1.7085600 1.6789621 2.2021384 2.0276510 2.0369108 1.8401711 1.3268034 1.6987910 2.2018891 2.0198571 1.9673771 1.8672302 1.9428554 1.7931579 1.7061053 1.8766439 1.6393645 1.5551338 1.6866886 1.6193710 1.4647925 1.4058109 2.0604547 3.8765471 4.3826948 4.1321841 4.1962980 3.5909421 3.3061357 5.1481277 4.3811954 3.8545153 3.9172687 3.7082263 3.0362472 
Cscu_XM_023366118.1                                    1.8819279 2.1001092 1.5288020 1.6425749 1.1022284 0.8925453 0.0000000 0.8656810 0.8155511 0.6452940 2.2819558 1.1307889 1.0673929 1.1653343 1.1619723 1.1391504 1.1918117 1.2653454 1.2289960 0.9908789 1.1124799 1.2812409 1.3160115 1.3160115 1.6361266 1.3328501 1.1799265 1.1799265 1.3724437 1.6602643 1.3128977 1.5974632 0.0000010 1.6561381 1.6583740 1.7414074 1.5737702 1.4098712 1.3794848 1.8621939 1.6783460 1.3064617 1.6332743 1.5143452 1.8918061 1.3499506 1.9436196 1.2484583 1.2484583 1.4131376 1.1791213 1.1615702 5.5465907 1.9113865 3.3407175 3.4886282 3.4546401 3.4911936 3.0575810 3.1170674 3.1277871 3.6144307 3.1157187 2.9633094 3.1058408 3.0239354 
Spur_XM_030984225.1                                    1.5024479 2.0230897 1.3703712 1.8070482 1.5490810 1.2659736 0.8656810 0.0000000 1.5521558 1.3191047 1.4204161 1.4330142 1.3459594 1.4463963 1.6081681 1.5415436 1.5014348 1.5018591 1.3117838 1.4719251 1.4180140 1.6779027 1.7070873 1.7046801 1.5247474 1.6983659 1.5942111 1.5942111 1.4975522 1.6827189 1.5402450 1.6898183 1.3768702 2.1469280 1.9132400 1.8213904 1.8772399 1.5299703 1.7403968 2.1519462 2.1107208 1.8989012 1.9877479 1.9147887 2.0478927 1.7704069 1.9266642 1.7785430 1.5038202 1.8510101 1.7587155 1.4582668 1.5211939 1.9516869 3.7146776 4.0488011 4.0210809 4.0694857 3.2575231 3.0778094 4.4131283 4.1511228 3.6755577 3.5087534 3.9751502 2.9897155 
Acagra_model.g4552.t1.1.5d3b8378                       1.4601221 1.9409276 1.5755542 2.0067093 1.6363202 1.4199969 0.8155511 1.5521558 0.0000000 0.0206938 0.0315779 1.6386515 1.5824115 1.6115260 1.5587177 1.5828843 1.5725904 1.5310774 1.3031604 1.7825503 1.5052772 1.7945814 1.7973911 1.7951626 1.3866750 1.6534094 1.8333603 1.8333603 1.6049899 1.7586804 1.7038676 1.8631092 1.4597207 2.7315659 2.2544204 2.2136504 1.9579043 1.6631914 1.7074533 2.3494396 2.0788060 2.0904907 2.1227598 2.0717981 2.0502630 1.8137531 1.6786897 1.7247916 1.5738099 1.7404121 1.7247916 1.2689912 1.3345952 1.7970048 3.4673988 4.2114213 3.7630648 3.9435661 2.9437871 4.2979052 5.5165011 3.5074545 3.5639393 3.7783971 3.5109192 3.0855397 
Acagra_model.g4552.t1                                  1.6679447 1.8637762 1.2455997 1.8700209 1.4195292 1.2474104 0.6452940 1.3191047 0.0206938 0.0000000 0.0276735 1.4199178 1.3880172 1.3971609 1.4441888 1.3389059 1.4550568 1.4926784 1.2031024 1.4251440 1.2742615 1.6085477 1.5847646 1.5834224 1.4047746 1.5744272 1.6120240 1.6120240 1.5001646 1.7112059 1.5161941 1.7078204 1.4597207 2.2015277 1.9739963 1.9624385 1.7914411 1.4813977 1.5764890 1.9803524 1.9090887 1.8891042 1.8286750 1.8648243 1.8483439 1.6156163 1.7592918 1.6246876 1.4750340 1.6988125 1.6037547 1.2689912 1.3897485 1.8197515 3.1807105 3.5736302 3.5207947 3.6249090 2.8212043 3.0812096 4.0551984 3.6795923 3.5028922 3.3361196 3.3949271 2.8823778 
Acagra_model.g4552.t1.1.5d3b8378.1.5d400760            1.0513350 1.6681742 4.2228909 1.5473464 1.5183276 1.2197362 2.2819558 1.4204161 0.0315779 0.0276735 0.0000000 1.5804581 1.4740003 1.4744015 1.4056378 1.2971236 1.4597616 1.4122048 0.9329975 1.5496922 1.3255381 1.6469578 1.6219682 1.6219682 1.1243381 1.5075677 1.6206862 1.6206862 1.4026205 1.5414443 1.4124746 1.5919455 1.4597207 2.2741452 1.8161215 1.7363697 1.5597172 1.2906519 1.5829672 1.9601166 2.0308573 1.7694573 1.8444140 1.7293888 1.5239463 1.7242926 1.5875246 1.6996312 1.3103505 1.7321685 1.6996312 1.1663310 1.3194016 1.4396911 2.8905841 3.7177016 3.0077942 3.0636187 8.9999988 8.9999988 8.9999982 3.0519038 2.9041645 3.4459294 2.7679626 2.9015076 
Fspp_ffun1.m4.33724.m1                                 1.8344774 2.3092717 1.8216329 2.1484228 1.5221903 1.3190715 1.1307889 1.4330142 1.6386515 1.4199178 1.5804581 0.0000000 0.2086752 0.2705091 0.2860092 0.3569849 0.4047019 0.4624625 0.8052027 1.0445166 1.5746854 1.7589247 1.6808706 1.6755045 1.5215370 1.7591757 1.6510056 1.6510056 1.5408866 1.5937492 1.6807377 1.5210027 1.2077783 1.9155500 1.7018854 1.5433355 1.6260668 1.4250785 1.6391772 2.1519936 1.9723429 2.2106533 2.0036282 1.6881397 1.9924761 1.7158270 1.8748025 1.6761924 1.6364782 1.7041861 1.6593894 1.4518140 1.4827622 1.7071814 3.6763870 4.0741424 3.8595983 3.9231249 3.4234595 3.1561754 4.6685726 4.4231431 3.5560354 3.8428921 3.5665864 3.3353543 
Gasp_gasp1.m3.6275.m1                                  1.5287577 2.0923234 1.6513293 1.9083937 1.5094748 1.2143756 1.0673929 1.3459594 1.5824115 1.3880172 1.4740003 0.2086752 0.0000000 0.3390755 0.3587138 0.4147187 0.4296565 0.4811257 0.8194567 0.9864116 1.5611068 1.7656385 1.7156319 1.7144460 1.5769378 1.7919210 1.7394134 1.7394134 1.5035964 1.5192756 1.6269479 1.4981747 1.1882129 1.9366992 1.7007491 1.5482433 1.5998718 1.4457403 1.6111052 2.1296737 1.8992411 2.1085100 1.9946525 1.7552829 1.9106090 1.6350678 1.8117790 1.6602884 1.6011237 1.6678616 1.6392422 1.5591288 1.4521835 1.6591531 3.6749490 4.0815665 3.8523302 3.8382299 3.3807060 3.0246635 4.7882303 4.1986312 3.5471633 4.0688096 3.8126977 3.2474019 
Spis_XP_022790427_1                                    1.6893677 2.1195357 1.6860079 2.0016245 1.5329500 1.3980155 1.1653343 1.4463963 1.6115260 1.3971609 1.4744015 0.2705091 0.3390755 0.0000000 0.1044517 0.4665219 0.4922428 0.5265159 0.7589963 0.9881942 1.5768725 1.6523530 1.6297122 1.6247271 1.4870311 1.6926905 1.6219932 1.6219932 1.4713060 1.5082067 1.5782494 1.5006279 1.1431576 1.8492630 1.6339455 1.4995436 1.6639819 1.4716731 1.7304683 2.2459249 2.0156274 2.1711749 1.9963639 1.7342958 1.9904196 1.7314698 1.7850158 1.6836938 1.6082283 1.6870617 1.6693351 1.3924266 1.4916259 1.7186304 3.8076939 4.2057411 3.6838227 3.7962926 3.5656860 3.4702668 5.1404691 4.5010769 3.6385504 4.1206388 3.6761113 3.4855785 
Pocdam_XM_027189496.1                                  1.1450616 2.1652311 1.8867843 1.9209563 1.5867995 1.4951642 1.1619723 1.6081681 1.5587177 1.4441888 1.4056378 0.2860092 0.3587138 0.1044517 0.0000000 0.5116459 0.4916493 0.4978390 0.7695976 0.9819977 1.6279662 1.6673480 1.6675305 1.6645213 1.3069076 1.7219482 1.6787930 1.6787930 1.6136315 1.4494450 1.6330349 1.3834659 1.1077718 1.9298411 1.6382689 1.5773260 1.6233029 1.4215050 1.7417928 2.0571593 2.0139714 2.2346239 1.8520174 1.6756514 1.9280596 1.7462615 1.7981750 1.6440477 1.5964005 1.6440477 1.6440477 1.4055800 1.3988180 1.6189019 3.8097193 4.2746959 3.7730249 3.9296621 3.4305742 2.8867261 6.3550014 4.5247172 3.5634836 4.4448678 3.6886503 3.3927753 
Gfas_gfas1.m1.13408.m1                                 2.1089378 2.1679838 1.5299731 2.3221129 1.5957639 1.5401390 1.1391504 1.5415436 1.5828843 1.3389059 1.2971236 0.3569849 0.4147187 0.4665219 0.5116459 0.0000000 0.4560150 0.5085549 0.8650403 1.0469256 1.5157691 1.7183097 1.7051637 1.7016932 1.6831530 1.8014146 1.7617541 1.7617541 1.4712966 1.5327727 1.6382864 1.5352479 1.2743492 1.9994145 1.7232156 1.5913312 1.6060676 1.4995011 1.9524403 2.1590463 2.1539396 1.9856467 1.9836373 1.6949718 2.0241040 1.7953440 1.9877899 1.7851712 1.7356064 1.7922632 1.7656587 1.5203159 1.3514987 1.8269122 3.6190866 3.9290800 4.1838063 4.2114612 3.5718781 3.0508072 6.0529116 4.9668112 3.8158602 3.9036358 4.0336472 3.3392942 
Adig_XM_015899866.1                                    1.7267954 2.1952892 2.1179268 2.2046766 1.6842181 1.5198053 1.1918117 1.5014348 1.5725904 1.4550568 1.4597616 0.4047019 0.4296565 0.4922428 0.4916493 0.4560150 0.0000000 0.0428451 0.8592531 1.1733754 1.6240071 1.7526663 1.7431933 1.7399422 1.6951075 1.8007040 1.7209501 1.7209501 1.5940835 1.6244122 1.6925652 1.4775837 1.1546569 2.0097088 1.7811106 1.6651365 1.6548974 1.5923073 1.7686864 2.1719588 2.0225454 2.1486173 1.9894356 1.7752383 2.0160396 1.7262699 1.8401127 1.7368841 1.7002300 1.7505492 1.7123622 1.5260655 1.5091970 1.7455890 3.5582146 4.1243437 3.6215582 3.7712814 3.4723497 3.4663478 4.6670656 4.3587643 3.6438790 3.9653610 3.5809695 3.3964444 
Amil_Amillepora13116-RA                                1.7707173 2.1817141 2.1085900 2.1983110 1.6522328 1.5815841 1.2653454 1.5018591 1.5310774 1.4926784 1.4122048 0.4624625 0.4811257 0.5265159 0.4978390 0.5085549 0.0428451 0.0000000 0.9206268 1.1963474 1.6732135 1.7516374 1.7457571 1.7425160 1.7038291 1.8399133 1.7398899 1.7398899 1.6137605 1.6544856 1.7386838 1.5317817 1.1380322 2.0603659 1.8114665 1.7313308 1.7105292 1.6527073 1.8401674 2.2290890 2.0673799 2.1254562 2.0079944 1.7648016 1.9858449 1.7464735 1.8129130 1.6943787 1.6830778 1.7066377 1.6561059 1.5047271 1.4752553 1.7546914 3.4678069 3.9586017 3.6648217 3.8196773 3.5804438 3.6087467 4.6678832 4.3896123 3.7201955 4.0193559 3.6475013 3.5228040 
Nvec_v1g208351                                         1.4666800 1.9314389 1.5835883 1.9327945 1.3840723 1.1809803 1.2289960 1.3117838 1.3031604 1.2031024 0.9329975 0.8052027 0.8194567 0.7589963 0.7695976 0.8650403 0.8592531 0.9206268 0.0000000 0.7027647 1.0899144 1.2943009 1.2815476 1.2794880 1.3816424 1.3173831 1.2670643 1.2670643 1.2627987 1.3489148 1.3215747 1.3532857 0.8324886 1.6290335 1.4637949 1.3888292 1.2989228 1.4006676 1.5179308 1.8690201 1.9175540 1.8495384 1.8789204 1.8993116 1.9395691 1.7640357 1.9275152 1.5435085 1.7417794 1.5820051 1.5314334 1.1847784 1.0560701 1.4762765 3.6131624 3.6427382 3.9822640 3.8962019 3.4207081 3.0455694 4.4890442 4.3400715 3.5981265 3.7295555 3.7675286 3.0744596 
Exapal_XM_021055473.2                                  1.4597284 2.1879904 1.5173890 1.9598232 1.6054570 1.3417561 0.9908789 1.4719251 1.7825503 1.4251440 1.5496922 1.0445166 0.9864116 0.9881942 0.9819977 1.0469256 1.1733754 1.1963474 0.7027647 0.0000000 1.4139989 1.7028615 1.6289418 1.6393584 1.5337707 1.7702189 1.5736522 1.5736522 1.5360195 1.5378208 1.5233908 1.4845125 1.3786234 1.9721284 1.7737060 1.7428948 1.6545897 1.4938414 1.7983592 2.2229970 2.0609659 2.0173792 2.0681218 2.0773922 2.0933209 1.7107961 1.8757321 1.7535754 1.6886832 1.8552167 1.7490989 1.6007840 1.7356427 1.7943393 3.5301748 3.8545594 3.6801197 3.7925210 3.4480756 3.0097357 4.1988024 4.0275611 3.7247005 3.8365570 3.7196679 3.0174867 
Hsap_ENST00000262764                                   1.5344488 2.1171519 1.1973326 1.9175166 1.5512817 1.1588313 1.1124799 1.4180140 1.5052772 1.2742615 1.3255381 1.5746854 1.5611068 1.5768725 1.6279662 1.5157691 1.6240071 1.6732135 1.0899144 1.4139989 0.0000000 1.5344282 1.4990813 1.4952130 1.4177220 1.6256019 1.5408744 1.5408744 1.6145898 1.7552622 1.3703441 1.7460701 1.6195687 2.2113504 1.9575602 1.9688771 1.7349003 1.4589414 1.8276668 1.9198655 1.9371993 1.7648277 1.7276774 1.7276106 1.7018046 1.6552900 1.7687977 1.6138880 1.5230926 1.6583180 1.6024540 1.5770036 1.4930835 1.9880611 3.4567652 3.9453646 3.8494946 3.9039984 3.3295231 3.3029846 3.9459248 4.2917419 3.6874802 3.7628699 3.3986422 3.0124845 
HoiH23_PlH23_001970-RA                                 2.1913207 2.1872424 1.7559151 1.9626806 1.9492686 1.7179299 1.2812409 1.6779027 1.7945814 1.6085477 1.6469578 1.7589247 1.7656385 1.6523530 1.6673480 1.7183097 1.7526663 1.7516374 1.2943009 1.7028615 1.5344282 0.0000000 0.1421299 0.1367723 0.1327678 0.2544698 0.3259861 0.3259861 1.7712442 1.7943951 1.7804612 1.7963759 1.4254151 1.9982256 1.8215339 1.7606147 1.6375977 1.8334347 2.1744222 2.1830024 2.0484194 1.9241831 1.9232106 1.9061871 1.8446588 1.7111116 1.8447080 1.6843173 1.4702196 1.7473531 1.7146223 1.4624488 1.6746160 1.9917958 3.1372229 3.4856044 3.5103659 3.6051584 2.8768394 2.7284864 3.8593839 3.7112662 3.5289465 3.3701084 3.1846851 2.9206111 
Hhon_g01476.t1                                         2.5067895 2.3124267 1.7410064 2.0368043 1.8845271 1.6770117 1.3160115 1.7070873 1.7973911 1.5847646 1.6219682 1.6808706 1.7156319 1.6297122 1.6675305 1.7051637 1.7431933 1.7457571 1.2815476 1.6289418 1.4990813 0.1421299 0.0000000 0.0041616 0.2158071 0.2725422 0.3409992 0.3409992 1.7779297 1.7788253 1.6516455 1.8072153 1.5134086 2.0119436 1.8138355 1.7385477 1.6903538 1.7536806 2.1458462 2.1462363 2.0150075 1.9362019 1.9608693 1.8726970 1.8511058 1.7442015 1.8514318 1.7613322 1.5820512 1.8003140 1.7504123 1.4915444 1.5865571 1.8843262 3.2843922 3.5298975 3.3832089 3.4846686 3.1073824 3.0385429 3.7049937 3.7079252 3.4776005 3.4589216 3.2453606 2.9298971 
HoiH04_mRNA4465                                        2.5067895 2.2880458 1.7410064 2.0453486 1.8793687 1.6706597 1.3160115 1.7046801 1.7951626 1.5834224 1.6219682 1.6755045 1.7144460 1.6247271 1.6645213 1.7016932 1.7399422 1.7425160 1.2794880 1.6393584 1.4952130 0.1367723 0.0041616 0.0000000 0.2085147 0.2674749 0.3443273 0.3443273 1.7763129 1.7872549 1.6479120 1.8066663 1.5134086 1.9940320 1.8000797 1.7433587 1.6738778 1.7493608 2.1444324 2.1455598 2.0145930 1.9267437 1.9569306 1.8837133 1.8549724 1.7438600 1.8509826 1.7584529 1.5777245 1.7974779 1.7474922 1.4938683 1.5865571 1.8825653 3.2768771 3.5227022 3.3986883 3.5018101 3.1492245 3.0385429 3.7336219 3.7229628 3.4932769 3.4724109 3.2587960 2.9487217 
HoiH06_mRNA9753                                        3.0992605 2.3411685 2.0654191 2.2744028 1.8027436 1.6123695 1.6361266 1.5247474 1.3866750 1.4047746 1.1243381 1.5215370 1.5769378 1.4870311 1.3069076 1.6831530 1.6951075 1.7038291 1.3816424 1.5337707 1.4177220 0.1327678 0.2158071 0.2085147 0.0000000 0.2058950 0.3758049 0.3758049 1.6536013 1.6459359 1.7431459 1.7569496 0.9792518 2.1319377 1.8560107 1.7742462 1.7030247 1.7810573 2.0714006 2.1783097 2.1590541 1.6729916 1.9488167 1.9483690 2.0367539 1.8470648 1.8339516 1.4873878 1.5664614 1.6285105 1.4805420 1.1886814 1.2956676 1.8007809 3.3866202 3.3139056 3.6991653 3.8131263 3.0054000 2.8803348 4.1245116 4.0455632 3.6347125 3.4713483 3.3443192 2.9361327 
HoiH11_mRNA3302                                        2.6563339 2.3373957 1.9125985 2.1914974 1.8340932 1.7536711 1.3328501 1.6983659 1.6534094 1.5744272 1.5075677 1.7591757 1.7919210 1.6926905 1.7219482 1.8014146 1.8007040 1.8399133 1.3173831 1.7702189 1.6256019 0.2544698 0.2725422 0.2674749 0.2058950 0.0000000 0.4114484 0.4114484 1.8830430 1.8110753 1.7139344 1.8155553 1.5004825 2.1965751 1.9782794 1.9252092 1.8008190 1.8634280 2.2062373 2.2075781 2.2177118 1.9517695 2.0180546 1.9909307 1.9838834 1.8071157 1.8170735 1.8193876 1.6344485 1.8622995 1.8280464 1.6249533 1.7003386 1.9298611 3.3338119 3.7239324 3.6765829 3.8344740 3.2770669 3.1264216 4.4263337 3.7503565 3.6756926 3.5624675 3.2346423 3.1148539 
TrH2_TrispH2_005968-RA                                 2.2560116 2.1730141 1.8663502 2.1347202 1.8603112 1.5498273 1.1799265 1.5942111 1.8333603 1.6120240 1.6206862 1.6510056 1.7394134 1.6219932 1.6787930 1.7617541 1.7209501 1.7398899 1.2670643 1.5736522 1.5408744 0.3259861 0.3409992 0.3443273 0.3758049 0.4114484 0.0000000 0.0000010 1.8001560 1.7309470 1.6780006 1.7248429 1.5114106 1.9734940 1.8175225 1.7966759 1.6839334 1.7935226 2.1975680 2.1472691 2.0071087 1.9565640 1.9547113 1.9579289 1.9616419 1.7054385 1.8242840 1.7441908 1.4950200 1.8008743 1.7412075 1.4551669 1.6553583 1.9460237 3.3238095 3.4747381 3.5157347 3.6401087 3.0413059 3.0195875 4.0818884 3.6180859 3.3039245 3.3771993 3.1898165 2.9635673 
Tadh_TriadT53658                                       2.2560116 2.1730141 1.8663502 2.1347202 1.8603112 1.5498273 1.1799265 1.5942111 1.8333603 1.6120240 1.6206862 1.6510056 1.7394134 1.6219932 1.6787930 1.7617541 1.7209501 1.7398899 1.2670643 1.5736522 1.5408744 0.3259861 0.3409992 0.3443273 0.3758049 0.4114484 0.0000010 0.0000000 1.8001560 1.7309470 1.6780006 1.7248429 1.5114106 1.9734940 1.8175225 1.7966759 1.6839334 1.7935226 2.1975680 2.1472691 2.0071087 1.9565640 1.9547113 1.9579289 1.9616419 1.7054385 1.8242840 1.7441908 1.4950200 1.8008743 1.7412075 1.4551669 1.6553583 1.9460237 3.3238095 3.4747381 3.5157347 3.6401087 3.0413059 3.0195875 4.0818884 3.6180859 3.3039245 3.3771993 3.1898165 2.9635673 
Dgig_XM_028540705.1                                    2.0845298 2.1478514 2.0602299 2.1913110 1.7185787 1.5799452 1.3724437 1.4975522 1.6049899 1.5001646 1.4026205 1.5408866 1.5035964 1.4713060 1.6136315 1.4712966 1.5940835 1.6137605 1.2627987 1.5360195 1.6145898 1.7712442 1.7779297 1.7763129 1.6536013 1.8830430 1.8001560 1.8001560 0.0000000 0.8674606 1.7642472 1.5989197 1.4406035 2.1326454 1.8974411 1.8573032 1.6944161 1.6580163 1.8689690 2.1593818 1.8380134 1.8819907 1.9272180 1.7689145 1.8642774 2.0468372 2.2267223 1.9070870 1.8269912 1.9677474 1.9006052 1.4651243 1.6226148 1.7028929 3.6722343 4.0144579 4.0723019 4.0186366 3.3222737 3.4043947 4.5050001 4.2205558 3.7644816 3.6477033 3.6889780 3.6207766 
Xesp_004870-T1                                         2.3029111 2.2136880 2.2492253 2.2879016 1.7321827 1.7674332 1.6602643 1.6827189 1.7586804 1.7112059 1.5414443 1.5937492 1.5192756 1.5082067 1.4494450 1.5327727 1.6244122 1.6544856 1.3489148 1.5378208 1.7552622 1.7943951 1.7788253 1.7872549 1.6459359 1.8110753 1.7309470 1.7309470 0.8674606 0.0000000 1.7355825 1.5922429 1.3787363 1.8593864 1.6832248 1.6620908 1.8340138 1.7057537 1.9509326 2.1957108 2.0220308 2.0036395 1.9869312 1.9325131 2.0259986 1.9373593 2.1272991 2.0725984 2.1369812 2.1561231 2.0716659 1.4856729 1.4542057 1.7994448 3.5971833 3.7940166 3.6361323 3.6962545 3.8532925 3.8341455 4.9804590 4.2399586 3.7225391 3.6386679 3.9156637 3.6488639 
Ctel_gnl_WGS_AMQN_CAPTEDRAFT_mRNA115742                2.3600564 2.0558520 1.7970379 1.8801882 1.6605647 1.4764092 1.3128977 1.5402450 1.7038676 1.5161941 1.4124746 1.6807377 1.6269479 1.5782494 1.6330349 1.6382864 1.6925652 1.7386838 1.3215747 1.5233908 1.3703441 1.7804612 1.6516455 1.6479120 1.7431459 1.7139344 1.6780006 1.6780006 1.7642472 1.7355825 0.0000000 1.9055141 1.4638713 2.1700814 1.9894081 1.9704163 1.8876941 1.5314944 1.8782744 1.9282639 1.9076577 1.7242815 1.8470872 1.8808382 1.9650253 1.7994947 1.8286219 1.7533266 1.8335688 1.8280412 1.7353700 1.4271692 1.5876817 2.0606927 3.1519568 3.6329731 3.6422699 3.6226998 3.4061975 3.0810660 4.1880857 4.0724888 3.4037419 3.4472195 3.5401536 3.0555256 
Sanmal_Sma_013073-T1                                   2.0825775 2.1738943 2.4171515 2.5491274 1.8499819 1.7085600 1.5974632 1.6898183 1.8631092 1.7078204 1.5919455 1.5210027 1.4981747 1.5006279 1.3834659 1.5352479 1.4775837 1.5317817 1.3532857 1.4845125 1.7460701 1.7963759 1.8072153 1.8066663 1.7569496 1.8155553 1.7248429 1.7248429 1.5989197 1.5922429 1.9055141 0.0000000 0.6806322 1.1850676 0.9763319 0.9045184 1.2533313 1.6173049 1.9002703 2.3118361 2.2960010 2.3531497 2.3128221 2.4167906 2.3171659 1.9980534 2.0255148 1.9289666 2.1466313 1.9726958 1.8843152 1.4072706 1.4557496 1.5358645 3.6837043 4.3088614 3.8746659 3.9479386 3.3326780 3.1873927 4.2211036 4.3255498 3.7570620 3.7153471 3.7443585 3.2008514 
Aaur_scaffold60.g35.t1                                 1.3049977 1.6392840 0.0000010 0.9467926 1.4663831 1.6789621 0.0000010 1.3768702 1.4597207 1.4597207 1.4597207 1.2077783 1.1882129 1.1431576 1.1077718 1.2743492 1.1546569 1.1380322 0.8324886 1.3786234 1.6195687 1.4254151 1.5134086 1.5134086 0.9792518 1.5004825 1.5114106 1.5114106 1.4406035 1.3787363 1.4638713 0.6806322 0.0000000 0.8467472 0.5961021 0.6267355 1.1184207 1.2081773 1.6481097 1.9242688 1.7497283 1.7968205 1.9201693 1.6037416 1.6178347 1.6239578 1.5493933 1.7926715 1.1147684 1.7926715 1.7926715 1.2019521 1.4674626 1.2593357 3.1066292 3.4926690 2.6322995 2.9027255 0.0000010 0.0000010 0.0000010 3.1343050 2.5490678 3.0026401 2.5812620 2.8322384 
Nemnom_g9157.t1                                        2.4535109 2.6252390 2.3622442 2.9950195 2.0893200 2.2021384 1.6561381 2.1469280 2.7315659 2.2015277 2.2741452 1.9155500 1.9366992 1.8492630 1.9298411 1.9994145 2.0097088 2.0603659 1.6290335 1.9721284 2.2113504 1.9982256 2.0119436 1.9940320 2.1319377 2.1965751 1.9734940 1.9734940 2.1326454 1.8593864 2.1700814 1.1850676 0.8467472 0.0000000 0.0118612 0.3202939 1.7155638 1.9260646 2.3309019 2.6786467 2.4831369 2.8003766 2.6019603 2.7183084 2.8876810 2.2478904 2.5502261 2.5061902 2.7074473 2.5187020 2.4529060 2.0879144 2.0470221 1.9603547 3.9212209 4.2854306 4.2878370 4.5772498 3.9133035 3.7637489 4.7243547 4.8395740 4.2163975 4.3123341 3.7452435 4.1857936 
Nemnom_g15813.t1                                       2.3749197 2.4974040 2.3726128 2.3969142 1.8695067 2.0276510 1.6583740 1.9132400 2.2544204 1.9739963 1.8161215 1.7018854 1.7007491 1.6339455 1.6382689 1.7232156 1.7811106 1.8114665 1.4637949 1.7737060 1.9575602 1.8215339 1.8138355 1.8000797 1.8560107 1.9782794 1.8175225 1.8175225 1.8974411 1.6832248 1.9894081 0.9763319 0.5961021 0.0118612 0.0000000 0.2633296 1.4627975 1.7158378 2.0015351 2.4822051 2.3133919 2.4707868 2.3264448 2.3749336 2.5088299 2.1048201 2.2803760 2.2709311 2.3200645 2.2891835 2.2259815 1.7998798 1.5938993 1.6796821 3.4638498 3.8377777 3.8855857 4.0614063 3.9181687 3.7727242 4.6059270 4.3710804 3.7116705 3.8849529 3.5702631 3.7095430 
Rhoesc_Res_014125-T1                                   2.1007841 2.5179752 2.2730425 2.2714486 1.7372010 2.0369108 1.7414074 1.8213904 2.2136504 1.9624385 1.7363697 1.5433355 1.5482433 1.4995436 1.5773260 1.5913312 1.6651365 1.7313308 1.3888292 1.7428948 1.9688771 1.7606147 1.7385477 1.7433587 1.7742462 1.9252092 1.7966759 1.7966759 1.8573032 1.6620908 1.9704163 0.9045184 0.6267355 0.3202939 0.2633296 0.0000000 1.4461964 1.6571754 1.8484984 2.4709667 2.3557250 2.3969684 2.2168703 2.3517292 2.4536214 2.1279378 2.2526460 2.3254605 2.2791430 2.3691902 2.3028395 1.7553227 1.6374970 1.6180201 3.4570194 3.8463074 3.7646268 3.8363484 3.4688346 3.3027242 4.3306365 4.2716204 3.4800450 3.6890972 3.6254013 3.4700495 
Morvir_scaffold2.g188.t1                               1.8058439 2.1714911 2.1126342 2.3981213 1.9838112 1.8401711 1.5737702 1.8772399 1.9579043 1.7914411 1.5597172 1.6260668 1.5998718 1.6639819 1.6233029 1.6060676 1.6548974 1.7105292 1.2989228 1.6545897 1.7349003 1.6375977 1.6903538 1.6738778 1.7030247 1.8008190 1.6839334 1.6839334 1.6944161 1.8340138 1.8876941 1.2533313 1.1184207 1.7155638 1.4627975 1.4461964 0.0000000 1.6629042 1.9117954 2.3523547 2.2550154 2.2021794 2.1862130 2.2700657 2.1917805 1.8640332 1.9047928 1.8901684 2.0589997 1.9374620 1.8520659 1.7448368 1.3094284 1.5067092 3.5343355 4.1077544 3.7892296 3.6799080 3.2623670 3.2631462 4.7012548 4.3136142 3.5611033 3.8606035 3.9124469 3.2155167 
Dpul_mRNA19275                                         1.5516273 1.9543240 1.7300244 2.0742759 1.7534513 1.3268034 1.4098712 1.5299703 1.6631914 1.4813977 1.2906519 1.4250785 1.4457403 1.4716731 1.4215050 1.4995011 1.5923073 1.6527073 1.4006676 1.4938414 1.4589414 1.8334347 1.7536806 1.7493608 1.7810573 1.8634280 1.7935226 1.7935226 1.6580163 1.7057537 1.5314944 1.6173049 1.2081773 1.9260646 1.7158378 1.6571754 1.6629042 0.0000000 1.4921655 1.9604335 2.1243872 1.8288886 2.0521893 1.8915769 2.0156065 1.7983259 1.8223494 1.9319588 2.0196146 2.0087128 1.9131035 1.3578549 1.4108870 1.7107635 3.5480328 3.7139186 3.8904301 3.8576215 3.3303360 3.2028682 5.1486524 4.2310175 3.6306436 3.7645460 3.7233684 3.3249008 
Tcas_TC005756_001                                      1.5012606 2.1726420 1.7038905 2.1554735 1.7042756 1.6987910 1.3794848 1.7403968 1.7074533 1.5764890 1.5829672 1.6391772 1.6111052 1.7304683 1.7417928 1.9524403 1.7686864 1.8401674 1.5179308 1.7983592 1.8276668 2.1744222 2.1458462 2.1444324 2.0714006 2.2062373 2.1975680 2.1975680 1.8689690 1.9509326 1.8782744 1.9002703 1.6481097 2.3309019 2.0015351 1.8484984 1.9117954 1.4921655 0.0000000 2.3542734 2.4955305 2.1492005 2.3615481 2.2242897 2.1294581 2.1192706 2.3035500 1.9962933 2.0428995 2.0756456 1.9785682 1.7133464 1.8353312 1.8971103 3.4568502 3.7248704 3.7687286 3.8143906 3.3090644 3.1757873 4.6734653 3.8656433 3.2979949 3.8036537 3.4428082 3.5680920 
Aque_Aqu2.1.28096_001                                  2.0974524 2.3440107 1.8761448 2.3583128 2.1108988 2.2018891 1.8621939 2.1519462 2.3494396 1.9803524 1.9601166 2.1519936 2.1296737 2.2459249 2.0571593 2.1590463 2.1719588 2.2290890 1.8690201 2.2229970 1.9198655 2.1830024 2.1462363 2.1455598 2.1783097 2.2075781 2.1472691 2.1472691 2.1593818 2.1957108 1.9282639 2.3118361 1.9242688 2.6786467 2.4822051 2.4709667 2.3523547 1.9604335 2.3542734 0.0000000 1.0092890 1.0905105 1.5525952 1.6479748 1.5311537 2.1617665 2.4212338 2.0783351 2.0971745 2.2066167 2.0502754 2.1112191 1.9026724 2.4035838 3.2965832 3.4047268 3.4357485 3.4966306 2.9433432 3.0590711 4.3885154 4.1730257 3.1150504 3.3465208 3.5099894 3.0779917 
Halamb_c45784_g1_i1m.19527                             1.9068807 2.2862448 2.0223729 2.2406156 1.9959247 2.0198571 1.6783460 2.1107208 2.0788060 1.9090887 2.0308573 1.9723429 1.8992411 2.0156274 2.0139714 2.1539396 2.0225454 2.0673799 1.9175540 2.0609659 1.9371993 2.0484194 2.0150075 2.0145930 2.1590541 2.2177118 2.0071087 2.0071087 1.8380134 2.0220308 1.9076577 2.2960010 1.7497283 2.4831369 2.3133919 2.3557250 2.2550154 2.1243872 2.4955305 1.0092890 0.0000000 0.9084514 1.3961453 1.3608054 1.4338105 2.1700989 2.4478749 1.9854501 2.0061531 2.0346196 1.9446721 1.9759688 1.8709938 2.1429473 3.1182310 3.0667866 3.5376312 3.5405942 2.9729211 3.1266374 4.1045566 3.5682130 3.3381337 3.4670437 3.5197794 3.6352425 
Xestes_maker-XT_scaffold36214-augustus-gene-0.9-mRNA-1 1.2902121 2.0701782 1.4433173 2.0614541 2.0063950 1.9673771 1.3064617 1.8989012 2.0904907 1.8891042 1.7694573 2.2106533 2.1085100 2.1711749 2.2346239 1.9856467 2.1486173 2.1254562 1.8495384 2.0173792 1.7648277 1.9241831 1.9362019 1.9267437 1.6729916 1.9517695 1.9565640 1.9565640 1.8819907 2.0036395 1.7242815 2.3531497 1.7968205 2.8003766 2.4707868 2.3969684 2.2021794 1.8288886 2.1492005 1.0905105 0.9084514 0.0000000 1.0120344 1.1270123 1.1946231 2.0054234 2.2145617 1.7720387 1.7008023 1.7720387 1.7720387 1.9252118 1.8521749 2.2402915 3.0742488 3.2552245 3.2532037 3.2862354 2.7712142 2.3152801 3.7810114 3.6406791 3.0950938 3.4238119 3.3627331 3.0163027 
Tetwil_g12118.t1                                       2.2073787 2.0722116 1.7623071 1.9587480 1.8027672 1.8672302 1.6332743 1.9877479 2.1227598 1.8286750 1.8444140 2.0036282 1.9946525 1.9963639 1.8520174 1.9836373 1.9894356 2.0079944 1.8789204 2.0681218 1.7276774 1.9232106 1.9608693 1.9569306 1.9488167 2.0180546 1.9547113 1.9547113 1.9272180 1.9869312 1.8470872 2.3128221 1.9201693 2.6019603 2.3264448 2.2168703 2.1862130 2.0521893 2.3615481 1.5525952 1.3961453 1.0120344 0.0000000 0.6756298 0.9005783 1.9773077 2.1153701 1.5902583 1.5591451 1.6957435 1.5686669 1.8498669 2.0069819 2.4411678 3.3050686 3.3280270 3.4122610 3.4134150 3.0676374 2.9507136 4.0671499 4.0486596 3.4478945 3.4791075 3.6504086 3.2471371 
Stycar_maker-SC_scaffold2442-augustus-gene-0.10-mRNA-1 2.5275168 2.1032454 1.6892745 2.0242383 1.9943801 1.9428554 1.5143452 1.9147887 2.0717981 1.8648243 1.7293888 1.6881397 1.7552829 1.7342958 1.6756514 1.6949718 1.7752383 1.7648016 1.8993116 2.0773922 1.7276106 1.9061871 1.8726970 1.8837133 1.9483690 1.9909307 1.9579289 1.9579289 1.7689145 1.9325131 1.8808382 2.4167906 1.6037416 2.7183084 2.3749336 2.3517292 2.2700657 1.8915769 2.2242897 1.6479748 1.3608054 1.1270123 0.6756298 0.0000000 0.8312794 1.7377678 1.8878701 1.5815330 1.5339351 1.6734231 1.5583034 1.8240300 1.8806044 2.1843323 3.5370204 3.4707587 3.6110604 3.5653160 3.0198703 2.7447872 3.9825104 4.2666494 3.5262090 3.6866968 3.5297898 3.6599491 
Spolac_c98849_g1_i3_m.18166c98849-g1                   1.8189656 1.9366631 1.5022910 2.0592372 1.9107659 1.7931579 1.8918061 2.0478927 2.0502630 1.8483439 1.5239463 1.9924761 1.9106090 1.9904196 1.9280596 2.0241040 2.0160396 1.9858449 1.9395691 2.0933209 1.7018046 1.8446588 1.8511058 1.8549724 2.0367539 1.9838834 1.9616419 1.9616419 1.8642774 2.0259986 1.9650253 2.3171659 1.6178347 2.8876810 2.5088299 2.4536214 2.1917805 2.0156065 2.1294581 1.5311537 1.4338105 1.1946231 0.9005783 0.8312794 0.0000000 2.0011403 2.2028544 1.6737984 1.6032973 1.7725811 1.6522368 1.7460058 1.8860346 2.3171704 3.4996641 3.5562580 3.7804498 3.6879939 3.1583889 2.9996228 3.7356995 3.7819538 3.2487980 3.8745315 3.6559654 3.2517061 
Opea_EP00118_Oscarella_pearsei_P005028                 1.5565310 1.7481065 1.4070371 1.7659299 1.9125099 1.7061053 1.3499506 1.7704069 1.8137531 1.6156163 1.7242926 1.7158270 1.6350678 1.7314698 1.7462615 1.7953440 1.7262699 1.7464735 1.7640357 1.7107961 1.6552900 1.7111116 1.7442015 1.7438600 1.8470648 1.8071157 1.7054385 1.7054385 2.0468372 1.9373593 1.7994947 1.9980534 1.6239578 2.2478904 2.1048201 2.1279378 1.8640332 1.7983259 2.1192706 2.1617665 2.1700989 2.0054234 1.9773077 1.7377678 2.0011403 0.0000000 0.0609837 1.0308014 0.9206586 1.0836176 1.0223081 1.7185460 1.6864542 2.2076910 3.5560570 3.6707071 4.1823184 4.1447790 3.1447727 3.1683216 4.2669486 4.0429703 3.5649831 3.8697038 3.9350190 3.2955140 
Ocar_g2651                                             2.4091982 1.8552576 2.1892386 2.0536295 2.0387068 1.8766439 1.9436196 1.9266642 1.6786897 1.7592918 1.5875246 1.8748025 1.8117790 1.7850158 1.7981750 1.9877899 1.8401127 1.8129130 1.9275152 1.8757321 1.7687977 1.8447080 1.8514318 1.8509826 1.8339516 1.8170735 1.8242840 1.8242840 2.2267223 2.1272991 1.8286219 2.0255148 1.5493933 2.5502261 2.2803760 2.2526460 1.9047928 1.8223494 2.3035500 2.4212338 2.4478749 2.2145617 2.1153701 1.8878701 2.2028544 0.0609837 0.0000000 1.0820299 1.0491175 1.0699301 1.0738019 1.6761362 1.7126326 2.3683770 3.9838836 4.0593323 5.0184436 5.0359180 4.1432256 4.9156810 6.7674683 4.4995755 4.1328050 4.3466136 4.1710497 3.8065794 
Plajan_Pjan_scaffold5583_01                            1.4716404 1.8461998 1.3712679 1.6073900 2.0177827 1.6393645 1.2484583 1.7785430 1.7247916 1.6246876 1.6996312 1.6761924 1.6602884 1.6836938 1.6440477 1.7851712 1.7368841 1.6943787 1.5435085 1.7535754 1.6138880 1.6843173 1.7613322 1.7584529 1.4873878 1.8193876 1.7441908 1.7441908 1.9070870 2.0725984 1.7533266 1.9289666 1.7926715 2.5061902 2.2709311 2.3254605 1.8901684 1.9319588 1.9962933 2.0783351 1.9854501 1.7720387 1.5902583 1.5815330 1.6737984 1.0308014 1.0820299 0.0000000 0.0038569 0.0245900 0.0047712 1.7747516 1.7526834 2.2010472 3.5313031 4.1332000 3.7490259 3.7856856 3.3803180 3.2580450 4.5685659 4.0058445 3.2087676 3.7057389 3.4007618 3.1119274 
Plajan_Pjan_scaffold5586_01                            1.5335913 2.0340524 1.3712679 1.6258105 1.8374211 1.5551338 1.2484583 1.5038202 1.5738099 1.4750340 1.3103505 1.6364782 1.6011237 1.6082283 1.5964005 1.7356064 1.7002300 1.6830778 1.7417794 1.6886832 1.5230926 1.4702196 1.5820512 1.5777245 1.5664614 1.6344485 1.4950200 1.4950200 1.8269912 2.1369812 1.8335688 2.1466313 1.1147684 2.7074473 2.3200645 2.2791430 2.0589997 2.0196146 2.0428995 2.0971745 2.0061531 1.7008023 1.5591451 1.5339351 1.6032973 0.9206586 1.0491175 0.0038569 0.0000000 0.0474406 0.0123941 1.5917452 1.5039360 2.1978113 3.3536717 3.4359474 3.9111618 3.9540617 3.3803180 3.2580450 4.5685659 4.0202094 3.3976175 3.5320869 3.4381808 3.1386243 
Plajan_Pjan_scaffold5585_01                            1.8541568 1.9084010 1.3898870 1.6649967 2.0251322 1.6866886 1.4131376 1.8510101 1.7404121 1.6988125 1.7321685 1.7041861 1.6678616 1.6870617 1.6440477 1.7922632 1.7505492 1.7066377 1.5820051 1.8552167 1.6583180 1.7473531 1.8003140 1.7974779 1.6285105 1.8622995 1.8008743 1.8008743 1.9677474 2.1561231 1.8280412 1.9726958 1.7926715 2.5187020 2.2891835 2.3691902 1.9374620 2.0087128 2.0756456 2.2066167 2.0346196 1.7720387 1.6957435 1.6734231 1.7725811 1.0836176 1.0699301 0.0245900 0.0474406 0.0000000 0.0023538 1.7747516 1.7499719 2.2146048 3.5058274 4.3696338 3.7455217 3.7807249 3.6958663 3.6816376 4.5767735 4.0743808 3.2964590 3.8800352 3.5735308 3.1411686 
Plajan_Pjan_scaffold5587_01                            1.2998097 1.8243186 1.3462879 1.5273054 1.9646843 1.6193710 1.1791213 1.7587155 1.7247916 1.6037547 1.6996312 1.6593894 1.6392422 1.6693351 1.6440477 1.7656587 1.7123622 1.6561059 1.5314334 1.7490989 1.6024540 1.7146223 1.7504123 1.7474922 1.4805420 1.8280464 1.7412075 1.7412075 1.9006052 2.0716659 1.7353700 1.8843152 1.7926715 2.4529060 2.2259815 2.3028395 1.8520659 1.9131035 1.9785682 2.0502754 1.9446721 1.7720387 1.5686669 1.5583034 1.6522368 1.0223081 1.0738019 0.0047712 0.0123941 0.0023538 0.0000000 1.7747516 1.7298372 2.1523451 3.4672816 4.1503141 3.6098285 3.6365467 3.3103316 3.1643220 4.3407128 3.9390670 3.1375200 3.7820544 3.4556346 3.0912364 
Skow_XM_006816830.1                                    0.5864567 1.9266502 1.3910297 1.8989233 1.4901293 1.4647925 1.1615702 1.4582668 1.2689912 1.2689912 1.1663310 1.4518140 1.5591288 1.3924266 1.4055800 1.5203159 1.5260655 1.5047271 1.1847784 1.6007840 1.5770036 1.4624488 1.4915444 1.4938683 1.1886814 1.6249533 1.4551669 1.4551669 1.4651243 1.4856729 1.4271692 1.4072706 1.2019521 2.0879144 1.7998798 1.7553227 1.7448368 1.3578549 1.7133464 2.1112191 1.9759688 1.9252118 1.8498669 1.8240300 1.7460058 1.7185460 1.6761362 1.7747516 1.5917452 1.7747516 1.7747516 0.0000000 1.3305464 1.7102341 3.6728378 3.8258027 3.8927737 4.0138987 3.4090917 3.6461612 6.2410093 3.4819197 3.4489650 3.7318040 3.5226731 3.0891053 
Cscu_XM_023356019.1                                    2.4939210 1.7569199 2.2447321 1.7830534 1.7803655 1.4058109 5.5465907 1.5211939 1.3345952 1.3897485 1.3194016 1.4827622 1.4521835 1.4916259 1.3988180 1.3514987 1.5091970 1.4752553 1.0560701 1.7356427 1.4930835 1.6746160 1.5865571 1.5865571 1.2956676 1.7003386 1.6553583 1.6553583 1.6226148 1.4542057 1.5876817 1.4557496 1.4674626 2.0470221 1.5938993 1.6374970 1.3094284 1.4108870 1.8353312 1.9026724 1.8709938 1.8521749 2.0069819 1.8806044 1.8860346 1.6864542 1.7126326 1.7526834 1.5039360 1.7499719 1.7298372 1.3305464 0.0000000 1.5594724 3.4760822 3.8134288 3.7142813 3.4955003 4.7254102 4.7254102 8.9999981 3.5420595 3.2624355 3.4475562 2.9577856 2.8254006 
Chem_TCONS_00003862                                    2.0742262 2.5007678 2.3428960 2.4444371 1.9875958 2.0604547 1.9113865 1.9516869 1.7970048 1.8197515 1.4396911 1.7071814 1.6591531 1.7186304 1.6189019 1.8269122 1.7455890 1.7546914 1.4762765 1.7943393 1.9880611 1.9917958 1.8843262 1.8825653 1.8007809 1.9298611 1.9460237 1.9460237 1.7028929 1.7994448 2.0606927 1.5358645 1.2593357 1.9603547 1.6796821 1.6180201 1.5067092 1.7107635 1.8971103 2.4035838 2.1429473 2.2402915 2.4411678 2.1843323 2.3171704 2.2076910 2.3683770 2.2010472 2.1978113 2.2146048 2.1523451 1.7102341 1.5594724 0.0000000 3.4381031 3.8326317 3.4328866 3.2780551 2.9185495 2.8952875 4.2891633 4.1378984 3.3923990 3.7088704 3.4337511 3.3931306 
Horcal_Hcv1.av93.c2.g490.i1                            3.6778405 3.7388987 2.8588732 2.7437758 3.1953270 3.8765471 3.3407175 3.7146776 3.4673988 3.1807105 2.8905841 3.6763870 3.6749490 3.8076939 3.8097193 3.6190866 3.5582146 3.4678069 3.6131624 3.5301748 3.4567652 3.1372229 3.2843922 3.2768771 3.3866202 3.3338119 3.3238095 3.3238095 3.6722343 3.5971833 3.1519568 3.6837043 3.1066292 3.9212209 3.4638498 3.4570194 3.5343355 3.5480328 3.4568502 3.2965832 3.1182310 3.0742488 3.3050686 3.5370204 3.4996641 3.5560570 3.9838836 3.5313031 3.3536717 3.5058274 3.4672816 3.6728378 3.4760822 3.4381031 0.0000000 0.1242515 1.5330812 1.5430065 1.3717747 1.3273121 1.6645107 1.7222847 1.3189553 1.5390467 1.4910453 1.8880000 
