62
Lcom_lcpid18347                                        0.0000000 0.5286667 0.3364596 0.3352324 2.1027335 2.5933427 1.9401954 1.9318500 1.3662699 2.3865243 2.7293299 1.8090265 1.9751700 2.0303220 1.8621250 1.8257700 1.8320595 1.6891059 1.5071883 1.7244655 1.7981498 1.7373861 1.8692715 1.6872711 1.8114504 1.2044375 1.7989395 1.7876049 1.9309269 1.9782573 2.4522521 1.9752234 1.7304061 2.0098390 2.2122940 2.2181225 1.8718989 2.0028601 2.0136112 2.9189235 2.7114590 2.5599473 2.6305911 2.9050876 2.9451759 3.0225008 2.9891765 2.7268935 2.6016146 3.4521645 2.3773620 2.5401408 3.0804730 2.7281963 2.6972145 2.6203651 2.6187960 2.5447471 2.6756595 2.6832014 2.7139077 2.7857828 
Gracom_Gcom_scaffold14849_01                           0.5286667 0.0000000 0.2977283 0.3506015 2.0516802 2.7830350 1.9850723 1.9778050 1.3398997 2.4524174 2.6153047 1.7878909 1.9591070 1.9941906 1.8107675 1.8715011 1.7534667 1.7274005 1.5358002 1.7385814 1.7263585 1.6927053 1.8515934 1.6767605 1.8352039 1.1390064 1.7166053 1.6730059 1.9247531 1.9546635 2.3633893 1.9725803 1.7825005 2.0750612 2.2039671 2.2249593 1.8777751 1.9733632 1.9379385 2.6927913 2.7917477 2.6638323 2.7042338 2.9064226 3.0820873 3.1763023 3.0266122 2.6641066 2.6272829 3.4529044 2.3746933 2.4150446 3.1234785 2.5001796 2.4743516 2.3978192 2.3963900 2.4221018 2.5262234 2.5862075 2.5901442 2.6614859 
Scil_scict006033.1                                     0.3364596 0.2977283 0.0000000 0.2765034 1.8962638 0.0000010 2.0375846 1.7081558 1.3291225 1.6300903 2.6685837 1.5107998 1.7010891 1.7457815 1.7620425 1.7296490 1.5718146 1.5163177 1.5413868 1.3945497 1.4308997 1.3921594 1.4277011 1.3752665 1.5032364 1.0578883 1.5486281 1.4769171 1.7740001 1.8040415 2.0900692 1.7685683 1.8273221 1.8554538 1.8171073 1.9648220 1.7709996 1.7722532 1.8299153 0.0000010 2.4287113 2.6061559 2.6318851 2.4985824 2.7412584 2.8156641 2.6203634 2.4861002 2.4289979 3.0728223 2.0866265 0.0000010 0.0000010 2.4632887 2.4743364 2.4291674 2.4291674 2.4644702 2.4784419 2.6932704 2.7971195 1.9494762 
Leuniv_Lniv_C800770_01                                 0.3352324 0.3506015 0.2765034 0.0000000 1.8429897 1.9698797 2.0474095 1.8187021 1.3281300 1.9826111 2.6205493 1.6559921 1.8523489 1.8324371 1.7759553 1.8516517 1.7515758 1.6962359 1.5895557 1.6059035 1.6528265 1.5551690 1.6240483 1.5560930 1.6808369 1.1552090 1.6525723 1.6392365 1.8437302 1.8579519 2.1082614 1.8505076 1.7762801 1.8802808 1.8959436 1.9348681 1.7309675 1.7810561 1.8928771 2.0308506 2.4228676 2.6355749 2.7540052 2.5955342 2.8364582 2.9339576 2.7523221 2.5213325 2.3915132 2.9545043 2.0317205 1.9810563 2.3609443 2.4686402 2.4714776 2.3736661 2.3736661 2.3354339 2.4575578 2.4112348 2.2442453 2.3976550 
Opea_EP00118_Oscarella_pearsei_P002556                 2.1027335 2.0516802 1.8962638 1.8429897 0.0000000 0.0106165 1.5776423 1.4246915 1.3550230 1.7821814 1.4798790 1.4275911 1.4958537 1.4731505 1.4763927 1.5383083 1.5469106 1.4529449 1.0268583 1.4050630 1.3002997 1.3521262 1.4248648 1.3579115 1.3844659 1.2869432 1.3731183 1.5016430 1.6020882 1.6009449 1.8038278 1.6351861 1.3994905 1.5788204 1.6274686 1.7388665 1.5072245 1.5008158 1.5628900 2.6501664 2.1682698 1.9948520 2.1657913 2.1829738 2.1968583 2.2117382 2.5163587 2.1514471 2.1569732 3.5279644 1.9142136 1.7800294 1.6296288 2.0770558 2.0296920 2.0068304 2.0068304 2.0880433 2.1028988 1.7706684 1.8941501 2.6361378 
Ocar_g10619                                            2.5933427 2.7830350 0.0000010 1.9698797 0.0106165 0.0000000 1.7863703 1.2689371 0.0000010 1.5247020 0.0000010 1.5521759 2.1431189 1.8764667 1.7112173 2.0341652 2.3018879 2.2634438 1.2929958 1.7335234 1.5666434 1.5671635 1.9934566 1.7302589 1.6489295 0.0000010 1.5001468 1.7430137 2.4332466 1.8702825 2.3615908 2.0503891 0.0000010 2.2403719 1.8576031 2.0856066 1.7300274 1.6636258 1.9364928 2.1677205 2.8288359 0.0000010 0.0000010 3.1739183 0.0000010 0.0000010 3.6549354 2.4684145 2.8151579 3.7442584 2.5767126 1.5640048 1.3176437 2.4967777 2.4448099 2.5839952 2.5839952 2.4553372 2.4553372 2.4918106 2.1075585 7.0047410 
Spur_XM_030980163.1                                    1.9401954 1.9850723 2.0375846 2.0474095 1.5776423 1.7863703 0.0000000 1.4473566 1.2177109 1.5652536 1.9933714 1.3693816 1.5529445 1.5433091 1.2363099 1.2633524 1.0543095 1.1252561 1.1431776 1.2501253 1.2436027 1.2168178 1.2448381 1.2544558 1.2766742 1.1394399 1.4696998 1.3701008 1.3439951 1.6437171 1.5966079 1.5019804 1.3488930 1.3429106 1.5508779 1.5997008 1.3269842 1.3780702 1.2848048 2.1478744 2.2725919 2.0587393 2.2165936 2.0466494 2.5761186 2.5409365 2.4340036 2.1538433 2.3655949 3.1564163 1.6388668 2.0166193 1.2474038 1.9832935 1.9716993 1.9679286 1.9679286 1.9723853 2.0318844 1.5697389 1.8613814 2.3770084 
Emue_Em0011g293a.t1                                    1.9318500 1.9778050 1.7081558 1.8187021 1.4246915 1.2689371 1.4473566 0.0000000 0.0492953 0.1908194 0.3139239 0.7093115 0.9464909 0.9641898 1.2094209 1.3458300 1.1164677 1.1193267 0.9820658 1.1483907 1.1747339 1.1265689 1.1357852 1.1101203 1.1965175 0.9712168 1.1023277 1.3038154 1.2227327 1.1693675 1.6036130 1.6390224 1.2508134 1.3839901 1.5076302 1.5706318 1.2798365 1.3310297 1.3239681 2.2508470 2.0085538 2.0200485 2.0406631 2.0892769 2.1170129 2.0992820 2.1475554 1.9899494 1.9448944 2.9591400 1.7102605 1.3717252 0.9974601 1.8205220 1.8320252 1.8428135 1.8501022 1.9763665 1.9846251 1.5597912 1.7587343 2.4081426 
Spolac_c91717_g1_i1_m.7165c106171-g1                   1.3662699 1.3398997 1.3291225 1.3281300 1.3550230 0.0000010 1.2177109 0.0492953 0.0000000 0.0000010 2.5450617 0.5247096 0.7451026 0.7341931 1.0539978 1.1914769 0.8142622 0.8332738 1.0201861 0.9911472 1.1430910 1.0514456 0.9860613 0.9821086 0.9687394 0.9980015 0.9763666 0.9754982 0.9967955 0.9783650 2.2173887 1.6144533 1.4240775 1.4287567 1.5194685 1.6058451 1.0358929 1.0802811 1.1593733 0.0000010 2.0194637 2.0384045 2.1213219 1.8582044 1.9502703 1.9661691 1.9519221 2.0542434 1.9079095 2.8329556 1.3672297 0.0000010 0.0000010 1.5806295 1.5810451 1.4910058 1.4910058 1.5760066 1.6085897 1.4098810 2.2607835 1.7121509 
Spolac_c106171_g1_i1_m.45056c106171-g1                 2.3865243 2.4524174 1.6300903 1.9826111 1.7821814 1.5247020 1.5652536 0.1908194 0.0000010 0.0000000 0.0000010 0.9588243 1.3151618 1.3329368 1.3334852 1.6991104 1.3685272 1.3948605 1.1661820 1.3578129 1.2782099 1.3525900 1.4729485 1.3214579 1.5240470 0.0000010 1.2597950 1.8485696 1.6295660 1.5414633 1.8508291 1.9070822 1.4673241 1.7077903 1.6115108 1.7457942 1.6888159 1.8363648 1.6426664 1.9210516 1.9396243 1.1949356 1.1949356 2.5035987 9.0000000 9.0000000 2.2002524 1.9778922 1.7804477 2.2705234 2.1198531 1.2645997 0.7346243 2.4176139 2.3018556 2.4275480 2.4668719 2.3737147 2.5114759 1.6998416 1.9318864 6.7285584 
Spolac_c91717_g2_i1_m.7166c106171-g1                   2.7293299 2.6153047 2.6685837 2.6205493 1.4798790 0.0000010 1.9933714 0.3139239 2.5450617 0.0000010 0.0000000 0.8000778 1.0312917 0.9402565 1.2011713 1.2198824 1.1534203 1.2293106 1.1806374 1.1606585 1.1414604 1.1563526 1.1162573 1.1512058 1.2578912 0.0000010 1.1223201 1.2472426 1.2835942 1.2458470 1.4777788 1.5269682 1.2647541 1.4193040 1.4562062 1.6172410 1.4424277 1.5584756 1.2583643 8.9999982 2.3228340 2.7174022 2.2317321 2.3183331 3.1878235 3.0505784 2.8872156 2.0622854 2.2890231 3.9565623 2.0214102 9.0000000 3.6161889 1.9133892 1.9568689 1.9550677 1.9550677 2.1187706 2.1187706 1.4349406 1.4975999 0.0000010 
Tetwil_g12460.t2                                       1.8090265 1.7878909 1.5107998 1.6559921 1.4275911 1.5521759 1.3693816 0.7093115 0.5247096 0.9588243 0.8000778 0.0000000 0.7938722 0.8229323 1.1254424 1.2016302 1.1324691 1.0193919 0.8848807 1.0370044 1.1045864 1.0005775 1.0693361 1.0164033 1.0707526 0.9141519 1.1439862 1.2400106 1.2967227 1.0866926 1.4168333 1.3373129 1.1007211 1.2458850 1.4181245 1.5356020 1.1392442 1.2103623 1.2182697 2.0658976 2.0849359 2.1984347 2.2658565 2.1613149 2.4415135 2.4557368 2.3014337 2.0907582 2.0702732 3.1175640 1.4346802 1.0687273 0.8818250 1.8053089 1.7966180 1.7911983 1.7902623 1.7908815 1.8273158 1.3706626 1.6984149 2.1350489 
Halamb_c52932_g1_i1m.34301                             1.9751700 1.9591070 1.7010891 1.8523489 1.4958537 2.1431189 1.5529445 0.9464909 0.7451026 1.3151618 1.0312917 0.7938722 0.0000000 0.4174743 1.3366796 1.3211574 1.2381227 1.2138031 0.9665411 1.2307951 1.2909916 1.2357301 1.2852545 1.1769005 1.2857277 1.1531968 1.2642695 1.3146227 1.3615665 1.2220655 1.6045907 1.5251559 1.2531838 1.3885214 1.5361091 1.6508661 1.4197291 1.4906966 1.2565762 2.2769606 2.0792641 2.1543195 2.3575548 2.0832932 2.3316003 2.2815182 2.3031702 2.0397113 1.9632935 2.9835091 1.7344170 0.7354395 1.3727094 1.9819513 1.9677870 1.9616540 1.9605592 1.9804151 2.0666074 1.5106182 1.8106610 2.6149094 
Aque_Aqu2.1.30075_001                                  2.0303220 1.9941906 1.7457815 1.8324371 1.4731505 1.8764667 1.5433091 0.9641898 0.7341931 1.3329368 0.9402565 0.8229323 0.4174743 0.0000000 1.2907092 1.2980187 1.2769788 1.1742933 1.0566061 1.2796520 1.3634165 1.2439250 1.3002406 1.2287046 1.3329932 1.1352893 1.2282455 1.3186639 1.3684777 1.2797157 1.6062496 1.5464794 1.2735117 1.4709976 1.5665997 1.6339558 1.4569187 1.4878087 1.2353356 2.0008621 2.0003599 2.3524136 2.4094192 2.0077817 2.4891586 2.4433269 2.3469351 2.0517244 2.0043084 2.8280155 1.6812713 0.8065279 1.1940679 1.9355744 1.9179665 1.9095655 1.9084808 1.9266323 2.0050126 1.5216095 1.7396858 2.4921558 
Cgig_XM_011438739.3                                    1.8621250 1.8107675 1.7620425 1.7759553 1.4763927 1.7112173 1.2363099 1.2094209 1.0539978 1.3334852 1.2011713 1.1254424 1.3366796 1.2907092 0.0000000 0.4545325 0.7800065 0.8674086 0.9913753 1.0774872 1.1600308 1.0912354 1.1795825 1.1102771 1.1263709 0.9207327 1.0141273 1.0896553 0.9319277 1.4244711 1.6236888 1.4775984 1.1256120 1.2489623 1.4701434 1.5477939 1.2016606 1.3289320 1.0311554 2.0543080 2.0154320 1.8480010 1.9378078 2.0427663 2.4099854 2.3824006 2.3589558 1.9898801 2.0575162 3.0352538 1.4819821 1.6916141 1.7378717 1.6519562 1.6380075 1.6555475 1.6553351 1.6779056 1.6980353 1.2889787 1.7475466 2.1764762 
Acagra_model.g12330.t1                                 1.8257700 1.8715011 1.7296490 1.8516517 1.5383083 2.0341652 1.2633524 1.3458300 1.1914769 1.6991104 1.2198824 1.2016302 1.3211574 1.2980187 0.4545325 0.0000000 0.8261138 0.8478946 1.0129560 1.0974273 1.1431486 1.1143437 1.2020043 1.1024716 1.1867775 1.0267053 1.0897415 1.0425157 0.9202139 1.4037886 1.5623057 1.4666006 1.1638756 1.2416658 1.4327603 1.5510437 1.2321240 1.3337776 1.0740937 2.2958610 1.9602589 1.6122286 1.8559586 1.8957098 2.2055342 2.1654925 2.2174638 1.9041979 1.9164875 3.0066671 1.4060949 1.8123049 1.8451943 1.7259626 1.7060661 1.7122711 1.7120595 1.7357551 1.7804107 1.4095245 1.9380711 2.0633120 
Bralan_BLAG13000406_1                                  1.8320595 1.7534667 1.5718146 1.7515758 1.5469106 2.3018879 1.0543095 1.1164677 0.8142622 1.3685272 1.1534203 1.1324691 1.2381227 1.2769788 0.7800065 0.8261138 0.0000000 0.7141643 0.8697727 0.9401694 1.0349296 0.9296504 0.9790886 0.9254607 0.9644220 0.7376321 0.9356600 0.9779963 0.9478922 1.3240206 1.3883969 1.4304510 1.0721441 1.1536305 1.3740656 1.4366152 1.0538048 1.1439326 0.8879866 2.0356620 2.1261568 1.9694811 2.0402443 2.0890036 2.3539159 2.3451339 2.3752536 2.0459712 2.0875919 3.1967049 1.2942040 2.1883460 2.1560314 1.7002370 1.6519000 1.6578915 1.6576820 1.6643558 1.7022165 1.4364012 1.7559595 2.2887089 
Skow_XM_006820837.1                                    1.6891059 1.7274005 1.5163177 1.6962359 1.4529449 2.2634438 1.1252561 1.1193267 0.8332738 1.3948605 1.2293106 1.0193919 1.2138031 1.1742933 0.8674086 0.8478946 0.7141643 0.0000000 0.9311071 1.0428209 1.0569852 1.0456566 1.1039470 1.0012234 1.0584195 0.7731119 0.9914374 1.0612988 0.9604097 1.2513629 1.2869482 1.3027793 1.0786522 1.1926277 1.3867037 1.4605684 1.0337372 1.1008827 0.9787371 1.8681979 2.1830493 1.9648519 2.0611046 2.1260624 2.3096904 2.2953536 2.4224469 2.0425443 2.1136360 3.1347784 1.3385771 1.8673160 1.9929820 1.6652550 1.6815128 1.6637637 1.6628364 1.6563961 1.6918683 1.5476386 1.5747503 2.1148553 
Plajan_Pjan_scaffold17080_01                           1.5071883 1.5358002 1.5413868 1.5895557 1.0268583 1.2929958 1.1431776 0.9820658 1.0201861 1.1661820 1.1806374 0.8848807 0.9665411 1.0566061 0.9913753 1.0129560 0.8697727 0.9311071 0.0000000 1.0219120 1.0360074 1.0100423 1.0076247 0.9980047 1.0136291 1.1364789 1.0450516 1.0907712 1.1453584 1.1452413 1.2817948 1.2168548 1.1267182 1.2302532 1.1942849 1.3618301 1.0582253 1.1138052 1.0534733 9.0000000 1.8793153 2.1236107 2.2681454 1.9265171 2.4988985 2.5039924 2.2960348 1.9817950 2.1043570 2.8728249 1.4556794 1.1490199 0.0000010 1.6931268 1.7190410 1.6123615 1.6123615 1.5563078 1.5932782 1.3037578 1.4905709 2.0131374 
Gasp_gasp1.m3.15912.m1                                 1.7244655 1.7385814 1.3945497 1.6059035 1.4050630 1.7335234 1.2501253 1.1483907 0.9911472 1.3578129 1.1606585 1.0370044 1.2307951 1.2796520 1.0774872 1.0974273 0.9401694 1.0428209 1.0219120 0.0000000 0.1278355 0.1454920 0.2229945 0.2087406 0.2747684 0.2311490 0.8197359 0.9066629 1.1970790 1.3702064 1.4405945 1.3090856 1.0875666 1.1984783 1.3203321 1.4531418 1.0376798 1.1558905 1.2312889 1.9870601 1.9816628 2.0564657 2.0638008 2.0324966 2.3526035 2.3712215 2.3017104 2.0390262 2.1570801 3.1085889 1.4349206 1.6973300 1.5944906 1.7783475 1.7339040 1.7606936 1.7597701 1.7672907 1.7980205 1.4906753 1.7753935 2.3506855 
Fspp_ffun1.m4.28913.m1                                 1.7981498 1.7263585 1.4308997 1.6528265 1.3002997 1.5666434 1.2436027 1.1747339 1.1430910 1.2782099 1.1414604 1.1045864 1.2909916 1.3634165 1.1600308 1.1431486 1.0349296 1.0569852 1.0360074 0.1278355 0.0000000 0.1930161 0.2796891 0.2439111 0.3094202 0.2157934 0.7941609 0.8926952 1.2246357 1.4155955 1.5282168 1.3307668 1.0904642 1.1766548 1.3771418 1.4152834 1.0510611 1.1619086 1.2947951 2.0746256 1.9784574 2.4175752 2.3762388 2.1213580 2.7336021 2.7508570 2.4180094 1.9927545 2.1983561 3.1203942 1.5746034 1.7317995 1.4188348 1.7109782 1.6590488 1.7065616 1.7054184 1.8108680 1.8434984 1.5442348 1.7021748 2.9828694 
Spis_XP_022800146_1                                    1.7373861 1.6927053 1.3921594 1.5551690 1.3521262 1.5671635 1.2168178 1.1265689 1.0514456 1.3525900 1.1563526 1.0005775 1.2357301 1.2439250 1.0912354 1.1143437 0.9296504 1.0456566 1.0100423 0.1454920 0.1930161 0.0000000 0.1507203 0.2291215 0.3040053 0.2311257 0.8203500 0.8990440 1.2224110 1.3663286 1.4299599 1.3307600 1.1685548 1.2506410 1.3222983 1.4547027 1.0465629 1.1450421 1.2226371 1.8363721 1.9045914 2.0942059 2.0929907 1.9527997 2.3471968 2.3568626 2.1894032 1.9703447 2.1140961 2.8998338 1.4463581 1.6342068 1.4379481 1.7751558 1.7647772 1.8000818 1.7991307 1.7854906 1.8175635 1.4752316 1.7127937 2.4064291 
Pocdam_XM_027190970.1                                  1.8692715 1.8515934 1.4277011 1.6240483 1.4248648 1.9934566 1.2448381 1.1357852 0.9860613 1.4729485 1.1162573 1.0693361 1.2852545 1.3002406 1.1795825 1.2020043 0.9790886 1.1039470 1.0076247 0.2229945 0.2796891 0.1507203 0.0000000 0.2939253 0.3570324 0.2151664 0.8660640 0.9682320 1.2379502 1.3841508 1.4414005 1.3674237 1.0985274 1.2530191 1.4294843 1.5374717 1.1223126 1.2078060 1.2374402 2.4571336 1.9524570 2.0373714 2.0750681 2.0397962 2.2620494 2.2719970 2.2702407 2.0929502 2.1749084 3.0666414 1.5147770 1.8064875 1.8436982 1.8747113 1.7998730 1.8632281 1.8622525 1.8382261 1.8726408 1.5548930 1.8352922 2.3724621 
Gfas_gfas1.m1.361.m1                                   1.6872711 1.6767605 1.3752665 1.5560930 1.3579115 1.7302589 1.2544558 1.1101203 0.9821086 1.3214579 1.1512058 1.0164033 1.1769005 1.2287046 1.1102771 1.1024716 0.9254607 1.0012234 0.9980047 0.2087406 0.2439111 0.2291215 0.2939253 0.0000000 0.2397701 0.1889427 0.7817688 0.8711453 1.1982629 1.2576438 1.4301608 1.2617642 1.0711703 1.1755250 1.3159123 1.3958979 1.0576103 1.1441781 1.1848833 1.9397920 1.8991260 1.9973297 2.0604056 1.9482986 2.3583895 2.3680102 2.2094670 2.0101628 2.0811780 2.8314885 1.4591141 1.7544462 1.5678414 1.7819776 1.7389738 1.7605792 1.7596658 1.7756563 1.8131253 1.6084832 1.7152874 2.2652242 
Amil_Amillepora25045-RA                                1.8114504 1.8352039 1.5032364 1.6808369 1.3844659 1.6489295 1.2766742 1.1965175 0.9687394 1.5240470 1.2578912 1.0707526 1.2857277 1.3329932 1.1263709 1.1867775 0.9644220 1.0584195 1.0136291 0.2747684 0.3094202 0.3040053 0.3570324 0.2397701 0.0000000 0.0344007 0.8154265 0.9308878 1.2135747 1.3856467 1.5007418 1.2836052 1.1155389 1.1554869 1.3574875 1.4837545 1.0957310 1.1806183 1.2200024 2.1669732 2.0545179 2.0199932 2.0563766 2.1340439 2.3884980 2.3866647 2.3771280 2.1045228 2.2210551 3.2123623 1.6103556 1.8999157 1.4895111 1.8841175 1.8133198 1.8300494 1.8290644 1.8144289 1.8706094 1.6244890 1.7557941 2.2508442 
Adig_XM_015906081.1                                    1.2044375 1.1390064 1.0578883 1.1552090 1.2869432 0.0000010 1.1394399 0.9712168 0.9980015 0.0000010 0.0000010 0.9141519 1.1531968 1.1352893 0.9207327 1.0267053 0.7376321 0.7731119 1.1364789 0.2311490 0.2157934 0.2311257 0.2151664 0.1889427 0.0344007 0.0000000 0.6623679 0.6845180 1.0508047 1.1433134 1.5886182 1.0512470 1.2687656 1.2524454 1.1297186 1.3433193 0.8894431 0.8960838 1.1106934 0.0000010 1.8537201 1.6372808 1.7209640 1.7622189 1.8428868 1.8736306 1.8723894 2.1263245 2.0306977 2.8267585 1.1270269 0.0000010 0.0000010 1.5780745 1.5712963 1.4656353 1.4656353 1.5837511 1.5837511 1.7282805 2.3588415 1.5614538 
Nvec_NVE13939                                          1.7989395 1.7166053 1.5486281 1.6525723 1.3731183 1.5001468 1.4696998 1.1023277 0.9763666 1.2597950 1.1223201 1.1439862 1.2642695 1.2282455 1.0141273 1.0897415 0.9356600 0.9914374 1.0450516 0.8197359 0.7941609 0.8203500 0.8660640 0.7817688 0.8154265 0.6623679 0.0000000 0.5455344 1.1311313 1.3444804 1.4139533 1.3308463 1.0461212 1.2523651 1.2932053 1.4220232 0.9965725 1.0696255 1.2092932 1.9740582 1.9598603 1.9148274 2.0156383 2.0022609 2.3714306 2.3342473 2.2244977 2.0388038 1.9879195 3.0469340 1.5549322 1.6089826 1.4580535 1.7885236 1.7568783 1.8021012 1.8011641 1.7910373 1.8106510 1.7330989 1.6799181 2.3203428 
Exapal_XM_028656691.1                                  1.7876049 1.6730059 1.4769171 1.6392365 1.5016430 1.7430137 1.3701008 1.3038154 0.9754982 1.8485696 1.2472426 1.2400106 1.3146227 1.3186639 1.0896553 1.0425157 0.9779963 1.0612988 1.0907712 0.9066629 0.8926952 0.8990440 0.9682320 0.8711453 0.9308878 0.6845180 0.5455344 0.0000000 1.1828288 1.4093778 1.5409407 1.4034058 1.1051573 1.2307282 1.3998956 1.4963346 1.0571189 1.1121001 1.2974656 2.2483486 2.0560131 2.0663625 2.2049968 2.1162441 2.5359027 2.4817798 2.2925057 2.0425921 2.1055694 2.8666457 1.5035466 2.1630474 1.8644848 1.7516932 1.7400101 1.7377839 1.7332655 1.7144193 1.7513881 1.6823921 1.7072464 2.1645093 
Ctel_gnl_WGS_AMQN_CAPTEDRAFT_mRNA198072                1.9309269 1.9247531 1.7740001 1.8437302 1.6020882 2.4332466 1.3439951 1.2227327 0.9967955 1.6295660 1.2835942 1.2967227 1.3615665 1.3684777 0.9319277 0.9202139 0.9478922 0.9604097 1.1453584 1.1970790 1.2246357 1.2224110 1.2379502 1.1982629 1.2135747 1.0508047 1.1311313 1.1828288 0.0000000 1.3476378 1.5692108 1.4690467 1.2592623 1.2864026 1.4941674 1.5689607 1.2427124 1.2594622 1.2388478 2.1754289 2.2040506 2.0137307 2.1955461 2.0407146 2.5031356 2.4583777 2.3546992 2.0932047 2.1312782 3.0862200 1.6047158 2.0669404 1.5833594 1.8050035 1.7774788 1.8126518 1.8112778 1.7791311 1.7817821 1.5676389 1.8013129 2.0984150 
Plespi_Pspi_scaffold20487_01                           1.9782573 1.9546635 1.8040415 1.8579519 1.6009449 1.8702825 1.6437171 1.1693675 0.9783650 1.5414633 1.2458470 1.0866926 1.2220655 1.2797157 1.4244711 1.4037886 1.3240206 1.2513629 1.1452413 1.3702064 1.4155955 1.3663286 1.3841508 1.2576438 1.3856467 1.1433134 1.3444804 1.4093778 1.3476378 0.0000000 1.5060286 1.5538304 1.2962138 1.3021497 1.4974744 1.7756866 1.3329050 1.4718677 1.2650750 1.9007716 2.1858883 2.0023519 2.2610125 2.0565469 2.2410033 2.2934826 2.3385962 2.0505501 2.0222194 3.3823684 1.6614810 1.5767558 1.2615840 1.9782073 1.9591042 1.8939356 1.9011614 1.9307634 1.9800879 1.4470719 1.8799205 2.4400926 
Hvul_g29730_1                                          2.4522521 2.3633893 2.0900692 2.1082614 1.8038278 2.3615908 1.5966079 1.6036130 2.2173887 1.8508291 1.4777788 1.4168333 1.6045907 1.6062496 1.6236888 1.5623057 1.3883969 1.2869482 1.2817948 1.4405945 1.5282168 1.4299599 1.4414005 1.4301608 1.5007418 1.5886182 1.4139533 1.5409407 1.5692108 1.5060286 0.0000000 0.9388599 0.9866848 1.1327973 1.2560441 1.3230955 1.6635637 1.6380578 1.4979298 1.8330254 2.3780731 2.4861961 2.6211766 2.3445495 3.3301170 3.2889805 2.6144946 2.3495644 2.1729116 2.7884319 1.9140197 1.9315902 1.8123445 2.2041255 2.1950005 2.1589195 2.1587087 2.1760867 2.2450769 1.7489848 1.8524188 6.2415738 
Chem_TCONS_00070976                                    1.9752234 1.9725803 1.7685683 1.8505076 1.6351861 2.0503891 1.5019804 1.6390224 1.6144533 1.9070822 1.5269682 1.3373129 1.5251559 1.5464794 1.4775984 1.4666006 1.4304510 1.3027793 1.2168548 1.3090856 1.3307668 1.3307600 1.3674237 1.2617642 1.2836052 1.0512470 1.3308463 1.4034058 1.4690467 1.5538304 0.9388599 0.0000000 0.9087085 1.0932884 1.2404718 1.4278125 1.3472646 1.4030579 1.4355055 1.8309976 1.9715766 1.9993509 2.0897892 2.0228371 2.1957982 2.1932263 2.1237295 2.0865427 2.0413334 2.7589042 1.6812313 1.7561502 1.9410117 2.0775834 2.0233990 2.0573653 2.0573653 1.9733620 2.0346078 1.5929243 1.5513264 1.8640181 
Aaur_scaffold1.g47.t1                                  1.7304061 1.7825005 1.8273221 1.7762801 1.3994905 0.0000010 1.3488930 1.2508134 1.4240775 1.4673241 1.2647541 1.1007211 1.2531838 1.2735117 1.1256120 1.1638756 1.0721441 1.0786522 1.1267182 1.0875666 1.0904642 1.1685548 1.0985274 1.0711703 1.1155389 1.2687656 1.0461212 1.1051573 1.2592623 1.2962138 0.9866848 0.9087085 0.0000000 0.4964851 0.4440153 0.7225826 1.2093259 1.2991221 1.1374941 0.0000010 1.9556599 2.1378373 2.2297980 1.8261650 2.3970135 2.3880008 2.1356061 1.9049823 1.8950892 2.9222941 1.3755202 0.0000010 0.0000010 1.6201178 1.6023859 1.6063605 1.6063605 1.7327070 1.7380726 1.4706243 1.4194311 1.4618577 
Nemnom_g19671.t1                                       2.0098390 2.0750612 1.8554538 1.8802808 1.5788204 2.2403719 1.3429106 1.3839901 1.4287567 1.7077903 1.4193040 1.2458850 1.3885214 1.4709976 1.2489623 1.2416658 1.1536305 1.1926277 1.2302532 1.1984783 1.1766548 1.2506410 1.2530191 1.1755250 1.1554869 1.2524454 1.2523651 1.2307282 1.2864026 1.3021497 1.1327973 1.0932884 0.4964851 0.0000000 0.2224348 0.8349708 1.3215511 1.4540567 1.3133602 1.6162868 2.0601061 2.1570078 2.2626652 1.9453339 2.6033666 2.5908571 2.3446736 1.9306928 2.1734456 2.7411796 1.5079058 1.8524678 0.6540580 1.7949993 1.8121805 1.7224099 1.7224099 1.8263465 1.9102138 1.5613059 1.4767590 2.2977096 
Rhoesc_Res_016054-T1                                   2.2122940 2.2039671 1.8171073 1.8959436 1.6274686 1.8576031 1.5508779 1.5076302 1.5194685 1.6115108 1.4562062 1.4181245 1.5361091 1.5665997 1.4701434 1.4327603 1.3740656 1.3867037 1.1942849 1.3203321 1.3771418 1.3222983 1.4294843 1.3159123 1.3574875 1.1297186 1.2932053 1.3998956 1.4941674 1.4974744 1.2560441 1.2404718 0.4440153 0.2224348 0.0000000 0.9482994 1.4012733 1.4700265 1.4673600 0.9670742 2.2129099 2.0705510 2.2241503 2.0315277 2.5561673 2.5347307 2.3371096 2.0651379 2.1672398 2.9346407 1.7500280 2.0821399 1.7959253 1.9869703 1.9733480 1.9133689 1.9123719 1.9773655 2.0527501 1.6889135 1.3868039 2.1897887 
Sanmal_Sma_011415-T2                                   2.2181225 2.2249593 1.9648220 1.9348681 1.7388665 2.0856066 1.5997008 1.5706318 1.6058451 1.7457942 1.6172410 1.5356020 1.6508661 1.6339558 1.5477939 1.5510437 1.4366152 1.4605684 1.3618301 1.4531418 1.4152834 1.4547027 1.5374717 1.3958979 1.4837545 1.3433193 1.4220232 1.4963346 1.5689607 1.7756866 1.3230955 1.4278125 0.7225826 0.8349708 0.9482994 0.0000000 1.5562165 1.5652245 1.5023519 1.2382619 2.3210865 2.2115504 2.3765646 2.1836363 2.7621296 2.7732668 2.7024653 2.3955805 2.2436564 3.2700883 1.7276763 1.9753466 1.8612337 2.1795714 2.1228176 2.0685519 2.0603354 2.1745416 2.2576159 1.7139655 1.5798824 2.2971709 
Dgig_XM_028548699.1                                    1.8718989 1.8777751 1.7709996 1.7309675 1.5072245 1.7300274 1.3269842 1.2798365 1.0358929 1.6888159 1.4424277 1.1392442 1.4197291 1.4569187 1.2016606 1.2321240 1.0538048 1.0337372 1.0582253 1.0376798 1.0510611 1.0465629 1.1223126 1.0576103 1.0957310 0.8894431 0.9965725 1.0571189 1.2427124 1.3329050 1.6635637 1.3472646 1.2093259 1.3215511 1.4012733 1.5562165 0.0000000 0.3147705 1.2144747 1.9795382 2.1036075 2.4655919 2.3890919 2.1183388 2.7217778 2.6938749 2.6258952 2.1716536 2.2285919 3.2641824 1.5992063 2.0855563 1.6296033 1.7530454 1.7440182 1.7307522 1.7305268 1.7959838 1.8087990 1.7117086 1.6452472 2.3229345 
Xesp_000504-T1                                         2.0028601 1.9733632 1.7722532 1.7810561 1.5008158 1.6636258 1.3780702 1.3310297 1.0802811 1.8363648 1.5584756 1.2103623 1.4906966 1.4878087 1.3289320 1.3337776 1.1439326 1.1008827 1.1138052 1.1558905 1.1619086 1.1450421 1.2078060 1.1441781 1.1806183 0.8960838 1.0696255 1.1121001 1.2594622 1.4718677 1.6380578 1.4030579 1.2991221 1.4540567 1.4700265 1.5652245 0.3147705 0.0000000 1.3816698 1.9712177 2.0146118 2.3043560 2.2919820 2.0812198 2.6129187 2.6168941 2.5150830 2.2432516 2.2019402 3.0602037 1.6607442 1.9774652 1.5627399 1.7990484 1.8019581 1.7441789 1.7439526 1.8309036 1.8503537 1.7323553 1.7726598 2.3232014 
Hsap_ENST00000287482                                   2.0136112 1.9379385 1.8299153 1.8928771 1.5628900 1.9364928 1.2848048 1.3239681 1.1593733 1.6426664 1.2583643 1.2182697 1.2565762 1.2353356 1.0311554 1.0740937 0.8879866 0.9787371 1.0534733 1.2312889 1.2947951 1.2226371 1.2374402 1.1848833 1.2200024 1.1106934 1.2092932 1.2974656 1.2388478 1.2650750 1.4979298 1.4355055 1.1374941 1.3133602 1.4673600 1.5023519 1.2144747 1.3816698 0.0000000 1.9193475 2.0901911 2.1976342 2.1799601 2.1894138 2.3051206 2.2957022 2.2480934 2.0689335 2.1393457 2.9883971 1.3720941 1.8115214 2.0290965 1.6300977 1.6236758 1.6404291 1.6404291 1.6316577 1.6655044 1.4918382 1.7849719 2.2359247 
Aaur_scaffold1.g46.t1                                  2.9189235 2.6927913 0.0000010 2.0308506 2.6501664 2.1677205 2.1478744 2.2508470 0.0000010 1.9210516 8.9999982 2.0658976 2.2769606 2.0008621 2.0543080 2.2958610 2.0356620 1.8681979 9.0000000 1.9870601 2.0746256 1.8363721 2.4571336 1.9397920 2.1669732 0.0000010 1.9740582 2.2483486 2.1754289 1.9007716 1.8330254 1.8309976 0.0000010 1.6162868 0.9670742 1.2382619 1.9795382 1.9712177 1.9193475 0.0000000 3.4026377 0.0000010 0.0000010 3.0962383 9.0000000 9.0000000 2.5365358 2.4975128 2.1960132 3.2106729 2.4499149 2.0163812 1.8591454 2.9956626 2.8771232 3.0656629 3.0599391 2.7853227 2.7853227 1.7331852 1.2009270 6.7392198 
Mlei_ML0277.g3.i1                                      2.7114590 2.7917477 2.4287113 2.4228676 2.1682698 2.8288359 2.2725919 2.0085538 2.0194637 1.9396243 2.3228340 2.0849359 2.0792641 2.0003599 2.0154320 1.9602589 2.1261568 2.1830493 1.8793153 1.9816628 1.9784574 1.9045914 1.9524570 1.8991260 2.0545179 1.8537201 1.9598603 2.0560131 2.2040506 2.1858883 2.3780731 1.9715766 1.9556599 2.0601061 2.2129099 2.3210865 2.1036075 2.0146118 2.0901911 3.4026377 0.0000000 0.4749390 0.5054631 0.6087367 0.6434769 0.6335572 0.6882174 0.7406313 0.7431218 1.3646938 2.1688063 2.3871318 3.1067692 2.6776100 2.6654179 2.5524463 2.5414393 2.5896535 2.6855912 2.3696129 3.2253155 2.3657673 
Bolinf_Binf_sb1296234                                  2.5599473 2.6638323 2.6061559 2.6355749 1.9948520 0.0000010 2.0587393 2.0200485 2.0384045 1.1949356 2.7174022 2.1984347 2.1543195 2.3524136 1.8480010 1.6122286 1.9694811 1.9648519 2.1236107 2.0564657 2.4175752 2.0942059 2.0373714 1.9973297 2.0199932 1.6372808 1.9148274 2.0663625 2.0137307 2.0023519 2.4861961 1.9993509 2.1378373 2.1570078 2.0705510 2.2115504 2.4655919 2.3043560 2.1976342 0.0000010 0.4749390 0.0000000 0.0188782 0.4152558 0.5452096 0.5585433 0.5617698 0.6169294 0.6042161 2.2106621 2.0394002 1.1949356 0.0000010 2.3632735 2.3877441 2.2734929 2.2734929 2.2748861 2.3154428 3.3940368 4.6909076 1.4958415 
Mertsp_Mesp_sb530157                                   2.6305911 2.7042338 2.6318851 2.7540052 2.1657913 0.0000010 2.2165936 2.0406631 2.1213219 1.1949356 2.2317321 2.2658565 2.3575548 2.4094192 1.9378078 1.8559586 2.0402443 2.0611046 2.2681454 2.0638008 2.3762388 2.0929907 2.0750681 2.0604056 2.0563766 1.7209640 2.0156383 2.2049968 2.1955461 2.2610125 2.6211766 2.0897892 2.2297980 2.2626652 2.2241503 2.3765646 2.3890919 2.2919820 2.1799601 0.0000010 0.5054631 0.0188782 0.0000000 0.4643963 0.6037605 0.6172604 0.6165051 0.6841667 0.6872091 2.3157329 2.0760793 1.1949356 0.0000010 2.5289542 2.6022699 2.4362991 2.4362991 2.4324419 2.4691783 3.4865439 4.0521116 1.8200125 
Lampan_Lpan_12954_01                                   2.9050876 2.9064226 2.4985824 2.5955342 2.1829738 3.1739183 2.0466494 2.0892769 1.8582044 2.5035987 2.3183331 2.1613149 2.0832932 2.0077817 2.0427663 1.8957098 2.0890036 2.1260624 1.9265171 2.0324966 2.1213580 1.9527997 2.0397962 1.9482986 2.1340439 1.7622189 2.0022609 2.1162441 2.0407146 2.0565469 2.3445495 2.0228371 1.8261650 1.9453339 2.0315277 2.1836363 2.1183388 2.0812198 2.1894138 3.0962383 0.6087367 0.4152558 0.4643963 0.0000000 0.7145964 0.7128014 0.7743501 0.6514198 0.6114355 1.4593649 2.1330327 2.4568233 2.8295353 2.5156623 2.5145751 2.4641416 2.4532952 2.4105259 2.4775871 2.2516101 3.2032870 2.5652990 
Pbac_sb2649488                                         2.9451759 3.0820873 2.7412584 2.8364582 2.1968583 0.0000010 2.5761186 2.1170129 1.9502703 9.0000000 3.1878235 2.4415135 2.3316003 2.4891586 2.4099854 2.2055342 2.3539159 2.3096904 2.4988985 2.3526035 2.7336021 2.3471968 2.2620494 2.3583895 2.3884980 1.8428868 2.3714306 2.5359027 2.5031356 2.2410033 3.3301170 2.1957982 2.3970135 2.6033666 2.5561673 2.7621296 2.7217778 2.6129187 2.3051206 9.0000000 0.6434769 0.5452096 0.6037605 0.7145964 0.0000000 0.0455289 0.0658090 0.8717873 0.8818308 2.3950782 2.3978186 7.9729013 9.0000000 2.6734139 2.6886819 2.6845502 2.6845502 2.7104939 2.7199439 4.3117412 4.0864147 1.7517485 
Horcal_Hcv1.av93.c13.g229.i3                           3.0225008 3.1763023 2.8156641 2.9339576 2.2117382 0.0000010 2.5409365 2.0992820 1.9661691 9.0000000 3.0505784 2.4557368 2.2815182 2.4433269 2.3824006 2.1654925 2.3451339 2.2953536 2.5039924 2.3712215 2.7508570 2.3568626 2.2719970 2.3680102 2.3866647 1.8736306 2.3342473 2.4817798 2.4583777 2.2934826 3.2889805 2.1932263 2.3880008 2.5908571 2.5347307 2.7732668 2.6938749 2.6168941 2.2957022 9.0000000 0.6335572 0.5585433 0.6172604 0.7128014 0.0455289 0.0000000 0.0471320 0.8783409 0.8648151 2.3663211 2.3901672 7.9729013 9.0000000 2.6040259 2.6316352 2.6209397 2.6209397 2.6388200 2.6478327 4.0292539 3.9919042 1.7743826 
Horcal_Hcv1.av93.c13.g229.i1                           2.9891765 3.0266122 2.6203634 2.7523221 2.5163587 3.6549354 2.4340036 2.1475554 1.9519221 2.2002524 2.8872156 2.3014337 2.3031702 2.3469351 2.3589558 2.2174638 2.3752536 2.4224469 2.2960348 2.3017104 2.4180094 2.1894032 2.2702407 2.2094670 2.3771280 1.8723894 2.2244977 2.2925057 2.3546992 2.3385962 2.6144946 2.1237295 2.1356061 2.3446736 2.3371096 2.7024653 2.6258952 2.5150830 2.2480934 2.5365358 0.6882174 0.5617698 0.6165051 0.7743501 0.0658090 0.0471320 0.0000000 0.8267250 0.8609628 0.5452104 2.4137314 2.6874551 2.7834497 2.8466056 2.8493480 2.8403339 2.8277070 2.7854858 2.8543262 2.8193814 3.5401274 2.3733093 
Vmul_Simscaffold13085_01                               2.7268935 2.6641066 2.4861002 2.5213325 2.1514471 2.4684145 2.1538433 1.9899494 2.0542434 1.9778922 2.0622854 2.0907582 2.0397113 2.0517244 1.9898801 1.9041979 2.0459712 2.0425443 1.9817950 2.0390262 1.9927545 1.9703447 2.0929502 2.0101628 2.1045228 2.1263245 2.0388038 2.0425921 2.0932047 2.0505501 2.3495644 2.0865427 1.9049823 1.9306928 2.0651379 2.3955805 2.1716536 2.2432516 2.0689335 2.4975128 0.7406313 0.6169294 0.6841667 0.6514198 0.8717873 0.8783409 0.8267250 0.0000000 0.4345415 1.3890134 2.1456282 2.4855124 2.5152116 2.7092236 2.7236436 2.7049913 2.6932059 2.5085330 2.5727535 2.2984161 3.1907903 2.4196341 
Coemet_Cmet_scaffold17415_01                           2.6016146 2.6272829 2.4289979 2.3915132 2.1569732 2.8151579 2.3655949 1.9448944 1.9079095 1.7804477 2.2890231 2.0702732 1.9632935 2.0043084 2.0575162 1.9164875 2.0875919 2.1136360 2.1043570 2.1570801 2.1983561 2.1140961 2.1749084 2.0811780 2.2210551 2.0306977 1.9879195 2.1055694 2.1312782 2.0222194 2.1729116 2.0413334 1.8950892 2.1734456 2.1672398 2.2436564 2.2285919 2.2019402 2.1393457 2.1960132 0.7431218 0.6042161 0.6872091 0.6114355 0.8818308 0.8648151 0.8609628 0.4345415 0.0000000 1.3650617 2.1758572 1.8815855 2.1722254 2.5333403 2.5483429 2.5138749 2.5138749 2.5252837 2.5892714 2.4946339 3.2650572 2.2889208 
Pbac_sb2649485                                         3.4521645 3.4529044 3.0728223 2.9545043 3.5279644 3.7442584 3.1564163 2.9591400 2.8329556 2.2705234 3.9565623 3.1175640 2.9835091 2.8280155 3.0352538 3.0066671 3.1967049 3.1347784 2.8728249 3.1085889 3.1203942 2.8998338 3.0666414 2.8314885 3.2123623 2.8267585 3.0469340 2.8666457 3.0862200 3.3823684 2.7884319 2.7589042 2.9222941 2.7411796 2.9346407 3.2700883 3.2641824 3.0602037 2.9883971 3.2106729 1.3646938 2.2106621 2.3157329 1.4593649 2.3950782 2.3663211 0.5452104 1.3890134 1.3650617 0.0000000 3.0621592 2.6872279 3.3100550 3.6241258 3.5818895 3.6429068 3.6230542 3.4654437 3.5948691 2.4720732 3.8110181 3.0116699 
Cscu_XM_023361616.1                                    2.3773620 2.3746933 2.0866265 2.0317205 1.9142136 2.5767126 1.6388668 1.7102605 1.3672297 2.1198531 2.0214102 1.4346802 1.7344170 1.6812713 1.4819821 1.4060949 1.2942040 1.3385771 1.4556794 1.4349206 1.5746034 1.4463581 1.5147770 1.4591141 1.6103556 1.1270269 1.5549322 1.5035466 1.6047158 1.6614810 1.9140197 1.6812313 1.3755202 1.5079058 1.7500280 1.7276763 1.5992063 1.6607442 1.3720941 2.4499149 2.1688063 2.0394002 2.0760793 2.1330327 2.3978186 2.3901672 2.4137314 2.1456282 2.1758572 3.0621592 0.0000000 2.2315923 2.9251754 1.9359911 1.8979512 1.8953197 1.8953197 1.9524184 1.9801370 1.9290754 2.1564978 2.0360708 
Xestes_maker-XT_scaffold67019-augustus-gene-0.3-mRNA-1 2.5401408 2.4150446 0.0000010 1.9810563 1.7800294 1.5640048 2.0166193 1.3717252 0.0000010 1.2645997 9.0000000 1.0687273 0.7354395 0.8065279 1.6916141 1.8123049 2.1883460 1.8673160 1.1490199 1.6973300 1.7317995 1.6342068 1.8064875 1.7544462 1.8999157 0.0000010 1.6089826 2.1630474 2.0669404 1.5767558 1.9315902 1.7561502 0.0000010 1.8524678 2.0821399 1.9753466 2.0855563 1.9774652 1.8115214 2.0163812 2.3871318 1.1949356 1.1949356 2.4568233 7.9729013 7.9729013 2.6874551 2.4855124 1.8815855 2.6872279 2.2315923 0.0000000 1.2841620 2.6214453 2.5014847 2.4083655 2.4032742 2.2839834 2.5729072 1.3771742 1.6185048 6.0915274 
Stycar_maker-SC_scaffold1276-snap-gene-0.10-mRNA-1     3.0804730 3.1234785 0.0000010 2.3609443 1.6296288 1.3176437 1.2474038 0.9974601 0.0000010 0.7346243 3.6161889 0.8818250 1.3727094 1.1940679 1.7378717 1.8451943 2.1560314 1.9929820 0.0000010 1.5944906 1.4188348 1.4379481 1.8436982 1.5678414 1.4895111 0.0000010 1.4580535 1.8644848 1.5833594 1.2615840 1.8123445 1.9410117 0.0000010 0.6540580 1.7959253 1.8612337 1.6296033 1.5627399 2.0290965 1.8591454 3.1067692 0.0000010 0.0000010 2.8295353 9.0000000 9.0000000 2.7834497 2.5152116 2.1722254 3.3100550 2.9251754 1.2841620 0.0000000 2.8527133 2.6725530 2.8760086 2.8692179 2.9783948 2.9783948 2.0415874 1.4211207 5.6542042 
HoiH23_PlH23_005237-RA                                 2.7281963 2.5001796 2.4632887 2.4686402 2.0770558 2.4967777 1.9832935 1.8205220 1.5806295 2.4176139 1.9133892 1.8053089 1.9819513 1.9355744 1.6519562 1.7259626 1.7002370 1.6652550 1.6931268 1.7783475 1.7109782 1.7751558 1.8747113 1.7819776 1.8841175 1.5780745 1.7885236 1.7516932 1.8050035 1.9782073 2.2041255 2.0775834 1.6201178 1.7949993 1.9869703 2.1795714 1.7530454 1.7990484 1.6300977 2.9956626 2.6776100 2.3632735 2.5289542 2.5156623 2.6734139 2.6040259 2.8466056 2.7092236 2.5333403 3.6241258 1.9359911 2.6214453 2.8527133 0.0000000 0.0527141 0.1223167 0.1204156 0.3315876 0.3346078 2.0264222 2.4171395 2.8651914 
HoiH06_mRNA13501                                       2.6972145 2.4743516 2.4743364 2.4714776 2.0296920 2.4448099 1.9716993 1.8320252 1.5810451 2.3018556 1.9568689 1.7966180 1.9677870 1.9179665 1.6380075 1.7060661 1.6519000 1.6815128 1.7190410 1.7339040 1.6590488 1.7647772 1.7998730 1.7389738 1.8133198 1.5712963 1.7568783 1.7400101 1.7774788 1.9591042 2.1950005 2.0233990 1.6023859 1.8121805 1.9733480 2.1228176 1.7440182 1.8019581 1.6236758 2.8771232 2.6654179 2.3877441 2.6022699 2.5145751 2.6886819 2.6316352 2.8493480 2.7236436 2.5483429 3.5818895 1.8979512 2.5014847 2.6725530 0.0527141 0.0000000 0.1275314 0.1255940 0.3186558 0.3216678 2.0179272 2.3739651 2.8446631 
Hhon_g00067.t1                                         2.6203651 2.3978192 2.4291674 2.3736661 2.0068304 2.5839952 1.9679286 1.8428135 1.4910058 2.4275480 1.9550677 1.7911983 1.9616540 1.9095655 1.6555475 1.7122711 1.6578915 1.6637637 1.6123615 1.7606936 1.7065616 1.8000818 1.8632281 1.7605792 1.8300494 1.4656353 1.8021012 1.7377839 1.8126518 1.8939356 2.1589195 2.0573653 1.6063605 1.7224099 1.9133689 2.0685519 1.7307522 1.7441789 1.6404291 3.0656629 2.5524463 2.2734929 2.4362991 2.4641416 2.6845502 2.6209397 2.8403339 2.7049913 2.5138749 3.6429068 1.8953197 2.4083655 2.8760086 0.1223167 0.1275314 0.0000000 0.0015642 0.3111616 0.3208012 1.8656137 2.2951800 2.7670184 
HoiH04_mRNA1618                                        2.6187960 2.3963900 2.4291674 2.3736661 2.0068304 2.5839952 1.9679286 1.8501022 1.4910058 2.4668719 1.9550677 1.7902623 1.9605592 1.9084808 1.6553351 1.7120595 1.6576820 1.6628364 1.6123615 1.7597701 1.7054184 1.7991307 1.8622525 1.7596658 1.8290644 1.4656353 1.8011641 1.7332655 1.8112778 1.9011614 2.1587087 2.0573653 1.6063605 1.7224099 1.9123719 2.0603354 1.7305268 1.7439526 1.6404291 3.0599391 2.5414393 2.2734929 2.4362991 2.4532952 2.6845502 2.6209397 2.8277070 2.6932059 2.5138749 3.6230542 1.8953197 2.4032742 2.8692179 0.1204156 0.1255940 0.0015642 0.0000000 0.3088458 0.3183905 1.8656137 2.2794730 2.7670184 
TrH2_TrispH2_000627-RA                                 2.5447471 2.4221018 2.4644702 2.3354339 2.0880433 2.4553372 1.9723853 1.9763665 1.5760066 2.3737147 2.1187706 1.7908815 1.9804151 1.9266323 1.6779056 1.7357551 1.6643558 1.6563961 1.5563078 1.7672907 1.8108680 1.7854906 1.8382261 1.7756563 1.8144289 1.5837511 1.7910373 1.7144193 1.7791311 1.9307634 2.1760867 1.9733620 1.7327070 1.8263465 1.9773655 2.1745416 1.7959838 1.8309036 1.6316577 2.7853227 2.5896535 2.2748861 2.4324419 2.4105259 2.7104939 2.6388200 2.7854858 2.5085330 2.5252837 3.4654437 1.9524184 2.2839834 2.9783948 0.3315876 0.3186558 0.3111616 0.3088458 0.0000000 0.0016300 2.0083849 2.1610420 2.7682880 
Tadh_wf_g7031.t1                                       2.6756595 2.5262234 2.4784419 2.4575578 2.1028988 2.4553372 2.0318844 1.9846251 1.6085897 2.5114759 2.1187706 1.8273158 2.0666074 2.0050126 1.6980353 1.7804107 1.7022165 1.6918683 1.5932782 1.7980205 1.8434984 1.8175635 1.8726408 1.8131253 1.8706094 1.5837511 1.8106510 1.7513881 1.7817821 1.9800879 2.2450769 2.0346078 1.7380726 1.9102138 2.0527501 2.2576159 1.8087990 1.8503537 1.6655044 2.7853227 2.6855912 2.3154428 2.4691783 2.4775871 2.7199439 2.6478327 2.8543262 2.5727535 2.5892714 3.5948691 1.9801370 2.5729072 2.9783948 0.3346078 0.3216678 0.3208012 0.3183905 0.0016300 0.0000000 2.0971561 2.2737744 2.7487092 
