56
Lcom_lcpid74305                                       0.0000000 0.5333708 0.8220241 0.7929159 0.9491942 1.3518214 3.0011515 3.0864824 2.7982097 3.1496228 2.0479579 4.4528849 3.1846390 3.0810734 4.0551315 3.0840221 3.6869555 3.2948184 4.2887908 3.0659056 2.6559178 4.9163177 3.0847423 2.9589100 2.6765701 2.9133404 3.5120281 3.5533361 1.9745565 3.2156712 3.2410318 3.1399221 3.2713413 3.0015238 3.2155814 2.9845574 3.2255743 3.0688873 3.4350115 3.1624354 3.0052297 5.4519837 3.2704415 3.2305955 3.0880097 2.5751155 2.7048741 3.0494706 3.3614087 3.7826604 3.2846456 4.0571344 3.5193984 3.3804593 3.9920286 3.3645330 
Lcom_lcpid172316                                      0.5333708 0.0000000 0.0352498 0.5331620 0.5269695 1.0386877 1.8941822 1.9382525 1.9626454 2.2583190 1.7924976 3.7739980 2.1816108 2.3125004 3.3220843 2.2331811 3.0136593 2.5737082 1.9245473 2.2462077 2.1830105 0.0000010 1.9388093 1.9751011 2.0049110 2.1727722 2.2010794 2.2296752 2.3113742 2.1025708 2.1013728 2.0900356 2.2969536 2.2393888 2.1585142 2.5515303 1.9380966 2.0764206 2.4021943 2.1822097 2.2241569 1.9896893 2.2272930 2.2458752 2.1109502 2.1232979 1.9168019 1.6850558 2.4145997 2.3419860 2.1305961 1.5601333 2.5514675 2.5471668 1.4467204 2.9710650 
Scil_scict003677.1                                    0.8220241 0.0352498 0.0000000 0.6116623 0.8214113 1.2410666 3.1955582 3.3597842 3.2055666 3.3321747 2.1820899 5.0101595 3.2937847 3.2906584 3.8312410 3.2897510 3.9579426 3.2700962 3.8650995 3.1997904 2.8012311 4.4774457 2.9113328 2.9199392 2.9415402 3.0918972 3.4107790 3.5184304 2.2410915 3.0189176 3.1866671 2.9025816 3.3085314 2.8199102 3.1888488 3.1884167 3.0304609 3.4018961 3.7752396 2.7686831 3.1742564 6.4626625 3.3568540 3.1444938 3.2036144 2.8196882 3.0667527 2.8136180 3.6150692 4.1431462 3.4614612 4.7299863 3.6058759 3.5294437 3.6257165 3.6966562 
Leuniv_Lniv_scaffold16731_01                          0.7929159 0.5331620 0.6116623 0.0000000 0.6932327 1.2923366 3.0496001 3.0181338 2.9392937 2.8573629 1.6835872 4.4732995 2.8649792 2.8535078 3.5674114 2.7934595 3.6742248 2.8262441 3.7143451 2.7147739 2.5487502 4.8606251 2.9055176 2.6757017 2.6870542 2.9393444 2.9947953 3.0377194 2.2127210 2.6712462 2.8282669 2.8318320 2.7473575 2.4466146 2.7608203 2.7263063 2.7208417 2.9180160 3.0619426 2.5831466 3.0074769 3.8831614 3.2084439 3.0448133 2.8751392 2.5414003 2.6645847 2.6083533 3.2031248 3.7370050 2.9822437 3.6933075 3.1938233 3.1145989 2.5694801 3.2333741 
Gracom_Gcom_scaffold1406_01                           0.9491942 0.5269695 0.8214113 0.6932327 0.0000000 1.4271021 2.9920694 3.0050649 2.8656325 2.9513705 1.8314847 4.1956283 2.9351278 3.0312238 3.7166126 2.9184426 4.0462080 3.1339931 4.0082497 2.9275501 2.8039760 4.2987579 2.8671706 2.7891847 2.6092538 2.9813108 3.0320500 3.1179193 2.2352649 2.8120991 2.7944266 2.8257689 2.8409364 2.5787593 2.8205267 2.8740773 2.8327130 3.0514685 3.1547507 2.6844938 2.9350502 4.1035007 3.4397863 3.4148884 2.9912668 2.9752899 2.8580847 2.4534609 3.2095424 3.7123092 3.4749276 5.5687024 3.4705776 3.3098615 2.6091258 3.3766053 
Clacor_Ccor_scaffold4806_01                           1.3518214 1.0386877 1.2410666 1.2923366 1.4271021 0.0000000 2.3549874 2.5907722 2.3713368 2.6837924 1.6554727 4.9342125 2.7180683 2.7667186 3.7664657 2.7381909 3.7634300 2.9021119 3.6389121 2.4868164 2.3397166 0.0000010 2.6199366 2.2114120 2.4529759 2.3825387 2.5816048 2.5864148 1.9432691 2.3772078 2.6871328 2.6989021 2.6580039 2.4342298 2.6887050 2.8845806 2.4788189 2.4863211 3.0114778 2.5263881 2.5113479 3.2369705 2.8134184 3.0141845 2.9081120 2.2883244 1.9198095 1.7164341 3.2256423 3.9411773 3.2193495 4.3378904 2.5551630 2.5231482 1.7102817 2.9507826 
Cgig_XM_034461362.1                                   3.0011515 1.8941822 3.1955582 3.0496001 2.9920694 2.3549874 0.0000000 0.4880576 0.6902134 1.0022572 0.7363007 1.9762670 1.0133895 1.0652465 1.3064684 1.1087764 1.0791866 1.0620293 1.7942051 1.0623477 0.9933808 0.9513693 0.7080633 0.9067926 0.8027825 1.1377078 1.5368498 1.5671077 0.8768752 1.5514448 1.4312149 1.4324349 1.4574814 1.3483005 1.4957643 1.4413565 0.9175019 1.2530508 1.0462401 1.2431439 1.1767498 1.6350152 1.5184080 1.4666248 1.7069482 1.5873017 1.3456851 1.2496924 1.4918640 1.9178372 1.5742098 2.4754595 1.7640468 1.7176515 2.3081939 1.9243894 
Acagra_model.g1298.t1.1.5d3b82d9                      3.0864824 1.9382525 3.3597842 3.0181338 3.0050649 2.5907722 0.4880576 0.0000000 0.5933630 0.9126896 0.5259438 1.7603107 0.9136392 0.9683217 1.2851951 1.0991299 1.2010889 0.8686763 1.8673366 0.9700759 0.9148073 0.5781671 0.7870272 0.9268374 0.7213652 1.1246188 1.4370860 1.4684765 0.8444216 1.4432827 1.3512632 1.2934015 1.4295990 1.3682664 1.3211321 1.5278822 0.9579134 1.2454318 1.1202160 1.2071700 1.1382923 1.5597803 1.3977467 1.3023557 1.5462405 1.5383713 1.1840029 1.1226328 1.4631162 1.7711269 1.4482792 2.6662312 1.7467484 1.7211981 2.5349611 1.9519022 
Ctel_gnl_WGS_AMQN_CAPTEDRAFT_mRNA93305                2.7982097 1.9626454 3.2055666 2.9392937 2.8656325 2.3713368 0.6902134 0.5933630 0.0000000 1.1072189 0.7337735 1.9761860 1.0903485 1.1131793 1.4574688 1.1681760 1.1906948 1.0877335 1.5988159 1.0669214 1.1357410 0.9173619 0.7518701 1.1079474 0.8025858 1.2357423 1.4857598 1.5137808 0.8046312 1.4226223 1.3140926 1.2508516 1.4744438 1.2777832 1.3445443 1.4386770 0.9998834 1.3380968 1.1609282 1.3156353 1.2783125 1.8479936 1.5658867 1.4627737 1.5953704 1.6993093 1.3678243 1.3351588 1.5446487 1.8795396 1.5862409 2.6390816 1.8825621 1.9222877 2.6396004 2.1258850 
Fspp_ffun1.m4.3284.m1                                 3.1496228 2.2583190 3.3321747 2.8573629 2.9513705 2.6837924 1.0022572 0.9126896 1.1072189 0.0000000 0.0775178 0.7758661 0.2443090 0.1775948 0.2154861 0.2948321 0.1963416 0.2331554 0.4924643 0.5553203 0.6840302 0.3339239 0.8902734 0.9816290 1.1179465 1.0995546 1.4085941 1.5392547 0.8730416 1.3425419 1.3145956 1.2992549 1.3170176 1.2837918 1.2074289 1.2917981 1.1327991 1.2623083 1.2527423 1.0728960 1.1412168 1.2212866 1.3052557 1.2228106 1.4522633 1.4560079 0.9927471 0.9335058 1.2810092 1.5339274 1.3223142 3.6390081 1.7591368 1.8199790 2.2110940 1.9490808 
Gasp_gasp1.m3.15708.m1                                2.0479579 1.7924976 2.1820899 1.6835872 1.8314847 1.6554727 0.7363007 0.5259438 0.7337735 0.0775178 0.0000000 0.0659250 0.1009893 0.1226789 0.0000010 0.0904654 0.0000010 0.0562084 1.2736866 0.3468145 0.4893855 0.1526984 0.6213723 0.5731291 0.7414597 0.5771631 1.1337762 1.1365142 0.8403142 1.1119739 1.0616600 1.0561456 1.2213003 1.0445833 0.9174775 0.4689354 0.7125737 0.6815559 0.7529556 0.6435815 0.7836987 0.6051739 0.8396900 0.7607375 0.7727396 1.0909546 0.7561290 0.7604925 0.7604925 0.6145214 0.8621152 0.0000010 1.2096458 1.2725508 1.4461568 1.4971842 
Pocdam_XM_027183606.1                                 4.4528849 3.7739980 5.0101595 4.4732995 4.1956283 4.9342125 1.9762670 1.7603107 1.9761860 0.7758661 0.0659250 0.0000000 0.8626815 0.6198812 3.4132228 1.1423333 3.1041822 1.1132579 3.8229597 1.3641450 1.3843191 0.3175718 1.7358047 1.7771300 2.0713624 1.9917972 2.7576133 2.8924705 1.6867091 2.6367662 2.5909727 2.7668798 2.5900861 2.6648788 2.4225581 5.0102855 2.0947786 2.1755176 2.2394688 3.2350711 2.1944479 1.3089364 2.2131460 1.9476207 2.2879461 1.9614107 1.1590245 0.9718741 2.1673562 2.1164564 2.1824312 8.9999982 2.8100830 2.9133720 2.4724259 3.3469457 
Amil_Amillepora13048-RA                               3.1846390 2.1816108 3.2937847 2.8649792 2.9351278 2.7180683 1.0133895 0.9136392 1.0903485 0.2443090 0.1009893 0.8626815 0.0000000 0.2821333 0.3616519 0.0596745 0.2478096 0.2812561 0.5585501 0.5752323 0.7153144 0.3829187 0.9065732 0.9830232 1.0685493 1.1625637 1.4367588 1.5592095 0.9571249 1.3901759 1.3098245 1.2989812 1.3742493 1.2442217 1.2693876 1.3307403 1.0897713 1.2335015 1.2957955 1.1673284 1.1717154 1.3514540 1.3442739 1.2083046 1.4402515 1.5165365 1.0806390 0.9100541 1.3141606 1.5823956 1.4021977 3.2496567 1.7646967 1.7879600 2.2895021 1.9866702 
Spis_XP_022784939_1                                   3.0810734 2.3125004 3.2906584 2.8535078 3.0312238 2.7667186 1.0652465 0.9683217 1.1131793 0.1775948 0.1226789 0.6198812 0.2821333 0.0000000 0.1118279 0.3420506 0.2286449 0.2472449 0.4988340 0.6116436 0.6856959 0.4288884 0.8864178 0.9681254 1.1186461 1.1351768 1.4815927 1.6075457 0.9747524 1.3962305 1.3510808 1.3603738 1.3746811 1.3114425 1.2974206 1.3910541 1.1581838 1.2723249 1.2625287 1.0393825 1.1594055 1.2961906 1.3530589 1.2323571 1.5024169 1.5318440 1.0427541 1.0057053 1.2838910 1.6270812 1.3836297 3.6879723 1.7801886 1.8672842 2.4139114 2.0339466 
Pocdam_XM_027183557.1                                 4.0551315 3.3220843 3.8312410 3.5674114 3.7166126 3.7664657 1.3064684 1.2851951 1.4574688 0.2154861 0.0000010 3.4132228 0.3616519 0.1118279 0.0000000 0.3742204 0.3179971 0.4114369 0.5311881 0.8176494 0.9696245 0.0000010 1.2977171 1.2972593 1.3410807 1.3425579 1.8368864 1.8656229 1.2850424 1.5248776 1.4636177 1.4479234 1.3942830 1.4638492 1.6055250 1.5171325 1.4241508 1.6360797 1.7943800 1.2752537 1.2540510 0.3853596 2.0139877 1.8492314 2.4034223 2.2052272 0.0000010 1.4092332 2.1942616 4.1343715 2.1047714 3.4463447 2.2372793 2.3016499 1.8426493 2.2073603 
Adig_XM_015920079.1                                   3.0840221 2.2331811 3.2897510 2.7934595 2.9184426 2.7381909 1.1087764 1.0991299 1.1681760 0.2948321 0.0904654 1.1423333 0.0596745 0.3420506 0.3742204 0.0000000 0.2422862 0.3154841 0.5178599 0.6442710 0.8355372 1.2798420 1.0598140 1.0882058 1.1924236 1.3089399 1.5365218 1.6816782 0.9310217 1.4634609 1.3879978 1.2944366 1.4211872 1.2493879 1.3664220 1.3279341 1.2271824 1.3826614 1.4909523 1.1295789 1.3435076 2.5629887 1.4891566 1.3272922 1.5927977 1.3592002 1.1876821 1.1147627 1.4554459 1.8214946 1.5692897 3.2475372 1.8413263 1.8015756 2.0282501 1.8838069 
Gfas_gfas1.m1.7189.m1                                 3.6869555 3.0136593 3.9579426 3.6742248 4.0462080 3.7634300 1.0791866 1.2010889 1.1906948 0.1963416 0.0000010 3.1041822 0.2478096 0.2286449 0.3179971 0.2422862 0.0000000 0.3447456 0.4791738 0.7175472 0.8402132 0.0000010 1.2021108 1.0623934 1.3547206 1.3665469 1.8561228 1.8800776 1.0620007 1.5279604 1.5764876 1.5792555 1.4915952 1.6544081 1.5375378 1.5847753 1.0746809 1.5899272 1.6249773 1.2085636 1.1351286 0.3853596 1.9642432 1.7947114 2.0331859 2.1439251 0.7983018 4.3349276 1.8911435 3.0272823 1.6882045 3.2920458 1.9588886 2.0186251 2.3716840 1.9515263 
Gasp_gasp1.m3.15706.m1                                3.2948184 2.5737082 3.2700962 2.8262441 3.1339931 2.9021119 1.0620293 0.8686763 1.0877335 0.2331554 0.0562084 1.1132579 0.2812561 0.2472449 0.4114369 0.3154841 0.3447456 0.0000000 0.0784741 0.6137752 0.7601470 0.2211799 0.9788042 0.9144664 1.1218458 1.0171288 1.5560961 1.5662083 1.0354617 1.3622292 1.3575523 1.3396073 1.3714235 1.3481911 1.2779949 1.4846308 1.0845212 1.1743103 1.1951345 1.1183248 1.0603864 0.7647819 1.4749574 1.3317063 1.5163913 1.5515347 0.9338712 0.9309087 1.4209266 1.8154626 1.4177980 3.8928948 1.5452288 1.5981636 1.5299869 1.6805593 
Gasp_gasp1.m3.29943.m1                                4.2887908 1.9245473 3.8650995 3.7143451 4.0082497 3.6389121 1.7942051 1.8673366 1.5988159 0.4924643 1.2736866 3.8229597 0.5585501 0.4988340 0.5311881 0.5178599 0.4791738 0.0784741 0.0000000 1.2556864 1.5094664 1.6400906 1.8586568 1.9370908 1.5881108 2.0969129 2.3607942 2.3607942 0.7937067 1.8850264 1.9978756 1.9927609 1.9551378 1.9652430 2.0781335 2.1074808 1.9846013 2.1084838 1.9970204 1.4509503 1.4451204 1.4271084 2.6121670 2.4536527 3.0146973 2.7297056 2.6079923 1.7667251 2.8432678 6.9462509 2.7793251 3.8928948 2.4030542 2.3454801 2.6204675 2.3041671 
Nvec_v1g159004                                        3.0659056 2.2462077 3.1997904 2.7147739 2.9275501 2.4868164 1.0623477 0.9700759 1.0669214 0.5553203 0.3468145 1.3641450 0.5752323 0.6116436 0.8176494 0.6442710 0.7175472 0.6137752 1.2556864 0.0000000 0.4863174 0.6691838 0.9897860 1.0552945 1.2000920 1.0442730 1.3355130 1.4351475 0.9194804 1.3762867 1.2747768 1.2383453 1.3468560 1.2198470 1.2403618 1.4053206 1.1701725 1.2268819 1.4167369 1.2489843 1.1676179 1.4024614 1.4065236 1.2791035 1.5243332 1.5245531 1.2276896 0.9851749 1.3529446 1.6237123 1.4231602 3.5077592 1.9234686 1.9982631 2.6465485 2.1531130 
Exapal_XM_021043945.2                                 2.6559178 2.1830105 2.8012311 2.5487502 2.8039760 2.3397166 0.9933808 0.9148073 1.1357410 0.6840302 0.4893855 1.3843191 0.7153144 0.6856959 0.9696245 0.8355372 0.8402132 0.7601470 1.5094664 0.4863174 0.0000000 0.6579734 0.9537632 1.0797824 1.1410014 1.1163192 1.3205042 1.4325196 0.9587795 1.3212969 1.2905083 1.2609836 1.2713370 1.2089076 1.2580678 1.2272376 1.1807986 1.1981068 1.4255506 1.2661003 1.2077566 1.5089238 1.2884699 1.2470491 1.4534234 1.5795209 1.1458420 1.0203218 1.2649721 1.6371890 1.2978638 2.9937870 2.0013871 2.0203680 2.9630198 2.2294648 
Gfas_gfas1.m1.15069.m1                                4.9163177 0.0000010 4.4774457 4.8606251 4.2987579 0.0000010 0.9513693 0.5781671 0.9173619 0.3339239 0.1526984 0.3175718 0.3829187 0.4288884 0.0000010 1.2798420 0.0000010 0.2211799 1.6400906 0.6691838 0.6579734 0.0000000 0.4827988 1.0072248 0.9068442 0.8675761 1.7123465 1.7936443 0.0000010 1.8790960 1.6746874 1.5466502 1.9152564 0.9131361 1.3077089 0.0000010 1.0680671 1.0265029 0.9613497 0.0000010 1.0704914 1.0665931 1.2492072 1.2399752 1.4300792 2.5086394 1.5790153 1.2110802 1.2110802 1.1385192 1.3401618 0.0000010 1.9739008 2.0168881 3.2072596 3.0485838 
Cscu_XM_023385126.1                                   3.0847423 1.9388093 2.9113328 2.9055176 2.8671706 2.6199366 0.7080633 0.7870272 0.7518701 0.8902734 0.6213723 1.7358047 0.9065732 0.8864178 1.2977171 1.0598140 1.2021108 0.9788042 1.8586568 0.9897860 0.9537632 0.4827988 0.0000000 0.8319936 0.5439562 0.8579116 1.3510513 1.3766840 0.7652331 1.3776340 1.2787368 1.2677700 1.3677586 1.3007847 1.2161844 1.4419087 0.7649678 1.0927350 1.2088548 1.2786068 1.0701027 0.8923191 1.3673827 1.3162104 1.5054620 1.5375557 0.9666676 0.9613807 1.3278192 1.7127802 1.4010158 2.5971792 1.5260382 1.5338608 1.9507437 1.7020649 
Bralan_BLAG03000138_1                                 2.9589100 1.9751011 2.9199392 2.6757017 2.7891847 2.2114120 0.9067926 0.9268374 1.1079474 0.9816290 0.5731291 1.7771300 0.9830232 0.9681254 1.2972593 1.0882058 1.0623934 0.9144664 1.9370908 1.0552945 1.0797824 1.0072248 0.8319936 0.0000000 1.0095842 0.9876991 1.3714665 1.4550789 0.8821964 1.3723737 1.2913847 1.2421190 1.4533409 1.3670646 1.3730337 1.2989593 0.9335669 1.1366190 1.2254430 1.1708856 1.2521090 1.4281672 1.4387207 1.3837840 1.4035568 1.4459784 1.0955136 1.1022537 1.3194068 1.6364295 1.3935424 3.1349979 1.2362113 1.2193263 1.7744591 1.3626855 
Dpul_mRNA10644                                        2.6765701 2.0049110 2.9415402 2.6870542 2.6092538 2.4529759 0.8027825 0.7213652 0.8025858 1.1179465 0.7414597 2.0713624 1.0685493 1.1186461 1.3410807 1.1924236 1.3547206 1.1218458 1.5881108 1.2000920 1.1410014 0.9068442 0.5439562 1.0095842 0.0000000 1.1696357 1.4545948 1.5540146 1.0123657 1.4357494 1.3552579 1.2710894 1.4252690 1.2087178 1.3146685 1.3222306 0.9558559 1.0843797 1.3057626 1.2971324 1.2835640 1.5842514 1.4060829 1.3487313 1.3156345 1.5660333 1.1512359 1.1657545 1.3800392 1.6584747 1.4802530 2.6289934 1.9273582 1.9685513 2.7848451 2.1189252 
Skow_XM_002735832.2                                   2.9133404 2.1727722 3.0918972 2.9393444 2.9813108 2.3825387 1.1377078 1.1246188 1.2357423 1.0995546 0.5771631 1.9917972 1.1625637 1.1351768 1.3425579 1.3089399 1.3665469 1.0171288 2.0969129 1.0442730 1.1163192 0.8675761 0.8579116 0.9876991 1.1696357 0.0000000 1.3167581 1.4333596 0.9932709 1.3792739 1.3538094 1.3138260 1.4349520 1.3697634 1.3385170 1.4092370 1.1767811 1.0742128 1.5115067 1.4509951 1.3203437 1.5811249 1.6067436 1.5248514 1.6710258 1.7037326 1.3589746 1.1923704 1.5840668 1.7199558 1.6754118 4.1269282 1.7200811 1.6646474 2.3532368 1.7555169 
Horcal_Hcv1.av93.c9.g898.i1                           3.5120281 2.2010794 3.4107790 2.9947953 3.0320500 2.5816048 1.5368498 1.4370860 1.4857598 1.4085941 1.1337762 2.7576133 1.4367588 1.4815927 1.8368864 1.5365218 1.8561228 1.5560961 2.3607942 1.3355130 1.3205042 1.7123465 1.3510513 1.3714665 1.4545948 1.3167581 0.0000000 0.0077729 0.2376618 0.3647496 0.3624470 0.3677580 0.3690265 0.4269240 0.3294918 0.3924017 1.4727722 1.4056462 1.4303638 1.4743079 1.3949002 1.4695433 1.5286074 1.5313117 1.6158974 1.8493634 1.2835085 1.3787868 1.5582372 1.8191925 1.5654083 2.5106269 2.0542100 2.0953309 2.3689681 2.1625688 
Pbac_sb2645143                                        3.5533361 2.2296752 3.5184304 3.0377194 3.1179193 2.5864148 1.5671077 1.4684765 1.5137808 1.5392547 1.1365142 2.8924705 1.5592095 1.6075457 1.8656229 1.6816782 1.8800776 1.5662083 2.3607942 1.4351475 1.4325196 1.7936443 1.3766840 1.4550789 1.5540146 1.4333596 0.0077729 0.0000000 0.2579024 0.3642999 0.3620059 0.3672622 0.3681089 0.4302028 0.3316573 0.3994577 1.6403879 1.5513693 1.4694475 1.4900694 1.4687273 1.7040434 1.5491295 1.5266477 1.7317041 1.8826209 1.4637951 1.4650447 1.6113421 1.8374748 1.6069964 2.5106269 2.1441700 2.2244901 2.6895400 2.2731389 
Eupdun_Edun_sb10703487                                1.9745565 2.3113742 2.2410915 2.2127210 2.2352649 1.9432691 0.8768752 0.8444216 0.8046312 0.8730416 0.8403142 1.6867091 0.9571249 0.9747524 1.2850424 0.9310217 1.0620007 1.0354617 0.7937067 0.9194804 0.9587795 0.0000010 0.7652331 0.8821964 1.0123657 0.9932709 0.2376618 0.2579024 0.0000000 0.2375753 0.2937574 0.2916572 0.2806129 0.3339805 0.2896394 0.3507899 0.8746684 1.0235205 0.9417777 1.0064915 0.9378620 3.5119331 1.0646715 1.0066089 1.0117635 1.1424656 1.0494882 1.2365463 1.2206701 1.0436136 1.1141344 0.0000010 1.6000693 1.5854678 1.0097708 1.7458373 
Vmul_Simscaffold7972_01                               3.2156712 2.1025708 3.0189176 2.6712462 2.8120991 2.3772078 1.5514448 1.4432827 1.4226223 1.3425419 1.1119739 2.6367662 1.3901759 1.3962305 1.5248776 1.4634609 1.5279604 1.3622292 1.8850264 1.3762867 1.3212969 1.8790960 1.3776340 1.3723737 1.4357494 1.3792739 0.3647496 0.3642999 0.2375753 0.0000000 0.1358055 0.1313993 0.3346860 0.4411219 0.3218795 0.3445977 1.5121217 1.4773049 1.3626763 1.6231592 1.4578060 1.7669653 1.5740418 1.5517592 1.6696259 1.8526741 1.2950816 1.3869308 1.6472171 2.0209987 1.7092654 2.3685811 2.1671677 2.1053850 2.3535876 2.1470169 
Coemet_Cmet_scaffold16496_01                          3.2410318 2.1013728 3.1866671 2.8282669 2.7944266 2.6871328 1.4312149 1.3512632 1.3140926 1.3145956 1.0616600 2.5909727 1.3098245 1.3510808 1.4636177 1.3879978 1.5764876 1.3575523 1.9978756 1.2747768 1.2905083 1.6746874 1.2787368 1.2913847 1.3552579 1.3538094 0.3624470 0.3620059 0.2937574 0.1358055 0.0000000 0.0204256 0.3669016 0.4584594 0.3162966 0.3668646 1.3942448 1.3291795 1.3312289 1.6101429 1.4113389 1.5724215 1.5365833 1.5206869 1.6632912 1.7937512 1.3109075 1.3461190 1.5614752 1.9212800 1.6904828 2.2217298 2.1384665 2.0634825 2.3192178 2.0605403 
Coeast_Cast_sb784676                                  3.1399221 2.0900356 2.9025816 2.8318320 2.8257689 2.6989021 1.4324349 1.2934015 1.2508516 1.2992549 1.0561456 2.7668798 1.2989812 1.3603738 1.4479234 1.2944366 1.5792555 1.3396073 1.9927609 1.2383453 1.2609836 1.5466502 1.2677700 1.2421190 1.2710894 1.3138260 0.3677580 0.3672622 0.2916572 0.1313993 0.0204256 0.0000000 0.3710751 0.4463680 0.3188849 0.3621457 1.3650033 1.2517732 1.3327022 1.5915354 1.3396315 1.4917552 1.5338109 1.4850498 1.6474674 1.6725468 1.3036576 1.3105802 1.5554361 1.9691310 1.6960410 2.2241200 2.0189792 1.9919087 1.8626327 1.9196603 
Mlei_ML1430.g20.i1                                    3.2713413 2.2969536 3.3085314 2.7473575 2.8409364 2.6580039 1.4574814 1.4295990 1.4744438 1.3170176 1.2213003 2.5900861 1.3742493 1.3746811 1.3942830 1.4211872 1.4915952 1.3714235 1.9551378 1.3468560 1.2713370 1.9152564 1.3677586 1.4533409 1.4252690 1.4349520 0.3690265 0.3681089 0.2806129 0.3346860 0.3669016 0.3710751 0.0000000 0.2824286 0.4089516 0.3846647 1.5608840 1.4330006 1.4915786 1.5631104 1.4837295 1.8545104 1.6370471 1.6799496 1.6404804 1.9698423 1.2219415 1.4238957 1.6276701 1.9736848 1.6799532 2.6118681 2.3045035 2.2612537 2.5355402 2.3278504 
Drygla_Dgla_sb284013                                  3.0015238 2.2393888 2.8199102 2.4466146 2.5787593 2.4342298 1.3483005 1.3682664 1.2777832 1.2837918 1.0445833 2.6648788 1.2442217 1.3114425 1.4638492 1.2493879 1.6544081 1.3481911 1.9652430 1.2198470 1.2089076 0.9131361 1.3007847 1.3670646 1.2087178 1.3697634 0.4269240 0.4302028 0.3339805 0.4411219 0.4584594 0.4463680 0.2824286 0.0000000 0.4205396 0.4508634 1.4767335 1.3162539 1.2859091 1.5560219 1.3087406 1.0854808 1.5251729 1.5172309 1.5405093 1.6756942 1.0526790 1.0181351 1.5535621 1.9392877 1.6475087 2.7338859 2.0058302 1.9942116 1.7318645 2.0655693 
Lampan_Lpan_C414383_01                                3.2155814 2.1585142 3.1888488 2.7608203 2.8205267 2.6887050 1.4957643 1.3211321 1.3445443 1.2074289 0.9174775 2.4225581 1.2693876 1.2974206 1.6055250 1.3664220 1.5375378 1.2779949 2.0781335 1.2403618 1.2580678 1.3077089 1.2161844 1.3730337 1.3146685 1.3385170 0.3294918 0.3316573 0.2896394 0.3218795 0.3162966 0.3188849 0.4089516 0.4205396 0.0000000 0.3939636 1.4714728 1.3422466 1.3775765 1.5257478 1.3716531 1.5205460 1.6352543 1.6291005 1.7203084 1.8602399 1.2739840 1.3409596 1.6181072 1.9213598 1.6407895 2.5007175 2.0717391 2.0756709 2.3250462 2.1354724 
Beraby_Baby_sb328127                                  2.9845574 2.5515303 3.1884167 2.7263063 2.8740773 2.8845806 1.4413565 1.5278822 1.4386770 1.2917981 0.4689354 5.0102855 1.3307403 1.3910541 1.5171325 1.3279341 1.5847753 1.4846308 2.1074808 1.4053206 1.2272376 0.0000010 1.4419087 1.2989593 1.3222306 1.4092370 0.3924017 0.3994577 0.3507899 0.3445977 0.3668646 0.3621457 0.3846647 0.4508634 0.3939636 0.0000000 1.7145247 1.4645605 1.3610187 1.7024240 1.4063990 1.1437273 1.7182221 1.8245863 1.8259986 1.7156142 0.6184656 1.0387264 1.7727379 2.6173818 1.7679855 2.4282967 1.7152450 1.7453326 1.6730657 1.8153818 
Hsap_ENST00000308020                                  3.2255743 1.9380966 3.0304609 2.7208417 2.8327130 2.4788189 0.9175019 0.9579134 0.9998834 1.1327991 0.7125737 2.0947786 1.0897713 1.1581838 1.4241508 1.2271824 1.0746809 1.0845212 1.9846013 1.1701725 1.1807986 1.0680671 0.7649678 0.9335669 0.9558559 1.1767811 1.4727722 1.6403879 0.8746684 1.5121217 1.3942448 1.3650033 1.5608840 1.4767335 1.4714728 1.7145247 0.0000000 1.1942415 1.2619266 1.4514730 1.3266088 1.5343960 1.6244268 1.4501944 1.5216848 1.6035094 1.1107242 1.1739720 1.5804944 1.7106339 1.4414351 3.2811512 1.8962565 1.8816505 2.6329940 2.0354468 
Spur_XM_030989709.1                                   3.0688873 2.0764206 3.4018961 2.9180160 3.0514685 2.4863211 1.2530508 1.2454318 1.3380968 1.2623083 0.6815559 2.1755176 1.2335015 1.2723249 1.6360797 1.3826614 1.5899272 1.1743103 2.1084838 1.2268819 1.1981068 1.0265029 1.0927350 1.1366190 1.0843797 1.0742128 1.4056462 1.5513693 1.0235205 1.4773049 1.3291795 1.2517732 1.4330006 1.3162539 1.3422466 1.4645605 1.1942415 0.0000000 1.3306218 1.3734892 1.3609326 1.7673198 1.4000122 1.3091978 1.5162158 1.4405807 1.1505866 1.2206584 1.4248158 1.5830185 1.5022260 3.4293459 2.0640430 2.0380290 2.7701844 2.2438576 
Chem_TCONS_00011359                                   3.4350115 2.4021943 3.7752396 3.0619426 3.1547507 3.0114778 1.0462401 1.1202160 1.1609282 1.2527423 0.7529556 2.2394688 1.2957955 1.2625287 1.7943800 1.4909523 1.6249773 1.1951345 1.9970204 1.4167369 1.4255506 0.9613497 1.2088548 1.2254430 1.3057626 1.5115067 1.4303638 1.4694475 0.9417777 1.3626763 1.3312289 1.3327022 1.4915786 1.2859091 1.3775765 1.3610187 1.2619266 1.3306218 0.0000000 1.1808243 0.9146377 0.9491212 1.6279503 1.5821243 1.6094655 1.8481385 1.4388855 1.3688260 1.6139674 2.0198690 1.9500469 2.9822233 2.0029920 2.0421135 2.1074105 2.2715143 
Aaur_scaffold91.g27.t1                                3.1624354 2.1822097 2.7686831 2.5831466 2.6844938 2.5263881 1.2431439 1.2071700 1.3156353 1.0728960 0.6435815 3.2350711 1.1673284 1.0393825 1.2752537 1.1295789 1.2085636 1.1183248 1.4509503 1.2489843 1.2661003 0.0000010 1.2786068 1.1708856 1.2971324 1.4509951 1.4743079 1.4900694 1.0064915 1.6231592 1.6101429 1.5915354 1.5631104 1.5560219 1.5257478 1.7024240 1.4514730 1.3734892 1.1808243 0.0000000 0.4485511 1.3346363 1.6725715 1.5352009 1.5082998 1.5300612 0.8745416 1.0570730 1.6137404 2.8513688 1.9168713 2.9848328 1.7769350 1.7774966 1.6652842 1.9409853 
Rhoesc_Res_017008-T1                                  3.0052297 2.2241569 3.1742564 3.0074769 2.9350502 2.5113479 1.1767498 1.1382923 1.2783125 1.1412168 0.7836987 2.1944479 1.1717154 1.1594055 1.2540510 1.3435076 1.1351286 1.0603864 1.4451204 1.1676179 1.2077566 1.0704914 1.0701027 1.2521090 1.2835640 1.3203437 1.3949002 1.4687273 0.9378620 1.4578060 1.4113389 1.3396315 1.4837295 1.3087406 1.3716531 1.4063990 1.3266088 1.3609326 0.9146377 0.4485511 0.0000000 0.8630306 1.5085939 1.5484454 1.6198661 1.7027529 1.4798895 1.2891611 1.5387391 1.8091984 1.7424027 3.1137855 2.0420607 2.0841176 2.6248647 2.2329146 
Aaur_scaffold91.g28.t2                                5.4519837 1.9896893 6.4626625 3.8831614 4.1035007 3.2369705 1.6350152 1.5597803 1.8479936 1.2212866 0.6051739 1.3089364 1.3514540 1.2961906 0.3853596 2.5629887 0.3853596 0.7647819 1.4271084 1.4024614 1.5089238 1.0665931 0.8923191 1.4281672 1.5842514 1.5811249 1.4695433 1.7040434 3.5119331 1.7669653 1.5724215 1.4917552 1.8545104 1.0854808 1.5205460 1.1437273 1.5343960 1.7673198 0.9491212 1.3346363 0.8630306 0.0000000 1.7382781 1.8255437 1.7966157 3.1588011 2.3047189 1.5548845 1.5463788 1.6202852 1.6176810 2.1481993 2.2840866 2.5268029 2.7773543 2.6155901 
Aque_Aqu2.1.35103_001                                 3.2704415 2.2272930 3.3568540 3.2084439 3.4397863 2.8134184 1.5184080 1.3977467 1.5658867 1.3052557 0.8396900 2.2131460 1.3442739 1.3530589 2.0139877 1.4891566 1.9642432 1.4749574 2.6121670 1.4065236 1.2884699 1.2492072 1.3673827 1.4387207 1.4060829 1.6067436 1.5286074 1.5491295 1.0646715 1.5740418 1.5365833 1.5338109 1.6370471 1.5251729 1.6352543 1.7182221 1.6244268 1.4000122 1.6279503 1.6725715 1.5085939 1.7382781 0.0000000 0.3126221 0.5388949 0.4935266 0.6238916 0.7529328 0.8111204 1.0560354 0.8887609 1.0402977 2.0261027 1.9865036 2.6235576 2.3171050 
Halamb_c38523_g1_i1m.10891                            3.2305955 2.2458752 3.1444938 3.0448133 3.4148884 3.0141845 1.4666248 1.3023557 1.4627737 1.2228106 0.7607375 1.9476207 1.2083046 1.2323571 1.8492314 1.3272922 1.7947114 1.3317063 2.4536527 1.2791035 1.2470491 1.2399752 1.3162104 1.3837840 1.3487313 1.5248514 1.5313117 1.5266477 1.0066089 1.5517592 1.5206869 1.4850498 1.6799496 1.5172309 1.6291005 1.8245863 1.4501944 1.3091978 1.5821243 1.5352009 1.5484454 1.8255437 0.3126221 0.0000000 0.5388233 0.6534520 0.6296917 0.7667078 0.8155012 1.0209098 0.8681160 1.3190982 2.1122460 2.0312321 2.8395568 2.3403225 
Xestes_maker-XT_scaffold462-augustus-gene-0.33-mRNA-1 3.0880097 2.1109502 3.2036144 2.8751392 2.9912668 2.9081120 1.7069482 1.5462405 1.5953704 1.4522633 0.7727396 2.2879461 1.4402515 1.5024169 2.4034223 1.5927977 2.0331859 1.5163913 3.0146973 1.5243332 1.4534234 1.4300792 1.5054620 1.4035568 1.3156345 1.6710258 1.6158974 1.7317041 1.0117635 1.6696259 1.6632912 1.6474674 1.6404804 1.5405093 1.7203084 1.8259986 1.5216848 1.5162158 1.6094655 1.5082998 1.6198661 1.7966157 0.5388949 0.5388233 0.0000000 0.7710546 0.6747655 0.8729928 0.9168308 1.1353940 0.9321060 1.5257000 2.2828798 2.2386629 3.0871761 2.6198631 
Aque_Aqu2.1.35104_001                                 2.5751155 2.1232979 2.8196882 2.5414003 2.9752899 2.2883244 1.5873017 1.5383713 1.6993093 1.4560079 1.0909546 1.9614107 1.5165365 1.5318440 2.2052272 1.3592002 2.1439251 1.5515347 2.7297056 1.5245531 1.5795209 2.5086394 1.5375557 1.4459784 1.5660333 1.7037326 1.8493634 1.8826209 1.1424656 1.8526741 1.7937512 1.6725468 1.9698423 1.6756942 1.8602399 1.7156142 1.6035094 1.4405807 1.8481385 1.5300612 1.7027529 3.1588011 0.4935266 0.6534520 0.7710546 0.0000000 0.9456841 1.0899652 1.0843521 1.4011104 1.0562733 0.8656815 1.9330667 1.8404396 2.5874979 2.1434730 
Stycar_maker-SC_scaffold6685-augustus-gene-0.6-mRNA-1 2.7048741 1.9168019 3.0667527 2.6645847 2.8580847 1.9198095 1.3456851 1.1840029 1.3678243 0.9927471 0.7561290 1.1590245 1.0806390 1.0427541 0.0000010 1.1876821 0.7983018 0.9338712 2.6079923 1.2276896 1.1458420 1.5790153 0.9666676 1.0955136 1.1512359 1.3589746 1.2835085 1.4637951 1.0494882 1.2950816 1.3109075 1.3036576 1.2219415 1.0526790 1.2739840 0.6184656 1.1107242 1.1505866 1.4388855 0.8745416 1.4798895 2.3047189 0.6238916 0.6296917 0.6747655 0.9456841 0.0000000 0.8727846 0.7923131 0.5560458 0.6507506 0.0000010 2.1117384 2.0752699 3.2281052 2.3111117 
Plespi_Pspi_scaffold17376_01                          3.0494706 1.6850558 2.8136180 2.6083533 2.4534609 1.7164341 1.2496924 1.1226328 1.3351588 0.9335058 0.7604925 0.9718741 0.9100541 1.0057053 1.4092332 1.1147627 4.3349276 0.9309087 1.7667251 0.9851749 1.0203218 1.2110802 0.9613807 1.1022537 1.1657545 1.1923704 1.3787868 1.4650447 1.2365463 1.3869308 1.3461190 1.3105802 1.4238957 1.0181351 1.3409596 1.0387264 1.1739720 1.2206584 1.3688260 1.0570730 1.2891611 1.5548845 0.7529328 0.7667078 0.8729928 1.0899652 0.8727846 0.0000000 0.0311474 0.6730948 0.8395846 0.0000010 2.2958414 2.1746726 2.0054657 2.3023785 
Plespi_Pspi_scaffold17377_01                          3.3614087 2.4145997 3.6150692 3.2031248 3.2095424 3.2256423 1.4918640 1.4631162 1.5446487 1.2810092 0.7604925 2.1673562 1.3141606 1.2838910 2.1942616 1.4554459 1.8911435 1.4209266 2.8432678 1.3529446 1.2649721 1.2110802 1.3278192 1.3194068 1.3800392 1.5840668 1.5582372 1.6113421 1.2206701 1.6472171 1.5614752 1.5554361 1.6276701 1.5535621 1.6181072 1.7727379 1.5804944 1.4248158 1.6139674 1.6137404 1.5387391 1.5463788 0.8111204 0.8155012 0.9168308 1.0843521 0.7923131 0.0311474 0.0000000 1.1570947 1.0103062 1.3473910 2.3268575 2.3071634 2.1313474 2.4386692 
Tetwil_g7775.t3                                       3.7826604 2.3419860 4.1431462 3.7370050 3.7123092 3.9411773 1.9178372 1.7711269 1.8795396 1.5339274 0.6145214 2.1164564 1.5823956 1.6270812 4.1343715 1.8214946 3.0272823 1.8154626 6.9462509 1.6237123 1.6371890 1.1385192 1.7127802 1.6364295 1.6584747 1.7199558 1.8191925 1.8374748 1.0436136 2.0209987 1.9212800 1.9691310 1.9736848 1.9392877 1.9213598 2.6173818 1.7106339 1.5830185 2.0198690 2.8513688 1.8091984 1.6202852 1.0560354 1.0209098 1.1353940 1.4011104 0.5560458 0.6730948 1.1570947 0.0000000 1.0799341 4.8398555 2.5366417 2.4913826 2.5199044 2.8575459 
Spolac_c102759_g1_i1_m.30825c102759-g1                3.2846456 2.1305961 3.4614612 2.9822437 3.4749276 3.2193495 1.5742098 1.4482792 1.5862409 1.3223142 0.8621152 2.1824312 1.4021977 1.3836297 2.1047714 1.5692897 1.6882045 1.4177980 2.7793251 1.4231602 1.2978638 1.3401618 1.4010158 1.3935424 1.4802530 1.6754118 1.5654083 1.6069964 1.1141344 1.7092654 1.6904828 1.6960410 1.6799532 1.6475087 1.6407895 1.7679855 1.4414351 1.5022260 1.9500469 1.9168713 1.7424027 1.6176810 0.8887609 0.8681160 0.9321060 1.0562733 0.6507506 0.8395846 1.0103062 1.0799341 0.0000000 0.9007345 2.3298973 2.2034385 2.7380777 2.5932539 
Tetwil_g9287.t1                                       4.0571344 1.5601333 4.7299863 3.6933075 5.5687024 4.3378904 2.4754595 2.6662312 2.6390816 3.6390081 0.0000010 8.9999982 3.2496567 3.6879723 3.4463447 3.2475372 3.2920458 3.8928948 3.8928948 3.5077592 2.9937870 0.0000010 2.5971792 3.1349979 2.6289934 4.1269282 2.5106269 2.5106269 0.0000010 2.3685811 2.2217298 2.2241200 2.6118681 2.7338859 2.5007175 2.4282967 3.2811512 3.4293459 2.9822233 2.9848328 3.1137855 2.1481993 1.0402977 1.3190982 1.5257000 0.8656815 0.0000010 0.0000010 1.3473910 4.8398555 0.9007345 0.0000000 2.7530821 2.5545297 2.6609861 3.1004064 
Bralan_BLAG03000235_1                                 3.5193984 2.5514675 3.6058759 3.1938233 3.4705776 2.5551630 1.7640468 1.7467484 1.8825621 1.7591368 1.2096458 2.8100830 1.7646967 1.7801886 2.2372793 1.8413263 1.9588886 1.5452288 2.4030542 1.9234686 2.0013871 1.9739008 1.5260382 1.2362113 1.9273582 1.7200811 2.0542100 2.1441700 1.6000693 2.1671677 2.1384665 2.0189792 2.3045035 2.0058302 2.0717391 1.7152450 1.8962565 2.0640430 2.0029920 1.7769350 2.0420607 2.2840866 2.0261027 2.1122460 2.2828798 1.9330667 2.1117384 2.2958414 2.3268575 2.5366417 2.3298973 2.7530821 0.0000000 0.1071698 0.4377042 0.3462066 
Bralan_BLAG03000249_1                                 3.3804593 2.5471668 3.5294437 3.1145989 3.3098615 2.5231482 1.7176515 1.7211981 1.9222877 1.8199790 1.2725508 2.9133720 1.7879600 1.8672842 2.3016499 1.8015756 2.0186251 1.5981636 2.3454801 1.9982631 2.0203680 2.0168881 1.5338608 1.2193263 1.9685513 1.6646474 2.0953309 2.2244901 1.5854678 2.1053850 2.0634825 1.9919087 2.2612537 1.9942116 2.0756709 1.7453326 1.8816505 2.0380290 2.0421135 1.7774966 2.0841176 2.5268029 1.9865036 2.0312321 2.2386629 1.8404396 2.0752699 2.1746726 2.3071634 2.4913826 2.2034385 2.5545297 0.1071698 0.0000000 0.4255816 0.3333026 
Bralan_BLAG03000236_1                                 3.9920286 1.4467204 3.6257165 2.5694801 2.6091258 1.7102817 2.3081939 2.5349611 2.6396004 2.2110940 1.4461568 2.4724259 2.2895021 2.4139114 1.8426493 2.0282501 2.3716840 1.5299869 2.6204675 2.6465485 2.9630198 3.2072596 1.9507437 1.7744591 2.7848451 2.3532368 2.3689681 2.6895400 1.0097708 2.3535876 2.3192178 1.8626327 2.5355402 1.7318645 2.3250462 1.6730657 2.6329940 2.7701844 2.1074105 1.6652842 2.6248647 2.7773543 2.6235576 2.8395568 3.0871761 2.5874979 3.2281052 2.0054657 2.1313474 2.5199044 2.7380777 2.6609861 0.4377042 0.4255816 0.0000000 0.1796659 
Bralan_BLAG03000250_1                                 3.3645330 2.9710650 3.6966562 3.2333741 3.3766053 2.9507826 1.9243894 1.9519022 2.1258850 1.9490808 1.4971842 3.3469457 1.9866702 2.0339466 2.2073603 1.8838069 1.9515263 1.6805593 2.3041671 2.1531130 2.2294648 3.0485838 1.7020649 1.3626855 2.1189252 1.7555169 2.1625688 2.2731389 1.7458373 2.1470169 2.0605403 1.9196603 2.3278504 2.0655693 2.1354724 1.8153818 2.0354468 2.2438576 2.2715143 1.9409853 2.2329146 2.6155901 2.3171050 2.3403225 2.6198631 2.1434730 2.3111117 2.3023785 2.4386692 2.8575459 2.5932539 3.1004064 0.3462066 0.3333026 0.1796659 0.0000000 
