86
Mlei_ML2744.g3.i1                                       0.0000000 0.5756534 0.6403671 0.6590682 0.0000010 1.0316463 0.9824578 3.7230669 2.1075027 2.4114065 2.0716394 2.1400259 2.1309837 2.1362494 2.1362494 2.2907354 2.1184004 2.1032713 2.0251494 1.9390709 1.8230577 1.9368313 1.8912638 2.1364256 1.9030130 1.9836699 2.1578103 2.0139385 0.0000010 0.0000010 0.0000010 1.9747020 1.8369125 2.8083803 2.5743263 1.9785263 2.1536889 2.1473288 2.4101023 2.4227861 2.1716682 2.1748467 0.0000010 2.7914351 2.8606914 2.4220918 2.0912148 2.3171071 3.0913146 3.4722916 2.4288115 2.2753655 0.0000010 3.1590214 3.0593308 2.3785371 2.1374844 2.1731123 2.2062539 2.4430517 2.2873773 2.4418423 1.5067072 2.2864797 2.4165060 3.6057669 2.2859967 3.7014335 2.7128118 0.9646201 2.5603441 4.8530344 3.2332797 2.5815177 2.5645331 2.7047599 2.3428778 2.1418510 2.8157315 0.0000010 7.2149571 2.6739792 2.8799773 3.5583301 3.5483969 5.0816152 
Lampan_Lpan_C417943_01                                  0.5756534 0.0000000 0.8734825 0.8270405 0.0000010 0.9007254 0.8915517 2.1355383 2.0546606 2.5010176 2.1712579 2.1630272 2.1548537 2.1831202 2.1831202 2.3680645 2.0704996 2.1399710 2.1312788 2.0880976 1.8478688 2.1041424 2.0127049 2.0285923 2.0163339 2.0893938 2.2100783 2.1883529 0.0000010 1.1492692 0.0000010 2.0735306 2.0001123 2.7577608 2.5859039 1.7038432 2.0523472 2.1074846 3.8419790 2.4515926 2.1693703 2.1689284 0.0000010 2.7168120 3.2147494 2.3616302 2.0102687 2.2646915 3.1092733 3.2800454 2.3653639 2.0458232 0.0000010 3.1182774 2.9701252 2.3003958 2.2387177 2.3152435 2.3083900 2.5683464 2.2961865 2.2443284 1.4638147 2.3086144 2.3981524 3.6666237 2.3977043 3.4876926 2.2489859 0.9646201 2.5503611 3.9124095 2.3619246 2.3169204 2.6166202 2.6958644 2.5804478 2.3886867 3.9458205 0.0000010 3.9442041 3.3061960 2.6933556 3.5068409 3.3715397 5.7841047 
Pbac_sb2666083                                          0.6403671 0.8734825 0.0000000 0.0392496 0.0000010 1.1551675 1.1974433 3.8559184 2.2485255 2.7890363 2.1035039 2.3101928 2.3076087 2.3544700 2.3544700 2.5565883 2.2957915 2.2809025 2.3139759 2.2432129 2.1331232 2.2772273 2.1579827 2.4225940 2.1696756 2.2222648 2.2324001 2.3668550 0.0000010 0.0000010 0.0000010 2.1394760 2.0726447 2.8232242 2.7217959 2.1064229 2.3744697 2.2881292 3.2151276 2.4776156 2.1877819 2.2634657 0.0000010 2.7720761 3.0891377 2.4768922 2.3124854 2.3075716 3.2902490 3.5757803 2.5417849 2.3119092 0.0000010 3.4833844 3.2948744 2.3001239 1.9312552 2.4331155 2.3099881 2.5224622 2.4116322 2.3270142 1.7751327 2.4717721 2.7295216 3.1118689 2.2569918 4.9400455 2.1441787 0.8396178 2.7553499 3.3912516 2.7738386 2.7762789 2.6718402 2.9535938 2.3674332 2.3408634 3.5614197 0.0000010 3.2081733 2.8800444 2.8395208 3.6385859 3.6241003 5.4803908 
Horcal_Hcv1.av93.c1.g692.i1                             0.6590682 0.8270405 0.0392496 0.0000000 0.0358758 1.1691401 1.2063146 0.5495653 2.6372047 2.8442954 2.5523924 2.6270048 2.5998250 2.6128362 2.6561736 2.8511574 2.2478567 2.5891798 2.6694078 2.3334258 2.1114293 2.7376886 2.3015243 2.3810043 2.6575186 2.6662976 2.3542498 2.4146328 3.6684479 3.6776392 3.5367540 2.6699150 2.4945421 3.4041114 3.2331704 2.0822685 2.8061466 2.6771187 4.1602876 2.6359465 2.6060768 2.7133901 3.0377557 3.3608247 3.4685178 2.4668763 2.7003806 2.6775703 3.6753278 3.4577614 2.5041012 2.2640230 4.3370356 3.4023191 3.4061468 2.3396096 1.9312552 2.4711302 2.7423716 2.3313679 2.6760160 2.6578191 1.7560211 2.9786875 2.5295791 3.9378561 2.8839128 3.1692100 3.9816236 1.3991469 3.3917534 4.6432865 3.4696205 2.7798823 2.9355022 3.0473153 2.5395178 2.4733644 3.7816505 3.4524161 3.4138759 4.0570434 4.1959116 3.7950056 3.7753257 4.8504654 
Pbac_sb2643129                                          0.0000010 0.0000010 0.0000010 0.0358758 0.0000000 1.7909235 1.6441058 5.5746830 3.4436668 0.0000010 2.9510061 3.4862402 3.1547385 3.1837370 3.7194541 3.7194541 0.0000010 3.5702342 3.5446460 0.0000010 0.0000010 3.7635391 0.0000010 0.0000010 3.2995765 3.1790228 0.0000010 0.0000010 3.5355769 3.5258043 0.0000010 3.3524785 0.0000010 3.0342525 3.0342525 0.0000010 2.8344214 3.2194475 5.0635013 0.0000010 3.0174398 2.9382047 2.8844355 3.6051529 2.8439963 0.0000010 3.0954524 3.1006012 4.5607241 0.0000010 0.0000010 0.0000010 4.5094907 1.0912885 1.0912885 2.1649745 0.0000010 9.0000000 3.4626409 0.0000010 9.0000000 3.2122204 0.0000010 4.2798067 0.0000010 1.6552335 3.5840560 2.4149680 4.9456129 1.2118009 4.6142012 9.0000000 4.1894945 0.0000010 4.1679114 0.0000010 2.3383700 2.3383700 3.1397171 3.2818617 0.0000010 2.1586023 0.0000010 0.0000010 0.0000010 1.0268103 
Vmul_SimC406774                                         1.0316463 0.9007254 1.1551675 1.1691401 1.7909235 0.0000000 0.6393027 1.8073347 2.4778086 2.7252983 2.5538912 2.6328842 2.6011752 2.6137002 2.6471100 2.8037158 2.2824968 2.6234316 2.6107525 2.3058530 2.2244329 2.6322673 2.2819139 2.3055328 2.4872211 2.5394800 2.4534235 2.2397892 3.2290260 3.2684112 3.0294203 2.5836549 2.4380881 3.4188675 3.2157710 1.9222005 2.7220864 2.6680107 3.3484781 2.7769351 2.6716921 2.7419188 2.6504709 2.5659883 3.3083146 2.4778601 2.7085883 2.8333390 3.6632262 3.7581092 2.2981906 2.0807429 4.0616578 3.3300845 3.3433673 2.6352066 2.0391854 2.5527458 2.8098685 2.6841177 2.5839201 2.7372534 1.8051188 2.8553186 2.5050722 3.5285175 2.9774354 3.1356053 3.6398550 1.1694691 3.1222152 6.2117379 4.1173284 2.6149367 2.7758529 2.8293117 3.0638870 2.8278122 3.6805262 3.3445511 4.0779044 4.0670214 4.2962791 3.7261760 3.5495090 4.6556186 
Coemet_Cmet_C607566_01                                  0.9824578 0.8915517 1.1974433 1.2063146 1.6441058 0.6393027 0.0000000 1.7944839 2.6297199 3.0865861 2.6841080 2.8013751 2.8051463 2.7938317 2.8151674 2.9381865 2.3189360 2.7505541 2.7293381 2.2953455 2.0970667 2.6450763 2.2531265 2.3270673 2.6168494 2.6524425 2.3335961 2.3234554 3.2755801 3.5796605 3.5801063 2.7947040 2.6505512 3.2400948 3.0612373 1.8562673 2.7540446 2.7772377 3.2927470 2.8451207 2.7556525 2.8217059 2.9251011 2.9546206 3.2951145 2.2315789 2.7637707 2.8975139 3.3505092 3.9119457 2.0859475 1.7670394 4.3370849 2.9872784 3.0206098 2.1169741 2.4184752 2.5444926 2.8046458 2.5205688 2.8453881 2.7717454 1.6421938 2.9473875 2.6759053 3.5399366 3.0229342 2.9452068 3.6785473 0.9467740 3.2104231 6.2076915 3.2702203 2.4689132 2.7652007 2.9576462 2.7042059 2.4844022 4.0305689 3.3405691 4.9425149 4.3531407 5.3948409 3.6123698 3.4798581 4.6827883 
Pbac_sb2648266                                          3.7230669 2.1355383 3.8559184 0.5495653 5.5746830 1.8073347 1.7944839 0.0000000 3.0816843 3.1650826 3.2877571 3.2691112 3.2630540 3.2454927 3.2685078 3.3878411 3.1773863 3.1833566 3.3985957 2.8503200 3.1951010 3.3790173 3.1138644 3.3753565 3.3205773 3.2891741 3.8519337 2.9629191 4.5041424 4.2909178 3.5571393 3.4472788 3.1086117 4.1585599 4.2090403 2.8343283 3.7105037 3.1769601 3.7815221 3.3981604 3.3614827 3.6730135 8.9999986 4.7690848 4.8632214 4.1413453 3.6676036 3.4488370 4.2060480 6.6177264 2.5322315 3.3293936 4.3423317 3.9703533 4.3164113 2.3669301 1.4025495 3.3021616 3.7104477 3.6450428 3.2314324 3.2970933 3.2896938 3.5997545 2.8900612 4.4828365 3.3339388 3.1788123 4.6646911 2.3493907 4.1577812 6.3921465 3.3339663 3.2237246 3.8935225 3.9475558 4.9663765 5.2987283 4.1157314 4.0750265 3.4318204 4.3942270 5.7117785 6.0225113 6.0885818 4.3476892 
Acagra_model.g31033.t1                                  2.1075027 2.0546606 2.2485255 2.6372047 3.4436668 2.4778086 2.6297199 3.0816843 0.0000000 0.8098316 0.9304751 1.3738959 1.3582266 1.3405225 1.4046870 1.6043660 0.8419789 1.3815985 1.3951948 1.0045720 0.9107459 1.3229686 1.0163585 1.1595489 1.3054044 1.3941070 1.1492865 1.0692787 2.0887475 1.9792414 2.0933588 1.3774390 1.2532708 1.9157369 1.7901396 1.0240494 1.5182155 1.0617203 3.0754679 1.5292658 1.5257531 1.6283700 2.6799541 2.2105213 1.9848084 1.2006271 1.5514347 0.9922124 2.8447977 2.2668075 1.9213777 1.5604269 2.6531156 2.7995618 2.9446493 1.9084919 1.8449336 1.5906340 1.8426097 1.7496820 1.5947067 1.1045779 1.2946641 1.4719574 1.9370068 1.8853456 1.3724429 1.9594314 2.6639893 2.5016135 2.0513360 4.5204717 2.4326453 1.9447412 2.0222831 2.3574665 2.2391824 2.2618150 2.9934870 2.9489660 3.5490697 2.9926973 3.4173177 2.9336126 2.9397522 3.6197329 
Spur_XM_030986549.1                                     2.4114065 2.5010176 2.7890363 2.8442954 0.0000010 2.7252983 3.0865861 3.1650826 0.8098316 0.0000000 0.6544887 1.0950276 1.0832393 1.1058860 1.1058860 0.7253032 1.1135608 1.1135608 0.8038228 0.8931304 0.9328742 0.9990363 1.0372692 0.8863782 0.9310026 0.9291412 0.0000010 0.9689164 0.0000010 0.0000010 0.0000010 1.0961583 1.0122304 0.0000010 1.5600334 1.5273007 1.2446272 0.9532378 0.0000010 1.1871353 1.1031334 1.6383520 0.0000010 0.0000010 2.1755114 7.7319700 1.2906430 0.9718609 2.1989704 0.0000010 2.3115695 1.8817175 0.0000010 2.4394289 2.4185175 1.8755957 4.3919336 1.2607534 1.5570105 0.0000010 1.0177082 0.9497922 2.0146810 1.3871606 2.7931114 0.0000010 0.0000010 7.3686204 1.5036896 0.0000010 1.9904906 8.9999981 2.3269894 2.5039521 2.1758287 2.8720193 0.0000010 9.0000000 5.6864973 0.0000010 0.0000010 0.0000010 3.2870629 3.4635875 2.0006472 6.6126398 
Skow_XM_006819826.1                                     2.0716394 2.1712579 2.1035039 2.5523924 2.9510061 2.5538912 2.6841080 3.2877571 0.9304751 0.6544887 0.0000000 1.2968445 1.2825787 1.2655755 1.3086576 1.4997729 0.7825129 1.2900004 1.3172733 0.8748739 0.7612672 1.1991716 0.9014690 0.9360097 1.1977092 1.2484885 0.9816140 0.8848690 1.9346316 1.8872951 2.0092752 1.1901482 1.1479316 1.7084360 1.5637311 0.9491451 1.3578456 0.9249147 2.0002598 1.3335081 1.3818768 1.4601330 2.3821569 1.9668489 1.9241852 1.2208279 1.4307840 0.9803742 2.7561312 2.3469028 1.7447456 1.5961265 2.8750603 2.5526123 2.6636340 1.8660409 1.5594422 1.4798580 1.7544666 1.7074971 1.4140339 1.2406427 1.2704405 1.3631806 1.8441497 1.8702761 0.9141316 1.7982894 2.4385049 2.2852400 2.0781350 3.7089989 1.8763202 1.8081359 2.1670638 2.3677514 2.1937736 2.2224662 3.1212703 2.9741807 3.1394337 2.9294719 3.2222743 3.0406634 3.0126233 3.6217315 
HoiH23_PlH23_008143-RA                                  2.1400259 2.1630272 2.3101928 2.6270048 3.4862402 2.6328842 2.8013751 3.2691112 1.3738959 1.0950276 1.2968445 0.0000000 0.0336273 0.0673400 0.0673393 0.0803307 0.1027491 0.1375322 0.0965476 1.0638666 0.9092492 1.3392685 1.0607631 1.1802797 1.3274252 1.3688781 1.2745855 1.0559600 1.6971232 1.6666119 1.9518795 1.3815814 1.3355739 1.9135835 1.7982801 1.1291419 1.5696423 1.3225244 1.6960014 1.5138471 1.5539182 1.5344280 2.2278426 2.2910535 1.9677999 1.2073622 1.5619848 1.4677412 2.9844656 2.4710883 2.0417166 1.8305676 2.6564656 3.0278539 3.1996009 2.0779824 1.7867761 1.6557902 1.9302726 1.8869368 1.6155723 1.6882148 1.3483532 1.7113545 2.0292844 1.6748485 1.6668194 2.0765506 2.5317291 2.6236127 2.2529151 4.0532026 1.9787574 1.8346145 2.2804922 2.3301377 2.3633731 2.2262522 3.0405665 2.7281404 3.4887454 3.1264628 2.9467977 3.0499412 2.9845442 3.5405339 
HoiH06_mRNA6816                                         2.1309837 2.1548537 2.3076087 2.5998250 3.1547385 2.6011752 2.8051463 3.2630540 1.3582266 1.0832393 1.2825787 0.0336273 0.0000000 0.0706955 0.0780822 0.0906374 0.1205565 0.1468486 0.1045331 1.0643251 0.9138146 1.3082673 1.0601791 1.1863372 1.3195422 1.3504420 1.2794177 1.0627857 1.7706586 1.7973861 1.8823583 1.3773000 1.3328272 1.9109840 1.7945700 1.1213766 1.5543840 1.3074743 1.4104655 1.5027772 1.5546933 1.5392921 3.0545495 2.5356290 2.0468158 1.2161254 1.5518287 1.4366895 2.9131430 2.5325013 2.0433929 1.8335118 2.5639302 3.0210948 3.1550012 2.0665173 1.7548869 1.6722703 1.9078193 1.8861712 1.6030837 1.6758528 1.3415222 1.6766718 2.0246824 1.6819631 1.6406426 2.1153248 2.5274272 2.4123298 2.2031715 3.6300986 1.6573085 1.8354416 2.2686173 2.3766669 2.3794681 2.2404207 2.9396285 2.8290056 3.5259672 3.0912659 2.9093015 3.0603036 2.9944075 3.4066730 
HoiH04_mRNA1035                                         2.1362494 2.1831202 2.3544700 2.6128362 3.1837370 2.6137002 2.7938317 3.2454927 1.3405225 1.1058860 1.2655755 0.0673400 0.0706955 0.0000000 0.0031834 0.0019424 0.1134098 0.1388500 0.1003917 1.0781810 0.9259785 1.3266765 1.0845835 1.1930068 1.3253248 1.3407871 1.3276502 1.0748315 1.7984679 1.6389797 1.8672338 1.3710631 1.3361359 1.9019259 1.7873671 1.1408625 1.5511968 1.2741426 1.4274341 1.5006028 1.5299254 1.5306677 2.5507966 2.1863749 1.9383271 1.2087724 1.5065240 1.4113328 2.8822767 2.4450897 2.0627206 1.8455044 2.6715723 2.9791492 3.1087987 2.0902160 1.7867761 1.6652981 1.8952263 1.8982123 1.6005791 1.6316071 1.3558904 1.6623165 2.0423093 1.6610779 1.6227330 2.0755364 2.5162680 2.2843473 2.1735414 3.5859056 1.6013868 1.8151818 2.2677917 2.3727888 2.3126325 2.1607493 2.8146648 2.4869281 3.5359356 3.1591345 2.8587244 3.1768134 3.0872055 3.4498352 
Hhon_g08736.t1                                          2.1362494 2.1831202 2.3544700 2.6561736 3.7194541 2.6471100 2.8151674 3.2685078 1.4046870 1.1058860 1.3086576 0.0673393 0.0780822 0.0031834 0.0000000 0.0055913 0.1134098 0.1451838 0.1022775 1.0781810 0.9259785 1.3429504 1.0845835 1.1930068 1.3391200 1.3596434 1.3276502 1.0748315 1.7532807 1.6502683 1.8672338 1.3845400 1.3393375 1.9220813 1.8078976 1.1408625 1.5724222 1.3195351 1.6457387 1.4999083 1.5537821 1.5461096 2.1936546 2.1126789 1.9408187 1.2087724 1.5333555 1.4723908 2.9648603 2.4159963 2.0627206 1.8455044 2.7157698 3.0115155 3.1404360 2.0902160 1.7867761 1.6695083 1.9212264 1.8982123 1.6038846 1.6691281 1.3558904 1.7076027 2.0423093 1.6976658 1.6961465 2.1231846 2.6083169 2.6682317 2.2103522 3.8565538 1.8060359 1.8151818 2.2873213 2.3727888 2.3126325 2.1607493 2.9619650 2.5876457 3.5359356 3.1828596 2.8587244 3.1768134 3.0872055 3.4798862 
HoiH04_mRNA4981                                         2.2907354 2.3680645 2.5565883 2.8511574 3.7194541 2.8037158 2.9381865 3.3878411 1.6043660 0.7253032 1.4997729 0.0803307 0.0906374 0.0019424 0.0055913 0.0000000 0.1358774 0.1546607 0.1053261 1.2732587 1.1450853 1.5580875 1.2876677 1.3755558 1.5133487 1.5344089 1.3276502 1.2064604 1.7246064 1.6135968 1.8672338 1.5505108 1.6615580 1.9147770 1.9250082 1.2333477 1.7282152 1.4693377 1.7176576 1.5870300 1.6966066 1.6711859 2.1936546 2.0607104 1.8885072 1.4669458 1.6970856 1.6298901 3.1784601 2.3392572 0.9602401 0.9602401 2.6715723 3.2705868 3.5537189 2.6001531 0.0000010 1.9705381 2.1533243 1.8986049 1.7554139 1.8794259 1.2963579 1.8902201 1.9608203 1.6694322 1.6829397 2.1103724 2.6056377 2.6418851 2.2701277 4.1487787 1.8049966 3.8902791 2.5574661 2.3329500 2.3126325 2.1871678 3.0355091 2.5555724 3.5359356 3.1601908 2.9094451 3.0420876 3.0420876 3.1891241 
Tadh_TriadT26181                                        2.1184004 2.0704996 2.2957915 2.2478567 0.0000010 2.2824968 2.3189360 3.1773863 0.8419789 1.1135608 0.7825129 0.1027491 0.1205565 0.1134098 0.1134098 0.1358774 0.0000000 0.0114120 0.1043996 0.8448883 0.8715470 0.8825089 0.8479997 1.1489035 0.9004843 1.0075216 1.2022902 0.8965760 0.0000010 0.0000010 0.0000010 0.9010955 0.7163377 1.3396756 1.3725250 1.1422218 1.1445436 1.0070598 1.5934247 1.2224473 1.1529027 1.1084596 0.0000010 2.4724146 2.4756682 1.2478968 1.1405082 0.9459148 2.2363816 2.4093769 2.0743587 2.0136355 0.0000010 2.7629269 2.6974270 2.1420601 2.1261700 1.2248378 1.3471605 1.5190208 1.2943205 1.1271538 1.2919376 1.2489269 2.7530978 0.0000010 1.1926278 1.5773295 1.5904380 0.9263469 1.9860673 2.7876381 2.0864335 1.8727230 1.8711056 2.2991877 1.7454719 1.6339339 2.9209662 0.0000010 0.0000010 0.0000010 2.1599132 3.2647415 3.0630643 3.8412284 
TrH2_TrispH2_004622-RA                                  2.1032713 2.1399710 2.2809025 2.5891798 3.5702342 2.6234316 2.7505541 3.1833566 1.3815985 1.1135608 1.2900004 0.1375322 0.1468486 0.1388500 0.1451838 0.1546607 0.0114120 0.0000000 0.1263324 1.0432565 0.9389815 1.3488685 1.0594703 1.2099932 1.3258164 1.3526360 1.3024623 1.0528711 1.7496145 1.6948910 1.9208391 1.3770940 1.3457235 1.8913559 1.7850458 1.1422218 1.5378522 1.3287188 1.9540426 1.4580351 1.5134222 1.5177836 2.2417490 2.1762058 1.9176297 1.2322576 1.5617821 1.4487131 2.9202156 2.4859590 2.0743587 2.0136355 2.5777649 3.0580687 3.2288986 2.2778228 2.1261700 1.6731298 1.9489098 1.8462873 1.6165128 1.6892072 1.3140862 1.7015004 1.9631950 1.6847193 1.6825444 2.1106814 2.5910994 2.5798491 2.2257800 3.9765854 1.8526628 1.9042347 2.3271933 2.4233531 2.2945439 2.1595077 3.0484394 2.4947559 3.4227012 3.2320255 2.9321351 3.0368466 2.9494242 3.4067995 
HoiH11_mRNA1067                                         2.0251494 2.1312788 2.3139759 2.6694078 3.5446460 2.6107525 2.7293381 3.3985957 1.3951948 0.8038228 1.3172733 0.0965476 0.1045331 0.1003917 0.1022775 0.1053261 0.1043996 0.1263324 0.0000000 1.0984074 0.9750111 1.3980937 1.0926942 1.3007109 1.3657209 1.3972479 1.2984070 1.0740337 1.6788661 1.6238796 1.8808452 1.4053961 1.4112025 1.8691583 1.7736808 0.9052532 1.5430075 1.3751942 1.6733906 1.4148304 1.5713850 1.6097473 2.2560322 2.2955324 1.9594351 1.1870414 1.5651536 1.4803862 2.9195690 2.4168351 2.0143697 1.2896266 2.5973720 3.3022824 3.4922718 2.0833177 0.0000010 1.6915392 1.9571767 1.8450164 1.5519936 1.6994566 1.3008842 1.7030949 1.8650336 1.6875554 1.7000147 2.1255259 2.5011497 2.4151123 2.2398556 3.8179314 1.9969688 2.1338819 2.3443438 2.3200115 2.2473870 2.1176624 2.9795881 2.6253413 3.2777345 3.1427618 2.8257354 3.0512573 2.9419101 3.1593082 
Gfas_gfas1.m1.4235.m1                                   1.9390709 2.0880976 2.2432129 2.3334258 0.0000010 2.3058530 2.2953455 2.8503200 1.0045720 0.8931304 0.8748739 1.0638666 1.0643251 1.0781810 1.0781810 1.2732587 0.8448883 1.0432565 1.0984074 0.0000000 0.1333204 0.2106524 0.1348324 0.2810215 0.1761022 0.2246423 0.1436962 0.1907512 0.0000010 0.0000010 0.0000010 0.5414925 0.4691966 1.3439562 1.2508292 0.8093483 0.9960067 0.9333978 1.0445194 1.0620145 0.9908275 1.0318873 0.0000010 1.3865195 1.7039190 0.9355554 1.0245740 1.0751625 2.5091938 2.7126560 1.9894082 1.9412722 0.0000010 2.5042371 2.4326184 1.8908055 2.0588790 1.3544227 1.4276237 1.6830611 1.1633411 1.2968392 1.2236385 1.2893376 1.5148497 2.4314592 1.2169212 1.6165386 1.7735170 0.9646201 1.9855153 3.3006191 1.8112294 1.7164123 1.9455702 2.2426615 2.1611236 2.1335272 2.5479554 0.0000010 2.9616944 2.7443299 2.2685694 3.1696849 3.1627807 3.6382291 
Adig_XM_015924135.1                                     1.8230577 1.8478688 2.1331232 2.1114293 0.0000010 2.2244329 2.0970667 3.1951010 0.9107459 0.9328742 0.7612672 0.9092492 0.9138146 0.9259785 0.9259785 1.1450853 0.8715470 0.9389815 0.9750111 0.1333204 0.0000000 0.0127535 0.1526407 0.3623152 0.1945031 0.2427360 0.2336063 0.2424438 0.0000010 0.0000010 0.0000010 0.4947838 0.3660331 1.2956353 1.2345663 0.8666553 0.9244080 0.8485559 1.3827443 0.9926758 0.8987951 0.9250527 0.0000010 1.4182093 1.7659900 0.9962237 0.9085457 0.9498804 2.2994567 2.7059649 2.0039664 1.9026100 0.0000010 2.5856021 2.4850811 1.8727480 1.9089529 1.1919619 1.2250267 1.4280434 1.1239783 1.0959698 1.2037618 1.1534145 1.6420863 0.0000010 1.0193716 1.5056666 1.7123656 0.9646201 1.9032507 3.3532107 1.4757377 1.7566243 1.8038409 2.1570127 2.0725443 2.0532704 2.5619609 0.0000010 0.0000010 2.7878393 1.8543672 3.2289500 3.1511506 3.5424548 
Amil_Amillepora32201-RA                                 1.9368313 2.1041424 2.2772273 2.7376886 3.7635391 2.6322673 2.6450763 3.3790173 1.3229686 0.9990363 1.1991716 1.3392685 1.3082673 1.3266765 1.3429504 1.5580875 0.8825089 1.3488685 1.3980937 0.2106524 0.0127535 0.0000000 0.2091187 0.3993903 0.2947162 0.3485278 0.2922232 0.2870058 0.0579340 0.3702948 0.2038876 0.7562229 0.5974036 1.5149722 1.4652608 0.8980455 1.2364214 1.2144883 1.7349675 1.3223818 1.2800256 1.2728772 2.6735084 1.7244246 1.7649493 0.9665213 1.3395703 1.3451728 2.6185723 2.7845526 2.0810873 1.9205909 2.3824030 2.6852780 2.8334543 2.0589935 1.9089529 1.4885791 1.7111481 1.6670512 1.3949402 1.6873289 1.2386323 1.5592190 1.5690541 1.8281437 1.7636850 2.0457051 2.1933287 2.9192146 2.2486424 4.2825703 2.9937007 1.7761641 2.0907665 2.2450334 1.9304865 1.9944381 3.1658852 3.1299029 2.9912624 3.0881938 2.5273946 3.3167984 3.2599546 2.6983585 
Fspp_ffun1.m4.24478.m1                                  1.8912638 2.0127049 2.1579827 2.3015243 0.0000010 2.2819139 2.2531265 3.1138644 1.0163585 1.0372692 0.9014690 1.0607631 1.0601791 1.0845835 1.0845835 1.2876677 0.8479997 1.0594703 1.0926942 0.1348324 0.1526407 0.2091187 0.0000000 0.2368114 0.1271496 0.1862735 0.1448524 0.1194833 0.0000010 0.0000010 0.0000010 0.5128655 0.4733918 1.3795921 1.2466537 0.7314866 0.9938886 0.9338068 1.0856006 1.0694263 0.9822313 1.0173513 0.0000010 1.1993232 1.6588679 0.9458006 1.0160079 1.0648658 2.5534249 2.5386923 1.9067020 1.9750841 0.0000010 2.5024720 2.4311351 1.8375104 2.0562897 1.3265238 1.4214847 1.6731549 1.1393321 1.3209255 1.2007614 1.2942215 1.5196329 2.0267050 1.2248298 1.6165386 1.7260990 0.9646201 1.9464202 3.2528682 1.8112294 1.7261313 1.8434366 2.2019767 2.2492869 2.2130844 2.6308736 0.0000010 3.2351287 2.6345362 2.4241951 3.2328510 3.1985651 3.8174849 
Spis_XP_022793264_1                                     2.1364256 2.0285923 2.4225940 2.3810043 0.0000010 2.3055328 2.3270673 3.3753565 1.1595489 0.8863782 0.9360097 1.1802797 1.1863372 1.1930068 1.1930068 1.3755558 1.1489035 1.2099932 1.3007109 0.2810215 0.3623152 0.3993903 0.2368114 0.0000000 0.1786626 0.1146871 0.1422710 0.3113533 0.0000010 0.0000010 0.0000010 0.6610177 0.5486073 1.5347137 1.3819299 0.9814879 1.1166093 1.1535592 3.4926289 1.2339938 1.1260508 1.1466724 0.0000010 1.5273238 1.6409836 1.2109310 1.0681283 1.1708393 2.6693569 3.5955890 1.7640578 1.7143725 0.0000010 2.4559948 2.3690916 1.6765384 1.9398842 1.4548400 1.5786653 1.9180655 1.3999384 1.4395583 1.4142545 1.3781506 1.9473498 0.0000010 1.2775691 2.8170653 1.9066649 1.1691861 2.1166277 6.8375227 2.1114767 1.6363711 2.0700913 2.6337530 2.3954239 2.4067980 2.7434009 0.0000010 0.0000010 2.6424244 2.2804813 4.1124486 3.9093341 3.7603492 
Pocdam_XM_027195654.1                                   1.9030130 2.0163339 2.1696756 2.6575186 3.2995765 2.4872211 2.6168494 3.3205773 1.3054044 0.9310026 1.1977092 1.3274252 1.3195422 1.3253248 1.3391200 1.5133487 0.9004843 1.3258164 1.3657209 0.1761022 0.1945031 0.2947162 0.1271496 0.1786626 0.0000000 0.1012682 0.0833613 0.1887482 0.3638431 0.2308062 0.2260141 0.6606294 0.5489268 1.4167351 1.3157491 0.7785416 1.1597857 1.2183889 1.6526546 1.1520958 1.1551453 1.1581570 1.4403229 1.5162628 1.4637322 0.9115935 1.2051145 1.3567966 2.7325395 2.7296566 1.7501641 1.7046938 2.5793749 2.5192343 2.6317910 1.8201638 2.0311310 1.4898304 1.7259559 1.7494573 1.2389883 1.6433465 1.2226323 1.5689215 1.4243111 1.6753645 1.7158053 1.9965162 2.2071295 2.5787700 2.2737115 4.4007470 1.3539046 1.6484998 2.0404779 2.2844598 2.0716561 2.1056353 3.2533813 3.0970928 3.3485549 3.1658875 3.0589820 3.1125282 3.0713253 2.5875325 
Spis_XP_022783437_1                                     1.9836699 2.0893938 2.2222648 2.6662976 3.1790228 2.5394800 2.6524425 3.2891741 1.3941070 0.9291412 1.2484885 1.3688781 1.3504420 1.3407871 1.3596434 1.5344089 1.0075216 1.3526360 1.3972479 0.2246423 0.2427360 0.3485278 0.1862735 0.1146871 0.1012682 0.0000000 0.1258335 0.2576993 0.3812739 0.2143264 0.1983514 0.7101992 0.5773896 1.4623929 1.3795018 0.8259919 1.1798122 1.2806733 1.6953367 1.2187032 1.1769359 1.1782928 1.4892482 1.5332930 1.4632462 0.9615081 1.2371298 1.4477680 2.7579323 2.7578012 1.7597624 1.7143725 2.6622038 2.7097895 2.8330713 1.8279755 2.0516771 1.5801569 1.7500046 1.8171994 1.2814186 1.7180808 1.2555046 1.6190552 1.4886132 1.6278052 1.6956283 1.9888718 2.2142110 2.5973866 2.3827649 4.4910446 1.2608528 1.6663954 2.1344709 2.3757326 2.1128151 2.1438686 3.2228086 3.1508414 3.2971546 3.0552821 2.8718389 3.3713315 3.3148798 2.5662978 
Spis_XP_022793231_1                                     2.1578103 2.2100783 2.2324001 2.3542498 0.0000010 2.4534235 2.3335961 3.8519337 1.1492865 0.0000010 0.9816140 1.2745855 1.2794177 1.3276502 1.3276502 1.3276502 1.2022902 1.3024623 1.2984070 0.1436962 0.2336063 0.2922232 0.1448524 0.1422710 0.0833613 0.1258335 0.0000000 0.1956131 0.0000010 0.0000010 0.0000010 0.5922331 0.6367073 1.1530113 1.1359919 0.0000010 0.8801102 1.1353725 0.0000010 0.9373411 0.9864564 0.9761717 0.0000010 1.3418001 1.2824937 1.2992570 1.0186668 1.2068323 2.9527097 5.0853278 0.0000010 0.0000010 0.0000010 1.9658968 1.9658968 2.9785592 0.0000010 1.7889511 1.6064928 1.6196716 1.1267076 1.4784398 0.0000010 1.4581436 1.3825165 0.0000010 1.0279124 0.0000010 1.8385790 0.9646201 2.2252309 2.4517956 1.4808479 6.8101753 2.2332829 2.3729517 2.1506362 2.1113072 1.9260900 0.0000010 3.9906496 2.7577737 1.9692199 3.2096634 3.2096634 3.6788323 
Gasp_gasp1.m3.22690.m1                                  2.0139385 2.1883529 2.3668550 2.4146328 0.0000010 2.2397892 2.3234554 2.9629191 1.0692787 0.9689164 0.8848690 1.0559600 1.0627857 1.0748315 1.0748315 1.2064604 0.8965760 1.0528711 1.0740337 0.1907512 0.2424438 0.2870058 0.1194833 0.3113533 0.1887482 0.2576993 0.1956131 0.0000000 0.5774201 0.2382850 0.0000010 0.5725577 0.4983920 1.1646634 1.1646515 0.9337011 0.9814003 0.9622173 5.1354710 1.1522029 1.0305255 1.0135333 0.0000010 1.2508044 1.6236752 1.0991096 1.1304921 1.0937762 2.4508150 2.6761551 1.8610525 1.8710129 1.0947987 2.6724988 2.5543281 1.7895925 2.0809741 1.3394358 1.4639304 1.7862300 1.2262245 1.3180781 1.2656262 1.2492876 1.5940825 2.1555357 1.2930755 1.7485901 1.4715613 0.9646201 1.8669003 4.7683730 2.1507823 1.6312902 1.9610678 2.3561023 2.4648109 2.2763329 3.5947043 2.4049770 3.0095655 2.7628518 2.3939393 3.5067716 3.4548402 4.2666354 
Adig_XM_015924129.1                                     0.0000010 0.0000010 0.0000010 3.6684479 3.5355769 3.2290260 3.2755801 4.5041424 2.0887475 0.0000010 1.9346316 1.6971232 1.7706586 1.7984679 1.7532807 1.7246064 0.0000010 1.7496145 1.6788661 0.0000010 0.0000010 0.0579340 0.0000010 0.0000010 0.3638431 0.3812739 0.0000010 0.5774201 0.0000000 0.3283305 0.1656926 1.1351502 0.6594198 1.3346076 1.3462656 0.0000010 1.3275150 1.8727866 1.8730313 0.0000010 1.5434028 1.4909239 1.6369152 1.6383483 1.4509985 0.0000010 1.8064750 2.1726286 3.0205798 1.2168806 0.0000010 0.0000010 2.3656952 3.6698559 4.6385444 4.7116970 0.0000010 4.0139838 2.7101649 0.0000010 9.0000000 2.4230590 0.0000010 1.8709399 0.0000010 1.8009740 2.2055187 2.2798970 2.9165873 2.9417256 2.6347261 9.0000000 4.0092408 0.0000010 2.9640728 0.0000010 1.7080178 1.7080178 3.1234494 3.0602382 0.0000010 0.3669704 2.4165313 3.6554409 3.6554409 5.7839235 
Fspp_ffun1.m4.32869.m1                                  0.0000010 1.1492692 0.0000010 3.6776392 3.5258043 3.2684112 3.5796605 4.2909178 1.9792414 0.0000010 1.8872951 1.6666119 1.7973861 1.6389797 1.6502683 1.6135968 0.0000010 1.6948910 1.6238796 0.0000010 0.0000010 0.3702948 0.0000010 0.0000010 0.2308062 0.2143264 0.0000010 0.2382850 0.3283305 0.0000000 0.0592098 1.1683247 0.6138752 1.1631188 1.1732916 0.0000010 1.1487517 1.8060175 1.8974000 0.0000010 1.3755452 1.3738189 1.4101890 1.6019085 1.3109837 0.0000010 1.5953367 2.0770103 3.0547055 1.2168806 0.0000010 0.0000010 2.6444349 3.4271718 4.2176802 4.6632495 0.0000010 3.1916721 2.5471110 0.0000010 0.6722405 2.1669213 0.0000010 1.8729760 0.0000010 1.6996160 2.0191077 2.2323498 2.7394713 2.5066426 2.5206608 3.5551926 4.4767437 0.0000010 2.8927253 0.0000010 2.1416625 2.1416625 3.1564950 3.0590847 0.7113809 0.6536065 2.6599781 2.5961335 2.5961335 4.2165156 
Gfas_gfas1.m1.12320.m1                                  0.0000010 0.0000010 0.0000010 3.5367540 0.0000010 3.0294203 3.5801063 3.5571393 2.0933588 0.0000010 2.0092752 1.9518795 1.8823583 1.8672338 1.8672338 1.8672338 0.0000010 1.9208391 1.8808452 0.0000010 0.0000010 0.2038876 0.0000010 0.0000010 0.2260141 0.1983514 0.0000010 0.0000010 0.1656926 0.0592098 0.0000000 0.6190541 0.7072671 1.4790358 1.4883356 0.0000010 1.4947366 1.8318423 0.0000010 2.1847732 1.6250454 1.3218954 0.0000010 0.0000010 1.5936021 0.0000010 1.6793576 2.1016769 2.8391497 0.0000010 0.0000010 0.0000010 2.4644853 3.2932768 3.7857185 5.0330132 0.0000010 2.6322702 2.1348067 0.0000010 1.8340448 2.4439549 0.0000010 2.2765931 0.0000010 1.5210087 2.3205905 1.7337384 1.7517828 0.0000010 2.9310656 6.3239877 0.8834724 0.0000010 3.8478875 0.0000010 0.0000010 0.0000010 3.8149737 0.0000010 6.5738107 3.5304205 3.2936511 0.0000010 0.0000010 0.8205795 
Exapal_XM_021044802.1                                   1.9747020 2.0735306 2.1394760 2.6699150 3.3524785 2.5836549 2.7947040 3.4472788 1.3774390 1.0961583 1.1901482 1.3815814 1.3773000 1.3710631 1.3845400 1.5505108 0.9010955 1.3770940 1.4053961 0.5414925 0.4947838 0.7562229 0.5128655 0.6610177 0.6606294 0.7101992 0.5922331 0.5725577 1.1351502 1.1683247 0.6190541 0.0000000 0.4672960 1.4305656 1.3479170 0.8034714 1.1451073 1.2200911 1.7169417 1.2051902 1.1918553 1.1943946 1.4939500 1.6246975 1.5271937 1.0144220 1.2151196 1.4316307 2.7904266 2.7923272 1.8704001 1.6648124 2.5888752 3.0140155 3.1514000 2.1218502 2.5118281 1.4889467 1.6702021 1.5534780 1.3284432 1.6603888 1.2710262 1.5722471 1.4379575 1.4707413 1.7199067 2.0649614 2.0185503 2.9562952 2.2959786 4.4286622 1.7045342 1.7922801 2.0972120 2.2652682 2.5193696 2.3310935 3.0140804 3.2657715 3.5208720 3.0912796 2.6330358 3.0793697 3.1628603 3.1421761 
Nvec_v1g242529                                          1.8369125 2.0001123 2.0726447 2.4945421 0.0000010 2.4380881 2.6505512 3.1086117 1.2532708 1.0122304 1.1479316 1.3355739 1.3328272 1.3361359 1.3393375 1.6615580 0.7163377 1.3457235 1.4112025 0.4691966 0.3660331 0.5974036 0.4733918 0.5486073 0.5489268 0.5773896 0.6367073 0.4983920 0.6594198 0.6138752 0.7072671 0.4672960 0.0000000 1.5793552 1.3857641 0.7589603 1.0700605 1.1335217 1.0525350 1.2497341 1.1353667 1.2915360 0.0000010 1.2269180 1.4643187 0.6499764 1.1781632 1.3262618 2.6751910 3.8167421 1.8773877 1.6171249 2.5187997 2.6300451 2.6941733 1.9846762 2.2182296 1.3879476 1.6316901 2.1137180 1.3453395 1.6059781 1.1830856 1.5388467 1.3220839 1.2690424 1.7462390 1.6540383 1.6148809 0.0000010 2.1793891 4.8914338 1.7063986 1.8048099 2.1125064 2.3772850 1.7221031 1.9466578 3.3332674 3.6915350 3.6428668 3.1584038 3.2397880 3.0073318 2.9942426 3.0991393 
Xesp_012713-T1                                          2.8083803 2.7577608 2.8232242 3.4041114 3.0342525 3.4188675 3.2400948 4.1585599 1.9157369 0.0000010 1.7084360 1.9135835 1.9109840 1.9019259 1.9220813 1.9147770 1.3396756 1.8913559 1.8691583 1.3439562 1.2956353 1.5149722 1.3795921 1.5347137 1.4167351 1.4623929 1.1530113 1.1646634 1.3346076 1.1631188 1.4790358 1.4305656 1.5793552 0.0000000 0.0247867 0.0000010 0.5033306 1.8925215 1.8019357 1.8248772 1.7688722 1.7573645 1.4784127 1.8051853 1.7033681 1.4728277 1.9067862 1.9308490 3.4934497 2.8186732 0.0000010 0.0000010 2.2188227 3.5027835 3.9721068 4.2779451 0.0000010 2.1954969 2.3372951 2.1665332 1.8937446 2.1594035 1.4926923 2.2255582 2.2128075 1.7377368 2.1331966 2.0178537 2.5094161 1.9378615 2.6610749 4.4399515 2.1296324 8.9999986 2.7876795 2.8127501 3.1822678 3.1798214 3.0988952 2.7499744 4.5296364 3.7226073 2.9149143 3.3468292 3.3468292 4.7268568 
Xesp_012717-T1                                          2.5743263 2.5859039 2.7217959 3.2331704 3.0342525 3.2157710 3.0612373 4.2090403 1.7901396 1.5600334 1.5637311 1.7982801 1.7945700 1.7873671 1.8078976 1.9250082 1.3725250 1.7850458 1.7736808 1.2508292 1.2345663 1.4652608 1.2466537 1.3819299 1.3157491 1.3795018 1.1359919 1.1646515 1.3462656 1.1732916 1.4883356 1.3479170 1.3857641 0.0247867 0.0000000 0.1466220 0.5084708 1.7940431 1.8812528 1.7198434 1.6850913 1.6899699 1.4784127 1.8575416 1.7846000 1.6661556 1.7882919 1.7934906 3.2754555 3.4028983 2.2710053 2.1801547 2.1979499 3.1111579 3.3172517 2.5455300 2.3945648 2.0327176 2.2045455 2.1709724 1.8539795 2.0898666 1.7411600 2.1206446 2.3194049 1.7104510 2.1400069 1.9714071 2.4846714 1.9378615 2.5573442 4.5470050 2.1038761 2.2764630 2.5653732 2.8362778 3.2049700 3.1772165 3.0476057 2.7499744 4.2107431 3.6200280 2.9093837 3.4659604 3.5013408 4.7799731 
Xesp_012714-T1                                          1.9785263 1.7038432 2.1064229 2.0822685 0.0000010 1.9222005 1.8562673 2.8343283 1.0240494 1.5273007 0.9491451 1.1291419 1.1213766 1.1408625 1.1408625 1.2333477 1.1422218 1.1422218 0.9052532 0.8093483 0.8666553 0.8980455 0.7314866 0.9814879 0.7785416 0.8259919 0.0000010 0.9337011 0.0000010 0.0000010 0.0000010 0.8034714 0.7589603 0.0000010 0.1466220 0.0000000 0.3403917 1.0527713 2.6168559 1.1021708 1.0657028 1.0156763 0.0000010 1.8378147 2.2694222 1.0051365 0.9746254 1.0586814 2.2102500 3.2608594 2.2946475 2.1820264 0.0000010 2.9743359 2.8237037 2.2077326 2.4066013 1.3476301 1.3709294 2.5446372 1.2808278 1.3919962 1.2920666 1.3117025 2.5365388 0.0000010 2.3102137 1.3132489 1.0529647 0.0000010 1.9165475 3.6812824 2.2468569 1.8449208 2.0588685 2.4391708 0.0000010 3.2152366 3.0546984 0.0000010 0.0000010 0.0000010 3.0740704 4.2972609 4.1481665 4.8163949 
Dgig_XM_028538519.1                                     2.1536889 2.0523472 2.3744697 2.8061466 2.8344214 2.7220864 2.7540446 3.7105037 1.5182155 1.2446272 1.3578456 1.5696423 1.5543840 1.5511968 1.5724222 1.7282152 1.1445436 1.5378522 1.5430075 0.9960067 0.9244080 1.2364214 0.9938886 1.1166093 1.1597857 1.1798122 0.8801102 0.9814003 1.3275150 1.1487517 1.4947366 1.1451073 1.0700605 0.5033306 0.5084708 0.3403917 0.0000000 1.4804472 2.0037915 1.4069823 1.4335024 1.4927016 1.5407650 1.5034573 1.7343612 1.3168408 1.5490096 1.5968859 2.9712406 3.0387601 2.1440332 2.0423942 2.5754701 3.2917128 3.4752869 2.4002778 2.0350860 1.7320594 1.9476448 1.9312250 1.5631644 1.8184852 1.3927027 1.8707388 1.7829831 1.8888177 1.8761015 2.2094880 2.2217331 2.1253830 2.3971297 3.6216695 2.2921048 1.9039838 2.4339665 2.5160972 2.5625125 2.5559305 2.9803038 2.8684203 4.4614149 3.0769009 2.9674409 3.1271426 3.1558520 4.4067728 
Bralan_BLAG11000288_4                                   2.1473288 2.1074846 2.2881292 2.6771187 3.2194475 2.6680107 2.7772377 3.1769601 1.0617203 0.9532378 0.9249147 1.3225244 1.3074743 1.2741426 1.3195351 1.4693377 1.0070598 1.3287188 1.3751942 0.9333978 0.8485559 1.2144883 0.9338068 1.1535592 1.2183889 1.2806733 1.1353725 0.9622173 1.8727866 1.8060175 1.8318423 1.2200911 1.1335217 1.8925215 1.7940431 1.0527713 1.4804472 0.0000000 2.1183693 1.4261796 1.4162034 1.5000936 1.9961969 1.9652024 1.9117274 1.1757729 1.4414922 1.0786535 2.8476977 2.4708004 1.7158603 1.5468966 2.7505345 2.7111054 2.8742183 2.0540924 1.3943577 1.5632976 1.7272754 1.5645373 1.4575710 1.3782042 1.2841196 1.3524962 1.8944048 1.8090962 1.1990097 2.0297860 2.3769274 2.2836519 2.1636948 4.3829288 2.3740741 1.8344851 2.0785271 2.2516211 2.1771345 1.9324042 2.8873091 2.5663594 3.4975363 2.9595362 3.1074855 2.8321101 2.8465025 3.2007518 
Hvul_g23481_1                                           2.4101023 3.8419790 3.2151276 4.1602876 5.0635013 3.3484781 3.2927470 3.7815221 3.0754679 0.0000010 2.0002598 1.6960014 1.4104655 1.4274341 1.6457387 1.7176576 1.5934247 1.9540426 1.6733906 1.0445194 1.3827443 1.7349675 1.0856006 3.4926289 1.6526546 1.6953367 0.0000010 5.1354710 1.8730313 1.8974000 0.0000010 1.7169417 1.0525350 1.8019357 1.8812528 2.6168559 2.0037915 2.1183693 0.0000000 1.9315613 1.3437370 1.3458046 1.2904618 1.5575521 1.0776201 1.5992554 1.7190365 3.5398184 3.0433523 3.4110334 0.0000010 0.0000010 0.0000010 1.4794845 1.4794845 0.0000010 0.0000010 1.2104059 1.8038074 2.4131330 1.4340037 3.3683500 2.8440430 2.8345639 3.4995522 0.8153342 2.7581749 1.9657241 5.2120600 4.5319810 3.9965887 6.5502487 9.0000000 0.0000010 1.6935818 1.0868023 0.0000010 4.3022118 3.8814583 1.7680213 0.0000010 1.4982790 0.0000010 8.9344014 8.9344014 3.6200815 
Aaur_scaffold558.g3.t4                                  2.4227861 2.4515926 2.4776156 2.6359465 0.0000010 2.7769351 2.8451207 3.3981604 1.5292658 1.1871353 1.3335081 1.5138471 1.5027772 1.5006028 1.4999083 1.5870300 1.2224473 1.4580351 1.4148304 1.0620145 0.9926758 1.3223818 1.0694263 1.2339938 1.1520958 1.2187032 0.9373411 1.1522029 0.0000010 0.0000010 2.1847732 1.2051902 1.2497341 1.8248772 1.7198434 1.1021708 1.4069823 1.4261796 1.9315613 0.0000000 0.3414435 0.5464095 0.0000010 1.4087243 2.5559171 1.0187829 1.1317362 1.5029990 3.0501395 2.8926283 3.1991749 3.0580060 0.0000010 3.5269818 3.2963433 3.8132393 9.0000000 1.7285083 1.9455294 1.8766388 1.0027958 1.7749398 1.5509909 1.7222027 1.3717715 2.5899568 1.7190809 2.4949771 1.8105155 1.2657673 2.4390547 4.2872713 1.7044971 2.5866850 2.2736594 2.3567745 2.3374432 2.2328128 3.1709244 0.0000010 4.4927705 3.2801508 2.5708167 2.8565453 2.8188285 3.7353452 
Rhoesc_Res_010387-T1                                    2.1716682 2.1693703 2.1877819 2.6060768 3.0174398 2.6716921 2.7556525 3.3614827 1.5257531 1.1031334 1.3818768 1.5539182 1.5546933 1.5299254 1.5537821 1.6966066 1.1529027 1.5134222 1.5713850 0.9908275 0.8987951 1.2800256 0.9822313 1.1260508 1.1551453 1.1769359 0.9864564 1.0305255 1.5434028 1.3755452 1.6250454 1.1918553 1.1353667 1.7688722 1.6850913 1.0657028 1.4335024 1.4162034 1.3437370 0.3414435 0.0000000 0.5478270 0.7706989 0.9055307 0.7449874 0.9521972 1.1233364 1.5810285 2.6809437 2.6686591 1.9182483 1.6750788 2.7734528 2.9427661 2.9895718 2.2384217 2.5942789 1.6566410 1.8522349 1.8152064 1.0310437 1.7982061 1.3512667 1.6516137 1.4000310 1.2212965 1.7343612 1.9220163 1.7901616 2.2308340 2.2645738 3.8116008 1.8231550 1.9407807 2.1374847 2.4084355 2.4343687 2.3579173 3.1321978 2.6781523 3.3370542 3.2253314 2.9796939 2.9427952 2.8435873 3.7302202 
Sanmal_Sma_020417-T1                                    2.1748467 2.1689284 2.2634657 2.7133901 2.9382047 2.7419188 2.8217059 3.6730135 1.6283700 1.6383520 1.4601330 1.5344280 1.5392921 1.5306677 1.5461096 1.6711859 1.1084596 1.5177836 1.6097473 1.0318873 0.9250527 1.2728772 1.0173513 1.1466724 1.1581570 1.1782928 0.9761717 1.0135333 1.4909239 1.3738189 1.3218954 1.1943946 1.2915360 1.7573645 1.6899699 1.0156763 1.4927016 1.5000936 1.3458046 0.5464095 0.5478270 0.0000000 0.0735297 0.3119789 0.8648051 0.8707801 1.0988142 1.6189669 3.0022818 2.6763590 2.2873860 1.7139841 3.2736310 3.1680634 3.1952747 2.3489122 1.9241541 1.6325042 1.8265987 1.7228902 1.0991462 1.8894056 1.3742157 1.7288439 1.4377987 1.1848201 1.8781624 1.8668827 1.7265185 2.3884904 2.3769873 3.9380800 1.7200861 1.7916717 2.2500515 2.2528588 2.3094585 2.1200549 3.4733888 2.8854189 4.4181367 3.4140103 2.9949389 3.0104032 2.9808636 3.3627359 
Sanmal_Sma_020414-T1                                    0.0000010 0.0000010 0.0000010 3.0377557 2.8844355 2.6504709 2.9251011 8.9999986 2.6799541 0.0000010 2.3821569 2.2278426 3.0545495 2.5507966 2.1936546 2.1936546 0.0000010 2.2417490 2.2560322 0.0000010 0.0000010 2.6735084 0.0000010 0.0000010 1.4403229 1.4892482 0.0000010 0.0000010 1.6369152 1.4101890 0.0000010 1.4939500 0.0000010 1.4784127 1.4784127 0.0000010 1.5407650 1.9961969 1.2904618 0.0000010 0.7706989 0.0735297 0.0000000 0.2876798 0.7388614 0.0000010 1.3103892 2.1464255 5.0444346 1.1722430 0.0000010 0.0000010 7.0585456 0.8064212 0.8064212 1.1132720 0.0000010 4.9667424 2.6368717 0.0000010 9.0000000 2.7926150 0.0000010 2.4363880 0.0000010 2.5648227 2.8553452 1.9430716 4.2013379 2.4239481 2.9798584 9.0000000 9.0000000 0.0000010 2.8362427 0.0000010 1.8509988 1.8509988 3.2396764 2.9312092 0.0000010 3.5411722 0.0000010 0.0000010 0.0000010 1.0583476 
