70
Morvir_scaffold382.g12.t1                                         0.0000000 0.4335527 0.4565740 0.3940851 0.4504929 0.5241678 0.5172785 0.6137878 0.6832877 0.5394037 0.5301074 0.6451261 0.6226504 0.6972626 0.8205177 1.0626874 0.9758513 0.8805395 0.8199949 0.5976643 0.9134264 0.8305668 0.8625099 0.9133796 0.7420368 0.8614408 0.9516959 1.0334154 1.2101585 0.9975365 1.1343140 1.0960989 1.1723251 1.0564635 1.1063201 1.0955550 1.0653626 1.2441252 0.7979564 0.9358564 1.2465746 0.8811477 1.0197681 1.0101732 1.0022230 1.1862844 0.9098864 0.9602883 1.4909879 1.1686573 1.1741180 1.0646199 0.9636033 1.2360151 0.7493459 0.6734431 0.9636137 0.9636137 0.9580260 0.9580260 0.9725526 1.0219228 1.0396495 0.6508922 1.3257116 1.0680563 1.1313913 1.2678620 1.2156443 1.3040655 
Nemnom_g6271.t1                                                   0.4335527 0.0000000 0.0933041 0.1677860 0.3033470 0.5739493 0.5879929 0.6417417 0.7444439 0.4960669 0.5433576 0.6466355 0.5613231 0.8282834 0.9407263 0.4285130 1.2556083 0.7438689 0.8151075 0.5381889 0.9692541 0.8453347 0.9234455 0.9116552 0.7902494 0.8106356 0.9486025 0.9078136 1.1600270 1.1002903 1.1537079 0.9764838 1.0521038 1.1771608 1.0681789 1.0505965 1.0895304 1.0532174 0.8895357 0.9864850 0.9642358 1.0265950 0.9588485 1.0032722 0.9030240 1.2530858 0.8971384 1.0507036 1.4429331 1.0786107 1.1552001 1.1198078 0.8974383 0.9393815 0.7444108 0.6664172 0.9284733 0.8185886 0.9748401 1.0707120 0.9098742 0.9268577 1.0316772 0.6851776 1.1561798 1.1376655 1.7714097 1.2596616 1.2252779 1.3705109 
Rhoesc_Res_010353-T1                                              0.4565740 0.0933041 0.0000000 0.1784661 0.3205462 0.6063893 0.6172199 0.6404374 0.7434475 0.5434451 0.5947206 0.6716672 0.6036003 0.8996139 0.9517749 0.4458597 1.3354168 0.7434238 0.7316331 0.4545291 0.9283511 0.8033096 0.9034720 0.9115222 0.7299559 0.7465029 0.8777406 0.8763369 1.1834584 1.0830992 1.1067277 0.9958671 1.0475060 1.1039409 1.0435957 1.0262555 1.0662285 1.0631265 0.8769562 0.9972570 0.9642358 0.9538389 0.9233085 0.9224126 0.8888974 1.2532738 0.8331805 1.0366960 1.5461604 1.0506073 1.1359048 1.0691280 0.9529682 0.8992634 0.7311574 0.6558514 0.9333696 0.8258462 0.9523636 1.0601090 0.8920219 0.9227256 1.0300438 0.6961935 1.1438812 1.0804889 1.7958602 1.3291044 1.2263083 1.3705481 
Aaur_scaffold180.g32.t1                                           0.3940851 0.1677860 0.1784661 0.0000000 0.1926209 0.4381305 0.4181292 0.4504533 0.4659596 0.4062564 0.3929397 0.4665701 0.4457823 0.7939573 0.6608452 0.4422058 0.8126113 0.6158352 0.5518573 0.5378559 0.6676763 0.6096323 0.6651881 0.6531851 0.5042263 0.6110588 0.6263367 0.6719003 0.9109038 0.8231798 0.8224922 0.7585311 0.7841001 0.8233918 0.8754297 0.8754297 0.8115185 0.7528631 0.6861272 0.7988082 0.4891415 0.9027125 0.7332410 0.7320730 0.6409302 0.9318864 0.6882180 0.8837988 1.3041450 0.8702492 0.8681288 0.8318709 0.6744817 0.6696421 0.5910714 0.5740842 0.7240979 0.7240979 0.7950135 0.7950135 0.7203809 0.7496231 0.8430537 0.5787110 0.7705645 0.9239488 1.2240810 1.0843098 0.4837687 1.1939142 
Sanmal_Sma_020349-T1                                              0.4504929 0.3033470 0.3205462 0.1926209 0.0000000 0.6016995 0.5856512 0.6536417 0.7892807 0.5105112 0.6227582 0.7052117 0.6023546 0.9458100 1.0900873 0.5945335 1.3380618 0.9323395 0.9383247 0.6049113 1.0583661 0.8858068 1.0122224 0.9350571 0.8715474 0.9182366 0.9694901 1.0341458 1.1694497 0.9904594 1.0171491 0.8575179 0.9012685 1.0956839 0.9664034 0.9499709 1.0408325 0.9015301 0.9965007 1.1768605 0.9255281 1.3389574 1.2215346 1.0839300 1.1954938 1.4118975 1.0454327 1.2526245 1.8878519 1.1642870 1.1527547 1.2364942 1.0716820 1.0156367 0.7119239 0.6574119 0.9388352 0.8487426 0.9686111 1.0952437 0.8758724 0.9553146 1.0610935 0.7757306 1.3833884 1.2872390 1.5719957 1.4660291 1.2175996 1.2323651 
Spis_XP_022780134_1                                               0.5241678 0.5739493 0.6063893 0.4381305 0.6016995 0.0000000 0.0490346 0.2004284 0.2646449 0.1305686 0.1682945 0.3591426 0.4329021 0.6834170 0.7016409 0.5436225 0.9744348 0.5852811 0.6876795 0.5706742 0.7507412 0.7423742 0.7500662 0.7699597 0.6707128 0.7723117 0.6962420 0.8430823 0.9840941 0.9226115 0.9871433 0.7572127 0.7671231 0.9046298 0.9421831 0.9300498 1.1328722 0.9237997 0.6914471 0.7416999 0.6759710 0.7305375 0.7059784 0.7235079 0.6247504 1.0037351 0.7876474 0.9483809 1.1998658 1.0922555 1.0358042 1.0254701 0.8561275 0.9996817 0.7113740 0.6867352 0.8536715 0.7181973 0.9105842 1.0037908 0.7913325 0.8344283 0.9835451 0.7449402 1.1892094 0.8884839 1.1661923 1.2216655 0.5401617 1.3694991 
Pocdam_XM_027191041.1                                             0.5172785 0.5879929 0.6172199 0.4181292 0.5856512 0.0490346 0.0000000 0.1813846 0.2524360 0.1202030 0.1617512 0.3394723 0.4306699 0.6740411 0.7227860 0.4907003 0.9719675 0.5754262 0.6844957 0.5589706 0.7519203 0.7169383 0.7695341 0.7631325 0.7028084 0.7627372 0.7154500 0.8437023 0.9469264 0.9244282 0.9613578 0.7560637 0.7525834 0.8608408 0.9218110 0.9097509 1.1173751 0.9011657 0.7133913 0.7796007 0.7067923 0.7576126 0.7443669 0.7686627 0.7002528 1.0243883 0.7831955 0.9395336 1.2279748 1.0997675 1.0271744 1.0493169 0.8283400 1.0230644 0.7205582 0.6873963 0.8738410 0.7361411 0.9381803 1.0340805 0.8294055 0.8723221 0.9949573 0.7413935 1.1934989 0.8815011 1.1661923 1.2738352 0.5233662 1.3823546 
Amil_Amillepora19617-RA                                           0.6137878 0.6417417 0.6404374 0.4504533 0.6536417 0.2004284 0.1813846 0.0000000 0.0846061 0.1547330 0.2225720 0.3557517 0.4447853 0.6728075 0.6907628 0.5683120 0.9812651 0.5731019 0.6809500 0.5113156 0.6854588 0.6956118 0.7456557 0.7543446 0.6927309 0.7372393 0.6210113 0.9149685 0.9269414 0.9702945 1.0197398 0.7440186 0.7411793 0.8508139 0.9432484 0.9291352 1.0644568 0.9361481 0.7552727 0.8070269 0.5658869 0.8741471 0.8503196 0.8724977 0.6822426 1.0874772 0.7677135 0.9305885 1.2272413 1.1520745 1.1518067 1.1505844 0.8405236 1.0185116 0.8117678 0.6401059 0.8573718 0.7256163 0.9511876 1.0455429 0.8365276 0.8914328 1.0115258 0.8278028 1.2218625 0.9212848 1.4308772 1.4084495 0.4707980 1.4809677 
Adig_XM_015905038.1                                               0.6832877 0.7444439 0.7434475 0.4659596 0.7892807 0.2646449 0.2524360 0.0846061 0.0000000 0.2317148 0.3407955 0.4093340 0.5240341 0.7081191 0.7896575 0.5683120 1.0205349 0.6286848 0.7371264 0.5198665 0.7557342 0.7555670 0.8165764 0.8112715 0.7363714 0.7842293 0.6753001 0.9149014 0.9946309 1.0373970 1.0860018 0.7998504 0.8193507 0.8748154 1.0221826 1.0053894 1.0942446 0.9376185 0.7387863 0.7956738 0.5658869 0.8945482 0.8249020 0.8660930 0.6822426 1.1147249 0.7665383 0.9581210 1.2991434 1.1852988 1.1540478 1.1590295 0.9157586 1.0746245 0.9512887 0.7569591 0.9791932 0.8423061 1.0728435 1.1763416 0.9222486 1.0018144 1.1429893 0.8849311 1.3962593 0.9663881 1.5150664 1.4562920 0.5269357 1.5021453 
Gasp_gasp1.m3.18880.m1                                            0.5394037 0.4960669 0.5434451 0.4062564 0.5105112 0.1305686 0.1202030 0.1547330 0.2317148 0.0000000 0.0645851 0.3034653 0.3576671 0.6327893 0.5996014 0.5459732 0.7014148 0.4709994 0.5890091 0.6179316 0.6055014 0.6189455 0.6788340 0.6633019 0.5417952 0.6969580 0.5360906 0.8169121 0.8707177 0.8164320 0.8177911 0.7129109 0.7116473 0.7852703 0.7845259 0.7835250 0.8850581 0.8756277 0.6545437 0.6829833 0.8469234 0.7096733 0.6930358 0.7441010 0.7152854 0.9549020 0.6617811 0.7724600 0.9954919 1.0026861 0.9664782 0.9273900 0.6350306 0.7863344 0.6649880 0.5884369 0.7336356 0.7336356 0.7323778 0.7323778 0.7085851 0.7009953 0.8214376 0.6838332 0.8312531 0.8193542 0.7442514 1.0428188 0.4758675 1.3100486 
Fspp_ffun1.m4.15573.m1                                            0.5301074 0.5433576 0.5947206 0.3929397 0.6227582 0.1682945 0.1617512 0.2225720 0.3407955 0.0645851 0.0000000 0.3607454 0.3594425 0.6040932 0.6812465 0.5293634 0.7824447 0.5844851 0.7712089 0.5741100 0.6971773 0.6898266 0.7415759 0.7339847 0.7069429 0.8155343 0.8019068 0.9321379 0.9498726 0.9681614 0.9732848 0.7559094 0.7642000 0.9210819 0.9411479 0.9276164 1.0890079 1.0377215 0.7574065 0.7451905 1.0740407 0.7832920 0.7846024 0.8410783 0.7266643 1.1289826 0.7311342 0.8604831 1.1328458 1.0211071 0.9998350 1.0259638 0.7396074 0.9611774 0.8004737 0.6917191 0.8364225 0.7553819 0.8466327 0.8745172 0.8375520 0.8342588 0.9278432 0.7915270 1.2516472 0.9482667 1.0598310 1.1202412 0.6484006 1.4349722 
Exapal_XM_021058583.2                                             0.6451261 0.6466355 0.6716672 0.4665701 0.7052117 0.3591426 0.3394723 0.3557517 0.4093340 0.3034653 0.3607454 0.0000000 0.2885919 0.7895182 0.7305968 0.4621711 1.0882313 0.5922076 0.6512792 0.6381697 0.7020160 0.7031967 0.6963921 0.7424309 0.6602302 0.7761499 0.6909147 0.8773392 0.9727318 0.9778882 0.9580146 0.7895697 0.7447772 0.8303048 0.8560491 0.8456776 0.9925882 0.8562578 0.7741836 0.8169607 0.7577929 0.8861064 0.8083929 0.7789127 0.5778291 1.1107781 0.8177283 0.9086325 1.4387086 1.0913700 1.0642145 1.0489793 0.7370085 0.9972406 0.7648921 0.7130834 0.9926286 0.8522759 1.0368049 1.1470433 0.9226823 0.9822764 1.1424553 0.7259361 1.0744717 0.9188343 1.1513241 1.2983772 0.7722452 1.3036512 
Nvec_v1g239058                                                    0.6226504 0.5613231 0.6036003 0.4457823 0.6023546 0.4329021 0.4306699 0.4447853 0.5240341 0.3576671 0.3594425 0.2885919 0.0000000 0.6754437 0.6539188 0.4828237 0.8588219 0.6399521 0.5606967 0.5477965 0.6867625 0.6598980 0.6785285 0.6361466 0.6327207 0.6192514 0.7430982 0.7376946 1.0481168 0.8890165 0.9416963 0.8792523 0.8587193 0.8592271 0.8952051 0.8858119 0.9820357 0.9971442 0.7431264 0.7547173 0.7372132 0.8714812 0.8698034 0.7962660 0.7441998 1.0164775 0.7683513 0.8034495 1.0719204 1.0795499 1.0515635 1.0053580 0.6756368 0.8196871 0.7038856 0.6508762 0.7919023 0.7919023 0.7908288 0.7908288 0.7578660 0.7580477 0.8656723 0.7356426 0.9146350 1.0027621 1.0703030 1.2111716 0.9156455 1.1773383 
Ocar_g8325                                                        0.6972626 0.8282834 0.8996139 0.7939573 0.9458100 0.6834170 0.6740411 0.6728075 0.7081191 0.6327893 0.6040932 0.7895182 0.6754437 0.0000000 0.0177494 0.6554224 0.0119536 0.7498710 0.6633556 0.6014699 0.6690769 0.4958452 0.5315481 0.5982873 0.6396761 0.6038307 0.6508762 0.8524083 1.1452596 1.1176359 1.2162783 0.7693282 0.8611606 0.9379678 1.0794705 1.0794705 1.0230850 2.1529970 0.5950559 0.7090086 8.9999989 0.7429911 0.7974185 0.9561790 0.6421290 0.5626744 0.6475198 0.6457243 0.5298624 0.9278223 0.9485819 0.8825355 0.7141441 0.9167265 1.0393615 0.8456987 0.9395152 0.9395152 0.9023613 0.9023613 0.8636461 0.8942714 0.8472427 1.1292119 1.2938912 0.9214292 0.9958658 0.9121532 0.6081863 1.8375268 
Opea_EP00118_Oscarella_pearsei_P002950                            0.8205177 0.9407263 0.9517749 0.6608452 1.0900873 0.7016409 0.7227860 0.6907628 0.7896575 0.5996014 0.6812465 0.7305968 0.6539188 0.0177494 0.0000000 0.0239108 0.1236733 0.6045874 0.6313083 0.6014699 0.5486433 0.4751299 0.4338813 0.5039748 0.6628466 0.6505476 0.6170183 0.8584537 1.0311896 0.8853851 0.9472426 0.8131577 0.8422313 0.8025691 0.9311352 0.9300040 0.8990979 1.0249800 0.7650128 0.8307041 0.7050126 0.8805920 0.7934686 0.8741931 0.6548969 0.6940658 0.7493865 0.6836958 0.8176514 0.9703160 0.9490596 1.0212653 0.6679993 0.8396011 1.1120869 0.9894073 0.9232483 0.7839179 0.9010915 1.0322557 0.7931107 0.8943169 1.0495792 1.1482069 0.6534810 0.8868946 1.5166578 1.0232711 0.9398811 1.7628919 
Ocar_g9058                                                        1.0626874 0.4285130 0.4458597 0.4422058 0.5945335 0.5436225 0.4907003 0.5683120 0.5683120 0.5459732 0.5293634 0.4621711 0.4828237 0.6554224 0.0239108 0.0000000 1.5162704 0.4144005 0.4489897 0.0000010 0.5572769 0.4315070 0.4624969 0.4121617 0.5012951 0.5584477 0.5092447 0.4097154 0.6627057 0.4589641 0.4402475 0.7008350 0.7008350 0.4617295 0.4319714 0.4319714 0.5768849 0.5227668 0.5639406 0.6795677 0.4338568 3.1273453 0.4143474 0.4759997 0.4143474 0.6412803 0.5468434 0.3862400 2.1908615 0.7557004 0.6694638 0.0000010 0.6705255 0.7546099 0.9406264 0.7696971 0.8118455 0.8118455 0.7289400 0.7289400 0.7955429 0.7527449 0.7447781 0.8269813 0.2971291 0.8543934 0.0000010 0.7077343 0.5159898 1.5243129 
Opea_EP00118_Oscarella_pearsei_P002952                            0.9758513 1.2556083 1.3354168 0.8126113 1.3380618 0.9744348 0.9719675 0.9812651 1.0205349 0.7014148 0.7824447 1.0882313 0.8588219 0.0119536 0.1236733 1.5162704 0.0000000 0.9482999 0.8274731 0.6875913 0.7337703 0.7330962 0.6571886 0.7021094 0.8784472 0.8223838 0.8835219 1.2396473 1.4465304 1.0868685 1.1469307 1.1223050 1.4215179 1.1250947 1.0698494 1.0698494 1.1469194 1.8865305 0.9969473 1.0684413 3.5833986 1.0684232 1.1290469 1.2616766 1.8246035 0.9955816 0.9306683 0.8712868 0.7512349 1.2385743 1.2303949 0.9609725 0.9765369 0.8944471 1.2873864 0.9969045 1.3962752 1.1275878 1.3433752 1.6708757 1.0747285 1.2591018 1.7070332 1.4833901 0.8830705 1.2187761 1.5166578 1.2829809 1.0416311 2.1754623 
Spur_XM_030979353.1                                               0.8805395 0.7438689 0.7434238 0.6158352 0.9323395 0.5852811 0.5754262 0.5731019 0.6286848 0.4709994 0.5844851 0.5922076 0.6399521 0.7498710 0.6045874 0.4144005 0.9482999 0.0000000 0.5131067 0.4790469 0.4507851 0.4069763 0.4474745 0.5882628 0.5516251 0.5853924 0.5073543 0.7240109 0.8641343 0.7912101 0.8545423 0.8104311 0.8219986 0.7908365 0.7841827 0.7884345 0.9089373 0.8527051 0.8352138 0.8544904 0.5377666 0.8140101 0.7351290 0.7133839 0.5611357 1.0399045 0.6555244 0.9982416 1.3709168 0.9150339 0.9054105 0.9502975 0.7076400 0.7410655 0.9827252 0.7827590 0.8099630 0.7558444 0.7712669 0.9409326 0.7523361 0.7939028 0.9605224 0.8886833 0.6676876 0.8986058 1.3243118 1.0649812 0.7625981 1.5226974 
Acagra_model.g30560.t1                                            0.8199949 0.8151075 0.7316331 0.5518573 0.9383247 0.6876795 0.6844957 0.6809500 0.7371264 0.5890091 0.7712089 0.6512792 0.5606967 0.6633556 0.6313083 0.4489897 0.8274731 0.5131067 0.0000000 0.3412151 0.4364919 0.5087434 0.4616512 0.5268366 0.4509952 0.4859706 0.5096389 0.6021940 0.9486200 0.7765312 0.7929651 0.7412445 0.7063392 0.7309314 0.7856567 0.7633515 0.9110927 0.6912178 0.6721085 0.8474243 0.4565531 0.8074961 0.7215781 0.6969542 0.6700120 0.9104404 0.6507773 0.8126926 1.1298995 0.9134905 0.9126670 0.9645213 0.6561372 0.6293712 1.0015887 0.9267162 0.7849265 0.7027315 0.8066112 0.9563948 0.7577414 0.7792900 1.0049484 0.8668784 0.5978721 0.7953338 1.3050604 1.1338215 0.9195629 1.4796587 
Cscu_XM_023358749.1                                               0.5976643 0.5381889 0.4545291 0.5378559 0.6049113 0.5706742 0.5589706 0.5113156 0.5198665 0.6179316 0.5741100 0.6381697 0.5477965 0.6014699 0.6014699 0.0000010 0.6875913 0.4790469 0.3412151 0.0000000 0.5476375 0.4220197 0.5211795 0.4124234 0.3623455 0.4572833 0.4340603 0.3347144 0.7580848 0.6169415 0.6050745 0.6400605 0.6800942 0.5131596 0.7909189 0.7909189 0.8000593 1.2654817 0.6494427 0.7642469 0.0000010 0.6941666 0.6675868 0.6683742 0.4081650 0.9270369 0.4566820 1.0940563 1.2609881 0.6427156 0.7040793 0.7139479 0.7291845 0.5902508 0.9788376 0.8969633 0.5889211 0.5889211 0.5896121 0.5896121 0.5783148 0.5831621 0.5861691 0.6333060 5.0249371 0.7406720 0.0000010 0.9707895 0.5545829 1.0608834 
Leuniv_Lniv_scaffold25310_01                                      0.9134264 0.9692541 0.9283511 0.6676763 1.0583661 0.7507412 0.7519203 0.6854588 0.7557342 0.6055014 0.6971773 0.7020160 0.6867625 0.6690769 0.5486433 0.5572769 0.7337703 0.4507851 0.4364919 0.5476375 0.0000000 0.2008123 0.1949020 0.3980792 0.5348068 0.4703893 0.5285662 0.7765903 0.9405268 0.7224102 0.7828828 0.6412028 0.6231168 0.7347132 0.8513598 0.8346796 0.8599541 0.7949103 0.8517963 0.8974001 0.6691646 1.0065650 0.8152943 0.8922769 0.6530848 0.9992922 0.7547763 0.8969217 1.4195549 0.9717800 0.8716599 0.9503541 0.6282428 0.6807156 0.9943086 0.9123974 0.9318008 0.8721091 0.8906759 1.0853208 0.8932610 0.9149564 1.1284990 1.0295553 0.6370386 0.9122667 1.2892713 0.9893589 0.9003443 1.5922457 
Gracom_Gcom_C543068_01                                            0.8305668 0.8453347 0.8033096 0.6096323 0.8858068 0.7423742 0.7169383 0.6956118 0.7555670 0.6189455 0.6898266 0.7031967 0.6598980 0.4958452 0.4751299 0.4315070 0.7330962 0.4069763 0.5087434 0.4220197 0.2008123 0.0000000 0.1858534 0.3803213 0.5145340 0.4123279 0.5570465 0.6890683 0.9590742 0.7745496 0.8374430 0.6779644 0.6429845 0.8315953 0.8927576 0.8916897 0.9203765 0.8276366 0.7964043 0.8248093 0.7625692 0.9403180 0.7810164 0.8330720 0.6184352 0.8940449 0.7055317 0.8388556 1.2380071 0.8322891 0.8118220 0.8785042 0.6667659 0.6600435 1.0276880 0.9078438 0.8554618 0.7960551 0.8035954 0.9836117 0.8306169 0.8321964 1.0249670 0.9911514 0.6571553 0.8282491 1.1670909 0.9488258 0.8828960 1.5124879 
Lcom_lcpid69325                                                   0.8625099 0.9234455 0.9034720 0.6651881 1.0122224 0.7500662 0.7695341 0.7456557 0.8165764 0.6788340 0.7415759 0.6963921 0.6785285 0.5315481 0.4338813 0.4624969 0.6571886 0.4474745 0.4616512 0.5211795 0.1949020 0.1858534 0.0000000 0.3832417 0.5116597 0.4782765 0.5702990 0.7355393 0.9142690 0.7594040 0.8197717 0.7006872 0.6775205 0.8055299 0.9032381 0.8927773 0.8708754 0.8160636 0.7596083 0.8426349 0.6488723 0.9384566 0.7726899 0.7861505 0.5808993 0.9184766 0.7121823 0.8616758 1.3474226 0.8249683 0.8045572 0.8680352 0.5939366 0.6373407 1.0129499 0.8882069 0.9178957 0.8455511 0.8514847 1.0248770 0.8813102 0.8945582 1.0850718 0.9399915 0.6734037 0.8678142 1.2811075 0.9078910 1.0061501 1.4830496 
Clacor_Ccor_C536469_01                                            0.9133796 0.9116552 0.9115222 0.6531851 0.9350571 0.7699597 0.7631325 0.7543446 0.8112715 0.6633019 0.7339847 0.7424309 0.6361466 0.5982873 0.5039748 0.4121617 0.7021094 0.5882628 0.5268366 0.4124234 0.3980792 0.3803213 0.3832417 0.0000000 0.5784806 0.4947746 0.5578419 0.5852530 0.8185479 0.7274801 0.7386492 0.6798197 0.7009653 0.7538841 0.7789498 0.7780118 0.8277905 0.7170947 0.8261192 0.8589924 0.6427372 0.9572253 0.7479546 0.7992104 0.6604817 0.8822864 0.7287013 0.9173046 1.3614826 0.8333977 0.8446784 0.9457593 0.7368208 0.6026437 1.0428972 0.9937178 0.8688084 0.7825162 0.7941462 0.9304588 0.7082961 0.7741554 1.0374668 0.9625887 0.6644127 0.9061793 1.6699569 1.0391112 1.0253982 1.3507346 
Ctel_gnl_WGS_AMQN_CAPTEDRAFT_mRNA166615                           0.7420368 0.7902494 0.7299559 0.5042263 0.8715474 0.6707128 0.7028084 0.6927309 0.7363714 0.5417952 0.7069429 0.6602302 0.6327207 0.6396761 0.6628466 0.5012951 0.8784472 0.5516251 0.4509952 0.3623455 0.5348068 0.5145340 0.5116597 0.5784806 0.0000000 0.4928884 0.4570626 0.6353599 0.9126249 0.7695147 0.8543797 0.7492430 0.7998942 0.7794945 0.8439971 0.8379651 0.8864939 0.7725363 0.8200107 0.7951721 0.5672749 0.8069736 0.7464057 0.6713170 0.6469069 0.9305423 0.6828514 0.8486930 1.1964456 0.9646223 0.8493150 0.9048599 0.8078156 0.6823844 1.0249632 0.8559511 0.6954678 0.6176657 0.6964445 0.8281824 0.6747689 0.6993252 0.8603704 0.7781711 0.6972185 0.8127049 1.3122302 0.9751996 1.0738755 1.4488289 
Hsap_ENST00000225665                                              0.8614408 0.8106356 0.7465029 0.6110588 0.9182366 0.7723117 0.7627372 0.7372393 0.7842293 0.6969580 0.8155343 0.7761499 0.6192514 0.6038307 0.6505476 0.5584477 0.8223838 0.5853924 0.4859706 0.4572833 0.4703893 0.4123279 0.4782765 0.4947746 0.4928884 0.0000000 0.5367530 0.6088331 0.9678140 0.7693092 0.8048040 0.7118977 0.7894534 0.8055378 0.8518255 0.8360191 0.8456907 0.8097779 0.9406785 0.9855823 0.5481896 0.8598359 0.7935939 0.7843975 0.7818163 0.9707456 0.8357065 0.8762703 1.1461497 1.0215084 0.9998863 1.0734812 0.7227158 0.6222300 1.0746436 0.8975910 0.7531239 0.6485916 0.8265798 0.9909519 0.7253086 0.8015506 0.9748158 0.8726084 0.5611628 0.7874182 1.6311892 1.1539652 1.0378400 1.5749561 
Bralan_BLAG11001014_1                                             0.9516959 0.9486025 0.8777406 0.6263367 0.9694901 0.6962420 0.7154500 0.6210113 0.6753001 0.5360906 0.8019068 0.6909147 0.7430982 0.6508762 0.6170183 0.5092447 0.8835219 0.5073543 0.5096389 0.4340603 0.5285662 0.5570465 0.5702990 0.5578419 0.4570626 0.5367530 0.0000000 0.5991361 0.9230226 0.7835226 0.8354434 0.7063475 0.7348539 0.7163095 0.7472936 0.7385592 0.8189098 0.8906742 0.9662629 1.0133370 0.6285142 0.9262081 0.8472076 0.7990243 0.7558380 0.9881289 0.8421640 1.0350722 1.4263770 1.0554450 0.9543458 0.9671575 0.7739382 0.7672502 0.9694337 0.7938153 0.8978823 0.7877448 0.8804997 1.0823373 0.7752548 0.8534779 1.0507469 1.0411993 0.7256395 0.8437845 1.3107606 1.2580480 1.0224671 1.5483958 
Tcas_TC006414_001                                                 1.0334154 0.9078136 0.8763369 0.6719003 1.0341458 0.8430823 0.8437023 0.9149685 0.9149014 0.8169121 0.9321379 0.8773392 0.7376946 0.8524083 0.8584537 0.4097154 1.2396473 0.7240109 0.6021940 0.3347144 0.7765903 0.6890683 0.7355393 0.5852530 0.6353599 0.6088331 0.5991361 0.0000000 1.2218807 0.9202435 0.9567445 0.7984627 0.8128765 0.9618007 0.9724741 0.9797519 1.0434007 0.8811864 0.9506888 0.9992746 0.6891247 1.1543623 1.0048009 1.0250701 0.9370858 1.1941729 0.8541422 1.2555024 1.8897542 1.1395059 1.0183213 1.2355086 1.0191170 0.6733459 1.0978218 1.0177791 0.7714198 0.7072094 0.7798556 0.9481306 0.7930320 0.7878863 0.9706858 0.9584146 0.9339550 0.9335950 2.0098400 1.3875763 1.2252263 1.7446084 
Drygla_Dgla_sb295999                                              1.2101585 1.1600270 1.1834584 0.9109038 1.1694497 0.9840941 0.9469264 0.9269414 0.9946309 0.8707177 0.9498726 0.9727318 1.0481168 1.1452596 1.0311896 0.6627057 1.4465304 0.8641343 0.9486200 0.7580848 0.9405268 0.9590742 0.9142690 0.8185479 0.9126249 0.9678140 0.9230226 1.2218807 0.0000000 0.4390025 0.4139715 0.3098504 0.3501705 0.3520307 0.4619322 0.4569217 0.3654816 0.4270649 0.9965347 1.1380389 0.6388851 1.1202136 0.9910562 1.0276544 0.8308699 1.2504374 0.9889201 1.4935842 2.1128842 1.2944181 1.3025652 1.5250985 1.0329942 1.1812330 1.4505249 1.2699432 1.2310381 1.1384253 1.2303569 1.2917256 1.1041890 1.1450119 1.3075327 1.2982833 1.3347599 1.1080215 1.6018605 1.5133563 1.2001075 1.8320044 
Vmul_SimC404820                                                   0.9975365 1.1002903 1.0830992 0.8231798 0.9904594 0.9226115 0.9244282 0.9702945 1.0373970 0.8164320 0.9681614 0.9778882 0.8890165 1.1176359 0.8853851 0.4589641 1.0868685 0.7912101 0.7765312 0.6169415 0.7224102 0.7745496 0.7594040 0.7274801 0.7695147 0.7693092 0.7835226 0.9202435 0.4390025 0.0000000 0.1115462 0.2580385 0.2486199 0.2530506 0.2520011 0.2409213 0.2851364 0.3174964 1.0006678 1.0830930 0.3950889 1.0329927 0.9058532 0.8859137 0.7972633 1.2096905 0.9161867 1.4693005 1.8886077 1.1849670 1.1839208 1.3658775 1.0113980 0.9583911 1.0866106 1.0596605 1.0049433 0.9833416 0.9384836 1.1431200 0.9704946 0.9685060 1.1954629 1.2155447 1.0327265 1.1532052 1.5636986 1.4113446 1.2860927 1.8404231 
Coemet_Cmet_scaffold17622_01                                      1.1343140 1.1537079 1.1067277 0.8224922 1.0171491 0.9871433 0.9613578 1.0197398 1.0860018 0.8177911 0.9732848 0.9580146 0.9416963 1.2162783 0.9472426 0.4402475 1.1469307 0.8545423 0.7929651 0.6050745 0.7828828 0.8374430 0.8197717 0.7386492 0.8543797 0.8048040 0.8354434 0.9567445 0.4139715 0.1115462 0.0000000 0.3049784 0.3012250 0.2416026 0.2745173 0.2700067 0.2913254 0.3128741 0.9279119 1.0916485 0.4337932 1.0777986 0.9008994 0.8890451 0.8462179 1.1820624 0.9186849 1.4288234 1.8691522 1.1186432 1.1225104 1.3418851 0.9031030 0.9470949 1.0609794 1.0475492 1.0500609 1.0258102 0.9725240 1.1664300 0.9918937 0.9902098 1.2380722 1.2234733 1.0245967 1.1025240 1.2455848 1.3915437 1.2193810 1.8815392 
Bolinf_Binf_sb1177663                                             1.0960989 0.9764838 0.9958671 0.7585311 0.8575179 0.7572127 0.7560637 0.7440186 0.7998504 0.7129109 0.7559094 0.7895697 0.8792523 0.7693282 0.8131577 0.7008350 1.1223050 0.8104311 0.7412445 0.6400605 0.6412028 0.6779644 0.7006872 0.6798197 0.7492430 0.7118977 0.7063475 0.7984627 0.3098504 0.2580385 0.3049784 0.0000000 0.0123616 0.2484018 0.2885672 0.2815141 0.2900586 0.3594175 0.9272786 0.9821294 0.5267286 1.1052870 0.9116997 0.9237638 0.9125866 1.1173249 0.8372973 1.3642522 1.6996778 1.0116640 1.0323404 1.2283160 0.8936451 0.9319012 1.2022844 1.0452916 0.9366769 0.9366769 0.8702480 0.8702480 0.8845621 0.9285757 0.8638333 1.1873888 1.2011179 0.9283478 0.0000010 1.1818799 1.0775812 1.6997055 
Mertsp_Mesp_sb541911                                              1.1723251 1.0521038 1.0475060 0.7841001 0.9012685 0.7671231 0.7525834 0.7411793 0.8193507 0.7116473 0.7642000 0.7447772 0.8587193 0.8611606 0.8422313 0.7008350 1.4215179 0.8219986 0.7063392 0.6800942 0.6231168 0.6429845 0.6775205 0.7009653 0.7998942 0.7894534 0.7348539 0.8128765 0.3501705 0.2486199 0.3012250 0.0123616 0.0000000 0.2270793 0.2742965 0.2567203 0.2834198 0.3553147 0.8940927 0.9604606 0.5108630 0.9727450 0.8342275 0.8085221 0.9125866 1.1860849 0.8201575 1.4957233 6.4208605 0.9910487 1.0328687 1.2748367 0.8847958 0.9595047 1.1517120 1.0989264 0.9441648 0.9441648 0.8496162 0.8496162 0.8888596 0.9384561 0.8546049 1.1769789 1.2428106 1.0239931 0.0000010 1.2013458 1.1492291 1.6660980 
Mlei_ML2091.g11.i1                                                1.0564635 1.1771608 1.1039409 0.8233918 1.0956839 0.9046298 0.8608408 0.8508139 0.8748154 0.7852703 0.9210819 0.8303048 0.8592271 0.9379678 0.8025691 0.4617295 1.1250947 0.7908365 0.7309314 0.5131596 0.7347132 0.8315953 0.8055299 0.7538841 0.7794945 0.8055378 0.7163095 0.9618007 0.3520307 0.2530506 0.2416026 0.2484018 0.2270793 0.0000000 0.2114283 0.2063783 0.2606809 0.4180332 0.9570115 1.0495586 0.3456923 0.9966123 0.8939569 0.8985551 0.7280762 1.1271391 0.8864909 1.4159260 1.8680130 1.1262194 1.1249907 1.2819011 0.9190969 0.9473776 1.1230286 1.1401023 0.9928762 0.9815398 1.0055907 1.1902682 0.9282293 0.9729565 1.2098419 1.2625045 1.0591692 0.9506444 1.6303886 1.3907550 0.9880731 1.9171423 
Horcal_Hcv1.av93.c3.g1216.i1                                      1.1063201 1.0681789 1.0435957 0.8754297 0.9664034 0.9421831 0.9218110 0.9432484 1.0221826 0.7845259 0.9411479 0.8560491 0.8952051 1.0794705 0.9311352 0.4319714 1.0698494 0.7841827 0.7856567 0.7909189 0.8513598 0.8927576 0.9032381 0.7789498 0.8439971 0.8518255 0.7472936 0.9724741 0.4619322 0.2520011 0.2745173 0.2885672 0.2742965 0.2114283 0.0000000 0.0040434 0.2885427 0.4009030 1.0000356 0.9800165 0.3707465 1.0829214 1.0109695 0.9442527 0.9543318 1.1939956 0.8910024 1.4222068 1.7541508 1.0843832 1.0885378 1.2774680 0.9243241 1.0146040 1.0680224 1.0111560 0.9316439 0.9239769 0.9271582 1.1146574 0.9510952 0.9409842 1.1374433 1.3248092 1.0494740 1.0594605 1.3092462 1.3294635 1.1948949 1.9276095 
Pbac_sb2640350                                                    1.0955550 1.0505965 1.0262555 0.8754297 0.9499709 0.9300498 0.9097509 0.9291352 1.0053894 0.7835250 0.9276164 0.8456776 0.8858119 1.0794705 0.9300040 0.4319714 1.0698494 0.7884345 0.7633515 0.7909189 0.8346796 0.8916897 0.8927773 0.7780118 0.8379651 0.8360191 0.7385592 0.9797519 0.4569217 0.2409213 0.2700067 0.2815141 0.2567203 0.2063783 0.0040434 0.0000000 0.2760815 0.3787299 1.0004060 0.9803598 0.3707465 1.0829214 0.9995803 0.9331533 0.9543318 1.1895929 0.8855611 1.4222068 1.7541508 1.0781338 1.0822269 1.2774680 0.9232190 0.9931203 1.0587337 1.0172870 0.9180224 0.9095396 0.9134343 1.0994953 0.9376379 0.9280110 1.1220056 1.3178940 1.0203923 1.0331297 1.3092462 1.3176296 1.1465902 1.8870339 
Lampan_Lpan_3253_01                                               1.0653626 1.0895304 1.0662285 0.8115185 1.0408325 1.1328722 1.1173751 1.0644568 1.0942446 0.8850581 1.0890079 0.9925882 0.9820357 1.0230850 0.8990979 0.5768849 1.1469194 0.9089373 0.9110927 0.8000593 0.8599541 0.9203765 0.8708754 0.8277905 0.8864939 0.8456907 0.8189098 1.0434007 0.3654816 0.2851364 0.2913254 0.2900586 0.2834198 0.2606809 0.2885427 0.2760815 0.0000000 0.3367060 0.9774288 1.1085846 0.4221522 1.2063207 1.0047639 0.9957137 0.8148455 1.2555733 0.9526374 1.4490336 2.1192218 1.2409612 1.1732998 1.4053458 0.9543748 1.0357508 1.2038241 1.0371988 1.0310065 1.0188408 0.9976449 1.1822777 1.0617062 1.0820277 1.2513469 1.3319980 1.1561190 1.1230560 1.7948865 1.4356059 1.3085742 1.8625719 
Eupdun_Edun_sb10633846                                            1.2441252 1.0532174 1.0631265 0.7528631 0.9015301 0.9237997 0.9011657 0.9361481 0.9376185 0.8756277 1.0377215 0.8562578 0.9971442 2.1529970 1.0249800 0.5227668 1.8865305 0.8527051 0.6912178 1.2654817 0.7949103 0.8276366 0.8160636 0.7170947 0.7725363 0.8097779 0.8906742 0.8811864 0.4270649 0.3174964 0.3128741 0.3594175 0.3553147 0.4180332 0.4009030 0.3787299 0.3367060 0.0000000 0.6879989 0.7689797 0.3926739 0.8686206 0.7591351 0.7268490 0.8451005 0.8639171 0.8077030 0.8206139 2.5803645 0.9493693 1.0421188 1.4971457 0.8159057 0.9319633 1.2573852 1.2385096 0.9769279 0.9769279 0.8266503 0.8266503 0.8881122 0.9230813 0.8180756 1.1268100 0.9471495 0.9449527 0.0000010 1.0831925 1.6754157 1.4388986 
Halamb_c41507_g1_i2mm.944                                         0.7979564 0.8895357 0.8769562 0.6861272 0.9965007 0.6914471 0.7133913 0.7552727 0.7387863 0.6545437 0.7574065 0.7741836 0.7431264 0.5950559 0.7650128 0.5639406 0.9969473 0.8352138 0.6721085 0.6494427 0.8517963 0.7964043 0.7596083 0.8261192 0.8200107 0.9406785 0.9662629 0.9506888 0.9965347 1.0006678 0.9279119 0.9272786 0.8940927 0.9570115 1.0000356 1.0004060 0.9774288 0.6879989 0.0000000 0.2522060 0.2473367 0.6147755 0.5722780 0.5457568 0.6249714 0.7393848 0.5123303 0.7858155 1.1280001 0.8493704 0.7930373 0.8740557 0.8142768 1.1304338 1.1982904 1.0130332 0.9661402 0.8142888 0.9681801 1.1023507 0.8657330 0.9535766 1.1118101 1.0083539 1.1131965 0.9853899 0.7424364 0.9177085 1.0682107 1.4164438 
Aque_Aqu2.1.31579_001                                             0.9358564 0.9864850 0.9972570 0.7988082 1.1768605 0.7416999 0.7796007 0.8070269 0.7956738 0.6829833 0.7451905 0.8169607 0.7547173 0.7090086 0.8307041 0.6795677 1.0684413 0.8544904 0.8474243 0.7642469 0.8974001 0.8248093 0.8426349 0.8589924 0.7951721 0.9855823 1.0133370 0.9992746 1.1380389 1.0830930 1.0916485 0.9821294 0.9604606 1.0495586 0.9800165 0.9803598 1.1085846 0.7689797 0.2522060 0.0000000 0.3688625 0.5676567 0.5547414 0.5613327 0.6048335 0.6660752 0.4648721 0.7589381 0.8970778 0.8894403 0.8426163 0.9212256 0.8877734 1.1929936 1.2632804 1.0728790 0.9712098 0.8503329 0.9396851 1.1169025 0.8042308 0.8935880 1.0485339 1.1345813 1.0427108 1.0700127 1.0575555 0.9081319 1.1177386 1.4187431 
Xestes_snap_masked-XT_scaffold29419-processed-gene-0.1-mRNA-1     1.2465746 0.9642358 0.9642358 0.4891415 0.9255281 0.6759710 0.7067923 0.5658869 0.5658869 0.8469234 1.0740407 0.7577929 0.7372132 8.9999989 0.7050126 0.4338568 3.5833986 0.5377666 0.4565531 0.0000010 0.6691646 0.7625692 0.6488723 0.6427372 0.5672749 0.5481896 0.6285142 0.6891247 0.6388851 0.3950889 0.4337932 0.5267286 0.5108630 0.3456923 0.3707465 0.3707465 0.4221522 0.3926739 0.2473367 0.3688625 0.0000000 0.0000010 0.5659679 0.3380764 1.1744041 0.4649241 0.4964550 0.0000010 0.0000010 0.7367347 0.8867068 8.9999982 1.0076800 0.8228292 0.9007092 0.8835417 0.6528217 0.6528217 0.7636908 0.7636908 0.6572721 0.7064930 0.7556745 1.1720681 0.5035932 0.8114588 0.0000010 1.0529556 1.4589457 2.0095037 
Emue_Em1086g2a.t1                                                 0.8811477 1.0265950 0.9538389 0.9027125 1.3389574 0.7305375 0.7576126 0.8741471 0.8945482 0.7096733 0.7832920 0.8861064 0.8714812 0.7429911 0.8805920 3.1273453 1.0684232 0.8140101 0.8074961 0.6941666 1.0065650 0.9403180 0.9384566 0.9572253 0.8069736 0.8598359 0.9262081 1.1543623 1.1202136 1.0329927 1.0777986 1.1052870 0.9727450 0.9966123 1.0829214 1.0829214 1.2063207 0.8686206 0.6147755 0.5676567 0.0000010 0.0000000 0.0195913 0.1636904 0.0860526 0.8025299 0.6717268 0.8924452 0.9462066 0.7588954 0.7205176 0.6608597 0.9409355 1.0599072 1.1455766 1.1137420 1.2925668 1.0922259 1.2821681 1.5712118 1.1302075 1.2459224 1.5990220 1.0142962 1.1763762 0.9715706 1.0709454 0.8961533 0.6564984 1.6288954 
Emue_Em0008g367a.t1                                               1.0197681 0.9588485 0.9233085 0.7332410 1.2215346 0.7059784 0.7443669 0.8503196 0.8249020 0.6930358 0.7846024 0.8083929 0.8698034 0.7974185 0.7934686 0.4143474 1.1290469 0.7351290 0.7215781 0.6675868 0.8152943 0.7810164 0.7726899 0.7479546 0.7464057 0.7935939 0.8472076 1.0048009 0.9910562 0.9058532 0.9008994 0.9116997 0.8342275 0.8939569 1.0109695 0.9995803 1.0047639 0.7591351 0.5722780 0.5547414 0.5659679 0.0195913 0.0000000 0.1578897 0.1778938 0.6836930 0.5985303 0.7302591 0.9144027 0.6959804 0.6672229 0.7190090 0.9224287 0.9084548 0.9774801 0.9949916 1.1746460 1.0473054 1.1517515 1.3169698 1.0315763 1.1414480 1.3297841 0.9903145 0.8859656 1.0021345 1.0709454 0.7233067 1.1521041 1.5792588 
Spolac_c101276_g1_i1_m.25115c101276-g1                            1.0101732 1.0032722 0.9224126 0.7320730 1.0839300 0.7235079 0.7686627 0.8724977 0.8660930 0.7441010 0.8410783 0.7789127 0.7962660 0.9561790 0.8741931 0.4759997 1.2616766 0.7133839 0.6969542 0.6683742 0.8922769 0.8330720 0.7861505 0.7992104 0.6713170 0.7843975 0.7990243 1.0250701 1.0276544 0.8859137 0.8890451 0.9237638 0.8085221 0.8985551 0.9442527 0.9331533 0.9957137 0.7268490 0.5457568 0.5613327 0.3380764 0.1636904 0.1578897 0.0000000 0.3091791 0.7112424 0.6323713 0.7410031 1.1234372 0.6889850 0.6634809 0.7148483 0.9454194 0.9223216 1.0222724 0.9490137 1.0750019 0.9014914 0.9984484 1.1557137 0.8788678 0.9756804 1.2226505 0.9059424 0.9111028 1.0263382 0.9068058 0.8186034 1.1358511 1.4024911 
Emue_Em0008g364a.t1                                               1.0022230 0.9030240 0.8888974 0.6409302 1.1954938 0.6247504 0.7002528 0.6822426 0.6822426 0.7152854 0.7266643 0.5778291 0.7441998 0.6421290 0.6548969 0.4143474 1.8246035 0.5611357 0.6700120 0.4081650 0.6530848 0.6184352 0.5808993 0.6604817 0.6469069 0.7818163 0.7558380 0.9370858 0.8308699 0.7972633 0.8462179 0.9125866 0.9125866 0.7280762 0.9543318 0.9543318 0.8148455 0.8451005 0.6249714 0.6048335 1.1744041 0.0860526 0.1778938 0.3091791 0.0000000 0.7110819 0.6999930 0.3857157 1.1135652 0.8153936 0.8134397 0.6486057 0.8330852 1.0239904 0.9574841 0.9223355 0.8797184 0.8797184 0.7773022 0.7773022 0.9058358 0.8640275 0.8892167 1.0584831 1.2282550 1.0980400 0.0000010 0.6733463 0.7304155 1.4566709 
Aque_Aqu2.1.33053_001                                             1.1862844 1.2530858 1.2532738 0.9318864 1.4118975 1.0037351 1.0243883 1.0874772 1.1147249 0.9549020 1.1289826 1.1107781 1.0164775 0.5626744 0.6940658 0.6412803 0.9955816 1.0399045 0.9104404 0.9270369 0.9992922 0.8940449 0.9184766 0.8822864 0.9305423 0.9707456 0.9881289 1.1941729 1.2504374 1.2096905 1.1820624 1.1173249 1.1860849 1.1271391 1.1939956 1.1895929 1.2555733 0.8639171 0.7393848 0.6660752 0.4649241 0.8025299 0.6836930 0.7112424 0.7110819 0.0000000 0.6939993 0.3082323 0.3943396 0.8617839 0.8453733 0.9486514 0.8764321 1.1096238 1.2336282 1.2977676 1.2449811 1.1068055 1.2739068 1.4455363 1.1190000 1.1960311 1.3723601 1.2989965 0.9747457 1.2305033 1.3035129 0.9709250 1.4629253 1.8860669 
Tetwil_g4861.t2                                                   0.9098864 0.8971384 0.8331805 0.6882180 1.0454327 0.7876474 0.7831955 0.7677135 0.7665383 0.6617811 0.7311342 0.8177283 0.7683513 0.6475198 0.7493865 0.5468434 0.9306683 0.6555244 0.6507773 0.4566820 0.7547763 0.7055317 0.7121823 0.7287013 0.6828514 0.8357065 0.8421640 0.8541422 0.9889201 0.9161867 0.9186849 0.8372973 0.8201575 0.8864909 0.8910024 0.8855611 0.9526374 0.8077030 0.5123303 0.4648721 0.4964550 0.6717268 0.5985303 0.6323713 0.6999930 0.6939993 0.0000000 0.6679505 0.7814633 0.7898151 0.7669422 0.7935818 0.8118899 0.9151629 1.3107667 0.9969539 0.9363394 0.8059218 0.9283235 1.1199266 0.8593173 0.9455674 1.0508998 1.0008898 0.8796734 1.0100735 1.2571973 0.9066013 1.1456658 1.4015098 
Halamb_c44629_g1_i1mm.1498                                        0.9602883 1.0507036 1.0366960 0.8837988 1.2526245 0.9483809 0.9395336 0.9305885 0.9581210 0.7724600 0.8604831 0.9086325 0.8034495 0.6457243 0.6836958 0.3862400 0.8712868 0.9982416 0.8126926 1.0940563 0.8969217 0.8388556 0.8616758 0.9173046 0.8486930 0.8762703 1.0350722 1.2555024 1.4935842 1.4693005 1.4288234 1.3642522 1.4957233 1.4159260 1.4222068 1.4222068 1.4490336 0.8206139 0.7858155 0.7589381 0.0000010 0.8924452 0.7302591 0.7410031 0.3857157 0.3082323 0.6679505 0.0000000 0.3598477 0.7738326 0.7991825 0.7924206 0.8138464 1.2220139 1.2383720 1.2195280 1.2049661 1.0238597 1.2202631 1.4179902 1.0738536 1.1202014 1.3989020 1.0523424 0.8936386 1.2064831 1.0017864 0.9110741 0.7431043 1.8062992 
Xestes_augustus_masked-XT_scaffold29419-processed-gene-0.0-mRNA-1 1.4909879 1.4429331 1.5461604 1.3041450 1.8878519 1.1998658 1.2279748 1.2272413 1.2991434 0.9954919 1.1328458 1.4387086 1.0719204 0.5298624 0.8176514 2.1908615 0.7512349 1.3709168 1.1298995 1.2609881 1.4195549 1.2380071 1.3474226 1.3614826 1.1964456 1.1461497 1.4263770 1.8897542 2.1128842 1.8886077 1.8691522 1.6996778 6.4208605 1.8680130 1.7541508 1.7541508 2.1192218 2.5803645 1.1280001 0.8970778 0.0000010 0.9462066 0.9144027 1.1234372 1.1135652 0.3943396 0.7814633 0.3598477 0.0000000 0.9194640 1.0006759 0.8356489 1.2094866 1.2689719 2.1207882 1.5131102 2.0711167 1.7649983 2.3278786 3.0006055 1.9352729 2.0311623 2.9168682 1.6426424 1.1799644 1.2930387 1.0884040 1.1999140 1.5102205 3.3468051 
Emue_Em0008g369a.t1                                               1.1686573 1.0786107 1.0506073 0.8702492 1.1642870 1.0922555 1.0997675 1.1520745 1.1852988 1.0026861 1.0211071 1.0913700 1.0795499 0.9278223 0.9703160 0.7557004 1.2385743 0.9150339 0.9134905 0.6427156 0.9717800 0.8322891 0.8249683 0.8333977 0.9646223 1.0215084 1.0554450 1.1395059 1.2944181 1.1849670 1.1186432 1.0116640 0.9910487 1.1262194 1.0843832 1.0781338 1.2409612 0.9493693 0.8493704 0.8894403 0.7367347 0.7588954 0.6959804 0.6889850 0.8153936 0.8617839 0.7898151 0.7738326 0.9194640 0.0000000 0.0986324 0.1343703 0.9933964 1.1839248 1.3404772 1.2216266 1.1557914 1.0267804 1.1961419 1.3471905 1.2087248 1.2606227 1.3689651 1.3113882 1.3771688 1.0926392 0.8992058 0.8820981 1.6547148 1.5855435 
Spolac_c101718_g1_i1_m.26533c101718-g1                            1.1741180 1.1552001 1.1359048 0.8681288 1.1527547 1.0358042 1.0271744 1.1518067 1.1540478 0.9664782 0.9998350 1.0642145 1.0515635 0.9485819 0.9490596 0.6694638 1.2303949 0.9054105 0.9126670 0.7040793 0.8716599 0.8118220 0.8045572 0.8446784 0.8493150 0.9998863 0.9543458 1.0183213 1.3025652 1.1839208 1.1225104 1.0323404 1.0328687 1.1249907 1.0885378 1.0822269 1.1732998 1.0421188 0.7930373 0.8426163 0.8867068 0.7205176 0.6672229 0.6634809 0.8134397 0.8453733 0.7669422 0.7991825 1.0006759 0.0986324 0.0000000 0.0590053 0.9732107 1.0865120 1.2916643 1.1499409 1.0703957 0.9332454 1.1136562 1.2875675 1.1020432 1.1517890 1.2750458 1.3101621 1.2588182 0.9955210 0.9504904 0.8192194 1.5377007 1.5846453 
Spolac_c101718_g1_i2_m.26534c101718-g1                            1.0646199 1.1198078 1.0691280 0.8318709 1.2364942 1.0254701 1.0493169 1.1505844 1.1590295 0.9273900 1.0259638 1.0489793 1.0053580 0.8825355 1.0212653 0.0000010 0.9609725 0.9502975 0.9645213 0.7139479 0.9503541 0.8785042 0.8680352 0.9457593 0.9048599 1.0734812 0.9671575 1.2355086 1.5250985 1.3658775 1.3418851 1.2283160 1.2748367 1.2819011 1.2774680 1.2774680 1.4053458 1.4971457 0.8740557 0.9212256 8.9999982 0.6608597 0.7190090 0.7148483 0.6486057 0.9486514 0.7935818 0.7924206 0.8356489 0.1343703 0.0590053 0.0000000 0.9598141 1.0725989 1.4676126 1.2763404 1.2915079 1.0968183 1.2755313 1.5475378 1.2372977 1.2889283 1.5060145 1.2283401 1.5962615 1.0748904 0.9504904 1.0108348 1.0986722 1.6231147 
