83
Lcom_lcpid56462                                                 0.0000000 0.3947305 0.4283014 0.7859041 0.5639392 0.8985246 1.0086783 0.9208673 1.8201616 1.8561918 1.3995323 1.8170110 1.7860373 2.9693279 1.9102105 1.6885679 1.4133706 1.7485252 1.7681900 1.6642703 0.9215227 1.6601548 1.6301103 1.7152954 1.5633310 1.8662974 1.4615670 1.5454010 1.7984743 1.7164133 1.8276264 1.5997249 1.7981531 1.6823671 1.7090753 1.8720859 1.8194705 1.8041675 1.8394954 1.8530069 1.9199437 1.6572629 1.0412596 1.5707055 1.5765759 1.8888129 1.8628248 2.2290599 2.7816207 2.4935149 2.0710904 2.1053693 2.1177347 2.2582578 2.1812784 2.1998464 2.0251543 1.2086672 2.0216076 2.2158055 1.3633619 0.9962463 1.0270819 1.7963056 1.6169536 1.4457334 1.7171256 2.1639574 1.7417613 1.9312113 1.3588827 1.9691276 1.2782356 2.2155514 2.4308898 2.5691572 2.8006340 3.0412947 2.0204878 1.9901327 2.1553751 3.3136610 2.2385651 
Leuniv_Lniv_scaffold11429_01                                    0.3947305 0.0000000 0.4442596 0.7304552 0.5764464 0.8579548 0.9765196 0.8866713 1.8525095 1.8610765 1.5199658 1.7798598 1.9265139 3.2640650 1.8255098 1.5260619 1.4026014 1.8647487 1.9247806 1.8094076 1.2104494 1.6482358 1.6932929 1.8210819 1.6895692 1.9468117 1.3453382 1.5855708 1.8517913 1.8071810 1.8120113 1.6164031 1.9295224 1.7002554 1.6690113 1.9260149 1.8700757 1.8435327 1.8876370 1.8997295 1.9312423 1.5741352 0.9522800 1.6591415 1.4966165 1.7583626 1.8301374 2.2233253 2.6796281 2.4385774 2.1173848 2.1764747 1.9259157 2.1928555 2.1946372 2.1564237 2.0025868 1.2103349 1.9621010 2.1997831 1.4107922 1.0382577 1.0409394 1.9256544 1.7098136 1.3821697 1.6569712 1.9605847 1.6227629 1.7376289 1.5605671 2.0557104 1.2390640 2.4169358 2.5111718 2.6838362 2.6093373 3.0625863 1.9716668 2.0595614 2.2839880 3.7626410 2.5049662 
Gracom_Gcom_scaffold18089_01                                    0.4283014 0.4442596 0.0000000 0.0069414 0.5760289 0.9160668 1.0233326 0.9352233 1.7848331 1.7787000 1.4319751 1.7814548 1.9167597 2.9595781 1.9029419 1.4378530 1.3203854 1.7410296 1.8468087 1.7553460 1.2930520 1.6645807 1.6856536 2.0329841 1.6221789 1.9429866 1.5336692 1.6757312 1.9041964 1.8152779 1.8501071 1.6514150 1.8071101 1.7114122 1.7691903 1.8627128 1.8643248 1.7934039 1.8544914 1.8759062 1.8553397 1.6012631 1.1177491 1.5817453 1.6534721 1.9838093 1.7523197 2.3360730 2.9548961 2.5294165 2.1901639 2.1645168 1.9146518 2.4261695 2.2276283 2.2246596 2.1351253 1.2257632 2.0616351 2.1850864 1.4873344 1.0954806 1.0722385 1.8643969 1.8841708 1.4354530 1.7745196 2.0842196 1.8317843 1.8255546 1.5544386 2.0637154 1.1412938 2.3804893 2.3971854 2.4571283 2.6549647 2.8758085 1.9994290 2.0860038 2.1539215 3.5779804 2.4096048 
Gracom_Gcom_scaffold18090_01                                    0.7859041 0.7304552 0.0069414 0.0000000 6.5989826 2.7763895 3.1470542 2.9954514 2.8258731 2.8164593 1.8995292 2.7219128 1.9167597 3.2366415 2.6442858 0.0000010 6.5989826 2.6797761 3.1636155 2.8913789 1.2311553 2.7604428 2.6078751 2.0329841 2.9607164 3.1707621 6.5989826 2.3597891 2.6668409 2.5248758 5.7824007 2.1822579 2.4591827 2.5212398 2.8842823 3.4208348 3.0923114 2.8879353 2.9371708 2.8796953 2.9040865 2.3673146 0.8369818 2.5566229 2.5801906 4.6037330 3.2714738 3.3823522 3.3703817 4.4891886 3.2942742 3.1815790 8.9999985 0.0000010 3.5098230 5.8535711 4.0112318 6.3182893 6.2995074 3.0640177 5.3135987 5.3135987 2.8382642 3.1652790 1.8981008 8.9999990 2.6046381 8.9999983 0.0000010 1.9316308 1.5893324 2.7108096 0.0000010 3.9394967 3.0686235 3.6399361 3.6575453 4.7330311 6.0897724 4.9566566 4.5342132 3.6084674 2.5019024 
Clacor_Ccor_scaffold12131_01                                    0.5639392 0.5764464 0.5760289 6.5989826 0.0000000 0.5512253 0.6823460 0.6506194 1.4158220 1.3482506 0.8002613 1.3900468 0.0000010 1.1906394 0.9196572 1.5830981 1.3687111 1.2176812 1.1617666 1.1617666 2.0189669 1.0351920 0.9578384 0.0000010 1.0809491 1.2479365 1.2634024 1.1602720 1.2749518 1.2474509 1.3650248 1.0162671 1.1653567 1.1009254 1.0975707 1.2096312 1.2297923 1.2171230 1.1863922 1.2964761 1.3326408 1.2381223 6.5450866 1.0645254 1.0418829 1.2175046 1.0375808 1.5881044 2.0553951 1.5763091 1.3451851 1.3923641 0.9873911 1.9702125 1.5269890 1.4436285 1.1261498 1.1261498 1.1261498 1.4603167 1.4192154 1.0011833 1.0273432 1.1323786 6.2161966 1.1882726 1.1759613 1.1649720 1.5894385 1.7066655 1.2131895 0.7014290 1.5345840 0.7452981 1.6816375 1.6120279 1.2814406 1.1208066 1.5794345 1.7042048 1.4505237 3.0234630 1.5327862 
Gracom_Gcom_scaffold3846_01                                     0.8985246 0.8579548 0.9160668 2.7763895 0.5512253 0.0000000 0.4319440 0.2766129 1.4602461 1.5482283 1.1833763 1.6379547 9.0000000 3.1260939 1.3314002 1.9914265 1.4007580 1.5241626 1.4788401 1.4788401 8.9999985 1.4802707 1.3407826 0.0000010 1.2784760 1.5227091 1.3392721 1.4124427 1.6369098 1.6089055 1.3238405 1.2289880 1.3755244 1.3879857 1.1968598 1.6142295 1.5765394 1.5340420 1.5355987 1.5724327 1.5811676 1.6312909 3.3043521 1.4735154 1.3719533 1.4308717 1.4272532 1.7349215 2.0361091 1.7406632 1.5879440 1.6578828 1.7525610 2.7836634 1.7442430 1.6947206 1.6017880 1.1630449 1.6017880 1.6967310 1.2353491 1.0716225 0.9848186 1.3712711 4.5831648 1.2545014 1.3484074 1.5752654 2.4093706 3.0610143 1.2131895 1.3447533 2.6641703 1.1979042 1.7438697 1.6137757 1.8053657 1.8345338 1.9210137 2.1293972 1.7397687 2.4194559 4.6543256 
Lcom_lcpid63691                                                 1.0086783 0.9765196 1.0233326 3.1470542 0.6823460 0.4319440 0.0000000 0.3549834 1.5042081 1.4543587 1.1780801 1.4406030 9.0000000 2.7600108 1.2621846 1.7028738 1.4124144 1.3914728 1.3776144 1.3776144 2.3176972 1.3203616 1.2943030 0.0000010 1.3946306 1.3843235 1.3303408 1.2283545 1.4409584 1.4341009 1.2685671 1.2172229 1.4199686 1.3444532 1.3954565 1.5631744 1.6076989 1.6041796 1.6353049 1.6990682 1.7361712 1.5494774 2.9686069 1.3570182 1.2990436 1.3551109 1.3598401 1.8224564 2.2747266 1.8407925 1.7976006 1.9246192 1.8946811 2.5723662 1.8444069 1.8202187 1.6211906 1.2589989 1.6211906 1.8356030 1.4287288 1.1121953 1.0694439 1.4469940 4.5831648 1.2789608 1.3609914 1.5153451 1.6486950 1.7350185 1.2131895 1.6044935 1.9050490 1.3161147 1.8696673 1.9293973 1.7638804 1.7486850 1.8795683 2.1492182 1.6629298 2.2800089 4.8944096 
Leuniv_Lniv_scaffold22878_01                                    0.9208673 0.8866713 0.9352233 2.9954514 0.6506194 0.2766129 0.3549834 0.0000000 1.3222960 1.3369768 1.1416891 1.5129375 2.2963871 3.2855886 1.1327010 1.5554395 1.4090485 1.3338644 1.3680130 1.3680130 1.3148963 1.3603390 1.1884797 5.8861322 1.2875103 1.4349233 1.4504656 1.3874377 1.4552640 1.4389636 1.3748362 1.2411653 1.3724054 1.2965194 1.3303646 1.4513909 1.5320370 1.4996805 1.4694015 1.5600956 1.5611358 1.4310947 4.2661201 1.2651573 1.3371506 1.3687941 1.2289140 1.7686770 2.2813367 1.7961424 1.7011947 1.7294285 1.4791243 2.3697148 1.6664933 1.5364817 1.3321428 1.1804175 1.3185332 1.7520140 1.4909266 1.1347923 1.1102429 1.2663827 1.1403144 1.3744876 1.4132948 1.4622694 1.8509602 1.8619821 3.0936409 1.1932247 1.7605928 0.9715478 1.8405542 1.7683806 1.6604919 1.7033585 1.7978043 2.0888649 1.6998161 3.6010463 2.5788660 
Emue_Em0011g20a.t1                                              1.8201616 1.8525095 1.7848331 2.8258731 1.4158220 1.4602461 1.5042081 1.3222960 0.0000000 0.1593972 0.7187752 1.0413801 1.1298144 1.6800233 1.0185897 0.8654430 0.6102161 1.8574890 1.7574641 1.6118386 0.9137278 1.5680626 1.5939804 1.5239407 1.6054238 1.7126147 1.3394572 1.5355673 1.6528900 1.5921941 1.7085780 1.4842145 1.9244287 1.7532071 1.7404593 2.0041974 1.9259548 1.8900660 1.9665719 1.8451276 1.9002124 1.5367712 0.9027514 1.5186742 1.5368908 1.7863175 1.9673005 1.8543649 2.3475427 2.1341167 1.8644683 1.8784060 1.6960406 1.7505484 1.9832637 1.8609274 1.8321988 1.0324931 1.6860522 1.7586071 1.2471353 0.8938115 1.0925223 2.0236916 2.2463191 1.4601018 1.6234733 1.9236049 1.9191993 1.6833542 1.7565343 2.2006120 0.8100407 2.2365056 1.5145886 1.6040189 1.5643363 1.6671180 1.2618787 1.4401158 1.6692495 4.1206683 2.3117345 
Spolac_c100316_g1_i1_m.22094c100316-g1                          1.8561918 1.8610765 1.7787000 2.8164593 1.3482506 1.5482283 1.4543587 1.3369768 0.1593972 0.0000000 0.7236273 1.0650954 1.2995023 1.8413075 1.0098996 0.8895935 0.5917855 1.8662214 1.7803198 1.6739192 0.9540147 1.5495215 1.6063602 1.5352299 1.5768726 1.7296283 1.3349416 1.5595186 1.6919569 1.6256463 1.7067880 1.5042024 1.8595933 1.7308786 1.7863875 1.9626756 1.9534620 1.8866264 1.9574928 1.8542702 1.9020426 1.6464454 1.1389608 1.5981748 1.5766988 1.8523555 1.9721580 1.8794990 2.3814114 2.1033472 1.8793690 1.8255852 1.5416942 1.8133496 2.0421947 1.8768555 1.8264190 0.9794452 1.7089161 1.8488492 1.2065961 0.8597548 1.1073477 1.9153574 2.1250073 1.4619059 1.6334180 1.9754124 1.8208267 1.6678442 1.7071590 2.2187296 0.7843915 2.1514396 1.5420203 1.6402141 1.6570273 1.8235443 1.2457779 1.4106103 1.6832016 3.7468781 2.4776636 
Stycar_maker-SC_scaffold26464-snap-gene-0.5-mRNA-1              1.3995323 1.5199658 1.4319751 1.8995292 0.8002613 1.1833763 1.1780801 1.1416891 0.7187752 0.7236273 0.0000000 0.9434675 0.9274946 1.4566688 0.7596525 1.1898365 0.3845225 1.5753049 1.4891281 1.3948556 0.7935219 1.2941214 1.3660342 1.2663784 1.2832539 1.6418268 1.0294512 1.4540809 1.5047725 1.4993018 1.7123310 1.2928163 1.5727199 1.5480399 1.6381401 1.8503984 1.7064424 1.6480242 1.6518650 1.6082828 1.6577711 1.3460569 0.8196141 1.3439791 1.3258777 1.6444871 1.9316419 1.6390283 1.8637762 2.1104820 1.7040604 1.6709632 1.7611998 0.0000010 1.7779446 1.8516681 1.7210712 1.0783595 1.8516681 1.7101211 1.0506978 1.0506978 0.8499352 1.8281684 1.4297085 1.3479668 1.4449473 1.5732551 2.4416421 2.6760433 1.3655616 1.8661175 2.1289347 2.0467921 1.0305602 1.0145484 1.0243953 1.0150088 1.1053678 1.2883747 1.6359829 2.7892759 1.2960473 
Aque_Aqu2.1.16070_001                                           1.8170110 1.7798598 1.7814548 2.7219128 1.3900468 1.6379547 1.4406030 1.5129375 1.0413801 1.0650954 0.9434675 0.0000000 0.2995692 0.5253691 0.5075704 0.5463693 0.7538283 1.8341646 1.6902022 1.5387784 1.2628071 1.6600462 1.6792679 1.8388088 1.7443472 1.7450787 1.2355235 1.5778942 1.7228842 1.6959334 1.6859766 1.5686796 1.7343958 1.7694671 1.7976243 1.8986648 1.8639545 1.7999546 1.8805101 1.8461601 1.8774749 1.5698661 1.0255883 1.5856667 1.5854971 1.9339500 2.0142067 1.8866295 2.5162491 2.0784180 2.1707772 2.0655688 1.7172740 1.7262932 2.1585258 1.9595036 2.0197166 1.2075713 1.8417269 1.9872499 1.3195113 1.0786128 1.1540049 1.7955750 2.2257858 1.2986111 1.6413643 1.9445636 1.6574612 1.3619560 1.9642165 2.3436135 0.8878079 2.1162109 1.7113919 1.8961277 1.9140995 2.0079643 1.5378804 1.8034459 1.7565490 4.6631792 2.0688509 
Halamb_c44800_g1_i1m.18020                                      1.7860373 1.9265139 1.9167597 1.9167597 0.0000010 9.0000000 9.0000000 2.2963871 1.1298144 1.2995023 0.9274946 0.2995692 0.0000000 0.2238343 0.3392323 0.0000010 0.0000010 1.8490876 1.8569788 1.8059334 0.9389282 2.0803680 1.8978506 1.7834433 1.9596288 2.3498942 0.0000010 1.7509920 1.7762784 1.6641032 8.9999989 1.7192691 2.0241963 1.9207540 1.8406216 1.7649183 1.5820637 1.5307485 1.5569102 1.5616896 1.6727688 1.7344112 0.6298568 1.8161932 1.8455011 3.2912048 2.9349131 2.6363690 2.6363690 4.3356062 3.1145904 2.7345295 0.0000010 0.0000010 2.9833607 6.2216168 3.3881009 0.0000010 6.0149342 2.7734452 0.0000010 0.0000010 1.5834196 2.6858914 2.1150650 8.9999987 1.8815176 8.9999990 0.0000010 1.5056856 1.8256081 2.2297417 0.0000010 2.9091107 1.6467023 1.7479557 1.7312159 2.1036431 8.9999981 8.9999981 2.7863895 4.8219785 1.9167659 
Halamb_c63691_g1_i1m.45920                                      2.9693279 3.2640650 2.9595781 3.2366415 1.1906394 3.1260939 2.7600108 3.2855886 1.6800233 1.8413075 1.4566688 0.5253691 0.2238343 0.0000000 0.4989355 0.0000010 0.0000010 3.1228619 3.5414580 3.5414580 1.6989145 3.3162691 3.2794274 2.9006346 3.0546622 4.2551511 3.6972357 2.6349132 2.5574417 2.5444087 8.9999983 2.6872787 3.4724674 2.8005583 3.0626072 2.2449423 2.2540937 2.2426905 2.2834954 2.2380590 2.2128514 2.8428796 1.1954432 2.6063354 2.9957023 3.0732864 3.9560182 3.5544751 3.5544751 3.5720303 3.6462633 3.4378606 1.2043033 0.0000010 3.6909210 4.2488761 3.8488775 1.2043033 3.6177650 3.8223130 3.7272010 3.7272010 1.4984551 3.5973206 2.5984283 8.9999982 3.0364577 4.9065713 0.0000010 1.9397286 3.3240586 3.4456937 0.0000010 3.4030662 1.7391365 1.7391365 1.5448274 1.6565722 8.9999985 8.1567912 4.6836758 4.6793820 3.7265344 
Xestes_maker-XT_scaffold4974-augustus-gene-0.16-mRNA-1          1.9102105 1.8255098 1.9029419 2.6442858 0.9196572 1.3314002 1.2621846 1.1327010 1.0185897 1.0098996 0.7596525 0.5075704 0.3392323 0.4989355 0.0000000 0.0000010 0.6429538 2.0916724 1.8721380 1.6513281 0.9247844 1.5839626 1.6970626 1.6090038 1.8190567 1.9264299 1.0396843 1.6252878 1.7233581 1.6141230 1.9511282 1.6403981 1.8143052 1.7518287 1.6447615 1.9893332 1.8253157 1.7600752 1.7937173 1.7958475 1.8773067 1.6409244 0.6047935 1.6377636 1.5580369 2.2585281 2.2343134 1.9645223 2.2035799 2.4029315 2.3154695 2.3514402 1.6769907 2.4569647 2.2185489 2.3103044 2.3654194 0.9662917 2.2523861 2.2673633 0.8686160 0.8529756 0.8569253 1.9146850 2.1468792 1.5681716 1.7926947 2.0802454 9.0000000 2.2326042 1.8623002 2.0813424 0.0000010 1.8746633 1.5396342 1.5754248 1.5345745 1.6622944 1.5708546 1.9112297 2.0286847 4.0918584 1.9888581 
Xestes_maker-XT_scaffold5240-augustus-gene-0.12-mRNA-1          1.6885679 1.5260619 1.4378530 0.0000010 1.5830981 1.9914265 1.7028738 1.5554395 0.8654430 0.8895935 1.1898365 0.5463693 0.0000010 0.0000010 0.0000010 0.0000000 0.7735514 1.3258271 1.2429217 1.2429217 1.5351398 1.2176047 1.4887768 0.0000010 1.3618283 1.2871532 1.3694227 1.2367254 1.1978197 1.1512727 1.1047879 1.0369586 1.5339037 1.3263473 1.5015931 1.8433799 1.8780677 1.8317682 1.8438758 1.9085377 1.7770328 1.2452704 3.5511059 1.0356845 1.2457332 1.3016789 1.3817609 1.6942787 6.3527426 1.6860391 1.6614949 1.6129566 0.0000010 2.0045165 1.8633607 1.5081165 1.1192126 1.1192126 1.1192126 1.5615764 1.5317719 0.9983387 1.3519495 1.3524671 2.3751124 1.2250261 1.2373967 1.4037189 1.8189541 1.2421309 0.0000010 2.3444854 0.9219109 0.0000010 2.0820224 3.6510217 7.1564977 2.1521042 1.3260448 1.4889714 1.2027516 1.9464803 9.0000000 
Tetwil_g6279.t1                                                 1.4133706 1.4026014 1.3203854 6.5989826 1.3687111 1.4007580 1.4124144 1.4090485 0.6102161 0.5917855 0.3845225 0.7538283 0.0000010 0.0000010 0.6429538 0.7735514 0.0000000 1.2636218 1.1209199 1.1209199 2.1115117 0.9518032 1.0742036 0.0000010 1.1731946 1.0635926 0.9832616 1.0083033 1.0786603 1.0716070 1.0154353 0.8900177 1.2106975 1.1091471 1.1762462 1.2136981 1.2313693 1.2341020 1.3152714 1.3070399 1.2975984 1.0341762 5.1702057 0.9355917 1.1436462 1.2554882 1.1981009 1.2041186 1.4508723 1.1979811 1.1308199 1.1476853 0.6948064 1.5667030 1.2161616 1.1335499 0.9677556 0.9677556 0.9677556 1.1791132 1.1575175 0.8627012 1.1414439 1.2999448 0.9728296 1.2013498 1.1572485 1.3189802 1.9404917 1.5728104 1.2131895 0.8789842 0.7691356 0.8534130 0.9766632 1.1765661 0.8860360 0.7107527 0.9159382 1.2032211 1.1037046 1.9427194 2.2296931 
Cgig_XM_034458413.1                                             1.7485252 1.8647487 1.7410296 2.6797761 1.2176812 1.5241626 1.3914728 1.3338644 1.8574890 1.8662214 1.5753049 1.8341646 1.8490876 3.1228619 2.0916724 1.3258271 1.2636218 0.0000000 0.5568728 0.4791415 0.3548568 0.9025158 1.0857436 0.4292494 1.1227244 1.2960278 0.8903751 1.1046502 1.1707229 1.1599368 1.1783393 1.1227540 1.0270323 1.1281580 1.0136596 1.4721353 1.4520309 1.4400577 1.4843290 1.4622030 1.5260760 1.3701395 1.0724050 1.4428145 1.1017587 1.2766539 1.2388607 1.9141985 2.5977615 2.1722466 2.0017200 2.0090168 1.9838194 2.0614990 2.1097267 2.0773194 1.8360081 1.0420954 1.8965041 1.8367176 1.2167672 0.8955314 0.5751053 1.1513920 1.2391647 1.0525324 1.2659653 1.4695874 1.2541235 1.0787529 1.4849741 1.8770238 1.1624502 1.9346430 2.5415094 2.8435447 2.8228042 3.1804471 2.1781996 2.2993151 1.9861456 4.5011307 2.1074667 
Acagra_model.g7521.t1                                           1.7681900 1.9247806 1.8468087 3.1636155 1.1617666 1.4788401 1.3776144 1.3680130 1.7574641 1.7803198 1.4891281 1.6902022 1.8569788 3.5414580 1.8721380 1.2429217 1.1209199 0.5568728 0.0000000 0.0000010 0.3627400 0.8407781 0.9170804 0.5175359 1.0095139 1.2353787 0.8072218 1.1094122 1.1343466 1.1525609 1.2681022 1.1829121 1.0264925 1.1906385 0.9525826 1.4303819 1.4045974 1.3315773 1.3735543 1.3460897 1.4050967 1.3261106 0.9792368 1.4443852 1.1205424 1.2950026 1.1238282 1.6712286 2.2182236 1.8911749 1.7850267 1.7990543 1.3857709 1.9447039 1.9555601 1.8843230 1.7038367 0.9778571 1.6924896 1.7344940 1.1886464 0.8491447 0.5397069 1.0493855 1.2587518 1.0495250 1.2667995 1.3579693 1.1822407 1.1087989 1.3017425 1.6979049 1.0974126 1.9703934 2.3357173 2.6234501 2.7294296 3.0062456 2.0957333 2.1573354 1.9011183 4.9938678 1.9018024 
Acagra_model.g7521.t1.1.5d3b849f                                1.6642703 1.8094076 1.7553460 2.8913789 1.1617666 1.4788401 1.3776144 1.3680130 1.6118386 1.6739192 1.3948556 1.5387784 1.8059334 3.5414580 1.6513281 1.2429217 1.1209199 0.4791415 0.0000010 0.0000000 0.3627400 0.7583935 0.8719308 0.5175359 0.9302281 1.1554234 0.8072218 1.0315845 1.0676452 1.0744679 1.1176440 1.0691108 0.9906653 1.1010049 0.9134845 1.3300445 1.3053309 1.2530639 1.2770736 1.2520781 1.2768962 1.2807888 0.9792368 1.3525005 1.0718940 1.2065551 1.0749680 1.5664816 2.0358461 1.7872384 1.6386769 1.6301892 1.3264025 1.9447039 1.8563411 1.7275285 1.5502676 0.9778571 1.5071133 1.6269277 1.1886464 0.8491447 0.5397069 0.9892859 1.2587518 1.0495250 1.1621087 1.3014610 1.1822407 1.1087989 1.3017425 1.6132606 1.0974126 1.7260463 2.1323949 2.3644467 2.5130900 2.7026275 2.0957333 2.1573354 1.9011183 4.5092335 1.9018024 
Ctel_gnl_WGS_AMQN_CAPTEDRAFT_mRNA99449                          0.9215227 1.2104494 1.2930520 1.2311553 2.0189669 8.9999985 2.3176972 1.3148963 0.9137278 0.9540147 0.7935219 1.2628071 0.9389282 1.6989145 0.9247844 1.5351398 2.1115117 0.3548568 0.3627400 0.3627400 0.0000000 0.2834450 0.3536560 0.0199648 0.4335809 0.7021269 2.1700615 0.3628195 0.4605492 0.4605492 2.1700615 0.4122742 0.4418002 0.4946412 0.5083733 0.5640916 0.5568200 0.5219161 0.5361003 0.5283587 0.5372910 0.6638911 0.7718501 0.6248735 0.4796070 1.0133692 1.4380874 0.9007118 0.8641620 1.7565430 0.8456801 0.9125779 0.0000010 2.8000296 1.1384298 1.4840529 0.8598666 1.4840529 1.4840529 0.9066153 1.4840529 2.4794033 0.9810021 0.4191191 0.4807953 8.9999985 0.5839922 5.7293958 2.4783390 3.4027872 0.6901551 0.5735988 2.4783390 0.6203201 1.9119822 2.3280422 2.1717226 3.2491889 2.3230996 4.2770797 1.5501572 2.6105758 0.9828300 
Hsap_ENST00000447887                                            1.6601548 1.6482358 1.6645807 2.7604428 1.0351920 1.4802707 1.3203616 1.3603390 1.5680626 1.5495215 1.2941214 1.6600462 2.0803680 3.3162691 1.5839626 1.2176047 0.9518032 0.9025158 0.8407781 0.7583935 0.2834450 0.0000000 0.7856524 0.6205433 0.9325932 1.0528349 0.7321214 0.9332399 0.9939758 0.9920770 0.9962141 0.9627707 0.9702665 1.0059751 0.9628193 1.3137745 1.2757572 1.2583752 1.3150776 1.2596626 1.3546749 1.2088632 0.9028753 1.2186807 1.0321140 1.2783062 1.0907470 1.7599145 2.3513751 2.0011101 1.9854443 1.9804450 1.7771699 2.0749848 2.0760889 1.9917452 1.8177001 0.9675698 1.8665263 1.8752615 1.0865804 0.7702121 0.6496238 1.0231697 1.1780736 0.8659954 1.1115184 1.2958612 1.2022376 1.0707558 1.3604552 1.7539586 1.0904784 1.6211070 2.3187402 2.6043119 2.5680324 2.9574576 1.7610435 1.8745909 1.8765827 4.5089147 2.0805180 
Bralan_BLAG13000978_1                                           1.6301103 1.6932929 1.6856536 2.6078751 0.9578384 1.3407826 1.2943030 1.1884797 1.5939804 1.6063602 1.3660342 1.6792679 1.8978506 3.2794274 1.6970626 1.4887768 1.0742036 1.0857436 0.9170804 0.8719308 0.3536560 0.7856524 0.0000000 0.7100631 0.8976890 1.1700401 0.8847381 1.0404841 1.1455775 1.1151883 1.0971688 0.9677868 0.9731807 1.0665438 0.9512592 1.2333677 1.2115092 1.2491647 1.3164282 1.2090861 1.2520639 1.3429616 1.0355325 1.3477074 0.9644704 1.1938435 1.0092629 1.7962811 2.4543371 2.0457668 1.8690475 1.8294184 1.7543281 1.9167287 1.8992663 1.8380942 1.7393584 0.9949169 1.7621784 1.8347616 1.1127064 0.8699213 0.7832707 1.0337414 1.1560979 1.0946628 1.1571733 1.2916863 1.1941153 1.2903241 1.1711772 1.5548147 1.2055887 1.4907985 2.0906242 2.3086815 2.4173437 2.7579565 1.9392920 1.9645774 1.9091019 3.7562778 1.9935920 
Ctel_gnl_WGS_AMQN_CAPTEDRAFT_mRNA196472                         1.7152954 1.8210819 2.0329841 2.0329841 0.0000010 0.0000010 0.0000010 5.8861322 1.5239407 1.5352299 1.2663784 1.8388088 1.7834433 2.9006346 1.6090038 0.0000010 0.0000010 0.4292494 0.5175359 0.5175359 0.0199648 0.6205433 0.7100631 0.0000000 0.6312286 1.7904570 0.0000010 1.1350081 1.0544993 0.9354501 9.0000000 1.1187243 0.6492729 1.1509624 0.6600957 1.1451786 0.9287115 0.9410326 0.9118057 0.9484658 0.9388215 1.2770970 0.8849340 1.2202550 1.1039063 1.7180651 1.1173169 1.7751734 1.7751734 2.4828419 1.6183928 1.5938028 0.0000010 0.0000010 2.1071872 7.4062851 2.2985785 0.0000010 6.9448815 1.8177747 0.0000010 0.0000010 2.0964782 0.7927338 1.1569434 8.9999990 0.7363484 4.3102731 0.0000010 2.5296398 1.4049063 1.1851759 0.0000010 1.2540013 2.5579543 2.9592215 2.4738549 3.4576334 6.7303558 6.0117281 2.9099629 3.9447667 1.8163977 
Spur_XM_030996325.1                                             1.5633310 1.6895692 1.6221789 2.9607164 1.0809491 1.2784760 1.3946306 1.2875103 1.6054238 1.5768726 1.2832539 1.7443472 1.9596288 3.0546622 1.8190567 1.3618283 1.1731946 1.1227244 1.0095139 0.9302281 0.4335809 0.9325932 0.8976890 0.6312286 0.0000000 1.3273080 0.9067898 1.1431128 1.2518815 1.2247040 1.3128073 1.1397148 1.0509472 1.2373991 1.0377135 1.3541822 1.3476410 1.3273086 1.3567180 1.3577069 1.3268573 1.2722670 0.9752719 1.4180328 1.1224516 1.3936775 0.9618907 1.8500509 2.3755084 2.1223074 1.9780190 1.8697165 1.4071228 2.1853910 2.0481704 2.0445809 1.7701400 1.0514463 1.8001909 1.8262671 1.2278635 0.8794848 0.8442656 1.1834669 1.3001628 1.1652552 1.2458476 1.5240046 1.5649282 1.3289157 1.3983958 1.3995020 1.0113962 1.5662268 2.2498574 2.3860976 2.5769423 3.1209646 1.9646896 1.9987286 1.9625707 4.1567169 2.0030272 
Gasp_gasp1.m3.21806.m1                                          1.8662974 1.9468117 1.9429866 3.1707621 1.2479365 1.5227091 1.3843235 1.4349233 1.7126147 1.7296283 1.6418268 1.7450787 2.3498942 4.2551511 1.9264299 1.2871532 1.0635926 1.2960278 1.2353787 1.1554234 0.7021269 1.0528349 1.1700401 1.7904570 1.3273080 0.0000000 0.2146927 0.2330174 0.2062235 0.1860459 0.3958183 0.3012844 1.3348399 0.6518949 1.2514097 1.6002230 1.5206576 1.5513499 1.6503837 1.5532078 1.5316164 1.4231812 0.8840153 1.4550546 0.9894551 1.1835329 1.2728165 1.8392842 2.4349485 2.0840043 1.9549726 2.0415735 1.6824063 2.1145242 2.0371197 1.8169180 1.8132737 1.1205593 1.7304249 1.8365531 1.1650577 0.8525263 0.7455723 1.4320224 1.1159957 0.9357218 1.0931109 1.3168944 1.3106060 0.8733492 1.2118823 1.8320627 1.2005897 1.6447580 2.1135569 2.4121383 2.4685263 2.6847919 2.0185800 2.0141707 1.9899340 3.9893250 2.4342559 
Adig_XM_015892631.1                                             1.4615670 1.3453382 1.5336692 6.5989826 1.2634024 1.3392721 1.3303408 1.4504656 1.3394572 1.3349416 1.0294512 1.2355235 0.0000010 3.6972357 1.0396843 1.3694227 0.9832616 0.8903751 0.8072218 0.8072218 2.1700615 0.7321214 0.8847381 0.0000010 0.9067898 0.2146927 0.0000000 0.1798305 0.2458204 0.2338606 0.1072921 0.0639143 0.8765360 0.4861177 0.8995527 0.9913415 0.9856581 0.9822602 1.0267374 0.9377861 0.9758893 0.9868115 5.1552416 1.0187106 0.6941975 0.7563879 0.9477504 1.4981407 1.8828459 1.4781013 1.4721021 1.6203836 1.3564778 2.4247761 1.5781893 1.4157197 1.2114688 1.1359841 1.2114688 1.4784506 1.2157777 0.8625490 0.7581263 0.9489165 1.2882927 0.9698566 0.9635534 1.0046062 1.4032750 1.0693977 1.2131895 1.1017666 1.1635530 0.9507355 1.5144235 1.5128864 1.4842608 1.3894611 1.6842591 1.7883148 1.5532915 5.2088299 1.0992684 
Gfas_gfas1.m1.2117.m1                                           1.5454010 1.5855708 1.6757312 2.3597891 1.1602720 1.4124427 1.2283545 1.3874377 1.5355673 1.5595186 1.4540809 1.5778942 1.7509920 2.6349132 1.6252878 1.2367254 1.0083033 1.1046502 1.1094122 1.0315845 0.3628195 0.9332399 1.0404841 1.1350081 1.1431128 0.2330174 0.1798305 0.0000000 0.2526653 0.2399689 0.3382180 0.2222146 1.1777854 0.5974788 1.0811169 1.2549655 1.2617512 1.2382623 1.3069478 1.2770345 1.2933417 1.1698408 0.9393818 1.3114253 0.8347544 1.0634177 1.1231787 1.6067957 2.0062494 1.8550809 1.6982778 1.7075632 1.2542473 1.8556521 1.8173157 1.7016470 1.6204359 1.0664799 1.6220981 1.6175115 1.1266190 0.8419223 0.7435408 1.2262153 0.9037889 0.9686240 1.0489366 1.2322340 1.1887990 0.8915558 1.1123006 1.5015935 1.2058915 1.4218050 2.0116887 2.2341047 2.3733424 2.6039398 1.8915200 2.0314826 1.8381425 3.5472095 2.0327437 
Spis_XP_022793290_1                                             1.7984743 1.8517913 1.9041964 2.6668409 1.2749518 1.6369098 1.4409584 1.4552640 1.6528900 1.6919569 1.5047725 1.7228842 1.7762784 2.5574417 1.7233581 1.1978197 1.0786603 1.1707229 1.1343466 1.0676452 0.4605492 0.9939758 1.1455775 1.0544993 1.2518815 0.2062235 0.2458204 0.2526653 0.0000000 0.0525090 0.4515961 0.2880539 1.2963521 0.6481970 1.1929735 1.4857278 1.4209254 1.4283437 1.4966964 1.4375827 1.5015765 1.3058372 0.9321994 1.3548204 0.9685593 1.1492753 1.3257780 1.7454403 2.1964655 1.9957477 1.7260772 1.7869111 1.6652654 1.9883640 1.9137688 1.8016437 1.6811023 1.1087731 1.7091602 1.7523473 1.1566745 0.8604752 0.8226071 1.3658215 0.8653820 1.0452904 1.1255490 1.3732442 1.2509156 1.0469094 1.1097841 1.7388465 1.2040656 1.5120837 2.1723591 2.4305845 2.5536499 2.7869147 2.0743192 2.0978168 1.9329624 3.6561276 2.1980752 
Pocdam_XM_027180188.1                                           1.7164133 1.8071810 1.8152779 2.5248758 1.2474509 1.6089055 1.4341009 1.4389636 1.5921941 1.6256463 1.4993018 1.6959334 1.6641032 2.5444087 1.6141230 1.1512727 1.0716070 1.1599368 1.1525609 1.0744679 0.4605492 0.9920770 1.1151883 0.9354501 1.2247040 0.1860459 0.2338606 0.2399689 0.0525090 0.0000000 0.4433647 0.2857119 1.2428955 0.6261612 1.1568665 1.4492168 1.3879291 1.3884037 1.4563209 1.3980011 1.4163009 1.2420698 0.8567488 1.3108112 0.9542607 1.1312321 1.3252547 1.7308458 2.1170602 1.9826875 1.6845948 1.7519630 1.6914450 2.0376006 1.8824316 1.7690914 1.6288642 1.1200169 1.6517345 1.7173222 1.2128130 0.8826611 0.8069435 1.3382138 0.8459141 1.0404154 1.1054825 1.3592263 1.2643798 1.0035643 1.0316029 1.7170774 1.2083441 1.4761628 2.1367029 2.3807122 2.4857684 2.7511852 2.0618236 2.0979987 1.8889744 3.4323801 2.0532144 
Adig_XM_015892033.1                                             1.8276264 1.8120113 1.8501071 5.7824007 1.3650248 1.3238405 1.2685671 1.3748362 1.7085780 1.7067880 1.7123310 1.6859766 8.9999989 8.9999983 1.9511282 1.1047879 1.0154353 1.1783393 1.2681022 1.1176440 2.1700615 0.9962141 1.0971688 9.0000000 1.3128073 0.3958183 0.1072921 0.3382180 0.4515961 0.4433647 0.0000000 0.0872023 1.1986277 0.6844018 1.2237649 1.3667476 1.4256676 1.3408264 1.4308773 1.3761057 1.4016702 1.3443518 5.1552416 1.4427292 0.9665712 1.1245054 1.2096817 1.6622838 2.3888598 1.6749129 1.7909992 1.8739590 1.5052999 2.2208865 1.7910143 1.6213834 1.4678029 1.2302285 1.4678029 1.6234216 1.2749444 1.0161912 0.8844465 1.1639107 6.4095914 0.9779856 1.2916937 1.0683539 1.2701786 0.9748518 5.5056128 2.1466846 1.1635530 1.8403884 1.9133904 2.0291167 2.2324835 2.4582144 1.6872716 1.9207265 1.5113906 4.1851121 6.5175796 
Amil_Amillepora36058-RA                                         1.5997249 1.6164031 1.6514150 2.1822579 1.0162671 1.2289880 1.2172229 1.2411653 1.4842145 1.5042024 1.2928163 1.5686796 1.7192691 2.6872787 1.6403981 1.0369586 0.8900177 1.1227540 1.1829121 1.0691108 0.4122742 0.9627707 0.9677868 1.1187243 1.1397148 0.3012844 0.0639143 0.2222146 0.2880539 0.2857119 0.0872023 0.0000000 1.2240358 0.5946958 1.1157211 1.2982592 1.2510231 1.2053353 1.2073366 1.2279962 1.2631426 1.1800329 0.8961452 1.2545339 0.8271115 1.0441760 1.2300062 1.5513473 1.8146897 1.8074929 1.6234307 1.6287242 1.2803113 1.7759414 1.7250669 1.5319735 1.5257107 1.0182297 1.4847315 1.5395037 0.9619291 0.8011039 0.7340630 1.1504507 0.9208742 0.8745468 0.9784693 1.1760939 1.1495288 0.9327153 1.1758423 1.4960021 1.1635530 1.5112463 1.9494719 2.1375750 2.1753885 2.6887673 1.6859689 1.8041154 1.6662677 3.3379979 2.1076191 
Cscu_XM_023378486.1                                             1.7981531 1.9295224 1.8071101 2.4591827 1.1653567 1.3755244 1.4199686 1.3724054 1.9244287 1.8595933 1.5727199 1.7343958 2.0241963 3.4724674 1.8143052 1.5339037 1.2106975 1.0270323 1.0264925 0.9906653 0.4418002 0.9702665 0.9731807 0.6492729 1.0509472 1.3348399 0.8765360 1.1777854 1.2963521 1.2428955 1.1986277 1.2240358 0.0000000 1.3049111 0.8389805 1.4792658 1.4177217 1.3970025 1.4000595 1.4190548 1.4337778 1.2778623 1.3331393 1.4290689 1.1749936 1.3786524 1.2031138 1.8437283 2.3168732 2.1229348 1.9240655 1.8834317 1.8372010 2.3522017 1.9511172 1.9837630 1.7300697 1.1331166 1.8002560 1.8154140 1.2737742 0.8742111 0.8035249 0.9298567 1.3156094 1.1281087 1.2769011 1.6278707 1.3967446 1.2017678 1.1514009 1.5831766 1.2392609 1.9444626 2.4480611 2.6935826 2.5323577 2.9963202 2.1145959 2.1892138 2.1680257 4.0337149 1.9967389 
Nvec_v1g213187                                                  1.6823671 1.7002554 1.7114122 2.5212398 1.1009254 1.3879857 1.3444532 1.2965194 1.7532071 1.7308786 1.5480399 1.7694671 1.9207540 2.8005583 1.7518287 1.3263473 1.1091471 1.1281580 1.1906385 1.1010049 0.4946412 1.0059751 1.0665438 1.1509624 1.2373991 0.6518949 0.4861177 0.5974788 0.6481970 0.6261612 0.6844018 0.5946958 1.3049111 0.0000000 1.1661132 1.4808302 1.4285833 1.4091590 1.4676169 1.4006296 1.3890488 1.2580363 0.8277952 1.4045969 0.8874906 1.1621630 1.3139526 1.9081717 2.4578186 2.1651278 1.9258770 1.8796615 1.7653424 1.9800247 2.0819046 1.8423865 1.7508086 1.0864330 1.7473281 1.8634949 1.1208011 0.8074771 0.6843445 1.3862487 0.9544006 0.9727246 1.1164271 1.3402130 1.0697176 0.9196361 1.1446214 1.6967696 1.1610391 1.5630424 2.1526549 2.4430099 2.5298753 2.7510267 2.0084096 2.1719870 1.8472653 4.1749119 2.2691744 
Dpul_mRNA9979                                                   1.7090753 1.6690113 1.7691903 2.8842823 1.0975707 1.1968598 1.3954565 1.3303646 1.7404593 1.7863875 1.6381401 1.7976243 1.8406216 3.0626072 1.6447615 1.5015931 1.1762462 1.0136596 0.9525826 0.9134845 0.5083733 0.9628193 0.9512592 0.6600957 1.0377135 1.2514097 0.8995527 1.0811169 1.1929735 1.1568665 1.2237649 1.1157211 0.8389805 1.1661132 0.0000000 1.2516924 1.2065627 1.2131764 1.2603616 1.2219773 1.2103606 1.2502343 1.0960501 1.4172099 1.1276333 1.3250072 1.0608767 1.6864403 2.1115804 1.9667737 1.6833844 1.7131388 1.4706206 2.2332192 1.7774436 1.8136975 1.6082785 1.0117177 1.5996020 1.6116799 1.1590350 0.7918753 0.8029836 0.8027128 1.4005603 1.1487853 1.3115128 1.3277179 1.3304878 1.1672696 1.2981842 1.6008902 1.0716001 1.8097643 2.4152827 2.4750731 2.3959502 2.8482616 2.1405490 2.1933588 1.9570146 3.9958605 1.9179555 
HoiH23_PlH23_004118-RA                                          1.8720859 1.9260149 1.8627128 3.4208348 1.2096312 1.6142295 1.5631744 1.4513909 2.0041974 1.9626756 1.8503984 1.8986648 1.7649183 2.2449423 1.9893332 1.8433799 1.2136981 1.4721353 1.4303819 1.3300445 0.5640916 1.3137745 1.2333677 1.1451786 1.3541822 1.6002230 0.9913415 1.2549655 1.4857278 1.4492168 1.3667476 1.2982592 1.4792658 1.4808302 1.2516924 0.0000000 0.0591156 0.1325666 0.1424430 0.1847040 0.2498640 1.3888335 0.9170558 1.5512382 1.2143833 1.4561528 1.5465110 2.0409790 2.8562776 2.2382135 2.2681260 2.1779363 2.2078191 2.3721590 2.2530559 2.1252881 2.0245769 1.1303567 2.0339547 2.1050504 1.3287954 0.8684306 0.9062600 1.3982356 1.0024740 1.2295557 1.4338092 1.6357342 1.6124197 1.2948213 1.5081303 2.1383472 1.0655442 2.0112871 2.7929288 2.8755732 3.0822496 3.5519590 2.0772590 2.1836843 1.9502375 4.3410371 2.6365028 
HoiH06_mRNA2473                                                 1.8194705 1.8700757 1.8643248 3.0923114 1.2297923 1.5765394 1.6076989 1.5320370 1.9259548 1.9534620 1.7064424 1.8639545 1.5820637 2.2540937 1.8253157 1.8780677 1.2313693 1.4520309 1.4045974 1.3053309 0.5568200 1.2757572 1.2115092 0.9287115 1.3476410 1.5206576 0.9856581 1.2617512 1.4209254 1.3879291 1.4256676 1.2510231 1.4177217 1.4285833 1.2065627 0.0591156 0.0000000 0.1304119 0.1357823 0.1721444 0.2356862 1.3877588 0.7364475 1.5475375 1.2020368 1.5041429 1.5066132 2.0042241 2.6944398 2.3360944 2.1951368 2.0892330 2.2004410 2.4012974 2.2464429 2.1398248 2.0210590 1.1265871 2.0419867 2.0806233 1.3450134 0.8786219 0.9449782 1.4434862 1.0034616 1.2609499 1.3791996 1.6372806 1.6760975 1.3470643 1.2722936 1.9329411 1.0806796 1.9601775 2.6856964 2.8648392 2.8426966 3.5438628 2.1032658 2.1883288 1.9233077 4.2766940 2.2535851 
Hhon_g04585.t1                                                  1.8041675 1.8435327 1.7934039 2.8879353 1.2171230 1.5340420 1.6041796 1.4996805 1.8900660 1.8866264 1.6480242 1.7999546 1.5307485 2.2426905 1.7600752 1.8317682 1.2341020 1.4400577 1.3315773 1.2530639 0.5219161 1.2583752 1.2491647 0.9410326 1.3273086 1.5513499 0.9822602 1.2382623 1.4283437 1.3884037 1.3408264 1.2053353 1.3970025 1.4091590 1.2131764 0.1325666 0.1304119 0.0000000 0.0129738 0.1711294 0.2378690 1.3461311 0.7854048 1.5147501 1.1777247 1.4695669 1.4941379 2.0086902 2.7681438 2.3388442 2.1469950 2.0520101 2.3552202 2.3697660 2.2151539 2.0823409 1.9825887 1.0932786 1.9956674 2.0134302 1.3173507 0.8968312 0.9195747 1.3946159 1.0279652 1.1716245 1.3141210 1.5958145 1.5246094 1.2746523 1.2744875 1.9760168 1.0471834 1.9091088 2.6965924 2.8333519 2.9248594 3.8223438 2.1666229 2.2444259 1.8774044 4.7258115 2.2103010 
HoiH04_mRNA1622                                                 1.8394954 1.8876370 1.8544914 2.9371708 1.1863922 1.5355987 1.6353049 1.4694015 1.9665719 1.9574928 1.6518650 1.8805101 1.5569102 2.2834954 1.7937173 1.8438758 1.3152714 1.4843290 1.3735543 1.2770736 0.5361003 1.3150776 1.3164282 0.9118057 1.3567180 1.6503837 1.0267374 1.3069478 1.4966964 1.4563209 1.4308773 1.2073366 1.4000595 1.4676169 1.2603616 0.1424430 0.1357823 0.0129738 0.0000000 0.1782698 0.2462591 1.3817718 0.7188953 1.5620598 1.2101923 1.4552243 1.5276769 2.0864565 2.7303520 2.4755963 2.1708992 2.0757904 2.3438980 2.3443194 2.2682814 2.1273742 1.9843988 1.0943816 2.0038245 2.0150820 1.2047346 0.8968312 0.8781634 1.4257674 0.9934561 1.1670223 1.3020580 1.5651047 1.4179920 1.2755516 1.2231347 1.9691508 1.0471834 1.9598326 2.7401790 2.8292232 2.8940744 3.7721464 2.3137229 2.2768736 2.0150718 4.7026241 2.2179284 
HoiH11_mRNA3376                                                 1.8530069 1.8997295 1.8759062 2.8796953 1.2964761 1.5724327 1.6990682 1.5600956 1.8451276 1.8542702 1.6082828 1.8461601 1.5616896 2.2380590 1.7958475 1.9085377 1.3070399 1.4622030 1.3460897 1.2520781 0.5283587 1.2596626 1.2090861 0.9484658 1.3577069 1.5532078 0.9377861 1.2770345 1.4375827 1.3980011 1.3761057 1.2279962 1.4190548 1.4006296 1.2219773 0.1847040 0.1721444 0.1711294 0.1782698 0.0000000 0.2350390 1.3769729 0.8117823 1.5458520 1.1660668 1.4703339 1.4980453 2.1007777 2.8372560 2.4499918 2.2566133 2.1285491 2.0812109 2.5999370 2.3169426 2.1574289 2.0230181 1.1366075 2.0402890 2.1207786 1.3574086 0.8729281 0.9377470 1.4866409 1.0545695 1.2632671 1.3818891 1.6975359 1.5639717 1.4180749 1.2964023 1.9213314 1.0508258 1.9769792 2.7387273 2.9220704 2.8417628 3.7209586 2.2736902 2.2164790 1.9818387 4.6303626 2.2880724 
TrH2_TrispH2_007690-RA                                          1.9199437 1.9312423 1.8553397 2.9040865 1.3326408 1.5811676 1.7361712 1.5611358 1.9002124 1.9020426 1.6577711 1.8774749 1.6727688 2.2128514 1.8773067 1.7770328 1.2975984 1.5260760 1.4050967 1.2768962 0.5372910 1.3546749 1.2520639 0.9388215 1.3268573 1.5316164 0.9758893 1.2933417 1.5015765 1.4163009 1.4016702 1.2631426 1.4337778 1.3890488 1.2103606 0.2498640 0.2356862 0.2378690 0.2462591 0.2350390 0.0000000 1.3542616 0.7914009 1.4890742 1.1656685 1.5090336 1.5413348 2.1051876 2.7640757 2.4764469 2.2367689 2.1723124 2.1850462 2.8476164 2.2444849 2.2265844 2.0339753 1.1240956 2.0532499 2.0910041 1.3682228 0.8770525 0.9267177 1.4048786 0.9839020 1.2875149 1.4172776 1.8037731 1.7539990 1.3023861 1.2968539 1.9777140 1.0541660 2.0387634 2.7144613 2.8171748 2.9117670 3.8236828 2.3117507 2.2961432 2.0369894 4.3762709 2.3543574 
Opea_EP00118_Oscarella_pearsei_P005058                          1.6572629 1.5741352 1.6012631 2.3673146 1.2381223 1.6312909 1.5494774 1.4310947 1.5367712 1.6464454 1.3460569 1.5698661 1.7344112 2.8428796 1.6409244 1.2452704 1.0341762 1.3701395 1.3261106 1.2807888 0.6638911 1.2088632 1.3429616 1.2770970 1.2722670 1.4231812 0.9868115 1.1698408 1.3058372 1.2420698 1.3443518 1.1800329 1.2778623 1.2580363 1.2502343 1.3888335 1.3877588 1.3461311 1.3817718 1.3769729 1.3542616 0.0000000 0.2731527 0.6648874 1.2625708 1.5606057 1.4194229 1.7809955 2.3465391 2.0064308 1.8385236 1.8300200 1.6755850 1.7357754 2.0298161 1.9352466 1.8114182 0.9706879 1.7615427 1.7772715 1.0390235 0.7439165 1.0070980 1.3773013 1.4289236 1.2377342 1.3964374 1.7248827 1.6569434 1.1601933 1.4509651 1.6063844 1.0215657 1.8590419 2.3153479 2.6686888 2.6803854 2.9996294 1.8823246 2.0246344 2.0419832 4.4425128 2.0483562 
Opea_EP00118_Oscarella_pearsei_P005059                          1.0412596 0.9522800 1.1177491 0.8369818 6.5450866 3.3043521 2.9686069 4.2661201 0.9027514 1.1389608 0.8196141 1.0255883 0.6298568 1.1954432 0.6047935 3.5511059 5.1702057 1.0724050 0.9792368 0.9792368 0.7718501 0.9028753 1.0355325 0.8849340 0.9752719 0.8840153 5.1552416 0.9393818 0.9321994 0.8567488 5.1552416 0.8961452 1.3331393 0.8277952 1.0960501 0.9170558 0.7364475 0.7854048 0.7188953 0.8117823 0.7914009 0.2731527 0.0000000 0.4702559 0.8479750 3.2460823 1.2440981 2.5299276 2.1412623 7.8777756 2.4869723 2.0909389 0.0000010 8.9999988 2.6824542 4.5498241 1.4103785 1.4028279 1.7853394 2.7518813 3.3608712 1.4028279 3.6656979 1.4080963 1.1982503 3.2600369 0.8701098 5.5376696 9.0000000 3.1971672 0.8326526 0.8372974 1.4028279 7.8553852 1.4425057 1.7562029 1.5240138 3.3671795 4.1894768 4.2993844 2.2816163 4.2386432 0.8230953 
Plajan_Pjan_C567626_01                                          1.5707055 1.6591415 1.5817453 2.5566229 1.0645254 1.4735154 1.3570182 1.2651573 1.5186742 1.5981748 1.3439791 1.5856667 1.8161932 2.6063354 1.6377636 1.0356845 0.9355917 1.4428145 1.4443852 1.3525005 0.6248735 1.2186807 1.3477074 1.2202550 1.4180328 1.4550546 1.0187106 1.3114253 1.3548204 1.3108112 1.4427292 1.2545339 1.4290689 1.4045969 1.4172099 1.5512382 1.5475375 1.5147501 1.5620598 1.5458520 1.4890742 0.6648874 0.4702559 0.0000000 1.2399123 1.4984849 1.3914353 1.7358510 2.3282034 2.0187114 1.8430929 1.7926583 1.6754599 1.7197696 1.8967822 1.8825423 1.8125607 0.8726330 1.7569113 1.7657138 0.9950149 0.7365122 0.8936856 1.3835767 1.1374566 1.1091046 1.4172093 1.7575625 1.5217835 1.0734987 1.5838580 1.8192285 1.0941890 1.7983306 2.0886471 2.3855614 2.4847016 2.7276419 1.7746635 1.8332078 1.8290397 4.3201791 2.0230728 
