72
Pbac_sb2651422                                         0.0000000 0.0000010 0.5904375 0.4046934 0.4046934 0.3631841 0.3738586 0.4141397 0.3822453 0.4676935 0.6155168 0.5951827 0.5410104 0.6999711 0.7220086 0.7120769 0.6921492 0.7713135 0.5413314 0.0000010 0.6829039 0.6549927 0.4788721 0.4819061 0.7504106 0.7004025 0.8796144 0.7891296 0.7128620 0.6678720 0.5948494 0.5547346 0.6443396 0.8254661 0.5413314 0.6350381 0.6422282 0.9704306 0.7065881 0.7027672 0.6045519 0.7606385 0.7471319 0.7861151 0.8406254 0.8406254 0.7032670 0.6683895 0.8336792 0.8082770 0.8192160 0.5854621 0.5854621 0.7392352 0.8977941 0.4525707 0.6004338 0.6629509 0.7340228 0.7340228 0.8819256 0.8512314 1.0009524 0.9025270 0.8898980 1.1709527 1.1709527 0.8680609 0.8054619 0.9948700 0.6837385 0.0000010 
Horcal_Hcv1.av93.c8.g417.i1                            0.0000010 0.0000000 0.4695425 0.3594669 0.3676967 0.3298446 0.3646859 0.3215827 0.3195693 0.3471407 0.5936946 0.6503654 0.5663246 0.6191212 0.6963017 0.6643726 0.6233163 0.6298104 0.5251174 0.4933966 0.6038812 0.6127359 0.4952152 0.5709964 0.7044365 0.8104634 0.7117907 0.7099738 0.7124355 0.6990742 0.6924524 0.6023216 0.7088333 0.6634782 0.5564381 0.6356839 0.7423246 1.1384624 0.6648119 0.7319892 0.6766645 0.7813981 0.6450314 0.6727134 0.7178602 0.7178602 0.7009840 0.6711105 0.9145599 0.9148926 0.8935344 0.7048845 0.7033422 0.6620692 0.9701210 0.5816360 0.7079551 0.7613791 0.7765536 0.7765536 0.8375104 0.7760017 1.0171908 0.9831676 1.0692320 0.9893627 0.9893627 0.7795271 0.8162004 1.0235875 0.1479559 0.0000010 
Drygla_Dgla_sb310678                                   0.5904375 0.4695425 0.0000000 0.2830835 0.2655513 0.2710336 0.4594100 0.5384093 0.5812756 0.5339727 0.7928520 0.8617976 0.7774331 0.7944971 0.8823401 0.8643050 0.8436024 0.8878641 0.7193426 0.9848641 0.6272013 0.7136999 0.6752804 0.9240261 1.0741577 0.8865319 0.7933536 0.8263309 0.8635984 0.7806324 0.7599914 0.7490542 0.7388727 0.8839921 0.7323512 0.7423870 1.1451857 1.3844882 1.0358804 0.9811081 0.8997833 0.7223037 0.8448980 0.7935497 0.9898228 0.9741167 1.0460641 0.7585623 1.0182058 0.9287083 0.9413295 0.9019763 0.8906614 0.8985448 1.0339070 0.8442716 0.9389984 1.1696044 0.9242045 0.9242045 0.9440578 0.9255543 1.1594008 1.1389168 1.3325776 1.3493285 1.3493285 1.2827720 1.2711744 1.4462857 0.6152642 1.0521963 
Mlei_ML1703.g8.i1                                      0.4046934 0.3594669 0.2830835 0.0000000 0.0369124 0.0803859 0.2524605 0.3038731 0.3658928 0.3821649 0.6869770 0.7424652 0.6827178 0.6756186 0.8125369 0.6582229 0.6613343 0.7405926 0.6459660 0.9730465 0.6364730 0.7854386 0.6606298 0.7460716 0.9685024 0.8327513 0.7863526 0.7862038 0.7936914 0.6105010 0.6405789 0.6444005 0.6659960 0.7077737 0.6497286 0.6268713 0.9802238 1.3087240 0.8383905 0.8583925 0.7991260 0.6702577 0.7998881 0.7673975 0.7683188 0.7952522 0.7815535 0.7078947 0.8368619 0.8043533 0.7468150 0.7411142 0.7319617 0.8155335 0.9836083 0.7267988 0.8997162 0.8808575 0.7483679 0.7483679 0.8971475 0.8159938 1.3178748 1.2343681 1.3086007 1.2942011 1.2942011 1.1673461 1.1096046 1.2866333 0.5433702 1.0948983 
Bolinf_Binf_sb1182098                                  0.4046934 0.3676967 0.2655513 0.0369124 0.0000000 0.1060439 0.2548187 0.2884269 0.3550584 0.3815225 0.6845348 0.7271796 0.6802461 0.6617823 0.8058439 0.6128714 0.6571083 0.7701222 0.6431159 0.9692541 0.6376206 0.7839221 0.6579613 0.7425622 0.9722994 0.8395734 0.7882584 0.7903280 0.7641873 0.6077963 0.6376954 0.6336054 0.6621932 0.7084996 0.6457478 0.6213539 0.9874156 1.2816117 0.8375268 0.8576175 0.7979745 0.6450930 0.7985001 0.7411722 0.7669303 0.7940900 0.7939535 0.7055944 0.8698619 0.8043430 0.7463190 0.7638815 0.7543863 0.8061156 0.9941024 0.7458830 0.8714862 0.8670477 0.7577824 0.7577824 0.9013740 0.8193882 1.3398021 1.2555374 1.3041878 1.3164680 1.3164680 1.1978073 1.1311692 1.3343908 0.5480902 1.1493725 
Mertsp_Mesp_sb562633                                   0.3631841 0.3298446 0.2710336 0.0803859 0.1060439 0.0000000 0.2566959 0.3238666 0.3765647 0.3380425 0.6673325 0.6922466 0.6585968 0.6979876 0.7534735 0.6548641 0.6881852 0.7346348 0.6106391 0.9641224 0.6440758 0.7271671 0.6407912 0.7479940 0.9938279 0.8721007 0.7463389 0.7580280 0.7293856 0.6674117 0.6532877 0.6435029 0.7176604 0.6974047 0.6917687 0.6336591 0.9256170 1.4099115 0.8881168 0.9146761 0.8258742 0.6773084 0.7758807 0.7578011 0.7796449 0.8064810 0.7495279 0.6743311 0.8830990 0.8594876 0.8664998 0.7732675 0.7635782 0.9213448 1.0238787 0.7004469 0.8348687 0.9318382 0.7917617 0.7917617 0.8639630 0.7856971 1.3010997 1.2218301 1.2998078 1.3362772 1.3362772 1.1804573 1.1415577 1.2361878 0.5244381 1.1010900 
Coeast_Cast_sb790766                                   0.3738586 0.3646859 0.4594100 0.2524605 0.2548187 0.2566959 0.0000000 0.3788194 0.4352155 0.4209615 0.7810046 0.7807387 0.7814382 0.7700002 0.8875871 0.7901332 0.7989336 0.8561414 0.7364586 1.0860964 0.8330309 0.9265186 0.7643158 1.0035129 1.0802050 0.9343216 0.8126848 0.9132493 0.9185956 0.8222800 0.8295610 0.8095345 0.8301511 0.8591597 0.7779301 0.7455055 1.1296152 1.8062139 1.1084624 1.1647381 1.0417388 0.7547730 0.9804096 0.7602233 1.0342331 1.0189731 1.0767703 0.8350852 1.1376235 0.9937207 0.9621453 0.9196694 0.8984140 1.0068345 1.0052927 0.7971925 1.0409229 0.9807787 0.8612012 0.8612012 0.9277596 0.9312247 1.4073898 1.3049361 1.5173991 1.5404228 1.5404228 1.3795467 1.3214499 1.5028475 0.7321535 1.2728533 
Eupdun_Edun_sb10627632                                 0.4141397 0.3215827 0.5384093 0.3038731 0.2884269 0.3238666 0.3788194 0.0000000 0.2231489 0.2068246 0.6886707 0.6637276 0.6415834 0.6363768 0.7659619 0.6647048 0.6795606 0.6893331 0.6241547 0.9796793 0.6823657 0.7449961 0.6315882 0.7219582 0.9621399 0.8836102 0.7027450 0.8062491 0.8064579 0.6822106 0.6826640 0.6703299 0.7892514 0.8061120 0.8188939 0.7621821 0.9576389 1.4310242 0.8801034 0.8604408 0.8088686 0.6773515 0.8054481 0.7506107 0.8644262 0.8456637 0.8296801 0.6845886 0.8866537 0.8164719 0.8360752 0.8055153 0.8170935 0.9615819 1.0806445 0.6832556 0.9997141 0.7820595 0.8496669 0.8496669 0.9279867 0.8546072 1.4624235 1.3414193 1.3640923 1.5378882 1.5378882 1.3455441 1.2667038 1.4344678 0.4897338 1.0613511 
Mertsp_Mesp_sb571218                                   0.3822453 0.3195693 0.5812756 0.3658928 0.3550584 0.3765647 0.4352155 0.2231489 0.0000000 0.1079362 0.7285566 0.8954278 0.8209410 0.7781024 0.9616230 0.7562359 0.7724059 0.8618920 0.7457234 1.1136084 0.8153982 0.8985469 0.7771031 0.9009657 1.1842312 1.0386897 0.9026040 0.9999930 1.0511811 0.9164205 0.9567759 0.8839916 0.9282210 1.0256713 1.0197285 0.8624588 1.0982477 1.5437933 1.0884141 1.0435820 0.9557786 0.7334383 0.8643149 0.8880997 0.8411021 0.8832785 0.8510515 0.6915605 0.9980996 0.9646476 0.9691561 0.9162130 0.9049630 1.0291888 1.2220139 0.7535318 1.0529493 0.8586981 1.0482448 1.0482448 1.1770869 1.0776129 1.4668797 1.4140056 1.4687330 1.5422394 1.5422394 1.2735594 1.2401930 1.3683779 0.5715292 1.6366199 
Mlei_ML2931.g11.i1                                     0.4676935 0.3471407 0.5339727 0.3821649 0.3815225 0.3380425 0.4209615 0.2068246 0.1079362 0.0000000 0.6685253 0.7988733 0.7090144 0.7048155 0.8397897 0.6738689 0.6852529 0.7582569 0.6886064 0.8466215 0.7044629 0.8005846 0.6685411 0.8441647 0.9764864 0.9288864 0.7131829 0.8115005 0.9256320 0.8255960 0.8150601 0.7870193 0.8215664 0.9031515 0.9054484 0.8522500 1.0410750 1.4327173 1.0239141 0.9024282 0.8590463 0.8013632 0.7580564 0.7748091 0.7825165 0.8037593 0.7501621 0.6850853 0.9211180 0.8980719 0.9529444 0.8305938 0.8223528 0.8387776 1.1276712 0.7448593 0.8732304 0.8852992 1.0035727 1.0035727 1.0993538 1.0106437 1.3702134 1.3547807 1.4525928 1.4095838 1.4095838 1.0851568 1.1068312 1.2500433 0.4058120 1.0091547 
Ctel_gnl_WGS_AMQN_CAPTEDRAFT_mRNA163399                0.6155168 0.5936946 0.7928520 0.6869770 0.6845348 0.6673325 0.7810046 0.6886707 0.7285566 0.6685253 0.0000000 0.1787589 0.2017595 0.2378675 0.2326124 0.3692757 0.3447490 0.3713124 0.3297809 0.5295926 0.4058107 0.3594558 0.3398009 0.4587817 0.5546374 0.4824523 0.4217850 0.4066206 0.6707311 0.5913256 0.5425823 0.6695747 0.5441745 0.4772636 0.4286071 0.4492105 0.6459797 1.0799310 0.5562989 0.5235479 0.4951180 0.3422093 0.5733092 0.3413371 0.6091477 0.6047953 0.4769441 0.5798500 0.8045322 0.7117085 0.7768623 0.6489059 0.6352635 0.6485678 0.8784737 0.5671450 0.5510052 0.6255840 0.6608665 0.6608665 0.7607010 0.6909840 1.0802282 0.9383618 1.0057868 0.9326222 0.9326222 1.0451947 0.9516852 0.9266351 0.8368034 0.9091209 
Lcom_lcpid133484                                       0.5951827 0.6503654 0.8617976 0.7424652 0.7271796 0.6922466 0.7807387 0.6637276 0.8954278 0.7988733 0.1787589 0.0000000 0.1181209 0.1686471 0.1860148 0.3493139 0.3448111 0.2859474 0.3764981 0.5104421 0.4522146 0.3822204 0.4103130 0.4812869 0.5834929 0.4910900 0.4702550 0.4696575 0.7456906 0.6172309 0.5936057 0.6738647 0.5542664 0.4765096 0.5008942 0.4484494 0.6025926 1.0934927 0.5798174 0.5457359 0.5734678 0.3397447 0.6619864 0.3847859 0.6093424 0.6285340 0.4433358 0.5717148 0.8966893 0.8564516 0.9250008 0.8036739 0.8009247 0.8111712 1.0081449 0.5421716 0.6105022 0.6373086 0.6508630 0.6508630 0.7778775 0.6868725 1.0255820 0.8464701 0.8514641 0.9818520 0.9818520 1.0517153 0.9374196 0.8875990 0.8920227 1.3482761 
Cgig_XM_011452708.3                                    0.5410104 0.5663246 0.7774331 0.6827178 0.6802461 0.6585968 0.7814382 0.6415834 0.8209410 0.7090144 0.2017595 0.1181209 0.0000000 0.1753073 0.1331810 0.3826158 0.3672672 0.2712947 0.3383690 0.4821997 0.4056306 0.3535427 0.3605550 0.4900963 0.5387579 0.5477548 0.4351068 0.4320554 0.6730799 0.5362529 0.5226807 0.6097156 0.4973041 0.4703075 0.4908643 0.4167030 0.5888876 0.9532252 0.4851902 0.5378246 0.4837389 0.2806584 0.5783970 0.3475116 0.5383029 0.5425366 0.3973014 0.5918554 0.8317378 0.7787789 0.8525074 0.6652078 0.6833438 0.7572508 0.9116677 0.5388911 0.6680974 0.6530476 0.6235724 0.6235724 0.7282609 0.6661734 0.9856579 0.8314418 0.8520198 0.9523860 0.9523860 0.9924327 0.8572086 0.8682085 0.8364053 1.1030966 
Lcom_lcpid109840                                       0.6999711 0.6191212 0.7944971 0.6756186 0.6617823 0.6979876 0.7700002 0.6363768 0.7781024 0.7048155 0.2378675 0.1686471 0.1753073 0.0000000 0.2660053 0.3688887 0.3547447 0.3206682 0.3633386 0.5614071 0.4347715 0.4519212 0.4144355 0.4861815 0.5701540 0.5154493 0.4699479 0.4435735 0.6898204 0.5650919 0.5516008 0.6272403 0.5045436 0.4935208 0.5325793 0.4944752 0.6848354 1.1170893 0.5679858 0.5556808 0.5343212 0.3352418 0.6640795 0.3488495 0.5792055 0.5779280 0.4866268 0.5483529 0.7900564 0.7511620 0.8309513 0.6181069 0.6189713 0.6061002 0.8466765 0.5663961 0.5930397 0.6015940 0.6748057 0.6748057 0.7850084 0.7248518 1.0879162 0.9090836 0.8805804 0.9648355 0.9648355 0.9959042 0.8500134 0.8044172 0.7577705 0.8477096 
Lcom_lcpid179169                                       0.7220086 0.6963017 0.8823401 0.8125369 0.8058439 0.7534735 0.8875871 0.7659619 0.9616230 0.8397897 0.2326124 0.1860148 0.1331810 0.2660053 0.0000000 0.4204256 0.3640197 0.3852577 0.4094293 0.4979665 0.5252992 0.4015388 0.4400289 0.6261113 0.5567520 0.6127060 0.4903069 0.5374509 0.7587744 0.6477105 0.5870294 0.7314541 0.5665479 0.5190723 0.5870446 0.4483323 0.6267567 1.0054764 0.5700591 0.5779402 0.5618861 0.3656946 0.6757989 0.4594204 0.5969217 0.6276280 0.4894917 0.6660962 0.9854568 0.9619281 1.0548963 0.8583461 0.8732700 0.8781723 1.0258323 0.6842569 0.7042767 0.7502286 0.7454858 0.7454858 0.8839799 0.8089189 1.0626790 0.8749531 0.9634172 0.8841411 0.8841411 1.0211817 0.8768401 0.8560784 1.0001925 1.4114007 
Leuniv_Lniv_C775869_01                                 0.7120769 0.6643726 0.8643050 0.6582229 0.6128714 0.6548641 0.7901332 0.6647048 0.7562359 0.6738689 0.3692757 0.3493139 0.3826158 0.3688887 0.4204256 0.0000000 0.1146155 0.5580170 0.5054791 0.6290086 0.5051246 0.5393616 0.5365859 0.5858198 0.6722494 0.6052895 0.5659333 0.5119765 0.8881572 0.6649970 0.6624605 0.7513060 0.6645871 0.6156596 0.6250375 0.4631889 0.7543658 0.9130421 0.5792634 0.6955753 0.5345542 0.4236224 0.7966621 0.4587340 0.6538412 0.6815695 0.5852499 0.6352549 0.9344801 0.9360481 1.0061734 0.7223986 0.6899410 0.6292849 0.9028704 0.6390461 0.6021834 0.6747648 0.6604158 0.6604158 0.7098785 0.6812303 1.2901072 1.0429783 1.0278047 1.0353725 1.0353725 1.0928922 0.9367619 0.9335931 0.9079847 1.0833707 
Clacor_Ccor_C523153_01                                 0.6921492 0.6233163 0.8436024 0.6613343 0.6571083 0.6881852 0.7989336 0.6795606 0.7724059 0.6852529 0.3447490 0.3448111 0.3672672 0.3547447 0.3640197 0.1146155 0.0000000 0.5402409 0.5211190 0.6781103 0.5122386 0.6027075 0.5360180 0.5648859 0.7425818 0.6185365 0.5222562 0.4525520 0.8492589 0.6231263 0.6497344 0.7059943 0.6267896 0.5938229 0.6174087 0.5154062 0.7635886 0.9755833 0.6445928 0.7130697 0.5693391 0.3956802 0.8123574 0.4411618 0.6888024 0.7111229 0.5852035 0.6922591 0.9444237 0.8634268 0.9780577 0.7394115 0.7125857 0.7155179 0.9034655 0.6621783 0.6375923 0.6450439 0.6664273 0.6664273 0.7199355 0.6869893 1.2170990 0.9911620 1.0603119 1.0181311 1.0181311 1.1477177 0.9807830 0.9156942 0.8224944 1.1845716 
Acagra_model.g11848.t1.1.5d3b86be                      0.7713135 0.6298104 0.8878641 0.7405926 0.7701222 0.7346348 0.8561414 0.6893331 0.8618920 0.7582569 0.3713124 0.2859474 0.2712947 0.3206682 0.3852577 0.5580170 0.5402409 0.0000000 0.3559122 0.6223785 0.5085323 0.3779307 0.4112474 0.5217389 0.6359481 0.6171384 0.3895108 0.4316073 0.6727744 0.5513187 0.4870413 0.5439245 0.5101392 0.5056642 0.5648648 0.5867072 0.6551286 1.0427165 0.6754098 0.5792406 0.5538747 0.4071153 0.7330883 0.4370549 0.6875551 0.7027043 0.5658271 0.5190177 0.8512315 0.8551224 0.9378565 0.8202244 0.7973067 0.8841325 0.8579790 0.6417292 0.8565339 0.7271504 0.6714325 0.6714325 0.7699610 0.7246490 1.2688521 1.2476685 1.1620926 1.1588694 1.1588694 1.0645078 1.0673591 1.0878934 0.7029857 0.9322714 
Cscu_XM_023366112.1                                    0.5413314 0.5251174 0.7193426 0.6459660 0.6431159 0.6106391 0.7364586 0.6241547 0.7457234 0.6886064 0.3297809 0.3764981 0.3383690 0.3633386 0.4094293 0.5054791 0.5211190 0.3559122 0.0000000 0.2649596 0.4189697 0.4119037 0.3894931 0.3717687 0.5570804 0.5824159 0.4435229 0.4665467 0.6912319 0.4653931 0.4727245 0.5720762 0.4686623 0.4926408 0.3713280 0.4605310 0.6858543 1.1054688 0.6103373 0.5326665 0.4999394 0.2963105 0.6143747 0.3592037 0.6458283 0.6520674 0.5229145 0.4822224 0.7726628 0.7115608 0.7515477 0.6670913 0.7050739 0.8021841 0.9344975 0.5926125 0.8289233 0.6591762 0.6150606 0.6150606 0.7050206 0.6520708 1.3196318 1.1848562 1.1578891 1.0259713 1.0259713 1.1331191 1.0414035 1.0441483 0.9803126 0.7941529 
Cscu_XM_023371749.1                                    0.0000010 0.4933966 0.9848641 0.9730465 0.9692541 0.9641224 1.0860964 0.9796793 1.1136084 0.8466215 0.5295926 0.5104421 0.4821997 0.5614071 0.4979665 0.6290086 0.6781103 0.6223785 0.2649596 0.0000000 0.7454936 0.7794815 0.8593248 0.6301119 0.8217344 0.9108135 0.5097462 0.6305590 1.1582613 0.7505997 0.7126264 0.7234728 0.7427110 0.6352482 0.7339333 0.7551053 1.0506869 1.0251821 0.9554255 0.9514517 0.8866981 0.5261342 1.1683091 0.5879870 1.1222991 1.1399938 0.8265291 0.9367609 1.0183135 0.9292903 1.0482769 0.9166463 1.0494568 0.8930293 1.0899184 0.9281343 1.2252691 1.4374394 1.0731925 1.0731925 1.1053858 1.0012557 2.1499964 2.1499964 2.1983665 1.7561651 1.7561651 1.9397945 1.9397945 1.8950503 1.1222064 0.8495300 
Bralan_BLAG13000613_1                                  0.6829039 0.6038812 0.6272013 0.6364730 0.6376206 0.6440758 0.8330309 0.6823657 0.8153982 0.7044629 0.4058107 0.4522146 0.4056306 0.4347715 0.5252992 0.5051246 0.5122386 0.5085323 0.4189697 0.7454936 0.0000000 0.4093589 0.4449170 0.5062384 0.5740051 0.4914959 0.4016512 0.4463178 0.7991009 0.4747213 0.4714174 0.6263015 0.4639680 0.5431048 0.5256434 0.4576922 0.6897593 0.9309248 0.4839090 0.4618189 0.5136824 0.3440028 0.6424105 0.5018797 0.7033750 0.7296875 0.4916637 0.5715135 0.7238467 0.6999850 0.7224256 0.6202001 0.5721836 0.5486393 0.7203381 0.6627313 0.6519651 0.6981266 0.6239260 0.6239260 0.7099302 0.6839122 1.1887899 0.9910777 0.9922267 1.0326989 1.0326989 1.0695579 0.9551184 0.9532494 1.0159715 0.6632445 
Skow_XM_002734807.2                                    0.6549927 0.6127359 0.7136999 0.7854386 0.7839221 0.7271671 0.9265186 0.7449961 0.8985469 0.8005846 0.3594558 0.3822204 0.3535427 0.4519212 0.4015388 0.5393616 0.6027075 0.3779307 0.4119037 0.7794815 0.4093589 0.0000000 0.3581860 0.4418261 0.5339662 0.5255154 0.4406791 0.4335673 0.6967318 0.5226538 0.5156113 0.6078370 0.5112622 0.5378959 0.6183294 0.4044879 0.5997898 0.9603025 0.5206929 0.5594814 0.5025560 0.3333275 0.4728657 0.5467229 0.7791030 0.7972615 0.5453169 0.5640726 0.7456548 0.8054975 0.8638355 0.6694538 0.6153580 0.6842287 0.8559105 0.5505154 0.6855167 0.7853860 0.6885664 0.6885664 0.7821545 0.7247421 1.1395627 0.9813977 0.9491141 1.0222240 1.0222240 1.1131924 1.0043024 0.9489010 0.9153812 0.7921903 
Hsap_ENST00000313334                                   0.4788721 0.4952152 0.6752804 0.6606298 0.6579613 0.6407912 0.7643158 0.6315882 0.7771031 0.6685411 0.3398009 0.4103130 0.3605550 0.4144355 0.4400289 0.5365859 0.5360180 0.4112474 0.3894931 0.8593248 0.4449170 0.3581860 0.0000000 0.3010895 0.5491855 0.4780317 0.4037023 0.3930820 0.5882719 0.5034353 0.5015908 0.5937314 0.5145092 0.5278958 0.4903566 0.4494568 0.6796702 0.9256424 0.5116575 0.4666244 0.4377970 0.3191559 0.6023159 0.4730259 0.6603590 0.6711373 0.5297317 0.5736993 0.7272360 0.7310958 0.8354294 0.7074535 0.6831168 0.6438792 0.8260051 0.4526445 0.5900686 0.7808533 0.5911215 0.5911215 0.7168736 0.6678347 1.2187570 1.1122345 1.1086384 1.1343340 1.1343340 1.2247823 1.1212877 1.0516963 0.7899426 0.7690282 
Hsap_ENST00000380591                                   0.4819061 0.5709964 0.9240261 0.7460716 0.7425622 0.7479940 1.0035129 0.7219582 0.9009657 0.8441647 0.4587817 0.4812869 0.4900963 0.4861815 0.6261113 0.5858198 0.5648859 0.5217389 0.3717687 0.6301119 0.5062384 0.4418261 0.3010895 0.0000000 0.5982712 0.5904576 0.4757468 0.4436789 0.8246982 0.5445900 0.6362524 0.6689798 0.6534465 0.5617438 0.5638861 0.5227801 0.7575600 1.2097427 0.6119513 0.5770818 0.5530668 0.5039630 0.7514360 0.5629159 0.6350589 0.6254187 0.6176323 0.6925016 0.9374148 0.8935374 0.9872934 0.7780581 0.7830198 0.8482976 0.9427105 0.6103391 0.7226995 0.7887393 0.7126350 0.7126350 0.8661698 0.7506835 1.2858716 1.1656490 1.1317279 1.1277900 1.1277900 1.1620187 1.0959802 1.0763253 0.8918157 0.7725745 
Morvir_scaffold391.g5.t1                               0.7504106 0.7044365 1.0741577 0.9685024 0.9722994 0.9938279 1.0802050 0.9621399 1.1842312 0.9764864 0.5546374 0.5834929 0.5387579 0.5701540 0.5567520 0.6722494 0.7425818 0.6359481 0.5570804 0.8217344 0.5740051 0.5339662 0.5491855 0.5982712 0.0000000 0.5104539 0.3583974 0.4543910 0.7088760 0.5903711 0.6159738 0.6724715 0.5993783 0.5915056 0.7531194 0.5016497 0.8396650 0.9091586 0.4714072 0.4871860 0.5293918 0.3716947 0.6893583 0.5188542 0.7288483 0.7489285 0.4145934 0.7230516 0.8434533 0.8350197 0.9666225 0.7463666 0.7175211 0.8280994 0.8810328 0.7593898 0.8668480 0.9325623 0.8457814 0.8457814 0.9892317 0.9443814 1.4280350 1.2785352 1.1461504 1.2733312 1.2733312 1.1936423 1.1235304 1.0773513 1.3860363 1.1041491 
Chem_TCONS_00069454                                    0.7004025 0.8104634 0.8865319 0.8327513 0.8395734 0.8721007 0.9343216 0.8836102 1.0386897 0.9288864 0.4824523 0.4910900 0.5477548 0.5154493 0.6127060 0.6052895 0.6185365 0.6171384 0.5824159 0.9108135 0.4914959 0.5255154 0.4780317 0.5904576 0.5104539 0.0000000 0.2645295 0.2722638 0.6004848 0.4712316 0.5078199 0.5753378 0.5691017 0.4431139 0.5967886 0.6205479 0.7698617 1.0020722 0.5639827 0.5050464 0.4880700 0.3606287 0.7164734 0.5644079 0.4821952 0.4947173 0.5612246 0.5089760 0.7257682 0.6902655 0.7032234 0.6843172 0.6573194 0.6830333 0.8578997 0.4725596 0.6452110 0.8344724 0.7339542 0.7339542 0.7473878 0.7367474 1.2798167 1.1293410 1.2068545 1.2614957 1.2614957 1.1248151 1.0352530 1.1519330 1.0322958 0.8690852 
Halamb_c58044_g1_i1m.44828                             0.8796144 0.7117907 0.7933536 0.7863526 0.7882584 0.7463389 0.8126848 0.7027450 0.9026040 0.7131829 0.4217850 0.4702550 0.4351068 0.4699479 0.4903069 0.5659333 0.5222562 0.3895108 0.4435229 0.5097462 0.4016512 0.4406791 0.4037023 0.4757468 0.3583974 0.2645295 0.0000000 0.1551078 0.6331554 0.4278948 0.4630961 0.4938603 0.4539056 0.4648957 0.5804257 0.5519035 0.6284280 0.8701290 0.5158622 0.4320936 0.3911881 0.3217566 0.6474669 0.4231972 0.5326463 0.5450539 0.4760343 0.4607951 0.7564218 0.7202229 0.7871067 0.7585655 0.7517352 0.7282889 0.8042590 0.5311577 0.6785625 0.7945007 0.6751022 0.6751022 0.6870527 0.7165573 1.4344641 1.2873230 1.2549991 1.2356057 1.2356057 1.2492241 1.1293649 0.9874518 0.8927391 0.6979862 
Hvul_g7439_1                                           0.7891296 0.7099738 0.8263309 0.7862038 0.7903280 0.7580280 0.9132493 0.8062491 0.9999930 0.8115005 0.4066206 0.4696575 0.4320554 0.4435735 0.5374509 0.5119765 0.4525520 0.4316073 0.4665467 0.6305590 0.4463178 0.4335673 0.3930820 0.4436789 0.4543910 0.2722638 0.1551078 0.0000000 0.6038940 0.4660472 0.5080567 0.5472676 0.5681666 0.5011926 0.5364855 0.5636380 0.7260985 0.8829285 0.4957562 0.4897329 0.4442714 0.3959579 0.5697609 0.4015779 0.5663332 0.5786682 0.5715243 0.4273266 0.8199038 0.8131569 0.7966063 0.7396556 0.7188746 0.6727767 0.8612264 0.4565387 0.6237341 0.7657298 0.7147572 0.7147572 0.7695146 0.7215277 1.3548976 1.2279478 1.1850513 1.2196574 1.2196574 1.1567509 1.1019337 1.0642351 0.7584939 0.7711909 
Spis_XP_022791053_1                                    0.7128620 0.7124355 0.8635984 0.7936914 0.7641873 0.7293856 0.9185956 0.8064579 1.0511811 0.9256320 0.6707311 0.7456906 0.6730799 0.6898204 0.7587744 0.8881572 0.8492589 0.6727744 0.6912319 1.1582613 0.7991009 0.6967318 0.5882719 0.8246982 0.7088760 0.6004848 0.6331554 0.6038940 0.0000000 0.3934371 0.4385152 0.2150135 0.4930399 0.5063241 0.7978646 0.6755100 0.8764146 1.2687198 0.6787322 0.7555761 0.6247619 0.3809234 1.0147084 0.6175064 0.9568372 1.0353300 0.7165247 0.6135164 0.9333336 0.9665490 0.9758946 0.9077148 0.8678652 0.8510159 0.8946849 0.8086806 0.9644727 1.0592274 0.7665012 0.7665012 0.8660194 0.8207835 1.2806353 1.3503697 1.3820082 1.3666477 1.3666477 1.1076630 1.1904280 1.1301809 1.1562780 0.9991555 
Gasp_gasp1.m3.25830.m1                                 0.6678720 0.6990742 0.7806324 0.6105010 0.6077963 0.6674117 0.8222800 0.6822106 0.9164205 0.8255960 0.5913256 0.6172309 0.5362529 0.5650919 0.6477105 0.6649970 0.6231263 0.5513187 0.4653931 0.7505997 0.4747213 0.5226538 0.5034353 0.5445900 0.5903711 0.4712316 0.4278948 0.4660472 0.3934371 0.0000000 0.1155080 0.2011490 0.2850760 0.3292715 0.6243400 0.4685656 0.6741645 1.0635245 0.5835888 0.6270379 0.4413166 0.2002313 0.7998059 0.5010190 0.6832109 0.6730112 0.5709743 0.5515976 0.7168548 0.7089575 0.7319703 0.6478022 0.6286884 0.6885420 0.8008567 0.5856799 0.8312621 0.8857044 0.5730188 0.5730188 0.6413791 0.5831583 1.4345738 1.3062278 1.3639799 1.3974594 1.3974594 1.3358754 1.2143619 1.1672483 1.2134758 0.3991464 
Fspp_ffun1.m4.12695.m1                                 0.5948494 0.6924524 0.7599914 0.6405789 0.6376954 0.6532877 0.8295610 0.6826640 0.9567759 0.8150601 0.5425823 0.5936057 0.5226807 0.5516008 0.5870294 0.6624605 0.6497344 0.4870413 0.4727245 0.7126264 0.4714174 0.5156113 0.5015908 0.6362524 0.6159738 0.5078199 0.4630961 0.5080567 0.4385152 0.1155080 0.0000000 0.2324771 0.2763491 0.3661942 0.5874505 0.5191600 0.6906284 1.1159042 0.6510953 0.6759850 0.5479257 0.2917086 0.8045080 0.5784298 0.7298179 0.7247676 0.5214751 0.5380931 0.6453569 0.6418467 0.6735541 0.5666875 0.5489756 0.5647724 0.7605169 0.5699431 0.8310524 0.9154034 0.6362719 0.6362719 0.6421571 0.6292876 1.2812420 1.2494164 1.2826126 1.3944957 1.3944957 1.1728456 1.1571572 1.1183282 1.2164400 0.5088697 
Pocdam_XM_027187427.1                                  0.5547346 0.6023216 0.7490542 0.6444005 0.6336054 0.6435029 0.8095345 0.6703299 0.8839916 0.7870193 0.6695747 0.6738647 0.6097156 0.6272403 0.7314541 0.7513060 0.7059943 0.5439245 0.5720762 0.7234728 0.6263015 0.6078370 0.5937314 0.6689798 0.6724715 0.5753378 0.4938603 0.5472676 0.2150135 0.2011490 0.2324771 0.0000000 0.4228047 0.4766591 0.6767175 0.5907184 0.7717696 1.0999847 0.6986875 0.7412567 0.5489890 0.3539841 0.8724196 0.5908521 0.7923392 0.8079980 0.6785436 0.6250974 0.8042713 0.8012076 0.8224438 0.7525713 0.7301843 0.7414948 0.8163840 0.6076276 0.9483091 1.0861427 0.6839758 0.6839758 0.7433503 0.7035362 1.3669463 1.3820893 1.4719312 1.4955362 1.4955362 1.2452763 1.2701106 1.2714255 1.0524839 0.6428866 
Gfas_gfas1.m1.23852.m1                                 0.6443396 0.7088333 0.7388727 0.6659960 0.6621932 0.7176604 0.8301511 0.7892514 0.9282210 0.8215664 0.5441745 0.5542664 0.4973041 0.5045436 0.5665479 0.6645871 0.6267896 0.5101392 0.4686623 0.7427110 0.4639680 0.5112622 0.5145092 0.6534465 0.5993783 0.5691017 0.4539056 0.5681666 0.4930399 0.2850760 0.2763491 0.4228047 0.0000000 0.4511704 0.6925382 0.4961634 0.6238091 0.9055637 0.7192831 0.6586528 0.5459539 0.1652836 0.8599774 0.5839918 0.7695743 0.7385125 0.6049323 0.6449852 0.7871875 0.7346510 0.7851403 0.7357589 0.7036099 0.7212469 0.7720185 0.6865564 0.8362190 0.8269913 0.6748549 0.6748549 0.7899193 0.7381774 1.2733077 1.2697355 1.2451099 1.3522752 1.3522752 1.2683154 1.2678441 1.1226827 1.3459726 0.7482703 
Exapal_XM_021041820.2                                  0.8254661 0.6634782 0.8839921 0.7077737 0.7084996 0.6974047 0.8591597 0.8061120 1.0256713 0.9031515 0.4772636 0.4765096 0.4703075 0.4935208 0.5190723 0.6156596 0.5938229 0.5056642 0.4926408 0.6352482 0.5431048 0.5378959 0.5278958 0.5617438 0.5915056 0.4431139 0.4648957 0.5011926 0.5063241 0.3292715 0.3661942 0.4766591 0.4511704 0.0000000 0.6395469 0.4560318 0.6704872 0.9770946 0.5549571 0.5633219 0.4509665 0.3034727 0.8244512 0.4819761 0.6337924 0.6284137 0.5673284 0.6011304 0.7554594 0.6478073 0.7099405 0.7159829 0.6779912 0.6917917 0.8301572 0.5915434 0.7900806 0.8409723 0.5956798 0.5956798 0.6771991 0.6245747 1.2876877 1.1983202 1.1254601 1.2288696 1.2288696 1.2518336 1.1657171 1.0277423 0.9948008 0.5425050 
Dpul_mRNA14098                                         0.5413314 0.5564381 0.7323512 0.6497286 0.6457478 0.6917687 0.7779301 0.8188939 1.0197285 0.9054484 0.4286071 0.5008942 0.4908643 0.5325793 0.5870446 0.6250375 0.6174087 0.5648648 0.3713280 0.7339333 0.5256434 0.6183294 0.4903566 0.5638861 0.7531194 0.5967886 0.5804257 0.5364855 0.7978646 0.6243400 0.5874505 0.6767175 0.6925382 0.6395469 0.0000000 0.6159276 0.8411261 1.1013986 0.6407883 0.6736587 0.6440400 0.3239719 0.7521287 0.4842851 0.7176241 0.7453121 0.7019785 0.5418931 0.9772958 0.8615361 0.8512699 0.7019751 0.7124643 0.8513565 0.9496101 0.7007772 0.8586089 0.8223816 0.7155850 0.7155850 0.6944521 0.6795805 1.1073870 1.0291959 1.0769900 0.9628349 0.9628349 1.1997907 1.0994589 1.1116489 1.0490839 1.3524311 
Lcom_lcpid205554                                       0.6350381 0.6356839 0.7423870 0.6268713 0.6213539 0.6336591 0.7455055 0.7621821 0.8624588 0.8522500 0.4492105 0.4484494 0.4167030 0.4944752 0.4483323 0.4631889 0.5154062 0.5867072 0.4605310 0.7551053 0.4576922 0.4044879 0.4494568 0.5227801 0.5016497 0.6205479 0.5519035 0.5636380 0.6755100 0.4685656 0.5191600 0.5907184 0.4961634 0.4560318 0.6159276 0.0000000 0.1916172 0.9477593 0.4792112 0.5208999 0.4770043 0.4139320 0.6996564 0.6205980 0.6935190 0.6935190 0.5663709 0.6205834 0.7315844 0.7636793 0.7362525 0.6238446 0.6360138 0.6783895 0.9646223 0.6382518 0.7005496 0.5269749 0.5887522 0.5887522 0.6243824 0.6305866 1.0482024 0.9826149 0.9681876 0.9669726 0.9669726 0.7942659 0.7972923 0.7237429 1.0558472 0.6898039 
Lcom_lcpid157619                                       0.6422282 0.7423246 1.1451857 0.9802238 0.9874156 0.9256170 1.1296152 0.9576389 1.0982477 1.0410750 0.6459797 0.6025926 0.5888876 0.6848354 0.6267567 0.7543658 0.7635886 0.6551286 0.6858543 1.0506869 0.6897593 0.5997898 0.6796702 0.7575600 0.8396650 0.7698617 0.6284280 0.7260985 0.8764146 0.6741645 0.6906284 0.7717696 0.6238091 0.6704872 0.8411261 0.1916172 0.0000000 1.3452978 0.8661750 0.8617088 0.7770572 0.4666208 0.9686173 0.7736933 0.9287283 0.9181102 0.7688865 0.8358575 0.9825986 1.0599222 1.0583306 1.0841195 1.0827986 1.1065630 1.3055390 0.8848194 0.8814921 0.6306143 0.7559966 0.7559966 0.7559882 0.7830249 1.2851891 1.2134803 1.2598179 1.1942001 1.1942001 1.1347039 1.1291419 1.0685361 1.4871392 1.1814505 
Nemnom_g6659.t1                                        0.9704306 1.1384624 1.3844882 1.3087240 1.2816117 1.4099115 1.8062139 1.4310242 1.5437933 1.4327173 1.0799310 1.0934927 0.9532252 1.1170893 1.0054764 0.9130421 0.9755833 1.0427165 1.1054688 1.0251821 0.9309248 0.9603025 0.9256424 1.2097427 0.9091586 1.0020722 0.8701290 0.8829285 1.2687198 1.0635245 1.1159042 1.0999847 0.9055637 0.9770946 1.1013986 0.9477593 1.3452978 0.0000000 0.2665003 0.6314779 0.5306565 0.8206783 1.2434225 0.8897772 1.4963340 1.4763682 1.1412466 1.3480942 1.3659885 1.2669703 1.4350471 1.2873173 1.2475753 0.7451878 1.3031339 1.2585089 1.2993041 1.6503183 1.3413611 1.3413611 1.5260257 1.3547352 1.5843475 1.9491634 1.7406203 1.7059427 1.7059427 1.5124862 1.8527324 1.7648713 1.3826047 1.2894004 
Rhoesc_Res_016046-T1                                   0.7065881 0.6648119 1.0358804 0.8383905 0.8375268 0.8881168 1.1084624 0.8801034 1.0884141 1.0239141 0.5562989 0.5798174 0.4851902 0.5679858 0.5700591 0.5792634 0.6445928 0.6754098 0.6103373 0.9554255 0.4839090 0.5206929 0.5116575 0.6119513 0.4714072 0.5639827 0.5158622 0.4957562 0.6787322 0.5835888 0.6510953 0.6986875 0.7192831 0.5549571 0.6407883 0.4792112 0.8661750 0.2665003 0.0000000 0.2493759 0.3305758 0.3392662 0.7223888 0.5295668 0.8953999 0.8853302 0.6347405 0.7820608 0.8930783 0.9098393 0.9892613 0.6862458 0.6512246 0.7006465 0.8623152 0.7759454 0.8655257 0.8795246 0.7253269 0.7253269 0.8722051 0.7819056 1.3456847 1.2182523 1.1269789 1.2330978 1.2330978 1.2102803 1.1410961 1.0592604 1.3772993 1.2191443 
Aaur_scaffold1.g20.t1                                  0.7027672 0.7319892 0.9811081 0.8583925 0.8576175 0.9146761 1.1647381 0.8604408 1.0435820 0.9024282 0.5235479 0.5457359 0.5378246 0.5556808 0.5779402 0.6955753 0.7130697 0.5792406 0.5326665 0.9514517 0.4618189 0.5594814 0.4666244 0.5770818 0.4871860 0.5050464 0.4320936 0.4897329 0.7555761 0.6270379 0.6759850 0.7412567 0.6586528 0.5633219 0.6736587 0.5208999 0.8617088 0.6314779 0.2493759 0.0000000 0.2878815 0.3405691 0.7805923 0.5388208 0.7133142 0.7023357 0.5458704 0.7130962 0.7810149 0.8636527 0.9853875 0.7864608 0.7580876 0.7496163 0.8493184 0.7844721 0.8022450 0.9083274 0.8576586 0.8576586 1.0146995 0.9179695 1.3880542 1.2388292 1.2149191 1.1660388 1.1660388 1.2872256 1.2103013 1.1645599 1.1154123 1.0748903 
Sanmal_Sma_012032-T1                                   0.6045519 0.6766645 0.8997833 0.7991260 0.7979745 0.8258742 1.0417388 0.8088686 0.9557786 0.8590463 0.4951180 0.5734678 0.4837389 0.5343212 0.5618861 0.5345542 0.5693391 0.5538747 0.4999394 0.8866981 0.5136824 0.5025560 0.4377970 0.5530668 0.5293918 0.4880700 0.3911881 0.4442714 0.6247619 0.4413166 0.5479257 0.5489890 0.5459539 0.4509665 0.6440400 0.4770043 0.7770572 0.5306565 0.3305758 0.2878815 0.0000000 0.2222919 0.6705117 0.5083042 0.6649532 0.6445533 0.5584611 0.6326614 0.8408649 0.8520069 0.9701451 0.7647732 0.7183734 0.7534948 0.7718271 0.6348492 0.6733521 0.8457551 0.6902319 0.6902319 0.8361122 0.7470284 1.3981755 1.2040227 1.0804523 1.0645254 1.0645254 1.2636205 1.0892052 1.0698643 1.0802681 0.7603555 
Adig_XM_015904199.1                                    0.7606385 0.7813981 0.7223037 0.6702577 0.6450930 0.6773084 0.7547730 0.6773515 0.7334383 0.8013632 0.3422093 0.3397447 0.2806584 0.3352418 0.3656946 0.4236224 0.3956802 0.4071153 0.2963105 0.5261342 0.3440028 0.3333275 0.3191559 0.5039630 0.3716947 0.3606287 0.3217566 0.3959579 0.3809234 0.2002313 0.2917086 0.3539841 0.1652836 0.3034727 0.3239719 0.4139320 0.4666208 0.8206783 0.3392662 0.3405691 0.2222919 0.0000000 0.3952976 0.3450235 0.4060362 0.4060362 0.4281101 0.3198453 0.7052979 0.7062130 0.6618123 0.6757819 0.6312409 0.5797013 0.7591744 0.5288145 0.6456279 0.5003976 0.4692360 0.4692360 0.5270865 0.4812683 0.8867573 0.8040022 0.8706172 0.8389068 0.8389068 0.7813009 0.7450091 0.7309963 0.7802009 7.2795873 
Spur_XM_030996026.1                                    0.7471319 0.6450314 0.8448980 0.7998881 0.7985001 0.7758807 0.9804096 0.8054481 0.8643149 0.7580564 0.5733092 0.6619864 0.5783970 0.6640795 0.6757989 0.7966621 0.8123574 0.7330883 0.6143747 1.1683091 0.6424105 0.4728657 0.6023159 0.7514360 0.6893583 0.7164734 0.6474669 0.5697609 1.0147084 0.7998059 0.8045080 0.8724196 0.8599774 0.8244512 0.7521287 0.6996564 0.9686173 1.2434225 0.7223888 0.7805923 0.6705117 0.3952976 0.0000000 0.6466437 0.8078450 0.8308791 0.6897565 0.6213250 0.9939386 0.9655254 0.9936040 0.8300542 0.7999307 1.0497953 1.1584023 0.8565037 0.8424702 1.0998738 0.9130749 0.9130749 1.0211457 1.0110206 1.4060397 1.2572031 1.1618832 1.3173625 1.3173625 1.3665352 1.2113746 1.1903708 1.1844489 2.0329550 
Tcas_TC012217_001                                      0.7861151 0.6727134 0.7935497 0.7673975 0.7411722 0.7578011 0.7602233 0.7506107 0.8880997 0.7748091 0.3413371 0.3847859 0.3475116 0.3488495 0.4594204 0.4587340 0.4411618 0.4370549 0.3592037 0.5879870 0.5018797 0.5467229 0.4730259 0.5629159 0.5188542 0.5644079 0.4231972 0.4015779 0.6175064 0.5010190 0.5784298 0.5908521 0.5839918 0.4819761 0.4842851 0.6205980 0.7736933 0.8897772 0.5295668 0.5388208 0.5083042 0.3450235 0.6466437 0.0000000 0.5943731 0.6010347 0.4879184 0.5979097 0.9021119 0.7454639 0.7582373 0.6915549 0.6988466 0.7134090 0.8626847 0.5521364 0.6920902 0.6524339 0.6911527 0.6911527 0.7953092 0.7287692 1.2309133 1.1137879 1.1418895 1.1498055 1.1498055 0.9699563 0.9016664 0.9884476 0.8145618 1.3547225 
Opea_EP00118_Oscarella_pearsei_P028941                 0.8406254 0.7178602 0.9898228 0.7683188 0.7669303 0.7796449 1.0342331 0.8644262 0.8411021 0.7825165 0.6091477 0.6093424 0.5383029 0.5792055 0.5969217 0.6538412 0.6888024 0.6875551 0.6458283 1.1222991 0.7033750 0.7791030 0.6603590 0.6350589 0.7288483 0.4821952 0.5326463 0.5663332 0.9568372 0.6832109 0.7298179 0.7923392 0.7695743 0.6337924 0.7176241 0.6935190 0.9287283 1.4963340 0.8953999 0.7133142 0.6649532 0.4060362 0.8078450 0.5943731 0.0000000 0.0069532 0.4746116 0.6845013 0.9112833 0.8415177 0.9070643 0.7736219 0.7354010 0.8020643 0.7246114 0.7748918 0.8659493 0.9585738 0.9244822 0.9244822 1.0309012 1.0274028 1.4961164 1.2922344 1.2111072 1.4001290 1.4001290 1.2248708 1.1022301 0.9986565 0.8863167 1.1501102 
Ocar_g9665                                             0.8406254 0.7178602 0.9741167 0.7952522 0.7940900 0.8064810 1.0189731 0.8456637 0.8832785 0.8037593 0.6047953 0.6285340 0.5425366 0.5779280 0.6276280 0.6815695 0.7111229 0.7027043 0.6520674 1.1399938 0.7296875 0.7972615 0.6711373 0.6254187 0.7489285 0.4947173 0.5450539 0.5786682 1.0353300 0.6730112 0.7247676 0.8079980 0.7385125 0.6284137 0.7453121 0.6935190 0.9181102 1.4763682 0.8853302 0.7023357 0.6445533 0.4060362 0.8308791 0.6010347 0.0069532 0.0000000 0.4679693 0.6945928 0.9415967 0.8673400 0.9334167 0.7923210 0.7536820 0.8281537 0.7430399 0.7645817 0.8446306 0.9628674 0.9461631 0.9461631 1.0574866 1.0506937 1.4694674 1.2723972 1.1924705 1.3787170 1.3787170 1.2030034 1.0853611 0.9829838 0.8593156 1.1664295 
Plajan_Pjan_C539860_01                                 0.7032670 0.7009840 1.0460641 0.7815535 0.7939535 0.7495279 1.0767703 0.8296801 0.8510515 0.7501621 0.4769441 0.4433358 0.3973014 0.4866268 0.4894917 0.5852499 0.5852035 0.5658271 0.5229145 0.8265291 0.4916637 0.5453169 0.5297317 0.6176323 0.4145934 0.5612246 0.4760343 0.5715243 0.7165247 0.5709743 0.5214751 0.6785436 0.6049323 0.5673284 0.7019785 0.5663709 0.7688865 1.1412466 0.6347405 0.5458704 0.5584611 0.4281101 0.6897565 0.4879184 0.4746116 0.4679693 0.0000000 0.6804715 0.8212162 0.7906397 0.9062418 0.6894052 0.6397142 0.6470843 0.9117216 0.7589858 0.7734226 0.7066297 0.7074277 0.7074277 0.7362902 0.7039852 1.4735369 1.2137459 1.0691055 1.2398719 1.2398719 1.1442630 1.0541011 1.0751115 1.0875791 1.2765469 
Dgig_XM_028548773.1                                    0.6683895 0.6711105 0.7585623 0.7078947 0.7055944 0.6743311 0.8350852 0.6845886 0.6915605 0.6850853 0.5798500 0.5717148 0.5918554 0.5483529 0.6660962 0.6352549 0.6922591 0.5190177 0.4822224 0.9367609 0.5715135 0.5640726 0.5736993 0.6925016 0.7230516 0.5089760 0.4607951 0.4273266 0.6135164 0.5515976 0.5380931 0.6250974 0.6449852 0.6011304 0.5418931 0.6205834 0.8358575 1.3480942 0.7820608 0.7130962 0.6326614 0.3198453 0.6213250 0.5979097 0.6845013 0.6945928 0.6804715 0.0000000 0.7687790 0.7577009 0.7760851 0.6766119 0.6644773 0.7541144 0.8236386 0.6026657 0.8475412 0.8428574 0.6446887 0.6446887 0.6966761 0.6848483 1.3743559 1.2239093 1.0877365 1.1104500 1.1104500 1.2045712 1.0791141 0.9228895 0.9680607 1.0448902 
Xestes_maker-XT_scaffold132587-snap-gene-0.34-mRNA-1   0.8336792 0.9145599 1.0182058 0.8368619 0.8698619 0.8830990 1.1376235 0.8866537 0.9980996 0.9211180 0.8045322 0.8966893 0.8317378 0.7900564 0.9854568 0.9344801 0.9444237 0.8512315 0.7726628 1.0183135 0.7238467 0.7456548 0.7272360 0.9374148 0.8434533 0.7257682 0.7564218 0.8199038 0.9333336 0.7168548 0.6453569 0.8042713 0.7871875 0.7554594 0.9772958 0.7315844 0.9825986 1.3659885 0.8930783 0.7810149 0.8408649 0.7052979 0.9939386 0.9021119 0.9112833 0.9415967 0.8212162 0.7687790 0.0000000 0.0655039 0.1304733 0.3333813 0.3123061 0.3240526 0.4846199 0.5517827 1.0185660 1.2251811 1.0996987 1.0996987 1.1246532 1.0972555 1.3458419 1.3431637 1.4530973 1.4242616 1.4242616 1.1009644 1.1831795 1.3392817 1.5893153 0.9789483 
Halamb_c44630_g2_i1m.17770                             0.8082770 0.9148926 0.9287083 0.8043533 0.8043430 0.8594876 0.9937207 0.8164719 0.9646476 0.8980719 0.7117085 0.8564516 0.7787789 0.7511620 0.9619281 0.9360481 0.8634268 0.8551224 0.7115608 0.9292903 0.6999850 0.8054975 0.7310958 0.8935374 0.8350197 0.6902655 0.7202229 0.8131569 0.9665490 0.7089575 0.6418467 0.8012076 0.7346510 0.6478073 0.8615361 0.7636793 1.0599222 1.2669703 0.9098393 0.8636527 0.8520069 0.7062130 0.9655254 0.7454639 0.8415177 0.8673400 0.7906397 0.7577009 0.0655039 0.0000000 0.0797044 0.3580505 0.3573091 0.3161368 0.4887629 0.5963454 1.0257782 1.2322758 1.0370907 1.0370907 1.0059715 1.0088265 1.4386463 1.4610845 1.5244261 1.5461309 1.5461309 1.2567406 1.3487740 1.4701868 1.3098437 0.8928792 
Aque_Aqu2.1.25405_001                                  0.8192160 0.8935344 0.9413295 0.7468150 0.7463190 0.8664998 0.9621453 0.8360752 0.9691561 0.9529444 0.7768623 0.9250008 0.8525074 0.8309513 1.0548963 1.0061734 0.9780577 0.9378565 0.7515477 1.0482769 0.7224256 0.8638355 0.8354294 0.9872934 0.9666225 0.7032234 0.7871067 0.7966063 0.9758946 0.7319703 0.6735541 0.8224438 0.7851403 0.7099405 0.8512699 0.7362525 1.0583306 1.4350471 0.9892613 0.9853875 0.9701451 0.6618123 0.9936040 0.7582373 0.9070643 0.9334167 0.9062418 0.7760851 0.1304733 0.0797044 0.0000000 0.4057806 0.4090538 0.3889546 0.5810851 0.6891551 1.0976082 1.1962329 1.0303478 1.0303478 1.0850368 1.0831323 1.4808836 1.4981258 1.5939818 1.6179844 1.6179844 1.2976943 1.3853337 1.5595423 1.4678689 1.0855984 
