81
Lcom_lcpid36361                                                  0.0000000 0.8293833 1.0064046 0.8123765 0.9916152 2.3936898 2.4552016 2.5014169 2.2896421 1.6796911 1.5539659 1.4088260 1.2103126 1.5915485 1.5592849 2.1442124 1.4228988 1.6084642 1.4842901 1.2348659 1.6845404 1.7639033 1.2745359 1.8170565 1.4470345 1.6115235 1.6741762 1.5878894 1.8124991 1.2814592 1.8670687 1.6843530 1.6717015 1.5230827 2.2785620 1.6875756 2.2236332 2.4010378 2.1789658 2.1757005 2.2639351 2.2492299 2.1779926 2.1692596 2.1112723 2.1007141 2.0406317 2.0845385 2.1127211 1.6273601 1.6515163 2.2337481 1.9869952 2.1830500 2.2401230 2.2673947 2.4331087 2.5078213 2.3438682 1.9470398 1.8962644 1.7270160 1.5712748 1.8459601 2.5188431 1.8175510 2.2009881 2.7224021 2.5238623 2.4297574 2.0529032 1.7519889 2.2253484 2.1246361 2.4510389 2.8363337 3.8213868 1.4860346 3.7702718 3.8500289 2.4848071 
Gracom_Gcom_C550038_01                                           0.8293833 0.0000000 0.7129542 0.6617521 0.9675560 2.1568250 2.3539729 2.0558852 2.1981028 1.5795463 1.3979907 1.3100195 1.1636006 1.5015213 1.4473745 1.9320496 1.3224664 1.5994595 1.4755620 1.0726975 1.4695638 1.5571687 1.1607930 1.5900305 1.5064038 1.4863278 1.5722793 1.5587512 1.6274325 1.2944971 1.7717928 1.6027213 1.6510534 1.5152986 2.0289387 1.5369869 2.0842450 2.3181948 2.0764062 2.0720541 2.1388984 2.0803993 2.1150714 2.2022219 2.1546978 2.0013561 1.9960755 1.9980112 2.0991199 1.4607652 1.3505684 2.1048849 1.7667696 2.0887863 2.2062148 2.0906054 2.2678237 2.4459386 2.1872917 1.7950447 1.7498947 1.6368769 1.4252961 1.6875082 2.7075641 1.6105560 2.1404402 2.3331404 2.1256336 2.2077131 2.0049627 1.6012109 2.2754579 2.2566502 2.2978685 2.9947523 3.4849805 1.3340636 3.6969575 3.6067286 2.1584623 
Scil_scict008043.1                                               1.0064046 0.7129542 0.0000000 0.7995397 0.8760641 4.9516872 5.2008002 5.3254874 4.5640036 2.2165061 2.3002736 2.1068624 1.9548282 2.5182731 2.3070246 2.2735460 1.9575126 2.2676326 2.0241755 2.0321235 1.9666240 2.0336549 2.0321235 2.0919486 1.8110904 2.2839458 2.3335170 2.0835617 2.5343000 2.2294294 2.8121287 2.2041701 2.2841938 1.8541243 3.6198469 2.0321235 3.2862664 3.4346022 3.8080714 3.8080714 3.6529183 3.6361459 4.0007647 3.3699596 3.1934247 3.3824479 3.3650142 3.4266832 3.5002432 0.4477687 0.4477687 3.2240728 2.4022610 3.2372978 3.3040946 3.2799250 2.8814781 3.5684312 3.6837239 1.8855017 1.7484518 4.8210109 2.0866281 3.3619821 2.9438501 2.9366446 2.7924065 3.4718719 3.1770303 3.5953850 3.5649541 1.9285605 3.1035145 2.0255654 3.2561611 3.0141659 5.6505058 2.2642358 3.5755747 2.4714969 0.3458305 
Leuniv_Lniv_scaffold17301_01                                     0.8123765 0.6617521 0.7995397 0.0000000 1.0378431 2.0224442 2.1506253 2.1337144 2.1592621 1.6333417 1.4221482 1.3783965 1.1996170 1.5393202 1.4588050 1.8734212 1.3632959 1.5819311 1.3873100 1.0330353 1.3978200 1.4405060 1.0641542 1.5611240 1.5134155 1.4680409 1.5739937 1.5253919 1.7023295 1.2325849 1.8699313 1.6428410 1.7098930 1.5577767 2.0631695 1.5480774 2.0794376 2.4481072 2.0795014 2.0946042 2.1441659 1.9962001 2.1768152 2.3376960 2.2918310 2.1929953 2.1647236 2.1648562 2.2299444 1.5827997 1.5734162 2.3533520 2.0241579 2.2519598 2.3438659 2.2242539 2.6062897 2.4192661 2.2166006 1.6986395 1.6984112 1.7840301 1.4012167 1.4887289 2.5354703 1.5931145 1.8928429 2.4097534 2.1955430 2.2940717 1.9389934 1.5851097 2.3021201 2.2151990 2.4322397 2.8695380 3.2342166 1.1370910 3.3770327 4.0780260 2.3392619 
Clacor_Ccor_scaffold12057_01                                     0.9916152 0.9675560 0.8760641 1.0378431 0.0000000 2.0900441 2.0866016 1.9216339 1.9454086 1.3679791 1.3518763 1.2631034 1.2987203 1.4576331 1.3422605 1.8639574 1.3808164 1.3387292 1.2893447 1.0297444 1.2773951 1.2829823 1.0308921 1.2709359 1.3916236 1.3629972 1.3098119 1.3350083 1.4959279 1.0859010 1.5420389 1.3061347 1.5610957 1.3491255 1.5815241 1.4381347 1.5968862 1.8362568 1.5987787 1.5956972 1.5378500 1.6083679 1.8778907 2.0586986 2.0245804 1.8973564 1.8645048 1.9115588 1.8617875 1.5093245 1.3771733 1.8690181 1.7914642 1.9104774 1.9028115 1.8786602 2.5327966 2.1928794 2.1892342 1.7710093 1.5467124 1.7449726 1.2660836 1.4963613 1.9869992 1.3549761 1.7376634 2.1471108 2.1650341 2.1586602 1.9477167 1.3476754 1.8281933 2.5208869 1.9980519 2.6226026 3.3170649 1.5160328 2.9568408 4.2923956 2.0302183 
Emue_Em0017g35a.t1                                               2.3936898 2.1568250 4.9516872 2.0224442 2.0900441 0.0000000 0.2249582 1.0742653 1.0444939 1.7800233 1.8228795 1.6211206 1.4664782 1.9937208 1.8275868 2.5924937 1.8723811 1.8080167 1.7419473 1.0095114 1.9935583 2.0350532 0.9516166 1.9914554 1.6800016 1.9908961 1.9677051 2.0766530 1.9261075 1.4962039 1.8160218 2.1041716 1.8718933 1.8561577 2.3501142 1.4602299 2.2854897 2.8088439 2.2845163 2.2770703 2.4378130 2.2257327 2.5114246 2.4184230 2.4098666 2.2857438 2.3287362 2.2972006 2.2585726 1.3581290 1.2971604 2.4085848 1.8697193 2.3545440 2.5124384 2.3660500 2.4786717 2.6528668 2.0671308 1.5255842 1.5602181 1.4794710 1.7140018 1.1899509 5.3351304 2.1316420 2.5673137 1.6326686 1.4021817 1.5867589 1.4322328 2.3132497 2.2103799 2.8926644 3.1075851 4.0245067 4.3802516 0.0818640 4.2903439 3.7272028 2.1547279 
Spolac_c101655_g1_i2_m.26315c101655-g1                           2.4552016 2.3539729 5.2008002 2.1506253 2.0866016 0.2249582 0.0000000 1.2293012 1.1806531 1.7908464 1.8805883 1.6882913 1.4472492 2.1034242 1.9905921 2.5967342 1.9051819 1.9135965 1.8244973 1.0900995 2.0043271 2.1324159 0.9551344 1.9462844 1.7540793 2.0609741 2.1559695 2.0212032 1.9438845 1.7015984 1.8236439 2.2044318 1.9324431 1.9794976 2.3861111 1.4686330 2.4264937 2.9833224 2.3325296 2.3255571 2.4617684 2.2765568 2.5078656 2.6382926 2.6093973 2.4314755 2.4608857 2.5015891 2.4234212 1.4187165 1.3777079 2.4985964 1.8632497 2.4723431 2.5779744 2.4089260 2.3870739 2.8034486 2.1179908 1.6410547 1.6341725 1.6095335 1.7308405 1.4654050 5.5963065 2.1983130 2.6667548 1.7795830 1.5527163 1.5514242 1.4853168 2.3797181 2.4754052 2.7531626 3.2836008 4.6540186 4.0566025 0.2009827 5.6223476 3.8307988 2.2398812 
Tetwil_g26989.t1                                                 2.5014169 2.0558852 5.3254874 2.1337144 1.9216339 1.0742653 1.2293012 0.0000000 0.6456743 1.8717916 1.7741864 1.5589438 1.3624374 1.9238058 1.8402183 2.5307974 1.7486501 1.8960996 1.7121838 0.9222868 1.9089308 2.0468860 0.9605883 1.7824360 1.6070644 1.9379896 2.0077118 1.9082499 2.0306871 1.4227105 1.9845036 1.8814513 1.8736369 1.8059079 2.1131387 1.4096878 2.2299203 2.6442274 2.1100489 2.1037149 2.2295031 2.1413989 2.4530816 2.2245091 2.1892550 2.2831465 2.2726844 2.2873917 2.2665262 1.3012715 1.2675343 2.1669263 1.7738204 2.2632142 2.3972234 2.2020789 2.4659350 2.6180037 2.0844311 1.4912478 1.4884882 1.4606510 1.9795052 1.3278509 6.2019461 2.2710679 2.8190320 1.5750232 1.3725416 1.5056476 1.4763305 2.0171351 2.3835948 2.5242837 2.9505576 3.6724292 3.4775187 0.5953826 4.0454637 2.9418715 1.9589193 
Stycar_augustus_masked-SC_scaffold6377-processed-gene-0.0-mRNA-1 2.2896421 2.1981028 4.5640036 2.1592621 1.9454086 1.0444939 1.1806531 0.6456743 0.0000000 1.9441108 1.7284491 1.5358658 1.4848736 1.9668108 1.8715199 2.3914357 1.7235590 1.8480869 1.5890023 1.1177044 1.9475147 2.0202471 1.0602544 1.8415163 1.6962800 1.8825720 1.9268556 1.8402871 2.1534897 1.4413414 1.9293792 1.9392720 1.8181000 1.7551290 2.1159740 1.4201483 2.2016926 2.5982185 2.0578340 2.0516133 2.1941995 2.0800671 2.4077207 2.2781347 2.2519770 2.4999755 2.5108736 2.4729739 2.5145453 1.3867688 1.3843108 2.4074911 1.9530061 2.3912512 2.4635234 2.3470724 2.4167413 2.5711143 2.0695973 1.5696516 1.6462472 1.6308201 1.8870710 1.2966378 6.5566980 2.3111048 2.8854103 1.4891314 1.1445410 1.2597187 1.4030279 1.9053583 1.9485252 2.7859158 3.1463611 3.4535908 3.8866894 0.6452311 5.2670862 2.8502201 2.1596577 
Cgig_XM_011431282.2                                              1.6796911 1.5795463 2.2165061 1.6333417 1.3679791 1.7800233 1.7908464 1.8717916 1.9441108 0.0000000 0.7093518 0.6244788 0.5943850 0.8352175 0.7272752 0.9893572 0.7026461 0.7860331 0.7035106 0.3848919 0.8154533 0.8243191 0.4823861 0.8094248 0.6837109 0.7455250 0.7418669 0.7257791 0.5518457 0.4816465 0.7789196 0.7580349 0.6763100 0.7251448 1.1568951 0.7487976 1.1681194 1.5081669 1.1549952 1.1451469 1.2170171 1.0718317 1.2609529 1.6370700 1.5912912 1.4899335 1.4900291 1.4841075 1.5623466 0.9197523 1.0227143 1.5817024 1.2893759 1.6758106 1.5847735 1.5216034 1.7221185 1.8520412 1.5633647 1.2522610 1.2556124 1.1408529 1.2303996 1.2841580 2.6286536 1.5698290 2.0719906 1.9767056 1.7412856 1.6334637 1.5820297 0.9836606 1.4884752 1.3888201 1.6371397 2.0032748 2.1093003 0.9783898 3.3661191 2.6877216 0.8733971 
Fspp_ffun1.m4.13082.m1                                           1.5539659 1.3979907 2.3002736 1.4221482 1.3518763 1.8228795 1.8805883 1.7741864 1.7284491 0.7093518 0.0000000 0.1064279 0.1235910 0.1708588 0.1443268 0.1651953 0.1653849 0.4454271 0.3869926 0.3811288 0.8269044 0.7876696 0.4494291 0.8063155 0.6401303 0.5666504 0.6127824 0.6322109 0.6737995 0.5566336 0.7996772 0.7713973 0.7214166 0.7451705 1.2196660 0.7643737 1.2551283 1.5458151 1.2076963 1.2051567 1.2833669 1.2107074 1.2332941 1.6335624 1.6088943 1.5739316 1.5323464 1.5509944 1.5989367 1.0270602 1.0807901 1.6577412 1.4212325 1.6230378 1.5554790 1.5445954 1.6449092 1.8249380 1.5884583 1.3403774 1.3196868 1.1918880 1.0950848 1.2086029 3.4641679 1.5955572 2.2587184 1.9890969 1.7875146 1.5788892 1.4910502 0.9227384 1.5334191 1.1449929 1.9224072 0.9636260 1.7499569 0.9451009 3.4993347 2.5626050 1.2087906 
Gasp_gasp1.m3.30960.m1                                           1.4088260 1.3100195 2.1068624 1.3783965 1.2631034 1.6211206 1.6882913 1.5589438 1.5358658 0.6244788 0.1064279 0.0000000 0.1181977 0.1931111 0.1248404 0.1596385 0.1751865 0.3792011 0.3554710 0.3833753 0.7242745 0.6972385 0.4727191 0.7651090 0.6418269 0.5521676 0.5721583 0.6026889 0.6803188 0.5526065 0.7321112 0.7028804 0.6838496 0.6981733 1.1103751 0.7900884 1.1671900 1.4270381 1.1036011 1.1010167 1.1757853 1.0953360 1.1699712 1.5400645 1.5133459 1.4937234 1.4784967 1.4782627 1.5183962 1.0419916 1.0930367 1.5729781 1.4439716 1.5642571 1.5510309 1.4471489 1.7799310 1.7895692 1.6725920 1.3561681 1.3316772 1.2360771 1.0023061 1.2398286 3.1836152 1.4740719 2.0736228 1.8731496 1.6763165 1.4386539 1.4376539 0.8574646 1.3722930 1.0818320 1.7640037 1.2823751 1.4247070 0.9513315 3.2695289 2.5321372 1.2052419 
Adig_XM_015922401.1                                              1.2103126 1.1636006 1.9548282 1.1996170 1.2987203 1.4664782 1.4472492 1.3624374 1.4848736 0.5943850 0.1235910 0.1181977 0.0000000 0.1074883 0.1455428 0.2664431 0.0000010 0.3088007 0.3310569 0.4363705 0.7354748 0.7252279 0.5142180 0.7533590 0.6961978 0.5206290 0.5056486 0.5331018 0.5480802 0.3632684 0.6738484 0.6498750 0.6044848 0.5945734 1.0806459 0.9218818 1.1368346 1.2192412 1.0861177 1.0826077 1.1336318 1.0944116 1.1200928 1.5209482 1.5059837 1.4524686 1.4524686 1.4524686 1.4647282 1.0498604 1.1114336 1.5266929 1.5266929 1.4567902 1.5054686 1.3802345 1.7181666 1.6299353 1.6474841 1.4062262 1.4083486 1.2165140 0.9622850 1.2038181 1.6290314 1.2337734 2.1565989 1.8706987 1.7254107 1.4709592 1.2122313 0.7100903 1.3692032 1.1933946 1.5841124 1.9694992 4.3039504 0.7775780 2.9211883 3.7913266 0.9456753 
Gfas_gfas1.m1.4443.m1                                            1.5915485 1.5015213 2.5182731 1.5393202 1.4576331 1.9937208 2.1034242 1.9238058 1.9668108 0.8352175 0.1708588 0.1931111 0.1074883 0.0000000 0.2319683 0.3148266 0.1425772 0.5279958 0.4698361 0.4466258 0.9628351 0.9243943 0.5261414 0.9579466 0.7245841 0.6251970 0.6781971 0.7749919 0.8200129 0.6231552 0.9491050 0.8598963 0.8547776 0.8255946 1.3525130 0.9052150 1.4337853 1.5241524 1.3669016 1.3636301 1.4778856 1.3597800 1.4125630 1.7924885 1.7387758 1.6425414 1.6303678 1.6363465 1.6811495 1.0556238 1.1448902 1.7476465 1.5167908 1.6876205 1.6990994 1.6198124 1.6687622 1.9790917 1.7020210 1.4639721 1.5335847 1.2726447 1.1803834 1.3411951 3.5180275 1.7074705 2.6843281 2.2637986 1.9002989 1.7406479 1.5572763 0.9259495 1.7342077 1.0365483 2.0102213 1.0536890 4.5217179 0.7697290 3.1475313 2.5643013 1.0133700 
Spis_XP_022797558_1                                              1.5592849 1.4473745 2.3070246 1.4588050 1.3422605 1.8275868 1.9905921 1.8402183 1.8715199 0.7272752 0.1443268 0.1248404 0.1455428 0.2319683 0.0000000 0.0634534 0.2122440 0.4733391 0.4047739 0.3898504 0.8549770 0.8578068 0.4706800 0.8347287 0.6446231 0.5825787 0.6299492 0.6581689 0.7074617 0.6051436 0.8270644 0.7706678 0.7395727 0.7976414 1.2208491 0.8155671 1.2951324 1.5979042 1.2520936 1.2494673 1.3122626 1.2250812 1.2461749 1.6478894 1.6102097 1.5278101 1.5089939 1.5143071 1.6005453 1.0327231 1.0855211 1.6211462 1.3732192 1.6421315 1.5627389 1.6073339 1.6602794 1.8788111 1.5924531 1.3430485 1.3527755 1.2040567 1.1083494 1.2202433 3.6135582 1.5941088 2.2136888 2.0765837 1.8614513 1.5497019 1.4930008 1.0111730 1.5063754 1.0515209 1.9809635 1.1255377 1.6638691 0.9667366 3.4172328 2.5802540 1.2052419 
Pocdam_XM_027196685.1                                            2.1442124 1.9320496 2.2735460 1.8734212 1.8639574 2.5924937 2.5967342 2.5307974 2.3914357 0.9893572 0.1651953 0.1596385 0.2664431 0.3148266 0.0634534 0.0000000 0.2563981 0.6609661 0.5603223 0.6351721 1.1414996 1.1294973 0.6917979 1.1100093 0.8915867 0.7618443 0.8400536 0.9207110 0.9776501 0.9864055 1.1453092 1.0752611 0.9760704 1.0872489 1.6555508 1.0970784 1.7365351 2.5238690 1.6387550 1.6341736 1.5819959 1.6872991 1.7488276 2.1019132 2.0417618 2.0111796 1.9890761 1.9945067 2.0857140 1.3988031 1.1655372 2.0241813 1.7427079 2.1604517 1.9645141 2.0969947 2.3788398 2.3299803 2.0881186 1.9063093 1.3585898 1.7139609 1.4918138 1.1759824 3.7241273 2.2772306 2.2529412 2.5634178 2.2919895 1.7706495 1.9334504 1.4138462 1.9729584 1.0511363 2.4137913 1.0101506 1.4530804 1.4719813 3.3477910 2.5759892 1.8660631 
Amil_Amillepora28046-RA                                          1.4228988 1.3224664 1.9575126 1.3632959 1.3808164 1.8723811 1.9051819 1.7486501 1.7235590 0.7026461 0.1653849 0.1751865 0.0000010 0.1425772 0.2122440 0.2563981 0.0000000 0.4082051 0.3922975 0.3767582 0.7275310 0.7346167 0.4804522 0.7658012 0.7652277 0.5658621 0.5964261 0.6213828 0.7156336 0.4876308 0.7825982 0.7877820 0.7669565 0.7574761 1.0722802 0.7641661 1.1673119 1.5208271 1.0801361 1.0769913 1.0937574 1.2251396 1.2370307 1.6160156 1.5639854 1.5739777 1.5092961 1.5120663 1.4910978 0.9980514 1.1320327 1.5306134 1.4655437 1.5998494 1.5519467 1.6006048 1.7878262 1.7274426 1.6245673 1.3559527 1.3733490 1.2225339 1.1148111 1.2775972 2.4018043 1.5622883 1.9946143 1.8643000 1.7468629 1.5106385 1.4953296 0.8347061 1.3797020 1.1490306 2.0145008 0.3503564 1.3910570 0.9783269 3.7911147 2.6215317 1.7273388 
Exapal_XM_021043671.2                                            1.6084642 1.5994595 2.2676326 1.5819311 1.3387292 1.8080167 1.9135965 1.8960996 1.8480869 0.7860331 0.4454271 0.3792011 0.3088007 0.5279958 0.4733391 0.6609661 0.4082051 0.0000000 0.2824615 0.3749112 0.8370666 0.8623863 0.4407418 0.8519639 0.6907133 0.5767043 0.6428426 0.6872723 0.7091943 0.6243977 0.9025047 0.7847169 0.8108889 0.8252664 1.2005215 0.7906573 1.2798825 1.6223974 1.2163688 1.2138069 1.2132255 1.2360633 1.2022195 1.8532962 1.8277990 1.5927120 1.6050480 1.6124098 1.6929933 1.0620926 1.0609481 1.7114220 1.3762251 1.7163631 1.7212588 1.6885327 1.7897616 1.9745694 1.6348930 1.3851018 1.3423479 1.2577916 1.2245808 1.2822808 3.8809850 1.6756404 2.3296344 2.0185938 1.8463261 1.7484961 1.6411122 1.0254499 1.6064313 1.1461101 1.8105725 1.9441658 1.7358114 0.9269322 3.2088547 2.9519651 1.1528237 
Nvec_v1g100769                                                   1.4842901 1.4755620 2.0241755 1.3873100 1.2893447 1.7419473 1.8244973 1.7121838 1.5890023 0.7035106 0.3869926 0.3554710 0.3310569 0.4698361 0.4047739 0.5603223 0.3922975 0.2824615 0.0000000 0.4046945 0.7525017 0.7900327 0.4446297 0.7548563 0.5866734 0.5640631 0.6312050 0.6076159 0.7341380 0.5524978 0.8202245 0.7718205 0.7712814 0.7124659 1.1528612 0.8032000 1.2492118 1.5819057 1.1414894 1.1395143 1.1680125 1.2200151 1.2003196 1.6387923 1.6139200 1.4323795 1.4144200 1.4233378 1.5345854 1.0650291 1.0610988 1.5556330 1.3833668 1.5486082 1.4653147 1.5223729 1.7568654 1.7128778 1.6143819 1.3510609 1.2818158 1.2223109 1.0368192 1.1691639 3.2400166 1.5265022 2.1017986 1.9940082 1.7482929 1.6258557 1.4423597 0.8775102 1.5628252 1.1141733 1.8215573 1.8159752 1.7928911 0.9089493 3.9473314 2.7755553 1.1984745 
Hvul_g23253_1                                                    1.2348659 1.0726975 2.0321235 1.0330353 1.0297444 1.0095114 1.0900995 0.9222868 1.1177044 0.3848919 0.3811288 0.3833753 0.4363705 0.4466258 0.3898504 0.6351721 0.3767582 0.3749112 0.4046945 0.0000000 0.3199051 0.2951937 0.3316923 0.3467775 0.4195233 0.3978717 0.3991396 0.4109938 0.4242891 0.3864990 0.4871260 0.4406449 0.5334227 0.5259401 0.7558161 0.7891209 0.7891209 0.9829142 0.7532944 0.7532944 0.6152615 0.7631092 0.7355951 1.2113257 1.2135626 1.1275175 1.1275175 1.1275175 1.2253847 1.0951834 1.0633694 1.2624287 1.2624287 1.3772965 1.1806014 1.1874824 1.7735035 1.5063743 1.5063743 1.3720185 1.2891072 1.0875430 0.7901946 1.1939649 1.6221048 1.0345038 1.3080271 1.4561631 1.4190823 1.2830420 1.1056657 0.4485913 1.0180049 2.3875254 1.3021246 1.5937555 1.1976607 1.0071092 7.1838477 4.6904602 1.3068291 
Nemnom_g18484.t1                                                 1.6845404 1.4695638 1.9666240 1.3978200 1.2773951 1.9935583 2.0043271 1.9089308 1.9475147 0.8154533 0.8269044 0.7242745 0.7354748 0.9628351 0.8549770 1.1414996 0.7275310 0.8370666 0.7525017 0.3199051 0.0000000 0.1667543 0.3574996 0.3634278 0.5714650 0.7803004 0.8555400 0.8601658 0.9078053 0.6863900 0.9759139 0.9363320 0.9153682 0.8916974 1.3124273 0.9294040 1.3466629 1.7276946 1.2928520 1.2901465 1.3318097 1.3102314 1.3714839 1.7437432 1.7135163 1.6517290 1.6959592 1.6677630 1.7256264 1.0622625 1.1181001 1.6969745 1.3857055 1.6795003 1.7510023 1.6307941 1.9495665 2.1159600 1.7573308 1.4218667 1.3549315 1.3196139 1.2785657 1.2497914 2.3882415 1.5394691 1.8852871 2.1428083 1.9639930 1.8410861 1.7502131 0.3985439 1.5127607 2.1613581 1.9390465 1.9693499 2.4406900 0.9759223 3.2717661 2.3839640 1.2514802 
Rhoesc_Res_004729-T1                                             1.7639033 1.5571687 2.0336549 1.4405060 1.2829823 2.0350532 2.1324159 2.0468860 2.0202471 0.8243191 0.7876696 0.6972385 0.7252279 0.9243943 0.8578068 1.1294973 0.7346167 0.8623863 0.7900327 0.2951937 0.1667543 0.0000000 0.3571388 0.3462204 0.5086323 0.7975101 0.8211443 0.8745978 0.8778619 0.6707863 0.9862309 0.9060684 0.8996123 0.8791350 1.2932125 0.8995479 1.3022136 1.6702429 1.2658952 1.2632193 1.2706483 1.2874811 1.3295231 1.7498260 1.7099508 1.6657396 1.6909188 1.6821775 1.7452917 1.0383378 1.0735758 1.7352788 1.4261057 1.7902620 1.7454808 1.5970238 1.9319901 2.0479464 1.7303365 1.3887960 1.2688612 1.3524175 1.2517801 1.1824778 2.3797147 1.5850870 1.8855048 2.0793809 1.9617930 1.7962635 1.7380562 0.4089784 1.5051204 2.3906130 1.9590318 1.9464228 2.3604720 0.9849870 3.7244712 2.5181520 1.1930608 
Chem_TCONS_00062125                                              1.2745359 1.1607930 2.0321235 1.0641542 1.0308921 0.9516166 0.9551344 0.9605883 1.0602544 0.4823861 0.4494291 0.4727191 0.5142180 0.5261414 0.4706800 0.6917979 0.4804522 0.4407418 0.4446297 0.3316923 0.3574996 0.3571388 0.0000000 0.3346616 0.3455811 0.4914446 0.4578451 0.4891298 0.5646990 0.4781720 0.5253858 0.5084981 0.5978287 0.5648003 0.6800593 0.6868230 0.6868230 0.9276890 0.6652244 0.6652244 0.5488345 0.6934803 0.8230569 1.2600857 1.2611604 1.0575275 1.0575275 1.0575275 1.1568271 1.0953735 1.0892266 1.1880374 1.1880374 1.1058829 1.0931013 1.0952119 1.3546960 1.2897010 1.2897010 1.2610009 1.2671382 0.9418839 0.8154271 1.2346280 1.7383358 1.1264242 1.3485359 1.4863346 1.3322041 1.2563830 1.0718328 0.5004730 1.1258659 3.4287668 1.2888329 1.4581951 1.2684563 0.9315822 7.6372328 4.2179081 1.3847705 
Sanmal_Sma_023476-T1                                             1.8170565 1.5900305 2.0919486 1.5611240 1.2709359 1.9914554 1.9462844 1.7824360 1.8415163 0.8094248 0.8063155 0.7651090 0.7533590 0.9579466 0.8347287 1.1100093 0.7658012 0.8519639 0.7548563 0.3467775 0.3634278 0.3462204 0.3346616 0.0000000 0.4548103 0.7158340 0.8176791 0.8684693 0.8439635 0.7299179 1.0415018 0.8869609 0.9583587 0.9126082 1.2562291 0.9342099 1.2906291 1.6344783 1.2637316 1.2610488 1.2154415 1.2022313 1.3059265 1.7082267 1.6561745 1.6187930 1.6374660 1.6247859 1.6490610 1.0656748 1.1101141 1.6751188 1.3941463 1.7263544 1.6513682 1.6064431 1.8072529 1.9586051 1.6652863 1.3935801 1.3099538 1.2808793 1.2892665 1.1724662 2.6683305 1.6241246 2.0203116 2.1743962 2.0497898 1.8564726 1.7187845 0.4302241 1.5286508 1.8199159 1.9334649 2.1012603 2.1850519 0.9863595 3.1752236 2.4391214 1.2405443 
Morvir_scaffold389.g3.t1                                         1.4470345 1.5064038 1.8110904 1.5134155 1.3916236 1.6800016 1.7540793 1.6070644 1.6962800 0.6837109 0.6401303 0.6418269 0.6961978 0.7245841 0.6446231 0.8915867 0.7652277 0.6907133 0.5866734 0.4195233 0.5714650 0.5086323 0.3455811 0.4548103 0.0000000 0.6399061 0.6539635 0.7336268 0.7048774 0.5724385 0.7975809 0.8174862 0.8228286 0.7266440 1.1338044 0.8726499 1.1155787 1.3477286 1.1166748 1.1144944 1.1295926 1.1235552 1.2454034 1.5309948 1.4785772 1.3500295 1.3500295 1.3381074 1.3688463 1.1641037 1.1446420 1.5002939 1.4601877 1.5590076 1.4343454 1.4252889 1.6566441 1.5762623 1.5875388 1.3326867 1.3574629 1.1874655 1.1571181 1.0990873 2.0825457 1.4228584 1.6090068 2.0758817 2.0231586 1.7347505 1.5697510 0.6318750 1.5011551 1.7426262 1.7092708 1.8259978 2.6333827 1.1313368 3.3650552 3.8392345 1.3022456 
Dgig_XM_028547080.1                                              1.6115235 1.4863278 2.2839458 1.4680409 1.3629972 1.9908961 2.0609741 1.9379896 1.8825720 0.7455250 0.5666504 0.5521676 0.5206290 0.6251970 0.5825787 0.7618443 0.5658621 0.5767043 0.5640631 0.3978717 0.7803004 0.7975101 0.4914446 0.7158340 0.6399061 0.0000000 0.2427227 0.7381401 0.7962381 0.6230120 0.9181533 0.7428746 0.8773576 0.7878994 1.2221901 0.8863025 1.2409165 1.5205546 1.2151399 1.2125595 1.2191940 1.1805689 1.1080092 1.8052888 1.7788821 1.6368203 1.6419520 1.6440661 1.6487324 1.1235751 1.1416249 1.7049309 1.5140503 1.7532740 1.7713338 1.7118191 2.0496695 1.9465662 1.8256957 1.3981555 1.4842766 1.2555389 1.2373266 1.2869480 2.4451202 1.6108123 2.0826419 2.0346073 1.9260527 1.8061521 1.7102103 0.8539624 1.4964961 1.3824523 1.8622121 1.8614500 1.8833480 1.1089299 3.1014763 2.6397713 1.3685792 
Xesp_021273-T1                                                   1.6741762 1.5722793 2.3335170 1.5739937 1.3098119 1.9677051 2.1559695 2.0077118 1.9268556 0.7418669 0.6127824 0.5721583 0.5056486 0.6781971 0.6299492 0.8400536 0.5964261 0.6428426 0.6312050 0.3991396 0.8555400 0.8211443 0.4578451 0.8176791 0.6539635 0.2427227 0.0000000 0.7927921 0.8640541 0.6413213 0.8795061 0.8152315 0.8993080 0.7784511 1.3052443 0.9127991 1.3069385 1.6141757 1.2710399 1.2683572 1.3033557 1.2644714 1.1203455 1.8871720 1.8489846 1.6698899 1.6330885 1.6765840 1.7712507 1.1587388 1.2086304 1.8155665 1.5072229 1.9762533 1.8047036 1.7769622 1.9366023 2.0515780 1.8431152 1.4843409 1.5698246 1.4012412 1.2993286 1.3570732 2.9690932 1.7400852 2.2328192 2.0554165 1.8038383 1.6979105 1.7205661 0.9249023 1.5290508 1.5211793 1.9256786 2.4479789 1.8828357 1.0569736 3.2965714 2.9303143 1.2403533 
Bralan_BLAG17000874_1                                            1.5878894 1.5587512 2.0835617 1.5253919 1.3350083 2.0766530 2.0212032 1.9082499 1.8402871 0.7257791 0.6322109 0.6026889 0.5331018 0.7749919 0.6581689 0.9207110 0.6213828 0.6872723 0.6076159 0.4109938 0.8601658 0.8745978 0.4891298 0.8684693 0.7336268 0.7381401 0.7927921 0.0000000 0.6397258 0.4693440 0.7378189 0.6356835 0.7210407 0.6492888 1.2293207 0.7471972 1.2465278 1.6029047 1.2151175 1.2125553 1.2420644 1.1905047 1.2394475 1.8055476 1.7538876 1.6231227 1.6222815 1.6051625 1.6530456 1.0454237 1.0979439 1.7325246 1.3227070 1.7479682 1.7065360 1.6631553 1.6983809 2.0090361 1.6310016 1.3236132 1.3655294 1.2237296 1.1869024 1.3475847 2.9985970 1.6134634 2.1723881 2.1360374 1.8513158 1.6968213 1.4563046 0.9666308 1.4756822 1.1252984 1.6930048 2.2310314 2.1850699 1.0131507 3.6322590 2.7874475 1.1087996 
Acagra_model.g23032.t1.1.5d3b8ab8                                1.8124991 1.6274325 2.5343000 1.7023295 1.4959279 1.9261075 1.9438845 2.0306871 2.1534897 0.5518457 0.6737995 0.6803188 0.5480802 0.8200129 0.7074617 0.9776501 0.7156336 0.7091943 0.7341380 0.4242891 0.9078053 0.8778619 0.5646990 0.8439635 0.7048774 0.7962381 0.8640541 0.6397258 0.0000000 0.6013753 0.7628259 0.7169950 0.6743904 0.8092340 1.2185301 0.7572930 1.2180547 1.5928539 1.2455065 1.2428421 1.2532421 1.1596484 1.2147678 1.8647304 1.8105974 1.5480492 1.6021165 1.5638365 1.6568388 1.0748168 1.0731619 1.7414453 1.4085550 1.7570339 1.7052697 1.6910567 1.8734949 2.0316773 1.6665745 1.3570318 1.3280962 1.1783819 1.2834047 1.3645054 2.9581247 1.7203901 2.1548238 2.1614771 2.0405891 1.7842754 1.8046317 1.0092138 1.5326733 1.2266751 1.5095558 2.6234731 2.0978964 1.0614896 3.4098779 3.0407682 0.7543616 
Skow_XM_006820018.1                                              1.2814592 1.2944971 2.2294294 1.2325849 1.0859010 1.4962039 1.7015984 1.4227105 1.4413414 0.4816465 0.5566336 0.5526065 0.3632684 0.6231552 0.6051436 0.9864055 0.4876308 0.6243977 0.5524978 0.3864990 0.6863900 0.6707863 0.4781720 0.7299179 0.5724385 0.6230120 0.6413213 0.4693440 0.6013753 0.0000000 0.6115804 0.5582820 0.5912693 0.5178646 0.9186250 0.6507082 0.9030149 1.2258691 0.8937844 0.8937844 0.8120372 0.8778660 1.0555881 1.4953745 1.4575306 1.3429975 1.3008776 1.3353604 1.3773266 1.0970955 1.1741713 1.4429239 1.1797851 1.5128989 1.4002456 1.5178083 1.4398252 1.7410801 1.4794088 1.3882574 1.5083679 1.0045859 0.9660128 1.3160403 3.6094614 1.4319316 1.9594087 1.7510101 1.5244807 1.4325468 1.3913721 0.8816135 1.1841569 2.4260288 1.4305352 2.0278041 1.3369073 1.1065836 4.0005840 2.8199938 1.0728054 
Cscu_XM_023372422.1                                              1.8670687 1.7717928 2.8121287 1.8699313 1.5420389 1.8160218 1.8236439 1.9845036 1.9293792 0.7789196 0.7996772 0.7321112 0.6738484 0.9491050 0.8270644 1.1453092 0.7825982 0.9025047 0.8202245 0.4871260 0.9759139 0.9862309 0.5253858 1.0415018 0.7975809 0.9181533 0.8795061 0.7378189 0.7628259 0.6115804 0.0000000 0.9235755 0.8937093 0.7942016 1.1595044 0.8142952 1.1649744 1.4303200 1.1550072 1.1531172 1.2044228 1.1305513 1.2491862 1.9753242 1.9174633 1.7493424 1.7500887 1.7354402 1.7200901 1.0756932 1.0865806 1.8007256 1.4309391 1.8179150 1.8199068 1.7673507 1.8446836 2.0585382 1.6990831 1.3888083 1.3811461 1.4445982 1.3693047 1.2466111 4.0217056 1.7788764 2.1663595 1.9617021 1.8406978 1.8018460 1.6232535 1.1477566 1.5078323 1.3510638 1.9688151 2.3937166 2.3550355 0.9470437 3.3990089 2.9409951 1.0142886 
Hsap_ENST00000361523                                             1.6843530 1.6027213 2.2041701 1.6428410 1.3061347 2.1041716 2.2044318 1.8814513 1.9392720 0.7580349 0.7713973 0.7028804 0.6498750 0.8598963 0.7706678 1.0752611 0.7877820 0.7847169 0.7718205 0.4406449 0.9363320 0.9060684 0.5084981 0.8869609 0.8174862 0.7428746 0.8152315 0.6356835 0.7169950 0.5582820 0.9235755 0.0000000 0.7639954 0.8084616 1.1368738 0.7352594 1.1645879 1.5282057 1.1554874 1.1530688 1.1531660 1.1228238 1.2373086 1.7239848 1.6816791 1.5385065 1.5447205 1.5511455 1.5692445 1.0514047 1.0461082 1.6126594 1.3350897 1.7429643 1.6502581 1.5917260 1.8423254 1.8739679 1.6837306 1.3431958 1.2497287 1.2260313 1.2880197 1.3189365 3.0214572 1.6711362 2.0946192 1.9731688 1.8817139 1.8279461 1.6102606 1.1478011 1.6344718 1.3979123 1.0897981 2.4234866 1.9608624 1.1233375 3.0412639 3.1928488 1.0396654 
Ctel_gnl_WGS_AMQN_CAPTEDRAFT_mRNA124048                          1.6717015 1.6510534 2.2841938 1.7098930 1.5610957 1.8718933 1.9324431 1.8736369 1.8181000 0.6763100 0.7214166 0.6838496 0.6044848 0.8547776 0.7395727 0.9760704 0.7669565 0.8108889 0.7712814 0.5334227 0.9153682 0.8996123 0.5978287 0.9583587 0.8228286 0.8773576 0.8993080 0.7210407 0.6743904 0.5912693 0.8937093 0.7639954 0.0000000 0.7048004 1.2936324 0.8269954 1.2903974 1.6383803 1.3265791 1.3237426 1.3322598 1.2783273 1.3134124 1.8029905 1.7421444 1.5365372 1.5758783 1.5564695 1.6682939 1.0255405 1.0111881 1.6489904 1.4290882 1.7447397 1.5903129 1.6209024 1.9235982 1.9715914 1.7013231 1.3712992 1.2334238 1.2164701 1.2876116 1.3527110 3.5057531 1.8749710 2.2404553 2.1793141 1.8262705 1.6288261 1.5128231 1.0058393 1.5514124 1.0228231 1.6519126 2.6449919 2.5221902 1.0639763 3.8837866 2.9865814 1.0057225 
Spur_XM_030974193.1                                              1.5230827 1.5152986 1.8541243 1.5577767 1.3491255 1.8561577 1.9794976 1.8059079 1.7551290 0.7251448 0.7451705 0.6981733 0.5945734 0.8255946 0.7976414 1.0872489 0.7574761 0.8252664 0.7124659 0.5259401 0.8916974 0.8791350 0.5648003 0.9126082 0.7266440 0.7878994 0.7784511 0.6492888 0.8092340 0.5178646 0.7942016 0.8084616 0.7048004 0.0000000 1.2315911 0.8324937 1.2075405 1.4979681 1.2456556 1.2430531 1.2678423 1.1962280 1.3753551 1.5488908 1.5052999 1.4658306 1.4578313 1.4884134 1.5290012 0.9687901 1.0777913 1.5156384 1.3732375 1.4935573 1.4719861 1.5134970 1.7982475 1.8448944 1.7204904 1.3556545 1.3911984 1.3674886 1.2288827 1.4203909 2.4936988 1.5427345 1.9182234 1.9212688 1.7728911 1.6342005 1.5059829 1.0328737 1.4443730 1.1319427 1.8032047 2.4011627 2.3644202 1.0807541 3.2367435 2.8187194 1.1215053 
HoiH23_PlH23_002213-RA                                           2.2785620 2.0289387 3.6198469 2.0631695 1.5815241 2.3501142 2.3861111 2.1131387 2.1159740 1.1568951 1.2196660 1.1103751 1.0806459 1.3525130 1.2208491 1.6555508 1.0722802 1.2005215 1.1528612 0.7558161 1.3124273 1.2932125 0.6800593 1.2562291 1.1338044 1.2221901 1.3052443 1.2293207 1.2185301 0.9186250 1.1595044 1.1368738 1.2936324 1.2315911 0.0000000 0.0785812 0.1721573 0.2239803 0.0892130 0.0924542 0.0694538 0.0907021 1.6499242 1.9010864 1.8564316 1.8129230 1.8626036 1.8377656 1.8888659 1.1433608 1.0607137 1.8505174 1.6037675 1.8679845 1.8062580 1.7236724 2.0176338 2.0812868 1.8464991 1.4123273 1.2997967 1.3587282 1.5276162 1.4228535 5.1148396 2.0240916 2.4221810 2.1978237 2.0632280 1.9922198 1.8818065 1.5567105 2.0306796 1.9668664 2.3461791 2.5760479 2.3806986 1.2256450 3.4826205 2.7664019 1.5379013 
TrH2_TrispH2_003949-RA                                           1.6875756 1.5369869 2.0321235 1.5480774 1.4381347 1.4602299 1.4686330 1.4096878 1.4201483 0.7487976 0.7643737 0.7900884 0.9218818 0.9052150 0.8155671 1.0970784 0.7641661 0.7906573 0.8032000 0.7891209 0.9294040 0.8995479 0.6868230 0.9342099 0.8726499 0.8863025 0.9127991 0.7471972 0.7572930 0.6507082 0.8142952 0.7352594 0.8269954 0.8324937 0.0785812 0.0000000 0.0000010 0.0072101 0.0834717 0.0886566 0.0696901 0.0772207 1.1478535 1.4383952 1.4197228 1.3209990 1.3209990 1.3209990 1.3737288 1.1591294 1.0640457 1.4909589 1.4909589 1.4380173 1.3032458 1.2605633 1.8217755 1.5404721 1.5404721 1.3295472 1.1917476 1.2351809 1.1065511 1.3112943 1.7746079 1.3266859 1.1463360 1.8013241 1.6195687 1.5804482 1.3805183 1.2110759 1.4869728 1.6145347 1.5351799 1.6703897 2.0801793 1.2515151 8.9999987 3.8420819 1.5290028 
Tadh_TriadT54385                                                 2.2236332 2.0842450 3.2862664 2.0794376 1.5968862 2.2854897 2.4264937 2.2299203 2.2016926 1.1681194 1.2551283 1.1671900 1.1368346 1.4337853 1.2951324 1.7365351 1.1673119 1.2798825 1.2492118 0.7891209 1.3466629 1.3022136 0.6868230 1.2906291 1.1155787 1.2409165 1.3069385 1.2465278 1.2180547 0.9030149 1.1649744 1.1645879 1.2903974 1.2075405 0.1721573 0.0000010 0.0000000 0.0070904 0.1654072 0.1689919 0.1837043 0.1523709 1.7212183 1.9114767 1.8570259 1.8333245 1.8234746 1.8593728 1.9232862 1.1591294 1.0640457 1.9231244 1.6958937 1.8973732 1.7860174 1.7897755 2.0753686 2.0573041 1.8682145 1.3901972 1.2242351 1.3824012 1.4969618 1.4127279 3.5018268 1.9242415 2.1670986 2.3176444 2.0949668 2.0058191 1.8859139 1.5858338 2.0372451 2.1261464 2.1926932 2.4644884 2.2836629 1.2319640 3.6167233 3.0446555 1.5290028 
TrH2_TrispH2_006017-RA                                           2.4010378 2.3181948 3.4346022 2.4481072 1.8362568 2.8088439 2.9833224 2.6442274 2.5982185 1.5081669 1.5458151 1.4270381 1.2192412 1.5241524 1.5979042 2.5238690 1.5208271 1.6223974 1.5819057 0.9829142 1.7276946 1.6702429 0.9276890 1.6344783 1.3477286 1.5205546 1.6141757 1.6029047 1.5928539 1.2258691 1.4303200 1.5282057 1.6383803 1.4979681 0.2239803 0.0072101 0.0070904 0.0000000 0.2099417 0.2148489 0.2446136 0.1983586 2.1087657 2.1555897 2.0755874 2.2196612 2.2008966 2.2515683 2.3584849 1.3346704 1.2293389 2.2965576 2.1062771 2.2368098 2.0789368 2.0894121 2.0530317 2.4236464 2.3078133 1.6389761 1.4324926 1.7624387 1.6677568 2.5148396 3.7641655 2.3724600 3.0717974 2.8706759 2.4519394 2.3754493 2.2608297 1.6690710 2.4521045 2.1261464 2.6991303 2.4956791 4.6827016 1.0629277 3.0889891 2.3063107 1.8566427 
Hhon_g02417.t1                                                   2.1789658 2.0764062 3.8080714 2.0795014 1.5987787 2.2845163 2.3325296 2.1100489 2.0578340 1.1549952 1.2076963 1.1036011 1.0861177 1.3669016 1.2520936 1.6387550 1.0801361 1.2163688 1.1414894 0.7532944 1.2928520 1.2658952 0.6652244 1.2637316 1.1166748 1.2151399 1.2710399 1.2151175 1.2455065 0.8937844 1.1550072 1.1554874 1.3265791 1.2456556 0.0892130 0.0834717 0.1654072 0.2099417 0.0000000 0.0026929 0.0864523 0.1000233 1.6458313 1.9118159 1.8668774 1.7960173 1.7945997 1.8202731 1.8306590 1.1308551 1.0584334 1.7988933 1.6019911 1.8856235 1.7908017 1.7276178 2.0751274 2.0631481 1.8565753 1.3732194 1.2626333 1.3508971 1.4821057 1.3890071 4.0404207 1.9175807 2.2148744 2.2635548 2.0514264 1.9529425 1.8322322 1.6047724 1.9867957 1.9972887 2.2578741 2.5546071 2.3460381 1.1884911 3.5104844 2.7432184 1.5379013 
HoiH04_mRNA13287                                                 2.1757005 2.0720541 3.8080714 2.0946042 1.5956972 2.2770703 2.3255571 2.1037149 2.0516133 1.1451469 1.2051567 1.1010167 1.0826077 1.3636301 1.2494673 1.6341736 1.0769913 1.2138069 1.1395143 0.7532944 1.2901465 1.2632193 0.6652244 1.2610488 1.1144944 1.2125595 1.2683572 1.2125553 1.2428421 0.8937844 1.1531172 1.1530688 1.3237426 1.2430531 0.0924542 0.0886566 0.1689919 0.2148489 0.0026929 0.0000000 0.0900532 0.1036365 1.6423249 1.9076577 1.8628323 1.7919689 1.7904549 1.8161261 1.8265030 1.1308551 1.0584334 1.7959774 1.5985407 1.8814067 1.7879027 1.7276178 2.0416455 2.0454622 1.8361294 1.3732194 1.2626333 1.3486622 1.4798988 1.3890071 4.0404207 1.9149494 2.2148744 2.2615247 2.0514899 1.9497830 1.8279412 1.6010178 2.0013477 1.9799484 2.2530070 2.5546071 2.3888440 1.1884911 3.5104844 2.7432184 1.5379013 
HoiH06_mRNA5575                                                  2.2639351 2.1388984 3.6529183 2.1441659 1.5378500 2.4378130 2.4617684 2.2295031 2.1941995 1.2170171 1.2833669 1.1757853 1.1336318 1.4778856 1.3122626 1.5819959 1.0937574 1.2132255 1.1680125 0.6152615 1.3318097 1.2706483 0.5488345 1.2154415 1.1295926 1.2191940 1.3033557 1.2420644 1.2532421 0.8120372 1.2044228 1.1531660 1.3322598 1.2678423 0.0694538 0.0696901 0.1837043 0.2446136 0.0864523 0.0900532 0.0000000 0.1240386 1.5642073 1.9482649 1.9048860 1.8692280 1.8947686 1.8997635 1.8507914 1.0089272 1.0961326 1.8578729 1.5635631 1.9402457 1.8234512 1.7462943 1.9447567 2.1267392 1.7968763 1.2253585 1.3419284 1.2665524 1.6354754 1.3891659 4.2510482 2.0549827 2.3110631 2.1171816 1.9460114 1.9013069 1.9408563 1.6316157 1.9228946 1.9150172 2.2006524 2.5816983 2.1306001 1.2140548 3.4687254 2.9049534 1.7716451 
HoiH11_mRNA2863                                                  2.2492299 2.0803993 3.6361459 1.9962001 1.6083679 2.2257327 2.2765568 2.1413989 2.0800671 1.0718317 1.2107074 1.0953360 1.0944116 1.3597800 1.2250812 1.6872991 1.2251396 1.2360633 1.2200151 0.7631092 1.3102314 1.2874811 0.6934803 1.2022313 1.1235552 1.1805689 1.2644714 1.1905047 1.1596484 0.8778660 1.1305513 1.1228238 1.2783273 1.1962280 0.0907021 0.0772207 0.1523709 0.1983586 0.1000233 0.1036365 0.1240386 0.0000000 1.6331649 1.9885359 1.9375388 1.7287096 1.6961091 1.7467465 1.7628264 1.1492996 1.0820683 1.8930830 1.6309576 1.7751452 1.8292825 1.7013010 2.0348104 1.9896713 1.8392331 1.3932285 1.2149206 1.4321114 1.4544079 1.3993863 4.9622399 1.8863931 2.2250084 2.2698543 2.1581587 2.1474526 1.9796874 1.6177313 1.8997546 1.8845622 2.0577422 3.1710240 2.4371832 1.2668270 3.4626145 4.3160422 1.5379013 
Tcas_TC009816_001                                                2.1779926 2.1150714 4.0007647 2.1768152 1.8778907 2.5114246 2.5078656 2.4530816 2.4077207 1.2609529 1.2332941 1.1699712 1.1200928 1.4125630 1.2461749 1.7488276 1.2370307 1.2022195 1.2003196 0.7355951 1.3714839 1.3295231 0.8230569 1.3059265 1.2454034 1.1080092 1.1203455 1.2394475 1.2147678 1.0555881 1.2491862 1.2373086 1.3134124 1.3753551 1.6499242 1.1478535 1.7212183 2.1087657 1.6458313 1.6423249 1.5642073 1.6331649 0.0000000 2.1320296 2.0895630 2.0550543 2.0388646 2.0486247 2.0761270 1.2780449 1.3456501 2.1265882 1.7091533 2.1700804 2.1592521 2.0871229 1.9850774 2.2677611 1.8666004 1.4819156 1.6090956 1.5450980 1.6984294 1.3304724 4.6261665 2.0465269 2.7077404 2.4296917 2.1414309 2.1954043 2.0405575 1.5056275 1.3981513 2.7668923 2.2036103 2.8606444 2.6732598 1.1888180 3.6853347 3.4015250 1.4722297 
Pbac_sb2646029                                                   2.1692596 2.2022219 3.3699596 2.3376960 2.0586986 2.4184230 2.6382926 2.2245091 2.2781347 1.6370700 1.6335624 1.5400645 1.5209482 1.7924885 1.6478894 2.1019132 1.6160156 1.8532962 1.6387923 1.2113257 1.7437432 1.7498260 1.2600857 1.7082267 1.5309948 1.8052888 1.8871720 1.8055476 1.8647304 1.4953745 1.9753242 1.7239848 1.8029905 1.5488908 1.9010864 1.4383952 1.9114767 2.1555897 1.9118159 1.9076577 1.9482649 1.9885359 2.1320296 0.0000000 0.0159010 0.4189685 0.3992526 0.4111467 0.4519805 0.2523160 0.2728255 0.4031532 0.4055229 0.4489296 0.4962544 0.4639088 0.9095966 0.7335565 0.7397704 0.5467296 0.4768052 0.5742459 2.0004334 1.3463256 3.4097081 2.0669864 2.4366741 2.5249781 2.2929893 1.9716473 1.9864417 1.9871651 2.1830905 2.3150430 2.6016766 2.7750828 3.7460085 1.5199673 3.9294260 3.2478805 1.9487930 
Horcal_Hcv1.av93.c6.g605.i1                                      2.1112723 2.1546978 3.1934247 2.2918310 2.0245804 2.4098666 2.6093973 2.1892550 2.2519770 1.5912912 1.6088943 1.5133459 1.5059837 1.7387758 1.6102097 2.0417618 1.5639854 1.8277990 1.6139200 1.2135626 1.7135163 1.7099508 1.2611604 1.6561745 1.4785772 1.7788821 1.8489846 1.7538876 1.8105974 1.4575306 1.9174633 1.6816791 1.7421444 1.5052999 1.8564316 1.4197228 1.8570259 2.0755874 1.8668774 1.8628323 1.9048860 1.9375388 2.0895630 0.0159010 0.0000000 0.3970134 0.3772273 0.3892808 0.4381452 0.2523160 0.2728255 0.3865866 0.3825675 0.4298497 0.4812988 0.4481585 0.8476876 0.7059789 0.7179647 0.5511690 0.4768052 0.5674590 1.9561132 1.3463256 3.4097081 2.0247373 2.3594972 2.5300752 2.2551609 1.9540125 1.9563914 1.9157198 2.1707661 2.3022868 2.5586541 2.7750828 3.5714410 1.5199673 3.8227115 3.1534533 1.9487930 
