93
Lcom_lcpid124251                                              0.0000000 0.3419608 0.4347344 0.3189116 0.4701783 0.4788528 0.3573819 0.5076655 0.4024667 0.4097784 0.4097784 0.4310825 0.4696110 0.4138224 0.4138224 0.4138224 0.3586833 0.3586833 0.3484660 0.3898976 0.4362029 0.4148476 0.3835615 0.3835615 0.4785350 0.4573548 0.6205457 0.4758606 0.0000010 0.0000010 0.6682183 0.5026000 0.4999171 0.4659097 0.2278180 0.4352198 0.4804570 0.4316997 0.5559284 0.7491440 0.4683777 0.4923219 0.5892232 0.6961846 1.1267943 0.4812299 0.3849370 0.4883689 0.4120288 0.4640344 0.5111920 0.4038958 0.4491289 3.2057970 0.4093405 0.4912979 3.6062526 0.5210695 0.5299210 0.5745895 0.5486795 0.5694365 0.5723789 0.5423954 0.5952631 0.5062585 0.5062585 0.6034236 0.5188707 0.6683489 0.5367046 0.4897158 2.8971331 1.3914040 0.6485765 0.5317060 0.4837677 0.4872512 0.2872910 1.5117646 9.0000000 0.8329746 0.5830174 0.4701273 5.6242077 0.8008161 3.2235868 0.8455980 1.0454394 0.8774745 3.1963686 1.3430427 0.8024018 
Cgig_XM_034483091.1                                           0.3419608 0.0000000 0.3650255 0.5675149 0.6146389 0.6383602 0.3995881 0.6846983 0.6510497 0.6693371 0.6693371 0.6979156 0.7501299 0.5968041 0.6752250 0.7210044 0.7704202 0.7704202 0.7329010 0.3671882 0.7003915 0.6993933 0.6891041 0.7666140 0.7962524 0.7271065 0.9401568 0.6705812 1.1100634 0.6568191 0.6957074 0.6508761 0.3910578 0.6009218 0.6050072 0.5450039 0.5173161 0.5585748 0.5917448 0.4431468 0.6163236 0.5167930 0.6373558 0.6890055 0.7845272 0.4992058 0.4605109 0.6558652 0.5996937 0.5590576 0.6063086 0.5703411 0.6622245 0.6923660 0.5720719 0.5763596 0.7916484 0.7202268 0.7456613 0.6961438 0.6099894 0.6479293 0.6520664 0.6261506 0.6766864 0.5859262 0.5810200 0.7694846 0.6615931 0.4877542 0.6731497 0.6596138 2.4012471 0.9918525 0.6279830 0.6737768 0.7108715 0.7851348 0.5244008 1.0904628 1.1489976 0.7569253 0.7857545 0.8958461 1.3220934 0.9904915 0.9501739 0.6529138 1.0986492 0.7874037 1.4012845 1.2440897 0.5182549 
Acagra_model.g14459.t1                                        0.4347344 0.3650255 0.0000000 0.5206738 0.5702358 0.5472012 0.4350256 0.6732994 0.7017766 0.7035807 0.7035807 0.8056574 0.8266383 0.6561614 0.7710721 0.7981459 0.7861489 0.7861489 0.7613379 0.4035468 0.7602654 0.7665941 0.7057484 0.8070531 0.8311057 0.7777425 1.0069721 0.7009332 0.8642007 0.6713586 0.6358905 0.6002450 0.3961721 0.5978033 0.5800484 0.5631943 0.4559867 0.4817904 0.5648162 0.5025865 0.5375531 0.4510309 0.5608067 0.6000267 0.8357186 0.5294643 0.4513602 0.6800080 0.6308306 0.5575887 0.6398920 0.6334831 0.6801114 0.7584649 0.5386247 0.5513935 0.8354863 0.6559771 0.6826285 0.6234201 0.5759995 0.5837836 0.5990201 0.6167248 0.6937879 0.5684957 0.5636411 0.8129749 0.6054574 0.7053517 0.5338729 0.6190021 2.4382739 1.0043799 0.6009812 0.6961656 0.7971837 0.6465791 0.4873922 0.8898239 0.9525883 0.7383519 0.8861157 0.8090235 1.1515974 0.9719901 0.7926445 0.6203456 1.0707868 0.8284649 1.2739211 1.3940849 0.6258902 
Cscu_XM_023364148.1                                           0.3189116 0.5675149 0.5206738 0.0000000 0.5610939 0.5794428 0.3857461 0.6980228 0.7807792 0.7900641 0.7900641 0.8251127 0.9380401 0.7282052 0.8839863 0.9284312 0.8378093 0.8378093 0.8300329 0.3773414 0.8375970 0.8657052 0.6638369 0.7961949 0.9217853 0.9321377 1.2711185 0.7846764 1.0154411 0.7543934 0.7253020 0.6628114 0.3791992 0.6110930 0.6796777 0.6256322 0.5585958 0.5801276 0.6940514 0.6505136 0.6857073 0.5503036 0.6207747 0.5868574 0.7722399 0.6618505 0.6122841 0.7601605 0.6685110 0.6852603 0.7714746 0.6449120 0.6629089 0.6247317 0.6761537 0.5739334 1.0073234 0.7375563 0.7910566 0.7395652 0.6473495 0.6479297 0.6656722 0.6334003 0.7378150 0.6509785 0.6457736 0.9209423 0.6169174 0.8088618 0.5139340 0.5901123 2.3989571 1.0745578 0.7708091 0.8517848 0.7305820 0.8267471 0.8238151 1.2132476 1.2365183 0.8687642 0.8775070 0.9638276 1.3831053 1.1220525 0.7867447 0.9242643 0.9945048 0.8335594 1.7201879 1.4909047 0.7068028 
Emue_Em0015g644a.t1                                           0.4701783 0.6146389 0.5702358 0.5610939 0.0000000 0.1286282 0.3124126 0.4179881 0.8548512 0.8465226 0.8465226 0.8880742 0.9462161 0.8363499 0.9481523 0.9569567 0.8713379 0.8713379 0.8537899 0.5404670 0.8594321 0.9185812 0.8435090 0.8979547 0.9205270 0.9600396 1.2056335 0.7260382 0.8545936 0.4081952 0.5533725 0.5475296 0.3627004 0.5268786 0.5615275 0.4885975 0.5076669 0.5526119 0.6322197 0.5211569 0.5025948 0.5203703 0.5657357 0.6587367 0.7229593 0.6079402 0.5983659 0.7824672 0.6554910 0.6760338 0.7756219 0.6201910 0.7147042 0.5283806 0.7871495 0.5500546 0.5674033 0.5480543 0.6004300 0.6434025 0.5625470 0.5381699 0.5413491 0.5645079 0.6313395 0.5569147 0.5521102 0.8306803 0.6444250 0.7931600 0.6817462 0.7819036 2.3347799 1.0705526 0.6981442 0.7556015 0.9828934 0.8236768 0.9515028 0.8131611 0.8451359 0.7888609 0.5386227 0.8685727 1.0219547 0.9186456 0.7902574 0.5360538 1.0549172 0.8120419 0.9178919 1.4825887 0.4053037 
Spolac_c105058_g1_i1_m.44740c105058-g1                        0.4788528 0.6383602 0.5472012 0.5794428 0.1286282 0.0000000 0.2765457 0.3955744 0.7939329 0.7799404 0.7799404 0.8575930 0.9304693 0.8038055 0.9096133 0.9215691 0.8420969 0.8420969 0.8238980 0.5646852 0.7766983 0.8168502 0.7849532 0.8433548 0.8638716 0.8865628 1.1559176 0.7211565 0.9313557 0.4750252 0.5812012 0.5809357 0.4314819 0.5531771 0.5847395 0.5328107 0.5151739 0.5288903 0.6456792 0.5953088 0.5098114 0.5584432 0.5455786 0.6426849 0.7425660 0.6317416 0.6208148 0.7226263 0.6681038 0.6340679 0.7446182 0.6612378 0.6638325 0.4499507 0.7495557 0.5526061 0.5927542 0.5340510 0.6018635 0.6412314 0.5808849 0.5573399 0.5660861 0.5962190 0.6621953 0.5751767 0.5703650 0.8346079 0.6764219 0.7180943 0.7590294 0.7954257 2.3240134 1.0380195 0.6830981 0.7613163 0.9419936 0.8087108 0.9309382 0.7954599 0.8114787 0.7362598 0.5524066 0.9140468 0.9834261 0.8931517 0.7574383 0.5158306 1.0828560 0.8304846 0.9631593 1.4173857 0.3919135 
Plespi_Pspi_scaffold17525_01                                  0.3573819 0.3995881 0.4350256 0.3857461 0.3124126 0.2765457 0.0000000 0.3175224 0.4371629 0.4431578 0.4431578 0.5445673 0.5364558 0.5284301 0.5284301 0.5284301 0.4364634 0.4364634 0.4364634 0.4384883 0.4898423 0.4898423 0.4914518 0.4914518 0.4967690 0.4967690 0.5987463 0.5447261 0.0000010 0.0000010 0.5667715 0.4086736 0.3978851 0.3022754 0.2571156 0.3672088 0.3671198 0.3840174 0.3816811 0.4848477 0.3293625 0.4190957 0.4016255 0.5443286 0.8882999 0.4480821 0.4077821 0.5092518 0.4135402 0.4652996 0.5125317 0.3921499 0.4972229 1.0918804 0.5016541 0.4550763 0.0000010 0.4177862 0.3934827 0.5856047 0.5091916 0.5118816 0.5118816 0.5240343 0.5239506 0.5319382 0.5319382 0.6888536 0.4462213 0.7437948 0.5412812 0.5625819 2.4027717 1.1747311 0.5279599 0.5025936 0.4921907 0.6942707 0.4504277 2.1630858 9.0000000 0.6762963 0.0000010 0.5802668 4.4449390 0.9334192 0.0000010 0.6784551 1.1113069 0.8772514 2.0042495 1.6581306 0.4169092 
Tetwil_g27264.t2                                              0.5076655 0.6846983 0.6732994 0.6980228 0.4179881 0.3955744 0.3175224 0.0000000 0.7737988 0.7728858 0.7728858 0.8042411 0.8560951 0.7610142 0.7909116 0.8054440 0.8235202 0.8235202 0.8077765 0.5447953 0.8346105 0.7702392 0.7341375 0.7577484 0.8012073 0.6943459 0.7954800 0.7627894 0.8139632 0.6298519 0.6782332 0.6120544 0.3320916 0.6031300 0.6296433 0.5714046 0.5513973 0.5765758 0.6427839 0.5684797 0.5353027 0.6040158 0.6232370 0.7659898 0.8116759 0.6958344 0.6674342 0.6858033 0.6504387 0.7154774 0.8086479 0.6939088 0.7077338 0.8239925 0.7500883 0.6969943 0.6897239 0.5118594 0.4943871 0.7492879 0.6743256 0.6452106 0.6573150 0.6693584 0.7639935 0.6798040 0.6745998 0.9680841 0.7318078 0.7725283 0.8019323 0.9126610 2.4139316 1.0593700 0.6700406 0.7514851 1.0029431 0.9682005 1.0610333 1.1524653 1.1856380 0.9140198 0.4482099 0.9402905 1.0109652 0.9986884 0.8269613 0.6268398 1.1805294 0.8590709 0.6736776 1.5157653 0.3652905 
Pbac_sb2642868                                                0.4024667 0.6510497 0.7017766 0.7807792 0.8548512 0.7939329 0.4371629 0.7737988 0.0000000 0.0189537 0.0189537 0.3689632 0.4378844 0.4136584 0.4254228 0.4544501 0.2663406 0.2663406 0.2496003 0.2563388 0.2977536 0.3321511 0.3170717 0.3054400 0.3181457 0.3502327 0.3994019 0.4735136 0.8940601 1.1114626 0.8322137 0.8359796 0.4344193 0.7545045 0.8377179 0.6879320 0.6433915 0.7237745 0.7175851 0.5375374 0.7406757 0.6562939 0.7033921 0.8373172 0.8969963 0.6937337 0.7869797 0.7508000 0.6433933 0.6379136 0.7032550 0.6055226 0.6380751 1.0057513 0.7860476 0.6792921 1.3951343 0.7508384 0.8169315 0.7222533 0.7893646 0.8183171 0.8430025 0.8637939 0.8845020 0.7570237 0.7513481 0.6979125 0.8344592 0.7362482 0.7448654 0.7952124 2.2719621 0.9989479 0.7238071 0.7077770 0.8635654 0.7909086 0.7997074 0.9092065 0.9358970 0.7173339 0.8775193 0.9400591 1.3996814 1.4620563 1.2689509 0.9896185 1.2317266 0.6415566 1.2852082 1.1907771 0.6169405 
Horcal_Hcv1.av93.c2.g1539.i1                                  0.4097784 0.6693371 0.7035807 0.7900641 0.8465226 0.7799404 0.4431578 0.7728858 0.0189537 0.0000000 0.0000010 0.3569035 0.4209059 0.4185116 0.4231760 0.4522850 0.2593103 0.2593103 0.2424529 0.2594011 0.3007836 0.3418277 0.3217411 0.3147763 0.3064018 0.3477973 0.3898968 0.4562568 0.8904802 1.0318439 0.8275371 0.8358570 0.4401715 0.7506422 0.8218684 0.6819844 0.6326234 0.7124047 0.7066365 0.5500148 0.7414960 0.6481171 0.7048058 0.8471933 0.8974722 0.6951752 0.7860743 0.7352013 0.6443340 0.6348400 0.7082741 0.6101532 0.6351078 0.9853498 0.7873693 0.6612343 1.3865381 0.7650644 0.8240734 0.7169958 0.7864214 0.8153932 0.8348078 0.8578699 0.8786302 0.7541417 0.7484428 0.6979125 0.8275342 0.7362482 0.7472629 0.7958589 2.3605392 1.0169051 0.7208712 0.7088804 0.8632759 0.7909086 0.7953371 0.8535111 0.8765390 0.6963498 0.8371133 0.9219988 1.3387304 1.4371658 1.2387919 0.9968875 1.2121083 0.6368775 1.3113852 1.2055937 0.6353888 
Horcal_Hcv1.av93.c2.g1539.i2                                  0.4097784 0.6693371 0.7035807 0.7900641 0.8465226 0.7799404 0.4431578 0.7728858 0.0189537 0.0000010 0.0000000 0.3569035 0.4209059 0.4185116 0.4231760 0.4522850 0.2593103 0.2593103 0.2424529 0.2594011 0.3007836 0.3418277 0.3217411 0.3147763 0.3064018 0.3477973 0.3898968 0.4562568 0.8904802 1.0318439 0.8275371 0.8358570 0.4401715 0.7506422 0.8218684 0.6819844 0.6326234 0.7124047 0.7066365 0.5500148 0.7414960 0.6481171 0.7048058 0.8471933 0.8974722 0.6951752 0.7860743 0.7352013 0.6443340 0.6348400 0.7082741 0.6101532 0.6351078 0.9853498 0.7873693 0.6612343 1.3865381 0.7650644 0.8240734 0.7169958 0.7864214 0.8153932 0.8348078 0.8578699 0.8786302 0.7541417 0.7484428 0.6979125 0.8275342 0.7362482 0.7472629 0.7958589 2.3605392 1.0169051 0.7208712 0.7088804 0.8632759 0.7909086 0.7953371 0.8535111 0.8765390 0.6963498 0.8371133 0.9219988 1.3387304 1.4371658 1.2387919 0.9968875 1.2121083 0.6368775 1.3113852 1.2055937 0.6353888 
Vmul_sbMO428148                                               0.4310825 0.6979156 0.8056574 0.8251127 0.8880742 0.8575930 0.5445673 0.8042411 0.3689632 0.3569035 0.3569035 0.0000000 0.2459933 0.2169494 0.2525822 0.2643490 0.3471882 0.3471882 0.3426011 0.2946790 0.3404680 0.3558947 0.3880146 0.3514384 0.3591989 0.3760913 0.4800895 0.3276228 1.0312912 1.1916147 0.8625830 0.8607614 0.5492715 0.8487495 0.8591716 0.7388133 0.7124307 0.7200577 0.8852019 0.7501811 0.7922619 0.7824558 0.7520888 1.0162461 0.9925113 0.7857367 0.8750791 0.7409180 0.7072112 0.7397825 0.7773122 0.7131232 0.7283719 1.0235118 0.8388023 0.8096199 1.2967778 0.8558671 0.8465053 0.9395045 0.8526401 0.8701509 0.8847855 0.8804385 0.9152025 0.7785406 0.7727043 0.9140659 0.8181192 0.8373754 0.8538761 0.8729551 2.5314835 1.1038028 0.7859782 0.8126157 0.8641901 0.8634206 0.8936145 1.0075934 1.0117361 0.8326085 0.8218810 1.1297573 1.2947654 1.4338376 1.3199684 0.9806045 1.2921877 0.8319209 1.4378470 1.4372247 0.7270050 
Coemet_Cmet_scaffold4680_01                                   0.4696110 0.7501299 0.8266383 0.9380401 0.9462161 0.9304693 0.5364558 0.8560951 0.4378844 0.4209059 0.4209059 0.2459933 0.0000000 0.0558255 0.0633967 0.0673539 0.4094031 0.4094031 0.4131401 0.2689424 0.4260636 0.4707025 0.4373999 0.4490133 0.4208184 0.4072846 0.5328965 0.3824105 1.1903078 0.9858539 0.9045873 0.9229927 0.5713373 0.8323015 0.8870061 0.8201969 0.7719627 0.7882904 0.8876615 0.6202547 0.8679807 0.8759896 0.8954090 1.1852540 1.0623742 0.8533493 0.8956621 0.8060085 0.7361897 0.6853126 0.6995466 0.7140020 0.6982672 1.0195637 0.8614289 0.9707133 1.3725855 0.9064749 0.9406694 0.9425275 0.9110580 0.9231056 0.9342776 0.9143671 0.9705462 0.8552104 0.8489287 0.9472270 0.8419437 0.8187379 0.8862771 0.9970570 2.9498820 1.0879245 0.8430886 0.7849326 0.8978281 0.7674254 0.9974621 1.1643172 1.1628770 0.8376985 1.0079741 1.1114080 1.3586790 1.2869079 1.3146529 1.0755409 1.4029775 0.8449861 1.4523091 1.3485534 0.8322956 
Coeast_Cast_sb792234                                          0.4138224 0.5968041 0.6561614 0.7282052 0.8363499 0.8038055 0.5284301 0.7610142 0.4136584 0.4185116 0.4185116 0.2169494 0.0558255 0.0000000 0.0046160 0.0046160 0.3808533 0.3808533 0.3808533 0.2665687 0.3884228 0.3884228 0.3899758 0.3867364 0.3880210 0.3712152 0.5452587 0.3638822 1.1667185 0.0000010 0.9333640 0.8057927 0.5654440 0.7176492 0.7301687 0.6965379 0.7066836 0.7484788 0.7458933 0.7647028 0.7561220 0.7133128 0.8326787 1.0546035 1.3130546 0.6943540 0.6598150 0.6891639 0.6416109 0.6147536 0.6036734 0.5704962 0.6930131 2.8297865 0.7958957 0.8120794 2.1694081 0.7555619 0.7566638 0.7909289 0.6868057 0.7107925 0.7107925 0.6866484 0.7445331 0.6840412 0.6840412 0.9122085 0.6753079 0.8258000 0.6719453 0.7629652 2.6116679 1.1897828 0.7356078 0.6707907 0.7245883 0.7708625 0.8953706 1.0975017 1.1718867 0.7826051 0.5604520 0.8870853 2.3789725 1.9385371 0.0000010 0.8364954 1.1935808 0.8465375 1.5071230 1.3759082 0.8213284 
Coeast_Cast_sb792233                                          0.4138224 0.6752250 0.7710721 0.8839863 0.9481523 0.9096133 0.5284301 0.7909116 0.4254228 0.4231760 0.4231760 0.2525822 0.0633967 0.0046160 0.0000000 0.0155373 0.3996013 0.3996013 0.3996013 0.2665687 0.4325666 0.4340678 0.3899758 0.4249385 0.4266684 0.3751208 0.5279134 0.4052260 1.1209604 9.0000000 1.0162921 0.8994027 0.5654440 0.8312353 0.8776803 0.7674080 0.7308711 0.7595509 0.8032264 0.7647028 0.8245958 0.8383844 0.9169481 1.0546035 1.3917551 0.7711327 0.8027371 0.7842849 0.7347908 0.6825557 0.6518373 0.6610876 0.7383172 2.8297865 0.8872227 0.9551432 1.5150862 0.7941608 0.8615369 0.8829441 0.7887936 0.8051590 0.8051590 0.8046423 0.8358180 0.7693908 0.7693908 0.9122085 0.7730068 0.8258000 0.8140790 0.9282185 2.6116679 1.1897828 0.7661507 0.6660751 0.8075934 0.7521231 1.0046282 1.1685422 1.2152232 0.8738176 0.7528236 1.0288723 1.8703938 1.7536313 2.4806158 0.9417251 1.3297390 0.8465375 1.3840593 1.3530924 0.8213284 
Coeast_Cast_sb792232                                          0.4138224 0.7210044 0.7981459 0.9284312 0.9569567 0.9215691 0.5284301 0.8054440 0.4544501 0.4522850 0.4522850 0.2643490 0.0673539 0.0046160 0.0155373 0.0000000 0.4291899 0.4291899 0.4020937 0.2665687 0.4576056 0.4433621 0.3899758 0.4130893 0.4481456 0.3751208 0.5279134 0.4146551 1.1734482 2.3814787 1.0092060 0.9281539 0.5654440 0.8612085 0.8408085 0.7910190 0.7762499 0.7927334 0.8559755 0.7647028 0.8097500 0.8794560 0.9196819 1.0546035 1.3372100 0.8013512 0.8461032 0.8089975 0.7723929 0.7154142 0.6689181 0.6932250 0.7618430 3.6958647 0.8913613 0.9795635 1.5819092 0.8185899 0.8577367 0.9042068 0.8286382 0.8559033 0.8489564 0.8489773 0.8654800 0.8168705 0.8100714 0.9122085 0.8211906 0.8258000 0.8444710 0.9678984 2.6116679 1.1897828 0.7808167 0.7131879 0.8573322 0.7521231 1.0842796 1.1854049 1.2301906 0.8903189 0.8856208 1.0881796 1.5953924 1.6708094 2.1563209 1.0951912 1.3703109 0.8465375 1.3840593 1.3530924 0.8213284 
Mertsp_Mesp_sb552087                                          0.3586833 0.7704202 0.7861489 0.8378093 0.8713379 0.8420969 0.4364634 0.8235202 0.2663406 0.2593103 0.2593103 0.3471882 0.4094031 0.3808533 0.3996013 0.4291899 0.0000000 0.0000010 0.0000010 0.1995519 0.2358092 0.2800349 0.2890002 0.3069691 0.2944510 0.3274172 0.4189437 0.4597574 1.1202437 1.1162289 0.9044215 0.8303569 0.4313801 0.8292512 0.8618526 0.6997768 0.6767148 0.6840125 0.7904541 0.6137336 0.8449686 0.7459020 0.8112538 0.9597379 1.0128138 0.8207207 0.8934566 0.8395160 0.7339740 0.6587838 0.7202169 0.6238654 0.6417296 1.2562974 0.8060658 0.8320650 1.3658369 0.8246305 0.9445840 0.9366612 0.8652716 0.8388563 0.8231693 0.8707636 0.9105073 0.8010736 0.7917436 0.8372685 0.9148707 0.7319740 0.8092178 0.9492291 2.4281345 1.1403189 0.8651175 0.8412499 0.8256618 0.8489840 0.9062702 1.0434131 1.1011232 0.8481650 0.8886280 1.2199110 1.5096447 1.4561806 1.3431306 0.8096210 1.3527683 0.7667163 1.4869630 1.3444813 0.5471459 
Mertsp_Mesp_sb552088                                          0.3586833 0.7704202 0.7861489 0.8378093 0.8713379 0.8420969 0.4364634 0.8235202 0.2663406 0.2593103 0.2593103 0.3471882 0.4094031 0.3808533 0.3996013 0.4291899 0.0000010 0.0000000 0.0000010 0.1995519 0.2358092 0.2800349 0.2890002 0.3069691 0.2944510 0.3274172 0.4189437 0.4597574 1.1202437 1.1162289 0.9044215 0.8303569 0.4313801 0.8292512 0.8618526 0.6997768 0.6767148 0.6840125 0.7904541 0.6137336 0.8449686 0.7459020 0.8112538 0.9597379 1.0128138 0.8207207 0.8934566 0.8395160 0.7339740 0.6587838 0.7202169 0.6238654 0.6417296 1.2562974 0.8060658 0.8320650 1.3658369 0.8246305 0.9445840 0.9366612 0.8652716 0.8388563 0.8231693 0.8707636 0.9105073 0.8010736 0.7917436 0.8372685 0.9148707 0.7319740 0.8092178 0.9492291 2.4281345 1.1403189 0.8651175 0.8412499 0.8256618 0.8489840 0.9062702 1.0434131 1.1011232 0.8481650 0.8886280 1.2199110 1.5096447 1.4561806 1.3431306 0.8096210 1.3527683 0.7667163 1.4869630 1.3444813 0.5471459 
Bolinf_Binf_sb1216952                                         0.3484660 0.7329010 0.7613379 0.8300329 0.8537899 0.8238980 0.4364634 0.8077765 0.2496003 0.2424529 0.2424529 0.3426011 0.4131401 0.3808533 0.3996013 0.4020937 0.0000010 0.0000010 0.0000000 0.1995519 0.2362647 0.2800349 0.2890002 0.3069691 0.2887820 0.3274172 0.4189437 0.4483187 1.1202437 1.0283566 0.8820796 0.8115839 0.4313801 0.7943348 0.8618526 0.6843337 0.6710916 0.6737612 0.7547602 0.6137336 0.8449686 0.7323679 0.7929199 0.9597379 0.9922676 0.7987416 0.8657561 0.8269496 0.7188797 0.6379064 0.7007025 0.6035911 0.6271570 1.5738350 0.7989550 0.8145694 1.3414657 0.7966023 0.9445840 0.9439697 0.8405519 0.8306155 0.8143075 0.8714078 0.8402668 0.8041393 0.7944461 0.8372685 0.8824415 0.7319740 0.7902965 0.9387595 2.4281345 1.1403189 0.8446582 0.8252588 0.7829117 0.8489840 0.8669547 1.0434131 1.1011232 0.8481650 0.7773056 1.2121450 1.5096447 1.4267845 1.2563868 0.7524570 1.3300725 0.7667163 1.4869630 1.3444813 0.5471459 
Eupdun_Edun_sb10602688                                        0.3898976 0.3671882 0.4035468 0.3773414 0.5404670 0.5646852 0.4384883 0.5447953 0.2563388 0.2594011 0.2594011 0.2946790 0.2689424 0.2665687 0.2665687 0.2665687 0.1995519 0.1995519 0.1995519 0.0000000 0.2185860 0.2185860 0.2581849 0.2581849 0.2634379 0.2634379 0.3202277 0.3746028 0.0000010 0.0000010 0.6666438 0.4848443 0.4780570 0.4261517 0.2340447 0.3773746 0.4178544 0.3961740 0.4469894 0.6091596 0.5057532 0.4182285 0.5453649 0.7171269 1.0631171 0.4384462 0.4138485 0.5567038 0.4137803 0.4802934 0.5143484 0.4002914 0.4756944 1.6855645 0.5469680 0.5297823 0.0000010 0.5252752 0.6534401 0.5727833 0.5280832 0.5478682 0.5478682 0.5567262 0.5817897 0.5490083 0.5490083 0.6832530 0.5144078 0.6530406 0.4597086 0.4592577 2.0077441 1.0278452 0.5965682 0.5435426 0.4790149 0.3931901 0.2131049 1.5117646 9.0000000 0.7924513 0.0000010 0.4503257 3.9385601 1.0774481 0.0000010 0.7779213 1.1019041 0.7411349 5.5115649 1.1035577 0.7370138 
Drygla_Dgla_sb288313                                          0.4362029 0.7003915 0.7602654 0.8375970 0.8594321 0.7766983 0.4898423 0.8346105 0.2977536 0.3007836 0.3007836 0.3404680 0.4260636 0.3884228 0.4325666 0.4576056 0.2358092 0.2358092 0.2362647 0.2185860 0.0000000 0.0200511 0.2525245 0.2629791 0.2969440 0.3430018 0.4329220 0.3928758 1.1414397 0.9654158 0.9038866 0.8945651 0.5100806 0.8340417 0.8471723 0.7082462 0.6698489 0.6769737 0.8076130 0.6533604 0.8439489 0.7305689 0.7898781 0.9909625 0.9751834 0.7985831 0.8534329 0.8092412 0.7219196 0.6538204 0.7534038 0.6270261 0.6903223 0.8395069 0.8181144 0.8415869 1.2549210 0.8355187 0.9311098 0.9084816 0.9224952 0.9176735 0.9281892 0.9358672 0.9680109 0.8464660 0.8405388 0.7948280 0.8948792 0.6774876 0.8204809 0.8294423 2.3087643 1.0757767 0.8554127 0.8563879 0.8252954 0.8430256 0.8668904 0.9769810 1.0373661 0.8119479 0.9084373 1.0983396 1.5880968 1.5538932 1.2369093 0.9260327 1.3049570 0.7565408 1.6030326 1.5064120 0.6684383 
Drygla_Dgla_sb288315                                          0.4148476 0.6993933 0.7665941 0.8657052 0.9185812 0.8168502 0.4898423 0.7702392 0.3321511 0.3418277 0.3418277 0.3558947 0.4707025 0.3884228 0.4340678 0.4433621 0.2800349 0.2800349 0.2800349 0.2185860 0.0200511 0.0000000 0.2525245 0.2773363 0.3628460 0.3430018 0.4329220 0.4389524 1.0812206 9.0000000 0.9620911 0.8679380 0.5100806 0.8163219 0.8389684 0.6512991 0.6813804 0.6671658 0.7617904 0.6533604 0.8489062 0.7477104 0.8191993 0.9909625 1.1898848 0.7868320 0.8120803 0.8605524 0.7397183 0.6300066 0.6807055 0.5563449 0.6543011 1.3782604 0.8711172 0.8855650 1.9800679 0.7766101 0.9314163 0.8813190 0.9025851 0.9258574 0.9258574 0.9337518 0.8995562 0.9061293 0.9061293 0.7948280 0.9078753 0.6774876 0.8071000 0.8006899 2.3087643 1.0757767 0.8377460 0.8181658 0.7856946 0.8430256 0.9017957 1.0961875 1.1964437 0.8333812 0.7493460 1.0895458 2.1672534 2.0843212 2.3611000 0.8057205 1.4127051 0.7565408 1.6030326 1.5064120 0.6684383 
Mertsp_Mesp_sb562475                                          0.3835615 0.6891041 0.7057484 0.6638369 0.8435090 0.7849532 0.4914518 0.7341375 0.3170717 0.3217411 0.3217411 0.3880146 0.4373999 0.3899758 0.3899758 0.3899758 0.2890002 0.2890002 0.2890002 0.2581849 0.2525245 0.2525245 0.0000000 0.0144360 0.3346802 0.3346802 0.3906410 0.4602790 1.5353366 0.0000010 1.0468652 0.8354339 0.5449909 0.7731230 0.6913395 0.6560567 0.7078419 0.7126098 0.7374275 0.7667581 0.7527299 0.6145045 0.7573937 0.9894128 1.1476791 0.6489505 0.6553397 0.7856436 0.5866644 0.5900618 0.6203620 0.4531133 0.5569381 2.0136582 0.7868433 0.7386239 0.0000010 0.6866956 0.8500442 0.7717754 0.8211067 0.8385734 0.8385734 0.8399699 0.8515585 0.7909360 0.7909360 0.7958180 0.7705394 0.8842322 0.6241689 0.7153237 2.6415530 1.0887895 0.8397214 0.7895132 0.6981053 0.9711327 0.9366954 1.2655019 1.5343097 0.8007821 0.3811601 0.8759516 4.2785116 2.6556440 0.0000010 0.6663958 1.3614712 0.7940271 1.9729178 1.4378803 0.7473885 
Bolinf_Binf_sb1234477                                         0.3835615 0.7666140 0.8070531 0.7961949 0.8979547 0.8433548 0.4914518 0.7577484 0.3054400 0.3147763 0.3147763 0.3514384 0.4490133 0.3867364 0.4249385 0.4130893 0.3069691 0.3069691 0.3069691 0.2581849 0.2629791 0.2773363 0.0144360 0.0000000 0.3223284 0.3345693 0.3820259 0.4300218 1.3107950 3.0832861 1.0727835 0.9367361 0.5449909 0.8809290 0.9307725 0.7438888 0.7677304 0.7622188 0.8671933 0.7667581 0.8196312 0.7024228 0.7792151 0.9894128 1.1281365 0.7341229 0.8290156 0.8489372 0.7000648 0.7012462 0.7082590 0.5424057 0.6375733 2.0136582 0.9332610 0.8031653 1.4306554 0.7451713 0.9274357 0.8404430 0.8810861 0.8982163 0.8982163 0.9119588 0.8989085 0.8463031 0.8463031 0.7958180 0.8695587 0.8842322 0.7728397 0.9117737 2.6415530 1.0887895 0.8229456 0.8206038 0.7955482 0.9353532 0.9674343 1.0515688 1.1377528 0.8247061 0.6999954 0.9669823 2.0109128 2.0158024 2.4386175 0.8108744 1.3838032 0.7940271 1.4356271 1.4204073 0.7473885 
Beraby_Baby_sb335670                                          0.4785350 0.7962524 0.8311057 0.9217853 0.9205270 0.8638716 0.4967690 0.8012073 0.3181457 0.3064018 0.3064018 0.3591989 0.4208184 0.3880210 0.4266684 0.4481456 0.2944510 0.2944510 0.2887820 0.2634379 0.2969440 0.3628460 0.3346802 0.3223284 0.0000000 0.0000010 0.0191758 0.4439550 1.2520778 1.0943112 1.0233260 0.9611546 0.5472251 0.8694978 0.8977000 0.8202191 0.7612627 0.8043340 0.9017284 0.7239518 0.8195853 0.7259972 0.8619718 1.0306255 1.1070380 0.8224841 0.9561351 0.8454956 0.7959721 0.7367707 0.8330543 0.6780553 0.7254930 0.9772878 0.8889012 0.8041486 1.3819203 0.9158643 0.9410412 0.8971514 0.9111041 0.8890110 0.8921411 0.9010505 0.9684053 0.8542735 0.8482871 0.9138126 0.9353301 0.8392421 0.8674558 0.9165639 2.4684553 1.1897794 0.9112031 0.9007581 0.9972880 0.8489776 0.9528591 1.1265849 1.1785714 0.9212715 0.9715606 1.2136627 1.6193823 1.4331847 1.4216737 0.9513601 1.3241825 0.8293941 1.3826759 1.3598872 0.8071843 
Beraby_Baby_sb335671                                          0.4573548 0.7271065 0.7777425 0.9321377 0.9600396 0.8865628 0.4967690 0.6943459 0.3502327 0.3477973 0.3477973 0.3760913 0.4072846 0.3712152 0.3751208 0.3751208 0.3274172 0.3274172 0.3274172 0.2634379 0.3430018 0.3430018 0.3346802 0.3345693 0.0000010 0.0000000 0.0191758 0.5079941 1.1551555 0.0000010 1.0179337 0.8456846 0.5472251 0.7336536 0.6603117 0.6758320 0.7031697 0.7267225 0.7894312 0.7239518 0.7215114 0.7416354 0.8323802 1.0306255 1.3074439 0.7155834 0.7864714 0.7689145 0.7225788 0.6550027 0.6867890 0.5598012 0.6731036 2.4181577 0.8361375 0.7828447 0.2019483 0.7374009 0.8227130 0.8071605 0.8407401 0.8481652 0.8481652 0.8385534 0.8446869 0.8545896 0.8545896 0.9138126 0.8833772 0.8392421 0.8400111 0.8688470 2.4684553 1.1897794 0.8358985 0.8024913 0.8944738 0.8489776 0.9785253 1.3559925 1.4856866 0.9413338 0.5965869 1.1342386 2.0955185 1.6243056 0.0000010 0.7451505 1.3331977 0.8293941 1.3826759 1.4155160 0.8071843 
Beraby_Baby_sb335673                                          0.6205457 0.9401568 1.0069721 1.2711185 1.2056335 1.1559176 0.5987463 0.7954800 0.3994019 0.3898968 0.3898968 0.4800895 0.5328965 0.5452587 0.5279134 0.5279134 0.4189437 0.4189437 0.4189437 0.3202277 0.4329220 0.4329220 0.3906410 0.3820259 0.0191758 0.0191758 0.0000000 0.6744438 1.1551555 0.0000010 0.9999666 1.0524945 0.7008482 0.9251761 0.8396323 0.8882219 0.9038272 0.9057343 1.0045446 0.6192010 0.8716476 0.9192833 1.0200546 1.3453744 1.2374954 0.8819977 0.9725494 0.8926209 0.8642613 0.8101007 0.8677257 0.6610324 0.7899716 2.4181577 1.0741938 0.9689698 0.2019483 0.9210709 0.9939734 1.0532843 1.1049684 1.1056781 1.1056781 1.1445987 1.0722658 1.1461603 1.1461603 0.9138126 1.1349366 0.8392421 1.1437249 1.1434201 9.0000000 0.6904931 0.9514935 0.9033067 1.1355287 0.8489776 0.9785253 1.3559925 1.2501377 0.8986070 0.6156055 1.1465165 2.0955185 2.0224091 0.0000010 0.7552207 1.6791010 0.9850392 1.4089270 1.3806232 0.7832295 
Lampan_Lpan_4143_01                                           0.4758606 0.6705812 0.7009332 0.7846764 0.7260382 0.7211565 0.5447261 0.7627894 0.4735136 0.4562568 0.4562568 0.3276228 0.3824105 0.3638822 0.4052260 0.4146551 0.4597574 0.4597574 0.4483187 0.3746028 0.3928758 0.4389524 0.4602790 0.4300218 0.4439550 0.5079941 0.6744438 0.0000000 1.0427652 0.7367813 0.7135056 0.7296965 0.4617538 0.6826032 0.7765639 0.7228277 0.6505223 0.7067783 0.7344420 0.6033084 0.6407867 0.7250287 0.6334169 0.9766217 0.7856731 0.6649248 0.7581555 0.8142727 0.7089907 0.6554614 0.7010949 0.6397880 0.6820809 0.6924480 0.8131965 0.8023144 1.3547922 0.7839260 0.8524339 0.7985273 0.7794587 0.7481463 0.7561568 0.7771318 0.8445703 0.7108270 0.7051070 0.8460160 0.7978268 0.7420509 0.7764341 0.8185982 2.5913870 1.1960784 0.7931960 0.7794643 0.8444462 0.9150287 0.9124040 1.0017556 1.0489755 0.7242421 0.8347322 0.9457392 1.1752796 1.3275953 1.3305086 0.8954774 1.2043891 0.9059133 1.3927651 1.3661175 0.6060996 
Fspp_ffun1.m4.16224.m1                                        0.0000010 1.1100634 0.8642007 1.0154411 0.8545936 0.9313557 0.0000010 0.8139632 0.8940601 0.8904802 0.8904802 1.0312912 1.1903078 1.1667185 1.1209604 1.1734482 1.1202437 1.1202437 1.1202437 0.0000010 1.1414397 1.0812206 1.5353366 1.3107950 1.2520778 1.1551555 1.1551555 1.0427652 0.0000000 1.7742032 0.2381549 0.3867396 0.0000010 0.2766780 0.2737397 0.4625612 0.5287623 0.5435748 0.8884386 0.0000010 0.5162112 0.9168455 0.6093725 1.0103442 1.0914007 0.4891253 0.7390709 0.9243523 0.9886648 1.1539818 1.1499488 1.0541479 1.4570201 9.0000000 1.3100719 1.3186952 1.3990347 0.6756424 0.9495502 0.9997138 1.3403916 1.3724606 1.3724606 1.3012875 1.3051187 1.3087723 1.3087723 8.9999988 1.5309208 0.0000010 1.1989971 2.2566168 0.0000010 0.0000010 0.7403983 1.2195579 2.1807768 0.7921403 1.6155399 1.3869271 1.3869271 1.3869271 0.5945257 1.1879875 0.7991354 1.0363908 1.9933571 3.1908979 1.6282060 0.0000010 0.6385838 1.5715466 0.0000010 
Fspp_ffun1.m4.16223.m1                                        0.0000010 0.6568191 0.6713586 0.7543934 0.4081952 0.4750252 0.0000010 0.6298519 1.1114626 1.0318439 1.0318439 1.1916147 0.9858539 0.0000010 9.0000000 2.3814787 1.1162289 1.1162289 1.0283566 0.0000010 0.9654158 9.0000000 0.0000010 3.0832861 1.0943112 0.0000010 0.0000010 0.7367813 1.7742032 0.0000000 0.1043482 0.0869750 0.0000010 0.1486896 0.1062553 0.6737637 0.6018706 0.7385092 0.6289243 0.0000010 0.5174505 0.6226975 0.6503871 0.0000010 0.5855136 0.6281057 0.6815821 0.5878286 0.6254374 0.5085944 0.7606537 0.7923333 0.5282301 0.3070166 0.7482051 0.8250737 0.7398810 0.6993876 0.8484493 0.6520188 0.4906370 0.4932972 0.4932972 0.4940961 0.9129878 0.5889826 0.5889826 0.0000010 0.7737420 0.0000010 1.1731208 1.1642510 0.0000010 0.0000010 0.8760315 1.0980383 1.2643150 0.0000010 0.6896749 0.8598590 0.8598590 0.8598590 0.6810856 0.6519727 0.1298819 0.1486896 0.7041932 0.6788437 0.8293477 0.0000010 0.0000010 0.0000010 0.0000010 
Pocdam_XM_027182021.1                                         0.6682183 0.6957074 0.6358905 0.7253020 0.5533725 0.5812012 0.5667715 0.6782332 0.8322137 0.8275371 0.8275371 0.8625830 0.9045873 0.9333640 1.0162921 1.0092060 0.9044215 0.9044215 0.8820796 0.6666438 0.9038866 0.9620911 1.0468652 1.0727835 1.0233260 1.0179337 0.9999666 0.7135056 0.2381549 0.1043482 0.0000000 0.1933255 0.2120722 0.1988412 0.3109439 0.4892166 0.4459133 0.4625000 0.5911367 0.2439928 0.3943123 0.6030659 0.4549201 0.6611590 0.4837192 0.4964380 0.6290183 0.6694775 0.6027214 0.7062699 0.8647806 0.8209103 0.7994884 0.3554531 0.7988933 0.7180296 0.7511276 0.6564697 0.7137810 0.7608174 0.7699264 0.7603959 0.7920668 0.8184789 0.8749764 0.7254393 0.7192633 0.9564292 0.7895411 0.7385241 0.8178973 1.0111972 1.3231720 0.6995117 0.6588557 0.8121819 1.2243212 0.8514319 0.9218748 1.1764189 1.1811480 0.8035733 0.7192447 0.8457812 0.3377031 0.4310618 0.6403244 0.7581264 1.3506793 0.7996467 0.9514015 1.3322180 0.4851206 
Gasp_gasp1.m3.21622.m1                                        0.5026000 0.6508761 0.6002450 0.6628114 0.5475296 0.5809357 0.4086736 0.6120544 0.8359796 0.8358570 0.8358570 0.8607614 0.9229927 0.8057927 0.8994027 0.9281539 0.8303569 0.8303569 0.8115839 0.4848443 0.8945651 0.8679380 0.8354339 0.9367361 0.9611546 0.8456846 1.0524945 0.7296965 0.3867396 0.0869750 0.1933255 0.0000000 0.1664095 0.2198634 0.2653236 0.5449973 0.4825492 0.4713826 0.5948868 0.2746442 0.3631366 0.6212087 0.4577096 0.5547037 0.6027714 0.5154452 0.6517687 0.6656427 0.6335498 0.7095141 0.8355640 0.8007692 0.8145879 1.2534496 0.7703820 0.7459861 0.7874004 0.6149055 0.6431946 0.7206783 0.7212625 0.7170763 0.7004663 0.6979206 0.7987886 0.7024595 0.6938488 1.0217925 0.8052347 0.7572776 0.7356357 0.9439430 2.1624869 0.9890051 0.6878839 0.8417666 1.0315333 0.9379878 1.0443192 1.3211731 1.3978478 0.9085757 0.8063816 0.8680049 0.4157370 0.4896783 0.7541589 0.8916029 1.2845069 0.7280816 1.0894752 1.4831390 0.4301520 
Gfas_gfas1.m1.5481.m1                                         0.4999171 0.3910578 0.3961721 0.3791992 0.3627004 0.4314819 0.3978851 0.3320916 0.4344193 0.4401715 0.4401715 0.5492715 0.5713373 0.5654440 0.5654440 0.5654440 0.4313801 0.4313801 0.4313801 0.4780570 0.5100806 0.5100806 0.5449909 0.5449909 0.5472251 0.5472251 0.7008482 0.4617538 0.0000010 0.0000010 0.2120722 0.1664095 0.0000000 0.1277746 0.0872944 0.2916218 0.2421540 0.2779536 0.3574299 0.2122486 0.2646574 0.3296939 0.3456062 0.4669504 0.6226801 0.3779356 0.4063023 0.5147265 0.3584387 0.4183904 0.5104371 0.4448286 0.5362944 0.5567682 0.4260323 0.3426081 0.0000010 0.4028780 0.3837950 0.5259414 0.5115500 0.4822202 0.4822202 0.5134210 0.5280961 0.4641315 0.4641315 0.6017445 0.4758608 0.5686257 0.3670249 0.4247960 2.2543015 1.1061390 0.4584617 0.4731617 0.4239587 0.4479073 0.4383481 1.5117646 9.0000000 0.6539908 0.0000010 0.3233765 2.9926092 0.4700838 0.0000010 0.5722768 0.8437548 0.6395948 2.9518121 1.1184377 0.3934301 
Amil_Amillepora23400-RA                                       0.4659097 0.6009218 0.5978033 0.6110930 0.5268786 0.5531771 0.3022754 0.6031300 0.7545045 0.7506422 0.7506422 0.8487495 0.8323015 0.7176492 0.8312353 0.8612085 0.8292512 0.8292512 0.7943348 0.4261517 0.8340417 0.8163219 0.7731230 0.8809290 0.8694978 0.7336536 0.9251761 0.6826032 0.2766780 0.1486896 0.1988412 0.2198634 0.1277746 0.0000000 0.1010237 0.4175460 0.3945255 0.4135133 0.5585391 0.1129990 0.4108551 0.6207327 0.4522569 0.5447876 0.5387211 0.4298429 0.6002107 0.6258643 0.6053685 0.6752644 0.7610704 0.6808771 0.7940607 0.5202481 0.8018387 0.7281341 0.8738491 0.6401360 0.7350367 0.7169426 0.7376638 0.7360301 0.7635150 0.7784346 0.8234549 0.7315245 0.7223292 1.0237634 0.7579160 0.5131727 0.7457234 0.9731389 2.2394422 1.3044582 0.7009460 0.8147162 0.9627108 0.7862588 0.9826563 1.2551707 1.3563541 0.9330939 0.8089716 0.8986911 0.3505462 0.1906162 0.7296631 0.9074209 1.2720757 0.7165945 1.1767262 1.4381901 0.4953799 
Adig_XM_015900322.1                                           0.2278180 0.6050072 0.5800484 0.6796777 0.5615275 0.5847395 0.2571156 0.6296433 0.8377179 0.8218684 0.8218684 0.8591716 0.8870061 0.7301687 0.8776803 0.8408085 0.8618526 0.8618526 0.8618526 0.2340447 0.8471723 0.8389684 0.6913395 0.9307725 0.8977000 0.6603117 0.8396323 0.7765639 0.2737397 0.1062553 0.3109439 0.2653236 0.0872944 0.1010237 0.0000000 0.5179484 0.4934589 0.4834527 0.6059377 0.1346006 0.4866646 0.6269457 0.5554836 0.5374016 1.1006186 0.4690570 0.6030552 0.7088905 0.7180237 0.7406861 0.8061863 0.7812991 0.7588970 1.6656432 0.8607821 0.8035655 1.4194407 0.7197882 0.7919644 0.8010627 0.7775176 0.7782008 0.7605657 0.7598212 0.7669089 0.7755617 0.7680056 1.0286738 0.8206342 0.5167738 0.7524673 0.9503447 2.3397537 1.0690373 0.7160873 0.9077943 1.0953222 0.8836876 1.1618000 1.5435383 1.6472495 1.1042007 0.9262504 1.0257297 0.7054239 0.4713949 0.9545007 0.8516105 1.3145026 0.6054685 1.1041535 1.7280254 0.0969159 
Aaur_scaffold349.g3.t2                                        0.4352198 0.5450039 0.5631943 0.6256322 0.4885975 0.5328107 0.3672088 0.5714046 0.6879320 0.6819844 0.6819844 0.7388133 0.8201969 0.6965379 0.7674080 0.7910190 0.6997768 0.6997768 0.6843337 0.3773746 0.7082462 0.6512991 0.6560567 0.7438888 0.8202191 0.6758320 0.8882219 0.7228277 0.4625612 0.6737637 0.4892166 0.5449973 0.2916218 0.4175460 0.5179484 0.0000000 0.1659532 0.2241181 0.3605699 0.3692344 0.4871540 0.5923349 0.5163211 0.7260893 0.7421470 0.4214609 0.5187166 0.5704519 0.4728989 0.6603444 0.7529714 0.6791810 0.7527774 0.4533752 0.7058006 0.6321479 0.8551516 0.6238980 0.6843213 0.6653697 0.7581228 0.7433690 0.7660040 0.7467727 0.8094060 0.6849317 0.6791439 0.8420595 0.7424507 0.5263328 0.7210399 0.7182003 2.2330410 1.1681471 0.5493218 0.7330939 0.9454944 0.8289686 0.8013370 1.1304816 1.1643851 0.8730043 0.6896691 0.8594119 0.8467248 0.7994491 0.9127266 0.6551312 1.2490847 0.7728585 0.9057817 1.4837869 0.4870400 
Rhoesc_Res_006187-T1                                          0.4804570 0.5173161 0.4559867 0.5585958 0.5076669 0.5151739 0.3671198 0.5513973 0.6433915 0.6326234 0.6326234 0.7124307 0.7719627 0.7066836 0.7308711 0.7762499 0.6767148 0.6767148 0.6710916 0.4178544 0.6698489 0.6813804 0.7078419 0.7677304 0.7612627 0.7031697 0.9038272 0.6505223 0.5287623 0.6018706 0.4459133 0.4825492 0.2421540 0.3945255 0.4934589 0.1659532 0.0000000 0.1681398 0.3231759 0.3380304 0.4619441 0.5106847 0.4962181 0.6400210 0.6038462 0.4527742 0.4985444 0.5202915 0.4686507 0.6305725 0.7910937 0.6834906 0.7341651 0.3973461 0.6840280 0.6174832 0.7636267 0.5794455 0.6176899 0.6437533 0.6861142 0.6683822 0.6860040 0.6899178 0.7502738 0.6302108 0.6250338 0.7559542 0.7023928 0.5725904 0.6222587 0.6845052 2.3021846 0.9575866 0.5604505 0.7076144 0.8658830 0.8244682 0.7046632 1.2284093 1.2645625 0.8788130 0.7256655 0.8070259 0.8558984 0.7614732 0.9778071 0.5456578 1.1758456 0.7023023 1.0909089 1.4083751 0.4371098 
Nemnom_g15247.t1                                              0.4316997 0.5585748 0.4817904 0.5801276 0.5526119 0.5288903 0.3840174 0.5765758 0.7237745 0.7124047 0.7124047 0.7200577 0.7882904 0.7484788 0.7595509 0.7927334 0.6840125 0.6840125 0.6737612 0.3961740 0.6769737 0.6671658 0.7126098 0.7622188 0.8043340 0.7267225 0.9057343 0.7067783 0.5435748 0.7385092 0.4625000 0.4713826 0.2779536 0.4135133 0.4834527 0.2241181 0.1681398 0.0000000 0.3255447 0.3550212 0.4444908 0.6025229 0.4913357 0.5921618 0.6465001 0.4686572 0.5412510 0.4931304 0.4515455 0.6822436 0.8315953 0.7393456 0.7747624 0.4635607 0.6497044 0.6694584 0.8401977 0.5832247 0.6258501 0.6792419 0.7310992 0.6949263 0.7134623 0.7452712 0.8000506 0.6887480 0.6833523 0.8102849 0.7602082 0.5545292 0.6679560 0.6722022 2.7793027 1.1385295 0.6661794 0.7637376 0.8369668 0.7467979 0.8397353 1.2454670 1.2738257 0.9041836 0.7384767 0.8169227 0.8946425 0.8082498 1.0732397 0.6072738 1.2513403 0.7178398 1.0498800 1.3759370 0.4076719 
Sanmal_Sma_018929-T1                                          0.5559284 0.5917448 0.5648162 0.6940514 0.6322197 0.6456792 0.3816811 0.6427839 0.7175851 0.7066365 0.7066365 0.8852019 0.8876615 0.7458933 0.8032264 0.8559755 0.7904541 0.7904541 0.7547602 0.4469894 0.8076130 0.7617904 0.7374275 0.8671933 0.9017284 0.7894312 1.0045446 0.7344420 0.8884386 0.6289243 0.5911367 0.5948868 0.3574299 0.5585391 0.6059377 0.3605699 0.3231759 0.3255447 0.0000000 0.4331875 0.4684898 0.6605193 0.5564539 0.7254468 0.7125178 0.5402368 0.6230380 0.5433343 0.4889356 0.6592101 0.8021358 0.7097474 0.7441055 1.1782462 0.7754841 0.6557143 0.8965182 0.7079074 0.7899931 0.7125230 0.6529994 0.6783380 0.6910363 0.7065621 0.7390574 0.6633397 0.6579706 0.6540044 0.8159425 0.6398238 0.7657179 0.7643580 2.2354794 1.0262038 0.6226461 0.6798850 1.0232594 0.9671580 0.9112507 1.2054001 1.2433633 0.8395235 0.9745728 0.8220998 0.9171155 0.9630736 0.9287594 0.6895672 1.2792480 0.7071250 1.4272066 1.2578261 0.6048621 
Adig_XM_015892256.1                                           0.7491440 0.4431468 0.5025865 0.6505136 0.5211569 0.5953088 0.4848477 0.5684797 0.5375374 0.5500148 0.5500148 0.7501811 0.6202547 0.7647028 0.7647028 0.7647028 0.6137336 0.6137336 0.6137336 0.6091596 0.6533604 0.6533604 0.7667581 0.7667581 0.7239518 0.7239518 0.6192010 0.6033084 0.0000010 0.0000010 0.2439928 0.2746442 0.2122486 0.1129990 0.1346006 0.3692344 0.3380304 0.3550212 0.4331875 0.0000000 0.2355640 0.3553485 0.3554097 0.5813541 0.5538654 0.4651051 0.3761081 0.5826606 0.4049510 0.5286613 0.6278658 0.5410851 0.6858870 0.6657319 0.6397234 0.4614719 0.0000010 0.5736684 0.4921932 0.6422343 0.6329972 0.6359807 0.6359807 0.6675368 0.6209636 0.6332530 0.6332530 0.5723092 0.5405091 0.5940974 0.6236744 0.6534245 3.6145677 0.6439965 0.5977503 0.6573133 0.7064692 0.4971662 0.3618986 2.0225846 0.0000010 0.5181779 0.0000010 0.3402029 2.7667752 2.3549344 0.0000010 0.5688570 1.2059472 0.9390105 1.8231906 1.0511336 0.3984203 
