83
Opea_EP00118_Oscarella_pearsei_P021993               0.0000000 0.0797792 3.5311882 0.5272449 1.1490616 3.2341328 9.0000000 2.0765723 2.8227623 2.9056197 3.8672581 0.0000010 1.4533340 2.9405048 3.0298659 3.0068403 3.0068403 2.9336892 2.9222124 4.3186017 2.9928835 2.8652212 2.8689763 0.0000010 3.7083897 2.9200959 2.8747068 2.2791692 0.0000010 2.9550182 2.3004618 2.7695311 2.7862910 3.7974356 2.7356726 2.5450101 2.7881208 2.7749632 2.6280575 2.7455969 0.0000010 2.1861146 2.6408489 2.4780217 2.3119261 3.5165944 2.6492490 0.0000010 2.5440811 0.0000010 4.1311112 3.8846689 0.0000010 0.0000010 3.2901764 3.1708524 4.5699403 4.0921287 4.0921287 0.0000010 4.6992471 2.7230719 2.6850482 0.0000010 5.0318162 0.0000010 0.0000010 4.0813020 4.3887871 4.6773782 4.9129510 4.9985254 4.5215522 9.0000000 3.3154173 3.1808210 2.2019072 0.8791541 3.0595086 3.0595086 0.0000010 4.1346748 1.7548026 
Opea_EP00118_Oscarella_pearsei_P021994               0.0797792 0.0000000 3.5311882 0.2968177 1.1490616 0.5347309 2.5820859 1.7504480 2.3411461 2.4439588 3.8672581 0.0000010 1.2895559 3.0771402 3.0355203 3.1401499 3.1401499 3.1816041 2.9418646 4.3186017 2.6040017 2.5154690 2.5067420 0.0000010 3.1887911 2.6190373 2.3412426 2.1169086 0.0000010 2.5982147 2.1336378 2.6907291 2.6810387 3.7974356 2.7581244 2.4942326 2.7885356 2.6683007 2.7269300 2.6640743 0.0000010 1.9480813 2.4711162 2.1973387 2.0642073 3.5165944 2.3440297 0.0000010 2.5483080 0.0000010 3.4934429 3.3862244 0.0000010 0.0000010 2.6978438 2.9107992 4.5699403 3.9252924 3.9252924 0.0000010 4.2384402 2.7956465 2.6850482 0.0000010 5.0909051 0.0000010 0.0000010 4.0782473 4.2274698 4.4452560 4.4599777 4.4870913 4.0525917 9.0000000 3.7004256 3.1808210 2.0399999 0.1866961 3.0595086 3.0595086 0.0000010 4.0665545 1.7548026 
Opea_EP00118_Oscarella_pearsei_P021999               3.5311882 3.5311882 0.0000000 0.0744530 0.0607685 1.4548083 0.7093782 0.8934047 1.2411890 1.3035814 1.2786628 9.0000000 0.9007920 1.5983885 1.5106818 1.6413503 1.6413503 1.4699285 1.4699508 1.4699508 2.2898851 2.0185748 2.0282779 9.0000000 1.7625090 1.6024567 1.4225856 1.2482020 9.0000000 1.0647184 1.1762389 1.9114426 1.7590988 1.1971378 1.7862782 1.7590988 1.6299410 1.6704696 1.8216458 1.7974859 0.0000010 0.9442340 2.3707294 1.9383333 1.9383333 1.6156654 1.0975451 9.0000000 1.9446696 5.0701370 2.0541797 1.5641041 0.0000010 0.0000010 1.6777006 1.5778384 2.0108114 1.1895641 1.1895641 9.0000000 2.1334458 2.5867516 0.0000010 8.9999985 1.9780862 9.0000000 9.0000000 1.5802415 1.9206238 2.1037709 2.0362067 2.0364757 1.8405577 9.0000000 2.5292149 2.6333499 1.3823545 0.0000010 0.0000010 0.0000010 0.0000010 1.5221513 2.7736306 
Opea_EP00118_Oscarella_pearsei_P021996               0.5272449 0.2968177 0.0744530 0.0000000 0.1359849 0.1337177 0.1931276 1.7534954 1.6521493 1.6401076 1.1704437 1.3990300 1.5471999 1.7490037 1.7448016 1.7665015 1.7665015 1.7403444 1.7895382 1.5914618 1.9400059 1.7982939 1.7973453 1.8670842 1.9716199 1.8945837 1.5256461 1.3957930 1.2085406 1.3561867 1.3275518 1.4802515 1.4687758 1.1971378 1.4329182 1.2837170 1.5414609 1.4399765 1.5840920 1.4628522 2.5811174 0.9319144 1.7169112 1.5392261 1.4963734 1.4867420 1.5064058 1.5271311 1.5616500 2.1406032 2.2786888 1.8713805 1.2958573 1.4516369 1.9704157 2.0765649 2.2881544 1.9878456 2.0229376 3.1513443 2.2336989 1.9770842 0.0000010 2.3967385 2.1994331 1.8451458 1.8451458 2.1216438 2.1164651 2.1660663 2.3883959 2.2091241 2.4604440 2.3713273 2.7373221 2.6333499 1.3335251 0.0000010 0.0000010 0.0000010 3.3566674 2.0976577 6.4686023 
Opea_EP00118_Oscarella_pearsei_P021992               1.1490616 1.1490616 0.0607685 0.1359849 0.0000000 1.5040602 3.5517769 3.3541491 1.5471663 1.6027805 1.1704437 1.4331347 4.5765213 1.5890838 1.5849510 1.5440918 1.5440918 1.5495951 1.5452894 1.5595391 1.8897483 1.7277866 1.7747695 0.0000010 1.5872127 1.5368208 1.3581159 1.2366816 1.4331347 1.0939971 1.2184375 1.3853888 1.3338854 1.1971378 1.1852725 1.0851823 1.2706551 1.2054775 1.4469912 1.4200494 1.4331347 0.9339077 1.7952875 1.5052453 1.5052453 1.8977324 1.1686729 8.9999987 1.6929134 1.4331347 1.9613331 1.6871015 1.4331347 1.4331347 1.7585775 1.6339025 1.9689865 1.2466517 1.2466517 3.2933967 2.0185741 2.0768217 0.0000010 3.0149623 2.3201443 3.0149623 3.0149623 2.2000930 2.2589064 2.4507491 2.6461168 3.0430650 2.7470101 3.0149623 2.9409947 2.6333499 1.0226895 0.0000010 0.0000010 0.0000010 9.0000000 1.8231052 4.5277630 
Opea_EP00118_Oscarella_pearsei_P021997               3.2341328 0.5347309 1.4548083 0.1337177 1.5040602 0.0000000 0.1207380 2.5352581 2.5390453 2.3998822 3.2625804 0.0000010 2.5749252 2.6784733 2.6528917 2.5623453 2.5623453 2.6581154 2.5648716 1.4126199 3.1519367 3.2354448 3.2560805 0.0000010 3.1762327 3.0683590 2.7787702 1.7865215 0.0000010 2.3491514 2.0244514 2.3872843 2.5129142 1.4619807 2.4774161 2.1466775 2.4441270 2.2661839 2.5871635 2.5068094 0.0000010 1.3319850 2.6803504 2.0469201 2.1126909 1.2321513 2.6154241 1.3472814 2.3026560 0.0000010 3.6486176 2.7941884 0.0000010 0.0000010 2.3295786 3.0726710 3.4959077 3.4053027 3.4053027 3.5240250 3.7884511 3.6588213 0.0000010 0.0000010 3.5521545 0.0000010 0.0000010 3.0674373 3.4794140 3.4794140 3.9310450 2.8886827 3.1873571 8.9999984 4.4172735 8.9999988 2.8737843 0.0986666 0.0000010 0.0000010 0.0000010 5.2074976 6.7410921 
Opea_EP00118_Oscarella_pearsei_P021998               9.0000000 2.5820859 0.7093782 0.1931276 3.5517769 0.1207380 0.0000000 2.6043443 2.7602317 2.6233351 2.8676761 0.0000010 2.8274106 1.6081924 1.5994244 1.5633166 1.5633166 1.6532726 1.6659435 1.5280003 2.6267747 2.9551905 3.0135373 0.0000010 3.1366716 2.9224130 2.2365404 1.6401958 0.0000010 2.0637636 1.5906097 1.8508718 1.9533211 0.7093782 1.8923432 1.5793648 1.7674510 1.6578610 2.0125368 2.0585943 0.0000010 1.0999825 2.2690166 2.4752760 2.4752760 1.3427014 1.9190479 1.6708377 2.1274014 0.0000010 3.5580764 2.9673597 0.0000010 0.0000010 3.6689228 3.2897787 3.4510967 3.3988338 3.3988338 3.8416326 3.5149688 2.9109304 0.0000010 0.0000010 2.2168562 0.0000010 0.0000010 1.8673645 2.2523071 2.2523071 2.6506934 2.0506368 2.3801104 8.9999984 5.1784986 9.0000000 2.5744051 0.1809293 0.0000010 0.0000010 0.0000010 3.1163474 8.9999981 
Leuniv_Lniv_scaffold10820_01                         2.0765723 1.7504480 0.8934047 1.7534954 3.3541491 2.5352581 2.6043443 0.0000000 0.2129585 0.1733301 0.2205661 0.3919492 0.5072236 1.7274834 1.7153308 1.7324606 1.7324606 1.6499035 1.7060445 2.1859921 1.4198326 1.3907478 1.3799879 1.6505854 1.5297147 1.4400433 1.7834294 1.2041835 0.8349654 1.2340509 1.1992741 1.2528718 1.2513778 1.6657976 1.2648215 1.1095973 1.3315952 1.2731019 1.2617795 1.2535570 0.6884546 1.3263423 1.3081605 1.3097420 1.3102304 1.1466065 1.4952664 1.3743006 1.4842612 1.1653645 1.8519073 1.4889671 0.6981413 0.7480934 1.7165486 1.6943112 2.6960926 1.5893025 1.8364149 3.6447957 2.5444928 1.5499314 1.0456010 1.3131164 1.8169044 1.2478906 1.2478906 1.8940789 1.9117560 1.9187603 1.8738677 1.8561547 1.8413605 1.5157173 1.8356231 0.8825206 2.2603295 2.2311958 0.6683707 0.0000010 1.5729720 2.9661327 6.1032832 
Lcom_lcpid55651                                      2.8227623 2.3411461 1.2411890 1.6521493 1.5471663 2.5390453 2.7602317 0.2129585 0.0000000 0.2103171 0.1656267 0.4184172 0.6064687 1.5426196 1.5194074 1.5316052 1.5316052 1.5054496 1.5389322 1.7760821 1.3610797 1.3002160 1.2950008 1.5589378 1.5401075 1.3425935 1.4229491 1.1119716 0.8293487 1.1037571 1.0815496 1.2131803 1.1992906 0.9965772 1.1866927 1.0947152 1.2428455 1.1805650 1.1922808 1.1643389 0.6608058 1.2996910 1.2482772 1.2318735 1.2211993 1.1717680 1.3339944 1.3068343 1.3595824 1.1760055 1.8075209 1.6592701 0.7218483 0.7892040 1.7030376 1.6629283 1.7798364 1.5225902 1.6665758 3.4980207 2.3140147 1.5542661 1.1055015 1.3141896 1.8753806 1.2454841 1.2454841 1.9403721 1.8921953 1.9389695 1.8988822 1.8669702 1.8853296 1.5809882 1.8251345 1.3376407 1.3495152 2.5592088 1.0274173 1.2476614 1.5750047 2.3130902 5.5153448 
Gracom_Gcom_scaffold3101_01                          2.9056197 2.4439588 1.3035814 1.6401076 1.6027805 2.3998822 2.6233351 0.1733301 0.2103171 0.0000000 0.1278199 0.3968602 0.5489691 1.5984727 1.5791089 1.5899374 1.5899374 1.5552410 1.5917204 1.8053445 1.3604642 1.2777304 1.2974796 1.5589319 1.5263600 1.3305535 1.3679658 1.1574198 0.8120918 1.1268384 1.0888976 1.2031819 1.2047609 1.0372811 1.1818044 1.1079752 1.2373767 1.1727307 1.1614377 1.1553441 0.6329093 1.2708762 1.2463069 1.2110816 1.2078603 1.1690681 1.2791103 1.3627901 1.3846709 1.1983293 1.8288272 1.6005766 0.7221500 0.7890167 1.7563279 1.6836572 1.8191286 1.4809591 1.6198430 3.4963377 2.3573309 1.5780621 1.0783740 1.3607917 1.8742147 1.2725851 1.2725851 1.9577434 1.9451759 2.0006859 1.8810510 1.9103319 1.8431637 1.5585260 1.8021491 1.4972451 1.4350661 2.6484197 1.0395667 1.2796208 1.5758179 2.4504482 5.6493047 
Leuniv_Lniv_C782395_01                               3.8672581 3.8672581 1.2786628 1.1704437 1.1704437 3.2625804 2.8676761 0.2205661 0.1656267 0.1278199 0.0000000 0.0000010 0.0000010 1.2300135 1.2205261 1.1771578 1.1771578 1.2340704 1.2177504 1.1625637 1.1112914 1.0565606 1.1086003 0.0000010 1.4347752 1.0443291 1.0529803 0.9212347 0.0000010 0.8720197 0.8639239 1.0245614 1.0397858 0.9907890 0.9589405 1.0109881 1.0026453 0.9789241 0.9281528 0.8398088 0.0000010 1.0499997 0.9898952 0.9460728 0.9370119 1.1329454 0.9299261 0.0000010 1.1437190 0.0000010 1.5740688 1.5181341 0.0000010 9.0000000 1.4778482 1.3807715 1.5705305 1.1857889 1.1857889 0.0000010 1.6876252 1.4507210 1.0685115 0.0000010 1.9293673 0.0000010 0.0000010 1.9224705 1.8528384 1.9838605 1.8040010 1.8202536 1.7907695 4.4133067 1.7466589 1.4877945 0.8191340 2.7229652 0.9948650 1.2766209 0.0000010 2.2371102 4.6589906 
Clacor_Ccor_scaffold2719_01                          0.0000010 0.0000010 9.0000000 1.3990300 1.4331347 0.0000010 0.0000010 0.3919492 0.4184172 0.3968602 0.0000010 0.0000000 0.1986007 0.9382204 0.9482852 0.9734153 0.9734153 0.9182550 0.9299290 1.1126100 0.9452177 0.8793493 0.8878357 2.2994407 0.9869141 0.9751558 0.0000010 0.7366249 0.6980223 0.7393300 0.7197416 0.7745548 0.7772086 3.3068549 0.8536828 0.8120436 0.8375659 0.7893838 0.7723190 0.8515925 0.6666750 0.8290761 0.9130039 0.8901115 0.8901115 0.7757268 0.8165415 0.9835141 0.9271221 1.1435922 1.0845806 0.8344339 0.8324597 0.8970370 0.9757794 1.0045267 3.2718754 0.8981851 1.1834039 2.8888768 1.2734147 0.9956225 0.0000010 1.3898786 1.3027831 1.3652083 1.3652083 1.3229597 1.4649973 1.4694733 1.3725877 1.4815561 1.4993411 1.4993411 1.0800526 0.0000010 0.0000010 0.0000010 0.0000010 0.0000010 1.3502601 0.0000010 6.6596371 
Clacor_Ccor_scaffold15314_01                         1.4533340 1.2895559 0.9007920 1.5471999 4.5765213 2.5749252 2.8274106 0.5072236 0.6064687 0.5489691 0.0000010 0.1986007 0.0000000 1.5704814 1.5844617 1.5954864 1.5954864 1.4892152 1.5917371 2.0114628 1.4492178 1.5266476 1.5280381 1.9511227 1.6235484 1.5831309 1.9760904 1.2674633 0.9506790 1.2618272 1.2290743 1.2613946 1.2458552 3.3068549 1.2828297 1.1186552 1.3563223 1.2681734 1.2244491 1.2043623 0.7019238 1.3171902 1.2784868 1.3080329 1.2990348 1.2075463 1.4779269 1.4623753 1.4702033 1.2835396 1.9501350 1.5242667 0.9080266 0.9356532 1.8226005 1.7845622 3.3442138 1.6278403 1.8470456 3.7065412 2.5183197 1.6061684 0.0000010 1.4022500 1.8797008 1.3542073 1.3542073 1.9444084 2.0399415 2.0329821 2.0620607 2.0417561 2.0173824 1.8024281 1.9884052 0.0000010 2.1840246 2.4325840 0.0000010 0.0000010 1.3650732 3.4632839 7.4232865 
HoiH06_mRNA304                                       2.9405048 3.0771402 1.5983885 1.7490037 1.5890838 2.6784733 1.6081924 1.7274834 1.5426196 1.5984727 1.2300135 0.9382204 1.5704814 0.0000000 0.0241342 0.0766619 0.0820395 0.1165348 0.1771559 0.2268315 1.4267821 1.2340238 1.2420700 1.8555342 1.5637334 1.3715421 1.3649415 1.0566167 0.8933530 1.0821800 1.0368950 1.1473595 1.1071826 0.8801873 1.0898351 0.9903492 1.1930176 1.1883815 1.1273939 1.1128452 0.6008279 1.4146235 1.3599199 1.1842472 1.1716921 1.0020929 1.2435439 1.1143865 1.2822618 1.3990775 1.9950426 1.7135030 0.8642682 0.9018010 1.8318309 1.8106072 1.6180080 1.5994727 1.7272402 3.8825660 2.2633690 1.3353989 0.8914298 1.4296051 1.7705716 1.3970564 1.3970564 1.7341643 1.8828838 2.0109546 1.8258246 1.7645182 1.9153098 1.8096663 2.0208787 1.2777081 1.3419678 2.9354031 1.0775490 1.1713385 1.6010934 2.7973171 5.6118412 
HoiH23_PlH23_007952-RA                               3.0298659 3.0355203 1.5106818 1.7448016 1.5849510 2.6528917 1.5994244 1.7153308 1.5194074 1.5791089 1.2205261 0.9482852 1.5844617 0.0241342 0.0000000 0.0711302 0.0764785 0.1081870 0.1796800 0.2285130 1.4068660 1.2242872 1.2539177 1.9164477 1.5855254 1.3794743 1.3593497 1.0568308 0.8930833 1.0694645 1.0372586 1.1330212 1.0965259 0.8689890 1.0860655 0.9769737 1.1789864 1.1732707 1.1167477 1.1026910 0.6008279 1.4199441 1.3405680 1.1648347 1.1532469 1.0010744 1.2414694 1.0960214 1.2853437 1.4104951 2.0094886 1.7164305 0.8627185 0.9002182 1.8147355 1.7899002 1.6483677 1.5808922 1.7073101 3.8958548 2.2799945 1.3253696 0.9261308 1.4106410 1.7792060 1.3802777 1.3802777 1.7380288 1.8793284 2.0084053 1.8105598 1.7645350 1.9234675 1.8296226 2.0139034 1.2607887 1.3103937 2.9220793 1.0878730 1.1461927 1.6010934 2.8248796 5.5658328 
HoiH04_mRNA12126                                     3.0068403 3.1401499 1.6413503 1.7665015 1.5440918 2.5623453 1.5633166 1.7324606 1.5316052 1.5899374 1.1771578 0.9734153 1.5954864 0.0766619 0.0711302 0.0000000 0.0042337 0.1371232 0.1961786 0.2549612 1.4337324 1.2614635 1.2494883 1.8691545 1.6123315 1.3995230 1.3152929 1.0531313 0.9082238 1.0999962 1.0560061 1.1707422 1.1391857 0.8882768 1.1045811 1.0019789 1.2202263 1.1931450 1.1514146 1.1420721 0.6241147 1.3944360 1.3616423 1.1974930 1.1999979 1.0185516 1.2445695 1.1423362 1.3188700 1.4710259 2.0155405 1.7850921 0.8839752 0.9212557 1.7980127 1.8053432 1.6424974 1.6259161 1.7398589 3.9469823 2.3379846 1.3489629 0.8616380 1.3890551 1.8062860 1.3831760 1.3831760 1.7865476 1.9159307 2.0495490 1.8672387 1.7923282 1.9465877 1.8351602 1.9671125 1.2465055 1.3421311 2.9584483 1.0565738 1.1461927 1.5670399 3.0754366 5.7483763 
Hhon_g03346.t1                                       3.0068403 3.1401499 1.6413503 1.7665015 1.5440918 2.5623453 1.5633166 1.7324606 1.5316052 1.5899374 1.1771578 0.9734153 1.5954864 0.0820395 0.0764785 0.0042337 0.0000000 0.1357685 0.1937948 0.2516001 1.4288444 1.2630784 1.2490907 1.8691545 1.6127312 1.3998022 1.3142281 1.0458576 0.9082238 1.0925365 1.0560061 1.1605795 1.1313626 0.8882768 1.1044440 0.9934243 1.2125522 1.1850178 1.1483244 1.1412260 0.6241147 1.3876285 1.3534019 1.1885100 1.1910018 1.0185516 1.2413708 1.1423362 1.3116826 1.4710259 2.0101648 1.7667942 0.8839752 0.9212557 1.7888298 1.7961261 1.6327195 1.6176797 1.7311059 3.9469823 2.3386928 1.3489629 0.8377805 1.3890551 1.8062860 1.3831760 1.3831760 1.7865476 1.9159307 2.0495490 1.8672387 1.7862869 1.9537924 1.8351602 1.9671125 1.2465055 1.3431856 2.8707489 1.0327590 1.1461927 1.5670399 3.0768875 5.7483763 
HoiH11_mRNA9026                                      2.9336892 3.1816041 1.4699285 1.7403444 1.5495951 2.6581154 1.6532726 1.6499035 1.5054496 1.5552410 1.2340704 0.9182550 1.4892152 0.1165348 0.1081870 0.1371232 0.1357685 0.0000000 0.1729830 0.2181428 1.3819719 1.2586612 1.2740373 1.8146359 1.5970996 1.3986451 1.3286920 1.0193732 0.8892945 1.0593457 1.0356212 1.0941306 1.0689161 0.8574388 1.0504786 0.9699524 1.1508399 1.1459414 1.1038365 1.1115176 0.5206185 1.3942193 1.3344219 1.1496793 1.1421056 0.9901384 1.1922440 1.0867027 1.3047543 1.3897752 1.9809978 1.6956528 0.7914107 0.8304409 1.8176028 1.7963253 1.6903923 1.5744166 1.6994972 3.9595695 2.3535871 1.3293799 0.8905716 1.4053567 1.8197929 1.3448089 1.3448089 1.7270316 1.8735155 2.0149442 1.8734806 1.8034670 1.9850470 1.8035271 1.9346511 1.2036640 1.3262883 2.9724011 1.0332905 1.0969339 1.5616720 2.8361375 5.8493108 
TrH2_TrispH2_007823-RA                               2.9222124 2.9418646 1.4699508 1.7895382 1.5452894 2.5648716 1.6659435 1.7060445 1.5389322 1.5917204 1.2177504 0.9299290 1.5917371 0.1771559 0.1796800 0.1961786 0.1937948 0.1729830 0.0000000 0.0340978 1.4183679 1.2444611 1.2880933 1.9850844 1.5985326 1.4025543 1.2959115 1.0950872 0.9122113 1.0627194 1.0467989 1.1374391 1.1167119 0.9032404 1.0698376 0.9763199 1.1644102 1.1442063 1.1078062 1.1204193 0.6051145 1.3891590 1.3338677 1.2108637 1.2001693 1.0033153 1.1933257 1.1415776 1.3309523 1.3829837 1.9418892 1.7101560 0.8443660 0.8824661 1.8213190 1.8008480 1.6344525 1.6350547 1.7778711 4.0487786 2.2867522 1.3712590 0.8425270 1.3625249 1.8178748 1.3217791 1.3217791 1.7321386 1.8609152 1.9775161 1.8673302 1.8186104 1.9725595 1.8127877 1.9743783 1.2236169 1.4331462 2.8948147 1.0317866 1.2031312 1.6236413 2.9237804 5.2070667 
Tadh_TriadT61756                                     4.3186017 4.3186017 1.4699508 1.5914618 1.5595391 1.4126199 1.5280003 2.1859921 1.7760821 1.8053445 1.1625637 1.1126100 2.0114628 0.2268315 0.2285130 0.2549612 0.2516001 0.2181428 0.0340978 0.0000000 1.5363455 1.4017949 1.4910865 3.2749336 1.6349176 1.4818387 1.1214752 1.1009376 1.2013834 1.0591641 1.0770696 1.1615302 1.1575943 0.7495640 1.0964579 0.9013601 1.2084195 1.1328459 1.2090708 1.1925760 2.0075853 1.4653382 1.3534060 1.1957229 1.2033006 1.0765383 1.2283918 1.2603536 1.3877464 1.8460324 1.9741359 1.7943713 0.5947778 0.8192590 1.8803438 1.9208369 1.3370643 1.5687800 1.5619776 3.6665516 2.2864254 1.4525947 0.4879430 1.6843062 1.7687048 1.7833994 1.7833994 1.8037880 1.7846832 1.9773653 1.7602456 1.7030292 1.8610308 2.5706542 2.1121803 0.8704221 1.2820920 1.3752958 0.6459304 1.0448478 1.3002225 2.6852181 5.5980159 
Morvir_scaffold369.g8.t1                             2.9928835 2.6040017 2.2898851 1.9400059 1.8897483 3.1519367 2.6267747 1.4198326 1.3610797 1.3604642 1.1112914 0.9452177 1.4492178 1.4267821 1.4068660 1.4337324 1.4288444 1.3819719 1.4183679 1.5363455 0.0000000 0.4955240 0.5366862 0.7746583 0.6635003 0.5541409 0.5016513 1.0001016 0.7876268 0.9531382 0.9869977 0.8642989 0.8491274 0.8143880 0.8419574 0.7584139 0.9478933 0.9049647 0.8515872 0.8332457 0.5218602 1.2401424 1.0017373 0.9456433 0.9530564 1.0301830 1.1529312 1.0576457 1.2309609 1.2731252 1.9762298 1.6750365 0.7085846 0.7666151 1.7523235 1.6554722 1.9526963 1.7002656 1.8313796 3.6983835 2.3313930 1.1738927 1.0727975 1.2493978 1.7705596 1.4551960 1.4551960 1.6391187 1.7807608 1.8028137 1.7930600 1.8661536 1.8854997 1.8187674 1.8286042 1.4268483 1.3927996 2.8833262 1.2241416 1.3899983 1.3635410 2.8847791 4.9922639 
Rhoesc_Res_002899-T1                                 2.8652212 2.5154690 2.0185748 1.7982939 1.7277866 3.2354448 2.9551905 1.3907478 1.3002160 1.2777304 1.0565606 0.8793493 1.5266476 1.2340238 1.2242872 1.2614635 1.2630784 1.2586612 1.2444611 1.4017949 0.4955240 0.0000000 0.0796498 0.2108030 0.3673179 0.3035366 0.2453092 0.9569256 0.6771307 0.9910737 0.9264430 0.7781349 0.7876072 0.5876994 0.7959513 0.6893189 0.8433448 0.8384347 0.8384918 0.8850332 0.6013884 1.1942105 0.9112289 0.8907523 0.8891655 0.9668450 1.0783432 1.1147221 1.2083676 1.2770843 1.8364140 1.5728728 0.7435746 0.8285975 1.8038887 1.6631048 1.7634238 1.5949802 1.7387082 3.3546001 2.2143073 1.2198165 0.5972285 1.3229968 1.6234507 1.3344873 1.3344873 1.6227815 1.7089438 1.6970526 1.6888364 1.6862126 1.6787635 1.6680283 1.6593679 0.9980945 1.3531305 2.3401672 0.8066550 1.5628353 1.4423914 2.5425954 5.3643150 
Nemnom_g6073.t1                                      2.8689763 2.5067420 2.0282779 1.7973453 1.7747695 3.2560805 3.0135373 1.3799879 1.2950008 1.2974796 1.1086003 0.8878357 1.5280381 1.2420700 1.2539177 1.2494883 1.2490907 1.2740373 1.2880933 1.4910865 0.5366862 0.0796498 0.0000000 0.2115800 0.3983893 0.3090940 0.2474963 0.9803105 0.6809514 0.9960517 0.9361661 0.8567675 0.8588711 0.7833911 0.8510558 0.7695957 0.9131339 0.9091579 0.8736272 0.8975734 0.6084620 1.2270529 0.9235247 0.9078651 0.9068541 1.0238878 1.1704238 1.1480512 1.2232751 1.3158500 1.7643733 1.5658959 0.7398082 0.8255858 1.7676848 1.6608720 1.7907695 1.6055288 1.7457711 3.3437845 2.1126320 1.2356106 0.8205357 1.2717693 1.6554773 1.2896620 1.2896620 1.6142196 1.7949037 1.7974587 1.7267573 1.7578468 1.7257003 1.5970610 1.7221955 1.2468308 1.4109336 2.9546350 1.1275567 1.6309631 1.4214837 2.7303572 4.9748116 
Aaur_scaffold46.g22.t1                               0.0000010 0.0000010 9.0000000 1.8670842 0.0000010 0.0000010 0.0000010 1.6505854 1.5589378 1.5589319 0.0000010 2.2994407 1.9511227 1.8555342 1.9164477 1.8691545 1.8691545 1.8146359 1.9850844 3.2749336 0.7746583 0.2108030 0.2115800 0.0000000 0.2139592 0.2363197 0.0000010 1.3197964 1.0261751 1.0813026 1.2739922 1.2908445 1.2908445 0.0000010 1.3053031 1.4500063 2.2976399 1.1881863 1.5029375 1.3506788 2.5079038 1.4874449 1.2780653 1.2117782 1.2117782 1.3757583 2.1433723 1.1682687 1.5672642 2.8318828 2.7750751 1.8300869 0.5720499 1.6174003 3.5290223 3.8976291 4.0187233 2.0186127 2.1517062 5.6835050 2.8604312 1.8168926 0.0000010 3.4924675 1.9677772 2.0536399 2.0536399 1.8837661 3.0405613 3.0405613 2.1143711 2.3486855 2.7388755 2.7388755 2.4709106 0.0000010 0.0000010 0.0000010 0.0000010 0.0000010 0.0000010 0.0000010 9.0000000 
Sanmal_Sma_008377-T1                                 3.7083897 3.1887911 1.7625090 1.9716199 1.5872127 3.1762327 3.1366716 1.5297147 1.5401075 1.5263600 1.4347752 0.9869141 1.6235484 1.5637334 1.5855254 1.6123315 1.6127312 1.5970996 1.5985326 1.6349176 0.6635003 0.3673179 0.3983893 0.2139592 0.0000000 0.0778135 0.4367700 1.1940251 0.7964389 1.1870089 1.1485455 0.9878248 0.9859640 1.2564421 0.9723317 0.9260623 1.1428621 1.0366609 0.9906327 1.0360949 0.6658601 1.3145462 1.1839203 1.1510034 1.1384711 1.1726148 1.3262962 1.1288636 1.3784699 1.3459172 2.1084520 1.8057887 0.6775490 0.7535445 2.0175664 1.9373978 2.2690122 1.8637720 1.9837565 3.6251906 2.4408037 1.4195153 1.2448268 1.3720337 1.7769966 1.3194501 1.3194501 1.6467087 1.8476516 1.8118425 1.8210143 1.8033022 1.8890211 1.6382175 1.9760716 1.8050837 2.0194313 2.8671140 1.4325240 1.7739009 1.5075137 3.1974335 5.3609319 
Sanmal_Sma_008386-T1                                 2.9200959 2.6190373 1.6024567 1.8945837 1.5368208 3.0683590 2.9224130 1.4400433 1.3425935 1.3305535 1.0443291 0.9751558 1.5831309 1.3715421 1.3794743 1.3995230 1.3998022 1.3986451 1.4025543 1.4818387 0.5541409 0.3035366 0.3090940 0.2363197 0.0778135 0.0000000 0.2879388 0.9944669 0.7938054 1.0214181 0.9533313 0.8388841 0.8335311 0.6907886 0.8085650 0.7398945 0.9442493 0.8604185 0.8386422 0.9120186 0.6390315 1.2302293 0.9878072 0.9379678 0.9305068 1.0537468 1.1655779 1.1288636 1.2232274 1.3591863 1.9341629 1.6389809 0.6775490 0.7677058 1.8487786 1.7652894 1.8436639 1.7232197 1.8113446 3.6251906 2.3133021 1.3473855 0.8234860 1.3823466 1.7425212 1.3206624 1.3206624 1.6032775 1.8261068 1.8335905 1.7598397 1.7819338 1.8311311 1.6479119 1.8430597 1.4163753 1.4234952 2.9194129 1.0880490 1.4314472 1.5075137 2.7499849 4.8161568 
Aaur_scaffold46.g21.t1                               2.8747068 2.3412426 1.4225856 1.5256461 1.3581159 2.7787702 2.2365404 1.7834294 1.4229491 1.3679658 1.0529803 0.0000010 1.9760904 1.3649415 1.3593497 1.3152929 1.3142281 1.3286920 1.2959115 1.1214752 0.5016513 0.2453092 0.2474963 0.0000010 0.4367700 0.2879388 0.0000000 0.9846278 0.0000010 1.1142525 0.9340955 0.8730338 0.8993408 0.5249876 0.8945652 0.7379655 0.8572549 0.8607249 0.9695604 1.0038521 0.0000010 1.2190364 1.0651205 0.9712069 0.9753450 0.8045501 1.0775310 1.2113888 1.1929926 0.0000010 1.9349256 1.6507882 0.0000010 9.0000000 1.8277025 1.6400234 1.5277705 1.7647927 1.7647927 5.8134412 2.4574551 1.2270333 0.6720282 0.0000010 2.0454849 0.0000010 0.0000010 2.0519148 2.1138350 2.2614095 1.8962710 2.1453226 1.9859914 9.0000000 1.7480749 1.0638169 1.3492954 1.9980739 0.6651104 0.8208857 0.0000010 2.8538131 4.2869806 
Acagra_model.g2004.t1                                2.2791692 2.1169086 1.2482020 1.3957930 1.2366816 1.7865215 1.6401958 1.2041835 1.1119716 1.1574198 0.9212347 0.7366249 1.2674633 1.0566167 1.0568308 1.0531313 1.0458576 1.0193732 1.0950872 1.1009376 1.0001016 0.9569256 0.9803105 1.3197964 1.1940251 0.9944669 0.9846278 0.0000000 0.2709002 0.5725995 0.4094888 0.7685416 0.7543792 0.6078084 0.7070447 0.6476043 0.7931085 0.7433818 0.7475852 0.6657412 0.6125266 1.0538276 0.9001870 0.8402541 0.8402490 0.4979714 0.7392082 0.5021841 0.8729826 1.2195462 1.6637033 1.3954331 0.5750461 0.6408588 1.5322580 1.4274010 1.6250136 1.3940410 1.5171706 3.2123094 1.8429136 0.9620742 0.5758743 1.0372379 1.4606262 0.9351296 0.9351296 1.4217528 1.4949123 1.5747730 1.4853461 1.5007075 1.5909024 1.3189725 1.6552159 1.1876055 0.8273101 2.6504869 0.9138386 0.9822861 1.3631122 2.4001519 4.5466912 
Cgig_XM_034462484.1                                  0.0000010 0.0000010 9.0000000 1.2085406 1.4331347 0.0000010 0.0000010 0.8349654 0.8293487 0.8120918 0.0000010 0.6980223 0.9506790 0.8933530 0.8930833 0.9082238 0.9082238 0.8892945 0.9122113 1.2013834 0.7876268 0.6771307 0.6809514 1.0261751 0.7964389 0.7938054 0.0000010 0.2709002 0.0000000 0.3704805 0.3749313 0.5460710 0.5273409 5.5820715 0.5653653 0.5910707 0.6772802 0.5277932 0.6372524 0.5976024 0.7320745 0.8842143 0.7665412 0.6772618 0.6634053 0.4781197 0.6476506 0.4448202 0.6661679 1.2227914 1.2977626 0.9495941 0.6336372 0.7019544 1.0691492 1.0768385 2.9546498 0.9931456 1.2022633 4.0021602 1.4466810 0.8197958 0.0000010 1.1131209 1.0002472 0.9855748 0.9855748 1.0126700 1.1190172 1.1324810 1.0542723 1.0486611 1.2516065 1.2678558 1.0461280 0.0000010 0.0000010 0.0000010 0.0000010 0.0000010 1.4781979 0.0000010 4.7276855 
Bralan_BLAG03001285_1                                2.9550182 2.5982147 1.0647184 1.3561867 1.0939971 2.3491514 2.0637636 1.2340509 1.1037571 1.1268384 0.8720197 0.7393300 1.2618272 1.0821800 1.0694645 1.0999962 1.0925365 1.0593457 1.0627194 1.0591641 0.9531382 0.9910737 0.9960517 1.0813026 1.1870089 1.0214181 1.1142525 0.5725995 0.3704805 0.0000000 0.5549353 0.6996219 0.6853268 0.6002762 0.6653158 0.5882204 0.7375815 0.7167927 0.7003171 0.6513885 0.5654881 1.0605880 0.8712535 0.8177853 0.8035161 0.5747451 0.6718589 0.4984152 0.7319091 1.1279406 1.6623681 1.2867982 0.6092192 0.6750004 1.5580845 1.5354471 1.7023406 1.3595408 1.4810092 3.0290840 1.8150112 1.0532925 0.5246481 1.1581335 1.4564772 1.0442109 1.0442109 1.4402756 1.4593248 1.5494638 1.4772259 1.5345539 1.5890301 1.3266725 1.5749313 1.1453349 0.7099450 2.5575439 0.8067168 0.9302602 1.4495391 2.5707084 4.9112866 
Ctel_gnl_WGS_AMQN_CAPTEDRAFT_mRNA169961              2.3004618 2.1336378 1.1762389 1.3275518 1.2184375 2.0244514 1.5906097 1.1992741 1.0815496 1.0888976 0.8639239 0.7197416 1.2290743 1.0368950 1.0372586 1.0560061 1.0560061 1.0356212 1.0467989 1.0770696 0.9869977 0.9264430 0.9361661 1.2739922 1.1485455 0.9533313 0.9340955 0.4094888 0.3749313 0.5549353 0.0000000 0.7188299 0.7298110 0.7764198 0.7082109 0.6306286 0.7790068 0.7101696 0.7302608 0.6481040 0.6063925 1.0574133 0.8906815 0.7922171 0.7883247 0.5545264 0.7556924 0.5767173 0.8019527 1.1594895 1.5748060 1.3799699 0.6927339 0.7480761 1.4908992 1.4980354 1.4773958 1.3995889 1.5016779 2.7316579 1.7759136 0.9860014 0.5383335 1.1180628 1.4814427 1.0524776 1.0524776 1.4188088 1.4317540 1.5247033 1.4491285 1.4912505 1.5370588 1.3282379 1.5693792 1.0497463 0.8155719 2.4612566 0.8188605 0.8785044 1.2901314 1.9946156 4.6176534 
Spis_XP_022781580_1                                  2.7695311 2.6907291 1.9114426 1.4802515 1.3853888 2.3872843 1.8508718 1.2528718 1.2131803 1.2031819 1.0245614 0.7745548 1.2613946 1.1473595 1.1330212 1.1707422 1.1605795 1.0941306 1.1374391 1.1615302 0.8642989 0.7781349 0.8567675 1.2908445 0.9878248 0.8388841 0.8730338 0.7685416 0.5460710 0.6996219 0.7188299 0.0000000 0.0514857 0.1097956 0.1045033 0.1173652 0.1974756 0.1277318 0.3446161 0.3665184 0.4609561 1.0313570 0.6955782 0.5934721 0.5827506 0.7051883 0.8005045 0.7251880 0.9343627 1.0603183 1.6416216 1.4102111 0.5439728 0.5719588 1.5801157 1.5251050 1.5992151 1.4101908 1.5186119 3.0346689 1.8898616 1.1208944 0.7481824 0.9863683 1.4746707 1.0404401 1.0404401 1.4661470 1.5917580 1.6194778 1.5843426 1.6014150 1.6526231 1.4130472 1.6866638 1.1836580 0.8602926 2.5856794 0.9260221 0.9845275 1.0421363 2.5035738 5.0431280 
Pocdam_XM_027197284.1                                2.7862910 2.6810387 1.7590988 1.4687758 1.3338854 2.5129142 1.9533211 1.2513778 1.1992906 1.2047609 1.0397858 0.7772086 1.2458552 1.1071826 1.0965259 1.1391857 1.1313626 1.0689161 1.1167119 1.1575943 0.8491274 0.7876072 0.8588711 1.2908445 0.9859640 0.8335311 0.8993408 0.7543792 0.5273409 0.6853268 0.7298110 0.0514857 0.0000000 0.0964687 0.1035879 0.1128196 0.2026326 0.1258677 0.3428643 0.3715395 0.5201921 1.0186479 0.6797763 0.6085989 0.5966905 0.7139184 0.7893933 0.7076467 0.9172301 1.0731988 1.6237074 1.4002128 0.5560168 0.5716816 1.5581605 1.5073481 1.5337933 1.3897167 1.4964216 3.0190863 1.8249896 1.1077279 0.7029147 0.9685006 1.4418138 1.0239369 1.0239369 1.4360885 1.5629800 1.5907916 1.5530106 1.5659994 1.6285217 1.3679220 1.6988002 1.1813875 0.9094838 2.5857899 0.8553373 0.9394943 1.0949625 2.4020429 5.0798181 
Fspp_ffun1.m4.15405.m1                               3.7974356 3.7974356 1.1971378 1.1971378 1.1971378 1.4619807 0.7093782 1.6657976 0.9965772 1.0372811 0.9907890 3.3068549 3.3068549 0.8801873 0.8689890 0.8882768 0.8882768 0.8574388 0.9032404 0.7495640 0.8143880 0.5876994 0.7833911 0.0000010 1.2564421 0.6907886 0.5249876 0.6078084 5.5820715 0.6002762 0.7764198 0.1097956 0.0964687 0.0000000 0.0605361 0.1063268 0.1003386 0.0977646 0.2151913 0.1752920 1.0802592 0.9115487 0.5024109 0.3818296 0.3745228 0.7692829 0.6425785 0.0000010 0.8742627 9.0000000 1.5376878 1.5139847 0.0000010 1.4673873 1.5183820 1.4201605 1.4054539 1.1817953 1.1536683 0.0000010 1.3505761 1.1668425 0.5993860 3.0240850 1.3803981 2.1045449 2.1045449 1.2283137 1.5156903 1.6151268 1.3092464 1.3830531 1.2991194 3.3999600 1.2376038 1.0933948 0.6250781 2.3438715 0.7200282 0.8875865 2.9312858 2.4747349 5.5578245 
Gasp_gasp1.m3.27925.m1                               2.7356726 2.7581244 1.7862782 1.4329182 1.1852725 2.4774161 1.8923432 1.2648215 1.1866927 1.1818044 0.9589405 0.8536828 1.2828297 1.0898351 1.0860655 1.1045811 1.1044440 1.0504786 1.0698376 1.0964579 0.8419574 0.7959513 0.8510558 1.3053031 0.9723317 0.8085650 0.8945652 0.7070447 0.5653653 0.6653158 0.7082109 0.1045033 0.1035879 0.0605361 0.0000000 0.0951685 0.1664129 0.1053212 0.3260059 0.3573374 0.5391452 0.9877537 0.6597373 0.5571430 0.5487453 0.7121970 0.7729770 0.6881411 0.8850384 1.1164376 1.6422829 1.3470172 0.5188661 0.5425515 1.5501564 1.4910570 1.5734381 1.3730924 1.4226945 2.9448307 1.7778280 1.1231598 0.6134401 0.9896366 1.4374680 1.0265624 1.0265624 1.4242408 1.5188439 1.5504788 1.5287588 1.5298138 1.5484188 1.4108828 1.6586638 1.0715754 0.8462918 2.4684848 0.7161748 1.0135237 1.1275886 2.4818469 5.1296007 
Amil_Amillepora05725-RA                              2.5450101 2.4942326 1.7590988 1.2837170 1.0851823 2.1466775 1.5793648 1.1095973 1.0947152 1.1079752 1.0109881 0.8120436 1.1186552 0.9903492 0.9769737 1.0019789 0.9934243 0.9699524 0.9763199 0.9013601 0.7584139 0.6893189 0.7695957 1.4500063 0.9260623 0.7398945 0.7379655 0.6476043 0.5910707 0.5882204 0.6306286 0.1173652 0.1128196 0.1063268 0.0951685 0.0000000 0.0574239 0.0862673 0.2741102 0.2792360 0.5065067 0.9576338 0.5742879 0.4784924 0.4705449 0.6987347 0.7071428 0.6627091 0.8743544 1.1288298 1.5730817 1.3412967 0.6560438 0.6430725 1.4837120 1.4593784 1.5101281 1.3265210 1.4468810 3.2116601 1.6579530 1.0533565 0.7026311 0.9894572 1.3999676 1.0352987 1.0352987 1.3710216 1.5048371 1.5420823 1.4731602 1.4780097 1.5849429 1.4205589 1.5113955 1.1567426 0.5798151 2.7156496 0.8774546 1.0372335 1.6832480 2.1248070 5.1382193 
Adig_XM_015915216.1                                  2.7881208 2.7885356 1.6299410 1.5414609 1.2706551 2.4441270 1.7674510 1.3315952 1.2428455 1.2373767 1.0026453 0.8375659 1.3563223 1.1930176 1.1789864 1.2202263 1.2125522 1.1508399 1.1644102 1.2084195 0.9478933 0.8433448 0.9131339 2.2976399 1.1428621 0.9442493 0.8572549 0.7931085 0.6772802 0.7375815 0.7790068 0.1974756 0.2026326 0.1003386 0.1664129 0.0574239 0.0000000 0.1642005 0.3957199 0.4066856 0.4788148 1.1248970 0.7371553 0.6364880 0.6310190 0.8115867 0.8118959 0.8911566 1.0265468 1.2361567 1.7632292 1.4535406 0.5727095 0.5455853 1.6498342 1.6198275 1.5801640 1.4530384 1.5649965 3.2701199 1.9788171 1.1598332 0.7026311 1.1339423 1.6109875 1.2444948 1.2444948 1.5984812 1.6619316 1.7110340 1.6609200 1.6980430 1.7527601 1.6361823 1.8008997 1.1392651 0.8520782 2.7914811 0.8774546 1.0372335 1.0737427 2.5578663 5.7362248 
Gfas_gfas1.m1.13835.m1                               2.7749632 2.6683007 1.6704696 1.4399765 1.2054775 2.2661839 1.6578610 1.2731019 1.1805650 1.1727307 0.9789241 0.7893838 1.2681734 1.1883815 1.1732707 1.1931450 1.1850178 1.1459414 1.1442063 1.1328459 0.9049647 0.8384347 0.9091579 1.1881863 1.0366609 0.8604185 0.8607249 0.7433818 0.5277932 0.7167927 0.7101696 0.1277318 0.1258677 0.0977646 0.1053212 0.0862673 0.1642005 0.0000000 0.3342248 0.3545874 0.4516843 1.0452151 0.6846480 0.5948439 0.5881903 0.7359243 0.8284900 0.7536255 0.9675420 1.0279966 1.6412254 1.4228892 0.5430198 0.5709711 1.5827980 1.5327941 1.5643461 1.4174774 1.4172685 3.0675200 1.8042491 1.1491685 0.6980209 0.9858844 1.4843608 1.0501348 1.0501348 1.4478441 1.6228300 1.6682331 1.6259793 1.6177190 1.6640407 1.4494447 1.8501705 1.1912870 0.9168560 2.8236388 0.9233660 1.0633302 0.8353698 2.4304713 5.2913095 
Exapal_XM_021052805.2                                2.6280575 2.7269300 1.8216458 1.5840920 1.4469912 2.5871635 2.0125368 1.2617795 1.1922808 1.1614377 0.9281528 0.7723190 1.2244491 1.1273939 1.1167477 1.1514146 1.1483244 1.1038365 1.1078062 1.2090708 0.8515872 0.8384918 0.8736272 1.5029375 0.9906327 0.8386422 0.9695604 0.7475852 0.6372524 0.7003171 0.7302608 0.3446161 0.3428643 0.2151913 0.3260059 0.2741102 0.3957199 0.3342248 0.0000000 0.2846900 0.4419314 1.0335859 0.6681102 0.6025001 0.5925121 0.7767705 0.8136024 0.8644186 0.9363388 1.1861565 1.6581601 1.4271949 0.5534298 0.5763759 1.5993134 1.4974143 1.5318970 1.4161897 1.5206118 3.0413174 1.8707962 1.1097712 0.6716642 1.1195889 1.5820477 1.2292937 1.2292937 1.5473029 1.6707679 1.7453046 1.6575847 1.7201846 1.7002266 1.5044206 1.6583263 1.1461691 0.9980050 2.5553463 0.8208947 1.0313426 1.1450549 2.3933936 4.9780640 
Nvec_v1g123181                                       2.7455969 2.6640743 1.7974859 1.4628522 1.4200494 2.5068094 2.0585943 1.2535570 1.1643389 1.1553441 0.8398088 0.8515925 1.2043623 1.1128452 1.1026910 1.1420721 1.1412260 1.1115176 1.1204193 1.1925760 0.8332457 0.8850332 0.8975734 1.3506788 1.0360949 0.9120186 1.0038521 0.6657412 0.5976024 0.6513885 0.6481040 0.3665184 0.3715395 0.1752920 0.3573374 0.2792360 0.4066856 0.3545874 0.2846900 0.0000000 0.3976814 0.9825835 0.7042306 0.6165869 0.6071899 0.6734902 0.7806319 0.8091202 0.9135561 1.1602958 1.6124596 1.3187326 0.6250510 0.6526282 1.5743206 1.5136045 1.4014292 1.3475373 1.4620242 3.0464252 1.8674142 1.0525965 0.3400232 1.0978814 1.4687435 1.1777457 1.1777457 1.5196314 1.5243207 1.5567277 1.5431991 1.5968865 1.6243680 1.5202506 1.6490091 0.7578948 0.9354465 1.9058153 0.4888187 0.7466738 1.1575829 2.3788933 5.1449701 
Opea_EP00118_Oscarella_pearsei_P021995               0.0000010 0.0000010 0.0000010 2.5811174 1.4331347 0.0000010 0.0000010 0.6884546 0.6608058 0.6329093 0.0000010 0.6666750 0.7019238 0.6008279 0.6008279 0.6241147 0.6241147 0.5206185 0.6051145 2.0075853 0.5218602 0.6013884 0.6084620 2.5079038 0.6658601 0.6390315 0.0000010 0.6125266 0.7320745 0.5654881 0.6063925 0.4609561 0.5201921 1.0802592 0.5391452 0.5065067 0.4788148 0.4516843 0.4419314 0.3976814 0.0000000 0.2896599 0.5899798 0.5630359 0.5630359 0.6401409 0.5725957 0.5058007 0.6824153 0.9312832 0.8865590 0.7033139 0.7313815 0.6727918 0.9636092 0.9807480 2.3526692 0.7607278 1.1801295 0.0000010 0.0000010 0.5548298 0.0000010 1.0652970 1.1070746 1.1236757 1.1236757 0.9928288 1.0829124 1.0829124 1.1179401 0.9735888 1.1739705 1.1739705 0.7749922 0.0000010 0.0000010 0.0000010 0.0000010 0.0000010 1.5784141 0.0000010 5.6674394 
Plajan_Pjan_C568692_01                               2.1861146 1.9480813 0.9442340 0.9319144 0.9339077 1.3319850 1.0999825 1.3263423 1.2996910 1.2708762 1.0499997 0.8290761 1.3171902 1.4146235 1.4199441 1.3944360 1.3876285 1.3942193 1.3891590 1.4653382 1.2401424 1.1942105 1.2270529 1.4874449 1.3145462 1.2302293 1.2190364 1.0538276 0.8842143 1.0605880 1.0574133 1.0313570 1.0186479 0.9115487 0.9877537 0.9576338 1.1248970 1.0452151 1.0335859 0.9825835 0.2896599 0.0000000 1.1752710 1.1276695 1.1205206 1.0961992 1.2067865 1.1665955 1.1513257 1.1837079 1.6484321 1.4719249 0.7071665 0.7746769 1.6544396 1.6382524 1.6024607 1.3930600 1.4909706 3.0383969 2.0241413 1.3508121 1.0574596 1.2732346 1.5861274 1.1687753 1.1687753 1.5738128 1.6955585 1.7523380 1.6622024 1.7203344 1.7867695 1.7189969 1.7855897 1.4165572 1.3017934 2.0294757 0.5518373 0.6376495 1.4772327 2.4773170 4.6209912 
Xesp_013770-T1                                       2.6408489 2.4711162 2.3707294 1.7169112 1.7952875 2.6803504 2.2690166 1.3081605 1.2482772 1.2463069 0.9898952 0.9130039 1.2784868 1.3599199 1.3405680 1.3616423 1.3534019 1.3344219 1.3338677 1.3534060 1.0017373 0.9112289 0.9235247 1.2780653 1.1839203 0.9878072 1.0651205 0.9001870 0.7665412 0.8712535 0.8906815 0.6955782 0.6797763 0.5024109 0.6597373 0.5742879 0.7371553 0.6846480 0.6681102 0.7042306 0.5899798 1.1752710 0.0000000 0.3011928 0.3020148 0.9224129 0.9959786 1.0107321 1.1094428 1.3944493 1.6868230 1.4089848 0.7337136 0.7953180 1.5916393 1.4901030 1.5662355 1.4302297 1.5492712 2.7049037 1.9347098 1.2437168 0.7100661 1.2166934 1.6086377 1.2965589 1.2965589 1.5624276 1.7065358 1.7766968 1.6890613 1.7275877 1.7469076 1.5775344 1.7218274 1.1671681 1.1933978 2.7804232 0.8692246 1.1715520 1.1794182 2.7855719 4.7231211 
Dgig_XM_028547411.1                                  2.4780217 2.1973387 1.9383333 1.5392261 1.5052453 2.0469201 2.4752760 1.3097420 1.2318735 1.2110816 0.9460728 0.8901115 1.3080329 1.1842472 1.1648347 1.1974930 1.1885100 1.1496793 1.2108637 1.1957229 0.9456433 0.8907523 0.9078651 1.2117782 1.1510034 0.9379678 0.9712069 0.8402541 0.6772618 0.8177853 0.7922171 0.5934721 0.6085989 0.3818296 0.5571430 0.4784924 0.6364880 0.5948439 0.6025001 0.6165869 0.5630359 1.1276695 0.3011928 0.0000000 0.0128797 0.8471343 0.9490465 0.8898776 1.0455203 1.3756623 1.6919250 1.4344019 0.7187792 0.7804949 1.6033335 1.5256777 1.4149533 1.4402997 1.5595910 3.1111583 1.8992703 1.1464709 0.6184267 1.1773891 1.6002180 1.2177658 1.2177658 1.5426966 1.6040926 1.6464379 1.5892153 1.6688039 1.6810448 1.5446770 1.6572590 1.1003245 0.9830270 2.6656515 0.8689590 1.1214202 1.2478014 2.4986948 4.8793749 
Dgig_XM_028560487.1                                  2.3119261 2.0642073 1.9383333 1.4963734 1.5052453 2.1126909 2.4752760 1.3102304 1.2211993 1.2078603 0.9370119 0.8901115 1.2990348 1.1716921 1.1532469 1.1999979 1.1910018 1.1421056 1.2001693 1.2033006 0.9530564 0.8891655 0.9068541 1.2117782 1.1384711 0.9305068 0.9753450 0.8402490 0.6634053 0.8035161 0.7883247 0.5827506 0.5966905 0.3745228 0.5487453 0.4705449 0.6310190 0.5881903 0.5925121 0.6071899 0.5630359 1.1205206 0.3020148 0.0128797 0.0000000 0.8385636 0.9535495 0.8739091 1.0385114 1.3774179 1.6674685 1.4099788 0.7187792 0.7804949 1.5983653 1.5165903 1.4056952 1.4245666 1.5424810 3.0617472 1.8775761 1.1522026 0.6311692 1.1773891 1.5821183 1.2177658 1.2177658 1.5212891 1.5830431 1.6229815 1.5667396 1.6541304 1.6771688 1.5446770 1.6469160 1.0869474 0.9817479 2.5319694 0.8734239 1.1214202 1.2478014 2.4826113 4.9117769 
