73
Tetwil_g5353.t1                                                  0.0000000 0.4940832 0.5126927 0.4692605 0.4957730 0.5478554 0.7544084 0.5960011 0.7498961 0.8018869 0.7165859 0.8025066 0.7675262 0.8562799 0.8562799 1.1100175 0.9192352 0.9633944 0.9719860 0.9002506 0.9342507 0.7196484 0.9088419 0.8680625 0.9163493 0.9360408 0.7406873 0.8593305 0.8423341 1.0306648 0.9428803 1.0389683 0.7115543 0.8166610 0.7585977 0.8004377 0.8136834 0.8859514 0.7775411 0.8791376 1.1588956 1.0098488 0.7233984 0.9318621 0.7674423 0.7789839 0.8463905 0.9268575 0.8215861 1.2150419 1.3985799 0.6729489 1.1683991 1.2137614 1.2627180 1.1587442 1.1254758 1.2108657 1.1098345 1.0938259 1.3241497 1.1839280 1.1152971 1.0000712 0.9847372 0.9810850 0.9080031 0.8206743 0.7395112 0.9297579 0.9293177 0.9136795 1.1747227 
Halamb_c49351_g1_i2mm.3038                                       0.4940832 0.0000000 0.1361239 0.3168353 0.5193901 0.5518934 0.8307543 0.5421857 0.8541461 0.8786695 0.7943854 0.8959275 0.8004572 0.8782286 0.8782286 1.2157836 1.1612081 1.0997745 1.0257662 0.9663720 0.9837762 0.8537690 0.9994665 0.8608020 0.8632579 0.8444093 0.7196426 0.8937060 0.9288487 0.9443689 1.0057057 1.1004085 0.7814431 0.8926870 0.7804099 0.8327884 0.8647957 0.8807161 0.9300997 0.9412797 1.1976019 1.0790260 0.7032211 0.9097871 0.7627445 0.8410013 0.8685288 0.8818338 0.8959214 1.2047513 1.2874600 0.6299901 1.0723074 1.2056047 1.2131316 1.0855926 1.1120191 1.2634546 1.1309595 1.1309595 1.2232174 1.1270033 1.1297427 1.0728135 1.0653511 1.1599302 0.9376967 0.9258144 0.8010629 0.9784792 1.0443900 0.8903427 1.1004275 
Aque_Aqu2.1.41040_001                                            0.5126927 0.1361239 0.0000000 0.3064842 0.5436701 0.6096776 0.9153008 0.5943624 0.8227404 0.8413696 0.7705761 0.8778559 0.7885169 0.8827375 0.8827375 1.2011240 1.1467351 1.1635504 1.0988942 1.0106449 1.0264036 0.8762543 1.1043477 0.9614365 0.9794935 0.9343795 0.8001254 0.9562013 0.9253499 0.9735102 1.1061363 1.1979362 0.7951709 0.9263310 0.8236861 0.8727294 0.9060798 0.9895295 0.9652119 0.9808727 1.2764330 1.1697249 0.7758786 1.1910120 0.8741625 0.8977131 0.9967011 0.9500541 0.9618790 1.3536998 1.5313156 0.6412978 1.1799402 1.3276656 1.3245351 1.1674710 1.2092394 1.2596008 1.1689901 1.1592346 1.2348688 1.2227419 1.2198992 1.0891806 1.0808726 1.1616847 0.9494255 0.9715576 0.7938295 0.9916148 1.0419106 1.2378956 1.1899070 
Xestes_augustus_masked-XT_scaffold2612-processed-gene-0.2-mRNA-1 0.4692605 0.3168353 0.3064842 0.0000000 0.4294965 0.5034940 0.8744491 0.5978172 0.8286290 0.8431267 0.7422716 0.8325195 0.7844667 0.8532080 0.8532080 1.2792694 1.1172191 1.1095002 1.0843020 0.9379390 1.0173572 0.8341335 1.0120444 0.9104251 0.9268744 0.9645789 0.7327503 0.8493489 0.8596477 0.9867464 1.0473207 1.0451794 0.7054436 0.8317580 0.7715320 0.7943815 0.8339898 0.9012696 0.7760032 0.9262460 1.2050418 1.0223158 0.7707958 0.9703416 0.7608867 0.9165088 0.9267513 1.0053241 0.9362869 1.2492623 1.4609447 0.6677843 1.0821058 1.1789750 1.1641112 1.0036363 1.0562348 1.1295564 1.0562534 1.0570630 1.1229084 1.0750743 1.1494417 0.9967217 1.0336127 1.0901170 0.9370819 0.9419583 0.8280097 1.0178626 1.0082620 1.0671479 0.9762161 
Spolac_c101389_g3_i1_m.25474c101389-g3                           0.4957730 0.5193901 0.5436701 0.4294965 0.0000000 0.0431579 0.6174484 0.6163511 0.9157952 1.0242145 0.7884569 0.9055922 0.8068185 0.8590028 0.8590028 1.0846962 0.8396408 1.1062045 0.9027666 0.8354843 0.9789504 0.7939309 0.9190149 0.9065494 0.9111401 0.8607422 0.7246202 0.8087767 0.9155870 1.2317412 0.9900939 1.0406504 0.8384910 0.8854383 0.8372373 0.8416586 0.8572860 0.9824657 0.7719564 0.9953957 1.3127742 1.0482953 0.7020237 0.9156813 0.7575677 0.8251388 0.8993623 0.9555341 0.9292574 1.2311074 1.1133456 0.6925677 1.1967877 1.2078214 1.2947226 0.9039140 1.1552481 1.2873316 1.0905286 1.0940891 1.2701287 1.1391622 1.2076714 1.1025381 1.1025381 1.2060644 1.0075425 0.9210473 0.8647326 1.0564962 0.9133406 0.9140533 0.9173995 
Emue_Em0017g776a.t1                                              0.5478554 0.5518934 0.6096776 0.5034940 0.0431579 0.0000000 0.8268130 0.6856128 1.0278776 1.1391851 0.8620594 0.9794784 0.9173521 0.9749569 0.9749569 1.1266256 0.8649681 1.2558143 1.0889702 1.0592922 1.1406358 0.8996950 1.0103908 0.9484853 0.9494177 0.9263918 0.8396253 0.8497758 1.0730166 1.3354382 1.1126556 1.1740980 0.9067763 1.0207884 0.9078995 0.9271304 0.9404107 1.0861776 0.7659226 1.0568239 1.4164404 1.1799606 0.8582708 0.8553664 0.8863798 0.8912288 1.0198364 1.1163515 0.9974568 1.3654405 1.2835374 0.6851913 1.3304838 1.3413977 1.5477498 1.4984808 1.2949416 1.4722261 1.2347369 1.2390952 1.6576007 1.2705159 1.3354958 1.2566637 1.1451604 1.1459737 1.0367208 0.9692538 0.9354202 1.0705670 0.8806204 0.8993047 1.6938701 
Stycar_maker-SC_scaffold105373-augustus-gene-0.2-mRNA-1          0.7544084 0.8307543 0.9153008 0.8744491 0.6174484 0.8268130 0.0000000 1.0514666 1.2648038 1.2631740 1.1945232 1.2127710 1.3605372 1.3825833 1.3825833 1.1413156 2.6665307 1.5321171 1.5780402 1.4381082 1.6258609 1.3469870 1.2315886 1.2974081 1.3621544 1.3612138 1.5645353 1.2304620 1.3328485 1.3460220 1.3820781 1.5543183 1.2518926 1.1833947 1.5832657 1.3095549 1.3537468 1.3021889 0.0000010 2.2820290 3.6277102 1.6394817 1.2442464 7.0423173 1.2439956 1.2329592 1.2967293 1.2664011 1.3788173 1.7922630 5.2343036 0.0000010 1.6557911 1.6114173 1.6114173 1.5348809 1.6592200 1.7508152 1.6396560 1.6396560 1.6396560 1.7546498 1.5246698 1.5542204 1.5542204 1.1957502 1.5715080 1.5455503 1.4443485 1.5943842 0.9986874 0.0000010 2.0268226 
Plespi_Pspi_scaffold10543_01                                     0.5960011 0.5421857 0.5943624 0.5978172 0.6163511 0.6856128 1.0514666 0.0000000 0.8882857 0.9247324 0.7881048 0.8629899 0.8291236 0.9506263 0.9506263 1.2916801 1.2032487 0.9250588 1.0937152 1.0917086 1.0752988 0.8430201 0.9463124 0.9170108 0.9370694 0.9412609 0.7728178 0.8533629 0.9833715 1.1696163 0.9910931 1.0160428 0.8106119 0.9583576 0.8210271 0.8657943 0.8646444 0.9430289 0.7190054 0.9233135 1.1998941 1.1337279 0.7385255 0.9506656 0.8226976 0.9005405 0.9059811 0.9879278 0.9028715 1.3735066 1.1678103 0.5044828 1.2524805 1.3217126 1.5430225 1.2193138 1.2061784 1.4909310 1.2512006 1.2285055 1.5037198 1.3261246 1.3228543 1.1771123 1.1323581 1.1999337 1.0082726 0.9363483 0.8561866 0.9821693 0.9804117 0.9072524 1.1791217 
Hhon_g09253.t1                                                   0.7498961 0.8541461 0.8227404 0.8286290 0.9157952 1.0278776 1.2648038 0.8882857 0.0000000 0.0179824 0.0544308 0.0661514 0.0875673 0.1284950 0.1284950 0.0984057 0.0857533 0.8569860 0.8643012 0.9132354 0.8629186 0.7816098 0.8242119 0.8254633 0.8217776 0.7548371 0.8642166 0.7786170 0.9466380 0.9746862 1.1307631 1.2754651 0.7168035 0.8544824 0.7517018 0.8359397 0.8504330 0.8580819 0.2485154 0.8439418 1.3522439 1.2658336 0.7840728 1.1023752 0.8586017 0.7395907 0.9204959 0.8993421 0.8411363 1.2923188 1.4089992 0.9705306 1.3202789 1.2786127 1.3671232 1.2770244 1.2940970 1.3322006 1.2502389 1.2502389 1.4631624 1.3024301 1.1876595 1.1918774 1.1791228 1.2320531 0.9985875 0.9068974 0.9119835 0.9602931 1.2039196 3.3683850 1.4173091 
HoiH04_mRNA14732                                                 0.8018869 0.8786695 0.8413696 0.8431267 1.0242145 1.1391851 1.2631740 0.9247324 0.0179824 0.0000000 0.0361865 0.0455555 0.0676824 0.1366770 0.1366770 0.2361758 0.8062119 1.0059372 0.9810961 1.0827901 1.0384586 0.9042387 0.9920397 0.9177923 0.9106511 0.8822442 1.0527813 0.8517807 1.0849796 1.0124994 1.2102582 1.4394336 0.7333354 0.9462576 0.8356943 0.9202978 0.9301030 0.9675655 0.0000010 0.9782559 1.9630423 1.2398753 0.8820020 2.2338229 0.9434529 0.8108571 1.0975235 0.9205060 0.9218919 1.4991559 9.0000000 0.0000010 1.4714695 1.4386257 1.4386257 1.3229674 1.4407152 1.4269271 1.3568157 1.3568157 1.4255234 1.4368365 1.3134604 1.3317812 1.3413472 1.6100615 0.9543635 0.8689684 0.9123904 0.9076397 1.2106117 3.3683850 1.3975498 
HoiH23_PlH23_005927-RA                                           0.7165859 0.7943854 0.7705761 0.7422716 0.7884569 0.8620594 1.1945232 0.7881048 0.0544308 0.0361865 0.0000000 0.0495467 0.0796506 0.1034212 0.1034212 0.1700988 0.1861467 0.8048136 0.7854020 0.9123103 0.7888365 0.6937543 0.7900444 0.7363765 0.7532431 0.6860960 0.7659139 0.7114231 0.8221151 0.9127054 0.8932413 0.9682082 0.6459308 0.7247735 0.6455335 0.6907243 0.7004787 0.7121030 0.4504544 0.7167588 0.9761535 0.8820438 0.6931030 0.6829390 0.7217083 0.7059340 0.7664080 0.8319045 0.7390894 1.0918883 0.8500947 0.6909009 1.0995025 1.0675917 1.3187310 1.2071251 1.0072609 1.3911801 1.0822547 1.0822547 1.4352909 1.0892567 1.0419429 1.0540623 1.0453155 1.0671746 0.8830654 0.8019649 0.8915835 0.8486350 0.9322662 0.3977788 1.3463501 
HoiH06_mRNA12779                                                 0.8025066 0.8959275 0.8778559 0.8325195 0.9055922 0.9794784 1.2127710 0.8629899 0.0661514 0.0455555 0.0495467 0.0000000 0.1177728 0.1444910 0.1444910 0.1908720 0.2060779 0.8662035 0.8687577 0.9195177 0.8485364 0.7512310 0.8110421 0.8123437 0.8285117 0.7415405 0.8421155 0.7816008 0.9110140 0.9312891 1.0044759 1.0913933 0.6965087 0.7996131 0.7093948 0.7559754 0.7722330 0.7801311 0.5764078 0.7910914 1.1112131 1.0210484 0.7824067 0.8473671 0.8267325 0.7837381 0.8682602 0.9240005 0.8027196 1.2125052 1.0964754 1.0551923 1.2312057 1.1929252 1.3360701 1.2229571 1.1288435 1.4097773 1.2320494 1.2320494 1.4606666 1.2190068 1.1668685 1.1591532 1.1550635 1.2156817 0.9617086 0.8689436 0.9163206 0.9317266 1.0304031 0.6185081 1.3593308 
HoiH11_mRNA2501                                                  0.7675262 0.8004572 0.7885169 0.7844667 0.8068185 0.9173521 1.3605372 0.8291236 0.0875673 0.0676824 0.0796506 0.1177728 0.0000000 0.1127127 0.1127127 0.1984296 0.2380159 0.8631568 0.8213757 0.9793904 0.7877915 0.7461525 0.7686974 0.7299484 0.7519046 0.7067124 0.7739862 0.7248032 0.8754558 1.0010812 0.9550158 1.0312729 0.6331858 0.7643911 0.6767283 0.7658125 0.7240095 0.7833970 0.3840362 0.7080857 1.0072364 0.9171832 0.7132063 0.6898350 0.7792232 0.7140683 0.8279303 0.8787481 0.7260586 1.1916081 0.9026850 0.6909380 1.1980425 1.1620068 1.4581310 1.4619390 1.0925875 1.5416290 1.1987418 1.1987418 1.7219405 1.1906005 1.1560348 1.1606831 1.0919843 1.1018304 0.9400277 0.8686770 0.9961385 0.8907970 0.9345301 0.3450238 1.6123568 
TrH2_TrispH2_002085-RA                                           0.8562799 0.8782286 0.8827375 0.8532080 0.8590028 0.9749569 1.3825833 0.9506263 0.1284950 0.1366770 0.1034212 0.1444910 0.1127127 0.0000000 0.0000010 0.2043721 0.1967472 1.0141750 0.9858735 1.0448586 0.9211517 0.8332790 0.9464054 0.8172728 0.8552559 0.8048608 0.8084533 0.8112530 0.9254217 1.0276003 1.0236509 1.1100481 0.6646742 0.8669418 0.7518136 0.8264386 0.7956222 0.9374992 0.7573458 0.8314502 1.1363569 1.0531924 0.8379033 0.8916375 0.8942605 0.8428652 0.8826199 0.9448420 0.8446540 1.3413464 1.1862800 0.6918755 1.2924344 1.3269376 1.4857849 1.5427702 1.2472136 1.5711782 1.2828730 1.2786415 1.7021270 1.3042166 1.3087299 1.2213155 1.0930276 1.1368184 1.1081379 0.9960397 1.0911846 1.0799850 1.1348151 0.6954148 1.6699928 
Tadh_TriadT59295                                                 0.8562799 0.8782286 0.8827375 0.8532080 0.8590028 0.9749569 1.3825833 0.9506263 0.1284950 0.1366770 0.1034212 0.1444910 0.1127127 0.0000010 0.0000000 0.2043721 0.1967472 1.0141750 0.9858735 1.0448586 0.9211517 0.8332790 0.9464054 0.8172728 0.8552559 0.8048608 0.8084533 0.8112530 0.9254217 1.0276003 1.0236509 1.1100481 0.6646742 0.8669418 0.7518136 0.8264386 0.7956222 0.9374992 0.7573458 0.8314502 1.1363569 1.0531924 0.8379033 0.8916375 0.8942605 0.8428652 0.8826199 0.9448420 0.8446540 1.3413464 1.1862800 0.6918755 1.2924344 1.3269376 1.4857849 1.5427702 1.2472136 1.5711782 1.2828730 1.2786415 1.7021270 1.3042166 1.3087299 1.2213155 1.0930276 1.1368184 1.1081379 0.9960397 1.0911846 1.0799850 1.1348151 0.6954148 1.6699928 
Hhon_g09255.t1                                                   1.1100175 1.2157836 1.2011240 1.2792694 1.0846962 1.1266256 1.1413156 1.2916801 0.0984057 0.2361758 0.1700988 0.1908720 0.1984296 0.2043721 0.2043721 0.0000000 0.1022486 1.0874210 1.0006101 0.8878885 0.9435877 0.9816912 1.0341734 0.9125343 0.9213621 0.8712094 0.9641966 1.0078905 0.9878312 1.2132954 1.0738133 1.2935793 0.8646708 0.9052570 0.8156822 0.8681502 0.9030962 0.8859688 0.6014673 0.9477563 1.0689046 1.1382721 0.9685654 0.9663330 1.0578472 1.0136693 0.9274346 1.1258779 0.8836143 1.2965822 1.1113336 1.3563464 1.3562651 1.3272853 1.4111659 0.9845114 1.1911822 1.6377224 1.3367116 1.3367116 2.0373932 1.4292119 1.2773173 1.2654338 1.2665519 1.2597412 1.3540865 1.1649729 1.1545300 1.3006627 1.2273069 0.5960670 2.4402297 
Hhon_g09257.t1                                                   0.9192352 1.1612081 1.1467351 1.1172191 0.8396408 0.8649681 2.6665307 1.2032487 0.0857533 0.8062119 0.1861467 0.2060779 0.2380159 0.1967472 0.1967472 0.1022486 0.0000000 0.7325718 0.6993372 0.6427488 0.5879984 0.6203400 0.6686451 0.8497796 0.8751836 0.6705070 0.6945250 0.7448014 0.9173037 1.0259082 1.2280744 1.5850171 0.8364786 0.8199394 0.8359947 0.8534598 0.8771956 0.8534598 0.3893759 0.8031582 0.8601783 2.5601731 0.8429122 1.0217585 0.9278524 0.6840531 0.6800609 1.0154832 0.8386833 1.1242358 1.0345033 3.2288299 1.2302696 1.1508868 1.2996774 0.0000010 1.0928988 1.3447161 1.2381644 1.2381644 9.0000000 1.1836733 1.1331400 1.1052173 1.1052173 1.1052173 1.4701772 1.3808081 1.1471292 1.3671523 1.5346278 0.0000010 0.0000010 
Dpul_mRNA4640                                                    0.9633944 1.0997745 1.1635504 1.1095002 1.1062045 1.2558143 1.5321171 0.9250588 0.8569860 1.0059372 0.8048136 0.8662035 0.8631568 1.0141750 1.0141750 1.0874210 0.7325718 0.0000000 0.7246315 0.8139973 0.7811830 0.8715143 0.5554640 0.9348220 0.9420491 0.8907724 0.8692883 0.8693953 1.0040907 1.0528998 0.9006644 0.9472745 0.7407315 0.8730494 0.7531301 0.8216990 0.8338989 0.8925680 0.8470248 0.8923247 1.0756819 1.0601364 0.9728198 0.9740927 0.9558806 0.6467135 0.8161265 0.9223874 0.7045413 1.2555996 1.2164911 0.7135004 1.2629293 1.2847276 1.4983421 1.3647122 1.1635557 1.4618567 1.2045432 1.2102801 1.6915850 1.2544475 1.3182898 1.2025133 1.1854988 1.2365389 1.2298894 1.1452272 1.0905433 1.2061355 1.0590862 0.7720841 1.3907805 
Acagra_model.g4162.t1.1.5d3b831b                                 0.9719860 1.0257662 1.0988942 1.0843020 0.9027666 1.0889702 1.5780402 1.0937152 0.8643012 0.9810961 0.7854020 0.8687577 0.8213757 0.9858735 0.9858735 1.0006101 0.6993372 0.7246315 0.0000000 0.4182763 0.3433604 0.6102638 0.6546444 0.9085817 0.9087057 0.9211442 0.7958608 0.8974597 0.9237956 1.0993159 0.9709992 1.0494304 0.7157383 0.8278099 0.7358376 0.8067301 0.8155071 0.8425133 0.6403907 0.8661255 0.9921143 1.1448988 0.9214137 0.9086559 0.9305487 0.6092714 0.6965478 0.7501476 0.6598540 1.5006016 1.2373345 0.6497594 1.4059186 1.4815239 1.7770492 1.9723592 1.3963235 1.6758890 1.3956946 1.4026566 2.1297872 1.4465477 1.4172979 1.3297055 1.2972287 1.2600053 1.1269748 1.0512347 1.0859136 1.1577395 1.0058663 0.7504870 1.8065292 
Ctel_gnl_WGS_AMQN_CAPTEDRAFT_mRNA165273                          0.9002506 0.9663720 1.0106449 0.9379390 0.8354843 1.0592922 1.4381082 1.0917086 0.9132354 1.0827901 0.9123103 0.9195177 0.9793904 1.0448586 1.0448586 0.8878885 0.6427488 0.8139973 0.4182763 0.0000000 0.5040451 0.7224099 0.6130301 0.8779633 0.8640848 0.9046581 0.9222565 0.8500444 1.0298701 1.1639653 1.0720285 1.1279565 0.7934788 0.8583666 0.7641999 0.8394862 0.7979664 0.8510075 0.2258285 0.7600512 1.0578570 1.1648863 0.8882316 0.8791567 0.9669961 0.6118106 0.6860894 0.8618870 0.6638159 1.5078144 1.1439167 1.2390542 1.4492976 1.4773188 1.6192458 1.8405057 1.5276811 1.5413661 1.4675711 1.4675711 1.9939042 1.3739747 1.4229368 1.3906154 1.3252909 1.3078798 1.1432181 1.1359111 1.0626185 1.1819216 1.0606472 2.0216282 1.6472993 
Cgig_XM_011441825.3                                              0.9342507 0.9837762 1.0264036 1.0173572 0.9789504 1.1406358 1.6258609 1.0752988 0.8629186 1.0384586 0.7888365 0.8485364 0.7877915 0.9211517 0.9211517 0.9435877 0.5879984 0.7811830 0.3433604 0.5040451 0.0000000 0.6743963 0.7047558 0.8908646 0.9063684 0.8758839 0.7597776 0.9130427 0.9453898 1.0719338 0.9342039 1.0460115 0.7126785 0.9070470 0.7992704 0.8893469 0.8844602 0.8941003 0.5465448 0.8982400 1.0528841 1.1700535 0.9410697 0.9586948 1.0023434 0.6134159 0.7137090 0.8117949 0.6826042 1.5028800 1.1867468 0.6282949 1.4338470 1.4597252 1.7914716 1.8700513 1.4354528 1.6400412 1.3516047 1.3414412 2.1032738 1.4948495 1.4931076 1.3693247 1.3063231 1.2709962 1.1640826 1.0971195 1.1256946 1.1382577 0.9685773 1.1530461 1.8639745 
Bralan_BLAG15000820_1                                            0.7196484 0.8537690 0.8762543 0.8341335 0.7939309 0.8996950 1.3469870 0.8430201 0.7816098 0.9042387 0.6937543 0.7512310 0.7461525 0.8332790 0.8332790 0.9816912 0.6203400 0.8715143 0.6102638 0.7224099 0.6743963 0.0000000 0.6941074 0.7204190 0.7380034 0.7504025 0.6429682 0.6929975 0.8036339 0.9703365 0.7354893 0.8720602 0.6634184 0.6888811 0.5501314 0.6281772 0.6311294 0.7363177 0.4784083 0.6419583 0.8260793 0.9560805 0.7591392 0.7574597 0.7841757 0.6431058 0.6383746 0.7009692 0.6542914 1.2204694 0.9112931 0.6689742 1.2301003 1.2387135 1.5752835 1.5308509 1.0955813 1.5173917 1.2024262 1.1925552 1.8720318 1.1697950 1.1544773 1.0818149 1.0311042 0.9796863 1.0488606 0.9921834 1.0409544 0.9707991 0.8696217 0.5501608 1.5348354 
Tcas_TC003290_001                                                0.9088419 0.9994665 1.1043477 1.0120444 0.9190149 1.0103908 1.2315886 0.9463124 0.8242119 0.9920397 0.7900444 0.8110421 0.7686974 0.9464054 0.9464054 1.0341734 0.6686451 0.5554640 0.6546444 0.6130301 0.7047558 0.6941074 0.0000000 0.8651967 0.8582126 0.9030517 0.7975089 0.8311431 0.8515151 1.0743273 0.9505378 1.0027422 0.6547160 0.8431273 0.7705368 0.7955209 0.8109340 0.8568698 0.7830220 0.8945074 1.0968986 1.0622662 0.9045753 1.0037997 0.8991479 0.6897116 0.8044125 0.7992456 0.6903189 1.3462203 1.3772664 0.5920331 1.2771491 1.3906631 1.4977087 1.4001353 1.2999679 1.4181247 1.2712275 1.2621960 1.6043998 1.2924353 1.3183969 1.1843470 1.1854094 1.2225432 1.1591235 1.0875401 1.0723557 1.1577384 0.9837070 1.0629447 1.2570103 
Rhoesc_Res_011122-T1                                             0.8680625 0.8608020 0.9614365 0.9104251 0.9065494 0.9484853 1.2974081 0.9170108 0.8254633 0.9177923 0.7363765 0.8123437 0.7299484 0.8172728 0.8172728 0.9125343 0.8497796 0.9348220 0.9085817 0.8779633 0.8908646 0.7204190 0.8651967 0.0000000 0.0644191 0.2916096 0.1454358 0.4351161 0.5521816 0.5563751 0.7373842 0.8071380 0.6220314 0.5754933 0.5464117 0.5517841 0.5575952 0.6163193 0.5589036 0.6197579 0.7664198 0.8815241 0.8975583 0.8983064 0.8925716 0.8496320 0.8500891 0.8142616 0.7409140 1.1354903 1.0226539 0.5500925 1.0956512 1.0876997 1.2484358 1.3315428 1.0503098 1.2887619 1.1173852 1.1147768 1.5103584 1.2489078 1.1711348 1.0621114 1.0514613 1.0178572 0.9836636 0.9045084 0.9162070 0.9426492 0.8145366 0.6455481 1.3222013 
Nemnom_g17400.t1                                                 0.9163493 0.8632579 0.9794935 0.9268744 0.9111401 0.9494177 1.3621544 0.9370694 0.8217776 0.9106511 0.7532431 0.8285117 0.7519046 0.8552559 0.8552559 0.9213621 0.8751836 0.9420491 0.9087057 0.8640848 0.9063684 0.7380034 0.8582126 0.0644191 0.0000000 0.2811844 0.1392304 0.4321262 0.5773874 0.5559011 0.7460409 0.8011711 0.6354488 0.5991891 0.5560461 0.5662720 0.5664281 0.6329482 0.5952296 0.6261412 0.7799642 0.8941771 0.9191841 0.9496022 0.9171531 0.8334611 0.8737118 0.8063177 0.7508952 1.1792889 1.0340068 0.5663191 1.1048773 1.1085682 1.2717174 1.3233243 1.0726260 1.3247739 1.1558049 1.1532780 1.5734988 1.2784267 1.1920282 1.0855266 1.0758157 1.0319717 0.9899251 0.9116066 0.9464732 0.9580076 0.8311664 0.6994539 1.3588205 
Sanmal_Sma_025422-T1                                             0.9360408 0.8444093 0.9343795 0.9645789 0.8607422 0.9263918 1.3612138 0.9412609 0.7548371 0.8822442 0.6860960 0.7415405 0.7067124 0.8048608 0.8048608 0.8712094 0.6705070 0.8907724 0.9211442 0.9046581 0.8758839 0.7504025 0.9030517 0.2916096 0.2811844 0.0000000 0.2109410 0.4427432 0.5571958 0.5463706 0.7713991 0.8508798 0.6206568 0.6180987 0.5895075 0.5960101 0.6308147 0.6584927 0.5672479 0.6684213 0.8087259 0.9062132 0.9119784 1.0256394 0.9611648 0.8391177 0.8921657 0.8289161 0.7771010 1.1720083 0.9952017 0.5831881 1.1197947 1.1291968 1.2839165 1.3628405 1.0442346 1.3268736 1.1124669 1.1098688 1.5084874 1.2327895 1.1918116 1.1034666 1.1007465 1.0492076 0.9399626 0.8608812 0.8616885 0.9267523 0.8574031 0.7408945 1.4537985 
Aaur_scaffold188.g17.t2                                          0.7406873 0.7196426 0.8001254 0.7327503 0.7246202 0.8396253 1.5645353 0.7728178 0.8642166 1.0527813 0.7659139 0.8421155 0.7739862 0.8084533 0.8084533 0.9641966 0.6945250 0.8692883 0.7958608 0.9222565 0.7597776 0.6429682 0.7975089 0.1454358 0.1392304 0.2109410 0.0000000 0.3474504 0.5091561 0.5657371 0.6856011 0.7392920 0.6105495 0.5444222 0.4826549 0.5374604 0.5469931 0.5288800 0.3802263 0.5731670 0.7126219 0.8127877 0.7545612 0.6771568 0.7874848 0.7273209 0.7042101 0.7614264 0.6766219 1.0034312 0.8726499 0.5791316 0.9765124 1.0114883 1.1994265 1.2800768 0.9480387 1.3377491 1.1046100 1.1046100 1.6256647 1.1437962 1.0796216 1.0671811 1.0562052 1.0061787 0.8568504 0.7733398 0.8904673 0.8385998 0.7834473 0.2617189 1.3574144 
Morvir_scaffold16.g89.t1                                         0.8593305 0.8937060 0.9562013 0.8493489 0.8087767 0.8497758 1.2304620 0.8533629 0.7786170 0.8517807 0.7114231 0.7816008 0.7248032 0.8112530 0.8112530 1.0078905 0.7448014 0.8693953 0.8974597 0.8500444 0.9130427 0.6929975 0.8311431 0.4351161 0.4321262 0.4427432 0.3474504 0.0000000 0.5693551 0.5872939 0.7348039 0.8165132 0.5514250 0.5496794 0.5133085 0.5136948 0.5242037 0.5963076 0.5705710 0.5531312 0.7515807 0.7989375 0.8544032 0.9002245 0.8366859 0.8650388 0.9008544 0.8369086 0.7720828 1.1507896 1.1214216 0.5468761 1.1455049 1.1084733 1.1954290 1.1865276 1.0444074 1.2240730 1.0990734 1.0790242 1.4997438 1.2361236 1.1637371 1.0828055 1.0496334 1.1116528 0.9484586 0.8596120 0.8708118 0.9128801 0.9245589 0.5734847 1.1695002 
Hvul_g15823_1                                                    0.8423341 0.9288487 0.9253499 0.8596477 0.9155870 1.0730166 1.3328485 0.9833715 0.9466380 1.0849796 0.8221151 0.9110140 0.8754558 0.9254217 0.9254217 0.9878312 0.9173037 1.0040907 0.9237956 1.0298701 0.9453898 0.8036339 0.8515151 0.5521816 0.5773874 0.5571958 0.5091561 0.5693551 0.0000000 0.4147512 0.7926813 0.8139166 0.7012214 0.6969863 0.6496870 0.6712431 0.6754234 0.7379269 0.5382489 0.7220049 0.8685578 0.9034294 0.9122795 0.7991489 0.9228331 0.8462505 0.9182185 0.8030761 0.7664455 1.1648771 0.9305298 0.4930783 1.1827419 1.1950978 1.4736964 1.6222380 1.0790590 1.3989725 1.1319693 1.1310423 1.6613411 1.2051816 1.1289653 1.0453132 0.9597387 0.8801148 1.0505312 0.9783697 1.1889697 1.0538569 0.9262883 0.2566942 1.6414859 
Chem_TCONS_00056889                                              1.0306648 0.9443689 0.9735102 0.9867464 1.2317412 1.3354382 1.3460220 1.1696163 0.9746862 1.0124994 0.9127054 0.9312891 1.0010812 1.0276003 1.0276003 1.2132954 1.0259082 1.0528998 1.0993159 1.1639653 1.0719338 0.9703365 1.0743273 0.5563751 0.5559011 0.5463706 0.5657371 0.5872939 0.4147512 0.0000000 0.9971379 1.1145355 0.8680982 0.7266062 0.6757898 0.6878550 0.7200669 0.6556855 0.0000010 0.6802766 1.0723324 1.1397960 1.0172433 1.2083905 1.1729365 0.9111139 1.1339837 0.9598016 0.8331438 1.4893286 2.0757958 0.0000010 1.4118709 1.3919119 1.3864198 1.4909752 1.4248248 1.4657680 1.4154878 1.4154878 1.6608402 1.5417129 1.4096790 1.3911383 1.3486443 1.2952433 1.2241752 1.1567984 1.0622309 1.1741078 1.1680897 1.5790875 1.6874996 
Dgig_XM_028544031.1                                              0.9428803 1.0057057 1.1061363 1.0473207 0.9900939 1.1126556 1.3820781 0.9910931 1.1307631 1.2102582 0.8932413 1.0044759 0.9550158 1.0236509 1.0236509 1.0738133 1.2280744 0.9006644 0.9709992 1.0720285 0.9342039 0.7354893 0.9505378 0.7373842 0.7460409 0.7713991 0.6856011 0.7348039 0.7926813 0.9971379 0.0000000 0.1280671 0.6050855 0.4934843 0.4069280 0.4643620 0.4573399 0.5621294 0.4942247 0.4802788 0.6134135 0.7179765 1.0035377 0.8306958 0.9198285 0.9602499 0.8065011 0.8600136 0.7765489 1.2105954 1.0342516 0.5522528 1.1296390 1.1598908 1.4389004 1.4112829 1.1099490 1.4135415 1.1267966 1.1242105 1.6400639 1.2408503 1.1939978 1.0809706 1.0734376 1.0105227 1.1667659 1.0944881 1.2752595 1.0766327 1.0237650 0.5891464 1.3189648 
Xesp_021940-T1                                                   1.0389683 1.1004085 1.1979362 1.0451794 1.0406504 1.1740980 1.5543183 1.0160428 1.2754651 1.4394336 0.9682082 1.0913933 1.0312729 1.1100481 1.1100481 1.2935793 1.5850171 0.9472745 1.0494304 1.1279565 1.0460115 0.8720602 1.0027422 0.8071380 0.8011711 0.8508798 0.7392920 0.8165132 0.8139166 1.1145355 0.1280671 0.0000000 0.6657038 0.5321847 0.4726290 0.5014843 0.4899316 0.6047684 0.4956652 0.5452033 0.6769446 0.8767094 1.0486185 0.9485632 0.9899402 0.9856886 0.8707124 0.9852405 0.8427023 1.2679862 1.0173392 0.5722059 1.1992052 1.1637811 1.5007789 1.4410430 1.1586862 1.4506978 1.1750534 1.1725806 1.6199266 1.2389425 1.2402425 1.1118830 1.1058933 1.0554532 1.2154345 1.1349057 1.3829396 1.2364311 1.0504664 0.6168069 1.3833468 
Nvec_v1g93567                                                    0.7115543 0.7814431 0.7951709 0.7054436 0.8384910 0.9067763 1.2518926 0.8106119 0.7168035 0.7333354 0.6459308 0.6965087 0.6331858 0.6646742 0.6646742 0.8646708 0.8364786 0.7407315 0.7157383 0.7934788 0.7126785 0.6634184 0.6547160 0.6220314 0.6354488 0.6206568 0.6105495 0.5514250 0.7012214 0.8680982 0.6050855 0.6657038 0.0000000 0.3707343 0.3263771 0.3763160 0.3698366 0.3823034 0.1853367 0.3707694 0.5829491 0.4065546 0.6355176 0.6369708 0.6899854 0.6718495 0.5935085 0.6602042 0.5293301 0.9485080 0.7938831 0.5905276 1.0366893 1.0186964 1.1957296 1.2656041 0.9404576 1.2501564 0.9690539 0.9690539 1.3576445 1.0305211 0.9676594 0.9578916 0.9315916 0.9016010 0.9346426 0.8365881 0.9421785 0.9337242 0.7674754 0.3651222 1.3013022 
Fspp_ffun1.m4.4101.m1                                            0.8166610 0.8926870 0.9263310 0.8317580 0.8854383 1.0207884 1.1833947 0.9583576 0.8544824 0.9462576 0.7247735 0.7996131 0.7643911 0.8669418 0.8669418 0.9052570 0.8199394 0.8730494 0.8278099 0.8583666 0.9070470 0.6888811 0.8431273 0.5754933 0.5991891 0.6180987 0.5444222 0.5496794 0.6969863 0.7266062 0.4934843 0.5321847 0.3707343 0.0000000 0.0661822 0.1189841 0.0941655 0.1871729 0.1265164 0.1313708 0.2799331 0.4349979 0.7867920 0.6698048 0.7921492 0.7419431 0.7727785 0.8300993 0.6058208 1.1206322 0.8901279 0.5355944 1.0909277 1.0455122 1.2914878 1.4310762 1.0357510 1.2696888 1.0113792 1.0086545 1.6647225 1.1063763 1.0930266 0.9714140 0.8877953 0.8359361 0.9316955 0.8477493 0.9785883 0.9371458 0.7827868 0.5618036 1.5328237 
Gasp_gasp1.m3.11524.m1                                           0.7585977 0.7804099 0.8236861 0.7715320 0.8372373 0.9078995 1.5832657 0.8210271 0.7517018 0.8356943 0.6455335 0.7093948 0.6767283 0.7518136 0.7518136 0.8156822 0.8359947 0.7531301 0.7358376 0.7641999 0.7992704 0.5501314 0.7705368 0.5464117 0.5560461 0.5895075 0.4826549 0.5133085 0.6496870 0.6757898 0.4069280 0.4726290 0.3263771 0.0661822 0.0000000 0.0634872 0.0701961 0.1547103 0.1657134 0.0756446 0.1885408 0.3910386 0.7235426 0.6955254 0.7218279 0.6912125 0.6699012 0.7297506 0.5855608 0.9995683 0.9003710 0.5684779 0.9940679 0.9836649 1.1993822 1.3225411 0.9251291 1.1221123 0.9276613 0.9246736 1.4739086 1.0258320 1.0047207 0.8816061 0.8520902 0.8268492 0.9040893 0.7750093 0.9000668 0.8878038 0.6870979 0.5724645 1.1909513 
Pocdam_XM_027196008.1                                            0.8004377 0.8327884 0.8727294 0.7943815 0.8416586 0.9271304 1.3095549 0.8657943 0.8359397 0.9202978 0.6907243 0.7559754 0.7658125 0.8264386 0.8264386 0.8681502 0.8534598 0.8216990 0.8067301 0.8394862 0.8893469 0.6281772 0.7955209 0.5517841 0.5662720 0.5960101 0.5374604 0.5136948 0.6712431 0.6878550 0.4643620 0.5014843 0.3763160 0.1189841 0.0634872 0.0000000 0.0849707 0.1012175 0.1752907 0.1129007 0.2516040 0.4433151 0.7685254 0.6675930 0.7660299 0.7396662 0.7555476 0.7682286 0.6037615 1.0405319 0.8856847 0.5234513 1.0275045 1.0050912 1.2271586 1.2937484 0.9487770 1.1780927 0.9536788 0.9509260 1.4497933 1.0517591 1.0195054 0.8977497 0.8474413 0.8554906 0.9172470 0.8114023 0.9045757 0.9233520 0.7629177 0.5244938 1.2564489 
Gfas_gfas1.m1.13582.m1                                           0.8136834 0.8647957 0.9060798 0.8339898 0.8572860 0.9404107 1.3537468 0.8646444 0.8504330 0.9301030 0.7004787 0.7722330 0.7240095 0.7956222 0.7956222 0.9030962 0.8771956 0.8338989 0.8155071 0.7979664 0.8844602 0.6311294 0.8109340 0.5575952 0.5664281 0.6308147 0.5469931 0.5242037 0.6754234 0.7200669 0.4573399 0.4899316 0.3698366 0.0941655 0.0701961 0.0849707 0.0000000 0.1705157 0.2264017 0.1060858 0.2286152 0.4271962 0.7755709 0.6940557 0.7573331 0.7609211 0.7095869 0.7865447 0.6178583 1.0095878 0.9012671 0.5129294 1.0006033 0.9674431 1.1543830 1.2079839 0.9287422 1.1203229 0.9088001 0.9059744 1.3385090 1.0441123 1.0102240 0.8859501 0.8744073 0.8582165 0.9161791 0.8290998 0.9581476 0.9593653 0.7584143 0.5580466 1.1593262 
Spis_XP_022805997_1                                              0.8859514 0.8807161 0.9895295 0.9012696 0.9824657 1.0861776 1.3021889 0.9430289 0.8580819 0.9675655 0.7121030 0.7801311 0.7833970 0.9374992 0.9374992 0.8859688 0.8534598 0.8925680 0.8425133 0.8510075 0.8941003 0.7363177 0.8568698 0.6163193 0.6329482 0.6584927 0.5288800 0.5963076 0.7379269 0.6556855 0.5621294 0.6047684 0.3823034 0.1871729 0.1547103 0.1012175 0.1705157 0.0000000 0.1941511 0.2095669 0.3901282 0.5205878 0.8509109 0.8051944 0.8308825 0.8084497 0.8501822 0.8346869 0.6069885 1.1515089 1.0982634 0.5294328 1.1545649 1.1386119 1.2821000 1.3718448 1.1048745 1.2214308 1.0679054 1.0493118 1.4870801 1.1750539 1.1097009 0.9363976 0.8853441 0.8843604 1.0336861 0.9388045 0.9451614 1.0774404 0.8305970 0.9189551 1.3217218 
Fspp_ffun1.m4.31750.m1                                           0.7775411 0.9300997 0.9652119 0.7760032 0.7719564 0.7659226 0.0000010 0.7190054 0.2485154 0.0000010 0.4504544 0.5764078 0.3840362 0.7573458 0.7573458 0.6014673 0.3893759 0.8470248 0.6403907 0.2258285 0.5465448 0.4784083 0.7830220 0.5589036 0.5952296 0.5672479 0.3802263 0.5705710 0.5382489 0.0000010 0.4942247 0.4956652 0.1853367 0.1265164 0.1657134 0.1752907 0.2264017 0.1941511 0.0000000 0.3014454 0.2772659 0.4078862 0.6362866 0.5202053 0.5202053 0.6278891 0.5597552 0.7821368 0.5199512 0.8673089 0.7553586 0.5355944 0.9330884 0.8471308 0.0000010 0.0000010 0.6843977 1.1159559 0.8246627 0.8246627 2.4481174 0.7973355 0.7984649 0.7156074 0.7156074 0.7156074 0.7088929 0.6646972 0.6887286 0.8014230 0.6964260 0.6820731 0.0000010 
Amil_Amillepora09727-RA                                          0.8791376 0.9412797 0.9808727 0.9262460 0.9953957 1.0568239 2.2820290 0.9233135 0.8439418 0.9782559 0.7167588 0.7910914 0.7080857 0.8314502 0.8314502 0.9477563 0.8031582 0.8923247 0.8661255 0.7600512 0.8982400 0.6419583 0.8945074 0.6197579 0.6261412 0.6684213 0.5731670 0.5531312 0.7220049 0.6802766 0.4802788 0.5452033 0.3707694 0.1313708 0.0756446 0.1129007 0.1060858 0.2095669 0.3014454 0.0000000 0.0419526 0.4644449 0.8050180 0.7653624 0.8335405 0.8146487 0.7930632 0.8224689 0.6786063 1.0710684 0.9955594 0.5916755 1.0714300 1.0103640 1.2331151 1.4352970 1.0056072 1.1805592 0.9456649 0.9424419 1.4050934 1.0590275 1.0488377 0.9089558 0.8775820 0.8618027 0.9582208 0.8656604 0.9586189 0.9679381 0.8914952 0.6873859 1.3587894 
Adig_XM_015908678.1                                              1.1588956 1.1976019 1.2764330 1.2050418 1.3127742 1.4164404 3.6277102 1.1998941 1.3522439 1.9630423 0.9761535 1.1112131 1.0072364 1.1363569 1.1363569 1.0689046 0.8601783 1.0756819 0.9921143 1.0578570 1.0528841 0.8260793 1.0968986 0.7664198 0.7799642 0.8087259 0.7126219 0.7515807 0.8685578 1.0723324 0.6134135 0.6769446 0.5829491 0.2799331 0.1885408 0.2516040 0.2286152 0.3901282 0.2772659 0.0419526 0.0000000 0.6671306 1.0412845 0.7417926 1.0886023 1.0342733 0.9727834 1.0006741 0.9374206 1.3321350 0.9675141 0.5848646 1.3297587 1.2626884 1.9375472 3.5829204 1.2721609 1.6891533 1.2345010 1.2316575 3.5178821 1.4136770 1.3658788 1.2013156 1.1790187 0.8220845 1.2359823 1.1250364 1.4387412 1.2217018 0.9349227 0.6219224 3.6887805 
Exapal_XM_028659818.1                                            1.0098488 1.0790260 1.1697249 1.0223158 1.0482953 1.1799606 1.6394817 1.1337279 1.2658336 1.2398753 0.8820438 1.0210484 0.9171832 1.0531924 1.0531924 1.1382721 2.5601731 1.0601364 1.1448988 1.1648863 1.1700535 0.9560805 1.0622662 0.8815241 0.8941771 0.9062132 0.8127877 0.7989375 0.9034294 1.1397960 0.7179765 0.8767094 0.4065546 0.4349979 0.3910386 0.4433151 0.4271962 0.5205878 0.4078862 0.4644449 0.6671306 0.0000000 0.9429979 0.8813855 0.9564356 1.0694423 0.9660114 0.9800053 0.8346436 1.2303907 0.9963713 0.5634425 1.2520386 1.2592688 1.7623810 1.8098413 1.2476933 1.7284154 1.1683492 1.1652959 1.8121175 1.3673979 1.3850265 1.2391339 1.1043602 1.0224952 1.0594996 1.0389644 1.2290139 1.1125181 0.9965701 0.6092696 1.7207307 
Plajan_Pjan_C568616_01                                           0.7233984 0.7032211 0.7758786 0.7707958 0.7020237 0.8582708 1.2442464 0.7385255 0.7840728 0.8820020 0.6931030 0.7824067 0.7132063 0.8379033 0.8379033 0.9685654 0.8429122 0.9728198 0.9214137 0.8882316 0.9410697 0.7591392 0.9045753 0.8975583 0.9191841 0.9119784 0.7545612 0.8544032 0.9122795 1.0172433 1.0035377 1.0486185 0.6355176 0.7867920 0.7235426 0.7685254 0.7755709 0.8509109 0.6362866 0.8050180 1.0412845 0.9429979 0.0000000 0.4538221 0.3580711 0.8558042 0.8589788 0.9952258 0.7856510 1.2320567 1.1173636 0.5140632 1.1634478 1.2463847 1.4097219 1.3486566 1.0708114 1.2946236 1.2091957 1.1963268 1.5087038 1.1893390 1.1794707 1.0319610 1.0075205 1.0506124 0.9236590 0.8550757 0.8539671 0.9439126 0.7890009 0.9185233 1.2927038 
Ocar_g6817                                                       0.9318621 0.9097871 1.1910120 0.9703416 0.9156813 0.8553664 7.0423173 0.9506656 1.1023752 2.2338229 0.6829390 0.8473671 0.6898350 0.8916375 0.8916375 0.9663330 1.0217585 0.9740927 0.9086559 0.8791567 0.9586948 0.7574597 1.0037997 0.8983064 0.9496022 1.0256394 0.6771568 0.9002245 0.7991489 1.2083905 0.8306958 0.9485632 0.6369708 0.6698048 0.6955254 0.6675930 0.6940557 0.8051944 0.5202053 0.7653624 0.7417926 0.8813855 0.4538221 0.0000000 0.0385791 0.9618900 0.9548503 1.2709297 0.9215032 1.2136883 1.0053489 0.5230192 1.1829561 1.1817030 1.7008147 1.8697288 1.0176653 1.3630214 1.1177639 1.0901994 4.4431397 1.2712327 1.2558345 1.0438409 1.0438409 1.0188328 1.1070820 0.9269719 1.0860906 1.0550622 0.8344271 0.7612067 6.8284802 
Opea_EP00118_Oscarella_pearsei_P026327                           0.7674423 0.7627445 0.8741625 0.7608867 0.7575677 0.8863798 1.2439956 0.8226976 0.8586017 0.9434529 0.7217083 0.8267325 0.7792232 0.8942605 0.8942605 1.0578472 0.9278524 0.9558806 0.9305487 0.9669961 1.0023434 0.7841757 0.8991479 0.8925716 0.9171531 0.9611648 0.7874848 0.8366859 0.9228331 1.1729365 0.9198285 0.9899402 0.6899854 0.7921492 0.7218279 0.7660299 0.7573331 0.8308825 0.5202053 0.8335405 1.0886023 0.9564356 0.3580711 0.0385791 0.0000000 0.8875321 0.8792231 1.0536550 0.8654043 1.2675036 1.1488947 0.5230192 1.2514171 1.2685663 1.4907765 1.4881352 1.1391450 1.3530204 1.2536411 1.2371379 1.6957824 1.2671863 1.2440401 1.1181570 1.0760933 1.0986858 0.9455334 0.8325799 0.8849196 0.9291902 0.7943787 0.7785927 1.5207931 
Cscu_XM_023367262.1                                              0.7789839 0.8410013 0.8977131 0.9165088 0.8251388 0.8912288 1.2329592 0.9005405 0.7395907 0.8108571 0.7059340 0.7837381 0.7140683 0.8428652 0.8428652 1.0136693 0.6840531 0.6467135 0.6092714 0.6118106 0.6134159 0.6431058 0.6897116 0.8496320 0.8334611 0.8391177 0.7273209 0.8650388 0.8462505 0.9111139 0.9602499 0.9856886 0.6718495 0.7419431 0.6912125 0.7396662 0.7609211 0.8084497 0.6278891 0.8146487 1.0342733 1.0694423 0.8558042 0.9618900 0.8875321 0.0000000 0.6210280 0.8259305 0.6043493 1.2037336 0.9928459 0.5377231 1.2033096 1.1646815 1.3922227 1.3212436 1.1362068 1.3003688 1.1017375 1.0975952 1.6143235 1.2095436 1.2507014 1.1339503 1.1434825 1.1230638 1.0577534 0.9547736 0.9139904 1.0839699 0.9700436 1.0341140 1.3517861 
Hsap_ENST00000323701                                             0.8463905 0.8685288 0.9967011 0.9267513 0.8993623 1.0198364 1.2967293 0.9059811 0.9204959 1.0975235 0.7664080 0.8682602 0.8279303 0.8826199 0.8826199 0.9274346 0.6800609 0.8161265 0.6965478 0.6860894 0.7137090 0.6383746 0.8044125 0.8500891 0.8737118 0.8921657 0.7042101 0.9008544 0.9182185 1.1339837 0.8065011 0.8707124 0.5935085 0.7727785 0.6699012 0.7555476 0.7095869 0.8501822 0.5597552 0.7930632 0.9727834 0.9660114 0.8589788 0.9548503 0.8792231 0.6210280 0.0000000 0.7379929 0.5990174 1.2172818 1.1202314 0.5327969 1.1727686 1.2641762 1.4013365 1.3315944 1.1330262 1.2520190 1.2089030 1.2120225 1.6356475 1.1729579 1.2104094 1.0662988 1.0597130 1.0600721 1.1409559 1.0720702 0.9796660 1.1035381 1.0006256 1.0249230 1.3259587 
Spur_XM_030979064.1                                              0.9268575 0.8818338 0.9500541 1.0053241 0.9555341 1.1163515 1.2664011 0.9879278 0.8993421 0.9205060 0.8319045 0.9240005 0.8787481 0.9448420 0.9448420 1.1258779 1.0154832 0.9223874 0.7501476 0.8618870 0.8117949 0.7009692 0.7992456 0.8142616 0.8063177 0.8289161 0.7614264 0.8369086 0.8030761 0.9598016 0.8600136 0.9852405 0.6602042 0.8300993 0.7297506 0.7682286 0.7865447 0.8346869 0.7821368 0.8224689 1.0006741 0.9800053 0.9952258 1.2709297 1.0536550 0.8259305 0.7379929 0.0000000 0.5997905 1.3098708 1.0631701 0.5052818 1.2822984 1.3384406 1.5887683 1.6882890 1.2425057 1.6063364 1.2579828 1.2708655 1.8182910 1.3143498 1.2986853 1.1865608 1.1123388 1.0627895 1.1509851 1.0515265 1.1361244 1.1243831 0.9456440 0.6681498 1.7634346 
Skow_XM_002737030.1                                              0.8215861 0.8959214 0.9618790 0.9362869 0.9292574 0.9974568 1.3788173 0.9028715 0.8411363 0.9218919 0.7390894 0.8027196 0.7260586 0.8446540 0.8446540 0.8836143 0.8386833 0.7045413 0.6598540 0.6638159 0.6826042 0.6542914 0.6903189 0.7409140 0.7508952 0.7771010 0.6766219 0.7720828 0.7664455 0.8331438 0.7765489 0.8427023 0.5293301 0.6058208 0.5855608 0.6037615 0.6178583 0.6069885 0.5199512 0.6786063 0.9374206 0.8346436 0.7856510 0.9215032 0.8654043 0.6043493 0.5990174 0.5997905 0.0000000 1.1802013 1.0232813 0.6159544 1.1167320 1.1102353 1.2024351 1.2641443 1.1226970 1.3480009 1.1298932 1.1298932 1.3862507 1.0722136 1.0475025 0.9699462 0.9548863 0.9463194 1.0319714 0.9304495 0.9336957 1.1246738 0.8306312 0.6433346 1.4616538 
Beraby_Baby_sb336947                                             1.2150419 1.2047513 1.3536998 1.2492623 1.2311074 1.3654405 1.7922630 1.3735066 1.2923188 1.4991559 1.0918883 1.2125052 1.1916081 1.3413464 1.3413464 1.2965822 1.1242358 1.2555996 1.5006016 1.5078144 1.5028800 1.2204694 1.3462203 1.1354903 1.1792889 1.1720083 1.0034312 1.1507896 1.1648771 1.4893286 1.2105954 1.2679862 0.9485080 1.1206322 0.9995683 1.0405319 1.0095878 1.1515089 0.8673089 1.0710684 1.3321350 1.2303907 1.2320567 1.2136883 1.2675036 1.2037336 1.2172818 1.3098708 1.1802013 0.0000000 0.3278233 0.2167608 0.3118483 0.2233823 0.2134082 0.2314909 0.1817485 0.2397812 0.2491175 0.2473169 0.3442356 0.3655437 0.3862596 0.3545982 0.3788549 0.3832820 1.2852461 1.2534723 1.2616796 1.2929382 1.1357044 0.9199137 0.3032533 
