59
Lcom_lcpid60261                                        0.0000000 0.5247134 0.6709996 0.9138100 0.6077041 1.4577483 1.4913292 3.4605624 1.4254419 1.3628402 1.2568121 1.5720304 1.5423005 1.4136449 1.0141705 1.1490824 1.5097908 1.1611252 1.7828335 1.5819593 1.4125993 1.4877744 1.5691922 1.6338891 1.1509389 1.4643733 1.5963414 1.6141115 1.5969619 1.5209754 1.8168277 1.5340868 1.5659676 1.3773573 1.4762199 1.5690158 1.7081173 1.4068524 1.5549005 1.4462316 1.6244553 1.6464005 1.6229367 1.5000232 2.2262861 1.9951513 1.9774792 1.8219564 1.7967285 1.7904755 2.3429258 2.1351021 2.0559428 2.1461597 2.2941740 1.6236236 1.4533105 4.8725287 0.9128822 
Leuniv_Lniv_C780629_01                                 0.5247134 0.0000000 0.0000010 0.0000010 0.3980167 1.4375440 1.4969959 4.1728879 1.5898518 1.2853188 1.3852056 1.4841201 1.3103711 1.1604540 0.0000010 0.0000010 1.0934250 1.2369995 2.0047765 1.4641699 1.5359594 1.4737546 1.1293647 1.1489207 1.0387768 1.0618088 1.1739350 0.0000010 0.4277919 1.0994744 0.0000010 1.3216456 1.3697851 1.2330377 1.1891740 1.3225626 1.3505421 0.6595534 1.6879824 1.2583669 1.0512360 1.6081228 1.3533460 1.2973634 1.6977543 1.6958321 1.6630441 0.0000010 0.7459152 1.5669108 0.0000010 1.3269347 1.6020609 0.0000010 2.0243502 0.6527974 0.4767787 0.0000010 4.5860361 
Gracom_Gcom_scaffold17739_01                           0.6709996 0.0000010 0.0000000 0.3522843 0.3461090 1.2170208 1.2863931 3.3300882 1.1934617 0.7879169 1.1587815 1.4217135 1.5757721 1.2135851 0.8397762 1.0267698 1.4536668 0.9244591 1.5517642 1.5028867 1.2626461 1.4276398 1.5285367 1.6470999 0.0000010 1.4023887 1.5907184 1.7449473 2.5087316 1.7717570 1.8413286 1.7306801 1.5713256 1.1289180 1.4712981 1.4640893 1.4901026 1.4943431 1.4637771 1.4621375 1.4888738 1.5953952 1.5751284 1.4590077 0.0000010 1.9234786 1.9072739 1.9142502 2.1728227 1.9861730 2.3171221 2.1710662 2.0345378 1.9822524 2.1322547 1.3451973 1.4079264 5.2803086 0.6822498 
Leuniv_Lniv_scaffold8164_01                            0.9138100 0.0000010 0.3522843 0.0000000 0.3804321 1.1122931 1.0323066 1.7338478 1.2672742 1.4779907 1.2877048 1.4574190 1.5157976 1.2397595 0.9197558 1.7501373 1.2656814 1.2592326 1.4017950 1.5262924 1.2059131 1.4524526 1.3362609 1.3522207 0.0000010 1.2738357 1.5160643 1.8534507 1.9567746 1.5138655 1.5369208 1.6845126 1.6803966 2.0822646 1.5867260 1.5132472 1.4920547 1.3670525 1.3636341 1.4753108 1.1418769 1.4018585 1.5473612 1.4288545 0.0000010 1.8021224 1.8021224 2.2947707 1.8173416 1.8267825 1.6438400 2.1046704 2.0554009 1.9282417 1.9210448 1.9124275 1.4857798 0.0000010 6.7682887 
Scil_scict004503.1                                     0.6077041 0.3980167 0.3461090 0.3804321 0.0000000 1.3300363 1.3968608 3.5964309 1.3743037 1.2007757 1.2262668 1.4875962 1.5068934 1.2235470 0.8156080 1.0305576 1.3391428 1.0191219 1.6828478 1.4414333 1.3676057 1.4623630 1.4125294 1.4774594 1.2322393 1.3483336 1.4362587 1.5394549 1.6861365 1.4752018 1.6231692 1.5489328 1.5152735 1.2390943 1.3929256 1.4318261 1.3874521 1.2769637 1.4879386 1.4277119 1.3234272 1.6410397 1.6003481 1.4825756 2.1582504 1.9093696 1.8799460 1.7672099 1.7007097 1.8763040 2.4836426 1.8926393 1.9126223 1.8563669 2.2259840 1.3713853 1.2232099 5.0023319 0.8821806 
Emue_Em0001g1336a.t1                                   1.4577483 1.4375440 1.2170208 1.1122931 1.3300363 0.0000000 0.1389047 0.6615778 0.5773532 0.6120693 0.8815515 1.1377046 1.0869477 1.1124851 0.8065160 0.8420734 1.1553374 0.9379312 0.8787999 0.8144312 0.7721589 1.1599213 1.1609587 1.2227677 1.4915225 1.1328923 1.2683782 1.1842463 1.2865112 1.2161897 1.2957037 1.2810049 1.2143766 1.1121880 1.2703277 1.3354468 1.3133935 1.1531956 1.3658123 1.2366846 1.2754052 1.2088327 1.3235302 1.2001121 2.2013064 1.6521145 1.6579692 2.0896377 1.5457709 1.6014629 1.8713426 1.7368380 1.7953610 1.8548150 1.8951141 1.5158057 1.0582880 0.9660660 1.4562379 
Spolac_c101142_g1_i1_m.24645c101142-g1                 1.4913292 1.4969959 1.2863931 1.0323066 1.3968608 0.1389047 0.0000000 0.2434868 0.5777822 0.6277969 0.9102064 1.2203404 1.1873910 1.0968658 0.7909594 0.8781624 1.1711109 0.9166067 0.8886183 0.8379321 0.7783172 1.1496513 1.2181553 1.2843104 1.4344126 1.2043892 1.3249054 1.1318741 1.3258329 1.2665548 1.4371370 1.3508092 1.2735865 1.1016682 1.3673461 1.4394185 1.4109388 1.2990889 1.4486383 1.2752687 1.3257533 1.2863905 1.3741446 1.1919959 2.1242256 1.7355023 1.7277871 2.0377034 1.6053120 1.6244742 1.9737727 1.8586276 1.9424992 2.0452630 1.9763754 1.5647765 1.2208143 1.0502939 1.4325764 
Spolac_c101142_g1_i3_m.24648c101142-g1                 3.4605624 4.1728879 3.3300882 1.7338478 3.5964309 0.6615778 0.2434868 0.0000000 1.8765882 4.5202114 2.0555198 2.9212539 3.4775106 2.8627796 1.4094197 2.6872243 3.8507984 4.5697013 1.8826539 2.4013745 1.9041815 2.9209047 3.2233489 4.5443067 4.1728879 3.0080332 3.1476909 2.5774220 3.1052556 3.3662180 3.4276927 2.8404293 2.8916827 3.0587274 4.1262240 4.1792054 3.8724237 4.0912091 3.9710482 2.7815025 4.3325836 3.3103200 3.3920183 3.3296959 5.8596691 3.7929072 3.6417376 5.4431040 4.1171043 3.5054566 3.4751259 4.6552551 4.8886065 4.7246445 3.3760771 3.4789149 4.8656227 1.0502939 2.5026136 
Tetwil_g9337.t1                                        1.4254419 1.5898518 1.1934617 1.2672742 1.3743037 0.5773532 0.5777822 1.8765882 0.0000000 0.4784135 0.8103324 1.1868867 1.0078792 1.0722795 0.7692366 0.9344273 1.2307854 0.9401432 0.9237846 0.8544363 0.7861001 1.2327785 1.1821622 1.2296795 1.4625126 1.1310560 1.2605484 1.1248140 1.2197735 1.1997008 1.1816603 1.3730434 1.3472825 1.1148972 1.2621026 1.3871226 1.4490736 1.2441137 1.3866552 1.3087284 1.3437938 1.3869256 1.3518927 1.1417442 2.2786431 1.7507638 1.7573794 1.9100012 1.6015927 1.7100315 1.8011248 1.7366980 1.8421338 1.8674072 1.9184862 1.4916739 1.1735075 1.2386028 1.3901920 
Stycar_maker-SC_scaffold1878-augustus-gene-0.4-mRNA-1  1.3628402 1.2853188 0.7879169 1.4779907 1.2007757 0.6120693 0.6277969 4.5202114 0.4784135 0.0000000 0.8547597 1.2125280 0.9111390 1.0939498 0.8777270 1.4070825 1.1720253 1.0786437 1.0023757 0.6968285 0.6879649 1.2893835 1.0533484 1.1297686 1.1963030 1.1038322 1.1819035 0.8190145 0.5392118 1.0970453 1.1873905 1.1890060 1.2645150 1.2302942 1.2300655 1.3705813 1.4506580 1.0871752 1.5438161 1.3567498 1.0744396 1.2245715 1.1812646 1.2276682 1.8809291 1.5943240 1.6170974 9.0000000 1.1032828 1.6307753 7.7197034 1.4993400 1.6014130 1.4659056 2.9840291 1.7099025 0.8966808 0.0000010 2.7372597 
Plespi_Pspi_scaffold16920_01                           1.2568121 1.3852056 1.1587815 1.2877048 1.2262668 0.8815515 0.9102064 2.0555198 0.8103324 0.8547597 0.0000000 1.2498619 0.9663385 0.9953622 0.9905576 0.7767197 1.1805092 1.0452136 1.0429762 0.9875958 0.9638509 1.1184709 1.2081186 1.1980203 1.3310861 1.1275308 1.1771533 0.9439821 1.0151560 1.0622167 0.9323565 1.1244503 1.1895626 1.2420595 1.1000913 1.2175179 1.3171206 1.1177151 1.3430978 1.0926053 1.2310920 1.1578355 1.1931972 1.1645923 2.0616368 1.6992080 1.7027100 1.7787101 1.4724256 1.5078403 1.3909703 1.7716652 1.8540989 1.9110582 1.7950763 1.5396559 1.0346087 1.0857291 1.4532223 
Cgig_XM_011449547.3                                    1.5720304 1.4841201 1.4217135 1.4574190 1.4875962 1.1377046 1.2203404 2.9212539 1.1868867 1.2125280 1.2498619 0.0000000 0.9428696 1.2302537 0.6897970 1.2841703 0.7163602 0.9838915 1.3383547 1.3462387 1.3543555 0.9658045 1.0506689 1.0858052 1.0914816 1.0766510 1.1926501 1.1902636 1.3124901 1.1376815 1.1077840 1.0981559 1.1201726 1.0327888 1.1399887 1.2433081 1.2545381 1.1189115 1.2761861 1.1004214 0.9497069 0.8976004 1.1372766 1.1204982 1.0939357 1.6348141 1.6181281 1.7325484 1.5394211 1.7595108 2.1879698 1.6665475 1.8281239 1.8813085 2.0307578 1.3986834 1.1142708 4.2012553 1.4019658 
Bralan_BLAG05001025_1                                  1.5423005 1.3103711 1.5757721 1.5157976 1.5068934 1.0869477 1.1873910 3.4775106 1.0078792 0.9111390 0.9663385 0.9428696 0.0000000 1.0619483 0.6833441 0.9835128 0.8836899 0.7980902 1.3519464 1.3017027 1.1689967 0.8953710 1.1415948 1.1328895 0.9716924 1.1247495 1.2160963 1.2428502 1.4202613 1.1430959 1.4420028 1.1004740 1.0720437 0.9346680 1.1053353 1.2237141 1.2165141 1.1951766 1.2666292 1.0894652 1.2124636 1.0294716 1.1460825 1.0040652 1.0237843 1.6131970 1.6016222 1.9005486 1.4442849 1.5778805 1.8574971 1.8130407 1.8186909 1.9652546 2.0070858 1.5595582 1.0939590 3.5449521 1.3954379 
Opea_EP00118_Oscarella_pearsei_P011592                 1.4136449 1.1604540 1.2135851 1.2397595 1.2235470 1.1124851 1.0968658 2.8627796 1.0722795 1.0939498 0.9953622 1.2302537 1.0619483 0.0000000 0.0520935 0.0592041 1.2544517 0.6395426 1.2227578 1.1708933 1.1330236 1.0567230 1.1724467 1.1163100 0.9601713 1.1274988 1.1285857 1.1799705 1.3084009 1.1889352 1.3688598 1.1577217 1.0780997 1.1311161 1.3058454 1.3737746 1.4679506 1.2285624 1.3993043 1.2270197 1.3618550 1.3163563 1.3544687 1.1724857 1.4400113 1.6956749 1.6818774 1.8060969 1.5620072 1.7094909 2.3344485 2.0430408 2.0250692 1.9954354 1.9946301 1.5499306 1.2827791 2.3277669 1.0938366 
Ocar_g6736                                             1.0141705 0.0000010 0.8397762 0.9197558 0.8156080 0.8065160 0.7909594 1.4094197 0.7692366 0.8777270 0.9905576 0.6897970 0.6833441 0.0520935 0.0000000 1.1333568 0.6541825 0.6110425 0.6281475 0.7406276 0.7015590 0.6687573 0.7295288 0.7045101 0.0000010 0.7597286 0.9548928 0.9163133 0.9239213 0.7204503 0.4485334 0.8499026 0.9243779 0.9397576 0.9616428 0.9037674 0.9107610 0.8191397 0.9499933 0.8309412 0.8028935 0.7625816 0.6929502 0.8862842 0.0000010 1.4172953 1.4172953 8.9999981 1.4704664 1.3098264 8.9999984 1.6121623 1.5819135 1.4687718 1.4103096 1.2802844 0.8253330 0.0000010 1.3443876 
Ocar_g2516                                             1.1490824 0.0000010 1.0267698 1.7501373 1.0305576 0.8420734 0.8781624 2.6872243 0.9344273 1.4070825 0.7767197 1.2841703 0.9835128 0.0592041 1.1333568 0.0000000 1.2090017 0.5933523 1.1104589 1.1393581 0.9276696 0.8784935 1.1512501 1.2170668 0.0000010 1.1175827 0.9071388 0.7680008 1.1296899 0.9422916 1.0552260 1.1000100 1.0781288 0.9416687 1.0111758 1.0197505 1.0118195 0.8815463 0.9356595 1.0017850 1.2478832 1.1265142 1.1822266 1.1128162 0.0000010 1.7042783 1.6976462 1.8433143 1.7661126 1.7675511 1.3799096 1.9538395 1.8163722 1.8032765 1.6596293 1.6215035 1.0622306 3.8376313 0.9104455 
Acagra_model.g8893.t1                                  1.5097908 1.0934250 1.4536668 1.2656814 1.3391428 1.1553374 1.1711109 3.8507984 1.2307854 1.1720253 1.1805092 0.7163602 0.8836899 1.2544517 0.6541825 1.2090017 0.0000000 0.8755355 1.3791475 1.2962212 1.2320555 0.9019387 1.1074386 1.1033080 0.8996864 1.0940823 1.1883560 1.2121761 1.2827413 1.1842327 1.3397391 1.1329776 1.1616774 0.9805715 1.0104195 1.1003026 1.1527747 1.0509270 1.3053850 1.1464383 0.8318558 0.9659843 1.1070354 0.9963030 1.1265781 1.6391894 1.6408298 1.7271012 1.4857298 1.6203417 2.2815755 1.6494408 1.7619170 1.8549453 1.9959228 1.4165381 0.9851322 3.9347046 1.4386414 
Plajan_Pjan_scaffold22630_01                           1.1611252 1.2369995 0.9244591 1.2592326 1.0191219 0.9379312 0.9166067 4.5697013 0.9401432 1.0786437 1.0452136 0.9838915 0.7980902 0.6395426 0.6110425 0.5933523 0.8755355 0.0000000 1.0850227 1.1196838 1.0691844 0.8373846 0.8588410 0.8582379 1.0290991 0.8134953 0.9393497 0.8964734 0.8871521 0.8864428 0.8355062 0.9860351 0.9039273 1.0433050 0.8429944 0.9424577 1.0992292 0.8863405 1.1251884 1.0317327 0.8077916 0.9659805 0.9549704 0.9844268 1.5326353 1.4095207 1.4015684 2.2423211 1.3626230 1.5092380 1.4414685 1.6271995 1.7260051 1.6236318 1.5498289 1.4010157 0.7935259 7.5519818 1.2520792 
Aque_Aqu2.1.42578_001                                  1.7828335 2.0047765 1.5517642 1.4017950 1.6828478 0.8787999 0.8886183 1.8826539 0.9237846 1.0023757 1.0429762 1.3383547 1.3519464 1.2227578 0.6281475 1.1104589 1.3791475 1.0850227 0.0000000 0.5347169 0.6514874 1.3180768 1.4879028 1.4710559 1.4973045 1.5036763 1.5925336 1.4594751 1.7812086 1.5951560 1.5160866 1.4789636 1.5590840 1.3273073 1.4304227 1.5097288 1.6808574 1.4073880 1.4776889 1.4593245 1.6138821 1.5676987 1.3853349 1.2167314 1.9423743 1.7319107 1.7320912 1.6758455 1.5693204 1.6004476 2.2432903 1.9001814 2.0617523 1.9888039 1.9892458 1.4101004 1.5725520 1.4941135 1.3661066 
Halamb_c48233_g1_i2m.23808                             1.5819593 1.4641699 1.5028867 1.5262924 1.4414333 0.8144312 0.8379321 2.4013745 0.8544363 0.6968285 0.9875958 1.3462387 1.3017027 1.1708933 0.7406276 1.1393581 1.2962212 1.1196838 0.5347169 0.0000000 0.3928420 1.2840151 1.3653839 1.3358255 1.3108253 1.2726618 1.4432017 1.4282716 1.6465345 1.3525178 1.4042281 1.4894507 1.4998469 1.3297333 1.4294073 1.4734757 1.5016378 1.3195214 1.3875124 1.3502734 1.5615691 1.4644049 1.4278581 1.1590856 2.2825990 1.7318154 1.7265577 1.6926507 1.5309977 1.5929846 1.7897726 1.8049747 1.9605385 2.1206111 2.0009601 1.6470686 1.3449788 1.4403870 1.3733859 
Xestes_maker-XT_scaffold1614-augustus-gene-0.30-mRNA-1 1.4125993 1.5359594 1.2626461 1.2059131 1.3676057 0.7721589 0.7783172 1.9041815 0.7861001 0.6879649 0.9638509 1.3543555 1.1689967 1.1330236 0.7015590 0.9276696 1.2320555 1.0691844 0.6514874 0.3928420 0.0000000 1.2428454 1.3140487 1.3452541 1.2765287 1.2369137 1.3658687 1.3172623 1.4489930 1.3507735 1.5224312 1.3964773 1.4267237 1.1647943 1.3811643 1.4118650 1.4397799 1.2106898 1.3394780 1.3235455 1.5897965 1.4298564 1.3597015 1.1738303 2.4426521 1.7207767 1.7162673 1.9836295 1.4127244 1.6330157 2.0752026 1.7897959 1.8515985 1.9932337 2.0003418 1.4729638 1.2490966 1.1366548 1.2398840 
Hsap_ENST00000256497                                   1.4877744 1.4737546 1.4276398 1.4524526 1.4623630 1.1599213 1.1496513 2.9209047 1.2327785 1.2893835 1.1184709 0.9658045 0.8953710 1.0567230 0.6687573 0.8784935 0.9019387 0.8373846 1.3180768 1.2840151 1.2428454 0.0000000 1.1255988 1.1664476 1.1267950 1.1280530 1.2459872 1.1821821 1.3163598 1.3091579 1.4306575 1.2559592 1.1240823 0.9715094 1.1772444 1.2713928 1.2194658 1.0874524 1.3340435 1.1703191 1.0768097 1.0209541 1.0771080 1.0628974 1.7807769 1.5682741 1.5487769 1.9090538 1.4735398 1.5728419 2.2035320 1.6883262 1.8408983 1.9887467 1.9265766 1.2906505 1.0568016 2.6929751 1.6661424 
Fspp_ffun1.m4.115.m1                                   1.5691922 1.1293647 1.5285367 1.3362609 1.4125294 1.1609587 1.2181553 3.2233489 1.1821622 1.0533484 1.2081186 1.0506689 1.1415948 1.1724467 0.7295288 1.1512501 1.1074386 0.8588410 1.4879028 1.3653839 1.3140487 1.1255988 0.0000000 0.2271118 0.2068301 0.1976972 0.3542739 0.4341300 0.4509536 0.3095350 0.2262543 0.7613157 0.8172385 1.0169652 1.1240878 1.2191531 1.1275034 1.1137962 1.1898977 0.9012529 1.2715130 1.2579038 1.3447241 1.0828411 1.7726701 1.6508344 1.6381663 2.3052681 1.5801561 1.8115395 2.6871587 1.8335857 1.8611509 2.0944858 2.3868252 1.6939061 1.2492189 4.0936995 1.9994823 
Spis_XP_022791460_1                                    1.6338891 1.1489207 1.6470999 1.3522207 1.4774594 1.2227677 1.2843104 4.5443067 1.2296795 1.1297686 1.1980203 1.0858052 1.1328895 1.1163100 0.7045101 1.2170668 1.1033080 0.8582379 1.4710559 1.3358255 1.3452541 1.1664476 0.2271118 0.0000000 0.1202953 0.2770969 0.3761822 0.4159451 0.4053697 0.3532356 0.1298397 0.8231485 0.8516959 1.0226402 1.1885628 1.2557881 1.1685233 1.1712439 1.2601592 0.9583461 1.2891176 1.2738784 1.4480034 1.1639054 1.5788018 1.7550140 1.7571013 2.0230429 1.6597441 1.8459390 2.9471110 2.0183724 2.0861714 2.3173038 2.3851942 1.9125575 1.2691167 4.3948353 1.6535983 
Pocdam_XM_027200971.1                                  1.1509389 1.0387768 0.0000010 0.0000010 1.2322393 1.4915225 1.4344126 4.1728879 1.4625126 1.1963030 1.3310861 1.0914816 0.9716924 0.9601713 0.0000010 0.0000010 0.8996864 1.0290991 1.4973045 1.3108253 1.2765287 1.1267950 0.2068301 0.1202953 0.0000000 0.2393555 0.3428534 0.0000010 0.0333607 0.3873518 0.0000010 0.8925346 0.9631185 1.1569645 0.9802429 1.0582003 1.0614613 0.7598612 1.2067477 0.6337751 0.8982141 1.1454112 1.0783047 1.0506984 1.4772431 1.1656782 1.1539406 0.0000010 0.4742547 1.4317290 0.0000010 1.1743917 1.4067500 0.0000010 1.3463113 0.8808574 0.5480156 0.0000010 2.8501928 
Gasp_gasp1.m3.7800.m1                                  1.4643733 1.0618088 1.4023887 1.2738357 1.3483336 1.1328923 1.2043892 3.0080332 1.1310560 1.1038322 1.1275308 1.0766510 1.1247495 1.1274988 0.7597286 1.1175827 1.0940823 0.8134953 1.5036763 1.2726618 1.2369137 1.1280530 0.1976972 0.2770969 0.2393555 0.0000000 0.3638939 0.4308370 0.4400914 0.3213274 0.2870385 0.7874517 0.7990115 1.0364048 1.1135444 1.1583550 1.1306313 1.1466714 1.2693454 0.8642536 1.2171359 1.2475562 1.3684643 1.0598749 1.6085061 1.6366355 1.6242406 1.8713897 1.5399365 1.7726579 2.5510176 1.7578486 1.8273182 2.0101337 2.1833672 1.5729467 1.2163823 4.1066504 1.4384658 
Amil_Amillepora18458-RA                                1.5963414 1.1739350 1.5907184 1.5160643 1.4362587 1.2683782 1.3249054 3.1476909 1.2605484 1.1819035 1.1771533 1.1926501 1.2160963 1.1285857 0.9548928 0.9071388 1.1883560 0.9393497 1.5925336 1.4432017 1.3658687 1.2459872 0.3542739 0.3761822 0.3428534 0.3638939 0.0000000 0.0514225 0.0664145 0.2828392 0.3778271 0.8769199 0.8843134 1.0602969 1.1333647 1.2416297 1.0684182 1.1724677 1.2232931 0.8816846 1.1951774 1.3453105 1.4988335 1.1161119 1.5733741 1.7352851 1.7213283 2.0072685 1.6595773 1.9317638 2.4205601 1.9558221 2.2085498 2.4188610 2.2357163 1.8646848 1.2005836 3.6734069 1.7615339 
Adig_XM_015920828.1                                    1.6141115 0.0000010 1.7449473 1.8534507 1.5394549 1.1842463 1.1318741 2.5774220 1.1248140 0.8190145 0.9439821 1.1902636 1.2428502 1.1799705 0.9163133 0.7680008 1.2121761 0.8964734 1.4594751 1.4282716 1.3172623 1.1821821 0.4341300 0.4159451 0.0000010 0.4308370 0.0514225 0.0000000 0.0389122 0.2789460 0.3709778 0.8647496 0.8299101 0.8880674 0.9961921 1.0517102 0.8078494 1.0097401 1.0544781 1.0094957 1.2739814 1.2483495 1.4970965 1.1132118 0.0000010 1.7071678 1.6980293 1.9312980 1.9646734 1.7807851 1.8907538 2.1357942 2.1630217 2.0963294 1.9426655 1.7927739 1.0133038 2.5925946 1.4832463 
Adig_XM_015895597.1                                    1.5969619 0.4277919 2.5087316 1.9567746 1.6861365 1.2865112 1.3258329 3.1052556 1.2197735 0.5392118 1.0151560 1.3124901 1.4202613 1.3084009 0.9239213 1.1296899 1.2827413 0.8871521 1.7812086 1.6465345 1.4489930 1.3163598 0.4509536 0.4053697 0.0333607 0.4400914 0.0664145 0.0389122 0.0000000 0.2973581 0.5099753 0.9993672 0.9647671 0.9352190 1.2263001 1.3214700 1.1057604 1.2746386 1.2934839 0.9671833 1.4843419 1.3588200 1.7129405 1.1402324 0.7442020 1.8140448 1.7982329 2.5562470 2.0353549 2.0533781 3.3772380 2.0993389 2.1898769 2.9610258 2.5860678 1.6321397 1.3753099 3.6734069 2.7659035 
Gfas_gfas1.m1.8986.m1                                  1.5209754 1.0994744 1.7717570 1.5138655 1.4752018 1.2161897 1.2665548 3.3662180 1.1997008 1.0970453 1.0622167 1.1376815 1.1430959 1.1889352 0.7204503 0.9422916 1.1842327 0.8864428 1.5951560 1.3525178 1.3507735 1.3091579 0.3095350 0.3532356 0.3873518 0.3213274 0.2828392 0.2789460 0.2973581 0.0000000 0.3328490 0.7533198 0.8170198 1.0732448 1.0671839 1.1985931 1.0399570 1.1178917 1.2135630 0.8619771 1.3036690 1.2479259 1.4609643 1.0665003 1.5961307 1.7396795 1.7254244 1.9263603 1.6197681 1.7983552 2.4840372 1.8660714 2.0464825 2.2787700 2.3256935 1.7501778 1.1591777 4.6868479 1.6889077 
Pocdam_XM_027200968.1                                  1.8168277 0.0000010 1.8413286 1.5369208 1.6231692 1.2957037 1.4371370 3.4276927 1.1816603 1.1873905 0.9323565 1.1077840 1.4420028 1.3688598 0.4485334 1.0552260 1.3397391 0.8355062 1.5160866 1.4042281 1.5224312 1.4306575 0.2262543 0.1298397 0.0000010 0.2870385 0.3778271 0.3709778 0.5099753 0.3328490 0.0000000 0.7438022 0.7800828 0.9485659 1.3406275 1.4844341 1.2048606 1.2749291 1.2003917 1.1185193 1.6636969 1.4577263 1.5373858 1.2183199 0.0000010 2.0545583 2.0247857 1.9908996 2.3681372 1.9866825 2.4489225 2.2434815 2.2343914 2.1663100 2.2315531 1.5425411 1.6119658 3.9145671 1.3549460 
Nvec_v1g199864                                         1.5340868 1.3216456 1.7306801 1.6845126 1.5489328 1.2810049 1.3508092 2.8404293 1.3730434 1.1890060 1.1244503 1.0981559 1.1004740 1.1577217 0.8499026 1.1000100 1.1329776 0.9860351 1.4789636 1.4894507 1.3964773 1.2559592 0.7613157 0.8231485 0.8925346 0.7874517 0.8769199 0.8647496 0.9993672 0.7533198 0.7438022 0.0000000 0.4867610 1.0049382 1.2152016 1.3443213 1.2918900 1.1406331 1.2680395 1.0075672 1.3003148 1.2455813 1.4025508 1.1589194 1.0768750 1.8565436 1.8347737 1.9312336 1.7308687 1.8609400 2.4630827 2.1195281 2.2467021 2.2807983 2.1217938 1.7289535 1.3700019 3.7092171 1.6271627 
Exapal_XM_028660688.1                                  1.5659676 1.3697851 1.5713256 1.6803966 1.5152735 1.2143766 1.2735865 2.8916827 1.3472825 1.2645150 1.1895626 1.1201726 1.0720437 1.0780997 0.9243779 1.0781288 1.1616774 0.9039273 1.5590840 1.4998469 1.4267237 1.1240823 0.8172385 0.8516959 0.9631185 0.7990115 0.8843134 0.8299101 0.9647671 0.8170198 0.7800828 0.4867610 0.0000000 0.9239177 1.1063980 1.1512138 1.1505430 1.1004449 1.3300127 0.9200926 1.2422640 1.2113976 1.2979892 1.0540432 1.2287070 1.7056066 1.6784890 1.8945106 1.7079414 1.7955401 2.2877917 2.0799830 2.0719898 2.1555371 2.1484875 1.4649350 1.0837102 4.6851607 1.6517826 
Hvul_g22572_1                                          1.3773573 1.2330377 1.1289180 2.0822646 1.2390943 1.1121880 1.1016682 3.0587274 1.1148972 1.2302942 1.2420595 1.0327888 0.9346680 1.1311161 0.9397576 0.9416687 0.9805715 1.0433050 1.3273073 1.3297333 1.1647943 0.9715094 1.0169652 1.0226402 1.1569645 1.0364048 1.0602969 0.8880674 0.9352190 1.0732448 0.9485659 1.0049382 0.9239177 0.0000000 0.6501213 0.6906156 0.7134254 0.5593938 0.7821551 0.9614319 0.9741447 0.9884844 1.0355908 1.0285014 1.7322965 1.3399419 1.3396718 1.7477906 1.1833956 1.4924643 1.2307158 1.4363968 1.3966503 1.4334427 1.5221808 1.3277902 0.4636471 1.2574142 1.8422316 
Rhoesc_Res_013529-T1                                   1.4762199 1.1891740 1.4712981 1.5867260 1.3929256 1.2703277 1.3673461 4.1262240 1.2621026 1.2300655 1.1000913 1.1399887 1.1053353 1.3058454 0.9616428 1.0111758 1.0104195 0.8429944 1.4304227 1.4294073 1.3811643 1.1772444 1.1240878 1.1885628 0.9802429 1.1135444 1.1333647 0.9961921 1.2263001 1.0671839 1.3406275 1.2152016 1.1063980 0.6501213 0.0000000 0.1764325 0.5809488 0.7128137 0.9557553 0.9826630 1.1485811 1.1157927 1.3729201 1.1192006 1.0803873 1.4325856 1.4130925 2.1846280 1.5469813 1.6777917 1.9242077 1.8028187 1.8882405 1.9509530 1.7698239 1.0905532 0.4769618 4.3534582 1.5974367 
Nemnom_g1705.t1                                        1.5690158 1.3225626 1.4640893 1.5132472 1.4318261 1.3354468 1.4394185 4.1792054 1.3871226 1.3705813 1.2175179 1.2433081 1.2237141 1.3737746 0.9037674 1.0197505 1.1003026 0.9424577 1.5097288 1.4734757 1.4118650 1.2713928 1.2191531 1.2557881 1.0582003 1.1583550 1.2416297 1.0517102 1.3214700 1.1985931 1.4844341 1.3443213 1.1512138 0.6906156 0.1764325 0.0000000 0.7059854 0.7990475 1.1220700 1.1235657 1.2985154 1.2590119 1.4456577 1.2951345 1.5462238 1.6029087 1.5814186 2.1205386 1.5646626 1.7332090 2.0127665 2.0131671 1.9665928 2.0126684 1.8361010 1.1251685 0.5118093 5.0227596 1.6311477 
Sanmal_Sma_009269-T1                                   1.7081173 1.3505421 1.4901026 1.4920547 1.3874521 1.3133935 1.4109388 3.8724237 1.4490736 1.4506580 1.3171206 1.2545381 1.2165141 1.4679506 0.9107610 1.0118195 1.1527747 1.0992292 1.6808574 1.5016378 1.4397799 1.2194658 1.1275034 1.1685233 1.0614613 1.1306313 1.0684182 0.8078494 1.1057604 1.0399570 1.2048606 1.2918900 1.1505430 0.7134254 0.5809488 0.7059854 0.0000000 0.8296441 1.0326481 1.0989324 1.2863738 1.2480859 1.4497402 1.2443261 2.1190732 1.4833707 1.4809519 1.9673918 1.4939226 1.6535747 1.5170276 1.9184658 1.8977152 1.7720111 1.6733066 1.2057255 0.5061825 4.5780109 1.3784520 
Chem_TCONS_00070160                                    1.4068524 0.6595534 1.4943431 1.3670525 1.2769637 1.1531956 1.2990889 4.0912091 1.2441137 1.0871752 1.1177151 1.1189115 1.1951766 1.2285624 0.8191397 0.8815463 1.0509270 0.8863405 1.4073880 1.3195214 1.2106898 1.0874524 1.1137962 1.1712439 0.7598612 1.1466714 1.1724677 1.0097401 1.2746386 1.1178917 1.2749291 1.1406331 1.1004449 0.5593938 0.7128137 0.7990475 0.8296441 0.0000000 0.9532779 1.0817060 1.2396778 1.0266492 1.1444123 1.1595003 0.6809648 1.6564903 1.6430493 1.8271235 1.7049753 1.6892067 2.0335345 1.7367083 1.8073814 1.8292433 1.7464817 1.3125187 0.7876766 5.0097374 1.6722708 
Morvir_scaffold46.g21.t1                               1.5549005 1.6879824 1.4637771 1.3636341 1.4879386 1.3658123 1.4486383 3.9710482 1.3866552 1.5438161 1.3430978 1.2761861 1.2666292 1.3993043 0.9499933 0.9356595 1.3053850 1.1251884 1.4776889 1.3875124 1.3394780 1.3340435 1.1898977 1.2601592 1.2067477 1.2693454 1.2232931 1.0544781 1.2934839 1.2135630 1.2003917 1.2680395 1.3300127 0.7821551 0.9557553 1.1220700 1.0326481 0.9532779 0.0000000 1.1662097 1.3350752 1.2680168 1.3863019 1.1784270 1.6882754 1.5956024 1.6025213 1.8886748 1.5387031 1.6589666 1.8798175 1.8283805 1.8730605 1.8847676 2.0639947 1.4356703 0.9279929 3.8557901 1.4367791 
Dgig_XM_028558623.1                                    1.4462316 1.2583669 1.4621375 1.4753108 1.4277119 1.2366846 1.2752687 2.7815025 1.3087284 1.3567498 1.0926053 1.1004214 1.0894652 1.2270197 0.8309412 1.0017850 1.1464383 1.0317327 1.4593245 1.3502734 1.3235455 1.1703191 0.9012529 0.9583461 0.6337751 0.8642536 0.8816846 1.0094957 0.9671833 0.8619771 1.1185193 1.0075672 0.9200926 0.9614319 0.9826630 1.1235657 1.0989324 1.0817060 1.1662097 0.0000000 1.1751435 1.1111704 1.3132767 1.1334610 1.6132127 1.5658071 1.5396432 1.8012885 1.5198720 1.6583774 1.9482329 1.7880223 1.7910300 1.8742281 1.8821892 1.2233213 1.0601426 3.0702187 1.5166966 
Ctel_gnl_WGS_AMQN_CAPTEDRAFT_mRNA106603                1.6244553 1.0512360 1.4888738 1.1418769 1.3234272 1.2754052 1.3257533 4.3325836 1.3437938 1.0744396 1.2310920 0.9497069 1.2124636 1.3618550 0.8028935 1.2478832 0.8318558 0.8077916 1.6138821 1.5615691 1.5897965 1.0768097 1.2715130 1.2891176 0.8982141 1.2171359 1.1951774 1.2739814 1.4843419 1.3036690 1.6636969 1.3003148 1.2422640 0.9741447 1.1485811 1.2985154 1.2863738 1.2396778 1.3350752 1.1751435 0.0000000 1.1245549 1.2424717 1.1079940 0.8830194 1.7080424 1.6834169 1.8510524 1.5853943 1.8177620 2.4393496 1.7533692 1.9003053 1.9944581 2.1187829 1.4317183 1.0221867 8.8460562 1.5254147 
Cscu_XM_023368415.1                                    1.6464005 1.6081228 1.5953952 1.4018585 1.6410397 1.2088327 1.2863905 3.3103200 1.3869256 1.2245715 1.1578355 0.8976004 1.0294716 1.3163563 0.7625816 1.1265142 0.9659843 0.9659805 1.5676987 1.4644049 1.4298564 1.0209541 1.2579038 1.2738784 1.1454112 1.2475562 1.3453105 1.2483495 1.3588200 1.2479259 1.4577263 1.2455813 1.2113976 0.9884844 1.1157927 1.2590119 1.2480859 1.0266492 1.2680168 1.1111704 1.1245549 0.0000000 1.0895349 1.1816150 1.3373531 1.8490420 1.8452252 2.1170935 1.6926523 1.7666985 2.4760095 1.9137947 2.0206279 2.1469672 2.3823304 1.4684843 1.0221737 4.9294330 1.4814705 
Dpul_mRNA548                                           1.6229367 1.3533460 1.5751284 1.5473612 1.6003481 1.3235302 1.3741446 3.3920183 1.3518927 1.1812646 1.1931972 1.1372766 1.1460825 1.3544687 0.6929502 1.1822266 1.1070354 0.9549704 1.3853349 1.4278581 1.3597015 1.0771080 1.3447241 1.4480034 1.0783047 1.3684643 1.4988335 1.4970965 1.7129405 1.4609643 1.5373858 1.4025508 1.2979892 1.0355908 1.3729201 1.4456577 1.4497402 1.1444123 1.3863019 1.3132767 1.2424717 1.0895349 0.0000000 1.0677852 1.3096673 1.7868152 1.7727789 1.8426403 1.6413978 1.7449083 2.1491771 2.0051813 1.9055344 2.1274105 2.1973686 1.3723782 1.3911677 4.5121152 1.6813339 
Spur_XM_030972652.1                                    1.5000232 1.2973634 1.4590077 1.4288545 1.4825756 1.2001121 1.1919959 3.3296959 1.1417442 1.2276682 1.1645923 1.1204982 1.0040652 1.1724857 0.8862842 1.1128162 0.9963030 0.9844268 1.2167314 1.1590856 1.1738303 1.0628974 1.0828411 1.1639054 1.0506984 1.0598749 1.1161119 1.1132118 1.1402324 1.0665003 1.2183199 1.1589194 1.0540432 1.0285014 1.1192006 1.2951345 1.2443261 1.1595003 1.1784270 1.1334610 1.1079940 1.1816150 1.0677852 0.0000000 0.7519013 1.8156114 1.7995282 1.4356614 1.6519980 1.8180566 2.4645888 2.0320736 2.1033240 2.2240656 2.3601610 1.6024864 1.1557987 3.0135858 1.3773558 
Skow_XM_006811183.1                                    2.2262861 1.6977543 0.0000010 0.0000010 2.1582504 2.2013064 2.1242256 5.8596691 2.2786431 1.8809291 2.0616368 1.0939357 1.0237843 1.4400113 0.0000010 0.0000010 1.1265781 1.5326353 1.9423743 2.2825990 2.4426521 1.7807769 1.7726701 1.5788018 1.4772431 1.6085061 1.5733741 0.0000010 0.7442020 1.5961307 0.0000010 1.0768750 1.2287070 1.7322965 1.0803873 1.5462238 2.1190732 0.6809648 1.6882754 1.6132127 0.8830194 1.3373531 1.3096673 0.7519013 0.0000000 1.6975906 1.7125521 0.0000010 0.4853918 1.6621951 0.0000010 1.8758957 2.2728311 0.0000010 0.0000010 1.2640128 0.4707053 0.0000010 8.9999986 
Pbac_sb2656256                                         1.9951513 1.6958321 1.9234786 1.8021224 1.9093696 1.6521145 1.7355023 3.7929072 1.7507638 1.5943240 1.6992080 1.6348141 1.6131970 1.6956749 1.4172953 1.7042783 1.6391894 1.4095207 1.7319107 1.7318154 1.7207767 1.5682741 1.6508344 1.7550140 1.1656782 1.6366355 1.7352851 1.7071678 1.8140448 1.7396795 2.0545583 1.8565436 1.7056066 1.3399419 1.4325856 1.6029087 1.4833707 1.6564903 1.5956024 1.5658071 1.7080424 1.8490420 1.7868152 1.8156114 1.6975906 0.0000000 0.0106762 0.6885850 0.4986089 0.6215462 0.6929523 0.8111510 0.8914910 0.8048472 0.7474861 0.7315661 1.6138309 2.9426176 2.3317112 
Horcal_Hcv1.av93.c6.g1037.i1                           1.9774792 1.6630441 1.9072739 1.8021224 1.8799460 1.6579692 1.7277871 3.6417376 1.7573794 1.6170974 1.7027100 1.6181281 1.6016222 1.6818774 1.4172953 1.6976462 1.6408298 1.4015684 1.7320912 1.7265577 1.7162673 1.5487769 1.6381663 1.7571013 1.1539406 1.6242406 1.7213283 1.6980293 1.7982329 1.7254244 2.0247857 1.8347737 1.6784890 1.3396718 1.4130925 1.5814186 1.4809519 1.6430493 1.6025213 1.5396432 1.6834169 1.8452252 1.7727789 1.7995282 1.7125521 0.0106762 0.0000000 0.7066080 0.5065509 0.6285801 0.7094695 0.8072151 0.8894058 0.8044380 0.7489593 0.7315661 1.6155543 2.8956261 2.3317112 
Bolinf_Binf_sb1204246                                  1.8219564 0.0000010 1.9142502 2.2947707 1.7672099 2.0896377 2.0377034 5.4431040 1.9100012 9.0000000 1.7787101 1.7325484 1.9005486 1.8060969 8.9999981 1.8433143 1.7271012 2.2423211 1.6758455 1.6926507 1.9836295 1.9090538 2.3052681 2.0230429 0.0000010 1.8713897 2.0072685 1.9312980 2.5562470 1.9263603 1.9908996 1.9312336 1.8945106 1.7477906 2.1846280 2.1205386 1.9673918 1.8271235 1.8886748 1.8012885 1.8510524 2.1170935 1.8426403 1.4356614 0.0000010 0.6885850 0.7066080 0.0000000 0.2116405 0.5078641 0.3607510 0.8181667 0.8520147 0.8699028 0.6863473 1.4434498 2.1127998 9.0000000 1.8000774 
Mlei_ML3983.g12.i1                                     1.7967285 0.7459152 2.1728227 1.8173416 1.7007097 1.5457709 1.6053120 4.1171043 1.6015927 1.1032828 1.4724256 1.5394211 1.4442849 1.5620072 1.4704664 1.7661126 1.4857298 1.3626230 1.5693204 1.5309977 1.4127244 1.4735398 1.5801561 1.6597441 0.4742547 1.5399365 1.6595773 1.9646734 2.0353549 1.6197681 2.3681372 1.7308687 1.7079414 1.1833956 1.5469813 1.5646626 1.4939226 1.7049753 1.5387031 1.5198720 1.5853943 1.6926523 1.6413978 1.6519980 0.4853918 0.4986089 0.5065509 0.2116405 0.0000000 0.5009656 0.5228408 0.6580935 0.7100994 0.7885006 0.6604642 0.7983313 1.8198086 3.5772844 2.0051938 
Lampan_Lpan_C415553_01                                 1.7904755 1.5669108 1.9861730 1.8267825 1.8763040 1.6014629 1.6244742 3.5054566 1.7100315 1.6307753 1.5078403 1.7595108 1.5778805 1.7094909 1.3098264 1.7675511 1.6203417 1.5092380 1.6004476 1.5929846 1.6330157 1.5728419 1.8115395 1.8459390 1.4317290 1.7726579 1.9317638 1.7807851 2.0533781 1.7983552 1.9866825 1.8609400 1.7955401 1.4924643 1.6777917 1.7332090 1.6535747 1.6892067 1.6589666 1.6583774 1.8177620 1.7666985 1.7449083 1.8180566 1.6621951 0.6215462 0.6285801 0.5078641 0.5009656 0.0000000 0.5337733 0.7049513 0.7741742 0.7070418 0.7916033 0.7401404 1.7421190 2.4722361 2.1800006 
Eupdun_Edun_sb10620780                                 2.3429258 0.0000010 2.3171221 1.6438400 2.4836426 1.8713426 1.9737727 3.4751259 1.8011248 7.7197034 1.3909703 2.1879698 1.8574971 2.3344485 8.9999984 1.3799096 2.2815755 1.4414685 2.2432903 1.7897726 2.0752026 2.2035320 2.6871587 2.9471110 0.0000010 2.5510176 2.4205601 1.8907538 3.3772380 2.4840372 2.4489225 2.4630827 2.2877917 1.2307158 1.9242077 2.0127665 1.5170276 2.0335345 1.8798175 1.9482329 2.4393496 2.4760095 2.1491771 2.4645888 0.0000010 0.6929523 0.7094695 0.3607510 0.5228408 0.5337733 0.0000000 0.8910101 0.8743581 0.8836920 0.9615167 0.6547403 2.3374152 3.4342017 1.2980487 
Vmul_Simscaffold2670_01                                2.1351021 1.3269347 2.1710662 2.1046704 1.8926393 1.7368380 1.8586276 4.6552551 1.7366980 1.4993400 1.7716652 1.6665475 1.8130407 2.0430408 1.6121623 1.9538395 1.6494408 1.6271995 1.9001814 1.8049747 1.7897959 1.6883262 1.8335857 2.0183724 1.1743917 1.7578486 1.9558221 2.1357942 2.0993389 1.8660714 2.2434815 2.1195281 2.0799830 1.4363968 1.8028187 2.0131671 1.9184658 1.7367083 1.8283805 1.7880223 1.7533692 1.9137947 2.0051813 2.0320736 1.8758957 0.8111510 0.8072151 0.8181667 0.6580935 0.7049513 0.8910101 0.0000000 0.3980845 0.3238526 0.9988757 0.7903692 1.8918923 4.5042934 2.4606721 
Coemet_Cmet_C603980_01                                 2.0559428 1.6020609 2.0345378 2.0554009 1.9126223 1.7953610 1.9424992 4.8886065 1.8421338 1.6014130 1.8540989 1.8281239 1.8186909 2.0250692 1.5819135 1.8163722 1.7619170 1.7260051 2.0617523 1.9605385 1.8515985 1.8408983 1.8611509 2.0861714 1.4067500 1.8273182 2.2085498 2.1630217 2.1898769 2.0464825 2.2343914 2.2467021 2.0719898 1.3966503 1.8882405 1.9665928 1.8977152 1.8073814 1.8730605 1.7910300 1.9003053 2.0206279 1.9055344 2.1033240 2.2728311 0.8914910 0.8894058 0.8520147 0.7100994 0.7741742 0.8743581 0.3980845 0.0000000 0.0262833 1.0218455 0.7760246 1.8415061 4.5602941 2.3604634 
Coeast_Cast_sb753694                                   2.1461597 0.0000010 1.9822524 1.9282417 1.8563669 1.8548150 2.0452630 4.7246445 1.8674072 1.4659056 1.9110582 1.8813085 1.9652546 1.9954354 1.4687718 1.8032765 1.8549453 1.6236318 1.9888039 2.1206111 1.9932337 1.9887467 2.0944858 2.3173038 0.0000010 2.0101337 2.4188610 2.0963294 2.9610258 2.2787700 2.1663100 2.2807983 2.1555371 1.4334427 1.9509530 2.0126684 1.7720111 1.8292433 1.8847676 1.8742281 1.9944581 2.1469672 2.1274105 2.2240656 0.0000010 0.8048472 0.8044380 0.8699028 0.7885006 0.7070418 0.8836920 0.3238526 0.0262833 0.0000000 1.0170906 0.6776281 1.9229655 4.1594085 1.9667886 
Drygla_Dgla_sb276529                                   2.2941740 2.0243502 2.1322547 1.9210448 2.2259840 1.8951141 1.9763754 3.3760771 1.9184862 2.9840291 1.7950763 2.0307578 2.0070858 1.9946301 1.4103096 1.6596293 1.9959228 1.5498289 1.9892458 2.0009601 2.0003418 1.9265766 2.3868252 2.3851942 1.3463113 2.1833672 2.2357163 1.9426655 2.5860678 2.3256935 2.2315531 2.1217938 2.1484875 1.5221808 1.7698239 1.8361010 1.6733066 1.7464817 2.0639947 1.8821892 2.1187829 2.3823304 2.1973686 2.3601610 0.0000010 0.7474861 0.7489593 0.6863473 0.6604642 0.7916033 0.9615167 0.9988757 1.0218455 1.0170906 0.0000000 0.7473306 1.8289603 3.0612084 1.9426451 
Eupdun_Edun_sb10686990                                 1.6236236 0.6527974 1.3451973 1.9124275 1.3713853 1.5158057 1.5647765 3.4789149 1.4916739 1.7099025 1.5396559 1.3986834 1.5595582 1.5499306 1.2802844 1.6215035 1.4165381 1.4010157 1.4101004 1.6470686 1.4729638 1.2906505 1.6939061 1.9125575 0.8808574 1.5729467 1.8646848 1.7927739 1.6321397 1.7501778 1.5425411 1.7289535 1.4649350 1.3277902 1.0905532 1.1251685 1.2057255 1.3125187 1.4356703 1.2233213 1.4317183 1.4684843 1.3723782 1.6024864 1.2640128 0.7315661 0.7315661 1.4434498 0.7983313 0.7401404 0.6547403 0.7903692 0.7760246 0.6776281 0.7473306 0.0000000 1.1659300 8.9999988 2.5496024 
Aaur_scaffold604.g8.t1                                 1.4533105 0.4767787 1.4079264 1.4857798 1.2232099 1.0582880 1.2208143 4.8656227 1.1735075 0.8966808 1.0346087 1.1142708 1.0939590 1.2827791 0.8253330 1.0622306 0.9851322 0.7935259 1.5725520 1.3449788 1.2490966 1.0568016 1.2492189 1.2691167 0.5480156 1.2163823 1.2005836 1.0133038 1.3753099 1.1591777 1.6119658 1.3700019 1.0837102 0.4636471 0.4769618 0.5118093 0.5061825 0.7876766 0.9279929 1.0601426 1.0221867 1.0221737 1.3911677 1.1557987 0.4707053 1.6138309 1.6155543 2.1127998 1.8198086 1.7421190 2.3374152 1.8918923 1.8415061 1.9229655 1.8289603 1.1659300 0.0000000 5.1781727 1.6186477 
Stycar_maker-SC_scaffold27564-augustus-gene-0.2-mRNA-1 4.8725287 0.0000010 5.2803086 0.0000010 5.0023319 0.9660660 1.0502939 1.0502939 1.2386028 0.0000010 1.0857291 4.2012553 3.5449521 2.3277669 0.0000010 3.8376313 3.9347046 7.5519818 1.4941135 1.4403870 1.1366548 2.6929751 4.0936995 4.3948353 0.0000010 4.1066504 3.6734069 2.5925946 3.6734069 4.6868479 3.9145671 3.7092171 4.6851607 1.2574142 4.3534582 5.0227596 4.5780109 5.0097374 3.8557901 3.0702187 8.8460562 4.9294330 4.5121152 3.0135858 0.0000010 2.9426176 2.8956261 9.0000000 3.5772844 2.4722361 3.4342017 4.5042934 4.5602941 4.1594085 3.0612084 8.9999988 5.1781727 0.0000000 3.5837271 
Leuniv_Lniv_scaffold8166_01                            0.9128822 4.5860361 0.6822498 6.7682887 0.8821806 1.4562379 1.4325764 2.5026136 1.3901920 2.7372597 1.4532223 1.4019658 1.3954379 1.0938366 1.3443876 0.9104455 1.4386414 1.2520792 1.3661066 1.3733859 1.2398840 1.6661424 1.9994823 1.6535983 2.8501928 1.4384658 1.7615339 1.4832463 2.7659035 1.6889077 1.3549460 1.6271627 1.6517826 1.8422316 1.5974367 1.6311477 1.3784520 1.6722708 1.4367791 1.5166966 1.5254147 1.4814705 1.6813339 1.3773558 8.9999986 2.3317112 2.3317112 1.8000774 2.0051938 2.1800006 1.2980487 2.4606721 2.3604634 1.9667886 1.9426451 2.5496024 1.6186477 3.5837271 0.0000000 
