81
Tetwil_g21003.t1                                       0.0000000 0.3067819 0.4400128 1.1281858 1.1564672 1.2137129 1.5782508 0.3032085 1.1311416 1.1056001 1.8683417 0.1753378 0.4144649 0.2048417 0.3927068 1.1468058 1.2688791 1.2887806 1.2253467 0.8635388 1.4244811 1.0458232 1.5766861 1.4575894 1.3204645 0.6667845 1.3851544 0.7482261 1.3491555 1.2485019 1.1748933 1.3452053 1.7124432 0.6141606 1.6294009 1.7648472 1.7116199 1.6891147 1.7752313 1.1765814 1.2575545 1.4731172 1.4700217 0.6200973 1.5801987 1.5258682 1.5955296 1.5645206 1.5070378 1.4489562 1.7869529 2.2638924 1.6328755 2.3638216 2.3668111 2.1156836 0.8439415 1.8925571 1.7903450 1.8646537 0.9692307 1.8022404 1.7954213 1.0168344 1.2475698 1.0028972 1.2631727 1.8914018 2.0100961 1.4335346 2.1672791 2.0674046 1.8852187 1.7417675 1.7098625 1.6743922 1.3863691 2.2115619 1.3621684 2.6343658 2.4668277 
Fspp_ffun1.m4.33935.m1                                 0.3067819 0.0000000 0.0298723 0.0299739 0.0403180 0.0508577 0.0000010 0.0000010 0.0589813 0.0723741 0.3362656 0.1406404 0.1605088 0.2996010 0.0000010 0.2025998 0.3267182 0.2307451 0.3391967 0.5175094 0.3694255 0.0000010 0.3486406 2.8072182 0.4308817 0.0000010 0.5047039 0.0000010 0.3420521 0.3814625 0.3814625 0.4228205 0.9598921 0.0000010 0.9519237 0.8695851 0.7306609 0.6894900 0.9016925 0.3406617 0.3564846 0.2958109 0.2504056 0.0000010 1.2947518 0.4694114 0.4811361 0.4256271 0.3890541 0.4749121 4.7779578 0.0000010 0.6637661 0.0000010 4.7779578 1.0842828 0.5946292 0.5946292 0.5946292 0.5656354 0.8923152 0.8015113 0.8015113 0.3424804 0.3424804 0.0000010 0.3891047 1.7285021 3.5151395 0.6132139 0.0000010 1.2734838 5.7141040 8.9999986 0.8193812 0.3145680 0.4838256 0.3578602 0.4248248 1.7064403 0.0000010 
Gasp_gasp1.m3.29811.m1                                 0.4400128 0.0298723 0.0000000 0.0668958 0.0747998 0.0672090 0.4177300 0.0000010 0.0990094 0.1132933 0.6498625 0.1241866 0.1944769 0.3461106 0.0000010 0.3073704 0.4698414 0.3973888 0.6043703 0.7621754 0.5974708 0.0000010 0.6070230 2.7420699 0.6438705 0.0000010 0.7048822 0.0000010 0.5884160 0.6738517 0.6738517 0.6860281 1.0924794 0.0000010 1.1162748 1.0289463 0.9198089 0.8976570 1.0775121 0.4740237 0.5438492 0.4778233 0.5446965 0.0000010 1.7994206 0.7072533 0.7226946 0.6845866 0.6209003 0.6547237 4.7779578 0.0000010 0.9578022 2.7917504 4.7779578 1.3920798 0.7123648 1.0327446 1.0327446 0.9732471 1.0539805 1.0869268 1.0869268 0.5589459 0.5589459 0.0000010 0.6010984 1.5071098 3.4161073 0.7690564 9.0000000 1.7514536 6.7828605 8.9999986 0.8955736 0.5954564 0.6207833 0.6359286 0.7854589 6.3752719 0.0000010 
Pocdam_XM_027200892.1                                  1.1281858 0.0299739 0.0668958 0.0000000 0.0552492 0.1938798 0.1854988 0.0353855 0.2358368 0.2301059 1.6956294 0.1246769 0.2559404 0.4642075 0.1743306 0.5992231 1.1529284 1.1718748 1.1508684 1.0270279 1.2145331 0.7946851 1.6517190 1.3213422 1.3656854 0.5185393 1.2973973 0.6677153 1.1405573 1.0946657 1.0435750 1.1535942 1.6858400 0.5096216 1.6556225 1.7262340 1.6575316 1.6312562 1.6961569 1.3661934 1.3562587 1.0422902 1.0655665 0.4427440 1.5766538 1.3166780 1.3642865 1.4145534 1.2620687 1.4179567 1.7143253 2.2019498 1.6287017 2.2128591 2.2821975 1.9565627 0.7420368 1.8700513 1.7677733 1.8541587 1.1032457 1.8603035 1.8801703 1.3210988 1.5578377 1.2648422 1.6802962 2.6696353 1.8945302 1.5168501 2.0485167 1.9535279 2.0185379 1.6156693 1.4030375 1.5899825 1.7105064 2.1771622 1.6016467 2.5537176 0.4680086 
Spis_XP_022782333_1                                    1.1564672 0.0403180 0.0747998 0.0552492 0.0000000 0.2182485 0.2031359 0.0353855 0.2517314 0.2489356 1.7804731 0.1419707 0.2673174 0.4786383 0.1743212 0.6079228 1.1644047 1.2082796 1.1627285 1.0411543 1.2292868 0.8023198 1.6794624 1.3438771 1.3837017 0.5191529 1.2952817 0.6640031 1.1421417 1.0928949 1.0431096 1.1277664 1.7203812 0.5183000 1.6846933 1.7728319 1.7014346 1.6681180 1.7379224 1.3910163 1.4185756 1.0468391 1.0804164 0.4794042 1.6217276 1.3363307 1.3848650 1.4297128 1.2865641 1.4189876 1.7128396 2.2052071 1.6118516 2.2259555 2.2981253 1.9729077 0.7232979 1.8618766 1.7836228 1.8406984 1.0770816 1.8679460 1.8879195 1.3251371 1.5763312 1.2574525 1.6801096 2.6444991 1.8942430 1.4884845 2.0808166 1.9771750 2.0549264 1.6796126 1.4117219 1.6046997 1.7301692 2.2276314 1.6241639 2.4738938 0.4880300 
Gfas_gfas1.m1.18822.m1                                 1.2137129 0.0508577 0.0672090 0.1938798 0.2182485 0.0000000 0.1651252 0.0236878 0.1688635 0.1627805 1.7554857 0.1409489 0.2323168 0.4390497 0.1589481 0.5536264 1.1543879 1.1939632 1.1681881 1.0426623 1.2252416 0.7824334 1.6478026 1.3555781 1.3754740 0.5241026 1.3297173 0.6444601 1.1797737 1.1140798 1.0601895 1.1495825 1.6763224 0.5255742 1.6519657 1.7393300 1.6753945 1.6471906 1.7208287 1.4662321 1.3919381 1.0124739 1.0629756 0.4342652 1.5830453 1.2706143 1.3346560 1.3994672 1.2771635 1.4617101 1.7025664 2.2071876 1.6450253 2.2115460 2.2859965 1.9816951 0.7085106 1.7963175 1.6975610 1.8083377 1.0789361 1.8199252 1.8391773 1.3819262 1.6197708 1.3017814 1.6517057 2.5468823 1.8029612 1.4813103 2.0576862 1.9600347 2.1500382 1.6155062 1.3612754 1.6446437 1.6352784 2.1922321 1.6763067 2.4352949 0.4670679 
Gasp_gasp1.m3.14717.m1                                 1.5782508 0.0000010 0.4177300 0.1854988 0.2031359 0.1651252 0.0000000 0.0116190 0.2399251 0.2276527 2.7005598 0.0000010 1.1358725 2.0858649 0.1433245 0.6389430 1.4436932 1.4926617 1.3597931 1.9385956 1.4849391 0.7522482 2.1466940 1.1920194 1.7345831 0.5187242 1.6180752 0.6257404 1.3745629 1.2922896 1.2269107 1.3943910 1.9454589 0.5019622 1.7959450 2.0210934 1.9804686 1.9028954 1.9501817 1.9034412 1.8394933 1.3082884 1.3331166 0.4188153 1.5915359 1.5042397 1.6808876 1.7838673 1.5794525 1.8885844 1.6247018 2.2012997 2.0841882 2.1833511 2.2707296 2.2643264 0.0000010 3.3094552 2.9697997 2.3999803 0.0000010 2.2535267 2.2641674 1.7411680 3.0220655 1.2617687 3.2654443 3.3733349 1.8276022 1.8695162 1.9856516 1.9764196 1.8782532 1.3742586 1.6426026 2.2907281 3.1823769 3.5887986 2.5155874 2.2110909 0.3450432 
Fspp_ffun1.m4.31023.m1                                 0.3032085 0.0000010 0.0000010 0.0353855 0.0353855 0.0236878 0.0116190 0.0000000 0.0205447 0.0598601 2.7340660 0.0000010 0.0000010 0.9614945 0.1315806 0.1727788 0.2452395 0.2906354 0.2323788 3.6041588 0.2904836 0.4829085 0.4555008 0.4119172 0.3987151 0.3715121 0.3038202 0.6800432 0.3041568 0.3190903 0.3190903 0.3830576 0.4231528 0.4231528 0.3922363 0.4139374 0.4047018 0.4317544 0.4317544 0.3669531 0.3910464 0.2244135 0.1755179 0.2277503 0.2277503 0.1955817 0.2412335 0.2642565 0.2546665 0.2956418 1.3951125 1.3951125 1.3897412 1.3145310 1.3145310 1.4090772 0.0000010 4.3444394 4.9754521 1.2719466 0.0000010 1.5679654 1.5679654 0.3707520 0.0000010 0.3606823 8.0957525 8.0957525 1.1345842 0.3411499 1.0229875 1.0229875 0.3187939 0.4198563 0.3620886 1.5683550 7.5615560 3.9490417 1.4660902 1.6675880 0.0000010 
Amil_Amillepora14032-RA                                1.1311416 0.0589813 0.0990094 0.2358368 0.2517314 0.1688635 0.2399251 0.0205447 0.0000000 0.0119594 1.6359579 0.1523157 0.2465413 0.4190825 0.0965770 0.5559424 1.1566972 1.2898875 1.1683934 0.9920605 1.1864992 0.7623243 1.7175711 1.5287541 1.4341128 0.4150244 1.3128897 0.5485946 1.2019464 1.0925460 1.0764273 1.2376770 1.6826469 0.4308119 1.6656915 1.7384921 1.6646789 1.6422181 1.7269689 1.4872275 1.4516683 1.1069441 1.1348902 0.4505428 1.7936167 1.2561629 1.3919003 1.4202032 1.2704115 1.3942625 1.6549711 2.2354988 1.5668382 2.0751624 2.1622490 1.8568327 0.6564929 1.6902481 1.5762396 1.7381008 0.9640022 1.7738881 1.7868833 1.4084924 1.6479820 1.5332194 1.5984570 2.5703198 1.7573536 1.5529048 2.0075103 1.8620474 2.3475470 1.6134392 1.4010297 1.7424597 1.5230697 2.2195667 1.7367846 2.6390600 0.5170338 
Adig_XM_015907897.1                                    1.1056001 0.0723741 0.1132933 0.2301059 0.2489356 0.1627805 0.2276527 0.0598601 0.0119594 0.0000000 1.6008065 0.1590500 0.2859128 0.4540978 0.1731539 0.5995014 1.1467890 1.2161848 1.1424250 1.0894837 1.2153881 0.7548510 1.6463109 1.3300724 1.3998469 0.5193515 1.3418313 0.6277733 1.1538608 1.1250862 1.0703390 1.1930964 1.6966329 0.5074455 1.6587565 1.7466550 1.6730516 1.6492592 1.7246107 1.4433156 1.4208590 1.0285618 1.0650139 0.4523356 1.5771263 1.2693740 1.3770498 1.4215036 1.2848185 1.4152310 1.6709667 2.1215875 1.5934145 2.0629286 2.1328877 1.9222244 0.7415827 1.7521323 1.6891883 1.7626194 1.0825167 1.8434553 1.8630274 1.3916682 1.6406935 1.3340701 1.6479747 2.5255021 1.7621773 1.4798400 1.9930252 1.8869509 2.1099449 1.4923899 1.3808193 1.6541876 1.6686606 2.2230539 1.7755781 2.6364127 0.5245562 
Opea_EP00118_Oscarella_pearsei_P006458                 1.8683417 0.3362656 0.6498625 1.6956294 1.7804731 1.7554857 2.7005598 2.7340660 1.6359579 1.6008065 0.0000000 0.0000010 0.5641664 0.4611555 3.3814797 1.6827560 1.7346744 1.3657378 1.6429594 0.8943145 1.8283871 4.8551982 2.0813196 3.8249584 1.8011505 3.2810933 1.8614381 1.1791180 1.7854439 1.5810600 1.5806295 1.5917772 2.4724708 5.1115043 2.6448865 2.5301982 2.3426076 2.3541550 2.5268283 2.1548443 2.1379918 2.0993239 2.0060989 4.0130628 0.6860141 1.7710495 1.9975473 1.9509232 1.9999100 1.9325029 8.9999982 4.7868817 2.3573668 5.0371150 7.0360096 2.5939497 0.9024732 1.6537380 1.6770458 2.2873316 1.1396791 2.3492744 2.3487571 2.0733008 1.6363511 5.7579274 1.3401916 2.1159458 4.8060600 2.2390057 7.0396397 3.3758903 5.5043130 5.7098396 2.3057526 1.6756768 1.4476808 1.8088462 1.3667166 2.9473599 3.2271963 
Ocar_g5643                                             0.1753378 0.1406404 0.1241866 0.1246769 0.1419707 0.1409489 0.0000010 0.0000010 0.1523157 0.1590500 0.0000010 0.0000000 0.1763840 0.1910413 0.0000010 0.2296085 0.1517203 0.1937581 0.1997449 0.2625903 0.1783609 0.0000010 0.1961749 2.7422930 0.2443249 0.0000010 0.3137497 0.0000010 0.2627542 0.2649653 0.2649653 0.3065855 0.6051509 0.0000010 0.5234608 0.5463255 0.3959630 0.3961500 0.5988742 0.2390230 0.2873926 0.2927300 0.2498817 0.0000010 0.0000010 0.2645470 0.3424281 0.2615871 0.2692273 0.3198739 4.7779578 0.0000010 0.5886419 0.0000010 4.7779578 1.1223615 0.5059971 0.5059971 0.5059971 0.4694620 0.8054247 0.5841382 0.5841382 0.2496940 0.2496940 0.0000010 0.2865306 8.9999984 1.9345637 0.4023577 0.0000010 0.0000010 4.5727519 7.7159001 0.6817573 0.1653371 0.3813917 0.1588713 0.2481895 1.7064403 0.0000010 
Nvec_v1g122610                                         0.4144649 0.1605088 0.1944769 0.2559404 0.2673174 0.2323168 1.1358725 0.0000010 0.2465413 0.2859128 0.5641664 0.1763840 0.0000000 0.3925210 0.0000010 0.1971189 0.3073201 0.3898379 0.4472312 0.5570352 0.5388517 0.0000010 0.5799813 3.9852956 0.5271533 0.0000010 0.5610860 0.0000010 0.4982319 0.5778418 0.5778418 0.6021730 0.8155286 0.0000010 0.7761394 0.7471958 0.6632829 0.6779758 0.8355234 0.4550576 0.3913299 0.4831799 0.4213318 0.0000010 1.3633373 0.5222481 0.5341698 0.5229890 0.4432003 0.4674451 4.9206926 8.4854096 1.0215594 5.9471157 8.9999988 1.3542109 0.7707592 0.8193929 0.8193929 0.8111941 1.0427668 1.0651611 1.0651611 0.5157598 0.5157598 4.0419607 0.5434597 1.6139181 3.0941143 0.5771333 9.0000000 1.4864646 5.5136175 8.2709278 0.7524985 0.4855455 0.4615034 0.4926435 0.6614344 1.7064403 0.0000010 
Stycar_maker-SC_scaffold3561-snap-gene-0.7-mRNA-1      0.2048417 0.2996010 0.3461106 0.4642075 0.4786383 0.4390497 2.0858649 0.9614945 0.4190825 0.4540978 0.4611555 0.1910413 0.3925210 0.0000000 0.9614945 0.4108297 0.3890620 0.2285387 0.3374966 0.3895788 0.5573801 0.9614945 0.4839995 4.1793956 0.4996395 0.9614945 0.5596579 9.0000000 0.4721664 0.4905920 0.4905920 0.5612567 0.8403162 0.9614945 0.7755938 0.7714394 0.6895864 0.6449991 0.7909082 0.3550871 0.3963028 0.4671751 0.4849006 0.9614945 0.8243301 0.4801571 0.5367333 0.4798604 0.4912590 0.4775307 3.8433566 6.9223665 1.0436255 5.2851779 5.7012498 1.3206232 0.8370398 0.9035622 0.9035622 0.9727754 1.0070682 0.9588091 0.9797951 0.4352807 0.4274737 1.6179257 0.4539524 1.1593816 2.1470376 0.6324906 6.1367805 1.3010623 4.4776049 4.0811916 0.8651454 0.4813600 0.4050890 0.4023582 0.6435837 1.7064403 0.9665070 
Nvec_v1g122631                                         0.3927068 0.0000010 0.0000010 0.1743306 0.1743212 0.1589481 0.1433245 0.1315806 0.0965770 0.1731539 3.3814797 0.0000010 0.0000010 0.9614945 0.0000000 0.1209360 0.3364924 0.3710586 0.3803230 3.6041588 0.4944010 0.4919896 0.5312696 0.4990627 0.5166928 0.4965412 0.3982991 0.7117503 0.3912627 0.3907733 0.3907733 0.4883277 0.4522398 0.4522398 0.4227709 0.4342234 0.4128991 0.4315764 0.4315764 0.4969254 0.4973320 0.3162682 0.2633825 0.3984231 0.3984231 0.2819540 0.3129390 0.3438330 0.3345888 0.3659017 1.2950513 1.2950513 1.2797355 1.2316374 1.2316374 1.4011817 0.0000010 6.1247808 4.6517260 1.4340852 0.0000010 1.4170093 1.4170093 0.4264942 0.0000010 0.3928645 5.3156271 5.3156271 1.2396305 0.4167784 1.1573674 1.1573674 0.4094690 0.6038250 0.4327518 1.1966860 5.3501710 4.2754634 2.6957605 1.5380097 0.1730686 
Exapal_XM_028661363.1                                  1.1468058 0.2025998 0.3073704 0.5992231 0.6079228 0.5536264 0.6389430 0.1727788 0.5559424 0.5995014 1.6827560 0.2296085 0.1971189 0.4108297 0.1209360 0.0000000 1.0206238 1.1415441 1.0376899 0.9577009 1.2050255 0.7660431 1.6537827 1.3123055 1.2497088 0.5341770 1.2524872 0.7206269 1.1815235 0.9927371 0.9346356 1.1342775 1.4267770 0.5004285 1.3629972 1.4757101 1.3946019 1.4242732 1.4820775 1.3964597 1.3807002 1.1194139 1.0842637 0.4378348 1.4283501 1.2334349 1.3051395 1.3391274 1.2809815 1.3084588 1.6298381 2.1027921 1.6508374 2.2459355 2.3460808 1.9171712 0.7465978 1.8123176 1.6710712 1.8709281 1.0820694 1.8053752 1.8335538 1.3285873 1.6267552 1.3351349 1.4801827 2.3016181 1.8684460 1.3615373 1.9727738 1.9833630 1.7857865 1.5263219 1.3847672 1.5749517 1.5668068 2.1942848 1.4269623 1.8065246 1.0435209 
Bralan_BLAG09000655_8                                  1.2688791 0.3267182 0.4698414 1.1529284 1.1644047 1.1543879 1.4436932 0.2452395 1.1566972 1.1467890 1.7346744 0.1517203 0.3073201 0.3890620 0.3364924 1.0206238 0.0000000 1.2281470 0.8720697 0.6221944 1.0378537 0.8525417 1.5136841 1.2381790 0.9475965 0.3354948 0.9385718 0.5445769 1.0310640 0.9266262 0.8737329 1.0389759 1.5235446 0.5563297 1.5027764 1.4975558 1.4334126 1.4444582 1.5045318 1.4079378 1.4395774 1.3634426 1.2979658 0.6709270 1.5100817 1.1829562 1.4498277 1.4470546 1.3608225 1.3704899 1.7776544 2.1903407 1.6935538 2.2673401 2.4619194 1.9159341 0.7527040 1.7164868 1.6620021 1.8176535 1.0275546 1.8270665 1.8158344 1.4289790 1.6677862 1.5236307 1.5607544 2.3682085 2.1450967 1.4447292 2.1511810 2.0077414 2.2727146 1.7290632 1.4545400 1.2567647 1.6573095 2.1530348 1.3962364 1.9602546 2.1911430 
Plajan_Pjan_C568968_01                                 1.2887806 0.2307451 0.3973888 1.1718748 1.2082796 1.1939632 1.4926617 0.2906354 1.2898875 1.2161848 1.3657378 0.1937581 0.3898379 0.2285387 0.3710586 1.1415441 1.2281470 0.0000000 1.1348720 0.8536316 1.4147735 0.8173044 1.5154988 1.3238787 1.3028933 0.7327387 1.4450135 1.0958643 1.3442566 1.2682992 1.2138846 1.1847841 1.6379576 0.6216519 1.5630585 1.6481927 1.5692561 1.5923567 1.6496784 1.4082493 1.4039248 1.3580988 1.4243468 0.3887935 1.0847582 1.2664663 1.3423821 1.3970417 1.4464989 1.3291105 1.8440072 2.4628349 1.8237607 2.4792702 2.5233540 2.0913066 0.7892392 1.7847983 1.6859870 1.9239679 0.9888409 1.7681445 1.7644688 1.3972922 1.5669438 1.4630514 1.5328654 2.4351476 2.1912885 1.6116295 2.3199534 2.1123176 2.1504924 1.6591781 1.5889939 1.7429958 1.5361723 2.1419138 1.3601261 2.2269087 2.5563904 
Hsap_ENST00000221232                                   1.2253467 0.3391967 0.6043703 1.1508684 1.1627285 1.1681881 1.3597931 0.2323788 1.1683934 1.1424250 1.6429594 0.1997449 0.4472312 0.3374966 0.3803230 1.0376899 0.8720697 1.1348720 0.0000000 0.6874288 1.1166040 0.7711851 1.3628478 1.1195182 1.0329246 0.4104962 0.9616251 0.6016810 0.9462116 0.9037871 0.8664199 0.9423742 1.3259655 0.5255382 1.3631894 1.3767217 1.3059344 1.3464352 1.4063531 1.4066615 1.2915235 1.1997704 1.1682892 0.7031678 1.5295759 1.3242686 1.3522654 1.3347304 1.3484204 1.3204867 1.9013036 2.3745473 1.7181460 2.4317610 2.5396698 1.9760731 0.7678489 1.8411056 1.7207599 1.8679119 0.9361888 1.7919946 1.7799473 1.4195538 1.4969822 1.3427096 1.4686163 2.3793378 1.9605379 1.3863157 2.3071570 2.0462450 2.0807487 1.6796826 1.5661638 1.3013650 1.5658824 2.0197164 1.5083846 2.4469381 2.3010746 
Dpul_mRNA20871                                         0.8635388 0.5175094 0.7621754 1.0270279 1.0411543 1.0426623 1.9385956 3.6041588 0.9920605 1.0894837 0.8943145 0.2625903 0.5570352 0.3895788 3.6041588 0.9577009 0.6221944 0.8536316 0.6874288 0.0000000 0.7593114 3.8918607 1.0183068 3.7523261 0.4944173 2.7222639 0.6872910 2.2025960 0.8187397 0.8118394 0.8118394 0.8276210 1.3649690 2.8314170 1.3125775 1.3213428 1.2463616 1.2947381 1.4164320 0.9251466 0.9474306 0.9833965 0.9402259 3.7081379 1.4850995 0.9841758 1.0763153 1.0186220 1.0971866 1.0739262 4.4503068 2.7298669 1.3640198 2.3876773 3.3110110 1.4834056 0.9109500 1.1782356 1.2856595 1.3558809 1.1368133 1.2339542 1.2507583 0.9455194 0.8335480 2.4264604 1.0097297 1.7337137 2.8372650 1.0577353 4.9911539 1.7141233 4.5423047 4.5619926 1.4734327 0.8293929 0.8899221 1.2552889 1.1211278 1.7332849 1.6922662 
Spur_XM_011668885.2                                    1.4244811 0.3694255 0.5974708 1.2145331 1.2292868 1.2252416 1.4849391 0.2904836 1.1864992 1.2153881 1.8283871 0.1783609 0.5388517 0.5573801 0.4944010 1.2050255 1.0378537 1.4147735 1.1166040 0.7593114 0.0000000 1.0132321 1.4429346 1.4426083 1.1418682 0.4054151 1.1868998 0.8851969 1.2014636 1.1025920 1.0617867 1.1048337 1.6495157 0.7289799 1.6224741 1.6224521 1.5509807 1.5982445 1.6723000 1.4981042 1.5254187 1.3792514 1.4117573 0.8234313 1.7199240 1.3107031 1.5184403 1.4890415 1.4204783 1.4919097 2.0847630 2.5153002 1.8449535 2.4326886 2.6392531 2.1687290 0.8074858 1.7174501 1.6447119 1.9714265 1.0624017 1.9434435 1.9357022 1.4238363 1.4369970 1.5565615 1.5050518 2.2149007 2.2331183 1.4641695 2.3527147 2.0952214 2.3236851 1.6135645 1.6514463 1.3104605 1.6461856 1.9392538 1.4430324 2.3615736 2.0065507 
Lcom_lcpid70894                                        1.0458232 0.0000010 0.0000010 0.7946851 0.8023198 0.7824334 0.7522482 0.4829085 0.7623243 0.7548510 4.8551982 0.0000010 0.0000010 0.9614945 0.4919896 0.7660431 0.8525417 0.8173044 0.7711851 3.8918607 1.0132321 0.0000000 0.3305251 0.2259710 0.8409755 0.7595703 0.9547992 0.9149116 0.8700103 1.0184023 1.0184023 0.8002584 0.8330360 0.6409240 0.8873184 0.8697928 0.8444141 0.8693057 0.8693057 1.1297518 1.1530285 1.0639359 0.9384977 0.7536489 1.0226392 0.8427151 0.8607280 0.8707815 0.9121804 0.9459929 1.5600302 1.6830516 1.6714568 1.5930270 1.5930270 1.5839514 0.0000010 8.9999987 8.9999989 1.6337143 0.0000010 1.6136253 1.6136253 0.9884545 0.6672282 0.9500197 4.8342330 4.8342330 1.3770518 0.9923122 1.3289489 1.4599024 0.9078344 0.6664739 1.0228970 1.8325174 5.9119786 5.4538442 4.0768565 2.6313587 1.2835494 
Gracom_Gcom_scaffold19051_01                           1.5766861 0.3486406 0.6070230 1.6517190 1.6794624 1.6478026 2.1466940 0.4555008 1.7175711 1.6463109 2.0813196 0.1961749 0.5799813 0.4839995 0.5312696 1.6537827 1.5136841 1.5154988 1.3628478 1.0183068 1.4429346 0.3305251 0.0000000 0.6904286 1.3702969 0.7518868 1.4641645 0.9438204 1.4611654 1.4329062 1.3798754 1.3133428 1.5809646 0.7292545 1.6068231 1.6970463 1.6424577 1.6653407 1.7210761 1.8449781 1.7032845 1.6439740 1.5330728 0.6879274 1.7822246 1.5936353 1.7424274 1.5999591 1.6693677 1.5146984 1.9152179 2.5400320 1.9267947 2.5850652 2.6987425 2.3212506 0.8859168 2.1069771 2.0533274 1.9279887 1.1763459 2.0789647 2.0638279 1.7016425 1.6649264 1.8470680 1.7102490 2.6572167 2.0704805 1.7294149 2.2033400 2.1973140 2.5114142 1.6473731 1.9052122 1.8439562 1.7042064 1.5699236 0.8203091 2.1866241 3.0960480 
Leuniv_Lniv_scaffold22316_01                           1.4575894 2.8072182 2.7420699 1.3213422 1.3438771 1.3555781 1.1920194 0.4119172 1.5287541 1.3300724 3.8249584 2.7422930 3.9852956 4.1793956 0.4990627 1.3123055 1.2381790 1.3238787 1.1195182 3.7523261 1.4426083 0.2259710 0.6904286 0.0000000 1.4592764 0.7521779 1.3591315 0.9791321 1.2314702 1.2443615 1.2050320 1.3265051 1.4430298 0.6857874 1.2590288 1.5596701 1.4975848 1.5138196 1.5450050 1.6572280 1.4549714 1.5028165 1.3780593 0.7059061 1.2827870 1.2695990 1.4439819 1.4648795 1.5158065 1.4713810 1.6979809 1.9600307 2.0342758 1.9598802 1.9598802 2.1352258 2.9736781 5.8267104 5.2189788 2.1286898 3.9959382 2.1520763 2.1147695 1.6338698 8.6895617 1.0699499 7.4394587 8.5977446 1.6680059 1.3222426 1.6822108 1.7415418 1.2366563 0.9339884 1.7544070 2.3750470 5.2918654 4.9269044 3.2436775 1.7449221 2.5427068 
Tcas_TC002501_001                                      1.3204645 0.4308817 0.6438705 1.3656854 1.3837017 1.3754740 1.7345831 0.3987151 1.4341128 1.3998469 1.8011505 0.2443249 0.5271533 0.4996395 0.5166928 1.2497088 0.9475965 1.3028933 1.0329246 0.4944173 1.1418682 0.8409755 1.3702969 1.4592764 0.0000000 0.4617542 0.8310406 1.0614666 1.0799782 1.0002639 0.9797552 0.9177706 1.5590105 0.7516769 1.4646380 1.5130144 1.4500765 1.4717968 1.5392491 1.4102415 1.3908213 1.3351423 1.3170445 0.8841466 1.7124916 1.3721965 1.5027221 1.3911132 1.4758783 1.4324513 2.1155935 2.5967114 1.8722909 2.6596101 2.7754115 2.1981397 0.8481322 1.8080983 1.7822095 1.9080412 1.0794204 2.0096788 2.0133279 1.4481838 1.6487308 1.3361636 1.8333415 2.8755339 2.3379441 1.5020916 2.2019707 2.0172154 2.1255945 1.7782486 1.6367798 1.4044854 1.8292469 2.3993985 1.6562183 2.4065449 2.6742047 
Dpul_mRNA20870                                         0.6667845 0.0000010 0.0000010 0.5185393 0.5191529 0.5241026 0.5187242 0.3715121 0.4150244 0.5193515 3.2810933 0.0000010 0.0000010 0.9614945 0.4965412 0.5341770 0.3354948 0.7327387 0.4104962 2.7222639 0.4054151 0.7595703 0.7518868 0.7521779 0.4617542 0.0000000 0.4080406 0.7190959 0.4085073 0.4258663 0.4258663 0.5296265 0.8273443 0.7863554 0.7292790 0.8132353 0.7723938 0.8049085 0.8049085 0.6752060 0.6214688 0.5701365 0.5486876 0.7583421 0.8068222 0.6213391 0.5895014 0.6337099 0.6520840 0.6439365 1.6292564 1.5918582 1.6326948 1.4767641 1.4767641 1.6202881 0.0000010 8.9999983 5.0956285 1.7548485 0.0000010 1.6882850 1.7141992 0.7543683 2.5370440 0.7186809 6.4560877 6.4560877 1.6054886 0.6980480 1.3811509 1.3811509 0.6443177 0.7300729 0.8039848 1.3301720 5.2088730 4.7332595 2.6012644 2.3170699 0.8604113 
Cscu_XM_023354124.1                                    1.3851544 0.5047039 0.7048822 1.2973973 1.2952817 1.3297173 1.6180752 0.3038202 1.3128897 1.3418313 1.8614381 0.3137497 0.5610860 0.5596579 0.3982991 1.2524872 0.9385718 1.4450135 0.9616251 0.6872910 1.1868998 0.9547992 1.4641645 1.3591315 0.8310406 0.4080406 0.0000000 0.7507511 0.9358208 0.8993060 0.8479151 0.9257851 1.6195789 0.6984043 1.6071629 1.5905003 1.6127246 1.6160586 1.6303359 1.4608416 1.5116335 1.4502420 1.3048310 0.7913879 1.7185920 1.3656163 1.5216317 1.4261541 1.4093286 1.4108300 2.0243031 2.3955844 1.9344876 2.4836954 2.6381107 2.0540355 1.0664120 1.8684857 1.8015833 1.9829443 1.0714861 1.9497714 1.9436060 1.5444348 1.8259313 1.4149429 1.7565981 2.6154118 1.9782592 1.4532815 2.4345310 2.1690743 2.0429741 1.7411007 1.5249399 1.2643420 1.6164996 2.1605716 1.5933234 2.5826710 2.3648260 
Lcom_lcpid245749                                       0.7482261 0.0000010 0.0000010 0.6677153 0.6640031 0.6444601 0.6257404 0.6800432 0.5485946 0.6277733 1.1791180 0.0000010 0.0000010 9.0000000 0.7117503 0.7206269 0.5445769 1.0958643 0.6016810 2.2025960 0.8851969 0.9149116 0.9438204 0.9791321 1.0614666 0.7190959 0.7507511 0.0000000 0.3188155 0.3804391 0.3804391 0.5649856 0.9941552 0.8392192 0.8729966 1.0489966 1.0176738 0.9700881 0.9700881 1.0509568 1.1141952 0.7312827 0.7702050 1.1865260 1.2185774 1.0165147 0.8460813 0.9205220 0.8267482 0.9449699 1.7990787 1.7990787 1.7053514 1.6676562 1.6676562 1.9180988 0.0000010 8.9999987 8.9999981 2.4494935 0.0000010 1.6645976 1.6090509 1.0516078 3.7615501 0.8609860 2.6198468 2.6198468 1.7320878 1.1294013 1.6607205 1.6607205 0.8126087 1.3999308 1.2992116 0.5163043 4.9745139 4.0287398 3.1269032 3.8378478 0.6227807 
Cgig_XM_020069046.2                                    1.3491555 0.3420521 0.5884160 1.1405573 1.1421417 1.1797737 1.3745629 0.3041568 1.2019464 1.1538608 1.7854439 0.2627542 0.4982319 0.4721664 0.3912627 1.1815235 1.0310640 1.3442566 0.9462116 0.8187397 1.2014636 0.8700103 1.4611654 1.2314702 1.0799782 0.4085073 0.9358208 0.3188155 0.0000000 0.5724010 0.5511079 0.7735060 1.5142922 0.5903389 1.4623323 1.4781912 1.4271189 1.4265792 1.4911935 1.4027831 1.3968578 1.2962847 1.2772167 0.7072177 1.4655312 1.3045666 1.4421225 1.4890565 1.3709483 1.3956279 1.8136385 2.3986444 1.6817152 2.3753258 2.4991508 1.9088946 0.7486264 1.7447995 1.6331406 1.8245919 0.9128696 1.6948423 1.6922616 1.3669202 1.5574435 1.3735987 1.5458496 2.4024967 1.9921730 1.4238504 2.0103153 1.9190886 2.0187603 1.8588678 1.5149688 1.3311680 1.5623384 2.1111949 1.5760232 1.9990605 1.9713820 
Acagra_model.g3041.t1                                  1.2485019 0.3814625 0.6738517 1.0946657 1.0928949 1.1140798 1.2922896 0.3190903 1.0925460 1.1250862 1.5810600 0.2649653 0.5778418 0.4905920 0.3907733 0.9927371 0.9266262 1.2682992 0.9037871 0.8118394 1.1025920 1.0184023 1.4329062 1.2443615 1.0002639 0.4258663 0.8993060 0.3804391 0.5724010 0.0000000 0.0000010 0.7872870 1.3676909 0.5580426 1.3190864 1.3406405 1.3104308 1.3028240 1.3658133 1.3264475 1.2227546 1.1614663 1.1332607 0.6341231 1.4623371 1.2235745 1.2958423 1.3293176 1.2643440 1.3443555 1.9301802 2.1693558 1.6747257 2.2808364 2.3879621 1.9209223 0.8766274 1.8370430 1.7653195 1.8779739 1.0380945 1.7853146 1.7892344 1.2479622 1.3552805 1.2792387 1.4494440 2.2076246 1.9208745 1.3489553 2.1649685 2.0657806 1.9818439 1.6889881 1.5216471 1.2736822 1.5525590 2.0630532 1.6228793 2.3624561 1.8823143 
Acagra_model.g3041.t1.1.5d3b8223                       1.1748933 0.3814625 0.6738517 1.0435750 1.0431096 1.0601895 1.2269107 0.3190903 1.0764273 1.0703390 1.5806295 0.2649653 0.5778418 0.4905920 0.3907733 0.9346356 0.8737329 1.2138846 0.8664199 0.8118394 1.0617867 1.0184023 1.3798754 1.2050320 0.9797552 0.4258663 0.8479151 0.3804391 0.5511079 0.0000010 0.0000000 0.7847504 1.3151743 0.5580426 1.2991221 1.2991295 1.2695694 1.2617524 1.3247189 1.3090160 1.1851724 1.1289135 1.1007946 0.6341231 1.4623371 1.2031735 1.2538849 1.2748836 1.2323154 1.2909901 1.9301802 2.1626812 1.6670762 2.2878837 2.3985947 1.8970819 0.8766274 1.8370430 1.7653195 1.8583174 1.0380945 1.7645616 1.7684970 1.2060250 1.3141615 1.2792387 1.4266003 2.1815062 1.9588697 1.3196391 2.0230326 1.9810131 1.8880689 1.6600416 1.4566978 1.2122362 1.5300763 2.0183033 1.5896520 2.3624561 1.7933269 
Ctel_gnl_WGS_AMQN_CAPTEDRAFT_mRNA175930                1.3452053 0.4228205 0.6860281 1.1535942 1.1277664 1.1495825 1.3943910 0.3830576 1.2376770 1.1930964 1.5917772 0.3065855 0.6021730 0.5612567 0.4883277 1.1342775 1.0389759 1.1847841 0.9423742 0.8276210 1.1048337 0.8002584 1.3133428 1.3265051 0.9177706 0.5296265 0.9257851 0.5649856 0.7735060 0.7872870 0.7847504 0.0000000 1.5009474 0.6570262 1.4635906 1.5164944 1.4421857 1.4717113 1.5543157 1.3170287 1.2918339 1.2392566 1.1708602 0.7426296 1.5238396 1.2739730 1.4157062 1.3726554 1.3641546 1.3915014 1.7372489 2.3648170 1.7374936 2.2855637 2.3694520 2.0192431 0.8836731 1.8663546 1.8725789 1.8685868 1.0868966 1.9151721 1.9231227 1.3044523 1.4254623 1.1958654 1.5310878 2.2842577 2.1798428 1.3336787 2.0250883 2.0225078 1.9354215 1.7274096 1.6465324 1.3997247 1.7505687 2.0099917 1.4646743 2.2256490 1.9089978 
TrH2_TrispH2_002730-RA                                 1.7124432 0.9598921 1.0924794 1.6858400 1.7203812 1.6763224 1.9454589 0.4231528 1.6826469 1.6966329 2.4724708 0.6051509 0.8155286 0.8403162 0.4522398 1.4267770 1.5235446 1.6379576 1.3259655 1.3649690 1.6495157 0.8330360 1.5809646 1.4430298 1.5590105 0.8273443 1.6195789 0.9941552 1.5142922 1.3676909 1.3151743 1.5009474 0.0000000 0.0000010 0.1650804 0.1995245 0.2087373 0.2195798 0.2218740 1.6902624 1.6961398 1.7010523 1.6057001 0.6958077 1.7415721 1.6129572 1.5571209 1.5278077 1.5423881 1.5410704 1.4155814 2.1956322 1.8712753 2.3719836 2.4005288 2.0900754 1.2055723 2.2787350 2.1532881 2.1661060 1.3958994 1.9223465 1.9506992 1.6028455 1.7287917 1.4914863 1.8197362 2.4858150 1.7300421 1.5614045 2.0958927 2.0959271 2.1365856 1.8145240 1.7848389 2.0661541 1.9915406 2.6078561 1.7050659 2.4338366 2.8153798 
Tadh_TriadT21593                                       0.6141606 0.0000010 0.0000010 0.5096216 0.5183000 0.5255742 0.5019622 0.4231528 0.4308119 0.5074455 5.1115043 0.0000010 0.0000010 0.9614945 0.4522398 0.5004285 0.5563297 0.6216519 0.5255382 2.8314170 0.7289799 0.6409240 0.7292545 0.6857874 0.7516769 0.7863554 0.6984043 0.8392192 0.5903389 0.5580426 0.5580426 0.6570262 0.0000010 0.0000000 0.0660795 0.0743945 0.0743088 0.0829876 0.0829876 0.7315196 0.7616201 0.6455824 0.6200117 0.6612012 0.6612012 0.6414386 0.6275448 0.6932828 0.6350899 0.6458093 1.2419197 1.2419197 1.2328223 1.2041068 1.2041068 1.4069802 0.0000010 8.9999986 5.2193782 1.5090874 0.0000010 1.4413743 1.4413743 0.6615331 0.0000010 0.6394515 6.0154576 6.0154576 1.2619125 0.7339163 1.1356852 1.1356852 0.6733321 0.7330839 0.7635032 1.4051548 6.5498479 5.2079333 5.0531794 2.0801386 0.6806717 
HoiH11_mRNA6703                                        1.6294009 0.9519237 1.1162748 1.6556225 1.6846933 1.6519657 1.7959450 0.3922363 1.6656915 1.6587565 2.6448865 0.5234608 0.7761394 0.7755938 0.4227709 1.3629972 1.5027764 1.5630585 1.3631894 1.3125775 1.6224741 0.8873184 1.6068231 1.2590288 1.4646380 0.7292790 1.6071629 0.8729966 1.4623323 1.3190864 1.2991221 1.4635906 0.1650804 0.0660795 0.0000000 0.1197004 0.1212445 0.1126636 0.1145987 1.5778509 1.6258505 1.5869481 1.5419058 0.7263119 1.7619203 1.4969455 1.5322794 1.5004203 1.4268482 1.4436057 1.3268276 2.1177597 1.8216240 2.3387147 2.2660336 1.8622629 1.1352885 2.4118272 2.1957680 2.2505452 1.1611386 1.8341921 1.8501525 1.5715223 1.7076981 1.5012157 1.7559946 2.3168553 1.5912148 1.5287117 1.8327369 1.9764106 2.0491466 1.7138842 1.7248079 1.9933167 2.0614748 2.6912492 1.6036463 2.4016704 2.8512156 
HoiH06_mRNA3754                                        1.7648472 0.8695851 1.0289463 1.7262340 1.7728319 1.7393300 2.0210934 0.4139374 1.7384921 1.7466550 2.5301982 0.5463255 0.7471958 0.7714394 0.4342234 1.4757101 1.4975558 1.6481927 1.3767217 1.3213428 1.6224521 0.8697928 1.6970463 1.5596701 1.5130144 0.8132353 1.5905003 1.0489966 1.4781912 1.3406405 1.2991295 1.5164944 0.1995245 0.0743945 0.1197004 0.0000000 0.0637312 0.0960236 0.0898801 1.6250309 1.6815324 1.6847126 1.5740600 0.7559247 1.8345207 1.6011871 1.5535545 1.5734615 1.4919175 1.5817730 1.4763359 2.1500790 1.8234246 2.3221752 2.3419356 2.0289449 1.1537211 2.2458814 2.0774807 2.2321472 1.2824511 1.9115283 1.9439767 1.6320807 1.7384627 1.6136610 1.8245063 2.5533898 1.7296293 1.5522373 2.0291689 2.0422334 2.2506403 1.7840670 1.7696401 2.0160404 2.0158199 2.6203321 1.7692219 2.4234011 2.8921456 
HoiH23_PlH23_005305-RA                                 1.7116199 0.7306609 0.9198089 1.6575316 1.7014346 1.6753945 1.9804686 0.4047018 1.6646789 1.6730516 2.3426076 0.3959630 0.6632829 0.6895864 0.4128991 1.3946019 1.4334126 1.5692561 1.3059344 1.2463616 1.5509807 0.8444141 1.6424577 1.4975848 1.4500765 0.7723938 1.6127246 1.0176738 1.4271189 1.3104308 1.2695694 1.4421857 0.2087373 0.0743088 0.1212445 0.0637312 0.0000000 0.0938983 0.1020213 1.6086876 1.6018412 1.6173133 1.5109401 0.7420232 1.8171343 1.4988487 1.4360045 1.4905160 1.4755942 1.5165784 1.3978455 2.1157543 1.7613063 2.3968606 2.4259848 2.0726809 0.9965393 2.0660574 1.9022465 2.1586388 1.3181392 1.8815246 1.9089729 1.5906255 1.7013429 1.5802964 1.7379958 2.5819590 1.6450753 1.5281186 1.9627751 2.0038067 2.2837521 1.8049207 1.7481066 1.9351075 1.9855854 2.5179323 1.7853688 2.4301232 2.8280832 
Hhon_g00464.t1                                         1.6891147 0.6894900 0.8976570 1.6312562 1.6681180 1.6471906 1.9028954 0.4317544 1.6422181 1.6492592 2.3541550 0.3961500 0.6779758 0.6449991 0.4315764 1.4242732 1.4444582 1.5923567 1.3464352 1.2947381 1.5982445 0.8693057 1.6653407 1.5138196 1.4717968 0.8049085 1.6160586 0.9700881 1.4265792 1.3028240 1.2617524 1.4717113 0.2195798 0.0829876 0.1126636 0.0960236 0.0938983 0.0000000 0.0191485 1.6257207 1.6550560 1.6003029 1.5445176 0.7483025 1.8305523 1.5404861 1.5553684 1.5309536 1.5107499 1.5105835 1.4312142 2.2060122 1.7557195 2.3808183 2.3846795 2.0401639 0.9810732 2.0454939 1.9009811 2.1005264 1.2950498 1.7973870 1.8352156 1.6301449 1.7685494 1.5463793 1.8314690 2.7808942 1.6825891 1.5675766 1.9448734 2.0226000 2.2982181 1.8159822 1.8138071 1.9373120 2.0501940 2.4745289 1.8024237 2.5872838 2.7506103 
HoiH04_mRNA14275                                       1.7752313 0.9016925 1.0775121 1.6961569 1.7379224 1.7208287 1.9501817 0.4317544 1.7269689 1.7246107 2.5268283 0.5988742 0.8355234 0.7909082 0.4315764 1.4820775 1.5045318 1.6496784 1.4063531 1.4164320 1.6723000 0.8693057 1.7210761 1.5450050 1.5392491 0.8049085 1.6303359 0.9700881 1.4911935 1.3658133 1.3247189 1.5543157 0.2218740 0.0829876 0.1145987 0.0898801 0.1020213 0.0191485 0.0000000 1.6928083 1.7156671 1.6735804 1.6151855 0.7483025 1.8362761 1.6022730 1.6247393 1.5997198 1.5786689 1.5767244 1.4312142 2.2060122 1.8654197 2.3808183 2.3846795 2.0477103 1.2166318 2.2689038 2.1099459 2.2286825 1.2950498 1.9027444 1.9431433 1.6987712 1.8939279 1.5850273 1.9631847 2.7603418 1.6825891 1.6570403 1.9448734 2.0226000 2.3456543 1.8265447 1.8349254 2.0578819 2.0993911 2.6095825 1.7943567 2.5872838 2.8289916 
Halamb_c50054_g1_i1mm.3338                             1.1765814 0.3406617 0.4740237 1.3661934 1.3910163 1.4662321 1.9034412 0.3669531 1.4872275 1.4433156 2.1548443 0.2390230 0.4550576 0.3550871 0.4969254 1.3964597 1.4079378 1.4082493 1.4066615 0.9251466 1.4981042 1.1297518 1.8449781 1.6572280 1.4102415 0.6752060 1.4608416 1.0509568 1.4027831 1.3264475 1.3090160 1.3170287 1.6902624 0.7315196 1.5778509 1.6250309 1.6086876 1.6257207 1.6928083 0.0000000 0.3525708 1.5687804 1.4798028 0.7978664 1.7115351 1.5117183 1.6395918 1.6278427 1.5673408 1.5117889 2.2209926 2.5642795 1.8628831 2.6023098 2.8209464 2.3020223 0.8069156 1.9815212 1.8267775 2.1248749 0.9792912 2.2279849 2.2349903 1.1996882 1.3589626 1.2071240 1.3169495 1.9136159 2.2311234 1.6164669 2.4915786 2.1767351 2.1350646 2.0085379 1.8586441 1.7883258 0.9332230 2.4272124 1.7729762 2.4592401 2.8572776 
Aque_Aqu2.1.43256_001                                  1.2575545 0.3564846 0.5438492 1.3562587 1.4185756 1.3919381 1.8394933 0.3910464 1.4516683 1.4208590 2.1379918 0.2873926 0.3913299 0.3963028 0.4973320 1.3807002 1.4395774 1.4039248 1.2915235 0.9474306 1.5254187 1.1530285 1.7032845 1.4549714 1.3908213 0.6214688 1.5116335 1.1141952 1.3968578 1.2227546 1.1851724 1.2918339 1.6961398 0.7616201 1.6258505 1.6815324 1.6018412 1.6550560 1.7156671 0.3525708 0.0000000 1.5640589 1.4544584 0.8003403 1.8245873 1.5103589 1.6705679 1.6468185 1.4999933 1.5357325 2.1211440 2.5776365 1.8978595 2.6617218 2.9056672 2.1554753 0.8547971 2.0258568 1.8277176 2.0305503 1.0316573 2.2195216 2.2068382 1.2324693 1.4154801 1.3050992 1.4023590 2.0365625 2.2156337 1.7299114 2.3864788 2.0984865 2.2543041 1.8771175 1.8667387 1.8529176 0.9383423 2.3384727 1.7053321 2.3371589 2.8601444 
Xesp_018562-T1                                         1.4731172 0.2958109 0.4778233 1.0422902 1.0468391 1.0124739 1.3082884 0.2244135 1.1069441 1.0285618 2.0993239 0.2927300 0.4831799 0.4671751 0.3162682 1.1194139 1.3634426 1.3580988 1.1997704 0.9833965 1.3792514 1.0639359 1.6439740 1.5028165 1.3351423 0.5701365 1.4502420 0.7312827 1.2962847 1.1614663 1.1289135 1.2392566 1.7010523 0.6455824 1.5869481 1.6847126 1.6173133 1.6003029 1.6735804 1.5687804 1.5640589 0.0000000 0.3561589 0.5987411 1.5967616 1.3046500 1.3723552 1.4161213 1.3335667 1.3652535 2.0610076 2.4158881 1.7012945 2.3472072 2.5035868 2.0512251 0.8014323 1.7183552 1.5659731 1.8843983 1.0489378 1.7960453 1.7842563 1.4851969 1.7716969 1.4726652 1.8244458 2.9958178 1.9610345 1.3187147 2.0773148 1.9631506 2.1843415 1.8597461 1.5884538 1.6736833 1.9446976 2.1275014 1.9847004 2.5625041 1.6850955 
Dgig_XM_028539664.1                                    1.4700217 0.2504056 0.5446965 1.0655665 1.0804164 1.0629756 1.3331166 0.1755179 1.1348902 1.0650139 2.0060989 0.2498817 0.4213318 0.4849006 0.2633825 1.0842637 1.2979658 1.4243468 1.1682892 0.9402259 1.4117573 0.9384977 1.5330728 1.3780593 1.3170445 0.5486876 1.3048310 0.7702050 1.2772167 1.1332607 1.1007946 1.1708602 1.6057001 0.6200117 1.5419058 1.5740600 1.5109401 1.5445176 1.6151855 1.4798028 1.4544584 0.3561589 0.0000000 0.5534198 1.5887413 1.2317735 1.3307691 1.3288622 1.2940216 1.3048626 2.0403490 2.4528650 1.7693645 2.3785728 2.5223426 2.0391163 0.7928485 1.8001425 1.7503720 1.9214232 1.0212653 1.8364062 1.8389482 1.4674398 1.6969862 1.4847568 1.6690430 2.5990174 1.9654035 1.3345645 2.0403758 1.9662729 2.1511577 1.8814193 1.4780533 1.6526428 1.8159051 1.9692237 1.7675004 2.6263119 1.7115591 
Opea_EP00118_Oscarella_pearsei_P026028                 0.6200973 0.0000010 0.0000010 0.4427440 0.4794042 0.4342652 0.4188153 0.2277503 0.4505428 0.4523356 4.0130628 0.0000010 0.0000010 0.9614945 0.3984231 0.4378348 0.6709270 0.3887935 0.7031678 3.7081379 0.8234313 0.7536489 0.6879274 0.7059061 0.8841466 0.7583421 0.7913879 1.1865260 0.7072177 0.6341231 0.6341231 0.7426296 0.6958077 0.6612012 0.7263119 0.7559247 0.7420232 0.7483025 0.7483025 0.7978664 0.8003403 0.5987411 0.5534198 0.0000000 0.0000010 0.5351814 0.5934109 0.6558474 0.6368366 0.6403137 1.5457510 1.5457510 1.5163258 1.3540310 1.3540310 1.5346152 0.0000010 4.9769774 5.7298310 1.5699124 0.0000010 1.6008384 1.6008384 0.7347467 0.0000010 0.7204209 8.4741220 8.4741220 1.4246830 0.7260697 1.3321385 1.3321385 0.5894265 0.8243976 0.8008871 1.8757899 5.7196100 5.3097216 4.6099438 1.3386569 0.9834341 
Ocar_g2730                                             1.5801987 1.2947518 1.7994206 1.5766538 1.6217276 1.5830453 1.5915359 0.2277503 1.7936167 1.5771263 0.6860141 0.0000010 1.3633373 0.8243301 0.3984231 1.4283501 1.5100817 1.0847582 1.5295759 1.4850995 1.7199240 1.0226392 1.7822246 1.2827870 1.7124916 0.8068222 1.7185920 1.2185774 1.4655312 1.4623371 1.4623371 1.5238396 1.7415721 0.6612012 1.7619203 1.8345207 1.8171343 1.8305523 1.8362761 1.7115351 1.8245873 1.5967616 1.5887413 0.0000010 0.0000000 1.6628226 1.8428702 1.9114937 1.9203888 1.7908100 1.8655679 2.5323694 2.2709417 2.4545397 2.5339900 2.5340484 1.7479868 3.2985990 3.3949702 2.7587952 1.7658868 2.4194201 2.4317551 1.7953992 2.0673134 1.4409302 2.5874746 2.6503665 1.9876947 1.7941471 2.1251523 2.2740599 2.0529104 1.6136508 2.2948704 2.1159287 2.5841008 3.4882897 2.3460956 2.4738254 2.6125487 
Morvir_scaffold604.g11.t2                              1.5258682 0.4694114 0.7072533 1.3166780 1.3363307 1.2706143 1.5042397 0.1955817 1.2561629 1.2693740 1.7710495 0.2645470 0.5222481 0.4801571 0.2819540 1.2334349 1.1829562 1.2664663 1.3242686 0.9841758 1.3107031 0.8427151 1.5936353 1.2695990 1.3721965 0.6213391 1.3656163 1.0165147 1.3045666 1.2235745 1.2031735 1.2739730 1.6129572 0.6414386 1.4969455 1.6011871 1.4988487 1.5404861 1.6022730 1.5117183 1.5103589 1.3046500 1.2317735 0.5351814 1.6628226 0.0000000 0.8297831 0.7786566 0.7580362 0.8278860 1.7086974 2.1716045 1.7410176 2.3614944 2.3902340 2.0408598 0.9018554 1.8342696 1.7608363 1.8778212 0.9981672 1.9285619 1.9523639 1.4980903 1.6485373 1.1981286 1.8599582 2.8437478 1.8450129 1.1203469 1.9738307 2.0359614 2.2178431 1.6189968 1.1480569 1.6173158 1.8841161 2.3815933 1.7576649 2.4293787 2.0513121 
