106
Cscu_XM_023360367.1                                0.0000000 0.1835435 0.2636513 0.3983363 0.4499887 0.3055570 0.2976374 0.3465662 0.3297654 0.4107753 0.3300097 0.3616377 0.3122629 0.4135943 0.7565429 0.4923997 0.5550685 0.6194102 0.5764847 0.5465862 0.5312776 0.6107252 0.5671398 0.5851933 0.5927706 0.5984181 0.6026631 0.5304490 0.5915256 0.5395348 0.5507616 0.5571118 0.5642680 0.5622011 0.6057210 0.5874570 0.6325160 0.5949414 0.5533230 0.8025483 0.6985627 0.6750529 0.8067508 0.7742417 0.7742417 0.7854656 0.7755659 0.7628364 0.7118968 0.8172386 0.7473234 0.6884564 0.6175945 0.6440514 0.6278417 0.6323766 0.5760680 0.5841309 0.7104883 0.6219804 0.8019132 0.6963719 0.6492279 0.6147640 0.6799233 0.6275682 0.6771834 0.6567908 0.6852329 0.8177261 0.7053265 0.7053265 0.7289784 0.7289784 0.7287703 0.7287703 0.7198966 0.7198966 0.7274482 0.6736791 0.7138856 0.7081618 0.6793401 0.7022842 0.9359738 1.0149612 0.7318690 0.7510065 0.7510065 0.8713674 0.6299892 0.9644481 0.8326659 0.6747519 0.9377403 0.8885240 1.1182118 1.0987343 1.0925730 1.1246625 0.6450623 0.9821583 0.9752707 0.9975553 1.9694550 0.8432080 
Cscu_XM_023356869.1                                0.1835435 0.0000000 0.2201422 0.4464538 0.4637721 0.2991211 0.3508795 0.3489292 0.3207981 0.4424035 0.3140150 0.3792877 0.3464538 0.3346882 0.7821966 0.5150575 0.5944019 0.6533685 0.6188979 0.5737606 0.5667726 0.6601990 0.6031769 0.6147526 0.6292301 0.6372036 0.6360818 0.5560829 0.6349021 0.5778518 0.5866105 0.5961906 0.6101635 0.6079605 0.6459936 0.6031740 0.6661709 0.6285407 0.5858024 0.7804258 0.7297675 0.7039794 0.8270055 0.8104935 0.8104935 0.8057104 0.7957058 0.7827894 0.7248940 0.8543823 0.7421792 0.7318808 0.6577296 0.6686211 0.6289216 0.6630039 0.5852370 0.5770801 0.7200354 0.6165241 0.8225851 0.7258041 0.6921722 0.6609068 0.7037199 0.6445820 0.7275291 0.7023906 0.7016577 0.8916659 0.7534259 0.7534259 0.7991368 0.7991368 0.7957834 0.7957834 0.7865584 0.7865584 0.7943245 0.7280800 0.7454202 0.7403133 0.7288326 0.7529591 1.0786033 1.0905910 0.7704784 0.8090236 0.8090236 0.8668169 0.6604606 0.8725377 0.8458485 0.7197485 0.9453459 0.9044248 1.0875322 1.0969057 1.1221422 1.1452235 0.6985684 0.9562482 0.9485745 1.1526014 1.9859995 0.8506015 
Cscu_XM_023360371.1                                0.2636513 0.2201422 0.0000000 0.4773382 0.4724151 0.3442544 0.3484265 0.3615062 0.3851221 0.4801079 0.3713559 0.4184728 0.3275354 0.3053193 0.8069885 0.5501163 0.6018167 0.6755802 0.6442581 0.5913119 0.5784795 0.6915602 0.6145354 0.6347774 0.6442918 0.6511581 0.6498906 0.5628393 0.6456204 0.5987755 0.6072489 0.6180309 0.6324611 0.6301348 0.6912936 0.6348480 0.6510276 0.6209375 0.5977310 0.7947922 0.7480792 0.7177245 0.8673683 0.8504991 0.8504991 0.8454127 0.8348855 0.8211934 0.7916646 0.9029637 0.8597495 0.7935756 0.6788645 0.6817076 0.6430280 0.6826556 0.6169339 0.6254182 0.8196924 0.6203837 0.8188824 0.7401392 0.6943539 0.6719589 0.7268555 0.6485796 0.7224649 0.7235407 0.7177682 0.8673474 0.7546204 0.7546204 0.7970380 0.7970380 0.7936051 0.7936051 0.7902952 0.7902952 0.7982493 0.7582039 0.7552170 0.7501911 0.7212974 0.7552580 0.8633410 1.0768695 0.7772385 0.7822806 0.7822806 0.8574583 0.6691417 0.9542442 0.8363780 0.7099705 0.9943420 0.8910717 1.1228862 1.1651101 1.1697492 1.1919780 0.7846264 1.0688691 0.8937810 1.0302180 1.9132780 0.9535441 
Cscu_XM_023382404.1                                0.3983363 0.4464538 0.4773382 0.0000000 0.1798157 0.3013587 0.4134853 0.4433922 0.3933681 0.4916477 0.4462151 0.4780918 0.3530528 0.4924949 0.7347563 0.5136434 0.5231340 0.5784321 0.5212755 0.5200238 0.5162767 0.6090009 0.5435219 0.5616300 0.5484763 0.5584028 0.5670497 0.5001553 0.5591987 0.5057757 0.5231539 0.5219546 0.5412887 0.5393129 0.6157893 0.5540151 0.5750642 0.5503598 0.5278247 0.6408005 0.6781872 0.6102180 0.7766474 0.7389158 0.7389158 0.7493550 0.7395992 0.7234102 0.6553318 0.7842879 0.6339358 0.6626514 0.5499243 0.6044510 0.5771286 0.6159933 0.5699070 0.5777587 0.7636620 0.6406724 0.8066501 0.6265931 0.6546248 0.5837318 0.6381912 0.6134141 0.6767059 0.6262630 0.6479186 0.5922729 0.6508082 0.6508082 0.7213986 0.7213986 0.7074604 0.7074604 0.6987909 0.6987909 0.7061959 0.7113792 0.6524394 0.6376939 0.6313068 0.6680706 0.8809336 0.9503693 0.7703195 0.6879310 0.6879310 0.7979424 0.6067604 0.8359763 0.7769118 0.6763717 0.8997004 0.8151874 1.0746840 1.1101343 1.1483804 1.1453041 0.6957130 0.9277078 0.9474858 1.1372589 1.9587275 0.8220845 
Cscu_XM_023357653.1                                0.4499887 0.4637721 0.4724151 0.1798157 0.0000000 0.2947938 0.3593072 0.4071947 0.3416015 0.3951278 0.4983894 0.4073877 0.3768684 0.4505600 0.7464391 0.4231536 0.4927113 0.5385230 0.4973499 0.4858712 0.4728681 0.5786122 0.5044532 0.5182902 0.5450556 0.5444889 0.5521230 0.4629436 0.5271188 0.4762728 0.4889293 0.4887941 0.5072129 0.4970897 0.5797634 0.5238245 0.5452229 0.4989068 0.5128949 0.6520321 0.6721167 0.6477078 0.7195082 0.6903138 0.6903138 0.6929698 0.6827847 0.6731651 0.6006240 0.7384173 0.6257523 0.7412611 0.5277233 0.5784756 0.5607117 0.5738873 0.5321216 0.5405095 0.7646760 0.6718720 0.7639688 0.5996970 0.6111526 0.5846758 0.5991420 0.5680205 0.6217892 0.6062705 0.6171427 0.6048523 0.6162728 0.6162728 0.6526929 0.6526929 0.6586053 0.6586053 0.6596033 0.6596033 0.6659025 0.5145511 0.6014735 0.5774325 0.5728702 0.6115570 0.7878479 0.8757205 0.6297409 0.6802774 0.6802774 0.7551021 0.5847505 0.8207743 0.7292385 0.6768097 0.8434898 0.7616760 1.0394600 1.0226761 1.0262076 1.0297267 0.5240296 0.9224035 0.9794356 1.0487712 1.9642822 0.7882627 
Cscu_XM_023387436.1                                0.3055570 0.2991211 0.3442544 0.3013587 0.2947938 0.0000000 0.2773443 0.3051275 0.2745753 0.2990502 0.2883156 0.3184341 0.3057905 0.3437486 0.7022016 0.4131040 0.4460422 0.4895901 0.4673927 0.4284246 0.4274661 0.5157559 0.4646098 0.4813788 0.4905522 0.4994665 0.5023839 0.4395035 0.4543513 0.4474237 0.4581420 0.4602731 0.4734141 0.4716272 0.5059796 0.4686959 0.4832998 0.4449069 0.4710167 0.5887363 0.6298921 0.5746397 0.6926092 0.6762964 0.6762964 0.6752399 0.6657228 0.6567312 0.6026880 0.7044842 0.5935207 0.6722093 0.4724255 0.5407775 0.4958607 0.5345389 0.4804555 0.4880691 0.6340201 0.5775089 0.7201644 0.5580041 0.5596003 0.5238806 0.5462085 0.5287524 0.5487121 0.5639232 0.5570854 0.5532790 0.5851211 0.5851211 0.6686869 0.6686869 0.6727804 0.6727804 0.6640512 0.6640512 0.6702184 0.5143831 0.5698084 0.5478402 0.5186321 0.5850848 0.7196634 0.8271948 0.6085884 0.6313626 0.6313626 0.7458686 0.5290153 0.8435447 0.6013074 0.5813838 0.8180072 0.7509981 0.9776965 0.9951998 1.0114169 1.0093113 0.4980599 0.9111780 0.8906795 0.8719522 1.9136264 0.8102941 
Cscu_XM_023356873.1                                0.2976374 0.3508795 0.3484265 0.4134853 0.3593072 0.2773443 0.0000000 0.2111896 0.2022466 0.2966020 0.3114994 0.3157383 0.3638613 0.3706272 0.7196026 0.4337406 0.5098896 0.5795110 0.5504489 0.5222658 0.5124147 0.6160717 0.5403233 0.5577638 0.5567190 0.5525846 0.5557974 0.4941717 0.5674874 0.5090502 0.5283246 0.5195840 0.5314019 0.5294453 0.6167630 0.5520623 0.5683709 0.5642399 0.5281118 0.7049788 0.6904174 0.6064034 0.7904531 0.7796221 0.7796221 0.7667531 0.7569196 0.7477356 0.6192188 0.8087233 0.6771477 0.6281938 0.5568447 0.6277475 0.5764698 0.6265510 0.5569566 0.5648211 0.6825211 0.5738013 0.7367037 0.6492733 0.6374324 0.6181416 0.6445651 0.6052060 0.6750433 0.6575616 0.6701008 0.7164292 0.7198647 0.7198647 0.6738667 0.6738667 0.6879896 0.6879896 0.6794055 0.6794055 0.6741805 0.6117487 0.6673339 0.6607447 0.6573631 0.6917404 0.9799729 1.0156439 0.6390049 0.7007680 0.7007680 0.8365902 0.5624488 0.7504882 0.7152817 0.6568667 0.8559010 0.8301829 1.0667644 1.0524347 1.0648535 1.0803477 0.6243642 0.8902541 0.8555819 1.1355192 1.9561633 0.8018062 
Cscu_XM_023360370.1                                0.3465662 0.3489292 0.3615062 0.4433922 0.4071947 0.3051275 0.2111896 0.0000000 0.2101922 0.3156677 0.2761677 0.3340359 0.4071526 0.2943836 0.7813275 0.4762586 0.5669987 0.6081788 0.5874005 0.5533583 0.5517510 0.6643092 0.5869203 0.6082154 0.6094960 0.6142578 0.6133118 0.5319755 0.6013001 0.5575872 0.5656697 0.5689135 0.5897397 0.5875739 0.6602837 0.5999454 0.6183581 0.6089074 0.5735486 0.7163525 0.6973124 0.6096688 0.8017155 0.7769924 0.7769924 0.7884239 0.7783342 0.7653589 0.6295082 0.8161347 0.7087593 0.6245862 0.6252098 0.6305464 0.6110422 0.6403308 0.5804377 0.5885362 0.7296116 0.6014876 0.7955199 0.6672002 0.6813615 0.6294073 0.6895932 0.6419248 0.6839311 0.7112274 0.7079268 0.7811680 0.7272092 0.7272092 0.7136653 0.7136653 0.7103074 0.7103074 0.7015016 0.7015016 0.7077394 0.6317664 0.7558865 0.7509354 0.7166846 0.7550115 1.2248820 1.0974633 0.7132690 0.7866916 0.7866916 0.8675665 0.6395897 0.9203522 0.7796695 0.7019160 0.9675378 0.9235475 1.1893971 1.0978513 1.1038705 1.1169775 0.6065876 0.9428850 0.9628658 1.3619913 2.1695344 0.8891964 
Cscu_XM_023356867.1                                0.3297654 0.3207981 0.3851221 0.3933681 0.3416015 0.2745753 0.2022466 0.2101922 0.0000000 0.2230077 0.3083983 0.2932399 0.4105527 0.3641529 0.7704784 0.5152008 0.5722131 0.6170538 0.5835827 0.5406524 0.5376017 0.6340813 0.5765048 0.5929250 0.5955619 0.6167264 0.6042026 0.5287005 0.5855729 0.5302824 0.5552946 0.5478230 0.5594220 0.5573482 0.6418972 0.5811098 0.6171751 0.5904218 0.5729436 0.7031620 0.6906380 0.6084753 0.8221633 0.7973756 0.7973756 0.8089163 0.7986803 0.7854595 0.7007167 0.8278698 0.6998953 0.6882651 0.5990297 0.6534958 0.6233999 0.6708979 0.5772471 0.5852644 0.7124627 0.5839739 0.7658065 0.6949868 0.6998285 0.6512962 0.6791382 0.6515664 0.6909468 0.6924816 0.6976310 0.6521518 0.7595577 0.7595577 0.7197754 0.7197754 0.7164223 0.7164223 0.7075911 0.7075911 0.7138492 0.7308347 0.7154379 0.7108291 0.6999476 0.7120470 0.8416399 1.0255337 0.7610141 0.7603460 0.7603460 0.8514385 0.6320694 0.8659533 0.7825791 0.7266787 0.9506261 0.9137065 1.1040934 1.1215635 1.1307237 1.1410274 0.7381302 0.9659132 0.8135291 1.0992595 2.1397547 0.9444899 
Cscu_XM_023356866.1                                0.4107753 0.4424035 0.4801079 0.4916477 0.3951278 0.2990502 0.2966020 0.3156677 0.2230077 0.0000000 0.3681861 0.3601897 0.4383444 0.4449459 0.8447744 0.6103302 0.6376594 0.6847095 0.6509887 0.6165732 0.5910139 0.7126827 0.6183076 0.6397921 0.6386091 0.6516120 0.6555384 0.5971629 0.6450145 0.5862969 0.6071241 0.5973943 0.6220888 0.6136940 0.7009325 0.6636139 0.6601503 0.6367730 0.6221268 0.7741489 0.7136598 0.6462745 0.9109627 0.8977325 0.8977325 0.8904254 0.8794663 0.8677275 0.8324004 0.9128703 0.7646011 0.7451591 0.6413982 0.7161172 0.6737514 0.6999514 0.6376599 0.6461854 0.8677921 0.6135837 0.7991761 0.7399170 0.7624256 0.7098164 0.7508041 0.6911622 0.7508458 0.7079156 0.7482238 0.6023518 0.8277644 0.8277644 0.8166769 0.8296065 0.8373854 0.8373854 0.8275993 0.8275993 0.8345242 0.8194555 0.7203518 0.7146091 0.6949029 0.7451049 0.7950032 1.0057587 0.8705325 0.7912669 0.7912669 0.9198389 0.6809269 0.8489323 0.8481957 0.7968006 0.9990457 0.9701001 1.0162394 1.1825329 1.2069025 1.1932468 0.8136510 1.1484512 0.8247366 0.9654024 2.1184113 1.0371183 
Cscu_XM_023356872.1                                0.3300097 0.3140150 0.3713559 0.4462151 0.4983894 0.2883156 0.3114994 0.2761677 0.3083983 0.3681861 0.0000000 0.3900938 0.4561918 0.3082998 0.7734316 0.5054074 0.6101270 0.6664264 0.6292617 0.6046359 0.5933569 0.7043964 0.6246686 0.6436547 0.6514884 0.6469516 0.6510326 0.5981099 0.6319620 0.5991926 0.6108447 0.6213811 0.6237804 0.6215420 0.6651944 0.6367456 0.6645997 0.6290392 0.5977819 0.7566554 0.7383334 0.6463175 0.8422981 0.8041204 0.8041204 0.8195493 0.8093550 0.7946274 0.6002709 0.8335660 0.6556225 0.6000854 0.6886624 0.7128460 0.6737795 0.7035098 0.6050165 0.6130713 0.6689663 0.6313111 0.8101257 0.7268267 0.7356560 0.6827267 0.7202352 0.7047750 0.7367404 0.7565301 0.7008633 0.9235796 0.7814693 0.7814693 0.8099338 0.8099338 0.7979163 0.7979163 0.7886606 0.7886606 0.7952212 0.7091347 0.7532172 0.7482782 0.7297206 0.7752713 1.4156765 1.1309081 0.6935942 0.8350292 0.8350292 0.8827315 0.6973202 0.9380658 0.7981356 0.7620354 0.9852747 0.9350063 1.1638921 1.1999629 1.2166003 1.2282788 0.6292056 0.8370230 0.9149537 1.4768618 2.1556686 0.7853648 
Cscu_XM_023360372.1                                0.3616377 0.3792877 0.4184728 0.4780918 0.4073877 0.3184341 0.3157383 0.3340359 0.2932399 0.3601897 0.3900938 0.0000000 0.3671079 0.4007048 0.8359431 0.5510492 0.6144923 0.6622767 0.6339595 0.6080775 0.5981868 0.7157899 0.6135553 0.6289426 0.6470877 0.6522987 0.6552604 0.5871332 0.6644028 0.5834829 0.6003010 0.6092756 0.6258951 0.6235578 0.6815273 0.6484412 0.6709795 0.6344984 0.6059292 0.8378195 0.7714528 0.6989817 0.8605071 0.8342043 0.8342043 0.8299746 0.8193371 0.8253913 0.7460197 0.8907448 0.7782527 0.7642989 0.6169644 0.6804324 0.6497874 0.7056546 0.6309755 0.6396270 0.7699592 0.6718080 0.8847405 0.7580020 0.7254032 0.7195373 0.7203911 0.6928899 0.7326771 0.6913328 0.7629273 0.6417601 0.8207344 0.8207344 0.7891240 0.7891240 0.7856897 0.7856897 0.7762895 0.7762895 0.7829546 0.7145588 0.7454168 0.7396097 0.6992826 0.7714807 0.8815027 1.0874505 0.7370098 0.7855305 0.7855305 0.9180108 0.6952280 0.9599158 0.8465452 0.7734510 1.0497754 0.9647347 1.2399708 1.2482190 1.2536024 1.2777134 0.7156453 1.0733591 0.9972320 1.1198712 2.2346377 0.9452149 
Cscu_XM_023360446.1                                0.3122629 0.3464538 0.3275354 0.3530528 0.3768684 0.3057905 0.3638613 0.4071526 0.4105527 0.4383444 0.4561918 0.3671079 0.0000000 0.3301554 0.6756864 0.3589980 0.4241909 0.4679346 0.4357881 0.4228868 0.4047305 0.4918474 0.4392288 0.4552916 0.4410980 0.4741547 0.4605259 0.4120857 0.4366399 0.3963691 0.4072155 0.4026051 0.4220574 0.4204341 0.4864056 0.4286246 0.4650879 0.4177175 0.4454959 0.6613158 0.6541363 0.6020059 0.6631742 0.6540109 0.6540109 0.6471741 0.6377371 0.6288194 0.5432296 0.6824479 0.6842737 0.6549321 0.4825661 0.5088947 0.4956046 0.5216187 0.4331634 0.4405345 0.5909450 0.5383019 0.6150238 0.5332928 0.5572046 0.4863033 0.5045269 0.4799563 0.5238038 0.5026902 0.5311090 0.6579976 0.5357799 0.5357799 0.5924146 0.5924146 0.5950539 0.5950539 0.5998159 0.5998159 0.6056915 0.3910401 0.5330947 0.5248130 0.5170205 0.5546014 0.7967714 0.7468163 0.4538630 0.5999313 0.5999313 0.6930240 0.4672433 0.8442210 0.6408236 0.4300811 0.7766197 0.7306097 0.9517268 0.8860941 0.8952249 0.8987211 0.3560404 0.8076806 0.8785177 0.9400755 1.7751811 0.5426338 
Cscu_XM_023360369.1                                0.4135943 0.3346882 0.3053193 0.4924949 0.4505600 0.3437486 0.3706272 0.2943836 0.3641529 0.4449459 0.3082998 0.4007048 0.3301554 0.0000000 0.9272705 0.6483989 0.6453620 0.5462513 0.5706913 0.7178067 0.6941423 0.7745880 0.6437544 0.6534295 0.7846088 0.7269802 0.7329334 0.6709404 0.7093990 0.6819018 0.7050031 0.7031399 0.6738440 0.6793013 0.7201561 0.6792635 0.7111165 0.6610592 0.7048254 0.7352622 0.5960908 0.5960908 0.7997898 0.8383560 0.8383560 0.8184665 0.8251670 0.8222317 0.7471544 0.8406493 0.6825850 0.5155678 0.7291142 0.7428107 0.7661952 0.5867712 0.7354622 0.7228009 0.8360735 0.5658921 0.8138922 0.6653416 0.7358668 0.8414865 0.8096100 0.8290540 0.7759743 0.8315125 0.9029252 0.6890577 0.9111633 0.9111633 0.7820757 0.9119834 0.9131877 0.9131877 0.9116662 0.9116662 0.9116662 0.8825427 0.8544547 0.8544547 0.8169585 0.8436111 8.9999982 1.4673595 0.8539738 0.8396736 0.8284438 0.8279284 0.8108660 0.7675046 0.8869908 0.9495282 1.1617369 0.9363350 1.0124743 1.2521274 1.2655206 1.2832897 0.9062864 1.0893503 0.7788605 2.8157335 2.2200964 1.0876615 
Spur_XM_778452.5                                   0.7565429 0.7821966 0.8069885 0.7347563 0.7464391 0.7022016 0.7196026 0.7813275 0.7704784 0.8447744 0.7734316 0.8359431 0.6756864 0.9272705 0.0000000 0.4278683 0.3638759 0.3476746 0.3140420 0.3850213 0.4074485 0.5137813 0.3701469 0.3901009 0.4669329 0.4655915 0.4264354 0.4117693 0.4270014 0.4843039 0.4980925 0.4951312 0.4820339 0.4777590 0.5323738 0.4841399 0.5188323 0.4432996 0.4229349 0.3521820 0.3662356 0.3477710 0.5907266 0.5811210 0.5811210 0.5561930 0.5593232 0.5509915 0.5437210 0.6130699 0.4217187 0.3878959 0.3738502 0.4725255 0.4901021 0.3878746 0.5070928 0.5078391 0.7972547 0.4270463 0.4991041 0.3836554 0.4042788 0.5543695 0.5471729 0.4730827 0.5183478 0.5081135 0.4922217 0.4821078 0.4992074 0.4992074 0.5567098 0.6444379 0.6441465 0.6441465 0.6363699 0.6363699 0.6424476 0.6593272 0.5433766 0.5123996 0.5217344 0.5264135 0.6588618 0.8619357 0.7278791 0.5225556 0.5616426 0.4557743 0.4394626 0.4580128 0.5776126 0.5795056 0.8314657 0.6309012 0.8322230 0.9561400 0.8850709 0.9718432 0.6600515 0.7129428 0.8616274 0.8610717 1.5619368 0.6737843 
Acagra_model.g985.t1                               0.4923997 0.5150575 0.5501163 0.5136434 0.4231536 0.4131040 0.4337406 0.4762586 0.5152008 0.6103302 0.5054074 0.5510492 0.3589980 0.6483989 0.4278683 0.0000000 0.1572628 0.1118316 0.1282228 0.2010822 0.1808884 0.2796755 0.2236720 0.2261086 0.3209415 0.2986622 0.3072429 0.2554787 0.2382493 0.3236366 0.3131743 0.3172347 0.3122733 0.3063402 0.2977692 0.2947546 0.3213896 0.2568101 0.2479374 0.2010339 0.1632338 0.1632338 0.3917642 0.4023326 0.4023326 0.3845879 0.3743010 0.3757169 0.4189825 0.4189825 0.3421067 0.1632338 0.2447147 0.2792322 0.2813373 0.1901001 0.2722265 0.2712320 0.3244989 0.2293969 0.4072229 0.2218915 0.2060824 0.2579096 0.3764234 0.3490834 0.3568947 0.3058629 0.3851042 0.1743358 0.3640195 0.3640195 0.3375107 0.4263290 0.4283045 0.4283045 0.4283045 0.4283045 0.4283045 0.4022349 0.3785064 0.3785064 0.4102853 0.4001150 0.0000010 0.8455202 0.4168341 0.3664764 0.3788323 0.3323378 0.3170395 0.3809997 0.3966425 0.3907855 0.5335022 0.4498743 0.3987656 0.6363223 0.5999333 0.6678914 0.4757052 0.5833047 0.6794851 2.9707330 1.4307949 0.5945632 
Cscu_XM_023365602.1                                0.5550685 0.5944019 0.6018167 0.5231340 0.4927113 0.4460422 0.5098896 0.5669987 0.5722131 0.6376594 0.6101270 0.6144923 0.4241909 0.6453620 0.3638759 0.1572628 0.0000000 0.1726115 0.1500863 0.1446718 0.1455418 0.2422555 0.1740154 0.1820190 0.2070085 0.2127751 0.2147512 0.1674903 0.1880777 0.2068797 0.2059747 0.2191287 0.2223003 0.2082834 0.2679881 0.2464600 0.2347885 0.1626568 0.2002418 0.2267111 0.2488003 0.2234917 0.3553964 0.3468161 0.3468161 0.3385409 0.3319926 0.3312231 0.2939360 0.3851624 0.2704163 0.2573060 0.2154861 0.1951196 0.2641786 0.2255039 0.2322690 0.2402639 0.3631589 0.2761317 0.3736412 0.2527856 0.2553242 0.1883422 0.2953325 0.2750502 0.3128491 0.2545234 0.2872900 0.3259805 0.2793080 0.2793080 0.3464241 0.3755723 0.3831540 0.3831540 0.3786903 0.3786903 0.3731932 0.2817974 0.2947015 0.2759467 0.2829724 0.3067508 0.5554623 0.5689538 0.3219558 0.3383874 0.3364232 0.3720233 0.2245257 0.3973405 0.3794038 0.2726294 0.5286677 0.5012913 0.6768484 0.6641231 0.6420498 0.6705440 0.3759555 0.5862867 0.7078182 0.6223833 1.3211747 0.3810036 
Acagra_model.g31343.t1                             0.6194102 0.6533685 0.6755802 0.5784321 0.5385230 0.4895901 0.5795110 0.6081788 0.6170538 0.6847095 0.6664264 0.6622767 0.4679346 0.5462513 0.3476746 0.1118316 0.1726115 0.0000000 0.0886472 0.1382062 0.1504338 0.2764201 0.1461912 0.1539647 0.2038552 0.2090045 0.1875492 0.1526834 0.1838865 0.2215884 0.2280082 0.2244381 0.2159141 0.2168343 0.2504670 0.2355936 0.2186718 0.2020350 0.1971201 0.1735258 0.2085674 0.1756220 0.3144374 0.2969863 0.2969863 0.2879046 0.2811920 0.2962580 0.2662396 0.3426546 0.2124586 0.2121180 0.1654969 0.1985222 0.2564222 0.2273114 0.2350177 0.2409744 0.3918156 0.2650590 0.3670682 0.1969194 0.2556530 0.1949394 0.2806044 0.2804128 0.3039998 0.2546373 0.2855340 0.2485094 0.2362247 0.2362247 0.3373366 0.3559252 0.3549216 0.3549216 0.3426767 0.3426767 0.3483352 0.2259007 0.2765565 0.2539745 0.2730117 0.2963566 0.5224773 0.5392336 0.2530401 0.3350972 0.3394206 0.3904197 0.2420126 0.4285814 0.3341419 0.3096303 0.5416228 0.4704162 0.7829077 0.6707630 0.6827056 0.7072919 0.1810877 0.5681851 0.7754242 0.6497406 1.4363761 0.3270031 
Cgig_XM_011458928.3                                0.5764847 0.6188979 0.6442581 0.5212755 0.4973499 0.4673927 0.5504489 0.5874005 0.5835827 0.6509887 0.6292617 0.6339595 0.4357881 0.5706913 0.3140420 0.1282228 0.1500863 0.0886472 0.0000000 0.1179401 0.1322212 0.2446562 0.1272139 0.1234872 0.1903954 0.1973615 0.1906375 0.1474654 0.1670082 0.1974497 0.1932499 0.2052603 0.2020645 0.1968869 0.2313451 0.2211927 0.2277985 0.1988554 0.1861405 0.1870286 0.2063289 0.1870734 0.3026343 0.2795405 0.2795405 0.2778933 0.2713142 0.2634156 0.2707404 0.3213796 0.2358298 0.2369713 0.1595936 0.2028610 0.2542831 0.2235872 0.2251883 0.2310931 0.3836618 0.2800670 0.3720280 0.1817513 0.2206808 0.1830222 0.2649969 0.2417381 0.2691164 0.2354240 0.2703831 0.2062865 0.2429615 0.2429615 0.3377419 0.3542432 0.3567747 0.3567747 0.3507047 0.3507047 0.3562834 0.2041925 0.2629651 0.2442713 0.2642414 0.2821037 0.4461373 0.4982881 0.2904057 0.2952767 0.2996726 0.3656464 0.2249110 0.4231029 0.3374761 0.2893012 0.5389489 0.4841413 0.6914841 0.6228969 0.6318322 0.6534899 0.1947515 0.5332186 0.6782000 0.5737678 1.3083769 0.3478861 
Bralan_BLAG03002224_1                              0.5465862 0.5737606 0.5913119 0.5200238 0.4858712 0.4284246 0.5222658 0.5533583 0.5406524 0.6165732 0.6046359 0.6080775 0.4228868 0.7178067 0.3850213 0.2010822 0.1446718 0.1382062 0.1179401 0.0000000 0.1182304 0.2424714 0.1648725 0.1693625 0.1836738 0.1858419 0.1700090 0.1221204 0.1922692 0.2373884 0.2373881 0.2483267 0.2348640 0.2389838 0.2631108 0.2535451 0.2444896 0.2108832 0.1652712 0.1547030 0.1646620 0.1530386 0.3010840 0.2930142 0.2930142 0.2942496 0.2792891 0.2665097 0.2848781 0.3179207 0.2003084 0.2103389 0.2030781 0.2463655 0.2748281 0.2069301 0.2034495 0.2090075 0.3603295 0.2303368 0.3374837 0.2128993 0.2344057 0.2156950 0.2934515 0.2716664 0.3297495 0.2708883 0.2599023 0.2223111 0.2772315 0.2772315 0.3661697 0.4120419 0.4232949 0.4232949 0.4170229 0.4170229 0.4169243 0.3045417 0.3006887 0.2898235 0.3008135 0.2944610 0.4276767 0.5489244 0.4232238 0.3286624 0.3515977 0.3319199 0.2163285 0.4067548 0.3711940 0.3308313 0.5339153 0.4620906 0.6691964 0.7067945 0.6727548 0.7149640 0.4590979 0.6437247 0.6525517 0.4635336 1.3506631 0.4238619 
Hsap_ENST00000657706                               0.5312776 0.5667726 0.5784795 0.5162767 0.4728681 0.4274661 0.5124147 0.5517510 0.5376017 0.5910139 0.5933569 0.5981868 0.4047305 0.6941423 0.4074485 0.1808884 0.1455418 0.1504338 0.1322212 0.1182304 0.0000000 0.1273199 0.1657393 0.1696917 0.2290215 0.2170916 0.2030653 0.1802182 0.1875716 0.2481158 0.2519022 0.2553917 0.2389843 0.2378332 0.3014480 0.2906437 0.2834154 0.2135107 0.2216384 0.1863054 0.2126800 0.1923885 0.3614788 0.3617932 0.3617932 0.3540075 0.3473955 0.3389669 0.3296438 0.3760852 0.2426329 0.2493772 0.2111646 0.2728004 0.3059241 0.1965862 0.2429768 0.2578104 0.4670960 0.2087367 0.3138614 0.2211444 0.2404016 0.2456644 0.3458414 0.2825845 0.3157571 0.2848287 0.2933937 0.2305442 0.2787336 0.2787336 0.3471755 0.4282210 0.4394903 0.4394903 0.4332538 0.4332538 0.4331480 0.3997591 0.3389104 0.3290671 0.3204407 0.3425063 0.3808304 0.5890238 0.4061392 0.3128481 0.3462533 0.3543978 0.2670022 0.3926120 0.4175124 0.3763489 0.6133897 0.4621670 0.6534629 0.7723187 0.6804853 0.7367495 0.4839365 0.5556481 0.5886055 0.5409720 1.3357140 0.5831469 
Hsap_ENST00000379800                               0.6107252 0.6601990 0.6915602 0.6090009 0.5786122 0.5157559 0.6160717 0.6643092 0.6340813 0.7126827 0.7043964 0.7157899 0.4918474 0.7745880 0.5137813 0.2796755 0.2422555 0.2764201 0.2446562 0.2424714 0.1273199 0.0000000 0.2977143 0.3040704 0.3243719 0.3260775 0.3400642 0.2959981 0.2986717 0.3314782 0.3313026 0.3275965 0.3064892 0.3051200 0.3684251 0.3655609 0.3583179 0.2988581 0.3157411 0.3044082 0.3144368 0.3048059 0.4607059 0.4763330 0.4763330 0.4678276 0.4604675 0.4503876 0.4195543 0.4786275 0.3606760 0.3771153 0.3069854 0.3779158 0.3709124 0.2895591 0.3132809 0.3288508 0.4680589 0.3120813 0.4472980 0.3154332 0.3657572 0.3358740 0.4202694 0.3742467 0.4209383 0.4104811 0.3994341 0.4083582 0.3662775 0.3662775 0.4614006 0.5180825 0.5260435 0.5260435 0.5193046 0.5193046 0.5237490 0.4097459 0.4318051 0.4125375 0.4033065 0.4059132 0.5458485 0.6603046 0.5038121 0.4066513 0.4212351 0.4521340 0.3510996 0.5233236 0.5035548 0.4193100 0.6443034 0.5445221 0.6610100 0.7899902 0.6783459 0.7604309 0.6007984 0.6249227 0.7514240 0.7813844 1.5948473 0.5681175 
Xesp_013212-T1                                     0.5671398 0.6031769 0.6145354 0.5435219 0.5044532 0.4646098 0.5403233 0.5869203 0.5765048 0.6183076 0.6246686 0.6135553 0.4392288 0.6437544 0.3701469 0.2236720 0.1740154 0.1461912 0.1272139 0.1648725 0.1657393 0.2977143 0.0000000 0.0184548 0.1959262 0.2116843 0.2029317 0.1761173 0.2070913 0.2245874 0.2224340 0.2343340 0.2096806 0.2156283 0.2755436 0.2508952 0.2497583 0.1828136 0.2050737 0.1758889 0.2047535 0.1765301 0.2925545 0.2998592 0.2998592 0.2911025 0.2850992 0.2724260 0.2379474 0.3179341 0.2214401 0.2325504 0.2248057 0.2704888 0.2939076 0.2010022 0.2249926 0.2316751 0.3794413 0.2332218 0.3369303 0.2064799 0.2726224 0.2560917 0.3136418 0.2748219 0.2749746 0.2635391 0.2717350 0.2374484 0.3094130 0.3094130 0.3625473 0.3812180 0.3704443 0.3704443 0.3701012 0.3701012 0.3809835 0.2828503 0.2750501 0.2576803 0.2728592 0.3060208 0.5266877 0.5619353 0.3172218 0.3132278 0.3203982 0.3301855 0.2049563 0.3999249 0.3800401 0.3155564 0.5681205 0.4660074 0.7583828 0.7797246 0.7441071 0.8011718 0.4224520 0.5757541 0.5686789 0.6410020 1.3869483 0.4245078 
Dgig_XM_028535039.1                                0.5851933 0.6147526 0.6347774 0.5616300 0.5182902 0.4813788 0.5577638 0.6082154 0.5929250 0.6397921 0.6436547 0.6289426 0.4552916 0.6534295 0.3901009 0.2261086 0.1820190 0.1539647 0.1234872 0.1693625 0.1696917 0.3040704 0.0184548 0.0000000 0.2011959 0.2208235 0.2122086 0.1841095 0.2214395 0.2358564 0.2307453 0.2457505 0.2207735 0.2204053 0.2809760 0.2625138 0.2642559 0.1979612 0.2090008 0.1940164 0.2181535 0.1902323 0.3154270 0.3181519 0.3181519 0.3090512 0.3028814 0.2897755 0.2499264 0.3309087 0.2364635 0.2476758 0.2374162 0.2740537 0.3066636 0.2153998 0.2378506 0.2444440 0.4038918 0.2391843 0.3444695 0.2050250 0.2776666 0.2646898 0.3226899 0.2915994 0.2756938 0.2828272 0.2917921 0.2436395 0.3226799 0.3226799 0.3683285 0.3949743 0.3840330 0.3840330 0.3837068 0.3837068 0.3947605 0.2931443 0.2917312 0.2741720 0.2893564 0.3238153 0.5429331 0.5756978 0.3498485 0.3258766 0.3370558 0.3319042 0.2154672 0.3922275 0.4041559 0.3344924 0.6033451 0.4743520 0.7955101 0.8197464 0.7706227 0.8354111 0.4039948 0.5942484 0.6018325 0.7014855 1.3941598 0.4223506 
Halamb_c49363_g1_i1m.26007                         0.5927706 0.6292301 0.6442918 0.5484763 0.5450556 0.4905522 0.5567190 0.6094960 0.5955619 0.6386091 0.6514884 0.6470877 0.4410980 0.7846088 0.4669329 0.3209415 0.2070085 0.2038552 0.1903954 0.1836738 0.2290215 0.3243719 0.1959262 0.2011959 0.0000000 0.1637966 0.1543273 0.2061243 0.2358636 0.2258664 0.2325240 0.2385059 0.2230773 0.2209376 0.2870469 0.2794148 0.2667869 0.2369816 0.2048584 0.2268038 0.2399200 0.2172724 0.3685676 0.3773238 0.3773238 0.3739920 0.3620691 0.3587554 0.3296565 0.3950081 0.2652238 0.2715102 0.2432138 0.3315530 0.3056253 0.2091365 0.2638227 0.2697682 0.4557556 0.2340959 0.3549590 0.2579707 0.3106678 0.3045541 0.3314960 0.3505303 0.3392429 0.3104533 0.3411925 0.3010308 0.3562770 0.3562770 0.3992217 0.4755768 0.4688835 0.4688835 0.4729387 0.4729387 0.4787204 0.4449421 0.3268809 0.3085802 0.3511383 0.3730969 0.4591302 0.6733534 0.5065692 0.3979916 0.4127731 0.3833037 0.0945993 0.4020184 0.4556765 0.2548089 0.6063495 0.5320033 0.6660580 0.7583464 0.7099324 0.7791889 0.5009446 0.6255734 0.6267046 0.5088671 1.3502106 0.3730512 
Emue_Em0013g329a.t1                                0.5984181 0.6372036 0.6511581 0.5584028 0.5444889 0.4994665 0.5525846 0.6142578 0.6167264 0.6516120 0.6469516 0.6522987 0.4741547 0.7269802 0.4655915 0.2986622 0.2127751 0.2090045 0.1973615 0.1858419 0.2170916 0.3260775 0.2116843 0.2208235 0.1637966 0.0000000 0.0875638 0.2128300 0.2964503 0.3146674 0.3241356 0.3219079 0.3213148 0.3046036 0.3735067 0.3603843 0.3093164 0.2838008 0.1811101 0.2542468 0.2457937 0.2375618 0.4199863 0.4037923 0.4037923 0.4070645 0.3904799 0.3872518 0.3758823 0.4203620 0.2864418 0.2967198 0.2606594 0.3399405 0.3647247 0.2511527 0.3271557 0.3411077 0.5342381 0.2772124 0.3859150 0.2841699 0.3002485 0.3340905 0.3850695 0.3671496 0.3635957 0.3553893 0.3861417 0.3095485 0.3661310 0.3661310 0.4222290 0.5022804 0.5010467 0.5010467 0.5032898 0.5032898 0.4916892 0.4895940 0.3903288 0.3611692 0.3788017 0.4080199 0.5150719 0.7168653 0.4931437 0.3950194 0.4181831 0.3889460 0.1819313 0.3767222 0.5283395 0.2564879 0.6976402 0.5138623 0.7057224 0.7984197 0.7719962 0.8024346 0.5631794 0.6212208 0.6752372 0.5266867 1.3312745 0.4334460 
Spolac_c103477_g1_i3_m.34450c103477-g1             0.6026631 0.6360818 0.6498906 0.5670497 0.5521230 0.5023839 0.5557974 0.6133118 0.6042026 0.6555384 0.6510326 0.6552604 0.4605259 0.7329334 0.4264354 0.3072429 0.2147512 0.1875492 0.1906375 0.1700090 0.2030653 0.3400642 0.2029317 0.2122086 0.1543273 0.0875638 0.0000000 0.1857186 0.2643542 0.2846625 0.2897605 0.2917004 0.2726911 0.2653912 0.3255754 0.3292160 0.2583599 0.2585553 0.1569646 0.2526762 0.2436276 0.2364484 0.3876097 0.3841150 0.3841150 0.3770227 0.3711668 0.3679112 0.3494727 0.3940535 0.2864418 0.2967198 0.2589257 0.3092121 0.3343432 0.2483726 0.2728646 0.2865350 0.4720441 0.2664505 0.3518427 0.2814287 0.3167319 0.3013598 0.3527698 0.3769225 0.3684434 0.3716134 0.3337415 0.2785773 0.3139149 0.3139149 0.4239458 0.5002250 0.4831085 0.4831085 0.4807196 0.4807196 0.4809588 0.4924408 0.3789155 0.3579236 0.3755700 0.3955152 0.4428121 0.7109087 0.4822231 0.3953812 0.3880933 0.3818984 0.1455613 0.3767222 0.4700375 0.2101247 0.6395390 0.4855281 0.7079867 0.7834387 0.7761246 0.7862230 0.5776588 0.6143693 0.6567665 0.4897872 1.3731995 0.3556969 
Skow_NM_001165018.1                                0.5304490 0.5560829 0.5628393 0.5001553 0.4629436 0.4395035 0.4941717 0.5319755 0.5287005 0.5971629 0.5981099 0.5871332 0.4120857 0.6709404 0.4117693 0.2554787 0.1674903 0.1526834 0.1474654 0.1221204 0.1802182 0.2959981 0.1761173 0.1841095 0.2061243 0.2128300 0.1857186 0.0000000 0.2279397 0.2356701 0.2356701 0.2443838 0.2391855 0.2403276 0.2927153 0.2700310 0.2521006 0.2049443 0.1941041 0.1780177 0.1982393 0.1798026 0.3425176 0.3288355 0.3288355 0.3305913 0.3153172 0.3192358 0.3547678 0.3802156 0.2326830 0.2430535 0.2273539 0.2727764 0.3120450 0.2191750 0.2310190 0.2353097 0.4118436 0.2316300 0.3275260 0.2289040 0.2445079 0.2667089 0.3312783 0.2693471 0.3369272 0.3062162 0.2818334 0.2346298 0.2933018 0.2933018 0.3502783 0.4360044 0.4467811 0.4467811 0.4470534 0.4470534 0.4469392 0.4106976 0.3217272 0.3126954 0.3334100 0.3342387 0.4220588 0.5844815 0.4403973 0.3219111 0.3456695 0.3714728 0.2122775 0.3916896 0.3865560 0.3165763 0.5419472 0.4855046 0.6843243 0.7277206 0.7314776 0.7313806 0.5173690 0.6177954 0.6132309 0.4816912 1.3539147 0.4694838 
Nvec_v1g161273                                     0.5915256 0.6349021 0.6456204 0.5591987 0.5271188 0.4543513 0.5674874 0.6013001 0.5855729 0.6450145 0.6319620 0.6644028 0.4366399 0.7093990 0.4270014 0.2382493 0.1880777 0.1838865 0.1670082 0.1922692 0.1875716 0.2986717 0.2070913 0.2214395 0.2358636 0.2964503 0.2643542 0.2279397 0.0000000 0.2115343 0.2072817 0.2177871 0.2119411 0.2065238 0.2384875 0.2343081 0.2254949 0.1409249 0.2577555 0.2022208 0.2263853 0.2123416 0.3576962 0.3536548 0.3536548 0.3419785 0.3310819 0.3438227 0.3507559 0.3933256 0.2523649 0.2306548 0.2836117 0.3183803 0.3523785 0.2350130 0.3268316 0.3265686 0.5108727 0.2687911 0.3759711 0.2608716 0.2876930 0.3018046 0.3772863 0.3590464 0.3137420 0.3070870 0.3300066 0.3126826 0.3310720 0.3310720 0.3792342 0.4851032 0.4903323 0.4903323 0.4839094 0.4839094 0.4873987 0.4307744 0.3467747 0.3290417 0.3400939 0.3806888 0.4537411 0.6531471 0.3901215 0.3660066 0.4117945 0.3784898 0.2867146 0.4607124 0.3715099 0.4193776 0.6754288 0.5090195 0.7340812 0.7703149 0.7347884 0.8191245 0.5509461 0.5701666 0.6240424 0.5463567 1.3901019 0.6098573 
Spis_XP_022788770_1                                0.5395348 0.5778518 0.5987755 0.5057757 0.4762728 0.4474237 0.5090502 0.5575872 0.5302824 0.5862969 0.5991926 0.5834829 0.3963691 0.6819018 0.4843039 0.3236366 0.2068797 0.2215884 0.1974497 0.2373884 0.2481158 0.3314782 0.2245874 0.2358564 0.2258664 0.3146674 0.2846625 0.2356701 0.2115343 0.0000000 0.0213467 0.0358882 0.0594567 0.0590585 0.1293105 0.1020409 0.1091591 0.1422378 0.2975529 0.2566392 0.2817039 0.2467893 0.3981290 0.3890076 0.3890076 0.3856693 0.3737261 0.3758862 0.3596363 0.4281043 0.2916369 0.2750431 0.2889786 0.3428933 0.3062333 0.2140153 0.2737948 0.2806730 0.4507371 0.2165863 0.3286808 0.2591310 0.2863685 0.3212531 0.3483096 0.3677529 0.3267485 0.2966152 0.3579404 0.3226070 0.3252978 0.3252978 0.3766078 0.4556590 0.4582044 0.4582044 0.4621650 0.4621650 0.4680499 0.4314609 0.3167222 0.3069489 0.3424736 0.3681500 0.3968856 0.6432060 0.4388712 0.3683887 0.3933675 0.3698684 0.2738756 0.4174410 0.3629363 0.4407396 0.6365800 0.5377963 0.6864178 0.7598331 0.7024363 0.8012235 0.5045820 0.5927675 0.4962372 0.5861412 1.3888306 0.5913436 
Pocdam_XM_027203790.1                              0.5507616 0.5866105 0.6072489 0.5231539 0.4889293 0.4581420 0.5283246 0.5656697 0.5552946 0.6071241 0.6108447 0.6003010 0.4072155 0.7050031 0.4980925 0.3131743 0.2059747 0.2280082 0.1932499 0.2373881 0.2519022 0.3313026 0.2224340 0.2307453 0.2325240 0.3241356 0.2897605 0.2356701 0.2072817 0.0213467 0.0000000 0.0580358 0.0786190 0.0781238 0.1438477 0.1275782 0.1307647 0.1573278 0.3034627 0.2579430 0.2874187 0.2573727 0.4000729 0.3910140 0.3910140 0.3876927 0.3757738 0.3779372 0.3577121 0.4300295 0.2926997 0.2849969 0.3070712 0.3412043 0.3178397 0.2195377 0.2745486 0.2815103 0.4517602 0.2265753 0.3334753 0.2614590 0.2888893 0.3222996 0.3505004 0.3606902 0.3234619 0.2914760 0.3640488 0.3420081 0.3327200 0.3327200 0.3889224 0.4714608 0.4740918 0.4740918 0.4780666 0.4780666 0.4840435 0.4206762 0.3415713 0.3320908 0.3570405 0.3818804 0.4293043 0.6545454 0.4358604 0.3812289 0.4016121 0.3736534 0.2889158 0.4249953 0.3815670 0.4388384 0.6355596 0.5492417 0.7129485 0.7739077 0.7175458 0.8154680 0.4942722 0.6071049 0.5312583 0.6400190 1.3862287 0.5786432 
Gasp_gasp1.m3.15379.m1                             0.5571118 0.5961906 0.6180309 0.5219546 0.4887941 0.4602731 0.5195840 0.5689135 0.5478230 0.5973943 0.6213811 0.6092756 0.4026051 0.7031399 0.4951312 0.3172347 0.2191287 0.2244381 0.2052603 0.2483267 0.2553917 0.3275965 0.2343340 0.2457505 0.2385059 0.3219079 0.2917004 0.2443838 0.2177871 0.0358882 0.0580358 0.0000000 0.0510865 0.0507392 0.1356753 0.1050567 0.1139369 0.1548504 0.2929851 0.2561713 0.2951340 0.2606703 0.3988802 0.3961814 0.3961814 0.3816450 0.3697609 0.3830473 0.3386718 0.4293713 0.2910616 0.2833298 0.2973986 0.3580819 0.3153451 0.2267957 0.2817860 0.2953075 0.4411758 0.2403436 0.3547684 0.2630848 0.2963511 0.3245682 0.3587590 0.3640423 0.3479231 0.3110394 0.3642374 0.3619584 0.3315420 0.3315420 0.3809760 0.4668745 0.4694866 0.4694866 0.4734660 0.4734660 0.4794287 0.4056048 0.3280338 0.3183850 0.3557168 0.3699695 0.4399917 0.6271946 0.4340523 0.3790163 0.4057065 0.3921817 0.2785929 0.4207726 0.3651850 0.4712350 0.6520609 0.5474366 0.7110769 0.7820973 0.7275785 0.8092742 0.4856701 0.5982986 0.4884715 0.6682738 1.4014409 0.5905512 
Amil_Amillepora18744-RA                            0.5642680 0.6101635 0.6324611 0.5412887 0.5072129 0.4734141 0.5314019 0.5897397 0.5594220 0.6220888 0.6237804 0.6258951 0.4220574 0.6738440 0.4820339 0.3122733 0.2223003 0.2159141 0.2020645 0.2348640 0.2389843 0.3064892 0.2096806 0.2207735 0.2230773 0.3213148 0.2726911 0.2391855 0.2119411 0.0594567 0.0786190 0.0510865 0.0000000 0.0141783 0.1209122 0.0969962 0.1216012 0.1406133 0.2922528 0.2827361 0.3046004 0.2813331 0.4081133 0.3970063 0.3970063 0.3959634 0.3837260 0.3919356 0.3480559 0.4389076 0.3027347 0.2949272 0.2779826 0.3564098 0.3323567 0.2332169 0.2664469 0.2760946 0.3973000 0.2434230 0.3550249 0.2522635 0.2883366 0.3450649 0.3475835 0.3552291 0.3564135 0.2996404 0.3521665 0.3580421 0.3191679 0.3191679 0.3810687 0.4589650 0.4560952 0.4560952 0.4600929 0.4600929 0.4714709 0.4107198 0.3349161 0.3158146 0.3566227 0.3744335 0.4904334 0.6540979 0.4378301 0.3657750 0.3863716 0.3909067 0.2623895 0.4020799 0.3669737 0.4408732 0.6253048 0.5297374 0.7458019 0.7903902 0.7270938 0.8116108 0.4764020 0.5945226 0.4974929 0.6870878 1.4675690 0.5506879 
Adig_XM_015896891.1                                0.5622011 0.6079605 0.6301348 0.5393129 0.4970897 0.4716272 0.5294453 0.5875739 0.5573482 0.6136940 0.6215420 0.6235578 0.4204341 0.6793013 0.4777590 0.3063402 0.2082834 0.2168343 0.1968869 0.2389838 0.2378332 0.3051200 0.2156283 0.2204053 0.2209376 0.3046036 0.2653912 0.2403276 0.2065238 0.0590585 0.0781238 0.0507392 0.0141783 0.0000000 0.1207523 0.1009986 0.1216711 0.1396031 0.2766613 0.2696009 0.2950030 0.2711519 0.4102765 0.4116688 0.4116688 0.4057939 0.3934513 0.4017390 0.3537325 0.4345970 0.3027347 0.2949272 0.2836256 0.3550845 0.3356683 0.2307594 0.2765038 0.2863104 0.4199185 0.2409891 0.3503183 0.2671889 0.2878917 0.3472178 0.3573768 0.3535236 0.3569271 0.3099746 0.3549879 0.3446355 0.3348185 0.3348185 0.3738642 0.4589365 0.4634851 0.4634851 0.4692872 0.4692872 0.4808001 0.4217711 0.3421967 0.3207929 0.3631055 0.3805532 0.5168745 0.6639447 0.4480161 0.3698850 0.3906423 0.3879912 0.2618130 0.4020799 0.3817337 0.4406238 0.6402884 0.5272773 0.7253573 0.7864299 0.7085156 0.8088963 0.4934460 0.5961274 0.4899392 0.6666722 1.4427030 0.5520325 
Gfas_gfas1.m1.193.m1                               0.6057210 0.6459936 0.6912936 0.6157893 0.5797634 0.5059796 0.6167630 0.6602837 0.6418972 0.7009325 0.6651944 0.6815273 0.4864056 0.7201561 0.5323738 0.2977692 0.2679881 0.2504670 0.2313451 0.2631108 0.3014480 0.3684251 0.2755436 0.2809760 0.2870469 0.3735067 0.3255754 0.2927153 0.2384875 0.1293105 0.1438477 0.1356753 0.1209122 0.1207523 0.0000000 0.0828468 0.1861544 0.1797164 0.3504462 0.2759662 0.2919527 0.2696537 0.4150604 0.4166634 0.4166634 0.4065412 0.3999168 0.4081717 0.3656850 0.4442836 0.3258583 0.2670465 0.3486881 0.3898426 0.3681065 0.2503896 0.3439618 0.3550302 0.4898896 0.3041781 0.4080505 0.3119983 0.3144431 0.3777655 0.3928491 0.3980278 0.3901155 0.3587013 0.3959734 0.4538735 0.3850294 0.3850294 0.4282889 0.5169380 0.5197391 0.5197391 0.5236610 0.5236610 0.5297544 0.4163644 0.3674323 0.3543295 0.3669231 0.3996980 0.5893127 0.6806098 0.4759652 0.4049249 0.4275744 0.4444819 0.3508075 0.4633005 0.4161169 0.4826705 0.7104124 0.5379114 0.7930126 0.8350242 0.7569338 0.8709666 0.5185226 0.6201153 0.5780661 0.7420045 1.3968083 0.5889074 
