78
Morvir_scaffold84.g26.t1                                0.0000000 0.4738045 0.5161260 0.5030869 1.1114436 0.6785216 0.6116278 0.5736265 0.6731277 0.6424164 0.6308616 0.5806084 0.6362211 0.7075735 0.6681249 0.7899035 0.7108024 0.7491043 0.8086459 0.7662922 0.7485655 0.6860161 0.6704350 0.6459869 0.7905900 0.7305806 0.6751375 0.7689673 0.7735848 0.7323547 0.7521185 0.9052237 0.6688247 0.8852211 0.7077784 0.7898922 0.8965354 0.8235947 0.8222950 0.8224372 0.7856500 0.8182389 0.8236711 0.8194733 0.8146327 0.7900835 0.8358394 0.7311827 0.7279395 0.8245484 0.6921079 1.1069588 0.8445480 0.9789201 0.6705825 0.7455780 0.7369353 0.9621024 0.8919948 0.9532192 1.0662131 0.8158440 1.0164351 0.9462935 0.9465845 0.9505371 0.8773165 0.9395983 1.0189633 1.0741523 1.0575979 1.0547488 1.1906666 0.8065294 1.9666233 2.0466721 1.1974594 2.6429033 
Sanmal_Sma_012671-T1                                    0.4738045 0.0000000 0.3025675 0.2962341 0.6816856 0.4835286 0.4880152 0.5176478 0.5366347 0.5043064 0.5124369 0.5166394 0.5308496 0.5797414 0.5185107 0.6997317 0.5984554 0.6183426 0.6074740 0.6560112 0.6631875 0.6433044 0.6036495 0.6033136 0.8057342 0.6931204 0.7205560 0.6161943 0.6322427 0.6039854 0.6372593 0.6366638 0.5842434 0.8101008 0.6218184 0.7413054 0.7985339 0.7537045 0.7525981 0.7625926 0.7042915 0.7174977 0.7276702 0.6817766 0.7591851 0.6377437 0.8117323 0.7026589 0.6219897 0.6168376 0.6482488 0.9934959 0.7516583 0.8705682 0.5828238 0.6560577 0.7897875 0.8390884 0.9053257 0.8196082 0.9599878 0.6665271 0.9189841 0.9486163 0.9544189 0.9331273 0.9163628 0.9630884 0.9999246 1.0361657 1.0148520 0.9690194 1.0154589 1.0089530 1.2804153 1.3912970 1.2365935 2.3147109 
Rhoesc_Res_014491-T1                                    0.5161260 0.3025675 0.0000000 0.0838632 0.8252064 0.5559764 0.5547098 0.5452813 0.5278748 0.5391875 0.5093126 0.5380092 0.5723241 0.5546136 0.6100850 0.7622464 0.6494492 0.6756432 0.6503720 0.6351791 0.6553435 0.7865384 0.6685561 0.5940870 0.8464485 0.7759435 0.6970039 0.6981374 0.6890110 0.6454387 0.6720954 0.8052096 0.6495155 0.9532628 0.5877517 0.7927828 0.7886685 0.7697797 0.7677392 0.8198603 0.7747598 0.7769331 0.7877322 0.7551581 0.6172113 0.6093024 0.8518766 0.7689721 0.5175696 0.6655002 0.6272134 0.9676830 0.8037385 0.6216865 0.6854315 0.6514663 0.6047385 0.8136498 0.8651922 0.8557354 0.9439516 0.7535227 0.9235159 0.9546047 0.9499018 0.9079839 0.9052929 0.9601968 0.9594606 1.0145581 1.0000711 0.9294321 1.0046686 0.8481455 1.5359670 1.6601912 1.2594511 2.5494256 
Nemnom_g9290.t1                                         0.5030869 0.2962341 0.0838632 0.0000000 0.8452054 0.5387250 0.5592028 0.5493078 0.5374062 0.5413563 0.5284735 0.5381299 0.5686808 0.5682511 0.6006380 0.7216353 0.6852074 0.6796830 0.6293291 0.6486835 0.6866377 0.7691717 0.6692920 0.6338078 0.8300682 0.7721415 0.7709358 0.6511239 0.6831096 0.6416128 0.6783026 0.7916860 0.6867892 0.9509519 0.6296018 0.8047738 0.8172510 0.7397244 0.7386501 0.8049225 0.7486414 0.7503694 0.7608855 0.7190751 0.5978971 0.5975380 0.8750551 0.7864979 0.6152397 0.7455271 0.6162493 1.0247408 0.8060608 0.7686942 0.6558335 0.6650649 0.7341483 0.7995188 0.8654415 0.8818760 1.0045167 0.7538936 0.9569768 0.9940743 0.9891947 0.9306291 0.9190645 0.9843748 0.9953609 1.0240915 1.0099704 0.9547848 1.0022476 0.8794968 1.5177950 1.6566020 1.3348234 2.4259895 
Xesp_018414-T1                                          1.1114436 0.6816856 0.8252064 0.8452054 0.0000000 0.3724712 0.6936595 0.7435934 0.7198338 0.6379545 0.6132670 0.6144554 0.6062923 0.6449600 0.7874736 2.2687211 0.8366633 0.7466646 0.9655530 0.8128161 0.8960748 0.7206758 0.5925013 0.7604118 0.8994717 0.8570424 1.3259150 0.6349397 0.8365360 0.8232690 0.9575775 0.5911177 0.6998847 0.8259273 0.4748153 0.8205703 0.7169428 0.8442174 0.8442174 0.8102205 0.6391297 0.7487935 0.7623428 0.6088354 8.9999989 0.9022415 5.0230080 1.0568216 9.0000000 5.2449070 0.8914362 1.3143924 1.4208665 0.5053674 0.7657019 0.8660628 0.0000010 1.0612280 1.1495110 1.2466224 1.0397410 5.0724008 1.3099078 1.2799194 1.2799194 1.1707416 1.0078735 1.1324548 1.2975788 1.2041474 1.1921068 1.1098602 1.1194631 0.6748729 1.3475243 1.4322372 5.8846002 5.6923942 
Dgig_XM_028539781.1                                     0.6785216 0.4835286 0.5559764 0.5387250 0.3724712 0.0000000 0.4409525 0.3942724 0.4329504 0.4224377 0.4099573 0.3877871 0.4081957 0.4427731 0.5294216 0.5753692 0.5907646 0.5971470 0.7315252 0.5685817 0.6124105 0.6888810 0.5895580 0.5435790 0.7104706 0.6787210 0.8922013 0.6345121 0.6432539 0.5907792 0.6371130 0.5810359 0.7308673 0.8044171 0.5990066 0.7720643 0.6270771 0.6692234 0.6783256 0.6619184 0.6222724 0.6059233 0.6154013 0.6676224 0.6483551 0.6385677 0.4882418 0.6530743 0.4823527 0.6162667 0.6383046 1.0576198 0.7422447 0.7170450 0.6887413 0.6026293 0.7267644 0.7082560 0.8652560 0.8672174 1.0626429 0.6478201 0.9025188 0.9694976 0.9725870 0.9004134 0.8381900 0.9115861 0.9483813 0.9454199 0.9523460 0.9962868 1.2113355 0.8072222 1.4742849 1.5724853 1.3913627 1.9497666 
Exapal_XM_021045001.2                                   0.6116278 0.4880152 0.5547098 0.5592028 0.6936595 0.4409525 0.0000000 0.2848930 0.2899658 0.2770939 0.2788682 0.2653009 0.2742349 0.3188538 0.3023621 0.4322562 0.4779469 0.4676042 0.5530339 0.5038634 0.5281705 0.5909621 0.4236696 0.4296478 0.6910788 0.6265824 0.7231062 0.5575581 0.5700500 0.4856591 0.5651584 0.5042492 0.6889948 0.6823515 0.4640431 0.6134519 0.6876713 0.6671151 0.6797720 0.6147627 0.5906616 0.6020519 0.6064723 0.5955555 0.6543849 0.6001167 0.7549100 0.5733980 0.4039996 0.5054863 0.6120809 0.8694209 0.7424621 0.7627443 0.8458112 0.5881946 0.4714612 0.6561053 0.8105376 0.8140760 0.8826708 0.7801314 0.9152130 0.8622250 0.8654387 0.7776503 0.7921446 0.8277412 0.8835585 0.9118477 0.9094706 0.9680549 1.0208594 0.7841281 1.4556753 1.5078445 1.3624343 2.2151375 
Gfas_gfas1.m1.17521.m1                                  0.5736265 0.5176478 0.5452813 0.5493078 0.7435934 0.3942724 0.2848930 0.0000000 0.1355263 0.1182964 0.1179089 0.1123442 0.1231570 0.1834955 0.3628543 0.2576092 0.4914624 0.4884621 0.5640333 0.4709655 0.5275003 0.5119921 0.4046755 0.4105529 0.7356656 0.6737537 0.8050835 0.5619191 0.5831273 0.5411472 0.5328506 0.5448706 0.7245526 0.6000330 0.5734864 0.5684961 0.6203653 0.6092415 0.6224762 0.5864247 0.4980103 0.5307424 0.5403637 0.5396487 0.5887766 0.6427061 0.7409825 0.5075392 0.4403296 0.6209203 0.5905603 0.9453660 0.6772434 0.8697576 0.9648788 0.5633172 0.5547775 0.6876219 0.9493269 0.8327601 0.9528463 0.7184388 0.8819205 0.8258682 0.8295880 0.8640440 0.8405821 0.8321992 0.9002774 0.9717342 0.9550389 0.8809129 0.9689618 0.8933009 1.3411313 1.4413323 1.0319511 2.2406331 
Spis_XP_022782359_1                                     0.6731277 0.5366347 0.5278748 0.5374062 0.7198338 0.4329504 0.2899658 0.1355263 0.0000000 0.0949262 0.1104230 0.1246301 0.1307890 0.0687686 0.3577074 0.2826375 0.5038149 0.4681213 0.5800001 0.4994199 0.5637392 0.5940672 0.5039592 0.4725127 0.7912003 0.6688915 0.7219885 0.5724805 0.5660142 0.5424097 0.5681615 0.5562468 0.7680114 0.7571882 0.5043546 0.6769815 0.6229693 0.6720586 0.6849001 0.6711302 0.6215198 0.6211522 0.6306819 0.6232190 0.6581282 0.6570425 0.7538671 0.5705040 0.4160174 0.5998511 0.6214468 0.8544280 0.7443452 0.9629942 0.6488718 0.5791350 0.5002421 0.7253350 0.9246022 0.8774529 0.9656534 0.7844038 0.8951198 0.9082664 0.9114719 0.8895705 0.8747906 0.9279116 0.9091667 0.9644624 0.9533175 0.9694035 1.0986507 0.8982395 1.4877629 1.5701753 1.2827842 2.0939457 
Fspp_ffun1.m4.32644.m1                                  0.6424164 0.5043064 0.5391875 0.5413563 0.6379545 0.4224377 0.2770939 0.1182964 0.0949262 0.0000000 0.0634915 0.1084695 0.1145180 0.0907093 0.3283864 0.2868418 0.4781900 0.4389223 0.5768732 0.4868919 0.5312508 0.5530057 0.4566238 0.4606818 0.7439571 0.6613927 0.9743193 0.4984161 0.5555680 0.5205365 0.5413107 0.5154474 0.7992028 0.6712122 0.5189096 0.6732161 0.6130307 0.6385851 0.6513178 0.6206240 0.5881454 0.5730312 0.5823018 0.5997241 0.6659776 0.6029407 0.7457924 0.5539779 0.3587665 0.5782437 0.5903165 0.9428606 0.7191279 0.8967262 0.6233832 0.5668594 0.5154901 0.7027135 0.9050115 0.8309298 0.9412224 0.7526241 0.8972143 0.8747473 0.8780968 0.8744971 0.8760014 0.8892655 0.9120811 0.9765890 0.9827300 0.9480616 0.9975103 0.9733101 1.2666968 1.3293369 1.3009692 2.3530102 
Gasp_gasp1.m3.14725.m1                                  0.6308616 0.5124369 0.5093126 0.5284735 0.6132670 0.4099573 0.2788682 0.1179089 0.1104230 0.0634915 0.0000000 0.1229531 0.1190096 0.1309360 0.3217147 0.2817968 0.4684412 0.4615230 0.5722679 0.4466642 0.4844547 0.5542237 0.4339960 0.4280985 0.7168163 0.6362898 0.7993004 0.4870775 0.5553721 0.4892129 0.4940463 0.5134413 0.7063009 0.6918089 0.4659215 0.6326188 0.5666281 0.6231864 0.6352332 0.6197727 0.5898357 0.5529396 0.5615832 0.5961501 0.6514102 0.6212883 0.7038832 0.5403391 0.3876924 0.5641924 0.6022091 0.9066176 0.7474767 0.9382273 0.6592599 0.5612224 0.4428888 0.6635860 0.9084300 0.8120589 0.8898722 0.7592828 0.8934793 0.8544821 0.8577238 0.8419229 0.8371375 0.8653022 0.9109695 0.9370833 0.9368231 0.9451820 1.0367021 0.9027514 1.4400819 1.5168729 1.1792851 2.1449275 
Adig_XM_015907915.1                                     0.5806084 0.5166394 0.5380092 0.5381299 0.6144554 0.3877871 0.2653009 0.1123442 0.1246301 0.1084695 0.1229531 0.0000000 0.0392690 0.1591888 0.3571555 0.1863991 0.4580899 0.4340521 0.5373599 0.4584824 0.5013094 0.4733657 0.3731112 0.3850158 0.7041594 0.6688977 0.8176451 0.4383593 0.5323183 0.4797190 0.4996092 0.4480784 0.6861514 0.5805997 0.4858006 0.5616291 0.5831797 0.6238255 0.6362555 0.6148594 0.5430217 0.5571317 0.5662637 0.5746473 0.6547695 0.6291639 0.7598015 0.4632549 0.4890894 0.5768201 0.5637344 0.8759705 0.6171726 0.9181929 0.5781594 0.5597091 0.5310636 0.6804395 0.9089044 0.8419291 0.9142482 0.7975820 0.8722372 0.8168624 0.8203080 0.8555239 0.8205065 0.8288202 0.8287534 0.9360481 0.9206624 0.8669790 0.9217707 0.8898125 1.2002419 1.2667979 1.1673486 2.2372273 
Adig_XM_015922233.1                                     0.6362211 0.5308496 0.5723241 0.5686808 0.6062923 0.4081957 0.2742349 0.1231570 0.1307890 0.1145180 0.1190096 0.0392690 0.0000000 0.1621068 0.3576225 0.1992707 0.4919267 0.4557059 0.5801748 0.5001178 0.5403026 0.5661994 0.4211229 0.4167801 0.7403601 0.6888212 0.7751927 0.5001419 0.5506342 0.4818716 0.4934251 0.5449853 0.7593587 0.7227900 0.4712983 0.6329410 0.6166848 0.6538298 0.6662351 0.6496367 0.6173757 0.6060745 0.6153056 0.6241114 0.6557256 0.6490594 0.7538215 0.5227125 0.4637196 0.5534269 0.6013354 0.8679058 0.7191279 0.9486882 0.5781594 0.5596778 0.4964653 0.7165112 0.9436427 0.8242583 0.8909361 0.7702033 0.8794770 0.8649125 0.8681397 0.8546206 0.8544901 0.8709825 0.8787137 0.9755791 0.9626278 0.9476224 1.0590844 0.8851789 1.3314333 1.3995363 1.3012081 2.1732763 
Pocdam_XM_027200884.1                                   0.7075735 0.5797414 0.5546136 0.5682511 0.6449600 0.4427731 0.3188538 0.1834955 0.0687686 0.0907093 0.1309360 0.1591888 0.1621068 0.0000000 0.4008963 0.3833269 0.5371935 0.4905212 0.6391616 0.4996055 0.6160291 0.6884144 0.5162012 0.4847594 0.8680713 0.7178393 1.7828499 0.5225571 0.5630705 0.5714669 0.5923431 0.5021527 0.8621935 0.7039178 0.5772878 0.7695544 0.6437879 0.7510316 0.7597579 0.7339742 0.7071087 0.6727389 0.6836938 0.7223015 0.8710793 0.6904984 0.9082705 0.6251755 0.4273588 0.5922007 0.6709328 1.1788337 0.8550070 0.8788747 0.6233832 0.6422521 0.8146484 0.7316942 0.9479176 0.9180458 1.0502300 0.7807287 0.9469649 0.9842346 0.9876196 0.9354060 0.8959878 0.9644125 0.9728793 0.9820643 0.9778950 1.0315785 1.0886615 0.9929650 1.4093242 1.4846336 1.5452013 2.4899641 
Nvec_v1g182082                                          0.6681249 0.5185107 0.6100850 0.6006380 0.7874736 0.5294216 0.3023621 0.3628543 0.3577074 0.3283864 0.3217147 0.3571555 0.3576225 0.4008963 0.0000000 0.5183833 0.4721986 0.5096379 0.5753754 0.5766622 0.5556330 0.6266682 0.5253704 0.5397085 0.7407647 0.6670033 0.7995171 0.6638442 0.6358819 0.5560432 0.6220894 0.4983648 0.7086926 0.7825857 0.4830956 0.6414114 0.6865139 0.6335645 0.6459550 0.6296208 0.5570905 0.6378467 0.6392737 0.5453981 0.6213094 0.6606674 0.7654041 0.5794670 0.3827081 0.5298642 0.6535541 0.9156664 0.7669452 0.9194565 0.7961022 0.6082856 0.5006067 0.7659702 0.8947101 0.8856184 0.9739098 0.7695894 0.9509004 0.9546743 0.9577764 0.8979063 0.8668591 0.9927617 0.9915398 0.9961208 0.9872192 0.9588364 1.0650969 0.7672871 1.3138442 1.3937072 1.3431143 2.3103320 
Amil_Amillepora14039-RA                                 0.7899035 0.6997317 0.7622464 0.7216353 2.2687211 0.5753692 0.4322562 0.2576092 0.2826375 0.2868418 0.2817968 0.1863991 0.1992707 0.3833269 0.5183833 0.0000000 0.6940829 0.6277564 0.7828322 0.6915531 0.7220765 0.9061018 0.8456885 0.6143549 0.9315785 0.8844277 0.9146526 1.5683672 0.7980958 0.6652477 0.7507589 1.2439076 1.1379745 1.2921824 0.7706012 0.8871550 0.9301796 0.8369728 0.8568995 0.8433123 0.8534552 0.7723383 0.7878603 0.8333046 0.6102962 0.8961632 0.6789748 0.6216565 0.4776189 0.5988560 0.6896413 0.8145630 0.7630050 1.0811725 1.7750031 0.8433346 0.4904849 0.9668138 1.1699724 1.0689849 1.4383293 0.7809663 1.1128174 1.0774610 1.0815515 1.1004302 1.1457991 1.1762681 1.1501961 1.2110685 1.1995719 1.1951433 1.8806777 1.0520741 5.9845731 5.5067144 0.9590218 2.3631448 
Spur_XM_030999193.1                                     0.7108024 0.5984554 0.6494492 0.6852074 0.8366633 0.5907646 0.4779469 0.4914624 0.5038149 0.4781900 0.4684412 0.4580899 0.4919267 0.5371935 0.4721986 0.6940829 0.0000000 0.4195515 0.5038878 0.5327974 0.4730338 0.7367030 0.6214875 0.5889095 0.7985493 0.6976878 1.0798733 0.6353309 0.6282693 0.5815103 0.6213500 0.5857303 0.7509794 0.8481903 0.6428761 0.7579259 0.5030342 0.7728783 0.7865859 0.6998794 0.6782477 0.6577150 0.6698138 0.6957554 0.6623042 0.6199496 0.8322206 0.6411165 0.4693439 0.6555971 0.6447388 0.8775449 0.7827834 0.6895666 0.7142509 0.7212310 0.7283321 0.7555276 0.9983709 0.9962432 1.0474203 0.9380748 1.0269779 1.0713697 1.0742818 0.9782159 0.9494139 1.0120562 0.9909353 1.0005386 1.0158949 0.9897155 1.0329503 0.9579283 1.3246912 1.3778771 1.2925728 2.2721553 
Bralan_BLAG09000420_1                                   0.7491043 0.6183426 0.6756432 0.6796830 0.7466646 0.5971470 0.4676042 0.4884621 0.4681213 0.4389223 0.4615230 0.4340521 0.4557059 0.4905212 0.5096379 0.6277564 0.4195515 0.0000000 0.5559607 0.5016482 0.5222946 0.7101600 0.5436275 0.5165288 0.8017651 0.6741436 1.0375067 0.6438818 0.6503874 0.5772307 0.6595603 0.5472889 0.8085517 0.6938991 0.6563321 0.6965372 0.5240035 0.6781404 0.6668502 0.6758602 0.6652016 0.6615069 0.6609881 0.6946694 0.8399417 0.6637582 0.9108360 0.5091935 0.4642058 0.6680986 0.6435585 0.8415981 0.7527789 0.6827013 0.4545254 0.6718209 0.6739865 0.6974173 0.9081681 0.8886728 0.9686409 0.7764318 0.9024934 0.9576792 0.9607171 0.8811261 0.8119277 0.8573918 0.8996030 0.9579799 0.9429115 1.0062729 1.0364425 0.8904129 1.4996763 1.5641989 1.3513743 2.5700733 
Acagra_model.g4620.t1_model.g4622.t1                    0.8086459 0.6074740 0.6503720 0.6293291 0.9655530 0.7315252 0.5530339 0.5640333 0.5800001 0.5768732 0.5722679 0.5373599 0.5801748 0.6391616 0.5753754 0.7828322 0.5038878 0.5559607 0.0000000 0.4056203 0.5635826 0.7350742 0.6085584 0.6059879 0.8159993 0.7145849 0.7237082 0.5940805 0.6381166 0.6023719 0.6363066 0.5483823 0.7413580 0.8819859 0.6954456 0.7777052 0.6255777 0.8620718 0.8765825 0.8619815 0.8241533 0.8367180 0.8482113 0.7643665 0.7017158 0.6794457 1.0648554 0.6535942 0.6228157 0.7853749 0.7322422 0.9225226 0.9467690 0.9681952 0.7009596 0.7807789 0.6686322 0.7319227 0.8860601 0.9666622 0.9708028 0.8919507 0.9970179 1.0134355 1.0193227 0.8998213 0.9757559 0.9693068 1.0619469 0.9925661 0.9787167 0.9144491 0.9060200 1.0446323 1.3318803 1.3672776 1.4309405 2.6573746 
Cgig_XM_034453721.1                                     0.7662922 0.6560112 0.6351791 0.6486835 0.8128161 0.5685817 0.5038634 0.4709655 0.4994199 0.4868919 0.4466642 0.4584824 0.5001178 0.4996055 0.5766622 0.6915531 0.5327974 0.5016482 0.4056203 0.0000000 0.5476222 0.8193331 0.6374176 0.6200735 0.8607138 0.7722603 0.7715612 0.7495761 0.7483779 0.6663685 0.7327468 0.6817565 0.7805819 0.9142089 0.6873735 0.8177161 0.6034784 0.7966214 0.8095311 0.7670694 0.7715051 0.7358691 0.7462881 0.7380511 0.7648811 0.7122607 0.8707419 0.5731520 0.5267523 0.7373162 0.7369586 0.9650127 0.8908640 0.9432420 0.6370123 0.7308152 0.6243896 0.7248869 0.9422225 0.9588339 1.0472775 0.7966955 0.9502454 0.9713627 0.9771483 0.8496354 0.8165135 0.8687130 1.0119534 0.9793798 0.9671643 0.9743778 1.0558836 0.9997739 1.4442190 1.5042470 1.3780229 2.7978864 
Ctel_gnl_WGS_AMQN_CAPTEDRAFT_mRNA157033                 0.7485655 0.6631875 0.6553435 0.6866377 0.8960748 0.6124105 0.5281705 0.5275003 0.5637392 0.5312508 0.4844547 0.5013094 0.5403026 0.6160291 0.5556330 0.7220765 0.4730338 0.5222946 0.5635826 0.5476222 0.0000000 0.7532178 0.6150628 0.5193467 0.7251187 0.6435918 0.7392679 0.6419203 0.6750579 0.5562695 0.6428069 0.7193960 0.7452118 0.8684613 0.7413028 0.7703392 0.5557406 0.7612975 0.7750890 0.7510800 0.7353293 0.7269845 0.7375630 0.7388810 0.8029793 0.7104096 0.9564832 0.6842901 0.4135456 0.6782582 0.7014358 0.9526045 0.8273721 0.9666309 0.6318118 0.7142693 0.5395949 0.7523225 0.9245355 0.8815864 0.9044537 0.7568545 0.9041821 0.9611227 0.9613576 0.8367590 0.9164320 0.9047550 0.8903063 0.9855752 0.9695102 0.9228708 0.9839049 0.8572803 1.6239385 1.6102440 1.4829803 2.3804770 
Xestes_maker-XT_scaffold119661-augustus-gene-0.8-mRNA-1 0.6860161 0.6433044 0.7865384 0.7691717 0.7206758 0.6888810 0.5909621 0.5119921 0.5940672 0.5530057 0.5542237 0.4733657 0.5661994 0.6884144 0.6266682 0.9061018 0.7367030 0.7101600 0.7350742 0.8193331 0.7532178 0.0000000 0.4362253 0.5363222 0.4515437 0.4168849 0.5929869 0.5369958 0.6764853 0.6812579 0.7099751 0.6457709 0.8996206 0.6399410 0.5672067 0.6044869 0.7076491 0.7789492 0.7772437 0.7149614 0.6950727 0.7359680 0.7433079 0.7433350 0.7982709 0.7417254 1.3127894 0.6843639 1.1977949 0.8608926 0.8002327 0.9457166 1.0699312 0.8442891 0.9253090 0.5325792 0.5196513 0.7461852 1.0150154 0.9818695 0.9601497 0.9586096 1.0783051 1.0430840 1.0430840 0.9777274 1.0473145 1.0125219 1.1066992 1.1764158 1.1363381 1.1193220 1.0723691 0.8894995 1.2832857 1.3783355 1.8152881 3.8629729 
Stycar_maker-SC_scaffold3174-snap-gene-0.14-mRNA-1      0.6704350 0.6036495 0.6685561 0.6692920 0.5925013 0.5895580 0.4236696 0.4046755 0.5039592 0.4566238 0.4339960 0.3731112 0.4211229 0.5162012 0.5253704 0.8456885 0.6214875 0.5436275 0.6085584 0.6374176 0.6150628 0.4362253 0.0000000 0.3179747 0.6028047 0.5275573 0.6625957 0.5283931 0.5941613 0.5584546 0.6311954 0.5806428 0.6113892 0.5241721 0.4275929 0.4974760 0.5485773 0.5587899 0.5761689 0.6105952 0.6118088 0.5933243 0.5956146 0.6008446 0.8470513 0.6830315 1.3393639 0.5138123 0.0000010 0.0000010 0.6773393 0.9122218 1.0220867 0.7969379 0.5792881 0.3423787 0.0262887 0.6661623 0.8677874 0.9003089 0.9003089 0.0000010 0.9797164 0.8794801 0.8794801 0.8085050 0.9446429 0.8468740 0.9548060 1.0181177 1.0036715 0.8925380 0.9600895 0.8322870 1.2542056 1.3313267 2.0934672 2.6665772 
Tetwil_g8871.t2                                         0.6459869 0.6033136 0.5940870 0.6338078 0.7604118 0.5435790 0.4296478 0.4105529 0.4725127 0.4606818 0.4280985 0.3850158 0.4167801 0.4847594 0.5397085 0.6143549 0.5889095 0.5165288 0.6059879 0.6200735 0.5193467 0.5363222 0.3179747 0.0000000 0.6155527 0.4904380 0.6101786 0.5846824 0.5911733 0.5531830 0.6129243 0.6112477 0.7769961 0.6322412 0.4974265 0.5714068 0.6769171 0.6606751 0.6628975 0.7001247 0.7323087 0.7051611 0.7135545 0.7562321 0.6991939 0.7346516 0.8497936 0.6006867 0.1985855 0.5136961 0.6007223 0.9858171 0.7349870 0.7739400 0.4922511 0.4960354 0.3968721 0.7709436 0.8316059 0.9148913 0.9661410 0.7290106 0.8823233 0.8824099 0.8890720 0.8203995 0.8218360 0.8038015 0.9653899 1.0197903 0.9910529 0.9599298 1.0435992 0.9294384 1.1726919 1.2291806 1.3965261 2.7857584 
Halamb_c45614_g1_i1m.19259                              0.7905900 0.8057342 0.8464485 0.8300682 0.8994717 0.7104706 0.6910788 0.7356656 0.7912003 0.7439571 0.7168163 0.7041594 0.7403601 0.8680713 0.7407647 0.9315785 0.7985493 0.8017651 0.8159993 0.8607138 0.7251187 0.4515437 0.6028047 0.6155527 0.0000000 0.2863508 0.3302864 0.6165760 0.6819843 0.6322221 0.7076135 0.7705118 0.8548805 0.8701281 0.7637745 0.7872518 0.9275832 0.8178089 0.8165047 0.7867740 0.7277958 0.7601815 0.7711743 0.7533725 0.7412746 0.8591992 0.9665253 0.7420969 0.4932182 0.7375720 0.8328266 1.0267663 0.9591859 0.9845254 1.0370763 0.6970107 0.5157194 0.8222109 0.8739414 1.0834556 1.1190486 0.9769371 1.1758644 1.0939173 1.1012158 0.9713985 1.0364133 1.0816637 1.1022182 1.2189062 1.1769535 1.1097169 1.2864919 1.1194385 1.5545412 1.6403468 1.4366100 2.7495512 
Aque_Aqu2.1.38564_001                                   0.7305806 0.6931204 0.7759435 0.7721415 0.8570424 0.6787210 0.6265824 0.6737537 0.6688915 0.6613927 0.6362898 0.6688977 0.6888212 0.7178393 0.6670033 0.8844277 0.6976878 0.6741436 0.7145849 0.7722603 0.6435918 0.4168849 0.5275573 0.4904380 0.2863508 0.0000000 0.1578009 0.5893536 0.6947258 0.5849748 0.6547754 0.7521323 0.8006517 0.7178181 0.6567935 0.6954639 0.8190730 0.7247554 0.7129657 0.7413418 0.6610262 0.6761255 0.6809489 0.6618773 0.6783261 0.7243795 1.0034325 0.7151288 0.5125494 0.6373681 0.7718143 1.0151781 0.9333839 0.8527966 0.9037235 0.6983286 0.6021432 0.7834048 0.9337933 0.9763835 1.0217659 0.9296159 1.0596094 0.9911800 0.9981925 0.9368661 0.9932635 0.9918333 0.9926093 1.0250159 0.9898622 1.0394070 1.1257121 0.9913166 1.4428749 1.5090241 1.2767647 2.4845529 
Aque_Aqu2.1.36868_001                                   0.6751375 0.7205560 0.6970039 0.7709358 1.3259150 0.8922013 0.7231062 0.8050835 0.7219885 0.9743193 0.7993004 0.8176451 0.7751927 1.7828499 0.7995171 0.9146526 1.0798733 1.0375067 0.7237082 0.7715612 0.7392679 0.5929869 0.6625957 0.6101786 0.3302864 0.1578009 0.0000000 0.7579949 1.0925331 1.1134748 1.0105373 0.7579949 1.0598668 0.2986473 0.6971347 0.6971347 0.8621898 0.7603374 0.7227851 0.8248929 0.7852178 0.7652115 0.7652115 0.7751923 0.7303691 0.5663324 0.9177026 0.7869786 0.0000010 0.0000010 0.7059058 0.7237346 0.7059058 9.0000000 0.0000010 0.7717293 0.6321198 1.0123578 1.0175008 0.6980360 0.6980360 1.0611184 0.9449594 0.8595511 0.8595511 0.9671437 1.0675062 0.9348244 0.9424235 1.2511971 1.0531478 0.8859411 0.9911353 1.0412393 0.0000010 0.0000010 1.1137318 0.2365525 
Leuniv_Lniv_scaffold15462_01                            0.7689673 0.6161943 0.6981374 0.6511239 0.6349397 0.6345121 0.5575581 0.5619191 0.5724805 0.4984161 0.4870775 0.4383593 0.5001419 0.5225571 0.6638442 1.5683672 0.6353309 0.6438818 0.5940805 0.7495761 0.6419203 0.5369958 0.5283931 0.5846824 0.6165760 0.5893536 0.7579949 0.0000000 0.1466895 0.1691878 0.2164425 0.4252161 0.7099208 0.7217849 0.5376834 0.7256905 0.7118056 0.9382612 0.9382612 0.8432444 0.8613832 0.8427322 0.8550201 0.8548022 7.8545672 0.7681220 4.2561861 0.7763147 0.0000010 0.0000010 0.7115187 1.3824516 1.3962584 0.5690290 0.7308810 0.5884900 0.0000010 0.7815225 0.9295787 0.8387427 0.8387427 0.0000010 0.9394603 0.9244204 0.9244204 0.8466516 1.0240846 1.0227002 0.9615865 0.9994435 1.0035087 0.8401327 0.8401327 0.5246413 1.5320836 1.6605108 5.3016791 5.3304393 
Gracom_Gcom_scaffold13554_01                            0.7735848 0.6322427 0.6890110 0.6831096 0.8365360 0.6432539 0.5700500 0.5831273 0.5660142 0.5555680 0.5553721 0.5323183 0.5506342 0.5630705 0.6358819 0.7980958 0.6282693 0.6503874 0.6381166 0.7483779 0.6750579 0.6764853 0.5941613 0.5911733 0.6819843 0.6947258 1.0925331 0.1466895 0.0000000 0.2062148 0.2623147 0.4354760 0.8244667 0.7049811 0.7074309 0.7424243 0.6853256 0.8410371 0.8510921 0.8320129 0.8337332 0.8039911 0.8082926 0.8146473 0.8394751 0.7892302 0.9074333 0.6278102 0.5326048 0.4587373 0.6671723 1.1177064 0.8749083 0.8419136 0.7246611 0.6800540 0.7379833 0.8320558 0.9699281 0.8978941 0.9310704 0.8822965 0.9227356 0.9658554 0.9689343 0.9512247 0.9365873 0.9940060 0.9829773 1.0051929 1.0036751 0.9393003 0.9446512 1.0005268 1.5365488 1.6033928 1.4995540 2.4624658 
Scil_scict011751.1                                      0.7323547 0.6039854 0.6454387 0.6416128 0.8232690 0.5907792 0.4856591 0.5411472 0.5424097 0.5205365 0.4892129 0.4797190 0.4818716 0.5714669 0.5560432 0.6652477 0.5815103 0.5772307 0.6023719 0.6663685 0.5562695 0.6812579 0.5584546 0.5531830 0.6322221 0.5849748 1.1134748 0.1691878 0.2062148 0.0000000 0.2457958 0.4105307 0.8511637 0.7897220 0.6990485 0.7809937 0.6872487 0.8230754 0.8333323 0.7937983 0.7990322 0.7633805 0.7741313 0.7933591 0.7086054 0.7102783 0.8479673 0.6296894 0.4454949 0.3504283 0.6680334 1.1590241 0.8792427 0.9188034 0.6441048 0.6849966 0.5843661 0.7958884 0.8617681 0.8560658 0.9070393 0.7877380 0.9270921 0.9529136 0.9560418 0.8596575 0.9130511 0.9464952 0.9967623 0.9076471 0.9040584 0.9213108 0.9726281 0.8983801 1.5375986 1.6255320 1.5343399 2.2101732 
Lcom_lcpid86257                                         0.7521185 0.6372593 0.6720954 0.6783026 0.9575775 0.6371130 0.5651584 0.5328506 0.5681615 0.5413107 0.4940463 0.4996092 0.4934251 0.5923431 0.6220894 0.7507589 0.6213500 0.6595603 0.6363066 0.7327468 0.6428069 0.7099751 0.6311954 0.6129243 0.7076135 0.6547754 1.0105373 0.2164425 0.2623147 0.2457958 0.0000000 0.4382946 0.8482887 0.8409728 0.7308760 0.7828175 0.7047863 0.8014525 0.8114920 0.8301561 0.8146106 0.7915280 0.8024689 0.8228834 0.6602884 0.6965689 0.8664604 0.6455259 0.4329906 0.3908553 0.6974880 1.1046451 0.8805781 1.0386169 0.6940908 0.7164223 0.5075709 0.8463085 0.9463720 0.8756052 0.9070996 0.7320229 0.8937390 0.9836703 0.9867679 0.9518253 0.9908289 1.0517051 1.0490067 1.0301222 1.0396750 1.0506595 1.0346946 0.9498753 1.6794937 1.7902739 1.4712096 1.9451795 
Clacor_Ccor_C531445_01                                  0.9052237 0.6366638 0.8052096 0.7916860 0.5911177 0.5810359 0.5042492 0.5448706 0.5562468 0.5154474 0.5134413 0.4480784 0.5449853 0.5021527 0.4983648 1.2439076 0.5857303 0.5472889 0.5483823 0.6817565 0.7193960 0.6457709 0.5806428 0.6112477 0.7705118 0.7521323 0.7579949 0.4252161 0.4354760 0.4105307 0.4382946 0.0000000 0.7452612 0.8197042 0.5753844 0.7493630 0.5605832 0.8389490 0.8567886 0.8638730 0.8578633 0.8382976 0.8493792 0.8487854 6.2386690 0.7205154 2.4732086 0.6707956 0.0000010 0.0000010 0.8887885 1.3232403 1.3576253 0.8276429 0.7967849 0.5782551 0.0000010 0.7995585 1.0181495 1.0481057 1.0481057 0.0000010 1.1699668 1.1012099 1.1012099 0.9548473 0.9693239 1.0636229 1.1435192 1.0791054 1.0542141 0.9492924 0.9492924 1.0199518 1.3559457 1.4069630 2.9967847 3.9964590 
Hvul_g17258_1                                           0.6688247 0.5842434 0.6495155 0.6867892 0.6998847 0.7308673 0.6889948 0.7245526 0.7680114 0.7992028 0.7063009 0.6861514 0.7593587 0.8621935 0.7086926 1.1379745 0.7509794 0.8085517 0.7413580 0.7805819 0.7452118 0.8996206 0.6113892 0.7769961 0.8548805 0.8006517 1.0598668 0.7099208 0.8244667 0.8511637 0.8482887 0.7452612 0.0000000 1.0604980 0.7402647 0.9289614 0.8268888 0.9175098 0.9141078 0.8559427 0.8494968 0.8158348 0.8236788 0.8287046 1.0560351 0.8079274 1.5076557 0.8617493 0.4154775 0.8621882 0.7780830 1.0206290 1.0308294 0.5892657 0.9446562 0.7396401 0.6430766 0.9292586 1.0705947 1.1216813 1.1180454 1.1908725 1.2691239 1.1060590 1.1060590 0.9847004 0.9164926 1.0345022 1.0606001 1.2520671 1.2417398 1.2337367 1.2044910 1.0476833 1.6951006 1.8156346 0.8784410 2.9131002 
Emue_Em0020g1026a.t1                                    0.8852211 0.8101008 0.9532628 0.9509519 0.8259273 0.8044171 0.6823515 0.6000330 0.7571882 0.6712122 0.6918089 0.5805997 0.7227900 0.7039178 0.7825857 1.2921824 0.8481903 0.6938991 0.8819859 0.9142089 0.8684613 0.6399410 0.5241721 0.6322412 0.8701281 0.7178181 0.2986473 0.7217849 0.7049811 0.7897220 0.8409728 0.8197042 1.0604980 0.0000000 0.1385297 0.1071605 0.8311767 0.7479081 0.7346578 0.7393605 0.7564698 0.7981222 0.8088261 0.8052651 8.9999989 1.0002209 2.4797769 0.6560856 0.0000010 0.0000010 0.8838319 1.0557987 1.2794154 0.7407257 0.6397811 0.6543202 0.8561647 0.8369637 1.0367240 1.1855889 1.1855889 0.0000010 1.2215042 1.0413827 1.0413827 0.9600553 1.0857785 0.9671527 1.1642978 1.3034076 1.2861239 0.9650574 0.9650574 0.7922849 1.4126962 1.5003964 3.2587149 3.9675696 
Spolac_c103464_g1_i2_m.34385c103464-g1                  0.7077784 0.6218184 0.5877517 0.6296018 0.4748153 0.5990066 0.4640431 0.5734864 0.5043546 0.5189096 0.4659215 0.4858006 0.4712983 0.5772878 0.4830956 0.7706012 0.6428761 0.6563321 0.6954456 0.6873735 0.7413028 0.5672067 0.4275929 0.4974265 0.7637745 0.6567935 0.6971347 0.5376834 0.7074309 0.6990485 0.7308760 0.5753844 0.7402647 0.1385297 0.0000000 0.0497143 0.7622099 0.5942353 0.5929083 0.6041567 0.6129243 0.6344161 0.6435093 0.6261897 0.7046545 0.7351358 1.0409279 0.5039376 0.3416096 0.6423532 0.5820400 0.5677294 0.5581123 0.7089568 0.7504559 0.5840097 0.4271829 0.6938571 0.8935198 0.9694576 0.9748573 1.0168624 1.0005851 0.9286569 0.9286569 0.8669265 0.9981721 0.9096399 1.0334085 1.1206675 1.1132051 1.0948836 0.9448370 0.9384563 1.4758552 1.8159379 0.9689005 4.2906706 
Spolac_c103464_g1_i3_m.34388c103464-g1                  0.7898922 0.7413054 0.7927828 0.8047738 0.8205703 0.7720643 0.6134519 0.5684961 0.6769815 0.6732161 0.6326188 0.5616291 0.6329410 0.7695544 0.6414114 0.8871550 0.7579259 0.6965372 0.7777052 0.8177161 0.7703392 0.6044869 0.4974760 0.5714068 0.7872518 0.6954639 0.6971347 0.7256905 0.7424243 0.7809937 0.7828175 0.7493630 0.9289614 0.1071605 0.0497143 0.0000000 0.8410886 0.7228953 0.7215169 0.6811146 0.6930380 0.7452369 0.7521987 0.7212003 0.7046545 0.8588734 1.3108951 0.6149466 0.3416096 0.6423532 0.7200845 0.8792251 0.8891018 0.7089568 0.5788647 0.5926929 0.4271829 0.7989486 1.0176170 1.0164395 1.0269573 1.0168624 1.0288687 1.0263749 1.0263749 0.9028375 1.0369701 0.9176395 1.0942973 1.1875238 1.1698322 0.9726090 0.8470346 0.9384563 1.3655767 1.4673028 1.6917742 3.7352279 
Hsap_ENST00000216194                                    0.8965354 0.7985339 0.7886685 0.8172510 0.7169428 0.6270771 0.6876713 0.6203653 0.6229693 0.6130307 0.5666281 0.5831797 0.6166848 0.6437879 0.6865139 0.9301796 0.5030342 0.5240035 0.6255777 0.6034784 0.5557406 0.7076491 0.5485773 0.6769171 0.9275832 0.8190730 0.8621898 0.7118056 0.6853256 0.6872487 0.7047863 0.5605832 0.8268888 0.8311767 0.7622099 0.8410886 0.0000000 0.8284448 0.8429055 0.8330597 0.7907251 0.7689785 0.7799630 0.7513653 0.8481170 0.6710311 1.1307653 0.6812554 0.7320060 0.9824894 0.7539535 0.7898208 0.8930602 0.7290192 0.5340218 0.7326029 0.8125185 0.7813467 1.0665692 0.9346020 0.9662754 0.8913710 0.9305236 0.9772098 0.9803459 0.8718223 0.8521700 0.8906136 0.9259508 1.0095990 1.0090652 0.9323187 0.9951827 0.8384438 1.3998184 1.4933812 1.6003651 1.1452077 
TrH2_TrispH2_002725-RA                                  0.8235947 0.7537045 0.7697797 0.7397244 0.8442174 0.6692234 0.6671151 0.6092415 0.6720586 0.6385851 0.6231864 0.6238255 0.6538298 0.7510316 0.6335645 0.8369728 0.7728783 0.6781404 0.8620718 0.7966214 0.7612975 0.7789492 0.5587899 0.6606751 0.8178089 0.7247554 0.7603374 0.9382612 0.8410371 0.8230754 0.8014525 0.8389490 0.9175098 0.7479081 0.5942353 0.7228953 0.8284448 0.0000000 0.0049945 0.2093625 0.1887806 0.2092533 0.2112897 0.2015889 0.7794013 0.8046698 0.9602990 0.7243247 0.6607879 0.8155476 0.7157914 0.8803365 0.8662123 0.9341309 0.5717168 0.7777229 0.7463151 0.8408172 1.0234801 1.0255439 1.0289390 1.0761109 1.0302471 1.0016706 1.0154171 1.0240071 0.9981736 1.0288449 1.0868786 1.1408385 1.1360612 1.0487648 1.0097044 0.9828528 1.2458020 1.3329262 1.2877171 2.5575748 
Tadh_TriadT20946                                        0.8222950 0.7525981 0.7677392 0.7386501 0.8442174 0.6783256 0.6797720 0.6224762 0.6849001 0.6513178 0.6352332 0.6362555 0.6662351 0.7597579 0.6459550 0.8568995 0.7865859 0.6668502 0.8765825 0.8095311 0.7750890 0.7772437 0.5761689 0.6628975 0.8165047 0.7129657 0.7227851 0.9382612 0.8510921 0.8333323 0.8114920 0.8567886 0.9141078 0.7346578 0.5929083 0.7215169 0.8429055 0.0049945 0.0000000 0.2165734 0.1981329 0.2170538 0.2191627 0.2112528 0.7634377 0.7917945 0.9765537 0.7379905 0.6607879 0.8155476 0.7147964 0.8764065 0.8646640 0.8845333 0.5717168 0.7885028 0.7620627 0.8544154 1.0225837 1.0107358 1.0064942 1.0761109 1.0246057 0.9988988 1.0126108 1.0220738 0.9920563 1.0261919 1.0801813 1.1347592 1.1202116 1.0324533 0.9937495 0.9569612 1.2458020 1.3329262 1.2827649 2.6485500 
HoiH23_PlH23_005299-RA                                  0.8224372 0.7625926 0.8198603 0.8049225 0.8102205 0.6619184 0.6147627 0.5864247 0.6711302 0.6206240 0.6197727 0.6148594 0.6496367 0.7339742 0.6296208 0.8433123 0.6998794 0.6758602 0.8619815 0.7670694 0.7510800 0.7149614 0.6105952 0.7001247 0.7867740 0.7413418 0.8248929 0.8432444 0.8320129 0.7937983 0.8301561 0.8638730 0.8559427 0.7393605 0.6041567 0.6811146 0.8330597 0.2093625 0.2165734 0.0000000 0.0336389 0.1078948 0.1077025 0.1093225 0.8473971 0.8232568 0.9906189 0.7239942 0.6954176 0.8611094 0.7036688 0.8562913 0.8803291 0.8649338 0.6152254 0.7740996 0.7431490 0.8287989 1.0458384 1.0476665 1.0310898 1.0814467 1.0287547 1.0086654 1.0116481 1.0260794 0.9919557 1.0748351 1.0138915 1.1180005 1.1086943 0.9742715 0.8923164 1.0261046 1.3788492 1.5227120 1.2197604 2.4126677 
HoiH06_mRNA12255                                        0.7856500 0.7042915 0.7747598 0.7486414 0.6391297 0.6222724 0.5906616 0.4980103 0.6215198 0.5881454 0.5898357 0.5430217 0.6173757 0.7071087 0.5570905 0.8534552 0.6782477 0.6652016 0.8241533 0.7715051 0.7353293 0.6950727 0.6118088 0.7323087 0.7277958 0.6610262 0.7852178 0.8613832 0.8337332 0.7990322 0.8146106 0.8578633 0.8494968 0.7564698 0.6129243 0.6930380 0.7907251 0.1887806 0.1981329 0.0336389 0.0000000 0.0793370 0.0831423 0.0981846 0.7072089 0.7213520 1.0684472 0.7180039 0.7930032 0.8811049 0.6712157 0.8416269 0.9163258 0.7582177 0.6965443 0.7035207 0.5613746 0.7248206 1.0335919 1.0166677 1.0226887 1.2065233 1.0532775 1.0272438 1.0272438 1.0388561 0.9621088 1.0744531 0.9865043 1.0605458 1.0549106 1.0616155 0.9045401 1.0435914 1.3893431 1.5337765 1.2633181 2.7898839 
HoiH04_mRNA13038                                        0.8182389 0.7174977 0.7769331 0.7503694 0.7487935 0.6059233 0.6020519 0.5307424 0.6211522 0.5730312 0.5529396 0.5571317 0.6060745 0.6727389 0.6378467 0.7723383 0.6577150 0.6615069 0.8367180 0.7358691 0.7269845 0.7359680 0.5933243 0.7051611 0.7601815 0.6761255 0.7652115 0.8427322 0.8039911 0.7633805 0.7915280 0.8382976 0.8158348 0.7981222 0.6344161 0.7452369 0.7689785 0.2092533 0.2170538 0.1078948 0.0793370 0.0000000 0.0052530 0.1141679 0.8173213 0.7905159 0.9180675 0.7391566 0.5820737 0.7785211 0.6670109 0.8837250 0.8782003 0.8767737 0.5955695 0.7213476 0.7237441 0.8368779 1.0369364 1.0483862 1.0491884 1.0663001 1.0491130 1.0142647 1.0172347 0.9840861 1.0079851 1.1044214 0.9918127 1.0834157 1.0794676 0.9965866 0.9499805 1.0405658 1.4048178 1.5527577 1.2760432 2.6317012 
Hhon_g00470.t1                                          0.8236711 0.7276702 0.7877322 0.7608855 0.7623428 0.6154013 0.6064723 0.5403637 0.6306819 0.5823018 0.5615832 0.5662637 0.6153056 0.6836938 0.6392737 0.7878603 0.6698138 0.6609881 0.8482113 0.7462881 0.7375630 0.7433079 0.5956146 0.7135545 0.7711743 0.6809489 0.7652115 0.8550201 0.8082926 0.7741313 0.8024689 0.8493792 0.8236788 0.8088261 0.6435093 0.7521987 0.7799630 0.2112897 0.2191627 0.1077025 0.0831423 0.0052530 0.0000000 0.1181097 0.8173213 0.8017165 0.9304096 0.7442805 0.5820737 0.7776578 0.6713470 0.8833056 0.8847342 0.8757017 0.5955695 0.7189610 0.7237441 0.8482504 1.0460558 1.0492056 1.0498018 1.0861549 1.0570877 1.0278732 1.0308183 0.9973349 1.0143865 1.1115112 0.9887424 1.0917666 1.0878008 1.0036325 0.9609937 1.0547843 1.4048178 1.5527577 1.2934130 2.6317012 
HoiH11_mRNA5699                                         0.8194733 0.6817766 0.7551581 0.7190751 0.6088354 0.6676224 0.5955555 0.5396487 0.6232190 0.5997241 0.5961501 0.5746473 0.6241114 0.7223015 0.5453981 0.8333046 0.6957554 0.6946694 0.7643665 0.7380511 0.7388810 0.7433350 0.6008446 0.7562321 0.7533725 0.6618773 0.7751923 0.8548022 0.8146473 0.7933591 0.8228834 0.8487854 0.8287046 0.8052651 0.6261897 0.7212003 0.7513653 0.2015889 0.2112528 0.1093225 0.0981846 0.1141679 0.1181097 0.0000000 0.7618512 0.7559635 1.1415772 0.7312520 0.6949088 0.8551707 0.6806814 0.7845579 0.9223301 0.7227021 0.7024303 0.7252556 0.5567400 0.7621413 1.0067861 1.0456449 1.0482706 1.1872160 1.0406053 0.9891544 0.9832601 0.9715079 0.9610024 1.0770163 0.9953179 1.0693234 1.0479324 1.0469847 0.8996669 1.0407742 1.4130836 1.5200720 1.2917452 2.6012768 
Cscu_XM_023357864.1                                     0.8146327 0.7591851 0.6172113 0.5978971 8.9999989 0.6483551 0.6543849 0.5887766 0.6581282 0.6659776 0.6514102 0.6547695 0.6557256 0.8710793 0.6213094 0.6102962 0.6623042 0.8399417 0.7017158 0.7648811 0.8029793 0.7982709 0.8470513 0.6991939 0.7412746 0.6783261 0.7303691 7.8545672 0.8394751 0.7086054 0.6602884 6.2386690 1.0560351 8.9999989 0.7046545 0.7046545 0.8481170 0.7794013 0.7634377 0.8473971 0.7072089 0.8173213 0.8173213 0.7618512 0.0000000 0.0662325 0.7264141 0.6049614 0.4004943 0.6342154 0.6711833 0.5028744 0.6711833 2.7194652 3.7267483 0.8774631 0.4341851 0.8791338 0.8764378 0.8434147 0.9969700 0.8335422 0.9478239 1.0597595 1.0597595 0.9750849 1.0347374 1.0265314 0.9748762 1.0909231 1.0715061 0.9913822 2.6706352 1.0956311 7.0493864 7.0493864 0.7382401 2.0857771 
Cscu_XM_023377074.1                                     0.7900835 0.6377437 0.6093024 0.5975380 0.9022415 0.6385677 0.6001167 0.6427061 0.6570425 0.6029407 0.6212883 0.6291639 0.6490594 0.6904984 0.6606674 0.8961632 0.6199496 0.6637582 0.6794457 0.7122607 0.7104096 0.7417254 0.6830315 0.7346516 0.8591992 0.7243795 0.5663324 0.7681220 0.7892302 0.7102783 0.6965689 0.7205154 0.8079274 1.0002209 0.7351358 0.8588734 0.6710311 0.8046698 0.7917945 0.8232568 0.7213520 0.7905159 0.8017165 0.7559635 0.0662325 0.0000000 1.0733514 0.7604245 0.5578427 0.7408468 0.7325524 0.9109131 0.9145189 0.8016433 0.7753809 0.8147150 0.5691574 0.7201819 0.8909360 0.8884685 0.9473255 0.8488838 0.9629342 0.9837962 0.9839370 0.9637037 0.8303371 0.9246167 0.9554136 0.9978477 0.9895677 0.9283276 0.9603876 0.8760744 1.3603685 1.4743275 1.3534282 2.6416612 
Xesp_018412-T1                                          0.8358394 0.8117323 0.8518766 0.8750551 5.0230080 0.4882418 0.7549100 0.7409825 0.7538671 0.7457924 0.7038832 0.7598015 0.7538215 0.9082705 0.7654041 0.6789748 0.8322206 0.9108360 1.0648554 0.8707419 0.9564832 1.3127894 1.3393639 0.8497936 0.9665253 1.0034325 0.9177026 4.2561861 0.9074333 0.8479673 0.8664604 2.4732086 1.5076557 2.4797769 1.0409279 1.3108951 1.1307653 0.9602990 0.9765537 0.9906189 1.0684472 0.9180675 0.9304096 1.1415772 0.7264141 1.0733514 0.0000000 0.7892561 0.4328783 0.5951034 0.8783678 1.1840390 0.9052583 1.2030347 2.6290213 0.9350987 0.6172502 1.0666002 1.1213900 1.1328066 1.9426456 0.6788641 1.1466879 1.3661873 1.3695227 1.2877993 1.2207102 1.2952938 1.1850934 1.2618663 1.2922704 1.4391515 3.3929216 1.1638703 5.1419973 5.3001983 0.9671117 2.2515911 
