55
Tetwil_g18896.t1                                       0.0000000 0.6449679 0.5813097 2.0438053 1.1061659 1.1168198 1.6772324 2.2611001 2.0155395 2.1883911 1.9870624 2.3653952 1.6705233 1.8910012 1.3688003 1.4062011 1.3226014 1.2788499 1.2788499 1.5723470 1.5908112 1.3473723 1.4421655 1.3620653 1.3296120 1.8654110 1.7740132 1.9896048 1.2373483 3.4764984 1.7534041 1.3536537 1.0348340 1.2561431 1.1896517 1.4369934 2.5253084 1.3265802 1.1696747 1.6397462 1.8035453 1.4809079 1.4018583 1.4137969 1.6585572 1.8319960 1.5824789 1.5035240 1.5154626 1.7320341 1.4922414 1.7798448 1.8953974 1.9058592 2.4077919 
Spolac_c97412_g1_i1_m.14951c97412-g1                   0.6449679 0.0000000 0.7313859 1.6523698 1.4234107 1.3520374 2.3830111 1.9566749 1.8646476 1.8849638 1.7055773 2.1000000 1.6395792 1.7767372 1.4253947 1.3937922 1.3817844 1.3497730 1.3497730 1.5013106 1.3859354 1.9042177 1.6766654 1.6399562 1.5187492 1.7347948 1.5893448 1.6651559 1.5020181 1.8445675 1.5185827 1.4505271 1.3487853 1.3439090 1.3528289 1.5830952 1.9529793 1.9340590 1.7677794 1.8255897 1.8938989 1.4936046 1.6040338 1.4945235 1.7695540 1.8927158 1.9893446 1.9450638 2.2213880 2.1152893 1.8112234 2.0986214 2.0271070 1.9641896 2.3326135 
Stycar_maker-SC_scaffold6214-snap-gene-0.16-mRNA-1     0.5813097 0.7313859 0.0000000 1.6189430 1.4867545 1.1016447 1.9969005 1.8047481 1.6114598 1.7863022 1.6088254 2.0165006 1.4073044 1.7233944 1.3687690 1.2667020 1.3089263 1.3220268 1.3220268 1.3934912 1.3007127 2.5564337 1.7288878 1.6983503 1.3569205 1.5828125 1.5583614 1.5263911 1.4385588 1.7843577 1.2815583 1.5420014 1.3131739 1.3265841 1.4433091 1.7095082 2.1135032 1.7854407 1.6574164 1.5002298 1.8964511 1.5958576 1.4527779 1.5767922 1.6380992 1.7315666 1.8056126 1.8289606 2.1422480 2.1782975 1.9430953 2.1573216 2.0909498 2.0496926 2.5597776 
Xestes_maker-XT_scaffold50434-augustus-gene-0.5-mRNA-1 2.0438053 1.6523698 1.6189430 0.0000000 0.6625061 0.8142442 2.3276942 2.6393307 2.6393307 2.5920605 2.6236738 2.4553591 2.2266362 2.5753705 2.0889166 2.0095077 1.9225882 2.1161560 2.1161560 2.1676106 2.2063372 3.8460563 2.3390356 2.5112206 1.9157342 2.4181914 1.6195582 1.9164664 1.9383661 2.3653181 2.4027122 2.3665697 2.6504707 2.0399626 2.3496651 2.4710268 1.8003772 2.1038284 1.9613628 2.0497724 1.9778106 2.2275483 2.1448662 2.2552055 2.3288954 2.4742228 2.0882592 2.3449214 2.8835895 2.3159839 2.0010048 2.0316773 2.1417138 2.1765239 8.9999990 
Halamb_c48230_g1_i7mm.2568                             1.1061659 1.4234107 1.4867545 0.6625061 0.0000000 0.5056484 1.9547368 2.6562476 2.4500727 2.6321657 2.4922673 2.8752177 2.1949689 2.5475487 1.8356942 1.8868966 1.9010882 1.9694398 1.9694398 2.0629968 1.9310475 2.8052504 2.2783066 2.2415452 1.9778946 2.4160748 1.9026803 1.8567849 1.9040162 2.2747021 2.1782710 2.0727161 1.8750341 1.8500403 1.7779656 2.2690592 1.9414957 2.0073992 1.9337125 1.6861286 2.2377585 2.0159170 2.0616377 2.0488308 1.6771469 2.2485218 2.2521096 2.2227826 2.2624805 2.4860413 2.3389469 2.5292253 2.3979546 2.3020925 3.7762216 
Aque_Aqu2.1.22311_001                                  1.1168198 1.3520374 1.1016447 0.8142442 0.5056484 0.0000000 2.4244970 2.3478238 2.1014046 2.1510031 2.0485062 2.4978805 1.8625768 2.0606039 1.7750588 1.8118028 1.8962270 1.8966619 1.8966619 1.9579123 2.0551745 2.7870229 2.1178945 2.1066309 1.9256276 2.2065181 1.7856327 1.9299237 1.8023731 2.2052427 2.2443041 1.9780357 2.0233576 1.8665138 1.9471341 2.2573521 2.3379378 2.1618627 1.8851003 1.9254862 2.0258554 1.7418846 1.7594885 1.9938333 2.0449976 2.1213787 2.1006982 2.0048587 2.2639786 2.1331699 2.0113379 2.2382433 2.2229234 2.2059908 3.5224709 
Tcas_TC030561_001                                      1.6772324 2.3830111 1.9969005 2.3276942 1.9547368 2.4244970 0.0000000 1.7072964 1.5929589 1.6953874 1.7023792 1.6974837 1.5072775 1.7225179 1.4199900 1.5588808 1.5427687 1.4763510 1.4763510 1.4830311 1.4711915 2.3558357 1.6493318 1.7298569 1.3901906 1.4769159 1.5258455 1.6063173 1.2370381 1.6817965 1.5930552 1.4361080 1.1860968 1.2989389 1.4261236 1.4539782 1.5565063 1.2523600 1.3685278 1.7681169 1.5495502 1.6498928 1.5540727 1.6593060 1.3662993 1.6807385 1.4085051 1.6212123 1.7908574 1.8653775 1.4112135 1.8764776 1.6835356 1.7512941 3.1452418 
HoiH04_mRNA17939                                       2.2611001 1.9566749 1.8047481 2.6393307 2.6562476 2.3478238 1.7072964 0.0000000 0.0405910 0.1776637 0.1314501 0.2705701 0.1528668 0.1890999 1.2813006 1.2748902 1.2792618 1.3582995 1.3582995 1.3030584 1.3042945 2.0239495 1.6448474 1.7103668 1.3436453 1.4489561 1.4374955 1.6423694 1.3165691 1.3255216 1.3508952 1.4117313 1.5569246 1.5015807 1.5434537 1.6742931 1.5569112 1.9000432 1.6606063 2.0680618 1.5894407 1.4295329 1.3522350 1.6708464 1.8550114 2.3014260 2.2205024 2.2954320 2.6275115 2.3219010 2.3013403 2.2998922 2.3139884 2.2958474 5.0442322 
Hhon_g04074.t1                                         2.0155395 1.8646476 1.6114598 2.6393307 2.4500727 2.1014046 1.5929589 0.0405910 0.0000000 0.1467293 0.0790771 0.2272067 0.1522994 0.1721354 1.2209914 1.1984181 1.2178903 1.2783208 1.2783208 1.1743450 1.2242342 1.9160827 1.5462929 1.5878135 1.1663802 1.3632682 1.3118468 1.5166485 1.2091297 1.3255216 1.2215328 1.4020836 1.4377188 1.3870563 1.5259121 1.5813312 1.5569112 1.7976031 1.5231374 1.8789313 1.5054139 1.3503865 1.3328894 1.5771696 1.5091982 2.1941824 2.1579852 2.2306953 2.5529106 2.1505368 2.1352674 2.1038864 2.1944101 2.1505763 3.7227862 
HoiH06_mRNA2880                                        2.1883911 1.8849638 1.7863022 2.5920605 2.6321657 2.1510031 1.6953874 0.1776637 0.1467293 0.0000000 0.0684407 0.2246436 0.1352619 0.1651153 1.2287994 1.2052189 1.2905249 1.3125602 1.3125602 1.2997820 1.2379714 2.0171269 1.5957974 1.6299233 1.3303920 1.4600877 1.4488243 1.5877557 1.3124237 1.3021209 1.2636890 1.4537128 1.5914623 1.5783136 1.5535758 1.5879886 1.6605522 1.7842407 1.5127475 1.9886014 1.6438434 1.3686455 1.3114350 1.8116151 1.8334129 1.9915410 1.9632809 1.9700417 2.2937744 2.1345870 2.0176674 2.0975589 2.1803091 2.2168384 4.1610122 
HoiH23_PlH23_000808-RA                                 1.9870624 1.7055773 1.6088254 2.6236738 2.4922673 2.0485062 1.7023792 0.1314501 0.0790771 0.0684407 0.0000000 0.1982376 0.1417239 0.1461839 1.1665018 1.1445022 1.1785031 1.2211131 1.2211131 1.1502311 1.1746400 1.8373791 1.5002340 1.5401348 1.1298197 1.3589550 1.3651564 1.5546076 1.2173442 1.3554815 1.2445598 1.3819974 1.5003243 1.4790461 1.5417685 1.5838944 1.6816733 1.7385301 1.5083509 1.8761613 1.5360522 1.3666875 1.3416993 1.6421613 1.6754564 2.1843846 2.1652854 2.1881191 2.5511616 2.1301306 2.1430412 2.1136098 2.2054729 2.1609962 3.6553530 
TrH2_TrispH2_008657-RA                                 2.3653952 2.1000000 2.0165006 2.4553591 2.8752177 2.4978805 1.6974837 0.2705701 0.2272067 0.2246436 0.1982376 0.0000000 0.0124495 0.1483912 1.3363113 1.3037087 1.3751378 1.4291990 1.4291990 1.2967581 1.3109480 2.1855209 1.5653481 1.6161316 1.2704755 1.5717788 1.5171509 1.7441592 1.3429664 1.2801242 1.2631257 1.5175847 1.6476481 1.7513706 1.6107654 1.6993146 1.7026499 1.8336504 1.4770498 1.9520773 1.6760505 1.3280267 1.4338186 1.7005429 1.8684802 2.1850423 2.1569819 2.2208299 2.5441434 2.2627901 2.2653551 2.1927655 2.1738677 2.2063753 3.8472230 
Tadh_TriadT18676                                       1.6705233 1.6395792 1.4073044 2.2266362 2.1949689 1.8625768 1.5072775 0.1528668 0.1522994 0.1352619 0.1417239 0.0124495 0.0000000 0.1052178 1.0744497 1.0655623 1.0997574 1.1298516 1.1298516 1.0261367 1.0490260 1.7516981 1.3694042 1.3868323 1.1191398 1.2899234 1.1911305 1.3484987 0.9992192 1.2550473 1.1348056 1.2193074 1.3736397 1.3260229 1.3526035 1.3626882 1.5324325 1.6733522 1.2778506 1.5585967 1.2846406 1.1275728 1.2222356 1.3863430 1.6033062 1.8975096 1.8908393 1.9443696 2.2501068 1.9728161 1.8657238 1.7953477 1.8569667 1.8104839 3.0411105 
HoiH11_mRNA6154                                        1.8910012 1.7767372 1.7233944 2.5753705 2.5475487 2.0606039 1.7225179 0.1890999 0.1721354 0.1651153 0.1461839 0.1483912 0.1052178 0.0000000 1.2043947 1.1645759 1.2256153 1.2617710 1.2617710 1.1179994 1.2202684 2.0093770 1.5946892 1.6238239 1.1929461 1.3679467 1.3255465 1.5737484 1.2218068 1.2314515 1.2550066 1.3708799 1.5227951 1.4788482 1.4581226 1.5294732 1.5410309 1.7807273 1.3150583 1.8149349 1.4625574 1.3196116 1.3566117 1.5810106 1.7532700 2.2665539 2.1716021 2.2010195 2.5230825 2.2061206 2.2592195 2.0140285 2.1075020 1.9938158 3.6358316 
Adig_XM_015904948.1                                    1.3688003 1.4253947 1.3687690 2.0889166 1.8356942 1.7750588 1.4199900 1.2813006 1.2209914 1.2287994 1.1665018 1.3363113 1.0744497 1.2043947 0.0000000 0.0969792 0.0948473 0.0982849 0.0982849 0.2228347 0.2863667 0.3867770 0.8031249 0.7677954 0.6034324 0.7298756 0.6536240 0.6942902 0.7848384 0.6355287 0.7356468 0.9538458 1.0212316 0.8361378 0.8036486 0.9295591 1.0326845 1.0014626 1.0927428 1.0195022 1.0978525 1.0577256 1.0170724 1.2729807 1.0638925 1.3422082 1.3922522 1.4119765 1.6149897 1.6026386 1.5584820 1.5265696 1.4920962 1.4111861 2.3023817 
Gfas_gfas1.m1.6383.m1                                  1.4062011 1.3937922 1.2667020 2.0095077 1.8868966 1.8118028 1.5588808 1.2748902 1.1984181 1.2052189 1.1445022 1.3037087 1.0655623 1.1645759 0.0969792 0.0000000 0.1035093 0.0975764 0.0975764 0.2362126 0.3098121 0.4098169 0.8105234 0.7762523 0.5828477 0.7106740 0.6709708 0.7085162 0.7835800 0.6211763 0.7418267 0.9208737 0.9870174 0.8398981 0.7925858 0.9318369 1.0624291 1.0218888 1.0471741 1.0465538 1.0922953 1.0249038 0.9498742 1.2089433 1.0727216 1.3987396 1.3955455 1.4312063 1.6407740 1.6253650 1.5737601 1.5803143 1.5697931 1.5337817 2.3996071 
Fspp_ffun1.m4.21002.m1                                 1.3226014 1.3817844 1.3089263 1.9225882 1.9010882 1.8962270 1.5427687 1.2792618 1.2178903 1.2905249 1.1785031 1.3751378 1.0997574 1.2256153 0.0948473 0.1035093 0.0000000 0.0814925 0.0814925 0.2253500 0.3074847 0.3698276 0.8259371 0.7904052 0.6159213 0.7436468 0.6746176 0.7385978 0.7679836 0.6054005 0.7361427 0.9807269 0.9979887 0.8789749 0.7868095 0.8936549 1.0132439 0.9896843 1.0579132 1.0842026 1.1436825 1.0758365 0.9678687 1.1847918 1.1252622 1.3258994 1.3795641 1.4141081 1.6209620 1.5585087 1.5757367 1.5912826 1.5249837 1.5020342 2.1260910 
Pocdam_XM_027182146.1                                  1.2788499 1.3497730 1.3220268 2.1161560 1.9694398 1.8966619 1.4763510 1.3582995 1.2783208 1.3125602 1.2211131 1.4291990 1.1298516 1.2617710 0.0982849 0.0975764 0.0814925 0.0000000 0.0000010 0.2494224 0.3284805 0.3196176 0.8077730 0.7727502 0.6210687 0.7326178 0.6919342 0.7422161 0.7713744 0.6160945 0.7745228 1.0225205 0.9916201 0.8579960 0.8062747 0.9005232 1.0931846 1.0353085 1.0658679 1.1270368 1.1576480 1.0945681 1.0177993 1.2628279 1.1466685 1.3089987 1.3943699 1.4100032 1.6134294 1.5940434 1.5890909 1.5832556 1.5247050 1.4926321 2.2181090 
Spis_XP_022805522_1                                    1.2788499 1.3497730 1.3220268 2.1161560 1.9694398 1.8966619 1.4763510 1.3582995 1.2783208 1.3125602 1.2211131 1.4291990 1.1298516 1.2617710 0.0982849 0.0975764 0.0814925 0.0000010 0.0000000 0.2494224 0.3284805 0.3196176 0.8077730 0.7727502 0.6210687 0.7326178 0.6919342 0.7422161 0.7713744 0.6160945 0.7745228 1.0225205 0.9916201 0.8579960 0.8062747 0.9005232 1.0931846 1.0353085 1.0658679 1.1270368 1.1576480 1.0945681 1.0177993 1.2628279 1.1466685 1.3089987 1.3943699 1.4100032 1.6134294 1.5940434 1.5890909 1.5832556 1.5247050 1.4926321 2.2181090 
Exapal_XM_021055132.2                                  1.5723470 1.5013106 1.3934912 2.1676106 2.0629968 1.9579123 1.4830311 1.3030584 1.1743450 1.2997820 1.1502311 1.2967581 1.0261367 1.1179994 0.2228347 0.2362126 0.2253500 0.2494224 0.2494224 0.0000000 0.2286821 0.6284611 0.8653779 0.8643458 0.5929994 0.8308756 0.6168712 0.6895327 0.7723586 0.5199309 0.6635877 0.8441646 0.9490322 0.8751074 0.8093443 0.8838545 1.0360738 1.0007078 1.0894203 1.1487305 1.2464979 1.0377443 1.0199287 1.2643406 1.1825827 1.4972236 1.4994105 1.5183968 1.7390620 1.7548907 1.6653462 1.6823223 1.6425214 1.6306024 2.4098349 
Nvec_v1g170501                                         1.5908112 1.3859354 1.3007127 2.2063372 1.9310475 2.0551745 1.4711915 1.3042945 1.2242342 1.2379714 1.1746400 1.3109480 1.0490260 1.2202684 0.2863667 0.3098121 0.3074847 0.3284805 0.3284805 0.2286821 0.0000000 0.7478281 0.8907260 0.8864004 0.7098282 0.8508918 0.7088997 0.7177588 0.7681857 0.6212999 0.6253742 0.8493566 0.8954829 0.8347990 0.8057227 0.9174176 1.0296936 1.0783638 1.1006594 1.2379870 1.1524124 1.0304227 1.0035462 1.2633615 1.0862371 1.5295822 1.5198262 1.6109872 1.8248354 1.8493019 1.7221915 1.7547682 1.7146280 1.6413580 2.0076571 
Gasp_gasp1.m3.29248.m1                                 1.3473723 1.9042177 2.5564337 3.8460563 2.8052504 2.7870229 2.3558357 2.0239495 1.9160827 2.0171269 1.8373791 2.1855209 1.7516981 2.0093770 0.3867770 0.4098169 0.3698276 0.3196176 0.3196176 0.6284611 0.7478281 0.0000000 1.2581200 1.1802663 1.1636414 1.2494149 1.1771409 1.3653815 1.2702717 1.6636493 1.5064818 1.7446996 1.5735332 1.4324754 1.4289504 1.6146463 2.8214517 1.6384808 1.4834571 1.7365905 2.0418951 1.7082571 1.7086963 2.1149913 1.7200254 1.9974620 1.9454962 1.9963563 2.0119316 2.1114349 2.3467359 2.3116848 2.1673792 2.1679148 2.2181090 
Rhoesc_Res_010662-T1                                   1.4421655 1.6766654 1.7288878 2.3390356 2.2783066 2.1178945 1.6493318 1.6448474 1.5462929 1.5957974 1.5002340 1.5653481 1.3694042 1.5946892 0.8031249 0.8105234 0.8259371 0.8077730 0.8077730 0.8653779 0.8907260 1.2581200 0.0000000 0.1032872 0.3983056 0.6892519 0.9419538 1.0343269 1.1603804 1.0084031 0.9857735 0.9067107 1.0896362 0.9953406 0.9110041 1.0363324 1.0916753 0.8369606 1.4971946 1.1113656 1.2687833 1.2166375 1.2551742 1.4299176 1.1031694 1.4889598 1.2478734 1.3709420 1.5372710 1.4426693 1.3646168 1.5305490 1.3895607 1.3324192 2.8027969 
Nemnom_g14890.t1                                       1.3620653 1.6399562 1.6983503 2.5112206 2.2415452 2.1066309 1.7298569 1.7103668 1.5878135 1.6299233 1.5401348 1.6161316 1.3868323 1.6238239 0.7677954 0.7762523 0.7904052 0.7727502 0.7727502 0.8643458 0.8864004 1.1802663 0.1032872 0.0000000 0.4054303 0.6452536 0.9164197 1.0103792 1.0732566 1.0700850 1.0162441 0.8981198 1.0943033 0.9952077 0.9286274 1.0650269 1.1863361 0.8297702 1.5351682 1.1575734 1.2236998 1.2547420 1.2546206 1.4819910 1.1130000 1.3987665 1.2041985 1.2419771 1.3965953 1.3636186 1.3468075 1.4516887 1.2939717 1.2892387 2.9145702 
Sanmal_Sma_025185-T1                                   1.3296120 1.5187492 1.3569205 1.9157342 1.9778946 1.9256276 1.3901906 1.3436453 1.1663802 1.3303920 1.1298197 1.2704755 1.1191398 1.1929461 0.6034324 0.5828477 0.6159213 0.6210687 0.6210687 0.5929994 0.7098282 1.1636414 0.3983056 0.4054303 0.0000000 0.6226295 0.8003974 0.8447517 0.8733926 0.9070455 0.8350593 0.7878677 0.8138779 0.7989194 0.8102261 0.9292709 0.9389263 0.7166851 1.1960397 0.9611477 1.1457123 1.1075078 1.0737392 1.1905227 0.9559148 1.3394448 1.2673900 1.2992259 1.4446814 1.3977400 1.3023747 1.2992354 1.1889525 1.1873125 3.1981369 
Morvir_scaffold176.g37.t1                              1.8654110 1.7347948 1.5828125 2.4181914 2.4160748 2.2065181 1.4769159 1.4489561 1.3632682 1.4600877 1.3589550 1.5717788 1.2899234 1.3679467 0.7298756 0.7106740 0.7436468 0.7326178 0.7326178 0.8308756 0.8508918 1.2494149 0.6892519 0.6452536 0.6226295 0.0000000 0.8595744 0.8378710 1.0870208 0.8468224 0.8657163 0.8697500 0.9578984 1.0582765 0.9417097 0.9342838 1.0266939 1.0667315 1.2518163 1.2407929 1.1722347 1.3223983 1.1522183 1.2856289 1.2380698 1.3862746 1.3612399 1.2372586 1.3844571 1.5280583 1.5117526 1.5894670 1.4411846 1.4229445 4.0908323 
Xesp_005373-T1                                         1.7740132 1.5893448 1.5583614 1.6195582 1.9026803 1.7856327 1.5258455 1.4374955 1.3118468 1.4488243 1.3651564 1.5171509 1.1911305 1.3255465 0.6536240 0.6709708 0.6746176 0.6919342 0.6919342 0.6168712 0.7088997 1.1771409 0.9419538 0.9164197 0.8003974 0.8595744 0.0000000 0.2652680 0.8438477 0.8056862 0.9295948 0.8483971 1.0550329 0.9429040 1.0342836 1.1333816 1.0202148 1.1034429 1.2278612 1.1858139 1.3394140 1.0677288 0.9586022 1.3237654 1.1120168 1.0955864 1.2302622 1.2716371 1.4206009 1.4448576 1.3996628 1.3335070 1.2209872 1.2425732 3.5384144 
Dgig_XM_028536952.1                                    1.9896048 1.6651559 1.5263911 1.9164664 1.8567849 1.9299237 1.6063173 1.6423694 1.5166485 1.5877557 1.5546076 1.7441592 1.3484987 1.5737484 0.6942902 0.7085162 0.7385978 0.7422161 0.7422161 0.6895327 0.7177588 1.3653815 1.0343269 1.0103792 0.8447517 0.8378710 0.2652680 0.0000000 0.9874483 0.8313756 0.8736910 0.9663868 1.0943526 1.0248173 1.0531625 1.1791589 1.0090801 1.2539611 1.2220189 1.3145825 1.3903583 1.1230797 1.0696958 1.4078039 1.2321428 1.0656058 1.2018143 1.1846328 1.3195218 1.4398987 1.4233619 1.3303050 1.3242910 1.3297279 4.0954254 
Spur_XM_781547.5                                       1.2373483 1.5020181 1.4385588 1.9383661 1.9040162 1.8023731 1.2370381 1.3165691 1.2091297 1.3124237 1.2173442 1.3429664 0.9992192 1.2218068 0.7848384 0.7835800 0.7679836 0.7713744 0.7713744 0.7723586 0.7681857 1.2702717 1.1603804 1.0732566 0.8733926 1.0870208 0.8438477 0.9874483 0.0000000 0.5696680 0.6694471 0.7943217 0.8431931 0.8763629 0.9199074 0.8745430 0.8727631 1.1333324 0.9975906 1.1759737 0.9967666 0.9942106 0.9049841 1.1324640 1.0445536 1.2842709 1.2654804 1.2605963 1.4148652 1.4209233 1.3052044 1.2975592 1.2121869 1.2183495 2.8484930 
Skow_XM_002735247.2                                    3.4764984 1.8445675 1.7843577 2.3653181 2.2747021 2.2052427 1.6817965 1.3255216 1.3255216 1.3021209 1.3554815 1.2801242 1.2550473 1.2314515 0.6355287 0.6211763 0.6054005 0.6160945 0.6160945 0.5199309 0.6212999 1.6636493 1.0084031 1.0700850 0.9070455 0.8468224 0.8056862 0.8313756 0.5696680 0.0000000 0.5762446 0.8889967 1.0163294 0.8308716 0.9546230 0.7949682 0.7474349 1.4925383 1.3014427 1.2491198 1.1754683 1.0542566 1.1732685 1.2943779 1.0683819 1.7020478 1.6564396 1.6858782 1.9100741 1.8330399 1.7044888 1.5442087 1.5685301 1.5265519 3.3743095 
Bralan_BLAG19000773_1                                  1.7534041 1.5185827 1.2815583 2.4027122 2.1782710 2.2443041 1.5930552 1.3508952 1.2215328 1.2636890 1.2445598 1.2631257 1.1348056 1.2550066 0.7356468 0.7418267 0.7361427 0.7745228 0.7745228 0.6635877 0.6253742 1.5064818 0.9857735 1.0162441 0.8350593 0.8657163 0.9295948 0.8736910 0.6694471 0.5762446 0.0000000 0.6674263 0.8095976 0.7374660 0.7923154 0.8035279 1.0690964 1.3067776 1.0028646 1.0883372 1.1189868 1.0032302 1.0774873 1.2917221 0.8333300 1.6195174 1.5759272 1.6243555 1.8044439 1.7804504 1.5669090 1.4431461 1.4776494 1.4707629 1.9390475 
Hsap_ENST00000221114                                   1.3536537 1.4505271 1.5420014 2.3665697 2.0727161 1.9780357 1.4361080 1.4117313 1.4020836 1.4537128 1.3819974 1.5175847 1.2193074 1.3708799 0.9538458 0.9208737 0.9807269 1.0225205 1.0225205 0.8441646 0.8493566 1.7446996 0.9067107 0.8981198 0.7878677 0.8697500 0.8483971 0.9663868 0.7943217 0.8889967 0.6674263 0.0000000 0.8191146 0.7875426 0.8405934 0.9378781 0.9763040 1.1990741 1.0919570 1.1991206 1.2481757 1.3193279 1.1638960 1.4976588 1.1790532 1.7593900 1.6618525 1.5587604 1.8550092 1.8461351 1.5690875 1.4147379 1.5728376 1.5214266 2.2938468 
Cgig_XM_034464527.1                                    1.0348340 1.3487853 1.3131739 2.6504707 1.8750341 2.0233576 1.1860968 1.5569246 1.4377188 1.5914623 1.5003243 1.6476481 1.3736397 1.5227951 1.0212316 0.9870174 0.9979887 0.9916201 0.9916201 0.9490322 0.8954829 1.5735332 1.0896362 1.0943033 0.8138779 0.9578984 1.0550329 1.0943526 0.8431931 1.0163294 0.8095976 0.8191146 0.0000000 0.6728490 0.8505037 0.7293427 0.6991036 1.1005494 0.7455472 1.2632300 1.4271887 1.3738975 1.2992124 1.5402178 1.1934351 1.7486257 1.7744437 1.6808987 1.8596244 2.1249403 1.6294067 1.6925693 1.6552563 1.6369830 1.7037899 
Acagra_model.g11355.t1                                 1.2561431 1.3439090 1.3265841 2.0399626 1.8500403 1.8665138 1.2989389 1.5015807 1.3870563 1.5783136 1.4790461 1.7513706 1.3260229 1.4788482 0.8361378 0.8398981 0.8789749 0.8579960 0.8579960 0.8751074 0.8347990 1.4324754 0.9953406 0.9952077 0.7989194 1.0582765 0.9429040 1.0248173 0.8763629 0.8308716 0.7374660 0.7875426 0.6728490 0.0000000 0.8021763 0.6696522 0.7888357 1.0307149 1.1327807 1.1591218 1.0924815 1.2190128 1.0675544 1.4118080 1.1600998 1.5913265 1.4558242 1.4112678 1.5739345 1.7344185 1.5732806 1.6749350 1.4924678 1.5800610 3.4044738 
Cscu_XM_023366005.1                                    1.1896517 1.3528289 1.4433091 2.3496651 1.7779656 1.9471341 1.4261236 1.5434537 1.5259121 1.5535758 1.5417685 1.6107654 1.3526035 1.4581226 0.8036486 0.7925858 0.7868095 0.8062747 0.8062747 0.8093443 0.8057227 1.4289504 0.9110041 0.9286274 0.8102261 0.9417097 1.0342836 1.0531625 0.9199074 0.9546230 0.7923154 0.8405934 0.8505037 0.8021763 0.0000000 0.6915499 0.8212375 1.2245655 0.8526008 1.4126796 1.3804129 1.3746489 1.1716370 1.4288820 1.3292334 1.6499522 1.7211960 1.6516905 1.8329649 1.8870307 1.4571346 1.6044680 1.5626954 1.5436512 1.3072694 
Ctel_gnl_WGS_AMQN_CAPTEDRAFT_mRNA173776                1.4369934 1.5830952 1.7095082 2.4710268 2.2690592 2.2573521 1.4539782 1.6742931 1.5813312 1.5879886 1.5838944 1.6993146 1.3626882 1.5294732 0.9295591 0.9318369 0.8936549 0.9005232 0.9005232 0.8838545 0.9174176 1.6146463 1.0363324 1.0650269 0.9292709 0.9342838 1.1333816 1.1791589 0.8745430 0.7949682 0.8035279 0.9378781 0.7293427 0.6696522 0.6915499 0.0000000 0.9260721 1.3026536 1.0336600 1.3158735 1.2682628 1.1516412 0.9919595 1.4304032 1.3292108 1.7886695 1.5870153 1.5823596 1.7863152 1.8596799 1.5958542 1.9041721 1.8041067 1.7514247 2.7347964 
Lcom_lcpid232226                                       2.5253084 1.9529793 2.1135032 1.8003772 1.9414957 2.3379378 1.5565063 1.5569112 1.5569112 1.6605522 1.6816733 1.7026499 1.5324325 1.5410309 1.0326845 1.0624291 1.0132439 1.0931846 1.0931846 1.0360738 1.0296936 2.8214517 1.0916753 1.1863361 0.9389263 1.0266939 1.0202148 1.0090801 0.8727631 0.7474349 1.0690964 0.9763040 0.6991036 0.7888357 0.8212375 0.9260721 0.0000000 1.0194418 1.0177887 1.1418915 1.1100787 1.6413454 1.4699479 1.7155328 1.2160787 1.9121975 2.0537672 2.1288778 2.1680633 1.9918231 1.7104122 1.7295897 1.8423365 1.7584732 3.4972762 
Hvul_g12700_1                                          1.3265802 1.9340590 1.7854407 2.1038284 2.0073992 2.1618627 1.2523600 1.9000432 1.7976031 1.7842407 1.7385301 1.8336504 1.6733522 1.7807273 1.0014626 1.0218888 0.9896843 1.0353085 1.0353085 1.0007078 1.0783638 1.6384808 0.8369606 0.8297702 0.7166851 1.0667315 1.1034429 1.2539611 1.1333324 1.4925383 1.3067776 1.1990741 1.1005494 1.0307149 1.2245655 1.3026536 1.0194418 0.0000000 1.6177621 1.3794458 1.2958619 1.5846957 1.3363128 1.4461406 1.1476006 1.7052608 1.4838385 1.5241903 1.6844562 1.7913664 1.3254331 1.3829718 1.3819691 1.4784070 2.8135565 
Dpul_mRNA27923                                         1.1696747 1.7677794 1.6574164 1.9613628 1.9337125 1.8851003 1.3685278 1.6606063 1.5231374 1.5127475 1.5083509 1.4770498 1.2778506 1.3150583 1.0927428 1.0471741 1.0579132 1.0658679 1.0658679 1.0894203 1.1006594 1.4834571 1.4971946 1.5351682 1.1960397 1.2518163 1.2278612 1.2220189 0.9975906 1.3014427 1.0028646 1.0919570 0.7455472 1.1327807 0.8526008 1.0336600 1.0177887 1.6177621 0.0000000 1.5122710 1.5258331 1.4317847 1.2188287 1.5606180 1.3789678 1.4607188 1.5092098 1.4747485 1.6419005 1.7500212 1.6191986 1.7292080 1.5523506 1.6385487 2.8595311 
Opea_EP00118_Oscarella_pearsei_P011967                 1.6397462 1.8255897 1.5002298 2.0497724 1.6861286 1.9254862 1.7681169 2.0680618 1.8789313 1.9886014 1.8761613 1.9520773 1.5585967 1.8149349 1.0195022 1.0465538 1.0842026 1.1270368 1.1270368 1.1487305 1.2379870 1.7365905 1.1113656 1.1575734 0.9611477 1.2407929 1.1858139 1.3145825 1.1759737 1.2491198 1.0883372 1.1991206 1.2632300 1.1591218 1.4126796 1.3158735 1.1418915 1.3794458 1.5122710 0.0000000 1.1379294 1.4952673 1.3124846 1.4979175 0.9177768 1.8890592 1.9319073 1.9730512 2.2982331 1.9590045 1.7179423 1.8883282 1.6731098 1.7291049 4.9125361 
Clacor_Ccor_scaffold13118_01                           1.8035453 1.8938989 1.8964511 1.9778106 2.2377585 2.0258554 1.5495502 1.5894407 1.5054139 1.6438434 1.5360522 1.6760505 1.2846406 1.4625574 1.0978525 1.0922953 1.1436825 1.1576480 1.1576480 1.2464979 1.1524124 2.0418951 1.2687833 1.2236998 1.1457123 1.1722347 1.3394140 1.3903583 0.9967666 1.1754683 1.1189868 1.2481757 1.4271887 1.0924815 1.3804129 1.2682628 1.1100787 1.2958619 1.5258331 1.1379294 0.0000000 0.8781042 0.7402404 0.9140321 1.2774104 2.0728718 1.8158811 2.0455296 2.1575614 1.8965397 1.8123176 2.0297747 2.0180808 1.9824003 4.4297602 
Lcom_lcpid91248                                        1.4809079 1.4936046 1.5958576 2.2275483 2.0159170 1.7418846 1.6498928 1.4295329 1.3503865 1.3686455 1.3666875 1.3280267 1.1275728 1.3196116 1.0577256 1.0249038 1.0758365 1.0945681 1.0945681 1.0377443 1.0304227 1.7082571 1.2166375 1.2547420 1.1075078 1.3223983 1.0677288 1.1230797 0.9942106 1.0542566 1.0032302 1.3193279 1.3738975 1.2190128 1.3746489 1.1516412 1.6413454 1.5846957 1.4317847 1.4952673 0.8781042 0.0000000 0.5024400 0.6306185 1.3052857 1.5357477 1.4142266 1.5580087 1.6641897 1.7832600 1.5172532 1.5727878 1.4362267 1.3852015 3.4307150 
Gracom_Gcom_C551630_01                                 1.4018583 1.6040338 1.4527779 2.1448662 2.0616377 1.7594885 1.5540727 1.3522350 1.3328894 1.3114350 1.3416993 1.4338186 1.2222356 1.3566117 1.0170724 0.9498742 0.9678687 1.0177993 1.0177993 1.0199287 1.0035462 1.7086963 1.2551742 1.2546206 1.0737392 1.1522183 0.9586022 1.0696958 0.9049841 1.1732685 1.0774873 1.1638960 1.2992124 1.0675544 1.1716370 0.9919595 1.4699479 1.3363128 1.2188287 1.3124846 0.7402404 0.5024400 0.0000000 0.4627429 1.1742068 1.5148927 1.4088081 1.4973041 1.6139004 1.5229482 1.4315049 1.6181002 1.5457336 1.5002391 2.8184107 
Leuniv_Lniv_scaffold23993_01                           1.4137969 1.4945235 1.5767922 2.2552055 2.0488308 1.9938333 1.6593060 1.6708464 1.5771696 1.8116151 1.6421613 1.7005429 1.3863430 1.5810106 1.2729807 1.2089433 1.1847918 1.2628279 1.2628279 1.2643406 1.2633615 2.1149913 1.4299176 1.4819910 1.1905227 1.2856289 1.3237654 1.4078039 1.1324640 1.2943779 1.2917221 1.4976588 1.5402178 1.4118080 1.4288820 1.4304032 1.7155328 1.4461406 1.5606180 1.4979175 0.9140321 0.6306185 0.4627429 0.0000000 1.1753432 1.8606956 1.5852443 1.8120364 1.8780249 1.8911557 1.6911594 1.7901500 1.7292987 1.6676027 3.2353958 
Plajan_Pjan_scaffold9400_01                            1.6585572 1.7695540 1.6380992 2.3288954 1.6771469 2.0449976 1.3662993 1.8550114 1.5091982 1.8334129 1.6754564 1.8684802 1.6033062 1.7532700 1.0638925 1.0727216 1.1252622 1.1466685 1.1466685 1.1825827 1.0862371 1.7200254 1.1031694 1.1130000 0.9559148 1.2380698 1.1120168 1.2321428 1.0445536 1.0683819 0.8333300 1.1790532 1.1934351 1.1600998 1.3292334 1.3292108 1.2160787 1.1476006 1.3789678 0.9177768 1.2774104 1.3052857 1.1742068 1.1753432 0.0000000 1.7264769 1.5301271 1.6568244 1.6895773 1.5151352 1.7614436 1.8359770 1.6328973 1.6054472 3.2771740 
Beraby_Baby_sb340061                                   1.8319960 1.8927158 1.7315666 2.4742228 2.2485218 2.1213787 1.6807385 2.3014260 2.1941824 1.9915410 2.1843846 2.1850423 1.8975096 2.2665539 1.3422082 1.3987396 1.3258994 1.3089987 1.3089987 1.4972236 1.5295822 1.9974620 1.4889598 1.3987665 1.3394448 1.3862746 1.0955864 1.0656058 1.2842709 1.7020478 1.6195174 1.7593900 1.7486257 1.5913265 1.6499522 1.7886695 1.9121975 1.7052608 1.4607188 1.8890592 2.0728718 1.5357477 1.5148927 1.8606956 1.7264769 0.0000000 0.3041601 0.3356487 0.5268998 0.4344342 0.5015500 0.6796663 0.6361818 0.6482929 3.5373797 
Mlei_ML3221.g8.i1                                      1.5824789 1.9893446 1.8056126 2.0882592 2.2521096 2.1006982 1.4085051 2.2205024 2.1579852 1.9632809 2.1652854 2.1569819 1.8908393 2.1716021 1.3922522 1.3955455 1.3795641 1.3943699 1.3943699 1.4994105 1.5198262 1.9454962 1.2478734 1.2041985 1.2673900 1.3612399 1.2302622 1.2018143 1.2654804 1.6564396 1.5759272 1.6618525 1.7744437 1.4558242 1.7211960 1.5870153 2.0537672 1.4838385 1.5092098 1.9319073 1.8158811 1.4142266 1.4088081 1.5852443 1.5301271 0.3041601 0.0000000 0.2268026 0.3452341 0.3009412 0.3581361 0.5070853 0.5114003 0.5352860 3.3981181 
Horcal_Hcv1.av93.c2.g1142.i1                           1.5035240 1.9450638 1.8289606 2.3449214 2.2227826 2.0048587 1.6212123 2.2954320 2.2306953 1.9700417 2.1881191 2.2208299 1.9443696 2.2010195 1.4119765 1.4312063 1.4141081 1.4100032 1.4100032 1.5183968 1.6109872 1.9963563 1.3709420 1.2419771 1.2992259 1.2372586 1.2716371 1.1846328 1.2605963 1.6858782 1.6243555 1.5587604 1.6808987 1.4112678 1.6516905 1.5823596 2.1288778 1.5241903 1.4747485 1.9730512 2.0455296 1.5580087 1.4973041 1.8120364 1.6568244 0.3356487 0.2268026 0.0000000 0.1209662 0.3513167 0.4151947 0.5908114 0.5773398 0.6185963 3.3534212 
Pbac_sb2643257                                         1.5154626 2.2213880 2.1422480 2.8835895 2.2624805 2.2639786 1.7908574 2.6275115 2.5529106 2.2937744 2.5511616 2.5441434 2.2501068 2.5230825 1.6149897 1.6407740 1.6209620 1.6134294 1.6134294 1.7390620 1.8248354 2.0119316 1.5372710 1.3965953 1.4446814 1.3844571 1.4206009 1.3195218 1.4148652 1.9100741 1.8044439 1.8550092 1.8596244 1.5739345 1.8329649 1.7863152 2.1680633 1.6844562 1.6419005 2.2982331 2.1575614 1.6641897 1.6139004 1.8780249 1.6895773 0.5268998 0.3452341 0.1209662 0.0000000 0.5608328 0.5493848 0.7423401 0.7035917 0.7530283 3.3534212 
Drygla_Dgla_sb288649                                   1.7320341 2.1152893 2.1782975 2.3159839 2.4860413 2.1331699 1.8653775 2.3219010 2.1505368 2.1345870 2.1301306 2.2627901 1.9728161 2.2061206 1.6026386 1.6253650 1.5585087 1.5940434 1.5940434 1.7548907 1.8493019 2.1114349 1.4426693 1.3636186 1.3977400 1.5280583 1.4448576 1.4398987 1.4209233 1.8330399 1.7804504 1.8461351 2.1249403 1.7344185 1.8870307 1.8596799 1.9918231 1.7913664 1.7500212 1.9590045 1.8965397 1.7832600 1.5229482 1.8911557 1.5151352 0.4344342 0.3009412 0.3513167 0.5608328 0.0000000 0.5042890 0.4974045 0.5147975 0.5459599 3.6310576 
Lampan_Lpan_C410337_01                                 1.4922414 1.8112234 1.9430953 2.0010048 2.3389469 2.0113379 1.4112135 2.3013403 2.1352674 2.0176674 2.1430412 2.2653551 1.8657238 2.2592195 1.5584820 1.5737601 1.5757367 1.5890909 1.5890909 1.6653462 1.7221915 2.3467359 1.3646168 1.3468075 1.3023747 1.5117526 1.3996628 1.4233619 1.3052044 1.7044888 1.5669090 1.5690875 1.6294067 1.5732806 1.4571346 1.5958542 1.7104122 1.3254331 1.6191986 1.7179423 1.8123176 1.5172532 1.4315049 1.6911594 1.7614436 0.5015500 0.3581361 0.4151947 0.5493848 0.5042890 0.0000000 0.5697612 0.4961508 0.5640459 4.0153795 
Vmul_Simscaffold12312_01                               1.7798448 2.0986214 2.1573216 2.0316773 2.5292253 2.2382433 1.8764776 2.2998922 2.1038864 2.0975589 2.1136098 2.1927655 1.7953477 2.0140285 1.5265696 1.5803143 1.5912826 1.5832556 1.5832556 1.6823223 1.7547682 2.3116848 1.5305490 1.4516887 1.2992354 1.5894670 1.3335070 1.3303050 1.2975592 1.5442087 1.4431461 1.4147379 1.6925693 1.6749350 1.6044680 1.9041721 1.7295897 1.3829718 1.7292080 1.8883282 2.0297747 1.5727878 1.6181002 1.7901500 1.8359770 0.6796663 0.5070853 0.5908114 0.7423401 0.4974045 0.5697612 0.0000000 0.1674322 0.1913150 5.6489809 
Coemet_Cmet_C583056_01                                 1.8953974 2.0271070 2.0909498 2.1417138 2.3979546 2.2229234 1.6835356 2.3139884 2.1944101 2.1803091 2.2054729 2.1738677 1.8569667 2.1075020 1.4920962 1.5697931 1.5249837 1.5247050 1.5247050 1.6425214 1.7146280 2.1673792 1.3895607 1.2939717 1.1889525 1.4411846 1.2209872 1.3242910 1.2121869 1.5685301 1.4776494 1.5728376 1.6552563 1.4924678 1.5626954 1.8041067 1.8423365 1.3819691 1.5523506 1.6731098 2.0180808 1.4362267 1.5457336 1.7292987 1.6328973 0.6361818 0.5114003 0.5773398 0.7035917 0.5147975 0.4961508 0.1674322 0.0000000 0.0494088 4.1148648 
Coeast_Cast_sb778705                                   1.9058592 1.9641896 2.0496926 2.1765239 2.3020925 2.2059908 1.7512941 2.2958474 2.1505763 2.2168384 2.1609962 2.2063753 1.8104839 1.9938158 1.4111861 1.5337817 1.5020342 1.4926321 1.4926321 1.6306024 1.6413580 2.1679148 1.3324192 1.2892387 1.1873125 1.4229445 1.2425732 1.3297279 1.2183495 1.5265519 1.4707629 1.5214266 1.6369830 1.5800610 1.5436512 1.7514247 1.7584732 1.4784070 1.6385487 1.7291049 1.9824003 1.3852015 1.5002391 1.6676027 1.6054472 0.6482929 0.5352860 0.6185963 0.7530283 0.5459599 0.5640459 0.1913150 0.0494088 0.0000000 4.1631523 
Cscu_XM_023375506.1                                    2.4077919 2.3326135 2.5597776 8.9999990 3.7762216 3.5224709 3.1452418 5.0442322 3.7227862 4.1610122 3.6553530 3.8472230 3.0411105 3.6358316 2.3023817 2.3996071 2.1260910 2.2181090 2.2181090 2.4098349 2.0076571 2.2181090 2.8027969 2.9145702 3.1981369 4.0908323 3.5384144 4.0954254 2.8484930 3.3743095 1.9390475 2.2938468 1.7037899 3.4044738 1.3072694 2.7347964 3.4972762 2.8135565 2.8595311 4.9125361 4.4297602 3.4307150 2.8184107 3.2353958 3.2771740 3.5373797 3.3981181 3.3534212 3.3534212 3.6310576 4.0153795 5.6489809 4.1148648 4.1631523 0.0000000 
