73
Lcom_lcpid159554                                                   0.0000000 2.8853265 3.1247238 3.1433041 3.1433041 3.7690844 2.9442682 3.0358528 2.7610390 2.9717961 3.0234816 3.7190439 4.0777599 2.7360549 3.5295507 3.5295507 2.9734237 1.3407667 1.2773856 1.6209923 1.6506308 1.7549997 1.3940924 1.7898762 1.5736851 1.7817921 1.8646103 2.2760380 2.2760380 2.1045921 2.0394661 2.1053093 1.6722259 1.9573677 1.9143036 2.1417475 1.8117069 2.1346255 2.3001682 2.0919990 2.1674466 1.8726428 1.8728095 2.1694151 1.6817160 1.9456835 2.0230394 1.6987462 1.9529965 2.0625774 1.9372308 2.4309664 2.2994692 2.0237007 2.3237366 2.3268014 2.3268014 2.3772837 2.5321551 2.1249746 1.9732953 2.6570796 1.6705705 2.2952182 2.6607096 2.6601390 1.9607220 2.4687414 2.2369138 2.1812371 2.0629317 1.8439687 3.0577098 
Lampan_Lpan_5266_01                                                2.8853265 0.0000000 0.3033149 0.3568434 0.3568434 0.4078346 0.3012202 0.3502076 0.3418799 0.3641220 0.3321929 0.6468476 0.8098539 0.3375923 0.7032627 0.7032627 1.0317124 2.3608679 1.9885233 2.3136256 2.3966127 2.4554826 2.2647066 2.7524983 2.3193147 2.7161881 1.8963785 2.3521198 2.3521198 1.8342194 1.7293995 1.9040428 1.2597103 1.7800911 1.6336728 1.7766113 1.7254869 1.6161338 1.5416424 1.6105155 1.5684052 1.6636675 1.8699901 1.9089850 1.7536824 2.0202236 2.2404122 1.8054918 1.9070377 1.5517710 1.7620607 2.9759662 2.1456442 1.6504343 2.1538150 2.3232332 2.3232332 2.3901982 2.5929781 2.3303460 2.5081614 2.5043250 3.2036195 2.4649169 2.1911580 2.4743618 1.8266345 3.7586631 3.1230950 3.3356928 2.9660575 3.0366989 4.0636838 
Vmul_sbMO453627                                                    3.1247238 0.3033149 0.0000000 0.4959076 0.4959076 0.4903525 0.4382758 0.4494995 0.4399257 0.4450927 0.4358126 0.6711757 0.7682931 0.3842816 0.7348016 0.7348016 1.0292612 2.5884580 2.2859519 2.3921432 2.3758921 2.4715387 2.3370710 2.6357268 2.6326726 2.6216716 2.1785653 2.5937907 2.5937907 2.0195546 1.7015791 1.8809690 1.5173219 1.8610683 1.7318680 2.0625506 1.8673311 1.6719355 1.7893987 1.8857438 1.8656311 1.8600745 1.8900615 2.1020941 2.1274399 2.1428356 2.2338874 1.9929752 2.0864055 1.8030598 1.8696295 2.7575043 2.1431394 1.9719933 2.2984367 2.4376526 2.4376526 2.5941416 2.7553814 2.5195370 2.6775781 2.7686993 3.1696248 2.5495955 2.1428944 2.3397297 1.8520757 3.6877159 3.0414166 3.3750436 3.1002057 3.0521466 4.1639162 
Mertsp_Mesp_sb568017                                               3.1433041 0.3568434 0.4959076 0.0000000 0.0000010 0.2114156 0.1312778 0.1352021 0.2242478 0.2504030 0.2559112 0.4963113 0.9281690 0.4702769 0.5033286 0.5033286 0.9158599 2.7149312 2.2052368 2.6064785 2.4967819 2.8962976 2.4733792 2.8738715 2.6619306 2.8962016 2.2466231 2.3636838 2.3636838 2.1696247 1.8095172 1.9746738 1.5114396 1.9608272 1.7850442 1.9559854 1.9670318 1.8405176 1.9494232 2.1203595 2.1014332 2.0264717 2.0586475 2.1452118 1.9252853 2.2904816 2.4779910 1.9393854 2.0001958 1.6998664 2.1615579 2.9088997 2.3754262 1.9566514 2.3786868 2.4695561 2.4695561 2.4978196 2.5604192 2.3966756 2.6870523 2.7874458 3.3730472 2.9721018 2.1952332 2.3704892 2.2262450 3.6564187 3.6125823 3.6462323 3.3472313 3.4996132 5.1049484 
Bolinf_Binf_sb1253820                                              3.1433041 0.3568434 0.4959076 0.0000010 0.0000000 0.2114156 0.1312778 0.1352021 0.2242478 0.2504030 0.2559112 0.4963113 0.9281690 0.4702769 0.5033286 0.5033286 0.9158599 2.7149312 2.2052368 2.6064785 2.4967819 2.8962976 2.4733792 2.8738715 2.6619306 2.8962016 2.2466231 2.3636838 2.3636838 2.1696247 1.8095172 1.9746738 1.5114396 1.9608272 1.7850442 1.9559854 1.9670318 1.8405176 1.9494232 2.1203595 2.1014332 2.0264717 2.0586475 2.1452118 1.9252853 2.2904816 2.4779910 1.9393854 2.0001958 1.6998664 2.1615579 2.9088997 2.3754262 1.9566514 2.3786868 2.4695561 2.4695561 2.4978196 2.5604192 2.3966756 2.6870523 2.7874458 3.3730472 2.9721018 2.1952332 2.3704892 2.2262450 3.6564187 3.6125823 3.6462323 3.3472313 3.4996132 5.1049484 
Mlei_ML2091.g13.i1                                                 3.7690844 0.4078346 0.4903525 0.2114156 0.2114156 0.0000000 0.0205146 0.2534523 0.3116373 0.2712861 0.2938385 0.2865355 0.6006875 0.5652443 0.5655858 0.5655858 0.8575630 2.6526145 1.9508976 2.8220911 2.5871839 2.9499281 2.3771633 3.0030386 2.8798365 3.0839502 2.5240303 2.7713944 2.7713944 2.4717867 1.9551992 2.1196843 1.4769129 2.1911239 2.2118242 2.1922265 2.3422562 2.0153725 2.0826009 2.2890819 2.2115908 2.1587204 2.2455967 2.3798624 2.2477951 2.5867962 2.7165720 2.2583238 2.2278088 1.8442303 2.4534481 2.8683250 2.8711335 2.0070871 2.3595937 2.7051833 2.7051833 2.7669828 3.0359552 2.5711082 2.7503238 2.6603595 2.9300660 2.2480282 2.2513224 2.5049716 2.4495148 3.9720996 3.0424828 3.0601962 2.4644165 3.1725323 4.0075574 
Vmul_sbMO411248                                                    2.9442682 0.3012202 0.4382758 0.1312778 0.1312778 0.0205146 0.0000000 0.1968672 0.2235540 0.2460840 0.2614553 0.4803271 0.8306079 0.4190921 0.5401993 0.5401993 0.9016172 2.5536468 2.1004028 2.5242342 2.4832760 2.7628775 2.3043275 2.8160130 2.5639801 2.7903335 2.0691757 2.3224205 2.3224205 2.0205344 1.7065519 1.8967181 1.3863511 1.8358117 1.7150092 1.8536612 1.8497892 1.6606199 1.8322341 1.9036094 1.8834626 1.8577260 1.9041714 1.9508735 1.8691854 2.1158577 2.3043297 1.7966961 1.8870589 1.6007425 2.0099210 2.8313825 2.1943357 1.8202549 2.0980934 2.3064587 2.3064587 2.3767784 2.5010716 2.2489061 2.5174148 2.6421110 3.0067792 2.6844244 2.2513224 2.3295232 2.0073567 3.6830709 3.2927813 3.4370424 2.9627566 3.2665840 4.6078163 
Beraby_Baby_sb335693                                               3.0358528 0.3502076 0.4494995 0.1352021 0.1352021 0.2534523 0.1968672 0.0000000 0.2255371 0.2569902 0.2623480 0.4703503 0.9646677 0.4499461 0.4153212 0.4153212 0.8585223 2.6223870 2.1345559 2.5556884 2.3837433 2.7961484 2.3605890 2.7946678 2.4981569 2.8194398 2.2029700 2.3922405 2.3922405 2.0930386 1.8092165 2.0113258 1.4069728 1.9737067 1.7807422 1.9250578 1.8662501 1.7632179 1.9672180 2.0342801 2.0364242 1.9148864 2.0229004 2.0937881 2.0283624 2.2225311 2.4202165 1.8934593 1.9826304 1.6917059 2.0961600 3.0323652 2.3659071 1.7982470 2.2498157 2.3030325 2.3030325 2.3811635 2.4220383 2.2058052 2.6131058 2.6242451 3.3455331 2.7701237 2.1646566 2.4745704 2.0759837 3.6872710 3.3065679 3.5018296 3.0543241 3.1339358 4.8453945 
Drygla_Dgla_sb291526                                               2.7610390 0.3418799 0.4399257 0.2242478 0.2242478 0.3116373 0.2235540 0.2255371 0.0000000 0.2051500 0.2177579 0.4128030 0.9090681 0.4655421 0.4970773 0.4970773 0.9738936 2.5066284 2.1733196 2.4523779 2.4245507 2.6573227 2.3548175 2.7520988 2.5318040 2.6320478 1.9534630 2.4151560 2.4151560 2.0135560 1.8152221 2.0328957 1.4048192 1.8991878 1.6870852 1.8896043 1.8503521 1.6128509 1.8545531 1.9609710 1.9381017 1.9160301 1.9648237 2.0030702 1.9114327 2.0680728 2.2377476 1.8459212 2.0009831 1.7064862 1.9652839 2.8851324 2.2890552 1.6383493 2.1093371 2.1916754 2.1916754 2.2462888 2.2322256 2.1509496 2.3831322 2.5406773 3.2937520 2.8520545 1.8307429 2.2737786 1.9718569 3.6239377 3.0379875 3.3924814 3.1854021 3.2481073 3.8268222 
Pbac_sb2640348                                                     2.9717961 0.3641220 0.4450927 0.2504030 0.2504030 0.2712861 0.2460840 0.2569902 0.2051500 0.0000000 0.0369988 0.1483559 0.9089355 0.5234527 0.5444998 0.5444998 0.9857528 2.3670027 1.9752005 2.2408638 2.3111732 2.6121564 2.2843096 2.8347334 2.6371797 2.5962826 1.9416210 2.3104695 2.3104695 1.9791628 1.8619853 2.0442187 1.4683622 2.0039477 1.9093953 1.9542599 1.9724076 1.7835176 1.7552653 1.8542664 1.8853445 1.9137860 1.8977165 1.9902275 1.8897088 2.0276310 2.2445490 1.8811921 2.0087031 1.6266755 1.9313417 2.8169865 2.3327263 1.7560550 2.1916744 2.2124227 2.2124227 2.2396749 2.3217881 2.1210206 2.3544609 2.7958984 2.9786216 2.8399293 1.8568331 2.2134358 2.0533043 3.7599441 3.4659238 3.6025565 3.0970520 3.3789605 4.9086002 
Horcal_Hcv1.av93.c3.g1214.i1                                       3.0234816 0.3321929 0.4358126 0.2559112 0.2559112 0.2938385 0.2614553 0.2623480 0.2177579 0.0369988 0.0000000 0.1989938 0.9415679 0.5397515 0.5312028 0.5312028 1.0258387 2.4593745 1.9784607 2.2862145 2.3407661 2.6068981 2.3353249 2.8633425 2.7038825 2.6647759 1.9635635 2.3156805 2.3156805 2.0370480 1.8655720 2.0481839 1.4699958 2.0149536 1.9131059 1.9579634 1.9762536 1.7962829 1.7566011 1.8715011 1.9034595 1.8988458 1.9204257 2.0433543 1.9032062 2.0549514 2.2896413 1.9046189 2.0351690 1.6499172 1.9479638 2.8263852 2.3584068 1.7885509 2.2259957 2.2280543 2.2280543 2.2702092 2.3534654 2.1726015 2.3815985 2.7764172 3.0497716 2.8632760 1.8025490 2.2372998 2.0896535 3.7830022 3.4552904 3.6045984 3.0720650 3.4181786 4.8332404 
Pbac_sb2661510                                                     3.7190439 0.6468476 0.6711757 0.4963113 0.4963113 0.2865355 0.4803271 0.4703503 0.4128030 0.1483559 0.1989938 0.0000000 0.9320825 0.8126928 0.7347410 0.7347410 1.1400563 2.7592660 2.5458792 2.7852515 2.9184088 3.1089748 2.7822349 3.3845901 3.3697188 3.1965853 2.3838698 2.9065482 2.9065482 2.4245266 2.3054486 2.4922564 1.8662893 2.4472922 2.3367468 2.3774584 2.3448474 2.1781979 2.2551097 2.4064371 2.4248920 2.3369970 2.3042762 2.4398910 2.3646306 2.4067610 2.6932948 2.4237804 2.6031022 1.9811379 2.5287281 3.3276006 2.8792094 2.3309129 2.7404143 2.7683108 2.7683108 2.7940499 2.9043078 2.7101421 2.8344412 3.0676492 3.7178492 2.7531286 1.9166373 2.4574282 2.2110226 4.2615490 4.2257593 4.3883236 3.8619702 4.0035629 5.6759134 
Coemet_Cmet_scaffold21351_01                                       4.0777599 0.8098539 0.7682931 0.9281690 0.9281690 0.6006875 0.8306079 0.9646677 0.9090681 0.9089355 0.9415679 0.9320825 0.0000000 0.2684513 1.2076611 1.2076611 1.2255252 3.0776721 2.5482373 2.9606936 3.0460318 3.4094355 2.9289242 3.6625931 3.5252803 3.2944147 3.0889128 3.2726011 3.2726011 3.0014644 2.7984502 3.0855726 2.2531110 3.2468311 2.7305506 2.8854208 3.0578668 2.3575953 3.2073939 3.0257341 3.0878011 3.2094402 3.0319217 2.9953691 2.8221592 3.0758917 3.4568768 2.9433636 2.8425205 2.6215895 3.2109564 4.3414761 2.8428887 2.4165122 2.9984836 3.1559194 3.1559194 3.2083118 3.5732110 3.0605862 3.9280550 3.0966170 4.3600524 2.8869112 2.5444062 2.7032871 3.0058444 3.6494096 3.2840050 3.5306780 3.7606647 3.7467609 3.4884108 
Coeast_Cast_sb791367                                               2.7360549 0.3375923 0.3842816 0.4702769 0.4702769 0.5652443 0.4190921 0.4499461 0.4655421 0.5234527 0.5397515 0.8126928 0.2684513 0.0000000 0.7492136 0.7492136 0.9490548 2.3903135 2.0152367 2.2412937 2.3309905 2.4810234 2.2970948 2.5793734 2.4557952 2.5280841 1.9746031 2.0398971 2.0398971 1.8652158 1.5995326 1.7730684 1.2191768 1.7334813 1.5087361 1.6925444 1.6193555 1.4169254 1.8269484 1.7881003 1.8354087 1.8733109 1.8408692 1.8051179 1.8181705 1.9402562 2.1925452 1.8455691 1.9208798 1.6021225 1.7686994 3.0400135 2.0999251 1.5747939 2.0135995 2.0319216 2.0319216 2.1201571 2.2047906 2.0188273 2.4345188 2.4983335 3.1971005 2.4347157 1.9591285 2.2250090 1.8682267 3.4153876 2.9711245 3.0680938 3.0199939 3.1504845 4.3712792 
Mertsp_Mesp_sb600768                                               3.5295507 0.7032627 0.7348016 0.5033286 0.5033286 0.5655858 0.5401993 0.4153212 0.4970773 0.5444998 0.5312028 0.7347410 1.2076611 0.7492136 0.0000000 0.0000010 1.1228515 3.0592228 2.4710466 2.8343679 2.6990405 3.1443788 2.7741598 3.2541071 2.9940168 3.4295337 2.3865642 2.7764690 2.7764690 2.3740664 1.9849670 2.1401127 1.5145687 2.1026397 1.8257510 2.0705522 1.9579966 1.8908695 2.2937713 2.3353885 2.2914490 2.2062841 2.2305456 2.2844195 2.3572571 2.3743653 2.5030363 2.1388648 2.6165461 1.8842946 2.3274144 2.7945357 2.7458831 2.0452670 2.5599041 2.5072493 2.5072493 2.5870839 2.5644777 2.4147000 2.8169543 3.0183674 4.2106633 3.3261737 2.5210414 2.8366737 2.1282009 4.0582084 3.8660142 4.0243113 3.6656703 3.6893301 6.2329114 
Bolinf_Binf_sb1261536                                              3.5295507 0.7032627 0.7348016 0.5033286 0.5033286 0.5655858 0.5401993 0.4153212 0.4970773 0.5444998 0.5312028 0.7347410 1.2076611 0.7492136 0.0000010 0.0000000 1.1228515 3.0592228 2.4710466 2.8343679 2.6990405 3.1443788 2.7741598 3.2541071 2.9940168 3.4295337 2.3865642 2.7764690 2.7764690 2.3740664 1.9849670 2.1401127 1.5145687 2.1026397 1.8257510 2.0705522 1.9579966 1.8908695 2.2937713 2.3353885 2.2914490 2.2062841 2.2305456 2.2844195 2.3572571 2.3743653 2.5030363 2.1388648 2.6165461 1.8842946 2.3274144 2.7945357 2.7458831 2.0452670 2.5599041 2.5072493 2.5072493 2.5870839 2.5644777 2.4147000 2.8169543 3.0183674 4.2106633 3.3261737 2.5210414 2.8366737 2.1282009 4.0582084 3.8660142 4.0243113 3.6656703 3.6893301 6.2329114 
Eupdun_Edun_sb10646120                                             2.9734237 1.0317124 1.0292612 0.9158599 0.9158599 0.8575630 0.9016172 0.8585223 0.9738936 0.9857528 1.0258387 1.1400563 1.2255252 0.9490548 1.1228515 1.1228515 0.0000000 2.2988058 2.0066029 2.1699926 2.1640681 2.4290230 2.2456219 2.6002637 2.5549780 2.5221743 1.8225669 2.3058946 2.3058946 2.0961643 1.7129252 1.8292245 1.4791768 1.8728191 1.8108824 1.8619667 2.0383319 1.8001453 1.9939274 1.7951590 1.8603625 1.6250776 2.0099727 2.0962991 2.0381368 2.3366465 2.4616895 1.8665533 2.0156659 2.0884873 2.0181279 2.4976169 1.9713412 1.7647646 2.2343380 2.0680899 2.0680899 2.2373543 2.3708692 2.0642356 2.5952140 2.6508433 2.8071719 2.3444549 2.4085482 2.5050261 2.3250124 3.2958890 2.7917555 2.9719600 2.9315033 3.1315601 4.1261992 
Ctel_gnl_WGS_AMQN_CAPTEDRAFT_mRNA159268                            1.3407667 2.3608679 2.5884580 2.7149312 2.7149312 2.6526145 2.5536468 2.6223870 2.5066284 2.3670027 2.4593745 2.7592660 3.0776721 2.3903135 3.0592228 3.0592228 2.2988058 0.0000000 0.5258743 0.7328829 0.8066057 0.7933141 0.6473113 0.8134623 0.6991101 1.1308727 1.6242503 1.6874214 1.6874214 1.3991789 1.0667439 1.0231091 0.9277629 1.2215345 1.0495671 1.1340446 1.2066713 1.1340536 1.4599531 1.4152577 1.4257527 1.3441811 1.1391778 1.4353965 1.3395798 1.3473192 1.3234838 1.1213784 1.2310177 1.6031568 1.5914375 1.2709163 1.3965581 1.3845545 1.7873194 1.7423948 1.7423948 1.8448793 1.8720837 1.8305726 1.7204216 1.4644993 1.4963813 1.7767125 2.0646400 2.2002594 1.7643112 1.8133978 2.4729154 2.4961004 2.4247366 2.0325112 3.1801475 
Dpul_mRNA22342                                                     1.2773856 1.9885233 2.2859519 2.2052368 2.2052368 1.9508976 2.1004028 2.1345559 2.1733196 1.9752005 1.9784607 2.5458792 2.5482373 2.0152367 2.4710466 2.4710466 2.0066029 0.5258743 0.0000000 0.3486542 0.4034966 0.5035984 0.5784658 0.6330063 0.7148992 0.7565189 0.8508344 0.8068096 0.8068096 0.7614203 0.7792609 0.8420553 0.7824393 0.8887403 0.7682636 0.7496714 0.8544043 0.8422410 0.8692312 0.8578036 0.8475984 0.7924774 0.7647316 0.7419981 0.8054550 0.9869566 0.9759183 0.6497552 0.7598041 0.9205261 1.1059912 0.8673414 0.8567136 1.1102106 1.1743769 1.0764247 1.0764247 1.0968308 1.0724093 1.0914437 0.9834246 0.9894542 1.3451131 1.3876021 1.6999542 1.9290022 1.4784082 1.6108498 2.4259549 2.1489813 2.2164691 1.8683599 3.5236772 
Tcas_TC001862_001                                                  1.6209923 2.3136256 2.3921432 2.6064785 2.6064785 2.8220911 2.5242342 2.5556884 2.4523779 2.2408638 2.2862145 2.7852515 2.9606936 2.2412937 2.8343679 2.8343679 2.1699926 0.7328829 0.3486542 0.0000000 0.5796629 0.7123908 0.7241523 0.9074953 0.8359047 1.0024274 1.0848948 1.1658331 1.1658331 0.8743794 0.8750210 0.8521243 0.7278397 0.9065215 0.8748072 0.8873730 0.8954602 0.8856465 1.0117895 0.9516629 1.0542758 0.9817245 0.8207798 0.9726770 1.0520744 0.9614973 1.0118552 0.7470945 0.8561031 1.2540461 1.3636232 0.8265811 1.0644524 1.0313622 1.2887495 1.2522240 1.2522240 1.3816169 1.3969163 1.3780563 1.1049290 1.2984661 1.3940167 1.6737349 1.6475979 1.8068720 1.5657370 1.7428459 2.1811481 2.2051248 2.2123879 1.9993695 3.1899969 
Cscu_XM_023361707.1                                                1.6506308 2.3966127 2.3758921 2.4967819 2.4967819 2.5871839 2.4832760 2.3837433 2.4245507 2.3111732 2.3407661 2.9184088 3.0460318 2.3309905 2.6990405 2.6990405 2.1640681 0.8066057 0.4034966 0.5796629 0.0000000 0.7728007 0.8391720 0.8970166 0.9128826 0.9364041 1.3361290 1.2118424 1.2118424 1.1822272 0.9810694 0.9726383 0.8129195 1.0372717 1.0100655 0.9840223 1.1116798 0.9969284 1.1627711 1.1767070 1.1848914 1.0850223 0.8746992 1.2251747 1.2418559 1.2078619 1.1921489 0.8229385 0.8177048 1.3647507 1.3743731 0.9450997 1.0582343 1.0837057 1.5562843 1.5024185 1.5024185 1.5919420 1.6294974 1.4692471 1.3004233 1.2929641 1.4427023 1.7847701 1.7983575 2.0706826 1.5947419 1.7724165 2.4164486 2.3588767 2.2741386 2.1278682 2.9535189 
Lcom_lcpid125421                                                   1.7549997 2.4554826 2.4715387 2.8962976 2.8962976 2.9499281 2.7628775 2.7961484 2.6573227 2.6121564 2.6068981 3.1089748 3.4094355 2.4810234 3.1443788 3.1443788 2.4290230 0.7933141 0.5035984 0.7123908 0.7728007 0.0000000 0.5768128 0.6400468 0.7367819 1.0748284 1.3646179 1.4839260 1.4839260 1.2587558 1.0698192 1.1656547 0.9035977 1.1946436 1.0475389 1.1697199 1.1217455 0.9401451 1.0838248 1.1935376 1.2152546 1.0634580 1.1175868 1.3083681 1.2516839 1.4264241 1.4318969 0.9591707 1.0312000 1.5441096 1.3622107 1.1795816 1.2101448 1.3104982 1.6917924 1.6352207 1.6352207 1.7243691 1.8623644 1.8012815 1.5242994 1.2649482 1.5650677 1.4876813 1.7096502 2.2097453 1.8327806 1.9592974 2.7095451 2.5431288 2.6785046 2.1173001 3.7275351 
Acagra_model.g9229.t1.1.5d3b85de                                   1.3940924 2.2647066 2.3370710 2.4733792 2.4733792 2.3771633 2.3043275 2.3605890 2.3548175 2.2843096 2.3353249 2.7822349 2.9289242 2.2970948 2.7741598 2.7741598 2.2456219 0.6473113 0.5784658 0.7241523 0.8391720 0.5768128 0.0000000 0.7655199 0.7253027 1.0016361 1.5149675 1.6309211 1.6309211 1.3147188 1.1051720 1.1546068 0.9758036 1.2397238 1.0644692 1.2958997 1.3646409 1.1695408 1.3743943 1.2818657 1.2839169 1.0942986 1.1504600 1.1359463 1.3773357 1.5916258 1.6162775 0.8204948 1.0729028 1.4761228 1.6213277 1.2922711 1.2503175 1.4431191 1.9743808 1.8917801 1.8917801 1.9113670 2.2086745 1.9378829 1.5438005 1.4231031 1.3295328 1.3540712 1.6310150 2.1028910 1.6517025 1.7422687 2.2561615 2.3590214 2.1812462 1.9782067 3.2368052 
Lcom_lcpid149805                                                   1.7898762 2.7524983 2.6357268 2.8738715 2.8738715 3.0030386 2.8160130 2.7946678 2.7520988 2.8347334 2.8633425 3.3845901 3.6625931 2.5793734 3.2541071 3.2541071 2.6002637 0.8134623 0.6330063 0.9074953 0.8970166 0.6400468 0.7655199 0.0000000 0.8720178 1.1512627 1.5090343 1.4987558 1.4987558 1.2387526 1.0064387 1.0885527 1.0490613 1.0871781 1.1296894 1.1981260 0.9702679 1.1120416 1.3551065 1.3662522 1.3044748 1.1997806 1.1229547 1.4742269 1.2461412 1.3444636 1.3907012 1.0497992 0.9013121 1.8174850 1.6625610 1.4628153 1.2272074 1.6293639 1.9698051 1.7877573 1.7877573 1.9282230 2.1568301 1.9675019 1.7363998 1.3409438 1.3623365 1.5560187 1.9409777 2.1907736 2.0549331 2.0060866 2.6379679 2.6107066 2.6361369 2.0528608 4.0715583 
Lcom_lcpid179092                                                   1.5736851 2.3193147 2.6326726 2.6619306 2.6619306 2.8798365 2.5639801 2.4981569 2.5318040 2.6371797 2.7038825 3.3697188 3.5252803 2.4557952 2.9940168 2.9940168 2.5549780 0.6991101 0.7148992 0.8359047 0.9128826 0.7367819 0.7253027 0.8720178 0.0000000 1.2320576 1.4676310 1.4258007 1.4258007 1.3587000 1.2426980 1.2971451 1.1547225 1.4297511 1.2006958 1.2894791 1.2376483 1.2479603 1.4673715 1.5125315 1.5255621 1.4231871 1.1936087 1.2988297 1.2102139 1.5700130 1.4640163 1.0134265 1.1820350 1.6400937 1.5925056 1.5049650 1.4652026 1.3656004 1.7657295 1.6599208 1.6599208 1.7410736 1.7123703 1.6946962 1.8206184 1.3487123 1.4197158 1.9654819 2.2002753 1.9793727 1.8695733 2.0018461 2.7220212 2.6183123 2.6716372 2.1633160 4.2614221 
Lcom_lcpid161772                                                   1.7817921 2.7161881 2.6216716 2.8962016 2.8962016 3.0839502 2.7903335 2.8194398 2.6320478 2.5962826 2.6647759 3.1965853 3.2944147 2.5280841 3.4295337 3.4295337 2.5221743 1.1308727 0.7565189 1.0024274 0.9364041 1.0748284 1.0016361 1.1512627 1.2320576 0.0000000 1.3773771 1.5139086 1.5139086 1.1780818 1.2529229 1.2839255 1.0498512 1.4302147 1.1852808 1.1983252 1.2394740 1.1763099 1.4826973 1.4996753 1.5839914 1.4305673 1.0308004 1.1009427 1.2388811 1.2151343 1.3311775 0.9985294 1.0988233 1.3411047 1.6254626 1.2870263 1.1752586 1.1245716 1.4283967 1.4079513 1.4079513 1.4161858 1.6846986 1.5710859 1.3968103 1.6069760 1.4958577 1.6099511 2.0193728 2.4562771 1.8944236 2.0810832 2.1174308 2.1787083 2.2630782 2.0848049 2.7505880 
Aque_Aqu2.1.30833_001                                              1.8646103 1.8963785 2.1785653 2.2466231 2.2466231 2.5240303 2.0691757 2.2029700 1.9534630 1.9416210 1.9635635 2.3838698 3.0889128 1.9746031 2.3865642 2.3865642 1.8225669 1.6242503 0.8508344 1.0848948 1.3361290 1.3646179 1.5149675 1.5090343 1.4676310 1.3773771 0.0000000 1.0151738 1.0151738 0.7057402 0.9868084 0.9726364 0.5918442 0.8882563 0.9771809 0.8707932 1.0743544 0.9371989 1.0713305 0.9703440 1.0271003 0.9828566 0.7314547 0.5646569 0.7464680 1.1107495 1.2125815 0.9329601 1.1179648 0.9818785 1.0617705 1.7779160 1.0871605 1.1977742 1.6678476 1.5880841 1.5880841 1.5749082 1.5199694 1.4133580 0.9049006 1.5446131 1.7220270 1.7964230 1.7725623 1.8900857 1.6661466 2.6693427 2.2193997 2.1025186 2.0654984 1.9488476 3.4322052 
Opea_EP00118_Oscarella_pearsei_P024844                             2.2760380 2.3521198 2.5937907 2.3636838 2.3636838 2.7713944 2.3224205 2.3922405 2.4151560 2.3104695 2.3156805 2.9065482 3.2726011 2.0398971 2.7764690 2.7764690 2.3058946 1.6874214 0.8068096 1.1658331 1.2118424 1.4839260 1.6309211 1.4987558 1.4258007 1.5139086 1.0151738 0.0000000 0.0000010 0.8132383 0.8498997 0.9433603 0.5601341 0.9193975 0.9439384 0.9087658 0.9200018 0.8716950 0.9171461 0.7874482 0.8633362 0.8569964 0.7494098 0.8166703 0.7652206 0.8629916 1.0691247 0.9861014 1.0545410 1.0507842 0.8950318 1.8503507 1.4147592 0.9830277 1.3729646 1.2844712 1.2844712 1.2782119 1.2815778 1.1201337 1.0509416 1.2492493 2.0697159 2.0638461 1.6879514 2.4937352 1.6039582 2.8319958 2.6252377 2.4914696 2.6405717 2.6779056 3.0734607 
Ocar_g5750                                                         2.2760380 2.3521198 2.5937907 2.3636838 2.3636838 2.7713944 2.3224205 2.3922405 2.4151560 2.3104695 2.3156805 2.9065482 3.2726011 2.0398971 2.7764690 2.7764690 2.3058946 1.6874214 0.8068096 1.1658331 1.2118424 1.4839260 1.6309211 1.4987558 1.4258007 1.5139086 1.0151738 0.0000010 0.0000000 0.8132383 0.8498997 0.9433603 0.5601341 0.9193975 0.9439384 0.9087658 0.9200018 0.8716950 0.9171461 0.7874482 0.8633362 0.8569964 0.7494098 0.8166703 0.7652206 0.8629916 1.0691247 0.9861014 1.0545410 1.0507842 0.8950318 1.8503507 1.4147592 0.9830277 1.3729646 1.2844712 1.2844712 1.2782119 1.2815778 1.1201337 1.0509416 1.2492493 2.0697159 2.0638461 1.6879514 2.4937352 1.6039582 2.8319958 2.6252377 2.4914696 2.6405717 2.6779056 3.0734607 
Xestes_augustus_masked-XT_scaffold168482-processed-gene-0.2-mRNA-1 2.1045921 1.8342194 2.0195546 2.1696247 2.1696247 2.4717867 2.0205344 2.0930386 2.0135560 1.9791628 2.0370480 2.4245266 3.0014644 1.8652158 2.3740664 2.3740664 2.0961643 1.3991789 0.7614203 0.8743794 1.1822272 1.2587558 1.3147188 1.2387526 1.3587000 1.1780818 0.7057402 0.8132383 0.8132383 0.0000000 0.7584505 0.7856085 0.4857812 0.7129020 0.8699581 0.8074288 0.8986659 0.7780560 1.0179909 1.0534158 1.0812032 1.0999939 0.5004235 0.4690230 0.6646972 0.8553715 1.0074289 0.8578707 0.9577881 0.8671196 1.0707888 1.5206507 1.2796377 0.9837275 1.3673327 1.3936878 1.3936878 1.4452902 1.6068973 1.3954956 1.0155738 1.4059072 2.1188630 1.7709803 1.6774472 2.1544614 1.7215177 2.4904812 2.0691400 2.2702319 2.0733418 1.9690285 3.1836288 
Spis_XP_022795286_1                                                2.0394661 1.7293995 1.7015791 1.8095172 1.8095172 1.9551992 1.7065519 1.8092165 1.8152221 1.8619853 1.8655720 2.3054486 2.7984502 1.5995326 1.9849670 1.9849670 1.7129252 1.0667439 0.7792609 0.8750210 0.9810694 1.0698192 1.1051720 1.0064387 1.2426980 1.2529229 0.9868084 0.8498997 0.8498997 0.7584505 0.0000000 0.1252210 0.2389242 0.2447768 0.3661379 0.3287453 0.4993155 0.4584396 0.8831740 0.7749479 0.7401158 0.8065952 0.7788188 0.7631785 0.7596210 0.7868633 0.8857399 0.8302140 0.8006150 1.0276950 0.9859958 1.4672647 1.0868531 1.0950990 1.3501965 1.3037221 1.3037221 1.3322018 1.4918691 1.3133588 1.0757282 1.0887131 1.8230834 1.5983909 1.4100051 1.6649546 1.2973867 2.0246582 2.2359429 2.1904368 2.0900613 1.9189409 3.3369812 
Pocdam_XM_027197819.1                                              2.1053093 1.9040428 1.8809690 1.9746738 1.9746738 2.1196843 1.8967181 2.0113258 2.0328957 2.0442187 2.0481839 2.4922564 3.0855726 1.7730684 2.1401127 2.1401127 1.8292245 1.0231091 0.8420553 0.8521243 0.9726383 1.1656547 1.1546068 1.0885527 1.2971451 1.2839255 0.9726364 0.9433603 0.9433603 0.7856085 0.1252210 0.0000000 0.1912183 0.2491270 0.3725248 0.3210978 0.5258560 0.4950125 0.9094648 0.7745442 0.7344401 0.8488819 0.7426173 0.7855572 0.7660498 0.7302673 0.8842720 0.8187433 0.8966035 1.0458984 1.0156745 1.4217298 1.0630630 1.1237761 1.3630780 1.3215308 1.3215308 1.3343590 1.4479008 1.3262141 1.1190216 1.0974749 1.7396370 1.6787823 1.3882391 1.7433111 1.3150701 2.1216760 2.0768984 2.0932912 2.0459561 1.8846090 3.3736487 
Gasp_gasp1.m3.26051.m1                                             1.6722259 1.2597103 1.5173219 1.5114396 1.5114396 1.4769129 1.3863511 1.4069728 1.4048192 1.4683622 1.4699958 1.8662893 2.2531110 1.2191768 1.5145687 1.5145687 1.4791768 0.9277629 0.7824393 0.7278397 0.8129195 0.9035977 0.9758036 1.0490613 1.1547225 1.0498512 0.5918442 0.5601341 0.5601341 0.4857812 0.2389242 0.1912183 0.0000000 0.2235881 0.2736347 0.2689416 0.3173291 0.3567538 0.5076764 0.4879178 0.4576243 0.5003446 0.4569119 0.4232831 0.4635271 0.5005401 0.6577356 0.5547322 0.5845626 0.5143487 0.7132698 1.2665449 0.7815062 0.9647770 1.0347581 1.0008473 1.0008473 0.9973799 0.9744259 0.9897458 0.8447219 0.7806023 1.7896562 1.2840553 1.5238369 1.6618412 1.2481205 2.0550122 2.1021332 2.0951529 1.9067470 1.9748250 3.0569894 
Fspp_ffun1.m4.30942.m1                                             1.9573677 1.7800911 1.8610683 1.9608272 1.9608272 2.1911239 1.8358117 1.9737067 1.8991878 2.0039477 2.0149536 2.4472922 3.2468311 1.7334813 2.1026397 2.1026397 1.8728191 1.2215345 0.8887403 0.9065215 1.0372717 1.1946436 1.2397238 1.0871781 1.4297511 1.4302147 0.8882563 0.9193975 0.9193975 0.7129020 0.2447768 0.2491270 0.2235881 0.0000000 0.3540231 0.3412685 0.5532000 0.5550957 0.8432871 0.7472223 0.6877051 0.6977558 0.6717587 0.7749544 0.7539140 0.7944840 0.9278729 0.8219273 0.9290221 0.9998611 0.9701505 1.5927593 1.0859816 1.0879132 1.3708673 1.3297645 1.3297645 1.3483022 1.4182315 1.3092781 1.1878458 1.2384563 1.9221398 1.5923138 1.6651188 1.9126459 1.3285527 2.0624653 1.9850945 2.0463320 1.9096177 1.8604985 3.2356208 
Amil_Amillepora03225-RA                                            1.9143036 1.6336728 1.7318680 1.7850442 1.7850442 2.2118242 1.7150092 1.7807422 1.6870852 1.9093953 1.9131059 2.3367468 2.7305506 1.5087361 1.8257510 1.8257510 1.8108824 1.0495671 0.7682636 0.8748072 1.0100655 1.0475389 1.0644692 1.1296894 1.2006958 1.1852808 0.9771809 0.9439384 0.9439384 0.8699581 0.3661379 0.3725248 0.2736347 0.3540231 0.0000000 0.3167873 0.5230560 0.5063662 0.9468201 0.7330581 0.7569903 0.8327920 0.7144064 0.6983544 0.7471016 0.7672711 0.8845652 0.8562315 0.8578986 0.9133588 1.0654385 1.5032594 1.0844894 1.0166611 1.2869562 1.2316390 1.2316390 1.2971732 1.3601242 1.1979896 1.2805017 1.0434706 1.8921949 1.6396791 1.4762170 1.7286984 1.2819257 2.2236561 2.1457863 2.1675555 2.2965121 1.8088901 3.1096248 
Gfas_gfas1.m1.6777.m1                                              2.1417475 1.7766113 2.0625506 1.9559854 1.9559854 2.1922265 1.8536612 1.9250578 1.8896043 1.9542599 1.9579634 2.3774584 2.8854208 1.6925444 2.0705522 2.0705522 1.8619667 1.1340446 0.7496714 0.8873730 0.9840223 1.1697199 1.2958997 1.1981260 1.2894791 1.1983252 0.8707932 0.9087658 0.9087658 0.8074288 0.3287453 0.3210978 0.2689416 0.3412685 0.3167873 0.0000000 0.5320880 0.5636323 0.8734776 0.7333976 0.6961403 0.8111100 0.7443168 0.6982359 0.7691344 0.6901232 0.7898965 0.9077454 0.7913879 0.9663470 0.8419126 1.4461926 1.0270808 0.9254233 1.1652140 1.1079813 1.1079813 1.1685750 1.2530293 1.0931063 1.0880802 1.0712943 1.9947435 1.6108762 1.6571647 2.0433331 1.5179215 2.2849321 2.0721876 2.0361598 2.0552997 1.9142265 3.0624949 
Nvec_v1g175253                                                     1.8117069 1.7254869 1.8673311 1.9670318 1.9670318 2.3422562 1.8497892 1.8662501 1.8503521 1.9724076 1.9762536 2.3448474 3.0578668 1.6193555 1.9579966 1.9579966 2.0383319 1.2066713 0.8544043 0.8954602 1.1116798 1.1217455 1.3646409 0.9702679 1.2376483 1.2394740 1.0743544 0.9200018 0.9200018 0.8986659 0.4993155 0.5258560 0.3173291 0.5532000 0.5230560 0.5320880 0.0000000 0.3431140 0.8096141 0.7113087 0.7060388 0.6964807 0.8380474 0.8462753 0.7392942 0.6576898 0.7207337 0.8288477 0.8073838 1.1116048 1.0227964 1.4782526 1.1001587 0.7369582 0.9788381 0.9831581 0.9831581 1.0302728 1.0815141 0.9330619 1.3879389 1.1910096 1.8931037 1.4026584 1.6961125 1.8489263 1.5131652 2.3834708 2.0744193 2.1759801 2.0256149 2.0575587 2.9354388 
Exapal_XM_021060572.2                                              2.1346255 1.6161338 1.6719355 1.8405176 1.8405176 2.0153725 1.6606199 1.7632179 1.6128509 1.7835176 1.7962829 2.1781979 2.3575953 1.4169254 1.8908695 1.8908695 1.8001453 1.1340536 0.8422410 0.8856465 0.9969284 0.9401451 1.1695408 1.1120416 1.2479603 1.1763099 0.9371989 0.8716950 0.8716950 0.7780560 0.4584396 0.4950125 0.3567538 0.5550957 0.5063662 0.5636323 0.3431140 0.0000000 0.7740289 0.7147888 0.6518453 0.6589596 0.7014786 0.7176264 0.6912035 0.6004668 0.8234399 0.6853541 0.7864694 0.8699840 0.9571576 1.4901410 1.1753847 0.7787518 1.0518199 1.0220544 1.0220544 1.0687903 1.2001517 1.0318378 1.2245412 1.0634193 1.9165189 1.4548700 1.4015827 1.6865896 1.2628839 2.1903264 1.8908545 2.0645322 1.8840757 1.8724899 3.0442553 
Sanmal_Sma_014511-T1                                               2.3001682 1.5416424 1.7893987 1.9494232 1.9494232 2.0826009 1.8322341 1.9672180 1.8545531 1.7552653 1.7566011 2.2551097 3.2073939 1.8269484 2.2937713 2.2937713 1.9939274 1.4599531 0.8692312 1.0117895 1.1627711 1.0838248 1.3743943 1.3551065 1.4673715 1.4826973 1.0713305 0.9171461 0.9171461 1.0179909 0.8831740 0.9094648 0.5076764 0.8432871 0.9468201 0.8734776 0.8096141 0.7740289 0.0000000 0.3466277 0.3813617 0.4432895 0.8965451 0.9487763 0.9571607 0.8376824 0.9450153 0.7460451 0.8866636 1.3389560 0.7475721 1.4159144 1.2781588 0.9341131 1.3215684 1.2395842 1.2395842 1.3439808 1.4078086 1.2721508 1.3292065 1.2107043 2.0622011 1.9270738 1.7482133 2.0321526 1.5785168 2.4438306 2.5749155 2.5830261 2.2734287 2.6543113 3.1844618 
Rhoesc_Res_009126-T1                                               2.0919990 1.6105155 1.8857438 2.1203595 2.1203595 2.2890819 1.9036094 2.0342801 1.9609710 1.8542664 1.8715011 2.4064371 3.0257341 1.7881003 2.3353885 2.3353885 1.7951590 1.4152577 0.8578036 0.9516629 1.1767070 1.1935376 1.2818657 1.3662522 1.5125315 1.4996753 0.9703440 0.7874482 0.7874482 1.0534158 0.7749479 0.7745442 0.4879178 0.7472223 0.7330581 0.7333976 0.7113087 0.7147888 0.3466277 0.0000000 0.1025119 0.3125668 0.8114692 0.8440376 0.9196747 0.8268121 0.9174116 0.8544071 0.9442556 1.2806584 0.6891715 1.4436140 1.3234182 0.7773093 1.2253164 1.1307071 1.1307071 1.2064070 1.2869683 1.1700428 1.1328147 1.1072600 2.0125542 1.5557126 1.8216141 1.6782506 1.4444919 2.5574660 2.4286284 2.5589824 2.2498364 2.2999831 2.9337853 
Nemnom_g12339.t1                                                   2.1674466 1.5684052 1.8656311 2.1014332 2.1014332 2.2115908 1.8834626 2.0364242 1.9381017 1.8853445 1.9034595 2.4248920 3.0878011 1.8354087 2.2914490 2.2914490 1.8603625 1.4257527 0.8475984 1.0542758 1.1848914 1.2152546 1.2839169 1.3044748 1.5255621 1.5839914 1.0271003 0.8633362 0.8633362 1.0812032 0.7401158 0.7344401 0.4576243 0.6877051 0.7569903 0.6961403 0.7060388 0.6518453 0.3813617 0.1025119 0.0000000 0.3233058 0.7946034 0.9010669 0.8926224 0.7785195 0.8924086 0.8080338 0.9505013 1.2325540 0.6916774 1.5419124 1.2803834 0.8267644 1.2561917 1.2195074 1.2195074 1.2995905 1.3350632 1.2322906 1.1045390 1.1266322 2.0620378 1.5780980 1.8602282 1.8372288 1.4241543 2.5146885 2.4307507 2.5637574 2.2852614 2.1659175 2.8505345 
Aaur_scaffold18.g31.t1                                             1.8726428 1.6636675 1.8600745 2.0264717 2.0264717 2.1587204 1.8577260 1.9148864 1.9160301 1.9137860 1.8988458 2.3369970 3.2094402 1.8733109 2.2062841 2.2062841 1.6250776 1.3441811 0.7924774 0.9817245 1.0850223 1.0634580 1.0942986 1.1997806 1.4231871 1.4305673 0.9828566 0.8569964 0.8569964 1.0999939 0.8065952 0.8488819 0.5003446 0.6977558 0.8327920 0.8111100 0.6964807 0.6589596 0.4432895 0.3125668 0.3233058 0.0000000 0.7941282 0.9532794 0.9880073 0.8135695 1.0259955 0.7977462 0.8922540 1.2945692 0.7122367 1.4626431 1.2851731 0.7874685 1.1057700 1.0594066 1.0594066 1.1420124 1.1603636 1.0830666 1.1315048 1.0602310 1.8058342 1.4034844 1.5703870 1.8380505 1.3945537 2.2038032 2.3220391 2.4962974 2.1399791 1.9890233 2.5362660 
Stycar_maker-SC_scaffold15323-augustus-gene-0.8-mRNA-1             1.8728095 1.8699901 1.8900615 2.0586475 2.0586475 2.2455967 1.9041714 2.0229004 1.9648237 1.8977165 1.9204257 2.3042762 3.0319217 1.8408692 2.2305456 2.2305456 2.0099727 1.1391778 0.7647316 0.8207798 0.8746992 1.1175868 1.1504600 1.1229547 1.1936087 1.0308004 0.7314547 0.7494098 0.7494098 0.5004235 0.7788188 0.7426173 0.4569119 0.6717587 0.7144064 0.7443168 0.8380474 0.7014786 0.8965451 0.8114692 0.7946034 0.7941282 0.0000000 0.4057320 0.5314888 0.7101421 0.9074008 0.6996606 0.7768623 0.6326905 0.9549542 1.5953271 1.1683113 0.8679652 1.1475387 1.1801026 1.1801026 1.2219794 1.2138117 1.1938223 0.8136623 1.2015559 1.8119328 1.4378885 1.5745152 1.8976505 1.4818444 2.2916958 1.9139602 1.8748226 1.8104908 1.7920261 2.8876048 
Halamb_c38309_g1_i1m.10710                                         2.1694151 1.9089850 2.1020941 2.1452118 2.1452118 2.3798624 1.9508735 2.0937881 2.0030702 1.9902275 2.0433543 2.4398910 2.9953691 1.8051179 2.2844195 2.2844195 2.0962991 1.4353965 0.7419981 0.9726770 1.2251747 1.3083681 1.1359463 1.4742269 1.2988297 1.1009427 0.5646569 0.8166703 0.8166703 0.4690230 0.7631785 0.7855572 0.4232831 0.7749544 0.6983544 0.6982359 0.8462753 0.7176264 0.9487763 0.8440376 0.9010669 0.9532794 0.4057320 0.0000000 0.7143640 0.8416676 0.8943998 0.7447503 0.8747999 0.7383473 1.0412215 1.5043787 1.2580023 0.8439378 1.2758951 1.3080263 1.3080263 1.3109544 1.2807842 1.2309182 0.9472676 1.2767131 1.8310875 1.6466024 1.7178700 2.1118896 1.7201852 2.4290609 2.2889844 2.3316066 2.1537352 2.0313974 3.4341585 
Spolac_c111403_g1_i1_m.45861c111403-g1                             1.6817160 1.7536824 2.1274399 1.9252853 1.9252853 2.2477951 1.8691854 2.0283624 1.9114327 1.8897088 1.9032062 2.3646306 2.8221592 1.8181705 2.3572571 2.3572571 2.0381368 1.3395798 0.8054550 1.0520744 1.2418559 1.2516839 1.3773357 1.2461412 1.2102139 1.2388811 0.7464680 0.7652206 0.7652206 0.6646972 0.7596210 0.7660498 0.4635271 0.7539140 0.7471016 0.7691344 0.7392942 0.6912035 0.9571607 0.9196747 0.8926224 0.9880073 0.5314888 0.7143640 0.0000000 0.7494837 0.8441954 0.8461261 1.0654860 0.7676939 1.0089359 1.7813826 1.2062306 1.0070322 1.4915622 1.4391817 1.4391817 1.4686162 1.5958414 1.3619109 1.1099498 1.2408399 1.7805544 1.3828350 1.7045371 1.8901033 1.4473626 2.6088787 2.1107398 1.9842158 1.9283879 1.8103185 2.8287898 
Dgig_XM_028543332.1                                                1.9456835 2.0202236 2.1428356 2.2904816 2.2904816 2.5867962 2.1158577 2.2225311 2.0680728 2.0276310 2.0549514 2.4067610 3.0758917 1.9402562 2.3743653 2.3743653 2.3366465 1.3473192 0.9869566 0.9614973 1.2078619 1.4264241 1.5916258 1.3444636 1.5700130 1.2151343 1.1107495 0.8629916 0.8629916 0.8553715 0.7868633 0.7302673 0.5005401 0.7944840 0.7672711 0.6901232 0.6576898 0.6004668 0.8376824 0.8268121 0.7785195 0.8135695 0.7101421 0.8416676 0.7494837 0.0000000 0.3220685 0.9028111 0.8527172 1.0182881 0.9085912 1.8570546 1.1256764 1.1767921 1.4801987 1.4363450 1.4363450 1.4878837 1.6289772 1.5408218 1.0968215 1.1867866 1.8785871 1.6180711 1.9112735 2.1099910 1.8284434 2.2669632 2.1285221 2.0450556 1.9855051 1.9174620 3.3321335 
Xesp_002291-T1                                                     2.0230394 2.2404122 2.2338874 2.4779910 2.4779910 2.7165720 2.3043297 2.4202165 2.2377476 2.2445490 2.2896413 2.6932948 3.4568768 2.1925452 2.5030363 2.5030363 2.4616895 1.3234838 0.9759183 1.0118552 1.1921489 1.4318969 1.6162775 1.3907012 1.4640163 1.3311775 1.2125815 1.0691247 1.0691247 1.0074289 0.8857399 0.8842720 0.6577356 0.9278729 0.8845652 0.7898965 0.7207337 0.8234399 0.9450153 0.9174116 0.8924086 1.0259955 0.9074008 0.8943998 0.8441954 0.3220685 0.0000000 1.0541326 1.1327947 1.2060785 0.9663894 1.8863096 1.2085663 1.2300363 1.6417145 1.4528293 1.4528293 1.4486687 1.5063943 1.3537048 1.2108544 1.2626105 1.9074469 1.7706213 1.9505078 2.3153145 1.8804242 2.7553026 2.4406297 2.3462042 2.2742652 2.1235177 3.1410787 
Spur_XM_011675026.2                                                1.6987462 1.8054918 1.9929752 1.9393854 1.9393854 2.2583238 1.7966961 1.8934593 1.8459212 1.8811921 1.9046189 2.4237804 2.9433636 1.8455691 2.1388648 2.1388648 1.8665533 1.1213784 0.6497552 0.7470945 0.8229385 0.9591707 0.8204948 1.0497992 1.0134265 0.9985294 0.9329601 0.9861014 0.9861014 0.8578707 0.8302140 0.8187433 0.5547322 0.8219273 0.8562315 0.9077454 0.8288477 0.6853541 0.7460451 0.8544071 0.8080338 0.7977462 0.6996606 0.7447503 0.8461261 0.9028111 1.0541326 0.0000000 0.5276177 1.0533383 1.0010673 1.3295308 0.8708862 0.8377307 1.2555343 1.1409523 1.1409523 1.2008857 1.3941563 1.3195875 1.0094950 1.1627446 1.5414901 1.5129479 1.8966822 1.5474636 1.4512496 1.9396895 1.9508141 1.8887406 1.5734858 1.8645556 2.9122727 
Skow_XM_002733168.2                                                1.9529965 1.9070377 2.0864055 2.0001958 2.0001958 2.2278088 1.8870589 1.9826304 2.0009831 2.0087031 2.0351690 2.6031022 2.8425205 1.9208798 2.6165461 2.6165461 2.0156659 1.2310177 0.7598041 0.8561031 0.8177048 1.0312000 1.0729028 0.9013121 1.1820350 1.0988233 1.1179648 1.0545410 1.0545410 0.9577881 0.8006150 0.8966035 0.5845626 0.9290221 0.8578986 0.7913879 0.8073838 0.7864694 0.8866636 0.9442556 0.9505013 0.8922540 0.7768623 0.8747999 1.0654860 0.8527172 1.1327947 0.5276177 0.0000000 1.1727352 1.1581614 1.4460980 0.8728320 0.9975133 1.3560242 1.3666212 1.3666212 1.4838995 1.6963892 1.5719461 1.1425221 1.2008200 1.6235488 1.5972673 1.8555926 1.9658089 1.6859510 1.8420835 2.2024931 2.0982489 1.9266973 1.6587592 3.7677343 
Tetwil_g13340.t1                                                   2.0625774 1.5517710 1.8030598 1.6998664 1.6998664 1.8442303 1.6007425 1.6917059 1.7064862 1.6266755 1.6499172 1.9811379 2.6215895 1.6021225 1.8842946 1.8842946 2.0884873 1.6031568 0.9205261 1.2540461 1.3647507 1.5441096 1.4761228 1.8174850 1.6400937 1.3411047 0.9818785 1.0507842 1.0507842 0.8671196 1.0276950 1.0458984 0.5143487 0.9998611 0.9133588 0.9663470 1.1116048 0.8699840 1.3389560 1.2806584 1.2325540 1.2945692 0.6326905 0.7383473 0.7676939 1.0182881 1.2060785 1.0533383 1.1727352 0.0000000 1.3333111 1.8780753 1.4988152 1.1416076 1.6054273 1.6264141 1.6264141 1.6540002 1.6454840 1.5183510 1.1400424 1.6943924 1.9878243 1.9432109 1.8073463 2.0640643 1.6503938 2.9286271 2.0752987 2.1908629 2.2244479 2.2693707 3.5208512 
