69
Xestes_maker-XT_scaffold165795-augustus-gene-0.7-mRNA-1          0.0000000 0.0000010 3.1162571 2.8215608 2.1349705 2.5053986 1.4925974 2.8868493 2.8332150 3.3787016 3.5084636 2.9563095 3.3751447 3.2818766 3.2299747 3.4469662 3.2509690 2.1975200 2.0318689 3.7995040 2.4898464 2.2980454 2.3894068 2.4188257 3.3038834 1.3694632 3.8757495 3.0769523 3.0719939 3.5483473 3.5297508 3.2357656 3.6039929 3.1016406 3.1137903 0.0000010 3.8416606 2.7027643 5.6696588 3.2360098 3.2360098 7.9022549 3.1009062 3.5853374 3.7353925 4.0235914 3.9223873 0.9328912 0.6854468 0.8372876 1.8972843 1.8276831 2.0643500 2.7373652 1.9199989 2.1137400 1.8518937 2.4834080 2.8349483 2.1661518 3.1866420 3.7625472 3.7241975 3.7517593 3.6399296 3.6902929 4.3283367 0.0000010 5.5042870 
Lcom_lcpid208800                                                 0.0000010 0.0000000 0.0440695 0.0650425 0.0681375 0.0914605 0.0798472 0.0763019 0.0871559 0.1043742 0.1044612 0.1164305 0.1270783 0.1034996 0.1155140 0.1018559 0.1268268 0.0914681 0.1574343 0.1555034 0.2071487 0.2295402 0.2217750 0.2632325 0.1060737 0.0000010 0.1154173 2.8111344 0.2100135 0.1889712 0.1889712 0.2265067 0.2779440 0.2956559 0.1909075 0.2053809 0.2104511 0.2383556 0.8480971 0.6106530 0.6106530 0.5060066 0.5340636 0.5314390 0.5954728 0.5855314 0.5855314 0.3454794 0.3412467 0.3412467 0.2442312 0.2374911 0.2581123 0.3205791 0.2752380 0.3761432 0.5959530 0.1009754 0.1409380 0.0000010 0.5193085 0.5193085 0.5004028 0.4854695 0.4727422 0.4787318 0.0000010 0.0000010 0.0000010 
Cgig_XM_011427724.3                                              3.1162571 0.0440695 0.0000000 0.3688666 0.4431678 0.4457531 0.3108418 0.5933799 0.6408333 0.7226759 0.7411674 0.6230987 0.7012724 0.7273469 0.7553215 0.6482341 0.5945542 1.0979773 0.8359455 0.8166648 0.8064279 0.7414618 0.7947250 0.7650397 0.7711561 0.9787699 0.8055544 2.0284676 1.0730404 1.0361286 1.0773866 1.0068582 0.9151931 1.0026725 1.0368341 0.7318131 1.1223536 1.0765974 1.3360541 1.3323832 1.2108362 0.7451608 1.3148247 1.2965978 1.2336177 1.2844403 1.3489653 1.4823997 1.1101701 1.3406521 1.2400669 1.1058506 1.3182187 1.3648960 1.2847092 1.5934020 1.5000821 0.7585935 0.8108349 1.2877338 1.0750985 1.2076660 1.2145778 1.1535571 1.1469041 1.1900891 3.2876780 0.7468318 4.4147611 
Acagra_model.g25119.t1                                           2.8215608 0.0650425 0.3688666 0.0000000 0.4051934 0.4020116 0.2915537 0.5579741 0.6268894 0.7546859 0.7333833 0.6552808 0.7340178 0.7415905 0.7657666 0.6819874 0.6080621 1.0778173 0.8058378 0.7863221 0.8048434 0.7439616 0.7700401 0.7468460 0.7847230 0.9679117 0.8659308 2.0631277 1.0691222 1.0985548 1.1498130 0.9954389 0.9379786 0.9436560 1.0395088 0.6348956 1.2058520 1.0214248 1.2657440 1.2625749 1.1475971 0.7253405 1.2372164 1.3133385 1.2349555 1.2830821 1.3416998 1.4566962 1.0957087 1.3451580 1.1801155 1.1108259 1.2795517 1.3239256 1.2491951 1.4445153 1.4429033 0.7058086 0.8903204 1.2955487 0.9719999 1.1780770 1.1368842 1.0949714 1.0870666 1.1173271 2.4382482 0.6667591 4.4083189 
Tcas_TC007717_001                                                2.1349705 0.0681375 0.4431678 0.4051934 0.0000000 0.3061136 0.3682141 0.4844141 0.4761532 0.5649338 0.5558286 0.5449955 0.5722016 0.5533998 0.5675116 0.4649895 0.4487040 0.7934648 0.6850437 0.6387262 0.6756480 0.6761734 0.6748695 0.6376561 0.6416383 1.0701240 0.6295263 1.2418310 0.6572261 0.6989339 0.7061848 0.7120953 0.7047414 0.7304242 0.7107626 0.7647288 0.7522913 0.9631391 1.2577292 1.0581966 0.9558060 0.6764461 0.9856176 1.0564185 1.0695365 0.9948599 1.0107636 1.2285170 1.1008948 1.1254312 1.0085376 0.9385161 1.0958877 1.0892603 1.0266638 1.2575429 1.2687942 0.5329230 0.4255824 0.9513101 0.8239953 0.8662121 0.8604281 0.8063630 0.7960629 0.8475188 1.8420649 0.3459760 3.4440811 
Dpul_mRNA6856                                                    2.5053986 0.0914605 0.4457531 0.4020116 0.3061136 0.0000000 0.3553792 0.4567561 0.5338577 0.5913463 0.5746292 0.5504237 0.5992274 0.5923292 0.6103222 0.4921156 0.4467017 0.8784827 0.6922860 0.6399732 0.7132726 0.6434552 0.6651755 0.6651086 0.5589175 0.7970092 0.5684318 1.3873956 0.6787884 0.7138812 0.7072825 0.6574410 0.7856693 0.7607768 0.7033215 0.6424773 0.7789346 0.8737752 1.2384384 1.1264124 1.0319830 0.6926984 1.0354415 1.0652000 0.9722552 1.0794197 1.1037033 1.3293359 1.1931680 1.2172535 1.0295527 0.9264134 1.0971059 1.0164440 0.9915810 1.2154156 1.2452497 0.5659120 0.4892865 1.0725128 0.7353257 0.7627336 0.7798502 0.7280116 0.7173327 0.7542256 2.2290191 0.4360358 5.0876161 
Ctel_gnl_WGS_AMQN_CAPTEDRAFT_mRNA112449                          1.4925974 0.0798472 0.3108418 0.2915537 0.3682141 0.3553792 0.0000000 0.3366535 0.4047619 0.4536279 0.4532234 0.4471385 0.4564296 0.4611289 0.4614216 0.3583966 0.3271706 0.7231079 0.5731585 0.5193233 0.7121939 0.7006542 0.6862728 0.7263447 0.5146497 1.3077508 0.4947672 0.9006151 0.5162511 0.5645343 0.5745094 0.5339777 0.5364531 0.5490862 0.5585819 0.6244092 0.6562798 0.6513077 1.3182741 0.9321457 0.7233225 0.7691010 0.9127869 0.9027870 0.8332000 0.8816513 0.9111906 0.9083015 0.8499818 0.8499818 0.6888111 0.6282361 0.8257898 0.8057716 0.7528550 0.9964989 1.0037767 0.3429054 0.2144386 0.8320079 0.6426053 0.6426053 0.6349883 0.6353273 0.6239525 0.6418561 1.0063633 0.9941212 2.5710761 
Skow_XM_006812111.1                                              2.8868493 0.0763019 0.5933799 0.5579741 0.4844141 0.4567561 0.3366535 0.0000000 0.4845504 0.9347985 0.9280151 0.8435981 0.8962484 0.9571102 0.9488951 0.7524337 0.6311760 1.0119709 0.8056295 0.9569350 0.8094475 0.7482634 0.7735429 0.7958887 1.0413503 1.5903429 0.8811189 2.0473022 1.1375860 1.1210759 1.1532787 1.0314151 0.9738332 1.0397728 1.1207110 0.7965718 1.4304751 1.1214067 1.4315623 1.5143040 1.3671876 0.8107961 1.4392928 1.4564681 1.4390889 1.4314213 1.4856477 1.5594926 1.2036652 1.5329014 1.4131471 1.3574594 1.5337387 1.6397129 1.4660699 1.8711737 1.8206690 0.7388973 0.9880274 1.4027976 1.1230175 1.4159060 1.4866929 1.4050000 1.4004100 1.4497737 3.6985375 0.8182297 6.3421185 
Spur_XM_030978463.1                                              2.8332150 0.0871559 0.6408333 0.6268894 0.4761532 0.5338577 0.4047619 0.4845504 0.0000000 0.8333724 0.8214440 0.7755486 0.8192267 0.8408578 0.8305773 0.7159126 0.6064050 1.0575199 0.8263220 0.9766458 0.7729623 0.7191085 0.7287996 0.7181774 1.0108364 1.1794163 0.8621370 2.0961516 1.1820121 1.2213177 1.2278197 1.1213856 1.0043139 1.0640079 1.1359567 0.6897309 1.3429197 1.1169196 1.2731812 1.3371460 1.2346748 0.6988745 1.3317272 1.3126006 1.3357287 1.3254253 1.3762324 1.6625338 1.2064128 1.5134909 1.4311028 1.3407781 1.5391789 1.7143138 1.4626836 1.8356285 1.6923728 0.8067129 1.0119814 1.4678786 1.0996837 1.3599761 1.3834722 1.3454565 1.3382921 1.3830292 3.1936620 0.6764224 5.6164368 
Fspp_ffun1.m4.17579.m1                                           3.3787016 0.1043742 0.7226759 0.7546859 0.5649338 0.5913463 0.4536279 0.9347985 0.8333724 0.0000000 0.0658993 0.0752029 0.0958238 0.0992819 0.1044626 0.7758197 0.6969845 1.1499553 0.8416205 0.4333722 0.8031181 0.7860631 0.7647034 0.7744429 0.4575435 0.8894519 0.9694107 1.8891446 1.0488243 0.9972780 0.9896013 0.9453806 0.8751421 0.9326453 1.1038000 0.8629053 1.1763962 1.2074318 1.4423025 1.4594746 1.3345018 0.8353809 1.3893820 1.2883447 1.2590274 1.3505595 1.3882062 1.6740175 1.3031673 1.5885325 1.4742032 1.3213729 1.5331000 1.5849967 1.4328442 1.8243662 1.6777153 0.7997748 1.0361633 1.3546471 1.1258164 1.3685870 1.3816082 1.3081151 1.3292274 1.3224176 3.0477236 0.9637293 5.9353850 
Gasp_gasp1.m3.20995.m1                                           3.5084636 0.1044612 0.7411674 0.7333833 0.5558286 0.5746292 0.4532234 0.9280151 0.8214440 0.0658993 0.0000000 0.0815003 0.1076829 0.0947186 0.1142412 0.8069163 0.6914205 1.1318357 0.8390370 0.4416151 0.8125548 0.7940210 0.7893212 0.7764163 0.4489191 0.8309202 0.9567890 1.9132279 1.0551319 0.9943157 0.9993020 0.9395851 0.8814736 0.9270862 1.1248939 0.8648036 1.2120148 1.2405249 1.5448370 1.4871223 1.3325621 0.8150115 1.4091061 1.3047437 1.2717028 1.3945989 1.4492402 1.7197993 1.3662552 1.6503278 1.5093625 1.3316567 1.5490436 1.6148690 1.4395987 1.8601134 1.6821532 0.8166818 1.0242807 1.4088881 1.1734883 1.4249634 1.4368362 1.3610112 1.3797067 1.3806122 2.9190560 0.9311517 5.7364639 
Gfas_gfas1.m1.6358.m1                                            2.9563095 0.1164305 0.6230987 0.6552808 0.5449955 0.5504237 0.4471385 0.8435981 0.7755486 0.0752029 0.0815003 0.0000000 0.0641055 0.1022191 0.1084996 0.7137185 0.6356291 1.0674418 0.8265147 0.3921684 0.8018559 0.7795688 0.7567720 0.7605764 0.4179581 0.7895292 0.8368388 1.5498614 0.8659121 0.8264264 0.8238740 0.7811690 0.7533723 0.7753849 1.0231342 0.8707703 1.0138856 0.9736522 1.4216504 1.4559348 1.3411847 0.8681823 1.3628800 1.2227497 1.1841973 1.2955979 1.3573465 1.4420645 1.2699592 1.3368569 1.2531038 1.1148737 1.3637507 1.3713396 1.2578640 1.6454273 1.5114230 0.6260415 0.7951338 1.1855025 0.9715120 1.1638245 1.1785869 1.1361828 1.1422574 1.1332680 3.0174594 0.9490068 5.4993467 
Amil_Amillepora24591-RA                                          3.3751447 0.1270783 0.7012724 0.7340178 0.5722016 0.5992274 0.4564296 0.8962484 0.8192267 0.0958238 0.1076829 0.0641055 0.0000000 0.1306612 0.1419713 0.8002058 0.6910116 1.1638226 0.8917685 0.4487899 0.8487658 0.8154074 0.7927437 0.7977125 0.4767471 0.8111855 0.9722713 1.8611153 1.0689143 1.0200534 1.0130262 0.9400750 0.8493099 0.9538823 1.0865213 0.8989715 1.1997551 1.2516455 1.4345183 1.4579062 1.3450904 0.8230776 1.3927283 1.2748614 1.2443513 1.3669315 1.4215676 1.6938313 1.3161151 1.6087601 1.5195022 1.3666986 1.6093839 1.6796647 1.4919955 1.9141523 1.7119694 0.7862675 1.0259548 1.3733560 1.1381760 1.3803864 1.3943413 1.3246921 1.3360429 1.3474496 2.8628335 0.9031511 5.9748672 
Spis_XP_022792528_1                                              3.2818766 0.1034996 0.7273469 0.7415905 0.5533998 0.5923292 0.4611289 0.9571102 0.8408578 0.0992819 0.0947186 0.1022191 0.1306612 0.0000000 0.0592934 0.7939917 0.7049327 1.0950769 0.8166882 0.4513008 0.8072081 0.8054232 0.7814181 0.7849012 0.4676642 0.8588112 0.9076760 1.8232531 1.0245712 1.0085826 0.9887392 0.9693259 0.8940216 0.9524528 1.0612952 0.8741346 1.1444423 1.2288784 1.4944619 1.4778316 1.3288248 0.8459677 1.4171597 1.2768126 1.2718389 1.3974588 1.4402211 1.6813498 1.3006665 1.5913146 1.4595008 1.3370722 1.5362276 1.5739191 1.4061544 1.8010649 1.6669407 0.8131036 1.0259170 1.3177942 1.1319817 1.3790118 1.3824280 1.3294653 1.3407151 1.3399383 3.1241712 0.9791641 5.4817361 
Pocdam_XM_027184717.1                                            3.2299747 0.1155140 0.7553215 0.7657666 0.5675116 0.6103222 0.4614216 0.9488951 0.8305773 0.1044626 0.1142412 0.1084996 0.1419713 0.0592934 0.0000000 0.7948282 0.7085475 1.1080129 0.8340184 0.4420805 0.7757581 0.7976782 0.7606449 0.7735580 0.4710375 0.8721224 0.9298744 1.8216380 1.0350776 1.0120817 0.9997583 0.9649485 0.9257341 0.9731133 1.0505339 0.8681764 1.1624639 1.2632445 1.5735097 1.5003362 1.3308060 0.8895254 1.4153118 1.2848910 1.2822017 1.4344300 1.4996296 1.6559459 1.2887309 1.5758307 1.4653390 1.3210477 1.5354909 1.5618263 1.4022985 1.7686361 1.6298699 0.8292111 1.0303288 1.3266943 1.1374653 1.3863480 1.3949837 1.3334840 1.3466529 1.3526045 2.9735618 1.0187782 5.5830584 
Hsap_ENST00000398960                                             3.4469662 0.1018559 0.6482341 0.6819874 0.4649895 0.4921156 0.3583966 0.7524337 0.7159126 0.7758197 0.8069163 0.7137185 0.8002058 0.7939917 0.7948282 0.0000000 0.5612148 1.1135501 0.8413410 0.8626459 0.8253734 0.7530489 0.7507479 0.7875827 0.9556449 1.2080649 0.6949709 2.1019087 1.1795256 1.1447797 1.1702254 1.0924130 0.9884420 1.0880600 1.0970077 0.7862212 1.3134919 1.1645140 1.2148729 1.3271910 1.2557661 0.7205026 1.3538552 1.2900923 1.2595308 1.3219490 1.3698887 1.6576609 1.2464571 1.5685139 1.4202785 1.2328206 1.4723274 1.6050592 1.4167000 1.7909131 1.6408126 0.7941309 0.9859625 1.3791679 1.1196018 1.3811787 1.3688508 1.3470041 1.3377851 1.3727697 2.8460646 0.7649387 5.1275267 
Bralan_BLAG04001802_1                                            3.2509690 0.1268268 0.5945542 0.6080621 0.4487040 0.4467017 0.3271706 0.6311760 0.6064050 0.6969845 0.6914205 0.6356291 0.6910116 0.7049327 0.7085475 0.5612148 0.0000000 0.9647364 0.7160904 0.7980345 0.7683756 0.7220481 0.6745001 0.7181482 0.7811185 1.0241195 0.7796658 1.7972093 1.0332237 1.1044060 1.0861589 0.9114020 0.9692533 0.9841243 0.9346385 0.7934002 1.0566095 1.0963274 1.3667950 1.4065853 1.2882859 0.8234212 1.3834708 1.2472859 1.2374940 1.2550900 1.3015707 1.6467184 1.3163044 1.5756472 1.3328188 1.2883393 1.4626581 1.5693971 1.4210898 1.7754473 1.6525096 0.7164242 0.8288041 1.3134627 1.1105778 1.3240804 1.3113090 1.2885210 1.2685051 1.2916351 3.5362133 0.6080765 5.0807217 
Ocar_g9191                                                       2.1975200 0.0914681 1.0979773 1.0778173 0.7934648 0.8784827 0.7231079 1.0119709 1.0575199 1.1499553 1.1318357 1.0674418 1.1638226 1.0950769 1.1080129 1.1135501 0.9647364 0.0000000 0.1192198 1.2803360 1.1370974 1.0075075 1.0139574 0.9244936 1.1931180 1.2452375 0.9896767 1.4501501 1.1627758 1.2339408 1.2812337 1.1651062 1.1352570 1.2118057 1.2818541 1.1591553 1.2150225 1.2438039 1.6609004 1.3783461 1.2214185 1.1234012 1.3704402 1.3808267 1.2410374 1.3845563 1.4012674 1.5921222 1.5436062 1.6719610 1.4533031 1.4644200 1.4212809 1.3101357 1.3617315 1.3851859 1.3983792 0.6893807 1.0942823 1.3752999 1.1998154 1.2994751 1.3452067 1.2978910 1.2777969 1.2809938 2.3076463 1.2948563 2.8220345 
Opea_EP00118_Oscarella_pearsei_P003037                           2.0318689 0.1574343 0.8359455 0.8058378 0.6850437 0.6922860 0.5731585 0.8056295 0.8263220 0.8416205 0.8390370 0.8265147 0.8917685 0.8166882 0.8340184 0.8413410 0.7160904 0.1192198 0.0000000 0.9640216 0.9286319 0.8310407 0.8254473 0.7652072 0.9158677 1.9467859 0.8959744 1.6211255 1.0407140 1.0462585 1.0652411 0.9712348 0.9522156 1.0132417 1.0770758 0.9218580 1.1373817 1.0462058 1.7196977 1.3142476 1.0978529 0.9529729 1.2383702 1.1279901 1.0489860 1.1705743 1.1728050 1.1826749 1.1861771 1.2538580 1.0355985 1.0695398 1.1213940 1.0061908 1.0347145 1.3931647 1.2581841 0.4585860 0.7447042 1.2393800 1.0953047 1.1666087 1.1802033 1.1275243 1.1204862 1.1320630 2.0745003 1.6790201 2.7956009 
Nvec_v1g20898                                                    3.7995040 0.1555034 0.8166648 0.7863221 0.6387262 0.6399732 0.5193233 0.9569350 0.9766458 0.4333722 0.4416151 0.3921684 0.4487899 0.4513008 0.4420805 0.8626459 0.7980345 1.2803360 0.9640216 0.0000000 1.0125233 0.9693208 1.0005537 0.9375488 0.3100797 0.7351492 1.1097482 1.9707492 1.1175436 1.1287731 1.1157901 1.0626012 0.8850066 1.0003416 1.0720500 1.1325535 1.2282976 1.2799263 1.6918846 1.5847275 1.3997894 0.9277702 1.4249443 1.4011381 1.3527397 1.4714846 1.5427131 1.7462674 1.3360689 1.5756912 1.4771542 1.3376132 1.5914391 1.6278667 1.4321434 1.8775124 1.7443279 0.8537056 1.0000169 1.5600211 1.1477921 1.3035028 1.2880713 1.2699793 1.2603075 1.2491275 3.0538577 1.3570592 6.5889787 
Leuniv_Lniv_C813412_01                                           2.4898464 0.2071487 0.8064279 0.8048434 0.6756480 0.7132726 0.7121939 0.8094475 0.7729623 0.8031181 0.8125548 0.8018559 0.8487658 0.8072081 0.7757581 0.8253734 0.7683756 1.1370974 0.9286319 1.0125233 0.0000000 0.1993252 0.1449622 0.2019756 1.0003691 1.7117649 0.8431070 1.6657341 0.9488234 0.9904295 0.9805530 1.0072784 0.9720875 0.9994104 0.9740124 0.6181658 0.9583407 0.8495455 1.5996264 1.3055902 1.0769452 0.8623973 1.3029792 1.2374213 1.2165633 1.2088976 1.2256060 1.2534764 1.1292092 1.1759790 1.0565803 0.9937208 1.0297835 0.9324158 0.8947754 1.1871514 1.0728104 0.6604867 0.6721585 0.6732697 1.0752755 1.1348197 1.1335956 1.1236411 1.1206634 1.1482066 2.1749825 1.2935784 3.0403452 
Gracom_Gcom_C552730_01                                           2.2980454 0.2295402 0.7414618 0.7439616 0.6761734 0.6434552 0.7006542 0.7482634 0.7191085 0.7860631 0.7940210 0.7795688 0.8154074 0.8054232 0.7976782 0.7530489 0.7220481 1.0075075 0.8310407 0.9693208 0.1993252 0.0000000 0.1765648 0.1891899 0.9301777 1.6212153 0.7624560 1.5178455 0.8607383 0.8661736 0.8800496 0.9233715 0.8828950 0.9053175 0.8700396 0.5384705 0.9238574 0.8498842 1.5932341 1.2638057 1.0446695 0.8273032 1.2230504 1.1765490 1.1265109 1.1026618 1.1265350 1.2075972 1.0972605 1.1265962 0.9955258 0.9179977 0.9371909 0.8435022 0.8213522 1.0638225 0.9962186 0.6154129 0.5826754 0.5842574 1.0094864 1.0137554 1.0504581 1.0687358 1.0586004 1.0773983 1.9348425 1.0715497 2.4670534 
Scil_scict024773.1                                               2.3894068 0.2217750 0.7947250 0.7700401 0.6748695 0.6651755 0.6862728 0.7735429 0.7287996 0.7647034 0.7893212 0.7567720 0.7927437 0.7814181 0.7606449 0.7507479 0.6745001 1.0139574 0.8254473 1.0005537 0.1449622 0.1765648 0.0000000 0.1470119 0.9688532 1.8866264 0.7691777 1.4724229 0.8482098 0.8499749 0.8649109 0.9246041 0.8629792 0.9031222 0.8607647 0.5476710 0.9291688 0.8470024 1.4894676 1.2568728 1.0571612 0.8107887 1.2317011 1.1885839 1.1695285 1.1392319 1.1542717 1.1597636 1.0743105 1.1054368 0.9588621 0.9368901 0.9151589 0.7962245 0.7896619 1.0679460 0.9528489 0.6013259 0.5724034 0.5408519 1.0590513 1.0537735 1.0812895 1.0737658 1.0662937 1.0806792 1.9076587 1.2114301 2.5059603 
Lcom_lcpid74598                                                  2.4188257 0.2632325 0.7650397 0.7468460 0.6376561 0.6651086 0.7263447 0.7958887 0.7181774 0.7744429 0.7764163 0.7605764 0.7977125 0.7849012 0.7735580 0.7875827 0.7181482 0.9244936 0.7652072 0.9375488 0.2019756 0.1891899 0.1470119 0.0000000 0.9339294 1.8069754 0.8213963 1.4393113 0.8534667 0.8788137 0.9120555 0.9695638 0.8780351 0.8783387 0.8985400 0.6016886 0.9942986 0.8878432 1.4937880 1.2830813 1.0859896 0.8468907 1.2250174 1.2425545 1.1976204 1.1374044 1.1528065 1.1515855 1.0109618 1.0675050 0.9881893 0.9636540 0.9512208 0.8299380 0.8045213 1.1174183 0.9653271 0.6056709 0.6060983 0.6048319 0.9987981 0.9987981 1.0272954 1.0277128 1.0185307 1.0253848 1.9939873 1.1652388 2.4167627 
Exapal_XM_021043539.1                                            3.3038834 0.1060737 0.7711561 0.7847230 0.6416383 0.5589175 0.5146497 1.0413503 1.0108364 0.4575435 0.4489191 0.4179581 0.4767471 0.4676642 0.4710375 0.9556449 0.7811185 1.1931180 0.9158677 0.3100797 1.0003691 0.9301777 0.9688532 0.9339294 0.0000000 0.0268790 1.0721140 2.0164767 1.1792695 1.1949123 1.1826215 1.0707850 0.8440986 0.9718820 1.2223339 0.9753221 1.2944490 1.2921563 1.6680015 1.6335249 1.4630032 0.9585035 1.4249413 1.3803139 1.3849636 1.3959675 1.4672958 1.6358922 1.3154780 1.5764739 1.4537800 1.3500766 1.5023157 1.5371112 1.3958859 1.7203374 1.5720543 0.8524012 1.0141329 1.4237221 1.1690761 1.3654244 1.3125804 1.2764191 1.2833846 1.3012305 3.0801808 1.2255016 5.9696896 
Exapal_XM_028658754.1                                            1.3694632 0.0000010 0.9787699 0.9679117 1.0701240 0.7970092 1.3077508 1.5903429 1.1794163 0.8894519 0.8309202 0.7895292 0.8111855 0.8588112 0.8721224 1.2080649 1.0241195 1.2452375 1.9467859 0.7351492 1.7117649 1.6212153 1.8866264 1.8069754 0.0268790 0.0000000 1.3667210 4.3722808 1.2796609 1.2433765 1.2234667 1.2372753 1.1684275 1.4197626 2.0172538 2.0581144 1.9049519 1.4744832 2.3983337 2.4898937 1.8229933 1.9378461 1.9654237 1.5331545 1.6017838 1.3565547 1.6251703 2.4233465 2.4740206 2.4740206 1.4646731 1.4071818 1.8494254 1.1849565 1.2164392 2.3886486 1.0544248 2.3736481 1.0079488 0.8486801 1.6990993 1.6990993 1.7622977 1.7279708 1.7361469 1.7503398 2.6480952 1.1998310 1.3425472 
Hsap_ENST00000323039                                             3.8757495 0.1154173 0.8055544 0.8659308 0.6295263 0.5684318 0.4947672 0.8811189 0.8621370 0.9694107 0.9567890 0.8368388 0.9722713 0.9076760 0.9298744 0.6949709 0.7796658 0.9896767 0.8959744 1.1097482 0.8431070 0.7624560 0.7691777 0.8213963 1.0721140 1.3667210 0.0000000 2.0651692 1.1235537 1.1953331 1.1990243 1.0181022 1.0998615 1.1977003 1.0217780 0.8474805 1.2317173 1.2025767 1.5606113 1.6580097 1.5118745 0.9301375 1.5851345 1.5317436 1.4665179 1.4494009 1.4946042 1.6762632 1.3090358 1.6398464 1.3654917 1.2373168 1.4979742 1.5271216 1.3815920 1.7343198 1.4593928 0.9593671 1.1709057 1.4705882 1.2814886 1.4260021 1.5016524 1.4578270 1.4470960 1.4608866 3.4986189 0.7231439 5.7478769 
Sanmal_Sma_015216-T1                                             3.0769523 2.8111344 2.0284676 2.0631277 1.2418310 1.3873956 0.9006151 2.0473022 2.0961516 1.8891446 1.9132279 1.5498614 1.8611153 1.8232531 1.8216380 2.1019087 1.7972093 1.4501501 1.6211255 1.9707492 1.6657341 1.5178455 1.4724229 1.4393113 2.0164767 4.3722808 2.0651692 0.0000000 0.1537125 0.7975869 0.8231008 1.5345279 1.7984111 1.9183981 1.3181622 4.8198478 1.7985987 2.5110818 6.1758792 2.4843016 2.1504729 1.7222636 2.3984326 2.4336526 2.3259807 2.5773099 2.6015612 2.6828693 2.2076347 2.5202525 2.7298998 2.4702344 2.4229544 3.3430968 2.6155139 2.6285035 2.6702921 1.2078901 1.6307307 1.4583036 1.8129924 2.0735583 2.2167760 2.2341373 2.1738668 2.2248338 3.5944605 4.5288931 4.8447455 
Sanmal_Sma_014933-T1                                             3.0719939 0.2100135 1.0730404 1.0691222 0.6572261 0.6787884 0.5162511 1.1375860 1.1820121 1.0488243 1.0551319 0.8659121 1.0689143 1.0245712 1.0350776 1.1795256 1.0332237 1.1627758 1.0407140 1.1175436 0.9488234 0.8607383 0.8482098 0.8534667 1.1792695 1.2796609 1.1235537 0.1537125 0.0000000 0.3728157 0.3962381 0.7513578 1.0385163 1.0904413 0.6981238 0.8812319 0.8994879 1.3402241 1.2403057 1.4780204 1.4401860 0.9226752 1.4863536 1.4028866 1.3509008 1.5785821 1.6697229 1.6837937 1.3205514 1.5238170 1.4770748 1.3046958 1.4110664 1.4767038 1.3717652 1.5941398 1.5886758 0.8774207 1.2116594 1.4583036 1.1799822 1.3517386 1.4036877 1.4009257 1.3732497 1.4013851 3.5639513 0.9169700 4.8447455 
Rhoesc_Res_007222-T1                                             3.5483473 0.1889712 1.0361286 1.0985548 0.6989339 0.7138812 0.5645343 1.1210759 1.2213177 0.9972780 0.9943157 0.8264264 1.0200534 1.0085826 1.0120817 1.1447797 1.1044060 1.2339408 1.0462585 1.1287731 0.9904295 0.8661736 0.8499749 0.8788137 1.1949123 1.2433765 1.1953331 0.7975869 0.3728157 0.0000000 0.0693650 0.7388167 1.1506384 1.2050554 0.7361910 0.7725084 0.8736184 1.2704195 1.3199563 1.5688994 1.5105456 0.9779688 1.5808947 1.5382599 1.4133166 1.5576570 1.6566015 1.8191103 1.4390883 1.6702548 1.5246492 1.3958896 1.5409757 1.5887013 1.4652483 1.6893226 1.6923398 0.8870521 1.2208755 1.7155061 1.1999641 1.4176611 1.4257037 1.4307531 1.4341443 1.4290583 3.8120602 1.0117977 4.5707357 
Nemnom_g17505.t1                                                 3.5297508 0.1889712 1.0773866 1.1498130 0.7061848 0.7072825 0.5745094 1.1532787 1.2278197 0.9896013 0.9993020 0.8238740 1.0130262 0.9887392 0.9997583 1.1702254 1.0861589 1.2812337 1.0652411 1.1157901 0.9805530 0.8800496 0.8649109 0.9120555 1.1826215 1.2234667 1.1990243 0.8231008 0.3962381 0.0693650 0.0000000 0.7693085 1.1685917 1.1866529 0.7511326 0.7789447 0.8656324 1.2736135 1.3294467 1.5761989 1.5136471 0.9717428 1.6161449 1.5247159 1.4333239 1.5752503 1.6498624 1.8334248 1.4526595 1.6824609 1.5763549 1.4523288 1.6088616 1.6516698 1.5083770 1.7532124 1.7213962 0.9174097 1.2154986 1.7463966 1.2173867 1.4330978 1.4429893 1.4479711 1.4514731 1.4516421 4.1006471 1.0309809 4.7385515 
Morvir_scaffold18.g33.t1                                         3.2357656 0.2265067 1.0068582 0.9954389 0.7120953 0.6574410 0.5339777 1.0314151 1.1213856 0.9453806 0.9395851 0.7811690 0.9400750 0.9693259 0.9649485 1.0924130 0.9114020 1.1651062 0.9712348 1.0626012 1.0072784 0.9233715 0.9246041 0.9695638 1.0707850 1.2372753 1.0181022 1.5345279 0.7513578 0.7388167 0.7693085 0.0000000 1.0559641 1.0217528 0.7635640 0.8317610 0.8870159 1.2481715 1.4365111 1.6089833 1.5196985 0.9575540 1.4878416 1.4095002 1.3151635 1.6174593 1.7171578 1.6774969 1.3945422 1.6337767 1.4818230 1.4031045 1.6417980 1.6809312 1.5407187 1.7595198 1.6850592 1.0541288 1.0846108 1.5352891 1.2560921 1.3886771 1.3707210 1.3691219 1.3907914 1.3986212 3.3298573 0.9475225 5.8657134 
Dgig_XM_028544269.1                                              3.6039929 0.2779440 0.9151931 0.9379786 0.7047414 0.7856693 0.5364531 0.9738332 1.0043139 0.8751421 0.8814736 0.7533723 0.8493099 0.8940216 0.9257341 0.9884420 0.9692533 1.1352570 0.9522156 0.8850066 0.9720875 0.8828950 0.8629792 0.8780351 0.8440986 1.1684275 1.0998615 1.7984111 1.0385163 1.1506384 1.1685917 1.0559641 0.0000000 0.3006057 1.2161107 0.7337119 1.3056212 1.2694717 1.2060522 1.3616341 1.3075470 0.7456484 1.3250860 1.2243197 1.2553221 1.3299282 1.4123472 1.6498370 1.2892107 1.5838145 1.4928179 1.4022934 1.5952147 1.7145806 1.5163940 1.6970417 1.7473593 0.9182118 1.0086935 1.2168956 1.2611881 1.4515692 1.5125314 1.4372457 1.4344153 1.4356914 2.9547211 0.8837831 5.1410758 
Xesp_014636-T1                                                   3.1016406 0.2956559 1.0026725 0.9436560 0.7304242 0.7607768 0.5490862 1.0397728 1.0640079 0.9326453 0.9270862 0.7753849 0.9538823 0.9524528 0.9731133 1.0880600 0.9841243 1.2118057 1.0132417 1.0003416 0.9994104 0.9053175 0.9031222 0.8783387 0.9718820 1.4197626 1.1977003 1.9183981 1.0904413 1.2050554 1.1866529 1.0217528 0.3006057 0.0000000 1.2412649 0.8364568 1.2614736 1.2376353 1.3447641 1.3275284 1.2116998 0.8022279 1.3710367 1.3200891 1.2910410 1.4043408 1.4828636 1.6290589 1.2284469 1.4984551 1.4321096 1.3237754 1.6096598 1.6635595 1.5166841 1.7355660 1.8002377 0.9322050 1.0393596 1.3092618 1.3569382 1.5734204 1.6025584 1.5388785 1.5159180 1.5715411 2.8958226 1.0879586 5.0809384 
Chem_TCONS_00005543                                              3.1137903 0.1909075 1.0368341 1.0395088 0.7107626 0.7033215 0.5585819 1.1207110 1.1359567 1.1038000 1.1248939 1.0231342 1.0865213 1.0612952 1.0505339 1.0970077 0.9346385 1.2818541 1.0770758 1.0720500 0.9740124 0.8700396 0.8607647 0.8985400 1.2223339 2.0172538 1.0217780 1.3181622 0.6981238 0.7361910 0.7511326 0.7635640 1.2161107 1.2412649 0.0000000 1.0528933 0.5952209 1.0748390 1.6541249 1.6014819 1.4526259 1.0196171 1.5351768 1.3495338 1.3453229 1.4472023 1.5181695 1.6411919 1.3718604 1.4897430 1.5110942 1.2727843 1.3705458 1.2725162 1.1829531 1.5519713 1.4371854 0.8124301 1.1498659 1.6119617 1.1810595 1.3662876 1.3579020 1.4146703 1.4100198 1.3928829 3.8492118 1.2046687 5.5227157 
Clacor_Ccor_C521307_01                                           0.0000010 0.2053809 0.7318131 0.6348956 0.7647288 0.6424773 0.6244092 0.7965718 0.6897309 0.8629053 0.8648036 0.8707703 0.8989715 0.8741346 0.8681764 0.7862212 0.7934002 1.1591553 0.9218580 1.1325535 0.6181658 0.5384705 0.5476710 0.6016886 0.9753221 2.0581144 0.8474805 4.8198478 0.8812319 0.7725084 0.7789447 0.8317610 0.7337119 0.8364568 1.0528933 0.0000000 1.0079206 0.7930452 1.4885852 1.4249408 0.9486672 1.1945347 1.4507433 1.1457747 1.0902855 1.1260554 1.2147153 1.1465633 1.0390875 1.0390875 0.9247979 0.8265631 0.7560971 0.6553376 0.6553376 1.2680994 0.8492981 0.1541924 0.2717019 0.0000010 1.1071195 1.1071195 1.1477388 1.0940173 1.0998731 1.1406700 2.6605030 1.1433139 0.0000010 
Hvul_g19264_1                                                    3.8416606 0.2104511 1.1223536 1.2058520 0.7522913 0.7789346 0.6562798 1.4304751 1.3429197 1.1763962 1.2120148 1.0138856 1.1997551 1.1444423 1.1624639 1.3134919 1.0566095 1.2150225 1.1373817 1.2282976 0.9583407 0.9238574 0.9291688 0.9942986 1.2944490 1.9049519 1.2317173 1.7985987 0.8994879 0.8736184 0.8656324 0.8870159 1.3056212 1.2614736 0.5952209 1.0079206 0.0000000 1.2865052 1.6556966 1.7844603 1.6107372 1.0313502 1.6095072 1.4328322 1.4492275 1.5599624 1.6393726 1.8779456 1.3754400 1.6420215 1.5980541 1.3620849 1.5629258 1.5431830 1.3808455 1.7785376 1.5542024 0.9250009 1.2469896 1.6700460 1.3471761 1.6052484 1.5911779 1.6626781 1.6571456 1.5842572 4.5578639 1.4764911 4.4990812 
Plespi_Pspi_scaffold8698_01                                      2.7027643 0.2383556 1.0765974 1.0214248 0.9631391 0.8737752 0.6513077 1.1214067 1.1169196 1.2074318 1.2405249 0.9736522 1.2516455 1.2288784 1.2632445 1.1645140 1.0963274 1.2438039 1.0462058 1.2799263 0.8495455 0.8498842 0.8470024 0.8878432 1.2921563 1.4744832 1.2025767 2.5110818 1.3402241 1.2704195 1.2736135 1.2481715 1.2694717 1.2376353 1.0748390 0.7930452 1.2865052 0.0000000 1.3254019 1.5865678 1.5324816 0.8468620 1.5084379 1.6223415 1.5669385 1.5082075 1.5614963 1.2970919 0.8454184 1.1235865 1.0049924 0.8942060 0.8386756 0.8418209 0.7836786 0.9038632 0.8186895 0.9645392 1.1104136 1.5458993 1.5632315 1.6181123 1.6139408 1.5822399 1.5740283 1.5899655 4.1437432 1.3603621 5.0120733 
Beraby_Baby_sb336381                                             5.6696588 0.8480971 1.3360541 1.2657440 1.2577292 1.2384384 1.3182741 1.4315623 1.2731812 1.4423025 1.5448370 1.4216504 1.4345183 1.4944619 1.5735097 1.2148729 1.3667950 1.6609004 1.7196977 1.6918846 1.5996264 1.5932341 1.4894676 1.4937880 1.6680015 2.3983337 1.5606113 6.1758792 1.2403057 1.3199563 1.3294467 1.4365111 1.2060522 1.3447641 1.6541249 1.4885852 1.6556966 1.3254019 0.0000000 0.0053230 0.0391540 0.2872330 0.3411981 0.2829625 0.3079161 0.2589800 0.3143788 2.7603295 2.3812070 2.3812070 2.0537559 1.7919468 1.9821506 1.6056439 1.6618396 2.7889784 2.0314498 0.7307673 0.7331185 9.0000000 1.7719541 1.7719541 1.7427938 1.7352522 1.7206369 1.7268400 3.0856584 1.8837962 1.9135992 
Beraby_Baby_sb336379                                             3.2360098 0.6106530 1.3323832 1.2625749 1.0581966 1.1264124 0.9321457 1.5143040 1.3371460 1.4594746 1.4871223 1.4559348 1.4579062 1.4778316 1.5003362 1.3271910 1.4065853 1.3783461 1.3142476 1.5847275 1.3055902 1.2638057 1.2568728 1.2830813 1.6335249 2.4898937 1.6580097 2.4843016 1.4780204 1.5688994 1.5761989 1.6089833 1.3616341 1.3275284 1.6014819 1.4249408 1.7844603 1.5865678 0.0053230 0.0000000 0.0073636 0.2269778 0.2782436 0.4846857 0.5161462 0.5262441 0.5811961 2.1702481 1.7776894 1.9759406 2.0099985 1.7297245 1.9578013 2.0434248 1.8274336 2.1768139 2.1137470 1.0270925 1.3545110 1.8097240 1.6652655 1.8029782 1.7826301 1.7776282 1.7594532 1.7600201 0.9863618 1.8837962 3.3846581 
Beraby_Baby_sb336380                                             3.2360098 0.6106530 1.2108362 1.1475971 0.9558060 1.0319830 0.7233225 1.3671876 1.2346748 1.3345018 1.3325621 1.3411847 1.3450904 1.3288248 1.3308060 1.2557661 1.2882859 1.2214185 1.0978529 1.3997894 1.0769452 1.0446695 1.0571612 1.0859896 1.4630032 1.8229933 1.5118745 2.1504729 1.4401860 1.5105456 1.5136471 1.5196985 1.3075470 1.2116998 1.4526259 0.9486672 1.6107372 1.5324816 0.0391540 0.0073636 0.0000000 0.1335605 0.2193273 0.4984734 0.5362498 0.5730060 0.5936187 1.7436499 1.4313669 1.6660403 1.7886708 1.6049227 1.7667245 1.9502072 1.7411834 1.8282591 2.0665042 1.0270925 1.3545110 1.8097240 1.5635243 1.7221295 1.6910569 1.7066080 1.6792327 1.6872060 0.9345107 1.1926945 3.3846581 
Lampan_Lpan_16031_01                                             7.9022549 0.5060066 0.7451608 0.7253405 0.6764461 0.6926984 0.7691010 0.8107961 0.6988745 0.8353809 0.8150115 0.8681823 0.8230776 0.8459677 0.8895254 0.7205026 0.8234212 1.1234012 0.9529729 0.9277702 0.8623973 0.8273032 0.8107887 0.8468907 0.9585035 1.9378461 0.9301375 1.7222636 0.9226752 0.9779688 0.9717428 0.9575540 0.7456484 0.8022279 1.0196171 1.1945347 1.0313502 0.8468620 0.2872330 0.2269778 0.1335605 0.0000000 0.1748379 0.2177351 0.2423372 0.2234380 0.2588947 1.5047301 1.2777270 1.3123226 1.2057552 1.1568984 1.1943773 1.2013683 1.0267865 1.3616547 1.2160855 0.4788429 0.4511652 0.2356909 1.1111861 1.1111861 1.1194633 1.1106473 1.0990409 1.1126429 1.4383923 1.6822055 4.9502296 
Mlei_ML0032.g40.i1                                               3.1009062 0.5340636 1.3148247 1.2372164 0.9856176 1.0354415 0.9127869 1.4392928 1.3317272 1.3893820 1.4091061 1.3628800 1.3927283 1.4171597 1.4153118 1.3538552 1.3834708 1.3704402 1.2383702 1.4249443 1.3029792 1.2230504 1.2317011 1.2250174 1.4249413 1.9654237 1.5851345 2.3984326 1.4863536 1.5808947 1.6161449 1.4878416 1.3250860 1.3710367 1.5351768 1.4507433 1.6095072 1.5084379 0.3411981 0.2782436 0.2193273 0.1748379 0.0000000 0.4375605 0.4735585 0.4617210 0.5084969 2.0646994 1.8424932 2.0570801 1.8888518 1.7013786 1.9412097 2.0464904 1.8073390 2.1422898 2.1451021 1.0786030 1.4051772 1.6461305 1.6054134 1.7514344 1.7151739 1.7400335 1.7190813 1.7456159 0.8669294 1.8920927 2.9156928 
Coemet_Cmet_C602279_01                                           3.5853374 0.5314390 1.2965978 1.3133385 1.0564185 1.0652000 0.9027870 1.4564681 1.3126006 1.2883447 1.3047437 1.2227497 1.2748614 1.2768126 1.2848910 1.2900923 1.2472859 1.3808267 1.1279901 1.4011381 1.2374213 1.1765490 1.1885839 1.2425545 1.3803139 1.5331545 1.5317436 2.4336526 1.4028866 1.5382599 1.5247159 1.4095002 1.2243197 1.3200891 1.3495338 1.1457747 1.4328322 1.6223415 0.2829625 0.4846857 0.4984734 0.2177351 0.4375605 0.0000000 0.2920632 0.6169616 0.6772310 2.1341842 1.7213336 1.9754000 1.8839731 1.7942998 2.0403723 2.0782102 1.9676958 2.0564458 2.2237766 1.1282776 1.4179595 2.0152154 1.6182984 1.7844613 1.7875232 1.7726725 1.7372331 1.7522789 1.2840268 1.1634824 3.4789730 
Vmul_Simscaffold15301_01                                         3.7353925 0.5954728 1.2336177 1.2349555 1.0695365 0.9722552 0.8332000 1.4390889 1.3357287 1.2590274 1.2717028 1.1841973 1.2443513 1.2718389 1.2822017 1.2595308 1.2374940 1.2410374 1.0489860 1.3527397 1.2165633 1.1265109 1.1695285 1.1976204 1.3849636 1.6017838 1.4665179 2.3259807 1.3509008 1.4133166 1.4333239 1.3151635 1.2553221 1.2910410 1.3453229 1.0902855 1.4492275 1.5669385 0.3079161 0.5161462 0.5362498 0.2423372 0.4735585 0.2920632 0.0000000 0.6217833 0.6736880 2.0138933 1.6551654 1.8741559 1.8876493 1.7411382 1.8972557 1.8887946 1.7990443 1.8578842 2.1052940 1.0824375 1.3002192 1.8343429 1.5761788 1.6863233 1.6334625 1.6307839 1.6085889 1.6107209 1.2850953 1.0622069 4.5085907 
Horcal_Hcv1.av93.c10.g616.i1                                     4.0235914 0.5855314 1.2844403 1.2830821 0.9948599 1.0794197 0.8816513 1.4314213 1.3254253 1.3505595 1.3945989 1.2955979 1.3669315 1.3974588 1.4344300 1.3219490 1.2550900 1.3845563 1.1705743 1.4714846 1.2088976 1.1026618 1.1392319 1.1374044 1.3959675 1.3565547 1.4494009 2.5773099 1.5785821 1.5576570 1.5752503 1.6174593 1.3299282 1.4043408 1.4472023 1.1260554 1.5599624 1.5082075 0.2589800 0.5262441 0.5730060 0.2234380 0.4617210 0.6169616 0.6217833 0.0000000 0.0268735 2.0578917 1.7280904 1.9492596 1.7478701 1.5827076 1.8556403 2.0035042 1.8420017 1.9311460 2.0870005 1.2331979 1.4099756 1.7341789 1.6514435 1.7379169 1.7239623 1.7379666 1.7148079 1.7364702 1.4711983 1.1168266 4.2269817 
Pbac_sb2653226                                                   3.9223873 0.5855314 1.3489653 1.3416998 1.0107636 1.1037033 0.9111906 1.4856477 1.3762324 1.3882062 1.4492402 1.3573465 1.4215676 1.4402211 1.4996296 1.3698887 1.3015707 1.4012674 1.1728050 1.5427131 1.2256060 1.1265350 1.1542717 1.1528065 1.4672958 1.6251703 1.4946042 2.6015612 1.6697229 1.6566015 1.6498624 1.7171578 1.4123472 1.4828636 1.5181695 1.2147153 1.6393726 1.5614963 0.3143788 0.5811961 0.5936187 0.2588947 0.5084969 0.6772310 0.6736880 0.0268735 0.0000000 2.0491902 1.7028775 1.9291599 1.7655925 1.6661613 1.9496054 2.1156622 1.9030679 1.9969272 2.1795656 1.2291495 1.4003935 1.7527272 1.7054906 1.8125658 1.8005528 1.8282878 1.8035059 1.8344638 1.5000756 1.3352373 4.3393862 
Aque_Aqu2.1.32945_001                                            0.9328912 0.3454794 1.4823997 1.4566962 1.2285170 1.3293359 0.9083015 1.5594926 1.6625338 1.6740175 1.7197993 1.4420645 1.6938313 1.6813498 1.6559459 1.6576609 1.6467184 1.5921222 1.1826749 1.7462674 1.2534764 1.2075972 1.1597636 1.1515855 1.6358922 2.4233465 1.6762632 2.6828693 1.6837937 1.8191103 1.8334248 1.6774969 1.6498370 1.6290589 1.6411919 1.1465633 1.8779456 1.2970919 2.7603295 2.1702481 1.7436499 1.5047301 2.0646994 2.1341842 2.0138933 2.0578917 2.0491902 0.0000000 0.3272394 0.3826013 1.1433600 1.1428888 1.2322001 1.2263707 1.0858649 1.3510741 1.0592957 1.1691476 1.5991864 1.5968093 1.8388173 2.0898012 2.1200075 2.1029574 2.0576276 2.1133090 4.4388065 2.3945089 6.7825497 
Halamb_c53643_g2_i2mm.5345                                       0.6854468 0.3412467 1.1101701 1.0957087 1.1008948 1.1931680 0.8499818 1.2036652 1.2064128 1.3031673 1.3662552 1.2699592 1.3161151 1.3006665 1.2887309 1.2464571 1.3163044 1.5436062 1.1861771 1.3360689 1.1292092 1.0972605 1.0743105 1.0109618 1.3154780 2.4740206 1.3090358 2.2076347 1.3205514 1.4390883 1.4526595 1.3945422 1.2892107 1.2284469 1.3718604 1.0390875 1.3754400 0.8454184 2.3812070 1.7776894 1.4313669 1.2777270 1.8424932 1.7213336 1.6551654 1.7280904 1.7028775 0.3272394 0.0000000 0.0163753 0.9330437 0.8892937 1.0212330 0.9769651 0.8683255 1.1289059 1.0314822 1.0253560 1.0276048 1.3334252 1.4371369 1.5722124 1.5522348 1.5382050 1.5000874 1.5239286 4.9498712 1.8820033 5.6878201 
Halamb_c53371_g1_i1m.35357                                       0.8372876 0.3412467 1.3406521 1.3451580 1.1254312 1.2172535 0.8499818 1.5329014 1.5134909 1.5885325 1.6503278 1.3368569 1.6087601 1.5913146 1.5758307 1.5685139 1.5756472 1.6719610 1.2538580 1.5756912 1.1759790 1.1265962 1.1054368 1.0675050 1.5764739 2.4740206 1.6398464 2.5202525 1.5238170 1.6702548 1.6824609 1.6337767 1.5838145 1.4984551 1.4897430 1.0390875 1.6420215 1.1235865 2.3812070 1.9759406 1.6660403 1.3123226 2.0570801 1.9754000 1.8741559 1.9492596 1.9291599 0.3826013 0.0163753 0.0000000 1.0882003 1.0140264 1.2043334 1.2390297 1.0717272 1.3625268 1.1360675 1.1580521 1.4428943 1.4821255 1.7254023 1.9576606 1.9067531 1.8810272 1.8339432 1.8994966 4.1602581 1.8820033 5.9667705 
Stycar_augustus_masked-SC_scaffold1467-processed-gene-0.8-mRNA-1 1.8972843 0.2442312 1.2400669 1.1801155 1.0085376 1.0295527 0.6888111 1.4131471 1.4311028 1.4742032 1.5093625 1.2531038 1.5195022 1.4595008 1.4653390 1.4202785 1.3328188 1.4533031 1.0355985 1.4771542 1.0565803 0.9955258 0.9588621 0.9881893 1.4537800 1.4646731 1.3654917 2.7298998 1.4770748 1.5246492 1.5763549 1.4818230 1.4928179 1.4321096 1.5110942 0.9247979 1.5980541 1.0049924 2.0537559 2.0099985 1.7886708 1.2057552 1.8888518 1.8839731 1.8876493 1.7478701 1.7655925 1.1433600 0.9330437 1.0882003 0.0000000 0.4786034 0.7845449 0.9052446 0.7555526 0.9040008 0.8107316 1.1875436 1.5110963 1.7772731 1.6538628 1.9166044 1.9063698 1.8589271 1.8455862 1.8228971 3.9435823 1.7726298 4.3236140 
Tetwil_g21380.t1                                                 1.8276831 0.2374911 1.1058506 1.1108259 0.9385161 0.9264134 0.6282361 1.3574594 1.3407781 1.3213729 1.3316567 1.1148737 1.3666986 1.3370722 1.3210477 1.2328206 1.2883393 1.4644200 1.0695398 1.3376132 0.9937208 0.9179977 0.9368901 0.9636540 1.3500766 1.4071818 1.2373168 2.4702344 1.3046958 1.3958896 1.4523288 1.4031045 1.4022934 1.3237754 1.2727843 0.8265631 1.3620849 0.8942060 1.7919468 1.7297245 1.6049227 1.1568984 1.7013786 1.7942998 1.7411382 1.5827076 1.6661613 1.1428888 0.8892937 1.0140264 0.4786034 0.0000000 0.7932503 0.8563780 0.7816328 0.8900208 0.9355367 0.9862989 1.4805212 1.7590955 1.4212602 1.6092077 1.6507074 1.6421166 1.6406119 1.6276101 3.3684857 1.4434903 4.1503467 
