40
Lcom_lcpid92492                                         0.0000000 0.1857331 0.7399088 0.6507725 0.6165895 0.5660858 0.5449297 0.5875972 0.5875972 0.6140829 0.5882523 0.5882523 0.5838022 0.6764957 0.8130361 0.8098832 0.6920095 0.6552675 0.6486511 0.4896702 0.5782109 0.4674019 0.5223826 0.6735562 0.5562650 0.6557389 0.6583389 0.8013586 1.0413808 1.0220890 1.0295638 1.0335046 0.8739390 0.8739390 1.0971930 1.0879130 1.0605824 0.9701262 1.9030986 1.2485583 
Scil_scict004028.1                                      0.1857331 0.0000000 0.6484006 0.6429571 0.6782946 0.6812286 0.6978302 0.6206955 0.6206955 0.6465323 0.5989457 0.5989457 0.5775606 0.6365183 0.8727424 0.8684103 0.6852916 0.6622395 0.6587525 0.6068311 0.5677744 0.5191470 0.4825606 0.7262604 0.5300852 0.6631980 0.6660835 0.8341731 0.9351893 0.9237970 0.9319086 0.9113987 0.8424276 0.8424276 1.1004582 1.0914127 1.0648531 1.0214834 2.0549796 1.2251741 
Emue_Em0005g1186a.t1                                    0.7399088 0.6484006 0.0000000 0.2877168 0.3077853 0.4960030 0.5005530 0.7978398 0.7978398 0.7647042 0.7853437 0.7853437 0.7183999 0.7117268 0.8423445 0.7497195 0.7223230 0.6525738 0.6819045 0.8113701 0.7189764 0.6058321 0.6793765 0.8914537 0.7422629 0.8193254 0.6673195 1.0090086 1.4349141 1.5160778 1.5536734 1.4889249 1.5263522 1.5263522 1.6138585 1.5971477 1.6261688 1.2333859 2.1533214 1.4977406 
Tetwil_g22992.t1                                        0.6507725 0.6429571 0.2877168 0.0000000 0.2344287 0.3613596 0.4052409 0.6132603 0.6132603 0.5852102 0.6028942 0.6028942 0.5142214 0.5142649 0.7174487 0.6957893 0.6651903 0.5993109 0.5833381 0.6228059 0.6311135 0.4572088 0.7742600 0.6928803 0.6330014 0.6646472 0.6038240 0.9283207 1.2070370 1.2783611 1.3095082 1.2631650 1.2131568 1.2131568 1.5223283 1.4739111 1.5009509 1.2593571 1.7813386 1.4977908 
Stycar_maker-SC_scaffold2099-augustus-gene-0.145-mRNA-1 0.6165895 0.6782946 0.3077853 0.2344287 0.0000000 0.4768133 0.3972953 0.5665686 0.5665686 0.5402083 0.5596593 0.5596593 0.5153415 0.5165962 0.6987751 0.7523552 0.7050588 0.5605485 0.5582638 0.6701835 0.6223978 0.4586890 0.7421671 0.7530153 0.6679582 0.7049937 0.6449806 0.9115311 1.2412707 1.3157349 1.2517740 1.2511140 1.2440096 1.2440096 1.4817802 1.4340328 1.4612698 1.0756738 1.7976670 1.3570776 
Aque_Aqu2.1.37749_001                                   0.5660858 0.6812286 0.4960030 0.3613596 0.4768133 0.0000000 0.2709896 0.5381467 0.5381467 0.5641725 0.5454020 0.5454020 0.5526830 0.6068011 0.6981872 0.7243993 0.7508667 0.6397582 0.6466060 0.5376212 0.6099865 0.5670212 0.6561389 0.6718565 0.6853652 0.7107018 0.6987410 1.0797646 1.3112518 1.3444825 1.4356039 1.2215070 1.2483317 1.2483317 1.1337944 1.0967863 1.1237787 1.2651032 1.8689291 1.6340631 
Xestes_maker-XT_scaffold14154-augustus-gene-0.19-mRNA-1 0.5449297 0.6978302 0.5005530 0.4052409 0.3972953 0.2709896 0.0000000 0.5647648 0.5647648 0.5919155 0.6074753 0.6074753 0.5778829 0.6402097 0.7638031 0.7921031 0.8081517 0.5690372 0.5422469 0.5335485 0.5773410 0.5409753 0.5965214 0.6626895 0.6239374 0.6392232 0.6226331 1.0113516 1.2523342 1.3043312 1.3804868 1.1749139 1.2640427 1.2640427 1.2833061 1.2713204 1.2989411 1.2298130 1.9143052 1.5216529 
Fspp_ffun1.m4.28872.m1                                  0.5875972 0.6206955 0.7978398 0.6132603 0.5665686 0.5381467 0.5647648 0.0000000 0.0000010 0.0130525 0.0408372 0.0408372 0.1925221 0.2243041 0.2664315 0.2547545 0.3744080 0.3914384 0.3843683 0.4318979 0.4406956 0.2680883 0.4094636 0.3109976 0.3942919 0.4604399 0.4809151 0.6823844 0.8522567 0.9122231 0.9576447 0.7313654 0.8069499 0.8069499 0.8971505 0.8632145 0.8372787 0.3897367 1.7515805 0.7442450 
Gasp_gasp1.m3.10071.m1                                  0.5875972 0.6206955 0.7978398 0.6132603 0.5665686 0.5381467 0.5647648 0.0000010 0.0000000 0.0130525 0.0408372 0.0408372 0.1925221 0.2243041 0.2664315 0.2547545 0.3744080 0.3914384 0.3843683 0.4318979 0.4406956 0.2680883 0.4094636 0.3109976 0.3942919 0.4604399 0.4809151 0.6823844 0.8522567 0.9122231 0.9576447 0.7313654 0.8069499 0.8069499 0.8971505 0.8632145 0.8372787 0.3897367 1.7515805 0.7442450 
Pocdam_XM_027188264.1                                   0.6140829 0.6465323 0.7647042 0.5852102 0.5402083 0.5641725 0.5919155 0.0130525 0.0130525 0.0000000 0.0408067 0.0408067 0.1904492 0.2056362 0.2704132 0.2584773 0.3523012 0.3699391 0.3627329 0.4551186 0.4642165 0.2872966 0.4310804 0.3321339 0.3721201 0.4531942 0.4556942 0.6439341 0.8457705 0.9051377 0.9502350 0.7313654 0.8381719 0.8381719 0.8826319 0.8491949 0.8234742 0.3627206 1.7336884 0.7145951 
Amil_Amillepora20407-RA                                 0.5882523 0.5989457 0.7853437 0.6028942 0.5596593 0.5454020 0.6074753 0.0408372 0.0408372 0.0408067 0.0000000 0.0000010 0.1597040 0.2500808 0.2750331 0.2761416 0.3344939 0.4002201 0.3931485 0.4620753 0.4763617 0.2697825 0.4448605 0.3150737 0.4147229 0.4590439 0.4729481 0.6742574 0.7895258 0.8469281 0.8915303 0.6615467 0.7826180 0.7826180 0.8709816 0.8376385 0.8118629 0.4132545 1.6371659 0.7777611 
Adig_XM_015901872.1                                     0.5882523 0.5989457 0.7853437 0.6028942 0.5596593 0.5454020 0.6074753 0.0408372 0.0408372 0.0408067 0.0000010 0.0000000 0.1597040 0.2500808 0.2750331 0.2761416 0.3344939 0.4002201 0.3931485 0.4620753 0.4763617 0.2697825 0.4448605 0.3150737 0.4147229 0.4590439 0.4729481 0.6742574 0.7895258 0.8469281 0.8915303 0.6615467 0.7826180 0.7826180 0.8709816 0.8376385 0.8118629 0.4132545 1.6371659 0.7777611 
Nvec_v1g231081                                          0.5838022 0.5775606 0.7183999 0.5142214 0.5153415 0.5526830 0.5778829 0.1925221 0.1925221 0.1904492 0.1597040 0.1597040 0.0000000 0.2690990 0.3460316 0.3506579 0.4103627 0.4277010 0.4223592 0.4647720 0.4782728 0.3000532 0.4567741 0.3996516 0.3900162 0.4825545 0.3542682 0.5113710 0.8190527 0.8938142 0.8889879 0.6576965 0.7707032 0.7707032 0.9037831 0.8664633 0.8925815 0.6114915 1.8646801 0.7930118 
Exapal_XM_021040908.2                                   0.6764957 0.6365183 0.7117268 0.5142649 0.5165962 0.6068011 0.6402097 0.2243041 0.2243041 0.2056362 0.2500808 0.2500808 0.2690990 0.0000000 0.4190144 0.4455611 0.4119052 0.3876268 0.4042271 0.4217967 0.4319414 0.3878300 0.4621706 0.4308095 0.4174502 0.4899646 0.5294649 0.7195611 0.9747987 0.9806935 1.0271756 0.9603545 0.9140862 0.9140862 1.0761713 1.0370380 1.0644002 0.6150546 1.7515839 0.9165576 
Dgig_XM_028550109.1                                     0.8130361 0.8727424 0.8423445 0.7174487 0.6987751 0.6981872 0.7638031 0.2664315 0.2664315 0.2704132 0.2750331 0.2750331 0.3460316 0.4190144 0.0000000 0.1015757 0.5216574 0.4383392 0.4883974 0.5715173 0.5475499 0.4359754 0.5598348 0.5116227 0.5264146 0.5044150 0.5172657 0.7853524 0.8830619 0.8793900 0.8812172 0.7589055 0.9213260 0.9213260 1.0248506 0.9884402 1.0145587 0.7920891 2.1000628 1.0716206 
Xesp_002402-T1                                          0.8098832 0.8684103 0.7497195 0.6957893 0.7523552 0.7243993 0.7921031 0.2547545 0.2547545 0.2584773 0.2761416 0.2761416 0.3506579 0.4455611 0.1015757 0.0000000 0.5457598 0.5040903 0.5394860 0.5731937 0.6396713 0.4598654 0.5877375 0.5576898 0.5362894 0.5994806 0.5186615 0.7827420 0.9605317 1.0176919 1.0483326 0.7750183 0.9945131 0.9945131 1.1614685 1.1209679 1.1481137 0.8009223 2.0051592 1.0926357 
Chem_TCONS_00054967                                     0.6920095 0.6852916 0.7223230 0.6651903 0.7050588 0.7508667 0.8081517 0.3744080 0.3744080 0.3523012 0.3344939 0.3344939 0.4103627 0.4119052 0.5216574 0.5457598 0.0000000 0.2050492 0.2283017 0.5208977 0.5940218 0.4231629 0.6123342 0.3723379 0.4670330 0.5630173 0.5222885 0.7358658 0.9742567 1.0410439 1.0892302 1.0033718 0.9607533 0.9607533 1.0794893 1.0415183 1.0680164 0.9081839 1.4777678 0.5512262 
Nemnom_g11564.t1                                        0.6552675 0.6622395 0.6525738 0.5993109 0.5605485 0.6397582 0.5690372 0.3914384 0.3914384 0.3699391 0.4002201 0.4002201 0.4277010 0.3876268 0.4383392 0.5040903 0.2050492 0.0000000 0.0378550 0.4563644 0.4673725 0.3590717 0.5126016 0.4042396 0.4241286 0.4714034 0.5423670 0.8393961 0.8402262 0.9482945 0.9417471 0.7991974 1.0190426 1.0190426 0.9865014 0.9529769 0.9774847 0.9713239 1.5276517 0.7471193 
Rhoesc_Res_012552-T1                                    0.6486511 0.6587525 0.6819045 0.5833381 0.5582638 0.6466060 0.5422469 0.3843683 0.3843683 0.3627329 0.3931485 0.3931485 0.4223592 0.4042271 0.4883974 0.5394860 0.2283017 0.0378550 0.0000000 0.4681321 0.4837592 0.3478485 0.5370807 0.3994416 0.4358022 0.4267132 0.5362635 0.8352772 0.7733104 0.8779773 0.8722557 0.7567575 0.9650314 0.9650314 0.9633510 0.9303932 0.9547697 0.9631727 1.4811920 0.7085385 
Spur_XM_030973826.1                                     0.4896702 0.6068311 0.8113701 0.6228059 0.6701835 0.5376212 0.5335485 0.4318979 0.4318979 0.4551186 0.4620753 0.4620753 0.4647720 0.4217967 0.5715173 0.5731937 0.5208977 0.4563644 0.4681321 0.0000000 0.3461036 0.3995905 0.4598478 0.5247686 0.3851346 0.5274525 0.6283350 0.9053548 1.0292671 1.0490272 1.0982689 1.1216509 0.9808235 0.9808235 1.3129754 1.2673039 1.2860197 0.9121487 1.9550582 1.1019532 
Hsap_ENST00000293860                                    0.5782109 0.5677744 0.7189764 0.6311135 0.6223978 0.6099865 0.5773410 0.4406956 0.4406956 0.4642165 0.4763617 0.4763617 0.4782728 0.4319414 0.5475499 0.6396713 0.5940218 0.4673725 0.4837592 0.3461036 0.0000000 0.3507875 0.5596357 0.5239713 0.4537916 0.4235880 0.5661469 0.8424424 0.9589696 0.8944304 0.9392044 0.8483549 0.9554875 0.9554875 1.1367231 1.0957471 1.0675674 1.0513437 1.7510460 1.2805014 
Acagra_model.g18729.t1                                  0.4674019 0.5191470 0.6058321 0.4572088 0.4586890 0.5670212 0.5409753 0.2680883 0.2680883 0.2872966 0.2697825 0.2697825 0.3000532 0.3878300 0.4359754 0.4598654 0.4231629 0.3590717 0.3478485 0.3995905 0.3507875 0.0000000 0.2999832 0.4529265 0.3659982 0.4168556 0.5225863 0.7753355 0.8510479 0.9266931 0.9409231 0.8578075 0.8209196 0.8209196 1.0511535 1.0150648 0.9893651 0.9582124 1.7260085 1.0467005 
Ctel_gnl_WGS_AMQN_CAPTEDRAFT_mRNA5287                   0.5223826 0.4825606 0.6793765 0.7742600 0.7421671 0.6561389 0.5965214 0.4094636 0.4094636 0.4310804 0.4448605 0.4448605 0.4567741 0.4621706 0.5598348 0.5877375 0.6123342 0.5126016 0.5370807 0.4598478 0.5596357 0.2999832 0.0000000 0.6033534 0.3949958 0.5894918 0.7886577 0.9513843 0.9738570 0.9692029 1.0149823 1.0665882 0.9421913 0.9421913 1.3307505 1.2930316 1.2663519 0.9149325 2.1906568 1.1716556 
Bralan_BLAG02001576_1                                   0.6735562 0.7262604 0.8914537 0.6928803 0.7530153 0.6718565 0.6626895 0.3109976 0.3109976 0.3321339 0.3150737 0.3150737 0.3996516 0.4308095 0.5116227 0.5576898 0.3723379 0.4042396 0.3994416 0.5247686 0.5239713 0.4529265 0.6033534 0.0000000 0.4391846 0.4803179 0.6710746 0.9905251 1.1549540 1.0785699 1.1313906 1.0463987 0.9694884 0.9694884 1.2856607 1.2416021 1.2693678 0.9525584 1.7519815 1.0963072 
Skow_XM_002731903.2                                     0.5562650 0.5300852 0.7422629 0.6330014 0.6679582 0.6853652 0.6239374 0.3942919 0.3942919 0.3721201 0.4147229 0.4147229 0.3900162 0.4174502 0.5264146 0.5362894 0.4670330 0.4241286 0.4358022 0.3851346 0.4537916 0.3659982 0.3949958 0.4391846 0.0000000 0.4152930 0.5484393 0.7220432 0.8869271 0.8559334 0.9031131 0.8323620 0.8961194 0.8961194 1.2268777 1.2082442 1.2344931 0.9117064 1.7577836 0.8910840 
Cscu_XM_023362017.1                                     0.6557389 0.6631980 0.8193254 0.6646472 0.7049937 0.7107018 0.6392232 0.4604399 0.4604399 0.4531942 0.4590439 0.4590439 0.4825545 0.4899646 0.5044150 0.5994806 0.5630173 0.4714034 0.4267132 0.5274525 0.4235880 0.4168556 0.5894918 0.4803179 0.4152930 0.0000000 0.6058142 0.9454165 1.0395046 1.0169437 1.0192699 0.8457837 0.9842965 0.9842965 1.1149397 1.0765230 1.1028706 1.0448015 1.9040832 1.2637148 
Opea_EP00118_Oscarella_pearsei_P026498                  0.6583389 0.6660835 0.6673195 0.6038240 0.6449806 0.6987410 0.6226331 0.4809151 0.4809151 0.4556942 0.4729481 0.4729481 0.3542682 0.5294649 0.5172657 0.5186615 0.5222885 0.5423670 0.5362635 0.6283350 0.5661469 0.5225863 0.7886577 0.6710746 0.5484393 0.6058142 0.0000000 0.1288287 0.8757391 0.9494379 0.9545521 0.7353853 1.0518913 1.0518913 1.0897386 1.0554821 1.0827971 1.0425685 1.6053273 1.1713164 
Opea_EP00118_Oscarella_pearsei_P026497                  0.8013586 0.8341731 1.0090086 0.9283207 0.9115311 1.0797646 1.0113516 0.6823844 0.6823844 0.6439341 0.6742574 0.6742574 0.5113710 0.7195611 0.7853524 0.7827420 0.7358658 0.8393961 0.8352772 0.9053548 0.8424424 0.7753355 0.9513843 0.9905251 0.7220432 0.9454165 0.1288287 0.0000000 1.4455451 1.4587554 1.5268666 1.7757737 1.4855711 1.4855711 1.7313767 1.7313767 1.7313767 0.9403626 2.4428381 0.8982979 
HoiH23_PlH23_003567-RA                                  1.0413808 0.9351893 1.4349141 1.2070370 1.2412707 1.3112518 1.2523342 0.8522567 0.8522567 0.8457705 0.7895258 0.7895258 0.8190527 0.9747987 0.8830619 0.9605317 0.9742567 0.8402262 0.7733104 1.0292671 0.9589696 0.8510479 0.9738570 1.1549540 0.8869271 1.0395046 0.8757391 1.4455451 0.0000000 0.0827220 0.0816610 0.1541252 0.2500724 0.2500724 1.1651489 1.1307919 1.1566985 1.5117426 1.9142163 1.5353626 
Hhon_g07931.t1                                          1.0220890 0.9237970 1.5160778 1.2783611 1.3157349 1.3444825 1.3043312 0.9122231 0.9122231 0.9051377 0.8469281 0.8469281 0.8938142 0.9806935 0.8793900 1.0176919 1.0410439 0.9482945 0.8779773 1.0490272 0.8944304 0.9266931 0.9692029 1.0785699 0.8559334 1.0169437 0.9494379 1.4587554 0.0827220 0.0000000 0.0398115 0.1793047 0.2033452 0.2033452 1.1659364 1.1290654 1.1557204 1.5830595 1.9231301 1.6740031 
HoiH04_mRNA6813                                         1.0295638 0.9319086 1.5536734 1.3095082 1.2517740 1.4356039 1.3804868 0.9576447 0.9576447 0.9502350 0.8915303 0.8915303 0.8889879 1.0271756 0.8812172 1.0483326 1.0892302 0.9417471 0.8722557 1.0982689 0.9392044 0.9409231 1.0149823 1.1313906 0.9031131 1.0192699 0.9545521 1.5268666 0.0816610 0.0398115 0.0000000 0.1501130 0.2188601 0.2188601 1.1831170 1.1474076 1.1739846 1.6279881 1.9357189 1.7031874 
HoiH06_mRNA12470                                        1.0335046 0.9113987 1.4889249 1.2631650 1.2511140 1.2215070 1.1749139 0.7313654 0.7313654 0.7313654 0.6615467 0.6615467 0.6576965 0.9603545 0.7589055 0.7750183 1.0033718 0.7991974 0.7567575 1.1216509 0.8483549 0.8578075 1.0665882 1.0463987 0.8323620 0.8457837 0.7353853 1.7757737 0.1541252 0.1793047 0.1501130 0.0000000 0.4180537 0.4180537 0.9541908 0.9084871 0.9489647 1.9152499 2.0390727 2.2989562 
TrH2_TrispH2_005782-RA                                  0.8739390 0.8424276 1.5263522 1.2131568 1.2440096 1.2483317 1.2640427 0.8069499 0.8069499 0.8381719 0.7826180 0.7826180 0.7707032 0.9140862 0.9213260 0.9945131 0.9607533 1.0190426 0.9650314 0.9808235 0.9554875 0.8209196 0.9421913 0.9694884 0.8961194 0.9842965 1.0518913 1.4855711 0.2500724 0.2033452 0.2188601 0.4180537 0.0000000 0.0000010 1.3390160 1.2878912 1.3154678 1.5575185 2.0684440 1.7145802 
Tadh_TriadT28961                                        0.8739390 0.8424276 1.5263522 1.2131568 1.2440096 1.2483317 1.2640427 0.8069499 0.8069499 0.8381719 0.7826180 0.7826180 0.7707032 0.9140862 0.9213260 0.9945131 0.9607533 1.0190426 0.9650314 0.9808235 0.9554875 0.8209196 0.9421913 0.9694884 0.8961194 0.9842965 1.0518913 1.4855711 0.2500724 0.2033452 0.2188601 0.4180537 0.0000010 0.0000000 1.3390160 1.2878912 1.3154678 1.5575185 2.0684440 1.7145802 
Pbac_sb2665512                                          1.0971930 1.1004582 1.6138585 1.5223283 1.4817802 1.1337944 1.2833061 0.8971505 0.8971505 0.8826319 0.8709816 0.8709816 0.9037831 1.0761713 1.0248506 1.1614685 1.0794893 0.9865014 0.9633510 1.3129754 1.1367231 1.0511535 1.3307505 1.2856607 1.2268777 1.1149397 1.0897386 1.7313767 1.1651489 1.1659364 1.1831170 0.9541908 1.3390160 1.3390160 0.0000000 0.0124620 0.0251310 1.6131451 2.0780052 1.8196069 
Horcal_Hcv1.av93.c1.g284.i2                             1.0879130 1.0914127 1.5971477 1.4739111 1.4340328 1.0967863 1.2713204 0.8632145 0.8632145 0.8491949 0.8376385 0.8376385 0.8664633 1.0370380 0.9884402 1.1209679 1.0415183 0.9529769 0.9303932 1.2673039 1.0957471 1.0150648 1.2930316 1.2416021 1.2082442 1.0765230 1.0554821 1.7313767 1.1307919 1.1290654 1.1474076 0.9084871 1.2878912 1.2878912 0.0124620 0.0000000 0.0123878 1.6471392 2.0276803 1.8579729 
Horcal_Hcv1.av93.c1.g284.i3                             1.0605824 1.0648531 1.6261688 1.5009509 1.4612698 1.1237787 1.2989411 0.8372787 0.8372787 0.8234742 0.8118629 0.8118629 0.8925815 1.0644002 1.0145587 1.1481137 1.0680164 0.9774847 0.9547697 1.2860197 1.0675674 0.9893651 1.2663519 1.2693678 1.2344931 1.1028706 1.0827971 1.7313767 1.1566985 1.1557204 1.1739846 0.9489647 1.3154678 1.3154678 0.0251310 0.0123878 0.0000000 1.6471392 1.9987439 1.8407347 
Spis_Spis7095_1                                         0.9701262 1.0214834 1.2333859 1.2593571 1.0756738 1.2651032 1.2298130 0.3897367 0.3897367 0.3627206 0.4132545 0.4132545 0.6114915 0.6150546 0.7920891 0.8009223 0.9081839 0.9713239 0.9631727 0.9121487 1.0513437 0.9582124 0.9149325 0.9525584 0.9117064 1.0448015 1.0425685 0.9403626 1.5117426 1.5830595 1.6279881 1.9152499 1.5575185 1.5575185 1.6131451 1.6471392 1.6471392 0.0000000 2.8081904 0.9172874 
Tcas_TC030689_001                                       1.9030986 2.0549796 2.1533214 1.7813386 1.7976670 1.8689291 1.9143052 1.7515805 1.7515805 1.7336884 1.6371659 1.6371659 1.8646801 1.7515839 2.1000628 2.0051592 1.4777678 1.5276517 1.4811920 1.9550582 1.7510460 1.7260085 2.1906568 1.7519815 1.7577836 1.9040832 1.6053273 2.4428381 1.9142163 1.9231301 1.9357189 2.0390727 2.0684440 2.0684440 2.0780052 2.0276803 1.9987439 2.8081904 0.0000000 2.3780714 
Hvul_g17582_1                                           1.2485583 1.2251741 1.4977406 1.4977908 1.3570776 1.6340631 1.5216529 0.7442450 0.7442450 0.7145951 0.7777611 0.7777611 0.7930118 0.9165576 1.0716206 1.0926357 0.5512262 0.7471193 0.7085385 1.1019532 1.2805014 1.0467005 1.1716556 1.0963072 0.8910840 1.2637148 1.1713164 0.8982979 1.5353626 1.6740031 1.7031874 2.2989562 1.7145802 1.7145802 1.8196069 1.8579729 1.8407347 0.9172874 2.3780714 0.0000000 
