99
Emue_Em0021g59a.t1                                                0.0000000 1.8122532 2.2449203 2.4509932 1.0025024 1.1388299 4.9726702 0.7625085 0.5815659 4.4601968 3.0379028 2.7007802 2.8927340 2.7498747 2.6847759 2.8322488 2.7475660 2.7007575 2.8157393 2.6065254 3.1856074 2.9742031 3.1435784 2.8458589 3.0283770 3.5338318 2.5773774 2.5673859 2.6450284 3.0368764 3.0228997 3.0052443 3.0361082 2.6883576 2.7452625 2.1679111 2.7546750 2.8547793 2.6942064 2.7299938 2.7022025 2.8981640 2.9839649 3.0421106 2.6823414 2.5435814 2.9964923 2.9121741 2.9215179 3.0810369 2.7234329 2.8983521 2.1497691 2.2499844 2.4573166 3.4350448 2.9598808 4.1150930 3.0906418 3.3021478 3.3618418 3.1569935 3.3674118 3.1186282 3.1036600 5.6188414 5.4014481 4.6015570 2.0575630 6.8906900 7.7407750 3.7625292 8.2700314 4.1152503 4.0526817 3.6575584 3.0644007 3.8084053 3.5038662 3.3250013 3.8682188 5.4192378 3.2764713 2.7890615 1.8236630 3.4015261 5.6447951 5.5053884 5.6053238 4.8527741 5.4294250 5.6070220 5.3847852 6.0145206 5.7569059 5.3875729 5.3949160 4.1018457 5.1966747 
Xestes_maker-XT_scaffold600-augustus-gene-0.62-mRNA-1             1.8122532 0.0000000 0.3693370 0.4146268 0.7772599 0.7190789 0.4982273 0.7169539 0.9001441 0.4593065 1.0132793 1.1020047 0.9324859 1.0146851 0.9391964 0.9860048 0.9737213 0.9520688 1.0475609 1.0079852 1.0228391 1.0059041 1.0906833 1.0752361 0.8846680 0.6119026 0.9632057 0.9590438 0.8490203 0.9441560 0.9460892 0.9510333 0.9238649 0.7485867 0.9334892 0.9100649 0.9618119 0.8988033 0.9941958 0.9971510 0.9724845 0.9348913 1.0155429 0.9681606 0.8890973 0.8141444 1.0048020 0.9984048 1.0233769 1.1250732 1.1238248 1.0448799 1.1979952 1.0753052 0.9458883 1.1217830 1.1348961 1.3866482 1.2213988 1.2043535 1.2024880 1.1150273 1.1743335 0.9540804 0.8251689 1.8023956 1.5047126 2.0579422 0.8200084 1.6234161 1.2216430 1.4524954 1.8615391 1.5030648 1.6658191 1.4101947 1.7402523 1.6739546 1.2978560 1.3572186 1.3798417 1.8428921 1.1029138 1.4435661 1.0771715 1.5335946 2.8855546 2.7996762 2.7303550 2.7097415 3.0256999 2.8872997 2.9139729 2.7353319 2.4723386 2.9609975 2.9299470 2.3108459 3.1833187 
Halamb_c54513_g3_i1m.38477                                        2.2449203 0.3693370 0.0000000 0.3370911 0.7401895 0.6902518 0.4569757 0.7578170 0.8931962 0.4571482 1.1246839 1.2359825 1.0498868 1.0429272 0.9039261 0.9839635 0.9866529 1.0387980 1.0516586 1.0532327 1.1855372 1.1161335 1.1622944 1.1243242 0.9533696 0.7208427 0.9449178 0.9898677 0.9483609 1.0788784 1.0982887 1.0992299 1.0742485 0.8535024 0.9889081 1.0243160 1.0782065 0.9830501 1.1290930 1.0708266 1.0700443 1.0308377 1.1081682 1.0708326 0.9377206 0.8018998 1.0829252 1.0250395 1.0619323 1.2234268 1.2524281 1.1787091 1.1721720 1.0526241 1.0730091 1.1343951 1.1827787 1.3511436 1.3146771 1.3508329 1.2582521 1.2259374 1.2325430 0.9297707 0.8517020 1.6881722 1.0485485 1.7590747 0.7090832 1.4467419 1.2770879 1.5059469 1.7444072 1.5785724 1.7353934 1.4254306 1.6774959 1.6928333 1.4196669 1.4282337 1.4195817 1.3708624 1.2223294 1.5340608 1.0186705 1.4779468 2.6023581 2.4859028 2.5654589 2.5237881 2.8409580 2.6478310 2.6812419 2.7401086 1.7918141 2.3822766 2.5979024 2.4218434 3.5269485 
Aque_Aqu2.1.35078_001                                             2.4509932 0.4146268 0.3370911 0.0000000 0.8296840 0.7739259 0.4333979 0.8179645 1.0388015 0.6124417 1.1901782 1.2257583 1.1751339 1.1557252 0.9519421 1.0853688 1.0641152 1.0816052 1.1126072 1.1292873 1.2321024 1.2000732 1.2590126 1.2097440 1.0816744 0.7111327 1.0548243 1.1020182 0.9642663 1.0814405 1.0969192 1.0946873 1.0757289 0.8376359 0.9924338 0.9497469 1.1173907 1.0950447 1.2832102 1.1783115 1.1614521 1.0797979 1.2064661 1.0455357 1.0576151 0.9148209 1.1151556 1.0475648 1.0593651 1.2301207 1.1896143 1.1687316 1.1754734 1.2612353 1.1474713 1.1514564 1.1955251 1.4563129 1.3009661 1.4196203 1.3560765 1.3432711 1.4196181 0.9557624 0.8325855 1.8256940 1.1828532 1.6673007 0.9495975 1.4845452 1.7380720 1.6011540 1.7261922 1.6434907 1.8862991 1.5901557 1.8423294 1.7932171 1.5807450 1.5763331 1.4977375 1.5988164 1.3771939 1.5467833 1.2383466 1.6067973 2.5214692 2.4560534 2.4632253 2.4570523 2.6288028 2.5161681 2.5131597 2.6586000 1.6068786 2.4481018 2.5487387 2.4499862 3.6747856 
Spolac_c103821_g1_i3_m.36385c103821-g1                            1.0025024 0.7772599 0.7401895 0.8296840 0.0000000 0.0116666 0.0410105 0.1481257 0.0693791 0.6172798 1.2885397 1.4391483 1.1838171 1.2627798 1.0527309 1.1386745 1.1313658 1.1433916 1.1019593 1.2159332 1.3806256 1.2142207 1.2446496 1.2453918 1.1144218 0.8217727 1.1613064 1.0827212 1.1186689 1.2289633 1.2370544 1.2272314 1.2119552 1.0212512 1.0773397 1.1121615 1.1738931 1.1524414 1.1678225 1.1891722 1.1419079 1.1081445 1.1688501 1.0291593 1.0948903 0.9198806 1.2144548 1.1057500 1.2269850 1.2273859 1.2351209 1.2323366 1.2743636 1.2397525 1.3161520 1.1958470 1.1590601 1.4432269 1.4055225 1.5347433 1.4867321 1.5118454 1.5052780 0.9256973 0.8554865 1.6719443 0.7366642 1.3962017 1.1560516 1.6778425 2.0995766 1.5824438 1.7994757 1.6311688 1.8585442 1.5406827 1.7828553 1.7010998 1.5242300 1.5018948 1.6031333 1.6070836 1.4360257 1.6400753 1.1545430 1.5111842 2.5276179 2.4909346 2.5879748 2.6417953 2.8792247 2.7235093 2.8034355 3.0567683 1.8244403 2.6636135 2.6136005 2.6688088 3.4290566 
Spolac_c103821_g1_i4_m.36386c103821-g1                            1.1388299 0.7190789 0.6902518 0.7739259 0.0116666 0.0000000 0.0410105 0.1424489 0.1120537 0.6172798 1.1607695 1.2744099 1.0469825 1.1424524 1.0143441 1.0329961 1.0175023 1.0361166 0.9536139 1.2266244 1.1750384 1.1011306 1.1229486 1.2012686 1.1144218 0.8217727 1.1156483 1.0137862 0.9859789 1.0853184 1.0854452 1.0854452 1.0776307 1.0213746 1.0496047 0.9869858 1.0901068 1.0485066 1.1165844 1.1274317 1.0673760 1.0215950 1.1144115 1.0142671 0.9925176 0.8932125 1.1047846 1.1163099 1.1051968 1.2104393 1.1799993 1.1779975 1.2878663 1.2203036 1.1663238 1.2085383 1.1489380 1.3558151 1.2577476 1.4181561 1.3007101 1.3137341 1.2127344 0.8964062 0.8754087 1.6345658 0.7366642 1.4090801 0.9330748 1.6470851 2.1249839 1.4058600 1.7011081 1.4189666 1.6617539 1.3724293 1.5432064 1.5138992 1.4134718 1.3658405 1.4812664 1.6104982 1.2820623 1.5422561 1.1486752 1.4391295 2.5389358 2.5020863 2.5996973 2.6533684 2.8649976 2.7003439 2.7841136 2.8179392 1.8300059 2.6683642 2.6529244 2.6276689 3.4000975 
Spolac_c103821_g1_i6_m.36388c103821-g1                            4.9726702 0.4982273 0.4569757 0.4333979 0.0410105 0.0410105 0.0000000 0.0764277 1.8570373 0.6172798 0.8336048 3.3635590 0.7264118 0.8624748 0.8185887 0.9011142 0.8698591 0.8377299 0.7780914 0.7004319 0.8553556 0.7571896 0.8207056 0.7979545 0.8814399 0.8411361 0.9256728 0.8413129 0.7086679 0.8436834 0.8785026 0.8785026 0.8683938 0.8683938 0.7754274 0.7690671 0.8928262 0.8763961 0.9123979 0.9070893 0.8408794 0.7922253 0.8002532 0.7548731 0.9361854 0.6336087 0.9085301 0.9085301 0.9055314 0.9825610 0.8918066 1.1763726 0.0000010 4.1182370 8.9999990 0.8283475 0.9128977 0.7775580 0.9783756 1.0423617 1.0654537 1.0428106 7.9152549 0.6100470 0.0000010 0.5710100 0.7247449 0.9482341 3.9495498 0.8456781 0.8358703 1.0876079 1.1642216 1.0249809 1.5587142 1.1810774 7.1142349 1.2420704 1.1199387 1.1069004 1.0763885 1.0015009 0.7099131 4.3694747 8.1495788 1.1092017 1.7570058 1.7086268 1.8566767 1.8386117 1.9471309 1.9347315 1.8715807 1.9134201 1.6312958 1.8596469 2.2187361 2.3457705 7.5825753 
Emue_Em0021g72a.t1                                                0.7625085 0.7169539 0.7578170 0.8179645 0.1481257 0.1424489 0.0764277 0.0000000 0.2011058 0.5822579 1.2289215 1.3432659 1.1181018 1.1955831 0.9959880 1.1398515 1.0992781 1.1139924 1.0615094 1.2065961 1.3619861 1.1915986 1.2531099 1.1950809 1.1495898 0.8031791 1.1148849 0.9960723 1.1108554 1.1877481 1.2078443 1.2012939 1.1860691 0.9967130 1.0269912 1.0344011 1.1054357 1.0837722 1.1694428 1.2125933 1.1480594 1.0513081 1.2002882 1.0589160 1.0722037 0.9243434 1.1916687 1.0994961 1.1797665 1.2070589 1.2380747 1.2089265 1.3236226 1.1936942 1.2686444 1.1722584 1.1952031 1.4208394 1.3700425 1.4821025 1.4163705 1.4088801 1.4621714 0.9206549 0.8732134 1.7191582 0.7055034 1.3718004 1.1812376 1.6692960 1.7775896 1.5088978 1.7005804 1.5409392 1.7978580 1.5472765 1.6902865 1.6281154 1.4504854 1.4126107 1.4792315 1.6103361 1.3856232 1.6467059 1.0433220 1.5286687 2.5996650 2.5416444 2.5869869 2.6168088 2.8402995 2.7157440 2.7846489 3.0393007 1.8711398 2.6807678 2.5911227 2.5710107 3.5377571 
Spolac_c103821_g1_i7_m.36389c103821-g1                            0.5815659 0.9001441 0.8931962 1.0388015 0.0693791 0.1120537 1.8570373 0.2011058 0.0000000 0.0000010 1.8756334 1.7724068 1.5850554 1.4395699 1.2066488 1.3887038 1.3873506 1.3982864 1.3838771 1.6921159 1.7405585 1.5842716 1.4424705 1.3833306 0.0000010 0.0000010 1.2645633 1.1986890 1.3634634 1.4674455 1.4653145 1.4333143 1.4734758 1.0699543 1.1706881 1.3923727 1.4547901 1.2597595 1.3342142 1.3890685 1.4353542 1.3058652 1.4371481 1.2388127 1.1011754 0.9003703 1.5470288 1.2702619 1.5389814 1.3498350 1.5996504 1.4818913 1.2353140 1.3181712 1.5399422 1.5332530 3.0602849 1.9744309 1.7377937 1.7401480 1.5258919 1.8949075 1.6422457 0.8554965 0.6719173 2.5521406 0.0000010 8.9999982 1.1560516 3.4739576 2.0979823 2.3247333 9.0000000 2.3599677 2.3025667 2.0629044 2.0948666 2.3401796 2.1166237 2.0225286 2.0772521 8.2870732 1.7942757 1.3206602 1.1545430 1.6637686 3.4200366 3.3920925 3.2999269 3.5674399 3.1825329 3.3359681 3.4677716 3.8001718 0.0000010 3.5860452 3.3430268 2.5907716 5.7138343 
Ocar_g8324                                                        4.4601968 0.4593065 0.4571482 0.6124417 0.6172798 0.6172798 0.6172798 0.5822579 0.0000010 0.0000000 0.0000010 0.0000010 0.2663207 0.4258979 0.4371435 0.3482797 0.3754368 0.3922407 0.3285952 0.4684832 0.4030901 0.3818132 0.3660884 0.4820304 0.4979092 0.4397666 0.3723312 0.3885648 0.4340768 0.4253464 0.4340768 0.4340768 0.4551631 0.4551631 0.4820035 0.3341497 0.4944929 0.3853327 0.3991708 0.3640157 0.3564852 0.4343126 0.4350262 0.3957405 0.4729100 0.5990501 0.5218648 0.5218648 0.5644572 0.7893725 0.6760872 0.7298969 0.0000010 0.0000010 0.0000010 0.4541253 1.2486831 0.4349483 0.5067213 0.6055058 0.4966922 0.4871974 0.0000010 0.5608653 0.0000010 0.3368433 2.5979346 3.1077176 0.0000010 1.7527555 0.0000010 0.8456616 0.0000010 0.8456616 0.8456616 0.8735717 0.0000010 0.9848563 0.9771197 0.7991546 0.8038898 0.0000010 0.3560631 5.9042810 0.0000010 1.3330791 1.6304955 1.7184018 1.6240611 1.8587053 1.7470110 1.9873596 1.9758578 2.3078760 2.8992059 3.5264226 4.0207453 2.5558684 7.7994319 
Opea_EP00118_Oscarella_pearsei_P003255                            3.0379028 1.0132793 1.1246839 1.1901782 1.2885397 1.1607695 0.8336048 1.2289215 1.8756334 0.0000010 0.0000000 0.0000010 0.8988817 0.8367190 0.7763071 0.7963176 0.7776788 0.8488115 0.8298250 0.8687333 0.9491868 0.9447840 1.0221281 0.8609326 0.7046901 0.5129346 0.8263659 0.8128659 0.8820581 0.9604439 0.9583171 0.9599430 0.9557623 0.7556898 0.8318084 0.9264535 0.9020039 0.8040930 0.9629115 0.9766122 0.9630681 0.9105272 1.0935572 0.8066644 0.8637857 1.0915645 0.8696651 0.8438582 0.8665640 0.9887956 1.0750185 0.9884217 0.5682429 0.5749239 0.8553200 0.8300016 0.8691683 1.1889484 1.1150176 1.1704130 1.1573581 1.0961277 1.2004638 1.1965490 1.1149576 1.3449626 1.1532093 1.8398454 1.2920772 1.4569381 1.3204915 1.2949020 1.2559205 1.4045898 1.5995701 1.3778439 1.5078642 1.4496112 1.3600016 1.3820688 1.3851811 0.9406793 0.9997687 1.4220973 1.6503071 1.8959857 2.8053389 2.8213581 2.8520329 2.6153413 2.9274712 2.6558793 2.7394972 3.0655335 2.0824714 2.8172920 2.7107615 2.5807719 3.3443781 
Ocar_g7200                                                        2.7007802 1.1020047 1.2359825 1.2257583 1.4391483 1.2744099 3.3635590 1.3432659 1.7724068 0.0000010 0.0000010 0.0000000 1.1211544 0.9009541 0.7749304 0.8797976 0.8511754 0.9054433 0.9502623 1.0806297 1.1413936 1.0807773 1.1774558 0.9831364 0.9961704 0.9202535 0.9580459 0.9041370 1.0338589 1.0483272 1.0575584 1.0538819 1.0937477 0.8791201 0.8339566 1.0561394 1.0135124 0.9214755 1.1396199 1.2072947 1.2019365 1.0529495 1.2870229 0.8942211 0.8615242 1.2021831 0.9960878 0.9708176 1.0049528 1.0423388 1.2055414 1.0549685 0.5682429 0.5749239 0.8553200 0.8590719 0.8949032 1.4255070 1.2823423 1.2998402 1.2726216 1.2436427 1.2004638 1.2766891 1.1149576 3.2810326 0.0000010 2.1530853 1.2920772 2.7658759 1.3420996 1.4009905 0.0000010 1.4395115 1.3926326 1.4667304 1.4816713 1.5301585 1.4840984 1.5745420 1.5894707 0.0000010 1.1241504 1.1089475 1.6503071 2.1642001 3.5108650 3.5029260 3.4539718 2.9538855 3.4883513 3.0633543 3.1842445 3.4580354 0.0000010 3.2609681 2.6273668 2.5102649 1.8493287 
Chem_TCONS_00010328                                               2.8927340 0.9324859 1.0498868 1.1751339 1.1838171 1.0469825 0.7264118 1.1181018 1.5850554 0.2663207 0.8988817 1.1211544 0.0000000 0.7925105 0.6349044 0.7171921 0.7125013 0.7605844 0.7555699 0.7925390 0.9859002 0.9901317 1.0179414 0.8323568 0.7478409 0.5327959 0.8533632 0.8466586 0.8048647 0.8239832 0.8654743 0.8553900 0.8110974 0.6403397 0.7037642 0.8873484 0.9057601 0.6906469 0.6381737 0.5919053 0.5897603 0.8235431 0.8584143 0.7392264 0.8985521 1.0399299 0.8219909 0.7738198 0.8566874 0.8051933 0.9286969 0.7176944 1.0236018 1.0229117 0.9514388 0.8127655 0.8324445 1.2150229 1.2853412 1.3738373 1.3126464 1.1978723 1.4748013 1.1740269 0.9734625 1.0847729 1.1386456 1.7369394 1.2212689 1.7808918 1.4993268 1.2687348 1.1080689 1.3516927 1.5411710 1.2625131 1.5411849 1.3970222 1.1944297 1.1937526 1.1913085 1.1085766 1.1253255 0.9040916 1.3848818 1.7053001 2.8468529 2.9021608 2.9518103 3.0129761 3.1791785 2.7963798 2.7657764 3.1245765 2.2389236 2.5584081 2.9248816 2.5310200 3.3188231 
Fspp_ffun1.m4.14567.m1                                            2.7498747 1.0146851 1.0429272 1.1557252 1.2627798 1.1424524 0.8624748 1.1955831 1.4395699 0.4258979 0.8367190 0.9009541 0.7925105 0.0000000 0.1260311 0.1983139 0.2009045 0.2210597 0.2380012 0.9732061 1.0475222 0.9177982 1.0635190 0.8194447 1.0274814 0.6345156 0.8476594 0.7962650 0.8185797 0.8257739 0.8690736 0.8704618 0.8448325 0.7019843 0.7275663 0.4500156 0.5448159 0.6563580 0.8515548 0.7724549 0.8094934 0.8575091 0.9779028 0.8663348 0.7942133 1.0527551 0.6534076 0.6701255 0.6615119 0.8964543 0.9659046 0.9090788 0.9903763 0.9863494 0.9091091 0.8405158 1.0375327 1.2010824 1.3524853 1.2236626 1.1591915 1.1571951 1.1552956 1.2280264 1.1811764 1.3366173 1.2958604 1.5707730 1.2126318 1.8086985 1.8085602 1.3104809 1.1942001 1.3726299 1.5721913 1.3464393 1.6658223 1.4775452 1.3127500 1.3117488 1.3015683 1.0323424 1.1384589 1.3266323 1.3807137 1.8940298 3.0351742 2.9630998 3.0030193 2.9682320 3.0564398 3.0252129 3.1858439 2.9964781 2.1411885 2.8420941 2.8375016 2.7293630 3.7144632 
Gasp_gasp1.m3.18616.m1                                            2.6847759 0.9391964 0.9039261 0.9519421 1.0527309 1.0143441 0.8185887 0.9959880 1.2066488 0.4371435 0.7763071 0.7749304 0.6349044 0.1260311 0.0000000 0.1605913 0.1562191 0.2290461 0.1793184 0.8473793 0.8015231 0.7580744 0.8755563 0.6916927 0.8216999 0.5715569 0.7505349 0.6818211 0.5920976 0.6199873 0.6544388 0.6593480 0.6453657 0.6254238 0.6491264 0.3643045 0.4655388 0.4656012 0.6888446 0.6484720 0.6670237 0.6600027 0.8704743 0.7794948 0.6619439 0.9054629 0.5703788 0.6011784 0.5997307 0.8200689 0.7565447 0.7420742 0.8697791 0.8821699 0.6918806 0.7108706 0.8016764 0.9956311 1.1451787 1.0368600 0.9898119 0.9348672 0.8981625 1.1445899 1.1306017 1.3115329 1.3316753 1.6181505 0.9773296 1.7484900 1.8259891 1.0985167 1.2543824 1.1537428 1.3431901 1.0838452 1.2601604 1.1543549 1.0378246 1.0415788 1.0366217 0.9716107 0.7853184 1.1259867 1.3059536 1.6083452 2.8197717 2.8515024 2.8438978 2.9030729 2.9572659 2.7671977 2.8665132 2.9580586 2.1349788 2.7446597 2.7488235 2.5525313 3.0055298 
Pocdam_XM_027199183.1                                             2.8322488 0.9860048 0.9839635 1.0853688 1.1386745 1.0329961 0.9011142 1.1398515 1.3887038 0.3482797 0.7963176 0.8797976 0.7171921 0.1983139 0.1605913 0.0000000 0.0768449 0.2604600 0.2022838 0.8175632 0.9732715 0.8759953 0.9748251 0.7079232 0.7314475 0.5852762 0.7654732 0.7065972 0.7637520 0.7886382 0.8128423 0.8143103 0.8003639 0.6478012 0.6817363 0.3707216 0.5090735 0.5841100 0.7890827 0.7477246 0.7560786 0.7203804 0.9439237 0.8011418 0.7062439 0.9464446 0.6195338 0.6215967 0.5964248 0.8594461 0.9016517 0.8335682 0.8506802 0.9202368 0.7996158 0.7107988 0.8351883 1.1230206 1.1939329 1.2095476 1.0744750 1.0910135 1.1345784 1.1189829 1.1692392 1.3170786 1.3205624 1.5284468 1.2161905 1.8305176 2.0127234 1.2545798 1.5071396 1.2862015 1.4415235 1.2626022 1.4503361 1.3557743 1.1611928 1.1886384 1.1640296 1.1083516 1.0189911 1.1614875 1.4267679 1.7000390 2.8284379 2.8738924 2.8638897 2.9193474 2.9022578 2.9398144 3.1556308 3.0674128 2.2535686 2.6978705 2.7890713 2.4857272 2.9909101 
Spis_XP_022797991_1                                               2.7475660 0.9737213 0.9866529 1.0641152 1.1313658 1.0175023 0.8698591 1.0992781 1.3873506 0.3754368 0.7776788 0.8511754 0.7125013 0.2009045 0.1562191 0.0768449 0.0000000 0.2326562 0.2078555 0.8534869 0.9804773 0.8848287 0.9916180 0.6999528 0.7668519 0.5909845 0.7699654 0.6987711 0.7552100 0.7853439 0.8094610 0.8109323 0.7826318 0.6389123 0.6796743 0.3800507 0.5102029 0.5664489 0.7702469 0.7416223 0.7530063 0.7094318 0.9222588 0.7371034 0.6921223 0.9586393 0.6255788 0.6328424 0.5928296 0.8460539 0.8870032 0.8085362 0.8805079 0.9213759 0.8694180 0.7307350 0.8234499 1.1414364 1.1834680 1.2002377 1.0833511 1.1045945 1.1420142 1.1031510 1.1022514 1.2932976 1.3809031 1.6286470 1.2520795 1.7704297 2.0964897 1.2249329 1.3473847 1.2677391 1.4165062 1.2582759 1.4663357 1.3259800 1.1854322 1.1918549 1.1665756 1.0039670 1.0062681 1.1518458 1.4316689 1.7543338 2.8309390 2.8271614 2.8489225 2.8542710 2.8427143 2.8646253 3.0767708 2.9843777 2.1877146 2.6019431 2.7303863 2.4843519 3.0791320 
Amil_Amillepora24597-RA                                           2.7007575 0.9520688 1.0387980 1.0816052 1.1433916 1.0361166 0.8377299 1.1139924 1.3982864 0.3922407 0.8488115 0.9054433 0.7605844 0.2210597 0.2290461 0.2604600 0.2326562 0.0000000 0.1968672 0.7035331 0.8921464 0.8422122 0.9192539 0.8212750 0.6882728 0.5278456 0.8633582 0.7725786 0.7645562 0.8386230 0.8942334 0.8957043 0.8700568 0.6730291 0.7516402 0.3512892 0.4840222 0.6424806 0.7782975 0.7089553 0.7129448 0.7754154 0.9488127 0.7787526 0.7699750 0.9924741 0.6696912 0.6958470 0.6579518 0.9242344 0.9680646 0.8019072 0.7718049 0.9525987 0.8594152 0.7943358 0.8427975 1.2241884 1.2081950 1.0995978 1.1034840 1.0845495 1.2145368 0.9920155 1.1879797 1.3327156 1.4769491 1.5896459 1.3502516 1.9325262 1.7235528 1.2613487 1.3813039 1.3730348 1.4837488 1.2911481 1.5001927 1.3391376 1.2180144 1.2308758 1.1985874 1.0955816 0.9495155 1.2140299 1.7355441 1.8140213 2.8372481 2.8185674 2.7234328 2.7679971 2.7790723 2.8425367 3.0194150 2.7822171 2.0987723 2.7736277 3.0081184 2.6129181 4.0701057 
Gfas_gfas1.m1.15291.m1                                            2.8157393 1.0475609 1.0516586 1.1126072 1.1019593 0.9536139 0.7780914 1.0615094 1.3838771 0.3285952 0.8298250 0.9502623 0.7555699 0.2380012 0.1793184 0.2022838 0.2078555 0.1968672 0.0000000 0.9026473 0.9846120 0.8988552 1.0297981 0.7728100 0.8245457 0.5604587 0.8136145 0.6918824 0.7766871 0.8314281 0.8631743 0.8625351 0.8373113 0.6701467 0.7337257 0.3698784 0.5047952 0.5991929 0.8415487 0.7735831 0.8130138 0.7858649 0.9551745 0.8074500 0.7229438 0.9912412 0.6859855 0.6833827 0.7073697 0.9015716 0.9486751 0.8607334 0.9024554 0.9923057 0.8490122 0.8050928 0.8750950 1.1686043 1.2490438 1.2002888 1.1245370 1.1089432 1.1693383 1.0675294 1.1776280 1.1285593 1.1749238 1.4632034 1.1814148 1.8027364 2.0463704 1.2370799 1.1983772 1.3109466 1.4885542 1.2775200 1.4775272 1.3240838 1.2593546 1.2271694 1.1604415 1.0091124 1.0771658 1.2774227 1.4238585 1.7139084 2.8449518 2.8604314 2.8437166 2.8151322 2.8817498 2.9818663 3.0508848 2.8321772 2.0110218 2.6171436 2.8513042 2.5199967 3.4447591 
Leuniv_Lniv_C779425_01                                            2.6065254 1.0079852 1.0532327 1.1292873 1.2159332 1.2266244 0.7004319 1.2065961 1.6921159 0.4684832 0.8687333 1.0806297 0.7925390 0.9732061 0.8473793 0.8175632 0.8534869 0.7035331 0.9026473 0.0000000 0.2346797 0.3004867 0.4720093 0.9129407 1.0210072 0.6963616 0.9765085 1.0115091 0.8316059 0.8324953 0.8377778 0.8377778 0.7942167 0.7942167 0.7993271 0.8696172 0.9583681 0.7495181 0.8034676 0.7726812 0.7126276 0.7861561 0.7211655 0.8495496 0.7215361 0.8606532 0.8992457 0.8992457 0.9567271 0.8425005 0.8088246 0.9693938 1.4049023 1.3948279 1.1011835 0.8145790 0.8834088 1.0333984 0.6615599 0.5970807 0.6288501 0.5700271 0.5776649 1.1509616 1.6388759 1.5973599 2.0055782 2.2317163 0.0000010 1.4796923 1.3420996 0.9798125 1.1848361 0.9840281 0.9877844 1.0343377 1.3656319 1.0990394 0.9283161 1.0088923 0.9769925 0.4727685 0.9484264 1.4751363 2.0555766 1.8542441 3.0699936 3.1953017 3.0550871 2.9693687 3.0689710 2.9509580 2.8089695 2.9342830 2.4301361 3.3918099 2.9224881 2.8540368 2.7752860 
Gracom_Gcom_scaffold18837_01                                      3.1856074 1.0228391 1.1855372 1.2321024 1.3806256 1.1750384 0.8553556 1.3619861 1.7405585 0.4030901 0.9491868 1.1413936 0.9859002 1.0475222 0.8015231 0.9732715 0.9804773 0.8921464 0.9846120 0.2346797 0.0000000 0.3293396 0.6269161 0.9740971 0.9482595 0.7683804 0.9766982 0.9596023 1.0095690 1.0833403 1.0934692 1.0884500 1.0354444 0.7852844 0.8652309 0.9605555 1.0052894 0.8973356 1.0372919 1.0494879 1.0396025 0.9102858 0.9558210 0.8572406 0.9530469 0.9972927 0.9306181 0.8461531 1.0131530 0.9162483 1.0098188 1.1521074 1.1733260 1.2552429 1.0737094 0.9516886 0.8866258 1.2453296 0.9297138 0.8189065 0.8002541 0.7519129 0.8723793 1.1739890 1.1460557 1.4467936 1.0966163 1.6642895 1.4700097 1.4380955 1.1510427 1.3080752 1.3314789 1.3714847 1.5561674 1.3813731 1.6878363 1.4470850 1.2699535 1.3489327 1.4010137 1.0667946 1.2836221 1.4131918 1.5624017 1.7308531 2.9891321 3.0540487 2.9857810 2.9444612 2.8954275 2.8222035 2.7202771 2.7638516 2.2051080 2.7045756 2.8437519 2.9505543 3.0671614 
Lcom_lcpid30232                                                   2.9742031 1.0059041 1.1161335 1.2000732 1.2142207 1.1011306 0.7571896 1.1915986 1.5842716 0.3818132 0.9447840 1.0807773 0.9901317 0.9177982 0.7580744 0.8759953 0.8848287 0.8422122 0.8988552 0.3004867 0.3293396 0.0000000 0.6034305 0.9423859 0.9353158 0.8103730 0.9706885 0.8805801 0.9236415 0.9812196 0.9946181 0.9898557 0.9796922 0.7917248 0.8221806 0.9163174 0.9438483 0.9111792 0.9820598 1.0160678 1.0085638 0.9178706 0.9525615 0.8950418 0.9286582 0.9650793 0.8796039 0.8411557 0.9458952 0.9311041 0.9944503 1.1149119 1.1768022 1.0771788 1.0011941 0.9005602 0.8766362 1.0882180 0.8787791 0.8306611 0.7463114 0.7268110 0.7414359 1.1359526 1.0061757 1.4789711 1.1509848 1.7278900 1.5498251 1.5383457 1.5409299 1.3866509 1.3952594 1.4532240 1.6268287 1.3413585 1.6329400 1.4721835 1.3649997 1.3751763 1.3604684 1.0408888 1.1119941 1.3203131 1.5141558 1.7530101 2.8753327 2.9148171 2.9867789 2.8718689 2.9564045 2.8203928 2.7758374 2.7754433 2.1300064 2.6465127 2.9152767 2.8025069 3.3169788 
Clacor_Ccor_C541851_01                                            3.1435784 1.0906833 1.1622944 1.2590126 1.2446496 1.1229486 0.8207056 1.2531099 1.4424705 0.3660884 1.0221281 1.1774558 1.0179414 1.0635190 0.8755563 0.9748251 0.9916180 0.9192539 1.0297981 0.4720093 0.6269161 0.6034305 0.0000000 0.9883077 1.0575193 0.9319291 0.9907655 0.9723147 0.9619538 0.9695009 0.9894790 0.9845434 0.9826509 0.8092861 0.8492729 0.9838555 0.9883913 0.9310728 1.0344228 1.1120928 1.0644855 0.9319744 1.0268366 0.9795117 0.9375507 1.0258848 1.0245136 0.9418419 1.0696301 1.0839752 1.0562717 1.1916685 1.1282832 1.1035331 0.9736177 0.9267003 0.8764294 1.2396297 0.7087007 0.5690978 0.5274423 0.5332239 0.8794940 1.1545343 1.0219107 1.6361787 1.2852397 1.6996782 1.1760102 1.5045386 1.8718930 1.4119600 1.6909772 1.5144015 1.6620530 1.3576569 1.6027643 1.4818778 1.3360134 1.3312945 1.4469889 1.2513447 1.0394787 1.4231001 1.3797210 1.7690842 2.9467672 2.9594527 2.9176228 2.9824851 3.1005963 2.8043183 2.7968863 2.8428215 2.3642313 2.7886457 3.0358759 3.0052589 3.2305137 
Ctel_gnl_WGS_AMQN_CAPTEDRAFT_mRNA162862                           2.8458589 1.0752361 1.1243242 1.2097440 1.2453918 1.2012686 0.7979545 1.1950809 1.3833306 0.4820304 0.8609326 0.9831364 0.8323568 0.8194447 0.6916927 0.7079232 0.6999528 0.8212750 0.7728100 0.9129407 0.9740971 0.9423859 0.9883077 0.0000000 0.7039794 0.3957400 0.5807575 0.6037947 0.6656961 0.7105928 0.7171906 0.7191525 0.7184588 0.6428033 0.6844001 0.8151286 0.8573760 0.6118713 0.7726839 0.8172862 0.8174664 0.8183625 0.8214270 0.8177824 0.7146086 0.8608975 0.8126479 0.8211312 0.8410209 0.8830170 0.9168126 0.8653627 1.0106167 0.9209285 0.6689498 0.7205942 0.9401523 1.0358818 1.2385842 1.2218763 1.1835114 1.1117829 1.2246574 1.1698204 1.4037878 1.2375006 1.1696317 1.6175137 0.9719344 1.7946569 2.3886161 1.1042625 1.1349714 1.1467214 1.4351270 1.1355766 1.2800264 1.1474988 1.1603650 1.1409882 1.1866188 0.9019630 0.8586614 1.2955228 1.3969108 1.7773538 2.9055390 2.8723292 2.8345774 2.9214979 3.0835494 3.0902459 3.0836916 3.0960588 2.2345612 2.9164776 3.0272827 2.7739207 3.4312004 
Lcom_lcpid168083                                                  3.0283770 0.8846680 0.9533696 1.0816744 1.1144218 1.1144218 0.8814399 1.1495898 0.0000010 0.4979092 0.7046901 0.9961704 0.7478409 1.0274814 0.8216999 0.7314475 0.7668519 0.6882728 0.8245457 1.0210072 0.9482595 0.9353158 1.0575193 0.7039794 0.0000000 0.0820362 0.5663174 0.5958964 0.6740748 0.6952406 0.7022614 0.7022614 0.7986914 0.7986914 0.7625260 0.7406343 0.8956116 0.6795045 0.7767565 0.8205289 0.8567519 0.7917063 0.9719567 0.9251621 0.8268813 1.0425368 0.8151151 0.8151151 0.8916495 0.9139331 0.9430137 1.0666968 1.2909980 0.9418759 0.1819029 0.8335711 0.9378407 0.8977621 1.1683148 1.3063780 1.2835905 1.1396951 0.0000010 1.3952097 0.3951465 0.9446286 1.3929036 2.0908274 0.0000010 1.4246699 0.0000010 1.3203280 0.7277871 1.3192040 1.4517660 1.1929281 1.7800867 1.2505818 1.1228453 1.1836773 1.1734475 0.0000010 0.8471699 2.4075044 0.0000010 1.8117465 2.7482681 2.5318941 2.6853745 2.4970048 2.8509220 2.6301925 2.7972799 3.0738979 2.2018891 2.6408065 3.3545327 2.7512780 3.1983208 
Lcom_lcpid252171                                                  3.5338318 0.6119026 0.7208427 0.7111327 0.8217727 0.8217727 0.8411361 0.8031791 0.0000010 0.4397666 0.5129346 0.9202535 0.5327959 0.6345156 0.5715569 0.5852762 0.5909845 0.5278456 0.5604587 0.6963616 0.7683804 0.8103730 0.9319291 0.3957400 0.0820362 0.0000000 0.3399342 0.3892125 0.3830126 0.4371351 0.4309844 0.4309844 0.4787871 0.4787871 0.4975476 0.4212119 0.7002293 0.4692344 0.6384737 0.5359596 0.5149321 0.5996258 0.6247793 0.6245656 0.6194718 0.7533775 0.6766623 0.6766623 0.7238347 0.8204571 0.8079088 0.8869712 0.8931674 0.8931674 0.0000010 0.6241501 0.9880450 0.6809837 0.8236449 1.0561065 0.9479659 0.9806353 0.0000010 0.8569919 0.0000010 0.3944904 1.4255707 1.7155312 0.0000010 1.3651269 0.0000010 1.0316779 1.2145855 1.0237972 1.1807080 0.8665433 2.4103644 0.9438150 0.9069425 0.9161957 0.8432451 0.1628865 0.5720656 4.6874787 0.0000010 1.6111252 2.1505310 2.0042325 2.0768685 2.0728229 2.1368497 1.9553120 1.9553589 2.3074939 2.0005186 2.3979645 3.6722685 2.8791976 6.3775278 
Cgig_XM_011417673.3                                               2.5773774 0.9632057 0.9449178 1.0548243 1.1613064 1.1156483 0.9256728 1.1148849 1.2645633 0.3723312 0.8263659 0.9580459 0.8533632 0.8476594 0.7505349 0.7654732 0.7699654 0.8633582 0.8136145 0.9765085 0.9766982 0.9706885 0.9907655 0.5807575 0.5663174 0.3399342 0.0000000 0.4201125 0.6341485 0.7503955 0.7475104 0.7527884 0.7376683 0.6639673 0.7568551 0.7688653 0.9250752 0.5844629 0.8030403 0.8210171 0.8067524 0.7773357 0.8910963 0.8484010 0.8106427 0.9542153 0.8357025 0.8799502 0.8431622 0.9061320 0.9113501 0.9463013 0.9759378 0.8829005 0.5022368 0.8267637 0.8768979 1.1055567 1.1540161 1.2026889 1.2272854 1.0707504 1.1926570 1.2539507 1.5204722 1.4740530 1.1240928 1.6563669 0.7630578 1.9078819 2.2325539 1.2364953 1.4021524 1.3330520 1.6403326 1.1971847 1.3360726 1.2927744 1.1894541 1.2591739 1.2148988 0.6488148 0.8634642 1.2643093 0.9845537 1.6341571 2.9915592 2.9391769 2.8192402 3.0248857 3.2453879 3.0931378 3.1554633 3.2529025 2.0640661 2.5457925 2.9381150 2.7479183 3.6329317 
Acagra_model.g17286.t1.1.5d3b88d0                                 2.5673859 0.9590438 0.9898677 1.1020182 1.0827212 1.0137862 0.8413129 0.9960723 1.1986890 0.3885648 0.8128659 0.9041370 0.8466586 0.7962650 0.6818211 0.7065972 0.6987711 0.7725786 0.6918824 1.0115091 0.9596023 0.8805801 0.9723147 0.6037947 0.5958964 0.3892125 0.4201125 0.0000000 0.6805063 0.7349885 0.7384495 0.7417923 0.7520097 0.6913759 0.7016658 0.7349180 0.8476388 0.5459760 0.8473128 0.8827138 0.8814263 0.7124906 0.8832214 0.7880778 0.7250956 0.8403452 0.8007900 0.7883150 0.7680590 0.9152534 0.9285327 0.9080653 0.9442290 0.8291512 0.5721263 0.6985840 0.8194970 0.9744328 1.1783953 1.2006714 1.2231463 1.0897288 1.0073922 1.2225156 1.2774003 1.3202788 1.0731774 1.4469955 0.8889992 1.6858222 2.0114034 1.1628774 1.2371919 1.2649267 1.5112894 1.1489238 1.3921867 1.2767043 1.1743026 1.1954421 1.1185243 0.7784965 0.7990118 1.3327417 1.0507172 1.6222402 3.0045075 2.9043402 2.9554027 3.0237894 3.0708926 3.0439803 3.2876142 3.0659344 2.0311597 2.5349913 3.0978409 2.7308474 3.2319079 
HoiH06_mRNA6148                                                   2.6450284 0.8490203 0.9483609 0.9642663 1.1186689 0.9859789 0.7086679 1.1108554 1.3634634 0.4340768 0.8820581 1.0338589 0.8048647 0.8185797 0.5920976 0.7637520 0.7552100 0.7645562 0.7766871 0.8316059 1.0095690 0.9236415 0.9619538 0.6656961 0.6740748 0.3830126 0.6341485 0.6805063 0.0000000 0.0316744 0.0795046 0.0808295 0.1375620 0.1063793 0.0964667 0.8762528 0.9343487 0.6347197 0.8147753 0.8333565 0.8450894 0.8286713 0.7473078 0.5891999 0.6627032 0.9511349 0.8105490 0.7266886 0.8348143 0.7566929 0.9022018 0.8721420 0.8836493 0.8320460 0.8867606 0.6125540 0.9484808 1.1144824 1.0497429 1.0867380 1.0945888 1.0447649 1.2294043 1.0781208 1.1470310 1.3549182 1.3016687 2.2594446 0.9587326 2.1626329 1.3420996 1.3199817 0.0000010 1.2944310 1.3256357 1.2320276 1.6073350 1.3736219 1.2314550 1.3165618 1.3145036 0.0000010 0.8885550 1.2311570 1.2306986 1.8404384 2.9562775 2.9370615 2.7598285 2.8404401 2.9542155 2.9551789 2.8613725 3.4500395 2.1521090 2.6753123 2.9313964 2.6946046 3.1539685 
HoiH23_PlH23_010560-RA                                            3.0368764 0.9441560 1.0788784 1.0814405 1.2289633 1.0853184 0.8436834 1.1877481 1.4674455 0.4253464 0.9604439 1.0483272 0.8239832 0.8257739 0.6199873 0.7886382 0.7853439 0.8386230 0.8314281 0.8324953 1.0833403 0.9812196 0.9695009 0.7105928 0.6952406 0.4371351 0.7503955 0.7349885 0.0316744 0.0000000 0.0764540 0.0770324 0.1314560 0.0927545 0.0791634 0.8969384 0.9411752 0.6560418 0.8781655 0.8784807 0.8818706 0.8415766 0.8717667 0.6892718 0.7417849 1.0098528 0.8244538 0.7641622 0.8368045 0.8834026 0.9873342 0.8974187 0.8600112 0.8272668 0.9136672 0.7825116 0.9593419 1.1132232 1.1617202 1.1804899 1.1867819 1.0701842 1.2493376 1.2294326 1.1647378 1.2548203 1.1586174 1.7523740 0.9597016 1.6741920 1.8195052 1.3406150 1.4463925 1.3764846 1.5971391 1.2717626 1.6603741 1.4343816 1.2461354 1.2967863 1.2588298 1.2424003 0.9135034 1.3541152 1.2588575 1.7340257 2.7682579 2.7771788 2.6664646 2.8007879 2.8370069 2.8586825 2.7872221 3.2468398 2.1481738 2.5458635 2.9209682 2.6902385 3.4820967 
Hhon_g04977.t1                                                    3.0228997 0.9460892 1.0982887 1.0969192 1.2370544 1.0854452 0.8785026 1.2078443 1.4653145 0.4340768 0.9583171 1.0575584 0.8654743 0.8690736 0.6544388 0.8128423 0.8094610 0.8942334 0.8631743 0.8377778 1.0934692 0.9946181 0.9894790 0.7171906 0.7022614 0.4309844 0.7475104 0.7384495 0.0795046 0.0764540 0.0000000 0.0061917 0.1366023 0.0904643 0.0826228 0.9405255 1.0054988 0.6857625 0.9088138 0.8995811 0.8954989 0.8585612 0.8813115 0.7128999 0.7760099 1.0528498 0.9002228 0.7819474 0.8904728 0.8811170 1.0053645 0.9347101 0.8799264 0.8665845 0.9257442 0.7945265 0.9717047 1.1510953 1.1790748 1.2114743 1.1945172 1.1077149 1.2857073 1.2129990 1.1864085 1.2356862 1.1504599 1.7126354 0.9987391 1.6161195 1.9073437 1.3566581 1.4724216 1.3997219 1.6084452 1.3078713 1.7369364 1.4490400 1.2667861 1.3185078 1.2552160 1.2263900 0.9276439 1.3977174 1.2897706 1.7925654 2.8204574 2.8326566 2.7212951 2.8526831 2.8515731 2.8840295 2.8350510 3.2463806 2.1042976 2.5098657 2.9342810 2.7264684 3.4631551 
HoiH04_mRNA10394                                                  3.0052443 0.9510333 1.0992299 1.0946873 1.2272314 1.0854452 0.8785026 1.2012939 1.4333143 0.4340768 0.9599430 1.0538819 0.8553900 0.8704618 0.6593480 0.8143103 0.8109323 0.8957043 0.8625351 0.8377778 1.0884500 0.9898557 0.9845434 0.7191525 0.7022614 0.4309844 0.7527884 0.7417923 0.0808295 0.0770324 0.0061917 0.0000000 0.1364941 0.0904643 0.0801282 0.9345772 1.0007582 0.6845283 0.9012479 0.9030884 0.8989840 0.8566332 0.8790489 0.7128999 0.7697832 1.0477520 0.8961095 0.7819474 0.8864211 0.8811170 1.0054195 0.9303038 0.8799264 0.8665845 0.9215984 0.7929180 0.9717047 1.1454161 1.1707224 1.2026531 1.1858995 1.0989992 1.2710706 1.2129990 1.1864085 1.2356862 1.1504599 1.7126354 0.9987391 1.6161195 1.9073437 1.3454191 1.4724216 1.3920906 1.5965941 1.2992799 1.7181375 1.4388395 1.2625277 1.3109374 1.2624400 1.2263900 0.9248506 1.3888009 1.2897706 1.7871168 2.8204574 2.8326566 2.7212951 2.8526831 2.8515731 2.8840295 2.8350510 3.2237788 2.1042976 2.5098657 2.9239777 2.7264684 3.4696896 
TrH2_TrispH2_000757-RA                                            3.0361082 0.9238649 1.0742485 1.0757289 1.2119552 1.0776307 0.8683938 1.1860691 1.4734758 0.4551631 0.9557623 1.0937477 0.8110974 0.8448325 0.6453657 0.8003639 0.7826318 0.8700568 0.8373113 0.7942167 1.0354444 0.9796922 0.9826509 0.7184588 0.7986914 0.4787871 0.7376683 0.7520097 0.1375620 0.1314560 0.1366023 0.1364941 0.0000000 0.0000010 0.0939578 0.9092141 0.9750082 0.6454986 0.8863864 0.8784169 0.8927460 0.8253940 0.8902512 0.7340376 0.7402984 1.0223599 0.8388683 0.7658119 0.8671028 0.9190124 1.0087520 0.8724480 0.9344542 0.8884981 0.8896496 0.7673378 0.9298217 1.1618404 1.1381729 1.1616811 1.1444583 1.0949324 1.3101602 1.1879848 1.1071871 1.2905692 1.2395223 1.7702867 1.0168434 1.7258498 1.9296438 1.3692094 1.4485062 1.4227373 1.6308983 1.3093168 1.6863652 1.4592874 1.2664998 1.3433327 1.2966259 1.2556242 0.9491319 1.4268693 1.1794590 1.7054796 2.7999700 2.8058807 2.6587752 2.9162967 2.9169135 2.9410545 2.8460212 3.2272995 2.2474344 2.6656580 3.0833811 2.6999543 3.4648295 
Tadh_TriadT30594                                                  2.6883576 0.7485867 0.8535024 0.8376359 1.0212512 1.0213746 0.8683938 0.9967130 1.0699543 0.4551631 0.7556898 0.8791201 0.6403397 0.7019843 0.6254238 0.6478012 0.6389123 0.6730291 0.6701467 0.7942167 0.7852844 0.7917248 0.8092861 0.6428033 0.7986914 0.4787871 0.6639673 0.6913759 0.1063793 0.0927545 0.0904643 0.0904643 0.0000010 0.0000000 0.0791378 0.7530554 0.8211176 0.5374194 0.7280636 0.7192176 0.7293921 0.6581916 0.7659500 0.6317835 0.5636585 0.8408634 0.6972443 0.7315674 0.7403274 0.8856977 0.9150437 0.7396190 0.9344542 0.8738032 0.7692208 0.6889436 0.8401109 1.0103392 1.0053088 1.0187702 0.9718836 0.9031037 0.9446733 1.0682476 1.1071871 1.2589565 1.2395223 1.6154892 0.9796020 1.4620744 1.1021957 1.0990029 0.8761505 1.0861726 1.3043139 1.0656686 1.3809782 1.1629223 1.0171839 1.1240879 1.0865755 0.9154807 0.7857205 1.2376641 1.1802270 1.6179531 2.7999700 2.8058807 2.6587752 2.9032253 2.9456439 2.8255642 2.7526656 3.0121954 2.1985214 2.6518021 3.0203121 2.6950880 3.3320334 
HoiH11_mRNA8702                                                   2.7452625 0.9334892 0.9889081 0.9924338 1.0773397 1.0496047 0.7754274 1.0269912 1.1706881 0.4820035 0.8318084 0.8339566 0.7037642 0.7275663 0.6491264 0.6817363 0.6796743 0.7516402 0.7337257 0.7993271 0.8652309 0.8221806 0.8492729 0.6844001 0.7625260 0.4975476 0.7568551 0.7016658 0.0964667 0.0791634 0.0826228 0.0801282 0.0939578 0.0791378 0.0000000 0.7731467 0.8477744 0.5643353 0.7653119 0.7497701 0.7498688 0.7575198 0.8632569 0.7028632 0.6644455 0.9369899 0.7425723 0.7778104 0.7613486 0.8956631 0.9305690 0.7945591 0.8853299 0.8593135 0.8018001 0.7258568 0.9424708 1.0322361 1.0992271 1.0719531 1.0438358 0.9263666 0.8353953 1.2062191 1.0943411 1.2302574 1.2325380 1.7144932 0.9211007 1.6754737 1.9325707 1.1818030 1.4875794 1.1965806 1.4105608 1.1154336 1.3505826 1.2117001 1.0710734 1.1061320 1.0833404 1.1614640 0.7717307 1.2246143 1.2340648 1.6492912 2.6993186 2.7128731 2.5869799 2.7760615 2.7825229 2.8054380 2.7380995 2.9612809 2.2249540 2.5336251 2.8912746 2.6751624 3.4473204 
Nvec_v1g123420                                                    2.1679111 0.9100649 1.0243160 0.9497469 1.1121615 0.9869858 0.7690671 1.0344011 1.3923727 0.3341497 0.9264535 1.0561394 0.8873484 0.4500156 0.3643045 0.3707216 0.3800507 0.3512892 0.3698784 0.8696172 0.9605555 0.9163174 0.9838555 0.8151286 0.7406343 0.4212119 0.7688653 0.7349180 0.8762528 0.8969384 0.9405255 0.9345772 0.9092141 0.7530554 0.7731467 0.0000000 0.3552125 0.6918852 0.8501021 0.8218902 0.8645048 0.7358583 0.8609818 0.7316099 0.7474858 1.0597622 0.7067178 0.7048066 0.7428857 0.7982352 0.9258295 0.8057777 0.9775232 1.0628813 0.8335203 0.7706735 1.0445351 1.2285667 1.2330613 1.1007656 1.0198802 1.1685097 1.1879314 0.9552557 1.2163271 1.6464746 1.4933622 2.2908620 1.2995801 2.7788854 1.3420996 1.2472006 0.0000010 1.2365472 1.2417955 1.3376718 1.5277985 1.4021284 1.2832673 1.2864522 1.2770175 0.0000010 1.1285508 1.0061985 1.3265953 1.9316708 3.1765609 3.1441138 3.1464038 2.9174137 3.1034689 3.1456604 3.2682441 3.0955208 3.4205634 3.2681645 2.8898623 2.3422732 2.2194450 
Exapal_XM_021043599.2                                             2.7546750 0.9618119 1.0782065 1.1173907 1.1738931 1.0901068 0.8928262 1.1054357 1.4547901 0.4944929 0.9020039 1.0135124 0.9057601 0.5448159 0.4655388 0.5090735 0.5102029 0.4840222 0.5047952 0.9583681 1.0052894 0.9438483 0.9883913 0.8573760 0.8956116 0.7002293 0.9250752 0.8476388 0.9343487 0.9411752 1.0054988 1.0007582 0.9750082 0.8211176 0.8477744 0.3552125 0.0000000 0.7766467 0.8843034 0.9006175 0.9520307 0.8434888 0.9120544 0.8663254 0.7404094 1.0163447 0.7140279 0.7233903 0.7294090 0.9239924 1.0187560 0.9618238 1.0037478 1.0548167 0.9209509 0.8181384 0.9486897 1.1087742 1.2979149 1.2597173 1.1934135 1.1919877 1.1505654 1.1750832 1.0565730 1.4486551 1.5877753 1.8618301 1.2790315 1.6957859 1.3644945 1.2725097 1.1552454 1.3469550 1.4722605 1.1847291 1.4716642 1.3515637 1.2531874 1.2296895 1.1549399 0.9638920 1.0783273 1.2892963 1.3599281 1.8134537 2.8196765 2.8373147 2.9145711 2.8116427 3.0626249 2.8128134 2.8260112 3.0267602 2.0278206 2.6891021 2.8129030 2.4243288 3.2516713 
