56
Lcom_lcpid27707                                    0.0000000 0.5600010 1.4227821 1.4703661 1.3185115 1.3564100 1.3466764 1.3572251 1.3673520 1.3979319 1.2923772 1.3061303 0.5313103 1.4348522 1.7399904 1.2476356 1.5689259 1.5360626 1.5865969 1.6033502 1.5704197 0.8985774 1.5780285 1.5544063 1.7818398 1.6186795 1.5935656 1.6034823 1.5193983 1.6315299 1.6139718 1.5755938 1.6679582 1.6112685 1.4599665 1.9368443 1.5923386 1.7121008 2.4232279 2.3408316 2.2889437 2.1938363 2.8754323 2.2975913 2.3428172 2.5990005 2.5576593 2.4497634 2.6095877 2.7840614 1.1418120 2.4827454 2.7662299 2.4298835 2.1776347 2.3743060 
Clacor_Ccor_scaffold12373_01                       0.5600010 0.0000000 0.9367847 1.0304525 0.8284420 0.8387509 0.8743707 0.8803610 0.8819995 0.9176184 0.9159068 0.9710113 0.3143874 0.8588556 0.7576613 0.8748798 1.1689178 1.1214350 1.1347550 1.1752663 1.2463079 0.8757928 1.1698480 1.0191566 1.0721408 1.0417325 1.0028219 0.9943316 0.8157422 1.0966242 1.0141473 0.9956273 1.3100473 1.2640619 1.0538049 1.3100991 1.0079624 1.2267913 1.8398602 1.6170043 1.4556250 1.5478008 1.7432808 1.3903662 1.4955776 0.9146422 1.6962063 1.6594366 1.7654316 1.6471169 0.8646099 1.9629229 1.8263968 2.0343382 1.5136684 2.7137687 
Cgig_XM_011455266.3                                1.4227821 0.9367847 0.0000000 0.5121489 0.6663032 0.6859153 0.7526568 0.7369491 0.7264892 0.7536345 0.7147429 0.7119946 0.4119500 0.8310490 0.9338871 0.6861324 1.1957077 1.1257238 1.1059701 1.1192119 1.1228186 0.5150491 1.1098625 0.7795290 1.0925718 1.1110678 1.1266400 0.9534643 0.5975071 0.9143862 0.8164438 0.8530959 0.8336909 0.8357254 0.8050556 1.2457629 1.0200725 0.9752678 1.7957065 1.5408147 1.4163168 1.4723925 1.7854358 1.7516964 1.7259019 1.7880263 1.9662545 1.8906135 2.3643459 2.2709523 0.9748543 1.8688569 2.3654270 1.7571829 1.2791752 1.5045296 
Acagra_model.g5122.t1                              1.4703661 1.0304525 0.5121489 0.0000000 0.6956154 0.7001538 0.8399428 0.8305199 0.7747566 0.7950588 0.7589454 0.8963622 0.5714636 0.9529974 0.9961717 0.7249863 1.2573190 1.1355056 1.1960816 1.1951814 1.1329599 0.5873148 1.1549965 0.9163162 1.2773673 1.3093067 1.3699405 1.2001925 0.6171678 1.0235750 0.9036006 0.9124285 0.8982638 0.9318294 0.9207512 1.3814103 1.0033300 1.0451236 2.2022497 2.0425599 2.0657713 2.0063226 2.1668177 2.1859499 2.1738700 2.1920842 2.4258381 2.2867281 2.5580066 2.7641641 0.9509338 2.3896650 2.6690333 2.3692214 1.4557287 1.7953244 
Fspp_ffun1.m4.12554.m1                             1.3185115 0.8284420 0.6663032 0.6956154 0.0000000 0.0580533 0.0577103 0.0540186 0.0866997 0.0969178 0.2234732 0.3073516 0.0422834 0.4762243 0.2599883 0.6132569 0.9429104 0.9322868 0.9471472 0.9681749 0.9137551 0.4788173 0.9111247 0.7452077 0.9737995 0.9801778 0.9498521 0.8912611 0.5009999 0.9770296 0.8962377 0.9252078 0.9257708 0.9643635 0.9387894 1.1035799 1.0895742 0.9523084 1.8271619 1.5967689 1.6010068 1.5270636 1.7752357 1.8203821 1.7006109 1.5355566 2.2363468 2.0794888 2.1513297 2.2411032 0.6681520 2.1001551 2.2838401 1.9408117 1.0228757 1.5687849 
Gasp_gasp1.m3.2538.m1                              1.3564100 0.8387509 0.6859153 0.7001538 0.0580533 0.0000000 0.0609785 0.0573056 0.0871929 0.0941319 0.2341378 0.3095868 0.0395454 0.4799645 0.2861466 0.6365919 0.9529286 0.9423153 0.9667332 0.9879849 0.9599570 0.4735229 0.9304448 0.7501932 0.9626044 0.9656459 0.9446026 0.8634652 0.5024596 0.9786658 0.8950915 0.9586774 0.9091954 0.9765160 0.9692725 1.0774592 1.1059509 0.9613138 1.8541638 1.5840162 1.5275938 1.4685974 1.7649320 1.7764328 1.6521200 1.5716060 2.2833711 2.1869117 2.2627744 2.3277773 0.7268643 2.1823838 2.3526365 2.0596875 1.0499674 1.6292713 
Spis_XP_022801714_1                                1.3466764 0.8743707 0.7526568 0.8399428 0.0577103 0.0609785 0.0000000 0.0096969 0.0820038 0.0855910 0.2827588 0.3541416 0.2236153 0.5139845 0.2649138 0.7027366 1.0083894 0.9116507 1.0297326 0.9936732 0.9295750 0.4735229 0.9361528 0.8459220 0.9920787 0.9840001 0.9580077 0.9078123 0.6170386 1.0529313 0.9637143 0.9839121 0.9978293 1.0824619 0.9906154 1.1193747 1.1914902 1.0222603 1.8249547 1.7577981 1.6821834 1.6061646 1.7915754 1.9357757 1.7910309 1.5494135 2.1984251 2.2914215 2.3184025 2.4094388 1.0089289 2.2335573 2.7024871 2.0460634 1.0340413 1.6775491 
Pocdam_XM_027182248.1                              1.3572251 0.8803610 0.7369491 0.8305199 0.0540186 0.0573056 0.0096969 0.0000000 0.0892204 0.0893464 0.2758778 0.3467056 0.2236153 0.5133391 0.2739214 0.6942096 1.0240403 0.9266799 1.0440216 1.0077754 0.9431735 0.4735229 0.9492635 0.8540064 0.9965990 0.9904000 0.9642679 0.9129455 0.6104351 1.0634651 0.9781102 0.9974931 0.9908353 1.0764178 0.9939552 1.1129747 1.2100321 1.0349937 1.8329754 1.7636658 1.7043232 1.6153072 1.8056808 1.9448911 1.7985481 1.5583625 2.1767302 2.2819240 2.3387729 2.4267357 1.0089289 2.2522953 2.7024871 2.0578811 1.0415596 1.6850265 
Amil_Amillepora10451-RA                            1.3673520 0.8819995 0.7264892 0.7747566 0.0866997 0.0871929 0.0820038 0.0892204 0.0000000 0.0595382 0.2393840 0.3337865 0.2161205 0.5052071 0.1634253 0.7268143 1.0042324 0.9148752 1.0067156 0.9741410 0.8996434 0.4735229 0.9205117 0.8117403 1.0141332 0.9749157 0.9470484 0.8818065 0.5817387 1.0378455 0.9255772 0.9396713 0.8940163 0.9851535 0.8982191 0.9734077 1.1900655 1.0382680 1.7402191 1.6834405 1.5555061 1.5563673 1.7656412 1.7126584 1.6820323 1.3949187 2.1745653 2.1240072 2.2158093 2.2673319 0.9374278 2.1435359 2.4351671 1.9459157 0.8983110 1.4895704 
Gfas_gfas1.m1.2507.m1                              1.3979319 0.9176184 0.7536345 0.7950588 0.0969178 0.0941319 0.0855910 0.0893464 0.0595382 0.0000000 0.2689555 0.3352817 0.1977495 0.5305404 0.2227527 0.7440457 1.0292059 0.9425849 1.0122119 0.9670277 0.9177684 0.4735229 0.9335036 0.8322315 1.0685724 1.0073775 0.9674021 0.8970519 0.5908061 1.0222660 0.9412806 0.9386415 0.9350513 1.0356793 0.9675738 1.0811795 1.1639871 1.0156150 1.8183747 1.7178925 1.6736288 1.5918271 1.7978514 1.8970910 1.7712903 1.5791626 2.3374565 2.2723150 2.3047227 2.3383677 0.9677928 2.2620215 2.7028636 2.0876692 1.0457695 1.5545202 
Nvec_v1g157648                                     1.2923772 0.9159068 0.7147429 0.7589454 0.2234732 0.2341378 0.2827588 0.2758778 0.2393840 0.2689555 0.0000000 0.2176826 0.0467374 0.4129719 0.4296675 0.6321465 0.9867690 0.8883343 0.9781974 0.9499372 0.8815916 0.4517432 0.9036144 0.8581827 0.9403835 0.9601752 0.9407187 0.8401562 0.6423733 1.0092037 0.9004630 0.8976071 0.9268929 0.9322737 0.9226096 1.0707418 1.0916020 0.9680437 1.7389809 1.5980647 1.5555494 1.6775657 1.7046694 1.7700847 1.7473153 1.5370127 2.1044874 2.1097353 1.8853955 2.0686152 0.9677108 2.1836210 2.4369310 1.9610254 0.8261564 1.5607545 
Exapal_XM_021052896.2                              1.3061303 0.9710113 0.7119946 0.8963622 0.3073516 0.3095868 0.3541416 0.3467056 0.3337865 0.3352817 0.2176826 0.0000000 0.1312208 0.4942206 0.5930878 0.7076773 1.0352147 0.9512494 1.0328844 0.9904236 0.9714862 0.4686722 0.9877506 0.8505859 0.9433483 0.9627072 0.9373478 0.8966269 0.6983191 0.9892231 0.9608279 1.1570876 0.8764726 0.9336196 1.0216650 1.0807404 1.1399499 1.0184611 1.7517741 1.6305973 1.6010106 1.6130845 1.6665963 1.8771790 1.7902028 1.6635684 2.4020130 2.3658110 2.0392338 2.1254649 1.0317162 2.1239320 2.8172914 2.0345704 0.9164865 1.5381171 
Nvec_NVE7389                                       0.5313103 0.3143874 0.4119500 0.5714636 0.0422834 0.0395454 0.2236153 0.2236153 0.2161205 0.1977495 0.0467374 0.1312208 0.0000000 0.2014199 0.0632442 0.3673441 0.6469022 0.3421496 0.6651387 0.4777397 0.5329633 0.3806429 0.5038889 0.4867337 0.3193308 0.3370166 0.3370166 0.3557340 0.4979924 0.4189940 0.4782892 0.3585053 0.4154824 0.3855118 0.3707629 0.3383257 0.7465604 0.7465604 0.3344388 0.8522158 0.7363500 0.7872565 0.7711451 0.9566923 0.9566923 0.2457474 0.4812037 0.8938360 0.8818461 1.0037462 1.1259806 0.9179578 1.0934079 0.6688143 0.6115650 0.0000010 
Dgig_XM_028543937.1                                1.4348522 0.8588556 0.8310490 0.9529974 0.4762243 0.4799645 0.5139845 0.5133391 0.5052071 0.5305404 0.4129719 0.4942206 0.2014199 0.0000000 0.7069960 0.7778842 1.0668983 0.9852471 1.1001658 1.0612159 0.9916345 0.4641483 1.0009815 1.0106402 1.0726511 0.9885178 0.9629286 0.9859376 0.7317273 1.1363287 0.9502628 1.0848446 1.0396263 1.0365900 0.9423062 1.1347606 1.2158604 1.1243819 1.9562996 1.9196206 1.8269398 1.9292881 1.9449037 2.1045290 1.9619355 1.3789420 2.3574071 2.2265313 2.0260296 2.4111257 0.9326646 2.0034645 2.4310478 2.3056185 0.5806536 1.5929893 
Adig_XM_015909848.1                                1.7399904 0.7576613 0.9338871 0.9961717 0.2599883 0.2861466 0.2649138 0.2739214 0.1634253 0.2227527 0.4296675 0.5930878 0.0632442 0.7069960 0.0000000 0.9342347 1.2969070 1.2817135 1.2598484 1.2914101 1.2546252 0.4735229 1.2226019 1.0602436 1.3614538 1.2905961 1.2233363 1.1881929 0.7367216 1.2716423 1.1261950 1.1396092 1.1771361 1.2159944 1.2275517 1.3406496 1.3547087 1.2860337 2.2981197 1.9207542 1.7647553 1.7483317 2.1832809 2.2558057 2.0591485 1.8239539 3.0411812 2.6221480 2.3658658 2.3213303 0.7605102 2.5265007 2.2231008 2.6951991 1.5831380 2.3123881 
Skow_XM_006816506.1                                1.2476356 0.8748798 0.6861324 0.7249863 0.6132569 0.6365919 0.7027366 0.6942096 0.7268143 0.7440457 0.6321465 0.7076773 0.3673441 0.7778842 0.9342347 0.0000000 0.9862563 0.9162481 0.9897694 0.9479512 0.8787470 0.4145256 0.9081341 0.7274778 1.1077084 1.0510556 1.0405076 0.8962195 0.5794095 0.8984152 0.8880753 0.9284242 0.8062621 0.8547862 0.7601842 1.0448655 1.0770070 0.9698090 1.7675803 1.6698386 1.6448411 1.6719306 1.9354965 1.9431875 1.8690863 1.6883236 2.2380838 2.0222725 2.1396702 2.2113697 0.8613987 2.1168371 2.6821192 1.9979703 1.4339159 1.6726079 
Hhon_g07320.t1                                     1.5689259 1.1689178 1.1957077 1.2573190 0.9429104 0.9529286 1.0083894 1.0240403 1.0042324 1.0292059 0.9867690 1.0352147 0.6469022 1.0668983 1.2969070 0.9862563 0.0000000 0.0033272 0.0733639 0.0625153 0.1811195 0.1448356 0.1030972 1.1833316 1.3508407 1.3534776 1.3287006 1.3322198 1.1918899 1.4247888 1.3721650 1.2478610 1.1937086 1.2670822 1.4869101 1.3651871 1.2613959 1.2287580 2.1883538 2.0148904 1.8787591 1.8913109 2.2467353 2.2698797 2.0692932 2.0958692 2.5679624 2.4222059 2.4213072 2.6669989 1.1530052 2.3597290 3.2868103 1.9389453 1.6405572 2.1337548 
HoiH04_mRNA8911                                    1.5360626 1.1214350 1.1257238 1.1355056 0.9322868 0.9423153 0.9116507 0.9266799 0.9148752 0.9425849 0.8883343 0.9512494 0.3421496 0.9852471 1.2817135 0.9162481 0.0033272 0.0000000 0.0635979 0.0677580 0.1767309 0.1448356 0.1097075 1.1443918 1.2898095 1.2758305 1.2506112 1.2355746 1.1471260 1.3913014 1.2941722 1.1957767 1.1741858 1.2097941 1.4529487 1.2959169 1.2021672 1.1842260 2.1883538 1.9179724 1.7708054 1.8284814 2.2467353 2.1254731 1.9460403 1.9894415 2.5960202 2.3807094 2.4188023 2.6253119 0.9622607 2.3247487 2.9480137 1.8906821 1.6641293 2.1582339 
HoiH23_PlH23_007329-RA                             1.5865969 1.1347550 1.1059701 1.1960816 0.9471472 0.9667332 1.0297326 1.0440216 1.0067156 1.0122119 0.9781974 1.0328844 0.6651387 1.1001658 1.2598484 0.9897694 0.0733639 0.0635979 0.0000000 0.0369761 0.1888867 0.1354475 0.1009811 1.1865283 1.3195437 1.3185208 1.3063616 1.2641724 1.1996431 1.4458204 1.3031808 1.2395293 1.2065884 1.2195260 1.4293862 1.3477462 1.3553283 1.3123401 2.1878518 2.0346845 1.8866876 1.8708073 2.2527691 2.1704091 1.9927026 1.9039299 2.5341897 2.3742492 2.4112293 2.5794847 1.1946604 2.2182464 2.9028446 1.8758722 1.6366907 2.1905396 
HoiH06_mRNA677                                     1.6033502 1.1752663 1.1192119 1.1951814 0.9681749 0.9879849 0.9936732 1.0077754 0.9741410 0.9670277 0.9499372 0.9904236 0.4777397 1.0612159 1.2914101 0.9479512 0.0625153 0.0677580 0.0369761 0.0000000 0.2023753 0.1434769 0.1107546 1.2097862 1.3062610 1.3215299 1.2969979 1.2711619 1.2022379 1.4192497 1.3008620 1.2343591 1.2108305 1.2406712 1.4624935 1.3314311 1.3600794 1.3256227 2.1432274 1.9476930 1.7920171 1.8282933 2.2581317 2.1360716 1.9491352 1.9254648 2.6372732 2.3914605 2.3962158 2.5525065 1.0822640 2.2764548 3.0572608 1.9450111 1.6823088 2.2009131 
TrH2_TrispH2_003353-RA                             1.5704197 1.2463079 1.1228186 1.1329599 0.9137551 0.9599570 0.9295750 0.9431735 0.8996434 0.9177684 0.8815916 0.9714862 0.5329633 0.9916345 1.2546252 0.8787470 0.1811195 0.1767309 0.1888867 0.2023753 0.0000000 0.0617122 0.1769417 1.1829181 1.3741814 1.3207528 1.3213843 1.3021851 1.1175306 1.4412361 1.2219374 1.2603792 1.2304480 1.2469960 1.4267378 1.4197716 1.3224438 1.2286616 2.0782842 1.8454402 1.7946034 1.8196647 2.1942908 2.0896570 1.9202361 2.1026340 2.5867256 2.3527086 2.5393862 2.6911564 0.9046176 2.2658451 2.7760028 2.0436457 1.5959157 2.2624287 
Tadh_TriadT19102                                   0.8985774 0.8757928 0.5150491 0.5873148 0.4788173 0.4735229 0.4735229 0.4735229 0.4735229 0.4735229 0.4517432 0.4686722 0.3806429 0.4641483 0.4735229 0.4145256 0.1448356 0.1448356 0.1354475 0.1434769 0.0617122 0.0000000 0.1762500 0.4973588 0.5569454 0.5862622 0.5720615 0.5776563 0.4862228 0.6634613 0.5621004 0.5238044 0.5947273 0.6157606 0.6429357 0.6970444 0.7616655 0.7616655 0.7382822 0.7427498 0.7160414 0.7809449 0.9492400 0.9370332 1.0109807 0.5297791 1.1741746 0.9744359 0.9479778 0.8732497 0.5980079 1.0514747 1.5794235 1.0316871 0.6121959 1.1972130 
HoiH11_mRNA7914                                    1.5780285 1.1698480 1.1098625 1.1549965 0.9111247 0.9304448 0.9361528 0.9492635 0.9205117 0.9335036 0.9036144 0.9877506 0.5038889 1.0009815 1.2226019 0.9081341 0.1030972 0.1097075 0.1009811 0.1107546 0.1769417 0.1762500 0.0000000 1.1387109 1.3464952 1.3282297 1.3149408 1.3218753 1.1646111 1.3598231 1.2166836 1.1998542 1.2509763 1.2489274 1.3872731 1.3706590 1.3470343 1.3061083 2.1014693 2.0330586 1.8932641 1.9413607 2.3421243 2.2387304 2.0308646 2.0042301 2.6914887 2.4289726 2.4107336 2.6228578 1.0590370 2.2925841 3.1814687 2.0117018 1.6177261 2.2772875 
Cscu_XM_023382925.1                                1.5544063 1.0191566 0.7795290 0.9163162 0.7452077 0.7501932 0.8459220 0.8540064 0.8117403 0.8322315 0.8581827 0.8505859 0.4867337 1.0106402 1.0602436 0.7274778 1.1833316 1.1443918 1.1865283 1.2097862 1.1829181 0.4973588 1.1387109 0.0000000 1.2860472 1.3176094 1.2837721 1.2153303 0.8090317 1.0011273 1.0461245 1.1547738 0.8385982 0.8974828 0.9632798 1.4975542 0.7341461 0.7280747 2.2840715 1.8140611 1.9718980 1.9819399 2.1776978 2.1491311 2.1362080 1.8806058 2.3813575 2.1746063 2.2338226 2.1994589 0.8558247 2.1155859 2.6970413 2.2152208 1.5137443 2.1597499 
Sanmal_Sma_022726-T1                               1.7818398 1.0721408 1.0925718 1.2773673 0.9737995 0.9626044 0.9920787 0.9965990 1.0141332 1.0685724 0.9403835 0.9433483 0.3193308 1.0726511 1.3614538 1.1077084 1.3508407 1.2898095 1.3195437 1.3062610 1.3741814 0.5569454 1.3464952 1.2860472 0.0000000 0.4514600 0.4127134 0.4083803 1.0847857 1.4647882 1.3471678 1.3421661 1.4489824 1.4379045 1.4105552 1.0505194 1.7137558 1.5670915 2.0725182 2.1238889 1.8715029 1.8722692 2.2379396 2.1560228 2.0561355 1.9083197 2.6702556 2.5722011 2.4412435 2.5936073 1.0129187 2.2194656 2.4244437 2.0247328 1.6834754 1.4963930 
Nemnom_g1631.t1                                    1.6186795 1.0417325 1.1110678 1.3093067 0.9801778 0.9656459 0.9840001 0.9904000 0.9749157 1.0073775 0.9601752 0.9627072 0.3370166 0.9885178 1.2905961 1.0510556 1.3534776 1.2758305 1.3185208 1.3215299 1.3207528 0.5862622 1.3282297 1.3176094 0.4514600 0.0000000 0.1014778 0.2959813 1.0500226 1.3695260 1.2848520 1.3540859 1.4165701 1.3178680 1.4203939 1.0739069 1.5171218 1.3969343 2.6308128 2.5574105 2.1391943 2.0134496 2.4234670 2.3138348 2.1698037 1.6780785 2.7394129 2.4718416 2.0133688 2.2914209 0.9631556 1.8960243 2.3867728 2.2686240 1.4205429 1.4855796 
Rhoesc_Res_004015-T1                               1.5935656 1.0028219 1.1266400 1.3699405 0.9498521 0.9446026 0.9580077 0.9642679 0.9470484 0.9674021 0.9407187 0.9373478 0.3370166 0.9629286 1.2233363 1.0405076 1.3287006 1.2506112 1.3063616 1.2969979 1.3213843 0.5720615 1.3149408 1.2837721 0.4127134 0.1014778 0.0000000 0.2649585 1.0802576 1.3716661 1.3367234 1.3224262 1.4467284 1.3563934 1.3684090 1.0722454 1.5223229 1.3673490 2.5492516 2.4607478 2.0751201 2.0085012 2.4278413 2.3314022 2.1895104 1.6177328 2.7010243 2.4479332 2.0579214 2.2538727 0.9668124 1.8458256 2.4914459 2.2318282 1.4008031 1.3830866 
Aaur_scaffold2.g52.t1                              1.6034823 0.9943316 0.9534643 1.2001925 0.8912611 0.8634652 0.9078123 0.9129455 0.8818065 0.8970519 0.8401562 0.8966269 0.3557340 0.9859376 1.1881929 0.8962195 1.3322198 1.2355746 1.2641724 1.2711619 1.3021851 0.5776563 1.3218753 1.2153303 0.4083803 0.2959813 0.2649585 0.0000000 0.9694088 1.3553420 1.2810908 1.1941803 1.3947149 1.1753605 1.2132857 1.0563140 1.3966081 1.2668137 2.2388989 2.2211242 1.8924335 1.9473611 2.1869954 2.0495646 1.9688636 1.8183941 2.6864018 2.5650728 2.2274606 2.3585106 1.0559949 1.8677944 2.6557973 2.1734234 1.4316709 1.3574050 
Bralan_BLAG08001090_1                              1.5193983 0.8157422 0.5975071 0.6171678 0.5009999 0.5024596 0.6170386 0.6104351 0.5817387 0.5908061 0.6423733 0.6983191 0.4979924 0.7317273 0.7367216 0.5794095 1.1918899 1.1471260 1.1996431 1.2022379 1.1175306 0.4862228 1.1646111 0.8090317 1.0847857 1.0500226 1.0802576 0.9694088 0.0000000 0.8377857 0.7511571 0.6989292 0.8257136 0.7806585 0.8228287 1.0776095 0.8638753 0.8554229 1.7179866 1.6482723 1.8403431 1.8230299 1.9468666 1.9016197 1.7603603 1.7500762 2.0157094 1.8540028 2.5041985 2.5357599 0.9908262 2.1283455 2.2357938 2.0225115 1.1054676 1.7217375 
Spur_XM_030993380.1                                1.6315299 1.0966242 0.9143862 1.0235750 0.9770296 0.9786658 1.0529313 1.0634651 1.0378455 1.0222660 1.0092037 0.9892231 0.4189940 1.1363287 1.2716423 0.8984152 1.4247888 1.3913014 1.4458204 1.4192497 1.4412361 0.6634613 1.3598231 1.0011273 1.4647882 1.3695260 1.3716661 1.3553420 0.8377857 0.0000000 1.1641054 1.1621998 0.9713242 1.0210481 1.0392076 1.3562576 1.3463347 1.2232250 2.5446843 2.2754674 2.2339054 2.1358476 2.2018840 2.2119140 2.1352334 1.8312281 2.5962813 2.2165079 2.6409367 2.4658775 0.8252535 2.0689141 2.8366343 2.2674361 1.5000953 2.5174213 
Hsap_ENST00000367510                               1.6139718 1.0141473 0.8164438 0.9036006 0.8962377 0.8950915 0.9637143 0.9781102 0.9255772 0.9412806 0.9004630 0.9608279 0.4782892 0.9502628 1.1261950 0.8880753 1.3721650 1.2941722 1.3031808 1.3008620 1.2219374 0.5621004 1.2166836 1.0461245 1.3471678 1.2848520 1.3367234 1.2810908 0.7511571 1.1641054 0.0000000 0.7431756 1.1230659 1.0939392 0.9968525 1.3570568 1.3642585 1.2564895 2.0426582 2.0671487 1.9941801 2.1472508 2.3144097 2.3725548 2.2622694 1.8157951 2.3676223 2.1498966 2.3492120 2.2463625 0.9771308 2.4353151 2.8201916 2.0517628 1.3911725 1.9063322 
Hsap_ENST00000374656                               1.5755938 0.9956273 0.8530959 0.9124285 0.9252078 0.9586774 0.9839121 0.9974931 0.9396713 0.9386415 0.8976071 1.1570876 0.3585053 1.0848446 1.1396092 0.9284242 1.2478610 1.1957767 1.2395293 1.2343591 1.2603792 0.5238044 1.1998542 1.1547738 1.3421661 1.3540859 1.3224262 1.1941803 0.6989292 1.1621998 0.7431756 0.0000000 1.2118381 1.1062159 1.0005639 1.4073057 1.3344101 1.2465409 2.1120455 2.0027789 1.7098094 1.8337681 2.3716004 1.9623731 1.9477102 2.0538655 2.4141098 2.1039669 2.5286434 2.4269893 0.9679866 2.1514252 2.3359763 1.9223248 1.6180236 2.2823585 
Tcas_TC001392_001                                  1.6679582 1.3100473 0.8336909 0.8982638 0.9257708 0.9091954 0.9978293 0.9908353 0.8940163 0.9350513 0.9268929 0.8764726 0.4154824 1.0396263 1.1771361 0.8062621 1.1937086 1.1741858 1.2065884 1.2108305 1.2304480 0.5947273 1.2509763 0.8385982 1.4489824 1.4165701 1.4467284 1.3947149 0.8257136 0.9713242 1.1230659 1.2118381 0.0000000 0.5001702 1.0722588 1.4525820 1.0891676 1.0228200 2.3066363 1.8954431 1.9034104 1.9953818 2.1726998 2.1741110 2.0804012 1.8723016 2.3584785 2.1499098 2.5438384 2.6435988 1.0061876 2.1499210 2.6255792 2.2092012 1.6953343 2.1452032 
Dpul_mRNA1225                                      1.6112685 1.2640619 0.8357254 0.9318294 0.9643635 0.9765160 1.0824619 1.0764178 0.9851535 1.0356793 0.9322737 0.9336196 0.3855118 1.0365900 1.2159944 0.8547862 1.2670822 1.2097941 1.2195260 1.2406712 1.2469960 0.6157606 1.2489274 0.8974828 1.4379045 1.3178680 1.3563934 1.1753605 0.7806585 1.0210481 1.0939392 1.1062159 0.5001702 0.0000000 1.0602439 1.4345918 1.0758907 1.0378453 2.1795454 1.8791744 1.8764356 1.9481516 2.1380253 1.9791302 1.9551172 1.8758862 2.2491853 2.0221113 2.5128034 2.3452084 0.9676197 2.0525142 2.3414938 2.0221697 1.6658622 2.1161192 
Ctel_gnl_WGS_AMQN_CAPTEDRAFT_mRNA219532            1.4599665 1.0538049 0.8050556 0.9207512 0.9387894 0.9692725 0.9906154 0.9939552 0.8982191 0.9675738 0.9226096 1.0216650 0.3707629 0.9423062 1.2275517 0.7601842 1.4869101 1.4529487 1.4293862 1.4624935 1.4267378 0.6429357 1.3872731 0.9632798 1.4105552 1.4203939 1.3684090 1.2132857 0.8228287 1.0392076 0.9968525 1.0005639 1.0722588 1.0602439 0.0000000 1.3738597 1.1389933 1.1877988 2.4061388 2.0794950 1.9017647 1.9370765 2.1563031 2.0879090 2.1699699 1.7782576 2.4081446 2.2339673 2.6311118 2.4471711 0.8849512 2.2451753 2.7603077 1.9044314 1.4838830 2.3855991 
Chem_TCONS_00065514                                1.9368443 1.3100991 1.2457629 1.3814103 1.1035799 1.0774592 1.1193747 1.1129747 0.9734077 1.0811795 1.0707418 1.0807404 0.3383257 1.1347606 1.3406496 1.0448655 1.3651871 1.2959169 1.3477462 1.3314311 1.4197716 0.6970444 1.3706590 1.4975542 1.0505194 1.0739069 1.0722454 1.0563140 1.0776095 1.3562576 1.3570568 1.4073057 1.4525820 1.4345918 1.3738597 0.0000000 1.6485362 1.7399675 2.2049595 2.2756569 1.9980954 2.0355385 2.3609998 2.0394114 1.9860619 1.4628495 2.7320395 2.6264777 2.5508570 2.4488013 1.0935138 2.4499253 2.5730269 2.2001094 1.5737577 1.9905566 
Cscu_XM_023382249.1                                1.5923386 1.0079624 1.0200725 1.0033300 1.0895742 1.1059509 1.1914902 1.2100321 1.1900655 1.1639871 1.0916020 1.1399499 0.7465604 1.2158604 1.3547087 1.0770070 1.2613959 1.2021672 1.3553283 1.3600794 1.3224438 0.7616655 1.3470343 0.7341461 1.7137558 1.5171218 1.5223229 1.3966081 0.8638753 1.3463347 1.3642585 1.3344101 1.0891676 1.0758907 1.1389933 1.6485362 0.0000000 0.0272515 2.3251304 1.8568486 1.9299090 2.0527681 2.3000569 2.2403864 2.3556549 1.7463592 2.1787462 1.9741559 2.2306804 2.4425094 1.1365719 2.2355062 2.4380755 2.0708310 1.5422200 3.2341565 
Cscu_XM_023382252.1                                1.7121008 1.2267913 0.9752678 1.0451236 0.9523084 0.9613138 1.0222603 1.0349937 1.0382680 1.0156150 0.9680437 1.0184611 0.7465604 1.1243819 1.2860337 0.9698090 1.2287580 1.1842260 1.3123401 1.3256227 1.2286616 0.7616655 1.3061083 0.7280747 1.5670915 1.3969343 1.3673490 1.2668137 0.8554229 1.2232250 1.2564895 1.2465409 1.0228200 1.0378453 1.1877988 1.7399675 0.0272515 0.0000000 2.7525718 2.1858924 2.3439418 2.4366341 2.6816439 2.5733666 2.6694604 2.2899652 2.7239820 2.5495724 2.5907287 2.8113399 1.1059593 2.6476564 3.0058879 2.2426331 1.6934227 2.3151912 
Bolinf_Binf_sb1196534                              2.4232279 1.8398602 1.7957065 2.2022497 1.8271619 1.8541638 1.8249547 1.8329754 1.7402191 1.8183747 1.7389809 1.7517741 0.3344388 1.9562996 2.2981197 1.7675803 2.1883538 2.1883538 2.1878518 2.1432274 2.0782842 0.7382822 2.1014693 2.2840715 2.0725182 2.6308128 2.5492516 2.2388989 1.7179866 2.5446843 2.0426582 2.1120455 2.3066363 2.1795454 2.4061388 2.2049595 2.3251304 2.7525718 0.0000000 0.3266636 0.3335277 0.4368535 0.3570627 0.5382739 0.4302055 2.6015255 3.1746169 3.2898093 3.2506262 2.7163738 1.1575237 3.2898190 3.9891354 2.7477836 2.0215400 3.9516354 
Lampan_Lpan_3868_01                                2.3408316 1.6170043 1.5408147 2.0425599 1.5967689 1.5840162 1.7577981 1.7636658 1.6834405 1.7178925 1.5980647 1.6305973 0.8522158 1.9196206 1.9207542 1.6698386 2.0148904 1.9179724 2.0346845 1.9476930 1.8454402 0.7427498 2.0330586 1.8140611 2.1238889 2.5574105 2.4607478 2.2211242 1.6482723 2.2754674 2.0671487 2.0027789 1.8954431 1.8791744 2.0794950 2.2756569 1.8568486 2.1858924 0.3266636 0.0000000 0.4511761 0.4839478 0.5157134 0.6943658 0.5988857 2.0879303 2.9329042 2.6499951 2.8388366 2.7215594 1.2691640 2.7518902 2.9643661 2.7078829 2.4556930 4.3715988 
Coemet_Cmet_scaffold19948_01                       2.2889437 1.4556250 1.4163168 2.0657713 1.6010068 1.5275938 1.6821834 1.7043232 1.5555061 1.6736288 1.5555494 1.6010106 0.7363500 1.8269398 1.7647553 1.6448411 1.8787591 1.7708054 1.8866876 1.7920171 1.7946034 0.7160414 1.8932641 1.9718980 1.8715029 2.1391943 2.0751201 1.8924335 1.8403431 2.2339054 1.9941801 1.7098094 1.9034104 1.8764356 1.9017647 1.9980954 1.9299090 2.3439418 0.3335277 0.4511761 0.0000000 0.2294955 0.5626814 0.6849399 0.5897038 2.1854519 2.8315471 2.4717084 2.7386018 2.5098872 1.3242229 2.4908587 2.9458618 2.5113042 2.2582699 3.8164694 
Vmul_Simscaffold16090_01                           2.1938363 1.5478008 1.4723925 2.0063226 1.5270636 1.4685974 1.6061646 1.6153072 1.5563673 1.5918271 1.6775657 1.6130845 0.7872565 1.9292881 1.7483317 1.6719306 1.8913109 1.8284814 1.8708073 1.8282933 1.8196647 0.7809449 1.9413607 1.9819399 1.8722692 2.0134496 2.0085012 1.9473611 1.8230299 2.1358476 2.1472508 1.8337681 1.9953818 1.9481516 1.9370765 2.0355385 2.0527681 2.4366341 0.4368535 0.4839478 0.2294955 0.0000000 0.5955105 0.7005519 0.6024849 2.1576173 2.9570172 2.5328952 2.5924010 2.3897751 1.3369910 2.3399352 3.2547144 2.4879632 2.3933803 3.9389946 
Drygla_Dgla_sb293732                               2.8754323 1.7432808 1.7854358 2.1668177 1.7752357 1.7649320 1.7915754 1.8056808 1.7656412 1.7978514 1.7046694 1.6665963 0.7711451 1.9449037 2.1832809 1.9354965 2.2467353 2.2467353 2.2527691 2.2581317 2.1942908 0.9492400 2.3421243 2.1776978 2.2379396 2.4234670 2.4278413 2.1869954 1.9468666 2.2018840 2.3144097 2.3716004 2.1726998 2.1380253 2.1563031 2.3609998 2.3000569 2.6816439 0.3570627 0.5157134 0.5626814 0.5955105 0.0000000 0.5403997 0.4368895 2.7113375 3.2161390 3.1999788 2.9687401 2.4231895 1.1525923 3.4117055 3.4732364 3.2996613 2.2360644 4.5472622 
Pbac_sb2641398                                     2.2975913 1.3903662 1.7516964 2.1859499 1.8203821 1.7764328 1.9357757 1.9448911 1.7126584 1.8970910 1.7700847 1.8771790 0.9566923 2.1045290 2.2558057 1.9431875 2.2698797 2.1254731 2.1704091 2.1360716 2.0896570 0.9370332 2.2387304 2.1491311 2.1560228 2.3138348 2.3314022 2.0495646 1.9016197 2.2119140 2.3725548 1.9623731 2.1741110 1.9791302 2.0879090 2.0394114 2.2403864 2.5733666 0.5382739 0.6943658 0.6849399 0.7005519 0.5403997 0.0000000 0.0389914 2.2569626 2.9841428 2.7216021 3.1537779 2.8500010 1.3285486 3.0480720 2.9745838 2.0427382 2.6506740 4.1624786 
Horcal_Hcv1.av93.c10.g123.i1                       2.3428172 1.4955776 1.7259019 2.1738700 1.7006109 1.6521200 1.7910309 1.7985481 1.6820323 1.7712903 1.7473153 1.7902028 0.9566923 1.9619355 2.0591485 1.8690863 2.0692932 1.9460403 1.9927026 1.9491352 1.9202361 1.0109807 2.0308646 2.1362080 2.0561355 2.1698037 2.1895104 1.9688636 1.7603603 2.1352334 2.2622694 1.9477102 2.0804012 1.9551172 2.1699699 1.9860619 2.3556549 2.6694604 0.4302055 0.5988857 0.5897038 0.6024849 0.4368895 0.0389914 0.0000000 2.2748350 2.7796731 2.6340773 3.0438329 2.6726797 1.3088754 3.0685664 3.2404436 2.4985305 2.4406649 3.6656305 
Hvul_g7419_1                                       2.5990005 0.9146422 1.7880263 2.1920842 1.5355566 1.5716060 1.5494135 1.5583625 1.3949187 1.5791626 1.5370127 1.6635684 0.2457474 1.3789420 1.8239539 1.6883236 2.0958692 1.9894415 1.9039299 1.9254648 2.1026340 0.5297791 2.0042301 1.8806058 1.9083197 1.6780785 1.6177328 1.8183941 1.7500762 1.8312281 1.8157951 2.0538655 1.8723016 1.8758862 1.7782576 1.4628495 1.7463592 2.2899652 2.6015255 2.0879303 2.1854519 2.1576173 2.7113375 2.2569626 2.2748350 0.0000000 3.0746807 2.9162924 3.1230567 3.0666478 0.8479242 3.1182344 3.1850842 3.0261376 2.1792167 4.9459351 
Emue_Em0017g34a.t1                                 2.5576593 1.6962063 1.9662545 2.4258381 2.2363468 2.2833711 2.1984251 2.1767302 2.1745653 2.3374565 2.1044874 2.4020130 0.4812037 2.3574071 3.0411812 2.2380838 2.5679624 2.5960202 2.5341897 2.6372732 2.5867256 1.1741746 2.6914887 2.3813575 2.6702556 2.7394129 2.7010243 2.6864018 2.0157094 2.5962813 2.3676223 2.4141098 2.3584785 2.2491853 2.4081446 2.7320395 2.1787462 2.7239820 3.1746169 2.9329042 2.8315471 2.9570172 3.2161390 2.9841428 2.7796731 3.0746807 0.0000000 0.1560343 1.3506494 1.4693717 0.5434719 1.2093007 0.7965950 2.5411378 2.7054814 4.6797397 
Spolac_c99735_g1_i1_m.20454c99735-g1               2.4497634 1.6594366 1.8906135 2.2867281 2.0794888 2.1869117 2.2914215 2.2819240 2.1240072 2.2723150 2.1097353 2.3658110 0.8938360 2.2265313 2.6221480 2.0222725 2.4222059 2.3807094 2.3742492 2.3914605 2.3527086 0.9744359 2.4289726 2.1746063 2.5722011 2.4718416 2.4479332 2.5650728 1.8540028 2.2165079 2.1498966 2.1039669 2.1499098 2.0221113 2.2339673 2.6264777 1.9741559 2.5495724 3.2898093 2.6499951 2.4717084 2.5328952 3.1999788 2.7216021 2.6340773 2.9162924 0.1560343 0.0000000 1.4456582 1.4673912 0.5851812 1.2990254 1.0678641 2.5984313 2.7979707 4.6030031 
Aque_Aqu2.1.33463_001                              2.6095877 1.7654316 2.3643459 2.5580066 2.1513297 2.2627744 2.3184025 2.3387729 2.2158093 2.3047227 1.8853955 2.0392338 0.8818461 2.0260296 2.3658658 2.1396702 2.4213072 2.4188023 2.4112293 2.3962158 2.5393862 0.9479778 2.4107336 2.2338226 2.4412435 2.0133688 2.0579214 2.2274606 2.5041985 2.6409367 2.3492120 2.5286434 2.5438384 2.5128034 2.6311118 2.5508570 2.2306804 2.5907287 3.2506262 2.8388366 2.7386018 2.5924010 2.9687401 3.1537779 3.0438329 3.1230567 1.3506494 1.4456582 0.0000000 0.5769602 0.3864051 1.3295195 2.1667254 3.0894377 2.5221974 5.2549007 
Halamb_c27585_g1_i1m.5486                          2.7840614 1.6471169 2.2709523 2.7641641 2.2411032 2.3277773 2.4094388 2.4267357 2.2673319 2.3383677 2.0686152 2.1254649 1.0037462 2.4111257 2.3213303 2.2113697 2.6669989 2.6253119 2.5794847 2.5525065 2.6911564 0.8732497 2.6228578 2.1994589 2.5936073 2.2914209 2.2538727 2.3585106 2.5357599 2.4658775 2.2463625 2.4269893 2.6435988 2.3452084 2.4471711 2.4488013 2.4425094 2.8113399 2.7163738 2.7215594 2.5098872 2.3897751 2.4231895 2.8500010 2.6726797 3.0666478 1.4693717 1.4673912 0.5769602 0.0000000 0.3339603 1.4400646 2.2209653 3.3413585 2.8498646 6.0714357 
Xestes_maker-XT_scaffold3710-snap-gene-0.39-mRNA-1 1.1418120 0.8646099 0.9748543 0.9509338 0.6681520 0.7268643 1.0089289 1.0089289 0.9374278 0.9677928 0.9677108 1.0317162 1.1259806 0.9326646 0.7605102 0.8613987 1.1530052 0.9622607 1.1946604 1.0822640 0.9046176 0.5980079 1.0590370 0.8558247 1.0129187 0.9631556 0.9668124 1.0559949 0.9908262 0.8252535 0.9771308 0.9679866 1.0061876 0.9676197 0.8849512 1.0935138 1.1365719 1.1059593 1.1575237 1.2691640 1.3242229 1.3369910 1.1525923 1.3285486 1.3088754 0.8479242 0.5434719 0.5851812 0.3864051 0.3339603 0.0000000 0.6333635 0.7655098 1.3069758 0.8533032 2.3159855 
Tetwil_g26990.t1                                   2.4827454 1.9629229 1.8688569 2.3896650 2.1001551 2.1823838 2.2335573 2.2522953 2.1435359 2.2620215 2.1836210 2.1239320 0.9179578 2.0034645 2.5265007 2.1168371 2.3597290 2.3247487 2.2182464 2.2764548 2.2658451 1.0514747 2.2925841 2.1155859 2.2194656 1.8960243 1.8458256 1.8677944 2.1283455 2.0689141 2.4353151 2.1514252 2.1499210 2.0525142 2.2451753 2.4499253 2.2355062 2.6476564 3.2898190 2.7518902 2.4908587 2.3399352 3.4117055 3.0480720 3.0685664 3.1182344 1.2093007 1.2990254 1.3295195 1.4400646 0.6333635 0.0000000 1.9870024 2.0918420 2.4025181 3.5345297 
Emue_Em0017g41a.t1                                 2.7662299 1.8263968 2.3654270 2.6690333 2.2838401 2.3526365 2.7024871 2.7024871 2.4351671 2.7028636 2.4369310 2.8172914 1.0934079 2.4310478 2.2231008 2.6821192 3.2868103 2.9480137 2.9028446 3.0572608 2.7760028 1.5794235 3.1814687 2.6970413 2.4244437 2.3867728 2.4914459 2.6557973 2.2357938 2.8366343 2.8201916 2.3359763 2.6255792 2.3414938 2.7603077 2.5730269 2.4380755 3.0058879 3.9891354 2.9643661 2.9458618 3.2547144 3.4732364 2.9745838 3.2404436 3.1850842 0.7965950 1.0678641 2.1667254 2.2209653 0.7655098 1.9870024 0.0000000 2.4976323 4.1242604 8.6699019 
Opea_EP00118_Oscarella_pearsei_P004811             2.4298835 2.0343382 1.7571829 2.3692214 1.9408117 2.0596875 2.0460634 2.0578811 1.9459157 2.0876692 1.9610254 2.0345704 0.6688143 2.3056185 2.6951991 1.9979703 1.9389453 1.8906821 1.8758722 1.9450111 2.0436457 1.0316871 2.0117018 2.2152208 2.0247328 2.2686240 2.2318282 2.1734234 2.0225115 2.2674361 2.0517628 1.9223248 2.2092012 2.0221697 1.9044314 2.2001094 2.0708310 2.2426331 2.7477836 2.7078829 2.5113042 2.4879632 3.2996613 2.0427382 2.4985305 3.0261376 2.5411378 2.5984313 3.0894377 3.3413585 1.3069758 2.0918420 2.4976323 0.0000000 2.7078088 5.6092886 
Xesp_022294-T2                                     2.1776347 1.5136684 1.2791752 1.4557287 1.0228757 1.0499674 1.0340413 1.0415596 0.8983110 1.0457695 0.8261564 0.9164865 0.6115650 0.5806536 1.5831380 1.4339159 1.6405572 1.6641293 1.6366907 1.6823088 1.5959157 0.6121959 1.6177261 1.5137443 1.6834754 1.4205429 1.4008031 1.4316709 1.1054676 1.5000953 1.3911725 1.6180236 1.6953343 1.6658622 1.4838830 1.5737577 1.5422200 1.6934227 2.0215400 2.4556930 2.2582699 2.3933803 2.2360644 2.6506740 2.4406649 2.1792167 2.7054814 2.7979707 2.5221974 2.8498646 0.8533032 2.4025181 4.1242604 2.7078088 0.0000000 2.0893978 
Morvir_scaffold58.g39.t1                           2.3743060 2.7137687 1.5045296 1.7953244 1.5687849 1.6292713 1.6775491 1.6850265 1.4895704 1.5545202 1.5607545 1.5381171 0.0000010 1.5929893 2.3123881 1.6726079 2.1337548 2.1582339 2.1905396 2.2009131 2.2624287 1.1972130 2.2772875 2.1597499 1.4963930 1.4855796 1.3830866 1.3574050 1.7217375 2.5174213 1.9063322 2.2823585 2.1452032 2.1161192 2.3855991 1.9905566 3.2341565 2.3151912 3.9516354 4.3715988 3.8164694 3.9389946 4.5472622 4.1624786 3.6656305 4.9459351 4.6797397 4.6030031 5.2549007 6.0714357 2.3159855 3.5345297 8.6699019 5.6092886 2.0893978 0.0000000 
