62
Cgig_XM_034477699.1                                              0.0000000 0.3247152 0.4388787 0.4031910 0.4135139 0.5246793 0.6608772 0.8168112 0.8530082 0.7114418 0.6757616 0.6301837 0.7759119 0.8816223 0.9310129 1.1068915 1.0249975 1.0683943 1.0207276 1.1675518 0.8791200 0.9681014 1.0816314 1.7550742 1.1536064 1.2734757 1.2117308 1.0568561 1.2908581 1.0388886 1.2059285 1.2129467 1.0986105 1.1064097 1.5356280 1.3124704 1.8863055 1.7120827 1.6421502 1.6274570 1.6573656 1.5271777 2.0036658 1.9192621 1.2157026 1.2112999 1.4373411 1.4312558 1.4320610 1.3209307 1.3377254 1.4445946 1.4674875 1.7156624 1.6892615 2.3107743 1.9549951 2.1855875 2.1357099 2.6723354 3.0276189 2.1284255 
Acagra_model.g6237.t1                                            0.3247152 0.0000000 0.4460394 0.4056047 0.3964932 0.4800996 0.6156175 0.7374569 0.8216566 0.6547842 0.6581475 0.6386980 0.7609035 0.8047370 0.9542975 1.0871219 1.0287097 1.0294571 1.0061128 1.1651379 0.8722990 1.0004876 1.0767909 1.6606522 1.2407122 1.2981670 1.2949041 1.0968910 1.1602283 1.1038437 1.0243882 1.0619683 1.0795019 1.1314293 1.6103287 1.4024122 1.9688427 1.6855448 1.7694364 1.6808391 1.7564485 1.5190898 2.0425308 1.6376722 1.3724001 1.2844586 1.3364678 1.3222126 1.3112322 1.2089076 1.2684675 1.3376349 1.3454779 1.7012393 1.7144281 2.1879337 1.9743350 2.2673211 2.0338823 2.3023951 2.4452845 2.1250184 
Ctel_gnl_WGS_AMQN_CAPTEDRAFT_mRNA1308                            0.4388787 0.4460394 0.0000000 0.4015551 0.4334317 0.4923960 0.5865847 0.6262167 0.6680364 0.5360617 0.5401300 0.5239926 0.7351283 0.7543914 0.9794992 1.0845569 1.0038763 0.9683807 1.0923158 0.9847197 0.8629960 0.8411654 0.9196734 1.6774285 0.9820941 1.0014537 1.0835361 0.8910831 0.9925933 0.8200076 1.1767197 1.2322140 0.9313052 0.9848981 1.4420196 1.2837191 1.6190304 1.5151045 1.5178515 1.5032902 1.6795757 1.2776869 1.7616537 1.4769106 1.1281474 1.1449992 1.1985690 1.1740962 1.1603769 1.1675109 1.2228118 1.1871587 1.2724840 1.4998663 1.5696850 1.9072934 1.7307280 1.8906260 2.0255690 2.3154059 2.4838140 1.8170422 
Cscu_XM_023362078.1                                              0.4031910 0.4056047 0.4015551 0.0000000 0.1721649 0.3730636 0.4067467 0.5231218 0.6104964 0.4522021 0.4306185 0.4543171 0.6162751 0.7190134 0.9674675 1.0093831 0.9465548 0.9247018 1.0348958 1.0200835 0.8733000 0.8640967 0.9687822 1.6831601 0.9794031 0.9997714 1.0856291 0.8755346 1.0410254 0.8515586 1.1013669 1.1453448 0.8177729 0.8060166 1.3528369 1.2242381 1.3967419 1.4109208 1.4306664 1.3974324 1.5636974 1.2202147 1.7030532 1.1901257 1.0714382 0.9913326 1.1684371 1.1614989 1.1585217 1.0825516 1.1238063 1.1923254 1.2830502 1.5301246 1.5103803 1.8027312 1.6561957 1.8318658 1.7685286 2.1195874 2.3917369 1.7871822 
Cscu_XM_023388126.1                                              0.4135139 0.3964932 0.4334317 0.1721649 0.0000000 0.4281461 0.4658988 0.6324914 0.7246224 0.5767728 0.5476249 0.5102462 0.7225478 0.7700509 1.0621353 1.1266077 1.0636141 1.0856284 1.0854660 1.1673699 0.9002394 1.0168317 1.0877716 1.7207651 1.1553952 1.1692879 1.1140775 1.0159057 1.1874192 0.9466105 1.1807688 1.2066937 1.0389931 1.0111741 1.4794693 1.1989223 1.6750938 1.6305380 1.7276728 1.6571963 1.6482684 1.4357135 1.9954152 1.5695807 1.2128296 1.1605167 1.3490604 1.3374772 1.3432911 1.2667567 1.3001720 1.3577474 1.3921375 1.6975251 1.7161322 2.0099675 1.9408078 2.0697761 1.9380153 2.3351003 2.5547203 1.9257998 
Bralan_BLAG12000272_1                                            0.5246793 0.4800996 0.4923960 0.3730636 0.4281461 0.0000000 0.4500195 0.6348783 0.6826788 0.5228553 0.5798766 0.5561425 0.6620606 0.7699332 0.8356948 1.1116253 1.0291025 1.0553461 1.0268933 1.1447714 0.8643245 0.9525871 1.0884448 1.6914019 1.0705398 1.1102997 0.9958377 0.9242536 1.1304563 0.9155220 1.1021926 1.1472457 1.0660639 1.3046814 1.4601303 1.2035072 1.6761431 1.5648646 1.6176477 1.5774185 1.5656709 1.3013581 1.7786888 1.3991527 1.1457186 1.1089499 1.3614390 1.3605587 1.3451427 1.2675315 1.3221660 1.3711998 1.4289961 1.7817631 1.7076770 2.0269716 1.7845782 1.9141425 1.9874924 2.4317752 2.4271078 2.0131120 
Skow_XM_002738715.2                                              0.6608772 0.6156175 0.5865847 0.4067467 0.4658988 0.4500195 0.0000000 0.7142441 0.7808170 0.6044794 0.6895077 0.6540412 0.6355427 0.8552840 0.8939709 1.1189928 1.0481824 1.0688784 1.0043265 1.1764517 0.9548539 1.1476426 1.2070723 1.7718883 1.1797737 1.1247130 1.0312935 1.0545068 1.2894174 0.9270119 1.1815358 1.2111326 1.1569241 1.2839360 1.6136381 1.2082873 2.1446646 1.6946777 1.7234464 1.7119864 1.7324578 1.4512079 1.7435610 1.6738910 1.2231579 1.2875849 1.4410158 1.4425431 1.4271095 1.3511357 1.3790581 1.4292020 1.5269653 1.6859411 1.6425558 2.1541572 1.9508329 2.2099882 2.2256573 2.5706670 2.7135078 2.2805379 
Hsap_ENST00000359462                                             0.8168112 0.7374569 0.6262167 0.5231218 0.6324914 0.6348783 0.7142441 0.0000000 0.1405719 0.2420188 0.6414310 0.7274929 0.9091786 0.6062025 1.1331187 1.2693424 1.1976772 1.2088002 1.1752794 1.3498864 1.0350532 1.0484054 1.2124597 2.1315999 1.2081502 1.1356319 1.1747426 1.0842139 1.2834295 0.9737681 1.1391049 1.1732913 1.0752980 1.1651006 1.6450566 1.2695901 1.8863632 1.7794342 1.7061248 1.6998166 1.6406465 1.4739349 2.1291060 1.8096604 1.3780120 1.2922812 1.3039511 1.3017751 1.3178017 1.2698124 1.2796335 1.3294785 1.4253605 1.6571999 1.7163195 2.0821873 1.8472193 2.0257774 1.9855409 2.3354489 2.4521452 2.0306763 
Hsap_ENST00000303577                                             0.8530082 0.8216566 0.6680364 0.6104964 0.7246224 0.6826788 0.7808170 0.1405719 0.0000000 0.3297354 0.7263111 0.8145363 1.0185051 0.6696023 1.1296410 1.3346068 1.2464192 1.2557787 1.1982787 1.4063107 1.0886204 1.1031683 1.2419429 2.1543618 1.1845962 1.1452082 1.1648297 1.0924611 1.3355907 1.0314408 1.1192478 1.1537715 1.1453649 1.2304076 1.6345366 1.3365642 1.6333575 1.6732125 1.6122572 1.5810119 1.5696459 1.4456914 2.2173166 1.5944835 1.3786508 1.3082631 1.2917634 1.2895662 1.3057671 1.2818323 1.3065031 1.3399737 1.4024676 1.7049650 1.7248145 2.1839486 1.8593102 2.1486661 2.0788005 2.5394118 2.6366344 2.0757908 
Hsap_ENST00000400314                                             0.7114418 0.6547842 0.5360617 0.4522021 0.5767728 0.5228553 0.6044794 0.2420188 0.3297354 0.0000000 0.6016944 0.6837446 0.8315701 0.5825872 1.0479090 1.2030294 1.1417812 1.1239983 0.9608802 1.1981071 0.9584468 1.0450197 1.2099596 1.9228495 1.1571814 1.1458396 1.1704781 1.0313119 1.2511759 0.9509454 1.1265737 1.1870662 1.0703592 1.1096514 1.6291495 1.3286681 1.8069790 1.7145471 1.6499890 1.6187655 1.6408140 1.3876188 2.0123389 1.7665427 1.2643652 1.2471752 1.1768499 1.1820745 1.1953832 1.1261125 1.1591679 1.2321984 1.3602923 1.6554443 1.6627521 2.0870003 1.8762652 1.9874938 1.9170543 2.2839305 2.4970369 1.8693403 
Dpul_mRNA26066                                                   0.6757616 0.6581475 0.5401300 0.4306185 0.5476249 0.5798766 0.6895077 0.6414310 0.7263111 0.6016944 0.0000000 0.3578946 0.8936111 0.7973308 1.1124310 1.3125822 1.2574833 1.2043415 1.1377729 1.3642000 1.0936944 1.1174767 1.2182239 2.0578834 1.0833955 1.0708715 1.0568604 0.9608018 1.1896386 0.8139257 1.1927480 1.2244915 1.1184111 1.2968656 1.7102524 1.4596661 2.0177069 1.7401673 1.7319030 1.7180156 1.7236924 1.5628292 1.9044846 2.0061467 1.2667463 1.2072275 1.4193656 1.4112313 1.4411563 1.3886371 1.4177435 1.4598143 1.6010544 1.9951468 1.8973140 2.0507931 1.8224422 2.0061230 1.9399325 2.3184321 2.5525778 1.9463274 
Tcas_TC000237_001                                                0.6301837 0.6386980 0.5239926 0.4543171 0.5102462 0.5561425 0.6540412 0.7274929 0.8145363 0.6837446 0.3578946 0.0000000 0.8530880 0.9375272 1.1307648 1.3456094 1.2711112 1.3325958 1.1415189 1.4213942 1.0687867 1.1441697 1.2558406 1.9736099 1.1837804 1.1488816 1.0305857 1.0491798 1.1748305 0.8642095 1.2601595 1.2684829 1.1884429 1.2643378 1.7727244 1.3606061 2.3445462 1.7478020 1.7685857 1.7320098 1.7618841 1.4996289 1.9042343 1.8919259 1.3541178 1.3113040 1.5034978 1.4911040 1.4874635 1.3974459 1.4494194 1.5155872 1.5963871 1.7983328 1.7230603 2.0448176 1.8449199 2.0016407 1.9377347 2.4253328 2.6728088 1.9404969 
Spur_XM_030973094.1                                              0.7759119 0.7609035 0.7351283 0.6162751 0.7225478 0.6620606 0.6355427 0.9091786 1.0185051 0.8315701 0.8936111 0.8530880 0.0000000 1.1094316 1.3370238 1.2855530 1.2042286 1.2436633 1.0816997 1.3916326 1.0798394 1.2915166 1.4447374 2.3483686 1.5975226 1.5615272 1.5665737 1.4387482 1.4578376 1.1673067 1.6799918 1.6802217 1.4981735 1.2189122 1.8691087 1.5400109 2.2185306 1.9705375 1.9034503 1.9155765 1.9977095 1.7967432 2.3751999 1.9717781 1.5080219 1.4908749 1.7149197 1.7035531 1.7114631 1.4881287 1.5015475 1.7105442 1.6947649 2.0123522 2.0407413 2.7834985 2.7196795 2.6696406 2.4756665 2.5405367 2.9357995 2.6516530 
Hsap_ENST00000322099                                             0.8816223 0.8047370 0.7543914 0.7190134 0.7700509 0.7699332 0.8552840 0.6062025 0.6696023 0.5825872 0.7973308 0.9375272 1.1094316 0.0000000 1.2453759 1.3457351 1.2715840 1.2818535 1.0126398 1.3740093 1.0201236 1.1396484 1.2914076 1.9862215 1.1802992 1.2762248 1.2156709 1.1038185 1.3438436 1.0861390 1.3210514 1.3305254 1.2510958 1.4893752 1.6428482 1.4653529 2.1008948 1.8170329 1.7944787 1.7654636 1.6837269 1.6083301 2.3507243 2.0993257 1.4435199 1.3173009 1.6130541 1.6211256 1.6466475 1.5977907 1.5884271 1.6567184 1.7334822 1.9741794 1.8131449 2.1476237 1.9695796 2.0750916 2.0606319 2.3218743 2.4869482 2.0672913 
Stycar_maker-SC_scaffold97207-augustus-gene-0.47-mRNA-1          0.9310129 0.9542975 0.9794992 0.9674675 1.0621353 0.8356948 0.8939709 1.1331187 1.1296410 1.0479090 1.1124310 1.1307648 1.3370238 1.2453759 0.0000000 0.3277730 0.3299940 0.3391654 0.2833579 0.3982662 0.5382873 0.6558035 0.7951482 0.5772160 1.1644940 1.2118484 1.0617474 1.0327110 1.3878676 1.1989862 0.9177464 0.9177464 1.2159690 1.5595322 1.7052275 1.2559304 6.5404276 1.6599019 1.6544462 1.6073283 1.5946124 1.5544108 1.5519314 2.2803636 1.2147332 1.2657375 1.5505785 1.5390501 1.5219958 1.4170711 1.4735565 1.4829434 1.6564721 1.8672518 1.6956793 2.3217950 2.3470487 2.2922939 2.2722614 2.7892624 2.6675668 2.1305297 
Spolac_c103365_g2_i2_m.33892c103365-g2                           1.1068915 1.0871219 1.0845569 1.0093831 1.1266077 1.1116253 1.1189928 1.2693424 1.3346068 1.2030294 1.3125822 1.3456094 1.2855530 1.3457351 0.3277730 0.0000000 0.0000010 0.0439927 0.4317527 0.3840874 0.4042392 0.6026261 0.6788266 0.7073159 1.3807433 1.4282455 1.4679596 1.2743131 1.4877179 1.2218002 1.1305524 1.1801860 1.3124594 1.5864375 1.8627025 1.5294834 2.4393644 1.9714529 1.9299553 1.8857857 1.9534881 1.7438162 2.1728098 1.9454068 1.6450228 1.5940159 1.4617358 1.4539568 1.4795922 1.4100602 1.4210961 1.4291932 1.5346864 1.6945800 1.6703521 2.0502775 1.8855231 2.0528187 1.9828536 2.5037456 2.8655175 1.9684039 
Spolac_c103365_g2_i3_m.33894c103365-g2                           1.0249975 1.0287097 1.0038763 0.9465548 1.0636141 1.0291025 1.0481824 1.1976772 1.2464192 1.1417812 1.2574833 1.2711112 1.2042286 1.2715840 0.3299940 0.0000010 0.0000000 0.0405113 0.4317527 0.3568379 0.4042392 0.6026261 0.6788266 0.6844132 1.2770781 1.3111242 1.3307853 1.1864543 1.3671840 1.1570206 1.1099726 1.1597622 1.2603853 1.4421153 1.8437668 1.5294834 2.3854969 1.9396585 1.9240198 1.8800460 1.9384394 1.7379343 2.1700153 1.8730224 1.5742147 1.5487267 1.3898905 1.3822283 1.4078513 1.3405137 1.3420878 1.3583845 1.4625057 1.6324143 1.6073423 1.9539878 1.8855231 1.9771268 1.9074311 2.4029263 2.6682486 1.8926477 
Emue_Em0007g260a.t1                                              1.0683943 1.0294571 0.9683807 0.9247018 1.0856284 1.0553461 1.0688784 1.2088002 1.2557787 1.1239983 1.2043415 1.3325958 1.2436633 1.2818535 0.3391654 0.0439927 0.0405113 0.0000000 0.4525364 0.3659948 0.4168651 0.6194401 0.6962590 0.7085235 1.3148426 1.3119246 1.2876135 1.1972335 1.3752073 1.1729239 1.1032563 1.1478638 1.2833935 1.5232257 1.8635373 1.5686278 2.3511915 2.0532034 2.0233842 1.9659785 1.9023129 1.7795790 2.2305262 1.9397895 1.5598740 1.5462884 1.4427382 1.4340516 1.4448898 1.3697365 1.3772701 1.3692183 1.4485367 1.6417037 1.5874380 1.9702824 1.9443977 1.9867328 1.9350607 2.4659409 2.6819586 1.8879748 
Stycar_maker-SC_scaffold137804-snap-gene-0.4-mRNA-1              1.0207276 1.0061128 1.0923158 1.0348958 1.0854660 1.0268933 1.0043265 1.1752794 1.1982787 0.9608802 1.1377729 1.1415189 1.0816997 1.0126398 0.2833579 0.4317527 0.4317527 0.4525364 0.0000000 0.3486734 0.4354886 0.5762221 0.7201691 0.7966223 1.0486337 1.1401625 1.2610118 0.9584896 1.2705432 1.0633370 1.2317383 1.2317383 1.2762443 0.8894602 1.9418346 2.0384487 1.8165165 2.0742571 1.8490561 1.9975942 1.9390406 2.1822929 2.1135352 2.7758832 1.4409543 1.5748923 1.7940868 1.7748572 1.8068132 1.7020861 1.7305259 1.7322268 1.7794289 2.0454482 1.8166445 2.0689309 2.2559806 2.1266607 2.3466666 2.1420458 2.6012738 2.1018418 
Tetwil_g23712.t1                                                 1.1675518 1.1651379 0.9847197 1.0200835 1.1673699 1.1447714 1.1764517 1.3498864 1.4063107 1.1981071 1.3642000 1.4213942 1.3916326 1.3740093 0.3982662 0.3840874 0.3568379 0.3659948 0.3486734 0.0000000 0.3785226 0.4766417 0.5828310 1.1444117 1.3317328 1.4481550 1.5344843 1.2781772 1.4669743 1.2108249 1.1254438 1.1766184 1.2212453 1.2670671 1.6959199 1.4268925 1.9739382 1.8210298 1.7665351 1.7448601 1.8676432 1.6312551 2.0301727 1.5874132 1.4544690 1.4292548 1.5273608 1.5190571 1.5292973 1.3921429 1.3925905 1.5140089 1.6896619 1.5540458 1.5175985 1.9716481 1.8261361 1.9038434 1.8811291 2.4206935 2.7851564 1.8693934 
Xestes_augustus_masked-XT_scaffold5277-processed-gene-0.1-mRNA-1 0.8791200 0.8722990 0.8629960 0.8733000 0.9002394 0.8643245 0.9548539 1.0350532 1.0886204 0.9584468 1.0936944 1.0687867 1.0798394 1.0201236 0.5382873 0.4042392 0.4042392 0.4168651 0.4354886 0.3785226 0.0000000 0.3264694 0.4540472 1.1420441 1.2993547 1.3406779 1.4787145 1.1514422 1.3395960 1.2279220 1.0278254 1.0644141 1.0831736 1.1295474 1.5758819 1.3921833 1.7815760 1.5971259 1.6215713 1.6085825 1.8250529 1.4482175 1.9206874 1.4564895 1.3044220 1.3317188 1.3088243 1.3119253 1.3189332 1.2441357 1.2421837 1.3097480 1.4047318 1.5925202 1.3906173 1.8899335 1.8227223 1.7961596 1.8540288 2.3907053 2.6642971 1.9048581 
Halamb_c37415_g1_i1m.10058                                       0.9681014 1.0004876 0.8411654 0.8640967 1.0168317 0.9525871 1.1476426 1.0484054 1.1031683 1.0450197 1.1174767 1.1441697 1.2915166 1.1396484 0.6558035 0.6026261 0.6026261 0.6194401 0.5762221 0.4766417 0.3264694 0.0000000 0.3389525 1.3585660 1.2305672 1.2639479 1.2766670 1.2103377 1.3418370 1.1082262 1.0360659 1.0466301 1.1926325 1.1693835 1.7302816 1.4344550 2.0369883 1.8975548 1.8366081 1.8026357 1.8414090 1.7541021 2.0726559 1.7784909 1.3585458 1.3419870 1.3988689 1.3952530 1.3895876 1.2856246 1.3061410 1.4366811 1.5621642 1.6738162 1.5636386 1.7812469 1.6788566 1.7068554 1.7400960 2.2414791 2.5574181 1.7952194 
Aque_Aqu2.1.22403_001                                            1.0816314 1.0767909 0.9196734 0.9687822 1.0877716 1.0884448 1.2070723 1.2124597 1.2419429 1.2099596 1.2182239 1.2558406 1.4447374 1.2914076 0.7951482 0.6788266 0.6788266 0.6962590 0.7201691 0.5828310 0.4540472 0.3389525 0.0000000 1.4545057 1.1883850 1.3116099 1.3436293 1.1779393 1.3200200 1.1515687 1.0450553 1.0573538 1.2921468 1.3211000 1.7925530 1.4567807 2.2617930 1.8284979 1.7950540 1.8019522 1.8364544 1.6984127 2.0275877 1.8598711 1.4195819 1.3947083 1.3176336 1.3238481 1.3321396 1.2724080 1.3059973 1.3906099 1.5362832 1.4842704 1.5354418 1.6841120 1.6340785 1.7807337 1.6687205 2.1051848 2.3061057 1.7612635 
Emue_Em0022g450a.t1                                              1.7550742 1.6606522 1.6774285 1.6831601 1.7207651 1.6914019 1.7718883 2.1315999 2.1543618 1.9228495 2.0578834 1.9736099 2.3483686 1.9862215 0.5772160 0.7073159 0.6844132 0.7085235 0.7966223 1.1444117 1.1420441 1.3585660 1.4545057 0.0000000 2.1217125 2.1373930 1.4813922 2.0143531 2.2185533 2.0217265 1.4797842 1.5439698 2.1476393 2.7290741 2.6313567 1.7362721 6.9370725 2.9453165 2.9101461 2.7687262 2.5584839 2.6380605 2.5098670 6.8948568 2.2070550 2.2749259 2.4904535 2.4747026 2.4783230 2.5073313 2.5721337 2.4593948 2.8146397 2.8016065 2.7058759 3.2779741 3.3584472 3.2239318 3.1303636 3.5309059 3.1626725 3.1066990 
Gracom_Gcom_C542966_01                                           1.1536064 1.2407122 0.9820941 0.9794031 1.1553952 1.0705398 1.1797737 1.2081502 1.1845962 1.1571814 1.0833955 1.1837804 1.5975226 1.1802992 1.1644940 1.3807433 1.2770781 1.3148426 1.0486337 1.3317328 1.2993547 1.2305672 1.1883850 2.1217125 0.0000000 0.3058874 0.3041839 0.2938413 0.5250011 0.5970229 1.2755383 1.3151711 1.2149248 1.4624562 1.7790638 1.3172940 2.9571349 1.8704899 1.7228320 1.7351666 1.8756632 1.6671341 1.8579888 2.2423402 1.5048380 1.3992012 1.5371918 1.5246451 1.5287571 1.4818335 1.4851924 1.5105597 1.6921552 2.0881014 1.8778944 1.8740710 1.6105320 1.8829892 1.8301756 2.2360884 2.1111703 2.0050773 
Leuniv_Lniv_scaffold20731_01                                     1.2734757 1.2981670 1.0014537 0.9997714 1.1692879 1.1102997 1.1247130 1.1356319 1.1452082 1.1458396 1.0708715 1.1488816 1.5615272 1.2762248 1.2118484 1.4282455 1.3111242 1.3119246 1.1401625 1.4481550 1.3406779 1.2639479 1.3116099 2.1373930 0.3058874 0.0000000 0.0000010 0.2524112 0.4768713 0.5113230 1.3018622 1.3128555 1.3175989 1.4377645 1.8987002 1.5124777 3.1154990 1.9482163 1.8045526 1.7934738 1.9538294 1.7049608 1.8897158 2.4213909 1.4727091 1.4045430 1.7208666 1.7016063 1.6966734 1.6662818 1.7017254 1.6625221 1.9031012 1.9563944 1.7924196 1.9525843 1.7837052 2.0880766 2.0147808 2.3139897 2.3611759 2.1678441 
Leuniv_Lniv_scaffold20732_01                                     1.2117308 1.2949041 1.0835361 1.0856291 1.1140775 0.9958377 1.0312935 1.1747426 1.1648297 1.1704781 1.0568604 1.0305857 1.5665737 1.2156709 1.0617474 1.4679596 1.3307853 1.2876135 1.2610118 1.5344843 1.4787145 1.2766670 1.3436293 1.4813922 0.3041839 0.0000010 0.0000000 0.2078999 0.5102328 0.4888145 1.2042157 1.2042157 1.3084898 1.4243045 1.6036980 1.5124777 4.3803808 1.7929317 1.6168908 1.6381429 1.6679016 1.5954968 1.3708400 4.5842902 1.3180848 1.2728075 1.8163077 1.7852291 1.8001903 1.7659743 1.7957562 1.7294944 1.9417485 2.0390922 1.8098290 2.0816236 1.9295496 2.2305705 2.0028253 2.3869216 2.3395984 2.3273267 
Scil_scict000429.1                                               1.0568561 1.0968910 0.8910831 0.8755346 1.0159057 0.9242536 1.0545068 1.0842139 1.0924611 1.0313119 0.9608018 1.0491798 1.4387482 1.1038185 1.0327110 1.2743131 1.1864543 1.1972335 0.9584896 1.2781772 1.1514422 1.2103377 1.1779393 2.0143531 0.2938413 0.2524112 0.2078999 0.0000000 0.5413218 0.5194536 1.2756391 1.2716261 1.1597630 1.3096743 1.8187380 1.3718982 2.8058553 1.6486158 1.5537299 1.5819553 1.7083044 1.4808772 1.7584035 2.4391842 1.3543626 1.2502603 1.4645707 1.4717112 1.4687297 1.4152533 1.4738546 1.4835375 1.5820755 2.0857857 1.8591515 1.8751305 1.6397871 1.8771095 1.8493533 2.1543528 2.0789475 1.9561431 
Lcom_lcpid81073                                                  1.2908581 1.1602283 0.9925933 1.0410254 1.1874192 1.1304563 1.2894174 1.2834295 1.3355907 1.2511759 1.1896386 1.1748305 1.4578376 1.3438436 1.3878676 1.4877179 1.3671840 1.3752073 1.2705432 1.4669743 1.3395960 1.3418370 1.3200200 2.2185533 0.5250011 0.4768713 0.5102328 0.5413218 0.0000000 0.7743501 1.4588896 1.4781528 1.2510841 1.4927373 1.8395585 1.3944331 2.4789854 1.7269623 1.5897959 1.5934643 1.7190267 1.4497244 1.7079679 2.1908633 1.5780444 1.4544176 1.6143337 1.6097069 1.6117557 1.5568195 1.5993597 1.6344717 1.7926038 2.0667239 1.9240621 2.0665061 1.8401125 2.0261214 1.8582242 2.2156134 2.2059286 1.9528017 
Clacor_Ccor_scaffold14784_01                                     1.0388886 1.1038437 0.8200076 0.8515586 0.9466105 0.9155220 0.9270119 0.9737681 1.0314408 0.9509454 0.8139257 0.8642095 1.1673067 1.0861390 1.1989862 1.2218002 1.1570206 1.1729239 1.0633370 1.2108249 1.2279220 1.1082262 1.1515687 2.0217265 0.5970229 0.5113230 0.4888145 0.5194536 0.7743501 0.0000000 1.2917358 1.3189833 1.1326416 1.1971343 1.6788858 1.2782058 2.3464337 1.6849366 1.4884575 1.5599630 1.6870625 1.5555687 1.5856973 1.7921530 1.2672815 1.2079364 1.4411286 1.4222751 1.4351468 1.3781286 1.3853761 1.4561077 1.5618048 1.7459525 1.6520434 2.0402504 1.8214525 1.8762828 1.8386188 2.1020137 2.2354847 1.9518019 
Plespi_Pspi_scaffold8240_01                                      1.2059285 1.0243882 1.1767197 1.1013669 1.1807688 1.1021926 1.1815358 1.1391049 1.1192478 1.1265737 1.1927480 1.2601595 1.6799918 1.3210514 0.9177464 1.1305524 1.1099726 1.1032563 1.2317383 1.1254438 1.0278254 1.0360659 1.0450553 1.4797842 1.2755383 1.3018622 1.2042157 1.2756391 1.4588896 1.2917358 0.0000000 0.0151252 1.3105128 1.4637139 1.7898366 1.4493433 8.9999981 1.9194516 1.8658411 1.8613210 1.7759701 1.8104877 1.6387782 2.6302934 1.3562312 1.2662854 1.7771864 1.7661605 1.7963249 1.7142292 1.6756591 1.7853471 1.8839704 2.2176599 1.9937401 2.4493022 2.3991249 2.4258493 2.3253434 2.9247147 2.7388645 2.4506941 
Plespi_Pspi_scaffold8241_01                                      1.2129467 1.0619683 1.2322140 1.1453448 1.2066937 1.1472457 1.2111326 1.1732913 1.1537715 1.1870662 1.2244915 1.2684829 1.6802217 1.3305254 0.9177464 1.1801860 1.1597622 1.1478638 1.2317383 1.1766184 1.0644141 1.0466301 1.0573538 1.5439698 1.3151711 1.3128555 1.2042157 1.2716261 1.4781528 1.3189833 0.0151252 0.0000000 1.3565858 1.5263216 1.8699530 1.4493433 8.7670400 1.9021413 1.8512369 1.8709650 1.8176311 1.8145732 1.6741633 3.6729046 1.4215859 1.3313516 1.8048084 1.7952757 1.8240785 1.7467811 1.7061826 1.7901563 1.8634723 2.2844842 2.0597226 2.5633335 2.5299139 2.5389884 2.4466909 2.9247147 2.7388645 2.5290019 
Opea_EP00118_Oscarella_pearsei_P017424                           1.0986105 1.0795019 0.9313052 0.8177729 1.0389931 1.0660639 1.1569241 1.0752980 1.1453649 1.0703592 1.1184111 1.1884429 1.4981735 1.2510958 1.2159690 1.3124594 1.2603853 1.2833935 1.2762443 1.2212453 1.0831736 1.1926325 1.2921468 2.1476393 1.2149248 1.3175989 1.3084898 1.1597630 1.2510841 1.1326416 1.3105128 1.3565858 0.0000000 0.4354960 1.5418880 1.3414532 2.2355165 1.7056764 1.6353675 1.6144030 1.6980419 1.4463619 1.8937752 1.8164256 1.3876704 1.2815600 1.3698120 1.3707671 1.3855338 1.2711365 1.2723203 1.4649509 1.6514978 1.8918874 1.9516056 1.9941135 1.6914147 2.0683505 1.9712460 2.3383398 2.6154670 2.1441586 
Plajan_Pjan_scaffold10558_01                                     1.1064097 1.1314293 0.9848981 0.8060166 1.0111741 1.3046814 1.2839360 1.1651006 1.2304076 1.1096514 1.2968656 1.2643378 1.2189122 1.4893752 1.5595322 1.5864375 1.4421153 1.5232257 0.8894602 1.2670671 1.1295474 1.1693835 1.3211000 2.7290741 1.4624562 1.4377645 1.4243045 1.3096743 1.4927373 1.1971343 1.4637139 1.5263216 0.4354960 0.0000000 2.0200467 1.4944832 2.0396214 2.1972526 1.9626248 2.0826785 2.2078997 2.0410303 3.4351609 1.8737210 1.8003889 1.8657017 1.5050219 1.5087567 1.5454666 1.5353878 1.5589064 1.6665738 1.8987874 2.3623129 2.5189087 1.9043043 1.3260861 1.9594875 1.8657530 2.1599894 3.1213821 2.1498552 
Hvul_g11305_1                                                    1.5356280 1.6103287 1.4420196 1.3528369 1.4794693 1.4601303 1.6136381 1.6450566 1.6345366 1.6291495 1.7102524 1.7727244 1.8691087 1.6428482 1.7052275 1.8627025 1.8437668 1.8635373 1.9418346 1.6959199 1.5758819 1.7302816 1.7925530 2.6313567 1.7790638 1.8987002 1.6036980 1.8187380 1.8395585 1.6788858 1.7898366 1.8699530 1.5418880 2.0200467 0.0000000 0.2247208 0.2373843 0.5538294 0.5652920 0.5538402 0.6557458 0.5191356 1.1780974 0.7757654 1.5302066 1.4620794 1.7520617 1.7308115 1.7460286 1.7487896 1.8034903 1.7825748 1.9772914 2.1313301 1.9645353 2.4426209 2.1894879 2.3507087 2.4758584 2.9592094 2.9580162 2.5088198 
Chem_TCONS_00051308                                              1.3124704 1.4024122 1.2837191 1.2242381 1.1989223 1.2035072 1.2082873 1.2695901 1.3365642 1.3286681 1.4596661 1.3606061 1.5400109 1.4653529 1.2559304 1.5294834 1.5294834 1.5686278 2.0384487 1.4268925 1.3921833 1.4344550 1.4567807 1.7362721 1.3172940 1.5124777 1.5124777 1.3718982 1.3944331 1.2782058 1.4493433 1.4493433 1.3414532 1.4944832 0.2247208 0.0000000 8.2085083 0.6080093 0.5408899 0.6114676 0.6181125 0.5356478 0.6440603 2.2606680 1.2845017 1.1409696 1.6269194 1.5937643 1.6060970 1.5714446 1.5995175 1.7280068 1.9153295 1.8310444 1.6601517 2.3812879 2.3841095 2.1730781 2.2598176 2.5248755 2.7254212 2.3284477 
Chem_TCONS_00051311                                              1.8863055 1.9688427 1.6190304 1.3967419 1.6750938 1.6761431 2.1446646 1.8863632 1.6333575 1.8069790 2.0177069 2.3445462 2.2185306 2.1008948 6.5404276 2.4393644 2.3854969 2.3511915 1.8165165 1.9739382 1.7815760 2.0369883 2.2617930 6.9370725 2.9571349 3.1154990 4.3803808 2.8058553 2.4789854 2.3464337 8.9999981 8.7670400 2.2355165 2.0396214 0.2373843 8.2085083 0.0000000 0.7017989 0.7250939 0.6920906 1.1022701 0.5698784 5.0523805 0.6105229 2.0398362 2.2253784 1.6569955 1.6569955 1.6927556 1.6014301 1.6454469 1.7232260 2.0338064 2.3691365 2.6758794 2.7963718 2.1574089 2.7420055 2.7641932 4.1718445 8.9999981 2.6357033 
Sanmal_Sma_005943-T2                                             1.7120827 1.6855448 1.5151045 1.4109208 1.6305380 1.5648646 1.6946777 1.7794342 1.6732125 1.7145471 1.7401673 1.7478020 1.9705375 1.8170329 1.6599019 1.9714529 1.9396585 2.0532034 2.0742571 1.8210298 1.5971259 1.8975548 1.8284979 2.9453165 1.8704899 1.9482163 1.7929317 1.6486158 1.7269623 1.6849366 1.9194516 1.9021413 1.7056764 2.1972526 0.5538294 0.6080093 0.7017989 0.0000000 0.2438018 0.2082251 0.2562369 0.3990348 1.4197922 0.9605865 1.5774095 1.5669572 1.8413807 1.8275582 1.8414621 1.8053110 1.8831636 1.9708564 1.9689066 2.1765744 2.0624299 2.3873786 2.0975361 2.4766596 2.3560146 2.7119555 2.7387922 2.5514265 
Nemnom_g13916.t1                                                 1.6421502 1.7694364 1.5178515 1.4306664 1.7276728 1.6176477 1.7234464 1.7061248 1.6122572 1.6499890 1.7319030 1.7685857 1.9034503 1.7944787 1.6544462 1.9299553 1.9240198 2.0233842 1.8490561 1.7665351 1.6215713 1.8366081 1.7950540 2.9101461 1.7228320 1.8045526 1.6168908 1.5537299 1.5897959 1.4884575 1.8658411 1.8512369 1.6353675 1.9626248 0.5652920 0.5408899 0.7250939 0.2438018 0.0000000 0.0496303 0.2576427 0.4012504 1.4110224 0.9045693 1.5778146 1.4731647 1.9087324 1.8800592 1.9007692 1.8862098 1.9613921 2.0613730 2.0825480 2.0716216 1.7905702 2.4622202 2.1677891 2.4580945 2.4165802 2.7565111 3.0164513 2.5093746 
Rhoesc_Res_005075-T1                                             1.6274570 1.6808391 1.5032902 1.3974324 1.6571963 1.5774185 1.7119864 1.6998166 1.5810119 1.6187655 1.7180156 1.7320098 1.9155765 1.7654636 1.6073283 1.8857857 1.8800460 1.9659785 1.9975942 1.7448601 1.6085825 1.8026357 1.8019522 2.7687262 1.7351666 1.7934738 1.6381429 1.5819553 1.5934643 1.5599630 1.8613210 1.8709650 1.6144030 2.0826785 0.5538402 0.6114676 0.6920906 0.2082251 0.0496303 0.0000000 0.2237536 0.4035788 1.3898369 0.8815165 1.5842174 1.4629537 1.8690833 1.8422659 1.8565701 1.8646296 1.9538206 2.0034785 1.9824451 2.1199155 1.9201184 2.3701809 2.0478161 2.3858099 2.3115393 2.8025707 3.0547298 2.4596484 
Aaur_scaffold213.g14.t1                                          1.6573656 1.7564485 1.6795757 1.5636974 1.6482684 1.5656709 1.7324578 1.6406465 1.5696459 1.6408140 1.7236924 1.7618841 1.9977095 1.6837269 1.5946124 1.9534881 1.9384394 1.9023129 1.9390406 1.8676432 1.8250529 1.8414090 1.8364544 2.5584839 1.8756632 1.9538294 1.6679016 1.7083044 1.7190267 1.6870625 1.7759701 1.8176311 1.6980419 2.2078997 0.6557458 0.6181125 1.1022701 0.2562369 0.2576427 0.2237536 0.0000000 0.4837713 1.3058862 2.0396088 1.5891824 1.5760442 2.0162521 1.9854509 2.0002582 2.0340638 2.1409196 2.1581869 2.2562943 2.3561465 2.1773696 2.7019856 2.3565639 2.6128485 2.6601755 2.7223903 3.0624320 2.8025391 
Morvir_scaffold27.g13.t1                                         1.5271777 1.5190898 1.2776869 1.2202147 1.4357135 1.3013581 1.4512079 1.4739349 1.4456914 1.3876188 1.5628292 1.4996289 1.7967432 1.6083301 1.5544108 1.7438162 1.7379343 1.7795790 2.1822929 1.6312551 1.4482175 1.7541021 1.6984127 2.6380605 1.6671341 1.7049608 1.5954968 1.4808772 1.4497244 1.5555687 1.8104877 1.8145732 1.4463619 2.0410303 0.5191356 0.5356478 0.5698784 0.3990348 0.4012504 0.4035788 0.4837713 0.0000000 1.2185394 0.8086575 1.4382847 1.4393127 1.6076456 1.5873428 1.5938154 1.5557536 1.6302672 1.7222666 1.7822951 1.9945793 1.8607127 2.2672619 2.0070248 2.3729404 2.3706963 3.0334778 3.1304796 2.4227224 
Bralan_BLAG12000273_1                                            2.0036658 2.0425308 1.7616537 1.7030532 1.9954152 1.7786888 1.7435610 2.1291060 2.2173166 2.0123389 1.9044846 1.9042343 2.3751999 2.3507243 1.5519314 2.1728098 2.1700153 2.2305262 2.1135352 2.0301727 1.9206874 2.0726559 2.0275877 2.5098670 1.8579888 1.8897158 1.3708400 1.7584035 1.7079679 1.5856973 1.6387782 1.6741633 1.8937752 3.4351609 1.1780974 0.6440603 5.0523805 1.4197922 1.4110224 1.3898369 1.3058862 1.2185394 0.0000000 5.1645547 1.9212187 1.8598602 2.2789469 2.2643657 2.2559068 2.3849360 2.4675079 2.3622386 2.5226501 2.6225051 2.3420713 2.8929021 2.5091931 2.7547155 3.0913713 3.2200381 2.5472742 3.0484396 
Bralan_BLAG12000274_1                                            1.9192621 1.6376722 1.4769106 1.1901257 1.5695807 1.3991527 1.6738910 1.8096604 1.5944835 1.7665427 2.0061467 1.8919259 1.9717781 2.0993257 2.2803636 1.9454068 1.8730224 1.9397895 2.7758832 1.5874132 1.4564895 1.7784909 1.8598711 6.8948568 2.2423402 2.4213909 4.5842902 2.4391842 2.1908633 1.7921530 2.6302934 3.6729046 1.8164256 1.8737210 0.7757654 2.2606680 0.6105229 0.9605865 0.9045693 0.8815165 2.0396088 0.8086575 5.1645547 0.0000000 1.8328162 1.7843680 1.7084330 1.7084330 1.7084330 1.7084330 1.7218401 1.6807590 1.6263269 2.0994070 2.1343404 2.1710600 2.0316748 2.4683752 2.4846461 4.4180167 9.0000000 2.4044778 
Exapal_XM_021061693.2                                            1.2157026 1.3724001 1.1281474 1.0714382 1.2128296 1.1457186 1.2231579 1.3780120 1.3786508 1.2643652 1.2667463 1.3541178 1.5080219 1.4435199 1.2147332 1.6450228 1.5742147 1.5598740 1.4409543 1.4544690 1.3044220 1.3585458 1.4195819 2.2070550 1.5048380 1.4727091 1.3180848 1.3543626 1.5780444 1.2672815 1.3562312 1.4215859 1.3876704 1.8003889 1.5302066 1.2845017 2.0398362 1.5774095 1.5778146 1.5842174 1.5891824 1.4382847 1.9212187 1.8328162 0.0000000 0.3312842 1.7836181 1.7770992 1.7694101 1.6883926 1.6714684 1.8103573 1.9125688 1.8697177 1.5081696 2.4522813 2.2870384 2.1860398 2.0573943 2.4409118 2.4924104 2.2968865 
Nvec_v1g236828                                                   1.2112999 1.2844586 1.1449992 0.9913326 1.1605167 1.1089499 1.2875849 1.2922812 1.3082631 1.2471752 1.2072275 1.3113040 1.4908749 1.3173009 1.2657375 1.5940159 1.5487267 1.5462884 1.5748923 1.4292548 1.3317188 1.3419870 1.3947083 2.2749259 1.3992012 1.4045430 1.2728075 1.2502603 1.4544176 1.2079364 1.2662854 1.3313516 1.2815600 1.8657017 1.4620794 1.1409696 2.2253784 1.5669572 1.4731647 1.4629537 1.5760442 1.4393127 1.8598602 1.7843680 0.3312842 0.0000000 1.7002525 1.6940406 1.6898648 1.6115743 1.6408273 1.7512196 1.8200840 1.9284393 1.5788999 2.5323872 2.2210720 2.3846297 2.2152988 2.6932732 2.8162926 2.3344167 
HoiH23_PlH23_008095-RA                                           1.4373411 1.3364678 1.1985690 1.1684371 1.3490604 1.3614390 1.4410158 1.3039511 1.2917634 1.1768499 1.4193656 1.5034978 1.7149197 1.6130541 1.5505785 1.4617358 1.3898905 1.4427382 1.7940868 1.5273608 1.3088243 1.3988689 1.3176336 2.4904535 1.5371918 1.7208666 1.8163077 1.4645707 1.6143337 1.4411286 1.7771864 1.8048084 1.3698120 1.5050219 1.7520617 1.6269194 1.6569955 1.8413807 1.9087324 1.8690833 2.0162521 1.6076456 2.2789469 1.7084330 1.7836181 1.7002525 0.0000000 0.0094835 0.0158722 0.0246097 0.0427663 0.0788234 0.2182073 1.8904372 2.1982217 1.7252364 1.4188805 1.9157122 1.8737261 2.3344035 2.5868855 1.9907311 
HoiH06_mRNA98                                                    1.4312558 1.3222126 1.1740962 1.1614989 1.3374772 1.3605587 1.4425431 1.3017751 1.2895662 1.1820745 1.4112313 1.4911040 1.7035531 1.6211256 1.5390501 1.4539568 1.3822283 1.4340516 1.7748572 1.5190571 1.3119253 1.3952530 1.3238481 2.4747026 1.5246451 1.7016063 1.7852291 1.4717112 1.6097069 1.4222751 1.7661605 1.7952757 1.3707671 1.5087567 1.7308115 1.5937643 1.6569955 1.8275582 1.8800592 1.8422659 1.9854509 1.5873428 2.2643657 1.7084330 1.7770992 1.6940406 0.0094835 0.0000000 0.0126559 0.0139819 0.0390581 0.0752825 0.2133384 1.8691376 2.1822472 1.7242007 1.4175959 1.9146798 1.8726465 2.3330653 2.5852723 1.9814208 
Hhon_g08891.t1                                                   1.4320610 1.3112322 1.1603769 1.1585217 1.3432911 1.3451427 1.4271095 1.3178017 1.3057671 1.1953832 1.4411563 1.4874635 1.7114631 1.6466475 1.5219958 1.4795922 1.4078513 1.4448898 1.8068132 1.5292973 1.3189332 1.3895876 1.3321396 2.4783230 1.5287571 1.6966734 1.8001903 1.4687297 1.6117557 1.4351468 1.7963249 1.8240785 1.3855338 1.5454666 1.7460286 1.6060970 1.6927556 1.8414621 1.9007692 1.8565701 2.0002582 1.5938154 2.2559068 1.7084330 1.7694101 1.6898648 0.0158722 0.0126559 0.0000000 0.0104147 0.0461697 0.0852470 0.2216479 1.9168519 2.2371216 1.7390845 1.4300321 1.9201890 1.8882897 2.3371880 2.5796746 1.9967451 
HoiH04_mRNA12072                                                 1.3209307 1.2089076 1.1675109 1.0825516 1.2667567 1.2675315 1.3511357 1.2698124 1.2818323 1.1261125 1.3886371 1.3974459 1.4881287 1.5977907 1.4170711 1.4100602 1.3405137 1.3697365 1.7020861 1.3921429 1.2441357 1.2856246 1.2724080 2.5073313 1.4818335 1.6662818 1.7659743 1.4152533 1.5568195 1.3781286 1.7142292 1.7467811 1.2711365 1.5353878 1.7487896 1.5714446 1.6014301 1.8053110 1.8862098 1.8646296 2.0340638 1.5557536 2.3849360 1.7084330 1.6883926 1.6115743 0.0246097 0.0139819 0.0104147 0.0000000 0.0534431 0.0981954 0.1434520 1.8298432 2.1466642 1.7138556 1.3815377 1.8928490 1.9489186 2.3261649 2.5661155 1.9386222 
HoiH11_mRNA6155                                                  1.3377254 1.2684675 1.2228118 1.1238063 1.3001720 1.3221660 1.3790581 1.2796335 1.3065031 1.1591679 1.4177435 1.4494194 1.5015475 1.5884271 1.4735565 1.4210961 1.3420878 1.3772701 1.7305259 1.3925905 1.2421837 1.3061410 1.3059973 2.5721337 1.4851924 1.7017254 1.7957562 1.4738546 1.5993597 1.3853761 1.6756591 1.7061826 1.2723203 1.5589064 1.8034903 1.5995175 1.6454469 1.8831636 1.9613921 1.9538206 2.1409196 1.6302672 2.4675079 1.7218401 1.6714684 1.6408273 0.0427663 0.0390581 0.0461697 0.0534431 0.0000000 0.0573156 0.1028302 1.7965871 2.1281321 1.7446946 1.3710822 1.9445412 1.9881920 2.3988638 2.6888307 1.9857662 
TrH2_TrispH2_008410-RA                                           1.4445946 1.3376349 1.1871587 1.1923254 1.3577474 1.3711998 1.4292020 1.3294785 1.3399737 1.2321984 1.4598143 1.5155872 1.7105442 1.6567184 1.4829434 1.4291932 1.3583845 1.3692183 1.7322268 1.5140089 1.3097480 1.4366811 1.3906099 2.4593948 1.5105597 1.6625221 1.7294944 1.4835375 1.6344717 1.4561077 1.7853471 1.7901563 1.4649509 1.6665738 1.7825748 1.7280068 1.7232260 1.9708564 2.0613730 2.0034785 2.1581869 1.7222666 2.3622386 1.6807590 1.8103573 1.7512196 0.0788234 0.0752825 0.0852470 0.0981954 0.0573156 0.0000000 0.1359299 1.9381196 2.2290307 1.8259649 1.5342287 1.9734685 1.9311299 2.4064149 2.5757100 2.0569687 
Tadh_TriadT61998                                                 1.4674875 1.3454779 1.2724840 1.2830502 1.3921375 1.4289961 1.5269653 1.4253605 1.4024676 1.3602923 1.6010544 1.5963871 1.6947649 1.7334822 1.6564721 1.5346864 1.4625057 1.4485367 1.7794289 1.6896619 1.4047318 1.5621642 1.5362832 2.8146397 1.6921552 1.9031012 1.9417485 1.5820755 1.7926038 1.5618048 1.8839704 1.8634723 1.6514978 1.8987874 1.9772914 1.9153295 2.0338064 1.9689066 2.0825480 1.9824451 2.2562943 1.7822951 2.5226501 1.6263269 1.9125688 1.8200840 0.2182073 0.2133384 0.2216479 0.1434520 0.1028302 0.1359299 0.0000000 2.2274513 2.4858923 2.0984570 1.8253867 2.2188313 2.0756260 2.3758352 2.5757100 2.2796546 
Xesp_009418-T1                                                   1.7156624 1.7012393 1.4998663 1.5301246 1.6975251 1.7817631 1.6859411 1.6571999 1.7049650 1.6554443 1.9951468 1.7983328 2.0123522 1.9741794 1.8672518 1.6945800 1.6324143 1.6417037 2.0454482 1.5540458 1.5925202 1.6738162 1.4842704 2.8016065 2.0881014 1.9563944 2.0390922 2.0857857 2.0667239 1.7459525 2.2176599 2.2844842 1.8918874 2.3623129 2.1313301 1.8310444 2.3691365 2.1765744 2.0716216 2.1199155 2.3561465 1.9945793 2.6225051 2.0994070 1.8697177 1.9284393 1.8904372 1.8691376 1.9168519 1.8298432 1.7965871 1.9381196 2.2274513 0.0000000 0.5274217 2.3065578 2.0382150 2.3845971 2.2529466 2.6356384 2.7078592 2.0731855 
Dgig_XM_028541475.1                                              1.6892615 1.7144281 1.5696850 1.5103803 1.7161322 1.7076770 1.6425558 1.7163195 1.7248145 1.6627521 1.8973140 1.7230603 2.0407413 1.8131449 1.6956793 1.6703521 1.6073423 1.5874380 1.8166445 1.5175985 1.3906173 1.5636386 1.5354418 2.7058759 1.8778944 1.7924196 1.8098290 1.8591515 1.9240621 1.6520434 1.9937401 2.0597226 1.9516056 2.5189087 1.9645353 1.6601517 2.6758794 2.0624299 1.7905702 1.9201184 2.1773696 1.8607127 2.3420713 2.1343404 1.5081696 1.5788999 2.1982217 2.1822472 2.2371216 2.1466642 2.1281321 2.2290307 2.4858923 0.5274217 0.0000000 2.3252128 2.1548609 2.4046150 2.3626456 2.7706267 2.7971761 2.2964803 
Horcal_Hcv1.av93.c5.g1059.i1                                     2.3107743 2.1879337 1.9072934 1.8027312 2.0099675 2.0269716 2.1541572 2.0821873 2.1839486 2.0870003 2.0507931 2.0448176 2.7834985 2.1476237 2.3217950 2.0502775 1.9539878 1.9702824 2.0689309 1.9716481 1.8899335 1.7812469 1.6841120 3.2779741 1.8740710 1.9525843 2.0816236 1.8751305 2.0665061 2.0402504 2.4493022 2.5633335 1.9941135 1.9043043 2.4426209 2.3812879 2.7963718 2.3873786 2.4622202 2.3701809 2.7019856 2.2672619 2.8929021 2.1710600 2.4522813 2.5323872 1.7252364 1.7242007 1.7390845 1.7138556 1.7446946 1.8259649 2.0984570 2.3065578 2.3252128 0.0000000 0.0000010 0.3063364 0.2531497 0.3044885 0.3641543 0.4638394 
Pbac_sb2656730                                                   1.9549951 1.9743350 1.7307280 1.6561957 1.9408078 1.7845782 1.9508329 1.8472193 1.8593102 1.8762652 1.8224422 1.8449199 2.7196795 1.9695796 2.3470487 1.8855231 1.8855231 1.9443977 2.2559806 1.8261361 1.8227223 1.6788566 1.6340785 3.3584472 1.6105320 1.7837052 1.9295496 1.6397871 1.8401125 1.8214525 2.3991249 2.5299139 1.6914147 1.3260861 2.1894879 2.3841095 2.1574089 2.0975361 2.1677891 2.0478161 2.3565639 2.0070248 2.5091931 2.0316748 2.2870384 2.2210720 1.4188805 1.4175959 1.4300321 1.3815377 1.3710822 1.5342287 1.8253867 2.0382150 2.1548609 0.0000010 0.0000000 0.2083962 0.1805515 0.2163704 0.2256505 0.3590773 
Lampan_Lpan_14078_01                                             2.1855875 2.2673211 1.8906260 1.8318658 2.0697761 1.9141425 2.2099882 2.0257774 2.1486661 1.9874938 2.0061230 2.0016407 2.6696406 2.0750916 2.2922939 2.0528187 1.9771268 1.9867328 2.1266607 1.9038434 1.7961596 1.7068554 1.7807337 3.2239318 1.8829892 2.0880766 2.2305705 1.8771095 2.0261214 1.8762828 2.4258493 2.5389884 2.0683505 1.9594875 2.3507087 2.1730781 2.7420055 2.4766596 2.4580945 2.3858099 2.6128485 2.3729404 2.7547155 2.4683752 2.1860398 2.3846297 1.9157122 1.9146798 1.9201890 1.8928490 1.9445412 1.9734685 2.2188313 2.3845971 2.4046150 0.3063364 0.2083962 0.0000000 0.2079518 0.2436893 0.3446714 0.2898049 
