65
Lcom_lcpid35414                                   0.0000000 1.0771863 1.2781430 1.4598916 2.7069350 2.9507395 2.8093141 3.4971042 3.3151810 2.7191298 3.1418345 3.1092311 3.1364168 2.8654266 2.7537723 2.7630200 2.7673970 2.7387443 2.8303834 2.8222726 2.6073330 2.6433766 2.6770022 2.4861987 2.5429530 2.9392499 2.3979622 2.5429112 2.4592168 2.7770984 2.8804690 2.8471332 2.9054081 3.2675963 3.3918323 3.4183913 3.0205904 3.4977403 3.7975266 3.0280041 3.2145480 3.8863460 3.3239639 3.1504257 3.1649876 2.3931409 2.5606598 2.7446662 2.6698891 2.7854227 2.7815365 2.6774617 2.3462115 2.6250912 3.1179757 2.5443593 2.4851046 2.7746273 3.0523178 3.7947945 2.9009719 2.8572106 3.0233496 2.4018973 2.1927499 
Leuniv_Lniv_C806586_01                            1.0771863 0.0000000 1.0284172 1.1830474 2.8017113 2.9630554 2.7557804 3.6521011 2.8610199 2.4471083 2.8349700 2.9278774 2.9152115 2.8476828 2.6550054 2.7393962 2.7439299 2.8599322 2.8499538 2.8860826 2.5003548 2.4021436 2.7045097 2.4897741 2.6729331 2.6865162 2.3658891 2.5882354 2.4693656 2.7560361 2.3940745 2.6502452 3.1178798 3.0505937 3.0739844 3.4899053 3.2283653 3.4698328 3.4328248 3.1589966 2.9234299 4.1916403 3.3044208 3.3535316 3.2149100 2.6692336 2.4156606 2.6555457 2.7516655 2.9861875 3.0015878 2.7678293 2.6483194 2.9053775 3.3704147 2.5236719 2.4130971 2.6212471 2.7067878 3.3990623 2.8331130 2.9960318 2.8734227 2.7496052 1.9246532 
Scil_scict019574.1                                1.2781430 1.0284172 0.0000000 1.1515070 2.9604676 2.6908032 2.6033501 3.4251610 3.2220574 2.2540203 3.1635694 2.6968291 2.8207171 2.8908120 2.8102775 2.7972597 2.8017404 2.7800379 2.7360594 2.7360594 2.3045198 2.2969461 2.5636090 2.5891730 2.4764792 2.4368682 2.3333134 2.4137051 2.2157051 2.5277820 2.2585184 2.5365919 2.4537457 3.2148233 3.1703827 3.2649857 2.9846888 2.9767885 3.1608113 2.9646253 2.8969617 4.0332283 3.1571085 3.4685340 3.4079166 2.4050781 2.5616145 2.5475244 3.0206058 2.5556731 2.5595174 2.3997643 2.4192596 2.4926857 3.8595668 2.3290151 2.2206779 3.0685133 2.8169463 4.0713016 2.5639876 2.9436803 2.7470405 2.8992583 2.0969042 
Gracom_Gcom_scaffold12189_01                      1.4598916 1.1830474 1.1515070 0.0000000 2.5750552 3.0070880 2.7524801 3.3826257 3.3517240 2.5190721 3.1457513 2.9388682 3.2781571 3.0406275 2.8421604 2.9311504 2.9358864 2.9725363 2.9793850 3.0169934 2.4076210 2.4888371 2.6945967 2.6000885 2.6164231 2.9399181 2.7108764 2.6431634 2.5862253 2.9359459 2.5940030 2.5811034 2.7959470 2.7640061 2.7614452 3.3779848 3.2702792 3.1448891 3.3751163 3.0475308 2.8619448 3.1901132 3.6332978 3.5919099 3.5397682 2.7917625 2.9424101 2.8719799 2.9977575 2.7418575 2.7040564 2.8114001 2.5665897 2.3899889 3.1765111 2.5176063 2.4887342 3.0223275 3.0259082 3.6297914 2.6146085 3.1234889 2.8202354 2.9041678 2.2399623 
Emue_Em0005g1396a.t1                              2.7069350 2.8017113 2.9604676 2.5750552 0.0000000 0.5769566 0.4853418 2.1774244 1.6152954 1.8013988 1.9797953 1.9072895 2.8402132 2.4593130 2.3899603 2.4070524 2.4110204 2.2482296 2.3704948 2.3627577 2.7105290 2.8363624 2.3894475 2.4344560 2.5505300 2.8497681 2.8065788 2.7893964 2.8612805 3.2574893 2.5323682 2.4540004 3.3440671 3.2005432 3.1239223 3.0269497 2.8230793 3.0495325 3.6123597 3.7435829 3.1232141 3.0934667 3.0596402 3.3774532 3.6056035 2.1897421 2.6410859 2.7582582 3.2850405 2.7418055 2.6752666 3.1592806 2.4108229 2.1100535 3.7136351 2.4604886 1.7295692 2.3503346 1.8729243 2.2810408 2.2914677 2.7266998 2.7971773 2.4363126 2.0962553 
Spolac_c88850_g1_i2_m.5274c88850-g1               2.9507395 2.9630554 2.6908032 3.0070880 0.5769566 0.0000000 0.0533177 2.7783892 1.6479368 1.9610241 2.4464509 1.6814288 3.2941575 2.4653879 2.3085699 2.4658355 2.4658355 2.3389406 2.5070802 2.5070802 2.8229229 3.0488864 2.5413841 2.5702053 2.6730186 3.0626008 3.1189802 2.7878506 3.0287899 3.7536485 2.5569496 2.6671204 4.2780458 3.1679410 2.9977088 3.0712082 2.8694707 3.0816274 3.2839817 3.4204374 3.2419763 2.9164532 3.5292799 3.5968160 3.6002232 2.3084188 2.7460744 3.2316654 3.0561892 2.8562107 2.6637781 7.6424041 2.5851350 2.3339567 4.9605665 2.8490109 1.8504921 2.7547874 2.1285746 3.4632286 2.4788691 3.0521927 3.2096039 2.6573304 2.1165624 
Spolac_c88850_g1_i3_m.5276c88850-g1               2.8093141 2.7557804 2.6033501 2.7524801 0.4853418 0.0533177 0.0000000 2.3743576 1.6479368 1.6599791 2.1093985 1.8143830 2.8781538 2.4686564 2.2632691 2.4547400 2.4588215 2.2936830 2.4909335 2.4957841 2.8209471 2.9766430 2.5432863 2.5586796 2.7191533 2.9752630 2.9915045 2.6802749 2.8295878 3.2242095 2.4215293 2.5166535 3.2392144 3.3097692 3.1646215 3.0712082 2.8694707 3.0816274 3.3373161 3.3932450 3.2031837 3.1640802 3.2301479 3.1595740 3.2825456 2.2002858 2.6510684 2.9498194 3.0179971 2.6396937 2.5051797 2.8041260 2.4539437 2.1098174 4.3257300 2.7627638 1.8162255 2.5456081 2.0930239 2.5793482 2.4292611 2.7605403 2.9350824 2.6820226 2.0850624 
Aque_Aqu2.1.37735_001                             3.4971042 3.6521011 3.4251610 3.3826257 2.1774244 2.7783892 2.3743576 0.0000000 0.6328967 1.7356080 1.5453911 2.1298231 2.8866017 2.8509406 2.9307456 2.8262708 2.8309966 2.6742667 2.7514019 2.7386035 2.5959102 2.6652080 2.9376420 2.7724334 2.7909300 2.7468354 2.8264035 2.8363782 2.6590687 2.6845447 2.5774425 2.4305393 3.0121089 3.0032721 3.1664837 3.1352529 3.3806922 2.7261425 3.2362808 2.9548943 3.2468823 3.6941989 2.9276288 3.5626756 3.5035156 2.7517014 2.4939167 2.9718130 2.9737568 2.7433329 2.5379238 3.1816613 2.6507834 2.3509847 4.3364272 2.4589652 1.9930186 2.7300720 2.5391034 2.7001221 2.5829461 2.7760157 2.7997154 2.5884008 2.4437728 
Halamb_c68835_g1_i1m.46901                        3.3151810 2.8610199 3.2220574 3.3517240 1.6152954 1.6479368 1.6479368 0.6328967 0.0000000 1.5125160 1.8558533 1.6186234 1.7828383 1.6242471 1.7040630 1.7313540 1.7313540 1.6118443 1.6745170 1.6745170 2.1403950 2.1246617 2.0667693 1.8658113 2.1391928 2.1823246 1.9542882 2.9805716 1.9542882 0.6985531 2.2909016 1.8850381 4.5262298 2.3642545 2.2667822 2.1573513 2.1707015 2.1672446 2.1672446 2.1705009 2.7375645 2.6401314 2.3275907 2.5429417 2.5738705 2.3084503 2.2548610 2.4202821 3.0847985 2.3667116 2.6367054 3.8701669 1.8590638 1.4841470 0.0000010 1.9901520 1.8969700 1.5866326 1.9709735 0.0000010 1.8920142 2.1913945 2.5467731 1.6680972 1.8158682 
Tetwil_g11684.t1                                  2.7191298 2.4471083 2.2540203 2.5190721 1.8013988 1.9610241 1.6599791 1.7356080 1.5125160 0.0000000 1.8666345 1.2382903 2.3829196 2.1736920 2.0967543 2.2108542 2.2144681 2.0578160 2.0816004 2.0924516 2.0610512 2.0834847 2.1999993 2.0524331 2.0346131 2.1059436 2.0120191 2.1028537 1.9835052 2.1497000 2.0531047 2.2019443 2.4418556 2.7319653 2.8798370 2.3685235 2.2430472 2.1284920 2.6573109 2.3164649 2.5871006 2.5545629 2.5854416 2.7426258 2.7762923 2.1887486 2.5089335 2.6973764 2.3581563 2.3653221 2.3621754 2.7129455 2.2619129 2.1312044 2.8964467 2.1851705 1.4743293 2.3908591 1.8910201 2.0842715 2.0741894 2.1200358 2.4389628 2.1472442 1.7477270 
Xestes_maker-XT_scaffold695-snap-gene-0.29-mRNA-1 3.1418345 2.8349700 3.1635694 3.1457513 1.9797953 2.4464509 2.1093985 1.5453911 1.8558533 1.8666345 0.0000000 2.0390778 3.1985013 2.7333842 2.6043523 2.8934243 2.9008318 3.0204320 3.0652067 3.0652067 2.2927637 2.5903249 2.4568628 2.3707003 2.3597876 2.3482468 2.1730167 2.4595007 2.3611971 2.4598842 2.2007480 2.9392845 2.8646611 3.9288354 3.9303509 3.5027313 5.3234952 3.1521144 3.4361576 2.9283610 2.9980886 3.5418459 3.2573417 3.1606976 2.9463291 2.3716102 2.9440277 2.7731044 3.1551490 2.9688649 2.6936350 2.4219000 2.7134768 2.6259420 3.2098090 2.4905746 1.9387492 2.6620424 2.0616181 1.8147437 2.6389087 2.6692848 2.7189616 2.9644266 2.0849266 
Stycar_maker-SC_scaffold2219-snap-gene-0.5-mRNA-1 3.1092311 2.9278774 2.6968291 2.9388682 1.9072895 1.6814288 1.8143830 2.1298231 1.6186234 1.2382903 2.0390778 0.0000000 2.7696573 2.4188412 2.2717063 2.4505612 2.4505612 2.2553470 2.3233526 2.2862016 2.4919447 2.5033690 2.7692000 2.3918066 2.5104304 2.9010590 2.3896529 2.5434000 2.3135033 2.5712556 2.4135916 2.3131317 2.9989671 2.6639333 2.6810475 2.5635369 2.4923093 2.3780885 2.6703794 3.0097119 2.4986735 3.0240384 2.7347856 3.0248427 3.0909317 2.4490719 2.7410675 2.8802509 2.8067424 2.6540264 2.6089848 8.9999982 2.4019869 2.2543117 3.1835537 2.3181266 1.7117305 2.4380557 2.0077856 2.4960614 2.1165176 2.3567178 2.3929972 2.3778351 1.6828949 
Morvir_scaffold31.g38.t1                          3.1364168 2.9152115 2.8207171 3.2781571 2.8402132 3.2941575 2.8781538 2.8866017 1.7828383 2.3829196 3.1985013 2.7696573 0.0000000 1.7027623 1.7447482 1.7492112 1.7523867 1.6892657 1.9027781 1.9129309 2.1210068 2.1892183 2.1649894 1.9855373 1.9991489 2.0341324 2.3535830 2.0712056 1.8770609 1.8232627 2.4663843 1.8043208 1.9853142 2.7521510 2.6584973 2.7987253 2.7161408 2.5893158 3.1679907 2.8148258 2.4861279 2.8435739 2.9488573 2.5151120 2.6402306 2.1597079 1.9266207 2.1895897 2.1574079 1.9653729 1.7443323 2.6598196 2.3433869 2.3462990 3.2407743 2.3422364 1.9215183 2.2323867 2.1640618 2.7750540 2.6569056 2.7652204 2.4205602 2.5626410 1.9804837 
HoiH23_PlH23_004710-RA                            2.8654266 2.8476828 2.8908120 3.0406275 2.4593130 2.4653879 2.4686564 2.8509406 1.6242471 2.1736920 2.7333842 2.4188412 1.7027623 0.0000000 0.0989315 0.2079756 0.2038159 0.3215304 0.4366539 0.4386633 2.1267827 2.0582602 2.0375483 1.9254342 2.2304859 2.1123471 2.3905834 1.8742463 1.9275914 2.2327551 2.0857402 2.2070249 2.0534198 2.8941378 2.7887438 2.5268801 2.2902404 2.4721737 2.9388784 2.9052644 2.5465945 2.7003520 2.9544528 2.6564181 2.6336543 2.0317454 2.1427432 2.1606119 2.4214739 1.9705050 1.9880085 2.7351424 2.1930343 2.3300305 3.3222455 2.1001133 1.5170724 2.0538912 2.1170332 3.2282039 2.3266132 2.4831495 2.0649567 2.6744225 2.0705900 
HoiH06_mRNA2026                                   2.7537723 2.6550054 2.8102775 2.8421604 2.3899603 2.3085699 2.2632691 2.9307456 1.7040630 2.0967543 2.6043523 2.2717063 1.7447482 0.0989315 0.0000000 0.2044674 0.2090456 0.3496353 0.4694825 0.4694825 2.1675498 2.0949947 2.1384226 1.9779375 2.2681791 2.1704002 2.4797636 1.9028733 1.9007944 2.2289163 2.1827812 2.3122549 2.1730679 2.7496763 2.7081157 2.6379235 2.4329944 2.4472972 2.8817664 2.7593133 2.6079393 2.5920540 3.0215592 2.7723436 2.7635125 2.0140274 2.1012416 2.1237954 2.4201069 2.0056119 1.9460881 2.5577956 2.1375205 2.3599308 3.2903741 2.1664538 1.3974534 2.1133467 2.1039795 2.9164714 2.2988482 2.3957731 2.2307988 2.7437273 2.0173442 
Hhon_g05683.t1                                    2.7630200 2.7393962 2.7972597 2.9311504 2.4070524 2.4658355 2.4547400 2.8262708 1.7313540 2.2108542 2.8934243 2.4505612 1.7492112 0.2079756 0.2044674 0.0000000 0.0030403 0.3452871 0.4656665 0.4678285 2.1041462 2.0731145 2.0070084 1.9072615 2.1393460 2.2079588 2.4043376 1.8934978 1.9246496 2.2714383 2.2871464 2.2436151 1.8816309 2.9922556 2.8830519 2.7991497 2.5883495 2.5963223 3.1052416 2.9278373 2.6593903 2.5624900 3.0468163 2.6802861 2.7681129 2.0881263 2.1723750 2.2366716 2.3733792 2.1099494 1.9729153 2.8305921 2.1761644 2.4478467 3.1222348 2.2733282 1.5536607 1.9992017 2.1512111 3.4044840 2.3337927 2.4541918 2.1608696 2.7668985 2.0991412 
HoiH04_mRNA10047                                  2.7673970 2.7439299 2.8017404 2.9358864 2.4110204 2.4658355 2.4588215 2.8309966 1.7313540 2.2144681 2.9008318 2.4505612 1.7523867 0.2038159 0.2090456 0.0030403 0.0000000 0.3402682 0.4595058 0.4616382 2.1022946 2.0711595 2.0052030 1.9056503 2.1374352 2.2054502 2.4043376 1.8916438 1.9223282 2.2680492 2.2852632 2.2473331 1.8818313 2.9952603 2.8860410 2.7991497 2.5883495 2.5963223 3.1109277 2.9181922 2.6559858 2.5622417 3.0433428 2.6473007 2.7334133 2.0881263 2.1723885 2.2388784 2.3662431 2.1135544 1.9763593 2.8466350 2.1799553 2.4501889 3.1333821 2.2755195 1.5565539 2.0076985 2.1548541 3.4164338 2.3337927 2.4566743 2.1645284 2.7668985 2.0991412 
HoiH11_mRNA1098                                   2.7387443 2.8599322 2.7800379 2.9725363 2.2482296 2.3389406 2.2936830 2.6742667 1.6118443 2.0578160 3.0204320 2.2553470 1.6892657 0.3215304 0.3496353 0.3452871 0.3402682 0.0000000 0.5055040 0.5078287 2.0296962 1.9489299 2.0379149 1.8988465 2.1617654 2.1398716 2.2853606 1.8756430 1.8243235 2.1038476 2.2370561 2.0971735 1.9756999 2.7910333 2.7484844 2.8214822 2.5796697 2.6647397 3.1245820 2.9257052 2.3833214 2.5513148 2.7485381 2.5731790 2.5956316 1.9894486 2.1182017 2.1210612 2.2649604 2.1075225 1.9822247 2.8721015 2.1109927 2.4402442 3.0500181 2.1112830 1.5351769 2.0745896 2.0546865 3.1829242 2.0478538 2.4290319 2.3259903 2.7516061 1.9678573 
TrH2_TrispH2_009173-RA                            2.8303834 2.8499538 2.7360594 2.9793850 2.3704948 2.5070802 2.4909335 2.7514019 1.6745170 2.0816004 3.0652067 2.3233526 1.9027781 0.4366539 0.4694825 0.4656665 0.4595058 0.5055040 0.0000000 0.0031602 2.0596759 1.9758780 2.0330534 1.9498091 2.0418275 2.2752057 2.3775247 2.1376522 2.0888377 2.4893647 2.3871609 2.1929387 2.0294442 3.0616652 2.8590251 2.5796192 2.2761367 2.4122984 2.9099465 2.8862300 2.7839555 2.4809811 2.8074185 2.7494925 2.7291638 2.1714706 1.9197201 2.2400725 2.3333064 2.0262220 1.9636083 3.2348117 2.2379278 2.3807560 3.5704215 2.1267382 1.5928993 1.9959094 2.0689161 3.5972161 2.1307677 2.4659894 2.2231632 2.7130065 2.0252222 
Tadh_TriadT58416                                  2.8222726 2.8860826 2.7360594 3.0169934 2.3627577 2.5070802 2.4957841 2.7386035 1.6745170 2.0924516 3.0652067 2.2862016 1.9129309 0.4386633 0.4694825 0.4678285 0.4616382 0.5078287 0.0031602 0.0000000 2.0533314 1.9692449 2.0264791 1.9438895 2.0354183 2.2659602 2.3628923 2.1298503 2.0793415 2.4755655 2.3924744 2.1969491 2.0310397 3.0464146 2.8446564 2.5796192 2.2761367 2.4122984 2.9099465 2.8703114 2.7839555 2.4809811 2.7923950 2.7494925 2.7291638 2.1644304 1.9075992 2.2330994 2.3375248 2.0171489 1.9547167 3.4092757 2.2646668 2.3730510 3.5704215 2.1316697 1.5708831 2.0192298 2.0634643 3.5734890 2.1307677 2.4575510 2.2351956 2.7130065 2.0450507 
Fspp_ffun1.m4.7844.m1                             2.6073330 2.5003548 2.3045198 2.4076210 2.7105290 2.8229229 2.8209471 2.5959102 2.1403950 2.0610512 2.2927637 2.4919447 2.1210068 2.1267827 2.1675498 2.1041462 2.1022946 2.0296962 2.0596759 2.0533314 0.0000000 0.1418323 0.6505867 0.5614141 0.6489021 0.4166215 0.9816654 1.0772122 0.9329693 0.9333992 1.6862219 1.6446341 1.7946822 2.7353499 2.7122723 2.8025042 2.5818982 2.5030499 2.9754252 2.5883946 2.1908873 2.6367752 2.4945470 2.6158376 2.6370839 1.9264442 2.1770587 2.0575675 1.9524796 1.9620223 1.7411501 2.8742574 2.1431693 2.1616927 3.2255949 2.0768336 1.6694408 2.0015165 2.0175705 3.1009698 2.7017913 2.6226313 2.7392283 2.0823915 1.2875195 
Fspp_ffun1.m4.24711.m1                            2.6433766 2.4021436 2.2969461 2.4888371 2.8363624 3.0488864 2.9766430 2.6652080 2.1246617 2.0834847 2.5903249 2.5033690 2.1892183 2.0582602 2.0949947 2.0731145 2.0711595 1.9489299 1.9758780 1.9692449 0.1418323 0.0000000 0.7040916 0.6151280 0.6546193 0.4414909 1.0565680 1.1612106 0.9880069 1.0100706 1.6642032 1.6987135 1.8845726 2.8894135 2.6854817 3.0437313 2.7873948 2.7110698 3.2080346 2.4169630 2.2239756 2.6290787 2.6652544 2.5797782 2.7256506 1.9234928 2.1094843 2.1105247 2.0215048 1.9539130 1.7847654 2.3127247 1.9927997 2.1018135 3.6097838 2.1434972 1.7704306 1.8529182 2.0254501 3.7982917 2.8085046 2.4366787 2.8225057 2.1190211 1.2635269 
Spis_XP_022800682_1                               2.6770022 2.7045097 2.5636090 2.6945967 2.3894475 2.5413841 2.5432863 2.9376420 2.0667693 2.1999993 2.4568628 2.7692000 2.1649894 2.0375483 2.1384226 2.0070084 2.0052030 2.0379149 2.0330534 2.0264791 0.6505867 0.7040916 0.0000000 0.2096787 0.5633565 0.6340352 0.7762797 0.8518588 0.7050536 0.7372683 1.7848156 1.7997429 1.7361653 2.6406049 2.7147875 2.8167229 2.5010393 2.2731637 2.7837033 2.6281553 2.4852196 2.6208855 2.6583477 2.4670709 2.3414028 1.9089622 1.9889621 2.2706802 2.1446648 1.9599239 1.8287788 2.3005649 2.2630051 2.0208714 3.2156289 2.1986763 1.8168571 2.0994943 2.0741464 2.9623741 2.6414256 2.4970571 2.4240599 2.1725892 1.4279776 
Pocdam_XM_027185901.1                             2.4861987 2.4897741 2.5891730 2.6000885 2.4344560 2.5702053 2.5586796 2.7724334 1.8658113 2.0524331 2.3707003 2.3918066 1.9855373 1.9254342 1.9779375 1.9072615 1.9056503 1.8988465 1.9498091 1.9438895 0.5614141 0.6151280 0.2096787 0.0000000 0.5228864 0.5615786 0.6941877 0.8300128 0.6770059 0.6778409 1.5631761 1.7424775 1.6847437 2.5990249 2.6431787 2.8606212 2.5942852 2.4004550 2.8397880 2.6076899 2.3185916 2.4993874 2.4197887 2.4580433 2.2772917 1.8736614 2.0220278 2.1581621 2.1172972 1.8577024 1.7864138 2.2235666 2.1310887 2.0034088 3.0145820 2.2102583 1.6793121 2.0253112 1.9490103 2.8969052 2.7305197 2.4095452 2.3280657 2.1148993 1.3588771 
Gfas_gfas1.m1.11758.m1                            2.5429530 2.6729331 2.4764792 2.6164231 2.5505300 2.6730186 2.7191533 2.7909300 2.1391928 2.0346131 2.3597876 2.5104304 1.9991489 2.2304859 2.2681791 2.1393460 2.1374352 2.1617654 2.0418275 2.0354183 0.6489021 0.6546193 0.5633565 0.5228864 0.0000000 0.5844316 0.7084690 0.8221652 0.6831700 0.6756328 1.5435478 1.6417341 1.8852074 2.7898660 2.6443887 3.0972626 2.9393253 2.5262328 2.8551271 2.3562790 2.2421454 2.9678863 2.5100411 2.6880089 2.6409982 1.9647101 1.9891419 2.2356778 2.1686875 1.9829481 1.8542178 2.6431663 2.1151139 2.0987884 3.2579920 2.1430490 1.8810409 2.0722469 2.1137904 3.5874041 2.5204245 2.4083291 3.0450554 2.0456497 1.2077414 
Gasp_gasp1.m3.8328.m1                             2.9392499 2.6865162 2.4368682 2.9399181 2.8497681 3.0626008 2.9752630 2.7468354 2.1823246 2.1059436 2.3482468 2.9010590 2.0341324 2.1123471 2.1704002 2.2079588 2.2054502 2.1398716 2.2752057 2.2659602 0.4166215 0.4414909 0.6340352 0.5615786 0.5844316 0.0000000 0.8757402 0.7600521 0.7865245 0.7575735 1.4064695 1.6483713 1.7886677 2.6628832 2.4348647 2.8843685 2.6936388 2.3120069 2.9619571 2.3928995 2.2121935 2.8538873 2.6087266 2.8239577 2.8274477 1.7974900 2.1224270 2.3049643 1.8460063 1.7158438 1.6709341 2.0822671 2.3477111 2.5939501 3.1915329 2.2599834 1.9453888 2.1023456 2.3859794 3.2075851 3.0639263 2.6828788 2.8682717 2.2401714 1.7365331 
Amil_Amillepora14612-RA                           2.3979622 2.3658891 2.3333134 2.7108764 2.8065788 3.1189802 2.9915045 2.8264035 1.9542882 2.0120191 2.1730167 2.3896529 2.3535830 2.3905834 2.4797636 2.4043376 2.4043376 2.2853606 2.3775247 2.3628923 0.9816654 1.0565680 0.7762797 0.6941877 0.7084690 0.8757402 0.0000000 0.0573461 0.0635128 0.0777059 1.4444810 1.9773797 2.0378801 2.8684490 2.7898557 2.3123559 1.8498848 1.8957127 2.3304713 2.5145234 2.3503165 2.6884482 2.4766669 2.7576461 2.8956702 1.5883013 1.8810251 2.4608460 2.0893162 1.7976880 1.6804797 1.7703927 2.1615116 2.3868685 3.5303214 1.8263418 1.4274653 2.0251199 2.1937096 3.3519122 2.6070917 2.4416835 2.7447063 2.2919729 1.6500899 
Amil_Amillepora14636-RA                           2.5429112 2.5882354 2.4137051 2.6431634 2.7893964 2.7878506 2.6802749 2.8363782 2.9805716 2.1028537 2.4595007 2.5434000 2.0712056 1.8742463 1.9028733 1.8934978 1.8916438 1.8756430 2.1376522 2.1298503 1.0772122 1.1612106 0.8518588 0.8300128 0.8221652 0.7600521 0.0573461 0.0000000 0.0243400 0.0525998 1.3883481 1.9016393 1.8170347 2.8659761 2.7942391 2.6806830 2.4217954 2.5108211 3.1873886 2.4625625 2.4350635 2.9582791 2.4917363 2.6881368 2.6829463 2.0171401 2.2673957 2.1587738 2.2028268 1.9198112 1.8442104 2.2802092 2.2989071 2.2890519 3.4148450 2.1884776 1.9071449 2.0990631 2.0811122 2.6565029 2.7215253 2.3927501 2.5655379 2.2609775 1.8412173 
Adig_XM_015901857.1                               2.4592168 2.4693656 2.2157051 2.5862253 2.8612805 3.0287899 2.8295878 2.6590687 1.9542882 1.9835052 2.3611971 2.3135033 1.8770609 1.9275914 1.9007944 1.9246496 1.9223282 1.8243235 2.0888377 2.0793415 0.9329693 0.9880069 0.7050536 0.6770059 0.6831700 0.7865245 0.0635128 0.0243400 0.0000000 0.0526777 1.3623295 1.7561709 1.8109269 2.8315242 2.7869543 2.4676070 1.8650732 2.0338850 3.1399385 2.3929903 2.2782343 3.1662855 2.5275802 2.7073977 2.7792741 1.8162431 1.9974499 2.3331443 1.9557951 1.7553958 1.6415251 2.2530986 2.2832135 2.4046674 3.4205248 2.0036576 1.6769107 2.0082874 2.2010853 2.7850560 2.9562929 2.3455586 2.5078663 2.2211432 1.7107627 
Adig_XM_015924693.1                               2.7770984 2.7560361 2.5277820 2.9359459 3.2574893 3.7536485 3.2242095 2.6845447 0.6985531 2.1497000 2.4598842 2.5712556 1.8232627 2.2327551 2.2289163 2.2714383 2.2680492 2.1038476 2.4893647 2.4755655 0.9333992 1.0100706 0.7372683 0.6778409 0.6756328 0.7575735 0.0777059 0.0525998 0.0526777 0.0000000 1.5111713 1.9121988 1.7339830 3.4333283 3.4760047 4.4273339 6.1058824 2.9965239 3.8748751 2.8018400 2.6895048 4.1867860 2.7624399 3.0038280 3.1112045 2.0400795 2.3763517 2.5311216 2.1250878 2.0884602 1.7626210 2.3579290 2.5357263 2.6894198 3.1325992 2.2764207 2.0445582 2.0879526 2.3212239 2.7127623 3.8234158 2.5602223 2.7493053 2.4797277 2.1390167 
Nvec_v1g248344                                    2.8804690 2.3940745 2.2585184 2.5940030 2.5323682 2.5569496 2.4215293 2.5774425 2.2909016 2.0531047 2.2007480 2.4135916 2.4663843 2.0857402 2.1827812 2.2871464 2.2852632 2.2370561 2.3871609 2.3924744 1.6862219 1.6642032 1.7848156 1.5631761 1.5435478 1.4064695 1.4444810 1.3883481 1.3623295 1.5111713 0.0000000 1.7641990 1.9007844 2.5940450 2.4654117 2.7506614 2.5250267 2.3373038 2.6932511 2.3030947 2.3507839 2.8734560 2.6248386 2.7141432 2.4979130 2.0071175 2.4354447 2.3085220 2.3860124 2.1912734 2.2387661 2.6372522 2.3717138 1.8806383 2.9461347 2.1260889 1.8981427 2.2003371 2.0717804 2.8792136 2.5615510 2.3821761 2.5417413 2.0883231 1.6076490 
Dgig_XM_028550106.1                               2.8471332 2.6502452 2.5365919 2.5811034 2.4540004 2.6671204 2.5166535 2.4305393 1.8850381 2.2019443 2.9392845 2.3131317 1.8043208 2.2070249 2.3122549 2.2436151 2.2473331 2.0971735 2.1929387 2.1969491 1.6446341 1.6987135 1.7997429 1.7424775 1.6417341 1.6483713 1.9773797 1.9016393 1.7561709 1.9121988 1.7641990 0.0000000 1.5927844 2.2572828 2.1225512 2.3876510 2.3473902 2.1551721 2.6008625 2.4736797 2.2179183 2.6144348 2.3004709 2.4328987 2.3372786 1.5986365 2.0479322 2.3140626 2.0160598 2.0433477 2.0670106 2.9323683 2.2900717 1.9444713 2.9583948 2.0362477 1.4494453 2.0475352 1.9785437 3.6356879 2.2938434 2.4000716 2.6022140 1.8469836 1.6294902 
Xesp_002481-T1                                    2.9054081 3.1178798 2.4537457 2.7959470 3.3440671 4.2780458 3.2392144 3.0121089 4.5262298 2.4418556 2.8646611 2.9989671 1.9853142 2.0534198 2.1730679 1.8816309 1.8818313 1.9756999 2.0294442 2.0310397 1.7946822 1.8845726 1.7361653 1.6847437 1.8852074 1.7886677 2.0378801 1.8170347 1.8109269 1.7339830 1.9007844 1.5927844 0.0000000 3.0699656 2.9277053 4.3002823 5.4316138 2.9387721 3.4551543 3.2920790 3.1981812 3.5673089 2.6738901 2.7441527 2.6976525 2.1175059 2.2926779 2.0879506 2.0406753 2.1870894 2.0213973 2.8443859 3.2814584 2.6970241 3.3096699 2.5700015 2.0043899 1.9254931 3.0897536 4.1207759 4.0124763 2.4791283 2.8383457 2.8879094 2.1095679 
Horcal_Hcv1.av93.c6.g678.i1                       3.2675963 3.0505937 3.2148233 2.7640061 3.2005432 3.1679410 3.3097692 3.0032721 2.3642545 2.7319653 3.9288354 2.6639333 2.7521510 2.8941378 2.7496763 2.9922556 2.9952603 2.7910333 3.0616652 3.0464146 2.7353499 2.8894135 2.6406049 2.5990249 2.7898660 2.6628832 2.8684490 2.8659761 2.8315242 3.4333283 2.5940450 2.2572828 3.0699656 0.0000000 0.1994391 1.2386301 1.0708926 1.0708090 1.5469784 1.6817220 1.3020847 1.6925220 1.4915330 1.6045972 1.6139926 2.6283445 2.4609112 2.4924192 2.7282171 2.6037216 2.5182095 5.0188344 3.2163358 2.3405996 2.4929812 3.0466988 1.9696507 3.0344121 2.3522477 3.7366338 2.6347072 3.3933627 2.9510612 2.4831494 2.4144722 
Pbac_sb2654931                                    3.3918323 3.0739844 3.1703827 2.7614452 3.1239223 2.9977088 3.1646215 3.1664837 2.2667822 2.8798370 3.9303509 2.6810475 2.6584973 2.7887438 2.7081157 2.8830519 2.8860410 2.7484844 2.8590251 2.8446564 2.7122723 2.6854817 2.7147875 2.6431787 2.6443887 2.4348647 2.7898557 2.7942391 2.7869543 3.4760047 2.4654117 2.1225512 2.9277053 0.1994391 0.0000000 1.2904949 1.1621529 1.2106987 1.7082238 1.8000355 1.3657054 1.7989314 1.6431481 1.7745724 1.7937889 2.5961809 2.5666258 2.4382895 2.7850243 2.6517496 2.5202415 4.7789150 3.3429252 2.6167196 2.6138093 2.8654194 2.2116975 3.1035589 2.4118771 4.3208835 2.5925644 3.2666868 2.9206633 2.4660778 2.4724366 
Bolinf_Binf_sb1194123                             3.4183913 3.4899053 3.2649857 3.3779848 3.0269497 3.0712082 3.0712082 3.1352529 2.1573513 2.3685235 3.5027313 2.5635369 2.7987253 2.5268801 2.6379235 2.7991497 2.7991497 2.8214822 2.5796192 2.5796192 2.8025042 3.0437313 2.8167229 2.8606212 3.0972626 2.8843685 2.3123559 2.6806830 2.4676070 4.4273339 2.7506614 2.3876510 4.3002823 1.2386301 1.2904949 0.0000000 0.0070410 0.4707822 0.4791218 0.9450275 1.1247733 1.1178981 1.5591007 1.6178883 1.6878036 2.4061366 2.8640528 2.4388669 2.4971981 2.0841588 2.1678346 9.0000000 2.3533023 2.4924680 2.6815212 2.3803097 2.0334282 2.2580377 2.4700362 3.3325590 2.3189755 3.2170251 3.2771199 2.3253739 2.3809116 
Mertsp_Mesp_sb520856                              3.0205904 3.2283653 2.9846888 3.2702792 2.8230793 2.8694707 2.8694707 3.3806922 2.1707015 2.2430472 5.3234952 2.4923093 2.7161408 2.2902404 2.4329944 2.5883495 2.5883495 2.5796697 2.2761367 2.2761367 2.5818982 2.7873948 2.5010393 2.5942852 2.9393253 2.6936388 1.8498848 2.4217954 1.8650732 6.1058824 2.5250267 2.3473902 5.4316138 1.0708926 1.1621529 0.0070410 0.0000000 0.4649709 0.4649709 0.8151278 0.9781768 0.9899608 1.5438232 1.5312315 1.6506062 2.2763957 2.9876879 2.3553271 2.3369788 1.8224138 1.9560611 9.0000000 2.1407655 2.3310808 4.4609064 2.1081434 2.0372522 2.1539999 2.3870044 0.0000010 1.9857920 3.0356433 3.0809941 2.1039316 2.3206551 
Vmul_sbMO373655                                   3.4977403 3.4698328 2.9767885 3.1448891 3.0495325 3.0816274 3.0816274 2.7261425 2.1672446 2.1284920 3.1521144 2.3780885 2.5893158 2.4721737 2.4472972 2.5963223 2.5963223 2.6647397 2.4122984 2.4122984 2.5030499 2.7110698 2.2731637 2.4004550 2.5262328 2.3120069 1.8957127 2.5108211 2.0338850 2.9965239 2.3373038 2.1551721 2.9387721 1.0708090 1.2106987 0.4707822 0.4649709 0.0000000 0.0000010 0.9406130 0.9985988 1.1358316 1.5509019 1.5140696 1.5469520 2.2524440 2.3978413 2.3366919 2.2991991 2.0121522 2.0876488 9.0000000 2.2275753 2.4326726 3.7123477 2.0782110 2.1598502 2.4132922 2.2027780 3.1189303 2.1793518 2.8061202 2.6747303 2.4032907 2.1900343 
Mlei_ML0380.g25.i1                                3.7975266 3.4328248 3.1608113 3.3751163 3.6123597 3.2839817 3.3373161 3.2362808 2.1672446 2.6573109 3.4361576 2.6703794 3.1679907 2.9388784 2.8817664 3.1052416 3.1109277 3.1245820 2.9099465 2.9099465 2.9754252 3.2080346 2.7837033 2.8397880 2.8551271 2.9619571 2.3304713 3.1873886 3.1399385 3.8748751 2.6932511 2.6008625 3.4551543 1.5469784 1.7082238 0.4791218 0.4649709 0.0000010 0.0000000 1.3851812 1.2650879 1.3881371 2.0428496 2.0239183 2.0387937 2.6361232 2.8857011 2.7693300 2.8313088 2.3436474 2.4764764 6.0643506 2.8675996 3.1237153 2.9579031 2.7651910 2.9724067 3.1397460 2.7215341 4.0889863 2.5414637 3.4724451 3.3675648 2.9860740 2.2753100 
Beraby_Baby_sb325408                              3.0280041 3.1589966 2.9646253 3.0475308 3.7435829 3.4204374 3.3932450 2.9548943 2.1705009 2.3164649 2.9283610 3.0097119 2.8148258 2.9052644 2.7593133 2.9278373 2.9181922 2.9257052 2.8862300 2.8703114 2.5883946 2.4169630 2.6281553 2.6076899 2.3562790 2.3928995 2.5145234 2.4625625 2.3929903 2.8018400 2.3030947 2.4736797 3.2920790 1.6817220 1.8000355 0.9450275 0.8151278 0.9406130 1.3851812 0.0000000 1.3318410 1.6352172 1.7416364 1.8224036 1.7736724 2.4259384 2.5694238 2.6158701 2.7085109 2.2357365 2.1730460 3.7393503 2.6382107 2.6016066 2.4241400 2.5199691 2.2098093 3.0219740 2.3972628 3.3800143 2.6054396 2.8861285 2.7712194 2.3118802 2.3330420 
Drygla_Dgla_sb296213                              3.2145480 2.9234299 2.8969617 2.8619448 3.1232141 3.2419763 3.2031837 3.2468823 2.7375645 2.5871006 2.9980886 2.4986735 2.4861279 2.5465945 2.6079393 2.6593903 2.6559858 2.3833214 2.7839555 2.7839555 2.1908873 2.2239756 2.4852196 2.3185916 2.2421454 2.2121935 2.3503165 2.4350635 2.2782343 2.6895048 2.3507839 2.2179183 3.1981812 1.3020847 1.3657054 1.1247733 0.9781768 0.9985988 1.2650879 1.3318410 0.0000000 1.6787953 1.6822338 1.7536312 1.7640943 2.4260279 2.9234615 2.5548205 2.6413578 2.3020570 2.1431318 3.5238728 2.5308587 2.5379620 2.3345644 2.5322637 1.8994592 2.7265461 2.3786359 3.3715874 2.4462967 2.8909529 2.7438130 2.4701549 2.0824759 
Lampan_Lpan_15614_01                              3.8863460 4.1916403 4.0332283 3.1901132 3.0934667 2.9164532 3.1640802 3.6941989 2.6401314 2.5545629 3.5418459 3.0240384 2.8435739 2.7003520 2.5920540 2.5624900 2.5622417 2.5513148 2.4809811 2.4809811 2.6367752 2.6290787 2.6208855 2.4993874 2.9678863 2.8538873 2.6884482 2.9582791 3.1662855 4.1867860 2.8734560 2.6144348 3.5673089 1.6925220 1.7989314 1.1178981 0.9899608 1.1358316 1.3881371 1.6352172 1.6787953 0.0000000 2.0507371 2.0554281 2.0251856 2.9820281 2.9778642 2.6709882 2.7905940 2.2704930 2.4724545 4.7119485 2.7603578 2.4637339 4.5208774 2.5998096 2.4540264 3.2446787 2.7525510 5.4022893 2.5126841 3.6072846 3.2125432 2.3651819 2.3555745 
Vmul_sbMO400125                                   3.3239639 3.3044208 3.1571085 3.6332978 3.0596402 3.5292799 3.2301479 2.9276288 2.3275907 2.5854416 3.2573417 2.7347856 2.9488573 2.9544528 3.0215592 3.0468163 3.0433428 2.7485381 2.8074185 2.7923950 2.4945470 2.6652544 2.6583477 2.4197887 2.5100411 2.6087266 2.4766669 2.4917363 2.5275802 2.7624399 2.6248386 2.3004709 2.6738901 1.4915330 1.6431481 1.5591007 1.5438232 1.5509019 2.0428496 1.7416364 1.6822338 2.0507371 0.0000000 1.5543769 1.4727324 2.5579612 2.4041532 2.5087099 2.9943564 2.5386659 2.7875731 3.7551338 3.4201439 2.4229241 2.6273219 2.9899109 1.9693922 2.9775284 2.6995008 4.0153382 2.7165977 3.0439021 2.4996008 2.9629227 2.3266949 
Coemet_Cmet_scaffold16983_01                      3.1504257 3.3535316 3.4685340 3.5919099 3.3774532 3.5968160 3.1595740 3.5626756 2.5429417 2.7426258 3.1606976 3.0248427 2.5151120 2.6564181 2.7723436 2.6802861 2.6473007 2.5731790 2.7494925 2.7494925 2.6158376 2.5797782 2.4670709 2.4580433 2.6880089 2.8239577 2.7576461 2.6881368 2.7073977 3.0038280 2.7141432 2.4328987 2.7441527 1.6045972 1.7745724 1.6178883 1.5312315 1.5140696 2.0239183 1.8224036 1.7536312 2.0554281 1.5543769 0.0000000 0.1668932 2.2944089 2.5564187 2.3634819 2.5263189 2.6251948 2.4259484 4.2076462 2.9836428 2.6211131 2.5779365 2.4697479 2.3293875 2.7645876 2.4878593 3.3623661 2.6682471 2.6582665 2.4806508 2.6784249 1.9770979 
Coeast_Cast_sb825080                              3.1649876 3.2149100 3.4079166 3.5397682 3.6056035 3.6002232 3.2825456 3.5035156 2.5738705 2.7762923 2.9463291 3.0909317 2.6402306 2.6336543 2.7635125 2.7681129 2.7334133 2.5956316 2.7291638 2.7291638 2.6370839 2.7256506 2.3414028 2.2772917 2.6409982 2.8274477 2.8956702 2.6829463 2.7792741 3.1112045 2.4979130 2.3372786 2.6976525 1.6139926 1.7937889 1.6878036 1.6506062 1.5469520 2.0387937 1.7736724 1.7640943 2.0251856 1.4727324 0.1668932 0.0000000 2.2568566 2.5417224 2.3292361 2.4954280 2.5930225 2.4054514 3.9853152 2.8580400 2.5849185 2.5279490 2.5168150 2.2413592 2.8610370 2.3598430 3.2199940 2.5855870 2.8050591 2.6016559 2.6168542 1.9545925 
Skow_XM_002738590.2                               2.3931409 2.6692336 2.4050781 2.7917625 2.1897421 2.3084188 2.2002858 2.7517014 2.3084503 2.1887486 2.3716102 2.4490719 2.1597079 2.0317454 2.0140274 2.0881263 2.0881263 1.9894486 2.1714706 2.1644304 1.9264442 1.9234928 1.9089622 1.8736614 1.9647101 1.7974900 1.5883013 2.0171401 1.8162431 2.0400795 2.0071175 1.5986365 2.1175059 2.6283445 2.5961809 2.4061366 2.2763957 2.2524440 2.6361232 2.4259384 2.4260279 2.9820281 2.5579612 2.2944089 2.2568566 0.0000000 2.0580412 1.9830275 2.3039786 2.0863036 1.8667659 2.7611288 2.4412419 1.9761477 2.8997888 1.5653349 1.6485844 2.1270091 1.8565119 2.9196411 2.2472336 2.1868059 2.4264564 2.2501378 1.5124568 
Hvul_g12895_1                                     2.5606598 2.4156606 2.5616145 2.9424101 2.6410859 2.7460744 2.6510684 2.4939167 2.2548610 2.5089335 2.9440277 2.7410675 1.9266207 2.1427432 2.1012416 2.1723750 2.1723885 2.1182017 1.9197201 1.9075992 2.1770587 2.1094843 1.9889621 2.0220278 1.9891419 2.1224270 1.8810251 2.2673957 1.9974499 2.3763517 2.4354447 2.0479322 2.2926779 2.4609112 2.5666258 2.8640528 2.9876879 2.3978413 2.8857011 2.5694238 2.9234615 2.9778642 2.4041532 2.5564187 2.5417224 2.0580412 0.0000000 1.3980560 1.9321360 1.7785984 1.9656725 2.4706510 2.1482658 1.9684361 3.0034604 2.0462973 2.2726131 2.1725903 2.4118588 3.5935812 2.1646192 2.5858865 2.3479068 2.0928338 1.7616885 
Chem_TCONS_00049568                               2.7446662 2.6555457 2.5475244 2.8719799 2.7582582 3.2316654 2.9498194 2.9718130 2.4202821 2.6973764 2.7731044 2.8802509 2.1895897 2.1606119 2.1237954 2.2366716 2.2388784 2.1210612 2.2400725 2.2330994 2.0575675 2.1105247 2.2706802 2.1581621 2.2356778 2.3049643 2.4608460 2.1587738 2.3331443 2.5311216 2.3085220 2.3140626 2.0879506 2.4924192 2.4382895 2.4388669 2.3553271 2.3366919 2.7693300 2.6158701 2.5548205 2.6709882 2.5087099 2.3634819 2.3292361 1.9830275 1.3980560 0.0000000 2.1816038 2.1797564 2.1966848 3.2295584 2.7719593 2.2784579 2.7486813 2.2951738 2.0335621 2.2092069 2.1606072 3.1066701 2.3592528 2.9397848 2.7170044 2.2915052 1.8666442 
Sanmal_Sma_016939-T1                              2.6698891 2.7516655 3.0206058 2.9977575 3.2850405 3.0561892 3.0179971 2.9737568 3.0847985 2.3581563 3.1551490 2.8067424 2.1574079 2.4214739 2.4201069 2.3733792 2.3662431 2.2649604 2.3333064 2.3375248 1.9524796 2.0215048 2.1446648 2.1172972 2.1686875 1.8460063 2.0893162 2.2028268 1.9557951 2.1250878 2.3860124 2.0160598 2.0406753 2.7282171 2.7850243 2.4971981 2.3369788 2.2991991 2.8313088 2.7085109 2.6413578 2.7905940 2.9943564 2.5263189 2.4954280 2.3039786 1.9321360 2.1816038 0.0000000 1.5488185 1.5784545 3.6239872 2.5979962 2.4945929 2.9033162 2.1312413 2.5634463 2.7424952 2.1674373 2.9862913 2.4416395 2.6288282 2.5173741 2.2936486 1.7740930 
Nemnom_g13791.t1                                  2.7854227 2.9861875 2.5556731 2.7418575 2.7418055 2.8562107 2.6396937 2.7433329 2.3667116 2.3653221 2.9688649 2.6540264 1.9653729 1.9705050 2.0056119 2.1099494 2.1135544 2.1075225 2.0262220 2.0171489 1.9620223 1.9539130 1.9599239 1.8577024 1.9829481 1.7158438 1.7976880 1.9198112 1.7553958 2.0884602 2.1912734 2.0433477 2.1870894 2.6037216 2.6517496 2.0841588 1.8224138 2.0121522 2.3436474 2.2357365 2.3020570 2.2704930 2.5386659 2.6251948 2.5930225 2.0863036 1.7785984 2.1797564 1.5488185 0.0000000 0.5614656 2.5581012 2.5021357 2.1291145 3.2306633 1.9811764 1.9626728 2.3995706 1.9417913 2.7448436 2.4835414 2.4952816 2.7171008 2.1809615 1.7322990 
Rhoesc_Res_012468-T1                              2.7815365 3.0015878 2.5595174 2.7040564 2.6752666 2.6637781 2.5051797 2.5379238 2.6367054 2.3621754 2.6936350 2.6089848 1.7443323 1.9880085 1.9460881 1.9729153 1.9763593 1.9822247 1.9636083 1.9547167 1.7411501 1.7847654 1.8287788 1.7864138 1.8542178 1.6709341 1.6804797 1.8442104 1.6415251 1.7626210 2.2387661 2.0670106 2.0213973 2.5182095 2.5202415 2.1678346 1.9560611 2.0876488 2.4764764 2.1730460 2.1431318 2.4724545 2.7875731 2.4259484 2.4054514 1.8667659 1.9656725 2.1966848 1.5784545 0.5614656 0.0000000 3.1967565 2.5878926 2.0924764 3.2277724 1.9056193 2.0103479 2.2526845 1.9024536 2.5370479 2.4348179 2.4285383 2.6574898 2.1438189 1.6265011 
Opea_EP00118_Oscarella_pearsei_P012067            2.6774617 2.7678293 2.3997643 2.8114001 3.1592806 7.6424041 2.8041260 3.1816613 3.8701669 2.7129455 2.4219000 8.9999982 2.6598196 2.7351424 2.5577956 2.8305921 2.8466350 2.8721015 3.2348117 3.4092757 2.8742574 2.3127247 2.3005649 2.2235666 2.6431663 2.0822671 1.7703927 2.2802092 2.2530986 2.3579290 2.6372522 2.9323683 2.8443859 5.0188344 4.7789150 9.0000000 9.0000000 9.0000000 6.0643506 3.7393503 3.5238728 4.7119485 3.7551338 4.2076462 3.9853152 2.7611288 2.4706510 3.2295584 3.6239872 2.5581012 3.1967565 0.0000000 0.0872998 2.8277580 3.2569316 2.5264043 3.5341777 2.3451672 3.0061761 3.5351741 2.1684665 3.2196213 2.9149147 2.7403237 4.2822686 
Opea_EP00118_Oscarella_pearsei_P012068            2.3462115 2.6483194 2.4192596 2.5665897 2.4108229 2.5851350 2.4539437 2.6507834 1.8590638 2.2619129 2.7134768 2.4019869 2.3433869 2.1930343 2.1375205 2.1761644 2.1799553 2.1109927 2.2379278 2.2646668 2.1431693 1.9927997 2.2630051 2.1310887 2.1151139 2.3477111 2.1615116 2.2989071 2.2832135 2.5357263 2.3717138 2.2900717 3.2814584 3.2163358 3.3429252 2.3533023 2.1407655 2.2275753 2.8675996 2.6382107 2.5308587 2.7603578 3.4201439 2.9836428 2.8580400 2.4412419 2.1482658 2.7719593 2.5979962 2.5021357 2.5878926 0.0872998 0.0000000 2.4919405 4.0161973 2.4776645 2.1607536 2.6839363 2.4298671 2.9279384 1.7856277 3.1094928 2.8145217 2.6421230 1.9833565 
Cgig_XM_011429943.3                               2.6250912 2.9053775 2.4926857 2.3899889 2.1100535 2.3339567 2.1098174 2.3509847 1.4841470 2.1312044 2.6259420 2.2543117 2.3462990 2.3300305 2.3599308 2.4478467 2.4501889 2.4402442 2.3807560 2.3730510 2.1616927 2.1018135 2.0208714 2.0034088 2.0987884 2.5939501 2.3868685 2.2890519 2.4046674 2.6894198 1.8806383 1.9444713 2.6970241 2.3405996 2.6167196 2.4924680 2.3310808 2.4326726 3.1237153 2.6016066 2.5379620 2.4637339 2.4229241 2.6211131 2.5849185 1.9761477 1.9684361 2.2784579 2.4945929 2.1291145 2.0924764 2.8277580 2.4919405 0.0000000 2.7659303 2.2104840 1.5163556 1.9598730 1.9566332 2.9637303 2.2548112 2.0245238 2.2318168 2.0444971 1.6156385 
Eupdun_Edun_sb10604733                            3.1179757 3.3704147 3.8595668 3.1765111 3.7136351 4.9605665 4.3257300 4.3364272 0.0000010 2.8964467 3.2098090 3.1835537 3.2407743 3.3222455 3.2903741 3.1222348 3.1333821 3.0500181 3.5704215 3.5704215 3.2255949 3.6097838 3.2156289 3.0145820 3.2579920 3.1915329 3.5303214 3.4148450 3.4205248 3.1325992 2.9461347 2.9583948 3.3096699 2.4929812 2.6138093 2.6815212 4.4609064 3.7123477 2.9579031 2.4241400 2.3345644 4.5208774 2.6273219 2.5779365 2.5279490 2.8997888 3.0034604 2.7486813 2.9033162 3.2306633 3.2277724 3.2569316 4.0161973 2.7659303 0.0000000 2.7149974 2.9706250 2.6229602 3.4330925 3.2994605 4.6619491 4.1947863 3.9444597 3.2327772 2.8466419 
Spur_XM_776791.5                                  2.5443593 2.5236719 2.3290151 2.5176063 2.4604886 2.8490109 2.7627638 2.4589652 1.9901520 2.1851705 2.4905746 2.3181266 2.3422364 2.1001133 2.1664538 2.2733282 2.2755195 2.1112830 2.1267382 2.1316697 2.0768336 2.1434972 2.1986763 2.2102583 2.1430490 2.2599834 1.8263418 2.1884776 2.0036576 2.2764207 2.1260889 2.0362477 2.5700015 3.0466988 2.8654194 2.3803097 2.1081434 2.0782110 2.7651910 2.5199691 2.5322637 2.5998096 2.9899109 2.4697479 2.5168150 1.5653349 2.0462973 2.2951738 2.1312413 1.9811764 1.9056193 2.5264043 2.4776645 2.2104840 2.7149974 0.0000000 1.6251898 2.3816855 2.1064600 3.1972629 2.1151077 2.1118249 2.4391933 2.1871330 1.6674594 
Bralan_BLAG09000294_1                             2.4851046 2.4130971 2.2206779 2.4887342 1.7295692 1.8504921 1.8162255 1.9930186 1.8969700 1.4743293 1.9387492 1.7117305 1.9215183 1.5170724 1.3974534 1.5536607 1.5565539 1.5351769 1.5928993 1.5708831 1.6694408 1.7704306 1.8168571 1.6793121 1.8810409 1.9453888 1.4274653 1.9071449 1.6769107 2.0445582 1.8981427 1.4494453 2.0043899 1.9696507 2.2116975 2.0334282 2.0372522 2.1598502 2.9724067 2.2098093 1.8994592 2.4540264 1.9693922 2.3293875 2.2413592 1.6485844 2.2726131 2.0335621 2.5634463 1.9626728 2.0103479 3.5341777 2.1607536 1.5163556 2.9706250 1.6251898 0.0000000 1.5079699 1.4760325 2.6901471 1.4650344 1.9532032 1.6009397 1.8826643 1.5808597 
