84
Lcom_lcpid7893                                        0.0000000 0.0089928 1.7315937 1.4251105 1.5054335 3.0729360 2.3049568 2.7549306 2.8053599 1.8401584 2.8322386 2.8137410 3.0028875 3.0731226 2.8835120 2.9350864 2.4014683 3.9968479 2.8049788 3.3888212 2.7703214 2.8326260 2.8588176 6.3615127 3.8645013 2.7677366 3.3363775 5.1513561 2.5517314 2.5502670 2.6907749 3.3655520 2.7228085 2.7407871 3.1554332 3.0503539 3.8914604 2.7000468 2.7343938 2.4341271 2.0568611 2.5779415 3.0147273 2.7967007 2.8761452 3.0456086 2.8652601 2.8792211 3.1606978 2.9826762 3.1710123 3.1048519 3.0536407 3.0489778 3.0951354 3.1131045 3.1243324 3.1037782 2.8856772 3.1774694 3.1846694 3.1873647 3.9076067 3.3282982 3.1697878 3.7749057 3.4081223 3.2108701 3.0781651 3.2305923 2.9498506 3.3502304 3.3788378 3.1913890 2.9978548 4.1511230 3.2265681 3.6497020 2.8373922 2.6653350 3.1843888 1.9366242 2.1243929 3.9708932 
Lcom_lcpid33038                                       0.0089928 0.0000000 1.6312387 1.4251105 1.5054335 2.9394672 2.1864336 2.6792264 2.6227966 1.8401584 2.6948692 2.8137410 2.9523522 2.9348307 2.7598915 2.8283782 2.4014683 3.7024046 2.7251078 2.4404200 2.5337253 2.5837190 2.6111903 6.2060702 7.8260159 2.0042095 2.9051170 2.9380976 2.5517314 2.5424210 2.6599627 3.2454186 2.6023539 2.6208441 2.9921020 2.9571295 3.6713064 2.6952585 2.7383102 2.4341271 2.0568611 2.6214995 3.1796018 2.7203796 2.8761452 3.4276854 2.7925443 2.8792211 3.1606978 2.8852807 2.9913592 2.9220515 2.8762877 2.8709127 3.0846047 2.9414704 2.9495227 3.1337490 2.8010126 3.3408225 3.1814426 3.3404150 3.4982031 3.5607916 3.7802380 3.8146126 3.6878407 3.2108701 3.0781651 3.3239108 2.8174077 3.1467440 3.0675425 2.9105148 2.8336093 5.4986983 3.3161232 3.5401936 2.8373922 2.7172142 3.0668118 1.7564384 1.7777256 4.0569733 
Gracom_Gcom_scaffold1108_01                           1.7315937 1.6312387 0.0000000 0.9103023 1.1510127 2.4017401 1.7463675 2.3260412 2.1337440 1.3870061 2.2101385 2.2308558 2.2418399 2.4291925 2.2866949 2.3033786 2.0015274 2.9208967 2.3218960 2.5754389 2.2819298 2.4222833 2.4005481 3.7107945 4.9410119 2.0508499 2.9411751 1.9997141 2.2681021 2.2569136 2.4226160 2.8939218 2.2791077 2.2660889 2.6666968 2.5296827 3.4946509 2.5905921 2.5967595 1.8012303 1.8415023 2.4105566 2.8333668 2.4835535 2.5019802 4.4965545 2.3201435 2.3522080 2.6833738 2.5352392 2.6007640 2.4988626 2.4666235 2.4462821 2.6253348 2.4340329 2.4056937 2.5375157 2.5549373 2.6545277 2.4015296 2.6166487 3.1273397 3.1406732 3.2453997 3.2728333 2.9473276 2.6870864 2.5560766 2.8722297 2.7871334 2.9705303 3.1196232 2.7455442 3.0583297 4.3054785 2.8675661 3.2090907 2.4446772 2.2540256 3.1757766 1.1381481 1.9821302 3.7186089 
Leuniv_Lniv_C762808_01                                1.4251105 1.4251105 0.9103023 0.0000000 1.6758453 2.3572591 1.6969999 2.0267824 1.9536909 1.4647486 1.8130758 2.2386778 2.3690114 2.4128857 2.2083119 2.1867851 2.2700432 2.2737894 2.3602370 5.4264767 1.8452637 1.9186063 1.9894112 0.0000010 0.0000010 1.2614456 2.0507237 3.0134956 2.1628925 2.0984140 1.8395811 2.2270916 2.4811457 2.4971559 2.5917762 2.0366716 3.2933539 2.0350800 2.1096068 1.7550985 1.7016088 2.0576074 1.9720192 2.0140198 2.1484275 9.0000000 2.1898191 2.2125710 2.4038883 2.1608693 2.2354170 2.2265483 2.1281859 2.1168206 2.4063716 2.1291905 2.1015886 2.1931344 2.8526729 2.8163994 2.6857935 2.8691658 3.6541010 2.5916707 3.6541010 3.6541010 3.3041849 3.0402320 2.9008797 2.4543317 3.2867535 8.9999986 5.5826380 3.2363935 3.7515109 2.2996401 3.1015266 2.8438037 2.2144781 2.5242259 6.3739603 3.1207534 3.1976277 7.2398980 
Leuniv_Lniv_C768925_01                                1.5054335 1.5054335 1.1510127 1.6758453 0.0000000 1.3269464 1.3103932 1.4072610 1.5140808 1.2311248 1.2868803 1.3652938 1.3696381 1.3817961 1.4739141 1.5155669 1.7139887 1.6004285 1.3739263 9.0000000 1.5696530 1.5196411 1.4773411 0.5475753 0.0000010 1.0697956 2.4505511 0.0000010 1.2628211 1.6401070 2.7182084 3.9214461 1.5496904 1.5639087 1.7438803 1.3528103 5.7441194 1.4256512 1.4323148 1.3871069 1.4321366 1.4221432 2.2655682 1.3062604 1.2979887 0.0000010 1.3247268 1.2989819 4.5419442 1.5135045 1.6880573 1.6795405 1.6723726 1.6723726 1.6929499 1.7460957 1.7460957 1.8074967 2.1066713 1.8795759 1.7843256 1.6126426 1.0697956 1.0697956 1.0697956 1.0697956 6.8642752 1.4620942 1.4241871 2.3410704 1.5595364 9.0000000 9.0000000 1.5950692 3.0130794 4.9413324 1.6721319 2.0899201 1.4852858 1.2339317 1.0697956 2.0508530 9.0000000 1.1806653 
Cgig_XM_034479980.1                                   3.0729360 2.9394672 2.4017401 2.3572591 1.3269464 0.0000000 0.7468602 1.2536034 0.9854180 0.7197306 0.8518543 1.0948415 0.6577106 0.6032415 1.4558621 1.4316453 1.0997391 1.9193878 1.4551775 2.2760763 1.2674895 1.3271763 1.3325841 1.3041649 1.1396899 1.4672443 1.6160923 2.2085286 1.4549909 1.3807365 1.5446545 2.0468225 1.6365805 1.6313356 1.8580462 1.4044803 2.3116044 2.1380049 2.1137603 1.4226348 1.2449769 2.1083548 2.5523313 2.0199983 2.0138715 1.9797675 2.0459650 2.1601414 2.7183306 1.2301870 1.6114763 1.5478336 1.5155110 1.5229660 1.3740356 1.5549161 1.5415644 1.5865543 2.9491952 2.3584809 1.9740984 2.2232862 3.3768700 2.8696060 2.6206560 3.1114885 3.2295912 1.5518861 1.4703885 2.4823108 2.3484685 3.3833123 2.7545654 2.4050389 2.7913772 1.8922399 1.7193206 1.8474051 1.5909633 1.7242638 2.2958476 2.9794256 2.2563939 2.1257761 
Morvir_scaffold65.g5.t1                               2.3049568 2.1864336 1.7463675 1.6969999 1.3103932 0.7468602 0.0000000 0.7230081 0.9441430 0.6233653 0.8181145 0.6486865 0.7948331 0.8049012 0.7646792 0.6836400 1.0158603 0.8154583 0.6784982 2.4508127 0.7904608 0.7561591 0.7543977 0.5475753 4.4296512 2.8405054 2.3600265 0.0000010 0.6276792 0.7417137 1.8508191 3.2905633 0.7873842 0.7950819 0.9905369 0.9697319 4.0000348 0.9986190 1.0018674 0.8117963 0.8679956 1.0296551 2.0736793 1.1103941 0.9355895 2.1977371 1.1542288 1.0202526 5.7223631 1.0588826 1.1124247 1.0930682 1.0882688 1.0882688 1.0244594 1.0808126 1.0808126 0.8990078 1.5207885 1.6498800 1.1647251 1.1504786 8.9927566 8.9927566 5.8761555 8.9927566 5.2465328 0.9709393 0.9709393 3.1537473 1.4630061 5.5392644 6.6357485 1.4472110 5.3289102 4.7267799 1.3900218 1.4646851 1.0157698 0.8674358 3.4269585 3.6898174 8.9999982 0.5415485 
Plajan_Pjan_C572666_01                                2.7549306 2.6792264 2.3260412 2.0267824 1.4072610 1.2536034 0.7230081 0.0000000 1.3791094 0.8294454 1.2597610 1.3231076 1.3119927 1.3717564 1.6191174 1.5964820 1.0723797 1.9574461 0.8371234 1.0861953 1.5554565 1.4902334 1.5024066 1.7697490 1.8281984 1.7307849 1.8020883 2.3590607 1.5021442 1.3961345 1.7611684 2.1932202 1.7803187 1.7754496 2.0994635 1.7382645 2.4599426 1.9111579 1.9329784 1.3849230 1.0744253 1.8325167 2.1643813 1.8330633 1.8762278 2.2974118 1.9477814 1.9487410 2.3275322 1.5856639 1.8430960 1.7956007 1.7689387 1.7824180 1.6633841 1.7378504 1.7534693 1.8717353 2.3353389 2.2189864 2.1107472 2.0821996 1.9289015 1.7360407 1.4803236 1.8335339 2.5084477 1.7671936 1.7103833 2.1984755 2.1156810 2.6176440 2.4059992 2.2875178 2.1024451 2.2417928 1.9475788 2.1611516 1.6676054 1.7778350 2.3203482 2.7599568 2.0090849 2.3673576 
Bralan_BLAG11000861_1                                 2.8053599 2.6227966 2.1337440 1.9536909 1.5140808 0.9854180 0.9441430 1.3791094 0.0000000 0.6281248 0.8002852 1.2246320 0.9085008 0.9874233 1.3872947 1.3258954 1.1028474 1.8847113 1.5641347 2.3440188 1.2517788 1.2901534 1.2864806 1.2332784 1.2909002 1.1693150 1.5483533 2.5052920 1.2159590 1.2642764 1.5180020 1.8257482 1.4278210 1.4367199 1.7962987 1.2962437 1.9238093 1.8912101 1.9217486 1.2758471 1.2136487 1.7993378 2.2035437 1.8761620 1.8226057 1.8972503 1.8125416 1.8875922 2.3373928 1.0924850 1.5824056 1.4943206 1.5083571 1.5060146 1.4642433 1.5270381 1.5115651 1.5394709 2.4603633 2.1101687 1.7492490 2.0030181 2.4400941 1.8878262 1.9775198 2.2350647 2.6857652 1.5190388 1.4301967 1.7714811 2.4569503 3.2374887 2.7612289 2.5329629 2.7347602 1.8776513 1.7468275 1.9552714 1.6621067 1.8249834 1.7291126 2.6456764 1.4749913 2.0587797 
Nvec_v1g120114                                        1.8401584 1.8401584 1.3870061 1.4647486 1.2311248 0.7197306 0.6233653 0.8294454 0.6281248 0.0000000 0.7306691 0.3375299 0.7027292 0.6744513 0.7759475 0.7859500 0.8363818 0.7697227 0.6637626 0.0000010 0.4692609 0.5138566 0.5218971 1.1662590 0.0000010 0.0000010 0.7221839 1.8311381 0.5371255 0.5438296 0.7946521 1.2027198 0.7465216 0.7575574 0.8858002 0.8158044 3.0582544 1.1610753 1.1897581 1.0755451 1.2145674 1.0777724 0.9401262 1.0983465 1.2210198 0.0000010 1.2304831 1.2565739 0.9581775 0.8228978 1.0046291 1.0118450 0.9821597 0.9821597 0.9762197 0.9440457 0.9301954 0.8864508 1.2115996 1.1961516 1.1961516 1.1381146 0.0000010 0.0000010 0.0000010 0.0000010 0.0000010 1.0215774 1.0215774 3.4370522 1.3828810 0.0000010 0.0000010 1.7046627 0.9367360 4.0439430 1.1890880 1.1479113 1.0002808 1.3681663 0.0000010 2.1202952 0.0000010 0.8549072 
Skow_XM_006811857.1                                   2.8322386 2.6948692 2.2101385 1.8130758 1.2868803 0.8518543 0.8181145 1.2597610 0.8002852 0.7306691 0.0000000 1.0481636 0.8967846 0.9861415 1.3768737 1.3818852 0.9557737 1.8772608 1.4986921 2.7726668 1.1804173 1.2447946 1.2594971 1.5572566 1.2165279 1.1798574 1.5262183 3.0532104 1.3198109 1.2785715 1.4141149 1.7320563 1.5265758 1.5301388 1.7700297 0.8988634 2.1172267 1.9046434 1.9191106 1.2463725 1.1338230 1.7669120 2.0316066 1.7235305 1.8649973 1.7865422 1.8287930 1.9177502 2.3661931 1.0632212 1.5548575 1.4697590 1.4616340 1.4652671 1.3872277 1.4660338 1.4728109 1.5115047 2.4731127 2.2136390 1.8631289 2.1325272 2.5865189 2.1003811 2.0043990 2.3396979 2.8366966 1.6311690 1.5407851 2.0621462 2.2161603 2.9917810 2.5216211 2.2533405 2.4736644 1.8797839 1.7508801 1.9097804 1.4925233 1.5626819 2.2663379 2.9104349 1.8020111 1.8360219 
Exapal_XM_021060869.2                                 2.8137410 2.8137410 2.2308558 2.2386778 1.3652938 1.0948415 0.6486865 1.3231076 1.2246320 0.3375299 1.0481636 0.0000000 1.1527125 1.1943407 1.1522559 1.1200936 0.8676010 0.9926280 1.1872045 9.0000000 0.5829293 0.7054547 0.6926086 0.0000010 0.0000010 3.6583871 2.8552116 1.9176283 0.8111474 0.7869496 0.9282714 1.8263214 1.1778928 1.1973420 1.2296845 1.3525042 4.0745496 1.6279313 1.6117793 1.3688367 1.2675220 1.6444842 1.8648452 1.4959605 1.6759392 0.0000010 1.6275520 1.6398655 2.0250365 1.4100091 1.5653065 1.5495195 1.5010968 1.4976962 1.4276645 1.6170164 1.5973644 1.2774740 3.7546553 2.0808200 1.8529227 1.9484352 7.3389339 7.3389339 7.3389339 7.3389339 6.3696439 1.6501461 1.5085270 4.0070622 1.9309506 9.0000000 9.0000000 2.1347935 4.7421255 3.5797375 1.9537408 1.9727950 1.7258674 1.5836575 3.6672912 4.0357805 3.0926091 1.9927797 
Ctel_gnl_WGS_AMQN_CAPTEDRAFT_mRNA170133               3.0028875 2.9523522 2.2418399 2.3690114 1.3696381 0.6577106 0.7948331 1.3119927 0.9085008 0.7027292 0.8967846 1.1527125 0.0000000 0.7695469 1.4158798 1.4446327 0.8924639 1.8543119 1.5054065 2.3468663 1.3723157 1.4122560 1.3947845 1.2728840 1.0084355 1.5547006 1.7828043 2.5131269 1.4697695 1.4545812 1.7492879 1.9860944 1.6294350 1.6294875 1.9010074 1.3852891 2.2559420 1.9887981 1.9784007 1.2485568 1.1173975 1.9086915 2.4443098 1.8629389 1.9713538 1.9473044 1.8871581 2.0469766 2.6484628 1.2772456 1.6383509 1.5834563 1.5549187 1.5531726 1.4872919 1.5372548 1.5141119 1.6055369 3.0569094 2.2737878 1.8899470 2.1199669 2.9135567 2.4835870 2.1258459 2.4907327 2.7497940 1.6009097 1.4965643 2.2549152 2.3294571 2.9638054 2.7298348 2.4485602 2.6443591 1.9521964 1.7248652 1.7535063 1.8834313 1.8402450 2.0952571 2.8206036 1.8727035 1.9542707 
Acagra_model.g31029.t1                                3.0731226 2.9348307 2.4291925 2.4128857 1.3817961 0.6032415 0.8049012 1.3717564 0.9874233 0.6744513 0.9861415 1.1943407 0.7695469 0.0000000 1.4567176 1.4650948 0.9879194 2.0234468 1.5345707 2.4738643 1.3630305 1.3846520 1.3994183 1.6388440 1.2626227 1.4225449 1.5714774 2.9145094 1.5002004 1.4179175 1.5620092 2.0243919 1.6943864 1.6946791 1.9879809 1.4591184 2.2427973 1.9164796 1.8601292 1.2625372 1.0507184 1.9160189 2.4309517 1.9626271 1.9714655 1.6623998 1.8919424 2.0086742 2.4832984 1.3049928 1.6320237 1.5874254 1.5328001 1.5397906 1.3742779 1.5729096 1.5636137 1.5539397 2.9865631 2.3895401 2.0225100 2.2214324 2.8337946 2.2461547 2.2052567 2.3913721 2.9913909 1.6621252 1.5750013 2.1902417 2.4601476 3.4229060 2.9275340 2.4820709 2.8700958 2.1586093 1.7935547 1.8266771 1.7772210 1.8709172 2.3583998 2.8680120 2.3084265 2.0402727 
Nemnom_g4086.t1                                       2.8835120 2.7598915 2.2866949 2.2083119 1.4739141 1.4558621 0.7646792 1.6191174 1.3872947 0.7759475 1.3768737 1.1522559 1.4158798 1.4567176 0.0000000 0.2229633 0.5872771 1.2291530 1.7759222 3.1235715 1.1929529 1.2176262 1.2456508 1.5016034 1.6216719 1.3217547 1.4725196 2.0456893 1.1565043 1.1856585 1.3221128 1.3041908 1.4248067 1.4196092 1.7556384 1.5719011 1.8033040 2.1017357 2.1208195 1.4634493 1.4018979 2.0244001 2.4462806 2.0348372 2.0659375 2.2634901 2.0815665 2.0771296 2.4674769 1.6977164 1.7282798 1.6628347 1.6418691 1.6452725 1.5106552 1.6311327 1.6016249 1.2932721 2.7884809 2.4087215 2.1594764 2.3035740 2.4210292 2.1615682 2.0135586 2.3091822 3.0453690 1.5688509 1.4790584 0.9353650 2.2136559 2.4819299 2.3972686 2.2978920 2.5500353 1.4043819 2.0218294 2.1644633 1.6664064 1.7778696 1.9131577 2.8178419 2.0879754 2.3620236 
Rhoesc_Res_010039-T1                                  2.9350864 2.8283782 2.3033786 2.1867851 1.5155669 1.4316453 0.6836400 1.5964820 1.3258954 0.7859500 1.3818852 1.1200936 1.4446327 1.4650948 0.2229633 0.0000000 0.5714612 1.1703657 1.7546428 2.6964269 1.1632686 1.1525843 1.1875489 1.4325283 1.4119708 1.2462418 1.5122310 2.1249804 1.1545430 1.1653661 1.3160929 1.2835892 1.3408300 1.3430986 1.6704084 1.5776396 1.8438686 2.0594798 2.0590314 1.4042122 1.3932369 1.9716954 2.2788841 1.9584361 2.1380188 2.1291880 2.0093223 2.0718151 2.5752102 1.7119884 1.7265608 1.6524636 1.6270286 1.6238252 1.5637373 1.6349721 1.5998059 1.2496544 2.7260597 2.4466670 2.1296379 2.3005530 2.4544074 2.1645173 1.9656543 2.3466557 2.9776340 1.6799875 1.5800115 0.9308517 2.1188348 2.3401886 2.2773307 2.2561351 2.4670520 1.3175324 1.9925271 2.1249674 1.5652963 1.7265774 1.8301966 2.7146354 2.0254051 2.4307235 
Sanmal_Sma_020675-T1                                  2.4014683 2.4014683 2.0015274 2.2700432 1.7139887 1.0997391 1.0158603 1.0723797 1.1028474 0.8363818 0.9557737 0.8676010 0.8924639 0.9879194 0.5872771 0.5714612 0.0000000 0.4989738 1.0101196 0.0000010 0.9963444 1.0521839 1.0838141 1.8099834 0.0000010 0.0000010 2.3676538 1.8055501 0.9083810 0.9786788 1.1600650 0.7719545 1.3784148 1.3978782 1.3768440 1.1004716 3.7427226 1.6990714 1.7523061 1.5188340 1.8725851 1.4703484 1.0559084 1.4514248 1.9013638 0.0000010 1.6076797 1.5918659 1.3196314 1.0982739 1.4147547 1.4313814 1.4003847 1.4039629 1.4213353 1.3735005 1.3603613 1.1673934 3.4864507 1.7476471 1.6806814 1.8049424 0.0000010 0.0000010 0.0000010 0.0000010 9.0000000 1.5929041 1.5929041 5.2308803 1.7848208 0.0000010 0.0000010 2.0067731 3.2477086 3.7377657 1.2070963 1.6953638 1.7921377 1.5634523 0.0000010 4.5460294 0.8058525 2.0990569 
Aaur_scaffold643.g5.t2                                3.9968479 3.7024046 2.9208967 2.2737894 1.6004285 1.9193878 0.8154583 1.9574461 1.8847113 0.7697227 1.8772608 0.9926280 1.8543119 2.0234468 1.2291530 1.1703657 0.4989738 0.0000000 1.9204553 3.9571287 1.8461168 1.8918738 1.9195655 1.4007380 2.7706514 4.0595022 4.9867782 3.7145916 1.6105818 1.6293746 2.3760044 2.7877934 2.2178437 2.2123631 2.4015235 2.1539457 4.5508679 2.2866881 2.3165208 1.2980628 1.3321260 2.3734405 2.8555979 2.1858177 2.2824646 3.6983517 2.2327949 2.1480819 3.0088751 2.1679427 2.3055644 2.2729357 2.2405530 2.2453554 1.8612812 2.2594653 2.2468896 1.5355392 4.3103916 3.2226535 1.9115208 2.6491102 5.1188098 5.8788056 5.5269576 5.5279374 6.9330822 1.6421422 1.5475231 4.2893421 3.2877942 8.9999983 6.2611184 3.2317315 6.5493145 3.9912484 2.8618609 2.8601838 1.9481511 2.0332467 5.3230219 6.4855020 5.1727819 3.0743403 
Opea_EP00118_Oscarella_pearsei_P011324                2.8049788 2.7251078 2.3218960 2.3602370 1.3739263 1.4551775 0.6784982 0.8371234 1.5641347 0.6637626 1.4986921 1.1872045 1.5054065 1.5345707 1.7759222 1.7546428 1.0101196 1.9204553 0.0000000 0.0512754 1.5665974 1.5486473 1.5698962 2.6250307 2.2961585 1.9289178 2.2546653 3.1139175 1.5950133 1.5561980 1.7126345 2.3208356 1.7806020 1.7875621 2.0562058 1.7855887 2.6537128 1.9998023 1.9995241 1.2616232 1.1252526 2.0022144 2.2099132 1.9406623 1.9917907 2.1942706 2.0372357 1.9946553 2.3301058 1.7977142 1.8227617 1.7876052 1.7613927 1.7690921 1.6181897 1.7602559 1.7425457 1.7164719 2.7210512 2.2299590 1.9411065 2.0834490 2.3698762 1.9555326 2.0097867 2.3123105 2.7150574 1.5160805 1.3878766 2.3093232 2.2851714 2.8433274 2.7955980 2.4069030 2.4935199 2.6654446 2.0969500 2.1484104 1.5758680 1.5370845 2.2001463 2.8891239 2.1301160 2.4045388 
Ocar_g6201                                            3.3888212 2.4404200 2.5754389 5.4264767 9.0000000 2.2760763 2.4508127 1.0861953 2.3440188 0.0000010 2.7726668 9.0000000 2.3468663 2.4738643 3.1235715 2.6964269 0.0000010 3.9571287 0.0512754 0.0000000 2.2709776 2.2399391 2.2098511 9.0000000 6.1887641 1.9503243 2.8112257 9.0000000 1.6806841 1.6698851 1.5908463 2.3077149 2.2344811 2.2380969 2.4291394 3.0762378 2.0624691 2.4083660 2.5108949 5.6625756 0.0000010 2.4201240 2.2019908 2.4189353 1.7180867 3.1023954 2.2674121 1.8992602 1.8992602 2.7493282 2.6920692 2.6697292 2.6857929 2.7494083 8.9999982 2.8514489 2.8514489 2.8056185 1.7751035 3.2959491 8.2517287 3.2959491 2.7432707 2.3290233 2.9010170 2.9558176 3.3176892 0.0000010 0.0000010 2.0100885 2.9616630 2.7036252 2.8277444 2.8277444 3.1027711 4.6545013 3.3134482 3.5926826 2.5368905 2.9524448 2.5913914 3.1455165 2.7693834 0.0000010 
Fspp_ffun1.m4.20046.m1                                2.7703214 2.5337253 2.2819298 1.8452637 1.5696530 1.2674895 0.7904608 1.5554565 1.2517788 0.4692609 1.1804173 0.5829293 1.3723157 1.3630305 1.1929529 1.1632686 0.9963444 1.8461168 1.5665974 2.2709776 0.0000000 0.1833350 0.1963517 1.3520657 0.3272884 0.1222760 0.8004884 1.9580970 0.3333109 0.3638244 0.2843301 1.5012984 1.1397425 1.1332713 1.3817196 1.4519716 1.2883898 1.8120646 1.7973925 1.2387788 1.0460921 1.8583994 2.2011370 1.7835312 1.9050683 1.7419065 1.9639778 2.0075980 2.4164533 1.4224724 1.5853190 1.5399259 1.5069851 1.5063302 1.4629103 1.5958722 1.5800164 1.5132745 2.5913655 2.3123659 2.2158345 2.2390547 2.6538214 2.5072753 2.1196599 2.4470671 2.7390855 1.7197067 1.6158996 1.6359212 2.3080711 2.6974437 2.7492766 2.3785516 2.5991300 2.2335584 1.9150428 2.1611446 1.5713089 1.8067886 1.7730209 2.6258498 1.9834771 1.3147239 
Spis_XP_022809362_1                                   2.8326260 2.5837190 2.4222833 1.9186063 1.5196411 1.3271763 0.7561591 1.4902334 1.2901534 0.5138566 1.2447946 0.7054547 1.4122560 1.3846520 1.2176262 1.1525843 1.0521839 1.8918738 1.5486473 2.2399391 0.1833350 0.0000000 0.0635062 0.2312142 0.3369703 0.1635371 0.7104967 0.2901471 0.3902375 0.3896045 0.3419651 1.3433523 1.0571470 1.0527718 1.2562632 1.4439460 1.3743227 1.8404688 1.8147989 1.2498933 1.0690400 1.8674251 2.1299262 1.7462909 1.9361891 1.6236412 1.9239575 2.0129791 2.4004746 1.5352480 1.5470030 1.4782302 1.4492907 1.4486671 1.4699834 1.5377799 1.5172783 1.5059572 2.7106644 2.3613363 2.1759675 2.3052656 2.6074489 2.4270409 2.0198607 2.4198792 2.6954300 1.7831864 1.6749593 1.5958925 2.2918020 2.7916162 2.6664582 2.4360488 2.4253723 1.9477090 1.9253606 2.2392673 1.6130748 1.7926269 1.7588879 2.6972116 1.8671874 1.3812373 
Pocdam_XM_027197685.1                                 2.8588176 2.6111903 2.4005481 1.9894112 1.4773411 1.3325841 0.7543977 1.5024066 1.2864806 0.5218971 1.2594971 0.6926086 1.3947845 1.3994183 1.2456508 1.1875489 1.0838141 1.9195655 1.5698962 2.2098511 0.1963517 0.0635062 0.0000000 0.2255307 0.3045274 0.1510360 0.7206374 0.3412111 0.3996528 0.4058111 0.3539009 1.3875040 1.0661850 1.0608496 1.2811334 1.4724286 1.4070925 1.8484847 1.8407344 1.2600744 1.0654348 1.8745534 2.1786503 1.7619577 1.9276927 1.7225940 1.8931011 1.9706778 2.3403163 1.5644796 1.6018202 1.5290899 1.5082922 1.5076465 1.5296251 1.5886334 1.5699713 1.5037537 2.7531940 2.3407385 2.1799052 2.2924323 2.6402820 2.4482796 2.0145802 2.4092931 2.6179735 1.7385330 1.6238368 1.6542294 2.2863297 2.8032258 2.7138644 2.4099195 2.4500249 1.9564675 1.8988702 2.2446016 1.6045921 1.8179270 1.7116631 2.7719764 1.8094592 1.4217317 
Amil_Amillepora32298-RA                               6.3615127 6.2060702 3.7107945 0.0000010 0.5475753 1.3041649 0.5475753 1.7697490 1.2332784 1.1662590 1.5572566 0.0000010 1.2728840 1.6388440 1.5016034 1.4325283 1.8099834 1.4007380 2.6250307 9.0000000 1.3520657 0.2312142 0.2255307 0.0000000 0.1075166 0.4143416 0.3419374 0.2395076 1.1662590 0.5475753 0.0000010 0.6747931 1.0062112 1.0174805 0.9648179 1.6501458 1.2681316 1.4372687 1.5027531 2.1434297 0.5475753 1.4585013 1.6021739 1.1197416 2.1434297 1.2906326 1.3747848 2.1434297 0.0000010 2.1689914 1.3515928 1.2844106 1.4531406 1.4531406 0.5475753 1.4819756 1.4819756 0.3520302 4.1093011 3.3165639 1.4233433 3.4186300 2.4363750 1.2062696 1.7478398 2.3683946 3.6751201 0.0000010 0.0000010 3.8900903 3.9604083 3.1368150 3.3427853 4.3934340 2.6801450 1.3234146 1.5338643 2.2642713 1.4050565 0.7618965 1.8914307 3.8130641 2.2901323 2.2007815 
Adig_XM_015915597.1                                   3.8645013 7.8260159 4.9410119 0.0000010 0.0000010 1.1396899 4.4296512 1.8281984 1.2909002 0.0000010 1.2165279 0.0000010 1.0084355 1.2626227 1.6216719 1.4119708 0.0000010 2.7706514 2.2961585 6.1887641 0.3272884 0.3369703 0.3045274 0.1075166 0.0000000 0.2964420 0.6721536 1.8921711 0.0000010 9.0000000 0.5734760 1.0331827 1.0893161 1.0395118 1.3769416 1.5116994 0.7728316 1.6631125 1.6757205 0.0000010 0.0000010 1.5691245 1.7435968 1.4938361 0.6984340 1.4548931 1.7295277 0.8818332 0.8818332 1.3445269 1.3448174 1.3148947 1.3039681 1.3391299 0.0000010 1.5195438 1.5195438 0.0000010 2.5217971 2.2351335 3.6145873 2.2351335 5.8016746 3.6821846 1.9474996 3.3567147 2.3305920 0.0000010 0.0000010 4.3176471 2.8451403 3.3373390 3.0493962 3.0493962 2.6882728 1.0910941 1.5003561 2.3903238 0.0000010 0.0000010 1.9704868 2.8985140 1.9244635 0.0000010 
Gasp_gasp1.m3.20665.m1                                2.7677366 2.0042095 2.0508499 1.2614456 1.0697956 1.4672443 2.8405054 1.7307849 1.1693150 0.0000010 1.1798574 3.6583871 1.5547006 1.4225449 1.3217547 1.2462418 0.0000010 4.0595022 1.9289178 1.9503243 0.1222760 0.1635371 0.1510360 0.4143416 0.2964420 0.0000000 0.6434652 0.8525332 0.1530056 0.3825491 0.1506029 1.1730728 0.8467023 0.8050378 1.0447700 1.5193330 0.7754578 1.8030536 1.8033398 2.4965328 0.0000010 1.9231057 1.9569368 1.7852768 1.6287377 1.7722249 1.9782662 1.8013454 1.8013454 1.4819924 1.4699398 1.4391289 1.4262307 1.4429765 4.4801287 1.5761158 1.5761158 2.5918477 2.2606865 2.4041806 9.0000000 2.4041806 2.5313350 2.3834577 1.9637633 2.3346608 2.4063122 0.0000010 0.0000010 1.2579378 2.6683472 2.7018453 2.7431102 2.7176894 2.5643485 1.3368913 2.0281231 2.8881284 2.7182937 2.7758981 1.6874263 2.0895957 1.7496755 6.9901616 
Exapal_XM_021039633.1                                 3.3363775 2.9051170 2.9411751 2.0507237 2.4505511 1.6160923 2.3600265 1.8020883 1.5483533 0.7221839 1.5262183 2.8552116 1.7828043 1.5714774 1.4725196 1.5122310 2.3676538 4.9867782 2.2546653 2.8112257 0.8004884 0.7104967 0.7206374 0.3419374 0.6721536 0.6434652 0.0000000 0.8939438 0.8962891 1.0457656 0.7344124 1.3158007 1.0818212 1.0663762 1.5120042 1.8811942 0.9832116 2.5592524 2.5084467 1.7976212 0.7221839 2.3147130 2.4520070 2.4410371 2.7674831 1.6170169 2.5887271 3.0375064 3.0840512 1.9336426 1.8690205 1.7513582 1.7372747 1.7469859 2.0571303 1.8181958 1.8038720 3.1466403 2.8941098 2.7847920 5.1177120 2.9121325 2.5032859 2.3769294 2.0401935 2.3376977 2.8926179 4.8475864 3.1314127 1.4288780 2.7656513 2.9718352 2.5936005 2.7416582 2.6038604 1.8752910 2.5915720 2.7483219 2.6641668 2.4027198 1.6863973 2.9376605 1.8368934 0.7255588 
Gfas_gfas1.m1.3791.m1                                 5.1513561 2.9380976 1.9997141 3.0134956 0.0000010 2.2085286 0.0000010 2.3590607 2.5052920 1.8311381 3.0532104 1.9176283 2.5131269 2.9145094 2.0456893 2.1249804 1.8055501 3.7145916 3.1139175 9.0000000 1.9580970 0.2901471 0.3412111 0.2395076 1.8921711 0.8525332 0.8939438 0.0000000 1.5055133 1.6292155 1.6038748 1.8370108 1.7101071 1.6628865 1.4053830 2.2128018 3.8504744 2.9305586 3.0575044 2.4170744 1.6883857 2.5085082 3.3292799 3.0265546 2.1849517 3.4549716 3.4243038 1.8957834 1.8957834 6.0080161 2.5151936 2.4582749 2.6395880 2.6395880 1.2959492 2.2869042 2.2869042 1.3641409 3.1944900 4.5178372 2.6266376 4.5178372 2.1230681 0.0000010 1.3004684 1.3004684 6.4267637 3.0181572 3.0181572 3.1583558 3.6758381 2.0327061 3.1971305 3.9613599 2.8932738 2.4829505 2.3246940 3.0085331 2.4713470 1.7188502 4.6833836 4.1053156 2.6354874 1.7104619 
Amil_Amillepora32299-RA                               2.5517314 2.5517314 2.2681021 2.1628925 1.2628211 1.4549909 0.6276792 1.5021442 1.2159590 0.5371255 1.3198109 0.8111474 1.4697695 1.5002004 1.1565043 1.1545430 0.9083810 1.6105818 1.5950133 1.6806841 0.3333109 0.3902375 0.3996528 1.1662590 0.0000010 0.1530056 0.8962891 1.5055133 0.0000000 0.2476314 0.4401530 1.1478681 1.2005581 1.2034843 1.3562344 1.5237561 1.5934699 1.8466532 1.8576620 1.3809812 1.0622521 1.8456902 2.5323633 1.7187815 1.9464120 1.2140521 2.0066230 2.1128357 2.4710885 1.6622142 1.4516435 1.4431938 1.3916652 1.4029852 1.4810908 1.4441701 1.4360863 1.5081648 2.9157344 2.4687010 2.0501357 2.2844755 1.9285647 2.1651409 1.9285647 1.9285647 2.3498602 1.8193639 1.7335335 1.7403716 2.4764225 2.6442362 2.6178253 2.7213890 3.2765797 4.2673458 2.3588484 2.2065557 1.8399198 2.0784501 1.1611079 2.5560039 1.2599903 2.2737382 
Adig_XM_015915586.1                                   2.5502670 2.5424210 2.2569136 2.0984140 1.6401070 1.3807365 0.7417137 1.3961345 1.2642764 0.5438296 1.2785715 0.7869496 1.4545812 1.4179175 1.1856585 1.1653661 0.9786788 1.6293746 1.5561980 1.6698851 0.3638244 0.3896045 0.4058111 0.5475753 9.0000000 0.3825491 1.0457656 1.6292155 0.2476314 0.0000000 0.4744987 1.7666330 1.1270889 1.1213143 1.4784365 1.5564831 1.8064908 1.9063492 1.8843968 1.2279740 0.9720199 1.8733427 2.5208802 1.7719596 1.8102971 0.0000010 1.8998143 1.9971850 2.6260536 1.5667799 1.5574250 1.4769587 1.4613155 1.4542797 1.4996859 1.5369905 1.5503985 1.5486959 2.7848413 2.3216877 2.0138707 2.1480200 2.6618192 2.6618192 2.6953443 2.6618192 2.8230632 1.8184224 1.5901582 1.9975136 2.2405667 3.0641383 2.9150569 2.3958793 2.3763229 3.3241471 2.1165613 2.1114499 1.6211015 1.9267018 1.3090487 2.9160019 1.2049126 1.4384856 
Gfas_gfas1.m1.3790.m1                                 2.6907749 2.6599627 2.4226160 1.8395811 2.7182084 1.5446545 1.8508191 1.7611684 1.5180020 0.7946521 1.4141149 0.9282714 1.7492879 1.5620092 1.3221128 1.3160929 1.1600650 2.3760044 1.7126345 1.5908463 0.2843301 0.3419651 0.3539009 0.0000010 0.5734760 0.1506029 0.7344124 1.6038748 0.4401530 0.4744987 0.0000000 1.4662008 1.3030047 1.3041132 1.4859663 1.7392115 1.4550812 2.3703470 2.3100242 1.7967876 1.9125000 2.3704108 2.3656251 2.1785108 2.3899571 2.4642896 2.4582380 2.4226098 2.4059342 1.7155508 1.8373282 1.7652190 1.7170289 1.7160662 1.9243948 1.8098072 1.8126068 1.9079308 2.4627308 2.2036091 2.1580020 2.4473928 2.1635399 2.1717013 2.1609049 2.1435008 2.3095146 2.2441705 2.1219704 1.5301859 2.5183728 2.3699217 2.5626631 2.7394372 2.2023717 3.9509730 2.1104497 2.3968754 2.1096535 2.3521084 1.4107607 2.4964058 1.5290091 1.2848166 
Morvir_scaffold65.g3.t1                               3.3655520 3.2454186 2.8939218 2.2270916 3.9214461 2.0468225 3.2905633 2.1932202 1.8257482 1.2027198 1.7320563 1.8263214 1.9860944 2.0243919 1.3041908 1.2835892 0.7719545 2.7877934 2.3208356 2.3077149 1.5012984 1.3433523 1.3875040 0.6747931 1.0331827 1.1730728 1.3158007 1.8370108 1.1478681 1.7666330 1.4662008 0.0000000 1.8593711 1.8590809 1.9250775 2.0592356 1.3664872 2.3380433 2.4047648 1.9646022 2.3983837 2.2543906 1.9805568 2.2944692 2.5946684 2.1279557 2.4887341 2.5631123 2.3585049 1.9462808 2.2105320 2.0770123 2.1290164 2.1302041 2.2618997 2.1221552 2.0705490 1.8561617 2.6520309 2.6872923 2.8077731 2.8744364 2.5368342 2.3858241 2.0347768 2.3867767 2.9390566 2.3586790 2.1959256 1.0214804 3.3083470 2.9688236 3.0694848 3.4510723 2.9973086 1.5846009 2.4064948 2.9019781 2.5360393 3.1890954 1.6403000 3.0186990 1.9201352 5.6805705 
Dgig_XM_028538085.1                                   2.7228085 2.6023539 2.2791077 2.4811457 1.5496904 1.6365805 0.7873842 1.7803187 1.4278210 0.7465216 1.5265758 1.1778928 1.6294350 1.6943864 1.4248067 1.3408300 1.3784148 2.2178437 1.7806020 2.2344811 1.1397425 1.0571470 1.0661850 1.0062112 1.0893161 0.8467023 1.0818212 1.7101071 1.2005581 1.1270889 1.3030047 1.8593711 0.0000000 0.0122457 0.5887565 1.6560662 1.6598172 1.9577639 1.9619102 1.5637874 1.1564598 1.8746436 2.3348537 1.9477865 1.9736527 1.7772089 2.0345865 2.1362533 2.6224567 1.8558440 1.9083011 1.8315025 1.7816207 1.7796727 1.9019172 1.8878588 1.8769100 1.8270563 2.5352133 2.4146677 2.4413736 2.3276722 2.4535985 2.1778564 1.9439397 2.2394780 2.5962737 2.2521967 2.1407888 1.7289166 2.4619615 2.8215825 2.8823997 2.4719771 2.7681985 2.0942738 2.1190063 2.4033895 1.8255212 2.0810224 1.7586927 2.5886447 1.7929252 1.9127020 
Dgig_XM_028562749.1                                   2.7407871 2.6208441 2.2660889 2.4971559 1.5639087 1.6313356 0.7950819 1.7754496 1.4367199 0.7575574 1.5301388 1.1973420 1.6294875 1.6946791 1.4196092 1.3430986 1.3978782 2.2123631 1.7875621 2.2380969 1.1332713 1.0527718 1.0608496 1.0174805 1.0395118 0.8050378 1.0663762 1.6628865 1.2034843 1.1213143 1.3041132 1.8590809 0.0122457 0.0000000 0.5889071 1.6702651 1.6680832 1.9660155 1.9701668 1.5780374 1.1624622 1.8871319 2.3305769 1.9827116 1.9801521 1.8256278 2.0361410 2.1432325 2.6210393 1.8661136 1.9171927 1.8401888 1.7897589 1.7878073 1.9119476 1.8960122 1.8854246 1.8257855 2.5016401 2.4534038 2.4882460 2.3626328 2.4563833 2.1778564 1.9878331 2.2748073 2.6655376 2.2516252 2.1625618 1.7183970 2.4788015 2.8270964 2.9032062 2.4639692 2.7898084 2.0998667 2.1389321 2.4137680 1.8325435 2.0766017 1.7625980 2.6045412 1.7734957 1.8857125 
Xesp_013007-T1                                        3.1554332 2.9921020 2.6666968 2.5917762 1.7438803 1.8580462 0.9905369 2.0994635 1.7962987 0.8858002 1.7700297 1.2296845 1.9010074 1.9879809 1.7556384 1.6704084 1.3768440 2.4015235 2.0562058 2.4291394 1.3817196 1.2562632 1.2811334 0.9648179 1.3769416 1.0447700 1.5120042 1.4053830 1.3562344 1.4784365 1.4859663 1.9250775 0.5887565 0.5889071 0.0000000 2.0569427 1.9575507 2.2593974 2.2719936 1.6505223 1.3169918 2.2080556 2.5402094 2.2125218 2.0664877 2.1860836 2.0471387 2.0146646 2.3768952 2.0630776 2.1658105 2.1123483 2.0991730 2.1134282 2.3633812 2.1101595 2.0877126 2.2750922 2.9027077 2.6480091 2.5911436 2.5581032 2.3784190 2.0673551 2.1022769 2.3498524 2.9702957 2.2468290 2.1406592 2.1380624 2.6413255 3.0296464 2.9109722 2.6819264 3.1531181 2.2115151 2.3546942 2.5974472 2.3282704 2.3969079 1.8898524 2.9668945 1.8669133 2.3013542 
Spur_XM_030987315.1                                   3.0503539 2.9571295 2.5296827 2.0366716 1.3528103 1.4044803 0.9697319 1.7382645 1.2962437 0.8158044 0.8988634 1.3525042 1.3852891 1.4591184 1.5719011 1.5776396 1.1004716 2.1539457 1.7855887 3.0762378 1.4519716 1.4439460 1.4724286 1.6501458 1.5116994 1.5193330 1.8811942 2.2128018 1.5237561 1.5564831 1.7392115 2.0592356 1.6560662 1.6702651 2.0569427 0.0000000 2.4062044 2.1619719 2.1310958 1.5415996 1.1149018 2.1735953 2.5752400 2.0564186 2.2436047 2.6204868 2.2236683 2.3221053 2.9485408 1.5902798 1.8428073 1.7608387 1.7550416 1.7414737 1.7064181 1.7559823 1.7337307 1.7622347 3.1106949 2.4602538 1.9322646 2.2849570 2.9684708 2.3769307 2.4177276 2.6770513 2.9970334 1.7351149 1.6074737 2.2272746 2.3284715 3.2679685 3.0076020 2.5086453 2.8532682 2.3086751 2.0237350 2.0088661 1.6979359 1.8359189 2.3987592 3.1326232 2.0758075 2.8646501 
Nvec_v1g210242                                        3.8914604 3.6713064 3.4946509 3.2933539 5.7441194 2.3116044 4.0000348 2.4599426 1.9238093 3.0582544 2.1172267 4.0745496 2.2559420 2.2427973 1.8033040 1.8438686 3.7427226 4.5508679 2.6537128 2.0624691 1.2883898 1.3743227 1.4070925 1.2681316 0.7728316 0.7754578 0.9832116 3.8504744 1.5934699 1.8064908 1.4550812 1.3664872 1.6598172 1.6680832 1.9575507 2.4062044 0.0000000 2.7628432 2.8483386 3.6958481 5.0763892 2.9514613 2.6709142 2.8755239 3.1459243 1.7869595 2.8782997 3.1917041 2.9431224 2.3757447 2.3032367 2.1857998 2.2020730 2.2034786 3.0092720 2.1596920 2.1139027 4.2006018 2.8915192 2.9117180 5.7138389 3.1211546 2.4669842 2.2940607 1.9585342 2.1515069 2.8491168 5.2349940 5.2349940 1.8211261 3.4322545 2.7049723 2.5779149 3.3850997 2.8741808 2.2047469 2.9151851 3.0290102 4.6133448 4.5837277 1.8442303 3.2965142 1.9014058 4.6158153 
Horcal_Hcv1.av93.c3.g1223.i1                          2.7000468 2.6952585 2.5905921 2.0350800 1.4256512 2.1380049 0.9986190 1.9111579 1.8912101 1.1610753 1.9046434 1.6279313 1.9887981 1.9164796 2.1017357 2.0594798 1.6990714 2.2866881 1.9998023 2.4083660 1.8120646 1.8404688 1.8484847 1.4372687 1.6631125 1.8030536 2.5592524 2.9305586 1.8466532 1.9063492 2.3703470 2.3380433 1.9577639 1.9660155 2.2593974 2.1619719 2.7628432 0.0000000 0.0241922 0.5985895 0.0224427 0.5630968 0.6836231 0.6486088 0.8363435 0.8724457 0.7630349 0.7943286 0.9020543 2.0697741 2.2671124 2.2432785 2.2460076 2.2515454 2.1991713 2.2866543 2.2729566 1.8534074 1.1612608 2.3762936 2.2539272 2.1904897 3.2607894 3.1287427 2.4914849 3.1802013 2.3802686 1.6910022 1.6758117 3.1160689 2.4151651 3.5976685 3.0934100 2.5479590 2.9975895 2.2422980 2.4836396 2.8791584 1.8208063 1.9740139 2.1906265 3.1772395 2.3600277 3.2402775 
Pbac_sb2658733                                        2.7343938 2.7383102 2.5967595 2.1096068 1.4323148 2.1137603 1.0018674 1.9329784 1.9217486 1.1897581 1.9191106 1.6117793 1.9784007 1.8601292 2.1208195 2.0590314 1.7523061 2.3165208 1.9995241 2.5108949 1.7973925 1.8147989 1.8407344 1.5027531 1.6757205 1.8033398 2.5084467 3.0575044 1.8576620 1.8843968 2.3100242 2.4047648 1.9619102 1.9701668 2.2719936 2.1310958 2.8483386 0.0241922 0.0000000 0.6090421 0.0177379 0.5703160 0.6674591 0.6609499 0.8285726 0.9024320 0.7749381 0.8091423 0.9116877 2.0623782 2.2693855 2.2517368 2.2519489 2.2575081 2.2005425 2.2840922 2.2649744 1.8867842 1.2065707 2.3883141 2.2482637 2.2060571 3.3213371 3.1287427 2.5514905 3.2050083 2.4426928 1.7042994 1.6989050 3.1209960 2.3750324 3.5355019 3.0430959 2.5244090 2.9722566 2.2363072 2.4250196 2.8732885 1.7762189 1.9885667 2.2560963 3.1916606 2.4664356 3.2786598 
Eupdun_Edun_sb10648702                                2.4341271 2.4341271 1.8012303 1.7550985 1.3871069 1.4226348 0.8117963 1.3849230 1.2758471 1.0755451 1.2463725 1.3688367 1.2485568 1.2625372 1.4634493 1.4042122 1.5188340 1.2980628 1.2616232 5.6625756 1.2387788 1.2498933 1.2600744 2.1434297 0.0000010 2.4965328 1.7976212 2.4170744 1.3809812 1.2279740 1.7967876 1.9646022 1.5637874 1.5780374 1.6505223 1.5415996 3.6958481 0.5985895 0.6090421 0.0000000 0.5206302 0.5984847 0.8149550 0.5776168 0.8314539 1.1720958 0.6999298 0.7226359 0.9657968 1.3730536 1.5586435 1.5018889 1.5195073 1.5226928 1.4262245 1.4318585 1.4427330 1.3944624 2.4266398 1.8221233 1.6682189 1.7108664 3.1638194 3.1638194 3.1638194 3.1638194 6.1163054 1.5346694 1.5346694 3.7302570 1.8892577 7.3060673 5.5014389 1.9293341 3.4799630 5.3529247 1.8959179 1.8486573 1.4329117 1.3072893 2.7793046 4.2654042 6.2780392 2.4151111 
Pbac_sb2663272                                        2.0568611 2.0568611 1.8415023 1.7016088 1.4321366 1.2449769 0.8679956 1.0744253 1.2136487 1.2145674 1.1338230 1.2675220 1.1173975 1.0507184 1.4018979 1.3932369 1.8725851 1.3321260 1.1252526 0.0000010 1.0460921 1.0690400 1.0654348 0.5475753 0.0000010 0.0000010 0.7221839 1.6883857 1.0622521 0.9720199 1.9125000 2.3983837 1.1564598 1.1624622 1.3169918 1.1149018 5.0763892 0.0224427 0.0177379 0.5206302 0.0000000 0.4447760 0.3525470 0.4329283 0.5947766 0.0000010 0.5008442 0.5835747 0.5994279 1.3179693 1.3118761 1.3205092 1.3542157 1.3535531 1.3603581 1.3238446 1.3319247 1.3086698 1.7971744 1.7801018 1.7801018 1.6091459 0.0000010 0.0000010 0.0000010 0.0000010 0.0000010 1.3416828 1.3416828 3.0909063 1.4751561 0.0000010 0.0000010 1.4835134 0.3987792 6.5819060 1.3395231 1.7137482 1.3965084 1.1794103 0.0000010 2.9161399 0.0000010 1.8124406 
Mlei_ML2399.g8.i1                                     2.5779415 2.6214995 2.4105566 2.0576074 1.4221432 2.1083548 1.0296551 1.8325167 1.7993378 1.0777724 1.7669120 1.6444842 1.9086915 1.9160189 2.0244001 1.9716954 1.4703484 2.3734405 2.0022144 2.4201240 1.8583994 1.8674251 1.8745534 1.4585013 1.5691245 1.9231057 2.3147130 2.5085082 1.8456902 1.8733427 2.3704108 2.2543906 1.8746436 1.8871319 2.2080556 2.1735953 2.9514613 0.5630968 0.5703160 0.5984847 0.4447760 0.0000000 0.5520774 0.5801978 0.9091801 0.7454909 0.8090648 0.8403219 0.9527342 2.0397897 2.1116269 2.1331753 2.1383619 2.1494474 2.2121471 2.1611545 2.1301906 1.8452717 1.0974534 2.4255936 2.0712309 2.2588759 3.3671623 3.0954262 2.3530836 2.9181414 2.6151223 1.6200272 1.5867996 2.9419192 2.3874590 3.5942435 2.8901659 2.4587584 2.7563226 2.3568790 2.4006429 2.7318905 1.6667271 1.8953803 2.2668456 3.0737460 2.0495561 2.9467410 
Beraby_Baby_sb334372                                  3.0147273 3.1796018 2.8333668 1.9720192 2.2655682 2.5523313 2.0736793 2.1643813 2.2035437 0.9401262 2.0316066 1.8648452 2.4443098 2.4309517 2.4462806 2.2788841 1.0559084 2.8555979 2.2099132 2.2019908 2.2011370 2.1299262 2.1786503 1.6021739 1.7435968 1.9569368 2.4520070 3.3292799 2.5323633 2.5208802 2.3656251 1.9805568 2.3348537 2.3305769 2.5402094 2.5752400 2.6709142 0.6836231 0.6674591 0.8149550 0.3525470 0.5520774 0.0000000 0.8127501 1.0449440 0.9918876 1.0251245 1.0434816 1.0434816 2.3164580 2.5378438 2.5825830 2.5460478 2.5475204 3.0686105 2.4657649 2.4289895 2.2896396 1.1927351 2.7333499 2.6930725 2.7551048 3.5862991 3.2922927 2.4562844 3.0002363 2.7210694 2.3292791 2.1885691 2.8341469 2.9542422 3.9008342 2.9058590 2.8628441 2.8300765 2.3486482 2.7655274 3.2825536 2.0590222 2.6944461 2.6347850 3.3321999 2.5274502 4.8251999 
Lampan_Lpan_C419943_01                                2.7967007 2.7203796 2.4835535 2.0140198 1.3062604 2.0199983 1.1103941 1.8330633 1.8761620 1.0983465 1.7235305 1.4959605 1.8629389 1.9626271 2.0348372 1.9584361 1.4514248 2.1858177 1.9406623 2.4189353 1.7835312 1.7462909 1.7619577 1.1197416 1.4938361 1.7852768 2.4410371 3.0265546 1.7187815 1.7719596 2.1785108 2.2944692 1.9477865 1.9827116 2.2125218 2.0564186 2.8755239 0.6486088 0.6609499 0.5776168 0.4329283 0.5801978 0.8127501 0.0000000 0.8528732 0.7645404 0.7409330 0.7870694 0.9210329 2.0451927 2.0939586 2.0965894 2.0832729 2.0932304 2.1245654 2.1111109 2.1027460 1.8812244 1.0400879 2.3543540 2.0549074 2.1701302 3.1405412 2.8209061 2.4768869 2.8257915 2.7273561 1.7624470 1.6342510 2.8413002 2.2708555 3.3274779 3.3001891 2.5232134 2.7734835 2.4232661 2.5094475 2.6885890 1.6893765 1.8919463 2.4505693 3.2809040 2.3377517 2.9466952 
