67
Emue_Em0020g733a.t1                                    0.0000000 0.0466105 0.1990990 0.3108768 0.8575365 0.9368029 1.5114506 1.3681507 1.4977109 1.8238235 2.8078758 2.9344380 2.7158082 2.6186981 2.1917093 2.8365362 2.6492259 2.6706677 2.8859452 2.3224485 3.1428105 3.0130869 3.5793032 2.1615910 2.8953715 3.0615694 2.8249934 2.7636126 4.0000262 3.3831403 3.0280488 2.9407768 3.5655914 2.8471758 3.2013653 2.9964230 2.6047653 2.7060248 2.6119249 2.4332694 3.1234520 2.8170381 2.8241255 2.8281523 2.8223060 2.7803999 2.8798520 3.2352537 3.0668702 2.9548853 5.2163540 2.5413779 2.6925109 2.6106962 3.3563276 1.7662477 3.7798610 4.4190836 4.4190836 4.0821030 4.1139852 4.3924578 4.3683866 3.9866814 3.9800058 4.6567746 3.5775686 
Emue_Em0020g713a.t1                                    0.0466105 0.0000000 0.0953935 0.2193869 0.8859944 0.9208897 1.2656664 1.2096442 1.3329981 1.6602214 2.3706767 2.3945156 2.4126016 2.2767681 1.7323937 2.4959566 2.3849400 2.3862219 2.4701514 1.8532176 2.6595873 2.7987776 3.1257258 1.9223110 2.5571456 2.1808769 2.4414554 2.3853637 3.6960245 2.9393653 2.5294077 2.4820958 3.1732575 2.2743145 2.5666430 2.4423827 2.3145327 2.3759675 2.3513638 1.7553430 2.6297054 2.5002903 2.4170669 2.4005867 2.3966468 2.3975869 2.4445478 2.8657818 2.6365859 2.5773400 3.8625128 2.3552603 2.3842396 2.3530098 2.8425970 1.6557180 2.8246845 3.5883439 3.5883439 3.6668596 3.6055026 3.6224188 3.6302257 3.2075116 3.3604158 3.4679205 3.1175776 
Emue_Em0519g4a.t1                                      0.1990990 0.0953935 0.0000000 0.3532576 1.0935766 1.1387807 1.5072744 1.4742192 1.6278795 1.8962299 2.6921798 2.7934582 3.3876911 2.5909716 0.0000010 3.0365748 2.8835181 2.8442672 2.9931861 0.0000010 8.5427454 3.5870462 2.7370897 7.1894805 3.0324973 0.0000010 3.0036229 2.8769793 3.1212425 2.8473816 2.9216396 2.9584140 3.0980768 2.3424352 2.9906625 2.9363236 2.6957333 2.7966290 2.8287970 1.7487403 2.9239370 3.1316395 3.1316395 3.1353545 3.1280362 3.0696763 3.2497382 2.8883139 3.1180367 2.8005046 3.5680530 5.6813065 3.0197059 2.6903708 3.1364133 2.2010429 2.8254239 3.9700292 3.9700292 5.4000789 4.9841370 4.0351713 4.0593214 3.2746430 3.8427486 3.6185377 3.3733544 
Spolac_c102964_g1_i1_m.31854c102964-g1                 0.3108768 0.2193869 0.3532576 0.0000000 0.8592833 0.8180926 1.1922145 1.1886673 1.2868694 1.7954923 2.3623123 2.4170195 2.4229312 2.3919703 1.8060345 2.4174613 2.3616695 2.3632615 2.4405263 2.2234521 2.5357460 2.7488311 2.8235719 1.9929286 2.5243214 2.5022643 2.4501003 2.3258988 4.0033199 2.6825698 2.4449515 2.4445182 3.4026065 2.2980710 2.5529051 2.4788959 2.3840323 2.4609046 2.3297719 1.6496658 2.6801982 2.4006973 2.3544479 2.2695003 2.2624221 2.2728597 2.2878720 2.7234045 2.5350783 2.6478683 4.2546522 2.2751946 2.3847556 2.3533697 2.6360665 1.5805930 2.7723612 3.5338145 3.5338145 3.7061766 3.6424804 3.7913196 4.0263224 3.4208164 3.4238400 3.7321520 3.0004291 
Stycar_maker-SC_scaffold7334-snap-gene-0.8-mRNA-1      0.8575365 0.8859944 1.0935766 0.8592833 0.0000000 0.7260110 1.1444516 1.1404344 1.1869631 3.9567532 2.9120566 3.0235004 3.0352176 3.0707840 0.0000010 3.1053250 3.0495023 3.0343347 3.1991075 8.9999988 3.1201043 3.5272188 3.1207086 4.4547510 3.3762441 0.0000010 3.0517799 3.1270336 2.7097199 3.2306298 2.8329695 2.9940841 2.8607882 3.2782064 3.0029766 3.1789183 2.7839119 3.0529447 2.6390053 3.8889602 3.2347912 3.0901230 3.0692333 2.9366225 2.9190031 2.8996841 2.9318452 3.9103389 3.3373473 3.7947434 5.7376572 3.8471632 3.2048484 3.1224226 2.6897071 1.5576048 4.8233036 4.4754594 4.4754594 4.3850782 4.1961446 4.9981230 6.0271131 4.3041889 4.6767248 4.0230631 3.8217908 
Tetwil_g19687.t2                                       0.9368029 0.9208897 1.1387807 0.8180926 0.7260110 0.0000000 1.2504219 1.2263780 1.2621292 1.6248830 2.2969152 2.2900194 2.3759242 2.3113942 1.8557564 2.3423190 2.2732578 2.2823250 2.4418784 2.1861550 2.3842948 2.7078531 2.5888122 1.9162784 2.3496593 2.2788469 2.2866343 2.2499717 3.0871574 2.5768170 2.1783837 2.2343590 2.8355145 2.3991348 2.4303729 2.4220852 2.1636319 2.3161579 2.1201250 1.8926964 2.5940441 2.3839696 2.3284675 2.2556598 2.2486492 2.2569555 2.2533300 2.7191016 2.5183962 2.7113139 4.1753174 2.2884888 2.2750450 2.1570308 2.3482044 1.5188907 3.2096010 3.6194247 3.6194247 3.7424781 3.6185491 3.5936146 3.6048748 3.3445121 3.2611365 3.3780054 2.8466789 
Xestes_maker-XT_scaffold166-snap-gene-0.23-mRNA-1      1.5114506 1.2656664 1.5072744 1.1922145 1.1444516 1.2504219 0.0000000 0.4034225 0.4961315 1.7909840 2.9487530 3.0571973 3.0728509 2.6838661 0.0000010 2.5187615 2.4894476 2.5053260 2.4328726 0.0000010 3.9949350 3.0418342 2.3792236 4.9874852 2.5489593 0.0000010 2.7701201 2.8479202 2.7310356 2.5525340 2.8968613 2.7072270 2.4518259 2.5604139 2.7550492 2.8071753 2.8037673 2.7679405 2.5956414 1.8176354 3.1881723 2.6847620 2.6847620 2.4768927 2.4612992 2.4530176 2.4626264 3.0070704 3.0089040 3.2610506 2.9273385 4.0467869 2.9846305 2.8347778 2.7031515 1.7855011 2.7987305 3.6944723 3.6944723 4.8364115 4.6644498 3.7667016 3.7178020 3.3461855 3.4318497 3.6247110 3.3916975 
Halamb_c46396_g1_i2mm.1929                             1.3681507 1.2096442 1.4742192 1.1886673 1.1404344 1.2263780 0.4034225 0.0000000 0.2884764 1.7990162 2.3627832 2.3946568 2.3910250 2.3707456 1.2108308 2.1966210 2.1341629 2.1629282 2.2635497 1.5364139 2.2591154 2.8701144 2.5768300 1.6726735 2.3733095 1.4564593 2.5379339 2.5178595 2.9285347 2.7295219 2.3917603 2.2840307 2.5587069 2.2064313 2.2994009 2.3815627 2.3488067 2.3996114 2.0554162 2.1153474 2.5762937 2.6446814 2.5495195 2.3734590 2.3641953 2.4061410 2.3377533 3.2335571 2.4862786 2.6469776 3.7711355 2.3256809 2.4609917 2.3510735 2.6610694 1.6860899 3.6610052 3.5433233 3.5433233 3.5740662 3.5354202 3.4281585 3.4804538 3.0643347 3.2119617 3.5717110 2.9031299 
Aque_Aqu2.1.23951_001                                  1.4977109 1.3329981 1.6278795 1.2868694 1.1869631 1.2621292 0.4961315 0.2884764 0.0000000 2.3139774 2.6671580 2.5878289 2.5949092 2.8310465 1.6741482 2.4595260 2.3924918 2.4246856 2.5193659 2.0158484 2.4500391 2.9327677 2.7992705 1.9045698 2.6072149 2.4272514 2.5835633 2.5629237 3.3227126 3.0432670 2.6121940 2.4751853 2.7693405 2.4939818 2.4476097 2.6558225 2.6994456 2.7258634 2.3502670 2.4258765 2.9607492 2.6647744 2.6065684 2.4945008 2.4851963 2.5362267 2.5692404 3.1377605 2.6351322 3.0262565 5.1170408 2.6336408 2.5233790 2.4421000 2.6339228 1.7581550 3.9906532 3.8478576 3.8478576 3.7142571 3.5982224 3.7875788 3.8808686 3.4756389 3.5306525 3.8166845 3.1703382 
Stycar_maker-SC_scaffold4080-augustus-gene-0.27-mRNA-1 1.8238235 1.6602214 1.8962299 1.7954923 3.9567532 1.6248830 1.7909840 1.7990162 2.3139774 0.0000000 2.1384157 1.7687936 2.9326596 2.3365508 3.8449554 2.3228257 2.2219457 2.2058999 1.9899909 3.9670292 4.1836795 1.9287517 1.9079863 5.1794272 1.7168766 2.5796045 1.9199210 1.7975185 0.0000010 1.6031788 2.7166230 2.5010227 0.0000010 2.5520645 2.4462996 2.2708646 2.3307601 2.2735987 2.2301363 1.9784889 2.6932275 2.0811762 2.1683936 2.0323646 2.0323646 1.9192608 2.0330814 2.9676098 2.9346167 2.4557090 3.3822932 2.5643614 1.6343565 2.0300706 1.9022228 2.2113294 3.8304438 3.0749701 3.0749701 2.5793470 2.6212591 3.3029722 3.0586975 3.2302258 2.5354018 1.7623927 2.6939678 
Cgig_XM_011446934.3                                    2.8078758 2.3706767 2.6921798 2.3623123 2.9120566 2.2969152 2.9487530 2.3627832 2.6671580 2.1384157 0.0000000 0.8549030 1.0925856 1.1924979 1.0407962 1.9125835 1.9094260 1.8758838 1.9391026 1.4365829 2.0794960 2.3627396 1.9321260 1.1227420 1.8544473 1.6630735 1.9118942 1.8696271 1.9683239 1.7552081 2.0623895 1.8110801 2.2082036 2.0176972 1.9689790 2.0673591 1.3515709 1.2925307 1.4576746 1.4272439 1.5957327 2.1230584 2.0996407 2.0228483 2.0268262 1.9891108 1.8789299 2.4659317 2.1409196 1.7501026 3.5129839 2.5380770 2.3633129 2.3826774 2.0927190 2.6852776 3.3350418 3.3559376 3.3617318 3.1618044 3.0035426 3.3256848 3.5325754 3.1266422 3.1511660 3.4895658 2.0178263 
Acagra_model.g3197.t1                                  2.9344380 2.3945156 2.7934582 2.4170195 3.0235004 2.2900194 3.0571973 2.3946568 2.5878289 1.7687936 0.8549030 0.0000000 0.9558211 1.0412271 1.0215110 1.7335678 1.7585841 1.7365662 1.7859679 1.4362423 1.8818612 2.1394674 1.8986486 1.0041945 1.8192746 1.6004432 1.8090618 1.7927049 1.7268044 1.6904304 2.0056700 1.7683522 2.1280292 1.7494243 1.7874419 1.8816254 1.2207905 1.1629356 1.3099134 0.8051051 1.5027165 1.9611912 1.9500678 1.8487991 1.8543786 1.8578437 1.7302876 2.4109592 1.9247573 1.5957697 3.3976065 2.2652147 2.2663522 2.2070049 2.2008386 2.6622954 1.6494483 2.9600973 2.9700458 2.8731938 2.6992568 3.0739861 3.2620516 2.9422062 2.9230731 3.1754671 1.8463410 
Ctel_gnl_WGS_AMQN_CAPTEDRAFT_mRNA223793                2.7158082 2.4126016 3.3876911 2.4229312 3.0352176 2.3759242 3.0728509 2.3910250 2.5949092 2.9326596 1.0925856 0.9558211 0.0000000 1.1709748 1.2547411 2.0091703 1.9824296 1.9648902 2.1961742 1.6366084 1.7764057 2.3752573 2.5525977 1.2664542 1.9502960 1.5475342 1.9100497 1.8392568 2.2865388 3.0867237 2.1335976 1.9187581 2.4076006 1.9456919 2.0271603 2.0700514 1.4255288 1.3213747 1.4511844 0.0000010 1.6523267 2.1572712 2.0925460 2.0644852 2.0588154 2.0699751 1.9949322 2.7507970 2.1132712 1.8151158 3.6814399 2.3798331 2.3560196 2.3432257 2.8061292 2.6670882 0.0000010 3.2286210 3.2366819 3.0241871 2.8020542 3.3970816 3.6607656 3.1681945 3.1791113 3.3996912 1.9664123 
Cscu_XM_023383268.1                                    2.6186981 2.2767681 2.5909716 2.3919703 3.0707840 2.3113942 2.6838661 2.3707456 2.8310465 2.3365508 1.1924979 1.0412271 1.1709748 0.0000000 1.1021009 1.9016410 1.9142742 1.9104064 2.0698634 1.5975388 2.1612953 2.4884409 1.9698841 1.1689603 1.9383088 1.7083143 1.8672489 1.8081137 2.4456115 1.9331364 2.2817092 2.0106064 2.7825471 1.9347166 2.1741852 2.1459128 1.3556617 1.3132905 1.4913640 1.2547149 1.5364055 1.8745123 1.8974909 1.8987341 1.8903142 1.8540719 1.7544994 2.6336853 2.2105890 1.2842530 3.4961218 2.2845828 2.1599301 2.0032573 2.0690437 2.6069662 2.2996371 3.3471191 3.3569541 3.1598287 3.0015823 3.2498414 3.3755044 3.0684441 2.9611614 3.2607968 1.7487769 
Gasp_gasp1.m3.6555.m1                                  2.1917093 1.7323937 0.0000010 1.8060345 0.0000010 1.8557564 0.0000010 1.2108308 1.6741482 3.8449554 1.0407962 1.0215110 1.2547411 1.1021009 0.0000000 0.1098566 0.1548321 0.1594337 0.1573936 0.1921693 0.1921693 0.2531324 0.0000010 0.3996446 0.4611728 0.5202438 0.8457321 0.7510792 0.0000010 0.0000010 0.8898775 0.8574912 0.0000010 0.8427682 0.9141431 1.1606963 0.9791431 0.7953763 0.9608482 0.0000010 1.3071202 1.2678552 1.1322609 1.1005657 1.1005657 1.0580497 1.0866692 2.8146871 0.9956068 1.6110771 2.5575046 1.3040216 1.3411129 1.3041303 0.0000010 1.3704567 0.0000010 2.3409676 2.3409676 2.1981726 1.6702839 2.8107936 2.4227740 2.2601451 2.3831033 0.0000010 2.4424579 
Fspp_ffun1.m4.19635.m1                                 2.8365362 2.4959566 3.0365748 2.4174613 3.1053250 2.3423190 2.5187615 2.1966210 2.4595260 2.3228257 1.9125835 1.7335678 2.0091703 1.9016410 0.1098566 0.0000000 0.1977937 0.2182087 0.2477057 0.2879720 0.4480866 0.3880684 0.3761259 0.5425075 0.8796599 0.8635691 1.3325521 1.2882183 0.9538807 0.8603140 1.5598091 1.4009127 1.7069357 1.3917697 1.3665547 1.4229138 1.6718847 1.6679480 1.6146600 1.2073948 1.9500642 1.9435938 1.9077275 1.7923928 1.7929790 1.8016937 1.7255652 2.2519793 1.6720554 2.2164807 2.9798909 2.2383489 2.1553476 2.0763713 2.0258991 2.5380508 2.1387601 3.2156648 3.2139244 3.1080743 2.8663155 3.3896589 3.1868535 3.1148476 3.0757703 3.4681130 2.6090733 
Pocdam_XM_027179876.1                                  2.6492259 2.3849400 2.8835181 2.3616695 3.0495023 2.2732578 2.4894476 2.1341629 2.3924918 2.2219457 1.9094260 1.7585841 1.9824296 1.9142742 0.1548321 0.1977937 0.0000000 0.0641823 0.3061692 0.2692152 0.4653445 0.4129151 0.3717362 0.5543448 0.8777547 0.8860127 1.2652299 1.2428668 1.0326429 0.8971887 1.5782574 1.3903347 1.8099428 1.4398248 1.3711272 1.4256339 1.6922432 1.6610049 1.6365531 1.2310488 2.0116735 1.8703623 1.8299472 1.7639202 1.7644668 1.7831800 1.6638452 2.2579546 1.6792298 2.2333998 2.8620920 2.2486274 2.1099359 2.0960714 2.0188107 2.4904826 2.2632784 3.1962777 3.1945913 3.1154159 2.8788544 3.3498373 3.3185352 3.0747736 3.0918790 3.6001295 2.6360927 
Spis_XP_022788436_1                                    2.6706677 2.3862219 2.8442672 2.3632615 3.0343347 2.2823250 2.5053260 2.1629282 2.4246856 2.2058999 1.8758838 1.7365662 1.9648902 1.9104064 0.1594337 0.2182087 0.0641823 0.0000000 0.3203971 0.3006250 0.4710129 0.4165274 0.3828456 0.5415513 0.9257782 0.8787612 1.2563220 1.2432682 1.0568852 0.9084775 1.6214834 1.3921772 1.7851784 1.4346988 1.3661852 1.4524036 1.6818424 1.6416657 1.6320251 1.2506866 2.0345291 1.8444075 1.8058408 1.7620450 1.7625873 1.7744448 1.6553920 2.2433278 1.6766427 2.2414781 2.8471937 2.2303585 2.1176892 2.1031476 2.0416942 2.5136080 2.2542092 3.1903774 3.1887118 3.1084072 2.8565249 3.3375253 3.3348330 3.0703103 3.1172146 3.5487054 2.6302676 
Gfas_gfas1.m1.6690.m1                                  2.8859452 2.4701514 2.9931861 2.4405263 3.1991075 2.4418784 2.4328726 2.2635497 2.5193659 1.9899909 1.9391026 1.7859679 2.1961742 2.0698634 0.1573936 0.2477057 0.3061692 0.3203971 0.0000000 0.1601656 0.4235868 0.3154367 0.3359479 0.4794651 0.9468873 0.8297762 1.4210464 1.3412794 1.0004612 0.8860461 1.6025774 1.4702639 1.6595811 1.4771499 1.4297398 1.5204750 1.7289175 1.6783311 1.6822001 1.2186931 2.1785379 1.9698117 1.9288415 1.8244156 1.8277107 1.8224616 1.7640693 2.1047647 1.6419536 2.3769853 2.8168213 2.3661709 2.1823288 2.1695370 2.1248620 2.6829541 2.3361781 3.1927957 3.1908047 3.0331184 2.7732508 3.4877028 3.2918704 3.1051942 3.0937227 3.1799183 2.8440093 
Adig_XM_015907024.1                                    2.3224485 1.8532176 0.0000010 2.2234521 8.9999988 2.1861550 0.0000010 1.5364139 2.0158484 3.9670292 1.4365829 1.4362423 1.6366084 1.5975388 0.1921693 0.2879720 0.2692152 0.3006250 0.1601656 0.0000000 0.1045441 0.0658678 0.0000010 0.3730381 0.7290910 0.6130113 1.1282315 0.9908843 0.0000010 0.0000010 1.1299966 1.0024125 0.0000010 1.1433639 1.1527816 1.3263752 1.4552054 1.1987320 1.3243693 0.0000010 1.6954466 1.6156945 1.5211954 1.4053259 1.4053259 1.3784589 1.3479209 3.2795975 1.2408788 1.9688038 3.4668344 1.7026366 1.7730813 1.5820998 0.0000010 1.8933129 0.0000010 2.7403831 2.7381515 2.3295297 2.0264614 2.8995110 3.0067209 2.9484188 2.9124619 0.0000010 2.6855961 
Adig_XM_015893662.1                                    3.1428105 2.6595873 8.5427454 2.5357460 3.1201043 2.3842948 3.9949350 2.2591154 2.4500391 4.1836795 2.0794960 1.8818612 1.7764057 2.1612953 0.1921693 0.4480866 0.4653445 0.4710129 0.4235868 0.1045441 0.0000000 0.1089512 0.2217618 0.4478755 0.9280619 0.8604048 1.4925341 1.3223246 1.1177038 1.5078055 1.5844977 1.2904096 0.8947282 1.3810939 1.5170829 1.5488543 1.8031006 1.6874874 1.7285758 4.1557680 2.0797736 2.0181934 1.9456583 1.8321512 1.8397066 1.8421355 1.7776732 3.6414935 1.5646042 2.4530242 3.8088503 1.9882345 2.2645804 2.2613179 2.9258992 2.2076124 9.0000000 3.6287698 3.6245559 2.6590278 2.5432210 3.6600122 3.7471539 3.5580369 3.3899789 6.7647761 2.9427812 
Amil_Amillepora14692-RA                                3.0130869 2.7987776 3.5870462 2.7488311 3.5272188 2.7078531 3.0418342 2.8701144 2.9327677 1.9287517 2.3627396 2.1394674 2.3752573 2.4884409 0.2531324 0.3880684 0.4129151 0.4165274 0.3154367 0.0658678 0.1089512 0.0000000 0.1235295 0.6233420 1.0982730 1.1249702 1.6607876 1.5545492 1.3961589 1.0990821 1.9242612 1.6674670 1.6327649 1.7260552 1.6686276 1.8467850 1.9835909 1.9479032 1.9040167 1.4023261 2.3444075 2.1137136 2.1696304 2.0577800 2.0499703 2.0739850 2.0506101 2.3258443 1.8468466 2.9438399 3.0205028 2.5778521 2.4826008 2.4237157 2.4461980 2.7814673 2.2556334 3.6289353 3.6246852 3.5092168 3.3416951 3.7923139 3.7856308 3.3955062 3.4663400 3.1868515 2.7831950 
Adig_XM_015907025.1                                    3.5793032 3.1257258 2.7370897 2.8235719 3.1207086 2.5888122 2.3792236 2.5768300 2.7992705 1.9079863 1.9321260 1.8986486 2.5525977 1.9698841 0.0000010 0.3761259 0.3717362 0.3828456 0.3359479 0.0000010 0.2217618 0.1235295 0.0000000 6.5809151 1.0508721 0.0000010 1.5753283 1.5430922 1.1237892 1.0619669 1.9752404 1.8123915 1.5664574 1.5428114 1.5375151 1.7783697 1.8477877 1.9303880 1.7134540 1.3323687 2.0488347 1.8397807 1.8044198 1.8075747 1.7908007 1.8795981 1.9084434 2.1831744 2.3739962 2.5152773 2.7961612 2.7912222 2.3221697 2.3149298 1.9718413 3.0766480 2.1542474 3.3215713 3.3215713 4.6437269 4.3119235 3.6542932 3.4459817 3.0017235 3.1211474 3.8804296 2.9090704 
Nvec_v1g248804                                         2.1615910 1.9223110 7.1894805 1.9929286 4.4547510 1.9162784 4.9874852 1.6726735 1.9045698 5.1794272 1.1227420 1.0041945 1.2664542 1.1689603 0.3996446 0.5425075 0.5543448 0.5415513 0.4794651 0.3730381 0.4478755 0.6233420 6.5809151 0.0000000 0.4950659 0.0000010 1.0048260 0.8555489 0.0000010 2.2084641 1.0437660 0.9536465 0.0000010 0.8265518 0.9917010 1.1240057 0.9976912 0.9360258 1.0956623 0.0000010 1.2183844 1.2398803 1.1867358 1.1517537 1.1517537 1.0643179 1.1445619 2.7024048 1.0361591 1.5344390 3.3787769 1.3899897 1.6208388 1.6065457 4.0814770 1.6295653 0.0000010 2.5847666 2.5847666 2.2133376 1.9780268 3.0164800 3.0044721 2.5815195 2.9187788 2.5730368 2.3351185 
Exapal_XM_021043366.1                                  2.8953715 2.5571456 3.0324973 2.5243214 3.3762441 2.3496593 2.5489593 2.3733095 2.6072149 1.7168766 1.8544473 1.8192746 1.9502960 1.9383088 0.4611728 0.8796599 0.8777547 0.9257782 0.9468873 0.7290910 0.9280619 1.0982730 1.0508721 0.4950659 0.0000000 0.7512825 1.3505816 1.3512391 0.6882121 0.7502966 1.6555338 1.4349941 1.8404969 1.4491234 1.4556013 1.4300420 1.7136579 1.6480097 1.6811510 1.1860287 1.9792619 1.8465404 1.8187568 1.7669393 1.7679813 1.7399437 1.6884225 2.1689299 1.6399053 2.1842005 3.0876091 2.1757216 2.1557465 2.1459598 2.2491137 2.5135449 2.3582067 3.1015565 3.1110712 2.7703326 2.5603418 3.3021355 3.3483236 3.0479529 3.1033895 3.2768332 2.4915762 
Nvec_v1g222100                                         3.0615694 2.1808769 0.0000010 2.5022643 0.0000010 2.2788469 0.0000010 1.4564593 2.4272514 2.5796045 1.6630735 1.6004432 1.5475342 1.7083143 0.5202438 0.8635691 0.8860127 0.8787612 0.8297762 0.6130113 0.8604048 1.1249702 0.0000010 0.0000010 0.7512825 0.0000000 1.5087470 1.5446725 0.0000010 0.0000010 1.5009073 1.0997856 0.0000010 1.4499896 1.5185861 1.6224085 1.8843194 1.5797659 1.9926788 0.0000010 2.0663856 1.7147757 1.6328493 1.5886081 1.5662695 1.5614052 1.2524921 3.1213988 1.4004353 2.1981887 3.1355215 2.2013859 1.9731405 2.3386423 0.0000010 2.5294667 0.0000010 2.9172302 2.9351557 2.0745365 1.7200776 3.1587890 3.2473990 3.1896565 3.2924586 0.0000010 2.7204382 
Xesp_017170-T1                                         2.8249934 2.4414554 3.0036229 2.4501003 3.0517799 2.2866343 2.7701201 2.5379339 2.5835633 1.9199210 1.9118942 1.8090618 1.9100497 1.8672489 0.8457321 1.3325521 1.2652299 1.2563220 1.4210464 1.1282315 1.4925341 1.6607876 1.5753283 1.0048260 1.3505816 1.5087470 0.0000000 0.3095684 1.9634291 1.4509322 1.6683320 1.5787025 2.0889549 1.5336107 1.5105250 1.5750989 1.5001202 1.5468624 1.8316763 0.9052469 2.1035273 1.9658007 1.9179018 1.9712938 1.9724901 1.9645102 1.8683090 2.2119834 1.7382346 2.2404364 3.7840018 2.5692119 2.2153882 2.1801250 2.0357309 2.4825599 2.4704369 3.1751178 3.1734522 2.9625752 2.6338985 2.9813239 3.1456274 3.0014902 2.7958021 3.3809913 2.5196090 
Dgig_XM_028560088.1                                    2.7636126 2.3853637 2.8769793 2.3258988 3.1270336 2.2499717 2.8479202 2.5178595 2.5629237 1.7975185 1.8696271 1.7927049 1.8392568 1.8081137 0.7510792 1.2882183 1.2428668 1.2432682 1.3412794 0.9908843 1.3223246 1.5545492 1.5430922 0.8555489 1.3512391 1.5446725 0.3095684 0.0000000 1.9389447 1.4695391 1.5729763 1.4780320 1.8979787 1.4021702 1.4565053 1.4612436 1.4979711 1.5086474 1.6789848 0.8522398 2.0677680 2.0641698 2.0481830 2.0262599 2.0307081 2.0180601 1.9223739 2.1862499 1.6903008 2.0893541 3.2860055 2.4481353 2.1110884 2.1105667 2.0498469 2.3786881 2.3818277 3.0084972 3.0072309 2.7793642 2.5396341 2.9461629 3.1372164 2.9467472 2.7194514 3.0019062 2.4690501 
Nvec_NVE16038                                          4.0000262 3.6960245 3.1212425 4.0033199 2.7097199 3.0871574 2.7310356 2.9285347 3.3227126 0.0000010 1.9683239 1.7268044 2.2865388 2.4456115 0.0000010 0.9538807 1.0326429 1.0568852 1.0004612 0.0000010 1.1177038 1.3961589 1.1237892 0.0000010 0.6882121 0.0000010 1.9634291 1.9389447 0.0000000 0.0237764 1.5443519 1.6266120 1.5891027 1.6390801 1.4288445 1.5572078 1.7345154 2.0589940 1.7341710 0.0000010 1.9340667 1.8677957 1.8677957 1.8878973 1.8730859 1.8884216 1.7171350 2.3303944 2.2033144 2.2918946 2.5465113 7.5267747 2.6723512 2.5352443 2.0634221 2.7841010 0.0000010 2.9464670 2.9464670 2.8390178 2.7241031 6.3299059 4.7892024 4.6035601 3.9350596 4.0918433 2.4032384 
Nvec_v1g222446                                         3.3831403 2.9393653 2.8473816 2.6825698 3.2306298 2.5768170 2.5525340 2.7295219 3.0432670 1.6031788 1.7552081 1.6904304 3.0867237 1.9331364 0.0000010 0.8603140 0.8971887 0.9084775 0.8860461 0.0000010 1.5078055 1.0990821 1.0619669 2.2084641 0.7502966 0.0000010 1.4509322 1.4695391 0.0237764 0.0000000 1.7339528 1.7392498 1.5891027 1.7859643 1.5591001 1.5575549 1.7361364 1.7623360 1.7573605 1.1400354 2.1385018 1.9451035 1.9451035 1.9533900 1.9618798 2.0050749 1.9388713 1.8281832 1.9117985 2.2218140 2.8582964 3.4109518 2.5456579 2.3628024 2.1967910 2.9636256 2.3521572 3.1334857 3.1334857 3.6011192 3.2594351 3.9873643 3.4383598 3.1714235 3.3086863 3.5706251 2.3211099 
Hvul_g19933_1                                          3.0280488 2.5294077 2.9216396 2.4449515 2.8329695 2.1783837 2.8968613 2.3917603 2.6121940 2.7166230 2.0623895 2.0056700 2.1335976 2.2817092 0.8898775 1.5598091 1.5782574 1.6214834 1.6025774 1.1299966 1.5844977 1.9242612 1.9752404 1.0437660 1.6555338 1.5009073 1.6683320 1.5729763 1.5443519 1.7339528 0.0000000 0.7885777 1.4112315 1.1165256 1.1318619 1.2300159 1.9063337 1.8961400 1.8647866 1.6831715 2.5107110 2.1120213 2.0372016 1.9203803 1.9276650 1.9818543 1.9318440 1.5783957 1.2883818 2.5250780 3.0724709 2.4777829 2.3333292 2.3218003 2.2747052 2.4213970 3.0389453 3.2086350 3.2086350 3.0299330 2.8152822 3.0487047 3.1069385 2.9467885 3.0838030 2.9879037 2.8153918 
Chem_TCONS_00020855                                    2.9407768 2.4820958 2.9584140 2.4445182 2.9940841 2.2343590 2.7072270 2.2840307 2.4751853 2.5010227 1.8110801 1.7683522 1.9187581 2.0106064 0.8574912 1.4009127 1.3903347 1.3921772 1.4702639 1.0024125 1.2904096 1.6674670 1.8123915 0.9536465 1.4349941 1.0997856 1.5787025 1.4780320 1.6266120 1.7392498 0.7885777 0.0000000 1.3332468 1.0821640 1.0851077 1.0314909 1.7567904 1.7604425 1.8044160 1.8084616 2.2163170 1.9934333 1.9113362 1.8093718 1.8173904 1.8393091 1.8571376 1.6299407 1.2670964 2.2158872 2.8583088 2.3455827 2.2993229 2.3942724 2.5741903 2.2526714 3.4197434 3.1505784 3.1505784 3.0651052 2.8022521 3.0906023 3.1637048 2.8909066 3.0531633 3.6291939 2.6775919 
Aaur_scaffold6025.g1.t1                                3.5655914 3.1732575 3.0980768 3.4026065 2.8607882 2.8355145 2.4518259 2.5587069 2.7693405 0.0000010 2.2082036 2.1280292 2.4076006 2.7825471 0.0000010 1.7069357 1.8099428 1.7851784 1.6595811 0.0000010 0.8947282 1.6327649 1.5664574 0.0000010 1.8404969 0.0000010 2.0889549 1.8979787 1.5891027 1.5891027 1.4112315 1.3332468 0.0000000 0.0429367 0.5409104 1.0285789 2.1640609 2.2302159 2.5140909 0.0000010 2.7078766 2.2709935 2.2709935 2.4373049 2.4199325 2.4299929 2.6280480 1.7354496 2.6466179 3.0090125 0.0969889 4.7674185 2.5708580 2.5223113 2.1484358 2.4735316 0.0000010 3.7463304 3.7463304 3.6236147 3.7426055 4.1340257 4.9177988 4.1277610 4.8453087 4.7698586 2.5398880 
Aaur_scaffold367.g4.t1                                 2.8471758 2.2743145 2.3424352 2.2980710 3.2782064 2.3991348 2.5604139 2.2064313 2.4939818 2.5520645 2.0176972 1.7494243 1.9456919 1.9347166 0.8427682 1.3917697 1.4398248 1.4346988 1.4771499 1.1433639 1.3810939 1.7260552 1.5428114 0.8265518 1.4491234 1.4499896 1.5336107 1.4021702 1.6390801 1.7859643 1.1165256 1.0821640 0.0429367 0.0000000 0.6089562 0.8026012 1.7375419 1.9166017 1.8130744 2.1173192 2.1950356 1.9324581 1.8803939 1.7909599 1.7872160 1.7746501 1.7227392 1.8806779 1.3235921 2.3257927 1.6324106 2.4052744 2.4022822 2.3340121 2.3586190 2.2523156 2.5980145 3.1565527 3.1565527 3.0295243 2.7836836 3.2102121 3.3021819 2.9396236 2.8747061 3.2072991 2.7017901 
Rhoesc_Res_014283-T1                                   3.2013653 2.5666430 2.9906625 2.5529051 3.0029766 2.4303729 2.7550492 2.2994009 2.4476097 2.4462996 1.9689790 1.7874419 2.0271603 2.1741852 0.9141431 1.3665547 1.3711272 1.3661852 1.4297398 1.1527816 1.5170829 1.6686276 1.5375151 0.9917010 1.4556013 1.5185861 1.5105250 1.4565053 1.4288445 1.5591001 1.1318619 1.0851077 0.5409104 0.6089562 0.0000000 0.7616051 1.7039084 1.7547363 1.7545453 1.8090930 2.0838121 1.9555306 1.9112553 1.8726134 1.8714858 1.8866933 1.8118106 1.6065277 1.2808004 2.3826482 2.3197835 2.3699552 2.1415656 2.1847817 2.0692977 2.5469242 2.6502917 3.3343007 3.3343007 3.2130313 2.8699605 3.1053270 3.2762924 2.9981174 3.0196353 3.2224198 2.5754891 
Sanmal_Sma_013003-T1                                   2.9964230 2.4423827 2.9363236 2.4788959 3.1789183 2.4220852 2.8071753 2.3815627 2.6558225 2.2708646 2.0673591 1.8816254 2.0700514 2.1459128 1.1606963 1.4229138 1.4256339 1.4524036 1.5204750 1.3263752 1.5488543 1.8467850 1.7783697 1.1240057 1.4300420 1.6224085 1.5750989 1.4612436 1.5572078 1.5575549 1.2300159 1.0314909 1.0285789 0.8026012 0.7616051 0.0000000 1.7485223 1.8447088 1.7824894 1.5409841 2.2032334 2.0185488 1.9569845 1.8483506 1.8449492 1.8794782 1.8855666 1.6599063 1.2687544 2.3495946 3.2055467 2.7140419 2.3640553 2.3810973 2.3721989 2.5556454 2.3770848 3.0313643 3.0313643 3.2120946 2.7802842 3.1097545 3.3498370 2.9150012 2.9041935 3.2274129 2.8105306 
Bralan_BLAG09000244_1                                  2.6047653 2.3145327 2.6957333 2.3840323 2.7839119 2.1636319 2.8037673 2.3488067 2.6994456 2.3307601 1.3515709 1.2207905 1.4255288 1.3556617 0.9791431 1.6718847 1.6922432 1.6818424 1.7289175 1.4552054 1.8031006 1.9835909 1.8477877 0.9976912 1.7136579 1.8843194 1.5001202 1.4979711 1.7345154 1.7361364 1.9063337 1.7567904 2.1640609 1.7375419 1.7039084 1.7485223 0.0000000 0.9225137 0.9897116 1.5701862 1.1364675 1.9379172 1.9582485 1.8661628 1.8617989 1.8521745 1.7561270 2.2751011 1.7755835 1.8706938 3.2387785 2.0947856 1.9600958 1.9219302 1.7874348 2.6430990 1.9592814 2.8485507 2.8542419 2.8306409 2.6100255 3.0860014 3.1945201 2.7757127 2.6534082 2.8835317 2.2735492 
Skow_XM_006811767.1                                    2.7060248 2.3759675 2.7966290 2.4609046 3.0529447 2.3161579 2.7679405 2.3996114 2.7258634 2.2735987 1.2925307 1.1629356 1.3213747 1.3132905 0.7953763 1.6679480 1.6610049 1.6416657 1.6783311 1.1987320 1.6874874 1.9479032 1.9303880 0.9360258 1.6480097 1.5797659 1.5468624 1.5086474 2.0589940 1.7623360 1.8961400 1.7604425 2.2302159 1.9166017 1.7547363 1.8447088 0.9225137 0.0000000 0.9017452 1.2831651 1.3260164 1.7597487 1.7482418 1.7378154 1.7307130 1.7267154 1.6561763 2.1068102 1.8500202 1.7045632 3.4576492 1.9393259 2.0357817 1.9506684 2.1777291 2.5368194 2.3681634 3.0332702 3.0391060 2.7961123 2.6922344 2.8528527 2.9760403 2.8697152 2.8345762 2.9289160 2.1486093 
Spur_XM_030984865.1                                    2.6119249 2.3513638 2.8287970 2.3297719 2.6390053 2.1201250 2.5956414 2.0554162 2.3502670 2.2301363 1.4576746 1.3099134 1.4511844 1.4913640 0.9608482 1.6146600 1.6365531 1.6320251 1.6822001 1.3243693 1.7285758 1.9040167 1.7134540 1.0956623 1.6811510 1.9926788 1.8316763 1.6789848 1.7341710 1.7573605 1.8647866 1.8044160 2.5140909 1.8130744 1.7545453 1.7824894 0.9897116 0.9017452 0.0000000 1.6132377 1.4115100 1.8305331 1.8477998 1.7798994 1.7748865 1.8145452 1.7291667 2.0901027 1.6856322 1.9748348 3.3996387 2.1488102 1.9622650 2.0028149 1.8335215 2.4641231 2.7301337 3.0143224 3.0237503 2.7856500 2.6531765 3.1920658 3.1998220 3.0684788 3.0027855 3.0542780 2.3477278 
Ctel_gnl_WGS_AMQN_CAPTEDRAFT_mRNA223791                2.4332694 1.7553430 1.7487403 1.6496658 3.8889602 1.8926964 1.8176354 2.1153474 2.4258765 1.9784889 1.4272439 0.8051051 0.0000010 1.2547149 0.0000010 1.2073948 1.2310488 1.2506866 1.2186931 0.0000010 4.1557680 1.4023261 1.3323687 0.0000010 1.1860287 0.0000010 0.9052469 0.8522398 0.0000010 1.1400354 1.6831715 1.8084616 0.0000010 2.1173192 1.8090930 1.5409841 1.5701862 1.2831651 1.6132377 0.0000000 2.0142263 1.4368139 1.4368139 1.2206775 1.2206775 1.2852940 1.2969088 2.3028575 2.3214108 1.6276317 2.9218036 4.3362682 1.4171623 1.7463924 1.6233422 2.0899515 2.9539484 2.4707235 2.4707235 0.0000010 0.0000010 2.4888816 1.7499446 1.7955446 1.7092230 0.8021017 1.9179844 
Hsap_ENST00000563679                                   3.1234520 2.6297054 2.9239370 2.6801982 3.2347912 2.5940441 3.1881723 2.5762937 2.9607492 2.6932275 1.5957327 1.5027165 1.6523267 1.5364055 1.3071202 1.9500642 2.0116735 2.0345291 2.1785379 1.6954466 2.0797736 2.3444075 2.0488347 1.2183844 1.9792619 2.0663856 2.1035273 2.0677680 1.9340667 2.1385018 2.5107110 2.2163170 2.7078766 2.1950356 2.0838121 2.2032334 1.1364675 1.3260164 1.4115100 2.0142263 0.0000000 2.0751402 2.0516533 2.1069009 2.1070119 2.1246271 1.9878093 3.0872301 2.3843067 1.9607870 3.1974080 2.1904349 2.2768851 2.0956351 2.2636768 2.8666053 2.5157080 3.2705845 3.2765329 2.9532532 2.8653424 3.0949437 3.2188279 3.0130891 2.9066403 3.2856490 2.5919640 
Tadh_TriadT53620                                       2.8170381 2.5002903 3.1316395 2.4006973 3.0901230 2.3839696 2.6847620 2.6446814 2.6647744 2.0811762 2.1230584 1.9611912 2.1572712 1.8745123 1.2678552 1.9435938 1.8703623 1.8444075 1.9698117 1.6156945 2.0181934 2.1137136 1.8397807 1.2398803 1.8465404 1.7147757 1.9658007 2.0641698 1.8677957 1.9451035 2.1120213 1.9934333 2.2709935 1.9324581 1.9555306 2.0185488 1.9379172 1.7597487 1.8305331 1.4368139 2.0751402 0.0000000 0.0014602 0.2583190 0.2632252 0.2630563 0.2532358 2.2925331 1.9334378 2.3690323 3.9811240 2.4250344 2.3058911 2.2164778 2.1702745 2.8408570 2.7269489 2.9839262 2.9933001 2.8398540 2.6473018 3.4508539 3.3171517 2.9997297 3.0219231 3.3542268 2.4375266 
TrH2_TrispH2_002324-RA                                 2.8241255 2.4170669 3.1316395 2.3544479 3.0692333 2.3284675 2.6847620 2.5495195 2.6065684 2.1683936 2.0996407 1.9500678 2.0925460 1.8974909 1.1322609 1.9077275 1.8299472 1.8058408 1.9288415 1.5211954 1.9456583 2.1696304 1.8044198 1.1867358 1.8187568 1.6328493 1.9179018 2.0481830 1.8677957 1.9451035 2.0372016 1.9113362 2.2709935 1.8803939 1.9112553 1.9569845 1.9582485 1.7482418 1.8477998 1.4368139 2.0516533 0.0014602 0.0000000 0.2516701 0.2563600 0.2567876 0.2480427 2.3161992 1.8974049 2.3175382 3.9811240 2.3560506 2.2636336 2.1988217 2.1377655 2.8126880 2.7269489 2.9541486 2.9630368 2.7694574 2.6035348 3.3938785 3.2755439 2.9774668 3.0668565 3.3270437 2.4138864 
HoiH04_mRNA1979                                        2.8281523 2.4005867 3.1353545 2.2695003 2.9366225 2.2556598 2.4768927 2.3734590 2.4945008 2.0323646 2.0228483 1.8487991 2.0644852 1.8987341 1.1005657 1.7923928 1.7639202 1.7620450 1.8244156 1.4053259 1.8321512 2.0577800 1.8075747 1.1517537 1.7669393 1.5886081 1.9712938 2.0262599 1.8878973 1.9533900 1.9203803 1.8093718 2.4373049 1.7909599 1.8726134 1.8483506 1.8661628 1.7378154 1.7798994 1.2206775 2.1069009 0.2583190 0.2516701 0.0000000 0.0057388 0.1010750 0.1080605 2.2247672 1.8354781 2.2609212 4.2442239 2.2847910 2.1654317 2.1169108 2.1219414 2.7032431 2.4945269 2.9203404 2.9292897 2.8083851 2.6685282 3.2216284 3.1501379 2.9241802 3.0960097 3.0950121 2.3982412 
Hhon_g01516.t1                                         2.8223060 2.3966468 3.1280362 2.2624221 2.9190031 2.2486492 2.4612992 2.3641953 2.4851963 2.0323646 2.0268262 1.8543786 2.0588154 1.8903142 1.1005657 1.7929790 1.7644668 1.7625873 1.8277107 1.4053259 1.8397066 2.0499703 1.7908007 1.1517537 1.7679813 1.5662695 1.9724901 2.0307081 1.8730859 1.9618798 1.9276650 1.8173904 2.4199325 1.7872160 1.8714858 1.8449492 1.8617989 1.7307130 1.7748865 1.2206775 2.1070119 0.2632252 0.2563600 0.0057388 0.0000000 0.1025358 0.1060734 2.2166615 1.8328368 2.2607271 4.2442239 2.2767683 2.1717287 2.1236264 2.1280825 2.7003199 2.4945269 2.9238442 2.9328003 2.8197165 2.6809033 3.2136551 3.1510127 2.9206273 3.0969082 3.0973551 2.3988183 
HoiH23_PlH23_001931-RA                                 2.7803999 2.3975869 3.0696763 2.2728597 2.8996841 2.2569555 2.4530176 2.4061410 2.5362267 1.9192608 1.9891108 1.8578437 2.0699751 1.8540719 1.0580497 1.8016937 1.7831800 1.7744448 1.8224616 1.3784589 1.8421355 2.0739850 1.8795981 1.0643179 1.7399437 1.5614052 1.9645102 2.0180601 1.8884216 2.0050749 1.9818543 1.8393091 2.4299929 1.7746501 1.8866933 1.8794782 1.8521745 1.7267154 1.8145452 1.2852940 2.1246271 0.2630563 0.2567876 0.1010750 0.1025358 0.0000000 0.0516501 2.1824877 1.8379940 2.2354560 4.2619073 2.3432909 2.2700248 2.1874463 2.2122331 2.7349638 2.7827779 2.8962110 2.9052661 2.7447054 2.5781112 3.2067272 3.1695385 2.9513593 3.1151625 3.1692454 2.4074199 
HoiH06_mRNA6674                                        2.8798520 2.4445478 3.2497382 2.2878720 2.9318452 2.2533300 2.4626264 2.3377533 2.5692404 2.0330814 1.8789299 1.7302876 1.9949322 1.7544994 1.0866692 1.7255652 1.6638452 1.6553920 1.7640693 1.3479209 1.7776732 2.0506101 1.9084434 1.1445619 1.6884225 1.2524921 1.8683090 1.9223739 1.7171350 1.9388713 1.9318440 1.8571376 2.6280480 1.7227392 1.8118106 1.8855666 1.7561270 1.6561763 1.7291667 1.2969088 1.9878093 0.2532358 0.2480427 0.1080605 0.1060734 0.0516501 0.0000000 2.2274228 1.8164975 2.1096228 4.4134075 2.1585486 2.1102854 2.0443390 2.1330180 2.5888827 2.7876250 2.8751814 2.8849486 2.7655699 2.5810464 3.0481369 3.0506340 2.7159826 2.9904032 3.0079938 2.4265824 
Morvir_scaffold49.g80.t1                               3.2352537 2.8657818 2.8883139 2.7234045 3.9103389 2.7191016 3.0070704 3.2335571 3.1377605 2.9676098 2.4659317 2.4109592 2.7507970 2.6336853 2.8146871 2.2519793 2.2579546 2.2433278 2.1047647 3.2795975 3.6414935 2.3258443 2.1831744 2.7024048 2.1689299 3.1213988 2.2119834 2.1862499 2.3303944 1.8281832 1.5783957 1.6299407 1.7354496 1.8806779 1.6065277 1.6599063 2.2751011 2.1068102 2.0901027 2.3028575 3.0872301 2.2925331 2.3161992 2.2247672 2.2166615 2.1824877 2.2274228 0.0000000 0.0169964 2.7960994 4.2357959 3.8641564 2.6903469 2.4055834 2.1157867 3.8505928 3.0519622 3.6202967 3.6202967 4.6143990 2.8774982 3.6156164 3.4486526 3.2127782 3.3938508 2.8705829 2.8951946 
Morvir_scaffold49.g81.t1                               3.0668702 2.6365859 3.1180367 2.5350783 3.3373473 2.5183962 3.0089040 2.4862786 2.6351322 2.9346167 2.1409196 1.9247573 2.1132712 2.2105890 0.9956068 1.6720554 1.6792298 1.6766427 1.6419536 1.2408788 1.5646042 1.8468466 2.3739962 1.0361591 1.6399053 1.4004353 1.7382346 1.6903008 2.2033144 1.9117985 1.2883818 1.2670964 2.6466179 1.3235921 1.2808004 1.2687544 1.7755835 1.8500202 1.6856322 2.3214108 2.3843067 1.9334378 1.8974049 1.8354781 1.8328368 1.8379940 1.8164975 0.0169964 0.0000000 2.5701188 3.8597687 2.2285400 2.1908888 2.0842795 2.4842221 2.5638482 3.0519622 3.1793391 3.1793391 3.1399775 2.8039448 3.4615728 3.3503993 2.9536171 3.1805379 3.1318042 2.7257637 
Tcas_TC005445_001                                      2.9548853 2.5773400 2.8005046 2.6478683 3.7947434 2.7113139 3.2610506 2.6469776 3.0262565 2.4557090 1.7501026 1.5957697 1.8151158 1.2842530 1.6110771 2.2164807 2.2333998 2.2414781 2.3769853 1.9688038 2.4530242 2.9438399 2.5152773 1.5344390 2.1842005 2.1981887 2.2404364 2.0893541 2.2918946 2.2218140 2.5250780 2.2158872 3.0090125 2.3257927 2.3826482 2.3495946 1.8706938 1.7045632 1.9748348 1.6276317 1.9607870 2.3690323 2.3175382 2.2609212 2.2607271 2.2354560 2.1096228 2.7960994 2.5701188 0.0000000 3.5284577 2.4979310 2.2155411 2.3049072 2.5341723 3.0667399 3.1616574 3.4851068 3.4950487 3.2758137 3.1468290 3.3230553 3.5301673 3.2146779 3.4205356 3.4676309 1.9997094 
Aaur_scaffold46.g17.t1                                 5.2163540 3.8625128 3.5680530 4.2546522 5.7376572 4.1753174 2.9273385 3.7711355 5.1170408 3.3822932 3.5129839 3.3976065 3.6814399 3.4961218 2.5575046 2.9798909 2.8620920 2.8471937 2.8168213 3.4668344 3.8088503 3.0205028 2.7961612 3.3787769 3.0876091 3.1355215 3.7840018 3.2860055 2.5465113 2.8582964 3.0724709 2.8583088 0.0969889 1.6324106 2.3197835 3.2055467 3.2387785 3.4576492 3.3996387 2.9218036 3.1974080 3.9811240 3.9811240 4.2442239 4.2442239 4.2619073 4.4134075 4.2357959 3.8597687 3.5284577 0.0000000 5.1333405 3.7388813 3.6613365 2.8490125 4.3309432 3.8366476 3.6036422 3.6036422 3.6445872 3.8019634 4.0781882 4.8322309 3.9988317 4.4503907 3.7467690 5.6347867 
Leuniv_Lniv_scaffold18799_01                           2.5413779 2.3552603 5.6813065 2.2751946 3.8471632 2.2884888 4.0467869 2.3256809 2.6336408 2.5643614 2.5380770 2.2652147 2.3798331 2.2845828 1.3040216 2.2383489 2.2486274 2.2303585 2.3661709 1.7026366 1.9882345 2.5778521 2.7912222 1.3899897 2.1757216 2.2013859 2.5692119 2.4481353 7.5267747 3.4109518 2.4777829 2.3455827 4.7674185 2.4052744 2.3699552 2.7140419 2.0947856 1.9393259 2.1488102 4.3362682 2.1904349 2.4250344 2.3560506 2.2847910 2.2767683 2.3432909 2.1585486 3.8641564 2.2285400 2.4979310 5.1333405 0.0000000 0.3498204 0.5507142 1.1639431 2.3014096 5.7429231 2.8915347 2.9054111 2.4588455 2.4498484 3.5017243 3.6901261 3.1578454 3.1964305 3.3401548 3.1222304 
Lcom_lcpid46742                                        2.6925109 2.3842396 3.0197059 2.3847556 3.2048484 2.2750450 2.9846305 2.4609917 2.5233790 1.6343565 2.3633129 2.2663522 2.3560196 2.1599301 1.3411129 2.1553476 2.1099359 2.1176892 2.1823288 1.7730813 2.2645804 2.4826008 2.3221697 1.6208388 2.1557465 1.9731405 2.2153882 2.1110884 2.6723512 2.5456579 2.3333292 2.2993229 2.5708580 2.4022822 2.1415656 2.3640553 1.9600958 2.0357817 1.9622650 1.4171623 2.2768851 2.3058911 2.2636336 2.1654317 2.1717287 2.2700248 2.1102854 2.6903469 2.1908888 2.2155411 3.7388813 0.3498204 0.0000000 0.4321095 0.7016134 2.5652428 2.5743469 3.0421135 3.0513670 2.8920611 2.8829834 3.1333277 3.1422811 2.8480652 2.8905120 2.8875798 2.8401747 
Gracom_Gcom_scaffold9800_01                            2.6106962 2.3530098 2.6903708 2.3533697 3.1224226 2.1570308 2.8347778 2.3510735 2.4421000 2.0300706 2.3826774 2.2070049 2.3432257 2.0032573 1.3041303 2.0763713 2.0960714 2.1031476 2.1695370 1.5820998 2.2613179 2.4237157 2.3149298 1.6065457 2.1459598 2.3386423 2.1801250 2.1105667 2.5352443 2.3628024 2.3218003 2.3942724 2.5223113 2.3340121 2.1847817 2.3810973 1.9219302 1.9506684 2.0028149 1.7463924 2.0956351 2.2164778 2.1988217 2.1169108 2.1236264 2.1874463 2.0443390 2.4055834 2.0842795 2.3049072 3.6613365 0.5507142 0.4321095 0.0000000 0.7089870 2.5550349 2.4846628 3.0667687 3.0759771 3.1139178 3.0990199 3.1624708 3.2163814 2.9057484 2.9373602 2.7990438 2.8285817 
Clacor_Ccor_C537131_01                                 3.3563276 2.8425970 3.1364133 2.6360665 2.6897071 2.3482044 2.7031515 2.6610694 2.6339228 1.9022228 2.0927190 2.2008386 2.8061292 2.0690437 0.0000010 2.0258991 2.0188107 2.0416942 2.1248620 0.0000010 2.9258992 2.4461980 1.9718413 4.0814770 2.2491137 0.0000010 2.0357309 2.0498469 2.0634221 2.1967910 2.2747052 2.5741903 2.1484358 2.3586190 2.0692977 2.3721989 1.7874348 2.1777291 1.8335215 1.6233422 2.2636768 2.1702745 2.1377655 2.1219414 2.1280825 2.2122331 2.1330180 2.1157867 2.4842221 2.5341723 2.8490125 1.1639431 0.7016134 0.7089870 0.0000000 3.0001423 2.8904169 3.0381205 3.0381205 3.6336540 3.5867042 3.0929966 3.0922107 2.7721901 3.0196824 2.8205065 2.6073069 
