63
Lcom_lcpid93450                                          0.0000000 2.3825402 1.9815510 2.5459124 1.0296370 1.6643295 2.2656090 2.3795547 1.6599618 1.6392697 2.4599482 1.9198069 1.2227690 2.0200421 1.5309791 1.6633615 0.9668638 1.8513682 1.8645155 1.8890284 1.8701114 1.8041256 2.0900593 1.7017953 1.6191062 1.7384609 1.9489022 1.8186845 1.8229188 1.8145678 1.8274381 1.8456652 1.6908535 1.8839047 1.6198367 2.4097882 1.6103450 2.4471463 1.8136702 2.2114899 2.1629109 2.2310353 2.1945625 3.6302242 3.6407641 2.3821092 2.2231984 2.5501271 1.8065936 1.8452620 1.8562710 1.9353649 2.1219719 2.1124612 2.1328094 1.6671884 1.7165278 1.9324033 2.0929434 2.3109490 2.1251253 2.6501454 4.0452235 
Emue_Em0014g246a.t1                                      2.3825402 0.0000000 0.2981032 2.4913740 0.7779906 1.7205377 2.0603678 1.9419424 2.4667836 1.8557121 2.7816468 2.6894302 1.9751546 2.9895034 2.0313692 2.6007043 3.0992281 2.7384015 2.5221326 2.6253034 2.5340417 2.5281075 3.0225895 2.8476317 1.6093102 3.0505898 3.0298081 2.3433212 2.6784528 2.6227980 2.9269216 2.6160321 2.5061304 3.0061344 1.9158740 3.4408521 1.8029760 2.8867422 2.2454402 3.0560049 2.9890005 3.1228277 3.0660014 4.4394360 4.3690350 3.0873836 3.6122097 3.5622866 3.2030332 3.4037117 3.4211600 3.1441339 3.5002743 3.0389427 2.6929423 2.6318835 2.6279304 2.6342353 3.1934455 3.5989575 2.9170985 4.0311978 5.0797754 
Emue_Em0014g249a.t1                                      1.9815510 0.2981032 0.0000000 1.7246646 0.7260886 1.1348830 1.3014356 1.6453971 1.2572408 1.2268369 1.7019376 1.8301221 1.9504799 1.9201840 3.3631958 1.3594108 1.8462311 2.0084357 1.4644961 1.5735229 1.5633652 1.5409609 1.5847732 1.5124834 1.6043411 1.5418636 1.5157962 1.6647666 1.5371754 1.4435648 1.9275176 1.6537775 1.5777905 1.9104397 1.7240352 1.7286828 1.9069240 1.6341967 1.4906789 1.2826360 1.2826360 1.5836963 1.5836963 2.2910763 2.2910763 1.7965208 1.8667956 1.5281276 1.8295002 1.8266424 1.8495966 1.5593466 1.5572139 2.0134120 1.7476413 1.6778420 1.1344946 1.2517929 2.5856411 1.4987909 0.7809863 0.6867475 0.0000010 
Aque_Aqu2.1.40967_001                                    2.5459124 2.4913740 1.7246646 0.0000000 0.8531690 1.7785967 1.0488880 0.6651319 2.6896631 1.8078754 3.0371535 2.8532769 1.5912382 3.6005328 2.2731870 2.7641443 3.5466755 2.4601291 2.6942219 2.7735484 2.7029583 2.7433774 3.0486984 2.9042175 1.7784677 3.0513287 3.1168533 2.4694739 2.8522372 2.4580405 3.0438254 2.5565697 2.8825787 3.1581549 1.8896017 3.6501387 2.0527518 3.4955684 2.4686942 3.5725584 3.5725584 3.2713765 3.2713765 4.8457426 4.8457426 3.0717357 3.2343279 3.5891481 3.1242930 3.3577631 3.3710603 3.2312672 3.3785184 2.9336708 3.0914598 2.5871731 2.8173315 2.9382642 3.1163119 3.3821114 3.3474858 3.7912860 6.4394653 
Stycar_maker-SC_scaffold143142-augustus-gene-0.16-mRNA-1 1.0296370 0.7779906 0.7260886 0.8531690 0.0000000 0.0470804 0.6578161 0.7041239 0.7791893 0.4261038 0.8776050 0.8848552 1.4122170 1.0060100 1.7034143 0.9776984 1.0908512 1.0923769 0.9108544 0.8727819 0.9563136 0.9529882 0.9389406 0.8779513 0.9953113 0.9536216 0.9505084 0.8827731 1.0144617 0.9741103 1.0478668 0.9480294 0.9534120 0.8424389 1.5091246 1.5615618 1.8046322 1.5841168 1.6011152 1.5889893 1.5889893 1.4787997 1.4787997 1.9610346 1.9610346 1.5249855 1.6980366 1.4360304 0.9550930 0.9711938 0.9878560 0.9912268 0.7118256 1.3865983 1.0493643 1.0223079 0.8745287 0.7936920 1.1121679 1.1198688 0.7631318 0.4919646 0.0000010 
Stycar_maker-SC_scaffold4123-snap-gene-0.12-mRNA-1       1.6643295 1.7205377 1.1348830 1.7785967 0.0470804 0.0000000 1.5602065 1.2409719 2.0411116 1.1071529 2.1209792 2.2392344 1.5182014 2.4971932 2.0492442 1.6989989 2.5531598 2.6052261 2.1857844 2.1469191 2.0491569 2.0645413 2.3938977 1.9946959 1.6136207 2.1902351 2.1655099 1.8641024 1.9874958 2.2258445 2.3853540 1.7607717 1.9775115 2.3542784 1.6374954 2.4058772 2.0307469 2.4522178 1.7534965 2.6810885 2.6810885 2.4020557 2.4020557 3.9781940 3.9781940 2.4446437 2.6043079 2.7498676 2.1510396 2.2701029 2.2826996 2.3062751 2.4126697 2.6395530 2.4764007 2.1749619 2.0222667 1.9606853 2.5396805 2.2705707 2.0721938 2.8429666 6.7212315 
Xestes_maker-XT_scaffold1244-snap-gene-0.40-mRNA-1       2.2656090 2.0603678 1.3014356 1.0488880 0.6578161 1.5602065 0.0000000 0.7600575 2.4639806 1.7019843 2.7892549 2.6681228 1.4605635 3.0048051 1.8581808 2.3038856 2.7945068 2.6677826 2.5093146 2.4991729 2.4216379 2.4784603 2.7162224 2.5758811 1.6244445 2.6529051 2.6882293 2.2723058 2.4139226 2.1959722 2.6487802 2.4660356 2.4282584 2.8051411 1.8261558 3.2488545 2.0126575 3.0719392 2.1441430 3.1930264 3.1930264 2.8549181 2.8549181 4.6441429 4.6441429 3.2931133 3.4193295 3.5703702 2.5874611 2.5986805 2.6095430 2.6250928 2.8694939 3.1886341 2.9000245 2.1217437 2.4213753 2.4703634 2.9358025 2.7351637 2.7830416 3.4681544 6.2251625 
Halamb_c50355_g1_i1m.28151                               2.3795547 1.9419424 1.6453971 0.6651319 0.7041239 1.2409719 0.7600575 0.0000000 1.7861172 1.4419079 2.5536130 1.9192201 1.6723491 2.3141738 2.3858364 1.8690911 2.5242414 2.0812794 1.8192787 1.8155064 1.7895812 1.7368532 2.0200322 1.8903436 1.5951029 1.8619081 1.9853621 1.7112125 1.9152531 1.8301388 2.1137668 1.7427848 1.5968963 1.9884973 1.8913407 2.3191337 1.8143438 2.6417957 2.2457751 2.3457333 2.3457333 2.3433521 2.3433521 3.5281926 3.5281926 2.2729237 2.5593790 2.3464561 1.9413757 1.9950238 2.0073250 2.0834451 2.1796467 2.0621308 1.8244443 1.6698028 1.5818931 1.6848118 2.1403034 2.2059542 2.0935202 1.9863198 4.8413410 
Hsap_ENST00000620992                                     1.6599618 2.4667836 1.2572408 2.6896631 0.7791893 2.0411116 2.4639806 1.7861172 0.0000000 2.2735627 3.2503649 2.1136296 1.3695904 3.2104330 1.7508914 2.3536992 3.3414481 2.2844527 2.4804758 2.5436034 2.4631993 2.5660928 3.3933325 2.9877590 1.1839390 2.7556873 2.9086851 2.3043993 2.4963948 2.3982744 3.0049687 1.7694771 1.8801669 2.5685212 1.6637061 3.7674611 1.6987943 3.3519180 2.0271043 3.9499783 3.6019419 3.5588857 3.2619844 5.6449119 5.1332099 3.4260642 3.5822278 4.2989989 3.0524139 3.0601825 3.1137473 3.2526229 3.4811916 2.7174431 2.7520764 2.1722903 2.3434581 2.5787229 2.4418557 2.9420965 3.5846320 4.2497634 7.6220303 
Tetwil_g10082.t2                                         1.6392697 1.8557121 1.2268369 1.8078754 0.4261038 1.1071529 1.7019843 1.4419079 2.2735627 0.0000000 1.7775972 2.4401222 1.5553860 2.3074437 1.7105636 1.8055110 2.4875437 2.4103626 2.1340589 2.2416014 2.1043149 2.1763499 2.2822174 1.8646470 1.2413458 2.1128650 2.1118134 1.8168969 2.3565452 2.1462473 2.2967716 1.9694173 2.0244289 2.6084872 1.6246112 2.6888368 2.0211650 2.5527559 1.8550483 2.9753319 2.9753319 2.5952071 2.5952071 4.3888035 4.3888035 2.5546609 2.6610063 3.5645539 2.4344494 2.4218745 2.4347662 2.3129609 2.3721838 2.3837805 2.2027271 1.9270837 1.8827772 1.9029549 2.7664312 2.6272829 2.0013124 2.7149684 6.0543716 
Plespi_Pspi_C610440_01                                   2.4599482 2.7816468 1.7019376 3.0371535 0.8776050 2.1209792 2.7892549 2.5536130 3.2503649 1.7775972 0.0000000 2.9235274 1.4634466 3.7892984 1.8506700 2.6874710 3.6760184 2.6070044 2.7610438 2.9320112 2.9609828 3.0549167 3.2164977 2.8444917 1.9202729 3.2888510 3.3362932 2.5479518 2.8874654 2.8783030 3.3599954 2.4365593 3.0800664 3.5619099 2.0404473 4.1407058 2.1928355 3.8004936 2.7913046 4.0466689 3.7282065 3.7383025 3.4712208 5.7508726 5.1147008 3.4990989 3.6169991 4.0698777 3.6841847 3.7923812 3.8064839 3.9798427 4.4431556 3.2884817 3.3114383 3.1269871 2.9559661 2.6703770 3.3338297 3.0214823 3.1268481 4.1515664 7.1436194 
Acagra_model.g8362.t1                                    1.9198069 2.6894302 1.8301221 2.8532769 0.8848552 2.2392344 2.6681228 1.9192201 2.1136296 2.4401222 2.9235274 0.0000000 0.8977200 2.6773806 1.3879863 2.0720587 2.8526887 2.1718565 2.1332928 2.2593543 2.0334985 2.0076876 2.4190997 2.3550496 1.2674716 2.4263284 2.3774245 1.8353867 2.0240347 2.0784434 2.1350609 1.5067692 1.8942479 1.2371249 1.4123068 3.2192527 1.3812134 3.0540853 1.7842961 3.2842026 3.1714655 3.1053516 3.0128243 5.1416059 4.9689055 2.9798450 3.2789944 3.6875729 2.6318338 2.6037461 2.6094869 2.7387391 3.0004945 2.1333730 2.1457753 1.7855738 1.9856429 2.3398697 1.5609388 2.2516186 2.0207155 2.6702486 5.8258964 
Opea_EP00118_Oscarella_pearsei_P010067                   1.2227690 1.9751546 1.9504799 1.5912382 1.4122170 1.5182014 1.4605635 1.6723491 1.3695904 1.5553860 1.4634466 0.8977200 0.0000000 0.2767288 0.0000010 0.7651166 0.8225629 0.9862942 1.3112060 1.2514995 1.3615976 1.3931435 1.5086849 1.4209197 1.3156882 1.6188419 1.5875567 1.3691022 1.4280521 1.5642464 1.2605189 1.0253328 1.2012336 1.4200377 1.4415008 1.4415008 1.2949895 1.5571922 1.3931362 1.3344101 1.3344101 1.4989408 1.4989408 0.0000010 0.0000010 1.5732089 1.5196307 1.1474935 1.0784145 1.0502057 1.0502057 1.0182852 1.2620077 1.3080865 1.1944659 1.0721494 1.4029171 1.4982390 1.6207865 1.3450706 1.5801460 0.0000010 0.0000010 
Opea_EP00118_Oscarella_pearsei_P010068                   2.0200421 2.9895034 1.9201840 3.6005328 1.0060100 2.4971932 3.0048051 2.3141738 3.2104330 2.3074437 3.7892984 2.6773806 0.2767288 0.0000000 0.4722815 1.9946484 3.3544502 3.2299677 3.2878488 3.3645450 3.2459877 3.3332184 4.3457162 4.0820944 1.6970092 3.8705969 3.9993734 2.7998380 3.3793203 3.1517348 3.5991242 2.7150599 3.1981096 3.5255650 1.7340951 3.8396357 1.4436347 3.8797515 2.0711258 3.7531346 3.7055798 3.6503104 3.6079807 5.2929389 5.3312904 3.7155213 3.6588826 3.8234011 3.4294327 3.6069135 3.6206855 3.5961711 4.1463377 4.0364417 3.7784023 3.5447757 3.2719117 3.4151582 3.4629469 3.7652977 3.6849899 4.8534488 7.4341725 
Ocar_g7389                                               1.5309791 2.0313692 3.3631958 2.2731870 1.7034143 2.0492442 1.8581808 2.3858364 1.7508914 1.7105636 1.8506700 1.3879863 0.0000010 0.4722815 0.0000000 0.8072567 1.1703898 1.4267547 1.4375371 1.3787911 1.5130029 1.5367585 1.4598686 1.4702994 1.6982823 1.8273142 1.7116776 1.5223632 1.5135630 1.6942210 1.3915006 1.4494997 1.4166422 1.8903870 1.4788365 1.4788365 0.9782875 1.8792931 1.4493111 1.3344101 1.3344101 1.5677222 1.5677222 5.7816654 5.7816654 1.4808943 1.5751605 1.1474935 1.7672909 1.7835420 1.7835420 1.5159109 2.5027335 1.8875770 1.6504669 1.2754462 1.1914704 1.4278434 2.1978588 1.5496678 1.5135746 0.0000010 0.0000010 
Plajan_Pjan_scaffold23487_01                             1.6633615 2.6007043 1.3594108 2.7641443 0.9776984 1.6989989 2.3038856 1.8690911 2.3536992 1.8055110 2.6874710 2.0720587 0.7651166 1.9946484 0.8072567 0.0000000 2.6641648 2.1197684 2.3644394 2.4273936 2.2047702 2.1980923 2.4792946 2.4140792 1.2481490 2.6059782 2.6405709 2.2503374 2.5194465 2.4504418 2.8055841 2.0393732 2.4208903 2.2651891 1.2543743 2.6176120 1.1738953 2.8099561 2.0862264 3.2567864 3.1020399 2.8356202 2.7209609 5.1841148 5.0500098 2.8228158 2.5828652 3.0623336 2.6952032 2.7793082 2.7946665 3.0457714 3.4651430 2.6714695 2.4825980 2.4146035 2.1667030 2.4719254 2.8216561 2.4141836 3.2484584 3.5935371 7.2716048 
Gracom_Gcom_scaffold16487_01                             0.9668638 3.0992281 1.8462311 3.5466755 1.0908512 2.5531598 2.7945068 2.5242414 3.3414481 2.4875437 3.6760184 2.8526887 0.8225629 3.3544502 1.1703898 2.6641648 0.0000000 2.8994025 3.4020992 3.6260002 3.5629585 3.5277161 4.2349348 3.5554954 1.5531368 3.7157062 3.7862467 3.1041139 3.1811948 3.1272461 3.2372902 2.5517065 3.3048874 3.3718346 1.7101767 4.7190031 1.8001252 4.3226502 2.4099853 5.2231629 4.6912497 4.4902296 4.0742392 8.9501286 7.9321160 4.0618826 3.3328479 4.8127775 3.5890618 3.6744806 3.6903552 3.7676968 4.2325020 4.1008604 3.7738970 3.1308670 3.3913122 3.5232451 3.5145534 3.3278216 4.3069325 5.4106927 7.8817098 
Dpul_mRNA23970                                           1.8513682 2.7384015 2.0084357 2.4601291 1.0923769 2.6052261 2.6677826 2.0812794 2.2844527 2.4103626 2.6070044 2.1718565 0.9862942 3.2299677 1.4267547 2.1197684 2.8994025 0.0000000 2.1451361 2.2462786 2.2591348 2.2552250 2.6486662 2.2452890 1.9277060 2.5260544 2.7499271 1.7101144 2.2970670 2.3894590 2.5551837 1.9316637 2.2630633 2.1951502 1.7386376 2.7264684 1.7095436 3.1057126 2.1139950 3.3504301 3.3504301 3.0277030 3.0277030 4.8391127 4.8391127 3.1624675 3.5017141 3.2099860 3.0942927 3.1371872 3.1460349 3.2821938 3.7356502 1.8411581 1.7056372 2.1591476 2.1166581 2.4762900 2.4913782 1.7655562 1.8892751 2.6814979 5.4901246 
Fspp_ffun1.m4.1186.m1                                    1.8645155 2.5221326 1.4644961 2.6942219 0.9108544 2.1857844 2.5093146 1.8192787 2.4804758 2.1340589 2.7610438 2.1332928 1.3112060 3.2878488 1.4375371 2.3644394 3.4020992 2.1451361 0.0000000 0.3521216 0.5395031 0.5429827 2.3085802 2.1688812 0.8316534 2.2930536 2.1909969 0.7763634 1.0950548 1.1121511 2.1964339 1.6952301 2.2113285 2.2931135 1.5636095 3.1651779 1.8122494 3.2883326 1.8707888 3.6636694 3.2566712 3.2407356 2.9076123 4.7144865 4.1201982 3.1738306 2.9998633 3.6488222 2.7007743 2.7596617 2.7550633 2.8349721 3.1024055 2.8436614 2.5111286 2.3762092 2.0545459 2.2522931 2.6183122 2.9647636 2.4553446 2.6350859 5.6682866 
Gasp_gasp1.m3.4834.m1                                    1.8890284 2.6253034 1.5735229 2.7735484 0.8727819 2.1469191 2.4991729 1.8155064 2.5436034 2.2416014 2.9320112 2.2593543 1.2514995 3.3645450 1.3787911 2.4273936 3.6260002 2.2462786 0.3521216 0.0000000 0.6202572 0.5982145 2.3740809 2.1816219 0.7321063 2.3545136 2.3683456 0.7960514 1.1649545 1.1407597 2.1694793 1.7185176 2.3649305 2.4105251 1.5653525 3.2924963 1.7187086 3.5427836 2.0379753 3.8488235 3.4497677 3.4584340 3.1244110 5.0914136 4.5387494 3.4839081 3.1208690 3.7137018 2.8125386 2.9545601 2.9601434 2.9862216 3.3269663 3.0356462 2.6332429 2.4834425 2.1540700 2.3740660 2.7959743 3.0244114 2.5361936 2.8014417 5.4444900 
Spis_XP_022785744_1                                      1.8701114 2.5340417 1.5633652 2.7029583 0.9563136 2.0491569 2.4216379 1.7895812 2.4631993 2.1043149 2.9609828 2.0334985 1.3615976 3.2459877 1.5130029 2.2047702 3.5629585 2.2591348 0.5395031 0.6202572 0.0000000 0.1409582 2.3207876 2.0703105 0.8343226 2.1240307 2.0953573 0.9347311 1.1713812 1.1284705 2.1602774 1.7512915 2.3348239 2.1048924 1.4188269 2.9500178 1.4757127 3.2005166 1.9398150 3.6079362 3.2770257 3.1774087 2.9020984 4.8859161 4.4480244 3.3226556 2.7403195 3.4422986 2.8811596 2.9686884 2.9590816 2.8849215 3.2633558 2.7104861 2.4385631 2.2890145 2.0859834 2.1385549 2.7168721 2.8857358 2.3091629 2.8254449 5.6105480 
Pocdam_XM_027197428.1                                    1.8041256 2.5281075 1.5409609 2.7433774 0.9529882 2.0645413 2.4784603 1.7368532 2.5660928 2.1763499 3.0549167 2.0076876 1.3931435 3.3332184 1.5367585 2.1980923 3.5277161 2.2552250 0.5429827 0.5982145 0.1409582 0.0000000 2.3412139 2.1357103 0.8244598 2.1491689 2.1473214 0.8972056 1.2022714 1.1582229 2.2251079 1.8453876 2.3978392 2.0688081 1.4688063 2.9999962 1.3866333 3.1939692 1.9018947 3.6302408 3.2809535 3.2275109 2.9365451 4.9170904 4.4538614 3.1832479 2.8520209 3.4903723 2.8970001 3.0118069 3.0055792 3.0004327 3.3602911 2.6234412 2.3596066 2.2768247 2.1571666 2.1447434 2.5973426 2.8952710 2.3334634 2.9882951 5.3267782 
Hvul_g10621_1                                            2.0900593 3.0225895 1.5847732 3.0486984 0.9389406 2.3938977 2.7162224 2.0200322 3.3933325 2.2822174 3.2164977 2.4190997 1.5086849 4.3457162 1.4598686 2.4792946 4.2349348 2.6486662 2.3085802 2.3740809 2.3207876 2.3412139 0.0000000 2.4022280 0.6681565 2.5123038 2.5819046 2.1921131 2.3261858 2.4420835 2.4441735 2.0351024 2.9880410 2.8061051 1.6631722 3.8495553 1.6525212 4.0841616 2.2182221 4.6904200 4.2818792 4.1197638 3.7813595 7.2900282 6.6462203 3.6780737 3.6388404 4.7364628 3.0987110 3.0409202 3.0710102 3.2636666 3.7023333 3.2698854 2.9787391 3.0096301 2.4762199 2.6885018 3.1351784 3.0011975 3.2809396 2.5871650 7.4827199 
Sanmal_Sma_010657-T1                                     1.7017953 2.8476317 1.5124834 2.9042175 0.8779513 1.9946959 2.5758811 1.8903436 2.9877590 1.8646470 2.8444917 2.3550496 1.4209197 4.0820944 1.4702994 2.4140792 3.5554954 2.2452890 2.1688812 2.1816219 2.0703105 2.1357103 2.4022280 0.0000000 0.7157794 1.3631423 1.2910478 2.2922083 2.2062514 2.0946771 1.8223171 1.7513593 2.4791056 2.5117421 1.3120321 3.4658788 1.5008089 3.5462682 2.0554413 3.6719697 3.3454087 3.2850593 3.0253511 5.1946845 4.6993182 3.3768036 2.7904715 4.0495445 2.9221107 3.0287529 3.0374047 3.0469319 3.4415734 3.1380359 2.9444509 2.6294919 2.2156662 2.3234550 2.6111920 2.8287643 1.7230024 3.2569656 5.6737455 
Chem_TCONS_00056157                                      1.6191062 1.6093102 1.6043411 1.7784677 0.9953113 1.6136207 1.6244445 1.5951029 1.1839390 1.2413458 1.9202729 1.2674716 1.3156882 1.6970092 1.6982823 1.2481490 1.5531368 1.9277060 0.8316534 0.7321063 0.8343226 0.8244598 0.6681565 0.7157794 0.0000000 0.7970828 0.8359997 0.8348510 0.8676069 0.8604137 0.9191304 0.9265916 1.1403433 1.2118078 1.7438576 1.7436024 1.6619099 2.0248944 1.3045291 1.3984367 1.3984367 1.8225536 1.8225536 2.0707719 2.0707719 2.0321411 1.6543685 1.4096465 1.1559889 1.2405945 1.2532693 1.2616806 1.3243170 1.6168526 1.3011600 1.1730853 0.8928347 0.9651977 1.5907620 1.4076551 0.6486981 0.0000010 0.0000010 
Nemnom_g2473.t1                                          1.7384609 3.0505898 1.5418636 3.0513287 0.9536216 2.1902351 2.6529051 1.8619081 2.7556873 2.1128650 3.2888510 2.4263284 1.6188419 3.8705969 1.8273142 2.6059782 3.7157062 2.5260544 2.2930536 2.3545136 2.1240307 2.1491689 2.5123038 1.3631423 0.7970828 0.0000000 0.4237019 2.3344338 2.4520007 2.5423972 2.0071071 1.8104644 2.4427675 2.5191419 1.6025141 3.8577136 1.5776702 3.7918879 2.0486785 4.0206196 3.6164291 3.6581135 3.3188261 5.3755814 4.8672677 3.3871757 3.2142505 4.3733277 3.0929719 3.1439923 3.1506147 3.1479505 3.4912921 3.0098568 2.9156446 2.3431966 2.1731121 2.3957190 2.5791272 2.8652004 1.5117965 3.5454580 5.2155674 
Rhoesc_Res_000533-T1                                     1.9489022 3.0298081 1.5157962 3.1168533 0.9505084 2.1655099 2.6882293 1.9853621 2.9086851 2.1118134 3.3362932 2.3774245 1.5875567 3.9993734 1.7116776 2.6405709 3.7862467 2.7499271 2.1909969 2.3683456 2.0953573 2.1473214 2.5819046 1.2910478 0.8359997 0.4237019 0.0000000 2.2093360 2.4268936 2.5054502 2.0039399 1.8011440 2.4785758 2.4523629 1.6970277 4.1352323 1.5974579 4.0160091 2.0362481 4.1305794 3.6236334 3.7628789 3.3451390 5.5085942 4.8221670 3.5664761 3.0839157 4.3816551 3.1826273 3.2576925 3.2489415 3.2937283 3.6576708 3.1613558 2.8396939 2.5811169 2.1437035 2.2927403 2.5443896 3.0064232 1.4301396 2.9733887 5.4229466 
Adig_XM_015901245.1                                      1.8186845 2.3433212 1.6647666 2.4694739 0.8827731 1.8641024 2.2723058 1.7112125 2.3043993 1.8168969 2.5479518 1.8353867 1.3691022 2.7998380 1.5223632 2.2503374 3.1041139 1.7101144 0.7763634 0.7960514 0.9347311 0.8972056 2.1921131 2.2922083 0.8348510 2.3344338 2.2093360 0.0000000 1.2597555 1.2913586 2.0743085 1.5058022 1.8793434 2.1765161 1.4732444 3.0392814 1.4623475 2.9381546 1.9900015 3.3879600 2.8644298 2.9779945 2.5663936 4.4067386 3.6611996 3.0516591 2.6447774 3.4084034 2.6532643 2.8062173 2.8232747 2.7586428 3.0634434 2.7092965 2.2952333 2.0049863 2.0352661 2.0317974 2.2443017 2.7497989 2.9055743 2.8539537 4.9982995 
Nvec_v1g129991                                           1.8229188 2.6784528 1.5371754 2.8522372 1.0144617 1.9874958 2.4139226 1.9152531 2.4963948 2.3565452 2.8874654 2.0240347 1.4280521 3.3793203 1.5135630 2.5194465 3.1811948 2.2970670 1.0950548 1.1649545 1.1713812 1.2022714 2.3261858 2.2062514 0.8676069 2.4520007 2.4268936 1.2597555 0.0000000 0.8341577 2.0676959 1.6895711 2.3337736 2.3057368 1.5852819 3.1973283 1.6303442 3.5121832 2.0369613 3.7766718 3.4036490 3.3631934 3.0557982 5.0788088 4.5384225 3.3811391 2.9574590 3.5878196 2.8057484 2.9681267 2.9508438 2.9014836 3.2597146 3.0846365 2.6630248 2.2563003 2.1715629 2.2506602 2.8009547 3.0113264 2.9122119 3.0062019 5.5003414 
Exapal_XM_021046406.2                                    1.8145678 2.6227980 1.4435648 2.4580405 0.9741103 2.2258445 2.1959722 1.8301388 2.3982744 2.1462473 2.8783030 2.0784434 1.5642464 3.1517348 1.6942210 2.4504418 3.1272461 2.3894590 1.1121511 1.1407597 1.1284705 1.1582229 2.4420835 2.0946771 0.8604137 2.5423972 2.5054502 1.2913586 0.8341577 0.0000000 2.1746949 1.7004864 2.2054948 2.3063173 1.6307208 3.3874149 1.7922958 3.3137126 2.0363235 3.6827454 3.3645929 3.2902137 3.0186170 4.8996078 4.4760885 3.1510507 2.8214279 3.7818795 2.6661906 2.7093053 2.7186111 2.7677310 2.9732198 3.0811168 2.3369578 2.1208225 2.1248034 2.0664165 2.4275856 2.8707992 2.8686448 3.0697672 6.0962704 
Morvir_scaffold148.g1.t1                                 1.8274381 2.9269216 1.9275176 3.0438254 1.0478668 2.3853540 2.6487802 2.1137668 3.0049687 2.2967716 3.3599954 2.1350609 1.2605189 3.5991242 1.3915006 2.8055841 3.2372902 2.5551837 2.1964339 2.1694793 2.1602774 2.2251079 2.4441735 1.8223171 0.9191304 2.0071071 2.0039399 2.0743085 2.0676959 2.1746949 0.0000000 1.6255026 2.5243500 2.5320632 1.3164539 3.2845247 1.2642968 3.6506057 2.0744225 3.7928770 3.5015990 3.4565338 3.2026870 5.5225376 5.2160783 3.1916352 3.0801534 3.8199755 3.0387306 3.1397106 3.1858674 3.0984531 3.4337052 3.3963866 2.9368197 2.4762591 2.2592393 2.5542564 2.4380371 2.5864351 2.3836137 2.6125999 6.5700113 
Skow_XM_006820225.1                                      1.8456652 2.6160321 1.6537775 2.5565697 0.9480294 1.7607717 2.4660356 1.7427848 1.7694771 1.9694173 2.4365593 1.5067692 1.0253328 2.7150599 1.4494997 2.0393732 2.5517065 1.9316637 1.6952301 1.7185176 1.7512915 1.8453876 2.0351024 1.7513593 0.9265916 1.8104644 1.8011440 1.5058022 1.6895711 1.7004864 1.6255026 0.0000000 1.5370397 1.9031712 1.4653137 2.9626452 1.6483760 2.7777948 2.0914205 2.8427193 2.7199119 2.7631609 2.6655992 4.2554933 4.1176212 3.2320897 3.2875800 3.2895741 2.1027318 2.1352830 2.1432713 2.1409230 2.3437430 2.4064645 1.9704297 1.4088032 2.1046408 1.9388719 1.7756125 2.3111324 2.5021806 2.9950395 6.4410841 
Bralan_BLAG02001720_1                                    1.6908535 2.5061304 1.5777905 2.8825787 0.9534120 1.9775115 2.4282584 1.5968963 1.8801669 2.0244289 3.0800664 1.8942479 1.2012336 3.1981096 1.4166422 2.4208903 3.3048874 2.2630633 2.2113285 2.3649305 2.3348239 2.3978392 2.9880410 2.4791056 1.1403433 2.4427675 2.4785758 1.8793434 2.3337736 2.2054948 2.5243500 1.5370397 0.0000000 2.2446973 1.5677996 3.6611773 1.6642764 3.3995848 2.0643189 3.8782226 3.4595805 3.5904672 3.2391310 5.7106994 4.9743901 3.3009883 3.3258277 4.4702691 3.1505657 3.1037952 3.1149893 3.0563916 3.2537438 2.6733253 2.5022337 1.8469600 2.1306988 2.5746975 2.1766981 2.7356357 2.9316408 3.5007297 6.2852698 
Cgig_XM_011438718.3                                      1.8839047 3.0061344 1.9104397 3.1581549 0.8424389 2.3542784 2.8051411 1.9884973 2.5685212 2.6084872 3.5619099 1.2371249 1.4200377 3.5255650 1.8903870 2.2651891 3.3718346 2.1951502 2.2931135 2.4105251 2.1048924 2.0688081 2.8061051 2.5117421 1.2118078 2.5191419 2.4523629 2.1765161 2.3057368 2.3063173 2.5320632 1.9031712 2.2446973 0.0000000 1.4912625 3.6964359 1.5526650 3.5956426 2.0626274 4.2004170 4.1795706 3.6985887 3.6782326 6.3737072 6.3765494 3.1453777 3.4414092 3.7740777 3.1307550 3.2125885 3.2368656 3.1647504 3.4470768 2.4385964 2.2421440 2.2276134 2.3273037 2.4091781 1.8161680 2.6086223 2.4299862 3.5853185 7.3066764 
Pbac_sb2643053                                           1.6198367 1.9158740 1.7240352 1.8896017 1.5091246 1.6374954 1.8261558 1.8913407 1.6637061 1.6246112 2.0404473 1.4123068 1.4415008 1.7340951 1.4788365 1.2543743 1.7101767 1.7386376 1.5636095 1.5653525 1.4188269 1.4688063 1.6631722 1.3120321 1.7438576 1.6025141 1.6970277 1.4732444 1.5852819 1.6307208 1.3164539 1.4653137 1.5677996 1.4912625 0.0000000 0.0111396 0.0683302 0.3729887 0.2483360 0.2717348 0.2717348 0.3019575 0.3019575 0.5297485 0.5297485 0.6801929 0.5689542 0.3092921 1.4782660 1.5664267 1.5768863 1.6050523 1.7124562 1.5997299 1.2776686 1.4732360 1.4102656 1.4794567 2.0203074 1.5248637 1.4205016 1.2632197 1.9650431 
Horcal_Hcv1.av93.c5.g913.i1                              2.4097882 3.4408521 1.7286828 3.6501387 1.5615618 2.4058772 3.2488545 2.3191337 3.7674611 2.6888368 4.1407058 3.2192527 1.4415008 3.8396357 1.4788365 2.6176120 4.7190031 2.7264684 3.1651779 3.2924963 2.9500178 2.9999962 3.8495553 3.4658788 1.7436024 3.8577136 4.1352323 3.0392814 3.1973283 3.3874149 3.2845247 2.9626452 3.6611773 3.6964359 0.0111396 0.0000000 0.1549446 1.2796220 0.6947356 1.4800996 1.2986616 1.2335300 1.0889378 2.0546867 1.8407713 1.7921638 1.7556107 1.6382085 4.0013030 4.0159607 4.0173651 4.1306378 4.5876978 3.3621421 3.3266746 3.3610719 3.1375497 3.2003628 3.7365186 4.1079530 5.1974781 4.6063006 3.5800355 
Pbac_sb2643055                                           1.6103450 1.8029760 1.9069240 2.0527518 1.8046322 2.0307469 2.0126575 1.8143438 1.6987943 2.0211650 2.1928355 1.3812134 1.2949895 1.4436347 0.9782875 1.1738953 1.8001252 1.7095436 1.8122494 1.7187086 1.4757127 1.3866333 1.6525212 1.5008089 1.6619099 1.5776702 1.5974579 1.4623475 1.6303442 1.7922958 1.2642968 1.6483760 1.6642764 1.5526650 0.0683302 0.1549446 0.0000000 0.3939148 0.3455569 0.3810790 0.3810790 0.4540488 0.4540488 0.7910346 0.7910346 0.7116704 0.6385348 0.4161189 1.6388011 1.6316861 1.6492645 1.6615153 1.8093763 1.5212095 1.3356440 1.6796689 1.7690343 1.8578940 1.9665576 1.8231925 1.7328046 1.8192661 1.6190762 
Beraby_Baby_sb335776                                     2.4471463 2.8867422 1.6341967 3.4955684 1.5841168 2.4522178 3.0719392 2.6417957 3.3519180 2.5527559 3.8004936 3.0540853 1.5571922 3.8797515 1.8792931 2.8099561 4.3226502 3.1057126 3.2883326 3.5427836 3.2005166 3.1939692 4.0841616 3.5462682 2.0248944 3.7918879 4.0160091 2.9381546 3.5121832 3.3137126 3.6506057 2.7777948 3.3995848 3.5956426 0.3729887 1.2796220 0.3939148 0.0000000 0.4654193 0.9391131 0.8410379 0.8055622 0.7203449 1.1903783 1.0879533 1.7144591 1.6701883 1.5420151 3.9511068 3.8934384 3.9039836 4.0874578 4.6008869 3.4801385 3.3343328 3.4835615 3.1641956 3.1906815 3.5936977 4.3759969 4.9404853 4.7600603 2.6285894 
Mlei_ML0334.g17.i1                                       1.8136702 2.2454402 1.4906789 2.4686942 1.6011152 1.7534965 2.1441430 2.2457751 2.0271043 1.8550483 2.7913046 1.7842961 1.3931362 2.0711258 1.4493111 2.0862264 2.4099853 2.1139950 1.8707888 2.0379753 1.9398150 1.9018947 2.2182221 2.0554413 1.3045291 2.0486785 2.0362481 1.9900015 2.0369613 2.0363235 2.0744225 2.0914205 2.0643189 2.0626274 0.2483360 0.6947356 0.3455569 0.4654193 0.0000000 0.4766223 0.4766223 0.4536856 0.4536856 0.7818402 0.7818402 0.9513500 0.9245279 0.7105234 2.3094010 2.3853808 2.3961161 2.3515837 2.6248475 1.7890787 1.7613855 1.9308971 1.8659485 2.1770052 2.1133734 2.4323617 2.7869034 2.5693097 1.3578671 
Bolinf_Binf_sb1261174                                    2.2114899 3.0560049 1.2826360 3.5725584 1.5889893 2.6810885 3.1930264 2.3457333 3.9499783 2.9753319 4.0466689 3.2842026 1.3344101 3.7531346 1.3344101 3.2567864 5.2231629 3.3504301 3.6636694 3.8488235 3.6079362 3.6302408 4.6904200 3.6719697 1.3984367 4.0206196 4.1305794 3.3879600 3.7766718 3.6827454 3.7928770 2.8427193 3.8782226 4.2004170 0.2717348 1.4800996 0.3810790 0.9391131 0.4766223 0.0000000 0.0000010 0.0000010 0.0000010 0.0028015 0.0030020 1.7774343 1.9020367 1.5767768 4.1975101 4.1328947 4.1310981 4.0878178 4.6178070 3.3234541 3.9410953 3.9703146 3.7187434 3.7858486 3.9053224 5.5175595 4.7824600 4.4918889 2.1706706 
Bolinf_Binf_sb1261185                                    2.1629109 2.9890005 1.2826360 3.5725584 1.5889893 2.6810885 3.1930264 2.3457333 3.6019419 2.9753319 3.7282065 3.1714655 1.3344101 3.7055798 1.3344101 3.1020399 4.6912497 3.3504301 3.2566712 3.4497677 3.2770257 3.2809535 4.2818792 3.3454087 1.3984367 3.6164291 3.6236334 2.8644298 3.4036490 3.3645929 3.5015990 2.7199119 3.4595805 4.1795706 0.2717348 1.2986616 0.3810790 0.8410379 0.4766223 0.0000010 0.0000000 0.0000010 0.0000010 0.0030020 0.0030020 1.6182423 1.8410944 1.4537766 3.9024858 3.8372982 3.8465736 3.7641143 4.2506541 3.2576483 3.7238044 3.8349205 3.4689093 3.6569436 3.7703408 5.1256981 4.3164146 4.3340736 1.7297249 
Mertsp_Mesp_sb595106                                     2.2310353 3.1228277 1.5836963 3.2713765 1.4787997 2.4020557 2.8549181 2.3433521 3.5588857 2.5952071 3.7383025 3.1053516 1.4989408 3.6503104 1.5677222 2.8356202 4.4902296 3.0277030 3.2407356 3.4584340 3.1774087 3.2275109 4.1197638 3.2850593 1.8225536 3.6581135 3.7628789 2.9779945 3.3631934 3.2902137 3.4565338 2.7631609 3.5904672 3.6985887 0.3019575 1.2335300 0.4540488 0.8055622 0.4536856 0.0000010 0.0000010 0.0000000 0.0000010 0.0083270 0.0089386 1.5639941 1.6334000 1.5860077 3.5153707 3.5281259 3.5271565 3.5486221 3.8583669 3.2107221 3.4843251 3.4479514 3.1410281 3.2643840 3.6406199 4.6301437 4.7415294 4.4918889 2.1774458 
Mertsp_Mesp_sb595108                                     2.1945625 3.0660014 1.5836963 3.2713765 1.4787997 2.4020557 2.8549181 2.3433521 3.2619844 2.5952071 3.4712208 3.0128243 1.4989408 3.6079807 1.5677222 2.7209609 4.0742392 3.0277030 2.9076123 3.1244110 2.9020984 2.9365451 3.7813595 3.0253511 1.8225536 3.3188261 3.3451390 2.5663936 3.0557982 3.0186170 3.2026870 2.6655992 3.2391310 3.6782326 0.3019575 1.0889378 0.4540488 0.7203449 0.4536856 0.0000010 0.0000010 0.0000010 0.0000000 0.0089386 0.0089386 1.4350411 1.5863923 1.4537766 3.2803844 3.2931502 3.2999994 3.2893545 3.5755869 3.1554678 3.3017840 3.3268946 2.9349621 3.1644351 3.5329507 4.3136316 4.2640362 4.3340736 1.7127813 
Bolinf_Binf_sb1261191                                    3.6302242 4.4394360 2.2910763 4.8457426 1.9610346 3.9781940 4.6441429 3.5281926 5.6449119 4.3888035 5.7508726 5.1416059 0.0000010 5.2929389 5.7816654 5.1841148 8.9501286 4.8391127 4.7144865 5.0914136 4.8859161 4.9170904 7.2900282 5.1946845 2.0707719 5.3755814 5.5085942 4.4067386 5.0788088 4.8996078 5.5225376 4.2554933 5.7106994 6.3737072 0.5297485 2.0546867 0.7910346 1.1903783 0.7818402 0.0028015 0.0030020 0.0083270 0.0089386 0.0000000 0.0000010 2.4214152 2.5092253 2.0354825 6.1104712 5.8388453 5.8165777 5.6725717 5.5499733 4.6439052 5.6636547 5.7161374 4.9779664 5.1386629 5.8693762 8.5312271 5.9414349 5.0665650 2.1437540 
Bolinf_Binf_sb1261196                                    3.6407641 4.3690350 2.2910763 4.8457426 1.9610346 3.9781940 4.6441429 3.5281926 5.1332099 4.3888035 5.1147008 4.9689055 0.0000010 5.3312904 5.7816654 5.0500098 7.9321160 4.8391127 4.1201982 4.5387494 4.4480244 4.4538614 6.6462203 4.6993182 2.0707719 4.8672677 4.8221670 3.6611996 4.5384225 4.4760885 5.2160783 4.1176212 4.9743901 6.3765494 0.5297485 1.8407713 0.7910346 1.0879533 0.7818402 0.0030020 0.0030020 0.0089386 0.0089386 0.0000010 0.0000000 2.2009490 2.4719426 1.8937914 5.7859209 5.5244725 5.5244725 5.3024826 5.2141359 4.5863251 5.4661467 5.6567056 4.6238861 5.0629970 5.7465228 8.0995805 5.3155409 4.9788444 1.7391651 
Vmul_Simscaffold7599_01                                  2.3821092 3.0873836 1.7965208 3.0717357 1.5249855 2.4446437 3.2931133 2.2729237 3.4260642 2.5546609 3.4990989 2.9798450 1.5732089 3.7155213 1.4808943 2.8228158 4.0618826 3.1624675 3.1738306 3.4839081 3.3226556 3.1832479 3.6780737 3.3768036 2.0321411 3.3871757 3.5664761 3.0516591 3.3811391 3.1510507 3.1916352 3.2320897 3.3009883 3.1453777 0.6801929 1.7921638 0.7116704 1.7144591 0.9513500 1.7774343 1.6182423 1.5639941 1.4350411 2.4214152 2.2009490 0.0000000 1.3196836 1.9601515 3.6138551 3.7418303 3.7525653 3.8269642 4.1552166 3.0699740 3.0636851 3.1258378 2.9502461 3.1565522 3.5043364 3.8461414 4.1522837 4.9493994 3.5151897 
Coemet_Cmet_scaffold7941_01                              2.2231984 3.6122097 1.8667956 3.2343279 1.6980366 2.6043079 3.4193295 2.5593790 3.5822278 2.6610063 3.6169991 3.2789944 1.5196307 3.6588826 1.5751605 2.5828652 3.3328479 3.5017141 2.9998633 3.1208690 2.7403195 2.8520209 3.6388404 2.7904715 1.6543685 3.2142505 3.0839157 2.6447774 2.9574590 2.8214279 3.0801534 3.2875800 3.3258277 3.4414092 0.5689542 1.7556107 0.6385348 1.6701883 0.9245279 1.9020367 1.8410944 1.6334000 1.5863923 2.5092253 2.4719426 1.3196836 0.0000000 2.1202850 3.2395879 3.3073710 3.3403333 3.6327506 3.9441540 3.4734615 3.3103858 3.0655980 3.0226661 3.1524736 3.5787681 3.7042630 4.1516196 5.1185538 2.7806964 
Drygla_Dgla_sb283156                                     2.5501271 3.5622866 1.5281276 3.5891481 1.4360304 2.7498676 3.5703702 2.3464561 4.2989989 3.5645539 4.0698777 3.6875729 1.1474935 3.8234011 1.1474935 3.0623336 4.8127775 3.2099860 3.6488222 3.7137018 3.4422986 3.4903723 4.7364628 4.0495445 1.4096465 4.3733277 4.3816551 3.4084034 3.5878196 3.7818795 3.8199755 3.2895741 4.4702691 3.7740777 0.3092921 1.6382085 0.4161189 1.5420151 0.7105234 1.5767768 1.4537766 1.5860077 1.4537766 2.0354825 1.8937914 1.9601515 2.1202850 0.0000000 4.8160765 5.2650210 5.2375700 4.6747642 5.3078309 4.3842911 4.1116277 4.5928945 4.0093205 4.2118511 3.7235977 4.7035979 4.8981905 4.7147946 3.1639375 
HoiH23_PlH23_007054-RA                                   1.8065936 3.2030332 1.8295002 3.1242930 0.9550930 2.1510396 2.5874611 1.9413757 3.0524139 2.4344494 3.6841847 2.6318338 1.0784145 3.4294327 1.7672909 2.6952032 3.5890618 3.0942927 2.7007743 2.8125386 2.8811596 2.8970001 3.0987110 2.9221107 1.1559889 3.0929719 3.1826273 2.6532643 2.8057484 2.6661906 3.0387306 2.1027318 3.1505657 3.1307550 1.4782660 4.0013030 1.6388011 3.9511068 2.3094010 4.1975101 3.9024858 3.5153707 3.2803844 6.1104712 5.7859209 3.6138551 3.2395879 4.8160765 0.0000000 0.2436157 0.2484714 0.4851086 0.5053010 3.7717793 3.3570315 2.7889645 2.5766476 2.6340934 2.7707704 3.5529227 3.5196471 4.6045558 7.9015009 
Hhon_g05675.t1                                           1.8452620 3.4037117 1.8266424 3.3577631 0.9711938 2.2701029 2.5986805 1.9950238 3.0601825 2.4218745 3.7923812 2.6037461 1.0502057 3.6069135 1.7835420 2.7793082 3.6744806 3.1371872 2.7596617 2.9545601 2.9686884 3.0118069 3.0409202 3.0287529 1.2405945 3.1439923 3.2576925 2.8062173 2.9681267 2.7093053 3.1397106 2.1352830 3.1037952 3.2125885 1.5664267 4.0159607 1.6316861 3.8934384 2.3853808 4.1328947 3.8372982 3.5281259 3.2931502 5.8388453 5.5244725 3.7418303 3.3073710 5.2650210 0.2436157 0.0000000 0.0114570 0.5045787 0.5245118 3.7117200 3.4187544 2.9468665 2.5999274 2.5940453 2.8004616 3.6255470 3.4926206 4.7112320 7.2222708 
HoiH04_mRNA11402                                         1.8562710 3.4211600 1.8495966 3.3710603 0.9878560 2.2826996 2.6095430 2.0073250 3.1137473 2.4347662 3.8064839 2.6094869 1.0502057 3.6206855 1.7835420 2.7946665 3.6903552 3.1460349 2.7550633 2.9601434 2.9590816 3.0055792 3.0710102 3.0374047 1.2532693 3.1506147 3.2489415 2.8232747 2.9508438 2.7186111 3.1858674 2.1432713 3.1149893 3.2368656 1.5768863 4.0173651 1.6492645 3.9039836 2.3961161 4.1310981 3.8465736 3.5271565 3.2999994 5.8165777 5.5244725 3.7525653 3.3403333 5.2375700 0.2484714 0.0114570 0.0000000 0.4967875 0.5149601 3.7312135 3.4531676 2.9694741 2.6308604 2.6200808 2.8103368 3.6301552 3.5255502 4.7432355 7.2930136 
TrH2_TrispH2_004243-RA                                   1.9353649 3.1441339 1.5593466 3.2312672 0.9912268 2.3062751 2.6250928 2.0834451 3.2526229 2.3129609 3.9798427 2.7387391 1.0182852 3.5961711 1.5159109 3.0457714 3.7676968 3.2821938 2.8349721 2.9862216 2.8849215 3.0004327 3.2636666 3.0469319 1.2616806 3.1479505 3.2937283 2.7586428 2.9014836 2.7677310 3.0984531 2.1409230 3.0563916 3.1647504 1.6050523 4.1306378 1.6615153 4.0874578 2.3515837 4.0878178 3.7641143 3.5486221 3.2893545 5.6725717 5.3024826 3.8269642 3.6327506 4.6747642 0.4851086 0.5045787 0.4967875 0.0000000 0.0120906 4.0591777 3.3625401 2.9662736 2.7000362 2.5774623 2.9279038 3.6988827 3.5390822 4.4864334 7.3252059 
Tadh_TriadT56940                                         2.1219719 3.5002743 1.5572139 3.3785184 0.7118256 2.4126697 2.8694939 2.1796467 3.4811916 2.3721838 4.4431556 3.0004945 1.2620077 4.1463377 2.5027335 3.4651430 4.2325020 3.7356502 3.1024055 3.3269663 3.2633558 3.3602911 3.7023333 3.4415734 1.3243170 3.4912921 3.6576708 3.0634434 3.2597146 2.9732198 3.4337052 2.3437430 3.2537438 3.4470768 1.7124562 4.5876978 1.8093763 4.6008869 2.6248475 4.6178070 4.2506541 3.8583669 3.5755869 5.5499733 5.2141359 4.1552166 3.9441540 5.3078309 0.5053010 0.5245118 0.5149601 0.0120906 0.0000000 4.4756704 3.6997152 3.2309623 2.9852272 2.8673982 3.1749002 4.0473621 3.5515254 4.4024784 7.1596699 
Cscu_XM_023388866.1                                      2.1124612 3.0389427 2.0134120 2.9336708 1.3865983 2.6395530 3.1886341 2.0621308 2.7174431 2.3837805 3.2884817 2.1333730 1.3080865 4.0364417 1.8875770 2.6714695 4.1008604 1.8411581 2.8436614 3.0356462 2.7104861 2.6234412 3.2698854 3.1380359 1.6168526 3.0098568 3.1613558 2.7092965 3.0846365 3.0811168 3.3963866 2.4064645 2.6733253 2.4385964 1.5997299 3.3621421 1.5212095 3.4801385 1.7890787 3.3234541 3.2576483 3.2107221 3.1554678 4.6439052 4.5863251 3.0699740 3.4734615 4.3842911 3.7717793 3.7117200 3.7312135 4.0591777 4.4756704 0.0000000 1.0133597 2.5342890 2.4871481 2.9543734 2.6012649 2.1780559 3.3499156 4.0897411 7.4555775 
Cscu_XM_023380837.1                                      2.1328094 2.6929423 1.7476413 3.0914598 1.0493643 2.4764007 2.9000245 1.8244443 2.7520764 2.2027271 3.3114383 2.1457753 1.1944659 3.7784023 1.6504669 2.4825980 3.7738970 1.7056372 2.5111286 2.6332429 2.4385631 2.3596066 2.9787391 2.9444509 1.3011600 2.9156446 2.8396939 2.2952333 2.6630248 2.3369578 2.9368197 1.9704297 2.5022337 2.2421440 1.2776686 3.3266746 1.3356440 3.3343328 1.7613855 3.9410953 3.7238044 3.4843251 3.3017840 5.6636547 5.4661467 3.0636851 3.3103858 4.1116277 3.3570315 3.4187544 3.4531676 3.3625401 3.6997152 1.0133597 0.0000000 2.2691771 2.4825951 2.7143891 2.3160459 2.1575044 2.9826645 3.3451221 6.4303442 
Spur_XM_003725538.3                                      1.6671884 2.6318835 1.6778420 2.5871731 1.0223079 2.1749619 2.1217437 1.6698028 2.1722903 1.9270837 3.1269871 1.7855738 1.0721494 3.5447757 1.2754462 2.4146035 3.1308670 2.1591476 2.3762092 2.4834425 2.2890145 2.2768247 3.0096301 2.6294919 1.1730853 2.3431966 2.5811169 2.0049863 2.2563003 2.1208225 2.4762591 1.4088032 1.8469600 2.2276134 1.4732360 3.3610719 1.6796689 3.4835615 1.9308971 3.9703146 3.8349205 3.4479514 3.3268946 5.7161374 5.6567056 3.1258378 3.0655980 4.5928945 2.7889645 2.9468665 2.9694741 2.9662736 3.2309623 2.5342890 2.2691771 0.0000000 2.2961934 2.5010541 2.0773034 2.6431991 2.7516342 4.6372863 7.5315627 
Dgig_XM_028549913.1                                      1.7165278 2.6279304 1.1344946 2.8173315 0.8745287 2.0222667 2.4213753 1.5818931 2.3434581 1.8827772 2.9559661 1.9856429 1.4029171 3.2719117 1.1914704 2.1667030 3.3913122 2.1166581 2.0545459 2.1540700 2.0859834 2.1571666 2.4762199 2.2156662 0.8928347 2.1731121 2.1437035 2.0352661 2.1715629 2.1248034 2.2592393 2.1046408 2.1306988 2.3273037 1.4102656 3.1375497 1.7690343 3.1641956 1.8659485 3.7187434 3.4689093 3.1410281 2.9349621 4.9779664 4.6238861 2.9502461 3.0226661 4.0093205 2.5766476 2.5999274 2.6308604 2.7000362 2.9852272 2.4871481 2.4825951 2.2961934 0.0000000 1.1743193 2.3737987 2.9064511 2.8397375 3.4055959 5.8566571 
Xesp_014168-T1                                           1.9324033 2.6342353 1.2517929 2.9382642 0.7936920 1.9606853 2.4703634 1.6848118 2.5787229 1.9029549 2.6703770 2.3398697 1.4982390 3.4151582 1.4278434 2.4719254 3.5232451 2.4762900 2.2522931 2.3740660 2.1385549 2.1447434 2.6885018 2.3234550 0.9651977 2.3957190 2.2927403 2.0317974 2.2506602 2.0664165 2.5542564 1.9388719 2.5746975 2.4091781 1.4794567 3.2003628 1.8578940 3.1906815 2.1770052 3.7858486 3.6569436 3.2643840 3.1644351 5.1386629 5.0629970 3.1565522 3.1524736 4.2118511 2.6340934 2.5940453 2.6200808 2.5774623 2.8673982 2.9543734 2.7143891 2.5010541 1.1743193 0.0000000 2.7357333 2.9802859 2.6386463 3.9109449 5.5823502 
