91
Lcom_lcpid179197                                        0.0000000 0.0000010 2.2009299 2.2314085 2.1041824 2.1041824 2.1755153 2.1041824 2.1596732 1.3967613 2.3966551 1.3967613 2.3239221 2.3239221 2.3028329 2.4257441 2.5017211 2.1467784 2.1667528 2.1547405 0.0000010 1.0849875 2.2101174 1.3967613 2.3409924 1.8338279 2.7836835 3.0262816 3.3051175 1.2288098 2.4057670 5.6813881 2.3475922 2.5689861 3.2965345 2.2399891 2.7438919 2.4299202 2.3115266 4.9183892 1.7250644 1.7250905 2.2208130 2.8373386 2.3145205 2.0779414 2.2705737 2.2525915 2.1871762 2.1871762 3.0490991 2.2922211 2.2524438 2.2039790 2.4137504 3.7552227 2.3230023 2.9625880 2.0775048 2.0775048 2.2194173 2.0258302 2.2126664 2.5889742 2.3350624 2.5513938 2.6583662 1.3185535 2.9659714 3.5451504 2.6895531 6.2676721 3.5301885 2.5713215 2.6740809 2.5316186 2.5873911 2.2752947 2.7565447 3.5302367 3.3364442 3.3861856 3.2093912 2.9904913 2.6917431 2.2626793 6.6620103 3.0809053 2.7621521 3.4110887 5.0266553 
Lcom_lcpid182312                                        0.0000010 0.0000000 1.5239409 1.6803460 1.9167720 1.9167720 0.0000010 1.7462564 1.7830317 1.3419795 1.7096782 1.7096782 0.0000010 0.0000010 1.7791236 1.9478199 0.0000010 1.4266303 0.0000010 1.8776366 1.9714157 1.8776366 2.1672729 2.1672729 1.7479265 0.0000010 0.0000010 1.6558191 1.2335455 1.5070132 1.4087593 1.5652926 1.7275713 1.5213443 0.0000010 1.5614350 0.0000010 0.0000010 1.6317573 1.6358803 1.5923389 2.8915773 1.6671811 2.0029913 1.9035031 2.0013236 2.6424818 1.5582942 2.0702062 2.0702062 1.3397059 1.3594793 3.9949320 1.6100717 1.9481727 1.6232042 1.7985170 1.7610324 1.6074516 1.7101489 1.7073269 1.7346320 1.8978713 1.5135340 1.8479391 1.7404463 9.0000000 1.9568171 1.9765507 1.4795086 1.9644550 1.5248900 1.6622904 1.6622904 1.6260049 1.3437111 1.2700366 1.7757469 1.7702708 2.1119656 2.1479754 2.3725341 1.9671501 1.9046350 1.8660380 1.4851566 0.0000010 0.0000010 2.3058979 1.4514266 0.0000010 
Pbac_sb2667073                                          2.2009299 1.5239409 0.0000000 0.0638359 0.4603979 0.4558550 0.3659714 0.3849497 0.4714657 0.5555816 0.4699096 0.6522527 0.3928304 0.4349137 0.6504251 0.6749244 0.5542844 0.4488229 0.4253115 0.5160121 0.9727003 0.6236047 0.5423882 0.7069009 0.5451041 0.6556748 0.6027686 1.7920778 1.4049506 2.0652590 1.6803329 2.8856464 1.6617295 1.8594552 2.0032765 2.1332479 1.7461947 1.2913935 1.6993128 2.4912140 1.4052791 1.5031395 1.8032117 1.9656606 1.6647948 1.6631987 1.6800549 1.6070529 1.5678205 1.5511215 1.9247177 1.6886432 2.0801813 1.6225471 1.7430001 1.9851196 1.9136633 2.2432332 1.9077141 1.8623819 1.7546325 1.9912505 2.0101449 1.6310724 1.6987987 1.7833880 2.0172011 1.9742469 1.8864369 1.9495935 1.7083307 1.8280357 1.6564155 1.5595052 1.5710220 1.4965360 1.4256390 1.5531542 1.7105526 2.0042114 1.9602134 2.0087960 2.0178399 1.8796552 1.4122869 2.0384958 1.7329867 1.8921782 2.0630449 2.4683584 2.8357983 
Horcal_Hcv1.av93.c8.g281.i1                             2.2314085 1.6803460 0.0638359 0.0000000 0.4670057 0.4670057 0.3555666 0.4054974 0.4837007 0.5656568 0.4515825 0.5875358 0.3961052 0.4390944 0.7014503 0.6941508 0.5658572 0.4551484 0.4155167 0.5321303 0.9912858 0.6397330 0.5347294 0.6626104 0.5443784 0.6562877 0.5787706 1.8280554 1.4309468 1.9976961 1.6829488 2.8083933 1.6417906 1.8701939 1.9986697 2.1063958 1.7410007 1.2913935 1.6600060 2.3524056 1.4042196 1.5031395 1.7515620 2.0457916 1.7334829 1.7042018 1.8836168 1.5757055 1.6348330 1.6181180 1.9196229 1.6871198 2.1871924 1.7289525 1.7244851 2.1250807 2.0295105 2.2563211 1.9291954 1.9786910 1.7723034 1.9829107 2.1200458 1.7196720 1.7792972 1.9128694 2.0379898 2.1568089 1.9584037 1.9739837 1.7274188 1.8031577 1.6351010 1.5458767 1.6043409 1.4800815 1.4161190 1.6356730 1.6669630 2.1628762 1.9994346 2.0758734 2.1753607 1.9391873 1.3814996 2.1052532 1.7734489 1.9084448 2.1690257 2.5282069 2.8357983 
Bolinf_Binf_sb1234912                                   2.1041824 1.9167720 0.4603979 0.4670057 0.0000000 0.0072204 0.0152904 0.0075212 0.5319101 0.7037428 0.5957430 0.7643890 0.4397977 0.4849660 0.3677105 0.4234256 0.4490192 0.4787594 0.4308989 0.5731307 0.9328388 0.6768400 0.6040125 0.7946097 0.5048312 0.5819143 0.6500002 1.7740201 1.3250387 1.8536677 1.6547921 2.9196727 1.7290560 1.6694436 1.8338562 1.8824755 1.5288037 1.3367462 1.6193562 2.2600717 1.3606141 1.2321991 1.7368673 2.2407295 1.8697883 1.8103477 1.9049710 1.6143399 1.7976863 1.7803849 1.8213334 1.6887843 2.5036071 1.7787202 1.8119627 2.1729803 2.1157424 2.2573755 1.9022334 1.9924787 1.8728004 2.0322222 2.1248729 1.7393962 1.6951837 1.6967810 1.8669274 2.1943616 2.0674287 1.9709122 1.8276795 1.7889486 1.6095596 1.5855937 1.6510724 1.4772290 1.3792935 1.7437798 1.6975178 2.1591721 2.1406827 2.1792397 2.2401080 2.0140062 1.4829442 2.1476817 1.8587612 1.9472852 2.0732263 2.4962654 2.4797226 
Mertsp_Mesp_sb581641                                    2.1041824 1.9167720 0.4558550 0.4670057 0.0072204 0.0000000 0.0152904 0.0074506 0.5319101 0.7037428 0.5901591 0.7553263 0.4397977 0.4849660 0.3677105 0.4234256 0.4490192 0.4787594 0.4308989 0.5481473 0.8274143 0.6331912 0.5982392 0.7784300 0.5039475 0.5819143 0.6500002 1.7740201 1.3250387 1.8536677 1.6547921 2.8920940 1.7066260 1.6694436 1.8338562 1.8824755 1.5288037 1.3367462 1.6193562 2.2581927 1.3606141 1.2321991 1.7024399 2.1939487 1.8322438 1.7838327 1.9049710 1.6143399 1.7699523 1.7528507 1.7828578 1.6887843 2.4442932 1.7564922 1.7991413 2.0938879 2.1157424 2.2332769 1.8979036 1.9590338 1.8728004 2.0150285 2.1248729 1.7254478 1.6777099 1.6993917 1.8669274 2.1358192 2.0367002 1.9709122 1.8160398 1.7889486 1.6082109 1.5844684 1.6344466 1.4772290 1.3792935 1.7437798 1.6975178 2.1293717 2.1177515 2.1534206 2.1993826 2.0140062 1.4829442 2.1476817 1.8587612 1.9472852 2.0762820 2.4962654 2.4797226 
Mertsp_Mesp_sb581648                                    2.1755153 0.0000010 0.3659714 0.3555666 0.0152904 0.0152904 0.0000000 0.0152904 0.4960987 0.0000010 0.4906793 0.0000010 0.4593997 0.4593997 0.8605364 0.5140194 0.4909800 0.4324651 0.4324651 0.4064567 0.0000010 0.0000010 0.4602484 0.0000010 0.5097729 0.6195011 0.8293222 1.4677600 0.0000010 0.0000010 1.3345468 5.3645361 1.4954776 1.4171847 2.3050872 1.0309741 1.2778485 1.3367462 1.3886570 7.3597234 0.7666388 0.8185699 1.4973684 1.9380768 1.6926771 1.5679735 1.6846562 1.5885833 1.6223809 1.6223809 1.6273453 1.8741193 1.9455079 1.7801489 1.8527412 1.2260122 1.9819669 2.2094565 1.6983136 1.6983136 1.8549175 2.5051614 1.9265233 1.3977572 1.3813752 1.8311024 1.7672092 0.0000010 5.5497446 9.0000000 1.6931965 6.4416394 1.6131806 1.5314752 1.5049305 1.5983164 1.5100041 1.7943960 1.6725927 1.9264880 2.1344908 2.0323563 2.3358142 2.0071276 1.5873657 2.1643245 1.5288668 1.4343067 1.7183950 1.9295827 2.4797226 
Mertsp_Mesp_sb581643                                    2.1041824 1.7462564 0.3849497 0.4054974 0.0075212 0.0074506 0.0152904 0.0000000 0.4683272 0.7037428 0.5031932 0.6114599 0.4397977 0.4849660 0.3677105 0.4077073 0.4490192 0.4787594 0.4308989 0.4977206 0.6573166 0.5515068 0.5199532 0.5992921 0.4351714 0.5819143 0.6500002 1.5900742 1.3250387 1.6618941 1.5550982 2.6816700 1.5110124 1.5751311 1.8338562 1.7177801 1.5288037 1.3367462 1.4946951 2.0310362 1.2374484 1.2321991 1.6406594 2.0890838 1.6715363 1.6105572 1.7909971 1.5199566 1.6244346 1.6075176 1.8051789 1.6887843 2.1987669 1.6796405 1.6746572 2.0359802 1.9838017 2.1335845 1.8124574 1.7891498 1.7925737 1.9226726 1.9694879 1.5980410 1.5529968 1.6608274 1.8669274 1.7842898 1.8498883 1.9709122 1.6950372 1.7096640 1.5090519 1.5030154 1.5343798 1.4772290 1.3810342 1.7210615 1.5374647 2.0254969 2.0115530 2.0656815 2.0878163 1.9201132 1.4829442 2.0796013 1.8587612 1.9472852 1.9688594 2.4962654 2.4797226 
Vmul_sbMO438198                                         2.1596732 1.7830317 0.4714657 0.4837007 0.5319101 0.5319101 0.4960987 0.4683272 0.0000000 0.2422149 0.3334577 0.3572558 0.3322853 0.3754899 0.7694982 0.7918120 0.6628551 0.5690164 0.6016101 0.6006243 0.8928899 0.6979902 0.5739507 0.6468868 0.5153267 0.6541277 0.7349662 1.7521538 1.4375587 1.8197224 1.7442099 2.5261407 1.6068669 1.7113276 1.8805760 1.8677943 1.6935844 1.5070787 1.6806717 2.2182273 1.3619228 1.5340033 1.8140072 1.9434203 1.5725274 1.5110575 1.7368291 1.3986550 1.5282383 1.5249857 1.7933635 1.6984923 2.0650089 1.6656301 1.7434622 2.1689651 2.0036208 2.1437975 1.8473715 1.8903992 1.8618758 1.9638506 2.1119511 1.5614165 1.6309809 1.7078018 1.8711341 1.7900007 1.7782158 2.0821369 1.6701648 1.7301847 1.5912380 1.5702796 1.6336100 1.4366061 1.3289053 1.5680352 1.6024996 2.0841477 2.0004437 2.1833337 2.1213202 1.9869190 1.4063672 2.0342773 1.8440376 1.6015098 2.0497127 2.5734293 2.3807920 
Coemet_Cmet_scaffold1302_01                             1.3967613 1.3419795 0.5555816 0.5656568 0.7037428 0.7037428 0.0000010 0.7037428 0.2422149 0.0000000 0.0866462 0.1504387 0.2371166 0.0000010 0.8506496 0.8506496 0.0000010 0.6021513 0.0000010 0.7393027 1.2365956 0.7393027 0.6335374 0.5287593 0.4724637 2.3319154 0.8322778 1.8914078 1.9531241 1.9945927 1.8978373 3.4535841 1.6872340 2.0379945 2.0212908 2.2495858 2.1439200 0.0000010 1.7655460 1.7655460 1.4431577 3.0864754 1.8094839 2.2876888 2.3191576 2.1645979 2.0802878 2.1695323 2.4376963 2.4217156 2.0026138 1.7940903 1.6176551 2.5634851 1.8363214 1.7561788 2.1007540 2.1670140 1.7178142 1.7087629 1.6920842 1.8844306 2.1622556 1.8710640 1.6847940 1.6854377 2.3279881 2.5689116 1.7778998 2.0346589 1.5379300 1.7564733 1.7564733 1.7564733 1.8179481 1.5394488 1.4609327 1.9076492 1.6323507 1.8694738 1.8623158 1.9061262 2.0078712 1.8733682 1.5899112 2.3984194 2.3450920 1.6757048 2.5425412 5.3719387 0.0000010 
Coeast_Cast_sb811040                                    2.3966551 1.7096782 0.4699096 0.4515825 0.5957430 0.5901591 0.4906793 0.5031932 0.3334577 0.0866462 0.0000000 0.0481725 0.1419184 0.1870082 0.7001256 0.7571776 0.6753308 0.5778292 0.6608816 0.6352153 0.8592814 0.7154604 0.6307673 0.6546901 0.5449082 0.7023267 0.7384867 1.6471351 1.3734719 1.8984140 1.6057122 2.4494157 1.6317101 1.7867232 1.9972040 1.8357460 1.6434719 1.5860185 1.5719272 2.0791185 1.3521450 1.3689822 1.7789274 1.9471092 1.6219534 1.5621819 1.7647332 1.4560950 1.6380612 1.6341320 1.8125244 1.6230184 2.0821279 1.8648553 1.7444601 2.2317473 1.9433459 2.2475740 1.8580512 1.8621603 1.7075388 1.8812534 2.0604660 1.5594071 1.6736961 1.7003216 1.8073925 2.0132462 1.8109897 2.1444952 1.7296468 1.5836282 1.5275697 1.4940522 1.5447274 1.3334333 1.2790475 1.4970340 1.5486479 2.1302462 1.9880611 2.3069845 2.1500588 1.8723917 1.3439920 2.0967885 1.8811845 1.5133673 2.2372994 2.6914407 2.3389345 
Coeast_Cast_sb811042                                    1.3967613 1.7096782 0.6522527 0.5875358 0.7643890 0.7553263 0.0000010 0.6114599 0.3572558 0.1504387 0.0481725 0.0000000 0.0000010 0.0000010 0.7399959 0.8369381 0.0000010 0.5814869 0.0000010 0.7575729 0.9416622 0.7575729 0.7438460 0.7269696 0.5741615 1.6161411 0.7145065 1.8461718 1.3734719 1.9511041 1.8337467 2.3422324 1.8032531 2.0312681 2.1825418 2.1066855 2.3525489 0.0000010 1.7147265 1.7218092 1.6165111 3.3040897 2.0766548 2.1863275 1.9640660 1.9202835 2.2845929 1.7491486 2.0537538 2.0450337 2.2172974 1.8465810 2.6302580 2.3847186 1.9523453 2.2731709 2.2684246 2.5366323 2.1409780 2.1465971 1.8992953 2.0593147 2.3943447 1.7907521 1.7993360 1.6823792 2.0118602 1.9390483 1.9249460 2.0932884 1.9277414 1.5352187 1.6801294 1.6801294 1.7148468 1.5810167 1.3937948 1.7364893 1.6357561 2.3247582 2.2088308 2.5798981 2.4791497 2.2260740 1.6151799 2.1893572 2.8937613 2.2122272 2.7653591 2.8089397 0.0000010 
Coeast_Cast_sb811041                                    2.3239221 0.0000010 0.3928304 0.3961052 0.4397977 0.4397977 0.4593997 0.4397977 0.3322853 0.2371166 0.1419184 0.0000010 0.0000000 0.0178469 0.6415624 0.6696933 0.6497394 0.5918752 0.6245731 0.5210299 0.0000010 0.6204702 0.5330071 0.0000010 0.5379618 0.5805921 0.7494323 1.4348404 0.0000010 1.4716338 1.3936778 5.6890135 1.4803377 1.6042194 1.9677145 1.6603025 1.4621295 1.4519866 1.3855221 2.9818983 1.0285736 0.9726746 1.4888006 1.8301463 1.3789451 1.3622228 1.4303650 1.3535994 1.3962224 1.3962224 1.7943331 1.6557167 1.8293824 1.4444425 1.5526055 2.4647582 1.9563447 2.2541480 1.8869602 1.8869602 1.6281959 1.7566699 1.9447184 1.5181524 1.4412859 1.6620154 1.6507198 0.0000010 1.3784613 9.0000000 1.5498449 1.6934602 1.3381758 1.3807113 1.4167169 1.2812981 1.2546012 1.0537803 1.5255168 2.0016971 1.8679817 2.0205595 1.8939479 1.6635461 1.2362309 2.0063281 1.3484754 1.1983813 1.9311153 2.3146002 2.0269545 
Coeast_Cast_sb811043                                    2.3239221 0.0000010 0.4349137 0.4390944 0.4849660 0.4849660 0.4593997 0.4849660 0.3754899 0.0000010 0.1870082 0.0000010 0.0178469 0.0000000 0.7318638 0.6955168 0.6497394 0.6745637 0.6245731 0.5560655 0.0000010 1.0465084 0.5886306 0.0000010 0.6241182 0.6268035 0.8782713 1.5063267 0.0000010 0.0000010 1.4500229 6.3742336 1.5770050 1.6980167 2.2805184 1.2192369 1.5139650 1.4519866 1.5237177 6.1455070 1.1113514 0.9726746 1.5832999 1.8341895 1.4414255 1.4016219 1.5022563 1.3981365 1.4061424 1.4061424 1.9971838 1.7290575 1.8293824 1.4941762 1.5855507 2.2110633 1.9068612 2.2683772 1.8330474 1.8330474 1.6917461 1.8636420 1.9824621 1.5789743 1.5572306 1.8540704 1.8392376 0.0000010 1.9645013 9.0000000 1.7340069 2.5855152 1.5240533 1.4963290 1.5408284 1.4126872 1.3773948 1.3171228 1.7345749 2.1305628 1.9742700 2.0942038 1.9706417 1.6983803 1.3860441 2.1083091 1.4853716 1.4634330 1.8799644 2.3146002 2.0269545 
Bolinf_Binf_sb1222096                                   2.3028329 1.7791236 0.6504251 0.7014503 0.3677105 0.3677105 0.8605364 0.3677105 0.7694982 0.8506496 0.7001256 0.7399959 0.6415624 0.7318638 0.0000000 0.0000010 0.0000010 0.7329884 0.4299388 0.8089870 0.9440712 0.8284610 0.8109791 0.8984338 0.6100853 0.7800883 0.7406468 1.8176729 1.5730569 1.9947145 1.7729883 2.7596730 1.5419135 1.8240423 1.8615992 2.2237970 2.2723368 0.0000010 1.7460922 1.8292088 1.5722526 3.4108728 1.9906915 2.2756195 1.6744765 1.7358557 1.9989525 1.6105793 1.7597994 1.7315455 2.0826594 1.5583841 2.3818729 1.7963160 1.6436214 2.0583593 2.0042617 2.1653449 1.9050223 1.9012872 1.8996897 1.8738453 2.1469590 1.7601674 1.5960889 1.4835746 1.9015604 1.5602550 1.7900357 1.7800515 1.7471640 1.7126253 1.6308135 1.6308135 1.6738873 1.6957917 1.5154048 1.9358850 1.6875443 2.1546938 2.1689715 2.1351082 2.1059108 2.1046609 1.5548790 2.0786443 1.9841217 2.3888773 2.0710933 3.0487314 0.0000010 
Mertsp_Mesp_sb581640                                    2.4257441 1.9478199 0.6749244 0.6941508 0.4234256 0.4234256 0.5140194 0.4077073 0.7918120 0.8506496 0.7571776 0.8369381 0.6696933 0.6955168 0.0000010 0.0000000 0.0000010 0.7334032 0.6862893 0.7897342 1.0745063 0.8985793 0.7872580 1.0182357 0.7374337 0.7914826 0.9320911 1.8942795 1.5730569 2.0643906 1.7759993 2.9451277 1.7375443 1.9014999 2.1425273 2.1102345 1.8392844 1.4658468 1.7511443 2.3743556 1.4656926 1.3648983 1.8825268 2.1936084 1.8590552 1.8516535 2.0509321 1.6920845 1.8228150 1.8046477 2.0149718 1.6963601 2.2215500 1.9160654 1.8458945 2.1589413 2.2528907 2.3828562 2.0462846 2.0661016 2.0330068 2.1447374 2.2509035 1.8296249 1.7762579 1.7696758 1.9931920 1.8442831 2.0312326 1.9187456 1.8261689 1.9926644 1.8293699 1.7534796 1.8045068 1.7105391 1.5492787 1.9510416 1.9164857 2.5380173 2.2660393 2.3172354 2.3770120 2.2528787 1.6052676 2.2263184 1.9470332 2.4449352 2.0907060 2.9023787 2.7902079 
Bolinf_Binf_sb1222097                                   2.5017211 0.0000010 0.5542844 0.5658572 0.4490192 0.4490192 0.4909800 0.4490192 0.6628551 0.0000010 0.6753308 0.0000010 0.6497394 0.6497394 0.0000010 0.0000010 0.0000000 0.7137313 0.7137313 0.6314343 0.0000010 1.7303576 0.6030949 0.0000010 0.7337215 0.7563377 1.1181160 1.6939689 0.0000010 0.0000010 1.5509125 5.4926702 1.7769662 1.7489546 2.5991819 1.2196103 1.5105226 1.4658468 1.5086121 8.9999980 0.8017794 0.8724339 1.4828888 1.7776725 1.8277092 1.7598832 1.8454982 1.7146692 1.6735048 1.6735048 1.9290347 1.7180628 1.7416875 1.9210733 1.8684213 1.2260122 2.3701260 2.5175552 2.1330087 2.1330087 2.0818604 2.6782852 2.1026456 1.6809694 1.6979170 2.0341483 1.9583099 0.0000010 5.7633474 9.0000000 1.6574880 5.5576628 1.6979545 1.5601457 1.5622528 1.5682201 1.4897283 1.3916241 1.9751390 2.8130272 2.3072199 2.6071879 2.5197836 2.0710710 1.5825253 2.2861660 0.8712011 2.4798426 1.8215123 2.2798003 2.7902079 
Bolinf_Binf_sb1234910                                   2.1467784 1.4266303 0.4488229 0.4551484 0.4787594 0.4787594 0.4324651 0.4787594 0.5690164 0.6021513 0.5778292 0.5814869 0.5918752 0.6745637 0.7329884 0.7334032 0.7137313 0.0000000 0.0000010 0.4872426 0.7511868 0.5447818 0.5062166 0.5508626 0.5528882 0.7657303 0.3022111 1.8085076 1.3008726 1.6372179 1.6360352 2.5253854 1.5332069 1.6957879 1.9160083 1.7791967 1.8217529 1.7593481 1.5636173 1.9815983 1.3149201 1.4797963 1.8478260 2.1074443 1.7028303 1.6670939 1.8251381 1.6245172 1.6742590 1.6562996 1.9163900 1.8821169 2.1238589 1.6717831 1.7122748 1.9693508 1.8978557 2.1032629 1.9125913 1.9097944 1.7249186 1.8548866 2.1438277 1.5321749 1.6205725 1.7484314 2.0892013 1.7671933 1.6669536 1.9076611 1.7583615 1.7815195 1.5353289 1.5260114 1.5489186 1.6035869 1.5330346 1.6547254 1.6021306 2.1310130 1.9471140 2.0712487 2.1615685 2.0614034 1.6601022 2.1430085 1.7308252 2.2066459 2.0846606 2.6181466 3.0651116 
Mertsp_Mesp_sb553994                                    2.1667528 0.0000010 0.4253115 0.4155167 0.4308989 0.4308989 0.4324651 0.4308989 0.6016101 0.0000010 0.6608816 0.0000010 0.6245731 0.6245731 0.4299388 0.6862893 0.7137313 0.0000010 0.0000000 0.4148647 0.0000010 0.6968457 0.5372806 0.0000010 0.7256129 0.6384890 0.3961051 1.9202876 0.0000010 0.0000010 1.6187365 8.9999986 1.6335045 1.6238850 2.1228853 1.2597214 1.7368966 1.7593481 1.6207174 7.5958243 1.0729218 0.9299677 1.6013513 1.9505787 1.9153624 1.8826120 1.9454639 1.8341463 1.8995613 1.8995613 2.2382718 2.0046633 1.9608607 1.6500945 1.9798237 1.5920439 2.1278992 2.4452164 1.9891740 1.9891740 1.7801007 2.1040618 2.2927064 1.7701164 1.7202324 2.1847786 2.1397253 0.0000010 3.9869210 9.0000000 2.0531099 8.8170369 1.4988948 1.4931560 1.5506548 1.5902066 1.5153835 1.4961264 2.0312114 2.6332400 2.4242088 2.4623528 2.6829773 2.1214018 1.8125222 2.3669392 2.2682543 3.1292752 1.9480753 2.4089126 3.0651116 
Beraby_Baby_sb349975                                    2.1547405 1.8776366 0.5160121 0.5321303 0.5731307 0.5481473 0.4064567 0.4977206 0.6006243 0.7393027 0.6352153 0.7575729 0.5210299 0.5560655 0.8089870 0.7897342 0.6314343 0.4872426 0.4148647 0.0000000 0.0075011 0.0000010 0.6091160 0.8225166 0.6478561 0.7308553 0.5767055 2.0214556 1.7135219 2.1727310 1.8595020 3.2724471 1.7505547 2.0373042 2.1165452 2.2509884 1.7304174 1.2309209 1.6508882 2.2688516 1.6427803 1.6530504 1.8279405 2.1697325 1.9024885 1.8996001 2.0019443 1.6947900 1.8445227 1.8265616 1.9147648 1.7845769 2.4461539 1.7984467 1.8807005 2.2422580 2.2095535 2.3535077 2.1483039 2.1184797 2.0390240 2.2044126 2.1883941 1.7385579 1.8825252 1.8947193 1.9850796 2.1768990 2.0249826 1.8755221 1.8415601 1.7950006 1.6416624 1.6062125 1.6613966 1.5762206 1.4998771 1.7579287 1.7870389 2.3235257 2.3023571 2.3227624 2.3994760 2.1237611 1.5442700 2.2328857 1.7407719 2.2313882 2.0858703 2.7433341 3.0862136 
Beraby_Baby_sb349977                                    0.0000010 1.9714157 0.9727003 0.9912858 0.9328388 0.8274143 0.0000010 0.6573166 0.8928899 1.2365956 0.8592814 0.9416622 0.0000010 0.0000010 0.9440712 1.0745063 0.0000010 0.7511868 0.0000010 0.0075011 0.0000000 0.0075011 1.0499005 1.0499005 1.1703317 0.0000010 1.0873667 2.3401698 1.6570731 1.9458991 2.1768912 2.6499541 2.3261873 2.3716924 1.3374284 2.4526135 3.2119565 0.0000010 1.7483143 1.8091520 2.2877878 2.2450764 2.2448373 2.1961850 2.4060183 2.3115643 2.9641899 2.0418532 2.3502667 2.3502667 2.3054552 2.2787689 8.0338640 2.1252535 2.0591991 2.5991894 2.3830653 3.0264795 2.6476957 2.5389851 2.2672443 2.4436707 2.6170191 2.0295877 2.4924699 2.0124390 1.5490875 2.2661303 2.2069392 2.6850830 2.2364832 1.8228410 1.9681978 1.9681978 2.1035499 2.1173411 1.6259362 2.2375684 2.2485571 2.9147162 2.9628292 3.2228236 2.7977594 2.7282944 2.1134650 1.9982738 4.8409908 0.0000010 2.3928369 2.1233198 0.0000010 
Beraby_Baby_sb349976                                    1.0849875 1.8776366 0.6236047 0.6397330 0.6768400 0.6331912 0.0000010 0.5515068 0.6979902 0.7393027 0.7154604 0.7575729 0.6204702 1.0465084 0.8284610 0.8985793 1.7303576 0.5447818 0.6968457 0.0000010 0.0075011 0.0000000 0.6950070 0.8225166 0.7140536 1.1250094 0.3770650 2.2118657 1.7135219 2.1727310 2.1336058 3.1858673 1.9157549 2.3207491 2.1455105 2.6048821 2.3329421 1.1889926 1.7776877 1.8527865 1.9141122 5.5062741 2.1470291 2.4611538 2.0950008 2.0712532 2.2746310 1.8514531 2.0367394 2.0067742 2.0443795 1.8982690 3.6737992 1.9688942 1.9108659 2.3139678 2.3433842 2.4216235 2.3611292 2.3083703 2.1437851 2.2399293 2.3508247 1.8851964 2.0628903 1.8812990 2.1319447 2.1768990 1.9574106 1.7830550 1.9890376 1.6372943 1.7452939 1.7088044 1.7342994 1.6785266 1.5497555 1.9133869 1.8685273 2.3482180 2.2815187 2.3889873 2.4012154 2.3182418 1.5874398 2.2695145 1.7471372 2.3571793 2.2830685 2.8084385 4.2040861 
Drygla_Dgla_sb298618                                    2.2101174 2.1672729 0.5423882 0.5347294 0.6040125 0.5982392 0.4602484 0.5199532 0.5739507 0.6335374 0.6307673 0.7438460 0.5330071 0.5886306 0.8109791 0.7872580 0.6030949 0.5062166 0.5372806 0.6091160 1.0499005 0.6950070 0.0000000 0.0146787 0.7480441 0.7192256 0.5921400 1.9152510 1.5665662 2.0094094 1.8237252 3.0574447 1.7833502 1.8908985 1.9889135 2.1608462 1.7147248 1.5030406 1.7282670 2.2801359 1.4994537 1.5792823 1.9958014 2.2609115 1.8689337 1.8075528 2.0207724 1.6698921 1.7560939 1.7387560 2.0375721 1.7925074 2.4216594 1.8203348 1.9564038 2.4002145 2.2148802 2.3716051 2.2192976 2.1981410 2.0794842 2.2677787 2.3294805 1.7274237 1.9679087 2.0125157 2.1319853 2.3438497 2.0013340 2.2117894 1.8563612 1.9041231 1.8369571 1.7558572 1.7962213 1.6979385 1.5651752 1.5957514 1.8339092 2.4824929 2.2966953 2.2798229 2.3755797 2.1845381 1.7216109 2.2534117 1.7220533 2.0999804 2.2790842 2.5972682 2.5840005 
Drygla_Dgla_sb298619                                    1.3967613 2.1672729 0.7069009 0.6626104 0.7946097 0.7784300 0.0000010 0.5992921 0.6468868 0.5287593 0.6546901 0.7269696 0.0000010 0.0000010 0.8984338 1.0182357 0.0000010 0.5508626 0.0000010 0.8225166 1.0499005 0.8225166 0.0146787 0.0000000 0.8306584 7.2398389 0.4502151 2.1577725 1.5665662 1.9644558 2.1286980 2.6264286 2.0709263 2.1881215 2.0005987 2.1646106 2.4152981 0.0000010 1.8872140 1.9621613 1.7617080 3.4543161 2.1947230 2.2289747 2.1213142 1.9813698 2.5085911 1.8073226 1.9786653 1.9786653 2.3462206 1.7082214 3.1765548 2.1875379 2.0317674 2.2072759 2.2995317 2.3705860 2.4283004 2.3775146 2.2175256 2.3304662 2.5453554 1.8747845 2.2950803 1.8739241 2.5229750 2.3438497 2.1517258 2.1155879 1.9985493 1.8160003 1.9958465 1.9958465 1.9651653 1.8978719 1.6360252 1.8568338 1.8061019 2.8414717 2.6578007 2.5913474 3.0516465 2.3890663 1.9757284 2.3015205 2.2849987 5.9039158 2.7912901 2.4976218 0.0000010 
Lampan_Lpan_1915_01                                     2.3409924 1.7479265 0.5451041 0.5443784 0.5048312 0.5039475 0.5097729 0.4351714 0.5153267 0.4724637 0.5449082 0.5741615 0.5379618 0.6241182 0.6100853 0.7374337 0.7337215 0.5528882 0.7256129 0.6478561 1.1703317 0.7140536 0.7480441 0.8306584 0.0000000 0.7338746 0.6459546 1.9116997 1.4032229 2.0438609 1.8814382 2.7729114 1.6049477 1.8898221 1.9446325 2.1958612 1.9676255 1.8921775 1.7535286 2.1880711 1.5720169 1.7912376 1.9602767 2.2312711 1.8410650 1.7878611 1.9565969 1.5916011 1.7849259 1.7669679 1.9566440 1.8512603 2.3649097 1.8644709 1.7285638 2.0493289 2.0112222 2.1970680 1.9499215 2.0530574 1.9684234 1.9854418 2.0423090 1.6984213 1.9534043 1.8316194 2.0775776 1.7857305 1.8537161 2.0870795 1.8596295 1.8604278 1.7358024 1.7569333 1.7495457 1.4750724 1.3963391 1.6450541 1.6349773 2.2371285 2.2087513 2.1177850 2.4502247 2.1077926 1.7865132 2.2789019 1.9237545 2.2045477 2.3814927 2.8047561 3.2920449 
Eupdun_Edun_sb10642592                                  1.8338279 0.0000010 0.6556748 0.6562877 0.5819143 0.5819143 0.6195011 0.5819143 0.6541277 2.3319154 0.7023267 1.6161411 0.5805921 0.6268035 0.7800883 0.7914826 0.7563377 0.7657303 0.6384890 0.7308553 0.0000010 1.1250094 0.7192256 7.2398389 0.7338746 0.0000000 0.9486941 1.9438016 0.0000010 2.8192897 1.6922495 8.9999984 1.4100740 1.6295486 1.8916514 2.1327650 1.6923990 1.5225914 1.5333034 3.2416430 1.2952793 1.0131297 1.6274704 2.0937199 1.6361646 1.5957196 1.6716079 1.5853725 1.4649312 1.4758206 1.9045192 1.7996452 2.0600900 1.5953234 1.7946625 3.7417350 2.2308283 2.2187175 1.9840360 1.9840360 1.8866780 1.8574553 2.1500297 1.7139912 1.6418874 1.8179608 1.7169371 0.0000010 2.0734282 9.0000000 1.9129478 2.2256347 1.7221745 1.6118267 1.5742289 1.5224700 1.4753710 1.5054077 1.7102357 1.9504655 2.1999368 2.2213814 2.2144259 1.8529008 1.5400776 2.2049879 1.9491506 1.7211252 2.1422001 2.9739466 1.9684161 
Mlei_ML0592.g8.i1                                       2.7836835 0.0000010 0.6027686 0.5787706 0.6500002 0.6500002 0.8293222 0.6500002 0.7349662 0.8322778 0.7384867 0.7145065 0.7494323 0.8782713 0.7406468 0.9320911 1.1181160 0.3022111 0.3961051 0.5767055 1.0873667 0.3770650 0.5921400 0.4502151 0.6459546 0.9486941 0.0000000 1.9153118 1.2104208 2.3012118 2.1024751 5.9407221 1.4558119 2.0304210 1.9819347 2.5646642 2.1687006 2.7527420 1.7973425 2.4825870 1.6345392 2.6351251 2.0559805 2.6253989 1.9665521 1.9541576 1.9723371 1.9399341 1.9812690 1.9511874 2.3642114 2.3137442 2.4828883 1.9618720 2.0400735 2.1348812 2.5316216 2.4592863 2.2773641 2.2666633 2.0389894 2.0580484 2.5549621 1.9439298 2.0048003 2.2488652 2.4723774 1.1448824 1.8438967 1.9961841 1.9911834 2.0143079 1.5390213 1.6946016 1.7451603 1.6791907 1.5954658 1.5793033 1.9614325 2.4428525 2.3343376 2.5075499 2.4286767 2.3417303 1.8328558 2.5027484 1.7544743 2.4270964 2.3462531 4.4582853 4.1083351 
Spis_XP_022802527_1                                     3.0262816 1.6558191 1.7920778 1.8280554 1.7740201 1.7740201 1.4677600 1.5900742 1.7521538 1.8914078 1.6471351 1.8461718 1.4348404 1.5063267 1.8176729 1.8942795 1.6939689 1.8085076 1.9202876 2.0214556 2.3401698 2.2118657 1.9152510 2.1577725 1.9116997 1.9438016 1.9153118 0.0000000 0.0814419 0.1850572 0.2767347 0.6171245 0.3804525 0.4536253 0.4593059 0.5645221 0.1053247 0.3299298 0.7502395 0.9904669 0.7339436 0.3727597 1.1570252 1.6024944 1.3393228 1.2794616 1.5868675 1.3239574 1.3080745 1.3140194 1.2438330 1.0017571 1.3485463 1.1965783 1.1981006 1.3964135 1.5006339 1.5143521 1.3686150 1.3512621 1.3733793 1.4046036 1.3994161 1.2526526 1.2161173 1.2077665 1.6591128 1.5607013 1.6260172 1.5456570 1.5090590 1.3167878 1.2009462 1.1641996 1.1888455 1.1291523 1.0885171 1.2283585 1.4324491 1.6620622 1.5605827 1.8467825 1.5335975 1.7877153 1.1406362 1.4825324 1.6947685 1.8648253 1.9112467 1.3550347 1.1855320 
Pocdam_XM_027189350.1                                   3.3051175 1.2335455 1.4049506 1.4309468 1.3250387 1.3250387 0.0000010 1.3250387 1.4375587 1.9531241 1.3734719 1.3734719 0.0000010 0.0000010 1.5730569 1.5730569 0.0000010 1.3008726 0.0000010 1.7135219 1.6570731 1.7135219 1.5665662 1.5665662 1.4032229 0.0000010 1.2104208 0.0814419 0.0000000 0.0582413 0.2843182 0.1986995 0.3413116 0.3598581 1.8689445 0.3469412 1.0396314 0.0000010 0.5696491 0.5696491 0.6449291 1.5637083 0.8857351 1.1511832 0.9315946 0.9109368 0.9186919 0.8991642 0.9240715 0.9240715 0.7856565 0.8021693 8.9999990 0.8622470 1.0560473 1.0003407 0.9714885 1.0432606 0.8126410 0.8126410 0.9481473 0.9507566 1.0751709 0.9212181 1.1814065 1.0961128 5.2469900 1.3184427 1.2232765 2.2795192 1.4740406 0.8678921 0.8678921 0.8678921 0.8673340 1.0598213 0.9396298 0.9774003 1.0988964 1.3015325 1.2087170 1.4250983 1.2640471 1.6327134 1.1087824 0.9418544 9.0000000 8.9999990 1.5637039 0.5739885 0.0000010 
Pocdam_XM_027189349.1                                   1.2288098 1.5070132 2.0652590 1.9976961 1.8536677 1.8536677 0.0000010 1.6618941 1.8197224 1.9945927 1.8984140 1.9511041 1.4716338 0.0000010 1.9947145 2.0643906 0.0000010 1.6372179 0.0000010 2.1727310 1.9458991 2.1727310 2.0094094 1.9644558 2.0438609 2.8192897 2.3012118 0.1850572 0.0582413 0.0000000 0.2433363 0.6456076 0.3814367 0.4515928 0.3621102 0.5495323 0.1340559 0.0000010 0.7554190 0.7551910 0.8196351 0.3002677 1.2137678 1.5827969 1.3874917 1.2785058 1.2873239 1.3174246 1.3204965 1.3315382 1.2926848 0.8423463 1.8718149 1.2060015 1.2818190 1.3713269 1.5021064 1.7134126 1.4581584 1.4900890 1.2859432 1.3597398 1.6891684 1.4072355 1.2059013 1.0759777 2.2355881 1.7463753 1.9310804 1.4724238 1.7758834 1.1783055 1.2519607 1.2519607 1.2526769 1.1250437 1.0312977 1.2346154 1.2892073 1.5557400 1.6275197 1.8222995 1.5529852 1.9056032 1.2993206 1.4144685 2.0225905 2.1696343 2.2000227 1.0845316 0.0000010 
Fspp_ffun1.m4.24026.m1                                  2.4057670 1.4087593 1.6803329 1.6829488 1.6547921 1.6547921 1.3345468 1.5550982 1.7442099 1.8978373 1.6057122 1.8337467 1.3936778 1.4500229 1.7729883 1.7759993 1.5509125 1.6360352 1.6187365 1.8595020 2.1768912 2.1336058 1.8237252 2.1286980 1.8814382 1.6922495 2.1024751 0.2767347 0.2843182 0.2433363 0.0000000 0.5443686 0.2403893 0.3635028 0.3373423 0.5514891 0.2990488 0.4399387 0.6655872 0.9995522 0.6407554 0.1796894 1.0678678 1.3767214 1.2477571 1.2098774 1.4202457 1.2021305 1.2381139 1.2426524 1.1943874 0.9361252 1.2011035 1.1017032 1.1722361 1.4280204 1.3642358 1.4444249 1.2422100 1.2504764 1.2936046 1.3605654 1.2893030 1.2519766 1.0180232 1.0686125 1.2279123 1.6497715 1.7451254 1.3570035 1.4106851 1.4151597 1.2398567 1.1586291 1.1690862 1.0525256 1.0535481 1.2504137 1.2188719 1.5857950 1.4141645 1.6920546 1.4602000 1.6678066 1.1909262 1.4938138 1.5775549 1.6666454 1.6875250 1.3277311 1.1652478 
Gasp_gasp1.m3.18054.m1                                  5.6813881 1.5652926 2.8856464 2.8083933 2.9196727 2.8920940 5.3645361 2.6816700 2.5261407 3.4535841 2.4494157 2.3422324 5.6890135 6.3742336 2.7596730 2.9451277 5.4926702 2.5253854 8.9999986 3.2724471 2.6499541 3.1858673 3.0574447 2.6264286 2.7729114 8.9999984 5.9407221 0.6171245 0.1986995 0.6456076 0.5443686 0.0000000 0.4068038 0.8372091 1.5837569 0.7006179 1.7282796 0.0000010 1.1110220 1.1649185 1.2277414 8.9999985 1.8389434 2.1507588 1.8631750 1.7472095 2.3341654 1.7757928 1.8743715 1.8895735 1.8337401 1.6555376 2.3912954 1.6419580 2.0006317 1.8310395 1.9428464 2.0771853 1.7930005 1.7497157 1.7251706 1.8371870 2.0387781 1.6662651 1.7483590 1.6574757 6.0091339 1.9425621 2.6909892 1.4460964 2.3690552 1.8216710 2.0673794 2.0673794 2.0088375 2.4431518 1.7720051 2.0366446 2.0748021 2.3855528 2.4844859 2.6746835 2.3524885 2.4476170 2.3236757 1.9553175 6.0917579 7.1503845 2.8528217 1.3935219 0.0000010 
Gfas_gfas1.m1.11721.m1                                  2.3475922 1.7275713 1.6617295 1.6417906 1.7290560 1.7066260 1.4954776 1.5110124 1.6068669 1.6872340 1.6317101 1.8032531 1.4803377 1.5770050 1.5419135 1.7375443 1.7769662 1.5332069 1.6335045 1.7505547 2.3261873 1.9157549 1.7833502 2.0709263 1.6049477 1.4100740 1.4558119 0.3804525 0.3413116 0.3814367 0.2403893 0.4068038 0.0000000 0.2733737 0.2167876 0.3703784 0.2901092 0.2878154 0.6305743 1.0306179 0.6430346 0.1513221 1.0306940 1.3466745 1.0428761 1.0266027 1.1760248 0.9560134 1.0435796 1.0435796 0.9221471 0.8736381 1.0773897 1.0127448 1.0751104 1.2958605 1.2358756 1.1603291 1.1201925 1.1017192 1.0511122 1.1988869 1.0351248 1.1685650 1.0062743 1.0063427 1.1069646 1.7935235 1.5508459 1.4156695 1.3082438 1.2933575 1.1760909 1.0580133 1.1401505 0.9408149 0.9617221 1.1333201 1.2332103 1.4425781 1.3757833 1.4729580 1.3107044 1.4356936 0.9460466 1.2296163 1.4653370 1.2198487 1.4835873 1.2235976 1.9246847 
Adig_XM_015913377.1                                     2.5689861 1.5213443 1.8594552 1.8701939 1.6694436 1.6694436 1.4171847 1.5751311 1.7113276 2.0379945 1.7867232 2.0312681 1.6042194 1.6980167 1.8240423 1.9014999 1.7489546 1.6957879 1.6238850 2.0373042 2.3716924 2.3207491 1.8908985 2.1881215 1.8898221 1.6295486 2.0304210 0.4536253 0.3598581 0.4515928 0.3635028 0.8372091 0.2733737 0.0000000 0.0388220 0.1308499 0.3783158 0.4002649 0.7314922 1.0891617 0.6821744 0.3735384 1.1034475 1.4365783 1.2004235 1.1844556 1.3117989 1.1754838 1.1729506 1.1770699 0.9996228 0.9465954 1.2468412 1.1912750 1.1696548 1.4016050 1.4534643 1.4714815 1.2443912 1.2523751 1.3284105 1.4268103 1.2595517 1.2982633 1.1891654 1.1758476 1.2715539 1.8116107 1.7251213 1.7019370 1.5393236 1.4730666 1.3327124 1.3014026 1.3118481 1.0761396 1.0330304 1.3299575 1.3442334 1.5767628 1.5468305 1.6584970 1.5652910 1.5719879 1.2323708 1.3498926 1.6179919 1.6280410 1.6798734 1.5031889 0.9048650 
Amil_Amillepora26037-RA                                 3.2965345 0.0000010 2.0032765 1.9986697 1.8338562 1.8338562 2.3050872 1.8338562 1.8805760 2.0212908 1.9972040 2.1825418 1.9677145 2.2805184 1.8615992 2.1425273 2.5991819 1.9160083 2.1228853 2.1165452 1.3374284 2.1455105 1.9889135 2.0005987 1.9446325 1.8916514 1.9819347 0.4593059 1.8689445 0.3621102 0.3373423 1.5837569 0.2167876 0.0388220 0.0000000 0.4734748 0.4505438 1.0872440 0.8636341 1.4807531 0.7688824 0.9696211 1.2002334 1.7169857 1.2358370 1.2122503 1.1654727 1.2375987 1.2302849 1.2388093 1.1122918 1.0197561 0.9074290 1.2125615 1.0317780 1.7437355 1.7567371 1.7333695 1.4969732 1.5176614 1.5989815 1.5539028 1.2946261 1.4262668 1.1365988 1.2203603 1.4602289 0.9521137 1.7323415 1.4818175 1.6275975 1.5401429 1.2185080 1.2087360 1.1936432 1.1889941 1.1653690 1.2187980 1.3045294 1.7656593 1.8263306 1.9623889 1.7269435 1.7770574 1.3366591 1.4925227 1.6208894 1.6123532 1.7806218 3.3630370 1.5562385 
Adig_XM_015892361.1                                     2.2399891 1.5614350 2.1332479 2.1063958 1.8824755 1.8824755 1.0309741 1.7177801 1.8677943 2.2495858 1.8357460 2.1066855 1.6603025 1.2192369 2.2237970 2.1102345 1.2196103 1.7791967 1.2597214 2.2509884 2.4526135 2.6048821 2.1608462 2.1646106 2.1958612 2.1327650 2.5646642 0.5645221 0.3469412 0.5495323 0.5514891 0.7006179 0.3703784 0.1308499 0.4734748 0.0000000 0.6702027 0.3479187 0.8383506 0.9765226 0.8189554 0.3859662 1.2707726 1.5457846 1.4447392 1.3762009 1.7042676 1.4503013 1.4033789 1.4111507 1.3292946 1.4553301 1.6017665 1.4521493 1.4478328 1.4494231 1.5857079 1.5791471 1.3951268 1.4088449 1.4655585 1.6061948 1.6027236 1.4001426 1.5209637 1.4232963 2.0670575 1.7259163 1.9729554 1.5713200 1.7428527 1.4893579 1.5477373 1.5346853 1.5711281 1.2620121 1.1046804 1.7080871 1.5356792 1.7133226 1.7513234 1.8434768 1.6543939 1.6656782 1.6346365 1.5386644 2.5193430 4.7509660 1.8867162 1.2388739 0.9236129 
Pocdam_XM_027189351.1                                   2.7438919 0.0000010 1.7461947 1.7410007 1.5288037 1.5288037 1.2778485 1.5288037 1.6935844 2.1439200 1.6434719 2.3525489 1.4621295 1.5139650 2.2723368 1.8392844 1.5105226 1.8217529 1.7368966 1.7304174 3.2119565 2.3329421 1.7147248 2.4152981 1.9676255 1.6923990 2.1687006 0.1053247 1.0396314 0.1340559 0.2990488 1.7282796 0.2901092 0.3783158 0.4505438 0.6702027 0.0000000 0.1010579 0.7980254 1.5171324 0.6479683 0.2168128 1.1688094 1.5112931 1.5499048 1.5100198 1.4782239 1.5261564 1.5170008 1.5268910 1.4356670 1.0622133 1.0687575 1.3864702 1.2447345 1.9497324 1.5279166 1.7961468 1.4624510 1.4550045 1.6033234 1.7451397 1.3502453 1.5038294 1.0835142 1.2739332 1.4019118 0.0000010 1.8467782 1.3952552 1.4660359 1.8082362 1.3466111 1.2614963 1.3003334 1.2089519 1.2236191 1.3379953 1.3564058 1.6441232 1.6261113 1.8114090 1.7176128 1.6451106 1.2274189 1.7176011 1.6838005 1.7536854 1.9230294 3.4295683 1.1027367 
Spis_XP_022802528_1                                     2.4299202 0.0000010 1.2913935 1.2913935 1.3367462 1.3367462 1.3367462 1.3367462 1.5070787 0.0000010 1.5860185 0.0000010 1.4519866 1.4519866 0.0000010 1.4658468 1.4658468 1.7593481 1.7593481 1.2309209 0.0000010 1.1889926 1.5030406 0.0000010 1.8921775 1.5225914 2.7527420 0.3299298 0.0000010 0.0000010 0.4399387 0.0000010 0.2878154 0.4002649 1.0872440 0.3479187 0.1010579 0.0000000 0.7402847 3.4570751 0.4047981 0.1630678 1.1018967 1.1978613 1.3712421 1.3172212 1.3446943 1.3581245 1.3114579 1.3114579 1.0919095 1.1080225 1.1307410 1.4732182 1.4184875 1.7474653 1.4203742 1.8937698 1.1978712 1.1978712 1.4493497 2.8278220 1.2993031 1.2371191 1.2802297 1.3236951 1.3032794 0.0000010 0.0000010 0.0000010 1.4648400 9.0000000 4.1241782 1.4430054 1.4628327 1.3636880 1.3336955 9.0000000 1.3822766 1.8138201 1.5111637 1.8636556 2.0300340 1.5877364 1.2193893 1.7852819 0.0000010 0.0000010 1.6321810 2.1069197 1.4086675 
Nvec_v1g84126                                           2.3115266 1.6317573 1.6993128 1.6600060 1.6193562 1.6193562 1.3886570 1.4946951 1.6806717 1.7655460 1.5719272 1.7147265 1.3855221 1.5237177 1.7460922 1.7511443 1.5086121 1.5636173 1.6207174 1.6508882 1.7483143 1.7776877 1.7282670 1.8872140 1.7535286 1.5333034 1.7973425 0.7502395 0.5696491 0.7554190 0.6655872 1.1110220 0.6305743 0.7314922 0.8636341 0.8383506 0.7980254 0.7402847 0.0000000 0.1555842 0.4183614 0.6390150 1.1130902 1.5222230 1.4273274 1.3293922 1.4877217 1.2840258 1.3201665 1.3250134 1.1132768 0.9145461 1.2364591 1.2415538 1.2193609 1.5677030 1.4146835 1.5758152 1.2137742 1.2592398 1.3479217 1.4174809 1.3015130 1.3171024 1.0358568 1.0599130 1.1123079 1.8758223 1.6250908 1.8285236 1.4532302 1.4253814 1.2705845 1.2440446 1.2228759 1.0744329 1.0118333 1.2380250 1.2989309 1.7715508 1.6650763 1.9822691 1.7204425 1.5616132 1.0359349 1.3637760 1.6385841 1.3864036 1.6280546 1.5701129 1.5856588 
Nvec_v1g990                                             4.9183892 1.6358803 2.4912140 2.3524056 2.2600717 2.2581927 7.3597234 2.0310362 2.2182273 1.7655460 2.0791185 1.7218092 2.9818983 6.1455070 1.8292088 2.3743556 8.9999980 1.9815983 7.5958243 2.2688516 1.8091520 1.8527865 2.2801359 1.9621613 2.1880711 3.2416430 2.4825870 0.9904669 0.5696491 0.7551910 0.9995522 1.1649185 1.0306179 1.0891617 1.4807531 0.9765226 1.5171324 3.4570751 0.1555842 0.0000000 0.5503166 1.9748060 1.6895779 2.0675332 1.9306276 1.7568592 2.0973233 1.7253755 1.8126741 1.8236505 1.7910724 1.9009263 2.7459770 1.6369102 1.6852708 1.6396560 1.9085996 2.0522589 1.6996192 1.7994319 1.8000707 1.8413408 1.9029965 1.6672719 1.6193604 1.5479310 2.4813019 1.9886329 1.8843505 2.0033125 2.0819421 1.4299064 1.5814027 1.6526163 1.6089931 1.6721533 1.4042039 1.4242031 1.5842625 2.1745462 2.1662958 2.3019111 1.9910910 2.0400128 1.5745270 1.7274578 1.8411553 1.4732067 2.1529166 1.6294021 2.2939181 
Exapal_XM_021036155.2                                   1.7250644 1.5923389 1.4052791 1.4042196 1.3606141 1.3606141 0.7666388 1.2374484 1.3619228 1.4431577 1.3521450 1.6165111 1.0285736 1.1113514 1.5722526 1.4656926 0.8017794 1.3149201 1.0729218 1.6427803 2.2877878 1.9141122 1.4994537 1.7617080 1.5720169 1.2952793 1.6345392 0.7339436 0.6449291 0.8196351 0.6407554 1.2277414 0.6430346 0.6821744 0.7688824 0.8189554 0.6479683 0.4047981 0.4183614 0.5503166 0.0000000 0.5781587 1.0046944 1.4320749 1.2315951 1.1507087 1.3770113 1.1650952 1.1840530 1.1891519 1.1265594 0.8518887 1.2238720 1.2266998 1.2253461 1.3932405 1.3547129 1.4632234 1.2416873 1.2784713 1.3122253 1.4225131 1.2991511 1.3486757 1.0180677 1.0574977 1.2035509 1.6981112 1.5927051 1.5747550 1.2578284 1.2974584 1.2425804 1.1971205 1.1564672 0.8329593 0.8384526 1.2225298 1.1769288 1.5848541 1.5015857 1.6847168 1.5656496 1.4720223 0.8841072 1.3844859 1.4601683 1.4871438 1.4912911 1.6789987 1.2674495 
