97
Tetwil_g24332.t2                                        0.0000000 7.4152483 0.5367042 0.5120780 0.6472065 1.3574229 0.0000010 0.0000010 1.2961490 0.9022094 1.2499585 3.9255632 0.8790106 1.7741587 2.1643110 1.6102239 1.4530194 2.0047713 2.0222958 2.0548062 3.3596357 1.8650854 1.9434303 2.3490728 0.9050307 1.0733071 0.0000010 1.8678909 1.0947997 1.8983974 1.9748269 0.8994207 1.5964055 1.6968947 1.6875577 1.6781879 1.6814974 1.6801534 0.0000010 1.6931257 1.6090640 1.9237355 1.5967428 2.0429145 1.6048371 1.9298836 2.1638862 0.0000010 1.0527035 0.0000010 1.8923429 1.8565301 1.2642062 1.0421191 1.5502032 0.0000010 1.8869999 0.0000010 0.0000010 0.0000010 2.0579457 0.0000010 0.0000010 0.0000010 0.0000010 1.9614916 0.3824456 1.1669224 1.8310591 0.3824456 1.9614916 1.8310591 0.3824456 1.1669224 1.8864014 1.1825286 1.7407648 0.0000010 0.9064004 0.0000010 1.1645017 1.1746409 1.3702217 1.2350249 1.8240423 2.2000790 1.2515361 0.7739632 2.3975898 2.4698044 2.3935325 2.3694607 2.2189347 2.4570809 1.8986681 1.5234942 2.3377965 
Tetwil_g24342.t2                                        7.4152483 0.0000000 0.4826023 0.6076565 0.6616624 0.6191642 0.8508605 1.1579206 0.7320907 0.7520482 0.6890717 1.5360777 0.7932707 2.2190788 0.9776230 0.9563956 0.9665304 0.9543816 0.9840568 0.9631606 0.0000010 1.2215526 0.9157529 0.9372107 0.8869910 1.2604502 2.1434016 1.1784617 1.3172376 1.0507947 1.2328915 1.1127181 1.1009727 1.1106759 1.1176942 1.1176942 1.0725965 1.2976600 0.2583840 1.0960650 1.0002123 1.2582902 1.0442826 1.1696778 1.1049827 1.0314394 0.9964851 1.0206589 3.1413646 1.4640704 1.2528460 1.2528460 1.3581841 1.2256429 1.3686435 0.9114039 1.2742302 0.8995857 0.6030016 0.6456242 1.3212598 0.6030016 1.3001625 1.9836879 1.2446931 1.3887085 1.1750179 1.3617146 1.3887085 0.8269380 1.3334871 1.3334871 0.7938860 1.3239349 1.0402696 0.9644144 1.7942586 0.0000010 0.9758251 1.2250565 1.2294923 1.4117405 1.5726982 1.4592686 1.4261878 1.6304189 1.6181635 1.1650444 1.3212694 1.3120753 1.3090777 1.3142912 1.3330490 1.3513439 1.3455902 1.5334189 1.8615198 
Spolac_c104182_g1_i2_m.38662c104182-g1                  0.5367042 0.4826023 0.0000000 0.0087204 0.0087204 0.0833104 0.0000010 0.0000010 0.9093093 0.7058460 0.7785694 0.9894682 0.7294801 0.7233958 1.3822321 1.3773637 1.3537313 1.3381646 1.3654537 1.3488782 9.0000000 1.3083785 1.3176724 1.4721364 1.1960665 1.1454096 0.0000010 1.1810380 1.1344921 1.1387703 1.3862099 1.4044121 1.1176093 1.1908827 1.2008125 1.2008125 1.1777996 1.2171304 0.0000010 1.1660319 1.2406797 1.3270301 1.1002313 1.1440062 1.1382688 1.0815006 1.0981308 9.0000000 1.0692943 0.0000010 1.2962106 1.2962106 1.4920743 1.5264009 1.4320598 0.0000010 1.4810853 0.0000010 0.0000010 0.0000010 1.3151686 0.0000010 0.0000010 0.0000010 4.1845733 1.4057569 0.0000010 1.4057569 1.4057569 0.0000010 1.4057569 1.4057569 0.0000010 1.4057569 1.0102457 1.0218371 2.1821415 0.0000010 1.0143776 0.0000010 0.9904293 1.4504651 1.4225389 1.2865829 1.5065371 1.6184008 1.5902531 1.1791414 1.5500251 1.5370731 1.6048761 1.6048761 1.5308041 1.4845368 1.4737664 3.6203902 1.4267066 
Spolac_c104182_g1_i1_m.38661c104182-g1                  0.5120780 0.6076565 0.0087204 0.0000000 0.0073591 0.0516959 0.2534656 0.5053322 0.7074183 0.6357736 0.6820625 0.5134450 0.7918478 0.8582271 1.1931677 1.1310260 1.0970588 1.0847827 1.1205095 1.1001342 1.3472101 1.1593605 1.1031776 1.3031793 1.3024014 1.3340192 0.9308610 1.1736862 1.1117290 1.0908990 1.1498948 1.1594174 1.1415366 1.1802011 1.0997980 1.0997980 1.0765323 1.1130078 1.3561566 1.0844549 1.1825186 1.2688318 1.0884565 1.1231297 1.0948915 1.1239633 1.1701110 1.0504381 1.1372548 1.5023350 1.3602614 1.3608876 1.2440976 1.2328008 1.2973548 1.3968211 1.3197019 1.7103721 1.4633763 1.4140542 1.3696609 1.4354958 1.4408777 1.3492975 1.2455275 1.2924283 1.3844047 1.2780051 1.2924283 1.4646590 1.3554649 1.3554649 1.1450976 1.2075949 1.1577143 1.0108365 1.3506523 1.9852047 1.2093460 1.0794997 1.1185698 1.2796642 1.3097731 1.2777750 1.3336840 1.4234472 1.3874135 1.1184302 1.4254159 1.4158463 1.4618264 1.4631269 1.4155510 1.4396539 1.4333437 1.6805704 1.6189230 
Spolac_c104182_g1_i3_m.38663c104182-g1                  0.6472065 0.6616624 0.0087204 0.0073591 0.0000000 0.0648565 0.2534656 0.5053322 0.7767822 0.6829566 0.7197986 0.5134450 0.8149731 1.0804307 1.2326177 1.1579996 1.1256355 1.1190334 1.1128403 1.1220991 1.3472101 1.1934280 1.1007651 1.3064828 1.3024014 1.2903953 0.9308610 1.2344846 1.1102451 1.1205494 1.1967328 1.1594174 1.1649622 1.1812325 1.1078190 1.1078190 1.0837742 1.1726302 1.3561566 1.1580734 1.2441008 1.2793954 1.1351091 1.1649585 1.1396824 1.1430485 1.1956273 1.0504381 1.1008105 1.5023350 1.4281868 1.4255728 1.2665209 1.2328008 1.3432803 1.3968211 1.3882927 1.7103721 1.4633763 1.4140542 1.4216266 1.4354958 1.4408777 1.3492975 1.2455275 1.4133182 1.3560547 1.3016928 1.4133182 1.4520755 1.4405308 1.4405308 1.1301158 1.2317024 1.1957378 1.1089008 1.3506523 1.9852047 1.2251810 1.0794997 1.1173511 1.3196350 1.3311662 1.3163957 1.4099393 1.5285810 1.4194986 1.1184302 1.5412754 1.5261422 1.5794170 1.5786484 1.5292811 1.5740605 1.5159355 1.6989384 1.6354390 
Emue_Em0021g26a.t1                                      1.3574229 0.6191642 0.0833104 0.0516959 0.0648565 0.0000000 0.2548261 0.5227070 0.9755631 0.7487969 0.9452942 0.5027176 0.8571433 1.9439667 1.5623020 1.4824965 1.2431263 1.4107678 1.4491685 1.4532844 1.3291460 1.4757022 1.4033172 1.6663458 1.2297265 1.2754969 0.8776628 1.4877339 1.1081540 1.4058470 1.4481654 1.1543661 1.4530542 1.4297051 1.2884891 1.3357405 1.3510712 1.4142134 1.4268398 1.2969760 1.3710903 1.5372545 1.3422705 1.4826581 1.4407869 1.4305586 1.5105912 1.0275771 1.0988786 1.5268487 1.7801304 1.7606293 1.3431267 1.2577127 1.4593671 1.4038570 1.7408632 1.7492133 1.4495081 1.4203296 1.7841497 1.4317726 1.4277429 1.3123706 1.2399753 1.7404207 1.3131938 1.3118650 1.6803380 1.4461547 1.6916964 1.6462139 1.1027435 1.2406065 1.4218663 1.1703681 1.3483195 1.9922670 1.2038863 1.0551854 1.1847287 1.2932020 1.3909703 1.3451842 1.5771609 1.7588539 1.4261061 1.1178735 1.9767126 1.9220859 1.9508014 1.9502856 1.9349068 2.0127232 1.6395060 1.5859584 2.6992931 
Stycar_maker-SC_scaffold3452-snap-gene-0.7-mRNA-1       0.0000010 0.8508605 0.0000010 0.2534656 0.2534656 0.2548261 0.0000000 0.2174784 0.4382706 0.4178770 0.3638381 0.2295097 0.6152678 0.0000010 0.8428403 0.8263232 0.9058570 0.9135392 0.8780935 0.8641431 1.3031801 0.8122382 0.8502701 1.0208536 7.9236128 1.0911594 0.9182177 0.8687117 1.0023556 0.9365085 0.8811980 1.0193804 0.9464155 0.8360202 0.8727777 0.8727777 0.9547773 0.8483713 0.5855730 0.8577734 0.8621041 0.8945670 0.8580763 0.8662562 0.8903695 0.9694232 1.0009424 0.0000010 0.0000010 1.3490309 1.3490309 1.3493558 3.0056582 0.0000010 1.1970847 1.1918571 1.1810370 0.8734590 1.1961267 1.0551006 1.2762794 1.2781993 1.2324177 1.4066404 0.0000010 1.6000934 1.6000934 1.6000934 1.6000934 1.1856317 1.1856317 1.1856317 1.1856317 1.1856317 0.8488248 0.8412401 0.8412401 1.0619402 1.1174510 1.1051924 0.8922264 9.0000000 1.1185429 1.2061362 1.3109997 1.2380642 1.3247081 0.9204862 1.1613190 1.1701999 1.0926409 1.0951514 1.0977012 1.1986507 1.1986507 1.1102560 0.0000010 
Tetwil_g24347.t2                                        0.0000010 1.1579206 0.0000010 0.5053322 0.5053322 0.5227070 0.2174784 0.0000000 0.7999280 0.7773125 0.7924958 0.0348625 0.7196722 0.5805039 1.2599075 1.2001908 1.3199605 1.3398698 1.3216656 1.3141882 1.4120058 1.2932254 1.2589150 1.4678893 3.5640972 1.5815630 1.0269719 1.4545605 1.3439021 1.3204327 1.2953339 1.4372342 1.4209268 1.3978615 1.3809078 1.3809078 1.4295987 1.3579446 1.5339888 1.3446266 1.4570263 1.4575699 1.3202205 1.3798530 1.2863801 1.3660921 1.3940152 0.0000010 0.0000010 1.8880052 1.8880052 1.8895494 1.7282786 0.0000010 1.6623425 1.7705056 1.5309230 2.3086446 1.7760947 1.7674103 1.7592221 1.7604787 1.7303357 1.4835333 0.0000010 1.6385697 1.6385697 1.6385697 1.6385697 1.8051696 1.8051696 1.8051696 1.2767789 1.2767789 1.3782815 0.8654577 0.8654577 2.2215082 1.6674487 0.9191583 1.3918912 3.4391289 1.4245955 1.4808805 1.5635031 1.6131405 1.6739150 1.3585185 1.7359908 1.7123689 1.6819503 1.6854219 1.7128900 1.7490755 1.7490755 1.5225856 0.0000010 
Aque_Aqu2.1.43829_001                                   1.2961490 0.7320907 0.9093093 0.7074183 0.7767822 0.9755631 0.4382706 0.7999280 0.0000000 0.3386017 0.4590893 0.7171355 0.9897525 1.7424724 1.4113227 1.4130175 1.2499223 1.3866428 1.3827803 1.4157855 1.4816353 1.4218014 1.3116512 1.6029823 1.0634767 1.2463364 1.0528773 1.3672040 1.1402980 1.3491554 1.4402239 1.2277318 1.3684792 1.4060157 1.2558393 1.2729756 1.3173655 1.3218583 1.5673309 1.3079540 1.3239594 1.4628128 1.2266160 1.4985261 1.2414786 1.5217288 1.5306117 1.1381243 1.0120266 1.6167918 1.6470045 1.6398582 1.3179411 1.1112451 1.5330671 1.6297974 1.6630908 2.0301557 1.6511881 1.6849979 1.6326306 1.6038999 1.4485551 1.3231882 1.3279483 1.6945631 1.5198948 1.3817548 1.6541536 1.7027740 1.7263923 1.6952441 1.2055361 1.2921239 1.3663647 1.3063001 1.3198797 2.1552463 1.2663380 0.8907456 1.2639391 1.2831249 1.3677161 1.4520510 1.5654605 1.7352069 1.5605071 1.1491640 1.7689353 1.7403830 1.7868078 1.7919267 1.8412902 1.8769784 1.6493252 1.5847273 2.3735299 
Halamb_c46631_g2_i1m.20943                              0.9022094 0.7520482 0.7058460 0.6357736 0.6829566 0.7487969 0.4178770 0.7773125 0.3386017 0.0000000 0.3639248 0.7318097 0.9421215 1.5292658 1.2855790 1.2633511 1.1715163 1.2570461 1.2491768 1.2568963 1.6541836 1.2981005 1.2130156 1.4807975 1.0682512 1.2030714 1.0244620 1.2567729 1.1124211 1.2778221 1.2511663 1.2456271 1.2084547 1.2807063 1.1633644 1.1615641 1.1587232 1.2499962 1.6907634 1.2019659 1.2214515 1.3054519 1.1514567 1.3164230 1.1883750 1.3408993 1.3420971 1.0870948 1.0973638 1.5471680 1.4933440 1.4792265 1.1947041 1.1248175 1.3804676 1.5593745 1.4649364 1.9007296 1.5930408 1.6365476 1.5068171 1.5306438 1.3489817 1.2470779 1.2751314 1.5354068 1.4660023 1.3294354 1.4918442 1.6013941 1.5745868 1.5412938 1.1690436 1.2452008 1.2030164 1.2382756 1.3959419 2.3230444 1.2689676 0.8279520 1.1638344 1.1512269 1.2879154 1.3266680 1.4319631 1.5532953 1.4478156 1.1075333 1.7057622 1.6515079 1.7285418 1.7339792 1.7650966 1.7957713 1.6241266 1.4725729 2.0676003 
Xestes_maker-XT_scaffold12441-augustus-gene-0.10-mRNA-1 1.2499585 0.6890717 0.7785694 0.6820625 0.7197986 0.9452942 0.3638381 0.7924958 0.4590893 0.3639248 0.0000000 0.7006897 0.9119629 1.8988097 1.4469719 1.3592892 1.2225051 1.3757666 1.4109369 1.4354909 1.5270495 1.4476672 1.3439573 1.6234568 1.1514023 1.1990906 0.9345765 1.3741502 1.1575024 1.3929585 1.4262316 1.1898157 1.3177894 1.3702958 1.1826575 1.2210886 1.2589557 1.3706727 1.4881735 1.3481915 1.3320647 1.4996773 1.2368361 1.4951757 1.3353021 1.4577330 1.4850095 0.9722842 1.0546344 1.5599797 1.6460128 1.6386628 1.2050661 1.0768670 1.4583812 1.6089461 1.5840536 1.9934413 1.5751582 1.6331438 1.6294267 1.5339469 1.4534066 1.3124582 1.3396998 1.5284458 1.3914944 1.2238101 1.5007652 1.5943201 1.5760920 1.5550481 1.1347233 1.1569857 1.2985141 1.2340130 1.4039776 2.2616512 1.2703881 0.9970131 1.1516124 1.2559388 1.3081486 1.3789911 1.5353703 1.7099185 1.5098858 1.1403114 1.8238602 1.7786839 1.8183788 1.8174090 1.9093544 1.9291149 1.6783811 1.6153988 2.8154665 
Tetwil_g24345.t2                                        3.9255632 1.5360777 0.9894682 0.5134450 0.5134450 0.5027176 0.2295097 0.0348625 0.7171355 0.7318097 0.7006897 0.0000000 0.6405416 0.0000010 1.1196583 1.1750793 1.1473589 1.1772151 1.1888031 1.1923146 1.3256632 1.0801227 1.0646051 2.0630217 3.6198544 1.2564310 0.9662773 1.2564886 1.1366666 1.0848911 0.9870703 1.1214922 1.1584726 0.9653198 1.0664799 1.0664799 1.0446240 1.0254105 0.0000010 1.1724146 1.0894640 1.1265486 1.0328855 1.0909437 1.1551576 1.2670180 1.2979881 0.8345316 2.8115331 1.8116948 1.8143113 1.8180514 1.3640524 1.5296123 1.5552901 1.2542542 1.6086591 3.1206533 1.6846162 1.1670748 1.7886679 1.6904275 1.7919865 1.6881456 1.5564280 1.6449116 1.5077875 1.6449116 1.6449116 1.5283974 1.6607566 1.6607566 1.5075387 1.6431661 1.0327925 1.5659265 1.5470198 0.0000010 1.3953816 1.0166210 1.4971470 4.1402963 1.2342757 1.1493424 1.2513971 1.1149890 1.0975259 0.9338464 1.3627236 1.3725718 1.3844089 1.3871592 1.2715446 1.4153647 1.4153647 1.3239702 3.9800248 
Plespi_Pspi_C612648_01                                  0.8790106 0.7932707 0.7294801 0.7918478 0.8149731 0.8571433 0.6152678 0.7196722 0.9897525 0.9421215 0.9119629 0.6405416 0.0000000 1.3489344 1.2430384 1.1609545 1.1193887 1.1709374 1.1521075 1.1706658 1.3147257 1.1910986 1.1321162 1.3357284 1.0744614 1.2968533 1.1118535 1.2441422 1.0835913 1.1337700 1.2111838 1.1165948 1.1661225 1.1597889 1.2166976 1.2007913 1.1743472 1.1284724 1.2499141 1.1335751 1.3146354 1.3220565 1.2127861 1.2061716 1.1809023 1.2283082 1.2671129 1.1172402 1.2934151 1.6797897 1.5315710 1.5370901 1.3829107 1.2652426 1.5277313 1.7577487 1.6480005 2.6181449 1.7060204 1.7049884 1.6361451 1.7382760 1.6277872 1.5995857 1.4186196 1.6006173 1.6392235 1.4406956 1.5850370 1.6337545 1.6046018 1.5913887 1.4156334 1.3901046 1.2274955 0.9902436 1.1430899 2.0709136 1.0343207 0.9392759 1.1005182 1.2591202 1.2766244 1.2512098 1.3644560 1.4684001 1.3254650 1.0667197 1.5912305 1.5861828 1.5962646 1.6009522 1.5477140 1.5732613 1.5196025 1.4865146 1.5994189 
Exapal_XM_021038256.2                                   1.7741587 2.2190788 0.7233958 0.8582271 1.0804307 1.9439667 0.0000010 0.5805039 1.7424724 1.5292658 1.8988097 0.0000010 1.3489344 0.0000000 0.0031555 0.6336003 0.8086214 1.0710019 1.0233864 1.0798609 2.3868354 1.1589284 1.0270190 1.2646395 0.6657118 0.8801214 0.0000010 1.5129938 0.6890185 1.7936933 1.9215130 0.7005502 1.5078744 1.4583103 1.3732558 1.3725218 1.4283688 1.4504389 3.1812026 1.5628182 1.6340288 1.4964213 1.2909215 1.4457228 1.4159435 1.2216249 1.2151827 0.0000010 0.9932321 0.3359034 1.8757397 1.8390128 1.0715354 0.5921263 1.5335060 0.3359034 1.8611440 0.3359034 0.3359034 0.3359034 2.0173222 0.3359034 1.8261800 0.0000010 0.0000010 2.0075586 0.4172825 1.0328397 1.8801084 0.7533789 1.9961108 1.8699825 0.4172825 1.0328397 1.3379915 1.3675008 0.0000010 1.7028897 1.1203239 0.0000010 1.4867406 1.0500663 1.1041720 1.2074571 1.5349949 2.1025209 1.1884630 0.4939061 2.2099107 2.1163027 2.1643982 2.1413078 2.1628094 2.2453926 1.7335559 1.6764689 2.1224724 
Exapal_XM_028659527.1                                   2.1643110 0.9776230 1.3822321 1.1931677 1.2326177 1.5623020 0.8428403 1.2599075 1.4113227 1.2855790 1.4469719 1.1196583 1.2430384 0.0031555 0.0000000 0.4151902 0.4658126 0.5857280 0.5785267 0.5990180 0.6107120 0.6225135 0.5543885 0.6436584 0.9210869 0.8712859 0.7633770 1.0035750 0.7816413 1.0260436 1.1175613 0.7469032 0.9110015 0.9662573 0.8525548 0.8576298 0.8729764 0.9406388 0.8979732 0.9627568 1.0497461 1.0231223 0.7581802 0.8432600 0.8738896 0.7107562 0.7242600 1.0645026 1.0312346 1.4575080 1.6346452 1.6198530 1.2188804 1.0622305 1.4530083 1.4343926 1.7167118 1.6406375 1.3688306 1.4078490 1.6082210 1.3774758 1.3621414 1.4385840 1.1272041 1.7291594 1.5522304 1.2622402 1.6594646 1.4403330 1.6329145 1.5811569 1.1819891 1.1599000 1.1046889 0.9777975 1.0710093 1.6441301 1.0624940 0.9780054 1.0700063 1.1255256 1.3097158 1.2979152 1.4496400 1.6632035 1.4044608 1.0162800 1.5355165 1.4889758 1.4975491 1.4919112 1.5615683 1.5776583 1.3598731 1.5911817 3.0383480 
Nvec_v1g103120                                          1.6102239 0.9563956 1.3773637 1.1310260 1.1579996 1.4824965 0.8263232 1.2001908 1.4130175 1.2633511 1.3592892 1.1750793 1.1609545 0.6336003 0.4151902 0.0000000 0.4404103 0.5577269 0.5575535 0.5627177 0.5652840 0.5970832 0.5166631 0.6501581 0.8570353 0.8891281 0.7915293 0.9753890 0.7761076 1.0077000 1.0353261 0.7222781 0.8555761 0.8694018 0.8139735 0.8246488 0.8209963 0.9307231 0.8547739 0.9335846 1.0077808 1.0639010 0.7529078 0.8803386 0.8230564 0.6982794 0.7227565 1.0433167 1.1001078 1.4102263 1.5710161 1.5646344 1.1280267 0.9793689 1.3214683 1.4091476 1.6291693 1.6759475 1.3351542 1.3661364 1.5696789 1.3321949 1.3643727 1.3708645 1.0642874 1.5080839 1.4090213 1.1785774 1.4244754 1.3495148 1.4608036 1.3972055 1.0808981 1.0963214 1.0996923 1.0222718 1.0906400 1.7112734 1.0453834 0.8825627 1.0337617 1.0717618 1.2402210 1.2291151 1.3867869 1.5711441 1.2937173 0.9519760 1.5186185 1.4881320 1.4833120 1.4827279 1.5062190 1.4977024 1.2668785 1.5053080 1.9874053 
Fspp_ffun1.m4.29856.m1                                  1.4530194 0.9665304 1.3537313 1.0970588 1.1256355 1.2431263 0.9058570 1.3199605 1.2499223 1.1715163 1.2225051 1.1473589 1.1193887 0.8086214 0.4658126 0.4404103 0.0000000 0.0647874 0.1083520 0.1240706 0.2262415 0.1568437 0.1640610 0.2514596 0.8372956 0.8856424 0.7137493 0.9775653 0.7631369 0.8902364 0.9100406 0.7181031 0.7589473 0.8023637 0.7148938 0.7022051 0.6969140 0.8382588 0.9079167 0.7968959 1.0126873 0.9771730 0.6441245 0.7851638 0.7274379 0.6166817 0.6241490 0.8601173 1.0913805 1.4068185 1.4543829 1.4599668 1.0963833 0.9875980 1.3453510 1.4477245 1.4497141 1.6068439 1.3573548 1.3974892 1.3905014 1.3679361 1.3369026 1.4193302 0.9680974 1.3556428 1.4518196 1.1236233 1.3556428 1.4003460 1.3584408 1.3584408 1.1515331 1.0639624 1.0900337 1.0814080 1.1993599 1.6493607 1.1078785 0.8781283 1.0297276 1.1146050 1.2248872 1.2055088 1.3219745 1.5162734 1.3260993 1.0354368 1.3801976 1.3372216 1.3331468 1.3281080 1.3887356 1.3632522 1.2979450 1.4873118 1.5245521 
Gasp_gasp1.m3.24399.m1                                  2.0047713 0.9543816 1.3381646 1.0847827 1.1190334 1.4107678 0.9135392 1.3398698 1.3866428 1.2570461 1.3757666 1.1772151 1.1709374 1.0710019 0.5857280 0.5577269 0.0647874 0.0000000 0.1536227 0.1531316 0.1453941 0.1951673 0.2348690 0.3341438 0.8341473 0.9003882 0.7145423 1.0890432 0.7852233 1.0536634 1.0652502 0.7179848 0.9082195 0.9411955 0.8227842 0.8368722 0.8564965 0.9815760 0.9094086 0.9193537 1.1085169 1.1259194 0.7969024 0.9223649 0.8331539 0.7641373 0.7867145 0.8601173 1.0505057 1.4275970 1.6921397 1.6826012 1.0734907 0.9807907 1.4034574 1.4883269 1.7039532 1.7218727 1.3920990 1.4528895 1.6438185 1.4202230 1.3848527 1.4484951 1.0017707 1.5900573 1.4578976 1.1113513 1.4705655 1.4054777 1.5385005 1.4473636 1.1411609 1.0484696 1.1902939 1.1041939 1.1976870 1.6928187 1.1005267 0.8758267 1.1107774 1.0937950 1.2499681 1.2381920 1.4214449 1.7017079 1.3603994 1.0236761 1.6071989 1.5669359 1.5733597 1.5680607 1.6126623 1.6088914 1.3093166 1.5004584 1.9983055 
Spis_XP_022800862_1                                     2.0222958 0.9840568 1.3654537 1.1205095 1.1128403 1.4491685 0.8780935 1.3216656 1.3827803 1.2491768 1.4109369 1.1888031 1.1521075 1.0233864 0.5785267 0.5575535 0.1083520 0.1536227 0.0000000 0.0393026 0.2605518 0.2197244 0.2311331 0.3438287 0.9234114 0.9178044 0.6788398 1.0256090 0.7722539 1.0333828 1.0847557 0.7489039 0.9041856 0.9554609 0.8218082 0.8319189 0.8371748 0.9940324 0.9556749 0.9198762 1.1119663 1.1112069 0.7819941 0.9063025 0.8475970 0.7458103 0.7821868 0.9244364 1.0825502 1.4023704 1.6207514 1.6133865 1.1647918 1.0310377 1.4345585 1.4194810 1.6023970 1.6451855 1.3479393 1.4000777 1.5795280 1.3610483 1.3786884 1.4455882 1.0797362 1.5978050 1.4685250 1.1417089 1.4808391 1.3720197 1.5266449 1.4388944 1.1631963 1.0797813 1.2452084 1.0970075 1.2085644 1.5209023 1.1053300 0.9395390 1.1340270 1.1458821 1.2989259 1.2542944 1.4224615 1.6977007 1.3690721 1.0636139 1.5475155 1.4941664 1.5280847 1.5227792 1.5824422 1.5395177 1.2431137 1.5483940 2.1426392 
Pocdam_XM_027183210.1                                   2.0548062 0.9631606 1.3488782 1.1001342 1.1220991 1.4532844 0.8641431 1.3141882 1.4157855 1.2568963 1.4354909 1.1923146 1.1706658 1.0798609 0.5990180 0.5627177 0.1240706 0.1531316 0.0393026 0.0000000 0.2528689 0.2171920 0.2349735 0.3426270 0.8522181 0.8845298 0.6962411 1.0490703 0.7589877 1.0570314 1.1181676 0.7150120 0.9308785 0.9702769 0.8327033 0.8424692 0.8460834 0.9973580 0.9335991 0.9431106 1.1377565 1.1534237 0.8016159 0.9243263 0.8649187 0.7737499 0.7953292 0.9244364 1.0841428 1.4056024 1.6826390 1.6689912 1.1405730 1.0090178 1.4347929 1.3789561 1.6437161 1.6314898 1.3472336 1.3992095 1.6106100 1.3775292 1.3843521 1.4151932 1.0794759 1.6506670 1.4617125 1.1300099 1.5364032 1.3729191 1.5697261 1.4833657 1.1589610 1.0692685 1.2292836 1.1034971 1.2342884 1.5252224 1.0991758 0.9576468 1.1345207 1.1289101 1.2599696 1.2284214 1.4290108 1.6868597 1.3552087 1.0477082 1.6360278 1.5837079 1.5783115 1.5729797 1.6538675 1.6104318 1.3335187 1.5279878 2.2330229 
Gfas_gfas1.m1.9301.m1                                   3.3596357 0.0000010 9.0000000 1.3472101 1.3472101 1.3291460 1.3031801 1.4120058 1.4816353 1.6541836 1.5270495 1.3256632 1.3147257 2.3868354 0.6107120 0.5652840 0.2262415 0.1453941 0.2605518 0.2528689 0.0000000 0.2431579 0.2704499 0.4562554 5.9546281 1.2677164 1.0235722 1.2037208 0.9909352 0.9136601 1.0839011 1.0273237 0.8831883 0.8908905 0.9166396 0.9166396 0.9363542 0.9539613 1.1270681 0.8745077 1.2911905 1.0491990 0.7699744 0.9719398 0.8673374 0.7213263 0.7191403 0.0000010 0.0000010 1.5175956 1.5579334 1.5579334 1.4626056 8.2956760 1.7649340 1.6945893 1.7007280 1.7809429 1.5332887 1.8302782 1.6723877 1.6305374 1.6151665 1.3362197 0.0000010 1.9132090 1.7939556 1.9132090 1.9132090 1.6371949 1.6781744 1.6781744 1.4405909 1.5193138 1.4065210 1.0702951 0.9685041 1.8355048 1.4563793 1.3576167 1.2871744 8.9365346 1.4491201 1.4696512 1.3534610 1.4537324 1.6208565 1.2176617 1.7095669 1.7221692 1.5705365 1.5760536 1.7228443 1.5822703 1.5822703 1.6566345 0.0000010 
Gfas_gfas1.m1.1680.m1                                   1.8650854 1.2215526 1.3083785 1.1593605 1.1934280 1.4757022 0.8122382 1.2932254 1.4218014 1.2981005 1.4476672 1.0801227 1.1910986 1.1589284 0.6225135 0.5970832 0.1568437 0.1951673 0.2197244 0.2171920 0.2431579 0.0000000 0.1929154 0.2761313 0.7784714 0.9613597 0.7128463 1.1081475 0.8133492 1.1093275 1.1320030 0.7712405 0.9900922 1.0541781 0.9165835 0.9380333 0.9393250 1.0449185 0.8991250 0.9858275 1.1400905 1.1556767 0.8597132 0.9595592 0.9402473 0.8295808 0.8263499 1.5343269 1.0627184 1.3995379 1.7527609 1.7379743 1.2639843 1.0007840 1.4324443 1.4359234 1.7290470 1.6327532 1.3327287 1.3794996 1.6480796 1.3403989 1.4655007 1.3854934 1.3370135 1.7278264 1.4295719 1.2270423 1.6186367 1.3757359 1.6298313 1.5483023 1.1245552 1.1439015 1.2152272 1.1839242 1.3470346 1.7365220 1.1763989 0.9273918 1.1326965 1.2679014 1.3518631 1.3129795 1.4993426 1.7345691 1.4605113 1.1002448 1.6847829 1.6254155 1.6394323 1.6336731 1.7221429 1.7156129 1.4257039 1.4373985 2.2983702 
Amil_Amillepora06796-RA                                 1.9434303 0.9157529 1.3176724 1.1031776 1.1007651 1.4033172 0.8502701 1.2589150 1.3116512 1.2130156 1.3439573 1.0646051 1.1321162 1.0270190 0.5543885 0.5166631 0.1640610 0.2348690 0.2311331 0.2349735 0.2704499 0.1929154 0.0000000 0.0754381 0.8585858 0.8856010 0.7289529 1.0362328 0.7424800 0.9901829 1.0461756 0.7223792 0.8739984 0.9200316 0.8004844 0.8009267 0.7937701 0.9417492 0.8759014 0.8945697 1.0278560 1.0775880 0.7703356 0.8484606 0.8146501 0.7039185 0.6960957 0.9118295 1.0159881 1.4480030 1.6131580 1.6048935 0.9855888 0.9161485 1.3157907 1.3920848 1.5675963 1.6557228 1.3281879 1.3767756 1.4930311 1.3390723 1.3460870 1.3829827 0.9850700 1.4858421 1.4500588 1.1281526 1.3785931 1.3745034 1.4463326 1.3657285 1.1458789 1.0637121 1.1366062 1.0368322 1.1983601 1.6906264 1.0765428 0.9142695 1.0749083 1.0704031 1.2261346 1.1854296 1.3382362 1.5355185 1.3177227 0.9961116 1.5701988 1.5406551 1.5208463 1.5153724 1.6030865 1.5795562 1.3618887 1.5120064 2.3278827 
Adig_XM_015902535.1                                     2.3490728 0.9372107 1.4721364 1.3031793 1.3064828 1.6663458 1.0208536 1.4678893 1.6029823 1.4807975 1.6234568 2.0630217 1.3357284 1.2646395 0.6436584 0.6501581 0.2514596 0.3341438 0.3438287 0.3426270 0.4562554 0.2761313 0.0754381 0.0000000 0.9911103 1.0228511 1.3933501 1.2046747 0.8712460 1.1599243 1.2584967 0.8328367 1.1178366 1.1578423 1.0288212 1.0197091 1.0111728 1.1360722 0.8759014 1.0564903 1.2241341 1.2308950 0.9692046 1.0837881 1.0369278 0.8778695 0.8547254 0.9190866 1.1565779 1.6726480 1.8439225 1.8345041 1.1752942 1.0481494 1.4998177 1.4779300 1.8500158 1.6557228 1.5323207 1.3725784 1.7206355 1.5327281 1.5079822 2.0712506 0.9897225 1.7837547 2.0045332 1.3579406 1.6581876 1.5523392 1.6602857 1.5686153 1.4346482 1.2507971 1.3176296 1.3588648 2.2265855 1.6906264 1.2672713 0.9182783 1.2570544 1.2146525 1.4655251 1.4686959 1.6284807 1.8743136 1.6315207 1.1804389 1.8556142 1.8235766 1.7965756 1.7899243 1.9011701 1.8683974 1.6170589 1.9374477 2.8307454 
Cscu_XM_023356978.1                                     0.9050307 0.8869910 1.1960665 1.3024014 1.3024014 1.2297265 7.9236128 3.5640972 1.0634767 1.0682512 1.1514023 3.6198544 1.0744614 0.6657118 0.9210869 0.8570353 0.8372956 0.8341473 0.9234114 0.8522181 5.9546281 0.7784714 0.8585858 0.9911103 0.0000000 0.5249684 2.1447858 0.5269672 0.6290244 0.4927527 0.7728253 0.0328262 0.7169069 0.7331533 0.7355775 0.7355775 0.7174834 0.7119394 0.0000010 0.6743727 0.6260070 0.6660971 0.7668996 0.7380984 0.7904998 0.8971903 0.8383853 0.0000010 0.9962241 1.7497296 1.0690131 1.0690131 0.9992674 1.0008543 1.1063695 1.5858160 1.2112221 0.0000010 2.8748943 0.0000010 1.1193169 1.8367937 1.8367937 1.2871180 4.2646776 1.1262625 1.8367937 1.1262625 1.1262625 1.8367937 1.1262625 1.1262625 1.8367937 1.1262625 0.8164867 1.1274377 2.1625683 0.0000010 1.1408902 0.0000010 1.3184765 1.4711756 1.4028707 1.3466158 1.3826012 1.4109761 1.4054029 1.1231912 1.1445612 1.1523309 1.1749780 1.1749780 1.1543814 1.1048247 1.0850355 5.2955145 0.0000010 
Dpul_mRNA16318                                          1.0733071 1.2604502 1.1454096 1.3340192 1.2903953 1.2754969 1.0911594 1.5815630 1.2463364 1.2030714 1.1990906 1.2564310 1.2968533 0.8801214 0.8712859 0.8891281 0.8856424 0.9003882 0.9178044 0.8845298 1.2677164 0.9613597 0.8856010 1.0228511 0.5249684 0.0000000 0.6783038 0.6646195 0.6865334 0.6219773 0.7604285 0.5644111 0.8968820 1.0014717 0.9376486 0.9376486 0.9139884 0.7015855 1.1240291 0.7995240 0.8827829 0.5389911 0.9247979 1.0239002 1.0050039 0.9511758 0.9443800 1.3395952 1.2453585 1.5963437 1.4311198 1.4314597 1.2154972 1.2185112 1.4294366 1.6039288 1.4245344 2.0858725 1.5139399 1.5884981 1.4555220 1.5450614 1.5383845 1.2454218 1.5517334 1.3757293 1.4350288 1.3641957 1.3757293 1.5328688 1.4347567 1.4347567 1.1164377 1.2638904 0.9773836 1.2244407 1.3616649 2.2369135 1.3327683 1.1255588 1.2323700 1.3265790 1.3420331 1.3578046 1.4156434 1.4030975 1.4961699 1.1569359 1.2592825 1.2687257 1.3016661 1.2956615 1.3026073 1.2795491 1.2754186 1.5049914 0.5869827 
Lcom_lcpid245104                                        0.0000010 2.1434016 0.0000010 0.9308610 0.9308610 0.8776628 0.9182177 1.0269719 1.0528773 1.0244620 0.9345765 0.9662773 1.1118535 0.0000010 0.7633770 0.7915293 0.7137493 0.7145423 0.6788398 0.6962411 1.0235722 0.7128463 0.7289529 1.3933501 2.1447858 0.6783038 0.0000000 0.3258865 0.3490683 0.3857647 0.4540579 0.7934385 0.7415063 0.5318262 0.6671130 0.6671130 0.6650829 0.5945633 0.0000010 0.5602980 0.5803156 0.6866500 0.7445285 0.6466562 0.7408805 0.7969770 0.8040786 0.0000010 0.0000010 1.4558848 1.4558848 1.4605463 0.8225882 0.0000010 1.5851426 1.6768176 1.4998828 0.0000010 1.4530057 1.9025168 1.4435833 1.4435833 1.5527843 1.4898281 0.0000010 1.4369595 1.4369595 1.4369595 1.4369595 1.4369595 1.4369595 1.4369595 1.4369595 1.4369595 0.7174030 0.3996735 0.3996735 0.0000010 0.7556305 1.1841873 0.8248518 2.0099237 1.0419569 1.0662248 1.1171821 1.2682567 1.1941175 0.9041786 1.1937531 1.1925804 1.1314401 1.1350695 1.2086553 1.3234315 1.3234315 0.8719946 0.0000010 
Cgig_XM_034459173.1                                     1.8678909 1.1784617 1.1810380 1.1736862 1.2344846 1.4877339 0.8687117 1.4545605 1.3672040 1.2567729 1.3741502 1.2564886 1.2441422 1.5129938 1.0035750 0.9753890 0.9775653 1.0890432 1.0256090 1.0490703 1.2037208 1.1081475 1.0362328 1.2046747 0.5269672 0.6646195 0.3258865 0.0000000 0.4373272 0.4683357 0.7507507 0.5802269 1.1066047 1.0657402 0.9557891 0.9635929 0.9751258 0.8198610 0.5678506 0.7318863 0.9032831 0.8975494 1.0465030 1.0505819 0.9777163 1.0171376 1.0937951 1.0541029 1.1531300 1.4279079 1.5518135 1.5590699 1.2608718 1.1088557 1.4346103 1.3996620 1.7274257 1.5877562 1.4855248 1.4798274 1.6491761 1.4491467 1.4427433 1.4744460 1.2234137 1.5945417 1.4551167 1.2372181 1.5556705 1.3833580 1.5297591 1.5008883 1.2318244 1.1877519 1.0573640 1.1096069 1.1497497 1.7453333 1.1406192 1.0703174 1.1227811 1.1595660 1.3302492 1.3299248 1.4997334 1.6909834 1.5162436 1.1174345 1.5430493 1.5223733 1.5062284 1.5175902 1.5555170 1.5985403 1.4222851 1.5525267 1.5456631 
Ctel_gnl_WGS_AMQN_CAPTEDRAFT_mRNA210583                 1.0947997 1.3172376 1.1344921 1.1117290 1.1102451 1.1081540 1.0023556 1.3439021 1.1402980 1.1124211 1.1575024 1.1366666 1.0835913 0.6890185 0.7816413 0.7761076 0.7631369 0.7852233 0.7722539 0.7589877 0.9909352 0.8133492 0.7424800 0.8712460 0.6290244 0.6865334 0.3490683 0.4373272 0.0000000 0.4211009 0.6210107 0.6254786 0.8158212 0.8796729 0.8140953 0.8140953 0.8008170 0.6276689 0.7050070 0.6381299 0.6992157 0.6724559 0.8329289 0.8610525 0.8362746 0.8270223 0.8094026 1.0716962 1.1012422 1.3428515 1.2456234 1.2459758 1.2281782 1.1417902 1.2829317 1.3485372 1.3386635 1.5063108 1.3231667 1.3397359 1.2732071 1.3155198 1.3219472 1.4257823 1.2894608 1.3101478 1.4323028 1.2902194 1.3101478 1.2521625 1.2626341 1.2626341 1.1154987 1.2006333 0.9048128 1.0864813 1.2436905 1.8805377 1.1985871 1.0877038 1.1307015 1.3335288 1.3051395 1.3329444 1.3899924 1.3949118 1.4964272 1.0786935 1.2305168 1.2354405 1.2225870 1.2322285 1.2401836 1.2304266 1.2144894 1.3868380 0.6372358 
Acagra_model.g3309.t1                                   1.8983974 1.0507947 1.1387703 1.0908990 1.1205494 1.4058470 0.9365085 1.3204327 1.3491554 1.2778221 1.3929585 1.0848911 1.1337700 1.7936933 1.0260436 1.0077000 0.8902364 1.0536634 1.0333828 1.0570314 0.9136601 1.1093275 0.9901829 1.1599243 0.4927527 0.6219773 0.3857647 0.4683357 0.4211009 0.0000000 0.7725910 0.5039442 1.0482469 1.0424360 0.9169540 0.9456514 0.9588196 0.7578988 0.4535433 0.6670216 0.8273956 0.8221554 1.0000229 1.0707369 0.9617116 1.0080477 1.0703549 1.1251824 1.1733244 1.3455067 1.5114658 1.5117669 1.2340313 1.1036868 1.4070059 1.2939862 1.5942271 1.6293935 1.3198032 1.3537162 1.5879289 1.3016590 1.2663894 1.3453246 1.1805178 1.6781967 1.3641428 1.2813173 1.6512233 1.2895034 1.5632147 1.5433649 1.1022270 1.2020087 0.9832175 1.1638392 1.1901186 1.5575840 1.0996766 0.9406220 1.1151091 1.2695191 1.3555148 1.3494991 1.4579139 1.5966105 1.4595344 1.0308654 1.4445880 1.4444905 1.4608503 1.4604956 1.4696258 1.5307106 1.2972299 1.5550389 1.8212826 
Spur_XM_778635.5                                        1.9748269 1.2328915 1.3862099 1.1498948 1.1967328 1.4481654 0.8811980 1.2953339 1.4402239 1.2511663 1.4262316 0.9870703 1.2111838 1.9215130 1.1175613 1.0353261 0.9100406 1.0652502 1.0847557 1.1181676 1.0839011 1.1320030 1.0461756 1.2584967 0.7728253 0.7604285 0.4540579 0.7507507 0.6210107 0.7725910 0.0000000 0.6506192 1.0084006 1.0004176 0.9268130 0.9475883 0.9469970 0.6842163 0.7788942 0.7423854 0.8605139 0.8695234 1.0199609 1.0610052 0.9809360 1.0607139 1.0763011 0.9988623 1.2945577 1.5200101 1.6567818 1.6505647 1.2070953 1.0185297 1.4551688 1.5039652 1.6192748 1.7872129 1.5428734 1.5931364 1.6450948 1.5157306 1.4605988 1.4659796 1.2054811 1.5677414 1.5852716 1.2951490 1.5304857 1.4466585 1.5171416 1.4888599 1.1867190 1.1989772 1.0271888 1.1329763 1.2347534 1.9384066 1.2146526 1.0941992 1.1913559 1.1483995 1.3028873 1.2696545 1.3583110 1.4939922 1.3979217 1.0209997 1.5191445 1.4959526 1.5119444 1.5004036 1.5179924 1.5602513 1.3650596 1.5019805 1.7505787 
Cscu_XM_023356971.1                                     0.8994207 1.1127181 1.4044121 1.1594174 1.1594174 1.1543661 1.0193804 1.4372342 1.2277318 1.2456271 1.1898157 1.1214922 1.1165948 0.7005502 0.7469032 0.7222781 0.7181031 0.7179848 0.7489039 0.7150120 1.0273237 0.7712405 0.7223792 0.8328367 0.0328262 0.5644111 0.7934385 0.5802269 0.6254786 0.5039442 0.6506192 0.0000000 0.7757929 0.8444050 0.7684838 0.7684838 0.7558074 0.6296157 0.6484510 0.6045372 0.7275727 0.6194604 0.7744952 0.7750461 0.8232634 0.7726695 0.7549936 0.9282264 0.9157160 1.4869207 1.3080028 1.3087079 1.0402044 1.1239535 1.3226396 1.5111555 1.3802150 1.7224136 1.5330588 1.4865949 1.3364184 1.4909266 1.4565558 1.5051764 1.1540746 1.3172383 1.6511644 1.3172383 1.3172383 1.4815865 1.3400342 1.3400342 1.2763247 1.2147942 0.9176583 0.8784512 1.1624077 1.9281500 1.1232916 1.0441007 1.0645024 1.0968739 1.2751613 1.1919443 1.2455503 1.2559347 1.3906266 1.0452798 1.1532299 1.1556633 1.1670249 1.1585919 1.1545067 1.1646119 1.1600604 1.6963575 2.8000941 
Sanmal_Sma_011056-T1                                    1.5964055 1.1009727 1.1176093 1.1415366 1.1649622 1.4530542 0.9464155 1.4209268 1.3684792 1.2084547 1.3177894 1.1584726 1.1661225 1.5078744 0.9110015 0.8555761 0.7589473 0.9082195 0.9041856 0.9308785 0.8831883 0.9900922 0.8739984 1.1178366 0.7169069 0.8968820 0.7415063 1.1066047 0.8158212 1.0482469 1.0084006 0.7757929 0.0000000 0.3957736 0.3562649 0.3660972 0.3582986 1.0498629 0.9843794 0.9867658 1.0840419 1.1650644 0.4886454 0.6782370 0.6279608 0.8599869 0.8594912 0.9466562 1.1413335 1.5354851 1.6665376 1.6638717 1.1115896 0.9018034 1.5212428 1.6136667 1.6799958 1.9102269 1.4854650 1.5239461 1.6277696 1.4947124 1.4035705 1.4802687 1.0354656 1.5951362 1.4920436 1.1745720 1.5737901 1.4651879 1.5607786 1.5439855 1.1877225 1.1120901 1.1443542 1.0076188 1.0502001 1.8049953 1.1173288 1.0991169 1.0645880 1.1157677 1.2924375 1.2313080 1.3852232 1.5623371 1.2808791 1.0190719 1.6215268 1.6297126 1.5937033 1.6023418 1.6710296 1.6869122 1.3810112 1.6336045 2.4244712 
Aaur_scaffold484.g6.t6                                  1.6968947 1.1106759 1.1908827 1.1802011 1.1812325 1.4297051 0.8360202 1.3978615 1.4060157 1.2807063 1.3702958 0.9653198 1.1597889 1.4583103 0.9662573 0.8694018 0.8023637 0.9411955 0.9554609 0.9702769 0.8908905 1.0541781 0.9200316 1.1578423 0.7331533 1.0014717 0.5318262 1.0657402 0.8796729 1.0424360 1.0004176 0.8444050 0.3957736 0.0000000 0.3099230 0.3156974 0.2932173 1.0419507 1.0111422 1.0128321 1.1069259 1.2155933 0.5233459 0.6922663 0.6627918 0.8440280 0.9052866 0.9398086 1.0221831 1.6638584 1.7449021 1.7342712 1.0522596 0.9370732 1.4943945 1.7902939 1.6755387 2.3283672 1.7083957 1.7639226 1.7019912 1.7194785 1.5472660 1.5826753 1.0367469 1.6371005 1.5902731 1.2047361 1.5898202 1.6714395 1.6573203 1.6209679 1.2474092 1.1387370 1.1465827 1.0319926 1.1303677 1.6973272 1.1320305 0.8269457 1.1573221 1.1046862 1.3132539 1.3367923 1.4990801 1.6168473 1.4342714 1.0963230 1.6076391 1.5791010 1.5701251 1.5785696 1.6834635 1.6663693 1.4398562 1.7063379 1.9421187 
Nemnom_g19499.t1                                        1.6875577 1.1176942 1.2008125 1.0997980 1.1078190 1.2884891 0.8727777 1.3809078 1.2558393 1.1633644 1.1826575 1.0664799 1.2166976 1.3732558 0.8525548 0.8139735 0.7148938 0.8227842 0.8218082 0.8327033 0.9166396 0.9165835 0.8004844 1.0288212 0.7355775 0.9376486 0.6671130 0.9557891 0.8140953 0.9169540 0.9268130 0.7684838 0.3562649 0.3099230 0.0000000 0.0098946 0.0975830 0.9477268 1.0287841 0.9198612 1.0088758 1.1290143 0.4485134 0.5945029 0.5777528 0.7929115 0.7649826 0.9630350 1.1100666 1.5416342 1.6372294 1.6317994 1.0842841 0.9395711 1.4501938 1.5407848 1.6308793 1.7280516 1.4823706 1.4565042 1.6431958 1.4729536 1.4620512 1.6785208 1.1386731 1.6243432 1.6832390 1.2619335 1.6007277 1.4292272 1.5365014 1.5175026 1.2423157 1.1697522 1.0711358 1.0430357 1.1681516 1.7710245 1.1201574 0.9009838 1.0571315 1.0794435 1.2869559 1.2603654 1.3529573 1.5586070 1.3177685 1.0104714 1.5628867 1.5220474 1.4866758 1.4949380 1.5811491 1.5984494 1.3512371 1.5857458 1.9512896 
Nemnom_g19733.t1                                        1.6781879 1.1176942 1.2008125 1.0997980 1.1078190 1.3357405 0.8727777 1.3809078 1.2729756 1.1615641 1.2210886 1.0664799 1.2007913 1.3725218 0.8576298 0.8246488 0.7022051 0.8368722 0.8319189 0.8424692 0.9166396 0.9380333 0.8009267 1.0197091 0.7355775 0.9376486 0.6671130 0.9635929 0.8140953 0.9456514 0.9475883 0.7684838 0.3660972 0.3156974 0.0098946 0.0000000 0.0955503 0.9746295 1.0287841 0.9337064 1.0423302 1.1443263 0.4491649 0.6142631 0.5774019 0.8037838 0.8044959 0.9630350 1.1100666 1.5416342 1.6630343 1.6523908 1.0842841 0.9395711 1.4537274 1.5407848 1.6659345 1.7280516 1.4823706 1.4565042 1.6370910 1.4729536 1.4620512 1.6785208 1.1386731 1.6200542 1.6832390 1.2619335 1.5967222 1.4292272 1.5343187 1.5155072 1.2423157 1.1697522 1.0787838 1.0526479 1.1681516 1.7710245 1.1201574 0.9009838 1.0462851 1.0794435 1.2871607 1.2652583 1.3556337 1.5452854 1.3235273 1.0104714 1.5771543 1.5484616 1.5216466 1.5299890 1.6068766 1.6137748 1.3322664 1.5857458 1.9389286 
Rhoesc_Res_000623-T1                                    1.6814974 1.0725965 1.1777996 1.0765323 1.0837742 1.3510712 0.9547773 1.4295987 1.3173655 1.1587232 1.2589557 1.0446240 1.1743472 1.4283688 0.8729764 0.8209963 0.6969140 0.8564965 0.8371748 0.8460834 0.9363542 0.9393250 0.7937701 1.0111728 0.7174834 0.9139884 0.6650829 0.9751258 0.8008170 0.9588196 0.9469970 0.7558074 0.3582986 0.2932173 0.0975830 0.0955503 0.0000000 0.9734250 0.9922783 0.9080828 1.0817236 1.1456711 0.4644154 0.6475388 0.5953048 0.7984842 0.8427921 0.9737713 1.1189064 1.5249414 1.6607093 1.6527724 1.1034817 0.9502574 1.4523318 1.5094185 1.6618550 1.7294798 1.4705422 1.4515434 1.6513627 1.4553255 1.4433340 1.6046038 1.1419405 1.6349771 1.6088844 1.2445714 1.5958145 1.4318799 1.5577176 1.5273805 1.2468272 1.1694773 1.0887237 1.0442200 1.1623108 1.7952476 1.1227617 0.9677568 1.0381377 1.1040134 1.2714774 1.2626963 1.3738398 1.5673719 1.3312806 1.0285790 1.5904745 1.5422741 1.5154511 1.5236938 1.6254282 1.6365861 1.3523492 1.6165649 1.9847018 
Skow_XM_002735988.2                                     1.6801534 1.2976600 1.2171304 1.1130078 1.1726302 1.4142134 0.8483713 1.3579446 1.3218583 1.2499962 1.3706727 1.0254105 1.1284724 1.4504389 0.9406388 0.9307231 0.8382588 0.9815760 0.9940324 0.9973580 0.9539613 1.0449185 0.9417492 1.1360722 0.7119394 0.7015855 0.5945633 0.8198610 0.6276689 0.7578988 0.6842163 0.6296157 1.0498629 1.0419507 0.9477268 0.9746295 0.9734250 0.0000000 0.6879703 0.6457062 0.8396514 0.8809865 0.9363042 1.1288456 0.9796566 0.9828879 1.0137038 1.0076760 1.1041804 1.5706076 1.5862315 1.5911662 1.2107207 1.0143615 1.3436870 1.4422784 1.5529766 1.6791931 1.4685217 1.4968463 1.6063074 1.4985460 1.4487162 1.5757534 1.1656955 1.5252751 1.5793291 1.2642291 1.5050321 1.4514752 1.4878950 1.4725386 1.2585644 1.1960818 0.9519457 1.1224919 1.0466196 1.7633766 1.1510449 0.9956913 1.0917439 1.0745390 1.2404743 1.2160230 1.3377706 1.3938404 1.2843789 1.0391169 1.4632303 1.4018385 1.3847394 1.3796814 1.4637140 1.4916021 1.3181299 1.5756214 1.4586759 
