78
Emue_Em0013g146a.t1                                                  0.0000000 0.7925089 2.2711890 2.1732105 2.5808201 2.3508386 2.1353270 2.4965046 2.2926326 2.1917739 2.3139420 2.3748110 2.1717402 2.4197007 2.5222089 2.2878363 2.3882189 2.0862735 2.2404662 2.4073553 2.0959878 2.4377677 2.2835546 2.4282112 2.5132604 2.5030545 3.6307682 2.6173287 2.8795393 2.3464440 2.2113422 2.4722411 2.6961660 2.2254400 2.2166284 2.1562646 5.6229327 2.4431200 2.7159886 2.6476498 5.3746669 4.8906787 3.3776373 8.3184960 6.2875209 3.5461051 3.4096388 3.5911436 2.1455205 3.5440502 3.3859264 3.3549401 3.2086884 3.1933330 3.0323793 3.0261492 3.0448689 2.9643277 2.6833892 3.2405084 2.5620748 3.2105323 4.5968108 3.3462812 3.3347282 2.4275711 2.8511309 2.6799149 1.2085171 3.9832923 1.3445116 1.7769133 1.9949018 1.7026834 2.5936881 2.3606906 2.9898598 2.4077705 
Adig_XM_015904001.1                                                  0.7925089 0.0000000 0.0692508 0.1214852 0.1708484 0.2588582 0.2485601 0.0000010 0.4701878 0.4370725 0.4276358 0.4864811 0.4484345 0.4520118 0.5396346 0.5324653 0.8526293 0.8526293 0.8307568 0.8223337 0.8223337 0.8674092 0.5329343 0.6104153 0.5827586 0.6989690 0.7658427 0.6492374 0.7294216 0.5598450 0.6092826 0.7417870 0.9698805 0.6396460 0.6997040 0.6558906 0.0000010 0.8299057 0.7994499 0.8203391 1.8028855 1.0090373 1.4445423 0.0000010 0.0000010 1.5048004 1.5499095 1.4869592 1.5103636 1.4590360 1.2948360 1.2948360 1.3298648 1.3173294 1.4032855 1.3879422 1.3748553 1.2098040 1.2098040 1.2969937 1.5424622 1.2919920 0.7169602 1.1711510 1.1657354 1.1795145 1.1852846 1.1852846 0.7925089 0.0000010 0.8269811 0.8794239 0.7432405 0.8059763 0.8194409 0.8666632 1.4545043 0.8187908 
Gfas_gfas1.m1.2492.m1                                                2.2711890 0.0692508 0.0000000 0.2249323 0.2971217 0.3055793 0.3420149 0.2707612 0.4713984 0.6192655 0.6198579 0.7000470 0.7540878 0.7131233 0.7476209 0.6687818 0.9468560 0.8700432 0.8935106 0.8612206 0.7339719 0.8634711 0.9514645 0.7214830 0.8420588 0.8037742 0.8874909 0.7510954 0.8889141 0.9042840 0.8284648 0.8111373 0.8220166 0.8548696 1.0025971 0.9017750 1.1521049 1.0416851 1.2160157 1.1332162 1.6960201 1.5563457 1.6748166 1.7555713 1.7510178 1.7802995 1.6998416 1.6413209 1.6338475 1.6028545 1.5040004 1.5102897 1.7896136 1.7837086 1.5879653 1.5277940 1.5027442 1.4505606 1.3052874 1.5681420 1.3804531 1.5512161 1.5859907 1.4785562 1.4843741 1.1049842 1.4158282 1.3043401 0.8977648 1.1116237 0.9439167 0.9253023 0.8979712 1.0189378 1.0238822 1.0141193 1.2601347 0.9513594 
Fspp_ffun1.m4.3825.m1                                                2.1732105 0.1214852 0.2249323 0.0000000 0.1649314 0.1713269 0.1617552 0.2688729 0.4507577 0.5534462 0.5670404 0.6510018 0.7395633 0.7223529 0.7660975 0.6311586 0.9230358 0.8650096 0.8542723 0.8398565 0.7183521 0.8381450 0.8333878 0.6590855 0.7356613 0.7554552 0.8078970 0.7355951 0.8216156 0.8554806 0.7526170 0.8332904 0.7844625 0.7804136 0.8975126 0.8207553 0.9581671 0.9348793 1.1831553 1.1041633 1.5461199 1.4139498 1.5617056 1.6541828 1.7780017 1.7619865 1.6410316 1.5401798 1.4936249 1.5378262 1.4402799 1.4462923 1.6737306 1.6682610 1.4448143 1.4309130 1.3487859 1.3598745 1.2596522 1.5508298 1.3729546 1.4710922 1.4616477 1.4943860 1.4958395 1.1174856 1.3457794 1.2448305 0.8809836 1.0759055 0.9231643 0.8551802 0.7969835 0.9350261 1.0712358 1.0047196 1.1717363 1.0705755 
Gasp_gasp1.m3.18250.m1                                               2.5808201 0.1708484 0.2971217 0.1649314 0.0000000 0.2743225 0.2872140 0.3266760 0.4750706 0.5752199 0.5757304 0.6971140 0.7890859 0.7473672 0.7690418 0.6271558 0.9468968 0.8894135 0.8921319 0.8785821 0.7008433 0.8856389 0.7911054 0.6513881 0.7925123 0.8496945 0.8599648 0.7543539 0.8555964 0.8585412 0.7850399 0.8557651 0.8395291 0.8523969 0.9930869 0.8954615 1.0660339 0.9994548 1.2135975 1.1328797 1.6050821 1.4946654 1.6678969 1.7017660 1.7856184 1.8735283 1.7358696 1.6372825 1.6311433 1.6439471 1.5271366 1.5344852 1.7950840 1.7886563 1.5183183 1.4902169 1.4462893 1.3941395 1.2722326 1.5905266 1.4133282 1.5318748 1.5782255 1.5880842 1.5895663 1.0828510 1.4951355 1.3284647 0.9503023 1.1324027 1.0046957 0.8697745 0.8904799 1.0293659 1.0533332 0.9920665 1.1727624 1.1897233 
Spis_XP_022792944_1                                                  2.3508386 0.2588582 0.3055793 0.1713269 0.2743225 0.0000000 0.0847283 0.3226542 0.5031314 0.6554671 0.6615196 0.7639539 0.8205620 0.7675648 0.8107811 0.7609615 1.0266061 0.9523172 0.9514399 0.9314787 0.8014396 0.9359870 0.8698937 0.7407869 0.8840050 0.9395461 0.8517183 0.8355657 0.8805426 0.9328268 0.8391202 0.9167685 0.8371862 0.9857835 1.0737815 0.9892909 1.1858553 1.0925550 1.2396488 1.2566744 1.6373658 1.5111599 1.6413228 1.8031957 1.8154054 1.8720205 1.7316215 1.6237303 1.6556860 1.6106996 1.5806182 1.5879602 1.7834835 1.7886189 1.6263584 1.6189216 1.5406189 1.4824905 1.3316465 1.7443770 1.4912297 1.6658645 1.6095605 1.6945418 1.6978596 1.2093419 1.5530108 1.4017445 0.9554593 1.1376572 0.9956910 0.9729859 0.8903307 1.0364411 1.1370489 1.1100798 1.2298482 1.1241926 
Pocdam_XM_027199019.1                                                2.1353270 0.2485601 0.3420149 0.1617552 0.2872140 0.0847283 0.0000000 0.4069223 0.5231488 0.6684116 0.6755333 0.8076726 0.8371464 0.7615317 0.8518271 0.7573751 1.0949161 1.0278076 1.0002418 1.0104329 0.8854708 0.9808091 0.8963721 0.7630509 0.9309419 0.9802809 0.8986189 0.8939184 0.9165213 0.9888050 0.7999926 0.9063360 0.9326626 1.0425706 1.1376181 1.0635438 1.4978627 1.1792243 1.3259208 1.2459763 1.4314129 1.2970860 1.4845520 1.4758497 1.5168362 1.7303238 1.5314470 1.4746348 1.6898660 1.4745061 1.4685623 1.4899544 1.7089828 1.7152782 1.7410835 1.7179899 1.5821476 1.4797077 1.3451861 1.6375300 1.2082097 1.5841540 1.4984460 1.7093851 1.7135187 1.1506492 1.5432786 1.3831270 0.9140896 1.1684084 0.9718021 1.0162240 0.9242573 0.9644181 1.2182362 1.1846713 1.2159833 1.2050694 
Amil_Amillepora03410-RA                                              2.4965046 0.0000010 0.2707612 0.2688729 0.3266760 0.3226542 0.4069223 0.0000000 0.5738274 0.6196314 0.6619697 0.7536159 0.7681705 0.7264114 0.7198922 0.6346814 0.9750320 0.9050801 0.8836190 0.9074755 0.7343463 0.8814590 0.8900572 0.7386002 0.7276337 0.8475396 0.8388410 0.8294457 0.8592743 0.8931270 0.7964923 0.7798483 0.8599706 0.8374478 0.9729030 0.9323366 1.0464733 1.0418261 1.1194327 1.0665418 1.5984836 1.4875169 1.6308086 1.7525145 1.8085589 1.7441459 1.6588314 1.5663754 1.5740382 1.6055043 1.4862421 1.5056041 1.7128076 1.7067270 1.4958690 1.4732381 1.4754973 1.3702963 1.3082844 1.5106808 1.3656227 1.4661563 1.4735559 1.5088863 1.5068499 1.1052489 1.5456811 1.3897953 0.9811726 1.1303547 0.9847090 0.8853254 0.8155183 1.0483875 1.0790709 1.0308349 1.2692669 1.0087786 
Nvec_v1g118418                                                       2.2926326 0.4701878 0.4713984 0.4507577 0.4750706 0.5031314 0.5231488 0.5738274 0.0000000 0.4488273 0.5741966 0.5466448 0.5746518 0.6298961 0.6744480 0.6151590 0.7930643 0.7781932 0.7640602 0.7515355 0.6803100 0.7551588 0.8369978 0.6039779 0.6672811 0.6817490 0.6772669 0.6940824 0.6732168 0.7627280 0.6243336 0.6736650 0.7455359 0.7902563 0.8109302 0.8342239 0.9136674 0.8547003 0.9415140 0.9680959 1.4300387 1.3507263 1.4038292 1.6204120 1.6765110 1.4743514 1.4497475 1.4580623 1.3332543 1.4178726 1.3568169 1.3756722 1.4937967 1.4889749 1.2827920 1.2681190 1.2389298 1.1291575 1.1180766 1.3070730 1.2916506 1.2400111 1.2934421 1.2719667 1.2717946 1.0578990 1.2312028 1.1987914 0.8130683 0.8473463 0.8522628 0.8722271 0.7611288 0.8958478 1.0664794 1.1278550 1.1830391 0.8624346 
Exapal_XM_021052857.2                                                2.1917739 0.4370725 0.6192655 0.5534462 0.5752199 0.6554671 0.6684116 0.6196314 0.4488273 0.0000000 0.6290662 0.6104351 0.7362062 0.7203084 0.7323728 0.6982667 0.8883491 0.8653926 0.8861361 0.8830076 0.8003240 0.8826110 0.8390912 0.6779825 0.7202172 0.7701090 0.8449844 0.7609812 0.7265094 0.7897900 0.7602932 0.8761577 0.8588769 0.8314733 0.8805435 0.8019176 0.9597866 0.9176950 0.9780975 0.9299138 1.6668587 1.5685479 1.5657143 1.9029595 1.6925201 1.6691940 1.5122538 1.5580705 1.4101022 1.5441840 1.4894137 1.5096436 1.6073905 1.6124849 1.4016298 1.3574981 1.3078237 1.3027071 1.2528455 1.4448187 1.4482188 1.3577001 1.4204428 1.2824531 1.2889948 1.1434187 1.2974654 1.2161729 0.8217381 0.8688174 0.8309644 0.7342955 0.7010372 0.8162530 1.0310248 0.9982039 1.1185198 0.8339227 
Acagra_model.g278.t1.2.5d3b821e                                      2.3139420 0.4276358 0.6198579 0.5670404 0.5757304 0.6615196 0.6755333 0.6619697 0.5741966 0.6290662 0.0000000 0.4653670 0.6509636 0.7658746 0.7566089 0.5888035 0.9120099 0.7732068 0.9037449 0.9672289 0.7857364 0.9011789 0.8795939 0.7044864 0.7572043 0.8089385 0.8509255 0.7105641 0.6429425 0.8846974 0.7383973 0.6410230 0.8634908 0.9177320 1.0911795 0.9784428 1.2253651 0.9724874 1.0136810 0.9916685 1.5844045 1.4484659 1.4630201 1.6621148 1.5364778 1.5939073 1.5535360 1.5030089 1.3269798 1.5105626 1.3908837 1.4268501 1.6141500 1.6089881 1.2777764 1.2316865 1.2383482 1.2271260 1.0825415 1.4553902 1.1896439 1.3311281 1.4009116 1.4310964 1.4365656 0.9577276 1.3316499 1.2316118 0.9649987 1.1663225 0.9969255 1.0002885 0.9112401 1.0817072 1.1956895 1.1479916 1.1253625 0.9100450 
Cgig_XM_011430107.3                                                  2.3748110 0.4864811 0.7000470 0.6510018 0.6971140 0.7639539 0.8076726 0.7536159 0.5466448 0.6104351 0.4653670 0.0000000 0.5676230 0.8161570 0.7970851 0.7058918 0.9612021 0.7775807 0.9419336 0.8707318 0.7337018 0.8980576 0.8548666 0.7444497 0.7648756 0.8652951 0.9628203 0.7867122 0.6818092 0.9055269 0.7843014 0.6870825 0.9022908 0.9323579 1.0253578 0.9635416 1.3390416 1.1153162 0.9812008 0.9836049 1.8043731 1.6712780 1.5883730 1.9681864 1.7877945 1.6483934 1.6416940 1.6918929 1.3665770 1.7016196 1.5748799 1.5912625 1.7322220 1.7265477 1.4426232 1.3999844 1.3774413 1.3008336 1.1593954 1.5316260 1.1604727 1.3900138 1.5014985 1.4039961 1.4114502 0.9702070 1.3862695 1.2709326 0.9643269 1.1097763 0.9826274 0.8741741 0.9573747 1.0187859 1.1316552 1.0998481 1.1782917 0.9286082 
Dpul_mRNA29061                                                       2.1717402 0.4484345 0.7540878 0.7395633 0.7890859 0.8205620 0.8371464 0.7681705 0.5746518 0.7362062 0.6509636 0.5676230 0.0000000 0.7946515 0.7701867 0.6598165 0.8589741 0.7361637 0.8692042 0.8519525 0.7423468 0.8242662 0.7783617 0.7679520 0.8373207 0.7607834 0.8946410 0.6759082 0.6792087 0.8226744 0.7015892 0.7323144 0.7749630 0.7588701 0.8589343 0.8574056 1.2187555 0.9204890 0.8165487 0.7513788 1.7112102 1.6219995 1.4036598 1.8331466 1.6338459 1.3782262 1.3932304 1.3544142 1.0777809 1.4017875 1.3173517 1.2985165 1.4508856 1.4558055 1.2431237 1.1975312 1.1467059 1.1151982 0.9866597 1.3656052 1.1016702 1.2544498 1.4420467 1.1836076 1.1846674 0.9391467 1.1933406 1.0948375 0.9227917 1.1815076 0.9561906 0.9775001 0.9597582 0.9139495 1.1070132 1.1204234 1.1758370 0.9393351 
Dgig_XM_028535151.1                                                  2.4197007 0.4520118 0.7131233 0.7223529 0.7473672 0.7675648 0.7615317 0.7264114 0.6298961 0.7203084 0.7658746 0.8161570 0.7946515 0.0000000 0.2656967 0.7237522 1.0061048 0.9314758 0.9413806 1.0025270 0.8474366 0.9760438 0.8747083 0.7748614 0.7833600 0.8135013 0.8669922 0.8121231 0.8820947 1.0626738 0.9113430 0.9448506 0.8129459 1.0114950 1.1243760 1.0991456 1.4445860 1.1115665 1.0900645 1.0838412 1.7121623 1.6251772 1.5665465 1.9695073 1.7003437 1.6868451 1.6974393 1.6649439 1.4670052 1.5636975 1.6518788 1.6467625 1.6931461 1.6982085 1.5262362 1.5098972 1.5281635 1.4768765 1.2965545 1.6525395 1.4887230 1.5796964 1.7766356 1.6120856 1.6137240 1.2124070 1.5525229 1.4570824 1.0727319 1.3452678 1.0981991 0.9659757 1.0843826 1.0156434 1.1475636 1.1583845 1.2824124 1.0751578 
Xesp_013974-T1                                                       2.5222089 0.5396346 0.7476209 0.7660975 0.7690418 0.8107811 0.8518271 0.7198922 0.6744480 0.7323728 0.7566089 0.7970851 0.7701867 0.2656967 0.0000000 0.7136371 0.9765901 0.9293845 0.9136136 1.0262230 0.8582220 0.9801729 0.9060991 0.7739262 0.7922558 0.8135524 0.8582104 0.7730333 0.8244255 1.0211857 0.8811216 0.8126635 0.8029272 1.0237029 1.1452973 1.0504118 1.4363411 1.1280162 1.0270778 1.0307252 1.6815559 1.5783080 1.5450354 1.9687088 1.7484494 1.6610926 1.6652280 1.6672576 1.4083611 1.5752250 1.5766300 1.5988736 1.6300544 1.6350289 1.5153189 1.5296103 1.5323533 1.4166409 1.2851873 1.5241406 1.4283010 1.4392468 1.5703102 1.4276617 1.4163249 1.0769868 1.5598900 1.4592698 1.0711095 1.3807597 1.1174079 1.0150390 1.0576620 1.0366157 1.1107862 1.1051559 1.2660474 1.1134594 
Bralan_BLAG03001105_1                                                2.2878363 0.5324653 0.6687818 0.6311586 0.6271558 0.7609615 0.7573751 0.6346814 0.6151590 0.6982667 0.5888035 0.7058918 0.6598165 0.7237522 0.7136371 0.0000000 0.8168468 0.7627861 0.7733970 0.8066737 0.6582054 0.7785093 0.7473096 0.7756469 0.7784110 0.8075143 0.8922718 0.6707527 0.7105046 0.9356973 0.8545059 0.7453059 0.7912081 0.8525675 1.0175379 0.8930409 1.1920992 0.8826573 0.9019299 0.9192866 1.4559434 1.3817818 1.3465978 1.6033421 1.4503061 1.4743163 1.4484486 1.4378529 1.2600898 1.3501277 1.3363075 1.3796011 1.4777944 1.4826862 1.3050485 1.2788453 1.2491282 1.1962875 1.1618376 1.3498496 1.2269445 1.3048230 1.3437104 1.2586805 1.2610081 1.0735018 1.1880997 1.1545238 0.9324003 1.0540491 0.9673391 0.8839137 0.8731081 0.9623686 1.0484073 0.9903191 1.0291375 0.9329933 
Hhon_g02246.t1                                                       2.3882189 0.8526293 0.9468560 0.9230358 0.9468968 1.0266061 1.0949161 0.9750320 0.7930643 0.8883491 0.9120099 0.9612021 0.8589741 1.0061048 0.9765901 0.8168468 0.0000000 0.0492316 0.0844013 0.1750997 0.1229264 0.1372177 1.0037184 0.8900946 0.9510205 0.9459221 1.0334441 0.8915161 0.8994833 0.9872060 0.8569343 0.9570711 1.0515040 0.8416498 0.8744208 0.8382603 1.0514067 0.8793347 1.1413492 1.0686108 1.5139168 1.4420749 1.3203990 1.6668389 1.3430243 1.3428836 1.3417024 1.4322980 1.1488806 1.4265286 1.2170193 1.2364861 1.3495230 1.3543103 1.1375584 1.0908847 1.1336747 1.1153203 1.0911840 1.1704620 1.1344750 1.1888535 1.1472924 1.1629348 1.1629348 0.8494278 1.0677208 0.9774323 1.0070285 1.2129551 1.0623657 1.0317629 0.9818635 1.0840614 0.9908049 0.8807260 1.3257850 1.0100291 
HoiH04_mRNA11897                                                     2.0862735 0.8526293 0.8700432 0.8650096 0.8894135 0.9523172 1.0278076 0.9050801 0.7781932 0.8653926 0.7732068 0.7775807 0.7361637 0.9314758 0.9293845 0.7627861 0.0492316 0.0000000 0.1167761 0.1602550 0.1340771 0.1583102 0.9148104 0.7580125 0.7934648 0.8104768 0.8855534 0.7632658 0.7560439 0.9156427 0.8167990 0.8385458 0.9484701 0.8012892 0.8230973 0.7773327 1.1773314 0.8537861 0.9208448 0.8772124 1.3858436 1.3072949 1.2106611 1.5078008 1.4647544 1.2308137 1.2129028 1.2555023 1.1488806 1.2684049 1.1002563 1.1243312 1.2060166 1.2117040 1.0087275 0.9906558 1.0163058 1.0631134 1.0541044 1.0951969 1.0961065 1.0499401 0.9457472 1.0411266 1.0411266 0.8441462 0.9892175 0.9832419 0.9161234 1.0201575 0.9492344 0.9967325 0.8980367 0.9325301 0.9258505 0.8616445 1.2783929 0.8709888 
HoiH23_PlH23_003494-RA                                               2.2404662 0.8307568 0.8935106 0.8542723 0.8921319 0.9514399 1.0002418 0.8836190 0.7640602 0.8861361 0.9037449 0.9419336 0.8692042 0.9413806 0.9136136 0.7733970 0.0844013 0.1167761 0.0000000 0.1748948 0.1234005 0.1336132 0.9944874 0.8912783 0.8751331 0.8801951 0.9710956 0.8806043 0.8920472 0.9917317 0.8540209 0.8762799 1.0021260 0.8391864 0.8811565 0.8513536 1.0576803 0.9272821 1.1175378 1.0742118 1.4875543 1.4154166 1.3135547 1.7087591 1.3923965 1.3425824 1.3107642 1.4009055 1.0440716 1.4140671 1.2424590 1.2770858 1.3247209 1.3294879 1.1855428 1.1691741 1.1879458 1.1150987 1.0467838 1.1294606 1.1003728 1.1730300 1.1231480 1.1383639 1.1383639 0.8100417 1.1056887 0.9910097 1.0115660 1.2117852 1.0678017 1.0015775 0.9782304 1.0536979 0.9732765 0.8981433 1.3194926 1.0027672 
TrH2_TrispH2_010833-RA                                               2.4073553 0.8223337 0.8612206 0.8398565 0.8785821 0.9314787 1.0104329 0.9074755 0.7515355 0.8830076 0.9672289 0.8707318 0.8519525 1.0025270 1.0262230 0.8066737 0.1750997 0.1602550 0.1748948 0.0000000 0.0117465 0.1538370 1.0326178 0.8669103 0.8994769 0.8883145 0.9598250 0.8921273 0.9217420 0.9983415 0.8762664 0.9378155 0.9759945 0.8636233 0.9029619 0.8567730 1.1310291 0.9421654 1.1117397 1.1306484 1.6016469 1.5328877 1.4288521 1.8033481 1.5087402 1.4120609 1.4281591 1.4865278 1.1782686 1.5122809 1.3575947 1.3843193 1.4148316 1.4196728 1.2330867 1.2189642 1.2337277 1.1486180 1.0649748 1.2018455 1.1500582 1.2033795 1.1466609 1.1859369 1.1859369 0.8668481 1.0530143 0.9573572 0.9839556 1.1853191 1.0548353 0.9708527 1.0039030 1.0942760 0.9951993 0.9111395 1.3138384 1.0129815 
Tadh_TriadT58518                                                     2.0959878 0.8223337 0.7339719 0.7183521 0.7008433 0.8014396 0.8854708 0.7343463 0.6803100 0.8003240 0.7857364 0.7337018 0.7423468 0.8474366 0.8582220 0.6582054 0.1229264 0.1340771 0.1234005 0.0117465 0.0000000 0.0979220 0.8627958 0.6912945 0.6716387 0.7140630 0.7253545 0.7134153 0.7204544 0.8380728 0.7579934 0.8446726 0.8362620 0.7908854 0.7902674 0.7474910 0.8906059 0.8172215 0.9306877 0.9558647 1.3962656 1.3206029 1.2833050 1.5131536 1.4842082 1.2918584 1.2858856 1.3052059 1.1782686 1.3368048 1.1643135 1.1924918 1.2119497 1.2171766 1.0745054 1.0784218 1.0704568 1.0321098 1.0354285 1.0723976 1.0998147 1.0575977 0.9544791 1.0532447 1.0532447 0.8592483 0.9557005 0.9609889 0.8579355 0.9308009 0.9211515 0.8777510 0.8511678 0.9310762 0.9840032 0.8772253 1.3343730 0.8703619 
HoiH11_mRNA978                                                       2.4377677 0.8674092 0.8634711 0.8381450 0.8856389 0.9359870 0.9808091 0.8814590 0.7551588 0.8826110 0.9011789 0.8980576 0.8242662 0.9760438 0.9801729 0.7785093 0.1372177 0.1583102 0.1336132 0.1538370 0.0979220 0.0000000 0.9755566 0.8754217 0.8914708 0.8800601 0.9654631 0.8511826 0.8993939 0.9812997 0.8753173 0.9304739 0.9975629 0.8624260 0.8943918 0.8687930 1.0301498 0.9161684 1.1678177 1.1203428 1.4519967 1.3732809 1.3199922 1.5811012 1.4101800 1.3593430 1.3534968 1.3946682 1.2028648 1.3915868 1.2356836 1.2554082 1.3424925 1.3472763 1.1971795 1.1792815 1.1953425 1.0756623 1.0236356 1.1741660 1.1337979 1.1922873 1.1200619 1.1624014 1.1624014 0.8880908 1.0717704 0.9577372 0.9827613 1.1432191 1.0536133 0.9888206 1.0208664 1.1017432 0.9678528 0.8950771 1.3021222 1.0123908 
Spur_XM_030985739.1                                                  2.2835546 0.5329343 0.9514645 0.8333878 0.7911054 0.8698937 0.8963721 0.8900572 0.8369978 0.8390912 0.8795939 0.8548666 0.7783617 0.8747083 0.9060991 0.7473096 1.0037184 0.9148104 0.9944874 1.0326178 0.8627958 0.9755566 0.0000000 1.0017594 0.9804778 0.9628279 1.0177882 0.8788509 1.0132353 0.9794204 0.8699552 0.9088381 1.0393332 0.9693422 0.8926360 0.9266954 1.1822113 0.9571880 1.0731444 1.0298005 1.7010023 1.6121547 1.5856935 1.9355185 1.8527808 1.7333814 1.6994499 1.6418589 1.3825482 1.6189659 1.5980169 1.6070739 1.6020443 1.5917739 1.4117976 1.3878518 1.4128352 1.3310036 1.2595974 1.3721585 1.2475348 1.3029989 1.3611761 1.2703406 1.2711367 1.0781791 1.2938410 1.2467668 0.9968067 1.1904619 1.0601192 0.9884715 1.0593310 0.9815010 1.1929765 1.1728017 1.2261885 1.0581048 
Morvir_scaffold286.g8.t1                                             2.4282112 0.6104153 0.7214830 0.6590855 0.6513881 0.7407869 0.7630509 0.7386002 0.6039779 0.6779825 0.7044864 0.7444497 0.7679520 0.7748614 0.7739262 0.7756469 0.8900946 0.7580125 0.8912783 0.8669103 0.6912945 0.8754217 1.0017594 0.0000000 0.5646110 0.5617424 0.6134371 0.6678614 0.7927991 0.8325462 0.6971365 0.8561625 0.7026315 0.8423906 0.9296344 0.9320152 1.1677180 0.9807309 1.0075429 1.0121772 1.7566867 1.6527173 1.5607655 1.7724723 1.6172499 1.6502615 1.6965775 1.6442261 1.5593528 1.6215127 1.5002983 1.5141782 1.5771617 1.5669850 1.4675493 1.4536866 1.3930707 1.3469530 1.2184959 1.4419838 1.2771788 1.3722969 1.4735979 1.3726953 1.3764847 1.0817362 1.3804024 1.2794843 0.8896467 1.0574287 0.9530304 0.8900911 0.8443528 0.9882177 1.0602831 1.0297596 1.2320488 1.0128393 
Aaur_scaffold256.g7.t3                                               2.5132604 0.5827586 0.8420588 0.7356613 0.7925123 0.8840050 0.9309419 0.7276337 0.6672811 0.7202172 0.7572043 0.7648756 0.8373207 0.7833600 0.7922558 0.7784110 0.9510205 0.7934648 0.8751331 0.8994769 0.6716387 0.8914708 0.9804778 0.5646110 0.0000000 0.2617382 0.3026658 0.7596404 0.7550519 0.8514335 0.7524271 0.8734820 0.4589330 0.8984325 0.9601446 0.9162777 1.1181701 0.9745825 0.9700340 1.0676144 1.7555631 1.6885332 1.5342486 1.9292849 1.6626962 1.5483148 1.5757146 1.5158558 1.2518014 1.5683330 1.4565704 1.4863505 1.5166972 1.5118545 1.3993754 1.4005141 1.3267053 1.2154435 1.0696608 1.4703827 1.3350863 1.4089953 1.5994279 1.4588600 1.4608302 1.0788283 1.4537437 1.3074654 0.9677054 1.1819896 1.0249234 0.8619805 0.8031977 0.9469914 1.1022210 1.0666888 1.2803788 1.0117692 
Rhoesc_Res_006543-T1                                                 2.5030545 0.6989690 0.8037742 0.7554552 0.8496945 0.9395461 0.9802809 0.8475396 0.6817490 0.7701090 0.8089385 0.8652951 0.7607834 0.8135013 0.8135524 0.8075143 0.9459221 0.8104768 0.8801951 0.8883145 0.7140630 0.8800601 0.9628279 0.5617424 0.2617382 0.0000000 0.2247421 0.7284800 0.7516719 0.7823410 0.7706100 0.9410173 0.4839247 0.9320589 1.0463348 1.0053447 1.2262910 0.9687953 1.0409839 1.0074223 1.7095494 1.6178714 1.4340364 1.7935266 1.7519319 1.4888434 1.4911025 1.4702781 1.2972585 1.5203867 1.3991110 1.3949445 1.4734286 1.4783635 1.3510887 1.3498889 1.2759999 1.2983488 1.1100700 1.4480463 1.2798263 1.3972457 1.5240194 1.3909169 1.4016152 1.1215877 1.4135385 1.2754944 0.9612700 1.1569005 1.0240645 0.9085798 0.9293997 0.9406451 1.1427957 1.0952211 1.2262009 0.9807481 
Nemnom_g11832.t1                                                     3.6307682 0.7658427 0.8874909 0.8078970 0.8599648 0.8517183 0.8986189 0.8388410 0.6772669 0.8449844 0.8509255 0.9628203 0.8946410 0.8669922 0.8582104 0.8922718 1.0334441 0.8855534 0.9710956 0.9598250 0.7253545 0.9654631 1.0177882 0.6134371 0.3026658 0.2247421 0.0000000 0.8129273 0.7868640 0.9205176 0.8869521 0.9685475 0.4259945 1.0619737 1.1054761 1.0754338 1.2452267 1.1231002 1.2141312 1.1777530 1.7151442 1.6139531 1.5883369 1.8559758 1.7862028 1.6475161 1.6018384 1.5419151 1.0810310 1.5729123 1.4871208 1.5272258 1.5552850 1.5612645 1.3588382 1.3585886 1.3403896 1.2455538 1.0751681 1.4099140 1.1527448 1.3391234 1.4648750 1.4013169 1.4060069 1.0332152 1.4636899 1.3230413 0.9939978 1.1408097 1.0847476 0.9207456 0.8980272 1.0376161 1.2693110 1.1099035 1.2753496 1.1989538 
Hsap_ENST00000358776                                                 2.6173287 0.6492374 0.7510954 0.7355951 0.7543539 0.8355657 0.8939184 0.8294457 0.6940824 0.7609812 0.7105641 0.7867122 0.6759082 0.8121231 0.7730333 0.6707527 0.8915161 0.7632658 0.8806043 0.8921273 0.7134153 0.8511826 0.8788509 0.6678614 0.7596404 0.7284800 0.8129273 0.0000000 0.7634631 0.9734295 0.7781025 0.7931064 0.7541996 0.9724293 1.0003279 0.9594862 1.3682821 1.0086729 0.9174644 0.8945167 1.7909245 1.7121400 1.5095650 2.0688354 1.8459496 1.4884281 1.5702023 1.4643252 1.0907473 1.4953485 1.3598720 1.3726365 1.4959133 1.4912145 1.3882174 1.3360816 1.2639485 1.2191506 1.0886167 1.3803103 1.1322560 1.2783477 1.4880870 1.2665787 1.2675509 0.9519567 1.3368356 1.2552742 0.8311866 1.0485625 0.9120424 1.0478853 0.9017991 1.0098179 1.0445658 1.1236854 1.1860082 0.8825599 
Cscu_XM_023377796.1                                                  2.8795393 0.7294216 0.8889141 0.8216156 0.8555964 0.8805426 0.9165213 0.8592743 0.6732168 0.7265094 0.6429425 0.6818092 0.6792087 0.8820947 0.8244255 0.7105046 0.8994833 0.7560439 0.8920472 0.9217420 0.7204544 0.8993939 1.0132353 0.7927991 0.7550519 0.7516719 0.7868640 0.7634631 0.0000000 0.9207195 0.8020440 0.8130171 0.8420362 0.9271059 1.0360109 0.9186521 1.0019129 1.0369957 0.9818245 0.9773990 1.3550989 1.2753817 1.2439121 1.4418737 1.3779944 1.2815687 1.2519208 1.2439168 1.0256447 1.2797988 1.2934271 1.2827808 1.3779152 1.3953265 1.2755837 1.2490224 1.2345365 1.2537645 1.1194463 1.4728720 1.1790664 1.3816833 1.4268012 1.2855335 1.2890128 1.0091927 1.3367955 1.2277146 1.0590524 1.1682653 1.0832303 0.9268099 0.8856018 1.0593098 1.2629879 1.1524752 1.1785916 1.1179383 
Hvul_g23479_1                                                        2.3464440 0.5598450 0.9042840 0.8554806 0.8585412 0.9328268 0.9888050 0.8931270 0.7627280 0.7897900 0.8846974 0.9055269 0.8226744 1.0626738 1.0211857 0.9356973 0.9872060 0.9156427 0.9917317 0.9983415 0.8380728 0.9812997 0.9794204 0.8325462 0.8514335 0.7823410 0.9205176 0.9734295 0.9207195 0.0000000 0.4531460 0.9610437 0.8893357 0.9355451 1.0179646 0.9464539 1.2296643 1.0541179 1.1382430 1.1161077 1.7704016 1.6944628 1.6226142 1.8985374 1.7576012 1.7241003 1.6588621 1.6496593 1.5109687 1.7159034 1.5161834 1.5570568 1.7217498 1.7106580 1.3748212 1.3598934 1.2677403 1.2784166 1.1598015 1.4347301 1.3663725 1.3614911 1.4965483 1.3839110 1.3864722 1.0601615 1.3539987 1.2303696 1.0230205 1.2837787 1.0829940 1.0351473 1.0158106 1.1236645 1.1406204 1.1348684 1.0994994 1.0681518 
Chem_TCONS_00029501                                                  2.2113422 0.6092826 0.8284648 0.7526170 0.7850399 0.8391202 0.7999926 0.7964923 0.6243336 0.7602932 0.7383973 0.7843014 0.7015892 0.9113430 0.8811216 0.8545059 0.8569343 0.8167990 0.8540209 0.8762664 0.7579934 0.8753173 0.8699552 0.6971365 0.7524271 0.7706100 0.8869521 0.7781025 0.8020440 0.4531460 0.0000000 0.8498380 0.9087152 0.8255203 0.9323265 0.8895773 1.1367503 0.9620354 0.9546760 0.9518495 1.6116549 1.5167592 1.4842221 1.8410480 1.5979940 1.5902874 1.5114046 1.5323524 1.3652579 1.5531217 1.4067944 1.4216582 1.4880541 1.4930517 1.2920869 1.2853129 1.2051174 1.2046015 1.1423919 1.2920750 1.1469485 1.2525703 1.3626504 1.2915117 1.2932234 1.0054736 1.3071154 1.2596068 0.9347166 1.1691315 1.0069779 0.9307982 1.0051805 1.1528525 1.0761914 1.0691545 1.2035679 0.9739241 
Ctel_gnl_WGS_AMQN_CAPTEDRAFT_mRNA161384                              2.4722411 0.7417870 0.8111373 0.8332904 0.8557651 0.9167685 0.9063360 0.7798483 0.6736650 0.8761577 0.6410230 0.6870825 0.7323144 0.9448506 0.8126635 0.7453059 0.9570711 0.8385458 0.8762799 0.9378155 0.8446726 0.9304739 0.9088381 0.8561625 0.8734820 0.9410173 0.9685475 0.7931064 0.8130171 0.9610437 0.8498380 0.0000000 0.8572027 0.9070677 1.0563781 0.9178360 1.1342485 1.0042022 0.8987582 0.9226956 1.4319373 1.3474873 1.4169477 1.5564039 1.4838363 1.5183820 1.4638165 1.4052644 1.2105354 1.4507661 1.3491479 1.3741991 1.4030524 1.3909928 1.3704688 1.3241771 1.3331539 1.2313194 1.1765888 1.3540853 1.1634620 1.3001960 1.3470961 1.2570801 1.2591069 0.9570590 1.3424202 1.2971080 1.0346734 1.1508126 1.0949152 0.9776584 0.9200128 1.0817251 1.0828200 1.0612241 1.2704007 0.9906158 
Sanmal_Sma_019254-T1                                                 2.6961660 0.9698805 0.8220166 0.7844625 0.8395291 0.8371862 0.9326626 0.8599706 0.7455359 0.8588769 0.8634908 0.9022908 0.7749630 0.8129459 0.8029272 0.7912081 1.0515040 0.9484701 1.0021260 0.9759945 0.8362620 0.9975629 1.0393332 0.7026315 0.4589330 0.4839247 0.4259945 0.7541996 0.8420362 0.8893357 0.9087152 0.8572027 0.0000000 0.9746687 1.0584845 1.0176696 1.1496182 1.0301671 1.0672753 1.0448442 1.6799122 1.6125821 1.5413426 1.7633898 1.5776984 1.5453053 1.6034022 1.5423945 1.4715756 1.5661911 1.4199990 1.4483626 1.5832991 1.5727698 1.3692637 1.3754805 1.3596492 1.2692204 1.1509766 1.5242927 1.3334864 1.4069713 1.4675106 1.3681908 1.3571546 1.0453791 1.3756415 1.3720726 1.0420086 1.0713090 1.0728152 1.0022371 0.9020916 0.9881173 1.2785973 1.2160438 1.4386823 0.8819485 
Lcom_lcpid92884                                                      2.2254400 0.6396460 0.8548696 0.7804136 0.8523969 0.9857835 1.0425706 0.8374478 0.7902563 0.8314733 0.9177320 0.9323579 0.7588701 1.0114950 1.0237029 0.8525675 0.8416498 0.8012892 0.8391864 0.8636233 0.7908854 0.8624260 0.9693422 0.8423906 0.8984325 0.9320589 1.0619737 0.9724293 0.9271059 0.9355451 0.8255203 0.9070677 0.9746687 0.0000000 0.3835343 0.2712704 0.4222884 0.5405584 1.0725191 1.0284974 1.8953855 1.7973874 1.5600596 1.9374740 1.5082371 1.6146548 1.5058737 1.5315084 1.3407798 1.5388471 1.4419039 1.4683042 1.5421124 1.5372563 1.3089931 1.3106108 1.2660163 1.3386553 1.2749332 1.3467113 1.2323055 1.3199330 1.4611540 1.2973322 1.3054519 1.0466409 1.2604675 1.1918114 0.9694590 1.2439983 1.0285695 0.9329523 0.9612833 1.0584985 1.0339127 1.0351292 1.1363244 1.1286446 
Gracom_Gcom_scaffold17108_01                                         2.2166284 0.6997040 1.0025971 0.8975126 0.9930869 1.0737815 1.1376181 0.9729030 0.8109302 0.8805435 1.0911795 1.0253578 0.8589343 1.1243760 1.1452973 1.0175379 0.8744208 0.8230973 0.8811565 0.9029619 0.7902674 0.8943918 0.8926360 0.9296344 0.9601446 1.0463348 1.1054761 1.0003279 1.0360109 1.0179646 0.9323265 1.0563781 1.0584845 0.3835343 0.0000000 0.2748094 0.4430522 0.6461962 1.1285527 1.1797871 1.8508976 1.8728162 1.7023857 2.1378417 1.6741282 1.7124872 1.7120615 1.6916284 1.4711998 1.6662559 1.6147846 1.6588676 1.6635626 1.6581282 1.4137498 1.4135528 1.3972246 1.3842549 1.2892973 1.3851073 1.3574348 1.3350172 1.4273971 1.3869024 1.3911576 1.1072771 1.3180383 1.2445320 0.9558533 1.3133219 1.0755037 0.9636430 0.9408701 1.1017507 1.0229318 1.1141578 1.2756701 1.1952796 
Scil_scict015687.1                                                   2.1562646 0.6558906 0.9017750 0.8207553 0.8954615 0.9892909 1.0635438 0.9323366 0.8342239 0.8019176 0.9784428 0.9635416 0.8574056 1.0991456 1.0504118 0.8930409 0.8382603 0.7773327 0.8513536 0.8567730 0.7474910 0.8687930 0.9266954 0.9320152 0.9162777 1.0053447 1.0754338 0.9594862 0.9186521 0.9464539 0.8895773 0.9178360 1.0176696 0.2712704 0.2748094 0.0000000 0.3560645 0.6262178 1.1103003 1.0396152 1.7724681 1.7240571 1.5571541 1.8563392 1.6359539 1.5883242 1.4961965 1.4394563 1.3701317 1.5282174 1.3928416 1.4313739 1.5465583 1.5416255 1.2332918 1.2284098 1.1816548 1.2548710 1.2354253 1.3468074 1.2347188 1.3161810 1.4327644 1.2686064 1.2712427 0.9885558 1.2447660 1.1891287 1.0072991 1.3493958 1.1146349 0.9431997 0.8662598 1.0002927 1.0536828 1.0562672 1.1967985 1.1523500 
Leuniv_Lniv_C778899_01                                               5.6229327 0.0000010 1.1521049 0.9581671 1.0660339 1.1858553 1.4978627 1.0464733 0.9136674 0.9597866 1.2253651 1.3390416 1.2187555 1.4445860 1.4363411 1.1920992 1.0514067 1.1773314 1.0576803 1.1310291 0.8906059 1.0301498 1.1822113 1.1677180 1.1181701 1.2262910 1.2452267 1.3682821 1.0019129 1.2296643 1.1367503 1.1342485 1.1496182 0.4222884 0.4430522 0.3560645 0.0000000 0.7876736 1.3871597 1.3929624 2.0171288 1.9779940 2.0161315 2.1396926 1.6658794 2.1607103 1.7893289 1.8602424 5.5430081 2.1815927 1.7403317 1.7989435 2.0711671 2.0711671 1.6680308 1.7119078 1.5226115 1.6227640 1.4068504 1.7599645 1.8201110 1.6309654 1.6576139 1.6768078 1.6825665 1.2732792 1.7477497 1.4489596 1.3241191 1.4920328 1.4389033 1.0769176 1.0866511 1.5152658 1.3175876 1.2396447 1.2383298 1.5179264 
Clacor_Ccor_C539147_01                                               2.4431200 0.8299057 1.0416851 0.9348793 0.9994548 1.0925550 1.1792243 1.0418261 0.8547003 0.9176950 0.9724874 1.1153162 0.9204890 1.1115665 1.1280162 0.8826573 0.8793347 0.8537861 0.9272821 0.9421654 0.8172215 0.9161684 0.9571880 0.9807309 0.9745825 0.9687953 1.1231002 1.0086729 1.0369957 1.0541179 0.9620354 1.0042022 1.0301671 0.5405584 0.6461962 0.6262178 0.7876736 0.0000000 1.1181921 1.0841856 1.6920689 1.6325915 1.5426001 1.8701991 1.5159347 1.5647219 1.5903780 1.6156963 1.4194306 1.6073346 1.4876390 1.4981606 1.5983144 1.5930926 1.2984536 1.2498483 1.3754931 1.3649792 1.3068171 1.4135664 1.3649680 1.3863471 1.4892498 1.3322605 1.3322605 1.0758781 1.3061998 1.2134372 0.9231506 1.0874801 0.9497813 0.9673467 0.9600590 1.0301259 1.1888886 0.9310774 1.3119363 1.0865546 
Tcas_TC005123_001                                                    2.7159886 0.7994499 1.2160157 1.1831553 1.2135975 1.2396488 1.3259208 1.1194327 0.9415140 0.9780975 1.0136810 0.9812008 0.8165487 1.0900645 1.0270778 0.9019299 1.1413492 0.9208448 1.1175378 1.1117397 0.9306877 1.1678177 1.0731444 1.0075429 0.9700340 1.0409839 1.2141312 0.9174644 0.9818245 1.1382430 0.9546760 0.8987582 1.0672753 1.0725191 1.1285527 1.1103003 1.3871597 1.1181921 0.0000000 0.4030494 1.7241983 1.6552390 1.7112238 2.1160384 1.6551003 1.6735492 1.7263032 1.6381889 1.4136394 1.6838230 1.6047666 1.6032309 1.6029417 1.6078866 1.4135265 1.4167596 1.3066484 1.2652444 1.0886143 1.5258171 1.2980102 1.5016689 1.6708462 1.3272160 1.3291587 1.0611923 1.4073854 1.3055273 1.2145716 1.5790946 1.3276852 1.1327324 1.0974487 1.1648751 1.2149103 1.1502612 1.3165644 1.1633409 
Tcas_TC005122_001                                                    2.6476498 0.8203391 1.1332162 1.1041633 1.1328797 1.2566744 1.2459763 1.0665418 0.9680959 0.9299138 0.9916685 0.9836049 0.7513788 1.0838412 1.0307252 0.9192866 1.0686108 0.8772124 1.0742118 1.1306484 0.9558647 1.1203428 1.0298005 1.0121772 1.0676144 1.0074223 1.1777530 0.8945167 0.9773990 1.1161077 0.9518495 0.9226956 1.0448442 1.0284974 1.1797871 1.0396152 1.3929624 1.0841856 0.4030494 0.0000000 1.6661939 1.5870069 1.6270070 1.9734121 1.5707121 1.5675341 1.6719786 1.6079513 1.4359762 1.5833621 1.4948841 1.5016342 1.6072213 1.5969273 1.3387463 1.3275040 1.2349671 1.2780030 1.1033876 1.5287530 1.3308882 1.5067484 1.6451686 1.2751496 1.2783539 0.9953281 1.3596398 1.2553153 1.2272190 1.4680689 1.2753008 1.1732579 1.0244373 1.1616810 1.0768852 1.1109062 1.1502472 1.2452452 
Hhon_g09808.t1                                                       5.3746669 1.8028855 1.6960201 1.5461199 1.6050821 1.6373658 1.4314129 1.5984836 1.4300387 1.6668587 1.5844045 1.8043731 1.7112102 1.7121623 1.6815559 1.4559434 1.5139168 1.3858436 1.4875543 1.6016469 1.3962656 1.4519967 1.7010023 1.7566867 1.7555631 1.7095494 1.7151442 1.7909245 1.3550989 1.7704016 1.6116549 1.4319373 1.6799122 1.8953855 1.8508976 1.7724681 2.0171288 1.6920689 1.7241983 1.6661939 0.0000000 0.0180531 0.1174053 0.1217858 0.4967274 0.6434267 0.4436905 0.4265093 0.4271932 0.4422862 0.4150947 0.4199288 0.8451431 0.8600243 1.1603145 1.0974103 1.1059515 1.0921822 0.9513860 1.4988603 1.2145145 1.3909576 1.3973761 1.4153395 1.4172088 0.9370697 1.3164186 1.1119102 2.0052928 2.1138617 2.1076829 1.7877437 1.6960495 1.8409016 1.7588982 1.6895749 1.7238403 2.2913847 
HoiH04_mRNA13301                                                     4.8906787 1.0090373 1.5563457 1.4139498 1.4946654 1.5111599 1.2970860 1.4875169 1.3507263 1.5685479 1.4484659 1.6712780 1.6219995 1.6251772 1.5783080 1.3817818 1.4420749 1.3072949 1.4154166 1.5328877 1.3206029 1.3732809 1.6121547 1.6527173 1.6885332 1.6178714 1.6139531 1.7121400 1.2753817 1.6944628 1.5167592 1.3474873 1.6125821 1.7973874 1.8728162 1.7240571 1.9779940 1.6325915 1.6552390 1.5870069 0.0180531 0.0000000 0.1221199 0.1113632 0.5105265 0.6015500 0.4114061 0.3945865 0.3695172 0.4093761 0.3769666 0.3816043 0.8056916 0.8196920 1.0699915 1.0214373 1.0187129 1.0329659 0.9071750 1.4072735 1.1082429 1.2965593 1.3030304 1.3367738 1.3386390 0.8617997 1.2415980 1.0432672 1.8833779 2.0701814 1.9773839 1.6673372 1.6747660 1.8243883 1.6714359 1.6122521 1.6605109 2.1652162 
Hhon_g09842.t1                                                       3.3776373 1.4445423 1.6748166 1.5617056 1.6678969 1.6413228 1.4845520 1.6308086 1.4038292 1.5657143 1.4630201 1.5883730 1.4036598 1.5665465 1.5450354 1.3465978 1.3203990 1.2106611 1.3135547 1.4288521 1.2833050 1.3199922 1.5856935 1.5607655 1.5342486 1.4340364 1.5883369 1.5095650 1.2439121 1.6226142 1.4842221 1.4169477 1.5413426 1.5600596 1.7023857 1.5571541 2.0161315 1.5426001 1.7112238 1.6270070 0.1174053 0.1221199 0.0000000 0.0560050 0.4079458 0.4260514 0.3124846 0.3140502 0.2801724 0.3454770 0.3141504 0.3214952 0.6142459 0.6130836 0.9428172 0.9045525 0.9284796 0.9108260 0.8058373 1.2058946 0.9348773 1.1484665 1.3145219 1.1524508 1.1550220 0.7824807 1.0232350 0.8879274 1.8373767 2.2304084 1.8652224 1.6654113 1.5969545 1.7744110 1.7021819 1.5821987 1.6496956 1.7902073 
HoiH04_mRNA15748                                                     8.3184960 0.0000010 1.7555713 1.6541828 1.7017660 1.8031957 1.4758497 1.7525145 1.6204120 1.9029595 1.6621148 1.9681864 1.8331466 1.9695073 1.9687088 1.6033421 1.6668389 1.5078008 1.7087591 1.8033481 1.5131536 1.5811012 1.9355185 1.7724723 1.9292849 1.7935266 1.8559758 2.0688354 1.4418737 1.8985374 1.8410480 1.5564039 1.7633898 1.9374740 2.1378417 1.8563392 2.1396926 1.8701991 2.1160384 1.9734121 0.1217858 0.1113632 0.0560050 0.0000000 0.4354128 0.5546059 0.3374959 0.3276409 0.4227666 0.3878699 0.3571138 0.3615513 0.7260348 0.7260348 1.1492585 1.0806291 1.1195593 1.2590653 1.1693625 1.6410100 1.2736592 1.5369575 1.5565192 1.4644263 1.4577469 1.0600538 1.3579634 1.1158178 2.2827212 2.3098360 2.3102150 1.8246919 1.7324748 2.1499982 1.9700426 1.7915022 1.8063104 2.6051985 
HoiH06_mRNA13091                                                     6.2875209 0.0000010 1.7510178 1.7780017 1.7856184 1.8154054 1.5168362 1.8085589 1.6765110 1.6925201 1.5364778 1.7877945 1.6338459 1.7003437 1.7484494 1.4503061 1.3430243 1.4647544 1.3923965 1.5087402 1.4842082 1.4101800 1.8527808 1.6172499 1.6626962 1.7519319 1.7862028 1.8459496 1.3779944 1.7576012 1.5979940 1.4838363 1.5776984 1.5082371 1.6741282 1.6359539 1.6658794 1.5159347 1.6551003 1.5707121 0.4967274 0.5105265 0.4079458 0.4354128 0.0000000 0.0406705 0.0929169 0.3371121 3.9299608 0.4360045 0.3599389 0.4013370 0.6541340 0.6541340 1.2128556 1.1691110 1.2881747 1.4426623 1.4426623 1.4118334 1.7146257 1.3082188 1.3427912 1.1221703 1.1221703 1.0388466 1.2186029 1.2010336 2.1436557 2.1144170 2.1144170 1.7262738 1.7640084 1.9925367 2.0034883 1.8480752 2.1971261 1.7566489 
HoiH06_mRNA12233                                                     3.5461051 1.5048004 1.7802995 1.7619865 1.8735283 1.8720205 1.7303238 1.7441459 1.4743514 1.6691940 1.5939073 1.6483934 1.3782262 1.6868451 1.6610926 1.4743163 1.3428836 1.2308137 1.3425824 1.4120609 1.2918584 1.3593430 1.7333814 1.6502615 1.5483148 1.4888434 1.6475161 1.4884281 1.2815687 1.7241003 1.5902874 1.5183820 1.5453053 1.6146548 1.7124872 1.5883242 2.1607103 1.5647219 1.6735492 1.5675341 0.6434267 0.6015500 0.4260514 0.5546059 0.0406705 0.0000000 0.1508568 0.3503627 0.2260836 0.3963948 0.3714220 0.3808522 0.5723008 0.5818861 1.0109448 0.9859054 1.0159523 0.9907143 0.8881548 1.2226873 1.0178775 1.1909832 1.4170531 1.0682677 1.0786314 0.9011440 1.0798497 0.9821349 1.8841169 2.1006543 1.8578487 1.7374210 1.5780599 1.7788825 1.7619130 1.6505228 1.9636210 1.7100851 
HoiH23_PlH23_006707-RA                                               3.4096388 1.5499095 1.6998416 1.6410316 1.7358696 1.7316215 1.5314470 1.6588314 1.4497475 1.5122538 1.5535360 1.6416940 1.3932304 1.6974393 1.6652280 1.4484486 1.3417024 1.2129028 1.3107642 1.4281591 1.2858856 1.3534968 1.6994499 1.6965775 1.5757146 1.4911025 1.6018384 1.5702023 1.2519208 1.6588621 1.5114046 1.4638165 1.6034022 1.5058737 1.7120615 1.4961965 1.7893289 1.5903780 1.7263032 1.6719786 0.4436905 0.4114061 0.3124846 0.3374959 0.0929169 0.1508568 0.0000000 0.2413224 0.1812378 0.2879605 0.2897854 0.2967774 0.4893987 0.4977141 0.9220986 0.9046690 0.9752036 1.0266122 0.9089308 1.1508165 0.9169755 1.1621091 1.3650673 1.1012572 1.0958501 0.8281821 1.0404070 0.8880708 1.8963202 2.1587632 1.9278081 1.6786993 1.5219576 1.7752247 1.7568319 1.6074911 1.7333208 1.8031104 
