54
Lcom_lcpid47496                                                    0.0000000 0.8090599 1.1333452 2.7538342 2.2679026 2.7154287 2.9510589 1.7873057 2.6701630 2.9127618 4.7652528 2.7693284 1.8722680 2.3788750 3.5140433 2.9808964 2.7019789 2.7386729 2.8121044 2.8429812 2.8065073 2.8139335 2.4080041 2.7585485 2.3941887 3.1708788 2.8726849 3.0943278 2.3118404 2.1693609 2.9577218 2.6065395 2.1080713 2.6968708 2.4025728 2.7294493 3.5274494 2.5059522 2.5819133 2.4750237 2.8704577 2.5505580 4.6882651 2.7793758 2.7793758 3.4097553 2.9306157 2.9427224 2.7693199 2.7619840 3.0062677 3.2829533 3.5002726 2.8523814 
Gracom_Gcom_C546708_01                                             0.8090599 0.0000000 1.1387596 2.6049168 1.9241097 2.5375303 2.4029422 1.8301053 2.7665310 3.1673079 4.7057638 2.6230627 1.9522001 2.3914302 3.5470801 2.9912404 2.9257860 2.7502502 2.7712866 2.9057640 2.8562812 2.9241346 2.6296796 2.7747704 2.6407007 3.2662348 3.1486814 3.0867357 2.1327088 2.0460272 2.9612844 2.6217432 2.1479387 2.8340073 2.3443836 2.5982494 3.2110539 2.5655550 2.4794232 2.6309830 3.1642743 2.7949031 4.8159985 2.9661013 2.9661013 3.3111083 3.5301214 2.8538942 3.0790681 3.1786134 3.2065357 3.4724535 3.4674145 2.9756997 
Leuniv_Lniv_C797402_01                                             1.1333452 1.1387596 0.0000000 3.6020287 1.9398764 3.3565715 4.8505230 2.3853291 3.3692282 3.4667210 4.6660438 3.4463874 2.4806371 3.0047662 3.1531339 3.4627182 3.6510445 3.2628283 3.3032119 3.5972931 3.5955719 3.9319579 3.5330493 3.7086665 3.6718043 4.4356381 3.5961832 4.0906171 4.5848363 2.5657333 3.5555014 3.5880954 2.3628300 3.1769778 3.1749181 3.5957217 3.5186130 3.2306546 3.3540422 3.3253344 3.2908397 3.3748535 5.4993492 3.8066488 3.8066488 4.2325506 3.9612882 4.3176636 3.9876954 4.8472672 4.3377059 4.3577805 3.6502117 3.3191787 
Cgig_XM_011415849.3                                                2.7538342 2.6049168 3.6020287 0.0000000 1.8426141 1.8148578 2.1399853 1.3710865 1.8736156 1.9602897 3.3895631 1.9562718 1.3980627 1.9079745 2.6626228 1.9506051 1.9345720 1.8165701 1.9034909 2.0401167 2.0678893 2.0252792 1.6437923 2.0310893 1.7926617 2.2668771 2.2712574 3.4535835 2.1909879 2.3812889 3.2540983 2.4962191 1.8935682 2.7542011 2.4948198 2.0704740 2.2734761 2.2344541 1.6441748 1.9961617 2.5522497 2.1487230 2.5631287 2.1945284 2.1945284 2.6314021 2.2328516 2.1189606 2.5430764 2.4648996 1.7049751 1.8550541 2.2944988 3.6832694 
Fspp_ffun1.m4.2556.m1                                              2.2679026 1.9241097 1.9398764 1.8426141 0.0000000 0.2904929 0.3543391 0.5621366 0.6152746 1.5682800 2.0046469 0.6491027 0.6487676 0.4326127 2.0817824 1.0958818 1.1853891 1.2598289 1.3122363 1.4679044 1.4679044 1.2901165 1.2716737 1.2675036 1.5039530 1.1303367 1.1850877 2.3160455 2.1058947 2.0772670 1.7191419 1.9334194 1.8966544 2.0972142 1.6680788 1.5996018 1.7218913 1.6763217 1.4125976 1.4221205 2.6497674 1.2716093 8.9999986 1.4329562 1.4329562 2.0254693 2.0842877 1.8357616 3.1165389 2.6558733 1.8046187 4.5601544 1.5611507 2.3703387 
Gasp_gasp1.m3.29021.m1                                             2.7154287 2.5375303 3.3565715 1.8148578 0.2904929 0.0000000 0.4576823 0.3289684 0.7391401 0.7989004 1.8637712 0.5816017 0.3058955 0.5327236 0.7948616 1.3603329 1.0568871 1.4242878 1.4394116 1.5799447 1.5537511 1.6430518 1.3186779 1.5115151 1.5830601 1.6896010 1.7523826 2.6665011 1.6985684 1.8176936 2.9502178 2.1941526 1.6164076 2.3905505 1.8089197 1.7441226 2.2895473 1.7885223 1.9069974 1.4701354 1.8510452 1.5665521 2.2369497 1.8093934 1.8093934 2.1146784 2.2568453 1.8424992 2.0079366 1.9674502 2.0608724 2.2885290 0.5514772 3.6289979 
Gasp_gasp1.m3.29287.m1                                             2.9510589 2.4029422 4.8505230 2.1399853 0.3543391 0.4576823 0.0000000 0.6978144 0.8442261 1.2159295 3.0314271 0.8720046 0.7734846 0.7176534 3.2473652 1.2645091 1.2520381 1.8860564 1.9034493 2.0832074 2.0333080 1.9531197 1.9469619 1.7674133 2.0236949 1.7899980 1.8774391 3.3577710 2.3319947 2.4835608 3.3151431 2.9194386 2.6859315 2.8582815 2.3649455 1.9289461 5.3619768 1.7111087 2.1792292 2.1909222 2.4952068 1.9846872 1.8897465 1.9308645 1.9308645 2.3610357 2.2781671 2.0857661 2.7018736 2.6308591 2.3320088 3.0965670 1.0542745 5.2386806 
Adig_XM_015903359.1                                                1.7873057 1.8301053 2.3853291 1.3710865 0.5621366 0.3289684 0.6978144 0.0000000 0.0345984 0.0708878 2.6420832 0.2072278 0.5185462 0.3377965 0.8004593 0.6270065 0.7808857 0.8821364 0.8834072 0.9515717 0.9335867 0.9385685 0.9467923 0.8415834 1.1766685 1.0163816 1.0879581 2.0507458 1.6218484 1.7646493 2.8659973 1.5472614 1.4660442 1.4702914 1.2508620 1.0336406 2.2041448 1.0237262 1.3648925 1.2621080 1.4488309 1.2476074 2.4605792 1.1875235 1.1875235 1.4059443 1.4077385 1.4521675 1.7332176 1.4511860 1.5050561 1.5344182 0.4080942 2.5975630 
Amil_Amillepora15150-RA                                            2.6701630 2.7665310 3.3692282 1.8736156 0.6152746 0.7391401 0.8442261 0.0345984 0.0000000 0.0418523 0.2159900 0.5011189 0.4554447 0.7937196 1.4616804 1.2522165 1.2395633 1.2716213 1.3243660 1.4294396 1.4004433 1.4380126 1.2081029 1.2778214 1.4122478 1.6715410 1.7038861 2.3504995 1.6218484 1.7646493 2.4342696 1.9737820 1.4941265 2.2271560 1.6510145 1.5922053 2.0459382 1.7802483 1.8465260 1.3726331 1.6409304 1.4558923 2.4605792 1.8052275 1.8052275 2.2016636 2.1613639 1.8793317 1.7984922 1.9429985 2.1325234 2.2761286 1.0357478 3.2334667 
Adig_XM_015903418.1                                                2.9127618 3.1673079 3.4667210 1.9602897 1.5682800 0.7989004 1.2159295 0.0708878 0.0418523 0.0000000 0.1268105 0.5587897 0.3585443 0.8603663 1.4542532 1.4456398 1.2634848 1.3455859 1.4142524 1.4859274 1.4706357 1.5022317 1.2327732 1.3734405 1.5005533 1.8554685 1.9392995 2.4979770 1.5953302 1.7350459 2.4648667 2.1553144 1.4866472 2.3907038 1.7233395 1.6657086 2.0853362 1.9422252 2.0250565 1.4581831 1.5173056 1.5391068 1.3357780 1.9956815 1.9956815 2.4182761 2.2582159 1.9876207 1.5830965 1.8962152 2.2465020 2.2352847 1.0807304 3.2260914 
Adig_XM_015903361.1                                                4.7652528 4.7057638 4.6660438 3.3895631 2.0046469 1.8637712 3.0314271 2.6420832 0.2159900 0.1268105 0.0000000 1.3156330 1.9144993 2.0086438 1.9761402 2.8672808 2.5250161 2.2141626 2.4382085 2.6209558 2.6796553 2.6594675 2.2843140 2.4835939 3.0213488 3.2393837 3.5615177 3.2011087 2.9691045 2.5531817 2.6022636 3.3860132 2.4706157 4.0271716 2.9834785 3.1091309 2.2577827 3.9870711 3.3629112 2.6343765 3.2203855 2.8979873 4.7311719 3.9078451 3.9078451 4.3753661 4.0197275 4.1018822 2.8744054 3.6920065 3.7691577 3.8472584 1.9666205 3.9125542 
Gfas_gfas1.m1.2179.m1                                              2.7693284 2.6230627 3.4463874 1.9562718 0.6491027 0.5816017 0.8720046 0.2072278 0.5011189 0.5587897 1.3156330 0.0000000 0.4229144 0.7111744 1.2920942 1.4866122 1.1989111 1.4175884 1.4808056 1.5905527 1.5842849 1.6159660 1.2736067 1.4475649 1.5015645 1.7086703 1.7955009 2.5415094 1.7749209 1.9064724 2.9219323 2.1580178 1.6179775 2.5304271 1.8184131 1.7889143 2.1980910 1.8370622 2.0311949 1.5546689 1.7480641 1.6030531 2.5044887 1.9117707 1.9117707 2.2756102 2.3611479 1.8903030 2.0971795 2.1468875 2.2995479 2.5001038 0.8266992 3.4378268 
Spis_XP_022809526_1                                                1.8722680 1.9522001 2.4806371 1.3980627 0.6487676 0.3058955 0.7734846 0.5185462 0.4554447 0.3585443 1.9144993 0.4229144 0.0000000 0.1707589 0.1957562 0.8896864 0.7802908 1.1471438 1.1531900 1.2284423 1.2070594 1.1866642 1.1812442 1.1705637 1.3427528 1.1053085 1.1661474 2.2344057 1.9086371 2.0806729 2.9350361 1.8216092 1.6903983 1.7808688 1.5532123 1.2919878 2.1451293 1.2042101 1.4960680 1.4726381 1.6006157 1.5495158 2.3266445 1.1094926 1.1094926 1.7263788 1.5784553 1.5136372 2.0085556 1.6636889 1.5938401 1.6431436 0.3068941 1.3553065 
Pocdam_XM_027194380.1                                              2.3788750 2.3914302 3.0047662 1.9079745 0.4326127 0.5327236 0.7176534 0.3377965 0.7937196 0.8603663 2.0086438 0.7111744 0.1707589 0.0000000 0.3459324 1.3608462 1.0961456 1.3658958 1.4068139 1.5363512 1.5251038 1.5640223 1.2115544 1.4679041 1.4264402 1.4917985 1.6423302 2.2204018 1.6866260 1.7755220 2.6747421 2.0961222 1.5777654 2.4463266 1.6240177 1.8194420 2.6808250 1.5974518 1.8895126 1.4773095 1.7550961 1.5827278 2.3172108 1.5632235 1.5632235 2.1443339 2.3466459 1.8051306 1.9407162 1.8480777 2.1020134 2.3178416 0.7266881 3.0391530 
Spis_XP_022809527_1                                                3.5140433 3.5470801 3.1531339 2.6626228 2.0817824 0.7948616 3.2473652 0.8004593 1.4616804 1.4542532 1.9761402 1.2920942 0.1957562 0.3459324 0.0000000 2.4672140 1.5265492 2.1164086 2.2198638 2.4262978 2.3897803 2.4978837 2.0198494 2.5994904 2.0250772 2.1953881 2.3211428 3.2094734 4.9489046 3.5696466 3.4791050 2.8907625 1.9203602 3.3896641 2.5982210 2.4782852 2.3798902 2.4633969 2.8973739 2.2006895 2.0339496 2.0866809 2.5401402 2.3225011 2.3225011 3.1985285 3.6875611 2.5175088 2.5777918 2.7429998 2.8522974 2.8522974 0.8006790 3.0168927 
Nvec_v1g122232                                                     2.9808964 2.9912404 3.4627182 1.9506051 1.0958818 1.3603329 1.2645091 0.6270065 1.2522165 1.4456398 2.8672808 1.4866122 0.8896864 1.3608462 2.4672140 0.0000000 1.2341145 1.3760318 1.3704729 1.5330916 1.5239076 1.6011949 1.3731756 1.5027282 1.6982193 1.8525141 1.7820024 2.6049165 1.6865999 1.8051589 2.3300248 2.3244511 1.6861647 2.5202557 1.9329558 1.7114169 2.1338117 1.9293080 1.9863034 1.5777467 1.9472741 1.6431271 2.3217927 2.2392477 2.2392477 2.2454594 2.1662779 2.0695977 2.1107794 2.1962619 2.3005603 2.4014416 1.7720531 3.8545765 
Exapal_XM_021050533.2                                              2.7019789 2.9257860 3.6510445 1.9345720 1.1853891 1.0568871 1.2520381 0.7808857 1.2395633 1.2634848 2.5250161 1.1989111 0.7802908 1.0961456 1.5265492 1.2341145 0.0000000 1.5639063 1.6337933 1.7500511 1.7483228 1.5755539 1.2826339 1.5369173 1.6168617 1.8536995 2.0016681 2.5391503 1.6891422 1.8023510 2.5260963 2.1788010 1.6317460 2.3535723 2.0327945 1.7133253 1.9892693 2.2188570 1.8840658 1.4521888 1.6147517 1.4672901 2.5465899 2.0888156 2.0888156 2.4629493 2.3196047 1.7042395 2.0794234 2.0874251 2.2382890 2.3872209 1.1658733 3.8478366 
HoiH23_PlH23_006684-RA                                             2.7386729 2.7502502 3.2628283 1.8165701 1.2598289 1.4242878 1.8860564 0.8821364 1.2716213 1.3455859 2.2141626 1.4175884 1.1471438 1.3658958 2.1164086 1.3760318 1.5639063 0.0000000 0.0665386 0.1944750 0.2011756 0.3895130 0.2815344 0.2649758 1.7124120 1.8122231 1.7664245 2.5399244 1.5142992 1.8185538 2.4388220 1.8677180 1.7228204 2.1721797 1.7849606 1.7019061 2.2820247 1.8581078 1.8371491 1.5848377 1.9533409 1.7405265 2.5845340 2.0947136 2.0947136 2.0748959 2.1198056 2.2067509 1.9763804 2.1906022 2.2209536 2.2961350 1.8562029 3.6012173 
HoiH06_mRNA279                                                     2.8121044 2.7712866 3.3032119 1.9034909 1.3122363 1.4394116 1.9034493 0.8834072 1.3243660 1.4142524 2.4382085 1.4808056 1.1531900 1.4068139 2.2198638 1.3704729 1.6337933 0.0665386 0.0000000 0.2157586 0.2226004 0.4277332 0.3084534 0.2937240 1.7526341 1.8689122 1.8636004 2.5371135 1.5631632 1.8340302 2.5487081 1.8936835 1.7338397 2.2341432 1.7922573 1.7217308 2.3245355 1.9685529 1.8835275 1.6033269 1.9997835 1.7997388 2.5982622 2.1453747 2.1453747 2.1092762 2.1287203 2.2229375 2.0352891 2.1969456 2.2530037 2.3412267 1.9536314 3.4516599 
Hhon_g06080.t1                                                     2.8429812 2.9057640 3.5972931 2.0401167 1.4679044 1.5799447 2.0832074 0.9515717 1.4294396 1.4859274 2.6209558 1.5905527 1.2284423 1.5363512 2.4262978 1.5330916 1.7500511 0.1944750 0.2157586 0.0000000 0.0121071 0.4636948 0.3324738 0.3192633 1.9182955 1.9719747 1.9632639 2.5052541 1.4350695 1.7441693 2.5772048 1.9199616 1.7307859 2.2458692 1.7807423 1.8026772 2.3005092 2.1412029 2.0214605 1.6992517 2.0544607 1.8337161 2.7092105 2.1568715 2.1568715 2.3261734 2.2719443 2.2869181 2.1397450 2.1902112 2.3756358 2.4796100 2.0552582 3.7146500 
HoiH04_mRNA12165                                                   2.8065073 2.8562812 3.5955719 2.0678893 1.4679044 1.5537511 2.0333080 0.9335867 1.4004433 1.4706357 2.6796553 1.5842849 1.2070594 1.5251038 2.3897803 1.5239076 1.7483228 0.2011756 0.2226004 0.0121071 0.0000000 0.4728027 0.3357901 0.3174927 1.9061046 1.9745010 1.9562121 2.5131907 1.4448763 1.7532589 2.5935120 1.9279990 1.7401211 2.2449331 1.7863994 1.7740906 2.2931854 2.1239609 2.0245944 1.6702636 2.0220193 1.8073756 2.5633105 2.1871643 2.1871643 2.3461873 2.2689350 2.2894877 2.1110975 2.1774748 2.4264070 2.5415572 2.0217744 3.7626611 
TrH2_TrispH2_009414-RA                                             2.8139335 2.9241346 3.9319579 2.0252792 1.2901165 1.6430518 1.9531197 0.9385685 1.4380126 1.5022317 2.6594675 1.6159660 1.1866642 1.5640223 2.4978837 1.6011949 1.5755539 0.3895130 0.4277332 0.4636948 0.4728027 0.0000000 0.0061281 0.4311792 1.8707665 1.8018558 1.8788109 2.4813939 1.5325215 1.8630536 2.6495863 2.0991994 1.8486269 2.3585931 1.9398532 1.7698532 2.3680645 2.0018911 1.9607603 1.6444449 1.9076636 1.7671997 2.7186907 2.1465272 2.1465272 2.1512677 2.2387647 2.2736782 2.1026056 2.3300233 2.3773036 2.5349871 2.1901489 3.9709829 
Tadh_TriadT26634                                                   2.4080041 2.6296796 3.5330493 1.6437923 1.2716737 1.3186779 1.9469619 0.9467923 1.2081029 1.2327732 2.2843140 1.2736067 1.1812442 1.2115544 2.0198494 1.3731756 1.2826339 0.2815344 0.3084534 0.3324738 0.3357901 0.0061281 0.0000000 0.2975504 1.8712039 1.4066435 1.5520489 2.1311915 1.5546898 1.8286953 2.6795640 1.9454790 1.8759005 1.9230958 1.8627973 1.5247843 2.3217076 1.6042667 1.7270898 1.6797215 1.9983339 1.8254536 2.8458012 1.6927427 1.6927427 1.7965298 1.8718455 2.1998255 2.0653586 2.2068075 1.9179578 1.9852071 1.6241310 3.2770447 
HoiH11_mRNA8670                                                    2.7585485 2.7747704 3.7086665 2.0310893 1.2675036 1.5115151 1.7674133 0.8415834 1.2778214 1.3734405 2.4835939 1.4475649 1.1705637 1.4679041 2.5994904 1.5027282 1.5369173 0.2649758 0.2937240 0.3192633 0.3174927 0.4311792 0.2975504 0.0000000 1.7698295 1.7440180 1.8165989 2.5444717 1.6776339 1.9461479 2.5828194 2.0196224 1.8009475 2.1413039 1.8899461 1.7686542 2.2721420 1.8535096 1.9473020 1.6297275 1.9892670 1.7569481 2.3448204 2.1035009 2.1035009 2.1501356 2.2159425 2.1087957 1.9706172 2.1558886 2.2801349 2.3838155 1.9984475 3.8357786 
Bralan_BLAG90000304_1                                              2.3941887 2.6407007 3.6718043 1.7926617 1.5039530 1.5830601 2.0236949 1.1766685 1.4122478 1.5005533 3.0213488 1.5015645 1.3427528 1.4264402 2.0250772 1.6982193 1.6168617 1.7124120 1.7526341 1.9182955 1.9061046 1.8707665 1.8712039 1.7698295 0.0000000 1.2140592 1.4078679 2.4374344 1.9028919 2.1720677 2.7410549 2.1975322 1.6871099 1.9770203 1.9084822 1.7482816 2.7255772 1.7999908 1.8352238 1.9532327 2.4309791 2.0966769 2.7540265 1.9996413 1.9996413 1.5106628 1.6440549 2.1090216 2.3774804 2.2914986 1.7295828 1.8349358 1.6403090 2.7035073 
Skow_XM_006813597.1                                                3.1708788 3.2662348 4.4356381 2.2668771 1.1303367 1.6896010 1.7899980 1.0163816 1.6715410 1.8554685 3.2393837 1.7086703 1.1053085 1.4917985 2.1953881 1.8525141 1.8536995 1.8122231 1.8689122 1.9719747 1.9745010 1.8018558 1.4066435 1.7440180 1.2140592 0.0000000 1.6798190 2.6418485 1.5601128 2.0105460 2.8307741 2.1973853 1.7395535 2.7072072 1.9656929 2.2016542 2.6564012 2.2173845 1.9065097 1.7225281 1.9074810 1.8802001 2.7963658 2.1818703 2.1818703 2.2723632 2.2149614 2.0917189 2.0201023 2.3350786 2.2237197 2.3497455 2.1103426 3.6679848 
Spur_XM_030999690.1                                                2.8726849 3.1486814 3.5961832 2.2712574 1.1850877 1.7523826 1.8774391 1.0879581 1.7038861 1.9392995 3.5615177 1.7955009 1.1661474 1.6423302 2.3211428 1.7820024 2.0016681 1.7664245 1.8636004 1.9632639 1.9562121 1.8788109 1.5520489 1.8165989 1.4078679 1.6798190 0.0000000 2.6570042 1.4832227 1.5314914 2.6162878 2.3608375 1.7062226 2.6383658 1.8820461 1.9593796 2.4771161 2.3565265 2.2314750 1.7735767 1.9836520 1.7569537 4.2314711 2.0624852 2.0624852 2.2137013 2.2937376 2.2864148 2.4143176 2.2457068 2.0991740 2.3074694 2.2632258 4.0693319 
Aque_Aqu2.1.40925_001                                              3.0943278 3.0867357 4.0906171 3.4535835 2.3160455 2.6665011 3.3577710 2.0507458 2.3504995 2.4979770 3.2011087 2.5415094 2.2344057 2.2204018 3.2094734 2.6049165 2.5391503 2.5399244 2.5371135 2.5052541 2.5131907 2.4813939 2.1311915 2.5444717 2.4374344 2.6418485 2.6570042 0.0000000 0.4551940 0.7101678 0.6342951 2.0006469 1.4941431 1.8715743 1.9401417 2.5367840 3.7069262 2.7799476 2.7240433 2.6427990 3.3263803 3.2220946 5.7559431 2.6194450 2.6194450 2.7481843 2.9615993 2.2550659 2.6861548 3.4615051 3.3773549 3.2487582 2.9921827 3.2873489 
Halamb_c31097_g1_i1m.6537                                          2.3118404 2.1327088 4.5848363 2.1909879 2.1058947 1.6985684 2.3319947 1.6218484 1.6218484 1.5953302 2.9691045 1.7749209 1.9086371 1.6866260 4.9489046 1.6865999 1.6891422 1.5142992 1.5631632 1.4350695 1.4448763 1.5325215 1.5546898 1.6776339 1.9028919 1.5601128 1.4832227 0.4551940 0.0000000 0.6009350 0.0000010 1.3394583 1.2169716 1.0003335 1.1634008 1.5788101 2.9226138 1.6425735 2.0599567 1.9656666 2.6116721 2.5294245 4.1340297 1.8114584 1.8114584 2.1603538 1.7233162 1.6092270 2.0243335 2.3646680 2.1552288 2.0296292 2.0399920 0.0000010 
Xestes_augustus_masked-XT_scaffold172617-processed-gene-0.0-mRNA-1 2.1693609 2.0460272 2.5657333 2.3812889 2.0772670 1.8176936 2.4835608 1.7646493 1.7646493 1.7350459 2.5531817 1.9064724 2.0806729 1.7755220 3.5696466 1.8051589 1.8023510 1.8185538 1.8340302 1.7441693 1.7532589 1.8630536 1.8286953 1.9461479 2.1720677 2.0105460 1.5314914 0.7101678 0.6009350 0.0000000 0.7140355 1.3063684 1.1016477 1.0871239 1.2829723 1.8585309 2.9279207 1.6760466 2.3528423 2.1781746 2.8513624 2.6028849 4.9456513 1.9493386 1.9493386 2.4052652 2.0601578 1.8755050 2.3315827 2.5680327 2.3226555 2.4112551 2.4891786 3.5712433 
Halamb_c23029_g1_i2m.4173                                          2.9577218 2.9612844 3.5555014 3.2540983 1.7191419 2.9502178 3.3151431 2.8659973 2.4342696 2.4648667 2.6022636 2.9219323 2.9350361 2.6747421 3.4791050 2.3300248 2.5260963 2.4388220 2.5487081 2.5772048 2.5935120 2.6495863 2.6795640 2.5828194 2.7410549 2.8307741 2.6162878 0.6342951 0.0000010 0.7140355 0.0000000 1.8316514 1.6430743 1.4194755 1.8527559 2.3951069 3.0043833 2.7566895 2.9289403 3.0650332 4.3026276 3.8800717 1.7984188 2.7223178 2.7223178 2.3365566 2.6359498 2.6994503 3.3758115 4.2252759 3.2849769 3.2849769 2.5854766 3.1001941 
Tetwil_g25254.t1                                                   2.6065395 2.6217432 3.5880954 2.4962191 1.9334194 2.1941526 2.9194386 1.5472614 1.9737820 2.1553144 3.3860132 2.1580178 1.8216092 2.0961222 2.8907625 2.3244511 2.1788010 1.8677180 1.8936835 1.9199616 1.9279990 2.0991994 1.9454790 2.0196224 2.1975322 2.1973853 2.3608375 2.0006469 1.3394583 1.3063684 1.8316514 0.0000000 0.9820307 1.2491837 1.8531344 2.1421787 3.1226871 2.3322471 2.5528184 2.1783749 2.8290359 2.5656488 5.5258089 2.3632750 2.3632750 2.4955381 2.4032009 2.2642532 2.7689000 2.8734314 2.6281530 3.0041677 2.7932820 2.4461404 
Spolac_c93914_g1_i1_m.9422c93914-g1                                2.1080713 2.1479387 2.3628300 1.8935682 1.8966544 1.6164076 2.6859315 1.4660442 1.4941265 1.4866472 2.4706157 1.6179775 1.6903983 1.5777654 1.9203602 1.6861647 1.6317460 1.7228204 1.7338397 1.7307859 1.7401211 1.8486269 1.8759005 1.8009475 1.6871099 1.7395535 1.7062226 1.4941431 1.2169716 1.1016477 1.6430743 0.9820307 0.0000000 0.9002339 1.6607206 1.7502154 2.6357654 1.7174676 2.1935265 2.1884659 2.4465509 2.0810134 3.2209894 1.8493250 1.8493250 1.9949090 1.7257463 2.1993622 2.7257633 2.4236879 1.7602703 1.9074050 1.9841851 2.3460936 
Stycar_maker-SC_scaffold1317-augustus-gene-0.7-mRNA-1              2.6968708 2.8340073 3.1769778 2.7542011 2.0972142 2.3905505 2.8582815 1.4702914 2.2271560 2.3907038 4.0271716 2.5304271 1.7808688 2.4463266 3.3896641 2.5202557 2.3535723 2.1721797 2.2341432 2.2458692 2.2449331 2.3585931 1.9230958 2.1413039 1.9770203 2.7072072 2.6383658 1.8715743 1.0003335 1.0871239 1.4194755 1.2491837 0.9002339 0.0000000 1.8056682 2.5168122 3.2767678 2.9361382 2.9607780 2.1690748 2.3671775 2.2897061 4.7792059 2.6644091 2.6644091 3.1682544 2.8073614 2.3759659 2.7117814 2.9920890 2.9494223 3.1671033 3.5381431 3.1168778 
Plespi_Pspi_scaffold15374_01                                       2.4025728 2.3443836 3.1749181 2.4948198 1.6680788 1.8089197 2.3649455 1.2508620 1.6510145 1.7233395 2.9834785 1.8184131 1.5532123 1.6240177 2.5982210 1.9329558 2.0327945 1.7849606 1.7922573 1.7807423 1.7863994 1.9398532 1.8627973 1.8899461 1.9084822 1.9656929 1.8820461 1.9401417 1.1634008 1.2829723 1.8527559 1.8531344 1.6607206 1.8056682 0.0000000 2.2723671 3.2322739 1.9682011 2.5935637 2.2072448 2.5850001 2.2120619 3.6293119 2.1469055 2.1469055 2.3290282 2.6514937 2.5576523 2.7098179 2.3724774 2.7430918 3.0874068 2.3338660 3.0953494 
Dgig_XM_028541971.1                                                2.7294493 2.5982494 3.5957217 2.0704740 1.5996018 1.7441226 1.9289461 1.0336406 1.5922053 1.6657086 3.1091309 1.7889143 1.2919878 1.8194420 2.4782852 1.7114169 1.7133253 1.7019061 1.7217308 1.8026772 1.7740906 1.7698532 1.5247843 1.7686542 1.7482816 2.2016542 1.9593796 2.5367840 1.5788101 1.8585309 2.3951069 2.1421787 1.7502154 2.5168122 2.2723671 0.0000000 0.9556794 2.3524148 2.1238141 1.4784342 1.6534822 1.6122022 2.6354718 2.3160847 2.3160847 2.5818456 2.4336903 2.1722016 2.0496631 1.9857767 2.3589413 2.4467751 2.0953689 3.9843621 
Xesp_015820-T1                                                     3.5274494 3.2110539 3.5186130 2.2734761 1.7218913 2.2895473 5.3619768 2.2041448 2.0459382 2.0853362 2.2577827 2.1980910 2.1451293 2.6808250 2.3798902 2.1338117 1.9892693 2.2820247 2.3245355 2.3005092 2.2931854 2.3680645 2.3217076 2.2721420 2.7255772 2.6564012 2.4771161 3.7069262 2.9226138 2.9279207 3.0043833 3.1226871 2.6357654 3.2767678 3.2322739 0.9556794 0.0000000 2.7343876 2.6333725 2.1829230 2.3296445 2.4391513 0.0000010 3.1420451 3.1420451 3.5317610 3.0280388 3.1864589 3.2092811 3.0805452 2.5817701 2.5817701 2.1991545 3.2285338 
Plajan_Pjan_C569178_01                                             2.5059522 2.5655550 3.2306546 2.2344541 1.6763217 1.7885223 1.7111087 1.0237262 1.7802483 1.9422252 3.9870711 1.8370622 1.2042101 1.5974518 2.4633969 1.9293080 2.2188570 1.8581078 1.9685529 2.1412029 2.1239609 2.0018911 1.6042667 1.8535096 1.7999908 2.2173845 2.3565265 2.7799476 1.6425735 1.6760466 2.7566895 2.3322471 1.7174676 2.9361382 1.9682011 2.3524148 2.7343876 0.0000000 2.3220090 2.0093563 2.2898419 2.0306073 2.4903260 1.6249044 1.6249044 2.7610889 2.6260363 2.5984665 2.4990058 2.5580187 2.3358877 2.4152530 2.2421145 2.9970493 
Ctel_gnl_WGS_AMQN_CAPTEDRAFT_mRNA226501                            2.5819133 2.4794232 3.3540422 1.6441748 1.4125976 1.9069974 2.1792292 1.3648925 1.8465260 2.0250565 3.3629112 2.0311949 1.4960680 1.8895126 2.8973739 1.9863034 1.8840658 1.8371491 1.8835275 2.0214605 2.0245944 1.9607603 1.7270898 1.9473020 1.8352238 1.9065097 2.2314750 2.7240433 2.0599567 2.3528423 2.9289403 2.5528184 2.1935265 2.9607780 2.5935637 2.1238141 2.6333725 2.3220090 0.0000000 2.2570551 2.5514489 2.3673320 3.3093998 2.4745899 2.4745899 2.4555875 2.2609754 2.3615461 2.6286764 2.5646603 1.9471364 2.0709958 2.6107393 3.1601521 
Sanmal_Sma_026748-T1                                               2.4750237 2.6309830 3.3253344 1.9961617 1.4221205 1.4701354 2.1909222 1.2621080 1.3726331 1.4581831 2.6343765 1.5546689 1.4726381 1.4773095 2.2006895 1.5777467 1.4521888 1.5848377 1.6033269 1.6992517 1.6702636 1.6444449 1.6797215 1.6297275 1.9532327 1.7225281 1.7735767 2.6427990 1.9656666 2.1781746 3.0650332 2.1783749 2.1884659 2.1690748 2.2072448 1.4784342 2.1829230 2.0093563 2.2570551 0.0000000 1.1006556 0.8776042 1.3199835 1.9512847 1.9512847 1.9971728 2.4072775 1.6514303 1.8825970 1.7078220 2.1220029 2.3015523 1.5694775 3.1774887 
Nemnom_g18412.t1                                                   2.8704577 3.1642743 3.2908397 2.5522497 2.6497674 1.8510452 2.4952068 1.4488309 1.6409304 1.5173056 3.2203855 1.7480641 1.6006157 1.7550961 2.0339496 1.9472741 1.6147517 1.9533409 1.9997835 2.0544607 2.0220193 1.9076636 1.9983339 1.9892670 2.4309791 1.9074810 1.9836520 3.3263803 2.6116721 2.8513624 4.3026276 2.8290359 2.4465509 2.3671775 2.5850001 1.6534822 2.3296445 2.2898419 2.5514489 1.1006556 0.0000000 0.4244093 1.0897388 2.1125186 2.1125186 2.3999230 2.7270624 2.0297201 2.0181731 1.8112436 2.5250851 2.4332824 1.7539338 2.9141303 
Rhoesc_Res_001657-T1                                               2.5505580 2.7949031 3.3748535 2.1487230 1.2716093 1.5665521 1.9846872 1.2476074 1.4558923 1.5391068 2.8979873 1.6030531 1.5495158 1.5827278 2.0866809 1.6431271 1.4672901 1.7405265 1.7997388 1.8337161 1.8073756 1.7671997 1.8254536 1.7569481 2.0966769 1.8802001 1.7569537 3.2220946 2.5294245 2.6028849 3.8800717 2.5656488 2.0810134 2.2897061 2.2120619 1.6122022 2.4391513 2.0306073 2.3673320 0.8776042 0.4244093 0.0000000 1.6808693 2.1350679 2.1350679 2.3925008 2.6730214 1.9991227 1.9844377 1.7010534 2.2576473 2.4751692 1.6811514 2.7015237 
Aaur_scaffold644.g5.t1                                             4.6882651 4.8159985 5.4993492 2.5631287 8.9999986 2.2369497 1.8897465 2.4605792 2.4605792 1.3357780 4.7311719 2.5044887 2.3266445 2.3172108 2.5401402 2.3217927 2.5465899 2.5845340 2.5982622 2.7092105 2.5633105 2.7186907 2.8458012 2.3448204 2.7540265 2.7963658 4.2314711 5.7559431 4.1340297 4.9456513 1.7984188 5.5258089 3.2209894 4.7792059 3.6293119 2.6354718 0.0000010 2.4903260 3.3093998 1.3199835 1.0897388 1.6808693 0.0000000 3.9560982 3.9560982 3.4833417 3.5096996 2.9074382 2.4488063 2.2281342 3.0305460 1.9024543 0.8367649 0.0000010 
Opea_EP00118_Oscarella_pearsei_P005770                             2.7793758 2.9661013 3.8066488 2.1945284 1.4329562 1.8093934 1.9308645 1.1875235 1.8052275 1.9956815 3.9078451 1.9117707 1.1094926 1.5632235 2.3225011 2.2392477 2.0888156 2.0947136 2.1453747 2.1568715 2.1871643 2.1465272 1.6927427 2.1035009 1.9996413 2.1818703 2.0624852 2.6194450 1.8114584 1.9493386 2.7223178 2.3632750 1.8493250 2.6644091 2.1469055 2.3160847 3.1420451 1.6249044 2.4745899 1.9512847 2.1125186 2.1350679 3.9560982 0.0000000 0.0000010 2.0861733 2.3473941 2.5849916 2.5585898 2.5202952 2.4483268 2.5075490 2.3073921 3.4757983 
Ocar_g10109                                                        2.7793758 2.9661013 3.8066488 2.1945284 1.4329562 1.8093934 1.9308645 1.1875235 1.8052275 1.9956815 3.9078451 1.9117707 1.1094926 1.5632235 2.3225011 2.2392477 2.0888156 2.0947136 2.1453747 2.1568715 2.1871643 2.1465272 1.6927427 2.1035009 1.9996413 2.1818703 2.0624852 2.6194450 1.8114584 1.9493386 2.7223178 2.3632750 1.8493250 2.6644091 2.1469055 2.3160847 3.1420451 1.6249044 2.4745899 1.9512847 2.1125186 2.1350679 3.9560982 0.0000010 0.0000000 2.0861733 2.3473941 2.5849916 2.5585898 2.5202952 2.4483268 2.5075490 2.3073921 3.4757983 
Hsap_ENST00000335290                                               3.4097553 3.3111083 4.2325506 2.6314021 2.0254693 2.1146784 2.3610357 1.4059443 2.2016636 2.4182761 4.3753661 2.2756102 1.7263788 2.1443339 3.1985285 2.2454594 2.4629493 2.0748959 2.1092762 2.3261734 2.3461873 2.1512677 1.7965298 2.1501356 1.5106628 2.2723632 2.2137013 2.7481843 2.1603538 2.4052652 2.3365566 2.4955381 1.9949090 3.1682544 2.3290282 2.5818456 3.5317610 2.7610889 2.4555875 1.9971728 2.3999230 2.3925008 3.4833417 2.0861733 2.0861733 0.0000000 2.6524363 2.8682566 2.5027395 2.6395633 2.5353103 2.6314316 2.7398062 4.8865809 
Cscu_XM_023374950.1                                                2.9306157 3.5301214 3.9612882 2.2328516 2.0842877 2.2568453 2.2781671 1.4077385 2.1613639 2.2582159 4.0197275 2.3611479 1.5784553 2.3466459 3.6875611 2.1662779 2.3196047 2.1198056 2.1287203 2.2719443 2.2689350 2.2387647 1.8718455 2.2159425 1.6440549 2.2149614 2.2937376 2.9615993 1.7233162 2.0601578 2.6359498 2.4032009 1.7257463 2.8073614 2.6514937 2.4336903 3.0280388 2.6260363 2.2609754 2.4072775 2.7270624 2.6730214 3.5096996 2.3473941 2.3473941 2.6524363 0.0000000 2.2530661 2.3791950 2.8115004 2.6214088 2.7002979 3.0630642 4.0586810 
Hvul_g24938_1                                                      2.9427224 2.8538942 4.3176636 2.1189606 1.8357616 1.8424992 2.0857661 1.4521675 1.8793317 1.9876207 4.1018822 1.8903030 1.5136372 1.8051306 2.5175088 2.0695977 1.7042395 2.2067509 2.2229375 2.2869181 2.2894877 2.2736782 2.1998255 2.1087957 2.1090216 2.0917189 2.2864148 2.2550659 1.6092270 1.8755050 2.6994503 2.2642532 2.1993622 2.3759659 2.5576523 2.1722016 3.1864589 2.5984665 2.3615461 1.6514303 2.0297201 1.9991227 2.9074382 2.5849916 2.5849916 2.8682566 2.2530661 0.0000000 1.7869881 2.1257846 2.7720927 2.9811521 2.1068812 3.3469708 
Chem_TCONS_00007636                                                2.7693199 3.0790681 3.9876954 2.5430764 3.1165389 2.0079366 2.7018736 1.7332176 1.7984922 1.5830965 2.8744054 2.0971795 2.0085556 1.9407162 2.5777918 2.1107794 2.0794234 1.9763804 2.0352891 2.1397450 2.1110975 2.1026056 2.0653586 1.9706172 2.3774804 2.0201023 2.4143176 2.6861548 2.0243335 2.3315827 3.3758115 2.7689000 2.7257633 2.7117814 2.7098179 2.0496631 3.2092811 2.4990058 2.6286764 1.8825970 2.0181731 1.9844377 2.4488063 2.5585898 2.5585898 2.5027395 2.3791950 1.7869881 0.0000000 1.8076825 2.6716798 2.3847825 2.0955514 4.0277807 
Morvir_scaffold324.g4.t1                                           2.7619840 3.1786134 4.8472672 2.4648996 2.6558733 1.9674502 2.6308591 1.4511860 1.9429985 1.8962152 3.6920065 2.1468875 1.6636889 1.8480777 2.7429998 2.1962619 2.0874251 2.1906022 2.1969456 2.1902112 2.1774748 2.3300233 2.2068075 2.1558886 2.2914986 2.3350786 2.2457068 3.4615051 2.3646680 2.5680327 4.2252759 2.8734314 2.4236879 2.9920890 2.3724774 1.9857767 3.0805452 2.5580187 2.5646603 1.7078220 1.8112436 1.7010534 2.2281342 2.5202952 2.5202952 2.6395633 2.8115004 2.1257846 1.8076825 0.0000000 2.6063259 2.8552297 2.2829011 4.2811292 
Acagra_model.g16307.t1                                             3.0062677 3.2065357 4.3377059 1.7049751 1.8046187 2.0608724 2.3320088 1.5050561 2.1325234 2.2465020 3.7691577 2.2995479 1.5938401 2.1020134 2.8522974 2.3005603 2.2382890 2.2209536 2.2530037 2.3756358 2.4264070 2.3773036 1.9179578 2.2801349 1.7295828 2.2237197 2.0991740 3.3773549 2.1552288 2.3226555 3.2849769 2.6281530 1.7602703 2.9494223 2.7430918 2.3589413 2.5817701 2.3358877 1.9471364 2.1220029 2.5250851 2.2576473 3.0305460 2.4483268 2.4483268 2.5353103 2.6214088 2.7720927 2.6716798 2.6063259 0.0000000 0.0192715 2.7873245 4.4545453 
Acagra_model.g16307.t1.1.5d3b887b                                  3.2829533 3.4724535 4.3577805 1.8550541 4.5601544 2.2885290 3.0965670 1.5344182 2.2761286 2.2352847 3.8472584 2.5001038 1.6431436 2.3178416 2.8522974 2.4014416 2.3872209 2.2961350 2.3412267 2.4796100 2.5415572 2.5349871 1.9852071 2.3838155 1.8349358 2.3497455 2.3074694 3.2487582 2.0296292 2.4112551 3.2849769 3.0041677 1.9074050 3.1671033 3.0874068 2.4467751 2.5817701 2.4152530 2.0709958 2.3015523 2.4332824 2.4751692 1.9024543 2.5075490 2.5075490 2.6314316 2.7002979 2.9811521 2.3847825 2.8552297 0.0192715 0.0000000 2.7873245 4.4545453 
Fspp_ffun1.m4.2554.m1                                              3.5002726 3.4674145 3.6502117 2.2944988 1.5611507 0.5514772 1.0542745 0.4080942 1.0357478 1.0807304 1.9666205 0.8266992 0.3068941 0.7266881 0.8006790 1.7720531 1.1658733 1.8562029 1.9536314 2.0552582 2.0217744 2.1901489 1.6241310 1.9984475 1.6403090 2.1103426 2.2632258 2.9921827 2.0399920 2.4891786 2.5854766 2.7932820 1.9841851 3.5381431 2.3338660 2.0953689 2.1991545 2.2421145 2.6107393 1.5694775 1.7539338 1.6811514 0.8367649 2.3073921 2.3073921 2.7398062 3.0630642 2.1068812 2.0955514 2.2829011 2.7873245 2.7873245 0.0000000 3.1955334 
Clacor_Ccor_C521379_01                                             2.8523814 2.9756997 3.3191787 3.6832694 2.3703387 3.6289979 5.2386806 2.5975630 3.2334667 3.2260914 3.9125542 3.4378268 1.3553065 3.0391530 3.0168927 3.8545765 3.8478366 3.6012173 3.4516599 3.7146500 3.7626611 3.9709829 3.2770447 3.8357786 2.7035073 3.6679848 4.0693319 3.2873489 0.0000010 3.5712433 3.1001941 2.4461404 2.3460936 3.1168778 3.0953494 3.9843621 3.2285338 2.9970493 3.1601521 3.1774887 2.9141303 2.7015237 0.0000010 3.4757983 3.4757983 4.8865809 4.0586810 3.3469708 4.0277807 4.2811292 4.4545453 4.4545453 3.1955334 0.0000000 
