100
Lcom_lcpid224868                                       0.0000000 1.6158270 1.8693796 2.2079471 4.5694587 1.7776419 1.8859479 1.8467756 1.8610560 3.1829294 2.8127929 2.4481222 2.4481222 2.4481222 2.5490851 2.1448754 2.2628274 2.2812229 2.4328004 3.0583725 3.1734867 2.1482028 1.2133594 1.7454113 1.9187202 0.9386797 3.0945226 3.0633909 2.7634395 4.8414627 2.7555220 2.8438802 2.8753928 2.7891114 0.7908019 2.6701444 3.9949115 2.3784809 2.8465889 2.8024283 2.6421002 2.4623391 2.5783372 2.4366302 2.7933598 2.5870162 2.6841682 2.5608949 3.0619117 2.7901896 0.6406170 2.5044378 2.4327683 2.2071998 2.3913254 1.9049220 1.7554570 2.4259346 2.4171620 2.7580243 2.7240517 2.9109324 2.9387792 3.0826685 3.1114718 2.7104999 2.7641286 8.5480552 3.0495236 2.4476011 7.4525893 3.3576884 2.9268430 2.8159584 2.8997675 3.6806912 2.8629963 2.3938791 2.3938791 2.8351072 2.8442125 3.7692045 3.0255452 2.8963349 2.8963349 2.6128245 2.4862131 3.1195666 3.1195666 3.4120530 3.4120530 3.1610978 2.5105507 3.2524811 2.7970294 2.8549499 3.4816405 2.8255660 1.9858914 6.2167998 
Plespi_Pspi_scaffold5619_01                            1.6158270 0.0000000 2.1719108 2.2368338 2.2713938 1.9668470 2.0637275 1.8147356 1.9204321 3.1008613 4.8376472 2.7341642 2.7341642 2.6367024 3.0762766 2.9656929 2.9923007 2.8143217 2.8829574 2.9334950 3.1024823 3.1996247 2.7773824 2.3427082 2.6929128 4.2323511 3.4604923 3.6019572 3.7898802 3.5816814 3.9655886 3.3682034 3.9293212 3.1969088 3.5283609 3.1201464 4.4119636 3.9526180 3.8101230 3.7882375 3.8123171 3.4886177 3.5107794 3.6885424 3.7699464 3.5314991 3.2931844 3.4571475 3.9476248 3.9762260 2.2088433 2.5299665 2.5954401 2.6624538 3.0397862 2.4293453 2.5939771 2.5948019 2.5768064 2.9306645 3.5595700 4.1214074 4.1798472 3.9079658 4.7359589 4.3149542 3.8397441 4.9248978 3.7855315 3.9023299 4.6970786 3.2593373 3.0406968 3.5263371 3.6166194 3.6486365 4.4795111 4.6356964 4.6202222 4.1338619 4.1334728 4.4201127 4.1970725 4.0056528 3.9922385 4.8564648 4.7223131 3.5947948 3.5947948 3.7463833 3.7463833 3.7566451 3.2768285 3.6544990 3.8292933 3.6246544 4.0355725 4.1681914 2.3717778 5.6197995 
Cgig_XM_034452922.1                                    1.8693796 2.1719108 0.0000000 1.3842719 2.2737040 1.9631105 1.9989593 1.8264711 1.8883644 2.8318113 4.4700952 2.3759576 2.3759576 2.3531193 2.7963493 2.0530260 2.1185515 2.4224136 2.3812476 2.3487454 2.5301481 2.4953727 2.8614572 2.5876333 2.5145826 3.1176291 3.1657681 3.2750755 3.4189359 3.1411213 3.4883687 3.0975917 3.6133336 3.0464978 2.2243914 2.5428635 4.5008574 2.9192632 3.0960146 3.3500047 3.2805875 2.8893961 3.0875654 3.0415686 2.8666351 3.1243130 3.0115169 3.0171131 3.3815548 3.3730840 1.9938435 2.2799445 2.3801969 2.5506381 2.6814507 2.1151289 2.2366812 2.2166042 1.9060678 2.6434983 3.2143030 3.3682330 4.0150445 3.4919653 4.1024940 4.7137896 3.8835928 5.3202393 3.5569863 3.7291573 3.6420599 3.1560444 3.0060259 3.2210637 3.4402327 3.6473938 3.7453961 3.8929906 3.8764822 3.5827290 3.5585288 3.6219085 3.6732179 3.6564825 3.6473231 4.1309059 4.2630497 3.5803609 3.3782683 4.0413347 3.9118194 3.7287270 2.9845408 5.1034180 3.6754897 3.6197851 3.4925601 3.7970281 1.9790148 4.7912384 
Acagra_model.g27189.t1                                 2.2079471 2.2368338 1.3842719 0.0000000 1.8358539 1.8155223 2.0573945 1.9261844 1.9510385 2.5998034 3.6513939 2.4571647 2.4571647 2.4646549 2.8565947 2.6605567 2.2454562 2.4709481 2.6593535 2.2713483 2.3829926 2.4176476 1.9925723 2.3663784 2.5427021 3.6283159 2.9123783 3.5613394 3.5282249 3.8801499 3.5707063 3.1263868 3.6231793 2.4668775 2.8603591 2.6970813 4.1031018 3.3498570 3.2617527 3.3492739 3.2653851 3.0195896 2.9998864 3.1679253 3.0650602 3.2220220 3.0367630 2.8745771 3.3029714 3.2356635 2.6170368 2.2657323 2.2505521 2.0884082 2.2543614 1.7166039 1.7286145 1.8807419 1.8343455 2.4415076 3.5935830 3.6069503 4.3085571 3.7885726 5.6257175 3.7286884 3.7073890 4.1495092 3.6688713 3.2346979 3.9520319 3.1613254 3.0210504 3.1893488 3.2258850 3.5099352 3.9416117 4.3737939 4.1344592 3.8202500 3.8458244 4.0170413 3.7237114 3.7646204 3.8236731 4.2678723 4.4392098 3.4536407 3.4202139 3.8639420 3.8412569 3.6554140 3.5049757 3.8022839 3.9198159 3.8526845 3.3600161 3.7334728 1.7056484 4.9071428 
Opea_EP00118_Oscarella_pearsei_P016044                 4.5694587 2.2713938 2.2737040 1.8358539 0.0000000 0.1517960 4.6271929 4.8541209 2.7113365 0.0520020 3.5745447 2.3431053 2.3431053 2.3431053 5.7577431 0.0000010 2.0983585 2.4305869 2.5148982 2.2110413 2.5073363 2.5073363 1.0146929 2.4454629 2.5961539 9.0000000 0.0000010 3.1306906 3.5435868 2.9952970 3.8780353 3.0829470 3.3714620 9.0000000 0.0000010 0.0000010 5.0830428 3.4280886 3.7748726 3.2978689 3.1974211 3.6664959 3.3197325 3.5034477 2.8943068 3.5293046 3.1078149 3.4082175 3.6050736 3.6296472 0.0000010 2.0557432 2.2350514 2.8325897 3.2067934 2.1171056 2.2060053 2.3681916 1.8547592 0.0000010 3.6753597 3.0157431 0.0000010 2.6736927 0.0000010 0.0000010 4.3195090 4.4145854 4.4124864 4.4399113 3.8528645 3.2195176 3.2195176 3.8539137 3.9245010 2.9019160 3.4151115 3.5973279 3.4647444 3.8318610 3.7637801 4.1314195 4.1314195 4.3856405 4.3856405 6.3853923 8.9999981 2.7938264 2.5590771 2.7938264 2.5590771 3.5314022 3.0033036 0.0000010 3.0624513 2.7870711 3.0986757 3.3782863 2.3349821 8.9999985 
Opea_EP00118_Oscarella_pearsei_P016045                 1.7776419 1.9668470 1.9631105 1.8155223 0.1517960 0.0000000 0.9930256 0.7869280 0.7852404 1.1467413 4.9519932 2.5939721 2.5939721 2.5748799 2.9581308 3.0264104 2.1406725 2.5359646 2.5919643 2.4179057 2.5273197 2.4962812 1.6683112 2.1816586 2.5332418 3.3735811 2.9922410 3.1246221 3.3440131 3.0459763 3.4181055 3.1095998 3.3915583 3.3960886 2.8537122 2.6469687 4.5464422 3.3271920 3.3437087 3.3220165 3.1485063 3.0183536 3.1279743 3.1877572 2.9461161 3.4272762 3.0781502 3.3057612 3.4977566 3.3977520 2.3870632 2.1750648 2.2949245 2.4161343 2.6133951 2.1062697 2.1486286 2.3017135 2.2196489 2.9986788 3.4268790 3.4894825 4.1172301 3.5776217 4.8868337 4.5758850 3.6765794 4.5920842 3.4110709 3.4963228 3.7768402 3.2836554 3.1518574 3.3288891 3.5258147 3.3897016 3.6057167 3.2358166 3.2257848 3.2571683 3.2402172 4.1816891 3.8304421 3.6081514 3.6279348 4.2212968 3.9789925 3.3193729 3.0794464 3.5295576 3.3819011 3.4582256 3.1690886 3.7432958 3.2118696 3.5203921 3.6901239 3.7140889 2.0363835 5.3023161 
Plajan_Pjan_scaffold19200_01                           1.8859479 2.0637275 1.9989593 2.0573945 4.6271929 0.9930256 0.0000000 0.0474958 0.0413008 2.1502066 3.5415562 2.4620804 2.4620804 2.4620804 2.5422545 2.7562961 2.4609458 2.4131202 2.4265691 2.6590666 4.8590247 3.4288412 2.5021568 2.2491575 2.7472396 2.3939969 2.7367880 2.8286383 3.0164875 5.7801667 3.0319139 2.9514420 3.0313825 3.3911203 1.7959101 2.7181941 5.1614756 3.5831706 3.4312703 3.6400909 3.5059982 3.3243046 3.4315296 3.3620780 3.1216399 3.3224530 3.3863381 3.8014034 3.8636257 3.6186827 1.9623457 2.4824385 2.3424055 2.2043870 2.3187770 2.1188765 2.1988262 2.1530904 2.3111892 3.3441082 3.9227756 3.8124134 3.7341912 3.7406461 4.7895351 5.0654041 3.4644259 4.1549503 3.5419624 3.2051569 5.8832845 3.6537179 3.4721778 3.7372693 3.7340800 3.4226570 3.3310155 3.5320408 3.8866967 3.4002923 3.3881780 4.0241584 3.4842770 3.6069300 3.5961064 4.0310660 3.8255250 4.1040847 4.1618110 4.3362170 4.3747479 4.3164236 5.6267190 4.1927748 3.2457782 3.8721827 3.9722860 4.1432397 2.0570858 7.1007640 
Plajan_Pjan_scaffold19201_01                           1.8467756 1.8147356 1.8264711 1.9261844 4.8541209 0.7869280 0.0474958 0.0000000 0.0289115 1.9056905 0.0000010 2.3006293 2.3006293 2.3006293 2.3268278 2.7562961 2.2507086 2.2756751 2.3312433 2.4614140 6.0599479 3.1207341 2.5797793 1.9413352 2.3025997 2.1696601 2.7367880 2.5920292 2.7882660 3.7400958 2.7682057 2.7202637 2.8450215 3.3911203 1.4428124 2.7181941 4.4511537 3.3840896 3.1319989 3.3917964 3.3032287 3.0798296 3.1955815 3.1217623 2.7880099 3.0804660 3.1209205 3.4892743 3.5664507 3.3028404 1.9623457 2.3024819 2.0780526 1.9945186 1.9989293 1.9067063 1.9702494 1.9731167 2.1440996 3.3441082 3.8784621 3.8914606 3.7341912 3.5390393 4.7895351 4.6627906 3.2837838 6.3073461 3.3201132 2.9761419 8.9999982 3.5000005 3.2843700 3.7028743 3.7166752 3.3355359 3.3223992 3.0548860 3.4797535 3.0993436 3.1069955 3.8595936 3.3470228 3.1522394 3.1426687 3.5780897 3.4859874 3.7506156 3.7506156 4.1459625 4.1459625 4.1297175 7.5203018 4.1927748 2.8259414 3.5387939 3.8042989 4.2956653 1.9152792 6.0036913 
Plajan_Pjan_scaffold19202_01                           1.8610560 1.9204321 1.8883644 1.9510385 2.7113365 0.7852404 0.0413008 0.0289115 0.0000000 1.9317784 3.1138358 2.3386091 2.3386091 2.3386091 2.2908466 2.7562961 2.3043581 2.2818301 2.3455064 2.4436890 9.0000000 3.3661119 2.3569716 1.9310212 2.2682245 2.4461031 2.7367880 2.7491659 2.9516922 7.0803395 2.9523025 2.8692997 2.8571686 3.3911203 1.9017104 2.7181941 5.8623893 3.3747224 3.2513429 3.2960118 3.2672501 3.2466358 3.3371579 3.2868595 2.9297241 3.2704247 3.2032689 3.6030732 3.5741240 3.3301587 1.9623457 2.1900507 2.0597462 2.0140373 2.0476823 1.9209074 1.9625947 1.9958467 2.1276913 3.3441082 3.8625319 3.7815674 3.7341912 3.5985448 4.9214079 5.2456011 3.4990469 8.0944985 3.6348457 3.0712173 8.4212676 3.6551495 3.4409747 3.9829230 3.8020778 3.4074123 3.2694333 3.0376235 3.4944098 3.1467847 3.1236228 3.9928066 3.4422859 3.1829973 3.1733128 3.4834701 3.4614919 3.5935942 3.6704151 4.0427932 4.0921131 4.0375305 4.9079580 4.1927748 2.8492798 3.5844425 3.8557121 4.4499183 1.8924759 5.8926917 
Ocar_g4366                                             3.1829294 3.1008613 2.8318113 2.5998034 0.0520020 1.1467413 2.1502066 1.9056905 1.9317784 0.0000000 4.9381705 3.6729240 3.6729240 3.5547964 4.2088765 8.9999989 1.9456616 3.4857481 3.6020238 2.0688295 1.7860753 2.0602641 1.9313142 3.4617044 3.3252770 2.9298536 4.0777684 3.6462477 3.6772136 3.0883482 3.9209536 3.5631755 3.8252095 5.3781140 2.1276043 4.5307434 3.4563556 3.5259365 3.9707914 4.1278217 4.0582163 3.5939260 3.5669722 3.6329675 3.2975898 3.8426278 3.6029718 3.2354135 3.9680460 4.1459738 6.0322957 2.5548832 3.0532304 3.3294979 3.5218450 2.7828883 2.7926939 2.9408389 2.9817922 5.4829480 4.1878370 4.1871448 7.2191324 4.4866344 5.2385090 5.2941673 3.8764725 2.8849560 2.6714960 3.8688543 3.3615141 4.0058379 3.7408004 2.9766608 3.7036990 2.6919623 4.7887688 4.5365256 4.5173843 4.5426153 4.5900195 5.1821639 5.1145852 5.0749685 4.9501924 5.8584382 5.9627200 2.3280613 2.2695528 3.8435155 3.8106749 3.8025876 2.1722268 5.6231529 4.2106618 4.1702345 4.2856207 4.1076779 3.1406380 6.9112771 
Pbac_sb2667455                                         2.8127929 4.8376472 4.4700952 3.6513939 3.5745447 4.9519932 3.5415562 0.0000010 3.1138358 4.9381705 0.0000000 0.0555858 0.0555858 0.0555858 2.5808071 0.0000010 1.2307721 1.1268214 1.1989812 1.4117120 1.3043081 1.3043081 0.0000010 3.4041103 4.6865574 9.0000000 0.0000010 5.8774193 4.5658193 3.7455628 4.8688920 4.3075144 4.9056536 9.0000000 0.0000010 0.0000010 6.5348695 3.2862580 4.0484075 3.8350190 3.8350190 3.8733654 3.2773550 3.7311155 2.7863657 3.4324942 3.1578411 3.3318355 4.7710116 3.0652628 0.0000010 4.4152658 4.0264168 5.1196460 4.1169457 4.8225447 4.4931569 4.4289976 3.0463913 0.0000010 4.8826762 6.1513467 0.0000010 7.0640391 0.0000010 0.0000010 6.2491841 6.1701043 5.7981944 4.6037157 4.9246463 4.3998192 4.3998192 5.1784280 5.6140560 5.3948932 4.7598060 4.6627447 4.9551360 4.1868527 4.2355425 5.1584672 5.1584672 4.1969292 4.1969292 5.3808317 7.8618490 5.7141383 4.4009086 5.7141383 4.4009086 7.0696390 5.6913166 0.0000010 4.3006882 4.1207485 4.1453555 4.2658449 4.3809544 4.7517217 
Horcal_Hcv1.av93.c13.g171.i3                           2.4481222 2.7341642 2.3759576 2.4571647 2.3431053 2.5939721 2.4620804 2.3006293 2.3386091 3.6729240 0.0555858 0.0000000 0.0000010 0.0016065 0.2398438 0.6203471 0.5387015 0.6207750 0.5784100 0.6404983 0.7578616 0.6980293 3.0383761 2.6837064 2.9755144 3.4325630 3.9963451 3.6824615 3.7411551 3.6907880 3.8271551 3.3982460 3.8011758 3.8143077 2.9443175 3.4974043 4.1194750 3.5477318 3.8660716 4.1176072 3.9539045 3.4490294 3.3457479 3.6411839 3.2048398 3.2127274 3.4024600 3.6573196 3.9953257 3.7804698 2.6091856 2.8252028 2.6988320 3.3857478 3.6183121 2.8688784 2.9259204 3.1951784 2.7359758 2.7717646 3.7604404 3.9186818 4.2440678 3.7815523 4.1773575 4.7029958 4.1965568 4.7670630 3.9746437 4.1875504 4.2510076 3.3608789 3.1917816 3.5308195 3.5624041 3.8554725 4.5317842 4.3040159 4.3946541 4.0099091 4.0293859 4.6718126 4.4926088 4.0642793 4.0877075 4.8069961 5.0015616 4.2695133 3.9567315 4.1266764 3.9416090 3.9456481 4.2246817 3.9459330 3.5664885 3.8163635 3.8461909 3.9274837 2.8849134 5.3174088 
Horcal_Hcv1.av93.c13.g171.i4                           2.4481222 2.7341642 2.3759576 2.4571647 2.3431053 2.5939721 2.4620804 2.3006293 2.3386091 3.6729240 0.0555858 0.0000010 0.0000000 0.0016065 0.2398438 0.6203471 0.5387015 0.6207750 0.5784100 0.6404983 0.7578616 0.6980293 3.0383761 2.6837064 2.9755144 3.4325630 3.9963451 3.6824615 3.7411551 3.6907880 3.8271551 3.3982460 3.8011758 3.8143077 2.9443175 3.4974043 4.1194750 3.5477318 3.8660716 4.1176072 3.9539045 3.4490294 3.3457479 3.6411839 3.2048398 3.2127274 3.4024600 3.6573196 3.9953257 3.7804698 2.6091856 2.8252028 2.6988320 3.3857478 3.6183121 2.8688784 2.9259204 3.1951784 2.7359758 2.7717646 3.7604404 3.9186818 4.2440678 3.7815523 4.1773575 4.7029958 4.1965568 4.7670630 3.9746437 4.1875504 4.2510076 3.3608789 3.1917816 3.5308195 3.5624041 3.8554725 4.5317842 4.3040159 4.3946541 4.0099091 4.0293859 4.6718126 4.4926088 4.0642793 4.0877075 4.8069961 5.0015616 4.2695133 3.9567315 4.1266764 3.9416090 3.9456481 4.2246817 3.9459330 3.5664885 3.8163635 3.8461909 3.9274837 2.8849134 5.3174088 
Horcal_Hcv1.av93.c13.g171.i2                           2.4481222 2.6367024 2.3531193 2.4646549 2.3431053 2.5748799 2.4620804 2.3006293 2.3386091 3.5547964 0.0555858 0.0016065 0.0016065 0.0000000 0.2427796 0.6015257 0.5387015 0.6152548 0.5691680 0.6404983 0.7578616 0.6980293 3.0383761 2.5943700 2.8920350 3.4325630 3.9963451 3.6838720 3.7180755 3.6907880 3.8131423 3.3982460 3.7793268 3.8143077 2.9443175 3.4974043 4.1194750 3.6097608 3.9105911 4.1069734 4.0257418 3.4715521 3.3667435 3.6657919 3.2261966 3.2192438 3.4215609 3.6573196 4.0298027 3.8861784 2.6348849 2.7809410 2.6910853 3.3227322 3.4989523 2.7426171 2.8122339 3.0650063 2.6718708 2.7717646 3.7956744 3.9690883 4.3588588 3.8476666 4.5174156 4.6361883 4.1534254 4.7670630 3.9746437 4.1181061 4.2510076 3.3608789 3.1917816 3.5308195 3.5609651 3.8554725 4.5070813 4.2720266 4.3701276 3.9673164 3.9733313 4.5909320 4.4162134 3.9885573 4.0119901 4.7504083 4.9192515 4.2695133 3.9567315 4.1091036 3.9186545 3.9149559 4.2246817 3.9113098 3.5623353 3.8247568 3.7834807 3.8857302 2.8889316 5.4092196 
Pbac_sb2651816                                         2.5490851 3.0762766 2.7963493 2.8565947 5.7577431 2.9581308 2.5422545 2.3268278 2.2908466 4.2088765 2.5808071 0.2398438 0.2398438 0.2427796 0.0000000 0.6005622 1.0651482 0.9338335 0.8518253 1.1486937 3.6178963 1.8296625 3.1334533 3.0003211 3.2448503 3.3968989 4.0188411 4.0233868 4.1624611 6.5577009 4.2174823 3.8586167 4.3210084 3.8370457 3.3917577 3.4962181 5.6573657 4.3804090 4.6347550 4.9620048 4.6789499 4.2060756 4.0573692 4.4088092 4.0792157 3.8460949 4.3263871 4.6107778 4.5884893 4.8864662 2.6014576 3.0591741 3.1122547 3.3038871 3.6843280 2.9050731 2.9107608 3.2997873 3.0776591 2.8710301 4.2441664 4.4562797 4.2324340 4.2318264 5.2161229 4.5986800 4.7049514 7.5234252 5.0986646 4.6573033 8.9999987 4.1946180 3.9584483 5.0595364 4.0564548 4.1934567 4.6843714 4.7429210 4.7716828 4.2834876 4.3218223 4.3730896 4.2144157 4.1381855 4.1649131 4.6960748 4.9909163 5.0438112 5.0438112 4.5318632 4.5318632 4.2844529 6.1901083 3.8702328 4.1101297 4.4772104 4.2644898 4.5192508 3.2434549 6.0975738 
Beraby_Baby_sb326698                                   2.1448754 2.9656929 2.0530260 2.6605567 0.0000010 3.0264104 2.7562961 2.7562961 2.7562961 8.9999989 0.0000010 0.6203471 0.6203471 0.6015257 0.6005622 0.0000000 0.0000010 0.4637964 0.6209768 1.0792746 0.0000010 0.0000010 0.0000010 2.5868022 2.6848919 9.0000000 3.6198538 3.4442466 3.9511512 0.0000010 4.2782380 4.3938405 4.1455889 3.7286180 4.3729811 3.4232885 8.9999986 4.2021760 4.2951905 4.1864060 4.2447212 3.5951576 3.5194114 3.6245753 4.3893588 3.6701589 4.0241317 4.7543026 4.0682788 4.0201019 2.6869632 2.7010621 2.2163840 3.2399091 3.9740150 2.6451027 2.7064045 3.0544174 3.0264818 3.8993594 3.5672500 4.5445528 3.9953822 3.7842515 5.1227438 3.9804191 3.9804191 0.0000010 8.9999984 4.5629335 0.0000010 3.5350896 3.0589422 0.9123403 3.4261386 0.0000010 5.1118047 4.3026840 4.4561062 3.7644030 3.8188636 5.3581948 4.5308506 4.1402184 4.1865121 4.3145817 4.5954873 0.0000010 0.0000010 3.3082218 3.3082218 3.4101784 0.0000010 3.7582680 3.6495649 3.5531383 3.5285613 3.3984136 2.5617324 3.6895022 
Beraby_Baby_sb326696                                   2.2628274 2.9923007 2.1185515 2.2454562 2.0983585 2.1406725 2.4609458 2.2507086 2.3043581 1.9456616 1.2307721 0.5387015 0.5387015 0.5387015 1.0651482 0.0000010 0.0000000 0.3727988 0.5484150 0.6303025 0.8515745 0.7286774 2.3857666 2.3483235 2.6009954 2.7424526 4.0649749 3.1954032 3.2865753 3.2511028 3.3260661 3.1843208 3.4299772 3.6063250 2.7193258 2.9964019 3.8402391 2.9244873 3.3876239 3.5294564 3.3304676 3.2112080 3.2395051 3.0892429 2.8540021 2.9229312 2.9180406 3.2264913 2.9905844 3.1795520 0.0000010 2.5953813 2.5236560 3.2167363 2.9308422 2.4290822 2.4690721 2.6698515 2.4938827 9.0000000 3.5694730 3.3428971 4.5070108 3.5620239 2.5182883 5.3873018 3.8550813 4.0536984 3.6014313 3.4845956 3.3973826 2.9392289 2.8263747 3.2960041 3.6571641 3.6125675 3.5304699 3.9306321 3.9653007 3.7243081 3.6631610 3.6804213 3.6265098 3.8104334 3.7405895 4.1925409 5.2019690 3.6211572 3.6211572 3.6696336 3.6696336 3.7155605 3.8627249 4.0688149 3.5562098 3.6030465 3.4149286 3.7747130 2.6263513 6.1946304 
Mlei_ML0378.g5.i1                                      2.2812229 2.8143217 2.4224136 2.4709481 2.4305869 2.5359646 2.4131202 2.2756751 2.2818301 3.4857481 1.1268214 0.6207750 0.6207750 0.6152548 0.9338335 0.4637964 0.3727988 0.0000000 0.6112928 0.6366998 0.9194025 0.7961197 2.5616298 2.7480345 3.1847356 3.0120565 3.3002802 3.3832987 3.7265744 3.3957046 3.6937420 3.3130417 3.9486893 3.4616200 2.8774582 2.9286171 4.5311473 3.5910170 3.9967504 4.0843203 4.0084247 3.3550068 3.4917140 3.7009092 3.1378581 3.3001665 3.3671887 3.5084564 3.5228927 3.7300237 2.2803537 2.8482383 2.8205478 3.2848685 3.5370083 3.0097348 3.0725778 3.2416104 2.8307183 3.9363518 4.0004447 3.8994422 4.4205029 3.9020585 4.7256329 4.6477759 4.1009476 4.4232126 3.6429953 4.1592218 4.3257306 3.4319204 3.3179581 3.1339608 3.8102592 3.6606286 4.0887896 4.1296368 4.1957175 3.8428919 3.8161075 4.7548873 4.5722788 4.3790623 4.2538970 5.0833811 5.4416121 3.8152619 3.6421088 3.9383414 3.8356871 3.8863224 3.9624661 3.7405769 3.8234908 3.9282334 3.6922443 4.1573020 2.7445468 5.1353024 
Lampan_Lpan_15938_01                                   2.4328004 2.8829574 2.3812476 2.6593535 2.5148982 2.5919643 2.4265691 2.3312433 2.3455064 3.6020238 1.1989812 0.5784100 0.5784100 0.5691680 0.8518253 0.6209768 0.5484150 0.6112928 0.0000000 0.5264608 0.7943366 0.6422555 2.8698858 2.8192656 2.9265405 3.4427121 3.7693622 3.9126318 3.8497531 3.5035765 3.9705419 3.5377742 3.9679943 3.7903728 3.1388949 3.0309320 4.5280217 3.4976780 4.0486061 3.8416036 3.8545241 3.4548733 3.5065767 3.6874234 3.2918530 3.4463004 3.4523357 3.7487329 3.8338476 3.9810211 2.2004725 2.9895232 2.8968051 3.4059893 3.4743242 2.7298492 2.6335386 3.0641134 2.7260155 3.0639612 3.8137591 4.0181489 4.9089664 4.1016857 5.2581109 5.0338481 4.1688965 4.6484485 3.9254383 4.2388686 4.2480209 3.4601944 3.2966439 3.4137675 3.7551329 3.5014412 3.9254392 4.1832446 4.1197363 3.6449797 3.6809567 4.3708163 4.1338555 3.9746988 3.9960223 4.7276046 4.8551473 4.1773063 3.9298534 3.9072502 3.7616022 4.0571113 4.0988806 3.9506277 3.9663356 3.9508056 3.8524412 3.9458709 2.6541703 5.0818446 
Coemet_Cmet_scaffold5685_01                            3.0583725 2.9334950 2.3487454 2.2713483 2.2110413 2.4179057 2.6590666 2.4614140 2.4436890 2.0688295 1.4117120 0.6404983 0.6404983 0.6404983 1.1486937 1.0792746 0.6303025 0.6366998 0.5264608 0.0000000 0.8370212 0.6729178 2.8489404 2.6015217 2.8422260 2.8409659 3.6806251 3.3102939 3.4010999 3.7252314 3.5080984 3.1867317 3.5669614 3.6034823 2.8548162 3.1098640 3.9637887 3.1863443 3.5612639 3.8145805 3.6644515 3.3926974 3.3382608 3.3860846 2.9920079 3.2605098 3.2875450 3.5997752 3.6334718 3.8143778 0.0000010 2.8538100 2.7463916 3.2465808 3.3640785 2.8900205 2.9600945 2.9875464 2.6364896 3.9382406 3.4768337 3.6082879 4.4334492 3.6072441 1.8564558 5.6451636 3.9532865 4.4356990 3.6214277 3.8433387 3.7116198 3.5071777 3.3488946 3.3822240 3.5703141 3.4449905 3.4491760 3.6862520 3.7999471 3.5471746 3.6481490 3.9720795 3.8663178 3.7740409 3.7849859 4.4878567 4.9431950 3.9954161 4.0079366 3.8724449 3.8766688 4.0384527 4.2213923 4.0118483 3.6378278 3.6364000 3.5249667 3.9079965 2.7147545 6.1666409 
Eupdun_Edun_sb10614738                                 3.1734867 3.1024823 2.5301481 2.3829926 2.5073363 2.5273197 4.8590247 6.0599479 9.0000000 1.7860753 1.3043081 0.7578616 0.7578616 0.7578616 3.6178963 0.0000010 0.8515745 0.9194025 0.7943366 0.8370212 0.0000000 0.0413513 2.7597201 2.8476122 3.4110915 4.6485067 0.0000010 3.2088955 3.6277532 3.7298531 3.7235061 3.0383958 3.3753765 1.9108626 2.1994529 0.0000010 3.8812756 3.0586838 3.3355865 3.5359086 3.5738654 3.2657578 3.1134532 3.0447845 3.1955594 2.9443636 3.0410129 3.0838012 2.8966451 3.0639094 0.0000010 3.0737399 3.2849510 4.2655684 4.3382419 3.1651584 3.0942715 2.8981017 2.6480246 0.0000010 3.0529368 3.0560612 0.0000010 3.2040207 0.4046990 0.0000010 3.5778099 4.3422406 3.5523577 3.3610919 4.2394759 3.0649411 3.0649411 3.0230885 3.6686089 3.7345745 4.8412703 4.3722346 4.3875442 4.5826259 4.5530840 5.0430834 5.0430834 4.9376323 4.9376323 8.7063037 8.9999989 3.5330649 3.4304142 3.5330649 3.4304142 3.7274950 3.5513518 0.0000010 3.3893287 2.9711941 2.8178794 3.1019644 3.1191265 7.1892346 
Eupdun_Edun_sb10614737                                 2.1482028 3.1996247 2.4953727 2.4176476 2.5073363 2.4962812 3.4288412 3.1207341 3.3661119 2.0602641 1.3043081 0.6980293 0.6980293 0.6980293 1.8296625 0.0000010 0.7286774 0.7961197 0.6422555 0.6729178 0.0413513 0.0000000 2.8037283 3.1242182 3.3489148 3.4658501 5.6325127 3.2734435 3.5375900 3.7298531 3.5318533 3.2209577 3.6004591 1.4164875 2.8876887 0.0000010 3.7015655 3.1260707 3.6894721 4.1940651 3.7914210 3.4123257 3.2714579 3.3278427 3.4903809 3.2178843 3.0763143 3.3156434 3.3083034 3.4255339 0.0000010 2.8784688 3.3202302 3.8570415 3.6633917 3.0872026 3.0044286 2.9769251 2.8609265 0.0000010 3.0262035 3.2308280 9.0000000 3.2719765 2.3784893 3.8802262 3.9111941 4.3422406 3.8972792 3.6089959 4.2394759 3.2994636 3.2994636 3.1429429 3.7299575 3.4885074 4.2682353 4.1870829 4.1428279 4.1232375 4.1051228 4.2694528 4.2694528 4.2174008 4.2226516 5.5511320 5.8114121 3.9281456 3.8597167 3.9242854 3.8560858 4.0706337 3.7774703 0.0000010 3.5849245 3.5896505 3.3059830 3.3819464 2.8892992 6.3198724 
Clacor_Ccor_C519293_01                                 1.2133594 2.7773824 2.8614572 1.9925723 1.0146929 1.6683112 2.5021568 2.5797793 2.3569716 1.9313142 0.0000010 3.0383761 3.0383761 3.0383761 3.1334533 0.0000010 2.3857666 2.5616298 2.8698858 2.8489404 2.7597201 2.8037283 0.0000000 1.3871816 1.5236372 3.4140670 4.9955211 3.7668277 4.1112686 6.3112403 4.1454649 4.2506604 4.5943710 5.6196875 3.8539142 3.9876357 4.5583252 3.6376437 3.7316184 4.9733389 4.2242541 3.4097601 3.3491428 3.6248095 3.7856658 4.2847781 3.8283989 4.7359897 4.0326198 4.0875934 0.0000010 2.0882919 2.3829611 3.1656766 3.3960095 2.4910304 2.5935578 2.5270057 2.7267135 0.0000010 4.4186268 4.6113232 4.4404583 4.3751068 2.3042178 8.0023073 4.3593739 0.0000010 4.1858133 3.8007736 0.0000010 4.6702015 3.9787216 4.1761425 3.7137183 3.9926538 4.2664805 4.3431035 4.1461941 4.0570014 3.9838782 4.1457444 3.8267810 3.9750090 4.1086747 4.0381223 4.1390166 5.0062638 5.0062638 5.1079552 5.1079552 4.2436024 4.1480962 7.1519401 4.1054006 4.6826922 4.7007101 4.8534995 2.4145780 5.5439625 
Gracom_Gcom_scaffold17620_01                           1.7454113 2.3427082 2.5876333 2.3663784 2.4454629 2.1816586 2.2491575 1.9413352 1.9310212 3.4617044 3.4041103 2.6837064 2.6837064 2.5943700 3.0003211 2.5868022 2.3483235 2.7480345 2.8192656 2.6015217 2.8476122 3.1242182 1.3871816 0.0000000 1.3724035 2.7901810 3.8851668 3.6504248 3.7705201 4.1352482 3.8774977 3.4460502 3.6875824 3.5175192 3.0509589 2.7644756 4.8877056 3.7959480 3.8123985 4.1075687 3.9617129 3.6134032 3.5875465 3.7034865 3.3298501 3.4489549 3.7002576 3.6667773 4.1555215 4.0765851 2.8643103 2.4714558 2.6290904 2.9664773 3.1007777 2.5495803 2.6245491 2.8700408 2.6960859 3.1370848 3.8715777 4.1529561 4.1684446 4.4369267 4.4803478 4.5163391 4.2107564 6.0601374 4.4709472 4.1273600 4.6836195 3.6581505 3.5291225 4.2028102 3.4467327 4.3490137 4.7522939 4.6255036 4.6481044 4.2319641 4.1926083 4.5115583 4.0482542 3.9902485 4.0995523 4.3903277 4.4038982 4.0509100 3.9175613 3.9326890 3.8573361 3.9309224 4.3558359 3.5645400 3.6312547 3.9385779 3.9428608 3.6957327 2.6666618 5.6420886 
Lcom_lcpid32330                                        1.9187202 2.6929128 2.5145826 2.5427021 2.5961539 2.5332418 2.7472396 2.3025997 2.2682245 3.3252770 4.6865574 2.9755144 2.9755144 2.8920350 3.2448503 2.6848919 2.6009954 3.1847356 2.9265405 2.8422260 3.4110915 3.3489148 1.5236372 1.3724035 0.0000000 3.5191865 3.9872694 3.8531972 4.3861821 4.9442905 4.4016971 3.7944884 4.3784656 3.6341328 3.0776839 2.8933269 5.9942474 4.1144747 4.3473589 4.3085123 4.2023841 3.7394565 3.9150420 3.8717816 3.5736373 3.8708775 3.8750623 3.8801109 4.0316194 4.1038935 2.5040790 2.6156164 2.8786791 3.1898294 3.3581614 3.1288674 3.1826765 3.4362817 3.1998086 2.9776897 4.0159020 4.4225557 4.4278808 4.1959389 5.1360028 4.9276365 4.6668310 6.1720857 5.0990447 4.4467855 6.2388431 3.8356023 3.8158486 4.6616004 3.8765265 4.4161750 5.0394485 5.0818855 4.9353951 4.4911070 4.4968427 4.1591814 3.9281494 3.7730996 3.7855267 4.1140753 4.2533961 4.3062703 4.1795499 4.3744068 4.3031339 3.7389828 4.3834579 4.0982438 4.3232268 3.9806219 4.2764424 3.8761666 2.6096177 5.7053871 
Adig_XM_015925469.1                                    0.9386797 4.2323511 3.1176291 3.6283159 9.0000000 3.3735811 2.3939969 2.1696601 2.4461031 2.9298536 9.0000000 3.4325630 3.4325630 3.4325630 3.3968989 9.0000000 2.7424526 3.0120565 3.4427121 2.8409659 4.6485067 3.4658501 3.4140670 2.7901810 3.5191865 0.0000000 2.0944569 0.3310670 0.3519908 0.0000010 0.3067495 0.3639899 0.4397979 2.6422526 0.0853646 1.4133853 0.7293659 1.2722657 1.8138169 2.0788547 1.7317444 1.5232771 1.3789562 1.4306814 1.5694480 1.9269913 1.5974044 1.6130932 2.1692650 2.0618987 4.2519639 3.1887061 3.2670569 3.7143975 2.8415171 3.1620331 3.1798646 3.1313517 3.5762423 0.0000010 2.3935213 2.0815710 9.0000000 2.4577892 3.0162532 2.9729815 2.4787340 9.0000000 2.4300920 2.3881626 2.2689126 1.9168664 1.9532404 2.2345090 2.9304678 2.7207225 2.3353840 2.1525908 1.9919482 2.2117885 2.1892233 2.4351928 2.4472834 2.1464441 2.1464441 2.3086807 2.4037922 2.3854372 2.4234836 2.4747763 2.5119803 2.3148599 3.4306005 9.0000000 2.1780593 2.3103570 2.6061797 3.2842903 2.9874654 4.5392270 
Adig_XM_015898365.1                                    3.0945226 3.4604923 3.1657681 2.9123783 0.0000010 2.9922410 2.7367880 2.7367880 2.7367880 4.0777684 0.0000010 3.9963451 3.9963451 3.9963451 4.0188411 3.6198538 4.0649749 3.3002802 3.7693622 3.6806251 0.0000010 5.6325127 4.9955211 3.8851668 3.9872694 2.0944569 0.0000000 0.1365689 0.1702743 0.0000010 0.1594705 0.1366220 0.1593544 0.0338677 0.0000010 0.5496254 5.0626475 1.5788797 1.4442967 1.5907428 1.5981411 1.2385512 1.4319611 1.2962625 1.1805099 1.3321424 1.2428504 1.8208303 1.8740969 1.4105579 2.4911323 4.0815181 3.4628723 4.0483885 3.7668145 3.3501562 3.4978239 3.1965041 3.1693950 1.4985715 1.7794569 1.7088005 2.0412343 2.1652117 1.7524527 2.8866164 2.5521502 0.0000010 3.5438806 2.3012714 0.0000010 3.0005882 2.1854837 0.0000010 2.3861749 3.6896524 2.5179801 3.7794231 3.9350222 2.2307826 2.2874216 3.9536985 3.0927465 3.1516167 2.9448115 3.2375339 3.6529947 2.1067971 2.1067971 2.2182508 2.2182508 2.1377437 0.0000010 2.1936427 2.0473331 1.8458914 2.2202076 2.7464269 3.6317760 6.3594275 
Gfas_gfas1.m1.10212.m1                                 3.0633909 3.6019572 3.2750755 3.5613394 3.1306906 3.1246221 2.8286383 2.5920292 2.7491659 3.6462477 5.8774193 3.6824615 3.6824615 3.6838720 4.0233868 3.4442466 3.1954032 3.3832987 3.9126318 3.3102939 3.2088955 3.2734435 3.7668277 3.6504248 3.8531972 0.3310670 0.1365689 0.0000000 0.3513391 0.1961823 0.3605685 0.1368150 0.3481617 0.2358291 0.2322370 0.4864198 1.0504292 1.6747277 1.9267738 1.7708436 1.7128532 1.4536447 1.5002119 1.5861598 1.2280660 1.7794066 1.5375051 1.7125497 1.9800349 1.9015081 2.7171701 3.4546705 3.7527723 3.5510182 3.8066692 3.3711980 3.4096018 3.6199821 3.6486755 1.5804859 2.2355027 2.2916848 2.5793574 2.2636702 2.7403447 3.1682059 3.0790858 6.2200339 2.8446409 2.8792168 2.8000714 2.3389669 2.1432458 2.4138516 2.6123092 2.7075671 3.0450029 2.7216046 2.6693101 2.4739989 2.4477940 3.0209856 2.8644263 2.5958420 2.5589811 3.2500849 3.0298630 2.3807759 1.9876941 2.5302820 2.3083140 2.3689857 2.5134710 2.8180789 1.9693153 2.1046468 2.4612646 2.6407178 3.2723037 3.7316104 
Pocdam_XM_027196988.1                                  2.7634395 3.7898802 3.4189359 3.5282249 3.5435868 3.3440131 3.0164875 2.7882660 2.9516922 3.6772136 4.5658193 3.7411551 3.7411551 3.7180755 4.1624611 3.9511512 3.2865753 3.7265744 3.8497531 3.4010999 3.6277532 3.5375900 4.1112686 3.7705201 4.3861821 0.3519908 0.1702743 0.3513391 0.0000000 0.1511122 0.0976569 0.1016533 0.2205295 0.2572322 0.2241988 0.6202432 1.3094529 1.6414807 1.8737895 1.7899816 1.7126651 1.4256223 1.4844878 1.5704965 1.3498251 1.7336868 1.5315118 1.6717281 1.9883207 1.8844264 2.9894802 3.5365158 3.6177392 3.7057937 4.0108189 3.5371155 3.5599349 3.7052686 3.9921513 1.6166907 2.1023405 2.0916689 2.5624225 2.2237215 2.6975716 3.1015026 2.8518442 3.6883243 2.5888803 2.8232423 2.3046213 2.4036413 2.2581608 2.0316266 2.5236146 2.7573874 3.0527370 2.6646713 2.6496745 2.5354953 2.5383894 2.9219892 2.8595700 2.7453683 2.7490345 3.1256761 2.9438663 2.5895155 2.2822635 2.6248634 2.4396260 2.5959619 2.5245254 2.9596231 2.0256724 2.2313734 2.6538075 2.6180052 3.5237900 3.5480538 
Adig_XM_015898366.1                                    4.8414627 3.5816814 3.1411213 3.8801499 2.9952970 3.0459763 5.7801667 3.7400958 7.0803395 3.0883482 3.7455628 3.6907880 3.6907880 3.6907880 6.5577009 0.0000010 3.2511028 3.3957046 3.5035765 3.7252314 3.7298531 3.7298531 6.3112403 4.1352482 4.9442905 0.0000010 0.0000010 0.1961823 0.1511122 0.0000000 0.1715295 0.1285864 0.1152476 0.0000010 0.0000010 0.0000010 0.9935018 1.0568159 1.1209923 1.0874888 1.1082231 1.0068905 0.9692186 0.9758231 1.2358147 0.9442113 1.2032119 0.9584331 1.4569937 1.1992102 0.0000010 3.1945742 3.5784974 3.5617029 3.5942782 3.3119593 3.1101213 3.5301260 3.4780412 0.0000010 1.6273929 1.5987912 0.0000010 1.3495233 4.5701418 0.0000010 2.0584639 1.9313775 2.0829628 2.0453657 1.7963503 2.0218858 2.0218858 1.7053434 2.0947566 1.6880202 2.7320328 2.0631532 2.1283912 2.0244649 2.1059431 3.0137505 3.0137505 2.4178415 2.4178415 4.5687640 8.4618742 2.5245642 2.5245642 2.5245642 2.5245642 2.4260865 2.0217622 0.0000010 1.5936797 1.4962985 1.9660931 1.7508185 3.8539727 3.4424330 
Spis_XP_022780790_1                                    2.7555220 3.9655886 3.4883687 3.5707063 3.8780353 3.4181055 3.0319139 2.7682057 2.9523025 3.9209536 4.8688920 3.8271551 3.8271551 3.8131423 4.2174823 4.2782380 3.3260661 3.6937420 3.9705419 3.5080984 3.7235061 3.5318533 4.1454649 3.8774977 4.4016971 0.3067495 0.1594705 0.3605685 0.0976569 0.1715295 0.0000000 0.1122916 0.2487507 0.2632715 0.1826629 0.6051731 1.2982121 1.6824307 1.8903465 1.8063902 1.7377964 1.4696872 1.4794933 1.5914000 1.3496071 1.7879461 1.5492380 1.7200964 2.0205859 1.9198397 2.9430751 3.5429655 3.6769091 3.7941548 4.0650789 3.6328596 3.6678590 3.8001063 4.0183694 1.7228296 2.1450513 2.1505229 2.6870992 2.3150432 2.6769291 3.0625956 2.8649256 3.8874106 2.5862135 2.8741180 2.3301013 2.4408623 2.3028148 1.9971414 2.5498399 2.7261290 2.9797614 2.6150409 2.6108571 2.4666777 2.4701529 2.9782568 2.8980861 2.7129290 2.7106419 3.1747938 2.9853316 2.6551614 2.3293224 2.6594792 2.4627835 2.6372174 2.5788959 2.9333865 2.0834298 2.1982946 2.5743649 2.7115609 3.6863394 3.7320174 
Gasp_gasp1.m3.26546.m1                                 2.8438802 3.3682034 3.0975917 3.1263868 3.0829470 3.1095998 2.9514420 2.7202637 2.8692997 3.5631755 4.3075144 3.3982460 3.3982460 3.3982460 3.8586167 4.3938405 3.1843208 3.3130417 3.5377742 3.1867317 3.0383958 3.2209577 4.2506604 3.4460502 3.7944884 0.3639899 0.1366220 0.1368150 0.1016533 0.1285864 0.1122916 0.0000000 0.0737899 0.2655192 0.2348690 0.5770126 0.4158975 1.1929476 1.3900498 1.4153504 1.3621368 1.1592997 1.1837637 1.1873473 1.1773784 1.4019301 1.2681960 1.3649393 1.7506361 1.5595625 2.9519580 3.2738791 3.4544861 3.4771774 3.5281343 3.1775899 3.2155306 3.3031656 3.4381125 1.5935046 1.9127465 1.8184099 2.2517596 1.9906508 2.3193872 2.7154093 2.3059586 1.7066895 2.3582955 2.2027760 1.6619138 1.9733857 1.8001358 1.7315039 2.3167166 2.0924985 2.4031272 2.1549644 2.0888806 2.0395482 2.0619972 2.5132476 2.3738834 2.2355721 2.2155740 2.7794328 2.8243679 1.9581141 1.9581141 2.0391888 2.0391888 2.0683533 2.0636468 2.3658305 1.7608973 1.8837487 2.1686769 2.4609165 3.2219129 3.7980046 
Fspp_ffun1.m4.11438.m1                                 2.8753928 3.9293212 3.6133336 3.6231793 3.3714620 3.3915583 3.0313825 2.8450215 2.8571686 3.8252095 4.9056536 3.8011758 3.8011758 3.7793268 4.3210084 4.1455889 3.4299772 3.9486893 3.9679943 3.5669614 3.3753765 3.6004591 4.5943710 3.6875824 4.3784656 0.4397979 0.1593544 0.3481617 0.2205295 0.1152476 0.2487507 0.0737899 0.0000000 0.2722848 0.2780140 0.5710976 1.1588641 1.5541311 1.8236630 1.6567262 1.6965378 1.4043313 1.4760922 1.5471258 1.2532159 1.8149214 1.5959026 1.6750646 2.0125724 1.9543363 2.8277896 3.5067923 3.6935904 3.9173505 4.0956024 3.7310437 3.7223194 3.9031031 3.8931190 1.6632764 2.1592979 2.2664998 2.5987769 2.2790060 2.7393514 3.4574101 2.9627973 3.8403111 2.7869258 3.0160719 2.4058798 2.5729280 2.3652582 2.2613558 2.5485077 2.5058817 3.0232692 2.7065424 2.6911913 2.5020081 2.5239507 3.1631956 3.0030257 2.7338635 2.7318263 3.2617530 3.1053838 2.4748175 2.0765848 2.5051594 2.2846812 2.5358954 2.7434222 2.9647162 2.0480964 2.2029758 2.5456683 2.6253976 3.4070238 3.6464364 
Adig_XM_015925456.1                                    2.7891114 3.1969088 3.0464978 2.4668775 9.0000000 3.3960886 3.3911203 3.3911203 3.3911203 5.3781140 9.0000000 3.8143077 3.8143077 3.8143077 3.8370457 3.7286180 3.6063250 3.4616200 3.7903728 3.6034823 1.9108626 1.4164875 5.6196875 3.5175192 3.6341328 2.6422526 0.0338677 0.2358291 0.2572322 0.0000010 0.2632715 0.2655192 0.2722848 0.0000000 1.9668455 0.5771672 2.6090673 1.6989134 1.7970784 1.7900046 1.7900046 1.5109003 1.5609047 1.6384835 1.3467349 1.5370144 1.3736013 2.5411184 2.0159566 1.6827089 2.7137114 3.2240618 3.5252845 3.0890563 3.5636712 3.2406800 3.3590520 3.1413968 3.2006862 1.5593335 2.3749371 2.4579414 2.5162091 2.5782452 2.5934072 2.4662179 2.3326549 9.0000000 4.2608420 2.3437346 0.0000010 2.2215657 1.9631389 3.8526730 2.5573823 4.4947488 3.3700197 2.8268721 2.9727668 2.5105208 2.5068233 3.7687122 3.0690820 3.1737937 3.0512761 3.1267616 3.0735094 2.6255985 2.6255985 2.3504935 2.3504935 2.3730418 8.9999990 2.2015974 2.2750008 2.0347297 2.4157743 2.7206197 3.6057187 3.3192747 
Adig_XM_015898413.1                                    0.7908019 3.5283609 2.2243914 2.8603591 0.0000010 2.8537122 1.7959101 1.4428124 1.9017104 2.1276043 0.0000010 2.9443175 2.9443175 2.9443175 3.3917577 4.3729811 2.7193258 2.8774582 3.1388949 2.8548162 2.1994529 2.8876887 3.8539142 3.0509589 3.0776839 0.0853646 0.0000010 0.2322370 0.2241988 0.0000010 0.1826629 0.2348690 0.2780140 1.9668455 0.0000000 1.5830989 0.3186696 1.0192336 1.3517087 1.6470187 1.3437012 1.2636012 1.1577864 1.1463437 1.4598417 1.5677484 1.2341030 1.1847254 1.8545510 1.7838548 2.0184721 2.7387521 2.8296818 3.1107448 2.5936915 2.5348209 2.5059702 2.3929511 2.6938766 3.4305069 1.6729023 1.8409841 2.2192742 1.5865121 1.5662923 2.7100618 2.2371620 0.0000010 2.3288929 2.3566675 0.0000010 1.3508578 1.3508578 1.8587182 1.8091132 1.7228217 1.8798823 1.7140959 1.4608271 1.6436682 1.6436682 1.8560144 1.8683136 1.7465164 1.7465164 2.1708541 2.2972677 1.9889089 1.9889089 2.0162628 2.0162628 1.8571877 2.2676922 2.7764850 1.6011247 1.7094992 2.2781609 2.6576052 2.6917802 3.1330083 
Nvec_v1g139123                                         2.6701444 3.1201464 2.5428635 2.6970813 0.0000010 2.6469687 2.7181941 2.7181941 2.7181941 4.5307434 0.0000010 3.4974043 3.4974043 3.4974043 3.4962181 3.4232885 2.9964019 2.9286171 3.0309320 3.1098640 0.0000010 0.0000010 3.9876357 2.7644756 2.8933269 1.4133853 0.5496254 0.4864198 0.6202432 0.0000010 0.6051731 0.5770126 0.5710976 0.5771672 1.5830989 0.0000000 3.5952143 1.2444446 1.3345569 1.5847519 1.5847519 1.1099318 1.2190937 1.2016516 1.1113946 1.2039062 1.1944637 1.8124229 1.3452860 1.1902269 2.5922964 3.4575739 3.3910294 3.3908639 3.4761231 3.2806603 3.1449982 3.0266202 3.2042540 1.3989140 1.8216631 1.8825968 1.8511530 2.1886158 2.0961268 1.9913571 2.0032337 0.0000010 2.4108952 2.0960623 0.0000010 2.4113047 1.9001093 1.8297600 2.0727005 2.3730880 2.5168968 1.8955289 1.9226397 1.9425150 1.9634950 3.3483500 2.7680752 2.7230849 2.7081510 2.7686510 2.9621686 2.0790938 2.0790938 1.8151622 1.8151622 1.8201637 0.0000010 1.8503903 1.9946672 1.7542734 2.2721082 2.3325166 3.0863655 3.2320950 
Gasp_gasp1.m3.20699.m1                                 3.9949115 4.4119636 4.5008574 4.1031018 5.0830428 4.5464422 5.1614756 4.4511537 5.8623893 3.4563556 6.5348695 4.1194750 4.1194750 4.1194750 5.6573657 8.9999986 3.8402391 4.5311473 4.5280217 3.9637887 3.8812756 3.7015655 4.5583252 4.8877056 5.9942474 0.7293659 5.0626475 1.0504292 1.3094529 0.9935018 1.2982121 0.4158975 1.1588641 2.6090673 0.3186696 3.5952143 0.0000000 2.0325818 2.1424494 2.3743034 2.0704268 2.0416531 2.0005949 2.0311556 2.0536471 1.9992666 2.1711449 2.1596728 2.3148291 2.5250456 5.5354636 4.3920844 4.3389591 5.4864655 5.9378768 4.9969674 4.8781437 5.4293634 4.9360404 2.5276395 2.8391985 3.1162624 4.0813539 2.3229491 2.2011632 3.1540457 4.0372010 5.7411089 3.6595730 3.7144876 3.4433710 2.6938315 2.7493789 2.9864271 3.1881472 3.1809085 3.9058469 3.2760060 3.0280568 3.3011583 3.2183632 3.8676464 3.8887210 3.2242688 3.2617254 4.8508904 3.8857977 3.2321973 2.6551903 3.2859729 2.7716140 3.2283092 2.9644969 2.7895673 2.6782603 2.5620715 3.1907721 2.8544866 4.7377631 6.1544853 
