60
Cgig_XM_034465917.1                                   0.0000000 0.0318901 2.1972854 1.4211396 0.0000010 3.7578360 3.8011060 2.0954319 2.0663192 3.1729872 4.0426485 0.0000010 4.5876158 5.7453107 4.9188056 4.8051682 4.3751644 4.4756187 4.4357939 4.3319987 0.0000010 3.4354531 3.6377811 3.9849898 4.0702084 8.6781820 4.4899409 5.6716813 0.0000010 6.5805213 5.7699690 1.7045812 6.5112447 5.1261832 5.0036607 0.0000010 4.3902418 5.1640233 4.5141348 3.6135033 3.5998336 3.6745195 2.2025134 3.6302474 1.0416848 4.3946168 4.2021831 6.6748111 6.3841933 4.0356413 3.8750404 4.0133023 2.5829354 4.4493705 7.5615308 4.4068306 4.4206512 4.2282240 8.9999986 2.8664726 
Cgig_XM_034465913.1                                   0.0318901 0.0000000 1.1456343 0.8876689 0.8060379 1.5054745 1.6092199 1.1267050 1.1609311 1.6018391 1.7102414 1.3484353 1.6966550 2.7928530 1.7935278 1.7650618 1.6967277 1.7708789 1.6826033 1.6825486 1.4484165 1.3856074 1.4181738 1.4026320 1.4467568 1.9021266 1.6337940 1.8699325 1.1804503 2.1887666 2.1935774 1.5184413 2.1450307 2.0131567 1.8866491 1.6483304 1.8492212 2.0041132 1.7984493 1.9057903 1.8823126 1.7948021 1.4134408 1.6931001 1.3597680 1.9921428 1.6690901 2.0820149 1.9960127 1.8348985 1.5843437 1.5953551 1.4491445 1.7856764 2.2399955 1.7736659 1.9834661 1.6354152 2.2858187 1.3622578 
Bralan_BLAG19000591_2                                 2.1972854 1.1456343 0.0000000 1.1819234 0.7629625 1.1059587 1.4792221 1.2144647 1.0476754 1.4002776 1.3770567 1.2353145 1.2913111 1.8153720 1.2177953 1.2701810 1.3139170 1.3459637 1.3249150 1.3119716 1.3336100 1.2436761 1.2585424 1.2781904 1.2621026 1.5146850 1.4278357 1.7885182 1.1419808 1.9709298 1.9161008 1.2581307 1.8177588 1.8245510 1.5246900 1.5033890 1.4458788 1.5739975 1.4655248 1.5676430 1.5377139 1.4997576 1.1191900 1.3604862 1.0785042 1.6929009 1.3886136 1.6393212 1.6325247 1.6905766 1.5762270 1.6433870 1.4302205 1.2812184 1.7859817 1.6794250 1.5656247 1.5199410 1.8051160 1.3052213 
Acagra_model.g11508.t1.1.5d3b866f                     1.4211396 0.8876689 1.1819234 0.0000000 0.7298320 1.4379784 1.6770536 1.3129330 1.3606362 1.7040096 1.8743742 1.2811108 1.8605878 3.1475109 1.8197678 1.8399748 1.9140869 1.8997791 1.8486617 1.8206572 1.3423347 1.3496604 1.4324564 1.3941191 1.5383438 2.0528863 1.7315086 2.0042894 1.1597906 2.2111822 2.2886484 1.7962230 2.2182151 2.1953499 1.9460700 1.9532123 1.9954234 2.1662916 2.1884950 2.0153615 1.9652338 1.9755385 1.4285090 1.7984351 1.3637016 2.0929360 1.6419484 2.0438171 2.0957087 2.0234001 1.8757748 1.8954994 1.5588634 1.6443563 2.1355354 1.9064425 2.0017275 1.7868170 2.2261277 1.4135737 
Ctel_gnl_WGS_AMQN_CAPTEDRAFT_mRNA149783               0.0000010 0.8060379 0.7629625 0.7298320 0.0000000 0.9454285 1.0078750 1.0022269 0.9634088 1.0185489 1.2350240 1.3399424 1.1554139 1.0548423 1.0822654 1.0725813 1.2202451 1.2055808 1.1802467 1.1705892 1.4675165 1.1859972 1.0839535 1.1088983 1.1384532 1.2296807 1.1763307 1.3849455 1.3098287 1.3599616 1.4595798 2.0845769 1.5048989 1.5218981 1.2117254 2.0500255 1.1268991 1.5385978 1.4941648 1.2848799 1.2964971 1.3085374 1.3120112 1.2856928 1.3604033 1.3982478 1.2605749 1.3639731 1.2299545 1.3407086 1.2991587 1.2403285 1.2926564 1.5816013 1.4007784 1.4598225 1.3614307 1.0348911 1.3938816 0.8526802 
Hsap_ENST00000307826                                  3.7578360 1.5054745 1.1059587 1.4379784 0.9454285 0.0000000 1.5650278 1.2574637 1.3026020 1.5281794 1.8390896 1.4065286 1.7874118 2.9897977 1.7695072 1.7430000 1.6225929 1.6524927 1.5828456 1.5707307 1.5822749 1.4821052 1.5625331 1.4827968 1.6142763 1.7866088 1.7733224 1.9078365 1.2551026 2.1296741 2.1832898 1.2207942 1.8393626 1.7949642 1.6958137 1.6901859 1.8147893 1.9318502 1.8359770 2.0498220 2.0283557 1.9178241 1.4506050 1.6508336 1.4408344 2.1333690 1.6300087 2.0042782 1.8233199 2.0068510 1.7158856 1.6297172 1.8431729 1.6542496 2.3307088 1.8088967 1.8082729 1.6253546 2.0943904 1.6357122 
Dpul_mRNA3712                                         3.8011060 1.6092199 1.4792221 1.6770536 1.0078750 1.5650278 0.0000000 1.1024992 1.6075696 2.2218309 1.8626240 1.2879856 1.8460826 2.8882644 1.7875342 1.7654241 2.0217709 2.0592336 1.9832927 1.9694639 1.3881433 1.3885718 1.4849433 1.4260192 1.5536725 2.2090665 1.9045734 2.0885570 1.3065561 2.5071256 2.5001495 1.3645083 1.8414657 1.8208299 2.1046686 1.4821487 2.1285964 1.9000677 2.0045130 1.7893568 1.7848309 1.8662130 1.3937273 1.5687221 1.3530131 1.9571162 1.7690431 2.4893154 2.3190611 2.0250418 1.7474641 1.7399127 1.8561823 1.8395410 2.5676603 2.0351253 1.9584112 1.8614271 2.0960189 1.5516041 
Tcas_TC009001_001                                     2.0954319 1.1267050 1.2144647 1.3129330 1.0022269 1.2574637 1.1024992 0.0000000 1.1392740 1.4272651 1.3416446 1.2900841 1.3709264 1.7932756 1.3373545 1.3201621 1.4358038 1.3400102 1.2996869 1.2884030 1.2886065 1.2268572 1.3119771 1.3637045 1.4085142 1.5572230 1.3678101 1.6905499 1.2081025 2.1960677 2.1035879 1.7116431 1.7182195 1.6429543 1.7468664 1.2482788 1.5461876 1.7018924 1.6792833 1.5890860 1.5791922 1.6229560 1.3965728 1.6150789 1.3987586 1.7574400 1.8011237 1.6471085 1.5912673 1.5380541 1.7078582 1.7615771 1.4946377 1.7117621 1.6802527 1.7226644 1.6964016 1.3544098 1.7393407 1.0043612 
Skow_XM_006818445.1                                   2.0663192 1.1609311 1.0476754 1.3606362 0.9634088 1.3026020 1.6075696 1.1392740 0.0000000 1.1708419 1.5025659 1.2482322 1.5477321 2.0644751 1.3916153 1.4324873 1.4414745 1.5358353 1.4631812 1.4529370 1.4196802 1.3285261 1.3995154 1.4130363 1.5370107 1.6783343 1.5606442 1.6383815 1.1898859 2.2153335 2.0046951 1.3498340 1.7923588 1.7756645 1.6331681 1.5801697 1.5061143 1.7587839 1.7023157 1.5225831 1.5213677 1.5317550 1.1982113 1.3540248 1.1241938 1.6751283 1.3665595 1.8994287 1.8509129 1.7505946 1.4740260 1.7234906 1.5223995 1.5894849 2.2334668 1.5015326 1.5629910 1.4871889 1.9529605 1.3231287 
Spur_XM_030972544.1                                   3.1729872 1.6018391 1.4002776 1.7040096 1.0185489 1.5281794 2.2218309 1.4272651 1.1708419 0.0000000 1.7555457 1.3056742 1.6831834 2.3899960 1.7279549 1.6825956 1.7290802 1.7962647 1.6897718 1.6771023 1.9910069 1.6331778 1.6058964 1.6402469 1.6571017 2.0005365 1.7384752 1.7809252 1.4904217 2.0266329 2.0630574 1.8153570 2.1643361 2.1031798 2.1264768 2.0405066 2.1466722 1.7041316 1.7137303 1.9561857 1.9292703 1.8749842 1.4704179 1.8152214 1.4655975 2.1325336 1.6955562 2.0019574 1.8563370 1.8879969 2.0650047 1.9449342 1.7824802 1.6694630 1.9524777 1.9111665 1.8591582 1.8264835 2.2104879 1.5993633 
Fspp_ffun1.m4.14684.m1                                4.0426485 1.7102414 1.3770567 1.8743742 1.2350240 1.8390896 1.8626240 1.3416446 1.5025659 1.7555457 0.0000000 0.2211775 0.2351155 0.3460407 0.3818877 0.3784849 0.5586089 0.6820069 0.6668341 0.6462372 1.0765839 1.1268991 1.1603421 1.0735445 1.0795224 1.2249332 1.1064247 1.8896825 1.3288136 2.0309944 2.1090850 1.2655726 1.7088561 1.7545752 1.5016904 1.2083614 1.6764930 1.4842034 1.3906481 1.6075167 1.5570415 1.4827995 1.1910493 1.4080323 1.1565584 1.6330023 1.4474838 1.6205630 1.5827673 1.4117850 1.4519219 1.5475487 1.5303062 1.4840551 1.7620085 1.7641581 1.8867603 1.7335553 1.6917836 1.9231660 
Gfas_gfas1.m1.11887.m1                                0.0000010 1.3484353 1.2353145 1.2811108 1.3399424 1.4065286 1.2879856 1.2900841 1.2482322 1.3056742 0.2211775 0.0000000 0.1157626 0.0000010 0.2826824 0.2936754 0.4111257 0.4847653 0.4727827 0.4727827 1.1979291 0.9864392 0.8494670 0.8803729 0.8455636 0.8238128 0.8335864 1.5146099 1.5171347 1.3325105 1.6328484 5.5067712 0.9545282 1.1046804 1.0864372 1.2569176 1.2055931 1.1074663 1.1389387 1.2366147 1.2339436 1.2892209 1.2944645 1.3323087 1.3348576 1.3391157 1.2125558 1.0091361 1.1118193 1.2104560 1.1469852 1.2094367 1.2833661 1.2518129 1.0309924 1.2643994 1.3152106 1.1155234 1.0430733 1.4394371 
Gasp_gasp1.m3.10575.m1                                4.5876158 1.6966550 1.2913111 1.8605878 1.1554139 1.7874118 1.8460826 1.3709264 1.5477321 1.6831834 0.2351155 0.1157626 0.0000000 0.1421731 0.3759093 0.3831487 0.5743813 0.7277648 0.7049828 0.6888484 0.9581523 1.0712036 1.1059425 1.0618603 1.0787058 1.1846571 1.0824064 1.8420401 1.3038357 2.0690432 2.1366947 1.2245940 1.6530140 1.7048385 1.5183243 1.2735222 1.6737938 1.5398981 1.3254337 1.5391426 1.5141440 1.4337216 1.1266402 1.3784598 1.1110315 1.6356270 1.4563667 1.7150069 1.6352273 1.5012217 1.5282967 1.5233182 1.5296308 1.4878897 1.7889279 1.7403394 1.7022064 1.7946840 1.6314542 1.8335521 
Gfas_gfas1.m1.22589.m1                                5.7453107 2.7928530 1.8153720 3.1475109 1.0548423 2.9897977 2.8882644 1.7932756 2.0644751 2.3899960 0.3460407 0.0000010 0.1421731 0.0000000 0.5371869 0.4890912 0.7846164 1.0229113 0.9871772 0.9585554 0.5185506 1.4873882 1.6615318 1.5490323 1.4289019 2.1296211 1.6254866 2.6437090 0.8284228 3.0730571 2.9825413 1.1205112 3.2637961 2.9342383 2.3333929 0.0000010 2.7624021 2.3790027 1.8659686 2.2656665 2.1546161 1.9797856 1.1510119 1.8265020 0.8867734 2.4893927 2.2602078 3.0884885 2.7089052 2.0623517 2.3211480 2.1859896 2.0949952 2.0346902 2.9670460 2.9690431 2.5519937 2.9286521 2.7090856 2.5100387 
Pocdam_XM_027179850.1                                 4.9188056 1.7935278 1.2177953 1.8197678 1.0822654 1.7695072 1.7875342 1.3373545 1.3916153 1.7279549 0.3818877 0.2826824 0.3759093 0.5371869 0.0000000 0.1164566 0.5659374 0.6941120 0.6849033 0.6695515 1.0974862 1.1614393 1.1603914 1.1186245 1.2165738 1.2654822 1.1058309 1.8737853 1.3320170 2.0519764 2.1633953 1.1944222 1.6028647 1.8660958 1.4296242 1.4390800 1.5287442 1.4669126 1.3240110 1.5225511 1.4980978 1.4147762 1.1721251 1.3552603 1.1177695 1.6092566 1.4657599 1.4963262 1.4404754 1.4319375 1.5518222 1.6415125 1.5350538 1.4127757 1.7720983 1.7037483 1.6973847 1.7726834 1.7471311 1.8894880 
Spis_XP_022798359_1                                   4.8051682 1.7650618 1.2701810 1.8399748 1.0725813 1.7430000 1.7654241 1.3201621 1.4324873 1.6825956 0.3784849 0.2936754 0.3831487 0.4890912 0.1164566 0.0000000 0.5596073 0.6519168 0.6448703 0.6371214 1.1434172 1.2004539 1.1289976 1.1169520 1.1717668 1.1809871 1.1031986 1.8814776 1.3678855 2.0242716 2.1283402 1.2310128 1.5849820 1.7840676 1.4886536 1.5425112 1.6361324 1.4879326 1.3195820 1.4973494 1.4626385 1.3949660 1.1842806 1.3314487 1.1444121 1.5966979 1.4302947 1.5377323 1.4622063 1.4764029 1.4624311 1.5444569 1.5115862 1.3555655 1.7334725 1.6488061 1.6833965 1.7739455 1.7089603 1.8927609 
Gfas_gfas1.m1.20318.m1                                4.3751644 1.6967277 1.3139170 1.9140869 1.2202451 1.6225929 2.0217709 1.4358038 1.4414745 1.7290802 0.5586089 0.4111257 0.5743813 0.7846164 0.5659374 0.5596073 0.0000000 0.5550230 0.5350536 0.5203533 1.1741465 1.1253151 1.0474966 1.0539113 1.1177607 1.3273662 1.2266289 1.9180604 1.3195320 2.1303968 2.1257615 1.3418012 1.9748204 2.0393813 1.5085825 1.3314450 1.7336572 1.5762321 1.3418092 1.6083825 1.5363265 1.4556139 1.1841663 1.4192601 1.1028264 1.7087103 1.5423533 1.6206599 1.5617122 1.3703086 1.4112825 1.5238900 1.4060661 1.4754622 1.8124193 1.8024610 1.6807848 1.8567718 1.8162706 1.9544837 
Amil_Amillepora29706-RA                               4.4756187 1.7708789 1.3459637 1.8997791 1.2055808 1.6524927 2.0592336 1.3400102 1.5358353 1.7962647 0.6820069 0.4847653 0.7277648 1.0229113 0.6941120 0.6519168 0.5550230 0.0000000 0.0099876 0.0049938 1.3974242 1.2116087 1.1221420 1.1274241 1.1680241 1.3572837 1.0482781 1.9119817 1.3027227 2.2132121 2.3536812 1.4677798 1.9492884 2.0334836 1.5280419 1.1007340 1.6584630 1.6885141 1.3427339 1.6323357 1.6197444 1.4169169 1.1523260 1.4179490 1.1329118 1.6294693 1.6168709 1.7204144 1.7024246 1.5378348 1.4757346 1.4598275 1.4409203 1.5428344 1.9637576 1.7491807 1.7718088 1.9758759 1.8918736 2.1411735 
Amil_Amillepora29780-RA                               4.4357939 1.6826033 1.3249150 1.8486617 1.1802467 1.5828456 1.9832927 1.2996869 1.4631812 1.6897718 0.6668341 0.4727827 0.7049828 0.9871772 0.6849033 0.6448703 0.5350536 0.0099876 0.0000000 0.0047907 1.2110167 1.1405896 1.0682597 1.0754342 1.1022114 1.2991987 1.0132442 1.8227194 1.2477624 2.1279218 2.2120165 1.4148069 1.8698996 1.9662925 1.4337468 1.1007340 1.5980860 1.6054144 1.3071907 1.5757191 1.5641372 1.3741948 1.1128082 1.3575546 1.0810044 1.5218623 1.5541319 1.6248093 1.6160348 1.4776504 1.4554380 1.4487693 1.4001193 1.4842333 1.8167040 1.6954705 1.7253393 1.8920630 1.8038458 2.0052370 
Adig_XM_015906148.1                                   4.3319987 1.6825486 1.3119716 1.8206572 1.1705892 1.5707307 1.9694639 1.2884030 1.4529370 1.6771023 0.6462372 0.4727827 0.6888484 0.9585554 0.6695515 0.6371214 0.5203533 0.0049938 0.0047907 0.0000000 1.2310453 1.1331636 1.0689344 1.0761435 1.1069028 1.2887917 1.0011148 1.8064564 1.2361873 2.1027645 2.2041058 1.4148069 1.8548399 1.9382709 1.4264902 1.1007340 1.5740773 1.5927358 1.3058666 1.5547260 1.5433069 1.3548771 1.1041699 1.3491660 1.0730028 1.5284024 1.5394197 1.6123425 1.5989965 1.4439771 1.4231181 1.4528236 1.3894734 1.4617365 1.8249909 1.7183664 1.7318560 1.8912740 1.7932470 1.9872755 
Adig_XM_015917295.1                                   0.0000010 1.4484165 1.3336100 1.3423347 1.4675165 1.5822749 1.3881433 1.2886065 1.4196802 1.9910069 1.0765839 1.1979291 0.9581523 0.5185506 1.0974862 1.1434172 1.1741465 1.3974242 1.2110167 1.2310453 0.0000000 0.2864542 0.4022390 0.4329238 0.4145395 1.2685081 1.3414042 1.2854536 1.1141817 1.5526815 1.5465910 2.7059651 1.4409005 1.5419238 1.2926008 5.6447996 1.2022339 1.4260632 1.7989089 1.2072668 1.1797515 1.2991012 1.3055523 1.2549825 1.2885865 1.2885865 1.4495274 1.3627249 1.3451780 1.6814571 1.8487145 1.5727645 1.5054041 1.7849865 1.5316493 1.6682514 1.7200847 0.9299552 1.3684330 1.2898033 
Gfas_gfas1.m1.694.m1                                  3.4354531 1.3856074 1.2436761 1.3496604 1.1859972 1.4821052 1.3885718 1.2268572 1.3285261 1.6331778 1.1268991 0.9864392 1.0712036 1.4873882 1.1614393 1.2004539 1.1253151 1.2116087 1.1405896 1.1331636 0.2864542 0.0000000 0.5011660 0.4699290 0.4605048 1.2967734 1.2540258 1.4715729 1.0568727 1.9800017 1.9488456 1.3638572 1.4068568 1.6013820 1.4768612 1.6997359 1.3335324 1.4686785 1.5006143 1.4392219 1.4321904 1.4539135 1.1665039 1.3131080 1.1389420 1.6130371 1.2905743 1.4656518 1.4679423 1.3977993 1.5613569 1.6141526 1.1582857 1.5433888 1.5628404 1.3717149 1.4081050 1.4133793 1.5777199 1.5848087 
Pocdam_XM_027198648.1                                 3.6377811 1.4181738 1.2585424 1.4324564 1.0839535 1.5625331 1.4849433 1.3119771 1.3995154 1.6058964 1.1603421 0.8494670 1.1059425 1.6615318 1.1603914 1.1289976 1.0474966 1.1221420 1.0682597 1.0689344 0.4022390 0.5011660 0.0000000 0.1658817 0.3858944 1.3257206 1.3194114 1.6119186 1.0323130 1.9217136 1.9182132 1.4794866 1.6409879 1.7390173 1.6291929 1.6524885 1.4484047 1.5400867 1.6153219 1.5172828 1.4913833 1.4573668 1.1348074 1.2905334 1.2023718 1.8519174 1.3922207 1.6658791 1.5033793 1.5110466 1.5399247 1.6113465 1.1910440 1.4619435 1.5184752 1.4728266 1.4911401 1.4282611 1.6583084 1.5452665 
Spis_XP_022799826_1                                   3.9849898 1.4026320 1.2781904 1.3941191 1.1088983 1.4827968 1.4260192 1.3637045 1.4130363 1.6402469 1.0735445 0.8803729 1.0618603 1.5490323 1.1186245 1.1169520 1.0539113 1.1274241 1.0754342 1.0761435 0.4329238 0.4699290 0.1658817 0.0000000 0.4304088 1.2263046 1.1486181 1.7492982 1.1007967 1.8750698 1.9131624 1.4541267 1.6030401 1.7642312 1.5534381 1.5878706 1.3731644 1.5105078 1.6553078 1.4698619 1.4411889 1.3498689 1.1316176 1.3517613 1.1604491 1.6542813 1.4631223 1.5729431 1.5957839 1.3671987 1.6267360 1.6035246 1.1342814 1.4318809 1.4041040 1.5496107 1.5417119 1.3325669 1.6582825 1.4807952 
Fspp_ffun1.m4.5997.m1                                 4.0702084 1.4467568 1.2621026 1.5383438 1.1384532 1.6142763 1.5536725 1.4085142 1.5370107 1.6571017 1.0795224 0.8455636 1.0787058 1.4289019 1.2165738 1.1717668 1.1177607 1.1680241 1.1022114 1.1069028 0.4145395 0.4605048 0.3858944 0.4304088 0.0000000 1.2389392 1.2506687 1.6585473 1.0699536 1.7715519 1.8547181 1.6333088 1.6313346 1.6794779 1.5967849 1.7267436 1.4432544 1.4589263 1.5621754 1.5923344 1.5471994 1.4524343 1.2376603 1.3389754 1.2634316 1.7950985 1.3713873 1.5653881 1.4960995 1.4727676 1.5235233 1.6213274 1.2733710 1.4609548 1.4411644 1.5666786 1.5400105 1.4582680 1.6847577 1.7483979 
Nvec_v1g101514                                        8.6781820 1.9021266 1.5146850 2.0528863 1.2296807 1.7866088 2.2090665 1.5572230 1.6783343 2.0005365 1.2249332 0.8238128 1.1846571 2.1296211 1.2654822 1.1809871 1.3273662 1.3572837 1.2991987 1.2887917 1.2685081 1.2967734 1.3257206 1.2263046 1.2389392 0.0000000 1.2022992 1.8463574 1.1958846 2.2438802 2.3867932 1.5878846 2.2212408 2.1937491 1.6178830 1.1464524 1.8261370 1.6157716 1.6731352 1.7689198 1.7753923 1.6141346 1.1579880 1.3838968 1.1129432 1.8198437 1.6717548 1.8118360 1.7621609 1.5655269 1.7502980 1.7983133 1.5557798 1.3841419 2.0332836 1.6144445 1.8527596 1.8159203 1.7174752 2.1706592 
Exapal_XM_021037490.2                                 4.4899409 1.6337940 1.4278357 1.7315086 1.1763307 1.7733224 1.9045734 1.3678101 1.5606442 1.7384752 1.1064247 0.8335864 1.0824064 1.6254866 1.1058309 1.1031986 1.2266289 1.0482781 1.0132442 1.0011148 1.3414042 1.2540258 1.3194114 1.1486181 1.2506687 1.2022992 0.0000000 1.6741261 1.1733463 2.2963098 2.3989526 1.5612652 1.8363180 2.0268020 1.6478278 1.1835069 1.6514945 1.5273776 1.3274112 1.9493536 1.8987486 1.7287894 1.2570943 1.5455038 1.2621233 1.9301569 1.7001658 1.7348009 1.6236736 1.3447260 1.4842768 1.6476446 1.4114760 1.3841032 1.7954722 1.8937939 1.8866107 1.7784886 1.6302710 1.9260458 
Lcom_lcpid95522                                       5.6716813 1.8699325 1.7885182 2.0042894 1.3849455 1.9078365 2.0885570 1.6905499 1.6383815 1.7809252 1.8896825 1.5146099 1.8420401 2.6437090 1.8737853 1.8814776 1.9180604 1.9119817 1.8227194 1.8064564 1.2854536 1.4715729 1.6119186 1.7492982 1.6585473 1.8463574 1.6741261 0.0000000 0.7662242 0.8979598 0.8107839 1.8191621 1.7684124 1.7117065 1.6811228 1.5751011 1.7128561 1.8588974 1.8485779 1.7969820 1.7889840 1.7062264 1.4754694 1.8124023 1.4343765 1.6882530 1.7343704 2.0147731 2.0222515 1.8333062 1.7197641 1.7436926 1.8497700 2.0404266 2.0930320 2.0418096 1.7784680 1.5783537 1.9439320 1.8579768 
Clacor_Ccor_C527577_01                                0.0000010 1.1804503 1.1419808 1.1597906 1.3098287 1.2551026 1.3065561 1.2081025 1.1898859 1.4904217 1.3288136 1.5171347 1.3038357 0.8284228 1.3320170 1.3678855 1.3195320 1.3027227 1.2477624 1.2361873 1.1141817 1.0568727 1.0323130 1.1007967 1.0699536 1.1958846 1.1733463 0.7662242 0.0000000 1.0302976 0.8798838 1.6649363 1.1860469 1.2169798 1.0991221 1.4630629 1.0820853 1.5244503 1.3520037 1.2697626 1.2936788 1.2856020 1.2895594 1.2239839 1.3005866 1.3757545 1.2043428 1.3377841 1.3207197 1.2979371 1.4614949 1.2625600 1.2950761 1.4819784 1.3017014 1.5248018 1.4547683 1.0199398 1.5776407 1.4824269 
Gracom_Gcom_scaffold10254_01                          6.5805213 2.1887666 1.9709298 2.2111822 1.3599616 2.1296741 2.5071256 2.1960677 2.2153335 2.0266329 2.0309944 1.3325105 2.0690432 3.0730571 2.0519764 2.0242716 2.1303968 2.2132121 2.1279218 2.1027645 1.5526815 1.9800017 1.9217136 1.8750698 1.7715519 2.2438802 2.2963098 0.8979598 1.0302976 0.0000000 0.7302697 1.7302074 2.2084704 1.9957179 2.0695474 1.5038470 2.5164045 2.2694426 2.1527459 2.4157517 2.4080054 2.1914168 1.5748104 2.0465907 1.6507705 2.4521331 1.8756646 2.7809894 2.5043977 2.3293431 2.1726523 1.8376572 2.0627212 2.0187521 2.4327310 2.6859712 2.5009076 2.3549944 2.5425286 2.2096058 
Leuniv_Lniv_scaffold22710_01                          5.7699690 2.1935774 1.9161008 2.2886484 1.4595798 2.1832898 2.5001495 2.1035879 2.0046951 2.0630574 2.1090850 1.6328484 2.1366947 2.9825413 2.1633953 2.1283402 2.1257615 2.3536812 2.2120165 2.2041058 1.5465910 1.9488456 1.9182132 1.9131624 1.8547181 2.3867932 2.3989526 0.8107839 0.8798838 0.7302697 0.0000000 1.7265307 2.1338307 1.8588622 1.9347878 1.6951169 2.1690483 2.0314775 2.1260612 2.3078354 2.2761553 2.0206691 1.5180467 1.9667074 1.5544514 2.2780435 1.7575574 2.6848758 2.3863320 2.2140365 2.0418299 1.9423962 2.0845077 1.9837497 2.3973856 2.6561201 2.2830554 2.2162480 2.4442447 2.3119962 
Spolac_c101816_g1_i2_m.26881c101816-g1                1.7045812 1.5184413 1.2581307 1.7962230 2.0845769 1.2207942 1.3645083 1.7116431 1.3498340 1.8153570 1.2655726 5.5067712 1.2245940 1.1205112 1.1944222 1.2310128 1.3418012 1.4677798 1.4148069 1.4148069 2.7059651 1.3638572 1.4794866 1.4541267 1.6333088 1.5878846 1.5612652 1.8191621 1.6649363 1.7302074 1.7265307 0.0000000 0.0975161 0.5890168 1.4480004 9.0000000 1.5554810 1.6417226 1.5833164 1.8779281 1.8173133 1.8296927 1.8199185 1.7759936 1.6197479 1.9981941 1.1880458 2.2973729 2.2970889 1.8922937 1.4629016 1.4806607 1.4097615 1.8723162 2.3862988 1.5672103 1.4804766 1.6005614 1.8756154 1.7890324 
Spolac_c101816_g1_i3_m.26882c101816-g1                6.5112447 2.1450307 1.8177588 2.2182151 1.5048989 1.8393626 1.8414657 1.7182195 1.7923588 2.1643361 1.7088561 0.9545282 1.6530140 3.2637961 1.6028647 1.5849820 1.9748204 1.9492884 1.8698996 1.8548399 1.4409005 1.4068568 1.6409879 1.6030401 1.6313346 2.2212408 1.8363180 1.7684124 1.1860469 2.2084704 2.1338307 0.0975161 0.0000000 0.4490045 1.6906429 1.3595645 2.0491787 2.0530006 1.8911550 1.9910880 1.9707248 1.9540799 1.2726751 1.6545697 1.2682498 2.0731725 1.5789923 2.4056359 2.3788970 2.1347945 1.3228844 1.4103252 1.8268323 1.8530162 2.6278317 1.6749145 1.8470066 1.7364541 2.2696240 2.3275315 
Emue_Em0010g928a.t1                                   5.1261832 2.0131567 1.8245510 2.1953499 1.5218981 1.7949642 1.8208299 1.6429543 1.7756645 2.1031798 1.7545752 1.1046804 1.7048385 2.9342383 1.8660958 1.7840676 2.0393813 2.0334836 1.9662925 1.9382709 1.5419238 1.6013820 1.7390173 1.7642312 1.6794779 2.1937491 2.0268020 1.7117065 1.2169798 1.9957179 1.8588622 0.5890168 0.4490045 0.0000000 1.7305265 1.6521679 1.9906413 2.0815319 2.0832083 2.1187230 2.0623733 2.0230926 1.3880961 1.6956978 1.3603347 2.1423051 1.6770721 2.4048182 2.2484212 1.9640780 1.3755404 1.5410964 2.0100870 1.7920093 2.6475186 1.8337379 1.8194055 1.6292905 2.3128857 2.2757258 
Opea_EP00118_Oscarella_pearsei_P003336                5.0036607 1.8866491 1.5246900 1.9460700 1.2117254 1.6958137 2.1046686 1.7468664 1.6331681 2.1264768 1.5016904 1.0864372 1.5183243 2.3333929 1.4296242 1.4886536 1.5085825 1.5280419 1.4337468 1.4264902 1.2926008 1.4768612 1.6291929 1.5534381 1.5967849 1.6178830 1.6478278 1.6811228 1.0991221 2.0695474 1.9347878 1.4480004 1.6906429 1.7305265 0.0000000 0.5972482 1.0790271 1.8324692 1.6968991 1.7310376 1.7064631 1.6997847 1.2168065 1.5288875 1.2046873 1.9381612 1.6443341 1.9540819 1.9761693 1.7705065 1.7219504 1.5814148 1.6728684 1.7380301 2.0281113 1.6802434 1.6846782 1.5191611 1.9609198 2.0402370 
Opea_EP00118_Oscarella_pearsei_P003337                0.0000010 1.6483304 1.5033890 1.9532123 2.0500255 1.6901859 1.4821487 1.2482788 1.5801697 2.0405066 1.2083614 1.2569176 1.2735222 0.0000010 1.4390800 1.5425112 1.3314450 1.1007340 1.1007340 1.1007340 5.6447996 1.6997359 1.6524885 1.5878706 1.7267436 1.1464524 1.1835069 1.5751011 1.4630629 1.5038470 1.6951169 9.0000000 1.3595645 1.6521679 0.5972482 0.0000000 0.9467221 1.3321901 1.4008914 1.2584399 1.3435803 1.3012456 1.3012456 1.1461438 1.2609488 1.6463674 1.6443965 1.5042330 1.5469695 1.5052936 1.5966010 1.8007963 1.7135123 1.4420599 1.4361744 1.3790287 1.3917695 1.3757764 1.6716756 2.7932563 
Plajan_Pjan_C560890_01                                4.3902418 1.8492212 1.4458788 1.9954234 1.1268991 1.8147893 2.1285964 1.5461876 1.5061143 2.1466722 1.6764930 1.2055931 1.6737938 2.7624021 1.5287442 1.6361324 1.7336572 1.6584630 1.5980860 1.5740773 1.2022339 1.3335324 1.4484047 1.3731644 1.4432544 1.8261370 1.6514945 1.7128561 1.0820853 2.5164045 2.1690483 1.5554810 2.0491787 1.9906413 1.0790271 0.9467221 0.0000000 2.0118203 2.0706640 1.6869050 1.6755177 1.6199453 1.2022746 1.3699879 1.0917539 1.6711533 1.7331489 2.1107397 2.0901723 1.8250660 1.7721132 1.7627101 1.5018339 1.7832405 2.0698540 1.8350918 1.8181540 1.6573759 2.1032042 2.0069467 
Xesp_022029-T1                                        5.1640233 2.0041132 1.5739975 2.1662916 1.5385978 1.9318502 1.9000677 1.7018924 1.7587839 1.7041316 1.4842034 1.1074663 1.5398981 2.3790027 1.4669126 1.4879326 1.5762321 1.6885141 1.6054144 1.5927358 1.4260632 1.4686785 1.5400867 1.5105078 1.4589263 1.6157716 1.5273776 1.8588974 1.5244503 2.2694426 2.0314775 1.6417226 2.0530006 2.0815319 1.8324692 1.3321901 2.0118203 0.0000000 0.7273968 1.6981866 1.6872022 1.5490646 1.0373697 1.5054007 1.1225273 1.8413969 1.4716295 1.9578711 1.9515214 1.7654606 1.5716117 1.9351175 1.6707075 1.4381849 2.1652895 2.0277872 1.9643111 1.8163610 2.0295996 2.2048758 
Dgig_XM_028547116.1                                   4.5141348 1.7984493 1.4655248 2.1884950 1.4941648 1.8359770 2.0045130 1.6792833 1.7023157 1.7137303 1.3906481 1.1389387 1.3254337 1.8659686 1.3240110 1.3195820 1.3418092 1.3427339 1.3071907 1.3058666 1.7989089 1.5006143 1.6153219 1.6553078 1.5621754 1.6731352 1.3274112 1.8485779 1.3520037 2.1527459 2.1260612 1.5833164 1.8911550 2.0832083 1.6968991 1.4008914 2.0706640 0.7273968 0.0000000 1.7416206 1.7417267 1.6221282 1.1428172 1.4273292 1.2410857 1.7966219 1.5452304 1.9569378 1.9190760 1.6210659 1.6053135 1.6035585 1.6117114 1.4925637 1.9999618 1.9213414 1.8680945 1.9922408 1.7664277 2.1959317 
HoiH23_PlH23_008454-RA                                3.6135033 1.9057903 1.5676430 2.0153615 1.2848799 2.0498220 1.7893568 1.5890860 1.5225831 1.9561857 1.6075167 1.2366147 1.5391426 2.2656665 1.5225511 1.4973494 1.6083825 1.6323357 1.5757191 1.5547260 1.2072668 1.4392219 1.5172828 1.4698619 1.5923344 1.7689198 1.9493536 1.7969820 1.2697626 2.4157517 2.3078354 1.8779281 1.9910880 2.1187230 1.7310376 1.2584399 1.6869050 1.6981866 1.7416206 0.0000000 0.0403880 0.1722947 0.1615915 0.1711917 0.2070621 0.3597654 1.5206302 1.7298964 1.8471078 1.5749665 1.8845571 1.8068837 1.5300899 1.4288069 1.8337086 1.9118770 1.8021391 1.8415841 1.8388189 2.1615423 
HoiH06_mRNA2822                                       3.5998336 1.8823126 1.5377139 1.9652338 1.2964971 2.0283557 1.7848309 1.5791922 1.5213677 1.9292703 1.5570415 1.2339436 1.5141440 2.1546161 1.4980978 1.4626385 1.5363265 1.6197444 1.5641372 1.5433069 1.1797515 1.4321904 1.4913833 1.4411889 1.5471994 1.7753923 1.8987486 1.7889840 1.2936788 2.4080054 2.2761553 1.8173133 1.9707248 2.0623733 1.7064631 1.3435803 1.6755177 1.6872022 1.7417267 0.0403880 0.0000000 0.1648901 0.1565736 0.1559488 0.1908808 0.3445897 1.4965448 1.6977009 1.8159875 1.5149905 1.8291680 1.7738535 1.5160942 1.4036794 1.8544612 1.8720097 1.7952971 1.8088103 1.8269347 2.1939856 
Hhon_g08136.t1                                        3.6745195 1.7948021 1.4997576 1.9755385 1.3085374 1.9178241 1.8662130 1.6229560 1.5317550 1.8749842 1.4827995 1.2892209 1.4337216 1.9797856 1.4147762 1.3949660 1.4556139 1.4169169 1.3741948 1.3548771 1.2991012 1.4539135 1.4573668 1.3498689 1.4524343 1.6141346 1.7287894 1.7062264 1.2856020 2.1914168 2.0206691 1.8296927 1.9540799 2.0230926 1.6997847 1.3012456 1.6199453 1.5490646 1.6221282 0.1722947 0.1648901 0.0000000 0.0074880 0.1916718 0.2120227 0.3531134 1.5007088 1.5886946 1.7228072 1.5041422 1.6349494 1.6685831 1.4236492 1.3143494 1.6885604 1.8233222 1.7306469 1.6765728 1.6792167 2.2550018 
HoiH04_mRNA15465                                      2.2025134 1.4134408 1.1191900 1.4285090 1.3120112 1.4506050 1.3937273 1.3965728 1.1982113 1.4704179 1.1910493 1.2944645 1.1266402 1.1510119 1.1721251 1.1842806 1.1841663 1.1523260 1.1128082 1.1041699 1.3055523 1.1665039 1.1348074 1.1316176 1.2376603 1.1579880 1.2570943 1.4754694 1.2895594 1.5748104 1.5180467 1.8199185 1.2726751 1.3880961 1.2168065 1.3012456 1.2022746 1.0373697 1.1428172 0.1615915 0.1565736 0.0074880 0.0000000 0.1634314 0.2327212 0.2634265 1.1783831 1.1833688 1.2135784 1.2981884 1.3057309 1.2968266 1.3009765 1.2009969 1.3321784 1.4279052 1.2099991 1.0767545 1.2357098 1.5552775 
HoiH11_mRNA8767                                       3.6302474 1.6931001 1.3604862 1.7984351 1.2856928 1.6508336 1.5687221 1.6150789 1.3540248 1.8152214 1.4080323 1.3323087 1.3784598 1.8265020 1.3552603 1.3314487 1.4192601 1.4179490 1.3575546 1.3491660 1.2549825 1.3131080 1.2905334 1.3517613 1.3389754 1.3838968 1.5455038 1.8124023 1.2239839 2.0465907 1.9667074 1.7759936 1.6545697 1.6956978 1.5288875 1.1461438 1.3699879 1.5054007 1.4273292 0.1711917 0.1559488 0.1916718 0.1634314 0.0000000 0.2045160 0.3345405 1.4032169 1.5513406 1.6429115 1.5117158 1.6226497 1.6275305 1.3155784 1.2427125 1.5870957 1.6735563 1.4196142 1.3591575 1.4947998 1.9717860 
Tadh_TriadT19831                                      1.0416848 1.3597680 1.0785042 1.3637016 1.3604033 1.4408344 1.3530131 1.3987586 1.1241938 1.4655975 1.1565584 1.3348576 1.1110315 0.8867734 1.1177695 1.1444121 1.1028264 1.1329118 1.0810044 1.0730028 1.2885865 1.1389420 1.2023718 1.1604491 1.2634316 1.1129432 1.2621233 1.4343765 1.3005866 1.6507705 1.5544514 1.6197479 1.2682498 1.3603347 1.2046873 1.2609488 1.0917539 1.1225273 1.2410857 0.2070621 0.1908808 0.2120227 0.2327212 0.2045160 0.0000000 0.0305245 1.0760920 1.2244635 1.2683757 1.3011315 1.3799379 1.3528814 1.2608285 1.2414842 1.3088730 1.3370494 1.1425712 1.1401521 1.3083799 1.4755221 
TrH2_TrispH2_005230-RA                                4.3946168 1.9921428 1.6929009 2.0929360 1.3982478 2.1333690 1.9571162 1.7574400 1.6751283 2.1325336 1.6330023 1.3391157 1.6356270 2.4893927 1.6092566 1.5966979 1.7087103 1.6294693 1.5218623 1.5284024 1.2885865 1.6130371 1.8519174 1.6542813 1.7950985 1.8198437 1.9301569 1.6882530 1.3757545 2.4521331 2.2780435 1.9981941 2.0731725 2.1423051 1.9381612 1.6463674 1.6711533 1.8413969 1.7966219 0.3597654 0.3445897 0.3531134 0.2634265 0.3345405 0.0305245 0.0000000 1.5574202 1.8034676 1.8414308 1.7064551 1.8357152 1.7564297 1.6464629 1.5634369 2.0474868 1.8341460 1.7422467 1.9906400 1.9928427 2.4245405 
Plespi_Pspi_C606516_01                                4.2021831 1.6690901 1.3886136 1.6419484 1.2605749 1.6300087 1.7690431 1.8011237 1.3665595 1.6955562 1.4474838 1.2125558 1.4563667 2.2602078 1.4657599 1.4302947 1.5423533 1.6168709 1.5541319 1.5394197 1.4495274 1.2905743 1.3922207 1.4631223 1.3713873 1.6717548 1.7001658 1.7343704 1.2043428 1.8756646 1.7575574 1.1880458 1.5789923 1.6770721 1.6443341 1.6443965 1.7331489 1.4716295 1.5452304 1.5206302 1.4965448 1.5007088 1.1783831 1.4032169 1.0760920 1.5574202 0.0000000 2.0080282 1.8651450 1.8744209 1.5472690 1.2345365 1.6008657 1.4871686 2.0955048 1.7600394 1.5204232 1.4484873 1.9601266 1.8008705 
Rhoesc_Res_004406-T1                                  6.6748111 2.0820149 1.6393212 2.0438171 1.3639731 2.0042782 2.4893154 1.6471085 1.8994287 2.0019574 1.6205630 1.0091361 1.7150069 3.0884885 1.4963262 1.5377323 1.6206599 1.7204144 1.6248093 1.6123425 1.3627249 1.4656518 1.6658791 1.5729431 1.5653881 1.8118360 1.7348009 2.0147731 1.3377841 2.7809894 2.6848758 2.2973729 2.4056359 2.4048182 1.9540819 1.5042330 2.1107397 1.9578711 1.9569378 1.7298964 1.6977009 1.5886946 1.1833688 1.5513406 1.2244635 1.8034676 2.0080282 0.0000000 0.4755737 0.9862147 1.9094035 1.8546227 1.5219891 1.2049530 1.4838665 1.9121063 1.9013873 2.1648180 1.4823470 2.2184284 
Nemnom_g3149.t1                                       6.3841933 1.9960127 1.6325247 2.0957087 1.2299545 1.8233199 2.3190611 1.5912673 1.8509129 1.8563370 1.5827673 1.1118193 1.6352273 2.7089052 1.4404754 1.4622063 1.5617122 1.7024246 1.6160348 1.5989965 1.3451780 1.4679423 1.5033793 1.5957839 1.4960995 1.7621609 1.6236736 2.0222515 1.3207197 2.5043977 2.3863320 2.2970889 2.3788970 2.2484212 1.9761693 1.5469695 2.0901723 1.9515214 1.9190760 1.8471078 1.8159875 1.7228072 1.2135784 1.6429115 1.2683757 1.8414308 1.8651450 0.4755737 0.0000000 1.0607982 1.8967583 1.7408074 1.5456766 1.1851898 1.4813785 2.0902816 1.8913336 2.0541259 1.5463149 2.2402802 
Sanmal_Sma_023501-T1                                  4.0356413 1.8348985 1.6905766 2.0234001 1.3407086 2.0068510 2.0250418 1.5380541 1.7505946 1.8879969 1.4117850 1.2104560 1.5012217 2.0623517 1.4319375 1.4764029 1.3703086 1.5378348 1.4776504 1.4439771 1.6814571 1.3977993 1.5110466 1.3671987 1.4727676 1.5655269 1.3447260 1.8333062 1.2979371 2.3293431 2.2140365 1.8922937 2.1347945 1.9640780 1.7705065 1.5052936 1.8250660 1.7654606 1.6210659 1.5749665 1.5149905 1.5041422 1.2981884 1.5117158 1.3011315 1.7064551 1.8744209 0.9862147 1.0607982 0.0000000 1.8909408 1.7945990 1.3755891 1.3078715 1.3839246 1.9095366 2.0840100 1.8192818 1.3609215 2.0083841 
Stycar_maker-SC_scaffold6651-snap-gene-0.13-mRNA-1    3.8750404 1.5843437 1.5762270 1.8757748 1.2991587 1.7158856 1.7474641 1.7078582 1.4740260 2.0650047 1.4519219 1.1469852 1.5282967 2.3211480 1.5518222 1.4624311 1.4112825 1.4757346 1.4554380 1.4231181 1.8487145 1.5613569 1.5399247 1.6267360 1.5235233 1.7502980 1.4842768 1.7197641 1.4614949 2.1726523 2.0418299 1.4629016 1.3228844 1.3755404 1.7219504 1.5966010 1.7721132 1.5716117 1.6053135 1.8845571 1.8291680 1.6349494 1.3057309 1.6226497 1.3799379 1.8357152 1.5472690 1.9094035 1.8967583 1.8909408 0.0000000 0.7431261 1.7268276 1.6536689 2.1908580 1.8754184 1.4684388 1.3425515 2.2096801 1.9469847 
Tetwil_g5460.t1                                       4.0133023 1.5953551 1.6433870 1.8954994 1.2403285 1.6297172 1.7399127 1.7615771 1.7234906 1.9449342 1.5475487 1.2094367 1.5233182 2.1859896 1.6415125 1.5444569 1.5238900 1.4598275 1.4487693 1.4528236 1.5727645 1.6141526 1.6113465 1.6035246 1.6213274 1.7983133 1.6476446 1.7436926 1.2625600 1.8376572 1.9423962 1.4806607 1.4103252 1.5410964 1.5814148 1.8007963 1.7627101 1.9351175 1.6035585 1.8068837 1.7738535 1.6685831 1.2968266 1.6275305 1.3528814 1.7564297 1.2345365 1.8546227 1.7408074 1.7945990 0.7431261 0.0000000 1.7142668 1.7101399 2.1579104 1.6090737 1.5204709 1.3617120 1.9991118 2.1566398 
Exapal_XM_021059215.2                                 2.5829354 1.4491445 1.4302205 1.5588634 1.2926564 1.8431729 1.8561823 1.4946377 1.5223995 1.7824802 1.5303062 1.2833661 1.5296308 2.0949952 1.5350538 1.5115862 1.4060661 1.4409203 1.4001193 1.3894734 1.5054041 1.1582857 1.1910440 1.1342814 1.2733710 1.5557798 1.4114760 1.8497700 1.2950761 2.0627212 2.0845077 1.4097615 1.8268323 2.0100870 1.6728684 1.7135123 1.5018339 1.6707075 1.6117114 1.5300899 1.5160942 1.4236492 1.3009765 1.3155784 1.2608285 1.6464629 1.6008657 1.5219891 1.5456766 1.3755891 1.7268276 1.7142668 0.0000000 1.7622230 1.6844900 1.6789568 1.9080350 1.6664944 1.8577986 1.9433701 
Hvul_g7840_1                                          4.4493705 1.7856764 1.2812184 1.6443563 1.5816013 1.6542496 1.8395410 1.7117621 1.5894849 1.6694630 1.4840551 1.2518129 1.4878897 2.0346902 1.4127757 1.3555655 1.4754622 1.5428344 1.4842333 1.4617365 1.7849865 1.5433888 1.4619435 1.4318809 1.4609548 1.3841419 1.3841032 2.0404266 1.4819784 2.0187521 1.9837497 1.8723162 1.8530162 1.7920093 1.7380301 1.4420599 1.7832405 1.4381849 1.4925637 1.4288069 1.4036794 1.3143494 1.2009969 1.2427125 1.2414842 1.5634369 1.4871686 1.2049530 1.1851898 1.3078715 1.6536689 1.7101399 1.7622230 0.0000000 1.2517973 1.5650693 1.5815036 1.2882427 1.1458091 2.0077047 
Morvir_scaffold3.g29.t1                               7.5615308 2.2399955 1.7859817 2.1355354 1.4007784 2.3307088 2.5676603 1.6802527 2.2334668 1.9524777 1.7620085 1.0309924 1.7889279 2.9670460 1.7720983 1.7334725 1.8124193 1.9637576 1.8167040 1.8249909 1.5316493 1.5628404 1.5184752 1.4041040 1.4411644 2.0332836 1.7954722 2.0930320 1.3017014 2.4327310 2.3973856 2.3862988 2.6278317 2.6475186 2.0281113 1.4361744 2.0698540 2.1652895 1.9999618 1.8337086 1.8544612 1.6885604 1.3321784 1.5870957 1.3088730 2.0474868 2.0955048 1.4838665 1.4813785 1.3839246 2.1908580 2.1579104 1.6844900 1.2517973 0.0000000 2.1810233 2.2483550 2.0578060 1.7543874 2.2206538 
Aque_Aqu2.1.43513_001                                 4.4068306 1.7736659 1.6794250 1.9064425 1.4598225 1.8088967 2.0351253 1.7226644 1.5015326 1.9111665 1.7641581 1.2643994 1.7403394 2.9690431 1.7037483 1.6488061 1.8024610 1.7491807 1.6954705 1.7183664 1.6682514 1.3717149 1.4728266 1.5496107 1.5666786 1.6144445 1.8937939 2.0418096 1.5248018 2.6859712 2.6561201 1.5672103 1.6749145 1.8337379 1.6802434 1.3790287 1.8350918 2.0277872 1.9213414 1.9118770 1.8720097 1.8233222 1.4279052 1.6735563 1.3370494 1.8341460 1.7600394 1.9121063 2.0902816 1.9095366 1.8754184 1.6090737 1.6789568 1.5650693 2.1810233 0.0000000 0.7164182 1.0769280 2.1422251 2.0212382 
Halamb_c51594_g1_i1mm.4048                            4.4206512 1.9834661 1.5656247 2.0017275 1.3614307 1.8082729 1.9584112 1.6964016 1.5629910 1.8591582 1.8867603 1.3152106 1.7022064 2.5519937 1.6973847 1.6833965 1.6807848 1.7718088 1.7253393 1.7318560 1.7200847 1.4081050 1.4911401 1.5417119 1.5400105 1.8527596 1.8866107 1.7784680 1.4547683 2.5009076 2.2830554 1.4804766 1.8470066 1.8194055 1.6846782 1.3917695 1.8181540 1.9643111 1.8680945 1.8021391 1.7952971 1.7306469 1.2099991 1.4196142 1.1425712 1.7422467 1.5204232 1.9013873 1.8913336 2.0840100 1.4684388 1.5204709 1.9080350 1.5815036 2.2483550 0.7164182 0.0000000 0.8163466 2.3416912 2.1115058 
Xestes_maker-XT_scaffold224-augustus-gene-0.14-mRNA-1 4.2282240 1.6354152 1.5199410 1.7868170 1.0348911 1.6253546 1.8614271 1.3544098 1.4871889 1.8264835 1.7335553 1.1155234 1.7946840 2.9286521 1.7726834 1.7739455 1.8567718 1.9758759 1.8920630 1.8912740 0.9299552 1.4133793 1.4282611 1.3325669 1.4582680 1.8159203 1.7784886 1.5783537 1.0199398 2.3549944 2.2162480 1.6005614 1.7364541 1.6292905 1.5191611 1.3757764 1.6573759 1.8163610 1.9922408 1.8415841 1.8088103 1.6765728 1.0767545 1.3591575 1.1401521 1.9906400 1.4484873 2.1648180 2.0541259 1.8192818 1.3425515 1.3617120 1.6664944 1.2882427 2.0578060 1.0769280 0.8163466 0.0000000 2.3698851 1.7436498 
Chem_TCONS_00000441                                   8.9999986 2.2858187 1.8051160 2.2261277 1.3938816 2.0943904 2.0960189 1.7393407 1.9529605 2.2104879 1.6917836 1.0430733 1.6314542 2.7090856 1.7471311 1.7089603 1.8162706 1.8918736 1.8038458 1.7932470 1.3684330 1.5777199 1.6583084 1.6582825 1.6847577 1.7174752 1.6302710 1.9439320 1.5776407 2.5425286 2.4442447 1.8756154 2.2696240 2.3128857 1.9609198 1.6716756 2.1032042 2.0295996 1.7664277 1.8388189 1.8269347 1.6792167 1.2357098 1.4947998 1.3083799 1.9928427 1.9601266 1.4823470 1.5463149 1.3609215 2.2096801 1.9991118 1.8577986 1.1458091 1.7543874 2.1422251 2.3416912 2.3698851 0.0000000 2.2961698 
Cscu_XM_023371956.1                                   2.8664726 1.3622578 1.3052213 1.4135737 0.8526802 1.6357122 1.5516041 1.0043612 1.3231287 1.5993633 1.9231660 1.4394371 1.8335521 2.5100387 1.8894880 1.8927609 1.9544837 2.1411735 2.0052370 1.9872755 1.2898033 1.5848087 1.5452665 1.4807952 1.7483979 2.1706592 1.9260458 1.8579768 1.4824269 2.2096058 2.3119962 1.7890324 2.3275315 2.2757258 2.0402370 2.7932563 2.0069467 2.2048758 2.1959317 2.1615423 2.1939856 2.2550018 1.5552775 1.9717860 1.4755221 2.4245405 1.8008705 2.2184284 2.2402802 2.0083841 1.9469847 2.1566398 1.9433701 2.0077047 2.2206538 2.0212382 2.1115058 1.7436498 2.2961698 0.0000000 
