87
Lcom_lcpid34028                                        0.0000000 1.1144978 1.2122330 1.5478172 2.0347578 2.0470290 2.0940274 2.1568337 2.1430180 2.1497840 2.1751705 1.7600568 2.2800854 2.1494719 2.0883346 1.9470491 2.0019601 2.0178554 2.1206448 2.1805657 0.8340046 2.0228075 2.1276870 1.9992884 3.5560530 2.2146725 2.2453544 3.2979101 3.1719914 2.0740683 1.9922107 1.8667607 1.7993577 2.2869333 2.3478254 2.2685093 2.3880758 2.3805566 2.4748739 2.4909255 2.4014715 2.1881825 4.3761617 2.4029590 2.3232000 2.3194385 2.4397879 2.0507022 2.4605131 2.2787742 2.3106070 2.1646409 2.8479700 1.9720221 2.6810913 2.3820281 2.4766025 2.4313108 2.4024169 2.2734554 2.2294681 2.5102883 2.1260254 2.5322567 1.8252572 2.5827117 3.3574430 2.6825021 2.9745882 5.6835647 3.9043772 2.6802402 2.5771704 2.6327965 2.3359400 3.6021479 2.2567407 2.3494281 1.6502722 3.1190230 2.6138159 1.9355295 1.8234331 3.1656145 3.9387074 1.8192269 4.3380507 
Leuniv_Lniv_scaffold19951_01                           1.1144978 0.0000000 1.0728671 1.3578041 2.0900588 2.0726238 2.2360551 2.1315111 2.1233590 2.1417833 2.1721255 1.3255134 3.2751297 2.1928433 2.0301310 1.9488764 1.9950585 1.9607065 2.3429403 2.0007573 1.5015962 1.9105383 2.0732219 2.0503158 6.4538683 1.9788550 1.9605423 3.4699095 3.4704220 2.2510072 1.9569698 1.9452359 1.8721884 1.9549511 2.2674876 2.4339312 2.4325584 2.4182293 2.4674032 2.3235813 2.4556591 2.1271596 8.9999988 2.3687615 2.4652274 2.2706180 2.4808990 3.1342033 2.1544415 2.4978973 2.5347671 2.0531600 5.9192441 1.9516829 2.5143538 2.3932179 2.6056484 2.4994156 2.4678137 2.3877132 2.2971802 2.2727184 2.1057740 2.4500648 3.3647851 2.6603924 2.8804426 2.5448652 5.2009289 7.5082139 3.5269957 2.4767243 2.6985083 2.6812459 2.4079423 5.5469020 6.2562702 4.1516692 3.7472766 5.7727197 2.2225097 3.0564851 2.9780331 1.4915414 3.2791721 4.9679979 4.4383841 
Gracom_Gcom_scaffold8892_01                            1.2122330 1.0728671 0.0000000 1.4729297 2.1239953 2.2351943 2.1269471 2.3032140 2.3089806 2.2388963 2.3020670 1.4262655 2.6562566 2.1052195 2.1674808 1.9184815 1.9803653 2.0353009 2.2602620 2.3190731 0.5408381 2.1587525 2.2357868 2.1928873 3.3068733 2.3470138 2.2786186 5.4637792 3.6242931 2.2968261 2.0483913 1.7627641 2.2534407 2.0035657 2.5668471 2.3663891 2.4802948 2.4632106 2.5440239 2.4040459 2.4988769 2.1341535 8.9999989 2.5238987 2.5762303 2.4909647 2.5288860 2.3279775 2.2726253 2.6425649 2.5304780 2.1762260 3.6166190 1.9488704 2.7216968 2.4977458 2.6057174 2.5746401 2.5784634 2.4130954 2.3774174 2.9052066 2.3909993 2.5421387 2.1658523 2.7133183 3.1264652 2.7100609 3.0512916 5.7706609 3.8841911 5.8850077 2.6267187 2.5990030 2.3559614 7.4335753 2.4082647 2.6615311 1.8058468 4.5318312 5.2283499 3.0478516 2.0503020 1.2570289 4.0149779 4.7896498 4.3845421 
Clacor_Ccor_C538311_01                                 1.5478172 1.3578041 1.4729297 0.0000000 1.5866239 1.6607335 2.0916501 1.5969515 1.5640186 1.6064025 1.4923231 1.1652605 2.0521788 1.4423625 1.5163684 1.4633707 1.5055453 1.5142130 1.9633254 1.5904220 0.9420661 1.5085779 1.5963140 1.5433666 4.9513474 1.6002663 1.6921516 0.0000010 2.1493517 1.7277906 1.5854969 1.5999465 1.6584604 1.6705452 1.6249998 1.7892792 1.7878081 1.7958530 1.7039144 1.7937423 1.7072714 1.7294121 0.0000010 1.7527933 2.0575682 1.8265681 1.7770021 1.0787815 1.8612446 1.8514095 1.8549818 1.9546461 0.0000010 1.9800396 2.0493117 1.8233132 1.7640372 1.8272987 1.8425653 1.8210596 1.8210596 2.1466627 1.9158851 1.9471612 0.7934952 2.0133614 2.7443045 2.0719547 0.4875120 0.0000010 1.2491488 0.9215624 2.0614333 2.2361091 2.2224985 9.0000000 0.0000010 0.0000010 3.5028612 7.8662852 1.5776356 0.0000010 1.0937814 1.2667064 3.0942080 0.0000010 3.4896717 
Cgig_XM_011453196.3                                    2.0347578 2.0900588 2.1239953 1.5866239 0.0000000 0.6504388 0.5277167 0.7678454 0.7519174 0.7235354 1.4618247 1.0623119 1.4264074 1.2835576 0.9544111 0.7853867 0.8224859 0.9306572 1.0013145 1.1509191 1.4864139 0.9794515 0.9718843 0.9407906 1.7486457 1.1298601 1.1783517 1.7690433 1.6150028 1.3524853 1.2309083 1.0272355 1.3068943 1.1880147 1.2742495 1.4812332 1.5299049 1.5739734 1.5184935 1.3565033 1.4590537 1.1999802 2.1992637 1.5162735 1.3800031 1.2708615 1.4773031 1.2161673 1.2419621 1.6718837 1.6630343 1.2505170 2.5155397 1.2863688 1.4143499 1.4515438 1.5825070 1.4586894 1.4576208 1.4392387 1.4243346 1.5955699 1.2960415 1.6416142 1.3560841 1.4465594 1.7746703 1.6470342 1.8512651 3.3964490 2.4816348 2.1657160 1.7688007 2.0826228 1.7354659 3.0505832 1.6697737 1.7871234 2.4678560 2.1907636 1.9504271 3.5001814 1.9772775 3.3435007 2.0633007 2.4265041 2.4122338 
Ctel_gnl_WGS_AMQN_CAPTEDRAFT_mRNA178180                2.0470290 2.0726238 2.2351943 1.6607335 0.6504388 0.0000000 0.7589893 0.8363918 0.8146877 0.7247523 1.3265280 1.1689809 1.4724169 1.3202723 0.9598186 0.8321420 0.9322774 0.9872516 1.1386678 1.1116835 1.7683644 0.9799849 0.9328518 0.9412705 1.8500258 1.1394106 1.0987009 2.0864010 1.5715079 1.3167614 1.2159256 1.1478140 1.2478892 1.2196997 1.2675157 1.4435522 1.5278551 1.5299455 1.4966399 1.5302626 1.4978832 1.2524083 2.1911832 1.4925236 1.4014884 1.3975286 1.5290821 1.3551921 1.2100268 1.5885065 1.6069571 1.2442747 2.4587573 1.2081023 1.3917351 1.2757177 1.3621518 1.2874098 1.2773890 1.3174327 1.3151820 1.6611840 1.4099669 1.5294959 1.2877184 1.4668822 1.8193174 1.5967159 1.7506024 4.9762536 2.9170396 1.2743468 1.6744133 1.9988398 1.7999181 3.1580385 1.4471408 1.8417779 2.4881525 2.3817892 2.0591036 1.7262312 2.0921817 4.7122737 2.6873143 1.2519554 2.5413344 
Acagra_model.g10513.t1                                 2.0940274 2.2360551 2.1269471 2.0916501 0.5277167 0.7589893 0.0000000 0.7490250 0.7235235 0.6862441 1.3027755 1.1475731 1.1239065 1.2963237 0.8909528 0.8644644 0.9367691 0.9358002 0.9564367 0.9761723 0.0000010 0.9978237 0.9322579 0.8229761 1.5400439 1.0059491 1.0556250 1.5806716 1.3656465 1.3341028 1.4662263 1.9662684 1.1803689 1.4175902 1.1797533 1.5116348 1.5095587 1.5043006 1.3891575 2.5302317 1.3979604 1.4971999 9.0000000 1.4374710 1.6093058 2.3589639 1.4147323 1.1540692 3.8085390 1.6725989 1.6753487 1.7025280 2.1042388 1.2008294 4.1743348 1.3250196 1.1603667 1.3166828 1.3148357 1.3362700 1.3175016 1.8423807 1.5722484 1.4107230 1.2773682 1.3920257 4.6227982 1.4983791 1.2709316 1.0644075 1.5647181 2.4649676 1.5112424 1.8935127 1.8659929 3.4126892 1.2768535 1.3794113 2.0157769 5.2650183 1.6218554 0.9233493 1.1601835 2.3612869 3.4365007 0.0000010 3.6770066 
Bralan_BLAG02000953_1                                  2.1568337 2.1315111 2.3032140 1.5969515 0.7678454 0.8363918 0.7490250 0.0000000 0.7183325 0.6311770 1.5228816 1.2862662 1.4759718 1.3947333 1.0089001 0.8032725 0.8456280 1.0054979 1.0000341 1.1786886 1.5272264 0.9768990 0.9977376 0.9907783 1.6784725 1.0463910 1.1538731 1.6672034 1.6201239 1.3920349 1.3782017 1.3061469 1.3753031 1.2592342 1.1982494 1.5736162 1.6491728 1.6898995 1.6314711 1.5005340 1.5746187 1.2861930 2.4972529 1.5823065 1.6071530 1.4378922 1.6488979 1.2133813 1.3566647 1.7440286 1.7255290 1.3065810 2.4268980 1.2960699 1.3362162 1.4462056 1.5341330 1.4637109 1.4506380 1.4668446 1.4378601 1.6340261 1.4574488 1.7362006 1.2749086 1.5009213 1.7408381 1.6862573 1.8560003 3.6084957 2.2667690 2.2798824 1.7790350 2.2349633 1.8459180 3.0146159 1.4936596 1.8672948 2.8707409 2.1705442 1.6909847 3.8210166 2.3807087 4.0820233 2.1036881 3.0738711 2.4042371 
Spur_XM_011676121.2                                    2.1430180 2.1233590 2.3089806 1.5640186 0.7519174 0.8146877 0.7235235 0.7183325 0.0000000 0.5117843 1.5030387 1.1711705 1.5561645 1.3556214 0.9355846 0.7841348 0.8342156 0.9136249 0.9336738 1.1382690 1.6374905 0.9306708 0.9665316 0.9414714 1.5566769 1.1463813 1.1582338 1.6602425 1.7162401 1.3872857 1.3268574 1.1725363 1.3519646 1.3371268 1.2583059 1.4746595 1.5623105 1.6342008 1.5791360 1.5722976 1.5391689 1.1615819 2.4801637 1.5859421 1.4864092 1.3616504 1.5805648 1.1040541 1.2627743 1.6556137 1.6549165 1.2329554 2.4244080 1.0301045 1.4231005 1.3508064 1.4257441 1.4068255 1.3917269 1.3618431 1.3498378 1.6568939 1.3308895 1.8150839 1.2760594 1.4275155 1.7891551 1.5560204 1.5730108 3.0413920 2.1628534 2.4024550 1.7995341 2.2224560 1.8043828 3.2396740 1.4468725 2.1634736 2.6833282 2.1484140 2.2798102 4.3522453 2.0525891 3.5565373 2.0266224 2.5052803 2.8060559 
Skow_XM_002730408.2                                    2.1497840 2.1417833 2.2388963 1.6064025 0.7235354 0.7247523 0.6862441 0.6311770 0.5117843 0.0000000 1.4369089 1.0728387 1.4229020 1.2927615 0.8671363 0.7121221 0.7790154 0.8638722 0.8951512 1.0483834 1.3581042 0.8744177 0.8754832 0.8380358 1.5619670 1.0295077 1.1081387 1.4784142 1.4949549 1.4065752 1.3110324 1.2815563 1.1887378 1.2956159 1.2758332 1.4045823 1.5049744 1.5675179 1.4799324 1.3409776 1.4302044 1.0959957 2.1357946 1.4293891 1.2412631 1.1920596 1.4749064 1.0734458 1.1532423 1.5502637 1.6116316 1.2357208 2.5511952 1.0452690 1.2949247 1.3132457 1.4373773 1.3434745 1.3296265 1.3247801 1.3199858 1.5898977 1.3692130 1.6725357 1.3018053 1.4694534 1.9106544 1.5566255 1.5463979 4.0648448 2.3210994 2.2071724 1.7003995 2.1166561 1.7776891 2.8512779 1.5618541 2.0971242 2.6246071 2.2927072 1.9627204 3.6974575 2.2624191 3.8872393 2.0105442 2.2069905 2.4365601 
Opea_EP00118_Oscarella_pearsei_P018530                 2.1751705 2.1721255 2.3020670 1.4923231 1.4618247 1.3265280 1.3027755 1.5228816 1.5030387 1.4369089 0.0000000 0.0512341 0.1252605 0.9041501 1.3505920 1.1785244 1.2750452 1.2889050 1.2853012 1.5702657 5.4484374 1.3262251 1.4272934 1.4391039 1.8695575 1.5628221 1.5515296 2.4568823 2.7910016 1.5857001 1.3266315 1.1254299 1.3034635 1.4005659 1.8174255 1.5308596 1.6120352 1.8296010 1.7842387 1.4638374 1.7241763 1.1846617 5.0945978 1.7692842 1.2747425 1.3148862 1.7860229 1.2146993 1.3781304 1.8570658 1.9321791 1.4373202 2.3502245 1.0958263 1.7768618 1.7050527 1.8051675 1.7224903 1.7189729 1.6290986 1.6105922 1.7200964 1.5060249 2.1333335 1.6330058 1.8551694 2.0472194 2.0040790 2.2626320 4.3081821 4.1666215 3.8551883 2.1031999 2.3642390 1.8985302 4.0768663 1.5154998 1.9203867 3.1774137 2.7862304 1.8700472 3.6171043 4.4993723 8.7903615 3.4446372 3.9248886 3.2477661 
Ocar_g9214                                             1.7600568 1.3255134 1.4262655 1.1652605 1.0623119 1.1689809 1.1475731 1.2862662 1.1711705 1.0728387 0.0512341 0.0000000 2.6520336 0.6923726 1.1552347 1.1334333 1.0938099 1.0990169 0.9861588 1.0158617 0.0000010 1.0158617 1.0689468 1.1164312 1.8827720 1.2807266 0.9953485 0.0000010 1.9184571 1.3366154 1.3362843 3.6547250 1.3783743 1.5581463 1.3132586 0.9508688 0.9508688 0.9508688 1.0671954 0.2406560 1.0402381 1.0402381 0.0000010 1.0207945 0.4266551 0.4266551 1.0737581 0.0000010 0.5936195 1.2517050 1.1813544 1.2307263 0.0000010 1.2285517 0.0000010 1.3548802 1.2030095 1.3910856 1.4493414 1.4305534 1.4305534 1.1653153 1.1901234 1.4267444 0.0000010 1.1115059 9.0000000 1.2561547 0.0000010 0.0000010 0.0000010 0.0000010 1.3169041 1.7163585 1.3697788 0.0000010 0.0000010 0.0000010 0.0000010 0.0000010 1.1302015 0.0000010 1.4402078 0.0000010 5.6114208 0.0000010 2.8254672 
Opea_EP00118_Oscarella_pearsei_P018529                 2.2800854 3.2751297 2.6562566 2.0521788 1.4264074 1.4724169 1.1239065 1.4759718 1.5561645 1.4229020 0.1252605 2.6520336 0.0000000 0.7952842 1.4539100 1.3095219 1.4316433 1.3582656 1.0897822 1.4759199 1.0561016 1.5092249 1.3589060 1.3524131 1.9659520 1.5690423 1.5395810 1.5113685 1.9527937 1.6428223 1.3380261 0.0000010 0.9371123 1.5815239 1.8933553 1.6640540 1.8093381 1.8457602 1.7704879 3.7242614 1.7614593 0.7370782 2.2772965 1.7805276 0.0000010 0.0000010 1.8040614 1.2146993 0.0000010 1.9132184 1.9629368 0.0000010 2.4081117 3.6847349 1.5904861 1.7115763 1.7376991 1.7155328 1.7113706 1.6314365 1.6016172 1.6954653 1.3635322 2.2811135 1.5829837 2.0400174 2.8606540 2.0687558 2.2097870 3.5669936 2.7319388 2.0982588 2.1142287 2.4165039 1.8632693 2.8975898 1.4988360 1.9365932 2.8212180 2.0598573 1.7538157 3.4252708 1.8350486 3.9417385 2.3537384 2.2046479 2.5217148 
Plajan_Pjan_scaffold21397_01                           2.1494719 2.1928433 2.1052195 1.4423625 1.2835576 1.3202723 1.2963237 1.3947333 1.3556214 1.2927615 0.9041501 0.6923726 0.7952842 0.0000000 1.3152298 1.1122831 1.1829979 1.2833132 1.3003003 1.4132874 1.1772971 1.2996830 1.2387320 1.2308482 1.9804908 1.3718674 1.4103466 1.6559743 1.9310505 1.5109091 1.2398165 1.0891647 1.0802377 1.2238383 1.7200896 1.4708152 1.5401620 1.5335247 1.5159787 1.4301512 1.4510112 1.1464728 1.8942940 1.5515134 1.1947375 1.3337943 1.5231358 1.3257032 1.4367927 1.7180823 1.6521728 1.4161846 2.1221297 1.2113060 1.6682990 1.5426111 1.5327536 1.5421113 1.5374672 1.4666683 1.4503182 1.9002872 1.6092230 2.0399912 1.4384210 1.7647838 2.2558716 1.8438146 2.1258668 4.2450311 2.6251811 2.2430349 2.0010173 2.0454509 1.7059376 2.8333707 1.4757062 1.8673113 2.5675140 2.4290042 1.7410880 4.7623047 1.9166955 3.5108301 2.6078845 2.1390373 3.5350721 
Gasp_gasp1.m3.26669.m1                                 2.0883346 2.0301310 2.1674808 1.5163684 0.9544111 0.9598186 0.8909528 1.0089001 0.9355846 0.8671363 1.3505920 1.1552347 1.4539100 1.3152298 0.0000000 0.0826355 0.1049964 0.1521178 0.3053177 0.3946434 1.0321930 0.3165954 0.3553926 0.3410504 0.7977405 0.6142160 0.7137205 0.1774864 0.5098274 1.4699249 1.4068651 1.2000958 1.1664390 1.1448949 1.3549064 1.4189788 1.4983701 1.5672813 1.5620077 1.4063203 1.4881691 1.1085968 2.9005137 1.5453395 1.3686319 1.3274764 1.5251831 1.1005397 1.3551231 1.7740137 1.7225840 1.2822134 3.0036805 1.1849522 1.4518498 1.3715106 1.4327527 1.3785302 1.3695457 1.3535717 1.3295600 1.6548297 1.3283713 1.5646087 1.3794064 1.3174686 1.8789812 1.4992584 1.2767791 3.0386548 2.6058689 2.3974011 1.5786905 2.0656540 1.8290662 3.0943631 1.5412264 2.0772809 2.6457222 2.5265288 1.7577492 3.5446220 1.7206646 4.3600793 2.6421865 2.0812760 2.7621761 
Fspp_ffun1.m4.12076.m1                                 1.9470491 1.9488764 1.9184815 1.4633707 0.7853867 0.8321420 0.8644644 0.8032725 0.7841348 0.7121221 1.1785244 1.1334333 1.3095219 1.1122831 0.0826355 0.0000000 0.1069667 0.1250224 0.3161817 0.3319013 0.8877361 0.3027414 0.3009894 0.2707625 0.8135967 0.5132857 0.5932240 0.3469191 0.4859733 1.3195204 1.3363815 1.0451987 1.1636299 1.1035908 1.1664466 1.3459448 1.3459448 1.3429322 1.2704455 1.2453529 1.2293749 1.0604539 0.0000010 1.1958699 1.3515020 1.2026437 1.2548515 1.0994315 1.1866896 1.5633127 1.4721914 1.2036221 2.4434626 1.1394169 1.3004393 1.2027445 1.2221948 1.2169247 1.2043342 1.1619757 1.1305193 1.6052038 1.2773370 1.2918501 1.2448574 1.2004473 1.7517415 1.1907739 1.0726833 9.0000000 0.9561328 0.9215624 1.2946441 1.7976222 1.7554322 3.2480106 1.5525361 1.8006402 2.2255494 1.9184059 1.5597032 0.9645314 0.9617616 2.2485135 3.5196601 0.0000010 2.9569976 
Pocdam_XM_027202377.1                                  2.0019601 1.9950585 1.9803653 1.5055453 0.8224859 0.9322774 0.9367691 0.8456280 0.8342156 0.7790154 1.2750452 1.0938099 1.4316433 1.1829979 0.1049964 0.1069667 0.0000000 0.0326381 0.3085350 0.3616129 0.8877361 0.3221029 0.3111936 0.2987979 0.7018292 0.5286106 0.6317363 0.3413541 0.5817217 1.3863762 1.3913303 1.1775047 1.1503784 1.1508495 1.2406241 1.3930133 1.4226368 1.4168684 1.3898663 1.4719075 1.3022397 1.1506397 0.3915420 1.3347827 1.3487242 1.3197558 1.3344097 1.1062424 1.3082095 1.6451519 1.5378972 1.3402968 2.4512029 1.2075157 1.4388960 1.2457036 1.2991018 1.2561616 1.2467652 1.2367437 1.2091054 1.6582979 1.3552947 1.3606276 1.2051255 1.2283162 1.9094449 1.2122852 1.2402284 4.5841455 1.2282248 0.9215624 1.3649579 1.8910791 1.8054441 3.5951961 1.5634521 2.0295158 2.3821776 2.7245102 1.3333556 0.6546038 0.8863589 2.2485135 3.3243928 0.0000010 2.7563409 
Spis_XP_022806975_1                                    2.0178554 1.9607065 2.0353009 1.5142130 0.9306572 0.9872516 0.9358002 1.0054979 0.9136249 0.8638722 1.2889050 1.0990169 1.3582656 1.2833132 0.1521178 0.1250224 0.0326381 0.0000000 0.2974632 0.4242417 0.7385128 0.2941597 0.3945186 0.3846987 0.5014393 0.6042063 0.7123519 0.4666203 1.1346003 1.4257517 1.3874984 1.2076675 1.1597846 1.1614936 1.3136669 1.4313018 1.4875132 1.5608837 1.4515319 1.4034193 1.4440996 1.1418577 3.7285737 1.4476592 1.3227348 1.3069516 1.4757413 1.1013247 1.3381435 1.7061634 1.6473345 1.3450342 2.4715586 1.1930480 1.4452327 1.2894298 1.3694793 1.2674985 1.2583512 1.2519144 1.2479625 1.6927728 1.3679409 1.6090037 1.1453299 1.2922681 1.9424909 1.3489143 0.8960517 3.3330667 3.0916763 3.6017805 1.4388338 2.0307069 1.7493615 4.1438771 1.3792853 1.8555247 2.7560367 2.7408549 2.9453256 5.2910016 1.8008482 4.4904223 3.2879642 3.4316508 2.5427649 
Gfas_gfas1.m1.7942.m1                                  2.1206448 2.3429403 2.2602620 1.9633254 1.0013145 1.1386678 0.9564367 1.0000341 0.9336738 0.8951512 1.2853012 0.9861588 1.0897822 1.3003003 0.3053177 0.3161817 0.3085350 0.2974632 0.0000000 0.4383343 0.8753531 0.4290501 0.5220979 0.4932450 0.7967758 0.7361865 0.7986992 1.2845347 2.3047372 1.5481715 1.7048890 1.8293178 1.2472539 1.5442166 1.3563093 1.5182952 1.5182952 1.5061313 1.3577741 1.9905985 1.3592276 1.3682269 0.8592970 1.3578294 1.2764135 1.9593726 1.4128673 1.1006439 2.8390729 1.6814379 1.6912079 1.7084863 3.2080071 1.1004503 3.1975620 1.3227483 1.1189175 1.2943400 1.2981389 1.3027278 1.2969036 1.9955218 1.6703474 1.5088986 1.1967701 1.3493660 2.8568262 1.3441007 1.1452374 5.6625835 3.1004629 2.6758485 1.4161960 1.8973717 1.9542834 5.2564926 1.5185048 1.5764975 2.2508993 1.9132710 2.4009094 2.0323784 1.1350977 4.1396258 3.8733277 1.6112992 4.2784970 
Amil_Amillepora01929-RA                                2.1805657 2.0007573 2.3190731 1.5904220 1.1509191 1.1116835 0.9761723 1.1786886 1.1382690 1.0483834 1.5702657 1.0158617 1.4759199 1.4132874 0.3946434 0.3319013 0.3616129 0.4242417 0.4383343 0.0000000 0.0809076 0.0308569 0.5703120 0.5515611 1.1727557 0.8235468 0.9252193 0.5765231 0.7494436 1.6990902 1.4497770 1.3967852 1.2162907 1.2441880 1.4853985 1.5792393 1.6679605 1.6840789 1.6334300 1.6333345 1.5705956 1.3067260 1.9326685 1.6434318 1.6371253 1.7240623 1.6603495 1.1669451 1.5741367 1.9045129 1.8634183 1.5282806 2.9583368 1.3892500 1.8325246 1.4671127 1.5108244 1.4992429 1.4897007 1.4499367 1.4484929 1.8381930 1.4412521 1.7346223 1.4715582 1.4909535 2.0250237 1.6438039 1.5823151 3.0640172 2.3415484 1.8566846 1.6615035 2.1548410 1.9198746 2.7103509 1.6054268 2.1144516 2.8551215 2.3956389 2.0810081 3.6047295 1.9240045 3.3020424 2.3351778 2.1385589 3.2100907 
Adig_XM_015918764.1                                    0.8340046 1.5015962 0.5408381 0.9420661 1.4864139 1.7683644 0.0000010 1.5272264 1.6374905 1.3581042 5.4484374 0.0000010 1.0561016 1.1772971 1.0321930 0.8877361 0.8877361 0.7385128 0.8753531 0.0809076 0.0000000 1.0815500 0.5914291 0.6709869 2.9187852 1.2165820 1.2742631 0.3863732 0.7234266 3.6586857 0.5813572 0.5408381 0.0000010 0.5408381 2.1175167 0.8877361 0.8877361 1.3213402 1.1810686 0.8877361 1.1882771 0.8877361 1.2130698 1.4208024 0.0000010 0.8877361 1.3502038 0.0000010 0.8877361 1.4741553 1.5708370 0.8877361 3.3501219 0.0000010 1.4102385 1.2728720 1.3118209 1.3222398 1.3222398 1.2120923 1.1917673 0.5893562 0.5893562 2.7166954 3.2158989 1.2126504 0.6750656 2.3640163 3.2424649 2.3222127 1.7182288 1.4574180 2.4312591 2.1188091 1.1056986 2.1891114 0.0000010 2.2284648 2.9571592 2.7781439 0.0000010 6.5185501 2.3221647 2.4798920 1.2367048 2.0140171 1.7560424 
Adig_XM_015918761.1                                    2.0228075 1.9105383 2.1587525 1.5085779 0.9794515 0.9799849 0.9978237 0.9768990 0.9306708 0.8744177 1.3262251 1.0158617 1.5092249 1.2996830 0.3165954 0.3027414 0.3221029 0.2941597 0.4290501 0.0308569 1.0815500 0.0000000 0.4825482 0.4507788 1.0487351 0.6844883 0.7970052 1.0402450 0.8236549 1.4709948 1.4132628 1.2662032 1.2162907 1.1804199 1.2663337 1.5152524 1.5619513 1.5560836 1.5369404 1.4877154 1.4726775 1.2459810 1.9550114 1.4924900 1.5703640 1.4131243 1.4884117 1.1866035 1.3352387 1.7955715 1.7285519 1.4457264 3.1191014 1.3741159 1.5107632 1.3063153 1.3564388 1.3318397 1.3204412 1.3058083 1.3008538 1.6384715 1.3054587 1.3764151 1.2972879 1.3351082 1.9102162 1.4078679 1.4250735 4.0337495 1.6134801 1.9119846 1.4083326 1.9281654 1.8976036 3.6893143 1.6927672 1.9418617 2.6668202 2.4734529 1.8025627 1.2766389 0.9163190 3.1007394 3.2737033 2.6937392 2.7540001 
Nvec_v1g116184                                         2.1276870 2.0732219 2.2357868 1.5963140 0.9718843 0.9328518 0.9322579 0.9977376 0.9665316 0.8754832 1.4272934 1.0689468 1.3589060 1.2387320 0.3553926 0.3009894 0.3111936 0.3945186 0.5220979 0.5703120 0.5914291 0.4825482 0.0000000 0.2806589 0.4562678 0.6268169 0.7160616 0.5730320 0.7342624 1.4821061 1.2919973 1.1287197 1.0694230 1.2164014 1.3768335 1.4922190 1.5479052 1.5741865 1.5145105 1.5237509 1.4510150 1.1355801 2.0815611 1.4944784 1.5461789 1.3671404 1.5191465 1.1895591 1.1901232 1.6731615 1.6459955 1.2829959 2.4131270 1.2710733 1.3368683 1.3408227 1.4163060 1.3387222 1.3313640 1.3213826 1.2939700 1.6425528 1.3076036 1.6074215 1.2388894 1.3836705 1.8936071 1.5089638 1.3919933 3.2351282 2.3894196 1.9766736 1.5634358 2.1399092 1.8489676 2.7601937 1.4029170 2.0771685 2.7316694 2.2191163 1.6509839 3.4540087 2.1748719 3.8726846 2.4733044 2.1196319 2.8362831 
Exapal_XM_028663068.1                                  1.9992884 2.0503158 2.1928873 1.5433666 0.9407906 0.9412705 0.8229761 0.9907783 0.9414714 0.8380358 1.4391039 1.1164312 1.3524131 1.2308482 0.3410504 0.2707625 0.2987979 0.3846987 0.4932450 0.5515611 0.6709869 0.4507788 0.2806589 0.0000000 0.6106342 0.6152294 0.7248374 0.5476761 0.6931602 1.4598488 1.3911556 1.0915791 1.3707059 1.1067012 1.2768968 1.4451298 1.5165343 1.5320578 1.4625489 1.2794846 1.4210243 1.1407995 1.8414999 1.4479660 1.5486762 1.1703021 1.4630791 1.1602914 1.0636474 1.6948331 1.6337247 1.1867109 2.6491280 1.2078187 1.1367283 1.3704016 1.4383465 1.3488958 1.3515147 1.3251441 1.3060760 1.5203237 1.2289898 1.5842693 1.2675778 1.3421966 1.6387934 1.4416970 1.4010597 2.9672533 2.3245403 1.8787263 1.6029635 2.0622907 1.7989723 2.6932478 1.5626746 2.0492149 2.7497136 2.0510435 1.9143419 3.6205745 2.0963178 3.4074747 2.3675701 2.2660300 2.8622771 
Nvec_v1g222509                                         3.5560530 6.4538683 3.3068733 4.9513474 1.7486457 1.8500258 1.5400439 1.6784725 1.5566769 1.5619670 1.8695575 1.8827720 1.9659520 1.9804908 0.7977405 0.8135967 0.7018292 0.5014393 0.7967758 1.1727557 2.9187852 1.0487351 0.4562678 0.6106342 0.0000000 1.1821739 1.2494007 2.9187852 2.3473841 2.5344029 2.2826326 0.0000010 1.2332586 2.2858332 1.7933064 2.1274174 2.1274174 2.1901799 2.2099034 0.0000010 2.2825517 2.5871992 7.3879134 2.2103666 0.0000010 0.0000010 2.0067626 1.6106963 0.0000010 2.6334514 2.3112360 7.8131387 3.9416321 0.0000010 0.0000010 2.1424163 2.0108189 2.1212617 2.1212617 2.0172001 2.0172001 1.9313475 2.1484180 2.6266341 1.8991386 2.6924348 0.0000010 2.7743903 2.8550256 1.0952015 2.2282599 6.5783725 2.6344494 2.4925716 2.2877509 1.0200868 1.5036487 1.8516262 3.6299602 0.0000010 0.0000010 0.0000010 9.0000000 3.9591272 5.1430883 3.7004362 3.5666536 
Dgig_XM_028543364.1                                    2.2146725 1.9788550 2.3470138 1.6002663 1.1298601 1.1394106 1.0059491 1.0463910 1.1463813 1.0295077 1.5628221 1.2807266 1.5690423 1.3718674 0.6142160 0.5132857 0.5286106 0.6042063 0.7361865 0.8235468 1.2165820 0.6844883 0.6268169 0.6152294 1.1821739 0.0000000 0.2910060 1.0016421 1.1149268 1.5512183 1.4012249 1.2379756 1.4288215 1.3023571 1.4803922 1.5478476 1.6524480 1.6957688 1.6728299 1.5430007 1.5832474 1.2642563 2.2049550 1.6160759 1.3664669 1.2876651 1.7006888 1.3838328 1.3149475 1.8068111 1.6300112 1.3103455 2.2286202 1.1040591 1.5574506 1.4797830 1.5271065 1.4606685 1.4514150 1.4428021 1.4141260 1.5032794 1.3282783 1.7433826 1.4219765 1.4501955 1.8041636 1.6272207 1.5412888 3.9867104 2.4407556 1.9990725 1.6950010 2.3846483 1.9718091 2.8665287 1.5528489 2.2209246 2.8205359 2.2799480 1.7131495 3.9571588 2.3236721 4.5027110 2.4819319 2.3080759 3.0215954 
Xesp_002289-T1                                         2.2453544 1.9605423 2.2786186 1.6921516 1.1783517 1.0987009 1.0556250 1.1538731 1.1582338 1.1081387 1.5515296 0.9953485 1.5395810 1.4103466 0.7137205 0.5932240 0.6317363 0.7123519 0.7986992 0.9252193 1.2742631 0.7970052 0.7160616 0.7248374 1.2494007 0.2910060 0.0000000 1.0542733 1.2627888 1.5192537 1.3648431 1.2708628 1.2564921 1.3238440 1.5192279 1.6072381 1.7034154 1.7704353 1.7563102 1.7002052 1.6842754 1.3288065 2.4774055 1.6949057 1.4763269 1.4119022 1.8047856 1.3340131 1.4489510 1.9005433 1.7265794 1.4052242 2.6279156 1.1597809 1.6733606 1.4929229 1.5344295 1.5283338 1.5205941 1.5026781 1.4929514 1.5679159 1.3352155 1.7745411 1.3570396 1.4485189 1.7371256 1.6603438 1.6814834 3.9484030 2.6301902 1.9519410 1.6569585 2.3647192 1.8842021 3.2058103 1.4294152 2.3189574 2.8455801 2.2733816 1.8415680 3.3948520 2.0376909 4.3080903 2.7787717 2.3775052 3.1560933 
Fspp_ffun1.m4.18848.m1                                 3.2979101 3.4699095 5.4637792 0.0000010 1.7690433 2.0864010 1.5806716 1.6672034 1.6602425 1.4784142 2.4568823 0.0000010 1.5113685 1.6559743 0.1774864 0.3469191 0.3413541 0.4666203 1.2845347 0.5765231 0.3863732 1.0402450 0.5730320 0.5476761 2.9187852 1.0016421 1.0542733 0.0000000 0.4278987 3.6394020 0.5010667 0.0000010 0.0000010 0.0000010 2.5927764 1.5911721 2.0714913 2.0063406 2.0335280 9.0000000 1.8884369 0.0000010 1.9400663 2.1519548 0.0000010 0.0000010 2.0991650 0.8829638 0.0000010 2.0609350 1.9672375 0.0000010 2.1703284 0.0000010 1.4231761 1.9364444 1.9133053 1.9542575 1.9542575 1.8982880 1.8891429 0.0000010 0.0000010 2.9308305 1.5566290 3.2084045 0.0000010 2.6979074 3.7399699 2.7494197 2.4641029 1.8849344 2.9243782 3.0739882 1.9587591 2.6044335 0.9620095 2.9143846 3.3664822 1.7230826 1.7086238 3.8269728 2.6092169 3.8245170 1.3899373 2.2138329 2.5219812 
Gfas_gfas1.m1.9673.m1                                  3.1719914 3.4704220 3.6242931 2.1493517 1.6150028 1.5715079 1.3656465 1.6201239 1.7162401 1.4949549 2.7910016 1.9184571 1.9527937 1.9310505 0.5098274 0.4859733 0.5817217 1.1346003 2.3047372 0.7494436 0.7234266 0.8236549 0.7342624 0.6931602 2.3473841 1.1149268 1.2627888 0.4278987 0.0000000 2.4265716 2.1566799 1.0592706 2.4964685 1.6497136 2.5077019 2.1071671 2.3767316 2.3167438 2.4531758 4.1496507 2.1395417 1.8217290 2.2443869 2.4090915 1.6993623 1.8550645 2.3333520 3.1851172 2.0792890 2.6554186 2.5752659 1.5058238 2.6750172 2.6856122 2.6605014 2.0978408 2.0327582 2.1351967 2.1351967 2.0797095 2.0717182 1.4479737 1.4355237 2.6441725 3.1972451 2.2625776 2.3843836 2.8026139 2.3255041 4.2509031 3.3866983 2.1484645 2.6989566 3.3488680 2.8228674 2.4703703 2.1389150 2.5348622 3.5900526 2.6703305 1.9671750 5.9733335 2.5798552 3.9325260 1.7061844 2.2486544 3.3618281 
Plespi_Pspi_scaffold1079_01                            2.0740683 2.2510072 2.2968261 1.7277906 1.3524853 1.3167614 1.3341028 1.3920349 1.3872857 1.4065752 1.5857001 1.3366154 1.6428223 1.5109091 1.4699249 1.3195204 1.3863762 1.4257517 1.5481715 1.6990902 3.6586857 1.4709948 1.4821061 1.4598488 2.5344029 1.5512183 1.5192537 3.6394020 2.4265716 0.0000000 1.1572035 1.1759210 0.9604287 1.2611309 1.7048957 1.6082649 1.6075427 1.6819579 1.7629773 1.6488319 1.7415298 1.4835015 7.2823674 1.6865163 1.5282389 1.5528601 1.7174168 1.4397533 1.6447595 1.8111366 1.8047897 1.5262460 2.8700915 1.5217641 1.9586013 1.7693299 1.7616838 1.7429133 1.7454315 1.7118738 1.6936231 1.5694995 1.4818537 1.9528549 1.1122454 1.5612810 1.7063742 1.7628639 1.9134868 8.9999981 6.1822734 5.8075243 2.1340755 1.7013289 1.7370032 6.8893893 1.3448024 1.5815182 2.5578505 6.4120311 2.7335115 5.5948065 2.9519239 7.6283308 3.8100852 5.1243619 3.1770646 
Emue_Em0009g1111a.t1                                   1.9922107 1.9569698 2.0483913 1.5854969 1.2309083 1.2159256 1.4662263 1.3782017 1.3268574 1.3110324 1.3266315 1.3362843 1.3380261 1.2398165 1.4068651 1.3363815 1.3913303 1.3874984 1.7048890 1.4497770 0.5813572 1.4132628 1.2919973 1.3911556 2.2826326 1.4012249 1.3648431 0.5010667 2.1566799 1.1572035 0.0000000 0.1649904 0.2280675 0.9311032 1.4829539 1.5092588 1.5067874 1.4925926 1.4793307 1.5784631 1.5077697 1.4083749 7.2071549 1.4548755 1.4710756 1.6004286 1.4960609 1.5445352 1.3740616 1.6727907 1.6401307 1.7193506 1.7690222 1.4039064 1.6176393 1.4966365 1.5116625 1.5035515 1.4947383 1.4602406 1.4676350 1.7098131 1.6063965 1.7116729 0.7641841 1.7050030 1.9971726 1.7270037 1.6506042 1.9302805 0.9771216 0.9215624 1.7531117 1.5749413 1.6856217 3.7958115 0.1922119 1.1096202 2.0344832 3.6547471 1.6153469 1.1788991 1.0976895 2.6737338 3.1568559 1.0410421 3.3718481 
Spolac_c92922_g1_i1_m.8324c82390-g1                    1.8667607 1.9452359 1.7627641 1.5999465 1.0272355 1.1478140 1.9662684 1.3061469 1.1725363 1.2815563 1.1254299 3.6547250 0.0000010 1.0891647 1.2000958 1.0451987 1.1775047 1.2076675 1.8293178 1.3967852 0.5408381 1.2662032 1.1287197 1.0915791 0.0000010 1.2379756 1.2708628 0.0000010 1.0592706 1.1759210 0.1649904 0.0000000 0.0000010 1.0099059 1.4125039 1.4505626 1.4442843 1.3954671 1.5305380 1.6807171 1.4568571 1.4568571 0.0000010 1.3261992 1.5127283 1.5985926 1.5178166 0.0000010 1.4142604 1.5339060 1.7037295 1.6579090 0.4825052 1.3448648 1.5923640 1.3998805 1.4123064 1.3857814 1.3829428 1.3071592 1.3071592 1.7489374 1.6883315 1.7508723 0.0000010 1.6639976 1.9667950 1.6752369 0.4875120 0.0000010 0.8523405 0.9215624 1.8132435 1.4941025 1.7568557 5.7293874 0.0000010 0.0000010 3.5028612 5.3290717 2.3130398 0.0000010 0.4790213 1.9722600 3.7994069 0.0000010 4.2458723 
Spolac_c92922_g2_i1_m.8325c82390-g1                    1.7993577 1.8721884 2.2534407 1.6584604 1.3068943 1.2478892 1.1803689 1.3753031 1.3519646 1.1887378 1.3034635 1.3783743 0.9371123 1.0802377 1.1664390 1.1636299 1.1503784 1.1597846 1.2472539 1.2162907 0.0000010 1.2162907 1.0694230 1.3707059 1.2332586 1.4288215 1.2564921 0.0000010 2.4964685 0.9604287 0.2280675 0.0000010 0.0000000 0.8277966 1.0294393 1.3581306 1.3581306 1.3581306 1.3780508 0.5495423 1.3874744 1.3939167 0.0000010 1.4318124 0.0000010 0.0000010 1.3934971 0.9993134 0.0000010 1.5352233 1.3640018 1.6315667 0.0000010 1.7867041 1.4884064 1.2125019 1.2138811 1.3196042 1.3310600 1.3401652 1.3474600 1.9259250 1.5862548 1.5554987 0.6383300 1.3141960 0.0000010 1.3072379 0.0000010 0.0000010 0.0000010 0.0000010 1.6670654 1.4366529 1.5728752 0.0000010 0.0000010 0.0000010 1.4507870 4.1446775 0.6628217 0.5850220 1.3830972 9.0000000 3.4105155 0.0000010 3.1232574 
Tetwil_g18386.t1                                       2.2869333 1.9549511 2.0035657 1.6705452 1.1880147 1.2196997 1.4175902 1.2592342 1.3371268 1.2956159 1.4005659 1.5581463 1.5815239 1.2238383 1.1448949 1.1035908 1.1508495 1.1614936 1.5442166 1.2441880 0.5408381 1.1804199 1.2164014 1.1067012 2.2858332 1.3023571 1.3238440 0.0000010 1.6497136 1.2611309 0.9311032 1.0099059 0.8277966 0.0000000 1.3773495 1.5219928 1.5191518 1.5095476 1.4744413 1.5554139 1.5682372 1.5489181 0.0000010 1.4984152 1.4429982 1.6413363 1.5258629 1.4132006 1.6195889 1.7310773 1.6764650 1.6711593 0.4825052 1.3430228 1.8390340 1.5619562 1.4494721 1.6175850 1.5825332 1.5242840 1.5226943 1.9319021 1.7746567 1.8459685 1.0848173 1.7413015 2.4587554 1.6463908 0.4875120 0.0000010 0.3548608 0.9215624 1.7717873 1.5082371 1.5443703 2.8848515 3.3504524 0.0000010 3.0405441 6.0290162 1.5782828 0.9462122 0.9801226 2.1496689 3.9909097 0.0000010 3.3615931 
Hsap_ENST00000335894                                   2.3478254 2.2674876 2.5668471 1.6249998 1.2742495 1.2675157 1.1797533 1.1982494 1.2583059 1.2758332 1.8174255 1.3132586 1.8933553 1.7200896 1.3549064 1.1664466 1.2406241 1.3136669 1.3563093 1.4853985 2.1175167 1.2663337 1.3768335 1.2768968 1.7933064 1.4803922 1.5192279 2.5927764 2.5077019 1.7048957 1.4829539 1.4125039 1.0294393 1.3773495 0.0000000 1.8571958 1.9300457 1.9716805 1.9574352 2.0556319 1.9073121 1.4763043 2.8712400 1.9484887 1.9779164 1.8956908 1.9889121 1.3823689 1.6954593 2.1722257 2.2048833 1.6474736 3.9035104 1.2550622 1.8248597 1.5864285 1.6339294 1.5682187 1.5672607 1.5935446 1.5508409 1.8350575 1.6003690 2.1379937 1.5654898 1.9082900 2.0353788 1.9949830 2.4300088 7.4707242 2.8414473 3.4788238 2.1264238 2.3668589 1.9542058 4.4196904 2.2714316 2.3399187 3.4361273 3.4835960 3.0003360 7.5180464 2.6752583 6.4883292 2.6410938 3.1143850 2.8530064 
Pbac_sb2655292                                         2.2685093 2.4339312 2.3663891 1.7892792 1.4812332 1.4435522 1.5116348 1.5736162 1.4746595 1.4045823 1.5308596 0.9508688 1.6640540 1.4708152 1.4189788 1.3459448 1.3930133 1.4313018 1.5182952 1.5792393 0.8877361 1.5152524 1.4922190 1.4451298 2.1274174 1.5478476 1.6072381 1.5911721 2.1071671 1.6082649 1.5092588 1.4505626 1.3581306 1.5219928 1.8571958 0.0000000 0.0012209 0.0073643 0.3798936 0.3919767 0.3971298 0.3267289 0.5596458 0.3773958 0.2940010 0.3942188 0.3815655 0.4473028 0.4418237 0.7412538 0.7465571 0.5612342 1.0076369 0.3960427 1.0323497 1.7121572 1.7347275 1.7659296 1.7436401 1.7169169 1.6692314 1.9996539 1.8929417 1.9451236 1.3951496 1.8392108 2.5399881 1.9675354 1.9814881 2.8812383 2.2635423 0.4442539 2.1085920 2.1703461 2.2444723 2.8025842 1.8489422 1.9859575 2.5847372 2.0656380 2.2865196 3.4532524 2.0047234 3.0970302 3.4058505 2.6450748 3.6803430 
Pbac_sb2656618                                         2.3880758 2.4325584 2.4802948 1.7878081 1.5299049 1.5278551 1.5095587 1.6491728 1.5623105 1.5049744 1.6120352 0.9508688 1.8093381 1.5401620 1.4983701 1.3459448 1.4226368 1.4875132 1.5182952 1.6679605 0.8877361 1.5619513 1.5479052 1.5165343 2.1274174 1.6524480 1.7034154 2.0714913 2.3767316 1.6075427 1.5067874 1.4442843 1.3581306 1.5191518 1.9300457 0.0012209 0.0000000 0.0058482 0.3861951 0.4008533 0.3962193 0.3282826 0.5596458 0.3837996 0.2940010 0.3891281 0.3862141 0.4473028 0.4378900 0.7581752 0.7403614 0.5566672 0.9360838 0.3960427 1.0252965 1.7707550 1.8060344 1.8284566 1.8069227 1.7721279 1.7265969 2.0058627 1.9002504 2.0308619 1.3951496 1.9540598 2.5227940 2.0713949 2.1921841 2.8812383 2.1170872 0.4442539 2.1405421 2.2582525 2.2422268 3.2553605 1.8489422 2.1535065 2.8046719 2.3831026 2.3991919 3.4532524 2.0047234 3.0970302 3.4058505 2.6450748 3.6775178 
Horcal_Hcv1.av93.c11.g986.i1                           2.3805566 2.4182293 2.4632106 1.7958530 1.5739734 1.5299455 1.5043006 1.6898995 1.6342008 1.5675179 1.8296010 0.9508688 1.8457602 1.5335247 1.5672813 1.3429322 1.4168684 1.5608837 1.5061313 1.6840789 1.3213402 1.5560836 1.5741865 1.5320578 2.1901799 1.6957688 1.7704353 2.0063406 2.3167438 1.6819579 1.4925926 1.3954671 1.3581306 1.5095476 1.9716805 0.0073643 0.0058482 0.0000000 0.3946102 0.4169212 0.4069664 0.3255836 0.5277336 0.4078593 0.2947349 0.3803777 0.4166617 0.4398273 0.4108298 0.8039728 0.7801106 0.5613602 0.9675394 0.4063624 1.0177350 1.8072192 1.8480248 1.8479448 1.8284810 1.7690892 1.7279720 2.0080980 1.9021053 2.1434943 1.4662106 1.9467204 2.4689807 2.2752642 2.3622803 4.6304332 2.6230064 0.7161848 2.2232427 2.2953151 2.2315800 2.8144816 1.8235670 2.1168797 2.8316827 2.4245569 2.3614895 4.7661256 2.4538914 3.2209118 2.9945772 2.9490600 3.6130352 
Mlei_ML0473.g13.i1                                     2.4748739 2.4674032 2.5440239 1.7039144 1.5184935 1.4966399 1.3891575 1.6314711 1.5791360 1.4799324 1.7842387 1.0671954 1.7704879 1.5159787 1.5620077 1.2704455 1.3898663 1.4515319 1.3577741 1.6334300 1.1810686 1.5369404 1.5145105 1.4625489 2.2099034 1.6728299 1.7563102 2.0335280 2.4531758 1.7629773 1.4793307 1.5305380 1.3780508 1.4744413 1.9574352 0.3798936 0.3861951 0.3946102 0.0000000 0.1680830 0.2732355 0.1858950 0.3068682 0.3236359 0.2391119 0.2917087 0.3126820 0.3204002 0.4023984 0.8239365 0.7539477 0.5733163 1.1579439 0.3889013 0.9720127 1.8903138 1.8707313 1.8835336 1.8599180 1.8390599 1.7975540 1.9841936 1.9055237 2.0664622 1.4199740 1.9432375 2.7428438 2.2039960 2.3494812 4.9199395 2.7833129 0.6210082 2.1325753 2.1747058 2.1991884 2.7923661 1.8607175 2.2560558 2.7711176 2.3609035 2.4467506 4.5944599 2.0930172 3.6317162 2.9318698 2.7727841 3.5483097 
Bolinf_Binf_sb1255092                                  2.4909255 2.3235813 2.4040459 1.7937423 1.3565033 1.5302626 2.5302317 1.5005340 1.5722976 1.3409776 1.4638374 0.2406560 3.7242614 1.4301512 1.4063203 1.2453529 1.4719075 1.4034193 1.9905985 1.6333345 0.8877361 1.4877154 1.5237509 1.2794846 0.0000010 1.5430007 1.7002052 9.0000000 4.1496507 1.6488319 1.5784631 1.6807171 0.5495423 1.5554139 2.0556319 0.3919767 0.4008533 0.4169212 0.1680830 0.0000000 0.3387373 0.3165954 0.0000010 0.3890044 0.2582053 0.2895994 0.3103760 0.0000010 0.4301065 0.6235420 0.7133912 0.6706734 1.3397384 0.5375637 0.7427235 1.7550504 1.7479475 1.8887549 1.8087476 1.8017572 1.8017572 2.5172995 2.0433996 2.1694772 0.0000010 2.3950791 2.6046404 2.6336131 9.0000000 0.0000010 1.0868842 0.9215624 2.1513291 2.0307644 2.4564777 9.0000000 0.0000010 9.0000000 8.9999980 6.4193711 2.6508449 0.0000010 0.0000010 1.7035857 5.3762942 0.0000010 4.2618121 
Beraby_Baby_sb343721                                   2.4014715 2.4556591 2.4988769 1.7072714 1.4590537 1.4978832 1.3979604 1.5746187 1.5391689 1.4302044 1.7241763 1.0402381 1.7614593 1.4510112 1.4881691 1.2293749 1.3022397 1.4440996 1.3592276 1.5705956 1.1882771 1.4726775 1.4510150 1.4210243 2.2825517 1.5832474 1.6842754 1.8884369 2.1395417 1.7415298 1.5077697 1.4568571 1.3874744 1.5682372 1.9073121 0.3971298 0.3962193 0.4069664 0.2732355 0.3387373 0.0000000 0.0000010 0.0060800 0.3612343 0.2522461 0.3076187 0.3274127 0.4097536 0.3761486 0.8386017 0.7856952 0.6046287 1.0380508 0.4032579 0.9629858 1.7055312 1.7299081 1.7580960 1.7304755 1.6579864 1.6157474 1.9478422 1.8300086 2.0968397 1.5342686 1.9866867 2.6763054 2.2292813 2.4233216 4.9010462 2.6789398 0.7545626 2.1394765 2.2644830 2.2024379 2.7209155 1.7451728 1.9957854 2.8266289 2.2785860 2.5008480 4.5525721 2.2262995 3.2158601 2.9198927 3.0006782 3.4259459 
Beraby_Baby_sb343723                                   2.1881825 2.1271596 2.1341535 1.7294121 1.1999802 1.2524083 1.4971999 1.2861930 1.1615819 1.0959957 1.1846617 1.0402381 0.7370782 1.1464728 1.1085968 1.0604539 1.1506397 1.1418577 1.3682269 1.3067260 0.8877361 1.2459810 1.1355801 1.1407995 2.5871992 1.2642563 1.3288065 0.0000010 1.8217290 1.4835015 1.4083749 1.4568571 1.3939167 1.5489181 1.4763043 0.3267289 0.3282826 0.3255836 0.1858950 0.3165954 0.0000010 0.0000000 0.0000010 0.2883470 0.2522461 0.3076187 0.2164146 0.4394348 0.3761486 0.6037721 0.5951166 0.6046287 0.6866903 0.3937526 0.9132683 1.3693040 1.2154984 1.4900096 1.4320151 1.3922233 1.3922233 2.1246225 1.8717724 1.8903780 0.2716230 1.7860246 2.6222874 1.9278230 2.3800654 0.0000010 0.9241829 0.9215624 1.7982333 1.9066343 2.1046756 9.0000000 0.0000010 0.0000010 2.5007785 3.3438220 2.1183674 0.0000010 0.5836734 1.7035857 3.9543740 0.0000010 3.6760582 
Beraby_Baby_sb343725                                   4.3761617 8.9999988 8.9999989 0.0000010 2.1992637 2.1911832 9.0000000 2.4972529 2.4801637 2.1357946 5.0945978 0.0000010 2.2772965 1.8942940 2.9005137 0.0000010 0.3915420 3.7285737 0.8592970 1.9326685 1.2130698 1.9550114 2.0815611 1.8414999 7.3879134 2.2049550 2.4774055 1.9400663 2.2443869 7.2823674 7.2071549 0.0000010 0.0000010 0.0000010 2.8712400 0.5596458 0.5596458 0.5277336 0.3068682 0.0000010 0.0060800 0.0000010 0.0000000 0.4187726 0.0000010 0.0000010 0.5408511 0.0000010 0.0000010 1.0464711 0.8992116 0.0000010 2.3555863 0.0000010 4.1407035 2.3558614 2.4263579 2.2188926 2.2188926 2.1339222 2.1255486 0.0000010 0.0000010 3.4511043 3.7416484 1.9007636 0.0000010 3.7802499 4.3193452 5.8272410 3.1054869 0.8339834 3.0327319 3.6333350 2.3031730 2.6031144 2.6951945 2.4456886 3.0558756 3.0562339 4.2526467 6.4855495 2.5798621 3.3709516 2.1804059 3.5533057 1.1592929 
