105
Lcom_lcpid53951                                       0.0000000 0.5376743 1.5262028 2.5933217 0.8724718 2.3005540 0.8875992 2.8623797 1.1715404 2.9164367 2.5346335 2.6206987 2.2035713 2.0901615 2.0906541 0.8846002 2.3568015 2.1695133 2.5977744 2.0705824 2.8729793 2.2302069 3.3656698 1.4659652 2.4591507 2.9999023 2.6181910 2.8181366 3.7503960 2.8424842 2.7298751 2.5261806 2.7565715 2.7546961 2.3558677 2.6616458 2.5115325 2.5136018 2.7906562 1.4030006 2.9537737 2.2499928 2.3882778 2.5581588 1.8895267 2.3464700 2.8062359 3.0606040 2.5351337 2.6416604 2.7300915 2.3909155 3.1160185 2.4515623 3.8253479 3.7505386 4.4594444 4.8991462 3.9974240 3.9997287 3.8924347 3.6481059 3.4267180 3.4181409 3.7332941 2.8827735 2.8827735 2.5179934 2.7099555 2.4833750 2.4432991 2.8977904 2.8275273 2.9621209 2.7360058 2.9352701 3.0660312 3.1283971 3.3002418 3.3791928 3.0690070 3.4601390 3.0944208 3.5144091 2.7778403 1.3052254 5.6970845 5.0758657 4.2243181 5.1782905 3.6330390 3.7060157 3.6683996 3.8778389 2.0866056 2.9016409 2.9135888 3.0527218 3.0527218 2.9824833 3.0936363 4.0333576 4.4093034 2.2246017 4.1836510 
Scil_scict018525.2                                    0.5376743 0.0000000 1.4361204 2.8340872 0.8531651 2.7931316 0.9087335 3.3507143 1.1581451 3.3339974 2.7931002 2.8231567 2.5471587 2.4732554 2.0570938 0.8174531 2.6725859 2.6736435 2.8273642 1.9569738 3.1197676 2.3449059 3.8420071 1.6526722 2.6866025 2.9931849 2.8155104 2.8883560 3.9136456 2.8647882 2.8396961 2.5074713 2.8600936 2.8583463 2.5134453 2.8500997 2.7996327 2.7261194 3.2031352 1.5256595 3.0849617 2.1853425 2.3241301 2.4985896 2.0702038 1.9235960 2.9747902 3.2294311 2.5225901 2.7544976 2.6000407 2.4756900 3.4325889 2.7178352 3.7442626 4.0723139 4.1892616 5.0512004 4.8530088 3.8941912 4.0103766 3.6199757 3.5254228 3.4826921 3.9893062 2.8801587 2.8801587 2.5466803 2.6135556 2.4919661 2.3433368 3.1267708 3.0082157 3.1911041 2.9843183 3.1637661 3.3707036 3.3871059 3.5516003 3.5341411 3.2989306 4.0040484 3.3128738 4.2328167 3.4356302 1.2059717 5.3420854 4.6283337 4.4675871 4.8646803 3.3069673 3.6543587 3.5847929 3.6651215 2.1266534 3.0847740 3.1317343 3.2658543 3.2658543 3.1810441 3.1980613 3.8622854 4.3303769 3.0078184 4.3896660 
Clacor_Ccor_scaffold3110_01                           1.5262028 1.4361204 0.0000000 2.5183165 0.8220559 2.4275323 0.8578581 2.3907113 1.0474553 2.4394795 2.3113669 1.8798319 2.0653684 1.7986980 1.9197015 0.6522120 2.0566883 1.8932855 2.3681210 1.7567792 2.3450591 2.1841188 2.6204771 1.4692740 2.4939627 2.2746271 2.2121282 2.3946212 3.4593887 2.4554639 2.4576668 2.1600375 2.5258821 2.5241543 1.9588360 2.2264506 1.9716376 1.9282789 2.1640121 1.3670147 2.8212389 1.7519962 1.9378463 1.9597756 1.8911264 1.9030786 2.5245051 2.2947585 1.8940041 1.8437831 2.0427800 2.1061652 2.6428559 2.1048401 3.4165947 3.3252639 3.8603211 4.0563232 3.7379230 3.2645096 3.5142789 3.1534096 3.1026464 3.0773203 3.6565717 2.4208937 2.4208937 2.3083244 2.4021972 2.4446438 1.9215178 2.4705242 2.4544241 2.5265896 2.6291814 2.8411284 2.4503446 2.5101365 3.2639901 3.2369017 3.6223136 3.2015206 2.9388492 3.8346258 3.0928139 1.4759372 5.2299667 4.0602163 4.1911421 4.8363223 2.8859447 3.2443927 3.2978338 3.8108183 1.9325381 2.8705608 3.0377521 2.9083906 2.9083906 2.8850486 2.6763674 3.2857074 4.1192053 2.3696439 4.9874210 
Cgig_XM_034477177.1                                   2.5933217 2.8340872 2.5183165 0.0000000 0.1702680 1.3176365 0.2965378 0.6572354 0.4752087 1.5656344 1.1583290 1.7809388 1.9293326 1.8248708 1.6812458 0.3301098 1.9600918 1.7492590 1.7478521 1.3669650 1.1983379 1.0833885 1.8604207 0.6247214 1.4882820 1.2960129 1.9896171 1.9502828 2.6343725 1.9917766 1.9394224 1.7865759 2.0179590 2.0302055 1.6090406 1.7973690 1.7371926 1.7336363 2.7641881 1.1748860 1.5844310 2.3443237 2.4380278 2.4654683 1.6277230 0.9677051 1.7987853 2.1806019 1.6030603 2.3406555 2.2692900 2.3017048 1.6529116 1.1996509 3.8856990 4.1547620 4.8318181 4.6420097 4.0123978 4.6246114 4.2907136 4.5648840 4.4378767 4.3354537 3.6224850 2.5840127 2.5840127 2.4021512 2.3616436 2.2993845 2.0880250 2.0803477 2.1216997 2.0724494 2.1082480 2.1179510 2.1456825 2.1754285 3.5534384 3.1238171 3.2823683 3.4190129 2.8286137 3.4754020 2.7700911 2.1993043 5.6790205 4.6575446 6.3130589 5.5614568 3.7791812 4.1372159 3.7488680 4.4103069 1.5125349 3.6305343 3.7530030 3.5485900 3.5485900 3.5033469 3.4725130 4.5957940 3.1631637 1.6128653 4.5815601 
Dpul_mRNA16599                                        0.8724718 0.8531651 0.8220559 0.1702680 0.0000000 0.1887344 0.3313419 0.1890332 0.3298282 0.3339039 0.2609231 0.3916301 0.3937048 0.4016059 0.3914398 0.3950729 0.4011140 0.3905719 0.3964457 0.4143499 0.3256986 0.2103622 0.3471181 0.6581014 0.3240191 0.3153397 0.4840529 0.4964956 0.7745819 0.4964956 0.4948951 0.4768827 0.4948951 0.4948951 0.4601082 0.4983038 0.3889259 0.4038995 0.7765207 0.8121895 0.3389273 0.6100423 0.5853540 0.6144718 1.6560022 0.3386409 0.4103311 0.5188943 0.5070225 0.5854905 0.5619275 0.6064164 0.4836620 0.4575831 1.6308235 2.9004404 2.6167285 3.1924646 3.1924646 2.0708501 2.1540514 2.6916351 2.7780393 2.7780393 2.0865561 0.6207255 0.6207255 0.7984353 0.7596735 0.7417672 1.0721558 0.7440785 0.7440785 0.7437344 0.5205051 0.9716771 0.7219894 0.7219894 1.3276613 1.3272603 1.3676078 2.2686197 1.9346230 2.1406178 0.6759434 1.6381097 3.2902442 1.6202650 1.7197461 3.3070116 1.3603239 1.3226181 1.3784371 1.4824413 0.5285531 1.3956001 1.3984753 1.3554492 1.3554492 1.3849259 1.3601420 2.1500177 1.5204150 0.1774350 2.0060249 
Tcas_TC010407_001                                     2.3005540 2.7931316 2.4275323 1.3176365 0.1887344 0.0000000 0.3368165 1.5180269 0.4514894 2.0713748 1.8839088 2.3700618 2.3450844 2.1720640 1.8421674 0.5248043 2.1301734 2.3303920 2.2658006 1.5999253 1.8855297 1.4491083 1.9475140 0.8386819 1.7885912 1.6095281 2.6549337 2.8361449 5.7126655 2.7715936 2.8281666 2.6293058 2.8713110 2.8713110 2.3786070 2.5742251 2.1309260 2.1331044 2.8343572 1.6442959 1.6606846 2.1717513 2.3975930 2.3223130 1.4624114 1.8604204 2.1728502 2.2364114 1.7277278 2.3941614 1.9561654 1.7977862 1.9052930 1.6620549 4.2283867 5.1861282 5.2011808 4.5448697 3.5263517 4.2558336 4.6727829 4.7174858 4.7601869 4.7415935 3.5739816 2.6104829 2.6104829 1.8494086 1.9318061 1.8156125 2.8912903 1.8252845 1.8531005 1.8415397 1.5617354 1.8047851 1.7918422 1.8357191 3.0958584 3.1274636 3.3644385 3.5358556 3.0413005 3.3434628 2.0951614 2.9495741 7.5141779 5.7689210 5.5143998 6.9745565 3.5936432 3.6444589 3.3700487 4.1836641 1.4768708 3.5175420 3.6049981 3.5328153 3.5328153 3.5842311 3.7543007 4.7348774 3.5143267 1.7256528 4.4058668 
Dpul_mRNA16595                                        0.8875992 0.9087335 0.8578581 0.2965378 0.3313419 0.3368165 0.0000000 0.3246898 0.5459519 0.3292978 0.3721382 0.4670575 0.4912072 0.4911845 0.4314454 0.4919203 0.4745289 0.4770904 0.4304169 0.4479602 0.3654625 0.4289759 0.4071504 0.7813953 0.5064730 0.4826514 0.5480535 0.4937352 1.1100028 0.4937352 0.4932823 0.4937352 0.4932823 0.4932823 0.4769301 0.4969462 0.4866963 0.5067594 0.9072854 0.9070661 0.5106391 0.6515489 0.6700181 0.6633146 1.7286115 0.5114117 0.5364872 0.6140637 0.6745516 0.6181860 0.6334678 0.6816090 0.6574246 0.6030591 1.7087769 3.2499620 3.2679833 3.2702522 3.2702522 2.5358697 2.5940086 2.9716013 3.0771000 3.0771000 2.3723742 0.6457734 0.6457734 0.9011428 0.8330692 0.8441050 1.3354905 0.7814590 0.7814590 0.7814590 0.4926379 0.8660767 0.7578059 0.7578059 1.4939315 1.4928785 1.5030212 2.9044310 2.4653667 2.7125419 0.7845251 1.7850253 3.2013148 1.9725726 1.6916870 3.0810806 1.5744095 1.5744095 1.5229280 2.1891486 0.7821776 1.4483645 1.4766567 1.4283143 1.4283143 1.4611883 1.4489949 2.3580941 1.8171589 0.1893324 2.6783075 
Acagra_model.g18854.t1.1.5d3b895a                     2.8623797 3.3507143 2.3907113 0.6572354 0.1890332 1.5180269 0.3246898 0.0000000 0.4160764 1.8280768 1.2755317 1.8198775 1.9631155 1.9685364 1.6047620 0.3268766 2.1547759 1.7487676 1.7421836 1.2805620 1.3656861 1.2419005 2.0752756 0.6852776 1.5554996 1.3915289 2.0466700 2.0002979 2.7799906 1.9799568 1.9082841 1.9422943 2.0154046 2.0182644 1.8635311 1.8465278 1.9443541 1.9686985 3.0796932 1.5553770 1.8889456 2.5776054 2.5738364 2.5695755 1.5292651 1.1934511 1.8935950 2.3960863 1.9201148 2.5082439 2.4810656 2.3248077 2.1332219 1.3158743 3.9836554 3.7447003 3.6896621 4.5911166 3.7057967 4.2079653 4.2448706 4.3201556 4.1920009 4.2652977 3.4096028 2.6138058 2.6138058 2.2641847 2.3068979 2.2440899 2.0924875 2.4735565 2.5094633 2.5203877 2.6204039 2.6795321 2.4636365 2.5105688 3.6277755 3.0429726 3.5439280 3.2045098 2.9936766 3.8055991 2.8737372 2.0124595 5.9184632 4.1025039 5.2288538 5.8162658 3.9355040 3.9620760 3.6672506 5.5804499 1.8060041 3.5180505 3.4840878 3.6631471 3.6631471 3.4214984 3.6285142 4.5625801 3.1370270 1.7553457 5.1480688 
Ctel_gnl_WGS_AMQN_CAPTEDRAFT_mRNA121659               1.1715404 1.1581451 1.0474553 0.4752087 0.3298282 0.4514894 0.5459519 0.4160764 0.0000000 0.4833824 0.4368611 0.6801016 0.5936729 0.5817080 0.5659265 0.5489205 0.6133636 0.5613702 0.6037418 0.5895673 0.4406880 0.4051246 0.5263795 0.6559604 0.5447471 0.5519878 0.6571362 0.7410556 1.3520090 0.7410556 0.7349382 0.7410556 0.7393386 0.7393386 0.6968106 0.7099592 0.6517741 0.6450220 0.9255481 0.8960154 0.5379518 0.6988667 0.7636619 0.7439952 1.4275511 0.5294782 0.6071318 0.6845601 0.5638855 0.7917683 0.6623820 0.7120626 0.5925444 0.7219577 1.9062188 2.9465488 3.0097675 2.8837402 2.9839060 2.3525951 2.4989112 3.0283020 3.1193517 3.1193517 2.6262238 0.9159443 0.9159443 1.0538335 0.9677055 0.9931997 1.3583989 0.7925686 0.7925686 0.7871611 0.5012946 0.9343804 0.7856071 0.7856071 1.4151056 1.4341711 1.5956206 2.7996111 2.4670494 2.6340790 0.7518390 2.6097861 3.8732701 2.1101384 2.7518848 3.5793914 1.5795058 1.4876094 1.5869690 2.2800553 0.8237429 1.7272945 1.7704715 1.7864358 1.7864358 1.7613631 1.7473678 2.4237614 1.6788893 0.2072384 2.4856206 
Cscu_XM_023372606.1                                   2.9164367 3.3339974 2.4394795 1.5656344 0.3339039 2.0713748 0.3292978 1.8280768 0.4833824 0.0000000 1.6173769 1.7233920 2.0059082 1.8018390 1.7660512 0.5106604 2.0299919 1.9924396 1.9737769 1.3840225 1.5243649 1.6818051 1.9522602 0.7992743 1.7497355 1.6022379 2.1189149 2.1183602 2.9406069 2.0370793 2.0669509 1.7868608 2.1219498 2.1102321 1.8571795 2.0923920 1.8407919 1.9989336 2.8504822 1.2708499 2.2336568 2.1663932 2.3104433 2.4119509 1.8078479 1.7681621 1.7801901 2.1814916 2.1735289 2.4372279 2.5529846 2.2476704 2.6958475 1.6810694 4.1030883 4.1704653 5.2108727 4.5184618 4.0102941 5.4677826 4.7162622 5.1899689 5.0276993 4.9012083 4.3580041 2.4113344 2.4113344 2.2640950 2.3162293 2.1258561 2.4033108 2.4951499 2.4361359 2.5002361 2.4819532 2.6647799 2.5038677 2.6088217 3.0893644 2.9943845 3.5456018 3.0900664 3.0026736 3.3388718 2.6962315 2.4833724 6.5566700 4.7374854 4.0641289 6.4406008 3.9171799 3.8651571 3.1992812 4.6039937 1.6484948 3.8077523 3.8901487 3.8016230 3.8016230 3.7435834 3.6584422 4.3921675 3.0699936 1.8647544 5.1098620 
Bralan_BLAG16101155_2                                 2.5346335 2.7931002 2.3113669 1.1583290 0.2609231 1.8839088 0.3721382 1.2755317 0.4368611 1.6173769 0.0000000 1.6901882 1.6932025 1.5688303 1.4430687 0.3081580 2.0854699 1.4016099 1.5600392 1.1227263 0.8876976 1.1353810 1.3404574 0.7102413 1.3610480 1.2736130 1.7541593 1.7289075 2.4806474 1.7293100 1.7366421 1.6038004 1.8033035 1.8008956 1.5244157 1.5972608 1.6678019 1.6952932 2.4690840 1.4854564 1.7744230 2.3214927 2.3558148 2.3613330 1.3687770 1.4217422 1.9559453 2.2512567 1.4684189 2.1469282 2.4979684 2.2313028 2.3173919 1.4125885 3.5462791 4.3086988 4.4235107 4.0645967 3.0537522 4.0195236 3.5621413 3.6421232 3.5065681 3.4450303 3.3391518 2.4484506 2.4484506 2.1731590 2.3166486 2.1797706 2.0443332 2.4702771 2.5160473 2.4221786 2.4292674 2.6267685 2.4740706 2.5499360 3.1470959 3.0414143 3.3532154 3.2286676 2.5958109 3.4110288 2.2069105 2.4115983 5.5442035 4.0485601 3.6446298 5.4796594 3.0152468 3.2414446 3.1591838 3.7968569 1.4647934 3.1782290 3.2113295 3.2521508 3.2521508 3.1129948 2.9808531 3.9250265 3.3141049 1.6720813 4.8235259 
Cgig_XM_011414478.3                                   2.6206987 2.8231567 1.8798319 1.7809388 0.3916301 2.3700618 0.4670575 1.8198775 0.6801016 1.7233920 1.6901882 0.0000000 0.9106056 0.9221506 0.6581504 0.1303906 1.0663330 0.7764307 0.5247155 0.4942692 1.8577491 1.8102490 1.8687129 0.9734818 2.0219241 1.8802497 1.1633111 1.3116792 1.8812866 1.3012278 1.3348288 1.2743515 1.3568172 1.3456395 1.3082988 1.2047678 1.2915058 1.2784495 2.0755420 1.4800871 2.4454236 1.6734723 1.7128390 1.7935629 1.4874936 1.7995593 2.0640386 1.5607514 1.5006453 1.7440961 1.8375419 1.6042839 1.9624739 1.6338334 3.7693684 2.9121886 3.7124511 3.1736294 2.6394909 3.0300027 3.1575334 3.8343609 3.7629330 3.4389249 2.7562003 1.9287278 1.9287278 1.9307316 1.9442146 1.8687417 1.3036062 2.2267490 2.1637499 2.1423216 2.0849594 2.4545226 2.1914770 2.1557237 2.8679276 2.5887019 2.9155063 2.7469542 2.3560024 2.6399441 2.2591122 2.0789433 5.2282699 3.3132881 4.0646803 5.2758453 3.0624891 3.1502089 2.5188271 3.4942576 1.6211016 2.2743476 2.2835899 2.3725636 2.3725636 2.4030285 2.2337323 3.2189141 3.1536341 0.9573605 5.0434998 
Hsap_ENST00000341105                                  2.2035713 2.5471587 2.0653684 1.9293326 0.3937048 2.3450844 0.4912072 1.9631155 0.5936729 2.0059082 1.6932025 0.9106056 0.0000000 0.4002012 0.7520041 0.1210094 1.2737783 0.6505507 0.8795937 0.7426306 1.7864152 1.7590266 2.0389510 0.9967299 2.0987137 1.9892330 1.1990466 1.2420899 1.6094091 1.2281357 1.2372323 1.1481179 1.3339029 1.3330941 1.1343188 1.1746335 1.2196536 1.2347682 2.4103620 1.3387046 2.2218043 1.8721644 1.8203762 1.9134499 1.5486517 1.4948333 2.2936040 1.7928847 1.4306927 1.6734914 1.8628947 1.7757659 2.1575882 1.3018811 3.4694020 3.1877833 3.4444907 3.5937838 3.1599136 3.0874935 3.1380195 3.3659002 3.2927033 3.2500862 2.9906072 1.6675033 1.6675033 1.9196918 1.9531604 1.9016424 1.2986522 2.2529673 2.1933220 2.1706235 2.2501478 2.4370046 2.4607799 2.4689211 2.5481642 2.6082461 2.9120026 2.9217537 2.6482826 2.8200778 2.4567710 1.9357273 4.9358827 3.8311316 2.8553994 4.6423453 2.8764606 2.8321446 2.4433098 3.3051476 1.0082337 2.4409045 2.4505264 2.5224779 2.5224779 2.4914831 2.2755517 3.0100685 3.2631589 0.9065814 4.4845433 
Hsap_ENST00000379328                                  2.0901615 2.4732554 1.7986980 1.8248708 0.4016059 2.1720640 0.4911845 1.9685364 0.5817080 1.8018390 1.5688303 0.9221506 0.4002012 0.0000000 0.6806445 0.1084147 1.2011942 0.7686377 0.8308523 0.6675014 1.6374439 1.6589170 2.1308463 0.9606465 1.9830981 1.8508641 1.1052985 1.2423670 1.6566651 1.2709238 1.2755361 1.2161184 1.3400351 1.3415918 1.0916121 1.1680774 1.1504327 1.1715753 2.4480686 1.2194153 2.2824910 1.8696780 1.7094406 1.8481867 1.5509505 1.4092257 2.1363282 1.6343199 1.2860646 1.5550845 1.8815443 1.6401121 2.0722496 1.2566237 3.5079939 2.8717058 2.9406513 3.6049884 2.7932259 3.1104192 2.9428927 3.1942338 3.0977407 3.0749008 2.9178130 1.5624555 1.5624555 1.6376228 1.9377864 1.8149473 1.1660651 2.1734774 2.1022276 2.0589886 2.2692743 2.4994874 2.2974980 2.3406710 2.5690871 2.6234704 2.6722479 2.9528495 2.3860131 2.8145122 2.2221141 1.9238390 5.0945972 3.7479464 2.9894676 5.0780117 2.6214900 2.5784305 2.3173308 2.7530075 0.9965928 2.4456237 2.4228980 2.4384592 2.4384592 2.4041400 2.2234520 2.8090770 3.1032858 0.9305196 4.4040673 
Cscu_XM_023371983.1                                   2.0906541 2.0570938 1.9197015 1.6812458 0.3914398 1.8421674 0.4314454 1.6047620 0.5659265 1.7660512 1.4430687 0.6581504 0.7520041 0.6806445 0.0000000 0.0544743 0.6328534 0.6659244 0.6807616 0.6308064 1.7425378 1.7102750 1.8894822 0.8807220 2.1158773 1.7785915 1.0229101 1.1594722 1.6140642 1.1084600 1.1164574 1.0284655 1.1739306 1.1626099 0.9841713 0.9910746 1.1262146 1.1018493 1.9615285 1.3072836 1.7855295 1.5065191 1.5894248 1.6915420 1.4283112 1.4290466 1.8726195 1.3087906 1.3343470 1.3703497 1.4061852 1.1628763 1.8821698 1.3476994 2.8764197 3.2243748 3.4094023 3.2542507 3.3223354 2.7072967 2.7840324 3.0653592 3.0571644 3.0571644 2.2903527 1.5578235 1.5578235 1.6073512 1.8634892 1.7320677 1.1872897 1.9038315 1.9121847 1.8292309 1.7347657 1.9954723 2.0189941 1.9709973 2.7250227 2.5869697 3.1336512 2.9023269 2.4475209 2.6696826 1.8491634 1.9006509 5.0993090 3.3002309 2.8697317 4.9985343 2.9046116 2.8113265 2.3075105 2.9217303 1.0922039 2.0251151 2.0164665 2.0898646 2.0898646 2.0568777 2.0797576 2.4669026 2.9403585 0.8967803 4.9465966 
Dpul_mRNA17476                                        0.8846002 0.8174531 0.6522120 0.3301098 0.3950729 0.5248043 0.4919203 0.3268766 0.5489205 0.5106604 0.3081580 0.1303906 0.1210094 0.1084147 0.0544743 0.0000000 0.0323775 0.1307672 0.1529389 0.1818321 0.4149417 0.3983796 0.4556177 0.8385052 0.5285373 0.4955095 0.1579030 0.2393236 0.3457438 0.2393236 0.2401605 0.2393236 0.2370171 0.2370171 0.2144669 0.2278561 0.1974941 0.2068464 0.6721651 0.6691031 0.5537201 0.3053131 0.3093194 0.3100921 1.5282513 0.5699232 0.6080196 0.2955102 0.3249020 0.3943546 0.3315678 0.4000729 0.6029845 0.5640099 1.6372275 2.3659706 2.1945784 2.6215663 2.6215663 1.6414377 1.7286570 2.0695039 2.1287568 2.1287568 1.7142256 0.4003260 0.4003260 0.6375793 0.6268810 0.6335728 0.4904049 0.6849729 0.6849729 0.6654527 0.4448967 0.8727613 0.6597226 0.6597226 1.2519553 1.2736869 1.3566218 2.0375248 1.5917185 1.7509752 0.6952273 1.7215300 3.0263175 1.4992011 1.5298203 2.6138303 1.0625375 1.0437244 0.9463304 1.7957756 0.6138510 1.2129023 1.2324546 1.1965653 1.1965653 1.2268589 1.2282938 1.6437318 1.9800255 0.0235035 2.6565650 
Tcas_TC002315_001                                     2.3568015 2.6725859 2.0566883 1.9600918 0.4011140 2.1301734 0.4745289 2.1547759 0.6133636 2.0299919 2.0854699 1.0663330 1.2737783 1.2011942 0.6328534 0.0323775 0.0000000 1.3019942 1.1314126 0.8355191 2.0345921 1.7114189 2.3362863 0.8764005 2.3865323 1.9163641 1.3328697 1.7079285 2.3427104 1.7203855 1.7539774 1.5725108 1.7965432 1.7919329 1.5656368 1.6666096 1.5407407 1.5229621 2.7283325 1.4133181 2.3396897 1.8571699 1.9528082 2.1107492 1.5088099 1.4521485 2.3310309 1.9091347 1.8642292 1.8666874 2.0673989 2.1030468 2.4965295 1.5239257 3.8423300 3.4765266 3.8369506 4.0315901 3.9046066 3.5706561 3.6210896 4.1203352 4.0844807 4.0887005 3.3861104 1.7954894 1.7954894 1.8918255 1.9828864 1.8928195 1.4993694 2.3976063 2.3847768 2.3395710 2.3643428 2.8152365 2.4555035 2.4494550 3.0670665 2.8166374 3.2560956 3.7706780 2.4734267 3.2435419 2.4571537 1.8419705 5.7501974 3.2550530 3.1146346 5.6664199 2.8107852 2.8699052 2.6227028 3.8362361 1.2010128 2.8660840 2.8715085 2.7510680 2.7510680 2.8400396 2.6886096 2.9405224 3.7266076 1.4233423 4.8398839 
Skow_XM_006816300.1                                   2.1695133 2.6736435 1.8932855 1.7492590 0.3905719 2.3303920 0.4770904 1.7487676 0.5613702 1.9924396 1.4016099 0.7764307 0.6505507 0.7686377 0.6659244 0.1307672 1.3019942 0.0000000 0.7987575 0.6098801 1.5805500 1.6297094 1.8291963 0.9770425 1.7595262 1.8922926 0.8727257 1.0390954 1.3364136 0.9876362 0.9823489 0.9692337 1.0229002 1.0145831 0.8640826 0.9019572 0.9754426 0.9618533 1.9878238 1.3522265 2.2756901 1.7897858 1.8015904 1.8513928 1.6182065 1.6755011 2.0008558 1.3784663 1.2038792 1.5686950 2.0194118 1.6424431 2.1245602 1.4269485 3.4266900 3.1294748 3.2981005 3.4265839 2.9799544 2.7287991 2.8364499 3.4713433 3.3864072 3.4160534 2.7311877 1.8170263 1.8170263 1.8290270 1.9839225 1.8223704 1.3094398 2.3364453 2.2447158 2.2310190 2.4517013 2.6803013 2.5265111 2.5691205 2.6344128 2.6135782 3.0146294 2.8711235 2.3236583 2.5187850 2.5000007 2.0399486 4.9454091 3.4728642 3.3013623 4.5931112 2.5601652 2.5579101 2.4827759 3.0808025 1.3992103 2.3779540 2.3377759 2.4139952 2.4139952 2.3437895 2.2115733 2.9252220 3.2494392 0.6572449 4.9397003 
Acagra_model.g8584.t1_model.g8585.t1.1.5d4009d7       2.5977744 2.8273642 2.3681210 1.7478521 0.3964457 2.2658006 0.4304169 1.7421836 0.6037418 1.9737769 1.5600392 0.5247155 0.8795937 0.8308523 0.6807616 0.1529389 1.1314126 0.7987575 0.0000000 0.5301183 1.8704901 1.8237046 2.0172416 0.9068628 2.0199924 1.8782267 1.3573093 1.4429552 2.0359419 1.4638303 1.4846765 1.4516442 1.4736737 1.4728321 1.4057433 1.4168253 1.3398464 1.3466751 2.1988853 1.4648340 2.2913681 1.8324759 1.9423062 2.0282349 1.4696489 1.8522700 2.0533578 1.6739266 1.6039477 1.7939506 2.1371648 1.7704361 2.1944864 1.5417613 3.6913662 3.5988240 3.8223594 3.8076367 3.0558488 3.1803263 3.2483192 3.8341655 3.7251236 3.5602253 2.8918439 2.0323845 2.0323845 1.9702982 2.1115815 2.0756265 1.3848201 2.2930744 2.2469479 2.2105632 2.2139973 2.3325521 2.3983272 2.3711368 2.9386225 2.6906781 3.1303728 3.0064691 2.2068100 2.6697863 2.6543983 2.1560225 5.5713037 3.6334540 4.0508633 6.1130124 3.1511291 3.2393961 2.5878206 3.2050321 1.5837875 2.4532867 2.4785893 2.5062747 2.5062747 2.4809494 2.3582935 3.3881239 3.0551408 0.9705583 4.5929807 
Ctel_gnl_WGS_AMQN_CAPTEDRAFT_mRNA149492               2.0705824 1.9569738 1.7567792 1.3669650 0.4143499 1.5999253 0.4479602 1.2805620 0.5895673 1.3840225 1.1227263 0.4942692 0.7426306 0.6675014 0.6308064 0.1818321 0.8355191 0.6098801 0.5301183 0.0000000 1.2454126 1.5076714 1.4062050 0.9782134 1.5316170 1.6065577 0.7532533 1.0453010 1.5438436 1.0278616 1.0721481 0.9258539 1.1562733 1.1433142 0.8072874 0.9432091 0.8758481 0.8361334 1.7739802 0.7702148 1.7613579 1.6516759 1.6815258 1.7171613 1.3649664 0.7211561 1.6047949 1.3396120 1.1789971 1.3062648 1.6170115 1.3711077 1.3608380 0.9026742 3.0483585 3.2440502 3.3241504 3.1418463 2.8348662 2.6165988 2.5711539 2.9061597 3.0234093 2.9579737 2.7761958 1.5518347 1.5518347 1.7807413 1.8806269 1.7162226 1.0479867 1.8816467 1.8235934 1.7777642 1.7793214 2.1600523 1.9867114 1.9784348 2.2530940 2.2455623 2.1705715 3.3056284 2.9009865 3.1854506 1.7377788 2.3491908 4.6035022 2.6021550 2.2367243 4.6155015 2.4083138 2.3902452 2.0292698 1.7478817 0.8804735 1.9251393 1.8861401 1.9566307 1.9566307 1.8868177 1.8773425 2.5047955 2.5267687 0.9682416 4.0056889 
Skow_NM_001171230.1                                   2.8729793 3.1197676 2.3450591 1.1983379 0.3256986 1.8855297 0.3654625 1.3656861 0.4406880 1.5243649 0.8876976 1.8577491 1.7864152 1.6374439 1.7425378 0.4149417 2.0345921 1.5805500 1.8704901 1.2454126 0.0000000 1.1517311 1.1242186 0.7411050 1.4526438 1.3328037 1.9126390 1.8123422 2.4918931 1.8421925 1.8538100 1.6442927 1.8972758 1.8965169 1.5541544 1.6677449 1.6012205 1.6524711 2.4689768 1.3226029 1.3964910 2.2542310 2.5224479 2.4951606 1.3921221 1.4165211 1.7736629 2.2855934 1.5191250 2.0549086 2.6943371 2.3781237 2.3095168 1.5107418 3.4259921 3.8785495 3.8039552 3.9668182 3.3041504 3.6314142 3.6789280 3.8597772 3.8334218 3.7675035 3.4429424 2.3092841 2.3092841 2.0258262 2.2256347 2.0532253 1.8433263 2.1107514 2.1492447 2.0362542 2.0429111 2.2006148 2.2092569 2.2956648 3.1822943 2.9061354 3.0821197 3.3712511 2.9265871 3.6118784 2.1741027 2.6291976 4.6788379 3.4988821 3.4395380 5.5296602 2.9862797 3.1327603 3.1693441 3.0544130 1.5093223 3.2104240 3.3677414 3.3064427 3.3064427 3.2363370 3.0858889 4.2585840 2.9532134 1.5138049 4.8425414 
Hsap_ENST00000532059                                  2.2302069 2.3449059 2.1841188 1.0833885 0.2103622 1.4491083 0.4289759 1.2419005 0.4051246 1.6818051 1.1353810 1.8102490 1.7590266 1.6589170 1.7102750 0.3983796 1.7114189 1.6297094 1.8237046 1.5076714 1.1517311 0.0000000 1.4391208 0.7201018 0.9807028 1.4355587 1.7698247 1.8687522 2.8661978 1.8198022 1.9030236 1.6949960 1.9570498 1.9767820 1.7270060 1.8498954 1.9547480 2.0397498 2.9360616 1.7304736 0.9606047 2.0675285 1.9121145 2.0303728 1.5802948 1.2408114 1.8873286 2.0595351 1.5551335 2.0269955 2.0443282 2.1850140 1.9664438 1.2625609 3.6452526 4.0003529 4.5002170 4.7122985 4.0930500 4.2781193 3.9443823 4.1883203 4.1734452 4.1734452 3.8584705 2.4431059 2.4431059 1.9492343 1.9827321 1.9128042 2.2320431 2.0170893 2.0239104 1.9475064 1.8544388 2.0192530 1.8975003 1.8724452 2.8891161 2.9095523 2.8801297 3.0868144 2.8420728 3.3096996 2.3076129 2.0032322 6.1678128 4.8411898 4.1988220 5.2134144 3.2746723 3.3488672 2.7845102 3.9644094 1.3559529 2.9843770 2.9900917 3.1171304 3.1171304 3.0402420 2.9370687 4.1696079 3.1686062 1.6064874 4.8129927 
Spur_XM_011668970.2                                   3.3656698 3.8420071 2.6204771 1.8604207 0.3471181 1.9475140 0.4071504 2.0752756 0.5263795 1.9522602 1.3404574 1.8687129 2.0389510 2.1308463 1.8894822 0.4556177 2.3362863 1.8291963 2.0172416 1.4062050 1.1242186 1.4391208 0.0000000 0.6973946 1.6033596 1.5754820 2.3532616 2.1498602 2.9073112 2.0959619 2.1461945 1.9640009 2.2179337 2.2171344 1.9070613 1.9417968 2.0542632 2.0035763 3.2751810 1.4097040 1.8742395 2.4693164 2.6785002 2.5704367 1.4417430 1.7100886 2.1573648 2.4050213 2.0405826 2.5241052 2.8095348 2.8037664 2.6883619 1.8446411 4.0845974 4.0300590 4.5172732 4.3340931 3.6133688 4.5261954 4.1519457 4.1861388 4.1694273 4.0883285 3.8482303 2.9184073 2.9184073 2.3014818 2.3991120 2.3012201 2.1071965 2.6354145 2.6341989 2.4307492 2.5400872 2.8873137 2.6183276 2.7106784 3.3869707 3.3418824 3.4855145 3.9779441 2.5106051 3.6919310 2.5502233 2.5746018 6.1438773 4.4724323 6.5189689 6.3532878 3.3703645 3.8386953 3.5986915 4.7318250 1.6022647 3.4880371 3.6052907 3.4800540 3.4800540 3.4888739 3.4058876 4.9288231 3.2941498 1.9078744 5.7085335 
Ctel_gnl_WGS_AMQN_CAPTEDRAFT_mRNA121668               1.4659652 1.6526722 1.4692740 0.6247214 0.6581014 0.8386819 0.7813953 0.6852776 0.6559604 0.7992743 0.7102413 0.9734818 0.9967299 0.9606465 0.8807220 0.8385052 0.8764005 0.9770425 0.9068628 0.9782134 0.7411050 0.7201018 0.6973946 0.0000000 0.8030016 0.9488894 1.0542144 0.8336108 0.7707825 0.8336108 0.8194867 0.8448175 0.8398388 0.8398388 0.9120532 0.8273186 1.0317456 0.9737147 1.6414354 1.5598463 0.8341423 0.8898458 1.0305557 0.9952789 1.8223420 0.7069487 0.9470959 1.0545252 1.0527400 1.0625639 1.0014376 1.0908247 0.8873861 1.1825991 2.3105085 3.0736485 3.0122804 3.6349551 3.6349551 2.6307665 2.4774679 2.5717895 2.6712480 2.6427956 2.4973735 1.2056598 1.2056598 1.5083241 1.3964481 1.4153995 1.2746137 1.0967433 1.0967433 1.0945362 1.3133518 1.7489248 1.0827956 1.0827956 1.7550958 1.7257778 1.9389645 2.3539375 2.3670784 2.4220642 1.1077126 2.6532856 4.1805680 2.2779883 1.7370269 3.4527338 2.1717254 1.9936122 2.0644259 2.6881568 1.0057646 1.7252219 1.6870060 1.7375591 1.7375591 1.7432058 1.7227005 1.8712859 1.6143214 0.8268964 2.6474308 
Hsap_ENST00000252997                                  2.4591507 2.6866025 2.4939627 1.4882820 0.3240191 1.7885912 0.5064730 1.5554996 0.5447471 1.7497355 1.3610480 2.0219241 2.0987137 1.9830981 2.1158773 0.5285373 2.3865323 1.7595262 2.0199924 1.5316170 1.4526438 0.9807028 1.6033596 0.8030016 0.0000000 1.7394575 2.1617855 2.1460632 3.3231044 2.0954867 2.1342853 2.0093366 2.2716070 2.2706411 1.9878391 2.1853044 2.0690807 2.1871581 2.2520353 1.4525441 1.2147800 2.3013705 2.3387816 2.3595885 1.6693510 1.6134115 1.8585483 2.1347604 1.7715357 2.1051532 2.6940844 2.3923547 2.4316569 1.5354931 3.7406393 4.7975638 5.3015727 5.2437399 4.4452492 4.6975589 4.6575568 4.6061693 4.0681649 4.0681649 4.0160100 2.3635002 2.3635002 2.0854574 2.1271311 1.9546083 3.1694078 2.2586574 2.2693781 2.2108247 1.9072803 2.0240426 2.1447596 2.2249883 3.1787809 2.7225236 3.6676522 3.5763492 3.1233546 3.7231890 2.6901525 2.5856683 6.2588685 4.6797627 5.9149294 6.4655590 3.5660012 3.4270517 2.8904579 5.1553979 1.6212636 3.1621373 3.2172058 3.2728337 3.2728337 3.2105729 2.9337056 4.8659613 3.5276829 1.8441610 5.3873009 
Cscu_XM_023377989.1                                   2.9999023 2.9931849 2.2746271 1.2960129 0.3153397 1.6095281 0.4826514 1.3915289 0.5519878 1.6022379 1.2736130 1.8802497 1.9892330 1.8508641 1.7785915 0.4955095 1.9163641 1.8922926 1.8782267 1.6065577 1.3328037 1.4355587 1.5754820 0.9488894 1.7394575 0.0000000 2.0473638 2.0790291 3.7168359 2.0871219 2.1015141 2.0791224 2.1345890 2.1496583 2.0369353 2.0191915 1.8508765 1.8763564 2.4071941 1.3570190 1.3066469 2.1168356 2.0666473 1.9700011 1.7943795 1.3104650 1.8304191 2.0609956 1.6576008 2.2372605 2.1399643 2.0837227 1.9872616 1.6101957 3.3032266 3.8485347 3.9720237 3.8372126 2.8819091 4.0220698 3.3542125 4.3512122 4.0831699 4.0831699 3.3564045 2.2207209 2.2207209 2.0933410 2.1804982 2.1097887 2.3645126 2.1213336 2.1232312 2.2231576 1.9989616 2.0065824 2.1046636 2.1224649 2.6333137 2.3502971 2.4805678 3.6027810 3.2051526 3.6460056 2.2778520 2.4747183 5.9657365 4.3920372 4.3882663 5.5095984 2.9095824 2.8813287 2.8135676 4.0295809 1.2719508 3.1535572 3.2408462 3.1016644 3.1016644 3.1220098 3.2225784 4.3940492 3.4935612 1.5647652 4.7643086 
Spur_XM_011684973.2                                   2.6181910 2.8155104 2.2121282 1.9896171 0.4840529 2.6549337 0.5480535 2.0466700 0.6571362 2.1189149 1.7541593 1.1633111 1.1990466 1.1052985 1.0229101 0.1579030 1.3328697 0.8727257 1.3573093 0.7532533 1.9126390 1.7698247 2.3532616 1.0542144 2.1617855 2.0473638 0.0000000 1.3768128 1.7894262 1.3543940 1.3754152 1.2678421 1.3666724 1.3757233 1.2579288 1.3116939 1.3427377 1.2885649 2.4425738 1.3038401 2.1138827 1.7753112 1.7792882 1.9021784 1.7961236 1.5456158 2.8978398 1.9360616 1.4019530 1.9318529 2.0433939 2.1109261 2.6787845 1.3986906 3.6518520 3.8300513 4.0469950 4.0624871 3.1717359 3.3864952 3.1576339 4.1079166 3.9402746 3.8788843 3.2272394 2.3546856 2.3546856 2.2100594 2.3209752 2.2339965 1.5818034 2.5931890 2.5613612 2.5470862 2.5090083 2.7217345 2.5754323 2.5813898 2.9661924 3.0723511 3.5556158 3.8729247 2.9137519 3.6504152 3.0956158 1.9633784 5.6709988 4.4681295 4.7488711 5.4922507 3.2372545 3.3679657 2.8218083 4.0295347 1.5533030 2.8951975 2.9459067 2.8642950 2.8642950 2.9132623 2.8700064 3.6696082 3.9579984 1.3227620 6.0520995 
Fspp_ffun1.m4.3770.m1                                 2.8181366 2.8883560 2.3946212 1.9502828 0.4964956 2.8361449 0.4937352 2.0002979 0.7410556 2.1183602 1.7289075 1.3116792 1.2420899 1.2423670 1.1594722 0.2393236 1.7079285 1.0390954 1.4429552 1.0453010 1.8123422 1.8687522 2.1498602 0.8336108 2.1460632 2.0790291 1.3768128 0.0000000 0.0270938 0.0622449 0.1046681 0.0535339 0.1340773 0.1372229 0.3495896 0.3262991 0.5938253 0.6058057 2.2148976 1.3502372 2.1237706 1.7689750 1.7419021 1.8683349 1.7791228 1.5001410 2.4020757 1.6855616 1.6621839 1.6836775 1.7975540 1.9500206 2.2137731 1.2453072 3.9195677 3.2960561 3.5088652 3.7147282 3.5543637 3.0474297 2.9079332 3.4239429 3.2764806 3.2089570 2.9057492 2.0069839 2.0069839 1.9937423 2.1202595 2.0052740 1.5670835 2.5761598 2.4862319 2.4442673 2.4599374 2.7172438 2.7394397 2.7299944 3.0040596 2.5741196 2.8570982 3.2107583 2.6994418 2.6593518 2.7460145 2.1080050 4.8239920 4.4700429 3.9373339 5.2723554 3.2472017 3.1433047 2.7634602 4.0902124 1.7414853 2.5816734 2.5524624 2.5985389 2.5985389 2.6648423 2.5687014 3.5481702 3.3207985 1.2364026 4.3643406 
Gasp_gasp1.m3.28638.m1                                3.7503960 3.9136456 3.4593887 2.6343725 0.7745819 5.7126655 1.1100028 2.7799906 1.3520090 2.9406069 2.4806474 1.8812866 1.6094091 1.6566651 1.6140642 0.3457438 2.3427104 1.3364136 2.0359419 1.5438436 2.4918931 2.8661978 2.9073112 0.7707825 3.3231044 3.7168359 1.7894262 0.0270938 0.0000000 0.0772539 0.0894154 0.0684588 0.1346931 0.1346931 0.3890232 0.3537213 0.6132523 0.6458765 2.8043643 2.2380638 2.8769986 2.3991108 2.3372565 2.6117987 1.5999303 2.3562753 3.3321106 2.3822364 2.3578402 2.4362505 2.5772619 2.8644501 3.0998214 2.4355354 5.2478729 3.1393128 3.3969800 4.1377289 3.8288758 3.2905855 3.1824116 3.4669099 3.2328972 3.1890060 2.8494643 2.6477464 2.6477464 2.8738794 3.0682842 3.0336238 1.4151397 3.7731302 3.5742064 3.5210389 4.6292651 4.8604119 4.2013130 4.1782138 4.0151330 3.3163177 4.2215010 2.7620662 2.4190868 2.3243761 3.9304030 2.2166451 4.4220057 5.5497279 3.5761051 5.6043754 4.6070882 4.1429894 3.6295437 4.5750449 2.5628186 3.2479816 3.1696814 3.2447486 3.2447486 3.3600260 3.3273712 3.5458965 3.4225879 1.9132763 4.1661662 
Pocdam_XM_027198132.1                                 2.8424842 2.8647882 2.4554639 1.9917766 0.4964956 2.7715936 0.4937352 1.9799568 0.7410556 2.0370793 1.7293100 1.3012278 1.2281357 1.2709238 1.1084600 0.2393236 1.7203855 0.9876362 1.4638303 1.0278616 1.8421925 1.8198022 2.0959619 0.8336108 2.0954867 2.0871219 1.3543940 0.0622449 0.0772539 0.0000000 0.1089228 0.0247719 0.1261669 0.1264507 0.3476976 0.3031639 0.6239540 0.6390607 2.1075720 1.3185787 2.0708938 1.7353938 1.6980563 1.7916117 1.7791228 1.4730855 2.3589832 1.5882379 1.7034773 1.6919849 1.7833756 1.9365216 2.3705201 1.2928301 3.9210514 3.4052263 3.5559589 3.7465884 3.5183521 3.0204173 2.9227704 3.2924367 3.1961183 3.2016206 2.7990140 2.0089312 2.0089312 2.0611845 2.1767468 2.0656401 1.5364864 2.6452472 2.5341629 2.4919475 2.5095817 2.7714936 2.7276643 2.7183324 2.9473606 2.6538405 2.7847590 3.2442229 2.7317837 2.7531893 2.7606252 2.1080050 5.0679142 4.5093951 3.6802200 5.3031176 3.2721206 3.1136840 2.6818358 3.8194566 1.7481970 2.7615333 2.7238982 2.7673207 2.7673207 2.7718016 2.7976380 3.9071614 3.4603705 1.2813529 4.3872537 
Gfas_gfas1.m1.15283.m1                                2.7298751 2.8396961 2.4576668 1.9394224 0.4948951 2.8281666 0.4932823 1.9082841 0.7349382 2.0669509 1.7366421 1.3348288 1.2372323 1.2755361 1.1164574 0.2401605 1.7539774 0.9823489 1.4846765 1.0721481 1.8538100 1.9030236 2.1461945 0.8194867 2.1342853 2.1015141 1.3754152 0.1046681 0.0894154 0.1089228 0.0000000 0.1000286 0.0945658 0.0947809 0.3330344 0.3186479 0.6440352 0.6583839 2.2079108 1.3633312 2.1512645 1.7434905 1.7125463 1.8039170 1.7675841 1.4343128 2.3490584 1.6370434 1.6573736 1.7935075 1.7838947 1.9552076 2.3347506 1.2411632 3.7904521 3.5179382 3.6326932 3.8834508 3.5768635 3.0841148 2.9041924 3.4040951 3.2601479 3.2384106 2.7795023 2.0866896 2.0866896 2.0597707 2.1442657 2.0494874 1.6033994 2.6426787 2.5502189 2.5244939 2.5232599 2.7403601 2.7526641 2.7432306 2.8595092 2.5425908 2.7346759 3.1796465 2.7648230 2.6747223 2.7949136 2.1119955 4.8401895 4.3342196 3.4852427 4.8641835 3.2086514 3.0212086 2.7740251 3.6186503 1.7626489 2.6605062 2.6244873 2.6700754 2.6700754 2.6731520 2.7013201 3.8034941 3.4478640 1.2543325 4.4465585 
Spis_XP_022781270_1                                   2.5261806 2.5074713 2.1600375 1.7865759 0.4768827 2.6293058 0.4937352 1.9422943 0.7410556 1.7868608 1.6038004 1.2743515 1.1481179 1.2161184 1.0284655 0.2393236 1.5725108 0.9692337 1.4516442 0.9258539 1.6442927 1.6949960 1.9640009 0.8448175 2.0093366 2.0791224 1.2678421 0.0535339 0.0684588 0.0247719 0.1000286 0.0000000 0.1101089 0.1101089 0.3425814 0.3084699 0.5056995 0.5234019 1.9770988 1.3288639 1.9536180 1.6595096 1.6162055 1.7249225 1.7783703 1.4877805 2.1260816 1.5576157 1.4045318 1.6363009 1.5911463 1.7150621 2.1698677 1.2942391 3.4510311 3.2191723 3.4302591 3.4464717 3.0409081 2.9456908 2.7810502 3.2458491 3.1506037 3.1549334 2.7501982 1.7445638 1.7445638 1.6725227 1.6327296 1.6349273 1.5057334 2.3243508 2.2335825 2.2002777 2.0914782 2.3086913 2.3739361 2.3646211 2.6719323 2.3392966 2.5954665 2.7105921 2.1920413 2.3645724 2.3659869 2.1080050 4.8223649 4.2335930 3.9481188 4.8353618 2.8411827 2.6815171 2.5349288 3.8209286 1.7619298 2.5420308 2.5573283 2.5818523 2.5818523 2.5636337 2.4951287 3.3806755 3.0769900 1.0089763 3.9894003 
Amil_Amillepora16116-RA                               2.7565715 2.8600936 2.5258821 2.0179590 0.4948951 2.8713110 0.4932823 2.0154046 0.7393386 2.1219498 1.8033035 1.3568172 1.3339029 1.3400351 1.1739306 0.2370171 1.7965432 1.0229002 1.4736737 1.1562733 1.8972758 1.9570498 2.2179337 0.8398388 2.2716070 2.1345890 1.3666724 0.1340773 0.1346931 0.1261669 0.0945658 0.1101089 0.0000000 0.0048717 0.3318333 0.3113554 0.6816605 0.7007246 2.1672378 1.4082372 2.2002880 1.7800793 1.7376998 1.8006053 1.7675841 1.5239372 2.4266662 1.7016070 1.7077405 1.8403192 1.7980507 1.9903087 2.3300209 1.2796567 3.9419919 3.5597638 3.7100182 3.9282154 3.7678638 3.0389506 2.9479400 3.5027966 3.3182475 3.2404599 2.8798526 2.0483004 2.0483004 2.0593069 2.1726202 2.0709481 1.6578973 2.8121564 2.6930301 2.6294419 2.6804415 2.9780132 2.9643953 2.9542162 3.0168351 2.5761075 2.7309622 3.3323902 2.7018815 2.7335950 2.7302835 2.0263770 4.8514322 4.5620526 3.5944004 5.1217519 3.3698840 3.1580616 2.8286796 3.9924199 1.7417081 2.7703962 2.7510539 2.8009609 2.8009609 2.7986956 2.7689356 3.9099835 3.5821389 1.2831077 4.3875629 
Adig_XM_015895669.1                                   2.7546961 2.8583463 2.5241543 2.0302055 0.4948951 2.8713110 0.4932823 2.0182644 0.7393386 2.1102321 1.8008956 1.3456395 1.3330941 1.3415918 1.1626099 0.2370171 1.7919329 1.0145831 1.4728321 1.1433142 1.8965169 1.9767820 2.2171344 0.8398388 2.2706411 2.1496583 1.3757233 0.1372229 0.1346931 0.1264507 0.0947809 0.1101089 0.0048717 0.0000000 0.3318333 0.3070401 0.6790763 0.6965773 2.1637693 1.4082372 2.2127929 1.7845194 1.7481898 1.8112333 1.7675841 1.5239372 2.4191538 1.7052642 1.7139192 1.8465945 1.7898395 1.9747914 2.3549414 1.2796567 3.9338036 3.5597638 3.7100182 3.9282154 3.7678638 3.0389506 2.9479400 3.5027966 3.3182475 3.2404599 2.8798526 2.0489952 2.0489952 2.0593069 2.1606721 2.0709481 1.6578973 2.8084556 2.6894629 2.6259254 2.6755342 2.9730920 2.9498918 2.9397560 3.0147550 2.5761075 2.7309622 3.3423777 2.7137866 2.7421850 2.7284645 2.0263770 4.8514322 4.5620526 3.5944004 5.1100181 3.3673905 3.1558934 2.8313007 3.9924199 1.7417081 2.7782433 2.7405286 2.7901294 2.7901294 2.7676039 2.7667446 3.9148591 3.5821389 1.2819717 4.3927002 
Nvec_v1g196609                                        2.3558677 2.5134453 1.9588360 1.6090406 0.4601082 2.3786070 0.4769301 1.8635311 0.6968106 1.8571795 1.5244157 1.3082988 1.1343188 1.0916121 0.9841713 0.2144669 1.5656368 0.8640826 1.4057433 0.8072874 1.5541544 1.7270060 1.9070613 0.9120532 1.9878391 2.0369353 1.2579288 0.3495896 0.3890232 0.3476976 0.3330344 0.3425814 0.3318333 0.3318333 0.0000000 0.1403955 0.5532630 0.5531816 1.8993056 1.2254103 2.1125594 1.5804559 1.6258446 1.6985591 1.8033901 1.5710422 1.9781270 1.5970588 1.3321930 1.7979740 1.5044113 1.7354395 2.0955518 1.4716942 3.4499258 2.9613426 3.5244404 3.5490446 3.0635062 3.2390976 2.9965703 3.4125838 3.1708303 3.1526437 2.9841370 1.7669597 1.7669597 1.7262684 1.7604198 1.7667765 1.4508770 2.2293180 2.1327073 2.0944142 2.0741900 2.3063425 2.1621256 2.1509780 2.5958441 2.3099420 2.5993823 2.7727482 2.0895726 2.4408148 2.5103188 2.0553420 4.9979475 4.0234994 3.7157660 4.3970900 2.8227275 2.6944411 2.5259164 3.5550567 1.7483145 2.4705440 2.4772353 2.4710594 2.4710594 2.4610739 2.5481000 3.3213954 3.1816762 0.8677438 4.0716130 
Exapal_XM_021061444.2                                 2.6616458 2.8500997 2.2264506 1.7973690 0.4983038 2.5742251 0.4969462 1.8465278 0.7099592 2.0923920 1.5972608 1.2047678 1.1746335 1.1680774 0.9910746 0.2278561 1.6666096 0.9019572 1.4168253 0.9432091 1.6677449 1.8498954 1.9417968 0.8273186 2.1853044 2.0191915 1.3116939 0.3262991 0.3537213 0.3031639 0.3186479 0.3084699 0.3113554 0.3070401 0.1403955 0.0000000 0.6449154 0.6184212 2.0355335 1.1545815 2.2330250 1.6686069 1.6754922 1.7133574 1.7629821 1.4028135 2.2284061 1.6181951 1.6207816 1.7581550 1.7146448 1.8410134 2.2928515 1.3665521 3.7199476 3.4274082 3.8306265 4.0172576 3.5924126 3.3819313 3.2303076 3.4310606 3.2790636 3.2653373 3.0545244 1.9703147 1.9703147 2.1359326 2.2653743 2.1825234 1.5386451 2.5258269 2.4264923 2.3649363 2.5589838 2.8365251 2.5653566 2.5633633 2.9635050 2.7172377 2.8706849 3.3353439 2.6486025 2.7964290 2.8876859 1.9526441 5.0532716 4.5053433 3.4214914 4.9125137 3.1840150 3.0687597 2.6764431 3.9255900 1.8357089 2.9434136 2.9125697 2.8529939 2.8529939 2.9461307 2.8798969 3.9253142 3.3263886 1.2108201 4.4686337 
