60
Emue_Em0004g993a.t1                                                0.0000000 0.0125017 0.2962499 1.2060829 1.7538955 1.8157041 1.8959505 1.8384558 1.7328678 1.4175668 1.8226472 1.4037843 1.6519964 1.8699771 1.9074179 1.9197463 1.4631391 1.9965791 1.9620517 1.7928917 1.6211591 2.1795848 2.1077142 1.7844683 2.1896417 2.0905089 2.8103514 1.3395465 1.9657664 1.7432514 1.9346635 2.2757268 2.5256997 2.7285610 2.7824548 1.8878767 1.9924723 2.1710093 1.9135119 2.0840610 2.1868529 2.1436134 1.8873955 1.0261266 1.1453869 1.7284884 2.6086598 2.5711589 2.4002488 2.4322378 2.3536135 2.3555046 2.6476116 2.2380291 2.1379751 2.3878140 1.8560087 2.4568047 2.1517286 2.8639167 
Emue_Em0004g996a.t1                                                0.0125017 0.0000000 0.2766988 1.3242245 1.6806232 1.7589577 1.8182361 1.7642059 1.7134222 1.3916965 1.8011781 1.3766436 1.5762135 1.7905072 1.9020256 1.8512524 1.3807923 1.9544445 1.8884649 1.7231657 1.5800803 2.0917804 2.0737685 1.8258104 2.0790273 1.9234412 2.4667578 1.3030458 1.7897250 1.6011138 1.8271017 2.0607530 2.3989427 2.6029065 2.6541252 1.8622872 1.9530052 2.1037109 1.9114496 2.0147772 2.1155185 2.0744641 1.8521525 1.0261266 1.1453869 1.6776383 2.5710960 2.4647987 2.3201732 2.3769234 2.3394352 2.3376372 2.5453460 2.2021574 2.1289159 2.2835581 1.8325575 2.4190721 2.1059924 2.8639167 
Spolac_c80281_g2_i2_m.2586c80281-g2                                0.2962499 0.2766988 0.0000000 1.0795876 1.3843334 1.4789302 1.4747601 1.3421790 1.3804930 1.3640540 1.2988321 1.7626366 1.4200885 1.6797426 1.9061500 1.5135723 1.4969670 1.5595440 0.9689512 1.9812623 1.6829638 1.8213953 1.7849222 1.8016303 1.9132490 1.8948925 1.9200063 2.0806161 2.0806161 1.8355638 1.7890036 2.3679353 2.2006011 2.2128601 2.4687892 1.7568688 1.6544473 1.6276119 1.6276119 1.6633276 1.6112953 1.5949300 1.3414078 1.1421803 1.3519523 1.3327865 2.2046622 1.8384287 1.6850567 1.7966110 2.1172996 1.7280863 1.6665621 2.3805645 1.5339708 2.2097695 1.6284642 1.8474854 1.5045417 2.3732568 
Stycar_maker-SC_scaffold980-snap-gene-0.8-mRNA-1                   1.2060829 1.3242245 1.0795876 0.0000000 1.7893910 2.0136615 2.1331579 2.3134560 1.3002517 2.2264684 2.1007973 1.7557752 1.6551737 2.0869156 1.3623856 2.8742952 2.5268348 2.7793018 2.5393959 2.6194690 1.9975488 2.9552213 2.8674022 9.0000000 3.0037319 2.5294218 2.5294218 1.1954904 2.7525280 3.0163713 2.8601646 3.2359011 3.3621437 3.2764408 3.2538627 1.1317005 2.5078100 3.1005420 2.4978663 3.0947805 2.7155000 2.9431714 2.7485184 1.9496766 9.0000000 3.2931808 2.8981109 2.8532937 2.5341410 3.0546820 2.9843984 2.3587467 2.6901350 2.5409997 1.9247836 3.2810133 1.5264850 5.1991874 2.1817536 4.8065691 
Fspp_ffun1.m4.8263.m1                                              1.7538955 1.6806232 1.3843334 1.7893910 0.0000000 0.3550645 0.4724666 0.4297108 0.5517427 0.6315769 0.6839239 1.1224880 0.9921141 1.1093980 1.6233093 1.6285484 1.3323515 1.5077005 1.4529601 1.6931723 1.5954775 1.8555319 1.5157087 1.8476251 2.3666232 1.7752348 2.0782040 1.3959340 1.9974887 1.8072992 1.8137200 1.7935146 2.1740865 2.2918312 2.2273047 1.9460926 1.6850715 2.0289792 1.8628453 1.9453347 1.9600272 1.9933253 2.2160181 1.6358393 1.8428999 1.9318209 2.1146974 1.9129399 1.8937727 1.8910557 1.8647748 1.9048687 2.0111334 1.6910741 1.9202499 2.2305436 1.8835677 2.1174060 1.8069787 2.4917339 
Gasp_gasp1.m3.30746.m1                                             1.8157041 1.7589577 1.4789302 2.0136615 0.3550645 0.0000000 0.4890245 0.4639942 0.5383475 0.6311599 0.6952273 1.1926328 1.0563478 1.1214198 1.6797843 1.5614370 1.4255036 1.6009937 1.3892275 1.8334139 1.6441001 1.8442647 1.6002711 1.8022323 2.4065390 1.8523406 2.2348565 1.5998065 2.0970797 1.8760378 1.8410925 1.9210317 2.3122915 2.4536714 2.3954429 2.1137204 1.6868772 2.2516473 1.9659993 2.0319963 2.2583729 2.2138514 2.1196337 1.7756616 2.0092970 2.1636467 2.2607749 2.1541514 1.9674483 2.0256591 1.8311399 2.0644412 1.9979709 1.6594673 2.1518846 2.2580193 1.8787730 2.2220231 1.9909181 2.5863176 
Spis_XP_022801002_1                                                1.8959505 1.8182361 1.4747601 2.1331579 0.4724666 0.4890245 0.0000000 0.1722787 0.5670967 0.6788142 0.7275775 1.0524523 1.0717567 1.1200059 1.5361875 1.7225688 1.4987023 1.6976294 1.5401193 1.5648927 1.4994720 1.6275380 1.5347972 1.8270226 2.2639113 1.8633656 2.3059379 1.5838920 2.1302781 1.7737338 1.7127255 1.8756055 2.1836783 2.4581430 2.4105114 2.1228739 1.6232321 2.0630029 1.8067377 1.8960901 2.1987116 2.0481180 2.2664375 1.4711112 1.7249437 1.9787725 2.1934503 1.9254131 2.0248774 2.0066724 1.9892860 1.8693361 2.0595988 1.7299198 1.8965064 2.0616084 1.8092504 2.3146612 1.9381964 2.5667870 
Pocdam_XM_027199741.1                                              1.8384558 1.7642059 1.3421790 2.3134560 0.4297108 0.4639942 0.1722787 0.0000000 0.5894801 0.6985676 0.7544451 1.1049399 1.0526187 1.1211535 1.6255798 1.6438788 1.3730468 1.5916406 1.4089176 1.6540285 1.5923677 1.6105924 1.5071178 1.7665948 2.2020955 1.7557201 2.1621217 1.5639453 2.0803490 1.6398833 1.6428341 1.7976935 2.1665088 2.3813378 2.3175889 2.0740262 1.5518295 2.0344292 1.8146191 1.9390500 2.2132278 2.0662910 2.2547890 1.5234728 1.7604537 2.0791258 2.1395492 1.9681431 1.9086053 1.9102025 1.9871394 1.9013893 1.9932985 1.7281009 1.9231965 2.0115330 2.0107319 2.0598557 1.8793774 2.4188796 
Gfas_gfas1.m1.2264.m1                                              1.7328678 1.7134222 1.3804930 1.3002517 0.5517427 0.5383475 0.5670967 0.5894801 0.0000000 0.4953841 0.5092261 1.0754977 1.0823153 1.1746502 1.5367961 1.5304526 1.4078244 1.6587059 1.2385362 1.6747049 1.6178975 1.6808377 1.6314461 1.8982244 2.2271922 1.6976324 2.3416115 1.4715193 1.9016882 1.8831404 1.7648331 2.0922036 2.2786504 2.4921582 2.3888229 2.0175330 1.6769234 2.0092092 1.7859143 2.0512153 2.1731430 2.0452993 2.0157450 1.4685762 1.6512814 2.1207172 2.2023842 1.9489081 1.9997071 1.9558922 1.9498288 1.9137925 2.1788339 1.7688534 1.9777951 2.1329159 1.7372400 2.0931793 2.0822336 2.5096010 
Adig_XM_015904422.1                                                1.4175668 1.3916965 1.3640540 2.2264684 0.6315769 0.6311599 0.6788142 0.6985676 0.4953841 0.0000000 0.1219913 1.1977709 1.1428600 1.1713678 1.4063310 1.6588842 1.4345752 1.5472352 1.6315873 1.6021667 1.5691989 1.7910316 1.7105790 1.7401465 2.4548425 2.0555665 2.4040922 1.6223129 2.1751024 1.9064250 1.9772754 2.2563138 2.5131361 2.7062477 2.6226799 1.9781350 1.4502101 1.8224639 1.7407942 1.8158199 1.8436662 1.8260971 1.9993183 1.7268470 1.7850441 1.9205761 2.0731999 1.6706324 2.0378179 2.0081550 1.9597371 1.8685769 1.9317261 1.8594348 1.6706540 2.1471098 1.7220198 2.1124847 1.9738351 2.7304602 
Amil_Amillepora19021-RA                                            1.8226472 1.8011781 1.2988321 2.1007973 0.6839239 0.6952273 0.7275775 0.7544451 0.5092261 0.1219913 0.0000000 1.0465378 1.0563221 1.2487307 1.5419484 1.8392340 1.3584597 1.7551349 1.7457107 1.8874375 1.8038620 1.9462808 1.9515173 2.1247504 2.4320269 2.0274881 2.3789186 1.4968853 2.1468463 1.9329218 1.9148927 2.1564870 2.3195600 2.8352831 2.6981649 2.4308925 1.7881629 2.1495756 1.8757726 2.0120661 2.3694768 2.1716866 2.0801027 1.8151001 2.0378956 2.3134665 2.5911808 2.1129742 2.4252788 2.2841567 2.2147698 2.3194615 2.4396173 1.9780195 1.8122293 2.3780432 1.9852603 2.3951297 2.1484107 2.7092116 
Skow_XM_006811938.1                                                1.4037843 1.3766436 1.7626366 1.7557752 1.1224880 1.1926328 1.0524523 1.1049399 1.0754977 1.1977709 1.0465378 0.0000000 1.2288443 1.5628574 1.1981109 1.3435692 1.2731050 1.3371804 0.9975924 1.2819115 1.3709930 1.2359932 1.2877646 1.2400407 1.3019321 1.0515484 1.2056460 1.2005054 1.2505663 1.2502221 1.6686802 1.5600410 1.5661396 1.6768381 1.6892541 1.4019194 1.3484841 1.3900602 1.3900602 1.4489315 1.4547718 1.4210415 1.5700049 1.3028495 1.3646878 1.4641341 1.7500225 1.3969763 1.5171181 1.7987034 1.6873380 1.4189095 1.4641195 1.4451242 1.4185743 1.6734796 1.5049123 1.6649349 1.5184027 2.4885059 
Nvec_v1g211081                                                     1.6519964 1.5762135 1.4200885 1.6551737 0.9921141 1.0563478 1.0717567 1.0526187 1.0823153 1.1428600 1.0563221 1.2288443 0.0000000 0.9574570 1.4251630 1.6634544 1.2228818 1.5997928 1.5293749 1.6410141 1.3554125 1.7985404 1.5943641 1.8051631 2.1198707 1.7462290 1.9433424 1.5291949 1.9734668 1.6879166 2.0160861 1.7730875 2.1131538 2.1796260 2.1162457 1.8281886 1.6658914 2.1460935 1.9273093 2.0691800 2.2249461 2.0119905 2.1681743 1.3938363 1.5892680 2.4655149 2.0952619 2.0052557 1.9342216 1.9718866 2.0976781 2.2076574 2.6933788 1.7637087 1.6377355 2.0638813 1.8924331 2.2969931 2.0477855 2.9383281 
Exapal_XM_021041524.2                                              1.8699771 1.7905072 1.6797426 2.0869156 1.1093980 1.1214198 1.1200059 1.1211535 1.1746502 1.1713678 1.2487307 1.5628574 0.9574570 0.0000000 1.6402949 1.8961488 1.4977812 1.8726199 1.3794552 1.7376262 1.4653107 1.7934408 1.6340036 1.9307571 2.6429765 2.2826456 2.5906330 2.2916188 2.3607122 2.0146589 1.9565051 2.2315497 2.5013349 2.5504418 2.5422877 1.9176365 1.6925968 2.2589087 2.0027409 2.1199189 2.3384449 2.1109633 2.0719694 1.8599550 1.8724303 2.0219479 2.0803511 2.1160552 2.0047999 2.0049767 2.0969283 2.0809103 2.3500131 2.0733281 1.8103742 2.0009421 2.3972365 2.4253468 1.8776057 3.0817502 
Bralan_BLAG10000715_1                                              1.9074179 1.9020256 1.9061500 1.3623856 1.6233093 1.6797843 1.5361875 1.6255798 1.5367961 1.4063310 1.5419484 1.1981109 1.4251630 1.6402949 0.0000000 1.6639525 1.2905711 1.7015562 1.1585351 1.6140654 1.4063726 1.4426000 1.8034904 1.7910199 1.9258952 1.5121603 1.9769437 1.2761400 1.5720960 1.2664947 1.7197432 1.6789225 2.0673500 2.1835110 2.1104780 1.7753750 1.2898807 2.0175282 1.7365121 1.9976927 2.0913677 2.0699514 2.2067366 1.3993383 1.5822234 2.1966288 2.4632968 2.3224854 2.1941100 2.3940785 2.1361344 2.5209458 2.6355983 1.8952155 1.8929300 1.7498742 2.0201251 2.1174710 2.3200750 2.5178439 
Gracom_Gcom_C556650_01                                             1.9197463 1.8512524 1.5135723 2.8742952 1.6285484 1.5614370 1.7225688 1.6438788 1.5304526 1.6588842 1.8392340 1.3435692 1.6634544 1.8961488 1.6639525 0.0000000 0.4138664 0.5760227 1.2292060 1.7931054 1.7079554 2.1106847 1.7818239 1.7835791 2.0676731 1.6364758 1.8592963 1.5253007 1.9354248 1.3943810 1.6768496 1.8592906 2.1356500 2.3183575 2.3251993 2.0138819 1.9148804 1.9526923 1.7251101 2.0232116 2.1055854 1.8713516 2.3329385 1.7713793 2.0688576 2.5054082 2.2725314 2.2418770 2.2192467 2.3219502 2.2639315 2.3080294 2.3810631 2.3210160 1.8508075 2.0561064 2.0153280 2.3274269 2.0777471 2.7281038 
Leuniv_Lniv_C807838_01                                             1.4631391 1.3807923 1.4969670 2.5268348 1.3323515 1.4255036 1.4987023 1.3730468 1.4078244 1.4345752 1.3584597 1.2731050 1.2228818 1.4977812 1.2905711 0.4138664 0.0000000 0.4067437 1.1820272 1.4147131 1.3615465 1.8638659 1.5816956 1.3888692 2.0895328 1.8399807 2.0477152 1.5165136 2.1611345 1.4302315 1.6971970 1.5747429 1.7164360 2.1769680 2.2053381 1.7769710 1.5323243 1.8164649 1.7387646 1.8008160 1.8023446 1.7836790 1.9188443 1.3908595 1.4256566 1.9502801 1.8680380 1.8105711 1.7602875 1.8963583 2.3025853 1.9068559 2.0203296 1.7163907 1.4764206 1.7461473 1.6182364 1.8922254 1.6578582 2.2506524 
Lcom_lcpid47346                                                    1.9965791 1.9544445 1.5595440 2.7793018 1.5077005 1.6009937 1.6976294 1.5916406 1.6587059 1.5472352 1.7551349 1.3371804 1.5997928 1.8726199 1.7015562 0.5760227 0.4067437 0.0000000 1.4001198 2.0918138 1.7636279 1.9985430 1.7382564 1.7602066 2.6067931 1.9097232 2.2338389 1.7132666 2.0860909 1.5993631 1.7215733 1.9032068 2.4082243 2.5013521 2.4279567 2.2973010 1.8747653 1.8433727 1.7020147 1.8199504 1.9925604 1.7679352 2.4131988 1.8377283 2.1913707 2.4756430 2.1608602 2.0744264 2.0644261 2.1989153 2.4128907 2.3702054 2.3063276 1.9106159 1.7839109 2.0719989 1.9835099 2.3802225 2.1444207 2.7897318 
Clacor_Ccor_C539829_01                                             1.9620517 1.8884649 0.9689512 2.5393959 1.4529601 1.3892275 1.5401193 1.4089176 1.2385362 1.6315873 1.7457107 0.9975924 1.5293749 1.3794552 1.1585351 1.2292060 1.1820272 1.4001198 0.0000000 1.6652180 1.3980855 1.7477224 1.6804239 5.6551383 2.1272761 1.8643040 1.8643040 1.5840182 2.1638330 1.8615245 2.1151556 2.0003226 1.9185057 1.8365733 1.8030001 1.2980863 1.5468224 1.5533765 1.4086436 1.4318753 1.3700453 1.4182432 2.4565426 3.6038419 4.5772272 3.0964605 2.1046663 1.6751629 1.7175855 1.7420559 2.3210735 2.1695580 2.4182603 2.2714123 1.0072225 1.9751658 1.4718752 1.9874523 1.4419723 1.4354898 
Spur_XM_030990569.1                                                1.7928917 1.7231657 1.9812623 2.6194690 1.6931723 1.8334139 1.5648927 1.6540285 1.6747049 1.6021667 1.8874375 1.2819115 1.6410141 1.7376262 1.6140654 1.7931054 1.4147131 2.0918138 1.6652180 0.0000000 1.3110394 1.8719116 1.7932418 1.7517260 2.1502760 1.5972292 1.9073033 1.2783029 1.6394501 1.7051617 1.7728508 1.5792834 1.9326916 2.4533355 2.4037929 1.9683122 1.8823815 2.0892607 1.9674342 1.9024499 2.1729552 2.0063639 2.5792285 1.5616039 1.7834078 2.3388249 2.5883667 2.3094193 2.3504871 2.3729492 2.3743193 2.2264677 2.1499208 2.0933620 1.9598582 2.0852974 1.8669932 2.1727548 2.3479755 2.8670215 
Ctel_gnl_WGS_AMQN_CAPTEDRAFT_mRNA182050                            1.6211591 1.5800803 1.6829638 1.9975488 1.5954775 1.6441001 1.4994720 1.5923677 1.6178975 1.5691989 1.8038620 1.3709930 1.3554125 1.4653107 1.4063726 1.7079554 1.3615465 1.7636279 1.3980855 1.3110394 0.0000000 1.5224277 1.8119838 1.9548711 2.2145246 2.0518134 2.2674328 1.7069816 2.0648178 1.7827352 1.9204676 1.9909616 2.3266493 2.1604674 2.1416948 1.9648415 1.7053480 1.7996534 1.7671111 1.9682753 1.9915945 1.9056942 2.1095961 1.3875543 1.5574650 1.9475299 2.1589897 2.0943247 1.9962943 2.1871396 2.3864837 2.1567669 2.1193603 2.1396063 1.8243767 1.7219569 1.9205817 2.2791380 2.2768092 2.8463646 
Hsap_ENST00000377304                                               2.1795848 2.0917804 1.8213953 2.9552213 1.8555319 1.8442647 1.6275380 1.6105924 1.6808377 1.7910316 1.9462808 1.2359932 1.7985404 1.7934408 1.4426000 2.1106847 1.8638659 1.9985430 1.7477224 1.8719116 1.5224277 0.0000000 1.9169912 2.0919244 2.4371815 2.0596710 2.5322821 1.5469054 2.2090914 2.0902060 1.8766153 2.0934132 2.3531068 2.8313498 2.7490811 2.3761407 1.9626322 2.1574628 1.8715999 1.9908094 2.0925564 1.9580232 2.7653765 1.6754760 1.7837435 2.7061053 2.6853935 2.3122142 2.2272954 2.4650508 2.4603109 2.3434065 2.5351001 2.0060180 2.0377482 2.1152025 2.3947214 2.3149414 2.2018711 2.8300646 
Dgig_XM_028535171.1                                                2.1077142 2.0737685 1.7849222 2.8674022 1.5157087 1.6002711 1.5347972 1.5071178 1.6314461 1.7105790 1.9515173 1.2877646 1.5943641 1.6340036 1.8034904 1.7818239 1.5816956 1.7382564 1.6804239 1.7932418 1.8119838 1.9169912 0.0000000 0.7321678 2.1806397 1.8529295 2.5030002 1.2992995 1.9041916 1.7354093 1.8764331 2.0322630 2.1744463 2.1643668 2.1332840 1.9008303 2.0102957 1.8916696 1.7638886 1.8615199 2.0165337 1.8578227 2.3544080 1.8545682 1.8952986 2.8150251 2.0834377 2.0495088 1.8419393 1.8807322 1.8903643 1.9600001 2.1318602 2.0966180 1.8477044 2.3705262 2.1008413 2.7000508 2.1498446 2.4279038 
Xesp_013065-T1                                                     1.7844683 1.8258104 1.8016303 9.0000000 1.8476251 1.8022323 1.8270226 1.7665948 1.8982244 1.7401465 2.1247504 1.2400407 1.8051631 1.9307571 1.7910199 1.7835791 1.3888692 1.7602066 5.6551383 1.7517260 1.9548711 2.0919244 0.7321678 0.0000000 2.0798400 1.4003922 2.3620740 1.0975811 1.4255735 1.2973762 1.8255151 1.6932993 2.2781134 2.1094857 2.1536492 1.8687750 1.9083105 1.9679305 1.7500601 1.8804091 2.2248630 1.9204906 2.3539206 1.4946092 1.6518775 2.4734233 2.4053175 2.1667421 2.2446018 2.4610028 1.8427974 2.6406847 2.2946105 2.1610237 2.0970376 2.3185412 2.0800014 2.7112018 2.5335766 2.9753521 
Mlei_ML1043.g27.i1                                                 2.1896417 2.0790273 1.9132490 3.0037319 2.3666232 2.4065390 2.2639113 2.2020955 2.2271922 2.4548425 2.4320269 1.3019321 2.1198707 2.6429765 1.9258952 2.0676731 2.0895328 2.6067931 2.1272761 2.1502760 2.2145246 2.4371815 2.1806397 2.0798400 0.0000000 0.3715469 0.4266885 0.4292066 0.6190095 0.5858374 0.8103667 0.9537875 1.2276546 1.2133043 1.1641941 0.8276597 2.5949759 2.1862613 2.0700286 2.1505720 2.5118376 2.2742927 2.4503506 2.0057865 1.9314766 2.7259692 2.7274988 2.7002342 2.3224074 2.3814923 2.5774979 2.4551427 2.7662524 2.6628161 2.2530184 2.4205219 1.9397377 2.9490109 2.6617762 3.4863707 
Bolinf_Binf_sb1208888                                              2.0905089 1.9234412 1.8948925 2.5294218 1.7752348 1.8523406 1.8633656 1.7557201 1.6976324 2.0555665 2.0274881 1.0515484 1.7462290 2.2826456 1.5121603 1.6364758 1.8399807 1.9097232 1.8643040 1.5972292 2.0518134 2.0596710 1.8529295 1.4003922 0.3715469 0.0000000 0.0182194 0.4048950 0.5995794 0.6116060 0.9156636 1.0383472 1.0052826 1.2110655 1.2205062 0.5247846 1.9374413 1.7041706 1.5862827 1.8515636 1.7582435 1.7262270 2.2662142 1.5424187 1.4655460 2.5819999 2.2412685 2.1266262 2.3465355 2.4359251 2.3660183 2.1039469 2.3587331 2.0221001 1.7076451 1.9035190 1.6428212 2.5440328 2.0635991 2.1353175 
Bolinf_Binf_sb1208889                                              2.8103514 2.4667578 1.9200063 2.5294218 2.0782040 2.2348565 2.3059379 2.1621217 2.3416115 2.4040922 2.3789186 1.2056460 1.9433424 2.5906330 1.9769437 1.8592963 2.0477152 2.2338389 1.8643040 1.9073033 2.2674328 2.5322821 2.5030002 2.3620740 0.4266885 0.0182194 0.0000000 0.4956939 0.7014499 0.6514704 1.0686718 1.1165628 1.0859638 1.4183795 1.4335985 0.5723637 2.2929722 2.1097781 1.9363723 2.3213315 2.1515969 2.1040213 2.6237449 2.4368176 2.2198418 3.4122217 2.3205203 2.1855382 2.4869208 2.4960977 2.6652834 2.3023871 2.7246712 2.4665418 1.9714230 2.3037462 2.0699985 3.0110575 2.1960754 3.2769603 
Bolinf_Binf_sb1209890                                              1.3395465 1.3030458 2.0806161 1.1954904 1.3959340 1.5998065 1.5838920 1.5639453 1.4715193 1.6223129 1.4968853 1.2005054 1.5291949 2.2916188 1.2761400 1.5253007 1.5165136 1.7132666 1.5840182 1.2783029 1.7069816 1.5469054 1.2992995 1.0975811 0.4292066 0.4048950 0.4956939 0.0000000 0.0000010 0.4406716 0.7135797 0.7647799 0.7229972 0.8491089 0.8632338 0.4697605 1.3143961 1.4261868 1.4261868 1.5113108 1.5296011 1.5109784 1.8823391 1.2870102 1.2940909 1.9575786 1.7413845 1.7387555 1.5947864 1.7000497 1.7340835 1.6056692 1.7210770 1.7691987 1.4999255 1.5977620 1.6461510 1.7257359 1.5919577 1.8939703 
Mertsp_Mesp_sb547468                                               1.9657664 1.7897250 2.0806161 2.7525280 1.9974887 2.0970797 2.1302781 2.0803490 1.9016882 2.1751024 2.1468463 1.2505663 1.9734668 2.3607122 1.5720960 1.9354248 2.1611345 2.0860909 2.1638330 1.6394501 2.0648178 2.2090914 1.9041916 1.4255735 0.6190095 0.5995794 0.7014499 0.0000010 0.0000000 0.6247538 0.9262597 1.0543756 1.0204701 1.1169406 1.0842952 0.4815302 1.6301598 1.8771036 1.8704213 2.0778721 2.1159834 2.0718159 2.3208625 1.6486691 1.4079443 2.5288026 2.3877849 2.5030912 2.2889021 2.5085734 2.6314219 2.2435720 2.3985111 2.3515961 1.6952633 2.0552062 1.7775124 2.3386902 2.0142069 1.8939703 
Beraby_Baby_sb329760                                               1.7432514 1.6011138 1.8355638 3.0163713 1.8072992 1.8760378 1.7737338 1.6398833 1.8831404 1.9064250 1.9329218 1.2502221 1.6879166 2.0146589 1.2664947 1.3943810 1.4302315 1.5993631 1.8615245 1.7051617 1.7827352 2.0902060 1.7354093 1.2973762 0.5858374 0.6116060 0.6514704 0.4406716 0.6247538 0.0000000 1.0198121 0.8889814 0.9357094 1.2025652 1.2347978 0.5123328 1.7547907 1.7754717 1.7266515 1.8365345 1.8066241 1.7957303 2.2610045 1.5365036 1.3547397 1.9069018 2.2369084 2.0266053 1.8374973 2.0733527 2.4002333 2.2529243 2.5099675 2.0449089 1.5067089 1.8119346 1.6904639 2.5134225 1.6629894 2.3285656 
Eupdun_Edun_sb10651954                                             1.9346635 1.8271017 1.7890036 2.8601646 1.8137200 1.8410925 1.7127255 1.6428341 1.7648331 1.9772754 1.9148927 1.6686802 2.0160861 1.9565051 1.7197432 1.6768496 1.6971970 1.7215733 2.1151556 1.7728508 1.9204676 1.8766153 1.8764331 1.8255151 0.8103667 0.9156636 1.0686718 0.7135797 0.9262597 1.0198121 0.0000000 1.1809091 1.2024504 1.4279621 1.3847064 0.7892411 1.8535093 1.8034351 1.7995130 1.8079505 1.8714086 1.8373203 2.3214762 1.6291831 1.4705902 2.2652956 2.3348317 2.1085784 2.0999447 2.2763932 2.2329228 2.1334106 2.2963662 2.0340045 2.0494893 2.2895901 2.0950553 2.0274809 1.8705253 2.9555602 
Coemet_Cmet_scaffold20707_01                                       2.2757268 2.0607530 2.3679353 3.2359011 1.7935146 1.9210317 1.8756055 1.7976935 2.0922036 2.2563138 2.1564870 1.5600410 1.7730875 2.2315497 1.6789225 1.8592906 1.5747429 1.9032068 2.0003226 1.5792834 1.9909616 2.0934132 2.0322630 1.6932993 0.9537875 1.0383472 1.1165628 0.7647799 1.0543756 0.8889814 1.1809091 0.0000000 0.0885287 1.4629562 1.5108285 0.6936858 1.8782972 2.0249574 1.9127091 1.8982482 1.9578387 1.9458053 2.4377312 1.7111118 1.4845596 2.1867239 1.8709736 2.0025241 1.7873186 1.6066452 2.4893395 2.1381948 2.1008896 2.0194310 1.7873609 2.0350916 1.8844900 2.4219989 1.7660843 2.8521570 
Coeast_Cast_sb776831                                               2.5256997 2.3989427 2.2006011 3.3621437 2.1740865 2.3122915 2.1836783 2.1665088 2.2786504 2.5131361 2.3195600 1.5661396 2.1131538 2.5013349 2.0673500 2.1356500 1.7164360 2.4082243 1.9185057 1.9326916 2.3266493 2.3531068 2.1744463 2.2781134 1.2276546 1.0052826 1.0859638 0.7229972 1.0204701 0.9357094 1.2024504 0.0885287 0.0000000 1.6621835 1.6573953 1.2101887 2.2439951 2.3864192 2.4100392 2.3434507 2.6171411 2.3890912 2.6452083 2.1729196 2.2692191 2.4443147 2.5191856 2.7296339 2.1548767 2.2118570 2.5908362 2.3726799 2.8598980 2.8786260 2.3494950 2.3255089 2.5719875 2.8888290 2.4109315 3.7305549 
Pbac_sb2643686                                                     2.7285610 2.6029065 2.2128601 3.2764408 2.2918312 2.4536714 2.4581430 2.3813378 2.4921582 2.7062477 2.8352831 1.6768381 2.1796260 2.5504418 2.1835110 2.3183575 2.1769680 2.5013521 1.8365733 2.4533355 2.1604674 2.8313498 2.1643668 2.1094857 1.2133043 1.2110655 1.4183795 0.8491089 1.1169406 1.2025652 1.4279621 1.4629562 1.6621835 0.0000000 0.0676565 1.3222108 2.5022281 2.7287556 2.4217221 2.4409880 2.9021896 2.7009802 2.6361849 2.0842684 2.1443635 2.9305085 2.9193833 2.4670384 2.2149610 2.2542764 2.9695113 3.0079854 3.0057550 2.8933521 2.5266142 2.7118325 2.6990042 3.4372421 2.3577621 3.8827881 
Horcal_Hcv1.av93.c2.g673.i1                                        2.7824548 2.6541252 2.4687892 3.2538627 2.2273047 2.3954429 2.4105114 2.3175889 2.3888229 2.6226799 2.6981649 1.6892541 2.1162457 2.5422877 2.1104780 2.3251993 2.2053381 2.4279567 1.8030001 2.4037929 2.1416948 2.7490811 2.1332840 2.1536492 1.1641941 1.2205062 1.4335985 0.8632338 1.0842952 1.2347978 1.3847064 1.5108285 1.6573953 0.0676565 0.0000000 1.2685961 2.5281854 2.5064985 2.2521096 2.3290055 2.7786268 2.5569593 2.5393975 2.0831477 2.1802749 2.8970559 2.8395244 2.4697277 2.1399233 2.2191987 2.8216614 2.9783631 2.9443304 2.8072784 2.4379439 2.5669350 2.5179216 3.2639019 2.3126357 3.9489135 
Lampan_Lpan_11181_01                                               1.8878767 1.8622872 1.7568688 1.1317005 1.9460926 2.1137204 2.1228739 2.0740262 2.0175330 1.9781350 2.4308925 1.4019194 1.8281886 1.9176365 1.7753750 2.0138819 1.7769710 2.2973010 1.2980863 1.9683122 1.9648415 2.3761407 1.9008303 1.8687750 0.8276597 0.5247846 0.5723637 0.4697605 0.4815302 0.5123328 0.7892411 0.6936858 1.2101887 1.3222108 1.2685961 0.0000000 2.0087820 2.3336957 2.0335957 1.9965630 2.4795974 2.1653632 2.6831856 1.9534029 2.1295051 2.5865695 2.3048197 2.2358221 1.9375022 2.1064860 2.1630631 2.7316610 2.5948109 2.4134457 2.1222687 2.1537200 2.2636022 2.3217855 2.6167844 3.5636380 
Acagra_model.g22678.t1                                             1.9924723 1.9530052 1.6544473 2.5078100 1.6850715 1.6868772 1.6232321 1.5518295 1.6769234 1.4502101 1.7881629 1.3484841 1.6658914 1.6925968 1.2898807 1.9148804 1.5323243 1.8747653 1.5468224 1.8823815 1.7053480 1.9626322 2.0102957 1.9083105 2.5949759 1.9374413 2.2929722 1.3143961 1.6301598 1.7547907 1.8535093 1.8782972 2.2439951 2.5022281 2.5281854 2.0087820 0.0000000 2.1120394 1.9092890 2.0126959 2.1455764 2.0457957 2.1828591 1.5497612 1.7130611 2.1629631 2.2182652 2.1437023 2.1984050 2.2449688 2.1239897 2.2710778 2.2915267 2.4862097 1.9677724 1.6836226 2.3022139 2.3862827 2.3493957 2.9231252 
TrH2_TrispH2_006233-RA                                             2.1710093 2.1037109 1.6276119 3.1005420 2.0289792 2.2516473 2.0630029 2.0344292 2.0092092 1.8224639 2.1495756 1.3900602 2.1460935 2.2589087 2.0175282 1.9526923 1.8164649 1.8433727 1.5533765 2.0892607 1.7996534 2.1574628 1.8916696 1.9679305 2.1862613 1.7041706 2.1097781 1.4261868 1.8771036 1.7754717 1.8034351 2.0249574 2.3864192 2.7287556 2.5064985 2.3336957 2.1120394 0.0000000 0.0026227 0.4899033 0.5436536 0.4723487 2.2609383 1.7207258 1.8901396 2.5031621 2.3558336 1.9330534 2.1001651 2.1723384 2.2960171 2.4003625 2.3987063 2.0708266 1.8548913 2.2134378 2.0857039 2.8394035 2.2796761 2.9663012 
Tadh_TriadT28123                                                   1.9135119 1.9114496 1.6276119 2.4978663 1.8628453 1.9659993 1.8067377 1.8146191 1.7859143 1.7407942 1.8757726 1.3900602 1.9273093 2.0027409 1.7365121 1.7251101 1.7387646 1.7020147 1.4086436 1.9674342 1.7671111 1.8715999 1.7638886 1.7500601 2.0700286 1.5862827 1.9363723 1.4261868 1.8704213 1.7266515 1.7995130 1.9127091 2.4100392 2.4217221 2.2521096 2.0335957 1.9092890 0.0026227 0.0000000 0.4472242 0.4068346 0.4074149 2.0823086 1.7168057 1.8779745 2.1164129 2.0244275 1.7507079 1.9839843 2.0959335 2.1854150 2.1677849 2.1012355 1.8927428 1.7238482 2.0475719 1.8956529 2.6939564 2.1663896 2.9663012 
HoiH04_mRNA15143                                                   2.0840610 2.0147772 1.6633276 3.0947805 1.9453347 2.0319963 1.8960901 1.9390500 2.0512153 1.8158199 2.0120661 1.4489315 2.0691800 2.1199189 1.9976927 2.0232116 1.8008160 1.8199504 1.4318753 1.9024499 1.9682753 1.9908094 1.8615199 1.8804091 2.1505720 1.8515636 2.3213315 1.5113108 2.0778721 1.8365345 1.8079505 1.8982482 2.3434507 2.4409880 2.3290055 1.9965630 2.0126959 0.4899033 0.4472242 0.0000000 0.2272366 0.2321724 2.5301548 1.9628267 2.0551034 2.4303364 2.1349625 1.7802981 1.9072891 2.1263684 2.2686838 2.2587148 2.1178653 2.0038401 1.8506207 2.1313525 2.1520973 2.6963932 2.2760309 2.9911342 
HoiH06_mRNA13950                                                   2.1868529 2.1155185 1.6112953 2.7155000 1.9600272 2.2583729 2.1987116 2.2132278 2.1731430 1.8436662 2.3694768 1.4547718 2.2249461 2.3384449 2.0913677 2.1055854 1.8023446 1.9925604 1.3700453 2.1729552 1.9915945 2.0925564 2.0165337 2.2248630 2.5118376 1.7582435 2.1515969 1.5296011 2.1159834 1.8066241 1.8714086 1.9578387 2.6171411 2.9021896 2.7786268 2.4795974 2.1455764 0.5436536 0.4068346 0.2272366 0.0000000 0.1597910 2.7883939 1.8795566 1.9683391 3.0466361 2.3615553 1.9882966 2.1291875 2.3872630 2.3059514 2.3569629 2.2991153 1.9873020 2.0157602 2.3874362 2.3528686 2.8148612 2.3169527 3.1685172 
HoiH23_PlH23_007526-RA                                             2.1436134 2.0744641 1.5949300 2.9431714 1.9933253 2.2138514 2.0481180 2.0662910 2.0452993 1.8260971 2.1716866 1.4210415 2.0119905 2.1109633 2.0699514 1.8713516 1.7836790 1.7679352 1.4182432 2.0063639 1.9056942 1.9580232 1.8578227 1.9204906 2.2742927 1.7262270 2.1040213 1.5109784 2.0718159 1.7957303 1.8373203 1.9458053 2.3890912 2.7009802 2.5569593 2.1653632 2.0457957 0.4723487 0.4074149 0.2321724 0.1597910 0.0000000 2.5678784 1.8468463 1.9571279 2.8485545 2.2312360 1.9020858 1.9073756 2.1751788 2.3395849 2.3416016 2.1664320 1.9347434 1.8227224 2.2133595 2.0934619 2.7029137 2.2623939 3.1072808 
Aque_Aqu2.1.41026_001                                              1.8873955 1.8521525 1.3414078 2.7485184 2.2160181 2.1196337 2.2664375 2.2547890 2.0157450 1.9993183 2.0801027 1.5700049 2.1681743 2.0719694 2.2067366 2.3329385 1.9188443 2.4131988 2.4565426 2.5792285 2.1095961 2.7653765 2.3544080 2.3539206 2.4503506 2.2662142 2.6237449 1.8823391 2.3208625 2.2610045 2.3214762 2.4377312 2.6452083 2.6361849 2.5393975 2.6831856 2.1828591 2.2609383 2.0823086 2.5301548 2.7883939 2.5678784 0.0000000 1.8503089 1.9273573 1.4436082 2.3625651 2.5568248 2.4089802 2.5095746 2.0212003 2.2227325 2.8838034 2.4223460 2.5771217 2.5746523 2.2733076 2.5878632 2.6580392 3.1562645 
Stycar_maker-SC_scaffold86876-augustus-gene-0.4-mRNA-1             1.0261266 1.0261266 1.1421803 1.9496766 1.6358393 1.7756616 1.4711112 1.5234728 1.4685762 1.7268470 1.8151001 1.3028495 1.3938363 1.8599550 1.3993383 1.7713793 1.3908595 1.8377283 3.6038419 1.5616039 1.3875543 1.6754760 1.8545682 1.4946092 2.0057865 1.5424187 2.4368176 1.2870102 1.6486691 1.5365036 1.6291831 1.7111118 2.1729196 2.0842684 2.0831477 1.9534029 1.5497612 1.7207258 1.7168057 1.9628267 1.8795566 1.8468463 1.8503089 0.0000000 0.0670815 1.3192308 2.3545290 2.0243216 2.1569314 2.3063505 2.0006160 2.2861068 2.4206463 1.7451275 1.7610844 1.8227265 1.7617225 2.3069317 2.0927540 2.6820355 
Stycar_maker-SC_scaffold34160-snap-gene-0.4-mRNA-1                 1.1453869 1.1453869 1.3519523 9.0000000 1.8428999 2.0092970 1.7249437 1.7604537 1.6512814 1.7850441 2.0378956 1.3646878 1.5892680 1.8724303 1.5822234 2.0688576 1.4256566 2.1913707 4.5772272 1.7834078 1.5574650 1.7837435 1.8952986 1.6518775 1.9314766 1.4655460 2.2198418 1.2940909 1.4079443 1.3547397 1.4705902 1.4845596 2.2692191 2.1443635 2.1802749 2.1295051 1.7130611 1.8901396 1.8779745 2.0551034 1.9683391 1.9571279 1.9273573 0.0670815 0.0000000 1.4479160 2.3801231 2.2141395 2.3293903 2.4512475 2.1715414 2.5645072 2.4947244 1.8824995 2.0476392 1.9035511 1.8771527 2.4834622 2.3929491 2.8320399 
Xestes_maker-XT_scaffold5663-snap-gene-0.72-mRNA-1                 1.7284884 1.6776383 1.3327865 3.2931808 1.9318209 2.1636467 1.9787725 2.0791258 2.1207172 1.9205761 2.3134665 1.4641341 2.4655149 2.0219479 2.1966288 2.5054082 1.9502801 2.4756430 3.0964605 2.3388249 1.9475299 2.7061053 2.8150251 2.4734233 2.7259692 2.5819999 3.4122217 1.9575786 2.5288026 1.9069018 2.2652956 2.1867239 2.4443147 2.9305085 2.8970559 2.5865695 2.1629631 2.5031621 2.1164129 2.4303364 3.0466361 2.8485545 1.4436082 1.3192308 1.4479160 0.0000000 3.0906989 2.8125813 2.6947765 2.5482336 2.7976171 2.5818412 3.1226949 2.4439248 2.6450360 2.7765085 2.3338317 2.6757279 3.1446001 3.9037225 
Sanmal_Sma_008847-T1                                               2.6086598 2.5710960 2.2046622 2.8981109 2.1146974 2.2607749 2.1934503 2.1395492 2.2023842 2.0731999 2.5911808 1.7500225 2.0952619 2.0803511 2.4632968 2.2725314 1.8680380 2.1608602 2.1046663 2.5883667 2.1589897 2.6853935 2.0834377 2.4053175 2.7274988 2.2412685 2.3205203 1.7413845 2.3877849 2.2369084 2.3348317 1.8709736 2.5191856 2.9193833 2.8395244 2.3048197 2.2182652 2.3558336 2.0244275 2.1349625 2.3615553 2.2312360 2.3625651 2.3545290 2.3801231 3.0906989 0.0000000 1.3294564 1.3660085 1.3945074 1.8911231 1.9396173 1.9471709 2.3777520 2.2145405 2.5727773 2.4312610 2.7499561 2.4838081 2.9535719 
Aaur_scaffold132.g6.t1                                             2.5711589 2.4647987 1.8384287 2.8532937 1.9129399 2.1541514 1.9254131 1.9681431 1.9489081 1.6706324 2.1129742 1.3969763 2.0052557 2.1160552 2.3224854 2.2418770 1.8105711 2.0744264 1.6751629 2.3094193 2.0943247 2.3122142 2.0495088 2.1667421 2.7002342 2.1266262 2.1855382 1.7387555 2.5030912 2.0266053 2.1085784 2.0025241 2.7296339 2.4670384 2.4697277 2.2358221 2.1437023 1.9330534 1.7507079 1.7802981 1.9882966 1.9020858 2.5568248 2.0243216 2.2141395 2.8125813 1.3294564 0.0000000 1.0934456 1.0388797 1.8122610 1.8403587 1.8970012 2.1825844 2.2053669 2.3061373 2.6130235 2.6985290 2.2941396 3.1784508 
Nemnom_g8710.t1                                                    2.4002488 2.3201732 1.6850567 2.5341410 1.8937727 1.9674483 2.0248774 1.9086053 1.9997071 2.0378179 2.4252788 1.5171181 1.9342216 2.0047999 2.1941100 2.2192467 1.7602875 2.0644261 1.7175855 2.3504871 1.9962943 2.2272954 1.8419393 2.2446018 2.3224074 2.3465355 2.4869208 1.5947864 2.2889021 1.8374973 2.0999447 1.7873186 2.1548767 2.2149610 2.1399233 1.9375022 2.1984050 2.1001651 1.9839843 1.9072891 2.1291875 1.9073756 2.4089802 2.1569314 2.3293903 2.6947765 1.3660085 1.0934456 0.0000000 0.3872271 1.7218242 1.8090053 1.9207103 2.1865360 2.4623641 2.5139303 2.6235515 2.7756977 2.3368094 3.3204751 
Rhoesc_Res_003001-T1                                               2.4322378 2.3769234 1.7966110 3.0546820 1.8910557 2.0256591 2.0066724 1.9102025 1.9558922 2.0081550 2.2841567 1.7987034 1.9718866 2.0049767 2.3940785 2.3219502 1.8963583 2.1989153 1.7420559 2.3729492 2.1871396 2.4650508 1.8807322 2.4610028 2.3814923 2.4359251 2.4960977 1.7000497 2.5085734 2.0733527 2.2763932 1.6066452 2.2118570 2.2542764 2.2191987 2.1064860 2.2449688 2.1723384 2.0959335 2.1263684 2.3872630 2.1751788 2.5095746 2.3063505 2.4512475 2.5482336 1.3945074 1.0388797 0.3872271 0.0000000 1.8490585 1.9378613 2.0183567 2.1816120 2.4246596 2.7197313 2.7261906 2.8700376 2.3110577 3.1579689 
Hvul_g30401_1                                                      2.3536135 2.3394352 2.1172996 2.9843984 1.8647748 1.8311399 1.9892860 1.9871394 1.9498288 1.9597371 2.2147698 1.6873380 2.0976781 2.0969283 2.1361344 2.2639315 2.3025853 2.4128907 2.3210735 2.3743193 2.3864837 2.4603109 1.8903643 1.8427974 2.5774979 2.3660183 2.6652834 1.7340835 2.6314219 2.4002333 2.2329228 2.4893395 2.5908362 2.9695113 2.8216614 2.1630631 2.1239897 2.2960171 2.1854150 2.2686838 2.3059514 2.3395849 2.0212003 2.0006160 2.1715414 2.7976171 1.8911231 1.8122610 1.7218242 1.8490585 0.0000000 1.4283307 1.9138900 2.4033185 2.4008511 2.7592468 2.4551877 2.7966502 2.3874297 3.0077222 
Chem_TCONS_00071308                                                2.3555046 2.3376372 1.7280863 2.3587467 1.9048687 2.0644412 1.8693361 1.9013893 1.9137925 1.8685769 2.3194615 1.4189095 2.2076574 2.0809103 2.5209458 2.3080294 1.9068559 2.3702054 2.1695580 2.2264677 2.1567669 2.3434065 1.9600001 2.6406847 2.4551427 2.1039469 2.3023871 1.6056692 2.2435720 2.2529243 2.1334106 2.1381948 2.3726799 3.0079854 2.9783631 2.7316610 2.2710778 2.4003625 2.1677849 2.2587148 2.3569629 2.3416016 2.2227325 2.2861068 2.5645072 2.5818412 1.9396173 1.8403587 1.8090053 1.9378613 1.4283307 0.0000000 1.9872404 2.3915341 2.1672886 2.3608044 2.6218618 2.8512818 2.0852668 3.6304911 
Morvir_scaffold342.g11.t1                                          2.6476116 2.5453460 1.6665621 2.6901350 2.0111334 1.9979709 2.0595988 1.9932985 2.1788339 1.9317261 2.4396173 1.4641195 2.6933788 2.3500131 2.6355983 2.3810631 2.0203296 2.3063276 2.4182603 2.1499208 2.1193603 2.5351001 2.1318602 2.2946105 2.7662524 2.3587331 2.7246712 1.7210770 2.3985111 2.5099675 2.2963662 2.1008896 2.8598980 3.0057550 2.9443304 2.5948109 2.2915267 2.3987063 2.1012355 2.1178653 2.2991153 2.1664320 2.8838034 2.4206463 2.4947244 3.1226949 1.9471709 1.8970012 1.9207103 2.0183567 1.9138900 1.9872404 0.0000000 2.4130680 2.5007268 2.7675653 2.6596212 2.8003943 2.6342308 2.8952499 
Opea_EP00118_Oscarella_pearsei_P002663                             2.2380291 2.2021574 2.3805645 2.5409997 1.6910741 1.6594673 1.7299198 1.7281009 1.7688534 1.8594348 1.9780195 1.4451242 1.7637087 2.0733281 1.8952155 2.3210160 1.7163907 1.9106159 2.2714123 2.0933620 2.1396063 2.0060180 2.0966180 2.1610237 2.6628161 2.0221001 2.4665418 1.7691987 2.3515961 2.0449089 2.0340045 2.0194310 2.8786260 2.8933521 2.8072784 2.4134457 2.4862097 2.0708266 1.8927428 2.0038401 1.9873020 1.9347434 2.4223460 1.7451275 1.8824995 2.4439248 2.3777520 2.1825844 2.1865360 2.1816120 2.4033185 2.3915341 2.4130680 0.0000000 2.3428539 2.4211258 1.6876451 2.7712944 2.6790142 3.2589572 
Cscu_XM_023368035.1                                                2.1379751 2.1289159 1.5339708 1.9247836 1.9202499 2.1518846 1.8965064 1.9231965 1.9777951 1.6706540 1.8122293 1.4185743 1.6377355 1.8103742 1.8929300 1.8508075 1.4764206 1.7839109 1.0072225 1.9598582 1.8243767 2.0377482 1.8477044 2.0970376 2.2530184 1.7076451 1.9714230 1.4999255 1.6952633 1.5067089 2.0494893 1.7873609 2.3494950 2.5266142 2.4379439 2.1222687 1.9677724 1.8548913 1.7238482 1.8506207 2.0157602 1.8227224 2.5771217 1.7610844 2.0476392 2.6450360 2.2145405 2.2053669 2.4623641 2.4246596 2.4008511 2.1672886 2.5007268 2.3428539 0.0000000 2.3606858 2.3107328 1.8937650 2.0508107 3.4089911 
Cgig_XM_034465376.1                                                2.3878140 2.2835581 2.2097695 3.2810133 2.2305436 2.2580193 2.0616084 2.0115330 2.1329159 2.1471098 2.3780432 1.6734796 2.0638813 2.0009421 1.7498742 2.0561064 1.7461473 2.0719989 1.9751658 2.0852974 1.7219569 2.1152025 2.3705262 2.3185412 2.4205219 1.9035190 2.3037462 1.5977620 2.0552062 1.8119346 2.2895901 2.0350916 2.3255089 2.7118325 2.5669350 2.1537200 1.6836226 2.2134378 2.0475719 2.1313525 2.3874362 2.2133595 2.5746523 1.8227265 1.9035511 2.7765085 2.5727773 2.3061373 2.5139303 2.7197313 2.7592468 2.3608044 2.7675653 2.4211258 2.3606858 0.0000000 2.3186317 2.9061421 2.7947200 3.0067337 
Plajan_Pjan_C567978_01                                             1.8560087 1.8325575 1.6284642 1.5264850 1.8835677 1.8787730 1.8092504 2.0107319 1.7372400 1.7220198 1.9852603 1.5049123 1.8924331 2.3972365 2.0201251 2.0153280 1.6182364 1.9835099 1.4718752 1.8669932 1.9205817 2.3947214 2.1008413 2.0800014 1.9397377 1.6428212 2.0699985 1.6461510 1.7775124 1.6904639 2.0950553 1.8844900 2.5719875 2.6990042 2.5179216 2.2636022 2.3022139 2.0857039 1.8956529 2.1520973 2.3528686 2.0934619 2.2733076 1.7617225 1.8771527 2.3338317 2.4312610 2.6130235 2.6235515 2.7261906 2.4551877 2.6218618 2.6596212 1.6876451 2.3107328 2.3186317 0.0000000 2.7450337 2.7689003 3.3585407 
Dpul_mRNA7161                                                      2.4568047 2.4190721 1.8474854 5.1991874 2.1174060 2.2220231 2.3146612 2.0598557 2.0931793 2.1124847 2.3951297 1.6649349 2.2969931 2.4253468 2.1174710 2.3274269 1.8922254 2.3802225 1.9874523 2.1727548 2.2791380 2.3149414 2.7000508 2.7112018 2.9490109 2.5440328 3.0110575 1.7257359 2.3386902 2.5134225 2.0274809 2.4219989 2.8888290 3.4372421 3.2639019 2.3217855 2.3862827 2.8394035 2.6939564 2.6963932 2.8148612 2.7029137 2.5878632 2.3069317 2.4834622 2.6757279 2.7499561 2.6985290 2.7756977 2.8700376 2.7966502 2.8512818 2.8003943 2.7712944 1.8937650 2.9061421 2.7450337 0.0000000 2.7351650 2.4631876 
Tcas_TC011859_001                                                  2.1517286 2.1059924 1.5045417 2.1817536 1.8069787 1.9909181 1.9381964 1.8793774 2.0822336 1.9738351 2.1484107 1.5184027 2.0477855 1.8776057 2.3200750 2.0777471 1.6578582 2.1444207 1.4419723 2.3479755 2.2768092 2.2018711 2.1498446 2.5335766 2.6617762 2.0635991 2.1960754 1.5919577 2.0142069 1.6629894 1.8705253 1.7660843 2.4109315 2.3577621 2.3126357 2.6167844 2.3493957 2.2796761 2.1663896 2.2760309 2.3169527 2.2623939 2.6580392 2.0927540 2.3929491 3.1446001 2.4838081 2.2941396 2.3368094 2.3110577 2.3874297 2.0852668 2.6342308 2.6790142 2.0508107 2.7947200 2.7689003 2.7351650 0.0000000 3.5988782 
