79
Lcom_lcpid131758                                  0.0000000 0.2844918 0.2844918 0.2953175 0.3124519 0.8763701 1.4200685 1.2919740 1.4759522 1.3221761 1.3036122 1.1063418 1.4426523 1.2689747 1.1396597 1.2795062 1.2077657 0.7073484 1.3723411 1.4177502 1.1040142 1.0813993 1.1907380 1.1907380 1.3250047 1.3396193 1.0371692 1.3038272 1.0664904 1.2344988 1.2672435 1.2956291 1.1566468 1.2165329 1.2244032 1.2454188 1.2454188 1.1969670 1.1767395 1.1927321 1.1693692 1.2741665 1.2631165 1.2165148 1.2627782 1.2033381 1.2102035 1.1642564 1.4698645 1.4717510 1.3667097 1.3969527 1.3911080 1.3897763 1.4575776 1.3161384 1.4463596 1.6217726 1.7242087 1.7242087 2.1700141 1.5965218 1.8566096 1.6042234 1.5994767 1.7900985 1.6761070 1.5809382 1.6536600 1.5850882 1.7065240 1.6190977 1.6193473 1.6193473 1.6016071 1.6016071 1.8997089 1.7252614 1.0865482 
Gracom_Gcom_scaffold11713_01                      0.2844918 0.0000000 0.0207541 0.4391062 0.3897398 0.7418867 1.9649056 2.6088747 1.6350707 1.6226826 1.6320164 1.2258447 1.6827918 1.5671254 1.5752170 1.6328510 1.6759115 1.5370330 1.6498165 1.5425147 1.5598778 1.1138632 1.6532730 1.5079853 1.6797263 1.5455173 0.9263849 1.6252260 1.1267493 1.5522042 1.7507038 1.8239300 1.1364497 1.4712327 1.4705165 1.4422544 1.8791128 1.2161885 1.0760350 1.5841819 1.5901495 1.4162929 1.4696836 1.4213590 1.4645531 1.4993531 1.5149206 1.5005184 1.6576784 1.6046549 1.6220991 1.6221001 1.4203680 1.6801761 1.8183936 1.5999029 1.3479228 2.1333035 2.1020567 1.8751739 2.8965523 2.0260984 2.7333326 1.7950654 2.1578910 2.2304827 1.8301430 2.0756951 1.9640562 2.6480981 2.0061996 2.1836715 2.0817908 2.1160697 2.1243956 2.0973924 2.6199594 2.1835931 1.4577125 
Gracom_Gcom_scaffold11714_01                      0.2844918 0.0207541 0.0000000 0.4554000 0.4105444 0.7418867 1.9649056 2.6088747 1.6638679 1.6226826 1.6579792 1.2258447 1.7034429 1.6259394 1.6374907 1.6630230 1.7166706 1.5370330 1.6699411 1.6144304 1.5316153 1.1138632 1.6886811 1.5079853 1.7408873 1.5449641 0.9263849 1.6912133 1.1267493 1.6017730 1.8149150 1.8543521 1.1364497 1.4988613 1.4979261 1.4698733 1.9108157 1.2161885 1.0760350 1.6316386 1.6383919 1.4435697 1.5169982 1.4905395 1.5297555 1.5448727 1.5890878 1.5739732 1.7208649 1.6050798 1.6843554 1.6353892 1.4203680 1.7815992 1.8516660 1.6219422 1.3479228 2.1716049 2.0920067 1.8734765 2.8965523 2.0260984 2.7333326 1.7950654 2.2069811 2.2304827 1.8301430 2.1150547 1.9615905 2.7113405 2.0061996 2.2214483 2.1722785 2.1595923 2.1243956 2.0973924 2.6199594 2.1835931 1.4577125 
Leuniv_Lniv_scaffold24110_01                      0.2953175 0.4391062 0.4554000 0.0000000 0.3983791 0.7367439 1.7544473 2.3604736 1.7645358 1.6393535 1.6664230 1.2640789 1.7982021 1.6794079 1.5612174 1.5983004 1.6415306 1.6151101 1.7691407 1.7293529 1.6794567 1.1690099 1.7301363 1.6084924 1.8270689 1.6176553 1.0097819 1.7603722 1.0266768 1.7166377 1.9570093 1.9614422 1.1216520 1.4472799 1.4530978 1.5182518 1.9470497 1.2632491 1.1401178 1.6632079 1.6288556 1.5433979 1.5869633 1.4678259 1.5764428 1.4923068 1.5452314 1.6922467 1.8092816 1.7465985 1.7763518 1.7588015 1.4982738 1.9176283 1.8462991 1.6976918 1.4114495 2.1712748 2.0947098 1.9021258 3.0130028 2.0729900 2.8867398 1.8233262 2.2006070 2.3442529 1.8610900 2.0946459 1.9839151 2.8402307 1.9618216 2.0110266 2.0404869 1.9430409 2.1567750 2.1299326 2.7133226 2.3112186 1.5604364 
Scil_scict017226.1                                0.3124519 0.3897398 0.4105444 0.3983791 0.0000000 0.7636064 1.7222115 2.4745555 1.6007294 1.6381940 1.4911573 1.1991879 1.7015132 1.5314073 1.5156421 1.4953272 1.4810985 1.6006353 1.6431583 1.5594609 1.6753371 1.1602547 1.6228139 1.6257900 1.7178117 1.6453099 1.0073251 1.6970624 1.1344773 1.5549004 1.8230163 1.7944244 1.1869680 1.3991091 1.4459623 1.4609640 1.8335788 1.2743365 1.1417951 1.5427900 1.5347145 1.5180147 1.5436879 1.4570541 1.6128201 1.5872582 1.5613909 1.5703314 1.6655415 1.7340180 1.6046741 1.6909818 1.4033850 1.8343786 1.7369088 1.6020685 1.4247200 1.9530060 2.1457069 1.9619058 3.0804146 2.0998530 2.8239434 1.8422239 2.0535926 2.2519328 1.8813450 2.1693676 1.9966992 2.5373274 2.0127134 2.1536726 2.1673927 2.0489235 2.1066293 2.0799458 2.5403064 2.1879894 1.3974166 
Clacor_Ccor_scaffold3934_01                       0.8763701 0.7418867 0.7418867 0.7367439 0.7636064 0.0000000 1.6587107 1.4010250 1.2179730 1.2642542 1.1820023 1.2079059 1.2127583 1.0646417 1.0272784 1.0749996 1.0052533 0.7501432 1.2009446 1.0282473 1.1073272 1.0304262 1.1521339 1.1521339 1.4280059 1.2879541 0.8366042 1.2367500 1.3608134 1.0085653 1.0234537 0.9444905 1.3688213 0.9119242 0.8977879 0.9021134 0.9021134 0.7049842 0.8459236 0.9299308 0.9457975 1.0015552 1.0466386 1.0197436 1.0630987 1.0353150 1.0427454 1.0078052 1.1644269 1.1257955 1.1355351 1.1525111 1.0967284 1.1269793 1.1376493 1.2839080 1.1995975 1.6053085 1.6460523 1.6460523 2.9323995 1.4683784 2.5173807 1.5022021 1.5301449 1.9361739 1.5237242 1.6092538 1.5418162 1.6243939 1.4732344 1.3642650 1.3547990 1.3547990 1.4782807 1.4782807 2.0413045 1.7283667 1.5534901 
Lcom_lcpid108366                                  1.4200685 1.9649056 1.9649056 1.7544473 1.7222115 1.6587107 0.0000000 2.4486933 0.2785855 0.4017396 0.2791094 0.4827494 0.3972963 0.4811223 0.5315915 0.6766853 0.8752098 0.0000010 0.8013060 1.3234570 1.2867878 1.2625950 1.1777764 1.1777764 1.5915760 1.2299097 0.0000010 1.6609082 1.4618254 1.0418832 1.0418832 1.2337727 1.2524815 1.3486820 1.2905075 1.2475332 1.2475332 2.0778913 1.2449533 1.0272092 1.1748281 1.2838059 1.4274539 1.9012380 1.6933589 1.7700007 1.8207417 1.2906762 1.1235004 1.1272408 1.0946196 1.0946196 1.1440154 1.0533697 2.0811409 1.8479024 1.4943698 1.5614257 1.8838754 1.8838754 1.8838754 1.8821748 1.8821748 1.8821748 1.8865872 1.8865872 1.5336187 1.6601271 1.4971221 1.4835170 1.7917372 1.4378891 1.4050675 1.4050675 1.2578873 1.2578873 1.2578873 1.2578873 0.3795366 
Lcom_lcpid243868                                  1.2919740 2.6088747 2.6088747 2.3604736 2.4745555 1.4010250 2.4486933 0.0000000 0.4410421 0.3919836 0.4268552 0.7354499 0.5913212 0.5124750 0.5883895 0.6627986 0.6804965 0.0000010 0.8321174 1.0062970 1.4027218 1.4027218 1.3908429 1.3908429 2.3221471 1.4358061 1.0150514 1.8118072 3.0169529 1.3683269 1.3683269 1.5908168 2.8861331 1.4420358 1.4501410 1.5399724 1.5399724 0.8380457 1.4450758 1.6468079 1.4901148 1.6032656 1.7092239 1.2220933 1.1805009 1.1641457 1.2033212 1.2178136 1.6410425 1.6207723 1.6025584 1.6865910 1.7742010 1.6391031 1.4065315 1.5332162 1.8320320 2.0085230 2.3090199 2.3090199 3.1050439 2.1252762 2.8897651 2.1252762 1.9915007 1.9915007 1.8374815 1.8356080 1.9140649 2.0002382 2.0350987 2.0639651 2.0367195 2.0367195 1.8446549 1.8446549 1.8446549 1.8446549 2.3859488 
Cgig_XM_011433849.3                               1.4759522 1.6350707 1.6638679 1.7645358 1.6007294 1.2179730 0.2785855 0.4410421 0.0000000 0.2613110 0.3538747 0.4680201 0.5398731 0.5506429 0.6361342 0.6667513 0.6137122 0.6620779 0.7420899 0.8503876 1.3150050 1.0493853 1.2437108 1.2535945 1.4978177 1.3560260 1.0184150 1.3743835 1.3344960 1.3036943 1.5639797 1.4035424 1.2032156 1.0646635 1.0843029 1.1136509 1.4960467 0.9240230 0.9774596 1.1857791 1.2055495 1.1905046 1.2232619 1.2909225 1.3275092 1.3359124 1.3309920 1.2685371 1.2509051 1.2970801 1.2341898 1.2961729 1.1978496 1.3922910 1.3933747 1.3064034 1.4500833 1.3725934 1.4263193 1.3736166 2.0646676 1.3936930 2.0626315 1.3014612 1.3994427 1.5772920 1.1959335 1.3659961 1.2757475 1.8161187 1.3317842 1.3799532 1.3706463 1.2738081 1.3338241 1.3338241 1.3424111 1.1995976 0.1805618 
Ctel_gnl_WGS_AMQN_CAPTEDRAFT_mRNA148377           1.3221761 1.6226826 1.6226826 1.6393535 1.6381940 1.2642542 0.4017396 0.3919836 0.2613110 0.0000000 0.2808898 0.4345076 0.3605304 0.3715832 0.4375847 0.4695201 0.5572189 0.0000010 0.6130179 0.7179815 1.0294030 1.0376122 1.0555450 1.0555450 1.6343450 1.3107483 1.0648432 1.5368627 1.4988941 1.0224458 1.0324272 1.2121283 1.4193452 1.1388629 1.1253542 1.1578730 1.1578730 0.9105377 1.1481313 1.1296238 1.1101974 1.2797079 1.3739704 1.4272279 1.4189084 1.3850129 1.3907658 1.3000130 1.1612237 1.1735123 1.1453420 1.1672822 1.2542765 1.1519246 1.5161417 1.4223875 1.4759162 1.3586197 1.4471802 1.4471802 1.9388258 1.4344913 2.0029068 1.4415483 1.4138363 1.5359049 1.2895194 1.3907478 1.2838158 1.3351393 1.4960525 1.3019005 1.2886549 1.2886549 1.1629253 1.1629253 1.3685013 1.1629253 0.2656246 
Acagra_model.g28644.t1                            1.3036122 1.6320164 1.6579792 1.6664230 1.4911573 1.1820023 0.2791094 0.4268552 0.3538747 0.2808898 0.0000000 0.4070571 0.4646442 0.4350967 0.4945871 0.5239723 0.5190566 0.4790098 0.7461248 0.7233207 1.1850681 0.9095600 1.0870069 1.1220037 1.3357270 1.2102048 0.9084288 1.2645184 1.2732364 1.1020438 1.5753447 1.2467523 1.0985689 0.9554802 0.9796583 0.9717664 1.3151281 0.8185692 0.9011952 1.0451886 1.0779979 1.0742406 1.0840291 1.2136015 1.2327143 1.2372984 1.2008758 1.1449903 1.1368242 1.1753450 1.1207038 1.1766583 1.1851908 1.2793739 1.2219707 1.1501356 1.4340263 1.2718071 1.4149670 1.3479427 2.0451986 1.4163218 2.0731595 1.3241780 1.3561974 1.6248340 1.1533171 1.3285199 1.1996260 1.7860625 1.3169765 1.3353571 1.2972986 1.1981003 1.3334584 1.3334584 1.3892870 1.2058506 0.1217811 
Dpul_mRNA6893                                     1.1063418 1.2258447 1.2258447 1.2640789 1.1991879 1.2079059 0.4827494 0.7354499 0.4680201 0.4345076 0.4070571 0.0000000 0.4250203 0.4441133 0.4940340 0.5649311 0.5525955 0.3123097 0.6617070 0.6346707 1.0943584 1.0087277 1.1209652 1.1209652 1.3475173 1.1594459 0.9869382 1.2781093 1.2838206 1.0248252 1.0323629 0.9332309 1.0591530 0.9121864 0.9037995 0.8855548 0.8855548 0.7704597 0.9036331 0.9159066 0.9784641 0.9928606 1.0105940 1.0527205 1.0687475 1.0500128 1.0776364 0.9520213 1.2529965 1.2542950 1.2043183 1.2214103 1.3182221 1.1968646 1.0996824 1.0653194 1.3629379 1.1252404 1.1729203 1.1729203 1.8428739 1.1487475 1.8184898 1.2069585 1.1574109 1.3714818 1.1181728 1.1015181 1.0810405 1.2747899 1.1136863 1.0153814 1.0081955 1.0081955 0.9443830 0.9443830 1.1110206 1.0330078 0.3986589 
Tcas_TC014444_001                                 1.4426523 1.6827918 1.7034429 1.7982021 1.7015132 1.2127583 0.3972963 0.5913212 0.5398731 0.3605304 0.4646442 0.4250203 0.0000000 0.5203911 0.5959617 0.7091495 0.6684200 0.7659640 0.7682832 0.8804115 1.3663888 1.0326388 1.2732362 1.2703912 1.5192812 1.4668565 1.0313531 1.4626306 1.3804459 1.2915197 1.6187224 1.4249572 1.2404540 1.1148456 1.1249483 1.1392354 1.5456617 0.9550908 1.0100582 1.1956104 1.2310047 1.1785016 1.2120081 1.2748388 1.2720637 1.2516848 1.2650068 1.2252027 1.3107449 1.3444974 1.2475057 1.2988732 1.2072693 1.4571376 1.3417359 1.2668337 1.4795573 1.1456699 1.2766383 1.2047826 1.8753318 1.2849011 1.8724557 1.1753694 1.2804417 1.4194633 1.0829592 1.1883680 1.1550538 1.6837666 1.2495238 1.2866290 1.2042356 1.1297840 1.2112122 1.2055375 1.1933379 1.0797723 0.2650292 
Cscu_XM_023364235.1                               1.2689747 1.5671254 1.6259394 1.6794079 1.5314073 1.0646417 0.4811223 0.5124750 0.5506429 0.3715832 0.4350967 0.4441133 0.5203911 0.0000000 0.5798407 0.6750533 0.5837821 0.7473002 0.7350213 0.7776300 1.2092682 0.8536868 1.1365552 1.0797271 1.3718695 1.2924992 0.8075300 1.2518580 1.2384429 1.2294438 1.6369390 1.4726988 1.0925855 1.1550583 1.1655683 1.1848315 1.5668053 0.9362728 0.9851156 1.1859366 1.2189142 1.2031639 1.2048340 1.2197408 1.2587374 1.2415333 1.2489183 1.1230037 1.1839169 1.1776119 1.1127945 1.1500333 1.1790827 1.2998157 1.2262301 1.1916703 1.5073837 1.2228337 1.2496232 1.1818274 1.8069642 1.2812130 1.8122709 1.1707960 1.2307997 1.3729345 1.0583175 1.1984343 1.1491136 1.8817476 1.1751395 1.2441832 1.1972440 1.1300406 1.2178773 1.1960223 1.2467292 1.0769429 0.3718917 
Hsap_ENST00000253363                              1.1396597 1.5752170 1.6374907 1.5612174 1.5156421 1.0272784 0.5315915 0.5883895 0.6361342 0.4375847 0.4945871 0.4940340 0.5959617 0.5798407 0.0000000 0.5862474 0.4991911 0.8528799 0.7757460 0.5119083 1.1923986 0.9384567 1.1265144 1.1380192 1.4968268 1.2492663 0.8071418 1.3503529 1.2709130 1.0510517 1.3601018 1.2590878 1.2328763 0.9210616 0.9502332 0.9005344 1.2217574 0.6697379 0.7938105 0.9862780 0.9809405 1.0156222 1.0148609 1.1293469 1.2120538 1.1935290 1.1667631 1.1331110 1.2073612 1.2405239 1.1906591 1.2595214 1.1582358 1.3448116 1.1976987 1.1853647 1.4348087 1.1068298 1.2205360 1.2007141 1.9768511 1.2174329 1.9845887 1.1232528 1.2078071 1.4347246 1.0274250 1.1835133 1.1104738 1.7428743 1.1515842 1.2048999 1.1925357 1.0969177 1.1296587 1.1296587 1.2234110 1.0764383 0.3811352 
Skow_XM_006825964.1                               1.2795062 1.6328510 1.6630230 1.5983004 1.4953272 1.0749996 0.6766853 0.6627986 0.6667513 0.4695201 0.5239723 0.5649311 0.7091495 0.6750533 0.5862474 0.0000000 0.5345719 0.8469662 0.6931932 0.7558875 1.2560704 0.9596665 1.1543403 1.1414896 1.3753663 1.2444928 0.8373673 1.2908891 1.2892148 1.1144971 1.4852658 1.2452713 1.1265799 0.8524329 0.8688836 0.8831154 1.2515296 0.7622753 0.7747223 0.9301943 0.9445800 1.0357423 1.0430955 1.1653654 1.1191793 1.1332849 1.1303492 1.0474415 1.2757847 1.2929652 1.2333006 1.2858373 1.1283927 1.3105213 1.2702302 1.2807858 1.3185917 1.2573245 1.3432940 1.2784118 2.1634510 1.2693989 1.9746113 1.1699977 1.2650829 1.5273940 1.0804265 1.2608117 1.2059670 1.9163052 1.2226646 1.3800251 1.3722479 1.2699133 1.2926226 1.2926226 1.4584213 1.2642523 0.6067701 
Bralan_BLAG07000853_1                             1.2077657 1.6759115 1.7166706 1.6415306 1.4810985 1.0052533 0.8752098 0.6804965 0.6137122 0.5572189 0.5190566 0.5525955 0.6684200 0.5837821 0.4991911 0.5345719 0.0000000 0.8801359 0.7018256 0.7011165 1.2538621 0.9333085 1.1343575 1.1822121 1.4688026 1.3219646 0.8510882 1.3922316 1.2905789 1.1713137 1.5807512 1.3406835 1.1870010 0.9791240 0.9898540 0.9886332 1.3249852 0.8607101 0.8784554 1.0267076 1.0522940 1.1557131 1.1880242 1.1458284 1.1919025 1.1997753 1.1749248 1.1062392 1.2401196 1.2557465 1.1960767 1.2559111 1.1587066 1.3141439 1.1745988 1.1365252 1.3713227 1.2318309 1.4446018 1.3152626 2.1193332 1.3780257 1.8941900 1.1965787 1.3322198 1.4009591 1.1045159 1.2254136 1.2692075 1.8130876 1.2158263 1.2750290 1.2645264 1.1708394 1.3054033 1.2869357 1.2990435 1.1439353 0.5735499 
Lcom_lcpid169203                                  0.7073484 1.5370330 1.5370330 1.6151101 1.6006353 0.7501432 0.0000010 0.0000010 0.6620779 0.0000010 0.4790098 0.3123097 0.7659640 0.7473002 0.8528799 0.8469662 0.8801359 0.0000000 1.0049984 0.8658993 1.4043412 0.6756098 1.3097234 1.4944124 1.3250554 1.5926276 0.9669604 1.4738478 0.0000010 1.1890807 2.0940843 2.0037987 0.0000010 0.9923631 1.0831000 1.0140497 2.2326065 0.7581724 0.5954155 1.1859162 1.3115007 1.0680325 1.0538433 1.4476571 1.4003945 1.4387967 1.4680475 1.2883786 1.1751989 1.1753824 1.1419025 1.1419025 1.1874074 1.2768834 1.3456345 1.0292530 0.6670566 1.0647846 1.0007095 0.7959551 0.0000010 1.1103463 0.6149328 0.8305950 1.1030630 0.0000010 0.6685112 0.9909072 1.0591824 2.6138287 1.2175134 1.1333689 1.1363698 1.1363698 1.4092445 1.4092445 0.0000010 0.0000010 0.0000010 
Spur_XM_001198098.4                               1.3723411 1.6498165 1.6699411 1.7691407 1.6431583 1.2009446 0.8013060 0.8321174 0.7420899 0.6130179 0.7461248 0.6617070 0.7682832 0.7350213 0.7757460 0.6931932 0.7018256 1.0049984 0.0000000 0.9361102 1.2066690 0.9132388 1.1176262 1.1239988 1.5042016 1.3602717 1.0375908 1.3667517 0.9325051 1.2525251 1.6522418 1.4293567 1.0070653 1.1423871 1.1603664 1.1115901 1.5225053 0.9615138 0.9408792 1.1725744 1.1359298 1.2396139 1.1971483 1.0975108 1.1187392 1.0732285 1.1034080 1.1428450 1.3971796 1.3824944 1.3625232 1.3972477 1.1529928 1.4656876 1.1553046 1.2149656 1.2896696 1.4012954 1.4595470 1.3817766 2.0190819 1.4086520 1.9638472 1.2430067 1.3939563 1.4413761 1.1707652 1.3983320 1.2688612 1.9394563 1.3433630 1.5280677 1.4839581 1.3599098 1.3565879 1.3565879 1.2283063 1.1427955 0.5666852 
Hsap_ENST00000359890                              1.4177502 1.5425147 1.6144304 1.7293529 1.5594609 1.0282473 1.3234570 1.0062970 0.8503876 0.7179815 0.7233207 0.6346707 0.8804115 0.7776300 0.5119083 0.7558875 0.7011165 0.8658993 0.9361102 0.0000000 1.5304836 1.0377705 1.3146231 1.3011671 1.4800699 1.3531448 0.8236513 1.3412420 1.6990647 1.2921893 1.8727599 1.4597097 2.3867519 1.0836118 1.1138008 1.0889336 1.5446996 0.8109753 0.8640215 1.2790332 1.2823343 1.0976439 1.1010712 1.2674242 1.2601652 1.2462953 1.2338239 1.2559719 1.4336467 1.4570309 1.4482433 1.5238730 1.3347196 1.6090872 1.3273068 1.1399342 2.0323739 1.2928167 1.3220068 1.2464973 3.2430853 1.2657476 2.7585038 1.1066933 1.2592780 1.5402574 1.0683109 1.2677246 1.1998257 2.0485404 1.2474138 1.5526700 1.4720841 1.3528344 1.2853161 1.2853161 1.6539238 1.2892998 0.3691933 
Emue_Em0018g685a.t1                               1.1040142 1.5598778 1.5316153 1.6794567 1.6753371 1.1073272 1.2867878 1.4027218 1.3150050 1.0294030 1.1850681 1.0943584 1.3663888 1.2092682 1.1923986 1.2560704 1.2538621 1.4043412 1.2066690 1.5304836 0.0000000 0.0079441 0.1325866 0.0877171 1.0213318 0.7181862 0.5279164 0.9813311 0.6182431 1.1962064 1.4930953 1.6592720 1.1310612 1.3531971 1.3660940 1.2675256 1.7365411 1.2409345 1.1087418 1.4495414 1.3995750 1.3094573 1.3641977 1.4500199 1.4225599 1.4078083 1.3803484 1.2321570 1.3180842 1.2470980 1.2687946 1.2393973 1.1586209 1.3287269 1.4853289 1.4232285 0.9076420 1.5774699 1.4353671 1.3368870 1.9914807 1.5196219 2.1032308 1.3357838 1.5499282 1.6767214 1.2942158 1.6029367 1.4434068 2.2733500 1.4814571 1.4435396 1.4861540 1.5260146 1.4964648 1.5112585 1.8131569 1.5007465 1.0209006 
Emue_Em0018g691a.t1                               1.0813993 1.1138632 1.1138632 1.1690099 1.1602547 1.0304262 1.2625950 1.4027218 1.0493853 1.0376122 0.9095600 1.0087277 1.0326388 0.8536868 0.9384567 0.9596665 0.9333085 0.6756098 0.9132388 1.0377705 0.0079441 0.0000000 0.0724109 0.0724109 0.7917077 0.6787766 0.4743650 0.7339690 0.6060322 0.8257909 0.8502569 1.0679779 1.1092306 1.0763659 1.0553691 1.0037270 1.0037270 0.9906946 1.0127085 1.0709544 1.0477930 1.1420415 1.2041487 1.1007384 1.1012188 1.1282968 1.1145803 0.9777964 1.0239141 1.0039743 0.9824918 0.9867307 1.1022950 0.9983003 1.1629803 1.1570896 0.9069903 1.5023385 1.4249143 1.4249143 1.9860407 1.4385315 2.1191858 1.4637290 1.4453217 1.6669241 1.4118702 1.5111600 1.4389491 1.5042225 1.4895302 1.3791671 1.3814849 1.3814849 1.3794487 1.3794487 1.7681517 1.4725167 1.0209006 
Spolac_c104420_g2_i2_m.40330c104420-g2            1.1907380 1.6532730 1.6886811 1.7301363 1.6228139 1.1521339 1.1777764 1.3908429 1.2437108 1.0555450 1.0870069 1.1209652 1.2732362 1.1365552 1.1265144 1.1543403 1.1343575 1.3097234 1.1176262 1.3146231 0.1325866 0.0724109 0.0000000 0.0000010 0.9314652 0.6925905 0.5274335 0.9091349 0.6422559 1.1677666 1.5155863 1.5892881 1.0086615 1.2749152 1.2994974 1.2254115 1.5941379 1.2922416 1.1213873 1.3821760 1.3572374 1.2352849 1.2524832 1.3674836 1.3498337 1.3097068 1.2796834 1.3334835 1.2455969 1.2444059 1.2237527 1.2704584 1.1743534 1.3307219 1.4572068 1.3494895 0.9060395 1.4679010 1.4858248 1.4008741 2.0972039 1.5010869 2.0200496 1.3147470 1.4819611 1.6613158 1.2750768 1.4804256 1.4152620 2.0852502 1.4344111 1.4979017 1.5259682 1.4331291 1.5001281 1.5149199 1.7726252 1.4856050 1.0030828 
Spolac_c104420_g2_i3_m.40334c104420-g2            1.1907380 1.5079853 1.5079853 1.6084924 1.6257900 1.1521339 1.1777764 1.3908429 1.2535945 1.0555450 1.1220037 1.1209652 1.2703912 1.0797271 1.1380192 1.1414896 1.1822121 1.4944124 1.1239988 1.3011671 0.0877171 0.0724109 0.0000010 0.0000000 0.8925032 0.6750675 0.5274335 0.8645948 0.6422559 1.0876388 1.1226539 1.4485138 1.0086615 1.3011487 1.2941710 1.2510522 1.4164928 1.2922416 1.1213873 1.3857678 1.3511081 1.2936685 1.3021864 1.4510647 1.3754167 1.3804237 1.3526981 1.2316871 1.1680656 1.1496136 1.1571127 1.1606059 1.1743534 1.1452132 1.5051577 1.4141615 0.9060395 1.4753129 1.4370537 1.3562596 2.0972039 1.4279543 2.0200496 1.3147470 1.4665333 1.6613158 1.2750768 1.4339023 1.3931732 1.8678536 1.4344111 1.4015754 1.4032055 1.4032055 1.4342928 1.4485150 1.7726252 1.4856050 1.0030828 
Aque_Aqu2.1.40886_001                             1.3250047 1.6797263 1.7408873 1.8270689 1.7178117 1.4280059 1.5915760 2.3221471 1.4978177 1.6343450 1.3357270 1.3475173 1.5192812 1.3718695 1.4968268 1.3753663 1.4688026 1.3250554 1.5042016 1.4800699 1.0213318 0.7917077 0.9314652 0.8925032 0.0000000 0.2897498 0.1196803 0.2161122 0.9762705 1.4235796 1.8597128 1.8193822 1.5430520 1.4932081 1.5158665 1.4252317 1.9499761 1.4700756 1.3295687 1.4903803 1.5412383 1.4660823 1.4705109 1.4146809 1.2903321 1.3244326 1.3590249 1.3475776 1.2885729 1.2809246 1.2265237 1.2331656 1.1410755 1.4564097 1.3667839 1.4146553 1.3136324 1.7749337 1.7054960 1.6198084 2.4661762 1.7637653 2.4617267 1.5336782 1.7522202 2.2039483 1.5916059 1.7967099 1.6991340 2.3910399 1.7023715 1.7647837 1.7842180 1.6595206 1.8532017 1.8499581 2.2902795 1.9087953 1.3035060 
Xestes_maker-XT_scaffold9032-snap-gene-0.4-mRNA-1 1.3396193 1.5455173 1.5449641 1.6176553 1.6453099 1.2879541 1.2299097 1.4358061 1.3560260 1.3107483 1.2102048 1.1594459 1.4668565 1.2924992 1.2492663 1.2444928 1.3219646 1.5926276 1.3602717 1.3531448 0.7181862 0.6787766 0.6925905 0.6750675 0.2897498 0.0000000 0.1301495 0.3272217 0.8018716 1.3719686 1.4134863 1.3012614 1.0570119 1.3136078 1.3166367 1.2602624 1.2602624 1.3977806 1.2331744 1.2993331 1.2906346 1.2540416 1.2422506 1.3290707 1.3261650 1.2917521 1.2875522 1.1609122 1.1861703 1.1658760 1.1213303 1.1390290 1.1176962 1.1618770 1.3420369 1.4166055 1.1041069 1.5330155 1.5009202 1.4039324 2.0879951 1.4740661 1.9295018 1.2888892 1.5559234 1.7779085 1.3043230 1.4571742 1.4950483 1.7342599 1.5882978 1.5147715 1.5519513 1.5519513 1.4896327 1.4847727 1.8735695 1.5308694 1.0730274 
Halamb_c28237_g1_i1m.5699                         1.0371692 0.9263849 0.9263849 1.0097819 1.0073251 0.8366042 0.0000010 1.0150514 1.0184150 1.0648432 0.9084288 0.9869382 1.0313531 0.8075300 0.8071418 0.8373673 0.8510882 0.9669604 1.0375908 0.8236513 0.5279164 0.4743650 0.5274335 0.5274335 0.1196803 0.1301495 0.0000000 0.1371109 0.0000010 1.0290337 1.0156358 0.8640501 0.0000010 0.8332575 0.8332575 0.8561536 0.8561536 0.8474651 0.8346056 0.8140542 0.8026164 0.8252223 0.8023711 0.8320647 0.8165760 0.8390725 0.8390725 0.7408511 0.9029695 0.8888468 0.8635816 0.8635816 0.9165001 0.9125608 0.7489864 0.8603242 1.6796265 0.8974573 0.8465200 0.8465200 0.0000010 0.8203132 2.4352415 0.7888849 0.8268798 1.0365980 0.8280361 0.7915315 0.8215439 0.8839428 0.8774943 0.8938497 0.8938497 0.8938497 0.8726285 0.8726285 1.4507349 0.9756485 0.0000010 
Halamb_c38120_g1_i3mm.575                         1.3038272 1.6252260 1.6912133 1.7603722 1.6970624 1.2367500 1.6609082 1.8118072 1.3743835 1.5368627 1.2645184 1.2781093 1.4626306 1.2518580 1.3503529 1.2908891 1.3922316 1.4738478 1.3667517 1.3412420 0.9813311 0.7339690 0.9091349 0.8645948 0.2161122 0.3272217 0.1371109 0.0000000 0.9614032 1.4251580 1.8388378 1.6735295 1.3129016 1.3397505 1.3859720 1.3047013 1.6650907 1.4254786 1.2409889 1.3593789 1.3997445 1.3054671 1.3077382 1.3808939 1.2938667 1.3038536 1.3083921 1.2934397 1.2174962 1.2015172 1.1587035 1.1579012 1.0650569 1.3067294 1.3706836 1.4283309 1.2602435 1.6747307 1.6925137 1.6118725 2.4585119 1.7813360 2.5154013 1.5423033 1.7193495 2.1263596 1.5922416 1.6983452 1.6786552 2.2750526 1.6813980 1.7971904 1.8193191 1.6685603 1.7858601 1.7816892 2.2104201 1.8089002 1.3024937 
Tetwil_g8283.t2                                   1.0664904 1.1267493 1.1267493 1.0266768 1.1344773 1.3608134 1.4618254 3.0169529 1.3344960 1.4988941 1.2732364 1.2838206 1.3804459 1.2384429 1.2709130 1.2892148 1.2905789 0.0000010 0.9325051 1.6990647 0.6182431 0.6060322 0.6422559 0.6422559 0.9762705 0.8018716 0.0000010 0.9614032 0.0000000 0.7009870 0.7009870 0.9440574 0.9598337 0.9933058 0.9441393 0.9956910 0.9956910 2.7355052 0.9708893 1.0454718 1.0310555 1.1446732 1.2108934 1.1898229 1.1435507 1.2533126 1.2471911 1.2143253 1.1385529 1.1051349 1.0712174 1.0712174 1.2417005 1.0498748 1.5287501 1.7918256 0.9542822 1.7053959 2.0728209 2.0728209 2.0728209 2.1557966 2.1557966 2.1557966 2.0932568 2.0932568 2.2041314 2.2230285 2.0594113 1.7069876 1.9359080 1.7419771 1.6780132 1.6780132 1.8534997 1.8534997 1.8534997 1.8534997 1.4558085 
Opea_EP00118_Oscarella_pearsei_P006798            1.2344988 1.5522042 1.6017730 1.7166377 1.5549004 1.0085653 1.0418832 1.3683269 1.3036943 1.0224458 1.1020438 1.0248252 1.2915197 1.2294438 1.0510517 1.1144971 1.1713137 1.1890807 1.2525251 1.2921893 1.1962064 0.8257909 1.1677666 1.0876388 1.4235796 1.3719686 1.0290337 1.4251580 0.7009870 0.0000000 0.2890183 1.4631418 1.0313495 1.1136893 1.1419515 1.0799994 1.3454598 1.0623308 0.9225529 1.0961126 1.1562828 1.2006234 1.1780712 1.2254332 1.2173470 1.2407067 1.2442663 1.2316456 1.1924443 1.1848082 1.1585669 1.1748313 1.0586768 1.2903588 1.2856383 1.3950968 0.9477484 1.5270684 1.4887827 1.4302375 2.1235232 1.4478611 1.8204818 1.2825671 1.4867285 1.3253939 1.3045556 1.4475369 1.4923664 2.1796802 1.3480423 1.4610388 1.4179730 1.3773735 1.4812517 1.4705333 1.4553323 1.2801940 0.9091499 
Ocar_g7588                                        1.2672435 1.7507038 1.8149150 1.9570093 1.8230163 1.0234537 1.0418832 1.3683269 1.5639797 1.0324272 1.5753447 1.0323629 1.6187224 1.6369390 1.3601018 1.4852658 1.5807512 2.0940843 1.6522418 1.8727599 1.4930953 0.8502569 1.5155863 1.1226539 1.8597128 1.4134863 1.0156358 1.8388378 0.7009870 0.2890183 0.0000000 1.5420223 1.0313495 1.3830917 1.4374352 1.4413702 1.3799876 1.0495914 0.9263335 1.5294487 1.5830646 1.5576480 1.5698851 1.5449743 1.6173321 1.5889926 1.5768264 1.4341137 1.6535616 1.5871653 1.6357880 1.5673817 1.0822497 1.6853542 1.7851420 1.8701998 0.9477484 2.0303541 1.5826118 1.4540684 2.1235232 1.5223797 1.8204818 1.3042221 1.9200540 1.3797256 1.3333827 1.8782099 1.5379619 2.2598559 1.3878430 1.8675321 1.8185753 1.8344217 1.6340179 1.6229878 1.4553323 1.3266537 0.9091499 
Fspp_ffun1.m4.12920.m1                            1.2956291 1.8239300 1.8543521 1.9614422 1.7944244 0.9444905 1.2337727 1.5908168 1.4035424 1.2121283 1.2467523 0.9332309 1.4249572 1.4726988 1.2590878 1.2452713 1.3406835 2.0037987 1.4293567 1.4597097 1.6592720 1.0679779 1.5892881 1.4485138 1.8193822 1.3012614 0.8640501 1.6735295 0.9440574 1.4631418 1.5420223 0.0000000 0.1074785 0.2304586 0.2471885 0.2716799 0.3173023 0.0899198 0.0825791 0.6369112 0.6775135 0.8153245 0.8575687 1.2730814 1.3039243 1.2428097 1.2334300 1.2874907 1.5028431 1.5214769 1.4963503 1.5686311 0.9948208 1.6402668 1.3493613 1.3038294 1.1124963 1.6782726 1.4745995 1.3674972 2.2472906 1.4125428 2.1643201 1.2894725 1.7133752 1.6485162 1.1969934 1.7264387 1.2902530 2.1813694 1.3153435 1.8185421 1.7691411 1.6585425 1.4819413 1.4773968 1.5231491 1.3195358 1.0868301 
Gasp_gasp1.m3.20949.m1                            1.1566468 1.1364497 1.1364497 1.1216520 1.1869680 1.3688213 1.2524815 2.8861331 1.2032156 1.4193452 1.0985689 1.0591530 1.2404540 1.0925855 1.2328763 1.1265799 1.1870010 0.0000010 1.0070653 2.3867519 1.1310612 1.1092306 1.0086615 1.0086615 1.5430520 1.0570119 0.0000010 1.3129016 0.9598337 1.0313495 1.0313495 0.1074785 0.0000000 0.1323074 0.1191809 0.1388107 0.1388107 2.1507191 0.1215878 0.5229514 0.6573736 0.7904927 0.9118034 1.5049235 1.3759090 1.4399737 1.4476459 1.2497818 0.8764007 0.8795018 0.9011466 0.9011466 1.1056889 0.8344413 1.5479250 1.7225593 1.0985026 2.0025422 2.4370588 2.4370588 2.4370588 2.3604385 2.3604385 2.3604385 2.2943434 2.2943434 2.1719688 2.6205152 2.1119005 1.9748298 2.1279222 2.1172702 2.0471572 2.0471572 1.8376012 1.8376012 1.8376012 1.8376012 1.1013477 
Spis_XP_022779571_1                               1.2165329 1.4712327 1.4988613 1.4472799 1.3991091 0.9119242 1.3486820 1.4420358 1.0646635 1.1388629 0.9554802 0.9121864 1.1148456 1.1550583 0.9210616 0.8524329 0.9791240 0.9923631 1.1423871 1.0836118 1.3531971 1.0763659 1.2749152 1.3011487 1.4932081 1.3136078 0.8332575 1.3397505 0.9933058 1.1136893 1.3830917 0.2304586 0.1323074 0.0000000 0.0198142 0.2000111 0.3602607 0.1105317 0.0636433 0.4716030 0.4887203 0.5808071 0.6190551 0.9535782 1.0001060 0.9649697 0.9596226 0.9878605 1.1497693 1.1382633 1.1096936 1.1501761 0.9830735 1.2446300 1.0384401 1.0107130 1.0919098 1.2797204 1.4647356 1.3409074 2.3816238 1.3361054 2.1360377 1.2302238 1.3011259 1.4846662 1.1298089 1.3639854 1.2406729 1.8281205 1.3330420 1.4720018 1.4516950 1.3557382 1.2994061 1.2946198 1.4301018 1.2401243 1.0836663 
Pocdam_XM_027184833.1                             1.2244032 1.4705165 1.4979261 1.4530978 1.4459623 0.8977879 1.2905075 1.4501410 1.0843029 1.1253542 0.9796583 0.9037995 1.1249483 1.1655683 0.9502332 0.8688836 0.9898540 1.0831000 1.1603664 1.1138008 1.3660940 1.0553691 1.2994974 1.2941710 1.5158665 1.3166367 0.8332575 1.3859720 0.9441393 1.1419515 1.4374352 0.2471885 0.1191809 0.0198142 0.0000000 0.2052554 0.3666383 0.1059510 0.0567652 0.4804926 0.5090224 0.5877170 0.6419464 0.9746898 0.9946096 0.9744018 0.9734329 0.9977749 1.1585759 1.1455430 1.1234177 1.1647300 0.9579382 1.2650623 1.0421657 1.0202236 1.0335792 1.3012965 1.4434814 1.3202912 2.3029886 1.3271912 2.0658428 1.2090282 1.3253735 1.4849527 1.1267861 1.3878120 1.2208029 1.8551956 1.3346262 1.4804803 1.4564080 1.3603250 1.2915512 1.2867533 1.4163851 1.2297768 1.0835527 
Adig_XM_015891785.1                               1.2454188 1.4422544 1.4698733 1.5182518 1.4609640 0.9021134 1.2475332 1.5399724 1.1136509 1.1578730 0.9717664 0.8855548 1.1392354 1.1848315 0.9005344 0.8831154 0.9886332 1.0140497 1.1115901 1.0889336 1.2675256 1.0037270 1.2254115 1.2510522 1.4252317 1.2602624 0.8561536 1.3047013 0.9956910 1.0799994 1.4413702 0.2716799 0.1388107 0.2000111 0.2052554 0.0000000 0.1814386 0.1323275 0.0615973 0.4758189 0.5035955 0.5939205 0.6653364 0.9613323 0.9945484 0.9525252 0.9447620 0.9734729 1.2048310 1.1968981 1.1927176 1.2301376 0.9588480 1.2708793 1.0027338 1.0075240 1.0960631 1.3337529 1.4112396 1.3022103 2.1844249 1.3353928 2.0765716 1.2064868 1.3564699 1.4853350 1.1509798 1.3555403 1.2278296 1.9201035 1.2505488 1.4738784 1.4507620 1.3648945 1.3013923 1.2966117 1.4281756 1.2414428 1.0246153 
Amil_Amillepora09137-RA                           1.2454188 1.8791128 1.9108157 1.9470497 1.8335788 0.9021134 1.2475332 1.5399724 1.4960467 1.1578730 1.3151281 0.8855548 1.5456617 1.5668053 1.2217574 1.2515296 1.3249852 2.2326065 1.5225053 1.5446996 1.7365411 1.0037270 1.5941379 1.4164928 1.9499761 1.2602624 0.8561536 1.6650907 0.9956910 1.3454598 1.3799876 0.3173023 0.1388107 0.3602607 0.3666383 0.1814386 0.0000000 0.1337209 0.0615973 0.6438159 0.7308077 0.8358721 0.8932262 1.2438752 1.2948423 1.2635124 1.1993969 1.3470580 1.5634970 1.5734397 1.5495671 1.6154897 0.9588480 1.6619408 1.3776179 1.3590848 1.0960631 1.6889626 1.4112396 1.3022103 2.1844249 1.3353928 2.0765716 1.2064868 1.7372056 1.4853350 1.1509798 1.6982390 1.2278296 2.1330529 1.2505488 1.8747354 1.8439413 1.7299571 1.4095269 1.4048825 1.4281756 1.2414428 1.0246153 
Gasp_gasp1.m3.29924.m1                            1.1969670 1.2161885 1.2161885 1.2632491 1.2743365 0.7049842 2.0778913 0.8380457 0.9240230 0.9105377 0.8185692 0.7704597 0.9550908 0.9362728 0.6697379 0.7622753 0.8607101 0.7581724 0.9615138 0.8109753 1.2409345 0.9906946 1.2922416 1.2922416 1.4700756 1.3977806 0.8474651 1.4254786 2.7355052 1.0623308 1.0495914 0.0899198 2.1507191 0.1105317 0.1059510 0.1323275 0.1337209 0.0000000 0.0527492 0.3503199 0.3433060 0.4002466 0.4422746 0.6707372 0.7582394 0.7246675 0.7353501 0.6501293 0.9817359 0.9730427 0.9512006 0.9696295 0.8435087 0.9852194 0.8260740 0.7565971 1.1433174 0.9735564 1.0030666 0.8695174 1.2799355 1.0480186 1.4325276 0.8683834 1.0337767 0.9283035 0.7851800 0.9577695 0.9315764 1.2927135 0.9911990 1.0163134 1.0163134 1.0163134 0.9350971 0.9277497 0.9317093 0.8398149 1.3917290 
Gfas_gfas1.m1.4364.m1                             1.1767395 1.0760350 1.0760350 1.1401178 1.1417951 0.8459236 1.2449533 1.4450758 0.9774596 1.1481313 0.9011952 0.9036331 1.0100582 0.9851156 0.7938105 0.7747223 0.8784554 0.5954155 0.9408792 0.8640215 1.1087418 1.0127085 1.1213873 1.1213873 1.3295687 1.2331744 0.8346056 1.2409889 0.9708893 0.9225529 0.9263335 0.0825791 0.1215878 0.0636433 0.0567652 0.0615973 0.0615973 0.0527492 0.0000000 0.3089586 0.3573306 0.4811834 0.5351541 0.7388387 0.7739733 0.7542278 0.7596024 0.7299122 1.0141783 0.9974966 0.9886847 1.0022117 0.9298171 0.9742960 0.8602231 0.9202152 1.0943050 1.1709454 1.2824422 1.2438479 2.2082712 1.2361002 2.0247458 1.1958548 1.2327582 1.4755203 1.1228909 1.2329887 1.1947778 1.3670267 1.2150570 1.2262838 1.2134521 1.2134521 1.1045189 1.0990813 1.4090604 1.2275243 1.0685456 
Nvec_v1g216000                                    1.1927321 1.5841819 1.6316386 1.6632079 1.5427900 0.9299308 1.0272092 1.6468079 1.1857791 1.1296238 1.0451886 0.9159066 1.1956104 1.1859366 0.9862780 0.9301943 1.0267076 1.1859162 1.1725744 1.2790332 1.4495414 1.0709544 1.3821760 1.3857678 1.4903803 1.2993331 0.8140542 1.3593789 1.0454718 1.0961126 1.5294487 0.6369112 0.5229514 0.4716030 0.4804926 0.4758189 0.6438159 0.3503199 0.3089586 0.0000000 0.3112457 0.6016280 0.6315489 1.0674960 1.0712842 1.0807200 1.0538972 1.0686945 1.2360779 1.2040671 1.1992449 1.2373487 0.9688866 1.3418934 0.9990551 1.0420944 1.0607532 1.3402773 1.4120133 1.2570060 2.0633368 1.3204421 1.8077856 1.0902047 1.3524958 1.3397755 1.0563684 1.3612066 1.1842811 1.9786950 1.2427581 1.3855946 1.3741476 1.2664198 1.2155247 1.2044941 1.2629669 1.1233952 0.9769289 
Exapal_XM_021059871.2                             1.1693692 1.5901495 1.6383919 1.6288556 1.5347145 0.9457975 1.1748281 1.4901148 1.2055495 1.1101974 1.0779979 0.9784641 1.2310047 1.2189142 0.9809405 0.9445800 1.0522940 1.3115007 1.1359298 1.2823343 1.3995750 1.0477930 1.3572374 1.3511081 1.5412383 1.2906346 0.8026164 1.3997445 1.0310555 1.1562828 1.5830646 0.6775135 0.6573736 0.4887203 0.5090224 0.5035955 0.7308077 0.3433060 0.3573306 0.3112457 0.0000000 0.5869082 0.6613791 1.0318450 1.0401949 1.0249130 0.9630409 0.9875384 1.1493186 1.1103290 1.1058326 1.1291849 0.9742109 1.2144559 0.9740586 1.0173447 1.0441792 1.3435111 1.4338601 1.2714807 2.0902065 1.3261268 1.9315674 1.1292382 1.2667696 1.4061740 1.0917709 1.3860280 1.2242624 2.0570062 1.3207841 1.3937453 1.3737537 1.2669957 1.2839339 1.2734819 1.2920691 1.1410248 0.9941019 
Dgig_XM_028535979.1                               1.2741665 1.4162929 1.4435697 1.5433979 1.5180147 1.0015552 1.2838059 1.6032656 1.1905046 1.2797079 1.0742406 0.9928606 1.1785016 1.2031639 1.0156222 1.0357423 1.1557131 1.0680325 1.2396139 1.0976439 1.3094573 1.1420415 1.2352849 1.2936685 1.4660823 1.2540416 0.8252223 1.3054671 1.1446732 1.2006234 1.5576480 0.8153245 0.7904927 0.5808071 0.5877170 0.5939205 0.8358721 0.4002466 0.4811834 0.6016280 0.5869082 0.0000000 0.1352598 0.8254568 0.8277282 0.8468540 0.8202025 0.8766021 1.0763936 1.0280878 1.0536830 1.0644365 0.9161971 1.1242211 0.9470604 0.8663118 1.1454718 1.2954674 1.2990399 1.2489704 2.1286456 1.2429686 1.9674966 1.1829000 1.2943620 1.5219804 1.1974298 1.2822706 1.1585725 1.8107751 1.1741879 1.3974569 1.3631259 1.2699553 1.1883327 1.1712324 1.4824171 1.2392258 1.2155396 
Xesp_005627-T1                                    1.2631165 1.4696836 1.5169982 1.5869633 1.5436879 1.0466386 1.4274539 1.7092239 1.2232619 1.3739704 1.0840291 1.0105940 1.2120081 1.2048340 1.0148609 1.0430955 1.1880242 1.0538433 1.1971483 1.1010712 1.3641977 1.2041487 1.2524832 1.3021864 1.4705109 1.2422506 0.8023711 1.3077382 1.2108934 1.1780712 1.5698851 0.8575687 0.9118034 0.6190551 0.6419464 0.6653364 0.8932262 0.4422746 0.5351541 0.6315489 0.6613791 0.1352598 0.0000000 0.8741410 0.8613587 0.8641400 0.8450206 0.8991699 1.1382229 1.1237065 1.0969549 1.1287706 1.0042107 1.2155245 0.9542751 0.9303941 1.2706276 1.2446044 1.3149298 1.2642810 2.3778715 1.2455372 2.0269514 1.1698811 1.2622113 1.4990597 1.1895934 1.3106984 1.1995754 1.8035945 1.1864963 1.3556826 1.3441153 1.2342265 1.1952639 1.1779941 1.5958204 1.3228599 1.3792372 
Sanmal_Sma_025453-T1                              1.2165148 1.4213590 1.4905395 1.4678259 1.4570541 1.0197436 1.9012380 1.2220933 1.2909225 1.4272279 1.2136015 1.0527205 1.2748388 1.2197408 1.1293469 1.1653654 1.1458284 1.4476571 1.0975108 1.2674242 1.4500199 1.1007384 1.3674836 1.4510647 1.4146809 1.3290707 0.8320647 1.3808939 1.1898229 1.2254332 1.5449743 1.2730814 1.5049235 0.9535782 0.9746898 0.9613323 1.2438752 0.6707372 0.7388387 1.0674960 1.0318450 0.8254568 0.8741410 0.0000000 0.2481004 0.2492310 0.2266703 0.5773683 1.3709910 1.3831348 1.2916634 1.3521592 1.1206394 1.4448612 0.7247625 0.7902847 1.4608027 1.3791176 1.4350484 1.3086127 2.0901882 1.3309291 1.8568582 1.1299470 1.3804356 1.3825587 1.2036125 1.3886348 1.2948607 1.9015962 1.3573449 1.5871558 1.5493012 1.4302729 1.5607578 1.5388545 1.5305439 1.2646545 1.6867074 
Aaur_scaffold215.g8.t1                            1.2627782 1.4645531 1.5297555 1.5764428 1.6128201 1.0630987 1.6933589 1.1805009 1.3275092 1.4189084 1.2327143 1.0687475 1.2720637 1.2587374 1.2120538 1.1191793 1.1919025 1.4003945 1.1187392 1.2601652 1.4225599 1.1012188 1.3498337 1.3754167 1.2903321 1.3261650 0.8165760 1.2938667 1.1435507 1.2173470 1.6173321 1.3039243 1.3759090 1.0001060 0.9946096 0.9945484 1.2948423 0.7582394 0.7739733 1.0712842 1.0401949 0.8277282 0.8613587 0.2481004 0.0000000 0.1717618 0.1723659 0.5583413 1.2993586 1.2996563 1.2365094 1.2853445 1.0482474 1.4037819 0.7389907 0.7588860 1.3026711 1.3794742 1.4620608 1.3066667 1.9996745 1.3575388 1.7930575 1.1466833 1.3459745 1.3647324 1.2027967 1.3235509 1.2984041 1.8680526 1.3735850 1.6360349 1.5743483 1.4374480 1.5307377 1.5090842 1.4616719 1.2184170 1.5705888 
Nemnom_g15898.t1                                  1.2033381 1.4993531 1.5448727 1.4923068 1.5872582 1.0353150 1.7700007 1.1641457 1.3359124 1.3850129 1.2372984 1.0500128 1.2516848 1.2415333 1.1935290 1.1332849 1.1997753 1.4387967 1.0732285 1.2462953 1.4078083 1.1282968 1.3097068 1.3804237 1.3244326 1.2917521 0.8390725 1.3038536 1.2533126 1.2407067 1.5889926 1.2428097 1.4399737 0.9649697 0.9744018 0.9525252 1.2635124 0.7246675 0.7542278 1.0807200 1.0249130 0.8468540 0.8641400 0.2492310 0.1717618 0.0000000 0.0610125 0.5753628 1.3494637 1.3468732 1.2696435 1.3201209 1.0151560 1.4194102 0.7178681 0.7418236 1.3727180 1.3463711 1.4161711 1.2583935 1.9918661 1.2736487 1.6926403 1.0824533 1.2880374 1.2954008 1.1448923 1.3144043 1.2497933 1.8141448 1.2739980 1.5100092 1.4784485 1.3543843 1.4512605 1.4304318 1.4186877 1.1961252 1.6941782 
Rhoesc_Res_011087-T1                              1.2102035 1.5149206 1.5890878 1.5452314 1.5613909 1.0427454 1.8207417 1.2033212 1.3309920 1.3907658 1.2008758 1.0776364 1.2650068 1.2489183 1.1667631 1.1303492 1.1749248 1.4680475 1.1034080 1.2338239 1.3803484 1.1145803 1.2796834 1.3526981 1.3590249 1.2875522 0.8390725 1.3083921 1.2471911 1.2442663 1.5768264 1.2334300 1.4476459 0.9596226 0.9734329 0.9447620 1.1993969 0.7353501 0.7596024 1.0538972 0.9630409 0.8202025 0.8450206 0.2266703 0.1723659 0.0610125 0.0000000 0.5638614 1.3427926 1.3530753 1.2547778 1.3128032 1.0605139 1.3984781 0.7112545 0.7436615 1.3664854 1.3433884 1.4317125 1.2742961 2.0211977 1.2995557 1.7413118 1.0984106 1.2906969 1.3335328 1.1669648 1.3389254 1.2422569 1.7577582 1.3020906 1.5359320 1.4937303 1.3618136 1.5175460 1.4960779 1.4862577 1.2448402 1.6899648 
