67
Lcom_lcpid29366                         0.0000000 1.8176776 2.9963714 1.9886294 2.6131969 2.5793728 2.2929064 2.4601492 2.3955762 2.4872064 2.4166102 2.4774856 2.4135253 2.4634714 2.3077835 2.4090880 1.5449544 1.5083646 2.7838732 2.8384881 2.7522568 2.9141405 2.8597357 2.4097552 2.5238767 2.4580830 2.4502387 2.5764078 2.7530116 2.9990672 2.3393458 1.3431116 1.8285427 1.6825299 3.5208582 2.6680613 1.6642498 1.3695770 3.0213244 2.7969293 2.8913523 3.4344244 2.4521711 2.4356387 2.3299643 2.4159474 2.4508629 3.1909785 3.4109989 2.4835886 2.3894624 2.9225618 2.9968402 4.5963610 3.1202926 3.1235288 1.7883864 2.7007060 1.8868826 2.8317940 2.2548478 1.1387462 1.0469216 1.1376504 2.4689747 3.7111460 3.9754375 
Lcom_lcpid72591                         1.8176776 0.0000000 0.0242082 0.7789106 0.8596792 1.8743282 1.7064365 1.5815653 1.6182531 1.6337594 1.5677932 1.5941207 1.7380898 1.7392458 1.7465827 1.8220453 1.2674005 1.7701773 1.8781111 1.8917302 2.0170494 2.2186921 1.9048593 1.3048233 1.9495544 1.9774940 1.9850759 2.0983148 2.0590774 2.1651617 1.9105867 1.4651195 2.0713527 1.7489754 8.0410565 1.8440544 1.9416833 1.5668502 2.1343992 2.0580901 2.0100974 1.9286678 1.5869163 1.8612897 1.8115818 1.7340350 2.0002458 1.9695982 2.3982171 1.9536893 1.8368728 1.8963302 1.3402465 1.8284261 1.3680639 1.3475353 1.9417740 1.8113438 1.8071095 1.9215501 2.0865061 1.8886644 1.7607202 1.8068783 2.9796648 2.2533157 0.9471547 
Lcom_lcpid32783                         2.9963714 0.0242082 0.0000000 0.8800413 1.2182817 2.7053017 2.4966544 2.3188398 2.3433853 2.4290185 2.3614375 2.3220863 2.5673047 2.6812010 2.5113196 2.7416287 1.2674005 1.7701773 3.0799086 3.0758820 2.8724737 3.1185752 2.6074967 1.9330251 2.4121606 2.4829132 2.5310016 2.7750173 2.5640075 2.7237385 2.3655142 1.4651195 2.0713527 1.7489754 8.0410565 2.6091345 1.9455590 1.5668502 2.9596894 2.8284022 2.7262220 3.6494159 2.3116145 2.7272771 2.6535678 2.5932415 2.5263197 3.0383810 3.4003399 2.8437353 2.6284458 2.7889451 2.6673207 4.5223132 2.6652493 2.6089586 1.9560490 2.8902297 2.0410741 2.6967014 2.3652473 2.9280150 2.3296517 2.6052696 3.3565671 3.8515788 2.3290407 
Leuniv_Lniv_scaffold6149_01             1.9886294 0.7789106 0.8800413 0.0000000 0.4424679 1.9656759 1.8320303 1.7502063 1.7547360 1.7576298 1.7314781 1.7017541 1.7683316 1.8131133 1.6945884 1.8193402 1.4673108 1.6147978 1.9941041 2.0130323 2.0317983 2.0616209 2.0505162 1.3545595 1.8774705 1.7948420 1.7726823 1.7343773 1.8515213 1.7983316 1.3900792 1.1894475 1.6640547 1.3773003 2.8172703 1.8326451 1.6089511 1.4492251 1.9740352 1.8986023 1.8674751 1.9772408 1.5093504 1.7399157 1.6922189 1.6726042 1.6516221 1.7990124 2.1570602 1.9322901 1.9913053 1.6795977 1.3323853 1.7886627 1.3312648 1.3312648 1.6236047 1.5826217 1.5875833 1.7613939 1.7729423 2.0320213 1.8636760 1.7773948 2.7482407 2.3104922 1.3110913 
Scil_scict018380.3                      2.6131969 0.8596792 1.2182817 0.4424679 0.0000000 2.5108548 2.2228302 2.6042053 2.7360209 2.6391795 2.5974969 2.5591695 2.7011187 3.0881066 2.5236260 2.7143444 1.2134234 1.8226150 3.1020077 3.1006934 2.6679660 3.2009685 2.7684889 2.2129754 2.7595117 2.6772215 2.6962786 2.7973017 2.6285348 2.4912597 2.4358885 1.4505702 2.1438642 1.7652024 7.1361777 3.1154272 2.0580657 1.6893296 3.2173078 3.2167504 3.0624415 3.6395876 2.5393855 2.4087893 2.5099206 2.5884523 2.4041078 3.0136690 3.1736379 2.7561685 2.7626133 2.3120450 2.6929740 4.3988915 2.7103803 2.6207273 1.8160045 2.5914742 1.9070261 2.3650706 2.1547585 2.7309790 2.6595311 2.8554924 2.9659983 4.6083396 1.4970577 
Cgig_XM_034477334.1                     2.5793728 1.8743282 2.7053017 1.9656759 2.5108548 0.0000000 0.3363061 1.5963519 1.6284293 1.5783893 1.5756197 1.5516572 1.4860310 1.5458747 1.4738712 1.4560662 0.8227789 0.9132111 2.0342474 1.9967459 1.8845578 2.2485778 1.9626462 1.4671379 1.5184267 1.4902827 1.4714144 1.5490152 1.5197405 1.5286301 0.9398568 0.4327717 0.8594519 0.8043102 1.9700821 1.3981127 0.7246961 0.4971622 1.6506975 1.4010343 1.4759078 1.8839943 1.3602595 0.9741894 0.9491514 0.9411842 0.9877429 1.3281564 2.2451467 1.3596041 1.2726498 1.0915428 1.3766378 1.9937911 1.3197532 1.2921908 1.2237301 1.1144620 0.8564669 1.3211046 1.4068094 2.5161001 2.4939403 2.5315449 2.1169777 2.3336869 3.2989706 
Acagra_model.g6746.t1                   2.2929064 1.7064365 2.4966544 1.8320303 2.2228302 0.3363061 0.0000000 1.4196122 1.4517560 1.4325780 1.4272786 1.3855058 1.3420809 1.4074552 1.3543538 1.4167097 0.8507051 0.8961011 1.7710251 1.7371132 1.9028089 2.1413617 1.7470237 1.4222897 1.4854878 1.4720570 1.4416902 1.5363514 1.4785956 1.4905947 0.9093787 0.4396403 0.8955037 0.8311969 2.2727437 1.4449173 0.7297811 0.5418982 1.5788629 1.3838242 1.4664642 1.9862629 1.3798099 0.9653236 0.9021166 0.9194716 1.0074670 1.2833115 2.0857625 1.2024043 1.1529011 1.1220910 1.3053684 1.9859649 1.3161029 1.2658768 1.2576089 1.1183323 0.9018372 1.2689147 1.2856513 2.4817445 2.3488575 2.4474836 2.2218212 2.5873653 3.7339639 
Fspp_ffun1.m4.23992.m1                  2.4601492 1.5815653 2.3188398 1.7502063 2.6042053 1.5963519 1.4196122 0.0000000 0.0639059 0.1319509 0.0900034 0.1111456 0.2910326 0.3482308 0.3909452 0.5088426 0.6046554 0.7195634 1.4787367 1.4300904 1.4099212 1.7428345 1.6902613 1.0934442 1.2344648 1.2614491 1.2307052 1.3092454 1.2442088 1.2298963 0.7466275 0.4394780 0.8141471 0.7195965 1.5378900 1.4377486 0.6848403 0.4892047 1.5830778 1.4867029 1.4364014 1.8876503 1.2632986 1.2071254 1.1929209 1.1492867 1.2364231 1.7610437 1.6441118 1.0600976 1.0577171 1.6081569 1.2584612 1.8192600 1.2173734 1.1840237 1.2354657 1.3873417 1.0887356 1.5444275 1.3429143 2.5536008 2.4280754 2.5078299 2.2973943 2.1496652 4.6597863 
Gasp_gasp1.m3.20920.m1                  2.3955762 1.6182531 2.3433853 1.7547360 2.7360209 1.6284293 1.4517560 0.0639059 0.0000000 0.1241681 0.0866424 0.1350162 0.3152029 0.3752124 0.3984779 0.5103594 0.6056501 0.7219224 1.4692307 1.4396620 1.3868890 1.7485171 1.6969942 1.1035548 1.2483496 1.2450367 1.2099844 1.2844204 1.2891133 1.2768140 0.7801960 0.4664104 0.8305233 0.7612354 1.6281630 1.4559268 0.6911858 0.4953002 1.6169337 1.5267924 1.4946995 2.0117071 1.3499417 1.2185380 1.2041440 1.1671544 1.2321766 1.7844471 1.6308817 1.0661060 1.0592773 1.6557281 1.3014916 1.8954046 1.2470681 1.2214851 1.1884835 1.3807773 1.0990653 1.5762507 1.3344024 2.6014953 2.4313194 2.5627484 2.2651721 1.9079250 4.9695068 
Spis_XP_022787493_1                     2.4872064 1.6337594 2.4290185 1.7576298 2.6391795 1.5783893 1.4325780 0.1319509 0.1241681 0.0000000 0.0553695 0.2011681 0.3619088 0.4159788 0.3944057 0.5131401 0.6187965 0.7414226 1.5849503 1.5566276 1.4571303 1.7727626 1.7187530 1.1591021 1.2722361 1.2911239 1.2732963 1.3168253 1.3426991 1.3149444 0.7945971 0.4832257 0.8547996 0.8109999 1.7861516 1.4143811 0.7025481 0.5043737 1.6318215 1.5155210 1.4252827 1.9909700 1.3024795 1.2515280 1.2112197 1.1741493 1.2867195 1.7161650 1.6290057 1.1223262 1.0484664 1.6826333 1.2937968 1.8900553 1.2450258 1.2010048 1.2841081 1.3903450 1.0962617 1.5819392 1.3664313 2.5579011 2.4797767 2.4326275 2.4282006 2.0896642 4.9027376 
Pocdam_XM_027200001.1                   2.4166102 1.5677932 2.3614375 1.7314781 2.5974969 1.5756197 1.4272786 0.0900034 0.0866424 0.0553695 0.0000000 0.1547380 0.3144328 0.3712853 0.3838784 0.4998725 0.5906676 0.7109313 1.5339260 1.4794916 1.3943306 1.7094758 1.6707371 1.1122225 1.2371626 1.2400050 1.2231099 1.2642036 1.2500788 1.2379164 0.7459096 0.4457053 0.8069243 0.7428723 1.5424884 1.4092113 0.6969619 0.5076695 1.6049264 1.5342078 1.4232798 1.9381433 1.2889856 1.2173456 1.1793152 1.1506384 1.2223974 1.6849313 1.6017962 1.1060523 1.0390535 1.6689042 1.2558925 1.8156793 1.2084778 1.1659611 1.2143595 1.3727495 1.0527984 1.5747747 1.3044655 2.5232122 2.3908629 2.4791955 2.2585009 2.0692837 4.6499477 
Gfas_gfas1.m1.3477.m1                   2.4774856 1.5941207 2.3220863 1.7017541 2.5591695 1.5516572 1.3855058 0.1111456 0.1350162 0.2011681 0.1547380 0.0000000 0.3162709 0.3733675 0.4451370 0.5357986 0.6089254 0.7095813 1.5136646 1.4626202 1.4192708 1.6867235 1.6859114 1.1444827 1.2987965 1.3159732 1.2949077 1.4593529 1.3208515 1.3064085 0.7665698 0.4578774 0.8246465 0.7268184 1.5640982 1.5122660 0.7092966 0.5107572 1.7000883 1.5773511 1.5532806 2.1784187 1.2992682 1.2387487 1.2453147 1.1700461 1.2058952 1.7290114 1.6649101 1.1353420 1.1402267 1.6496846 1.2783223 1.8658761 1.2289818 1.2006432 1.2308648 1.4027831 1.1186619 1.5014415 1.2406777 2.5016930 2.4349995 2.4794178 2.2810030 2.2641197 4.8915822 
Amil_Amillepora12563-RA                 2.4135253 1.7380898 2.5673047 1.7683316 2.7011187 1.4860310 1.3420809 0.2910326 0.3152029 0.3619088 0.3144328 0.3162709 0.0000000 0.0615300 0.5627869 0.6830567 0.6773896 0.8212647 1.6940214 1.6436203 1.5563657 1.8699052 1.8922995 1.1625826 1.3517362 1.3690550 1.3560269 1.4062501 1.4323475 1.3364566 0.8476224 0.5015770 0.9413038 0.8279156 1.8638483 1.5709265 0.7738741 0.5546777 1.7923990 1.5523149 1.5769923 1.9648600 1.3585435 1.3349122 1.3236535 1.1827926 1.2553434 1.8088618 1.8203698 1.1336963 1.1353688 1.7243170 1.2623630 1.7683884 1.1973047 1.1759952 1.2443835 1.4389875 1.0919811 1.5988320 1.4278592 2.6837610 2.4801378 2.5038825 2.3761411 2.2594446 5.4377227 
Adig_XM_015895469.1                     2.4634714 1.7392458 2.6812010 1.8131133 3.0881066 1.5458747 1.4074552 0.3482308 0.3752124 0.4159788 0.3712853 0.3733675 0.0615300 0.0000000 0.6392154 0.7309626 0.6776768 0.8194869 1.7966378 1.7116602 1.6401079 1.8649609 1.8878730 1.2209255 1.4379310 1.4420032 1.4187273 1.5474852 1.4987020 1.4259767 0.8817333 0.4965831 0.9396437 0.8113717 1.7968776 1.6595996 0.7964350 0.5634813 1.8639834 1.6222019 1.6480360 2.1928247 1.4283226 1.3871623 1.3743382 1.2948577 1.3701231 1.9881449 1.8491099 1.1522490 1.1750807 1.7488556 1.2943184 1.9426730 1.2284709 1.2117821 1.2461505 1.4972700 1.1261818 1.6247356 1.4985085 2.8203470 2.5807762 2.6656051 2.4052718 2.4497569 6.0491458 
Nvec_NVE3568                            2.3077835 1.7465827 2.5113196 1.6945884 2.5236260 1.4738712 1.3543538 0.3909452 0.3984779 0.3944057 0.3838784 0.4451370 0.5627869 0.6392154 0.0000000 0.3305335 0.6888620 0.8214618 1.6907136 1.6383079 1.5164390 1.7193794 1.6451317 1.1257916 1.2378736 1.2611707 1.1997797 1.2347833 1.2817846 1.2885944 0.7975534 0.4423031 0.8524235 0.7719389 2.0582581 1.5135790 0.7328334 0.5163713 1.6275410 1.4932145 1.4574133 1.7975564 1.1934825 1.2656022 1.2218641 1.2358135 1.3186028 1.7597324 1.5494841 1.0041668 1.0270719 1.6167486 1.2386807 1.8653363 1.2093515 1.1884792 1.3240367 1.3475110 1.1134965 1.5073622 1.3856076 2.4887733 2.2807423 2.3131967 2.3616073 2.3153019 4.1769990 
Exapal_XM_021039556.2                   2.4090880 1.8220453 2.7416287 1.8193402 2.7143444 1.4560662 1.4167097 0.5088426 0.5103594 0.5131401 0.4998725 0.5357986 0.6830567 0.7309626 0.3305335 0.0000000 0.6957130 0.7639019 1.5901027 1.5466215 1.4886843 1.6372059 1.5308562 1.1647035 1.2031548 1.2678045 1.2121760 1.2589240 1.2633722 1.2152433 0.8171173 0.4212067 0.8099518 0.7421649 1.5925348 1.5673766 0.7006448 0.5112514 1.6183549 1.5461420 1.5335572 2.1637983 1.3507545 1.3511088 1.3157347 1.3231351 1.2925998 1.7046795 1.6846157 1.0498536 0.9567051 1.6835650 1.3819021 2.0060673 1.3195551 1.2919010 1.2571240 1.4014636 1.0717865 1.6130640 1.3541383 2.4234369 2.3994955 2.3047031 2.4235836 2.2403039 4.8231212 
Sanmal_Sma_014315-T1                    1.5449544 1.2674005 1.2674005 1.4673108 1.2134234 0.8227789 0.8507051 0.6046554 0.6056501 0.6187965 0.5906676 0.6089254 0.6773896 0.6776768 0.6888620 0.6957130 0.0000000 0.2002270 0.1907030 0.1907030 0.2945278 0.4865421 0.5224860 0.5774964 0.5976899 0.5940843 0.5940843 0.5629860 0.6145715 0.5728316 0.6139181 0.6139181 0.7976177 0.8566927 9.0000000 0.8041837 0.8037920 0.8037920 0.7985386 0.7093242 0.7220746 0.9411229 0.7360348 0.6123667 0.6139572 0.6100856 0.6651800 0.7177592 0.5485486 0.7513343 0.7700497 0.8245560 0.5995774 0.8313276 0.6139181 0.6139181 1.4693416 0.7692056 1.0764942 0.8863402 1.0275199 1.3063315 1.4477346 1.5840800 1.5964347 0.9768861 2.3424314 
Aaur_scaffold6.g47.t1                   1.5083646 1.7701773 1.7701773 1.6147978 1.8226150 0.9132111 0.8961011 0.7195634 0.7219224 0.7414226 0.7109313 0.7095813 0.8212647 0.8194869 0.8214618 0.7639019 0.2002270 0.0000000 0.0829637 0.0881991 0.2266843 0.4911295 0.5005802 0.3592940 0.7128123 0.6887467 0.7248612 0.7473334 0.7478489 0.7249293 0.7265101 0.5866886 1.0458640 1.0814718 2.7481759 0.8366458 0.9884433 0.7502624 1.0298964 0.8545081 0.9472492 0.4827971 0.4877868 0.7941484 0.7785340 0.7517238 0.8272210 0.8781981 0.5240960 0.8145822 0.8388947 0.8146934 0.3820868 0.2799158 0.3926524 0.3926524 0.9473832 0.8452201 0.9092689 0.8390793 1.1259425 1.6601679 1.5647435 1.6052172 1.6927356 0.4144393 1.6077993 
Nemnom_g8221.t1                         2.7838732 1.8781111 3.0799086 1.9941041 3.1020077 2.0342474 1.7710251 1.4787367 1.4692307 1.5849503 1.5339260 1.5136646 1.6940214 1.7966378 1.6907136 1.5901027 0.1907030 0.0829637 0.0000000 0.0311779 0.7682175 1.2103950 1.2767859 1.1777980 1.3875527 1.3646799 1.3874388 1.4615200 1.5216542 1.3990323 1.0646217 0.6084913 1.0926406 1.0989630 2.7230693 1.7103456 1.0387814 0.7824976 1.8058714 1.6929648 1.8322020 2.0893766 1.4604780 1.9506016 1.8708451 1.7676435 1.6858446 1.8456092 1.3140916 1.5805677 1.6377211 2.0964338 1.5356698 2.2918387 1.5053825 1.4922320 1.1762972 1.8279274 1.3234606 2.0013410 1.4641521 2.7684337 2.5847917 2.8192051 2.1056295 2.8468453 6.3229956 
Rhoesc_Res_009357-T1                    2.8384881 1.8917302 3.0758820 2.0130323 3.1006934 1.9967459 1.7371132 1.4300904 1.4396620 1.5566276 1.4794916 1.4626202 1.6436203 1.7116602 1.6383079 1.5466215 0.1907030 0.0881991 0.0311779 0.0000000 0.7521643 1.1932437 1.2283648 1.1495966 1.3675330 1.3625511 1.3853086 1.4111581 1.5063106 1.3748100 1.0309079 0.5938969 1.0728386 1.0623137 2.5468884 1.7177057 1.0520555 0.7959176 1.8014649 1.6787351 1.8565028 2.0661513 1.4591810 1.9142643 1.8363897 1.7075001 1.6664505 1.8295577 1.2988694 1.5190353 1.6062387 2.0647997 1.4639041 2.1388711 1.4426692 1.4300147 1.1762972 1.8165942 1.2851889 1.9252111 1.4251805 2.7612375 2.5227988 2.7455201 2.1234656 2.6887380 6.0586041 
Morvir_scaffold619.g2.t1                2.7522568 2.0170494 2.8724737 2.0317983 2.6679660 1.8845578 1.9028089 1.4099212 1.3868890 1.4571303 1.3943306 1.4192708 1.5563657 1.6401079 1.5164390 1.4886843 0.2945278 0.2266843 0.7682175 0.7521643 0.0000000 1.1489803 1.2946165 1.1832226 1.3731468 1.3065591 1.3088025 1.3670080 1.4340207 1.3485454 1.0230430 0.5782197 1.0397627 1.0096784 2.5329597 1.6204932 0.8512132 0.6306928 1.7552481 1.6646103 1.6142640 2.2001053 1.4067926 1.9194938 1.8132087 1.6284854 1.6231134 2.0660100 1.3438034 1.5103331 1.4679708 1.8587927 1.4134910 1.9803845 1.4268857 1.4112863 1.2747121 1.8987325 1.1674408 1.9794116 1.4789447 3.1117382 3.0704652 3.0675275 2.2625668 2.6915307 5.1219717 
Chem_TCONS_00020931                     2.9141405 2.2186921 3.1185752 2.0616209 3.2009685 2.2485778 2.1413617 1.7428345 1.7485171 1.7727626 1.7094758 1.6867235 1.8699052 1.8649609 1.7193794 1.6372059 0.4865421 0.4911295 1.2103950 1.1932437 1.1489803 0.0000000 1.2423166 1.4537254 1.6147088 1.6197472 1.6207445 1.9083743 1.6095332 1.6456896 1.2198552 0.6417022 1.0726346 1.1275329 2.6443875 1.8650957 1.0887459 0.7799540 2.1143111 1.8287115 1.7755923 2.4426703 1.6870225 1.9068318 1.8657401 1.8599211 1.7916528 1.9881575 1.6823332 1.5249781 1.4985597 2.2366900 1.7183899 2.5973133 1.6822548 1.6748588 1.4127727 2.1608684 1.2496720 1.9077090 1.5593517 3.5261959 3.3028372 3.2329928 2.5975834 3.2159949 5.7925424 
Chem_TCONS_00029607                     2.8597357 1.9048593 2.6074967 2.0505162 2.7684889 1.9626462 1.7470237 1.6902613 1.6969942 1.7187530 1.6707371 1.6859114 1.8922995 1.8878730 1.6451317 1.5308562 0.5224860 0.5005802 1.2767859 1.2283648 1.2946165 1.2423166 0.0000000 1.3365001 1.3716420 1.3422431 1.3437883 1.3465876 1.4457825 1.3596440 1.0611819 0.7057553 1.1592338 1.1898081 2.5102368 1.8217344 0.9083486 0.7700986 1.8841528 1.7755840 1.7767264 2.1861630 1.6066430 1.6951458 1.6330287 1.5998342 1.7480292 1.9373474 0.9761195 1.4428910 1.4436396 1.9380874 1.7650925 2.7034529 1.7584569 1.7823269 1.2116762 1.9457818 1.3125520 1.7795072 1.5730350 3.1703703 2.9207125 3.1692027 2.1349513 2.4822528 3.9395576 
Sanmal_Sma_001378-T1                    2.4097552 1.3048233 1.9330251 1.3545595 2.2129754 1.4671379 1.4222897 1.0934442 1.1035548 1.1591021 1.1122225 1.1444827 1.1625826 1.2209255 1.1257916 1.1647035 0.5774964 0.3592940 1.1777980 1.1495966 1.1832226 1.4537254 1.3365001 0.0000000 0.1938410 0.1955247 0.1843540 0.4697327 0.5934311 0.5684839 0.6679037 0.3044046 0.6137980 0.5974481 9.0000000 1.2059025 0.5471160 0.5254628 1.2662330 1.1405169 1.1438103 1.4895290 1.1000831 1.3153792 1.2402023 1.1305083 1.2203448 1.5560869 1.4842573 1.0290351 1.0512717 1.6509625 1.4181552 2.2708916 1.4033922 1.4219696 1.3348965 1.4038088 1.0845390 1.5414468 1.1752570 2.7599552 2.4197205 2.5356930 1.7777348 2.1048994 4.2507538 
Aaur_scaffold614.g10.t1                 2.5238767 1.9495544 2.4121606 1.8774705 2.7595117 1.5184267 1.4854878 1.2344648 1.2483496 1.2722361 1.2371626 1.2987965 1.3517362 1.4379310 1.2378736 1.2031548 0.5976899 0.7128123 1.3875527 1.3675330 1.3731468 1.6147088 1.3716420 0.1938410 0.0000000 0.1905882 0.1933904 0.5262004 0.7131493 0.6509001 1.0463870 0.5811012 1.0221826 0.9967242 4.2078926 1.3681062 0.8682289 0.7114291 1.4630100 1.2873477 1.3594142 1.4691350 1.0885434 1.3823304 1.3508942 1.2860006 1.2544039 1.6697073 1.5674677 1.1905314 1.1759303 1.6534888 1.4900959 2.4774594 1.4760614 1.4677359 1.3193317 1.4794571 1.1762130 1.6091299 1.3429578 3.0856418 2.7933123 2.4892139 2.4569543 2.0499942 4.1269569 
Nemnom_g4680.t1                         2.4580830 1.9774940 2.4829132 1.7948420 2.6772215 1.4902827 1.4720570 1.2614491 1.2450367 1.2911239 1.2400050 1.3159732 1.3690550 1.4420032 1.2611707 1.2678045 0.5940843 0.6887467 1.3646799 1.3625511 1.3065591 1.6197472 1.3422431 0.1955247 0.1905882 0.0000000 0.0665986 0.4861479 0.7462926 0.6671127 0.9668562 0.5607435 0.9746542 0.9572315 3.2519280 1.3845758 0.8803079 0.7549818 1.4887832 1.3106129 1.4183721 1.4613110 1.1568031 1.3948470 1.3662878 1.2322319 1.2581244 1.6308584 1.5579355 1.2570250 1.2109176 1.6680348 1.4938020 2.4694885 1.4525253 1.4733379 1.2672568 1.4793820 1.2189396 1.5812346 1.3482762 2.9897687 2.6285410 2.5454307 2.3060361 2.1646659 4.0063688 
Rhoesc_Res_008601-T1                    2.4502387 1.9850759 2.5310016 1.7726823 2.6962786 1.4714144 1.4416902 1.2307052 1.2099844 1.2732963 1.2231099 1.2949077 1.3560269 1.4187273 1.1997797 1.2121760 0.5940843 0.7248612 1.3874388 1.3853086 1.3088025 1.6207445 1.3437883 0.1843540 0.1933904 0.0665986 0.0000000 0.5137972 0.7302494 0.6676718 0.9875733 0.5655924 0.9852908 0.9675767 3.2951966 1.3533364 0.8632548 0.7344879 1.4594858 1.2836079 1.3807356 1.4524783 1.1430251 1.3858622 1.3575745 1.2485222 1.2659059 1.6332146 1.5533798 1.2255215 1.2186977 1.6376028 1.4826362 2.4425212 1.4451797 1.4623404 1.2672568 1.4799892 1.2238729 1.6155457 1.3533692 2.9506503 2.6207000 2.5091602 2.3083714 2.1370642 4.0845349 
Morvir_scaffold109.g34.t1               2.5764078 2.0983148 2.7750173 1.7343773 2.7973017 1.5490152 1.5363514 1.3092454 1.2844204 1.3168253 1.2642036 1.4593529 1.4062501 1.5474852 1.2347833 1.2589240 0.5629860 0.7473334 1.4615200 1.4111581 1.3670080 1.9083743 1.3465876 0.4697327 0.5262004 0.4861479 0.5137972 0.0000000 0.8158704 0.7354148 0.9991404 0.5795800 1.0403829 0.9997019 3.6520237 1.5460798 0.9102853 0.7101677 1.6860543 1.5186551 1.6014270 1.6234238 1.2143814 1.4361672 1.3668203 1.1892331 1.4639072 1.6954521 1.8008219 1.2968680 1.2097423 1.6958019 1.6133409 2.7398976 1.5935608 1.5654876 1.3068128 1.7307810 1.0982968 1.7907374 1.5381951 2.9130052 2.7005235 2.8989531 2.4580310 2.3700391 4.3323043 
Chem_TCONS_00071217                     2.7530116 2.0590774 2.5640075 1.8515213 2.6285348 1.5197405 1.4785956 1.2442088 1.2891133 1.3426991 1.2500788 1.3208515 1.4323475 1.4987020 1.2817846 1.2633722 0.6145715 0.7478489 1.5216542 1.5063106 1.4340207 1.6095332 1.4457825 0.5934311 0.7131493 0.7462926 0.7302494 0.8158704 0.0000000 0.3366345 0.9699493 0.5349883 0.9034934 0.8619487 2.6881275 1.5157389 0.9024935 0.6707511 1.6486863 1.4254230 1.5215886 1.6285481 1.1696928 1.4207628 1.4219243 1.4346178 1.3718127 1.8012586 1.8356368 1.2139494 1.2972142 1.7345383 1.7059005 2.8896034 1.6579405 1.6456272 1.3794852 1.6651900 1.2564302 1.8202755 1.4599537 3.1710778 2.6475884 2.8435744 2.3343213 2.3896257 3.8639665 
Hvul_g24952_1                           2.9990672 2.1651617 2.7237385 1.7983316 2.4912597 1.5286301 1.4905947 1.2298963 1.2768140 1.3149444 1.2379164 1.3064085 1.3364566 1.4259767 1.2885944 1.2152433 0.5728316 0.7249293 1.3990323 1.3748100 1.3485454 1.6456896 1.3596440 0.5684839 0.6509001 0.6671127 0.6676718 0.7354148 0.3366345 0.0000000 0.9112785 0.5120696 0.8814697 0.8663922 2.7821626 1.5401738 0.8785789 0.6330618 1.6301263 1.4322750 1.5578089 1.6004705 1.1721609 1.3380349 1.3452857 1.2911027 1.3008789 1.7739487 1.6943054 1.2065312 1.3117982 1.7267629 1.5538310 2.5481808 1.4650727 1.4786327 1.4237283 1.5515000 1.2310287 1.7329576 1.4799128 3.3177889 2.8597519 3.0187144 2.3698688 2.1613393 3.6538986 
TrH2_TrispH2_001083-RA                  2.3393458 1.9105867 2.3655142 1.3900792 2.4358885 0.9398568 0.9093787 0.7466275 0.7801960 0.7945971 0.7459096 0.7665698 0.8476224 0.8817333 0.7975534 0.8171173 0.6139181 0.7265101 1.0646217 1.0309079 1.0230430 1.2198552 1.0611819 0.6679037 1.0463870 0.9668562 0.9875733 0.9991404 0.9699493 0.9112785 0.0000000 0.0000010 0.1847247 0.1613078 0.1650998 0.8844092 0.6998124 0.5432431 0.9346855 0.8567484 0.9054403 0.7665058 0.6516261 0.7991565 0.7771901 0.7523727 0.8661118 1.0419453 1.3513453 1.0221430 1.0804361 0.9507657 0.0891442 0.1093295 0.0952733 0.0955078 1.3118367 1.0208926 1.1044130 1.0466156 1.2444042 2.0953670 2.1813808 2.2320581 2.0628173 1.3844279 2.8380574 
Tadh_TriadT25521                        1.3431116 1.4651195 1.4651195 1.1894475 1.4505702 0.4327717 0.4396403 0.4394780 0.4664104 0.4832257 0.4457053 0.4578774 0.5015770 0.4965831 0.4423031 0.4212067 0.6139181 0.5866886 0.6084913 0.5938969 0.5782197 0.6417022 0.7057553 0.3044046 0.5811012 0.5607435 0.5655924 0.5795800 0.5349883 0.5120696 0.0000010 0.0000000 0.1847247 0.1613078 0.2314940 0.5511117 0.5256023 0.4892989 0.5572737 0.4984880 0.5070220 0.2127904 0.2773122 0.3474241 0.3457201 0.3122480 0.3802399 0.5269685 0.7223954 0.5710821 0.6095534 0.4984331 0.0227326 0.0000010 0.0150989 0.0150989 1.0793005 0.4589174 0.8103065 0.6418927 0.8564774 1.3438200 1.4160008 1.4284548 1.4259726 0.3513260 1.3710666 
HoiH04_mRNA7144                         1.8285427 2.0713527 2.0713527 1.6640547 2.1438642 0.8594519 0.8955037 0.8141471 0.8305233 0.8547996 0.8069243 0.8246465 0.9413038 0.9396437 0.8524235 0.8099518 0.7976177 1.0458640 1.0926406 1.0728386 1.0397627 1.0726346 1.1592338 0.6137980 1.0221826 0.9746542 0.9852908 1.0403829 0.9034934 0.8814697 0.1847247 0.1847247 0.0000000 0.1509980 0.1055034 1.0461015 0.9932274 0.9255532 1.0498918 0.9463128 0.9932974 1.2965300 0.6141220 0.6060179 0.6627546 0.6384667 0.5624780 0.7560211 1.1894445 1.0183751 1.0600008 0.9057344 0.2291191 8.9999987 0.2127244 0.2127244 4.6828260 0.8261896 1.4121061 1.0630537 1.3917059 1.6598122 1.9196809 1.9920097 2.0929719 7.7611701 8.9999987 
HoiH11_mRNA2092                         1.6825299 1.7489754 1.7489754 1.3773003 1.7652024 0.8043102 0.8311969 0.7195965 0.7612354 0.8109999 0.7428723 0.7268184 0.8279156 0.8113717 0.7719389 0.7421649 0.8566927 1.0814718 1.0989630 1.0623137 1.0096784 1.1275329 1.1898081 0.5974481 0.9967242 0.9572315 0.9675767 0.9997019 0.8619487 0.8663922 0.1613078 0.1613078 0.1509980 0.0000000 0.1390084 1.0106699 0.9644295 0.8997030 1.0170409 0.9537113 0.9411549 1.1633284 0.5344811 0.5833823 0.6598875 0.5692249 0.5717517 0.7780938 1.2245344 0.9143189 0.9820756 0.7897055 0.1935391 4.0016486 0.1781991 0.1781991 3.3486083 0.7749362 1.3379765 0.8847585 1.2905683 1.5247658 1.7856447 1.8637741 2.0651237 4.9038514 7.5286307 
HoiH06_mRNA8581                         3.5208582 8.0410565 8.0410565 2.8172703 7.1361777 1.9700821 2.2727437 1.5378900 1.6281630 1.7861516 1.5424884 1.5640982 1.8638483 1.7968776 2.0582581 1.5925348 9.0000000 2.7481759 2.7230693 2.5468884 2.5329597 2.6443875 2.5102368 9.0000000 4.2078926 3.2519280 3.2951966 3.6520237 2.6881275 2.7821626 0.1650998 0.2314940 0.1055034 0.1390084 0.0000000 2.8401119 2.2699596 1.8866682 2.4173670 2.5028491 2.6139919 9.0000000 9.0000000 1.7930084 1.8812958 1.9559647 1.5727253 1.7866198 2.8669522 3.1178045 3.1472483 2.0081669 9.0000000 9.0000000 9.0000000 9.0000000 9.0000000 2.2599085 2.6438913 2.1145213 3.1294242 2.3941280 3.7007966 3.7933105 6.4670870 9.0000000 9.0000000 
Mlei_ML1747.g36.i1                      2.6680613 1.8440544 2.6091345 1.8326451 3.1154272 1.3981127 1.4449173 1.4377486 1.4559268 1.4143811 1.4092113 1.5122660 1.5709265 1.6595996 1.5135790 1.5673766 0.8041837 0.8366458 1.7103456 1.7177057 1.6204932 1.8650957 1.8217344 1.2059025 1.3681062 1.3845758 1.3533364 1.5460798 1.5157389 1.5401738 0.8844092 0.5511117 1.0461015 1.0106699 2.8401119 0.0000000 0.0911885 0.0578760 0.2277355 0.3333587 0.3039319 0.3313923 0.4576031 1.5904601 1.5382887 1.4072101 1.5067433 1.7677752 1.9545443 1.5655532 1.4496140 1.7562916 1.5532545 2.5939523 1.5316201 1.5023117 1.5883892 1.7568320 1.1494491 1.9276316 1.2446864 2.8278204 2.7833597 3.3014264 2.0393393 1.4340002 5.2912832 
Mertsp_Mesp_sb563562                    1.6642498 1.9416833 1.9455590 1.6089511 2.0580657 0.7246961 0.7297811 0.6848403 0.6911858 0.7025481 0.6969619 0.7092966 0.7738741 0.7964350 0.7328334 0.7006448 0.8037920 0.9884433 1.0387814 1.0520555 0.8512132 1.0887459 0.9083486 0.5471160 0.8682289 0.8803079 0.8632548 0.9102853 0.9024935 0.8785789 0.6998124 0.5256023 0.9932274 0.9644295 2.2699596 0.0911885 0.0000000 0.0055745 0.1081301 0.1799905 0.2202029 0.1344499 0.1965026 0.6293243 0.6719920 0.6449010 0.7628917 0.8446731 1.0663766 0.9015674 0.8691013 0.8587537 0.4339908 0.4683523 0.4443035 0.4443035 1.5886936 0.8046683 1.0671286 0.9032748 1.0189769 1.5701826 1.8954958 2.2551599 2.0596391 0.2218145 1.9358564 
Bolinf_Binf_sb1226924                   1.3695770 1.5668502 1.5668502 1.4492251 1.6893296 0.4971622 0.5418982 0.4892047 0.4953002 0.5043737 0.5076695 0.5107572 0.5546777 0.5634813 0.5163713 0.5112514 0.8037920 0.7502624 0.7824976 0.7959176 0.6306928 0.7799540 0.7700986 0.5254628 0.7114291 0.7549818 0.7344879 0.7101677 0.6707511 0.6330618 0.5432431 0.4892989 0.9255532 0.8997030 1.8866682 0.0578760 0.0055745 0.0000000 0.0671520 0.1515649 0.1415367 0.0789604 0.1552418 0.4644543 0.4597109 0.4040196 0.5645898 0.6280769 0.8308382 0.6756647 0.6772443 0.6304024 0.3912324 0.4067814 0.4015585 0.4015585 1.4742930 0.5490048 0.9613424 0.7112275 0.8301142 1.4995309 1.6728932 1.7676441 1.5958736 0.1652002 1.7598240 
Beraby_Baby_sb325852                    3.0213244 2.1343992 2.9596894 1.9740352 3.2173078 1.6506975 1.5788629 1.5830778 1.6169337 1.6318215 1.6049264 1.7000883 1.7923990 1.8639834 1.6275410 1.6183549 0.7985386 1.0298964 1.8058714 1.8014649 1.7552481 2.1143111 1.8841528 1.2662330 1.4630100 1.4887832 1.4594858 1.6860543 1.6486863 1.6301263 0.9346855 0.5572737 1.0498918 1.0170409 2.4173670 0.2277355 0.1081301 0.0671520 0.0000000 0.4058478 0.4808297 0.4297429 0.5007697 1.6074602 1.6240632 1.6749997 1.7040201 2.0293090 2.0250757 1.6069150 1.5841114 1.9293091 1.6138623 2.8231457 1.5921835 1.5852801 1.5441572 1.9566551 1.1945824 1.9291914 1.3292392 2.9212271 2.9673476 3.8505427 2.4812377 1.4913369 5.0473207 
Vmul_sbMO424494                         2.7969293 2.0580901 2.8284022 1.8986023 3.2167504 1.4010343 1.3838242 1.4867029 1.5267924 1.5155210 1.5342078 1.5773511 1.5523149 1.6222019 1.4932145 1.5461420 0.7093242 0.8545081 1.6929648 1.6787351 1.6646103 1.8287115 1.7755840 1.1405169 1.2873477 1.3106129 1.2836079 1.5186551 1.4254230 1.4322750 0.8567484 0.4984880 0.9463128 0.9537113 2.5028491 0.3333587 0.1799905 0.1515649 0.4058478 0.0000000 0.3760817 0.1748409 0.3498966 1.5737555 1.5639363 1.4360394 1.5332092 1.8427090 1.9003340 1.5085946 1.4317012 1.7311413 1.4622496 2.4835344 1.4525441 1.4170709 1.4888719 1.7840168 1.0085615 1.7841941 1.2928440 2.6482874 2.8348077 3.1785364 2.3339278 1.5519046 4.6890052 
Lampan_Lpan_C418413_01                  2.8913523 2.0100974 2.7262220 1.8674751 3.0624415 1.4759078 1.4664642 1.4364014 1.4946995 1.4252827 1.4232798 1.5532806 1.5769923 1.6480360 1.4574133 1.5335572 0.7220746 0.9472492 1.8322020 1.8565028 1.6142640 1.7755923 1.7767264 1.1438103 1.3594142 1.4183721 1.3807356 1.6014270 1.5215886 1.5578089 0.9054403 0.5070220 0.9932974 0.9411549 2.6139919 0.3039319 0.2202029 0.1415367 0.4808297 0.3760817 0.0000000 0.3655571 0.4071915 1.5802568 1.5841403 1.4674120 1.5574750 1.9759692 1.9524325 1.5151380 1.4882742 1.6542560 1.5041806 2.6459015 1.4879147 1.4305574 1.5413519 1.8094416 1.0910425 1.8539617 1.3426955 2.9783084 3.0206543 3.4482931 2.3413138 1.5493714 5.0065649 
Coemet_Cmet_scaffold1245_01             3.4344244 1.9286678 3.6494159 1.9772408 3.6395876 1.8839943 1.9862629 1.8876503 2.0117071 1.9909700 1.9381433 2.1784187 1.9648600 2.1928247 1.7975564 2.1637983 0.9411229 0.4827971 2.0893766 2.0661513 2.2001053 2.4426703 2.1861630 1.4895290 1.4691350 1.4613110 1.4524783 1.6234238 1.6285481 1.6004705 0.7665058 0.2127904 1.2965300 1.1633284 9.0000000 0.3313923 0.1344499 0.0789604 0.4297429 0.1748409 0.3655571 0.0000000 0.3983277 2.3796470 2.2573897 2.2060622 2.1914619 2.6121794 2.4217366 1.8206216 1.6840310 2.7065942 2.1891265 2.5909009 2.1888013 2.1015019 1.4888719 2.6969730 1.0210487 2.7711219 1.4346436 3.5485935 3.2135684 3.5204080 2.0203196 1.6976334 4.9012010 
Eupdun_Edun_sb10618297                  2.4521711 1.5869163 2.3116145 1.5093504 2.5393855 1.3602595 1.3798099 1.2632986 1.3499417 1.3024795 1.2889856 1.2992682 1.3585435 1.4283226 1.1934825 1.3507545 0.7360348 0.4877868 1.4604780 1.4591810 1.4067926 1.6870225 1.6066430 1.1000831 1.0885434 1.1568031 1.1430251 1.2143814 1.1696928 1.1721609 0.6516261 0.2773122 0.6141220 0.5344811 9.0000000 0.4576031 0.1965026 0.1552418 0.5007697 0.3498966 0.4071915 0.3983277 0.0000000 1.5146630 1.4571235 1.4248036 1.4886036 1.7574025 1.6749911 1.3784770 1.2908758 1.7438758 1.3519213 2.2543623 1.3378820 1.3147262 1.7082190 1.5593411 1.0189075 1.6646298 1.2268750 2.9804464 2.6051175 3.1422682 1.8967096 1.2899952 4.2723675 
Bralan_BLAG01001008_1                   2.4356387 1.8612897 2.7272771 1.7399157 2.4087893 0.9741894 0.9653236 1.2071254 1.2185380 1.2515280 1.2173456 1.2387487 1.3349122 1.3871623 1.2656022 1.3511088 0.6123667 0.7941484 1.9506016 1.9142643 1.9194938 1.9068318 1.6951458 1.3153792 1.3823304 1.3948470 1.3858622 1.4361672 1.4207628 1.3380349 0.7991565 0.3474241 0.6060179 0.5833823 1.7930084 1.5904601 0.6293243 0.4644543 1.6074602 1.5737555 1.5802568 2.3796470 1.5146630 0.0000000 0.0853286 0.5989150 0.7117090 1.0004743 2.0810936 1.3887145 1.3640772 1.3085488 1.3245158 2.0825816 1.2787412 1.2710892 1.3295931 0.9566072 1.0506348 1.2902155 1.2694671 2.4641878 2.5779263 2.6193256 2.2605642 2.4797295 3.4836349 
Bralan_BLAG01001009_1                   2.3299643 1.8115818 2.6535678 1.6922189 2.5099206 0.9491514 0.9021166 1.1929209 1.2041440 1.2112197 1.1793152 1.2453147 1.3236535 1.3743382 1.2218641 1.3157347 0.6139572 0.7785340 1.8708451 1.8363897 1.8132087 1.8657401 1.6330287 1.2402023 1.3508942 1.3662878 1.3575745 1.3668203 1.4219243 1.3452857 0.7771901 0.3457201 0.6627546 0.6598875 1.8812958 1.5382887 0.6719920 0.4597109 1.6240632 1.5639363 1.5841403 2.2573897 1.4571235 0.0853286 0.0000000 0.5359715 0.6436165 0.9571152 2.0124703 1.3380328 1.2860249 1.3574828 1.2319042 1.8859327 1.1822712 1.1810035 1.3387699 0.9088681 0.9956595 1.2880609 1.2592821 2.4456745 2.4260704 2.4603185 2.2575004 2.4446520 3.7726135 
Hsap_ENST00000366876                    2.4159474 1.7340350 2.5932415 1.6726042 2.5884523 0.9411842 0.9194716 1.1492867 1.1671544 1.1741493 1.1506384 1.1700461 1.1827926 1.2948577 1.2358135 1.3231351 0.6100856 0.7517238 1.7676435 1.7075001 1.6284854 1.8599211 1.5998342 1.1305083 1.2860006 1.2322319 1.2485222 1.1892331 1.4346178 1.2911027 0.7523727 0.3122480 0.6384667 0.5692249 1.9559647 1.4072101 0.6449010 0.4040196 1.6749997 1.4360394 1.4674120 2.2060622 1.4248036 0.5989150 0.5359715 0.0000000 0.7186306 1.0625544 1.9448083 1.2934103 1.3187790 1.3645655 1.0793015 1.6445855 1.1126875 1.1049952 1.4039076 0.8421420 0.9443211 1.2147992 1.0865285 2.4343361 2.6430585 2.4215556 2.2299923 2.2705168 4.0475505 
Skow_NM_001164895.1                     2.4508629 2.0002458 2.5263197 1.6516221 2.4041078 0.9877429 1.0074670 1.2364231 1.2321766 1.2867195 1.2223974 1.2058952 1.2553434 1.3701231 1.3186028 1.2925998 0.6651800 0.8272210 1.6858446 1.6664505 1.6231134 1.7916528 1.7480292 1.2203448 1.2544039 1.2581244 1.2659059 1.4639072 1.3718127 1.3008789 0.8661118 0.3802399 0.5624780 0.5717517 1.5727253 1.5067433 0.7628917 0.5645898 1.7040201 1.5332092 1.5574750 2.1914619 1.4886036 0.7117090 0.6436165 0.7186306 0.0000000 0.8877530 2.1888356 1.3503170 1.3312494 1.3588283 1.3372437 2.2308234 1.2992787 1.3067125 1.3761247 1.0708027 1.1457316 1.2859116 1.1746378 2.6331129 2.5819562 2.5592224 2.1038568 2.8461148 4.1216505 
Spur_XM_030994544.1                     3.1909785 1.9695982 3.0383810 1.7990124 3.0136690 1.3281564 1.2833115 1.7610437 1.7844471 1.7161650 1.6849313 1.7290114 1.8088618 1.9881449 1.7597324 1.7046795 0.7177592 0.8781981 1.8456092 1.8295577 2.0660100 1.9881575 1.9373474 1.5560869 1.6697073 1.6308584 1.6332146 1.6954521 1.8012586 1.7739487 1.0419453 0.5269685 0.7560211 0.7780938 1.7866198 1.7677752 0.8446731 0.6280769 2.0293090 1.8427090 1.9759692 2.6121794 1.7574025 1.0004743 0.9571152 1.0625544 0.8877530 0.0000000 2.3979776 1.6420689 1.5863931 1.5608978 1.8389929 2.9942291 1.8267810 1.8207590 1.3614655 1.2242416 1.1565921 1.5829970 1.3763050 2.8270530 3.0433027 3.0459924 2.1629091 3.3849043 5.0587062 
Hvul_g16698_1                           3.4109989 2.3982171 3.4003399 2.1570602 3.1736379 2.2451467 2.0857625 1.6441118 1.6308817 1.6290057 1.6017962 1.6649101 1.8203698 1.8491099 1.5494841 1.6846157 0.5485486 0.5240960 1.3140916 1.2988694 1.3438034 1.6823332 0.9761195 1.4842573 1.5674677 1.5579355 1.5533798 1.8008219 1.8356368 1.6943054 1.3513453 0.7223954 1.1894445 1.2245344 2.8669522 1.9545443 1.0663766 0.8308382 2.0250757 1.9003340 1.9524325 2.4217366 1.6749911 2.0810936 2.0124703 1.9448083 2.1888356 2.3979776 0.0000000 1.3912899 1.3859171 2.1731339 2.2583194 3.7929277 2.1979255 2.1757252 1.2152033 2.1611952 1.3077112 2.2604312 1.8061936 4.0154452 3.4341447 3.4103527 2.5979519 3.3380447 5.5233021 
Xesp_011318-T1                          2.4835886 1.9536893 2.8437353 1.9322901 2.7561685 1.3596041 1.2024043 1.0600976 1.0661060 1.1223262 1.1060523 1.1353420 1.1336963 1.1522490 1.0041668 1.0498536 0.7513343 0.8145822 1.5805677 1.5190353 1.5103331 1.5249781 1.4428910 1.0290351 1.1905314 1.2570250 1.2255215 1.2968680 1.2139494 1.2065312 1.0221430 0.5710821 1.0183751 0.9143189 3.1178045 1.5655532 0.9015674 0.6756647 1.6069150 1.5085946 1.5151380 1.8206216 1.3784770 1.3887145 1.3380328 1.2934103 1.3503170 1.6420689 1.3912899 0.0000000 0.3143466 1.5115659 1.2992608 1.9533052 1.3496824 1.3229069 1.2229666 1.1953395 1.0742770 1.4589363 1.5784982 2.6766422 2.6301004 2.8443423 2.4416956 2.0922430 4.1256985 
Dgig_XM_028556057.1                     2.3894624 1.8368728 2.6284458 1.9913053 2.7626133 1.2726498 1.1529011 1.0577171 1.0592773 1.0484664 1.0390535 1.1402267 1.1353688 1.1750807 1.0270719 0.9567051 0.7700497 0.8388947 1.6377211 1.6062387 1.4679708 1.4985597 1.4436396 1.0512717 1.1759303 1.2109176 1.2186977 1.2097423 1.2972142 1.3117982 1.0804361 0.6095534 1.0600008 0.9820756 3.1472483 1.4496140 0.8691013 0.6772443 1.5841114 1.4317012 1.4882742 1.6840310 1.2908758 1.3640772 1.2860249 1.3187790 1.3312494 1.5863931 1.3859171 0.3143466 0.0000000 1.4061406 1.2897596 1.9589527 1.3515205 1.3169314 1.2811391 1.2900379 1.0638500 1.4502800 1.5481308 2.6088427 2.7385500 2.6223905 2.2473283 1.9704569 3.8839271 
Ctel_gnl_WGS_AMQN_CAPTEDRAFT_mRNA149486 2.9225618 1.8963302 2.7889451 1.6795977 2.3120450 1.0915428 1.1220910 1.6081569 1.6557281 1.6826333 1.6689042 1.6496846 1.7243170 1.7488556 1.6167486 1.6835650 0.8245560 0.8146934 2.0964338 2.0647997 1.8587927 2.2366900 1.9380874 1.6509625 1.6534888 1.6680348 1.6376028 1.6958019 1.7345383 1.7267629 0.9507657 0.4984331 0.9057344 0.7897055 2.0081669 1.7562916 0.8587537 0.6304024 1.9293091 1.7311413 1.6542560 2.7065942 1.7438758 1.3085488 1.3574828 1.3645655 1.3588283 1.5608978 2.1731339 1.5115659 1.4061406 0.0000000 1.5647430 2.3871579 1.5854777 1.5988620 1.3660353 1.4551765 1.0534779 1.5538152 1.5833861 3.0769014 2.8885144 2.9918738 2.0328207 3.1441370 4.6840104 
HoiH23_PlH23_003143-RA                  2.9968402 1.3402465 2.6673207 1.3323853 2.6929740 1.3766378 1.3053684 1.2584612 1.3014916 1.2937968 1.2558925 1.2783223 1.2623630 1.2943184 1.2386807 1.3819021 0.5995774 0.3820868 1.5356698 1.4639041 1.4134910 1.7183899 1.7650925 1.4181552 1.4900959 1.4938020 1.4826362 1.6133409 1.7059005 1.5538310 0.0891442 0.0227326 0.2291191 0.1935391 9.0000000 1.5532545 0.4339908 0.3912324 1.6138623 1.4622496 1.5041806 2.1891265 1.3519213 1.3245158 1.2319042 1.0793015 1.3372437 1.8389929 2.2583194 1.2992608 1.2897596 1.5647430 0.0000000 0.0424194 0.0617387 0.0619630 1.3338244 1.4629791 0.9733466 1.7016172 1.1023223 3.0260284 2.4816155 2.7956706 1.9754406 2.1813961 4.6650264 
HoiH06_mRNA11996                        4.5963610 1.8284261 4.5223132 1.7886627 4.3988915 1.9937911 1.9859649 1.8192600 1.8954046 1.8900553 1.8156793 1.8658761 1.7683884 1.9426730 1.8653363 2.0060673 0.8313276 0.2799158 2.2918387 2.1388711 1.9803845 2.5973133 2.7034529 2.2708916 2.4774594 2.4694885 2.4425212 2.7398976 2.8896034 2.5481808 0.1093295 0.0000010 8.9999987 4.0016486 9.0000000 2.5939523 0.4683523 0.4067814 2.8231457 2.4835344 2.6459015 2.5909009 2.2543623 2.0825816 1.8859327 1.6445855 2.2308234 2.9942291 3.7929277 1.9533052 1.9589527 2.3871579 0.0424194 0.0000000 0.0925551 0.0972331 1.3429946 2.3064005 0.9707157 2.7379017 1.5121663 4.8360197 3.4630553 3.7194037 2.3677538 2.1445782 4.7043535 
Hhon_g05098.t1                          3.1202926 1.3680639 2.6652493 1.3312648 2.7103803 1.3197532 1.3161029 1.2173734 1.2470681 1.2450258 1.2084778 1.2289818 1.1973047 1.2284709 1.2093515 1.3195551 0.6139181 0.3926524 1.5053825 1.4426692 1.4268857 1.6822548 1.7584569 1.4033922 1.4760614 1.4525253 1.4451797 1.5935608 1.6579405 1.4650727 0.0952733 0.0150989 0.2127244 0.1781991 9.0000000 1.5316201 0.4443035 0.4015585 1.5921835 1.4525441 1.4879147 2.1888013 1.3378820 1.2787412 1.1822712 1.1126875 1.2992787 1.8267810 2.1979255 1.3496824 1.3515205 1.5854777 0.0617387 0.0925551 0.0000000 0.0385485 1.3338244 1.4417370 1.0011648 1.6944898 1.1224405 2.9947387 2.4704980 2.6440044 1.9121518 2.2668899 4.4275308 
HoiH04_mRNA12923                        3.1235288 1.3475353 2.6089586 1.3312648 2.6207273 1.2921908 1.2658768 1.1840237 1.2214851 1.2010048 1.1659611 1.2006432 1.1759952 1.2117821 1.1884792 1.2919010 0.6139181 0.3926524 1.4922320 1.4300147 1.4112863 1.6748588 1.7823269 1.4219696 1.4677359 1.4733379 1.4623404 1.5654876 1.6456272 1.4786327 0.0955078 0.0150989 0.2127244 0.1781991 9.0000000 1.5023117 0.4443035 0.4015585 1.5852801 1.4170709 1.4305574 2.1015019 1.3147262 1.2710892 1.1810035 1.1049952 1.3067125 1.8207590 2.1757252 1.3229069 1.3169314 1.5988620 0.0619630 0.0972331 0.0385485 0.0000000 1.3338244 1.4281574 0.9930114 1.7137962 1.1360990 3.0702362 2.5001466 2.7033357 1.9035077 2.1861265 4.4672151 
