52
Lcom_lcpid118960                        0.0000000 0.6383734 0.7096661 0.8805500 2.0637212 2.1774411 2.0500119 2.4508279 2.4593727 2.6416698 3.0623629 1.8940559 2.3582795 1.9807178 1.8540525 2.0003380 2.1159748 1.9691559 2.1003189 2.0626874 3.2540192 2.3476336 3.3086834 2.8854716 1.6913995 2.3201439 2.1990808 1.9293459 2.4338501 2.2101972 2.1537255 2.1537255 2.6148551 3.1977797 3.1023176 3.8159447 3.7865342 3.2659741 2.6655276 3.0557190 2.7287445 3.5812805 4.2489999 4.1111582 4.0271254 3.8767854 3.7504359 3.6024202 3.8277201 3.8285578 4.3667890 4.3321685 
Gracom_Gcom_C544376_01                  0.6383734 0.0000000 0.5648874 0.6679122 1.8261819 2.0080249 2.0369598 1.9907529 2.0459703 2.2847527 2.4391454 1.8812544 2.0420683 2.2507716 1.8660303 1.7295892 1.7281440 1.8859864 1.9725011 1.9488660 3.0743395 2.1190712 3.3745312 2.6112007 1.4707335 2.3315419 2.2050301 1.9597529 2.5898864 2.6184437 2.5902725 2.5902725 2.5318063 2.8448038 3.3230054 3.4536253 3.3179804 2.9868647 2.5418029 3.0096047 2.7624994 3.2071406 3.3122451 3.3678072 3.4714262 3.6049255 3.1540043 3.1115740 3.4554914 3.4565084 3.6516077 3.2183444 
Scil_scict017796.1                      0.7096661 0.5648874 0.0000000 0.6596618 1.8163157 1.7381860 1.8329515 1.9341974 2.0518931 2.0557093 2.2575452 1.8583413 2.1682351 2.2204689 1.7115175 1.8727519 2.1897920 2.1214020 2.0324905 2.0288120 3.6103865 2.6269020 3.0939302 2.8399517 1.6929504 2.6412900 2.5441368 2.2574098 2.7540770 2.6021623 2.9957211 2.9957211 2.9620134 2.8453534 3.0797872 3.4662817 3.5798552 3.2657509 2.8407281 3.2606653 2.9074172 3.6255142 3.3501054 3.6249055 3.7694916 3.7151443 3.4539013 3.2470704 3.1531624 3.1542934 4.0601863 3.4487276 
Leuniv_Lniv_scaffold23333_01            0.8805500 0.6679122 0.6596618 0.0000000 2.1090988 2.0654565 1.9676453 2.4780926 2.2176854 2.4208432 2.8723601 2.1151770 2.1717868 2.1119663 1.9548675 1.9599044 1.9838640 1.9462950 2.0908363 1.8234782 2.8424086 2.3658444 3.0819898 3.0210631 1.7924461 2.3510986 2.1095428 2.0842066 2.4449103 2.5498533 2.5818786 2.5818786 2.6557780 2.8595764 2.9565974 3.8506797 4.5245517 3.8596651 3.0957831 3.5487867 3.1729018 3.9737571 3.9495325 4.5853609 4.8614964 4.7672769 4.3866377 4.0275346 3.9594802 3.9603050 3.9785208 3.8541608 
Fspp_ffun1.m4.15007.m1                  2.0637212 1.8261819 1.8163157 2.1090988 0.0000000 0.2431595 0.2627916 0.1686555 0.3389852 0.4073999 0.5973110 0.7796683 0.7128547 0.7675286 0.8451408 0.9522626 1.2015822 1.1655974 1.0331990 1.3211618 2.1188754 1.5558782 1.8998343 1.7315245 1.5648573 1.8350297 1.6646562 1.7697951 2.1538145 2.1772749 2.4699518 2.4699518 1.9135018 2.6928973 2.3105942 2.1978862 2.4043168 2.8636899 2.4987275 2.5724869 2.3620138 2.1588490 2.3524097 2.1811165 2.2448719 2.1684758 2.6559644 2.6896081 2.5199819 2.5090621 3.3968088 2.4138159 
Spis_XP_022795105_1                     2.1774411 2.0080249 1.7381860 2.0654565 0.2431595 0.0000000 0.1257321 0.3144040 0.2991228 0.4389638 0.6508344 0.8222638 0.7117030 0.7732411 0.7964860 0.8711060 1.1067038 1.0674626 1.0668974 1.1846585 2.4178682 1.6396012 1.8291425 1.9444604 1.4420380 1.7146494 1.5454919 1.7285193 2.1325331 2.0626987 2.3066780 2.3066780 1.8831582 2.6381537 2.4664554 2.3424666 2.7160241 2.9862276 2.6271650 2.8908290 2.6921866 2.4622292 2.4515532 2.3129818 2.4484650 2.3641568 3.0186088 2.6495782 2.6789658 2.6675844 3.6329626 2.3288643 
Pocdam_XM_027192153.1                   2.0500119 2.0369598 1.8329515 1.9676453 0.2627916 0.1257321 0.0000000 0.3362255 0.3004072 0.4704436 0.6845863 0.7853341 0.7156098 0.7291752 0.7679963 0.8088996 1.0620988 1.0448208 1.0109125 1.1454975 2.4948857 1.6558401 1.8560677 1.9324449 1.4767137 1.7766147 1.6012618 1.6223383 2.0859429 2.0123005 2.3095938 2.3095938 1.8093710 2.6460753 2.3334134 2.1700150 2.6479844 2.9630731 2.5016891 2.6433060 2.4587019 2.3490748 2.4585900 2.2456469 2.3016968 2.2417556 2.7830552 2.6012583 2.4133397 2.4026498 3.6529057 2.1923381 
Gasp_gasp1.m3.3557.m1                   2.4508279 1.9907529 1.9341974 2.4780926 0.1686555 0.3144040 0.3362255 0.0000000 0.4046764 0.4551047 0.4525623 0.9703190 0.7895417 0.8859741 0.9724736 0.9994799 1.3133789 1.2160080 1.1141863 1.5527205 2.4612674 1.8125864 2.2077026 2.0303638 1.7154471 2.0809069 1.8955215 2.1707876 2.3172534 2.2643168 2.6030963 2.6030963 2.2987757 2.6949985 2.5365678 2.3829831 2.1089111 2.6539134 2.3388128 2.4420236 2.2065341 1.9367389 2.2036343 1.9486622 2.0219360 1.9229712 2.5929004 2.5278487 2.1333469 2.1164381 3.4051974 1.8871384 
Gfas_gfas1.m1.6320.m1                   2.4593727 2.0459703 2.0518931 2.2176854 0.3389852 0.2991228 0.3004072 0.4046764 0.0000000 0.3319590 0.5390822 0.8540800 0.6982229 0.7523570 0.7558577 0.8727091 1.0652135 1.1034486 1.0723632 1.2474130 2.3604829 1.7305281 2.2993996 2.0165713 1.8365289 1.8221134 1.6497899 1.8458269 1.8877652 1.8439008 2.2529486 2.2529486 2.0850293 2.5764419 2.2406128 2.6187936 2.6865923 2.8960886 2.4894114 2.7251085 2.6073585 2.3645462 2.4457793 2.2030505 2.2957640 2.2808619 2.9413908 2.7048812 2.5690000 2.5566566 3.2257703 2.4768886 
Amil_Amillepora20687-RA                 2.6416698 2.2847527 2.0557093 2.4208432 0.4073999 0.4389638 0.4704436 0.4551047 0.3319590 0.0000000 0.1267896 0.9345876 0.8333827 0.8467615 0.8491574 0.9706066 1.2140099 1.1931450 1.1914920 1.3323158 2.0739283 1.4862629 2.1163105 1.7709707 1.7035076 1.9417226 1.7954792 1.8300261 1.9591409 1.9342704 2.3013697 2.3013697 2.0380011 2.6544679 2.1415334 2.5768415 2.7578749 2.9901915 2.8294504 2.6203184 2.5840044 2.3817986 2.8096526 2.4455014 2.4395171 2.4045829 3.0849801 2.7053037 2.7655678 2.7646780 3.4706900 2.1726119 
Adig_XM_015916359.1                     3.0623629 2.4391454 2.2575452 2.8723601 0.5973110 0.6508344 0.6845863 0.4525623 0.5390822 0.1267896 0.0000000 1.3760504 1.2416975 1.2220779 1.3610242 1.4016221 1.7759865 1.7700761 1.7847846 1.7865336 2.8623483 1.9797467 2.8283388 2.3544509 2.0739733 2.3671470 2.3055737 2.3540290 2.5922708 2.5547777 2.9736567 2.9736567 2.9042752 3.0332151 2.6255761 3.3054059 2.9810142 3.1722543 2.9996704 2.7472862 2.7281111 2.5122188 3.1284211 2.7505052 2.7710139 2.7186555 3.4289819 2.9648018 2.9961021 2.9961021 3.9071261 2.0166858 
Dgig_XM_028549370.1                     1.8940559 1.8812544 1.8583413 2.1151770 0.7796683 0.8222638 0.7853341 0.9703190 0.8540800 0.9345876 1.3760504 0.0000000 0.8548746 0.8841844 0.9313591 1.0617609 1.1549337 1.1869182 1.0372283 1.3394857 1.8738403 1.3018372 2.0053099 1.6406028 1.5989984 1.5448949 1.3690874 1.4506563 1.9406709 1.9120022 2.0496253 2.0496253 1.6996092 2.3839955 2.0659895 2.1866477 2.5041555 2.7477562 2.5275029 2.7278472 2.5699471 2.3968148 2.8666259 2.6112591 2.6873588 2.6107298 3.2350385 2.9961660 2.7170920 2.7048369 2.8776221 2.2271734 
Nvec_v1g240423                          2.3582795 2.0420683 2.1682351 2.1717868 0.7128547 0.7117030 0.7156098 0.7895417 0.6982229 0.8333827 1.2416975 0.8548746 0.0000000 0.4895362 0.9228763 1.0279681 1.1580954 1.1291210 1.1683397 1.2729719 2.6307185 1.7824256 2.0778634 2.1392201 1.5659835 1.9558014 1.9530458 1.7490278 1.7730033 1.7840729 2.0550904 2.0550904 2.0588487 2.6261447 2.3651957 2.1987185 2.8718819 2.9480721 2.9548001 2.9678763 3.0255850 2.6043142 2.8508601 2.8029845 3.0947431 2.9800878 3.1270093 2.9116007 3.2411249 3.2273761 3.8193410 2.2858834 
Exapal_XM_021044819.2                   1.9807178 2.2507716 2.2204689 2.1119663 0.7675286 0.7732411 0.7291752 0.8859741 0.7523570 0.8467615 1.2220779 0.8841844 0.4895362 0.0000000 0.9664995 0.9560943 1.0721824 1.0665811 1.0937606 1.2283972 2.1430064 1.7868151 2.0216465 1.7832470 1.6543028 1.8721606 1.8301577 1.7349307 1.8557169 1.8744688 2.0120319 2.0120319 1.9380529 2.8171765 2.1036072 2.2444608 2.9278515 3.0589021 2.9065618 2.9282911 2.9070979 2.6162830 2.6608154 2.6449880 2.7994869 2.7962641 3.0446485 2.6584185 2.5869262 2.5759126 3.5187004 2.8909504 
Sanmal_Sma_016706-T1                    1.8540525 1.8660303 1.7115175 1.9548675 0.8451408 0.7964860 0.7679963 0.9724736 0.7558577 0.8491574 1.3610242 0.9313591 0.9228763 0.9664995 0.0000000 0.6156371 0.6834673 0.6302489 0.7487581 1.0746005 2.3988812 1.8012685 2.0661309 1.9946178 1.5874289 1.9005859 1.9537513 1.7729915 1.8296589 1.8531868 2.0287023 2.0287023 2.1214100 2.5379063 2.1375527 2.3816400 2.5967386 2.7557626 2.8084254 2.5955202 2.7347518 2.2493326 2.6454999 2.5921854 2.6730225 2.6730225 2.9281223 2.5274582 2.2772019 2.2601532 3.6522836 1.7488766 
Aaur_scaffold1256.g1.t1                 2.0003380 1.7295892 1.8727519 1.9599044 0.9522626 0.8711060 0.8088996 0.9994799 0.8727091 0.9706066 1.4016221 1.0617609 1.0279681 0.9560943 0.6156371 0.0000000 0.3541843 0.4114815 0.8443942 1.1018291 1.9411023 1.6456963 2.2421762 1.8468411 1.6766962 1.7112865 1.6754103 1.8480616 1.9070564 1.9505742 2.0401958 2.0401958 2.0198732 2.1761739 2.0506038 2.1980211 2.7120818 2.7341618 2.4879403 2.4116470 2.5142268 2.1677647 2.5526930 2.3396162 2.5861021 2.4738101 2.7715240 2.3578450 2.3350655 2.3241221 3.3539174 1.6514042 
Nemnom_g10868.t1                        2.1159748 1.7281440 2.1897920 1.9838640 1.2015822 1.1067038 1.0620988 1.3133789 1.0652135 1.2140099 1.7759865 1.1549337 1.1580954 1.0721824 0.6834673 0.3541843 0.0000000 0.2130164 1.1049491 1.1496481 2.0831879 1.6688564 2.5307619 1.9927195 1.8750023 1.9412149 1.7607849 2.1555979 2.0714288 2.1422402 2.1033528 2.1033528 2.0160867 2.2378942 1.9350244 2.4704613 3.1397866 3.1171991 2.7233737 2.9915494 2.8689180 2.4531380 2.9490358 2.6686536 2.9444678 2.7734319 3.1286188 2.7459763 2.9503842 2.9375026 3.7199802 1.7383248 
Rhoesc_Res_012240-T1                    1.9691559 1.8859864 2.1214020 1.9462950 1.1655974 1.0674626 1.0448208 1.2160080 1.1034486 1.1931450 1.7700761 1.1869182 1.1291210 1.0665811 0.6302489 0.4114815 0.2130164 0.0000000 0.9845245 1.3087678 2.0862819 1.8168343 2.5951766 1.8776053 1.8808967 2.1822993 2.0336536 2.1550717 1.9309386 2.0018404 1.9454998 1.9454998 2.1446978 2.3115603 2.1546881 2.4518160 3.0164848 3.1882640 2.9318659 3.1313813 3.0989995 2.5018470 2.8275468 2.7592860 3.0842408 3.0110980 3.2117624 2.9938580 2.8513173 2.8389800 3.6059383 1.8741830 
Morvir_scaffold43.g32.t1                2.1003189 1.9725011 2.0324905 2.0908363 1.0331990 1.0668974 1.0109125 1.1141863 1.0723632 1.1914920 1.7847846 1.0372283 1.1683397 1.0937606 0.7487581 0.8443942 1.1049491 0.9845245 0.0000000 1.2537864 1.8941125 1.6686141 2.3143026 1.7063426 1.6616692 2.1591292 2.0271947 1.7379405 1.9792194 1.8693893 2.0365367 2.0365367 2.1457569 2.3545923 2.0910862 2.3734664 2.6357532 2.3650643 2.4853403 2.4645174 2.4194078 2.1909729 2.2083949 2.0539152 2.2789747 2.0877644 2.6852896 2.4327201 2.5413404 2.5303645 3.0482093 2.1400106 
Chem_TCONS_00073210                     2.0626874 1.9488660 2.0288120 1.8234782 1.3211618 1.1846585 1.1454975 1.5527205 1.2474130 1.3323158 1.7865336 1.3394857 1.2729719 1.2283972 1.0746005 1.1018291 1.1496481 1.3087678 1.2537864 0.0000000 2.3618884 1.9073428 2.2912001 1.9612732 1.5307838 1.9344738 1.7957478 1.7119861 2.3133080 2.2679807 2.3487563 2.3487563 2.1277360 2.3461956 2.3095690 2.7731296 3.1170418 3.3797757 3.4663862 3.2019223 3.1815780 3.3685965 3.3462928 3.2670512 3.0982780 3.2045284 3.6767019 3.5774845 3.4034376 3.4021762 4.2126831 2.0873000 
Bralan_BLAG11000582_1                   3.2540192 3.0743395 3.6103865 2.8424086 2.1188754 2.4178682 2.4948857 2.4612674 2.3604829 2.0739283 2.8623483 1.8738403 2.6307185 2.1430064 2.3988812 1.9411023 2.0831879 2.0862819 1.8941125 2.3618884 0.0000000 0.8188539 2.2536731 1.6853312 2.7410383 2.7271648 2.4089819 2.3930354 2.7495013 2.6663777 3.0481442 3.0481442 2.2593939 2.1552417 1.5904439 2.0149439 4.2584868 3.6932551 3.9265099 4.0600112 4.1933834 3.3443676 3.9347947 3.8808308 4.3301301 4.2671793 3.7634574 3.6363217 4.4984672 4.4803016 4.0803170 4.1807234 
Bralan_BLAG15000753_1                   2.3476336 2.1190712 2.6269020 2.3658444 1.5558782 1.6396012 1.6558401 1.8125864 1.7305281 1.4862629 1.9797467 1.3018372 1.7824256 1.7868151 1.8012685 1.6456963 1.6688564 1.8168343 1.6686141 1.9073428 0.8188539 0.0000000 1.4436870 1.3100398 2.0616935 2.0812021 1.7255050 2.0510025 2.2928153 2.0779887 2.5715440 2.5715440 1.7982914 2.2773631 1.5869206 1.9119474 3.3901655 3.2608729 3.4246990 3.4397586 3.6349118 2.9491816 3.6826145 3.3760778 3.6658051 3.6358238 3.0866489 3.6540139 3.8655098 3.8494404 3.8010551 2.8158353 
Spur_XM_030979963.1                     3.3086834 3.3745312 3.0939302 3.0819898 1.8998343 1.8291425 1.8560677 2.2077026 2.2993996 2.1163105 2.8283388 2.0053099 2.0778634 2.0216465 2.0661309 2.2421762 2.5307619 2.5951766 2.3143026 2.2912001 2.2536731 1.4436870 0.0000000 1.4052561 2.6225057 2.3063630 2.0646302 2.2974406 2.6415643 2.5980033 2.4403754 2.4403754 1.9615410 2.5364312 1.7828712 1.9898391 3.4774060 2.7166793 2.9128405 3.4535522 3.3181472 2.9453804 3.1897646 3.3075136 3.2671105 3.3330530 3.5162553 3.5840387 3.3242914 3.3125783 3.9225371 3.1893677 
Skow_XM_002737466.2                     2.8854716 2.6112007 2.8399517 3.0210631 1.7315245 1.9444604 1.9324449 2.0303638 2.0165713 1.7709707 2.3544509 1.6406028 2.1392201 1.7832470 1.9946178 1.8468411 1.9927195 1.8776053 1.7063426 1.9612732 1.6853312 1.3100398 1.4052561 0.0000000 2.2396152 2.0503635 1.8411907 2.1692093 2.3567547 2.3706631 2.4781370 2.4781370 2.2156482 2.3054139 1.7206951 1.7516349 2.8449552 3.4197356 3.0053849 3.3886565 3.2729475 2.7912030 3.2209643 2.9658825 2.7352418 2.6851726 3.2482451 3.3489654 3.1129873 3.1005217 3.2444539 2.9557179 
Clacor_Ccor_scaffold2365_01             1.6913995 1.4707335 1.6929504 1.7924461 1.5648573 1.4420380 1.4767137 1.7154471 1.8365289 1.7035076 2.0739733 1.5989984 1.5659835 1.6543028 1.5874289 1.6766962 1.8750023 1.8808967 1.6616692 1.5307838 2.7410383 2.0616935 2.6225057 2.2396152 0.0000000 2.2015819 1.7968860 1.6262296 2.4671691 2.5410375 2.3421727 2.3421727 2.4566907 2.4293031 2.6493944 2.6994309 3.3438607 3.5795731 2.8638436 3.5843563 3.2063713 3.2110623 3.5266926 3.6380608 3.5790237 3.5198915 3.6097854 3.7845192 3.3260244 3.3138566 4.1100861 3.0492540 
Opea_EP00118_Oscarella_pearsei_P028747  2.3201439 2.3315419 2.6412900 2.3510986 1.8350297 1.7146494 1.7766147 2.0809069 1.8221134 1.9417226 2.3671470 1.5448949 1.9558014 1.8721606 1.9005859 1.7112865 1.9412149 2.1822993 2.1591292 1.9344738 2.7271648 2.0812021 2.3063630 2.0503635 2.2015819 0.0000000 0.0000010 1.1303213 2.1239392 2.1192325 2.5099405 2.5099405 1.8393092 2.5242482 2.6012955 2.5412222 3.5906525 3.3869450 3.1943768 3.8336897 3.4280447 2.8910918 3.1337518 3.2314119 3.4013833 3.3950963 4.1907060 3.3664248 3.1468160 3.1147648 4.6236817 3.1859756 
Ocar_g7358                              2.1990808 2.2050301 2.5441368 2.1095428 1.6646562 1.5454919 1.6012618 1.8955215 1.6497899 1.7954792 2.3055737 1.3690874 1.9530458 1.8301577 1.9537513 1.6754103 1.7607849 2.0336536 2.0271947 1.7957478 2.4089819 1.7255050 2.0646302 1.8411907 1.7968860 0.0000010 0.0000000 1.0917683 1.8841818 1.9404601 1.9720289 1.9720289 1.3797995 2.0498455 2.4312478 2.2305539 3.4239235 2.9842323 3.0859574 3.3806565 3.3806565 2.6412415 3.0421296 3.0819465 3.1778918 3.1778918 3.6239063 3.1410762 3.3611642 3.3174250 4.0897676 3.2377783 
Plajan_Pjan_C551461_01                  1.9293459 1.9597529 2.2574098 2.0842066 1.7697951 1.7285193 1.6223383 2.1707876 1.8458269 1.8300261 2.3540290 1.4506563 1.7490278 1.7349307 1.7729915 1.8480616 2.1555979 2.1550717 1.7379405 1.7119861 2.3930354 2.0510025 2.2974406 2.1692093 1.6262296 1.1303213 1.0917683 0.0000000 1.8227272 1.7971342 1.9684051 1.9684051 1.9995633 2.3632384 2.5662139 2.4426000 2.8496979 2.6730864 2.4027848 2.8143694 2.6857344 2.6228870 2.7367278 2.6850075 2.8312911 2.8373648 3.0639292 2.7997960 3.2088539 3.2100526 3.5320476 2.8529124 
HoiH23_PlH23_005013-RA                  2.4338501 2.5898864 2.7540770 2.4449103 2.1538145 2.1325331 2.0859429 2.3172534 1.8877652 1.9591409 2.5922708 1.9406709 1.7730033 1.8557169 1.8296589 1.9070564 2.0714288 1.9309386 1.9792194 2.3133080 2.7495013 2.2928153 2.6415643 2.3567547 2.4671691 2.1239392 1.8841818 1.8227272 0.0000000 0.2007857 0.3891602 0.3891602 2.3606527 2.1901560 2.2588927 2.8931975 3.6998099 3.0741526 2.9063554 3.2745416 3.0688639 2.9251981 3.4215586 3.0972154 3.4771486 3.3498423 3.3053775 3.5217560 3.6583993 3.6594677 3.9145803 2.9928927 
Hhon_g04939.t1                          2.2101972 2.6184437 2.6021623 2.5498533 2.1772749 2.0626987 2.0123005 2.2643168 1.8439008 1.9342704 2.5547777 1.9120022 1.7840729 1.8744688 1.8531868 1.9505742 2.1422402 2.0018404 1.8693893 2.2679807 2.6663777 2.0779887 2.5980033 2.3706631 2.5410375 2.1192325 1.9404601 1.7971342 0.2007857 0.0000000 0.4931155 0.4931155 2.3234739 2.2593414 2.1643569 2.8000361 3.8706665 2.8980723 2.9337523 3.1205754 3.2945780 2.9252206 3.4119030 3.1548663 3.4885144 3.5144518 3.3207454 3.4506346 3.3427099 3.3439090 3.6895092 2.9670346 
TrH2_TrispH2_006302-RA                  2.1537255 2.5902725 2.9957211 2.5818786 2.4699518 2.3066780 2.3095938 2.6030963 2.2529486 2.3013697 2.9736567 2.0496253 2.0550904 2.0120319 2.0287023 2.0401958 2.1033528 1.9454998 2.0365367 2.3487563 3.0481442 2.5715440 2.4403754 2.4781370 2.3421727 2.5099405 1.9720289 1.9684051 0.3891602 0.4931155 0.0000000 0.0000010 2.5159198 2.0773809 2.6340230 3.4726523 3.6735704 3.3546476 2.7893632 3.2643291 2.8462763 2.8218043 3.8928841 3.2850933 3.4545971 3.2656775 3.5534701 3.6900810 3.3427873 3.3439809 3.9061629 3.1181930 
Tadh_TriadT61956                        2.1537255 2.5902725 2.9957211 2.5818786 2.4699518 2.3066780 2.3095938 2.6030963 2.2529486 2.3013697 2.9736567 2.0496253 2.0550904 2.0120319 2.0287023 2.0401958 2.1033528 1.9454998 2.0365367 2.3487563 3.0481442 2.5715440 2.4403754 2.4781370 2.3421727 2.5099405 1.9720289 1.9684051 0.3891602 0.4931155 0.0000010 0.0000000 2.5159198 2.0773809 2.6340230 3.4726523 3.6735704 3.3546476 2.7893632 3.2643291 2.8462763 2.8218043 3.8928841 3.2850933 3.4545971 3.2656775 3.5534701 3.6900810 3.3427873 3.3439809 3.9061629 3.1181930 
Cgig_XM_011448744.3                     2.6148551 2.5318063 2.9620134 2.6557780 1.9135018 1.8831582 1.8093710 2.2987757 2.0850293 2.0380011 2.9042752 1.6996092 2.0588487 1.9380529 2.1214100 2.0198732 2.0160867 2.1446978 2.1457569 2.1277360 2.2593939 1.7982914 1.9615410 2.2156482 2.4566907 1.8393092 1.3797995 1.9995633 2.3606527 2.3234739 2.5159198 2.5159198 0.0000000 2.5585510 1.8163187 2.0293839 2.5985606 2.3951142 2.4400010 2.6733371 2.4715480 2.3614143 2.7458774 2.5404544 2.5066749 2.6241357 2.7815719 2.4235667 3.0945119 3.0815979 2.8297348 3.3606303 
Hsap_ENST00000302125                    3.1977797 2.8448038 2.8453534 2.8595764 2.6928973 2.6381537 2.6460753 2.6949985 2.5764419 2.6544679 3.0332151 2.3839955 2.6261447 2.8171765 2.5379063 2.1761739 2.2378942 2.3115603 2.3545923 2.3461956 2.1552417 2.2773631 2.5364312 2.3054139 2.4293031 2.5242482 2.0498455 2.3632384 2.1901560 2.2593414 2.0773809 2.0773809 2.5585510 0.0000000 2.4729935 2.9942672 3.2112400 2.9994422 3.4064348 3.6197409 3.3146477 3.3134340 3.4314326 3.7537280 4.0388466 3.8243234 3.9392099 4.1911669 3.4646585 3.4503548 3.6065443 2.5255788 
Ctel_gnl_WGS_AMQN_CAPTEDRAFT_mRNA226465 3.1023176 3.3230054 3.0797872 2.9565974 2.3105942 2.4664554 2.3334134 2.5365678 2.2406128 2.1415334 2.6255761 2.0659895 2.3651957 2.1036072 2.1375527 2.0506038 1.9350244 2.1546881 2.0910862 2.3095690 1.5904439 1.5869206 1.7828712 1.7206951 2.6493944 2.6012955 2.4312478 2.5662139 2.2588927 2.1643569 2.6340230 2.6340230 1.8163187 2.4729935 0.0000000 1.8931304 3.4026945 3.5720285 3.4231026 3.4553340 3.3978743 3.3208641 3.5869985 3.4095085 3.6432985 3.6677527 3.5929530 3.6560366 3.5796950 3.5771163 3.6889635 3.6663031 
Acagra_model.g3577.t1                   3.8159447 3.4536253 3.4662817 3.8506797 2.1978862 2.3424666 2.1700150 2.3829831 2.6187936 2.5768415 3.3054059 2.1866477 2.1987185 2.2444608 2.3816400 2.1980211 2.4704613 2.4518160 2.3734664 2.7731296 2.0149439 1.9119474 1.9898391 1.7516349 2.6994309 2.5412222 2.2305539 2.4426000 2.8931975 2.8000361 3.4726523 3.4726523 2.0293839 2.9942672 1.8931304 0.0000000 3.7965561 4.0898023 3.5219341 4.1502937 3.9667512 3.4031213 3.7863408 3.6997195 3.8023204 3.6318570 4.0131009 3.5852805 3.7465509 3.7475498 4.5912509 3.3312163 
Horcal_Hcv1.av93.c2.g659.i1             3.7865342 3.3179804 3.5798552 4.5245517 2.4043168 2.7160241 2.6479844 2.1089111 2.6865923 2.7578749 2.9810142 2.5041555 2.8718819 2.9278515 2.5967386 2.7120818 3.1397866 3.0164848 2.6357532 3.1170418 4.2584868 3.3901655 3.4774060 2.8449552 3.3438607 3.5906525 3.4239235 2.8496979 3.6998099 3.8706665 3.6735704 3.6735704 2.5985606 3.2112400 3.4026945 3.7965561 0.0000000 1.0003348 0.8380270 1.1132005 0.9145779 0.9878639 1.1483238 0.9926145 0.8878228 0.9024188 0.7865653 1.1501294 0.9407649 0.9400809 1.6682750 4.6903164 
Mlei_ML0517.g20.i1                      3.2659741 2.9868647 3.2657509 3.8596651 2.8636899 2.9862276 2.9630731 2.6539134 2.8960886 2.9901915 3.1722543 2.7477562 2.9480721 3.0589021 2.7557626 2.7341618 3.1171991 3.1882640 2.3650643 3.3797757 3.6932551 3.2608729 2.7166793 3.4197356 3.5795731 3.3869450 2.9842323 2.6730864 3.0741526 2.8980723 3.3546476 3.3546476 2.3951142 2.9994422 3.5720285 4.0898023 1.0003348 0.0000000 0.3240276 0.8587634 0.6757633 0.7740259 0.8761884 0.8406978 0.8285698 0.8144727 0.7667163 1.0276105 1.4478845 1.4493944 1.5520213 4.1475905 
Mertsp_Mesp_sb567203                    2.6655276 2.5418029 2.8407281 3.0957831 2.4987275 2.6271650 2.5016891 2.3388128 2.4894114 2.8294504 2.9996704 2.5275029 2.9548001 2.9065618 2.8084254 2.4879403 2.7233737 2.9318659 2.4853403 3.4663862 3.9265099 3.4246990 2.9128405 3.0053849 2.8638436 3.1943768 3.0859574 2.4027848 2.9063554 2.9337523 2.7893632 2.7893632 2.4400010 3.4064348 3.4231026 3.5219341 0.8380270 0.3240276 0.0000000 0.5898852 0.5718927 0.5948683 0.7703390 0.7039978 0.6895201 0.6895201 0.6069814 0.7430609 1.1113752 1.1132366 1.3396174 3.6323401 
Beraby_Baby_sb352771                    3.0557190 3.0096047 3.2606653 3.5487867 2.5724869 2.8908290 2.6433060 2.4420236 2.7251085 2.6203184 2.7472862 2.7278472 2.9678763 2.9282911 2.5955202 2.4116470 2.9915494 3.1313813 2.4645174 3.2019223 4.0600112 3.4397586 3.4535522 3.3886565 3.5843563 3.8336897 3.3806565 2.8143694 3.2745416 3.1205754 3.2643291 3.2643291 2.6733371 3.6197409 3.4553340 4.1502937 1.1132005 0.8587634 0.5898852 0.0000000 0.0000010 0.9488423 1.1361026 0.9677587 0.9281755 0.9551471 0.7997043 1.0112316 1.2956396 1.2971028 1.8659177 4.7654840 
Drygla_Dgla_sb272396                    2.7287445 2.7624994 2.9074172 3.1729018 2.3620138 2.6921866 2.4587019 2.2065341 2.6073585 2.5840044 2.7281111 2.5699471 3.0255850 2.9070979 2.7347518 2.5142268 2.8689180 3.0989995 2.4194078 3.1815780 4.1933834 3.6349118 3.3181472 3.2729475 3.2063713 3.4280447 3.3806565 2.6857344 3.0688639 3.2945780 2.8462763 2.8462763 2.4715480 3.3146477 3.3978743 3.9667512 0.9145779 0.6757633 0.5718927 0.0000010 0.0000000 0.7873839 0.8458912 0.7555321 0.7541752 0.7541752 0.6284529 0.8228913 1.0019692 1.0037724 1.4531942 5.6392163 
Lampan_Lpan_C403403_01                  3.5812805 3.2071406 3.6255142 3.9737571 2.1588490 2.4622292 2.3490748 1.9367389 2.3645462 2.3817986 2.5122188 2.3968148 2.6043142 2.6162830 2.2493326 2.1677647 2.4531380 2.5018470 2.1909729 3.3685965 3.3443676 2.9491816 2.9453804 2.7912030 3.2110623 2.8910918 2.6412415 2.6228870 2.9251981 2.9252206 2.8218043 2.8218043 2.3614143 3.3134340 3.3208641 3.4031213 0.9878639 0.7740259 0.5948683 0.9488423 0.7873839 0.0000000 1.0287641 0.8522512 0.8491411 0.8666578 0.9482500 1.2016621 1.1033983 1.0985433 1.7808781 3.9967224 
Vmul_Simscaffold10823_01                4.2489999 3.3122451 3.3501054 3.9495325 2.3524097 2.4515532 2.4585900 2.2036343 2.4457793 2.8096526 3.1284211 2.8666259 2.8508601 2.6608154 2.6454999 2.5526930 2.9490358 2.8275468 2.2083949 3.3462928 3.9347947 3.6826145 3.1897646 3.2209643 3.5266926 3.1337518 3.0421296 2.7367278 3.4215586 3.4119030 3.8928841 3.8928841 2.7458774 3.4314326 3.5869985 3.7863408 1.1483238 0.8761884 0.7703390 1.1361026 0.8458912 1.0287641 0.0000000 0.3158243 0.3385915 0.3348017 1.1752888 1.1650829 1.3555224 1.3411605 2.1094169 5.0656177 
Coemet_Cmet_scaffold19539_01            4.1111582 3.3678072 3.6249055 4.5853609 2.1811165 2.3129818 2.2456469 1.9486622 2.2030505 2.4455014 2.7505052 2.6112591 2.8029845 2.6449880 2.5921854 2.3396162 2.6686536 2.7592860 2.0539152 3.2670512 3.8808308 3.3760778 3.3075136 2.9658825 3.6380608 3.2314119 3.0819465 2.6850075 3.0972154 3.1548663 3.2850933 3.2850933 2.5404544 3.7537280 3.4095085 3.6997195 0.9926145 0.8406978 0.7039978 0.9677587 0.7555321 0.8522512 0.3158243 0.0000000 0.0656879 0.0769979 0.9008569 1.0380506 1.1727234 1.1596474 1.9146582 5.0480424 
Coeast_Cast_sb797902                    4.0271254 3.4714262 3.7694916 4.8614964 2.2448719 2.4484650 2.3016968 2.0219360 2.2957640 2.4395171 2.7710139 2.6873588 3.0947431 2.7994869 2.6730225 2.5861021 2.9444678 3.0842408 2.2789747 3.0982780 4.3301301 3.6658051 3.2671105 2.7352418 3.5790237 3.4013833 3.1778918 2.8312911 3.4771486 3.4885144 3.4545971 3.4545971 2.5066749 4.0388466 3.6432985 3.8023204 0.8878228 0.8285698 0.6895201 0.9281755 0.7541752 0.8491411 0.3385915 0.0656879 0.0000000 0.0123216 0.9042687 0.9980485 1.1716192 1.1578128 1.8043673 4.8132941 
Coeast_Cast_sb797903                    3.8767854 3.6049255 3.7151443 4.7672769 2.1684758 2.3641568 2.2417556 1.9229712 2.2808619 2.4045829 2.7186555 2.6107298 2.9800878 2.7962641 2.6730225 2.4738101 2.7734319 3.0110980 2.0877644 3.2045284 4.2671793 3.6358238 3.3330530 2.6851726 3.5198915 3.3950963 3.1778918 2.8373648 3.3498423 3.5144518 3.2656775 3.2656775 2.6241357 3.8243234 3.6677527 3.6318570 0.9024188 0.8144727 0.6895201 0.9551471 0.7541752 0.8666578 0.3348017 0.0769979 0.0123216 0.0000000 0.9227111 1.0653795 1.1667716 1.1523582 1.8626604 4.6108349 
Mertsp_Mesp_sb555940                    3.7504359 3.1540043 3.4539013 4.3866377 2.6559644 3.0186088 2.7830552 2.5929004 2.9413908 3.0849801 3.4289819 3.2350385 3.1270093 3.0446485 2.9281223 2.7715240 3.1286188 3.2117624 2.6852896 3.6767019 3.7634574 3.0866489 3.5162553 3.2482451 3.6097854 4.1907060 3.6239063 3.0639292 3.3053775 3.3207454 3.5534701 3.5534701 2.7815719 3.9392099 3.5929530 4.0131009 0.7865653 0.7667163 0.6069814 0.7997043 0.6284529 0.9482500 1.1752888 0.9008569 0.9042687 0.9227111 0.0000000 0.9055997 1.2493145 1.2484278 1.6593787 5.0153673 
Drygla_Dgla_sb278559                    3.6024202 3.1115740 3.2470704 4.0275346 2.6896081 2.6495782 2.6012583 2.5278487 2.7048812 2.7053037 2.9648018 2.9961660 2.9116007 2.6584185 2.5274582 2.3578450 2.7459763 2.9938580 2.4327201 3.5774845 3.6363217 3.6540139 3.5840387 3.3489654 3.7845192 3.3664248 3.1410762 2.7997960 3.5217560 3.4506346 3.6900810 3.6900810 2.4235667 4.1911669 3.6560366 3.5852805 1.1501294 1.0276105 0.7430609 1.0112316 0.8228913 1.2016621 1.1650829 1.0380506 0.9980485 1.0653795 0.9055997 0.0000000 1.1616566 1.1632697 2.0529563 5.0446612 
Eupdun_Edun_sb10658729                  3.8277201 3.4554914 3.1531624 3.9594802 2.5199819 2.6789658 2.4133397 2.1333469 2.5690000 2.7655678 2.9961021 2.7170920 3.2411249 2.5869262 2.2772019 2.3350655 2.9503842 2.8513173 2.5413404 3.4034376 4.4984672 3.8655098 3.3242914 3.1129873 3.3260244 3.1468160 3.3611642 3.2088539 3.6583993 3.3427099 3.3427873 3.3427873 3.0945119 3.4646585 3.5796950 3.7465509 0.9407649 1.4478845 1.1113752 1.2956396 1.0019692 1.1033983 1.3555224 1.1727234 1.1716192 1.1667716 1.2493145 1.1616566 0.0000000 0.0051326 2.1359458 4.1819984 
Eupdun_Edun_sb10658730                  3.8285578 3.4565084 3.1542934 3.9603050 2.5090621 2.6675844 2.4026498 2.1164381 2.5566566 2.7646780 2.9961021 2.7048369 3.2273761 2.5759126 2.2601532 2.3241221 2.9375026 2.8389800 2.5303645 3.4021762 4.4803016 3.8494404 3.3125783 3.1005217 3.3138566 3.1147648 3.3174250 3.2100526 3.6594677 3.3439090 3.3439809 3.3439809 3.0815979 3.4503548 3.5771163 3.7475498 0.9400809 1.4493944 1.1132366 1.2971028 1.0037724 1.0985433 1.3411605 1.1596474 1.1578128 1.1523582 1.2484278 1.1632697 0.0051326 0.0000000 2.1373361 4.1819984 
Mlei_ML0517.g21.i1                      4.3667890 3.6516077 4.0601863 3.9785208 3.3968088 3.6329626 3.6529057 3.4051974 3.2257703 3.4706900 3.9071261 2.8776221 3.8193410 3.5187004 3.6522836 3.3539174 3.7199802 3.6059383 3.0482093 4.2126831 4.0803170 3.8010551 3.9225371 3.2444539 4.1100861 4.6236817 4.0897676 3.5320476 3.9145803 3.6895092 3.9061629 3.9061629 2.8297348 3.6065443 3.6889635 4.5912509 1.6682750 1.5520213 1.3396174 1.8659177 1.4531942 1.7808781 2.1094169 1.9146582 1.8043673 1.8626604 1.6593787 2.0529563 2.1359458 2.1373361 0.0000000 5.9976409 
Hvul_g8155_1                            4.3321685 3.2183444 3.4487276 3.8541608 2.4138159 2.3288643 2.1923381 1.8871384 2.4768886 2.1726119 2.0166858 2.2271734 2.2858834 2.8909504 1.7488766 1.6514042 1.7383248 1.8741830 2.1400106 2.0873000 4.1807234 2.8158353 3.1893677 2.9557179 3.0492540 3.1859756 3.2377783 2.8529124 2.9928927 2.9670346 3.1181930 3.1181930 3.3606303 2.5255788 3.6663031 3.3312163 4.6903164 4.1475905 3.6323401 4.7654840 5.6392163 3.9967224 5.0656177 5.0480424 4.8132941 4.6108349 5.0153673 5.0446612 4.1819984 4.1819984 5.9976409 0.0000000 
