77
Lcom_lcpid138520                                        0.0000000 1.8605350 2.6640289 2.7254079 0.0000010 0.0000010 2.4221536 0.0000010 0.0000010 0.6098509 2.7158850 2.3100643 0.0000010 2.2918996 2.2918996 2.4413439 2.4202406 2.3384196 0.0000010 2.7381669 2.3651376 2.3526575 2.4016624 2.2930446 9.0000000 2.3220651 2.6457507 0.0000010 1.7851495 1.7137942 0.0000010 1.8636027 1.9363692 1.5422931 1.7898226 1.8637987 0.0000010 3.2624808 0.0000010 2.3641420 1.8467142 1.8051573 0.0000010 1.8167354 1.5834735 1.5700029 1.6953159 1.8803154 1.7875125 1.8353276 1.9583693 1.9137189 1.9165156 2.0091632 1.7413866 1.4635999 1.5333706 1.7278747 2.0317694 2.5143112 1.9795337 1.9871027 1.9185960 1.9263698 1.9630007 1.9671988 1.9202192 0.0000010 1.6334964 1.5713769 1.4900555 1.5630263 1.5866916 0.7273810 1.2639568 3.3247206 1.9610763 
Exapal_XM_021060512.2                                   1.8605350 0.0000000 1.7009341 2.1036925 0.0000010 0.0000010 1.9724891 0.0000010 0.0000010 0.0000010 1.8165413 1.4129963 0.0000010 1.6230903 1.7824162 1.8295928 1.8229410 1.9591139 0.0000010 2.2387564 1.5084005 1.3664880 2.3405130 2.0064884 0.0000010 1.9193606 2.0245011 0.0000010 1.1571022 1.4193264 0.0000010 1.6710049 1.6853370 1.3539218 1.4867604 1.3857372 0.0000010 2.6980990 0.0000010 1.6396801 2.0775403 1.9785727 0.0000010 2.1271639 1.9023653 2.0052576 2.0541778 0.9714383 0.9180958 0.8130316 0.8833414 0.9759897 1.0569216 1.0706034 0.6028693 0.0793970 1.7225620 1.7992877 1.6062500 1.5217271 1.5118518 1.5588134 1.4332311 1.2237182 1.5604143 1.5672461 0.9566813 0.0000010 2.0950665 2.0342794 1.7037407 2.1260538 2.0667313 0.0000010 1.7421367 2.0790819 2.0456628 
Vmul_sbMO413588                                         2.6640289 1.7009341 0.0000000 0.0000010 0.0000010 0.0000010 0.2799486 0.0000010 0.0000010 0.0000010 0.2075397 0.1230349 3.6279425 0.2875091 0.2929924 0.4135952 0.4066810 0.3977353 0.0000010 0.4704746 0.4482283 0.4833451 0.5610703 0.5219987 1.5823825 0.5738043 0.4410134 0.0000010 2.0919733 2.4010781 0.0000010 2.3693957 2.3698561 1.8730300 2.3053218 2.3674190 0.0000010 2.5878176 0.0000010 2.0749260 1.9750095 1.9405216 0.0000010 2.0861123 2.1505507 2.1985634 2.2691922 2.1381275 2.0348231 2.0139148 1.9408928 2.2771761 2.4216384 2.1399761 1.8752373 1.9586042 2.1168076 1.8798920 1.9518554 2.4949536 2.5432749 2.4773661 2.3701454 2.3701454 2.5194701 2.4318286 2.0360300 0.0000010 2.2239680 1.9865699 1.9480808 2.0726198 3.3927288 0.0000010 2.0220962 2.5276648 2.2651700 
Mlei_ML0053.g27.i1                                      2.7254079 2.1036925 0.0000010 0.0000000 1.4164179 0.0000010 0.3334232 1.2130242 1.7760986 1.2130242 0.3152507 0.1905110 3.6279425 0.3161446 0.3748162 0.5629832 0.5612839 0.6151879 1.0825936 0.5477011 0.5280517 0.5610797 0.6821630 0.6245811 1.5823825 0.6524792 0.5428961 0.0000010 2.2928396 2.5362125 0.0000010 2.4981894 2.5638519 2.2239543 2.5808777 2.8255526 0.0000010 2.4560302 1.4266380 2.1204491 1.9461031 1.9906226 1.7540442 2.2854429 2.3373276 2.2885280 2.3880374 2.3511949 2.3028323 2.2480056 2.1752896 2.5400146 2.6504512 2.4254982 1.9973915 1.9002440 2.3143552 2.2606444 2.1636842 2.7244404 2.9675528 3.0043736 2.7871242 2.6979494 3.0237314 2.9836017 2.1535517 0.0000010 2.4618577 2.5694415 2.2068612 2.4424071 3.4363804 1.7853391 2.6487666 2.3625343 2.3481727 
Bolinf_Binf_sb1302938                                   0.0000010 0.0000010 0.0000010 1.4164179 0.0000000 0.0000010 0.0000010 0.0046141 0.1749451 0.1647736 0.1795642 0.1795642 0.2365185 0.2415256 0.2415256 0.2500128 0.2288504 0.2544221 0.2353357 0.2353357 0.3476855 0.2979723 0.3513008 0.3005145 0.4158962 0.4270376 1.1894239 1.2616694 1.0074841 1.1073071 1.6154763 1.1280973 1.1198561 1.2178613 1.0742306 0.9802356 1.2549926 1.1697330 1.0863190 1.1762924 1.0123543 1.0243276 1.3550152 1.4622620 1.4716291 1.4644292 1.4280708 1.1958257 1.2013231 1.3132527 1.3410557 1.5214009 1.2994988 1.2319645 1.1074451 1.1100235 1.0795192 1.1256314 1.0023143 0.0000010 1.2079983 1.2420028 1.2383332 1.2255642 1.2097940 1.1218094 1.1264648 1.3084462 1.1781890 1.2348021 1.2530132 1.4295119 1.4553043 1.1526857 0.0000010 1.3960562 0.0000010 
Mertsp_Mesp_sb609127                                    0.0000010 0.0000010 0.0000010 0.0000010 0.0000010 0.0000000 0.0000010 0.0000010 0.1848673 0.1754182 0.2009910 0.2009910 0.2365185 0.2346954 0.2346954 0.2534693 0.2062301 0.2502104 0.1752496 0.1752496 0.3499224 0.3101615 0.3945155 0.3451994 0.4158962 0.4039709 1.1894239 1.1630035 1.0872375 1.1068748 1.6154763 1.0050026 1.0301318 1.1863113 1.0956986 0.9232064 1.2549926 1.1775683 0.4575688 1.2014089 1.0500553 1.0849826 1.2645191 1.2781507 1.2847452 1.2938770 1.2635356 1.0549957 1.0357890 1.1910585 1.2256460 0.2981179 1.3345174 1.1334066 1.1134082 1.0886617 1.0511319 1.0741678 0.9838355 0.0000010 1.1768040 1.1891006 1.2014651 1.1848838 1.1695509 1.1253910 1.1316231 1.2896702 1.1284818 1.1959496 1.1946030 1.1608859 1.1654597 1.1479141 0.0000010 1.9998481 0.0000010 
Beraby_Baby_sb342441                                    2.4221536 1.9724891 0.2799486 0.3334232 0.0000010 0.0000010 0.0000000 0.0036500 0.1749451 0.1384361 0.1893445 0.1732018 0.2454150 0.2549065 0.2891958 0.3570807 0.3511643 0.3628187 0.2293933 0.3482815 0.4172923 0.3830703 0.4670282 0.4380930 0.4224116 0.4927857 0.6223649 1.2616694 1.3597907 1.5158295 1.6154763 1.5752939 1.5264292 1.4567579 1.4528127 1.4101191 1.2549926 1.6242417 1.1900899 1.6395039 1.4456656 1.4711960 1.2589629 1.6704602 1.6689108 1.7227420 1.7482892 1.5341841 1.5462307 1.5921735 1.5615881 1.7912143 1.7373378 1.6311481 1.3177938 1.2333942 1.3881604 1.4755739 1.3706038 2.8607936 1.7360256 1.7374032 1.6942114 1.6392497 1.7458288 1.6927547 1.3435863 1.3084462 1.5183708 1.6378052 1.5609237 1.7723319 2.1516239 0.9402721 2.6264702 2.5301585 1.8928694 
Drygla_Dgla_sb272869                                    0.0000010 0.0000010 0.0000010 1.2130242 0.0046141 0.0000010 0.0036500 0.0000000 0.1742772 0.1477627 0.1543852 0.1543852 0.2365185 0.2181200 0.2181200 0.2305807 0.2070553 0.2325756 0.2273998 0.2273998 0.3079544 0.2709587 0.3106048 0.2610328 0.4158962 0.3518927 1.1894239 1.2616694 0.9086320 1.0009061 1.6154763 1.0105175 0.9809129 1.0530913 0.9075095 0.9076378 1.2549926 1.1371990 1.0633757 1.1341033 0.9805258 0.9986170 1.2621037 1.3225143 1.3190119 1.3319641 1.2790288 1.0931676 1.0973698 1.1790978 1.1993868 1.1136488 1.1391547 1.1179565 1.0367547 1.0626187 0.9734897 0.9894992 0.8591689 0.0000010 1.0832363 1.1081987 1.0850030 1.0754254 1.0766113 1.0104040 1.0137796 1.3084462 1.0725215 1.0988548 1.1177458 1.2150692 1.2827075 0.9762769 0.0000010 1.3960562 0.0000010 
Mlei_ML0053.g26.i1                                      0.0000010 0.0000010 0.0000010 1.7760986 0.1749451 0.1848673 0.1749451 0.1742772 0.0000000 0.0047472 0.0944453 0.0944453 0.1247265 0.2490519 0.2490519 0.2069843 0.1983005 0.2005150 0.2355152 0.2355152 0.3107168 0.2800402 0.3268943 0.2658617 0.3693952 0.4115653 0.5410382 1.0593853 0.8883065 1.0677345 1.3463161 1.0628780 1.0316016 1.0838737 0.9954725 0.9854682 1.1665293 1.0967101 0.9797001 1.0919461 0.9377868 0.9454511 1.2537937 1.4066828 1.4101184 1.3872778 1.3499638 1.1211716 1.1302386 1.2449596 1.2587335 1.4436905 1.2901463 1.1546017 1.0569373 1.1276042 1.0392514 0.9972379 0.9747281 0.0000010 1.2399036 1.2301121 1.2267037 1.2160672 1.2226495 1.2380172 1.2419705 1.2779535 1.1109325 1.1599133 1.1875798 1.3827485 1.3627577 1.1753950 0.0000010 1.3953262 0.0000010 
Vmul_sbMO413584                                         0.6098509 0.0000010 0.0000010 1.2130242 0.1647736 0.1754182 0.1384361 0.1477627 0.0047472 0.0000000 0.0633051 0.0633051 0.1159883 0.1816398 0.1816398 0.1600414 0.1530660 0.1492864 0.2082040 0.1893343 0.2308879 0.2113848 0.2513358 0.1877349 0.3676117 0.3194459 0.5410382 1.0589428 0.7956144 0.9133114 1.3493635 0.9165656 0.8575708 0.8966712 0.8036344 0.8808823 1.1790988 1.1517922 1.0538533 1.1239421 0.9363638 0.9431103 1.1682597 1.1868533 1.1903583 1.2199629 1.1918767 1.0157668 1.0213920 1.1005343 1.1011247 0.9915695 1.1276242 1.0464398 0.9523134 1.0418795 0.8571427 0.8987551 0.8090956 0.0000010 1.0539172 1.0515239 1.0457874 1.0393271 1.0636963 1.0605947 1.0629273 1.2897181 0.9572353 0.9718115 1.0101078 1.0730973 1.2625275 0.9437605 0.0000010 1.5529189 0.4593066 
Mertsp_Mesp_sb572849                                    2.7158850 1.8165413 0.2075397 0.3152507 0.1795642 0.2009910 0.1893445 0.1543852 0.0944453 0.0633051 0.0000000 0.0049290 0.0197543 0.2048080 0.2048080 0.2461699 0.2318394 0.2387954 0.2393801 0.2609209 0.3359049 0.3156910 0.3439228 0.3300233 0.4188567 0.4175536 0.8453383 1.1184165 1.1279359 1.1633466 1.5265171 1.2665501 1.2426228 1.2102902 1.0878295 1.1620443 1.1432384 1.5078503 1.1143142 1.2967939 1.1465048 1.1737965 1.1395250 1.4183633 1.4472182 1.4952205 1.4601154 1.2834096 1.2696826 1.3403195 1.3490835 1.4299393 1.3888330 1.2887203 1.1956170 1.3105407 1.1522415 1.1643549 1.0683345 3.4143119 1.3872453 1.3756640 1.3777371 1.3730079 1.3938645 1.3344349 1.3169697 1.3580242 1.1959981 1.1712274 1.1991462 1.3392478 1.6220898 0.9481026 2.0715751 2.5777396 1.6526917 
Bolinf_Binf_sb1235475                                   2.3100643 1.4129963 0.1230349 0.1905110 0.1795642 0.2009910 0.1732018 0.1543852 0.0944453 0.0633051 0.0049290 0.0000000 0.0197543 0.1879518 0.1879518 0.2437006 0.2309462 0.2352962 0.2393801 0.2582111 0.3212755 0.3048848 0.3355767 0.3141831 0.4188567 0.3716842 0.4989388 1.1184165 1.1434158 1.2061948 1.5265171 1.2647964 1.2100594 1.2070439 1.1140185 1.2120610 1.1432384 1.4969565 1.1143142 1.3131719 1.1458554 1.1783884 1.1395250 1.3628783 1.3782752 1.4249453 1.3933927 1.3001697 1.2768322 1.3428141 1.3417649 1.4270495 1.3956818 1.3061151 1.1874330 1.3197304 1.1945363 1.1557165 1.0742814 2.1004999 1.3894979 1.3793457 1.3744862 1.3702536 1.3886129 1.3411607 1.3255062 1.3580242 1.2310321 1.2047864 1.2237689 1.3321139 1.5792074 0.9481026 1.5306479 2.1851066 1.5576155 
Mertsp_Mesp_sb572851                                    0.0000010 0.0000010 3.6279425 3.6279425 0.2365185 0.2365185 0.2454150 0.2365185 0.1247265 0.1159883 0.0197543 0.0197543 0.0000000 0.2992065 0.2992065 0.2977831 0.2639852 0.2715893 0.2562321 0.2654374 0.4125229 0.3812054 0.4454127 0.4736869 0.4122383 0.4714917 1.5843087 1.0969522 1.1124155 1.2170323 1.5265171 1.0917536 1.1517270 1.2478880 1.1349069 1.0869101 1.1432384 1.2285386 2.6398269 1.2147760 1.0395426 1.1065963 1.2091311 1.2641063 1.3310417 1.3566092 1.3147078 1.1780128 1.1794710 1.3311771 1.3505183 8.9999988 1.5318652 1.2558551 1.1322471 1.1811365 1.1874730 1.1160944 1.0316278 6.6088213 1.4119074 1.4259380 1.4325102 1.4209876 1.4463377 1.4310106 1.4265711 1.3391460 1.3034737 1.2840104 1.3205431 1.3197117 1.3947294 1.2573712 9.0000000 2.1391154 6.6088213 
Bolinf_Binf_sb1272856                                   2.2918996 1.6230903 0.2875091 0.3161446 0.2415256 0.2346954 0.2549065 0.2181200 0.2490519 0.1816398 0.2048080 0.1879518 0.2992065 0.0000000 0.0000010 0.2993974 0.2941450 0.2944980 0.2500399 0.3103022 0.3444139 0.3313044 0.3612754 0.3533811 0.3844292 0.3966589 0.5091577 0.9882906 1.1622741 1.2921497 1.4739391 1.3453123 1.2920562 1.2420223 1.1502553 1.1824347 1.1329975 1.5821642 1.0922127 1.4325968 1.2147416 1.2194318 1.0080578 1.3973229 1.4035507 1.4603708 1.4840282 1.3476884 1.3295868 1.3578404 1.3554260 1.6032462 1.5118139 1.3859789 1.2453612 1.2828228 1.2316941 1.1981774 1.1621009 2.4611324 1.3767831 1.3593324 1.3629788 1.3570901 1.3832600 1.3217410 1.2213243 1.2554011 1.3244773 1.3569055 1.3820774 1.4419048 1.8398782 0.9337753 2.0540816 2.4393950 1.8708998 
Mertsp_Mesp_sb589097                                    2.2918996 1.7824162 0.2929924 0.3748162 0.2415256 0.2346954 0.2891958 0.2181200 0.2490519 0.1816398 0.2048080 0.1879518 0.2992065 0.0000010 0.0000000 0.3639672 0.3629954 0.3787112 0.2500399 0.3504386 0.3661421 0.3626574 0.4280866 0.4258443 0.3844292 0.4353040 0.6132385 0.9882906 1.3075168 1.4458869 1.4739391 1.4748109 1.4522317 1.3805222 1.3228781 1.3188048 1.1329975 1.5821642 1.0922127 1.6014720 1.3511930 1.3373766 1.0080578 1.5380666 1.5775496 1.6047351 1.6570416 1.4591468 1.4591403 1.4641713 1.4374119 1.7755051 1.6931426 1.5357967 1.3000130 1.2828228 1.3719558 1.3696095 1.3004982 2.7904198 1.5437988 1.5384685 1.5294263 1.5153476 1.5556812 1.5174846 1.2213243 1.2554011 1.4668668 1.5308960 1.5370755 1.6266464 2.0187409 0.9337753 2.3179271 2.5799360 2.0709954 
Pbac_sb2644991                                          2.4413439 1.8295928 0.4135952 0.5629832 0.2500128 0.2534693 0.3570807 0.2305807 0.2069843 0.1600414 0.2461699 0.2437006 0.2977831 0.2993974 0.3639672 0.0000000 0.0203616 0.0351573 0.2512558 0.3581908 0.3750069 0.3558761 0.4315673 0.4011884 0.4501275 0.5476222 0.6560262 1.0734489 1.4151885 1.5307028 1.3779738 1.5353707 1.5396777 1.4990680 1.3427190 1.4520221 1.0791280 1.5970732 1.1179730 1.5919642 1.4250504 1.5092842 1.2705875 1.6128983 1.6509122 1.6267193 1.6572426 1.6233747 1.6096790 1.6466368 1.6305793 1.8257032 1.8100706 1.6589506 1.3840463 1.3384034 1.4529874 1.4059710 1.3940325 2.7352949 1.6423066 1.6680026 1.6186295 1.5871666 1.6471435 1.6170732 1.3368747 1.2510354 1.5594000 1.6453256 1.5893271 1.7443423 2.1899016 0.9427460 2.7202251 2.5527568 2.1109059 
Horcal_Hcv1.av93.c2.g1038.i1                            2.4202406 1.8229410 0.4066810 0.5612839 0.2288504 0.2062301 0.3511643 0.2070553 0.1983005 0.1530660 0.2318394 0.2309462 0.2639852 0.2941450 0.3629954 0.0203616 0.0000000 0.0442951 0.2345032 0.3524460 0.3838117 0.3618907 0.4320457 0.4119209 0.4150413 0.5315185 0.6647428 1.0064210 1.3954832 1.5090926 0.6771250 1.5341796 1.5674733 1.5135415 1.3256243 1.4472980 0.9823815 1.5765537 1.1120749 1.5770566 1.3790278 1.4679871 1.1965626 1.5800093 1.6414910 1.5912027 1.6390052 1.6188941 1.6014354 1.6252453 1.6101674 1.8328271 1.8223760 1.6564410 1.3444116 1.3018233 1.4371008 1.3846204 1.3722348 2.6715713 1.6288690 1.6520586 1.5986520 1.5661859 1.6333319 1.6119330 1.3261245 1.1638791 1.5349633 1.5997522 1.5406287 1.7215498 2.1831709 0.8336014 2.6977950 2.5114761 2.0952754 
Pbac_sb2658479                                          2.3384196 1.9591139 0.3977353 0.6151879 0.2544221 0.2502104 0.3628187 0.2325756 0.2005150 0.1492864 0.2387954 0.2352962 0.2715893 0.2944980 0.3787112 0.0351573 0.0442951 0.0000000 0.2488623 0.3852535 0.3713763 0.3537939 0.4677845 0.4400845 0.4501275 0.5797939 0.8032226 1.1447221 1.4788487 1.5967090 1.3779738 1.5756609 1.5932875 1.5190420 1.3921481 1.4825989 1.0791280 1.6397489 1.1384314 1.6765866 1.5209447 1.6138099 1.3231110 1.6602484 1.7332102 1.6934385 1.7209344 1.6962718 1.6886449 1.6784591 1.6750311 1.8545460 1.9391751 1.7489877 1.3961267 1.3458048 1.5205893 1.4370970 1.4194352 2.8571510 1.6714646 1.6504227 1.6310454 1.6026856 1.6309893 1.6358971 1.3289645 1.2510354 1.7072344 1.6610968 1.7462545 1.8290220 2.3094288 0.9913130 2.9954560 2.9400597 2.2291050 
Drygla_Dgla_sb303619                                    0.0000010 0.0000010 0.0000010 1.0825936 0.2353357 0.1752496 0.2293933 0.2273998 0.2355152 0.2082040 0.2393801 0.2393801 0.2562321 0.2500399 0.2500399 0.2512558 0.2345032 0.2488623 0.0000000 0.0104806 0.3295151 0.3057341 0.3137749 0.3265795 0.4476353 0.3833024 0.5410382 1.1619393 1.0289285 1.0527946 1.6709795 1.1503200 1.0562193 1.1274955 0.9409290 0.9708926 1.3071296 1.1824843 1.1264791 1.2483960 0.9956278 1.0589247 1.2377350 1.3568154 1.3685679 1.3763786 1.2991450 1.1195619 1.1017215 1.1908314 1.1982688 0.9961256 1.2363558 1.1599811 1.0522964 1.1211605 0.9886011 1.0747852 1.0174958 0.0000010 1.1719185 1.1476086 1.1258371 1.1165875 1.1460274 1.1894363 1.1922745 1.4338907 1.2121885 1.2761465 1.3390537 1.3594451 1.4482493 1.1580704 0.0000010 1.6852496 3.0396470 
Drygla_Dgla_sb303615                                    2.7381669 2.2387564 0.4704746 0.5477011 0.2353357 0.1752496 0.3482815 0.2273998 0.2355152 0.1893343 0.2609209 0.2582111 0.2654374 0.3103022 0.3504386 0.3581908 0.3524460 0.3852535 0.0104806 0.0000000 0.4366505 0.4474143 0.4747429 0.5396833 0.4540659 0.5200578 0.7671028 1.1619393 1.4891312 1.5870655 1.6709795 1.7400262 1.5876810 1.5666416 1.4987299 1.5413278 1.3071296 1.6424908 1.0662649 1.6991338 1.4212928 1.4850025 1.2294087 1.6819746 1.7279687 1.7173874 1.7371541 1.6728433 1.6752521 1.7001337 1.6694954 1.9124979 1.8956038 1.7486795 1.3899987 1.3314603 1.5190415 1.5199096 1.4991047 2.5882692 1.7419516 1.7017703 1.6430898 1.6109175 1.7058832 1.7501362 1.4641167 1.4338907 1.6268762 1.7109327 1.7194083 1.7618562 2.2168401 1.0621042 2.8310002 2.5844707 2.2115875 
Vmul_sbMO451377                                         2.3651376 1.5084005 0.4482283 0.5280517 0.3476855 0.3499224 0.4172923 0.3079544 0.3107168 0.2308879 0.3359049 0.3212755 0.4125229 0.3444139 0.3661421 0.3750069 0.3838117 0.3713763 0.3295151 0.4366505 0.0000000 0.1201681 0.4079601 0.1379200 0.3915704 0.4741062 0.0159831 0.9512393 1.1899308 1.2730265 1.3923356 1.4212346 1.3465778 1.3690582 1.1406528 1.2471791 1.1305448 1.5712196 1.0967404 1.5632133 1.3337918 1.3439319 1.1117802 1.4827239 1.5280390 1.6125790 1.5685609 1.3979079 1.3754480 1.4259467 1.3948733 1.6303858 1.6159833 1.4336317 1.2685549 1.1789549 1.1846387 1.1805701 1.2248590 2.5279138 1.5104777 1.4834304 1.4777493 1.4718234 1.4908138 1.4593313 1.2798322 1.2684348 1.2952183 1.2912317 1.3692563 1.5248922 1.7324521 0.9202924 2.2399048 2.6908020 1.8850162 
Coeast_Cast_sb785481                                    2.3526575 1.3664880 0.4833451 0.5610797 0.2979723 0.3101615 0.3830703 0.2709587 0.2800402 0.2113848 0.3156910 0.3048848 0.3812054 0.3313044 0.3626574 0.3558761 0.3618907 0.3537939 0.3057341 0.4474143 0.1201681 0.0000000 0.4024661 0.0066044 0.3383706 0.4558112 0.2510436 0.9885087 1.1236748 1.2750109 1.4383753 1.3945547 1.3365951 1.3129706 1.1455757 1.2519399 1.1508117 1.6174384 1.1020441 1.4699296 1.3429953 1.3340574 1.0868271 1.4937291 1.5472613 1.5955051 1.5851223 1.3087250 1.2740544 1.3448947 1.3199592 1.5025306 1.4665653 1.3473266 1.2562728 1.2399251 1.1482149 1.2097797 1.1988875 2.5494029 1.4600532 1.4412252 1.4238459 1.4179942 1.4657487 1.4369489 1.2572607 1.2694454 1.3001828 1.3192294 1.3408628 1.5050116 1.6896063 0.9071808 2.2154629 2.9863020 1.8814888 
Lampan_Lpan_C418611_01                                  2.4016624 2.3405130 0.5610703 0.6821630 0.3513008 0.3945155 0.4670282 0.3106048 0.3268943 0.2513358 0.3439228 0.3355767 0.4454127 0.3612754 0.4280866 0.4315673 0.4320457 0.4677845 0.3137749 0.4747429 0.4079601 0.4024661 0.0000000 0.4425543 0.4842530 0.4771762 0.6563450 0.9617815 1.3408053 1.4292565 1.3478174 1.4711522 1.4082414 1.4080066 1.2806079 1.4278460 1.0642685 1.4199505 1.0433550 1.6174473 1.3255758 1.3355809 1.0667866 1.5844665 1.5869396 1.6259752 1.6484105 1.5730209 1.5417833 1.5667841 1.5479191 1.8350231 1.7309740 1.5766678 1.3555821 1.2165750 1.3938199 1.3284643 1.3290202 2.6151898 1.5543009 1.5802539 1.5380944 1.4928818 1.6005976 1.5436857 1.2712885 1.2459186 1.4451328 1.5283939 1.4538215 1.5497126 2.0331557 0.8730014 2.3981825 2.4354117 1.9532983 
Coemet_Cmet_scaffold20891_01                            2.2930446 2.0064884 0.5219987 0.6245811 0.3005145 0.3451994 0.4380930 0.2610328 0.2658617 0.1877349 0.3300233 0.3141831 0.4736869 0.3533811 0.4258443 0.4011884 0.4119209 0.4400845 0.3265795 0.5396833 0.1379200 0.0066044 0.4425543 0.0000000 0.3362964 0.5005395 0.2691093 1.0998160 1.3201717 1.4975540 0.0000010 1.6515083 1.5757979 1.5768422 1.3163958 1.4934178 1.1658587 1.7176159 1.0962431 1.6348870 1.4796644 1.5042193 1.0917838 1.6443412 1.7532291 1.7161563 1.7934061 1.5455483 1.5255140 1.5556827 1.5021160 1.6816134 1.8045159 1.5759964 1.2773702 1.2512536 1.3648511 1.4564949 1.3698017 2.7221390 1.6252756 1.6165920 1.5687437 1.5059181 1.6387351 1.6128245 1.2375158 1.5687904 1.5062362 1.5750351 1.5005698 1.5882824 2.1010736 0.8513134 2.4544217 2.8096656 1.9472264 
Eupdun_Edun_sb10652555                                  9.0000000 0.0000010 1.5823825 1.5823825 0.4158962 0.4158962 0.4224116 0.4158962 0.3693952 0.3676117 0.4188567 0.4188567 0.4122383 0.3844292 0.3844292 0.4501275 0.4150413 0.4501275 0.4476353 0.4540659 0.3915704 0.3383706 0.4842530 0.3362964 0.0000000 0.0069346 2.8906417 0.9727234 0.9445464 0.9672845 1.6387121 0.9466223 0.8917966 1.0096255 0.9116503 1.0136665 1.2735051 1.2019382 0.0000010 1.3012400 1.0452776 1.0632909 1.3363310 1.4403683 1.5177555 1.5248167 1.4251867 1.0700131 1.0116517 1.0898100 1.0989285 0.0000010 1.4344067 1.0770368 1.0989740 1.1094812 1.0938189 1.0817907 1.0532015 0.0000010 1.2800276 1.3289889 1.3774923 1.3566481 1.3435566 1.3761292 1.3320144 1.3808007 1.2152772 1.1962280 1.2227594 1.1578561 1.1942057 1.1763233 0.0000010 1.6301269 0.0000010 
Eupdun_Edun_sb10652551                                  2.3220651 1.9193606 0.5738043 0.6524792 0.4270376 0.4039709 0.4927857 0.3518927 0.4115653 0.3194459 0.4175536 0.3716842 0.4714917 0.3966589 0.4353040 0.5476222 0.5315185 0.5797939 0.3833024 0.5200578 0.4741062 0.4558112 0.4771762 0.5005395 0.0069346 0.0000000 0.7095475 1.0046639 1.4564478 1.5316029 1.6387121 1.6158977 1.4570343 1.4018523 1.3792458 1.4399765 1.2735051 1.5452852 1.1598275 1.7245123 1.4012567 1.4301832 1.2576558 1.6038254 1.7113004 1.7065128 1.6625555 1.5146068 1.5487127 1.4948696 1.4743909 1.7485767 1.7203708 1.5590803 1.3683284 1.2331077 1.4696562 1.4750988 1.4495189 2.7759614 1.6768152 1.7190475 1.6858068 1.6465250 1.7339476 1.7167835 1.3503673 1.3993713 1.5407433 1.6538455 1.5780556 1.6197587 2.0289143 0.9788238 2.5452413 2.4420492 1.9843055 
Vmul_sbMO451384                                         2.6457507 2.0245011 0.4410134 0.5428961 1.1894239 1.1894239 0.6223649 1.1894239 0.5410382 0.5410382 0.8453383 0.4989388 1.5843087 0.5091577 0.6132385 0.6560262 0.6647428 0.8032226 0.5410382 0.7671028 0.0159831 0.2510436 0.6563450 0.2691093 2.8906417 0.7095475 0.0000000 5.6885603 2.5978418 2.9145851 4.5330472 2.8075043 2.7459438 2.6968114 2.5693072 3.0449089 1.1437267 2.3391136 0.0000010 2.3838559 2.3593441 2.2857545 2.2858611 2.0617232 2.1428652 2.2145674 2.3801390 2.7982228 2.9268224 2.6928427 2.6092472 2.9398698 3.0356400 2.9581592 2.2340115 1.8425543 2.5144898 2.5066043 2.4665960 2.7785706 2.8616939 2.8632862 2.7822557 2.5817247 2.8191532 2.8828549 2.0040999 1.9813557 2.8019613 2.8769488 2.5159048 2.5589695 3.2990229 9.0000000 2.5635473 2.6868930 2.3599513 
Lcom_lcpid140964                                        0.0000010 0.0000010 0.0000010 0.0000010 1.2616694 1.1630035 1.2616694 1.2616694 1.0593853 1.0589428 1.1184165 1.1184165 1.0969522 0.9882906 0.9882906 1.0734489 1.0064210 1.1447221 1.1619393 1.1619393 0.9512393 0.9885087 0.9617815 1.0998160 0.9727234 1.0046639 5.6885603 0.0000000 0.6938986 0.7939543 1.0580500 0.6897008 0.6878614 0.6812514 0.7229552 0.7249168 0.9484474 0.9063109 2.9324584 0.9346717 0.8615973 0.8996452 1.0479802 1.0592582 1.1035167 1.1182069 1.1047581 0.9732516 0.9185527 0.9702462 0.9905041 1.7183155 1.2126054 0.9770029 0.9586288 0.9423056 0.7427893 0.7590640 0.7719266 0.0000010 1.0683176 1.1057688 1.1136029 1.1036095 1.0770422 1.1019368 1.0825578 1.2777472 0.9948556 0.9441342 1.0019437 0.9766803 1.1012941 0.8582473 0.0000010 3.9897961 0.0000010 
Bralan_BLAG11000568_1                                   1.7851495 1.1571022 2.0919733 2.2928396 1.0074841 1.0872375 1.3597907 0.9086320 0.8883065 0.7956144 1.1279359 1.1434158 1.1124155 1.1622741 1.3075168 1.4151885 1.3954832 1.4788487 1.0289285 1.4891312 1.1899308 1.1236748 1.3408053 1.3201717 0.9445464 1.4564478 2.5978418 0.6938986 0.0000000 0.7469749 0.6033055 0.9063848 0.8427335 0.7521561 0.6844464 0.7512019 0.6570175 1.0865585 0.6546440 1.1065655 0.9751285 0.9760915 0.8795782 1.2919730 1.2552979 1.2329831 1.2889899 0.9458415 0.9819325 0.9634531 0.9546396 1.1146058 1.0941207 0.9797903 0.7276051 0.6428128 0.7322341 0.8732365 0.7808745 1.3109644 1.1030763 1.1029012 1.1088657 1.0774586 1.0755140 1.0509229 0.8459783 0.8051910 0.8778226 0.9614349 0.9101599 1.0418258 1.1843942 0.5864049 1.6105132 2.0995522 1.6408732 
Hsap_ENST00000429586                                    1.7137942 1.4193264 2.4010781 2.5362125 1.1073071 1.1068748 1.5158295 1.0009061 1.0677345 0.9133114 1.1633466 1.2061948 1.2170323 1.2921497 1.4458869 1.5307028 1.5090926 1.5967090 1.0527946 1.5870655 1.2730265 1.2750109 1.4292565 1.4975540 0.9672845 1.5316029 2.9145851 0.7939543 0.7469749 0.0000000 0.8142402 1.0246991 0.9092702 0.8509099 0.8011293 0.8452910 0.9005476 1.0676137 0.5959692 1.1056366 0.9875426 0.9840014 0.8605142 1.3671229 1.3048210 1.2393805 1.3477696 0.9437712 0.9796036 0.9435422 0.9457333 1.0343702 1.0511248 0.9483203 0.8730577 0.7321436 0.8201276 0.9418017 0.9257757 1.5919276 1.2005880 1.2524755 1.1904169 1.1918960 1.1952827 1.2016769 0.9342040 0.9458173 1.0912508 1.1092885 1.0806273 1.1376590 1.4638551 0.6611419 2.0420344 2.1914229 1.5836101 
Dpul_mRNA19377                                          0.0000010 0.0000010 0.0000010 0.0000010 1.6154763 1.6154763 1.6154763 1.6154763 1.3463161 1.3493635 1.5265171 1.5265171 1.5265171 1.4739391 1.4739391 1.3779738 0.6771250 1.3779738 1.6709795 1.6709795 1.3923356 1.4383753 1.3478174 0.0000010 1.6387121 1.6387121 4.5330472 1.0580500 0.6033055 0.8142402 0.0000000 0.4658310 1.0165780 0.6627280 0.6183629 0.7517791 1.0897832 1.1513540 0.0000010 1.3474198 1.3024805 1.2701097 1.0754186 1.0602946 0.9350577 0.9410545 1.0295462 1.1797921 1.1452036 1.2054843 1.2423064 0.0000010 1.2053146 1.1450311 0.9876180 0.9285592 0.6611914 0.8075351 0.8682550 0.0000010 1.2921586 1.4753954 1.4202717 1.4202717 1.4365655 1.2160482 1.2200557 1.0679662 0.9415502 0.9987145 0.9719732 0.0000010 1.0790755 1.4101873 0.0000010 1.7869103 0.0000010 
Dpul_mRNA2764                                           1.8636027 1.6710049 2.3693957 2.4981894 1.1280973 1.0050026 1.5752939 1.0105175 1.0628780 0.9165656 1.2665501 1.2647964 1.0917536 1.3453123 1.4748109 1.5353707 1.5341796 1.5756609 1.1503200 1.7400262 1.4212346 1.3945547 1.4711522 1.6515083 0.9466223 1.6158977 2.8075043 0.6897008 0.9063848 1.0246991 0.4658310 0.0000000 0.7557252 0.6374688 0.8956868 0.9343572 0.8836618 1.1507145 0.8436556 1.1177291 1.1887533 1.2192427 0.8409030 1.3180225 1.3502406 1.2639257 1.3020705 1.0481120 1.0577337 1.0318086 1.0613688 1.1205906 1.3049276 1.0986000 0.9143833 0.8286895 0.9194973 0.9707421 0.9454972 1.7035464 1.2027380 1.2421145 1.2143137 1.1941769 1.2361866 1.2077754 0.9683035 1.0550403 1.2433482 1.2202892 1.2164688 1.2454672 1.2719644 0.6428236 1.6646920 2.3415029 1.8018043 
Cscu_XM_023368762.1                                     1.9363692 1.6853370 2.3698561 2.5638519 1.1198561 1.0301318 1.5264292 0.9809129 1.0316016 0.8575708 1.2426228 1.2100594 1.1517270 1.2920562 1.4522317 1.5396777 1.5674733 1.5932875 1.0562193 1.5876810 1.3465778 1.3365951 1.4082414 1.5757979 0.8917966 1.4570343 2.7459438 0.6878614 0.8427335 0.9092702 1.0165780 0.7557252 0.0000000 0.7049710 0.8482186 0.9524360 0.8202287 1.1013055 0.6749011 1.2825018 1.0840528 1.1166903 0.9618145 1.3277814 1.3081027 1.2604150 1.3607856 0.9917521 0.9574844 0.9887884 1.0006969 1.1193295 1.1022671 0.9970879 0.9589654 0.8091913 0.9025300 0.9962174 0.9690710 1.5508974 1.1673304 1.1986773 1.1743468 1.1371480 1.1654596 1.0826590 0.8490202 1.0814173 1.1269672 1.2832481 1.1614309 1.2765661 1.3316769 0.7360058 1.7607038 2.2385065 1.7161619 
Tcas_TC011927_001                                       1.5422931 1.3539218 1.8730300 2.2239543 1.2178613 1.1863113 1.4567579 1.0530913 1.0838737 0.8966712 1.2102902 1.2070439 1.2478880 1.2420223 1.3805222 1.4990680 1.5135415 1.5190420 1.1274955 1.5666416 1.3690582 1.3129706 1.4080066 1.5768422 1.0096255 1.4018523 2.6968114 0.6812514 0.7521561 0.8509099 0.6627280 0.6374688 0.7049710 0.0000000 0.8330209 0.7945562 0.8153681 1.1163729 0.6944750 1.1402866 1.0709101 1.0487120 0.9586605 1.2571822 1.2139415 1.2234966 1.2763143 0.9935992 0.9829761 1.0191862 1.0288630 1.0404068 1.1687173 1.0796696 0.8574415 0.7899690 0.7732772 0.8649456 0.9182820 1.7326550 1.1142802 1.1374036 1.1118147 1.0930425 1.1152453 1.0753415 0.8550323 1.1498819 1.0385904 1.0854138 1.0286916 1.0807609 1.2429751 0.5674214 1.3545603 2.2043039 1.4940781 
Skow_XM_002735993.2                                     1.7898226 1.4867604 2.3053218 2.5808777 1.0742306 1.0956986 1.4528127 0.9075095 0.9954725 0.8036344 1.0878295 1.1140185 1.1349069 1.1502553 1.3228781 1.3427190 1.3256243 1.3921481 0.9409290 1.4987299 1.1406528 1.1455757 1.2806079 1.3163958 0.9116503 1.3792458 2.5693072 0.7229552 0.6844464 0.8011293 0.6183629 0.8956868 0.8482186 0.8330209 0.0000000 0.8363813 0.6701735 1.1268801 0.8012494 1.1553058 1.0369346 1.1002721 0.8514635 1.2594264 1.2523570 1.2408409 1.2728794 0.9672545 0.9658805 0.9665315 0.9708917 1.1009219 1.2044887 1.0275554 0.8895683 0.7782873 0.7637511 0.7428629 0.8235592 1.4322183 1.0266732 1.0439123 1.0240753 1.0077319 1.0372219 0.9607517 0.8361670 0.7791821 0.9730096 1.0226174 1.0066157 1.1024817 1.2327195 0.5376567 1.5548268 2.2273028 1.5224037 
Ctel_gnl_WGS_AMQN_CAPTEDRAFT_mRNA166316                 1.8637987 1.3857372 2.3674190 2.8255526 0.9802356 0.9232064 1.4101191 0.9076378 0.9854682 0.8808823 1.1620443 1.2120610 1.0869101 1.1824347 1.3188048 1.4520221 1.4472980 1.4825989 0.9708926 1.5413278 1.2471791 1.2519399 1.4278460 1.4934178 1.0136665 1.4399765 3.0449089 0.7249168 0.7512019 0.8452910 0.7517791 0.9343572 0.9524360 0.7945562 0.8363813 0.0000000 0.9265509 1.2196961 0.7064298 1.2922521 1.1078542 1.1400671 0.9181023 1.2660012 1.2680534 1.2503053 1.3370292 1.0842108 1.0938684 1.1405519 1.1123986 1.1575981 1.3070488 1.0773190 0.8071807 0.7351067 0.7379660 0.9424838 0.9493914 1.8040195 1.0773277 1.1313124 1.0796934 1.0456232 1.1092036 1.0689656 0.8733275 1.0840277 1.1290714 1.1140291 1.1093622 1.1433352 1.3192210 0.7017314 1.7125828 2.6322008 1.6503789 
Stycar_maker-SC_scaffold145696-snap-gene-0.25-mRNA-1    0.0000010 0.0000010 0.0000010 0.0000010 1.2549926 1.2549926 1.2549926 1.2549926 1.1665293 1.1790988 1.1432384 1.1432384 1.1432384 1.1329975 1.1329975 1.0791280 0.9823815 1.0791280 1.3071296 1.3071296 1.1305448 1.1508117 1.0642685 1.1658587 1.2735051 1.2735051 1.1437267 0.9484474 0.6570175 0.9005476 1.0897832 0.8836618 0.8202287 0.8153681 0.6701735 0.9265509 0.0000000 0.0374113 0.0000010 0.3941889 0.4040006 0.4141389 0.9184505 0.8355549 0.8695784 0.8534561 0.8291021 0.9505327 0.9185958 0.9917120 1.0319056 0.0000010 1.2879212 0.9694276 0.9823041 0.9376818 0.9026671 0.8185583 0.7268862 0.0000010 0.8980930 0.9293792 0.9115023 0.8913402 0.8747843 0.8132878 0.8237070 0.8069892 0.7567855 0.7038063 0.7449999 0.5567017 0.7477118 0.7432240 0.0000010 4.5074697 0.0000010 
Stycar_maker-SC_scaffold6454-augustus-gene-0.105-mRNA-1 3.2624808 2.6980990 2.5878176 2.4560302 1.1697330 1.1775683 1.6242417 1.1371990 1.0967101 1.1517922 1.5078503 1.4969565 1.2285386 1.5821642 1.5821642 1.5970732 1.5765537 1.6397489 1.1824843 1.6424908 1.5712196 1.6174384 1.4199505 1.7176159 1.2019382 1.5452852 2.3391136 0.9063109 1.0865585 1.0676137 1.1513540 1.1507145 1.1013055 1.1163729 1.1268801 1.2196961 0.0374113 0.0000000 0.0098177 0.6257797 0.6446725 0.6351075 0.8946278 1.1314617 1.1616515 1.1586522 1.1557514 1.1235902 1.1019729 1.0913369 1.0887011 1.2583254 1.2952917 1.1403386 1.1251798 1.0052464 1.2301596 1.1916796 1.1028531 2.0242222 1.3371692 1.3469625 1.3166507 1.3101114 1.3162736 1.2902433 1.2850470 0.9404511 1.1562119 1.1752582 1.1489240 1.2270873 1.1842968 0.7649016 1.1842290 2.3984615 1.7163714 
Stycar_maker-SC_scaffold145696-snap-gene-0.24-mRNA-1    0.0000010 0.0000010 0.0000010 1.4266380 1.0863190 0.4575688 1.1900899 1.0633757 0.9797001 1.0538533 1.1143142 1.1143142 2.6398269 1.0922127 1.0922127 1.1179730 1.1120749 1.1384314 1.1264791 1.0662649 1.0967404 1.1020441 1.0433550 1.0962431 0.0000010 1.1598275 0.0000010 2.9324584 0.6546440 0.5959692 0.0000010 0.8436556 0.6749011 0.6944750 0.8012494 0.7064298 0.0000010 0.0098177 0.0000000 0.3962665 0.4005686 0.4204819 0.5932853 0.6255901 0.5726522 0.5713208 0.6079711 0.5337305 0.5532549 0.5380076 0.5380076 0.5469387 0.5448768 0.5801059 0.6413317 0.6394239 0.7093128 0.8492456 0.6190161 0.0000010 0.8309523 0.8080628 0.8583117 0.8583117 0.7920266 0.9008415 0.9008415 9.0000000 0.8026150 0.8379753 0.8070192 0.8557102 1.0335628 0.5580416 0.0000010 0.5485874 3.1163103 
Tetwil_g24599.t1                                        2.3641420 1.6396801 2.0749260 2.1204491 1.1762924 1.2014089 1.6395039 1.1341033 1.0919461 1.1239421 1.2967939 1.3131719 1.2147760 1.4325968 1.6014720 1.5919642 1.5770566 1.6765866 1.2483960 1.6991338 1.5632133 1.4699296 1.6174473 1.6348870 1.3012400 1.7245123 2.3838559 0.9346717 1.1065655 1.1056366 1.3474198 1.1177291 1.2825018 1.1402866 1.1553058 1.2922521 0.3941889 0.6257797 0.3962665 0.0000000 0.7287910 0.7222408 0.7987261 1.3425052 1.2711387 1.2413634 1.3133169 1.1135916 1.1229778 1.0870926 1.0920309 1.1904115 1.3111841 1.1399086 1.0598528 0.9227441 1.2824200 1.2882088 1.2299938 1.9490802 1.3475468 1.3750474 1.3159480 1.3042090 1.3723779 1.3062030 1.0705298 1.1131749 1.2462663 1.2443979 1.2202309 1.3474301 1.3436409 0.8443414 1.5312451 1.4816686 1.5608840 
Emue_Em0008g708a.t1                                     1.8467142 2.0775403 1.9750095 1.9461031 1.0123543 1.0500553 1.4456656 0.9805258 0.9377868 0.9363638 1.1465048 1.1458554 1.0395426 1.2147416 1.3511930 1.4250504 1.3790278 1.5209447 0.9956278 1.4212928 1.3337918 1.3429953 1.3255758 1.4796644 1.0452776 1.4012567 2.3593441 0.8615973 0.9751285 0.9875426 1.3024805 1.1887533 1.0840528 1.0709101 1.0369346 1.1078542 0.4040006 0.6446725 0.4005686 0.7287910 0.0000000 0.1155357 0.7740895 1.2049157 1.2122292 1.1441661 1.2457969 1.0917977 1.0593748 1.0476728 1.0475090 1.2390993 1.2818650 1.1218913 1.0394940 0.8357339 1.1293599 1.1231833 1.0381194 1.6515978 1.3014882 1.3090769 1.2462875 1.2231949 1.2682043 1.2601234 1.0025832 0.9604094 1.1260494 1.2711250 1.1474517 1.2578415 1.4619587 0.7503688 1.6728773 0.2834976 1.4214086 
Spolac_c104080_g1_i3_m.38063c104080-g1                  1.8051573 1.9785727 1.9405216 1.9906226 1.0243276 1.0849826 1.4711960 0.9986170 0.9454511 0.9431103 1.1737965 1.1783884 1.1065963 1.2194318 1.3373766 1.5092842 1.4679871 1.6138099 1.0589247 1.4850025 1.3439319 1.3340574 1.3355809 1.5042193 1.0632909 1.4301832 2.2857545 0.8996452 0.9760915 0.9840014 1.2701097 1.2192427 1.1166903 1.0487120 1.1002721 1.1400671 0.4141389 0.6351075 0.4204819 0.7222408 0.1155357 0.0000000 0.7822981 1.2640889 1.2192791 1.2011816 1.2849032 1.0777467 1.0435085 1.0378697 1.0247051 1.2192545 1.2855189 1.1169650 1.0659200 0.8761088 1.1472182 1.1616703 1.0764376 1.7880502 1.3234555 1.3463431 1.2641637 1.2474158 1.2821175 1.2710231 1.0278868 0.9691472 1.1365096 1.2545790 1.1582360 1.2616284 1.4049927 0.7914171 1.5815755 0.5542627 1.4026971 
Clacor_Ccor_scaffold1232_01                             0.0000010 0.0000010 0.0000010 1.7540442 1.3550152 1.2645191 1.2589629 1.2621037 1.2537937 1.1682597 1.1395250 1.1395250 1.2091311 1.0080578 1.0080578 1.2705875 1.1965626 1.3231110 1.2377350 1.2294087 1.1117802 1.0868271 1.0667866 1.0917838 1.3363310 1.2576558 2.2858611 1.0479802 0.8795782 0.8605142 1.0754186 0.8409030 0.9618145 0.9586605 0.8514635 0.9181023 0.9184505 0.8946278 0.5932853 0.7987261 0.7740895 0.7822981 0.0000000 0.4699887 0.4630119 0.4795829 0.4923026 0.9298015 0.9263161 1.0055161 1.0096137 0.8369741 1.1557212 0.9835007 0.8776885 0.9173644 0.8816714 0.8338113 0.8731209 0.0000010 0.9399455 0.9510431 0.9459939 0.9372076 0.9548269 0.9238757 0.9259450 1.0017358 0.9015298 0.8893752 0.9421164 0.7615743 1.0853083 0.9827552 0.0000010 4.1298528 0.0000010 
Gracom_Gcom_C559786_01                                  1.8167354 2.1271639 2.0861123 2.2854429 1.4622620 1.2781507 1.6704602 1.3225143 1.4066828 1.1868533 1.4183633 1.3628783 1.2641063 1.3973229 1.5380666 1.6128983 1.5800093 1.6602484 1.3568154 1.6819746 1.4827239 1.4937291 1.5844665 1.6443412 1.4403683 1.6038254 2.0617232 1.0592582 1.2919730 1.3671229 1.0602946 1.3180225 1.3277814 1.2571822 1.2594264 1.2660012 0.8355549 1.1314617 0.6255901 1.3425052 1.2049157 1.2640889 0.4699887 0.0000000 0.2413279 0.2828667 0.2786831 1.3934594 1.4313100 1.4180285 1.4042760 1.4950562 1.7182567 1.4648277 1.1251412 0.9852388 1.2833642 1.3164223 1.2106335 2.1545222 1.3327346 1.3654226 1.3725033 1.3644474 1.3684745 1.3378322 1.1499266 1.0455262 1.1672800 1.2261785 1.1847285 1.3300232 1.3893498 0.8724533 1.7712475 3.2507128 1.9027621 
Scil_scict025714.4                                      1.5834735 1.9023653 2.1505507 2.3373276 1.4716291 1.2847452 1.6689108 1.3190119 1.4101184 1.1903583 1.4472182 1.3782752 1.3310417 1.4035507 1.5775496 1.6509122 1.6414910 1.7332102 1.3685679 1.7279687 1.5280390 1.5472613 1.5869396 1.7532291 1.5177555 1.7113004 2.1428652 1.1035167 1.2552979 1.3048210 0.9350577 1.3502406 1.3081027 1.2139415 1.2523570 1.2680534 0.8695784 1.1616515 0.5726522 1.2711387 1.2122292 1.2192791 0.4630119 0.2413279 0.0000000 0.2061494 0.2441709 1.4059677 1.3948451 1.4615590 1.4535603 1.5075015 1.6758456 1.4639592 1.0857106 0.9386291 1.2703910 1.3306360 1.2537936 2.1433053 1.3781045 1.4277864 1.4022256 1.4073175 1.4204699 1.4061899 1.1671452 0.9438317 1.1524737 1.2314093 1.1788626 1.2864663 1.3999027 0.9226122 1.7168010 2.9320150 1.8863187 
Lcom_lcpid40548                                         1.5700029 2.0052576 2.1985634 2.2885280 1.4644292 1.2938770 1.7227420 1.3319641 1.3872778 1.2199629 1.4952205 1.4249453 1.3566092 1.4603708 1.6047351 1.6267193 1.5912027 1.6934385 1.3763786 1.7173874 1.6125790 1.5955051 1.6259752 1.7161563 1.5248167 1.7065128 2.2145674 1.1182069 1.2329831 1.2393805 0.9410545 1.2639257 1.2604150 1.2234966 1.2408409 1.2503053 0.8534561 1.1586522 0.5713208 1.2413634 1.1441661 1.2011816 0.4795829 0.2828667 0.2061494 0.0000000 0.2485779 1.4090206 1.3969726 1.4472659 1.4163992 1.4304429 1.6599416 1.4402200 1.1260780 0.9632463 1.3239491 1.3004081 1.2300296 2.2040241 1.3669032 1.4062278 1.3919559 1.3926451 1.4065665 1.3414342 1.1060301 0.9986014 1.1411677 1.2163612 1.1417625 1.2355455 1.4297673 0.8902296 1.6575169 2.7252635 1.8673224 
Leuniv_Lniv_C814668_01                                  1.6953159 2.0541778 2.2691922 2.3880374 1.4280708 1.2635356 1.7482892 1.2790288 1.3499638 1.1918767 1.4601154 1.3933927 1.3147078 1.4840282 1.6570416 1.6572426 1.6390052 1.7209344 1.2991450 1.7371541 1.5685609 1.5851223 1.6484105 1.7934061 1.4251867 1.6625555 2.3801390 1.1047581 1.2889899 1.3477696 1.0295462 1.3020705 1.3607856 1.2763143 1.2728794 1.3370292 0.8291021 1.1557514 0.6079711 1.3133169 1.2457969 1.2849032 0.4923026 0.2786831 0.2441709 0.2485779 0.0000000 1.4843342 1.4957106 1.5305413 1.4923342 1.5759141 1.7718959 1.5356969 1.1150578 0.9717084 1.3134942 1.3629488 1.2609553 2.1323033 1.3521053 1.3776180 1.3835777 1.3639526 1.3718436 1.3649693 1.1566128 0.9497475 1.2088757 1.2775772 1.2221309 1.3742785 1.4748290 0.9089159 1.7671538 2.8717754 1.8419873 
Fspp_ffun1.m4.28000.m1                                  1.8803154 0.9714383 2.1381275 2.3511949 1.1958257 1.0549957 1.5341841 1.0931676 1.1211716 1.0157668 1.2834096 1.3001697 1.1780128 1.3476884 1.4591468 1.6233747 1.6188941 1.6962718 1.1195619 1.6728433 1.3979079 1.3087250 1.5730209 1.5455483 1.0700131 1.5146068 2.7982228 0.9732516 0.9458415 0.9437712 1.1797921 1.0481120 0.9917521 0.9935992 0.9672545 1.0842108 0.9505327 1.1235902 0.5337305 1.1135916 1.0917977 1.0777467 0.9298015 1.3934594 1.4059677 1.4090206 1.4843342 0.0000000 0.0934586 0.1483976 0.1548350 0.1626144 0.2858318 0.2131604 0.7325553 0.6364194 1.0253360 1.1219892 0.9433538 1.6783466 1.2942470 1.3350029 1.2787019 1.2509565 1.2574670 1.2488896 0.9825069 1.0405451 1.0696918 1.2207495 1.1594620 1.1611710 1.3635837 0.6967930 1.6716690 2.2829305 1.7326808 
