53
Emue_Em0018g1120a.t1                    0.0000000 0.3386861 1.2363355 2.2889341 2.2150637 3.3106763 2.9080052 3.4580956 3.5679214 3.2442825 3.4720354 3.0845734 3.2158283 3.2652026 3.3787445 3.2884496 3.2750641 3.3312076 3.0939406 3.1293308 3.1242417 3.1277923 3.6262544 3.3343572 3.2995859 3.3989510 3.6790463 2.6684444 3.1549315 3.4057076 3.3227854 3.1792145 3.2382513 3.4384014 3.1069877 3.6366328 3.4848839 3.1971517 3.2033214 3.1105592 3.0844648 3.0546448 2.6399092 3.0580206 5.3691963 4.6863938 4.3575845 4.9311557 3.7272420 3.7657728 3.5800322 3.9775105 5.8196976 
Spolac_c93997_g1_i1_m.9510c93997-g1     0.3386861 0.0000000 1.0462509 1.9151991 1.6133892 3.1515532 2.8809621 3.2358195 3.0924630 3.1258077 3.1753206 3.0185582 3.1811507 3.1360544 3.0001141 3.2268561 3.0476293 2.9948179 2.9289069 2.8322978 3.0267558 3.0467564 3.3674695 2.9737963 3.0253669 3.1487612 3.3158387 2.5917500 2.9585549 3.1467676 3.1259060 3.0684865 3.2213784 3.2256933 2.9389120 3.2127795 3.1923881 3.2074682 3.1914689 3.1867875 3.1867875 3.0765056 2.8551486 1.5258470 6.7119185 4.7660601 4.2099266 5.0780791 3.6753794 4.3055100 4.0328680 3.9589838 5.1809549 
Tetwil_g23412.t1                        1.2363355 1.0462509 0.0000000 2.2006306 1.9585976 2.9449226 2.5877209 3.3814127 3.0358594 3.1477045 3.2887988 2.6941592 3.1890267 2.7673783 2.9014714 3.0877477 2.9391354 2.8759388 2.8881571 2.7364322 3.0661966 2.9859157 3.2472087 3.2795489 2.9093328 2.9582301 3.1282334 2.6545875 2.6644478 3.3475021 3.1018238 2.8270671 2.9204239 2.9108630 2.5955670 3.1667400 3.0057443 3.0886738 3.1153884 3.0333162 3.0446133 3.0738244 2.8573308 2.9402665 5.7188117 4.6125863 5.4808552 5.4638195 3.6657199 3.7158616 3.7755819 4.0799890 6.3186280 
Aque_Aqu2.1.42584_001                   2.2889341 1.9151991 2.2006306 0.0000000 1.5047649 3.2098270 3.0589252 3.4432840 3.4503015 3.3857611 4.2886055 3.3981929 3.4862305 3.4217720 3.4466873 3.9071702 3.6721974 3.7944818 3.6995881 3.7538770 4.0135992 3.9659375 3.6191070 3.6752847 3.6067638 4.1500950 4.2897035 3.1228517 3.3102368 3.7780280 3.1993786 3.1792603 3.3138494 3.5053445 3.0783783 3.2743695 3.6103502 3.3731721 3.5140435 3.4220265 3.4896396 3.1926519 3.1304882 2.9888955 5.4818418 5.1476831 4.0679327 5.2684438 3.5865905 4.9941045 4.1995386 4.2474002 5.2044683 
Halamb_c49020_g1_i1mm.2875              2.2150637 1.6133892 1.9585976 1.5047649 0.0000000 2.7840063 2.8435174 3.2298560 3.2361943 3.4086750 3.6033140 3.0408280 3.2847171 2.9398950 3.2920370 3.3319911 3.3109186 2.9083358 3.0169034 2.9902382 2.9868029 2.9302659 3.3647192 3.4009190 3.2752804 3.8393620 4.0200150 3.0345579 3.0717805 2.9497131 2.9233708 2.8228728 3.5473981 3.3991924 3.1110010 3.4876419 3.5253552 3.2470045 3.1993132 3.0791747 3.1329308 3.0192397 3.1703652 3.5582978 5.1340308 6.1767819 6.7083930 5.2081656 4.6468842 4.7116373 3.9534646 4.5385545 6.5375216 
Spur_XM_030986129.1                     3.3106763 3.1515532 2.9449226 3.2098270 2.7840063 0.0000000 0.9495162 1.1647270 1.1977879 1.4474474 1.4712705 1.3108117 1.4058399 1.4345569 1.4292798 1.6410172 1.6803290 1.6487026 1.5711670 1.6296590 1.6850703 1.6052488 1.8622929 1.9397585 1.6956594 1.9087503 2.1851361 1.6417641 1.6136000 1.7909501 2.1879027 2.0633160 2.1284073 2.1978164 1.9371983 2.0415531 1.9475997 2.0757683 2.1707369 2.0397413 2.0094810 2.1164845 2.0921777 2.5557182 4.2869802 3.5195479 4.2436182 3.6584423 2.8363586 3.3769102 2.6136949 2.8788755 4.0878743 
Spur_XM_030992548.1                     2.9080052 2.8809621 2.5877209 3.0589252 2.8435174 0.9495162 0.0000000 1.1893177 1.3047707 1.2933679 1.4216747 1.3962180 1.3626265 1.4433926 1.7124914 1.7743295 1.7754567 1.7616318 1.7236477 1.7589846 1.7838097 1.7687598 1.8023411 1.9573161 1.7308401 2.0068708 2.2319717 1.8187586 1.6974844 1.7862587 2.3418892 2.1848987 2.0229768 2.2451476 1.9794330 2.1318943 1.9533668 2.0868308 2.0874868 2.1373093 2.1108743 2.1252330 1.8742331 2.4884415 4.2030001 3.8419284 4.0816336 3.6948395 2.8697137 3.3770405 2.5460746 2.7499385 4.4562470 
Skow_XM_002737163.1                     3.4580956 3.2358195 3.3814127 3.4432840 3.2298560 1.1647270 1.1893177 0.0000000 1.1256592 1.4330215 1.3381676 1.4066126 1.3510930 1.5110824 1.4624193 1.9475543 1.6912877 1.6407791 1.6260558 1.7097083 1.7013597 1.7295429 1.7323029 1.8290590 1.6316921 2.0504647 2.2173721 2.0177780 1.5455211 1.5283762 2.0796319 1.8633064 2.0243566 2.3272665 1.9451826 2.1193010 1.9466093 2.2746164 2.3257295 2.3005351 2.3314716 2.1655594 2.0298545 3.1341900 4.4027774 4.3029638 3.8396014 4.1546153 3.1352021 3.1898743 2.7047383 3.4337673 4.2888017 
Bralan_BLAG03001191_1                   3.5679214 3.0924630 3.0358594 3.4503015 3.2361943 1.1977879 1.3047707 1.1256592 0.0000000 1.0639764 1.2430376 1.1070078 1.1803829 1.3434772 1.2648050 1.9865457 1.7276076 1.6264463 1.7067764 1.7015609 1.7799061 1.7274864 1.8480723 1.9136948 1.4051266 1.9589353 2.1325706 1.7455078 1.6404971 1.6066912 2.2978493 1.9792039 1.9655081 2.1182430 1.8222045 2.1252497 1.9773885 2.3556977 2.3656072 2.2935262 2.3072105 2.2160197 2.1523497 3.3318759 4.4351323 4.4185971 3.7051833 4.2062271 3.0916660 3.2204333 2.7989568 3.2819091 4.8278805 
Cgig_XM_011426291.3                     3.2442825 3.1258077 3.1477045 3.3857611 3.4086750 1.4474474 1.2933679 1.4330215 1.0639764 0.0000000 0.8888963 0.9883061 0.9661476 1.3054995 1.4325084 1.9010245 1.7203359 1.6048464 1.5513458 1.6330166 1.6922855 1.6492652 1.6978237 1.8671863 1.4019214 1.9442055 2.1257469 1.7453828 1.5800326 1.5592785 2.3106935 1.9777142 2.1407456 2.1978663 1.9784868 2.1541062 2.0114696 2.3412103 2.3145957 2.2567031 2.2045464 2.1650273 2.3019694 2.6265041 3.5494102 3.8899894 3.3918308 4.0367005 2.9782236 3.3015131 2.6807306 3.2113361 3.8788756 
Acagra_model.g18128.t1_model.g18129.t1  3.4720354 3.1753206 3.2887988 4.2886055 3.6033140 1.4712705 1.4216747 1.3381676 1.2430376 0.8888963 0.0000000 0.9157983 0.8388625 1.2123204 1.6191509 2.0722408 1.9117416 1.6905608 1.6488802 1.6728004 1.7176998 1.6755354 1.8332854 1.8740028 1.6052925 2.0130108 2.2007542 1.8376160 1.8535415 1.3236595 2.3315615 1.9337667 2.2432134 2.3311189 2.1521194 2.3253306 2.3732943 2.6397094 2.5771406 2.5395759 2.5128865 2.4454601 2.6069091 2.9919504 3.9695766 4.2512050 3.8310915 4.3095535 3.0377194 3.1267839 2.7819171 3.2270605 4.6478784 
Ctel_gnl_WGS_AMQN_CAPTEDRAFT_mRNA228581 3.0845734 3.0185582 2.6941592 3.3981929 3.0408280 1.3108117 1.3962180 1.4066126 1.1070078 0.9883061 0.9157983 0.0000000 0.8336985 1.1179188 1.7176390 1.5484684 1.5171556 1.4169771 1.4824567 1.3896851 1.4824592 1.4761517 1.6527612 1.8647982 1.3496983 1.8668328 2.0481498 1.6186238 1.6045573 1.3752176 1.9381180 1.6960191 2.0243321 2.2493588 1.8954075 1.9666524 2.0166923 2.3460258 2.3568800 2.1813091 2.2045742 2.0929982 2.2801656 2.2632475 4.1328027 4.2044426 3.4061367 4.3512322 2.9033076 3.2650128 2.7596650 3.3503420 4.6217879 
Cscu_XM_023365257.1                     3.2158283 3.1811507 3.1890267 3.4862305 3.2847171 1.4058399 1.3626265 1.3510930 1.1803829 0.9661476 0.8388625 0.8336985 0.0000000 0.8214881 1.4276182 1.6711039 1.6060756 1.4559915 1.4464030 1.4527825 1.5677078 1.5531631 1.8036473 1.8472138 1.4814206 1.9579756 2.0634031 1.5690734 1.6395539 1.2359135 2.1776358 1.9682636 2.0799409 2.1129997 1.9360262 2.2419097 2.0797174 2.2296797 2.2167270 2.2229136 2.2287027 2.1647225 2.2074528 3.3550500 4.4747248 4.3757320 4.3901443 4.3489054 2.8106702 3.1937295 2.8499098 3.1451058 4.2968277 
Dpul_mRNA25144                          3.2652026 3.1360544 2.7673783 3.4217720 2.9398950 1.4345569 1.4433926 1.5110824 1.3434772 1.3054995 1.2123204 1.1179188 0.8214881 0.0000000 1.6876878 1.7225049 1.6892663 1.6037299 1.6564579 1.7569659 1.8019674 1.7501356 1.8081179 1.8458637 1.5068697 2.2049853 2.4132351 1.6453327 1.6977395 1.2879882 2.0436468 1.8936385 2.0038856 2.3745408 1.9877071 2.0319991 2.1506239 2.2961211 2.3125790 2.3522329 2.3683049 2.2050398 2.2374717 2.3309342 4.5159648 4.3966046 5.1276525 4.5756477 2.9910700 3.8412349 3.1434303 3.5477309 4.4614438 
Hsap_ENST00000377724                    3.3787445 3.0001141 2.9014714 3.4466873 3.2920370 1.4292798 1.7124914 1.4624193 1.2648050 1.4325084 1.6191509 1.7176390 1.4276182 1.6876878 0.0000000 2.2209678 1.9504058 1.9473327 1.9534849 1.9205152 1.9262659 1.8582638 1.9637274 2.1249346 1.9359576 2.1729176 2.4637577 1.5902922 1.8787653 1.9116042 2.6542479 2.4341542 2.1791181 2.5013147 2.3199267 2.4139357 2.3129595 2.2903416 2.2878050 2.3076132 2.2803908 2.2999453 2.1842631 3.5917965 4.4752637 4.1962867 3.7077810 4.0816416 3.4049013 3.2105309 2.6985922 3.3041174 4.8124435 
Adig_XM_015896863.1                     3.2884496 3.2268561 3.0877477 3.9071702 3.3319911 1.6410172 1.7743295 1.9475543 1.9865457 1.9010245 2.0722408 1.5484684 1.6711039 1.7225049 2.2209678 0.0000000 0.0198648 0.4575340 0.5135623 0.5759681 0.5980726 0.5835347 1.1600947 1.4425003 1.3174541 2.2883984 2.7995279 1.5421813 1.8045561 2.1334823 2.3756138 2.4706219 2.0508785 2.3675111 2.0662697 2.2960524 2.1847605 1.9947141 2.1004801 2.0858229 2.1400581 2.1681873 2.0169177 2.4422493 4.1096356 3.8456400 0.0000010 4.3833835 3.1924030 3.6609326 3.1846093 3.6955460 4.4898101 
Amil_Amillepora18930-RA                 3.2750641 3.0476293 2.9391354 3.6721974 3.3109186 1.6803290 1.7754567 1.6912877 1.7276076 1.7203359 1.9117416 1.5171556 1.6060756 1.6892663 1.9504058 0.0198648 0.0000000 0.4202307 0.4490574 0.4902571 0.5098180 0.5091045 1.0290158 1.2731858 1.2087586 1.9873191 2.2931538 1.5619827 1.5951184 1.9669997 2.2214907 2.1102948 1.8304568 2.0316310 1.7789828 2.1137959 2.0540060 2.0894339 2.1572852 2.1300917 2.1716407 2.1449560 2.0129926 2.4952936 4.0822353 3.9444458 4.9159820 3.7882024 2.8175619 3.3904122 2.7339175 3.3220183 4.2744228 
Gfas_gfas1.m1.180.m1                    3.3312076 2.9948179 2.8759388 3.7944818 2.9083358 1.6487026 1.7616318 1.6407791 1.6264463 1.6048464 1.6905608 1.4169771 1.4559915 1.6037299 1.9473327 0.4575340 0.4202307 0.0000000 0.2809732 0.2925749 0.3562946 0.3449449 0.8775745 1.1646628 1.1787844 1.8940030 2.2943330 1.6159524 1.5720844 1.8611333 2.1652033 2.0530455 1.8265920 2.0761108 1.7665034 2.0011322 2.3320479 2.1420752 2.1039863 2.1844602 2.2116012 2.1060660 2.1813710 2.8005109 4.1760333 4.0643657 3.8260972 3.9640279 3.0937111 3.2460120 3.0384760 3.4337317 4.6900874 
Fspp_ffun1.m4.16291.m1                  3.0939406 2.9289069 2.8881571 3.6995881 3.0169034 1.5711670 1.7236477 1.6260558 1.7067764 1.5513458 1.6488802 1.4824567 1.4464030 1.6564579 1.9534849 0.5135623 0.4490574 0.2809732 0.0000000 0.1322727 0.2452490 0.2357430 0.9279749 1.1232882 1.2697704 1.8429625 2.1291001 1.6890806 1.4856311 1.8431925 2.1553801 2.1368161 1.7256143 2.0910080 1.8047900 2.1066890 2.1496972 2.1072725 2.1235783 2.1129562 2.1436661 2.0982847 2.0958622 2.6226288 4.0080775 3.6988569 3.8565571 3.4821707 2.7707951 2.9812423 2.8203541 3.2812286 4.2771031 
Gasp_gasp1.m3.17620.m1                  3.1293308 2.8322978 2.7364322 3.7538770 2.9902382 1.6296590 1.7589846 1.7097083 1.7015609 1.6330166 1.6728004 1.3896851 1.4527825 1.7569659 1.9205152 0.5759681 0.4902571 0.2925749 0.1322727 0.0000000 0.2645556 0.2451433 0.9461273 1.1633755 1.2797089 1.8871738 2.1798420 1.6805221 1.5371133 1.8588425 2.1975835 2.1478319 1.7080523 1.9726148 1.7470816 2.0993330 2.1222893 2.1253610 2.1561717 2.1729384 2.1897623 2.1904787 2.1182699 2.6501694 3.9561507 3.6921096 4.0070209 3.4920239 2.7651344 2.9795993 2.7837532 3.4621461 4.2104700 
Spis_XP_022799570_1                     3.1242417 3.0267558 3.0661966 4.0135992 2.9868029 1.6850703 1.7838097 1.7013597 1.7799061 1.6922855 1.7176998 1.4824592 1.5677078 1.8019674 1.9262659 0.5980726 0.5098180 0.3562946 0.2452490 0.2645556 0.0000000 0.1188135 0.9748555 1.2139504 1.2665614 1.8763806 2.2199981 1.7096885 1.5504495 1.9335598 2.3448396 2.2076906 1.7888587 2.1359939 1.8055714 2.1029038 2.2063112 2.0806768 2.0658898 2.0748988 2.0879806 2.0841834 2.1090886 2.5811476 4.3065666 3.9575468 3.6926575 3.8333193 2.8389769 3.1600179 2.9687747 3.4570392 4.4505534 
Pocdam_XM_027197591.1                   3.1277923 3.0467564 2.9859157 3.9659375 2.9302659 1.6052488 1.7687598 1.7295429 1.7274864 1.6492652 1.6755354 1.4761517 1.5531631 1.7501356 1.8582638 0.5835347 0.5091045 0.3449449 0.2357430 0.2451433 0.1188135 0.0000000 0.9524106 1.1761788 1.2643251 1.8256597 2.1821354 1.6149687 1.5039280 1.8947746 2.2516139 2.1590039 1.8140291 2.0841212 1.7724597 2.0791083 2.2050565 2.1891381 2.1301800 2.1542962 2.1422042 2.1060053 2.1267434 2.4620031 4.2649615 4.0610209 3.7934135 3.6641525 2.8259560 3.1398102 3.0165935 3.4870153 4.3419173 
Nvec_v1g157770                          3.6262544 3.3674695 3.2472087 3.6191070 3.3647192 1.8622929 1.8023411 1.7323029 1.8480723 1.6978237 1.8332854 1.6527612 1.8036473 1.8081179 1.9637274 1.1600947 1.0290158 0.8775745 0.9279749 0.9461273 0.9748555 0.9524106 0.0000000 0.7333579 1.4092336 2.0296725 2.3898826 1.7841883 1.7207159 2.1507809 2.2660926 2.0233713 1.8628986 2.2095105 1.9466382 2.2288661 2.2099871 2.4391008 2.4328742 2.4015547 2.4130646 2.2814885 2.3035841 2.3064635 4.1780619 4.1636988 3.5464877 4.2604335 2.9400267 3.3696515 3.0411026 3.4477934 4.6250368 
Exapal_XM_021060683.1                   3.3343572 2.9737963 3.2795489 3.6752847 3.4009190 1.9397585 1.9573161 1.8290590 1.9136948 1.8671863 1.8740028 1.8647982 1.8472138 1.8458637 2.1249346 1.4425003 1.2731858 1.1646628 1.1232882 1.1633755 1.2139504 1.1761788 0.7333579 0.0000000 1.4671818 1.9779862 2.3165771 1.6689550 1.7740928 2.0708797 2.3995652 2.0706607 1.9999690 2.3496432 2.0256750 2.0911981 2.2912040 2.5096551 2.6106647 2.4522695 2.4560719 2.3366457 2.1955544 2.6270419 4.6749162 4.4148517 4.2825746 4.6023638 2.8785897 3.6146839 2.9725040 3.3340035 4.4584381 
Morvir_scaffold159.g48.t1               3.2995859 3.0253669 2.9093328 3.6067638 3.2752804 1.6956594 1.7308401 1.6316921 1.4051266 1.4019214 1.6052925 1.3496983 1.4814206 1.5068697 1.9359576 1.3174541 1.2087586 1.1787844 1.2697704 1.2797089 1.2665614 1.2643251 1.4092336 1.4671818 0.0000000 1.7958595 2.0276777 1.8459224 1.2564846 1.8838677 1.7609394 1.5025617 1.8392350 2.1121469 1.9193179 1.6366310 1.7786568 2.1969645 2.2169698 2.2209083 2.1678470 2.1787254 2.1815115 2.8292681 3.4028442 3.8530430 3.5509878 3.8605384 2.8200544 3.4854583 2.7449009 3.3349338 3.4765485 
Opea_EP00118_Oscarella_pearsei_P007666  3.3989510 3.1487612 2.9582301 4.1500950 3.8393620 1.9087503 2.0068708 2.0504647 1.9589353 1.9442055 2.0130108 1.8668328 1.9579756 2.2049853 2.1729176 2.2883984 1.9873191 1.8940030 1.8429625 1.8871738 1.8763806 1.8256597 2.0296725 1.9779862 1.7958595 0.0000000 0.0949654 1.1682363 2.0769395 2.4229708 2.5971309 2.3008275 2.5137801 2.4542272 2.3195945 2.4839863 2.0730927 2.4061746 2.3101538 2.3854189 2.2747603 2.3411977 1.7557731 3.2259446 4.3555744 3.7631832 5.4460761 4.0409159 3.6056337 3.4241292 3.4502044 3.3904047 4.1495957 
Ocar_g9617                              3.6790463 3.3158387 3.1282334 4.2897035 4.0200150 2.1851361 2.2319717 2.2173721 2.1325706 2.1257469 2.2007542 2.0481498 2.0634031 2.4132351 2.4637577 2.7995279 2.2931538 2.2943330 2.1291001 2.1798420 2.2199981 2.1821354 2.3898826 2.3165771 2.0276777 0.0949654 0.0000000 1.5006741 2.1815258 2.6075194 3.0888327 2.7528467 2.6780243 2.6653294 2.4241416 2.7190631 2.2878003 2.7299185 2.5656124 2.6736858 2.5438188 2.5798965 1.7925904 3.7913937 4.5920094 3.8964029 5.4460761 4.0524264 3.7210698 3.5460375 3.5119248 3.5048027 4.2500867 
Plajan_Pjan_C533261_01                  2.6684444 2.5917500 2.6545875 3.1228517 3.0345579 1.6417641 1.8187586 2.0177780 1.7455078 1.7453828 1.8376160 1.6186238 1.5690734 1.6453327 1.5902922 1.5421813 1.5619827 1.6159524 1.6890806 1.6805221 1.7096885 1.6149687 1.7841883 1.6689550 1.8459224 1.1682363 1.5006741 0.0000000 1.8540945 2.2007249 2.6070634 2.2478802 2.3975869 2.1323159 1.9904938 2.2574011 1.8613659 1.6974364 1.5515663 1.7157107 1.6056320 1.6740426 1.7906472 2.7644754 3.6970152 3.2746023 0.0000010 3.9768741 2.7794017 2.7159233 3.2542030 3.3518246 3.4305467 
Sanmal_Sma_020549-T1                    3.1549315 2.9585549 2.6644478 3.3102368 3.0717805 1.6136000 1.6974844 1.5455211 1.6404971 1.5800326 1.8535415 1.6045573 1.6395539 1.6977395 1.8787653 1.8045561 1.5951184 1.5720844 1.4856311 1.5371133 1.5504495 1.5039280 1.7207159 1.7740928 1.2564846 2.0769395 2.1815258 1.8540945 0.0000000 1.9586306 1.8224357 1.4516741 2.1864410 2.2112321 1.8745544 1.8314153 1.8276590 2.2661709 2.1963009 2.2581842 2.2394637 2.1509644 2.0614499 3.8986057 4.3571857 4.0218254 4.7340261 3.8347269 2.9373983 3.3561080 2.8182553 3.2115871 4.3998488 
Tcas_TC010660_001                       3.4057076 3.1467676 3.3475021 3.7780280 2.9497131 1.7909501 1.7862587 1.5283762 1.6066912 1.5592785 1.3236595 1.3752176 1.2359135 1.2879882 1.9116042 2.1334823 1.9669997 1.8611333 1.8431925 1.8588425 1.9335598 1.8947746 2.1507809 2.0708797 1.8838677 2.4229708 2.6075194 2.2007249 1.9586306 0.0000000 2.2438744 2.0957482 2.2396579 2.3991534 2.0960256 2.4896794 2.3913383 2.5424594 2.4232053 2.3831252 2.3823614 2.2491768 2.3142680 2.8535516 4.2586742 4.4875447 4.5762005 4.2130218 3.2275848 3.3958817 3.0518741 3.5519945 4.0098597 
Nemnom_g6342.t1                         3.3227854 3.1259060 3.1018238 3.1993786 2.9233708 2.1879027 2.3418892 2.0796319 2.2978493 2.3106935 2.3315615 1.9381180 2.1776358 2.0436468 2.6542479 2.3756138 2.2214907 2.1652033 2.1553801 2.1975835 2.3448396 2.2516139 2.2660926 2.3995652 1.7609394 2.5971309 3.0888327 2.6070634 1.8224357 2.2438744 0.0000000 0.4330479 2.1987300 2.5339242 2.2059580 2.4720246 2.6454723 2.6327042 2.6368827 2.6802172 2.6197066 2.5735831 2.4750223 2.1864548 4.5388341 3.8829539 4.1655011 4.4890129 2.7266106 3.5208644 3.0362627 3.1920248 5.2302509 
Rhoesc_Res_010436-T1                    3.1792145 3.0684865 2.8270671 3.1792603 2.8228728 2.0633160 2.1848987 1.8633064 1.9792039 1.9777142 1.9337667 1.6960191 1.9682636 1.8936385 2.4341542 2.4706219 2.1102948 2.0530455 2.1368161 2.1478319 2.2076906 2.1590039 2.0233713 2.0706607 1.5025617 2.3008275 2.7528467 2.2478802 1.4516741 2.0957482 0.4330479 0.0000000 2.2094203 2.4850715 2.1770303 2.3216037 2.5011158 2.7199769 2.6273623 2.6798505 2.5876609 2.5639877 2.5058798 2.7052880 4.6867741 4.0662462 3.9935178 4.3310022 2.8880522 3.4505096 2.7549930 3.0243388 4.7828811 
Dgig_XM_028552332.1                     3.2382513 3.2213784 2.9204239 3.3138494 3.5473981 2.1284073 2.0229768 2.0243566 1.9655081 2.1407456 2.2432134 2.0243321 2.0799409 2.0038856 2.1791181 2.0508785 1.8304568 1.8265920 1.7256143 1.7080523 1.7888587 1.8140291 1.8628986 1.9999690 1.8392350 2.5137801 2.6780243 2.3975869 2.1864410 2.2396579 2.1987300 2.2094203 0.0000000 1.5958957 1.2678404 2.4869810 2.2917156 2.4749523 2.3958410 2.5280985 2.4569014 2.4489580 2.2827248 2.3669616 3.6629792 3.4532374 4.6027144 4.4483983 2.9698639 3.6127780 2.6770183 3.4510666 3.5261628 
Xesp_003129-T1                          3.4384014 3.2256933 2.9108630 3.5053445 3.3991924 2.1978164 2.2451476 2.3272665 2.1182430 2.1978663 2.3311189 2.2493588 2.1129997 2.3745408 2.5013147 2.3675111 2.0316310 2.0761108 2.0910080 1.9726148 2.1359939 2.0841212 2.2095105 2.3496432 2.1121469 2.4542272 2.6653294 2.1323159 2.2112321 2.3991534 2.5339242 2.4850715 1.5958957 0.0000000 0.3077915 2.6197106 2.7433832 2.5498952 2.6889698 2.5768493 2.6092368 2.6675156 2.4033760 2.8395735 4.2081648 3.8006958 4.4441519 3.5695269 3.2453825 3.7873695 3.2552941 3.4714088 3.9607352 
Xesp_003130-T1                          3.1069877 2.9389120 2.5955670 3.0783783 3.1110010 1.9371983 1.9794330 1.9451826 1.8222045 1.9784868 2.1521194 1.8954075 1.9360262 1.9877071 2.3199267 2.0662697 1.7789828 1.7665034 1.8047900 1.7470816 1.8055714 1.7724597 1.9466382 2.0256750 1.9193179 2.3195945 2.4241416 1.9904938 1.8745544 2.0960256 2.2059580 2.1770303 1.2678404 0.3077915 0.0000000 2.2795405 2.3147426 2.4525671 2.4832454 2.4957118 2.5131818 2.4009895 2.1042735 2.6847005 3.6517291 3.5226495 4.5318364 3.7055805 2.8152978 3.1910809 2.6630020 3.3544745 3.7912137 
Hvul_g33354_1                           3.6366328 3.2127795 3.1667400 3.2743695 3.4876419 2.0415531 2.1318943 2.1193010 2.1252497 2.1541062 2.3253306 1.9666524 2.2419097 2.0319991 2.4139357 2.2960524 2.1137959 2.0011322 2.1066890 2.0993330 2.1029038 2.0791083 2.2288661 2.0911981 1.6366310 2.4839863 2.7190631 2.2574011 1.8314153 2.4896794 2.4720246 2.3216037 2.4869810 2.6197106 2.2795405 0.0000000 1.6757278 2.4627348 2.4686964 2.4874882 2.4722961 2.5410689 2.3725684 4.0348682 4.8110625 4.1365178 5.7242944 3.9752299 3.4160297 3.5893908 3.2965066 3.4344860 3.7979230 
Chem_TCONS_00034677                     3.4848839 3.1923881 3.0057443 3.6103502 3.5253552 1.9475997 1.9533668 1.9466093 1.9773885 2.0114696 2.3732943 2.0166923 2.0797174 2.1506239 2.3129595 2.1847605 2.0540060 2.3320479 2.1496972 2.1222893 2.2063112 2.2050565 2.2099871 2.2912040 1.7786568 2.0730927 2.2878003 1.8613659 1.8276590 2.3913383 2.6454723 2.5011158 2.2917156 2.7433832 2.3147426 1.6757278 0.0000000 2.3995803 2.3770319 2.4110320 2.3355400 2.3443570 2.0047718 2.7957682 4.9289875 4.1108875 4.7890416 3.7799808 3.2432756 3.5724268 3.0937125 3.9645693 3.7922776 
HoiH23_PlH23_000027-RA                  3.1971517 3.2074682 3.0886738 3.3731721 3.2470045 2.0757683 2.0868308 2.2746164 2.3556977 2.3412103 2.6397094 2.3460258 2.2296797 2.2961211 2.2903416 1.9947141 2.0894339 2.1420752 2.1072725 2.1253610 2.0806768 2.1891381 2.4391008 2.5096551 2.1969645 2.4061746 2.7299185 1.6974364 2.2661709 2.5424594 2.6327042 2.7199769 2.4749523 2.5498952 2.4525671 2.4627348 2.3995803 0.0000000 0.0484585 0.1213257 0.1271266 0.3775176 0.3585744 2.8096245 4.5603863 4.5192925 3.9428907 4.3510703 3.1686303 3.9171928 3.1930346 3.6586193 4.5170470 
HoiH06_mRNA7589                         3.2033214 3.1914689 3.1153884 3.5140435 3.1993132 2.1707369 2.0874868 2.3257295 2.3656072 2.3145957 2.5771406 2.3568800 2.2167270 2.3125790 2.2878050 2.1004801 2.1572852 2.1039863 2.1235783 2.1561717 2.0658898 2.1301800 2.4328742 2.6106647 2.2169698 2.3101538 2.5656124 1.5515663 2.1963009 2.4232053 2.6368827 2.6273623 2.3958410 2.6889698 2.4832454 2.4686964 2.3770319 0.0484585 0.0000000 0.1264011 0.1264011 0.3568696 0.3446695 2.5875983 4.9854227 4.8159651 4.0777143 4.3663580 3.2390976 4.0999155 3.1805861 3.6513518 4.9027298 
Hhon_g09412.t1                          3.1105592 3.1867875 3.0333162 3.4220265 3.0791747 2.0397413 2.1373093 2.3005351 2.2935262 2.2567031 2.5395759 2.1813091 2.2229136 2.3522329 2.3076132 2.0858229 2.1300917 2.1844602 2.1129562 2.1729384 2.0748988 2.1542962 2.4015547 2.4522695 2.2209083 2.3854189 2.6736858 1.7157107 2.2581842 2.3831252 2.6802172 2.6798505 2.5280985 2.5768493 2.4957118 2.4874882 2.4110320 0.1213257 0.1264011 0.0000000 0.0055319 0.3518153 0.3217446 3.1444793 4.8765424 4.5884197 4.2766227 4.3247675 3.2038223 3.7462527 3.1699432 3.7173376 4.6584430 
HoiH04_mRNA1197                         3.0844648 3.1867875 3.0446133 3.4896396 3.1329308 2.0094810 2.1108743 2.3314716 2.3072105 2.2045464 2.5128865 2.2045742 2.2287027 2.3683049 2.2803908 2.1400581 2.1716407 2.2116012 2.1436661 2.1897623 2.0879806 2.1422042 2.4130646 2.4560719 2.1678470 2.2747603 2.5438188 1.6056320 2.2394637 2.3823614 2.6197066 2.5876609 2.4569014 2.6092368 2.5131818 2.4722961 2.3355400 0.1271266 0.1264011 0.0055319 0.0000000 0.3546521 0.3217446 3.1619949 5.0601151 4.6700683 4.2766227 4.1801263 3.2081297 3.7911733 3.1986675 3.6886345 4.7807508 
TrH2_TrispH2_003033-RA                  3.0546448 3.0765056 3.0738244 3.1926519 3.0192397 2.1164845 2.1252330 2.1655594 2.2160197 2.1650273 2.4454601 2.0929982 2.1647225 2.2050398 2.2999453 2.1681873 2.1449560 2.1060660 2.0982847 2.1904787 2.0841834 2.1060053 2.2814885 2.3366457 2.1787254 2.3411977 2.5798965 1.6740426 2.1509644 2.2491768 2.5735831 2.5639877 2.4489580 2.6675156 2.4009895 2.5410689 2.3443570 0.3775176 0.3568696 0.3518153 0.3546521 0.0000000 0.0440478 3.1800945 4.4762261 4.2336572 3.7338461 4.0490528 3.2124812 3.4374477 3.0525292 3.2470425 4.4816823 
Tadh_TriadT53111                        2.6399092 2.8551486 2.8573308 3.1304882 3.1703652 2.0921777 1.8742331 2.0298545 2.1523497 2.3019694 2.6069091 2.2801656 2.2074528 2.2374717 2.1842631 2.0169177 2.0129926 2.1813710 2.0958622 2.1182699 2.1090886 2.1267434 2.3035841 2.1955544 2.1815115 1.7557731 1.7925904 1.7906472 2.0614499 2.3142680 2.4750223 2.5058798 2.2827248 2.4033760 2.1042735 2.3725684 2.0047718 0.3585744 0.3446695 0.3217446 0.3217446 0.0440478 0.0000000 5.6790388 4.7458893 3.9413551 3.7181791 3.8842300 3.3885151 3.9293336 3.0492960 3.2112082 4.0242151 
Plespi_Pspi_scaffold5961_01             3.0580206 1.5258470 2.9402665 2.9888955 3.5582978 2.5557182 2.4884415 3.1341900 3.3318759 2.6265041 2.9919504 2.2632475 3.3550500 2.3309342 3.5917965 2.4422493 2.4952936 2.8005109 2.6226288 2.6501694 2.5811476 2.4620031 2.3064635 2.6270419 2.8292681 3.2259446 3.7913937 2.7644754 3.8986057 2.8535516 2.1864548 2.7052880 2.3669616 2.8395735 2.6847005 4.0348682 2.7957682 2.8096245 2.5875983 3.1444793 3.1619949 3.1800945 5.6790388 0.0000000 3.1221016 3.4313622 0.0000010 4.3725706 2.9881219 2.8413254 3.6723451 2.9654367 0.0000010 
Emue_Em0016g954a.t1                     5.3691963 6.7119185 5.7188117 5.4818418 5.1340308 4.2869802 4.2030001 4.4027774 4.4351323 3.5494102 3.9695766 4.1328027 4.4747248 4.5159648 4.4752637 4.1096356 4.0822353 4.1760333 4.0080775 3.9561507 4.3065666 4.2649615 4.1780619 4.6749162 3.4028442 4.3555744 4.5920094 3.6970152 4.3571857 4.2586742 4.5388341 4.6867741 3.6629792 4.2081648 3.6517291 4.8110625 4.9289875 4.5603863 4.9854227 4.8765424 5.0601151 4.4762261 4.7458893 3.1221016 0.0000000 1.7923212 2.5363235 3.5659137 5.5654268 4.9953525 5.6783757 5.6361956 3.5749370 
Tetwil_g11946.t1                        4.6863938 4.7660601 4.6125863 5.1476831 6.1767819 3.5195479 3.8419284 4.3029638 4.4185971 3.8899894 4.2512050 4.2044426 4.3757320 4.3966046 4.1962867 3.8456400 3.9444458 4.0643657 3.6988569 3.6921096 3.9575468 4.0610209 4.1636988 4.4148517 3.8530430 3.7631832 3.8964029 3.2746023 4.0218254 4.4875447 3.8829539 4.0662462 3.4532374 3.8006958 3.5226495 4.1365178 4.1108875 4.5192925 4.8159651 4.5884197 4.6700683 4.2336572 3.9413551 3.4313622 1.7923212 0.0000000 1.2067326 2.3904659 4.9089512 4.8085665 5.0884827 4.7417129 3.0495462 
Spolac_c89036_g2_i1_m.5379c89036-g2NA   4.3575845 4.2099266 5.4808552 4.0679327 6.7083930 4.2436182 4.0816336 3.8396014 3.7051833 3.3918308 3.8310915 3.4061367 4.3901443 5.1276525 3.7077810 0.0000010 4.9159820 3.8260972 3.8565571 4.0070209 3.6926575 3.7934135 3.5464877 4.2825746 3.5509878 5.4460761 5.4460761 0.0000010 4.7340261 4.5762005 4.1655011 3.9935178 4.6027144 4.4441519 4.5318364 5.7242944 4.7890416 3.9428907 4.0777143 4.2766227 4.2766227 3.7338461 3.7181791 0.0000010 2.5363235 1.2067326 0.0000000 1.7246731 5.0135646 4.5254854 3.1563176 3.6620900 2.6404180 
Halamb_c48662_g1_i1m.24613              4.9311557 5.0780791 5.4638195 5.2684438 5.2081656 3.6584423 3.6948395 4.1546153 4.2062271 4.0367005 4.3095535 4.3512322 4.3489054 4.5756477 4.0816416 4.3833835 3.7882024 3.9640279 3.4821707 3.4920239 3.8333193 3.6641525 4.2604335 4.6023638 3.8605384 4.0409159 4.0524264 3.9768741 3.8347269 4.2130218 4.4890129 4.3310022 4.4483983 3.5695269 3.7055805 3.9752299 3.7799808 4.3510703 4.3663580 4.3247675 4.1801263 4.0490528 3.8842300 4.3725706 3.5659137 2.3904659 1.7246731 0.0000000 4.4777150 4.9846140 4.4623787 4.1023284 3.6773426 
Lcom_lcpid89167                         3.7272420 3.6753794 3.6657199 3.5865905 4.6468842 2.8363586 2.8697137 3.1352021 3.0916660 2.9782236 3.0377194 2.9033076 2.8106702 2.9910700 3.4049013 3.1924030 2.8175619 3.0937111 2.7707951 2.7651344 2.8389769 2.8259560 2.9400267 2.8785897 2.8200544 3.6056337 3.7210698 2.7794017 2.9373983 3.2275848 2.7266106 2.8880522 2.9698639 3.2453825 2.8152978 3.4160297 3.2432756 3.1686303 3.2390976 3.2038223 3.2081297 3.2124812 3.3885151 2.9881219 5.5654268 4.9089512 5.0135646 4.4777150 0.0000000 1.6228808 1.4461973 1.7409254 4.9278476 
Scil_scict002310.1                      3.7657728 4.3055100 3.7158616 4.9941045 4.7116373 3.3769102 3.3770405 3.1898743 3.2204333 3.3015131 3.1267839 3.2650128 3.1937295 3.8412349 3.2105309 3.6609326 3.3904122 3.2460120 2.9812423 2.9795993 3.1600179 3.1398102 3.3696515 3.6146839 3.4854583 3.4241292 3.5460375 2.7159233 3.3561080 3.3958817 3.5208644 3.4505096 3.6127780 3.7873695 3.1910809 3.5893908 3.5724268 3.9171928 4.0999155 3.7462527 3.7911733 3.4374477 3.9293336 2.8413254 4.9953525 4.8085665 4.5254854 4.9846140 1.6228808 0.0000000 1.7406812 1.6521013 5.0308409 
Gracom_Gcom_scaffold14223_01            3.5800322 4.0328680 3.7755819 4.1995386 3.9534646 2.6136949 2.5460746 2.7047383 2.7989568 2.6807306 2.7819171 2.7596650 2.8499098 3.1434303 2.6985922 3.1846093 2.7339175 3.0384760 2.8203541 2.7837532 2.9687747 3.0165935 3.0411026 2.9725040 2.7449009 3.4502044 3.5119248 3.2542030 2.8182553 3.0518741 3.0362627 2.7549930 2.6770183 3.2552941 2.6630020 3.2965066 3.0937125 3.1930346 3.1805861 3.1699432 3.1986675 3.0525292 3.0492960 3.6723451 5.6783757 5.0884827 3.1563176 4.4623787 1.4461973 1.7406812 0.0000000 1.7331659 5.3936522 
Leuniv_Lniv_C793550_01                  3.9775105 3.9589838 4.0799890 4.2474002 4.5385545 2.8788755 2.7499385 3.4337673 3.2819091 3.2113361 3.2270605 3.3503420 3.1451058 3.5477309 3.3041174 3.6955460 3.3220183 3.4337317 3.2812286 3.4621461 3.4570392 3.4870153 3.4477934 3.3340035 3.3349338 3.3904047 3.5048027 3.3518246 3.2115871 3.5519945 3.1920248 3.0243388 3.4510666 3.4714088 3.3544745 3.4344860 3.9645693 3.6586193 3.6513518 3.7173376 3.6886345 3.2470425 3.2112082 2.9654367 5.6361956 4.7417129 3.6620900 4.1023284 1.7409254 1.6521013 1.7331659 0.0000000 5.1129985 
Plespi_Pspi_scaffold18770_01            5.8196976 5.1809549 6.3186280 5.2044683 6.5375216 4.0878743 4.4562470 4.2888017 4.8278805 3.8788756 4.6478784 4.6217879 4.2968277 4.4614438 4.8124435 4.4898101 4.2744228 4.6900874 4.2771031 4.2104700 4.4505534 4.3419173 4.6250368 4.4584381 3.4765485 4.1495957 4.2500867 3.4305467 4.3998488 4.0098597 5.2302509 4.7828811 3.5261628 3.9607352 3.7912137 3.7979230 3.7922776 4.5170470 4.9027298 4.6584430 4.7807508 4.4816823 4.0242151 0.0000010 3.5749370 3.0495462 2.6404180 3.6773426 4.9278476 5.0308409 5.3936522 5.1129985 0.0000000 
