82
Lcom_lcpid37329                                       0.0000000 0.5229907 0.3537179 0.4846675 0.4551504 1.0776416 1.0391828 1.1556664 1.0821247 0.5687874 1.4303221 1.7963614 1.7406416 1.5540226 1.7729495 1.7512503 1.7338342 1.6683273 1.6614285 1.8565285 2.1362264 1.6647075 1.4143347 1.6909218 1.5270161 1.7249677 1.9054070 1.9691804 1.8141491 1.8084907 1.5619747 1.8368658 1.9012240 1.8342103 2.1473902 1.8687693 1.3999141 1.8596526 1.7629541 1.7705064 1.8059154 1.7866449 2.0064665 1.8946505 2.1594985 2.0615116 2.2024016 2.1842245 2.1637422 2.1620913 2.2145440 2.2285421 2.2818292 2.0070045 3.0342657 2.1831953 1.8560556 1.7611181 1.4198873 2.2653094 2.3924586 1.9354932 1.8657712 2.0446492 2.0614291 2.0065467 2.0900114 1.5853475 3.0203896 1.5618536 2.2292251 2.1494242 2.1285865 2.1865067 2.8481976 2.2361611 3.4272898 2.2579343 1.6245445 3.3670831 2.2521640 3.6671574 
Gracom_Gcom_C559504_01                                0.5229907 0.0000000 0.2128334 0.4819692 0.4090475 1.1266769 1.1411631 1.2232862 1.1760290 0.7547879 1.7805467 2.0170330 1.8999724 1.5878300 1.9242933 1.9354140 1.8632019 1.8810293 1.7736623 1.9831539 2.1489840 1.6743982 1.3964763 1.9163608 1.5169326 1.9009512 1.9854384 2.1413939 1.9423093 1.9850722 1.6824886 2.0076370 2.0819526 2.0284797 2.4569346 2.0101707 1.4744580 2.0690065 1.8975069 2.0254057 2.0533887 1.9962044 2.1090553 2.1231774 2.4795013 2.2448445 2.3931005 2.4022765 2.4262573 2.4212503 2.4645874 2.4113914 2.4695569 2.3634776 3.9178583 2.3636189 1.9689391 1.8136403 1.4013109 2.3037261 2.2922406 2.0017125 1.9564075 2.1491034 2.2079687 2.2233011 2.1407020 1.6048778 2.9552135 1.5106983 2.4957242 2.5372928 2.4983430 2.4475259 3.2614829 2.4353024 3.6463937 2.4591797 1.8155566 3.2472130 2.3410196 4.1195336 
Leuniv_Lniv_C752081_01                                0.3537179 0.2128334 0.0000000 0.0000010 0.3475426 0.9206827 1.0525224 1.2499769 0.9915271 0.0000010 0.0000010 2.0079360 2.2154340 2.2154340 2.2919335 2.2155355 2.2284678 2.0842551 2.1383298 2.1383298 0.0000010 2.5264663 2.0629851 2.4493725 0.0000010 2.0472052 2.1010363 2.6744539 1.8107551 2.2474263 0.0000010 2.1750504 2.1750504 2.1237599 0.0000010 2.0964054 2.1405792 2.1608859 2.6099337 2.1402175 2.0788186 2.4877800 2.0087115 2.5991703 2.5094806 2.4925613 2.5750839 2.6284156 2.5421156 2.4821092 2.9845305 2.3393963 2.3392404 2.7076360 0.0000010 0.0000010 1.8962337 1.9979848 0.0000010 2.1587794 2.2120342 2.1525660 2.0250433 2.2966996 2.3172802 2.3229378 1.2388961 1.9478716 0.0000010 2.5280498 2.8501003 3.0545773 3.0258794 2.8748760 7.0727575 2.8385390 0.0000010 3.0185850 2.9041757 0.0000010 2.7488496 5.4360173 
Leuniv_Lniv_C803432_01                                0.4846675 0.4819692 0.0000010 0.0000000 0.3442739 1.1385256 1.1713906 1.2354502 1.2260973 0.6580038 1.5178371 2.1510812 1.9201824 1.5033734 1.9614939 1.9407439 1.8594611 1.9471160 1.8725053 1.9477716 2.0271071 0.0000010 0.4600832 1.9735582 1.5591994 1.9837788 2.1228052 1.9905025 2.1321292 2.0112979 1.6681826 2.0813701 2.2319677 2.0885424 2.2754395 2.1391412 1.1734143 2.2295788 1.8152019 2.1724716 2.0156749 2.0745220 2.1152234 2.0435739 2.2777425 2.1744130 2.3743899 2.4040372 2.3670639 2.3945612 2.3888888 2.5010624 2.5944166 2.2743319 3.3656026 1.9587554 1.8811079 1.7717904 1.4101244 2.3578728 4.7899139 2.1615439 2.1134974 2.3369038 2.3612444 2.3612305 1.9124048 1.6311087 2.9800965 1.2913960 2.6383929 2.6049221 2.5468631 2.6181777 3.0788327 2.5328730 3.6515211 2.5651555 1.8689270 3.5315094 2.0627577 3.0629566 
Scil_scict018454.1                                    0.4551504 0.4090475 0.3475426 0.3442739 0.0000000 1.0685291 1.1269497 1.1335000 1.1155658 0.5933282 1.6603725 1.9464015 1.8815886 1.5318192 1.8966929 1.8983481 1.8164943 1.8621627 1.8140248 1.9492501 1.9804627 1.6553755 1.3662124 1.8433369 1.6373745 1.8585533 2.0310266 2.0762240 1.8822144 1.9860358 1.5279426 2.0215852 2.1305366 2.0397588 2.0741132 1.9167806 1.4657493 2.1297973 1.8951502 1.9245492 1.9435321 1.9116527 2.0272235 1.9970219 2.3001768 2.2002838 2.3979527 2.4000076 2.3789406 2.3780964 2.4070022 2.3903936 2.4430517 2.2828611 3.4724939 2.1790761 1.8246439 1.6590053 1.3748069 2.3221353 2.2105068 2.0328396 1.9507031 2.1262156 2.1465783 2.1282569 1.9118999 1.6983683 3.2009226 1.5149051 2.4428506 2.4047038 2.3440425 2.4079040 3.5215995 2.3891932 4.4312000 2.4320879 1.6660851 3.2223187 2.1548057 4.1799855 
Lcom_lcpid43178                                       1.0776416 1.1266769 0.9206827 1.1385256 1.0685291 0.0000000 0.2632225 0.2715844 0.2923182 0.5361499 0.7745991 1.5028261 1.3737192 1.3365410 1.3945715 1.3846907 1.3512351 1.4262902 1.4300052 1.4474500 1.4444079 1.3382908 1.0361855 1.3227701 1.0611544 1.4098430 1.5359953 1.5763185 1.4947731 1.4313111 0.9291704 1.5125735 1.6456706 1.4909472 1.4916681 1.6966949 1.2016311 1.5384520 1.4657233 1.4785499 1.4720820 1.3928866 1.6769584 1.4909806 1.8762746 1.6086253 1.8919607 1.8557771 1.8097255 1.8123412 1.8293556 1.7905692 1.8694252 1.8329076 2.9132989 1.3178852 1.4877453 1.7150708 1.3001406 1.8758457 2.0866637 1.6211065 1.5796357 1.7133049 1.8119821 1.7582852 1.6674611 1.3044632 2.5057358 1.2508941 2.0218496 1.7972077 1.7952209 1.9310627 2.3172552 2.0038767 2.6348065 1.9498048 1.4884548 2.8265947 1.9035164 3.3115187 
Gracom_Gcom_scaffold10721_01                          1.0391828 1.1411631 1.0525224 1.1713906 1.1269497 0.2632225 0.0000000 0.2134039 0.2478910 0.5808716 0.7164963 1.4559947 1.3897231 1.3443421 1.3951204 1.3833889 1.3603139 1.4731543 1.4632569 1.4202619 1.3330752 1.3337625 1.0095317 1.3347989 1.2485941 1.4520558 1.5826711 1.6254948 1.4998818 1.4406950 0.9284940 1.5011053 1.6213646 1.4730941 1.4300654 1.7111056 1.2201365 1.5977432 1.5130523 1.5088173 1.4612037 1.3978066 1.6106366 1.4759794 1.7719900 1.6304115 1.8598347 1.8138001 1.8148824 1.8253475 1.8404212 1.8281096 1.8951403 1.8296426 2.7882617 1.2480903 1.4797432 1.7071183 1.3584379 1.8399895 1.6487532 1.6211162 1.5890533 1.7346769 1.7925615 1.7642685 1.5923763 1.3998482 2.2992895 1.2510555 1.9660363 1.7757510 1.8622067 1.8524570 2.2519071 1.9581072 2.5816699 1.8998055 1.5538648 2.6065245 1.9065513 3.2857917 
Leuniv_Lniv_scaffold20851_01                          1.1556664 1.2232862 1.2499769 1.2354502 1.1335000 0.2715844 0.2134039 0.0000000 0.2582218 0.5980191 0.7185656 1.4095259 1.3036578 1.2684921 1.3206933 1.3210497 1.2675128 1.3900536 1.3645238 1.3975891 1.3207369 1.2919512 0.9783001 1.3312396 1.0636464 1.3128900 1.5174288 1.4868738 1.4424061 1.4175559 0.8680865 1.4809446 1.6547633 1.4561177 1.4496429 1.7547284 1.0982015 1.5510282 1.4188033 1.3664479 1.3083015 1.3727298 1.5974741 1.3762584 1.6832183 1.5201515 1.7068411 1.6564986 1.6759016 1.6784249 1.6381047 1.6460470 1.7215556 1.6973736 2.6280845 1.2493298 1.3861211 1.5892653 1.3059146 1.9249106 9.0000000 1.5434172 1.6512445 1.7428938 1.8292873 1.7935116 1.5924857 1.1812563 2.4001060 0.8080206 1.7407514 1.5843008 1.6298963 1.6377087 2.0882342 1.7625185 2.3703958 1.7621099 1.5286386 2.4009381 1.6771520 2.6617126 
Scil_scict007766.1                                    1.0821247 1.1760290 0.9915271 1.2260973 1.1155658 0.2923182 0.2478910 0.2582218 0.0000000 0.5364649 0.7776533 1.4379221 1.3605829 1.2988001 1.3691545 1.3540374 1.3347664 1.3913692 1.3855605 1.3978271 1.3708392 1.3084688 1.0295956 1.3064609 1.2735280 1.3853861 1.5385586 1.5762647 1.4771107 1.4517800 0.9257639 1.4969833 1.6149787 1.4598379 1.4521070 1.7355394 1.2161507 1.5641750 1.4849130 1.4563364 1.4247736 1.4178052 1.6529289 1.4690380 1.8004053 1.5863575 1.8222837 1.7695222 1.7689963 1.7714186 1.7936682 1.7410945 1.8410933 1.8831893 3.0112974 1.2837175 1.4498361 1.7502230 1.4048964 1.8402878 1.7912371 1.5944777 1.5610798 1.7450490 1.7609285 1.7157190 1.5825140 1.3000863 2.3154197 1.1892688 1.8853855 1.7672248 1.7969928 1.8622038 2.0390585 1.9705554 2.6727922 1.9417803 1.7335914 2.4832419 1.6765086 3.2300560 
Clacor_Ccor_C509723_01                                0.5687874 0.7547879 0.0000010 0.6580038 0.5933282 0.5361499 0.5808716 0.5980191 0.5364649 0.0000000 1.4983922 1.2035341 1.1026064 0.9385700 1.1220070 1.0827005 1.1536108 1.1186524 1.1069862 1.0073630 0.0000010 0.0000010 0.6216737 1.1298523 1.3608233 1.0544690 0.9158456 1.1203546 1.1698228 1.2370591 0.0000010 1.3521791 1.3521791 1.3205558 2.6703929 1.2810553 1.0299448 1.2774339 1.1150255 1.0802862 1.1591547 1.0962392 1.1944238 1.4943781 1.3297193 1.2801749 1.7276700 1.6305800 1.6446713 1.6687807 1.5920301 1.4273227 1.4273227 1.3556771 1.9648235 0.0000010 1.2195125 1.2923531 1.3139356 1.4946821 6.6123498 1.2133995 1.1143216 1.3958095 1.3361665 1.4189913 1.8739932 1.0988105 0.0000010 1.3719428 1.4541118 1.3878347 1.4514619 1.7954330 1.3647071 1.3920282 0.0000010 1.4782558 1.5288907 3.2126296 1.1547466 2.8426401 
Clacor_Ccor_C532881_01                                1.4303221 1.7805467 0.0000010 1.5178371 1.6603725 0.7745991 0.7164963 0.7185656 0.7776533 1.4983922 0.0000000 1.5030417 1.4500750 1.8363529 1.4904982 1.4759039 1.3848221 1.8446816 1.7001164 1.5578827 1.5449985 2.2668172 2.2668172 1.3949795 0.5324489 1.5109794 1.6974101 1.8462772 1.5610784 1.4644155 1.0442613 1.6208727 2.1524458 1.6146932 1.3748474 3.1736575 0.9413449 1.9003531 1.7874394 1.5316414 1.5073464 1.6704634 1.8954900 1.5800457 1.7705305 1.5471840 2.0884688 2.0020396 1.9475055 1.9788263 1.9307310 2.1715088 2.3679029 1.7059103 2.5428317 1.3352462 1.3790963 2.4526619 1.5588400 2.2529308 0.0000010 2.2533242 2.3519230 2.2591017 2.2207745 2.1638106 1.4625925 2.1813049 2.5154300 2.2819335 2.4475840 2.1454281 1.6773459 2.0807284 2.5685777 2.5171182 2.2658758 2.2956173 1.2664480 2.2954443 1.8961075 2.5889788 
Cgig_XM_011449148.3                                   1.7963614 2.0170330 2.0079360 2.1510812 1.9464015 1.5028261 1.4559947 1.4095259 1.4379221 1.2035341 1.5030417 0.0000000 0.8958862 0.9393258 0.9059514 0.8994643 0.8647886 0.8870810 0.9474200 1.0636250 1.0481981 1.0051048 1.0330803 0.8237049 0.3558674 0.8738379 1.1524399 1.2123099 0.8222271 1.0143158 0.9594686 1.0420330 1.0896558 1.0400739 1.0633188 1.2812558 1.0931049 1.1378325 1.0949975 0.7149182 0.5265045 0.6292551 0.8626064 0.8874035 0.9555043 0.8826503 1.4377357 1.4275216 1.3975929 1.4018338 1.4489880 1.3620663 1.3690902 1.0986071 1.4778665 1.1318316 1.3744621 1.6374146 1.4324331 1.8227255 1.7246087 1.5430138 1.4314978 1.7058817 1.7079758 1.6150297 1.6278494 1.4691867 1.8350160 1.5100678 1.6645875 1.6437990 1.6044837 1.6550339 1.6556294 1.6741118 1.7600455 1.6907261 1.4023731 1.8859755 1.9321284 2.1722247 
Fspp_ffun1.m4.13801.m1                                1.7406416 1.8999724 2.2154340 1.9201824 1.8815886 1.3737192 1.3897231 1.3036578 1.3605829 1.1026064 1.4500750 0.8958862 0.0000000 0.0751301 0.1073375 0.0740897 0.0574969 0.1249077 0.1364982 0.1682903 0.2030094 0.4297510 0.4263353 0.3926204 0.2453175 0.3459951 0.8108952 0.8863346 1.0593438 0.7068577 0.5163793 0.6825041 0.7158088 0.6903671 0.8369672 0.8735899 0.6303514 0.7880882 0.8154734 1.0095909 1.0597316 0.9834635 1.2162737 1.0643706 1.3691078 1.2697829 1.4151823 1.4197036 1.4115900 1.4263966 1.4050365 1.3653458 1.3560570 1.4822094 1.9195245 0.9071853 1.2509200 1.4137637 1.2561635 1.7625173 1.9438932 1.5376172 1.3387521 1.7174874 1.5146871 1.5699098 1.4176045 1.3004954 1.5530804 1.3656496 1.6329932 1.6445929 1.5381030 1.6533517 1.5368926 1.5859925 1.7566851 1.7347463 1.4728518 2.2596901 1.7727967 2.1114572 
Fspp_ffun1.m4.13800.m1                                1.5540226 1.5878300 2.2154340 1.5033734 1.5318192 1.3365410 1.3443421 1.2684921 1.2988001 0.9385700 1.8363529 0.9393258 0.0751301 0.0000000 0.1913630 0.1579855 0.1234479 0.1317420 0.1539883 0.1885839 1.9855027 0.4297510 0.4079682 0.4526719 0.1540764 0.3538030 0.7366968 0.8597230 1.0818662 0.7680805 2.1544769 0.7243219 0.6833099 0.7210811 2.5748525 0.6993486 0.5631922 0.7816245 0.8352641 1.0395025 1.0535159 1.0344229 1.1735005 1.1051832 1.4982399 1.3599696 1.5287752 1.5236122 1.5050489 1.5159874 1.5288609 1.4191658 1.3666097 1.6602418 5.7862695 1.2545956 1.5187484 1.2878249 1.2066003 1.7467274 1.9438932 1.4022753 1.1291540 1.5507144 1.3445529 1.4225553 2.2825581 1.2258030 4.0876856 1.4261366 1.7519258 1.7234440 1.5948777 1.8656300 1.8264099 1.5517076 3.6398482 1.8010613 1.3107972 1.9088104 1.1424278 3.3181561 
Spis_XP_022805901_1                                   1.7729495 1.9242933 2.2919335 1.9614939 1.8966929 1.3945715 1.3951204 1.3206933 1.3691545 1.1220070 1.4904982 0.9059514 0.1073375 0.1913630 0.0000000 0.0562385 0.1054003 0.1468099 0.1830391 0.2072165 0.2197373 0.5333344 0.4959596 0.4070155 0.2136984 0.3613332 0.8073123 0.8576497 1.0420352 0.7220757 0.5697329 0.7217600 0.7461589 0.7162314 0.8851588 0.8963153 0.6936996 0.8287886 0.8210801 1.0035760 1.0387222 0.9744888 1.2424255 1.0700302 1.3484420 1.2947199 1.3990853 1.4086058 1.4166424 1.4315551 1.3961724 1.3394835 1.3438261 1.4936832 1.9306859 0.9192533 1.2361269 1.4115006 1.2404492 1.7415765 2.0168220 1.5389340 1.3160729 1.7451984 1.5456700 1.5875340 1.4447266 1.3155525 1.6217780 1.4101413 1.6323813 1.6248630 1.5576247 1.6041193 1.5392472 1.6104562 1.7225968 1.7277318 1.4138054 2.2779456 1.9762694 2.1625177 
Pocdam_XM_027181444.1                                 1.7512503 1.9354140 2.2155355 1.9407439 1.8983481 1.3846907 1.3833889 1.3210497 1.3540374 1.0827005 1.4759039 0.8994643 0.0740897 0.1579855 0.0562385 0.0000000 0.0734120 0.1242493 0.1456922 0.1672094 0.2023990 0.5009203 0.4519571 0.3986019 0.2157706 0.3490926 0.8090300 0.8757167 1.0498766 0.6962671 0.5597415 0.6928224 0.7226994 0.6873630 0.8450117 0.8580389 0.6373781 0.7951626 0.7936273 1.0004731 1.0553741 0.9902843 1.2509287 1.0794427 1.3637625 1.2970785 1.3883010 1.3863177 1.4045135 1.4192550 1.3886780 1.3652784 1.3576050 1.4783112 1.9136488 0.8707037 1.2265874 1.4067967 1.2482565 1.7430749 1.8866499 1.5463668 1.3158292 1.7172345 1.5265224 1.5827590 1.3826312 1.3164984 1.5533457 1.4335870 1.6367385 1.6369674 1.5588225 1.6098442 1.5645933 1.5999484 1.7310902 1.7246131 1.4255303 2.2818627 1.8540008 2.0964627 
Gasp_gasp1.m3.13262.m1                                1.7338342 1.8632019 2.2284678 1.8594611 1.8164943 1.3512351 1.3603139 1.2675128 1.3347664 1.1536108 1.3848221 0.8647886 0.0574969 0.1234479 0.1054003 0.0734120 0.0000000 0.1086408 0.1162591 0.1511643 0.2309649 0.4467499 0.4225810 0.3852765 0.2139574 0.3537598 0.8114838 0.8718462 1.0175244 0.6963491 0.5641905 0.6972429 0.7293337 0.6986400 0.8481532 0.8715896 0.6351757 0.7867400 0.7936513 0.9563271 0.9943882 0.9399013 1.2055754 1.0109041 1.3288607 1.2451559 1.3695521 1.3686726 1.3783952 1.3929959 1.3544978 1.3445966 1.3656193 1.4707781 1.8570759 0.8670178 1.2054858 1.3522577 1.2245010 1.7574394 2.1145093 1.5251750 1.3011768 1.6999836 1.5059636 1.5572279 1.4542069 1.3078940 1.4545381 1.3816939 1.5710516 1.6038450 1.4951521 1.5956698 1.4479160 1.5821288 1.5944920 1.6783282 1.4315031 2.2156957 1.8853132 2.0826227 
Gfas_gfas1.m1.21319.m1                                1.6683273 1.8810293 2.0842551 1.9471160 1.8621627 1.4262902 1.4731543 1.3900536 1.3913692 1.1186524 1.8446816 0.8870810 0.1249077 0.1317420 0.1468099 0.1242493 0.1086408 0.0000000 0.1492294 0.1607829 0.0000010 0.5085436 0.4935545 0.4224631 0.1661792 0.3610872 0.7006219 0.8271497 1.1019457 0.7080915 0.0000010 0.7246339 0.7246339 0.7156052 2.7483234 0.8110899 0.6567901 0.7527294 0.8269037 0.9905890 1.0774136 0.9808424 1.2070074 1.0963376 1.3880882 1.2747735 1.4109425 1.4010321 1.3889590 1.3979597 1.3655896 1.3538044 1.3401491 1.4358581 1.7092345 1.6759294 1.4795615 1.3636630 1.2728004 1.8254560 2.0108294 1.4959670 1.2891756 1.7040035 1.5491486 1.6242773 2.3177686 1.2989219 0.0000010 1.3533381 1.6690629 1.6423628 1.5658416 1.6533864 1.6277829 1.4889785 2.0695620 1.6838654 1.4421382 3.1918844 1.2146828 2.1817576 
Adig_XM_015894239.1                                   1.6614285 1.7736623 2.1383298 1.8725053 1.8140248 1.4300052 1.4632569 1.3645238 1.3855605 1.1069862 1.7001164 0.9474200 0.1364982 0.1539883 0.1830391 0.1456922 0.1162591 0.1492294 0.0000000 0.0248712 0.0000010 0.5040225 0.4651026 0.4245939 0.2642272 0.3669727 0.7287772 0.8404237 1.1428004 0.7791586 0.0000010 0.7606579 0.7606579 0.7645900 2.5693548 0.8660606 0.6751305 0.7953300 0.8660785 1.0058395 1.0919890 1.0272146 1.2835895 1.1057129 1.3734635 1.3189226 1.5252411 1.4990663 1.5169771 1.5269783 1.4990166 1.4770514 1.4570526 1.5032279 1.6295261 1.7239321 1.4438632 1.4301176 1.3263513 1.8014752 1.9452534 1.5331464 1.3234071 1.7039950 1.5478386 1.6282093 2.3177686 1.3470718 0.0000010 1.3180125 1.6405432 1.6445867 1.5856754 1.6957682 1.5493913 1.5019203 1.7578151 1.6500972 1.4358721 3.6729266 1.1420862 2.2896421 
Amil_Amillepora24323-RA                               1.8565285 1.9831539 2.1383298 1.9477716 1.9492501 1.4474500 1.4202619 1.3975891 1.3978271 1.0073630 1.5578827 1.0636250 0.1682903 0.1885839 0.2072165 0.1672094 0.1511643 0.1607829 0.0248712 0.0000000 0.2483776 0.5513411 0.4907343 0.5068757 0.2128168 0.4317739 0.9334038 0.9784231 1.2579599 0.7917857 0.6173909 0.7649838 0.8040758 0.7668025 0.8425500 0.9804740 0.6681771 0.9154691 0.9191216 1.1105287 1.1891641 1.1058869 1.3880007 1.1994337 1.5141929 1.3780147 1.5642702 1.5453349 1.5781665 1.5984647 1.5635692 1.5272302 1.5273969 1.5802843 2.5939334 0.9756849 1.3051070 1.5009158 1.2806477 1.7435261 1.9452534 1.6125548 1.4649465 1.8022687 1.6270999 1.6851993 1.2620608 1.3122075 1.5457333 1.6672482 1.7313572 1.8079642 1.7236128 1.7659978 1.5498654 1.6820547 1.6051058 1.7565306 1.4508262 1.9914712 2.1175438 2.6967113 
Gfas_gfas1.m1.22398.m1                                2.1362264 2.1489840 0.0000010 2.0271071 1.9804627 1.4444079 1.3330752 1.3207369 1.3708392 0.0000010 1.5449985 1.0481981 0.2030094 1.9855027 0.2197373 0.2023990 0.2309649 0.0000010 0.0000010 0.2483776 0.0000000 0.0000010 0.0000010 0.4668105 1.1075472 0.5134329 1.4133609 1.3179761 1.1240638 0.7175408 0.5898850 0.6894483 1.0262907 0.7001944 0.6211351 1.7946693 0.0000010 1.2339951 0.8174519 1.2777226 1.2013908 1.1521845 1.5321516 1.0426930 1.6329786 1.3706453 1.3673856 1.4233488 1.4268947 1.4650085 1.4487359 1.3956145 1.3915439 1.6306798 3.0773605 0.9715627 1.0450071 1.2608794 0.0000010 1.8527542 0.0000010 1.8584090 3.0818752 1.8374322 1.5316232 1.5791105 1.2577726 1.1547466 1.6107444 0.0000010 1.5817288 1.9843789 1.7473869 1.7276006 1.6167020 2.1230684 1.5359978 1.7420896 0.0000010 1.8045329 2.1583510 3.1284842 
Nvec_v1g134976                                        1.6647075 1.6743982 2.5264663 0.0000010 1.6553755 1.3382908 1.3337625 1.2919512 1.3084688 0.0000010 2.2668172 1.0051048 0.4297510 0.4297510 0.5333344 0.5009203 0.4467499 0.5085436 0.5040225 0.5513411 0.0000010 0.0000000 0.0454944 0.0123438 0.0000010 0.2955250 0.8423125 0.9106366 1.1679790 0.6947615 0.0000010 0.6929898 0.6929898 0.7400374 1.9990174 0.6820614 0.5919475 0.6668421 0.6958192 1.2673696 1.0362993 1.2041045 1.5836174 0.9719885 1.8883219 1.4494822 1.4440388 1.4007482 1.4536267 1.4902317 1.5158440 1.3948433 1.3612227 1.6871678 0.0000010 0.0000010 1.4994030 1.2794430 1.2729131 2.0499711 5.2496660 1.3499801 1.0725579 1.5218090 1.4508220 1.3952128 2.9071023 1.2307761 0.0000010 1.3923166 1.4172426 1.5845596 1.3475403 1.3737366 0.0000010 1.3051181 0.0000010 1.1286507 0.8227762 0.0000010 0.4381950 5.7385909 
Nvec_v1g145592                                        1.4143347 1.3964763 2.0629851 0.4600832 1.3662124 1.0361855 1.0095317 0.9783001 1.0295956 0.6216737 2.2668172 1.0330803 0.4263353 0.4079682 0.4959596 0.4519571 0.4225810 0.4935545 0.4651026 0.4907343 0.0000010 0.0454944 0.0000000 0.0084790 0.0000010 0.2407087 0.7949609 0.8978841 1.1375791 0.7031629 0.0000010 0.7062485 0.7062485 0.7002148 1.9990174 0.6567321 0.5287436 0.6646519 0.6369855 1.2342509 1.1240964 1.0955551 1.4290325 0.9886832 1.6229876 1.5064581 1.4086644 1.3943557 1.3532009 1.3733240 1.3481755 1.2472185 1.2291846 1.7259576 0.0000010 0.0000010 1.2452515 1.1764221 1.0659613 1.5437991 1.9740602 1.2368297 0.9999043 1.2553844 1.2378595 1.1891053 2.9071023 1.0281500 0.0000010 1.5268389 1.6764313 1.6965170 1.4922555 1.5243267 0.0000010 1.4386596 0.0000010 1.3798107 1.2264152 0.0000010 0.4381950 5.3555395 
Nvec_v1g135301                                        1.6909218 1.9163608 2.4493725 1.9735582 1.8433369 1.3227701 1.3347989 1.3312396 1.3064609 1.1298523 1.3949795 0.8237049 0.3926204 0.4526719 0.4070155 0.3986019 0.3852765 0.4224631 0.4245939 0.5068757 0.4668105 0.0123438 0.0084790 0.0000000 0.1152678 0.2521883 0.7852151 0.7744059 0.9180838 0.6930838 0.6237002 0.7233790 0.7502215 0.7258606 0.7864496 0.9954331 0.6808305 0.7635903 0.7186765 0.9001125 0.8963816 0.8933379 1.1372282 0.9361701 1.2131577 1.0904336 1.4160688 1.3952471 1.3530689 1.3697476 1.3632576 1.3391444 1.3630523 1.3341189 1.8192633 0.8970630 1.1626903 1.3578175 1.2037634 1.6736175 1.7782928 1.3778385 1.2447981 1.5398403 1.5371941 1.5254261 1.4159280 0.9974487 1.6781897 1.1863303 1.4550023 1.4063456 1.3011769 1.4291533 1.5709207 1.3925291 1.7689799 1.4016748 1.3377507 1.8698868 1.7588232 1.6891329 
Nvec_v1g145590                                        1.5270161 1.5169326 0.0000010 1.5591994 1.6373745 1.0611544 1.2485941 1.0636464 1.2735280 1.3608233 0.5324489 0.3558674 0.2453175 0.1540764 0.2136984 0.2157706 0.2139574 0.1661792 0.2642272 0.2128168 1.1075472 0.0000010 0.0000010 0.1152678 0.0000000 0.1686420 0.3724222 0.4725165 0.4397329 0.3940152 0.0000010 0.3895921 0.4040828 0.3720823 1.8101116 0.4302831 1.4810971 0.4810917 0.3876122 0.4678324 0.4089610 0.4800000 0.4813066 0.5168345 0.4288101 0.6456046 0.7320979 0.7308677 0.8047007 0.8047007 0.7732259 0.8003526 0.7836972 0.7012867 0.7799027 1.7981441 0.9348382 1.1410068 1.1410068 1.3680733 0.0000010 1.0270300 0.8686960 1.4783557 1.3664750 1.3040018 1.1157423 1.0481583 2.6929417 0.0000010 1.4386417 1.2665444 1.2767408 1.3893075 1.4122594 1.3455308 9.0000000 1.7833541 1.7064667 2.4337651 1.4826799 0.3682729 
Exapal_XM_021052378.2                                 1.7249677 1.9009512 2.0472052 1.9837788 1.8585533 1.4098430 1.4520558 1.3128900 1.3853861 1.0544690 1.5109794 0.8738379 0.3459951 0.3538030 0.3613332 0.3490926 0.3537598 0.3610872 0.3669727 0.4317739 0.5134329 0.2955250 0.2407087 0.2521883 0.1686420 0.0000000 0.8446697 0.8695502 1.0229915 0.6668166 0.6050313 0.6670095 0.6875394 0.6600496 0.8293639 0.8481597 0.5761271 0.7792219 0.8020850 0.9382522 1.0214504 0.9512685 1.1585386 1.0549230 1.3922502 1.2491400 1.4891360 1.5125904 1.4609771 1.4686326 1.4420763 1.3990116 1.3876670 1.4554092 1.7932988 1.0524189 1.2943506 1.4799823 1.2529673 1.7497462 1.9712619 1.5089732 1.3475099 1.7679862 1.6292423 1.6046502 1.4887638 1.3283608 1.8240340 1.3305025 1.6308847 1.6544885 1.5415864 1.6543468 1.5827976 1.6370968 1.8396502 1.6990125 1.3137074 2.0288427 1.7653846 2.0445345 
Dgig_XM_028549364.1                                   1.9054070 1.9854384 2.1010363 2.1228052 2.0310266 1.5359953 1.5826711 1.5174288 1.5385586 0.9158456 1.6974101 1.1524399 0.8108952 0.7366968 0.8073123 0.8090300 0.8114838 0.7006219 0.7287772 0.9334038 1.4133609 0.8423125 0.7949609 0.7852151 0.3724222 0.8446697 0.0000000 0.4084830 1.1496646 0.9432970 1.2188183 0.9276137 0.8996555 0.9116877 1.3415313 0.9915342 0.7960849 0.9785658 0.9867398 1.1655080 1.1238011 1.0241395 1.3462056 1.2446045 1.4740919 1.3163148 1.6207688 1.6037923 1.6327891 1.6483638 1.4757341 1.5165160 1.5461171 1.4831635 2.2296749 1.2201146 1.3412721 1.4682460 1.2366878 1.8137344 2.5009720 1.5489643 1.4921367 1.7604707 1.6925185 1.6818720 1.6707107 1.2772174 1.8362448 1.2923787 1.7466482 1.7200399 1.6296885 1.7067843 1.6467652 1.6495472 1.8227500 1.6709231 1.3055900 2.2639198 2.2438164 2.1685590 
Xesp_016208-T1                                        1.9691804 2.1413939 2.6744539 1.9905025 2.0762240 1.5763185 1.6254948 1.4868738 1.5762647 1.1203546 1.8462772 1.2123099 0.8863346 0.8597230 0.8576497 0.8757167 0.8718462 0.8271497 0.8404237 0.9784231 1.3179761 0.9106366 0.8978841 0.7744059 0.4725165 0.8695502 0.4084830 0.0000000 1.2019242 1.0896737 1.3539842 1.0832858 1.0674418 1.0627400 1.1338809 1.2306140 0.9319210 1.0427408 1.1467843 1.2411938 1.1991433 1.0686598 1.3495662 1.2622402 1.5498423 1.3845176 1.4963042 1.4879074 1.4935111 1.5069983 1.4363529 1.4212619 1.4747409 1.5768826 2.1352695 1.1329530 1.3181058 1.5141335 1.2256726 1.8209275 2.8742403 1.5886485 1.4932375 1.8844062 1.7916637 1.8177197 1.9578971 1.4259496 1.9942215 1.4323643 1.7621759 1.7426157 1.6452280 1.6574984 1.5039965 1.6657540 1.6121632 1.6873513 1.3891447 2.2580051 2.3451702 2.2742335 
Bralan_BLAG04000864_1                                 1.8141491 1.9423093 1.8107551 2.1321292 1.8822144 1.4947731 1.4998818 1.4424061 1.4771107 1.1698228 1.5610784 0.8222271 1.0593438 1.0818662 1.0420352 1.0498766 1.0175244 1.1019457 1.1428004 1.2579599 1.1240638 1.1679790 1.1375791 0.9180838 0.4397329 1.0229915 1.1496646 1.2019242 0.0000000 1.0710728 0.9533436 1.0627243 1.0951967 1.0648369 0.9687742 1.3471215 1.1837389 1.1828592 1.0784907 0.8114254 0.8126610 0.8193071 0.9838716 0.8434647 1.1903753 1.0768544 1.4887514 1.4525983 1.4610617 1.4762528 1.4513256 1.4540389 1.4740755 1.2649050 1.7248410 0.8771350 1.2456421 1.6873971 1.3693326 1.8426719 2.0921509 1.5623615 1.4413535 1.8698079 1.7129873 1.6957313 1.7018858 1.3247405 1.7671617 1.4773470 1.7689382 1.6893639 1.5786843 1.6442215 1.7494613 1.6697403 1.9272312 1.7204355 1.4981887 1.7333885 1.8358378 2.3765453 
Sanmal_Sma_015554-T1                                  1.8084907 1.9850722 2.2474263 2.0112979 1.9860358 1.4313111 1.4406950 1.4175559 1.4517800 1.2370591 1.4644155 1.0143158 0.7068577 0.7680805 0.7220757 0.6962671 0.6963491 0.7080915 0.7791586 0.7917857 0.7175408 0.6947615 0.7031629 0.6930838 0.3940152 0.6668166 0.9432970 1.0896737 1.0710728 0.0000000 0.1116159 0.1725932 0.1929146 0.1698404 0.3886153 0.3443260 0.4139959 0.5807120 0.5838006 1.0589610 1.1679233 1.0124314 1.2607681 1.1877784 1.4115443 1.3677737 1.5134540 1.5396923 1.5164417 1.5205392 1.4866716 1.4566962 1.4632611 1.3736317 1.6944352 0.9692294 1.3326942 1.5407357 1.2724301 1.8436774 2.7061224 1.5965454 1.5206179 1.6467325 1.6478997 1.6456950 1.4779032 1.5080074 1.7142271 1.5813877 1.7397532 1.7045393 1.6019158 1.7848644 1.4757867 1.7414562 1.5792168 1.7325962 1.6083086 1.9153233 1.9541361 1.7918500 
Aaur_scaffold1383.g11.t1                              1.5619747 1.6824886 0.0000010 1.6681826 1.5279426 0.9291704 0.9284940 0.8680865 0.9257639 0.0000010 1.0442613 0.9594686 0.5163793 2.1544769 0.5697329 0.5597415 0.5641905 0.0000010 0.0000010 0.6173909 0.5898850 0.0000010 0.0000010 0.6237002 0.0000010 0.6050313 1.2188183 1.3539842 0.9533436 0.1116159 0.0000000 0.0856000 1.7673308 0.0980993 0.2271186 2.1736031 1.5055795 0.8856384 0.3616086 0.9446100 1.0264666 0.8980225 1.1574019 0.8924927 1.1791721 1.2604272 1.2017160 1.2839486 1.2367581 1.1888764 1.2479416 1.2040677 1.2040677 1.4826321 4.2247557 1.0300812 0.9628482 2.6483458 0.0000010 1.5845916 0.0000010 1.5681940 3.3415064 1.6369676 1.4470613 1.4749285 1.1337436 1.1547466 1.9680768 0.0000010 1.8732028 1.8484967 1.3903541 1.8472978 5.8464116 2.9783396 1.7713214 2.0865652 0.0000010 1.9445987 1.7915469 1.9965310 
Nemnom_g3704.t1                                       1.8368658 2.0076370 2.1750504 2.0813701 2.0215852 1.5125735 1.5011053 1.4809446 1.4969833 1.3521791 1.6208727 1.0420330 0.6825041 0.7243219 0.7217600 0.6928224 0.6972429 0.7246339 0.7606579 0.7649838 0.6894483 0.6929898 0.7062485 0.7233790 0.3895921 0.6670095 0.9276137 1.0832858 1.0627243 0.1725932 0.0856000 0.0000000 0.0093530 0.0358040 0.4038747 0.3081374 0.4051720 0.5402624 0.5655908 1.0718580 1.1418734 1.0372537 1.2589286 1.1635687 1.4360753 1.3237140 1.4953608 1.5289717 1.5294772 1.5336138 1.4953844 1.4141715 1.4269575 1.3975828 1.6840277 0.9221802 1.3700289 1.5504340 1.3124830 1.7772511 2.4225695 1.5784539 1.4346012 1.6221849 1.6044356 1.5911129 1.4774414 1.4740652 1.5996069 1.5927933 1.7627772 1.7747610 1.6395184 1.7706160 1.4209412 1.7199989 1.5920229 1.7460607 1.6918172 1.9972117 1.8407890 1.8421440 
Nemnom_g5435.t1                                       1.9012240 2.0819526 2.1750504 2.2319677 2.1305366 1.6456706 1.6213646 1.6547633 1.6149787 1.3521791 2.1524458 1.0896558 0.7158088 0.6833099 0.7461589 0.7226994 0.7293337 0.7246339 0.7606579 0.8040758 1.0262907 0.6929898 0.7062485 0.7502215 0.4040828 0.6875394 0.8996555 1.0674418 1.0951967 0.1929146 1.7673308 0.0093530 0.0000000 0.0499373 0.6587789 0.2933408 0.4069011 0.5459782 0.6290489 1.1042121 1.1903260 1.0949105 1.2898942 1.2600093 1.4940782 1.3733133 1.5497932 1.5744245 1.5834165 1.5982052 1.5441180 1.4616568 1.4788522 1.4331485 1.4421571 1.0346300 1.4932233 1.5565520 1.3124830 1.8533506 2.4225695 1.6126141 1.3822132 1.6438711 1.6486040 1.6472577 2.2548161 1.4752606 1.6278359 1.5927933 1.7812441 1.7996800 1.7318417 1.8523486 1.4187531 1.6438101 1.6907042 1.7770756 1.6918172 2.1965893 2.6033966 1.8411606 
Rhoesc_Res_007766-T1                                  1.8342103 2.0284797 2.1237599 2.0885424 2.0397588 1.4909472 1.4730941 1.4561177 1.4598379 1.3205558 1.6146932 1.0400739 0.6903671 0.7210811 0.7162314 0.6873630 0.6986400 0.7156052 0.7645900 0.7668025 0.7001944 0.7400374 0.7002148 0.7258606 0.3720823 0.6600496 0.9116877 1.0627400 1.0648369 0.1698404 0.0980993 0.0358040 0.0499373 0.0000000 0.4187540 0.2784689 0.3969678 0.5443193 0.5692736 1.0628269 1.1409528 1.0340435 1.2482770 1.1608271 1.4349771 1.3140661 1.5259749 1.5461273 1.5543940 1.5585854 1.4984698 1.3981357 1.4102449 1.3780421 1.6688250 0.9476756 1.3778684 1.5439000 1.3158276 1.7833520 2.4184539 1.5860694 1.4926402 1.6534305 1.6132290 1.5792175 1.4689855 1.4792541 1.6219285 1.5782715 1.7683865 1.7802474 1.6659051 1.7391255 1.4504325 1.7203257 1.6097097 1.7744753 1.7386436 2.0132847 1.8370250 1.8420527 
Morvir_scaffold818.g3.t1                              2.1473902 2.4569346 0.0000010 2.2754395 2.0741132 1.4916681 1.4300654 1.4496429 1.4521070 2.6703929 1.3748474 1.0633188 0.8369672 2.5748525 0.8851588 0.8450117 0.8481532 2.7483234 2.5693548 0.8425500 0.6211351 1.9990174 1.9990174 0.7864496 1.8101116 0.8293639 1.3415313 1.1338809 0.9687742 0.3886153 0.2271186 0.4038747 0.6587789 0.4187540 0.0000000 1.9359541 1.6955690 0.8369842 0.6562521 1.0434389 1.2230071 0.9734113 1.2418104 1.0041268 1.5800141 1.2468680 1.5781873 1.6462796 1.6262609 1.5938919 1.6062129 1.6635443 1.6677056 1.4975344 2.2910653 0.8103089 0.9591924 3.5250948 3.8663631 1.5409886 7.7477279 1.5788117 1.7138568 1.7724702 1.7172436 1.5779979 1.2393939 2.2286648 1.6961111 4.0632662 1.7833618 1.7864448 1.5818266 1.5501958 1.2171129 1.7907250 1.3260909 1.6573037 2.8260534 1.7456522 1.8920256 2.5086338 
Aaur_scaffold816.g1.t2                                1.8687693 2.0101707 2.0964054 2.1391412 1.9167806 1.6966949 1.7111056 1.7547284 1.7355394 1.2810553 3.1736575 1.2812558 0.8735899 0.6993486 0.8963153 0.8580389 0.8715896 0.8110899 0.8660606 0.9804740 1.7946693 0.6820614 0.6567321 0.9954331 0.4302831 0.8481597 0.9915342 1.2306140 1.3471215 0.3443260 2.1736031 0.3081374 0.2933408 0.2784689 1.9359541 0.0000000 0.3906947 0.7324250 0.7294859 1.2804910 1.3508607 1.1779052 1.4556504 1.4194992 1.7227200 1.5924446 1.7223632 1.7322016 1.7491288 1.7534388 1.6475011 1.6053512 1.6494798 1.6516470 1.8497344 2.8524781 1.6302466 1.4056154 1.2438931 2.0545357 2.4000360 1.7160066 1.4651736 1.7439882 1.7367020 1.7425793 2.9689846 1.5222319 1.8572493 1.5444053 1.9388299 2.0246216 1.9948192 2.1124092 2.2655733 1.9204118 4.0042883 2.0524657 1.6705806 2.8238545 2.4400864 2.3196621 
Morvir_scaffold666.g3.t1                              1.3999141 1.4744580 2.1405792 1.1734143 1.4657493 1.2016311 1.2201365 1.0982015 1.2161507 1.0299448 0.9413449 1.0931049 0.6303514 0.5631922 0.6936996 0.6373781 0.6351757 0.6567901 0.6751305 0.6681771 0.0000010 0.5919475 0.5287436 0.6808305 1.4810971 0.5761271 0.7960849 0.9319210 1.1837389 0.4139959 1.5055795 0.4051720 0.4069011 0.3969678 1.6955690 0.3906947 0.0000000 0.4401315 0.6009981 1.1171985 1.1708587 0.9538219 1.3470360 1.1914954 1.6749582 1.3842975 1.5207536 1.5003437 1.5343215 1.5609919 1.4090972 1.3159489 1.2488416 1.5074091 0.6456211 0.0000010 1.4208929 1.2088236 1.0739444 1.6883376 2.4050666 1.4466114 1.2951327 1.4911024 1.4060253 1.3349488 2.1681755 1.4413091 0.0000010 1.4279923 1.7647482 1.9538331 1.9150852 1.9424036 2.3121741 1.7247629 0.0000010 1.7228841 1.3492206 9.0000000 1.6627667 4.8731371 
Chem_TCONS_00011108                                   1.8596526 2.0690065 2.1608859 2.2295788 2.1297973 1.5384520 1.5977432 1.5510282 1.5641750 1.2774339 1.9003531 1.1378325 0.7880882 0.7816245 0.8287886 0.7951626 0.7867400 0.7527294 0.7953300 0.9154691 1.2339951 0.6668421 0.6646519 0.7635903 0.4810917 0.7792219 0.9785658 1.0427408 1.1828592 0.5807120 0.8856384 0.5402624 0.5459782 0.5443193 0.8369842 0.7324250 0.4401315 0.0000000 0.4173169 1.1484360 1.1432333 1.1355229 1.3563988 1.2360591 1.4884226 1.3562781 1.5526071 1.5800910 1.5580502 1.5683314 1.5107732 1.4962935 1.5121217 1.4455109 1.8336432 1.1762016 1.4638847 1.5476544 1.3216365 1.9850701 2.5200395 1.6743091 1.5242966 1.7662299 1.7633320 1.7263116 1.9196339 1.5657391 1.4324541 1.5952100 1.8273491 1.9035976 1.7858518 1.7906779 1.5224460 1.6848142 1.8649743 1.8270311 1.5736869 2.5162990 2.1208965 1.9474873 
Hvul_g11040_1                                         1.7629541 1.8975069 2.6099337 1.8152019 1.8951502 1.4657233 1.5130523 1.4188033 1.4849130 1.1150255 1.7874394 1.0949975 0.8154734 0.8352641 0.8210801 0.7936273 0.7936513 0.8269037 0.8660785 0.9191216 0.8174519 0.6958192 0.6369855 0.7186765 0.3876122 0.8020850 0.9867398 1.1467843 1.0784907 0.5838006 0.3616086 0.5655908 0.6290489 0.5692736 0.6562521 0.7294859 0.6009981 0.4173169 0.0000000 1.1116021 1.1493224 1.0420509 1.3383921 1.2192598 1.4570243 1.3763573 1.4570546 1.4516301 1.4497180 1.4494833 1.3943614 1.3718422 1.3668102 1.4149191 1.8374158 0.9720330 1.3941907 1.5728907 1.2829989 1.8621211 2.6705696 1.5636035 1.5308007 1.6604929 1.6740777 1.5815170 1.4788075 1.4742093 1.6915074 1.6367160 1.8329132 1.8804237 1.8018945 1.6801851 1.8623808 1.7542093 1.9366649 1.8338313 1.5954113 2.3318829 1.7137306 2.0258404 
Skow_XM_006813797.1                                   1.7705064 2.0254057 2.1402175 2.1724716 1.9245492 1.4785499 1.5088173 1.3664479 1.4563364 1.0802862 1.5316414 0.7149182 1.0095909 1.0395025 1.0035760 1.0004731 0.9563271 0.9905890 1.0058395 1.1105287 1.2777226 1.2673696 1.2342509 0.9001125 0.4678324 0.9382522 1.1655080 1.2411938 0.8114254 1.0589610 0.9446100 1.0718580 1.1042121 1.0628269 1.0434389 1.2804910 1.1171985 1.1484360 1.1116021 0.0000000 0.7336331 0.7078843 0.7704634 0.8430249 1.0604890 0.9969833 1.4692868 1.4432506 1.5124757 1.5149226 1.4902060 1.4126470 1.4277559 1.1451836 1.6941298 1.1750656 1.4020850 1.7014381 1.3891053 1.9199797 2.1942417 1.5766487 1.4994925 1.8397198 1.8402283 1.7733666 1.7551674 1.4000461 1.9226880 1.5273527 1.6231413 1.6456068 1.5697466 1.5976171 1.4494718 1.7270826 1.8388602 1.7080639 1.3677999 2.1326608 1.7646849 2.3723160 
Acagra_model.g6460.t1                                 1.8059154 2.0533887 2.0788186 2.0156749 1.9435321 1.4720820 1.4612037 1.3083015 1.4247736 1.1591547 1.5073464 0.5265045 1.0597316 1.0535159 1.0387222 1.0553741 0.9943882 1.0774136 1.0919890 1.1891641 1.2013908 1.0362993 1.1240964 0.8963816 0.4089610 1.0214504 1.1238011 1.1991433 0.8126610 1.1679233 1.0264666 1.1418734 1.1903260 1.1409528 1.2230071 1.3508607 1.1708587 1.1432333 1.1493224 0.7336331 0.0000000 0.5899976 0.9264291 0.9178792 1.0361619 0.8782832 1.4923954 1.4683999 1.4543700 1.4555378 1.4341336 1.4288071 1.4301846 1.1693225 1.8692817 1.1518805 1.4895072 1.6343344 1.4627935 1.9498043 1.9395298 1.6121226 1.5143239 1.8203834 1.8144978 1.7478919 1.7882426 1.4855915 1.9540043 1.4437933 1.7652988 1.7738005 1.7397059 1.6808409 1.6923839 1.7411634 1.6839551 1.6671231 1.4404709 2.1462486 1.9321971 2.2167507 
Ctel_gnl_WGS_AMQN_CAPTEDRAFT_mRNA183535               1.7866449 1.9962044 2.4877800 2.0745220 1.9116527 1.3928866 1.3978066 1.3727298 1.4178052 1.0962392 1.6704634 0.6292551 0.9834635 1.0344229 0.9744888 0.9902843 0.9399013 0.9808424 1.0272146 1.1058869 1.1521845 1.2041045 1.0955551 0.8933379 0.4800000 0.9512685 1.0241395 1.0686598 0.8193071 1.0124314 0.8980225 1.0372537 1.0949105 1.0340435 0.9734113 1.1779052 0.9538219 1.1355229 1.0420509 0.7078843 0.5899976 0.0000000 0.9169212 0.8379040 1.0618844 0.8915996 1.3904521 1.3733145 1.4064254 1.4016679 1.3835257 1.3110825 1.3483580 1.0343189 1.5811805 1.1993882 1.3185879 1.3562751 1.1878666 1.8315419 3.7970835 1.5367665 1.4332536 1.7989359 1.7456180 1.6272074 1.5771091 1.1366608 1.8713439 1.3173892 1.6261004 1.5045964 1.4622334 1.4779856 1.9112287 1.5243168 2.0998356 1.5071518 1.2102448 2.1106014 1.8570665 2.1436277 
Spur_XM_030978314.1                                   2.0064665 2.1090553 2.0087115 2.1152234 2.0272235 1.6769584 1.6106366 1.5974741 1.6529289 1.1944238 1.8954900 0.8626064 1.2162737 1.1735005 1.2424255 1.2509287 1.2055754 1.2070074 1.2835895 1.3880007 1.5321516 1.5836174 1.4290325 1.1372282 0.4813066 1.1585386 1.3462056 1.3495662 0.9838716 1.2607681 1.1574019 1.2589286 1.2898942 1.2482770 1.2418104 1.4556504 1.3470360 1.3563988 1.3383921 0.7704634 0.9264291 0.9169212 0.0000000 1.0292674 1.2866843 1.2316603 1.6268594 1.6244804 1.5928869 1.5912415 1.6434826 1.5631945 1.6039183 1.3256044 1.8096644 1.3450133 1.5677706 1.7559756 1.5107167 2.0442051 2.1559439 1.7562173 1.5871044 1.9426084 1.9294017 1.7934893 1.9524963 1.6096404 1.8759267 1.6181776 1.8982586 1.8387649 1.7732785 1.7520444 1.8579035 1.9309753 2.2285871 1.9558154 1.5252726 2.1378652 2.2744230 2.5746363 
Hsap_ENST00000394144                                  1.8946505 2.1231774 2.5991703 2.0435739 1.9970219 1.4909806 1.4759794 1.3762584 1.4690380 1.4943781 1.5800457 0.8874035 1.0643706 1.1051832 1.0700302 1.0794427 1.0109041 1.0963376 1.1057129 1.1994337 1.0426930 0.9719885 0.9886832 0.9361701 0.5168345 1.0549230 1.2446045 1.2622402 0.8434647 1.1877784 0.8924927 1.1635687 1.2600093 1.1608271 1.0041268 1.4194992 1.1914954 1.2360591 1.2192598 0.8430249 0.9178792 0.8379040 1.0292674 0.0000000 1.2798598 1.1389776 1.5349161 1.5419256 1.4763221 1.4890406 1.4772997 1.4202046 1.3934983 1.3647506 1.7218521 0.9840526 1.3840196 1.6318954 1.4530411 1.8211142 2.4003778 1.6254775 1.4964379 1.8672840 1.7488163 1.7460893 1.5274048 1.5422995 1.8983656 1.5009223 1.7713199 1.7848583 1.6934009 1.7469379 1.5795432 1.7382671 1.8753454 1.8025618 1.5605038 1.8166672 1.7707283 2.5325245 
Cscu_XM_023370880.1                                   2.1594985 2.4795013 2.5094806 2.2777425 2.3001768 1.8762746 1.7719900 1.6832183 1.8004053 1.3297193 1.7705305 0.9555043 1.3691078 1.4982399 1.3484420 1.3637625 1.3288607 1.3880882 1.3734635 1.5141929 1.6329786 1.8883219 1.6229876 1.2131577 0.4288101 1.3922502 1.4740919 1.5498423 1.1903753 1.4115443 1.1791721 1.4360753 1.4940782 1.4349771 1.5800141 1.7227200 1.6749582 1.4884226 1.4570243 1.0604890 1.0361619 1.0618844 1.2866843 1.2798598 0.0000000 1.0108214 1.8273878 1.7882510 1.8242594 1.8453405 1.8722297 1.8060430 1.8769452 1.2259647 1.5478388 1.4841186 1.7050934 2.0066925 1.5537763 2.1871903 2.2935373 1.8525894 1.9035115 2.1868753 2.1620992 2.1026510 2.4561406 1.9031971 2.4447070 2.0456636 2.1077004 2.0343662 1.9762696 2.0831620 2.0438514 2.1833308 2.3717736 2.0697213 1.7166983 2.6511133 2.3081257 2.4180640 
