80
Emue_Em0022g425a.t1                                0.0000000 0.0356800 0.4174523 0.4562862 0.6183072 0.4802663 4.1060230 0.8938963 0.7955988 0.9052528 0.9040861 0.7297557 0.8614618 1.0533823 0.8670688 0.9305502 1.5894801 0.8155369 0.7526759 0.8883508 0.7468295 0.7748921 0.8391341 0.6904573 0.6929729 0.8626005 0.7886604 0.8963074 0.8834433 0.8750810 0.8834433 0.8736771 0.8756725 0.9946191 0.9174959 0.9083413 0.9509122 1.0788439 1.1051889 1.0285221 1.1789270 1.3169760 1.1302005 1.2213406 1.2034154 1.1106377 1.1494386 1.2342070 1.2502476 1.0006371 1.1467993 1.2367525 1.1865156 1.2291518 1.2642076 1.1912681 1.1095939 1.2582634 1.1963711 1.1374470 1.2702409 1.3461730 2.0778504 1.1807404 0.9461225 1.2863524 1.0018982 1.1867819 1.1575456 1.1864398 1.2987854 0.9726436 1.1780663 1.1794832 1.1385185 1.1453245 1.1527914 1.1469675 1.4043128 1.8621258 
Spolac_c101764_g1_i2_m.26708c101764-g1             0.0356800 0.0000000 0.4318409 0.5028449 0.6448506 0.4924393 2.9292339 0.9470380 0.8379040 0.9619744 0.9550573 0.7657132 0.9472249 1.1085117 0.9355582 0.9750370 1.6333000 0.8822793 0.8047749 1.0137169 0.8115099 0.8698747 0.9388100 0.7111712 0.7709577 0.9847873 0.8581297 1.0222930 0.9964958 0.9873262 0.9964958 0.9862174 0.9383770 1.0354617 0.9350888 1.0117579 0.9678236 1.1618770 1.1363400 1.1098871 1.2381200 1.3347845 1.1363688 1.2317565 1.2155895 1.1244365 1.1554079 1.2750194 1.3065885 1.0289253 1.1913274 1.3075172 1.2572602 1.2483212 1.2767845 1.2104917 1.1274739 1.3238473 1.2497992 1.1630314 1.3247367 1.4112987 2.1276836 1.2457137 0.9835888 1.3599463 1.0122865 1.1871263 1.1646941 1.2161851 1.3236537 0.9765534 1.2339140 1.2308555 1.1972030 1.2045614 1.2145893 1.1959010 1.4514145 2.0793349 
Tetwil_g12314.t1                                   0.4174523 0.4318409 0.0000000 0.3771908 0.5856680 0.4635802 2.7685274 0.8920640 0.8059763 0.8901623 0.8948020 0.7843038 0.8176429 0.9807552 0.8819528 0.8939657 1.5190216 0.8839238 0.8298929 0.9206973 0.8506821 0.9095145 0.9583657 0.7415611 0.8043188 0.9491442 0.8545490 0.9558621 0.9345915 0.9321746 0.9345915 0.9285499 0.9520369 1.0152578 0.9025167 1.0098062 0.9437125 1.0968961 1.1277491 1.0693556 1.0492452 1.4253460 1.2596635 1.3383210 1.3813124 1.2590589 1.2652597 1.3747834 1.3852429 1.1617278 1.2862978 1.4227762 1.2888434 1.3477522 1.4239163 1.3329377 1.1859723 1.3205300 1.2719650 1.2883378 1.3372478 1.3984801 2.1870013 1.2779704 1.1262594 1.2892107 1.0901763 1.1924281 1.2567919 1.2319738 1.3455585 1.0802596 1.2098026 1.2116169 1.2000131 1.2076384 1.1976620 1.2115474 1.6865942 1.7908318 
Stycar_maker-SC_scaffold28928-snap-gene-0.3-mRNA-1 0.4562862 0.5028449 0.3771908 0.0000000 0.4621407 0.4505107 0.0000010 0.6025942 0.8622176 0.6115097 0.6115097 0.7755312 0.5887451 0.5212123 0.7141049 0.7485589 1.1007329 0.6164747 0.6310439 0.5716030 0.4884540 0.5110889 0.4605862 0.8244107 0.4703464 0.5732995 0.5117297 0.5115093 0.5567418 0.5567418 0.5567418 0.5567418 0.6367423 0.6510580 0.6331327 0.6428520 0.6634798 0.8713695 0.9564128 0.5962609 0.3369991 0.0000010 0.8370661 9.0000000 9.0000000 0.8923896 0.7740539 0.7638570 0.7278982 0.9171182 0.7221551 0.7221551 0.7011323 1.0650758 9.0000000 0.9085086 0.7205478 0.6970675 0.7392627 0.0000010 0.7364699 0.7364699 0.7364699 0.8438237 0.8438237 1.1593591 0.0000010 1.1798147 1.0646864 1.2659533 1.0965649 3.5592472 0.8754247 0.9000385 0.8359546 0.8359546 0.7947706 0.7830848 0.0000010 1.4003390 
Aque_Aqu2.1.25752_001                              0.6183072 0.6448506 0.5856680 0.4621407 0.0000000 0.1813709 3.0007340 0.9802117 0.8818450 0.9740382 0.9794979 0.7876795 0.9045233 1.1305844 0.9711985 0.9868355 1.7311824 0.9424376 0.8788308 0.9487756 0.8420624 0.9266278 0.9096155 0.8093670 0.8286524 0.9406875 0.8841691 0.9661363 0.9529645 0.9485184 0.9529645 0.9493214 0.9336486 1.1959159 1.0461328 1.0995955 1.0623664 1.1367826 1.0926981 1.1299242 1.1839382 1.5474492 1.2751888 1.3906745 1.4196577 1.2600081 1.2728424 1.4579851 1.4396436 1.0491766 1.3205836 1.4526666 1.3869609 1.3280065 1.4090817 1.3145043 1.2003270 1.4100772 1.3863716 1.2876484 1.4374769 1.5394144 2.3374503 1.3520007 1.1276949 1.4333569 1.1973465 1.3186084 1.2632506 1.3074146 1.4869512 1.1812954 1.2250031 1.2440051 1.2238669 1.2237093 1.1924937 1.2021461 1.9956551 1.8813616 
Halamb_c52815_g1_i1mm.4805                         0.4802663 0.4924393 0.4635802 0.4505107 0.1813709 0.0000000 1.1755068 0.7326933 0.8507108 0.7421552 0.7462920 0.7633307 0.7374218 0.7616756 0.7292750 0.7618008 1.3784380 0.7888463 0.7322948 0.7457146 0.7646267 0.7237379 0.7864027 0.8362555 0.6655911 0.7670920 0.7390504 0.7172272 0.7334686 0.7334686 0.7334686 0.7334686 0.8212219 0.9750838 0.8808842 0.8734336 0.9113329 1.0170399 0.9966137 0.9046022 0.6611260 1.6176186 1.3657660 1.4713681 1.5071495 1.3743476 1.3161048 1.2579317 1.2091068 1.1911350 1.2714688 1.2305847 1.1956015 1.4320439 1.5192818 1.4240497 1.2485747 1.2099994 1.2072121 1.4768585 1.2595168 1.1905866 1.9840183 1.1063198 1.1330005 1.1952541 1.2136611 1.2564282 1.2429304 1.2895913 1.1813024 1.2297355 0.9983071 1.0054601 0.9951844 0.9945380 0.9716810 0.9826061 1.8226427 1.7195614 
Gasp_gasp1.m1b.41868.m1                            4.1060230 2.9292339 2.7685274 0.0000010 3.0007340 1.1755068 0.0000000 0.0614469 0.0000010 0.1162800 0.1044191 0.0000010 0.2210981 0.1405457 0.4687544 0.4221711 0.3380486 1.5269243 1.5471654 2.1831410 1.7626929 3.5979975 2.2668726 0.0000010 2.0625800 2.1263003 1.6226181 2.5377501 2.0101267 1.9510059 2.0101267 1.9975748 1.7930296 2.0375774 2.1944696 3.0991314 2.3255578 2.6341717 1.9196325 2.8490809 1.1213347 0.0000010 9.0000000 0.0000010 0.0000010 0.0000010 0.0000010 2.8016799 3.4284005 1.0507452 2.5687926 3.4152460 2.7328532 0.0000010 0.0000010 0.0000010 9.0000000 5.3498434 4.1906140 0.0000010 2.9712683 3.0379344 3.0379344 3.7109305 0.0000010 3.9622944 0.0000010 0.7420860 0.7178534 0.7539914 1.1096510 0.0000010 2.8617790 2.8494066 2.7839267 2.7792985 2.7088350 2.5210646 0.0000010 0.0000010 
Fspp_ffun1.m4.3927.m1                              0.8938963 0.9470380 0.8920640 0.6025942 0.9802117 0.7326933 0.0614469 0.0000000 0.0269327 0.0449570 0.0399930 0.0389725 0.0821836 0.0858799 0.2141494 0.2250931 0.7157214 0.4999873 0.4633447 0.6290531 0.5111193 0.6511092 0.5875775 0.4399740 0.5070367 0.5864402 0.4527011 0.6031989 0.5991180 0.5931483 0.5991180 0.5951840 0.5892440 0.7304053 0.6193227 0.7274855 0.6587071 0.9107568 0.8305100 0.8153059 0.7529765 1.1174499 0.8845341 0.9305033 0.9593037 0.8372898 0.8178764 1.0334251 0.9900332 0.7356745 0.9317942 1.1059019 0.9643628 0.9428895 1.0322470 0.9024658 0.8489039 1.0321703 1.0318672 0.9155672 1.0736605 1.1571761 1.7583184 0.9242018 0.7533699 1.0041201 0.9417439 1.0580014 1.0223550 1.1255436 1.1899891 0.9652758 0.9506355 0.9617939 0.9443134 0.9493687 0.9352223 0.9599635 0.4640975 0.5242576 
Gasp_gasp1.m3.25287.m1                             0.7955988 0.8379040 0.8059763 0.8622176 0.8818450 0.8507108 0.0000010 0.0269327 0.0000000 0.0372332 0.0408161 0.0387954 0.0620413 0.0715700 0.1637413 0.1788992 1.4084332 0.4025771 0.3449651 0.4998124 0.4776293 0.4528691 0.4432882 0.4176749 0.4039037 0.4405345 0.3901739 0.4404248 0.4734841 0.4734841 0.4734841 0.4734841 0.4809005 0.6408345 0.5184416 0.5300584 0.5528872 0.7733135 0.7904883 0.5971528 2.7532230 1.1084580 0.8392310 0.9245910 0.9529433 0.8317901 0.8196706 0.9248489 0.8516725 0.7199822 0.9451698 0.9730530 0.8539745 0.9189868 0.9964196 0.9004743 0.8938073 0.8788783 0.9233644 0.9144854 0.9418348 0.9950701 1.8631295 0.7930883 0.7930883 0.8850834 0.9326497 1.1093146 1.0979939 1.2000786 1.4041421 0.9216077 0.7557570 0.7623770 0.7407303 0.7473616 0.7633528 0.7949442 0.4640975 0.6056541 
Spis_XP_022787307_1                                0.9052528 0.9619744 0.8901623 0.6115097 0.9740382 0.7421552 0.1162800 0.0449570 0.0372332 0.0000000 0.0232388 0.0507599 0.0725537 0.0747833 0.2197686 0.2259883 0.7083374 0.5001473 0.4594316 0.6423788 0.4999678 0.6393322 0.5794039 0.4386126 0.5005398 0.6064032 0.4607115 0.6007478 0.6026431 0.5966369 0.6026431 0.5979738 0.5757177 0.7170859 0.6005312 0.7159583 0.6402533 0.9228505 0.8276840 0.8309458 0.7570982 1.0706451 0.8741975 0.9019480 0.9281904 0.8288299 0.8011405 1.0196198 0.9904548 0.7577942 0.9343588 1.1039668 0.9701520 0.9391531 0.9993134 0.8984026 0.8454677 1.0228665 1.0112536 0.9025420 1.0663494 1.1621167 1.7578899 0.9133009 0.7459318 1.0068435 0.9223770 1.0740013 1.0258607 1.1116932 1.1489761 0.9769767 0.9394532 0.9591412 0.9451731 0.9502434 0.9363191 0.9652097 0.4640975 0.4939027 
Pocdam_XM_027186342.1                              0.9040861 0.9550573 0.8948020 0.6115097 0.9794979 0.7462920 0.1044191 0.0399930 0.0408161 0.0232388 0.0000000 0.0469956 0.0696899 0.0674121 0.2239244 0.2262326 0.7160340 0.4943549 0.4570474 0.6350386 0.4878039 0.6387921 0.5841035 0.4354088 0.4973800 0.5985705 0.4550442 0.5988524 0.5920622 0.5861032 0.5920622 0.5873770 0.5760089 0.7193957 0.5999541 0.7137260 0.6390845 0.9007519 0.8388033 0.8155095 0.7369374 1.0552036 0.8669673 0.8924292 0.9178346 0.8202910 0.7876941 1.0052744 0.9654928 0.7384321 0.9275810 1.0913327 0.9488139 0.9242320 0.9883766 0.8832600 0.8350016 1.0251654 1.0141777 0.9025420 1.0535228 1.1458970 1.7701103 0.9181696 0.7426191 1.0081151 0.9212019 1.0693801 1.0213600 1.1183674 1.1923394 0.9748168 0.9255282 0.9400288 0.9258608 0.9308524 0.9136992 0.9419000 0.4640975 0.4740803 
Gfas_gfas1.m1.8634.m1                              0.7297557 0.7657132 0.7843038 0.7755312 0.7876795 0.7633307 0.0000010 0.0389725 0.0387954 0.0507599 0.0469956 0.0000000 0.0639141 0.0688322 0.1523515 0.1758393 1.5174722 0.4146950 0.3607551 0.5232478 0.4608223 0.4321301 0.4602101 0.4136383 0.3986949 0.4354256 0.3933784 0.4619455 0.4952337 0.4952337 0.4952337 0.4952337 0.5125041 0.6544130 0.5182780 0.5391105 0.5679628 0.7665199 0.7841798 0.6047631 1.9068285 1.0457085 0.8168739 0.8972251 0.9189083 0.7858203 0.8225858 0.8988456 0.8256805 0.7266595 0.9373554 0.9660418 0.8633979 0.8617426 0.9122184 0.8683977 0.8617426 0.8617426 0.8968419 0.8117645 0.9330655 1.0229790 1.8108842 0.7292410 0.7292410 0.8352069 0.9840946 1.1410794 1.1793047 1.2302840 1.3988955 0.8945661 0.6661789 0.6734132 0.6504510 0.6576579 0.6743998 0.7114751 0.9082946 0.6065842 
Amil_Amillepora10969-RA                            0.8614618 0.9472249 0.8176429 0.5887451 0.9045233 0.7374218 0.2210981 0.0821836 0.0620413 0.0725537 0.0696899 0.0639141 0.0000000 0.0136320 0.2598268 0.2608493 0.8493063 0.4747365 0.4241344 0.6160627 0.5172648 0.6574700 0.5892181 0.4610734 0.4619730 0.5706631 0.4123390 0.5730398 0.5697570 0.5697570 0.5697570 0.5764906 0.5479754 0.6580074 0.5521545 0.6935199 0.5955539 0.8520184 0.7682868 0.8073535 0.5738885 1.0809648 0.8342180 0.9208735 0.9208735 0.8388474 0.8129154 0.9497510 0.9341660 0.7932858 0.8431361 1.0334034 0.9239934 0.9949582 1.0548822 0.9464179 0.8746315 1.0045430 1.0067406 0.9548788 1.0040365 1.0743653 1.5521976 0.8199723 0.7463552 0.9444013 0.9017186 1.0320626 1.0254660 1.1464750 1.1463180 0.9300927 0.8755862 0.9023583 0.8986497 0.9024964 0.8666892 0.8847663 0.5172383 0.5965297 
Adig_XM_015922212.1                                1.0533823 1.1085117 0.9807552 0.5212123 1.1305844 0.7616756 0.1405457 0.0858799 0.0715700 0.0747833 0.0674121 0.0688322 0.0136320 0.0000000 0.2795203 0.2638586 0.3550848 0.5991119 0.5305459 0.7568045 0.4983196 0.8018218 0.6811542 0.6083754 0.6215658 0.7231755 0.5382075 0.7385415 0.7269707 0.7168044 0.7269707 0.7270536 0.6889973 0.9100604 0.7395136 0.9090025 0.7856519 1.0050193 0.9206063 1.0787936 0.7176319 1.1381504 1.1050248 1.0138305 1.0138305 1.0450553 1.4007057 1.1417953 1.1628562 1.3454115 1.0031390 1.2831371 1.0752596 1.2050281 1.1680055 1.1329990 0.9737748 1.2687818 1.1665202 0.9025420 1.2279255 1.5892443 2.6487066 1.1356566 0.8711131 1.0866781 0.9146825 0.9561505 0.9710696 1.0937216 1.0231455 0.9651047 1.1230065 1.1626397 1.1306885 1.1454203 1.1099266 1.0972297 0.4640975 1.0897613 
Nvec_v1g200763                                     0.8670688 0.9355582 0.8819528 0.7141049 0.9711985 0.7292750 0.4687544 0.2141494 0.1637413 0.2197686 0.2239244 0.1523515 0.2598268 0.2795203 0.0000000 0.1624380 0.2954354 0.4883797 0.4746791 0.6335403 0.5469048 0.6726869 0.6166139 0.4400926 0.5307228 0.5985727 0.4941529 0.6311466 0.6404675 0.6342610 0.6404675 0.6358297 0.6356835 0.7761506 0.6425532 0.7499488 0.7060600 0.9933304 0.8835298 0.8404962 0.7035134 1.0545022 0.8447401 0.8884035 0.9134258 0.7910842 0.7740275 1.0157589 1.0368562 0.7564311 0.9249676 1.1054669 0.9676941 0.9551506 0.9865517 0.9223746 0.8722211 1.0701965 1.0387770 0.8932052 1.0828687 1.1937065 1.7759208 0.9448668 0.7617655 0.9883782 0.9337083 0.9853079 0.9742482 1.0457948 1.1221778 0.9947765 0.9496725 0.9545200 0.9327064 0.9389787 0.9162206 0.9378719 0.2974049 1.0908869 
Exapal_XM_021061579.2                              0.9305502 0.9750370 0.8939657 0.7485589 0.9868355 0.7618008 0.4221711 0.2250931 0.1788992 0.2259883 0.2262326 0.1758393 0.2608493 0.2638586 0.1624380 0.0000000 0.5435922 0.4730828 0.4531072 0.6618771 0.5634116 0.6396527 0.5722911 0.4315157 0.4991590 0.5907418 0.4809712 0.6287472 0.6024642 0.5963983 0.6024642 0.5977473 0.6088194 0.7309044 0.5801771 0.6870695 0.6391589 0.9449530 0.7960026 0.8184980 0.7573626 1.1129289 0.8749001 0.9128811 0.9403380 0.8308175 0.8465024 1.0361940 1.0336090 0.7301966 0.9239078 1.1093178 0.9626527 0.9479952 1.0018383 0.9184757 0.8659957 1.0397354 1.0394840 0.8934705 1.0709330 1.1832957 1.7535819 0.9751898 0.8030407 0.9895159 0.9226784 1.0162924 1.0359022 1.0768738 1.1096055 0.9931940 0.9582428 0.9774549 0.9482613 0.9546086 0.9496514 0.9367693 0.4289865 1.0840485 
Nvec_v1g149197                                     1.5894801 1.6333000 1.5190216 1.1007329 1.7311824 1.3784380 0.3380486 0.7157214 1.4084332 0.7083374 0.7160340 1.5174722 0.8493063 0.3550848 0.2954354 0.5435922 0.0000000 0.9936642 1.0453259 1.0721251 1.2450666 1.1828267 1.1234473 1.6283646 1.0785421 0.9870245 1.0473112 1.1668653 1.1118942 1.0924634 1.1118942 1.1024062 1.3101981 1.3476242 1.2683693 1.2572758 1.3496497 1.6286351 1.5434428 1.4331943 0.4629058 4.2196610 2.8754531 4.5266867 4.6515009 4.6027798 4.7480248 1.7660906 1.7523072 2.1182196 1.8049209 1.8279846 1.6673647 2.8741167 5.9838251 3.0432318 1.8165093 1.7607333 1.7349006 9.0000000 1.8773527 1.8651396 1.8941853 2.0051089 1.8677707 1.7015641 3.4728704 1.4024988 1.3899505 1.3972537 1.2812735 3.6438459 1.3759002 1.3764457 1.3544036 1.3544036 1.3450391 1.3643594 9.0000000 1.4874236 
Xesp_000672-T2                                     0.8155369 0.8822793 0.8839238 0.6164747 0.9424376 0.7888463 1.5269243 0.4999873 0.4025771 0.5001473 0.4943549 0.4146950 0.4747365 0.5991119 0.4883797 0.4730828 0.9936642 0.0000000 0.1340423 0.6202396 0.5392610 0.6404187 0.6127354 0.4474345 0.5114873 0.6006767 0.5279718 0.6047761 0.6190907 0.6125603 0.6190907 0.6099760 0.6702078 0.6587705 0.6097054 0.6873950 0.6383243 0.8903415 0.8428795 0.8316102 0.8901968 1.0581825 0.9441132 0.9876131 1.0267317 0.8732539 0.8002672 1.0501472 1.0572382 0.7517498 0.9803039 1.0768373 1.0465606 0.9702345 1.0433739 0.9466762 0.8932336 1.0434322 1.0404673 1.0401901 1.1027181 1.1833365 1.8412826 0.9569949 0.7616722 1.0537062 0.9969205 1.1135938 1.0985384 1.1618163 1.2550158 1.0758484 0.9459401 0.9506589 0.9233416 0.9291528 0.9160864 0.9654905 0.5090380 1.2388799 
Dgig_XM_028560828.1                                0.7526759 0.8047749 0.8298929 0.6310439 0.8788308 0.7322948 1.5471654 0.4633447 0.3449651 0.4594316 0.4570474 0.3607551 0.4241344 0.5305459 0.4746791 0.4531072 1.0453259 0.1340423 0.0000000 0.6159057 0.4825898 0.6078713 0.5247155 0.3794909 0.4897532 0.5872767 0.4709341 0.5781323 0.5579361 0.5546888 0.5579361 0.5520120 0.6371703 0.6614013 0.5917089 0.7134040 0.6024974 0.8815751 0.7668585 0.8038723 0.8127310 1.0604324 0.8738186 0.8852419 0.9133236 0.7785860 0.7818684 1.0191424 1.0033110 0.7674318 0.9261562 1.0815684 1.0152539 0.9214932 0.9632071 0.8825330 0.8480176 0.9994962 0.9813493 0.8243151 1.0706729 1.2104467 1.8202228 0.9026987 0.6986626 0.9814604 0.9135598 1.0236990 0.9908773 1.0816880 1.1863720 0.9396466 0.9492236 0.9538135 0.9231432 0.9296169 0.9333718 0.9631126 0.6615373 1.2161086 
Hsap_ENST00000262188                               0.8883508 1.0137169 0.9206973 0.5716030 0.9487756 0.7457146 2.1831410 0.6290531 0.4998124 0.6423788 0.6350386 0.5232478 0.6160627 0.7568045 0.6335403 0.6618771 1.0721251 0.6202396 0.6159057 0.0000000 0.5192370 0.5584463 0.6063532 0.4116729 0.4916737 0.3706593 0.4480019 0.5374313 0.5127920 0.5096659 0.5127920 0.5077715 0.5367545 0.7621764 0.6681321 0.7513694 0.6733746 0.8335815 0.9370363 0.4389171 0.8430190 0.9081958 0.7752472 0.8784565 0.8940873 0.8137335 0.7812978 0.9899492 0.9678033 0.6559932 0.8495771 0.9899269 0.9597280 0.8989337 1.0215212 0.8802484 0.8077094 0.9492276 0.9207881 0.8643554 1.0390082 1.1226151 1.7747876 0.9509478 0.8319570 1.0688679 0.9816968 1.0387818 1.0822804 1.1101243 1.1648623 1.0126986 0.9774350 0.9892029 0.9597267 0.9600495 0.9476880 0.9538755 1.1063327 1.3849658 
Dpul_mRNA2940                                      0.7468295 0.8115099 0.8506821 0.4884540 0.8420624 0.7646267 1.7626929 0.5111193 0.4776293 0.4999678 0.4878039 0.4608223 0.5172648 0.4983196 0.5469048 0.5634116 1.2450666 0.5392610 0.4825898 0.5192370 0.0000000 0.2807511 0.2531267 0.3840905 0.3861430 0.3713189 0.3952758 0.3592848 0.3917062 0.3857524 0.3917062 0.3848414 0.4606821 0.6764332 0.6080716 0.6188158 0.5999196 0.7219678 0.7952799 0.6199419 0.7998123 0.8572172 0.7211767 0.7823861 0.8095936 0.7025514 0.7013408 0.7387821 0.7815887 0.5999030 0.7259790 0.7762774 0.7276852 0.7806480 0.8726065 0.7813360 0.7059619 0.7874987 0.7929049 0.7273295 0.8151437 0.8709669 1.4575637 0.9119974 0.7265742 0.9537469 0.8545466 1.0506270 1.0438683 1.0930779 1.4348392 0.8427481 0.7530949 0.7644492 0.7380778 0.7434627 0.7234202 0.7815523 0.8844272 1.5103664 
Cscu_XM_023372890.1                                0.7748921 0.8698747 0.9095145 0.5110889 0.9266278 0.7237379 3.5979975 0.6511092 0.4528691 0.6393322 0.6387921 0.4321301 0.6574700 0.8018218 0.6726869 0.6396527 1.1828267 0.6404187 0.6078713 0.5584463 0.2807511 0.0000000 0.2624622 0.3207724 0.3755326 0.4403842 0.4417073 0.4504085 0.4154051 0.4100490 0.4154051 0.4072194 0.4784922 0.7463952 0.6426683 0.7449539 0.6458467 0.8975779 0.8506216 0.6872749 0.8915842 0.8906617 0.7531786 0.7506647 0.7844492 0.6970921 0.6787768 0.9376283 0.9423768 0.6409860 0.8098237 0.9526834 0.9047448 0.7680276 0.8132918 0.7615279 0.6968636 0.8812791 0.8995204 0.7485853 1.0206208 1.1695468 1.6844915 0.8715948 0.6603084 1.0601848 0.7649762 1.0123341 0.9756713 1.0737951 1.2979298 0.7814260 0.8683862 0.8867583 0.8701604 0.8754466 0.8531669 0.9104483 0.9921375 1.3422841 
Tcas_TC012873_001                                  0.8391341 0.9388100 0.9583657 0.4605862 0.9096155 0.7864027 2.2668726 0.5875775 0.4432882 0.5794039 0.5841035 0.4602101 0.5892181 0.6811542 0.6166139 0.5722911 1.1234473 0.6127354 0.5247155 0.6063532 0.2531267 0.2624622 0.0000000 0.3765738 0.4230054 0.4266033 0.3782060 0.4009672 0.4288831 0.4249149 0.4288831 0.4220640 0.4088325 0.7464365 0.6392757 0.7514652 0.6638559 0.8083748 0.8503767 0.6791796 0.8190642 0.9134597 0.6825182 0.7781452 0.8148093 0.6912307 0.6129394 0.7388038 0.8001319 0.4880801 0.7018388 0.7685142 0.7295124 0.7387082 0.8461585 0.7329194 0.6506874 0.8110066 0.8382690 0.8053122 0.8602396 0.9070952 1.4090213 0.9192849 0.7429283 1.0262857 0.9419725 0.9699254 1.0233488 1.0431877 1.2752425 0.8814224 0.8685420 0.8809960 0.8650724 0.8735566 0.8398897 0.9282766 0.8583217 1.5242487 
Spur_XM_030973781.1                                0.6904573 0.7111712 0.7415611 0.8244107 0.8093670 0.8362555 0.0000010 0.4399740 0.4176749 0.4386126 0.4354088 0.4136383 0.4610734 0.6083754 0.4400926 0.4315157 1.6283646 0.4474345 0.3794909 0.4116729 0.3840905 0.3207724 0.3765738 0.0000000 0.2123584 0.3127234 0.3332366 0.3803262 0.3865987 0.3865987 0.3865987 0.3865987 0.4137274 0.5882647 0.5039141 0.4912401 0.5039162 0.7046662 0.7822048 0.4595279 3.5385078 0.9871534 0.8100795 0.8516528 0.8671084 0.8152142 0.8400693 0.8759604 0.8575744 0.7041067 0.8944722 0.9178899 0.8311285 0.8381367 0.9041128 0.8254908 0.8154218 0.8104844 0.8690655 0.7719837 0.8888198 1.0010992 1.7934128 0.7765669 0.7765669 0.9126205 0.9355761 1.0066765 1.0311923 1.0881809 1.0444387 0.8684187 0.7002276 0.7031604 0.6889199 0.6952235 0.6901116 0.6958304 0.9650025 1.3592828 
Skow_XM_006824853.1                                0.6929729 0.7709577 0.8043188 0.4703464 0.8286524 0.6655911 2.0625800 0.5070367 0.4039037 0.5005398 0.4973800 0.3986949 0.4619730 0.6215658 0.5307228 0.4991590 1.0785421 0.5114873 0.4897532 0.4916737 0.3861430 0.3755326 0.4230054 0.2123584 0.0000000 0.3703420 0.3607699 0.3940711 0.3851658 0.3794958 0.3851658 0.3775528 0.4494112 0.6534428 0.5450897 0.5993179 0.5687135 0.8070682 0.8066163 0.5821948 0.6905240 0.9212934 0.8107768 0.8299857 0.8434373 0.7965746 0.8156277 0.8840970 0.8692929 0.7221344 0.8426952 0.9158705 0.8516178 0.8602901 0.9062831 0.8425418 0.7568859 0.8316196 0.8501211 0.7699634 0.9355432 1.0382664 1.6444774 0.8143341 0.6435582 0.9264686 0.8606204 0.9575577 0.9478166 1.0101791 0.9927392 0.8116716 0.7229743 0.7387102 0.7209541 0.7260113 0.7120308 0.7329155 0.9316351 1.4312035 
Hsap_ENST00000394963                               0.8626005 0.9847873 0.9491442 0.5732995 0.9406875 0.7670920 2.1263003 0.5864402 0.4405345 0.6064032 0.5985705 0.4354256 0.5706631 0.7231755 0.5985727 0.5907418 0.9870245 0.6006767 0.5872767 0.3706593 0.3713189 0.4403842 0.4266033 0.3127234 0.3703420 0.0000000 0.3611757 0.4343850 0.4064742 0.4006835 0.4064742 0.4046236 0.4959505 0.7841906 0.6534139 0.7542315 0.6930113 0.8301119 0.8532684 0.5407014 0.7727725 0.8811557 0.7430023 0.7925347 0.7993827 0.7165433 0.7288810 0.8988757 0.9429960 0.5953141 0.7835857 0.9331974 0.9123067 0.8422472 0.9156537 0.8405292 0.7743213 0.9315908 0.9030695 0.7523941 0.9868986 1.1071562 1.8113168 0.8984854 0.6981978 1.0992176 0.8515166 0.9692490 1.0288308 1.0245800 1.2419453 0.8188174 0.8961819 0.9127140 0.8831418 0.8893987 0.8893539 0.9119967 0.8570113 1.4611212 
Bralan_BLAG10000042_1                              0.7886604 0.8581297 0.8545490 0.5117297 0.8841691 0.7390504 1.6226181 0.4527011 0.3901739 0.4607115 0.4550442 0.3933784 0.4123390 0.5382075 0.4941529 0.4809712 1.0473112 0.5279718 0.4709341 0.4480019 0.3952758 0.4417073 0.3782060 0.3332366 0.3607699 0.3611757 0.0000000 0.4300663 0.3961558 0.3902980 0.3961558 0.3817969 0.4457601 0.7199748 0.6430759 0.6884632 0.6645974 0.7646042 0.7609558 0.6407476 0.8881634 0.9563688 0.7822652 0.8369402 0.8613562 0.7699894 0.7405824 0.9161065 0.8708995 0.6515925 0.8628775 0.9494172 0.8476215 0.8602012 0.9693310 0.8424644 0.7785844 0.8598545 0.8917939 0.8327316 0.9918779 1.1021717 1.7857313 0.9122697 0.7179616 0.9728457 0.9476002 1.0482140 1.0885046 1.1605893 1.1887474 0.8520239 0.8739492 0.8938867 0.8483574 0.8535359 0.8620920 0.8978064 0.9851598 1.3141149 
Cgig_XM_034452772.1                                0.8963074 1.0222930 0.9558621 0.5115093 0.9661363 0.7172272 2.5377501 0.6031989 0.4404248 0.6007478 0.5988524 0.4619455 0.5730398 0.7385415 0.6311466 0.6287472 1.1668653 0.6047761 0.5781323 0.5374313 0.3592848 0.4504085 0.4009672 0.3803262 0.3940711 0.4343850 0.4300663 0.0000000 0.2487545 0.2493433 0.2487545 0.2469477 0.3983095 0.7988484 0.6754003 0.7522445 0.6870568 0.8805802 0.8174752 0.6800039 0.8512744 0.9052520 0.7345062 0.8197042 0.8491232 0.7344805 0.7450283 0.8809226 0.8776249 0.5904852 0.7982020 0.9273643 0.8429324 0.8088565 0.9224841 0.8058364 0.7311576 0.8634357 0.8301009 0.7269247 0.9407471 1.0602096 1.6307263 0.9181809 0.7077189 0.9596582 0.8045402 0.9720210 1.0332162 1.0399045 1.1742310 0.7919731 0.9708017 0.9943162 0.9559687 0.9623472 0.9231494 0.9925145 0.7951677 1.4083845 
Acagra_model.g20071.t1                             0.8834433 0.9964958 0.9345915 0.5567418 0.9529645 0.7334686 2.0101267 0.5991180 0.4734841 0.6026431 0.5920622 0.4952337 0.5697570 0.7269707 0.6404675 0.6024642 1.1118942 0.6190907 0.5579361 0.5127920 0.3917062 0.4154051 0.4288831 0.3865987 0.3851658 0.4064742 0.3961558 0.2487545 0.0000000 0.0000010 0.0000010 0.0023868 0.3970052 0.7677755 0.6723470 0.7257306 0.6740729 0.8175466 0.8346408 0.6735796 0.8862435 0.8916855 0.7567474 0.8257787 0.8552039 0.7441419 0.6937127 0.9143844 0.9097422 0.6053286 0.8156050 0.9377679 0.8641543 0.8616406 0.9614941 0.8606390 0.7944662 0.9289385 0.9259999 0.8819261 0.9497940 1.0251387 1.6790375 0.9235518 0.7360737 1.0173442 0.8508962 1.0350338 1.0755078 1.1059554 1.2596047 0.8453625 0.9743344 0.9956912 0.9639764 0.9704485 0.9441717 0.9801696 0.9712852 1.4651722 
Acagra_model.g20071.t1.1.5d3b89e9                  0.8750810 0.9873262 0.9321746 0.5567418 0.9485184 0.7334686 1.9510059 0.5931483 0.4734841 0.5966369 0.5861032 0.4952337 0.5697570 0.7168044 0.6342610 0.5963983 1.0924634 0.6125603 0.5546888 0.5096659 0.3857524 0.4100490 0.4249149 0.3865987 0.3794958 0.4006835 0.3902980 0.2493433 0.0000010 0.0000000 0.0000010 0.0023868 0.3918788 0.7634114 0.6656444 0.7190979 0.6673911 0.8175466 0.8254053 0.6703666 0.8642282 0.8916855 0.7567474 0.8257787 0.8552039 0.7441419 0.6937127 0.9143844 0.9002599 0.5935747 0.8068541 0.9282687 0.8557391 0.8616406 0.9614941 0.8606390 0.7944662 0.9327000 0.9159172 0.8819261 0.9400421 1.0111794 1.6613314 0.9271487 0.7360737 1.0090283 0.8508962 1.0350338 1.0755078 1.1059554 1.2596047 0.8453625 0.9657294 0.9870104 0.9554227 0.9618748 0.9388391 0.9712428 0.9712852 1.4651722 
Acagra_model.g20071.t1.2.5d3b89ea                  0.8834433 0.9964958 0.9345915 0.5567418 0.9529645 0.7334686 2.0101267 0.5991180 0.4734841 0.6026431 0.5920622 0.4952337 0.5697570 0.7269707 0.6404675 0.6024642 1.1118942 0.6190907 0.5579361 0.5127920 0.3917062 0.4154051 0.4288831 0.3865987 0.3851658 0.4064742 0.3961558 0.2487545 0.0000010 0.0000010 0.0000000 0.0023868 0.3970052 0.7677755 0.6723470 0.7257306 0.6740729 0.8175466 0.8346408 0.6735796 0.8862435 0.8916855 0.7567474 0.8257787 0.8552039 0.7441419 0.6937127 0.9143844 0.9097422 0.6053286 0.8156050 0.9377679 0.8641543 0.8616406 0.9614941 0.8606390 0.7944662 0.9289385 0.9259999 0.8819261 0.9497940 1.0251387 1.6790375 0.9235518 0.7360737 1.0173442 0.8508962 1.0350338 1.0755078 1.1059554 1.2596047 0.8453625 0.9743344 0.9956912 0.9639764 0.9704485 0.9441717 0.9801696 0.9712852 1.4651722 
Acagra_model.g20071.t1.3.5d3b89ea                  0.8736771 0.9862174 0.9285499 0.5567418 0.9493214 0.7334686 1.9975748 0.5951840 0.4734841 0.5979738 0.5873770 0.4952337 0.5764906 0.7270536 0.6358297 0.5977473 1.1024062 0.6099760 0.5520120 0.5077715 0.3848414 0.4072194 0.4220640 0.3865987 0.3775528 0.4046236 0.3817969 0.2469477 0.0023868 0.0023868 0.0023868 0.0000000 0.3915910 0.7631373 0.6651351 0.7187417 0.6668885 0.8175466 0.8182936 0.6744911 0.8091259 0.8916855 0.7567474 0.8257787 0.8552039 0.7441419 0.6937127 0.9188836 0.9029370 0.5935747 0.8068541 0.9282687 0.8558999 0.8616406 0.9614941 0.8606390 0.7944662 0.9308898 0.9213966 0.8819261 0.9383095 1.0089338 1.6603496 0.9297630 0.7360737 1.0005078 0.8508962 1.0350338 1.0755078 1.1059554 1.2596047 0.8453625 0.9686892 0.9900952 0.9583170 0.9648059 0.9416490 0.9782338 0.9712852 1.4651722 
Ctel_gnl_WGS_AMQN_CAPTEDRAFT_mRNA158720            0.8756725 0.9383770 0.9520369 0.6367423 0.9336486 0.8212219 1.7930296 0.5892440 0.4809005 0.5757177 0.5760089 0.5125041 0.5479754 0.6889973 0.6356835 0.6088194 1.3101981 0.6702078 0.6371703 0.5367545 0.4606821 0.4784922 0.4088325 0.4137274 0.4494112 0.4959505 0.4457601 0.3983095 0.3970052 0.3918788 0.3970052 0.3915910 0.0000000 0.7784447 0.6892636 0.7629921 0.6857026 0.8362223 0.8669512 0.6240397 0.9359907 0.8257954 0.7143114 0.7992738 0.8215847 0.7206538 0.6584274 0.8313472 0.8202023 0.5899345 0.7830388 0.8481778 0.7911826 0.8098902 0.9146115 0.8024570 0.7540578 0.8477571 0.8520975 0.8658278 0.9446694 1.0327413 1.6702024 0.9264789 0.7009896 1.0132948 0.8655141 1.0415529 1.0596608 1.1258890 1.3771283 0.7758526 0.9506929 0.9681112 0.9405609 0.9469781 0.9149159 0.9532062 0.8270507 1.3025990 
Sanmal_Sma_005976-T1                               0.9946191 1.0354617 1.0152578 0.6510580 1.1959159 0.9750838 2.0375774 0.7304053 0.6408345 0.7170859 0.7193957 0.6544130 0.6580074 0.9100604 0.7761506 0.7309044 1.3476242 0.6587705 0.6614013 0.7621764 0.6764332 0.7463952 0.7464365 0.5882647 0.6534428 0.7841906 0.7199748 0.7988484 0.7677755 0.7634114 0.7677755 0.7631373 0.7784447 0.0000000 0.1810852 0.1886413 0.1681355 0.5817446 0.5905111 0.9490251 1.2680750 1.3410280 1.1407697 1.1905023 1.2815087 1.1173682 1.0373595 1.2574554 1.1849388 0.8427168 1.1825793 1.2821763 1.1926072 1.1788173 1.3140898 1.1513324 1.0629711 1.2331320 1.1932529 1.2891678 1.3525759 1.4381257 1.9631119 1.1653114 0.8893401 1.2943434 1.1299186 1.3070480 1.3027372 1.3257926 1.5504062 1.2138325 1.0338422 1.0467688 0.9997056 1.0062183 1.0174835 0.9902132 1.3226600 1.3165041 
Rhoesc_Res_004948-T1                               0.9174959 0.9350888 0.9025167 0.6331327 1.0461328 0.8808842 2.1944696 0.6193227 0.5184416 0.6005312 0.5999541 0.5182780 0.5521545 0.7395136 0.6425532 0.5801771 1.2683693 0.6097054 0.5917089 0.6681321 0.6080716 0.6426683 0.6392757 0.5039141 0.5450897 0.6534139 0.6430759 0.6754003 0.6723470 0.6656444 0.6723470 0.6651351 0.6892636 0.1810852 0.0000000 0.0227529 0.0965224 0.5358477 0.5239700 0.8341874 1.3109818 1.2762176 1.0209333 1.0291007 1.1070050 0.9317745 0.9290616 1.1117408 1.0584284 0.7784893 1.0380916 1.1391239 1.0964971 1.0121268 1.0842997 0.9816802 0.9169490 1.0852504 1.0583735 1.0306656 1.1811669 1.2929177 1.8596427 1.0789780 0.8381006 1.1282870 1.0704297 1.2391890 1.2567095 1.2626390 1.5900751 1.0495607 0.9196778 0.9356289 0.8938635 0.8996498 0.8912602 0.8906126 1.2566585 1.2826555 
Nemnom_g14646.t1                                   0.9083413 1.0117579 1.0098062 0.6428520 1.0995955 0.8734336 3.0991314 0.7274855 0.5300584 0.7159583 0.7137260 0.5391105 0.6935199 0.9090025 0.7499488 0.6870695 1.2572758 0.6873950 0.7134040 0.7513694 0.6188158 0.7449539 0.7514652 0.4912401 0.5993179 0.7542315 0.6884632 0.7522445 0.7257306 0.7190979 0.7257306 0.7187417 0.7629921 0.1886413 0.0227529 0.0000000 0.0951312 0.6112375 0.5610597 0.9482776 1.3141933 1.2485768 1.0299453 1.0202205 1.0970433 0.9238841 0.9533049 1.2219587 1.1802021 0.8162387 1.0460427 1.2527736 1.1926301 1.0205603 1.0744796 0.9903340 0.9241935 1.1640700 1.1169571 0.9956731 1.2429298 1.3913636 1.9642303 1.1235814 0.8302954 1.1952016 1.0631893 1.2333671 1.2480252 1.2825865 1.5960961 1.0201012 1.0414625 1.0629854 1.0230060 1.0321248 1.0090367 0.9934894 1.2007803 1.3382959 
Aaur_scaffold521.g12.t2                            0.9509122 0.9678236 0.9437125 0.6634798 1.0623664 0.9113329 2.3255578 0.6587071 0.5528872 0.6402533 0.6390845 0.5679628 0.5955539 0.7856519 0.7060600 0.6391589 1.3496497 0.6383243 0.6024974 0.6733746 0.5999196 0.6458467 0.6638559 0.5039162 0.5687135 0.6930113 0.6645974 0.6870568 0.6740729 0.6673911 0.6740729 0.6668885 0.6857026 0.1681355 0.0965224 0.0951312 0.0000000 0.5759242 0.5286238 0.8438137 1.2499371 1.2434499 0.9938754 1.0073174 1.0824864 0.9166323 0.9351195 1.1184237 1.0621284 0.7692191 1.0336058 1.1374839 1.1042124 1.0424603 1.1098723 1.0129311 0.9498181 1.1269927 1.0916667 0.9748952 1.1984697 1.3433801 1.9491849 1.1089142 0.8642813 1.1641488 1.0709300 1.2494094 1.2228580 1.2601189 1.6005875 1.0656917 0.9312982 0.9474464 0.9120630 0.9179390 0.9134124 0.9090388 1.3096818 1.3113609 
Hvul_g8474_1                                       1.0788439 1.1618770 1.0968961 0.8713695 1.1367826 1.0170399 2.6341717 0.9107568 0.7733135 0.9228505 0.9007519 0.7665199 0.8520184 1.0050193 0.9933304 0.9449530 1.6286351 0.8903415 0.8815751 0.8335815 0.7219678 0.8975779 0.8083748 0.7046662 0.8070682 0.8301119 0.7646042 0.8805802 0.8175466 0.8175466 0.8175466 0.8175466 0.8362223 0.5817446 0.5358477 0.6112375 0.5759242 0.0000000 0.5090578 1.0554746 1.2803690 1.4585320 1.1285997 1.2958224 1.3231674 1.1793113 1.2228500 1.3832101 1.3148594 0.8468017 1.1900198 1.3906337 1.2486660 1.1745377 1.3593188 1.1454554 1.0875416 1.2509622 1.2677029 1.1347946 1.2523860 1.3294824 2.0015539 1.1765344 0.9593441 1.1957955 1.0106645 1.3531125 1.3902543 1.3170443 1.5187608 1.1156723 1.1117514 1.1187937 1.1049512 1.1115918 1.0653493 1.1064034 1.6329430 1.6804210 
Chem_TCONS_00033479                                1.1051889 1.1363400 1.1277491 0.9564128 1.0926981 0.9966137 1.9196325 0.8305100 0.7904883 0.8276840 0.8388033 0.7841798 0.7682868 0.9206063 0.8835298 0.7960026 1.5434428 0.8428795 0.7668585 0.9370363 0.7952799 0.8506216 0.8503767 0.7822048 0.8066163 0.8532684 0.7609558 0.8174752 0.8346408 0.8254053 0.8346408 0.8182936 0.8669512 0.5905111 0.5239700 0.5610597 0.5286238 0.5090578 0.0000000 1.0402510 1.3028593 1.5712581 1.2667167 1.3727595 1.4289174 1.1856795 1.1797103 1.3035411 1.2716593 0.9966222 1.2446232 1.2995454 1.2321925 1.2783774 1.4122805 1.2366047 1.1522840 1.2528622 1.2182205 1.1789095 1.2945471 1.3667296 1.9643879 1.2278806 1.0232058 1.2748387 1.0527368 1.3317450 1.3523241 1.3113167 1.6952329 1.1611090 1.1108751 1.1263996 1.0839182 1.0839380 1.0901632 1.1537734 1.8316020 1.6591289 
Hsap_ENST00000448276                               1.0285221 1.1098871 1.0693556 0.5962609 1.1299242 0.9046022 2.8490809 0.8153059 0.5971528 0.8309458 0.8155095 0.6047631 0.8073535 1.0787936 0.8404962 0.8184980 1.4331943 0.8316102 0.8038723 0.4389171 0.6199419 0.6872749 0.6791796 0.4595279 0.5821948 0.5407014 0.6407476 0.6800039 0.6735796 0.6703666 0.6735796 0.6744911 0.6240397 0.9490251 0.8341874 0.9482776 0.8438137 1.0554746 1.0402510 0.0000000 1.1632268 0.9987208 0.8434120 0.9516790 0.9764166 0.8832415 0.8829449 1.0988051 1.0526221 0.7030845 0.9681272 1.1199398 1.0274448 0.9096747 1.0410089 0.9119005 0.8620350 1.0473134 0.9951136 0.9410101 1.1274881 1.2495019 1.8812491 1.0788490 0.8592445 1.2287936 1.1951349 1.1880205 1.2285087 1.2933298 1.3123842 1.0462832 1.1404648 1.1486809 1.0902620 1.0902722 1.0915272 1.1230622 1.3369520 1.3776740 
Spur_XM_030974371.1                                1.1789270 1.2381200 1.0492452 0.3369991 1.1839382 0.6611260 1.1213347 0.7529765 2.7532230 0.7570982 0.7369374 1.9068285 0.5738885 0.7176319 0.7035134 0.7573626 0.4629058 0.8901968 0.8127310 0.8430190 0.7998123 0.8915842 0.8190642 3.5385078 0.6905240 0.7727725 0.8881634 0.8512744 0.8862435 0.8642282 0.8862435 0.8091259 0.9359907 1.2680750 1.3109818 1.3141933 1.2499371 1.2803690 1.3028593 1.1632268 0.0000000 3.9788496 5.7393673 3.9788496 3.9788496 4.8287221 3.2532409 1.2597205 1.2774102 4.0042322 1.2664008 1.2982370 1.1735235 8.9999988 8.9652503 4.9046696 0.9368866 1.3129986 1.1830229 9.0000000 1.3786852 1.2501726 1.4792322 1.4354179 0.7711552 1.2675570 3.3615148 1.0930344 1.0612323 0.9775914 1.1025996 3.8130887 1.0119525 1.0425001 1.0367633 1.0367633 0.8866199 0.9986472 6.7312756 0.0000010 
Bolinf_Binf_sb1218131                              1.3169760 1.3347845 1.4253460 0.0000010 1.5474492 1.6176186 0.0000010 1.1174499 1.1084580 1.0706451 1.0552036 1.0457085 1.0809648 1.1381504 1.0545022 1.1129289 4.2196610 1.0581825 1.0604324 0.9081958 0.8572172 0.8906617 0.9134597 0.9871534 0.9212934 0.8811557 0.9563688 0.9052520 0.8916855 0.8916855 0.8916855 0.8916855 0.8257954 1.3410280 1.2762176 1.2485768 1.2434499 1.4585320 1.5712581 0.9987208 3.9788496 0.0000000 0.0000010 0.0000010 0.0000010 0.0841050 0.1064309 0.0552537 0.1113627 0.0000010 0.1323631 0.1327999 0.1348726 0.1734444 0.1734444 0.1734444 0.1734444 0.1765342 0.1756129 0.2049648 0.2048475 0.2150431 3.8611663 1.2358965 1.2358965 1.3951134 1.4542696 1.4055088 1.4131278 1.4625467 0.0000010 1.4770059 1.2313467 1.2496585 1.1990464 1.2173649 1.2375978 1.3687543 1.4318594 0.0000010 
Mertsp_Mesp_sb576691                               1.1302005 1.1363688 1.2596635 0.8370661 1.2751888 1.3657660 9.0000000 0.8845341 0.8392310 0.8741975 0.8669673 0.8168739 0.8342180 1.1050248 0.8447401 0.8749001 2.8754531 0.9441132 0.8738186 0.7752472 0.7211767 0.7531786 0.6825182 0.8100795 0.8107768 0.7430023 0.7822652 0.7345062 0.7567474 0.7567474 0.7567474 0.7567474 0.7143114 1.1407697 1.0209333 1.0299453 0.9938754 1.1285997 1.2667167 0.8434120 5.7393673 0.0000010 0.0000000 0.0236512 0.0253723 0.0674617 0.0737053 0.0632687 0.1010174 0.0090917 0.1005064 0.1045087 0.1089786 0.1303698 0.1408967 0.1303698 0.1303698 0.1431008 0.1718991 0.1656827 0.1741062 0.1802040 1.0241839 1.0552829 1.0375718 1.1712301 1.2991994 1.2812228 1.3110849 1.3426946 1.6582045 1.3505870 1.0252311 1.0337460 0.9937700 1.0022657 1.0116389 1.0979072 1.9371764 1.8591352 
Mertsp_Mesp_sb576693                               1.2213406 1.2317565 1.3383210 9.0000000 1.3906745 1.4713681 0.0000010 0.9305033 0.9245910 0.9019480 0.8924292 0.8972251 0.9208735 1.0138305 0.8884035 0.9128811 4.5266867 0.9876131 0.8852419 0.8784565 0.7823861 0.7506647 0.7781452 0.8516528 0.8299857 0.7925347 0.8369402 0.8197042 0.8257787 0.8257787 0.8257787 0.8257787 0.7992738 1.1905023 1.0291007 1.0202205 1.0073174 1.2958224 1.3727595 0.9516790 3.9788496 0.0000010 0.0236512 0.0000000 0.0000010 0.0943567 0.1239650 0.0738045 0.1083149 0.1161858 0.1341966 0.1457316 0.1240645 0.1687154 0.1408967 0.1687154 0.1687154 0.1707925 0.1820343 0.1656827 0.2168306 0.2746840 2.0558325 1.1199596 1.1199596 1.2685219 1.2991994 1.2398566 1.2775308 1.3058861 2.4707667 1.3147572 1.0410535 1.0521274 1.0216691 1.0328178 1.0437488 1.1500663 1.9371764 4.8423350 
Mertsp_Mesp_sb576695                               1.2034154 1.2155895 1.3813124 9.0000000 1.4196577 1.5071495 0.0000010 0.9593037 0.9529433 0.9281904 0.9178346 0.9189083 0.9208735 1.0138305 0.9134258 0.9403380 4.6515009 1.0267317 0.9133236 0.8940873 0.8095936 0.7844492 0.8148093 0.8671084 0.8434373 0.7993827 0.8613562 0.8491232 0.8552039 0.8552039 0.8552039 0.8552039 0.8215847 1.2815087 1.1070050 1.0970433 1.0824864 1.3231674 1.4289174 0.9764166 3.9788496 0.0000010 0.0253723 0.0000010 0.0000000 0.0956523 0.1302795 0.0736708 0.1106621 0.1715047 0.1384175 0.1517564 0.1338439 0.1757756 0.1445140 0.1757756 0.1757756 0.1780721 0.1901911 0.1656827 0.2277456 0.3097513 2.6099528 1.1224036 1.1224036 1.2281088 1.2991994 1.2204979 1.2303189 1.2916343 2.4707667 1.3147572 1.1040089 1.1163650 1.0822389 1.0946721 1.1070390 1.2102838 1.9371764 4.8423350 
Bolinf_Binf_sb1241373                              1.1106377 1.1244365 1.2590589 0.8923896 1.2600081 1.3743476 0.0000010 0.8372898 0.8317901 0.8288299 0.8202910 0.7858203 0.8388474 1.0450553 0.7910842 0.8308175 4.6027798 0.8732539 0.7785860 0.8137335 0.7025514 0.6970921 0.6912307 0.8152142 0.7965746 0.7165433 0.7699894 0.7344805 0.7441419 0.7441419 0.7441419 0.7441419 0.7206538 1.1173682 0.9317745 0.9238841 0.9166323 1.1793113 1.1856795 0.8832415 4.8287221 0.0841050 0.0674617 0.0943567 0.0956523 0.0000000 0.0435077 0.0171909 0.0840806 0.0318444 0.0871557 0.0841199 0.1214123 0.1509711 0.1622734 0.1509711 0.1509711 0.1538699 0.1694417 0.1761919 0.1889711 0.2096260 1.4828514 1.0072605 1.0072605 1.1048214 1.4108145 1.2554974 1.2431459 1.2738421 1.2417522 1.3106036 1.0066744 1.0168134 0.9894459 0.9996580 0.9996477 1.1121135 1.8993224 4.3688092 
