76
Lcom_lcpid95223                                          0.0000000 0.5163397 0.6272343 0.2821079 0.9035596 0.7393808 0.5107462 0.7066225 1.0819437 0.7332983 0.9043755 0.8211597 0.6980755 0.7242059 0.9315354 0.8585848 0.7875478 0.6593431 0.7880547 0.0000010 0.7255715 0.7688434 0.7091443 0.7441236 0.7149640 0.8146101 0.8370407 0.8416074 0.7868394 0.7868394 0.8479544 0.9077149 0.9313848 0.7028038 0.8520503 1.0161272 1.0266230 1.1378181 0.8329361 0.7200470 0.7830576 1.0030834 0.9693585 0.9790039 0.9671149 1.0309880 0.9339556 0.9339556 0.8090514 0.8696007 0.8548783 0.8877260 0.9814246 1.1550626 1.3472378 1.1854287 1.0984156 1.2117764 1.1436498 1.2280085 1.2031637 1.2151317 1.2725876 0.5449565 0.0000010 1.1358901 1.1373582 1.1160368 1.1796021 1.0396772 1.6146002 3.0749283 1.5385760 1.6146002 1.6146002 2.7516515 
Acagra_model.g7704.t1                                    0.5163397 0.0000000 0.5895651 0.6192321 0.6801739 0.6607115 0.5751300 0.7125484 0.9284872 0.6770468 0.7589910 0.6324434 0.6356436 0.6282395 0.6701919 0.6893168 0.7412063 0.6657492 0.6978857 0.6637082 0.6890371 0.7212534 0.7215058 0.7237437 0.8146161 0.7373287 0.7255657 0.7154136 0.8965456 0.8965456 0.7660578 0.8545731 0.9214821 0.7816969 0.7529886 0.9667891 0.9485058 1.0850844 0.7277916 0.6251423 0.7698043 1.2294186 1.2043182 1.2108230 1.2011470 1.1841109 1.2152397 0.8893962 0.8323229 1.0078783 0.9790041 0.8809474 0.9450445 1.2063971 1.2021359 1.1710035 1.1275481 1.1778292 1.0655478 1.2008572 1.2041488 1.1472925 1.1421149 1.5420769 1.6985315 1.1942674 1.0756395 1.1193624 1.1120661 1.0646839 1.4683998 1.4477874 1.4239798 1.3599583 1.3599583 1.8779199 
Cgig_XM_011421558.3                                      0.6272343 0.5895651 0.0000000 0.5551061 0.6546386 0.6106147 0.5490955 0.7851801 0.9619754 0.7461305 0.8646771 0.7020848 0.7207839 0.7239423 0.7590644 0.7541502 0.7515666 0.7038404 0.7336843 0.5927095 0.6305408 0.6574047 0.7136653 0.6713301 0.8353051 0.7914575 0.7694064 0.7164484 0.9161730 0.9161730 0.8291894 0.9077342 0.9042950 0.8421069 0.9804146 1.0204265 0.9520308 1.1530288 0.7518807 0.7193827 0.7657114 1.1612470 1.1091551 1.1190247 1.1279409 1.0617931 1.1102287 0.8403682 0.8784326 0.6664777 0.8820445 0.9853971 0.9589424 1.1978380 1.2165453 1.1727229 1.1017517 1.0858714 1.0667202 1.2064080 1.2238829 1.2113473 1.1308680 1.4366861 1.6757456 1.0678607 1.1076597 1.1936396 1.1616426 1.1625923 1.5367550 1.5825980 1.5081102 1.4898614 1.4898614 1.6478365 
Lcom_lcpid192241                                         0.2821079 0.6192321 0.5551061 0.0000000 0.7646750 0.7398024 0.0000010 1.0543251 1.3729105 1.1649507 1.0750295 0.8228297 0.7877924 0.7984430 0.7959060 0.7091984 1.0446378 0.6915685 0.7889135 0.7067303 0.7828447 0.8678873 0.7278250 0.6861159 0.8741558 0.7064934 0.6880210 0.6778071 0.9414402 0.9414402 2.0071920 0.9020960 0.8411423 0.8170384 1.2271294 1.2347148 1.0066203 1.0807458 0.8043154 0.8332600 0.7629373 0.7790721 0.8333045 0.8281869 0.8307977 0.8516149 0.8788338 0.8788338 1.1977838 1.1665767 0.8241776 0.9089427 0.0000010 1.4794888 0.0000010 1.2182274 1.2182274 0.0000010 1.3445005 2.1163631 1.7358444 1.7358444 1.7995477 1.4988040 1.3736667 1.2239456 1.2137923 1.3970661 1.2701877 1.3348461 0.0000010 0.0000010 0.0000010 0.0000010 0.0000010 5.0561769 
Skow_XM_002734040.2                                      0.9035596 0.6801739 0.6546386 0.7646750 0.0000000 0.5480797 0.8390890 0.7986840 0.9899767 0.7666927 0.7388401 0.6661728 0.7226992 0.7257340 0.6552725 0.7726431 0.8400929 0.6929330 0.8146825 0.6242669 0.7062867 0.7182179 0.7448730 0.7194323 0.9456625 0.8110255 0.6962287 0.6933192 0.8787726 0.8787726 0.8673835 0.9032128 0.8877311 0.8914163 0.7313298 1.0533491 0.9928324 1.1340323 0.8146058 0.7995403 0.8561041 1.2070884 1.1986915 1.2102306 1.1379687 1.1249084 1.1635315 0.8612979 0.7507433 1.0699322 0.8739915 0.9389856 0.8410902 1.3080123 1.3228945 1.1807005 1.0839333 1.2839751 1.1011586 1.4936623 1.2214065 1.2769013 1.4526831 1.4181678 1.4965715 1.0759807 1.0142663 1.1007791 1.1249078 1.2023615 1.4849424 1.4705999 1.4225657 1.5233019 1.5233019 2.0185701 
Bralan_BLAG05000431_1                                    0.7393808 0.6607115 0.6106147 0.7398024 0.5480797 0.0000000 0.6384608 0.7598967 0.9308328 0.7467888 0.9083493 0.7226323 0.7178266 0.7275407 0.7587927 0.7550471 0.7643169 0.7040943 0.7352093 0.7044777 0.6238179 0.6374101 0.6632614 0.7237169 0.8096773 0.7045294 0.6949383 0.7296127 0.9048771 0.9048771 0.8435652 0.9209965 0.8701962 0.7910117 0.7194639 0.9837931 0.9971134 1.2040313 0.7422983 0.8196655 0.7902308 1.1657908 1.1406292 1.1427357 1.1641636 1.0912706 1.1015457 0.8336785 0.8340114 0.9519716 0.9040607 0.8872541 1.0510179 1.2358299 1.1412577 1.0870361 1.0806430 1.1610055 1.0727814 1.2608514 1.1018625 1.1113951 1.1811318 1.4549126 1.5997134 1.0798215 1.0611251 1.2244056 1.1133954 1.3108996 1.5256074 1.5116611 1.6080152 1.4933356 1.4933356 2.2938603 
Fspp_ffun1.m4.26260.m1                                   0.5107462 0.5751300 0.5490955 0.0000010 0.8390890 0.6384608 0.0000000 0.1538873 0.1149656 0.1251925 0.0000010 0.0000010 0.2481557 0.2591390 0.3078493 0.2476170 0.5917543 0.4176533 0.5944168 0.0000010 0.5835533 0.5441788 0.5168255 0.5947467 0.4839345 0.6465226 0.5287695 0.5899135 0.5328967 0.5328967 0.4875223 0.5918675 0.5696863 0.5486663 2.6001683 0.6020913 0.6460195 0.7461961 0.6819193 0.5984175 0.7077357 0.8469930 0.8539214 0.8536925 0.7925555 0.9083961 0.8542344 0.8542344 0.0000010 0.7160881 0.6443145 0.8301492 0.2970657 1.0372627 0.9457538 0.9899137 0.8793777 0.9574675 0.9664653 0.9664653 1.0913053 1.0781992 1.0781992 0.0000010 0.0000010 1.1279560 0.9617856 1.0519392 1.0192050 0.8327756 9.0000000 9.0000000 9.0000000 9.0000000 9.0000000 0.0000010 
Gfas_gfas1.m1.15679.m1                                   0.7066225 0.7125484 0.7851801 1.0543251 0.7986840 0.7598967 0.1538873 0.0000000 0.4494950 0.3337564 0.2228005 0.2278312 0.2283515 0.2397956 0.2715105 0.3129759 0.5783005 0.5199248 0.6325732 0.7720563 0.7379105 0.6969763 0.7407190 0.8065191 0.8079224 0.7233023 0.8314961 0.7130202 0.9255889 0.9255889 0.6632018 0.8935491 0.8586333 0.8460923 0.9011270 1.0371838 0.9820124 1.1879841 0.8502949 0.9087722 0.9708034 1.2265111 1.2164169 1.2251201 1.2005621 1.1676470 1.1507585 0.8603940 0.9799793 0.9617740 1.0096025 1.0273564 1.1060919 1.2848436 1.2766461 1.2182970 1.2982120 1.0957360 1.1183295 1.0778549 1.2506501 1.2052013 1.0929251 1.6054576 1.9350395 1.2402924 1.2359812 1.2040632 1.2108331 1.2413404 1.8188567 1.8417695 1.8542781 1.6912094 1.6912094 1.8522611 
Spis_XP_022806273_1                                      1.0819437 0.9284872 0.9619754 1.3729105 0.9899767 0.9308328 0.1149656 0.4494950 0.0000000 0.2697444 3.6503420 0.6910233 0.4974965 0.5362497 0.6099864 0.4080172 0.9975548 0.7390468 0.6455447 1.5454445 0.9138595 0.9123515 0.9631081 0.9795369 1.0922610 0.9543709 1.1158293 1.1708382 1.2958763 1.2958763 1.0175044 1.1666183 1.1079836 1.1430668 2.5589732 1.2939489 1.1661469 1.3963493 1.0800511 1.1145401 1.2536006 1.8701322 1.7999879 1.8075950 1.8274740 1.7531205 1.6671737 1.2550513 2.3136132 1.4229967 1.2199661 1.3504131 1.9658066 1.6325755 1.4930083 1.4831073 1.8737294 1.4580783 1.4623721 1.1045308 1.5674849 1.4476549 1.0368278 2.7031576 2.4364719 1.7247237 1.3548915 1.6314065 1.4205435 1.3826861 1.6169852 1.6335432 1.6458564 1.4807314 1.4807314 1.5019076 
Pocdam_XM_027196874.1                                    0.7332983 0.6770468 0.7461305 1.1649507 0.7666927 0.7467888 0.1251925 0.3337564 0.2697444 0.0000000 0.2481151 0.2627135 0.2918293 0.3142497 0.3144517 0.2785321 0.5901759 0.5117034 0.6142940 0.7113962 0.6765553 0.7000363 0.7432242 0.7495233 0.7950036 0.7200871 0.7830045 0.7135706 0.8924913 0.8924913 0.7066728 0.8732900 0.8525883 0.7771277 1.0198609 0.9328054 0.8764830 1.0784881 0.8117069 0.8278884 0.9222216 1.2742568 1.2564687 1.2593114 1.2260211 1.1977411 1.2036183 0.8969907 1.1407406 0.9363646 1.0154046 1.0502176 1.0498612 1.2757045 1.2352734 1.2068951 1.3277535 1.1230751 1.0638180 1.0987461 1.2999785 1.2609653 1.0795293 1.8071334 1.7054043 1.1757055 1.0771172 1.1511992 1.1414253 1.1552764 1.5678929 1.5823418 1.6002302 1.4179717 1.4179717 1.5675160 
Spis_XP_022778370_1                                      0.9043755 0.7589910 0.8646771 1.0750295 0.7388401 0.9083493 0.0000010 0.2228005 3.6503420 0.2481151 0.0000000 0.2145551 0.2810960 0.2888196 0.3310973 0.3316326 0.4409074 0.5154790 0.6614989 0.1157189 0.8705030 0.8666355 0.9538030 0.8920615 0.8189819 0.7333384 0.8195792 0.8446858 0.7341822 0.7341822 0.7749445 0.7791966 0.8198967 0.7563545 0.8275459 1.0499605 1.1994858 1.5043293 0.8950729 0.8563736 1.1204624 0.9243116 0.9868454 1.0098588 0.9525582 0.9379961 0.9175017 0.9175017 0.9839919 1.0275537 1.4407821 1.2996523 1.2325031 1.5914282 1.9822572 1.4715577 1.4715577 1.4213167 1.4468547 1.5758429 1.7154331 1.6780438 2.2559848 1.4811682 1.7824061 1.1744792 1.4683730 1.5180902 1.6477481 1.7048854 0.0000010 0.0000010 0.0000010 0.0000010 0.0000010 8.9999989 
Fspp_ffun1.m4.12843.m1                                   0.8211597 0.6324434 0.7020848 0.8228297 0.6661728 0.7226323 0.0000010 0.2278312 0.6910233 0.2627135 0.2145551 0.0000000 0.2149760 0.2333950 0.2185946 0.2510120 0.5163964 0.4074597 0.4263313 0.2504895 0.6784387 0.7078906 0.7896806 0.7636645 0.6848502 0.6021100 0.7145604 0.8490967 0.8100815 0.8100815 0.8217348 0.7749109 0.7788226 0.7113480 0.8503015 0.9844774 0.9286133 1.1161536 0.7438002 0.8155029 0.8263647 0.8211905 0.8755578 0.8871905 0.8431318 0.8162162 0.7755782 0.7460925 1.1259885 1.1283330 1.0446377 1.0312094 1.3900116 1.1066276 1.5428962 1.0741852 1.0830794 1.2541221 1.1085767 1.2183405 1.2879350 1.2662626 1.0970655 0.9675967 1.0623276 1.1448672 1.1970814 1.3057894 1.1506320 1.3470668 2.7857747 3.6864103 2.6918941 1.2712181 1.2712181 2.4322208 
Amil_Amillepora03099-RA                                  0.6980755 0.6356436 0.7207839 0.7877924 0.7226992 0.7178266 0.2481557 0.2283515 0.4974965 0.2918293 0.2810960 0.2149760 0.0000000 0.0123606 0.0172070 0.3119291 0.6072881 0.4907832 0.6167066 0.4893636 0.6396661 0.6583664 0.7047133 0.7812430 0.7068938 0.6834413 0.7578594 0.7196716 0.8703654 0.8703654 0.7216645 0.8042663 0.7598747 0.7773574 0.8624837 1.0153741 0.9398962 1.1222693 0.7846370 0.8257989 0.9270717 1.0932196 1.0750470 1.0844387 1.0577795 1.0119503 1.0331633 0.7732108 0.9809095 0.9868393 0.9614732 0.9519003 0.9774460 1.2136839 1.2212768 1.1605287 1.2218447 1.1005630 1.0526195 1.1257738 1.2281814 1.1857568 1.0746762 1.5613349 1.6220557 1.1358718 1.0668621 1.1392331 1.0791630 1.1714043 1.9413218 1.9447749 1.9642955 1.7789938 1.7789938 1.7707721 
Amil_Amillepora03096-RA                                  0.7242059 0.6282395 0.7239423 0.7984430 0.7257340 0.7275407 0.2591390 0.2397956 0.5362497 0.3142497 0.2888196 0.2333950 0.0123606 0.0000000 0.0121883 0.3286313 0.5933042 0.4899055 0.6037459 0.4176948 0.6440533 0.6808962 0.7210558 0.8042702 0.7413268 0.6917116 0.7519504 0.7098219 0.8851133 0.8851133 0.7712802 0.8157713 0.7722923 0.7840777 0.8494502 1.0100260 0.9728942 1.1698236 0.8069191 0.8461578 0.9183218 1.0871658 1.0921518 1.1023069 1.0796835 1.0305747 1.0789103 0.8193504 0.9643781 0.9838828 0.9871789 0.9740189 0.9591900 1.2579478 1.3109038 1.2484622 1.3463499 1.1286226 1.1248197 1.1889361 1.2852533 1.2342630 1.1470144 1.6215479 1.8504627 1.1293858 1.0752906 1.1475008 1.0595391 1.2417140 1.9300468 1.9210001 1.9226324 1.7455995 1.7455995 1.7445267 
Adig_XM_015908344.1                                      0.9315354 0.6701919 0.7590644 0.7959060 0.6552725 0.7587927 0.3078493 0.2715105 0.6099864 0.3144517 0.3310973 0.2185946 0.0172070 0.0121883 0.0000000 0.2733466 0.5850117 0.5016240 0.5730622 0.4980695 0.6956291 0.7065343 0.7670740 0.8243940 0.8109500 0.7222846 0.7720228 0.7219084 1.0083415 1.0083415 0.7424676 0.8505680 0.8375810 0.8764748 0.7995418 1.1059152 1.0146003 1.3022272 0.8830664 0.8656128 1.0228378 1.2066640 1.1572986 1.1705855 1.1743070 1.0596863 1.1360781 0.7300090 0.9774023 0.9853071 1.0786124 1.1178607 1.0306571 1.2842234 2.0800679 1.2432585 1.2472946 1.0312579 1.0586224 2.0383950 1.3720867 1.3809999 2.4760395 1.5625009 1.5791303 1.1301739 1.1916418 1.2313109 1.1987982 1.3611131 1.9575201 1.9364061 1.9972794 1.7881305 1.7881305 1.7707721 
Gasp_gasp1.m3.19158.m1                                   0.8585848 0.6893168 0.7541502 0.7091984 0.7726431 0.7550471 0.2476170 0.3129759 0.4080172 0.2785321 0.3316326 0.2510120 0.3119291 0.3286313 0.2733466 0.0000000 0.7235146 0.5146557 0.5703637 0.3329225 0.7365132 0.7418402 0.7825143 0.8239074 0.8420514 0.7200792 0.8640406 0.8564111 0.9895052 0.9895052 0.8416472 0.9201155 0.9215400 0.9086415 1.0652460 1.0665492 0.9963719 1.1084670 0.8952140 0.9001092 1.0021649 1.1960621 1.1983843 1.2040610 1.1572034 1.1643681 1.1653284 0.8888970 1.1017582 1.0518015 1.0177929 1.1044750 1.0463575 1.3879849 1.5795130 1.3577680 1.3585380 1.4761909 1.2346594 1.3112028 1.4504168 1.4497974 1.2847531 1.4939835 1.5327201 1.3070706 1.1175122 1.3014628 1.2388841 1.3132105 1.7554100 1.7776669 1.7661538 1.5980379 1.5980379 1.5920757 
Exapal_XM_021055924.2                                    0.7875478 0.7412063 0.7515666 1.0446378 0.8400929 0.7643169 0.5917543 0.5783005 0.9975548 0.5901759 0.4409074 0.5163964 0.6072881 0.5933042 0.5850117 0.7235146 0.0000000 0.4228475 0.0747481 0.8074066 0.8020532 0.7450698 0.7735105 0.7868144 0.7425308 0.7493811 0.7345474 0.7527874 0.9755097 0.9755097 0.8790029 0.9157030 0.9037357 0.7861562 0.9554862 1.0863625 1.0372520 1.3619899 0.8934627 0.9142890 0.8141626 1.0058310 0.9715496 0.9746747 0.9887072 0.9787163 0.9777421 0.8896928 0.9131687 1.0178899 1.1982804 1.0745459 1.0781618 1.2230312 1.3144876 1.2560642 1.2961813 1.1369358 1.1220467 1.1326407 1.1725116 1.1234461 1.1097452 1.2236831 3.8677584 1.2905545 1.3983008 1.2822492 1.3462869 1.3202361 2.7741770 2.9781339 2.4367154 1.9627253 1.9627253 2.0141917 
Nvec_v1g188544                                           0.6593431 0.6657492 0.7038404 0.6915685 0.6929330 0.7040943 0.4176533 0.5199248 0.7390468 0.5117034 0.5154790 0.4074597 0.4907832 0.4899055 0.5016240 0.5146557 0.4228475 0.0000000 0.4140903 0.5551973 0.6668019 0.6379463 0.6151244 0.6908546 0.7598773 0.7165608 0.6491244 0.7762745 0.9553111 0.9553111 0.8991786 0.9086067 0.9180760 0.8239448 0.8338248 0.9988070 0.9404778 1.2004131 0.8439006 0.8171946 0.8775549 1.1610820 1.1032415 1.1113555 1.1116026 1.0635713 1.1219712 0.8115364 0.9779243 0.9892557 0.9227349 0.9736939 0.9959378 1.2713883 1.3818239 1.2180899 1.1875704 1.1598911 1.0815865 1.3231798 1.1981610 1.2127240 1.2488725 1.4772333 1.5584723 1.0935841 1.0906863 1.1173996 1.1220603 1.2347362 1.8064778 1.8315972 1.7496758 1.5616756 1.5616756 2.1088603 
Exapal_XM_028658230.1                                    0.7880547 0.6978857 0.7336843 0.7889135 0.8146825 0.7352093 0.5944168 0.6325732 0.6455447 0.6142940 0.6614989 0.4263313 0.6167066 0.6037459 0.5730622 0.5703637 0.0747481 0.4140903 0.0000000 0.5619894 0.7132705 0.6746437 0.6451508 0.7489930 0.9110469 0.7226406 0.6939576 0.7539108 1.0506609 1.0506609 0.9177155 0.9164341 0.9527275 0.9310924 1.0204817 1.0089736 0.9086890 1.1424505 0.8642071 0.8782886 0.8461777 1.2429043 1.2055257 1.2097792 1.2004633 1.1465318 1.2422548 0.7994046 0.8080180 1.0265101 1.0154469 0.9736332 1.1092665 1.3095107 1.0459534 1.1402911 1.1220460 1.0376094 0.9837740 0.9824191 1.0807269 1.0488758 1.0291115 1.8781245 1.6576375 1.1998552 1.1190717 1.1669043 1.1094609 1.0728906 1.3234701 1.3447015 1.2587751 1.2824940 1.2824940 1.7479127 
Spis_XP_022804785_1                                      0.0000010 0.6637082 0.5927095 0.7067303 0.6242669 0.7044777 0.0000010 0.7720563 1.5454445 0.7113962 0.1157189 0.2504895 0.4893636 0.4176948 0.4980695 0.3329225 0.8074066 0.5551973 0.5619894 0.0000000 0.6264266 0.7053771 0.8277153 0.6946088 0.8826341 0.8217935 0.6722756 0.0000010 0.8881407 0.8881407 1.0000569 0.7529126 0.8440072 0.9091844 0.7765694 0.8177821 1.0589027 1.0715687 0.6850105 0.6953753 0.8255504 0.9637773 0.9714620 0.9972981 0.9597537 0.8169740 0.9686552 0.7088176 0.0000010 0.9674828 0.8830816 0.8385028 0.0000010 1.3839141 0.0000010 1.3085143 1.3085143 0.0000010 1.1472621 2.3114313 1.7046296 1.7046296 1.2771980 1.5579591 1.3514925 1.0067051 1.0101464 1.2306159 1.0669970 1.3257183 1.8432311 2.0782976 1.8432311 1.8432311 1.8432311 4.0864691 
Nemnom_g17159.t1                                         0.7255715 0.6890371 0.6305408 0.7828447 0.7062867 0.6238179 0.5835533 0.7379105 0.9138595 0.6765553 0.8705030 0.6784387 0.6396661 0.6440533 0.6956291 0.7365132 0.8020532 0.6668019 0.7132705 0.6264266 0.0000000 0.1465637 0.4063855 0.6170016 0.7891234 0.7686892 0.7441446 0.7417519 0.8694614 0.8694614 0.8223308 0.8202341 0.7778366 0.8712479 0.6602486 0.9619743 0.8884369 1.0843897 0.6324080 0.7925031 0.7703175 1.1538026 1.1133837 1.1245478 1.1196842 1.0529264 1.0752152 0.7968010 0.8764788 0.8914874 0.7267245 0.7578109 0.8270963 1.1195696 1.2313512 1.0652614 1.1203797 1.1240639 1.0006622 1.0222937 1.1315957 1.0667614 1.0068080 1.3786206 1.5329911 0.9925139 0.9798571 1.1092753 1.0031791 1.0537944 1.3778102 1.3825065 1.3514529 1.2920547 1.2920547 1.8066867 
Rhoesc_Res_013520-T1                                     0.7688434 0.7212534 0.6574047 0.8678873 0.7182179 0.6374101 0.5441788 0.6969763 0.9123515 0.7000363 0.8666355 0.7078906 0.6583664 0.6808962 0.7065343 0.7418402 0.7450698 0.6379463 0.6746437 0.7053771 0.1465637 0.0000000 0.3985327 0.5573716 0.8119160 0.7580567 0.7719959 0.7048852 0.8664342 0.8664342 0.8338716 0.8077818 0.7813232 0.8667856 0.7548289 0.9599383 0.8999993 1.0792251 0.6525063 0.8177480 0.8084035 1.1598921 1.1035161 1.1146610 1.1053640 1.0558808 1.0884301 0.8023291 0.9136888 0.9208263 0.7716602 0.7743161 0.8766363 1.1520006 1.1947824 1.1085344 1.1519242 1.0774140 0.9794433 1.0037593 1.0958071 1.0562488 1.0071859 1.4129196 1.5986527 1.0259018 1.0136317 1.1491428 1.0210045 1.0745742 1.3754046 1.3800226 1.3635264 1.4455294 1.4455294 1.9186161 
Sanmal_Sma_009543-T1                                     0.7091443 0.7215058 0.7136653 0.7278250 0.7448730 0.6632614 0.5168255 0.7407190 0.9631081 0.7432242 0.9538030 0.7896806 0.7047133 0.7210558 0.7670740 0.7825143 0.7735105 0.6151244 0.6451508 0.8277153 0.4063855 0.3985327 0.0000000 0.5624698 0.8424778 0.7217738 0.7778531 0.8365206 0.8896742 0.8896742 0.9133696 0.9114213 0.8611911 0.8691872 0.8556148 1.0226691 0.9162818 1.1705133 0.8312320 0.7443041 0.8051641 1.2206427 1.1587793 1.1717596 1.1718823 1.1300624 1.1310184 0.8571930 0.8527923 0.9549902 0.7562952 0.8140998 0.8868963 1.2257865 1.3404542 1.1334972 1.0880448 1.1799391 1.0620526 1.2025747 1.2098278 1.2033544 1.1582239 1.4650196 1.6213294 1.0946145 1.0342630 1.2457135 1.1621108 1.1547914 1.6360836 1.6603817 1.6180227 1.5149018 1.5149018 2.0501446 
Morvir_scaffold473.g8.t1                                 0.7441236 0.7237437 0.6713301 0.6861159 0.7194323 0.7237169 0.5947467 0.8065191 0.9795369 0.7495233 0.8920615 0.7636645 0.7812430 0.8042702 0.8243940 0.8239074 0.7868144 0.6908546 0.7489930 0.6946088 0.6170016 0.5573716 0.5624698 0.0000000 0.8687766 0.7144814 0.7477337 0.7210695 0.8968823 0.8968823 0.8575487 0.9483933 0.9510386 0.9009778 0.8239187 1.1353485 1.1015217 1.3554158 0.8450285 0.8458405 0.8936155 1.1589627 1.1421271 1.1482455 1.1475253 1.1280033 1.1443891 0.8517550 0.8722368 1.0223918 0.8290522 0.7807872 0.9311859 1.2541197 1.3288987 1.1725451 1.2236557 1.0227435 0.9847792 0.9835499 1.3253980 1.2260951 1.1149209 1.5664958 1.7597691 1.1138069 1.0491784 1.1823416 1.1251632 1.1040986 1.6357927 1.6686027 1.6691467 1.4503456 1.4503456 2.0559310 
Xesp_003624-T1                                           0.7149640 0.8146161 0.8353051 0.8741558 0.9456625 0.8096773 0.4839345 0.8079224 1.0922610 0.7950036 0.8189819 0.6848502 0.7068938 0.7413268 0.8109500 0.8420514 0.7425308 0.7598773 0.9110469 0.8826341 0.7891234 0.8119160 0.8424778 0.8687766 0.0000000 0.3001879 0.9109069 0.7524750 0.9734827 0.9734827 1.0022362 1.0153063 0.9435442 0.9831516 0.8598832 1.1792378 1.0704227 1.3741745 0.9006777 0.9823386 0.9241626 1.2482434 1.2303249 1.2337316 1.2363285 1.1301868 1.1724259 0.8404401 0.9677104 0.8624425 1.1570687 1.0724494 0.9295384 1.3537589 1.3617858 1.2803499 1.2987780 1.1261255 1.0865281 1.2151114 1.3392906 1.3120487 1.2604879 1.7195613 1.5411033 1.1141270 1.0516830 1.0555324 1.1036002 1.2663170 2.4676701 2.5039210 2.4192093 2.4832889 2.4832889 2.6821486 
Dgig_XM_028542611.1                                      0.8146101 0.7373287 0.7914575 0.7064934 0.8110255 0.7045294 0.6465226 0.7233023 0.9543709 0.7200871 0.7333384 0.6021100 0.6834413 0.6917116 0.7222846 0.7200792 0.7493811 0.7165608 0.7226406 0.8217935 0.7686892 0.7580567 0.7217738 0.7144814 0.3001879 0.0000000 0.8762824 0.8386640 0.9666582 0.9666582 0.9034749 0.9653403 0.9120173 0.9847633 0.8436276 1.1410190 1.0938097 1.3968393 0.7644107 0.9588702 0.8661835 1.2505952 1.2348568 1.2415514 1.2563800 1.1330902 1.1937570 0.8508704 1.0714677 0.8771121 1.0770237 1.0174127 0.9827782 1.4050020 1.3752204 1.3461709 1.3203717 1.1832404 1.1038224 1.1683191 1.3621752 1.3445954 1.2288234 1.8135189 1.6877294 1.1188191 1.1417997 1.1925176 1.1569891 1.2251725 1.8518803 1.8360206 1.7898448 1.6575702 1.6575702 1.8387862 
Spur_XM_031000453.1                                      0.8370407 0.7255657 0.7694064 0.6880210 0.6962287 0.6949383 0.5287695 0.8314961 1.1158293 0.7830045 0.8195792 0.7145604 0.7578594 0.7519504 0.7720228 0.8640406 0.7345474 0.6491244 0.6939576 0.6722756 0.7441446 0.7719959 0.7778531 0.7477337 0.9109069 0.8762824 0.0000000 0.7720215 0.8387769 0.8387769 0.8031196 0.9313951 0.8599352 0.8752224 0.8165299 1.0181990 0.9890260 1.1418065 0.8087224 0.8589234 0.7920773 1.1408446 1.1020687 1.1079667 1.1297365 1.0621627 1.0638324 0.8129895 1.0221461 0.9756951 0.9304539 1.0020293 1.1290657 1.2048557 1.2169754 1.1004503 1.0751901 1.1181123 1.0111501 1.2122269 1.0686729 1.0769793 1.2498307 1.3694538 1.6496302 1.1288495 1.1246582 1.1569121 1.1462221 1.2050765 1.5504991 1.5952628 1.5006968 1.5642110 1.5642110 1.7997066 
Plespi_Pspi_scaffold15908_01                             0.8416074 0.7154136 0.7164484 0.6778071 0.6933192 0.7296127 0.5899135 0.7130202 1.1708382 0.7135706 0.8446858 0.8490967 0.7196716 0.7098219 0.7219084 0.8564111 0.7527874 0.7762745 0.7539108 0.0000010 0.7417519 0.7048852 0.8365206 0.7210695 0.7524750 0.8386640 0.7720215 0.0000000 0.5352249 0.5352249 0.5241474 0.5284372 0.5777603 0.5864983 0.5472523 0.6613664 0.7311744 0.7948801 0.7990830 0.8417554 0.8750845 0.9258463 0.9206025 0.9245428 0.8763346 0.9698802 0.8892551 0.8892551 0.8246694 0.9131951 0.9469122 0.8759969 1.0078385 1.1690238 1.3481911 1.1596213 1.0247208 1.3153527 1.2402849 1.3800136 1.2347957 1.2015429 1.2121026 0.7235879 0.0000010 1.1081010 1.0879067 1.2482064 1.3066916 1.2704206 0.9655330 1.2590843 0.8810454 0.9655330 0.9655330 5.3282412 
Opea_EP00118_Oscarella_pearsei_P024849                   0.7868394 0.8965456 0.9161730 0.9414402 0.8787726 0.9048771 0.5328967 0.9255889 1.2958763 0.8924913 0.7341822 0.8100815 0.8703654 0.8851133 1.0083415 0.9895052 0.9755097 0.9553111 1.0506609 0.8881407 0.8694614 0.8664342 0.8896742 0.8968823 0.9734827 0.9666582 0.8387769 0.5352249 0.0000000 0.0000010 0.7334688 0.8716142 0.8952440 0.6485841 0.7042565 1.0088149 1.0394551 1.2270388 0.9682375 1.0010644 0.9725780 1.1744789 1.0948578 1.1087210 1.1597220 1.0529403 1.0867777 0.7579659 0.7031495 0.9933419 1.0711887 1.0366673 0.8890580 1.3549949 1.3314406 1.2294189 1.2163765 1.2867588 1.1170359 1.3067331 1.2242706 1.1987246 1.2091299 1.6022234 1.6212828 1.1229898 1.0533153 1.2288873 1.1583228 1.1733134 2.5697623 2.5753341 2.4692381 2.5012219 2.5012219 3.2749919 
Ocar_g554                                                0.7868394 0.8965456 0.9161730 0.9414402 0.8787726 0.9048771 0.5328967 0.9255889 1.2958763 0.8924913 0.7341822 0.8100815 0.8703654 0.8851133 1.0083415 0.9895052 0.9755097 0.9553111 1.0506609 0.8881407 0.8694614 0.8664342 0.8896742 0.8968823 0.9734827 0.9666582 0.8387769 0.5352249 0.0000010 0.0000000 0.7334688 0.8716142 0.8952440 0.6485841 0.7042565 1.0088149 1.0394551 1.2270388 0.9682375 1.0010644 0.9725780 1.1744789 1.0948578 1.1087210 1.1597220 1.0529403 1.0867777 0.7579659 0.7031495 0.9933419 1.0711887 1.0366673 0.8890580 1.3549949 1.3314406 1.2294189 1.2163765 1.2867588 1.1170359 1.3067331 1.2242706 1.1987246 1.2091299 1.6022234 1.6212828 1.1229898 1.0533153 1.2288873 1.1583228 1.1733134 2.5697623 2.5753341 2.4692381 2.5012219 2.5012219 3.2749919 
Stycar_maker-SC_scaffold126516-augustus-gene-0.27-mRNA-1 0.8479544 0.7660578 0.8291894 2.0071920 0.8673835 0.8435652 0.4875223 0.6632018 1.0175044 0.7066728 0.7749445 0.8217348 0.7216645 0.7712802 0.7424676 0.8416472 0.8790029 0.8991786 0.9177155 1.0000569 0.8223308 0.8338716 0.9133696 0.8575487 1.0022362 0.9034749 0.8031196 0.5241474 0.7334688 0.7334688 0.0000000 0.4959790 0.5047061 0.7821657 0.4374171 0.5549423 0.6034392 0.7848175 0.8494030 1.0468701 0.9636823 1.0950837 1.0879331 1.0934396 1.1343036 1.1303036 1.1106869 0.9460835 0.9381250 1.0952804 1.1063969 1.0795554 1.0827333 1.3630577 1.3403001 1.3617632 1.3705992 1.3355608 1.2676762 1.4347886 1.3287009 1.2379637 1.1766550 1.4388959 0.7037724 1.1594948 1.1415030 1.2464900 1.1444464 1.1176935 1.3708284 1.4239004 1.4145016 1.0379074 1.0379074 1.5047166 
Spolac_c104239_g2_i1_m.39076c104239-g2                   0.9077149 0.8545731 0.9077342 0.9020960 0.9032128 0.9209965 0.5918675 0.8935491 1.1666183 0.8732900 0.7791966 0.7749109 0.8042663 0.8157713 0.8505680 0.9201155 0.9157030 0.9086067 0.9164341 0.7529126 0.8202341 0.8077818 0.9114213 0.9483933 1.0153063 0.9653403 0.9313951 0.5284372 0.8716142 0.8716142 0.4959790 0.0000000 0.1374839 0.7942136 0.5183055 0.6462539 0.6206382 0.8164465 0.8772618 0.9941466 1.0072924 1.3079196 1.2591408 1.2611520 1.3132544 1.1875019 1.2350599 0.9183330 0.9436626 1.1430775 1.1337542 1.1074256 1.2301441 1.3370071 1.4017537 1.3137670 1.2708763 1.2786792 1.2501260 1.4713084 1.3517433 1.3290370 1.3237933 1.6543096 1.5025704 0.9633539 1.1337022 1.2252202 1.1390183 1.2162399 2.2029086 2.2595390 2.2218717 2.1665648 2.1665648 2.1721544 
Emue_Em0001g2661a.t1                                     0.9313848 0.9214821 0.9042950 0.8411423 0.8877311 0.8701962 0.5696863 0.8586333 1.1079836 0.8525883 0.8198967 0.7788226 0.7598747 0.7722923 0.8375810 0.9215400 0.9037357 0.9180760 0.9527275 0.8440072 0.7778366 0.7813232 0.8611911 0.9510386 0.9435442 0.9120173 0.8599352 0.5777603 0.8952440 0.8952440 0.5047061 0.1374839 0.0000000 0.8018899 0.5876145 0.6585372 0.6194597 0.8353212 0.8950727 1.0216306 0.9841390 1.2179329 1.1772777 1.1739771 1.2231066 1.1079714 1.1464727 0.8242374 0.8074632 1.1110220 1.1123875 1.1326427 1.2420810 1.2944127 1.4063625 1.2694899 1.2071203 1.2570012 1.1946141 1.4859337 1.2508620 1.2146552 1.1970939 1.5827824 1.5943470 0.9838207 1.0995380 1.2059592 1.0771839 1.1625820 2.1152980 2.1722938 2.1270869 2.0796097 2.0796097 2.2652901 
Plajan_Pjan_scaffold18562_01                             0.7028038 0.7816969 0.8421069 0.8170384 0.8914163 0.7910117 0.5486663 0.8460923 1.1430668 0.7771277 0.7563545 0.7113480 0.7773574 0.7840777 0.8764748 0.9086415 0.7861562 0.8239448 0.9310924 0.9091844 0.8712479 0.8667856 0.8691872 0.9009778 0.9831516 0.9847633 0.8752224 0.5864983 0.6485841 0.6485841 0.7821657 0.7942136 0.8018899 0.0000000 0.8163222 0.9950175 0.9215162 1.1737972 0.9240025 1.0543850 0.9629389 1.1912057 1.1139040 1.1226417 1.1366995 1.0607673 1.1180797 0.7941608 0.7518083 1.0798506 1.0886314 1.0605920 0.9431733 1.3316169 1.2624794 1.1546705 1.1304697 1.1172271 1.0814692 1.2168316 1.2379166 1.2293534 1.2283658 1.5701836 1.8162458 1.0457846 0.9885313 1.2138149 1.0862690 1.1199986 2.5390439 2.5747064 2.5719803 2.5565607 2.5565607 3.2904802 
Tetwil_g15983.t1                                         0.8520503 0.7529886 0.9804146 1.2271294 0.7313298 0.7194639 2.6001683 0.9011270 2.5589732 1.0198609 0.8275459 0.8503015 0.8624837 0.8494502 0.7995418 1.0652460 0.9554862 0.8338248 1.0204817 0.7765694 0.6602486 0.7548289 0.8556148 0.8239187 0.8598832 0.8436276 0.8165299 0.5472523 0.7042565 0.7042565 0.4374171 0.5183055 0.5876145 0.8163222 0.0000000 0.7765163 0.8367547 1.0857247 0.6781877 0.8878149 0.8901397 0.9113058 0.9371865 0.9515962 0.8897447 0.8730652 0.8901023 0.8901023 0.7941781 1.0229278 1.0108599 1.0174611 1.0394762 1.1114088 1.4581217 1.0772241 1.0256502 1.1807713 1.2183672 1.9009597 1.0020338 1.0279561 1.2194480 1.0144938 1.2257481 1.0458374 1.2621289 1.3299086 1.2103008 1.3012808 0.0000010 0.0000010 0.0000010 0.0000010 0.0000010 1.0702800 
Xestes_maker-XT_scaffold21699-augustus-gene-0.21-mRNA-1  1.0161272 0.9667891 1.0204265 1.2347148 1.0533491 0.9837931 0.6020913 1.0371838 1.2939489 0.9328054 1.0499605 0.9844774 1.0153741 1.0100260 1.1059152 1.0665492 1.0863625 0.9988070 1.0089736 0.8177821 0.9619743 0.9599383 1.0226691 1.1353485 1.1792378 1.1410190 1.0181990 0.6613664 1.0088149 1.0088149 0.5549423 0.6462539 0.6585372 0.9950175 0.7765163 0.0000000 0.4418833 0.6485436 1.1186552 1.1695549 1.1307814 1.3935751 1.3328508 1.3368150 1.4050531 1.2827797 1.3578212 1.0272063 1.0750620 1.3355608 1.2219558 1.2736307 1.4229120 1.4554637 1.5888426 1.4094252 1.4062675 1.3910449 1.2877258 1.3449535 1.5108800 1.4354661 1.2857635 1.8640819 1.5999952 1.2450460 1.3119577 1.3028228 1.2707695 1.1170433 2.3908092 2.4277250 2.3494086 2.2493854 2.2493854 2.8549707 
Halamb_c54035_g1_i4mm.5616                               1.0266230 0.9485058 0.9520308 1.0066203 0.9928324 0.9971134 0.6460195 0.9820124 1.1661469 0.8764830 1.1994858 0.9286133 0.9398962 0.9728942 1.0146003 0.9963719 1.0372520 0.9404778 0.9086890 1.0589027 0.8884369 0.8999993 0.9162818 1.1015217 1.0704227 1.0938097 0.9890260 0.7311744 1.0394551 1.0394551 0.6034392 0.6206382 0.6194597 0.9215162 0.8367547 0.4418833 0.0000000 0.4785135 1.0081126 1.1085826 1.0868618 1.3634617 1.2611558 1.2700812 1.3254061 1.2414596 1.2679360 0.9846672 1.1709419 1.3084794 1.1715840 1.2574082 1.5337945 1.4405927 1.6775580 1.3767719 1.3143829 1.3980163 1.2272896 1.4662407 1.4497128 1.3923283 1.3592050 1.7061099 1.6226176 1.1798128 1.2491211 1.2031145 1.2234390 1.2166992 1.7999479 1.8287226 1.7927792 1.7614625 1.7614625 2.4725914 
Aque_Aqu2.1.37426_001                                    1.1378181 1.0850844 1.1530288 1.0807458 1.1340323 1.2040313 0.7461961 1.1879841 1.3963493 1.0784881 1.5043293 1.1161536 1.1222693 1.1698236 1.3022272 1.1084670 1.3619899 1.2004131 1.1424505 1.0715687 1.0843897 1.0792251 1.1705133 1.3554158 1.3741745 1.3968393 1.1418065 0.7948801 1.2270388 1.2270388 0.7848175 0.8164465 0.8353212 1.1737972 1.0857247 0.6485436 0.4785135 0.0000000 1.1765182 1.2506594 1.3106149 1.5573870 1.4588993 1.4656262 1.5633876 1.4559161 1.4895039 1.2133856 1.4099188 1.4320650 1.3538955 1.3683334 1.5854013 1.5615693 1.7847692 1.5204530 1.4933963 1.6754950 1.4309330 1.7294464 1.7356027 1.6862022 1.5760358 1.8864704 1.5533735 1.3931607 1.3608280 1.2749508 1.2468965 1.2442264 1.5071642 1.5491237 1.4853658 1.5907503 1.5907503 2.0971100 
Dpul_mRNA21775                                           0.8329361 0.7277916 0.7518807 0.8043154 0.8146058 0.7422983 0.6819193 0.8502949 1.0800511 0.8117069 0.8950729 0.7438002 0.7846370 0.8069191 0.8830664 0.8952140 0.8934627 0.8439006 0.8642071 0.6850105 0.6324080 0.6525063 0.8312320 0.8450285 0.9006777 0.7644107 0.8087224 0.7990830 0.9682375 0.9682375 0.8494030 0.8772618 0.8950727 0.9240025 0.6781877 1.1186552 1.0081126 1.1765182 0.0000000 0.8550478 0.8653052 1.2983402 1.2176638 1.2188310 1.2574347 1.2178820 1.2292766 0.9647653 1.2280052 1.0069751 0.8588024 0.8781035 1.0555754 1.1973038 1.1912935 1.1526675 1.2022614 1.2224576 1.0743869 1.1001420 1.1094805 1.0620624 0.8307129 1.6208850 1.6098369 1.0306175 1.1053211 1.1957874 1.0997502 1.0258289 1.3260707 1.3360146 1.2801187 1.3061121 1.3061121 1.3403590 
Ctel_gnl_WGS_AMQN_CAPTEDRAFT_mRNA152062                  0.7200470 0.6251423 0.7193827 0.8332600 0.7995403 0.8196655 0.5984175 0.9087722 1.1145401 0.8278884 0.8563736 0.8155029 0.8257989 0.8461578 0.8656128 0.9001092 0.9142890 0.8171946 0.8782886 0.6953753 0.7925031 0.8177480 0.7443041 0.8458405 0.9823386 0.9588702 0.8589234 0.8417554 1.0010644 1.0010644 1.0468701 0.9941466 1.0216306 1.0543850 0.8878149 1.1695549 1.1085826 1.2506594 0.8550478 0.0000000 0.8813802 1.2996110 1.2599586 1.2750427 1.3137453 1.2225096 1.2544268 0.9863194 0.9639317 1.0804717 0.9122116 0.9973581 1.0778545 1.4277154 1.4310112 1.2469463 1.2636341 1.3883971 1.1535316 1.2011458 1.3617246 1.2829318 1.1727522 1.7505230 1.9036630 1.1454526 1.0764757 1.1762777 1.1399432 1.1020091 1.6497287 1.7054815 1.6439767 1.7407750 1.7407750 1.7876586 
Cscu_XM_023376129.1                                      0.7830576 0.7698043 0.7657114 0.7629373 0.8561041 0.7902308 0.7077357 0.9708034 1.2536006 0.9222216 1.1204624 0.8263647 0.9270717 0.9183218 1.0228378 1.0021649 0.8141626 0.8775549 0.8461777 0.8255504 0.7703175 0.8084035 0.8051641 0.8936155 0.9241626 0.8661835 0.7920773 0.8750845 0.9725780 0.9725780 0.9636823 1.0072924 0.9841390 0.9629389 0.8901397 1.1307814 1.0868618 1.3106149 0.8653052 0.8813802 0.0000000 1.1793903 1.1815881 1.1825520 1.1632305 1.1673415 1.1809994 0.8962547 0.9596773 0.9467407 1.0657935 0.9695705 1.0350000 1.3082962 1.2312770 1.2182493 1.2490640 1.2203147 1.2118214 1.2240460 1.3048984 1.2493083 1.1041948 1.5608894 1.7516456 1.0562140 1.1520043 1.2196731 1.1610868 1.1957761 1.8374294 1.8738242 1.7049820 1.8398924 1.8398924 1.7670753 
HoiH23_PlH23_000770-RA                                   1.0030834 1.2294186 1.1612470 0.7790721 1.2070884 1.1657908 0.8469930 1.2265111 1.8701322 1.2742568 0.9243116 0.8211905 1.0932196 1.0871658 1.2066640 1.1960621 1.0058310 1.1610820 1.2429043 0.9637773 1.1538026 1.1598921 1.2206427 1.1589627 1.2482434 1.2505952 1.1408446 0.9258463 1.1744789 1.1744789 1.0950837 1.3079196 1.2179329 1.1912057 0.9113058 1.3935751 1.3634617 1.5573870 1.2983402 1.2996110 1.1793903 0.0000000 0.0705541 0.0705807 0.0319109 0.1312964 0.1788836 0.1262970 0.7498780 1.1926918 1.3261398 1.3124943 1.1209649 1.3814175 1.5830507 1.3084930 1.2731796 1.3850888 1.2125229 1.5419271 1.3149473 1.3327423 1.4188297 1.7699115 1.8907154 1.1559362 1.1344991 1.3054947 1.1663643 1.3164292 6.0744240 6.2159361 5.7618276 5.7000675 5.7000675 4.7116900 
Hhon_g04473.t1                                           0.9693585 1.2043182 1.1091551 0.8333045 1.1986915 1.1406292 0.8539214 1.2164169 1.7999879 1.2564687 0.9868454 0.8755578 1.0750470 1.0921518 1.1572986 1.1983843 0.9715496 1.1032415 1.2055257 0.9714620 1.1133837 1.1035161 1.1587793 1.1421271 1.2303249 1.2348568 1.1020687 0.9206025 1.0948578 1.0948578 1.0879331 1.2591408 1.1772777 1.1139040 0.9371865 1.3328508 1.2611558 1.4588993 1.2176638 1.2599586 1.1815881 0.0705541 0.0000000 0.0075135 0.0769584 0.1420719 0.1876884 0.1380060 0.7233172 1.1757815 1.3082115 1.2905946 1.0967722 1.3946550 1.6462687 1.3242364 1.2764703 1.3907780 1.2652684 1.6184483 1.3135009 1.3244672 1.4326429 1.7143781 2.0817816 1.1325015 1.1091897 1.2440388 1.1127178 1.2693215 4.9574326 5.0709275 4.8290341 4.5954508 4.5954508 3.9730925 
HoiH04_mRNA7784                                          0.9790039 1.2108230 1.1190247 0.8281869 1.2102306 1.1427357 0.8536925 1.2251201 1.8075950 1.2593114 1.0098588 0.8871905 1.0844387 1.1023069 1.1705855 1.2040610 0.9746747 1.1113555 1.2097792 0.9972981 1.1245478 1.1146610 1.1717596 1.1482455 1.2337316 1.2415514 1.1079667 0.9245428 1.1087210 1.1087210 1.0934396 1.2611520 1.1739771 1.1226417 0.9515962 1.3368150 1.2700812 1.4656262 1.2188310 1.2750427 1.1825520 0.0705807 0.0075135 0.0000000 0.0791723 0.1496171 0.1952435 0.1464774 0.7323463 1.1771549 1.3048289 1.2864407 1.1074958 1.3901546 1.6546784 1.3218969 1.2826784 1.4095565 1.2681639 1.6251561 1.3135320 1.3244943 1.4198227 1.7110211 2.0817816 1.1331653 1.1120118 1.2415765 1.1133560 1.2693779 4.9574326 5.0709275 4.8290341 4.5954508 4.5954508 3.9730925 
HoiH06_mRNA8198                                          0.9671149 1.2011470 1.1279409 0.8307977 1.1379687 1.1641636 0.7925555 1.2005621 1.8274740 1.2260211 0.9525582 0.8431318 1.0577795 1.0796835 1.1743070 1.1572034 0.9887072 1.1116026 1.2004633 0.9597537 1.1196842 1.1053640 1.1718823 1.1475253 1.2363285 1.2563800 1.1297365 0.8763346 1.1597220 1.1597220 1.1343036 1.3132544 1.2231066 1.1366995 0.8897447 1.4050531 1.3254061 1.5633876 1.2574347 1.3137453 1.1632305 0.0319109 0.0769584 0.0791723 0.0000000 0.1245833 0.1895135 0.1421753 0.7294370 1.1543035 1.3392728 1.3048850 1.1581545 1.3249542 1.5465457 1.2500738 1.2040119 1.3601891 1.1953446 1.5278995 1.2560885 1.2551531 1.3469300 1.6995147 1.9904842 1.1066150 1.0504066 1.2611978 1.1532407 1.3142137 5.5751641 5.7041746 5.2989379 5.0618925 5.0618925 4.5720872 
HoiH11_mRNA8642                                          1.0309880 1.1841109 1.0617931 0.8516149 1.1249084 1.0912706 0.9083961 1.1676470 1.7531205 1.1977411 0.9379961 0.8162162 1.0119503 1.0305747 1.0596863 1.1643681 0.9787163 1.0635713 1.1465318 0.8169740 1.0529264 1.0558808 1.1300624 1.1280033 1.1301868 1.1330902 1.0621627 0.9698802 1.0529403 1.0529403 1.1303036 1.1875019 1.1079714 1.0607673 0.8730652 1.2827797 1.2414596 1.4559161 1.2178820 1.2225096 1.1673415 0.1312964 0.1420719 0.1496171 0.1245833 0.0000000 0.1823203 0.1387517 0.7306323 1.1868974 1.2215815 1.2707374 1.0844159 1.3777465 1.5901949 1.2596165 1.1778439 1.4385551 1.2373533 1.5914880 1.2773525 1.2937317 1.4954553 1.4195836 1.4364744 1.1255046 1.1354865 1.3017278 1.1352411 1.3065901 6.9717424 7.0118054 6.5608999 6.8426505 6.8426505 4.1583377 
TrH2_TrispH2_000181-RA                                   0.9339556 1.2152397 1.1102287 0.8788338 1.1635315 1.1015457 0.8542344 1.1507585 1.6671737 1.2036183 0.9175017 0.7755782 1.0331633 1.0789103 1.1360781 1.1653284 0.9777421 1.1219712 1.2422548 0.9686552 1.0752152 1.0884301 1.1310184 1.1443891 1.1724259 1.1937570 1.0638324 0.8892551 1.0867777 1.0867777 1.1106869 1.2350599 1.1464727 1.1180797 0.8901023 1.3578212 1.2679360 1.4895039 1.2292766 1.2544268 1.1809994 0.1788836 0.1876884 0.1952435 0.1895135 0.1823203 0.0000000 0.0000010 0.7477042 1.1148147 1.2669392 1.2683673 1.1032392 1.3989186 1.5440531 1.3041475 1.2527995 1.4111934 1.2894938 1.5758836 1.2822067 1.2920784 1.4538798 1.7733966 2.0104092 1.0991281 1.0589393 1.2658640 1.1562859 1.3166040 5.2441598 5.3570430 5.0050629 5.0418217 5.0418217 3.7736315 
Tadh_TriadT19325                                         0.9339556 0.8893962 0.8403682 0.8788338 0.8612979 0.8336785 0.8542344 0.8603940 1.2550513 0.8969907 0.9175017 0.7460925 0.7732108 0.8193504 0.7300090 0.8888970 0.8896928 0.8115364 0.7994046 0.7088176 0.7968010 0.8023291 0.8571930 0.8517550 0.8404401 0.8508704 0.8129895 0.8892551 0.7579659 0.7579659 0.9460835 0.9183330 0.8242374 0.7941608 0.8901023 1.0272063 0.9846672 1.2133856 0.9647653 0.9863194 0.8962547 0.1262970 0.1380060 0.1464774 0.1421753 0.1387517 0.0000010 0.0000000 0.7477042 1.1148147 0.9566318 0.9345138 1.1032392 1.2148364 1.5440531 1.1445451 1.0420569 1.4111934 1.2894938 1.5758836 1.2822067 1.2920784 1.4538798 0.9222466 1.3328844 1.0643992 1.0333335 1.2569194 1.0897871 1.2708720 1.5416956 2.2189679 1.2138893 1.5416956 1.5416956 1.8396820 
