66
Lcom_lcpid83223                                   0.0000000 0.3390010 0.3434485 1.4160792 1.3049250 1.4475147 1.3319634 1.2263030 1.3722452 1.3147077 1.2365477 1.3689454 1.3385902 1.2979208 1.2923038 1.2803776 1.2814232 1.2675065 1.2545725 1.5962566 1.2490402 1.4636342 1.2843575 1.4264294 1.3712345 1.2451068 1.5698281 1.1150160 1.3612363 1.5560842 1.5439773 1.0804278 1.1156627 1.2804665 1.1572124 1.5419798 1.4282383 1.7848607 1.4943055 1.4943055 1.5145616 1.5168253 1.5322049 1.5322049 1.5222249 1.2743508 1.4385837 1.5387186 1.4987899 1.5163036 1.1212340 1.2891330 1.5334215 1.5371695 1.3799873 1.1903547 1.1854843 1.4652333 1.5588346 1.5866781 1.4102314 1.4182968 1.5481753 1.5534538 1.4887155 1.3260617 
Gracom_Gcom_scaffold17229_01                      0.3390010 0.0000000 0.2476216 1.4074600 1.2878786 1.4617216 1.3551408 1.3113302 1.3347124 1.3587754 1.3075236 1.4523267 1.3572322 1.3124458 1.3067247 1.2967458 1.3230014 1.3000445 1.2867308 1.6090964 1.2002772 1.5281562 1.3113095 1.4603345 1.3851318 1.2961523 1.5111327 1.1531625 1.4735654 1.6125742 1.6133452 1.1507106 1.2051924 1.4087967 1.3669467 1.4839424 1.4486392 1.7855272 1.5386597 1.5386597 1.5587330 1.5738735 1.5866218 1.5866218 1.5713304 1.3683964 1.4840405 1.5776896 1.5567226 1.5225796 1.2402906 1.3569028 1.5712809 1.5488765 1.4491546 1.2441053 1.2446505 1.5083568 1.5244677 1.6061162 1.3734077 1.4478920 1.6066507 1.6028044 1.5341073 1.5075671 
Leuniv_Lniv_scaffold24148_01                      0.3434485 0.2476216 0.0000000 1.4653176 1.3220569 1.5492358 1.3438467 1.3247525 1.3498031 1.2718696 1.2705985 1.4821988 1.3973617 1.3134085 1.2950677 1.2977239 1.3202617 1.3024316 1.2891172 1.7049108 1.1707302 1.4149098 1.2570265 1.3311858 1.2834133 1.2261164 1.4438532 1.0878646 1.3968122 1.5181860 1.5457232 1.1052967 1.1515837 1.3319582 1.3257878 1.4503828 1.4018530 1.8014697 1.4815185 1.4815185 1.5525377 1.5350055 1.5369195 1.5199916 1.5309695 1.3434335 1.4707404 1.5476865 1.5179472 1.5000203 1.2517727 1.3524037 1.5308617 1.5301273 1.4162851 1.2744124 1.2579665 1.3930475 1.4144968 1.4725844 1.3929951 1.3188192 1.4465253 1.4740485 1.4226365 1.2701367 
Cgig_XM_034443604.1                               1.4160792 1.4074600 1.4653176 0.0000000 0.4091993 0.4472610 0.5259679 0.6199244 0.6011016 0.8020661 0.8332811 0.8268989 0.8264052 1.0883860 1.0795286 1.0952882 1.0588438 1.0876364 1.0771179 1.4712284 1.0346526 1.2288640 1.0031456 1.1573263 1.0877448 1.0191747 1.2279198 1.1746556 1.4278503 1.4233833 1.4613400 1.0518013 1.0871639 1.2959433 1.1879421 1.1987464 1.1793753 1.5861220 1.3665549 1.3618818 1.4106034 1.4875759 1.5152376 1.4815469 1.4416243 1.2568465 1.3486575 1.4660587 1.5040959 1.4886012 1.2478368 1.2669521 1.4779299 1.3577168 1.3643040 1.4468250 1.2272927 1.4630507 1.5138395 1.5918277 1.6322318 1.4526088 1.4544570 1.5165685 1.5171323 1.3473505 
Acagra_model.g29507.t1                            1.3049250 1.2878786 1.3220569 0.4091993 0.0000000 0.4235767 0.4243154 0.5370858 0.5793168 0.6544414 0.7592841 0.8590033 0.8052871 1.0153814 1.0230889 1.0376383 0.9981047 1.0396982 1.0296048 1.4312707 0.8703186 1.0559349 0.8984974 1.0775912 0.9936625 0.9534009 1.1559665 1.1159943 1.3175611 1.3910428 1.3616382 0.9955383 1.0338426 1.1925812 1.0974992 1.0612467 1.0886779 1.4658858 1.3071593 1.3071593 1.3149217 1.3527783 1.3497389 1.3487790 1.3102808 1.1347756 1.2258007 1.3408530 1.3129487 1.3282353 1.0734544 1.2074657 1.3335074 1.2857689 1.2328975 1.2477630 1.0561195 1.3933427 1.4165335 1.5183310 1.4454347 1.3803479 1.4969328 1.5368731 1.4401223 1.3525135 
Ctel_gnl_WGS_AMQN_CAPTEDRAFT_mRNA124899           1.4475147 1.4617216 1.5492358 0.4472610 0.4235767 0.0000000 0.5676810 0.6010486 0.5552223 0.7841050 0.7992275 0.9227182 0.9791806 1.1500219 1.1410455 1.1690105 1.1143110 1.1628036 1.1517394 1.6120996 1.2531531 1.3139751 1.1464262 1.2721937 1.1845407 1.1085270 1.2045542 1.3138798 1.4799856 1.5758191 1.5742509 1.0735274 1.2641273 1.4093217 1.2319683 1.2567837 1.3148370 1.6991158 1.5452828 1.5452828 1.5432755 1.5796762 1.5655392 1.5440303 1.5194181 1.3563803 1.4237996 1.5459476 1.5743225 1.5653926 1.1859403 1.4118991 1.5903230 1.5085252 1.4419625 1.3628237 1.3003850 1.5323889 1.6044288 1.6937711 1.5733432 1.5219558 1.5639310 1.4884183 1.5349518 1.3943266 
Skow_XM_002737290.2                               1.3319634 1.3551408 1.3438467 0.5259679 0.4243154 0.5676810 0.0000000 0.5087672 0.5351138 0.5875754 0.5891183 0.8396382 0.8739524 0.9013348 0.9050039 0.9284172 0.8724484 0.9030334 0.8940248 1.3055703 0.8201441 1.0198833 0.8337511 1.0212656 0.9334152 0.8984038 1.1080936 1.0590436 1.2886728 1.2535522 1.2314784 1.0362427 0.9809662 1.1359354 1.0541549 1.0704175 1.0615093 1.4062023 1.2496662 1.2496662 1.2097406 1.2315729 1.2428394 1.2415785 1.2108596 1.0571839 1.1308589 1.2241402 1.2435854 1.2302898 1.0065740 1.0549702 1.2538536 1.2092687 1.1819356 1.1702504 1.0326134 1.3035450 1.3228857 1.3761434 1.4889106 1.3581486 1.4970023 1.4360288 1.3627031 1.1908091 
Bralan_BLAG11001057_1                             1.2263030 1.3113302 1.3247525 0.6199244 0.5370858 0.6010486 0.5087672 0.0000000 0.5371088 0.6170894 0.8071029 0.8508234 0.9285958 0.9870193 0.9797147 0.9889027 0.9814968 0.9841271 0.9741428 1.3918173 0.8303420 0.9708942 0.8237213 0.9896074 0.8992580 0.8843741 1.1266375 1.0118023 1.2047535 1.2817292 1.3168576 1.0146040 1.0238328 1.0989205 0.9970267 1.1619303 1.1551240 1.4048831 1.1952059 1.2050875 1.2401857 1.2314454 1.2085776 1.1971728 1.1788253 1.0205477 1.0981465 1.2175330 1.2225768 1.2628098 1.0740740 1.0624017 1.1879463 1.2045524 1.1380051 1.2438694 1.0519919 1.3300834 1.4000763 1.4504964 1.4704402 1.3153060 1.4690340 1.4444601 1.3606791 1.1214146 
Cscu_XM_023366351.1                               1.3722452 1.3347124 1.3498031 0.6011016 0.5793168 0.5552223 0.5351138 0.5371088 0.0000000 0.6967525 0.8012055 0.7093882 0.8160902 1.0154731 1.0140292 1.0078459 1.0321514 1.0027533 0.9923566 1.3022371 0.8680103 1.0678700 0.8811757 1.0927634 0.9978494 0.9319981 1.1872416 1.1491281 1.3664987 1.4115423 1.4427468 1.0066532 1.0600375 1.2257412 1.2112405 1.1118207 1.1669562 1.5308143 1.3099056 1.3131941 1.3404865 1.3555138 1.2899741 1.2822763 1.2570818 1.1677455 1.1672275 1.2874072 1.3452299 1.3503408 1.1934603 1.2003388 1.3223240 1.3472784 1.2328413 1.2324471 1.1105314 1.4218642 1.4925041 1.5797300 1.5626318 1.3176582 1.4811476 1.4493508 1.4104403 1.2357296 
Hsap_ENST00000217109                              1.3147077 1.3587754 1.2718696 0.8020661 0.6544414 0.7841050 0.5875754 0.6170894 0.6967525 0.0000000 0.8461863 0.9778574 0.9786562 0.9702446 0.9637522 0.9734405 0.9506400 0.9902594 0.9799063 1.4353586 0.9329667 1.1161330 0.9773508 1.1375998 1.0653597 1.0474636 1.2638150 1.1001353 1.3413137 1.3134154 1.3340212 0.9653076 0.9629018 1.1569249 1.0863785 1.2084386 1.2016325 1.5248065 1.2652240 1.2652240 1.2379687 1.2825072 1.3210045 1.2948851 1.2578805 1.0924990 1.1899661 1.2946744 1.3218413 1.3090324 1.0885010 1.1092147 1.3135098 1.2379630 1.1993286 1.2615377 1.1473771 1.3011469 1.4234324 1.4705304 1.5636697 1.3994711 1.4323463 1.3968099 1.4055638 1.1468617 
Spur_XM_030987339.1                               1.2365477 1.3075236 1.2705985 0.8332811 0.7592841 0.7992275 0.5891183 0.8071029 0.8012055 0.8461863 0.0000000 1.0632818 1.0554411 1.1658167 1.1699708 1.1829368 1.1518797 1.1655630 1.1539212 1.5744601 1.0635491 1.2047068 1.0048745 1.1242049 1.0332454 1.0733327 1.2190628 1.0546139 1.3636156 1.2824326 1.2967085 1.1229306 1.0600641 1.2161904 1.2349280 1.3006435 1.3268794 1.4804507 1.3779201 1.3779201 1.3797303 1.4135571 1.3458393 1.3383015 1.3321397 1.1592549 1.2399330 1.3538133 1.3897685 1.3811854 1.2077426 1.1755523 1.3487545 1.3049296 1.2025209 1.3360044 1.1810671 1.4124292 1.4562212 1.5018069 1.5262715 1.4327666 1.6218807 1.5625957 1.5109279 1.3502897 
Dpul_mRNA972                                      1.3689454 1.4523267 1.4821988 0.8268989 0.8590033 0.9227182 0.8396382 0.8508234 0.7093882 0.9778574 1.0632818 0.0000000 0.6138285 1.1401670 1.1463515 1.1436602 1.1141932 1.1338822 1.1223601 1.6455034 1.1445030 1.3092520 1.0821108 1.2847539 1.2086288 1.2037463 1.3451721 1.2374170 1.5008717 1.6540693 1.6776501 1.2832597 1.2475569 1.4152438 1.3436417 1.5437769 1.4541859 1.8620595 1.3580875 1.3576416 1.3349726 1.3719009 1.3488877 1.3281669 1.3067896 1.2127616 1.2365276 1.3214485 1.3566726 1.3837831 1.2323503 1.2117839 1.3924947 1.2742067 1.2532104 1.2904317 1.3020740 1.5232473 1.5926557 1.6761106 1.6743283 1.6282993 1.5973371 1.6497421 1.4983034 1.4892254 
Tcas_TC033199_001                                 1.3385902 1.3572322 1.3973617 0.8264052 0.8052871 0.9791806 0.8739524 0.9285958 0.8160902 0.9786562 1.0554411 0.6138285 0.0000000 1.2047201 1.2030082 1.2070714 1.1894411 1.2369165 1.2240988 1.6288796 1.3010667 1.4229647 1.1024469 1.3203923 1.2140003 1.1797583 1.3858409 1.3919719 1.4411507 1.4053807 1.4872889 1.2555748 1.1779207 1.2391924 1.7361370 1.2721168 1.1680521 1.5996813 1.4313664 1.4307346 1.3937473 1.4203705 1.4579018 1.3892818 1.3871845 1.3842069 1.3216377 1.4203930 1.4286019 1.4385306 1.4527471 1.2559089 1.4540273 1.3874550 1.3942659 1.2309324 1.2571626 1.5058715 1.5173183 1.5080301 2.0511376 1.4826001 1.5625623 1.5996567 1.5114105 1.5134736 
HoiH23_PlH23_006850-RA                            1.2979208 1.3124458 1.3134085 1.0883860 1.0153814 1.1500219 0.9013348 0.9870193 1.0154731 0.9702446 1.1658167 1.1401670 1.2047201 0.0000000 0.0079675 0.0163239 0.0297923 0.0523727 0.0493847 0.5767087 0.9045320 1.0029075 0.9131818 0.9587183 0.9011557 0.8260336 1.1230402 1.0187803 1.1316603 1.2540002 1.2521177 0.9036523 0.9609857 1.1141797 1.1443586 1.0771984 1.0929626 1.4318341 1.1724403 1.1724403 1.1874104 1.1565398 1.2012710 1.2012710 1.2085341 1.1499230 1.1187276 1.2454033 1.2165191 1.1708624 1.0403464 1.0437996 1.2081260 1.2478101 1.1584046 1.0995720 0.9765557 1.3216880 1.3611009 1.4390949 1.4358180 1.3106796 1.3707895 1.3729637 1.3541693 1.3606153 
HoiH06_mRNA12438                                  1.2923038 1.3067247 1.2950677 1.0795286 1.0230889 1.1410455 0.9050039 0.9797147 1.0140292 0.9637522 1.1699708 1.1463515 1.2030082 0.0079675 0.0000000 0.0246352 0.0381522 0.0610075 0.0579646 0.5775110 0.9087350 0.9978812 0.9081756 0.9537658 0.8963913 0.8308072 1.1100716 1.0140677 1.1219972 1.2517214 1.2500039 0.9184207 0.9653762 1.1160715 1.1697719 1.0826230 1.0984556 1.4368454 1.1781833 1.1781833 1.1936477 1.1622498 1.1982278 1.1982278 1.2053767 1.1444024 1.1143551 1.2421999 1.2134518 1.1672938 1.0338246 1.0395200 1.2050928 1.2542503 1.1535374 1.1088951 0.9887248 1.3234646 1.3628219 1.4410099 1.4295087 1.3124128 1.3741593 1.3763495 1.3549438 1.3672463 
Hhon_g06896.t1                                    1.2803776 1.2967458 1.2977239 1.0952882 1.0376383 1.1690105 0.9284172 0.9889027 1.0078459 0.9734405 1.1829368 1.1436602 1.2070714 0.0163239 0.0246352 0.0000000 0.0474442 0.0496931 0.0467125 0.5763688 0.9248424 1.0282603 0.9379650 0.9890660 0.9300778 0.8437628 1.1504071 1.0301465 1.1481770 1.2434456 1.2545604 0.9335590 0.9762371 1.1160002 1.1903808 1.1001398 1.1163526 1.4385701 1.1784674 1.1784674 1.2142404 1.1870744 1.2334382 1.2334382 1.2419805 1.1800874 1.1424178 1.2796623 1.2483977 1.2016886 1.0677037 1.0666572 1.2282987 1.2830933 1.1792476 1.1226771 0.9932113 1.3501851 1.3895926 1.4563401 1.4926256 1.3254453 1.3765542 1.3787797 1.3757601 1.3908600 
HoiH11_mRNA4870                                   1.2814232 1.3230014 1.3202617 1.0588438 0.9981047 1.1143110 0.8724484 0.9814968 1.0321514 0.9506400 1.1518797 1.1141932 1.1894411 0.0297923 0.0381522 0.0474442 0.0000000 0.0610336 0.0579892 0.6127454 0.9132727 1.0000596 0.9223835 0.9733377 0.9150226 0.8234038 1.1233329 1.0188296 1.1511388 1.2496882 1.2481190 0.8878348 0.9528949 1.1072971 1.1443586 1.0857942 1.0924099 1.4208035 1.1875967 1.1875967 1.1793590 1.1491134 1.1936848 1.1936848 1.2006622 1.1313929 1.1103817 1.2374112 1.2088701 1.1835250 1.0482421 1.0338982 1.2005639 1.2396256 1.1480762 1.1174436 0.9839239 1.3290741 1.3676461 1.4438427 1.4203864 1.3089247 1.3628771 1.3755823 1.3491903 1.3570607 
TrH2_TrispH2_004581-RA                            1.2675065 1.3000445 1.3024316 1.0876364 1.0396982 1.1628036 0.9030334 0.9841271 1.0027533 0.9902594 1.1655630 1.1338822 1.2369165 0.0523727 0.0610075 0.0496931 0.0610336 0.0000000 0.0026543 0.6255601 0.9024885 0.9973272 0.9099543 0.9757570 0.9174135 0.8225718 1.1138260 1.0215542 1.1335597 1.2610691 1.2461620 0.9064643 0.9770229 1.1079620 1.1421169 1.0998559 1.1111466 1.4028095 1.1381564 1.1381564 1.1815727 1.1570304 1.2025015 1.2025015 1.2098277 1.1631338 1.1235436 1.2468047 1.2051904 1.1597056 1.0259324 1.0212249 1.1975511 1.2313498 1.1506522 1.1098284 0.9639609 1.3247379 1.3640970 1.4433192 1.4371477 1.2880064 1.3606264 1.3522742 1.3378018 1.3576636 
Tadh_TriadT26681                                  1.2545725 1.2867308 1.2891172 1.0771179 1.0296048 1.1517394 0.8940248 0.9741428 0.9923566 0.9799063 1.1539212 1.1223601 1.2240988 0.0493847 0.0579646 0.0467125 0.0579892 0.0026543 0.0000000 0.6086676 0.8899877 0.9867692 0.8996024 0.9652975 0.9074706 0.8137399 1.0976827 1.0148587 1.1291456 1.2470005 1.2331873 0.9064643 0.9645605 1.0968428 1.1421169 1.0892112 1.1003317 1.3939431 1.1264692 1.1264692 1.1687258 1.1452329 1.1902986 1.1902986 1.1971406 1.1464353 1.1104088 1.2337913 1.1929066 1.1478478 1.0259324 1.0087413 1.1854293 1.2180965 1.1377523 1.1054739 0.9536468 1.3109585 1.3503583 1.4271700 1.4371477 1.2748479 1.3659600 1.3576168 1.3231954 1.3405535 
Hhon_g06895.t1                                    1.5962566 1.6090964 1.7049108 1.4712284 1.4312707 1.6120996 1.3055703 1.3918173 1.3022371 1.4353586 1.5744601 1.6455034 1.6288796 0.5767087 0.5775110 0.5763688 0.6127454 0.6255601 0.6086676 0.0000000 1.4634880 1.4220444 1.3355170 1.5733681 1.3823249 1.4522150 1.5741689 1.8701575 1.8934480 1.5493055 1.6170331 1.7770812 1.5168287 1.4747687 8.9999988 1.5000194 1.6058074 1.5557347 2.0731139 2.0731139 2.2773574 2.2773574 2.4706797 2.4706797 2.4706797 2.3921346 2.4706797 2.4706797 2.4278195 2.2942559 2.1944351 2.3259128 2.4249430 2.5287265 2.3176645 1.5770382 1.1985063 1.6948241 1.7868335 1.5005861 3.1028546 1.7030295 1.6102840 1.6412581 1.5110250 1.7027025 
Fspp_ffun1.m4.11314.m1                            1.2490402 1.2002772 1.1707302 1.0346526 0.8703186 1.2531531 0.8201441 0.8303420 0.8680103 0.9329667 1.0635491 1.1445030 1.3010667 0.9045320 0.9087350 0.9248424 0.9132727 0.9024885 0.8899877 1.4634880 0.0000000 0.0826407 0.1299170 0.2393696 0.1890288 0.3437095 0.4135565 1.1277248 1.2883094 1.1125267 1.1048204 0.9380360 1.0495784 1.0370159 0.8328366 0.7629916 0.7561403 1.6797584 1.1360681 1.1360681 1.1760214 1.1760214 1.2226797 1.2226797 1.2226797 1.0863376 1.2226797 1.2226797 1.2105723 1.1403533 1.0126914 1.1538690 1.2094319 1.2011810 1.1794004 1.1893290 0.9621838 1.3716742 1.4505155 1.5799301 1.4933694 1.2730368 1.5257758 1.5522589 1.3945373 1.5076714 
Gfas_gfas1.m1.200.m1                              1.4636342 1.5281562 1.4149098 1.2288640 1.0559349 1.3139751 1.0198833 0.9708942 1.0678700 1.1161330 1.2047068 1.3092520 1.4229647 1.0029075 0.9978812 1.0282603 1.0000596 0.9973272 0.9867692 1.4220444 0.0826407 0.0000000 0.1694007 0.1916736 0.1564055 0.4631363 0.2989131 1.0331465 1.3301197 1.2978646 1.2391401 0.8745251 1.0155156 1.0560703 0.8135124 0.9612214 0.9884106 1.4837003 1.3879377 1.3879377 1.4862099 1.4270072 1.4636415 1.4630327 1.4730794 1.1272075 1.4654992 1.5070462 1.4208999 1.4241804 1.0770890 1.3368684 1.4785524 1.4503201 1.4055658 1.3068890 1.0658884 1.4669737 1.5214678 1.6369358 1.4239446 1.3881569 1.5595359 1.5282477 1.4518186 1.4451849 
Gasp_gasp1.m3.15373.m1                            1.2843575 1.3113095 1.2570265 1.0031456 0.8984974 1.1464262 0.8337511 0.8237213 0.8811757 0.9773508 1.0048745 1.0821108 1.1024469 0.9131818 0.9081756 0.9379650 0.9223835 0.9099543 0.8996024 1.3355170 0.1299170 0.1694007 0.0000000 0.1522289 0.1220638 0.3526794 0.2305870 1.0999464 1.1490510 0.9493407 0.9529714 0.9886344 0.8932008 0.9243522 0.9450288 0.7980743 0.8257192 1.2082576 1.2654870 1.2654870 1.3420326 1.3130313 1.3507829 1.3507829 1.3507829 1.2565621 1.3275950 1.3624119 1.3441326 1.3138336 1.2076288 1.2058518 1.3408318 1.3697368 1.2778947 1.2585048 1.0392984 1.2856265 1.3284369 1.4604980 1.5039550 1.2754206 1.3813047 1.4030796 1.2473662 1.2415704 
Adig_XM_015896821.1                               1.4264294 1.4603345 1.3311858 1.1573263 1.0775912 1.2721937 1.0212656 0.9896074 1.0927634 1.1375998 1.1242049 1.2847539 1.3203923 0.9587183 0.9537658 0.9890660 0.9733377 0.9757570 0.9652975 1.5733681 0.2393696 0.1916736 0.1522289 0.0000000 0.0306654 0.4570501 0.0805675 1.0231870 1.1842049 1.0909500 1.0732982 1.0546141 0.9076016 0.9729413 0.6761256 0.8660144 0.8721209 1.2288367 1.3440640 1.3440640 1.5014270 1.4378447 1.4860546 1.4599430 1.4792883 1.3885792 1.4762707 1.5148094 1.4321511 1.4121730 1.3573927 1.3292387 1.4671773 1.4409959 1.3787831 1.2588417 1.1432798 1.4880565 1.5156806 1.6166997 1.9403954 1.3225056 1.4698552 1.4775084 1.4151818 1.5353349 
Adig_XM_015917950.1                               1.3712345 1.3851318 1.2834133 1.0877448 0.9936625 1.1845407 0.9334152 0.8992580 0.9978494 1.0653597 1.0332454 1.2086288 1.2140003 0.9011557 0.8963913 0.9300778 0.9150226 0.9174135 0.9074706 1.3823249 0.1890288 0.1564055 0.1220638 0.0306654 0.0000000 0.4132514 0.0685302 0.9666932 1.1502064 1.0859263 1.0686041 0.9386099 0.8414452 0.9318811 0.6761256 0.8221720 0.8362816 1.1634743 1.2844072 1.2844072 1.4193566 1.3641855 1.4151578 1.3897011 1.4057208 1.2776558 1.3950894 1.4396284 1.3585401 1.3394690 1.2073598 1.2569572 1.3906007 1.3697104 1.2904890 1.1980537 1.0799007 1.3984297 1.4186015 1.5017480 1.6454562 1.2398103 1.3879935 1.3875117 1.3219760 1.4168634 
Nvec_v1g174858                                    1.2451068 1.2961523 1.2261164 1.0191747 0.9534009 1.1085270 0.8984038 0.8843741 0.9319981 1.0474636 1.0733327 1.2037463 1.1797583 0.8260336 0.8308072 0.8437628 0.8234038 0.8225718 0.8137399 1.4522150 0.3437095 0.4631363 0.3526794 0.4570501 0.4132514 0.0000000 0.5364867 0.9565835 1.0717928 0.9964868 0.9391522 0.7734272 0.8161163 0.8570923 0.6666405 0.8261555 0.8725463 1.3216205 1.2244067 1.2244067 1.2617347 1.2517060 1.2963863 1.2963863 1.2855544 1.0893542 1.1992610 1.3317113 1.2723852 1.2350750 1.0513374 1.0952403 1.3058277 1.3005069 1.1477221 1.2070433 1.0442308 1.3685246 1.4307806 1.5272856 1.4177416 1.2387013 1.4580819 1.4905204 1.4053214 1.3360452 
Amil_Amillepora18733-RA                           1.5698281 1.5111327 1.4438532 1.2279198 1.1559665 1.2045542 1.1080936 1.1266375 1.1872416 1.2638150 1.2190628 1.3451721 1.3858409 1.1230402 1.1100716 1.1504071 1.1233329 1.1138260 1.0976827 1.5741689 0.4135565 0.2989131 0.2305870 0.0805675 0.0685302 0.5364867 0.0000000 1.0803669 1.2562248 1.1974897 1.1479038 1.1636319 0.8321802 0.9458655 0.4746896 0.9920904 0.9784193 1.1144522 1.5337497 1.5337497 1.6718861 1.5629623 1.5724861 1.5366948 1.5679452 1.4568081 1.5773111 1.6188096 1.5279287 1.5386985 1.4716581 1.4518905 1.5700536 1.5490187 1.5271859 1.5003371 1.4309447 1.6803830 1.6279592 1.8224903 1.9245164 1.4446212 1.5430869 1.5498299 1.5155646 1.7014164 
Hvul_g18515_1                                     1.1150160 1.1531625 1.0878646 1.1746556 1.1159943 1.3138798 1.0590436 1.0118023 1.1491281 1.1001353 1.0546139 1.2374170 1.3919719 1.0187803 1.0140677 1.0301465 1.0188296 1.0215542 1.0148587 1.8701575 1.1277248 1.0331465 1.0999464 1.0231870 0.9666932 0.9565835 1.0803669 0.0000000 0.3151638 0.6553524 0.6096306 0.5960655 0.6015511 0.6015308 0.4455124 1.1888240 1.2169291 1.0163440 1.1879428 1.1879428 1.1296138 1.1296138 1.1254482 1.1254482 1.1254482 1.1486120 1.1254482 1.1254482 1.1282905 1.1686206 1.0998959 1.1400938 1.1204024 1.1874526 1.1229584 1.1387723 0.9381398 1.5751312 1.6192084 1.7480937 1.4395484 1.3567674 1.4247295 1.4658816 1.2836183 1.5389396 
Chem_TCONS_00050222                               1.3612363 1.4735654 1.3968122 1.4278503 1.3175611 1.4799856 1.2886728 1.2047535 1.3664987 1.3413137 1.3636156 1.5008717 1.4411507 1.1316603 1.1219972 1.1481770 1.1511388 1.1335597 1.1291456 1.8934480 1.2883094 1.3301197 1.1490510 1.1842049 1.1502064 1.0717928 1.2562248 0.3151638 0.0000000 0.8570625 0.8511355 0.7343345 0.6572060 0.6979604 0.5410322 1.4422642 1.4246658 0.9951884 1.4817445 1.4796011 1.4504096 1.4571956 1.4813927 1.4394708 1.4138769 1.3071125 1.3496570 1.4525444 1.4349395 1.4626484 1.2294390 1.2600946 1.4778682 1.4637258 1.3465547 1.3212885 1.2342406 1.6926425 1.6846955 1.8165895 1.3660500 1.4985879 1.6076946 1.6917323 1.5809303 1.3703473 
Sanmal_Sma_000156-T1                              1.5560842 1.6125742 1.5181860 1.4233833 1.3910428 1.5758191 1.2535522 1.2817292 1.4115423 1.3134154 1.2824326 1.6540693 1.4053807 1.2540002 1.2517214 1.2434456 1.2496882 1.2610691 1.2470005 1.5493055 1.1125267 1.2978646 0.9493407 1.0909500 1.0859263 0.9964868 1.1974897 0.6553524 0.8570625 0.0000000 0.0305577 0.2609014 0.2150028 0.2534439 0.6609292 1.3645914 1.3642714 0.6999822 1.4677655 1.4677655 1.4602499 1.5918624 1.6340516 1.6430657 1.6031013 1.2697856 1.3927392 1.5607213 1.6334707 1.5870228 1.1504867 1.2206317 1.6612464 1.5021538 1.4033757 1.5537094 1.4442186 1.6332912 1.6635578 1.5593057 1.3248964 1.5412009 1.5892838 1.5673520 1.5583800 1.3263662 
Sanmal_Sma_020814-T1                              1.5439773 1.6133452 1.5457232 1.4613400 1.3616382 1.5742509 1.2314784 1.3168576 1.4427468 1.3340212 1.2967085 1.6776501 1.4872889 1.2521177 1.2500039 1.2545604 1.2481190 1.2461620 1.2331873 1.6170331 1.1048204 1.2391401 0.9529714 1.0732982 1.0686041 0.9391522 1.1479038 0.6096306 0.8511355 0.0305577 0.0000000 0.2571058 0.2208262 0.2511066 0.5235271 1.3337903 1.3423141 0.7810170 1.4722229 1.4778506 1.4836345 1.6138654 1.6529557 1.6150824 1.5614453 1.2635038 1.3774844 1.5411371 1.6425830 1.5998573 1.1467670 1.2108716 1.6686397 1.4793722 1.3880485 1.5543908 1.4086066 1.6474573 1.7103062 1.7873665 1.5555721 1.6463271 1.6479663 1.6232872 1.5868757 1.3856242 
Aaur_scaffold448.g5.t1                            1.0804278 1.1507106 1.1052967 1.0518013 0.9955383 1.0735274 1.0362427 1.0146040 1.0066532 0.9653076 1.1229306 1.2832597 1.2555748 0.9036523 0.9184207 0.9335590 0.8878348 0.9064643 0.9064643 1.7770812 0.9380360 0.8745251 0.9886344 1.0546141 0.9386099 0.7734272 1.1636319 0.5960655 0.7343345 0.2609014 0.2571058 0.0000000 0.1156153 0.1386800 0.3639973 0.9825691 1.0982025 1.6367771 1.1905628 1.1905628 1.1614714 1.1614714 1.1921151 1.1921151 1.1921151 1.1921151 1.1921151 1.1921151 1.1553655 1.2259062 1.2259062 1.1851579 1.2131848 1.2261966 1.2291620 1.0936795 0.9311485 1.3335045 1.3463820 1.4788714 1.4143687 1.2509463 1.2895082 1.4349658 1.2431316 1.4924140 
Nemnom_g19184.t1                                  1.1156627 1.2051924 1.1515837 1.0871639 1.0338426 1.2641273 0.9809662 1.0238328 1.0600375 0.9629018 1.0600641 1.2475569 1.1779207 0.9609857 0.9653762 0.9762371 0.9528949 0.9770229 0.9645605 1.5168287 1.0495784 1.0155156 0.8932008 0.9076016 0.8414452 0.8161163 0.8321802 0.6015511 0.6572060 0.2150028 0.2208262 0.1156153 0.0000000 0.0337864 0.3944001 1.0167148 1.0742918 0.7701176 1.1692119 1.1692119 1.1887591 1.1887591 1.2168920 1.2168920 1.2168920 1.2302987 1.2168920 1.2168920 1.1976053 1.1838417 1.1905055 1.1693020 1.2293263 1.1992693 1.2162745 1.1811314 1.0185718 1.3929624 1.3935656 1.4223965 1.4395069 1.2155074 1.3237656 1.4050899 1.2663531 1.4330248 
Rhoesc_Res_010123-T1                              1.2804665 1.4087967 1.3319582 1.2959433 1.1925812 1.4093217 1.1359354 1.0989205 1.2257412 1.1569249 1.2161904 1.4152438 1.2391924 1.1141797 1.1160715 1.1160002 1.1072971 1.1079620 1.0968428 1.4747687 1.0370159 1.0560703 0.9243522 0.9729413 0.9318811 0.8570923 0.9458655 0.6015308 0.6979604 0.2534439 0.2511066 0.1386800 0.0337864 0.0000000 0.3600966 1.1683703 1.2282246 0.6642879 1.3716092 1.3716092 1.3902141 1.3856556 1.4536573 1.4536573 1.4302070 1.2194704 1.3493873 1.4862542 1.4062662 1.4004223 1.1351843 1.1972416 1.4672774 1.4297593 1.3204092 1.3196614 1.1852497 1.4980885 1.4560423 1.5086294 1.3593188 1.3378871 1.4335862 1.4923126 1.3652755 1.3669467 
Morvir_scaffold65.g30.t1                          1.1572124 1.3669467 1.3257878 1.1879421 1.0974992 1.2319683 1.0541549 0.9970267 1.2112405 1.0863785 1.2349280 1.3436417 1.7361370 1.1443586 1.1697719 1.1903808 1.1443586 1.1421169 1.1421169 8.9999988 0.8328366 0.8135124 0.9450288 0.6761256 0.6761256 0.6666405 0.4746896 0.4455124 0.5410322 0.6609292 0.5235271 0.3639973 0.3944001 0.3600966 0.0000000 1.0884624 1.1920147 4.2978870 1.1246344 1.1246344 1.0685576 1.0685576 1.1155517 1.1155517 1.1155517 1.1155517 1.1155517 1.1155517 1.0694225 1.1074435 1.1074435 1.1183375 1.0915219 1.1489923 1.0807484 1.2682318 1.2146175 1.9438480 1.8968053 4.0265044 2.1399232 1.7677555 2.3687258 2.6597898 2.3623589 2.5174787 
Dgig_XM_028538353.1                               1.5419798 1.4839424 1.4503828 1.1987464 1.0612467 1.2567837 1.0704175 1.1619303 1.1118207 1.2084386 1.3006435 1.5437769 1.2721168 1.0771984 1.0826230 1.1001398 1.0857942 1.0998559 1.0892112 1.5000194 0.7629916 0.9612214 0.7980743 0.8660144 0.8221720 0.8261555 0.9920904 1.1888240 1.4422642 1.3645914 1.3337903 0.9825691 1.0167148 1.1683703 1.0884624 0.0000000 0.2193982 1.5443710 1.4903674 1.4903674 1.5378844 1.4854722 1.5078920 1.5078920 1.5195419 1.3058899 1.4541692 1.5536381 1.5048015 1.4322841 1.1943964 1.3339986 1.5042979 1.5596546 1.5296706 1.3357138 1.2515500 1.4974856 1.5341289 1.6293575 1.3388877 1.3711679 1.5540609 1.5912275 1.5098651 1.4488555 
Xesp_012915-T1                                    1.4282383 1.4486392 1.4018530 1.1793753 1.0886779 1.3148370 1.0615093 1.1551240 1.1669562 1.2016325 1.3268794 1.4541859 1.1680521 1.0929626 1.0984556 1.1163526 1.0924099 1.1111466 1.1003317 1.6058074 0.7561403 0.9884106 0.8257192 0.8721209 0.8362816 0.8725463 0.9784193 1.2169291 1.4246658 1.3642714 1.3423141 1.0982025 1.0742918 1.2282246 1.1920147 0.2193982 0.0000000 1.6380280 1.5232654 1.5232654 1.5122272 1.4703744 1.5160440 1.5160440 1.5225683 1.2676106 1.4782549 1.5461242 1.4949680 1.4421456 1.1578696 1.3074112 1.5481082 1.5434149 1.4844368 1.3474382 1.2870848 1.5037355 1.5497336 1.6719449 1.3056128 1.3599893 1.5757487 1.5492163 1.4882637 1.4184065 
Morvir_scaffold65.g32.t1                          1.7848607 1.7855272 1.8014697 1.5861220 1.4658858 1.6991158 1.4062023 1.4048831 1.5308143 1.5248065 1.4804507 1.8620595 1.5996813 1.4318341 1.4368454 1.4385701 1.4208035 1.4028095 1.3939431 1.5557347 1.6797584 1.4837003 1.2082576 1.2288367 1.1634743 1.3216205 1.1144522 1.0163440 0.9951884 0.6999822 0.7810170 1.6367771 0.7701176 0.6642879 4.2978870 1.5443710 1.6380280 0.0000000 1.7696083 1.7696083 1.7909385 1.7273217 1.7581203 1.7581203 1.7730525 1.7134953 1.6624679 1.8375670 1.7766712 1.6820135 1.7382527 1.5627599 1.7558549 1.8294386 1.7055271 1.6218292 1.4424856 1.7430185 1.7591446 1.8431429 4.3093222 1.6841703 1.7720782 1.8487082 1.6489942 1.8095880 
Pbac_sb2652653                                    1.4943055 1.5386597 1.4815185 1.3665549 1.3071593 1.5452828 1.2496662 1.1952059 1.3099056 1.2652240 1.3779201 1.3580875 1.4313664 1.1724403 1.1781833 1.1784674 1.1875967 1.1381564 1.1264692 2.0731139 1.1360681 1.3879377 1.2654870 1.3440640 1.2844072 1.2244067 1.5337497 1.1879428 1.4817445 1.4677655 1.4722229 1.1905628 1.1692119 1.3716092 1.1246344 1.4903674 1.5232654 1.7696083 0.0000000 0.0026137 0.2124880 0.2083577 0.2665706 0.2484475 0.2416830 0.2269189 0.2402398 0.2587306 0.2213875 0.2151259 0.2326394 0.1732930 0.2658735 0.2136069 0.3008281 1.4432085 1.3695634 1.6940742 1.7069914 1.8083802 1.4905459 1.5995634 1.8000533 1.7342184 1.6170656 1.3706092 
Horcal_Hcv1.av93.c5.g168.i1                       1.4943055 1.5386597 1.4815185 1.3618818 1.3071593 1.5452828 1.2496662 1.2050875 1.3131941 1.2652240 1.3779201 1.3576416 1.4307346 1.1724403 1.1781833 1.1784674 1.1875967 1.1381564 1.1264692 2.0731139 1.1360681 1.3879377 1.2654870 1.3440640 1.2844072 1.2244067 1.5337497 1.1879428 1.4796011 1.4677655 1.4778506 1.1905628 1.1692119 1.3716092 1.1246344 1.4903674 1.5232654 1.7696083 0.0026137 0.0000000 0.2103513 0.2085290 0.2668023 0.2484475 0.2416830 0.2269189 0.2402398 0.2587306 0.2175354 0.2112875 0.2326394 0.1732930 0.2617660 0.2136069 0.3008281 1.4484565 1.3695634 1.6940742 1.7180573 1.8211684 1.4905459 1.5951441 1.8000533 1.7342184 1.6160335 1.3706092 
Bolinf_Binf_sb1289761                             1.5145616 1.5587330 1.5525377 1.4106034 1.3149217 1.5432755 1.2097406 1.2401857 1.3404865 1.2379687 1.3797303 1.3349726 1.3937473 1.1874104 1.1936477 1.2142404 1.1793590 1.1815727 1.1687258 2.2773574 1.1760214 1.4862099 1.3420326 1.5014270 1.4193566 1.2617347 1.6718861 1.1296138 1.4504096 1.4602499 1.4836345 1.1614714 1.1887591 1.3902141 1.0685576 1.5378844 1.5122272 1.7909385 0.2124880 0.2103513 0.0000000 0.0113643 0.0849929 0.0755103 0.0755103 0.0653699 0.0676798 0.0755103 0.0761894 0.1060917 0.0924400 0.0560240 0.1078010 0.1313166 0.2122360 1.5231781 1.4339465 1.7260506 1.7468907 1.8349917 1.4615761 1.6482283 1.8027707 1.8428265 1.6954045 1.3290589 
Mertsp_Mesp_sb581365                              1.5168253 1.5738735 1.5350055 1.4875759 1.3527783 1.5796762 1.2315729 1.2314454 1.3555138 1.2825072 1.4135571 1.3719009 1.4203705 1.1565398 1.1622498 1.1870744 1.1491134 1.1570304 1.1452329 2.2773574 1.1760214 1.4270072 1.3130313 1.4378447 1.3641855 1.2517060 1.5629623 1.1296138 1.4571956 1.5918624 1.6138654 1.1614714 1.1887591 1.3856556 1.0685576 1.4854722 1.4703744 1.7273217 0.2083577 0.2085290 0.0113643 0.0000000 0.0848435 0.0762978 0.0695982 0.0653699 0.0676798 0.0826209 0.0641576 0.1003539 0.0924400 0.0592264 0.1120626 0.1250962 0.2122360 1.4472993 1.4240247 1.6657671 1.6795631 1.7505434 1.4722976 1.6185573 1.7448919 1.7756715 1.6210702 1.3290589 
Coemet_Cmet_scaffold7132_01                       1.5322049 1.5866218 1.5369195 1.5152376 1.3497389 1.5655392 1.2428394 1.2085776 1.2899741 1.3210045 1.3458393 1.3488877 1.4579018 1.2012710 1.1982278 1.2334382 1.1936848 1.2025015 1.1902986 2.4706797 1.2226797 1.4636415 1.3507829 1.4860546 1.4151578 1.2963863 1.5724861 1.1254482 1.4813927 1.6340516 1.6529557 1.1921151 1.2168920 1.4536573 1.1155517 1.5078920 1.5160440 1.7581203 0.2665706 0.2668023 0.0849929 0.0848435 0.0000000 0.0000010 0.0000010 0.0078566 0.0123003 0.0082692 0.0914877 0.1516228 0.1256954 0.1015180 0.0802529 0.1629584 0.2343873 1.4504513 1.4371236 1.6613241 1.6911778 1.7561304 1.4673355 1.6524641 1.7163565 1.7456144 1.6090197 1.3578502 
Coeast_Cast_sb804280                              1.5322049 1.5866218 1.5199916 1.4815469 1.3487790 1.5440303 1.2415785 1.1971728 1.2822763 1.2948851 1.3383015 1.3281669 1.3892818 1.2012710 1.1982278 1.2334382 1.1936848 1.2025015 1.1902986 2.4706797 1.2226797 1.4630327 1.3507829 1.4599430 1.3897011 1.2963863 1.5366948 1.1254482 1.4394708 1.6430657 1.6150824 1.1921151 1.2168920 1.4536573 1.1155517 1.5078920 1.5160440 1.7581203 0.2484475 0.2484475 0.0755103 0.0762978 0.0000010 0.0000000 0.0000010 0.0078566 0.0123003 0.0082692 0.0800456 0.1396941 0.1256954 0.1015180 0.0694040 0.1629584 0.2343873 1.4047319 1.4217818 1.6613241 1.6359513 1.6936139 1.4673355 1.5978370 1.6937751 1.7456144 1.5793347 1.3578502 
Coeast_Cast_sb804282                              1.5222249 1.5713304 1.5309695 1.4416243 1.3102808 1.5194181 1.2108596 1.1788253 1.2570818 1.2578805 1.3321397 1.3067896 1.3871845 1.2085341 1.2053767 1.2419805 1.2006622 1.2098277 1.1971406 2.4706797 1.2226797 1.4730794 1.3507829 1.4792883 1.4057208 1.2855544 1.5679452 1.1254482 1.4138769 1.6031013 1.5614453 1.1921151 1.2168920 1.4302070 1.1155517 1.5195419 1.5225683 1.7730525 0.2416830 0.2416830 0.0755103 0.0695982 0.0000010 0.0000010 0.0000000 0.0078566 0.0123003 0.0054967 0.0735393 0.1311592 0.1256954 0.1015180 0.0567654 0.1629584 0.2343873 1.4054850 1.4021467 1.6594451 1.6335645 1.6931153 1.4673355 1.5857269 1.7326136 1.7791083 1.5887854 1.3578502 
Coeast_Cast_sb804288                              1.2743508 1.3683964 1.3434335 1.2568465 1.1347756 1.3563803 1.0571839 1.0205477 1.1677455 1.0924990 1.1592549 1.2127616 1.3842069 1.1499230 1.1444024 1.1800874 1.1313929 1.1631338 1.1464353 2.3921346 1.0863376 1.1272075 1.2565621 1.3885792 1.2776558 1.0893542 1.4568081 1.1486120 1.3071125 1.2697856 1.2635038 1.1921151 1.2302987 1.2194704 1.1155517 1.3058899 1.2676106 1.7134953 0.2269189 0.2269189 0.0653699 0.0653699 0.0078566 0.0078566 0.0078566 0.0000000 0.0078566 0.0078566 0.0696326 0.1252884 0.1256954 0.1004932 0.0607236 0.1333267 0.2222756 1.2737034 1.1668279 1.6486745 1.6209380 1.7068004 1.4565823 1.4796952 1.5605411 1.6308191 1.4164535 1.4637728 
Coeast_Cast_sb804286                              1.4385837 1.4840405 1.4707404 1.3486575 1.2258007 1.4237996 1.1308589 1.0981465 1.1672275 1.1899661 1.2399330 1.2365276 1.3216377 1.1187276 1.1143551 1.1424178 1.1103817 1.1235436 1.1104088 2.4706797 1.2226797 1.4654992 1.3275950 1.4762707 1.3950894 1.1992610 1.5773111 1.1254482 1.3496570 1.3927392 1.3774844 1.1921151 1.2168920 1.3493873 1.1155517 1.4541692 1.4782549 1.6624679 0.2402398 0.2402398 0.0676798 0.0676798 0.0123003 0.0123003 0.0123003 0.0078566 0.0000000 0.0123003 0.0810164 0.1247000 0.1256954 0.0935259 0.0700988 0.1500499 0.2328606 1.4465619 1.3867950 1.7347023 1.7046345 1.7835586 1.4565823 1.6084812 1.7530153 1.8049807 1.6013698 1.3578502 
Coeast_Cast_sb804283                              1.5387186 1.5776896 1.5476865 1.4660587 1.3408530 1.5459476 1.2241402 1.2175330 1.2874072 1.2946744 1.3538133 1.3214485 1.4203930 1.2454033 1.2421999 1.2796623 1.2374112 1.2468047 1.2337913 2.4706797 1.2226797 1.5070462 1.3624119 1.5148094 1.4396284 1.3317113 1.6188096 1.1254482 1.4525444 1.5607213 1.5411371 1.1921151 1.2168920 1.4862542 1.1155517 1.5536381 1.5461242 1.8375670 0.2587306 0.2587306 0.0755103 0.0826209 0.0082692 0.0082692 0.0054967 0.0078566 0.0123003 0.0000000 0.0865377 0.1458720 0.1256954 0.1016334 0.0662497 0.1629584 0.2343873 1.4552024 1.4466231 1.7055263 1.6787270 1.7453992 1.4779888 1.6213385 1.7440014 1.7908429 1.6141493 1.3578502 
Lampan_Lpan_223_01                                1.4987899 1.5567226 1.5179472 1.5040959 1.3129487 1.5743225 1.2435854 1.2225768 1.3452299 1.3218413 1.3897685 1.3566726 1.4286019 1.2165191 1.2134518 1.2483977 1.2088701 1.2051904 1.1929066 2.4278195 1.2105723 1.4208999 1.3441326 1.4321511 1.3585401 1.2723852 1.5279287 1.1282905 1.4349395 1.6334707 1.6425830 1.1553655 1.1976053 1.4062662 1.0694225 1.5048015 1.4949680 1.7766712 0.2213875 0.2175354 0.0761894 0.0641576 0.0914877 0.0800456 0.0735393 0.0696326 0.0810164 0.0865377 0.0000000 0.1044713 0.0964811 0.0665478 0.1164046 0.1232116 0.2085979 1.4531007 1.4299428 1.6943241 1.6819446 1.7512565 1.4856243 1.6289252 1.7096156 1.7369165 1.6198431 1.3553532 
Mlei_ML0033.g6.i1                                 1.5163036 1.5225796 1.5000203 1.4886012 1.3282353 1.5653926 1.2302898 1.2628098 1.3503408 1.3090324 1.3811854 1.3837831 1.4385306 1.1708624 1.1672938 1.2016886 1.1835250 1.1597056 1.1478478 2.2942559 1.1403533 1.4241804 1.3138336 1.4121730 1.3394690 1.2350750 1.5386985 1.1686206 1.4626484 1.5870228 1.5998573 1.2259062 1.1838417 1.4004223 1.1074435 1.4322841 1.4421456 1.6820135 0.2151259 0.2112875 0.1060917 0.1003539 0.1516228 0.1396941 0.1311592 0.1252884 0.1247000 0.1458720 0.1044713 0.0000000 0.0000010 0.0730743 0.1723547 0.1008136 0.2370185 1.4400480 1.3801839 1.7081646 1.7149824 1.7943703 1.4868827 1.6583044 1.8431059 1.8365710 1.6915047 1.4201672 
Vmul_sbMO403385                                   1.1212340 1.2402906 1.2517727 1.2478368 1.0734544 1.1859403 1.0065740 1.0740740 1.1934603 1.0885010 1.2077426 1.2323503 1.4527471 1.0403464 1.0338246 1.0677037 1.0482421 1.0259324 1.0259324 2.1944351 1.0126914 1.0770890 1.2076288 1.3573927 1.2073598 1.0513374 1.4716581 1.0998959 1.2294390 1.1504867 1.1467670 1.2259062 1.1905055 1.1351843 1.1074435 1.1943964 1.1578696 1.7382527 0.2326394 0.2326394 0.0924400 0.0924400 0.1256954 0.1256954 0.1256954 0.1256954 0.1256954 0.1256954 0.0964811 0.0000010 0.0000000 0.0737820 0.1634679 0.0907682 0.2044303 1.0991522 1.0246989 1.6542817 1.6585389 1.8068061 1.4764035 1.5818527 1.7670115 1.8055104 1.5308363 1.5132073 
Beraby_Baby_sb324505                              1.2891330 1.3569028 1.3524037 1.2669521 1.2074657 1.4118991 1.0549702 1.0624017 1.2003388 1.1092147 1.1755523 1.2117839 1.2559089 1.0437996 1.0395200 1.0666572 1.0338982 1.0212249 1.0087413 2.3259128 1.1538690 1.3368684 1.2058518 1.3292387 1.2569572 1.0952403 1.4518905 1.1400938 1.2600946 1.2206317 1.2108716 1.1851579 1.1693020 1.1972416 1.1183375 1.3339986 1.3074112 1.5627599 0.1732930 0.1732930 0.0560240 0.0592264 0.1015180 0.1015180 0.1015180 0.1004932 0.0935259 0.1016334 0.0665478 0.0730743 0.0737820 0.0000000 0.1362111 0.0805637 0.1798189 1.3808991 1.3089605 1.7016532 1.6860871 1.7664318 1.5097363 1.5534628 1.7071881 1.7320168 1.5846192 1.3784321 
Vmul_Simscaffold6289_01                           1.5334215 1.5712809 1.5308617 1.4779299 1.3335074 1.5903230 1.2538536 1.1879463 1.3223240 1.3135098 1.3487545 1.3924947 1.4540273 1.2081260 1.2050928 1.2282987 1.2005639 1.1975511 1.1854293 2.4249430 1.2094319 1.4785524 1.3408318 1.4671773 1.3906007 1.3058277 1.5700536 1.1204024 1.4778682 1.6612464 1.6686397 1.2131848 1.2293263 1.4672774 1.0915219 1.5042979 1.5481082 1.7558549 0.2658735 0.2617660 0.1078010 0.1120626 0.0802529 0.0694040 0.0567654 0.0607236 0.0700988 0.0662497 0.1164046 0.1723547 0.1634679 0.1362111 0.0000000 0.1894327 0.2300116 1.4785712 1.4121054 1.7006969 1.7188678 1.7932236 1.5629687 1.6461033 1.7610500 1.7954774 1.6295959 1.3741052 
Drygla_Dgla_sb285406                              1.5371695 1.5488765 1.5301273 1.3577168 1.2857689 1.5085252 1.2092687 1.2045524 1.3472784 1.2379630 1.3049296 1.2742067 1.3874550 1.2478101 1.2542503 1.2830933 1.2396256 1.2313498 1.2180965 2.5287265 1.2011810 1.4503201 1.3697368 1.4409959 1.3697104 1.3005069 1.5490187 1.1874526 1.4637258 1.5021538 1.4793722 1.2261966 1.1992693 1.4297593 1.1489923 1.5596546 1.5434149 1.8294386 0.2136069 0.2136069 0.1313166 0.1250962 0.1629584 0.1629584 0.1629584 0.1333267 0.1500499 0.1629584 0.1232116 0.1008136 0.0907682 0.0805637 0.1894327 0.0000000 0.2484353 1.4728893 1.4028927 1.7397351 1.7148012 1.8112736 1.5351703 1.6112688 1.8659466 1.8494057 1.6901162 1.4134047 
Eupdun_Edun_sb10618299                            1.3799873 1.4491546 1.4162851 1.3643040 1.2328975 1.4419625 1.1819356 1.1380051 1.2328413 1.1993286 1.2025209 1.2532104 1.3942659 1.1584046 1.1535374 1.1792476 1.1480762 1.1506522 1.1377523 2.3176645 1.1794004 1.4055658 1.2778947 1.3787831 1.2904890 1.1477221 1.5271859 1.1229584 1.3465547 1.4033757 1.3880485 1.2291620 1.2162745 1.3204092 1.0807484 1.5296706 1.4844368 1.7055271 0.3008281 0.3008281 0.2122360 0.2122360 0.2343873 0.2343873 0.2343873 0.2222756 0.2328606 0.2343873 0.2085979 0.2370185 0.2044303 0.1798189 0.2300116 0.2484353 0.0000000 1.5094297 1.3496593 1.7618481 1.7351866 1.8183321 1.5412109 1.6173581 1.7994310 1.8079438 1.7362991 1.3915584 
Opea_EP00118_Oscarella_pearsei_P026742            1.1903547 1.2441053 1.2744124 1.4468250 1.2477630 1.3628237 1.1702504 1.2438694 1.2324471 1.2615377 1.3360044 1.2904317 1.2309324 1.0995720 1.1088951 1.1226771 1.1174436 1.1098284 1.1054739 1.5770382 1.1893290 1.3068890 1.2585048 1.2588417 1.1980537 1.2070433 1.5003371 1.1387723 1.3212885 1.5537094 1.5543908 1.0936795 1.1811314 1.3196614 1.2682318 1.3357138 1.3474382 1.6218292 1.4432085 1.4484565 1.5231781 1.4472993 1.4504513 1.4047319 1.4054850 1.2737034 1.4465619 1.4552024 1.4531007 1.4400480 1.0991522 1.3808991 1.4785712 1.4728893 1.5094297 0.0000000 0.5411534 1.1924613 1.2096163 1.2799612 1.2095644 1.2212939 1.4489097 1.4385967 1.3354399 1.2898352 
