72
Lcom_lcpid200382                                                  0.0000000 0.0661896 1.4755328 1.6089295 1.7042331 0.0000010 0.0000010 1.8501310 1.2478774 0.0000010 1.4772759 1.4493402 1.1841429 1.7798294 1.7391994 1.2026445 1.6549264 2.3167635 1.4962070 0.0000010 1.2054335 0.9348503 0.9452626 0.7259049 1.9339313 1.5405840 0.0000010 1.2605142 1.0905001 1.3137326 1.4072608 1.2130289 1.2130289 1.4697634 1.4625859 1.7656445 1.5487926 1.9702333 1.4002537 1.5358424 1.0655236 1.0759448 1.6380758 2.0654638 0.0000010 1.6884187 2.6044588 1.4974616 2.0215160 1.9355160 0.8664652 1.0614213 0.0000010 2.0649032 1.4744252 1.4222987 1.4738836 1.4588200 1.4553461 1.4553461 1.4925837 0.0000010 1.4726558 1.6481752 2.7706649 1.1880956 1.4188203 1.8077174 2.5600138 1.2130289 2.9488194 2.4165278 
Lcom_lcpid122775                                                  0.0661896 0.0000000 0.7621340 0.8354345 0.8572150 0.5378976 0.7729646 0.8435325 0.8878085 0.7556197 0.9139751 0.9069623 0.8917039 1.0847568 1.2528567 0.7398918 0.8363804 1.0202983 0.7904508 0.4711747 0.7298743 0.4481255 0.4367512 0.4414668 0.9213767 0.8172523 0.9041901 0.8783428 0.8214776 0.5766353 0.8282738 0.6266241 0.6078164 0.8498495 0.9530015 0.9794444 1.0515537 0.8422444 0.8566485 0.9222560 0.7990171 0.8356885 0.7891612 0.9943445 0.8631562 0.9473605 1.1463053 0.9593937 1.0894554 0.8989355 0.6551852 0.7248098 1.3444739 1.0999265 0.9216081 0.9113683 0.9263107 0.9337395 0.9385113 0.9377490 0.7773694 1.8790964 1.0356164 1.0871748 1.4149898 1.0532545 1.3599994 2.0977095 1.2837255 1.3329970 2.0600340 1.5644320 
Emue_Em0008g946a.t1                                               1.4755328 0.7621340 0.0000000 0.1835663 0.6755925 0.4109034 0.3276802 0.9257821 1.0220631 0.7145054 0.9566460 0.8803291 0.9600039 0.9674972 1.1147034 0.6721899 1.0267166 0.9943692 0.9837001 0.4982132 0.6088555 0.7169141 0.7668939 0.4739314 0.9574422 0.7740660 0.5342529 0.8126780 0.7287119 0.6502605 0.7976803 0.5834577 0.5743945 0.7062448 0.7673922 1.0220081 0.8115037 0.7735770 0.9117697 0.9436871 0.6768452 0.6459630 0.9051698 0.9608406 0.7131503 1.0632520 1.0569011 0.8050116 1.0771057 0.9511541 0.7526902 0.8001330 1.1982916 0.9083991 0.9801132 0.9540628 0.9589078 1.0149149 1.0435710 1.0427250 0.9342312 1.2213122 0.9456265 1.2427165 1.2850762 1.0946522 1.5471276 2.3543567 1.0643541 1.4434663 2.3819015 1.8323962 
Spolac_c96137_g1_i1_m.12619c96137-g1                              1.6089295 0.8354345 0.1835663 0.0000000 0.7821818 0.3796000 0.2694920 0.9483988 1.1652472 0.6878060 0.9630986 0.9379664 0.9825607 1.0617930 1.2330862 0.7742633 1.1194619 1.0020193 0.9912898 0.5469736 0.7110247 0.8618156 0.8424046 0.5107964 0.9783937 0.7693947 0.5519885 0.8042107 0.7587955 0.7586823 0.7557842 0.6407142 0.6453620 0.7315441 0.7800454 0.9943697 0.7968625 0.9621262 0.9035922 0.9881234 0.8311835 0.7294321 1.0029879 1.0867735 0.7622250 1.0505942 1.1438105 0.8380757 1.1829398 1.0532160 0.7591906 0.8034852 1.2049047 1.1390027 1.1479622 1.1045367 1.1096677 1.1238302 1.2112654 1.2103237 1.0234323 1.1488595 1.1699525 1.4358157 1.4806629 1.2478326 1.9490469 2.7525179 1.1616853 1.5676267 2.2315123 2.3419424 
Tetwil_g3076.t1                                                   1.7042331 0.8572150 0.6755925 0.7821818 0.0000000 0.2389962 0.3459421 0.6288506 1.0435152 0.4277242 0.7961155 0.9238606 0.7822229 0.9191113 1.1428322 0.7268486 0.8864606 0.8298618 0.8347143 0.5988276 0.7077527 0.8728434 0.8653248 0.5386705 0.7127188 0.5997467 0.6160462 0.7308951 0.6175746 0.5571411 0.7852259 0.4988343 0.5073821 0.7860382 0.8874331 0.7635570 1.0139485 0.7578821 0.9474841 0.8861163 0.7391185 0.7382064 0.7597457 0.9925073 0.7279850 0.8867820 1.0131269 1.0868754 1.1972796 1.0452501 0.8376658 0.9032625 1.0688909 1.1662831 1.0379402 1.0237207 1.0460486 0.9730815 1.0490844 1.0482638 0.8977820 1.0381336 1.1917344 1.1783536 1.7490023 1.4452671 2.3194035 2.1516896 1.1935644 1.3079978 1.9845068 1.5879780 
Stycar_maker-SC_scaffold7553-snap-gene-0.10-mRNA-1                0.0000010 0.5378976 0.4109034 0.3796000 0.2389962 0.0000000 0.1156768 0.3356002 0.8120570 0.5108950 0.5555153 0.4774889 0.5219154 0.5111213 1.0308935 0.5810256 0.6403499 0.5221129 0.5484731 0.7056710 0.5351488 0.5358598 0.6551070 0.6468551 0.3748751 0.4075809 0.6014091 0.6187830 0.6740265 0.8226117 0.7483984 0.6205367 0.5650933 0.8640547 0.8337112 0.4244958 0.8929506 0.3916893 0.9581461 0.6537804 0.6312589 0.6274211 0.4878047 0.6001923 0.8664985 0.4402791 0.6234703 0.6669751 0.8611437 0.6859221 0.7258608 0.7941639 1.1814013 0.8752868 0.7026105 0.7119652 0.7119652 0.7491567 0.7406739 0.7390350 0.6993107 0.9246820 2.4468110 0.8235574 3.3541232 3.3541232 0.0000010 3.9988728 0.8145669 6.4485224 0.0000010 0.0000010 
Stycar_maker-SC_scaffold141872-snap-gene-0.3-mRNA-1               0.0000010 0.7729646 0.3276802 0.2694920 0.3459421 0.1156768 0.0000000 0.6283290 0.8580219 0.8524954 0.7603055 0.7669154 0.5737539 0.6881548 0.6440916 0.8839710 1.4147079 1.0399398 1.0536711 0.7487662 0.6573691 0.5571961 0.6012910 0.8209022 0.7185043 0.5139965 0.7391498 0.7902444 0.7391498 1.2955260 0.9386323 0.8543005 0.6670185 1.0930166 1.3765217 0.0000010 1.1838627 0.4789842 1.3382139 1.0143966 0.8475092 1.0120329 1.0886018 1.0248718 0.8905213 0.7648906 0.7661851 0.6852231 1.0920427 1.2428457 1.2594227 1.3791235 1.3043204 1.1425961 1.5333588 1.4446317 1.4446317 1.5601671 1.6051450 1.5974390 1.1972100 0.9910679 1.7891307 3.6290232 8.9999981 8.9999981 0.0000010 7.5809267 0.8528829 8.9999986 0.0000010 0.0000010 
Spur_XM_030989665.1                                               1.8501310 0.8435325 0.9257821 0.9483988 0.6288506 0.3356002 0.6283290 0.0000000 1.0193661 0.4584146 0.7498811 0.8657742 0.8928458 0.8675998 1.1766029 0.6656341 0.8835817 0.8251751 0.7436028 0.5876586 0.7934314 0.9028824 0.9540410 0.5001038 0.5076016 0.6679520 0.4837645 0.7009393 0.5707309 0.5587394 0.7779003 0.5539339 0.5828878 0.8002278 0.9147450 0.8567260 0.9673462 0.8574590 0.9326053 0.7873265 0.8006544 0.8363719 0.7421118 0.8297135 0.5104589 0.9180518 0.9526257 0.9845947 1.0715493 0.8998841 0.8611573 0.9196695 0.9693258 1.2204233 0.8156429 0.8883519 0.9076572 0.9719183 1.1534773 1.1528051 1.0404191 1.2352799 1.1075730 1.4172715 1.6288202 1.4846331 1.6672714 1.9659361 1.5285508 1.5250536 1.9035960 1.5515845 
Fspp_ffun1.m4.16899.m1                                            1.2478774 0.8878085 1.0220631 1.1652472 1.0435152 0.8120570 0.8580219 1.0193661 0.0000000 0.0709724 0.3962468 0.3593044 0.3471942 0.4272500 0.4292137 0.5014071 0.9680347 0.8635145 0.7216336 0.4455539 0.8442695 0.9980844 1.0867223 0.7643873 0.8451033 0.8440418 0.8238137 0.7768968 0.7948092 0.7417414 0.8389949 0.5492735 0.5910460 0.8083556 0.8904495 0.6982960 1.1058501 0.9958516 1.0473119 0.9869973 0.7140269 0.8697157 0.9242518 0.7547363 1.0420914 1.0187599 1.0412020 1.0822920 1.4219259 0.9429352 0.9282362 0.9728034 1.0106356 1.0915616 1.0025028 1.0386429 1.0523801 1.1245084 1.2032313 1.2020885 0.8200082 1.8976636 0.2210763 1.2668478 1.0188866 1.1412253 1.1654742 1.0238855 1.2855726 1.7244275 1.7919560 1.4604297 
Gasp_gasp1.m3.19098.m1                                            0.0000010 0.7556197 0.7145054 0.6878060 0.4277242 0.5108950 0.8524954 0.4584146 0.0709724 0.0000000 0.2178432 0.2617009 0.2800963 0.2589884 0.5983966 0.3918808 0.5834156 0.4119431 0.4104844 0.4536961 0.5776741 0.8142759 0.8292361 0.7381119 0.3699975 0.5358578 0.6042206 0.6124104 0.7238930 0.7221466 0.7914460 0.5026962 0.5523114 0.6604896 0.7250797 0.3154888 0.8822874 0.6819586 1.1277385 0.7487672 0.6047942 0.6540881 0.5519085 0.3934710 1.0196419 0.7455167 0.5378500 0.7578348 0.9661414 0.5750848 0.8280129 0.9190882 1.0632882 0.7026916 0.6197347 0.6348714 0.6348714 0.7037131 0.7855153 0.7835537 0.8259815 1.1903256 1.7891307 0.9499166 3.6471954 3.6471954 0.0000010 8.9999987 0.8045317 8.9999989 0.0000010 0.0000010 
Spis_XP_022790862_1                                               1.4772759 0.9139751 0.9566460 0.9630986 0.7961155 0.5555153 0.7603055 0.7498811 0.3962468 0.2178432 0.0000000 0.3574571 0.2320297 0.3487668 0.4834812 0.6291093 0.8939246 0.7421208 0.6528324 0.5737417 0.7562253 1.0688714 1.1305498 0.6546000 0.7178761 0.7650509 0.7594397 0.8119644 0.8129120 0.6996361 0.8787411 0.5247959 0.5373592 0.7710786 0.8329035 0.7134886 0.9775486 0.8618964 0.8961372 1.0810202 0.7260704 0.6611746 0.7197462 0.7185242 1.0088016 0.9534715 0.9461445 0.8829089 1.2244070 0.7983108 0.7818829 0.7726947 0.9172927 0.7979898 0.8136578 0.8470697 0.8644822 0.8832551 0.9783694 0.9775941 1.0125318 1.2721276 0.5082224 1.0302531 1.3727937 1.2668959 1.1783188 0.9226940 1.3257209 1.4199720 1.9351237 1.5298593 
Gfas_gfas1.m1.6001.m1                                             1.4493402 0.9069623 0.8803291 0.9379664 0.9238606 0.4774889 0.7669154 0.8657742 0.3593044 0.2617009 0.3574571 0.0000000 0.3511517 0.2272263 0.3438662 0.5590680 0.7716020 0.6876969 0.5989790 0.6309451 0.7726893 0.9639076 1.0649572 0.6508792 0.7470905 0.8270000 0.7276260 0.7794120 0.7958139 0.7020578 0.7703108 0.4389948 0.4647112 0.7824014 0.9746238 0.7421007 1.0199729 0.8417067 0.9209263 1.0220091 0.7010800 0.7294359 0.7681028 0.7172108 0.8360230 0.8746016 0.9188275 0.9740087 1.2019811 0.9084150 0.8463832 0.8343452 1.2240371 0.9069932 0.8336426 0.8726095 0.8780855 0.9643764 1.0187946 1.0179858 0.8987981 1.1054207 0.3709241 0.9674202 1.3093802 1.3369388 1.0092439 0.7517516 1.1622103 1.2822472 2.1663409 1.5939663 
Pocdam_XM_027186525.1                                             1.1841429 0.8917039 0.9600039 0.9825607 0.7822229 0.5219154 0.5737539 0.8928458 0.3471942 0.2800963 0.2320297 0.3511517 0.0000000 0.3559352 0.4934503 0.6015709 0.9611883 0.7859506 0.7039310 0.6178018 0.8129050 1.0972203 1.1310417 0.6980508 0.7877301 0.8386821 0.7923535 0.8017642 0.8912597 0.7620938 0.8859044 0.5850085 0.6125413 0.8343520 0.9362136 0.7778270 1.0987846 0.8959497 0.9481432 1.0109559 0.7247705 0.6811880 0.8192619 0.7651395 1.2181927 0.8474672 1.0449666 0.9771276 1.3602762 0.8734496 0.8197437 0.8614995 1.3773911 0.9392463 0.8942920 0.9190978 0.9236106 0.8749245 0.9724099 0.9716577 1.1037347 1.0997605 0.4452021 0.9615806 1.3651000 1.2595353 0.9696637 0.8957356 1.3306587 1.5685793 1.8752804 1.8370606 
Amil_Amillepora10211-RA                                           1.7798294 1.0847568 0.9674972 1.0617930 0.9191113 0.5111213 0.6881548 0.8675998 0.4272500 0.2589884 0.3487668 0.2272263 0.3559352 0.0000000 0.0803548 0.6128615 0.8041235 0.5940200 0.5849876 0.6617920 0.8593609 1.1683625 1.1673840 0.7078031 0.7480665 0.8452082 0.8634828 0.8846969 0.9229531 0.7622224 0.8103129 0.5102440 0.5374513 0.8526191 1.0281522 0.7839388 1.0947669 1.0009732 1.0865023 1.2078512 0.7639569 0.7621137 0.8325033 0.7864670 0.9701070 0.8946255 0.8745514 1.1354017 1.4134422 0.9692557 0.8697102 0.8161361 1.1737542 0.9153423 0.8167247 0.8735729 0.8835050 0.9734430 1.1036082 1.1027119 1.1164615 1.0582416 0.4513340 1.0983394 1.4583293 1.3343676 1.1091005 0.3478731 1.2721785 1.4513437 2.2212677 1.4780835 
Adig_XM_015920872.1                                               1.7391994 1.2528567 1.1147034 1.2330862 1.1428322 1.0308935 0.6440916 1.1766029 0.4292137 0.5983966 0.4834812 0.3438662 0.4934503 0.0803548 0.0000000 0.7829517 1.1008282 0.7948443 0.7962976 0.9815345 0.9858507 1.2830103 1.3235025 0.8579194 1.0208940 1.0470706 1.3950422 1.0762020 1.2090470 1.0024021 0.9727774 0.7499050 0.7823640 1.0304300 1.2333994 1.0532282 1.3712947 1.2603396 1.2877186 1.4642373 1.0204568 1.0190995 1.0672784 0.9640295 1.0036842 1.1247988 1.0749309 1.2794137 1.6998063 1.1880932 1.0194747 1.0118474 1.1342520 1.0644831 1.0422545 1.0890188 1.1011459 1.2199503 1.3553223 1.3542269 1.0772661 2.5337149 0.4554757 1.3585183 1.5657576 1.3343324 1.1906917 0.3393469 1.4573046 1.5283634 2.3999142 1.4586039 
Nvec_v1g227987                                                    1.2026445 0.7398918 0.6721899 0.7742633 0.7268486 0.5810256 0.8839710 0.6656341 0.5014071 0.3918808 0.6291093 0.5590680 0.6015709 0.6128615 0.7829517 0.0000000 0.7464881 0.7983857 0.7687658 0.3985355 0.5967089 0.7126280 0.7351163 0.5348987 0.6278697 0.6854987 0.6774421 0.7001945 0.6442236 0.5983873 0.7588039 0.5386961 0.5668238 0.7311915 0.8508508 0.7270815 0.9247270 0.7908405 0.8982922 0.9456462 0.6757299 0.6738664 0.7277548 0.8000537 1.0103320 0.8853836 0.8954914 0.8466881 1.0214342 0.6676910 0.8088975 0.8807166 1.0964429 0.8359157 0.8107872 0.8341499 0.8480299 0.8954541 0.9549656 0.9537705 0.6754770 1.3192782 0.5662953 0.9295622 1.1642764 1.1034629 0.7464355 1.6152116 1.1611435 1.4577147 2.0123836 1.0609361 
Sanmal_Sma_024256-T1                                              1.6549264 0.8363804 1.0267166 1.1194619 0.8864606 0.6403499 1.4147079 0.8835817 0.9680347 0.5834156 0.8939246 0.7716020 0.9611883 0.8041235 1.1008282 0.7464881 0.0000000 0.4144083 0.3574596 0.6341566 0.8698130 1.0304830 0.9794278 0.6808324 0.7711475 0.8494105 0.7460406 0.8346237 0.6904834 0.6949671 0.7508001 0.6005363 0.6192486 0.8848549 0.8836923 0.7225421 0.9047494 0.9935832 0.9831451 0.8776780 0.8100408 0.6514293 0.7897292 0.9200345 0.7391974 0.9129888 0.9945042 1.0733900 1.1991449 0.8214750 0.9617747 1.0121761 1.0736195 1.0521766 0.8812627 0.8632284 0.8766702 0.8560714 1.0585716 1.0586195 0.9439956 1.1017415 0.8838298 1.1100387 1.7301157 1.3647610 2.0963219 1.7667851 1.1911638 1.4013790 2.0407716 1.5254090 
Nemnom_g13353.t1                                                  2.3167635 1.0202983 0.9943692 1.0020193 0.8298618 0.5221129 1.0399398 0.8251751 0.8635145 0.4119431 0.7421208 0.6876969 0.7859506 0.5940200 0.7948443 0.7983857 0.4144083 0.0000000 0.1808683 0.4522956 0.7577088 0.9642819 0.9354874 0.5817819 0.7293481 0.9266349 0.7419777 0.7942322 0.7200571 0.7014380 0.7467018 0.6279339 0.6271236 0.8808754 0.9132710 0.6705337 0.9495280 0.8388149 0.9333677 0.7335241 0.7527312 0.6145798 0.7798340 0.7509118 0.6298220 0.8815547 1.0394024 1.0483147 1.2465484 0.9130513 0.8183109 0.8678353 0.8367450 1.0065157 0.8483697 0.8418518 0.8357550 0.8678303 1.0861913 1.0853433 0.9820729 1.0648870 0.9528668 1.2183802 1.9202176 1.3900147 1.8285615 1.3816835 1.1683026 1.4650893 1.9571683 1.5354628 
Rhoesc_Res_016978-T1                                              1.4962070 0.7904508 0.9837001 0.9912898 0.8347143 0.5484731 1.0536711 0.7436028 0.7216336 0.4104844 0.6528324 0.5989790 0.7039310 0.5849876 0.7962976 0.7687658 0.3574596 0.1808683 0.0000000 0.4922629 0.6841620 0.8794996 0.8963900 0.6134945 0.6792939 0.8262535 0.7338771 0.8087045 0.7258665 0.7387206 0.7956665 0.6635352 0.6619081 0.8494719 0.8703614 0.7387671 0.9123324 0.8116986 0.7945213 0.7492564 0.6850352 0.5670290 0.6892450 0.7333727 0.6148107 0.8378004 0.9617361 0.9465900 1.1678666 0.7507965 0.7898584 0.8600003 0.9245345 0.9012799 0.8066373 0.8035563 0.8088129 0.8262047 0.9578369 0.9570616 0.8410560 1.0467583 0.7820913 1.1367086 1.9190616 1.2685044 1.2187576 1.2534130 1.0982412 1.5605701 1.9258250 1.5410475 
Opea_EP00118_Oscarella_pearsei_P022638                            0.0000010 0.4711747 0.4982132 0.5469736 0.5988276 0.7056710 0.7487662 0.5876586 0.4455539 0.4536961 0.5737417 0.6309451 0.6178018 0.6617920 0.9815345 0.3985355 0.6341566 0.4522956 0.4922629 0.0000000 0.4184984 0.4521272 0.4151262 0.4296070 0.6479537 0.6585328 0.8130757 0.8388410 0.9602761 0.8315543 0.8893443 0.6557792 0.5514290 0.7605824 0.6661235 0.2472674 0.7733888 0.6452285 0.7808194 0.5181774 0.6172195 0.4911773 0.5279742 0.6417155 1.0870716 0.8037348 0.7103990 0.7453452 1.0726286 0.5747438 0.7581475 0.8426407 1.1754106 0.7577265 0.8005378 0.7786288 0.7786288 0.9211439 0.8582440 0.8562419 0.5863132 1.4249687 1.7891307 0.8136505 8.9447631 8.9447631 0.0000010 6.7475039 0.7759038 8.9999989 0.0000010 0.0000010 
Plajan_Pjan_C558461_01                                            1.2054335 0.7298743 0.6088555 0.7110247 0.7077527 0.5351488 0.6573691 0.7934314 0.8442695 0.5776741 0.7562253 0.7726893 0.8129050 0.8593609 0.9858507 0.5967089 0.8698130 0.7577088 0.6841620 0.4184984 0.0000000 0.7523197 0.8158194 0.4645060 0.8224898 0.7664725 0.7094786 0.7259628 0.7445918 0.6216766 0.7376054 0.5791243 0.5532109 0.8548503 0.8030216 0.9548426 0.9146183 0.7755311 0.9751164 0.8242001 0.7242945 0.6065962 0.7966640 0.9881939 0.8308155 1.0597769 1.0836203 0.8554306 1.0745194 0.7990829 0.7010517 0.8059749 0.9197358 0.8409841 0.8389544 0.8596900 0.8596900 0.8902704 0.8422413 0.8415696 0.8206489 1.4240546 0.9193920 1.1906287 1.5997199 1.1140950 1.4869623 1.6889931 1.1294276 1.4897194 2.0992828 1.4938405 
Gracom_Gcom_scaffold11927_01                                      0.9348503 0.4481255 0.7169141 0.8618156 0.8728434 0.5358598 0.5571961 0.9028824 0.9980844 0.8142759 1.0688714 0.9639076 1.0972203 1.1683625 1.2830103 0.7126280 1.0304830 0.9642819 0.8794996 0.4521272 0.7523197 0.0000000 0.3192563 0.4187423 0.8624287 0.9284598 0.8172510 0.7605928 0.8289585 0.6158855 0.8353260 0.5964169 0.5952654 0.8067644 0.8915305 0.9626025 1.0314864 0.8259137 0.9267354 0.8033037 0.7569662 0.8246380 0.9731438 1.0150748 0.8357955 0.9462509 1.0610964 0.9439750 1.1040928 0.7755807 0.6113276 0.6772363 1.1948142 1.0129615 1.0140039 1.0104356 1.0331434 1.0812297 1.0989630 1.0980913 0.8789058 1.6361379 1.0558295 1.1697727 1.4486499 1.0506166 1.9661339 2.0494333 1.2843898 1.2962705 2.3812671 1.3114827 
Leuniv_Lniv_C804066_01                                            0.9452626 0.4367512 0.7668939 0.8424046 0.8653248 0.6551070 0.6012910 0.9540410 1.0867223 0.8292361 1.1305498 1.0649572 1.1310417 1.1673840 1.3235025 0.7351163 0.9794278 0.9354874 0.8963900 0.4151262 0.8158194 0.3192563 0.0000000 0.3020601 0.8891679 0.9136089 0.6898070 0.7329826 0.7553227 0.5297900 0.7482273 0.5646913 0.5529336 0.7462291 0.7890673 0.8156980 0.9376425 0.8481777 0.8594750 0.8673563 0.7253609 0.7559502 1.0327584 1.0437145 0.6620569 0.9225940 1.0508425 0.9905064 1.0699834 0.8934661 0.7100028 0.7407664 0.9756708 1.0454091 1.0448248 1.0414682 1.0541448 1.0761060 1.1213445 1.1204405 1.0176912 1.4027441 1.1868399 1.2523067 1.3830307 1.0948637 1.9612024 2.0689582 1.0816618 1.3314690 2.2480216 1.5880470 
Clacor_Ccor_scaffold4199_01                                       0.7259049 0.4414668 0.4739314 0.5107964 0.5386705 0.6468551 0.8209022 0.5001038 0.7643873 0.7381119 0.6546000 0.6508792 0.6980508 0.7078031 0.8579194 0.5348987 0.6808324 0.5817819 0.6134945 0.4296070 0.4645060 0.4187423 0.3020601 0.0000000 0.5009114 0.6619600 0.6379649 0.6311271 0.7838565 0.6065955 0.6578964 0.6459246 0.6676400 0.6880914 0.6792855 0.6577789 0.7849691 0.6075687 0.8104063 0.6590892 0.5544777 0.6275738 0.6972839 0.6418874 0.6889583 0.8098411 0.7089581 0.6723278 0.7875199 0.6377448 0.7132782 0.8856540 0.9858025 0.6809769 0.6921933 0.7077828 0.7077828 0.7145819 0.8340771 0.8332963 0.6037913 1.7744113 0.7287464 0.8622476 1.2332471 0.7945219 0.8783838 1.2907509 0.9393944 1.7474679 2.4467549 0.7137335 
Bralan_BLAG02001359_1                                             1.9339313 0.9213767 0.9574422 0.9783937 0.7127188 0.3748751 0.7185043 0.5076016 0.8451033 0.3699975 0.7178761 0.7470905 0.7877301 0.7480665 1.0208940 0.6278697 0.7711475 0.7293481 0.6792939 0.6479537 0.8224898 0.8624287 0.8891679 0.5009114 0.0000000 0.7394265 0.4821396 0.6291020 0.5547607 0.4805814 0.6320514 0.5538248 0.5830161 0.7113999 0.8586584 0.8192788 0.9426301 0.8052944 0.9660525 0.8606431 0.7240521 0.6734958 0.7874726 0.7873981 0.5875508 0.8813549 0.8045572 1.0026603 1.0050823 0.8591258 0.8630910 0.8450787 0.6202956 0.9702759 0.8981565 0.8669202 0.8723016 0.9561133 1.0459891 1.0451575 0.8054779 1.1442042 1.0480322 1.1943881 1.7710615 1.4119068 1.4857223 1.8289579 1.2590185 1.4311724 1.7871585 1.2999989 
Aque_Aqu2.1.35198_001                                             1.5405840 0.8172523 0.7740660 0.7693947 0.5997467 0.4075809 0.5139965 0.6679520 0.8440418 0.5358578 0.7650509 0.8270000 0.8386821 0.8452082 1.0470706 0.6854987 0.8494105 0.9266349 0.8262535 0.6585328 0.7664725 0.9284598 0.9136089 0.6619600 0.7394265 0.0000000 0.6051830 0.7893229 0.6904369 0.6530206 0.6988948 0.5929042 0.5752789 0.8318787 0.9080218 0.8456838 1.0376389 0.9416966 0.8899501 0.9389231 0.7205098 0.8010596 0.8242450 0.9352275 0.8454274 0.9702008 1.1298700 0.9602977 1.1083329 1.0940868 1.0113191 1.0387477 1.0993808 1.1959976 0.9356281 0.9189605 0.9382830 0.9423213 1.1176005 1.1162860 0.7170942 1.2018016 0.8413744 1.1450894 1.8104103 1.4250619 1.5469833 1.7965610 1.2753680 1.4698063 2.1051846 1.6896471 
Pbac_sb2658223                                                    0.0000010 0.9041901 0.5342529 0.5519885 0.6160462 0.6014091 0.7391498 0.4837645 0.8238137 0.6042206 0.7594397 0.7276260 0.7923535 0.8634828 1.3950422 0.6774421 0.7460406 0.7419777 0.7338771 0.8130757 0.7094786 0.8172510 0.6898070 0.6379649 0.4821396 0.6051830 0.0000000 0.0209959 0.0563112 0.4524906 0.4266892 0.3219689 0.3372817 0.4984938 0.4654665 0.3231841 0.4238880 0.8426442 0.6395233 0.7207926 0.6231543 0.8006165 0.8104629 0.5856459 0.6975006 0.7390920 0.5802327 0.5687460 0.7058285 0.7270504 0.8341113 0.9128401 0.8199829 0.7329180 0.8119391 0.8137614 0.8137614 0.8574235 0.9150316 0.9153739 1.0018383 1.4219444 3.2378342 0.9584389 4.3219261 4.3219261 0.0000010 3.7886902 0.8429632 5.3507335 0.0000010 0.0000010 
Horcal_Hcv1.av93.c4.g372.i1                                       1.2605142 0.8783428 0.8126780 0.8042107 0.7308951 0.6187830 0.7902444 0.7009393 0.7768968 0.6124104 0.8119644 0.7794120 0.8017642 0.8846969 1.0762020 0.7001945 0.8346237 0.7942322 0.8087045 0.8388410 0.7259628 0.7605928 0.7329826 0.6311271 0.6291020 0.7893229 0.0209959 0.0000000 0.0503308 0.3737262 0.4515103 0.4059393 0.4150021 0.6259329 0.5485343 0.5373969 0.5716130 0.8377533 0.7029250 0.8023150 0.7796313 0.9254830 0.9113148 0.7469894 0.7071369 0.8618338 0.8382800 0.7991133 0.8422792 0.8898256 0.8508464 0.9334995 0.9570571 0.9312037 0.8989306 0.8662317 0.8662317 0.8600527 0.9755347 0.9721554 0.8369509 1.4527474 0.8988612 0.8869940 1.4568301 1.0612023 1.4318774 1.4496966 1.1483854 1.2018397 1.4982658 0.1691383 
Pbac_sb2658224                                                    1.0905001 0.8214776 0.7287119 0.7587955 0.6175746 0.6740265 0.7391498 0.5707309 0.7948092 0.7238930 0.8129120 0.7958139 0.8912597 0.9229531 1.2090470 0.6442236 0.6904834 0.7200571 0.7258665 0.9602761 0.7445918 0.8289585 0.7553227 0.7838565 0.5547607 0.6904369 0.0563112 0.0503308 0.0000000 0.4778076 0.4500294 0.4088996 0.4144658 0.4942267 0.4396763 0.2252354 0.5074195 0.7635769 0.6232805 0.7875273 0.7184586 0.9035498 0.8642861 0.5993899 0.9786885 0.7386927 0.6486622 0.6982252 0.8616419 0.7488090 0.9643137 1.0598182 1.0225551 0.8505141 0.8502347 0.7980905 0.7980905 0.8473094 0.9845133 0.9846674 0.7220564 1.4381785 0.7432734 0.8660346 2.1552244 1.1690757 0.9323281 1.7472315 0.8235821 1.7684032 0.8945230 0.0000010 
Bolinf_Binf_sb1247545                                             1.3137326 0.5766353 0.6502605 0.7586823 0.5571411 0.8226117 1.2955260 0.5587394 0.7417414 0.7221466 0.6996361 0.7020578 0.7620938 0.7622224 1.0024021 0.5983873 0.6949671 0.7014380 0.7387206 0.8315543 0.6216766 0.6158855 0.5297900 0.6065955 0.4805814 0.6530206 0.4524906 0.3737262 0.4778076 0.0000000 0.1894360 0.3744244 0.3892126 0.2867361 0.3240766 0.2926483 0.5108078 0.5447108 0.5455890 0.7104365 0.7406647 0.8248554 0.7765186 0.6577198 0.6513048 0.8090509 0.7413259 0.7655985 0.9501405 0.5736016 0.9111619 0.9811939 0.6402437 0.7390746 0.6996809 0.6535180 0.6535180 0.7870692 0.7975791 0.7966003 0.6084037 1.9297190 0.5999567 0.8136166 1.4984163 1.1762217 0.9142717 2.3040222 1.0389736 1.2478893 1.2411081 0.3381738 
Mlei_ML0597.g5.i1                                                 1.4072608 0.8282738 0.7976803 0.7557842 0.7852259 0.7483984 0.9386323 0.7779003 0.8389949 0.7914460 0.8787411 0.7703108 0.8859044 0.8103129 0.9727774 0.7588039 0.7508001 0.7467018 0.7956665 0.8893443 0.7376054 0.8353260 0.7482273 0.6578964 0.6320514 0.6988948 0.4266892 0.4515103 0.4500294 0.1894360 0.0000000 0.4008372 0.4106007 0.4036997 0.4381638 0.4006562 0.5370120 0.8471114 0.6496808 0.8385548 0.8092351 0.8205721 0.9401640 0.8290918 0.5642603 0.9032382 1.0316924 0.8865939 1.0031759 0.8876170 0.8815728 0.9680961 0.5247229 1.0008023 0.8933111 0.9077333 0.9077333 1.0007440 0.9965785 0.9957092 0.8390318 1.7868007 0.8019583 0.9785866 1.4224683 1.2553460 1.2842378 1.3371490 1.2203514 1.0936888 1.7029768 0.6953405 
Eupdun_Edun_sb10625101                                            1.2130289 0.6266241 0.5834577 0.6407142 0.4988343 0.6205367 0.8543005 0.5539339 0.5492735 0.5026962 0.5247959 0.4389948 0.5850085 0.5102440 0.7499050 0.5386961 0.6005363 0.6279339 0.6635352 0.6557792 0.5791243 0.5964169 0.5646913 0.6459246 0.5538248 0.5929042 0.3219689 0.4059393 0.4088996 0.3744244 0.4008372 0.0000000 0.0080176 0.3324636 0.4150619 0.3172671 0.5432670 0.5067409 0.5227682 0.7252447 0.6189174 0.6743911 0.5519801 0.5714411 0.1495976 0.8635807 0.6338609 0.6249930 0.7017550 0.5655411 0.7080710 0.7588827 7.8285914 0.6337055 0.5322300 0.5672861 0.5672861 0.5093530 0.5767599 0.5767599 0.5599903 0.3999951 0.5743572 0.6477291 1.0471501 0.9563976 0.7217285 1.0387757 0.8942737 0.1161135 1.7517540 0.5265413 
Eupdun_Edun_sb10625105                                            1.2130289 0.6078164 0.5743945 0.6453620 0.5073821 0.5650933 0.6670185 0.5828878 0.5910460 0.5523114 0.5373592 0.4647112 0.6125413 0.5374513 0.7823640 0.5668238 0.6192486 0.6271236 0.6619081 0.5514290 0.5532109 0.5952654 0.5529336 0.6676400 0.5830161 0.5752789 0.3372817 0.4150021 0.4144658 0.3892126 0.4106007 0.0080176 0.0000000 0.3374725 0.3907229 0.3172671 0.5050328 0.4746836 0.5514959 0.7220896 0.6005487 0.6377589 0.5779702 0.5999022 0.5235276 0.8961163 0.6643041 0.6389529 0.7162482 0.5651609 0.7426783 0.7950520 5.0010412 0.6172039 0.5833882 0.5922896 0.5922896 0.5601835 0.5845610 0.5845610 0.5138529 0.3482248 0.5743572 0.6258153 1.0471501 0.9563976 0.7217285 1.0307640 0.9107503 0.1329392 1.7517540 0.5265413 
Drygla_Dgla_sb302270                                              1.4697634 0.8498495 0.7062448 0.7315441 0.7860382 0.8640547 1.0930166 0.8002278 0.8083556 0.6604896 0.7710786 0.7824014 0.8343520 0.8526191 1.0304300 0.7311915 0.8848549 0.8808754 0.8494719 0.7605824 0.8548503 0.8067644 0.7462291 0.6880914 0.7113999 0.8318787 0.4984938 0.6259329 0.4942267 0.2867361 0.4036997 0.3324636 0.3374725 0.0000000 0.4562080 0.4718780 0.5584832 0.9062202 0.6174454 0.8129343 0.7818050 0.7669534 1.0112927 0.8097383 0.5869111 1.0529026 1.0820706 0.9209926 0.9981387 0.9835641 0.9560775 0.9800480 0.7498607 1.0222619 1.0977426 1.0776901 1.0776901 1.1756333 1.2441285 1.2430783 0.8752567 1.6327370 0.7331354 1.0418772 1.5928526 1.4122075 1.1375108 1.5488447 1.2826318 0.9684523 1.9861733 0.8622105 
Beraby_Baby_sb332484                                              1.4625859 0.9530015 0.7673922 0.7800454 0.8874331 0.8337112 1.3765217 0.9147450 0.8904495 0.7250797 0.8329035 0.9746238 0.9362136 1.0281522 1.2333994 0.8508508 0.8836923 0.9132710 0.8703614 0.6661235 0.8030216 0.8915305 0.7890673 0.6792855 0.8586584 0.9080218 0.4654665 0.5485343 0.4396763 0.3240766 0.4381638 0.4150619 0.3907229 0.4562080 0.0000000 0.3838738 0.3891034 0.8865161 0.5482127 0.7791312 0.8050774 0.7268840 1.1077975 0.9715614 0.7374035 1.0845153 1.0070002 0.9644811 1.0722906 0.9224194 0.8473461 0.9389783 0.8109916 1.0375640 0.9614323 0.9743747 0.9743747 1.1268045 1.1549308 1.1495693 0.8888391 1.5040527 1.0184623 1.1498193 1.8285258 1.3413592 1.5025164 1.8766061 1.4039002 1.1070869 1.8025146 0.9106024 
Lampan_Lpan_13406_01                                              1.7656445 0.9794444 1.0220081 0.9943697 0.7635570 0.4244958 0.0000010 0.8567260 0.6982960 0.3154888 0.7134886 0.7421007 0.7778270 0.7839388 1.0532282 0.7270815 0.7225421 0.6705337 0.7387671 0.2472674 0.9548426 0.9626025 0.8156980 0.6577789 0.8192788 0.8456838 0.3231841 0.5373969 0.2252354 0.2926483 0.4006562 0.3172671 0.3172671 0.4718780 0.3838738 0.0000000 0.6064654 0.7876347 0.5341543 0.8634438 0.9091944 0.9023148 0.9069534 0.9275975 0.0000010 1.0877676 1.1080409 1.0995852 1.3089904 1.0534663 1.0655963 1.0789413 4.6485835 1.1019471 0.9784030 0.9378322 0.9378322 0.9618013 0.9872104 0.9872104 0.8116150 0.2347948 0.7135091 0.8443987 1.3500270 1.4498026 1.4242646 1.2575592 1.1745494 0.3482108 1.8230302 0.6320174 
Vmul_SimC393624                                                   1.5487926 1.0515537 0.8115037 0.7968625 1.0139485 0.8929506 1.1838627 0.9673462 1.1058501 0.8822874 0.9775486 1.0199729 1.0987846 1.0947669 1.3712947 0.9247270 0.9047494 0.9495280 0.9123324 0.7733888 0.9146183 1.0314864 0.9376425 0.7849691 0.9426301 1.0376389 0.4238880 0.5716130 0.5074195 0.5108078 0.5370120 0.5432670 0.5050328 0.5584832 0.3891034 0.6064654 0.0000000 0.9600963 0.5415827 0.9693168 0.8829023 0.8683581 1.0711162 1.0055703 0.7166974 1.1831424 1.0541295 1.0012387 1.1734043 1.1631116 0.9780855 1.0683409 1.0120011 1.1009459 1.0910777 1.0499235 1.0499235 1.0902399 1.2445384 1.2388393 1.1382087 1.5921674 1.0744746 1.3024957 1.8811630 1.4680419 1.5515001 1.9669333 1.2875261 1.3717384 2.2432270 0.9174620 
Plespi_Pspi_C603902_01                                            1.9702333 0.8422444 0.7735770 0.9621262 0.7578821 0.3916893 0.4789842 0.8574590 0.9958516 0.6819586 0.8618964 0.8417067 0.8959497 1.0009732 1.2603396 0.7908405 0.9935832 0.8388149 0.8116986 0.6452285 0.7755311 0.8259137 0.8481777 0.6075687 0.8052944 0.9416966 0.8426442 0.8377533 0.7635769 0.5447108 0.8471114 0.5067409 0.4746836 0.9062202 0.8865161 0.7876347 0.9600963 0.0000000 1.0052268 0.9734369 0.8610094 0.7468137 0.8236124 0.9944087 0.8473528 1.0815395 1.0196274 1.0440130 1.2393365 0.8177182 0.9272116 0.9072965 1.4095237 0.9914241 0.8416279 0.8299964 0.8442815 0.9124697 0.9418261 0.9410457 0.9995372 1.2175632 0.9072241 1.3161173 1.4610155 1.2224552 1.5423732 2.1635582 1.5010568 1.2076962 1.9343026 1.8463862 
Coemet_Cmet_C598213_01                                            1.4002537 0.8566485 0.9117697 0.9035922 0.9474841 0.9581461 1.3382139 0.9326053 1.0473119 1.1277385 0.8961372 0.9209263 0.9481432 1.0865023 1.2877186 0.8982922 0.9831451 0.9333677 0.7945213 0.7808194 0.9751164 0.9267354 0.8594750 0.8104063 0.9660525 0.8899501 0.6395233 0.7029250 0.6232805 0.5455890 0.6496808 0.5227682 0.5514959 0.6174454 0.5482127 0.5341543 0.5415827 1.0052268 0.0000000 0.8819645 0.8931533 0.8803535 0.9391518 0.9854757 0.7775588 1.0098598 1.1132118 0.9907545 1.2434717 1.0119069 0.8919805 0.9607968 1.0650829 1.1491100 1.1138297 1.1512820 1.1512820 1.1790253 1.2525754 1.2515501 0.9871146 1.9665073 0.8525811 1.1123859 1.8240414 1.3899363 1.6581984 2.2176408 1.4770131 1.4412018 2.1018661 1.2771619 
Chem_TCONS_00031901                                               1.5358424 0.9222560 0.9436871 0.9881234 0.8861163 0.6537804 1.0143966 0.7873265 0.9869973 0.7487672 1.0810202 1.0220091 1.0109559 1.2078512 1.4642373 0.9456462 0.8776780 0.7335241 0.7492564 0.5181774 0.8242001 0.8033037 0.8673563 0.6590892 0.8606431 0.9389231 0.7207926 0.8023150 0.7875273 0.7104365 0.8385548 0.7252447 0.7220896 0.8129343 0.7791312 0.8634438 0.9693168 0.9734369 0.8819645 0.0000000 0.7163459 0.8183196 1.0540892 0.9345606 0.5509021 0.8990372 1.0072873 1.1305581 1.2606095 1.0524558 0.8310025 0.8712125 0.8677663 1.1853609 1.1656058 1.1111111 1.0996065 1.1827741 1.2801799 1.2791662 1.0197325 1.5183702 1.1403373 1.0532455 1.9272798 1.5939400 2.5090005 2.0785815 1.5193491 1.5773980 1.4389673 2.0207822 
Dgig_XM_028550132.1                                               1.0655236 0.7990171 0.6768452 0.8311835 0.7391185 0.6312589 0.8475092 0.8006544 0.7140269 0.6047942 0.7260704 0.7010800 0.7247705 0.7639569 1.0204568 0.6757299 0.8100408 0.7527312 0.6850352 0.6172195 0.7242945 0.7569662 0.7253609 0.5544777 0.7240521 0.7205098 0.6231543 0.7796313 0.7184586 0.7406647 0.8092351 0.6189174 0.6005487 0.7818050 0.8050774 0.9091944 0.8829023 0.8610094 0.8931533 0.7163459 0.0000000 0.4103313 0.7102663 0.7249194 0.7789576 1.0138124 1.0174236 0.8712343 0.9224895 0.8493998 0.8623379 0.8826919 0.9331813 0.9403406 0.9287359 0.9339308 0.9339308 0.8742452 0.8766815 0.8759591 0.8436841 1.3605634 0.8485871 1.1512324 1.3938766 1.2213350 1.1024192 1.3588275 1.3802530 1.5637233 1.8153207 1.1637254 
Xesp_002484-T1                                                    1.0759448 0.8356885 0.6459630 0.7294321 0.7382064 0.6274211 1.0120329 0.8363719 0.8697157 0.6540881 0.6611746 0.7294359 0.6811880 0.7621137 1.0190995 0.6738664 0.6514293 0.6145798 0.5670290 0.4911773 0.6065962 0.8246380 0.7559502 0.6275738 0.6734958 0.8010596 0.8006165 0.9254830 0.9035498 0.8248554 0.8205721 0.6743911 0.6377589 0.7669534 0.7268840 0.9023148 0.8683581 0.7468137 0.8803535 0.8183196 0.4103313 0.0000000 0.5999381 0.7554897 0.7238075 1.0275146 0.9175190 0.8038706 0.9686629 0.7378339 0.8301881 0.8973406 0.5948405 0.7553261 0.7738264 0.8411952 0.8411952 0.8240141 0.8441885 0.8433806 0.7152474 1.3015009 0.8387219 1.0691042 2.2463545 1.2687267 0.8508443 1.4292924 1.1850053 1.7591055 2.2759628 1.1966103 
Morvir_scaffold8.g93.t1                                           1.6380758 0.7891612 0.9051698 1.0029879 0.7597457 0.4878047 1.0886018 0.7421118 0.9242518 0.5519085 0.7197462 0.7681028 0.8192619 0.8325033 1.0672784 0.7277548 0.7897292 0.7798340 0.6892450 0.5279742 0.7966640 0.9731438 1.0327584 0.6972839 0.7874726 0.8242450 0.8104629 0.9113148 0.8642861 0.7765186 0.9401640 0.5519801 0.5779702 1.0112927 1.1077975 0.9069534 1.0711162 0.8236124 0.9391518 1.0540892 0.7102663 0.5999381 0.0000000 0.8780805 0.8387258 1.0053272 1.1093042 1.1212230 1.3410739 0.9741284 0.8033427 0.9017082 1.0790274 1.1269400 0.7879601 0.8054560 0.8182279 0.7265555 0.8147299 0.8140492 0.9052458 1.1884282 1.0402637 1.2943583 1.6553232 1.4536782 1.4860423 1.8323179 1.3111541 1.3315350 1.9697709 1.7742883 
Cgig_XM_011432913.3                                               2.0654638 0.9943445 0.9608406 1.0867735 0.9925073 0.6001923 1.0248718 0.8297135 0.7547363 0.3934710 0.7185242 0.7172108 0.7651395 0.7864670 0.9640295 0.8000537 0.9200345 0.7509118 0.7333727 0.6417155 0.9881939 1.0150748 1.0437145 0.6418874 0.7873981 0.9352275 0.5856459 0.7469894 0.5993899 0.6577198 0.8290918 0.5714411 0.5999022 0.8097383 0.9715614 0.9275975 1.0055703 0.9944087 0.9854757 0.9345606 0.7249194 0.7554897 0.8780805 0.0000000 0.4889137 0.6550166 0.9562741 1.0124251 1.1933002 0.8306689 0.9693368 0.7832844 0.9142607 0.9612079 1.2054966 1.2528558 1.2453106 1.1867921 1.3730679 1.3720014 0.9429077 1.2734023 0.9528133 1.3794480 1.6945878 1.6230854 2.0000623 2.0117253 1.3508249 1.5287967 1.8507155 1.4197301 
Skow_XM_006825012.1                                               0.0000010 0.8631562 0.7131503 0.7622250 0.7279850 0.8664985 0.8905213 0.5104589 1.0420914 1.0196419 1.0088016 0.8360230 1.2181927 0.9701070 1.0036842 1.0103320 0.7391974 0.6298220 0.6148107 1.0870716 0.8308155 0.8357955 0.6620569 0.6889583 0.5875508 0.8454274 0.6975006 0.7071369 0.9786885 0.6513048 0.5642603 0.1495976 0.5235276 0.5869111 0.7374035 0.0000010 0.7166974 0.8473528 0.7775588 0.5509021 0.7789576 0.7238075 0.8387258 0.4889137 0.0000000 0.6829968 0.6116708 0.7449978 0.8476566 0.9664827 0.7539469 0.8044136 0.5608873 1.0618342 1.3565386 1.4479022 1.4479022 1.3173500 1.2129954 1.2090836 0.9069461 3.4776004 9.0000000 4.3307932 9.0000000 9.0000000 0.0000010 6.5378643 1.1448033 8.9999986 0.0000010 0.0000010 
Acagra_model.g2092.t1.1.5d3b8389                                  1.6884187 0.9473605 1.0632520 1.0505942 0.8867820 0.4402791 0.7648906 0.9180518 1.0187599 0.7455167 0.9534715 0.8746016 0.8474672 0.8946255 1.1247988 0.8853836 0.9129888 0.8815547 0.8378004 0.8037348 1.0597769 0.9462509 0.9225940 0.8098411 0.8813549 0.9702008 0.7390920 0.8618338 0.7386927 0.8090509 0.9032382 0.8635807 0.8961163 1.0529026 1.0845153 1.0877676 1.1831424 1.0815395 1.0098598 0.8990372 1.0138124 1.0275146 1.0053272 0.6550166 0.6829968 0.0000000 0.9775241 1.0856951 1.0649542 0.9360521 1.0288994 0.9447490 1.1608599 1.1046200 1.1522683 1.1825342 1.1825342 1.1296786 1.3935466 1.3924164 1.1700352 1.4030890 1.0826290 1.1751594 1.4271089 1.6033171 2.2627784 1.9214949 1.2011267 1.9467802 1.7812438 1.1630180 
Hsap_ENST00000323274                                              2.6044588 1.1463053 1.0569011 1.1438105 1.0131269 0.6234703 0.7661851 0.9526257 1.0412020 0.5378500 0.9461445 0.9188275 1.0449666 0.8745514 1.0749309 0.8954914 0.9945042 1.0394024 0.9617361 0.7103990 1.0836203 1.0610964 1.0508425 0.7089581 0.8045572 1.1298700 0.5802327 0.8382800 0.6486622 0.7413259 1.0316924 0.6338609 0.6643041 1.0820706 1.0070002 1.1080409 1.0541295 1.0196274 1.1132118 1.0072873 1.0174236 0.9175190 1.1093042 0.9562741 0.6116708 0.9775241 0.0000000 1.1491150 1.1366660 0.9352983 0.8558936 0.7609001 1.0757399 0.9677639 1.1745436 1.2122960 1.1879648 1.2751401 1.3652307 1.3641542 1.1493916 1.3446717 1.1397337 1.4625943 1.5113539 1.4328903 2.4069025 2.0304102 1.5178142 1.5899108 2.1060924 1.9578907 
Tcas_TC007732_001                                                 1.4974616 0.9593937 0.8050116 0.8380757 1.0868754 0.6669751 0.6852231 0.9845947 1.0822920 0.7578348 0.8829089 0.9740087 0.9771276 1.1354017 1.2794137 0.8466881 1.0733900 1.0483147 0.9465900 0.7453452 0.8554306 0.9439750 0.9905064 0.6723278 1.0026603 0.9602977 0.5687460 0.7991133 0.6982252 0.7655985 0.8865939 0.6249930 0.6389529 0.9209926 0.9644811 1.0995852 1.0012387 1.0440130 0.9907545 1.1305581 0.8712343 0.8038706 1.1212230 1.0124251 0.7449978 1.0856951 1.1491150 0.0000000 0.5195819 0.8731907 0.7880273 0.7612056 1.2658099 0.8529864 1.1979324 1.3188322 1.3407337 1.1615610 1.2572374 1.2562456 0.9744271 1.8637481 1.1810232 1.2659530 2.2339979 1.2907611 1.4803378 2.3206005 1.3927171 1.4749698 2.1492694 1.6249282 
Tcas_TC004238_001                                                 2.0215160 1.0894554 1.0771057 1.1829398 1.1972796 0.8611437 1.0920427 1.0715493 1.4219259 0.9661414 1.2244070 1.2019811 1.3602762 1.4134422 1.6998063 1.0214342 1.1991449 1.2465484 1.1678666 1.0726286 1.0745194 1.1040928 1.0699834 0.7875199 1.0050823 1.1083329 0.7058285 0.8422792 0.8616419 0.9501405 1.0031759 0.7017550 0.7162482 0.9981387 1.0722906 1.3089904 1.1734043 1.2393365 1.2434717 1.2606095 0.9224895 0.9686629 1.3410739 1.1933002 0.8476566 1.0649542 1.1366660 0.5195819 0.0000000 1.0043744 1.0043685 0.9632839 1.2567110 1.1428569 1.3048258 1.3732155 1.3451020 1.2786903 1.4061428 1.4045055 1.2295310 2.1742479 1.3883768 1.5334156 2.1906570 1.4884171 1.6621494 2.4862779 1.5042920 1.5715048 1.9993443 1.6589420 
Ctel_gnl_WGS_AMQN_CAPTEDRAFT_mRNA148645                           1.9355160 0.8989355 0.9511541 1.0532160 1.0452501 0.6859221 1.2428457 0.8998841 0.9429352 0.5750848 0.7983108 0.9084150 0.8734496 0.9692557 1.1880932 0.6676910 0.8214750 0.9130513 0.7507965 0.5747438 0.7990829 0.7755807 0.8934661 0.6377448 0.8591258 1.0940868 0.7270504 0.8898256 0.7488090 0.5736016 0.8876170 0.5655411 0.5651609 0.9835641 0.9224194 1.0534663 1.1631116 0.8177182 1.0119069 1.0524558 0.8493998 0.7378339 0.9741284 0.8306689 0.9664827 0.9360521 0.9352983 0.8731907 1.0043744 0.0000000 0.9426024 0.8393905 1.1258188 0.7462611 1.0233879 1.0910616 1.0910616 1.0705027 1.0687364 1.0613302 1.1751319 1.5005873 1.0220592 1.3721387 1.5286632 1.3725186 1.5169831 2.1283906 1.2951936 1.4079839 2.0375279 1.5587257 
