70
Emue_Em0022g563a.t1                                      0.0000000 0.0987106 0.5730226 0.5972991 0.6972300 0.7263091 0.9415373 0.8569032 0.9247329 0.8355900 0.7270296 0.6954468 0.6911922 0.7472576 1.2165243 1.1722534 1.2085452 1.2085452 1.0925014 0.9112300 0.9112300 0.9889061 0.9411220 0.7993334 0.7142323 0.7452320 0.6899794 0.6899794 0.7164841 0.6770386 0.7297492 0.7455953 0.7152147 1.7558554 0.7251184 3.1725974 0.8704226 0.7477082 0.8416625 0.7056478 0.9484450 1.2476603 1.1765388 1.0743506 1.0165694 1.7058671 1.0765772 1.0022492 0.8773054 1.3881714 1.1735802 0.8148185 0.8432804 0.8591280 0.8591280 0.8736598 0.8736598 1.1085683 1.1085683 0.0000010 0.7933740 4.9608540 3.4675078 1.2421999 2.3901064 1.4833721 0.9255803 0.0000010 9.0000000 3.8764406 
Spolac_c104470_g2_i1_m.40739c104470-g2                   0.0987106 0.0000000 1.3428218 1.3667968 1.4290636 0.9507000 1.0927012 1.2246206 1.1452345 1.1672599 1.2747055 1.3332251 1.3328557 1.5038443 1.8963615 1.6848064 1.5344914 1.5080858 1.6737040 1.5902084 1.5902084 1.5840841 1.8964385 1.3578499 1.2740637 1.5007948 1.6840065 1.6840065 1.4104840 1.2581685 1.4163255 1.3763151 1.3696593 2.1530925 1.3509210 5.7794840 1.5120226 1.3513608 1.4786211 1.4002998 1.5754134 1.5992673 1.9497989 1.4726882 1.5707362 1.8605063 1.8556932 1.9464872 1.6052362 1.6304523 1.7928356 1.8973618 1.8859688 1.8072902 1.8072902 1.6594092 1.6594092 1.8748111 1.8748111 6.8987221 1.9651011 1.7280355 1.6236411 1.3337934 0.6417092 2.7061437 2.0952780 4.8124594 3.4431299 3.8997564 
Tetwil_g4991.t1                                          0.5730226 1.3428218 0.0000000 0.8511463 1.1651595 1.3363264 1.2490209 1.4863330 1.1977117 1.2953289 1.3567343 1.2817448 1.4903360 1.2720361 1.7437844 1.6420895 1.4840416 1.4434119 1.6000127 1.6236663 1.6236663 1.5745410 1.8731529 1.4763738 1.4945301 1.4477452 1.8124260 1.8124260 1.8114948 1.4439696 1.5695289 1.6274247 1.5841079 2.2815807 1.4820824 5.5051668 1.6785915 1.3729979 1.3333756 1.1660079 1.3387570 1.8316405 1.8557606 1.3042024 1.4636161 2.2224597 1.7775794 1.8658632 1.5211642 1.6796995 1.6143308 1.6208997 1.5586545 1.5292309 1.5292309 1.7776049 1.7776049 1.3232818 1.3232818 7.4240132 1.7584846 1.5951249 1.4737540 1.5873791 2.3613090 2.4002127 2.0903802 3.8638754 2.6933697 3.1851233 
Stycar_maker-SC_scaffold137562-augustus-gene-0.19-mRNA-1 0.5972991 1.3667968 0.8511463 0.0000000 1.9023291 1.0879807 1.1715707 1.2031730 1.1829102 1.1336835 1.2157551 1.2413061 2.1049221 1.8541968 2.3132843 2.1900453 1.7022913 1.6880450 2.0775758 1.9178954 1.9178954 1.8719826 2.1075475 1.5008119 1.6367468 1.7273088 2.1344498 2.1375982 2.3007877 1.8750626 1.9794165 2.0034692 1.8927254 2.9678633 1.9294080 4.8400248 1.7906844 1.7940931 2.0583544 2.1080940 2.2465023 1.8167199 2.6383773 1.3971774 1.9994321 2.1064318 2.1896991 2.1194449 1.8814251 1.7586969 2.4564667 2.3645069 2.3669915 2.3141174 2.3825347 2.5443438 2.5350998 2.2985323 2.2985323 8.4410845 2.3166645 1.8922125 1.7807487 1.7463617 2.5992223 3.3824082 3.1517149 7.1793928 3.2872530 4.9689047 
Skow_XM_002731473.2                                      0.6972300 1.4290636 1.1651595 1.9023291 0.0000000 0.9264530 1.0706481 1.0526202 0.9148687 1.0792467 1.4778184 1.4294150 1.2750726 1.3758500 1.9494231 1.6890532 1.4233702 1.4827717 1.5651035 1.6643860 1.6643860 1.5038947 1.7305212 1.3480085 1.4300359 1.6497523 1.4133384 1.4378791 1.5001136 1.2349070 1.3819671 1.3834875 1.2689720 1.5456001 1.2603796 1.7160579 1.2749655 1.2514977 0.9665743 1.2242714 1.4522743 1.3931443 1.2849321 1.4070972 1.4527712 1.7329734 1.5193962 1.5401785 1.6345208 1.7231691 1.4898488 1.6143310 1.6204257 1.6083190 1.6572162 1.5285920 1.5321761 1.5534637 1.5534637 3.1825793 1.8941188 1.9623533 1.8405863 1.6870612 2.4811562 2.3214483 1.9413845 1.9236418 3.2582013 2.8570860 
Leuniv_Lniv_C779211_01                                   0.7263091 0.9507000 1.3363264 1.0879807 0.9264530 0.0000000 0.5578318 0.6120337 0.6249050 0.9851135 1.5726454 1.5739140 1.0105269 1.2370670 1.6346414 1.5034488 1.7110229 1.7591591 1.6822198 1.5547624 1.5547624 1.3748425 1.6378615 1.4768914 1.2582617 1.4998576 1.4320619 1.4320619 1.3723333 1.1347998 1.1755210 1.2631357 1.1873823 1.3864201 1.2286614 4.8627000 1.1489475 1.1531965 1.0856983 0.9412771 0.9691322 1.2785695 1.2729496 1.3416201 1.1211657 1.1736463 1.1731969 1.1995846 1.6745966 1.9486690 1.0398972 1.6295658 1.5748147 1.5113960 1.5113960 1.5328608 1.5328608 1.2213935 1.2213935 4.8698758 1.4626520 1.7998347 1.6583586 1.2517013 1.2804910 2.2564488 1.6710382 0.0000010 1.8707896 4.3826403 
Lcom_lcpid103496                                         0.9415373 1.0927012 1.2490209 1.1715707 1.0706481 0.5578318 0.0000000 0.6052947 0.6339234 0.9327830 1.4993767 1.8983737 1.1341024 1.3294788 2.0260241 1.7985391 1.7946758 1.8709603 1.8234671 1.7307265 1.7307265 1.5913390 1.7529653 1.6142836 1.4667400 1.7150104 1.3993519 1.3993519 1.4416070 1.2174904 1.0963659 1.1326136 1.2327204 1.1222982 1.2701750 4.6992181 1.1904220 1.2320543 1.2564761 1.0302972 1.0298392 1.5326013 1.3827553 1.6176279 1.1458154 1.2901526 1.2985837 1.2988982 1.8212991 2.0927263 1.1143493 1.6768829 1.6411171 1.5774077 1.5774077 1.6801678 1.6801678 1.1567840 1.1567840 4.2919174 1.5813613 1.5550518 1.4542428 1.4078631 1.4800550 2.8709957 1.7369008 0.0000010 2.3590882 4.3715488 
Scil_scict015001.1                                       0.8569032 1.2246206 1.4863330 1.2031730 1.0526202 0.6120337 0.6052947 0.0000000 0.6520567 1.0182983 1.6817255 1.8459063 1.2328747 1.2715452 1.7937513 1.7035132 1.5962979 1.5382518 1.7269011 1.6564015 1.6564015 1.5472220 1.7547251 1.4885018 1.4312701 1.6743436 1.5658903 1.5658903 1.5478077 1.0998601 1.2366378 1.2700019 1.1336809 1.5736383 1.1442235 2.6692417 1.1599740 1.3479556 1.1416638 1.2715520 1.2512125 1.5010530 1.4960525 1.6070123 1.0741546 1.5054887 1.3838837 1.3330995 1.8081907 1.9886386 1.3130125 1.5439882 1.5054280 1.4829413 1.4829413 1.5076838 1.5076838 1.4766040 1.4766040 5.1951222 1.6441755 1.7606887 1.6279246 1.2804022 1.6443353 2.4649082 1.7154344 0.8244820 2.7988540 3.7197372 
Gracom_Gcom_scaffold16821_01                             0.9247329 1.1452345 1.1977117 1.1829102 0.9148687 0.6249050 0.6339234 0.6520567 0.0000000 1.0415091 1.6123558 1.7773112 1.1105398 1.2530675 1.6425444 1.4912448 1.4990712 1.5496238 1.5801285 1.5085827 1.5085827 1.3985911 1.6402679 1.3343177 1.3504665 1.4403806 1.3893854 1.3893854 1.3331153 1.0815947 1.1380704 1.1991673 1.1503007 1.1450909 1.2665687 3.8805162 1.2081563 1.1214561 1.2147550 0.9290718 1.0907116 1.4797731 1.1255308 1.5729875 1.1006393 1.2414328 1.4061277 1.4019851 1.7468278 2.1301723 1.1658739 1.3025298 1.3262882 1.3563011 1.3563011 1.4059004 1.4059004 1.1467113 1.1467113 2.8742204 1.3648191 1.2513572 1.1425975 1.4035912 1.3375871 3.0973540 1.4881056 0.0000010 2.4570319 2.9478816 
Clacor_Ccor_scaffold6107_01                              0.8355900 1.1672599 1.2953289 1.1336835 1.0792467 0.9851135 0.9327830 1.0182983 1.0415091 0.0000000 1.9109971 1.7765406 1.1711087 1.0985619 1.8283520 1.5549651 1.6137823 1.6059378 1.6503066 1.4491365 1.4491365 1.4899748 1.6486644 1.3104745 1.3548309 1.5716184 1.4989114 1.4989114 1.5957524 0.9256688 0.9989139 0.9718987 1.0750289 1.2568428 1.1321068 4.4011583 1.1383781 1.3490236 1.0739997 1.0768018 0.9150486 1.7084041 1.7887790 1.1740141 1.0764529 1.3818989 1.0791070 1.2121209 1.6033048 1.7705414 1.2113451 1.6576446 1.6282923 1.6693438 1.6693438 1.7073175 1.7073175 1.3531703 1.3531703 5.1114850 1.5617137 1.6475287 1.4938917 1.3031900 1.7657303 2.3593483 1.6615225 3.4477936 2.2941235 2.9092869 
Halamb_c46407_g1_i1mm.1936                               0.7270296 1.2747055 1.3567343 1.2157551 1.4778184 1.5726454 1.4993767 1.6817255 1.6123558 1.9109971 0.0000000 0.8948821 1.4107687 1.6518484 2.0514917 1.9915332 1.6754517 1.7117877 1.9647885 2.0341181 2.0341181 1.7722256 2.2286387 1.6758253 1.6158705 1.9181858 1.6106271 1.6106271 1.5509682 1.6614740 1.7012629 1.6994218 1.6665446 2.4692850 1.6449944 3.1206686 1.6933133 1.6571209 1.5336187 1.4753059 1.6665275 1.8259308 1.6863602 1.9582399 1.5414789 2.8993805 1.6787805 1.7980816 1.7265426 1.7595633 1.7956956 1.5381595 1.5512746 1.5541400 1.5541400 1.5372644 1.5372644 1.8897261 1.8897261 6.5642593 1.7344770 2.7773107 2.5778001 2.0102606 2.2734513 2.4435834 2.3348014 0.0000010 5.2137596 3.5548972 
Aque_Aqu2.1.41305_001                                    0.6954468 1.3332251 1.2817448 1.2413061 1.4294150 1.5739140 1.8983737 1.8459063 1.7773112 1.7765406 0.8948821 0.0000000 1.4245826 1.5545131 2.2664502 2.0097197 1.5347205 1.5666786 2.0738829 2.0994003 2.0994003 1.9640453 2.4259771 1.6043016 1.4829353 1.8349358 1.6083106 1.6083106 1.7908856 1.7980787 1.9141646 1.9392331 1.8906161 2.9348390 1.8872291 3.9205961 1.8387218 1.6848770 1.8199930 1.3889191 1.7003856 1.8660422 1.7908195 1.7369869 1.6418035 2.8450957 1.7855011 1.8442991 1.9283045 1.6976202 1.5719053 1.6067904 1.5973955 1.5252808 1.5252808 1.5351961 1.5351961 1.9271720 1.9271720 8.9999987 1.7178603 3.1065166 2.8919444 1.8009276 2.1960125 2.8356207 2.1406252 0.0000010 4.4172705 3.4281869 
Acagra_model.g13446.t1                                   0.6911922 1.3328557 1.4903360 2.1049221 1.2750726 1.0105269 1.1341024 1.2328747 1.1105398 1.1711087 1.4107687 1.4245826 0.0000000 1.0877191 1.7606507 1.4285271 1.5444406 1.5322229 1.5712274 1.4802571 1.4802571 1.3170575 1.8650863 1.2372610 1.1447840 1.4317395 1.6232447 1.6572164 1.7061544 1.4886898 1.5498670 1.5498430 1.4772108 1.8863693 1.5458317 2.2971202 1.4354027 1.3348383 1.1934627 1.4623907 1.4082712 1.3497449 1.5445252 1.6477486 1.5971780 1.8454097 1.5222874 1.5885692 1.8836988 1.5681984 1.7554608 1.5162898 1.5275920 1.4695396 1.5168295 1.3648828 1.3702383 1.8294153 1.8294153 3.3407182 2.1237145 2.4108716 2.2723444 1.6342475 2.2770464 2.1041273 2.2161420 1.6959651 3.0989647 2.6982988 
Cgig_XM_011432624.2                                      0.7472576 1.5038443 1.2720361 1.8541968 1.3758500 1.2370670 1.3294788 1.2715452 1.2530675 1.0985619 1.6518484 1.5545131 1.0877191 0.0000000 1.8750008 1.7712023 1.6203146 1.6064914 1.6958345 1.7381516 1.7381516 1.6980172 2.1044743 1.5340267 1.4368154 1.6555593 1.5767624 1.5983597 1.6588248 1.3879747 1.3957220 1.4398391 1.3268597 1.5437065 1.3900041 1.9096411 1.3936543 1.2430463 1.3582703 1.4435101 1.5178160 1.7495754 1.9000626 1.2683365 1.7842733 1.8776225 1.7300431 1.7405456 1.9288436 1.7435151 1.7479437 1.7460366 1.7861610 1.6720571 1.7601036 1.5730313 1.5749872 1.8278754 1.8278754 3.5544882 2.0111341 2.2037722 2.0728821 1.7787366 2.2364980 2.5181262 2.0600510 2.1586614 2.4232838 3.0306298 
Pbac_sb2641057                                           1.2165243 1.8963615 1.7437844 2.3132843 1.9494231 1.6346414 2.0260241 1.7937513 1.6425444 1.8283520 2.0514917 2.2664502 1.7606507 1.8750008 0.0000000 0.1062687 0.6478778 0.6607868 0.4830252 0.5481496 0.5481496 0.6344722 0.8219029 0.6732748 0.6363030 0.6542429 2.0532485 2.0532485 1.9633329 1.9019574 1.7701188 1.6937003 2.0058757 2.9221496 1.9713496 4.1046212 1.8202485 1.7113402 1.7096887 1.8514281 1.7495530 1.9370851 1.7253809 1.8277503 2.0687580 2.3690949 1.5497395 1.7910175 2.0513624 1.9741937 2.1177948 2.0340580 1.9480968 2.1371662 2.1371662 1.9723342 1.9723342 1.9067536 1.9067536 5.5558918 1.9470950 2.9595845 2.7013660 1.9946810 2.5373852 2.5528488 1.9991181 0.0000010 2.1064672 2.8407353 
Horcal_Hcv1.av93.c1.g256.i1                              1.1722534 1.6848064 1.6420895 2.1900453 1.6890532 1.5034488 1.7985391 1.7035132 1.4912448 1.5549651 1.9915332 2.0097197 1.4285271 1.7712023 0.1062687 0.0000000 0.4921165 0.5048218 0.3911717 0.4337625 0.4337625 0.5187930 0.6914344 0.6304486 0.5830065 0.5289562 1.6774824 1.6774824 1.7382338 1.7761823 1.6429955 1.6144417 1.8967246 2.9148980 1.8768138 4.1046212 1.6874334 1.4874648 1.6322007 1.6865984 1.6011365 1.6769221 1.5350763 1.7249157 1.7888615 2.0319146 1.3027430 1.5326133 2.0117795 1.8279131 1.9719410 1.7744947 1.6978314 1.8242824 1.8242824 1.7798004 1.7798004 1.7881029 1.7881029 5.5558918 1.8115624 2.6425891 2.3969223 1.9860315 2.2143737 2.1954074 1.8680130 0.0000010 1.8951077 2.8407353 
Bolinf_Binf_sb1233461                                    1.2085452 1.5344914 1.4840416 1.7022913 1.4233702 1.7110229 1.7946758 1.5962979 1.4990712 1.6137823 1.6754517 1.5347205 1.5444406 1.6203146 0.6478778 0.4921165 0.0000000 0.0079256 0.1642998 0.3767063 0.3767063 0.3988274 0.6602043 0.5975891 0.5670079 0.5004495 1.4943838 1.4943838 1.5603572 1.5983324 1.5140260 1.5139068 1.7990057 3.7532181 1.7003099 2.2840395 1.6346372 1.3024652 1.4987112 1.5561948 1.5308236 1.8848726 1.2664767 1.4828554 1.5146771 2.5430845 1.2582356 1.4074700 1.7909566 1.7753936 1.8307642 1.3693794 1.3618351 1.3873665 1.3873665 1.4678984 1.4678984 1.6457312 1.6457312 0.0000010 1.6002088 2.9730602 2.5474300 1.9876175 2.3213684 1.7401033 1.6796491 0.0000010 3.0154829 3.0213187 
Mertsp_Mesp_sb558329                                     1.2085452 1.5080858 1.4434119 1.6880450 1.4827717 1.7591591 1.8709603 1.5382518 1.5496238 1.6059378 1.7117877 1.5666786 1.5322229 1.6064914 0.6607868 0.5048218 0.0079256 0.0000000 0.1409064 0.4188672 0.4188672 0.3487974 0.5671517 0.6180786 0.5881824 0.5207470 1.4003085 1.4003085 1.4376792 1.5526788 1.5125233 1.5124180 1.7460104 3.7713192 1.6503549 2.2840395 1.6439013 1.3737123 1.4960997 1.6259260 1.5398297 1.8352620 1.2275007 1.4831690 1.4897963 2.4502258 1.2751964 1.3929818 1.8200986 1.8511189 1.8684725 1.4550034 1.4648297 1.5089038 1.5089038 1.5647959 1.5647959 1.6916291 1.6916291 0.0000010 1.6377193 2.8942602 2.4861695 1.9045900 2.2238521 1.6809817 1.7042676 0.0000010 2.5660194 3.0213187 
Mlei_ML1940.g4.i1                                        1.0925014 1.6737040 1.6000127 2.0775758 1.5651035 1.6822198 1.8234671 1.7269011 1.5801285 1.6503066 1.9647885 2.0738829 1.5712274 1.6958345 0.4830252 0.3911717 0.1642998 0.1409064 0.0000000 0.3993894 0.3993894 0.3709941 0.5133064 0.5907502 0.5274839 0.5145170 1.5479128 1.5479128 1.7140274 1.6861550 1.6268924 1.6030694 1.8477148 2.8121906 1.8824163 4.3853070 1.6847157 1.3937573 1.6460132 1.6742934 1.5131067 1.8208065 1.3240967 1.5011507 1.6797680 2.3587053 1.3232157 1.4670732 2.1112772 1.8453039 1.9917166 1.6856703 1.6370705 1.6860442 1.6860442 1.6903588 1.6903588 1.7695693 1.7695693 7.1246925 1.7454332 2.6022954 2.3626292 1.8353146 2.4076427 2.0178464 1.7493331 0.0000010 1.9045962 2.9971924 
Bolinf_Binf_sb1193978                                    0.9112300 1.5902084 1.6236663 1.9178954 1.6643860 1.5547624 1.7307265 1.6564015 1.5085827 1.4491365 2.0341181 2.0994003 1.4802571 1.7381516 0.5481496 0.4337625 0.3767063 0.4188672 0.3993894 0.0000000 0.0000010 0.4567683 0.5354535 0.5187387 0.5144480 0.5365487 1.6760092 1.6760092 1.7140214 1.6352123 1.4544156 1.5139461 1.7187454 2.4152477 1.7749339 5.0093936 1.5418476 1.4694671 1.6402056 1.5792026 1.4222815 1.8019659 1.2700133 1.6414126 1.6310174 1.9645663 1.3407398 1.4599519 1.9208654 1.7235072 1.6520423 1.7113611 1.7393170 1.7344174 1.7344174 1.6618718 1.6618718 1.7604077 1.7604077 6.0491609 1.5980591 2.5218599 2.2818757 1.8732133 2.3463282 2.1297642 1.7255205 0.0000010 2.0974873 2.5984823 
Mertsp_Mesp_sb534111                                     0.9112300 1.5902084 1.6236663 1.9178954 1.6643860 1.5547624 1.7307265 1.6564015 1.5085827 1.4491365 2.0341181 2.0994003 1.4802571 1.7381516 0.5481496 0.4337625 0.3767063 0.4188672 0.3993894 0.0000010 0.0000000 0.4567683 0.5354535 0.5187387 0.5144480 0.5365487 1.6760092 1.6760092 1.7140214 1.6352123 1.4544156 1.5139461 1.7187454 2.4152477 1.7749339 5.0093936 1.5418476 1.4694671 1.6402056 1.5792026 1.4222815 1.8019659 1.2700133 1.6414126 1.6310174 1.9645663 1.3407398 1.4599519 1.9208654 1.7235072 1.6520423 1.7113611 1.7393170 1.7344174 1.7344174 1.6618718 1.6618718 1.7604077 1.7604077 6.0491609 1.5980591 2.5218599 2.2818757 1.8732133 2.3463282 2.1297642 1.7255205 0.0000010 2.0974873 2.5984823 
Beraby_Baby_sb325591                                     0.9889061 1.5840841 1.5745410 1.8719826 1.5038947 1.3748425 1.5913390 1.5472220 1.3985911 1.4899748 1.7722256 1.9640453 1.3170575 1.6980172 0.6344722 0.5187930 0.3988274 0.3487974 0.3709941 0.4567683 0.4567683 0.0000000 0.5472247 0.6454725 0.6115503 0.6409281 1.4476711 1.4476711 1.4286730 1.4126128 1.2841736 1.3186613 1.4634584 2.3086466 1.5228561 4.7496018 1.3877433 1.2909293 1.5562625 1.5840971 1.3191469 1.7690421 1.2170029 1.6022694 1.4398350 2.0432287 1.2649409 1.4001077 2.0068800 1.7224492 1.6395729 1.4678934 1.4427625 1.4347799 1.4347799 1.5913741 1.5913741 1.6140826 1.6140826 4.6132383 1.6002921 2.7424154 2.4902789 1.7582027 2.4886657 2.0497074 1.7217236 0.0000010 2.0589120 2.4596099 
Drygla_Dgla_sb282584                                     0.9411220 1.8964385 1.8731529 2.1075475 1.7305212 1.6378615 1.7529653 1.7547251 1.6402679 1.6486644 2.2286387 2.4259771 1.8650863 2.1044743 0.8219029 0.6914344 0.6602043 0.5671517 0.5133064 0.5354535 0.5354535 0.5472247 0.0000000 0.6721918 0.7466724 0.6436629 1.5403943 1.5403943 1.6584108 1.7423523 1.6133422 1.6266011 1.8346223 3.3418070 1.8628439 3.9078052 1.6326212 1.7652911 1.7757900 1.9224037 1.6421243 2.1888293 1.5033911 1.8884687 1.9163304 2.3940755 1.5845861 1.7308670 2.1649640 1.8419943 2.0287356 1.9981089 1.9968196 2.1533325 2.1533325 2.0006936 2.0006936 2.0706236 2.0706236 6.3090113 1.7553402 3.2242106 2.9328041 1.9310453 3.2571711 2.2853120 1.7826849 0.0000010 2.1315446 3.8712399 
Vmul_Simscaffold14905_01                                 0.7993334 1.3578499 1.4763738 1.5008119 1.3480085 1.4768914 1.6142836 1.4885018 1.3343177 1.3104745 1.6758253 1.6043016 1.2372610 1.5340267 0.6732748 0.6304486 0.5975891 0.6180786 0.5907502 0.5187387 0.5187387 0.6454725 0.6721918 0.0000000 0.4154721 0.5431015 1.2837608 1.2837608 1.3188118 1.4452062 1.3118780 1.2577091 1.5442397 2.5648873 1.5294206 3.5182702 1.2472776 1.3265532 1.5781620 1.2976780 1.2839503 1.7585777 1.2489085 1.5432787 1.5072995 2.1355515 1.2858545 1.3560767 1.7215595 1.5632346 1.4517272 1.6002290 1.5561133 1.6544620 1.6544620 1.6341756 1.6341756 1.6204418 1.6204418 7.1183014 1.6005928 2.6001329 2.3147567 1.6030221 2.2012874 2.1125114 1.4754541 0.0000010 1.9910508 3.4251708 
Coemet_Cmet_scaffold14156_01                             0.7142323 1.2740637 1.4945301 1.6367468 1.4300359 1.2582617 1.4667400 1.4312701 1.3504665 1.3548309 1.6158705 1.4829353 1.1447840 1.4368154 0.6363030 0.5830065 0.5670079 0.5881824 0.5274839 0.5144480 0.5144480 0.6115503 0.7466724 0.4154721 0.0000000 0.4562153 1.3554056 1.3554056 1.3345501 1.4200586 1.4376922 1.3672583 1.5163968 2.3943810 1.4519474 3.9464398 1.3283284 1.3940903 1.5070252 1.2705885 1.2028666 1.6323834 1.2176050 1.4475391 1.4332209 2.0088068 1.4837727 1.4865870 1.7357541 1.8643199 1.6368739 1.5255777 1.5054415 1.5392221 1.5392221 1.5177108 1.5177108 1.4813812 1.4813812 8.3224288 1.5843762 2.2827565 2.0584274 1.7987695 2.0346916 2.1025971 1.3000828 0.0000010 1.8037173 3.2334491 
Lampan_Lpan_C398293_01                                   0.7452320 1.5007948 1.4477452 1.7273088 1.6497523 1.4998576 1.7150104 1.6743436 1.4403806 1.5716184 1.9181858 1.8349358 1.4317395 1.6555593 0.6542429 0.5289562 0.5004495 0.5207470 0.5145170 0.5365487 0.5365487 0.6409281 0.6436629 0.5431015 0.4562153 0.0000000 1.6392293 1.6392293 1.6541985 1.5740444 1.4949018 1.4801050 1.5993457 2.5459820 1.5560503 3.3390725 1.4531495 1.5684788 1.7422152 1.5387792 1.4663658 1.8623949 1.3464892 1.6646412 1.6401269 1.8872210 1.3925404 1.4377269 1.7351247 1.6797352 1.6973482 1.6319955 1.5814785 1.6546270 1.6546270 1.6614393 1.6614393 1.7213291 1.7213291 9.0000000 1.6891744 2.2548223 2.0438377 1.9281676 2.3753075 2.0819012 1.6670138 0.0000010 1.6853558 3.2194551 
Dgig_XM_028553555.1                                      0.6899794 1.6840065 1.8124260 2.1344498 1.4133384 1.4320619 1.3993519 1.5658903 1.3893854 1.4989114 1.6106271 1.6083106 1.6232447 1.5767624 2.0532485 1.6774824 1.4943838 1.4003085 1.5479128 1.6760092 1.6760092 1.4476711 1.5403943 1.2837608 1.3554056 1.6392293 0.0000000 0.0199458 0.6100800 1.1564637 1.2639674 1.2833084 1.1939827 1.6711059 1.3987096 1.7937810 1.1258480 1.4900992 1.7536825 1.5164778 1.5104804 1.6359208 1.6503133 1.6657901 1.4872915 2.3341787 1.5938598 1.6078630 2.0357020 1.8046991 1.9719149 1.5058851 1.5412259 1.4768310 1.5281674 1.4442049 1.4574271 1.8409146 1.8409146 2.8700556 1.9589972 2.5272473 2.3827496 1.8668445 2.9631787 2.2331926 1.8688177 1.7369170 3.0403910 2.7220006 
Dgig_XM_028561095.1                                      0.6899794 1.6840065 1.8124260 2.1375982 1.4378791 1.4320619 1.3993519 1.5658903 1.3893854 1.4989114 1.6106271 1.6083106 1.6572164 1.5983597 2.0532485 1.6774824 1.4943838 1.4003085 1.5479128 1.6760092 1.6760092 1.4476711 1.5403943 1.2837608 1.3554056 1.6392293 0.0199458 0.0000000 0.6416555 1.2414500 1.3488650 1.3691236 1.2739261 1.8352329 1.4826251 2.0336346 1.2002133 1.5364806 1.8022425 1.5744245 1.5773851 1.6171237 1.7021109 1.6657901 1.5461728 2.2935014 1.5943724 1.6136947 2.0357020 1.8046991 2.0203337 1.5248790 1.5608874 1.4907817 1.5427563 1.4600177 1.4734348 1.9072581 1.9072581 3.1630486 1.9581469 2.5272473 2.3827496 1.8492937 2.9631787 2.2671125 1.8913725 1.8911022 3.0403910 2.7287860 
Xesp_014677-T1                                           0.7164841 1.4104840 1.8114948 2.3007877 1.5001136 1.3723333 1.4416070 1.5478077 1.3331153 1.5957524 1.5509682 1.7908856 1.7061544 1.6588248 1.9633329 1.7382338 1.5603572 1.4376792 1.7140274 1.7140214 1.7140214 1.4286730 1.6584108 1.3188118 1.3345501 1.6541985 0.6100800 0.6416555 0.0000000 1.2990407 1.3180113 1.3048945 1.3818631 1.8518527 1.5070947 2.1512620 1.3019144 1.6277097 1.6730261 1.6747732 1.6849611 1.4502542 1.6197921 1.5074416 1.5303651 2.2724817 1.6261041 1.7429997 1.7770972 1.7839241 1.9636710 1.4827688 1.5574820 1.6073546 1.6897102 1.3995368 1.4063767 1.9864644 1.9864644 2.7610369 2.0435875 2.4093628 2.2716264 1.8486607 2.8771806 2.2624851 1.9971964 2.0552322 3.5232535 3.3868347 
Fspp_ffun1.m4.21674.m1                                   0.6770386 1.2581685 1.4439696 1.8750626 1.2349070 1.1347998 1.2174904 1.0998601 1.0815947 0.9256688 1.6614740 1.7980787 1.4886898 1.3879747 1.9019574 1.7761823 1.5983324 1.5526788 1.6861550 1.6352123 1.6352123 1.4126128 1.7423523 1.4452062 1.4200586 1.5740444 1.1564637 1.2414500 1.2990407 0.0000000 0.2879379 0.2959574 0.3629868 0.2852503 0.5289059 0.9147183 0.8504407 1.2537391 1.2399887 1.4763416 1.3652042 1.4210615 1.6467698 1.3297385 1.2036991 1.6695698 1.2821164 1.3739268 1.3795473 1.7176144 1.6794082 1.7172090 1.7678060 1.6591201 1.7332301 1.6625056 1.6644544 1.6052912 1.6052912 3.0461235 1.7825414 1.8756560 1.7677608 1.4460919 2.0321446 2.3038455 2.0516527 1.7012796 2.6173270 3.0336584 
Pocdam_XM_027184483.1                                    0.7297492 1.4163255 1.5695289 1.9794165 1.3819671 1.1755210 1.0963659 1.2366378 1.1380704 0.9989139 1.7012629 1.9141646 1.5498670 1.3957220 1.7701188 1.6429955 1.5140260 1.5125233 1.6268924 1.4544156 1.4544156 1.2841736 1.6133422 1.3118780 1.4376922 1.4949018 1.2639674 1.3488650 1.3180113 0.2879379 0.0000000 0.0696508 0.4126435 0.4140271 0.5740460 0.9135571 0.9201354 1.1632778 1.3032965 1.4786446 1.3925857 1.4876811 1.5778727 1.4601542 1.3074477 1.6969193 1.2858342 1.4418660 1.4342076 1.7660383 1.6171837 1.7669141 1.7555476 1.7695882 1.8192541 1.7971094 1.7993175 1.6492668 1.6492668 2.6231879 1.8451923 1.7860241 1.6794323 1.5109443 2.1304515 2.3730444 2.1683044 1.6439390 2.7813526 2.8205083 
Spis_XP_022799711_1                                      0.7455953 1.3763151 1.6274247 2.0034692 1.3834875 1.2631357 1.1326136 1.2700019 1.1991673 0.9718987 1.6994218 1.9392331 1.5498430 1.4398391 1.6937003 1.6144417 1.5139068 1.5124180 1.6030694 1.5139461 1.5139461 1.3186613 1.6266011 1.2577091 1.3672583 1.4801050 1.2833084 1.3691236 1.3048945 0.2959574 0.0696508 0.0000000 0.4243105 0.4443032 0.6151243 1.0335865 0.9530209 1.2528018 1.3395097 1.5092339 1.4578950 1.4752202 1.6464803 1.4010491 1.3428424 1.8082092 1.3614360 1.4644314 1.4459157 1.6963400 1.5999268 1.7765104 1.7446426 1.7867385 1.8368929 1.7831216 1.7839682 1.7073423 1.7073423 2.6991440 1.8523638 1.8006658 1.6950021 1.5344774 2.0976788 2.3658520 2.1796006 1.7860629 2.6604675 2.8331728 
Gfas_gfas1.m1.15924.m1                                   0.7152147 1.3696593 1.5841079 1.8927254 1.2689720 1.1873823 1.2327204 1.1336809 1.1503007 1.0750289 1.6665446 1.8906161 1.4772108 1.3268597 2.0058757 1.8967246 1.7990057 1.7460104 1.8477148 1.7187454 1.7187454 1.4634584 1.8346223 1.5442397 1.5163968 1.5993457 1.1939827 1.2739261 1.3818631 0.3629868 0.4126435 0.4243105 0.0000000 0.4981178 0.4095012 0.8568005 0.8819834 1.2717695 1.2270220 1.4371180 1.3166282 1.4183643 1.6293150 1.3181567 1.2375017 1.7122094 1.4260754 1.5176860 1.2522259 1.7393118 1.5263292 1.6817584 1.6815595 1.5749399 1.6093910 1.6914504 1.6934664 1.5778305 1.5778305 2.6563235 1.8794964 1.8526966 1.7458458 1.5774945 1.8457775 2.3315986 1.8053952 1.6069835 2.8907915 2.7586186 
Gasp_gasp1.m3.22957.m1                                   1.7558554 2.1530925 2.2815807 2.9678633 1.5456001 1.3864201 1.1222982 1.5736383 1.1450909 1.2568428 2.4692850 2.9348390 1.8863693 1.5437065 2.9221496 2.9148980 3.7532181 3.7713192 2.8121906 2.4152477 2.4152477 2.3086466 3.3418070 2.5648873 2.3943810 2.5459820 1.6711059 1.8352329 1.8518527 0.2852503 0.4140271 0.4443032 0.4981178 0.0000000 0.7428827 0.7419908 0.9367367 1.6458162 1.3030122 1.7665262 1.6131731 2.1173190 1.8300710 1.4624669 1.2776144 1.6935030 1.4882687 1.6895363 2.1128948 3.1503218 1.8614898 2.3081023 2.4204790 2.1133620 2.2562365 2.0179011 2.0219266 1.9177511 1.9177511 2.8578284 2.4672724 1.8393425 1.8393425 1.8216261 2.1635319 2.9946790 2.2608192 1.7440046 3.7986702 2.5823507 
Amil_Amillepora07742-RA                                  0.7251184 1.3509210 1.4820824 1.9294080 1.2603796 1.2286614 1.2701750 1.1442235 1.2665687 1.1321068 1.6449944 1.8872291 1.5458317 1.3900041 1.9713496 1.8768138 1.7003099 1.6503549 1.8824163 1.7749339 1.7749339 1.5228561 1.8628439 1.5294206 1.4519474 1.5560503 1.3987096 1.4826251 1.5070947 0.5289059 0.5740460 0.6151243 0.4095012 0.7428827 0.0000000 0.2138767 0.9261095 1.3064854 1.1706560 1.6018843 1.3875496 1.6025771 1.6098041 1.2999753 1.3590268 1.8385404 1.5698669 1.6885650 1.2592174 1.6293724 1.7354321 1.6024519 1.6198603 1.5960722 1.6316169 1.6635668 1.6655797 1.7138714 1.7138714 2.4078509 1.8703412 2.0171816 1.9033871 1.6425797 1.9126065 2.4750859 2.0690467 1.5607577 3.0111775 2.9215142 
Adig_XM_015914246.1                                      3.1725974 5.7794840 5.5051668 4.8400248 1.7160579 4.8627000 4.6992181 2.6692417 3.8805162 4.4011583 3.1206686 3.9205961 2.2971202 1.9096411 4.1046212 4.1046212 2.2840395 2.2840395 4.3853070 5.0093936 5.0093936 4.7496018 3.9078052 3.5182702 3.9464398 3.3390725 1.7937810 2.0336346 2.1512620 0.9147183 0.9135571 1.0335865 0.8568005 0.7419908 0.2138767 0.0000000 1.3949335 2.1517299 1.6281296 2.6042174 2.1390294 2.6374938 2.0236707 4.8551791 2.4821762 7.2480688 2.0719419 2.1619168 4.9735796 2.7928507 2.8610493 2.2494526 2.2402655 2.2396896 2.3601301 2.4221117 2.4293002 2.5072223 2.5072223 2.3455355 3.5527838 4.9504020 4.9504020 3.7700070 7.1578093 2.5095536 2.4079619 1.5912134 4.9831598 2.7883832 
Nvec_v1g107214                                           0.8704226 1.5120226 1.6785915 1.7906844 1.2749655 1.1489475 1.1904220 1.1599740 1.2081563 1.1383781 1.6933133 1.8387218 1.4354027 1.3936543 1.8202485 1.6874334 1.6346372 1.6439013 1.6847157 1.5418476 1.5418476 1.3877433 1.6326212 1.2472776 1.3283284 1.4531495 1.1258480 1.2002133 1.3019144 0.8504407 0.9201354 0.9530209 0.8819834 0.9367367 0.9261095 1.3949335 0.0000000 1.5061189 1.3284043 1.4879647 1.2899235 1.4540101 1.6126256 1.3102623 1.2920412 1.7335077 1.5232790 1.6128270 1.1769443 1.8223747 1.6897939 1.6020875 1.6732914 1.5783043 1.6377688 1.6299863 1.6319932 1.6632258 1.6632258 2.7714197 1.8082166 1.8660740 1.7444660 1.3966552 2.3614548 2.4588638 2.0251786 1.7094761 2.5767973 2.9524257 
Ctel_gnl_WGS_AMQN_CAPTEDRAFT_mRNA114892                  0.7477082 1.3513608 1.3729979 1.7940931 1.2514977 1.1531965 1.2320543 1.3479556 1.1214561 1.3490236 1.6571209 1.6848770 1.3348383 1.2430463 1.7113402 1.4874648 1.3024652 1.3737123 1.3937573 1.4694671 1.4694671 1.2909293 1.7652911 1.3265532 1.3940903 1.5684788 1.4900992 1.5364806 1.6277097 1.2537391 1.1632778 1.2528018 1.2717695 1.6458162 1.3064854 2.1517299 1.5061189 0.0000000 1.3176501 1.2335125 1.4854076 1.8139134 1.6995361 1.4313776 1.6919063 2.1730824 1.8206012 1.9718431 1.6033556 1.4367643 1.3667025 1.5971867 1.5766674 1.5971032 1.5971032 1.6068688 1.6093700 1.4458993 1.4458993 1.9601155 1.6452214 2.5984853 2.4444135 1.6605547 2.3590216 2.4453861 2.1549139 1.8032093 2.4583083 2.4345928 
Bralan_BLAG06000487_1                                    0.8416625 1.4786211 1.3333756 2.0583544 0.9665743 1.0856983 1.2564761 1.1416638 1.2147550 1.0739997 1.5336187 1.8199930 1.1934627 1.3582703 1.7096887 1.6322007 1.4987112 1.4960997 1.6460132 1.6402056 1.6402056 1.5562625 1.7757900 1.5781620 1.5070252 1.7422152 1.7536825 1.8022425 1.6730261 1.2399887 1.3032965 1.3395097 1.2270220 1.3030122 1.1706560 1.6281296 1.3284043 1.3176501 0.0000000 1.4034550 1.5657224 1.6996130 1.4369651 1.2372674 1.5046772 1.8293246 1.4050896 1.5497047 1.8200961 1.7249222 1.4205117 1.7136215 1.7445309 1.6757699 1.7341042 1.5916527 1.5977654 1.7708556 1.7708556 3.0655927 2.0922989 2.1936332 2.0719821 1.6921844 2.0581858 2.2033045 1.8560124 1.6309053 3.4082842 2.4919262 
Hsap_ENST00000343788                                     0.7056478 1.4002998 1.1660079 2.1080940 1.2242714 0.9412771 1.0302972 1.2715520 0.9290718 1.0768018 1.4753059 1.3889191 1.4623907 1.4435101 1.8514281 1.6865984 1.5561948 1.6259260 1.6742934 1.5792026 1.5792026 1.5840971 1.9224037 1.2976780 1.2705885 1.5387792 1.5164778 1.5744245 1.6747732 1.4763416 1.4786446 1.5092339 1.4371180 1.7665262 1.6018843 2.6042174 1.4879647 1.2335125 1.4034550 0.0000000 1.5792372 1.3581989 1.8163405 1.3584102 1.7294901 1.9321437 1.6213195 1.6659841 1.8462056 1.6063585 1.6403626 1.8557529 1.8549922 1.8292828 1.8531778 1.9168007 1.9195058 1.6773466 1.6773466 3.8746563 1.9198319 2.4620918 2.3158487 1.3972737 2.0808551 2.6168146 2.0018409 3.3708017 3.0849993 2.9610990 
Chem_TCONS_00068778                                      0.9484450 1.5754134 1.3387570 2.2465023 1.4522743 0.9691322 1.0298392 1.2512125 1.0907116 0.9150486 1.6665275 1.7003856 1.4082712 1.5178160 1.7495530 1.6011365 1.5308236 1.5398297 1.5131067 1.4222815 1.4222815 1.3191469 1.6421243 1.2839503 1.2028666 1.4663658 1.5104804 1.5773851 1.6849611 1.3652042 1.3925857 1.4578950 1.3166282 1.6131731 1.3875496 2.1390294 1.2899235 1.4854076 1.5657224 1.5792372 0.0000000 1.5946736 1.5722177 1.5354184 1.4116220 1.5554891 1.3614055 1.4019919 1.8274495 1.5895529 1.8219822 1.9084069 2.0320159 1.8355303 1.9413209 1.7354090 1.7375758 1.8628291 1.8628291 3.5467683 2.1114864 2.5658555 2.3933213 1.1447826 2.6761862 2.5778037 2.1492484 1.0121495 2.6922264 2.6346161 
Tcas_TC006127_001                                        1.2476603 1.5992673 1.8316405 1.8167199 1.3931443 1.2785695 1.5326013 1.5010530 1.4797731 1.7084041 1.8259308 1.8660422 1.3497449 1.7495754 1.9370851 1.6769221 1.8848726 1.8352620 1.8208065 1.8019659 1.8019659 1.7690421 2.1888293 1.7585777 1.6323834 1.8623949 1.6359208 1.6171237 1.4502542 1.4210615 1.4876811 1.4752202 1.4183643 2.1173190 1.6025771 2.6374938 1.4540101 1.8139134 1.6996130 1.3581989 1.5946736 0.0000000 1.2256684 1.5287749 1.5180346 2.1932941 1.7107043 1.8047882 1.6628652 1.9184979 1.7121806 1.6115287 1.5573657 1.6934222 1.6934222 1.8188688 1.8188688 1.7737853 1.7737853 6.2242158 1.4927572 2.1571232 2.0143033 1.6246845 2.2066351 2.9168762 2.1909126 0.0000010 3.6288354 3.3583619 
Dpul_mRNA9563                                            1.1765388 1.9497989 1.8557606 2.6383773 1.2849321 1.2729496 1.3827553 1.4960525 1.1255308 1.7887790 1.6863602 1.7908195 1.5445252 1.9000626 1.7253809 1.5350763 1.2664767 1.2275007 1.3240967 1.2700133 1.2700133 1.2170029 1.5033911 1.2489085 1.2176050 1.3464892 1.6503133 1.7021109 1.6197921 1.6467698 1.5778727 1.6464803 1.6293150 1.8300710 1.6098041 2.0236707 1.6126256 1.6995361 1.4369651 1.8163405 1.5722177 1.2256684 0.0000000 2.0357658 1.8285419 2.0971559 1.9020318 1.9345720 2.0853642 1.9457708 2.1415980 1.6396831 1.6942219 1.8122539 1.8377969 1.7594909 1.7618467 2.1327647 2.1327647 3.4141269 1.8600138 2.5133084 2.3384747 1.8084579 2.2127814 2.7067366 1.8159653 2.0276986 3.8549974 3.0435986 
Spur_XM_011676340.2                                      1.0743506 1.4726882 1.3042024 1.3971774 1.4070972 1.3416201 1.6176279 1.6070123 1.5729875 1.1740141 1.9582399 1.7369869 1.6477486 1.2683365 1.8277503 1.7249157 1.4828554 1.4831690 1.5011507 1.6414126 1.6414126 1.6022694 1.8884687 1.5432787 1.4475391 1.6646412 1.6657901 1.6657901 1.5074416 1.3297385 1.4601542 1.4010491 1.3181567 1.4624669 1.2999753 4.8551791 1.3102623 1.4313776 1.2372674 1.3584102 1.5354184 1.5287749 2.0357658 0.0000000 1.4464974 1.8242512 1.5576882 1.6597951 1.7286669 1.8571063 1.6045271 1.7695543 1.7071137 1.7184007 1.7184007 1.7616209 1.7616209 1.7672738 1.7672738 7.2396156 1.3523315 1.6690962 1.5690885 1.3076001 1.9446680 3.0158651 1.9234797 8.9999989 2.6603532 3.7661645 
Morvir_scaffold86.g44.t1                                 1.0165694 1.5707362 1.4636161 1.9994321 1.4527712 1.1211657 1.1458154 1.0741546 1.1006393 1.0764529 1.5414789 1.6418035 1.5971780 1.7842733 2.0687580 1.7888615 1.5146771 1.4897963 1.6797680 1.6310174 1.6310174 1.4398350 1.9163304 1.5072995 1.4332209 1.6401269 1.4872915 1.5461728 1.5303651 1.2036991 1.3074477 1.3428424 1.2375017 1.2776144 1.3590268 2.4821762 1.2920412 1.6919063 1.5046772 1.7294901 1.4116220 1.5180346 1.8285419 1.4464974 0.0000000 1.7528741 1.4728344 1.5873843 1.5930664 1.6989024 1.9110143 1.9520361 2.0284826 1.8808032 1.9296312 1.8507375 1.8530276 1.8354016 1.8354016 3.1769334 2.2761470 2.1005206 1.9846881 1.8061127 2.4891573 2.8381985 2.1384817 1.7806214 3.8789003 3.7470007 
Aaur_scaffold394.g13.t1                                  1.7058671 1.8605063 2.2224597 2.1064318 1.7329734 1.1736463 1.2901526 1.5054887 1.2414328 1.3818989 2.8993805 2.8450957 1.8454097 1.8776225 2.3690949 2.0319146 2.5430845 2.4502258 2.3587053 1.9645663 1.9645663 2.0432287 2.3940755 2.1355515 2.0088068 1.8872210 2.3341787 2.2935014 2.2724817 1.6695698 1.6969193 1.8082092 1.7122094 1.6935030 1.8385404 7.2480688 1.7335077 2.1730824 1.8293246 1.9321437 1.5554891 2.1932941 2.0971559 1.8242512 1.7528741 0.0000000 0.8941250 0.8364342 2.0891824 3.2831164 2.2272532 2.7639630 3.1840651 2.6137461 2.9272671 2.5559470 2.5559470 2.2485836 2.2485836 7.0437690 2.4898507 1.9887993 1.9887993 1.2567885 2.2360137 4.5645983 2.7825643 5.0821777 2.9896012 5.2127335 
Rhoesc_Res_000491-T1                                     1.0765772 1.8556932 1.7775794 2.1896991 1.5193962 1.1731969 1.2985837 1.3838837 1.4061277 1.0791070 1.6787805 1.7855011 1.5222874 1.7300431 1.5497395 1.3027430 1.2582356 1.2751964 1.3232157 1.3407398 1.3407398 1.2649409 1.5845861 1.2858545 1.4837727 1.3925404 1.5938598 1.5943724 1.6261041 1.2821164 1.2858342 1.3614360 1.4260754 1.4882687 1.5698669 2.0719419 1.5232790 1.8206012 1.4050896 1.6213195 1.3614055 1.7107043 1.9020318 1.5576882 1.4728344 0.8941250 0.0000000 0.3592959 1.8684683 1.7999579 1.9766451 1.9296970 2.0106510 1.9036691 2.0070175 1.8770829 1.8846489 2.0698233 2.0698233 3.4158706 1.9914021 2.2332014 2.0779341 1.6732293 2.3960931 2.6617472 2.2565450 1.7109544 2.4012376 2.8956912 
Nemnom_g2509.t1                                          1.0022492 1.9464872 1.8658632 2.1194449 1.5401785 1.1995846 1.2988982 1.3330995 1.4019851 1.2121209 1.7980816 1.8442991 1.5885692 1.7405456 1.7910175 1.5326133 1.4074700 1.3929818 1.4670732 1.4599519 1.4599519 1.4001077 1.7308670 1.3560767 1.4865870 1.4377269 1.6078630 1.6136947 1.7429997 1.3739268 1.4418660 1.4644314 1.5176860 1.6895363 1.6885650 2.1619168 1.6128270 1.9718431 1.5497047 1.6659841 1.4019919 1.8047882 1.9345720 1.6597951 1.5873843 0.8364342 0.3592959 0.0000000 1.9873115 2.0329107 2.0075560 2.1175127 2.2243678 2.0595354 2.1724981 2.1089050 2.1005947 2.1414530 2.1414530 3.8210006 1.9766423 2.2820195 2.1234656 1.6783432 3.0079331 2.7764968 2.4170924 1.7264471 2.3136794 2.7947641 
Exapal_XM_021036349.1                                    0.8773054 1.6052362 1.5211642 1.8814251 1.6345208 1.6745966 1.8212991 1.8081907 1.7468278 1.6033048 1.7265426 1.9283045 1.8836988 1.9288436 2.0513624 2.0117795 1.7909566 1.8200986 2.1112772 1.9208654 1.9208654 2.0068800 2.1649640 1.7215595 1.7357541 1.7351247 2.0357020 2.0357020 1.7770972 1.3795473 1.4342076 1.4459157 1.2522259 2.1128948 1.2592174 4.9735796 1.1769443 1.6033556 1.8200961 1.8462056 1.8274495 1.6628652 2.0853642 1.7286669 1.5930664 2.0891824 1.8684683 1.9873115 0.0000000 1.9762454 1.8770280 1.7634407 1.9140152 1.7660504 1.8428865 1.8894085 1.8894085 2.1960039 2.1960039 9.0000000 1.6650626 2.2173218 2.0523890 1.8950261 2.2257196 2.7134723 2.2553685 4.0527200 3.2194229 5.6963586 
Lcom_lcpid189378                                         1.3881714 1.6304523 1.6796995 1.7586969 1.7231691 1.9486690 2.0927263 1.9886386 2.1301723 1.7705414 1.7595633 1.6976202 1.5681984 1.7435151 1.9741937 1.8279131 1.7753936 1.8511189 1.8453039 1.7235072 1.7235072 1.7224492 1.8419943 1.5632346 1.8643199 1.6797352 1.8046991 1.8046991 1.7839241 1.7176144 1.7660383 1.6963400 1.7393118 3.1503218 1.6293724 2.7928507 1.8223747 1.4367643 1.7249222 1.6063585 1.5895529 1.9184979 1.9457708 1.8571063 1.6989024 3.2831164 1.7999579 2.0329107 1.9762454 0.0000000 1.3312408 1.8528755 1.8606848 1.9155336 1.9155336 1.9386370 1.9386370 1.4657323 1.4657323 0.0000010 1.6462441 2.5719886 2.2515629 2.0440720 3.3040639 2.3339171 2.2891730 9.0000000 4.3035745 3.3760245 
Plajan_Pjan_C558977_01                                   1.1735802 1.7928356 1.6143308 2.4564667 1.4898488 1.0398972 1.1143493 1.3130125 1.1658739 1.2113451 1.7956956 1.5719053 1.7554608 1.7479437 2.1177948 1.9719410 1.8307642 1.8684725 1.9917166 1.6520423 1.6520423 1.6395729 2.0287356 1.4517272 1.6368739 1.6973482 1.9719149 2.0203337 1.9636710 1.6794082 1.6171837 1.5999268 1.5263292 1.8614898 1.7354321 2.8610493 1.6897939 1.3667025 1.4205117 1.6403626 1.8219822 1.7121806 2.1415980 1.6045271 1.9110143 2.2272532 1.9766451 2.0075560 1.8770280 1.3312408 0.0000000 2.3783336 2.2867767 2.2811190 2.2471211 2.1741860 2.1825095 1.2396134 1.2396134 2.4433738 2.4153983 2.1705503 2.0520239 1.8275772 2.6915735 2.7571496 2.1760560 2.8281487 2.9764891 3.4547095 
HoiH23_PlH23_003116-RA                                   0.8148185 1.8973618 1.6208997 2.3645069 1.6143310 1.6295658 1.6768829 1.5439882 1.3025298 1.6576446 1.5381595 1.6067904 1.5162898 1.7460366 2.0340580 1.7744947 1.3693794 1.4550034 1.6856703 1.7113611 1.7113611 1.4678934 1.9981089 1.6002290 1.5255777 1.6319955 1.5058851 1.5248790 1.4827688 1.7172090 1.7669141 1.7765104 1.6817584 2.3081023 1.6024519 2.2494526 1.6020875 1.5971867 1.7136215 1.8557529 1.9084069 1.6115287 1.6396831 1.7695543 1.9520361 2.7639630 1.9296970 2.1175127 1.7634407 1.8528755 2.3783336 0.0000000 0.0863043 0.1691088 0.1983860 0.3532583 0.3524654 2.3216922 2.3216922 3.2160370 2.3970613 2.7337936 2.6037160 2.2986696 3.4604664 2.4786169 2.2884398 2.3594934 4.1286966 2.5153390 
