85
Lcom_lcpid173174                                       0.0000000 1.2727879 1.5019176 1.3080609 1.2655182 0.6068998 1.2232959 1.3289286 1.2977692 1.1296229 1.0970750 1.1126161 0.6419113 1.3636008 1.1576448 1.3060315 1.0746047 1.0746047 0.0000010 1.1188572 1.0274932 1.9292477 0.9409256 1.1069337 1.1844021 1.1373750 1.2429340 0.8719393 0.9994085 1.2856593 1.0866676 0.8810832 1.4465918 1.4346517 1.5164522 1.5312100 1.3330608 1.3899354 1.3375889 1.9751460 1.8959842 1.4500126 1.5533214 1.8855193 1.8855193 3.2263252 1.7688304 0.0000010 2.0058805 0.0000010 2.5196504 2.1087113 1.0566363 1.1873000 1.2835801 2.2014855 1.1070968 1.0843580 1.6676196 2.5482131 1.4380336 2.3936127 1.2698920 1.6194542 0.0000010 3.8726243 1.8818026 0.0000010 1.8818026 0.0000010 2.5360791 1.3737513 1.3225653 8.3259462 0.0000010 0.0000010 2.7675939 0.0000010 3.0529886 4.8613041 7.7677133 3.0776199 4.5844802 1.7590019 6.6008085 
Emue_Em0009g1268a.t1                                   1.2727879 0.0000000 0.4374398 0.6238267 0.8560502 0.4151587 0.8848336 0.9152809 0.9058894 0.9340955 0.9008748 0.9562990 0.4479657 0.9797631 1.1235970 1.0405187 1.0160047 1.0182257 0.0000010 1.0622983 1.0581964 2.5256697 0.8474337 0.9592618 1.0210407 1.0310167 0.9406170 0.6908434 0.8693573 1.4127142 0.8210442 0.7494578 1.0343241 1.0810314 0.9784907 0.9697872 1.0459845 1.0120209 1.0506082 1.9357760 1.8987278 1.2989769 1.4029128 1.8884897 1.9141644 4.7336231 1.8503341 1.4324506 1.9951693 0.0000010 2.0391743 1.8759506 1.0764964 0.8369121 1.2415644 1.8672317 1.0331568 0.8517078 1.7721591 1.8430512 1.3544588 1.5797427 1.2511796 1.4194860 1.2559594 1.1877485 1.7295920 9.0000000 1.6637547 0.0000010 2.1733087 1.4680063 1.0342348 4.2652353 0.0000010 0.0000010 1.7443497 0.4628800 1.7659477 7.3692327 4.4993253 3.3745324 3.5360508 0.5920445 4.3764520 
Tetwil_g10960.t1                                       1.5019176 0.4374398 0.0000000 0.2868722 0.4092575 0.5254074 0.5054484 0.4902145 0.5192406 0.6421528 0.5038672 0.4873338 0.6291951 0.5174462 0.4808044 0.6597307 0.4443511 0.4520595 0.0000010 0.5574471 0.5910027 4.7270498 0.6112475 0.3993849 0.5646475 0.5646475 0.5964282 0.7860442 0.5637105 1.0242933 0.8707563 0.5427606 0.5161086 0.5099088 0.5115477 0.4385258 0.4695535 0.5027279 0.4444768 1.3169927 1.3710204 1.6772952 1.4220697 1.6205042 1.6205042 0.0000010 1.2711617 0.0000010 1.4139210 0.0000010 1.7135750 1.3469802 1.2474669 0.5511478 0.6618722 2.4646505 0.6978409 0.8465352 0.0000010 1.1293230 1.4303381 2.3416938 1.2731659 1.0494040 0.0000010 0.0000010 0.9108858 0.0000010 0.9108858 0.0000010 4.4169539 0.8851248 0.8192453 2.5781707 0.0000010 0.0000010 2.9930503 0.0000010 0.0000010 3.5598560 0.0000010 3.2514357 4.3664783 0.0000010 7.3233183 
Stycar_maker-SC_scaffold1903-augustus-gene-0.36-mRNA-1 1.3080609 0.6238267 0.2868722 0.0000000 1.0715247 0.4198113 1.1058954 1.1318948 1.1128194 1.1015060 1.0422872 0.9229681 0.5329551 1.3018358 1.2576559 1.2286562 1.1520454 1.1548933 2.9901724 1.2481152 1.2477643 2.1220662 1.2523760 0.9213415 1.2255289 1.3035927 1.2139310 0.6408391 1.0365427 1.1028925 0.7400618 1.0744145 1.4158653 1.4637068 1.3937740 1.3918998 1.3918511 1.4277912 1.4830151 2.1161207 2.3952949 1.3086955 1.4014185 1.9228090 2.1811594 4.0112969 1.9361821 1.5389127 2.3170405 7.1135861 2.3612631 2.1063444 1.0848928 1.0185941 1.3541612 1.3976908 1.3420694 1.2917798 1.0757753 1.8048482 1.4484299 1.7909775 1.2885264 1.7097534 2.9980858 1.3987879 1.7002506 8.9999985 1.3363361 0.9840751 1.5458534 1.4352340 0.9863229 4.8256866 5.0678313 8.0120515 1.5536999 2.8813950 2.5701025 5.9170075 4.6510306 3.7655032 4.1313605 8.9999984 4.6508354 
Bralan_BLAG02102350_1                                  1.2655182 0.8560502 0.4092575 1.0715247 0.0000000 0.3238088 1.0190321 1.0691939 1.0537948 1.0281144 1.1086781 1.1787733 0.5009035 1.1705821 0.8656311 1.2236449 0.8992436 0.9067559 1.2762960 1.0346633 1.0078720 1.6543939 1.0417740 0.7505811 1.3058216 1.3416131 1.0885638 0.6965934 0.8757500 1.1233941 0.8741025 0.9604405 1.5501652 1.5858368 1.5533368 1.5494082 1.5990674 1.5785394 1.5896820 1.8747161 2.4419738 1.0003975 1.0612659 1.7171017 2.1754111 4.4677215 1.6725339 1.5816715 2.3779017 6.1110725 2.5277048 2.1520827 0.8968654 1.4624354 1.3698642 1.6881803 1.4730571 1.2609192 0.9887479 1.3023036 1.1591020 1.5553487 1.2724381 1.5847346 1.3129116 1.1558899 3.0595993 6.5364794 1.8928431 1.6670688 2.1612416 1.6150944 1.1056139 1.3917148 2.2575931 1.8714466 1.5757432 1.4375690 1.7753440 2.3660361 2.1195447 1.4704049 2.8433262 2.7872431 3.5815169 
Nvec_NVE21453                                          0.6068998 0.4151587 0.5254074 0.4198113 0.3238088 0.0000000 0.3075385 0.2398356 0.3223362 0.3182920 0.3071027 0.2839068 0.3800833 0.3757698 0.4328953 0.4102769 0.4541814 0.4526698 0.0000010 0.3513324 0.3800097 1.1832274 0.3646526 0.3757284 0.5267253 0.5196636 0.2898951 0.5385660 0.3943721 0.5789409 0.4964587 0.4973482 0.5250663 0.5268108 0.5115150 0.4970634 0.4636618 0.5752887 0.5575217 0.8220443 0.7965228 0.9799225 0.9346202 0.9363398 0.9363398 3.8195992 0.7340762 0.0000010 0.8892099 0.0000010 1.1912548 0.9917291 0.6925193 0.5044443 0.6825928 2.0480881 0.5908976 0.6555569 0.0000010 1.0187291 0.5800567 1.5736641 0.6637034 1.0531696 0.0000010 0.0000010 1.2242815 0.0000010 1.2242815 0.0000010 2.2572599 1.1934267 1.1021159 5.9813486 0.0000010 0.0000010 0.9907065 0.0000010 1.0168500 3.5598560 4.6669890 2.4651318 4.5033429 0.0000010 7.9046239 
Gasp_gasp1.m3.1509.m1                                  1.2232959 0.8848336 0.5054484 1.1058954 1.0190321 0.3075385 0.0000000 0.2216756 0.2081213 0.2205636 0.2554762 0.3057303 0.4797031 1.0615344 1.1752100 1.2865160 1.1506208 1.1756481 1.2711085 0.8352184 0.7795897 1.6412286 1.2953532 0.8529727 1.3430470 1.3897465 0.6952379 0.6682562 1.1928285 0.9539274 0.9988624 1.2841501 1.5232323 1.5328207 1.5104150 1.5364576 1.5974576 1.6174208 1.6433991 1.7223853 2.4959088 1.0298996 1.1112594 1.6394773 2.2210716 4.3535385 1.5865677 1.6575892 2.5846201 4.9302458 2.4727354 2.2580803 0.8791778 1.6059780 1.5552502 1.5757204 1.6880661 1.5469926 1.0404053 1.1805759 1.0155912 1.4693000 1.3916974 1.8994088 1.0448052 0.7825935 3.3465964 7.5341867 1.9840574 2.0640372 2.1472705 1.8389803 1.0673405 1.7788670 2.1455071 2.1311386 1.7031612 1.4481379 1.8424226 2.3721781 2.3794270 1.6851934 2.9404144 2.7368473 2.7720656 
Spis_XP_022804712_1                                    1.3289286 0.9152809 0.4902145 1.1318948 1.0691939 0.2398356 0.2216756 0.0000000 0.0668956 0.2491490 0.3087116 0.3879661 0.4531298 1.0428247 1.2172909 1.2769452 1.2078806 1.2180845 1.2842522 0.8912298 0.8214263 1.6306347 1.3263484 0.8372503 1.3952121 1.4335044 0.7052983 0.6238454 1.2073217 0.9908153 0.7747437 1.2862560 1.5905855 1.6223591 1.5575127 1.5907060 1.6306285 1.6747101 1.6765168 1.6585874 2.4583965 1.0000404 1.0185586 1.7372376 2.3015385 4.5414133 1.5994647 1.6572613 2.5940311 5.5862993 2.5677551 2.3369141 0.7814890 1.5760515 1.4877981 1.5671342 1.7072219 1.5538522 1.0503272 1.2076413 1.0434371 1.5432993 1.4407769 1.8877343 1.2473035 0.8339768 3.4120142 7.8471159 1.9898129 1.8639391 2.1966515 1.7841588 0.8681740 1.7972314 2.1374024 2.1395308 1.7764729 1.5152409 1.9754402 2.4135151 2.4107003 1.6814385 3.0970970 3.3236106 2.7425603 
Pocdam_XM_027192310.1                                  1.2977692 0.9058894 0.5192406 1.1128194 1.0537948 0.3223362 0.2081213 0.0668956 0.0000000 0.2704554 0.2964680 0.3642902 0.4841881 1.0490975 1.1790020 1.2507409 1.1484694 1.1732392 1.2865534 0.8652040 0.8127856 1.5977673 1.2982364 0.8307153 1.3860862 1.4229481 0.6958055 0.6640499 1.1894984 0.9942972 0.9141192 1.2888990 1.5649359 1.5910069 1.5274212 1.5588457 1.6327579 1.6470018 1.6873218 1.6702475 2.4288955 1.0779100 1.1583098 1.6355117 2.2150174 4.3592237 1.5851744 1.6172828 2.6270945 5.4747941 2.5587360 2.2616151 0.9499176 1.5589632 1.5278333 1.4852105 1.7012118 1.5333011 1.0539398 1.1902193 1.0553489 1.5361543 1.4258325 1.8741503 1.2815995 0.8403995 3.3610034 7.9782330 1.9526401 2.0505700 2.2157871 1.8222619 1.0179015 1.8617233 2.1301235 2.1642791 1.7930408 1.5354319 1.9590605 2.3512153 2.2638899 1.6898281 3.0364927 3.3972823 2.8662885 
Gfas_gfas1.m1.2791.m1                                  1.1296229 0.9340955 0.6421528 1.1015060 1.0281144 0.3182920 0.2205636 0.2491490 0.2704554 0.0000000 0.2637292 0.3240819 0.5704065 1.0465106 1.1944997 1.2128530 1.2135741 1.2235798 1.2228523 0.8910659 0.8275158 1.5617398 1.3203741 0.7965233 1.3742463 1.4213449 0.7048821 0.6895171 1.1904604 0.8655278 1.0296482 1.2822623 1.6089404 1.6247498 1.6213732 1.6384300 1.6147846 1.7215499 1.7014126 1.8242234 2.5229429 1.0923874 1.0919134 1.7080137 2.2763694 4.4156799 1.5752670 1.5334809 2.5300894 5.1197698 2.5339511 2.2923017 0.9182222 1.6142636 1.5121650 1.5617813 1.6452631 1.5454119 0.9208660 1.1603312 1.0158444 1.5014622 1.3732122 1.8912359 1.0273491 0.8050441 3.3297604 7.3324126 2.0008519 2.2738652 2.1920289 1.9439769 1.0460361 1.7519614 2.3475245 2.2262271 1.7175945 1.3937841 1.7846056 2.4223390 2.3477156 1.6421338 2.9753169 2.9114154 2.7220928 
Adig_XM_015899630.1                                    1.0970750 0.9008748 0.5038672 1.0422872 1.1086781 0.3071027 0.2554762 0.3087116 0.2964680 0.2637292 0.0000000 0.0586364 0.4008520 1.0822259 1.2087681 1.2656430 1.2319339 1.2359022 1.2679032 0.9161062 0.8538038 1.4834466 1.3279299 0.8120222 1.4012462 1.4636309 0.7242752 0.6847137 1.2558580 0.8791159 1.0608291 1.2746150 1.5838255 1.5789375 1.6214944 1.6500021 1.6639771 1.7108297 1.7488591 1.8574178 2.4718376 1.0518297 1.1744280 1.6649360 2.3122582 4.5138608 1.6582346 1.5880370 2.6239520 5.4473943 2.4739987 2.4249501 0.8713842 1.5235963 1.4721045 1.3981949 1.6867531 1.5782475 0.9691034 1.2044591 1.1093218 1.3606825 1.3479157 1.9446971 1.0518663 0.8075646 2.9585267 6.9098895 1.8958932 2.2070814 2.1619537 1.7106961 1.0368278 2.1714826 3.3813631 2.3350966 1.7889427 1.6259882 1.8023837 2.4922413 2.4099707 1.9819419 3.1257632 3.0007533 2.6471067 
Adig_XM_015893173.1                                    1.1126161 0.9562990 0.4873338 0.9229681 1.1787733 0.2839068 0.3057303 0.3879661 0.3642902 0.3240819 0.0586364 0.0000000 0.3884540 1.1142778 1.2652030 1.2709913 1.2022614 1.2170735 1.4986444 1.0032666 0.9842853 1.4623917 1.2726799 0.8417430 1.3833641 1.4657770 0.7804951 0.6826155 1.2850782 0.9991086 1.0294079 1.2454425 1.6050170 1.6106783 1.6449022 1.6858073 1.7112251 1.7240561 1.7824675 1.7343732 2.2546685 1.0159322 1.1393345 1.7096300 2.3043442 4.2848116 1.6170848 1.8593608 2.5006537 5.5005308 2.3843004 2.4870081 0.8402574 1.4943301 1.5850882 1.6527823 1.6931254 1.6530366 1.1390223 1.3215224 1.2476547 1.4190634 1.5276594 2.0710864 0.9689497 1.0369665 2.7260400 5.8042225 2.0903290 2.3659037 2.4054058 1.3694671 1.0254550 2.5950599 5.9108880 2.5955520 1.8438830 4.9626572 1.9342678 3.1311930 3.1183284 2.3578772 3.1804447 2.9658291 3.4077120 
Sanmal_Sma_014499-T1                                   0.6419113 0.4479657 0.6291951 0.5329551 0.5009035 0.3800833 0.4797031 0.4531298 0.4841881 0.5704065 0.4008520 0.3884540 0.0000000 0.2863833 0.4804061 0.5070983 0.5921059 0.6084719 0.0000010 0.5243026 0.5492309 4.9866977 0.5728593 0.4386434 0.5978683 0.5547055 0.4996867 0.6503593 0.5845759 0.6286126 0.6106539 0.6688010 0.7148013 0.6878837 0.6948515 0.6520309 0.7102074 0.6927760 0.7451620 1.0031261 1.1095626 1.0311535 0.9133669 1.0096578 1.1227023 0.9488495 0.8572842 0.0000010 1.3135289 0.0000010 1.3435794 1.3645783 1.0045871 0.7532017 0.9893393 1.0572448 0.8032293 0.7115629 0.0000010 1.7153154 0.8103321 3.0069432 0.7642471 1.0584783 0.0000010 2.7212084 1.2048358 5.8937141 1.0409563 0.0000010 1.2404999 0.7959719 0.9283964 2.0134888 1.6913858 0.0000010 4.1360797 1.9443275 1.9443275 6.1726055 4.7121838 2.1458126 3.2849349 4.3914389 6.5104229 
Rhoesc_Res_009665-T1                                   1.3636008 0.9797631 0.5174462 1.3018358 1.1705821 0.3757698 1.0615344 1.0428247 1.0490975 1.0465106 1.0822259 1.1142778 0.2863833 0.0000000 1.1797492 1.0583665 1.2133066 1.2138081 1.7402076 1.1340746 1.0320625 2.2659510 1.3256899 0.8329811 1.5001855 1.5346571 1.0769023 0.7477619 1.2699860 1.0051966 0.8482119 1.3242311 1.5369907 1.5619660 1.5745601 1.6083816 1.6274883 1.6649384 1.6912167 1.7982710 2.4353403 1.0108288 1.0801641 1.5161015 2.1269412 4.1695464 1.5417193 1.4432750 2.4270512 5.1240822 2.4829665 2.1024200 0.9245856 1.7042892 1.5146493 1.3694435 1.5828962 1.3632366 0.9515725 0.6130386 0.4147716 1.4418486 1.5743604 1.7484463 1.6488531 1.1753686 3.1282448 6.5693693 2.0275161 1.9863656 2.1493195 2.0085727 1.1154037 1.7130316 2.3118213 2.0866737 1.6929926 1.0383377 1.6003962 2.3207223 2.1593419 1.7310275 3.0930226 2.7658641 2.3984320 
Skow_XM_006815332.1                                    1.1576448 1.1235970 0.4808044 1.2576559 0.8656311 0.4328953 1.1752100 1.2172909 1.1790020 1.1944997 1.2087681 1.2652030 0.4804061 1.1797492 0.0000000 1.3863312 0.9192050 0.9366704 1.3940382 1.1346410 1.1263549 1.5886068 1.0380119 0.8505866 1.4447485 1.4924939 1.2759886 0.8176962 0.9846031 1.2035191 0.9123423 0.9836477 1.4647762 1.5055099 1.4745597 1.4914418 1.5556169 1.5271714 1.5614787 2.1562196 2.4160956 1.0912106 1.2107915 1.8989517 2.2374312 4.5646730 1.7741282 1.4269985 2.4188469 6.3731098 2.4741049 2.2931129 0.9902948 1.4796270 1.4428152 1.6273001 1.5555988 1.2010157 1.0528923 1.4270835 1.2338521 1.7376785 1.4022272 1.6284559 1.8379271 1.4161783 2.9634884 6.7273689 1.7752521 1.6015097 2.1803897 1.7202488 1.2469078 1.5082402 1.5325679 1.9231398 1.6651136 1.6322520 1.9895619 2.2936903 2.1709623 1.6809968 2.7442735 2.6456871 4.4799381 
Morvir_scaffold507.g5.t1                               1.3060315 1.0405187 0.6597307 1.2286562 1.2236449 0.4102769 1.2865160 1.2769452 1.2507409 1.2128530 1.2656430 1.2709913 0.5070983 1.0583665 1.3863312 0.0000000 1.3519166 1.3556335 1.7964698 1.1841580 1.1665370 1.9665097 1.4152353 0.9055961 1.4606193 1.5056825 1.2518349 0.7634876 1.3429903 1.0694391 0.7333286 1.4553091 1.6347806 1.6338663 1.6630513 1.6750796 1.6875437 1.7134743 1.7299827 2.0600155 2.6230844 1.0694184 1.1179778 1.6343738 2.2631665 3.9886256 1.6584297 1.5599009 2.5048618 4.3270916 2.4110584 2.3122461 0.9625185 1.6016811 1.6661153 1.8296773 1.7167711 1.4911038 1.0402614 1.2018230 0.9851943 1.5632246 1.4802491 1.8027695 2.2079409 1.4187500 2.8668995 6.5970950 1.7008860 1.8524214 2.0629979 1.7942587 1.0457264 1.8462308 2.4621356 1.7189777 1.7434185 1.3347255 1.8005045 2.4540598 2.3323708 1.6693878 3.0446534 2.8738282 2.9633994 
Spur_XM_030977260.1                                    1.0746047 1.0160047 0.4443511 1.1520454 0.8992436 0.4541814 1.1506208 1.2078806 1.1484694 1.2135741 1.2319339 1.2022614 0.5921059 1.2133066 0.9192050 1.3519166 0.0000000 0.0161442 1.6458920 1.2485091 1.1755216 1.5508763 1.0566407 0.8355590 1.3465238 1.3915536 1.1793446 0.7795062 1.0484150 1.1383648 0.9238412 1.0449345 1.5251490 1.5815715 1.5608125 1.5760217 1.6439241 1.5516779 1.5904657 1.8666855 2.4373782 1.1051581 1.1100770 1.8402064 2.0665245 3.6113840 1.6224955 1.4989011 2.2809777 4.3494571 2.3251469 2.0691326 1.0104226 1.6145455 1.3984570 1.7019708 1.4340529 1.1937635 1.0180040 1.3186836 1.1582721 1.6680187 1.5160412 1.4475579 1.8152341 1.3305838 2.9589418 6.9090633 1.7074985 1.7857085 1.9821929 1.6300403 1.0678289 1.5437708 2.3003270 1.4720985 1.7419763 1.6183610 1.8933076 2.5834875 2.3731262 1.6113073 2.9135561 2.9263149 3.7153118 
Spur_XM_030977190.1                                    1.0746047 1.0182257 0.4520595 1.1548933 0.9067559 0.4526698 1.1756481 1.2180845 1.1732392 1.2235798 1.2359022 1.2170735 0.6084719 1.2138081 0.9366704 1.3556335 0.0161442 0.0000000 1.6491690 1.2654844 1.1941803 1.5508763 1.0665611 0.8344002 1.3767577 1.4232960 1.1770237 0.7843862 1.0605428 1.1380398 0.9109292 1.0611338 1.5404659 1.5974653 1.5861779 1.6018678 1.6584637 1.5732738 1.6114949 1.8680551 2.4107844 1.1144342 1.1287344 1.8411647 2.0490630 3.5838381 1.6179610 1.4989011 2.2762919 4.3310810 2.3448500 2.0737625 1.0241667 1.6239249 1.4254829 1.7019708 1.4367865 1.2196674 1.0262295 1.3230391 1.1696955 1.6923570 1.5207028 1.4670063 1.8134780 1.3159146 2.9605059 6.9518428 1.7014258 1.7164042 1.9312605 1.6448737 1.0806695 1.5255948 2.3740819 1.4720985 1.7615160 1.6195086 1.9131535 2.6218614 2.3619097 1.6239897 2.9054179 2.9085093 3.7184811 
Dgig_XM_028560285.1                                    0.0000010 0.0000010 0.0000010 2.9901724 1.2762960 0.0000010 1.2711085 1.2842522 1.2865534 1.2228523 1.2679032 1.4986444 0.0000010 1.7402076 1.3940382 1.7964698 1.6458920 1.6491690 0.0000000 0.0148857 0.3567524 0.0000010 1.6798180 0.0000010 2.0219693 1.9722047 1.3277108 0.0000010 1.4321447 0.0000010 2.3003767 1.8223107 1.9647260 1.9388520 2.0892260 2.1810306 2.2229479 2.1125088 2.0925973 8.6682909 2.8641551 0.0000010 1.4055438 8.9999990 2.3124546 0.0000010 0.0000010 0.0000010 2.7826224 4.0846255 2.7901295 2.0637342 0.0000010 1.6496374 1.9294255 2.8095088 2.2683289 2.0863781 0.0000010 1.6197481 0.8163566 2.0587286 1.7309031 2.4021197 1.4692495 1.3207610 8.9999987 8.9999987 5.2535318 7.0210148 3.1900012 0.0000010 0.0000010 1.7314200 0.0000010 1.9045756 2.1968707 2.2106677 2.1299449 2.9317212 2.4798819 1.9152434 2.9706967 5.1166405 1.0257319 
Dgig_XM_028562951.1                                    1.1188572 1.0622983 0.5574471 1.2481152 1.0346633 0.3513324 0.8352184 0.8912298 0.8652040 0.8910659 0.9161062 1.0032666 0.5243026 1.1340746 1.1346410 1.1841580 1.2485091 1.2654844 0.0148857 0.0000000 0.2913017 1.8664655 1.2910842 0.9392044 1.4064563 1.4473391 0.8990417 0.7926628 1.1204426 1.1045661 0.9420157 1.2210004 1.5630744 1.5752559 1.5581460 1.5856859 1.6173158 1.6362664 1.6496725 2.2383430 2.5791610 1.0699469 1.2586809 1.8202561 2.3450485 4.1883790 1.9245645 1.6555874 2.5350269 5.3526802 2.5551597 2.2189411 1.0064313 1.5530818 1.5674451 1.6360297 1.6277819 1.4420984 1.0148412 1.2894090 1.0387223 1.6080436 1.4417846 1.7721765 1.4960145 0.9946518 3.3320823 7.6791879 1.9486009 1.9261073 1.9993769 1.9150823 1.1332785 1.6180350 1.6129210 1.8300637 1.5459999 1.4906933 1.9831160 2.5941814 2.3609387 1.6024852 3.0262513 2.9897552 2.9568806 
Xesp_002032-T1                                         1.0274932 1.0581964 0.5910027 1.2477643 1.0078720 0.3800097 0.7795897 0.8214263 0.8127856 0.8275158 0.8538038 0.9842853 0.5492309 1.0320625 1.1263549 1.1665370 1.1755216 1.1941803 0.3567524 0.2913017 0.0000000 1.9374993 1.2516005 0.9152748 1.3689234 1.4134109 0.8384608 0.7259726 1.1034949 1.0660767 0.8649518 1.1692461 1.4925719 1.5030258 1.4996456 1.5454356 1.5477727 1.5663497 1.5870346 1.9819243 2.2231081 0.9165306 1.0853382 1.8279395 2.1925561 3.8331422 1.8108716 1.5729312 2.2186691 3.8932116 2.3620983 2.1532353 1.0628991 1.5161910 1.4320948 1.4379432 1.7068057 1.4093403 1.0463197 1.1802194 1.0418826 1.5120159 1.3655086 1.7156435 1.1089219 0.8659611 2.9324560 6.1989012 1.9271670 1.9208941 2.0009006 1.7183419 1.2745823 1.5041934 1.6169719 1.6508533 1.5046355 1.6670999 1.8372873 2.1794643 2.0670257 1.4781917 2.5823916 2.9036794 3.0791862 
Cscu_XM_023368616.1                                    1.9292477 2.5256697 4.7270498 2.1220662 1.6543939 1.1832274 1.6412286 1.6306347 1.5977673 1.5617398 1.4834466 1.4623917 4.9866977 2.2659510 1.5886068 1.9665097 1.5508763 1.5508763 0.0000010 1.8664655 1.9374993 0.0000000 0.2126684 1.9303575 1.9408490 1.9165194 1.9164480 1.8268996 1.6782715 1.9654681 3.6591885 1.1864084 2.4346483 2.4668174 2.3723100 2.3369979 2.6887793 2.1867271 2.1078903 3.2728090 3.1923202 1.6043096 1.6021056 3.2974662 3.2974662 5.4268508 3.4207857 0.0000010 4.2942860 0.0000010 3.6371422 4.0748429 2.2475247 2.5610894 1.5742428 4.0887069 1.6494114 1.6217121 0.9210578 1.8215212 1.7835395 1.7440076 2.4083714 2.3780527 0.0000010 1.7225468 3.1523873 0.0000010 3.1523873 0.0000010 2.4353104 3.3422426 2.7744533 8.9999982 0.0000010 0.0000010 1.7648353 0.0000010 1.0168500 3.1970855 9.0000000 4.4309958 9.0000000 0.0000010 4.9378577 
Cscu_XM_023371625.1                                    0.9409256 0.8474337 0.6112475 1.2523760 1.0417740 0.3646526 1.2953532 1.3263484 1.2982364 1.3203741 1.3279299 1.2726799 0.5728593 1.3256899 1.0380119 1.4152353 1.0566407 1.0665611 1.6798180 1.2910842 1.2516005 0.2126684 0.0000000 0.7242212 1.4872946 1.5396605 1.2974505 0.7072472 1.1305186 0.8813965 0.8056019 1.0491865 1.5760394 1.5879129 1.5351444 1.5436896 1.5744431 1.5343779 1.5571009 1.6374257 2.6048381 0.9712973 0.8929293 1.5827987 2.3673333 5.9039218 1.4036043 1.7601426 2.6106756 8.7105609 2.6393372 2.3620113 0.8934147 1.6154005 1.3666273 1.6854473 1.5142671 1.3504451 1.1259352 1.5526730 1.3226944 1.6411266 1.3511334 1.5170195 2.0620786 1.6709332 2.9345444 7.6190289 1.5985048 1.8168469 2.1731019 1.4842650 1.0651502 1.7453394 2.1584838 2.0086157 1.8034600 1.7385082 2.1067582 2.7851869 2.5630975 1.9329494 3.0210373 3.9220000 3.4883986 
Plajan_Pjan_scaffold21087_01                           1.1069337 0.9592618 0.3993849 0.9213415 0.7505811 0.3757284 0.8529727 0.8372503 0.8307153 0.7965233 0.8120222 0.8417430 0.4386434 0.8329811 0.8505866 0.9055961 0.8355590 0.8344002 0.0000010 0.9392044 0.9152748 1.9303575 0.7242212 0.0000000 0.4105674 0.4053423 0.8560993 0.6940897 0.8984859 1.2764712 0.5579663 0.5687874 1.0496818 1.0239849 1.0458057 1.0513042 1.0794601 1.0526096 1.0491523 1.7078485 1.6514579 1.1189931 1.2311634 1.6946849 1.6946849 4.9264967 1.7564062 1.0888823 1.9747371 0.0000010 1.9591132 2.0380772 0.9345457 0.8823986 1.0025173 2.0480881 1.0099745 0.8203297 1.1795222 1.6990017 1.2111116 1.8087314 1.3690409 1.2682907 1.2840123 0.8904841 1.5149187 0.0000010 1.5149187 0.0000010 1.7109271 1.2295128 0.8578302 8.5212452 0.0000010 0.0000010 1.5907120 0.0000010 2.6765803 4.3796692 9.0000000 2.8424495 4.4394913 0.0000010 3.8474523 
Opea_EP00118_Oscarella_pearsei_P011070                 1.1844021 1.0210407 0.5646475 1.2255289 1.3058216 0.5267253 1.3430470 1.3952121 1.3860862 1.3742463 1.4012462 1.3833641 0.5978683 1.5001855 1.4447485 1.4606193 1.3465238 1.3767577 2.0219693 1.4064563 1.3689234 1.9408490 1.4872946 0.4105674 0.0000000 0.0010609 1.3316957 1.0039330 1.3588221 1.1225360 1.0816214 1.4315823 1.7928374 1.7841270 1.7569514 1.7686439 1.7966645 1.7811603 1.8127608 1.7851256 2.4909324 1.1977296 1.2556499 1.4807099 2.1554652 5.2520897 1.7332881 1.4810729 2.4938083 7.1205918 2.5221316 2.3575503 1.1877421 1.4836780 1.7147551 1.9498046 1.6066576 1.6605585 1.1869877 1.6968782 1.5299356 1.6026309 1.3594398 1.7888704 1.7318330 1.5760204 2.7875784 6.8987769 1.5633455 1.9888853 2.1466326 1.6388163 0.9960545 1.7769517 1.9549834 1.6275135 1.5662075 1.5669654 2.2010894 2.5113210 2.4779213 0.9625453 2.6877034 2.8965690 3.5153522 
Ocar_g8779                                             1.1373750 1.0310167 0.5646475 1.3035927 1.3416131 0.5196636 1.3897465 1.4335044 1.4229481 1.4213449 1.4636309 1.4657770 0.5547055 1.5346571 1.4924939 1.5056825 1.3915536 1.4232960 1.9722047 1.4473391 1.4134109 1.9165194 1.5396605 0.4053423 0.0010609 0.0000000 1.3826080 0.9786288 1.4068217 1.1079237 1.0816214 1.4752786 1.8784142 1.8662095 1.8424485 1.8607374 1.8833273 1.8729047 1.9079836 1.7831394 2.5520269 1.1684214 1.2297693 1.4530827 2.2086909 5.2191696 1.6968440 1.5796187 2.5352305 7.1105072 2.5653519 2.4411248 1.1896202 1.5472726 1.7826864 2.2100664 1.6595558 1.7159760 1.3355710 1.7571065 1.6054415 1.6325987 1.4116185 1.8420225 1.7318330 1.6514493 2.8914637 6.9805123 1.6100105 2.2970550 2.2503071 1.6044228 0.9842305 1.7769517 1.9549834 1.6275135 1.6544588 1.5669654 2.2631906 2.5113210 2.4779213 0.9625453 2.6877034 2.8965690 3.4077299 
Exapal_XM_021042582.2                                  1.2429340 0.9406170 0.5964282 1.2139310 1.0885638 0.2898951 0.6952379 0.7052983 0.6958055 0.7048821 0.7242752 0.7804951 0.4996867 1.0769023 1.2759886 1.2518349 1.1793446 1.1770237 1.3277108 0.8990417 0.8384608 1.9164480 1.2974505 0.8560993 1.3316957 1.3826080 0.0000000 0.6369795 1.2807524 1.0272260 0.8966695 1.2546177 1.6140724 1.5945198 1.6069722 1.6328474 1.7043810 1.7106205 1.7435117 2.1032450 2.5455263 1.0531971 1.0957792 1.9760992 2.3613080 4.6988071 1.7262763 1.7766996 2.4722842 5.5621300 2.5962877 2.2388096 0.9850417 1.5823995 1.5560931 1.5348562 1.6433372 1.4720795 1.0229107 1.2282103 1.0630736 1.5433708 1.4097611 1.7179188 0.9397685 0.6631649 3.2259401 6.5956102 2.0207398 2.1754891 2.1907993 1.9099337 1.0976889 1.6972904 1.8153057 2.0662097 1.6229745 1.4298387 1.8311586 2.5752476 2.4371859 1.6631521 2.7961820 3.1522419 2.9141716 
Chem_TCONS_00020964                                    0.8719393 0.6908434 0.7860442 0.6408391 0.6965934 0.5385660 0.6682562 0.6238454 0.6640499 0.6895171 0.6847137 0.6826155 0.6503593 0.7477619 0.8176962 0.7634876 0.7795062 0.7843862 0.0000010 0.7926628 0.7259726 1.8268996 0.7072472 0.6940897 1.0039330 0.9786288 0.6369795 0.0000000 0.7337709 0.0362363 0.5123759 0.6844908 0.8584328 0.9078306 0.8833470 0.8719329 0.8575463 0.8644644 0.9208836 1.1711083 1.2098755 1.1385897 1.3468368 1.3845925 1.4568077 3.9252982 1.1316739 0.5996508 1.3404556 0.0000010 1.3615520 1.2343922 0.9779624 0.8165051 0.7878399 2.8869882 0.8210736 1.0205355 0.5999914 1.8284526 1.3024829 1.2222937 0.8473043 1.2996799 0.0000010 1.0819595 1.6497984 8.9999988 1.4206222 0.7435314 2.3707764 1.2374950 1.2706482 2.4412008 1.8599797 0.0000010 1.4738458 3.5687778 2.1705846 2.5660793 4.0800509 2.1725053 3.7331550 7.5316280 8.9999985 
Hsap_ENST00000268124                                   0.9994085 0.8693573 0.5637105 1.0365427 0.8757500 0.3943721 1.1928285 1.2073217 1.1894984 1.1904604 1.2558580 1.2850782 0.5845759 1.2699860 0.9846031 1.3429903 1.0484150 1.0605428 1.4321447 1.1204426 1.1034949 1.6782715 1.1305186 0.8984859 1.3588221 1.4068217 1.2807524 0.7337709 0.0000000 0.9620297 1.0378037 1.0686996 1.6590500 1.6715081 1.6682488 1.6893813 1.6670125 1.7463734 1.7793889 1.7562900 2.3814583 1.0281841 1.0714502 1.6823391 2.1815273 4.2616137 1.6860088 1.5558060 2.4480802 6.2511090 2.4833605 2.1881659 0.8899039 1.5435651 1.4584517 1.5641374 1.5181716 1.3598728 1.0703136 1.5595227 1.2371183 1.7058860 1.2871800 1.6638801 1.8716908 1.3436983 3.1309076 7.9863498 1.7404710 1.6204482 2.1870430 1.8003868 1.1526851 1.5370920 1.8654185 1.9614284 1.7461258 1.3948212 2.1885922 2.2565366 2.4758762 1.6848844 2.6247513 2.9059509 3.4949474 
Chem_TCONS_00035921                                    1.2856593 1.4127142 1.0242933 1.1028925 1.1233941 0.5789409 0.9539274 0.9908153 0.9942972 0.8655278 0.8791159 0.9991086 0.6286126 1.0051966 1.2035191 1.0694391 1.1383648 1.1380398 0.0000010 1.1045661 1.0660767 1.9654681 0.8813965 1.2764712 1.1225360 1.1079237 1.0272260 0.0362363 0.9620297 0.0000000 0.4902058 0.6771287 1.1440862 1.1612467 1.2014556 1.2063152 1.0991899 1.2266205 1.2192705 2.4449163 2.1154372 1.1862954 1.4818914 2.3322269 2.1241834 4.1799073 2.3829947 1.3037350 2.2584474 0.0000010 2.0003563 1.9796377 1.1891090 1.2725295 1.2047523 1.6088375 1.0732846 0.8468956 0.0987532 1.5476386 1.1895327 0.9246952 1.3472917 1.5990638 0.0000010 0.5328301 1.8064455 0.0000010 1.8064455 0.0000010 1.8758389 1.8817137 1.4104576 7.9082721 1.6702141 0.0000010 1.3224922 0.0000010 3.4782970 5.1341110 6.7308500 2.8920242 5.5935376 2.1938940 4.5700976 
Hvul_g22024_1                                          1.0866676 0.8210442 0.8707563 0.7400618 0.8741025 0.4964587 0.9988624 0.7747437 0.9141192 1.0296482 1.0608291 1.0294079 0.6106539 0.8482119 0.9123423 0.7333286 0.9238412 0.9109292 2.3003767 0.9420157 0.8649518 3.6591885 0.8056019 0.5579663 1.0816214 1.0816214 0.8966695 0.5123759 1.0378037 0.4902058 0.0000000 0.9014509 0.9594401 0.9577178 0.9934080 1.0104545 1.1053922 1.0334213 1.1808236 1.1054880 1.4098430 1.3131989 1.1999559 1.1347011 1.3235040 5.0628918 0.8572995 9.0000000 1.3697271 0.0000010 1.8064708 1.4809007 0.9725224 1.3168514 1.2258693 1.3143225 1.3346037 1.4610214 0.9978135 1.9452957 2.4540575 1.9151244 2.9539531 1.4918478 1.7240398 1.3694523 1.2839663 2.7057321 1.1148235 0.8210728 1.3630678 0.9057040 1.3586169 2.2793968 0.0000010 3.5044380 1.4130160 0.0000010 1.9395421 4.2345690 4.0191495 2.2915366 3.5438569 6.3068465 7.8359985 
Acagra_model.g9689.t1.2.5d3b862b                       0.8810832 0.7494578 0.5427606 1.0744145 0.9604405 0.4973482 1.2841501 1.2862560 1.2888990 1.2822623 1.2746150 1.2454425 0.6688010 1.3242311 0.9836477 1.4553091 1.0449345 1.0611338 1.8223107 1.2210004 1.1692461 1.1864084 1.0491865 0.5687874 1.4315823 1.4752786 1.2546177 0.6844908 1.0686996 0.6771287 0.9014509 0.0000000 1.4593893 1.5126387 1.5173120 1.5343755 1.5053636 1.5151027 1.5258951 1.5883526 2.2995441 0.9152887 1.0096461 1.4137021 2.1331473 4.0880313 1.0886555 1.6436952 2.2811951 4.4658790 2.2946783 1.9935125 0.8445620 1.6334376 1.4017404 1.5389869 1.3522538 1.0724146 1.3445714 1.4708613 1.2590726 1.6344720 1.3970806 1.5041719 1.7486015 1.4787824 3.1221219 8.0297643 1.6654900 2.3285458 1.8995096 1.6115917 1.1879389 1.9652648 1.9828831 2.1501091 1.7208216 1.4692103 2.2285730 2.4881051 2.3788566 1.9349317 2.8354013 3.0951797 3.6066280 
HoiH23_PlH23_005996-RA                                 1.4465918 1.0343241 0.5161086 1.4158653 1.5501652 0.5250663 1.5232323 1.5905855 1.5649359 1.6089404 1.5838255 1.6050170 0.7148013 1.5369907 1.4647762 1.6347806 1.5251490 1.5404659 1.9647260 1.5630744 1.4925719 2.4346483 1.5760394 1.0496818 1.7928374 1.8784142 1.6140724 0.8584328 1.6590500 1.1440862 0.9594401 1.4593893 0.0000000 0.0522029 0.1437007 0.1472916 0.2480732 0.3091362 0.3245022 2.1942490 2.5846891 1.1687581 1.1768469 1.9418915 2.2991538 4.8036110 1.8722984 1.7853930 2.4685651 4.1800136 2.4901369 2.2701785 1.0325594 1.5304652 1.8733842 1.6136970 1.8311263 1.5489044 1.4352736 1.7968167 1.5996986 1.8387645 1.5691043 1.9221070 2.0833646 1.9113337 3.3595858 7.3743758 2.0493841 2.0993712 2.4352876 2.2105296 1.0794772 1.8328630 2.1503553 1.8831589 1.7797635 2.0885132 2.1577000 2.7360972 2.4820899 2.0018749 3.1390375 3.6883776 4.8704567 
HoiH06_mRNA4721                                        1.4346517 1.0810314 0.5099088 1.4637068 1.5858368 0.5268108 1.5328207 1.6223591 1.5910069 1.6247498 1.5789375 1.6106783 0.6878837 1.5619660 1.5055099 1.6338663 1.5815715 1.5974653 1.9388520 1.5752559 1.5030258 2.4668174 1.5879129 1.0239849 1.7841270 1.8662095 1.5945198 0.9078306 1.6715081 1.1612467 0.9577178 1.5126387 0.0522029 0.0000000 0.1534214 0.1554544 0.2455316 0.3199775 0.3358674 2.1737705 2.6133329 1.1310147 1.1287935 1.8657781 2.3008680 4.6964660 1.7922761 1.8179719 2.4874577 4.0942797 2.4505256 2.2572686 1.0467261 1.5030290 1.8843364 1.6739982 1.8750368 1.5608165 1.4066664 1.7898732 1.6368094 1.8972172 1.5011671 1.9365391 2.0364804 1.9069969 3.3566738 7.1912476 2.0311286 2.2400973 2.4676721 2.1001800 1.0150948 1.7872778 2.1349626 1.8358650 1.7705205 2.0851089 2.2014620 2.8240405 2.5333573 2.0058492 3.1257736 3.5338856 4.5873642 
Hhon_g10929.t1                                         1.5164522 0.9784907 0.5115477 1.3937740 1.5533368 0.5115150 1.5104150 1.5575127 1.5274212 1.6213732 1.6214944 1.6449022 0.6948515 1.5745601 1.4745597 1.6630513 1.5608125 1.5861779 2.0892260 1.5581460 1.4996456 2.3723100 1.5351444 1.0458057 1.7569514 1.8424485 1.6069722 0.8833470 1.6682488 1.2014556 0.9934080 1.5173120 0.1437007 0.1534214 0.0000000 0.0089715 0.2390994 0.2906474 0.2991020 2.1702548 2.5973753 1.1275352 1.0743224 1.8730871 2.3612271 4.9639141 1.9793984 1.7913090 2.5882960 4.0412491 2.5439912 2.3163147 1.0579904 1.5547515 1.8393069 1.5831921 1.8217862 1.5704100 1.4475838 1.8637282 1.6183997 1.8957430 1.4887162 1.9211080 2.2070199 1.9558439 3.3010377 7.2904156 1.9716838 2.1181484 2.3481784 2.1058314 1.0157383 1.9369742 2.3333092 2.0803105 1.7629646 1.9498650 2.2054031 2.8329500 2.5239201 1.9911897 3.2016925 3.8324896 4.6251501 
HoiH04_mRNA5708                                        1.5312100 0.9697872 0.4385258 1.3918998 1.5494082 0.4970634 1.5364576 1.5907060 1.5588457 1.6384300 1.6500021 1.6858073 0.6520309 1.6083816 1.4914418 1.6750796 1.5760217 1.6018678 2.1810306 1.5856859 1.5454356 2.3369979 1.5436896 1.0513042 1.7686439 1.8607374 1.6328474 0.8719329 1.6893813 1.2063152 1.0104545 1.5343755 0.1472916 0.1554544 0.0089715 0.0000000 0.2464236 0.3016346 0.3104715 2.0897350 2.6034957 1.0079047 0.9716607 1.8251876 2.3673751 4.9163559 1.9070598 1.7943795 2.5929657 4.0069124 2.5562305 2.3187456 0.9438951 1.5777586 1.8563781 1.5981764 1.8420024 1.5852844 1.4376581 1.8620146 1.6331930 1.9329073 1.4990251 1.9161895 2.3006075 1.9748532 3.3120919 7.3405318 1.9562550 2.1295363 2.3187166 2.0597403 0.9680733 1.9529559 2.3021560 2.0803105 1.7749074 1.9416504 2.2085406 2.9220903 2.5621341 2.0458131 3.2125002 3.8324896 4.6131868 
HoiH11_mRNA2676                                        1.3330608 1.0459845 0.4695535 1.3918511 1.5990674 0.4636618 1.5974576 1.6306285 1.6327579 1.6147846 1.6639771 1.7112251 0.7102074 1.6274883 1.5556169 1.6875437 1.6439241 1.6584637 2.2229479 1.6173158 1.5477727 2.6887793 1.5744431 1.0794601 1.7966645 1.8833273 1.7043810 0.8575463 1.6670125 1.0991899 1.1053922 1.5053636 0.2480732 0.2455316 0.2390994 0.2464236 0.0000000 0.3436121 0.3441933 2.2670089 2.7157150 1.1147511 1.1303569 2.0496498 2.4159752 4.9946148 1.8428876 1.7307301 2.6251580 5.1291240 2.6392024 2.3897875 0.9144341 1.5606578 1.9454316 1.7727990 1.8580138 1.5430599 1.4704837 1.9100105 1.6517837 1.9202765 1.5414292 1.9565855 2.1874982 1.9507112 3.4038907 7.1721017 2.0938940 2.1529151 2.4486478 2.1738560 1.0235800 2.0031745 2.3931515 2.2694385 1.8563834 2.2080682 2.1580421 2.8342702 2.5739342 2.0813068 3.2023150 3.4606434 4.6701059 
TrH2_TrispH2_009265-RA                                 1.3899354 1.0120209 0.5027279 1.4277912 1.5785394 0.5752887 1.6174208 1.6747101 1.6470018 1.7215499 1.7108297 1.7240561 0.6927760 1.6649384 1.5271714 1.7134743 1.5516779 1.5732738 2.1125088 1.6362664 1.5663497 2.1867271 1.5343779 1.0526096 1.7811603 1.8729047 1.7106205 0.8644644 1.7463734 1.2266205 1.0334213 1.5151027 0.3091362 0.3199775 0.2906474 0.3016346 0.3436121 0.0000000 0.0103371 2.0764135 2.6668231 1.1929270 1.2317850 1.8616882 2.3816956 4.9628676 1.8454781 1.7541071 2.5249300 4.3532059 2.6383661 2.3752694 1.0679211 1.6275360 1.8860541 1.6375264 1.9180044 1.6025982 1.6223848 1.9588989 1.7062239 1.8591675 1.5899248 1.9306318 2.2513985 2.0392361 3.3621580 7.6135199 2.0158995 2.1619308 2.3974541 2.0755147 1.0747442 1.9335949 2.2157290 1.9298533 1.8432751 1.8976458 2.2756657 2.8887963 2.6282742 2.0598010 3.3076174 3.4723014 5.0308200 
Tadh_TriadT64268                                       1.3375889 1.0506082 0.4444768 1.4830151 1.5896820 0.5575217 1.6433991 1.6765168 1.6873218 1.7014126 1.7488591 1.7824675 0.7451620 1.6912167 1.5614787 1.7299827 1.5904657 1.6114949 2.0925973 1.6496725 1.5870346 2.1078903 1.5571009 1.0491523 1.8127608 1.9079836 1.7435117 0.9208836 1.7793889 1.2192705 1.1808236 1.5258951 0.3245022 0.3358674 0.2991020 0.3104715 0.3441933 0.0103371 0.0000000 2.1708668 2.7330915 1.2037875 1.2399776 1.9898715 2.4533305 4.9216132 1.8349375 1.7541071 2.5533311 4.3393515 2.6523439 2.4273311 1.0054359 1.6421992 1.8904678 1.6068161 1.9482755 1.6150977 1.5880781 1.9717086 1.6898756 1.8613248 1.5801367 1.9471499 2.2519549 2.0435900 3.4424690 7.5807118 2.0821300 2.1619308 2.4163898 2.1058055 1.0587979 1.9640641 2.2157290 1.9298533 1.8403604 1.8976458 2.2787757 2.9606888 2.6330485 2.0643417 3.3663288 3.4723014 5.0152796 
Pbac_sb2641734                                         1.9751460 1.9357760 1.3169927 2.1161207 1.8747161 0.8220443 1.7223853 1.6585874 1.6702475 1.8242234 1.8574178 1.7343732 1.0031261 1.7982710 2.1562196 2.0600155 1.8666855 1.8680551 8.6682909 2.2383430 1.9819243 3.2728090 1.6374257 1.7078485 1.7851256 1.7831394 2.1032450 1.1711083 1.7562900 2.4449163 1.1054880 1.5883526 2.1942490 2.1737705 2.1702548 2.0897350 2.2670089 2.0764135 2.1708668 0.0000000 0.0653316 0.4283373 0.4726509 0.6433593 0.6433593 4.9442755 0.7999542 0.3851989 0.8714001 0.0000010 0.9404358 0.8795577 0.6408401 2.0675631 1.8857298 2.0640371 1.8774060 1.8019274 3.4326513 3.3516431 2.4022156 3.4428774 2.4314735 1.9153565 7.4106882 4.2556524 2.2340890 9.0000000 2.0680099 0.0000010 3.3252252 1.6925976 1.5820155 8.2892043 0.0000010 8.4388177 3.1086540 0.0000010 6.6985738 8.9999982 2.5825426 3.8051024 4.7278142 0.3144285 6.7574316 
Horcal_Hcv1.av93.c3.g1008.i1                           1.8959842 1.8987278 1.3710204 2.3952949 2.4419738 0.7965228 2.4959088 2.4583965 2.4288955 2.5229429 2.4718376 2.2546685 1.1095626 2.4353403 2.4160956 2.6230844 2.4373782 2.4107844 2.8641551 2.5791610 2.2231081 3.1923202 2.6048381 1.6514579 2.4909324 2.5520269 2.5455263 1.2098755 2.3814583 2.1154372 1.4098430 2.2995441 2.5846891 2.6133329 2.5973753 2.6034957 2.7157150 2.6668231 2.7330915 0.0653316 0.0000000 0.4400182 0.4854712 0.6880487 0.7563472 0.3298720 0.8433954 0.5700634 0.9605436 1.4031542 1.0046067 0.8731670 0.6116443 2.6629903 2.5314783 1.1043354 2.4767891 2.2916872 2.4596323 2.9194309 2.5425521 2.6415097 1.9718459 2.3396601 3.0722077 2.8957609 3.9282234 8.9999988 2.3171547 2.5911024 3.3007480 2.0524599 1.5472306 2.7354205 4.0781276 1.9674145 2.8381076 1.8232179 3.1714542 3.2732068 3.0047226 2.7026943 0.3693565 4.5338142 6.3331234 
Bolinf_Binf_sb1179998                                  1.4500126 1.2989769 1.6772952 1.3086955 1.0003975 0.9799225 1.0298996 1.0000404 1.0779100 1.0923874 1.0518297 1.0159322 1.0311535 1.0108288 1.0912106 1.0694184 1.1051581 1.1144342 0.0000010 1.0699469 0.9165306 1.6043096 0.9712973 1.1189931 1.1977296 1.1684214 1.0531971 1.1385897 1.0281841 1.1862954 1.3131989 0.9152887 1.1687581 1.1310147 1.1275352 1.0079047 1.1147511 1.1929270 1.2037875 0.4283373 0.4400182 0.0000000 0.2186975 0.2926694 0.2926694 3.0290949 0.3795844 0.0000010 0.5000563 0.0000010 0.5516736 0.5637621 0.8127424 1.1316347 1.1888334 1.5171816 1.1865884 1.2288537 0.0000010 1.6119523 1.0810919 1.7811937 0.8334759 1.1819505 0.0000010 0.0000010 1.7850826 0.0000010 1.7850826 0.0000010 3.8906803 1.5098922 1.8157819 8.2842474 0.0000010 0.0000010 1.3539605 0.0000010 0.7103851 9.0000000 6.5742245 1.9515189 5.1012039 0.3144285 8.9999981 
Beraby_Baby_sb322891                                   1.5533214 1.4029128 1.4220697 1.4014185 1.0612659 0.9346202 1.1112594 1.0185586 1.1583098 1.0919134 1.1744280 1.1393345 0.9133669 1.0801641 1.2107915 1.1179778 1.1100770 1.1287344 1.4055438 1.2586809 1.0853382 1.6021056 0.8929293 1.2311634 1.2556499 1.2297693 1.0957792 1.3468368 1.0714502 1.4818914 1.1999559 1.0096461 1.1768469 1.1287935 1.0743224 0.9716607 1.1303569 1.2317850 1.2399776 0.4726509 0.4854712 0.2186975 0.0000000 0.3359263 0.3511381 3.1192487 0.4283304 0.0000010 0.5380003 0.0000010 0.6071620 0.5511915 0.7351886 1.2524485 1.2159868 1.7857635 1.2972494 1.3416617 0.0000010 2.0100581 1.2393215 2.0777997 1.0882834 1.1480150 1.4055438 1.4055438 1.9059899 9.0000000 1.7893590 0.0000010 2.8045602 1.4326708 1.7691621 4.4679402 0.0000010 1.1533407 1.5819346 0.0000010 1.8314696 3.6342189 2.4399836 2.3561991 3.9754842 0.3144285 8.9999986 
Drygla_Dgla_sb306641                                   1.8855193 1.8884897 1.6205042 1.9228090 1.7171017 0.9363398 1.6394773 1.7372376 1.6355117 1.7080137 1.6649360 1.7096300 1.0096578 1.5161015 1.8989517 1.6343738 1.8402064 1.8411647 8.9999990 1.8202561 1.8279395 3.2974662 1.5827987 1.6946849 1.4807099 1.4530827 1.9760992 1.3845925 1.6823391 2.3322269 1.1347011 1.4137021 1.9418915 1.8657781 1.8730871 1.8251876 2.0496498 1.8616882 1.9898715 0.6433593 0.6880487 0.2926694 0.3359263 0.0000000 0.0000010 4.0606148 0.6854119 0.3273001 0.7953214 0.0000010 0.8566833 0.7516161 0.8763307 1.8167008 1.7266089 2.0075151 1.7770938 1.7003947 2.6411959 2.6234897 2.0482768 2.9211676 1.9277145 1.6996836 6.8980132 2.6991821 2.1811018 9.0000000 2.1947228 9.0000000 2.6714476 1.7554297 1.8990974 8.3089819 0.0000010 0.0000010 2.5998203 0.0000010 7.2435690 8.9999984 4.1152616 4.0023369 5.2983993 3.1841830 6.0193489 
