63
Emue_Em0012g127a.t1                     0.0000000 2.2828492 0.7299681 2.1029293 1.5293444 0.0000010 2.7904849 2.8305387 2.6143853 2.6204290 2.5437799 2.6653216 1.8408316 2.5794397 2.6201959 2.6278037 2.7355786 3.0286197 2.9015119 2.3407067 2.3583979 2.8476841 4.5588240 3.8385586 3.8858629 2.4849437 2.4849437 2.4178636 2.4420410 2.0339526 3.1703909 2.4228881 4.8553734 4.4998759 4.4386419 4.4386419 4.4108058 2.9132932 4.3805299 2.7855901 2.8543042 2.8543042 2.9147366 3.0733201 2.7419705 3.0117982 2.9144500 2.7811434 2.6045418 3.1247260 2.4697153 3.5508130 4.1274829 2.7248218 2.7033392 4.7632790 9.0000000 5.3111822 4.4135692 4.0569460 5.4013817 2.1865450 5.5878737 
Spolac_c85222_g1_i1_m.3663c85222-g1     2.2828492 0.0000000 0.2642497 6.4229838 1.1421855 3.1160426 2.0420011 2.3142925 2.4213015 2.3879625 2.4380828 2.5060948 8.9999985 2.3193881 2.3679606 2.8317291 2.6767802 2.1103601 2.1555759 2.2219383 2.3120919 2.1324701 0.0000010 3.9004753 3.9004753 2.9808599 2.9808599 2.5313511 2.1565367 2.1710840 0.0000010 3.6832460 1.6037519 0.0000010 4.2767686 4.2767686 4.7994842 0.0000010 3.7278556 2.6502131 2.7564989 2.7564989 2.5251828 2.5768185 2.5453860 2.5227970 2.5961609 2.7234488 2.2512561 2.8767288 2.7141977 2.6250498 2.1259583 2.7156891 2.5940420 2.6318967 0.0000010 5.0011473 5.1154479 2.9083978 6.3682025 0.0000010 4.9446504 
Emue_Em0012g104a.t1                     0.7299681 0.2642497 0.0000000 0.9401813 1.3684841 1.5824727 1.8411197 2.7148959 1.9844270 1.9827024 2.5305482 1.9886200 1.4117679 2.0032034 2.0055592 2.0619264 2.0574603 2.0527106 2.2397256 1.9931968 1.9905670 2.0489618 1.9899978 3.1767907 2.9092043 2.2669199 2.2430128 2.0331797 2.0531875 1.9855453 1.6926769 3.0376027 2.7379204 2.3345751 3.0851832 3.0685704 3.2963549 1.7879958 2.3287700 2.1424225 2.1247463 2.1166273 2.1588166 2.1311648 2.7906735 2.2469866 2.2528972 2.2688509 2.2398818 2.3664868 2.3709455 2.8995041 2.4572151 2.5906008 2.3512109 2.6968216 3.6154895 3.7617389 3.3348639 2.8578690 2.6937923 2.4660669 3.3950520 
Tetwil_g23706.t1                        2.1029293 6.4229838 0.9401813 0.0000000 0.2249087 1.4466315 1.4034713 2.4221152 1.4532867 1.4509069 1.9746419 1.4051126 1.2623671 1.4826608 1.4824435 1.4578543 1.4347976 1.4467766 1.7820622 1.4953845 1.4562579 1.4290468 1.6922293 2.4597132 2.1845223 1.8291478 1.7836795 1.4897664 1.5582749 1.6331563 1.7222147 8.9999980 2.0108192 2.2267806 2.1876746 2.1913311 2.3028429 1.6481591 1.6255627 1.6764747 1.5819021 1.5847943 1.6794991 1.6428882 3.5769345 1.7806986 1.8572375 1.7917603 4.5452265 1.7190392 1.4435326 2.0824745 2.0012468 2.0107294 1.6865541 2.3302312 4.9540879 3.2342097 2.8594333 2.1469674 2.6215286 2.1413025 2.6244700 
Tetwil_g14407.t1                        1.5293444 1.1421855 1.3684841 0.2249087 0.0000000 3.2245441 2.3230776 2.5571853 2.2875806 2.3072268 2.2465170 2.2098044 2.2070583 2.2258473 2.2556862 2.6330877 2.4972391 2.3850033 2.3963263 2.4595860 2.5546001 2.6009407 0.0000010 3.5901103 3.5901103 2.8174912 2.8174912 2.6377903 2.6972979 2.5784293 3.0614994 3.1215725 4.0799738 2.8966412 4.0546115 4.0658855 4.2269327 1.2562553 3.5021666 2.7757362 2.7178990 2.7413343 2.7748443 2.7611380 2.9770418 3.2701458 3.2656254 3.3229310 2.4547300 3.0749294 2.9754281 3.2570284 3.2864926 2.7495081 2.6036967 3.7612473 0.0000010 4.6362654 3.1740314 3.5395843 3.0257392 2.8174664 3.0589535 
Amil_Amillepora05272-RA                 0.0000010 3.1160426 1.5824727 1.4466315 3.2245441 0.0000000 0.8928772 3.4426897 0.9527212 0.9352511 3.4451359 1.0929528 2.4275404 0.7796956 0.7527727 1.1111003 0.9516752 1.1855026 3.0696541 0.9774745 1.1218081 1.0406807 1.2435639 4.4049925 2.1551689 1.6101421 1.6101421 1.0747760 1.3238640 1.4369695 1.6619422 2.9973609 1.6655917 3.1265733 1.8458277 1.8722168 2.8235263 1.2782374 1.1949768 1.3362805 1.5189057 1.5189057 1.5282683 1.4750982 1.4935703 1.2901711 1.4517127 1.4100178 2.4123472 1.4232385 1.0311104 1.8595926 2.0548076 2.6983419 3.0276767 2.5159866 3.8928443 3.3068112 3.8973382 1.8877091 4.1429553 3.9779683 4.9443874 
Bralan_BLAG07101635_1                   2.7904849 2.0420011 1.8411197 1.4034713 2.3230776 0.8928772 0.0000000 1.7004142 1.2660740 1.2849385 1.4738420 1.2101846 1.0150159 1.2587010 1.2703444 1.2146102 1.2585842 1.2670886 1.5611691 1.0536885 1.1491711 1.1497197 1.3625643 2.4413426 2.1830084 1.6115421 1.6015060 1.2896115 1.3204435 1.2805478 1.2987255 2.0064069 2.3068634 2.0571343 2.2820165 2.2908593 2.3799827 1.2872558 1.7609034 1.6081422 1.6536155 1.6556561 1.6735447 1.6410755 2.4174811 1.8563485 1.9382190 1.9683701 1.6694923 1.7932289 1.6146745 2.1264469 1.9627346 1.7511017 1.6312395 2.3314693 3.7885698 3.2288472 2.4404794 2.2666820 3.4249454 3.3868701 3.8019916 
Gfas_gfas1.m1.22590.m1                  2.8305387 2.3142925 2.7148959 2.4221152 2.5571853 3.4426897 1.7004142 0.0000000 0.3604463 0.3847100 0.3317598 0.3250348 1.5104691 0.3605577 0.3650362 1.0281550 0.9084968 1.4961148 1.5699809 1.8235981 1.9228140 1.7805964 0.0000010 3.0506202 3.0506202 2.2842107 2.2842107 1.9738505 1.9760457 1.8343251 1.3012743 2.7140939 3.1934940 2.1806802 3.1560184 3.1613131 3.4308983 0.0000010 2.4927825 1.9100845 1.9510344 1.9645931 1.9314450 1.9475685 2.3391446 2.6404945 2.7528535 2.6027594 1.5999735 2.5949652 2.1499327 2.7098591 2.7547278 2.3312002 2.0902297 3.4452553 0.0000010 4.8750931 2.2132976 2.9793265 4.8206623 4.9295096 4.4221855 
Spis_XP_022779073_1                     2.6143853 2.4213015 1.9844270 1.4532867 2.2875806 0.9527212 1.2660740 0.3604463 0.0000000 0.0861074 0.2799328 0.2412768 0.4120539 0.4164839 0.4195945 0.8074149 0.7476862 1.0815225 1.4111749 1.2918614 1.4081203 1.2374147 1.3010591 2.6665243 2.3318990 1.8267447 1.8087554 1.3843828 1.4802591 1.4150040 1.2892610 2.5030664 2.1904095 2.1335437 2.2430320 2.2422924 2.5503076 1.4677057 1.7909913 1.5763860 1.5549822 1.5547777 1.5565759 1.5465810 2.1427184 1.8649036 1.9899402 1.8774911 1.6447996 1.7238072 1.6827970 2.1533123 2.2050008 1.9897507 1.7966069 2.5841540 3.2003455 3.3529947 2.6589992 2.3466506 3.3466973 3.3936981 3.7323300 
Pocdam_XM_027183303.1                   2.6204290 2.3879625 1.9827024 1.4509069 2.3072268 0.9352511 1.2849385 0.3847100 0.0861074 0.0000000 0.2853874 0.2405369 0.4030725 0.4132110 0.4150034 0.7995352 0.7360086 1.1039861 1.3991704 1.3158053 1.3773767 1.2952213 1.2026931 2.5861710 2.2448219 1.8235357 1.8148820 1.3882622 1.4662698 1.4032442 1.2322345 2.6174526 2.1423179 2.1040602 2.1900098 2.1879120 2.4961071 1.4069351 1.7733081 1.5646071 1.5506184 1.5547032 1.5447458 1.5192575 2.2111886 1.8919353 1.9718164 1.8440692 1.6050483 1.7131372 1.6297566 2.1262367 2.1386314 2.0785111 1.8273162 2.5396022 3.0892042 3.3230122 2.5958419 2.3787185 3.2752486 3.1701996 3.8434732 
Gasp_gasp1.m3.30143.m1                  2.5437799 2.4380828 2.5305482 1.9746419 2.2465170 3.4451359 1.4738420 0.3317598 0.2799328 0.2853874 0.0000000 0.1771927 0.3410367 0.4466484 0.4489522 0.8981725 0.8150035 1.3771556 1.5152594 1.5167871 1.6733771 1.5747783 0.0000010 2.7995620 2.7995620 2.1182060 2.1182060 1.8143012 1.7526437 1.7279998 1.4977348 2.7270177 2.5609540 2.0407668 2.6191081 2.6284505 2.8730794 1.4496548 2.2381087 1.8239993 1.9040769 1.9110324 1.8303197 1.8774885 2.0994176 2.1989001 2.2973606 2.2942858 1.6146809 2.1076794 2.2174568 2.4043703 2.5082937 2.0646012 1.8595074 2.9382670 0.0000010 3.7912629 2.6744419 2.9298336 3.4047220 3.1946617 3.7857480 
Fspp_ffun1.m4.9550.m1                   2.6653216 2.5060948 1.9886200 1.4051126 2.2098044 1.0929528 1.2101846 0.3250348 0.2412768 0.2405369 0.1771927 0.0000000 0.3661517 0.3703424 0.3736719 0.7533339 0.6927051 1.1216040 1.3963199 1.2761150 1.3557544 1.2389087 1.2007619 2.6850819 2.3104196 1.8260612 1.8151148 1.4075359 1.3998822 1.4247714 1.1790041 2.5728670 2.1489208 2.1044309 2.2889837 2.2890449 2.4730300 1.4107029 1.7675632 1.5453514 1.5503605 1.5544462 1.5805844 1.5508013 2.1797507 1.8137347 1.9556329 1.8416498 1.6304648 1.7310267 1.6695065 2.1127669 2.0860033 1.9688323 1.8074699 2.4611775 4.2135265 3.4277682 2.4990611 2.4479704 3.4943818 3.5578635 3.7138500 
Gfas_gfas1.m1.22784.m1                  1.8408316 8.9999985 1.4117679 1.2623671 2.2070583 2.4275404 1.0150159 1.5104691 0.4120539 0.4030725 0.3410367 0.3661517 0.0000000 0.3356384 0.3443578 0.7054201 0.6053239 0.8445098 1.0521870 0.8954109 0.9423283 0.9598537 2.3219459 1.7468929 1.8698423 1.6566194 1.5989534 1.0449551 0.9996332 1.0849982 1.1468048 9.0000000 1.7528115 1.8710324 1.8495927 1.8447604 1.7822916 1.5651848 1.4664332 1.4185035 1.3533570 1.3557232 1.3128281 1.3236306 9.0000000 1.4730802 1.5227791 1.4116316 4.3963224 1.2073531 0.8296670 1.7294311 1.7946133 1.4569298 1.2500225 1.8264801 8.9999990 2.5037701 2.6876475 1.8612012 2.6805331 2.2373257 1.8343412 
Amil_Amillepora05275-RA                 2.5794397 2.3193881 2.0032034 1.4826608 2.2258473 0.7796956 1.2587010 0.3605577 0.4164839 0.4132110 0.4466484 0.3703424 0.3356384 0.0000000 0.0174436 0.8283720 0.7187811 1.1034588 1.4288132 1.2668104 1.3543634 1.2261128 1.3438107 2.5422711 2.2624902 1.7943241 1.7890423 1.4386859 1.4973390 1.4812440 1.1780802 2.5758792 2.2549569 2.1824194 2.2820986 2.2916792 2.4772113 1.4684309 1.7709596 1.5775775 1.6065559 1.6076564 1.6404178 1.5881172 2.2470616 1.8515641 1.9649730 1.8429490 1.5980715 1.8062180 1.7597609 2.1647694 2.1298323 2.0339716 1.7744185 2.6211907 3.9515966 3.6464450 2.4942468 2.3494856 3.3237545 3.5308564 3.9030466 
Adig_XM_015893449.1                     2.6201959 2.3679606 2.0055592 1.4824435 2.2556862 0.7527727 1.2703444 0.3650362 0.4195945 0.4150034 0.4489522 0.3736719 0.3443578 0.0174436 0.0000000 0.8334771 0.7175238 1.1162544 1.4144995 1.2680369 1.3779970 1.2416491 1.3924041 2.5091926 2.2536549 1.8011619 1.7959943 1.4549435 1.5083446 1.4892587 1.2088283 2.6482819 2.2705808 2.1892551 2.2974428 2.3070709 2.4997979 1.4779925 1.7733214 1.5853125 1.6252083 1.6263171 1.6479839 1.6013284 2.2752313 1.8657455 1.9918796 1.8785035 1.6300682 1.8225486 1.7513467 2.1889528 2.1425633 2.0529560 1.8155061 2.6378749 4.0853062 3.6788865 2.4510759 2.3729659 3.3112221 3.4914215 3.8460217 
Nvec_v1g160127                          2.6278037 2.8317291 2.0619264 1.4578543 2.6330877 1.1111003 1.2146102 1.0281550 0.8074149 0.7995352 0.8981725 0.7533339 0.7054201 0.8283720 0.8334771 0.0000000 0.6161510 1.1237014 1.3565113 1.1946194 1.3600575 1.2445896 1.4192201 2.5741129 2.2992738 1.8007195 1.7713332 1.4071547 1.3830686 1.5631530 1.1723280 2.9680279 2.0910368 1.9554713 2.3137391 2.3149612 2.5034839 1.4290652 1.7060650 1.6204077 1.6179230 1.6243526 1.7144633 1.6126839 2.4081826 1.9499633 2.1671915 1.9243040 1.8591751 1.7404150 1.8149603 2.2263912 2.0503574 2.0393071 1.7536840 2.4317786 4.6867484 3.3560181 2.7579119 2.3881423 3.3661465 3.2113243 4.0360387 
Exapal_XM_021044231.2                   2.7355786 2.6767802 2.0574603 1.4347976 2.4972391 0.9516752 1.2585842 0.9084968 0.7476862 0.7360086 0.8150035 0.6927051 0.6053239 0.7187811 0.7175238 0.6161510 0.0000000 1.0983429 1.3373382 1.1705924 1.3085190 1.3436093 1.2896492 2.4847334 2.2124189 1.7026114 1.6856087 1.3685042 1.4011301 1.5114974 1.2978881 2.4974236 1.9856289 1.7980329 2.1346855 2.1231391 2.4783982 1.4422837 1.6449844 1.4822917 1.4599460 1.4693692 1.5613040 1.4981689 2.2838086 1.8312191 1.9173329 1.8446202 1.7999602 1.8111276 1.6683038 2.1764003 2.0768163 2.0352077 1.8012025 2.4855685 4.3177878 3.6421133 2.6565747 2.3544724 3.1915111 3.2327422 4.0651362 
Dgig_XM_028535636.1                     3.0286197 2.1103601 2.0527106 1.4467766 2.3850033 1.1855026 1.2670886 1.4961148 1.0815225 1.1039861 1.3771556 1.1216040 0.8445098 1.1034588 1.1162544 1.1237014 1.0983429 0.0000000 0.5926229 1.2765472 1.4209030 1.3310065 1.3547346 2.6218847 2.3264546 1.7973350 1.7915531 1.4865757 1.4078959 1.5153030 1.1168286 2.4094094 2.2932270 2.0663968 2.2772701 2.2832720 2.4956326 1.3240702 1.7466635 1.5949569 1.5132934 1.5010016 1.5817326 1.5706964 2.6226043 1.9542158 1.9538970 1.9753447 1.6757450 1.7195261 1.7882729 1.9801179 2.0315495 2.0153796 1.6880445 2.6775081 5.1130956 3.4440264 2.7115792 2.0430685 3.3073095 3.5589596 4.1572350 
Xesp_013793-T1                          2.9015119 2.1555759 2.2397256 1.7820622 2.3963263 3.0696541 1.5611691 1.5699809 1.4111749 1.3991704 1.5152594 1.3963199 1.0521870 1.4288132 1.4144995 1.3565113 1.3373382 0.5926229 0.0000000 1.5343090 1.7251943 1.6313638 3.6274662 2.6115060 2.6490202 2.0633569 2.0633569 1.8181335 1.7399959 1.7453984 1.2905920 2.7441848 2.5591910 2.0598650 2.7489556 2.7478463 2.7828453 1.7052714 1.9116601 1.6656410 1.6917854 1.6899018 1.7201603 1.6950252 2.7038106 2.4270419 2.2943109 2.3680883 1.9198440 1.9462555 2.1979497 2.3758747 2.4281753 2.1222849 1.7671382 2.7605597 0.0000010 3.7514954 2.9154427 2.4491344 3.8162877 4.0334308 4.2910280 
Skow_XM_006816923.1                     2.3407067 2.2219383 1.9931968 1.4953845 2.4595860 0.9774745 1.0536885 1.8235981 1.2918614 1.3158053 1.5167871 1.2761150 0.8954109 1.2668104 1.2680369 1.1946194 1.1705924 1.2765472 1.5343090 0.0000000 0.9553724 1.1857577 1.1930170 2.4488221 2.1505905 1.6930808 1.6857524 1.2648494 1.3380346 1.2589080 1.2463154 2.4404283 2.2136311 2.0466219 2.3456027 2.3293708 2.4403623 1.3687025 1.6832952 1.5430358 1.5958738 1.6034992 1.5824857 1.5410074 2.5451356 1.9631444 2.1838965 2.0727903 1.8285306 1.9886130 1.6435271 2.3931264 2.0725351 1.9340478 1.7659388 2.5128500 4.0769647 3.5196570 2.7930209 2.4028293 3.3071196 3.0267424 3.5489485 
Spur_XM_030975111.1                     2.3583979 2.3120919 1.9905670 1.4562579 2.5546001 1.1218081 1.1491711 1.9228140 1.4081203 1.3773767 1.6733771 1.3557544 0.9423283 1.3543634 1.3779970 1.3600575 1.3085190 1.4209030 1.7251943 0.9553724 0.0000000 1.2384880 1.3794137 2.6508475 2.3492032 1.7895524 1.7641531 1.2306013 1.3505668 1.2738366 1.2460221 2.5475759 2.3514206 2.0470282 2.4357060 2.4315753 2.7614110 1.4143612 1.7046938 1.5826715 1.6035802 1.6051408 1.6617311 1.5761320 2.5624962 1.7695506 1.9184398 1.8089418 1.8751212 1.8378418 1.6817609 2.1693974 2.2629662 1.9661348 1.7341962 2.5059511 5.0313191 3.6358065 3.1466534 2.5452294 3.3837550 3.1930905 4.1267796 
Hsap_ENST00000639902                    2.8476841 2.1324701 2.0489618 1.4290468 2.6009407 1.0406807 1.1497197 1.7805964 1.2374147 1.2952213 1.5747783 1.2389087 0.9598537 1.2261128 1.2416491 1.2445896 1.3436093 1.3310065 1.6313638 1.1857577 1.2384880 0.0000000 1.4236905 2.5327791 2.2789846 1.7481286 1.7329316 1.2835492 1.3868092 1.4076917 1.2667783 2.2008175 2.2479348 1.8791098 2.3446995 2.3441871 2.5304721 1.4531619 1.7712015 1.6638819 1.6404694 1.6403039 1.6848037 1.6767103 2.5251736 1.8472358 2.0968990 1.9671415 1.7355685 1.7969779 1.6819250 2.2560114 2.1321279 2.0442561 1.7923908 2.5104341 5.4739814 3.6288779 2.7042081 2.4750228 3.0584263 3.2019016 3.8290501 
Opea_EP00118_Oscarella_pearsei_P005311  4.5588240 0.0000010 1.9899978 1.6922293 0.0000010 1.2435639 1.3625643 0.0000010 1.3010591 1.2026931 0.0000010 1.2007619 2.3219459 1.3438107 1.3924041 1.4192201 1.2896492 1.3547346 3.6274662 1.1930170 1.3794137 1.4236905 0.0000000 0.0000010 0.0000010 0.5749093 0.5495052 1.4342274 1.3612722 1.3318070 1.7919227 0.0000010 1.9142243 2.5672871 2.0747362 2.0747362 2.0779488 1.8086696 1.6259299 1.6259299 1.6016808 1.6016808 1.4386376 1.5982864 0.0000010 1.4500182 1.5595771 1.4339712 0.0000010 1.6827178 1.3035842 2.0690679 1.7462371 2.4371090 5.8379341 2.4413112 4.4231660 3.6288709 2.4343268 2.1149486 4.0517850 0.0000010 0.0000010 
Opea_EP00118_Oscarella_pearsei_P012543  3.8385586 3.9004753 3.1767907 2.4597132 3.5901103 4.4049925 2.4413426 3.0506202 2.6665243 2.5861710 2.7995620 2.6850819 1.7468929 2.5422711 2.5091926 2.5741129 2.4847334 2.6218847 2.6115060 2.4488221 2.6508475 2.5327791 0.0000010 0.0000000 0.0000010 0.5688923 0.5688923 2.4058612 2.4644679 2.9260575 2.0579728 3.6273851 3.3374970 2.2857650 3.2983140 3.2963339 3.2908590 1.8339079 2.8669436 2.7403630 2.6728124 2.6623953 2.6941346 2.6515934 3.6000470 3.0718488 3.1518770 3.2366811 3.1452361 3.2750096 4.1915427 3.5730662 3.6194377 1.9762373 3.1279499 3.8111015 0.0000010 4.7459981 3.6284976 3.5368095 3.7529389 3.3446107 4.4540108 
Ocar_g4149                              3.8858629 3.9004753 2.9092043 2.1845223 3.5901103 2.1551689 2.1830084 3.0506202 2.3318990 2.2448219 2.7995620 2.3104196 1.8698423 2.2624902 2.2536549 2.2992738 2.2124189 2.3264546 2.6490202 2.1505905 2.3492032 2.2789846 0.0000010 0.0000010 0.0000000 0.5622011 0.5599308 2.1903569 2.2137843 2.5175493 1.9927746 3.6273851 2.9096892 2.3245771 3.0356403 3.0343958 3.0631162 1.8041349 2.5174526 2.4835919 2.4292624 2.4217853 2.5074208 2.4137430 3.6000470 2.6829137 2.7565173 2.7781986 3.1452361 2.8575211 3.1434966 3.2214399 3.1221952 1.9939009 3.1531898 3.4711696 4.2262261 4.4904823 3.5694334 3.2424293 3.8164891 3.3446107 4.4540108 
Opea_EP00118_Oscarella_pearsei_P015081  2.4849437 2.9808599 2.2669199 1.8291478 2.8174912 1.6101421 1.6115421 2.2842107 1.8267447 1.8235357 2.1182060 1.8260612 1.6566194 1.7943241 1.8011619 1.8007195 1.7026114 1.7973350 2.0633569 1.6930808 1.7895524 1.7481286 0.5749093 0.5688923 0.5622011 0.0000000 0.0000010 1.7919921 1.8979279 1.9559602 1.7578904 2.4872763 2.6320823 2.2910481 2.6577417 2.6344207 2.8542680 1.6847579 2.1641102 2.0116675 2.0424833 2.0368033 2.0748372 2.0108270 2.7156249 2.2412086 2.3528718 2.3062066 2.1471698 2.2527486 2.3593200 2.5322165 2.5340641 1.4705605 2.2489518 2.9455163 4.8271880 4.0636657 3.4698751 2.8793961 3.6447371 3.2912041 3.9705683 
Ocar_g4151                              2.4849437 2.9808599 2.2430128 1.7836795 2.8174912 1.6101421 1.6015060 2.2842107 1.8087554 1.8148820 2.1182060 1.8151148 1.5989534 1.7890423 1.7959943 1.7713332 1.6856087 1.7915531 2.0633569 1.6857524 1.7641531 1.7329316 0.5495052 0.5688923 0.5599308 0.0000010 0.0000000 1.7883542 1.8955588 1.9446785 1.7420752 2.4872763 2.6376089 2.2910481 2.6516575 2.6280550 2.8799249 1.6901116 2.1695713 2.0128718 2.0188665 2.0131594 2.0748372 1.9969646 2.7156249 2.2213116 2.3258766 2.2741136 2.1471698 2.2240141 2.3392199 2.5116039 2.5525642 1.4705605 2.2489518 2.9170732 4.6643448 4.1114302 3.5297395 2.8503677 3.5713572 3.2912041 3.9705683 
Acagra_model.g29394.t1                  2.4178636 2.5313511 2.0331797 1.4897664 2.6377903 1.0747760 1.2896115 1.9738505 1.3843828 1.3882622 1.8143012 1.4075359 1.0449551 1.4386859 1.4549435 1.4071547 1.3685042 1.4865757 1.8181335 1.2648494 1.2306013 1.2835492 1.4342274 2.4058612 2.1903569 1.7919921 1.7883542 0.0000000 1.1618924 1.2757017 1.3010531 2.7815523 2.2639842 2.1176426 2.5625947 2.5501140 2.8060310 1.5812359 1.8822351 1.7262419 1.7153609 1.7176188 1.7991123 1.7219516 2.3410031 1.8878694 1.9518131 1.9693205 1.9828183 1.9960389 1.8661414 2.1650446 1.9740663 2.0466550 1.9026263 2.6456732 4.4155017 3.4116370 2.8122544 2.3565348 3.6147403 3.4519456 4.2453227 
Cgig_XM_011420154.3                     2.4420410 2.1565367 2.0531875 1.5582749 2.6972979 1.3238640 1.3204435 1.9760457 1.4802591 1.4662698 1.7526437 1.3998822 0.9996332 1.4973390 1.5083446 1.3830686 1.4011301 1.4078959 1.7399959 1.3380346 1.3505668 1.3868092 1.3612722 2.4644679 2.2137843 1.8979279 1.8955588 1.1618924 0.0000000 1.2833572 1.3380629 2.3507131 2.3274243 2.1714558 2.4851249 2.4770503 2.7327161 1.7132077 1.9255711 1.7152950 1.6670792 1.6730788 1.6628528 1.6674400 2.5867920 2.1555289 2.2131593 2.1361647 1.7938812 1.8855957 1.8788403 2.1518241 1.9668889 1.9948693 1.7881566 2.3632139 4.0743801 3.2950939 2.6540062 2.5120028 3.4290533 3.3692506 4.2044052 
Ctel_gnl_WGS_AMQN_CAPTEDRAFT_mRNA184012 2.0339526 2.1710840 1.9855453 1.6331563 2.5784293 1.4369695 1.2805478 1.8343251 1.4150040 1.4032442 1.7279998 1.4247714 1.0849982 1.4812440 1.4892587 1.5631530 1.5114974 1.5153030 1.7453984 1.2589080 1.2738366 1.4076917 1.3318070 2.9260575 2.5175493 1.9559602 1.9446785 1.2757017 1.2833572 0.0000000 1.4897532 2.5342398 2.5682365 2.3239134 2.7530053 2.7328660 2.9733889 1.8033943 1.9995134 1.7451601 1.8306543 1.8394476 1.8323579 1.7701686 2.7709721 2.0812486 2.2629102 2.1082469 1.7793142 1.8393266 2.0338813 2.1122107 2.0966728 2.2889496 1.8754060 2.6028508 4.7040121 3.6540143 2.8308607 2.5883586 3.5741744 3.5779706 3.9964772 
Cscu_XM_023357649.1                     3.1703909 0.0000010 1.6926769 1.7222147 3.0614994 1.6619422 1.2987255 1.3012743 1.2892610 1.2322345 1.4977348 1.1790041 1.1468048 1.1780802 1.2088283 1.1723280 1.2978881 1.1168286 1.2905920 1.2463154 1.2460221 1.2667783 1.7919227 2.0579728 1.9927746 1.7578904 1.7420752 1.3010531 1.3380629 1.4897532 0.0000000 0.0000010 1.9700929 2.2147984 2.0739993 2.0443050 1.9597070 1.7502379 1.6784778 1.5112642 1.4975148 1.4993142 1.5852503 1.5585457 0.0000010 1.7856814 1.9369634 1.8432868 0.0000010 1.6775411 0.2874338 2.2466013 1.7005183 1.7394661 1.4117055 2.3528183 6.4090104 3.0856995 2.5643737 2.1629558 2.8134100 2.7924786 2.8359703 
HoiH23_PlH23_005469-RA                  2.4228881 3.6832460 3.0376027 8.9999980 3.1215725 2.9973609 2.0064069 2.7140939 2.5030664 2.6174526 2.7270177 2.5728670 9.0000000 2.5758792 2.6482819 2.9680279 2.4974236 2.4094094 2.7441848 2.4404283 2.5475759 2.2008175 0.0000010 3.6273851 3.6273851 2.4872763 2.4872763 2.7815523 2.3507131 2.5342398 0.0000010 0.0000000 0.9642346 0.0000010 0.3072151 0.3072151 0.6612727 0.0000010 1.7549827 1.4393397 1.4870831 1.4870831 1.5906586 1.5292486 3.3682420 3.3743723 3.2701337 3.5185143 2.7231963 2.7555593 3.2081827 3.2738686 2.9226996 2.3647082 2.8217329 3.6186129 0.0000010 5.5811132 3.7204972 2.7820710 7.9443871 0.0000010 5.4139091 
HoiH23_PlH23_005468-RA                  4.8553734 1.6037519 2.7379204 2.0108192 4.0799738 1.6655917 2.3068634 3.1934940 2.1904095 2.1423179 2.5609540 2.1489208 1.7528115 2.2549569 2.2705808 2.0910368 1.9856289 2.2932270 2.5591910 2.2136311 2.3514206 2.2479348 1.9142243 3.3374970 2.9096892 2.6320823 2.6376089 2.2639842 2.3274243 2.5682365 1.9700929 0.9642346 0.0000000 0.2137976 0.3278159 0.3192292 0.7203650 0.4624878 1.6655618 1.4722425 1.4858644 1.5004948 1.3981107 1.3824571 4.3293262 2.7505432 2.9815314 2.8242914 2.2574628 2.8405978 2.4408124 2.8732431 2.8739353 2.9781927 2.6942847 3.2845370 5.7389699 4.6290712 2.9912835 3.2714435 3.8555115 3.3402725 4.3348600 
HoiH06_mRNA11825                        4.4998759 0.0000010 2.3345751 2.2267806 2.8966412 3.1265733 2.0571343 2.1806802 2.1335437 2.1040602 2.0407668 2.1044309 1.8710324 2.1824194 2.1892551 1.9554713 1.7980329 2.0663968 2.0598650 2.0466219 2.0470282 1.8791098 2.5672871 2.2857650 2.3245771 2.2910481 2.2910481 2.1176426 2.1714558 2.3239134 2.2147984 0.0000010 0.2137976 0.0000000 0.4567097 0.4598314 0.7251817 0.6581997 1.7445875 1.5329302 1.5420672 1.5644905 1.3959553 1.5008756 0.0000010 2.2233381 2.3495223 2.3494368 0.0000010 2.2119043 2.0955351 2.7453709 2.3652201 2.5182614 2.1419314 2.4660168 1.6704914 3.4929135 2.9050412 3.2554964 3.5999567 2.9680809 2.9992364 
Hhon_g02135.t1                          4.4386419 4.2767686 3.0851832 2.1876746 4.0546115 1.8458277 2.2820165 3.1560184 2.2430320 2.1900098 2.6191081 2.2889837 1.8495927 2.2820986 2.2974428 2.3137391 2.1346855 2.2772701 2.7489556 2.3456027 2.4357060 2.3446995 2.0747362 3.2983140 3.0356403 2.6577417 2.6516575 2.5625947 2.4851249 2.7530053 2.0739993 0.3072151 0.3278159 0.4567097 0.0000000 0.0056554 0.8139212 0.4785668 1.7051057 1.5477094 1.5518072 1.5658941 1.5159426 1.4748209 3.5055057 3.0350946 3.2164049 3.1383595 2.8866168 2.7088602 2.6619074 3.0540428 2.9650692 2.8549695 2.7311169 3.4731997 5.0172807 4.6984536 3.1991660 3.1589098 3.9186567 3.3422086 4.8355787 
HoiH04_mRNA7261                         4.4386419 4.2767686 3.0685704 2.1913311 4.0658855 1.8722168 2.2908593 3.1613131 2.2422924 2.1879120 2.6284505 2.2890449 1.8447604 2.2916792 2.3070709 2.3149612 2.1231391 2.2832720 2.7478463 2.3293708 2.4315753 2.3441871 2.0747362 3.2963339 3.0343958 2.6344207 2.6280550 2.5501140 2.4770503 2.7328660 2.0443050 0.3072151 0.3192292 0.4598314 0.0056554 0.0000000 0.8077525 0.4677423 1.7157712 1.5469067 1.5478412 1.5618774 1.5118161 1.4711601 3.5055057 3.0316386 3.2102647 3.1554466 2.8866168 2.6984384 2.6529847 3.0445949 2.9459814 2.8378167 2.7358372 3.4753821 5.0172807 4.7012404 3.1147588 3.1654865 3.9117419 3.3167238 4.8024844 
TrH2_TrispH2_001781-RA                  4.4108058 4.7994842 3.2963549 2.3028429 4.2269327 2.8235263 2.3799827 3.4308983 2.5503076 2.4961071 2.8730794 2.4730300 1.7822916 2.4772113 2.4997979 2.5034839 2.4783982 2.4956326 2.7828453 2.4403623 2.7614110 2.5304721 2.0779488 3.2908590 3.0631162 2.8542680 2.8799249 2.8060310 2.7327161 2.9733889 1.9597070 0.6612727 0.7203650 0.7251817 0.8139212 0.8077525 0.0000000 0.0275881 2.1813665 1.8285379 1.8064111 1.8079261 1.8669828 1.7625506 4.5322744 3.0587582 3.2140157 3.2128619 3.5372091 3.0550342 2.9763545 3.4853111 3.1954445 3.0507891 3.0267464 3.6683182 8.9999987 4.9996842 3.4000583 3.4947351 3.9178867 3.7319314 5.3912249 
Tadh_TriadT23890                        2.9132932 0.0000010 1.7879958 1.6481591 1.2562553 1.2782374 1.2872558 0.0000010 1.4677057 1.4069351 1.4496548 1.4107029 1.5651848 1.4684309 1.4779925 1.4290652 1.4422837 1.3240702 1.7052714 1.3687025 1.4143612 1.4531619 1.8086696 1.8339079 1.8041349 1.6847579 1.6901116 1.5812359 1.7132077 1.8033943 1.7502379 0.0000010 0.4624878 0.6581997 0.4785668 0.4677423 0.0275881 0.0000000 1.2142889 1.2212852 1.1793175 1.1859660 1.1187604 1.1609190 0.0000010 1.5619039 1.5266117 1.6598453 0.0000010 1.6314808 1.2954752 1.8425137 1.8766124 1.6746895 1.6728546 2.1125014 6.2085174 3.0240663 2.1794619 2.2023220 3.3998517 2.4097254 1.8735776 
Tadh_TriadT18467                        4.3805299 3.7278556 2.3287700 1.6255627 3.5021666 1.1949768 1.7609034 2.4927825 1.7909913 1.7733081 2.2381087 1.7675632 1.4664332 1.7709596 1.7733214 1.7060650 1.6449844 1.7466635 1.9116601 1.6832952 1.7046938 1.7712015 1.6259299 2.8669436 2.5174526 2.1641102 2.1695713 1.8822351 1.9255711 1.9995134 1.6784778 1.7549827 1.6655618 1.7445875 1.7051057 1.7157712 2.1813665 1.2142889 0.0000000 0.1312360 0.5718516 0.5707093 0.5801358 0.5681364 4.2610680 2.2359580 2.4230153 2.3896388 3.4009935 2.3700853 1.9250267 2.5052507 2.5328160 2.5069400 2.3406817 2.9480360 3.6911817 4.1303218 3.0887853 2.7993492 3.8196355 3.8940301 4.3595221 
TrH2_TrispH2_000136-RA                  2.7855901 2.6502131 2.1424225 1.6764747 2.7757362 1.3362805 1.6081422 1.9100845 1.5763860 1.5646071 1.8239993 1.5453514 1.4185035 1.5775775 1.5853125 1.6204077 1.4822917 1.5949569 1.6656410 1.5430358 1.5826715 1.6638819 1.6259299 2.7403630 2.4835919 2.0116675 2.0128718 1.7262419 1.7152950 1.7451601 1.5112642 1.4393397 1.4722425 1.5329302 1.5477094 1.5469067 1.8285379 1.2212852 0.1312360 0.0000000 0.3828680 0.3844184 0.3567045 0.3741249 2.8319154 2.1923202 2.3254614 2.3439191 2.1211265 2.1559343 1.8350257 2.3171787 2.3417434 2.2365922 2.0189536 2.5580331 3.6911817 3.8210857 2.8039517 2.5378732 3.6503049 3.6479328 4.0798363 
Hhon_g04436.t1                          2.8543042 2.7564989 2.1247463 1.5819021 2.7178990 1.5189057 1.6536155 1.9510344 1.5549822 1.5506184 1.9040769 1.5503605 1.3533570 1.6065559 1.6252083 1.6179230 1.4599460 1.5132934 1.6917854 1.5958738 1.6035802 1.6404694 1.6016808 2.6728124 2.4292624 2.0424833 2.0188665 1.7153609 1.6670792 1.8306543 1.4975148 1.4870831 1.4858644 1.5420672 1.5518072 1.5478412 1.8064111 1.1793175 0.5718516 0.3828680 0.0000000 0.0057664 0.1427694 0.1617473 2.7630783 2.1984119 2.2345093 2.3100813 2.1611031 2.1633532 1.8055911 2.3745450 2.3170330 2.1053919 2.1068648 2.5419721 3.6212105 3.7034286 2.7841148 2.6630691 3.4626548 3.4515745 4.2562264 
HoiH04_mRNA15397                        2.8543042 2.7564989 2.1166273 1.5847943 2.7413343 1.5189057 1.6556561 1.9645931 1.5547777 1.5547032 1.9110324 1.5544462 1.3557232 1.6076564 1.6263171 1.6243526 1.4693692 1.5010016 1.6899018 1.6034992 1.6051408 1.6403039 1.6016808 2.6623953 2.4217853 2.0368033 2.0131594 1.7176188 1.6730788 1.8394476 1.4993142 1.4870831 1.5004948 1.5644905 1.5658941 1.5618774 1.8079261 1.1859660 0.5707093 0.3844184 0.0057664 0.0000000 0.1444015 0.1652780 2.7630783 2.1954949 2.2205704 2.3150697 2.1611031 2.1663041 1.8379587 2.3616550 2.3296354 2.1023773 2.1166232 2.5180520 3.6212105 3.6896534 2.7841148 2.6801526 3.5200059 3.4785845 4.2723266 
HoiH06_mRNA934                          2.9147366 2.5251828 2.1588166 1.6794991 2.7748443 1.5282683 1.6735447 1.9314450 1.5565759 1.5447458 1.8303197 1.5805844 1.3128281 1.6404178 1.6479839 1.7144633 1.5613040 1.5817326 1.7201603 1.5824857 1.6617311 1.6848037 1.4386376 2.6941346 2.5074208 2.0748372 2.0748372 1.7991123 1.6628528 1.8323579 1.5852503 1.5906586 1.3981107 1.3959553 1.5159426 1.5118161 1.8669828 1.1187604 0.5801358 0.3567045 0.1427694 0.1444015 0.0000000 0.0683953 2.9552463 2.2567729 2.3010803 2.3774196 2.2203628 2.1510261 1.9669465 2.3071070 2.3100165 2.2129953 2.0560660 2.6653500 2.4452247 3.8566374 3.1647841 2.7381338 3.6572767 3.7667677 4.4915596 
HoiH23_PlH23_001862-RA                  3.0733201 2.5768185 2.1311648 1.6428882 2.7611380 1.4750982 1.6410755 1.9475685 1.5465810 1.5192575 1.8774885 1.5508013 1.3236306 1.5881172 1.6013284 1.6126839 1.4981689 1.5706964 1.6950252 1.5410074 1.5761320 1.6767103 1.5982864 2.6515934 2.4137430 2.0108270 1.9969646 1.7219516 1.6674400 1.7701686 1.5585457 1.5292486 1.3824571 1.5008756 1.4748209 1.4711601 1.7625506 1.1609190 0.5681364 0.3741249 0.1617473 0.1652780 0.0683953 0.0000000 2.9229052 2.2591671 2.3148402 2.3562059 2.2504294 2.1443128 1.8460394 2.3351428 2.3255820 2.1206821 2.0409378 2.7168531 3.7526607 3.9387012 2.9304435 2.6107962 3.7268332 3.6182928 4.3705159 
Leuniv_Lniv_C798094_01                  2.7419705 2.5453860 2.7906735 3.5769345 2.9770418 1.4935703 2.4174811 2.3391446 2.1427184 2.2111886 2.0994176 2.1797507 9.0000000 2.2470616 2.2752313 2.4081826 2.2838086 2.6226043 2.7038106 2.5451356 2.5624962 2.5251736 0.0000010 3.6000470 3.6000470 2.7156249 2.7156249 2.3410031 2.5867920 2.7709721 0.0000010 3.3682420 4.3293262 0.0000010 3.5055057 3.5055057 4.5322744 0.0000010 4.2610680 2.8319154 2.7630783 2.7630783 2.9552463 2.9229052 0.0000000 0.4804013 0.4706579 0.6032537 1.2706152 3.3654515 2.8745473 3.0784880 2.9226258 2.9283046 3.2267084 3.7217665 0.0000010 5.9082661 3.1220177 3.4150800 5.7592684 0.0000010 5.7636669 
Gracom_Gcom_C558756_01                  3.0117982 2.5227970 2.2469866 1.7806986 3.2701458 1.2901711 1.8563485 2.6404945 1.8649036 1.8919353 2.1989001 1.8137347 1.4730802 1.8515641 1.8657455 1.9499633 1.8312191 1.9542158 2.4270419 1.9631444 1.7695506 1.8472358 1.4500182 3.0718488 2.6829137 2.2412086 2.2213116 1.8878694 2.1555289 2.0812486 1.7856814 3.3743723 2.7505432 2.2233381 3.0350946 3.0316386 3.0587582 1.5619039 2.2359580 2.1923202 2.1984119 2.1954949 2.2567729 2.2591671 0.4804013 0.0000000 0.5360685 0.6637325 1.3160677 2.4323652 2.3775514 2.6269361 2.5853063 2.5103279 2.5082048 3.0407222 4.7891725 4.2055907 3.9121913 2.9144749 4.2109743 4.3815479 5.4292559 
Scil_scict018006.1                      2.9144500 2.5961609 2.2528972 1.8572375 3.2656254 1.4517127 1.9382190 2.7528535 1.9899402 1.9718164 2.2973606 1.9556329 1.5227791 1.9649730 1.9918796 2.1671915 1.9173329 1.9538970 2.2943109 2.1838965 1.9184398 2.0968990 1.5595771 3.1518770 2.7565173 2.3528718 2.3258766 1.9518131 2.2131593 2.2629102 1.9369634 3.2701337 2.9815314 2.3495223 3.2164049 3.2102647 3.2140157 1.5266117 2.4230153 2.3254614 2.2345093 2.2205704 2.3010803 2.3148402 0.4706579 0.5360685 0.0000000 0.6234681 1.2576555 2.5413270 2.5943779 2.6857967 2.6290079 2.5694889 2.5665845 3.0627676 4.6054546 4.4363156 3.6830119 2.9338289 4.1114999 3.9141193 5.4874979 
Lcom_lcpid38853                         2.7811434 2.7234488 2.2688509 1.7917603 3.3229310 1.4100178 1.9683701 2.6027594 1.8774911 1.8440692 2.2942858 1.8416498 1.4116316 1.8429490 1.8785035 1.9243040 1.8446202 1.9753447 2.3680883 2.0727903 1.8089418 1.9671415 1.4339712 3.2366811 2.7781986 2.3062066 2.2741136 1.9693205 2.1361647 2.1082469 1.8432868 3.5185143 2.8242914 2.3494368 3.1383595 3.1554466 3.2128619 1.6598453 2.3896388 2.3439191 2.3100813 2.3150697 2.3774196 2.3562059 0.6032537 0.6637325 0.6234681 0.0000000 1.2492004 2.3416571 2.5812292 2.7942304 2.6220307 2.5330877 2.4469441 3.0689172 4.8723358 4.3301579 3.7692284 2.9004928 4.2298853 4.2837716 5.4464461 
Clacor_Ccor_C531203_01                  2.6045418 2.2512561 2.2398818 4.5452265 2.4547300 2.4123472 1.6694923 1.5999735 1.6447996 1.6050483 1.6146809 1.6304648 4.3963224 1.5980715 1.6300682 1.8591751 1.7999602 1.6757450 1.9198440 1.8285306 1.8751212 1.7355685 0.0000010 3.1452361 3.1452361 2.1471698 2.1471698 1.9828183 1.7938812 1.7793142 0.0000010 2.7231963 2.2574628 0.0000010 2.8866168 2.8866168 3.5372091 0.0000010 3.4009935 2.1211265 2.1611031 2.1611031 2.2203628 2.2504294 1.2706152 1.3160677 1.2576555 1.2492004 0.0000000 2.4121384 2.1446207 2.5152981 2.6528948 2.1044944 2.3986552 2.8881120 0.0000010 4.2239795 2.8972876 2.4431566 5.7739887 0.0000010 4.8180179 
Rhoesc_Res_000908-T1                    3.1247260 2.8767288 2.3664868 1.7190392 3.0749294 1.4232385 1.7932289 2.5949652 1.7238072 1.7131372 2.1076794 1.7310267 1.2073531 1.8062180 1.8225486 1.7404150 1.8111276 1.7195261 1.9462555 1.9886130 1.8378418 1.7969779 1.6827178 3.2750096 2.8575211 2.2527486 2.2240141 1.9960389 1.8855957 1.8393266 1.6775411 2.7555593 2.8405978 2.2119043 2.7088602 2.6984384 3.0550342 1.6314808 2.3700853 2.1559343 2.1633532 2.1663041 2.1510261 2.1443128 3.3654515 2.4323652 2.5413270 2.3416571 2.4121384 0.0000000 2.3263060 1.7974341 2.6960012 2.5770215 0.3430102 2.9552865 4.5796408 3.5121976 3.5286917 2.1301994 3.3797102 3.4594252 4.3685152 
Cscu_XM_023369633.1                     2.4697153 2.7141977 2.3709455 1.4435326 2.9754281 1.0311104 1.6146745 2.1499327 1.6827970 1.6297566 2.2174568 1.6695065 0.8296670 1.7597609 1.7513467 1.8149603 1.6683038 1.7882729 2.1979497 1.6435271 1.6817609 1.6819250 1.3035842 4.1915427 3.1434966 2.3593200 2.3392199 1.8661414 1.8788403 2.0338813 0.2874338 3.2081827 2.4408124 2.0955351 2.6619074 2.6529847 2.9763545 1.2954752 1.9250267 1.8350257 1.8055911 1.8379587 1.9669465 1.8460394 2.8745473 2.3775514 2.5943779 2.5812292 2.1446207 2.3263060 0.0000000 2.8654442 2.2367056 2.5945563 2.3458535 2.9576929 4.2572552 4.1173909 3.0302847 2.7445979 3.5849735 5.2243152 5.0212099 
Morvir_scaffold12.g69.t1                3.5508130 2.6250498 2.8995041 2.0824745 3.2570284 1.8595926 2.1264469 2.7098591 2.1533123 2.1262367 2.4043703 2.1127669 1.7294311 2.1647694 2.1889528 2.2263912 2.1764003 1.9801179 2.3758747 2.3931264 2.1693974 2.2560114 2.0690679 3.5730662 3.2214399 2.5322165 2.5116039 2.1650446 2.1518241 2.1122107 2.2466013 3.2738686 2.8732431 2.7453709 3.0540428 3.0445949 3.4853111 1.8425137 2.5052507 2.3171787 2.3745450 2.3616550 2.3071070 2.3351428 3.0784880 2.6269361 2.6857967 2.7942304 2.5152981 1.7974341 2.8654442 0.0000000 2.7988493 2.7130190 1.5744918 3.1404684 4.8550437 4.0647943 3.5168899 2.4082042 4.0077118 3.9560007 4.6065148 
Dpul_mRNA8041                           4.1274829 2.1259583 2.4572151 2.0012468 3.2864926 2.0548076 1.9627346 2.7547278 2.2050008 2.1386314 2.5082937 2.0860033 1.7946133 2.1298323 2.1425633 2.0503574 2.0768163 2.0315495 2.4281753 2.0725351 2.2629662 2.1321279 1.7462371 3.6194377 3.1221952 2.5340641 2.5525642 1.9740663 1.9668889 2.0966728 1.7005183 2.9226996 2.8739353 2.3652201 2.9650692 2.9459814 3.1954445 1.8766124 2.5328160 2.3417434 2.3170330 2.3296354 2.3100165 2.3255820 2.9226258 2.5853063 2.6290079 2.6220307 2.6528948 2.6960012 2.2367056 2.7988493 0.0000000 2.6320849 2.5664912 2.7429091 4.2485324 3.5963180 3.2692109 2.7882153 3.6838216 3.7195660 5.1056442 
Plajan_Pjan_C570532_01                  2.7248218 2.7156891 2.5906008 2.0107294 2.7495081 2.6983419 1.7511017 2.3312002 1.9897507 2.0785111 2.0646012 1.9688323 1.4569298 2.0339716 2.0529560 2.0393071 2.0352077 2.0153796 2.1222849 1.9340478 1.9661348 2.0442561 2.4371090 1.9762373 1.9939009 1.4705605 1.4705605 2.0466550 1.9948693 2.2889496 1.7394661 2.3647082 2.9781927 2.5182614 2.8549695 2.8378167 3.0507891 1.6746895 2.5069400 2.2365922 2.1053919 2.1023773 2.2129953 2.1206821 2.9283046 2.5103279 2.5694889 2.5330877 2.1044944 2.5770215 2.5945563 2.7130190 2.6320849 0.0000000 2.4010039 3.5783360 0.0000010 4.2786577 3.4323805 3.0125839 3.6415478 3.4126366 4.2394227 
Nemnom_g8021.t1                         2.7033392 2.5940420 2.3512109 1.6865541 2.6036967 3.0276767 1.6312395 2.0902297 1.7966069 1.8273162 1.8595074 1.8074699 1.2500225 1.7744185 1.8155061 1.7536840 1.8012025 1.6880445 1.7671382 1.7659388 1.7341962 1.7923908 5.8379341 3.1279499 3.1531898 2.2489518 2.2489518 1.9026263 1.7881566 1.8754060 1.4117055 2.8217329 2.6942847 2.1419314 2.7311169 2.7358372 3.0267464 1.6728546 2.3406817 2.0189536 2.1068648 2.1166232 2.0560660 2.0409378 3.2267084 2.5082048 2.5665845 2.4469441 2.3986552 0.3430102 2.3458535 1.5744918 2.5664912 2.4010039 0.0000000 2.8898124 0.0000010 3.3990548 2.9139773 1.7370051 2.5150956 2.0530374 3.8954595 
Tcas_TC030891_001                       4.7632790 2.6318967 2.6968216 2.3302312 3.7612473 2.5159866 2.3314693 3.4452553 2.5841540 2.5396022 2.9382670 2.4611775 1.8264801 2.6211907 2.6378749 2.4317786 2.4855685 2.6775081 2.7605597 2.5128500 2.5059511 2.5104341 2.4413112 3.8111015 3.4711696 2.9455163 2.9170732 2.6456732 2.3632139 2.6028508 2.3528183 3.6186129 3.2845370 2.4660168 3.4731997 3.4753821 3.6683182 2.1125014 2.9480360 2.5580331 2.5419721 2.5180520 2.6653500 2.7168531 3.7217665 3.0407222 3.0627676 3.0689172 2.8881120 2.9552865 2.9576929 3.1404684 2.7429091 3.5783360 2.8898124 0.0000000 2.0774983 1.5912320 3.3383671 2.9922951 3.7125897 3.6808183 4.8868126 
Tcas_TC006995_001                       9.0000000 0.0000010 3.6154895 4.9540879 0.0000010 3.8928443 3.7885698 0.0000010 3.2003455 3.0892042 0.0000010 4.2135265 8.9999990 3.9515966 4.0853062 4.6867484 4.3177878 5.1130956 0.0000010 4.0769647 5.0313191 5.4739814 4.4231660 0.0000010 4.2262261 4.8271880 4.6643448 4.4155017 4.0743801 4.7040121 6.4090104 0.0000010 5.7389699 1.6704914 5.0172807 5.0172807 8.9999987 6.2085174 3.6911817 3.6911817 3.6212105 3.6212105 2.4452247 3.7526607 0.0000010 4.7891725 4.6054546 4.8723358 0.0000010 4.5796408 4.2572552 4.8550437 4.2485324 0.0000010 0.0000010 2.0774983 0.0000000 0.4591523 0.0000010 4.8470856 6.0229441 0.0000010 0.0000010 
Tcas_TC031573_001                       5.3111822 5.0011473 3.7617389 3.2342097 4.6362654 3.3068112 3.2288472 4.8750931 3.3529947 3.3230122 3.7912629 3.4277682 2.5037701 3.6464450 3.6788865 3.3560181 3.6421133 3.4440264 3.7514954 3.5196570 3.6358065 3.6288779 3.6288709 4.7459981 4.4904823 4.0636657 4.1114302 3.4116370 3.2950939 3.6540143 3.0856995 5.5811132 4.6290712 3.4929135 4.6984536 4.7012404 4.9996842 3.0240663 4.1303218 3.8210857 3.7034286 3.6896534 3.8566374 3.9387012 5.9082661 4.2055907 4.4363156 4.3301579 4.2239795 3.5121976 4.1173909 4.0647943 3.5963180 4.2786577 3.3990548 1.5912320 0.4591523 0.0000000 3.9833365 4.0813206 4.6193522 4.4030758 6.4192017 
Hvul_g25093_1                           4.4135692 5.1154479 3.3348639 2.8594333 3.1740314 3.8973382 2.4404794 2.2132976 2.6589992 2.5958419 2.6744419 2.4990611 2.6876475 2.4942468 2.4510759 2.7579119 2.6565747 2.7115792 2.9154427 2.7930209 3.1466534 2.7042081 2.4343268 3.6284976 3.5694334 3.4698751 3.5297395 2.8122544 2.6540062 2.8308607 2.5643737 3.7204972 2.9912835 2.9050412 3.1991660 3.1147588 3.4000583 2.1794619 3.0887853 2.8039517 2.7841148 2.7841148 3.1647841 2.9304435 3.1220177 3.9121913 3.6830119 3.7692284 2.8972876 3.5286917 3.0302847 3.5168899 3.2692109 3.4323805 2.9139773 3.3383671 0.0000010 3.9833365 0.0000000 2.0747226 3.9993545 5.7459363 6.4610146 
