76
Spolac_c101100_g1_i1_m.24522c101100-g1                        0.0000000 0.0384479 1.7447260 0.3344869 0.0000010 0.0000010 0.0000010 0.0000010 2.9567513 3.0586830 8.9999988 3.5743334 3.8972232 0.0000010 3.0292104 2.2281363 3.0686439 0.0000010 4.1650475 5.1974252 3.4841469 3.1649588 3.0896159 1.8205000 5.0255673 5.2098072 4.9613876 4.9613876 5.0732005 4.6999564 4.7623613 3.8842911 6.8942086 5.5404635 5.2095449 6.3803910 4.7421566 4.6840313 5.7717778 0.0000010 4.0508185 5.3786003 7.1505027 9.0000000 5.7782281 3.1714576 4.5024103 4.4174778 5.5975622 0.0000010 0.0000010 4.5298737 0.0000010 1.3380923 0.0000010 3.8556135 5.6676905 5.4072702 6.4141925 4.4254168 3.1681698 3.7960004 3.2797972 3.8184128 3.8799703 4.7732016 3.8385195 3.8865230 3.2945565 3.4167339 5.9018912 3.8739903 4.0128846 1.0198299 2.3724580 0.0000010 
Spolac_c101100_g1_i2_m.24523c101100-g1                        0.0384479 0.0000000 0.0738678 0.3612591 0.0000010 0.0256091 0.0000010 0.0000010 2.2494811 2.2494811 2.6624572 2.4984492 2.5420291 0.0000010 2.4460639 1.8356514 2.7819528 0.0000010 2.7480571 5.1974252 2.4903324 2.2734211 2.0716276 1.6167860 3.2173330 3.2539795 3.2355224 3.2612721 3.2235993 3.0657065 3.0891999 2.6931925 3.5040424 3.2708889 3.2158753 3.3065370 3.1684995 3.0958315 3.4391407 0.0000010 2.6244605 3.3419565 3.7673077 7.0002472 1.7198396 2.3543341 2.8488303 3.7750202 4.0034775 3.4200617 9.0000000 4.2193822 0.0000010 5.0697814 3.8579325 3.2072583 3.9876819 4.1111717 3.9646070 3.4468325 2.4347483 2.9719681 2.8833562 3.0071004 2.5727139 2.3271176 2.4703056 1.4796988 2.6212383 3.1352487 3.2732694 3.2915539 3.9631348 1.0198299 2.3724580 0.0000010 
Spolac_c101100_g1_i5_m.24526c101100-g1                        1.7447260 0.0738678 0.0000000 0.5873312 0.0000010 0.0256091 0.0000010 0.0000010 1.8749058 1.8749058 2.0057998 2.0748766 2.0821630 0.0000010 2.2799340 1.8126713 2.8661447 0.0000010 2.1739280 0.0000010 1.9845742 1.7370145 1.7733208 1.6167860 2.3486404 2.3612439 2.4039774 2.4328783 2.3153952 2.2946805 2.2946805 2.1310748 2.3934671 2.3003362 2.3539678 2.1860451 2.3799354 2.3225597 2.5880081 0.0000010 2.0612863 2.6698445 2.6902127 7.0002472 1.4438760 1.9800621 2.1886782 3.5118658 3.0524812 3.4200617 9.0000000 3.7899710 0.0000010 5.0758848 3.8579325 2.6413749 3.1238491 3.3824636 2.8571229 2.9995032 2.0581208 2.4833591 2.7962488 2.6909222 2.0696299 2.1062500 2.4558114 1.4710655 2.2395558 2.7736770 2.3140957 2.9130861 4.5405676 0.0000010 8.9999984 0.0000010 
Emue_Em0017g180a.t1                                           0.3344869 0.3612591 0.5873312 0.0000000 0.2009924 0.3521764 0.9304776 0.9666061 2.2900106 2.4027313 2.0371144 2.0977757 2.2558703 1.4686327 2.1333816 1.7895836 2.2414924 1.3888418 2.2541265 2.6469249 2.2317481 2.2974520 2.0447889 1.7658197 2.4476799 2.4618973 2.4842208 2.4919285 2.4479437 2.4801966 2.4940646 2.3186267 2.9106009 2.2314660 2.2171384 2.4597109 2.2206128 2.1582527 2.2261131 2.1053923 2.3606423 2.1817619 2.7183883 2.4221564 1.7751685 2.2624471 2.4767745 4.3099561 3.3932030 2.7374892 3.1289448 3.4424563 2.3049002 3.4185459 2.7135097 3.0896875 3.0765649 3.1967246 3.5687484 2.6900014 2.3343528 2.5758327 2.4762979 2.4265779 2.8211820 2.7978289 2.3496184 1.7301684 2.6248622 2.7469618 2.7345127 2.8000324 3.6982048 2.3424175 2.4864196 0.3913830 
Spolac_c111902_g1_i1_m.45968c101100-g1                        0.0000010 0.0000010 0.0000010 0.2009924 0.0000000 0.0000010 0.0000010 0.0000010 2.9838394 2.9838394 0.0000010 2.4107851 2.2803125 0.0000010 2.4446589 0.0000010 2.2866665 0.0000010 2.5869413 2.8611784 2.5082691 2.6160652 0.0000010 0.0000010 2.4784608 2.4519325 2.2951516 2.3778092 2.3211273 2.5692954 2.5692954 1.9771999 0.0000010 2.1020962 2.1163538 0.0000010 2.0852423 2.1468448 2.1587178 2.1644318 2.5184106 2.2006834 0.0000010 3.3304837 2.1994578 2.5603480 3.2615053 0.0000010 3.7696134 0.0000010 0.0000010 3.6525450 0.0000010 0.0000010 0.0000010 4.1197074 3.3251629 3.9580754 0.0000010 2.5024384 2.2978889 9.0000000 2.5216774 2.2986458 3.0966814 5.9868467 0.0000010 2.9135718 2.5828196 2.3460920 2.6341281 2.6701733 4.2304358 2.3171096 2.4536188 0.0000010 
Spolac_c101100_g1_i4_m.24525c101100-g1                        0.0000010 0.0256091 0.0256091 0.3521764 0.0000010 0.0000000 1.1161894 1.1000660 1.6936603 2.0605412 1.5839455 1.8771878 1.9983545 1.3945062 1.6550837 1.5686087 1.7815793 1.4999820 1.8343710 0.0000010 1.6629614 1.6284774 1.7548503 1.7164708 1.7045039 1.7302177 1.7086726 1.7167118 1.6709549 1.7659060 1.7768713 2.1685032 2.5776937 1.9132285 1.8867913 1.9133574 1.7742375 1.9044502 1.8036627 0.0000010 1.8481511 1.7859254 2.0873972 1.7861210 1.7672115 2.0224830 1.8564527 8.8264301 2.7043993 2.6577127 2.8040861 2.7019608 2.1352550 3.0114484 2.7993796 2.6650877 2.5425859 2.6652698 4.5791005 2.2830672 2.2880385 2.4671383 2.3297896 2.1595306 2.4214346 2.5550888 2.1749772 1.6487229 2.1058560 1.5690310 2.2397598 2.3458052 3.3367774 0.0000010 0.0000010 0.4606667 
Stycar_maker-SC_scaffold6254-augustus-gene-0.54-mRNA-1        0.0000010 0.0000010 0.0000010 0.9304776 0.0000010 1.1161894 0.0000000 0.0594763 1.5688589 1.6457843 1.3164178 1.9902093 1.6492307 1.2340758 1.9244962 1.6213189 1.6744284 7.1711564 2.1628364 0.0000010 2.2757606 1.9742301 1.8157580 1.4651277 1.4206208 1.4320475 1.4292134 1.4292134 1.5033758 1.6412599 1.6928059 2.0819001 9.0000000 2.1256657 2.2163398 2.2100043 2.0694731 1.8235291 2.0343923 0.0000010 1.8554996 1.8282380 2.1814479 2.3834874 1.6330717 2.1427779 2.5811954 0.0000010 3.4892721 3.3766123 3.9649796 3.7661993 3.5019200 3.9916105 2.9119862 3.1052144 4.4663640 4.4564031 0.0000010 1.9006400 2.3672972 2.6881227 2.3667311 2.3254769 2.7203239 3.2128929 2.2451893 6.6215931 2.4361191 9.0000000 3.3626728 2.2993401 4.1086245 0.0000010 0.0000010 1.2998047 
Stycar_maker-SC_scaffold6254-snap-gene-0.64-mRNA-1            0.0000010 0.0000010 0.0000010 0.9666061 0.0000010 1.1000660 0.0594763 0.0000000 1.5330049 1.6398576 1.2913135 1.8718480 1.5897872 0.7735259 2.0283403 1.5477304 1.6990513 4.3944169 2.1392699 0.0000010 2.2251927 1.9152363 1.8721331 1.4933399 1.5315670 1.5725382 1.5701342 1.5701342 1.5871469 1.6809827 1.7414734 2.0974628 9.0000000 1.8821199 2.1513646 2.0803450 2.1141381 1.8248829 1.8537802 0.0000010 1.6694197 1.8199126 2.2588067 2.3809646 1.8186651 2.1297189 2.7719404 0.0000010 3.3669090 3.6114831 3.4860946 3.5590263 3.3773996 3.7138607 2.8586165 3.4600640 4.7090603 4.6944216 0.0000010 2.0464162 2.5317285 2.7768356 2.4325647 2.4485377 2.9633462 3.1149770 2.2375071 6.6215931 2.1979578 9.0000000 4.2622889 2.3625782 4.2388552 0.0000010 0.0000010 1.2797360 
Opea_EP00118_Oscarella_pearsei_P016476                        2.9567513 2.2494811 1.8749058 2.2900106 2.9838394 1.6936603 1.5688589 1.5330049 0.0000000 0.0015893 0.7913248 1.7442691 1.6959024 1.7925802 2.2491797 1.9918269 2.1353160 2.4090495 1.8224096 1.9814582 1.8646467 1.9077228 1.4441688 1.4748271 2.0738686 2.0750362 2.1050998 2.1007102 2.0748546 2.0393337 2.0490074 1.8852517 1.7204585 1.7704595 1.8367646 1.5940591 1.8407469 1.7698084 1.7602484 2.5173047 1.7572868 2.0739567 1.8782183 2.3224475 1.7257874 1.9719555 2.0734897 2.9141001 2.8833173 2.4185164 2.4561795 3.0146460 2.1289724 2.8338801 2.2278357 2.7021556 2.9017861 3.3489981 3.0347713 2.2135655 2.1450121 1.9938516 2.1722832 2.1359823 2.2830038 2.2144173 1.6308375 1.9108111 2.2403255 2.0774692 2.0358859 2.5610294 3.5319996 3.0305540 1.5971927 1.4443611 
Ocar_g3600                                                    3.0586830 2.2494811 1.8749058 2.4027313 2.9838394 2.0605412 1.6457843 1.6398576 0.0015893 0.0000000 0.8558504 1.8280839 1.7872237 1.8437118 2.4104001 2.1704966 2.3426653 2.3179986 1.9461332 1.9814582 1.9812789 2.0360900 1.5431029 1.6199765 2.2070655 2.2037303 2.2382246 2.2329718 2.2028805 2.1516695 2.1592867 2.0528235 1.7101576 1.8149331 1.9002259 1.6669981 1.8937409 1.8200900 1.8228036 2.5173047 1.7993656 2.1464518 1.9767802 3.7891866 1.8799860 2.1049443 2.2239871 2.9141001 2.9838292 2.4129409 2.5236400 3.0540014 2.1892207 2.8920238 1.9980087 2.6835797 2.8601956 3.3876430 3.0347713 2.3704113 2.1892879 2.0622640 2.2800271 2.2215990 2.4478440 2.4436284 1.8102205 1.9108111 2.3778622 2.0655852 2.0563085 2.6851865 3.9109954 3.0305540 1.5971927 5.7456761 
Plajan_Pjan_scaffold21319_01                                  8.9999988 2.6624572 2.0057998 2.0371144 0.0000010 1.5839455 1.3164178 1.2913135 0.7913248 0.8558504 0.0000000 1.4265706 1.4297030 1.4176659 2.0109211 1.8088248 1.8165280 1.7639484 1.4603608 0.0000010 1.4774818 1.3761441 1.4095592 1.1759269 1.6441419 1.6868407 1.6447780 1.6554020 1.7564096 1.7624402 1.7770931 1.4419783 1.7193159 1.5326578 1.5099029 1.5316670 1.5962675 1.5816851 1.4785077 0.0000010 1.6444703 1.6880898 1.6738464 1.7828510 1.5411470 1.5117803 1.7443469 3.8328224 2.6329310 2.3410697 2.4262885 2.4534453 2.0504669 2.6185915 2.2811843 2.5026908 2.5603140 2.5928684 2.5284740 1.9940190 1.7709856 2.0003504 1.9815520 1.9525961 1.8568743 1.5815257 1.5482754 1.6786208 1.6620228 3.9849172 1.7213276 2.3697036 2.6648134 1.0198299 0.0000010 1.1588141 
Bralan_BLAG02000498_2                                         3.5743334 2.4984492 2.0748766 2.0977757 2.4107851 1.8771878 1.9902093 1.8718480 1.7442691 1.8280839 1.4265706 0.0000000 1.5130859 1.6406244 2.4927325 2.0573218 2.4950649 1.9709971 1.4808398 2.1209299 2.0799156 2.2676484 1.5469089 1.4111705 2.1619223 2.1709377 2.2155553 2.2058118 2.1662250 2.1496721 2.1541912 1.5966963 1.6949900 1.8007897 1.7756031 1.4223357 1.8355013 1.8285838 1.8387351 2.4521579 1.3011944 1.8802218 1.7831708 2.0765529 1.8488504 1.7502778 1.8380148 4.0711645 2.8942496 2.2275137 2.4908401 3.1782488 1.9185501 2.3061701 2.2375296 2.9552967 3.0626301 3.8112023 3.0762135 2.7229641 2.3757033 2.0046440 2.3522395 2.3275814 2.2906488 1.8452039 1.2396186 2.1953603 2.3902893 2.2931126 1.9072626 2.6306963 3.5689252 3.2869712 2.4602846 1.8286784 
Skow_XM_002736359.2                                           3.8972232 2.5420291 2.0821630 2.2558703 2.2803125 1.9983545 1.6492307 1.5897872 1.6959024 1.7872237 1.4297030 1.5130859 0.0000000 1.5224017 2.3043200 2.1593538 2.4980864 2.3873491 1.7150345 1.8610083 2.2570694 2.2239330 1.8380382 1.6687423 1.9390732 1.9591133 1.9948550 1.9863376 1.9083791 2.0298879 2.0404524 1.6981947 1.7629377 1.8852701 1.8610170 1.5853561 1.7760849 1.8489616 1.7110527 2.4098289 1.4446261 1.7334862 1.6645722 2.2282065 2.0070574 2.1195011 2.0647072 3.6045930 2.9026352 2.4934674 2.7590015 2.8382196 2.0942834 2.4682598 2.4286050 2.8087374 3.1051859 3.7652731 3.0497161 2.5860155 2.6387928 2.1615663 2.4265094 2.4118019 2.4874171 2.1596673 1.6366721 2.0601723 2.5407061 2.1262624 1.9156995 2.6586845 3.6973547 2.8481773 2.3469626 1.9381975 
Aque_Aqu2.1.03419_001                                         0.0000010 0.0000010 0.0000010 1.4686327 0.0000010 1.3945062 1.2340758 0.7735259 1.7925802 1.8437118 1.4176659 1.6406244 1.5224017 0.0000000 0.0183961 1.0832004 0.9618464 1.4703884 1.8435359 0.0000010 2.0792576 2.0548485 1.9836447 1.6205965 1.8748529 1.8423731 1.8699600 1.8699600 1.7642483 1.6963903 1.6963903 2.0760274 2.2654754 1.7403515 1.8387058 1.8149326 1.9200546 1.9137971 1.8704404 0.0000010 2.3893989 1.9225432 1.9545085 1.4130982 1.7133854 1.5283946 1.9033210 0.0000010 2.3239589 2.5539947 2.5562382 1.9816921 1.8987713 2.7123247 1.9551024 2.0441257 2.2586912 2.2997322 2.8118512 1.8192098 2.0028130 2.1314826 2.1361826 2.2786489 1.7514067 2.0329393 1.9518174 1.7941441 2.0709886 1.1868732 1.5856534 1.9442056 2.7324262 0.0000010 0.0000010 2.0363134 
Aque_Aqu2.1.44116_001                                         3.0292104 2.4460639 2.2799340 2.1333816 2.4446589 1.6550837 1.9244962 2.0283403 2.2491797 2.4104001 2.0109211 2.4927325 2.3043200 0.0183961 0.0000000 1.2160055 0.9947077 1.9060000 2.5674702 3.1100726 2.7462659 2.7134080 2.5104952 1.9070688 2.4539163 2.4549552 2.4685759 2.4640983 2.4735770 2.4937041 2.5017241 2.9509510 3.3752845 2.7264647 2.5530394 2.7673824 2.5988309 2.5954509 2.5720640 2.1876272 2.9173811 2.8097445 2.8525621 2.5227542 1.8684553 2.5405435 2.8898553 5.1923656 3.4366205 2.9678873 3.2253267 3.7092339 2.2553842 3.3840759 2.8223442 3.5252679 3.6862031 3.6637180 3.8299412 2.5226912 2.7076379 2.5901076 2.7028839 2.7248642 2.7692935 2.4720035 2.3768574 2.4078025 2.7911519 3.7332999 3.0797403 2.6917073 3.1804304 1.8618623 2.6115511 1.5126551 
Xestes_maker-XT_scaffold4481-augustus-gene-0.6-mRNA-1         2.2281363 1.8356514 1.8126713 1.7895836 0.0000010 1.5686087 1.6213189 1.5477304 1.9918269 2.1704966 1.8088248 2.0573218 2.1593538 1.0832004 1.2160055 0.0000000 1.0453640 1.4443802 2.4376299 2.2005810 2.1680766 2.0756811 2.0329122 1.6884696 2.2250841 2.2295127 2.2506254 2.2397163 2.2162242 2.3664614 2.3910084 2.1913406 2.7646748 2.2884355 2.3339534 2.3633908 2.2663912 2.3626923 2.2528931 0.0000010 2.3979671 2.4702814 2.5195350 2.0740055 1.6955740 2.3210379 2.2196848 3.7204468 2.9086670 2.6336357 2.7661526 3.0239479 2.3710015 2.9844084 2.7162416 2.8347015 2.9792884 3.0317636 3.5012614 2.5151157 2.3588236 2.4110241 2.4667025 2.4268935 2.2649298 2.3507014 2.1794128 1.5387373 2.3358091 2.3312675 2.5988693 2.7187627 3.0796429 9.0000000 2.6320963 1.3075972 
Halamb_c54438_g2_i5mm.5931                                    3.0686439 2.7819528 2.8661447 2.2414924 2.2866665 1.7815793 1.6744284 1.6990513 2.1353160 2.3426653 1.8165280 2.4950649 2.4980864 0.9618464 0.9947077 1.0453640 0.0000000 1.6508970 2.5105132 2.8822542 2.6445614 2.6506127 2.2471490 1.7632879 2.5155731 2.5221745 2.5275185 2.5342302 2.4669323 2.5493133 2.5462618 2.7276812 3.3330309 2.8056589 2.5015493 2.6403487 2.4695788 2.6267861 2.4612116 2.7295856 2.5821935 2.6735081 2.7658794 2.7147165 1.8599975 2.5122983 2.6674847 4.3409429 3.2736074 2.7436056 2.6608953 3.3977430 2.2774170 3.2195994 2.6820879 3.1923019 3.2423286 3.4299537 3.7021258 2.4822225 2.7705011 2.6334457 2.7625369 2.7729716 2.9577395 2.4381141 2.0868241 1.9499587 2.6418515 2.5634102 2.9606301 2.6465393 3.6556937 3.0626928 2.6899000 1.1316658 
Stycar_snap_masked-SC_scaffold52407-processed-gene-0.0-mRNA-1 0.0000010 0.0000010 0.0000010 1.3888418 0.0000010 1.4999820 7.1711564 4.3944169 2.4090495 2.3179986 1.7639484 1.9709971 2.3873491 1.4703884 1.9060000 1.4443802 1.6508970 0.0000000 2.0466014 0.0000010 1.9729857 1.9043043 1.8038524 1.8715322 1.7182681 1.6735698 1.7000605 1.7000605 1.7066769 1.6936583 1.6936583 3.0734872 1.3496593 1.6058484 1.7511451 1.7638772 1.8115194 1.7810892 1.5405482 0.0000010 1.7190497 1.8802626 2.0755305 4.2457760 2.3785929 2.4914820 2.1726168 0.0000010 3.0917084 2.8863883 2.9946528 2.7450373 3.0032192 3.4520501 3.2650514 3.4159298 3.1847431 3.3257125 2.8118512 2.6020109 2.2271667 2.8424233 2.7197926 2.8758506 2.4959613 2.4497762 2.5867698 0.5715526 1.7382517 1.1868732 1.7935509 2.6858758 3.6865355 0.0000010 0.0000010 3.3614887 
Hsap_ENST00000362065                                          4.1650475 2.7480571 2.1739280 2.2541265 2.5869413 1.8343710 2.1628364 2.1392699 1.8224096 1.9461332 1.4603608 1.4808398 1.7150345 1.8435359 2.5674702 2.4376299 2.5105132 2.0466014 0.0000000 2.0626056 2.0807239 2.1251740 1.5508192 1.4608288 1.9889769 2.0053480 1.9538898 1.9445753 1.9877662 2.0351618 2.0422630 1.8075369 1.7520476 1.9697341 1.7971768 1.3980750 1.8181528 1.8693369 1.7966019 2.5873825 1.3975972 1.8154825 1.9152457 1.8839558 1.6795644 2.0747799 2.2227543 4.0292702 2.9818761 2.2398572 2.7171076 3.1292288 1.8147555 2.4694902 2.4299978 2.8619172 3.1153217 3.7029553 3.1280712 2.5286458 2.5410127 1.9786669 2.3886847 2.3075864 2.3610985 1.8059140 1.4005688 1.8209043 2.7260665 2.2998990 1.9833777 2.3996341 3.6208099 3.3934211 2.3679188 1.2161308 
Leuniv_Lniv_C775183_01                                        5.1974252 5.1974252 0.0000010 2.6469249 2.8611784 0.0000010 0.0000010 0.0000010 1.9814582 1.9814582 0.0000010 2.1209299 1.8610083 0.0000010 3.1100726 2.2005810 2.8822542 0.0000010 2.0626056 0.0000000 0.4484641 0.5687116 0.0000010 0.0000010 2.3351974 2.3707789 2.4625337 2.5019320 2.5184711 2.1247365 2.1247365 2.3471527 3.8801353 2.3094863 2.0004299 4.6099519 2.1848455 2.1596673 2.1855614 2.1116524 1.8722169 1.9589711 1.8076339 3.3038480 6.0553861 2.5339119 2.1066978 0.0000010 3.4439989 0.0000010 0.0000010 3.6529955 0.0000010 3.2451281 0.0000010 3.3676153 3.0077040 3.2121065 3.0247729 2.6404056 2.4841871 2.2167293 2.6968530 2.6675231 2.5820874 4.4472955 4.1269586 2.8071840 2.6707582 1.9968465 2.0458622 2.7498652 3.9729792 2.5568161 2.2609890 0.0000010 
Lcom_lcpid38817                                               3.4841469 2.4903324 1.9845742 2.2317481 2.5082691 1.6629614 2.2757606 2.2251927 1.8646467 1.9812789 1.4774818 2.0799156 2.2570694 2.0792576 2.7462659 2.1680766 2.6445614 1.9729857 2.0807239 0.4484641 0.0000000 0.5172722 0.3734743 0.9834912 2.4614068 2.4969563 2.5025923 2.5050495 2.4872646 2.5050306 2.5123816 2.2302969 2.3333588 2.4978158 2.5409226 2.0717543 2.4643441 2.5461616 2.4706832 3.3615506 1.9893989 2.3863864 1.8271386 1.9550927 1.7260899 2.3265418 2.1590392 3.6728693 2.9968188 2.5051309 2.5129928 2.9519975 2.3557563 2.5844094 2.5839961 3.0438005 2.7634266 3.3997294 3.2059703 2.7088428 2.5834266 2.0930760 2.5809131 2.6627412 2.6036856 2.2535465 1.7516234 2.0455197 2.6988578 2.7152889 2.3041685 2.5803772 3.6437613 4.2056774 2.9392499 1.2429785 
Gracom_Gcom_C559338_01                                        3.1649588 2.2734211 1.7370145 2.2974520 2.6160652 1.6284774 1.9742301 1.9152363 1.9077228 2.0360900 1.3761441 2.2676484 2.2239330 2.0548485 2.7134080 2.0756811 2.6506127 1.9043043 2.1251740 0.5687116 0.5172722 0.0000000 0.3416564 0.9741014 2.4445106 2.5048063 2.4446625 2.4278905 2.5025103 2.5469805 2.5577223 2.3445881 2.2059979 2.4471840 2.4632942 2.0216206 2.4975073 2.5554357 2.4519573 3.9484934 1.9869387 2.5003184 1.8165529 1.7362644 1.7890368 2.3185890 2.3215530 3.3464124 2.7773177 2.2638962 2.3264649 2.6727534 2.0335860 2.4665928 2.2826171 2.6894388 2.7940795 3.4334288 3.0580883 2.6294433 2.5871813 2.0109788 2.7201026 2.8257098 2.7913036 2.3249551 1.7110983 1.9266961 2.8676455 2.7042711 2.4514090 2.7361840 3.6981595 5.3764822 3.7698800 1.2164178 
Leuniv_Lniv_C804950_01                                        3.0896159 2.0716276 1.7733208 2.0447889 0.0000010 1.7548503 1.8157580 1.8721331 1.4441688 1.5431029 1.4095592 1.5469089 1.8380382 1.9836447 2.5104952 2.0329122 2.2471490 1.8038524 1.5508192 0.0000010 0.3734743 0.3416564 0.0000000 0.9640002 1.7473423 1.7857894 1.8075105 1.8029541 1.7295984 1.7910560 1.8135267 1.7928003 2.1773074 1.9429855 1.8451211 1.9113731 1.8614998 1.9239199 1.8238453 0.0000010 1.8084339 1.9559954 1.8262740 1.7727722 1.6051854 1.7044956 1.7886145 3.5367285 2.4414895 2.4276859 2.5966854 2.6703804 2.1868673 2.5647725 2.4840130 2.6230420 2.6484792 2.6837092 2.6654300 2.3365598 1.9721824 1.9911670 1.9863617 2.0296472 2.0429027 1.9012354 1.6820712 1.7538114 1.8951054 2.6799751 2.0430706 2.4898490 2.9405194 3.3760614 2.8632035 1.2931895 
Clacor_Ccor_C532793_01                                        1.8205000 1.6167860 1.6167860 1.7658197 0.0000010 1.7164708 1.4651277 1.4933399 1.4748271 1.6199765 1.1759269 1.4111705 1.6687423 1.6205965 1.9070688 1.6884696 1.7632879 1.8715322 1.4608288 0.0000010 0.9834912 0.9741014 0.9640002 0.0000000 1.3224787 1.3295223 1.3563269 1.3524562 1.3949860 1.4258458 1.4401268 1.7027643 1.9504629 1.7770138 1.6241363 1.6374047 1.6297174 1.7010408 1.5479260 0.0000010 1.6636828 1.6377545 1.5731987 2.0116913 1.6499120 1.7956079 1.8605787 2.9444047 2.4382169 2.4759093 2.8494806 2.2020926 1.9555490 2.7320216 2.4957502 2.3014255 2.4663709 2.5174776 1.9988080 1.9057577 1.8420579 1.7896373 1.6406545 1.5780368 1.9568339 1.9968882 1.4946060 1.7871951 1.8605063 1.8166693 1.6282361 2.1295287 2.7878737 0.0000010 0.0000010 1.2633033 
HoiH23_PlH23_001188-RA                                        5.0255673 3.2173330 2.3486404 2.4476799 2.4784608 1.7045039 1.4206208 1.5315670 2.0738686 2.2070655 1.6441419 2.1619223 1.9390732 1.8748529 2.4539163 2.2250841 2.5155731 1.7182681 1.9889769 2.3351974 2.4614068 2.4445106 1.7473423 1.3224787 0.0000000 0.0624923 0.1334323 0.1355514 0.1963701 0.3230316 0.3273222 2.3701219 1.9957888 2.2146484 2.1648394 1.6698288 2.1277763 2.1577222 2.1911307 3.7195283 1.8018751 2.2918117 1.9466118 2.1678692 1.8901759 2.5355253 2.4594288 4.2211976 3.0679518 2.3111672 2.4845347 2.8257552 1.9176709 2.6538468 2.3811995 2.9511883 3.1945808 3.8883039 3.7833257 2.8290583 2.8432296 1.9711037 2.7322031 2.6832035 2.8927440 2.0300739 1.7398520 1.6759175 2.8670614 3.0251257 2.4825373 2.7212432 3.9852442 3.9914999 3.0042006 1.1348991 
HoiH06_mRNA14651                                              5.2098072 3.2539795 2.3612439 2.4618973 2.4519325 1.7302177 1.4320475 1.5725382 2.0750362 2.2037303 1.6868407 2.1709377 1.9591133 1.8423731 2.4549552 2.2295127 2.5221745 1.6735698 2.0053480 2.3707789 2.4969563 2.5048063 1.7857894 1.3295223 0.0624923 0.0000000 0.1417539 0.1439246 0.2069921 0.3374738 0.3418501 2.3856010 1.9935808 2.2371894 2.1432627 1.6771120 2.1438569 2.1473257 2.1842938 3.4874956 1.8468124 2.3134543 1.9563351 2.2666917 1.8834392 2.5601421 2.4278342 4.2913351 3.0710202 2.3365364 2.4979134 2.8941997 1.9153089 2.6803679 2.3891142 2.9786460 3.1801957 3.8306363 3.8435059 2.8281376 2.7991769 2.0200488 2.7256376 2.6532460 2.8951700 2.0871149 1.7559278 1.6211969 2.8568934 3.1948647 2.5062903 2.6687383 3.8622460 3.9116165 3.0080262 1.1299723 
Hhon_g02760.t1                                                4.9613876 3.2355224 2.4039774 2.4842208 2.2951516 1.7086726 1.4292134 1.5701342 2.1050998 2.2382246 1.6447780 2.2155553 1.9948550 1.8699600 2.4685759 2.2506254 2.5275185 1.7000605 1.9538898 2.4625337 2.5025923 2.4446625 1.8075105 1.3563269 0.1334323 0.1417539 0.0000000 0.0072919 0.2117187 0.3440235 0.3484934 2.3696389 2.0566597 2.2652124 2.1880978 1.6996188 2.1715284 2.1441798 2.1239053 3.8002696 1.8512163 2.2675743 1.9874658 2.1769589 1.9471764 2.5293317 2.4213740 4.0234042 3.0666411 2.3618031 2.3853170 2.8018709 1.8717448 2.6442539 2.3812833 2.9096790 3.2491295 3.8419451 3.7477655 2.7793038 2.8743043 1.9825368 2.6690042 2.6248083 2.9725497 2.1135513 1.8020564 1.6868788 2.7853405 3.0402843 2.5341809 2.6932752 3.9446854 3.8177139 3.0216460 1.1258119 
HoiH04_mRNA7547                                               4.9613876 3.2612721 2.4328783 2.4919285 2.3778092 1.7167118 1.4292134 1.5701342 2.1007102 2.2329718 1.6554020 2.2058118 1.9863376 1.8699600 2.4640983 2.2397163 2.5342302 1.7000605 1.9445753 2.5019320 2.5050495 2.4278905 1.8029541 1.3524562 0.1355514 0.1439246 0.0072919 0.0000000 0.2170588 0.3469798 0.3514620 2.3769755 2.0429025 2.2468700 2.1801031 1.7044782 2.1633287 2.1543415 2.1167474 3.7846654 1.8399305 2.2711422 1.9754853 2.1769589 1.9345023 2.5347642 2.4323742 3.9822519 3.0494739 2.3618031 2.3853170 2.7950419 1.8717448 2.6291645 2.3649953 2.9035478 3.2296792 3.8158662 3.7207193 2.7820552 2.8783515 1.9745975 2.6560913 2.6227210 2.9676963 2.1043240 1.7873047 1.6740107 2.7927676 3.0738557 2.5342139 2.6975767 3.9154684 3.8171169 3.0653725 1.1258119 
HoiH11_mRNA6534                                               5.0732005 3.2235993 2.3153952 2.4479437 2.3211273 1.6709549 1.5033758 1.5871469 2.0748546 2.2028805 1.7564096 2.1662250 1.9083791 1.7642483 2.4735770 2.2162242 2.4669323 1.7066769 1.9877662 2.5184711 2.4872646 2.5025103 1.7295984 1.3949860 0.1963701 0.2069921 0.2117187 0.2170588 0.0000000 0.3320315 0.3367869 2.3519018 2.0108838 2.2179589 2.1274287 1.6778352 2.0975640 2.1585054 2.0875556 3.3123100 1.8117770 2.1539228 1.9079182 2.1113674 1.8971291 2.4577304 2.3870112 4.1718989 2.9848116 2.2540671 2.5634194 2.8133220 1.9767107 2.7292727 2.3559606 2.8794385 3.1294325 3.6711839 3.6848793 2.7714577 2.8563252 2.0192257 2.7436841 2.6600462 2.8812135 2.0469408 1.8072587 1.5916977 2.8009540 2.8905545 2.4238414 2.6470895 3.8805184 3.7688407 2.8697363 1.1274321 
TrH2_TrispH2_002509-RA                                        4.6999564 3.0657065 2.2946805 2.4801966 2.5692954 1.7659060 1.6412599 1.6809827 2.0393337 2.1516695 1.7624402 2.1496721 2.0298879 1.6963903 2.4937041 2.3664614 2.5493133 1.6936583 2.0351618 2.1247365 2.5050306 2.5469805 1.7910560 1.4258458 0.3230316 0.3374738 0.3440235 0.3469798 0.3320315 0.0000000 0.0048687 2.3335432 2.0280311 2.2886563 2.2528361 1.6979317 2.2309061 2.1320023 2.1800594 3.6346042 1.7651492 2.2914901 1.9297653 2.1849981 2.0366877 2.5433611 2.4444739 4.3906172 2.9876051 2.4412132 2.7033639 2.9118011 1.9700411 2.9134426 2.4349077 2.8468791 3.1854868 3.8441893 3.6846793 2.7898071 2.8680513 2.0939667 2.8808539 2.7753387 2.9040572 2.1056089 1.8973020 1.7720243 2.9678686 3.0137907 2.4619710 2.6192251 3.8761880 4.4933817 2.9662679 1.1898917 
Tadh_TriadT54130                                              4.7623613 3.0891999 2.2946805 2.4940646 2.5692954 1.7768713 1.6928059 1.7414734 2.0490074 2.1592867 1.7770931 2.1541912 2.0404524 1.6963903 2.5017241 2.3910084 2.5462618 1.6936583 2.0422630 2.1247365 2.5123816 2.5577223 1.8135267 1.4401268 0.3273222 0.3418501 0.3484934 0.3514620 0.3367869 0.0048687 0.0000000 2.3333818 2.0454042 2.3042447 2.2629282 1.7119124 2.2452374 2.1456067 2.2066848 3.6423518 1.7570881 2.2824658 1.9208993 2.1950511 2.0411629 2.5495246 2.4494233 4.4250288 2.9992973 2.4489899 2.7217325 2.9273267 1.9775525 2.9303667 2.4481235 2.8687108 3.1863929 3.8407345 3.7055918 2.7953390 2.8710986 2.1053482 2.8880894 2.7911881 2.9062878 2.1039226 1.9012793 1.7720243 2.9762936 3.0339154 2.4630813 2.6383171 3.8823851 4.5392700 2.9642410 1.2130586 
Spur_XM_030976811.1                                           3.8842911 2.6931925 2.1310748 2.3186267 1.9771999 2.1685032 2.0819001 2.0974628 1.8852517 2.0528235 1.4419783 1.5966963 1.6981947 2.0760274 2.9509510 2.1913406 2.7276812 3.0734872 1.8075369 2.3471527 2.2302969 2.3445881 1.7928003 1.7027643 2.3701219 2.3856010 2.3696389 2.3769755 2.3519018 2.3335432 2.3333818 0.0000000 2.1097830 2.1053705 2.1268585 1.8253888 2.0526069 2.1023725 2.0403309 2.4494505 1.5546232 2.0248744 1.7597603 2.5155456 2.0224932 1.8258550 1.9804359 3.5837953 2.8179021 2.3900567 2.5065248 3.2815029 2.0803207 2.4611027 2.0753542 2.8173843 2.9028784 3.4353936 3.2472347 2.5669466 2.2879129 2.1802528 2.6963341 2.4799948 2.3338261 1.8162421 1.3685277 2.4116657 2.3699380 2.5718187 2.0751001 2.6436897 3.6165169 3.0261391 2.2990228 1.7068385 
Adig_XM_015908491.1                                           6.8942086 3.5040424 2.3934671 2.9106009 0.0000010 2.5776937 9.0000000 9.0000000 1.7204585 1.7101576 1.7193159 1.6949900 1.7629377 2.2654754 3.3752845 2.7646748 3.3330309 1.3496593 1.7520476 3.8801353 2.3333588 2.2059979 2.1773074 1.9504629 1.9957888 1.9935808 2.0566597 2.0429025 2.0108838 2.0280311 2.0454042 2.1097830 0.0000000 0.1024445 0.3676126 0.3616017 0.3148433 0.2711236 0.3387490 0.0000010 0.7774282 0.9171920 1.6406466 1.8944437 2.3202559 2.0554732 2.1187560 3.7628863 3.2676048 3.3510883 3.3763420 3.0472104 2.5573986 3.0272819 2.6013753 3.1673503 3.2301038 3.2695942 3.3923031 2.7387190 2.3356584 2.3451985 2.4194083 2.2516853 2.5783709 2.1567428 1.8114655 1.7812032 1.8822064 2.0397818 1.5600914 2.9423357 4.3661235 1.0107980 2.0378948 1.9427090 
Adig_XM_015908494.1                                           5.5404635 3.2708889 2.3003362 2.2314660 2.1020962 1.9132285 2.1256657 1.8821199 1.7704595 1.8149331 1.5326578 1.8007897 1.8852701 1.7403515 2.7264647 2.2884355 2.8056589 1.6058484 1.9697341 2.3094863 2.4978158 2.4471840 1.9429855 1.7770138 2.2146484 2.2371894 2.2652124 2.2468700 2.2179589 2.2886563 2.3042447 2.1053705 0.1024445 0.0000000 0.6487942 0.3349849 0.5770537 0.5069505 0.5924645 1.2945890 0.8367737 1.1639971 1.4250113 1.5032038 2.0848159 2.2805783 2.1818566 3.8250238 2.8404509 2.2951449 2.7208484 2.7594429 2.0387247 2.2532892 2.3285387 2.7516517 3.0349148 3.5729781 3.2982279 2.7442538 2.4719941 1.9147073 2.4962447 2.2786075 2.5739785 2.1554095 1.6426713 1.8251073 2.4736507 2.5741834 1.9322325 2.5546279 3.9549628 3.2286679 2.8076357 1.6791240 
Spis_XP_022796018_1                                           5.2095449 3.2158753 2.3539678 2.2171384 2.1163538 1.8867913 2.2163398 2.1513646 1.8367646 1.9002259 1.5099029 1.7756031 1.8610170 1.8387058 2.5530394 2.3339534 2.5015493 1.7511451 1.7971768 2.0004299 2.5409226 2.4632942 1.8451211 1.6241363 2.1648394 2.1432627 2.1880978 2.1801031 2.1274287 2.2528361 2.2629282 2.1268585 0.3676126 0.6487942 0.0000000 0.1172987 0.4216672 0.5577218 0.4173159 0.3190148 0.8367258 1.2279370 1.4125655 1.4996259 1.8727132 2.3375269 2.0933186 3.9161250 2.9166892 2.1404471 2.5647938 2.6992314 1.8231106 2.5746684 2.3254737 2.8472788 3.3483703 3.9902066 3.2916881 2.6729505 2.4701572 1.8944332 2.1713367 2.1625379 2.4738697 1.9849382 1.5743724 1.9425041 2.2799514 2.3803308 1.7890837 2.3856408 3.7550562 3.2008909 2.6530572 1.4895640 
Pocdam_XM_027189101.1                                         6.3803910 3.3065370 2.1860451 2.4597109 0.0000010 1.9133574 2.2100043 2.0803450 1.5940591 1.6669981 1.5316670 1.4223357 1.5853561 1.8149326 2.7673824 2.3633908 2.6403487 1.7638772 1.3980750 4.6099519 2.0717543 2.0216206 1.9113731 1.6374047 1.6698288 1.6771120 1.6996188 1.7044782 1.6778352 1.6979317 1.7119124 1.8253888 0.3616017 0.3349849 0.1172987 0.0000000 0.1955152 0.2488538 0.1809955 0.0000010 0.7284461 0.8218662 1.3863761 1.3649658 1.9735375 1.8918674 1.7832755 3.6882521 2.6699338 2.2527149 2.6802372 2.5877963 1.9804048 2.6554170 2.3614094 2.7728813 3.0589366 3.0744184 3.4096885 2.2617842 2.1127662 1.9501607 1.9328273 1.7147311 2.0823845 1.7330027 1.5527141 1.7662466 1.7921435 1.7172626 1.5014461 2.3254776 3.3132622 5.4856787 2.0269924 1.6693892 
Gasp_gasp1.m3.8983.m1                                         4.7421566 3.1684995 2.3799354 2.2206128 2.0852423 1.7742375 2.0694731 2.1141381 1.8407469 1.8937409 1.5962675 1.8355013 1.7760849 1.9200546 2.5988309 2.2663912 2.4695788 1.8115194 1.8181528 2.1848455 2.4643441 2.4975073 1.8614998 1.6297174 2.1277763 2.1438569 2.1715284 2.1633287 2.0975640 2.2309061 2.2452374 2.0526069 0.3148433 0.5770537 0.4216672 0.1955152 0.0000000 0.4325149 0.2790608 0.8418844 0.7796933 1.1913781 1.3850047 1.5798913 1.9127711 2.3077955 2.0357159 4.0266968 2.8955082 2.2661159 2.6581149 2.7364804 1.9353625 2.4780236 2.2654732 2.8565056 3.2444683 3.9335765 3.4693993 2.5828753 2.3558970 1.9567686 2.1648162 2.1295032 2.5207377 1.9858268 1.6363016 1.8748454 2.3845693 2.3110153 1.8922437 2.5374852 3.8235151 3.1926234 2.8755627 1.6154012 
Gfas_gfas1.m1.4947.m1                                         4.6840313 3.0958315 2.3225597 2.1582527 2.1468448 1.9044502 1.8235291 1.8248829 1.7698084 1.8200900 1.5816851 1.8285838 1.8489616 1.9137971 2.5954509 2.3626923 2.6267861 1.7810892 1.8693369 2.1596673 2.5461616 2.5554357 1.9239199 1.7010408 2.1577222 2.1473257 2.1441798 2.1543415 2.1585054 2.1320023 2.1456067 2.1023725 0.2711236 0.5069505 0.5577218 0.2488538 0.4325149 0.0000000 0.4578700 1.2176634 0.7872820 1.1567538 1.4160688 1.4908969 2.1072290 2.3940504 2.2652357 3.6312114 2.8588527 2.3585167 2.8549599 2.8097817 1.9520896 2.2354570 2.2653663 2.6955627 3.2235446 3.9429132 3.2111823 2.7210721 2.3890290 1.9836410 2.4156189 2.2223285 2.6626260 2.1192012 1.6835996 1.9190729 2.5057882 2.5775720 1.9074785 2.4493314 3.8224234 3.9085514 2.7583451 1.7596461 
Fspp_ffun1.m4.15163.m1                                        5.7717778 3.4391407 2.5880081 2.2261131 2.1587178 1.8036627 2.0343923 1.8537802 1.7602484 1.8228036 1.4785077 1.8387351 1.7110527 1.8704404 2.5720640 2.2528931 2.4612116 1.5405482 1.7966019 2.1855614 2.4706832 2.4519573 1.8238453 1.5479260 2.1911307 2.1842938 2.1239053 2.1167474 2.0875556 2.1800594 2.2066848 2.0403309 0.3387490 0.5924645 0.4173159 0.1809955 0.2790608 0.4578700 0.0000000 0.7259263 0.7331305 1.1707481 1.3501594 1.3857709 1.9389652 2.1520263 1.9883926 3.5346382 2.8797683 2.2347407 2.4975608 2.7302458 1.8019072 2.3488277 2.1495462 2.6720516 3.2506714 3.9803285 3.1640123 2.4549849 2.3408002 1.8761110 2.2375980 2.1934998 2.4617951 1.8616652 1.5095206 1.8389867 2.2635043 2.0704302 1.8565814 2.3318804 3.5925343 3.0323147 2.5540111 1.5365917 
Pocdam_XM_027188944.1                                         0.0000010 0.0000010 0.0000010 2.1053923 2.1644318 0.0000010 0.0000010 0.0000010 2.5173047 2.5173047 0.0000010 2.4521579 2.4098289 0.0000010 2.1876272 0.0000010 2.7295856 0.0000010 2.5873825 2.1116524 3.3615506 3.9484934 0.0000010 0.0000010 3.7195283 3.4874956 3.8002696 3.7846654 3.3123100 3.6346042 3.6423518 2.4494505 0.0000010 1.2945890 0.3190148 0.0000010 0.8418844 1.2176634 0.7259263 0.0000000 0.9572111 1.9512952 3.1031523 1.8466890 3.2359551 3.4955320 2.7511313 0.0000010 4.2212926 0.0000010 0.0000010 3.1182982 0.0000010 0.0000010 0.0000010 3.0414604 4.4500867 5.8225485 3.1003523 3.4944331 2.9193029 5.6952852 2.8269155 3.0363770 3.3953386 4.1932095 9.0000000 2.4837765 3.1929900 2.7884352 2.3611099 2.5254499 5.2141041 3.0474112 2.7390929 0.0000010 
Nvec_v1g46066                                                 4.0508185 2.6244605 2.0612863 2.3606423 2.5184106 1.8481511 1.8554996 1.6694197 1.7572868 1.7993656 1.6444703 1.3011944 1.4446261 2.3893989 2.9173811 2.3979671 2.5821935 1.7190497 1.3975972 1.8722169 1.9893989 1.9869387 1.8084339 1.6636828 1.8018751 1.8468124 1.8512163 1.8399305 1.8117770 1.7651492 1.7570881 1.5546232 0.7774282 0.8367737 0.8367258 0.7284461 0.7796933 0.7872820 0.7331305 0.9572111 0.0000000 0.6664898 1.4516325 1.5619368 2.1128695 1.7390044 1.8813369 3.4317125 2.8475564 2.1597265 2.4881962 3.1116805 1.6552757 2.1107834 2.2213605 2.7378256 2.8189218 2.8396962 3.0897314 2.3409558 2.1384195 1.9522665 1.8913603 1.8142847 2.1392778 1.9572236 1.5658138 2.1024205 1.8871137 1.9990956 1.6024226 2.3754533 3.5990478 1.6231192 1.9148705 1.5116309 
Exapal_XM_021036425.2                                         5.3786003 3.3419565 2.6698445 2.1817619 2.2006834 1.7859254 1.8282380 1.8199126 2.0739567 2.1464518 1.6880898 1.8802218 1.7334862 1.9225432 2.8097445 2.4702814 2.6735081 1.8802626 1.8154825 1.9589711 2.3863864 2.5003184 1.9559954 1.6377545 2.2918117 2.3134543 2.2675743 2.2711422 2.1539228 2.2914901 2.2824658 2.0248744 0.9171920 1.1639971 1.2279370 0.8218662 1.1913781 1.1567538 1.1707481 1.9512952 0.6664898 0.0000000 1.4072681 1.6485844 1.9637170 2.1885795 2.2089537 3.9469088 3.1750835 2.2573068 2.8473007 2.8650468 1.9917210 2.2218460 2.4367085 2.8637976 3.1012805 3.6184648 3.4360112 2.5072777 2.2332863 1.9288524 2.2406550 2.2074720 2.5002920 1.9890689 1.5733996 1.8557352 2.4430380 2.7268206 1.9018793 2.6420023 4.0249229 2.9344508 2.6551410 1.4281690 
Dgig_XM_028555505.1                                           7.1505027 3.7673077 2.6902127 2.7183883 0.0000010 2.0873972 2.1814479 2.2588067 1.8782183 1.9767802 1.6738464 1.7831708 1.6645722 1.9545085 2.8525621 2.5195350 2.7658794 2.0755305 1.9152457 1.8076339 1.8271386 1.8165529 1.8262740 1.5731987 1.9466118 1.9563351 1.9874658 1.9754853 1.9079182 1.9297653 1.9208993 1.7597603 1.6406466 1.4250113 1.4125655 1.3863761 1.3850047 1.4160688 1.3501594 3.1031523 1.4516325 1.4072681 0.0000000 1.3260080 1.9207966 2.0118172 2.0643506 3.7160002 2.8109098 2.6730692 2.8695818 2.8424510 2.0932942 2.3141789 2.5744210 3.0459110 2.8920150 2.8619882 3.4806327 2.1768829 2.0872478 1.8582047 1.9798986 1.9470561 2.0901932 1.9863617 1.7886548 2.3663317 1.9946483 2.7533284 1.1177006 2.6935965 3.3689530 9.0000000 2.6278980 1.9651877 
Xesp_001960-T1                                                9.0000000 7.0002472 7.0002472 2.4221564 3.3304837 1.7861210 2.3834874 2.3809646 2.3224475 3.7891866 1.7828510 2.0765529 2.2282065 1.4130982 2.5227542 2.0740055 2.7147165 4.2457760 1.8839558 3.3038480 1.9550927 1.7362644 1.7727722 2.0116913 2.1678692 2.2666917 2.1769589 2.1769589 2.1113674 2.1849981 2.1950511 2.5155456 1.8944437 1.5032038 1.4996259 1.3649658 1.5798913 1.4908969 1.3857709 1.8466890 1.5619368 1.6485844 1.3260080 0.0000000 1.8371409 2.3853362 2.1317122 9.0000000 2.8345387 2.1518079 2.2791633 3.1002396 2.4178752 2.3611974 2.9886743 3.1275161 3.3940242 3.2320057 6.5701321 2.3250438 2.5637125 1.5615466 2.2765950 2.1062620 2.4454283 2.2242798 2.3206128 1.7585543 2.4362992 4.0560084 3.0567913 2.3750171 3.4335966 2.2870741 3.7640210 1.7787479 
Plespi_Pspi_scaffold19447_01                                  5.7782281 1.7198396 1.4438760 1.7751685 2.1994578 1.7672115 1.6330717 1.8186651 1.7257874 1.8799860 1.5411470 1.8488504 2.0070574 1.7133854 1.8684553 1.6955740 1.8599975 2.3785929 1.6795644 6.0553861 1.7260899 1.7890368 1.6051854 1.6499120 1.8901759 1.8834392 1.9471764 1.9345023 1.8971291 2.0366877 2.0411629 2.0224932 2.3202559 2.0848159 1.8727132 1.9735375 1.9127711 2.1072290 1.9389652 3.2359551 2.1128695 1.9637170 1.9207966 1.8371409 0.0000000 1.8913999 2.3308594 4.4914170 3.1702797 2.5478597 2.8982187 2.9525792 1.7661582 3.1320611 2.6838140 2.9111672 2.8774332 2.8296647 3.1196049 2.3033262 2.2372400 2.5339477 2.5972431 2.5061205 2.1169505 2.2792307 1.9031375 1.6600426 2.2072954 5.4115924 1.8906558 2.6617123 3.0803041 3.2609801 5.3955757 1.5478742 
Cgig_XM_011430537.3                                           3.1714576 2.3543341 1.9800621 2.2624471 2.5603480 2.0224830 2.1427779 2.1297189 1.9719555 2.1049443 1.5117803 1.7502778 2.1195011 1.5283946 2.5405435 2.3210379 2.5122983 2.4914820 2.0747799 2.5339119 2.3265418 2.3185890 1.7044956 1.7956079 2.5355253 2.5601421 2.5293317 2.5347642 2.4577304 2.5433611 2.5495246 1.8258550 2.0554732 2.2805783 2.3375269 1.8918674 2.3077955 2.3940504 2.1520263 3.4955320 1.7390044 2.1885795 2.0118172 2.3853362 1.8913999 0.0000000 1.7003279 3.3897696 2.7142714 2.3486072 2.1052682 2.9957889 1.6371108 2.1917488 1.8855164 2.7834320 2.6625925 3.2805417 3.0740441 2.5164787 2.5860681 1.9978660 2.3993383 2.2655244 2.3210845 1.8821616 1.0118867 2.1672130 2.3602984 2.4759483 2.0536755 2.6183499 3.4364003 4.5561884 2.6885409 1.9313535 
Ctel_gnl_WGS_AMQN_CAPTEDRAFT_mRNA224412                       4.5024103 2.8488303 2.1886782 2.4767745 3.2615053 1.8564527 2.5811954 2.7719404 2.0734897 2.2239871 1.7443469 1.8380148 2.0647072 1.9033210 2.8898553 2.2196848 2.6674847 2.1726168 2.2227543 2.1066978 2.1590392 2.3215530 1.7886145 1.8605787 2.4594288 2.4278342 2.4213740 2.4323742 2.3870112 2.4444739 2.4494233 1.9804359 2.1187560 2.1818566 2.0933186 1.7832755 2.0357159 2.2652357 1.9883926 2.7511313 1.8813369 2.2089537 2.0643506 2.1317122 2.3308594 1.7003279 0.0000000 3.8466226 2.7986109 1.9382302 2.2318685 3.0915836 1.7767007 2.0550778 2.1993089 3.0505430 2.7496515 3.1379531 3.5456005 2.6294839 2.4788694 2.1367565 2.4012572 2.5933536 2.2690138 1.9180347 1.3634712 2.1890000 2.4349568 2.2401057 2.2367803 2.7133117 3.7540597 4.2195941 2.9739984 1.8411351 
Vmul_sbMO362871                                               4.4174778 3.7750202 3.5118658 4.3099561 0.0000010 8.8264301 0.0000010 0.0000010 2.9141001 2.9141001 3.8328224 4.0711645 3.6045930 0.0000010 5.1923656 3.7204468 4.3409429 0.0000010 4.0292702 0.0000010 3.6728693 3.3464124 3.5367285 2.9444047 4.2211976 4.2913351 4.0234042 3.9822519 4.1718989 4.3906172 4.4250288 3.5837953 3.7628863 3.8250238 3.9161250 3.6882521 4.0266968 3.6312114 3.5346382 0.0000010 3.4317125 3.9469088 3.7160002 9.0000000 4.4914170 3.3897696 3.8466226 0.0000000 1.9098741 3.0561521 3.0802244 1.4995513 0.0000010 2.2009769 0.0583148 1.1132741 1.7995499 1.7629444 1.5322828 4.4228493 3.6295889 4.4881134 4.2047508 4.0658380 3.2043664 3.5205687 3.6560961 4.2822712 3.5633602 3.3395927 3.3323269 3.7854656 4.0746557 2.3537223 4.1086737 0.0000010 
