58
Fspp_ffun1.m4.32881.m1                                  0.0000000 0.1182233 0.1569731 0.1410749 0.1681319 0.2377842 0.2372272 0.4338432 0.4714695 0.7982721 0.9493885 0.9117929 0.9974834 1.0076637 1.0205605 1.0724401 1.0923585 1.1788912 1.1747105 1.1766396 1.1322401 1.0999296 0.9280626 1.2509880 1.2461611 1.2022328 1.2875852 1.3859432 1.2518122 2.0021700 1.9494938 1.6360012 1.7214439 1.6926279 1.7549389 2.8425151 2.0851833 1.6207970 1.9810353 1.8343523 1.7420261 1.7570701 1.7950471 1.7950471 1.8542622 2.4606847 2.4656971 1.9994767 1.8444176 1.8529489 3.0166169 2.2707000 2.5855362 2.1163131 2.6996729 2.5281040 2.7989509 2.8535707 
Gasp_gasp1.m3.9639.m1                                   0.1182233 0.0000000 0.1721490 0.1393006 0.2047246 0.2848221 0.2830889 0.4726716 0.5329174 0.8140024 1.0722364 0.9607118 1.0836436 1.0833604 1.1251465 1.0923098 1.1716993 1.2970141 1.2900744 1.2134276 1.2332572 1.2555909 1.0447004 1.2642998 1.2601347 1.2192768 1.2541889 1.3525945 1.2690212 2.0051083 1.9953659 1.6276426 1.6446075 1.6265264 1.7144313 2.9786549 2.0838956 1.5271713 2.0701691 1.8598016 1.7200250 1.7025837 1.8729180 1.8729180 1.7941216 2.5221230 2.6284513 1.8960041 1.8524758 1.8438573 3.0666674 2.3775359 2.7881570 2.2926915 2.8527991 2.7495954 2.7746736 3.1191240 
Spis_XP_022800507_1                                     0.1569731 0.1721490 0.0000000 0.0660797 0.2154897 0.2738168 0.2775111 0.4581142 0.5207162 0.8263212 1.0669164 0.9794628 1.1038110 1.1160911 1.2201740 1.1102180 1.2260386 1.3211637 1.3129368 1.2005591 1.2259398 1.1976365 1.0129932 1.3119034 1.3039197 1.2537800 1.2680077 1.3738977 1.3186646 2.0512542 2.0177623 1.6851133 1.6682539 1.6145973 1.7233346 3.5021563 2.3336890 1.6684884 2.2094345 2.0017451 1.7704160 1.8899533 1.9542481 1.9542481 1.9166312 2.5606417 2.7612028 1.9895193 1.8805826 1.8671959 3.2395424 2.3693881 2.7668503 2.3564694 2.8569937 2.8375705 2.7410667 3.3522949 
Pocdam_XM_027185570.1                                   0.1410749 0.1393006 0.0660797 0.0000000 0.1989711 0.2815011 0.2845470 0.4287480 0.5140656 0.8208577 1.0589183 0.9601180 1.1031293 1.1250798 1.1798134 1.0680034 1.1552897 1.2917043 1.2950358 1.1683867 1.2316197 1.2283848 1.0305506 1.3143701 1.3063739 1.2424869 1.2641555 1.3707003 1.3037349 2.0273960 2.0563837 1.6934041 1.7094455 1.5800744 1.6867474 3.4371769 2.2971929 1.6511763 2.1528832 1.9692399 1.7634520 1.8490698 1.9609417 1.9609417 1.8934782 2.5235343 2.7282292 1.9472755 1.8686247 1.8535647 3.1406586 2.4460195 2.8042704 2.3495972 2.8850316 2.8870298 2.7324440 3.3534535 
Gfas_gfas1.m1.17114.m1                                  0.1681319 0.2047246 0.2154897 0.1989711 0.0000000 0.2063897 0.1999621 0.4799756 0.5450522 0.8153062 1.0679017 1.0160377 1.1036246 1.0884258 1.1537382 1.0779275 1.1921172 1.2693579 1.2809519 1.1544853 1.2673166 1.1919791 1.0693409 1.2836338 1.2676956 1.2198885 1.2557582 1.3636404 1.2610676 2.0421928 1.9694013 1.7094821 1.6256519 1.5688956 1.7356089 3.2002317 2.2745785 1.7161066 2.1764633 1.9935391 1.7855560 1.8306857 1.9698403 1.9698403 1.9183400 2.5380694 2.7135590 1.8375162 1.9036324 1.8721710 3.0101095 2.2427876 2.8079830 2.3398687 2.8829881 2.6983809 2.6292565 2.9940495 
Amil_Amillepora24964-RA                                 0.2377842 0.2848221 0.2738168 0.2815011 0.2063897 0.0000000 0.0186531 0.4855714 0.5274283 0.8064964 1.1071682 1.0551866 1.2350108 1.1858274 1.2636771 1.2690739 1.2003421 1.2735690 1.3903850 1.2793192 1.4206350 1.3159436 1.1072302 1.2450661 1.2398045 1.1771918 1.2397029 1.3752131 1.1878457 2.1429140 2.0144315 1.8144334 1.6335592 1.5753158 1.9322451 3.4439430 2.3081808 1.6311164 2.0854136 1.9777257 1.7015836 1.8389368 1.8811054 1.8811054 1.9060587 2.6961914 2.8103768 1.8396903 1.8688224 1.8630525 3.0728735 2.3936771 2.5868062 2.6156199 2.7373970 2.8513053 2.8334134 3.5745662 
Adig_XM_015913754.1                                     0.2372272 0.2830889 0.2775111 0.2845470 0.1999621 0.0186531 0.0000000 0.4978636 0.5506857 0.7804470 1.0454316 0.9674393 1.1247548 1.0827238 1.1911854 1.1852196 1.1643775 1.2280200 1.2482886 1.1461254 1.2746979 1.1913073 1.0647501 1.2354366 1.2313424 1.1771153 1.2233818 1.3425816 1.1796535 1.9825296 1.8981103 1.7049384 1.5575396 1.5922811 1.7803552 3.2320680 2.2197643 1.6392946 2.0535031 1.9601247 1.7220090 1.8329810 1.9004137 1.9004137 1.8726997 2.5855932 2.6954820 1.8390294 1.7725219 1.7379019 3.0368919 2.2711672 2.4941068 2.3864166 2.6858953 2.6525736 2.6326297 3.3459672 
Nvec_v1g94579                                           0.4338432 0.4726716 0.4581142 0.4287480 0.4799756 0.4855714 0.4978636 0.0000000 0.4963143 0.7760063 0.9666121 0.9242644 0.9358761 0.9174927 1.0621275 1.1641099 0.9969777 1.2410264 1.1920733 1.2724838 1.1110150 1.1847499 1.0129724 1.3776975 1.3813157 1.3647828 1.4353620 1.5448177 1.3684931 1.8218085 1.8550798 1.5299400 1.5060468 1.5171278 1.5287080 2.8478654 2.0182651 1.5997783 1.8942932 1.6841603 1.6978627 1.7318484 1.7170770 1.7170770 1.7462336 2.3423442 2.5328781 1.9078699 1.7779419 1.7813550 2.9094465 2.1317342 2.2478362 2.1714861 2.6672146 2.5060992 2.5715911 2.8428630 
Exapal_XM_021051662.2                                   0.4714695 0.5329174 0.5207162 0.5140656 0.5450522 0.5274283 0.5506857 0.4963143 0.0000000 1.0472282 1.3973683 1.1928501 1.3422761 1.4254965 1.3835016 1.3675499 1.4492972 1.3230733 1.3394060 1.2483487 1.5285652 1.3245684 1.1456038 1.4471002 1.4426705 1.3912953 1.4605529 1.7037127 1.4776079 2.1055821 2.0519087 1.7808114 2.0918159 1.7588138 1.8049770 3.2397517 2.4037757 1.7592530 2.1398756 2.1009803 1.8055869 1.9941129 2.1409762 2.1409762 1.9885014 2.6997952 2.8516299 2.0942948 1.7760876 1.7825803 3.4484266 2.5803577 2.8433168 2.6747747 3.0433463 3.2193409 3.4664595 3.1451352 
Dgig_XM_028544686.1                                     0.7982721 0.8140024 0.8263212 0.8208577 0.8153062 0.8064964 0.7804470 0.7760063 1.0472282 0.0000000 1.0826660 1.0753874 1.0914198 1.0581985 1.2838866 1.1893860 1.2973324 1.3954034 1.4595042 1.3249131 1.3660949 1.5194851 1.2805609 1.3604692 1.3674318 1.3378329 1.3145156 1.3768208 1.3204533 2.1377796 2.0704612 1.9159944 1.7032658 1.7779025 1.6987692 3.0642246 2.2466313 1.6924539 2.1219283 1.8637813 1.7232861 1.7395004 1.9360946 1.9360946 1.9437008 2.9027597 2.8416399 1.8650635 1.8136406 1.8019043 3.1754108 2.8028966 2.6921125 2.4448600 2.6228693 2.6747170 3.2143375 3.8447086 
Aaur_scaffold135.g13.t1                                 0.9493885 1.0722364 1.0669164 1.0589183 1.0679017 1.1071682 1.0454316 0.9666121 1.3973683 1.0826660 0.0000000 0.5527808 0.4762051 0.4922431 0.8322154 1.0379332 0.9686508 1.3163951 1.4354950 1.4816246 1.3366513 1.5167009 1.2057361 1.4969083 1.5054271 1.4461151 1.3700040 1.5165117 1.4202079 1.9347612 1.8428710 1.7845786 1.5882777 1.6051148 1.6047986 3.0679244 2.2069480 1.6572178 2.1392681 2.1412165 1.8738973 1.8956420 2.0643588 2.0643588 1.8242524 2.6350836 2.8785996 1.7830024 1.9131397 1.8606372 3.2920397 2.3220809 2.7138198 2.3826567 2.8488338 2.9508316 3.2016478 3.6028995 
Sanmal_Sma_018662-T1                                    0.9117929 0.9607118 0.9794628 0.9601180 1.0160377 1.0551866 0.9674393 0.9242644 1.1928501 1.0753874 0.5527808 0.0000000 0.5452916 0.5962513 0.8444839 1.0601477 1.0430675 1.3221492 1.3457402 1.4214631 1.4362650 1.5454372 1.2048236 1.5761621 1.5684625 1.5048984 1.4950902 1.6002785 1.5130824 1.9541540 1.9681751 1.8108310 1.5949469 1.7180101 1.6714247 2.9860441 2.2220916 1.8113745 2.1443163 2.0372544 1.8561579 1.9437180 2.0845596 2.0845596 1.9541604 2.6520451 2.5814496 1.8562103 1.9051398 1.9100608 2.9404230 2.3217644 2.6572859 2.4017928 2.9332947 2.8003410 2.8465089 3.6303317 
Rhoesc_Res_006514-T1                                    0.9974834 1.0836436 1.1038110 1.1031293 1.1036246 1.2350108 1.1247548 0.9358761 1.3422761 1.0914198 0.4762051 0.5452916 0.0000000 0.1759762 0.8487475 1.1027160 1.0890194 1.3824449 1.3890588 1.5238666 1.5223104 1.6580909 1.3332787 1.6072012 1.5816188 1.5569618 1.5541247 1.7085401 1.5142918 1.8727775 1.8564604 1.6592977 1.5617050 1.6533653 1.7049694 3.0753965 2.3263103 1.8485378 2.2628815 2.0664887 1.9713387 1.9588080 2.1605750 2.1605750 1.9601779 2.8463921 2.9734179 2.0139221 1.9810909 1.8759778 3.1224922 2.3708750 2.7810665 2.3246627 2.9871739 3.1756391 2.8716327 4.0552893 
Nemnom_g6465.t1                                         1.0076637 1.0833604 1.1160911 1.1250798 1.0884258 1.1858274 1.0827238 0.9174927 1.4254965 1.0581985 0.4922431 0.5962513 0.1759762 0.0000000 0.8291988 1.0388691 1.0140288 1.3219684 1.3717630 1.4773719 1.4628127 1.6167210 1.3207687 1.5603166 1.5487909 1.4997912 1.4965530 1.6433528 1.5017658 1.8500339 1.8118905 1.6509692 1.3962677 1.5397328 1.5624236 2.6979475 2.1666173 1.7936188 2.1755422 2.0071874 1.8806968 1.9223367 2.1718192 2.1718192 1.8917064 2.6860880 3.0197335 2.0196334 1.8749221 1.7859465 2.9357271 2.2204959 2.6855554 2.2015929 2.8200382 3.1635595 2.4953310 3.6254791 
Morvir_scaffold57.g6.t1                                 1.0205605 1.1251465 1.2201740 1.1798134 1.1537382 1.2636771 1.1911854 1.0621275 1.3835016 1.2838866 0.8322154 0.8444839 0.8487475 0.8291988 0.0000000 1.0293930 1.1157054 1.3036249 1.4066505 1.4267245 1.3854870 1.3987825 1.3226324 1.4269568 1.4186920 1.3710607 1.3844119 1.5380164 1.4100039 1.6012290 1.6844989 1.4519681 1.4993394 1.5809083 1.5234532 3.1214631 2.2614551 1.6862229 2.1265029 1.8272781 1.7089000 1.6810934 1.9332705 1.9332705 1.7771085 2.5523833 2.6870419 1.5954366 1.7839396 1.7312939 3.1192187 2.1728542 2.6312205 2.3805396 2.9693768 2.8737379 2.4144804 3.6880026 
Hvul_g8004_1                                            1.0724401 1.0923098 1.1102180 1.0680034 1.0779275 1.2690739 1.1852196 1.1641099 1.3675499 1.1893860 1.0379332 1.0601477 1.1027160 1.0388691 1.0293930 0.0000000 0.8369489 1.4954951 1.4923060 1.5909929 1.7131621 1.6677953 1.3531508 1.6275772 1.6138189 1.5409173 1.5358575 1.7381491 1.6861641 2.0367953 2.1494938 1.9729308 1.7401091 1.8789029 1.8955482 2.8665104 2.2675838 1.9434097 2.2201254 2.2222453 1.9977266 1.9898527 2.0417117 2.0417117 2.1478374 2.6076541 2.6689574 1.7989956 2.0911739 2.0275456 3.0563989 2.4645902 2.5221724 2.2832632 2.9338604 2.8299728 2.7867384 4.2567829 
Chem_TCONS_00005670                                     1.0923585 1.1716993 1.2260386 1.1552897 1.1921172 1.2003421 1.1643775 0.9969777 1.4492972 1.2973324 0.9686508 1.0430675 1.0890194 1.0140288 1.1157054 0.8369489 0.0000000 1.5794806 1.5216761 1.7179064 1.6586300 1.7556446 1.4022375 1.6798486 1.6737849 1.6604738 1.6454971 1.7342027 1.6085734 2.0359208 2.0346077 1.8104823 1.7440876 1.6965792 1.8702744 2.9597310 2.3406472 1.9137424 2.2279500 2.2849100 2.0841939 2.0649573 2.1674607 2.1674607 2.1252157 2.7611195 2.9523635 1.6726611 1.9020010 1.8053172 3.2957154 2.3448833 2.7620655 2.5384450 2.7656616 3.0118902 3.2317287 3.9316509 
Cgig_XM_011424040.3                                     1.1788912 1.2970141 1.3211637 1.2917043 1.2693579 1.2735690 1.2280200 1.2410264 1.3230733 1.3954034 1.3163951 1.3221492 1.3824449 1.3219684 1.3036249 1.4954951 1.5794806 0.0000000 0.6941341 0.7304407 1.1743783 1.2696770 1.1024528 1.4362503 1.4313226 1.3944777 1.4087038 1.5558698 1.4617907 2.3076833 2.2035479 2.1029510 1.7291503 1.8161866 1.7542911 2.8401739 2.1020035 1.6356194 2.1323359 1.7673184 1.5876324 1.7192584 1.7849064 1.7849064 1.7607137 2.6529281 2.8243990 1.9622530 2.0418629 1.9462964 3.1102954 2.3235771 3.0830992 1.8373777 3.0336788 3.0857883 2.6986924 3.4350795 
Acagra_model.g14740.t1                                  1.1747105 1.2900744 1.3129368 1.2950358 1.2809519 1.3903850 1.2482886 1.1920733 1.3394060 1.4595042 1.4354950 1.3457402 1.3890588 1.3717630 1.4066505 1.4923060 1.5216761 0.6941341 0.0000000 0.7397607 1.1648204 1.1318715 1.0786692 1.5368045 1.5532112 1.5595686 1.5067969 1.6103625 1.4996732 2.4136639 2.5230222 2.0197985 1.7772445 1.9824554 2.0226723 2.9862072 2.1311114 1.6116966 2.0510448 1.8766447 1.6875862 1.7308616 1.9533118 1.9533118 1.8521643 2.5937495 2.8776787 2.0253931 2.0664865 1.9838664 2.9021612 2.3760852 3.2357920 2.2080913 3.1668348 3.2792373 3.1475829 3.1706908 
Ctel_gnl_WGS_AMQN_CAPTEDRAFT_mRNA229222                 1.1766396 1.2134276 1.2005591 1.1683867 1.1544853 1.2793192 1.1461254 1.2724838 1.2483487 1.3249131 1.4816246 1.4214631 1.5238666 1.4773719 1.4267245 1.5909929 1.7179064 0.7304407 0.7397607 0.0000000 1.1740862 1.1197021 1.1541218 1.5945741 1.5882041 1.5423455 1.5577722 1.8246728 1.6369854 2.5553640 2.5112733 2.2161517 2.0539740 1.9677703 1.8160392 3.0002828 2.3265471 1.9525161 2.1506770 1.9041630 1.6959770 1.8175253 1.9055298 1.9055298 2.0008078 3.0637916 3.0251417 2.0489163 2.0481442 2.1017737 3.1315635 2.0273563 2.7276252 2.1270961 2.9585953 3.0297184 3.0524564 2.9572401 
Bralan_BLAG11001046_1                                   1.1322401 1.2332572 1.2259398 1.2316197 1.2673166 1.4206350 1.2746979 1.1110150 1.5285652 1.3660949 1.3366513 1.4362650 1.5223104 1.4628127 1.3854870 1.7131621 1.6586300 1.1743783 1.1648204 1.1740862 0.0000000 1.1294097 1.0052069 1.3518586 1.3566469 1.3404577 1.2303063 1.4172319 1.3475878 2.2365831 2.3754683 2.0046641 1.7205423 1.7484999 1.7253161 3.7542058 2.3504339 1.5713039 2.3323795 2.1684347 1.8677056 2.0250802 2.2758857 2.2758857 2.0227933 3.0739564 2.5819424 1.8688005 1.8034443 1.7444181 3.2581276 2.5733652 3.0410689 2.1600618 2.9244130 3.0305485 3.2261668 3.8356272 
Spur_XM_011665871.2                                     1.0999296 1.2555909 1.1976365 1.2283848 1.1919791 1.3159436 1.1913073 1.1847499 1.3245684 1.5194851 1.5167009 1.5454372 1.6580909 1.6167210 1.3987825 1.6677953 1.7556446 1.2696770 1.1318715 1.1197021 1.1294097 0.0000000 0.7201110 1.3265562 1.3329788 1.2740344 1.2499949 1.4072656 1.2870072 1.9896309 2.0705463 1.7998720 1.6351444 1.5831257 1.5483311 3.5002847 2.0177426 1.2452500 2.0261850 1.8292693 1.5886612 1.7430842 1.8565638 1.8565638 1.7178491 2.5954573 2.6765965 1.8366054 1.6014501 1.6115455 2.9508266 2.0674214 2.8738720 2.3643539 2.7279469 3.2364670 3.3694839 3.7870343 
Skow_XM_002733732.2                                     0.9280626 1.0447004 1.0129932 1.0305506 1.0693409 1.1072302 1.0647501 1.0129724 1.1456038 1.2805609 1.2057361 1.2048236 1.3332787 1.3207687 1.3226324 1.3531508 1.4022375 1.1024528 1.0786692 1.1541218 1.0052069 0.7201110 0.0000000 1.1389316 1.1730874 1.1230807 1.1046695 1.2129659 1.1350547 1.8690522 1.9241885 1.8124193 1.6225063 1.7619460 1.7274977 2.9251811 2.0509454 1.4963403 1.9854057 1.9622775 1.8460938 1.8165366 1.9182511 1.9182511 1.8103176 2.5258067 2.5514257 1.9844392 1.8345070 1.8042577 2.9692545 2.0822033 3.1763660 2.3988203 2.8587827 3.1638720 3.4672123 3.6242344 
HoiH23_PlH23_003376-RA                                  1.2509880 1.2642998 1.3119034 1.3143701 1.2836338 1.2450661 1.2354366 1.3776975 1.4471002 1.3604692 1.4969083 1.5761621 1.6072012 1.5603166 1.4269568 1.6275772 1.6798486 1.4362503 1.5368045 1.5945741 1.3518586 1.3265562 1.1389316 0.0000000 0.0191675 0.0528411 0.0616202 0.0965086 0.0892963 2.1280151 2.0881570 2.0224751 1.9010677 1.7646666 1.9477789 3.1524666 2.3457643 1.9919958 2.2194515 2.0625073 1.9199620 1.9560439 1.9707127 1.9707127 1.9109102 2.7127964 2.6662347 2.1012328 2.0759271 2.0938815 3.2980663 2.1970649 2.7542875 2.6931898 2.8915012 2.7688050 3.3272928 3.4607178 
HoiH06_mRNA10527                                        1.2461611 1.2601347 1.3039197 1.3063739 1.2676956 1.2398045 1.2313424 1.3813157 1.4426705 1.3674318 1.5054271 1.5684625 1.5816188 1.5487909 1.4186920 1.6138189 1.6737849 1.4313226 1.5532112 1.5882041 1.3566469 1.3329788 1.1730874 0.0191675 0.0000000 0.0532446 0.0621681 0.1055726 0.0963937 2.1239182 2.0610126 1.9807636 1.8706199 1.7634885 1.9395188 3.1256151 2.3586495 2.0294003 2.2316106 2.0933666 1.9282703 1.9753493 2.0048129 2.0048129 1.9426606 2.7296028 2.6586699 2.0755205 2.0346994 2.0466115 3.2846378 2.1740688 2.7628260 2.7091965 2.8917388 2.7561640 3.2304236 3.4820980 
Hhon_g04542.t1                                          1.2022328 1.2192768 1.2537800 1.2424869 1.2198885 1.1771918 1.1771153 1.3647828 1.3912953 1.3378329 1.4461151 1.5048984 1.5569618 1.4997912 1.3710607 1.5409173 1.6604738 1.3944777 1.5595686 1.5423455 1.3404577 1.2740344 1.1230807 0.0528411 0.0532446 0.0000000 0.0149264 0.1034528 0.0913227 2.1164583 2.0718657 2.0465360 1.9204310 1.7520540 1.8946078 3.0133424 2.2798094 1.9662087 2.1908716 2.0254522 1.8704329 1.9565650 1.9191043 1.9191043 1.8784121 2.5983991 2.6592916 2.0285065 1.9847544 1.9988053 3.1955343 2.2293538 2.6586999 2.6518049 2.9909317 2.7620539 3.3748435 3.5297293 
HoiH04_mRNA5986                                         1.2875852 1.2541889 1.2680077 1.2641555 1.2557582 1.2397029 1.2233818 1.4353620 1.4605529 1.3145156 1.3700040 1.4950902 1.5541247 1.4965530 1.3844119 1.5358575 1.6454971 1.4087038 1.5067969 1.5577722 1.2303063 1.2499949 1.1046695 0.0616202 0.0621681 0.0149264 0.0000000 0.0660998 0.0902104 2.0720823 2.0240401 2.0234705 1.9204310 1.7668867 1.9739724 3.5293598 2.3440562 1.9662087 2.2536382 1.9522974 1.8681467 1.9171830 1.9202675 1.9202675 1.9406861 2.6342339 2.8921498 2.0386661 1.9959294 2.0047835 3.2563106 2.2109729 2.3535534 2.6320674 2.8197355 2.7718403 3.3748435 3.3243501 
HoiH11_mRNA6631                                         1.3859432 1.3525945 1.3738977 1.3707003 1.3636404 1.3752131 1.3425816 1.5448177 1.7037127 1.3768208 1.5165117 1.6002785 1.7085401 1.6433528 1.5380164 1.7381491 1.7342027 1.5558698 1.6103625 1.8246728 1.4172319 1.4072656 1.2129659 0.0965086 0.1055726 0.1034528 0.0660998 0.0000000 0.1262342 2.2222862 2.1706146 2.1438455 1.9914301 1.9179214 2.1141826 3.9476574 2.5368715 2.0289079 2.4945929 2.1298807 2.0561167 2.0479896 2.0585942 2.0585942 2.1125617 2.8653254 3.1259000 2.0510285 2.2181156 2.1176379 3.5125947 2.3250034 2.5983777 2.8998943 3.0397176 2.9225601 3.6658019 3.7556245 
TrH2_TrispH2_009618-RA                                  1.2518122 1.2690212 1.3186646 1.3037349 1.2610676 1.1878457 1.1796535 1.3684931 1.4776079 1.3204533 1.4202079 1.5130824 1.5142918 1.5017658 1.4100039 1.6861641 1.6085734 1.4617907 1.4996732 1.6369854 1.3475878 1.2870072 1.1350547 0.0892963 0.0963937 0.0913227 0.0902104 0.1262342 0.0000000 2.0975251 2.0514130 1.9835709 1.8867711 1.7648895 1.8451241 2.9668943 2.2886627 1.9934943 2.1956314 2.0384831 1.8303805 1.8967240 1.9868552 1.9868552 1.8748846 2.6529001 2.6631107 2.0634348 1.9938733 2.0342447 3.2062339 2.1274018 2.7136326 2.6449933 2.8733964 2.8209552 3.1414924 3.5909470 
Aque_Aqu2.1.37921_001                                   2.0021700 2.0051083 2.0512542 2.0273960 2.0421928 2.1429140 1.9825296 1.8218085 2.1055821 2.1377796 1.9347612 1.9541540 1.8727775 1.8500339 1.6012290 2.0367953 2.0359208 2.3076833 2.4136639 2.5553640 2.2365831 1.9896309 1.8690522 2.1280151 2.1239182 2.1164583 2.0720823 2.2222862 2.0975251 0.0000000 0.3352746 0.5621399 1.1911370 1.4701880 1.4376755 4.9210571 2.8093265 1.8678455 2.5540907 2.3899928 2.3180406 2.2280477 2.3701043 2.3701043 2.1427374 3.3391699 3.1962851 1.8855310 2.1248125 1.9682925 3.1743755 2.8034774 3.1393153 2.6372932 3.3034419 3.2545197 1.7182000 4.2743949 
Halamb_c47344_g1_i1m.22179                              1.9494938 1.9953659 2.0177623 2.0563837 1.9694013 2.0144315 1.8981103 1.8550798 2.0519087 2.0704612 1.8428710 1.9681751 1.8564604 1.8118905 1.6844989 2.1494938 2.0346077 2.2035479 2.5230222 2.5112733 2.3754683 2.0705463 1.9241885 2.0881570 2.0610126 2.0718657 2.0240401 2.1706146 2.0514130 0.3352746 0.0000000 0.5500156 1.2403638 1.4981703 1.3850007 6.2470013 3.1971562 2.0353161 2.7234853 2.7334847 2.4811414 2.4413160 2.4367853 2.4367853 2.3592510 3.1430069 3.1982296 1.8578898 2.0700910 1.9135119 3.6141430 2.6998264 3.1728575 2.9197323 3.6287585 3.7249688 1.6406004 4.4081122 
Xestes_maker-XT_scaffold10298-augustus-gene-0.18-mRNA-1 1.6360012 1.6276426 1.6851133 1.6934041 1.7094821 1.8144334 1.7049384 1.5299400 1.7808114 1.9159944 1.7845786 1.8108310 1.6592977 1.6509692 1.4519681 1.9729308 1.8104823 2.1029510 2.0197985 2.2161517 2.0046641 1.7998720 1.8124193 2.0224751 1.9807636 2.0465360 2.0234705 2.1438455 1.9835709 0.5621399 0.5500156 0.0000000 0.9007348 1.1996645 1.1701948 4.4435976 2.7278527 1.7643131 2.4019467 2.4085040 2.2849833 2.3040686 2.3009469 2.3009469 2.0875555 3.0427796 3.0233277 1.5912396 1.8345419 1.7237688 3.2694726 2.4876858 3.1562364 2.4931117 3.4510523 3.5148982 2.0486185 3.5373560 
Spolac_c90771_g1_i2_m.6451c90771-g1                     1.7214439 1.6446075 1.6682539 1.7094455 1.6256519 1.6335592 1.5575396 1.5060468 2.0918159 1.7032658 1.5882777 1.5949469 1.5617050 1.3962677 1.4993394 1.7401091 1.7440876 1.7291503 1.7772445 2.0539740 1.7205423 1.6351444 1.6225063 1.9010677 1.8706199 1.9204310 1.9204310 1.9914301 1.8867711 1.1911370 1.2403638 0.9007348 0.0000000 0.2275453 1.1394340 0.0000010 1.8631142 1.9234309 1.8926657 1.5882285 1.4700250 1.6197238 1.6077900 1.6077900 1.5109176 1.7793180 2.3957135 1.7543583 1.6576443 1.6576443 1.9058467 1.7653917 2.2170473 2.0965211 2.3038846 2.6388667 1.5802092 4.6891328 
Emue_Em0015g475a.t1                                     1.6926279 1.6265264 1.6145973 1.5800744 1.5688956 1.5753158 1.5922811 1.5171278 1.7588138 1.7779025 1.6051148 1.7180101 1.6533653 1.5397328 1.5809083 1.8789029 1.6965792 1.8161866 1.9824554 1.9677703 1.7484999 1.5831257 1.7619460 1.7646666 1.7634885 1.7520540 1.7668867 1.9179214 1.7648895 1.4701880 1.4981703 1.1996645 0.2275453 0.0000000 1.1696321 2.5254111 2.1346011 2.0002297 2.0586516 1.8050153 1.7658574 1.9343959 1.9282162 1.9282162 1.7458522 2.7592178 3.0079029 1.6867778 1.5546413 1.5693898 2.7295558 2.1341096 2.5506821 2.4830742 2.6016861 2.9082737 1.7276750 2.6251997 
Tetwil_g25551.t1                                        1.7549389 1.7144313 1.7233346 1.6867474 1.7356089 1.9322451 1.7803552 1.5287080 1.8049770 1.6987692 1.6047986 1.6714247 1.7049694 1.5624236 1.5234532 1.8955482 1.8702744 1.7542911 2.0226723 1.8160392 1.7253161 1.5483311 1.7274977 1.9477789 1.9395188 1.8946078 1.9739724 2.1141826 1.8451241 1.4376755 1.3850007 1.1701948 1.1394340 1.1696321 0.0000000 2.7054957 2.1776099 1.8862355 2.1018059 1.8920399 1.9048594 2.0260992 1.9727690 1.9727690 1.9145645 2.3027011 2.5918918 2.1388871 1.7790950 1.8191758 2.5158178 2.4317640 2.6894589 2.4162836 2.8960603 3.0347827 1.9381136 2.4844710 
Coeast_Cast_sb767124                                    2.8425151 2.9786549 3.5021563 3.4371769 3.2002317 3.4439430 3.2320680 2.8478654 3.2397517 3.0642246 3.0679244 2.9860441 3.0753965 2.6979475 3.1214631 2.8665104 2.9597310 2.8401739 2.9862072 3.0002828 3.7542058 3.5002847 2.9251811 3.1524666 3.1256151 3.0133424 3.5293598 3.9476574 2.9668943 4.9210571 6.2470013 4.4435976 0.0000010 2.5254111 2.7054957 0.0000000 0.0524301 1.5459717 0.4056219 0.9275409 0.9727285 0.9789207 0.8961976 0.8961976 0.8258509 1.8280720 1.7607434 6.1342117 3.1012238 3.2202451 1.8215900 3.7075545 3.5675840 4.3509524 4.2002726 4.0248834 0.0000010 3.8079933 
Coemet_Cmet_C594837_01                                  2.0851833 2.0838956 2.3336890 2.2971929 2.2745785 2.3081808 2.2197643 2.0182651 2.4037757 2.2466313 2.2069480 2.2220916 2.3263103 2.1666173 2.2614551 2.2675838 2.3406472 2.1020035 2.1311114 2.3265471 2.3504339 2.0177426 2.0509454 2.3457643 2.3586495 2.2798094 2.3440562 2.5368715 2.2886627 2.8093265 3.1971562 2.7278527 1.8631142 2.1346011 2.1776099 0.0524301 0.0000000 0.0187232 0.2938133 0.7121951 0.7044772 0.7104488 0.7139920 0.7139920 0.6606114 1.4142022 1.4849638 2.2435484 2.2558291 2.2209128 1.6551697 2.8811871 3.0551748 2.9529228 3.3014366 3.2583546 3.4965721 3.4897722 
Coeast_Cast_sb767125                                    1.6207970 1.5271713 1.6684884 1.6511763 1.7161066 1.6311164 1.6392946 1.5997783 1.7592530 1.6924539 1.6572178 1.8113745 1.8485378 1.7936188 1.6862229 1.9434097 1.9137424 1.6356194 1.6116966 1.9525161 1.5713039 1.2452500 1.4963403 1.9919958 2.0294003 1.9662087 1.9662087 2.0289079 1.9934943 1.8678455 2.0353161 1.7643131 1.9234309 2.0002297 1.8862355 1.5459717 0.0187232 0.0000000 0.2175846 0.5343360 0.5467243 0.5527640 0.5944048 0.5944048 0.5659631 1.2190495 1.3875155 1.9369442 1.7367220 1.7367220 1.6568619 2.3305773 2.7565097 2.1429300 2.7235484 2.6858271 3.4965721 3.5316252 
Vmul_sbMO397476                                         1.9810353 2.0701691 2.2094345 2.1528832 2.1764633 2.0854136 2.0535031 1.8942932 2.1398756 2.1219283 2.1392681 2.1443163 2.2628815 2.1755422 2.1265029 2.2201254 2.2279500 2.1323359 2.0510448 2.1506770 2.3323795 2.0261850 1.9854057 2.2194515 2.2316106 2.1908716 2.2536382 2.4945929 2.1956314 2.5540907 2.7234853 2.4019467 1.8926657 2.0586516 2.1018059 0.4056219 0.2938133 0.2175846 0.0000000 0.7158422 0.6415323 0.6958386 0.6693819 0.6693819 0.6547966 1.4064136 1.4601559 2.2663321 2.2226276 2.2973118 1.7810745 2.7953487 2.8354366 2.8662931 3.1602906 2.9377397 4.1990839 3.3219381 
Mlei_ML0127.g1.i1                                       1.8343523 1.8598016 2.0017451 1.9692399 1.9935391 1.9777257 1.9601247 1.6841603 2.1009803 1.8637813 2.1412165 2.0372544 2.0664887 2.0071874 1.8272781 2.2222453 2.2849100 1.7673184 1.8766447 1.9041630 2.1684347 1.8292693 1.9622775 2.0625073 2.0933666 2.0254522 1.9522974 2.1298807 2.0384831 2.3899928 2.7334847 2.4085040 1.5882285 1.8050153 1.8920399 0.9275409 0.7121951 0.5343360 0.7158422 0.0000000 0.2136290 0.2166732 0.3381650 0.3381650 0.2908150 1.5587858 1.6214584 2.0945514 2.1942731 2.1111006 1.9671736 2.3660521 2.3627006 2.6131355 2.8758504 2.6852210 3.4228380 3.4240387 
Beraby_Baby_sb353205                                    1.7420261 1.7200250 1.7704160 1.7634520 1.7855560 1.7015836 1.7220090 1.6978627 1.8055869 1.7232861 1.8738973 1.8561579 1.9713387 1.8806968 1.7089000 1.9977266 2.0841939 1.5876324 1.6875862 1.6959770 1.8677056 1.5886612 1.8460938 1.9199620 1.9282703 1.8704329 1.8681467 2.0561167 1.8303805 2.3180406 2.4811414 2.2849833 1.4700250 1.7658574 1.9048594 0.9727285 0.7044772 0.5467243 0.6415323 0.2136290 0.0000000 0.3064147 0.3330675 0.3330675 0.3431428 1.4568006 1.4963205 1.9038319 2.0376974 2.0500516 2.0483609 2.1242364 2.0239630 2.3865497 2.6592217 2.7031239 3.3111597 2.9881962 
Drygla_Dgla_sb280620                                    1.7570701 1.7025837 1.8899533 1.8490698 1.8306857 1.8389368 1.8329810 1.7318484 1.9941129 1.7395004 1.8956420 1.9437180 1.9588080 1.9223367 1.6810934 1.9898527 2.0649573 1.7192584 1.7308616 1.8175253 2.0250802 1.7430842 1.8165366 1.9560439 1.9753493 1.9565650 1.9171830 2.0479896 1.8967240 2.2280477 2.4413160 2.3040686 1.6197238 1.9343959 2.0260992 0.9789207 0.7104488 0.5527640 0.6958386 0.2166732 0.3064147 0.0000000 0.3186548 0.3186548 0.3303756 1.4899986 1.7331300 2.0715541 2.1934987 2.0823859 2.0175136 2.5126908 2.2577447 2.4228326 2.9352575 2.5526094 3.4224288 3.2374430 
Pbac_sb2647239                                          1.7950471 1.8729180 1.9542481 1.9609417 1.9698403 1.8811054 1.9004137 1.7170770 2.1409762 1.9360946 2.0643588 2.0845596 2.1605750 2.1718192 1.9332705 2.0417117 2.1674607 1.7849064 1.9533118 1.9055298 2.2758857 1.8565638 1.9182511 1.9707127 2.0048129 1.9191043 1.9202675 2.0585942 1.9868552 2.3701043 2.4367853 2.3009469 1.6077900 1.9282162 1.9727690 0.8961976 0.7139920 0.5944048 0.6693819 0.3381650 0.3330675 0.3186548 0.0000000 0.0000010 0.3847178 1.5244132 1.5727936 2.1320609 2.3525808 2.2919458 1.9929453 2.4522949 2.5604642 2.6776381 3.0441301 2.9033255 3.8810367 3.6306865 
Horcal_Hcv1.av93.c1.g766.i1                             1.7950471 1.8729180 1.9542481 1.9609417 1.9698403 1.8811054 1.9004137 1.7170770 2.1409762 1.9360946 2.0643588 2.0845596 2.1605750 2.1718192 1.9332705 2.0417117 2.1674607 1.7849064 1.9533118 1.9055298 2.2758857 1.8565638 1.9182511 1.9707127 2.0048129 1.9191043 1.9202675 2.0585942 1.9868552 2.3701043 2.4367853 2.3009469 1.6077900 1.9282162 1.9727690 0.8961976 0.7139920 0.5944048 0.6693819 0.3381650 0.3330675 0.3186548 0.0000010 0.0000000 0.3847178 1.5244132 1.5727936 2.1320609 2.3525808 2.2919458 1.9929453 2.4522949 2.5604642 2.6776381 3.0441301 2.9033255 3.8810367 3.6306865 
Lampan_Lpan_13736_01                                    1.8542622 1.7941216 1.9166312 1.8934782 1.9183400 1.9060587 1.8726997 1.7462336 1.9885014 1.9437008 1.8242524 1.9541604 1.9601779 1.8917064 1.7771085 2.1478374 2.1252157 1.7607137 1.8521643 2.0008078 2.0227933 1.7178491 1.8103176 1.9109102 1.9426606 1.8784121 1.9406861 2.1125617 1.8748846 2.1427374 2.3592510 2.0875555 1.5109176 1.7458522 1.9145645 0.8258509 0.6606114 0.5659631 0.6547966 0.2908150 0.3431428 0.3303756 0.3847178 0.3847178 0.0000000 1.5014906 1.6556808 2.0697637 2.1386386 2.1322330 1.8979185 2.4001897 2.1720768 2.3021989 2.8885702 2.7114452 3.7665393 3.0330855 
Coemet_Cmet_C599511_01                                  2.4606847 2.5221230 2.5606417 2.5235343 2.5380694 2.6961914 2.5855932 2.3423442 2.6997952 2.9027597 2.6350836 2.6520451 2.8463921 2.6860880 2.5523833 2.6076541 2.7611195 2.6529281 2.5937495 3.0637916 3.0739564 2.5954573 2.5258067 2.7127964 2.7296028 2.5983991 2.6342339 2.8653254 2.6529001 3.3391699 3.1430069 3.0427796 1.7793180 2.7592178 2.3027011 1.8280720 1.4142022 1.2190495 1.4064136 1.5587858 1.4568006 1.4899986 1.5244132 1.5244132 1.5014906 0.0000000 1.6700001 2.4672971 3.1369342 3.2134965 2.0516725 3.1099764 3.0495227 2.7411825 3.6875048 3.4988757 3.8296987 3.7891949 
Vmul_sbMO409082                                         2.4656971 2.6284513 2.7612028 2.7282292 2.7135590 2.8103768 2.6954820 2.5328781 2.8516299 2.8416399 2.8785996 2.5814496 2.9734179 3.0197335 2.6870419 2.6689574 2.9523635 2.8243990 2.8776787 3.0251417 2.5819424 2.6765965 2.5514257 2.6662347 2.6586699 2.6592916 2.8921498 3.1259000 2.6631107 3.1962851 3.1982296 3.0233277 2.3957135 3.0079029 2.5918918 1.7607434 1.4849638 1.3875155 1.4601559 1.6214584 1.4963205 1.7331300 1.5727936 1.5727936 1.6556808 1.6700001 0.0000000 2.4969581 2.6996018 2.8610363 2.1066498 3.2179129 3.1415950 2.5186102 3.3664367 3.2102926 4.3272031 3.4584588 
Plajan_Pjan_scaffold11624_01                            1.9994767 1.8960041 1.9895193 1.9472755 1.8375162 1.8396903 1.8390294 1.9078699 2.0942948 1.8650635 1.7830024 1.8562103 2.0139221 2.0196334 1.5954366 1.7989956 1.6726611 1.9622530 2.0253931 2.0489163 1.8688005 1.8366054 1.9844392 2.1012328 2.0755205 2.0285065 2.0386661 2.0510285 2.0634348 1.8855310 1.8578898 1.5912396 1.7543583 1.6867778 2.1388871 6.1342117 2.2435484 1.9369442 2.2663321 2.0945514 1.9038319 2.0715541 2.1320609 2.1320609 2.0697637 2.4672971 2.4969581 0.0000000 0.7014716 0.7087874 2.7987726 1.9261387 1.8429090 2.4964788 2.3293722 2.7091439 4.1022578 3.6780946 
Opea_EP00118_Oscarella_pearsei_P001808                  1.8444176 1.8524758 1.8805826 1.8686247 1.9036324 1.8688224 1.7725219 1.7779419 1.7760876 1.8136406 1.9131397 1.9051398 1.9810909 1.8749221 1.7839396 2.0911739 1.9020010 2.0418629 2.0664865 2.0481442 1.8034443 1.6014501 1.8345070 2.0759271 2.0346994 1.9847544 1.9959294 2.2181156 1.9938733 2.1248125 2.0700910 1.8345419 1.6576443 1.5546413 1.7790950 3.1012238 2.2558291 1.7367220 2.2226276 2.1942731 2.0376974 2.1934987 2.3525808 2.3525808 2.1386386 3.1369342 2.6996018 0.7014716 0.0000000 0.0109131 2.7833804 2.2024596 2.5538439 2.6085708 2.8777823 3.2589864 3.5036651 2.6900334 
Ocar_g1943                                              1.8529489 1.8438573 1.8671959 1.8535647 1.8721710 1.8630525 1.7379019 1.7813550 1.7825803 1.8019043 1.8606372 1.9100608 1.8759778 1.7859465 1.7312939 2.0275456 1.8053172 1.9462964 1.9838664 2.1017737 1.7444181 1.6115455 1.8042577 2.0938815 2.0466115 1.9988053 2.0047835 2.1176379 2.0342447 1.9682925 1.9135119 1.7237688 1.6576443 1.5693898 1.8191758 3.2202451 2.2209128 1.7367220 2.2973118 2.1111006 2.0500516 2.0823859 2.2919458 2.2919458 2.1322330 3.2134965 2.8610363 0.7087874 0.0109131 0.0000000 2.9102246 2.1576512 2.2890898 2.6127678 2.8086238 3.5213894 3.5036651 2.6560659 
Coemet_Cmet_C598013_01                                  3.0166169 3.0666674 3.2395424 3.1406586 3.0101095 3.0728735 3.0368919 2.9094465 3.4484266 3.1754108 3.2920397 2.9404230 3.1224922 2.9357271 3.1192187 3.0563989 3.2957154 3.1102954 2.9021612 3.1315635 3.2581276 2.9508266 2.9692545 3.2980663 3.2846378 3.1955343 3.2563106 3.5125947 3.2062339 3.1743755 3.6141430 3.2694726 1.9058467 2.7295558 2.5158178 1.8215900 1.6551697 1.6568619 1.7810745 1.9671736 2.0483609 2.0175136 1.9929453 1.9929453 1.8979185 2.0516725 2.1066498 2.7987726 2.7833804 2.9102246 0.0000000 3.2662942 3.4477563 3.1940845 4.1796526 3.5330505 4.0199871 3.5640235 
Tcas_TC011780_001                                       2.2707000 2.3775359 2.3693881 2.4460195 2.2427876 2.3936771 2.2711672 2.1317342 2.5803577 2.8028966 2.3220809 2.3217644 2.3708750 2.2204959 2.1728542 2.4645902 2.3448833 2.3235771 2.3760852 2.0273563 2.5733652 2.0674214 2.0822033 2.1970649 2.1740688 2.2293538 2.2109729 2.3250034 2.1274018 2.8034774 2.6998264 2.4876858 1.7653917 2.1341096 2.4317640 3.7075545 2.8811871 2.3305773 2.7953487 2.3660521 2.1242364 2.5126908 2.4522949 2.4522949 2.4001897 3.1099764 3.2179129 1.9261387 2.2024596 2.1576512 3.2662942 0.0000000 2.9992912 2.6092553 3.1366516 3.1497964 3.7997018 3.2831774 
Leuniv_Lniv_scaffold21049_01                            2.5855362 2.7881570 2.7668503 2.8042704 2.8079830 2.5868062 2.4941068 2.2478362 2.8433168 2.6921125 2.7138198 2.6572859 2.7810665 2.6855554 2.6312205 2.5221724 2.7620655 3.0830992 3.2357920 2.7276252 3.0410689 2.8738720 3.1763660 2.7542875 2.7628260 2.6586999 2.3535534 2.5983777 2.7136326 3.1393153 3.1728575 3.1562364 2.2170473 2.5506821 2.6894589 3.5675840 3.0551748 2.7565097 2.8354366 2.3627006 2.0239630 2.2577447 2.5604642 2.5604642 2.1720768 3.0495227 3.1415950 1.8429090 2.5538439 2.2890898 3.4477563 2.9992912 0.0000000 3.0044289 1.7767801 2.4105747 3.0341838 4.7677741 
Cscu_XM_023372781.1                                     2.1163131 2.2926915 2.3564694 2.3495972 2.3398687 2.6156199 2.3864166 2.1714861 2.6747747 2.4448600 2.3826567 2.4017928 2.3246627 2.2015929 2.3805396 2.2832632 2.5384450 1.8373777 2.2080913 2.1270961 2.1600618 2.3643539 2.3988203 2.6931898 2.7091965 2.6518049 2.6320674 2.8998943 2.6449933 2.6372932 2.9197323 2.4931117 2.0965211 2.4830742 2.4162836 4.3509524 2.9529228 2.1429300 2.8662931 2.6131355 2.3865497 2.4228326 2.6776381 2.6776381 2.3021989 2.7411825 2.5186102 2.4964788 2.6085708 2.6127678 3.1940845 2.6092553 3.0044289 0.0000000 3.0895774 3.1594119 4.1568410 3.5341308 
Lcom_lcpid59852                                         2.6996729 2.8527991 2.8569937 2.8850316 2.8829881 2.7373970 2.6858953 2.6672146 3.0433463 2.6228693 2.8488338 2.9332947 2.9871739 2.8200382 2.9693768 2.9338604 2.7656616 3.0336788 3.1668348 2.9585953 2.9244130 2.7279469 2.8587827 2.8915012 2.8917388 2.9909317 2.8197355 3.0397176 2.8733964 3.3034419 3.6287585 3.4510523 2.3038846 2.6016861 2.8960603 4.2002726 3.3014366 2.7235484 3.1602906 2.8758504 2.6592217 2.9352575 3.0441301 3.0441301 2.8885702 3.6875048 3.3664367 2.3293722 2.8777823 2.8086238 4.1796526 3.1366516 1.7767801 3.0895774 0.0000000 1.8547839 2.4722473 3.8701795 
Gracom_Gcom_scaffold15708_01                            2.5281040 2.7495954 2.8375705 2.8870298 2.6983809 2.8513053 2.6525736 2.5060992 3.2193409 2.6747170 2.9508316 2.8003410 3.1756391 3.1635595 2.8737379 2.8299728 3.0118902 3.0857883 3.2792373 3.0297184 3.0305485 3.2364670 3.1638720 2.7688050 2.7561640 2.7620539 2.7718403 2.9225601 2.8209552 3.2545197 3.7249688 3.5148982 2.6388667 2.9082737 3.0347827 4.0248834 3.2583546 2.6858271 2.9377397 2.6852210 2.7031239 2.5526094 2.9033255 2.9033255 2.7114452 3.4988757 3.2102926 2.7091439 3.2589864 3.5213894 3.5330505 3.1497964 2.4105747 3.1594119 1.8547839 0.0000000 2.2645420 4.2723014 
Stycar_maker-SC_scaffold1784-augustus-gene-0.1-mRNA-1   2.7989509 2.7746736 2.7410667 2.7324440 2.6292565 2.8334134 2.6326297 2.5715911 3.4664595 3.2143375 3.2016478 2.8465089 2.8716327 2.4953310 2.4144804 2.7867384 3.2317287 2.6986924 3.1475829 3.0524564 3.2261668 3.3694839 3.4672123 3.3272928 3.2304236 3.3748435 3.3748435 3.6658019 3.1414924 1.7182000 1.6406004 2.0486185 1.5802092 1.7276750 1.9381136 0.0000010 3.4965721 3.4965721 4.1990839 3.4228380 3.3111597 3.4224288 3.8810367 3.8810367 3.7665393 3.8296987 4.3272031 4.1022578 3.5036651 3.5036651 4.0199871 3.7997018 3.0341838 4.1568410 2.4722473 2.2645420 0.0000000 0.0000010 
Clacor_Ccor_scaffold6155_01                             2.8535707 3.1191240 3.3522949 3.3534535 2.9940495 3.5745662 3.3459672 2.8428630 3.1451352 3.8447086 3.6028995 3.6303317 4.0552893 3.6254791 3.6880026 4.2567829 3.9316509 3.4350795 3.1706908 2.9572401 3.8356272 3.7870343 3.6242344 3.4607178 3.4820980 3.5297293 3.3243501 3.7556245 3.5909470 4.2743949 4.4081122 3.5373560 4.6891328 2.6251997 2.4844710 3.8079933 3.4897722 3.5316252 3.3219381 3.4240387 2.9881962 3.2374430 3.6306865 3.6306865 3.0330855 3.7891949 3.4584588 3.6780946 2.6900334 2.6560659 3.5640235 3.2831774 4.7677741 3.5341308 3.8701795 4.2723014 0.0000010 0.0000000 
