60
Lcom_lcpid108487                                       0.0000000 0.0454057 0.4056901 0.3546277 2.0513435 2.1171345 2.0727967 1.2375759 1.4864106 1.5641582 1.0059448 1.9556151 2.2948869 2.5207106 1.2186118 2.3258453 2.3620854 1.6187741 2.7735419 1.9558919 1.9057310 1.9136658 1.9489574 1.7457005 2.0803588 2.0422062 3.0063717 1.7770205 1.8567388 1.8220742 1.8544882 1.9478375 1.6572862 1.9336409 1.9366473 1.9998055 2.0893006 2.1693796 2.1093278 1.9592968 1.7533061 1.6830030 2.0175830 1.9609456 1.8341571 1.9362686 2.2038975 1.6750226 2.7055645 3.0253020 3.0250739 3.4047294 3.2875545 2.7518517 2.6948397 2.5438771 2.5692010 2.2787822 2.5863985 2.7883213 
Lcom_lcpid132707                                       0.0454057 0.0000000 0.3629170 0.3201681 1.3890040 1.4554526 1.2173869 1.2375759 1.1204453 1.2783257 1.0059448 1.4851810 1.5624652 1.5749657 1.2186118 1.5604175 1.5604175 1.6187741 1.7522683 1.2257641 1.3356609 1.3871736 1.3908043 1.2792108 1.4051998 1.3047705 8.9999986 1.2724588 1.3533727 1.2464954 1.3369940 1.2678932 1.1869025 1.3828592 1.1948837 1.3063675 1.3615271 1.4248826 1.3578957 1.3973147 1.3590243 1.2714180 1.6145915 1.1261654 1.3804107 1.2127354 1.2977147 1.2937728 1.8933861 2.2972946 2.2880147 2.2920903 2.4735550 2.0626758 2.0626758 1.9330417 2.2053106 1.8059046 1.9382879 2.7883213 
Gracom_Gcom_scaffold12617_01                           0.4056901 0.3629170 0.0000000 0.3652510 1.4868003 1.4461732 1.3480357 1.2953250 1.4168917 1.3753661 1.1527991 1.3838422 1.5913433 1.6110732 1.3237205 1.6045480 1.6045480 1.6441255 1.7196829 1.2172721 1.4465935 1.4213158 1.4470157 1.3674073 1.3674073 1.3907380 9.0000000 1.3894553 1.4006808 1.3845949 1.4141327 1.2017488 1.2795511 1.2972028 1.2850556 1.3614011 1.2803689 1.5349036 1.6168465 1.4550761 1.5328526 1.4304727 1.7284987 1.2838811 1.4329641 1.3527458 1.4553070 1.3024900 1.8796154 2.0458409 2.0381458 2.0270964 2.1192486 1.9190439 1.9190439 1.6725113 2.0461748 1.7538414 1.6679024 3.3382407 
Scil_scict019324.1                                     0.3546277 0.3201681 0.3652510 0.0000000 1.3472866 1.3667194 1.1147901 1.0647360 1.1235097 1.2656821 1.1282291 1.3185407 1.3396111 1.4111591 1.1863546 1.3622077 1.3622077 1.6298317 1.6614712 1.1365480 1.2492956 1.2902901 1.3030590 1.2650299 1.2650299 1.2475986 0.6277551 1.1838689 1.3053743 1.3574544 1.4574327 1.1761454 1.1192216 1.2774282 1.0498908 1.1622025 1.1933718 1.3054312 1.4670718 1.4007719 1.4435528 1.3512896 1.7062349 1.0401124 1.2084211 1.1210758 1.2648147 1.3175913 1.8785056 1.8988273 1.9763237 1.9653746 2.0950960 1.8723098 1.8723098 1.5177557 1.9451396 1.6416376 1.6457222 3.0442651 
Emue_Em0021g584a.t1                                    2.0513435 1.3890040 1.4868003 1.3472866 0.0000000 0.1239362 0.6942556 0.2540882 0.6229250 0.8573168 0.6504362 1.5104107 1.9769178 2.0287931 0.9254460 1.8627953 1.8875788 1.0371005 2.2552727 1.3898460 1.6954331 1.5509438 1.6534101 1.3860033 1.6713052 1.7505261 7.5888314 1.3936367 1.5948925 1.5122546 1.6246924 1.6122623 1.4735250 1.4935968 1.6046556 1.6438147 1.7245415 1.5772731 1.6207673 2.1216835 1.5335100 1.5983625 1.7597405 1.6089697 1.4405506 1.4870461 1.5557820 1.9796098 2.5336598 2.4772787 2.4852937 2.6943316 2.5517215 2.0442372 2.0432299 2.0791360 2.0756159 1.9063469 2.0207044 1.8084493 
Spolac_c99476_g1_i2_m.19772c99476-g1                   2.1171345 1.4554526 1.4461732 1.3667194 0.1239362 0.0000000 0.7062587 0.2761887 0.7001167 0.9597896 0.8133548 1.3921997 1.9364684 1.8656916 0.9591788 1.8834082 1.9077669 1.0533591 2.2094080 1.3289302 1.5940987 1.5082466 1.5531506 1.3419073 1.6274863 1.6366194 6.4338162 1.3599270 1.5601480 1.5959214 1.6553820 1.6032333 1.4739522 1.5030859 1.6137948 1.6470979 1.7637188 1.5572075 1.7503626 2.0443168 1.5493135 1.6235935 1.8654161 1.5689729 1.3639768 1.3938343 1.6066721 2.1197682 2.5754534 2.4587635 2.4613760 2.8127514 2.4398741 1.9494092 1.9482454 2.0961391 2.0479692 1.9372093 2.0511588 1.9405783 
Tetwil_g6743.t1                                        2.0727967 1.2173869 1.3480357 1.1147901 0.6942556 0.7062587 0.0000000 0.2340601 0.5066053 0.7665689 0.6259728 1.5293643 1.8033667 1.8028440 0.8986834 1.7775539 1.8008544 1.0034060 2.1434660 1.4457189 1.4825449 1.5652171 1.5895747 1.2947226 1.4660880 1.5736232 5.4058296 1.2343760 1.4494055 1.6721436 1.6590577 1.5844742 1.4140820 1.4548394 1.6651782 1.6965330 1.5993336 1.3911263 1.7530412 1.9859239 1.5588567 1.4656115 1.7372011 1.6877125 1.4059227 1.6208426 1.5254409 1.8858057 2.2345013 2.4307817 2.4204910 2.7453657 2.3272468 1.9147295 1.9125586 2.0576597 2.0253599 1.7196121 1.8451306 1.7803092 
Stycar_maker-SC_scaffold315-snap-gene-0.9-mRNA-1       1.2375759 1.2375759 1.2953250 1.0647360 0.2540882 0.2761887 0.2340601 0.0000000 0.4089175 0.3957125 0.6633463 0.6264035 1.0639717 1.0014533 0.8930345 1.0630469 1.0630469 0.9338664 0.9626507 0.6359657 0.6341630 0.6573234 0.6706874 0.6633253 0.6633253 0.6687014 0.0000010 0.6055382 0.6991420 0.8892912 0.9066594 0.8013057 0.9313238 0.7973635 0.8235751 0.8560743 0.8232212 0.7985934 0.8618132 1.0119740 0.8591580 0.9060175 1.0824591 0.8824597 1.1202315 0.8175497 0.8655363 1.0927510 1.5358784 1.9637732 1.9895848 1.9787866 1.9265605 1.7157706 1.7157706 1.4453823 1.4992035 1.4474512 1.3898529 1.7477270 
Xestes_maker-XT_scaffold2328-augustus-gene-0.68-mRNA-1 1.4864106 1.1204453 1.4168917 1.1235097 0.6229250 0.7001167 0.5066053 0.4089175 0.0000000 0.5438411 0.6598075 1.1044778 1.7976776 1.5842325 0.9824455 1.8061399 1.7885524 1.1480181 2.0526457 1.1534973 1.2701696 1.1549016 1.2165053 1.3153118 1.3433684 1.3442342 2.8948236 1.1932862 1.2620967 1.4354618 1.3863982 1.2584426 1.2420525 1.4255518 1.3167513 1.3103412 1.2883270 1.2474167 1.1396873 1.6670538 1.2733497 1.3238146 1.4656356 1.1838596 1.3416888 1.1791625 1.6812362 1.5785610 2.1012853 1.9416768 1.9434087 2.1667358 1.6834072 1.6072317 1.6072317 1.6324913 1.6081845 1.3233325 1.5274056 2.1360348 
Aque_Aqu2.1.17279_001                                  1.5641582 1.2783257 1.3753661 1.2656821 0.8573168 0.9597896 0.7665689 0.3957125 0.5438411 0.0000000 0.0821309 1.1463334 1.7595852 1.7366830 1.0186848 1.6949700 1.7029622 1.1151256 1.9475621 1.2851716 1.2431634 1.2250878 1.2711418 1.2218568 1.3048240 1.2383027 3.0864550 1.1576098 1.2605389 1.3454076 1.2979500 1.3001604 1.4782620 1.4462280 1.3269699 1.2850967 1.3407460 1.4757214 1.3125772 1.6287585 1.3271979 1.1956536 1.5861537 1.4907188 1.3723986 1.3537794 1.6396504 1.7107047 2.1797886 2.1281766 2.1302129 2.4821038 1.9981391 1.7605250 1.7605250 1.7361403 1.5950985 1.4398199 1.8489548 1.0138116 
Aque_Aqu2.1.05320_001                                  1.0059448 1.0059448 1.1527991 1.1282291 0.6504362 0.8133548 0.6259728 0.6633463 0.6598075 0.0821309 0.0000000 1.1241678 1.3072408 1.2877411 1.1369492 1.3189242 1.3189242 1.7876289 0.8180103 1.1365097 1.2052939 1.3035253 1.3035253 1.2477108 1.2477108 1.3035253 3.1147276 0.8984858 1.1229054 1.3228778 1.2539637 1.1141714 1.2914818 1.3157438 1.0336855 0.9881940 1.2879867 0.9956150 1.3511586 1.0304540 1.0029315 1.0277774 1.3326296 1.1638582 0.8886577 1.1622485 1.0927867 1.4318026 1.5655276 2.5150076 2.5535046 2.5150076 2.4758551 1.9340418 1.9340418 2.1216183 2.1700978 1.7414061 1.8562532 8.9999990 
Nvec_v1g90512                                          1.9556151 1.4851810 1.3838422 1.3185407 1.5104107 1.3921997 1.5293643 0.6264035 1.1044778 1.1463334 1.1241678 0.0000000 1.6631388 1.6535429 0.6565540 1.5765135 1.6159846 0.8458217 1.9555453 0.4995352 0.7722196 0.6956572 0.6910912 0.5835034 0.7748260 0.8112808 1.0814875 1.0040691 1.0977271 1.2008107 1.1954393 1.1353697 1.2829529 1.3637154 1.0666452 1.1510267 1.3142818 1.4354564 1.3981788 1.5753422 1.0588020 1.3677262 1.4091100 1.4617374 1.2038367 1.4189861 1.4021248 1.4833109 1.8687983 1.8057847 1.8714912 2.5996058 2.1818798 1.9644869 2.0292612 1.7146266 2.1484390 2.1804806 2.0368140 1.7260207 
HoiH23_PlH23_009591-RA                                 2.2948869 1.5624652 1.5913433 1.3396111 1.9769178 1.9364684 1.8033667 1.0639717 1.7976776 1.7595852 1.3072408 1.6631388 0.0000000 0.3463446 0.0705921 0.1204844 0.1299445 0.1302952 0.0837443 1.6736206 1.7353362 1.7241896 1.7148802 1.6083752 1.9183373 1.8372431 4.2201029 1.6190694 1.7563687 1.4004278 1.4876986 1.5773230 1.5809277 1.7302659 1.6202140 1.6917534 1.8320530 1.7279244 1.6278646 2.1136893 1.5402101 1.6409812 1.8438839 1.8347946 1.3677541 1.9556634 1.5440656 1.7568169 1.8820086 2.5252532 2.5153881 3.6284586 2.8439830 2.3289497 2.3171689 2.4175682 2.5219303 2.4566382 2.2953780 2.4547979 
TrH2_TrispH2_001737-RA                                 2.5207106 1.5749657 1.6110732 1.4111591 2.0287931 1.8656916 1.8028440 1.0014533 1.5842325 1.7366830 1.2877411 1.6535429 0.3463446 0.0000000 0.0097717 0.3962583 0.4036803 0.1454740 0.4542154 1.7063590 1.9222470 1.8499038 1.8514000 1.6699102 2.0264156 1.9437167 5.2054401 1.7008645 1.8520195 1.5624978 1.5013189 1.6752266 1.5486480 1.6712990 1.6473737 1.7837364 1.8902710 1.7657975 1.9006403 2.0938092 1.6261793 1.5711370 1.8668474 1.7143780 1.3023927 2.0370983 1.6181285 1.8033532 1.9999108 2.6087436 2.5934817 3.9635161 2.9364873 2.3069994 2.3004457 2.3942361 2.4241745 2.3441562 2.3200113 2.3115497 
Tadh_TriadT7341                                        1.2186118 1.2186118 1.3237205 1.1863546 0.9254460 0.9591788 0.8986834 0.8930345 0.9824455 1.0186848 1.1369492 0.6565540 0.0705921 0.0097717 0.0000000 0.0705921 0.0705921 0.1440482 0.0855614 0.7884890 0.7838936 0.7593443 0.7727245 0.8283373 0.8283373 0.7631360 0.0000010 0.7305457 0.7893391 0.7726969 0.7605264 0.7501494 0.9315848 0.9043171 0.7453972 0.7651161 0.8369593 0.8870609 0.7315636 0.9034311 0.8373301 0.9159167 1.1300816 0.8887038 0.8045059 0.9199408 0.9435123 0.9236207 1.1543131 1.9393873 1.9156365 1.9044944 2.0973121 1.9747294 1.9747294 1.5196723 1.7217419 1.6428707 1.6945368 2.0332801 
Hhon_g05240.t1                                         2.3258453 1.5604175 1.6045480 1.3622077 1.8627953 1.8834082 1.7775539 1.0630469 1.8061399 1.6949700 1.3189242 1.5765135 0.1204844 0.3962583 0.0705921 0.0000000 0.0173157 0.1302952 0.1893408 1.5638072 1.7658535 1.7201297 1.7446231 1.5751953 1.9038495 1.9012028 5.0893194 1.6357850 1.8182096 1.4523485 1.4840610 1.5740342 1.5066875 1.8524545 1.5390035 1.6528572 1.8215630 1.6228591 1.7206503 2.1835331 1.6422952 1.6991643 1.8942186 1.7615037 1.2182644 1.9722617 1.5676343 1.7496291 1.9517728 2.5800800 2.5598503 3.7536283 2.7981241 2.3059247 2.3006328 2.4796778 2.4808488 2.4533303 2.3706826 2.4913954 
HoiH04_mRNA16448                                       2.3620854 1.5604175 1.6045480 1.3622077 1.8875788 1.9077669 1.8008544 1.0630469 1.7885524 1.7029622 1.3189242 1.6159846 0.1299445 0.4036803 0.0705921 0.0173157 0.0000000 0.1302952 0.2027056 1.6008013 1.7737101 1.7327930 1.7525473 1.5833105 1.9120161 1.9092978 5.1948055 1.6709648 1.8568176 1.4851923 1.4992983 1.5915330 1.5557922 1.8668827 1.5614312 1.6762725 1.8556719 1.6842815 1.7455610 2.2377309 1.6739590 1.7274393 1.8949094 1.7941134 1.2182644 2.0041138 1.5868493 1.7704533 1.9780138 2.5935806 2.5732469 3.8137562 2.8136767 2.3198420 2.3086774 2.4677531 2.4944830 2.4674094 2.3893561 2.4913954 
HoiH11_mRNA7655                                        1.6187741 1.6187741 1.6441255 1.6298317 1.0371005 1.0533591 1.0034060 0.9338664 1.1480181 1.1151256 1.7876289 0.8458217 0.1302952 0.1454740 0.1440482 0.1302952 0.1302952 0.0000000 0.1018602 0.9993313 0.9803555 1.0123766 1.0049434 0.9974634 0.9974634 1.0199054 0.0000010 0.8930060 0.9111596 0.8661815 0.9165410 0.9758022 1.1647529 1.1194365 1.0257647 1.0616192 1.1343310 1.0870713 0.8881852 1.1756004 1.0583458 1.0700676 1.3242049 1.1639178 1.0034347 1.2818448 1.1692440 1.3038602 1.5088685 2.1482144 2.0958095 2.0958095 2.2985146 2.1582237 2.1582237 1.5415356 1.6158961 1.7081208 1.7654787 1.3405904 
HoiH06_mRNA12953                                       2.7735419 1.7522683 1.7196829 1.6614712 2.2552727 2.2094080 2.1434660 0.9626507 2.0526457 1.9475621 0.8180103 1.9555453 0.0837443 0.4542154 0.0855614 0.1893408 0.2027056 0.1018602 0.0000000 1.8951092 2.0299430 1.9476322 1.9745922 1.7529448 2.1956506 2.1326391 4.5406625 1.7932534 1.8118851 1.4618622 1.6174581 1.8202463 1.7455598 2.0152619 1.9602942 1.9734992 2.2250851 1.9692818 1.8928405 2.4693276 1.7017542 1.8203907 1.9717646 2.1568745 1.5418603 2.5503055 1.7905680 2.2221043 2.0849846 2.8578241 2.8301337 4.2990292 2.9695691 2.3514811 2.3646504 2.7040188 2.2764638 2.4650402 2.2822790 1.0213968 
Exapal_XM_021037245.2                                  1.9558919 1.2257641 1.2172721 1.1365480 1.3898460 1.3289302 1.4457189 0.6359657 1.1534973 1.2851716 1.1365097 0.4995352 1.6736206 1.7063590 0.7884890 1.5638072 1.6008013 0.9993313 1.8951092 0.0000000 0.7483226 0.7139816 0.7467196 0.6175277 0.8009117 0.8187266 0.9689334 1.0126983 1.0948621 1.3141280 1.3216305 1.0982507 1.3726337 1.4395885 1.1991004 1.1135892 1.3429537 1.4747465 1.3875437 1.7895851 1.3075026 1.4210701 1.4481032 1.6501106 1.1879210 1.3918510 1.4731739 1.6810697 2.1950522 2.0808835 2.1096069 2.7231791 2.3551148 1.9840687 2.0258160 2.1643997 2.0718550 2.1843358 2.1988201 1.8513065 
Fspp_ffun1.m4.12233.m1                                 1.9057310 1.3356609 1.4465935 1.2492956 1.6954331 1.5940987 1.4825449 0.6341630 1.2701696 1.2431634 1.2052939 0.7722196 1.7353362 1.9222470 0.7838936 1.7658535 1.7737101 0.9803555 2.0299430 0.7483226 0.0000000 0.2074181 0.2065061 0.2022940 0.3127266 0.2782445 0.2679318 0.8818312 0.9694792 1.3726291 1.3433961 1.0994842 1.2677796 1.3917439 1.0709567 1.1458622 1.1695204 1.5022137 1.5539112 1.4247886 1.2727848 1.4605289 1.5531932 1.8156592 1.3796412 1.4386352 1.4038219 1.5044467 1.8576572 1.9763821 1.9381440 2.5744770 2.1264673 1.8794817 1.9004551 1.8536074 2.1629321 1.9670277 1.8915874 2.0873558 
Spis_XP_022792865_1                                    1.9136658 1.3871736 1.4213158 1.2902901 1.5509438 1.5082466 1.5652171 0.6573234 1.1549016 1.2250878 1.3035253 0.6956572 1.7241896 1.8499038 0.7593443 1.7201297 1.7327930 1.0123766 1.9476322 0.7139816 0.2074181 0.0000000 0.0415512 0.1891550 0.3213205 0.2360424 0.2195392 0.9627705 0.9877267 1.2929141 1.2034397 1.0215241 1.1550003 1.2841776 1.1127174 1.1721106 1.1420482 1.4562601 1.4145911 1.4941611 1.2851070 1.5014097 1.5288303 1.7188138 1.4087973 1.3790412 1.3136331 1.6123488 1.9047996 2.0483752 2.0495863 2.6082111 2.0839161 1.7917556 1.8286755 1.9092189 2.1934176 1.9371722 1.9701099 2.0069646 
Pocdam_XM_027192965.1                                  1.9489574 1.3908043 1.4470157 1.3030590 1.6534101 1.5531506 1.5895747 0.6706874 1.2165053 1.2711418 1.3035253 0.6910912 1.7148802 1.8514000 0.7727245 1.7446231 1.7525473 1.0049434 1.9745922 0.7467196 0.2065061 0.0415512 0.0000000 0.2008614 0.3348274 0.2422287 0.2719615 0.9648627 1.0193258 1.3566267 1.2583353 0.9997705 1.1568287 1.2582792 1.1091491 1.1590768 1.1361359 1.4401901 1.4299924 1.5144326 1.2901493 1.4316242 1.5760020 1.7091609 1.5171400 1.3721350 1.3071995 1.6366111 1.9774534 2.1227015 2.1243464 2.8068131 2.0992292 1.8093664 1.8473545 1.9030618 2.2213773 1.9928679 1.9941307 1.9643995 
Amil_Amillepora24664-RA                                1.7457005 1.2792108 1.3674073 1.2650299 1.3860033 1.3419073 1.2947226 0.6633253 1.3153118 1.2218568 1.2477108 0.5835034 1.6083752 1.6699102 0.8283373 1.5751953 1.5833105 0.9974634 1.7529448 0.6175277 0.2022940 0.1891550 0.2008614 0.0000000 0.0043300 0.1574463 0.1525660 0.8556824 0.8727640 1.1781854 1.1041810 0.9556033 1.0978517 1.1016725 1.0284410 1.0095780 1.1472277 1.3321822 1.3063942 1.3780756 1.2056096 1.2477339 1.4334729 1.5710622 1.5271173 1.2973220 1.1676559 1.4303083 1.9426266 2.0848809 2.0414826 2.6298015 2.0914231 1.8486876 1.8652251 1.8125034 2.1830992 1.9276857 1.8487808 1.9796666 
Adig_XM_015903728.1                                    2.0803588 1.4051998 1.3674073 1.2650299 1.6713052 1.6274863 1.4660880 0.6633253 1.3433684 1.3048240 1.2477108 0.7748260 1.9183373 2.0264156 0.8283373 1.9038495 1.9120161 0.9974634 2.1956506 0.8009117 0.3127266 0.3213205 0.3348274 0.0043300 0.0000000 0.2622693 0.7039250 0.9981417 1.0658862 1.3578647 1.2915346 1.1817364 1.2800825 1.3917299 1.2043838 1.1767840 1.2282950 1.5423279 1.5994217 1.6158596 1.3284423 1.5578872 1.6811506 1.8458741 1.5093721 1.5446987 1.3822338 1.6177772 2.1014337 2.2450051 2.2016445 2.9349568 2.3010425 1.8486876 1.8652251 1.9997634 2.3393247 2.1214629 2.0318887 1.9796666 
Gfas_gfas1.m1.13709.m1                                 2.0422062 1.3047705 1.3907380 1.2475986 1.7505261 1.6366194 1.5736232 0.6687014 1.3442342 1.2383027 1.3035253 0.8112808 1.8372431 1.9437167 0.7631360 1.9012028 1.9092978 1.0199054 2.1326391 0.8187266 0.2782445 0.2360424 0.2422287 0.1574463 0.2622693 0.0000000 0.3526229 0.9918046 1.0369831 1.3632970 1.3208799 1.0737598 1.1529675 1.2417383 1.1694516 1.1617487 1.2319032 1.5099045 1.6050124 1.5852862 1.3114307 1.5710455 1.6982695 1.7762038 1.4960343 1.5297769 1.4051034 1.6799624 2.0545940 2.1610591 2.1047518 2.9047745 2.0232232 1.8043962 1.8249469 1.7915224 2.1867610 2.0395428 1.9442484 1.8491580 
Gasp_gasp1.m3.12117.m1                                 3.0063717 8.9999986 9.0000000 0.6277551 7.5888314 6.4338162 5.4058296 0.0000010 2.8948236 3.0864550 3.1147276 1.0814875 4.2201029 5.2054401 0.0000010 5.0893194 5.1948055 0.0000010 4.5406625 0.9689334 0.2679318 0.2195392 0.2719615 0.1525660 0.7039250 0.3526229 0.0000000 1.0003633 1.1639383 3.6710522 3.0723325 1.2635670 2.4066821 2.2719756 2.0813232 2.2009324 1.6769288 3.4962854 3.5680889 3.3293248 2.8050529 8.9999988 3.1934139 5.3514754 0.0000010 3.3659267 2.9680167 3.3333459 3.1404001 3.3311148 3.3311148 8.9999987 4.0761006 3.8650562 5.9910744 3.3751218 6.4759654 5.7719626 3.4974105 9.0000000 
Dgig_XM_028546892.1                                    1.7770205 1.2724588 1.3894553 1.1838689 1.3936367 1.3599270 1.2343760 0.6055382 1.1932862 1.1576098 0.8984858 1.0040691 1.6190694 1.7008645 0.7305457 1.6357850 1.6709648 0.8930060 1.7932534 1.0126983 0.8818312 0.9627705 0.9648627 0.8556824 0.9981417 0.9918046 1.0003633 0.0000000 0.3802013 1.1934463 1.3460328 1.0803199 1.2694608 1.3169702 1.1009804 1.0877538 1.2285436 1.1764919 1.5035585 1.3383044 1.1572453 1.3720037 1.3807487 1.5400263 1.0648337 1.3592072 1.2602610 1.3120097 1.7238404 2.4078511 2.4164589 3.1127457 2.3030916 2.0793137 2.1379195 1.7756774 2.3288599 2.0433882 1.9024371 1.8070122 
Xesp_015515-T1                                         1.8567388 1.3533727 1.4006808 1.3053743 1.5948925 1.5601480 1.4494055 0.6991420 1.2620967 1.2605389 1.1229054 1.0977271 1.7563687 1.8520195 0.7893391 1.8182096 1.8568176 0.9111596 1.8118851 1.0948621 0.9694792 0.9877267 1.0193258 0.8727640 1.0658862 1.0369831 1.1639383 0.3802013 0.0000000 1.2995729 1.4505103 1.2113053 1.2790241 1.3886581 1.1538311 1.1408707 1.2821915 1.2257953 1.5804548 1.3509103 1.2741755 1.3729720 1.4281284 1.6108365 1.1207630 1.5757320 1.3161070 1.4046220 1.8032866 2.4863972 2.5366493 3.2728862 2.4884483 2.0974305 2.1306287 2.1150011 2.4199245 2.0223186 1.8381792 2.1440711 
Hsap_ENST00000217893                                   1.8220742 1.2464954 1.3845949 1.3574544 1.5122546 1.5959214 1.6721436 0.8892912 1.4354618 1.3454076 1.3228778 1.2008107 1.4004278 1.5624978 0.7726969 1.4523485 1.4851923 0.8661815 1.4618622 1.3141280 1.3726291 1.2929141 1.3566267 1.1781854 1.3578647 1.3632970 3.6710522 1.1934463 1.2995729 0.0000000 0.2204219 1.3620669 1.3218372 1.4080679 1.2222010 1.2301232 1.5456760 0.9922043 1.2100421 1.2027970 0.9147210 1.1442425 1.0223568 1.5312203 1.4662644 1.5846661 1.2468735 1.2714160 1.4010940 2.1452665 2.1499784 3.1404037 2.3504772 1.8816279 1.8993503 1.8434950 2.0404509 1.9580561 1.8178929 1.9461622 
Hsap_ENST00000341864                                   1.8544882 1.3369940 1.4141327 1.4574327 1.6246924 1.6553820 1.6590577 0.9066594 1.3863982 1.2979500 1.2539637 1.1954393 1.4876986 1.5013189 0.7605264 1.4840610 1.4992983 0.9165410 1.6174581 1.3216305 1.3433961 1.2034397 1.2583353 1.1041810 1.2915346 1.3208799 3.0723325 1.3460328 1.4505103 0.2204219 0.0000000 1.3488062 1.2814257 1.4123930 1.2099747 1.1994019 1.4720888 1.0040713 1.2812802 1.2812569 0.8723347 1.2112972 1.0826241 1.5479072 1.4226157 1.6388598 1.3130667 1.3525375 1.3709908 2.2412668 2.1968135 2.9678224 2.1767521 1.8088341 1.8213463 1.8282474 1.9695910 1.9421656 1.8703198 2.0638324 
Morvir_scaffold52.g56.t1                               1.9478375 1.2678932 1.2017488 1.1761454 1.6122623 1.6032333 1.5844742 0.8013057 1.2584426 1.3001604 1.1141714 1.1353697 1.5773230 1.6752266 0.7501494 1.5740342 1.5915330 0.9758022 1.8202463 1.0982507 1.0994842 1.0215241 0.9997705 0.9556033 1.1817364 1.0737598 1.2635670 1.0803199 1.2113053 1.3620669 1.3488062 0.0000000 0.8535266 0.8643120 0.6338304 0.6561730 0.9014806 1.3220456 1.4546240 1.4833673 1.2085229 1.3333752 1.2501794 1.4840272 1.3232634 1.4005063 1.3726603 1.4210413 1.8708221 1.8484242 1.8614968 2.5871876 2.0139728 1.8330963 1.8785947 1.6699547 1.9664846 1.7030472 1.7089152 1.8628795 
Hvul_g28025_1                                          1.6572862 1.1869025 1.2795511 1.1192216 1.4735250 1.4739522 1.4140820 0.9313238 1.2420525 1.4782620 1.2914818 1.2829529 1.5809277 1.5486480 0.9315848 1.5066875 1.5557922 1.1647529 1.7455598 1.3726337 1.2677796 1.1550003 1.1568287 1.0978517 1.2800825 1.1529675 2.4066821 1.2694608 1.2790241 1.3218372 1.2814257 0.8535266 0.0000000 0.7159004 0.8605482 0.8157545 1.0923794 1.1084770 1.2569263 1.3525945 1.1641593 1.4308243 1.3495865 1.4714938 1.5905156 1.3612727 1.1657835 1.5224292 1.9206844 1.8379810 1.8252060 2.6444435 1.7273469 1.5752579 1.6257832 1.6003667 1.6095798 1.5177131 1.7538328 2.5136908 
Chem_TCONS_00045985                                    1.9336409 1.3828592 1.2972028 1.2774282 1.4935968 1.5030859 1.4548394 0.7973635 1.4255518 1.4462280 1.3157438 1.3637154 1.7302659 1.6712990 0.9043171 1.8524545 1.8668827 1.1194365 2.0152619 1.4395885 1.3917439 1.2841776 1.2582792 1.1016725 1.3917299 1.2417383 2.2719756 1.3169702 1.3886581 1.4080679 1.4123930 0.8643120 0.7159004 0.0000000 1.0200845 0.9255415 1.1331040 1.4601379 1.6009985 1.5110142 1.3814479 1.5015425 1.4977189 1.6681281 1.5776309 1.5142635 1.5787088 1.5803704 1.9279897 2.0046022 1.9589109 2.9924933 2.1167962 1.5707176 1.5700788 1.8725073 2.0150660 1.6448682 1.7684536 2.1661630 
Nemnom_g19420.t1                                       1.9366473 1.1948837 1.2850556 1.0498908 1.6046556 1.6137948 1.6651782 0.8235751 1.3167513 1.3269699 1.0336855 1.0666452 1.6202140 1.6473737 0.7453972 1.5390035 1.5614312 1.0257647 1.9602942 1.1991004 1.0709567 1.1127174 1.1091491 1.0284410 1.2043838 1.1694516 2.0813232 1.1009804 1.1538311 1.2222010 1.2099747 0.6338304 0.8605482 1.0200845 0.0000000 0.2376391 0.6813296 1.4586348 1.5267035 1.4507947 1.1371691 1.4098313 1.3972267 1.4971448 1.3895682 1.7460023 1.3386646 1.5309103 1.6299859 2.3160328 2.2426178 2.8933601 2.3593303 1.9526232 1.8965786 1.8429952 1.9865668 1.8842712 1.8926229 1.9931649 
Rhoesc_Res_007518-T1                                   1.9998055 1.3063675 1.3614011 1.1622025 1.6438147 1.6470979 1.6965330 0.8560743 1.3103412 1.2850967 0.9881940 1.1510267 1.6917534 1.7837364 0.7651161 1.6528572 1.6762725 1.0616192 1.9734992 1.1135892 1.1458622 1.1721106 1.1590768 1.0095780 1.1767840 1.1617487 2.2009324 1.0877538 1.1408707 1.2301232 1.1994019 0.6561730 0.8157545 0.9255415 0.2376391 0.0000000 0.6670383 1.4154730 1.5794155 1.3682346 1.0586393 1.3854281 1.3529673 1.5199121 1.3001330 1.6957913 1.4158532 1.4453376 1.7137009 2.2670499 2.2426463 2.8739399 2.3113958 1.9368179 1.8754317 1.9210187 1.9190147 1.9030021 1.9070370 1.9287729 
Sanmal_Sma_015046-T1                                   2.0893006 1.3615271 1.2803689 1.1933718 1.7245415 1.7637188 1.5993336 0.8232212 1.2883270 1.3407460 1.2879867 1.3142818 1.8320530 1.8902710 0.8369593 1.8215630 1.8556719 1.1343310 2.2250851 1.3429537 1.1695204 1.1420482 1.1361359 1.1472277 1.2282950 1.2319032 1.6769288 1.2285436 1.2821915 1.5456760 1.4720888 0.9014806 1.0923794 1.1331040 0.6813296 0.6670383 0.0000000 1.5783670 1.5551792 1.6622707 1.4753016 1.5646649 1.7525398 1.7962574 1.3961212 1.8270228 1.6016113 1.5034351 1.9459006 2.5397461 2.5526982 3.4212908 2.4669264 2.1523118 2.1166661 2.0747059 1.9852459 2.0064231 1.9968551 1.9988876 
Bralan_BLAG05000530_1                                  2.1693796 1.4248826 1.5349036 1.3054312 1.5772731 1.5572075 1.3911263 0.7985934 1.2474167 1.4757214 0.9956150 1.4354564 1.7279244 1.7657975 0.8870609 1.6228591 1.6842815 1.0870713 1.9692818 1.4747465 1.5022137 1.4562601 1.4401901 1.3321822 1.5423279 1.5099045 3.4962854 1.1764919 1.2257953 0.9922043 1.0040713 1.3220456 1.1084770 1.4601379 1.4586348 1.4154730 1.5783670 0.0000000 1.2715150 1.5286419 0.9602185 1.1588969 1.2520670 1.5199837 1.2777253 1.5665348 1.1406350 1.3350177 1.4645371 2.5974445 2.6058135 3.1825367 2.9527913 2.0539623 2.2577802 2.3492612 2.3511135 1.9880814 2.0422304 1.8811618 
Skow_XM_002738899.2                                    2.1093278 1.3578957 1.6168465 1.4670718 1.6207673 1.7503626 1.7530412 0.8618132 1.1396873 1.3125772 1.3511586 1.3981788 1.6278646 1.9006403 0.7315636 1.7206503 1.7455610 0.8881852 1.8928405 1.3875437 1.5539112 1.4145911 1.4299924 1.3063942 1.5994217 1.6050124 3.5680889 1.5035585 1.5804548 1.2100421 1.2812802 1.4546240 1.2569263 1.6009985 1.5267035 1.5794155 1.5551792 1.2715150 0.0000000 1.4619953 1.0199844 1.2229802 1.3023627 1.6365068 1.3927961 1.5943585 1.1086841 1.3201700 1.6836505 2.3702817 2.3579850 3.4468692 2.6854891 2.3147393 2.2829191 2.0143146 2.1300727 2.0165345 2.0551263 1.8830248 
Cgig_XM_011450307.3                                    1.9592968 1.3973147 1.4550761 1.4007719 2.1216835 2.0443168 1.9859239 1.0119740 1.6670538 1.6287585 1.0304540 1.5753422 2.1136893 2.0938092 0.9034311 2.1835331 2.2377309 1.1756004 2.4693276 1.7895851 1.4247886 1.4941611 1.5144326 1.3780756 1.6158596 1.5852862 3.3293248 1.3383044 1.3509103 1.2027970 1.2812569 1.4833673 1.3525945 1.5110142 1.4507947 1.3682346 1.6622707 1.5286419 1.4619953 0.0000000 0.7466953 1.3023069 1.2274021 1.4606266 1.2823480 1.4462996 1.1183410 1.4984619 1.8897084 3.1548251 3.1252561 3.7608859 3.0722560 2.4615523 2.4655003 2.6009093 2.3650751 2.1531031 2.4391735 1.6729068 
Acagra_model.g17259.t1                                 1.7533061 1.3590243 1.5328526 1.4435528 1.5335100 1.5493135 1.5588567 0.8591580 1.2733497 1.3271979 1.0029315 1.0588020 1.5402101 1.6261793 0.8373301 1.6422952 1.6739590 1.0583458 1.7017542 1.3075026 1.2727848 1.2851070 1.2901493 1.2056096 1.3284423 1.3114307 2.8050529 1.1572453 1.2741755 0.9147210 0.8723347 1.2085229 1.1641593 1.3814479 1.1371691 1.0586393 1.4753016 0.9602185 1.0199844 0.7466953 0.0000000 0.8563115 0.8766502 1.3487650 1.0890849 1.2924390 0.9440634 1.2503413 1.6214329 2.9830041 2.9482445 3.2784438 2.8673381 2.2930212 2.3053146 2.3809906 2.0507485 2.1958515 2.3261234 1.8024489 
Cscu_XM_023377803.1                                    1.6830030 1.2714180 1.4304727 1.3512896 1.5983625 1.6235935 1.4656115 0.9060175 1.3238146 1.1956536 1.0277774 1.3677262 1.6409812 1.5711370 0.9159167 1.6991643 1.7274393 1.0700676 1.8203907 1.4210701 1.4605289 1.5014097 1.4316242 1.2477339 1.5578872 1.5710455 8.9999988 1.3720037 1.3729720 1.1442425 1.2112972 1.3333752 1.4308243 1.5015425 1.4098313 1.3854281 1.5646649 1.1588969 1.2229802 1.3023069 0.8563115 0.0000000 1.0481955 1.7566232 1.3673853 1.5372467 1.1048140 1.1299345 1.5641121 2.4191946 2.3471012 2.7085195 2.5778755 1.8875701 1.8875701 2.2996262 1.9705211 1.5997312 2.2318104 1.7493253 
Ctel_gnl_WGS_AMQN_CAPTEDRAFT_mRNA161501                2.0175830 1.6145915 1.7284987 1.7062349 1.7597405 1.8654161 1.7372011 1.0824591 1.4656356 1.5861537 1.3326296 1.4091100 1.8438839 1.8668474 1.1300816 1.8942186 1.8949094 1.3242049 1.9717646 1.4481032 1.5531932 1.5288303 1.5760020 1.4334729 1.6811506 1.6982695 3.1934139 1.3807487 1.4281284 1.0223568 1.0826241 1.2501794 1.3495865 1.4977189 1.3972267 1.3529673 1.7525398 1.2520670 1.3023627 1.2274021 0.8766502 1.0481955 0.0000000 1.5073589 1.3137962 1.7370236 1.1581727 1.3532135 1.7449250 2.3810769 2.3820932 2.9801721 2.7187928 2.0699911 2.1357927 2.2501065 2.0940202 2.0624357 2.2515909 1.5038057 
Opea_EP00118_Oscarella_pearsei_P019791                 1.9609456 1.1261654 1.2838811 1.0401124 1.6089697 1.5689729 1.6877125 0.8824597 1.1838596 1.4907188 1.1638582 1.4617374 1.8347946 1.7143780 0.8887038 1.7615037 1.7941134 1.1639178 2.1568745 1.6501106 1.8156592 1.7188138 1.7091609 1.5710622 1.8458741 1.7762038 5.3514754 1.5400263 1.6108365 1.5312203 1.5479072 1.4840272 1.4714938 1.6681281 1.4971448 1.5199121 1.7962574 1.5199837 1.6365068 1.4606266 1.3487650 1.7566232 1.5073589 0.0000000 0.4572985 0.7197148 1.5878599 1.4969492 2.1842739 2.1451425 2.1532173 2.8470872 2.0104435 1.5578987 1.5548838 1.7319932 1.9124158 1.7990275 1.8979752 2.0107307 
Ocar_g3240                                             1.8341571 1.3804107 1.4329641 1.2084211 1.4405506 1.3639768 1.4059227 1.1202315 1.3416888 1.3723986 0.8886577 1.2038367 1.3677541 1.3023927 0.8045059 1.2182644 1.2182644 1.0034347 1.5418603 1.1879210 1.3796412 1.4087973 1.5171400 1.5271173 1.5093721 1.4960343 0.0000010 1.0648337 1.1207630 1.4662644 1.4226157 1.3232634 1.5905156 1.5776309 1.3895682 1.3001330 1.3961212 1.2777253 1.3927961 1.2823480 1.0890849 1.3673853 1.3137962 0.4572985 0.0000000 0.9676648 1.4682075 1.6996589 1.9365198 2.4563904 2.4516409 2.7657912 2.5233349 2.2639247 2.1787006 1.9831477 1.8300668 1.8454991 2.0088326 1.2844327 
Plajan_Pjan_C544222_01                                 1.9362686 1.2127354 1.3527458 1.1210758 1.4870461 1.3938343 1.6208426 0.8175497 1.1791625 1.3537794 1.1622485 1.4189861 1.9556634 2.0370983 0.9199408 1.9722617 2.0041138 1.2818448 2.5503055 1.3918510 1.4386352 1.3790412 1.3721350 1.2973220 1.5446987 1.5297769 3.3659267 1.3592072 1.5757320 1.5846661 1.6388598 1.4005063 1.3612727 1.5142635 1.7460023 1.6957913 1.8270228 1.5665348 1.5943585 1.4462996 1.2924390 1.5372467 1.7370236 0.7197148 0.9676648 0.0000000 1.4961792 1.5148368 2.1210303 2.7274636 2.7822606 3.6145119 2.5259488 1.9607068 1.8871917 2.1247481 2.0806035 1.9859647 2.3357597 1.9988803 
Spur_XM_030981531.1                                    2.2038975 1.2977147 1.4553070 1.2648147 1.5557820 1.6066721 1.5254409 0.8655363 1.6812362 1.6396504 1.0927867 1.4021248 1.5440656 1.6181285 0.9435123 1.5676343 1.5868493 1.1692440 1.7905680 1.4731739 1.4038219 1.3136331 1.3071995 1.1676559 1.3822338 1.4051034 2.9680167 1.2602610 1.3161070 1.2468735 1.3130667 1.3726603 1.1657835 1.5787088 1.3386646 1.4158532 1.6016113 1.1406350 1.1086841 1.1183410 0.9440634 1.1048140 1.1581727 1.5878599 1.4682075 1.4961792 0.0000000 1.1654220 1.7872520 2.1932152 2.2862974 3.2862713 2.2105172 1.5537936 1.5642329 1.7541960 1.6128342 1.4531208 1.5656487 1.8308377 
Dpul_mRNA13220                                         1.6750226 1.2937728 1.3024900 1.3175913 1.9796098 2.1197682 1.8858057 1.0927510 1.5785610 1.7107047 1.4318026 1.4833109 1.7568169 1.8033532 0.9236207 1.7496291 1.7704533 1.3038602 2.2221043 1.6810697 1.5044467 1.6123488 1.6366111 1.4303083 1.6177772 1.6799624 3.3333459 1.3120097 1.4046220 1.2714160 1.3525375 1.4210413 1.5224292 1.5803704 1.5309103 1.4453376 1.5034351 1.3350177 1.3201700 1.4984619 1.2503413 1.1299345 1.3532135 1.4969492 1.6996589 1.5148368 1.1654220 0.0000000 1.5883401 1.8316937 1.8111422 2.5485676 2.0968392 1.6162484 1.7289196 1.9537189 1.9460471 1.6985905 1.9630910 2.2022112 
Tcas_TC004292_001                                      2.7055645 1.8933861 1.8796154 1.8785056 2.5336598 2.5754534 2.2345013 1.5358784 2.1012853 2.1797886 1.5655276 1.8687983 1.8820086 1.9999108 1.1543131 1.9517728 1.9780138 1.5088685 2.0849846 2.1950522 1.8576572 1.9047996 1.9774534 1.9426266 2.1014337 2.0545940 3.1404001 1.7238404 1.8032866 1.4010940 1.3709908 1.8708221 1.9206844 1.9279897 1.6299859 1.7137009 1.9459006 1.4645371 1.6836505 1.8897084 1.6214329 1.5641121 1.7449250 2.1842739 1.9365198 2.1210303 1.7872520 1.5883401 0.0000000 2.8740823 2.7355489 3.2825145 2.9163041 2.4835399 2.5148884 2.6674682 2.7568974 2.2848284 2.5233169 2.7306164 
Pbac_sb2655932                                         3.0253020 2.2972946 2.0458409 1.8988273 2.4772787 2.4587635 2.4307817 1.9637732 1.9416768 2.1281766 2.5150076 1.8057847 2.5252532 2.6087436 1.9393873 2.5800800 2.5935806 2.1482144 2.8578241 2.0808835 1.9763821 2.0483752 2.1227015 2.0848809 2.2450051 2.1610591 3.3311148 2.4078511 2.4863972 2.1452665 2.2412668 1.8484242 1.8379810 2.0046022 2.3160328 2.2670499 2.5397461 2.5974445 2.3702817 3.1548251 2.9830041 2.4191946 2.3810769 2.1451425 2.4563904 2.7274636 2.1932152 1.8316937 2.8740823 0.0000000 0.0333964 0.3030885 0.6131819 0.5064554 0.5592482 0.9303982 1.0290375 0.9676772 1.1276954 2.9062057 
Horcal_Hcv1.av93.c13.g481.i1                           3.0250739 2.2880147 2.0381458 1.9763237 2.4852937 2.4613760 2.4204910 1.9895848 1.9434087 2.1302129 2.5535046 1.8714912 2.5153881 2.5934817 1.9156365 2.5598503 2.5732469 2.0958095 2.8301337 2.1096069 1.9381440 2.0495863 2.1243464 2.0414826 2.2016445 2.1047518 3.3311148 2.4164589 2.5366493 2.1499784 2.1968135 1.8614968 1.8252060 1.9589109 2.2426178 2.2426463 2.5526982 2.6058135 2.3579850 3.1252561 2.9482445 2.3471012 2.3820932 2.1532173 2.4516409 2.7822606 2.2862974 1.8111422 2.7355489 0.0333964 0.0000000 0.2740473 0.6264311 0.5118121 0.5649865 0.9421043 1.0069980 0.9466767 1.1392665 3.0147381 
Pbac_sb2668221                                         3.4047294 2.2920903 2.0270964 1.9653746 2.6943316 2.8127514 2.7453657 1.9787866 2.1667358 2.4821038 2.5150076 2.5996058 3.6284586 3.9635161 1.9044944 3.7536283 3.8137562 2.0958095 4.2990292 2.7231791 2.5744770 2.6082111 2.8068131 2.6298015 2.9349568 2.9047745 8.9999987 3.1127457 3.2728862 3.1404037 2.9678224 2.5871876 2.6444435 2.9924933 2.8933601 2.8739399 3.4212908 3.1825367 3.4468692 3.7608859 3.2784438 2.7085195 2.9801721 2.8470872 2.7657912 3.6145119 3.2862713 2.5485676 3.2825145 0.3030885 0.2740473 0.0000000 1.0100952 0.8151737 0.8023202 1.3318970 1.4186172 1.3633748 1.6891570 2.9085517 
Mlei_ML0120.g6.i1                                      3.2875545 2.4735550 2.1192486 2.0950960 2.5517215 2.4398741 2.3272468 1.9265605 1.6834072 1.9981391 2.4758551 2.1818798 2.8439830 2.9364873 2.0973121 2.7981241 2.8136767 2.2985146 2.9695691 2.3551148 2.1264673 2.0839161 2.0992292 2.0914231 2.3010425 2.0232232 4.0761006 2.3030916 2.4884483 2.3504772 2.1767521 2.0139728 1.7273469 2.1167962 2.3593303 2.3113958 2.4669264 2.9527913 2.6854891 3.0722560 2.8673381 2.5778755 2.7187928 2.0104435 2.5233349 2.5259488 2.2105172 2.0968392 2.9163041 0.6131819 0.6264311 1.0100952 0.0000000 0.4293318 0.4528073 0.7066897 1.0758498 0.9630293 1.0321109 3.1474350 
Drygla_Dgla_sb298178                                   2.7518517 2.0626758 1.9190439 1.8723098 2.0442372 1.9494092 1.9147295 1.7157706 1.6072317 1.7605250 1.9340418 1.9644869 2.3289497 2.3069994 1.9747294 2.3059247 2.3198420 2.1582237 2.3514811 1.9840687 1.8794817 1.7917556 1.8093664 1.8486876 1.8486876 1.8043962 3.8650562 2.0793137 2.0974305 1.8816279 1.8088341 1.8330963 1.5752579 1.5707176 1.9526232 1.9368179 2.1523118 2.0539623 2.3147393 2.4615523 2.2930212 1.8875701 2.0699911 1.5578987 2.2639247 1.9607068 1.5537936 1.6162484 2.4835399 0.5064554 0.5118121 0.8151737 0.4293318 0.0000000 0.0210872 0.7517027 0.8116684 0.7852630 0.8920706 2.8657430 
Drygla_Dgla_sb298180                                   2.6948397 2.0626758 1.9190439 1.8723098 2.0432299 1.9482454 1.9125586 1.7157706 1.6072317 1.7605250 1.9340418 2.0292612 2.3171689 2.3004457 1.9747294 2.3006328 2.3086774 2.1582237 2.3646504 2.0258160 1.9004551 1.8286755 1.8473545 1.8652251 1.8652251 1.8249469 5.9910744 2.1379195 2.1306287 1.8993503 1.8213463 1.8785947 1.6257832 1.5700788 1.8965786 1.8754317 2.1166661 2.2577802 2.2829191 2.4655003 2.3053146 1.8875701 2.1357927 1.5548838 2.1787006 1.8871917 1.5642329 1.7289196 2.5148884 0.5592482 0.5649865 0.8023202 0.4528073 0.0210872 0.0000000 0.8141864 0.8515967 0.8498990 0.8923082 2.8657430 
Lampan_Lpan_1784_01                                    2.5438771 1.9330417 1.6725113 1.5177557 2.0791360 2.0961391 2.0576597 1.4453823 1.6324913 1.7361403 2.1216183 1.7146266 2.4175682 2.3942361 1.5196723 2.4796778 2.4677531 1.5415356 2.7040188 2.1643997 1.8536074 1.9092189 1.9030618 1.8125034 1.9997634 1.7915224 3.3751218 1.7756774 2.1150011 1.8434950 1.8282474 1.6699547 1.6003667 1.8725073 1.8429952 1.9210187 2.0747059 2.3492612 2.0143146 2.6009093 2.3809906 2.2996262 2.2501065 1.7319932 1.9831477 2.1247481 1.7541960 1.9537189 2.6674682 0.9303982 0.9421043 1.3318970 0.7066897 0.7517027 0.8141864 0.0000000 0.9266878 0.9273749 0.8482616 2.8839174 
Vmul_Simscaffold7332_01                                2.5692010 2.2053106 2.0461748 1.9451396 2.0756159 2.0479692 2.0253599 1.4992035 1.6081845 1.5950985 2.1700978 2.1484390 2.5219303 2.4241745 1.7217419 2.4808488 2.4944830 1.6158961 2.2764638 2.0718550 2.1629321 2.1934176 2.2213773 2.1830992 2.3393247 2.1867610 6.4759654 2.3288599 2.4199245 2.0404509 1.9695910 1.9664846 1.6095798 2.0150660 1.9865668 1.9190147 1.9852459 2.3511135 2.1300727 2.3650751 2.0507485 1.9705211 2.0940202 1.9124158 1.8300668 2.0806035 1.6128342 1.9460471 2.7568974 1.0290375 1.0069980 1.4186172 1.0758498 0.8116684 0.8515967 0.9266878 0.0000000 0.3260690 1.0536422 2.6794449 
Coemet_Cmet_scaffold12965_01                           2.2787822 1.8059046 1.7538414 1.6416376 1.9063469 1.9372093 1.7196121 1.4474512 1.3233325 1.4398199 1.7414061 2.1804806 2.4566382 2.3441562 1.6428707 2.4533303 2.4674094 1.7081208 2.4650402 2.1843358 1.9670277 1.9371722 1.9928679 1.9276857 2.1214629 2.0395428 5.7719626 2.0433882 2.0223186 1.9580561 1.9421656 1.7030472 1.5177131 1.6448682 1.8842712 1.9030021 2.0064231 1.9880814 2.0165345 2.1531031 2.1958515 1.5997312 2.0624357 1.7990275 1.8454991 1.9859647 1.4531208 1.6985905 2.2848284 0.9676772 0.9466767 1.3633748 0.9630293 0.7852630 0.8498990 0.9273749 0.3260690 0.0000000 1.0000685 3.1168931 
Eupdun_Edun_sb10630628                                 2.5863985 1.9382879 1.6679024 1.6457222 2.0207044 2.0511588 1.8451306 1.3898529 1.5274056 1.8489548 1.8562532 2.0368140 2.2953780 2.3200113 1.6945368 2.3706826 2.3893561 1.7654787 2.2822790 2.1988201 1.8915874 1.9701099 1.9941307 1.8487808 2.0318887 1.9442484 3.4974105 1.9024371 1.8381792 1.8178929 1.8703198 1.7089152 1.7538328 1.7684536 1.8926229 1.9070370 1.9968551 2.0422304 2.0551263 2.4391735 2.3261234 2.2318104 2.2515909 1.8979752 2.0088326 2.3357597 1.5656487 1.9630910 2.5233169 1.1276954 1.1392665 1.6891570 1.0321109 0.8920706 0.8923082 0.8482616 1.0536422 1.0000685 0.0000000 2.2942867 
Aque_Aqu2.1.21402_001                                  2.7883213 2.7883213 3.3382407 3.0442651 1.8084493 1.9405783 1.7803092 1.7477270 2.1360348 1.0138116 8.9999990 1.7260207 2.4547979 2.3115497 2.0332801 2.4913954 2.4913954 1.3405904 1.0213968 1.8513065 2.0873558 2.0069646 1.9643995 1.9796666 1.9796666 1.8491580 9.0000000 1.8070122 2.1440711 1.9461622 2.0638324 1.8628795 2.5136908 2.1661630 1.9931649 1.9287729 1.9988876 1.8811618 1.8830248 1.6729068 1.8024489 1.7493253 1.5038057 2.0107307 1.2844327 1.9988803 1.8308377 2.2022112 2.7306164 2.9062057 3.0147381 2.9085517 3.1474350 2.8657430 2.8657430 2.8839174 2.6794449 3.1168931 2.2942867 0.0000000 
