67
Lcom_lcpid106684                                   0.0000000 0.3654478 0.3393967 0.3855762 1.7367167 1.5609314 1.6380971 2.3809383 1.8110329 1.6472075 1.7820533 1.7721178 1.6934068 1.7296702 0.7652180 1.9054572 1.8790002 1.5560056 1.6979953 0.7660151 1.7049087 1.6014868 1.6212566 1.6783157 2.3151033 1.6083974 0.8718020 2.2740647 1.4806897 1.0245086 1.3853286 2.2613305 1.8557230 1.9382253 0.6854654 1.4245414 1.4323550 1.4383149 1.3492975 2.0621249 1.5764047 1.8768840 1.8458253 1.7984973 1.7984973 1.4038546 2.4934160 2.7220498 2.1331074 2.0922968 2.1499857 2.2044360 2.0453361 1.7051985 1.7802300 2.5204291 1.4537751 1.9119329 1.8540168 2.2728394 2.0093100 2.0941881 1.0648901 2.1931032 1.8052799 2.8137640 1.1860664 
Gracom_Gcom_scaffold15748_01                       0.3654478 0.0000000 0.3635735 0.3520236 1.3714218 1.3170269 1.4137965 1.5462923 1.2536256 1.1324976 1.2323992 1.2372749 1.2106491 1.2340257 0.7464911 1.2210100 1.1491228 1.1756204 1.1417477 0.7079563 1.2195899 1.1612482 1.1612482 1.1882070 1.6953486 1.1018256 0.8685217 1.6378822 1.2957649 0.9145461 1.1597386 1.4656804 1.5925295 1.1645303 0.6929965 1.3214813 1.3214813 1.3445062 1.2854723 1.2727021 1.2727021 0.9548105 0.9994852 1.2461387 1.2461387 1.2461387 1.5879542 1.3162456 1.5151948 1.4491640 1.5193476 1.3122438 1.4826925 1.0727736 1.3350286 1.6728980 1.3852235 1.1442576 1.1674319 1.4505140 1.5962342 1.7617334 0.9746644 1.2806248 1.4222996 1.7854096 1.1753613 
Leuniv_Lniv_scaffold18038_01                       0.3393967 0.3635735 0.0000000 0.2331284 1.7778600 1.7637464 1.6566800 2.3214317 1.7245824 1.6066431 1.6124074 1.6334452 1.4735977 1.4963180 0.6686374 1.7099977 1.5814610 1.3790853 1.3771248 0.7017445 1.4676967 1.3745099 1.5000509 1.5137131 1.9456091 1.4664176 0.8764582 2.1092535 1.4158241 1.0469917 1.3992191 1.9694214 1.7893129 1.9864257 0.6627353 1.3959196 1.4035216 1.4272336 1.3607673 1.8831485 1.3954913 1.7883784 1.6992947 1.7656213 1.7656213 1.4584860 2.3757845 2.4741065 2.1616597 1.9614610 2.0481169 2.0229048 1.8830137 1.4181284 1.6561144 2.4583141 1.5279645 1.7920709 1.7437216 2.2605812 1.9341062 1.9854250 0.9899731 1.9581555 1.7140287 2.3423494 1.0405692 
Scil_scict003734.1                                 0.3855762 0.3520236 0.2331284 0.0000000 1.6301755 1.6095652 1.4490165 2.0899324 1.7776074 1.6704098 1.7826395 1.7648740 1.6338902 1.6604085 0.6759578 1.7690559 1.5739569 1.4168954 1.6217494 0.7399431 1.5601381 1.4688994 1.5597537 1.5636031 2.1825722 1.3223178 0.9201322 2.1537437 1.3195153 1.0057522 1.3320658 2.1851433 1.6827529 2.0400999 0.6189436 1.5176607 1.5247431 1.5536279 1.4485236 2.2823563 1.6760767 1.8802430 1.7285370 2.0015508 2.0015508 1.4973555 2.4853195 2.5653461 2.0894778 1.8646412 1.9550274 1.9919340 1.8967285 1.4170035 1.6489552 2.4717971 1.4974469 1.6791883 1.6858529 2.2898334 1.8734318 1.9468046 1.0831369 1.9732765 1.6494339 2.2420505 1.0857804 
Emue_Em0010g179a.t1                                1.7367167 1.3714218 1.7778600 1.6301755 0.0000000 0.1259767 0.0388696 1.4723711 1.5285106 1.2777566 1.3546274 1.3645938 1.4545073 1.4471486 0.5254212 1.3722882 1.3134097 1.6272872 1.5714692 0.6511891 1.7567886 1.6495577 1.7599451 1.7627068 1.2031179 1.2982896 0.7023177 1.6018409 1.3981530 0.6980870 1.2410622 1.5969898 1.0071029 1.7175336 0.6375850 1.2510869 1.2510869 1.2651137 1.2458111 1.6273674 1.2702987 1.5414000 1.6202133 1.4489052 1.4489052 1.1916108 1.9948273 1.8539366 1.5906776 1.6651373 1.5198497 1.5865282 1.6045547 1.2517059 1.5765400 2.0059058 0.8783338 1.5897627 1.5454110 1.7147169 1.0450815 1.0533397 1.5817213 1.8072057 1.6043575 1.9827061 1.0668134 
Spolac_c99016_g1_i1_m.18583c98496-g1               1.5609314 1.3170269 1.7637464 1.6095652 0.1259767 0.0000000 0.1603067 1.4956820 1.5355286 1.3098487 1.3545946 1.3515320 1.4428119 1.4366372 0.4885706 1.3813263 1.2999037 1.6260323 1.6578884 0.6366244 1.7035093 1.6519532 1.6906801 1.7519145 1.2333747 1.3100330 0.7158887 1.6839006 1.3518084 0.6892575 1.2133748 1.5651821 0.9853225 1.7422355 0.6174247 1.1845141 1.1845141 1.1951933 1.1788999 1.5140355 1.1867909 1.5364756 1.6023273 1.4392594 1.4392594 1.1488201 2.0155733 1.8660980 1.5470166 1.6111099 1.5270256 1.6064311 1.5259628 1.3468004 1.5521550 1.7742798 0.8700584 1.6393264 1.5333562 1.6036516 1.0499725 1.0597891 1.5653041 1.8164919 1.5829577 1.9437431 1.0719002 
Emue_Em0010g294a.t1                                1.6380971 1.4137965 1.6566800 1.4490165 0.0388696 0.1603067 0.0000000 1.3311172 1.3728718 1.0665354 1.2309194 1.2429592 1.2514720 1.2401457 0.5471808 1.1565484 1.1449710 1.2325524 1.2107100 0.6765487 1.2586795 1.2483754 1.2483754 1.2361245 1.1676925 1.2343226 0.7499468 1.3087036 1.3103666 0.6128847 1.1873346 1.4178586 0.8613744 1.2079995 0.6945445 1.3239728 1.3239728 1.3171809 1.3190398 1.3552087 1.3552087 1.0490642 1.0830369 1.2994881 1.2994881 1.2994881 1.5963991 1.3027692 1.4291760 1.4430865 1.3897120 1.4197680 1.3507388 1.1662880 1.4248172 1.5175819 0.7391494 1.1786242 1.1845999 1.2631772 0.8969789 0.8842109 1.4517707 1.6028559 1.4474102 1.5072018 1.1154502 
Cgig_XM_011424356.3                                2.3809383 1.5462923 2.3214317 2.0899324 1.4723711 1.4956820 1.3311172 0.0000000 1.6441097 1.3897532 1.5980598 1.6001531 1.5173272 1.5445712 0.4060365 1.5022230 1.3553459 1.6689906 1.8655765 0.5121194 1.8096592 1.6928194 1.7351027 1.7639507 1.6372428 1.2113595 0.5792100 1.2231544 1.3593573 0.7500480 1.5074660 1.1383833 1.4428515 1.9710343 0.5957689 1.2716709 1.2716709 1.3058242 1.2523563 1.8916641 1.2603361 1.7827560 1.9574727 1.4050015 1.4050015 1.3197367 2.5363444 2.2403782 2.2152733 2.3054676 2.3325067 1.9977935 1.9443947 1.4051903 1.8122266 1.6446347 1.2142648 1.9167768 2.1095250 1.4310403 1.7307156 1.6679274 1.7952766 1.9009165 1.4982715 1.7935416 0.9207577 
Fspp_ffun1.m4.28386.m1                             1.8110329 1.2536256 1.7245824 1.7776074 1.5285106 1.5355286 1.3728718 1.6441097 0.0000000 0.1401474 0.2377453 0.1990175 0.3894204 0.4162566 0.3860924 0.3730861 0.8009661 1.1456954 1.2432587 0.4018619 1.1985594 1.1358357 1.1556315 1.2236607 1.0808399 1.3540124 0.7443885 1.3258268 1.0050457 0.6477823 0.9864273 1.5036196 1.5257716 2.4016941 0.7653463 1.5010210 1.5010210 1.4838583 1.4573205 2.1073437 1.4403580 2.2472710 2.0910785 1.7703256 1.7703256 1.4409270 2.6006662 2.7629845 1.8537672 1.6442462 1.5740960 1.8417764 1.7306624 1.3876608 1.5595330 2.0125134 1.3488427 1.3183852 1.3572469 2.1108281 1.7654806 1.6860339 1.5969873 2.3096686 1.5790759 2.0226538 1.2792517 
Gasp_gasp1.m3.20997.m1                             1.6472075 1.1324976 1.6066431 1.6704098 1.2777566 1.3098487 1.0665354 1.3897532 0.1401474 0.0000000 0.2372797 0.2185731 0.3348728 0.3435485 0.4189680 0.3212294 0.7395666 1.1214267 1.1755808 0.4248122 1.1720381 1.1205762 1.1212962 1.1567542 0.9203315 1.1370228 0.5944653 1.1217201 0.9466954 0.6526109 0.9941718 1.3144996 1.4221915 1.8928517 0.6307509 1.1902588 1.1902588 1.1670494 1.1428715 1.7103299 1.1919590 1.7961442 1.7821128 1.4728184 1.4728184 1.1633934 2.1119082 2.3641265 1.6095685 1.5675328 1.4436475 1.5568736 1.4135344 1.1908299 1.3078478 1.7579642 1.1300052 1.1303498 1.1731786 1.7985614 1.5592921 1.4699505 1.3337763 2.0584887 1.4254015 1.8881857 0.9809972 
Spis_XP_022792526_1                                1.7820533 1.2323992 1.6124074 1.7826395 1.3546274 1.3545946 1.2309194 1.5980598 0.2377453 0.2372797 0.0000000 0.0731439 0.3585500 0.3670049 0.4366922 0.3532517 0.7734209 1.1299818 1.1185104 0.3952021 1.2057105 1.1807997 1.2164964 1.2636327 0.9406104 1.2780217 0.6787143 1.1928473 1.0010434 0.6425255 0.9251560 1.3822952 1.2810076 2.1639344 0.7147507 1.4190703 1.4190703 1.4019113 1.3626054 1.8937206 1.3739885 1.9707316 1.8739232 1.7064352 1.7064352 1.4038764 2.2679127 2.5437299 1.6868430 1.5166241 1.5004484 1.6391361 1.5559952 1.2701371 1.4513513 1.7537319 1.1867008 1.2620269 1.3232963 2.0239061 1.5971555 1.4953393 1.4675000 2.0817386 1.3527772 1.9523599 1.0517892 
Pocdam_XM_027184758.1                              1.7721178 1.2372749 1.6334452 1.7648740 1.3645938 1.3515320 1.2429592 1.6001531 0.1990175 0.2185731 0.0731439 0.0000000 0.3433974 0.3504489 0.4485719 0.3412839 0.7920287 1.1132894 1.0883599 0.4000246 1.1856670 1.1845487 1.2271257 1.2342632 0.8821419 1.2865288 0.7061537 1.2151677 0.9955454 0.6932454 0.9579441 1.4066985 1.3410097 2.0877902 0.7309620 1.3519799 1.3519799 1.3329691 1.2928805 1.8662566 1.3417934 1.9964667 1.8560863 1.6889275 1.6889275 1.3528908 2.1987439 2.4879020 1.7187104 1.5719695 1.5747526 1.6959195 1.6307461 1.2680455 1.4609093 1.8368243 1.1787593 1.2297602 1.3107558 1.9402817 1.5621871 1.4897015 1.4491630 2.1235497 1.2677549 1.9508249 1.0590771 
Adig_XM_015904527.1                                1.6934068 1.2106491 1.4735977 1.6338902 1.4545073 1.4428119 1.2514720 1.5173272 0.3894204 0.3348728 0.3585500 0.3433974 0.0000000 0.0072523 0.4265579 0.2684848 0.7954956 1.1196888 1.1635338 0.4481437 1.1334463 1.1190416 1.1282609 1.1724488 0.8107904 1.1041748 0.5306615 1.1727201 1.0443213 0.7373085 0.9635136 1.3920742 1.5102641 2.2056619 0.7465076 1.5217348 1.5217348 1.4887847 1.4507775 1.9711211 1.4392220 2.1455913 1.9747614 1.8160301 1.8160301 1.4494488 2.6742074 2.5997174 1.6683881 1.6162393 1.5342210 1.7412746 1.5714385 1.2602791 1.3635348 1.7380393 1.2645570 1.2671744 1.2892354 1.7746890 1.8251137 1.7122093 1.4646954 1.9712083 1.3075904 1.8520064 1.0200832 
Amil_Amillepora24590-RA                            1.7296702 1.2340257 1.4963180 1.6604085 1.4471486 1.4366372 1.2401457 1.5445712 0.4162566 0.3435485 0.3670049 0.3504489 0.0072523 0.0000000 0.4441762 0.2746897 0.7962777 1.1404920 1.1475648 0.4300176 1.1683698 1.1392212 1.1469610 1.2077138 0.8351991 1.1563351 0.5429702 1.1962333 1.0896361 0.8204627 0.9773491 1.4259064 1.5234655 2.1913418 0.7465076 1.4920483 1.4920483 1.4586359 1.4219309 1.9711780 1.4394496 2.1684027 1.9256295 1.7834463 1.7834463 1.4205066 2.6593495 2.6757785 1.7130263 1.6704678 1.5594219 1.7641460 1.5995581 1.2689175 1.3956983 1.7404743 1.2828136 1.2903897 1.2795476 1.8139724 1.8350818 1.7550100 1.4633124 2.0355489 1.3036669 1.9297087 1.0200832 
Cscu_XM_023383608.1                                0.7652180 0.7464911 0.6686374 0.6759578 0.5254212 0.4885706 0.5471808 0.4060365 0.3860924 0.4189680 0.4366922 0.4485719 0.4265579 0.4441762 0.0000000 0.3699183 0.4034787 0.5159020 0.5710099 0.5669440 0.5289001 0.5011489 0.5011489 0.5602780 0.4095820 0.4223954 0.4635446 0.3714709 0.7278885 0.6648322 0.6314026 0.4145660 0.4836870 0.6841168 0.7464161 0.7136233 0.7136233 0.6846127 0.7136233 0.6729367 0.6729367 0.7411608 0.7567464 0.6975382 0.6975382 0.6975382 0.7762815 0.6712888 0.4698717 0.5039138 0.5358217 0.5115511 0.5733708 0.5873912 0.6263154 0.4544355 0.6418811 0.4505835 0.4571109 0.5341313 0.7008366 0.6370776 0.7174643 0.7497757 0.5409125 0.1173141 1.1755664 
Gfas_gfas1.m1.6361.m1                              1.9054572 1.2210100 1.7099977 1.7690559 1.3722882 1.3813263 1.1565484 1.5022230 0.3730861 0.3212294 0.3532517 0.3412839 0.2684848 0.2746897 0.3699183 0.0000000 0.8269806 1.0713532 1.0871854 0.4717687 1.1054730 1.1059217 1.1054422 1.1588183 0.9987899 1.1955615 0.5592877 1.1453625 1.0589728 0.7292141 1.0438305 1.3499657 1.4826033 2.1101232 0.7612781 1.3744287 1.3744287 1.3388147 1.3337380 1.8598230 1.3423761 2.0251068 1.8970494 1.7062845 1.7062845 1.3626599 2.4434058 2.4021799 1.7179563 1.5464347 1.5585646 1.8911216 1.5549730 1.2710371 1.3827524 1.5596427 1.3320122 1.1463650 1.1721946 1.7424196 1.6748413 1.5677771 1.4742573 2.0917365 1.3082625 1.7891548 1.0562630 
Nvec_v1g108798                                     1.8790002 1.1491228 1.5814610 1.5739569 1.3134097 1.2999037 1.1449710 1.3553459 0.8009661 0.7395666 0.7734209 0.7920287 0.7954956 0.7962777 0.4034787 0.8269806 0.0000000 1.1496311 1.1539257 0.4438533 1.2350700 1.1323607 1.1589453 1.3130564 0.6931132 1.1675813 0.5383991 1.4161232 0.9626165 0.7010976 1.1533670 1.3635268 1.3684562 1.7160795 0.5955736 1.2429075 1.2429075 1.2951412 1.1840848 1.6425276 1.1278310 1.6296453 1.6134136 1.3135038 1.3135038 1.1725710 2.0277616 2.1004514 1.6114875 1.5275123 1.4917651 1.4602439 1.4272134 1.1882153 1.2205245 1.5527871 1.1663702 1.0801946 1.1066126 1.6232703 1.3929422 1.3432496 1.4049648 1.7321798 1.1791636 1.5982640 1.0546845 
HoiH23_PlH23_003969-RA                             1.5560056 1.1756204 1.3790853 1.4168954 1.6272872 1.6260323 1.2325524 1.6689906 1.1456954 1.1214267 1.1299818 1.1132894 1.1196888 1.1404920 0.5159020 1.0713532 1.1496311 0.0000000 0.3307232 0.1064617 0.0619943 0.0925886 0.1110570 0.1808712 1.1264901 0.9393732 0.6931278 1.7476761 1.1579434 0.6756401 1.0082732 1.7344759 1.1707638 1.4475496 0.6958072 1.2082548 1.2082548 1.1950138 1.2082548 1.5663315 1.2485905 1.4836349 1.7048800 1.3559923 1.3559923 1.2296700 1.8217737 1.8188033 1.5109985 1.5071483 1.5043655 1.4747303 1.5162722 1.2361838 1.3793906 2.0756017 1.1379362 1.3394740 1.3026863 1.5446721 1.6073089 1.6573466 1.4116390 1.7646357 1.5993023 1.9095800 0.9764097 
TrH2_TrispH2_007169-RA                             1.6979953 1.1417477 1.3771248 1.6217494 1.5714692 1.6578884 1.2107100 1.8655765 1.2432587 1.1755808 1.1185104 1.0883599 1.1635338 1.1475648 0.5710099 1.0871854 1.1539257 0.3307232 0.0000000 0.0000010 0.3327409 0.2896920 0.3225779 0.3590478 1.1448921 1.1599838 0.7675929 1.8721397 1.1332260 0.6582049 1.0311881 1.6904054 1.3210382 1.6782905 0.7806331 1.3180693 1.3180693 1.3093543 1.3180693 1.7310193 1.2946222 1.7410117 1.8808251 1.3936598 1.3936598 1.1850420 1.9621927 1.9590609 1.6491618 1.5195499 1.5560862 1.4938960 1.7977811 1.3886967 1.4089062 2.2506323 1.2363701 1.3500139 1.3009732 1.6731162 1.6064394 1.6393486 1.3714459 1.7391888 1.6430733 2.1805402 1.0369669 
Tadh_TriadT7323                                    0.7660151 0.7079563 0.7017445 0.7399431 0.6511891 0.6366244 0.6765487 0.5121194 0.4018619 0.4248122 0.3952021 0.4000246 0.4481437 0.4300176 0.5669440 0.4717687 0.4438533 0.1064617 0.0000010 0.0000000 0.1040411 0.0956300 0.0956300 0.1183748 0.4712735 0.5027890 0.6272112 0.5557042 0.6544855 0.5618304 0.5515159 0.4954434 0.7618043 0.6679314 0.6835100 0.6741613 0.6741613 0.6741613 0.6741613 0.6648756 0.6648756 0.6422057 0.6826252 0.6334049 0.6334049 0.6334049 0.7801962 0.6454096 0.5311975 0.5018081 0.5305452 0.5147531 0.5582106 0.5787758 0.5686736 0.6618817 0.7589606 0.5293387 0.5159921 0.5083711 0.9152710 0.9361806 0.6485666 0.7104582 0.6201848 0.6943949 1.0719940 
HoiH06_mRNA11675                                   1.7049087 1.2195899 1.4676967 1.5601381 1.7567886 1.7035093 1.2586795 1.8096592 1.1985594 1.1720381 1.2057105 1.1856670 1.1334463 1.1683698 0.5289001 1.1054730 1.2350700 0.0619943 0.3327409 0.1040411 0.0000000 0.1152165 0.0877056 0.1926241 1.1952488 1.0156928 0.6877588 1.8496123 1.1903291 0.7042658 1.0734190 1.8615354 1.2352497 1.5689352 0.7173978 1.2319885 1.2319885 1.2197230 1.2319885 1.6322625 1.3512139 1.5579165 1.7848293 1.4391670 1.4391670 1.2781303 1.9270199 1.8509822 1.5106321 1.5725032 1.5402773 1.5745998 1.6750020 1.3034122 1.3803766 2.2279929 1.1465287 1.4646939 1.3350758 1.6027886 1.6803535 1.6471430 1.4912219 1.8526542 1.7463621 2.0838937 0.9680936 
Hhon_g06818.t1                                     1.6014868 1.1612482 1.3745099 1.4688994 1.6495577 1.6519532 1.2483754 1.6928194 1.1358357 1.1205762 1.1807997 1.1845487 1.1190416 1.1392212 0.5011489 1.1059217 1.1323607 0.0925886 0.2896920 0.0956300 0.1152165 0.0000000 0.0192834 0.1663320 1.1219066 1.1278494 0.6767496 1.6739812 1.1122934 0.6587303 0.9895321 1.6349280 1.2185840 1.5006039 0.6746274 1.2479259 1.2479259 1.2363896 1.2194549 1.6972067 1.4025945 1.5782862 1.8124279 1.4990335 1.4990335 1.1915591 1.9085623 1.8604777 1.5303192 1.4936763 1.5361326 1.4395653 1.5307978 1.2088259 1.3137172 2.0708414 1.0952845 1.4092524 1.2566003 1.5772713 1.5759938 1.5962574 1.4363621 1.7755298 1.6016677 1.8748333 0.9469394 
HoiH04_mRNA13484                                   1.6212566 1.1612482 1.5000509 1.5597537 1.7599451 1.6906801 1.2483754 1.7351027 1.1556315 1.1212962 1.2164964 1.2271257 1.1282609 1.1469610 0.5011489 1.1054422 1.1589453 0.1110570 0.3225779 0.0956300 0.0877056 0.0192834 0.0000000 0.1393987 1.1653833 1.0212383 0.6767496 1.6603948 1.1506955 0.6885364 1.0102392 1.7021545 1.2738345 1.4346866 0.6746274 1.2479259 1.2479259 1.2363896 1.2194549 1.6028980 1.3283464 1.4518877 1.7595754 1.3664638 1.3664638 1.1915591 1.8106564 1.7791769 1.5092058 1.5479217 1.5687277 1.4752427 1.6303405 1.3019135 1.3037083 2.0405970 1.0952845 1.4107059 1.2822484 1.5392385 1.6326226 1.5740080 1.4785099 1.7993235 1.7169617 1.9120334 0.9469394 
HoiH11_mRNA6136                                    1.6783157 1.1882070 1.5137131 1.5636031 1.7627068 1.7519145 1.2361245 1.7639507 1.2236607 1.1567542 1.2636327 1.2342632 1.1724488 1.2077138 0.5602780 1.1588183 1.3130564 0.1808712 0.3590478 0.1183748 0.1926241 0.1663320 0.1393987 0.0000000 1.3294650 1.0536961 0.7111327 1.9215496 1.2793524 0.8061838 1.0239994 1.7573220 1.2137965 1.6293048 0.7191893 1.2315477 1.2315477 1.2193339 1.2315477 1.7859107 1.3984259 1.5686535 1.8630316 1.4871056 1.4871056 1.2548907 2.0893340 1.9300510 1.5035962 1.5677533 1.4886221 1.5330886 1.6624789 1.3294847 1.3955943 2.1011360 1.1797698 1.4500014 1.3322155 1.6347537 1.7717238 1.7374830 1.4616486 1.9233410 1.8006863 2.1336355 1.0090804 
Exapal_XM_021043612.2                              2.3151033 1.6953486 1.9456091 2.1825722 1.2031179 1.2333747 1.1676925 1.6372428 1.0808399 0.9203315 0.9406104 0.8821419 0.8107904 0.8351991 0.4095820 0.9987899 0.6931132 1.1264901 1.1448921 0.4712735 1.1952488 1.1219066 1.1653833 1.3294650 0.0000000 1.4223805 0.5500960 1.3533351 1.0936177 0.6614183 1.0927668 1.6629850 1.3876638 2.1514154 0.5449440 1.3946227 1.3946227 1.4352726 1.3090139 2.0189208 1.3667622 1.9589444 2.0199056 1.7726408 1.7726408 1.3891774 2.4521738 2.2897224 1.8349533 1.6745246 1.6080995 1.6238478 1.7403589 1.1862930 1.4244921 1.8971791 1.2320836 1.1152795 1.0822244 1.7377048 1.4749026 1.5334691 1.7014258 2.0753245 1.2284542 2.0914081 0.9450971 
Skow_XM_006819772.1                                1.6083974 1.1018256 1.4664176 1.3223178 1.2982896 1.3100330 1.2343226 1.2113595 1.3540124 1.1370228 1.2780217 1.2865288 1.1041748 1.1563351 0.4223954 1.1955615 1.1675813 0.9393732 1.1599838 0.5027890 1.0156928 1.1278494 1.0212383 1.0536961 1.4223805 0.0000000 0.3909720 1.5265729 1.2667654 0.6190974 1.0675814 1.4654194 1.1186691 1.1870680 0.6047458 1.2824113 1.2824113 1.2883900 1.2318300 1.6613538 1.3839548 1.1528873 1.2214751 1.3344819 1.3344819 1.2311781 1.8324018 1.4882756 1.3915482 1.4860231 1.6131041 1.8043286 1.4347630 1.1954590 1.4566350 1.5896352 1.2696611 1.4110554 1.3335544 1.3819040 1.3332676 1.2403317 1.2877762 1.7608954 1.3531150 1.7495821 0.9530911 
Dpul_mRNA16227                                     0.8718020 0.8685217 0.8764582 0.9201322 0.7023177 0.7158887 0.7499468 0.5792100 0.7443885 0.5944653 0.6787143 0.7061537 0.5306615 0.5429702 0.4635446 0.5592877 0.5383991 0.6931278 0.7675929 0.6272112 0.6877588 0.6767496 0.6767496 0.7111327 0.5500960 0.3909720 0.0000000 0.5554211 0.8551895 0.7430307 0.7674823 0.6708693 0.6931404 0.9005636 0.9241683 0.9648159 0.9648159 0.8262428 0.9648159 0.9005756 0.9005756 0.9019390 0.9541704 0.9318621 0.9318621 0.9318621 1.1016076 0.8737878 0.6609599 0.7501406 0.7831231 0.7918080 0.7145262 0.6652738 0.6484386 0.5415171 0.7966460 0.4922279 0.4824053 0.6240555 0.8178510 0.8249968 0.9626580 0.7468077 0.7266500 0.5023427 1.1802321 
Bralan_BLAG11000305_1                              2.2740647 1.6378822 2.1092535 2.1537437 1.6018409 1.6839006 1.3087036 1.2231544 1.3258268 1.1217201 1.1928473 1.2151677 1.1727201 1.1962333 0.3714709 1.1453625 1.4161232 1.7476761 1.8721397 0.5557042 1.8496123 1.6739812 1.6603948 1.9215496 1.3533351 1.5265729 0.5554211 0.0000000 1.2331078 0.6667138 1.2136315 1.3028646 1.6784306 2.0214550 0.5782185 1.4827312 1.4827312 1.4525070 1.4667153 1.9804350 1.4420751 2.0613918 2.2359624 1.7434748 1.7434748 1.3765007 2.5079817 2.7672079 1.9648571 1.9197546 2.0416973 1.8635637 1.9891168 1.3468211 1.6874485 1.6102771 1.2533117 1.7577204 1.7813123 1.8045420 1.7818468 1.7395658 1.6818724 2.2843346 1.4118913 2.0255019 0.8733597 
Opea_EP00118_Oscarella_pearsei_P025118             1.4806897 1.2957649 1.4158241 1.3195153 1.3981530 1.3518084 1.3103666 1.3593573 1.0050457 0.9466954 1.0010434 0.9955454 1.0443213 1.0896361 0.7278885 1.0589728 0.9626165 1.1579434 1.1332260 0.6544855 1.1903291 1.1122934 1.1506955 1.2793524 1.0936177 1.2667654 0.8551895 1.2331078 0.0000000 0.0000010 0.4845889 1.4291787 1.2875196 1.4299080 0.9354039 1.4583148 1.4583148 1.4798380 1.4283687 1.6180578 1.4244245 1.3117761 1.3846449 1.3783734 1.3783734 1.3842125 1.6227532 1.8566757 1.4179575 1.5044241 1.6024828 1.5436501 1.5698508 1.2702089 1.2191415 1.5590836 1.1385538 1.1911605 1.1903931 1.6055464 1.5397811 1.5268379 1.5717117 1.7410192 1.4604155 1.6956776 1.4545934 
Ocar_g5012                                         1.0245086 0.9145461 1.0469917 1.0057522 0.6980870 0.6892575 0.6128847 0.7500480 0.6477823 0.6526109 0.6425255 0.6932454 0.7373085 0.8204627 0.6648322 0.7292141 0.7010976 0.6756401 0.6582049 0.5618304 0.7042658 0.6587303 0.6885364 0.8061838 0.6614183 0.6190974 0.7430307 0.6667138 0.0000010 0.0000000 0.4097245 0.7858228 0.6259968 0.9580513 0.9037570 0.8318679 0.8318679 0.8447194 0.8318679 0.9675583 0.8442931 0.9906485 0.9968663 0.9142546 0.9142546 0.9142546 0.9486810 1.1444570 0.6275257 0.7264829 0.8060478 0.7120117 0.7553319 0.7621874 0.6939491 0.7687662 0.6081367 0.7036920 0.6694112 0.8265292 0.8932032 0.9283618 0.9084269 1.0025462 0.7644060 0.9867772 1.4545934 
Plajan_Pjan_C544822_01                             1.3853286 1.1597386 1.3992191 1.3320658 1.2410622 1.2133748 1.1873346 1.5074660 0.9864273 0.9941718 0.9251560 0.9579441 0.9635136 0.9773491 0.6314026 1.0438305 1.1533670 1.0082732 1.0311881 0.5515159 1.0734190 0.9895321 1.0102392 1.0239994 1.0927668 1.0675814 0.7674823 1.2136315 0.4845889 0.4097245 0.0000000 1.7123829 0.9890143 1.6222438 0.7514961 1.3346528 1.3346528 1.3483076 1.3346528 1.3656870 1.2424434 1.3872612 1.3722021 1.3986189 1.3986189 1.2818052 1.8397722 1.8481558 1.3629760 1.4078444 1.4493850 1.4598114 1.6616352 1.1791672 1.1439526 1.4860784 1.0853261 1.0934784 1.1791570 1.6393430 1.4532829 1.4054152 1.3288915 1.8064327 1.3882254 1.6644940 1.1241813 
Acagra_model.g25150.t1                             2.2613305 1.4656804 1.9694214 2.1851433 1.5969898 1.5651821 1.4178586 1.1383833 1.5036196 1.3144996 1.3822952 1.4066985 1.3920742 1.4259064 0.4145660 1.3499657 1.3635268 1.7344759 1.6904054 0.4954434 1.8615354 1.6349280 1.7021545 1.7573220 1.6629850 1.4654194 0.6708693 1.3028646 1.4291787 0.7858228 1.7123829 0.0000000 1.6188614 1.8972592 0.7364456 1.3958782 1.3958782 1.3799135 1.3791785 2.0170117 1.4735447 2.0164616 2.2110788 1.5540960 1.5540960 1.1786183 2.2874250 2.3663483 2.0029115 1.8148696 1.8107136 1.7280045 1.7329400 1.1934954 1.4860456 1.6250730 1.2833638 1.9347921 1.8635862 1.5393603 1.8053343 1.7773100 1.5507024 1.9552718 1.5288768 1.9120734 1.0093967 
Plespi_Pspi_C608246_01                             1.8557230 1.5925295 1.7893129 1.6827529 1.0071029 0.9853225 0.8613744 1.4428515 1.5257716 1.4221915 1.2810076 1.3410097 1.5102641 1.5234655 0.4836870 1.4826033 1.3684562 1.1707638 1.3210382 0.7618043 1.2352497 1.2185840 1.2738345 1.2137965 1.3876638 1.1186691 0.6931404 1.6784306 1.2875196 0.6259968 0.9890143 1.6188614 0.0000000 1.5091229 0.6869147 1.3226822 1.3226822 1.3724156 1.3107243 1.6357401 1.4108005 1.5204977 1.5358465 1.4898955 1.4898955 1.3661013 1.7981491 2.2966178 1.6393257 1.5640178 1.6669046 1.8071520 1.7822473 1.4759182 1.6314595 1.5526593 1.0567462 1.5027404 1.6260824 1.6535224 1.2430485 1.2184041 1.6756694 1.8015426 1.4189059 1.6615934 1.0846685 
Horcal_Hcv1.av93.c2.g498.i1                        1.9382253 1.1645303 1.9864257 2.0400999 1.7175336 1.7422355 1.2079995 1.9710343 2.4016941 1.8928517 2.1639344 2.0877902 2.2056619 2.1913418 0.6841168 2.1101232 1.7160795 1.4475496 1.6782905 0.6679314 1.5689352 1.5006039 1.4346866 1.6293048 2.1514154 1.1870680 0.9005636 2.0214550 1.4299080 0.9580513 1.6222438 1.8972592 1.5091229 0.0000000 0.0611262 0.4357737 0.4378854 0.4756754 0.4412142 0.5029446 0.4594160 0.5874704 0.6728254 0.6452450 0.6452450 0.4818992 0.6857439 1.2144607 2.3740854 2.3505037 2.5652514 2.3652757 2.2050164 1.3903788 1.4465948 1.9164388 1.3480289 1.9078002 1.9325888 1.9728295 1.6442142 1.8045635 2.0214113 2.3230405 1.8204268 2.3934732 0.5371325 
Pbac_sb2653965                                     0.6854654 0.6929965 0.6627353 0.6189436 0.6375850 0.6174247 0.6945445 0.5957689 0.7653463 0.6307509 0.7147507 0.7309620 0.7465076 0.7465076 0.7464161 0.7612781 0.5955736 0.6958072 0.7806331 0.6835100 0.7173978 0.6746274 0.6746274 0.7191893 0.5449440 0.6047458 0.9241683 0.5782185 0.9354039 0.9037570 0.7514961 0.7364456 0.6869147 0.0611262 0.0000000 0.1920442 0.1920442 0.2314938 0.1920442 0.2051628 0.2051628 0.2174289 0.2499952 0.2450170 0.2450170 0.2450170 0.2403389 0.2394052 0.6319868 0.6887386 0.7356442 0.7276117 0.6314552 0.6863880 0.6175409 0.5960423 0.6917349 0.6073958 0.5522831 0.7422531 0.8832128 0.9816387 0.7851252 1.0230572 0.9817339 0.6802633 0.4577335 
Bolinf_Binf_sb1231522                              1.4245414 1.3214813 1.3959196 1.5176607 1.2510869 1.1845141 1.3239728 1.2716709 1.5010210 1.1902588 1.4190703 1.3519799 1.5217348 1.4920483 0.7136233 1.3744287 1.2429075 1.2082548 1.3180693 0.6741613 1.2319885 1.2479259 1.2479259 1.2315477 1.3946227 1.2824113 0.9648159 1.4827312 1.4583148 0.8318679 1.3346528 1.3958782 1.3226822 0.4357737 0.1920442 0.0000000 0.0056595 0.0118171 0.0058241 0.1082140 0.1082140 0.4192959 0.4896183 0.3593532 0.3593532 0.3539446 0.6019346 0.5620155 1.7050945 1.7039663 1.7679544 1.5670019 1.5536296 1.2754943 1.1278904 1.3546646 1.5038465 1.3050686 1.3372252 1.2457562 1.6273998 1.6498083 1.4096730 1.8145552 1.7008862 1.6660353 0.7136306 
Mertsp_Mesp_sb568230                               1.4323550 1.3214813 1.4035216 1.5247431 1.2510869 1.1845141 1.3239728 1.2716709 1.5010210 1.1902588 1.4190703 1.3519799 1.5217348 1.4920483 0.7136233 1.3744287 1.2429075 1.2082548 1.3180693 0.6741613 1.2319885 1.2479259 1.2479259 1.2315477 1.3946227 1.2824113 0.9648159 1.4827312 1.4583148 0.8318679 1.3346528 1.3958782 1.3226822 0.4378854 0.1920442 0.0056595 0.0000000 0.0178327 0.0117176 0.1085397 0.1085397 0.4213391 0.4920937 0.3608774 0.3608774 0.3648510 0.6048338 0.5647183 1.7050945 1.7039663 1.7679544 1.5670019 1.5456499 1.2754943 1.1278904 1.3618062 1.5038465 1.3050686 1.3372252 1.2457562 1.6273998 1.6498083 1.4383941 1.8145552 1.7008862 1.7034026 0.7136306 
Bolinf_Binf_sb1231523                              1.4383149 1.3445062 1.4272336 1.5536279 1.2651137 1.1951933 1.3171809 1.3058242 1.4838583 1.1670494 1.4019113 1.3329691 1.4887847 1.4586359 0.6846127 1.3388147 1.2951412 1.1950138 1.3093543 0.6741613 1.2197230 1.2363896 1.2363896 1.2193339 1.4352726 1.2883900 0.8262428 1.4525070 1.4798380 0.8447194 1.3483076 1.3799135 1.3724156 0.4756754 0.2314938 0.0118171 0.0178327 0.0000000 0.0183777 0.1232495 0.1232495 0.4614431 0.5317484 0.3810540 0.3810540 0.3755221 0.6440714 0.5954404 1.7875290 1.7553384 1.7696685 1.6377824 1.5952872 1.2761793 1.1441769 1.3773986 1.4975105 1.3404761 1.3645663 1.2448598 1.5515540 1.5348182 1.4522532 1.8287806 1.6418073 1.6660353 0.6520815 
Mertsp_Mesp_sb568231                               1.3492975 1.2854723 1.3607673 1.4485236 1.2458111 1.1788999 1.3190398 1.2523563 1.4573205 1.1428715 1.3626054 1.2928805 1.4507775 1.4219309 0.7136233 1.3337380 1.1840848 1.2082548 1.3180693 0.6741613 1.2319885 1.2194549 1.2194549 1.2315477 1.3090139 1.2318300 0.9648159 1.4667153 1.4283687 0.8318679 1.3346528 1.3791785 1.3107243 0.4412142 0.1920442 0.0058241 0.0117176 0.0183777 0.0000000 0.1058168 0.1058168 0.4176982 0.4942804 0.3559314 0.3559314 0.3311780 0.6017352 0.5659868 1.6492467 1.6535034 1.7174465 1.5128287 1.5179852 1.2309714 1.0980297 1.3234337 1.4483235 1.2628003 1.3167519 1.2324629 1.5948163 1.6163394 1.3482347 1.7823449 1.6919349 1.5933365 0.6991592 
Mlei_ML3588.g21.i1                                 2.0621249 1.2727021 1.8831485 2.2823563 1.6273674 1.5140355 1.3552087 1.8916641 2.1073437 1.7103299 1.8937206 1.8662566 1.9711211 1.9711780 0.6729367 1.8598230 1.6425276 1.5663315 1.7310193 0.6648756 1.6322625 1.6972067 1.6028980 1.7859107 2.0189208 1.6613538 0.9005756 1.9804350 1.6180578 0.9675583 1.3656870 2.0170117 1.6357401 0.5029446 0.2051628 0.1082140 0.1085397 0.1232495 0.1058168 0.0000000 0.0052045 0.4321601 0.5084173 0.4647816 0.4647816 0.3968944 0.6084968 1.0089257 2.3422847 2.3486676 2.3442442 2.3685012 2.2519896 1.5471141 1.4794105 1.8556138 1.6227385 2.2958556 2.0778883 2.0017588 2.0047720 2.0307704 1.8021330 2.4655834 1.8977083 2.6395774 0.6607088 
Vmul_sbMO426261                                    1.5764047 1.2727021 1.3954913 1.6760767 1.2702987 1.1867909 1.3552087 1.2603361 1.4403580 1.1919590 1.3739885 1.3417934 1.4392220 1.4394496 0.6729367 1.3423761 1.1278310 1.2485905 1.2946222 0.6648756 1.3512139 1.4025945 1.3283464 1.3984259 1.3667622 1.3839548 0.9005756 1.4420751 1.4244245 0.8442931 1.2424434 1.4735447 1.4108005 0.4594160 0.2051628 0.1082140 0.1085397 0.1232495 0.1058168 0.0052045 0.0000000 0.4021486 0.4387081 0.3843106 0.3843106 0.3968944 0.5777188 0.5900315 1.6420299 1.6063425 1.6593999 1.5786780 1.6726070 1.1316638 1.1102771 1.4016312 1.5125159 1.5636987 1.4189918 1.4654196 1.7213325 1.7259381 1.6495924 1.8024181 1.5581510 1.8535639 0.6607088 
Coemet_Cmet_scaffold21507_01                       1.8768840 0.9548105 1.7883784 1.8802430 1.5414000 1.5364756 1.0490642 1.7827560 2.2472710 1.7961442 1.9707316 1.9964667 2.1455913 2.1684027 0.7411608 2.0251068 1.6296453 1.4836349 1.7410117 0.6422057 1.5579165 1.5782862 1.4518877 1.5686535 1.9589444 1.1528873 0.9019390 2.0613918 1.3117761 0.9906485 1.3872612 2.0164616 1.5204977 0.5874704 0.2174289 0.4192959 0.4213391 0.4614431 0.4176982 0.4321601 0.4021486 0.0000000 0.3187576 0.5199372 0.5199372 0.3787335 0.6293490 0.9600097 2.2634134 2.1445439 2.3677992 2.0082116 1.8250607 1.6557939 1.2395865 1.8346040 1.1823250 1.9732173 1.9980433 1.8966471 1.8181452 1.9374690 2.0221045 2.2464413 1.7448851 2.7323934 0.7699748 
Vmul_SimC397392                                    1.8458253 0.9994852 1.6992947 1.7285370 1.6202133 1.6023273 1.0830369 1.9574727 2.0910785 1.7821128 1.8739232 1.8560863 1.9747614 1.9256295 0.7567464 1.8970494 1.6134136 1.7048800 1.8808251 0.6826252 1.7848293 1.8124279 1.7595754 1.8630316 2.0199056 1.2214751 0.9541704 2.2359624 1.3846449 0.9968663 1.3722021 2.2110788 1.5358465 0.6728254 0.2499952 0.4896183 0.4920937 0.5317484 0.4942804 0.5084173 0.4387081 0.3187576 0.0000000 0.6373563 0.6373563 0.4483795 0.6197276 1.0889120 2.2930689 2.2455164 2.3012279 2.4378273 1.9442956 1.6686608 1.4832241 1.8021813 1.3063278 1.9062683 1.8219547 1.8986439 1.8170396 1.8717286 1.9368214 2.4991667 1.8108398 2.7293751 0.7366144 
Bolinf_Binf_sb1255035                              1.7984973 1.2461387 1.7656213 2.0015508 1.4489052 1.4392594 1.2994881 1.4050015 1.7703256 1.4728184 1.7064352 1.6889275 1.8160301 1.7834463 0.6975382 1.7062845 1.3135038 1.3559923 1.3936598 0.6334049 1.4391670 1.4990335 1.3664638 1.4871056 1.7726408 1.3344819 0.9318621 1.7434748 1.3783734 0.9142546 1.3986189 1.5540960 1.4898955 0.6452450 0.2450170 0.3593532 0.3608774 0.3810540 0.3559314 0.4647816 0.3843106 0.5199372 0.6373563 0.0000000 0.0000010 0.0113838 0.6439351 0.6344317 1.7772545 1.7736422 1.8797555 1.6931389 1.8830563 1.4191078 1.2343530 1.6963656 1.5529900 1.6877085 1.8546945 1.7705734 1.8654358 1.8719243 1.7484010 2.0206616 1.6679703 1.8610255 0.7524568 
Mertsp_Mesp_sb585810                               1.7984973 1.2461387 1.7656213 2.0015508 1.4489052 1.4392594 1.2994881 1.4050015 1.7703256 1.4728184 1.7064352 1.6889275 1.8160301 1.7834463 0.6975382 1.7062845 1.3135038 1.3559923 1.3936598 0.6334049 1.4391670 1.4990335 1.3664638 1.4871056 1.7726408 1.3344819 0.9318621 1.7434748 1.3783734 0.9142546 1.3986189 1.5540960 1.4898955 0.6452450 0.2450170 0.3593532 0.3608774 0.3810540 0.3559314 0.4647816 0.3843106 0.5199372 0.6373563 0.0000010 0.0000000 0.0113838 0.6439351 0.6344317 1.7772545 1.7736422 1.8797555 1.6931389 1.8830563 1.4191078 1.2343530 1.6963656 1.5529900 1.6877085 1.8546945 1.7705734 1.8654358 1.8719243 1.7484010 2.0206616 1.6679703 1.8610255 0.7524568 
Bolinf_Binf_sb1255036                              1.4038546 1.2461387 1.4584860 1.4973555 1.1916108 1.1488201 1.2994881 1.3197367 1.4409270 1.1633934 1.4038764 1.3528908 1.4494488 1.4205066 0.6975382 1.3626599 1.1725710 1.2296700 1.1850420 0.6334049 1.2781303 1.1915591 1.1915591 1.2548907 1.3891774 1.2311781 0.9318621 1.3765007 1.3842125 0.9142546 1.2818052 1.1786183 1.3661013 0.4818992 0.2450170 0.3539446 0.3648510 0.3755221 0.3311780 0.3968944 0.3968944 0.3787335 0.4483795 0.0113838 0.0113838 0.0000000 0.4782350 0.4694760 1.4900472 1.5017575 1.5704106 1.3305674 1.4341290 1.2780115 1.1029154 1.3652795 1.3251276 1.3102803 1.3525246 1.3968506 1.5964360 1.5330343 1.4517385 1.6028949 1.5443065 1.4755969 0.7524568 
Lampan_Lpan_C415029_01                             2.4934160 1.5879542 2.3757845 2.4853195 1.9948273 2.0155733 1.5963991 2.5363444 2.6006662 2.1119082 2.2679127 2.1987439 2.6742074 2.6593495 0.7762815 2.4434058 2.0277616 1.8217737 1.9621927 0.7801962 1.9270199 1.9085623 1.8106564 2.0893340 2.4521738 1.8324018 1.1016076 2.5079817 1.6227532 0.9486810 1.8397722 2.2874250 1.7981491 0.6857439 0.2403389 0.6019346 0.6048338 0.6440714 0.6017352 0.6084968 0.5777188 0.6293490 0.6197276 0.6439351 0.6439351 0.4782350 0.0000000 1.1726262 2.7883854 2.7181484 2.8604342 2.5090187 2.5530390 2.0513825 1.9053251 2.2597401 1.6038667 2.1582157 2.2837982 2.4407270 1.7919486 1.9379416 2.3533217 2.9172330 1.9468767 2.9384692 0.6708945 
Eupdun_Edun_sb10630745                             2.7220498 1.3162456 2.4741065 2.5653461 1.8539366 1.8660980 1.3027692 2.2403782 2.7629845 2.3641265 2.5437299 2.4879020 2.5997174 2.6757785 0.6712888 2.4021799 2.1004514 1.8188033 1.9590609 0.6454096 1.8509822 1.8604777 1.7791769 1.9300510 2.2897224 1.4882756 0.8737878 2.7672079 1.8566757 1.1444570 1.8481558 2.3663483 2.2966178 1.2144607 0.2394052 0.5620155 0.5647183 0.5954404 0.5659868 1.0089257 0.5900315 0.9600097 1.0889120 0.6344317 0.6344317 0.4694760 1.1726262 0.0000000 3.1543121 3.2144884 3.1847367 2.6813454 2.5758228 1.6857185 1.8872504 2.5443159 1.6903768 2.2479090 2.5998376 2.8569165 2.1254042 2.3335378 2.3946787 3.1036258 2.6240962 2.8794080 0.6459050 
Aaur_scaffold916.g5.t1                             2.1331074 1.5151948 2.1616597 2.0894778 1.5906776 1.5470166 1.4291760 2.2152733 1.8537672 1.6095685 1.6868430 1.7187104 1.6683881 1.7130263 0.4698717 1.7179563 1.6114875 1.5109985 1.6491618 0.5311975 1.5106321 1.5303192 1.5092058 1.5035962 1.8349533 1.3915482 0.6609599 1.9648571 1.4179575 0.6275257 1.3629760 2.0029115 1.6393257 2.3740854 0.6319868 1.7050945 1.7050945 1.7875290 1.6492467 2.3422847 1.6420299 2.2634134 2.2930689 1.7772545 1.7772545 1.4900472 2.7883854 3.1543121 0.0000000 0.4261702 0.4342970 0.8022926 0.8925278 1.0471548 0.9753954 2.1753098 1.3218955 2.0014903 1.9461992 2.1148172 1.6992307 1.6425346 1.7098972 1.7894738 1.5278710 2.2811092 0.9292910 
Nemnom_g17970.t1                                   2.0922968 1.4491640 1.9614610 1.8646412 1.6651373 1.6111099 1.4430865 2.3054676 1.6442462 1.5675328 1.5166241 1.5719695 1.6162393 1.6704678 0.5039138 1.5464347 1.5275123 1.5071483 1.5195499 0.5018081 1.5725032 1.4936763 1.5479217 1.5677533 1.6745246 1.4860231 0.7501406 1.9197546 1.5044241 0.7264829 1.4078444 1.8148696 1.5640178 2.3505037 0.6887386 1.7039663 1.7039663 1.7553384 1.6535034 2.3486676 1.6063425 2.1445439 2.2455164 1.7736422 1.7736422 1.5017575 2.7181484 3.2144884 0.4261702 0.0000000 0.2113051 0.7769083 0.9212961 0.9723149 0.8890291 2.1316293 1.3124720 1.8964944 1.8412774 2.0335793 1.5641426 1.5747460 1.4727069 1.8755890 1.4429102 2.0824692 0.9475396 
Rhoesc_Res_007814-T1                               2.1499857 1.5193476 2.0481169 1.9550274 1.5198497 1.5270256 1.3897120 2.3325067 1.5740960 1.4436475 1.5004484 1.5747526 1.5342210 1.5594219 0.5358217 1.5585646 1.4917651 1.5043655 1.5560862 0.5305452 1.5402773 1.5361326 1.5687277 1.4886221 1.6080995 1.6131041 0.7831231 2.0416973 1.6024828 0.8060478 1.4493850 1.8107136 1.6669046 2.5652514 0.7356442 1.7679544 1.7679544 1.7696685 1.7174465 2.3442442 1.6593999 2.3677992 2.3012279 1.8797555 1.8797555 1.5704106 2.8604342 3.1847367 0.4342970 0.2113051 0.0000000 0.7487458 0.8652359 0.9995935 1.0367199 2.3678187 1.2649978 1.8104740 1.7590483 2.1606331 1.5882203 1.5748745 1.4962505 1.7954503 1.4764194 2.0535466 1.0243071 
Sanmal_Sma_015534-T1                               2.2044360 1.3122438 2.0229048 1.9919340 1.5865282 1.6064311 1.4197680 1.9977935 1.8417764 1.5568736 1.6391361 1.6959195 1.7412746 1.7641460 0.5115511 1.8911216 1.4602439 1.4747303 1.4938960 0.5147531 1.5745998 1.4395653 1.4752427 1.5330886 1.6238478 1.8043286 0.7918080 1.8635637 1.5436501 0.7120117 1.4598114 1.7280045 1.8071520 2.3652757 0.7276117 1.5670019 1.5670019 1.6377824 1.5128287 2.3685012 1.5786780 2.0082116 2.4378273 1.6931389 1.6931389 1.3305674 2.5090187 2.6813454 0.8022926 0.7769083 0.7487458 0.0000000 0.9453863 1.0171619 1.1142976 2.4398432 1.4212509 2.1118991 2.1713047 2.2160547 1.6531890 1.6750016 1.6195141 1.7027401 1.4312344 2.0649390 1.0788087 
Morvir_scaffold9.g101.t1                           2.0453361 1.4826925 1.8830137 1.8967285 1.6045547 1.5259628 1.3507388 1.9443947 1.7306624 1.4135344 1.5559952 1.6307461 1.5714385 1.5995581 0.5733708 1.5549730 1.4272134 1.5162722 1.7977811 0.5582106 1.6750020 1.5307978 1.6303405 1.6624789 1.7403589 1.4347630 0.7145262 1.9891168 1.5698508 0.7553319 1.6616352 1.7329400 1.7822473 2.2050164 0.6314552 1.5536296 1.5456499 1.5952872 1.5179852 2.2519896 1.6726070 1.8250607 1.9442956 1.8830563 1.8830563 1.4341290 2.5530390 2.5758228 0.8925278 0.9212961 0.8652359 0.9453863 0.0000000 0.9083259 0.9077717 2.1054825 1.2665382 2.0091594 1.9975631 2.1350991 1.5116008 1.5549226 1.7801088 1.9383907 1.5163638 2.0429997 0.9312237 
Hvul_g984_1                                        1.7051985 1.0727736 1.4181284 1.4170035 1.2517059 1.3468004 1.1662880 1.4051903 1.3876608 1.1908299 1.2701371 1.2680455 1.2602791 1.2689175 0.5873912 1.2710371 1.1882153 1.2361838 1.3886967 0.5787758 1.3034122 1.2088259 1.3019135 1.3294847 1.1862930 1.1954590 0.6652738 1.3468211 1.2702089 0.7621874 1.1791672 1.1934954 1.4759182 1.3903788 0.6863880 1.2754943 1.2754943 1.2761793 1.2309714 1.5471141 1.1316638 1.6557939 1.6686608 1.4191078 1.4191078 1.2780115 2.0513825 1.6857185 1.0471548 0.9723149 0.9995935 1.0171619 0.9083259 0.0000000 0.7482962 1.7162967 0.9923720 1.4150412 1.3917735 1.4976349 1.5014021 1.4031320 1.4725848 1.5780854 1.5382732 1.6803684 0.7906765 
Chem_TCONS_00053857                                1.7802300 1.3350286 1.6561144 1.6489552 1.5765400 1.5521550 1.4248172 1.8122266 1.5595330 1.3078478 1.4513513 1.4609093 1.3635348 1.3956983 0.6263154 1.3827524 1.2205245 1.3793906 1.4089062 0.5686736 1.3803766 1.3137172 1.3037083 1.3955943 1.4244921 1.4566350 0.6484386 1.6874485 1.2191415 0.6939491 1.1439526 1.4860456 1.6314595 1.4465948 0.6175409 1.1278904 1.1278904 1.1441769 1.0980297 1.4794105 1.1102771 1.2395865 1.4832241 1.2343530 1.2343530 1.1029154 1.9053251 1.8872504 0.9753954 0.8890291 1.0367199 1.1142976 0.9077717 0.7482962 0.0000000 1.7402067 1.1551429 1.5526706 1.4943907 1.7191072 1.4187650 1.4363450 1.5793266 1.6877256 1.5357834 1.8983910 0.8893078 
