48
Cgig_XM_034445022.1                                0.0000000 0.9652720 1.3331253 1.2688598 1.3041354 1.2965545 1.2027888 1.2871991 1.3955906 1.3122339 1.4669055 1.3750635 1.3834278 1.4858403 1.5475752 1.3943876 1.5902652 1.4725850 1.7211819 1.8077140 1.5591487 1.5495074 1.5949703 1.5990022 1.5519661 1.5177137 1.4617476 1.5855863 1.7589052 1.6572491 1.6546669 1.4943991 1.5035095 1.8734471 1.9849094 1.3802722 1.8865785 1.5901321 1.5066146 1.5564875 1.3714785 1.7927122 1.3193565 1.4846180 1.6231258 2.0437508 1.5192466 1.9961372 
Acagra_model.g13225.t1                             0.9652720 0.0000000 1.0581244 1.1072648 1.0962386 1.1235880 1.0343071 1.1726388 1.1267280 1.1339298 0.9785282 1.0833666 1.0300086 1.3981020 1.5218952 1.3098837 1.5347128 1.2525721 1.3191594 1.3835948 1.2248943 1.2006723 1.3496919 1.3733124 1.2630484 1.1665562 1.1747454 1.4291832 1.5646752 1.3719831 1.3707399 1.4215149 1.6909883 1.6028262 1.7701477 1.2984802 1.9893572 1.3036045 1.4855412 1.4967340 1.3724419 1.6668040 1.2302348 1.2761920 1.9411669 1.9839116 1.0946578 1.8501787 
Fspp_ffun1.m4.5741.m1                              1.3331253 1.0581244 0.0000000 0.0783427 0.1416539 0.1802380 0.5456204 0.5240107 0.7584507 0.7351031 0.7790567 0.7920013 0.6995362 0.9405355 1.0751144 0.8475586 1.1163036 0.9256084 1.0090972 1.0348324 1.1101911 1.0724127 1.2246987 1.2393334 1.1258988 1.1042550 0.9555165 1.0484454 1.3035207 1.2048390 1.1969978 1.1677922 1.3961191 1.5968943 1.4569008 0.8455452 1.5489462 1.0196069 1.1211754 1.1945656 1.1328902 1.3000696 1.0615797 1.3137706 1.6858300 1.8116691 1.1021796 1.6674403 
Gasp_gasp1.m3.31410.m1                             1.2688598 1.1072648 0.0783427 0.0000000 0.1327700 0.1922240 0.5459084 0.5187487 0.7482512 0.7242521 0.7261221 0.7643649 0.6845921 0.9633891 1.0668660 0.8025016 1.1325004 0.9353159 1.0114408 1.0783083 1.1012940 1.1006820 1.2299278 1.2445923 1.0919062 1.0687540 0.9160408 1.0895021 1.3187353 1.1996360 1.1917884 1.1525073 1.3375539 1.6736380 1.4932679 0.9105281 1.5726962 1.0318810 1.1108471 1.2052487 1.1461788 1.3351111 1.0088524 1.2935036 1.7086252 1.8582303 0.9994009 1.7147519 
Pocdam_XM_027185816.1                              1.3041354 1.0962386 0.1416539 0.1327700 0.0000000 0.2020180 0.5423656 0.5746568 0.8162991 0.7728339 0.7936128 0.8769012 0.7523468 0.9504358 1.0164484 0.8391464 1.1238869 1.0207593 1.1022081 1.1328618 1.1154825 1.0808769 1.2445099 1.2591753 1.1551654 1.1355114 1.0147793 1.1337790 1.4648227 1.2765372 1.2684251 1.2296246 1.4613672 1.6469331 1.6280867 1.0970854 1.7093397 1.0929678 1.1915926 1.2172418 1.0806341 1.4160985 1.0353799 1.3809143 1.7316921 1.8389940 1.0958557 1.6294109 
Gfas_gfas1.m1.19159.m1                             1.2965545 1.1235880 0.1802380 0.1922240 0.2020180 0.0000000 0.5582568 0.5825107 0.7693604 0.7938804 0.8085908 0.7725648 0.7624203 0.9877544 1.1146643 0.8921599 1.0617466 0.9168824 1.0761554 1.1023503 1.1738818 1.1249375 1.2723406 1.2874051 1.2016658 1.1849666 1.0378028 1.1704631 1.3503601 1.2034485 1.1955473 1.2594238 1.4116126 1.6426190 1.5481463 0.8997284 1.6843566 1.0650903 1.2471853 1.3069106 1.2356962 1.4275230 1.1136912 1.3281158 1.6619478 1.7787178 1.0746737 1.7083101 
Nvec_v1g234329                                     1.2027888 1.0343071 0.5456204 0.5459084 0.5423656 0.5582568 0.0000000 0.4185531 0.8141590 0.9074371 0.7729753 0.8293148 0.8739235 0.9039170 0.9728566 0.7919680 1.0309622 1.1398582 1.0658201 1.0580823 1.2103114 1.2055631 1.3072987 1.3163876 1.2090560 1.1892752 1.0789695 1.1182202 1.3504469 1.3652066 1.3463686 1.2706063 1.4389812 1.4020312 1.4524267 0.9370196 1.8296598 1.1349918 1.2794386 1.4102181 1.3569515 1.5628064 1.1734819 1.2369462 1.7361834 1.9347115 1.0722910 1.7245231 
Exapal_XM_021039841.2                              1.2871991 1.1726388 0.5240107 0.5187487 0.5746568 0.5825107 0.4185531 0.0000000 0.7912391 0.7952706 0.8017866 0.8109821 1.0009457 1.0402301 1.0972399 0.9957021 1.0096605 1.0715545 1.0177432 1.0686338 1.1561912 1.0903039 1.1655783 1.1738887 1.1363688 1.0288612 0.8965494 1.0679515 1.4136852 1.2978606 1.2933013 1.2138315 1.3795455 1.5068327 1.4082547 0.7101275 1.6154518 1.1087014 1.1831838 1.2513642 1.1572626 1.4944757 0.9930622 1.3420603 1.7542361 1.8840212 0.8973711 1.7133860 
Dgig_XM_028550148.1                                1.3955906 1.1267280 0.7584507 0.7482512 0.8162991 0.7693604 0.8141590 0.7912391 0.0000000 0.5085244 0.8533945 0.8624090 1.0067475 1.2608668 1.2265533 1.1130814 1.1141095 1.1407245 1.0910038 1.0703227 1.1511089 1.1069445 1.2665186 1.2442232 1.0973259 1.0717812 1.0009509 1.3338435 1.4419219 1.3451682 1.3362949 1.3428230 1.4430193 1.7940112 1.5326690 0.9944933 1.6670133 1.2098051 1.2403229 1.3966959 1.2969795 1.6669656 1.2588730 1.3360032 1.7421802 1.9871353 0.9316474 1.7399728 
Xesp_002431-T1                                     1.3122339 1.1339298 0.7351031 0.7242521 0.7728339 0.7938804 0.9074371 0.7952706 0.5085244 0.0000000 0.9254748 0.8918874 0.9456059 1.3637942 1.3479249 1.0908142 1.2959140 1.1306306 1.3853189 1.3183212 1.1668124 1.1670447 1.3085274 1.2872965 1.1973485 1.1525992 0.9974968 1.4077306 1.6060646 1.1999671 1.1957788 1.1696614 1.4451463 1.5923644 1.4754555 1.1059477 1.5573277 1.2290134 1.1992211 1.3461504 1.3682049 1.3864459 1.2151806 1.3096250 1.6667384 1.9599504 1.1685771 1.7810960 
Spur_XM_030980345.1                                1.4669055 0.9785282 0.7790567 0.7261221 0.7936128 0.8085908 0.7729753 0.8017866 0.8533945 0.9254748 0.0000000 0.6810324 0.7025491 1.1735085 1.0895432 0.8955285 1.1952864 0.9788777 1.1220857 1.2686412 1.2705510 1.2651172 1.3457496 1.3617216 1.2988800 1.2692801 1.1476724 1.1935707 1.4402122 1.4683669 1.4619267 1.5050637 1.6864557 1.8554872 1.7008517 1.1917225 1.9744532 1.0553017 1.2899909 1.2723902 1.4286783 1.5073822 1.2401956 1.2057930 2.0248717 2.0520599 0.6965671 1.5322533 
Skow_XM_006823665.1                                1.3750635 1.0833666 0.7920013 0.7643649 0.8769012 0.7725648 0.8293148 0.8109821 0.8624090 0.8918874 0.6810324 0.0000000 0.7588973 1.0820047 1.1344783 1.0015474 1.0907089 0.9683908 1.0667656 1.1231406 1.3387238 1.3513251 1.4525605 1.4626378 1.3477829 1.3310261 1.1646431 1.3107007 1.3729602 1.2626836 1.2577810 1.4240187 1.4645077 1.6228626 1.6319252 0.9938616 1.9669124 0.9791414 1.2912644 1.3980014 1.4674342 1.4291767 1.1331812 1.1907366 1.8714021 1.8321425 0.9565638 1.9098836 
Hsap_ENST00000507030                               1.3834278 1.0300086 0.6995362 0.6845921 0.7523468 0.7624203 0.8739235 1.0009457 1.0067475 0.9456059 0.7025491 0.7588973 0.0000000 1.2129375 1.3372474 1.0647845 1.3954298 1.0119813 1.1520399 1.2716948 1.2556162 1.3024380 1.3693628 1.3603060 1.2836279 1.2846991 1.1673651 1.2658965 1.3958299 1.4124633 1.4060485 1.5175344 1.4622026 1.8270758 1.7065551 1.2333384 1.8392763 0.9403887 1.2310477 1.2081059 1.3032181 1.3797063 1.2535816 1.3161882 1.8720542 1.9981839 1.0136566 1.4321179 
Sanmal_Sma_016743-T1                               1.4858403 1.3981020 0.9405355 0.9633891 0.9504358 0.9877544 0.9039170 1.0402301 1.2608668 1.3637942 1.1735085 1.0820047 1.2129375 0.0000000 0.3156297 0.2631003 0.8174253 1.2191561 1.2110481 1.2840965 1.2550447 1.2279878 1.3747751 1.3830279 1.3136891 1.2692823 1.1427334 0.9923933 1.1603614 1.4290521 1.4133705 1.4403317 1.7227932 1.6751428 1.7890421 1.1506186 2.0596342 1.4853368 1.6230383 1.5317088 1.4034146 1.8054478 1.3545436 1.5595193 1.8870767 2.0987439 1.7800426 1.7748150 
Nemnom_g827.t1                                     1.5475752 1.5218952 1.0751144 1.0668660 1.0164484 1.1146643 0.9728566 1.0972399 1.2265533 1.3479249 1.0895432 1.1344783 1.3372474 0.3156297 0.0000000 0.1044880 0.7620265 1.2719273 1.2478529 1.3366569 1.3447407 1.3270638 1.4501327 1.4590140 1.4093950 1.3674158 1.2314398 0.9634852 1.1791077 1.6163753 1.5991214 1.6561614 1.7656008 1.7551728 1.8337578 1.1826875 2.3130942 1.4380235 1.5697135 1.5649668 1.6512909 1.8631385 1.4239136 1.6808022 1.9012100 2.2075271 2.1224830 1.8760401 
Rhoesc_Res_012745-T1                               1.3943876 1.3098837 0.8475586 0.8025016 0.8391464 0.8921599 0.7919680 0.9957021 1.1130814 1.0908142 0.8955285 1.0015474 1.0647845 0.2631003 0.1044880 0.0000000 0.7776002 1.0098296 1.0319159 0.9568673 1.2675773 1.2031890 1.4255433 1.4392458 1.2856763 1.3062719 1.2919325 0.9860168 0.9352371 1.3314820 1.3081874 1.3875346 1.3191217 1.7540708 1.5019502 1.2224588 1.8183972 1.0114761 1.2927519 1.1424411 1.0968585 1.4445960 1.2644662 1.4245272 1.7488476 2.0440947 0.0000010 1.5563787 
Morvir_scaffold412.g17.t1                          1.5902652 1.5347128 1.1163036 1.1325004 1.1238869 1.0617466 1.0309622 1.0096605 1.1141095 1.2959140 1.1952864 1.0907089 1.3954298 0.8174253 0.7620265 0.7776002 0.0000000 1.2158829 1.3348375 1.3206646 1.3968839 1.2783422 1.4925552 1.4983659 1.3879219 1.3859159 1.2320096 1.0431531 1.0561473 1.7390262 1.7305879 1.8185697 1.8440036 1.8206057 1.9673271 1.1580243 2.1294191 1.4899502 1.7414198 1.7788393 1.8333455 1.8572021 1.4695637 1.8754611 2.0690249 2.1783715 1.3270110 1.7833394 
Plajan_Pjan_C556751_01                             1.4725850 1.2525721 0.9256084 0.9353159 1.0207593 0.9168824 1.1398582 1.0715545 1.1407245 1.1306306 0.9788777 0.9683908 1.0119813 1.2191561 1.2719273 1.0098296 1.2158829 0.0000000 0.8734256 0.9723555 1.3025445 1.3500258 1.4309001 1.4408199 1.2562737 1.2355655 1.1600189 1.3881409 1.4096510 1.4307924 1.4290198 1.6890341 1.6230746 1.7747258 1.7496597 1.1628279 1.9165822 1.2664389 1.4551806 1.5721083 1.4392163 1.8520433 1.3260264 1.1978630 1.8486519 1.9596806 1.2279818 1.7108812 
Opea_EP00118_Oscarella_pearsei_P000710             1.7211819 1.3191594 1.0090972 1.0114408 1.1022081 1.0761554 1.0658201 1.0177432 1.0910038 1.3853189 1.1220857 1.0667656 1.1520399 1.2110481 1.2478529 1.0319159 1.3348375 0.8734256 0.0000000 0.0767844 1.1034437 1.1608911 1.2526936 1.2358604 1.1402794 1.0669807 0.9937528 1.4322675 1.6194266 1.5731181 1.5706317 1.5726475 1.6169231 1.7820016 1.9125421 1.2812513 1.9855568 1.2540148 1.3658509 1.4454396 1.2777481 1.6789168 1.2151673 1.5388452 1.9620215 1.9611781 1.4650221 1.7385576 
Ocar_g8405                                         1.8077140 1.3835948 1.0348324 1.0783083 1.1328618 1.1023503 1.0580823 1.0686338 1.0703227 1.3183212 1.2686412 1.1231406 1.2716948 1.2840965 1.3366569 0.9568673 1.3206646 0.9723555 0.0767844 0.0000000 1.1935405 1.1985647 1.1750524 1.1699852 1.1972935 1.0861696 0.7974452 1.7087247 1.6499435 1.9741093 1.9737984 1.6944868 1.8164671 1.4952461 2.2457786 0.9641679 2.1681259 1.4953095 1.6581835 1.6286061 1.5334123 1.8637243 1.2171034 1.7667230 2.3254099 2.1383620 0.9571822 1.7312641 
HoiH23_PlH23_007098-RA                             1.5591487 1.2248943 1.1101911 1.1012940 1.1154825 1.1738818 1.2103114 1.1561912 1.1511089 1.1668124 1.2705510 1.3387238 1.2556162 1.2550447 1.3447407 1.2675773 1.3968839 1.3025445 1.1034437 1.1935405 0.0000000 0.0573205 0.1622826 0.1542364 0.1146904 0.1438583 0.1487394 1.3723347 1.6901721 1.5101086 1.5013073 1.6265181 1.7708445 1.8586430 1.8633530 1.1430737 1.9834078 1.5547549 1.5248216 1.4045881 1.2024915 1.6921949 1.3611999 1.5832339 1.9426213 1.7380923 1.6662614 2.0013254 
HoiH06_mRNA7150                                    1.5495074 1.2006723 1.0724127 1.1006820 1.0808769 1.1249375 1.2055631 1.0903039 1.1069445 1.1670447 1.2651172 1.3513251 1.3024380 1.2279878 1.3270638 1.2031890 1.2783422 1.3500258 1.1608911 1.1985647 0.0573205 0.0000000 0.0663568 0.0618345 0.1236218 0.1118024 0.1120358 1.4640767 1.5571156 1.6453396 1.6452152 1.7206034 1.8879352 1.5999364 2.0651616 1.1485173 1.9077745 1.4655772 1.4494800 1.3508157 1.2247269 1.6072009 1.2942548 1.5683568 1.9276712 1.5462304 1.6642113 1.9298995 
Hhon_g02962.t1                                     1.5949703 1.3496919 1.2246987 1.2299278 1.2445099 1.2723406 1.3072987 1.1655783 1.2665186 1.3085274 1.3457496 1.4525605 1.3693628 1.3747751 1.4501327 1.4255433 1.4925552 1.4309001 1.2526936 1.1750524 0.1622826 0.0663568 0.0000000 0.0102762 0.2006166 0.2076556 0.2153014 1.4955306 1.8186663 1.7130662 1.7075411 1.7516857 1.9139695 1.9629887 2.0419249 1.3122171 1.9317115 1.6408751 1.5957680 1.3745337 1.2794545 1.7701871 1.4409639 1.7740878 2.0740018 1.8797802 1.7275796 1.9620895 
HoiH04_mRNA14993                                   1.5990022 1.3733124 1.2393334 1.2445923 1.2591753 1.2874051 1.3163876 1.1738887 1.2442232 1.2872965 1.3617216 1.4626378 1.3603060 1.3830279 1.4590140 1.4392458 1.4983659 1.4408199 1.2358604 1.1699852 0.1542364 0.0618345 0.0102762 0.0000000 0.1919133 0.1988790 0.2053263 1.5064907 1.8277741 1.6843938 1.6789381 1.7198735 1.8917598 1.9314198 2.0850751 1.3537415 1.9372859 1.6592287 1.6136331 1.3775681 1.2739902 1.7927481 1.4521129 1.7940323 2.0412433 1.8810833 1.7275796 1.9529738 
HoiH11_mRNA1922                                    1.5519661 1.2630484 1.1258988 1.0919062 1.1551654 1.2016658 1.2090560 1.1363688 1.0973259 1.1973485 1.2988800 1.3477829 1.2836279 1.3136891 1.4093950 1.2856763 1.3879219 1.2562737 1.1402794 1.1972935 0.1146904 0.1236218 0.2006166 0.1919133 0.0000000 0.1328146 0.1464400 1.3170582 1.6589885 1.5869361 1.5859284 1.6227793 1.7790656 1.8317789 1.9221701 1.1620977 1.9704669 1.5091025 1.4964121 1.4386008 1.3000922 1.6963434 1.3073815 1.5508052 1.9067487 1.6749600 1.8886113 1.9875891 
TrH2_TrispH2_007733-RA                             1.5177137 1.1665562 1.1042550 1.0687540 1.1355114 1.1849666 1.1892752 1.0288612 1.0717812 1.1525992 1.2692801 1.3310261 1.2846991 1.2692823 1.3674158 1.3062719 1.3859159 1.2355655 1.0669807 1.0861696 0.1438583 0.1118024 0.2076556 0.1988790 0.1328146 0.0000000 0.0038564 1.3563568 1.6229441 1.4805777 1.4756826 1.5419469 1.7309699 1.8759654 1.8332869 1.1636618 1.8266159 1.3813100 1.4668353 1.3302416 1.2469687 1.6381584 1.2557682 1.5978403 1.9765955 1.6581730 1.6939741 1.9955847 
Tadh_TriadT25902                                   1.4617476 1.1747454 0.9555165 0.9160408 1.0147793 1.0378028 1.0789695 0.8965494 1.0009509 0.9974968 1.1476724 1.1646431 1.1673651 1.1427334 1.2314398 1.2919325 1.2320096 1.1600189 0.9937528 0.7974452 0.1487394 0.1120358 0.2153014 0.2053263 0.1464400 0.0038564 0.0000000 1.2521722 1.5016525 1.3457823 1.3406695 1.3764528 1.5800304 1.8370404 1.6882404 1.1636618 1.5887174 1.2992185 1.3210411 1.1713936 1.0905158 1.4221811 1.2477317 1.4737887 1.7667560 1.5000673 1.6939741 1.9003887 
Chem_TCONS_00027503                                1.5855863 1.4291832 1.0484454 1.0895021 1.1337790 1.1704631 1.1182202 1.0679515 1.3338435 1.4077306 1.1935707 1.3107007 1.2658965 0.9923933 0.9634852 0.9860168 1.0431531 1.3881409 1.4322675 1.7087247 1.3723347 1.4640767 1.4955306 1.5064907 1.3170582 1.3563568 1.2521722 0.0000000 0.9996409 1.6597885 1.6527591 1.5030948 1.7157713 1.8334959 1.6437720 1.1793477 1.8698658 1.5787423 1.4989887 1.4758337 1.5739512 1.7728254 1.3639138 1.8117557 1.9443633 2.1716325 1.3957411 1.6782739 
Hvul_g22826_1                                      1.7589052 1.5646752 1.3035207 1.3187353 1.4648227 1.3503601 1.3504469 1.4136852 1.4419219 1.6060646 1.4402122 1.3729602 1.3958299 1.1603614 1.1791077 0.9352371 1.0561473 1.4096510 1.6194266 1.6499435 1.6901721 1.5571156 1.8186663 1.8277741 1.6589885 1.6229441 1.5016525 0.9996409 0.0000000 1.7696757 1.7672143 1.6639797 1.8299096 1.9556128 2.0327948 1.6078635 1.8602797 1.6255666 1.5981376 1.6411948 1.6890256 2.0453553 1.7884586 1.6128651 2.5102427 2.1246772 2.3169830 1.8745263 
Pbac_sb2663665                                     1.6572491 1.3719831 1.2048390 1.1996360 1.2765372 1.2034485 1.3652066 1.2978606 1.3451682 1.1999671 1.4683669 1.2626836 1.4124633 1.4290521 1.6163753 1.3314820 1.7390262 1.4307924 1.5731181 1.9741093 1.5101086 1.6453396 1.7130662 1.6843938 1.5869361 1.4805777 1.3457823 1.6597885 1.7696757 0.0000000 0.0069384 0.4988005 0.6171733 0.6545511 0.7720181 0.5278091 0.8058940 1.4386830 1.4678787 1.6230397 1.5390646 1.8992404 1.6401672 1.8095374 2.0078153 2.2787063 1.7910416 2.0362992 
Horcal_Hcv1.av93.c8.g914.i1                        1.6546669 1.3707399 1.1969978 1.1917884 1.2684251 1.1955473 1.3463686 1.2933013 1.3362949 1.1957788 1.4619267 1.2577810 1.4060485 1.4133705 1.5991214 1.3081874 1.7305879 1.4290198 1.5706317 1.9737984 1.5013073 1.6452152 1.7075411 1.6789381 1.5859284 1.4756826 1.3406695 1.6527591 1.7672143 0.0069384 0.0000000 0.4909237 0.6182918 0.6392736 0.7580804 0.5318178 0.7961798 1.4304319 1.4612784 1.6229051 1.5346814 1.8959568 1.6320968 1.8021938 2.0058688 2.2699893 1.7910416 2.0429099 
Mlei_ML0370.g12.i1                                 1.4943991 1.4215149 1.1677922 1.1525073 1.2296246 1.2594238 1.2706063 1.2138315 1.3428230 1.1696614 1.5050637 1.4240187 1.5175344 1.4403317 1.6561614 1.3875346 1.8185697 1.6890341 1.5726475 1.6944868 1.6265181 1.7206034 1.7516857 1.7198735 1.6227793 1.5419469 1.3764528 1.5030948 1.6639797 0.4988005 0.4909237 0.0000000 0.4420731 0.2084713 0.7664703 0.5637656 0.6389956 1.5316647 1.6594837 1.6568611 1.7222080 2.0205131 1.6410214 1.7883799 1.8616567 2.3211003 1.5395204 1.8572768 
Lampan_Lpan_6455_01                                1.5035095 1.6909883 1.3961191 1.3375539 1.4613672 1.4116126 1.4389812 1.3795455 1.4430193 1.4451463 1.6864557 1.4645077 1.4622026 1.7227932 1.7656008 1.3191217 1.8440036 1.6230746 1.6169231 1.8164671 1.7708445 1.8879352 1.9139695 1.8917598 1.7790656 1.7309699 1.5800304 1.7157713 1.8299096 0.6171733 0.6182918 0.4420731 0.0000000 0.6225021 0.7212038 0.5876132 0.7206224 1.4271286 1.7241876 1.8062913 1.7525988 2.1051697 1.7456510 1.9234956 1.8059938 2.2830343 2.1965157 1.8147116 
Vmul_sbMO499982                                    1.8734471 1.6028262 1.5968943 1.6736380 1.6469331 1.6426190 1.4020312 1.5068327 1.7940112 1.5923644 1.8554872 1.6228626 1.8270758 1.6751428 1.7551728 1.7540708 1.8206057 1.7747258 1.7820016 1.4952461 1.8586430 1.5999364 1.9629887 1.9314198 1.8317789 1.8759654 1.8370404 1.8334959 1.9556128 0.6545511 0.6392736 0.2084713 0.6225021 0.0000000 0.8379688 0.7077096 0.6534455 1.4876026 1.7855157 1.3906431 1.5209763 1.7350087 1.8355906 1.8398685 2.1825149 2.1869679 0.0000010 2.1819353 
Vmul_Simscaffold12300_01                           1.9849094 1.7701477 1.4569008 1.4932679 1.6280867 1.5481463 1.4524267 1.4082547 1.5326690 1.4754555 1.7008517 1.6319252 1.7065551 1.7890421 1.8337578 1.5019502 1.9673271 1.7496597 1.9125421 2.2457786 1.8633530 2.0651616 2.0419249 2.0850751 1.9221701 1.8332869 1.6882404 1.6437720 2.0327948 0.7720181 0.7580804 0.7664703 0.7212038 0.8379688 0.0000000 0.1596608 0.3565844 1.7045706 1.9066678 2.1985355 2.1018866 2.1050183 1.6667310 1.9545515 2.1132054 2.2254753 2.5810121 2.1345005 
Coemet_Cmet_scaffold7349_01                        1.3802722 1.2984802 0.8455452 0.9105281 1.0970854 0.8997284 0.9370196 0.7101275 0.9944933 1.1059477 1.1917225 0.9938616 1.2333384 1.1506186 1.1826875 1.2224588 1.1580243 1.1628279 1.2812513 0.9641679 1.1430737 1.1485173 1.3122171 1.3537415 1.1620977 1.1636618 1.1636618 1.1793477 1.6078635 0.5278091 0.5318178 0.5637656 0.5876132 0.7077096 0.1596608 0.0000000 0.0129103 1.0562024 1.3724398 0.9512315 1.2428682 1.3191267 1.2013316 1.1583393 1.2535739 1.5045262 0.0000010 1.4674902 
Coeast_Cast_sb779923                               1.8865785 1.9893572 1.5489462 1.5726962 1.7093397 1.6843566 1.8296598 1.6154518 1.6670133 1.5573277 1.9744532 1.9669124 1.8392763 2.0596342 2.3130942 1.8183972 2.1294191 1.9165822 1.9855568 2.1681259 1.9834078 1.9077745 1.9317115 1.9372859 1.9704669 1.8266159 1.5887174 1.8698658 1.8602797 0.8058940 0.7961798 0.6389956 0.7206224 0.6534455 0.3565844 0.0129103 0.0000000 1.8646793 2.0062017 1.9973871 1.8570319 2.2826174 1.9316286 2.0982498 2.1000225 2.1378783 2.3936514 2.3570768 
Bralan_BLAG06001111_1                              1.5901321 1.3036045 1.0196069 1.0318810 1.0929678 1.0650903 1.1349918 1.1087014 1.2098051 1.2290134 1.0553017 0.9791414 0.9403887 1.4853368 1.4380235 1.0114761 1.4899502 1.2664389 1.2540148 1.4953095 1.5547549 1.4655772 1.6408751 1.6592287 1.5091025 1.3813100 1.2992185 1.5787423 1.6255666 1.4386830 1.4304319 1.5316647 1.4271286 1.4876026 1.7045706 1.0562024 1.8646793 0.0000000 1.2715848 1.5119791 1.6258970 1.3867857 1.3404025 1.6077848 2.1705580 1.9989401 4.7085067 1.8588622 
Aque_Aqu2.1.41232_001                              1.5066146 1.4855412 1.1211754 1.1108471 1.1915926 1.2471853 1.2794386 1.1831838 1.2403229 1.1992211 1.2899909 1.2912644 1.2310477 1.6230383 1.5697135 1.2927519 1.7414198 1.4551806 1.3658509 1.6581835 1.5248216 1.4494800 1.5957680 1.6136331 1.4964121 1.4668353 1.3210411 1.4989887 1.5981376 1.4678787 1.4612784 1.6594837 1.7241876 1.7855157 1.9066678 1.3724398 2.0062017 1.2715848 0.0000000 0.3016958 0.8104778 0.6295836 0.7349395 1.5516218 1.8839427 1.7227263 2.2236460 1.5265700 
Halamb_c55376_g1_i1mm.6516                         1.5564875 1.4967340 1.1945656 1.2052487 1.2172418 1.3069106 1.4102181 1.2513642 1.3966959 1.3461504 1.2723902 1.3980014 1.2081059 1.5317088 1.5649668 1.1424411 1.7788393 1.5721083 1.4454396 1.6286061 1.4045881 1.3508157 1.3745337 1.3775681 1.4386008 1.3302416 1.1713936 1.4758337 1.6411948 1.6230397 1.6229051 1.6568611 1.8062913 1.3906431 2.1985355 0.9512315 1.9973871 1.5119791 0.3016958 0.0000000 0.6967499 0.3555378 0.9515111 1.7659704 1.9082089 1.6676601 3.0259360 1.6419009 
Stycar_maker-SC_scaffold6361-snap-gene-0.21-mRNA-1 1.3714785 1.3724419 1.1328902 1.1461788 1.0806341 1.2356962 1.3569515 1.1572626 1.2969795 1.3682049 1.4286783 1.4674342 1.3032181 1.4034146 1.6512909 1.0968585 1.8333455 1.4392163 1.2777481 1.5334123 1.2024915 1.2247269 1.2794545 1.2739902 1.3000922 1.2469687 1.0905158 1.5739512 1.6890256 1.5390646 1.5346814 1.7222080 1.7525988 1.5209763 2.1018866 1.2428682 1.8570319 1.6258970 0.8104778 0.6967499 0.0000000 1.1058109 0.6979204 1.3927097 1.9215371 1.9008968 3.0851959 1.3238299 
Halamb_c52930_g1_i7mm.4874                         1.7927122 1.6668040 1.3000696 1.3351111 1.4160985 1.4275230 1.5628064 1.4944757 1.6669656 1.3864459 1.5073822 1.4291767 1.3797063 1.8054478 1.8631385 1.4445960 1.8572021 1.8520433 1.6789168 1.8637243 1.6921949 1.6072009 1.7701871 1.7927481 1.6963434 1.6381584 1.4221811 1.7728254 2.0453553 1.8992404 1.8959568 2.0205131 2.1051697 1.7350087 2.1050183 1.3191267 2.2826174 1.3867857 0.6295836 0.3555378 1.1058109 0.0000000 0.9128884 1.8522768 2.3373472 2.2422683 8.9999989 2.0108041 
Tetwil_g7274.t1                                    1.3193565 1.2302348 1.0615797 1.0088524 1.0353799 1.1136912 1.1734819 0.9930622 1.2588730 1.2151806 1.2401956 1.1331812 1.2535816 1.3545436 1.4239136 1.2644662 1.4695637 1.3260264 1.2151673 1.2171034 1.3611999 1.2942548 1.4409639 1.4521129 1.3073815 1.2557682 1.2477317 1.3639138 1.7884586 1.6401672 1.6320968 1.6410214 1.7456510 1.8355906 1.6667310 1.2013316 1.9316286 1.3404025 0.7349395 0.9515111 0.6979204 0.9128884 0.0000000 1.2324693 1.7853468 1.8150825 2.5454456 1.5368582 
Ctel_gnl_WGS_AMQN_CAPTEDRAFT_mRNA155695            1.4846180 1.2761920 1.3137706 1.2935036 1.3809143 1.3281158 1.2369462 1.3420603 1.3360032 1.3096250 1.2057930 1.1907366 1.3161882 1.5595193 1.6808022 1.4245272 1.8754611 1.1978630 1.5388452 1.7667230 1.5832339 1.5683568 1.7740878 1.7940323 1.5508052 1.5978403 1.4737887 1.8117557 1.6128651 1.8095374 1.8021938 1.7883799 1.9234956 1.8398685 1.9545515 1.1583393 2.0982498 1.6077848 1.5516218 1.7659704 1.3927097 1.8522768 1.2324693 0.0000000 1.8596515 1.8516384 1.6569859 1.9840649 
Cscu_XM_023371619.1                                1.6231258 1.9411669 1.6858300 1.7086252 1.7316921 1.6619478 1.7361834 1.7542361 1.7421802 1.6667384 2.0248717 1.8714021 1.8720542 1.8870767 1.9012100 1.7488476 2.0690249 1.8486519 1.9620215 2.3254099 1.9426213 1.9276712 2.0740018 2.0412433 1.9067487 1.9765955 1.7667560 1.9443633 2.5102427 2.0078153 2.0058688 1.8616567 1.8059938 2.1825149 2.1132054 1.2535739 2.1000225 2.1705580 1.8839427 1.9082089 1.9215371 2.3373472 1.7853468 1.8596515 0.0000000 1.8164903 4.1127955 2.3273221 
Tcas_TC006130_001                                  2.0437508 1.9839116 1.8116691 1.8582303 1.8389940 1.7787178 1.9347115 1.8840212 1.9871353 1.9599504 2.0520599 1.8321425 1.9981839 2.0987439 2.2075271 2.0440947 2.1783715 1.9596806 1.9611781 2.1383620 1.7380923 1.5462304 1.8797802 1.8810833 1.6749600 1.6581730 1.5000673 2.1716325 2.1246772 2.2787063 2.2699893 2.3211003 2.2830343 2.1869679 2.2254753 1.5045262 2.1378783 1.9989401 1.7227263 1.6676601 1.9008968 2.2422683 1.8150825 1.8516384 1.8164903 0.0000000 1.8021382 2.0033970 
Bralan_BLAG06001109_1                              1.5192466 1.0946578 1.1021796 0.9994009 1.0958557 1.0746737 1.0722910 0.8973711 0.9316474 1.1685771 0.6965671 0.9565638 1.0136566 1.7800426 2.1224830 0.0000010 1.3270110 1.2279818 1.4650221 0.9571822 1.6662614 1.6642113 1.7275796 1.7275796 1.8886113 1.6939741 1.6939741 1.3957411 2.3169830 1.7910416 1.7910416 1.5395204 2.1965157 0.0000010 2.5810121 0.0000010 2.3936514 4.7085067 2.2236460 3.0259360 3.0851959 8.9999989 2.5454456 1.6569859 4.1127955 1.8021382 0.0000000 3.7038980 
Emue_Em0022g739a.t1                                1.9961372 1.8501787 1.6674403 1.7147519 1.6294109 1.7083101 1.7245231 1.7133860 1.7399728 1.7810960 1.5322533 1.9098836 1.4321179 1.7748150 1.8760401 1.5563787 1.7833394 1.7108812 1.7385576 1.7312641 2.0013254 1.9298995 1.9620895 1.9529738 1.9875891 1.9955847 1.9003887 1.6782739 1.8745263 2.0362992 2.0429099 1.8572768 1.8147116 2.1819353 2.1345005 1.4674902 2.3570768 1.8588622 1.5265700 1.6419009 1.3238299 2.0108041 1.5368582 1.9840649 2.3273221 2.0033970 3.7038980 0.0000000 
