85
Fspp_ffun1.m4.1105.m1                              0.0000000 0.0215143 0.1316883 0.0868652 0.1927658 0.1434028 0.3880996 0.5523531 0.6430884 0.5487470 0.7275244 0.6389758 0.7975038 1.0401449 1.1007807 0.9366733 1.1224048 1.1465451 1.2235201 1.1327287 1.2879139 1.4708822 1.4256133 1.4166816 2.5430538 2.1639320 2.2453906 2.1073765 2.0270558 1.0510659 1.6467259 2.3271710 2.2223117 2.6208978 1.6463966 1.7241801 1.7078544 1.6709505 1.7014861 1.6231484 2.0469720 1.4931881 1.6323515 1.6218860 1.4857831 1.5892222 1.0866309 1.0945946 1.0517222 1.0353859 1.0961793 1.2343340 1.2589598 2.4269178 2.4436659 2.5936299 2.3987577 2.6023567 1.8391148 2.0886492 1.6199747 1.2889498 1.7634891 2.0993931 1.4997551 2.0974723 2.1147198 2.4841303 2.1152099 2.7287575 2.2288455 3.7511034 2.3475543 2.4613179 2.5626556 2.5075973 2.7523068 2.1882987 2.5044385 1.8644575 1.7049110 2.4247454 2.3057268 1.2008137 3.5608107 
Fspp_ffun1.m4.22175.m1                             0.0215143 0.0000000 0.1113259 0.0663704 0.1714040 0.1274000 0.3265698 0.4782796 0.5729189 0.4873540 0.6617252 0.5375355 0.7546796 0.9761377 1.0230534 0.8702132 1.0306654 1.1465451 1.1085379 1.0024458 1.1874895 1.3063710 1.2936421 1.2716158 2.5430538 2.0045457 2.0932592 1.8645421 1.8150433 0.9341878 1.6465579 2.1025970 2.0206507 2.6208978 1.4865133 1.5338906 1.5313394 1.5065544 1.5382180 1.5147753 0.8906399 1.3307562 1.4993068 1.4373723 1.3611767 1.4367494 1.0420210 1.1107029 0.9764239 0.9738347 1.0065493 1.1333530 1.1456759 2.1294496 2.1130024 2.2734855 2.1478945 2.3038320 1.8391148 1.8167494 1.0747442 1.2469047 1.2868755 1.8089360 1.1365286 1.8113273 1.8380260 2.4369334 1.8193553 2.7287575 2.0520001 3.4979558 2.3475543 2.4613179 2.5709317 2.0872930 2.3406624 1.9126406 2.0886846 1.8353722 1.6976802 2.3662672 2.2500669 0.9297950 3.5746685 
Spis_XP_022793965_1                                0.1316883 0.1113259 0.0000000 0.1119968 0.1677195 0.1517210 0.3176263 0.4126726 0.5983797 0.5020183 0.6205341 0.5280415 0.7715589 0.9772351 1.0108847 0.8763076 1.0159867 1.1222877 1.0648982 1.0169748 1.1904380 1.3233949 1.2674621 1.2298330 2.4709437 1.9783420 2.0586718 1.8693440 1.8875952 1.0982500 1.6878965 2.1358116 2.0071390 2.5735066 1.4614895 1.5005000 1.4907357 1.4592298 1.5035306 1.4323380 1.0314651 1.3510105 1.4469448 1.4513809 1.3866438 1.4492591 1.0261720 1.0782660 0.9688514 0.9699679 1.0135878 1.1058898 1.1597050 2.0965864 2.0740823 2.2174880 2.0700113 2.2426389 1.6997184 1.7870455 1.1915915 1.2156064 1.3397451 1.7443299 1.1290105 1.7788981 1.7950791 2.3618422 1.7761559 2.6151177 1.9934558 3.5431584 2.3179335 2.4322405 2.5800041 2.1109529 2.3576310 1.8746388 2.0638134 1.8595625 1.6382315 2.3060733 2.1941857 0.9737892 3.4636814 
Gasp_gasp1.m3.26235.m1                             0.0868652 0.0663704 0.1119968 0.0000000 0.1651875 0.1332276 0.2975906 0.4250561 0.5928309 0.4778598 0.6564107 0.5353447 0.7498569 0.9400280 0.9705392 0.8384195 0.9933829 1.1693725 1.0814772 1.0187712 1.2278231 1.3348616 1.3017233 1.2096097 2.2692884 1.9436709 2.0108455 1.8868209 1.8711297 1.0859144 1.5825548 2.0524845 2.0010876 2.6395820 1.4517395 1.5322067 1.4802591 1.4429003 1.4773616 1.4568902 0.9845511 1.3212217 1.4825735 1.4595240 1.4135631 1.4648382 1.2082428 1.0970928 0.9760353 0.9682587 1.0038668 1.1497561 1.1273195 2.0543342 2.0815473 2.1574629 1.9836801 2.1914404 1.7407824 1.8115915 1.2257243 1.2355341 1.3936224 1.7663084 1.1313963 1.7521109 1.8140161 2.3025431 1.7690288 2.5379487 2.0599277 3.5690157 2.3125972 2.3125972 2.5183833 2.0412198 2.2346307 1.9098236 2.1437052 1.9088958 1.7405073 2.3663511 2.2777694 1.0383924 3.4806080 
Adig_XM_015921026.1                                0.1927658 0.1714040 0.1677195 0.1651875 0.0000000 0.1364035 0.1172174 0.4782427 0.6352469 0.5314436 0.5192292 0.4282316 0.7920476 0.9865749 1.0278016 0.8630986 1.0093752 1.1552308 1.0664366 0.9906125 1.1893796 1.2882596 1.2492027 1.2287394 2.4008392 1.9796737 2.0045266 1.8053035 1.8155025 0.9546649 1.7491367 2.0771311 1.9687369 2.5529653 1.4226929 1.4737298 1.4723963 1.4295368 1.4812354 1.4588523 0.8645949 1.3185217 1.5178895 1.4558250 1.3893480 1.4559822 1.1071066 1.1630369 1.0296839 1.0044439 1.0552106 1.1558188 1.1588482 2.0640567 1.9966659 2.1620965 1.9850731 2.2107217 1.7300263 1.7917991 1.1489018 1.2040171 1.3395457 1.7478797 1.1151763 1.7863546 1.8144318 2.4597221 1.8009117 2.8715808 2.0031854 3.4953460 2.3814644 2.5172251 2.6499357 2.0850701 2.3071768 1.8814460 2.0536395 1.8625080 1.7305358 2.4094242 2.2949688 0.9604683 3.4342676 
Gfas_gfas1.m1.3220.m1                              0.1434028 0.1274000 0.1517210 0.1332276 0.1364035 0.0000000 0.2585119 0.4919540 0.5577551 0.4986121 0.5397877 0.4806232 0.7571479 0.9659007 1.0057509 0.8566587 0.9759547 1.1189043 1.0331396 0.9311871 1.1420314 1.1951022 1.2284947 1.1609058 2.5223944 2.0367963 2.0976557 1.8295094 1.8735918 1.0666276 1.7317265 2.0736987 1.9698711 2.5266433 1.4563521 1.4410123 1.4803716 1.4397415 1.5072304 1.4851112 1.0087443 1.3031234 1.4278520 1.4464614 1.4436955 1.4509796 0.9746594 1.0379735 0.9539680 0.9488849 0.9964597 1.1517655 1.1095567 2.0529494 2.0046385 2.1683038 1.9461688 2.1342928 1.8229341 1.7397988 1.1491697 1.2123422 1.3806787 1.7139930 1.1500509 1.6950251 1.7437954 2.2312998 1.7364738 2.6282396 1.9706555 3.4727642 2.3226648 2.4557188 2.2922348 1.9268725 2.1958823 1.8599224 2.0665917 1.8121184 1.6967741 2.4166350 2.2893720 1.0017807 3.4156450 
Amil_Amillepora00664-RA                            0.3880996 0.3265698 0.3176263 0.2975906 0.1172174 0.2585119 0.0000000 0.7297255 0.8796638 0.6590750 0.7014569 0.6137063 1.0196464 1.1567103 1.1351737 1.0262233 1.0604696 0.3535122 1.3352776 1.1943694 1.5109966 1.5622615 1.6577115 1.5729732 0.0000010 2.1661835 2.1918473 2.0581574 2.1511358 1.1921544 2.3722404 2.3641325 2.3401793 2.9691912 1.6057095 1.7252400 1.6700780 1.6176531 1.7242042 1.7202585 0.8862988 1.4701797 1.7045656 1.6622301 1.6388781 1.6143583 1.1794443 1.6228613 1.1620240 1.1642705 1.2631832 1.2974129 1.3811249 1.8725596 1.8478442 1.8478442 1.7765125 1.9641408 2.6838833 1.9157088 1.2728278 1.4088238 1.4669000 1.9340483 1.0735763 1.9013942 1.8450238 2.6793595 1.8655969 8.9999981 2.1271601 4.6425859 2.7551801 2.7551801 3.0331679 2.2498120 2.4473854 1.9658220 2.1833525 2.3575555 2.3527957 3.0955230 3.0955230 0.9489085 3.0350115 
Pocdam_XM_027198316.1                              0.5523531 0.4782796 0.4126726 0.4250561 0.4782427 0.4919540 0.7297255 0.0000000 0.8661844 0.7161453 0.7081880 0.7046177 0.9644005 1.0826032 1.0765665 1.0542239 0.9802324 4.8094120 1.0945066 0.9486798 1.3834206 1.3784416 1.3165246 1.2043618 9.0000000 1.8461384 1.9422962 1.8850059 1.7834125 0.9467863 1.6454658 1.8260859 1.8218352 9.0000000 1.3565550 1.3648243 1.4023375 1.3633293 1.4436288 1.3931871 1.2304927 1.2954984 1.4699918 1.5018365 1.5029617 1.6673501 3.9660513 1.2153270 1.1299054 1.1689568 1.2338769 1.3496125 1.3242483 1.8049954 1.7971790 1.8564285 1.8825073 1.7103534 1.8254319 1.6941842 1.0927895 1.2992413 1.3086705 1.7315277 1.2418473 1.6932219 1.6963274 5.4593323 1.6454155 8.9999990 1.9960945 5.0988222 8.9999987 9.0000000 2.1273202 1.7808852 1.7559642 1.8233218 2.0391084 1.7784505 2.3509629 2.6596182 2.5954267 1.2149497 4.5383915 
Exapal_XM_028663026.1                              0.6430884 0.5729189 0.5983797 0.5928309 0.6352469 0.5577551 0.8796638 0.8661844 0.0000000 0.4338346 1.0911902 0.8912269 0.7961353 1.0388273 1.0901241 0.9426104 1.1056785 1.1720046 1.1853751 1.1582517 1.2862233 1.4710444 1.3067559 1.3789974 2.4466582 2.2875085 2.2271828 2.3021863 2.1502964 1.0509996 1.4995725 2.3926267 2.3017314 2.7594535 1.6711632 1.6588715 1.6187398 1.5766734 1.6306073 1.6814166 0.9642925 1.3577451 1.5330745 1.6071855 1.4678488 1.5913932 1.1809767 1.3516620 1.0625070 1.0762289 1.0555980 1.2738828 1.1788285 2.2120333 2.1078629 2.2799825 2.3025932 2.2793019 1.7759577 1.8849452 1.2495317 1.5452365 1.5767803 2.0197450 1.2660273 1.8516899 1.9435153 2.3058313 1.9352695 2.2996047 2.2723167 3.3761536 2.4986778 2.5576151 2.5320438 2.1829943 2.3263486 1.9857441 2.0999732 1.9242570 1.6537709 2.0911597 1.9473316 1.3457698 3.4902393 
Nvec_v1g101013                                     0.5487470 0.4873540 0.5020183 0.4778598 0.5314436 0.4986121 0.6590750 0.7161453 0.4338346 0.0000000 1.0085908 0.7946830 0.7624236 0.9818923 1.0138583 0.8670795 1.0005536 1.1699650 1.1160455 1.0712998 1.2245851 1.4339086 1.3143574 1.2695344 2.2358550 1.9734235 1.9855639 1.8650121 1.8583018 1.1802042 1.7632695 2.1978890 2.1240436 2.5236816 1.4509189 1.5062932 1.4368423 1.4017650 1.4699828 1.3963974 0.9986564 1.3253819 1.4306058 1.3643230 1.3726399 1.4407395 1.1385325 1.0970303 0.9668885 0.9561661 0.9584143 1.1937731 1.0936725 2.0263666 1.9777662 2.1130497 2.0676169 2.2593899 1.7199349 1.7918291 1.1715379 1.3367260 1.3712232 1.7946540 1.2289166 1.8037144 1.8187800 2.3361781 1.8055103 2.7516841 2.0806364 3.4641294 2.2021633 2.2146801 2.5055218 2.1117876 2.1602736 1.9458350 2.1444262 1.8096510 1.5753124 2.2517467 2.1523068 1.1284816 3.3788942 
Adig_XM_015917606.1                                0.7275244 0.6617252 0.6205341 0.6564107 0.5192292 0.5397877 0.7014569 0.7081880 1.0911902 1.0085908 0.0000000 0.3357808 1.1335005 1.3207195 1.3276808 1.2545305 1.3139348 2.2817148 1.4137687 1.4084641 1.6320964 1.6612889 1.6448784 1.5559590 3.8781983 2.3508431 2.3882992 1.9338446 1.8791891 1.3037877 1.7604533 2.3285934 2.2695939 3.8915136 1.7655104 1.8506156 1.8817442 1.8432947 1.8692322 1.8947083 1.1723267 1.6585836 1.8465323 1.7589101 1.7526901 1.8065359 1.9783640 1.2630193 1.4279081 1.4022229 1.4912015 1.5950013 1.6423247 2.5803675 2.4128491 2.6494546 2.3992113 2.5394850 1.6719628 2.1097097 1.3012160 1.2723101 1.4285802 2.0594425 1.2414494 2.0513757 2.0924315 3.9522094 2.1791473 4.8028527 2.4111667 4.1704948 4.0795240 4.6303300 2.9743558 2.3085894 2.5554269 2.2645723 2.5663623 2.2792809 2.5220894 2.9197849 2.7907794 1.2110121 4.6007780 
Adig_XM_015896292.1                                0.6389758 0.5375355 0.5280415 0.5353447 0.4282316 0.4806232 0.6137063 0.7046177 0.8912269 0.7946830 0.3357808 0.0000000 1.0847900 1.2294396 1.2235008 1.1847960 1.2306006 3.5662469 1.2103097 1.1608647 1.4430296 1.5123436 1.5430000 1.2706087 5.5977863 2.1117922 2.1971386 2.0542415 2.0185360 1.4010837 2.0245043 2.1387211 2.1405874 5.0721085 1.4826194 1.6827830 1.5650505 1.5080478 1.5290339 1.5718119 1.2534621 1.3847296 1.6277512 1.4750044 1.5560265 1.7001457 4.4823992 1.2372813 1.2123334 1.2193650 1.2868396 1.4262100 1.4220452 1.9563464 1.8975875 1.9980915 1.8656249 1.9114842 1.9899187 1.9244869 1.3919448 1.3460034 1.5185813 1.8029918 1.2954099 1.8548805 1.8555413 3.6337210 1.8601430 3.8127032 2.0855427 5.2117607 4.0161201 4.0161201 2.4998381 2.0894755 2.0233021 1.9467164 2.2229329 1.9159351 2.5115005 2.8003135 2.8003135 1.2203950 3.5754334 
Dgig_XM_028538277.1                                0.7975038 0.7546796 0.7715589 0.7498569 0.7920476 0.7571479 1.0196464 0.9644005 0.7961353 0.7624236 1.1335005 1.0847900 0.0000000 0.3403196 0.3658471 0.2753551 0.4395372 0.5770381 1.0867061 1.0402231 1.2718511 1.3597812 1.3224019 1.3333272 2.9125331 2.0021746 2.0335123 1.8893079 1.7324958 1.0295616 1.5097901 2.0721028 2.0656773 2.5995461 1.5010510 1.5150468 1.5403117 1.5317236 1.5687364 1.5340100 0.8961138 1.3714171 1.4937641 1.4147713 1.4035884 1.5001906 1.2294265 1.1209172 1.0453317 1.0461500 1.0666800 1.2637952 1.1677861 2.2793064 2.1917783 2.3668960 2.0388603 2.2755194 1.6167923 1.8280851 1.1022062 1.2108118 1.3726079 1.9192939 1.0597470 1.8766704 1.9331259 2.7106823 1.9283937 2.8942834 2.1759196 3.7338194 2.6479984 2.6472906 2.9797666 2.2144223 2.2396662 1.9635105 2.1201761 1.9340445 1.8500964 2.3907217 2.3106949 1.1300405 3.5382706 
Xesp_012779-T1                                     1.0401449 0.9761377 0.9772351 0.9400280 0.9865749 0.9659007 1.1567103 1.0826032 1.0388273 0.9818923 1.3207195 1.2294396 0.3403196 0.0000000 0.0767196 0.0903501 0.2417209 0.3521674 1.1689546 1.1944740 1.3043475 1.4194116 1.3582649 1.3962879 3.2162310 2.1843601 2.1378316 2.0970643 1.8585124 1.0233089 1.7343376 2.1497118 2.1346620 3.1194688 1.6642035 1.6654105 1.6537727 1.6192351 1.6854036 1.6098358 1.0327210 1.4677892 1.5797069 1.4449303 1.5129511 1.5808003 1.3660688 1.2360689 1.2190320 1.2417090 1.2447867 1.4493250 1.2823978 2.4090437 2.2398874 2.4198237 2.1830980 2.3542972 1.6744652 1.9541906 1.2612018 1.2149056 1.3418741 1.9532040 1.0744186 1.9512367 2.0236129 2.9207760 1.9560846 3.4361331 2.2525288 4.0542557 2.8255583 2.8436290 2.9173059 2.2307397 2.4076626 2.0782805 2.3048675 2.0636209 1.8416374 2.5062605 2.3936555 1.1558486 3.7739428 
Xesp_012775-T1                                     1.1007807 1.0230534 1.0108847 0.9705392 1.0278016 1.0057509 1.1351737 1.0765665 1.0901241 1.0138583 1.3276808 1.2235008 0.3658471 0.0767196 0.0000000 0.1160399 0.2252577 0.3409968 1.2203649 1.2312516 1.3940832 1.4832732 1.4102238 1.4493598 3.5898727 2.2425422 2.2188232 2.1264146 1.8917286 1.0388969 1.7506766 2.2054633 2.1911639 3.1947603 1.6839626 1.6841131 1.6827835 1.6605057 1.7290739 1.6353357 0.9800578 1.5339314 1.6434808 1.5266208 1.5268826 1.6805535 1.4891066 1.3236000 1.2658944 1.2884538 1.2953183 1.5252994 1.3778661 2.4612800 2.2619034 2.5169419 2.2541028 2.3737920 1.6401392 1.9203875 1.2217252 1.1865350 1.3144090 1.9494851 1.0301409 1.8821697 1.9606868 2.9099846 1.9331646 3.5859201 2.2250444 4.0788808 3.0888807 2.9792101 2.9742445 2.2062031 2.4156091 2.1077098 2.3381124 2.0841182 1.9742081 2.5349675 2.4521283 1.1210870 4.0378402 
Xesp_012770-T1                                     0.9366733 0.8702132 0.8763076 0.8384195 0.8630986 0.8566587 1.0262233 1.0542239 0.9426104 0.8670795 1.2545305 1.1847960 0.2753551 0.0903501 0.1160399 0.0000000 0.2417983 0.3048796 1.1564707 1.1092861 1.2985622 1.3880693 1.3323441 1.3439890 2.8179999 2.1345745 2.0574034 2.0944685 1.8449014 1.0272644 1.7175158 2.1305207 2.0955187 2.6975874 1.6359813 1.6586919 1.6233797 1.6036427 1.6717456 1.5821583 0.9223478 1.4399473 1.5701135 1.4264452 1.4289571 1.5692237 1.2352925 1.1987831 1.1059051 1.1179329 1.1205246 1.3089390 1.1793979 2.4338660 2.2943473 2.4794130 2.1334399 2.3219167 1.6217000 1.8525311 1.1966646 1.2029845 1.3022002 1.8966054 1.0012083 1.8479303 1.9406580 2.7846174 1.8879795 3.3058607 2.1681235 3.8373418 2.7737759 2.7162238 3.0006880 2.2773438 2.4208709 1.9902484 2.1901121 1.9868196 1.7663505 2.4210141 2.3326966 1.1125544 3.7757296 
Xesp_012772-T1                                     1.1224048 1.0306654 1.0159867 0.9933829 1.0093752 0.9759547 1.0604696 0.9802324 1.1056785 1.0005536 1.3139348 1.2306006 0.4395372 0.2417209 0.2252577 0.2417983 0.0000000 0.7125266 1.1687300 1.1564604 1.3479435 1.3750836 1.2294510 1.2954557 3.6129528 1.9338770 1.8990826 1.6846377 1.5431190 0.8627835 1.7362530 1.9141176 1.8530143 3.1143424 1.6351331 1.6716462 1.6363462 1.6091326 1.6725031 1.6242819 0.8001047 1.4003204 1.5568662 1.4251484 1.4161253 1.4998115 1.7119037 1.3349096 1.2303623 1.2305047 1.2364142 1.4481751 1.3084462 2.4637043 2.1928197 2.4581532 2.0596122 2.2118937 1.5350411 1.7487039 0.6764214 1.1933038 1.1031983 1.8299912 1.0320988 1.7630955 1.8790092 3.0138504 1.8081268 4.1070469 2.0660037 3.6903009 3.4744770 3.3344683 2.7213131 1.9949938 2.3060452 1.8696336 2.0532990 1.8605342 1.7817718 2.5248701 2.4360887 1.0113145 4.2071674 
Xesp_012777-T1                                     1.1465451 1.1465451 1.1222877 1.1693725 1.1552308 1.1189043 0.3535122 4.8094120 1.1720046 1.1699650 2.2817148 3.5662469 0.5770381 0.3521674 0.3409968 0.3048796 0.7125266 0.0000000 1.4865386 1.4755501 1.5751708 9.0000000 1.5143732 1.6463092 2.9636722 2.7043459 2.8516101 5.3805512 2.6744396 5.3805512 5.3805512 2.6766771 2.6702970 2.7679779 2.5493398 2.2351677 2.3518210 2.3721200 2.4742835 2.3274383 0.0000010 1.6741856 1.7945575 1.8859057 1.6562265 1.5721737 1.3999229 9.0000000 1.4070370 1.3668739 1.3513847 1.5491098 1.5785478 4.0391807 3.5191711 4.2248422 3.1510411 3.3259247 9.0000000 3.0141397 7.8730603 8.9999983 8.9999983 2.8823174 7.8730603 2.5590151 2.9514330 3.2024199 3.3265859 3.3343693 3.1305676 3.2605454 3.0055687 3.0334780 6.1147921 3.4385842 4.0536982 2.7233962 2.4126506 2.2041146 1.4453350 2.8429736 2.4621525 3.1568894 4.5264358 
Bralan_BLAG11000167_2                              1.2235201 1.1085379 1.0648982 1.0814772 1.0664366 1.0331396 1.3352776 1.0945066 1.1853751 1.1160455 1.4137687 1.2103097 1.0867061 1.1689546 1.2203649 1.1564707 1.1687300 1.4865386 0.0000000 0.7753494 0.8887441 1.0586579 0.9218370 0.8416018 2.6596055 1.8087499 1.9280027 1.6487295 1.6263647 0.9811978 1.5403900 2.1052574 2.0208130 3.0852020 1.4572959 1.5195947 1.4490778 1.3934195 1.4616371 1.3789597 0.8177773 0.9975042 1.1019343 1.0861532 0.9425942 1.0830556 1.2760407 1.2989021 1.1955717 1.1975484 1.1932626 1.3695933 1.3839718 2.0846417 1.9547015 2.0728598 1.9518946 2.0984620 1.4927152 1.7717992 1.1923176 1.1374157 1.3338148 1.8255399 1.0361678 1.7739886 1.8379891 2.6572486 1.8537846 2.8367085 2.0792107 3.6471734 2.4956204 2.4297832 2.4357644 2.0597952 2.1106833 2.0652649 2.2746819 1.8929290 1.1349624 2.5003977 2.3823481 0.9639488 3.2763703 
Skow_XM_006819935.1                                1.1327287 1.0024458 1.0169748 1.0187712 0.9906125 0.9311871 1.1943694 0.9486798 1.1582517 1.0712998 1.4084641 1.1608647 1.0402231 1.1944740 1.2312516 1.1092861 1.1564604 1.4755501 0.7753494 0.0000000 0.8277693 0.9654989 0.8993808 0.8894818 2.2818620 1.6658189 1.7312080 1.5275644 1.4987900 0.9200618 1.1240675 1.8991460 1.7638941 2.3688561 1.3656506 1.4270724 1.4176154 1.4077556 1.4329853 1.3227930 1.0527181 0.9401003 1.1019900 1.1319501 1.0158139 1.0788122 1.3890228 1.1812400 1.1417854 1.1037330 1.1245118 1.1762866 1.1751392 1.8573669 1.7447321 1.9302651 1.8309946 1.9019612 1.3868944 1.8184110 1.2943464 1.1804152 1.2315791 1.8186023 0.9009208 1.8339809 1.8323666 2.7173972 1.8636107 2.5174894 2.0469728 3.4061783 2.3839183 2.3396567 2.4743382 1.8667204 2.0664617 2.0193984 2.2371262 2.0049946 1.1996984 2.0321539 1.9089587 0.9918521 3.0758060 
Spur_XM_030991658.1                                1.2879139 1.1874895 1.1904380 1.2278231 1.1893796 1.1420314 1.5109966 1.3834206 1.2862233 1.2245851 1.6320964 1.4430296 1.2718511 1.3043475 1.3940832 1.2985622 1.3479435 1.5751708 0.8887441 0.8277693 0.0000000 0.1728470 1.1224115 1.0952294 2.0177328 1.8987167 1.9436777 1.9067727 1.8944783 1.0982518 1.7637304 2.1619437 2.1968919 2.9192529 1.4589866 1.4815444 1.4896879 1.4353103 1.5344333 1.4752817 0.9327499 1.1618734 1.2215543 1.2194550 1.0826478 1.1866073 1.3935573 1.4440814 1.3029791 1.3025002 1.3566258 1.4869095 1.3826385 2.0368138 1.8976151 2.0160146 2.0502409 2.2386268 1.7179161 1.9877283 1.3710211 1.4103027 1.4955768 2.0444226 1.1803925 1.9178861 1.9695922 2.5477481 2.0085847 2.7396159 2.3677370 3.6735896 2.4899925 2.4410302 2.4283272 2.1382186 2.1464546 2.1606566 2.4067383 2.0316072 1.2392161 2.3699909 2.2352951 1.0949403 3.3086945 
Spur_XM_030991046.1                                1.4708822 1.3063710 1.3233949 1.3348616 1.2882596 1.1951022 1.5622615 1.3784416 1.4710444 1.4339086 1.6612889 1.5123436 1.3597812 1.4194116 1.4832732 1.3880693 1.3750836 9.0000000 1.0586579 0.9654989 0.1728470 0.0000000 1.2369338 1.1969242 5.8980871 2.0091323 1.9724486 1.9751528 1.9953292 1.1909346 1.8557017 2.1608198 2.1309556 3.6724863 1.5092009 1.5567274 1.5004248 1.4605493 1.5924868 1.5572063 0.9885972 1.2733228 1.2782823 1.2636077 1.2680527 1.3509111 3.7752395 1.4517356 1.4198576 1.4311368 1.4337193 1.5761554 1.5176077 1.9755868 1.9187524 1.9197040 2.0571712 2.0565294 1.8570589 1.9055511 1.3442533 1.3946094 1.4750661 1.9374059 1.2397030 1.8495882 1.8049658 2.7057390 1.8850145 5.0662656 2.3958257 4.4425444 2.4687151 2.4687151 2.6567351 2.2059151 2.1945406 2.1096039 2.4144559 2.2101174 1.7699013 3.0391887 3.0391887 1.0945940 3.6085893 
Hsap_ENST00000263969                               1.4256133 1.2936421 1.2674621 1.3017233 1.2492027 1.2284947 1.6577115 1.3165246 1.3067559 1.3143574 1.6448784 1.5430000 1.3224019 1.3582649 1.4102238 1.3323441 1.2294510 1.5143732 0.9218370 0.8993808 1.1224115 1.2369338 0.0000000 0.6692357 2.1754387 1.9938233 2.1193999 2.0751536 1.9060360 1.0308931 1.6128968 2.0652693 2.0011495 2.5558966 1.4374840 1.5032511 1.4234229 1.4006672 1.4809762 1.4818009 0.9919513 1.1417572 1.3341836 1.1890612 1.1999442 1.2695904 1.6409209 1.5734186 1.4015338 1.3824770 1.4040475 1.4491149 1.4816212 2.1159211 2.0139184 2.1901300 1.9959516 2.1806181 1.9217359 2.0023834 1.2092176 1.3816506 1.5988232 2.1295509 1.3182015 1.9533039 2.0489098 2.9485744 2.0642167 2.8950467 2.3236186 4.0189655 2.5884254 2.6308025 2.7069253 2.1460039 2.1972062 2.0149522 2.2345614 2.1426173 1.2893252 2.2688442 2.1753852 0.9464327 3.2391650 
Hsap_ENST00000675298                               1.4166816 1.2716158 1.2298330 1.2096097 1.2287394 1.1609058 1.5729732 1.2043618 1.3789974 1.2695344 1.5559590 1.2706087 1.3333272 1.3962879 1.4493598 1.3439890 1.2954557 1.6463092 0.8416018 0.8894818 1.0952294 1.1969242 0.6692357 0.0000000 2.5585165 2.0176022 2.1876894 1.9936757 1.8925762 1.0740694 1.6690943 2.1555866 2.0977661 2.6442970 1.6196076 1.5825151 1.5652556 1.5473185 1.6241986 1.6052394 0.8918151 1.1263027 1.3073998 1.2248431 1.2087488 1.3098110 1.9571467 1.4285786 1.4038890 1.3950593 1.4209050 1.3862224 1.4648520 2.1433910 1.9936901 2.2195367 2.0577553 2.1303198 1.7508230 2.0499189 1.3013490 1.2973742 1.4441850 2.1183709 1.1971108 2.0141831 2.0409830 3.1470414 2.1048454 3.2071523 2.3498754 4.1760315 2.7633655 2.7299227 2.6215901 2.1729352 2.3293642 2.1391265 2.3466963 2.0839813 1.3633839 2.3741959 2.2902032 0.9627467 3.2662660 
Leuniv_Lniv_scaffold12726_01                       2.5430538 2.5430538 2.4709437 2.2692884 2.4008392 2.5223944 0.0000010 9.0000000 2.4466582 2.2358550 3.8781983 5.5977863 2.9125331 3.2162310 3.5898727 2.8179999 3.6129528 2.9636722 2.6596055 2.2818620 2.0177328 5.8980871 2.1754387 2.5585165 0.0000000 0.2570789 0.2360425 0.0000010 8.9999980 0.0000010 0.0000010 1.1301430 1.2368922 1.1967172 2.3428278 2.0625437 2.4352856 2.4569326 2.4753323 2.5322597 9.0000000 2.9011826 3.0573693 2.6625790 2.6304503 2.5646137 2.6140246 0.0000010 2.6824048 2.7640075 2.6224437 3.0055188 2.8943504 3.7099884 2.6767351 3.6530111 3.1306874 4.2808039 0.0000010 3.1080379 0.0000010 0.0000010 0.0000010 3.2634427 0.0000010 3.5640903 3.4909944 3.1463906 3.1463906 3.1319304 3.4996578 3.4130417 3.5731460 3.6740581 7.0123814 7.0574460 3.7219872 3.5672348 3.0957421 2.9069870 2.5242790 0.9080493 0.6436675 5.0332926 4.6182604 
Lcom_lcpid24835                                    2.1639320 2.0045457 1.9783420 1.9436709 1.9796737 2.0367963 2.1661835 1.8461384 2.2875085 1.9734235 2.3508431 2.1117922 2.0021746 2.1843601 2.2425422 2.1345745 1.9338770 2.7043459 1.8087499 1.6658189 1.8987167 2.0091323 1.9938233 2.0176022 0.2570789 0.0000000 0.3399992 0.3569660 0.3266309 0.4666743 0.7972085 1.0164269 1.0377230 1.2678990 2.0939347 2.0516919 2.1735034 2.0625286 2.1557332 2.0301907 1.2001566 2.0286927 1.9463428 2.0162766 2.0001554 2.2486272 2.4451352 2.1673417 2.1651910 2.1759159 2.0451520 2.2925802 2.2151370 2.4262959 2.1483270 2.3258692 2.3938234 2.5751241 2.0380302 2.2722101 1.4278848 1.3207013 1.6557231 2.2565991 1.2867777 2.3595804 2.4159467 3.0987286 2.2070809 3.2772662 2.7012521 4.7798866 3.3088758 3.4952215 2.7733419 2.4225253 2.5806638 2.3254149 2.4399756 2.3624513 2.9801745 1.0224260 0.9602754 1.3028330 3.6730752 
Gracom_Gcom_C560804_01                             2.2453906 2.0932592 2.0586718 2.0108455 2.0045266 2.0976557 2.1918473 1.9422962 2.2271828 1.9855639 2.3882992 2.1971386 2.0335123 2.1378316 2.2188232 2.0574034 1.8990826 2.8516101 1.9280027 1.7312080 1.9436777 1.9724486 2.1193999 2.1876894 0.2360425 0.3399992 0.0000000 0.3210973 0.3051141 0.5623851 0.7954475 1.0734158 1.0370751 1.1752592 2.1878865 2.1499467 2.2804699 2.1505152 2.2454907 2.1187933 1.2435402 2.1465884 2.0738503 2.0454382 2.0866850 2.3128589 2.1829045 2.1903403 2.1686645 2.1532179 2.0407504 2.2821566 2.1449585 2.4435101 2.1495395 2.3340568 2.2882661 2.5820934 1.9217480 2.3584231 1.5353301 1.2352052 1.6224423 2.3377866 1.1691814 2.3098559 2.3703227 3.2454879 2.2905670 3.4782165 2.7911719 4.6790665 3.5991567 3.6305969 2.9140749 2.5428487 2.5843437 2.3803521 2.4607579 2.4663310 2.8980589 1.1375394 1.0688440 1.4211270 3.7848254 
Scil_scict018084.2                                 2.1073765 1.8645421 1.8693440 1.8868209 1.8053035 1.8295094 2.0581574 1.8850059 2.3021863 1.8650121 1.9338446 2.0542415 1.8893079 2.0970643 2.1264146 2.0944685 1.6846377 5.3805512 1.6487295 1.5275644 1.9067727 1.9751528 2.0751536 1.9936757 0.0000010 0.3569660 0.3210973 0.0000000 0.2937174 0.5639963 0.9420499 0.9668713 0.9938986 0.9760173 1.9460635 1.9943661 2.0545424 1.9281371 2.0541738 1.8505370 1.0555466 1.8966387 1.8664037 1.8905374 1.8832663 2.1446785 1.6034069 2.3260150 2.1174417 2.1077863 2.0218080 2.1901022 1.9279121 2.2232539 2.1044212 2.1044212 2.1758349 1.9883999 2.1306838 1.9139802 1.2932953 1.3235830 1.6608014 2.0229867 1.2374420 2.0753010 2.0083742 3.4525368 1.9084371 0.0000010 2.3926371 5.3445166 0.0000010 0.0000010 2.8852923 2.4479622 2.5243767 2.1619184 2.3640613 2.2421775 3.0951027 1.1738752 1.1738752 1.3792123 3.9981373 
Leuniv_Lniv_scaffold20702_01                       2.0270558 1.8150433 1.8875952 1.8711297 1.8155025 1.8735918 2.1511358 1.7834125 2.1502964 1.8583018 1.8791891 2.0185360 1.7324958 1.8585124 1.8917286 1.8449014 1.5431190 2.6744396 1.6263647 1.4987900 1.8944783 1.9953292 1.9060360 1.8925762 8.9999980 0.3266309 0.3051141 0.2937174 0.0000000 0.5741577 0.7238341 0.8894070 0.9080699 1.6012549 1.9820493 2.0679221 2.0808351 1.9880976 2.0730138 1.8710195 1.1361964 1.8431970 1.8200560 1.7924818 1.8436969 2.1737799 2.4877510 2.1407726 1.9668644 1.9803092 1.8534747 2.1528917 2.0058604 2.3706221 2.2796763 2.2719582 2.0652636 2.1885584 2.0174117 1.9486745 1.4033414 1.2593252 1.6136899 1.9896690 1.1918446 2.0674753 2.0990239 3.1451251 1.8402430 2.0120739 2.3560784 5.5414223 4.4047253 4.4047253 2.7264007 2.3937470 2.4331186 2.2135430 2.4236860 2.3551696 3.1853756 1.1533902 1.1533902 1.3633347 4.3620746 
Clacor_Ccor_scaffold14165_01                       1.0510659 0.9341878 1.0982500 1.0859144 0.9546649 1.0666276 1.1921544 0.9467863 1.0509996 1.1802042 1.3037877 1.4010837 1.0295616 1.0233089 1.0388969 1.0272644 0.8627835 5.3805512 0.9811978 0.9200618 1.0982518 1.1909346 1.0308931 1.0740694 0.0000010 0.4666743 0.5623851 0.5639963 0.5741577 0.0000000 0.4329438 0.6115178 0.5595704 0.0000010 1.1273022 1.2679081 1.1142993 1.0939276 1.1644025 1.1952083 1.1115484 1.1006911 1.0821817 1.1696133 1.1595961 1.3391678 1.7426564 0.8738466 1.1762353 1.1449414 1.1160534 1.1518462 1.1069717 1.1444920 1.0623866 1.0623866 1.1161730 1.0716776 1.6976837 1.3601447 1.2997238 1.3380919 1.4689994 1.4015068 1.0915732 1.3949768 1.4249485 6.8892296 1.4270596 0.0000010 1.9516593 3.9622515 0.0000010 0.0000010 1.0028408 1.2138463 1.1682744 1.1814175 1.3427258 1.4455168 9.0000000 1.9824314 1.9824314 1.2542344 9.0000000 
Leuniv_Lniv_C783859_01                             1.6467259 1.6465579 1.6878965 1.5825548 1.7491367 1.7317265 2.3722404 1.6454658 1.4995725 1.7632695 1.7604533 2.0245043 1.5097901 1.7343376 1.7506766 1.7175158 1.7362530 5.3805512 1.5403900 1.1240675 1.7637304 1.8557017 1.6128968 1.6690943 0.0000010 0.7972085 0.7954475 0.9420499 0.7238341 0.4329438 0.0000000 0.2100556 0.2651189 0.0000010 1.6113883 1.7414778 1.6624980 1.5300735 1.6753384 1.7873506 2.6563472 1.6488279 1.7874974 1.7254717 1.7029675 1.9393940 2.9302423 2.0311007 1.8988804 1.8627911 1.8078157 1.9844267 1.9992813 2.1568310 2.0577620 2.0577620 2.0528815 1.9390423 1.4696099 1.8301462 0.9066193 1.2479798 1.5618107 1.9818710 1.5042688 1.8987874 1.9176346 4.1881810 1.9514706 0.0000010 2.3463440 6.1158282 0.0000010 0.0000010 2.2876364 2.1975963 2.5443017 2.0036047 2.5992079 1.7919456 3.7729689 1.2515397 1.2515397 0.9572878 3.9865347 
Gracom_Gcom_C560192_01                             2.3271710 2.1025970 2.1358116 2.0524845 2.0771311 2.0736987 2.3641325 1.8260859 2.3926267 2.1978890 2.3285934 2.1387211 2.0721028 2.1497118 2.2054633 2.1305207 1.9141176 2.6766771 2.1052574 1.8991460 2.1619437 2.1608198 2.0652693 2.1555866 1.1301430 1.0164269 1.0734158 0.9668713 0.8894070 0.6115178 0.2100556 0.0000000 0.4054649 0.5222289 2.1958437 2.1296650 2.3139249 2.2290597 2.3847020 2.2298641 1.2607592 2.2586860 2.3348858 2.3382139 2.1348406 2.5135005 2.3912388 2.3663169 2.2504991 2.2573226 2.2417418 2.3186428 2.2943189 2.7816196 2.3970118 2.5914222 2.5236993 2.7194913 1.8450994 2.5613873 1.6243179 1.3803324 1.7614532 2.6295115 1.3423893 2.5136957 2.6475989 3.9479491 2.5092482 3.2622651 3.1397701 4.6820532 3.7810658 3.8525603 2.9980680 2.4955448 2.8486751 2.2769155 2.4084837 2.4595782 3.3349071 1.4440673 1.4009222 1.4499848 4.2458416 
Lcom_lcpid34019                                    2.2223117 2.0206507 2.0071390 2.0010876 1.9687369 1.9698711 2.3401793 1.8218352 2.3017314 2.1240436 2.2695939 2.1405874 2.0656773 2.1346620 2.1911639 2.0955187 1.8530143 2.6702970 2.0208130 1.7638941 2.1968919 2.1309556 2.0011495 2.0977661 1.2368922 1.0377230 1.0370751 0.9938986 0.9080699 0.5595704 0.2651189 0.4054649 0.0000000 0.4782540 2.1119155 2.0531030 2.2339467 2.1399543 2.2687611 2.1351447 1.2675881 2.2479351 2.2526480 2.2931129 2.1317249 2.3850288 2.6238432 2.1857225 2.3184617 2.2517731 2.2551339 2.2116493 2.2296974 2.6325691 2.3079456 2.5137197 2.5789633 2.5566969 1.7878416 2.5990498 1.4961066 1.2801417 1.6981035 2.6575492 1.3064359 2.5875429 2.6333598 4.1342435 2.5065549 3.3568394 3.0447115 5.1079896 3.6701069 3.7685882 2.8575187 2.5098791 2.8312579 2.1044487 2.2922815 2.2342517 3.0564284 1.4585935 1.4268203 1.4278082 4.5402200 
Leuniv_Lniv_scaffold25756_01                       2.6208978 2.6208978 2.5735066 2.6395820 2.5529653 2.5266433 2.9691912 9.0000000 2.7594535 2.5236816 3.8915136 5.0721085 2.5995461 3.1194688 3.1947603 2.6975874 3.1143424 2.7679779 3.0852020 2.3688561 2.9192529 3.6724863 2.5558966 2.6442970 1.1967172 1.2678990 1.1752592 0.9760173 1.6012549 0.0000010 0.0000010 0.5222289 0.4782540 0.0000000 2.8284859 2.5912717 3.0196699 2.9882575 2.9660325 2.9156413 9.0000000 2.9716520 2.9805092 3.4232370 2.8087206 3.0013113 2.5147806 3.2246355 3.1229970 3.0377513 2.8720774 2.5590481 2.6196839 3.8843318 3.4926433 3.8129979 4.5722768 5.5985000 0.0000010 3.8481365 0.0000010 0.0000010 0.0000010 3.6612876 0.0000010 3.8260072 3.7034992 3.7485911 3.7485911 3.4058952 3.5229217 3.8541990 3.5403242 3.5990077 4.6900466 4.9655331 4.1757437 2.7489684 2.6818105 2.8066630 2.9277009 1.3460236 1.2432540 2.2265539 5.3902404 
TrH2_TrispH2_005432-RA                             1.6463966 1.4865133 1.4614895 1.4517395 1.4226929 1.4563521 1.6057095 1.3565550 1.6711632 1.4509189 1.7655104 1.4826194 1.5010510 1.6642035 1.6839626 1.6359813 1.6351331 2.5493398 1.4572959 1.3656506 1.4589866 1.5092009 1.4374840 1.6196076 2.3428278 2.0939347 2.1878865 1.9460635 1.9820493 1.1273022 1.6113883 2.1958437 2.1119155 2.8284859 0.0000000 0.0311844 0.2521391 0.2425800 0.2730119 0.2754602 0.9855791 1.6024254 1.5719755 1.5783532 1.7460700 1.6791399 1.9995905 1.6718384 1.6235243 1.6033659 1.6343902 1.7477014 1.7852293 2.2857051 2.1005217 2.2980294 2.1739702 2.1861910 1.7530491 2.0632137 1.2122846 1.2366171 1.5450274 2.1442228 1.2324221 2.1732161 2.0986547 2.9549012 2.1291164 3.2201978 2.4368505 4.0609545 3.1071296 3.0840347 2.3786939 2.0698351 2.1638390 2.2849574 2.5783609 2.2284944 2.3488330 2.4903744 2.3378395 1.0664008 3.1195021 
Tadh_TriadT26969                                   1.7241801 1.5338906 1.5005000 1.5322067 1.4737298 1.4410123 1.7252400 1.3648243 1.6588715 1.5062932 1.8506156 1.6827830 1.5150468 1.6654105 1.6841131 1.6586919 1.6716462 2.2351677 1.5195947 1.4270724 1.4815444 1.5567274 1.5032511 1.5825151 2.0625437 2.0516919 2.1499467 1.9943661 2.0679221 1.2679081 1.7414778 2.1296650 2.0531030 2.5912717 0.0311844 0.0000000 0.2973680 0.2870046 0.3205957 0.3268760 0.9855791 1.6507099 1.5869780 1.6458567 1.7471484 1.6426098 1.8171170 1.7189279 1.6334580 1.6337857 1.6737911 1.6916505 1.7992352 2.3529790 2.1654005 2.3262321 2.2289675 2.2214451 1.7091083 2.0558682 1.3274932 1.3961064 1.6701010 2.1493844 1.3286755 2.1727001 2.1000707 2.7707487 2.1288495 2.7246181 2.4362123 3.9242757 2.7165718 2.7165718 2.3318024 2.0823024 2.1852770 2.2498380 2.6382731 2.2907834 2.3332696 2.4015833 2.2876016 1.1876600 3.0869861 
HoiH23_PlH23_010587-RA                             1.7078544 1.5313394 1.4907357 1.4802591 1.4723963 1.4803716 1.6700780 1.4023375 1.6187398 1.4368423 1.8817442 1.5650505 1.5403117 1.6537727 1.6827835 1.6233797 1.6363462 2.3518210 1.4490778 1.4176154 1.4896879 1.5004248 1.4234229 1.5652556 2.4352856 2.1735034 2.2804699 2.0545424 2.0808351 1.1142993 1.6624980 2.3139249 2.2339467 3.0196699 0.2521391 0.2973680 0.0000000 0.0557124 0.1498968 0.2050059 1.0656064 1.6669314 1.5905315 1.5598229 1.7610217 1.7136588 1.9741072 1.6380473 1.5734138 1.5684781 1.6061856 1.7453007 1.7401749 2.2884638 2.1610701 2.3321749 2.1177289 2.1853433 1.9523311 2.0873047 1.2416209 1.2732708 1.5184327 2.2389748 1.2661911 2.1824386 2.1172445 3.0356915 2.1833983 3.1383943 2.4628600 4.2285221 3.0798694 3.0603283 2.3741928 2.0996714 2.1515172 2.2267512 2.4342751 2.2039904 2.0734149 2.5859927 2.4313487 1.1762462 2.9261411 
HoiH06_mRNA13660                                   1.6709505 1.5065544 1.4592298 1.4429003 1.4295368 1.4397415 1.6176531 1.3633293 1.5766734 1.4017650 1.8432947 1.5080478 1.5317236 1.6192351 1.6605057 1.6036427 1.6091326 2.3721200 1.3934195 1.4077556 1.4353103 1.4605493 1.4006672 1.5473185 2.4569326 2.0625286 2.1505152 1.9281371 1.9880976 1.0939276 1.5300735 2.2290597 2.1399543 2.9882575 0.2425800 0.2870046 0.0557124 0.0000000 0.1474407 0.2039237 1.1093974 1.6210932 1.5308122 1.5341835 1.7141725 1.6579573 1.9669819 1.5923231 1.5595030 1.5405189 1.5789405 1.7411086 1.7333117 2.3009993 2.1930825 2.3594515 2.1160183 2.1601861 1.7199700 2.0763190 1.2382523 1.2483338 1.4638949 2.2152129 1.1769363 2.1530666 2.0760046 3.0807466 2.1600874 3.2216036 2.4458287 4.3012488 3.1471095 3.1280240 2.3168330 2.0560996 2.1297611 2.2662531 2.4781955 2.1783440 1.9491935 2.4911139 2.3374420 1.1513910 2.8385684 
HoiH04_mRNA11604                                   1.7014861 1.5382180 1.5035306 1.4773616 1.4812354 1.5072304 1.7242042 1.4436288 1.6306073 1.4699828 1.8692322 1.5290339 1.5687364 1.6854036 1.7290739 1.6717456 1.6725031 2.4742835 1.4616371 1.4329853 1.5344333 1.5924868 1.4809762 1.6241986 2.4753323 2.1557332 2.2454907 2.0541738 2.0730138 1.1644025 1.6753384 2.3847020 2.2687611 2.9660325 0.2730119 0.3205957 0.1498968 0.1474407 0.0000000 0.2374001 1.1564074 1.7347399 1.6450817 1.6256879 1.8223149 1.7393921 2.1671137 1.7774829 1.6551537 1.6444352 1.6641504 1.8394014 1.8003854 2.3183516 2.1476785 2.3124638 2.1741022 2.2485270 1.9035778 2.1051551 1.2738127 1.2647808 1.6071882 2.2669590 1.2721220 2.2057717 2.1529831 2.9746969 2.2061040 3.4960565 2.5116679 4.3181839 3.1454828 3.1099049 2.3866143 2.1436332 2.1935415 2.2490080 2.4161025 2.2004399 2.2205487 2.5456493 2.3923622 1.1840441 2.9718355 
HoiH11_mRNA434                                     1.6231484 1.5147753 1.4323380 1.4568902 1.4588523 1.4851112 1.7202585 1.3931871 1.6814166 1.3963974 1.8947083 1.5718119 1.5340100 1.6098358 1.6353357 1.5821583 1.6242819 2.3274383 1.3789597 1.3227930 1.4752817 1.5572063 1.4818009 1.6052394 2.5322597 2.0301907 2.1187933 1.8505370 1.8710195 1.1952083 1.7873506 2.2298641 2.1351447 2.9156413 0.2754602 0.3268760 0.2050059 0.2039237 0.2374001 0.0000000 1.3576260 1.5664804 1.5277414 1.5981983 1.7015900 1.6207446 2.0436407 1.6808414 1.5004810 1.5143173 1.5602453 1.7326981 1.7785606 2.3153337 2.2060506 2.3798859 2.1168021 2.2865350 2.0432194 2.0986601 1.1288879 1.2671160 1.5412618 2.2172586 1.3065039 2.1971171 2.1275380 2.9780469 2.2152434 3.1386733 2.5469130 3.8787339 3.1440511 3.0656840 2.3018176 2.0003266 2.1415076 2.2575335 2.5330768 2.1856414 2.0331572 2.6149375 2.4569952 1.1745797 3.0837583 
Lcom_lcpid238243                                   2.0469720 0.8906399 1.0314651 0.9845511 0.8645949 1.0087443 0.8862988 1.2304927 0.9642925 0.9986564 1.1723267 1.2534621 0.8961138 1.0327210 0.9800578 0.9223478 0.8001047 0.0000010 0.8177773 1.0527181 0.9327499 0.9885972 0.9919513 0.8918151 9.0000000 1.2001566 1.2435402 1.0555466 1.1361964 1.1115484 2.6563472 1.2607592 1.2675881 9.0000000 0.9855791 0.9855791 1.0656064 1.1093974 1.1564074 1.3576260 0.0000000 0.8043935 0.8403897 1.0437284 0.8123514 1.0691745 3.4306303 2.2599629 0.9924629 0.9920320 1.0521347 1.0807293 0.9624960 1.4377939 1.4461399 1.4461399 1.1959091 1.1789876 3.3099667 1.1142505 0.9923844 2.5084367 1.0340488 1.2106587 0.8669899 1.1945570 1.1929157 5.2238165 1.2105618 6.6932047 1.6071534 2.8878188 0.0000010 0.0000010 2.7030042 1.1659557 1.0624384 1.2757762 1.0308511 3.4730397 2.2296466 2.9942929 2.9942929 0.9258456 5.4199482 
Cscu_XM_023375566.1                                1.4931881 1.3307562 1.3510105 1.3212217 1.3185217 1.3031234 1.4701797 1.2954984 1.3577451 1.3253819 1.6585836 1.3847296 1.3714171 1.4677892 1.5339314 1.4399473 1.4003204 1.6741856 0.9975042 0.9401003 1.1618734 1.2733228 1.1417572 1.1263027 2.9011826 2.0286927 2.1465884 1.8966387 1.8431970 1.1006911 1.6488279 2.2586860 2.2479351 2.9716520 1.6024254 1.6507099 1.6669314 1.6210932 1.7347399 1.5664804 0.8043935 0.0000000 0.8139872 0.8445964 0.9733782 1.1227090 2.0931778 1.4557522 1.3463139 1.3778550 1.3642680 1.6004323 1.4806073 2.0809498 1.8612554 2.0546290 1.9807044 2.0662246 1.5495155 2.0027585 1.2436147 1.1363244 1.4305686 2.0866613 1.1413315 1.8907558 1.9048898 3.0866356 2.0818715 2.9740583 2.3436256 3.9739130 2.8734620 2.7953431 2.5093476 2.1094969 2.2760874 2.2450589 2.6230090 2.0898301 1.2116649 2.4299920 2.3036976 0.7880648 3.3645049 
Tcas_TC011638_001                                  1.6323515 1.4993068 1.4469448 1.4825735 1.5178895 1.4278520 1.7045656 1.4699918 1.5330745 1.4306058 1.8465323 1.6277512 1.4937641 1.5797069 1.6434808 1.5701135 1.5568662 1.7945575 1.1019343 1.1019900 1.2215543 1.2782823 1.3341836 1.3073998 3.0573693 1.9463428 2.0738503 1.8664037 1.8200560 1.0821817 1.7874974 2.3348858 2.2526480 2.9805092 1.5719755 1.5869780 1.5905315 1.5308122 1.6450817 1.5277414 0.8403897 0.8139872 0.0000000 0.7112899 1.1502388 1.1689011 2.1325663 1.4527187 1.4997981 1.5065052 1.5532936 1.5874074 1.4846955 2.2302444 2.0666814 2.1785488 2.0441804 2.1841070 1.4206933 2.0308493 1.3822916 1.1726506 1.4929606 2.0882521 1.1040350 1.9872663 2.0644076 2.8334691 1.9799119 2.9709951 2.4053751 4.5207844 2.6509050 2.5380418 2.4889102 2.1298668 2.1982260 1.9926551 2.2216658 2.1991751 1.2766745 2.4343383 2.3708397 0.9729024 3.0065333 
Dpul_mRNA11864                                     1.6218860 1.4373723 1.4513809 1.4595240 1.4558250 1.4464614 1.6622301 1.5018365 1.6071855 1.3643230 1.7589101 1.4750044 1.4147713 1.4449303 1.5266208 1.4264452 1.4251484 1.8859057 1.0861532 1.1319501 1.2194550 1.2636077 1.1890612 1.2248431 2.6625790 2.0162766 2.0454382 1.8905374 1.7924818 1.1696133 1.7254717 2.3382139 2.2931129 3.4232370 1.5783532 1.6458567 1.5598229 1.5341835 1.6256879 1.5981983 1.0437284 0.8445964 0.7112899 0.0000000 1.0128772 1.1689639 1.7918282 1.5017339 1.4613769 1.4460966 1.4869087 1.5917936 1.4301922 2.3205974 2.0969690 2.2700780 2.1600621 2.3536260 1.7389030 2.0290582 1.1132444 1.2333556 1.5205100 2.0819840 1.1291955 1.9921314 1.8542434 3.1819898 2.1238178 2.7756124 2.4010836 4.3234974 2.9217958 2.9624475 2.8891206 2.3569392 2.3830947 2.2931634 2.5712690 2.0853758 1.2441490 2.7207838 2.5950226 0.9449105 3.3246562 
