50
Lcom_lcpid132125                                         0.0000000 0.9700864 1.0136919 1.1572640 1.7097206 2.5230719 2.1227777 1.9578721 1.8424559 1.9345181 2.9032246 3.0372216 2.2914344 1.9591756 1.9569644 2.3881099 2.1628739 2.1394867 2.4131962 1.7124375 2.2904925 2.0010308 2.2796945 2.0795951 1.8482820 1.7572387 1.8722901 1.8180729 2.0284310 1.7106166 1.6968883 1.9312070 2.0676706 2.1813990 2.1960222 2.4121261 2.2545726 2.2496044 2.2208524 2.2744763 2.0181561 2.1490388 2.1439082 1.6718115 1.5363317 2.1553453 2.4961169 2.0736797 3.1673665 3.1585266 
Leuniv_Lniv_C776696_01                                   0.9700864 0.0000000 0.8829278 1.1002689 1.2821791 2.7647969 2.1090453 1.9816364 1.7544533 2.0311748 2.2148310 2.4400492 2.0648420 2.0107742 1.9855045 2.5760501 2.5161586 2.3032913 2.6407264 1.4855719 2.4209492 2.7603739 2.3047406 2.1883764 2.1110390 2.1283376 2.1917346 2.2680859 2.6290246 2.1081136 2.2076019 2.4069036 2.2300856 2.2786242 2.3646808 2.7888277 2.1874889 2.3100594 2.2687057 2.1034667 2.3020685 2.0009948 2.5125078 1.9316107 1.8725860 2.2739233 2.1459758 2.7510607 2.4290597 4.6324943 
Scil_scict022994.2                                       1.0136919 0.8829278 0.0000000 1.0806335 1.8740571 2.8721223 2.5166590 2.3855920 1.7061072 2.6977691 3.0383039 3.0914385 2.4071944 2.0951519 2.2546956 2.5150232 2.7067954 2.6436584 2.9043105 2.0929225 2.2707606 2.5013776 2.3664026 2.0153074 2.5050190 2.3877494 2.3081267 2.1865244 2.5004921 2.4785608 2.4321230 2.3596539 2.5431899 2.2362700 2.4257819 2.3940444 2.1849853 2.2494603 2.2518673 2.5908377 1.8057107 2.1252936 2.5067581 2.0761694 1.9902915 1.8388742 3.1068667 2.7823820 3.8464134 3.7906948 
Gracom_Gcom_scaffold14700_01                             1.1572640 1.1002689 1.0806335 0.0000000 1.8049343 2.6164541 2.3556243 2.3809399 1.7118389 2.8948471 3.1017213 3.2876887 2.5043002 2.2426359 2.3616642 2.1210673 2.1494639 2.4534074 2.3997406 2.1663589 2.3008391 2.1382359 1.9833182 1.6301922 2.0774341 2.0421603 2.0362171 1.8881495 2.1150110 2.0799737 2.1609037 2.1780178 2.0606054 2.1224299 2.4011278 2.5376552 2.3126630 2.4421648 2.4973233 2.6324181 1.8787970 2.1055319 2.1781843 1.8290271 1.9660022 1.5905320 2.7402242 2.4940506 4.1973334 4.6183017 
Clacor_Ccor_scaffold14457_01                             1.7097206 1.2821791 1.8740571 1.8049343 0.0000000 2.2214970 1.8032186 1.8535926 1.7082096 2.0279205 2.8263225 2.9850140 1.9753779 1.6898379 1.7509085 2.2734425 2.0582756 2.4645133 2.2878621 1.9924646 2.2377854 2.2699630 2.0285319 1.7437229 2.0453592 2.2079946 2.3847245 2.0189212 2.4829003 2.3049308 2.3125878 2.4100809 2.2742476 2.2754617 2.3598856 2.3161886 2.2898556 2.4598124 2.3772084 2.3101568 1.9458871 1.9887940 2.2501802 2.2692507 2.1296060 1.5230316 2.8748489 2.5037628 3.0444432 3.7783563 
Emue_Em0015g263a.t1                                      2.5230719 2.7647969 2.8721223 2.6164541 2.2214970 0.0000000 0.1848701 0.1834960 0.7291326 0.0381738 1.5805351 1.1963874 0.7635898 1.2169564 1.3017570 1.7439750 1.6515985 1.8905736 1.9372568 1.5635673 2.2619991 2.4023027 2.3895803 1.8864777 2.1221261 2.4701963 2.6723416 2.3497712 2.5238094 2.0982712 2.5602904 2.7106313 2.3574847 2.3990737 2.7119209 2.5308763 2.5742382 2.7230608 2.7080748 5.6748360 2.3863584 2.8178313 2.4100993 2.2557497 1.8155661 1.7165062 2.7978031 3.1524251 3.8874982 3.3543049 
Emue_Em0201g15a.t1                                       2.1227777 2.1090453 2.5166590 2.3556243 1.8032186 0.1848701 0.0000000 0.2993121 0.7091943 0.3613678 2.1887563 1.9659604 1.2938661 1.2185364 1.2998901 1.6588585 1.5465613 1.6613012 2.0150104 1.7461858 2.0882566 2.1019512 2.0462980 1.5491122 1.9820054 2.2621881 2.6201783 2.0100164 2.2958392 2.5311020 2.4059446 2.3034540 1.9718239 2.2514426 2.3045389 2.0118171 2.2203333 2.1767766 2.2978856 2.5200166 1.6013504 2.1148273 2.4656359 2.4432841 2.0749204 1.7548517 2.6250794 3.0723773 4.0715179 3.8882547 
Emue_Em0015g269a.t1                                      1.9578721 1.9816364 2.3855920 2.3809399 1.8535926 0.1834960 0.2993121 0.0000000 0.2350565 0.0289288 0.9415228 1.2421824 0.7913872 0.9857659 1.0827720 1.5492531 1.4735423 1.6809813 1.7045976 1.4802088 2.0911002 2.1980732 2.1756162 1.5138514 2.0140027 2.2146158 2.5181221 1.9595230 2.4030879 2.3009363 2.3980885 2.5707812 2.2136754 1.9994331 2.6065540 2.5594071 2.4221252 2.5516917 2.4938897 3.5170227 1.8949751 2.5334486 2.3407418 2.1200652 1.9678896 1.6403477 2.6055133 2.6502330 3.2553251 4.1946084 
Spolac_c79523_g1_i1_m.2391c79523-g1                      1.8424559 1.7544533 1.7061072 1.7118389 1.7082096 0.7291326 0.7091943 0.2350565 0.0000000 0.2730183 0.5552891 0.8002128 0.5887878 0.8450018 0.8855385 1.3309171 1.1201992 1.1830353 1.4917477 1.0513584 1.9741110 1.9392898 1.9440166 1.7109320 1.8209035 1.9889538 1.9540253 1.8675700 2.1669542 1.5638810 2.2444319 2.1142166 2.1350779 1.8187046 2.3385518 2.7888126 2.2446800 2.3796337 2.4532888 3.4532039 2.1834630 2.3725708 1.7380037 1.5714428 1.5779499 1.8836889 2.1257288 2.2670218 2.0212061 2.1106927 
Emue_Em0201g9a.t1                                        1.9345181 2.0311748 2.6977691 2.8948471 2.0279205 0.0381738 0.3613678 0.0289288 0.2730183 0.0000000 1.1710877 1.1357084 0.7679911 1.1616366 1.1881697 1.4443156 1.5297517 1.7798572 1.7375289 1.5808361 2.2650017 2.4640358 2.1196220 1.4885496 2.2906696 2.4803182 2.7392060 2.0315476 2.6197378 2.7333402 2.7485492 2.9420727 2.3100638 2.0970098 2.9653590 2.4210503 2.5497901 2.7905493 2.9019956 2.7517995 1.5608307 2.4391553 2.5447383 2.3900189 2.3436916 1.4537898 2.7025011 2.8789585 3.6374506 5.4585375 
Emue_Em0015g271a.t1                                      2.9032246 2.2148310 3.0383039 3.1017213 2.8263225 1.5805351 2.1887563 0.9415228 0.5552891 1.1710877 0.0000000 0.0086016 1.2845996 1.9125310 1.9610601 2.3404370 2.2074221 2.4468098 2.4542987 2.3969099 3.2419444 3.4825742 2.9166504 2.4763433 2.9050814 3.3093080 3.4232751 2.9041278 3.2451269 3.3345228 3.6358773 3.4768096 3.2094449 2.7809404 3.2197694 3.5147387 3.2105234 3.3107093 3.1941146 3.7533480 2.8566041 3.1353173 3.0384815 3.1353736 3.7119866 2.4746487 3.6404672 3.7937868 3.5224799 6.4709011 
Emue_Em0015g279a.t1                                      3.0372216 2.4400492 3.0914385 3.2876887 2.9850140 1.1963874 1.9659604 1.2421824 0.8002128 1.1357084 0.0086016 0.0000000 1.2885252 2.1625459 2.1408121 2.3923041 2.4362769 2.6187224 2.6854998 2.4757752 3.1113506 3.3748314 2.6372700 2.2099300 2.7895143 3.3314213 3.2715461 2.6818889 2.8799337 3.3022262 3.5267901 3.3781124 3.0214661 2.6237260 3.0382988 2.8646486 2.9525556 3.0349039 3.1313820 2.9662944 2.5311173 2.9943801 2.8379773 3.3928448 3.7079725 2.2087312 3.4302803 3.7250251 3.9786996 6.4985993 
Emue_Em0015g270a.t1                                      2.2914344 2.0648420 2.4071944 2.5043002 1.9753779 0.7635898 1.2938661 0.7913872 0.5887878 0.7679911 1.2845996 1.2885252 0.0000000 1.4138581 1.2589955 1.6772361 1.7683016 1.7201006 2.0809182 1.7900301 2.2452461 2.3288237 2.0302183 1.3826498 2.0720354 2.0876237 2.4920231 1.8869165 2.2343350 2.1640996 2.3648200 2.5179690 2.0346757 2.0988935 2.4485687 2.3592883 2.3844736 2.4153885 2.6961247 2.7053886 1.9210644 2.0002984 2.2882117 2.3065363 2.3229678 1.7862238 3.1047012 2.8234815 3.3132758 5.3575802 
Tetwil_g11262.t2                                         1.9591756 2.0107742 2.0951519 2.2426359 1.6898379 1.2169564 1.2185364 0.9857659 0.8450018 1.1616366 1.9125310 2.1625459 1.4138581 0.0000000 0.6076616 1.2116243 1.1794640 1.1584519 1.3028328 1.3142257 1.8257100 1.7456378 1.7251541 1.4755004 1.6185578 1.8689461 2.0768754 1.6095160 1.9986048 1.6429780 1.8095593 1.9309522 1.7271156 1.6164718 2.2757338 2.3529774 1.9557336 1.9112125 2.3961474 2.4830548 1.9893138 2.0482065 1.9076811 1.8027829 1.8572280 1.7423962 2.6701918 2.7405790 2.8631570 4.6455739 
Stycar_maker-SC_scaffold6878-augustus-gene-0.54-mRNA-1   1.9569644 1.9855045 2.2546956 2.3616642 1.7509085 1.3017570 1.2998901 1.0827720 0.8855385 1.1881697 1.9610601 2.1408121 1.2589955 0.6076616 0.0000000 1.1816310 1.1515308 1.2502972 1.3497764 1.2211010 1.8731731 1.9314796 1.8579084 1.4850443 1.6562708 1.6811498 1.9326483 1.5195935 1.8959096 1.9869803 1.9268537 2.0482799 1.8434217 1.7289548 2.6620100 2.8278049 2.3464059 2.2634477 2.7264187 2.4469163 1.7736841 2.1161367 2.0295129 2.0300633 1.9200647 1.8583424 2.5790878 2.7299037 3.2545642 4.1326460 
Aque_Aqu2.1.39796_001                                    2.3881099 2.5760501 2.5150232 2.1210673 2.2734425 1.7439750 1.6588585 1.5492531 1.3309171 1.4443156 2.3404370 2.3923041 1.6772361 1.2116243 1.1816310 0.0000000 0.4799994 0.6164677 0.7279955 1.6801810 2.0167583 2.1967654 1.9328863 1.8977496 1.9536951 2.1163974 2.1697837 1.5339838 2.0278700 1.8316239 2.0573527 1.8854832 2.0580851 2.0850412 2.9873952 2.9964450 2.8236579 2.8034322 2.8973359 3.7487597 2.1932954 2.3045575 2.3460564 1.9906438 1.9641635 2.0008499 2.4775727 2.3968466 3.3220693 3.4709428 
Halamb_c45243_g2_i1m.18658                               2.1628739 2.5161586 2.7067954 2.1494639 2.0582756 1.6515985 1.5465613 1.4735423 1.1201992 1.5297517 2.2074221 2.4362769 1.7683016 1.1794640 1.1515308 0.4799994 0.0000000 0.5590625 0.5106671 1.6650721 2.2117302 1.8287146 1.9625402 1.7052445 2.0045141 2.0324522 2.0762294 1.4543470 1.9984684 1.7247121 2.0723525 1.9099157 1.8933257 2.0188889 2.6473064 2.7807978 2.4588967 2.4178460 2.7309602 3.1709563 1.9598867 2.2550962 2.3068379 2.0105278 2.1460987 1.9286125 2.5593437 2.5758531 3.6145433 3.0931113 
Xestes_maker-XT_scaffold188433-augustus-gene-0.18-mRNA-1 2.1394867 2.3032913 2.6436584 2.4534074 2.4645133 1.8905736 1.6613012 1.6809813 1.1830353 1.7798572 2.4468098 2.6187224 1.7201006 1.1584519 1.2502972 0.6164677 0.5590625 0.0000000 0.8006397 1.7211882 1.9595281 2.0340732 1.8691199 1.5560446 1.9908466 2.3190527 2.2697931 1.6755675 1.9354075 1.8739069 2.1778069 2.1991116 2.1113272 2.1968143 3.1614902 2.9885317 3.0095089 2.9182146 3.2320763 2.7964936 2.0954785 2.3622967 2.2267172 2.0286632 1.9106043 1.8733481 3.0398542 2.6997513 3.8349470 3.3652683 
Halamb_c50993_g3_i1m.29535                               2.4131962 2.6407264 2.9043105 2.3997406 2.2878621 1.9372568 2.0150104 1.7045976 1.4917477 1.7375289 2.4542987 2.6854998 2.0809182 1.3028328 1.3497764 0.7279955 0.5106671 0.8006397 0.0000000 1.9972648 2.4903080 2.3054734 2.1549966 2.0491486 2.4756201 2.5211001 2.2881421 1.8979909 2.3170671 1.9702029 2.4077024 2.1300358 2.4009252 2.2598481 3.2550874 3.4705857 3.0705802 2.9408716 3.4030398 3.6493046 2.3124109 2.4818900 2.7083812 2.4847443 2.4429701 2.3578469 3.0504851 2.7332798 3.4894428 2.8537615 
Plespi_Pspi_C602986_01                                   1.7124375 1.4855719 2.0929225 2.1663589 1.9924646 1.5635673 1.7461858 1.4802088 1.0513584 1.5808361 2.3969099 2.4757752 1.7900301 1.3142257 1.2211010 1.6801810 1.6650721 1.7211882 1.9972648 0.0000000 1.8619076 2.0758123 1.9618458 1.5581725 1.8580906 1.7437381 1.8340064 1.6279423 1.8791659 1.9646156 1.9762364 2.1108633 1.9859597 1.9117480 2.6906982 2.7082382 2.5120305 2.3217913 2.5005163 2.3164360 1.9250369 2.0142079 2.2688447 1.9835427 1.9378486 1.8521534 2.6681065 2.9676719 3.1085066 3.4061273 
Cgig_XM_011445491.3                                      2.2904925 2.4209492 2.2707606 2.3008391 2.2377854 2.2619991 2.0882566 2.0911002 1.9741110 2.2650017 3.2419444 3.1113506 2.2452461 1.8257100 1.8731731 2.0167583 2.2117302 1.9595281 2.4903080 1.8619076 0.0000000 1.0575847 1.3760018 1.1199260 1.0452155 1.1313713 1.1189113 0.8419307 0.7268831 1.2096024 1.0323860 1.1608568 1.1871628 1.2139194 2.2291946 2.4825816 2.0219666 2.0213700 2.0227963 2.4624515 1.4568164 1.6854691 1.4129234 1.8324156 1.7465751 1.7417441 2.6528128 2.4837080 3.4903983 3.5792470 
Spur_XM_011681034.2                                      2.0010308 2.7603739 2.5013776 2.1382359 2.2699630 2.4023027 2.1019512 2.1980732 1.9392898 2.4640358 3.4825742 3.3748314 2.3288237 1.7456378 1.9314796 2.1967654 1.8287146 2.0340732 2.3054734 2.0758123 1.0575847 0.0000000 1.1136024 0.7938969 0.9529036 0.9283919 0.8902025 0.6340617 0.9347851 0.7209339 0.8339604 0.8875500 0.9622572 0.9493517 1.9450954 2.2384915 2.0960991 2.0000929 2.0132407 2.1077419 1.3443525 1.8675640 1.3655706 1.8187946 1.7333213 1.3615607 2.9597898 2.4464108 4.0189560 4.5740003 
Ctel_gnl_WGS_AMQN_CAPTEDRAFT_mRNA188754                  2.2796945 2.3047406 2.3664026 1.9833182 2.0285319 2.3895803 2.0462980 2.1756162 1.9440166 2.1196220 2.9166504 2.6372700 2.0302183 1.7251541 1.8579084 1.9328863 1.9625402 1.8691199 2.1549966 1.9618458 1.3760018 1.1136024 0.0000000 0.4469356 1.0593606 1.2763260 1.1493445 1.0355521 1.2130333 1.0430792 1.2806960 1.2557042 1.1681925 1.3367916 2.0833611 2.3813898 1.9058836 1.8509421 2.0181808 2.4539451 1.5926328 1.8799968 1.2475085 1.6151155 1.7824063 1.5247366 2.8201185 2.5925877 3.2914645 3.3290365 
Ctel_gnl_WGS_AMQN_CAPTEDRAFT_mRNA101041                  2.0795951 2.1883764 2.0153074 1.6301922 1.7437229 1.8864777 1.5491122 1.5138514 1.7109320 1.4885496 2.4763433 2.2099300 1.3826498 1.4755004 1.4850443 1.8977496 1.7052445 1.5560446 2.0491486 1.5581725 1.1199260 0.7938969 0.4469356 0.0000000 0.7732395 0.8559752 0.8191792 0.8017636 0.8810830 0.7129639 0.9005168 0.8817157 0.8754526 0.9510295 1.6195233 1.7988243 1.5424401 1.5559020 1.5802934 2.5048298 1.4667685 1.6812484 0.9518968 1.3505794 1.2918574 1.3900605 2.4502964 2.0566519 3.0483614 2.1096191 
Hsap_ENST00000304842                                     1.8482820 2.1110390 2.5050190 2.0774341 2.0453592 2.1221261 1.9820054 2.0140027 1.8209035 2.2906696 2.9050814 2.7895143 2.0720354 1.6185578 1.6562708 1.9536951 2.0045141 1.9908466 2.4756201 1.8580906 1.0452155 0.9529036 1.0593606 0.7732395 0.0000000 0.6538003 0.9962171 0.7696597 0.8949257 0.9926590 0.8571496 1.0433682 0.9587579 0.8256428 1.9977709 2.1557971 1.8943367 1.9521092 1.8879643 1.9405162 1.2876658 1.5244958 1.3061475 1.6285174 1.6851312 1.1404050 2.5646719 2.5027182 3.4992566 4.2698263 
Hsap_ENST00000338754                                     1.7572387 2.1283376 2.3877494 2.0421603 2.2079946 2.4701963 2.2621881 2.2146158 1.9889538 2.4803182 3.3093080 3.3314213 2.0876237 1.8689461 1.6811498 2.1163974 2.0324522 2.3190527 2.5211001 1.7437381 1.1313713 0.9283919 1.2763260 0.8559752 0.6538003 0.0000000 0.9538406 0.6825039 0.9804220 1.0361340 0.8368364 0.9804754 0.8676898 0.8784865 1.8548151 1.9344198 1.8385250 1.8366323 1.9596539 1.6383402 1.2753407 1.6048317 1.3732871 1.5875171 1.6300841 1.3261534 3.2087443 2.5452262 4.2348014 4.2722260 
Acagra_model.g14368.t1.1.5d3b87a4                        1.8722901 2.1917346 2.3081267 2.0362171 2.3847245 2.6723416 2.6201783 2.5181221 1.9540253 2.7392060 3.4232751 3.2715461 2.4920231 2.0768754 1.9326483 2.1697837 2.0762294 2.2697931 2.2881421 1.8340064 1.1189113 0.8902025 1.1493445 0.8191792 0.9962171 0.9538406 0.0000000 0.5598191 0.5960092 0.9182144 0.8599371 0.8187855 0.9306685 1.0405749 1.9184435 2.1012729 1.9820597 1.8852345 1.9921639 2.5461967 1.4174352 1.6777338 1.4765776 1.8532913 1.8098484 1.3959796 2.8942467 2.2693122 3.7733185 4.0101291 
Ctel_gnl_WGS_AMQN_CAPTEDRAFT_mRNA172938                  1.8180729 2.2680859 2.1865244 1.8881495 2.0189212 2.3497712 2.0100164 1.9595230 1.8675700 2.0315476 2.9041278 2.6818889 1.8869165 1.6095160 1.5195935 1.5339838 1.4543470 1.6755675 1.8979909 1.6279423 0.8419307 0.6340617 1.0355521 0.8017636 0.7696597 0.6825039 0.5598191 0.0000000 0.5783800 0.5642833 0.6545062 0.6610681 0.6708469 0.6760703 1.6011060 1.8494284 1.6595201 1.5444635 1.7120651 2.2394487 1.3915897 1.5537801 1.0409856 1.4683022 1.3569717 1.3547885 2.6252351 1.8604193 3.6335566 2.8895787 
Cgig_XM_011439574.3                                      2.0284310 2.6290246 2.5004921 2.1150110 2.4829003 2.5238094 2.2958392 2.4030879 2.1669542 2.6197378 3.2451269 2.8799337 2.2343350 1.9986048 1.8959096 2.0278700 1.9984684 1.9354075 2.3170671 1.8791659 0.7268831 0.9347851 1.2130333 0.8810830 0.8949257 0.9804220 0.5960092 0.5783800 0.0000000 0.8491631 0.8220528 0.8333382 1.0416176 0.9537775 1.7579702 1.9886120 1.7739756 1.7242461 1.9103512 2.4112499 1.5336636 1.7217059 1.4819997 1.7007141 1.7447938 1.4128425 2.5764755 2.3047949 3.3945326 3.3781357 
Skow_XM_002733773.2                                      1.7106166 2.1081136 2.4785608 2.0799737 2.3049308 2.0982712 2.5311020 2.3009363 1.5638810 2.7333402 3.3345228 3.3022262 2.1640996 1.6429780 1.9869803 1.8316239 1.7247121 1.8739069 1.9702029 1.9646156 1.2096024 0.7209339 1.0430792 0.7129639 0.9926590 1.0361340 0.9182144 0.5642833 0.8491631 0.0000000 0.9472211 1.0020111 1.0918743 0.9996936 2.0602777 2.0984954 2.3022061 2.1397263 2.0576941 1.5921323 1.3300946 1.6997732 1.4686755 1.6169210 1.7595365 1.1035336 2.9253514 2.0462239 3.8006725 5.0470988 
Bralan_BLAG01002714_1                                    1.6968883 2.2076019 2.4321230 2.1609037 2.3125878 2.5602904 2.4059446 2.3980885 2.2444319 2.7485492 3.6358773 3.5267901 2.3648200 1.8095593 1.9268537 2.0573527 2.0723525 2.1778069 2.4077024 1.9762364 1.0323860 0.8339604 1.2806960 0.9005168 0.8571496 0.8368364 0.8599371 0.6545062 0.8220528 0.9472211 0.0000000 0.7927417 0.8329532 0.8669227 1.8831159 2.0818960 1.8623030 1.8424641 2.1929286 1.8892107 1.3412617 1.8515380 1.3075498 1.9363264 1.6934465 1.3574848 3.0663894 2.6335104 4.0703401 5.0016048 
Cscu_XM_023359209.1                                      1.9312070 2.4069036 2.3596539 2.1780178 2.4100809 2.7106313 2.3034540 2.5707812 2.1142166 2.9420727 3.4768096 3.3781124 2.5179690 1.9309522 2.0482799 1.8854832 1.9099157 2.1991116 2.1300358 2.1108633 1.1608568 0.8875500 1.2557042 0.8817157 1.0433682 0.9804754 0.8187855 0.6610681 0.8333382 1.0020111 0.7927417 0.0000000 0.8240861 0.7025496 1.8416692 1.9665800 1.8121573 1.7944994 1.8043210 1.8521959 1.1991580 1.7042734 1.3585365 1.8336361 2.0368269 1.3811875 2.8767613 2.2684324 4.1720054 5.3512597 
Dpul_mRNA1137                                            2.0676706 2.2300856 2.5431899 2.0606054 2.2742476 2.3574847 1.9718239 2.2136754 2.1350779 2.3100638 3.2094449 3.0214661 2.0346757 1.7271156 1.8434217 2.0580851 1.8933257 2.1113272 2.4009252 1.9859597 1.1871628 0.9622572 1.1681925 0.8754526 0.9587579 0.8676898 0.9306685 0.6708469 1.0416176 1.0918743 0.8329532 0.8240861 0.0000000 0.8087801 1.7494763 2.0040714 1.8883515 1.8323174 1.9259827 2.0722541 1.1550817 1.6699876 1.3993819 1.6948416 1.7684621 1.3060402 3.0936770 2.4660075 3.8494867 5.0926159 
Tcas_TC012060_001                                        2.1813990 2.2786242 2.2362700 2.1224299 2.2754617 2.3990737 2.2514426 1.9994331 1.8187046 2.0970098 2.7809404 2.6237260 2.0988935 1.6164718 1.7289548 2.0850412 2.0188889 2.1968143 2.2598481 1.9117480 1.2139194 0.9493517 1.3367916 0.9510295 0.8256428 0.8784865 1.0405749 0.6760703 0.9537775 0.9996936 0.8669227 0.7025496 0.8087801 0.0000000 1.6163594 1.8321123 1.6605913 1.5941700 1.8283246 1.8827854 1.0935966 1.7054923 1.1548833 1.7860100 1.9009473 1.4605006 2.9458896 2.4438334 3.9534155 4.7091750 
Fspp_ffun1.m4.21269.m1                                   2.1960222 2.3646808 2.4257819 2.4011278 2.3598856 2.7119209 2.3045389 2.6065540 2.3385518 2.9653590 3.2197694 3.0382988 2.4485687 2.2757338 2.6620100 2.9873952 2.6473064 3.1614902 3.2550874 2.6906982 2.2291946 1.9450954 2.0833611 1.6195233 1.9977709 1.8548151 1.9184435 1.6011060 1.7579702 2.0602777 1.8831159 1.8416692 1.7494763 1.6163594 0.0000000 0.3047975 0.3659858 0.3515689 0.5653671 0.5443704 1.0968293 1.3530568 2.1358897 2.0249145 2.0478324 1.4936954 3.2215111 2.9574830 4.0032011 4.4804329 
Gasp_gasp1.m3.6102.m1                                    2.4121261 2.7888277 2.3940444 2.5376552 2.3161886 2.5308763 2.0118171 2.5594071 2.7888126 2.4210503 3.5147387 2.8646486 2.3592883 2.3529774 2.8278049 2.9964450 2.7807978 2.9885317 3.4705857 2.7082382 2.4825816 2.2384915 2.3813898 1.7988243 2.1557971 1.9344198 2.1012729 1.8494284 1.9886120 2.0984954 2.0818960 1.9665800 2.0040714 1.8321123 0.3047975 0.0000000 0.4472828 0.4634285 0.6340003 0.8121849 1.1821557 1.4982267 2.1793659 2.0182408 1.9482886 1.5373803 3.3697652 3.2781744 4.3061802 4.2958735 
Spis_XP_022787895_1                                      2.2545726 2.1874889 2.1849853 2.3126630 2.2898556 2.5742382 2.2203333 2.4221252 2.2446800 2.5497901 3.2105234 2.9525556 2.3844736 1.9557336 2.3464059 2.8236579 2.4588967 3.0095089 3.0705802 2.5120305 2.0219666 2.0960991 1.9058836 1.5424401 1.8943367 1.8385250 1.9820597 1.6595201 1.7739756 2.3022061 1.8623030 1.8121573 1.8883515 1.6605913 0.3659858 0.4472828 0.0000000 0.1255875 0.6126873 0.6338022 1.0998017 1.3528479 2.1406964 2.0383538 1.9111574 1.4306467 2.9305732 2.9528311 4.0597035 4.3248065 
Pocdam_XM_027200725.1                                    2.2496044 2.3100594 2.2494603 2.4421648 2.4598124 2.7230608 2.1767766 2.5516917 2.3796337 2.7905493 3.3107093 3.0349039 2.4153885 1.9112125 2.2634477 2.8034322 2.4178460 2.9182146 2.9408716 2.3217913 2.0213700 2.0000929 1.8509421 1.5559020 1.9521092 1.8366323 1.8852345 1.5444635 1.7242461 2.1397263 1.8424641 1.7944994 1.8323174 1.5941700 0.3515689 0.4634285 0.1255875 0.0000000 0.6384903 0.5893460 1.1078494 1.4024276 2.0681959 2.0821758 2.0855254 1.4710571 3.0000634 3.0940520 4.0572443 4.3027144 
Gfas_gfas1.m1.2102.m1                                    2.2208524 2.2687057 2.2518673 2.4973233 2.3772084 2.7080748 2.2978856 2.4938897 2.4532888 2.9019956 3.1941146 3.1313820 2.6961247 2.3961474 2.7264187 2.8973359 2.7309602 3.2320763 3.4030398 2.5005163 2.0227963 2.0132407 2.0181808 1.5802934 1.8879643 1.9596539 1.9921639 1.7120651 1.9103512 2.0576941 2.1929286 1.8043210 1.9259827 1.8283246 0.5653671 0.6340003 0.6126873 0.6384903 0.0000000 0.4163479 1.1375126 1.3276365 2.2494668 1.9917683 2.0299316 1.4579240 3.0712656 3.1509999 3.6732872 4.7460576 
Adig_XM_015899487.1                                      2.2744763 2.1034667 2.5908377 2.6324181 2.3101568 5.6748360 2.5200166 3.5170227 3.4532039 2.7517995 3.7533480 2.9662944 2.7053886 2.4830548 2.4469163 3.7487597 3.1709563 2.7964936 3.6493046 2.3164360 2.4624515 2.1077419 2.4539451 2.5048298 1.9405162 1.6383402 2.5461967 2.2394487 2.4112499 1.5921323 1.8892107 1.8521959 2.0722541 1.8827854 0.5443704 0.8121849 0.6338022 0.5893460 0.4163479 0.0000000 1.5308460 1.2704475 2.1623072 2.0947429 1.5871058 2.0563115 3.6813070 4.3204395 3.6976255 2.6308334 
Nvec_v1g112425                                           2.0181561 2.3020685 1.8057107 1.8787970 1.9458871 2.3863584 1.6013504 1.8949751 2.1834630 1.5608307 2.8566041 2.5311173 1.9210644 1.9893138 1.7736841 2.1932954 1.9598867 2.0954785 2.3124109 1.9250369 1.4568164 1.3443525 1.5926328 1.4667685 1.2876658 1.2753407 1.4174352 1.3915897 1.5336636 1.3300946 1.3412617 1.1991580 1.1550817 1.0935966 1.0968293 1.1821557 1.0998017 1.1078494 1.1375126 1.5308460 0.0000000 1.0598082 1.5628120 1.6234841 1.1072682 1.4418954 2.2483795 2.3627754 3.5401031 2.6872331 
Exapal_XM_021061940.2                                    2.1490388 2.0009948 2.1252936 2.1055319 1.9887940 2.8178313 2.1148273 2.5334486 2.3725708 2.4391553 3.1353173 2.9943801 2.0002984 2.0482065 2.1161367 2.3045575 2.2550962 2.3622967 2.4818900 2.0142079 1.6854691 1.8675640 1.8799968 1.6812484 1.5244958 1.6048317 1.6777338 1.5537801 1.7217059 1.6997732 1.8515380 1.7042734 1.6699876 1.7054923 1.3530568 1.4982267 1.3528479 1.4024276 1.3276365 1.2704475 1.0598082 0.0000000 1.9242982 1.6464041 1.7875466 1.8040584 2.7784455 2.2785572 3.3804411 3.0703977 
Skow_XM_006815255.1                                      2.1439082 2.5125078 2.5067581 2.1781843 2.2501802 2.4100993 2.4656359 2.3407418 1.7380037 2.5447383 3.0384815 2.8379773 2.2882117 1.9076811 2.0295129 2.3460564 2.3068379 2.2267172 2.7083812 2.2688447 1.4129234 1.3655706 1.2475085 0.9518968 1.3061475 1.3732871 1.4765776 1.0409856 1.4819997 1.4686755 1.3075498 1.3585365 1.3993819 1.1548833 2.1358897 2.1793659 2.1406964 2.0681959 2.2494668 2.1623072 1.5628120 1.9242982 0.0000000 1.9670773 2.4079633 1.6219244 3.0448457 2.8297324 4.1838433 4.0750039 
Plajan_Pjan_C556937_01                                   1.6718115 1.9316107 2.0761694 1.8290271 2.2692507 2.2557497 2.4432841 2.1200652 1.5714428 2.3900189 3.1353736 3.3928448 2.3065363 1.8027829 2.0300633 1.9906438 2.0105278 2.0286632 2.4847443 1.9835427 1.8324156 1.8187946 1.6151155 1.3505794 1.6285174 1.5875171 1.8532913 1.4683022 1.7007141 1.6169210 1.9363264 1.8336361 1.6948416 1.7860100 2.0249145 2.0182408 2.0383538 2.0821758 1.9917683 2.0947429 1.6234841 1.6464041 1.9670773 0.0000000 0.9075688 0.8928376 3.0368586 2.6906784 3.5364318 5.1402663 
Opea_EP00118_Oscarella_pearsei_P027960                   1.5363317 1.8725860 1.9902915 1.9660022 2.1296060 1.8155661 2.0749204 1.9678896 1.5779499 2.3436916 3.7119866 3.7079725 2.3229678 1.8572280 1.9200647 1.9641635 2.1460987 1.9106043 2.4429701 1.9378486 1.7465751 1.7333213 1.7824063 1.2918574 1.6851312 1.6300841 1.8098484 1.3569717 1.7447938 1.7595365 1.6934465 2.0368269 1.7684621 1.9009473 2.0478324 1.9482886 1.9111574 2.0855254 2.0299316 1.5871058 1.1072682 1.7875466 2.4079633 0.9075688 0.0000000 0.0118176 3.0140022 2.7980306 3.4382820 5.3132349 
Ocar_g359                                                2.1553453 2.2739233 1.8388742 1.5905320 1.5230316 1.7165062 1.7548517 1.6403477 1.8836889 1.4537898 2.4746487 2.2087312 1.7862238 1.7423962 1.8583424 2.0008499 1.9286125 1.8733481 2.3578469 1.8521534 1.7417441 1.3615607 1.5247366 1.3900605 1.1404050 1.3261534 1.3959796 1.3547885 1.4128425 1.1035336 1.3574848 1.3811875 1.3060402 1.4605006 1.4936954 1.5373803 1.4306467 1.4710571 1.4579240 2.0563115 1.4418954 1.8040584 1.6219244 0.8928376 0.0118176 0.0000000 3.0971513 2.3887897 3.5562657 7.2617352 
Morvir_scaffold212.g7.t1                                 2.4961169 2.1459758 3.1068667 2.7402242 2.8748489 2.7978031 2.6250794 2.6055133 2.1257288 2.7025011 3.6404672 3.4302803 3.1047012 2.6701918 2.5790878 2.4775727 2.5593437 3.0398542 3.0504851 2.6681065 2.6528128 2.9597898 2.8201185 2.4502964 2.5646719 3.2087443 2.8942467 2.6252351 2.5764755 2.9253514 3.0663894 2.8767613 3.0936770 2.9458896 3.2215111 3.3697652 2.9305732 3.0000634 3.0712656 3.6813070 2.2483795 2.7784455 3.0448457 3.0368586 3.0140022 3.0971513 0.0000000 2.8850161 3.7265513 4.2481565 
Dgig_XM_028552596.1                                      2.0736797 2.7510607 2.7823820 2.4940506 2.5037628 3.1524251 3.0723773 2.6502330 2.2670218 2.8789585 3.7937868 3.7250251 2.8234815 2.7405790 2.7299037 2.3968466 2.5758531 2.6997513 2.7332798 2.9676719 2.4837080 2.4464108 2.5925877 2.0566519 2.5027182 2.5452262 2.2693122 1.8604193 2.3047949 2.0462239 2.6335104 2.2684324 2.4660075 2.4438334 2.9574830 3.2781744 2.9528311 3.0940520 3.1509999 4.3204395 2.3627754 2.2785572 2.8297324 2.6906784 2.7980306 2.3887897 2.8850161 0.0000000 4.1185880 4.3185823 
Plespi_Pspi_scaffold14959_01                             3.1673665 2.4290597 3.8464134 4.1973334 3.0444432 3.8874982 4.0715179 3.2553251 2.0212061 3.6374506 3.5224799 3.9786996 3.3132758 2.8631570 3.2545642 3.3220693 3.6145433 3.8349470 3.4894428 3.1085066 3.4903983 4.0189560 3.2914645 3.0483614 3.4992566 4.2348014 3.7733185 3.6335566 3.3945326 3.8006725 4.0703401 4.1720054 3.8494867 3.9534155 4.0032011 4.3061802 4.0597035 4.0572443 3.6732872 3.6976255 3.5401031 3.3804411 4.1838433 3.5364318 3.4382820 3.5562657 3.7265513 4.1185880 0.0000000 4.7202735 
Lcom_lcpid98324                                          3.1585266 4.6324943 3.7906948 4.6183017 3.7783563 3.3543049 3.8882547 4.1946084 2.1106927 5.4585375 6.4709011 6.4985993 5.3575802 4.6455739 4.1326460 3.4709428 3.0931113 3.3652683 2.8537615 3.4061273 3.5792470 4.5740003 3.3290365 2.1096191 4.2698263 4.2722260 4.0101291 2.8895787 3.3781357 5.0470988 5.0016048 5.3512597 5.0926159 4.7091750 4.4804329 4.2958735 4.3248065 4.3027144 4.7460576 2.6308334 2.6872331 3.0703977 4.0750039 5.1402663 5.3132349 7.2617352 4.2481565 4.3185823 4.7202735 0.0000000 
