74
Cgig_XM_011456826.3                                      0.0000000 0.3875751 0.5321605 0.6241853 0.6011306 0.6646665 0.7427082 0.5783901 0.8284725 1.2494322 0.7832503 0.9350504 1.2482104 1.2574574 1.7073746 0.8925327 1.8666808 1.7819626 1.3012223 1.0514737 1.6676416 1.6980393 3.2132308 1.6813386 1.1605651 1.1180046 0.9940297 0.9674059 1.0138438 1.0447847 1.0213396 1.0556962 0.9623024 1.1277446 1.0420838 1.1528257 1.1508315 1.3283195 1.2802146 2.1782451 1.3815518 1.3126387 1.1108014 0.9445745 0.9358083 1.0862273 1.0862273 1.0810465 0.9862836 1.0718733 1.0612369 0.9385185 1.3646531 1.3537776 1.1277830 1.3249464 1.9268660 2.1981254 1.8616689 1.8689098 3.2919781 1.4204527 1.5096068 2.4627544 1.4266598 1.5533380 1.5227486 1.4677239 1.4501352 2.2560110 2.3573353 1.5328707 3.0067838 2.2501722 
Acagra_model.g25641.t1_model.g25643.t1                   0.3875751 0.0000000 0.4855706 0.6519327 0.6031031 0.6308107 0.6918309 0.5991299 0.8214818 1.2638642 0.8169914 0.9435949 1.2159178 1.2136768 1.6469271 0.8415265 1.8737319 1.8158445 1.2992536 1.0027221 1.6243092 1.6539866 3.1263155 1.9286603 1.0419080 1.1622342 0.9653565 0.9497787 0.9902082 0.9849930 0.9801021 1.0353014 0.8689036 1.1843144 1.0379747 1.0701296 1.0853562 1.2800978 1.2600831 2.0324692 1.3431670 1.3069012 1.1869325 0.8525378 0.8906068 1.1355048 1.1355048 1.1321046 1.0121387 1.0936596 1.1296344 1.0065229 1.4252799 1.4914442 1.1081104 1.1144623 2.0858870 2.4781871 2.1965768 1.8439090 3.2908209 1.4177631 1.5190620 2.6663593 1.3618934 1.5122213 1.4712779 1.4836296 1.4766958 2.0995486 2.9606135 1.7793231 2.9277165 2.0049295 
Ctel_gnl_WGS_AMQN_CAPTEDRAFT_mRNA164574                  0.5321605 0.4855706 0.0000000 0.6882637 0.6372186 0.7272065 0.7505130 0.6109933 0.8621317 1.2231250 0.8064536 0.9122200 1.1968899 1.1487977 1.4791528 0.8417719 1.6509280 1.6108332 1.2327260 0.9990462 1.5391868 1.5675209 2.8024365 1.6301429 1.0873081 1.1402201 1.0246553 0.9230057 1.0161725 1.0214705 1.0252364 1.0654281 0.9668908 1.2142477 1.0739253 1.0817856 1.1327906 1.2981688 1.2804521 1.8682302 1.3755599 1.3104085 1.1702550 0.9353365 0.9152022 1.1278410 1.1278410 1.1278573 1.0596488 1.1301479 1.1186008 1.0321204 1.4126404 1.5067127 1.0970120 1.1016305 1.7435063 2.1152231 1.8550299 1.8388766 2.8039759 1.3695279 1.4885527 2.0498764 1.3758363 1.3812565 1.3753286 1.3952940 1.5268537 2.2179359 2.8744166 1.7846859 3.1408463 2.0457135 
Hsap_ENST00000524827                                     0.6241853 0.6519327 0.6882637 0.0000000 0.4717761 0.5670107 0.6347510 0.6071389 0.7791923 1.1985195 0.7572151 1.0002396 1.1265405 1.1525499 1.4955524 0.8619974 1.7440401 1.7076394 1.2195062 1.0447360 1.6338605 1.6300723 2.9087271 1.5323322 1.1236058 1.1013221 0.9130853 0.9117582 1.0222936 1.0209919 1.0157525 1.0127206 0.8968344 1.1459663 1.0230893 1.0437994 1.0828235 1.1475535 1.1728180 1.4596139 1.3174652 1.2159800 1.1759761 0.9695730 0.9154417 1.0361821 1.0361821 1.0460010 0.9293661 1.0187774 1.0407936 0.9354182 1.2773778 1.4445192 1.0083175 1.1490020 1.6106289 2.0669848 1.9633916 1.6879480 2.0495883 1.2481136 1.3044550 1.9814705 1.4673106 1.4970346 1.4915388 1.4423702 1.3179350 1.8768617 2.8467423 1.8992850 3.0048279 2.3864140 
Skow_XM_006823926.1                                      0.6011306 0.6031031 0.6372186 0.4717761 0.0000000 0.5381604 0.5149503 0.5763723 0.8344288 1.1941445 0.7893868 0.9277902 1.2439838 1.2043721 1.6682089 0.8295433 1.9216552 1.9036336 1.3160896 0.9527909 1.6985076 1.7155197 3.0859034 1.8281358 1.0042665 1.0021052 0.8601832 0.8667604 0.9104526 0.8982673 0.8626825 0.8832387 0.7922478 0.9626758 0.8841814 0.9946619 0.9992872 1.1564966 1.1306065 2.0276457 1.1990628 1.1883844 1.1628822 0.9048214 0.8761998 1.0488076 1.0488076 1.0535074 0.9604695 1.0458148 1.0630704 0.9924570 1.3484994 1.3801481 1.0126977 1.0224037 1.6002477 1.8901940 1.6975898 1.7983469 3.2393309 1.3520680 1.4210647 1.9935367 1.3804608 1.5144940 1.5206040 1.4803028 1.4042359 2.1098224 2.6963698 1.6212015 3.3213199 2.1563762 
Bralan_BLAG18000246_1                                    0.6646665 0.6308107 0.7272065 0.5670107 0.5381604 0.0000000 0.6375710 0.5739782 0.8355318 1.2362265 0.7750881 1.0287248 1.2010363 1.2295180 1.6436930 0.8258462 1.8359919 1.7443182 1.2339424 0.9276808 1.6131949 1.6361951 2.8755229 1.5533750 1.2488247 1.0511850 0.9442521 0.9528138 0.9861283 0.9742730 0.9872204 1.0119353 0.9104179 1.1585853 1.0585161 0.9875823 1.0708690 1.2431112 1.2375300 2.0984639 1.3059332 1.2650321 1.1763547 0.9377815 0.8870368 1.0885349 1.0885349 1.0972113 0.9785464 1.0832363 1.0980088 1.0119193 1.3429483 1.4674750 1.0240937 1.0156158 1.6515178 1.7654417 1.4898579 1.7753239 2.7798031 1.2988569 1.3699690 1.8272822 1.4706241 1.5442052 1.5378370 1.5194296 1.3652582 1.8361273 2.5323682 1.4707808 3.0492451 2.1770849 
Spur_XM_030988575.1                                      0.7427082 0.6918309 0.7505130 0.6347510 0.5149503 0.6375710 0.0000000 0.6798732 0.8582947 1.1491821 0.7978970 0.8746070 1.1106551 1.2151316 1.6378631 0.7996821 1.8158874 1.7363639 1.2319421 0.7248201 1.6253922 1.6651547 3.1721739 1.7084592 1.2190671 1.0245475 0.9842285 0.8590064 0.9407136 0.9286825 0.9184116 0.9468330 0.8957938 0.9774507 0.9543601 1.1389533 1.1242482 1.1261072 1.1225980 9.0000000 1.3267658 1.2735108 1.1702629 0.9543463 0.8881711 1.0005389 1.0005389 1.0132038 0.9519373 1.0324489 1.0154923 1.0160215 1.3030613 1.3750092 1.0237322 0.6903138 1.8179064 3.4129848 1.5361386 1.8190099 5.0836991 1.2252446 1.3238671 1.7949686 1.4371286 1.4672763 1.4740207 1.4719323 1.3670650 2.1679547 2.3936636 2.0029343 2.9459020 2.5736009 
Cscu_XM_023371283.1                                      0.5783901 0.5991299 0.6109933 0.6071389 0.5763723 0.5739782 0.6798732 0.0000000 0.6524311 1.1059913 0.7578872 0.9880211 1.2077633 1.1722638 1.6045913 0.8114058 1.8003980 1.6849062 1.2567483 1.0626935 1.4469695 1.4708343 2.8105077 1.5027779 0.9026423 1.1739971 0.9519638 0.9258247 0.9992914 1.0000484 0.9804472 0.9888681 0.8838855 1.1644427 1.0315161 1.0244502 1.1156060 1.1913549 1.1984070 1.6809685 1.2867188 1.2402141 1.1883056 0.7975135 0.8175315 1.0625263 1.0625263 1.0759754 0.9949538 1.0589186 1.0794096 0.9619625 1.3105024 1.4967393 1.0760682 1.3250444 2.1567389 2.5383560 2.4620661 1.6992653 3.3290353 1.3303966 1.4248618 2.0647700 1.4462514 1.5427622 1.4291057 1.4715416 1.3933688 1.9636989 2.6084153 1.6119453 2.8450512 2.2547284 
Tcas_TC015727_001                                        0.8284725 0.8214818 0.8621317 0.7791923 0.8344288 0.8355318 0.8582947 0.6524311 0.0000000 1.2825362 0.9595278 1.0379559 1.3358155 1.3929608 1.8723539 1.0146869 2.1024554 2.0537648 1.4609547 1.1262479 1.7297185 1.7011612 3.1146556 1.5299845 1.5476909 1.2154244 1.0227315 0.9840662 1.1965261 1.1785772 1.1557302 1.1481589 1.0268625 1.2755165 1.1516130 1.2333283 1.2929530 1.3509180 1.3504018 2.3788107 1.3731940 1.3185590 1.3067095 0.7672468 0.9553938 1.2805246 1.2805246 1.2809987 1.1802609 1.2766093 1.2657842 1.1482624 1.4430561 1.5911422 1.1236998 1.1022927 2.1755018 2.1270458 2.0553255 1.9396552 2.5679092 1.4065632 1.4994843 2.3883322 1.6805703 1.6959570 1.6827980 1.6686718 1.5469697 2.2726721 3.0626711 3.1782319 2.7204508 2.8460115 
Lampan_Lpan_12966_01                                     1.2494322 1.2638642 1.2231250 1.1985195 1.1941445 1.2362265 1.1491821 1.1059913 1.2825362 0.0000000 0.1191828 0.1650871 0.2992213 0.2824617 0.4227430 0.1449267 0.5187756 0.5881594 0.3921872 0.2068667 0.4945009 0.4903348 0.6244055 0.6015419 1.4085794 1.4043871 1.2359746 1.0637641 1.3539266 1.3410853 1.3242403 1.3525433 1.1856905 1.4584671 1.3343236 1.1618373 1.2173460 1.4095128 1.4425754 2.6087095 1.5034936 1.5210308 1.4378430 1.3482336 1.0204429 1.2046487 1.2046487 1.1988722 1.0495288 1.1640998 1.2370161 1.1458745 1.4259068 1.6040645 1.2029578 1.3394330 1.9930178 2.4220953 2.4846948 1.7507140 2.2793298 1.4548555 1.4998817 2.7351446 1.5456612 1.5769626 1.5422699 1.5759982 1.6365510 2.4289582 2.8499590 2.5720078 2.6920422 2.9933965 
Beraby_Baby_sb323923                                     0.7832503 0.8169914 0.8064536 0.7572151 0.7893868 0.7750881 0.7978970 0.7578872 0.9595278 0.1191828 0.0000000 0.0957962 0.1307104 0.1492593 0.0000010 0.1492593 1.3736854 0.0000010 0.1764757 0.1360993 0.8921520 0.0000010 0.0000010 0.0000010 0.9853035 0.8233232 0.7510936 0.7510936 0.6934980 0.7255257 0.7628886 0.7231189 0.6600127 0.7251191 0.7233859 0.7611875 0.7998750 0.8804984 0.8936591 0.0000010 0.9472712 0.8892531 1.0729895 0.8414966 0.9751218 0.8876271 0.8876271 0.8764290 0.9014691 0.9064833 0.9175520 0.9175520 1.2382643 1.2788487 1.0621976 1.3085872 1.9441676 0.9472706 0.8054023 1.2384459 4.4013864 1.0367372 1.0367372 1.4566112 1.0348704 1.0200848 1.0194968 0.9694174 1.3843278 0.0000010 0.0000010 0.0000010 0.0000010 0.0000010 
Mlei_ML0622.g28.i1                                       0.9350504 0.9435949 0.9122200 1.0002396 0.9277902 1.0287248 0.8746070 0.9880211 1.0379559 0.1650871 0.0957962 0.0000000 0.1885245 0.1957680 0.4432172 0.1340950 2.2627831 1.1031108 0.2378491 0.1690673 0.5018203 0.4093348 0.7699608 3.4851268 0.8267170 1.0881026 0.9133731 0.9870823 1.0490935 1.0460985 1.0478923 1.0816477 0.7744077 1.1262710 1.0594953 0.8826567 0.9499118 0.9797552 0.9723194 3.6243456 0.9855788 1.0480264 1.1651396 1.0552056 0.9870006 1.1034594 1.1034594 1.0825944 0.9239757 1.0274705 1.1020723 0.9563664 1.3769644 1.5194301 1.1967472 1.4376691 2.6193232 2.7249151 2.9001858 1.4165831 3.6439729 1.3341868 1.3413666 3.8724852 1.1043352 1.1617898 1.1896762 1.1889826 1.6362489 4.3859873 6.4797712 8.9999980 9.0000000 9.0000000 
Drygla_Dgla_sb292778                                     1.2482104 1.2159178 1.1968899 1.1265405 1.2439838 1.2010363 1.1106551 1.2077633 1.3358155 0.2992213 0.1307104 0.1885245 0.0000000 0.3876579 0.5643359 0.2032564 0.6445555 0.5345440 0.3842446 0.2260985 0.4404544 0.4432012 0.5168211 0.5396836 1.1632663 1.3251140 1.2600336 1.0508586 1.2707608 1.2686875 1.2415282 1.3035430 1.1867921 1.3881455 1.2864152 1.1914954 1.2494576 1.4020177 1.3892797 2.1824545 1.5165295 1.4062282 1.3735476 1.3767537 1.0988849 1.1356256 1.1356256 1.1296363 1.0400012 1.1450560 1.1619958 1.1252051 1.4384004 1.5326298 1.1785061 1.1158617 1.8028864 2.0653152 1.7411670 1.7678246 2.0094848 1.4766150 1.5247924 1.9564885 1.5864020 1.5982217 1.5628231 1.6349197 1.5995430 2.1710414 2.8540826 2.8165339 2.7210547 3.0629592 
Coeast_Cast_sb805627                                     1.2574574 1.2136768 1.1487977 1.1525499 1.2043721 1.2295180 1.2151316 1.1722638 1.3929608 0.2824617 0.1492593 0.1957680 0.3876579 0.0000000 0.0091929 0.0177013 0.0556434 0.5712090 0.4142721 0.2034079 0.6040918 0.6052943 0.6870694 0.7295032 1.6340409 1.3119896 1.2823479 1.0991226 1.2844349 1.2926787 1.2808162 1.2991044 1.2487284 1.4113989 1.3160138 1.2285063 1.2556805 1.3834863 1.3650801 1.8133369 1.5382666 1.4720382 1.3365165 1.4165375 0.9959651 1.2094407 1.2094407 1.2076907 1.1123819 1.2176736 1.2482001 1.1934457 1.4115952 1.5134272 1.1644034 0.9300154 1.7951000 2.3819155 2.0288525 1.7201082 2.2130733 1.4829890 1.5404789 1.8498051 1.6291292 1.6383180 1.5431090 1.6263271 1.7781577 2.4512504 2.9953752 2.6565540 2.9988830 2.8733740 
Coemet_Cmet_scaffold7794_01                              1.7073746 1.6469271 1.4791528 1.4955524 1.6682089 1.6436930 1.6378631 1.6045913 1.8723539 0.4227430 0.0000010 0.4432172 0.5643359 0.0091929 0.0000000 1.0563151 0.0169582 0.5664669 0.5721376 0.0000010 0.5948211 0.5996164 0.6840525 0.6468457 8.9999984 1.7757437 1.7846487 1.6418501 1.8340115 1.8520849 1.8236258 1.8483317 1.9408133 2.0833849 1.8902601 1.7345083 1.6893284 1.9510489 1.9183652 0.0000010 2.0344972 2.1862404 1.7736313 1.9530772 1.2275049 1.4829445 1.4829445 1.4834535 1.3129842 1.4905581 1.5550525 1.4773640 1.7058594 1.7248107 1.3609268 0.0000010 2.1922719 2.8928255 0.6665755 2.0218890 0.0000010 1.9937054 2.1322475 2.6715837 2.2826831 2.3029700 2.0513044 2.3302630 1.8725646 2.4512504 3.0248046 2.7018224 3.0235174 2.8629496 
Coeast_Cast_sb805630                                     0.8925327 0.8415265 0.8417719 0.8619974 0.8295433 0.8258462 0.7996821 0.8114058 1.0146869 0.1449267 0.1492593 0.1340950 0.2032564 0.0177013 1.0563151 0.0000000 1.6271696 1.6493409 0.2528566 0.2034079 1.7757645 2.6360597 0.0000010 3.2904548 0.9979700 0.9074419 0.7421896 0.8262996 0.8047796 0.8150493 0.8263664 0.8114471 0.6541474 0.9200657 0.8784835 0.7766098 0.8189525 0.9368340 0.9223139 1.8133369 1.0571214 0.9538783 1.0091606 0.9218419 0.8641586 0.9626508 0.9626508 0.9585428 0.9154131 0.9695155 0.9765560 0.9502868 1.2218362 1.3498765 1.0839432 0.9300154 1.9751615 2.0558988 2.1442221 1.5504684 2.2130733 0.9692348 0.9692348 1.6088960 0.9770486 1.0452674 1.0373697 1.0192186 1.5170070 0.0000010 0.0000010 0.0000010 0.0000010 0.0000010 
Coeast_Cast_sb805629                                     1.8666808 1.8737319 1.6509280 1.7440401 1.9216552 1.8359919 1.8158874 1.8003980 2.1024554 0.5187756 1.3736854 2.2627831 0.6445555 0.0556434 0.0169582 1.6271696 0.0000000 0.5712090 0.6488808 1.8128314 0.5842173 0.5842173 0.6870694 0.7293688 8.9999984 1.9407564 1.7867775 1.6962357 2.0286696 2.0468047 2.0211470 2.0618474 2.0542439 2.4104013 2.1158584 1.8422645 1.7532778 2.1125956 2.0938859 0.6742843 2.2551206 2.3819590 1.9359704 2.1141419 1.3155922 1.7410400 1.7410400 1.7522238 1.5042145 1.6838481 1.8335799 1.6954576 1.8704580 1.7954787 1.5707144 3.0568146 2.9457461 3.3812440 5.0879584 2.3353820 6.9799316 2.2289210 2.3456812 4.1614039 2.4292977 2.5385480 2.1968170 2.5419016 1.8382018 2.4512504 2.9953752 2.6565540 2.9988830 2.8733740 
Pbac_sb2649239                                           1.7819626 1.8158445 1.6108332 1.7076394 1.9036336 1.7443182 1.7363639 1.6849062 2.0537648 0.5881594 0.0000010 1.1031108 0.5345440 0.5712090 0.5664669 1.6493409 0.5712090 0.0000000 0.0138293 0.0000010 0.5513926 0.5513926 0.6399225 0.6669289 8.9999989 2.1344217 2.0161700 1.7122539 1.8978441 1.9167840 1.8105421 1.8533483 1.8992067 2.0699087 1.8770072 1.8155688 1.8218505 2.3248560 2.2884344 0.0000010 2.3570459 2.4158876 2.0308601 1.8506192 1.2333455 1.6306831 1.6306831 1.6321597 1.4444610 1.6787475 1.6869164 1.6478900 1.7594239 1.8152445 1.4062063 0.0000010 2.6688694 2.4867486 0.0000010 2.4666098 0.0000010 2.1947391 2.4399551 2.9997743 2.3295647 2.4069071 2.2063852 2.4384765 1.6099247 2.0683223 2.8667026 2.8454659 3.0578548 3.4270237 
Horcal_Hcv1.av93.c7.g649.i1                              1.3012223 1.2992536 1.2327260 1.2195062 1.3160896 1.2339424 1.2319421 1.2567483 1.4609547 0.3921872 0.1764757 0.2378491 0.3842446 0.4142721 0.5721376 0.2528566 0.6488808 0.0138293 0.0000000 0.0047800 0.5670367 0.5661095 0.6277573 0.7328831 1.3035503 1.4588551 1.4101948 1.2444961 1.3989966 1.4057404 1.3889823 1.3788129 1.2539355 1.4357360 1.3756077 1.2933582 1.3463034 1.6011981 1.5855547 2.7961615 1.7067998 1.5898393 1.5486758 1.3629081 1.0585865 1.3319078 1.3319078 1.3293629 1.2131092 1.3519994 1.3478167 1.2767971 1.5095052 1.6091712 1.2423927 1.2553257 1.8778429 2.0432350 2.0419208 1.8735006 2.2884605 1.6293270 1.7145654 2.4275503 1.6209962 1.6856508 1.6298646 1.6820544 1.5962716 2.1164437 2.7979770 2.9186162 2.9972631 3.4281053 
Pbac_sb2639729                                           1.0514737 1.0027221 0.9990462 1.0447360 0.9527909 0.9276808 0.7248201 1.0626935 1.1262479 0.2068667 0.1360993 0.1690673 0.2260985 0.2034079 0.0000010 0.2034079 1.8128314 0.0000010 0.0047800 0.0000000 0.7324080 0.0000010 0.0000010 3.4851268 1.1879173 1.0422854 0.6522683 0.9820544 1.0360346 1.0287738 1.0680417 1.0277513 0.6468179 1.0280627 1.0068615 0.8350041 0.8605167 1.1155937 1.1281683 2.7961615 1.0283095 1.0865106 1.3038423 0.9764375 0.7870190 1.0749355 1.0749355 1.0630136 0.8497959 1.0910354 1.0795301 0.9550674 1.4448171 1.5143118 1.1200240 1.2566876 1.7950317 1.8882496 2.1249475 1.8236104 2.3063069 1.1288212 1.1394394 2.3231187 0.8977330 1.2191918 1.2022975 1.1277557 1.8190307 0.0000010 0.0000010 0.0000010 0.0000010 0.0000010 
Bolinf_Binf_sb1227460                                    1.6676416 1.6243092 1.5391868 1.6338605 1.6985076 1.6131949 1.6253922 1.4469695 1.7297185 0.4945009 0.8921520 0.5018203 0.4404544 0.6040918 0.5948211 1.7757645 0.5842173 0.5513926 0.5670367 0.7324080 0.0000000 0.0000010 0.1693871 0.2499380 4.0346268 1.8549509 1.6774020 1.5108458 1.7190679 1.7598604 1.6154565 1.7150381 1.7106495 1.9246106 1.7084200 1.5819832 1.5944917 2.0555888 2.1279396 0.0000010 1.9861089 2.1738376 1.9070364 1.7023719 1.3722583 1.5633599 1.5633599 1.5391655 1.3449823 1.5669498 1.5753336 1.5384842 1.6120813 1.7856807 1.3890496 0.0000010 1.9251079 2.6876413 2.5185771 2.1978272 0.0000010 2.0965552 2.2860573 2.2594920 2.2670049 2.3403556 2.1920075 2.2414651 1.8074458 2.1784940 2.6586944 2.2710299 2.6887853 3.4157811 
Mertsp_Mesp_sb529238                                     1.6980393 1.6539866 1.5675209 1.6300723 1.7155197 1.6361951 1.6651547 1.4708343 1.7011612 0.4903348 0.0000010 0.4093348 0.4432012 0.6052943 0.5996164 2.6360597 0.5842173 0.5513926 0.5661095 0.0000010 0.0000010 0.0000000 0.1693871 0.2499380 8.9999986 1.8855857 1.7104416 1.5803224 1.7611880 1.8031370 1.6540839 1.7199097 1.7558927 1.9850369 1.7501610 1.5906891 1.6040872 2.0476270 2.1042628 0.0000010 2.0035372 2.1664181 1.9471612 1.7196751 1.4015806 1.6150542 1.6150542 1.5898626 1.3941924 1.6187342 1.6276781 1.5927617 1.6428269 1.8042531 1.3755203 0.0000010 1.9251079 2.6876413 2.5185771 2.1914167 0.0000010 2.1291997 2.3243805 2.2594920 2.2453809 2.2904708 2.1585646 2.1987010 1.7522151 2.1784940 2.6586944 2.2710299 2.6887853 3.4157811 
Mlei_ML0622.g27.i1                                       3.2132308 3.1263155 2.8024365 2.9087271 3.0859034 2.8755229 3.1721739 2.8105077 3.1146556 0.6244055 0.0000010 0.7699608 0.5168211 0.6870694 0.6840525 0.0000010 0.6870694 0.6399225 0.6277573 0.0000010 0.1693871 0.1693871 0.0000000 0.0000010 8.9999988 3.5196429 2.4656166 6.0011409 3.2385320 3.1951393 3.1150736 3.1798805 3.1268220 3.3402672 3.1185258 2.5976181 2.5995690 3.5124767 3.4430375 0.0000010 3.4469290 3.5917897 2.8377794 2.9706366 1.5610730 2.3853056 2.3853056 2.3186503 1.9402734 2.2966922 2.3377043 2.4865586 2.9671886 2.6993247 3.3210392 0.0000010 4.4243651 2.3982776 0.0000010 4.7760625 0.0000010 4.3218656 5.2271335 0.0000010 3.6617372 3.8717439 3.2779438 3.4958835 2.8908096 2.4179358 2.6735840 2.2398780 2.8792241 3.0524593 
Vmul_sbMO426881                                          1.6813386 1.9286603 1.6301429 1.5323322 1.8281358 1.5533750 1.7084592 1.5027779 1.5299845 0.6015419 0.0000010 3.4851268 0.5396836 0.7295032 0.6468457 3.2904548 0.7293688 0.6669289 0.7328831 3.4851268 0.2499380 0.2499380 0.0000010 0.0000000 8.9999986 1.9413244 1.8482270 3.2020701 1.7523637 1.8079256 1.7541695 1.8022417 1.7495527 2.6116895 1.9223473 1.5845985 1.5842131 2.3083187 2.3859755 0.0000010 2.3028307 2.4452466 2.3803637 1.8687959 2.6768863 1.4659900 1.4659900 1.4557159 1.1868904 1.4229858 1.4853853 1.4853853 1.7350809 1.8703955 1.7119286 1.5848773 3.0716464 9.0000000 0.0000010 2.3682874 0.0000010 1.9447585 1.9756106 3.9982355 2.5441787 2.6833280 2.4828446 2.3523250 1.3963394 2.0488773 2.0457389 0.0000010 2.7366417 3.3474657 
Nvec_NVE15661                                            1.1605651 1.0419080 1.0873081 1.1236058 1.0042665 1.2488247 1.2190671 0.9026423 1.5476909 1.4085794 0.9853035 0.8267170 1.1632663 1.6340409 8.9999984 0.9979700 8.9999984 8.9999989 1.3035503 1.1879173 4.0346268 8.9999986 8.9999988 8.9999986 0.0000000 0.1797282 0.7868890 0.7533057 0.8549986 0.8503179 0.7639430 2.2576160 0.8003656 0.9484117 0.9881645 1.1017998 0.9360707 1.8034527 1.6641791 0.0000010 1.6838222 1.4963613 1.2641145 1.6462382 2.4062511 1.3682340 1.3682340 1.3682340 1.0311782 1.3682340 1.3473900 1.3473900 1.0088143 1.4086125 2.2402332 0.0000010 9.0000000 0.0000010 2.2801214 1.1305518 0.0000010 0.9428389 0.9428389 9.0000000 2.6026963 2.2767359 2.3032740 1.9738521 1.6904330 4.2548214 6.0847383 0.0000010 8.4002440 8.3806614 
Nvec_v1g186287                                           1.1180046 1.1622342 1.1402201 1.1013221 1.0021052 1.0511850 1.0245475 1.1739971 1.2154244 1.4043871 0.8233232 1.0881026 1.3251140 1.3119896 1.7757437 0.9074419 1.9407564 2.1344217 1.4588551 1.0422854 1.8549509 1.8855857 3.5196429 1.9413244 0.1797282 0.0000000 0.3630124 0.3431805 0.5601914 0.5561198 0.4962539 0.5231377 0.5633735 0.5760882 0.5676444 0.9324783 0.9330276 1.1146517 1.0949935 0.9624339 1.2101865 1.1750806 1.1157513 1.2886997 0.8393497 1.1751967 1.1751967 1.1863784 1.0469363 1.1414780 1.1716452 1.0529879 1.2849793 1.5694020 1.1046405 0.9572196 1.6490591 1.5924877 1.4293453 1.7052186 1.9269645 1.2226771 1.2869899 1.9020101 1.4238134 1.4319467 1.4609119 1.4826752 1.5548460 2.2484186 2.8471524 2.0760922 3.2421999 2.2669421 
Exapal_XM_021056521.2                                    0.9940297 0.9653565 1.0246553 0.9130853 0.8601832 0.9442521 0.9842285 0.9519638 1.0227315 1.2359746 0.7510936 0.9133731 1.2600336 1.2823479 1.7846487 0.7421896 1.7867775 2.0161700 1.4101948 0.6522683 1.6774020 1.7104416 2.4656166 1.8482270 0.7868890 0.3630124 0.0000000 0.0668817 0.4998940 0.4914016 0.4706694 0.4729400 0.5263931 0.6028860 0.5389131 0.8655445 0.9221378 1.0956087 1.1097528 9.0000000 1.1301542 1.1128943 1.0273230 1.1215134 0.8638287 1.0422767 1.0422767 1.0409703 0.9516122 1.0278665 1.0694642 1.0473735 1.3305358 1.3760921 1.0200095 0.6724609 2.0812996 2.5774193 1.4624353 1.7247246 2.9173522 1.1305062 1.1991004 2.6103493 1.4502083 1.4511574 1.4555285 1.3849518 1.4873541 1.6447861 2.1517202 1.3277302 2.0804597 1.8674701 
Exapal_XM_021048816.2                                    0.9674059 0.9497787 0.9230057 0.9117582 0.8667604 0.9528138 0.8590064 0.9258247 0.9840662 1.0637641 0.7510936 0.9870823 1.0508586 1.0991226 1.6418501 0.8262996 1.6962357 1.7122539 1.2444961 0.9820544 1.5108458 1.5803224 6.0011409 3.2020701 0.7533057 0.3431805 0.0668817 0.0000000 0.4968048 0.4857039 0.4793595 0.4790335 0.4783753 0.5007474 0.5196830 0.7413730 0.8070859 0.9354852 0.9278729 1.0012721 1.0059697 0.9891177 0.9920632 1.0079790 0.8429466 0.9545981 0.9545981 0.9556649 0.9277117 0.9069276 0.9876184 0.9073668 1.2063315 1.3087297 1.1006350 0.9185785 1.6617416 1.4765443 1.3433274 1.3247286 1.8394273 1.0060559 1.0048909 1.6027798 1.2459455 1.2624150 1.2666444 1.2153038 1.5596827 5.2542743 4.8909025 2.6035492 8.2179144 8.9999982 
Spis_XP_022786511_1                                      1.0138438 0.9902082 1.0161725 1.0222936 0.9104526 0.9861283 0.9407136 0.9992914 1.1965261 1.3539266 0.6934980 1.0490935 1.2707608 1.2844349 1.8340115 0.8047796 2.0286696 1.8978441 1.3989966 1.0360346 1.7190679 1.7611880 3.2385320 1.7523637 0.8549986 0.5601914 0.4998940 0.4968048 0.0000000 0.0454599 0.1157797 0.1171483 0.1793483 0.2450707 0.2280162 0.7861248 0.7807261 1.0179843 0.9990087 1.0753090 1.1060421 1.0901606 1.0033704 1.2146249 0.8266458 1.1026037 1.1026037 1.1031175 0.9893622 1.0663414 1.1192655 1.0045346 1.2930043 1.3124865 1.0090981 0.8850089 1.5865868 1.5372542 1.4184555 1.6747241 2.2543721 1.3016641 1.3425360 1.6163960 1.5150180 1.4741819 1.5463831 1.4965739 1.4243536 1.6148273 2.1969840 1.6699776 3.0063769 2.4535905 
Pocdam_XM_027189809.1                                    1.0447847 0.9849930 1.0214705 1.0209919 0.8982673 0.9742730 0.9286825 1.0000484 1.1785772 1.3410853 0.7255257 1.0460985 1.2686875 1.2926787 1.8520849 0.8150493 2.0468047 1.9167840 1.4057404 1.0287738 1.7598604 1.8031370 3.1951393 1.8079256 0.8503179 0.5561198 0.4914016 0.4857039 0.0454599 0.0000000 0.1203918 0.1142210 0.1718190 0.2225659 0.2096544 0.7900515 0.8004248 0.9992695 0.9859885 1.0753090 1.0974286 1.0762239 0.9995161 1.2266457 0.8191171 1.0779162 1.0779162 1.0796648 0.9609915 1.0448031 1.1006337 0.9949814 1.3056044 1.3262068 1.0013842 0.8847205 1.5837455 1.5132967 1.4184555 1.6492630 2.2543721 1.2758777 1.3393637 1.6163960 1.4735034 1.4553552 1.5148136 1.4930095 1.4069974 1.6471381 2.0932966 1.5892511 2.9360469 2.2365766 
Fspp_ffun1.m4.24592.m1                                   1.0213396 0.9801021 1.0252364 1.0157525 0.8626825 0.9872204 0.9184116 0.9804472 1.1557302 1.3242403 0.7628886 1.0478923 1.2415282 1.2808162 1.8236258 0.8263664 2.0211470 1.8105421 1.3889823 1.0680417 1.6154565 1.6540839 3.1150736 1.7541695 0.7639430 0.4962539 0.4706694 0.4793595 0.1157797 0.1203918 0.0000000 0.0763780 0.1352724 0.1905790 0.1816610 0.7559891 0.8029224 0.9947715 0.9871902 1.1459126 1.0629544 1.0343507 0.9533393 1.1725272 0.8186914 1.0659395 1.0659395 1.0606683 0.9569572 1.0325278 1.0981587 0.9915303 1.3159830 1.3639452 0.9819022 0.9608368 1.6603170 1.6372048 1.5990434 1.6578035 2.1150068 1.2536151 1.3176107 1.5798262 1.4476553 1.4097957 1.4604656 1.4564749 1.3710689 1.5730716 2.1132956 1.4481156 2.7038964 2.2347312 
Gasp_gasp1.m3.10444.m1                                   1.0556962 1.0353014 1.0654281 1.0127206 0.8832387 1.0119353 0.9468330 0.9888681 1.1481589 1.3525433 0.7231189 1.0816477 1.3035430 1.2991044 1.8483317 0.8114471 2.0618474 1.8533483 1.3788129 1.0277513 1.7150381 1.7199097 3.1798805 1.8022417 2.2576160 0.5231377 0.4729400 0.4790335 0.1171483 0.1142210 0.0763780 0.0000000 0.1192318 0.1897177 0.1843372 0.7842781 0.7878079 0.9773100 0.9848051 1.1459126 1.0643334 1.0455500 0.9713341 1.1717396 0.7211092 1.0788226 1.0788226 1.0778524 0.9486994 1.0276368 1.1058089 0.9803286 1.3313912 1.3787219 0.9779260 1.0201832 1.6936866 1.7858083 1.7053182 1.7026340 2.2394944 1.3093892 1.3625655 1.7529930 1.4461698 1.4116577 1.4798511 1.4798399 1.3544716 1.5739554 2.0714747 1.4014286 2.7644434 2.2749295 
Gfas_gfas1.m1.7160.m1                                    0.9623024 0.8689036 0.9668908 0.8968344 0.7922478 0.9104179 0.8957938 0.8838855 1.0268625 1.1856905 0.6600127 0.7744077 1.1867921 1.2487284 1.9408133 0.6541474 2.0542439 1.8992067 1.2539355 0.6468179 1.7106495 1.7558927 3.1268220 1.7495527 0.8003656 0.5633735 0.5263931 0.4783753 0.1793483 0.1718190 0.1352724 0.1192318 0.0000000 0.1604261 0.1421253 0.7973488 0.8211485 1.0086017 1.0243909 9.0000000 1.0975601 0.9967249 0.9698469 1.1394074 0.7945767 1.0468206 1.0468206 1.0560580 0.9541230 1.0381436 1.0549160 1.0198586 1.3008896 1.3032969 0.8552121 0.5064540 1.6098055 2.1270561 1.4344801 1.7255396 2.1907025 1.2454520 1.3401276 2.0266771 1.4283958 1.4322195 1.4309177 1.4225701 1.3632638 1.5858028 2.1599624 1.6670661 2.8550361 2.4317305 
Amil_Amillepora04943-RA                                  1.1277446 1.1843144 1.2142477 1.1459663 0.9626758 1.1585853 0.9774507 1.1644427 1.2755165 1.4584671 0.7251191 1.1262710 1.3881455 1.4113989 2.0833849 0.9200657 2.4104013 2.0699087 1.4357360 1.0280627 1.9246106 1.9850369 3.3402672 2.6116895 0.9484117 0.5760882 0.6028860 0.5007474 0.2450707 0.2225659 0.1905790 0.1897177 0.1604261 0.0000000 0.0018858 0.9142260 0.8933790 1.1022849 1.0841913 1.0003475 1.2387314 1.1628493 1.1051007 1.3505568 0.8581300 1.1918179 1.1918179 1.1938738 1.0685491 1.1324310 1.2212702 1.0794971 1.3682303 1.4567594 1.0715090 0.9787793 1.6593057 1.7685450 1.6329942 1.8725961 2.0271727 1.3940319 1.4774328 1.8211827 1.5955720 1.5689749 1.5635966 1.6092353 1.5491632 2.0023095 2.3106492 1.5894746 3.2757592 2.3496135 
Adig_XM_015901750.1                                      1.0420838 1.0379747 1.0739253 1.0230893 0.8841814 1.0585161 0.9543601 1.0315161 1.1516130 1.3343236 0.7233859 1.0594953 1.2864152 1.3160138 1.8902601 0.8784835 2.1158584 1.8770072 1.3756077 1.0068615 1.7084200 1.7501610 3.1185258 1.9223473 0.9881645 0.5676444 0.5389131 0.5196830 0.2280162 0.2096544 0.1816610 0.1843372 0.1421253 0.0018858 0.0000000 0.8090708 0.8107006 1.0360445 1.0186892 1.0003475 1.1110877 1.0845637 1.0267141 1.2024484 0.8633264 1.1067932 1.1067932 1.1191781 0.9992097 1.0657413 1.1222982 1.0075285 1.2922454 1.3973710 0.9877222 1.0107641 1.6808443 1.7346024 1.6329942 1.6837532 2.0167416 1.2936001 1.3627257 1.7825725 1.4527588 1.4555337 1.4675079 1.4798538 1.4304462 1.7480883 2.1858056 1.6007475 2.9819728 2.3171112 
Dgig_XM_028558394.1                                      1.1528257 1.0701296 1.0817856 1.0437994 0.9946619 0.9875823 1.1389533 1.0244502 1.2333283 1.1618373 0.7611875 0.8826567 1.1914954 1.2285063 1.7345083 0.7766098 1.8422645 1.8155688 1.2933582 0.8350041 1.5819832 1.5906891 2.5976181 1.5845985 1.1017998 0.9324783 0.8655445 0.7413730 0.7861248 0.7900515 0.7559891 0.7842781 0.7973488 0.9142260 0.8090708 0.0000000 0.2511291 0.9425942 0.9679408 0.8787451 1.0555067 1.0340774 1.0064090 1.2099657 0.8472798 1.1250084 1.1250084 1.1359430 1.0117335 1.1049455 1.1386271 1.0917315 1.3744223 1.4131395 1.0363513 0.7672520 1.3494887 1.3851581 1.0823267 1.7490401 1.3237332 1.2585673 1.3374964 1.4184402 1.5756611 1.5238958 1.4699572 1.4896840 1.5806034 1.9089220 2.4927589 2.0670840 3.2334128 2.3662896 
Xesp_008223-T1                                           1.1508315 1.0853562 1.1327906 1.0828235 0.9992872 1.0708690 1.1242482 1.1156060 1.2929530 1.2173460 0.7998750 0.9499118 1.2494576 1.2556805 1.6893284 0.8189525 1.7532778 1.8218505 1.3463034 0.8605167 1.5944917 1.6040872 2.5995690 1.5842131 0.9360707 0.9330276 0.9221378 0.8070859 0.7807261 0.8004248 0.8029224 0.7878079 0.8211485 0.8933790 0.8107006 0.2511291 0.0000000 0.9843801 0.9653760 0.8760596 1.0913425 1.0574383 1.0739311 1.2926287 0.8336828 1.1851605 1.1851605 1.1911486 1.0709816 1.1690073 1.1906196 1.1449854 1.3616777 1.4651682 1.1039103 0.7716515 1.4223753 1.4506171 1.1758987 1.7996353 1.3126665 1.3558448 1.4470226 1.3887794 1.4923758 1.4813687 1.4370098 1.4421670 1.5968729 2.1804480 2.5715581 1.7927038 2.8755156 2.2778709 
Rhoesc_Res_002452-T1                                     1.3283195 1.2800978 1.2981688 1.1475535 1.1564966 1.2431112 1.1261072 1.1913549 1.3509180 1.4095128 0.8804984 0.9797552 1.4020177 1.3834863 1.9510489 0.9368340 2.1125956 2.3248560 1.6011981 1.1155937 2.0555888 2.0476270 3.5124767 2.3083187 1.8034527 1.1146517 1.0956087 0.9354852 1.0179843 0.9992695 0.9947715 0.9773100 1.0086017 1.1022849 1.0360445 0.9425942 0.9843801 0.0000000 0.0945679 0.1414231 0.1924445 0.3643472 0.7597266 1.4044019 0.6880076 1.2773401 1.2773401 1.2861639 1.1878820 1.2870239 1.3086234 1.2277238 1.6055113 1.6944109 1.2845534 0.8522578 1.5448853 1.5613893 1.4060564 2.0842481 1.6939547 1.5059960 1.5774542 1.8854790 1.7462836 1.6933159 1.6935486 1.7581928 1.8203704 2.4100003 2.7513763 1.8027518 3.3769504 1.6864877 
Nemnom_g7022.t1                                          1.2802146 1.2600831 1.2804521 1.1728180 1.1306065 1.2375300 1.1225980 1.1984070 1.3504018 1.4425754 0.8936591 0.9723194 1.3892797 1.3650801 1.9183652 0.9223139 2.0938859 2.2884344 1.5855547 1.1281683 2.1279396 2.1042628 3.4430375 2.3859755 1.6641791 1.0949935 1.1097528 0.9278729 0.9990087 0.9859885 0.9871902 0.9848051 1.0243909 1.0841913 1.0186892 0.9679408 0.9653760 0.0945679 0.0000000 0.1784699 0.2054771 0.3758845 0.7507433 1.3820473 0.6893166 1.3118471 1.3118471 1.3243771 1.2070486 1.3126731 1.3345946 1.2518895 1.6174887 1.6777226 1.2945205 0.8913122 1.5063170 1.6058561 1.3781824 2.0344734 1.7963727 1.5497123 1.6206348 1.8825123 1.7010728 1.6849244 1.6614312 1.7292048 1.7999206 2.4464742 2.8508515 1.8424042 3.1645661 1.6609223 
Aaur_scaffold114.g3.t1                                   2.1782451 2.0324692 1.8682302 1.4596139 2.0276457 2.0984639 9.0000000 1.6809685 2.3788107 2.6087095 0.0000010 3.6243456 2.1824545 1.8133369 0.0000010 1.8133369 0.6742843 0.0000010 2.7961615 2.7961615 0.0000010 0.0000010 0.0000010 0.0000010 0.0000010 0.9624339 9.0000000 1.0012721 1.0753090 1.0753090 1.1459126 1.1459126 9.0000000 1.0003475 1.0003475 0.8787451 0.8760596 0.1414231 0.1784699 0.0000000 0.0000010 0.6122176 0.8095255 1.6736758 0.4323093 1.5178523 1.5178523 1.5375116 8.9999988 1.7319345 1.6506243 1.1967788 1.7946736 1.7570659 1.1531000 1.1906094 1.1070154 1.3081168 1.3824455 1.3546624 1.1962660 1.3219340 1.3219340 1.5507624 9.0000000 1.7719999 1.7847775 1.8053553 0.0000010 0.0000010 0.0000010 0.0000010 0.0000010 0.0000010 
Aaur_scaffold114.g1.t1                                   1.3815518 1.3431670 1.3755599 1.3174652 1.1990628 1.3059332 1.3267658 1.2867188 1.3731940 1.5034936 0.9472712 0.9855788 1.5165295 1.5382666 2.0344972 1.0571214 2.2551206 2.3570459 1.7067998 1.0283095 1.9861089 2.0035372 3.4469290 2.3028307 1.6838222 1.2101865 1.1301542 1.0059697 1.1060421 1.0974286 1.0629544 1.0643334 1.0975601 1.2387314 1.1110877 1.0555067 1.0913425 0.1924445 0.2054771 0.0000010 0.0000000 0.3652862 0.7904223 1.4904833 0.8163534 1.3447871 1.3447871 1.3519885 1.2543018 1.3424722 1.3748899 1.3376398 1.6209738 1.8602499 1.3805725 0.9490586 1.9828322 3.0282202 1.3210457 2.0122060 5.2096433 1.7604734 1.8971925 2.8953512 1.9855853 1.9422220 1.9284602 1.9728536 1.8582464 2.4424805 2.4999755 1.5011009 3.3424887 1.6886242 
Sanmal_Sma_017568-T1                                     1.3126387 1.3069012 1.3104085 1.2159800 1.1883844 1.2650321 1.2735108 1.2402141 1.3185590 1.5210308 0.8892531 1.0480264 1.4062282 1.4720382 2.1862404 0.9538783 2.3819590 2.4158876 1.5898393 1.0865106 2.1738376 2.1664181 3.5917897 2.4452466 1.4963613 1.1750806 1.1128943 0.9891177 1.0901606 1.0762239 1.0343507 1.0455500 0.9967249 1.1628493 1.0845637 1.0340774 1.0574383 0.3643472 0.3758845 0.6122176 0.3652862 0.0000000 0.8181401 1.4069705 0.7195942 1.3618340 1.3618340 1.3507070 1.2211149 1.3118598 1.4127931 1.3065325 1.5668309 1.8019030 1.3022415 0.9938427 1.6666336 2.1926989 1.8602991 2.1118386 1.9450298 1.5856271 1.6785487 1.9913272 1.8719463 1.7278099 1.7532569 1.8200317 1.9154502 3.1419108 3.5293597 2.0165935 3.3544463 1.8693439 
Morvir_scaffold333.g5.t1                                 1.1108014 1.1869325 1.1702550 1.1759761 1.1628822 1.1763547 1.1702629 1.1883056 1.3067095 1.4378430 1.0729895 1.1651396 1.3735476 1.3365165 1.7736313 1.0091606 1.9359704 2.0308601 1.5486758 1.3038423 1.9070364 1.9471612 2.8377794 2.3803637 1.2641145 1.1157513 1.0273230 0.9920632 1.0033704 0.9995161 0.9533393 0.9713341 0.9698469 1.1051007 1.0267141 1.0064090 1.0739311 0.7597266 0.7507433 0.8095255 0.7904223 0.8181401 0.0000000 1.2848824 0.7430788 1.3122502 1.3122502 1.3119506 1.2340526 1.2744450 1.3289817 1.2039029 1.5454855 1.6463572 1.2143242 0.9499434 1.6596673 2.2982217 1.8725789 1.8311541 1.8444805 1.4361255 1.5407147 1.8627716 1.7747452 1.6997188 1.6746695 1.6517737 1.9317315 2.7145100 2.5641481 1.8763343 3.5482218 1.7730522 
Dpul_mRNA10770                                           0.9445745 0.8525378 0.9353365 0.9695730 0.9048214 0.9377815 0.9543463 0.7975135 0.7672468 1.3482336 0.8414966 1.0552056 1.3767537 1.4165375 1.9530772 0.9218419 2.1141419 1.8506192 1.3629081 0.9764375 1.7023719 1.7196751 2.9706366 1.8687959 1.6462382 1.2886997 1.1215134 1.0079790 1.2146249 1.2266457 1.1725272 1.1717396 1.1394074 1.3505568 1.2024484 1.2099657 1.2926287 1.4044019 1.3820473 1.6736758 1.4904833 1.4069705 1.2848824 0.0000000 1.0409477 1.2853311 1.2853311 1.2845628 1.2075273 1.3093889 1.2799699 1.2181881 1.3941422 1.4619371 1.1833364 1.0342705 1.5256408 1.3880633 1.2393727 1.8253838 2.2042643 1.3939619 1.4634816 1.4617663 1.4445173 1.5305688 1.4810410 1.4887799 1.6580803 2.3365901 3.0052698 2.3076720 3.3607352 3.0136624 
Hvul_g6944_1                                             0.9358083 0.8906068 0.9152022 0.9154417 0.8761998 0.8870368 0.8881711 0.8175315 0.9553938 1.0204429 0.9751218 0.9870006 1.0988849 0.9959651 1.2275049 0.8641586 1.3155922 1.2333455 1.0585865 0.7870190 1.3722583 1.4015806 1.5610730 2.6768863 2.4062511 0.8393497 0.8638287 0.8429466 0.8266458 0.8191171 0.8186914 0.7211092 0.7945767 0.8581300 0.8633264 0.8472798 0.8336828 0.6880076 0.6893166 0.4323093 0.8163534 0.7195942 0.7430788 1.0409477 0.0000000 1.0820522 1.0820522 1.0741999 1.1290125 1.0757512 1.1055605 1.1055605 1.3049285 1.4303939 1.1255449 0.7331471 1.7501430 0.8649773 0.8714599 1.4170829 1.2600206 0.9941130 0.9960146 1.4953550 1.2322059 1.3122810 1.2614077 1.2669777 1.6205320 3.0773092 1.5610730 0.0000010 0.9038540 2.3176526 
Hhon_g04125.t1                                           1.0862273 1.1355048 1.1278410 1.0361821 1.0488076 1.0885349 1.0005389 1.0625263 1.2805246 1.2046487 0.8876271 1.1034594 1.1356256 1.2094407 1.4829445 0.9626508 1.7410400 1.6306831 1.3319078 1.0749355 1.5633599 1.6150542 2.3853056 1.4659900 1.3682340 1.1751967 1.0422767 0.9545981 1.1026037 1.0779162 1.0659395 1.0788226 1.0468206 1.1918179 1.1067932 1.1250084 1.1851605 1.2773401 1.3118471 1.5178523 1.3447871 1.3618340 1.3122502 1.2853311 1.0820522 0.0000000 0.0000010 0.0190165 0.0199883 0.0454964 0.0664288 0.0638971 1.4360655 1.5181754 1.2631737 1.2642519 1.9842680 2.2339550 1.9477382 1.7415981 2.1351870 1.4799525 1.5399954 2.5025185 1.5024361 1.5325721 1.5062601 1.5351996 1.5016498 2.0785195 2.9251308 2.0413266 2.8713580 2.7058662 
HoiH04_mRNA5974                                          1.0862273 1.1355048 1.1278410 1.0361821 1.0488076 1.0885349 1.0005389 1.0625263 1.2805246 1.2046487 0.8876271 1.1034594 1.1356256 1.2094407 1.4829445 0.9626508 1.7410400 1.6306831 1.3319078 1.0749355 1.5633599 1.6150542 2.3853056 1.4659900 1.3682340 1.1751967 1.0422767 0.9545981 1.1026037 1.0779162 1.0659395 1.0788226 1.0468206 1.1918179 1.1067932 1.1250084 1.1851605 1.2773401 1.3118471 1.5178523 1.3447871 1.3618340 1.3122502 1.2853311 1.0820522 0.0000010 0.0000000 0.0190165 0.0199883 0.0454964 0.0664288 0.0638971 1.4360655 1.5181754 1.2631737 1.2642519 1.9842680 2.2339550 1.9477382 1.7415981 2.1351870 1.4799525 1.5399954 2.5025185 1.5024361 1.5325721 1.5062601 1.5351996 1.5016498 2.0785195 2.9251308 2.0413266 2.8713580 2.7058662 
HoiH23_PlH23_003052-RA                                   1.0810465 1.1321046 1.1278573 1.0460010 1.0535074 1.0972113 1.0132038 1.0759754 1.2809987 1.1988722 0.8764290 1.0825944 1.1296363 1.2076907 1.4834535 0.9585428 1.7522238 1.6321597 1.3293629 1.0630136 1.5391655 1.5898626 2.3186503 1.4557159 1.3682340 1.1863784 1.0409703 0.9556649 1.1031175 1.0796648 1.0606683 1.0778524 1.0560580 1.1938738 1.1191781 1.1359430 1.1911486 1.2861639 1.3243771 1.5375116 1.3519885 1.3507070 1.3119506 1.2845628 1.0741999 0.0190165 0.0190165 0.0000000 0.0138602 0.0504412 0.0646472 0.0619322 1.4546462 1.5150054 1.2692269 1.2343960 1.9642447 2.2725362 1.9996878 1.7489247 2.1058276 1.4666150 1.5273259 2.4275701 1.5068849 1.5261171 1.5251039 1.5546245 1.5057230 2.0462297 2.9406209 2.0206777 2.8410793 2.6819042 
HoiH06_mRNA13364                                         0.9862836 1.0121387 1.0596488 0.9293661 0.9604695 0.9785464 0.9519373 0.9949538 1.1802609 1.0495288 0.9014691 0.9239757 1.0400012 1.1123819 1.3129842 0.9154131 1.5042145 1.4444610 1.2131092 0.8497959 1.3449823 1.3941924 1.9402734 1.1868904 1.0311782 1.0469363 0.9516122 0.9277117 0.9893622 0.9609915 0.9569572 0.9486994 0.9541230 1.0685491 0.9992097 1.0117335 1.0709816 1.1878820 1.2070486 8.9999988 1.2543018 1.2211149 1.2340526 1.2075273 1.1290125 0.0199883 0.0199883 0.0138602 0.0000000 0.0456750 0.0691967 0.0694763 1.3964237 1.4003839 1.1670806 0.9134948 2.0028805 3.8325797 2.4929607 1.6833542 2.8044170 1.3065234 1.3770842 3.5875980 1.4419173 1.4754826 1.4536676 1.4846452 1.4936480 1.7602036 2.7314890 2.0331158 2.5717899 2.5061039 
HoiH11_mRNA6421                                          1.0718733 1.0936596 1.1301479 1.0187774 1.0458148 1.0832363 1.0324489 1.0589186 1.2766093 1.1640998 0.9064833 1.0274705 1.1450560 1.2176736 1.4905581 0.9695155 1.6838481 1.6787475 1.3519994 1.0910354 1.5669498 1.6187342 2.2966922 1.4229858 1.3682340 1.1414780 1.0278665 0.9069276 1.0663414 1.0448031 1.0325278 1.0276368 1.0381436 1.1324310 1.0657413 1.1049455 1.1690073 1.2870239 1.3126731 1.7319345 1.3424722 1.3118598 1.2744450 1.3093889 1.0757512 0.0454964 0.0454964 0.0504412 0.0456750 0.0000000 0.0698225 0.0655333 1.4556447 1.5162453 1.2454803 1.1795241 1.9091266 2.1222716 1.7328242 1.7573125 1.6133954 1.4155978 1.4773104 2.3912334 1.5097478 1.5182538 1.4989858 1.5370021 1.4716563 2.0718623 2.9406087 2.0574871 2.8140603 2.7094328 
