54
Fspp_ffun1.m4.6327.m1                                   0.0000000 0.1448287 0.3900793 0.2658288 0.2805581 0.1487320 0.7853405 0.8520202 0.8693570 1.7788450 1.1818682 1.2616724 1.2622794 1.8676310 1.4904369 1.3983474 1.3270067 1.8717902 1.7114595 1.8525986 1.8113168 1.9460035 1.2360894 1.3642224 2.3892664 1.9747486 2.1377842 1.4796165 1.4796165 2.2411656 2.5205097 2.7183473 2.6433652 2.7385079 2.7922478 2.5682704 2.2152417 2.1708486 2.5229109 2.6513331 2.5189621 1.9707591 3.0333754 3.0333754 3.4577937 2.4844399 2.5963173 2.7147276 2.7080062 3.0078038 3.1347058 2.9479706 2.9776804 1.8644068 
Gasp_gasp1.m3.12841.m1                                  0.1448287 0.0000000 0.4623745 0.3951229 0.4068335 0.2321489 0.8559168 1.0413030 1.0041572 1.8336693 1.3945657 1.4433335 1.4193005 1.6790406 1.8353615 1.4197372 1.3706149 2.0728045 1.9556944 1.8692509 1.9835201 1.9670022 1.4222899 1.5757814 2.5583628 2.2118497 2.2351838 1.8283866 1.7961525 2.4684769 2.4493935 2.9375264 2.4491090 2.8533134 2.8239422 2.5442238 2.5029455 2.4697935 2.7537760 3.0325936 2.9222772 2.1010306 3.2554445 3.4820484 4.1227862 3.1198273 3.2967945 3.2453538 3.4871859 3.5799757 3.6130226 3.3002983 3.2650558 1.8018948 
Spis_XP_022809099_1                                     0.3900793 0.4623745 0.0000000 0.4966262 0.5036616 0.1899153 0.4474533 1.1397794 0.9972703 1.6247132 1.4393426 1.3273782 1.3611153 1.8568020 1.7325790 1.3262451 1.1712831 1.7526289 1.7336228 1.5488288 1.7052530 1.7343882 1.4306991 1.5566173 2.4167875 1.8993377 1.9873409 1.8502296 1.7903725 1.9684935 2.3512166 2.7195205 2.1822427 2.2250375 2.3828035 2.0399632 2.1891545 2.1924319 2.4756353 2.7387738 3.0930507 2.3798277 3.0615950 2.8135874 3.0162545 3.1156994 3.0805032 3.2193561 2.6422494 2.8745369 2.6773083 2.6950427 2.5418755 2.5077702 
Amil_Amillepora24762-RA                                 0.2658288 0.3951229 0.4966262 0.0000000 0.0088263 0.2814218 0.5495284 0.7631012 0.6564191 1.3024962 1.1567377 1.0104131 0.9966240 1.1033322 1.4073548 1.1266512 1.0744474 1.4143510 1.3132783 1.1668509 1.2506179 1.3640920 0.9880957 1.1532888 1.7980612 1.4847182 1.5143041 1.5285097 1.9497677 1.7174322 1.7917253 1.9209030 1.5825444 1.6686740 1.6971528 1.6109596 1.6220506 1.6220506 1.8454365 2.0037132 2.5104934 2.1260872 2.9737051 2.5705736 2.6207250 2.7661830 2.5165013 3.4510595 2.4968588 2.6918126 2.5011557 2.3684790 2.3057262 2.1624998 
Adig_XM_015898718.1                                     0.2805581 0.4068335 0.5036616 0.0088263 0.0000000 0.2901416 0.5536080 0.7930497 0.7342556 1.3608703 1.2114456 1.0923561 1.0915273 1.2129282 1.4524930 1.1753115 1.0699249 1.5063841 1.4033723 1.2261083 1.3396031 1.4432791 1.0425195 1.1977141 1.7926796 1.4662993 1.5106027 1.5283451 1.9452087 1.7018458 1.8693112 2.0326637 1.6414273 1.7275981 1.7574397 1.6482264 1.6781076 1.6628621 1.9479781 2.1480295 2.5299626 2.0850413 2.9792550 2.5513784 2.6009449 2.7579171 2.5131960 3.4367223 2.4670897 2.6782504 2.4809337 2.3576630 2.2909981 2.2431045 
Pocdam_XM_027184735.1                                   0.1487320 0.2321489 0.1899153 0.2814218 0.2901416 0.0000000 0.5051163 0.7990447 0.7235676 1.4516483 1.2102376 1.1420893 1.0758848 1.2515454 1.3780883 1.2970577 1.0986212 1.5344022 1.4277210 1.3312867 1.3877965 1.4447352 1.0761825 1.1777557 1.8643699 1.5434439 1.5970540 1.4677809 1.9326482 1.7816639 1.8859012 2.0423765 1.7855645 1.8341422 1.9317260 1.7399332 1.8237452 1.8260538 2.1119446 2.2037362 2.6013481 2.2385200 3.1547068 2.5288740 2.8016713 3.0360519 2.6532911 3.5709879 2.4990480 2.4662931 2.4246063 2.2930032 2.3820691 2.3173034 
Gfas_gfas1.m1.14461.m1                                  0.7853405 0.8559168 0.4474533 0.5495284 0.5536080 0.5051163 0.0000000 1.0465845 0.9997491 1.8886734 1.7035088 1.5657004 1.5456661 1.8939476 1.9821689 1.5573644 1.4784958 1.9885624 1.9791541 1.6721511 1.8448434 1.5209034 1.4065966 1.5281512 2.2849370 1.7935080 1.9779329 1.8188116 2.3775066 1.9467294 2.2441394 2.4431085 2.2786049 2.3698776 2.3549843 2.2963038 2.2030273 2.1825984 2.2438216 2.4634607 3.0254685 2.8450475 3.9403646 2.7636330 2.7977534 3.0591744 2.8372648 3.9645672 2.8152264 2.9298735 2.6167357 2.4645069 2.3559802 2.7993435 
Nvec_v1g119986                                          0.8520202 1.0413030 1.1397794 0.7631012 0.7930497 0.7990447 1.0465845 0.0000000 0.4584605 1.3325861 1.1677552 1.0799079 1.0742088 1.1445740 1.5095845 1.2886743 1.1580048 1.2486024 1.4542940 1.4067434 1.3157346 1.4013358 1.2226791 1.3619568 1.3333264 1.5231164 1.5104333 1.5561804 1.9183029 1.9269717 2.0461743 2.2616560 1.6078479 1.7731123 1.7726590 1.6785183 1.5773566 1.5859482 1.8801380 1.8787590 2.1605673 2.3769829 3.4828303 2.7818229 3.0582047 3.8139527 2.8262217 3.7878490 3.1866580 2.9470609 3.3002616 2.9245339 2.7198832 2.3100102 
Exapal_XM_021053175.1                                   0.8693570 1.0041572 0.9972703 0.6564191 0.7342556 0.7235676 0.9997491 0.4584605 0.0000000 1.3473485 1.1137474 0.9890080 0.9200810 1.0874176 1.3564814 1.2333812 1.0326744 1.3769055 1.4280878 1.1832373 1.2520160 1.3261022 1.2010109 1.3636575 1.5029458 1.4779901 1.5170422 1.5972579 1.9714472 1.6950684 2.1118295 2.3892343 1.7356832 1.8281238 1.8259391 1.6381363 1.7238086 1.7232486 1.8542242 1.8864558 2.3151515 2.2132064 3.7544792 2.8470970 2.9607108 3.0894283 2.5929581 3.4799149 2.8793314 2.8719222 2.9346735 2.6221344 2.6004200 2.0480290 
Hvul_g19287_1                                           1.7788450 1.8336693 1.6247132 1.3024962 1.3608703 1.4516483 1.8886734 1.3325861 1.3473485 0.0000000 0.8941275 0.9498676 0.9174211 0.9227048 0.9429612 1.5221029 1.4045760 1.6151578 1.7704053 1.6290111 1.4422806 1.4704120 1.4621851 1.6140013 1.7982575 1.8221752 2.0129234 1.9972381 2.4260881 2.1911502 2.4054818 2.8367509 2.1983783 2.3591181 2.1364527 2.0596471 2.1017813 2.0964959 2.0863428 2.1366483 2.6066817 2.5649756 3.5004830 2.6880922 2.8006693 2.7017771 2.8522639 3.7226115 2.9298584 3.0292006 2.7738333 2.4980612 2.7649083 2.3659334 
Sanmal_Sma_015151-T1                                    1.1818682 1.3945657 1.4393426 1.1567377 1.2114456 1.2102376 1.7035088 1.1677552 1.1137474 0.8941275 0.0000000 0.5777749 0.5723627 0.9000470 1.1053748 1.3221026 1.1059317 1.3458658 1.4895318 1.3521873 1.4353015 1.4863852 1.3007858 1.4140531 1.6961653 1.6185989 1.6347527 1.7915757 2.2157792 1.6945600 1.8827126 2.1469850 2.0662396 2.1958334 2.0744779 1.9943802 1.8150187 1.7990812 2.0003185 1.8167266 2.6001431 1.9397042 3.3874992 2.4901718 2.5672239 2.9490306 2.4898357 3.3156309 2.6597333 2.6435083 2.8064580 2.4874175 2.5087540 2.5511839 
Rhoesc_Res_007627-T1                                    1.2616724 1.4433335 1.3273782 1.0104131 1.0923561 1.1420893 1.5657004 1.0799079 0.9890080 0.9498676 0.5777749 0.0000000 0.2083496 0.8724838 1.2764572 1.3837368 1.1716402 1.5015290 1.4807757 1.2318962 1.3800662 1.4799407 1.4142913 1.4436104 1.6131122 1.7260167 1.7307367 1.7348698 2.1417659 1.6101412 1.8427804 2.0471933 2.0429175 2.0823596 2.2354958 2.0329053 2.0517694 2.0394854 1.8084918 1.7573380 2.4208648 1.9515100 3.3554924 2.6574007 2.9194116 2.8440192 2.5193073 3.2589253 2.7766422 2.7444982 2.7788163 2.5384504 2.5671572 2.2827995 
Nemnom_g5819.t1                                         1.2622794 1.4193005 1.3611153 0.9966240 1.0915273 1.0758848 1.5456661 1.0742088 0.9200810 0.9174211 0.5723627 0.2083496 0.0000000 0.8221052 1.2814470 1.2425127 1.0763715 1.4616342 1.4158131 1.3694010 1.3992873 1.4773858 1.3983481 1.4678045 1.5980978 1.6829493 1.7487489 1.7137454 2.0802908 1.6433990 1.8244689 2.0166962 1.9382686 1.9550181 2.1932882 2.0371080 1.9706681 1.9655949 1.6890782 1.6940163 2.4008010 1.9706985 3.6213996 2.7423879 2.8381753 2.8808175 2.5067009 3.4105394 2.7852289 2.7908930 2.5155800 2.4591269 2.6302760 2.2569022 
Morvir_scaffold69.g83.t1                                1.8676310 1.6790406 1.8568020 1.1033322 1.2129282 1.2515454 1.8939476 1.1445740 1.0874176 0.9227048 0.9000470 0.8724838 0.8221052 0.0000000 1.2191688 1.2733313 1.2573412 1.4983182 1.5576435 1.2688226 1.1910678 1.5063997 1.2486606 1.3881907 1.5215255 1.6662601 1.7458208 1.8369496 2.3240697 1.7332793 1.9209407 2.2154165 1.5947932 1.6382193 1.7437344 1.6433572 1.6101031 1.6273247 1.8615571 1.9870876 2.5717565 2.4877364 3.7621013 2.6027635 2.6635150 3.1476288 2.5956976 3.4928207 2.6326321 2.4848947 2.4856627 2.1914403 2.4403934 2.6141737 
Chem_TCONS_00050113                                     1.4904369 1.8353615 1.7325790 1.4073548 1.4524930 1.3780883 1.9821689 1.5095845 1.3564814 0.9429612 1.1053748 1.2764572 1.2814470 1.2191688 0.0000000 1.5777440 1.4825310 1.7482456 1.7980631 1.6804023 1.5088139 1.5856040 1.5983655 1.7635980 1.8383915 1.7894201 1.7206485 1.6205610 2.0082515 1.8749121 2.3832928 2.7473342 2.3382122 2.3920789 2.4778207 2.0985415 2.0814629 2.1015724 2.1910273 2.2612506 2.2998513 2.2459110 3.5699164 2.5609541 2.9626436 2.5200324 2.3986218 3.2640114 2.5821184 2.4751423 2.5837359 2.3442882 2.2516370 2.5066481 
Bralan_BLAG14000842_1                                   1.3983474 1.4197372 1.3262451 1.1266512 1.1753115 1.2970577 1.5573644 1.2886743 1.2333812 1.5221029 1.3221026 1.3837368 1.2425127 1.2733313 1.5777440 0.0000000 0.9218932 1.0904116 1.3830836 1.4424400 1.4172027 1.1540487 1.3819315 1.4583917 1.5771647 1.5406517 1.6783600 1.6093567 2.0086298 1.7341660 2.0837027 2.2746631 1.8735324 1.9742282 2.1460632 1.8367318 1.7988090 1.7826928 2.0828466 2.1190490 2.3283267 2.3264392 2.8177144 2.3952993 2.5928127 2.8341874 2.3242064 3.0394972 2.2536455 2.3589146 2.4708436 2.3477974 2.1607054 2.1319040 
Hsap_ENST00000340473                                    1.3270067 1.3706149 1.1712831 1.0744474 1.0699249 1.0986212 1.4784958 1.1580048 1.0326744 1.4045760 1.1059317 1.1716402 1.0763715 1.2573412 1.4825310 0.9218932 0.0000000 1.0075611 1.1708175 1.1676263 1.1394109 1.0498471 1.3527399 1.5538512 1.3309137 1.5191135 1.4787049 1.3600284 1.6668781 1.4950273 1.7332504 1.8741649 1.8596085 2.0138882 1.9222208 1.7049480 1.7465364 1.7302476 2.0573171 1.9096752 2.1318655 1.7889592 3.5781121 2.7580861 2.8527762 2.6765813 2.4575470 3.1574705 2.5841970 2.5489399 2.4077962 2.3544332 2.5072990 1.8782261 
Acagra_model.g17464.t1                                  1.8717902 2.0728045 1.7526289 1.4143510 1.5063841 1.5344022 1.9885624 1.2486024 1.3769055 1.6151578 1.3458658 1.5015290 1.4616342 1.4983182 1.7482456 1.0904116 1.0075611 0.0000000 1.1494993 1.1586877 1.2717623 1.0745267 1.5700459 1.6108596 1.5437267 1.6438216 1.5688696 1.5256083 2.0278792 1.6550984 2.0836467 2.2629628 2.1046399 2.1317743 2.1712426 1.8893080 1.9404600 1.9538817 2.0606790 2.1843417 2.3271030 2.1459053 3.1263554 2.5742725 2.7508489 3.2877306 2.4016275 3.1521672 2.3332716 2.3624100 2.3507975 2.5425949 2.5485656 2.0599208 
Cgig_XM_011435377.3                                     1.7114595 1.9556944 1.7336228 1.3132783 1.4033723 1.4277210 1.9791541 1.4542940 1.4280878 1.7704053 1.4895318 1.4807757 1.4158131 1.5576435 1.7980631 1.3830836 1.1708175 1.1494993 0.0000000 1.2088169 1.3762104 1.2412098 1.7848574 1.8332993 1.4869194 1.4011591 1.5222599 1.3874096 1.7603592 1.6885257 1.8484096 2.0422454 2.1867925 2.3151183 2.3266114 2.1468825 2.0901118 2.0846184 1.9930785 1.8636285 2.3137965 1.9624748 3.0358985 2.3353465 2.7031000 2.5979652 2.1785137 2.9133258 2.2538779 2.2590190 1.9855799 1.9168983 2.1989846 2.5229819 
Dpul_mRNA22247                                          1.8525986 1.8692509 1.5488288 1.1668509 1.2261083 1.3312867 1.6721511 1.4067434 1.1832373 1.6290111 1.3521873 1.2318962 1.3694010 1.2688226 1.6804023 1.4424400 1.1676263 1.1586877 1.2088169 0.0000000 0.6823955 1.3683748 1.4409309 1.5185446 1.5130256 1.7247350 1.7169416 1.7322077 2.2297200 1.7045268 1.8461678 1.9622439 2.1935857 2.2456863 2.2799148 2.0372097 2.1475394 2.1465591 2.1046660 2.1796568 2.1015285 2.4543880 4.0620522 2.9500816 3.0856402 3.1034572 2.7031615 3.4645466 2.8657623 2.8109488 2.6884103 2.3856113 2.7309036 1.8905186 
Tcas_TC013555_001                                       1.8113168 1.9835201 1.7052530 1.2506179 1.3396031 1.3877965 1.8448434 1.3157346 1.2520160 1.4422806 1.4353015 1.3800662 1.3992873 1.1910678 1.5088139 1.4172027 1.1394109 1.2717623 1.3762104 0.6823955 0.0000000 1.4624053 1.5525902 1.5484605 1.6009661 1.7014400 1.6457390 1.6906661 2.2692612 1.5116635 1.8194219 1.8698214 2.1432689 2.3250611 2.1637042 1.9708907 2.0287679 2.0279301 2.2047506 2.0485908 2.2513532 2.1273420 3.8011538 3.0071413 3.1068628 3.1095949 2.6546946 3.5508943 2.9258820 2.9413022 2.7403762 2.5890530 2.9683614 1.8357821 
Ctel_gnl_WGS_AMQN_CAPTEDRAFT_mRNA544                    1.9460035 1.9670022 1.7343882 1.3640920 1.4432791 1.4447352 1.5209034 1.4013358 1.3261022 1.4704120 1.4863852 1.4799407 1.4773858 1.5063997 1.5856040 1.1540487 1.0498471 1.0745267 1.2412098 1.3683748 1.4624053 0.0000000 1.7638932 1.9855965 1.5539264 1.6383816 1.7280421 1.5614335 2.0618602 1.7736568 2.0289814 2.2798419 2.0697189 2.0357583 2.0945677 1.8968842 2.0033816 1.9814398 1.8716090 1.8662402 2.4886692 2.3348221 2.6912553 2.1646845 2.4157414 2.6292864 2.3345637 3.0861187 2.1957047 2.2689694 2.2057462 2.1827641 2.1734459 2.4155816 
Dgig_XM_028547195.1                                     1.2360894 1.4222899 1.4306991 0.9880957 1.0425195 1.0761825 1.4065966 1.2226791 1.2010109 1.4621851 1.3007858 1.4142913 1.3983481 1.2486606 1.5983655 1.3819315 1.3527399 1.5700459 1.7848574 1.4409309 1.5525902 1.7638932 0.0000000 0.4116626 1.8309106 1.6576594 1.5758828 1.7294578 2.2554671 1.6780461 1.8460890 1.9312552 2.0321389 2.0777801 2.0411593 2.0529122 1.8641598 1.8741703 2.0621163 2.0307121 2.3385319 2.6457161 3.0138996 2.3233395 2.3075877 2.8980550 2.3334772 3.1055672 2.5577227 2.3215935 2.2432588 2.2653610 2.1964672 2.5442179 
Xesp_014354-T1                                          1.3642224 1.5757814 1.5566173 1.1532888 1.1977141 1.1777557 1.5281512 1.3619568 1.3636575 1.6140013 1.4140531 1.4436104 1.4678045 1.3881907 1.7635980 1.4583917 1.5538512 1.6108596 1.8332993 1.5185446 1.5484605 1.9855965 0.4116626 0.0000000 1.8646094 1.6882679 1.5763324 1.7219604 2.0981953 1.7545955 1.9968216 1.9918316 1.9521612 2.0083186 1.9272621 1.9207710 1.8024581 1.8019526 1.9935340 2.0716165 2.4137209 2.5520162 3.3145426 2.4227562 2.5966567 3.2330959 2.4145782 3.3085257 2.7433473 2.5576977 2.5467805 2.4114654 2.4222979 2.6472993 
Spur_XM_030981690.1                                     2.3892664 2.5583628 2.4167875 1.7980612 1.7926796 1.8643699 2.2849370 1.3333264 1.5029458 1.7982575 1.6961653 1.6131122 1.5980978 1.5215255 1.8383915 1.5771647 1.3309137 1.5437267 1.4869194 1.5130256 1.6009661 1.5539264 1.8309106 1.8646094 0.0000000 1.6730418 1.7198929 1.6946410 2.1166531 1.8407495 1.9197869 2.1782801 1.9779491 1.9537203 1.9818704 1.9373590 2.0214649 2.0407932 2.0381853 2.1080492 2.4216120 2.1847489 3.9204318 3.0929493 3.2180136 3.8782945 3.0716418 4.0265798 2.8651538 2.8618847 2.8112294 2.7039151 2.8905961 2.5853106 
Emue_Em0021g884a.t1                                     1.9747486 2.2118497 1.8993377 1.4847182 1.4662993 1.5434439 1.7935080 1.5231164 1.4779901 1.8221752 1.6185989 1.7260167 1.6829493 1.6662601 1.7894201 1.5406517 1.5191135 1.6438216 1.4011591 1.7247350 1.7014400 1.6383816 1.6576594 1.6882679 1.6730418 0.0000000 0.1506569 0.8409259 1.1614315 1.0113756 1.6756115 1.7389876 2.1379662 2.1574406 2.0595809 2.0992170 2.1209221 2.0995810 2.1376557 2.1117557 2.3126966 1.2395608 3.3866068 2.7494206 2.7241469 3.1895284 2.5208864 3.4899511 2.8899402 2.6136741 2.7897477 2.6981442 2.7109797 3.0820725 
Spolac_c103912_g2_i2_m.36969c103912-g2                  2.1377842 2.2351838 1.9873409 1.5143041 1.5106027 1.5970540 1.9779329 1.5104333 1.5170422 2.0129234 1.6347527 1.7307367 1.7487489 1.7458208 1.7206485 1.6783600 1.4787049 1.5688696 1.5222599 1.7169416 1.6457390 1.7280421 1.5758828 1.5763324 1.7198929 0.1506569 0.0000000 0.8240045 1.0697118 1.0409162 1.8483658 1.9452303 2.1608362 2.1584104 2.2035993 2.0774331 2.1415978 2.1627794 2.1195910 2.1864389 2.1099662 1.1707529 3.7755961 2.9226794 3.1407008 3.3088227 2.7217647 3.6393932 2.9708835 2.6943404 2.7910572 2.6920348 2.8295579 2.8454579 
Tetwil_g11781.t1                                        1.4796165 1.8283866 1.8502296 1.5285097 1.5283451 1.4677809 1.8188116 1.5561804 1.5972579 1.9972381 1.7915757 1.7348698 1.7137454 1.8369496 1.6205610 1.6093567 1.3600284 1.5256083 1.3874096 1.7322077 1.6906661 1.5614335 1.7294578 1.7219604 1.6946410 0.8409259 0.8240045 0.0000000 0.1354637 1.2678304 1.8551558 1.8880031 2.6313978 2.6989134 2.7779077 2.2990633 2.5329022 2.5594788 1.8972802 1.8483684 1.7837514 1.3324693 3.4439816 2.8178226 3.0110840 3.2301546 2.8346336 3.4972865 2.6259743 2.4872087 2.5490049 2.3016675 2.5922315 2.4633205 
Tetwil_g11780.t1                                        1.4796165 1.7961525 1.7903725 1.9497677 1.9452087 1.9326482 2.3775066 1.9183029 1.9714472 2.4260881 2.2157792 2.1417659 2.0802908 2.3240697 2.0082515 2.0086298 1.6668781 2.0278792 1.7603592 2.2297200 2.2692612 2.0618602 2.2554671 2.0981953 2.1166531 1.1614315 1.0697118 0.1354637 0.0000000 1.5844051 2.3671320 2.4965672 3.3124329 3.3842253 3.5199207 2.9448600 3.1926345 3.2279747 2.2837356 2.2364827 2.3488235 1.3152976 3.4439816 3.5679529 4.0356924 3.2197879 3.6825901 3.8927356 3.1504163 3.3291267 3.3737657 3.0949820 3.2703741 2.4645175 
Aque_Aqu2.1.40992_001                                   2.2411656 2.4684769 1.9684935 1.7174322 1.7018458 1.7816639 1.9467294 1.9269717 1.6950684 2.1911502 1.6945600 1.6101412 1.6433990 1.7332793 1.8749121 1.7341660 1.4950273 1.6550984 1.6885257 1.7045268 1.5116635 1.7736568 1.6780461 1.7545955 1.8407495 1.0113756 1.0409162 1.2678304 1.5844051 0.0000000 1.8471184 1.9572430 2.3657268 2.3608595 2.5173936 2.1983562 2.2456977 2.2243170 2.0023445 2.0494905 2.1542295 0.9574332 3.3228477 2.8379265 2.8563130 3.2466901 2.5955894 3.2121089 2.8889167 2.6799734 2.7196971 2.7301670 2.8435089 2.3835491 
Opea_EP00118_Oscarella_pearsei_P021587                  2.5205097 2.4493935 2.3512166 1.7917253 1.8693112 1.8859012 2.2441394 2.0461743 2.1118295 2.4054818 1.8827126 1.8427804 1.8244689 1.9209407 2.3832928 2.0837027 1.7332504 2.0836467 1.8484096 1.8461678 1.8194219 2.0289814 1.8460890 1.9968216 1.9197869 1.6756115 1.8483658 1.8551558 2.3671320 1.8471184 0.0000000 0.0094593 2.3026331 2.1823899 2.4778282 2.3179128 2.2192681 2.2132035 2.1830323 2.2531061 2.5630531 2.3490659 3.9918827 3.1606946 3.0724061 3.1646750 3.0017642 3.5476647 3.0824500 2.9740965 2.9011399 2.3778031 2.9193515 3.5007790 
Ocar_g3723                                              2.7183473 2.9375264 2.7195205 1.9209030 2.0326637 2.0423765 2.4431085 2.2616560 2.3892343 2.8367509 2.1469850 2.0471933 2.0166962 2.2154165 2.7473342 2.2746631 1.8741649 2.2629628 2.0422454 1.9622439 1.8698214 2.2798419 1.9312552 1.9918316 2.1782801 1.7389876 1.9452303 1.8880031 2.4965672 1.9572430 0.0094593 0.0000000 2.3653278 2.2209157 2.5482990 2.3654854 2.2882253 2.2810922 2.4393774 2.4951542 2.7870961 2.6712485 4.8571448 3.3306446 3.2383154 3.5103974 3.1928978 3.8738068 3.3069207 3.1655090 3.0403149 2.5353023 3.1051884 3.9069058 
HoiH23_PlH23_006274-RA                                  2.6433652 2.4491090 2.1822427 1.5825444 1.6414273 1.7855645 2.2786049 1.6078479 1.7356832 2.1983783 2.0662396 2.0429175 1.9382686 1.5947932 2.3382122 1.8735324 1.8596085 2.1046399 2.1867925 2.1935857 2.1432689 2.0697189 2.0321389 1.9521612 1.9779491 2.1379662 2.1608362 2.6313978 3.3124329 2.3657268 2.3026331 2.3653278 0.0000000 0.1014637 0.1729329 0.2755081 0.3570667 0.3561228 2.8523601 2.9273660 2.7656368 3.0208407 4.1755963 3.0991858 2.9137589 3.8818670 3.0306641 4.0579598 2.9519148 2.8323553 2.8828846 2.8564772 2.7326667 3.4370444 
HoiH06_mRNA9672                                         2.7385079 2.8533134 2.2250375 1.6686740 1.7275981 1.8341422 2.3698776 1.7731123 1.8281238 2.3591181 2.1958334 2.0823596 1.9550181 1.6382193 2.3920789 1.9742282 2.0138882 2.1317743 2.3151183 2.2456863 2.3250611 2.0357583 2.0777801 2.0083186 1.9537203 2.1574406 2.1584104 2.6989134 3.3842253 2.3608595 2.1823899 2.2209157 0.1014637 0.0000000 0.2272310 0.3139580 0.4359773 0.4348426 2.8614784 2.9986501 2.8383387 3.1226642 4.1880161 3.2686847 3.0856249 3.9074120 3.1013008 4.0848954 3.0720509 2.9890317 3.0417036 2.9097892 2.7581896 3.7141752 
HoiH04_mRNA11858                                        2.7922478 2.8239422 2.3828035 1.6971528 1.7574397 1.9317260 2.3549843 1.7726590 1.8259391 2.1364527 2.0744779 2.2354958 2.1932882 1.7437344 2.4778207 2.1460632 1.9222208 2.1712426 2.3266114 2.2799148 2.1637042 2.0945677 2.0411593 1.9272621 1.9818704 2.0595809 2.2035993 2.7779077 3.5199207 2.5173936 2.4778282 2.5482990 0.1729329 0.2272310 0.0000000 0.2559261 0.3662637 0.3652372 2.9047217 2.9659595 3.1974966 3.3349659 4.7147398 3.4803731 3.2527674 4.1431040 3.1128048 4.2311388 3.1937423 3.1225241 3.0641454 3.1159692 2.9795002 3.8800184 
HoiH11_mRNA7930                                         2.5682704 2.5442238 2.0399632 1.6109596 1.6482264 1.7399332 2.2963038 1.6785183 1.6381363 2.0596471 1.9943802 2.0329053 2.0371080 1.6433572 2.0985415 1.8367318 1.7049480 1.8893080 2.1468825 2.0372097 1.9708907 1.8968842 2.0529122 1.9207710 1.9373590 2.0992170 2.0774331 2.2990633 2.9448600 2.1983562 2.3179128 2.3654854 0.2755081 0.3139580 0.2559261 0.0000000 0.4419736 0.4407694 2.7827675 2.7499386 2.8783240 2.8782850 3.4514525 2.9426373 2.7138295 3.7265273 2.8674243 3.9059556 2.6955785 2.7383987 2.9245795 2.9077935 2.7368348 3.0964590 
TrH2_TrispH2_010648-RA                                  2.2152417 2.5029455 2.1891545 1.6220506 1.6781076 1.8237452 2.2030273 1.5773566 1.7238086 2.1017813 1.8150187 2.0517694 1.9706681 1.6101031 2.0814629 1.7988090 1.7465364 1.9404600 2.0901118 2.1475394 2.0287679 2.0033816 1.8641598 1.8024581 2.0214649 2.1209221 2.1415978 2.5329022 3.1926345 2.2456977 2.2192681 2.2882253 0.3570667 0.4359773 0.3662637 0.4419736 0.0000000 0.0042209 2.8615502 2.8518188 2.5737218 2.6476771 3.9607066 3.1517173 3.1199536 3.7027209 2.9520036 3.8916125 2.8750217 3.0305954 3.2638139 2.9672214 2.7051455 3.3454273 
Tadh_TriadT59521                                        2.1708486 2.4697935 2.1924319 1.6220506 1.6628621 1.8260538 2.1825984 1.5859482 1.7232486 2.0964959 1.7990812 2.0394854 1.9655949 1.6273247 2.1015724 1.7826928 1.7302476 1.9538817 2.0846184 2.1465591 2.0279301 1.9814398 1.8741703 1.8019526 2.0407932 2.0995810 2.1627794 2.5594788 3.2279747 2.2243170 2.2132035 2.2810922 0.3561228 0.4348426 0.3652372 0.4407694 0.0042209 0.0000000 2.8641713 2.8507905 2.5728539 2.6163691 4.0425448 3.1849676 3.1524478 3.6711171 2.9343954 3.8672919 2.9056426 3.0631299 3.3056744 2.9585144 2.7327212 3.3827314 
Lcom_lcpid99859                                         2.5229109 2.7537760 2.4756353 1.8454365 1.9479781 2.1119446 2.2438216 1.8801380 1.8542242 2.0863428 2.0003185 1.8084918 1.6890782 1.8615571 2.1910273 2.0828466 2.0573171 2.0606790 1.9930785 2.1046660 2.2047506 1.8716090 2.0621163 1.9935340 2.0381853 2.1376557 2.1195910 1.8972802 2.2837356 2.0023445 2.1830323 2.4393774 2.8523601 2.8614784 2.9047217 2.7827675 2.8615502 2.8641713 0.0000000 0.5666561 1.8955553 2.4907474 2.8117487 2.4843841 2.4544844 3.0549752 2.6560967 3.2612323 2.5785296 2.4055580 2.4720190 2.3696503 2.6792710 3.4723832 
Scil_scict014574.1                                      2.6513331 3.0325936 2.7387738 2.0037132 2.1480295 2.2037362 2.4634607 1.8787590 1.8864558 2.1366483 1.8167266 1.7573380 1.6940163 1.9870876 2.2612506 2.1190490 1.9096752 2.1843417 1.8636285 2.1796568 2.0485908 1.8662402 2.0307121 2.0716165 2.1080492 2.1117557 2.1864389 1.8483684 2.2364827 2.0494905 2.2531061 2.4951542 2.9273660 2.9986501 2.9659595 2.7499386 2.8518188 2.8507905 0.5666561 0.0000000 1.7210313 2.3048390 3.0222281 2.8615488 2.7669566 3.2626474 2.7854274 3.2635755 2.8866434 2.5379813 2.5256130 2.4332683 2.6009652 3.5545656 
Clacor_Ccor_scaffold10791_01                            2.5189621 2.9222772 3.0930507 2.5104934 2.5299626 2.6013481 3.0254685 2.1605673 2.3151515 2.6066817 2.6001431 2.4208648 2.4008010 2.5717565 2.2998513 2.3283267 2.1318655 2.3271030 2.3137965 2.1015285 2.2513532 2.4886692 2.3385319 2.4137209 2.4216120 2.3126966 2.1099662 1.7837514 2.3488235 2.1542295 2.5630531 2.7870961 2.7656368 2.8383387 3.1974966 2.8783240 2.5737218 2.5728539 1.8955553 1.7210313 0.0000000 2.4205503 3.0842151 2.7855611 3.0420556 3.8125898 3.0170269 4.0498555 3.0198671 2.9302972 3.0069654 2.8863721 2.8365564 3.4732578 
Xestes_maker-XT_scaffold36139-augustus-gene-0.24-mRNA-1 1.9707591 2.1010306 2.3798277 2.1260872 2.0850413 2.2385200 2.8450475 2.3769829 2.2132064 2.5649756 1.9397042 1.9515100 1.9706985 2.4877364 2.2459110 2.3264392 1.7889592 2.1459053 1.9624748 2.4543880 2.1273420 2.3348221 2.6457161 2.5520162 2.1847489 1.2395608 1.1707529 1.3324693 1.3152976 0.9574332 2.3490659 2.6712485 3.0208407 3.1226642 3.3349659 2.8782850 2.6476771 2.6163691 2.4907474 2.3048390 2.4205503 0.0000000 3.5790074 3.8073305 4.5115751 3.2827320 3.2630412 3.2712338 3.2460176 3.5291911 4.0871059 3.5553707 3.3302698 2.3937357 
Coemet_Cmet_scaffold21505_01                            3.0333754 3.2554445 3.0615950 2.9737051 2.9792550 3.1547068 3.9403646 3.4828303 3.7544792 3.5004830 3.3874992 3.3554924 3.6213996 3.7621013 3.5699164 2.8177144 3.5781121 3.1263554 3.0358985 4.0620522 3.8011538 2.6912553 3.0138996 3.3145426 3.9204318 3.3866068 3.7755961 3.4439816 3.4439816 3.3228477 3.9918827 4.8571448 4.1755963 4.1880161 4.7147398 3.4514525 3.9607066 4.0425448 2.8117487 3.0222281 3.0842151 3.5790074 0.0000000 0.0079731 0.3561602 0.9684772 0.7078888 0.6910228 0.7847622 0.7077362 0.8017679 0.8150142 0.5774103 3.7966322 
Coeast_Cast_sb769395                                    3.0333754 3.4820484 2.8135874 2.5705736 2.5513784 2.5288740 2.7636330 2.7818229 2.8470970 2.6880922 2.4901718 2.6574007 2.7423879 2.6027635 2.5609541 2.3952993 2.7580861 2.5742725 2.3353465 2.9500816 3.0071413 2.1646845 2.3233395 2.4227562 3.0929493 2.7494206 2.9226794 2.8178226 3.5679529 2.8379265 3.1606946 3.3306446 3.0991858 3.2686847 3.4803731 2.9426373 3.1517173 3.1849676 2.4843841 2.8615488 2.7855611 3.8073305 0.0079731 0.0000000 0.3563738 0.8291883 0.6830777 0.9481955 0.7631691 0.6566130 0.7785104 0.7361391 0.5809637 3.7992298 
Vmul_sbMO429190                                         3.4577937 4.1227862 3.0162545 2.6207250 2.6009449 2.8016713 2.7977534 3.0582047 2.9607108 2.8006693 2.5672239 2.9194116 2.8381753 2.6635150 2.9626436 2.5928127 2.8527762 2.7508489 2.7031000 3.0856402 3.1068628 2.4157414 2.3075877 2.5966567 3.2180136 2.7241469 3.1407008 3.0110840 4.0356924 2.8563130 3.0724061 3.2383154 2.9137589 3.0856249 3.2527674 2.7138295 3.1199536 3.1524478 2.4544844 2.7669566 3.0420556 4.5115751 0.3561602 0.3563738 0.0000000 0.9033474 0.8620506 1.1832882 0.9186736 0.8385804 0.8542200 0.8534633 0.7615695 3.9877520 
Pbac_sb2667651                                          2.4844399 3.1198273 3.1156994 2.7661830 2.7579171 3.0360519 3.0591744 3.8139527 3.0894283 2.7017771 2.9490306 2.8440192 2.8808175 3.1476288 2.5200324 2.8341874 2.6765813 3.2877306 2.5979652 3.1034572 3.1095949 2.6292864 2.8980550 3.2330959 3.8782945 3.1895284 3.3088227 3.2301546 3.2197879 3.2466901 3.1646750 3.5103974 3.8818670 3.9074120 4.1431040 3.7265273 3.7027209 3.6711171 3.0549752 3.2626474 3.8125898 3.2827320 0.9684772 0.8291883 0.9033474 0.0000000 0.1256200 0.1324641 0.8711793 0.7777911 0.7483554 0.6186927 0.9258947 3.5097418 
Horcal_Hcv1.av93.c3.g1032.i1                            2.5963173 3.2967945 3.0805032 2.5165013 2.5131960 2.6532911 2.8372648 2.8262217 2.5929581 2.8522639 2.4898357 2.5193073 2.5067009 2.5956976 2.3986218 2.3242064 2.4575470 2.4016275 2.1785137 2.7031615 2.6546946 2.3345637 2.3334772 2.4145782 3.0716418 2.5208864 2.7217647 2.8346336 3.6825901 2.5955894 3.0017642 3.1928978 3.0306641 3.1013008 3.1128048 2.8674243 2.9520036 2.9343954 2.6560967 2.7854274 3.0170269 3.2630412 0.7078888 0.6830777 0.8620506 0.1256200 0.0000000 0.1442641 0.7446527 0.6313328 0.6651494 0.5259475 0.7540559 3.6649187 
Pbac_sb2664116                                          2.7147276 3.2453538 3.2193561 3.4510595 3.4367223 3.5709879 3.9645672 3.7878490 3.4799149 3.7226115 3.3156309 3.2589253 3.4105394 3.4928207 3.2640114 3.0394972 3.1574705 3.1521672 2.9133258 3.4645466 3.5508943 3.0861187 3.1055672 3.3085257 4.0265798 3.4899511 3.6393932 3.4972865 3.8927356 3.2121089 3.5476647 3.8738068 4.0579598 4.0848954 4.2311388 3.9059556 3.8916125 3.8672919 3.2612323 3.2635755 4.0498555 3.2712338 0.6910228 0.9481955 1.1832882 0.1324641 0.1442641 0.0000000 0.9889898 0.8530317 1.0050372 0.8044005 1.0174230 3.8494346 
Mlei_ML0327.g5.i1                                       2.7080062 3.4871859 2.6422494 2.4968588 2.4670897 2.4990480 2.8152264 3.1866580 2.8793314 2.9298584 2.6597333 2.7766422 2.7852289 2.6326321 2.5821184 2.2536455 2.5841970 2.3332716 2.2538779 2.8657623 2.9258820 2.1957047 2.5577227 2.7433473 2.8651538 2.8899402 2.9708835 2.6259743 3.1504163 2.8889167 3.0824500 3.3069207 2.9519148 3.0720509 3.1937423 2.6955785 2.8750217 2.9056426 2.5785296 2.8866434 3.0198671 3.2460176 0.7847622 0.7631691 0.9186736 0.8711793 0.7446527 0.9889898 0.0000000 0.3983634 0.4971482 0.6107572 0.6640275 3.7485112 
Beraby_Baby_sb340072                                    3.0078038 3.5799757 2.8745369 2.6918126 2.6782504 2.4662931 2.9298735 2.9470609 2.8719222 3.0292006 2.6435083 2.7444982 2.7908930 2.4848947 2.4751423 2.3589146 2.5489399 2.3624100 2.2590190 2.8109488 2.9413022 2.2689694 2.3215935 2.5576977 2.8618847 2.6136741 2.6943404 2.4872087 3.3291267 2.6799734 2.9740965 3.1655090 2.8323553 2.9890317 3.1225241 2.7383987 3.0305954 3.0631299 2.4055580 2.5379813 2.9302972 3.5291911 0.7077362 0.6566130 0.8385804 0.7777911 0.6313328 0.8530317 0.3983634 0.0000000 0.3797260 0.4991042 0.5318553 4.2140100 
Drygla_Dgla_sb285936                                    3.1347058 3.6130226 2.6773083 2.5011557 2.4809337 2.4246063 2.6167357 3.3002616 2.9346735 2.7738333 2.8064580 2.7788163 2.5155800 2.4856627 2.5837359 2.4708436 2.4077962 2.3507975 1.9855799 2.6884103 2.7403762 2.2057462 2.2432588 2.5467805 2.8112294 2.7897477 2.7910572 2.5490049 3.3737657 2.7196971 2.9011399 3.0403149 2.8828846 3.0417036 3.0641454 2.9245795 3.2638139 3.3056744 2.4720190 2.5256130 3.0069654 4.0871059 0.8017679 0.7785104 0.8542200 0.7483554 0.6651494 1.0050372 0.4971482 0.3797260 0.0000000 0.4840887 0.7078645 4.4551705 
Mertsp_Mesp_sb560340                                    2.9479706 3.3002983 2.6950427 2.3684790 2.3576630 2.2930032 2.4645069 2.9245339 2.6221344 2.4980612 2.4874175 2.5384504 2.4591269 2.1914403 2.3442882 2.3477974 2.3544332 2.5425949 1.9168983 2.3856113 2.5890530 2.1827641 2.2653610 2.4114654 2.7039151 2.6981442 2.6920348 2.3016675 3.0949820 2.7301670 2.3778031 2.5353023 2.8564772 2.9097892 3.1159692 2.9077935 2.9672214 2.9585144 2.3696503 2.4332683 2.8863721 3.5553707 0.8150142 0.7361391 0.8534633 0.6186927 0.5259475 0.8044005 0.6107572 0.4991042 0.4840887 0.0000000 0.5875495 4.3799486 
Lampan_Lpan_12760_01                                    2.9776804 3.2650558 2.5418755 2.3057262 2.2909981 2.3820691 2.3559802 2.7198832 2.6004200 2.7649083 2.5087540 2.5671572 2.6302760 2.4403934 2.2516370 2.1607054 2.5072990 2.5485656 2.1989846 2.7309036 2.9683614 2.1734459 2.1964672 2.4222979 2.8905961 2.7109797 2.8295579 2.5922315 3.2703741 2.8435089 2.9193515 3.1051884 2.7326667 2.7581896 2.9795002 2.7368348 2.7051455 2.7327212 2.6792710 2.6009652 2.8365564 3.3302698 0.5774103 0.5809637 0.7615695 0.9258947 0.7540559 1.0174230 0.6640275 0.5318553 0.7078645 0.5875495 0.0000000 3.8500648 
Cscu_XM_023386699.1                                     1.8644068 1.8018948 2.5077702 2.1624998 2.2431045 2.3173034 2.7993435 2.3100102 2.0480290 2.3659334 2.5511839 2.2827995 2.2569022 2.6141737 2.5066481 2.1319040 1.8782261 2.0599208 2.5229819 1.8905186 1.8357821 2.4155816 2.5442179 2.6472993 2.5853106 3.0820725 2.8454579 2.4633205 2.4645175 2.3835491 3.5007790 3.9069058 3.4370444 3.7141752 3.8800184 3.0964590 3.3454273 3.3827314 3.4723832 3.5545656 3.4732578 2.3937357 3.7966322 3.7992298 3.9877520 3.5097418 3.6649187 3.8494346 3.7485112 4.2140100 4.4551705 4.3799486 3.8500648 0.0000000 
