60
Lcom_lcpid21617                                               0.0000000 0.2155466 0.4416084 0.8566174 0.8406410 0.9241886 0.8515463 0.7846946 0.8300815 0.7490665 0.8012031 0.7627117 0.7561856 0.7054354 0.7627896 0.7141500 0.8845918 0.8814253 0.8744883 0.8724744 1.0387004 1.0202169 0.8741266 1.2263014 1.1661732 1.2998271 1.1042117 0.9968986 1.0587739 0.9158120 1.0479567 1.0676648 1.2678345 1.2126899 1.0344776 1.1254805 1.3014917 1.2675936 1.2092980 1.2379607 1.2191150 1.3535832 1.1583908 1.1583908 1.1944690 1.1377323 1.7217524 1.6765265 1.9028561 1.6770034 1.6415009 1.7978531 1.9678837 1.7107650 1.6383658 1.6474863 1.5913622 1.7677108 1.5232958 1.6729332 
Scil_scict002739.1                                            0.2155466 0.0000000 0.4363469 0.9416753 0.8859375 0.9575477 0.8330282 0.8369011 0.9067193 0.8193721 0.9196677 0.8086943 0.7395885 0.7637900 0.7727623 0.7181383 0.8427272 0.8426846 0.9050508 0.8650735 0.9667033 1.0217161 0.9782679 1.1429770 1.1746564 1.3494940 1.0524868 1.2150763 1.0017551 0.9716730 1.0997246 1.0411845 1.2745266 1.3110341 1.0986851 1.1536365 1.2478558 1.2358542 1.1379427 1.1631427 1.1561486 1.2521079 1.1242850 1.1242850 1.2541810 1.2086940 1.7463365 1.7529132 1.9453536 1.7253780 1.7619811 1.7937995 2.0000417 1.7186187 1.7089428 1.7043392 1.6789450 1.9036906 1.5594006 1.6622074 
Clacor_Ccor_scaffold13204_01                                  0.4416084 0.4363469 0.0000000 0.9488504 0.9791855 0.8590081 0.9131269 0.7731134 1.5000106 0.7583821 0.7568172 0.5969127 0.7876753 0.8018035 0.8286281 0.8101504 0.8157116 0.9363874 0.8033991 1.9227030 0.9674984 1.0658243 0.9766135 1.0140157 1.1536225 1.4979762 1.2264911 1.0254047 1.2670267 0.8465629 1.0982888 0.9462093 1.2931722 1.2131456 0.9435948 1.0622848 1.2750267 1.3787865 1.3270406 1.3755142 1.3211944 1.3755142 1.3637751 1.3637751 1.3468742 1.1343574 1.0850150 1.1186779 1.3554643 1.3554643 1.3124031 1.2097601 1.2998692 1.5390906 1.2285958 1.3440656 1.2910702 1.4600888 1.4172498 1.0718504 
Emue_Em0012g482a.t1                                           0.8566174 0.9416753 0.9488504 0.0000000 0.1676216 0.6187785 0.6972406 0.5201259 0.7924572 0.4927488 0.7208161 0.9522496 0.9312572 0.9152493 1.0262865 0.9822399 1.0712547 1.0251624 1.0601142 1.0720838 1.0586095 0.9762047 1.0589607 1.1194298 1.0063313 1.2297335 1.0963359 1.0071379 1.5122994 1.1017641 1.1660804 1.2080783 1.4515622 1.4117080 1.1388089 1.2266604 1.2885703 1.4428552 1.2801282 1.3744399 1.2959609 1.3744399 1.3055211 1.3055211 1.3888808 1.2175906 2.1786752 2.2253871 1.8520397 1.8520397 1.7847523 1.8708191 2.0697893 1.7584005 1.7681483 1.8047209 1.8042854 1.9272161 1.4658143 1.0967434 
Spolac_c56186_g1_i1_m.1572c56186-g1                           0.8406410 0.8859375 0.9791855 0.1676216 0.0000000 0.6728930 0.7437243 0.5198450 0.6406387 0.4620443 0.6350258 0.8981319 0.8651490 0.8622484 0.9615085 0.9214283 1.0498913 0.9336700 1.0758572 1.0568442 0.9635024 0.9229086 1.0429969 1.0422370 0.8922957 1.0436246 1.0694298 1.0498109 1.3569896 1.1148766 1.1963031 1.1717377 1.3709717 1.2779915 1.0396768 1.1629465 1.2462081 1.4384218 1.2620478 1.3139245 1.2474894 1.4338896 1.2717455 1.2717455 1.3285464 1.1169466 2.0106250 1.9868888 1.8415282 1.6973021 1.7600420 1.8020283 2.1731171 1.7001615 1.7337537 1.7298568 1.7186641 1.7847172 1.5238392 1.0081857 
Aque_Aqu2.1.26954_001                                         0.9241886 0.9575477 0.8590081 0.6187785 0.6728930 0.0000000 0.2341762 0.5111773 0.9976336 0.5131906 0.8429787 0.8440129 1.1738796 1.1133816 1.1209090 1.1856273 1.4589054 1.1785778 1.2396668 1.1144814 1.1920584 1.2522432 1.1435251 1.1751916 1.0450549 1.2147273 1.0751703 1.0070715 1.4032381 1.0169425 1.4715217 1.2665402 1.6481837 1.6411573 1.2955220 1.4153122 1.1700154 1.5192019 1.2133000 1.2788421 1.4211465 1.5567983 1.2873714 1.2873714 1.4419256 1.3117452 2.0253400 1.9494125 1.9760411 1.8271062 1.7418222 1.9747566 2.2503625 1.8890496 1.8479359 1.6878118 1.9136679 1.7349475 1.8377904 1.1260709 
Xestes_maker-XT_scaffold178760-augustus-gene-0.23-mRNA-1      0.8515463 0.8330282 0.9131269 0.6972406 0.7437243 0.2341762 0.0000000 0.5288653 1.0385829 0.5628454 0.8146630 0.8646155 1.1400959 1.0123681 1.0049410 1.0915531 1.4324411 1.1591427 1.1921152 0.9338582 1.2415072 1.2344131 1.0641419 1.1975604 1.0680264 1.2203229 1.0727170 1.0113911 1.2807190 0.9548042 1.3765498 1.2741802 1.6269685 1.5776528 1.1464197 1.4384634 1.1774086 1.4356138 1.2292809 1.2772990 1.3572096 1.4893857 1.2688875 1.2688875 1.3175120 1.2628686 1.7850765 1.7232011 1.8272505 1.6800605 1.6445184 1.6997264 2.0154169 1.6958562 1.6731605 1.5763865 1.7566808 1.6605731 1.7058583 1.3097069 
Tetwil_g18234.t1                                              0.7846946 0.8369011 0.7731134 0.5201259 0.5198450 0.5111773 0.5288653 0.0000000 0.6562989 0.3547102 0.6251211 0.7141082 0.8999278 0.9660992 0.9801974 0.9210830 1.0929629 0.9941274 0.9525625 1.0385825 0.9450131 0.9002671 0.9914473 0.9548651 0.8507519 0.9666879 0.9738732 0.8179029 1.2198493 0.9231186 1.1159142 0.9861690 1.1838349 1.1409763 1.0189462 1.1668518 1.1086139 1.3570866 1.1246288 1.1699722 1.2687900 1.3497221 1.1626149 1.1626149 1.2017961 1.0742653 1.6324937 1.6605574 1.6614087 1.5649402 1.3548376 1.5268481 1.8984586 1.7266748 1.3734039 1.4041577 1.5577003 1.5689298 1.6936301 0.9356657 
Stycar_snap_masked-SC_scaffold52088-processed-gene-0.5-mRNA-1 0.8300815 0.9067193 1.5000106 0.7924572 0.6406387 0.9976336 1.0385829 0.6562989 0.0000000 0.0171900 0.8195102 1.1568029 0.8717601 1.0018433 1.0772444 0.7901462 4.4296703 1.1446043 1.2115941 1.0451062 1.0001616 0.9025460 1.1304037 1.0921318 0.7559071 0.7559071 1.1345451 1.4961881 0.8752459 1.3578891 1.1816285 1.0263613 1.2458368 1.2145033 1.1187640 1.4078818 1.3809153 0.0000010 1.0894096 1.0625983 1.3690319 1.4655864 1.0435479 1.0435479 1.4190129 1.3583575 2.4817114 2.4210503 3.1726125 2.1556668 2.0455626 2.2646420 3.5121998 2.0747363 2.2241455 2.1819263 2.1053082 2.3103754 1.5717252 5.5863563 
Stycar_maker-SC_scaffold7277-snap-gene-0.77-mRNA-1            0.7490665 0.8193721 0.7583821 0.4927488 0.4620443 0.5131906 0.5628454 0.3547102 0.0171900 0.0000000 0.5442057 0.7484224 0.8632805 0.8968857 0.9370911 0.8605531 1.0366473 1.0590300 1.0288739 1.0628020 0.9094688 0.9103222 1.0399090 0.9757377 0.8080434 0.9880226 1.0117918 0.9988251 1.0826896 1.0559449 1.1059221 0.9525830 1.2033466 1.1039838 0.9321399 1.1696595 1.1225554 1.3951247 1.1790662 1.1735266 1.2211234 1.3386277 1.1196831 1.1196831 1.2729811 1.0351530 1.7433950 1.7274760 1.7258099 1.5644499 1.6107150 1.5734141 1.9359467 1.6367693 1.5780570 1.4944035 1.6742280 1.5072400 1.6754937 0.3381935 
Plespi_Pspi_scaffold16274_01                                  0.8012031 0.9196677 0.7568172 0.7208161 0.6350258 0.8429787 0.8146630 0.6251211 0.8195102 0.5442057 0.0000000 0.8178522 0.7814769 0.7815646 0.8196640 0.8738778 0.8005302 0.8361405 0.8623742 1.0710628 0.8967366 0.9571462 0.9579528 1.0443918 0.9005184 1.0460258 0.9966215 0.8389253 0.9986884 0.9808083 0.9329720 0.8272980 0.9962605 0.9416523 0.9641755 1.0492005 1.0067492 1.1787065 1.1710430 1.2025138 1.2044549 1.3402661 1.0952088 1.0952088 1.2913467 1.0028330 1.6091800 1.5980108 1.9662179 1.6473140 1.3070515 1.8407003 2.2249734 1.7024990 1.4300603 1.4972452 1.6208150 1.5600389 1.8666368 1.8252765 
Plajan_Pjan_C543084_01                                        0.7627117 0.8086943 0.5969127 0.9522496 0.8981319 0.8440129 0.8646155 0.7141082 1.1568029 0.7484224 0.8178522 0.0000000 0.7163118 0.7449136 0.7338874 0.7359957 0.6610924 0.8601409 0.7480330 1.0375493 0.9371225 1.0106067 0.8719557 0.8589256 0.8788349 1.0505352 0.7147714 0.7085422 0.9786163 0.8187331 1.0470642 0.9275526 1.2184592 1.1385789 1.0269133 0.8108550 1.0955115 0.9409721 0.9526432 1.0397367 1.0543708 1.0431689 1.0010282 1.0010282 1.2510975 1.1233378 1.6204093 1.6887994 1.6701188 1.5407122 1.5081102 1.5736761 1.7784556 1.7199688 1.4331466 1.4866633 1.7099207 1.6539033 1.6993455 1.2417975 
Fspp_ffun1.m4.14696.m1                                        0.7561856 0.7395885 0.7876753 0.9312572 0.8651490 1.1738796 1.1400959 0.8999278 0.8717601 0.8632805 0.7814769 0.7163118 0.0000000 0.0941359 0.1751053 0.1495275 0.1362598 0.3929279 0.3913411 0.3951635 0.7066011 0.6535522 0.8169385 1.0112991 0.9147084 1.0514208 0.9181862 0.8922948 1.1357206 1.0539876 0.8125513 0.8428112 1.0545346 0.9615621 0.7644413 0.7971800 1.1012626 1.0583788 1.0300878 1.0721774 1.0502441 1.1528780 1.0133768 1.0133768 1.1056957 1.0185253 1.7064347 1.7407359 2.0776867 1.7532109 1.6125558 1.8970427 2.1476873 1.8323129 1.6840056 1.6679612 1.8797470 2.1266733 1.7615000 1.5459265 
Gasp_gasp1.m3.10555.m1                                        0.7054354 0.7637900 0.8018035 0.9152493 0.8622484 1.1133816 1.0123681 0.9660992 1.0018433 0.8968857 0.7815646 0.7449136 0.0941359 0.0000000 0.1292582 0.1897515 0.1667572 0.3916765 0.4069027 0.2783716 0.7368807 0.6720855 0.8434448 0.9793738 0.9351972 1.0752359 0.9073305 0.9077110 1.1725474 1.0068445 0.8389273 0.8549255 1.0806671 0.9853569 0.7945992 0.8344360 1.1026187 1.0579681 1.0983009 1.1582395 1.1174639 1.2442197 1.0667558 1.0667558 1.1242157 0.9934519 1.7240170 1.7583139 2.0860560 1.7611624 1.6777237 1.8359306 2.0571435 1.8692813 1.6690100 1.6851970 1.9016926 2.0946772 1.7294853 1.6712582 
Pocdam_XM_027204643.1                                         0.7627896 0.7727623 0.8286281 1.0262865 0.9615085 1.1209090 1.0049410 0.9801974 1.0772444 0.9370911 0.8196640 0.7338874 0.1751053 0.1292582 0.0000000 0.2500961 0.1663467 0.4459956 0.5015372 0.2664755 0.7254007 0.7045855 0.8582833 1.0430298 0.9710925 1.1278629 0.9324057 0.8801842 1.2243289 1.0484911 0.8861222 0.8432796 1.0499893 1.0005544 0.8032853 0.8368750 1.0782238 1.0305217 1.1350817 1.2199567 1.1918947 1.3235267 1.1297353 1.1297353 1.1232358 1.0678235 1.7586660 1.7940234 2.1630249 1.8295067 1.6637900 1.8754179 2.1179078 1.8245562 1.6539220 1.6915271 1.8869327 2.1333319 1.7295608 1.6219529 
Amil_Amillepora26536-RA                                       0.7141500 0.7181383 0.8101504 0.9822399 0.9214283 1.1856273 1.0915531 0.9210830 0.7901462 0.8605531 0.8738778 0.7359957 0.1495275 0.1897515 0.2500961 0.0000000 0.0939685 0.3792254 0.4378390 0.4762507 0.6499303 0.6534789 0.8579816 1.0408509 0.9978868 1.1432033 0.8718412 0.8985426 1.1509511 1.0067013 0.8124080 0.8628122 1.1037598 1.0553923 0.8823690 0.8590774 1.2311210 1.0711704 1.0306768 1.0955944 1.1659727 1.2103506 1.0399152 1.0399152 1.1353506 1.0279759 1.7472786 1.7828416 2.0148966 1.7508815 1.7619779 1.9750203 1.9633436 1.8922187 1.6861289 1.7101372 1.9290577 2.0149282 1.7220270 1.6241742 
Gfas_gfas1.m1.2003.m1                                         0.8845918 0.8427272 0.8157116 1.0712547 1.0498913 1.4589054 1.4324411 1.0929629 4.4296703 1.0366473 0.8005302 0.6610924 0.1362598 0.1667572 0.1663467 0.0939685 0.0000000 0.3614852 0.4219229 0.8112508 0.6486626 0.7020330 0.9530215 1.2393048 1.0728540 1.3327470 1.0124045 0.8694800 1.3312525 1.1507073 0.7959572 0.8790722 1.2160621 1.0710953 0.8212200 0.8930900 1.1784552 1.0847926 1.1145499 1.2352910 1.0117442 1.2232886 1.1395234 1.1395234 1.2937841 1.0196032 1.7456477 1.7688568 1.7511005 1.7378647 1.6431219 1.6851083 1.7581058 1.7869316 1.5411496 1.6509086 1.9350183 2.1183349 1.8677264 1.7628818 
Nvec_v1g161954                                                0.8814253 0.8426846 0.9363874 1.0251624 0.9336700 1.1785778 1.1591427 0.9941274 1.1446043 1.0590300 0.8361405 0.8601409 0.3929279 0.3916765 0.4459956 0.3792254 0.3614852 0.0000000 0.4402105 0.7477610 0.7198720 0.7201831 0.7948496 0.9812573 0.9101918 0.9549657 1.0280181 0.9663960 1.0677670 1.0542195 0.9355660 0.8336799 1.1688880 1.0232225 0.9328962 1.0648347 1.0917179 1.1033459 1.1652244 1.2085783 1.1224580 1.3827900 1.0921254 1.0921254 1.1332452 0.9768413 2.0622216 2.0320742 2.1191389 1.8791216 2.0185428 2.0772734 2.4063901 2.2889683 1.9209058 1.9569154 2.0661876 2.3394406 1.7803199 2.0825662 
Exapal_XM_021051261.2                                         0.8744883 0.9050508 0.8033991 1.0601142 1.0758572 1.2396668 1.1921152 0.9525625 1.2115941 1.0288739 0.8623742 0.7480330 0.3913411 0.4069027 0.5015372 0.4378390 0.4219229 0.4402105 0.0000000 0.8008429 0.6699739 0.7241936 0.8625643 1.1564477 0.9929251 1.1081769 0.9957426 0.9281934 1.1482271 1.0430742 0.9211115 0.9260833 1.2261351 1.1795483 0.8894389 0.9060998 1.2174873 1.1087665 1.2394865 1.3509609 1.2284088 1.5138183 1.2283816 1.2283816 1.2680908 1.1239123 1.8795412 1.8811352 2.0018005 1.7207945 1.8165479 1.9449803 2.1812121 2.0544693 1.8484171 1.7615482 2.1113343 2.2363667 1.7446710 1.8361248 
Spis_XP_022798376_1                                           0.8724744 0.8650735 1.9227030 1.0720838 1.0568442 1.1144814 0.9338582 1.0385825 1.0451062 1.0628020 1.0710628 1.0375493 0.3951635 0.2783716 0.2664755 0.4762507 0.8112508 0.7477610 0.8008429 0.0000000 1.1238016 1.0052376 0.8213341 1.0111132 1.1275121 1.1275121 1.1120124 0.9380308 1.1227439 1.1736019 1.0855068 1.1284933 1.1977585 1.2885783 1.2112168 1.1463865 1.1638005 4.2599868 1.4536991 1.4438275 1.7571887 1.6390091 1.4374232 1.4374232 1.4088619 1.5004784 2.4299672 2.4780111 3.9219295 2.6038288 2.5356202 3.5913398 3.5812591 2.5574698 2.5434691 2.5472937 2.8509714 3.0201196 2.0163966 2.2154781 
Dgig_XM_028547220.1                                           1.0387004 0.9667033 0.9674984 1.0586095 0.9635024 1.1920584 1.2415072 0.9450131 1.0001616 0.9094688 0.8967366 0.9371225 0.7066011 0.7368807 0.7254007 0.6499303 0.6486626 0.7198720 0.6699739 1.1238016 0.0000000 0.2690235 0.9316194 1.0733779 0.8963381 0.9736166 0.9514883 1.1624342 1.1536118 1.0147838 1.0740553 0.9359503 1.2592595 1.1740731 1.0189473 1.0462658 1.1920570 1.2480260 1.1655997 1.2714190 1.2714457 1.4282479 1.1415472 1.1415472 1.3068542 1.2205140 1.9815535 2.0325101 2.0103991 1.8379794 1.7645728 2.0414313 2.4940000 1.9703376 1.8897066 1.8370877 1.9391941 2.1077662 1.8869921 1.6253917 
Xesp_021469-T1                                                1.0202169 1.0217161 1.0658243 0.9762047 0.9229086 1.2522432 1.2344131 0.9002671 0.9025460 0.9103222 0.9571462 1.0106067 0.6535522 0.6720855 0.7045855 0.6534789 0.7020330 0.7201831 0.7241936 1.0052376 0.2690235 0.0000000 0.9601586 1.0730975 0.8976226 1.0623571 0.9734213 1.0823419 1.3239794 1.1559660 1.1442729 1.0079088 1.2462080 1.1314617 1.0136589 0.9817076 1.1862587 1.2318872 1.2635172 1.3489560 1.2439353 1.4687569 1.1847472 1.1847472 1.3249837 1.1611507 1.9032011 1.9738141 1.7928685 1.6212098 1.6911288 1.8841441 2.2623431 1.8861708 1.6080347 1.5458645 1.8040776 2.0512255 1.7863084 1.6224057 
Ctel_gnl_WGS_AMQN_CAPTEDRAFT_mRNA161891                       0.8741266 0.9782679 0.9766135 1.0589607 1.0429969 1.1435251 1.0641419 0.9914473 1.1304037 1.0399090 0.9579528 0.8719557 0.8169385 0.8434448 0.8582833 0.8579816 0.9530215 0.7948496 0.8625643 0.8213341 0.9316194 0.9601586 0.0000000 0.7198789 0.7120536 0.8861415 0.7647432 0.8561697 0.9394474 0.8570107 1.1688952 1.0565499 1.1815789 1.1339248 1.0325348 1.0200388 0.8090478 1.1748803 1.1892071 1.1833487 1.3393646 1.3011952 1.1959227 1.1959227 0.8957003 1.0858284 1.8560361 1.8741338 2.0541824 1.7896073 1.7883667 1.8839980 2.3180988 1.8828651 1.6206462 1.6795422 1.8109203 2.0057471 1.4467304 2.2402888 
Cgig_XM_011420041.3                                           1.2263014 1.1429770 1.0140157 1.1194298 1.0422370 1.1751916 1.1975604 0.9548651 1.0921318 0.9757377 1.0443918 0.8589256 1.0112991 0.9793738 1.0430298 1.0408509 1.2393048 0.9812573 1.1564477 1.0111132 1.0733779 1.0730975 0.7198789 0.0000000 0.6424902 0.7768756 0.6277316 0.8132272 0.9538196 1.2002704 1.2831262 1.0545016 1.4209431 1.2869673 1.0872889 1.1005036 0.8201322 1.3480000 1.0926055 1.0776489 1.2998825 1.1918934 1.0566968 1.0566968 0.9099980 1.3211124 1.8307101 1.8794539 2.2968803 1.9645437 1.8833664 2.1673771 2.4656949 2.0884576 1.7644543 1.8783152 2.1484138 1.9152276 1.5194520 1.8770627 
Acagra_model.g21538.t1                                        1.1661732 1.1746564 1.1536225 1.0063313 0.8922957 1.0450549 1.0680264 0.8507519 0.7559071 0.8080434 0.9005184 0.8788349 0.9147084 0.9351972 0.9710925 0.9978868 1.0728540 0.9101918 0.9929251 1.1275121 0.8963381 0.8976226 0.7120536 0.6424902 0.0000000 0.1291290 0.6626607 0.7002596 0.9169910 1.0088401 1.2283752 1.0581567 1.2648249 1.2044188 1.1020900 1.0879249 0.8741036 1.5004319 1.1774666 1.2150935 1.3968325 1.4090719 1.1872682 1.1872682 0.8607607 1.2061262 1.7202871 1.7339991 1.8004554 1.6295407 1.4859108 1.6914118 2.3544626 1.7305910 1.5003060 1.4456702 1.7714352 1.6878231 1.3860961 2.1694522 
Acagra_model.g21538.t1.1.5d3b8a5e                             1.2998271 1.3494940 1.4979762 1.2297335 1.0436246 1.2147273 1.2203229 0.9666879 0.7559071 0.9880226 1.0460258 1.0505352 1.0514208 1.0752359 1.1278629 1.1432033 1.3327470 0.9549657 1.1081769 1.1275121 0.9736166 1.0623571 0.8861415 0.7768756 0.1291290 0.0000000 0.8212726 0.9951143 0.9118040 1.1887453 1.3653893 1.1674109 1.5037881 1.4050100 1.2615467 1.2053861 1.0762124 2.1423453 1.3473295 1.4139926 1.6428998 1.6642842 1.3594076 1.3594076 1.1176523 1.4751878 1.9902944 1.9839713 2.1412512 1.8872206 1.7802237 2.0223370 2.8664947 2.0026521 1.8412413 1.7712340 2.0129855 2.0171811 1.7907706 5.4708918 
Skow_XM_002733738.2                                           1.1042117 1.0524868 1.2264911 1.0963359 1.0694298 1.0751703 1.0727170 0.9738732 1.1345451 1.0117918 0.9966215 0.7147714 0.9181862 0.9073305 0.9324057 0.8718412 1.0124045 1.0280181 0.9957426 1.1120124 0.9514883 0.9734213 0.7647432 0.6277316 0.6626607 0.8212726 0.0000000 0.7568384 0.8091049 0.9029906 1.3168848 1.1001906 1.3175439 1.2940126 1.1181183 1.0115084 0.7656293 1.4355964 1.2417239 1.2497330 1.2457978 1.4094280 1.2046875 1.2046875 0.9771932 1.2724827 1.9254748 1.9581174 2.0117713 1.7722523 1.8174492 1.9558863 2.3570814 1.9804984 1.5573518 1.5519428 1.9151027 1.8996159 1.5879698 2.5207406 
Spur_XM_030974306.1                                           0.9968986 1.2150763 1.0254047 1.0071379 1.0498109 1.0070715 1.0113911 0.8179029 1.4961881 0.9988251 0.8389253 0.7085422 0.8922948 0.9077110 0.8801842 0.8985426 0.8694800 0.9663960 0.9281934 0.9380308 1.1624342 1.0823419 0.8561697 0.8132272 0.7002596 0.9951143 0.7568384 0.0000000 1.1779359 1.0670293 1.0695637 1.0769501 1.2492145 1.2149465 1.1772000 1.1118033 0.9326086 1.1624703 1.1247275 1.1725415 1.2861970 1.3462833 1.0933875 1.0933875 0.9992547 1.2071168 1.8323412 1.8603865 1.7245179 1.5754282 1.4483413 1.7298364 2.1934582 1.6719840 1.5548597 1.5767225 2.2223108 1.7504768 1.5484383 1.7245306 
Bralan_BLAG17000591_1                                         1.0587739 1.0017551 1.2670267 1.5122994 1.3569896 1.4032381 1.2807190 1.2198493 0.8752459 1.0826896 0.9986884 0.9786163 1.1357206 1.1725474 1.2243289 1.1509511 1.3312525 1.0677670 1.1482271 1.1227439 1.1536118 1.3239794 0.9394474 0.9538196 0.9169910 0.9118040 0.8091049 1.1779359 0.0000000 0.9510561 1.1825786 1.2187668 1.5190634 1.4560447 1.0551926 1.3026544 0.9541775 1.7939192 1.3173994 1.3265798 1.4860776 1.4704908 1.2756180 1.2756180 1.3259781 1.7239423 2.0445085 2.0588325 2.6564156 2.2167793 2.2026797 2.4938971 2.7093870 2.3858769 2.0416518 2.0312362 2.1918765 2.2979348 1.7152721 3.0663696 
Opea_EP00118_Oscarella_pearsei_P026524                        0.9158120 0.9716730 0.8465629 1.1017641 1.1148766 1.0169425 0.9548042 0.9231186 1.3578891 1.0559449 0.9808083 0.8187331 1.0539876 1.0068445 1.0484911 1.0067013 1.1507073 1.0542195 1.0430742 1.1736019 1.0147838 1.1559660 0.8570107 1.2002704 1.0088401 1.1887453 0.9029906 1.0670293 0.9510561 0.0000000 1.1091267 1.1184705 1.1474866 1.2685200 1.0672570 1.0640899 1.0274750 1.2483798 1.1674738 1.2460720 1.2716651 1.3919911 1.1954378 1.1954378 1.1359094 1.1069719 1.6985537 1.6431563 1.7477362 1.5422377 1.5850677 1.5933650 2.0380749 1.6258733 1.5319140 1.6435520 1.5942024 1.7224177 1.4154646 2.0917185 
Sanmal_Sma_023487-T1                                          1.0479567 1.0997246 1.0982888 1.1660804 1.1963031 1.4715217 1.3765498 1.1159142 1.1816285 1.1059221 0.9329720 1.0470642 0.8125513 0.8389273 0.8861222 0.8124080 0.7959572 0.9355660 0.9211115 1.0855068 1.0740553 1.1442729 1.1688952 1.2831262 1.2283752 1.3653893 1.3168848 1.0695637 1.1825786 1.1091267 0.0000000 0.4883528 0.8501734 0.8489507 0.9993542 0.9638858 1.2648677 1.2831786 1.3209045 1.3512092 1.3692863 1.5631770 1.3046641 1.3046641 1.4621526 1.1986753 2.3272746 2.2605213 2.3958951 1.9597532 2.1148418 2.2049349 2.5860956 2.2316418 2.1118036 2.1125153 2.0748951 2.4349597 1.6578991 2.2470227 
Aaur_scaffold825.g2.t2                                        1.0676648 1.0411845 0.9462093 1.2080783 1.1717377 1.2665402 1.2741802 0.9861690 1.0263613 0.9525830 0.8272980 0.9275526 0.8428112 0.8549255 0.8432796 0.8628122 0.8790722 0.8336799 0.9260833 1.1284933 0.9359503 1.0079088 1.0565499 1.0545016 1.0581567 1.1674109 1.1001906 1.0769501 1.2187668 1.1184705 0.4883528 0.0000000 0.6181688 0.6370807 0.9318146 0.9076038 1.2077435 1.3612680 1.3423323 1.4232522 1.3883097 1.5950700 1.3044651 1.3044651 1.3320103 1.0587754 1.7846957 1.8017251 2.1407832 1.8437516 1.8331146 2.0756937 2.4139392 1.8973634 1.8216647 1.7250951 1.9571497 2.0174421 1.7450557 1.7989112 
Nemnom_g2944.t1                                               1.2678345 1.2745266 1.2931722 1.4515622 1.3709717 1.6481837 1.6269685 1.1838349 1.2458368 1.2033466 0.9962605 1.2184592 1.0545346 1.0806671 1.0499893 1.1037598 1.2160621 1.1688880 1.2261351 1.1977585 1.2592595 1.2462080 1.1815789 1.4209431 1.2648249 1.5037881 1.3175439 1.2492145 1.5190634 1.1474866 0.8501734 0.6181688 0.0000000 0.2478908 1.1735555 1.1034463 1.4889005 1.6269355 1.4550391 1.5271819 1.5404175 1.6646768 1.5138289 1.5138289 1.4092100 1.0597795 2.0148773 1.9680856 2.1392827 1.8753026 1.7300165 2.0758198 2.5676842 2.1061363 1.8132215 1.7553107 2.1008039 1.9235339 1.6895164 2.1625147 
Rhoesc_Res_004189-T1                                          1.2126899 1.3110341 1.2131456 1.4117080 1.2779915 1.6411573 1.5776528 1.1409763 1.2145033 1.1039838 0.9416523 1.1385789 0.9615621 0.9853569 1.0005544 1.0553923 1.0710953 1.0232225 1.1795483 1.2885783 1.1740731 1.1314617 1.1339248 1.2869673 1.2044188 1.4050100 1.2940126 1.2149465 1.4560447 1.2685200 0.8489507 0.6370807 0.2478908 0.0000000 1.1538972 1.0438447 1.4087682 1.6818627 1.5309250 1.5940210 1.5969057 1.7221005 1.5498414 1.5498414 1.2529002 0.9812947 2.0525296 2.0046533 2.2710075 1.9402558 1.8362827 2.1822155 2.7120378 2.1563687 1.8230841 1.7122854 2.1255969 1.9788275 1.6566140 2.1533486 
Chem_TCONS_00060522                                           1.0344776 1.0986851 0.9435948 1.1388089 1.0396768 1.2955220 1.1464197 1.0189462 1.1187640 0.9321399 0.9641755 1.0269133 0.7644413 0.7945992 0.8032853 0.8823690 0.8212200 0.9328962 0.8894389 1.2112168 1.0189473 1.0136589 1.0325348 1.0872889 1.1020900 1.2615467 1.1181183 1.1772000 1.0551926 1.0672570 0.9993542 0.9318146 1.1735555 1.1538972 0.0000000 0.5561166 1.2725777 1.3783225 1.2810288 1.3840025 1.3381324 1.4945968 1.3170879 1.3170879 1.1993188 1.0598140 1.7407091 1.8236899 2.0609662 1.7667708 1.7440149 1.9846731 2.2824615 1.7365302 1.5518075 1.4685819 1.6102483 1.8092157 1.4167690 1.8722432 
Hvul_g6215_1                                                  1.1254805 1.1536365 1.0622848 1.2266604 1.1629465 1.4153122 1.4384634 1.1668518 1.4078818 1.1696595 1.0492005 0.8108550 0.7971800 0.8344360 0.8368750 0.8590774 0.8930900 1.0648347 0.9060998 1.1463865 1.0462658 0.9817076 1.0200388 1.1005036 1.0879249 1.2053861 1.0115084 1.1118033 1.3026544 1.0640899 0.9638858 0.9076038 1.1034463 1.0438447 0.5561166 0.0000000 1.2113473 1.1687327 1.3227684 1.4513355 1.3956606 1.5710162 1.2886707 1.2886707 1.3017655 0.9628940 1.9517018 1.8536635 2.0173413 1.6901054 1.9246704 2.0265226 2.0530963 1.9078970 1.8693130 1.8037005 1.9526600 1.9905563 1.5171105 2.0640502 
Hsap_ENST00000253794                                          1.3014917 1.2478558 1.2750267 1.2885703 1.2462081 1.1700154 1.1774086 1.1086139 1.3809153 1.1225554 1.0067492 1.0955115 1.1012626 1.1026187 1.0782238 1.2311210 1.1784552 1.0917179 1.2174873 1.1638005 1.1920570 1.1862587 0.8090478 0.8201322 0.8741036 1.0762124 0.7656293 0.9326086 0.9541775 1.0274750 1.2648677 1.2077435 1.4889005 1.4087682 1.2725777 1.2113473 0.0000000 1.4978815 1.3944405 1.4141399 1.5499198 1.5926840 1.3741122 1.3741122 1.2553840 1.5255410 2.0482759 2.1540594 2.5957435 2.1715952 2.0247082 2.5447102 2.8991338 2.2123127 1.7996943 1.9518463 2.4538268 2.1911494 1.4905339 2.0760023 
HoiH23_PlH23_003432-RA                                        1.2675936 1.2358542 1.3787865 1.4428552 1.4384218 1.5192019 1.4356138 1.3570866 0.0000010 1.3951247 1.1787065 0.9409721 1.0583788 1.0579681 1.0305217 1.0711704 1.0847926 1.1033459 1.1087665 4.2599868 1.2480260 1.2318872 1.1748803 1.3480000 1.5004319 2.1423453 1.4355964 1.1624703 1.7939192 1.2483798 1.2831786 1.3612680 1.6269355 1.6818627 1.3783225 1.1687327 1.4978815 0.0000000 0.0251085 0.0685248 0.0526719 0.0685248 0.0820070 0.0820070 1.5579520 1.3899797 2.0812131 2.1349813 1.8795296 1.8795296 1.9398820 1.8384985 1.9106079 2.3332054 1.9617197 2.3009674 2.5353635 2.2046680 1.9562762 2.3416766 
HoiH06_mRNA13872                                              1.2092980 1.1379427 1.3270406 1.2801282 1.2620478 1.2133000 1.2292809 1.1246288 1.0894096 1.1790662 1.1710430 0.9526432 1.0300878 1.0983009 1.1350817 1.0306768 1.1145499 1.1652244 1.2394865 1.4536991 1.1655997 1.2635172 1.1892071 1.0926055 1.1774666 1.3473295 1.2417239 1.1247275 1.3173994 1.1674738 1.3209045 1.3423323 1.4550391 1.5309250 1.2810288 1.3227684 1.3944405 0.0251085 0.0000000 0.0707405 0.1501592 0.1749746 0.1147358 0.1147358 1.3851002 1.3644597 2.2723572 2.2139744 2.1109112 1.9549497 2.1285384 2.1344363 2.6068706 2.4144811 2.2042981 2.4363070 2.6908222 2.1657817 2.0297919 2.6867114 
Hhon_g07378.t1                                                1.2379607 1.1631427 1.3755142 1.3744399 1.3139245 1.2788421 1.2772990 1.1699722 1.0625983 1.1735266 1.2025138 1.0397367 1.0721774 1.1582395 1.2199567 1.0955944 1.2352910 1.2085783 1.3509609 1.4438275 1.2714190 1.3489560 1.1833487 1.0776489 1.2150935 1.4139926 1.2497330 1.1725415 1.3265798 1.2460720 1.3512092 1.4232522 1.5271819 1.5940210 1.3840025 1.4513355 1.4141399 0.0685248 0.0707405 0.0000000 0.1677704 0.1059634 0.1459039 0.1459039 1.4419766 1.4726850 2.3845443 2.3513668 2.2838571 2.1018827 2.2431380 2.2629066 2.7292490 2.5259102 2.3404652 2.5155110 2.7356345 2.2472990 2.0809024 2.5555468 
HoiH11_mRNA2555                                               1.2191150 1.1561486 1.3211944 1.2959609 1.2474894 1.4211465 1.3572096 1.2687900 1.3690319 1.2211234 1.2044549 1.0543708 1.0502441 1.1174639 1.1918947 1.1659727 1.0117442 1.1224580 1.2284088 1.7571887 1.2714457 1.2439353 1.3393646 1.2998825 1.3968325 1.6428998 1.2457978 1.2861970 1.4860776 1.2716651 1.3692863 1.3883097 1.5404175 1.5969057 1.3381324 1.3956606 1.5499198 0.0526719 0.1501592 0.1677704 0.0000000 0.1491316 0.1460939 0.1460939 1.6290311 1.4319123 2.3810426 2.4458921 2.1319252 2.2580043 2.2472987 2.1651464 2.4689123 2.6328039 2.3599545 2.6409511 3.0170251 2.2749211 2.2653773 2.5660686 
HoiH04_mRNA17893                                              1.3535832 1.2521079 1.3755142 1.3744399 1.4338896 1.5567983 1.4893857 1.3497221 1.4655864 1.3386277 1.3402661 1.0431689 1.1528780 1.2442197 1.3235267 1.2103506 1.2232886 1.3827900 1.5138183 1.6390091 1.4282479 1.4687569 1.3011952 1.1918934 1.4090719 1.6642842 1.4094280 1.3462833 1.4704908 1.3919911 1.5631770 1.5950700 1.6646768 1.7221005 1.4945968 1.5710162 1.5926840 0.0685248 0.1749746 0.1059634 0.1491316 0.0000000 0.2458375 0.2458375 1.5926524 1.4726850 2.6606972 2.6157796 2.2627959 2.2329994 2.5114043 2.2629066 2.7514286 2.6711300 2.4997083 2.7645172 2.9671016 2.5558248 2.3060354 2.5555468 
TrH2_TrispH2_002936-RA                                        1.1583908 1.1242850 1.3637751 1.3055211 1.2717455 1.2873714 1.2688875 1.1626149 1.0435479 1.1196831 1.0952088 1.0010282 1.0133768 1.0667558 1.1297353 1.0399152 1.1395234 1.0921254 1.2283816 1.4374232 1.1415472 1.1847472 1.1959227 1.0566968 1.1872682 1.3594076 1.2046875 1.0933875 1.2756180 1.1954378 1.3046641 1.3044651 1.5138289 1.5498414 1.3170879 1.2886707 1.3741122 0.0820070 0.1147358 0.1459039 0.1460939 0.2458375 0.0000000 0.0000010 1.3754959 1.4716974 2.3285635 2.2714583 2.2489965 2.0511620 2.1395790 2.2358442 2.6722415 2.5717303 2.1905475 2.5427579 2.7727128 2.1571760 1.9549118 2.5712162 
Tadh_TriadT30973                                              1.1583908 1.1242850 1.3637751 1.3055211 1.2717455 1.2873714 1.2688875 1.1626149 1.0435479 1.1196831 1.0952088 1.0010282 1.0133768 1.0667558 1.1297353 1.0399152 1.1395234 1.0921254 1.2283816 1.4374232 1.1415472 1.1847472 1.1959227 1.0566968 1.1872682 1.3594076 1.2046875 1.0933875 1.2756180 1.1954378 1.3046641 1.3044651 1.5138289 1.5498414 1.3170879 1.2886707 1.3741122 0.0820070 0.1147358 0.1459039 0.1460939 0.2458375 0.0000010 0.0000000 1.3754959 1.4716974 2.3285635 2.2714583 2.2489965 2.0511620 2.1395790 2.2358442 2.6722415 2.5717303 2.1905475 2.5427579 2.7727128 2.1571760 1.9549118 2.5712162 
Dpul_mRNA6949                                                 1.1944690 1.2541810 1.3468742 1.3888808 1.3285464 1.4419256 1.3175120 1.2017961 1.4190129 1.2729811 1.2913467 1.2510975 1.1056957 1.1242157 1.1232358 1.1353506 1.2937841 1.1332452 1.2680908 1.4088619 1.3068542 1.3249837 0.8957003 0.9099980 0.8607607 1.1176523 0.9771932 0.9992547 1.3259781 1.1359094 1.4621526 1.3320103 1.4092100 1.2529002 1.1993188 1.3017655 1.2553840 1.5579520 1.3851002 1.4419766 1.6290311 1.5926524 1.3754959 1.3754959 0.0000000 1.4133746 1.8373300 1.8884011 1.8912045 1.7420930 1.6577938 1.8510310 2.1345424 2.1595522 1.6319055 1.8171395 1.9418346 2.0189470 1.4665815 3.3309250 
Morvir_scaffold435.g4.t1                                      1.1377323 1.2086940 1.1343574 1.2175906 1.1169466 1.3117452 1.2628686 1.0742653 1.3583575 1.0351530 1.0028330 1.1233378 1.0185253 0.9934519 1.0678235 1.0279759 1.0196032 0.9768413 1.1239123 1.5004784 1.2205140 1.1611507 1.0858284 1.3211124 1.2061262 1.4751878 1.2724827 1.2071168 1.7239423 1.1069719 1.1986753 1.0587754 1.0597795 0.9812947 1.0598140 0.9628940 1.5255410 1.3899797 1.3644597 1.4726850 1.4319123 1.4726850 1.4716974 1.4716974 1.4133746 0.0000000 1.8251684 1.8318001 1.8145708 1.8145708 1.7762499 1.8218943 1.8502383 1.9759014 1.6864266 1.6801641 2.0059476 1.7113176 1.6931579 2.0043974 
Pbac_sb2658107                                                1.7217524 1.7463365 1.0850150 2.1786752 2.0106250 2.0253400 1.7850765 1.6324937 2.4817114 1.7433950 1.6091800 1.6204093 1.7064347 1.7240170 1.7586660 1.7472786 1.7456477 2.0622216 1.8795412 2.4299672 1.9815535 1.9032011 1.8560361 1.8307101 1.7202871 1.9902944 1.9254748 1.8323412 2.0445085 1.6985537 2.3272746 1.7846957 2.0148773 2.0525296 1.7407091 1.9517018 2.0482759 2.0812131 2.2723572 2.3845443 2.3810426 2.6606972 2.3285635 2.3285635 1.8373300 1.8251684 0.0000000 0.0212285 0.4804166 0.4284826 0.4194851 0.4277883 0.7122867 0.5902785 0.5520730 0.7131115 0.5261056 0.7250288 2.1324223 2.2720817 
Horcal_Hcv1.av93.c5.g86.i1                                    1.6765265 1.7529132 1.1186779 2.2253871 1.9868888 1.9494125 1.7232011 1.6605574 2.4210503 1.7274760 1.5980108 1.6887994 1.7407359 1.7583139 1.7940234 1.7828416 1.7688568 2.0320742 1.8811352 2.4780111 2.0325101 1.9738141 1.8741338 1.8794539 1.7339991 1.9839713 1.9581174 1.8603865 2.0588325 1.6431563 2.2605213 1.8017251 1.9680856 2.0046533 1.8236899 1.8536635 2.1540594 2.1349813 2.2139744 2.3513668 2.4458921 2.6157796 2.2714583 2.2714583 1.8884011 1.8318001 0.0212285 0.0000000 0.4661629 0.4159417 0.3975489 0.4282288 0.6848855 0.5300037 0.5177187 0.6792690 0.5529457 0.6639967 2.1635287 2.4015767 
Bolinf_Binf_sb1193784                                         1.9028561 1.9453536 1.3554643 1.8520397 1.8415282 1.9760411 1.8272505 1.6614087 3.1726125 1.7258099 1.9662179 1.6701188 2.0776867 2.0860560 2.1630249 2.0148966 1.7511005 2.1191389 2.0018005 3.9219295 2.0103991 1.7928685 2.0541824 2.2968803 1.8004554 2.1412512 2.0117713 1.7245179 2.6564156 1.7477362 2.3958951 2.1407832 2.1392827 2.2710075 2.0609662 2.0173413 2.5957435 1.8795296 2.1109112 2.2838571 2.1319252 2.2627959 2.2489965 2.2489965 1.8912045 1.8145708 0.4804166 0.4661629 0.0000000 0.0148747 0.3061347 0.2831142 0.4700479 0.4378235 0.4532960 0.5796049 0.5312911 0.5301712 2.3118805 2.3267585 
Mertsp_Mesp_sb568113                                          1.6770034 1.7253780 1.3554643 1.8520397 1.6973021 1.8271062 1.6800605 1.5649402 2.1556668 1.5644499 1.6473140 1.5407122 1.7532109 1.7611624 1.8295067 1.7508815 1.7378647 1.8791216 1.7207945 2.6038288 1.8379794 1.6212098 1.7896073 1.9645437 1.6295407 1.8872206 1.7722523 1.5754282 2.2167793 1.5422377 1.9597532 1.8437516 1.8753026 1.9402558 1.7667708 1.6901054 2.1715952 1.8795296 1.9549497 2.1018827 2.2580043 2.2329994 2.0511620 2.0511620 1.7420930 1.8145708 0.4284826 0.4159417 0.0148747 0.0000000 0.2759856 0.2831142 0.5456768 0.3815561 0.3951239 0.5042135 0.4848351 0.5385349 2.0915523 2.3267585 
Beraby_Baby_sb338103                                          1.6415009 1.7619811 1.3124031 1.7847523 1.7600420 1.7418222 1.6445184 1.3548376 2.0455626 1.6107150 1.3070515 1.5081102 1.6125558 1.6777237 1.6637900 1.7619779 1.6431219 2.0185428 1.8165479 2.5356202 1.7645728 1.6911288 1.7883667 1.8833664 1.4859108 1.7802237 1.8174492 1.4483413 2.2026797 1.5850677 2.1148418 1.8331146 1.7300165 1.8362827 1.7440149 1.9246704 2.0247082 1.9398820 2.1285384 2.2431380 2.2472987 2.5114043 2.1395790 2.1395790 1.6577938 1.7762499 0.4194851 0.3975489 0.3061347 0.2759856 0.0000000 0.3393957 0.6624507 0.5470845 0.4615111 0.5146489 0.5821427 0.6051494 2.0081638 2.5503652 
Bolinf_Binf_sb1257814                                         1.7978531 1.7937995 1.2097601 1.8708191 1.8020283 1.9747566 1.6997264 1.5268481 2.2646420 1.5734141 1.8407003 1.5736761 1.8970427 1.8359306 1.8754179 1.9750203 1.6851083 2.0772734 1.9449803 3.5913398 2.0414313 1.8841441 1.8839980 2.1673771 1.6914118 2.0223370 1.9558863 1.7298364 2.4938971 1.5933650 2.2049349 2.0756937 2.0758198 2.1822155 1.9846731 2.0265226 2.5447102 1.8384985 2.1344363 2.2629066 2.1651464 2.2629066 2.2358442 2.2358442 1.8510310 1.8218943 0.4277883 0.4282288 0.2831142 0.2831142 0.3393957 0.0000000 0.2602369 0.4642251 0.4320437 0.5403351 0.6191014 0.4953753 1.9528173 2.5385196 
Mlei_ML0105.g13.i1                                            1.9678837 2.0000417 1.2998692 2.0697893 2.1731171 2.2503625 2.0154169 1.8984586 3.5121998 1.9359467 2.2249734 1.7784556 2.1476873 2.0571435 2.1179078 1.9633436 1.7581058 2.4063901 2.1812121 3.5812591 2.4940000 2.2623431 2.3180988 2.4656949 2.3544626 2.8664947 2.3570814 2.1934582 2.7093870 2.0380749 2.5860956 2.4139392 2.5676842 2.7120378 2.2824615 2.0530963 2.8991338 1.9106079 2.6068706 2.7292490 2.4689123 2.7514286 2.6722415 2.6722415 2.1345424 1.8502383 0.7122867 0.6848855 0.4700479 0.5456768 0.6624507 0.2602369 0.0000000 0.7853898 0.8364953 0.9396479 0.7630147 0.8786673 2.5599312 2.8625534 
Drygla_Dgla_sb290451                                          1.7107650 1.7186187 1.5390906 1.7584005 1.7001615 1.8890496 1.6958562 1.7266748 2.0747363 1.6367693 1.7024990 1.7199688 1.8323129 1.8692813 1.8245562 1.8922187 1.7869316 2.2889683 2.0544693 2.5574698 1.9703376 1.8861708 1.8828651 2.0884576 1.7305910 2.0026521 1.9804984 1.6719840 2.3858769 1.6258733 2.2316418 1.8973634 2.1061363 2.1563687 1.7365302 1.9078970 2.2123127 2.3332054 2.4144811 2.5259102 2.6328039 2.6711300 2.5717303 2.5717303 2.1595522 1.9759014 0.5902785 0.5300037 0.4378235 0.3815561 0.5470845 0.4642251 0.7853898 0.0000000 0.6103956 0.6429248 0.5296254 0.6348492 2.0137271 2.6615773 
Vmul_Simscaffold4629_01                                       1.6383658 1.7089428 1.2285958 1.7681483 1.7337537 1.8479359 1.6731605 1.3734039 2.2241455 1.5780570 1.4300603 1.4331466 1.6840056 1.6690100 1.6539220 1.6861289 1.5411496 1.9209058 1.8484171 2.5434691 1.8897066 1.6080347 1.6206462 1.7644543 1.5003060 1.8412413 1.5573518 1.5548597 2.0416518 1.5319140 2.1118036 1.8216647 1.8132215 1.8230841 1.5518075 1.8693130 1.7996943 1.9617197 2.2042981 2.3404652 2.3599545 2.4997083 2.1905475 2.1905475 1.6319055 1.6864266 0.5520730 0.5177187 0.4532960 0.3951239 0.4615111 0.4320437 0.8364953 0.6103956 0.0000000 0.2005153 0.5448596 0.5962961 1.7719079 2.1512133 
Coemet_Cmet_scaffold8293_01                                   1.6474863 1.7043392 1.3440656 1.8047209 1.7298568 1.6878118 1.5763865 1.4041577 2.1819263 1.4944035 1.4972452 1.4866633 1.6679612 1.6851970 1.6915271 1.7101372 1.6509086 1.9569154 1.7615482 2.5472937 1.8370877 1.5458645 1.6795422 1.8783152 1.4456702 1.7712340 1.5519428 1.5767225 2.0312362 1.6435520 2.1125153 1.7250951 1.7553107 1.7122854 1.4685819 1.8037005 1.9518463 2.3009674 2.4363070 2.5155110 2.6409511 2.7645172 2.5427579 2.5427579 1.8171395 1.6801641 0.7131115 0.6792690 0.5796049 0.5042135 0.5146489 0.5403351 0.9396479 0.6429248 0.2005153 0.0000000 0.5123132 0.5778690 1.8668636 1.9258493 
Eupdun_Edun_sb10625141                                        1.5913622 1.6789450 1.2910702 1.8042854 1.7186641 1.9136679 1.7566808 1.5577003 2.1053082 1.6742280 1.6208150 1.7099207 1.8797470 1.9016926 1.8869327 1.9290577 1.9350183 2.0661876 2.1113343 2.8509714 1.9391941 1.8040776 1.8109203 2.1484138 1.7714352 2.0129855 1.9151027 2.2223108 2.1918765 1.5942024 2.0748951 1.9571497 2.1008039 2.1255969 1.6102483 1.9526600 2.4538268 2.5353635 2.6908222 2.7356345 3.0170251 2.9671016 2.7727128 2.7727128 1.9418346 2.0059476 0.5261056 0.5529457 0.5312911 0.4848351 0.5821427 0.6191014 0.7630147 0.5296254 0.5448596 0.5123132 0.0000000 0.6263669 2.2057938 2.5690882 
Lampan_Lpan_7985_01                                           1.7677108 1.9036906 1.4600888 1.9272161 1.7847172 1.7349475 1.6605731 1.5689298 2.3103754 1.5072400 1.5600389 1.6539033 2.1266733 2.0946772 2.1333319 2.0149282 2.1183349 2.3394406 2.2363667 3.0201196 2.1077662 2.0512255 2.0057471 1.9152276 1.6878231 2.0171811 1.8996159 1.7504768 2.2979348 1.7224177 2.4349597 2.0174421 1.9235339 1.9788275 1.8092157 1.9905563 2.1911494 2.2046680 2.1657817 2.2472990 2.2749211 2.5558248 2.1571760 2.1571760 2.0189470 1.7113176 0.7250288 0.6639967 0.5301712 0.5385349 0.6051494 0.4953753 0.8786673 0.6348492 0.5962961 0.5778690 0.6263669 0.0000000 2.2034951 2.2590420 
Tcas_TC009858_001                                             1.5232958 1.5594006 1.4172498 1.4658143 1.5238392 1.8377904 1.7058583 1.6936301 1.5717252 1.6754937 1.8666368 1.6993455 1.7615000 1.7294853 1.7295608 1.7220270 1.8677264 1.7803199 1.7446710 2.0163966 1.8869921 1.7863084 1.4467304 1.5194520 1.3860961 1.7907706 1.5879698 1.5484383 1.7152721 1.4154646 1.6578991 1.7450557 1.6895164 1.6566140 1.4167690 1.5171105 1.4905339 1.9562762 2.0297919 2.0809024 2.2653773 2.3060354 1.9549118 1.9549118 1.4665815 1.6931579 2.1324223 2.1635287 2.3118805 2.0915523 2.0081638 1.9528173 2.5599312 2.0137271 1.7719079 1.8668636 2.2057938 2.2034951 0.0000000 2.7590939 
Stycar_snap_masked-SC_scaffold52088-processed-gene-0.6-mRNA-1 1.6729332 1.6622074 1.0718504 1.0967434 1.0081857 1.1260709 1.3097069 0.9356657 5.5863563 0.3381935 1.8252765 1.2417975 1.5459265 1.6712582 1.6219529 1.6241742 1.7628818 2.0825662 1.8361248 2.2154781 1.6253917 1.6224057 2.2402888 1.8770627 2.1694522 5.4708918 2.5207406 1.7245306 3.0663696 2.0917185 2.2470227 1.7989112 2.1625147 2.1533486 1.8722432 2.0640502 2.0760023 2.3416766 2.6867114 2.5555468 2.5660686 2.5555468 2.5712162 2.5712162 3.3309250 2.0043974 2.2720817 2.4015767 2.3267585 2.3267585 2.5503652 2.5385196 2.8625534 2.6615773 2.1512133 1.9258493 2.5690882 2.2590420 2.7590939 0.0000000 
