68
Lcom_lcpid135250                                        0.0000000 0.1632865 0.1632865 0.6624561 0.7074547 0.7732172 0.8128699 1.3948310 1.2092927 0.7410383 1.4110228 1.4628481 1.4503780 1.0652026 1.1130242 1.2660544 1.0401243 1.3281325 1.4438213 1.4348051 1.4771432 1.5113004 1.2176366 1.2176366 1.5399855 1.2456032 1.1168319 1.1778502 0.9922656 1.1376101 1.1450960 1.1462808 1.1981946 1.3053884 1.3708031 1.3762481 1.3121508 1.3941391 1.2567934 0.9388927 1.3827389 1.2421426 1.3885057 1.1153077 1.9476288 1.2893647 1.1152487 1.6058479 0.9549230 1.2128405 1.1292312 1.1706190 1.1978433 1.6681626 1.4223769 1.4009975 1.4541078 1.1244503 3.0309583 1.6120198 1.2483129 1.4296946 0.6909391 1.3224409 3.3028107 2.0081480 1.7515033 3.8571035 
Lcom_lcpid87736                                         0.1632865 0.0000000 0.0531702 0.8985486 1.0430582 1.2096598 0.8128699 1.5930067 1.6686622 0.9552755 1.8385304 1.9022362 1.8929558 1.4259726 1.6638754 1.8123396 1.4155460 1.9572007 1.8983169 1.8402164 1.9866954 2.0635178 1.6038435 1.5158858 2.1535613 1.7611506 1.6444353 1.7204538 1.0113311 1.6745134 1.6918462 1.6875110 1.8079374 1.7177839 1.8551221 1.8972173 1.5621377 1.8294042 1.6352904 1.1019776 1.7946783 1.3716050 1.7459607 1.2462930 2.2570281 1.8909412 1.3108944 1.8541283 1.5368980 1.9007497 1.7054330 1.7661044 1.5754965 2.1100452 1.8034368 1.9093448 1.6510312 1.5684406 2.9169714 2.1829181 1.6036954 1.9662100 0.8493761 1.5311441 3.5399568 2.4931020 1.9290710 3.7633682 
Lcom_lcpid101823                                        0.1632865 0.0531702 0.0000000 0.9637968 1.0688030 1.2555383 0.8128699 1.6563183 1.7293658 0.9790008 1.9103169 1.9557686 1.9518543 1.4933039 1.6996114 1.8443395 1.4563749 1.9824565 1.9700455 1.9181572 2.1162160 2.0648214 1.6513555 1.5619481 2.2065931 1.8367774 1.6751883 1.7088637 1.0113311 1.6917805 1.7095895 1.7019358 1.8267876 1.7830178 1.8446161 1.8865557 1.6491827 1.9226063 1.7082710 1.2524315 1.8783576 1.4546302 1.8310256 1.2935534 2.2570281 1.9750961 1.3795034 1.9633304 1.5223662 1.9069447 1.7632863 1.7821926 1.6006452 2.1100452 1.8572444 1.9706242 1.6956784 1.5633030 2.9169714 2.1829181 1.7181179 2.0101758 0.8707728 1.5500413 3.3422361 2.5913565 1.9290710 3.9791511 
Leuniv_Lniv_scaffold24052_01                            0.6624561 0.8985486 0.9637968 0.0000000 0.6757050 0.9971989 0.9573429 1.6489882 1.4765152 1.0350425 1.3966297 1.5794424 1.5672382 1.1791986 1.3985352 1.4860193 1.2302862 1.5430722 1.6082598 1.5020900 1.6397666 1.6403725 1.5990278 1.5517758 1.7035075 1.5046360 1.5423450 1.6525370 0.9602351 1.5438816 1.5509124 1.4634711 1.6666946 1.5909375 1.7094527 1.7797837 1.4296887 1.5588349 1.6007065 1.0146564 1.5853128 1.2137946 1.5982534 1.2034042 2.1036483 1.6342460 1.2015260 1.8201311 1.5593676 1.5670129 1.5547259 1.5307211 1.6972527 1.8379457 1.7243444 1.7421609 1.5372710 1.3939990 2.9035392 2.1212848 1.6197083 1.6532712 0.6901499 1.7756786 3.1788132 2.4697928 1.9163272 3.4397008 
Scil_scict021504.1                                      0.7074547 1.0430582 1.0688030 0.6757050 0.0000000 1.1581960 0.7663373 1.6487613 1.7031144 0.9101008 1.7745624 1.9230545 1.8751462 1.4174574 1.8177831 1.8403237 1.4355142 1.8289468 1.9795681 1.7490024 1.9034649 1.8890711 1.6279181 1.5781776 1.8108931 1.7194430 1.6566549 1.7255354 1.0139623 1.6123605 1.5991157 1.5956732 1.7895259 1.7317128 1.8568816 1.9101463 1.9162785 2.0485976 1.9031582 1.2964410 1.8857243 1.5411119 1.8486572 1.4937537 2.3686819 1.8783640 1.4354937 2.0679148 1.5108948 1.7033831 1.8158104 1.7402199 1.6217273 1.9336580 1.8664585 1.9363981 1.6039070 1.2661369 3.2197592 2.3064676 1.4671144 1.8780236 0.8316298 1.7352557 3.4756259 2.5099882 1.9038275 3.6830952 
Gracom_Gcom_scaffold12862_01                            0.7732172 1.2096598 1.2555383 0.9971989 1.1581960 0.0000000 0.8661751 1.7742276 1.6969814 1.0491948 1.8227310 2.0266762 1.9368252 1.5678386 1.7754292 1.8630070 1.6687343 1.8961848 2.0607439 1.8343700 1.9203540 1.8103085 1.6395665 1.6136842 1.8514896 1.6292173 1.5084131 1.5935600 1.0214457 1.5502081 1.5583784 1.5353845 1.6418137 1.5851178 1.8285954 1.8820983 1.7948392 1.9530475 1.9115469 1.4017141 2.0036015 1.7517910 1.7996134 1.5081830 2.1958516 1.7658285 1.5317467 2.1206891 1.6003748 1.7604277 1.7053059 1.6683099 1.7563195 1.9988861 1.8483551 1.8935061 1.5784456 1.6623962 2.5309155 2.0512499 1.7490702 1.9552702 1.0158875 1.9759243 3.3589921 2.5941650 1.8338934 2.9028702 
Emue_Em1424g1a.t1                                       0.8128699 0.8128699 0.8128699 0.9573429 0.7663373 0.8661751 0.0000000 0.0625077 0.4712787 0.4204355 0.6247857 0.6227286 0.5932464 0.5633602 0.5633602 0.5633602 0.5633602 0.6534842 1.0123391 0.7987676 0.9182129 0.7680907 0.6949147 0.6949147 0.8602413 0.7065810 0.7938562 0.8398626 0.8398626 0.8486750 0.8486750 0.7824585 1.1577301 0.8736180 1.0098743 1.0098743 1.1749631 1.1749631 1.0370185 0.9700494 1.1732711 1.1732711 1.1055435 1.1459676 1.1399953 0.8707221 0.9357565 1.2851903 0.8393462 0.8393462 0.7707973 0.7534996 0.6765994 0.5026204 0.7253338 1.1242063 0.6914253 0.7695742 0.9492383 0.6213554 0.7497256 0.8911259 0.0000010 1.8692198 6.0633430 1.4731613 1.3161651 1.9193000 
Spolac_c96966_g1_i1_m.14054c96966-g1                    1.3948310 1.5930067 1.6563183 1.6489882 1.6487613 1.7742276 0.0625077 0.0000000 0.7137425 0.4907479 1.1529755 1.2128228 1.1447155 0.9574572 1.2380487 1.0925232 0.9519420 1.1601559 1.2421627 1.1683626 1.2271367 1.2680350 1.1430270 1.1397448 1.2278541 1.1312644 1.1712284 1.2017429 0.8901814 1.1620756 1.1366960 1.0700503 1.3186772 1.1700884 1.1468286 1.1561010 1.0647927 1.1488835 1.0919720 1.0179359 1.1958194 1.0971954 1.0738570 1.0672636 1.5282473 1.1992776 1.0707413 1.5101695 1.1890180 1.1654824 1.1058934 1.0698028 1.0911443 0.5792301 1.3155302 1.4523736 0.9814649 1.0812875 1.3624527 1.1360098 1.4000987 1.4404355 0.9640590 1.8721961 1.8438911 2.1440787 1.8424649 1.6356784 
Tetwil_g12263.t2                                        1.2092927 1.6686622 1.7293658 1.4765152 1.7031144 1.6969814 0.4712787 0.7137425 0.0000000 0.2995965 1.0705328 1.1603966 1.1196816 0.8773246 1.1151529 1.0164015 0.9234709 1.2075141 1.1250237 1.1170959 1.2217844 1.3868013 1.2699847 1.2146955 1.2996512 1.1838469 1.1494450 1.2577480 0.7686501 1.1731035 1.1679253 1.1159022 1.3004332 1.1588106 1.0984444 1.1000096 1.1363693 1.2587837 1.1641911 0.9238278 1.0820398 0.8802203 1.0637009 0.9271311 1.1563812 1.2369856 1.0448047 1.3869087 1.2575591 1.2213483 1.1605578 1.1299359 1.0964438 0.6129372 1.2073900 1.5317765 0.9305500 1.2975654 1.7742772 1.2759169 1.2209149 1.4125651 0.6337837 1.4251342 2.0938169 2.1221525 1.8291526 1.5918648 
Stycar_maker-SC_scaffold61702-augustus-gene-0.10-mRNA-1 0.7410383 0.9552755 0.9790008 1.0350425 0.9101008 1.0491948 0.4204355 0.4907479 0.2995965 0.0000000 0.7311464 0.7575203 0.7453973 0.7226946 0.7025364 0.7040593 0.7212719 0.7274544 0.8804591 0.6764092 0.6878571 0.7340421 0.7664177 0.7664177 0.7865732 0.6894618 0.6577286 0.7357737 0.6103327 0.7058156 0.7058156 0.7086655 0.7603147 0.7730081 0.8981205 0.8981205 0.9887514 0.9887514 1.0129913 1.0367440 0.9656352 0.9656352 1.0015567 1.0329942 0.9399552 0.9231270 0.9588189 0.8762314 0.8764805 0.7511334 0.6883930 0.7070733 0.6792211 0.0152484 0.8742411 0.8136692 0.6087943 0.8718486 0.8572997 0.6629749 0.8362172 0.7724492 0.6021007 1.3887407 2.0175282 1.4466306 1.1017118 2.0831310 
Fspp_ffun1.m4.11950.m1                                  1.4110228 1.8385304 1.9103169 1.3966297 1.7745624 1.8227310 0.6247857 1.1529755 1.0705328 0.7311464 0.0000000 0.1049646 0.0961532 0.0418059 0.1720539 0.1501215 0.1510477 0.3398522 0.4539894 0.5210339 0.5921910 0.8360030 0.8449188 0.8112986 0.7421674 0.8520684 0.8784024 0.9868076 0.5960236 0.8574571 0.8771873 0.9061543 1.0070850 0.8688115 1.0918422 1.1125440 1.0191374 1.1150863 1.0524342 0.7287559 1.0810036 0.8082727 1.1418548 0.8634874 1.2622062 1.0993157 0.8482928 1.3196054 1.0467922 0.6638718 0.6868035 0.6507054 0.7545966 1.1314691 0.8833340 0.9788989 1.1349175 1.1752715 1.6770871 1.0134076 1.0100081 1.1784887 0.6203917 1.3061138 1.4122539 1.8075014 1.4695903 1.9373555 
Spis_XP_022807618_1                                     1.4628481 1.9022362 1.9557686 1.5794424 1.9230545 2.0266762 0.6227286 1.2128228 1.1603966 0.7575203 0.1049646 0.0000000 0.0459435 0.0820390 0.2388616 0.2108174 0.1855782 0.3852233 0.4710033 0.4856198 0.5667854 0.8581094 0.8868596 0.8407904 0.7846159 0.8738286 0.9401665 1.0404393 0.6130457 0.9225969 0.9440178 0.9484340 1.0704836 0.8957308 1.0975544 1.1124999 0.9934367 1.0996681 1.0500379 0.7547650 1.0953870 0.7934778 1.1144658 0.8178010 1.2637885 1.1608826 0.8609395 1.2648790 1.0166928 0.6849023 0.7202782 0.6982368 0.8517475 1.1742406 0.8938003 1.0494721 1.1537332 1.2075683 1.6865775 0.9602566 1.0397369 1.2024509 0.6807393 1.2562691 1.4105384 1.8631876 1.5056555 2.0922276 
Pocdam_XM_027191380.1                                   1.4503780 1.8929558 1.9518543 1.5672382 1.8751462 1.9368252 0.5932464 1.1447155 1.1196816 0.7453973 0.0961532 0.0459435 0.0000000 0.0733822 0.2116136 0.1898203 0.1736512 0.3637708 0.4745793 0.5010391 0.5811175 0.8774640 0.8783751 0.8365231 0.7863993 0.8626592 0.9140257 1.0205257 0.6206458 0.9014973 0.9221903 0.9393455 1.0405042 0.8691196 1.0823888 1.0945054 0.9959317 1.1016210 1.0554151 0.7397726 1.0859884 0.8137191 1.1171969 0.8201531 1.2587559 1.1753660 0.8872758 1.3361840 1.0028323 0.7025744 0.6940260 0.6760284 0.8402058 1.1879088 0.8994140 1.0401618 1.1536011 1.1875069 1.6547738 0.9929817 1.0661620 1.1945912 0.6538371 1.2643496 1.4143672 1.8942063 1.5137416 2.1151408 
Gasp_gasp1.m3.13080.m1                                  1.0652026 1.4259726 1.4933039 1.1791986 1.4174574 1.5678386 0.5633602 0.9574572 0.8773246 0.7226946 0.0418059 0.0820390 0.0733822 0.0000000 0.1262448 0.1231235 0.1459383 0.2392451 0.3300785 0.3977078 0.4463042 0.6967175 0.6608681 0.6608681 0.6122419 0.6860346 0.6937379 0.8055404 0.5276362 0.6727266 0.6891505 0.7099293 0.8128230 0.7593620 0.8560475 0.8576768 0.7592638 0.8781829 0.8313698 0.6993397 0.8555168 0.7060261 0.8819904 0.7230146 0.9738890 0.8747571 0.7901713 1.0590041 0.9119181 0.5802028 0.5648848 0.5434523 0.5833030 0.8232224 0.7184283 0.8021265 0.8745057 0.9075226 1.1437278 0.5409713 0.9313812 0.9212021 0.6662693 1.3092975 1.2927135 1.6913010 1.3981171 1.3437753 
Amil_Amillepora24690-RA                                 1.1130242 1.6638754 1.6996114 1.3985352 1.8177831 1.7754292 0.5633602 1.2380487 1.1151529 0.7025364 0.1720539 0.2388616 0.2116136 0.1262448 0.0000000 0.0153279 0.1030458 0.4171707 0.5822412 0.5740850 0.6785209 0.8847304 1.0065423 0.9635437 0.8846430 0.9304929 1.0418367 1.1779607 0.6468144 1.0202414 1.0202414 1.0641468 1.1530966 0.9155214 1.1133900 1.1195102 1.1007816 1.1230738 1.0646118 0.7386265 1.1300099 0.8317734 1.1477335 0.8910996 1.1899459 1.1821502 0.9060323 1.3624427 0.9150038 0.8224169 0.7088546 0.7047104 0.8404527 1.2193235 0.8980371 1.0114093 1.2043321 1.1786493 2.5610517 1.2156273 0.8289917 1.0654216 0.6816307 1.2436301 2.1747262 1.9273411 1.5170681 3.1775650 
Adig_XM_015897149.1                                     1.2660544 1.8123396 1.8443395 1.4860193 1.8403237 1.8630070 0.5633602 1.0925232 1.0164015 0.7040593 0.1501215 0.2108174 0.1898203 0.1231235 0.0153279 0.0000000 0.1264224 0.3761701 0.4813370 0.5182740 0.5993214 0.8666928 0.9098263 0.8770310 0.7808069 0.8845619 0.9168326 1.0220892 0.6106478 0.9105056 0.9105056 0.9433229 1.0030479 0.8652213 1.0202582 1.0270856 1.0259933 1.1278864 1.0036618 0.7617359 1.0563659 0.8023190 1.0889463 0.8395344 1.2261081 1.1076956 0.8432192 1.2811024 1.0283661 0.7351656 0.7049502 0.6637597 0.7532816 1.0916907 0.8700989 1.0661125 1.0755106 1.1367632 1.6995596 1.0368121 0.9864015 1.1293288 0.6071879 1.3008518 1.4566298 1.7960602 1.4588442 1.9906815 
Gfas_gfas1.m1.23183.m1                                  1.0401243 1.4155460 1.4563749 1.2302862 1.4355142 1.6687343 0.5633602 0.9519420 0.9234709 0.7212719 0.1510477 0.1855782 0.1736512 0.1459383 0.1030458 0.1264224 0.0000000 0.2774138 0.3630331 0.4069533 0.4560700 0.6833551 0.6610706 0.6610706 0.6362947 0.6844043 0.7366192 0.8553069 0.5357532 0.7222290 0.7402460 0.7496833 0.8668219 0.7523278 0.8678800 0.8695399 0.8030502 0.9246584 0.8275430 0.7606904 0.8757698 0.7103317 0.9086255 0.7374179 0.9860304 0.9044581 0.8172443 1.1013990 0.9221351 0.6308533 0.6300791 0.6052693 0.6165631 0.8297500 0.7270502 0.8889701 0.8940137 0.9271529 1.1234384 0.5849270 0.9860732 0.9534272 0.6989013 1.3666781 1.3091252 1.6845482 1.3695067 1.4831355 
Exapal_XM_021048429.2                                   1.3281325 1.9572007 1.9824565 1.5430722 1.8289468 1.8961848 0.6534842 1.1601559 1.2075141 0.7274544 0.3398522 0.3852233 0.3637708 0.2392451 0.4171707 0.3761701 0.2774138 0.0000000 0.3246334 0.5260806 0.5657762 0.7585171 0.7864721 0.7582719 0.7508955 0.7763607 0.8485036 0.9398774 0.6100785 0.8421728 0.8637694 0.8589678 0.9745219 0.8069551 1.1211893 1.1358163 1.0140963 1.1518586 1.0363589 0.7059184 1.1074458 0.8314525 1.1793391 0.8287053 1.1445693 1.0610384 0.8307673 1.2475675 1.0080380 0.6754576 0.6928040 0.6371863 0.7713381 1.2427916 0.9133818 0.9450660 1.1902249 1.1871665 1.7631316 1.0926503 0.9728785 1.1977537 0.5624017 1.5925779 1.5219742 1.7766608 1.6216422 2.1163975 
Nvec_v1g174974                                          1.4438213 1.8983169 1.9700455 1.6082598 1.9795681 2.0607439 1.0123391 1.2421627 1.1250237 0.8804591 0.4539894 0.4710033 0.4745793 0.3300785 0.5822412 0.4813370 0.3630331 0.3246334 0.0000000 0.5508814 0.6399369 0.9533968 0.9708666 0.9189381 0.8446213 0.8976232 0.9960525 1.0907972 0.6919116 0.9790647 0.9930277 0.9992194 1.0065414 0.9741291 1.2078377 1.2275463 1.1923749 1.3309939 1.1778008 0.9953880 1.1969749 0.9368151 1.2540659 0.9937288 1.3658493 1.2308176 0.9667148 1.3057658 1.2274154 0.8807143 0.8683831 0.8260607 0.8977573 1.3588344 1.1686515 1.1349987 1.1030952 1.2749738 1.5861075 1.2773601 1.3100754 1.2960056 0.7050545 1.4645088 1.5248913 2.0159217 1.6907785 2.2775895 
Dgig_XM_028544272.1                                     1.4348051 1.8402164 1.9181572 1.5020900 1.7490024 1.8343700 0.7987676 1.1683626 1.1170959 0.6764092 0.5210339 0.4856198 0.5010391 0.3977078 0.5740850 0.5182740 0.4069533 0.5260806 0.5508814 0.0000000 0.2450166 0.7995568 0.8939684 0.8414271 0.7900714 0.8266922 0.7946463 0.8973428 0.5606754 0.7979299 0.7953328 0.8224744 0.9257261 0.8043573 1.1627165 1.1641837 1.0668794 1.1466315 1.0608170 0.8027515 1.0983366 0.8543858 1.1753752 0.9115367 1.3249146 1.0851605 0.8005207 1.3374159 0.9931332 0.7683834 0.7482654 0.7338162 0.7518426 1.0537731 0.9922629 1.0528985 1.1184844 1.1008334 1.7393376 1.1276918 1.0246403 1.1692101 0.5699026 1.3814471 1.4247968 1.9030498 1.6990229 2.3302079 
Xesp_014714-T1                                          1.4771432 1.9866954 2.1162160 1.6397666 1.9034649 1.9203540 0.9182129 1.2271367 1.2217844 0.6878571 0.5921910 0.5667854 0.5811175 0.4463042 0.6785209 0.5993214 0.4560700 0.5657762 0.6399369 0.2450166 0.0000000 0.8318669 0.8615738 0.8565417 0.8140377 0.8491705 0.8606676 0.9912862 0.6391264 0.8504832 0.8630847 0.9001605 1.0192071 0.8901619 1.1326475 1.1628855 1.0305446 1.0792874 1.1043811 0.8709513 1.0924798 0.8861289 1.1996754 0.9864776 1.3149901 1.1512962 0.8773965 1.3996982 1.0426462 0.7929439 0.8240984 0.7886561 0.8353662 1.0626776 1.0446068 1.1427289 1.1886835 1.2060269 1.5442750 1.3665267 1.1074974 1.3882226 0.5209728 1.6686928 1.4627315 2.1279547 1.6429285 2.1569607 
Cgig_XM_011445029.3                                     1.5113004 2.0635178 2.0648214 1.6403725 1.8890711 1.8103085 0.7680907 1.2680350 1.3868013 0.7340421 0.8360030 0.8581094 0.8774640 0.6967175 0.8847304 0.8666928 0.6833551 0.7585171 0.9533968 0.7995568 0.8318669 0.0000000 0.6231806 0.5882585 0.6475489 0.5846912 0.9552603 1.0108880 0.5650854 0.9404816 0.9260814 0.9346550 1.0496199 0.7201814 1.0678989 1.0985377 1.0845251 1.1849131 1.1067707 0.7808126 1.0919453 0.8253331 1.1817986 0.9742346 1.2568637 1.1059512 0.8992263 1.4506613 0.9044816 0.9177630 0.8833976 0.8613316 0.8600481 1.3741773 1.1668460 1.0411697 1.1461954 1.1895730 2.0302507 1.1220605 0.7826921 0.9216290 0.4596627 1.4019704 1.1681373 1.6611410 1.6660693 2.3115950 
Spur_XM_030977861.1                                     1.2176366 1.6038435 1.6513555 1.5990278 1.6279181 1.6395665 0.6949147 1.1430270 1.2699847 0.7664177 0.8449188 0.8868596 0.8783751 0.6608681 1.0065423 0.9098263 0.6610706 0.7864721 0.9708666 0.8939684 0.8615738 0.6231806 0.0000000 0.0000010 0.5391036 0.6741901 0.9833719 1.0126413 0.5507177 0.9765716 0.9932776 0.9611458 1.1166603 0.6395699 0.9704655 0.9913926 0.9934867 1.1181907 0.9603494 0.8052682 1.0535067 0.8228030 1.0704569 0.8129706 1.0431020 1.0088571 0.7586311 1.3309886 0.9915968 0.8101762 0.8295335 0.8452241 0.8322742 1.2553673 1.0369771 1.0979687 1.2026903 1.1569538 1.4858636 1.2022653 0.8563345 1.0046658 0.5726708 1.5333132 1.2285663 1.6482644 1.4234560 1.8324273 
Spur_XM_030977889.1                                     1.2176366 1.5158858 1.5619481 1.5517758 1.5781776 1.6136842 0.6949147 1.1397448 1.2146955 0.7664177 0.8112986 0.8407904 0.8365231 0.6608681 0.9635437 0.8770310 0.6610706 0.7582719 0.9189381 0.8414271 0.8565417 0.5882585 0.0000010 0.0000000 0.5160738 0.6224209 0.9413487 0.9691887 0.5507177 0.9347178 0.9504871 0.9199497 1.0721341 0.6009622 0.9517686 0.9529269 0.9673822 1.0928154 0.9420339 0.8052682 1.0299093 0.8228030 1.0509834 0.8129706 1.0431020 0.9860065 0.7586311 1.2545282 0.9782271 0.7710889 0.7846730 0.8092161 0.7737371 1.1488852 1.0369771 1.0236096 1.1931259 1.1569538 1.3479311 1.1071327 0.8563345 1.0009469 0.5726708 1.5333132 1.2132038 1.6344963 1.4234560 1.8324273 
Skow_XM_006814159.1                                     1.5399855 2.1535613 2.2065931 1.7035075 1.8108931 1.8514896 0.8602413 1.2278541 1.2996512 0.7865732 0.7421674 0.7846159 0.7863993 0.6122419 0.8846430 0.7808069 0.6362947 0.7508955 0.8446213 0.7900714 0.8140377 0.6475489 0.5391036 0.5160738 0.0000000 0.6158355 0.8627071 0.9515690 0.5821357 0.8587769 0.8657783 0.8934968 1.0236428 0.6375546 1.0213594 1.0534302 1.1005961 1.1535777 1.0150233 0.7662737 1.0638039 0.8165112 1.1334257 0.9087756 1.2440903 1.0304457 0.7824880 1.2611624 1.1023230 0.9116340 0.9581127 0.9301045 0.8936969 1.2728761 1.2260843 1.0494198 1.2963422 1.1223501 1.7448718 1.3838438 0.9227386 1.0304871 0.4757028 1.3918344 1.2852899 1.8538289 1.4775871 1.9392235 
Ctel_gnl_WGS_AMQN_CAPTEDRAFT_mRNA181738                 1.2456032 1.7611506 1.8367774 1.5046360 1.7194430 1.6292173 0.7065810 1.1312644 1.1838469 0.6894618 0.8520684 0.8738286 0.8626592 0.6860346 0.9304929 0.8845619 0.6844043 0.7763607 0.8976232 0.8266922 0.8491705 0.5846912 0.6741901 0.6224209 0.6158355 0.0000000 0.8795273 0.9139307 0.5455574 0.8753044 0.8676810 0.8459460 1.0032523 0.7329118 0.8949272 0.9238864 0.9038285 0.9862316 0.8834917 0.7267851 0.9464314 0.7277338 0.9561634 0.7496386 1.0929961 0.9338020 0.7318292 1.2681289 0.8472750 0.9495376 0.9411497 0.9496820 0.8888584 1.4570265 1.0394842 1.0670593 1.0769164 1.0305343 1.4191554 1.2239238 0.8683070 0.8806599 0.4980185 1.3442270 1.2325605 1.5592372 1.6384911 2.1316871 
HoiH23_PlH23_006405-RA                                  1.1168319 1.6444353 1.6751883 1.5423450 1.6566549 1.5084131 0.7938562 1.1712284 1.1494450 0.6577286 0.8784024 0.9401665 0.9140257 0.6937379 1.0418367 0.9168326 0.7366192 0.8485036 0.9960525 0.7946463 0.8606676 0.9552603 0.9833719 0.9413487 0.8627071 0.8795273 0.0000000 0.1333239 0.0764998 0.0407032 0.0482645 0.0783711 0.0611793 0.9286338 1.0512663 1.0645397 1.1115699 1.2086408 1.0561906 0.8364313 1.0884490 0.8735697 1.1317921 0.9636581 1.2506892 1.2126922 0.9253614 1.4581865 0.9277625 0.9302221 0.9480667 0.9001805 1.0018048 1.2781181 1.0477232 1.1400212 1.1381649 1.2519373 1.8848288 1.3972144 1.1120828 1.2318007 0.5916777 1.4519733 1.7027631 1.9213687 1.5333028 2.4675461 
TrH2_TrispH2_001707-RA                                  1.1778502 1.7204538 1.7088637 1.6525370 1.7255354 1.5935600 0.8398626 1.2017429 1.2577480 0.7357737 0.9868076 1.0404393 1.0205257 0.8055404 1.1779607 1.0220892 0.8553069 0.9398774 1.0907972 0.8973428 0.9912862 1.0108880 1.0126413 0.9691887 0.9515690 0.9139307 0.1333239 0.0000000 0.0000010 0.1166512 0.1203647 0.1198923 0.1963402 1.0221266 1.0667833 1.1006087 1.0758671 1.1888196 1.0562481 0.8391334 1.1176383 0.8923302 1.1292291 0.9601364 1.2327066 1.1772402 0.8783034 1.4919638 0.9687484 0.9043156 0.9740497 0.9431939 1.0467160 1.3316295 1.1284962 1.2097897 1.1858026 1.3419365 1.9110540 1.3492953 1.1774170 1.2733076 0.6201687 1.5531758 1.7074431 1.8635985 1.5972584 2.3943933 
Tadh_TriadT4027                                         0.9922656 1.0113311 1.0113311 0.9602351 1.0139623 1.0214457 0.8398626 0.8901814 0.7686501 0.6103327 0.5960236 0.6130457 0.6206458 0.5276362 0.6468144 0.6106478 0.5357532 0.6100785 0.6919116 0.5606754 0.6391264 0.5650854 0.5507177 0.5507177 0.5821357 0.5455574 0.0764998 0.0000010 0.0000000 0.0663134 0.0663134 0.0764939 0.1264938 0.6059411 0.7876009 0.7803990 0.8029990 0.8029990 0.7032979 0.6766526 0.7805374 0.7805374 0.7963322 0.8457462 0.9877102 0.8120714 0.7857034 0.9807906 0.6170187 0.5204922 0.5428622 0.5536065 0.5833954 0.8778021 0.8137671 0.7596686 0.9224021 1.0244835 1.2497981 0.8365076 0.7940354 0.8034530 0.5051707 1.1541532 1.4719050 1.3582763 1.3209143 2.8585913 
Hhon_g06724.t1                                          1.1376101 1.6745134 1.6917805 1.5438816 1.6123605 1.5502081 0.8486750 1.1620756 1.1731035 0.7058156 0.8574571 0.9225969 0.9014973 0.6727266 1.0202414 0.9105056 0.7222290 0.8421728 0.9790647 0.7979299 0.8504832 0.9404816 0.9765716 0.9347178 0.8587769 0.8753044 0.0407032 0.1166512 0.0663134 0.0000000 0.0061546 0.0694321 0.0914176 0.8908499 1.0858591 1.0886061 1.1323559 1.2213312 1.0862270 0.8678814 1.0892097 0.8721504 1.1572180 0.9605524 1.2555993 1.1989288 0.9155564 1.4494959 0.9608460 0.9090638 0.9294441 0.9036108 0.9949005 1.3487100 1.0541509 1.0956368 1.1580859 1.2225254 1.9268436 1.3739866 1.0698514 1.1669065 0.6183263 1.4306047 1.7284062 1.9396070 1.5465916 2.4930744 
HoiH04_mRNA12701                                        1.1450960 1.6918462 1.7095895 1.5509124 1.5991157 1.5583784 0.8486750 1.1366960 1.1679253 0.7058156 0.8771873 0.9440178 0.9221903 0.6891505 1.0202414 0.9105056 0.7402460 0.8637694 0.9930277 0.7953328 0.8630847 0.9260814 0.9932776 0.9504871 0.8657783 0.8676810 0.0482645 0.1203647 0.0663134 0.0061546 0.0000000 0.0694321 0.0738249 0.9040150 1.0762407 1.0791138 1.1323559 1.2213312 1.0912028 0.8678814 1.0806689 0.8721504 1.1486773 0.9605524 1.2555993 1.1892463 0.9155564 1.4411860 0.9608460 0.9014068 0.9426507 0.9159446 0.9766705 1.2924730 1.0544677 1.1526995 1.1359211 1.2158955 1.9315269 1.3334948 1.0284481 1.1467751 0.6183263 1.4306047 1.7518522 1.8922194 1.5072153 2.6744492 
HoiH11_mRNA3541                                         1.1462808 1.6875110 1.7019358 1.4634711 1.5956732 1.5353845 0.7824585 1.0700503 1.1159022 0.7086655 0.9061543 0.9484340 0.9393455 0.7099293 1.0641468 0.9433229 0.7496833 0.8589678 0.9992194 0.8224744 0.9001605 0.9346550 0.9611458 0.9199497 0.8934968 0.8459460 0.0783711 0.1198923 0.0764939 0.0694321 0.0694321 0.0000000 0.1141540 0.9392452 1.1170334 1.1384648 1.1537143 1.2675713 1.1426319 0.8904328 1.1405501 0.8912877 1.1495815 0.9626681 1.2935580 1.2074899 0.9156319 1.4186747 0.9271233 0.8849614 0.9631431 0.9314084 0.9692919 1.1504335 1.0516474 1.2016106 1.0952302 1.2297745 1.9062288 1.3079789 1.0521642 1.1670978 0.6529199 1.3699069 1.6499640 1.9255710 1.4580576 2.5486482 
HoiH06_mRNA2252                                         1.1981946 1.8079374 1.8267876 1.6666946 1.7895259 1.6418137 1.1577301 1.3186772 1.3004332 0.7603147 1.0070850 1.0704836 1.0405042 0.8128230 1.1530966 1.0030479 0.8668219 0.9745219 1.0065414 0.9257261 1.0192071 1.0496199 1.1166603 1.0721341 1.0236428 1.0032523 0.0611793 0.1963402 0.1264938 0.0914176 0.0738249 0.1141540 0.0000000 1.0608759 1.1269037 1.1406694 1.1823001 1.2830595 1.1310445 0.9426302 1.1401177 0.9115131 1.2053514 1.0099110 1.3593078 1.3106896 1.0003240 1.4828296 1.0681847 1.0523708 1.0976985 1.0408988 1.1166214 1.5303886 1.1598770 1.2385565 1.2248718 1.3425630 1.9040284 1.6163967 1.1833805 1.2833631 0.6291015 1.4591908 1.8625093 1.9579531 1.7927103 2.6107873 
Bralan_BLAG11000292_1                                   1.3053884 1.7177839 1.7830178 1.5909375 1.7317128 1.5851178 0.8736180 1.1700884 1.1588106 0.7730081 0.8688115 0.8957308 0.8691196 0.7593620 0.9155214 0.8652213 0.7523278 0.8069551 0.9741291 0.8043573 0.8901619 0.7201814 0.6395699 0.6009622 0.6375546 0.7329118 0.9286338 1.0221266 0.6059411 0.8908499 0.9040150 0.9392452 1.0608759 0.0000000 0.9744423 0.9874226 0.9184921 1.0608286 0.9515408 0.6498077 0.9716016 0.7553633 1.0382923 0.7913894 1.1029955 0.9869892 0.7432786 1.3316673 0.9162306 1.0150188 0.9110243 0.9315524 0.9798278 1.2371990 1.0583151 0.9850774 1.3022069 1.1443053 1.6488934 1.1824975 1.0543337 1.0914088 0.4640749 1.4194280 1.2691924 1.8983898 1.5302307 1.9573258 
Pbac_sb2639912                                          1.3708031 1.8551221 1.8446161 1.7094527 1.8568816 1.8285954 1.0098743 1.1468286 1.0984444 0.8981205 1.0918422 1.0975544 1.0823888 0.8560475 1.1133900 1.0202582 0.8678800 1.1211893 1.2078377 1.1627165 1.1326475 1.0678989 0.9704655 0.9517686 1.0213594 0.8949272 1.0512663 1.0667833 0.7876009 1.0858591 1.0762407 1.1170334 1.1269037 0.9744423 0.0000000 0.0069455 0.4119081 0.4400182 0.3516748 0.4532251 0.3414229 0.3563577 0.3117029 0.3256549 0.4885919 0.5407470 0.5216860 0.7823695 1.0571765 1.0883380 1.0810199 1.0854243 1.1289806 1.3206393 1.1435715 1.1408830 1.1893370 1.2387281 0.5178497 1.4573574 1.3673408 1.1782188 0.6003469 1.0761478 1.7527585 1.7696547 1.4885456 1.8056469 
Horcal_Hcv1.av93.c7.g1025.i2                            1.3762481 1.8972173 1.8865557 1.7797837 1.9101463 1.8820983 1.0098743 1.1561010 1.1000096 0.8981205 1.1125440 1.1124999 1.0945054 0.8576768 1.1195102 1.0270856 0.8695399 1.1358163 1.2275463 1.1641837 1.1628855 1.0985377 0.9913926 0.9529269 1.0534302 0.9238864 1.0645397 1.1006087 0.7803990 1.0886061 1.0791138 1.1384648 1.1406694 0.9874226 0.0069455 0.0000000 0.4202961 0.4456645 0.3582390 0.4532251 0.3405325 0.3648875 0.3102826 0.3272427 0.5049830 0.5492107 0.5326799 0.7867882 1.0792668 1.1407727 1.1158810 1.1193732 1.1707084 1.3728569 1.1375901 1.1841181 1.1759903 1.2235519 0.5279432 1.5030893 1.3673408 1.1928376 0.6003469 1.0761478 1.7931970 1.8045966 1.4885456 1.8305874 
Bolinf_Binf_sb1243343                                   1.3121508 1.5621377 1.6491827 1.4296887 1.9162785 1.7948392 1.1749631 1.0647927 1.1363693 0.9887514 1.0191374 0.9934367 0.9959317 0.7592638 1.1007816 1.0259933 0.8030502 1.0140963 1.1923749 1.0668794 1.0305446 1.0845251 0.9934867 0.9673822 1.1005961 0.9038285 1.1115699 1.0758671 0.8029990 1.1323559 1.1323559 1.1537143 1.1823001 0.9184921 0.4119081 0.4202961 0.0000000 0.0000010 0.1915866 0.2769081 0.2899873 0.2420714 0.2746039 0.3042725 0.2503472 0.5115937 0.4646719 0.7821570 1.0342941 1.0699505 1.1110846 1.1181821 1.1849037 1.2910419 1.1086266 0.9971101 1.1264877 1.3183148 0.4419157 1.5433951 1.2025479 1.1581730 0.7088758 1.2274163 1.8628675 1.7541430 1.6284805 2.6171607 
Mertsp_Mesp_sb581747                                    1.3941391 1.8294042 1.9226063 1.5588349 2.0485976 1.9530475 1.1749631 1.1488835 1.2587837 0.9887514 1.1150863 1.0996681 1.1016210 0.8781829 1.1230738 1.1278864 0.9246584 1.1518586 1.3309939 1.1466315 1.0792874 1.1849131 1.1181907 1.0928154 1.1535777 0.9862316 1.2086408 1.1888196 0.8029990 1.2213312 1.2213312 1.2675713 1.2830595 1.0608286 0.4400182 0.4456645 0.0000010 0.0000000 0.2110832 0.2769081 0.3075959 0.2420714 0.2863922 0.3042725 0.3477915 0.5286800 0.4646719 0.8958383 1.0586112 1.1694175 1.1706368 1.1771094 1.2332798 1.3389799 1.1689603 1.0827611 1.2158295 1.3782776 0.5370518 1.6354997 1.2819747 1.2813142 0.7088758 1.2274163 1.9629967 1.9109891 1.6954054 2.6675966 
Lampan_Lpan_10074_01                                    1.2567934 1.6352904 1.7082710 1.6007065 1.9031582 1.9115469 1.0370185 1.0919720 1.1641911 1.0129913 1.0524342 1.0500379 1.0554151 0.8313698 1.0646118 1.0036618 0.8275430 1.0363589 1.1778008 1.0608170 1.1043811 1.1067707 0.9603494 0.9420339 1.0150233 0.8834917 1.0561906 1.0562481 0.7032979 1.0862270 1.0912028 1.1426319 1.1310445 0.9515408 0.3516748 0.3582390 0.1915866 0.2110832 0.0000000 0.2382043 0.2615122 0.2475273 0.2483140 0.2851700 0.4381210 0.5059057 0.4242300 0.7925127 1.0947070 1.1099762 1.1533968 1.1571780 1.1717088 1.3334999 1.0684379 1.0092401 1.1659994 1.2704754 0.3820573 1.6396990 1.3031599 1.1679586 0.5377149 1.1973404 1.7551466 1.8866883 1.6860065 1.9742094 
Eupdun_Edun_sb10626320                                  0.9388927 1.1019776 1.2524315 1.0146564 1.2964410 1.4017141 0.9700494 1.0179359 0.9238278 1.0367440 0.7287559 0.7547650 0.7397726 0.6993397 0.7386265 0.7617359 0.7606904 0.7059184 0.9953880 0.8027515 0.8709513 0.7808126 0.8052682 0.8052682 0.7662737 0.7267851 0.8364313 0.8391334 0.6766526 0.8678814 0.8678814 0.8904328 0.9426302 0.6498077 0.4532251 0.4532251 0.2769081 0.2769081 0.2382043 0.0000000 0.3889294 0.3889294 0.3867952 0.4196608 0.1453856 0.5639373 0.5775510 0.7050192 0.7443982 0.7451665 0.7633327 0.8162315 0.8068972 0.7316941 0.9794241 0.9695812 1.0819689 0.9965839 0.0000010 1.0434014 0.8412570 0.8729197 0.6399805 1.2234812 4.6277830 1.6956432 1.4071853 3.5763972 
Mlei_ML0310.g4.i1                                       1.3827389 1.7946783 1.8783576 1.5853128 1.8857243 2.0036015 1.1732711 1.1958194 1.0820398 0.9656352 1.0810036 1.0953870 1.0859884 0.8555168 1.1300099 1.0563659 0.8757698 1.1074458 1.1969749 1.0983366 1.0924798 1.0919453 1.0535067 1.0299093 1.0638039 0.9464314 1.0884490 1.1176383 0.7805374 1.0892097 1.0806689 1.1405501 1.1401177 0.9716016 0.3414229 0.3405325 0.2899873 0.3075959 0.2615122 0.3889294 0.0000000 0.0000010 0.2147911 0.2457766 0.2632586 0.5391739 0.5267967 0.8311619 1.0883044 1.1480415 1.1584844 1.1779661 1.1731468 1.1810722 1.1265280 1.0361249 1.2130425 1.1340942 0.4234922 1.4935799 1.3052234 1.1873207 0.6706464 1.2062174 1.7540518 1.9608072 1.6492479 1.8350782 
Vmul_sbMO418259                                         1.2421426 1.3716050 1.4546302 1.2137946 1.5411119 1.7517910 1.1732711 1.0971954 0.8802203 0.9656352 0.8082727 0.7934778 0.8137191 0.7060261 0.8317734 0.8023190 0.7103317 0.8314525 0.9368151 0.8543858 0.8861289 0.8253331 0.8228030 0.8228030 0.8165112 0.7277338 0.8735697 0.8923302 0.7805374 0.8721504 0.8721504 0.8912877 0.9115131 0.7553633 0.3563577 0.3648875 0.2420714 0.2420714 0.2475273 0.3889294 0.0000010 0.0000000 0.1968577 0.2442164 0.1225079 0.5199947 0.5267967 0.6763010 0.9374233 0.8461654 0.9098729 0.9363737 0.9354594 0.9267498 0.9663529 0.7984126 1.0853732 0.9935063 0.4851692 0.9951483 1.0986491 0.9037251 0.6706464 1.2062174 1.4846557 1.5997860 1.3946661 2.0349439 
Beraby_Baby_sb332132                                    1.3885057 1.7459607 1.8310256 1.5982534 1.8486572 1.7996134 1.1055435 1.0738570 1.0637009 1.0015567 1.1418548 1.1144658 1.1171969 0.8819904 1.1477335 1.0889463 0.9086255 1.1793391 1.2540659 1.1753752 1.1996754 1.1817986 1.0704569 1.0509834 1.1334257 0.9561634 1.1317921 1.1292291 0.7963322 1.1572180 1.1486773 1.1495815 1.2053514 1.0382923 0.3117029 0.3102826 0.2746039 0.2863922 0.2483140 0.3867952 0.2147911 0.1968577 0.0000000 0.2306369 0.3811042 0.5344482 0.4981805 0.8083259 1.0418083 1.1906584 1.1710323 1.1894243 1.2864549 1.1428026 1.1482466 1.1392394 1.2198347 1.2371224 0.4361411 1.5875138 1.3580836 1.2425974 0.6869842 1.2849130 1.8639114 2.0451099 1.6448356 1.7519871 
Drygla_Dgla_sb289493                                    1.1153077 1.2462930 1.2935534 1.2034042 1.4937537 1.5081830 1.1459676 1.0672636 0.9271311 1.0329942 0.8634874 0.8178010 0.8201531 0.7230146 0.8910996 0.8395344 0.7374179 0.8287053 0.9937288 0.9115367 0.9864776 0.9742346 0.8129706 0.8129706 0.9087756 0.7496386 0.9636581 0.9601364 0.8457462 0.9605524 0.9605524 0.9626681 1.0099110 0.7913894 0.3256549 0.3272427 0.3042725 0.3042725 0.2851700 0.4196608 0.2457766 0.2442164 0.2306369 0.0000000 0.1975822 0.5097648 0.4936443 0.6270593 0.9775556 0.9113126 1.0236262 0.9909875 0.9873904 1.0923723 0.9431367 0.8863112 1.1793481 1.0586840 0.5466865 1.1166866 1.1746996 1.0014408 0.6956478 1.3284364 1.4268719 1.5938817 1.4769580 1.9586989 
Bolinf_Binf_sb1267509                                   1.9476288 2.2570281 2.2570281 2.1036483 2.3686819 2.1958516 1.1399953 1.5282473 1.1563812 0.9399552 1.2622062 1.2637885 1.2587559 0.9738890 1.1899459 1.2261081 0.9860304 1.1445693 1.3658493 1.3249146 1.3149901 1.2568637 1.0431020 1.0431020 1.2440903 1.0929961 1.2506892 1.2327066 0.9877102 1.2555993 1.2555993 1.2935580 1.3593078 1.1029955 0.4885919 0.5049830 0.2503472 0.3477915 0.4381210 0.1453856 0.2632586 0.1225079 0.3811042 0.1975822 0.0000000 0.7149131 0.5040561 1.0667577 1.2778519 1.1339479 1.3276757 1.2943346 1.3142289 1.3569866 1.4070070 1.1656338 1.6024838 1.4439265 0.8471951 1.2992823 2.4638729 1.6855988 2.8541327 0.8157878 1.3344468 1.7558051 2.1174755 2.3444811 
Coemet_Cmet_scaffold21444_01                            1.2893647 1.8909412 1.9750961 1.6342460 1.8783640 1.7658285 0.8707221 1.1992776 1.2369856 0.9231270 1.0993157 1.1608826 1.1753660 0.8747571 1.1821502 1.1076956 0.9044581 1.0610384 1.2308176 1.0851605 1.1512962 1.1059512 1.0088571 0.9860065 1.0304457 0.9338020 1.2126922 1.1772402 0.8120714 1.1989288 1.1892463 1.2074899 1.3106896 0.9869892 0.5407470 0.5492107 0.5115937 0.5286800 0.5059057 0.5639373 0.5391739 0.5199947 0.5344482 0.5097648 0.7149131 0.0000000 0.0238008 0.6779863 1.1784092 1.0793738 1.2461273 1.2523689 1.1530841 1.5064906 1.1692020 1.0856368 1.3024177 1.3272493 0.7736154 1.7533114 1.2751698 1.0844718 0.7318093 1.2389293 1.8488329 1.7841237 1.6575110 1.9546064 
Coeast_Cast_sb772105                                    1.1152487 1.3108944 1.3795034 1.2015260 1.4354937 1.5317467 0.9357565 1.0707413 1.0448047 0.9588189 0.8482928 0.8609395 0.8872758 0.7901713 0.9060323 0.8432192 0.8172443 0.8307673 0.9667148 0.8005207 0.8773965 0.8992263 0.7586311 0.7586311 0.7824880 0.7318292 0.9253614 0.8783034 0.7857034 0.9155564 0.9155564 0.9156319 1.0003240 0.7432786 0.5216860 0.5326799 0.4646719 0.4646719 0.4242300 0.5775510 0.5267967 0.5267967 0.4981805 0.4936443 0.5040561 0.0238008 0.0000000 0.4670163 1.0295216 0.8292919 0.9462329 0.9437461 0.8425189 0.9927028 0.9512614 0.8482726 1.1479484 1.1531043 0.7138966 1.1639591 1.0943587 0.8489116 0.7700020 1.2755332 1.5303312 1.4432162 1.3502060 1.8914160 
Vmul_SimC390052                                         1.6058479 1.8541283 1.9633304 1.8201311 2.0679148 2.1206891 1.2851903 1.5101695 1.3869087 0.8762314 1.3196054 1.2648790 1.3361840 1.0590041 1.3624427 1.2811024 1.1013990 1.2475675 1.3057658 1.3374159 1.3996982 1.4506613 1.3309886 1.2545282 1.2611624 1.2681289 1.4581865 1.4919638 0.9807906 1.4494959 1.4411860 1.4186747 1.4828296 1.3316673 0.7823695 0.7867882 0.7821570 0.8958383 0.7925127 0.7050192 0.8311619 0.6763010 0.8083259 0.6270593 1.0667577 0.6779863 0.4670163 0.0000000 1.2908132 1.3553228 1.4542650 1.4610516 1.4323398 1.6890412 1.2834313 1.3643474 1.4880104 1.4296106 1.3672568 1.9144705 1.2534632 1.3865605 0.6489950 1.3013214 2.8898944 1.8578169 2.0558380 2.6777453 
Sanmal_Sma_015302-T1                                    0.9549230 1.5368980 1.5223662 1.5593676 1.5108948 1.6003748 0.8393462 1.1890180 1.2575591 0.8764805 1.0467922 1.0166928 1.0028323 0.9119181 0.9150038 1.0283661 0.9221351 1.0080380 1.2274154 0.9931332 1.0426462 0.9044816 0.9915968 0.9782271 1.1023230 0.8472750 0.9277625 0.9687484 0.6170187 0.9608460 0.9608460 0.9271233 1.0681847 0.9162306 1.0571765 1.0792668 1.0342941 1.0586112 1.0947070 0.7443982 1.0883044 0.9374233 1.0418083 0.9775556 1.2778519 1.1784092 1.0295216 1.2908132 0.0000000 0.4618926 0.6454309 0.6758424 0.8306367 1.2270951 1.1276495 1.1116833 1.3957029 1.3299944 2.0080751 1.2949660 0.9940629 1.0848457 0.3422454 1.1481031 3.1756528 2.0347416 1.3432345 4.0052803 
Sanmal_Sma_015305-T1                                    1.2128405 1.9007497 1.9069447 1.5670129 1.7033831 1.7604277 0.8393462 1.1654824 1.2213483 0.7511334 0.6638718 0.6849023 0.7025744 0.5802028 0.8224169 0.7351656 0.6308533 0.6754576 0.8807143 0.7683834 0.7929439 0.9177630 0.8101762 0.7710889 0.9116340 0.9495376 0.9302221 0.9043156 0.5204922 0.9090638 0.9014068 0.8849614 1.0523708 1.0150188 1.0883380 1.1407727 1.0699505 1.1694175 1.1099762 0.7451665 1.1480415 0.8461654 1.1906584 0.9113126 1.1339479 1.0793738 0.8292919 1.3553228 0.4618926 0.0000000 0.3625204 0.3971467 0.6415891 1.1224997 1.0055197 1.1775403 1.1798880 1.2078761 1.9094422 0.9905279 0.9906680 1.2811737 0.3811976 1.2479686 1.5835722 1.8257996 1.3495988 2.0359197 
Nemnom_g17598.t1                                        1.1292312 1.7054330 1.7632863 1.5547259 1.8158104 1.7053059 0.7707973 1.1058934 1.1605578 0.6883930 0.6868035 0.7202782 0.6940260 0.5648848 0.7088546 0.7049502 0.6300791 0.6928040 0.8683831 0.7482654 0.8240984 0.8833976 0.8295335 0.7846730 0.9581127 0.9411497 0.9480667 0.9740497 0.5428622 0.9294441 0.9426507 0.9631431 1.0976985 0.9110243 1.0810199 1.1158810 1.1110846 1.1706368 1.1533968 0.7633327 1.1584844 0.9098729 1.1710323 1.0236262 1.3276757 1.2461273 0.9462329 1.4542650 0.6454309 0.3625204 0.0000000 0.1189671 0.5870498 1.2346827 0.9573584 1.1947679 1.1910519 1.1685474 1.9676171 1.0084754 1.0649737 1.2533730 0.5314805 1.3852309 1.5500677 1.8310975 1.4583780 1.9454323 
Rhoesc_Res_007432-T1                                    1.1706190 1.7661044 1.7821926 1.5307211 1.7402199 1.6683099 0.7534996 1.0698028 1.1299359 0.7070733 0.6507054 0.6982368 0.6760284 0.5434523 0.7047104 0.6637597 0.6052693 0.6371863 0.8260607 0.7338162 0.7886561 0.8613316 0.8452241 0.8092161 0.9301045 0.9496820 0.9001805 0.9431939 0.5536065 0.9036108 0.9159446 0.9314084 1.0408988 0.9315524 1.0854243 1.1193732 1.1181821 1.1771094 1.1571780 0.8162315 1.1779661 0.9363737 1.1894243 0.9909875 1.2943346 1.2523689 0.9437461 1.4610516 0.6758424 0.3971467 0.1189671 0.0000000 0.5500708 1.2276117 0.9298440 1.1675391 1.1944879 1.1816506 1.7934345 1.0142605 1.0538725 1.2500004 0.5803026 1.4662721 1.4246237 1.7554885 1.4085773 1.9521514 
Morvir_scaffold18.g103.t1                               1.1978433 1.5754965 1.6006452 1.6972527 1.6217273 1.7563195 0.6765994 1.0911443 1.0964438 0.6792211 0.7545966 0.8517475 0.8402058 0.5833030 0.8404527 0.7532816 0.6165631 0.7713381 0.8977573 0.7518426 0.8353662 0.8600481 0.8322742 0.7737371 0.8936969 0.8888584 1.0018048 1.0467160 0.5833954 0.9949005 0.9766705 0.9692919 1.1166214 0.9798278 1.1289806 1.1707084 1.1849037 1.2332798 1.1717088 0.8068972 1.1731468 0.9354594 1.2864549 0.9873904 1.3142289 1.1530841 0.8425189 1.4323398 0.8306367 0.6415891 0.5870498 0.5500708 0.0000000 1.2319177 1.0534477 1.1306926 1.1209199 1.1406238 1.8880786 0.8835788 0.9855471 1.2605749 0.4562409 1.2592722 1.4012230 1.8200168 1.6093333 1.9868900 
Stycar_maker-SC_scaffold146692-snap-gene-0.11-mRNA-1    1.6681626 2.1100452 2.1100452 1.8379457 1.9336580 1.9988861 0.5026204 0.5792301 0.6129372 0.0152484 1.1314691 1.1742406 1.1879088 0.8232224 1.2193235 1.0916907 0.8297500 1.2427916 1.3588344 1.0537731 1.0626776 1.3741773 1.2553673 1.1488852 1.2728761 1.4570265 1.2781181 1.3316295 0.8778021 1.3487100 1.2924730 1.1504335 1.5303886 1.2371990 1.3206393 1.3728569 1.2910419 1.3389799 1.3334999 0.7316941 1.1810722 0.9267498 1.1428026 1.0923723 1.3569866 1.5064906 0.9927028 1.6890412 1.2270951 1.1224997 1.2346827 1.2276117 1.2319177 0.0000000 1.1909411 1.7283103 1.2178866 1.4217869 1.4377539 1.1910770 1.9025059 1.2864006 0.0000010 0.0000010 1.1746618 1.7556745 1.5997735 1.2325809 
