55
Lcom_lcpid99114                                        0.0000000 0.7251504 0.6842826 0.8760459 0.9191770 1.4885135 1.5553352 1.3380506 1.7763688 1.7409361 1.9714220 1.8913437 1.8872237 1.8640112 1.8420101 1.6231154 1.7107260 1.7688974 1.6739746 1.5270955 1.9841067 1.8580971 1.8053853 1.8124823 1.7966930 2.1078185 1.9239967 1.9863564 1.8107856 1.9199568 2.1096604 1.4352885 1.6133336 1.2948411 1.3697610 1.5488184 1.5031322 1.8742708 1.5059735 1.8165771 1.4609863 1.8123380 1.3675228 1.7037313 1.7527932 1.7090893 1.7137707 1.7493882 1.9186633 2.5590939 1.8752874 2.3397341 1.7245796 1.9450721 2.9647658 
Gracom_Gcom_scaffold11393_01                           0.7251504 0.0000000 0.3462963 0.4417548 0.6230381 1.4251642 1.3191246 1.1795780 1.6639892 1.5497701 1.9947161 1.5478169 1.5610318 1.5546826 1.5636613 1.4545728 1.5072061 1.6054601 1.5026007 1.2972831 1.8119571 1.4766579 1.7263639 1.6097783 1.6507266 1.5625681 1.4863553 1.5223434 1.6753121 1.5788368 1.7673599 1.3369168 1.3650375 1.3036011 1.2522264 1.4172780 1.4398131 1.8478888 1.4427700 1.8873743 1.5553594 1.9497452 1.3367820 1.5762787 1.6816356 1.5450228 1.6225172 1.5775726 1.8471890 2.2490744 2.0987620 2.0855922 1.9458592 2.0734810 2.6683236 
Scil_scict023345.1                                     0.6842826 0.3462963 0.0000000 0.3450951 0.6427323 1.4550504 1.2831724 1.1310465 1.6420142 1.6150094 1.9856391 1.3110681 1.3593275 1.3464955 1.3366661 1.2061972 1.2966020 1.3673730 1.4567743 1.2743109 1.9152530 1.6294127 1.7841218 1.7513596 1.7882874 1.7192619 1.5323899 1.5944267 1.7733820 1.4166417 1.6146874 1.0532960 1.2645540 1.2185551 1.2614680 1.4827752 1.2233987 1.8498583 1.3112573 1.6914726 1.2634038 1.8594103 1.3915204 1.6325493 1.7461433 1.5281435 1.4564199 1.5044947 1.8872474 2.3450183 1.9208260 2.0635756 1.7369927 2.2254752 2.5887949 
Leuniv_Lniv_scaffold12950_01                           0.8760459 0.4417548 0.3450951 0.0000000 0.7803933 1.4270811 1.1308041 1.2628656 1.4903938 1.4378120 2.1269856 1.3501471 1.3479709 1.2931013 1.3074225 1.4306117 1.4043669 1.4091584 1.2783265 1.2989214 1.9850096 1.6387587 1.6823747 1.6150020 1.6850333 1.6542770 1.4393374 1.5199301 1.7861012 1.4606757 1.6768750 1.1164499 1.2424247 1.0991980 1.1518174 1.2998872 1.2559603 1.5943637 1.2999209 1.6640828 1.4384147 1.5977201 1.3940069 1.6520231 1.4827395 1.5938254 1.5250970 1.3785430 1.7137436 2.3286198 1.7672381 2.0200854 1.6777648 1.6674861 2.7006757 
Clacor_Ccor_scaffold14826_01                           0.9191770 0.6230381 0.6427323 0.7803933 0.0000000 1.0746401 0.8718879 1.0664628 1.2764368 0.9295221 1.3308816 1.3512994 1.4352833 1.3993842 1.4403705 1.0800468 1.2925308 1.3880056 1.1683164 0.8822572 1.6428648 1.3027950 1.7230285 1.4687849 1.5496475 1.6193051 1.5985934 1.6590682 1.6098932 1.6585141 1.9115276 1.0309824 0.9080027 0.8969024 0.9071220 1.1539453 1.2079823 1.5456008 1.0791012 1.2959815 1.2218145 1.4216508 1.1501900 1.1679538 1.2444367 1.1162757 1.2008230 1.2649910 1.4882049 1.8320262 1.9094683 1.8672677 1.7255501 2.0604482 2.9146810 
Cgig_XM_034458053.1                                    1.4885135 1.4251642 1.4550504 1.4270811 1.0746401 0.0000000 0.5441632 0.6704813 0.9307818 1.2749376 1.3415002 1.4011781 1.4177451 1.4864377 1.3719660 1.3655587 1.4926958 1.5544538 1.4647204 1.1014177 1.6483357 1.3990606 1.5780677 1.4020581 1.3679185 1.4196649 1.5947260 1.6549902 1.4492560 1.7458821 1.9574218 0.9216690 1.1810757 1.0782624 1.0854907 1.3535702 1.0051855 1.6662782 1.3759531 1.3464401 1.1775570 1.2892305 1.0959073 1.4904317 1.5845489 1.4503504 1.6001587 1.6046171 1.1787175 1.7796134 1.7195775 2.1587722 1.4903929 1.7265593 2.7487799 
Acagra_model.g8095.t1                                  1.5553352 1.3191246 1.2831724 1.1308041 0.8718879 0.5441632 0.0000000 0.6794039 1.0017004 1.2418067 1.3696435 1.2733114 1.2769281 1.3541391 1.3281448 0.9877779 1.3057791 1.3939624 1.1955404 1.1437844 1.7441082 1.6166423 1.7045907 1.5884580 1.5454218 1.7051152 1.6590217 1.6878358 1.5356752 1.7289645 1.9999960 1.0468229 1.4224113 1.1127575 1.0798669 1.4899943 1.0378462 1.7463285 1.2719802 1.1820071 1.0291135 1.4225721 1.2057126 1.2465462 1.4501617 1.1728906 1.4555354 1.3538260 1.2491135 1.7023410 1.5338020 1.7496394 1.4457708 2.3260192 2.2850069 
Ctel_gnl_WGS_AMQN_CAPTEDRAFT_mRNA5941                  1.3380506 1.1795780 1.1310465 1.2628656 1.0664628 0.6704813 0.6794039 0.0000000 1.2110036 1.4145861 1.7343392 1.3038752 1.2942201 1.2995905 1.2631638 1.1001294 1.3055749 1.5022192 1.4720723 1.1839983 1.6200274 1.4772615 1.4716420 1.3963982 1.5314468 1.6184284 1.5766061 1.6344786 1.6441626 1.7000162 1.8736419 1.1155969 1.3118110 1.1194914 1.1114068 1.3607801 1.0120682 2.1221577 1.4550093 1.3623400 1.3466496 1.4549859 1.1736834 1.6333564 1.6375955 1.5872728 1.6859024 1.6362925 1.3589236 1.7884221 1.8395559 1.8996935 1.5814297 1.9600623 2.3498983 
Dpul_mRNA19136                                         1.7763688 1.6639892 1.6420142 1.4903938 1.2764368 0.9307818 1.0017004 1.2110036 0.0000000 1.4449836 1.3649160 1.2619130 1.2835946 1.3792590 1.3053970 1.2145036 1.2533306 1.4716917 1.5606142 1.1743309 1.4528533 1.5787698 1.8864992 1.6200174 1.5619548 1.7513882 1.6895331 1.7577099 1.7214972 1.8214597 2.0467505 1.2438376 1.2903681 1.3476236 1.2937186 1.3596426 1.0720148 1.8026885 1.5022848 1.6600154 1.3979199 1.4651213 1.1527053 1.6120389 1.6839214 1.4426160 1.5599752 1.6533366 1.5295260 2.1635251 1.9158852 2.2198392 1.5383005 1.7521961 2.6411593 
Opea_EP00118_Oscarella_pearsei_P000279                 1.7409361 1.5497701 1.6150094 1.4378120 0.9295221 1.2749376 1.2418067 1.4145861 1.4449836 0.0000000 0.0897186 1.5989773 1.5769320 1.5605400 1.5680556 1.5123539 1.6883899 1.7454035 1.3285654 1.0674659 1.4739073 1.2923290 1.5804562 1.4178512 1.3922110 1.5466917 1.2723186 1.3334373 1.4885622 1.5528933 1.5789542 1.3283730 1.3990990 1.1413000 1.2159379 1.3331432 1.3936349 1.4513687 1.4416170 1.4112138 1.4901205 1.4926086 1.2588511 1.5150568 1.6016586 1.2935687 1.4180296 1.4697987 1.7203338 1.8828028 1.8116003 1.8527331 1.6841731 2.2088939 2.4610360 
Ocar_g4691                                             1.9714220 1.9947161 1.9856391 2.1269856 1.3308816 1.3415002 1.3696435 1.7343392 1.3649160 0.0897186 0.0000000 1.8888908 1.7753435 1.7229622 1.8157825 1.6620497 1.9124328 2.0662260 1.6748759 1.3428983 1.6707903 1.5640485 1.5422507 1.7313908 1.5179995 2.2581077 1.7933426 1.8733372 1.6395132 1.8802978 2.0401795 1.2821375 1.3913538 1.2978598 1.2681158 1.5032317 1.6782709 1.6264603 1.8283248 2.1034429 1.7601457 2.1637687 1.6217627 1.4964380 2.1631161 1.2565024 1.3539753 1.4744035 1.8732452 1.9444613 2.3566833 2.1011838 1.5210664 6.7983910 2.5964224 
Fspp_ffun1.m4.33779.m1                                 1.8913437 1.5478169 1.3110681 1.3501471 1.3512994 1.4011781 1.2733114 1.3038752 1.2619130 1.5989773 1.8888908 0.0000000 0.0379910 0.1054589 0.0986818 0.2067318 0.1930131 0.1376427 0.8504831 0.7640670 1.0021519 1.0109839 1.0826191 1.0657578 1.0215281 1.1487848 1.0066131 1.0590514 1.2373323 1.0108275 1.0777762 0.9527001 1.1325006 1.2080230 1.2592414 1.2864534 0.9352285 1.6085878 1.2841726 1.3699145 1.1302068 1.3400717 1.2741196 1.4793126 1.4631401 1.3528247 1.4940542 1.5144071 1.4788173 1.6588947 1.5074719 1.7969483 1.8047172 1.6404149 2.9144908 
Gasp_gasp1.m3.558.m1                                   1.8872237 1.5610318 1.3593275 1.3479709 1.4352833 1.4177451 1.2769281 1.2942201 1.2835946 1.5769320 1.7753435 0.0379910 0.0000000 0.1088804 0.1086550 0.2099036 0.1969994 0.1430357 0.8373269 0.7608396 1.0286516 1.0308164 1.0183564 1.0823094 1.0368350 1.1470708 0.9947309 1.0468081 1.2468298 1.0581606 1.1346148 0.9431787 1.1327049 1.2245254 1.2730651 1.2899050 0.9627347 1.6535362 1.3147522 1.3875044 1.1501063 1.3878226 1.2806320 1.4965920 1.4642908 1.3889620 1.5593315 1.5541391 1.5184048 1.6671272 1.4964894 1.7888990 1.8530816 1.6637396 3.0081392 
Spis_XP_022783072_1                                    1.8640112 1.5546826 1.3464955 1.2931013 1.3993842 1.4864377 1.3541391 1.2995905 1.3792590 1.5605400 1.7229622 0.1054589 0.1088804 0.0000000 0.0550232 0.2618974 0.2340020 0.1884372 0.9309580 0.8691521 1.0919836 1.0508862 1.1321475 1.0865671 1.0572627 1.2003667 1.0183175 1.0650955 1.3046880 1.1067186 1.1825364 0.9921671 1.1676183 1.2266383 1.2962554 1.3020579 0.9451936 1.7202342 1.2751373 1.4789377 1.1895579 1.3646611 1.3399684 1.4806839 1.4699954 1.3614309 1.4922191 1.5338247 1.4245054 1.6364209 1.4710713 1.8622963 1.8437705 1.5942667 2.9703906 
Pocdam_XM_027185600.1                                  1.8420101 1.5636613 1.3366661 1.3074225 1.4403705 1.3719660 1.3281448 1.2631638 1.3053970 1.5680556 1.8157825 0.0986818 0.1086550 0.0550232 0.0000000 0.2247026 0.2079260 0.1686722 0.8250506 0.8253615 1.0993516 1.0595273 1.1112791 1.0930256 1.0596572 1.1563047 1.0130552 1.0654487 1.2996692 1.0921565 1.1664638 0.9883576 1.0961765 1.1570601 1.2016356 1.2262488 0.9281128 1.5874065 1.2591396 1.4423735 1.1692236 1.2995235 1.2737883 1.4642941 1.4868199 1.3468486 1.5290124 1.5215406 1.5449667 1.6776827 1.4652175 1.7416353 1.8187708 1.6944443 2.9643266 
Amil_Amillepora25210-RA                                1.6231154 1.4545728 1.2061972 1.4306117 1.0800468 1.3655587 0.9877779 1.1001294 1.2145036 1.5123539 1.6620497 0.2067318 0.2099036 0.2618974 0.2247026 0.0000000 0.0141573 0.1838365 0.9358818 0.8211310 1.3740406 1.1397032 1.1945585 1.2031237 1.1709516 1.2166501 1.3081255 1.3889939 1.3203601 1.2304934 1.4285482 0.9645256 1.0424221 1.1178035 1.1391068 1.2172413 0.9295478 1.6445798 1.3442558 1.2783825 1.0277877 1.3190922 1.3057982 1.2406919 1.2567173 1.1296970 1.6861469 1.4059134 1.5176048 1.6716243 1.5929436 1.6236429 1.9591525 1.4207831 2.7031555 
Adig_XM_015918625.1                                    1.7107260 1.5072061 1.2966020 1.4043669 1.2925308 1.4926958 1.3057791 1.3055749 1.2533306 1.6883899 1.9124328 0.1930131 0.1969994 0.2340020 0.2079260 0.0141573 0.0000000 0.1537732 0.8875122 0.7916689 1.0149843 1.0315286 1.1262013 1.0843638 1.0507556 1.1359121 1.0748508 1.1284591 1.2613360 1.1197752 1.2404872 0.9709355 1.1380752 1.2413738 1.2768626 1.2749792 0.8956146 1.5765480 1.2862818 1.3755124 1.1667672 1.3633860 1.3098534 1.4346229 1.5375381 1.2448078 1.6185298 1.4862590 1.4516255 1.7848248 1.4651085 1.6445828 1.8200838 1.5548801 2.9884981 
Gfas_gfas1.m1.4627.m1                                  1.7688974 1.6054601 1.3673730 1.4091584 1.3880056 1.5544538 1.3939624 1.5022192 1.4716917 1.7454035 2.0662260 0.1376427 0.1430357 0.1884372 0.1686722 0.1838365 0.1537732 0.0000000 0.9458611 0.8948718 0.9704745 1.0383260 1.1376278 1.1433604 1.1205301 1.2512194 1.1508422 1.2108554 1.3447991 1.1664558 1.2145172 1.0598822 1.2189327 1.3736271 1.4089733 1.4818980 1.0190708 1.6427657 1.3268295 1.5010302 1.2279877 1.5236607 1.5110972 1.6390981 1.7247993 1.4619766 1.6659808 1.6336694 1.6221934 1.9667942 1.6137765 1.9353201 1.7660124 1.6484562 3.0250761 
Nvec_v1g184404                                         1.6739746 1.5026007 1.4567743 1.2783265 1.1683164 1.4647204 1.1955404 1.4720723 1.5606142 1.3285654 1.6748759 0.8504831 0.8373269 0.9309580 0.8250506 0.9358818 0.8875122 0.9458611 0.0000000 0.4394336 1.2101115 1.1074542 1.4656048 1.1110932 1.2177268 1.2293568 1.2745028 1.3308450 1.4266537 1.2618849 1.3665437 1.1125604 1.3630992 1.2701945 1.2844795 1.2840528 1.1203735 1.6331108 1.4544717 1.3704434 1.3854034 1.2995662 1.2417048 1.5733488 1.4283729 1.3624012 1.4769694 1.4395968 1.5891580 1.5677062 1.4636013 1.6367504 1.7635708 1.8864212 2.7526718 
Exapal_XM_021062048.2                                  1.5270955 1.2972831 1.2743109 1.2989214 0.8822572 1.1014177 1.1437844 1.1839983 1.1743309 1.0674659 1.3428983 0.7640670 0.7608396 0.8691521 0.8253615 0.8211310 0.7916689 0.8948718 0.4394336 0.0000000 1.1305935 0.9861486 1.1095371 0.8524693 1.0112544 0.9763010 0.9002869 0.9056222 1.0610822 1.1356110 1.2280112 0.8893397 1.0096388 1.0355788 1.0422635 1.1554033 1.0292227 1.5413743 1.2745403 1.0184295 1.1611749 1.2860663 1.1480115 1.1854238 1.2263957 1.0446513 1.2000448 1.2409601 1.3225331 1.3330563 1.3194295 1.2900547 1.3489891 1.7960966 1.9953754 
Pbac_sb2661166                                         1.9841067 1.8119571 1.9152530 1.9850096 1.6428648 1.6483357 1.7441082 1.6200274 1.4528533 1.4739073 1.6707903 1.0021519 1.0286516 1.0919836 1.0993516 1.3740406 1.0149843 0.9704745 1.2101115 1.1305935 0.0000000 0.0508679 0.5737807 0.9019535 0.7672379 0.6794798 0.7142736 0.6917628 0.7594679 0.8505517 0.8505517 1.2898326 1.8170017 1.6041557 1.6151498 1.3136505 1.2840785 1.9935498 2.0636535 1.7094341 1.7334352 1.3067652 1.6199630 1.7857345 2.3780695 1.7102755 1.5947392 1.5701728 1.6953100 2.0490679 1.6379500 1.8350871 1.7043800 1.9613377 0.6924072 
Horcal_Hcv1.av93.c9.g380.i1                            1.8580971 1.4766579 1.6294127 1.6387587 1.3027950 1.3990606 1.6166423 1.4772615 1.5787698 1.2923290 1.5640485 1.0109839 1.0308164 1.0508862 1.0595273 1.1397032 1.0315286 1.0383260 1.1074542 0.9861486 0.0508679 0.0000000 0.5691184 0.7956661 0.6320065 0.6314737 0.6278881 0.6564575 0.7387385 0.6859017 0.7563214 1.1682374 1.5437855 1.3994186 1.4143625 1.2636803 1.1871037 1.6766402 1.6308171 1.5717956 1.4544142 1.3692724 1.3830770 1.5296392 1.6041159 1.4916753 1.5747104 1.6826277 1.7548810 1.7291453 1.4636727 1.6255191 1.8486662 1.9750431 1.4080163 
Lampan_Lpan_3661_01                                    1.8053853 1.7263639 1.7841218 1.6823747 1.7230285 1.5780677 1.7045907 1.4716420 1.8864992 1.5804562 1.5422507 1.0826191 1.0183564 1.1321475 1.1112791 1.1945585 1.1262013 1.1376278 1.4656048 1.1095371 0.5737807 0.5691184 0.0000000 0.8706891 0.7919105 0.6606286 0.6428659 0.6888415 0.7776967 0.8286585 0.8933169 1.3787707 1.6237479 1.7151724 1.7418718 1.5888835 1.3277226 1.6996549 1.8797994 1.8234125 1.4662345 1.4112144 1.3906969 1.9547827 1.9763311 1.9825819 2.1044487 1.9070138 1.6215360 1.9061223 1.7901295 1.9497101 1.8868436 1.8484116 2.4401674 
Vmul_sbMO382938                                        1.8124823 1.6097783 1.7513596 1.6150020 1.4687849 1.4020581 1.5884580 1.3963982 1.6200174 1.4178512 1.7313908 1.0657578 1.0823094 1.0865671 1.0930256 1.2031237 1.0843638 1.1433604 1.1110932 0.8524693 0.9019535 0.7956661 0.8706891 0.0000000 0.3512908 0.8931519 0.8665118 0.9139717 0.8696132 0.7868693 0.8487253 1.1394037 1.4513282 1.5158008 1.4157591 1.4061267 1.1170440 1.5181659 1.4410110 1.5089390 1.5829693 1.0443259 1.2970046 1.5981061 1.6195959 1.5671481 1.5211548 1.8035377 1.6281964 1.6922612 1.4792727 1.4940517 1.8774346 1.8278624 2.5931301 
Coemet_Cmet_C592439_01                                 1.7966930 1.6507266 1.7882874 1.6850333 1.5496475 1.3679185 1.5454218 1.5314468 1.5619548 1.3922110 1.5179995 1.0215281 1.0368350 1.0572627 1.0596572 1.1709516 1.0507556 1.1205301 1.2177268 1.0112544 0.7672379 0.6320065 0.7919105 0.3512908 0.0000000 0.9040056 0.7980234 0.8339245 0.8888267 0.7811742 0.8333349 1.1841332 1.7229798 1.5882054 1.5524310 1.4584498 1.1639753 1.6836966 1.5454648 1.4795825 1.6272818 1.0847023 1.4539361 1.4459722 1.5472115 1.4577035 1.5636298 1.7827138 1.4583056 1.7829016 1.5513400 1.5708712 1.8986352 2.1106058 2.4563295 
Bolinf_Binf_sb1229937                                  2.1078185 1.5625681 1.7192619 1.6542770 1.6193051 1.4196649 1.7051152 1.6184284 1.7513882 1.5466917 2.2581077 1.1487848 1.1470708 1.2003667 1.1563047 1.2166501 1.1359121 1.2512194 1.2293568 0.9763010 0.6794798 0.6314737 0.6606286 0.8931519 0.9040056 0.0000000 0.3873289 0.3890815 0.4675638 0.7984218 0.7984218 1.1657925 1.5193891 1.6363226 1.6723332 1.3395679 1.2928579 1.6114501 1.6599612 1.5773988 1.3334347 1.5005527 1.4106375 1.6112648 1.8857920 1.5716950 1.8375304 1.8379280 1.6231314 1.7599598 1.6414839 1.8917829 2.0350676 2.1055539 1.8930679 
Bolinf_Binf_sb1249665                                  1.9239967 1.4863553 1.5323899 1.4393374 1.5985934 1.5947260 1.6590217 1.5766061 1.6895331 1.2723186 1.7933426 1.0066131 0.9947309 1.0183175 1.0130552 1.3081255 1.0748508 1.1508422 1.2745028 0.9002869 0.7142736 0.6278881 0.6428659 0.8665118 0.7980234 0.3873289 0.0000000 0.0180629 0.6290582 0.7533169 0.7462182 1.0982927 1.5273161 1.4332710 1.4514020 1.4726504 1.2559755 1.5614888 1.6047340 1.4539760 1.5248699 1.4514366 1.3931035 1.6007703 1.8918495 1.5505404 1.6747426 1.6665596 1.7197925 1.7215987 1.2805143 1.5898717 2.0129238 2.0888126 1.8118270 
Mertsp_Mesp_sb582064                                   1.9863564 1.5223434 1.5944267 1.5199301 1.6590682 1.6549902 1.6878358 1.6344786 1.7577099 1.3334373 1.8733372 1.0590514 1.0468081 1.0650955 1.0654487 1.3889939 1.1284591 1.2108554 1.3308450 0.9056222 0.6917628 0.6564575 0.6888415 0.9139717 0.8339245 0.3890815 0.0180629 0.0000000 0.6597575 0.7819497 0.6814034 1.1509560 1.6280807 1.4978180 1.5418993 1.5381038 1.3064022 1.5365399 1.6778849 1.5211518 1.5920307 1.5019965 1.4383099 1.6539941 1.8929810 1.6035252 1.7630838 1.7214059 1.7397160 1.7909377 1.3281759 1.6598459 2.0224338 2.0888126 1.8524428 
Beraby_Baby_sb339682                                   1.8107856 1.6753121 1.7733820 1.7861012 1.6098932 1.4492560 1.5356752 1.6441626 1.7214972 1.4885622 1.6395132 1.2373323 1.2468298 1.3046880 1.2996692 1.3203601 1.2613360 1.3447991 1.4266537 1.0610822 0.7594679 0.7387385 0.7776967 0.8696132 0.8888267 0.4675638 0.6290582 0.6597575 0.0000000 0.7987414 0.8669088 1.2985179 1.5516967 1.5737626 1.6517978 1.5695209 1.2106512 1.7125267 1.5636999 1.6322612 1.2642431 1.5870519 1.5070170 1.6211139 1.8396847 1.6104842 1.8002924 1.7668237 1.5409883 1.7514804 1.4595124 1.7896479 1.8926991 2.4227408 2.3052058 
Drygla_Dgla_sb286012                                   1.9199568 1.5788368 1.4166417 1.4606757 1.6585141 1.7458821 1.7289645 1.7000162 1.8214597 1.5528933 1.8802978 1.0108275 1.0581606 1.1067186 1.0921565 1.2304934 1.1197752 1.1664558 1.2618849 1.1356110 0.8505517 0.6859017 0.8286585 0.7868693 0.7811742 0.7984218 0.7533169 0.7819497 0.7987414 0.0000000 0.0238108 1.2080479 1.6204387 1.6505631 1.7766248 1.3923806 1.3707763 1.9218049 1.5174427 1.7476207 1.5407156 1.4414212 1.5204954 1.8475829 1.8654338 1.7866410 1.6575153 1.8181588 2.1788472 1.8641119 1.5450278 1.8215338 2.1742222 3.2198295 2.2505568 
Drygla_Dgla_sb286013                                   2.1096604 1.7673599 1.6146874 1.6768750 1.9115276 1.9574218 1.9999960 1.8736419 2.0467505 1.5789542 2.0401795 1.0777762 1.1346148 1.1825364 1.1664638 1.4285482 1.2404872 1.2145172 1.3665437 1.2280112 0.8505517 0.7563214 0.8933169 0.8487253 0.8333349 0.7984218 0.7462182 0.6814034 0.8669088 0.0238108 0.0000000 1.3753151 1.7523592 1.7792586 1.9199983 1.4897944 1.5337722 1.9218049 1.6988352 1.9017899 1.6689503 1.6370153 1.6293355 1.9105045 2.0566013 1.9240848 1.7130579 1.9137355 2.3454788 1.9793711 1.6851449 1.9494980 2.2324194 3.2198295 2.0813890 
Bralan_BLAG13000772_1                                  1.4352885 1.3369168 1.0532960 1.1164499 1.0309824 0.9216690 1.0468229 1.1155969 1.2438376 1.3283730 1.2821375 0.9527001 0.9431787 0.9921671 0.9883576 0.9645256 0.9709355 1.0598822 1.1125604 0.8893397 1.2898326 1.1682374 1.3787707 1.1394037 1.1841332 1.1657925 1.0982927 1.1509560 1.2985179 1.2080479 1.3753151 0.0000000 0.9650243 0.9118559 0.9961815 1.1607134 0.8077909 1.4124933 1.2055439 1.1352778 1.1471329 1.2440223 0.9737105 1.4539234 1.6652659 1.3254604 1.3903078 1.4810503 1.3802557 1.9123391 1.3810401 1.7516528 1.6492963 1.7008418 2.4760899 
Sanmal_Sma_012111-T1                                   1.6133336 1.3650375 1.2645540 1.2424247 0.9080027 1.1810757 1.4224113 1.3118110 1.2903681 1.3990990 1.3913538 1.1325006 1.1327049 1.1676183 1.0961765 1.0424221 1.1380752 1.2189327 1.3630992 1.0096388 1.8170017 1.5437855 1.6237479 1.4513282 1.7229798 1.5193891 1.5273161 1.6280807 1.5516967 1.6204387 1.7523592 0.9650243 0.0000000 0.3758183 0.4074285 0.8717820 1.0835777 1.3450002 1.5370356 1.4174952 1.2818709 1.5093603 1.4175564 1.5596997 1.7805683 1.3504305 1.2039504 1.0855470 1.8916951 1.8173514 1.7620583 1.6731948 1.9298053 1.7845335 2.7641571 
Nemnom_g12746.t1                                       1.2948411 1.3036011 1.2185551 1.0991980 0.8969024 1.0782624 1.1127575 1.1194914 1.3476236 1.1413000 1.2978598 1.2080230 1.2245254 1.2266383 1.1570601 1.1178035 1.2413738 1.3736271 1.2701945 1.0355788 1.6041557 1.3994186 1.7151724 1.5158008 1.5882054 1.6363226 1.4332710 1.4978180 1.5737626 1.6505631 1.7792586 0.9118559 0.3758183 0.0000000 0.0780124 0.7013460 1.1363438 1.1210454 1.4160720 1.4094426 1.2974506 1.4392420 1.3742684 1.3826917 1.5262769 1.2557222 1.0507966 1.0579544 1.4602291 1.8052396 1.5091146 1.6786718 1.7008349 2.1622273 2.4516778 
Rhoesc_Res_016739-T1                                   1.3697610 1.2522264 1.2614680 1.1518174 0.9071220 1.0854907 1.0798669 1.1114068 1.2937186 1.2159379 1.2681158 1.2592414 1.2730651 1.2962554 1.2016356 1.1391068 1.2768626 1.4089733 1.2844795 1.0422635 1.6151498 1.4143625 1.7418718 1.4157591 1.5524310 1.6723332 1.4514020 1.5418993 1.6517978 1.7766248 1.9199983 0.9961815 0.4074285 0.0780124 0.0000000 0.7780241 1.1624242 1.1448298 1.4395363 1.3882067 1.3588989 1.5060147 1.3798572 1.3696765 1.5019602 1.2402506 1.0199525 1.1719735 1.4807477 1.8070921 1.6286097 1.7305852 1.7509647 2.0679085 2.5952417 
Chem_TCONS_00028754                                    1.5488184 1.4172780 1.4827752 1.2998872 1.1539453 1.3535702 1.4899943 1.3607801 1.3596426 1.3331432 1.5032317 1.2864534 1.2899050 1.3020579 1.2262488 1.2172413 1.2749792 1.4818980 1.2840528 1.1554033 1.3136505 1.2636803 1.5888835 1.4061267 1.4584498 1.3395679 1.4726504 1.5381038 1.5695209 1.3923806 1.4897944 1.1607134 0.8717820 0.7013460 0.7780241 0.0000000 1.2012285 0.9270733 1.5722090 1.6282940 1.6037701 1.5003594 1.4427451 1.7851737 1.5991710 1.5166142 1.4278072 1.3047395 1.6717563 1.8044392 1.5623047 1.5999391 1.7335795 2.1555043 2.6919338 
Spur_NM_001242677.1                                    1.5031322 1.4398131 1.2233987 1.2559603 1.2079823 1.0051855 1.0378462 1.0120682 1.0720148 1.3936349 1.6782709 0.9352285 0.9627347 0.9451936 0.9281128 0.9295478 0.8956146 1.0190708 1.1203735 1.0292227 1.2840785 1.1871037 1.3277226 1.1170440 1.1639753 1.2928579 1.2559755 1.3064022 1.2106512 1.3707763 1.5337722 0.8077909 1.0835777 1.1363438 1.1624242 1.2012285 0.0000000 1.6558111 1.2732873 1.2015269 1.0175573 1.1760145 0.9490773 1.3171023 1.4486327 1.1250174 1.3491131 1.2778061 1.1957995 1.8490836 1.5193666 1.4218313 1.5527913 1.4085851 2.2250131 
Hvul_g8012_1                                           1.8742708 1.8478888 1.8498583 1.5943637 1.5456008 1.6662782 1.7463285 2.1221577 1.8026885 1.4513687 1.6264603 1.6085878 1.6535362 1.7202342 1.5874065 1.6445798 1.5765480 1.6427657 1.6331108 1.5413743 1.9935498 1.6766402 1.6996549 1.5181659 1.6836966 1.6114501 1.5614888 1.5365399 1.7125267 1.9218049 1.9218049 1.4124933 1.3450002 1.1210454 1.1448298 0.9270733 1.6558111 0.0000000 2.1861464 1.7586774 1.9471568 1.7661703 1.7306381 1.8576714 2.2380156 1.8274988 1.6937058 1.4114911 1.5970810 2.0057580 1.7289673 1.7453940 1.9255893 1.9446308 3.1275323 
Tetwil_g17991.t1                                       1.5059735 1.4427700 1.3112573 1.2999209 1.0791012 1.3759531 1.2719802 1.4550093 1.5022848 1.4416170 1.8283248 1.2841726 1.3147522 1.2751373 1.2591396 1.3442558 1.2862818 1.3268295 1.4544717 1.2745403 2.0636535 1.6308171 1.8797994 1.4410110 1.5454648 1.6599612 1.6047340 1.6778849 1.5636999 1.5174427 1.6988352 1.2055439 1.5370356 1.4160720 1.4395363 1.5722090 1.2732873 2.1861464 0.0000000 0.9300403 1.0018675 1.6021400 1.2219714 1.1425905 1.1708104 1.1132473 1.5281723 1.7729521 1.5257306 1.6376113 1.1880377 1.6794564 1.8502429 1.8490628 2.7406147 
Stycar_maker-SC_scaffold5038-augustus-gene-0.33-mRNA-1 1.8165771 1.8873743 1.6914726 1.6640828 1.2959815 1.3464401 1.1820071 1.3623400 1.6600154 1.4112138 2.1034429 1.3699145 1.3875044 1.4789377 1.4423735 1.2783825 1.3755124 1.5010302 1.3704434 1.0184295 1.7094341 1.5717956 1.8234125 1.5089390 1.4795825 1.5773988 1.4539760 1.5211518 1.6322612 1.7476207 1.9017899 1.1352778 1.4174952 1.4094426 1.3882067 1.6282940 1.2015269 1.7586774 0.9300403 0.0000000 1.0171371 1.4939494 1.3785095 0.9532470 1.1432206 0.9707949 1.7477294 1.7356773 1.5463111 1.3816764 1.2539042 1.5094022 2.0153091 1.7524843 2.7042067 
Plespi_Pspi_C590948_01                                 1.4609863 1.5553594 1.2634038 1.4384147 1.2218145 1.1775570 1.0291135 1.3466496 1.3979199 1.4901205 1.7601457 1.1302068 1.1501063 1.1895579 1.1692236 1.0277877 1.1667672 1.2279877 1.3854034 1.1611749 1.7334352 1.4544142 1.4662345 1.5829693 1.6272818 1.3334347 1.5248699 1.5920307 1.2642431 1.5407156 1.6689503 1.1471329 1.2818709 1.2974506 1.3588989 1.6037701 1.0175573 1.9471568 1.0018675 1.0171371 0.0000000 1.6667401 1.3164008 1.2006175 1.3199080 1.1184845 1.5945927 1.5119093 1.4836768 1.6037929 1.4721844 1.5343112 1.7381251 2.0815927 2.5859568 
Hsap_ENST00000327299                                   1.8123380 1.9497452 1.8594103 1.5977201 1.4216508 1.2892305 1.4225721 1.4549859 1.4651213 1.4926086 2.1637687 1.3400717 1.3878226 1.3646611 1.2995235 1.3190922 1.3633860 1.5236607 1.2995662 1.2860663 1.3067652 1.3692724 1.4112144 1.0443259 1.0847023 1.5005527 1.4514366 1.5019965 1.5870519 1.4414212 1.6370153 1.2440223 1.5093603 1.4392420 1.5060147 1.5003594 1.1760145 1.7661703 1.6021400 1.4939494 1.6667401 0.0000000 0.9476652 1.8964343 2.0665210 1.8500002 1.6347110 1.7962241 1.7588048 2.1593026 1.6805535 1.5753379 2.0439476 2.1112362 2.8188445 
Hsap_ENST00000381809                                   1.3675228 1.3367820 1.3915204 1.3940069 1.1501900 1.0959073 1.2057126 1.1736834 1.1527053 1.2588511 1.6217627 1.2741196 1.2806320 1.3399684 1.2737883 1.3057982 1.3098534 1.5110972 1.2417048 1.1480115 1.6199630 1.3830770 1.3906969 1.2970046 1.4539361 1.4106375 1.3931035 1.4383099 1.5070170 1.5204954 1.6293355 0.9737105 1.4175564 1.3742684 1.3798572 1.4427451 0.9490773 1.7306381 1.2219714 1.3785095 1.3164008 0.9476652 0.0000000 1.4922358 1.7643640 1.4123294 1.4249398 1.3830941 1.7130216 2.0005068 1.8060887 1.6094945 1.5582271 1.2382538 3.2759737 
Emue_Em0021g876a.t1                                    1.7037313 1.5762787 1.6325493 1.6520231 1.1679538 1.4904317 1.2465462 1.6333564 1.6120389 1.5150568 1.4964380 1.4793126 1.4965920 1.4806839 1.4642941 1.2406919 1.4346229 1.6390981 1.5733488 1.1854238 1.7857345 1.5296392 1.9547827 1.5981061 1.4459722 1.6112648 1.6007703 1.6539941 1.6211139 1.8475829 1.9105045 1.4539234 1.5596997 1.3826917 1.3696765 1.7851737 1.3171023 1.8576714 1.1425905 0.9532470 1.2006175 1.8964343 1.4922358 0.0000000 0.1783504 0.2095942 1.8742001 1.8150206 1.4662779 1.4834116 1.4472182 1.6312298 1.8865219 2.0500976 2.3295436 
Emue_Em0192g2a.t1                                      1.7527932 1.6816356 1.7461433 1.4827395 1.2444367 1.5845489 1.4501617 1.6375955 1.6839214 1.6016586 2.1631161 1.4631401 1.4642908 1.4699954 1.4868199 1.2567173 1.5375381 1.7247993 1.4283729 1.2263957 2.3780695 1.6041159 1.9763311 1.6195959 1.5472115 1.8857920 1.8918495 1.8929810 1.8396847 1.8654338 2.0566013 1.6652659 1.7805683 1.5262769 1.5019602 1.5991710 1.4486327 2.2380156 1.1708104 1.1432206 1.3199080 2.0665210 1.7643640 0.1783504 0.0000000 0.2996704 2.1596588 2.0756830 1.5119130 1.7463066 1.8703808 2.0281293 1.9896397 1.9939918 2.6622650 
Spolac_c92358_g1_i1_m.7763c92358-g1                    1.7090893 1.5450228 1.5281435 1.5938254 1.1162757 1.4503504 1.1728906 1.5872728 1.4426160 1.2935687 1.2565024 1.3528247 1.3889620 1.3614309 1.3468486 1.1296970 1.2448078 1.4619766 1.3624012 1.0446513 1.7102755 1.4916753 1.9825819 1.5671481 1.4577035 1.5716950 1.5505404 1.6035252 1.6104842 1.7866410 1.9240848 1.3254604 1.3504305 1.2557222 1.2402506 1.5166142 1.1250174 1.8274988 1.1132473 0.9707949 1.1184845 1.8500002 1.4123294 0.2095942 0.2996704 0.0000000 1.7211429 1.7502134 1.4070157 1.3715798 1.4117758 1.4925896 1.8037372 1.9663584 2.4771258 
Dgig_XM_028548786.1                                    1.7137707 1.6225172 1.4564199 1.5250970 1.2008230 1.6001587 1.4555354 1.6859024 1.5599752 1.4180296 1.3539753 1.4940542 1.5593315 1.4922191 1.5290124 1.6861469 1.6185298 1.6659808 1.4769694 1.2000448 1.5947392 1.5747104 2.1044487 1.5211548 1.5636298 1.8375304 1.6747426 1.7630838 1.8002924 1.6575153 1.7130579 1.3903078 1.2039504 1.0507966 1.0199525 1.4278072 1.3491131 1.6937058 1.5281723 1.7477294 1.5945927 1.6347110 1.4249398 1.8742001 2.1596588 1.7211429 0.0000000 0.4675546 1.9283341 1.8342512 1.7537471 1.9256814 1.8766355 1.5132865 3.3004989 
Xesp_000566-T1                                         1.7493882 1.5775726 1.5044947 1.3785430 1.2649910 1.6046171 1.3538260 1.6362925 1.6533366 1.4697987 1.4744035 1.5144071 1.5541391 1.5338247 1.5215406 1.4059134 1.4862590 1.6336694 1.4395968 1.2409601 1.5701728 1.6826277 1.9070138 1.8035377 1.7827138 1.8379280 1.6665596 1.7214059 1.7668237 1.8181588 1.9137355 1.4810503 1.0855470 1.0579544 1.1719735 1.3047395 1.2778061 1.4114911 1.7729521 1.7356773 1.5119093 1.7962241 1.3830941 1.8150206 2.0756830 1.7502134 0.4675546 0.0000000 1.7537156 1.5864440 1.5960974 1.9626795 1.8749759 1.8698564 3.4210674 
Tcas_TC009374_001                                      1.9186633 1.8471890 1.8872474 1.7137436 1.4882049 1.1787175 1.2491135 1.3589236 1.5295260 1.7203338 1.8732452 1.4788173 1.5184048 1.4245054 1.5449667 1.5176048 1.4516255 1.6221934 1.5891580 1.3225331 1.6953100 1.7548810 1.6215360 1.6281964 1.4583056 1.6231314 1.7197925 1.7397160 1.5409883 2.1788472 2.3454788 1.3802557 1.8916951 1.4602291 1.4807477 1.6717563 1.1957995 1.5970810 1.5257306 1.5463111 1.4836768 1.7588048 1.7130216 1.4662779 1.5119130 1.4070157 1.9283341 1.7537156 0.0000000 1.7563649 1.4845508 1.9061437 1.4598046 1.4616812 2.7494140 
Aque_Aqu2.1.42217_001                                  2.5590939 2.2490744 2.3450183 2.3286198 1.8320262 1.7796134 1.7023410 1.7884221 2.1635251 1.8828028 1.9444613 1.6588947 1.6671272 1.6364209 1.6776827 1.6716243 1.7848248 1.9667942 1.5677062 1.3330563 2.0490679 1.7291453 1.9061223 1.6922612 1.7829016 1.7599598 1.7215987 1.7909377 1.7514804 1.8641119 1.9793711 1.9123391 1.8173514 1.8052396 1.8070921 1.8044392 1.8490836 2.0057580 1.6376113 1.3816764 1.6037929 2.1593026 2.0005068 1.4834116 1.7463066 1.3715798 1.8342512 1.5864440 1.7563649 0.0000000 0.7110876 1.1820080 2.3084772 2.2678780 3.1747305 
Halamb_c42742_g1_i2mm.1151                             1.8752874 2.0987620 1.9208260 1.7672381 1.9094683 1.7195775 1.5338020 1.8395559 1.9158852 1.8116003 2.3566833 1.5074719 1.4964894 1.4710713 1.4652175 1.5929436 1.4651085 1.6137765 1.4636013 1.3194295 1.6379500 1.4636727 1.7901295 1.4792727 1.5513400 1.6414839 1.2805143 1.3281759 1.4595124 1.5450278 1.6851449 1.3810401 1.7620583 1.5091146 1.6286097 1.5623047 1.5193666 1.7289673 1.1880377 1.2539042 1.4721844 1.6805535 1.8060887 1.4472182 1.8703808 1.4117758 1.7537471 1.5960974 1.4845508 0.7110876 0.0000000 1.0543656 2.1463627 1.8896396 2.6998471 
Xestes_maker-XT_scaffold5248-augustus-gene-0.57-mRNA-1 2.3397341 2.0855922 2.0635756 2.0200854 1.8672677 2.1587722 1.7496394 1.8996935 2.2198392 1.8527331 2.1011838 1.7969483 1.7888990 1.8622963 1.7416353 1.6236429 1.6445828 1.9353201 1.6367504 1.2900547 1.8350871 1.6255191 1.9497101 1.4940517 1.5708712 1.8917829 1.5898717 1.6598459 1.7896479 1.8215338 1.9494980 1.7516528 1.6731948 1.6786718 1.7305852 1.5999391 1.4218313 1.7453940 1.6794564 1.5094022 1.5343112 1.5753379 1.6094945 1.6312298 2.0281293 1.4925896 1.9256814 1.9626795 1.9061437 1.1820080 1.0543656 0.0000000 2.3257803 2.2445254 2.7295716 
Cscu_XM_023377207.1                                    1.7245796 1.9458592 1.7369927 1.6777648 1.7255501 1.4903929 1.4457708 1.5814297 1.5383005 1.6841731 1.5210664 1.8047172 1.8530816 1.8437705 1.8187708 1.9591525 1.8200838 1.7660124 1.7635708 1.3489891 1.7043800 1.8486662 1.8868436 1.8774346 1.8986352 2.0350676 2.0129238 2.0224338 1.8926991 2.1742222 2.2324194 1.6492963 1.9298053 1.7008349 1.7509647 1.7335795 1.5527913 1.9255893 1.8502429 2.0153091 1.7381251 2.0439476 1.5582271 1.8865219 1.9896397 1.8037372 1.8766355 1.8749759 1.4598046 2.3084772 2.1463627 2.3257803 0.0000000 2.0448425 3.4316471 
Skow_XM_006813734.1                                    1.9450721 2.0734810 2.2254752 1.6674861 2.0604482 1.7265593 2.3260192 1.9600623 1.7521961 2.2088939 6.7983910 1.6404149 1.6637396 1.5942667 1.6944443 1.4207831 1.5548801 1.6484562 1.8864212 1.7960966 1.9613377 1.9750431 1.8484116 1.8278624 2.1106058 2.1055539 2.0888126 2.0888126 2.4227408 3.2198295 3.2198295 1.7008418 1.7845335 2.1622273 2.0679085 2.1555043 1.4085851 1.9446308 1.8490628 1.7524843 2.0815927 2.1112362 1.2382538 2.0500976 1.9939918 1.9663584 1.5132865 1.8698564 1.4616812 2.2678780 1.8896396 2.2445254 2.0448425 0.0000000 6.7562877 
Pbac_sb2642003                                         2.9647658 2.6683236 2.5887949 2.7006757 2.9146810 2.7487799 2.2850069 2.3498983 2.6411593 2.4610360 2.5964224 2.9144908 3.0081392 2.9703906 2.9643266 2.7031555 2.9884981 3.0250761 2.7526718 1.9953754 0.6924072 1.4080163 2.4401674 2.5931301 2.4563295 1.8930679 1.8118270 1.8524428 2.3052058 2.2505568 2.0813890 2.4760899 2.7641571 2.4516778 2.5952417 2.6919338 2.2250131 3.1275323 2.7406147 2.7042067 2.5859568 2.8188445 3.2759737 2.3295436 2.6622650 2.4771258 3.3004989 3.4210674 2.7494140 3.1747305 2.6998471 2.7295716 3.4316471 6.7562877 0.0000000 
