104
Xesp_013771-T1                                       0.0000000 0.3773879 0.7542571 0.7988387 0.7357457 0.7539532 0.7415686 0.7476369 0.7476369 0.3451422 0.4837877 0.4233431 0.4532998 0.5098733 0.4306248 0.4175487 0.4175487 0.5268886 0.4882815 0.8429901 0.6336154 0.6642530 0.6023887 0.6328330 0.8584101 0.7691079 0.8864664 0.8260522 0.7215622 0.7114622 0.7559688 0.7543887 0.9061766 0.8023041 0.2678685 1.0221402 1.0062564 1.0062564 0.9849051 1.0304619 1.0304619 1.7503411 0.8176322 1.1308171 0.8774545 1.2792446 1.4754319 0.9914364 1.2483960 1.7302845 2.1020069 2.1558243 2.0308595 1.8541214 1.9460448 1.7999379 1.3023214 1.6297998 1.7696959 1.5535566 1.5883539 1.7033416 1.6656412 1.9927082 1.7425090 1.9942170 1.8853233 1.5044156 1.8597734 1.8620028 1.5308658 1.8791116 1.0886336 1.5478003 1.2915236 1.6506077 1.7858757 2.4803088 2.4094936 1.9279394 1.9279394 2.1567901 1.5191751 1.9376332 1.9683379 1.8369550 1.9928149 1.8219568 1.9665142 1.9283942 1.8927403 1.6443908 3.3390526 3.0514921 2.8418440 7.8851758 6.4463485 5.7451125 5.4319618 5.2004143 4.8709403 6.7998406 5.1292107 5.0729282 
Stycar_maker-SC_scaffold145442-snap-gene-0.54-mRNA-1 0.3773879 0.0000000 0.0520047 0.0530562 0.0954829 0.0931600 0.2437488 0.2320768 0.2320768 0.2526883 0.3468502 0.3194621 0.3462045 0.4089580 0.3462045 0.3394077 0.3394077 0.3787309 0.3685843 0.3271904 0.4356899 0.4260188 0.4067686 0.4558015 0.4621216 0.4686229 0.4529448 0.3742866 0.4227719 0.4589655 0.3836247 0.4521715 0.4189829 0.4133730 0.4702654 0.6703279 0.6676241 0.6676241 0.6889711 0.6520799 0.6520799 1.6451003 0.5475166 0.7137625 0.6646628 0.7968731 0.9370450 0.8216305 0.9439074 1.1365069 1.3289104 1.3872849 1.0438356 1.0722530 1.0334197 1.0430266 0.7201194 0.9560506 1.1130056 1.0747728 1.0905729 1.0150732 1.0111427 1.4124347 1.0612395 1.0613656 1.1255406 0.9599208 0.7793532 0.7793532 0.6554542 1.3452507 0.4718155 0.7746653 0.5965497 1.1674497 1.2510895 1.7860545 1.7860545 1.6047299 1.6047299 1.7118186 1.0942386 1.9220725 1.9220725 1.8625225 1.8720974 1.5112044 2.0851727 1.5518161 1.5595683 1.3335233 2.3574324 1.3797165 2.1569174 5.2233540 4.7830277 5.0762563 5.4786769 4.5504634 4.0252340 4.6402377 4.0741851 4.2247418 
Aque_Aqu2.1.31037_001                                0.7542571 0.0520047 0.0000000 0.1439058 0.4160418 0.3922862 0.8270759 0.7704729 0.7704729 0.4348687 0.7709278 0.8062626 0.7980957 0.8418931 0.7557382 0.9773165 0.9768330 0.8745362 0.8404187 0.8610212 1.2062749 0.9583610 0.6501458 0.9024841 1.0628196 0.9933222 1.0141642 0.9255771 1.0945704 1.1403307 1.0251747 1.1746293 1.0595234 1.0680197 1.1607812 1.2341751 1.2271602 1.2271602 0.7428340 1.1976370 1.4234401 1.7969104 1.0600243 1.2495502 0.9429183 1.5416742 1.7032981 1.5721895 1.3302419 1.7445639 1.7758783 1.5573051 1.7876274 1.6415617 1.8247514 1.7886203 1.7090138 1.7184579 1.4347456 1.6924786 1.6919512 1.6698195 1.7287767 1.9775038 1.8337189 1.8435003 1.9293465 1.4523172 1.6972850 1.6561590 1.4498027 2.0900576 1.8712265 1.6420253 1.5027812 1.6984226 2.1165874 2.3179161 2.2704165 2.2853477 2.2374308 1.9014709 1.3374925 2.8667359 2.7485647 2.5612905 2.4578862 2.6451525 2.7306841 2.3594290 2.3580525 2.4206936 2.9192879 3.0255199 4.0212363 6.6994078 7.5672954 4.1400612 4.2560337 4.4925786 4.7284637 4.3931787 4.1025664 4.7412976 
Halamb_c31067_g1_i1m.6530                            0.7988387 0.0530562 0.1439058 0.0000000 0.5122492 0.4605322 0.8744509 0.7653218 0.7653218 0.4666375 0.8249207 0.8486747 0.8109422 0.8940618 0.7695574 0.9310971 0.9304926 0.9710352 0.8967694 0.9409736 1.1914286 0.9956145 0.7003544 0.9613009 1.0839041 1.0768081 1.0642718 1.0362418 1.1549911 1.1401919 1.0610807 1.1667142 1.1151686 1.0310226 1.2179386 1.3730871 1.3581241 1.3581241 0.8204573 1.3782113 1.5093753 1.9599993 1.1054327 1.3163995 0.9567785 1.4911333 1.5976227 1.6563038 1.3946696 1.9957154 1.8772976 1.5925391 1.9510975 1.7317745 1.8865261 1.9708370 1.7891402 1.7093204 1.4997588 1.6893380 1.7126057 1.6326670 1.6792322 2.0687632 1.9042228 1.9709062 2.1476717 1.3950043 1.8188398 1.7751573 1.6363815 2.3393883 1.9150652 1.8064919 1.5929220 1.9072385 2.2700581 2.3550385 2.3068748 2.4284652 2.3778328 2.0142452 1.3347363 2.9040631 2.7826527 2.4543837 2.5485118 2.4308836 2.7638908 2.3520991 2.3624663 2.5798376 2.9728299 3.3910631 4.2447122 6.3352839 6.6807961 4.1771722 4.3273301 4.7514402 5.0114642 5.0200888 4.4395440 4.9345032 
Emue_Em0013g1099a.t1                                 0.7357457 0.0954829 0.4160418 0.5122492 0.0000000 0.0748725 1.0027992 0.8613932 0.8613932 0.3748419 0.8793489 0.9167180 0.8686516 0.8774660 0.7242006 0.8845480 0.8792450 0.8832700 0.9748335 0.9395635 1.0400497 0.9773267 0.6900531 1.0587356 1.1923594 0.8961618 0.9195612 0.9356722 1.0924765 1.1593305 1.0441046 1.1716554 1.2426086 1.1835488 1.1433920 1.1867066 1.2043651 1.2043651 0.7975745 1.3309225 1.5225147 1.6369156 1.0225942 1.2438312 0.9685955 1.5711215 2.0201226 1.6315042 1.4037832 1.9808560 2.1928717 1.7427456 1.8917698 1.8886976 1.8848876 1.9099348 1.8391529 1.7655876 1.4174953 1.7097355 1.6497117 1.7647164 1.7654934 2.2102046 1.9353513 1.9721023 1.9649278 1.5400891 1.7975067 1.6877859 1.5191259 2.0326588 1.6319145 1.6339661 1.4502712 1.8437366 2.2050536 2.7685742 2.7110333 2.6983714 2.6979859 2.3703318 1.4761945 2.8499126 2.9550565 2.5283029 2.5138936 2.4348588 2.9019285 2.2621258 2.7239782 2.5262264 2.8370292 2.7186770 4.4356091 6.7702810 7.5451388 5.0467794 5.2328397 4.8599667 4.0345942 5.5751532 4.4279435 4.3523007 
Spolac_c101341_g1_i1_m.25321c101341-g1               0.7539532 0.0931600 0.3922862 0.4605322 0.0748725 0.0000000 1.0163594 0.8778425 0.8778425 0.3644850 0.8865235 0.9126735 0.8728212 0.8855921 0.7376866 0.9340366 0.9241027 0.9267619 0.9442855 0.9461817 1.0420915 0.9235111 0.6650665 1.0582079 1.1864311 0.8674998 0.9113255 0.9307509 1.1067496 1.1409561 1.0130705 1.1481736 1.2396219 1.1650232 1.2053519 1.2481153 1.2702712 1.2702712 0.8354126 1.2939383 1.4965290 1.7250374 1.0701285 1.1941234 0.9206524 1.5756448 2.0254129 1.7023541 1.4645062 2.0013761 2.2106186 1.7619021 1.9006585 1.8908882 1.8719913 1.8838334 1.7505802 1.7957365 1.4467876 1.6804492 1.6864786 1.7792554 1.7788928 2.0793316 1.9933749 2.0336553 2.0210220 1.5997478 1.7027183 1.5966180 1.4466531 2.0854573 1.6390639 1.6285579 1.3633803 1.8088882 2.0984708 2.7980107 2.7393119 2.6415757 2.6395366 2.3134227 1.4907110 2.7100602 2.8103497 2.4867699 2.4963778 2.5335140 2.8400289 2.2301902 2.6498277 2.6073592 2.9043759 2.8244228 4.3505687 6.8095427 7.5676227 5.0124175 5.1696615 4.9884947 4.0952654 5.6896911 4.3340720 4.4837916 
Opea_EP00118_Oscarella_pearsei_P010507               0.7415686 0.2437488 0.8270759 0.8744509 1.0027992 1.0163594 0.0000000 0.1132354 0.1132354 0.2009312 1.0660347 1.0314108 0.9480175 1.1145984 0.9322209 1.0503482 1.0523697 1.0695314 1.0829009 0.6608444 1.5518648 1.0927036 0.7696568 1.0323904 1.4513252 1.0012055 1.1203545 0.8950942 1.0892275 1.4120302 1.3623302 1.4196469 1.4182033 1.2257760 1.1487693 1.4362993 1.4143559 1.4143559 0.7896645 1.3391198 1.5169099 2.0868355 1.1227410 1.3550275 1.1202833 1.5741482 1.7870471 1.6550154 1.5513257 2.0928160 2.0518535 1.8208135 2.0002725 1.9226003 2.1498758 1.9804662 1.7311295 1.8107027 1.4151666 1.7067881 1.7301747 1.9008481 1.8554954 2.1127717 1.9559124 1.8557467 2.1570189 1.9749646 2.0601541 2.0004992 1.9232065 2.6153795 2.6578726 2.0953992 1.8419467 2.2209009 2.4183794 2.5037116 2.4526345 2.2785645 2.3036564 2.2039601 1.9647179 3.4440690 3.3279608 2.7512890 2.6707105 2.8307045 3.0484756 2.6100927 3.2946892 2.9952584 3.3492611 3.0388916 3.8217556 5.7197115 7.6503228 5.9969171 6.8968145 5.9797401 6.3009394 6.4479119 4.5866023 5.1693896 
Opea_EP00118_Oscarella_pearsei_P010510               0.7476369 0.2320768 0.7704729 0.7653218 0.8613932 0.8778425 0.1132354 0.0000000 0.0000010 0.1071977 1.0193814 0.9545181 0.9218062 1.1304734 0.8891604 1.0240920 1.0018764 0.9915706 0.9874130 0.5871656 1.1302957 1.0330839 0.7324976 1.0319845 1.3454668 1.0365708 0.9876183 0.8155673 1.0015810 1.1904687 1.0592706 1.2573609 1.2476632 0.9935260 0.9496929 1.1923199 1.1925259 1.1925259 0.7896645 1.1634642 1.2431287 1.9257063 1.0987337 1.1605870 1.0729661 1.5315443 1.5225104 1.7200313 1.3387142 2.1165829 2.1024263 1.9868677 1.9988504 1.8592125 2.0667223 2.1074793 1.7491759 1.5516545 1.3648750 1.7807347 1.7686405 1.7989522 1.7832644 2.3423780 1.9289727 1.8448015 1.8118956 1.6186069 1.8507696 1.8554796 1.7395959 2.2737235 1.9649763 2.4167663 1.8318234 2.1580501 2.4411035 2.3984969 2.3395687 2.3465705 2.3597198 2.1385854 1.8804146 2.9529379 2.8505047 2.6784254 2.6886911 2.7260397 2.5811155 2.3602587 2.6623320 2.5625553 3.6089905 3.5615907 3.9782680 6.2300066 7.6223448 6.1856177 7.4747586 5.9191683 6.7834978 7.3361416 4.5793414 4.8637260 
Ocar_g2618                                           0.7476369 0.2320768 0.7704729 0.7653218 0.8613932 0.8778425 0.1132354 0.0000010 0.0000000 0.1071977 1.0193814 0.9545181 0.9218062 1.1304734 0.8891604 1.0240920 1.0018764 0.9915706 0.9874130 0.5871656 1.1302957 1.0330839 0.7324976 1.0319845 1.3454668 1.0365708 0.9876183 0.8155673 1.0015810 1.1904687 1.0592706 1.2573609 1.2476632 0.9935260 0.9496929 1.1923199 1.1925259 1.1925259 0.7896645 1.1634642 1.2431287 1.9257063 1.0987337 1.1605870 1.0729661 1.5315443 1.5225104 1.7200313 1.3387142 2.1165829 2.1024263 1.9868677 1.9988504 1.8592125 2.0667223 2.1074793 1.7491759 1.5516545 1.3648750 1.7807347 1.7686405 1.7989522 1.7832644 2.3423780 1.9289727 1.8448015 1.8118956 1.6186069 1.8507696 1.8554796 1.7395959 2.2737235 1.9649763 2.4167663 1.8318234 2.1580501 2.4411035 2.3984969 2.3395687 2.3465705 2.3597198 2.1385854 1.8804146 2.9529379 2.8505047 2.6784254 2.6886911 2.7260397 2.5811155 2.3602587 2.6623320 2.5625553 3.6089905 3.5615907 3.9782680 6.2300066 7.6223448 6.1856177 7.4747586 5.9191683 6.7834978 7.3361416 4.5793414 4.8637260 
Opea_EP00118_Oscarella_pearsei_P010509               0.3451422 0.2526883 0.4348687 0.4666375 0.3748419 0.3644850 0.2009312 0.1071977 0.1071977 0.0000000 0.6423673 0.6002514 0.6012937 0.6850169 0.5480392 0.6017034 0.6017034 0.7093033 0.6268963 0.3950260 0.6155994 0.7223298 0.4466030 0.7218071 0.4927743 0.8476332 0.5928301 0.6144919 0.7552503 0.7471842 0.7960153 0.7713003 0.8473590 0.6378104 0.6900124 0.7797512 0.7199045 0.7199045 0.6126214 0.8076268 0.7644190 0.7797512 0.5323283 0.9384952 0.8245869 0.6332057 0.6894430 0.8199321 0.9583393 1.1137745 1.3119786 1.2161856 1.1377700 1.1508297 1.3005831 1.0593499 0.8258148 0.6828546 0.7540809 0.8679394 0.8798722 1.0677747 0.9907144 1.0815637 1.1603920 1.3611358 1.3517712 0.7563739 0.9079747 0.9079747 0.6767290 0.9166457 0.7495513 1.1133189 0.8112103 1.0574298 1.4041577 1.9474628 1.9474628 1.6583447 1.6583447 1.5259321 1.4907852 3.0595130 3.0184505 3.1680104 3.3894921 2.3180571 3.5763543 2.0222979 2.3154582 1.7584748 1.4069649 1.4069649 1.6536467 3.4947011 3.2459050 5.1277169 4.7140085 5.2318040 4.3478632 4.9062493 4.4794541 5.2162194 
Spis_XP_022793621_1                                  0.4837877 0.3468502 0.7709278 0.8249207 0.8793489 0.8865235 1.0660347 1.0193814 1.0193814 0.6423673 0.0000000 0.1255686 0.1366735 0.1035505 0.1444280 0.2502224 0.2560539 0.3458209 0.3326419 0.8102427 1.1444297 0.7219230 0.5222648 0.7175501 0.9361085 0.9426656 1.0042518 0.9088286 0.9320372 0.8659444 0.8797614 0.9305752 0.9543750 1.0684550 0.7732738 0.9608311 0.9517125 0.9517125 0.6813454 0.9649397 1.1406274 1.4016968 0.7928979 1.1081621 0.8737278 1.2452093 1.5901783 1.1879961 0.9855228 1.8373892 2.1315279 1.7668332 2.0219423 1.8724866 1.9703731 1.7901152 1.7834511 1.7160473 1.4028426 1.5997199 1.8069766 1.8489831 1.8627242 2.0226397 1.9229775 1.9717687 2.0059956 1.5449539 1.8896407 1.8726226 1.6987046 1.9059231 1.4790801 1.2655485 1.0873998 1.5273339 2.0103680 2.7741173 2.7175578 2.5977061 2.5777693 2.3267917 1.4235145 2.4530265 2.3997744 2.2869941 2.6778119 2.3153634 2.6671613 2.3123016 2.3106401 2.2355607 2.4974060 2.3125623 3.3222963 7.4938243 6.8253908 6.0956698 5.7329831 5.7804366 5.3368351 5.9057147 4.6549301 5.7293757 
Gfas_gfas1.m1.16150.m1                               0.4233431 0.3194621 0.8062626 0.8486747 0.9167180 0.9126735 1.0314108 0.9545181 0.9545181 0.6002514 0.1255686 0.0000000 0.1374437 0.1917455 0.1493302 0.1770163 0.1778454 0.3562378 0.3213583 0.8067729 1.0785619 0.7748173 0.4992064 0.7279609 1.0047276 0.9486338 1.1086688 0.9495545 0.9123618 0.8830628 0.8560267 0.9579163 0.9529157 1.0557735 0.7490954 1.1333360 1.0904563 1.0904563 0.7328417 1.1004968 1.2513400 1.6211993 0.8047948 1.0765903 0.8838550 1.2758528 1.7361449 1.2466441 1.0079729 1.9502429 2.1015695 1.7310429 1.9537793 1.8047172 1.9701539 1.8623738 1.6345391 1.7937483 1.4392430 1.5985798 1.7505345 1.6914620 1.7939100 2.1324411 1.9259381 1.9170343 1.9619959 1.5343630 1.9447211 1.8776134 1.6672787 1.9252561 1.6796862 1.0791958 1.1311782 1.4360313 1.9341222 2.5963728 2.5453733 2.4597835 2.4413554 2.2652211 1.4650044 2.4964379 2.4380215 2.2355347 2.5683263 2.3169752 2.4041581 2.4105460 2.4348744 2.1300319 2.5831227 2.4460962 3.3125395 6.8604829 5.9225014 5.8002352 5.5218703 5.6971376 5.2071932 6.0364695 4.7318230 5.5949525 
Fspp_ffun1.m4.8300.m1                                0.4532998 0.3462045 0.7980957 0.8109422 0.8686516 0.8728212 0.9480175 0.9218062 0.9218062 0.6012937 0.1366735 0.1374437 0.0000000 0.1426952 0.0842363 0.2322806 0.2228821 0.3201299 0.3060190 0.8472910 1.0979090 0.7080376 0.4925575 0.6989618 0.9729865 0.8928672 1.0157458 0.8821834 0.8710298 0.8868272 0.8832227 0.9344928 0.8824112 1.0499122 0.7450287 1.0218655 1.0130501 1.0130501 0.6741041 0.9634086 1.1975780 1.4891309 0.8114147 1.1282448 0.8529761 1.1967675 1.5778801 1.2792262 0.9711052 1.9316791 2.1396398 1.8427001 2.0241121 1.8967241 1.9201591 1.9078568 1.7509968 1.7350610 1.4646598 1.5681331 1.7638714 1.7950693 1.8579057 2.1092736 1.9630052 1.9430665 2.0116420 1.5380301 1.9347958 1.8566248 1.5922724 2.0783643 1.5886992 1.2509682 1.0922388 1.4018607 1.8377068 2.7132570 2.6584476 2.6161474 2.5961158 2.4148325 1.4895303 2.4804050 2.4130156 2.1838621 2.5495443 2.3479305 2.5192373 2.3528760 2.3793721 2.2026579 2.7251435 2.4074470 3.4069006 6.9824629 6.5825404 5.7011244 5.6919203 5.5100352 5.1525351 6.3759217 4.7192019 5.1060614 
Pocdam_XM_027190308.1                                0.5098733 0.4089580 0.8418931 0.8940618 0.8774660 0.8855921 1.1145984 1.1304734 1.1304734 0.6850169 0.1035505 0.1917455 0.1426952 0.0000000 0.1341844 0.2667313 0.2674003 0.3357206 0.3510084 0.8881689 1.1017361 0.7391930 0.5241641 0.7340135 0.9655027 0.9332876 1.0145243 0.8925470 0.9182436 0.8886127 0.9299732 0.9591573 0.9937790 1.1120159 0.7995796 1.0956144 1.0856721 1.0856721 0.7202884 1.0942946 1.2246593 1.5923924 0.7919002 1.1275694 0.8314454 1.2864703 1.6168088 1.1932079 1.0044883 1.8403659 2.1654677 1.8210373 2.0227172 1.9558617 2.0266567 1.8360245 1.9025044 1.9162075 1.4896957 1.6597626 1.8478168 1.9234297 1.9241196 2.0948861 2.0154475 1.9603945 2.1469223 1.5806961 1.9600600 1.9428254 1.6790902 2.1032478 1.6413585 1.3443566 1.1922566 1.5208292 2.0623355 2.9099284 2.8507509 2.5982841 2.5785791 2.4520589 1.4857701 2.5937628 2.6290991 2.2161411 2.7493751 2.2188166 2.7479481 2.5392661 2.4160635 2.4087166 2.6703877 2.3860439 3.2144217 7.8491481 7.4813813 6.0416671 5.9367115 6.0247950 5.5050360 5.8765232 4.7687164 5.5423673 
Gasp_gasp1.m3.13552.m1                               0.4306248 0.3462045 0.7557382 0.7695574 0.7242006 0.7376866 0.9322209 0.8891604 0.8891604 0.5480392 0.1444280 0.1493302 0.0842363 0.1341844 0.0000000 0.1671034 0.1627133 0.2175763 0.2571614 0.6841309 0.9201531 0.6274167 0.5214257 0.6250852 0.7808905 0.8288852 0.8466856 0.7585821 0.7221017 0.7542138 0.8481791 0.7771563 0.9070029 0.8569483 0.6897843 0.8455393 0.8198313 0.8198313 0.6878827 0.8680212 1.0472172 1.2797162 0.6939427 0.9869762 0.7178906 1.0123000 1.4513872 1.0744814 0.8925767 1.6543747 1.9690484 1.8769450 1.9022507 1.7294348 1.8876303 1.7669290 1.6202312 1.6889635 1.5554239 1.5515271 1.6301964 1.6916395 1.7026354 2.0107441 1.7714280 1.8669102 1.9275942 1.3915163 1.6873244 1.6542647 1.3207068 2.0238709 1.2159325 1.3740115 1.0150750 1.3001712 1.7259323 2.6407607 2.5828861 2.3596020 2.3620627 2.4763492 1.5328125 2.2309655 2.1819855 1.9615562 2.4164821 1.8306737 2.1227875 2.1731759 2.0335049 2.0702521 2.7426272 2.6462593 3.3025253 7.2620191 6.3624560 5.8616328 5.4004229 5.4848489 5.0621199 5.9704533 4.6071215 4.9277003 
Amil_Amillepora06199-RA                              0.4175487 0.3394077 0.9773165 0.9310971 0.8845480 0.9340366 1.0503482 1.0240920 1.0240920 0.6017034 0.2502224 0.1770163 0.2322806 0.2667313 0.1671034 0.0000000 0.0107465 0.3889531 0.4398613 0.8889541 1.0812920 0.8571145 0.5367732 0.7779461 1.1143195 0.9771216 1.0464502 0.9469961 0.8536212 0.9034189 0.8825776 0.8969770 0.9861672 1.0575366 0.7526392 1.1850627 1.2030624 1.2030624 0.7264164 1.1584960 1.2832922 1.7168116 0.8399317 1.1101174 0.8315447 1.2672565 1.7817569 1.3538581 1.1069842 2.1520228 2.2180776 1.6923386 2.2204871 2.0157527 2.1725162 1.9078116 1.8157279 1.8488029 1.4554003 1.6776253 1.8641616 1.8373963 1.9020702 2.4810048 1.9855315 2.1509093 2.1977657 1.5199789 1.8069386 1.8985443 1.7974302 2.1306946 1.8663984 1.1863502 1.2210128 1.5919503 1.9551283 2.7261762 2.6712982 2.5232142 2.5431705 2.2519996 1.4961727 2.6538431 2.6534861 2.1239611 2.7409722 2.3029356 2.5122724 2.3622228 2.3821980 2.2443069 2.7167013 2.6768012 3.8267140 6.5717646 6.9147830 5.7832291 5.6252620 5.4384528 5.1668971 6.3565774 4.5947300 5.3708065 
Adig_XM_015894592.1                                  0.4175487 0.3394077 0.9768330 0.9304926 0.8792450 0.9241027 1.0523697 1.0018764 1.0018764 0.6017034 0.2560539 0.1778454 0.2228821 0.2674003 0.1627133 0.0107465 0.0000000 0.3876631 0.4420887 0.8675861 1.0749458 0.8470948 0.5367732 0.7701618 1.1172893 0.9800164 1.0689515 0.9557256 0.8639223 0.8717357 0.8737889 0.8874471 0.9907437 1.0546718 0.7400680 1.1725378 1.2007669 1.2007669 0.7264164 1.1371776 1.2821621 1.6972630 0.8527269 1.1132374 0.8315447 1.2678057 1.7796072 1.3544861 1.1169158 2.1499974 2.1926366 1.6923386 2.2105775 2.0067744 2.1614219 1.8660805 1.8749140 1.8462928 1.4554003 1.6584550 1.8348218 1.8089867 1.8725972 2.4278983 1.9657703 2.1318283 2.1782976 1.5146562 1.7982084 1.8892500 1.7774915 2.1094245 1.8305824 1.1863502 1.1987589 1.6035018 1.9701398 2.6930523 2.6387903 2.4876598 2.5075636 2.2191665 1.4840753 2.6241445 2.6241976 2.1379979 2.7869730 2.3517338 2.5163027 2.4028404 2.4122556 2.1656579 2.7167013 2.6768012 3.8064970 6.5717646 6.8889698 5.7958492 5.6375986 5.4937931 5.1376497 6.4206256 4.5865779 5.1674022 
Exapal_XM_021058187.2                                0.5268886 0.3787309 0.8745362 0.9710352 0.8832700 0.9267619 1.0695314 0.9915706 0.9915706 0.7093033 0.3458209 0.3562378 0.3201299 0.3357206 0.2175763 0.3889531 0.3876631 0.0000000 0.3000623 0.9473076 1.1501196 0.7498565 0.5699328 0.6746968 1.0215888 0.9985512 1.1069773 0.9266387 0.8783055 0.9161190 0.9159648 0.9803731 1.0504108 0.9741386 0.7963676 1.0699486 1.0634730 1.0634730 0.7536490 1.1081655 1.3515517 1.5192998 0.9512559 1.2834819 0.9541323 1.1688051 1.5683688 1.3279263 1.1523316 1.8266766 2.1306963 1.7915326 2.0196755 1.8206081 1.9012479 1.8044820 1.9409086 1.6626785 1.5544722 1.5858669 1.6867781 1.8474186 1.8535368 2.1179679 1.9430958 2.0596072 2.1395632 1.6433719 1.9825413 1.8315298 1.6323279 2.0816336 1.8903424 1.3368153 1.2385177 1.7212540 2.0624432 2.5919119 2.5404622 2.6106446 2.5998465 2.4115757 1.4704590 2.6314517 2.6757835 2.4253116 2.8460086 2.4965854 2.8783782 2.5558230 2.5346319 2.4965840 3.1763183 2.9309991 3.9271741 8.4767831 8.2770723 6.1166306 5.6897908 5.5035402 4.4415311 6.1566727 4.4412181 5.3385240 
Nvec_v1g234148                                       0.4882815 0.3685843 0.8404187 0.8967694 0.9748335 0.9442855 1.0829009 0.9874130 0.9874130 0.6268963 0.3326419 0.3213583 0.3060190 0.3510084 0.2571614 0.4398613 0.4420887 0.3000623 0.0000000 1.0154312 1.1196354 0.8475378 0.5396265 0.7259292 1.0137814 1.0737806 1.1382052 0.9283360 0.9697157 0.8592008 0.8963510 1.0383769 1.0263173 1.0046091 0.8012405 1.1613485 1.1208334 1.1208334 0.7382993 1.1773837 1.3074259 1.6470949 0.9257752 1.2357937 0.9179071 1.0816759 1.5720583 1.4899297 1.2277413 1.9524187 2.1598229 1.7537418 2.1374563 1.8180873 1.9339235 1.9641769 1.5134446 1.6176740 1.5424631 1.4636669 1.6193662 1.5616208 1.5828219 1.9558729 1.8118007 2.0502548 2.1373945 1.4473532 2.0222902 1.8714541 1.8109477 2.0909307 1.8026339 1.4585812 1.2652897 1.7089210 2.1404199 2.6735963 2.6196595 2.6162960 2.5874766 2.4753921 1.4923851 2.4205752 2.3979201 2.5608665 2.4756279 2.3890127 2.5707693 2.4049957 2.2428531 2.4123819 2.8947290 2.5093803 3.6923146 6.6977029 6.8616031 6.2164867 6.0523656 5.5071332 5.3237879 5.8182104 4.7283167 5.1838635 
Plajan_Pjan_scaffold3816_01                          0.8429901 0.3271904 0.8610212 0.9409736 0.9395635 0.9461817 0.6608444 0.5871656 0.5871656 0.3950260 0.8102427 0.8067729 0.8472910 0.8881689 0.6841309 0.8889541 0.8675861 0.9473076 1.0154312 0.0000000 1.4660455 1.0367576 0.7444394 1.2033692 1.2246513 1.1301886 1.1845094 0.9435808 0.9491793 1.1827949 1.0762226 1.2205432 1.0849072 1.1016680 1.1817695 1.2548314 1.2752747 1.2752747 0.8695722 1.3736932 1.3485170 1.8626908 0.9617745 1.2384180 0.9091902 1.4308205 2.0138639 1.6697084 1.4162660 1.9468052 2.2047086 1.9289556 2.0987284 1.8486016 2.1126964 1.8868640 1.7229188 1.8370633 1.5181657 1.8111450 1.7731430 1.8102128 1.8481025 2.2857359 1.8603488 1.9007058 1.7748501 1.6296654 2.2673551 2.1571470 1.9700517 2.5507155 1.7113854 1.8267047 1.6382100 1.8217817 2.0612222 2.5701171 2.5155235 2.4301691 2.4217638 2.2094690 1.8093596 2.9789164 2.9632500 2.4386563 2.8182422 2.5379068 2.8495991 2.4992957 2.6748717 2.9677195 3.0178889 3.0571486 3.5789088 6.5055622 5.9766935 5.6019201 5.7332856 5.7443146 5.9670231 6.1349058 4.2652590 5.2039056 
Acagra_model.g963.t1                                 0.6336154 0.4356899 1.2062749 1.1914286 1.0400497 1.0420915 1.5518648 1.1302957 1.1302957 0.6155994 1.1444297 1.0785619 1.0979090 1.1017361 0.9201531 1.0812920 1.0749458 1.1501196 1.1196354 1.4660455 0.0000000 1.1259791 0.8672290 1.1135973 1.2815089 1.4336320 1.5745520 1.4158747 1.2614919 1.3406145 1.3343649 1.3500767 1.1469173 1.2888760 1.1841708 1.6302787 1.6148893 1.6148893 0.8684209 1.4995929 1.5131665 2.2678543 1.3767107 1.3600030 1.0386624 1.7863537 2.3057621 1.9021137 1.9606560 2.1756415 2.5125251 2.0839849 2.3046978 2.3822531 2.2805769 2.1211858 2.3857605 2.1559497 1.6814589 2.4052773 2.2306890 2.2546510 2.2268565 2.8084971 2.4997161 2.2813474 2.5237375 1.8996218 2.1776215 2.0830502 2.0089132 2.0672333 1.9446873 2.3003604 1.7394855 2.0453012 2.4518428 2.8912043 2.8315436 2.4594174 2.4049544 2.7153794 1.8390694 3.1399023 3.2607362 2.9005782 2.6050342 3.0921447 3.0162727 2.8966403 3.2570124 3.0581059 2.9260782 3.2270410 4.5390185 7.4231935 7.0066291 5.7897252 5.1067013 6.5639876 4.8670503 6.1754384 4.5789528 5.5479022 
Bralan_BLAG03001380_1                                0.6642530 0.4260188 0.9583610 0.9956145 0.9773267 0.9235111 1.0927036 1.0330839 1.0330839 0.7223298 0.7219230 0.7748173 0.7080376 0.7391930 0.6274167 0.8571145 0.8470948 0.7498565 0.8475378 1.0367576 1.1259791 0.0000000 0.4370491 0.7013454 1.0697618 1.1273839 1.0041815 1.0607174 1.1297594 1.0997042 1.0160670 1.0002844 1.0826923 1.1758257 0.9144687 1.2936730 1.3518924 1.3518924 0.7880962 1.3550289 1.2875489 1.6965493 1.1345665 1.2705058 1.0000928 1.3540563 1.7088685 1.7694965 1.5257054 2.1709988 2.1310270 1.7435920 1.8729376 1.7588889 1.8476075 1.6983567 1.6249301 1.7684458 1.6864220 1.7011541 1.6660762 1.7606963 1.7565838 1.6845618 1.7684861 1.8253703 2.0951672 1.9513392 1.9676700 1.8646622 1.5638607 2.2402986 1.6893585 1.4805438 1.4653185 1.8188106 2.0515873 2.7560823 2.6988042 2.5642174 2.5170968 2.3723264 1.5389295 2.5264337 2.5370005 2.4238358 2.8399922 2.6698604 2.6989714 2.6400593 2.8131654 2.9227790 2.9482373 2.7183550 4.2921284 6.9913843 8.2969553 5.6327553 5.5400239 5.4714867 4.3989474 6.2289025 4.8719338 5.4408120 
Skow_XM_006813618.1                                  0.6023887 0.4067686 0.6501458 0.7003544 0.6900531 0.6650665 0.7696568 0.7324976 0.7324976 0.4466030 0.5222648 0.4992064 0.4925575 0.5241641 0.5214257 0.5367732 0.5367732 0.5699328 0.5396265 0.7444394 0.8672290 0.4370491 0.0000000 0.3436107 0.8014561 0.8777290 0.7756645 0.7133107 0.8777783 0.8139342 0.9618424 0.8366109 0.9593546 0.8471926 0.7376325 1.0014524 1.0151519 1.0151519 0.8359280 1.0758931 1.1812592 1.5914662 0.7562812 1.0253319 0.9312465 1.3256594 1.4996237 1.4503292 1.3128777 1.6687200 2.0085010 1.9914075 2.1395117 1.9423298 1.9549491 1.7682404 1.6485761 1.7797434 1.9340189 1.6400909 1.6749664 1.8343754 1.8087699 1.9470817 2.0073015 1.7256540 1.8580445 1.4486013 1.5337795 1.5074137 1.3305259 1.7240563 1.3164728 2.0247898 1.1023813 1.6058752 1.8628810 2.6770676 2.6147864 2.3923449 2.3814542 2.7010102 1.4295966 2.4469082 2.4401822 2.3331497 2.3369602 2.5692059 2.4745211 2.4932172 2.6135099 2.6182991 3.3639535 3.5222780 3.7215409 7.4186121 7.5624634 5.7130612 5.6443774 5.1512892 3.6988610 5.6046489 4.4419243 4.8983165 
Spur_XM_030985582.1                                  0.6328330 0.4558015 0.9024841 0.9613009 1.0587356 1.0582079 1.0323904 1.0319845 1.0319845 0.7218071 0.7175501 0.7279609 0.6989618 0.7340135 0.6250852 0.7779461 0.7701618 0.6746968 0.7259292 1.2033692 1.1135973 0.7013454 0.3436107 0.0000000 0.9737782 1.2024449 1.1857214 1.0485024 1.1167643 1.1411506 1.0846063 0.9721669 1.0963904 1.1672607 0.7997380 1.0975844 1.1236289 1.1236289 0.8095113 1.1261165 1.4142818 1.6281662 1.0982571 1.1786128 1.1157628 1.3864902 1.7105436 1.3831060 1.4436380 1.8405808 1.8954002 1.5618305 2.2065329 2.0781934 1.9706993 1.8724666 1.6803687 1.9969269 1.9643261 1.7836107 1.7961880 1.9672312 1.9575702 2.0695211 1.9931405 1.8111389 2.0029876 1.6274683 1.9171786 1.8848525 1.8145846 1.9115683 1.9169503 1.5644457 1.5110409 1.8960638 2.0973907 2.6075663 2.5537970 2.4834345 2.4825173 2.5139167 1.3978555 2.6831391 2.6586927 2.5428868 2.3778208 2.5331177 2.4715178 2.4369362 2.7893212 2.6304205 3.1095603 2.8178280 4.2756782 6.4260958 6.8123216 4.9675477 4.9854081 5.1437824 3.9702410 5.2241723 3.7212723 4.9301200 
Hsap_ENST00000303251                                 0.8584101 0.4621216 1.0628196 1.0839041 1.1923594 1.1864311 1.4513252 1.3454668 1.3454668 0.4927743 0.9361085 1.0047276 0.9729865 0.9655027 0.7808905 1.1143195 1.1172893 1.0215888 1.0137814 1.2246513 1.2815089 1.0697618 0.8014561 0.9737782 0.0000000 1.2326204 1.0586233 1.1774680 1.1065535 1.0873327 1.1112188 1.0712912 1.2422982 1.2389076 1.2747780 1.3728255 1.3715657 1.3715657 0.8479987 1.3816813 1.3248193 1.8714206 1.1567155 1.3403822 1.0194989 1.6988253 2.3931602 1.5907637 1.4899231 2.0399052 2.3202709 1.7771281 2.3721253 2.1474579 2.3607763 1.8669396 2.0067924 2.2160148 1.9536218 2.0728382 2.0824616 2.3071348 2.2987994 2.6564107 2.1246579 2.1457383 2.3967578 1.6965170 2.2721419 2.1590915 1.9195711 2.2971677 1.4975924 1.5326131 1.5506806 1.6961923 2.1347354 2.9192581 2.8583571 2.7156150 2.7039276 2.5353203 1.6858703 3.2602219 3.2114277 3.0145995 2.9146483 3.0197300 2.8721161 2.7466135 3.0462066 2.7135331 2.9992387 3.2426480 4.0449915 4.9815096 4.6760566 6.3164642 6.2526577 5.9203637 5.3003241 7.8395922 5.4237979 6.2038247 
Lcom_lcpid74691                                      0.7691079 0.4686229 0.9933222 1.0768081 0.8961618 0.8674998 1.0012055 1.0365708 1.0365708 0.8476332 0.9426656 0.9486338 0.8928672 0.9332876 0.8288852 0.9771216 0.9800164 0.9985512 1.0737806 1.1301886 1.4336320 1.1273839 0.8777290 1.2024449 1.2326204 0.0000000 0.4604960 0.4925416 1.1456585 1.3357212 1.2764024 1.3012505 1.2637787 1.4130317 1.1271115 1.3525260 1.3254936 1.3254936 0.7896768 1.3004042 1.3771755 1.8287691 0.7642758 0.9597047 0.7596797 1.8484966 2.2538055 1.8949131 1.7286653 2.1297673 2.7442558 2.2660604 2.4269552 2.4466219 2.5519575 2.6176772 2.3059946 2.2038472 1.9397242 2.0927390 1.9383926 2.0316121 2.0049195 2.3950893 1.9300622 2.3481228 2.4820995 1.9954989 2.4974603 2.2831814 2.0499636 2.8150530 2.3731218 2.7607502 1.6855777 2.3912917 2.9480983 3.6324836 3.5503443 2.8304745 2.8432622 3.1271963 2.0038395 3.4280580 3.3496785 2.8708161 3.1155585 4.1935983 3.2832660 2.6933915 3.1832695 3.2164626 3.1653898 3.0479474 3.9300449 6.1182019 6.8764027 6.8393427 6.5682126 6.2036821 6.2234666 8.2880055 5.3473839 5.6177022 
Leuniv_Lniv_C807534_01                               0.8864664 0.4529448 1.0141642 1.0642718 0.9195612 0.9113255 1.1203545 0.9876183 0.9876183 0.5928301 1.0042518 1.1086688 1.0157458 1.0145243 0.8466856 1.0464502 1.0689515 1.1069773 1.1382052 1.1845094 1.5745520 1.0041815 0.7756645 1.1857214 1.0586233 0.4604960 0.0000000 0.4862960 1.0774982 1.2973500 1.3265642 1.3266122 1.2895439 1.2381551 1.1978807 1.4051933 1.3848569 1.3848569 0.8217311 1.4238210 1.4604723 1.9171899 0.7957415 0.9623389 0.7479388 1.8734256 2.3331085 1.9700952 1.5247519 2.2832320 2.5551050 1.8211870 2.3322359 2.4588369 2.4172950 2.1973940 2.4294356 2.1591729 1.9010867 2.1351621 2.1730824 2.1886023 2.1764652 2.5874335 2.3511969 2.3573426 2.6444771 1.8922060 2.3503623 2.2705439 2.0313175 2.7048148 2.5741535 1.8802040 1.8876174 2.2077921 2.7682714 3.3394632 3.2654912 3.2092013 3.1794600 3.1516809 2.1755286 3.6772115 3.6690304 2.7826899 3.2860746 3.7459320 3.6491303 2.7566921 3.2120896 2.7887898 2.8158116 2.7124864 3.9130228 6.8192754 6.5423862 7.5786380 6.6707113 5.7145867 5.5460415 6.7397737 4.5850094 5.7309119 
Scil_scict013575.3                                   0.8260522 0.3742866 0.9255771 1.0362418 0.9356722 0.9307509 0.8950942 0.8155673 0.8155673 0.6144919 0.9088286 0.9495545 0.8821834 0.8925470 0.7585821 0.9469961 0.9557256 0.9266387 0.9283360 0.9435808 1.4158747 1.0607174 0.7133107 1.0485024 1.1774680 0.4925416 0.4862960 0.0000000 1.0388131 1.2791461 1.2025448 1.0770357 1.1237294 1.2278938 1.1242227 1.2204539 1.2124437 1.2124437 0.7516997 1.2719317 1.3757991 1.6436999 0.7302514 0.8736790 0.7900542 1.5568039 1.8900521 1.8507231 1.5749630 2.0579297 2.3938723 1.9604787 2.0402857 2.0695782 2.0690699 2.2749844 2.2800766 2.3522663 2.0014336 2.1029505 2.0683903 2.1709070 2.1246167 2.7977617 2.2462553 1.9756403 2.2358607 1.6309982 2.2498251 2.0638441 1.7523726 2.4389864 2.3642588 2.3610114 1.7955616 2.1727446 2.6323128 3.0427057 2.9760182 2.5635229 2.5690236 2.8115742 1.7826855 3.1890033 3.1238094 2.7822417 2.6476631 2.8143600 2.9559244 2.5222268 2.9212815 2.6722922 3.2674269 3.4788837 4.0426721 5.5655683 6.6665689 5.7457501 5.1592696 5.0943831 4.7173201 5.8994376 4.6694780 5.0913582 
Sanmal_Sma_008714-T1                                 0.7215622 0.4227719 1.0945704 1.1549911 1.0924765 1.1067496 1.0892275 1.0015810 1.0015810 0.7552503 0.9320372 0.9123618 0.8710298 0.9182436 0.7221017 0.8536212 0.8639223 0.8783055 0.9697157 0.9491793 1.2614919 1.1297594 0.8777783 1.1167643 1.1065535 1.1456585 1.0774982 1.0388131 0.0000000 0.5639091 0.5882277 0.8120533 0.6083882 0.7905469 1.0558476 1.4266251 1.4589403 1.4589403 0.8744969 1.3477988 1.4301900 1.9032582 1.1358223 1.2921154 1.0294583 1.5157257 2.3363797 1.7314107 1.6570953 1.9194790 1.9747046 1.5105071 2.0540464 1.9634611 2.0756329 1.7918046 2.2771123 1.9545281 1.8567561 1.9295928 1.7394635 1.9741018 1.9306545 2.0649657 1.9710378 1.9360917 2.0149755 1.3881447 2.2714305 2.1358321 1.8925790 2.5518179 1.9616389 1.8518432 1.5810922 1.7569671 2.0220400 2.4077189 2.3592469 2.2853846 2.3549649 2.1657954 1.6639200 3.2657640 3.1117468 2.6146058 2.7893095 2.6791446 3.1764282 2.3518056 2.6825777 2.6566501 3.2538663 3.1375792 4.2095075 7.3229266 7.5716742 5.0890433 5.1577822 5.0506707 4.9929599 5.1344479 3.9915832 5.3699104 
Nemnom_g9847.t1                                      0.7114622 0.4589655 1.1403307 1.1401919 1.1593305 1.1409561 1.4120302 1.1904687 1.1904687 0.7471842 0.8659444 0.8830628 0.8868272 0.8886127 0.7542138 0.9034189 0.8717357 0.9161190 0.8592008 1.1827949 1.3406145 1.0997042 0.8139342 1.1411506 1.0873327 1.3357212 1.2973500 1.2791461 0.5639091 0.0000000 0.3135878 0.8566930 0.7555446 0.8867148 1.0376028 1.5388694 1.4835946 1.4835946 1.0822868 1.5079144 1.5476428 2.1509919 1.3184543 1.6616178 1.1161167 1.5914664 2.0281321 1.7930961 1.7041759 2.5087811 2.5098132 1.9605060 2.2595361 2.1455026 2.2637027 1.9608307 1.8371973 2.0544376 1.6658166 1.8416731 1.7912336 1.9874779 1.9968695 2.1277010 2.2050982 1.9345012 2.1857077 1.3995998 2.4277020 2.3174000 2.0623543 2.4722498 1.6297153 1.5095223 1.4957849 1.8185048 2.2442371 2.3795997 2.3566290 2.4550008 2.4977226 2.1775791 1.6787222 3.0617115 3.1619168 2.7076276 3.0776721 3.0153248 3.2535415 2.6109056 2.7092615 2.6069488 3.2451003 3.0455733 4.0706793 7.5261475 7.8149592 5.4625073 5.5996245 5.7389871 4.6417691 6.0125555 4.7092656 5.1543510 
Rhoesc_Res_003383-T1                                 0.7559688 0.3836247 1.0251747 1.0610807 1.0441046 1.0130705 1.3623302 1.0592706 1.0592706 0.7960153 0.8797614 0.8560267 0.8832227 0.9299732 0.8481791 0.8825776 0.8737889 0.9159648 0.8963510 1.0762226 1.3343649 1.0160670 0.9618424 1.0846063 1.1112188 1.2764024 1.3265642 1.2025448 0.5882277 0.3135878 0.0000000 0.8257057 0.7167515 0.8748220 0.9986992 1.6140311 1.6981579 1.6981579 1.0508830 1.5274369 1.3224616 2.2300611 1.1986685 1.4307211 1.0047392 1.7030499 1.9352486 1.8772315 1.7466764 2.2755276 2.3085502 1.6840858 2.0030214 1.8829999 1.9159053 1.9242089 1.9877853 1.8700419 1.7036225 1.9085425 1.8387253 1.9849446 2.0538714 2.0527890 2.0120174 2.0384580 1.9594013 1.3755999 2.1383135 2.1319350 1.9979272 2.3952734 1.5298586 1.6137638 1.3737263 1.7688722 2.0791799 2.7192935 2.6903577 2.6750160 2.6827764 2.5565068 1.8093186 3.1035401 3.0301345 2.6716836 3.1123575 2.8843090 3.0809700 2.4981538 2.5120533 2.4946020 3.2267664 3.0373328 3.9161399 7.9863587 7.7401484 5.0502725 4.9551794 6.1715978 5.1556148 7.3243232 5.2308084 5.8454957 
Chem_TCONS_00071443                                  0.7543887 0.4521715 1.1746293 1.1667142 1.1716554 1.1481736 1.4196469 1.2573609 1.2573609 0.7713003 0.9305752 0.9579163 0.9344928 0.9591573 0.7771563 0.8969770 0.8874471 0.9803731 1.0383769 1.2205432 1.3500767 1.0002844 0.8366109 0.9721669 1.0712912 1.3012505 1.3266122 1.0770357 0.8120533 0.8566930 0.8257057 0.0000000 0.8806138 0.9472580 1.2017648 1.3747909 1.3389697 1.3389697 0.8752092 1.3289493 1.4104403 1.9035407 1.2791177 1.6095628 1.0599794 1.4131775 1.9805925 1.6924887 1.5699568 2.2712893 2.1444001 1.6580349 2.1155950 1.9552774 2.2093095 1.7942493 2.1058230 1.9914987 1.5624675 1.8564859 1.7110243 1.8105082 1.8325703 2.2980642 1.9853978 1.9677591 2.0161088 1.2497405 2.3052312 2.2432476 2.2137382 2.4116457 2.2963866 2.1473929 1.7740733 2.2576366 2.4413707 2.4957454 2.4456816 2.5266289 2.5600667 2.1850630 1.5181344 3.2393987 3.2344503 2.8950694 3.1179091 2.8033702 2.9800955 2.8728198 2.7820861 2.7018130 2.7464306 2.7890233 4.3815949 6.1045420 6.5436346 5.6438209 6.1292287 5.5065849 5.1062006 6.2696008 4.2218192 4.9250340 
Morvir_scaffold296.g9.t1                             0.9061766 0.4189829 1.0595234 1.1151686 1.2426086 1.2396219 1.4182033 1.2476632 1.2476632 0.8473590 0.9543750 0.9529157 0.8824112 0.9937790 0.9070029 0.9861672 0.9907437 1.0504108 1.0263173 1.0849072 1.1469173 1.0826923 0.9593546 1.0963904 1.2422982 1.2637787 1.2895439 1.1237294 0.6083882 0.7555446 0.7167515 0.8806138 0.0000000 0.8897897 1.2382566 1.3028455 1.2973278 1.2973278 0.8932976 1.2850084 1.4801580 1.9353864 1.2318737 1.4532763 1.2689760 1.5587861 2.3295690 1.8277283 1.6799712 2.0425688 2.2933632 1.7792497 1.7721816 1.7744780 1.8029720 1.8204234 2.0986033 1.8762842 1.7698211 1.8449706 1.7947323 1.7997572 1.7813998 2.2748455 2.0623711 2.1530297 2.4163239 1.4225803 2.7699697 2.6244762 2.1545476 1.9870145 2.1428871 2.1730117 1.5779850 1.9721748 2.3435668 2.6661036 2.6121014 2.5811235 2.5718817 2.5403607 1.6588949 3.1529157 3.1453924 2.6647207 2.5965177 3.0843152 3.2142127 2.6892173 2.7350497 2.6429335 3.0067522 2.7952013 4.4686428 5.3526323 5.7409077 6.4200174 5.8286336 5.5635262 5.2767673 5.7054857 4.4154276 5.9191531 
Hvul_g20725_1                                        0.8023041 0.4133730 1.0680197 1.0310226 1.1835488 1.1650232 1.2257760 0.9935260 0.9935260 0.6378104 1.0684550 1.0557735 1.0499122 1.1120159 0.8569483 1.0575366 1.0546718 0.9741386 1.0046091 1.1016680 1.2888760 1.1758257 0.8471926 1.1672607 1.2389076 1.4130317 1.2381551 1.2278938 0.7905469 0.8867148 0.8748220 0.9472580 0.8897897 0.0000000 1.2647882 1.3484997 1.3459423 1.3459423 0.8195366 1.4968315 1.4252462 1.8713602 1.4019011 1.4250265 0.8559579 1.4716706 2.1351100 1.7139563 1.6512849 1.9776319 2.3840990 1.8518277 1.7558519 1.8166749 2.0330563 1.6634803 2.0376325 1.9396227 1.5911278 2.0302509 1.9114193 1.9317550 1.9035399 2.3380493 2.2130524 2.0717755 2.1230339 1.2327455 2.4431068 2.2084103 2.0669810 2.4325637 1.8846340 2.0083153 1.8811904 1.9578007 2.3021712 2.7473259 2.6889373 2.3883020 2.4541084 2.2816276 1.6102304 2.9526193 2.8539571 2.4849087 2.8322909 2.6666044 2.8939704 2.5224295 2.3071648 2.5833409 3.3265739 3.4920294 4.2561169 5.9134237 6.3203172 5.2525359 5.0474889 5.4273362 4.9310020 5.8656300 4.2052903 5.4239617 
Dgig_XM_028560484.1                                  0.2678685 0.4702654 1.1607812 1.2179386 1.1433920 1.2053519 1.1487693 0.9496929 0.9496929 0.6900124 0.7732738 0.7490954 0.7450287 0.7995796 0.6897843 0.7526392 0.7400680 0.7963676 0.8012405 1.1817695 1.1841708 0.9144687 0.7376325 0.7997380 1.2747780 1.1271115 1.1978807 1.1242227 1.0558476 1.0376028 0.9986992 1.2017648 1.2382566 1.2647882 0.0000000 1.2837300 1.3659009 1.3659009 0.8911603 1.2869720 1.4431911 1.8024816 1.2275722 1.3957737 0.9375361 1.3579767 1.6130362 1.4875433 1.3626560 2.2233309 2.3980643 1.8497539 2.3379404 2.1369173 2.1260790 1.9151308 2.3638051 1.9728936 1.6465912 1.9220115 1.9283681 2.2105337 2.2283221 2.5654811 2.0919290 2.0328904 2.3546916 1.9040353 2.1128607 2.0253279 1.9288589 2.5607184 1.9402358 1.5719432 1.5243111 1.8865684 1.9828819 3.0778982 3.0121420 2.6506518 2.6292315 2.5954883 1.6286536 3.2362734 3.1706719 2.6933987 2.8412550 3.0087715 2.6347437 2.3726431 2.5883443 2.4140604 3.2516187 3.2571395 4.2486196 8.9999990 7.9303267 6.1875344 5.5280659 5.4877447 5.7689981 7.2665562 5.4658159 6.3317819 
HoiH23_PlH23_003275-RA                               1.0221402 0.6703279 1.2341751 1.3730871 1.1867066 1.2481153 1.4362993 1.1923199 1.1923199 0.7797512 0.9608311 1.1333360 1.0218655 1.0956144 0.8455393 1.1850627 1.1725378 1.0699486 1.1613485 1.2548314 1.6302787 1.2936730 1.0014524 1.0975844 1.3728255 1.3525260 1.4051933 1.2204539 1.4266251 1.5388694 1.6140311 1.3747909 1.3028455 1.3484997 1.2837300 0.0000000 0.0725702 0.0725702 0.0678223 0.1558828 0.3212848 0.2128021 1.4214888 1.5151088 1.0843102 1.5498458 2.1731161 1.7542106 1.5671722 2.0357125 2.3734784 1.9446846 2.1947519 2.0672933 2.1961952 2.3224351 2.1032223 2.1661705 2.0283802 2.0605636 1.9842681 2.0220810 2.1223529 2.5706637 2.1758906 2.0606995 2.2195042 2.1651303 1.8101874 1.6842289 1.6155760 1.8202324 1.8950139 2.5779529 1.5229161 2.1144606 2.7028574 3.7569748 3.6731628 3.1927516 3.1774677 3.0565374 1.9251891 3.3680132 3.3308261 2.8002278 3.0955173 3.5968171 2.7946585 2.7283405 2.9284898 2.6191654 3.1823401 3.5569165 5.6220324 6.1521422 6.7357530 6.8677596 6.6012644 6.8670269 6.2017338 7.0519287 5.6130539 6.4024473 
