61
Lcom_lcpid92464                                  0.0000000 0.1030552 0.1533658 0.4880892 1.2233422 1.0866907 0.8802938 0.9094591 0.7448853 0.6839053 0.7596545 0.6877883 0.6173524 0.7638097 0.8032708 0.7708136 0.7513401 0.8094885 0.8076830 0.8203801 0.7486274 1.1847073 0.7222426 0.7976983 1.0103445 1.0791162 1.0374998 1.0509451 0.9801619 0.9070917 1.0698579 0.7598557 0.9176253 0.9480636 0.9300102 0.9271750 0.9568184 1.0042426 0.9138074 0.9178333 0.8895784 0.8895784 1.0132085 1.1466816 1.1399416 1.1370092 1.3336523 1.3538472 1.3573447 1.5100505 1.3340681 1.3340681 1.4330962 1.3133156 1.3777545 1.4987163 1.3646922 1.2398364 1.6778897 0.9550880 0.8889760 
Gracom_Gcom_scaffold5589_01                      0.1030552 0.0000000 0.1218328 0.5181167 1.3491284 1.2609131 0.9140501 0.9534049 0.7703050 0.6620842 0.7345185 0.6979833 0.6556352 0.8339734 0.8709753 0.8291772 0.8004047 0.8620449 0.8772968 0.9158277 0.8406182 1.3050168 0.7847068 0.8421840 1.1251703 1.1453773 1.0488221 1.0701184 0.9509602 0.9818442 1.1116941 0.8518039 0.9249317 1.0601959 1.0404214 1.0463045 1.0279342 1.0736422 0.9821388 0.9926888 0.9821893 0.9821893 1.0914926 1.2133572 1.1217152 1.0666937 1.3271965 1.3475753 1.3314428 1.5075618 1.2990729 1.2990729 1.4218038 1.2961076 1.3553282 1.5775153 1.3925432 1.1888915 1.6486950 0.9429340 0.9152762 
Leuniv_Lniv_scaffold22402_01                     0.1533658 0.1218328 0.0000000 0.5496274 1.1919079 1.0432838 0.8442200 0.8351802 0.7220820 0.6510814 0.7415506 0.6771702 0.6168934 0.7622285 0.7991204 0.7867531 0.7691068 0.7859645 0.7961662 0.8110179 0.7495465 1.1359140 0.7478750 0.8370110 1.0072051 1.0536506 0.9699683 1.0075568 0.9932084 0.9167609 1.0850037 0.7171142 0.9139978 0.9894223 0.9751539 0.9321156 0.9697627 1.0315077 0.9251577 0.9385478 0.9442538 0.9442538 1.0298331 1.1898398 1.1353544 1.0935786 1.2877109 1.3076310 1.3521606 1.5308770 1.3130773 1.3130773 1.4663598 1.3449579 1.3570419 1.5094425 1.3799320 1.1934831 1.7136840 0.9013909 0.8214500 
Clacor_Ccor_scaffold13126_01                     0.4880892 0.5181167 0.5496274 0.0000000 1.2675500 1.1786045 1.0042930 1.2858134 0.9429599 0.7978951 0.9479654 1.0286635 0.7711204 0.8630142 0.8925449 0.8535560 0.9420772 0.9202915 0.9204239 1.1181061 0.9707445 1.4496866 1.0374324 1.3104943 1.4237153 1.5019620 1.3286362 1.3287597 0.9270050 1.0214845 1.3240688 0.8291738 1.2960231 1.1349885 1.1129479 1.1384088 1.4998983 1.4535685 1.4554286 1.4554286 1.4192349 1.4192349 1.3792684 1.2504983 1.3192737 1.3167565 1.9168874 1.9179089 2.0996368 2.0932577 2.0346920 2.0346920 2.1325409 2.0241352 1.8909965 2.5323339 2.4131461 2.0098201 2.5440344 1.0994414 1.0424382 
Emue_Em0004g1a.t1                                1.2233422 1.3491284 1.1919079 1.2675500 0.0000000 0.0367443 0.1437365 0.1600961 0.5205069 0.7920626 0.6951101 1.0138291 1.1741402 0.8815354 0.8182332 0.8040697 0.8727663 0.9787926 0.9649996 1.0755916 1.0960134 1.4877206 0.9628137 1.1383800 1.3578039 1.3876508 1.3112025 1.3297578 1.4292683 1.2315333 1.2812721 1.2348762 1.4793209 1.4558082 1.4085710 1.1508951 1.3241448 1.3919479 1.3445725 1.3445725 1.1933402 1.1933402 1.2597093 1.2003778 1.5148550 1.6822266 1.8157607 1.8380478 1.9715538 2.1185768 2.0394543 2.0394543 2.0908559 1.9897167 1.8183837 2.6569288 2.6334201 1.9415009 2.8104014 1.1527695 0.5940916 
Emue_Em0404g6a.t1                                1.0866907 1.2609131 1.0432838 1.1786045 0.0367443 0.0000000 0.1076911 0.1437830 0.3821837 0.6610380 0.5986319 0.8198183 1.1387252 0.7608176 0.6894109 0.7010273 0.7816465 0.9381687 0.9090215 1.0182825 1.0401694 1.3896705 0.8868437 1.0287803 1.0807943 1.0344613 1.0954677 1.0825435 1.2170361 1.0836921 1.0916339 1.1494658 1.3089477 1.0627813 1.0200098 0.9809501 1.2577890 1.3342399 1.2524942 1.2524942 1.1118663 1.1118663 1.1841486 1.1703427 1.1549002 1.4337205 1.5946448 1.6173540 1.6725331 1.6681284 1.6464771 1.6464771 1.6959177 1.7736291 1.4539920 2.1272298 2.1491039 1.6681089 2.3349623 0.8962559 0.5942507 
Spolac_c88020_g1_i1_m.4679c88020-g1              0.8802938 0.9140501 0.8442200 1.0042930 0.1437365 0.1076911 0.0000000 0.1427329 0.3678563 0.5048858 0.4741403 0.6593144 0.7230678 0.6836977 0.6646535 0.6418145 0.6289686 0.6840009 0.7201853 0.7295121 0.8069559 1.0845573 0.7163213 0.8124192 0.8946079 0.8276018 0.8993229 0.9062744 1.1380975 0.8792132 1.0534046 0.9254918 1.1238920 1.0410316 1.0180753 0.8964383 0.9306245 0.9593000 0.9101816 0.8977655 0.8798903 0.8798903 0.9620434 0.9299530 1.1540208 1.2429327 1.1743877 1.1805278 1.1840961 1.4851373 1.2182126 1.2182126 1.3169625 1.1946784 1.2553843 1.4438259 1.4252589 1.1565987 1.4312574 0.8558050 0.5101023 
Emue_Em0004g11a.t1                               0.9094591 0.9534049 0.8351802 1.2858134 0.1600961 0.1437830 0.1427329 0.0000000 0.4320531 0.5680010 0.5635712 0.7079992 0.6920305 0.6910209 0.6461226 0.6461073 0.6913532 0.7265728 0.7306279 0.7076135 0.7499650 1.2028261 0.7369334 0.8457722 1.0319174 0.8215293 0.9019471 0.8617628 1.0370409 0.9304562 1.0946564 0.9581391 1.1116055 1.1290564 1.1036128 0.9522974 0.9382074 0.9927665 0.9546208 0.9453643 0.8997473 0.8997473 0.9436040 0.9664819 1.1938286 1.1601830 1.1514372 1.1583830 1.2143274 1.4726488 1.2302803 1.2302803 1.3517061 1.3260991 1.2513723 1.3684479 1.2986227 1.2077608 1.3074879 0.9003400 0.6290044 
Tetwil_g17799.t1                                 0.7448853 0.7703050 0.7220820 0.9429599 0.5205069 0.3821837 0.3678563 0.4320531 0.0000000 0.4340213 0.4245215 0.6882939 0.6201000 0.6333093 0.6751656 0.6615909 0.6027188 0.7556640 0.6934076 0.7548664 0.8008352 1.0654584 0.7819054 0.8117580 1.0654413 0.9821325 0.9599526 0.9494004 1.1509216 0.9080903 0.9576146 0.8945015 1.0254114 1.1305181 1.1276838 0.9513910 0.9207391 0.8798422 0.9225654 0.8623020 0.9096416 0.9096416 0.8941306 1.0402355 1.0909464 1.1554057 1.1219227 1.1276725 1.1959638 1.3088962 1.1522118 1.1522118 1.2319958 1.2555515 1.2400062 1.3523118 1.2687038 1.1833996 1.4035348 0.9758517 0.2087814 
Aque_Aqu2.1.42174_001                            0.6839053 0.6620842 0.6510814 0.7978951 0.7920626 0.6610380 0.5048858 0.5680010 0.4340213 0.0000000 0.1237239 0.6354639 0.5714754 0.6375065 0.6687705 0.6323481 0.5866434 0.6406588 0.6346549 0.7455196 0.6975856 0.9652528 0.6599542 0.7403003 0.9935474 0.9504886 0.8543590 0.8664499 0.9956806 0.8672091 1.0622870 0.7498826 1.0115097 0.9993150 0.9913586 0.9571117 0.8297905 0.7719139 0.8494349 0.8010950 0.8106934 0.8106934 0.7810510 1.0141447 1.1025701 1.0795892 1.1417704 1.1592414 1.2029771 1.3226709 1.1118919 1.1118919 1.2347434 1.1666947 1.2079862 1.2935938 1.2080984 1.0568280 1.3465474 0.9236658 0.4978832 
Halamb_c43050_g2_i2mm.1214                       0.7596545 0.7345185 0.7415506 0.9479654 0.6951101 0.5986319 0.4741403 0.5635712 0.4245215 0.1237239 0.0000000 0.6930249 0.5896856 0.7188741 0.7490755 0.6998153 0.6313963 0.7131651 0.7501853 0.7829359 0.8227877 1.1090612 0.7343772 0.8130490 0.9989038 0.9183927 0.9175750 0.9122696 1.1257735 0.9358421 1.0809878 0.8634421 1.0657451 1.1242928 1.1130183 0.9673954 0.8850011 0.8538744 0.8817733 0.8425429 0.8796916 0.8796916 0.8509806 1.0399177 1.1568922 1.1752315 1.1041821 1.1208415 1.1185473 1.2375208 1.0895055 1.0895055 1.1509240 1.1473494 1.1786346 1.3176945 1.2343657 0.9920350 1.3676157 0.9506232 0.4843520 
Opea_EP00118_Oscarella_pearsei_P008988           0.6877883 0.6979833 0.6771702 1.0286635 1.0138291 0.8198183 0.6593144 0.7079992 0.6882939 0.6354639 0.6930249 0.0000000 0.3745857 0.6755812 0.6729670 0.6462127 0.6866093 0.6305745 0.6505367 0.7041585 0.6757269 0.9038235 0.6943536 0.6850246 0.7684023 0.7709849 0.7411989 0.7620809 0.9528466 0.8791101 1.0024203 0.7625892 0.9234136 1.0004188 0.9851935 0.9884049 0.8282030 0.9283684 0.7775328 0.8083964 0.7806087 0.7806087 0.9029963 0.8972388 1.0845843 0.9754968 1.1606791 1.1787659 1.1843677 1.2707470 1.1277853 1.1277853 1.2045314 1.0960855 1.2335080 1.4049505 1.2592075 1.1584261 1.3824110 0.2739955 0.8088729 
Plajan_Pjan_C553747_01                           0.6173524 0.6556352 0.6168934 0.7711204 1.1741402 1.1387252 0.7230678 0.6920305 0.6201000 0.5714754 0.5896856 0.3745857 0.0000000 0.6217458 0.6402837 0.6144461 0.6267288 0.6597929 0.6752594 0.6227835 0.6792876 1.0147133 0.7242981 0.7409524 0.8695058 0.8498076 0.8051563 0.8025416 0.8719132 0.7691321 0.8754456 0.7076318 0.7597677 0.9092464 0.9104555 0.9356119 0.7686221 0.8824169 0.7254108 0.7714913 0.7306580 0.7306580 0.8286677 0.8660564 1.0452245 1.0547150 1.1743821 1.1928639 1.2418954 1.2914612 1.2068697 1.2068697 1.2203196 1.2186974 1.1613703 1.3842637 1.1838340 1.1321489 1.2854343 0.5919828 0.8945839 
Fspp_ffun1.m4.23325.m1                           0.7638097 0.8339734 0.7622285 0.8630142 0.8815354 0.7608176 0.6836977 0.6910209 0.6333093 0.6375065 0.7188741 0.6755812 0.6217458 0.0000000 0.0337909 0.0849898 0.0881717 0.1235920 0.1792961 0.3379024 0.3163727 0.3203056 0.4507834 0.5614948 0.9462149 0.7436012 0.7826970 0.7705880 1.0088432 0.9373394 0.9781002 0.7701887 0.8706876 0.8870479 0.8999036 0.7999151 0.8076225 0.8070280 0.7797176 0.7801902 0.7701061 0.7701061 0.7729675 0.9668645 1.1576960 1.2114454 1.1118917 1.1291655 1.1169315 1.2838177 1.1220537 1.1220537 1.1680810 1.1986344 1.1875988 1.3201363 1.2790314 1.1386234 1.2498960 0.9382912 0.7430802 
Gasp_gasp1.m3.18695.m1                           0.8032708 0.8709753 0.7991204 0.8925449 0.8182332 0.6894109 0.6646535 0.6461226 0.6751656 0.6687705 0.7490755 0.6729670 0.6402837 0.0337909 0.0000000 0.0801986 0.1010885 0.1302811 0.1878508 0.3459271 0.3386706 0.3359002 0.4673531 0.5882275 0.9175678 0.7576929 0.7894133 0.7830180 1.0258225 0.9523319 1.0226032 0.8272356 0.8941728 0.8638501 0.8766942 0.7924834 0.8349859 0.8280756 0.8182340 0.8113290 0.8074160 0.8074160 0.8061829 0.9992704 1.1674258 1.2136390 1.0838767 1.1008375 1.1021839 1.2644613 1.1140302 1.1140302 1.1621363 1.2172849 1.1769141 1.3340785 1.2959954 1.1179295 1.2232357 0.9416977 0.7875194 
Spis_XP_022804210_1                              0.7708136 0.8291772 0.7867531 0.8535560 0.8040697 0.7010273 0.6418145 0.6461073 0.6615909 0.6323481 0.6998153 0.6462127 0.6144461 0.0849898 0.0801986 0.0000000 0.0513242 0.1644983 0.1786189 0.3165208 0.3351411 0.3129299 0.4287167 0.5295229 0.8768883 0.7771625 0.7449312 0.7318937 0.9918578 0.9163778 1.0003395 0.7956682 0.8777675 0.8438097 0.8373507 0.8025093 0.7826406 0.7831830 0.7618371 0.7511713 0.7663301 0.7663301 0.7663316 0.9232870 1.1717897 1.1728135 1.1099283 1.1271130 1.0858556 1.2436174 1.1323459 1.1323459 1.1904924 1.1817261 1.1278086 1.3167377 1.2116292 1.0977315 1.2140426 0.8735277 0.7086234 
Pocdam_XM_027192497.1                            0.7513401 0.8004047 0.7691068 0.9420772 0.8727663 0.7816465 0.6289686 0.6913532 0.6027188 0.5866434 0.6313963 0.6866093 0.6267288 0.0881717 0.1010885 0.0513242 0.0000000 0.1896734 0.1997211 0.3687560 0.3441561 0.3386224 0.4577639 0.5364300 0.8671018 0.7109740 0.7123086 0.6984026 0.8441948 0.8356205 0.9526399 0.7065389 0.7826500 0.8346381 0.8376260 0.8136917 0.8217201 0.8114341 0.8209433 0.8209433 0.8177400 0.8177400 0.7926321 0.9001343 1.1811822 1.0990521 1.0743380 1.0940740 1.1270040 1.1703264 1.1187247 1.1187247 1.2058030 1.1854132 1.0305122 1.2332899 1.1538776 1.0427516 1.3206710 0.7110554 0.7377080 
Gfas_gfas1.m1.18265.m1                           0.8094885 0.8620449 0.7859645 0.9202915 0.9787926 0.9381687 0.6840009 0.7265728 0.7556640 0.6406588 0.7131651 0.6305745 0.6597929 0.1235920 0.1302811 0.1644983 0.1896734 0.0000000 0.1264230 0.3364350 0.3315274 0.2441658 0.4729352 0.6030660 0.9401015 0.7982102 0.8124393 0.8160503 0.9745206 0.9158376 0.9637410 0.8047516 0.9299769 0.9622420 0.9655052 0.8482785 0.7662679 0.7514300 0.7584599 0.7574367 0.7442013 0.7442013 0.7741742 0.9895683 1.2267226 1.2227135 1.1786847 1.1963609 1.1544018 1.3236340 1.1630547 1.1630547 1.2101807 1.1609421 1.2459615 1.3548521 1.3274172 1.1255539 1.3175540 0.9219102 0.9382949 
Adig_XM_015915957.1                              0.8076830 0.8772968 0.7961662 0.9204239 0.9649996 0.9090215 0.7201853 0.7306279 0.6934076 0.6346549 0.7501853 0.6505367 0.6752594 0.1792961 0.1878508 0.1786189 0.1997211 0.1264230 0.0000000 0.3930728 0.3492428 0.0734883 0.4951722 0.6124981 0.9326865 0.8162445 0.7758141 0.7709459 0.9962441 0.9457968 0.9970006 0.8152816 0.9524384 0.9542493 0.9575841 0.8322727 0.8142792 0.8187879 0.8102071 0.8128728 0.7961483 0.7961483 0.8249679 0.9655813 1.2725252 1.1381064 1.1956042 1.2137592 1.1396577 1.3100338 1.1619274 1.1619274 1.2149562 1.2019790 1.1980743 1.2598761 1.2405973 1.2020356 1.2999859 0.9219327 0.8312538 
Nvec_v1g178046                                   0.8203801 0.9158277 0.8110179 1.1181061 1.0755916 1.0182825 0.7295121 0.7076135 0.7548664 0.7455196 0.7829359 0.7041585 0.6227835 0.3379024 0.3459271 0.3165208 0.3687560 0.3364350 0.3930728 0.0000000 0.2936444 0.6165529 0.5185464 0.6572548 0.9955098 0.8165733 0.8357885 0.8393203 1.0758290 0.9953664 0.9749473 0.7872912 0.9781060 1.0035403 0.9733361 0.9481458 0.8912237 0.9306609 0.8792923 0.9032257 0.8970620 0.8970620 0.9461488 1.0384930 1.3058999 1.1586384 1.1783600 1.1963034 1.1833341 1.3724342 1.2013279 1.2013279 1.2878886 1.2338054 1.2974717 1.4212515 1.3993987 1.1135518 1.4015868 0.9993323 1.1815376 
Exapal_XM_021036527.2                            0.7486274 0.8406182 0.7495465 0.9707445 1.0960134 1.0401694 0.8069559 0.7499650 0.8008352 0.6975856 0.8227877 0.6757269 0.6792876 0.3163727 0.3386706 0.3351411 0.3441561 0.3315274 0.3492428 0.2936444 0.0000000 0.5054398 0.4734451 0.5814943 1.0102412 0.8211833 0.8288387 0.8154608 0.8977992 0.8781253 0.9408713 0.6604232 0.8740947 0.8444610 0.8517560 0.7808643 0.7411124 0.7905282 0.7435977 0.7514397 0.7057490 0.7057490 0.7767661 0.9641665 1.2038947 1.1197696 1.1907882 1.1972283 1.1794863 1.3139407 1.1709626 1.1709626 1.2357890 1.2308556 1.3017739 1.3219974 1.3293491 1.1923728 1.3189394 0.8344194 1.0957605 
Amil_Amillepora12356-RA                          1.1847073 1.3050168 1.1359140 1.4496866 1.4877206 1.3896705 1.0845573 1.2028261 1.0654584 0.9652528 1.1090612 0.9038235 1.0147133 0.3203056 0.3359002 0.3129299 0.3386224 0.2441658 0.0734883 0.6165529 0.5054398 0.0000000 0.6796170 0.8158871 1.1592956 0.9715341 0.9797486 0.9885685 1.3526132 1.2943742 1.3432216 1.1014759 1.3004112 1.3584911 1.3597579 1.1495285 1.1796227 1.2150038 1.1768595 1.2206306 1.1612074 1.1612074 1.2007432 1.2483401 1.7702703 1.5051011 1.8726271 1.9099250 1.7131589 2.1389439 1.7256699 1.7256699 1.8443047 1.7983797 1.8356991 1.8494852 1.9113351 1.8694804 2.0673689 1.2464167 1.1580935 
Dgig_XM_028560408.1                              0.7222426 0.7847068 0.7478750 1.0374324 0.9628137 0.8868437 0.7163213 0.7369334 0.7819054 0.6599542 0.7343772 0.6943536 0.7242981 0.4507834 0.4673531 0.4287167 0.4577639 0.4729352 0.4951722 0.5185464 0.4734451 0.6796170 0.0000000 0.1625825 0.7925502 0.6990047 0.7062279 0.6719899 1.0505799 0.8522628 0.9512449 0.8029644 0.8206746 0.8849410 0.8877972 0.7656192 0.8197009 0.8824560 0.7785695 0.7811228 0.7846617 0.7846617 0.8291995 0.9899103 1.2335324 1.1184265 1.1545908 1.1724761 1.1521589 1.3148332 1.0609622 1.0609622 1.1767650 1.2385406 1.1943774 1.2913757 1.1657266 1.1309330 1.3440192 0.8856936 0.8555714 
Xesp_010081-T1                                   0.7976983 0.8421840 0.8370110 1.3104943 1.1383800 1.0287803 0.8124192 0.8457722 0.8117580 0.7403003 0.8130490 0.6850246 0.7409524 0.5614948 0.5882275 0.5295229 0.5364300 0.6030660 0.6124981 0.6572548 0.5814943 0.8158871 0.1625825 0.0000000 0.8222109 0.7647710 0.7515888 0.7574620 1.1644526 0.9542721 1.0557482 0.8747374 0.9884169 1.0315081 1.0402282 0.8529722 0.7978514 0.8545302 0.7652377 0.7667946 0.7648698 0.7648698 0.8167113 1.1531403 1.3185245 1.3675647 1.2139070 1.2322422 1.1985093 1.4137891 1.0999808 1.0999808 1.2185007 1.1683165 1.1898802 1.3765014 1.2421102 1.1449135 1.3884022 0.9398262 1.1387108 
Morvir_scaffold198.g9.t1                         1.0103445 1.1251703 1.0072051 1.4237153 1.3578039 1.0807943 0.8946079 1.0319174 1.0654413 0.9935474 0.9989038 0.7684023 0.8695058 0.9462149 0.9175678 0.8768883 0.8671018 0.9401015 0.9326865 0.9955098 1.0102412 1.1592956 0.7925502 0.8222109 0.0000000 0.4947494 0.4992232 0.5287656 1.2031420 1.1275745 1.2092130 1.0384743 1.0471527 1.1907942 1.1877077 1.0284648 1.0553886 1.0713833 1.0158596 1.0118473 1.0192332 1.0192332 1.0277505 1.2527900 1.2759384 1.2410141 1.4198948 1.4419540 1.4284847 1.5109092 1.4501675 1.4501675 1.5048487 1.4060535 1.4037713 1.6876888 1.6256021 1.3406756 1.8163646 0.9444065 1.2485257 
Aaur_scaffold143.g24.t1                          1.0791162 1.1453773 1.0536506 1.5019620 1.3876508 1.0344613 0.8276018 0.8215293 0.9821325 0.9504886 0.9183927 0.7709849 0.8498076 0.7436012 0.7576929 0.7771625 0.7109740 0.7982102 0.8162445 0.8165733 0.8211833 0.9715341 0.6990047 0.7647710 0.4947494 0.0000000 0.1937227 0.1870594 1.1600769 1.0845028 1.1699821 1.0732521 1.0285126 1.1733177 1.1702077 1.0768332 0.9850832 1.0763785 0.9763512 1.0364543 0.9323396 0.9323396 1.0084993 1.1798311 1.2598396 1.1302367 1.3173790 1.3424675 1.2785320 1.3022611 1.2832255 1.2832255 1.3732546 1.3633709 1.4813004 1.4383938 1.4050623 1.4009865 1.5458878 0.9784734 1.5451696 
Nemnom_g11617.t1                                 1.0374998 1.0488221 0.9699683 1.3286362 1.3112025 1.0954677 0.8993229 0.9019471 0.9599526 0.8543590 0.9175750 0.7411989 0.8051563 0.7826970 0.7894133 0.7449312 0.7123086 0.8124393 0.7758141 0.8357885 0.8288387 0.9797486 0.7062279 0.7515888 0.4992232 0.1937227 0.0000000 0.0605274 1.0570376 1.0389532 1.1193107 0.9235162 0.9565144 1.1184932 1.1164475 1.0870686 1.0020146 1.0804730 0.9817124 1.0380551 0.9807862 0.9807862 1.0654043 1.1016623 1.3328047 1.0503239 1.3615833 1.3825494 1.3760079 1.3751365 1.3050878 1.3050878 1.4061693 1.3413007 1.4658704 1.4206188 1.3662653 1.3712237 1.5522005 0.9220819 1.1373161 
Rhoesc_Res_005008-T1                             1.0509451 1.0701184 1.0075568 1.3287597 1.3297578 1.0825435 0.9062744 0.8617628 0.9494004 0.8664499 0.9122696 0.7620809 0.8025416 0.7705880 0.7830180 0.7318937 0.6984026 0.8160503 0.7709459 0.8393203 0.8154608 0.9885685 0.6719899 0.7574620 0.5287656 0.1870594 0.0605274 0.0000000 1.0381118 1.0425143 1.1270442 0.9227990 0.9157946 1.0797461 1.0779959 1.0954173 1.0111806 1.1115498 0.9840810 1.0411917 0.9545190 0.9545190 1.0681539 1.0804634 1.3004601 1.0361818 1.3546447 1.3753897 1.3768762 1.3420068 1.2437047 1.2437047 1.3842112 1.3432242 1.4393914 1.4437436 1.3173450 1.3540683 1.6400839 0.9176850 1.0895436 
Cgig_XM_011427061.3                              0.9801619 0.9509602 0.9932084 0.9270050 1.4292683 1.2170361 1.1380975 1.0370409 1.1509216 0.9956806 1.1257735 0.9528466 0.8719132 1.0088432 1.0258225 0.9918578 0.8441948 0.9745206 0.9962441 1.0758290 0.8977992 1.3526132 1.0505799 1.1644526 1.2031420 1.1600769 1.0570376 1.0381118 0.0000000 0.5080848 0.6548817 0.5954219 0.8173843 0.8522548 0.8539463 0.7805949 1.1196848 1.1140379 1.1611538 1.1423543 1.1164439 1.1164439 1.1630047 0.9392235 1.0917093 1.1183954 1.4723979 1.4879754 1.5089836 1.6101248 1.3861581 1.3861581 1.4397053 1.5189211 1.4703074 1.6812286 1.5274174 1.3328092 1.5938952 1.1050780 1.3530127 
Acagra_model.g22673.t1                           0.9070917 0.9818442 0.9167609 1.0214845 1.2315333 1.0836921 0.8792132 0.9304562 0.9080903 0.8672091 0.9358421 0.8791101 0.7691321 0.9373394 0.9523319 0.9163778 0.8356205 0.9158376 0.9457968 0.9953664 0.8781253 1.2943742 0.8522628 0.9542721 1.1275745 1.0845028 1.0389532 1.0425143 0.5080848 0.0000000 0.5043115 0.5180423 0.7364699 0.8284689 0.8181250 0.6595738 0.9397239 0.9210647 0.9374925 0.9156072 0.9300303 0.9300303 0.9545477 0.7999988 0.8768903 1.0281098 1.4189790 1.4404077 1.4241887 1.4643304 1.3663712 1.3663712 1.4527904 1.4890517 1.3569363 1.5522124 1.4065699 1.2973976 1.5493485 0.9536854 1.0408554 
Ctel_gnl_WGS_AMQN_CAPTEDRAFT_mRNA177076          1.0698579 1.1116941 1.0850037 1.3240688 1.2812721 1.0916339 1.0534046 1.0946564 0.9576146 1.0622870 1.0809878 1.0024203 0.8754456 0.9781002 1.0226032 1.0003395 0.9526399 0.9637410 0.9970006 0.9749473 0.9408713 1.3432216 0.9512449 1.0557482 1.2092130 1.1699821 1.1193107 1.1270442 0.6548817 0.5043115 0.0000000 0.6216489 0.8281548 0.8743779 0.8744053 0.7055666 0.9936878 1.0121826 0.9936968 1.0200186 1.0068683 1.0068683 1.0260423 0.9092229 0.9911996 1.1118233 1.4641831 1.4732337 1.6167910 1.6818824 1.4837874 1.4837874 1.5344766 1.5205790 1.4410169 1.6659771 1.5009121 1.4097439 1.6327762 1.1254207 1.3022821 
Bralan_BLAG10000537_1                            0.7598557 0.8518039 0.7171142 0.8291738 1.2348762 1.1494658 0.9254918 0.9581391 0.8945015 0.7498826 0.8634421 0.7625892 0.7076318 0.7701887 0.8272356 0.7956682 0.7065389 0.8047516 0.8152816 0.7872912 0.6604232 1.1014759 0.8029644 0.8747374 1.0384743 1.0732521 0.9235162 0.9227990 0.5954219 0.5180423 0.6216489 0.0000000 0.5397409 0.7353048 0.7368478 0.6434485 1.0180454 1.0176472 1.0015745 1.0101767 1.0369325 1.0369325 1.0299959 0.7653236 0.9156153 1.0962494 1.3598901 1.3808936 1.3495244 1.4620201 1.3332944 1.3332944 1.3722895 1.2585789 1.4184368 1.4945810 1.4404040 1.1918365 1.4945608 0.9103144 1.0017268 
Hsap_ENST00000502492                             0.9176253 0.9249317 0.9139978 1.2960231 1.4793209 1.3089477 1.1238920 1.1116055 1.0254114 1.0115097 1.0657451 0.9234136 0.7597677 0.8706876 0.8941728 0.8777675 0.7826500 0.9299769 0.9524384 0.9781060 0.8740947 1.3004112 0.8206746 0.9884169 1.0471527 1.0285126 0.9565144 0.9157946 0.8173843 0.7364699 0.8281548 0.5397409 0.0000000 0.7363788 0.7225038 0.6574083 1.0370429 1.0891580 1.0006480 0.9945147 1.0300539 1.0300539 1.0390136 0.7972555 1.0906468 0.9807992 1.3680498 1.3895322 1.4458721 1.5732726 1.3645074 1.3645074 1.3944452 1.3464212 1.4057199 1.5500293 1.2760786 1.3404849 1.6434600 0.9989614 1.3136720 
Spur_XM_030993295.1                              0.9480636 1.0601959 0.9894223 1.1349885 1.4558082 1.0627813 1.0410316 1.1290564 1.1305181 0.9993150 1.1242928 1.0004188 0.9092464 0.8870479 0.8638501 0.8438097 0.8346381 0.9622420 0.9542493 1.0035403 0.8444610 1.3584911 0.8849410 1.0315081 1.1907942 1.1733177 1.1184932 1.0797461 0.8522548 0.8284689 0.8743779 0.7353048 0.7363788 0.0000000 0.0141429 0.4885297 0.9754060 1.0551166 0.9794726 0.9793369 0.9597838 0.9597838 1.0257961 0.8966619 0.9497946 1.1195710 1.3084397 1.3285513 1.3414224 1.6222967 1.3112504 1.3112504 1.3937190 1.4064967 1.4016821 1.4333776 1.3465796 1.3699677 1.4802987 1.0063389 1.3155037 
Spur_XM_030990354.1                              0.9300102 1.0404214 0.9751539 1.1129479 1.4085710 1.0200098 1.0180753 1.1036128 1.1276838 0.9913586 1.1130183 0.9851935 0.9104555 0.8999036 0.8766942 0.8373507 0.8376260 0.9655052 0.9575841 0.9733361 0.8517560 1.3597579 0.8877972 1.0402282 1.1877077 1.1702077 1.1164475 1.0779959 0.8539463 0.8181250 0.8744053 0.7368478 0.7225038 0.0141429 0.0000000 0.4982900 0.9622489 1.0510788 0.9663307 0.9709846 0.9526296 0.9526296 1.0165342 0.8712171 0.9480754 1.1124161 1.3300503 1.3503101 1.3574855 1.6365339 1.3246300 1.3246300 1.4067982 1.4200346 1.4243612 1.4402850 1.3534736 1.3711059 1.5111447 1.0035188 1.3126769 
Skow_XM_002742017.2                              0.9271750 1.0463045 0.9321156 1.1384088 1.1508951 0.9809501 0.8964383 0.9522974 0.9513910 0.9571117 0.9673954 0.9884049 0.9356119 0.7999151 0.7924834 0.8025093 0.8136917 0.8482785 0.8322727 0.9481458 0.7808643 1.1495285 0.7656192 0.8529722 1.0284648 1.0768332 1.0870686 1.0954173 0.7805949 0.6595738 0.7055666 0.6434485 0.6574083 0.4885297 0.4982900 0.0000000 0.8583476 0.9706196 0.8373915 0.8853806 0.8332806 0.8332806 0.9329562 0.8337916 1.0400490 1.2138669 1.3472842 1.3531711 1.3424700 1.5496606 1.3140751 1.3140751 1.3714715 1.3591004 1.2824117 1.5694201 1.5241177 1.2875681 1.4293760 1.1759440 1.1453177 
HoiH23_PlH23_008178-RA                           0.9568184 1.0279342 0.9697627 1.4998983 1.3241448 1.2577890 0.9306245 0.9382074 0.9207391 0.8297905 0.8850011 0.8282030 0.7686221 0.8076225 0.8349859 0.7826406 0.8217201 0.7662679 0.8142792 0.8912237 0.7411124 1.1796227 0.8197009 0.7978514 1.0553886 0.9850832 1.0020146 1.0111806 1.1196848 0.9397239 0.9936878 1.0180454 1.0370429 0.9754060 0.9622489 0.8583476 0.0000000 0.0273394 0.0477321 0.0513855 0.0739347 0.0739347 0.0677436 1.0784875 1.1909567 1.3311539 1.1495846 1.1608459 1.0473752 1.1362157 1.1445125 1.1445125 1.1878674 1.1749995 1.1274101 1.3676462 1.3449729 1.1215141 1.3400214 1.0153759 1.3954447 
HoiH06_mRNA6587                                  1.0042426 1.0736422 1.0315077 1.4535685 1.3919479 1.3342399 0.9593000 0.9927665 0.8798422 0.7719139 0.8538744 0.9283684 0.8824169 0.8070280 0.8280756 0.7831830 0.8114341 0.7514300 0.8187879 0.9306609 0.7905282 1.2150038 0.8824560 0.8545302 1.0713833 1.0763785 1.0804730 1.1115498 1.1140379 0.9210647 1.0121826 1.0176472 1.0891580 1.0551166 1.0510788 0.9706196 0.0273394 0.0000000 0.0687288 0.0687288 0.0917766 0.0917766 0.0736101 1.0635710 1.1994868 1.2094268 1.2024283 1.2163236 1.1016357 1.1388996 1.2188616 1.2188616 1.2375321 1.2488838 1.1026356 1.4103593 1.3866676 1.2253549 1.5085298 0.8218154 1.4208830 
Hhon_g02799.t1                                   0.9138074 0.9821388 0.9251577 1.4554286 1.3445725 1.2524942 0.9101816 0.9546208 0.9225654 0.8494349 0.8817733 0.7775328 0.7254108 0.7797176 0.8182340 0.7618371 0.8209433 0.7584599 0.8102071 0.8792923 0.7435977 1.1768595 0.7785695 0.7652377 1.0158596 0.9763512 0.9817124 0.9840810 1.1611538 0.9374925 0.9936968 1.0015745 1.0006480 0.9794726 0.9663307 0.8373915 0.0477321 0.0687288 0.0000000 0.0000010 0.0792237 0.0792237 0.0736410 1.0880254 1.1657077 1.3292957 1.1883919 1.1999857 1.0986334 1.1931100 1.1959280 1.1959280 1.2367306 1.1790008 1.1366217 1.4062177 1.3750458 1.1521583 1.3769603 0.9925468 1.4485372 
HoiH04_mRNA13322                                 0.9178333 0.9926888 0.9385478 1.4554286 1.3445725 1.2524942 0.8977655 0.9453643 0.8623020 0.8010950 0.8425429 0.8083964 0.7714913 0.7801902 0.8113290 0.7511713 0.8209433 0.7574367 0.8128728 0.9032257 0.7514397 1.2206306 0.7811228 0.7667946 1.0118473 1.0364543 1.0380551 1.0411917 1.1423543 0.9156072 1.0200186 1.0101767 0.9945147 0.9793369 0.9709846 0.8853806 0.0513855 0.0687288 0.0000010 0.0000000 0.0799790 0.0799790 0.0736410 1.0761819 1.1864708 1.2823870 1.1441151 1.1560999 1.1117282 1.1931100 1.2234651 1.2234651 1.2633279 1.2053643 1.1074866 1.3916416 1.3784532 1.2009010 1.4199846 0.8852118 1.4485372 
TrH2_TrispH2_004816-RA                           0.8895784 0.9821893 0.9442538 1.4192349 1.1933402 1.1118663 0.8798903 0.8997473 0.9096416 0.8106934 0.8796916 0.7806087 0.7306580 0.7701061 0.8074160 0.7663301 0.8177400 0.7442013 0.7961483 0.8970620 0.7057490 1.1612074 0.7846617 0.7648698 1.0192332 0.9323396 0.9807862 0.9545190 1.1164439 0.9300303 1.0068683 1.0369325 1.0300539 0.9597838 0.9526296 0.8332806 0.0739347 0.0917766 0.0792237 0.0799790 0.0000000 0.0000010 0.0851471 1.1186263 1.1104487 1.2809103 1.1608063 1.1719928 1.0825665 1.1930347 1.1708068 1.1708068 1.2367698 1.1793972 1.1115663 1.3948238 1.3888036 1.1378003 1.3807109 1.0058888 1.2598957 
Tadh_TriadT37300                                 0.8895784 0.9821893 0.9442538 1.4192349 1.1933402 1.1118663 0.8798903 0.8997473 0.9096416 0.8106934 0.8796916 0.7806087 0.7306580 0.7701061 0.8074160 0.7663301 0.8177400 0.7442013 0.7961483 0.8970620 0.7057490 1.1612074 0.7846617 0.7648698 1.0192332 0.9323396 0.9807862 0.9545190 1.1164439 0.9300303 1.0068683 1.0369325 1.0300539 0.9597838 0.9526296 0.8332806 0.0739347 0.0917766 0.0792237 0.0799790 0.0000010 0.0000000 0.0851471 1.1186263 1.1104487 1.2809103 1.1608063 1.1719928 1.0825665 1.1930347 1.1708068 1.1708068 1.2367698 1.1793972 1.1115663 1.3948238 1.3888036 1.1378003 1.3807109 1.0058888 1.2598957 
HoiH11_mRNA2417                                  1.0132085 1.0914926 1.0298331 1.3792684 1.2597093 1.1841486 0.9620434 0.9436040 0.8941306 0.7810510 0.8509806 0.9029963 0.8286677 0.7729675 0.8061829 0.7663316 0.7926321 0.7741742 0.8249679 0.9461488 0.7767661 1.2007432 0.8291995 0.8167113 1.0277505 1.0084993 1.0654043 1.0681539 1.1630047 0.9545477 1.0260423 1.0299959 1.0390136 1.0257961 1.0165342 0.9329562 0.0677436 0.0736101 0.0736410 0.0736410 0.0851471 0.0851471 0.0000000 1.0366933 1.1893170 1.2468370 1.2040638 1.2249832 1.1542791 1.1931873 1.2861603 1.2861603 1.2694080 1.2565287 1.0945271 1.4320990 1.4223097 1.2323969 1.4339807 0.8535482 1.3819767 
Tcas_TC007472_001                                1.1466816 1.2133572 1.1898398 1.2504983 1.2003778 1.1703427 0.9299530 0.9664819 1.0402355 1.0141447 1.0399177 0.8972388 0.8660564 0.9668645 0.9992704 0.9232870 0.9001343 0.9895683 0.9655813 1.0384930 0.9641665 1.2483401 0.9899103 1.1531403 1.2527900 1.1798311 1.1016623 1.0804634 0.9392235 0.7999988 0.9092229 0.7653236 0.7972555 0.8966619 0.8712171 0.8337916 1.0784875 1.0635710 1.0880254 1.0761819 1.1186263 1.1186263 1.0366933 0.0000000 1.0843134 0.7883093 1.4999662 1.5233060 1.3636488 1.5714885 1.3850283 1.3850283 1.3187624 1.4615082 1.4859986 1.7283961 1.5746462 1.3516668 1.5394844 0.9139607 1.1983215 
Cscu_XM_023370255.1                              1.1399416 1.1217152 1.1353544 1.3192737 1.5148550 1.1549002 1.1540208 1.1938286 1.0909464 1.1025701 1.1568922 1.0845843 1.0452245 1.1576960 1.1674258 1.1717897 1.1811822 1.2267226 1.2725252 1.3058999 1.2038947 1.7702703 1.2335324 1.3185245 1.2759384 1.2598396 1.3328047 1.3004601 1.0917093 0.8768903 0.9911996 0.9156153 1.0906468 0.9497946 0.9480754 1.0400490 1.1909567 1.1994868 1.1657077 1.1864708 1.1104487 1.1104487 1.1893170 1.0843134 0.0000000 1.2142977 1.4875977 1.5101018 1.5396460 1.7984619 1.4544975 1.4544975 1.5020631 1.5695379 1.5134622 1.7126442 1.6306844 1.4448690 1.7676118 1.3776509 1.2622447 
Dpul_mRNA30574                                   1.1370092 1.0666937 1.0935786 1.3167565 1.6822266 1.4337205 1.2429327 1.1601830 1.1554057 1.0795892 1.1752315 0.9754968 1.0547150 1.2114454 1.2136390 1.1728135 1.0990521 1.2227135 1.1381064 1.1586384 1.1197696 1.5051011 1.1184265 1.3675647 1.2410141 1.1302367 1.0503239 1.0361818 1.1183954 1.0281098 1.1118233 1.0962494 0.9807992 1.1195710 1.1124161 1.2138669 1.3311539 1.2094268 1.3292957 1.2823870 1.2809103 1.2809103 1.2468370 0.7883093 1.2142977 0.0000000 1.5327919 1.5486758 1.5440766 1.6634644 1.5489796 1.5489796 1.5507445 1.6687937 1.5085334 1.6154711 1.5318582 1.4536778 1.6961465 0.8884329 1.4818239 
Pbac_sb2667584                                   1.3336523 1.3271965 1.2877109 1.9168874 1.8157607 1.5946448 1.1743877 1.1514372 1.1219227 1.1417704 1.1041821 1.1606791 1.1743821 1.1118917 1.0838767 1.1099283 1.0743380 1.1786847 1.1956042 1.1783600 1.1907882 1.8726271 1.1545908 1.2139070 1.4198948 1.3173790 1.3615833 1.3546447 1.4723979 1.4189790 1.4641831 1.3598901 1.3680498 1.3084397 1.3300503 1.3472842 1.1495846 1.2024283 1.1883919 1.1441151 1.1608063 1.1608063 1.2040638 1.4999662 1.4875977 1.5327919 0.0000000 0.0047207 0.2763023 0.2937341 0.2557393 0.2557393 0.3497105 0.3214083 0.3999368 0.4253303 0.3978467 0.4436757 0.5708065 1.3337755 1.8431267 
Horcal_Hcv1.av93.c3.g391.i1                      1.3538472 1.3475753 1.3076310 1.9179089 1.8380478 1.6173540 1.1805278 1.1583830 1.1276725 1.1592414 1.1208415 1.1787659 1.1928639 1.1291655 1.1008375 1.1271130 1.0940740 1.1963609 1.2137592 1.1963034 1.1972283 1.9099250 1.1724761 1.2322422 1.4419540 1.3424675 1.3825494 1.3753897 1.4879754 1.4404077 1.4732337 1.3808936 1.3895322 1.3285513 1.3503101 1.3531711 1.1608459 1.2163236 1.1999857 1.1560999 1.1719928 1.1719928 1.2249832 1.5233060 1.5101018 1.5486758 0.0047207 0.0000000 0.2738138 0.2903485 0.2486406 0.2486406 0.3575961 0.3217570 0.3915682 0.4230067 0.3984951 0.4395268 0.5719036 1.3536905 1.8653650 
Bolinf_Binf_sb1241483                            1.3573447 1.3314428 1.3521606 2.0996368 1.9715538 1.6725331 1.1840961 1.2143274 1.1959638 1.2029771 1.1185473 1.1843677 1.2418954 1.1169315 1.1021839 1.0858556 1.1270040 1.1544018 1.1396577 1.1833341 1.1794863 1.7131589 1.1521589 1.1985093 1.4284847 1.2785320 1.3760079 1.3768762 1.5089836 1.4241887 1.6167910 1.3495244 1.4458721 1.3414224 1.3574855 1.3424700 1.0473752 1.1016357 1.0986334 1.1117282 1.0825665 1.0825665 1.1542791 1.3636488 1.5396460 1.5440766 0.2763023 0.2738138 0.0000000 0.1146089 0.2173179 0.2173179 0.2027326 0.2967871 0.3645716 0.4433707 0.4728602 0.3400681 0.4043504 1.2812192 2.0351730 
Vmul_sbMO368420                                  1.5100505 1.5075618 1.5308770 2.0932577 2.1185768 1.6681284 1.4851373 1.4726488 1.3088962 1.3226709 1.2375208 1.2707470 1.2914612 1.2838177 1.2644613 1.2436174 1.1703264 1.3236340 1.3100338 1.3724342 1.3139407 2.1389439 1.3148332 1.4137891 1.5109092 1.3022611 1.3751365 1.3420068 1.6101248 1.4643304 1.6818824 1.4620201 1.5732726 1.6222967 1.6365339 1.5496606 1.1362157 1.1388996 1.1931100 1.1931100 1.1930347 1.1930347 1.1931873 1.5714885 1.7984619 1.6634644 0.2937341 0.2903485 0.1146089 0.0000000 0.2009071 0.2009071 0.2431182 0.3867410 0.3732304 0.4685162 0.4618719 0.3829315 0.5131688 1.3020322 1.9993279 
Bolinf_Binf_sb1260908                            1.3340681 1.2990729 1.3130773 2.0346920 2.0394543 1.6464771 1.2182126 1.2302803 1.1522118 1.1118919 1.0895055 1.1277853 1.2068697 1.1220537 1.1140302 1.1323459 1.1187247 1.1630547 1.1619274 1.2013279 1.1709626 1.7256699 1.0609622 1.0999808 1.4501675 1.2832255 1.3050878 1.2437047 1.3861581 1.3663712 1.4837874 1.3332944 1.3645074 1.3112504 1.3246300 1.3140751 1.1445125 1.2188616 1.1959280 1.2234651 1.1708068 1.1708068 1.2861603 1.3850283 1.4544975 1.5489796 0.2557393 0.2486406 0.2173179 0.2009071 0.0000000 0.0000010 0.1904907 0.2612563 0.2964299 0.3417725 0.3274501 0.3494898 0.4766867 1.3665819 1.8739123 
Mertsp_Mesp_sb577721                             1.3340681 1.2990729 1.3130773 2.0346920 2.0394543 1.6464771 1.2182126 1.2302803 1.1522118 1.1118919 1.0895055 1.1277853 1.2068697 1.1220537 1.1140302 1.1323459 1.1187247 1.1630547 1.1619274 1.2013279 1.1709626 1.7256699 1.0609622 1.0999808 1.4501675 1.2832255 1.3050878 1.2437047 1.3861581 1.3663712 1.4837874 1.3332944 1.3645074 1.3112504 1.3246300 1.3140751 1.1445125 1.2188616 1.1959280 1.2234651 1.1708068 1.1708068 1.2861603 1.3850283 1.4544975 1.5489796 0.2557393 0.2486406 0.2173179 0.2009071 0.0000010 0.0000000 0.1904907 0.2612563 0.2964299 0.3417725 0.3274501 0.3494898 0.4766867 1.3665819 1.8739123 
Beraby_Baby_sb334295                             1.4330962 1.4218038 1.4663598 2.1325409 2.0908559 1.6959177 1.3169625 1.3517061 1.2319958 1.2347434 1.1509240 1.2045314 1.2203196 1.1680810 1.1621363 1.1904924 1.2058030 1.2101807 1.2149562 1.2878886 1.2357890 1.8443047 1.1767650 1.2185007 1.5048487 1.3732546 1.4061693 1.3842112 1.4397053 1.4527904 1.5344766 1.3722895 1.3944452 1.3937190 1.4067982 1.3714715 1.1878674 1.2375321 1.2367306 1.2633279 1.2367698 1.2367698 1.2694080 1.3187624 1.5020631 1.5507445 0.3497105 0.3575961 0.2027326 0.2431182 0.1904907 0.1904907 0.0000000 0.3123672 0.3605075 0.4516764 0.4278574 0.4243532 0.4882812 1.4317903 2.0825089 
Drygla_Dgla_sb289749                             1.3133156 1.2961076 1.3449579 2.0241352 1.9897167 1.7736291 1.1946784 1.3260991 1.2555515 1.1666947 1.1473494 1.0960855 1.2186974 1.1986344 1.2172849 1.1817261 1.1854132 1.1609421 1.2019790 1.2338054 1.2308556 1.7983797 1.2385406 1.1683165 1.4060535 1.3633709 1.3413007 1.3432242 1.5189211 1.4890517 1.5205790 1.2585789 1.3464212 1.4064967 1.4200346 1.3591004 1.1749995 1.2488838 1.1790008 1.2053643 1.1793972 1.1793972 1.2565287 1.4615082 1.5695379 1.6687937 0.3214083 0.3217570 0.2967871 0.3867410 0.2612563 0.2612563 0.3123672 0.0000000 0.3983926 0.4185130 0.4320167 0.4588013 0.5697922 1.2658584 2.1299163 
Lampan_Lpan_10873_01                             1.3777545 1.3553282 1.3570419 1.8909965 1.8183837 1.4539920 1.2553843 1.2513723 1.2400062 1.2079862 1.1786346 1.2335080 1.1613703 1.1875988 1.1769141 1.1278086 1.0305122 1.2459615 1.1980743 1.2974717 1.3017739 1.8356991 1.1943774 1.1898802 1.4037713 1.4813004 1.4658704 1.4393914 1.4703074 1.3569363 1.4410169 1.4184368 1.4057199 1.4016821 1.4243612 1.2824117 1.1274101 1.1026356 1.1366217 1.1074866 1.1115663 1.1115663 1.0945271 1.4859986 1.5134622 1.5085334 0.3999368 0.3915682 0.3645716 0.3732304 0.2964299 0.2964299 0.3605075 0.3983926 0.0000000 0.4628443 0.4441382 0.4421980 0.5970413 1.4215105 1.9486714 
Vmul_sbMO460189                                  1.4987163 1.5775153 1.5094425 2.5323339 2.6569288 2.1272298 1.4438259 1.3684479 1.3523118 1.2935938 1.3176945 1.4049505 1.3842637 1.3201363 1.3340785 1.3167377 1.2332899 1.3548521 1.2598761 1.4212515 1.3219974 1.8494852 1.2913757 1.3765014 1.6876888 1.4383938 1.4206188 1.4437436 1.6812286 1.5522124 1.6659771 1.4945810 1.5500293 1.4333776 1.4402850 1.5694201 1.3676462 1.4103593 1.4062177 1.3916416 1.3948238 1.3948238 1.4320990 1.7283961 1.7126442 1.6154711 0.4253303 0.4230067 0.4433707 0.4685162 0.3417725 0.3417725 0.4516764 0.4185130 0.4628443 0.0000000 0.2268490 0.5312888 0.7282943 1.4261607 2.5226610 
Coemet_Cmet_scaffold11250_01                     1.3646922 1.3925432 1.3799320 2.4131461 2.6334201 2.1491039 1.4252589 1.2986227 1.2687038 1.2080984 1.2343657 1.2592075 1.1838340 1.2790314 1.2959954 1.2116292 1.1538776 1.3274172 1.2405973 1.3993987 1.3293491 1.9113351 1.1657266 1.2421102 1.6256021 1.4050623 1.3662653 1.3173450 1.5274174 1.4065699 1.5009121 1.4404040 1.2760786 1.3465796 1.3534736 1.5241177 1.3449729 1.3866676 1.3750458 1.3784532 1.3888036 1.3888036 1.4223097 1.5746462 1.6306844 1.5318582 0.3978467 0.3984951 0.4728602 0.4618719 0.3274501 0.3274501 0.4278574 0.4320167 0.4441382 0.2268490 0.0000000 0.5237693 0.7188509 1.2632775 2.3513133 
Eupdun_Edun_sb10642442                           1.2398364 1.1888915 1.1934831 2.0098201 1.9415009 1.6681089 1.1565987 1.2077608 1.1833996 1.0568280 0.9920350 1.1584261 1.1321489 1.1386234 1.1179295 1.0977315 1.0427516 1.1255539 1.2020356 1.1135518 1.1923728 1.8694804 1.1309330 1.1449135 1.3406756 1.4009865 1.3712237 1.3540683 1.3328092 1.2973976 1.4097439 1.1918365 1.3404849 1.3699677 1.3711059 1.2875681 1.1215141 1.2253549 1.1521583 1.2009010 1.1378003 1.1378003 1.2323969 1.3516668 1.4448690 1.4536778 0.4436757 0.4395268 0.3400681 0.3829315 0.3494898 0.3494898 0.4243532 0.4588013 0.4421980 0.5312888 0.5237693 0.0000000 0.7140666 1.3631268 1.9465976 
Mlei_ML2856.g10.i1                               1.6778897 1.6486950 1.7136840 2.5440344 2.8104014 2.3349623 1.4312574 1.3074879 1.4035348 1.3465474 1.3676157 1.3824110 1.2854343 1.2498960 1.2232357 1.2140426 1.3206710 1.3175540 1.2999859 1.4015868 1.3189394 2.0673689 1.3440192 1.3884022 1.8163646 1.5458878 1.5522005 1.6400839 1.5938952 1.5493485 1.6327762 1.4945608 1.6434600 1.4802987 1.5111447 1.4293760 1.3400214 1.5085298 1.3769603 1.4199846 1.3807109 1.3807109 1.4339807 1.5394844 1.7676118 1.6961465 0.5708065 0.5719036 0.4043504 0.5131688 0.4766867 0.4766867 0.4882812 0.5697922 0.5970413 0.7282943 0.7188509 0.7140666 0.0000000 1.2645549 3.3813545 
Ocar_g6790                                       0.9550880 0.9429340 0.9013909 1.0994414 1.1527695 0.8962559 0.8558050 0.9003400 0.9758517 0.9236658 0.9506232 0.2739955 0.5919828 0.9382912 0.9416977 0.8735277 0.7110554 0.9219102 0.9219327 0.9993323 0.8344194 1.2464167 0.8856936 0.9398262 0.9444065 0.9784734 0.9220819 0.9176850 1.1050780 0.9536854 1.1254207 0.9103144 0.9989614 1.0063389 1.0035188 1.1759440 1.0153759 0.8218154 0.9925468 0.8852118 1.0058888 1.0058888 0.8535482 0.9139607 1.3776509 0.8884329 1.3337755 1.3536905 1.2812192 1.3020322 1.3665819 1.3665819 1.4317903 1.2658584 1.4215105 1.4261607 1.2632775 1.3631268 1.2645549 0.0000000 0.8079366 
