92
Lcom_lcpid33266                                       0.0000000 0.5803509 0.4276160 0.5818875 0.6391855 1.6308947 1.8970642 1.6469241 1.6759208 1.8417825 1.7191342 1.6457093 1.6205548 1.9916937 1.7671470 2.1473306 1.9685511 1.6710407 1.8410517 1.9044550 2.3245002 1.9088139 2.0468328 1.9567346 1.8176923 1.9951277 3.3197950 2.1915593 3.6574815 1.8908657 2.0335444 2.1852868 1.9356910 2.2596944 1.7743359 2.5180878 1.7536318 1.9111281 1.7544710 1.8377277 1.9827210 1.9978452 1.9475544 1.9569580 1.9478109 2.0102381 1.9670990 2.2020639 2.6110465 2.1633786 4.1328260 1.8105037 1.8782296 1.9414159 2.2843227 1.9586753 2.3570650 3.0216168 3.0467162 3.0723293 2.2741666 3.0137273 2.9951848 2.6648415 2.6286917 1.8567180 2.4390436 2.7959581 3.1244238 2.8624991 2.4158984 3.7129996 3.0594840 2.7513241 3.0182944 3.7805930 2.9951675 2.2976312 2.2522804 2.1738505 2.0581101 2.0221661 2.9003006 2.2773809 2.2907030 2.1965155 1.9122641 3.0117328 1.5159052 2.7942434 3.3437277 2.4582980 
Gracom_Gcom_C561130_01                                0.5803509 0.0000000 0.3744757 0.4675597 0.4992420 1.5979649 2.1653894 1.7753288 1.6152444 1.7809406 1.6496044 1.6478921 1.6392863 1.9065263 1.6574809 2.0641270 1.8000853 1.8194180 1.7526300 1.8366234 1.8759809 1.8584168 1.9620813 1.9640154 1.7970671 1.9374540 1.9276806 2.0091103 3.5160523 1.9067300 1.9889847 2.0259494 1.9785357 1.8663563 1.6881501 2.3792866 1.8292879 1.6843179 1.7970354 1.8351361 2.0145447 1.9821763 1.9673981 1.9787223 2.0278319 1.9907532 1.9466042 2.0475344 2.4158321 2.0342056 3.0963425 1.7597756 1.8871779 1.8893950 2.1987320 1.9095623 2.3256772 2.8981471 2.9715118 3.0185780 2.2189515 2.7910569 2.8077806 2.5790018 2.5222303 1.7987744 2.2904538 2.5121868 2.6698370 2.6351364 2.4095165 3.5843315 2.8795245 2.5675065 2.7069579 2.8617947 2.7216366 2.2223681 1.7476051 1.9329564 2.0652032 1.9551415 2.7385842 2.2207456 2.2654501 2.2087797 2.0538315 2.8667373 1.2757859 2.6727058 3.3685675 2.7439196 
Leuniv_Lniv_C756096_01                                0.4276160 0.3744757 0.0000000 0.3177985 0.0000010 1.3305744 0.0000010 0.0000010 1.6778207 1.3544810 1.2738359 1.2348346 1.2549614 2.4435217 1.4977451 1.4706912 1.4094484 0.0000010 1.4128078 1.6346460 0.0000010 1.7874845 2.0531088 1.7582266 1.8385617 1.4996088 0.0000010 0.0000010 2.8428667 2.0094954 2.0810320 1.7823824 1.7273952 0.0000010 0.0000010 0.0000010 0.0000010 0.0000010 2.0587946 0.0000010 1.8166197 1.6693028 1.8009427 1.8009427 1.7158745 1.8424783 1.8424783 1.7663243 0.0000010 1.7947087 3.8994096 1.6502073 1.6903392 1.7971487 1.8573297 1.6264085 2.4013917 1.8805992 2.0185923 1.9937882 2.8399103 2.0258200 1.9729119 1.9921462 0.0000010 1.9170326 0.0000010 0.0000010 8.9141997 0.0000010 0.0000010 0.0000010 2.0119860 1.9676813 9.0000000 0.0000010 8.9141997 2.0857601 1.8037018 0.0000010 2.1211859 1.9390696 4.5632004 0.0000010 1.7209231 1.7899430 2.0364411 3.2419744 0.0000010 3.0102455 0.0000010 1.9415195 
Scil_scict004689.1                                    0.5818875 0.4675597 0.3177985 0.0000000 0.4988895 1.5455517 1.8229565 1.8663399 1.6493904 1.7558209 1.6698717 1.6935692 1.7002769 1.9054121 1.8833790 2.0838881 2.0554106 1.9595846 1.8268545 1.7985295 1.7724571 1.9111107 2.0560354 2.0920238 1.9290671 2.0133961 2.3112715 2.1464897 3.5772185 1.9354038 2.1062791 2.1897044 2.1035478 2.3801973 1.7008390 2.4971263 1.9667750 2.3798187 1.8295029 1.7641447 2.0723887 2.0717478 2.0650078 2.0564192 2.0596350 2.1193140 2.0323450 2.0982034 2.6014505 2.0827838 3.2029052 1.7977208 2.0202225 1.8933018 2.1565403 1.9240878 2.4085054 2.8085336 2.9321641 2.9736365 2.3057873 2.8672907 2.9025009 2.6557667 2.5202135 1.9664909 2.4413788 2.6703741 2.8586037 2.7160684 2.4608829 3.4304120 2.9334521 2.7018476 2.9327515 2.9994811 2.9538959 2.2268159 2.1919498 2.3449740 2.1910378 2.0077533 2.7320356 2.7052286 2.3851279 2.2648456 1.8847295 3.6384722 1.2724997 2.7570791 2.9267038 2.7733642 
Leuniv_Lniv_scaffold23318_01                          0.6391855 0.4992420 0.0000010 0.4988895 0.0000000 1.6182654 2.0938617 1.6622172 1.7480124 1.7884468 1.7492689 1.7629462 1.6940820 1.7175365 2.0633816 0.0000010 2.0412329 4.4934343 1.7345194 1.8798822 1.6848127 1.8364393 1.8782564 1.9252578 1.9957083 1.9868172 2.2117031 2.0273607 3.4987464 1.8101307 2.0423122 2.4331104 1.8357248 0.0000010 0.0000010 2.6653725 3.5516419 0.0000010 1.6758606 1.8821559 2.3616560 2.3690945 2.2902783 2.2997922 2.3186327 2.3218705 2.2096797 1.8806991 0.0000010 1.9792816 2.8080936 1.7658304 1.9911608 1.7884226 2.2554803 1.9325346 2.1389164 2.6735556 2.6817437 2.9351542 2.1082900 2.4616027 2.6551701 2.4782320 2.5414495 1.8507220 2.5601562 2.8693759 3.0199575 2.9447238 2.7566808 0.9983090 2.7263998 2.7866099 2.8481768 3.1675893 3.1858893 0.0000010 0.0000010 3.3335303 2.0032244 1.8696256 2.1316495 2.6595241 2.3625404 2.0415374 1.9634361 0.8982679 1.5127881 2.3977946 2.1542547 2.7760795 
Opea_EP00118_Oscarella_pearsei_P016238                1.6308947 1.5979649 1.3305744 1.5455517 1.6182654 0.0000000 0.0558525 0.2139137 0.9732140 1.4002477 1.3464357 1.3977373 1.3274462 1.3231327 1.5829057 1.5269943 1.4702809 1.7210589 1.4127191 1.4363625 1.6570176 1.5292073 1.6432540 1.6037321 1.6017619 1.3916996 1.3637910 1.7221525 3.1528505 1.6987213 1.8227847 1.8390189 1.5950813 1.5102551 1.7031958 2.1250238 1.7038932 1.5219804 1.7059597 1.4540529 1.6574698 1.6675589 1.6714852 1.6707120 1.6458555 1.6774277 1.6484412 1.8759691 2.6173501 1.7762620 2.1692562 1.4748049 1.4711932 1.6631587 1.7593080 1.5280866 1.8598690 3.1049643 3.0818620 3.1265360 2.4578648 2.7629520 2.8361095 2.8221148 2.6423231 2.0278512 2.4566597 2.6758991 2.9760846 2.6697665 2.4471338 3.4986862 3.1167107 2.7248166 2.8618913 3.0956213 3.0847986 2.8438170 2.5957131 1.5962163 1.5300432 1.7391503 2.2780061 1.9486761 2.1702322 1.7939772 1.6350580 2.5802135 1.4455315 2.3188942 3.3876474 2.3366513 
Ocar_g6644                                            1.8970642 2.1653894 0.0000010 1.8229565 2.0938617 0.0558525 0.0000000 1.7922667 1.3656155 1.9022894 1.8392958 1.9142549 1.7096946 1.7990688 5.2247189 0.0000010 1.9992867 3.7538924 1.6589455 1.9180284 2.1367938 2.0741723 2.2071148 1.9350820 2.7215874 1.5737584 5.1641860 2.0351055 2.7619713 1.8063455 1.8823989 2.6115801 3.3975069 0.0000010 0.0000010 2.1577336 3.5782388 0.0000010 2.3982295 1.3396419 2.5154785 2.5021725 2.4181124 2.4181124 2.5628526 2.3803933 2.3803933 2.2976663 0.0000010 1.9381787 2.4507852 1.9742598 1.7453642 1.9791900 2.0812713 1.7961029 2.3858657 3.4083849 3.5796481 3.5589752 0.0000010 3.0009410 3.4084046 3.6913091 3.6913091 0.0000010 3.0371015 2.9655920 3.1398275 2.8144977 1.6235038 0.0000010 4.0860185 3.4477646 3.3729787 3.3729787 3.4125420 0.0000010 0.0000010 0.0000010 0.0000010 2.1123035 2.2423764 0.0000010 2.8374102 1.7739118 0.8276803 0.0000010 1.7757757 2.3583156 2.2256819 3.2462087 
Opea_EP00118_Oscarella_pearsei_P016240                1.6469241 1.7753288 0.0000010 1.8663399 1.6622172 0.2139137 1.7922667 0.0000000 1.2184827 1.1019324 1.5016815 1.3424332 1.3658449 1.1019324 1.5404224 0.0000010 1.6417199 1.6058632 1.9720843 1.6444030 0.0000010 1.5175770 1.6758926 1.7759865 1.9192617 1.6259407 0.0000010 0.9677368 4.1534438 1.9774324 1.9645300 1.9141052 0.0000010 1.5102551 2.6451963 1.1485141 1.8846902 1.4636800 1.9080203 1.5728105 1.6037412 1.5248123 1.6774717 1.6774717 1.6009995 1.8263625 1.8263625 1.6068742 2.4269833 1.9571886 0.9326442 1.8158130 1.5508726 1.7909240 1.8340460 1.4628556 2.3208192 3.0577342 2.7781524 3.0113908 0.0000010 3.0746658 2.6400902 2.0666076 2.0666076 0.0000010 1.8107138 1.8107138 2.8173386 3.9775251 0.0000010 3.5218954 3.2331332 3.3424977 3.3424977 3.3424977 4.2193036 0.0000010 2.9342053 1.8736186 0.9925237 1.3225538 3.4451273 2.2970866 2.0674952 1.8408727 0.6609375 0.0000010 2.5455801 3.1652776 3.5814627 8.9983911 
Plajan_Pjan_C571676_01                                1.6759208 1.6152444 1.6778207 1.6493904 1.7480124 0.9732140 1.3656155 1.2184827 0.0000000 1.3959729 1.4060584 1.4637013 1.3919070 1.4250792 1.6949286 1.7183872 1.6334717 1.6337864 1.4315451 1.4963205 1.6640372 1.5940831 1.6213140 1.6212898 1.6443789 1.4877250 1.2782873 1.6932124 3.1088800 1.6469516 1.7729532 1.7726266 1.6989522 1.6273521 1.6319156 1.6932382 1.7608352 1.9814221 1.7262053 1.5341492 1.7651829 1.7822677 1.7962958 1.8013542 1.7622514 1.7156009 1.6560262 1.9427895 2.2120710 1.8651548 2.7529751 1.4851356 1.4853411 1.6377205 1.7811852 1.5842127 1.9012327 2.7688575 2.8469272 2.8484853 2.5211917 2.7513685 3.0133290 2.6690268 2.5710601 2.1684511 2.3880045 2.6495368 2.9990383 2.5181545 2.5331621 3.5522431 2.9820334 2.6000169 2.6076487 2.4668118 3.0993275 2.8603675 2.7760735 1.7012464 1.5927076 1.6775248 2.4791088 1.5392582 2.0998560 1.9387018 1.7272625 2.5157977 1.7095035 2.4098394 3.0179219 2.4001436 
Fspp_ffun1.m4.15269.m1                                1.8417825 1.7809406 1.3544810 1.7558209 1.7884468 1.4002477 1.9022894 1.1019324 1.3959729 0.0000000 0.1965737 0.2548539 0.2421428 0.2844316 0.5336753 0.4720314 0.5234604 1.0326784 0.7959359 0.8560019 1.1928611 1.2816426 1.3640522 1.3461761 1.3507564 1.2716525 1.3855506 1.3377532 2.3124216 1.0805638 1.3282338 1.8330825 1.6682387 0.0000010 0.0000010 1.8310349 3.7063177 0.9433000 1.4414887 0.5963620 1.5722130 1.6150139 1.5694378 1.5824104 1.5725120 1.5197164 1.5023723 1.7815595 0.0000010 1.6851537 1.8529693 1.3603393 1.2718449 1.6417795 1.5430181 1.4763269 1.7756619 2.4810273 2.4936878 2.6589209 2.7044823 2.3662718 2.6040010 2.5855250 2.4659495 2.0715092 2.1503621 1.9763858 2.0829056 2.4863586 2.3983222 1.3622308 2.7298642 2.4314759 2.5500644 2.3393677 2.9085465 2.4716874 2.1407968 0.4459842 1.4207575 1.6242771 1.8198962 0.4056731 2.1728244 1.7282098 1.4462140 2.4969500 1.7704961 2.3509003 2.4233291 2.4565359 
Gasp_gasp1.m3.13241.m1                                1.7191342 1.6496044 1.2738359 1.6698717 1.7492689 1.3464357 1.8392958 1.5016815 1.4060584 0.1965737 0.0000000 0.2826846 0.2667376 0.2848598 0.4864479 0.5947852 0.5117292 0.4778998 0.7733067 0.8810603 0.9493766 1.2550744 1.3731255 1.3539663 1.2903895 1.2431664 1.1459727 1.3616721 2.4934523 1.1158031 1.2613279 1.6325830 1.7151121 1.5702929 1.2306535 1.7831547 1.6646014 1.7385729 1.5244937 1.3796081 1.4650249 1.4804580 1.5004612 1.5048976 1.4674728 1.4957986 1.4634131 1.7502239 1.9909359 1.6819885 2.0705017 1.2075374 1.2635790 1.4632827 1.5776355 1.3747288 1.6852153 2.8490167 2.9040814 2.9713674 2.4792328 2.7356183 2.7033056 2.5723190 2.4399060 1.8892105 2.2855342 2.1715735 2.2433022 2.5256281 2.5015227 3.3397766 2.9481628 2.4684563 2.5753237 2.3996478 3.0328559 2.3239495 2.0633386 1.3612418 1.3069145 1.5149354 2.2451396 1.5123119 2.0389227 1.7293409 1.3123484 2.4881922 1.8112369 2.2832932 3.0928201 2.4427336 
Spis_XP_022780443_1                                   1.6457093 1.6478921 1.2348346 1.6935692 1.7629462 1.3977373 1.9142549 1.3424332 1.4637013 0.2548539 0.2826846 0.0000000 0.1146522 0.3419025 0.5554870 0.6633632 0.5793604 0.5115910 0.8334989 0.9321653 1.2622613 1.2821266 1.4406111 1.4227234 1.3026044 1.3530159 1.3452572 1.4919600 2.7434877 1.1847527 1.3387902 1.6670744 1.7659710 1.5388795 1.1483864 1.8497552 1.6201979 1.7429405 1.5491852 1.4523029 1.5228126 1.5533286 1.5558741 1.5563848 1.5223281 1.5255328 1.4731339 1.7987990 1.9604766 1.7570954 2.2760713 1.3029627 1.3124202 1.5779367 1.6568422 1.4426884 1.7418808 2.9117697 2.9943699 3.0331519 2.6547790 2.8703776 2.8956882 2.8178989 2.5431339 2.0876073 2.1970991 2.1436382 2.3309314 2.4995704 2.3635387 3.4471154 3.1395157 2.5774322 2.6357217 2.6318261 3.2524404 2.8124320 2.5806963 1.5566047 1.3701159 1.6019492 2.3484035 1.7510410 2.0562533 1.7976932 1.4281601 2.7204471 1.7828538 2.4331398 3.3549058 2.4017438 
Pocdam_XM_027198427.1                                 1.6205548 1.6392863 1.2549614 1.7002769 1.6940820 1.3274462 1.7096946 1.3658449 1.3919070 0.2421428 0.2667376 0.1146522 0.0000000 0.2927140 0.5461746 0.6155911 0.5445516 0.5116236 0.7918396 0.8951431 0.7365159 1.2594102 1.4430293 1.4323559 1.3213609 1.2946467 0.8865296 1.3472515 3.0719516 1.1878667 1.3208725 1.6510242 1.7168112 1.5688917 1.1867343 1.8882022 1.6088913 1.6699155 1.5181849 1.5186126 1.4474358 1.4687476 1.4670171 1.4681555 1.4595934 1.4714477 1.4119085 1.7939716 2.0298099 1.6912273 2.2870322 1.2766318 1.2664389 1.5132619 1.6195724 1.3948597 1.7315989 2.9417112 3.0499077 2.9747941 2.7851118 2.8658724 2.9194353 2.8521769 2.5540258 2.1352552 2.2092165 2.1233593 2.2583151 2.5818454 2.3979300 3.4176474 3.2106915 2.6093669 2.7078246 2.6365114 3.0801952 2.7802507 2.5963139 1.6093293 1.3729314 1.5240791 2.2895680 1.8353064 2.0236323 1.7553032 1.4137000 2.5965788 1.7502709 2.4153928 3.2550687 2.2319860 
Gfas_gfas1.m1.21008.m1                                1.9916937 1.9065263 2.4435217 1.9054121 1.7175365 1.3231327 1.7990688 1.1019324 1.4250792 0.2844316 0.2848598 0.3419025 0.2927140 0.0000000 0.6155542 3.2801253 0.5048439 2.4846475 0.7894029 0.9181889 1.0543447 1.2301535 1.3282839 1.2598482 1.3734348 1.1398475 1.0598006 1.2782768 1.8549760 1.1178169 1.3786063 2.1114582 1.8723326 0.0000010 0.0000010 1.8467310 4.2291481 0.0000010 1.4061867 1.2337363 1.6012939 1.6071377 1.6210184 1.6281644 1.7212685 1.5188356 1.4782001 1.6447907 0.0000010 1.4970602 1.6754492 1.2692152 1.1944866 1.4483232 1.4882556 1.3344513 1.6384644 2.4031406 2.4240991 2.5359212 2.7345248 2.3425114 2.5288881 2.5573547 2.4809657 3.3076761 2.2661046 2.1045022 2.2824035 2.4825111 2.4581259 1.6216649 2.6570171 2.5166757 2.6103809 2.2246301 2.7322159 0.0000010 0.0000010 1.7369950 1.3693255 1.5196765 1.5108668 1.2381009 2.0125340 1.5820995 1.1946880 1.1922004 1.8780603 2.0781191 2.3743580 2.3993522 
Amil_Amillepora02908-RA                               1.7671470 1.6574809 1.4977451 1.8833790 2.0633816 1.5829057 5.2247189 1.5404224 1.6949286 0.5336753 0.4864479 0.5554870 0.5461746 0.6155542 0.0000000 0.0151342 0.0802567 0.3376308 0.9694068 1.1288259 3.2797452 1.3984645 1.5667855 1.5879461 1.4494565 1.5185760 0.0000010 2.9569134 3.9600758 1.4277089 1.3966666 1.7176883 1.7906828 1.6575170 1.2237301 2.3816979 1.6297096 1.8567675 1.7913733 1.5938332 1.5570371 1.5657464 1.5658149 1.5687893 1.4911175 1.5367564 1.5340150 1.9601832 1.9904067 1.9998030 3.2306715 1.3381367 1.4133034 1.7319107 1.9300106 1.6275639 1.9278789 3.3647274 3.4933863 3.3962632 3.1398451 3.1913767 3.1854555 3.2098307 3.5583003 2.2314144 3.5535025 5.1225179 4.5004898 3.4183833 3.3027625 3.3112912 3.4999600 2.9451145 3.5214488 4.7943256 4.1184433 2.5202360 2.5719759 1.6618571 1.5042885 1.6248507 3.0947854 1.6934744 2.1228615 2.1385556 1.4296570 2.4468074 3.5550727 2.6838892 3.1768729 2.4723748 
Adig_XM_015895016.1                                   2.1473306 2.0641270 1.4706912 2.0838881 0.0000010 1.5269943 0.0000010 0.0000010 1.7183872 0.4720314 0.5947852 0.6633632 0.6155911 3.2801253 0.0151342 0.0000000 0.0434251 0.4347124 1.0259569 1.1246784 0.0000010 1.7022098 1.7432367 1.8358714 2.0557073 1.7084450 0.0000010 0.0000010 2.8653084 1.6521587 1.5834007 1.9099689 1.9237903 0.0000010 0.0000010 0.0000010 0.0000010 0.0000010 1.7756634 0.0000010 1.5587403 1.5815835 1.5284634 1.5284634 1.4118265 1.6050773 1.6050773 2.3671309 0.0000010 2.2601760 2.2388285 1.5335542 1.5599592 1.9373283 1.8842601 1.8113522 2.2402482 2.9820397 3.0824694 3.0643167 2.8355196 2.6541105 2.7001283 2.6123329 0.0000010 1.7901716 0.0000010 0.0000010 0.0000010 0.0000010 0.0000010 5.3885284 3.3539297 2.5005403 0.0000010 0.0000010 0.0000010 2.5209534 2.4375760 0.0000010 1.6561381 1.9561545 4.7298995 0.0000010 1.9859326 1.9814856 1.8087781 2.6607183 0.0000010 3.6437143 0.0000010 1.4068431 
Adig_XM_015895893.1                                   1.9685511 1.8000853 1.4094484 2.0554106 2.0412329 1.4702809 1.9992867 1.6417199 1.6334717 0.5234604 0.5117292 0.5793604 0.5445516 0.5048439 0.0802567 0.0434251 0.0000000 0.5613535 0.9110460 1.0934356 1.1250103 1.4978887 1.5494241 1.6015154 1.5127965 1.3275863 1.4364654 1.5741296 2.8226958 1.3649910 1.4748198 1.8610079 1.9557142 1.7230933 1.3831281 2.2505818 1.9901842 2.2920582 1.8403347 1.6620820 1.6683848 1.6929916 1.6913001 1.6950417 1.5760300 1.5645312 1.5337256 1.9698285 2.0825615 1.8606783 2.2497604 1.3616907 1.4397282 1.7011438 1.8079506 1.5824144 1.7643872 2.9287659 3.0687107 3.0765177 3.3427007 2.7920224 2.9306823 2.9224232 2.6539101 2.2210576 2.2781629 2.1155207 2.2633308 2.5812056 2.4628707 2.8426546 3.1164209 2.6796373 2.6394841 2.4910491 3.0694252 2.7127043 2.5201336 1.9299513 1.6728187 1.7285748 2.4445195 1.6553533 2.0707342 1.9238713 1.5683784 2.3747564 1.9158630 2.5242155 2.7344631 2.3318498 
Gfas_gfas1.m1.8568.m1                                 1.6710407 1.8194180 0.0000010 1.9595846 4.4934343 1.7210589 3.7538924 1.6058632 1.6337864 1.0326784 0.4778998 0.5115910 0.5116236 2.4846475 0.3376308 0.4347124 0.5613535 0.0000000 0.9889337 1.2185279 3.2453245 1.4151693 1.5443683 1.5517213 1.4489809 1.6184778 4.2518323 3.0688079 4.3701525 1.5099335 1.5860135 1.5499859 2.2710559 1.1966375 1.1866885 2.7409428 1.4068834 1.5332012 1.5160857 1.5262251 1.6621999 1.6990402 1.6951860 1.6978128 1.6659687 1.6780702 1.6447536 1.9927278 1.9081914 2.0347446 3.1286070 1.4762200 1.3630465 1.7708179 2.0571855 1.5447569 2.1166483 4.0727397 3.9209189 4.0066552 4.6345372 3.7457887 3.6128085 6.8355456 5.9577793 0.0000010 4.3607967 4.2959844 5.0556579 5.8220489 5.2088282 3.2124574 4.3538628 5.5030799 5.8767354 5.5987591 6.0824001 5.9031907 3.7982142 1.6141935 0.8433472 1.7476912 3.9628316 2.0490998 2.5044850 2.0992967 1.2229157 2.7289374 3.0272542 3.0660298 2.8164131 3.8734816 
Exapal_XM_021058704.1                                 1.8410517 1.7526300 1.4128078 1.8268545 1.7345194 1.4127191 1.6589455 1.9720843 1.4315451 0.7959359 0.7733067 0.8334989 0.7918396 0.7894029 0.9694068 1.0259569 0.9110460 0.9889337 0.0000000 0.8486476 1.2783414 1.3060261 1.4217179 1.3930142 1.4567218 1.4051791 1.0813281 1.3218147 2.7195222 1.1990117 1.2816250 1.6289311 1.7771528 1.2763736 1.4535278 1.3701799 1.5254222 1.4529508 1.4756510 1.3941352 1.5640879 1.5806512 1.6017399 1.6083367 1.5714570 1.6086845 1.5519417 1.9042681 1.8139287 1.8466727 2.0886794 1.3067518 1.3615365 1.6181227 1.7447241 1.4377689 1.7215993 2.8965718 2.9175738 2.9921698 2.3670565 2.6220489 2.6722552 2.3976439 2.2940793 2.0319657 1.9805061 1.9630985 2.3603662 2.3813108 2.3134826 3.0279650 2.9696766 2.3695711 2.4017822 2.2486075 2.7618358 1.9936887 2.1346590 1.4105491 1.2365504 1.6089747 2.3425398 1.8770623 2.1285704 1.8392491 1.5441962 2.4432937 1.7353453 2.3481384 2.6725072 2.4260410 
Nvec_v1g167381                                        1.9044550 1.8366234 1.6346460 1.7985295 1.8798822 1.4363625 1.9180284 1.6444030 1.4963205 0.8560019 0.8810603 0.9321653 0.8951431 0.9181889 1.1288259 1.1246784 1.0934356 1.2185279 0.8486476 0.0000000 1.3100365 1.5229642 1.6291227 1.5767761 1.5675835 1.5100080 1.6146671 1.4666139 2.7735427 1.2234295 1.4118835 1.7850150 1.9086601 1.5628632 1.5095074 1.9590471 1.8088024 1.9309736 1.7395416 1.5200632 1.6645796 1.6979814 1.6595037 1.6647009 1.6454072 1.6987378 1.6730168 1.7997458 1.8665676 1.8111319 2.3273059 1.4142371 1.5088120 1.5695878 1.6758747 1.5237900 1.7960582 2.8767374 2.9501187 3.0208880 2.6237419 2.7113214 2.8625777 2.7534324 2.6749201 2.2431403 2.3473963 2.3096135 2.5786989 2.3865620 2.3886207 2.9473607 2.8004929 2.5199479 2.5541910 2.5290046 2.6051896 2.4211284 2.4488240 1.7616064 1.4915878 1.7562204 2.3326461 1.5962097 2.1906917 1.8759260 1.7104036 2.3637493 1.8868042 2.2208307 2.6238647 2.3678403 
Aaur_scaffold92.g12.t1                                2.3245002 1.8759809 0.0000010 1.7724571 1.6848127 1.6570176 2.1367938 0.0000010 1.6640372 1.1928611 0.9493766 1.2622613 0.7365159 1.0543447 3.2797452 0.0000010 1.1250103 3.2453245 1.2783414 1.3100365 0.0000000 0.8225270 0.6739738 0.7007334 3.6658100 1.1819990 1.4425440 1.2356078 1.6251027 1.1001723 2.0200183 1.7355755 0.0000010 0.0000010 0.0000010 1.5583071 0.0000010 0.0000010 3.4944081 0.0000010 1.6670746 1.6672624 1.6095170 1.6095170 1.4125488 1.4166597 1.1304431 1.4069761 0.0000010 1.4581710 1.3101122 1.4281919 0.6900132 1.2048564 1.5618442 1.6795931 1.6546360 2.9384006 3.0360978 3.5360936 0.0000010 3.1149443 2.5165253 2.6075382 2.6075382 0.0000010 2.6401354 2.5095865 2.8391471 2.5588137 0.0000010 0.0000010 2.8540334 2.3698391 2.4045952 2.4045952 3.3018739 0.0000010 0.0000010 3.3335303 1.9306723 1.4519854 1.1289400 1.7621629 2.0047888 1.5495459 0.0000010 1.3302031 1.8580740 1.9243544 4.6719249 2.9709980 
Sanmal_Sma_017736-T1                                  1.9088139 1.8584168 1.7874845 1.9111107 1.8364393 1.5292073 2.0741723 1.5175770 1.5940831 1.2816426 1.2550744 1.2821266 1.2594102 1.2301535 1.3984645 1.7022098 1.4978887 1.4151693 1.3060261 1.5229642 0.8225270 0.0000000 0.8415041 0.8122190 0.6972421 1.6795030 1.8929557 1.5434379 2.9783449 1.4879692 1.6906531 1.8618014 1.8221050 1.8480825 1.5734637 2.0953735 1.7474192 1.9227517 1.6106428 1.2557840 1.7606781 1.7709590 1.7933820 1.7941785 1.7423932 1.7080946 1.6630985 1.7908636 1.9672219 1.8767950 2.5651215 1.5790049 1.6030831 1.7931959 1.9437225 1.7211636 1.8525889 2.9773271 3.0475021 3.0272885 2.6945002 2.9211928 2.9680010 2.6547319 2.3676953 2.4508031 2.1979158 2.2169778 2.3783890 2.6167242 2.3117063 3.4342881 3.0575693 2.5802231 2.4789916 2.5226612 2.8108512 2.5148606 2.2699778 1.1218091 1.4488431 1.3191991 2.2137180 1.9912422 2.1569719 2.0556809 1.3358526 2.3203858 1.8285699 2.4700464 3.6706518 2.4194433 
Nemnom_g14118.t1                                      2.0468328 1.9620813 2.0531088 2.0560354 1.8782564 1.6432540 2.2071148 1.6758926 1.6213140 1.3640522 1.3731255 1.4406111 1.4430293 1.3282839 1.5667855 1.7432367 1.5494241 1.5443683 1.4217179 1.6291227 0.6739738 0.8415041 0.0000000 0.2726263 0.6434899 1.7942165 2.2835768 1.7482002 3.4971501 1.5678221 1.7656287 1.9039329 2.1163948 1.7285623 1.4603272 2.4344565 1.9492833 1.9999825 1.8009333 1.2807769 1.8643819 1.8872460 1.8849508 1.8887417 1.8397148 1.8160313 1.7792307 2.0041385 2.1390290 2.0660180 2.3797989 1.6479830 1.6670814 1.7839452 1.9407825 1.7674312 2.0502552 2.9899959 3.0772738 3.0809727 2.2942192 2.9827329 2.9322287 2.7243675 2.6699145 2.3900251 2.4410827 2.8606906 2.9180498 2.6493112 2.1769948 3.2520552 3.2573975 2.6802857 2.7223918 2.9298200 3.6589551 2.6319612 2.2657316 1.2355749 1.6510920 1.5411932 2.3312672 2.0544872 2.2337982 2.1910610 1.5615246 2.4110381 1.8855048 2.6042240 3.3335538 2.5796577 
Rhoesc_Res_002594-T1                                  1.9567346 1.9640154 1.7582266 2.0920238 1.9252578 1.6037321 1.9350820 1.7759865 1.6212898 1.3461761 1.3539663 1.4227234 1.4323559 1.2598482 1.5879461 1.8358714 1.6015154 1.5517213 1.3930142 1.5767761 0.7007334 0.8122190 0.2726263 0.0000000 0.6638953 1.7591228 1.8788652 1.5140027 3.1367890 1.5576746 1.7999116 1.9189673 2.0891754 1.9316605 1.3828290 2.2138352 1.9780790 2.2686147 1.7933860 1.3208676 1.8967149 1.9399643 1.9340399 1.9365011 1.8827974 1.8420817 1.8017162 1.9927670 2.1918331 2.0565305 2.4359511 1.6538686 1.6931439 1.7904790 1.9424306 1.7648502 1.9577841 3.1056975 3.2093573 3.1858165 2.5108272 3.0606948 2.9496026 2.7231361 2.6272516 2.4158708 2.3786949 2.5546742 2.7887402 2.8288189 2.3879541 3.4890117 3.3184528 2.8416195 2.8419250 2.9933216 3.4164485 2.7298343 2.3725430 1.3469429 1.4854567 1.5667357 2.2297399 2.2673122 2.1963427 2.1398292 1.4962759 2.5303912 1.9714449 2.6084255 3.7276957 2.4068425 
Aaur_scaffold92.g13.t2                                1.8176923 1.7970671 1.8385617 1.9290671 1.9957083 1.6017619 2.7215874 1.9192617 1.6443789 1.3507564 1.2903895 1.3026044 1.3213609 1.3734348 1.4494565 2.0557073 1.5127965 1.4489809 1.4567218 1.5675835 3.6658100 0.6972421 0.6434899 0.6638953 0.0000000 1.7738850 3.4205325 4.0718754 4.3800417 1.5566235 1.5166208 1.8673692 2.0492192 1.8454230 1.4899937 1.7766589 1.7417584 1.9268455 1.5389913 1.2591201 1.8746397 1.9279121 1.9018169 1.9254574 1.9078208 1.8177684 1.7642131 1.9079527 1.8577261 1.9319778 4.3294785 1.4897080 1.6445873 1.8339534 1.9123764 1.7055722 2.0025482 3.1241588 3.2492884 3.1581129 2.4454406 3.1075672 3.0279250 3.0226313 2.5626551 2.8052215 2.4462822 2.9332950 3.3818676 2.7189314 2.1844473 3.3586140 3.2367414 2.9384612 2.8337297 3.6747636 3.6782614 3.1544276 3.0032505 1.2084677 1.5370706 1.4196405 2.2249085 2.1430122 2.3719010 2.1338927 1.1780740 2.7735362 1.9035071 2.5580752 3.6046747 2.5247828 
Spur_XM_030976383.1                                   1.9951277 1.9374540 1.4996088 2.0133961 1.9868172 1.3916996 1.5737584 1.6259407 1.4877250 1.2716525 1.2431664 1.3530159 1.2946467 1.1398475 1.5185760 1.7084450 1.3275863 1.6184778 1.4051791 1.5100080 1.1819990 1.6795030 1.7942165 1.7591228 1.7738850 0.0000000 1.1942044 1.1078967 2.6895894 1.5091114 1.6982803 1.8511666 1.8209032 2.4080359 1.3185570 1.7328268 1.8491460 2.2250246 1.6426212 1.8466130 1.7246118 1.7511759 1.7661787 1.7565955 1.7358119 1.7881429 1.7389253 1.9583225 2.0848320 1.8696384 2.2141953 1.2896019 1.3376219 1.4436062 1.6264870 1.4542957 1.6948211 3.2743711 3.2555283 3.3386303 2.8155287 2.9534170 2.9083271 2.8194027 2.6459412 1.9814006 2.4987382 2.3352472 2.5523656 2.5880693 2.4693857 3.5725847 3.1320318 2.6104115 2.7217084 2.7071136 2.8514471 2.7421388 2.7082644 1.9975699 1.7341008 1.8510896 2.4388637 2.5489134 2.1110481 1.8899557 1.8528331 2.4804866 1.7154252 2.4039620 3.4545972 2.3275521 
Skow_XM_002740503.2                                   3.3197950 1.9276806 0.0000010 2.3112715 2.2117031 1.3637910 5.1641860 0.0000010 1.2782873 1.3855506 1.1459727 1.3452572 0.8865296 1.0598006 0.0000010 0.0000010 1.4364654 4.2518323 1.0813281 1.6146671 1.4425440 1.8929557 2.2835768 1.8788652 3.4205325 1.1942044 0.0000000 1.2182426 1.0853773 1.3906532 4.6283082 1.3508610 0.0000010 0.0000010 0.0000010 0.0000010 0.0000010 0.0000010 0.0000010 0.0000010 1.7126357 1.7510421 1.6590348 1.6590348 1.5303361 1.9388748 1.5701284 1.6495478 0.0000010 1.5074815 1.6401931 1.2082055 0.0000010 1.3044806 1.6377261 1.5226905 1.5485057 2.5693949 2.6859005 3.5146221 0.0000010 2.8874328 2.1357294 3.1915195 3.1915195 0.0000010 2.9178644 2.6604431 3.0144410 2.1602934 0.0000010 0.0000010 2.8524843 2.0651515 2.2276598 2.2276598 4.1307056 0.0000010 0.0000010 1.7369950 1.7245007 1.3147841 1.9860754 1.1491950 2.2535306 1.9169615 0.0000010 1.4250674 1.6075391 1.4187457 0.0000010 3.7797502 
Stycar_maker-SC_scaffold7554-augustus-gene-0.8-mRNA-1 2.1915593 2.0091103 0.0000010 2.1464897 2.0273607 1.7221525 2.0351055 0.9677368 1.6932124 1.3377532 1.3616721 1.4919600 1.3472515 1.2782768 2.9569134 0.0000010 1.5741296 3.0688079 1.3218147 1.4666139 1.2356078 1.5434379 1.7482002 1.5140027 4.0718754 1.1078967 1.2182426 0.0000000 0.8749902 1.4909621 2.5718375 1.1669057 1.8421689 0.0000010 0.0000010 1.1129350 1.1948747 0.0000010 1.3948164 0.9859592 1.5860682 1.5678192 1.5951435 1.5951435 1.6327193 1.4521172 1.2930671 1.2668562 0.0000010 1.2001521 2.0825071 1.6059219 1.5353568 1.7214079 1.8819611 1.6222837 1.9936586 2.4956918 2.4896945 3.1315345 0.0000010 2.3222347 2.3140261 2.4677223 2.4677223 0.0000010 1.9765606 1.9581694 2.2186846 2.3774413 0.0000010 0.0000010 2.5606993 1.9998824 2.0673203 2.0673203 2.1072057 0.0000010 0.0000010 2.3482163 2.5870925 2.2685043 1.8395607 1.8208268 2.2966568 2.0903341 0.9131443 0.9448637 2.2453243 2.4927816 1.0225125 2.7170208 
Tetwil_g20683.t2                                      3.6574815 3.5160523 2.8428667 3.5772185 3.4987464 3.1528505 2.7619713 4.1534438 3.1088800 2.3124216 2.4934523 2.7434877 3.0719516 1.8549760 3.9600758 2.8653084 2.8226958 4.3701525 2.7195222 2.7735427 1.6251027 2.9783449 3.4971501 3.1367890 4.3800417 2.6895894 1.0853773 0.8749902 0.0000000 2.9181708 3.4546766 2.9437417 4.3939503 5.3863165 4.0843740 2.2263572 4.6235208 4.5883729 4.5302783 4.1350645 3.0963382 3.1449700 3.1392438 3.1213379 3.1596654 3.1454446 3.1198121 3.2529868 5.3432575 2.7758209 2.6801190 2.9139802 3.6097857 3.1272461 2.8325949 3.0889863 3.2369004 5.0835059 4.9803481 5.3943959 3.8006731 4.2545769 4.6562996 3.7723290 3.8921482 3.1460883 3.5711475 3.6914094 3.7471484 4.4705879 8.9999989 8.9999988 4.6057504 4.1647578 4.3301351 3.6605174 4.4337276 3.1395966 2.5641279 3.7219930 3.5553166 3.0835586 3.7955530 3.7734151 3.5421190 3.6512234 2.5196946 1.9913829 3.1167180 4.0438822 8.0184393 4.1913679 
Dgig_XM_028552368.1                                   1.8908657 1.9067300 2.0094954 1.9354038 1.8101307 1.6987213 1.8063455 1.9774324 1.6469516 1.0805638 1.1158031 1.1847527 1.1878667 1.1178169 1.4277089 1.6521587 1.3649910 1.5099335 1.1990117 1.2234295 1.1001723 1.4879692 1.5678221 1.5576746 1.5566235 1.5091114 1.3906532 1.4909621 2.9181708 0.0000000 0.5616513 1.9793901 2.1335254 1.7957405 1.7021336 2.0261171 1.7863589 1.7725563 1.6333686 1.5411986 1.6758969 1.6868959 1.6815251 1.6907670 1.6385439 1.6596964 1.6250269 2.0623235 2.2061798 1.8571994 2.4763673 1.5653794 1.6892381 1.6214919 1.8999436 1.6957203 1.7177433 3.0899680 3.0826586 3.1835653 2.3445715 2.7648617 2.8189599 2.4705220 2.3644794 1.9036028 2.0021590 2.0163498 2.1721860 2.3779392 2.3801104 3.5702234 2.9604687 2.4064985 2.3688448 2.2692003 2.7685344 2.3780444 2.3942090 1.6669757 1.6434217 1.6692636 2.5704170 1.5799736 2.1439276 2.0069377 1.6394171 2.7661981 1.7542989 2.4806684 3.5122678 2.4621598 
Xesp_003151-T1                                        2.0335444 1.9889847 2.0810320 2.1062791 2.0423122 1.8227847 1.8823989 1.9645300 1.7729532 1.3282338 1.2613279 1.3387902 1.3208725 1.3786063 1.3966666 1.5834007 1.4748198 1.5860135 1.2816250 1.4118835 2.0200183 1.6906531 1.7656287 1.7999116 1.5166208 1.6982803 4.6283082 2.5718375 3.4546766 0.5616513 0.0000000 2.1215153 2.1274233 1.7610785 1.7445955 2.3948474 1.7986081 1.9422187 1.7639658 1.6176757 1.7661569 1.7945527 1.7986186 1.8062066 1.8295139 1.8011881 1.7839580 2.1938614 2.0722002 2.0895743 3.0174328 1.6229167 1.8031375 1.7833703 2.0450332 1.7732282 1.8311326 3.1535592 3.1354454 3.1599468 2.6375401 2.9554529 3.0948209 2.8113134 2.8080731 1.9674473 2.5249354 2.6294372 2.8814919 3.2216884 2.6206694 3.4815905 3.1992014 2.8498031 3.0911505 3.5684604 3.3942594 2.2026498 2.3409407 1.6430450 1.6490503 1.8105790 2.8894381 1.7633470 2.2907197 2.2288605 1.6822414 3.0662978 2.0039051 2.3996561 3.8140816 2.3718699 
Emue_Em0009g1223a.t1                                  2.1852868 2.0259494 1.7823824 2.1897044 2.4331104 1.8390189 2.6115801 1.9141052 1.7726266 1.8330825 1.6325830 1.6670744 1.6510242 2.1114582 1.7176883 1.9099689 1.8610079 1.5499859 1.6289311 1.7850150 1.7355755 1.8618014 1.9039329 1.9189673 1.8673692 1.8511666 1.3508610 1.1669057 2.9437417 1.9793901 2.1215153 0.0000000 0.2177424 0.1809719 0.2710527 0.3225430 1.0598142 0.8940253 1.1236028 1.9155715 1.9321290 1.9290933 1.9600052 1.9693517 1.9191219 1.8835385 1.8653417 1.5544566 1.2684350 1.5327543 3.0327152 1.6891233 1.7409521 2.0919359 2.1050541 1.9233080 2.1695810 3.0295549 3.1504223 3.1170171 2.9086040 3.0903071 2.9573302 2.9197561 3.1474521 1.9585969 2.7667678 2.5355273 2.8598512 3.1663377 3.2691519 3.2895759 3.2587436 2.8635806 3.1304462 2.7505784 3.2031282 2.3564507 2.2185269 1.7888215 2.0007457 2.0127316 3.0089717 1.7531054 2.5210838 2.4124198 2.0598584 3.1157304 2.3435262 2.7028992 3.1575225 3.1347183 
Spolac_c97154_g1_i1_m.14400c77613-g1                  1.9356910 1.9785357 1.7273952 2.1035478 1.8357248 1.5950813 3.3975069 0.0000010 1.6989522 1.6682387 1.7151121 1.7659710 1.7168112 1.8723326 1.7906828 1.9237903 1.9557142 2.2710559 1.7771528 1.9086601 0.0000010 1.8221050 2.1163948 2.0891754 2.0492192 1.8209032 0.0000010 1.8421689 4.3939503 2.1335254 2.1274233 0.2177424 0.0000000 0.0000010 0.0000010 1.2285891 1.1167899 0.0000010 0.9592388 2.2696924 2.0005074 1.9731286 2.0198426 2.0249773 1.9518362 2.0286134 2.0286134 1.6121211 0.0000010 1.7069916 3.5250379 1.5974685 1.6880303 2.0641216 2.2583672 1.8109181 2.0275287 2.5310885 2.5665768 2.5590233 2.1909656 2.5695449 2.8310108 2.5543655 2.3533893 1.9893417 2.0493718 8.9999981 8.9999986 2.4587509 1.8858555 6.0514358 2.7818428 2.3138107 2.4182630 2.5431818 4.9704928 2.2979921 2.0909233 0.0000010 1.9911584 2.1384874 3.3602580 0.0000010 2.2389076 2.3599170 1.9823317 3.1547270 2.3097751 2.5651006 0.0000010 2.4334795 
Spolac_c77613_g1_i1_m.1921c77613-g1                   2.2596944 1.8663563 0.0000010 2.3801973 0.0000010 1.5102551 0.0000010 1.5102551 1.6273521 0.0000010 1.5702929 1.5388795 1.5688917 0.0000010 1.6575170 0.0000010 1.7230933 1.1966375 1.2763736 1.5628632 0.0000010 1.8480825 1.7285623 1.9316605 1.8454230 2.4080359 0.0000010 0.0000010 5.3863165 1.7957405 1.7610785 0.1809719 0.0000010 0.0000000 0.0000010 0.0000010 0.8668893 0.8976086 0.8854385 2.2755846 1.6489493 1.7894979 1.6910672 1.7655483 1.7492626 1.7119858 1.6829959 1.2346157 1.2906930 1.3162237 3.4345738 1.4400398 1.4463168 2.0968581 1.7101214 1.9507483 1.9750377 3.9574136 4.1784976 3.8050800 0.0000010 3.5306563 2.6598286 1.4667390 0.0000010 0.0000010 0.0000010 0.0000010 0.0000010 0.0000010 0.0000010 2.5079564 2.6805181 0.0000010 0.0000010 0.0000010 0.0000010 0.0000010 9.0000000 1.8428042 0.0000010 1.0029418 3.4772938 1.6455976 2.5544332 1.9523673 0.0000010 1.5953668 0.0000010 3.0162627 2.8945423 0.0000010 
Spolac_c97154_g3_i1_m.14401c77613-g1                  1.7743359 1.6881501 0.0000010 1.7008390 0.0000010 1.7031958 0.0000010 2.6451963 1.6319156 0.0000010 1.2306535 1.1483864 1.1867343 0.0000010 1.2237301 0.0000010 1.3831281 1.1866885 1.4535278 1.5095074 0.0000010 1.5734637 1.4603272 1.3828290 1.4899937 1.3185570 0.0000010 0.0000010 4.0843740 1.7021336 1.7445955 0.2710527 0.0000010 0.0000010 0.0000000 0.0000010 1.1807059 1.3340354 0.9572568 1.7117306 1.7530822 1.7447923 1.8525521 1.8525521 1.8529241 1.8132923 1.8132923 1.4141292 1.5096846 1.3403345 0.0000010 1.3212272 1.3946866 1.5940761 2.2111581 1.5624310 2.1100744 3.5668838 3.3253728 3.3781626 0.0000010 3.1339786 2.6402596 0.0000010 0.0000010 0.0000010 0.0000010 0.0000010 0.0000010 0.0000010 0.0000010 3.6851322 3.4927679 1.6176038 0.0000010 0.0000010 0.0000010 0.0000010 0.0000010 1.3703362 1.3463838 1.7864378 4.0210869 0.0000010 2.6814256 2.1367195 1.0685483 0.0000010 0.0000010 2.5320563 3.4422866 0.0000010 
Spolac_c97154_g4_i1_m.14402c77613-g1                  2.5180878 2.3792866 0.0000010 2.4971263 2.6653725 2.1250238 2.1577336 1.1485141 1.6932382 1.8310349 1.7831547 1.8497552 1.8882022 1.8467310 2.3816979 0.0000010 2.2505818 2.7409428 1.3701799 1.9590471 1.5583071 2.0953735 2.4344565 2.2138352 1.7766589 1.7328268 0.0000010 1.1129350 2.2263572 2.0261171 2.3948474 0.3225430 1.2285891 0.0000010 0.0000010 0.0000000 5.0241574 0.0000010 1.6450149 1.5157199 1.8707143 1.9712971 1.8407205 1.8407205 1.9146688 1.8056525 1.8056525 1.5290078 0.0000010 1.3288766 3.4754777 2.1253951 1.7673841 2.5672451 2.0529152 1.9219188 2.9125336 3.3012819 3.3012819 3.3012819 0.0000010 2.7833343 2.9216166 2.9496074 2.9496074 0.0000010 2.5239030 2.5855836 2.9692297 3.2397631 3.3003975 0.0000010 3.4596855 3.4593522 3.0684530 3.0684530 3.1165147 0.0000010 0.0000010 0.0000010 0.0000010 2.4589681 2.5737376 0.0000010 2.2119104 2.4114726 1.0246811 0.0000010 1.7803984 2.7953397 1.9594629 3.4532952 
Tetwil_g10462.t1                                      1.7536318 1.8292879 0.0000010 1.9667750 3.5516419 1.7038932 3.5782388 1.8846902 1.7608352 3.7063177 1.6646014 1.6201979 1.6088913 4.2291481 1.6297096 0.0000010 1.9901842 1.4068834 1.5254222 1.8088024 0.0000010 1.7474192 1.9492833 1.9780790 1.7417584 1.8491460 0.0000010 1.1948747 4.6235208 1.7863589 1.7986081 1.0598142 1.1167899 0.8668893 1.1807059 5.0241574 0.0000000 0.0701318 0.1837551 1.9559210 1.8930208 1.9549756 1.9121271 1.8770159 1.9351456 1.8704234 1.7925755 1.4349711 1.2102704 1.2559616 4.2063377 1.4942227 1.6746691 1.9743076 1.9239453 1.8397812 1.8804644 4.0082787 3.9084058 3.8651022 0.0000010 3.4887618 3.6931805 5.1771314 5.1710844 0.0000010 3.2601258 3.2601258 3.4030514 5.2258201 7.7045707 3.3110679 3.4693099 4.0707407 4.2883654 4.2883654 4.2231703 0.0000010 3.5501775 2.5416549 1.5311328 1.9399563 4.1573997 1.7422273 2.4819130 2.3795719 1.3580608 3.6339914 4.1756677 2.6601481 3.2375720 3.8090156 
Tetwil_g16455.t1                                      1.9111281 1.6843179 0.0000010 2.3798187 0.0000010 1.5219804 0.0000010 1.4636800 1.9814221 0.9433000 1.7385729 1.7429405 1.6699155 0.0000010 1.8567675 0.0000010 2.2920582 1.5332012 1.4529508 1.9309736 0.0000010 1.9227517 1.9999825 2.2686147 1.9268455 2.2250246 0.0000010 0.0000010 4.5883729 1.7725563 1.9422187 0.8940253 0.0000010 0.8976086 1.3340354 0.0000010 0.0701318 0.0000000 0.0625960 2.5336195 1.5913874 1.6597062 1.6769903 1.6518351 1.7241441 1.8382668 1.6629357 1.4476228 1.1584233 1.1909982 4.2113932 1.5794280 1.7160823 2.2249133 2.0097510 2.1458395 1.9807226 3.7177909 3.6963134 3.5447122 0.0000010 4.3290364 3.6699988 1.4667390 0.0000010 0.0000010 0.0000010 0.0000010 0.0000010 0.0000010 0.0000010 2.8761854 3.0735481 0.0000010 0.0000010 0.0000010 0.0000010 0.0000010 5.1950758 2.3953971 0.0000010 1.3605586 3.6317315 1.8180602 2.9089995 2.2386897 0.0000010 1.5953668 0.0000010 3.1262990 3.5437143 0.0000010 
Tetwil_g20682.t1                                      1.7544710 1.7970354 2.0587946 1.8295029 1.6758606 1.7059597 2.3982295 1.9080203 1.7262053 1.4414887 1.5244937 1.5491852 1.5181849 1.4061867 1.7913733 1.7756634 1.8403347 1.5160857 1.4756510 1.7395416 3.4944081 1.6106428 1.8009333 1.7933860 1.5389913 1.6426212 0.0000010 1.3948164 4.5302783 1.6333686 1.7639658 1.1236028 0.9592388 0.8854385 0.9572568 1.6450149 0.1837551 0.0625960 0.0000000 2.1055569 1.7870176 1.8109015 1.7839438 1.7752283 1.8316375 1.8471357 1.8047990 1.3010670 1.2783285 1.2219008 5.6519620 1.5878762 1.5798774 1.8930133 1.8214011 1.7002463 1.9000426 2.7991663 2.8596736 2.8018001 2.1628804 2.7248438 2.7494393 2.3719648 2.3617960 2.3726754 2.0866748 2.2647292 2.5407563 2.3090831 2.1888264 3.3803648 2.9326040 2.5677596 2.7480421 3.6682009 2.9478135 3.1537646 4.0175680 2.0508771 2.1629105 1.8355303 2.5184163 1.7758634 2.2433394 1.8961319 1.5160203 2.5564037 1.7963234 2.4803684 3.2606354 2.0476786 
Hvul_g6151_1                                          1.8377277 1.8351361 0.0000010 1.7641447 1.8821559 1.4540529 1.3396419 1.5728105 1.5341492 0.5963620 1.3796081 1.4523029 1.5186126 1.2337363 1.5938332 0.0000010 1.6620820 1.5262251 1.3941352 1.5200632 0.0000010 1.2557840 1.2807769 1.3208676 1.2591201 1.8466130 0.0000010 0.9859592 4.1350645 1.5411986 1.6176757 1.9155715 2.2696924 2.2755846 1.7117306 1.5157199 1.9559210 2.5336195 2.1055569 0.0000000 1.5487783 1.5944642 1.6285330 1.6363893 1.5662765 1.5506651 1.4858668 1.9692045 2.3980808 1.8316096 3.6277125 1.6799660 1.8325766 1.8655197 1.8832014 1.6461472 2.2501761 3.9466210 3.7476957 3.7190626 0.0000010 3.5718991 3.2082647 1.2559730 0.7371061 0.0000010 0.7691853 0.7691853 0.7691853 1.2059018 0.0000010 3.7570018 3.5766939 1.8425525 1.1734086 1.1734086 0.6572435 0.0000010 5.0524238 1.6300472 0.9099776 0.9568979 3.7182423 1.9100407 2.3937367 2.4126088 1.2734841 1.3952340 3.2786235 2.5536982 4.0155088 2.4287276 
HoiH23_PlH23_009803-RA                                1.9827210 2.0145447 1.8166197 2.0723887 2.3616560 1.6574698 2.5154785 1.6037412 1.7651829 1.5722130 1.4650249 1.5228126 1.4474358 1.6012939 1.5570371 1.5587403 1.6683848 1.6621999 1.5640879 1.6645796 1.6670746 1.7606781 1.8643819 1.8967149 1.8746397 1.7246118 1.7126357 1.5860682 3.0963382 1.6758969 1.7661569 1.9321290 2.0005074 1.6489493 1.7530822 1.8707143 1.8930208 1.5913874 1.7870176 1.5487783 0.0000000 0.0543044 0.1118115 0.1129998 0.1828076 0.2972897 0.2911198 1.9598981 1.9954562 1.8966096 2.7681425 1.6731869 1.6391306 1.7333582 2.0045734 1.7457362 2.0597493 3.3495752 3.3488776 3.3408825 2.3631476 2.9323077 2.9356893 2.8524002 2.8029466 2.1177431 2.5555599 2.7087432 3.0095878 2.6513357 2.2279421 3.6379304 3.3096788 2.7427025 2.8630185 3.3744409 3.4265364 2.5766184 2.5626622 1.9016290 1.7616084 1.9491749 2.8535755 1.7732631 2.2762107 2.0951563 1.6668097 3.3247818 2.3554908 2.6700629 3.1788309 2.5581410 
