110
Aque_Aqu2.1.05449_001                                  0.0000000 0.0000010 2.7238811 2.9037553 2.9248102 2.7963954 0.0000010 0.0000010 0.0000010 0.2343504 0.8979911 2.4921783 3.3556005 0.0000010 2.8817245 3.0923562 2.9610003 3.3677418 2.9190431 3.1115522 3.1386764 3.3778691 2.6157544 0.0000010 2.9756820 4.1039112 3.4427896 3.3989056 3.2673450 0.0000010 0.0000010 3.6459121 3.6478333 3.7319964 1.8811956 2.7757695 2.2869378 0.0000010 0.0000010 2.0308490 2.9901142 3.3892402 0.0000010 0.0000010 3.1455509 3.1455509 0.0000010 0.0000010 0.0000010 0.0000010 0.0000010 2.4484042 8.9999988 3.3322050 3.2215779 0.0000010 3.3390535 3.2275944 3.2275944 3.3390535 0.0000010 0.0000010 0.0000010 8.1441319 2.4043048 2.5939092 2.2259504 2.2959143 3.2629440 2.8857131 2.9002272 0.0000010 3.4084620 3.4536704 3.4810583 3.2785177 3.2577451 3.2528408 3.0674779 3.4335975 1.4717944 4.8235953 3.6841974 2.9015023 3.9440986 3.3824510 2.9599678 1.8968649 3.2455570 8.9999985 3.6342656 6.5409010 3.4732439 9.0000000 0.0000010 3.0147453 0.0000010 3.6052042 2.4484042 0.0000010 3.5242810 3.6898208 2.7973703 2.7973703 2.3795882 2.3000374 0.1609725 0.0000010 1.3685373 0.0000010 
Emue_Em0020g361a.t1                                    0.0000010 0.0000000 3.6683005 0.1517070 0.0000010 0.5852387 0.5988892 2.8136995 1.0302848 1.1932780 1.1815785 0.0000010 0.7700578 0.9404919 0.9885958 1.0575294 0.9778589 0.8993225 0.9476181 0.0000010 0.8597037 0.8488274 0.0000010 0.0000010 1.0118636 1.1705353 1.3125309 1.2361161 0.8892643 1.0231964 1.2016458 1.0694830 1.0839533 1.1288229 3.0856148 0.9647651 0.8542071 0.0000010 0.8542071 0.0000010 0.9565298 0.8363796 1.2557392 1.2557392 1.3650322 1.3650322 1.1662341 1.0098405 1.0248977 0.0000010 1.3386146 0.9583939 1.3650322 1.0769436 1.0769436 1.0769436 0.0000010 0.0000010 0.0000010 0.0000010 1.2278846 4.9650696 1.7591589 0.0000010 0.0000010 0.0000010 0.4692929 0.0000010 1.3052542 1.2059201 1.5323018 1.0158481 1.2313200 1.2183335 1.2454855 1.2259986 1.2149572 1.2149572 1.1020153 1.5231918 1.3026454 1.3867243 1.6274072 0.0000010 0.0000010 0.0000010 0.0000010 0.0000010 0.0000010 1.3701661 1.3701661 1.3430867 1.1850090 0.0000010 0.0000010 0.0000010 0.0000010 2.1812296 2.1180769 1.5938303 1.9687291 2.2023206 0.0000010 2.7409954 1.9159921 0.0000010 0.0000010 0.0000010 0.0000010 2.4692870 
Emue_Em0020g360a.t1                                    2.7238811 3.6683005 0.0000000 0.1883968 0.1995191 0.9569704 3.7253742 0.6780114 5.0795818 1.3945966 1.6110395 1.5430274 1.4386840 1.0101358 1.3684975 1.3424843 1.4119305 1.3674081 1.4171060 1.6690994 1.4452436 1.3993285 1.2728683 1.9923073 1.3200873 1.5194746 1.6182615 1.6677750 1.5582549 8.9999985 8.9999985 1.5124669 1.5198763 1.4873101 1.0306291 1.6298640 1.2179186 1.1024841 8.3757667 1.4657884 1.5776141 1.5221827 1.4901911 1.5382186 1.8368616 1.8368616 4.0912661 1.3955913 1.2807377 1.4490179 1.3887148 1.3729513 4.1217816 1.4546598 1.4372654 4.2601230 2.3961914 2.3123538 2.3123538 2.3961914 1.6219662 1.3172861 1.4786849 1.2111605 1.3298036 1.2217614 1.5862192 1.6041905 1.6276926 1.5340444 1.5750086 1.3228825 1.6648770 1.6646366 1.6645280 1.6596114 1.7555026 1.7521490 1.6514083 1.4428812 1.4282414 1.8921696 1.5281166 1.9355480 2.4123885 2.1716381 1.7048046 2.0868295 1.9028257 2.7876382 1.9624537 3.7783271 2.1924700 3.1313763 2.8203905 1.9278523 2.4216923 2.1897806 1.6352353 1.9255733 1.7650909 1.8030239 3.0286805 2.9537007 0.9557579 2.2136761 2.4699880 2.0873780 1.7451041 4.5764352 
Spolac_c103339_g3_i1_m.33757c103339-g3                 2.9037553 0.1517070 0.1883968 0.0000000 0.0104569 0.7610156 1.0146860 0.7420768 0.8386849 1.2596973 1.4619735 1.6080872 1.2366679 0.7946272 1.2166189 1.2005081 1.2264981 1.1674872 1.2301886 1.6485633 1.2495168 1.2295825 1.2538121 2.1024966 1.1501595 1.3347652 1.3972653 1.3981755 1.3081605 0.8282450 0.8710229 1.3101863 1.3246773 1.3246708 1.1386265 1.3763488 0.9767873 1.0493166 0.7266238 1.4132885 1.3364152 1.3289180 1.0088357 1.0045662 1.6161896 1.6161896 0.9606065 1.0138388 0.9894917 1.1375217 1.0925091 0.9830503 2.7339472 1.1913990 1.1767909 1.0237007 2.7045386 2.5880241 2.5880241 2.7045386 1.0285002 1.2326641 1.2862151 1.1212424 1.2542776 1.2330385 1.5172417 1.5762294 1.4898494 1.3693430 1.4437989 1.0234085 1.4377229 1.4382115 1.4484370 1.4444829 1.4959111 1.4935051 1.4831042 1.3040288 1.2285536 1.6730862 1.5475429 1.8273842 2.4613560 2.3311453 1.6968927 2.0305335 1.9559505 1.4215816 1.7589795 1.6803898 1.9188550 2.8335828 2.8100138 1.9745820 2.3734385 2.0860166 1.4724660 1.6674384 1.8775447 1.9574927 2.5380807 2.6187615 0.9399313 2.2564687 2.3034599 2.0277226 1.9694739 4.0558659 
Spolac_c103339_g3_i2_m.33761c103339-g3                 2.9248102 0.0000010 0.1995191 0.0104569 0.0000000 2.8505163 0.0000010 0.0000010 0.0000010 2.2849135 1.9653160 1.7063565 1.4161086 0.0000010 1.5738310 1.5153914 1.5867677 1.6717871 1.6015369 1.6437523 1.6147010 1.6670433 1.2538121 1.6029140 1.5367410 1.7896421 1.8059871 1.9154819 1.7018289 0.0000010 0.0000010 1.7472995 1.8094230 1.7221974 1.1911949 1.8267206 2.1154493 0.0000010 0.0000010 2.1659232 1.7255576 1.8471629 0.0000010 0.0000010 2.1194938 2.1194938 0.0000010 0.0000010 1.3702374 0.0000010 0.0000010 0.0000010 8.9999990 1.1802995 1.1802995 0.0000010 1.1259831 1.1259831 1.1259831 1.1259831 0.0000010 0.0000010 1.3702374 1.3702374 1.6895803 1.3702374 2.1951547 2.1951547 1.7956463 1.7104965 1.6796767 0.0000010 1.8436815 1.8674073 1.8583323 1.8848438 1.8974404 1.8974404 2.0409112 2.0733876 2.6878598 2.2562541 1.7367434 1.8467077 2.2750600 2.1021506 1.6803368 2.0859570 2.0117992 7.7723532 2.7340071 8.9999990 2.4554036 2.8335828 2.8100138 1.9716528 2.4427910 2.8376717 1.8480541 2.4044209 1.7252834 1.7352530 2.5594984 2.6506802 0.9359923 2.2564687 2.2501611 2.0277226 1.7372970 4.2059033 
Tetwil_g23039.t2                                       2.7963954 0.5852387 0.9569704 0.7610156 2.8505163 0.0000000 0.1451390 0.5100829 0.7020525 1.1622442 1.0934704 2.5858329 1.0341909 0.6976113 0.9510939 0.9766572 0.9229869 0.8956708 0.8984373 2.0014573 0.9480143 0.9618044 4.2123148 2.6005622 0.8949692 1.0463214 1.0992561 1.0889380 1.0099154 0.6407598 0.6545545 0.9860923 1.0066255 1.0604417 1.1315492 1.0389464 0.9558434 1.0111273 0.6616664 1.4344184 1.0641036 0.9707339 1.0007665 0.9952845 1.3966372 1.3966372 0.8843363 0.9698654 0.9582241 1.0619386 0.9905670 0.9360758 1.6725443 1.1376956 1.1117064 0.9118840 3.6246485 3.3728447 3.3728447 3.6246485 1.0719605 1.4524849 1.1686734 1.0953717 1.2318761 1.3578004 1.4497449 1.5325187 1.1965484 1.2053047 1.2167106 0.8737327 1.2395018 1.2367346 1.2348869 1.2048780 1.2539520 1.2576840 1.1970985 1.2459498 1.0301257 1.3321940 1.4375577 1.8322452 9.0000000 4.7159249 0.0000010 3.1832374 2.0367824 1.4029139 1.5386098 1.4682596 1.6577506 4.0768586 9.0000000 3.7610908 2.5862192 1.6027847 1.6048658 1.6553794 3.2650962 3.1129418 1.7402806 2.0681273 3.9260794 5.2052338 1.4916385 1.4204756 3.5441632 5.4294427 
Tetwil_g23036.t1                                       0.0000010 0.5988892 3.7253742 1.0146860 0.0000010 0.1451390 0.0000000 0.3699996 1.7420878 1.6809999 1.9327899 0.0000010 1.1362187 1.0395499 1.0610846 1.0898310 1.0723599 1.0832851 1.0438660 0.0000010 1.0832851 0.9073752 0.0000010 0.0000010 2.8525021 1.3325957 1.4240291 1.3530717 0.9612802 0.7084695 0.7079093 0.9055428 0.8503321 0.9506030 3.0692309 0.9042696 1.0769063 0.5698480 0.8028191 4.0183824 1.0633795 0.8744079 2.1757014 2.1757014 2.5441750 2.5441750 1.9096091 1.6343032 1.6860791 1.1988183 1.8573078 1.2175721 2.4975524 1.4319343 1.4319343 1.4220415 0.0000010 0.0000010 0.0000010 0.0000010 1.7779993 1.3295296 2.5878022 2.1214882 2.1214882 1.7682191 3.4417355 3.4417355 1.5591393 1.4351064 2.0034415 0.8558678 1.5241471 1.5241471 1.6267986 1.5767154 1.5454257 1.5454257 1.5815196 1.7807880 3.4317809 2.0897445 1.9830777 0.0000010 0.0000010 0.0000010 0.0000010 0.0000010 3.8697054 1.0848261 1.3797539 1.0242183 1.2867013 0.0000010 0.0000010 0.0000010 0.0000010 2.4292170 2.8065652 1.0693113 4.0136911 5.1271042 9.0000000 9.0000000 9.0000000 0.0000010 0.0000010 0.0000010 9.0000000 0.0000010 
Stycar_maker-SC_scaffold3746-augustus-gene-0.4-mRNA-1  0.0000010 2.8136995 0.6780114 0.7420768 0.0000010 0.5100829 0.3699996 0.0000000 2.2472451 1.0141790 0.9505750 1.7358794 1.0759090 0.8784004 0.8830592 0.8832038 0.8085946 0.9355683 0.8692198 0.0000010 1.1063304 0.8394739 0.0000010 1.6810922 0.9428152 1.0043938 1.0416869 1.0416869 0.9380876 2.7117851 4.4036239 0.9629104 0.9318285 1.0204701 0.9697844 0.9589328 1.1403635 1.0836399 2.8621658 0.0000010 1.1780113 0.9026759 1.4953326 1.5081746 1.4330002 1.4330002 2.8639336 1.4218451 1.4218451 1.4870142 1.3814181 1.2909057 1.4330002 1.3560497 1.3560497 2.1578556 0.0000010 0.0000010 0.0000010 0.0000010 1.4404177 1.2393013 1.6491954 0.7199577 0.7199577 3.1928649 0.0000010 9.0000000 1.2190829 1.2046808 1.1637967 1.2835254 1.2022233 1.2022233 1.1443055 1.1121341 1.1271149 1.1271149 0.9943617 1.3036540 1.3700799 1.0776237 0.6547921 0.0000010 0.0000010 0.0000010 0.0000010 0.0000010 0.0000010 8.9999983 1.5675402 7.2945007 1.4637310 0.0000010 0.0000010 0.0000010 0.0000010 1.5180528 1.6994554 1.9176834 0.0000010 0.0000010 0.0000010 0.0000010 0.0000010 0.0000010 0.0000010 0.0000010 0.0000010 0.0000010 
Xestes_maker-XT_scaffold25387-augustus-gene-0.3-mRNA-1 0.0000010 1.0302848 5.0795818 0.8386849 0.0000010 0.7020525 1.7420878 2.2472451 0.0000000 0.7732012 0.6496394 0.0000010 0.7793130 0.7506328 0.7683985 0.8383063 0.7697826 0.7992199 0.7653356 0.0000010 0.7099103 0.8082897 0.0000010 0.0000010 0.6932327 0.8240954 0.8042410 0.7778177 0.7971642 0.9393458 0.9809541 0.9231805 0.9543917 0.8751936 4.5970133 0.7289987 0.9302339 9.0000000 0.9302339 0.0000010 1.0593556 0.7836228 0.8356241 0.8356241 0.9096622 0.9096622 0.8331075 0.8568416 0.8568416 0.2298023 0.8627540 0.8940998 0.9096622 0.8536247 0.8536247 1.0612996 0.0000010 0.0000010 0.0000010 0.0000010 0.9247660 1.9491408 1.1032866 0.0000010 0.0000010 0.0000010 1.1758880 1.9545199 0.8893879 0.9116046 0.8119455 1.0553921 1.0032464 0.9921413 0.9458147 0.9458147 0.9685345 0.9685345 0.8604886 1.0072087 0.6449285 1.0009549 2.1066499 0.0000010 0.0000010 0.0000010 0.0000010 0.0000010 0.0000010 1.4298228 1.4298228 1.6295841 1.3611320 0.0000010 0.0000010 0.0000010 0.0000010 1.3115204 1.5664004 1.7489779 0.0000010 0.0000010 2.0600005 2.4313223 1.0452115 0.0000010 0.0000010 0.0000010 0.0000010 0.9697903 
Aque_Aqu2.1.38483_001                                  0.2343504 1.1932780 1.3945966 1.2596973 2.2849135 1.1622442 1.6809999 1.0141790 0.7732012 0.0000000 0.4399949 0.7232721 1.4834237 1.1549903 1.3154454 1.3762862 1.3151091 1.3674512 1.3205452 3.8192574 1.3883492 1.3783452 0.0000010 3.4818948 1.3168364 1.4470681 1.5288160 1.5118882 1.5205827 1.0235088 1.1168831 1.5215817 1.5188528 1.6348309 1.6288143 1.5496054 1.3536690 1.4353562 1.0853525 1.5874192 1.4719990 1.4240801 1.3349252 1.3370091 1.6009461 1.6009461 1.1209153 1.4113354 1.3952641 1.5913267 1.4246775 1.3052146 1.8722136 1.4947523 1.4814900 1.1381134 3.4375826 3.3042213 3.3042213 3.4375826 1.3767721 1.8482139 1.5446538 1.4832975 1.5629894 1.7177024 1.7637126 1.8379356 1.5053866 1.5293184 1.5752812 1.4161744 1.5441381 1.5400333 1.5822070 1.5463745 1.5419895 1.5414289 1.5147609 1.5921674 1.3417646 1.6822772 1.9001057 3.2430707 3.8737302 5.3897568 1.1737339 1.0678576 2.4478898 1.6361358 1.8628195 1.9409050 1.9172574 3.7304809 0.0000010 1.9131976 0.2842757 1.7873509 1.7755997 2.2757620 3.1518224 3.4649642 3.3895055 2.8534026 1.4509532 2.0395040 2.1572462 1.7355018 2.5154355 5.3941506 
Halamb_c54477_g2_i1m.38392                             0.8979911 1.1815785 1.6110395 1.4619735 1.9653160 1.0934704 1.9327899 0.9505750 0.6496394 0.4399949 0.0000000 0.6431981 1.5788099 1.0174111 1.5098633 1.5654894 1.5304280 1.4973395 1.5512444 2.3421745 1.5683269 1.5831821 2.1479454 2.7272744 1.5394388 1.7011418 1.8022773 1.7994011 1.7267432 1.0962441 1.0820150 1.7049008 1.7095609 1.8346194 1.4708703 1.8441015 1.3451628 1.4462395 1.0666982 1.6515679 1.6951616 1.6950261 1.3036849 1.3035091 1.9896109 1.9896109 1.1230874 1.3046252 1.3046133 1.4072534 1.3257984 1.2676678 3.0397564 1.5175972 1.5081522 1.2751475 3.1953797 3.1248673 3.1248673 3.1953797 1.3348481 1.7892979 1.5370563 1.4521177 1.5202449 1.7213773 1.9595860 2.0001232 1.8274887 1.7432618 1.7959666 1.3841290 1.8927956 1.8869795 1.8818649 1.8500050 1.9075884 1.9071431 1.8202325 1.4838077 1.4838819 2.0263707 2.1297732 2.5066107 3.1469106 3.2528405 2.9358532 2.4211089 2.6616723 1.9458159 1.9244798 2.3991722 2.2981602 2.5016166 3.5447186 2.3857453 2.4013037 2.2021142 1.6567287 2.1039131 2.4566960 2.6036986 3.0908268 2.7414533 1.8512395 2.1856885 0.7903173 2.5432661 1.0997757 6.5182335 
Aque_Aqu2.1.38486_001                                  2.4921783 0.0000010 1.5430274 1.6080872 1.7063565 2.5858329 0.0000010 1.7358794 0.0000010 0.7232721 0.6431981 0.0000000 1.9406126 0.5706776 1.5056654 1.6215445 1.5501162 1.7973537 1.5628564 2.0672201 1.5349104 1.6352638 1.7499605 2.2436388 0.5182565 1.6882486 1.7109062 1.8155124 2.0595060 0.0000010 0.0000010 2.1074740 2.0480766 2.0546157 0.8156781 2.1176570 0.5684331 0.5706776 0.0000010 2.7008446 1.6635791 2.0779399 1.2046732 1.2046732 2.0554910 2.0554910 0.0000010 1.2046732 1.2046732 1.2046732 1.2046732 0.4865315 8.9999986 0.2376409 0.2376409 0.0000010 0.0000010 0.0000010 0.0000010 0.0000010 0.4865315 0.4865315 0.4460953 0.0000010 0.0000010 0.0000010 2.8415136 2.8415136 2.4160479 2.1297215 1.9845582 0.5706776 2.4313467 2.4230423 2.5323148 2.4433455 2.4346228 2.4346228 2.2307771 0.2517164 0.5518976 3.7505860 1.8883603 2.2643513 0.0000010 0.0000010 0.0000010 2.3043635 1.9928678 0.0000010 0.2713754 0.0000010 3.0146259 0.0000010 3.4456374 2.3587348 2.4991247 2.5522373 1.0044709 0.5706776 2.1092393 0.0000010 0.0000010 2.0094445 1.4812776 2.4056432 0.3766698 1.4658156 3.0631576 4.3295344 
Plespi_Pspi_C615564_01                                 3.3556005 0.7700578 1.4386840 1.2366679 1.4161086 1.0341909 1.1362187 1.0759090 0.7793130 1.4834237 1.5788099 1.9406126 0.0000000 0.9139931 1.3196641 1.3655054 1.3783594 1.2936854 1.2986961 1.8410355 1.3239199 1.2899948 1.6288053 1.8392862 1.2315424 1.4696475 1.5108528 1.5518265 1.4040467 0.8837947 0.9193130 1.4589240 1.5062980 1.5678061 1.2288854 1.4535371 1.0696828 1.1211787 0.7631439 1.5708349 1.4240568 1.4268177 1.1705018 1.1606351 1.7823079 1.7823079 1.0473655 1.1031819 1.0820534 1.2908657 1.2214045 1.0733066 2.9379021 1.4020842 1.3732090 0.9838058 4.6708914 4.3848694 4.3848694 4.6708914 1.2709910 1.6350035 1.4144535 1.2594383 1.3899639 1.5397639 1.7701161 1.8518090 1.5967356 1.6142206 1.5866703 1.1571310 1.5765092 1.5862193 1.5654589 1.5647142 1.5978088 1.5990575 1.5976444 1.4889183 1.4978118 1.9140474 1.6780769 2.0644352 2.4715514 2.1722697 1.9499855 1.8795267 2.2609471 1.3683069 1.7075302 1.6508356 1.9951027 2.9574438 2.9156253 2.0643681 2.5009844 2.1410151 1.5419492 1.8109329 2.0407394 2.0560281 2.5054031 2.4758169 1.4568358 2.0268083 2.4024037 2.3569993 2.4101497 3.6193914 
Fspp_ffun1.m4.23264.m1                                 0.0000010 0.9404919 1.0101358 0.7946272 0.0000010 0.6976113 1.0395499 0.8784004 0.7506328 1.1549903 1.0174111 0.5706776 0.9139931 0.0000000 0.0584465 0.0542751 0.0340760 0.1275875 0.0623879 0.0000010 0.1194374 0.2302586 0.0000010 2.0915006 0.2120213 0.4157985 0.4690351 0.4740667 0.4164926 0.5783603 0.5394353 0.5018642 0.4861005 0.5674992 0.6633168 0.4213546 0.5862790 0.6154772 0.4585002 0.8354838 0.5889959 0.4250979 0.7993878 0.7898284 0.8351294 0.8351294 0.7592554 0.7531893 0.7543568 0.8595156 0.8327237 0.7425473 0.8442206 0.6970558 0.6970558 0.6313801 0.8511925 0.8511925 0.8511925 0.8511925 0.9083812 1.1419000 1.0418803 0.6886738 0.6886738 0.6660169 0.6456489 0.9534221 0.6406375 0.5992577 0.6482882 0.7563181 0.6142833 0.6134013 0.6047956 0.5960259 0.6435989 0.6435989 0.6223393 0.7289246 0.6655699 0.7303397 0.4581277 0.7854078 0.0000010 0.0000010 0.0000010 0.0000010 0.7532859 1.1750567 1.1265140 1.4119180 1.1023734 0.0000010 0.0000010 0.0000010 0.4391098 1.2110188 1.3476013 1.5381042 1.3912111 1.6524760 2.3278742 2.2355629 0.7066403 0.0000010 0.0000010 0.0000010 2.2874597 1.0677388 
Spis_XP_022780248_1                                    2.8817245 0.9885958 1.3684975 1.2166189 1.5738310 0.9510939 1.0610846 0.8830592 0.7683985 1.3154454 1.5098633 1.5056654 1.3196641 0.0584465 0.0000000 0.0501176 0.1205390 0.1944980 0.1305096 0.2617320 0.1716441 0.3830913 0.4673963 0.4187001 0.3539679 0.6431042 0.7030386 0.7240060 0.6775512 0.5854812 0.5540570 0.7396663 0.7433214 0.8054575 0.6590829 0.7656613 0.6125314 0.6151019 0.4869807 0.7585767 0.8683763 0.7835811 0.8039001 0.7944459 1.1760783 1.1760783 0.7839214 0.7764562 0.7505397 0.8387552 0.8262047 0.7596350 2.2366620 0.8815032 0.8530908 0.7535508 1.9494965 1.7374066 1.7374066 1.9494965 0.9107798 1.1101062 1.0024948 0.7645379 0.7922806 0.8953861 1.0891031 1.1434486 0.8945720 0.8161815 0.9123850 0.7542382 0.9643435 0.9634790 0.9667342 0.9744069 1.0116837 1.0098905 0.9488911 0.9087746 0.8419209 1.2132801 0.8195926 1.0633435 1.7801477 1.6165633 1.2629048 1.5841321 1.4052997 1.2979558 1.4052844 1.5274392 1.6667753 2.4819838 2.2172496 1.1606913 1.6090062 1.6522844 1.3846295 1.5374686 1.3205881 1.4082116 2.3930336 2.3362872 1.4183386 1.6820480 2.3699202 1.7212115 2.0430059 3.5365769 
Pocdam_XM_027196265.1                                  3.0923562 1.0575294 1.3424843 1.2005081 1.5153914 0.9766572 1.0898310 0.8832038 0.8383063 1.3762862 1.5654894 1.6215445 1.3655054 0.0542751 0.0501176 0.0000000 0.1107745 0.2003504 0.1267792 0.2411501 0.1698296 0.3900550 0.4225563 0.3880843 0.3577473 0.6420843 0.6938201 0.7168499 0.6770694 0.5786032 0.5276243 0.7364810 0.7357683 0.8078360 0.6413149 0.7583048 0.6340524 0.6220489 0.5124463 0.7775274 0.8744669 0.8073458 0.8425934 0.8334706 1.1791779 1.1791779 0.7899173 0.7893377 0.7605092 0.8646384 0.8487421 0.7754111 2.2804466 0.9171734 0.8866029 0.8386513 1.8934450 1.6792546 1.6792546 1.8934450 0.9494481 1.0011308 1.0139704 0.7798479 0.7974805 0.8210864 1.1037158 1.1597447 0.9013318 0.8133721 0.9128293 0.7854831 0.9780334 0.9793049 0.9762386 0.9786116 1.0320207 1.0301595 0.9537886 0.8863425 0.8298014 1.2020731 0.7973964 1.0671134 1.7128129 1.6291628 1.2512371 1.5262458 1.4176846 1.4589270 1.4600652 1.8364368 1.6923563 2.5477651 2.1775961 1.1525645 1.6019255 1.6632049 1.3514271 1.5469950 1.3031280 1.3770604 2.3974774 2.4060411 1.4129930 1.7205007 2.3411831 1.6562436 2.0389660 3.6624459 
Gasp_gasp1.m3.8908.m1                                  2.9610003 0.9778589 1.4119305 1.2264981 1.5867677 0.9229869 1.0723599 0.8085946 0.7697826 1.3151091 1.5304280 1.5501162 1.3783594 0.0340760 0.1205390 0.1107745 0.0000000 0.1836728 0.1316707 0.2577013 0.1727612 0.3885228 0.3530040 0.3546213 0.3719407 0.6351150 0.7271478 0.7429546 0.6670156 0.5887845 0.5494868 0.7575502 0.7517659 0.8193147 0.6901718 0.7708150 0.5921056 0.5917375 0.4681147 0.7765497 0.8594014 0.8013073 0.7739161 0.7675364 1.1739306 1.1739306 0.7490419 0.7522726 0.7345559 0.8106163 0.7861119 0.7201408 2.2408100 0.8785300 0.8484810 0.6937321 2.0257563 1.8014808 1.8014808 2.0257563 0.8809833 1.0901127 0.9856814 0.7272571 0.7489175 0.8741919 1.0741664 1.1268692 0.9079380 0.8633187 0.9065016 0.7298006 0.9630313 0.9629035 0.9655131 0.9556786 0.9857194 0.9876408 0.9429187 0.8813120 0.8388160 1.2215670 0.8402602 0.9446390 1.8315159 1.6748310 1.3329229 1.5607154 1.4416486 1.2806188 1.3900177 1.5167839 1.6421718 2.5797151 2.1964989 1.1651357 1.6929433 1.6953688 1.3771586 1.4665275 1.3127173 1.4030812 2.4148222 2.2813264 1.5590052 1.6588337 2.4597463 1.7151990 2.1095611 3.3614662 
Adig_XM_015922731.1                                    3.3677418 0.8993225 1.3674081 1.1674872 1.6717871 0.8956708 1.0832851 0.9355683 0.7992199 1.3674512 1.4973395 1.7973537 1.2936854 0.1275875 0.1944980 0.2003504 0.1836728 0.0000000 0.1534542 0.0950025 0.0288433 0.4076011 0.0000010 2.0915006 0.3708779 0.6774681 0.7425689 0.7521503 0.6710967 0.5560499 0.5268787 0.7498331 0.7526826 0.7870884 0.6934167 0.7591703 0.6380637 0.6740849 0.4815972 0.7921152 0.8704252 0.7551987 0.8348559 0.8228877 1.1969006 1.1969006 0.7458517 0.8144836 0.7916644 0.8858992 0.8434849 0.7710835 1.8826934 0.9137707 0.8925690 0.7790373 2.3213668 2.1365368 2.1365368 2.3213668 0.9569286 1.2012049 1.0372284 0.8033517 0.8276710 0.8967854 1.0287097 1.0841524 0.8572152 0.8627771 0.8870497 0.7640111 0.9125777 0.9088458 0.9054034 0.9062111 0.9634317 0.9613072 0.9252407 0.8777100 0.8286483 1.1001735 0.8099901 1.1579302 1.9038931 1.7238479 1.4198779 1.7283294 1.5327827 1.1959862 1.3433894 1.4146035 1.5688562 2.6608449 3.1557011 1.2662514 1.7492973 1.5853781 1.3621045 1.5596337 1.4826332 1.4272020 2.1762782 2.0480983 1.7196245 2.2583723 2.6992705 2.0538678 2.3420785 4.3024629 
Gfas_gfas1.m1.6245.m1                                  2.9190431 0.9476181 1.4171060 1.2301886 1.6015369 0.8984373 1.0438660 0.8692198 0.7653356 1.3205452 1.5512444 1.5628564 1.2986961 0.0623879 0.1305096 0.1267792 0.1316707 0.1534542 0.0000000 0.2303545 0.1395900 0.3669512 0.3446944 0.3503903 0.3378115 0.6330818 0.6990314 0.7128958 0.6591729 0.5446042 0.4996001 0.6964682 0.6920182 0.7752256 0.6410790 0.7416912 0.6079455 0.6373751 0.4473982 0.7710301 0.8609496 0.7856536 0.8348687 0.8263127 1.1641361 1.1641361 0.7255860 0.8029760 0.7819275 0.9051180 0.8377684 0.7591550 2.2306648 0.8901635 0.8658759 0.7433270 1.9017410 1.7188167 1.7188167 1.9017410 0.9689650 1.2243384 1.0110614 0.7614551 0.7765533 0.8722131 1.0429973 1.0955458 0.8583222 0.8133014 0.8986665 0.7470487 0.9339009 0.9357886 0.9406189 0.9350082 0.9848050 0.9829886 0.9373886 0.9068659 0.8318624 1.1830767 0.7791809 1.0585780 1.7358031 1.5509352 1.3314570 1.4253861 1.3413676 1.2029671 1.3709128 1.4368268 1.6345741 2.5009115 2.1245971 1.2168125 1.5741257 1.6120369 1.3621225 1.4904932 1.3104864 1.3798190 2.3488515 2.2974998 1.4705703 1.6531948 2.4307084 1.8422698 2.0895169 3.5504805 
Adig_XM_015897370.1                                    3.1115522 0.0000010 1.6690994 1.6485633 1.6437523 2.0014573 0.0000010 0.0000010 0.0000010 3.8192574 2.3421745 2.0672201 1.8410355 0.0000010 0.2617320 0.2411501 0.2577013 0.0950025 0.2303545 0.0000000 0.0272400 0.4831034 0.0000010 0.0000010 0.4494019 0.8736612 0.9429056 0.9831431 0.9573425 0.0000010 0.0000010 0.9877132 0.9925130 0.9914681 3.7179830 1.0620674 2.5160772 0.0000010 0.0000010 2.0889551 1.2164460 1.1272418 0.0000010 0.0000010 1.6546229 1.6546229 0.0000010 0.0000010 0.0000010 0.0000010 0.0000010 0.0000010 8.9999983 1.8214282 1.8214282 0.0000010 0.9212861 0.9212861 0.9212861 0.9212861 0.0000010 0.0000010 9.0000000 9.0000000 4.9904119 9.0000000 3.4422389 3.4422389 1.2500085 1.1355759 1.2438505 0.0000010 1.1661205 1.1598770 1.1953433 1.2013661 1.2517778 1.2517778 1.1739377 1.8175236 1.3772840 1.6671278 0.9976987 1.2167788 1.7199058 1.5462543 1.3818636 1.6291272 1.6102057 6.0577421 3.3862204 4.8834380 2.6697059 2.6408022 2.7400939 1.2264854 3.4846340 2.3591774 0.0000010 0.0000010 1.3204581 1.2435134 2.6337869 2.3595238 1.6787136 1.7930577 2.4037747 1.7066503 1.9073536 3.7701391 
Amil_Amillepora14402-RA                                3.1386764 0.8597037 1.4452436 1.2495168 1.6147010 0.9480143 1.0832851 1.1063304 0.7099103 1.3883492 1.5683269 1.5349104 1.3239199 0.1194374 0.1716441 0.1698296 0.1727612 0.0288433 0.1395900 0.0272400 0.0000000 0.3917261 0.4425401 0.2546475 0.3669946 0.6668872 0.7589288 0.7849232 0.7101134 0.5259146 0.4806657 0.7579574 0.7684531 0.8089213 0.7252925 0.7966737 0.6331481 0.6793109 0.4647770 0.7846847 0.9149315 0.8104768 0.7726571 0.7726571 1.2019664 1.2019664 0.7285264 0.7706557 0.7502725 0.7996620 0.7792249 0.7194283 2.3628708 0.8803557 0.8577867 0.7861034 1.9708703 1.8153385 1.8153385 1.9708703 0.9389163 1.2999471 1.0325465 0.7944269 0.8199448 0.8793294 1.0781829 1.1424924 0.9136912 0.8737519 0.9325143 0.7813474 0.9687497 0.9677797 0.9764519 0.9671929 1.0304461 1.0284981 0.9871682 0.8886070 0.8293059 1.1886351 0.8073926 1.1230453 1.7811599 1.5972219 1.4026177 1.4868763 1.4288768 1.2313805 1.4536499 1.4606579 1.7513644 2.6599031 2.4556209 1.2252099 1.5990698 1.6438662 1.3422164 1.5288142 1.3529256 1.3880157 2.6170825 2.3233246 1.5185993 1.6857402 2.4335487 1.7966562 2.1665171 3.7134811 
Exapal_XM_021055474.2                                  3.3778691 0.8488274 1.3993285 1.2295825 1.6670433 0.9618044 0.9073752 0.8394739 0.8082897 1.3783452 1.5831821 1.6352638 1.2899948 0.2302586 0.3830913 0.3900550 0.3885228 0.4076011 0.3669512 0.4831034 0.3917261 0.0000000 0.2793181 0.4358384 0.3405351 0.7020334 0.8049244 0.8038634 0.7295830 0.5981378 0.5431345 0.7705770 0.7659735 0.8161288 0.6820328 0.7951340 0.6499970 0.6003087 0.5094953 0.9216960 0.9166997 0.7755374 0.8309847 0.8215593 1.1635458 1.1635458 0.7178432 0.7417915 0.7254777 0.8530466 0.8522572 0.7235287 2.2022205 0.8927893 0.8711599 0.7196891 2.2277009 2.0749571 2.0749571 2.2277009 0.8947526 1.0713520 0.9468635 0.7074738 0.7777975 0.8952706 1.0960533 1.1457611 0.9079138 0.8824654 0.9645370 0.7068816 1.0324253 1.0331575 1.0338349 1.0253949 1.0393746 1.0413038 1.0066373 0.9483427 0.8673470 1.2087596 0.8253856 1.1340427 1.8308457 1.6350920 1.2813476 1.5756516 1.4635658 1.2810371 1.4064256 1.4355832 1.6464200 2.5294420 2.5024044 1.3353364 1.3495329 1.6707593 1.4315788 1.5444126 1.2610854 1.3714677 2.2547804 2.1433868 1.5615212 1.5431020 2.3088301 1.9581524 2.1209096 3.7107802 
Nvec_v1g122519                                         2.6157544 0.0000010 1.2728683 1.2538121 1.2538121 4.2123148 0.0000010 0.0000010 0.0000010 0.0000010 2.1479454 1.7499605 1.6288053 0.0000010 0.4673963 0.4225563 0.3530040 0.0000010 0.3446944 0.0000010 0.4425401 0.2793181 0.0000000 0.4007150 0.0000010 0.8929424 1.0439382 1.0597302 1.0507394 0.0000010 0.0000010 0.7953043 0.7975072 0.7791623 0.0000010 1.2548788 0.0000010 0.0000010 0.0000010 0.0000010 0.9032159 1.5582317 0.0000010 0.0000010 1.3655313 1.3655313 0.0000010 0.0000010 0.0000010 0.0000010 0.0000010 0.0000010 8.9999982 0.0000010 0.0000010 0.0000010 0.0000010 0.0000010 0.0000010 0.0000010 0.0000010 0.0000010 0.0000010 0.0000010 0.0000010 0.0000010 0.0000010 0.0000010 1.2226688 1.1050118 1.2523039 0.0000010 1.4794766 1.5047987 1.5376780 1.3070138 1.3964638 1.3964638 1.5055825 0.0000010 1.2469375 2.0777004 0.7738518 0.8346962 0.0000010 0.0000010 0.0000010 0.0000010 1.0958052 0.0000010 0.0000010 0.0000010 2.0496048 0.0000010 1.7017424 1.4080511 1.5324167 2.3590902 0.0000010 0.0000010 0.8460363 0.0000010 0.0000010 1.5644439 1.2494591 1.6199284 0.0000010 0.0000010 0.0000010 2.3474344 
Fspp_ffun1.m4.33511.m1                                 0.0000010 0.0000010 1.9923073 2.1024966 1.6029140 2.6005622 0.0000010 1.6810922 0.0000010 3.4818948 2.7272744 2.2436388 1.8392862 2.0915006 0.4187001 0.3880843 0.3546213 2.0915006 0.3503903 0.0000010 0.2546475 0.4358384 0.4007150 0.0000000 2.0915006 0.8867418 0.9169653 1.0452022 1.7117004 0.0000010 0.0000010 0.9634914 0.9693191 1.1911042 2.0123236 1.4015837 2.6476954 2.6476954 0.0000010 0.0000010 1.3445056 1.8010755 0.0000010 0.0000010 1.9749696 1.9749696 0.0000010 3.8267632 3.8267632 4.2316100 4.1594945 3.5596845 6.1807095 2.8504461 2.8504461 0.0000010 0.0000010 0.0000010 0.0000010 0.0000010 0.0000010 0.0000010 3.9154128 0.0000010 0.0000010 0.0000010 0.0000010 0.0000010 1.5739405 1.5282831 1.6897754 2.3840257 1.5750020 1.5750020 1.6893634 1.6274217 1.4020413 1.4020413 1.7796171 2.8632359 2.0835951 1.8796073 0.9201325 0.6662707 0.0000010 0.0000010 0.0000010 0.0000010 1.1573344 0.0000010 1.1658681 0.0000010 2.8683006 0.0000010 0.0000010 1.5901869 1.8147505 2.8252874 4.6630223 9.0000000 0.6645410 2.0097644 0.0000010 0.0000010 1.1667722 1.0222959 0.0000010 0.0000010 0.0000010 0.0000010 
Nvec_v1g122551                                         2.9756820 1.0118636 1.3200873 1.1501595 1.5367410 0.8949692 2.8525021 0.9428152 0.6932327 1.3168364 1.5394388 0.5182565 1.2315424 0.2120213 0.3539679 0.3577473 0.3719407 0.3708779 0.3378115 0.4494019 0.3669946 0.3405351 0.0000010 2.0915006 0.0000000 0.6286032 0.7098013 0.7092232 0.6575335 0.5472949 0.5161220 0.7307421 0.7412156 0.8074865 0.6408270 0.7020776 0.6666406 0.6547647 0.5223451 0.8114922 0.8414495 0.6915268 0.7161877 0.7160363 1.1170732 1.1170732 0.5634892 0.7557588 0.7275770 0.9263093 0.7562009 0.7231524 1.8068994 0.8848391 0.8691210 0.6444910 1.9225106 1.8426512 1.8426512 1.9225106 0.8110507 1.2200106 0.9052637 0.7788956 0.8039120 0.9432239 1.0538409 1.0980704 0.8127853 0.8244365 0.8303836 0.7360244 0.9797620 0.9787828 0.9757132 0.9940260 0.9934546 0.9957363 0.9145101 0.9207507 0.8061105 1.0898563 0.7716231 1.1696293 1.7060708 1.5376678 1.2265900 1.4192101 1.4530283 1.4574067 1.4755366 1.9450136 1.6872410 2.7003864 2.0866746 1.2597034 0.4391098 1.5654431 1.3811130 1.6198196 1.2538304 1.2915755 2.2077238 2.2187972 1.5392678 1.1463822 2.6152859 1.7787844 2.1631304 3.7608804 
Dgig_XM_028561504.1                                    4.1039112 1.1705353 1.5194746 1.3347652 1.7896421 1.0463214 1.3325957 1.0043938 0.8240954 1.4470681 1.7011418 1.6882486 1.4696475 0.4157985 0.6431042 0.6420843 0.6351150 0.6774681 0.6330818 0.8736612 0.6668872 0.7020334 0.8929424 0.8867418 0.6286032 0.0000000 0.3510563 0.3578792 0.8558274 0.6037048 0.6083720 0.8629146 0.8347151 0.9442522 0.7237247 0.8785979 0.8036879 0.7526240 0.7112081 1.0604127 1.0833567 0.9206782 0.8087364 0.7988543 1.3107612 1.3107612 0.7376820 0.7622009 0.7528705 0.8561946 0.8578474 0.7788225 2.3703436 0.9655632 0.9540733 0.8498327 2.0723839 1.9822370 1.9822370 2.0723839 0.8850403 1.0444267 1.0158553 0.9092875 0.9496133 1.0525443 1.3779468 1.4055784 0.9396513 0.9424316 0.9926843 0.8246914 1.1440891 1.1418239 1.1359714 1.1339375 1.1505860 1.1486121 1.1504086 0.9881322 0.8938645 1.3869404 0.9369698 1.2344241 2.0081400 1.9153157 1.6632405 1.6489910 1.6889607 1.3817170 1.5418920 1.7236030 1.7421939 2.7902114 2.0648567 1.4044986 1.8551725 1.6779983 1.5137393 1.6092480 1.5623637 1.6620867 2.2501437 2.0193693 1.6645899 1.8917036 2.8847545 2.3064205 2.5540640 3.6060178 
Xesp_017715-T2                                         3.4427896 1.3125309 1.6182615 1.3972653 1.8059871 1.0992561 1.4240291 1.0416869 0.8042410 1.5288160 1.8022773 1.7109062 1.5108528 0.4690351 0.7030386 0.6938201 0.7271478 0.7425689 0.6990314 0.9429056 0.7589288 0.8049244 1.0439382 0.9169653 0.7098013 0.3510563 0.0000000 0.0204788 0.9396021 0.6163450 0.6502651 0.9322789 0.9537365 0.9715175 0.7716913 0.9894618 0.8502388 0.7840188 0.7302574 1.1237275 1.1113888 0.9957119 0.8586458 0.8500745 1.3168839 1.3168839 0.8200359 0.8198024 0.8081983 0.9170399 0.9455708 0.8355165 2.3827852 1.0093194 0.9982531 0.8906280 1.9785955 1.9026998 1.9026998 1.9785955 0.9312613 1.1751619 0.9803083 1.0050953 1.0565573 1.0498685 1.5403744 1.5755613 1.0233652 0.9948470 1.0384419 0.8549979 1.1779568 1.1791420 1.1850827 1.1814728 1.1939992 1.1961225 1.1886619 1.0248053 0.9129384 1.3723018 1.0305118 1.3244327 2.1449948 2.0452257 1.5789565 1.8036303 1.6563377 1.4628376 1.6166377 1.9227343 1.8541948 2.7330168 2.3167958 1.4676463 2.1229583 1.7463168 1.5538218 1.7358910 1.5737913 1.6343081 2.8046376 2.5179898 1.7456636 2.0193824 2.7520071 2.3258684 2.6279633 3.8796109 
Xesp_017719-T1                                         3.3989056 1.2361161 1.6677750 1.3981755 1.9154819 1.0889380 1.3530717 1.0416869 0.7778177 1.5118882 1.7994011 1.8155124 1.5518265 0.4740667 0.7240060 0.7168499 0.7429546 0.7521503 0.7128958 0.9831431 0.7849232 0.8038634 1.0597302 1.0452022 0.7092232 0.3578792 0.0204788 0.0000000 0.9425483 0.6040630 0.6720069 0.9449829 0.9589938 0.9846291 0.7656775 0.9865864 0.8388318 0.7869098 0.6838803 1.1374350 1.1112524 0.9836763 0.8444562 0.8355528 1.3156108 1.3156108 0.8010421 0.8119999 0.8045818 0.9223118 0.9383647 0.8223747 2.1894456 0.9948747 0.9839086 0.8614789 1.9075462 1.8330809 1.8330809 1.9075462 0.9168670 1.1824043 0.9666765 1.0011856 1.0528440 1.0441011 1.5199358 1.5558708 1.0251333 1.0073532 1.0470441 0.8325039 1.1658343 1.1668915 1.1635561 1.1565718 1.1824112 1.1846187 1.2049234 1.0408190 0.9106848 1.3771103 1.0758039 1.3687734 2.1625558 2.0955655 1.5935970 1.8796607 1.6951469 1.4229730 1.6028286 1.8586593 1.8252668 2.6932713 2.3701437 1.4748664 2.2875986 1.7666043 1.5541575 1.7320896 1.6299693 1.7008564 2.7212884 2.4527667 1.9158866 2.3706400 3.0256744 2.5808817 3.0052853 4.1003011 
Bralan_BLAG09001027_1                                  3.2673450 0.8892643 1.5582549 1.3081605 1.7018289 1.0099154 0.9612802 0.9380876 0.7971642 1.5205827 1.7267432 2.0595060 1.4040467 0.4164926 0.6775512 0.6770694 0.6670156 0.6710967 0.6591729 0.9573425 0.7101134 0.7295830 1.0507394 1.7117004 0.6575335 0.8558274 0.9396021 0.9425483 0.0000000 0.5094716 0.4617115 0.8984588 0.8868602 0.9463050 0.6922493 0.6271074 0.6875135 0.7189383 0.5500539 0.8993360 0.9809412 0.6527479 0.7699490 0.7658650 1.1998103 1.1998103 0.7134825 0.7654073 0.7445529 0.8788390 0.8584204 0.7498669 2.3473631 0.9010494 0.8836187 0.7147110 2.1245071 2.0004205 2.0004205 2.1245071 0.8801058 1.1391153 0.9807680 0.7379998 0.7788264 0.9312880 1.0380661 1.1040585 0.7631737 0.7440296 0.7835387 0.7858551 1.0848938 1.0902624 1.0744976 1.0766488 1.1049899 1.1030990 0.9390819 1.0194348 0.8958983 1.2262722 1.0967359 1.4724147 1.6829691 1.6403472 1.3491798 1.3964480 1.4104685 1.3367530 1.4810302 1.5997899 1.7304270 2.6022244 2.1556405 1.4997456 2.1876545 1.6393156 1.2910477 1.5268510 1.5674961 1.6045347 2.0041942 2.1158496 1.8113237 2.1836055 2.4711654 2.1515041 2.1560984 3.5641149 
Morvir_scaffold204.g21.t1                              0.0000010 1.0231964 8.9999985 0.8282450 0.0000010 0.6407598 0.7084695 2.7117851 0.9393458 1.0235088 1.0962441 0.0000010 0.8837947 0.5783603 0.5854812 0.5786032 0.5887845 0.5560499 0.5446042 0.0000010 0.5259146 0.5981378 0.0000010 0.0000010 0.5472949 0.6037048 0.6163450 0.6040630 0.5094716 0.0000000 0.3645379 0.4027502 0.3884321 0.4239523 2.6706345 0.5025653 0.6959871 9.0000000 0.6959871 0.0000010 0.6830536 0.5840674 0.9461853 0.9461853 0.9633634 0.9633634 0.8776767 0.7657665 0.7558761 0.1519123 0.9559060 0.6898207 0.9512784 0.7152971 0.7152971 0.8540942 0.0000010 0.0000010 0.0000010 0.0000010 0.8970022 2.0385921 1.2029177 0.0000010 0.0000010 0.0000010 0.9615121 1.4793868 0.7461826 0.5927280 0.7791299 0.7158233 0.6211106 0.6158643 0.6276940 0.6185071 0.6069242 0.6069242 0.7323169 0.7302599 0.2784746 1.0934065 1.9150920 0.0000010 0.0000010 0.0000010 0.0000010 0.0000010 0.0000010 1.1208181 1.1208181 1.2963774 0.9720371 0.0000010 0.0000010 0.0000010 0.0000010 1.2971787 1.5676510 1.4695646 2.6530454 3.0794346 2.0600005 2.7282815 1.0424871 0.0000010 0.0000010 0.0000010 0.0000010 2.3989278 
Aaur_scaffold34.g11.t1                                 0.0000010 1.2016458 8.9999985 0.8710229 0.0000010 0.6545545 0.7079093 4.4036239 0.9809541 1.1168831 1.0820150 0.0000010 0.9193130 0.5394353 0.5540570 0.5276243 0.5494868 0.5268787 0.4996001 0.0000010 0.4806657 0.5431345 0.0000010 0.0000010 0.5161220 0.6083720 0.6502651 0.6720069 0.4617115 0.3645379 0.0000000 0.1904133 0.2032549 0.2337719 2.7737352 0.4743206 0.7366981 9.0000000 0.7366981 0.0000010 0.6602754 0.5611694 0.8362529 0.8362529 0.8386405 0.8386405 0.8409363 0.7218856 0.7219318 0.1519123 0.8076320 0.7034604 0.8289364 0.6387458 0.6387458 0.7611611 0.0000010 0.0000010 0.0000010 0.0000010 0.8976388 2.1606904 1.1119671 0.0000010 0.0000010 0.0000010 1.2944043 1.4793868 0.7191464 0.6555052 0.7466716 0.7959389 0.6145230 0.6107464 0.6421289 0.6327805 0.6191109 0.6191109 0.7115734 0.8365726 0.3241369 1.0976442 2.6680813 0.0000010 0.0000010 0.0000010 0.0000010 0.0000010 0.0000010 1.1934694 1.1934694 1.3816362 1.0846660 0.0000010 0.0000010 0.0000010 0.0000010 1.2840764 1.5232711 1.5803013 5.1790055 6.0572408 2.0600005 2.3805599 1.1118085 0.0000010 0.0000010 0.0000010 0.0000010 4.8592248 
Nemnom_g2450.t1                                        3.6459121 1.0694830 1.5124669 1.3101863 1.7472995 0.9860923 0.9055428 0.9629104 0.9231805 1.5215817 1.7049008 2.1074740 1.4589240 0.5018642 0.7396663 0.7364810 0.7575502 0.7498331 0.6964682 0.9877132 0.7579574 0.7705770 0.7953043 0.9634914 0.7307421 0.8629146 0.9322789 0.9449829 0.8984588 0.4027502 0.1904133 0.0000000 0.0968427 0.4343327 0.2526528 0.9318933 0.7723502 0.7399480 0.7339954 0.9102325 1.0773323 0.9678627 0.9319528 0.9189815 1.3673728 1.3673728 0.9052549 0.9158296 0.8793079 0.9171417 0.9222219 0.8263228 2.4351820 1.0456832 1.0253732 0.9094844 2.6431008 2.4896565 2.4896565 2.6431008 0.9968409 1.1657535 1.0791219 0.9184095 0.9468276 1.0973725 1.2467756 1.2898849 1.0433465 0.9968557 1.0502396 0.9095767 1.1608471 1.1576467 1.1700090 1.1650323 1.1995187 1.2015886 1.1259906 0.8225448 0.7002479 1.4344633 0.6625348 0.3705590 1.9743525 1.8347348 1.4645349 1.7015369 1.6172390 1.3205508 1.5667786 1.6282958 1.7960174 2.4036436 2.6109897 1.1585853 1.5576052 1.6995745 1.4021509 1.5774138 1.5330591 1.5547309 2.2912669 2.2617068 1.8034724 2.0349345 2.7232799 2.3430436 2.2741615 3.2633466 
Rhoesc_Res_000560-T1                                   3.6478333 1.0839533 1.5198763 1.3246773 1.8094230 1.0066255 0.8503321 0.9318285 0.9543917 1.5188528 1.7095609 2.0480766 1.5062980 0.4861005 0.7433214 0.7357683 0.7517659 0.7526826 0.6920182 0.9925130 0.7684531 0.7659735 0.7975072 0.9693191 0.7412156 0.8347151 0.9537365 0.9589938 0.8868602 0.3884321 0.2032549 0.0968427 0.0000000 0.4316647 0.2676004 0.9085745 0.7854747 0.7393975 0.7731488 0.9062980 1.0817072 0.9546818 0.9182637 0.9112091 1.3606771 1.3606771 0.8989108 0.8912699 0.8576023 0.8971603 0.9095371 0.8168159 2.4441127 1.0540356 1.0282704 0.9065323 2.8455020 2.6390775 2.6390775 2.8455020 0.9767458 1.1412282 1.0519296 0.9122074 0.9524242 1.0654601 1.2330035 1.2762853 1.0331835 0.9834172 1.0535097 0.9016424 1.1993144 1.1957115 1.2066291 1.1884379 1.2105287 1.2085266 1.1331726 0.8302350 0.7202790 1.4166225 0.6766583 0.3844209 1.8788578 1.8924255 1.6592904 1.6349435 1.6277826 1.2396433 1.5958121 1.5619070 1.7778130 2.3709421 2.5223484 1.1588484 1.6161089 1.6950228 1.4012868 1.6033198 1.5477708 1.5967181 2.1899092 2.2411235 1.8221469 1.9601534 2.6454938 2.2621410 2.4500520 3.1001017 
Sanmal_Sma_010356-T1                                   3.7319964 1.1288229 1.4873101 1.3246708 1.7221974 1.0604417 0.9506030 1.0204701 0.8751936 1.6348309 1.8346194 2.0546157 1.5678061 0.5674992 0.8054575 0.8078360 0.8193147 0.7870884 0.7752256 0.9914681 0.8089213 0.8161288 0.7791623 1.1911042 0.8074865 0.9442522 0.9715175 0.9846291 0.9463050 0.4239523 0.2337719 0.4343327 0.4316647 0.0000000 0.3427009 0.9901332 0.8312482 0.8353497 0.7918794 0.9291829 1.0812529 0.9933504 0.9636113 0.9323647 1.3800463 1.3800463 0.8264003 0.9388889 0.9045085 1.0301156 0.9306024 0.8911515 2.5057714 1.0621227 1.0316982 0.9042684 2.5641810 2.3073191 2.3073191 2.5641810 1.0419876 1.2001120 1.1060804 0.9219347 0.9489839 1.0500792 1.2329452 1.3016662 1.0815454 1.0578666 1.0812260 0.9489643 1.1811227 1.1793040 1.2143349 1.2039826 1.2379712 1.2359309 1.2041711 0.8722180 0.7563107 1.4215578 0.6758228 0.5384103 2.0293544 1.8397816 1.5282394 1.7576898 1.6320416 1.2839816 1.5524015 1.4692278 1.8091202 2.3577365 2.4189630 1.2930240 1.9753201 1.8101554 1.4922150 1.6648545 1.6020419 1.6239171 2.2168059 2.2441438 1.7660288 2.1144459 2.7069004 2.3980153 2.3612792 3.4610706 
