79
Gasp_gasp1.m3.6768.m1                                 0.0000000 0.1757093 0.2379551 0.2570433 8.9999987 1.3893594 1.7015272 1.5070045 0.0000010 0.0000010 0.8968869 1.6126977 1.8542459 2.0844642 1.7822040 2.2958490 1.5764289 1.6952033 1.6952033 1.6947777 1.6145689 1.8343659 1.7789054 1.7602738 0.0000010 1.4441385 0.0000010 1.4779256 1.6469847 1.6003100 1.9875213 1.6813923 0.8323504 0.8180970 1.7403795 1.6001327 0.0000010 1.1711229 1.2966360 1.3024983 1.9925838 4.4501698 1.3799584 1.9273760 1.7152994 2.9555766 2.8498083 0.0000010 9.0000000 9.0000000 0.0000010 3.3124629 3.3359399 0.0000010 3.3072626 3.5676794 2.2902595 3.3849475 3.3849475 3.3849475 0.0000010 2.8817216 2.8817216 2.8911908 2.8817216 1.4984063 1.7455636 0.0000010 0.0000010 0.5292385 0.0000010 1.7604998 1.7169247 1.5055604 0.8327299 2.1216079 1.6023999 3.0547801 2.1100777 
Fspp_ffun1.m4.208.m1                                  0.1757093 0.0000000 0.1885322 0.1741159 0.4015829 0.8552240 0.8912568 0.9037301 0.5489349 0.5402650 0.6116572 0.9236038 0.8009958 0.8791810 0.8574426 0.9361019 0.7959539 0.9156972 0.9045428 0.9429162 0.9330760 0.9747253 0.9706750 0.7755968 0.5084290 0.7692315 3.0870404 1.0934813 0.7583866 0.6980261 0.8766260 0.9443009 0.9640571 0.5833801 0.8425542 0.8484182 0.0000010 0.7473925 0.7412295 0.7348797 0.9816819 0.7017792 0.8424176 0.8908503 0.8818186 2.9134347 2.2860527 0.0000010 9.0000000 9.0000000 0.9523918 1.4311750 1.4327388 2.2398835 1.4442046 1.4293568 1.4235891 1.5842538 1.4732709 2.1971025 4.0348113 1.2972116 1.8529013 1.3552236 1.8529013 0.9902647 1.1039974 0.0000010 0.0000010 0.5321265 0.0000010 0.9266155 1.3135956 0.9168405 0.8327299 1.7682949 1.4568587 2.1611979 1.9500762 
Spis_XP_022799957_1                                   0.2379551 0.1885322 0.0000000 0.3031657 0.5198037 1.1854911 1.1663873 1.2203841 0.5016111 0.6103788 0.7485832 1.2520924 1.0949925 0.8818272 1.2334413 1.3137232 1.1394427 1.0686494 1.1614540 1.1739250 1.1778155 1.2178603 1.2143396 1.0260398 0.4885618 1.0925335 2.5611520 1.6470987 1.1320080 1.1495852 1.2247906 1.1917071 0.9293886 0.7322310 0.7795724 1.1036743 2.5374629 1.1218031 1.0894394 1.1465337 1.2803211 1.0110437 1.1791045 1.2305544 1.3136489 3.8116133 3.2598340 4.1796313 4.4877805 4.5168662 0.9393275 1.6766522 1.8723180 3.8469186 1.9552617 2.0028254 1.9334597 1.9612003 1.9479213 2.9299443 4.7643507 2.0001454 3.1855097 1.9769267 3.0118202 1.2345155 1.4074369 0.5352338 0.5554761 0.6995109 0.9198697 1.4553553 1.9099483 1.4223393 2.3668513 2.4419591 2.3885829 3.6030279 2.3348442 
Gfas_gfas1.m1.15850.m1                                0.2570433 0.1741159 0.3031657 0.0000000 0.5880050 1.2799556 1.2589388 1.2929414 0.5631523 0.7109367 0.7324846 1.3891590 1.3121403 1.0867174 1.2567973 1.4026496 1.1781394 1.2131304 1.2459061 1.2852501 1.2803458 1.3186204 1.3223844 1.0362510 0.5250066 1.1216090 2.3724838 1.6416894 1.1588315 1.1712308 1.2708149 1.2825365 1.0043327 0.7700590 0.8585803 1.1756802 2.4450978 1.1917406 1.1449957 1.2252918 1.3496554 1.0592146 1.2470065 1.2988532 1.3590903 3.3515889 3.0550607 4.1883030 3.8531014 4.0174210 1.0270572 1.7613544 1.9651341 2.9307019 1.8512970 2.0360458 1.9659145 1.8406170 1.8739764 2.5445414 3.4495417 1.9245638 2.7555410 1.9264616 2.6390231 1.2346551 1.5021962 0.4398420 1.2055620 0.5367940 0.5397129 1.6393990 1.8459187 1.4858114 2.3054778 2.2735525 2.4617033 3.2754162 2.3105079 
Adig_XM_015894844.1                                   8.9999987 0.4015829 0.5198037 0.5880050 0.0000000 0.7049610 0.6731209 1.1315156 0.7312801 0.9285286 0.7481596 1.1680072 0.9970525 0.3997815 0.8270522 1.0474907 1.0234767 1.3840020 1.3157174 1.2950797 1.3878523 1.2918610 1.2918610 1.0344681 0.0000010 1.2269368 1.2321445 1.0960094 0.8521421 0.8484580 0.6039945 1.3394039 1.0726990 0.7023274 1.1650728 1.0754642 2.0114722 1.1197352 0.9101778 0.9206347 1.2259542 0.9772313 1.0385281 1.1377298 1.2466012 9.0000000 2.0997827 1.3815999 2.4544390 2.4544390 0.8860846 1.5600972 1.5186286 2.6400238 1.3857319 1.3210268 1.3033487 1.7643579 1.5298815 1.5298815 4.8971696 1.5709045 1.8380905 1.5339880 1.8380905 1.0823757 1.4675745 1.1418612 6.3239876 3.5528100 1.1021136 1.0209600 1.0723169 0.7767984 1.7438993 1.1623723 1.1799348 2.9001026 1.4254436 
Lcom_lcpid55624                                       1.3893594 0.8552240 1.1854911 1.2799556 0.7049610 0.0000000 0.4624679 0.4225538 0.5508306 0.6841551 1.1660496 1.3892786 1.3202485 1.2206888 1.3292984 1.7186476 1.3008144 1.5082434 1.4204482 1.3766706 1.4098917 1.4631707 1.4460582 1.2970068 0.5836831 1.2266366 2.0079563 1.7608263 1.2709039 1.2539727 1.2502825 1.3030314 1.3336667 1.2150645 0.9393622 1.1185168 3.0135126 1.2495926 1.2699423 1.2159558 1.4326466 1.2726280 1.3611825 1.3668316 1.5166831 3.6333387 3.0925209 3.6433891 3.2245929 3.1974622 0.9168541 1.6628997 1.8183417 2.9865924 1.7905713 1.6691232 1.8899302 1.6385271 1.7308477 2.7333400 3.8187452 1.8881117 3.0957639 1.8763656 2.8924246 1.3185520 1.4582548 2.5264491 3.7078135 1.6397253 2.8495117 1.5105658 1.1224392 0.4346110 2.8151613 2.4649124 2.4754640 3.2367398 2.3300018 
Gracom_Gcom_scaffold826_01                            1.7015272 0.8912568 1.1663873 1.2589388 0.6731209 0.4624679 0.0000000 0.3122203 0.5579296 0.6839501 1.1513734 1.3924866 1.3497353 1.0516873 1.2462743 1.5840314 1.3578428 1.4295961 1.4471444 1.3997377 1.4142914 1.4443132 1.4370065 1.4023577 0.6411672 1.2671202 2.3189492 1.8746415 1.2234716 1.1936879 1.2272139 1.4939312 1.4532593 1.2559980 0.8906033 1.0931286 2.2028608 1.2051154 1.2518472 1.1917057 1.3838361 1.3596947 1.3437476 1.4771761 1.4980266 3.1800531 2.7572801 2.8265349 2.7023448 2.6744594 0.9269083 1.6082634 1.7240554 3.0481903 1.7665740 1.8048189 1.7546293 1.7035934 1.7422053 2.5463338 3.4407112 1.8514153 2.7884509 1.8472575 2.8429773 1.4507078 1.4445396 1.8114994 2.8798368 1.5732477 1.9687639 1.5928448 1.1477289 0.4845373 1.9410668 2.0609305 2.1654370 3.0404624 2.2694354 
Scil_scict021828.2                                    1.5070045 0.9037301 1.2203841 1.2929414 1.1315156 0.4225538 0.3122203 0.0000000 0.5576241 0.6882865 1.1869312 1.3778179 1.3210592 1.2825259 1.3048562 1.6178653 1.3436023 1.3608229 1.3940640 1.3911363 1.4034652 1.4496182 1.4335796 1.4242710 0.6303747 1.2867865 2.6162361 1.8782709 1.3098805 1.2995680 1.2510555 1.4128338 1.4308727 1.2850431 0.9307039 1.0998356 2.8665006 1.3005360 1.3124179 1.2693166 1.3531530 1.3360996 1.3317199 1.4011185 1.4548630 3.1940202 2.7574885 2.7709181 2.7792574 2.6933014 0.9357049 1.6540301 1.7225668 3.3141307 1.7703563 1.7784074 1.8020107 1.7356003 1.7864006 2.7208778 3.5370782 1.7915644 2.7603265 1.7968020 2.8272121 1.3994377 1.4549796 2.5307045 4.1304071 1.6069891 2.2202525 1.6138737 1.0003832 0.3707771 2.2225843 1.9132138 2.0493262 2.8547151 2.5127797 
Opea_EP00118_Oscarella_pearsei_P019964                0.0000010 0.5489349 0.5016111 0.5631523 0.7312801 0.5508306 0.5579296 0.5576241 0.0000000 0.0066309 0.4836117 0.4640277 0.4776476 1.1605533 0.5771723 0.7067750 0.5560587 0.6745914 0.6424141 0.6353722 0.6520680 0.6399356 0.6399356 0.5227382 0.5837921 0.5838485 0.0000010 1.0956817 0.5246351 0.4792753 0.6191143 0.5980000 0.8627470 0.5282153 0.6312753 0.4800094 0.0000010 0.4519955 0.4676125 0.4746066 0.5711571 0.5490878 0.5655169 0.6656178 0.5576440 0.0000010 5.6868879 9.0000000 9.0000000 9.0000000 0.9183422 0.9412381 0.9435381 9.0000000 0.9752639 0.9726635 1.1393039 0.8720728 0.8907591 2.1875014 9.0000000 0.9612184 1.9025943 1.0570928 1.9025943 0.6414357 0.7163658 0.0000010 0.0000010 0.5430323 1.0752131 0.5363996 1.1493452 0.5735276 0.0000010 1.1483123 1.1483123 0.6748591 0.0000010 
Ocar_g1991                                            0.0000010 0.5402650 0.6103788 0.7109367 0.9285286 0.6841551 0.6839501 0.6882865 0.0066309 0.0000000 0.5502733 0.6341829 0.5846049 0.0000010 0.6654518 0.9077375 0.6634431 0.8931073 0.8340249 0.8562002 0.8498749 0.8761480 0.8761480 0.6738976 0.5228613 0.6999356 3.1126042 1.4198862 0.6573233 0.6479213 0.7619905 0.7130209 0.7401547 0.5972690 0.6069291 0.5687453 5.8975709 0.6274663 0.6007692 0.5465447 0.7296397 0.6282449 0.7065249 0.7806968 0.7475658 0.0000010 2.3757028 0.5504314 2.3757028 2.3757028 0.9696991 1.0651419 1.0594137 2.7530808 1.0530382 1.1133691 1.0037449 1.3214676 1.1268290 3.5097854 2.1582075 1.0313844 1.5182137 1.0539192 1.7615106 0.7091554 0.8241445 2.4864229 3.6888200 0.6648135 1.2915605 0.6846562 1.8673385 0.9128829 2.3200576 2.3200576 2.7469419 3.0011380 2.4740513 
Nvec_v1g92056                                         0.8968869 0.6116572 0.7485832 0.7324846 0.7481596 1.1660496 1.1513734 1.1869312 0.4836117 0.5502733 0.0000000 1.0833805 1.1843139 0.8566211 1.2002225 1.3544175 1.0672501 1.1314152 1.2361209 1.2607050 1.2956459 1.3219354 1.3187973 0.9293244 0.5901193 1.1814850 2.3748207 1.7818785 1.1257015 1.0977852 1.2042052 1.2384952 0.7763780 0.5380987 0.8289890 1.0961844 1.9504413 1.0161897 0.9180401 1.0219340 1.1985224 0.9929722 1.0691606 1.2939435 1.3135786 3.2819818 2.8428589 3.5986445 3.1554213 3.2500287 0.9720650 1.6317439 1.8049545 3.0365547 1.7573403 1.7878647 1.8151609 1.7592881 1.7434849 2.5734341 3.1103540 1.8241460 2.6753585 1.8729304 2.5759992 1.2254284 1.3659007 0.8661039 1.7415747 0.9941951 1.0265151 1.4737566 1.8747131 1.3590784 1.8703622 1.9621334 2.0004049 2.7794829 2.0257139 
Ctel_gnl_WGS_AMQN_CAPTEDRAFT_mRNA148777               1.6126977 0.9236038 1.2520924 1.3891590 1.1680072 1.3892786 1.3924866 1.3778179 0.4640277 0.6341829 1.0833805 0.0000000 1.1289499 1.3962201 1.3195395 1.4190474 1.1845975 1.3667264 1.4037962 1.4248581 1.4501630 1.4566635 1.4474749 1.2003233 0.6096995 1.3442682 2.8447312 2.1886509 1.2945106 1.3076907 1.3752567 1.3162364 1.3291934 1.1330514 1.0069912 1.0406728 3.0251899 1.3330055 1.2587601 1.3477149 1.1344971 1.2438695 1.4415353 1.4393917 1.4243798 3.2058983 3.2169890 4.8497352 3.8552135 3.4550981 1.0134167 1.7253335 1.9135249 3.0503524 1.9460429 1.9920575 2.0097125 1.8363679 1.8798670 2.6166162 3.6978307 1.9629604 2.9319165 1.8992481 2.7697575 1.3014635 1.4220196 2.5758805 5.3376989 1.5033338 2.5078272 1.4690233 2.3028496 1.7358982 2.7427018 2.6485463 2.3947687 3.4511889 2.2112699 
Bralan_BLAG16000199_1                                 1.8542459 0.8009958 1.0949925 1.3121403 0.9970525 1.3202485 1.3497353 1.3210592 0.4776476 0.5846049 1.1843139 1.1289499 0.0000000 0.7010151 1.3577729 1.3064629 0.9610274 1.2899812 1.3535554 1.3960223 1.3831937 1.4330320 1.4325792 1.1916180 0.4759400 1.2104900 2.7625847 1.9807320 1.3993096 1.3443020 1.4021651 1.0544862 1.4637672 1.1756910 0.8856934 1.0359845 2.2035203 1.2787359 1.2061114 1.2951446 1.1116401 1.1278707 1.3776326 1.2350315 1.3815750 4.3364048 3.4507082 3.4615036 3.2953799 3.2683546 0.9033656 1.7441420 1.9418889 3.1996427 1.9077803 1.8498997 1.9310065 1.8381635 1.8091817 2.5912895 3.2686410 1.8678377 2.8988107 1.8774633 2.7867046 1.4326237 1.4499382 2.5024232 3.3178479 1.5233849 2.4649214 1.4161968 2.0253957 1.5364127 2.3335424 2.0924906 2.2126793 3.0747927 2.4782803 
Stycar_maker-SC_scaffold1793-augustus-gene-0.2-mRNA-1 2.0844642 0.8791810 0.8818272 1.0867174 0.3997815 1.2206888 1.0516873 1.2825259 1.1605533 0.0000010 0.8566211 1.3962201 0.7010151 0.0000000 0.5215028 1.4891530 0.7010748 0.8897712 0.8897712 0.8443162 0.8138255 0.7772097 0.7180933 0.9185625 0.0000010 0.8011952 0.8650716 0.7175647 1.0505745 1.0545438 1.1698006 1.0829812 0.7887285 0.7887285 0.8460040 0.8694484 0.0000010 0.9512776 0.8246962 0.8031399 1.0856293 0.5207188 1.0506154 1.2285719 1.2050270 4.3216902 2.2329004 0.0000010 9.0000000 5.5177682 0.4916565 2.0270265 2.0270265 0.0000010 1.7963677 1.4178449 1.5905878 1.6413726 1.6413726 1.6413726 6.0882633 1.5083181 1.5249508 1.4520946 1.5249508 1.3201030 1.0871557 0.0000010 0.0000010 1.9817720 0.0000010 0.8330939 1.1712721 1.2144665 0.6574387 1.1467522 1.2096320 8.9999989 0.7387623 
Tetwil_g26043.t2                                      1.7822040 0.8574426 1.2334413 1.2567973 0.8270522 1.3292984 1.2462743 1.3048562 0.5771723 0.6654518 1.2002225 1.3195395 1.3577729 0.5215028 0.0000000 1.4225867 1.1511950 1.2630144 1.2993246 1.3820354 1.4295150 1.4950065 1.4851105 1.2896720 0.4644122 0.9003217 1.7334428 1.3151948 1.0824488 1.0319715 1.0961919 1.3180861 1.4650717 1.2119753 0.7503145 1.0498317 2.4901785 1.3167056 1.2782483 1.3907716 1.2700032 1.2423368 1.3303885 1.4318403 1.4072656 3.3238210 3.1943538 4.7486436 4.0733366 3.9045994 0.8358873 1.5381781 1.8380699 3.2781123 1.7165426 1.7766128 1.8471538 1.5041829 1.5508560 2.2077843 4.1926081 1.7564230 2.8181136 1.7856122 2.3529698 1.3350633 1.5411826 2.2008270 4.3489241 1.5178457 2.2456253 1.3404849 1.9560619 1.5419760 2.7993331 2.5090317 2.4876030 4.3515929 1.6626019 
Dpul_mRNA23053                                        2.2958490 0.9361019 1.3137232 1.4026496 1.0474907 1.7186476 1.5840314 1.6178653 0.7067750 0.9077375 1.3544175 1.4190474 1.3064629 1.4891530 1.4225867 0.0000000 1.3116898 1.7189742 1.7165513 1.7735950 1.8287379 1.7741458 1.7769256 1.4669460 0.6472424 1.6038294 3.1361771 2.5571031 1.4421387 1.4212915 1.5736154 1.3547206 1.7404467 1.3758974 1.0542478 1.2293242 3.0197600 1.6418619 1.5848610 1.5794762 1.3049424 1.3018824 1.6759330 1.4125483 1.8094282 4.5381412 3.6721290 3.9765220 3.7324923 3.8500574 1.0718479 1.9763814 2.1900419 3.2908208 2.0531578 2.2913002 2.1689486 2.1906202 2.1427039 2.9753571 3.6502464 2.2712909 3.2998372 2.2201088 3.0975031 1.6241065 1.4886501 2.6508567 5.6405386 1.7343778 2.0606995 1.5665956 2.9644041 1.9016397 2.7583504 2.5701437 2.9991508 3.5868150 2.6954891 
Skow_XM_002739413.2                                   1.5764289 0.7959539 1.1394427 1.1781394 1.0234767 1.3008144 1.3578428 1.3436023 0.5560587 0.6634431 1.0672501 1.1845975 0.9610274 0.7010748 1.1511950 1.3116898 0.0000000 1.2887338 1.3747338 1.4245701 1.4298655 1.3992259 1.3922177 1.0530229 0.5563882 1.2330462 2.6445220 1.9676447 1.3563030 1.2821820 1.3810143 1.0964830 1.3300714 1.0912396 0.9038831 1.0862880 2.0705531 1.0889206 1.0688691 1.1862473 1.1154276 1.1433304 1.2100408 1.0445195 1.3579319 2.9070784 2.3791140 2.7894999 2.4317807 2.3721205 0.9547946 1.5625810 1.7263089 2.2109919 1.5545066 1.6447414 1.7188938 1.6750892 1.6886978 2.3142917 2.8777988 1.6660018 2.3773336 1.6644542 2.1598286 1.4248401 1.3558962 2.3459066 3.7703078 1.5365293 2.4694983 1.3453484 2.1405430 1.5673530 2.4028362 2.1423757 2.2938200 2.7904839 1.9474823 
Tadh_TriadT58231                                      1.6952033 0.9156972 1.0686494 1.2131304 1.3840020 1.5082434 1.4295961 1.3608229 0.6745914 0.8931073 1.1314152 1.3667264 1.2899812 0.8897712 1.2630144 1.7189742 1.2887338 0.0000000 0.0000010 0.2806663 0.2945815 0.3100775 0.2999281 1.1434709 0.6423312 1.3230408 3.5193148 1.8751367 1.3919339 1.4243956 1.2852040 1.2401053 1.4074490 1.1153574 0.8899450 1.1362107 4.0502109 1.3551727 1.3329682 1.2738997 1.4804736 1.1102608 1.4571628 1.2763877 1.4539303 2.7328728 2.7123199 3.8464642 3.7589726 3.8052583 1.0767322 1.6579636 1.8875543 2.5898373 1.8248824 1.9428434 1.9612571 1.8105315 1.8350685 2.4591390 2.7597283 1.7539360 2.2556146 1.7919658 1.9643729 1.3033238 1.5849153 3.5459145 4.6134374 1.3957767 3.0453023 1.3403505 2.0283503 1.8642556 3.5843176 2.4335700 3.0316951 3.2472526 3.3861072 
TrH2_TrispH2_004469-RA                                1.6952033 0.9045428 1.1614540 1.2459061 1.3157174 1.4204482 1.4471444 1.3940640 0.6424141 0.8340249 1.2361209 1.4037962 1.3535554 0.8897712 1.2993246 1.7165513 1.3747338 0.0000010 0.0000000 0.3060518 0.3264184 0.3395029 0.3357990 1.1764012 0.5710998 1.4208359 3.5947030 2.1820587 1.4176539 1.3991147 1.3425656 1.3157282 1.4636518 1.1934324 0.8423562 1.3552858 3.0305917 1.3093081 1.3453793 1.3048231 1.4909304 1.1729563 1.4778690 1.3452525 1.5085689 3.2840201 2.9440806 3.4185440 3.1755560 3.3771361 1.0536670 1.7459880 1.9296943 3.6762469 1.9462519 2.0437337 2.0448911 1.9313888 1.8780916 2.6342890 3.0440894 1.8821869 2.5715297 1.8997864 2.5244187 1.3562727 1.5628835 2.6076136 4.6134374 1.3987549 2.3422775 1.4892424 2.0544882 1.7825844 2.8103170 2.6356033 2.9694947 3.1995483 2.5777817 
HoiH23_PlH23_010163-RA                                1.6947777 0.9429162 1.1739250 1.2852501 1.2950797 1.3766706 1.3997377 1.3911363 0.6353722 0.8562002 1.2607050 1.4248581 1.3960223 0.8443162 1.3820354 1.7735950 1.4245701 0.2806663 0.3060518 0.0000000 0.0538126 0.1464574 0.1510089 1.2175057 0.5916963 1.4460955 3.8028820 2.3025076 1.3612632 1.4251190 1.3531105 1.3991855 1.4498500 1.1861739 0.8818668 1.3409139 3.4775662 1.3388013 1.3748924 1.3163291 1.4816190 1.2576183 1.4457567 1.4424602 1.6581146 3.6138153 3.1364734 3.9645346 3.4131859 3.6735472 1.1505442 1.8007577 1.9553640 3.9052834 2.0252128 2.0854266 2.1617415 2.0253459 1.9935005 2.9284249 3.7660931 1.9957836 2.8364066 2.0118628 2.5723038 1.3812527 1.5987560 3.2973113 5.1251855 1.5054635 2.4594753 1.5143501 2.2545299 1.7367677 3.1955228 2.8114903 2.8946387 3.7912042 2.7781156 
HoiH06_mRNA2950                                       1.6145689 0.9330760 1.1778155 1.2803458 1.3878523 1.4098917 1.4142914 1.4034652 0.6520680 0.8498749 1.2956459 1.4501630 1.3831937 0.8138255 1.4295150 1.8287379 1.4298655 0.2945815 0.3264184 0.0538126 0.0000000 0.1669338 0.1667053 1.2165580 0.6078409 1.4662316 3.8340707 2.3102881 1.3545619 1.3845637 1.3386036 1.3854914 1.4516856 1.1735026 0.8812689 1.3351803 3.5385681 1.3437989 1.3680704 1.3047170 1.4849101 1.2584602 1.4201422 1.4336238 1.6698293 3.6786161 3.1513981 3.7135455 3.4336648 3.6963357 1.1654225 1.8010133 1.9500784 4.0682916 2.0163633 2.0832034 2.1116864 2.0070174 1.9828557 2.8874234 3.5636392 1.9516962 2.7526458 1.9736973 2.5405133 1.3927026 1.5886767 3.6378351 7.1253547 1.5377112 2.3609912 1.4686396 2.2270786 1.7382625 3.3029392 2.8619539 2.8652528 3.7046641 2.7357379 
Hhon_g09734.t1                                        1.8343659 0.9747253 1.2178603 1.3186204 1.2918610 1.4631707 1.4443132 1.4496182 0.6399356 0.8761480 1.3219354 1.4566635 1.4330320 0.7772097 1.4950065 1.7741458 1.3992259 0.3100775 0.3395029 0.1464574 0.1669338 0.0000000 0.0146305 1.2098800 0.5978564 1.4698315 3.5494107 2.3830818 1.4265398 1.4614365 1.3869173 1.4575253 1.4776641 1.2061124 0.8525608 1.4003042 3.1280837 1.3594761 1.3572208 1.3370822 1.4564379 1.2475822 1.4426839 1.4286746 1.6570305 3.4878675 3.0423258 3.7775241 3.1857597 3.4439824 1.1901225 1.8338105 1.9782036 3.1248231 1.9630392 2.0867740 2.1136618 2.1464639 2.0786850 3.0464769 3.3882413 1.9942111 2.7724136 2.0190752 2.6259437 1.4168287 1.6480344 2.6180597 5.1510074 1.4611225 2.2304986 1.5969834 2.4118114 1.8498740 3.0598398 2.8956818 2.8865753 3.5229892 2.4953541 
HoiH04_mRNA15677                                      1.7789054 0.9706750 1.2143396 1.3223844 1.2918610 1.4460582 1.4370065 1.4335796 0.6399356 0.8761480 1.3187973 1.4474749 1.4325792 0.7180933 1.4851105 1.7769256 1.3922177 0.2999281 0.3357990 0.1510089 0.1667053 0.0146305 0.0000000 1.2048308 0.5978564 1.4679743 3.4935221 2.3613176 1.4125408 1.4334039 1.3763938 1.4407807 1.4656770 1.1995011 0.8489537 1.4001427 3.2251408 1.3582033 1.3585457 1.3160220 1.4601007 1.2570832 1.4496396 1.4192388 1.6358178 3.4259972 3.0154334 3.7787127 3.1854094 3.4439730 1.1901225 1.8342417 1.9685915 3.1208342 1.9613202 2.0761858 2.1138675 2.1309270 2.0787753 3.0479667 3.4331830 1.9907932 2.7660584 2.0159114 2.5954140 1.4214168 1.6444535 2.6401714 5.1457916 1.4515459 2.2425048 1.5923790 2.3511046 1.8315324 3.0775333 2.8371686 2.8316902 3.5093568 2.5206720 
Dgig_XM_028550274.1                                   1.7602738 0.7755968 1.0260398 1.0362510 1.0344681 1.2970068 1.4023577 1.4242710 0.5227382 0.6738976 0.9293244 1.2003233 1.1916180 0.9185625 1.2896720 1.4669460 1.0530229 1.1434709 1.1764012 1.2175057 1.2165580 1.2098800 1.2048308 0.0000000 0.6191871 1.2590034 2.8978862 2.1185004 1.3049222 1.2888448 1.2842664 1.2471486 1.0548987 0.9085666 0.7930990 1.0907523 2.2058408 1.0966526 1.0013037 1.0977351 1.2605181 0.4949829 1.1928457 1.2890382 1.4636513 3.0900202 3.2640024 4.5556019 4.1798079 4.2822372 0.9720819 1.7800908 1.9460835 3.3677952 1.8894777 1.8506776 1.8842360 1.6990395 1.7460350 2.5753688 3.9165580 1.8332726 2.9262585 1.8334532 2.7795305 1.4241283 1.4500374 1.6916843 2.9341336 1.2888135 1.5789465 1.4505162 2.0189778 1.6752214 2.4700112 2.2413611 2.6282367 3.3914260 2.3775187 
Spolac_c100719_g1_i1_m.23327c100719-g1                0.0000010 0.5084290 0.4885618 0.5250066 0.0000010 0.5836831 0.6411672 0.6303747 0.5837921 0.5228613 0.5901193 0.6096995 0.4759400 0.0000010 0.4644122 0.6472424 0.5563882 0.6423312 0.5710998 0.5916963 0.6078409 0.5978564 0.5978564 0.6191871 0.0000000 0.0788299 0.0000010 0.0000010 0.5138814 0.4343345 0.6140809 0.5429466 0.8998230 0.5387159 0.4900307 0.5176992 0.0000010 0.4307441 0.5408509 0.6069010 0.5124704 0.6136599 0.5585800 0.6126893 0.6085898 0.0000010 0.0000010 0.0000010 0.0000010 0.0000010 0.9416112 0.9541195 0.9489634 0.0000010 1.0379801 1.0850993 1.2528283 0.8914353 0.9084111 0.0000010 0.0000010 0.9692101 0.5900838 1.1236843 0.5900838 0.7694392 0.8175300 0.0000010 0.0000010 0.5535200 1.5652141 0.5092200 0.0000010 0.4798255 0.0000010 0.0000010 0.0000010 2.0491766 0.0000010 
Emue_Em0005g1538a.t1                                  1.4441385 0.7692315 1.0925335 1.1216090 1.2269368 1.2266366 1.2671202 1.2867865 0.5838485 0.6999356 1.1814850 1.3442682 1.2104900 0.8011952 0.9003217 1.6038294 1.2330462 1.3230408 1.4208359 1.4460955 1.4662316 1.4698315 1.4679743 1.2590034 0.0788299 0.0000000 0.2711374 0.2151200 1.1672367 1.1739773 1.1489870 1.3424561 1.3644558 1.1195454 0.8483097 1.1976498 2.3236190 1.2366741 1.1982659 1.2606667 1.3753272 1.2194505 1.2688071 1.5178685 1.3834054 3.5064566 3.0588532 3.9904834 3.8315311 3.4261544 0.9778319 1.6316828 1.8749739 3.2752909 1.8663414 2.0032261 1.9663533 1.8950092 1.8454738 2.7068400 4.1934604 1.9438319 2.9020431 1.9289557 2.6510579 1.3997726 1.4709780 1.9564752 3.8226055 1.2359879 1.8764929 1.5556988 1.8920292 1.4879475 2.0640244 2.3311294 2.2142949 4.1294592 1.5777738 
Spolac_c100719_g2_i1_m.23329c100719-g1                0.0000010 3.0870404 2.5611520 2.3724838 1.2321445 2.0079563 2.3189492 2.6162361 0.0000010 3.1126042 2.3748207 2.8447312 2.7625847 0.8650716 1.7334428 3.1361771 2.6445220 3.5193148 3.5947030 3.8028820 3.8340707 3.5494107 3.4935221 2.8978862 0.0000010 0.2711374 0.0000000 0.0093395 2.5431494 2.5393314 2.3465456 2.9027358 2.3399439 2.2855988 1.5623359 3.3433610 2.2862689 2.4369927 2.6869278 2.6340110 3.1077272 2.8470128 2.6523601 3.4919737 3.3551881 5.1995254 3.4570064 3.7556108 3.5013914 3.1193692 0.0000010 2.9402774 3.8650779 3.4188434 3.3336721 4.4721715 4.0701453 4.1975736 3.2783432 3.2783432 3.8353164 3.7909187 3.7909187 4.0113414 3.8427010 4.8424780 3.0068121 2.0044126 3.8708626 1.9341385 1.9077191 3.0257960 2.3522735 2.3743000 1.9908146 2.3640419 2.5055890 4.1121741 1.6762755 
Spolac_c100719_g2_i2_m.23330c100719-g1                1.4779256 1.0934813 1.6470987 1.6416894 1.0960094 1.7608263 1.8746415 1.8782709 1.0956817 1.4198862 1.7818785 2.1886509 1.9807320 0.7175647 1.3151948 2.5571031 1.9676447 1.8751367 2.1820587 2.3025076 2.3102881 2.3830818 2.3613176 2.1185004 0.0000010 0.2151200 0.0093395 0.0000000 1.6886348 1.6563552 1.5808742 2.1670940 1.9602211 1.7495729 1.3348529 1.9631464 2.2862689 1.8403849 1.8527593 1.9021159 2.1505940 2.0786254 1.9769638 2.3015298 2.3442613 3.4048096 2.9512569 3.7556108 3.7111123 3.3730732 1.2781581 2.3456028 2.7723744 3.0129765 2.6194551 2.7955437 2.7056330 2.4229891 2.3661826 2.5566315 3.8254156 2.5605642 2.8392287 2.6430206 2.6126178 2.3409503 2.2227471 2.0044126 3.8708626 2.0605068 1.9077191 2.3321387 1.8956850 1.8695613 1.9577161 2.1842667 2.2566904 3.8162735 1.7019383 
Aque_Aqu2.1.28636_001                                 1.6469847 0.7583866 1.1320080 1.1588315 0.8521421 1.2709039 1.2234716 1.3098805 0.5246351 0.6573233 1.1257015 1.2945106 1.3993096 1.0505745 1.0824488 1.4421387 1.3563030 1.3919339 1.4176539 1.3612632 1.3545619 1.4265398 1.4125408 1.3049222 0.5138814 1.1672367 2.5431494 1.6886348 0.0000000 0.0257648 0.5625903 1.2904582 1.5820898 1.1707099 0.8502458 1.0512403 2.3563959 1.3784668 1.2644116 1.3076859 1.3783033 1.1994400 1.3563496 1.2881860 1.4733459 3.3734542 3.2388356 4.2633440 3.6483055 3.4916136 0.9458774 1.6543274 1.8715035 3.5276173 1.8953933 1.8938981 1.9654158 1.7408961 1.8180457 2.6641090 4.4466303 1.9779382 3.0848116 1.9209488 2.7532113 1.4340941 1.4846680 2.8596464 5.8823369 1.4537010 2.5382769 1.5653769 2.3412178 1.5345385 2.0928378 2.1831430 2.4143665 4.1264985 2.1604736 
Aque_Aqu2.1.13314_001                                 1.6003100 0.6980261 1.1495852 1.1712308 0.8484580 1.2539727 1.1936879 1.2995680 0.4792753 0.6479213 1.0977852 1.3076907 1.3443020 1.0545438 1.0319715 1.4212915 1.2821820 1.4243956 1.3991147 1.4251190 1.3845637 1.4614365 1.4334039 1.2888448 0.4343345 1.1739773 2.5393314 1.6563552 0.0257648 0.0000000 0.4989428 1.2448702 1.3316969 1.1962058 0.8696153 1.0138744 2.4104981 1.3330999 1.2606791 1.2306386 1.3458921 1.1614154 1.3540771 1.2501661 1.4344651 3.3480751 3.1718619 4.1848468 3.5442562 3.4485598 0.9040312 1.6566269 1.8987907 3.3380588 1.9086114 1.8527625 1.7643450 1.6678242 1.7212768 2.5704438 4.1395060 1.8871480 2.8811305 1.8652116 2.5745284 1.3217570 1.4105824 2.8523513 5.8394931 1.4793999 2.4857613 1.5053406 2.2345417 1.4595403 1.9231871 2.0105276 2.2641687 3.9136555 2.1348809 
Halamb_c54267_g1_i1mm.5805                            1.9875213 0.8766260 1.2247906 1.2708149 0.6039945 1.2502825 1.2272139 1.2510555 0.6191143 0.7619905 1.2042052 1.3752567 1.4021651 1.1698006 1.0961919 1.5736154 1.3810143 1.2852040 1.3425656 1.3531105 1.3386036 1.3869173 1.3763938 1.2842664 0.6140809 1.1489870 2.3465456 1.5808742 0.5625903 0.4989428 0.0000000 1.3570831 1.5258085 1.2310823 0.8536597 1.1381022 2.8758001 1.3613055 1.3525742 1.2549568 1.4140871 1.2141018 1.3755464 1.3327700 1.6882946 3.6882230 2.9636274 3.2053606 3.2969897 2.9417414 0.9948638 1.7313380 1.8907004 3.4153842 1.8588372 1.9153671 1.9401907 1.7265983 1.8058807 2.6172327 3.9737003 1.9501157 2.9737950 1.9504593 2.7869119 1.4892300 1.5835487 2.4823987 5.4698823 1.5068538 2.5482995 1.5840657 2.0532409 1.4714954 1.9399963 2.1655237 2.3969827 3.5304543 1.8182942 
Hsap_ENST00000314045                                  1.6813923 0.9443009 1.1917071 1.2825365 1.3394039 1.3030314 1.4939312 1.4128338 0.5980000 0.7130209 1.2384952 1.3162364 1.0544862 1.0829812 1.3180861 1.3547206 1.0964830 1.2401053 1.3157282 1.3991855 1.3854914 1.4575253 1.4407807 1.2471486 0.5429466 1.3424561 2.9027358 2.1670940 1.2904582 1.2448702 1.3570831 0.0000000 1.5112811 1.2659106 0.9228807 1.1317003 2.6405762 1.3850182 1.3112688 1.4230904 1.2397626 1.1978806 1.4203184 1.2596567 1.6605084 3.2468536 3.4233475 6.0683645 3.8626205 3.8355463 0.8535208 1.7472960 1.9778390 3.3058213 1.9674320 1.8742276 1.9455905 1.8207500 1.9084975 2.9606720 3.6238058 1.8428389 2.8786479 1.8489076 2.4070972 1.5191635 1.4250458 2.6727011 3.8906732 1.5471655 2.6454603 1.6102046 2.1437115 1.6973761 2.4395544 2.4668997 2.4258199 3.6836816 2.0128868 
Exapal_XM_028663813.1                                 0.8323504 0.9640571 0.9293886 1.0043327 1.0726990 1.3336667 1.4532593 1.4308727 0.8627470 0.7401547 0.7763780 1.3291934 1.4637672 0.7887285 1.4650717 1.7404467 1.3300714 1.4074490 1.4636518 1.4498500 1.4516856 1.4776641 1.4656770 1.0548987 0.8998230 1.3644558 2.3399439 1.9602211 1.5820898 1.3316969 1.5258085 1.5112811 0.0000000 0.1584967 0.9929238 1.4994351 2.0104015 1.1506450 1.1694763 1.2543531 1.5225507 1.1413853 1.3797058 1.5248074 1.5738524 2.5833195 2.2380388 1.8490604 2.4199128 2.4607808 1.4368700 2.0514770 2.0425342 2.8876707 1.9116667 1.9723565 1.9019217 1.9093305 1.8586618 2.2725467 3.4498635 1.8642062 2.3596645 1.9778005 2.3596645 1.6062611 1.5514653 0.7340934 0.0000010 1.2185166 1.1324396 1.5927048 1.8644081 1.6050678 1.6786124 2.0071063 1.9211586 4.1927228 1.6856907 
Exapal_XM_021055942.2                                 0.8180970 0.5833801 0.7322310 0.7700590 0.7023274 1.2150645 1.2559980 1.2850431 0.5282153 0.5972690 0.5380987 1.1330514 1.1756910 0.7887285 1.2119753 1.3758974 1.0912396 1.1153574 1.1934324 1.1861739 1.1735026 1.2061124 1.1995011 0.9085666 0.5387159 1.1195454 2.2855988 1.7495729 1.1707099 1.1962058 1.2310823 1.2659106 0.1584967 0.0000000 0.7815855 1.1016290 2.1793548 1.0377111 0.9581299 1.0534296 1.2304899 0.9126947 1.0967049 1.2069431 1.3603992 2.5114373 2.6752304 3.9751086 3.4332865 3.5318182 0.9064472 1.6193372 1.7529244 2.8913621 1.7027280 1.7971312 1.7434874 1.5832934 1.6656714 2.3145969 3.3624431 1.7609667 2.5676626 1.7794180 2.3433497 1.1985771 1.4402984 1.2110286 2.4481581 1.0120216 1.2507925 1.4072336 1.9700942 1.4879257 2.4716262 2.2102887 2.1427631 3.7378300 2.2259248 
Plespi_Pspi_scaffold18978_01                          1.7403795 0.8425542 0.7795724 0.8585803 1.1650728 0.9393622 0.8906033 0.9307039 0.6312753 0.6069291 0.8289890 1.0069912 0.8856934 0.8460040 0.7503145 1.0542478 0.9038831 0.8899450 0.8423562 0.8818668 0.8812689 0.8525608 0.8489537 0.7930990 0.4900307 0.8483097 1.5623359 1.3348529 0.8502458 0.8696153 0.8536597 0.9228807 0.9929238 0.7815855 0.0000000 0.8561152 0.0000010 0.8486692 0.8389053 0.8306241 0.9217113 0.6951134 0.8346614 0.9122066 1.0347372 2.4998521 2.1036109 0.0000010 6.2816091 7.0168918 0.9039634 1.3444066 1.3470053 1.8982384 1.2081566 1.2835008 1.3173433 1.3086829 1.2793488 1.8279726 2.7515416 1.2477896 1.7684983 1.3138523 1.7684983 1.0408720 1.0665056 1.3261702 0.0000010 1.0210558 1.1422769 0.8852788 1.6168527 1.0144853 0.2720731 1.6589150 1.7274882 3.4856452 1.7661754 
Acagra_model.g23489.t1                                1.6001327 0.8484182 1.1036743 1.1756802 1.0754642 1.1185168 1.0931286 1.0998356 0.4800094 0.5687453 1.0961844 1.0406728 1.0359845 0.8694484 1.0498317 1.2293242 1.0862880 1.1362107 1.3552858 1.3409139 1.3351803 1.4003042 1.4001427 1.0907523 0.5176992 1.1976498 3.3433610 1.9631464 1.0512403 1.0138744 1.1381022 1.1317003 1.4994351 1.1016290 0.8561152 0.0000000 3.2866109 1.1375857 1.1141435 1.2269272 0.8990804 1.0995108 1.2800751 1.1300819 1.3129001 2.8313712 2.7711471 6.0502586 4.1068941 4.0836527 0.9460163 1.7349602 1.7989613 3.4839672 1.6801135 1.7120557 1.7938466 1.6258150 1.6825656 2.4078496 4.0235777 1.7177651 2.5716138 1.7617749 2.4878351 1.2954239 1.2773539 3.1311042 5.1080133 1.4424034 3.2296249 1.3547946 1.9257638 1.3912193 2.9622912 1.9271098 2.1816232 3.3804685 2.2710953 
Nemnom_g737.t1                                        0.0000010 0.0000010 2.5374629 2.4450978 2.0114722 3.0135126 2.2028608 2.8665006 0.0000010 5.8975709 1.9504413 3.0251899 2.2035203 0.0000010 2.4901785 3.0197600 2.0705531 4.0502109 3.0305917 3.4775662 3.5385681 3.1280837 3.2251408 2.2058408 0.0000010 2.3236190 2.2862689 2.2862689 2.3563959 2.4104981 2.8758001 2.6405762 2.0104015 2.1793548 0.0000010 3.2866109 0.0000000 0.6058463 0.3446310 1.1103264 3.0388312 2.1435435 1.8557274 2.8700401 2.2389827 4.0773076 3.6135106 4.0730866 3.6135106 3.6135106 0.0000010 2.3947854 4.0627118 2.3777688 3.4071928 3.6205009 3.3354285 2.5776103 2.0016062 2.0016062 3.2883216 3.2883216 3.2883216 3.4741057 2.7875652 2.3161251 2.1226428 2.3195330 3.8387573 2.2602717 2.1899569 3.3952042 2.5118942 2.8970091 2.7734652 2.5509458 3.3764517 3.3985020 2.1146473 
Aaur_scaffold229.g5.t2                                1.1711229 0.7473925 1.1218031 1.1917406 1.1197352 1.2495926 1.2051154 1.3005360 0.4519955 0.6274663 1.0161897 1.3330055 1.2787359 0.9512776 1.3167056 1.6418619 1.0889206 1.3551727 1.3093081 1.3388013 1.3437989 1.3594761 1.3582033 1.0966526 0.4307441 1.2366741 2.4369927 1.8403849 1.3784668 1.3330999 1.3613055 1.3850182 1.1506450 1.0377111 0.8486692 1.1375857 0.6058463 0.0000000 0.3993634 0.5498464 1.2892214 1.1812226 0.9170535 1.3931569 1.1819840 3.9091837 3.2575766 4.1495552 3.4061303 3.4059385 0.9947904 1.8630200 2.1618158 2.6337809 1.9871492 2.1608535 1.9772142 1.8925142 1.8335255 2.6678487 4.2236690 2.0129004 2.8915795 2.0212919 2.5377039 1.1053971 1.3297605 1.9070614 3.8878906 1.4417496 1.6807886 1.5193760 1.9520703 1.4471440 2.5248672 2.1058141 2.3591471 3.2264110 1.9526158 
Rhoesc_Res_012879-T1                                  1.2966360 0.7412295 1.0894394 1.1449957 0.9101778 1.2699423 1.2518472 1.3124179 0.4676125 0.6007692 0.9180401 1.2587601 1.2061114 0.8246962 1.2782483 1.5848610 1.0688691 1.3329682 1.3453793 1.3748924 1.3680704 1.3572208 1.3585457 1.0013037 0.5408509 1.1982659 2.6869278 1.8527593 1.2644116 1.2606791 1.3525742 1.3112688 1.1694763 0.9581299 0.8389053 1.1141435 0.3446310 0.3993634 0.0000000 0.6534251 1.2607063 1.0229602 0.9583860 1.3862101 1.0701806 4.2445650 3.1133064 3.3361446 3.0793182 2.9623152 0.9512706 1.6467812 1.9070272 2.6213694 1.8210898 1.8976940 1.9611724 1.7963784 1.7705063 2.4110140 3.6938223 1.8868592 2.7340763 1.9224109 2.5140345 1.1427727 1.3554628 2.2941633 5.0909081 1.3419361 1.9467116 1.5202937 1.8867782 1.5156580 2.4725137 2.3052620 2.6363084 3.2495653 2.0789553 
Sanmal_Sma_016828-T1                                  1.3024983 0.7348797 1.1465337 1.2252918 0.9206347 1.2159558 1.1917057 1.2693166 0.4746066 0.5465447 1.0219340 1.3477149 1.2951446 0.8031399 1.3907716 1.5794762 1.1862473 1.2738997 1.3048231 1.3163291 1.3047170 1.3370822 1.3160220 1.0977351 0.6069010 1.2606667 2.6340110 1.9021159 1.3076859 1.2306386 1.2549568 1.4230904 1.2543531 1.0534296 0.8306241 1.2269272 1.1103264 0.5498464 0.6534251 0.0000000 1.2554573 1.2146218 1.0176105 1.3138023 1.0725277 3.7052648 3.0514025 3.4052942 3.2242606 3.1910469 0.9235394 1.8794774 2.0441977 3.0629382 1.9804659 1.9471592 1.8938355 2.0023831 1.9794401 2.6795752 3.7600434 1.8796351 2.6123192 1.8775903 2.4750040 1.0551057 1.3977128 2.0174573 3.2520686 1.4196506 2.1551520 1.5042023 1.8565798 1.5079740 2.5060330 2.1207323 2.3999455 3.1300661 1.8983490 
Cgig_XM_034478484.1                                   1.9925838 0.9816819 1.2803211 1.3496554 1.2259542 1.4326466 1.3838361 1.3531530 0.5711571 0.7296397 1.1985224 1.1344971 1.1116401 1.0856293 1.2700032 1.3049424 1.1154276 1.4804736 1.4909304 1.4816190 1.4849101 1.4564379 1.4601007 1.2605181 0.5124704 1.3753272 3.1077272 2.1505940 1.3783033 1.3458921 1.4140871 1.2397626 1.5225507 1.2304899 0.9217113 0.8990804 3.0388312 1.2892214 1.2607063 1.2554573 0.0000000 1.2050297 1.2583030 1.2370379 1.4916041 3.8640527 3.2906779 3.4381511 3.4233962 3.3932801 0.9523464 1.8224242 1.9940548 3.7093261 1.8394275 1.9237476 1.9166102 1.8543112 1.8312927 2.6046004 3.3868556 1.8366575 2.6924789 1.8931392 2.8744705 1.3975962 1.4036605 2.9736047 7.1832268 1.5726119 2.4616828 1.4103191 2.6005520 1.6929314 2.3489842 2.1119129 2.6542721 3.4108170 2.0038863 
Xesp_002512-T1                                        4.4501698 0.7017792 1.0110437 1.0592146 0.9772313 1.2726280 1.3596947 1.3360996 0.5490878 0.6282449 0.9929722 1.2438695 1.1278707 0.5207188 1.2423368 1.3018824 1.1433304 1.1102608 1.1729563 1.2576183 1.2584602 1.2475822 1.2570832 0.4949829 0.6136599 1.2194505 2.8470128 2.0786254 1.1994400 1.1614154 1.2141018 1.1978806 1.1413853 0.9126947 0.6951134 1.0995108 2.1435435 1.1812226 1.0229602 1.2146218 1.2050297 0.0000000 1.1806565 1.1819840 1.3240323 3.9615681 3.6935189 3.8874806 3.7918059 3.6655725 0.9155456 1.6992013 1.8822633 3.9976239 1.8112501 1.8423705 1.8662585 1.6528014 1.7079615 2.9120961 4.0593591 1.7833697 3.1876916 1.7865336 3.1685206 1.2135156 1.4005675 2.0514197 3.5498186 1.3225507 1.7646723 1.4548654 2.5528306 1.6249265 2.4251315 2.1480444 2.5541860 3.0580660 2.8884141 
Morvir_scaffold29.g108.t1                             1.3799584 0.8424176 1.1791045 1.2470065 1.0385281 1.3611825 1.3437476 1.3317199 0.5655169 0.7065249 1.0691606 1.4415353 1.3776326 1.0506154 1.3303885 1.6759330 1.2100408 1.4571628 1.4778690 1.4457567 1.4201422 1.4426839 1.4496396 1.1928457 0.5585800 1.2688071 2.6523601 1.9769638 1.3563496 1.3540771 1.3755464 1.4203184 1.3797058 1.0967049 0.8346614 1.2800751 1.8557274 0.9170535 0.9583860 1.0176105 1.2583030 1.1806565 0.0000000 1.4492125 1.2312195 4.0292439 3.6091032 4.4233211 4.0553830 3.8837951 0.9475301 1.8476321 2.0893583 3.4491641 2.0229871 2.1338122 2.0633983 1.9071366 1.9264101 2.7239004 4.8647592 2.1278334 3.4085677 2.1711057 2.9581009 1.2229569 1.4911087 2.1419931 3.8220639 1.4877266 1.9394076 1.5518470 2.2855274 1.5756364 2.3262154 2.4343277 2.6411262 3.3601351 2.4256888 
Spur_XM_030973976.1                                   1.9273760 0.8908503 1.2305544 1.2988532 1.1377298 1.3668316 1.4771761 1.4011185 0.6656178 0.7806968 1.2939435 1.4393917 1.2350315 1.2285719 1.4318403 1.4125483 1.0445195 1.2763877 1.3452525 1.4424602 1.4336238 1.4286746 1.4192388 1.2890382 0.6126893 1.5178685 3.4919737 2.3015298 1.2881860 1.2501661 1.3327700 1.2596567 1.5248074 1.2069431 0.9122066 1.1300819 2.8700401 1.3931569 1.3862101 1.3138023 1.2370379 1.1819840 1.4492125 0.0000000 1.5699683 4.3052248 3.1553085 3.0496094 3.2162944 3.2091169 0.8459538 1.7995103 1.8907995 3.6901963 1.8417762 1.7886676 1.8708457 1.6969505 1.7595448 2.4974239 3.5896904 1.8309524 2.8777996 1.8849309 2.8074384 1.5454437 1.5120671 3.1689138 5.9909920 1.6855925 3.1247173 1.6411409 2.0467379 1.6313588 2.5436509 2.5913880 2.5786841 3.0477625 2.4733310 
Chem_TCONS_00017218                                   1.7152994 0.8818186 1.3136489 1.3590903 1.2466012 1.5166831 1.4980266 1.4548630 0.5576440 0.7475658 1.3135786 1.4243798 1.3815750 1.2050270 1.4072656 1.8094282 1.3579319 1.4539303 1.5085689 1.6581146 1.6698293 1.6570305 1.6358178 1.4636513 0.6085898 1.3834054 3.3551881 2.3442613 1.4733459 1.4344651 1.6882946 1.6605084 1.5738524 1.3603992 1.0347372 1.3129001 2.2389827 1.1819840 1.0701806 1.0725277 1.4916041 1.3240323 1.2312195 1.5699683 0.0000000 4.0588503 3.0745790 3.1498246 3.2279151 3.0394304 0.9399757 1.7274856 1.9829085 3.2869439 1.9142374 1.8468921 1.9508107 2.0250442 1.9198588 2.7286507 4.2097563 1.9156298 2.7857270 1.8807695 2.5394847 0.8239341 1.5648587 2.7003854 6.8065368 1.5947560 3.0865282 1.6835157 2.7097118 1.9305372 2.7113230 2.5733605 2.9330753 3.0044599 2.4269883 
Mertsp_Mesp_sb572485                                  2.9555766 2.9134347 3.8116133 3.3515889 9.0000000 3.6333387 3.1800531 3.1940202 0.0000010 0.0000010 3.2819818 3.2058983 4.3364048 4.3216902 3.3238210 4.5381412 2.9070784 2.7328728 3.2840201 3.6138153 3.6786161 3.4878675 3.4259972 3.0900202 0.0000010 3.5064566 5.1995254 3.4048096 3.3734542 3.3480751 3.6882230 3.2468536 2.5833195 2.5114373 2.4998521 2.8313712 4.0773076 3.9091837 4.2445650 3.7052648 3.8640527 3.9615681 4.0292439 4.3052248 4.0588503 0.0000000 0.0000010 0.0000010 0.1337222 0.1550499 0.0000010 0.8187610 0.8371601 0.6192614 0.4874859 0.8839168 1.4977234 0.8230880 0.8230880 0.8230880 1.8054712 1.2258915 1.2258915 1.2027221 1.2258915 5.0333311 2.9808608 2.4342318 0.0000010 3.5376388 2.3147502 4.1036448 3.0893704 2.9794801 2.5081003 4.0375879 3.9230559 2.9849070 2.2887383 
Bolinf_Binf_sb1278750                                 2.8498083 2.2860527 3.2598340 3.0550607 2.0997827 3.0925209 2.7572801 2.7574885 5.6868879 2.3757028 2.8428589 3.2169890 3.4507082 2.2329004 3.1943538 3.6721290 2.3791140 2.7123199 2.9440806 3.1364734 3.1513981 3.0423258 3.0154334 3.2640024 0.0000010 3.0588532 3.4570064 2.9512569 3.2388356 3.1718619 2.9636274 3.4233475 2.2380388 2.6752304 2.1036109 2.7711471 3.6135106 3.2575766 3.1133064 3.0514025 3.2906779 3.6935189 3.6091032 3.1553085 3.0745790 0.0000010 0.0000000 0.0000010 0.0237495 0.0189381 0.0000010 0.7883714 0.7968146 0.4270652 0.4165136 0.7969178 1.2059799 0.8162177 0.6976289 0.6976289 1.0436129 0.9879327 0.9879327 0.9812049 1.1091449 3.5365602 2.9569856 3.5512140 6.6708330 3.6446016 2.9496751 3.5993080 2.8962572 2.7801764 2.6048624 3.0005364 3.3969657 1.2996092 2.9526422 
