66
Aque_Aqu2.1.41462_001                                   0.0000000 0.0000010 2.1295185 0.0000010 2.2526741 2.0704709 1.6295111 1.8415455 1.7095872 1.9397235 1.7784235 1.7791757 1.7756496 2.0253668 2.1716412 1.8927388 2.1223627 1.8960588 1.8505369 1.8333249 1.8085856 1.7309176 1.8224875 1.7665472 1.8059253 2.8623729 2.1194196 2.1077914 2.0351912 2.2671093 2.1845950 2.1740831 2.5642838 1.6645490 2.0705086 2.0642646 1.9652237 2.0482657 2.4658256 2.1020765 2.0837332 1.9415956 2.2337576 2.5045116 1.9441954 2.1267747 2.1417242 2.1162753 2.1559045 1.8556066 1.7972462 2.0326694 0.0000010 2.4097898 1.9728700 2.2048978 1.9665488 1.5386376 1.8280638 1.9382453 2.7237831 0.0000010 0.7950033 2.7365883 1.4765331 2.4347880 
Stycar_maker-SC_scaffold4321-augustus-gene-0.110-mRNA-1 0.0000010 0.0000000 0.0000010 0.0000010 0.1464685 0.0000010 0.9884592 0.7827752 0.7954327 0.7475360 0.7592423 0.8240360 0.0000010 0.7299624 2.1655246 1.6043863 1.3210653 1.0763243 1.1573802 0.9467228 0.9160956 1.3836298 1.2731984 1.2926749 1.0566589 1.5600710 1.4698759 0.0000010 1.6557061 1.6404515 1.8349996 2.0371278 1.6666208 1.4016956 1.5678820 2.5932206 0.0000010 1.6743056 1.4077429 1.2827533 1.1285706 0.9765906 1.6363755 1.3779483 1.8951928 1.8951928 2.6521431 2.0011443 1.6942468 1.5346452 1.8413953 1.3876601 1.9411128 1.9584642 0.0000010 1.5235624 1.3091026 2.1343977 1.6080349 1.9071577 1.5885029 2.7432265 1.6629239 1.7930937 2.7831087 0.0000010 
Stycar_maker-SC_scaffold4321-augustus-gene-0.109-mRNA-1 2.1295185 0.0000010 0.0000000 0.0291056 0.3390661 0.3122859 0.5578239 0.6470460 0.5917005 0.7148067 0.7091302 0.7784700 2.5670606 0.7577332 0.7662369 0.8637281 0.8314602 1.0830054 1.0552138 1.0724644 1.0681313 1.0072752 0.9485372 0.8965773 0.9210173 1.2408919 0.9766201 0.7154638 0.8212035 0.8079885 0.8678842 0.8815589 0.8480082 0.7607694 0.9180938 0.8998077 1.2336665 0.8395802 1.3121065 1.2278301 1.2115238 0.9962158 1.0372767 0.9511683 0.9373111 0.9616282 0.9815200 1.2949292 1.1820363 1.1436204 1.1131643 1.0779881 1.1781660 1.2300475 1.2171409 0.8528501 1.0100586 1.0717041 0.9080310 1.0813199 1.0602886 0.9610124 1.1132863 1.5483388 1.4708602 1.2599629 
Stycar_maker-SC_scaffold91491-snap-gene-0.4-mRNA-1      0.0000010 0.0000010 0.0291056 0.0000000 0.1078229 0.1086403 0.3348500 0.3848265 0.3521554 0.4600302 0.4577064 0.5285443 3.7230527 0.6208198 0.5617421 0.7094183 0.7270116 0.9600451 0.9012255 0.9294643 0.9294643 0.7834279 0.8225089 0.7088345 0.6506666 1.2806583 0.7733358 0.5334291 0.8442228 0.8207106 0.7150551 0.6861579 0.7355587 0.8099698 0.9551064 0.9289321 0.0000010 0.8291832 1.2383961 1.1061572 1.1980341 0.9717700 1.0246817 0.9441221 0.9019982 0.9019982 0.8951102 1.0169957 1.0848536 0.9692898 1.0588818 0.8255265 1.0780088 1.0907243 1.0571815 0.7002495 1.0192832 0.8787165 0.7318431 1.3148812 0.9332301 0.9608737 0.7335959 1.4948933 1.0964395 0.0000010 
Stycar_maker-SC_scaffold6454-snap-gene-0.108-mRNA-1     2.2526741 0.1464685 0.3390661 0.1078229 0.0000000 0.0726888 0.7377693 0.7722650 0.6885102 0.9163981 0.8580034 0.9754532 1.4957415 0.9421456 1.0112309 0.9978986 0.9156299 1.0055077 0.9832783 1.0061034 0.9865850 1.0306339 0.9697566 1.0267862 0.9380927 1.1483483 1.1160415 1.1139610 1.1969746 1.1606309 1.2072089 1.2215714 1.1729113 1.1179597 1.2194994 1.3890804 1.6515851 1.1814889 1.2671944 1.3642177 1.0752654 0.9403864 1.1978320 1.1637780 1.3324218 1.3400808 1.4919579 1.2765422 1.2244570 1.1195728 1.1565804 1.0679980 1.3375654 1.6757264 1.4855162 1.2135660 1.4760962 1.2194525 1.1852931 1.3595185 1.3264232 1.2694769 1.6126518 1.9481493 1.7229002 1.1241671 
Stycar_maker-SC_scaffold6454-snap-gene-0.109-mRNA-1     2.0704709 0.0000010 0.3122859 0.1086403 0.0726888 0.0000000 0.5258187 0.6598742 0.5639197 0.7581543 0.6888292 0.8025708 1.1844312 0.7825133 0.5501097 0.6933885 0.6798651 0.9372391 0.9117482 0.9030931 0.9135974 0.8995321 0.8244462 0.8042558 0.7668608 0.8001179 0.9717075 0.8482253 0.8484498 0.8050771 0.9115895 0.9188490 0.9272288 0.5859638 0.9833741 0.9553412 1.1616819 0.8741628 0.8855778 1.1655679 0.8099738 0.7897804 0.9189265 0.8989440 1.0148304 1.0393252 1.0082861 0.9502019 0.9654958 0.9243826 0.7079419 0.7549460 0.7087431 1.1916932 0.9236908 0.9767708 1.0157270 0.8285164 0.7641126 1.0609391 0.6930105 0.5259590 1.1787282 1.5254814 1.3463959 1.0848627 
Tetwil_g24601.t2                                        1.6295111 0.9884592 0.5578239 0.3348500 0.7377693 0.5258187 0.0000000 0.8712418 0.8506575 0.9026206 0.8920009 0.9326437 1.2912043 0.9216413 1.0738749 0.9993031 0.8811433 0.9317705 0.9339989 0.9363353 0.9180596 0.8817128 0.8893374 0.9142964 1.0507982 1.3765990 1.1886414 1.0289457 1.1389000 1.1334531 1.2725231 1.3261075 1.3058575 1.0523606 1.2534107 1.3558345 1.3574521 1.2067630 1.2030330 1.2709977 0.9789375 1.0648215 1.1741753 1.1924204 1.2523688 1.2602973 1.3301737 1.2259501 1.2333635 1.1721422 1.1433904 1.0757364 1.3627036 1.3666589 1.1471319 1.1764416 1.4499968 1.1625736 1.1077273 1.1614463 1.3719975 1.3003867 1.2857392 1.8870398 1.6691268 1.3815294 
Emue_Em0008g700a.t1                                     1.8415455 0.7827752 0.6470460 0.3848265 0.7722650 0.6598742 0.8712418 0.0000000 0.1035813 0.5248726 0.5703100 0.5932720 0.8924542 0.6406291 1.0843767 1.1431377 1.0126536 1.1372251 1.1406469 1.2190504 1.1809420 1.1019675 1.0525060 0.9955092 1.2167445 1.2019964 1.1583050 1.0766810 1.1041669 1.1314498 1.1602298 1.2837035 1.1685131 0.9864589 1.1703729 1.2767644 1.3488715 1.1859933 1.2945302 1.3258459 1.2670456 1.0269424 1.1355522 1.2480667 1.2525303 1.2423830 1.3816888 1.3671259 1.3406322 1.2629198 1.1832397 1.2640226 1.4453326 1.4889427 1.1897435 1.3734818 1.5868277 1.2607358 1.2206325 1.3407310 1.4882852 1.3277842 1.3266251 1.8755235 1.7952031 1.5278475 
Spolac_c102252_g2_i1_m.28540c102252-g1                  1.7095872 0.7954327 0.5917005 0.3521554 0.6885102 0.5639197 0.8506575 0.1035813 0.0000000 0.4974492 0.5801962 0.5681419 0.8629310 0.5941900 1.0549754 1.1133831 0.9900636 1.0860358 1.0699910 1.1594356 1.1217149 1.0379847 1.0306291 0.9480796 1.2121960 1.1025556 1.1206180 1.0595973 1.0857005 1.0956665 1.1218055 1.1993385 1.0807799 0.8917898 1.1196595 1.2258853 1.1732901 1.0982611 1.1752160 1.2376140 1.2736488 1.0114160 1.1582895 1.2337520 1.1670039 1.1696189 1.3607361 1.3511433 1.3271165 1.2373691 1.1901242 1.2666367 1.2707120 1.3948988 1.1298541 1.2864457 1.5005706 1.2118727 1.1474526 1.2916091 1.3856566 1.2520374 1.3023337 1.8429183 1.6905314 1.7001451 
Spolac_c102252_g1_i1_m.28534c102252-g1                  1.9397235 0.7475360 0.7148067 0.4600302 0.9163981 0.7581543 0.9026206 0.5248726 0.4974492 0.0000000 0.2160994 0.6224617 0.9066239 0.6169784 1.1750814 1.1487633 0.9628034 1.0821902 1.0633555 1.1395005 1.1353729 1.1064911 1.1019469 1.0020357 1.1644713 1.0649288 1.1532715 1.1229767 1.0823800 1.1020267 1.1196023 1.2013226 1.1461686 1.0108794 1.2229850 1.3637097 1.4724392 1.2064742 1.2291265 1.2486256 1.3352241 1.1432317 1.2641390 1.3430039 1.2705165 1.2564045 1.3746198 1.3356077 1.2792546 1.2502294 1.2573037 1.2083116 1.3351811 1.2867383 1.1398859 1.2762112 1.4051395 1.2990001 1.1796644 1.3503942 1.2164752 1.1604162 1.2618058 1.7453165 1.7607346 2.0478790 
Emue_Em0008g620a.t1                                     1.7784235 0.7592423 0.7091302 0.4577064 0.8580034 0.6888292 0.8920009 0.5703100 0.5801962 0.2160994 0.0000000 0.6174796 0.9528957 0.6255047 1.1318516 1.1478562 0.9964530 1.1571984 1.1038107 1.1857095 1.1766505 1.1785473 1.1662714 1.0374677 1.1534120 1.0517797 1.1448211 1.1263692 1.0621901 1.0718095 1.1285084 1.1957283 1.1571746 0.9572598 1.2326097 1.4018931 1.4992804 1.2112774 1.2666732 1.2848351 1.3023967 1.1659069 1.2695262 1.2970310 1.3426839 1.3378511 1.4107494 1.2732395 1.2240677 1.1623397 1.1759817 1.1875015 1.3801817 1.3895495 1.2407056 1.2985502 1.4004309 1.3086608 1.2693063 1.4187226 1.2237279 1.0742299 1.2850280 1.9133689 1.7794208 1.8000922 
Emue_Em0008g619a.t1                                     1.7791757 0.8240360 0.7784700 0.5285443 0.9754532 0.8025708 0.9326437 0.5932720 0.5681419 0.6224617 0.6174796 0.0000000 0.2679935 0.2282553 1.2162548 1.1583219 1.0089372 1.1161820 1.0779638 1.1749574 1.1286717 1.1587089 1.1471579 0.9557814 1.2585737 1.2083848 1.2496060 1.1723624 1.1933492 1.1742177 1.3089903 1.3998497 1.2821533 1.0076011 1.3009404 1.4257474 1.3857855 1.2501380 1.3340848 1.3440243 1.2619213 1.1235713 1.1255856 1.2031291 1.2785277 1.2666820 1.4439808 1.3613309 1.2970233 1.1959126 1.1915203 1.2299703 1.3833246 1.3680918 1.1703490 1.3264279 1.4675109 1.3233922 1.2178081 1.3631795 1.4720634 1.2431389 1.4556607 2.0583860 1.8934083 1.5961717 
Spolac_c102252_g3_i1_m.28544c102252-g3                  1.7756496 0.0000010 2.5670606 3.7230527 1.4957415 1.1844312 1.2912043 0.8924542 0.8629310 0.9066239 0.9528957 0.2679935 0.0000000 0.0251364 1.5241322 1.5810270 1.2718179 1.3336750 1.3674704 1.4585631 1.4067797 1.3787801 1.2527734 1.1965066 1.5503479 1.9975606 1.3160794 1.3415446 1.4221638 1.4392837 1.5620706 1.8127685 1.5937883 1.3562926 1.6565288 1.6148526 1.6096446 1.6132625 1.6326780 1.5816427 1.8410651 1.3511684 1.4290428 1.6044552 1.3087985 1.3107835 1.4015155 1.6685332 1.7923654 1.5479858 1.4875569 1.4469402 3.5255408 1.6855320 1.6649238 1.9506692 1.9087754 1.4982175 1.5908516 1.8150096 2.1751477 8.0028882 1.5792478 2.4909640 2.0093968 1.2112618 
Spolac_c102252_g3_i3_m.28549c102252-g3                  2.0253668 0.7299624 0.7577332 0.6208198 0.9421456 0.7825133 0.9216413 0.6406291 0.5941900 0.6169784 0.6255047 0.2282553 0.0251364 0.0000000 1.2258565 1.1750623 0.9923177 1.0666331 1.0519842 1.1313208 1.0916498 1.1211917 1.0864721 0.9413956 1.1996965 1.0839894 1.1676350 1.1306973 1.1121504 1.1209097 1.2050613 1.3255578 1.1843778 0.9596679 1.2567099 1.3728987 1.5396413 1.1857912 1.2947712 1.2660614 1.2612134 1.1123593 1.1347653 1.1966081 1.2496721 1.2473407 1.4475529 1.3206388 1.2839158 1.1745727 1.1412262 1.1870313 1.2341483 1.3885959 1.2998341 1.3172354 1.3861586 1.3470955 1.1982120 1.3731996 1.3241200 1.2763575 1.4433624 1.9510462 1.8534245 1.5076322 
Dpul_mRNA5428                                           2.1716412 2.1655246 0.7662369 0.5617421 1.0112309 0.5501097 1.0738749 1.0843767 1.0549754 1.1750814 1.1318516 1.2162548 1.5241322 1.2258565 0.0000000 0.8474048 0.9852778 1.1188545 1.0881681 1.1135538 1.1219105 1.1652865 1.1007258 1.1870676 1.0629252 1.1031542 1.1385100 0.9400419 1.0671517 1.0691790 1.1882703 1.2417187 1.1414676 0.9301863 1.1792827 1.2331183 1.3966183 1.1299828 1.1649227 1.2894599 1.1243622 0.8884465 0.9891572 1.1210865 1.2750975 1.2832407 1.3002088 1.2191600 1.2023038 1.1204015 1.1830623 1.1041833 1.6448051 1.4876834 1.0686246 1.4068625 1.5006514 1.0107723 1.1888879 1.2350643 1.5318877 1.2334422 1.7516260 1.8976684 1.8066748 0.8071769 
Skow_XM_002737487.2                                     1.8927388 1.6043863 0.8637281 0.7094183 0.9978986 0.6933885 0.9993031 1.1431377 1.1133831 1.1487633 1.1478562 1.1583219 1.5810270 1.1750623 0.8474048 0.0000000 0.8344263 0.9817295 0.9403823 1.0004776 0.9961479 0.9570892 0.9325639 1.0866490 0.8836784 0.9767997 1.0158929 0.8774193 0.8993766 0.9152455 1.0101895 1.0813908 0.9872707 0.8510212 0.9295938 1.0241879 1.1292609 0.9288234 0.7832535 1.0601171 1.0718497 0.9022021 0.9041515 1.0142823 0.8503296 0.8466827 0.9103296 1.0608088 1.0368181 0.9778046 1.0445129 0.9494097 1.3724218 1.3948343 1.0233274 1.0278839 1.4363386 1.2140956 1.2249380 1.0880764 1.5131287 1.7666442 1.6343746 2.0265284 1.8850074 1.0388015 
Bralan_BLAG11000534_1                                   2.1223627 1.3210653 0.8314602 0.7270116 0.9156299 0.6798651 0.8811433 1.0126536 0.9900636 0.9628034 0.9964530 1.0089372 1.2718179 0.9923177 0.9852778 0.8344263 0.0000000 0.8093979 0.8001920 0.7706136 0.7749124 0.7227468 0.6975777 0.8904332 0.8785952 1.1942258 1.1165843 1.0210608 1.0946202 1.0849767 1.1249833 1.2511351 1.1000978 1.0386393 1.1507534 1.2621836 1.2659196 1.1118958 1.2159330 1.2066233 0.9713640 0.8319196 0.9140259 0.9488017 0.9133879 0.9229277 1.0132979 1.1515247 1.1708149 1.0882252 1.0662885 1.0735019 1.5406087 1.4747389 1.1419349 1.1261303 1.3285564 1.0405205 1.0068971 1.1951123 1.5374315 1.5057903 1.7670551 1.9382494 1.5453970 0.9279637 
HoiH23_PlH23_001471-RA                                  1.8960588 1.0763243 1.0830054 0.9600451 1.0055077 0.9372391 0.9317705 1.1372251 1.0860358 1.0821902 1.1571984 1.1161820 1.3336750 1.0666331 1.1188545 0.9817295 0.8093979 0.0000000 0.0812468 0.1625633 0.1511196 0.2194585 0.2842564 0.8810433 0.9490391 1.1502948 1.1007034 1.0370305 1.0379716 1.0263332 1.0433572 1.1500930 1.0516438 1.0292062 1.1135226 1.2381396 1.2147494 1.0514464 1.1182204 1.0732212 1.0179443 0.9859785 0.9431967 1.0108804 0.9330829 0.9419219 1.0536323 1.2897703 1.1811638 1.1654091 1.2398652 1.1742521 1.3893139 1.3675483 1.0684284 1.1638462 1.4055621 1.3259907 1.1185052 1.1099290 1.4006136 1.2602000 1.5098780 1.9546260 1.5108259 0.9002312 
HoiH06_mRNA7947                                         1.8505369 1.1573802 1.0552138 0.9012255 0.9832783 0.9117482 0.9339989 1.1406469 1.0699910 1.0633555 1.1038107 1.0779638 1.3674704 1.0519842 1.0881681 0.9403823 0.8001920 0.0812468 0.0000000 0.1567437 0.1407997 0.2060529 0.2483728 0.8702609 0.9243141 0.9332388 0.9802111 1.0104476 0.9118554 0.9173408 1.0069937 1.1016687 0.9829156 0.9635480 1.0485509 1.1780925 1.3129226 0.9696474 1.0300097 0.9762788 1.0327559 0.9167379 0.8516416 1.0159955 0.9137044 0.9206108 0.9660900 1.2372994 1.1531336 1.1544710 1.2501134 1.1931629 1.2414740 1.3214944 1.0792349 1.1861321 1.4595550 1.2872690 1.0952930 1.0664308 1.4233555 1.2776471 1.5741089 1.9320686 1.6197758 1.0733064 
Hhon_g01907.t1                                          1.8333249 0.9467228 1.0724644 0.9294643 1.0061034 0.9030931 0.9363353 1.2190504 1.1594356 1.1395005 1.1857095 1.1749574 1.4585631 1.1313208 1.1135538 1.0004776 0.7706136 0.1625633 0.1567437 0.0000000 0.0398039 0.2120621 0.2645657 0.8657666 0.9400206 1.1760762 1.1107594 1.0834465 1.0727456 1.0549026 1.0982910 1.2325095 1.1053701 1.1126366 1.1675816 1.2760548 1.3106519 1.0992125 1.1553364 1.1258161 1.0060576 0.9771840 0.9691031 1.0532331 0.9452496 0.9549322 1.0381161 1.2966063 1.2299991 1.1840516 1.2335020 1.2116605 1.4604058 1.4723133 1.1342133 1.1906642 1.4699626 1.2162454 1.1229037 1.1024003 1.4854450 1.4642583 1.5710229 2.0163795 1.6038282 0.9638425 
HoiH04_mRNA15586                                        1.8085856 0.9160956 1.0681313 0.9294643 0.9865850 0.9135974 0.9180596 1.1809420 1.1217149 1.1353729 1.1766505 1.1286717 1.4067797 1.0916498 1.1219105 0.9961479 0.7749124 0.1511196 0.1407997 0.0398039 0.0000000 0.2028102 0.2507138 0.8440264 0.9362536 1.1603783 1.1095420 1.1094625 1.0622473 1.0445926 1.1056495 1.2251635 1.1052196 1.0939242 1.1713569 1.2967856 1.2950256 1.1115642 1.1548072 1.1200500 0.9915856 0.9508649 0.9630375 1.0428618 0.9280058 0.9328810 1.0260116 1.2788567 1.2066131 1.1573221 1.2202998 1.1963146 1.4468897 1.4311993 1.1274838 1.1574212 1.4558289 1.2353302 1.1092202 1.0937943 1.4531501 1.4642583 1.5843294 2.0205904 1.5559896 1.0621027 
HoiH11_mRNA7382                                         1.7309176 1.3836298 1.0072752 0.7834279 1.0306339 0.8995321 0.8817128 1.1019675 1.0379847 1.1064911 1.1785473 1.1587089 1.3787801 1.1211917 1.1652865 0.9570892 0.7227468 0.2194585 0.2060529 0.2120621 0.2028102 0.0000000 0.2544902 0.9187768 0.9826161 1.1376280 1.0949713 1.0757320 1.0529303 1.0406628 1.0904719 1.1874321 1.1290662 1.0820765 1.1556405 1.2350579 1.2258037 1.0904811 1.1364962 1.1498732 1.0393740 0.9742380 0.9486435 1.0699820 0.9889466 1.0143687 1.0488476 1.2832418 1.2502067 1.2151233 1.2031209 1.1913297 1.4413545 1.4297961 1.1416132 1.2224672 1.4945766 1.2724728 1.1741806 1.1284326 1.5518252 1.4056348 1.6795110 1.9772932 1.5848230 1.0454070 
Tadh_TriadT26208                                        1.8224875 1.2731984 0.9485372 0.8225089 0.9697566 0.8244462 0.8893374 1.0525060 1.0306291 1.1019469 1.1662714 1.1471579 1.2527734 1.0864721 1.1007258 0.9325639 0.6975777 0.2842564 0.2483728 0.2645657 0.2507138 0.2544902 0.0000000 0.8752339 0.9826955 1.2153471 1.0622398 0.9464130 0.9928008 1.0282913 1.0859826 1.1651637 1.0684175 1.0857444 1.1508658 1.1980203 1.1978531 1.0922078 1.1020252 1.1343817 0.9909877 0.8991839 0.9151149 1.0335964 0.9429223 0.9540070 0.9917010 1.2611293 1.2742172 1.2118999 1.2128816 1.2053270 1.4493885 1.3953021 1.0614341 1.1972086 1.3863112 1.3257482 1.1172044 1.1015124 1.6605773 1.3610535 1.6481910 1.9047747 1.6033851 0.9330804 
Plespi_Pspi_C611554_01                                  1.7665472 1.2926749 0.8965773 0.7088345 1.0267862 0.8042558 0.9142964 0.9955092 0.9480796 1.0020357 1.0374677 0.9557814 1.1965066 0.9413956 1.1870676 1.0866490 0.8904332 0.8810433 0.8702609 0.8657666 0.8440264 0.9187768 0.8752339 0.0000000 0.9963526 1.1807805 1.1051191 1.0379589 1.0056724 1.0131654 1.1206767 1.2634191 1.1784829 1.0808055 1.1820123 1.3417317 1.1737621 1.0609712 1.1402027 1.1985427 1.1324557 0.9658979 0.9790870 1.2247778 1.0551645 1.0497545 1.1846380 1.3969193 1.3797263 1.2081553 1.3665746 1.0994208 1.4612612 1.4968886 1.2045646 1.3305945 1.3662160 1.3124294 1.1561918 1.1156359 1.5145367 1.3959563 1.5293331 1.9917700 1.8023085 0.9435088 
Spur_XM_030986512.1                                     1.8059253 1.0566589 0.9210173 0.6506666 0.9380927 0.7668608 1.0507982 1.2167445 1.2121960 1.1644713 1.1534120 1.2585737 1.5503479 1.1996965 1.0629252 0.8836784 0.8785952 0.9490391 0.9243141 0.9400206 0.9362536 0.9826161 0.9826955 0.9963526 0.0000000 1.0428576 1.1343592 1.0743632 1.0652543 1.1202217 1.1393015 1.1690994 1.1590665 0.9703735 1.1186768 1.2562689 1.3997075 1.0571504 1.0991140 1.2291452 1.0852011 0.9556339 0.8979301 1.0709432 1.0703437 1.0852875 1.1339561 1.1862841 1.1549521 1.1264184 1.0687084 1.0891056 1.4995522 1.4608854 1.2747399 1.2152461 1.4024989 1.0491362 1.0120835 1.1097783 1.4603988 1.4790384 1.6224283 1.8974913 1.5818211 0.8346080 
Fspp_ffun1.m2b.23994.m1                                 2.8623729 1.5600710 1.2408919 1.2806583 1.1483483 0.8001179 1.3765990 1.2019964 1.1025556 1.0649288 1.0517797 1.2083848 1.9975606 1.0839894 1.1031542 0.9767997 1.1942258 1.1502948 0.9332388 1.1760762 1.1603783 1.1376280 1.2153471 1.1807805 1.0428576 0.0000000 0.1632147 0.0000010 0.1816695 0.1912074 0.2482416 0.2577453 0.1718149 0.2741003 0.3112982 0.5397459 0.6065467 0.2293758 0.6525290 0.5441858 1.2912380 1.1154135 1.1561395 1.1198393 1.0375160 1.0375160 1.3778872 1.1737652 1.0036166 1.1778372 1.1422099 1.2053333 1.8154721 1.8502926 3.1701712 1.2893455 1.4428086 1.5415079 1.2722100 1.3376454 1.8346549 1.7849449 2.1788304 1.7876251 2.3812752 2.8623729 
Gasp_gasp1.m3.4160.m1                                   2.1194196 1.4698759 0.9766201 0.7733358 1.1160415 0.9717075 1.1886414 1.1583050 1.1206180 1.1532715 1.1448211 1.2496060 1.3160794 1.1676350 1.1385100 1.0158929 1.1165843 1.1007034 0.9802111 1.1107594 1.1095420 1.0949713 1.0622398 1.1051191 1.1343592 0.1632147 0.0000000 0.1070080 0.1681250 0.1880949 0.3128248 0.4173882 0.3027067 0.2504382 0.3688025 0.4453328 0.5266977 0.2130990 0.6281339 0.6426503 1.3330964 1.1991132 1.2089272 1.2005783 1.0168724 1.0084911 1.1626934 1.3365125 1.3121737 1.2725588 1.2262509 1.2414249 1.3613065 1.5696395 1.2981341 1.3520286 1.5950725 1.3106931 1.2461098 1.3604509 1.4698380 1.2832191 1.7447983 1.7741379 1.8293472 1.4311113 
Fspp_ffun1.m4.26145.m1                                  2.1077914 0.0000010 0.7154638 0.5334291 1.1139610 0.8482253 1.0289457 1.0766810 1.0595973 1.1229767 1.1263692 1.1723624 1.3415446 1.1306973 0.9400419 0.8774193 1.0210608 1.0370305 1.0104476 1.0834465 1.1094625 1.0757320 0.9464130 1.0379589 1.0743632 0.0000010 0.1070080 0.0000000 0.1180020 0.1436475 0.3005848 0.4066031 0.3266136 0.0778512 0.3087383 0.2907532 0.3881582 0.2423845 0.4252237 0.5511844 1.2832213 1.1968272 1.0931218 1.0545195 0.8743446 0.8439813 0.8799167 1.4405278 1.4286187 1.2733446 1.1881462 1.2535490 0.7934343 1.3187747 0.9942511 1.1443978 1.4001529 1.1105068 1.0649263 1.2661676 1.0655182 0.9477936 1.3612345 1.5775817 1.5353002 1.4240223 
Spis_XP_022785524_1                                     2.0351912 1.6557061 0.8212035 0.8442228 1.1969746 0.8484498 1.1389000 1.1041669 1.0857005 1.0823800 1.0621901 1.1933492 1.4221638 1.1121504 1.0671517 0.8993766 1.0946202 1.0379716 0.9118554 1.0727456 1.0622473 1.0529303 0.9928008 1.0056724 1.0652543 0.1816695 0.1681250 0.1180020 0.0000000 0.0563456 0.2584530 0.3441819 0.2645151 0.2290788 0.3162726 0.3812319 0.4516946 0.2508535 0.5199492 0.5936078 1.3093697 1.1244277 1.1076801 1.1337863 0.9379669 0.9248600 1.0985576 1.3245477 1.2513551 1.1757522 1.1389064 1.2287741 1.5214506 1.4834886 1.1610197 1.2657056 1.4621138 1.2731920 1.1986125 1.2517325 1.3504412 1.3337778 1.5848323 1.7471370 1.8186124 1.3556174 
Pocdam_XM_027188079.1                                   2.2671093 1.6404515 0.8079885 0.8207106 1.1606309 0.8050771 1.1334531 1.1314498 1.0956665 1.1020267 1.0718095 1.1742177 1.4392837 1.1209097 1.0691790 0.9152455 1.0849767 1.0263332 0.9173408 1.0549026 1.0445926 1.0406628 1.0282913 1.0131654 1.1202217 0.1912074 0.1880949 0.1436475 0.0563456 0.0000000 0.2660914 0.3527048 0.2578537 0.2323894 0.3348060 0.4107042 0.4612101 0.2603249 0.5220980 0.5886767 1.2464185 1.1536877 1.0933595 1.0771565 0.9423677 0.9382162 1.0992232 1.3471790 1.2701315 1.2190110 1.1776247 1.2253975 1.4949249 1.5124496 1.1901615 1.2912237 1.5310705 1.2861738 1.1947487 1.2282032 1.3563574 1.3037950 1.5924030 1.8223463 1.8509582 1.1484272 
Amil_Amillepora20022-RA                                 2.1845950 1.8349996 0.8678842 0.7150551 1.2072089 0.9115895 1.2725231 1.1602298 1.1218055 1.1196023 1.1285084 1.3089903 1.5620706 1.2050613 1.1882703 1.0101895 1.1249833 1.0433572 1.0069937 1.0982910 1.1056495 1.0904719 1.0859826 1.1206767 1.1393015 0.2482416 0.3128248 0.3005848 0.2584530 0.2660914 0.0000000 0.1119839 0.1682481 0.3239082 0.3684985 0.4414609 0.5297817 0.3089289 0.6470717 0.6755024 1.3752912 1.1935832 1.2283501 1.2486359 0.9931753 0.9852881 1.1451438 1.4804188 1.3722843 1.2669076 1.3285945 1.4354266 1.6040975 1.6656754 1.2502769 1.3923580 1.5350106 1.2502574 1.2222928 1.3683074 1.5199809 1.2851247 1.7410930 1.8427741 1.8903533 1.3331310 
Adig_XM_015917218.1                                     2.1740831 2.0371278 0.8815589 0.6861579 1.2215714 0.9188490 1.3261075 1.2837035 1.1993385 1.2013226 1.1957283 1.3998497 1.8127685 1.3255578 1.2417187 1.0813908 1.2511351 1.1500930 1.1016687 1.2325095 1.2251635 1.1874321 1.1651637 1.2634191 1.1690994 0.2577453 0.4173882 0.4066031 0.3441819 0.3527048 0.1119839 0.0000000 0.2844262 0.3691616 0.5112651 0.6187897 0.5354191 0.4209724 0.7116462 0.6975329 1.3970900 1.2651527 1.2142124 1.2528578 1.1031249 1.0961543 1.2488182 1.5734995 1.4568300 1.3167749 1.4107351 1.5208580 1.5222636 1.7132278 1.4144015 1.3977238 1.6662956 1.3601278 1.3289525 1.4261779 1.6034693 1.2710260 1.7766371 1.9817542 2.1159689 1.3800512 
Gfas_gfas1.m1.7247.m1                                   2.5642838 1.6666208 0.8480082 0.7355587 1.1729113 0.9272288 1.3058575 1.1685131 1.0807799 1.1461686 1.1571746 1.2821533 1.5937883 1.1843778 1.1414676 0.9872707 1.1000978 1.0516438 0.9829156 1.1053701 1.1052196 1.1290662 1.0684175 1.1784829 1.1590665 0.1718149 0.3027067 0.3266136 0.2645151 0.2578537 0.1682481 0.2844262 0.0000000 0.2941888 0.3857471 0.4504741 0.5484297 0.3245300 0.5911868 0.6291121 1.4164669 1.1311475 1.1396779 1.1779015 0.9808865 0.9729121 1.1537267 1.4331085 1.3093424 1.3089059 1.2507211 1.3742981 1.4769227 1.5472051 1.2167705 1.3853109 1.5606511 1.2970516 1.2157828 1.3656401 1.4851268 1.2248819 1.7377836 1.8967075 1.9610118 1.4895178 
Fspp_ffun1.m4.19513.m1                                  1.6645490 1.4016956 0.7607694 0.8099698 1.1179597 0.5859638 1.0523606 0.9864589 0.8917898 1.0108794 0.9572598 1.0076011 1.3562926 0.9596679 0.9301863 0.8510212 1.0386393 1.0292062 0.9635480 1.1126366 1.0939242 1.0820765 1.0857444 1.0808055 0.9703735 0.2741003 0.2504382 0.0778512 0.2290788 0.2323894 0.3239082 0.3691616 0.2941888 0.0000000 0.2080944 0.3173320 0.2098498 0.1974905 0.6123393 0.5771877 1.1497081 1.0731181 1.1326723 1.0067858 0.8559010 0.8581078 1.0753923 1.1671018 1.0171879 1.0768933 1.0875840 1.0549451 1.4422650 1.3189715 1.0944079 1.0690687 1.2647128 1.1931863 1.0799521 1.2454879 1.2867208 1.3370559 1.3883148 1.6853114 1.8420135 0.0000010 
Spis_XP_022785583_1                                     2.0705086 1.5678820 0.9180938 0.9551064 1.2194994 0.9833741 1.2534107 1.1703729 1.1196595 1.2229850 1.2326097 1.3009404 1.6565288 1.2567099 1.1792827 0.9295938 1.1507534 1.1135226 1.0485509 1.1675816 1.1713569 1.1556405 1.1508658 1.1820123 1.1186768 0.3112982 0.3688025 0.3087383 0.3162726 0.3348060 0.3684985 0.5112651 0.3857471 0.2080944 0.0000000 0.0971411 0.3418840 0.2598893 0.6438500 0.7652607 1.2770297 1.1486425 1.1516178 1.1875953 1.0703745 1.0599336 1.2569627 1.4151129 1.3110873 1.3286330 1.2468384 1.2965342 1.6554617 1.6759041 1.2649969 1.3619463 1.5541259 1.3164467 1.2448928 1.3159801 1.4493103 1.5043013 1.6632355 1.8392071 1.8835554 1.1439975 
Pocdam_XM_027188114.1                                   2.0642646 2.5932206 0.8998077 0.9289321 1.3890804 0.9553412 1.3558345 1.2767644 1.2258853 1.3637097 1.4018931 1.4257474 1.6148526 1.3728987 1.2331183 1.0241879 1.2621836 1.2381396 1.1780925 1.2760548 1.2967856 1.2350579 1.1980203 1.3417317 1.2562689 0.5397459 0.4453328 0.2907532 0.3812319 0.4107042 0.4414609 0.6187897 0.4504741 0.3173320 0.0971411 0.0000000 0.3432595 0.2740819 0.7519947 0.9097987 1.4266391 1.2738390 1.1870972 1.2721767 1.1647205 1.1540969 1.2990719 1.5423560 1.4106221 1.4463239 1.2977184 1.4023979 1.8873400 1.7437262 1.2419670 1.5666035 1.6986890 1.3929770 1.3369542 1.4273065 1.5797105 1.8777542 1.8177703 1.9547545 1.8370804 1.2286019 
Gasp_gasp1.m3.4154.m1                                   1.9652237 0.0000010 1.2336665 0.0000010 1.6515851 1.1616819 1.3574521 1.3488715 1.1732901 1.4724392 1.4992804 1.3857855 1.6096446 1.5396413 1.3966183 1.1292609 1.2659196 1.2147494 1.3129226 1.3106519 1.2950256 1.2258037 1.1978531 1.1737621 1.3997075 0.6065467 0.5266977 0.3881582 0.4516946 0.4612101 0.5297817 0.5354191 0.5484297 0.2098498 0.3418840 0.3432595 0.0000000 0.1469813 0.7222420 0.9192654 1.3054620 1.2915648 1.3122459 1.3459534 1.1054026 1.0870831 1.1538287 1.7396696 1.6371031 1.5153136 1.4346505 1.5883924 1.4476657 1.7202185 1.3446361 1.2559311 1.6873570 1.3338693 1.3106382 1.3709675 1.6430812 0.0000010 1.9051630 2.2801842 1.7434485 1.1683037 
Gasp_gasp1.m3.4153.m1                                   2.0482657 1.6743056 0.8395802 0.8291832 1.1814889 0.8741628 1.2067630 1.1859933 1.0982611 1.2064742 1.2112774 1.2501380 1.6132625 1.1857912 1.1299828 0.9288234 1.1118958 1.0514464 0.9696474 1.0992125 1.1115642 1.0904811 1.0922078 1.0609712 1.0571504 0.2293758 0.2130990 0.2423845 0.2508535 0.2603249 0.3089289 0.4209724 0.3245300 0.1974905 0.2598893 0.2740819 0.1469813 0.0000000 0.6267296 0.6888208 1.2585926 1.1004374 1.1342492 1.1217196 0.9591726 0.9524103 1.0994046 1.3503038 1.2208059 1.2073882 1.1899545 1.2307954 1.4465946 1.4322553 1.1405055 1.2126237 1.4122058 1.2869886 1.2207019 1.2369725 1.3687491 1.2564082 1.6734643 1.8247831 1.8683185 1.0999665 
Nvec_v1g112567                                          2.4658256 1.4077429 1.3121065 1.2383961 1.2671944 0.8855778 1.2030330 1.2945302 1.1752160 1.2291265 1.2666732 1.3340848 1.6326780 1.2947712 1.1649227 0.7832535 1.2159330 1.1182204 1.0300097 1.1553364 1.1548072 1.1364962 1.1020252 1.1402027 1.0991140 0.6525290 0.6281339 0.4252237 0.5199492 0.5220980 0.6470717 0.7116462 0.5911868 0.6123393 0.6438500 0.7519947 0.7222420 0.6267296 0.0000000 0.3379217 1.2833024 1.1126404 1.1454944 1.1700953 1.1791531 1.1663832 1.2691250 1.3550686 1.3137669 1.2533601 1.3004126 1.2782116 1.6704494 1.5118165 1.1925895 1.2362494 1.4679044 1.4132712 1.2980166 1.2921487 1.6599821 1.6632453 1.6091949 1.7066784 1.9636894 0.8661549 
Exapal_XM_021054868.2                                   2.1020765 1.2827533 1.2278301 1.1061572 1.3642177 1.1655679 1.2709977 1.3258459 1.2376140 1.2486256 1.2848351 1.3440243 1.5816427 1.2660614 1.2894599 1.0601171 1.2066233 1.0732212 0.9762788 1.1258161 1.1200500 1.1498732 1.1343817 1.1985427 1.2291452 0.5441858 0.6426503 0.5511844 0.5936078 0.5886767 0.6755024 0.6975329 0.6291121 0.5771877 0.7652607 0.9097987 0.9192654 0.6888208 0.3379217 0.0000000 1.3525072 1.2201495 1.2295683 1.3011721 1.1539587 1.1457566 1.2436617 1.5092608 1.4431575 1.4270893 1.3898544 1.3108144 1.4498090 1.5274830 1.1999289 1.3812845 1.6134187 1.4335712 1.3054757 1.3915500 1.4579031 1.2752308 1.7269655 1.8245432 1.8321838 1.7067693 
Cscu_XM_023385886.1                                     2.0837332 1.1285706 1.2115238 1.1980341 1.0752654 0.8099738 0.9789375 1.2670456 1.2736488 1.3352241 1.3023967 1.2619213 1.8410651 1.2612134 1.1243622 1.0718497 0.9713640 1.0179443 1.0327559 1.0060576 0.9915856 1.0393740 0.9909877 1.1324557 1.0852011 1.2912380 1.3330964 1.2832213 1.3093697 1.2464185 1.3752912 1.3970900 1.4164669 1.1497081 1.2770297 1.4266391 1.3054620 1.2585926 1.2833024 1.3525072 0.0000000 1.0659000 1.0901497 1.2362804 1.2350618 1.2469395 1.3404729 1.4964098 1.4501093 1.4372256 1.4441515 1.1752487 1.6215702 1.7015490 1.4761361 1.1660942 1.5219229 1.2137789 1.3554056 1.1447903 1.7884390 1.9089023 1.8685834 1.9320916 1.6470861 1.1544711 
Cgig_XM_011434282.3                                     1.9415956 0.9765906 0.9962158 0.9717700 0.9403864 0.7897804 1.0648215 1.0269424 1.0114160 1.1432317 1.1659069 1.1235713 1.3511684 1.1123593 0.8884465 0.9022021 0.8319196 0.9859785 0.9167379 0.9771840 0.9508649 0.9742380 0.8991839 0.9658979 0.9556339 1.1154135 1.1991132 1.1968272 1.1244277 1.1536877 1.1935832 1.2651527 1.1311475 1.0731181 1.1486425 1.2738390 1.2915648 1.1004374 1.1126404 1.2201495 1.0659000 0.0000000 0.7147690 0.6451006 1.0252868 1.0357779 1.0708212 1.2481321 1.1622808 1.0535671 1.1981440 0.9662074 1.3951807 1.3731094 1.1092280 1.2561688 1.4418813 1.1495140 1.1993927 1.0971525 1.5320192 1.6747610 1.6702232 1.8943854 1.8123144 0.6980000 
Ctel_gnl_WGS_AMQN_CAPTEDRAFT_mRNA164164                 2.2337576 1.6363755 1.0372767 1.0246817 1.1978320 0.9189265 1.1741753 1.1355522 1.1582895 1.2641390 1.2695262 1.1255856 1.4290428 1.1347653 0.9891572 0.9041515 0.9140259 0.9431967 0.8516416 0.9691031 0.9630375 0.9486435 0.9151149 0.9790870 0.8979301 1.1561395 1.2089272 1.0931218 1.1076801 1.0933595 1.2283501 1.2142124 1.1396779 1.1326723 1.1516178 1.1870972 1.3122459 1.1342492 1.1454944 1.2295683 1.0901497 0.7147690 0.0000000 0.8601775 1.1305573 1.1287282 1.1627253 1.1604425 1.1346716 1.1005083 1.1454416 1.0555338 1.6106892 1.5196988 1.2173385 1.3013828 1.3904939 1.3015112 1.2418585 1.0883210 1.5455633 1.3369679 1.7072539 2.0471420 2.1778187 0.4869374 
Acagra_model.g30243.t1                                  2.5045116 1.3779483 0.9511683 0.9441221 1.1637780 0.8989440 1.1924204 1.2480667 1.2337520 1.3430039 1.2970310 1.2031291 1.6044552 1.1966081 1.1210865 1.0142823 0.9488017 1.0108804 1.0159955 1.0532331 1.0428618 1.0699820 1.0335964 1.2247778 1.0709432 1.1198393 1.2005783 1.0545195 1.1337863 1.0771565 1.2486359 1.2528578 1.1779015 1.0067858 1.1875953 1.2721767 1.3459534 1.1217196 1.1700953 1.3011721 1.2362804 0.6451006 0.8601775 0.0000000 1.1857814 1.1798289 1.2409492 1.2460789 1.1728437 1.1430143 1.1011585 0.9641270 1.3416697 1.3670697 1.0304895 1.2173902 1.3559350 1.2176135 1.2032277 1.2070766 1.4295855 1.3190662 1.7235435 2.0941791 2.0694202 0.8930966 
Dgig_XM_028559489.1                                     1.9441954 1.8951928 0.9373111 0.9019982 1.3324218 1.0148304 1.2523688 1.2525303 1.1670039 1.2705165 1.3426839 1.2785277 1.3087985 1.2496721 1.2750975 0.8503296 0.9133879 0.9330829 0.9137044 0.9452496 0.9280058 0.9889466 0.9429223 1.0551645 1.0703437 1.0375160 1.0168724 0.8743446 0.9379669 0.9423677 0.9931753 1.1031249 0.9808865 0.8559010 1.0703745 1.1647205 1.1054026 0.9591726 1.1791531 1.1539587 1.2350618 1.0252868 1.1305573 1.1857814 0.0000000 0.0057690 0.3481051 1.4126639 1.3501331 1.3256448 1.2395802 1.2382861 1.4987442 1.3334587 1.0445276 1.3104533 1.4581963 1.4355665 1.4257830 1.1638883 1.6628027 1.4613076 1.8134996 1.9052172 1.9687458 1.0913891 
Dgig_XM_028561466.1                                     2.1267747 1.8951928 0.9616282 0.9019982 1.3400808 1.0393252 1.2602973 1.2423830 1.1696189 1.2564045 1.3378511 1.2666820 1.3107835 1.2473407 1.2832407 0.8466827 0.9229277 0.9419219 0.9206108 0.9549322 0.9328810 1.0143687 0.9540070 1.0497545 1.0852875 1.0375160 1.0084911 0.8439813 0.9248600 0.9382162 0.9852881 1.0961543 0.9729121 0.8581078 1.0599336 1.1540969 1.0870831 0.9524103 1.1663832 1.1457566 1.2469395 1.0357779 1.1287282 1.1798289 0.0057690 0.0000000 0.3289549 1.4318843 1.3593861 1.3268687 1.2449972 1.2172739 1.4981376 1.3092555 1.0013115 1.3056196 1.4229596 1.4539364 1.4381108 1.1837749 1.6436838 1.4613076 1.8085085 1.9277084 1.9580164 1.2008613 
Xesp_011676-T1                                          2.1417242 2.6521431 0.9815200 0.8951102 1.4919579 1.0082861 1.3301737 1.3816888 1.3607361 1.3746198 1.4107494 1.4439808 1.4015155 1.4475529 1.3002088 0.9103296 1.0132979 1.0536323 0.9660900 1.0381161 1.0260116 1.0488476 0.9917010 1.1846380 1.1339561 1.3778872 1.1626934 0.8799167 1.0985576 1.0992232 1.1451438 1.2488182 1.1537267 1.0753923 1.2569627 1.2990719 1.1538287 1.0994046 1.2691250 1.2436617 1.3404729 1.0708212 1.1627253 1.2409492 0.3481051 0.3289549 0.0000000 1.5047906 1.5000016 1.3575425 1.4027803 1.2649931 1.8746902 1.4865432 1.0306852 1.3864056 1.4528715 1.5197192 1.4651824 1.3018597 1.9078262 1.4734708 2.0543231 1.9543010 2.1179562 1.1016539 
Gracom_Gcom_scaffold9959_01                             2.1162753 2.0011443 1.2949292 1.0169957 1.2765422 0.9502019 1.2259501 1.3671259 1.3511433 1.3356077 1.2732395 1.3613309 1.6685332 1.3206388 1.2191600 1.0608088 1.1515247 1.2897703 1.2372994 1.2966063 1.2788567 1.2832418 1.2611293 1.3969193 1.1862841 1.1737652 1.3365125 1.4405278 1.3245477 1.3471790 1.4804188 1.5734995 1.4331085 1.1671018 1.4151129 1.5423560 1.7396696 1.3503038 1.3550686 1.5092608 1.4964098 1.2481321 1.1604425 1.2460789 1.4126639 1.4318843 1.5047906 0.0000000 0.2777958 0.2871396 0.3465195 0.7963787 1.5745751 1.5785504 1.2854928 1.2236723 1.3320601 1.1979722 1.6311551 1.4762916 1.5524595 1.2874321 1.7959542 2.2639343 2.6005814 1.0390824 
Leuniv_Lniv_scaffold12686_01                            2.1559045 1.6942468 1.1820363 1.0848536 1.2244570 0.9654958 1.2333635 1.3406322 1.3271165 1.2792546 1.2240677 1.2970233 1.7923654 1.2839158 1.2023038 1.0368181 1.1708149 1.1811638 1.1531336 1.2299991 1.2066131 1.2502067 1.2742172 1.3797263 1.1549521 1.0036166 1.3121737 1.4286187 1.2513551 1.2701315 1.3722843 1.4568300 1.3093424 1.0171879 1.3110873 1.4106221 1.6371031 1.2208059 1.3137669 1.4431575 1.4501093 1.1622808 1.1346716 1.1728437 1.3501331 1.3593861 1.5000016 0.2777958 0.0000000 0.2559328 0.3757405 0.7615083 1.5102762 1.5902130 1.3124911 1.1721198 1.3865403 1.1964519 1.6052797 1.4307270 1.4019463 1.1932357 1.7268768 2.2347880 2.6736587 1.2367669 
Scil_scict022815.1                                      1.8556066 1.5346452 1.1436204 0.9692898 1.1195728 0.9243826 1.1721422 1.2629198 1.2373691 1.2502294 1.1623397 1.1959126 1.5479858 1.1745727 1.1204015 0.9778046 1.0882252 1.1654091 1.1544710 1.1840516 1.1573221 1.2151233 1.2118999 1.2081553 1.1264184 1.1778372 1.2725588 1.2733446 1.1757522 1.2190110 1.2669076 1.3167749 1.3089059 1.0768933 1.3286330 1.4463239 1.5153136 1.2073882 1.2533601 1.4270893 1.4372256 1.0535671 1.1005083 1.1430143 1.3256448 1.3268687 1.3575425 0.2871396 0.2559328 0.0000000 0.3497848 0.7410349 1.4139085 1.4304773 1.1777294 1.1306086 1.2609822 1.1198943 1.5972703 1.3453533 1.2695944 1.2469254 1.5951539 2.0313941 2.2165396 0.9295888 
Lcom_lcpid109351                                        1.7972462 1.8413953 1.1131643 1.0588818 1.1565804 0.7079419 1.1433904 1.1832397 1.1901242 1.2573037 1.1759817 1.1915203 1.4875569 1.1412262 1.1830623 1.0445129 1.0662885 1.2398652 1.2501134 1.2335020 1.2202998 1.2031209 1.2128816 1.3665746 1.0687084 1.1422099 1.2262509 1.1881462 1.1389064 1.1776247 1.3285945 1.4107351 1.2507211 1.0875840 1.2468384 1.2977184 1.4346505 1.1899545 1.3004126 1.3898544 1.4441515 1.1981440 1.1454416 1.1011585 1.2395802 1.2449972 1.4027803 0.3465195 0.3757405 0.3497848 0.0000000 0.8059398 1.4507548 1.4027431 1.2863653 1.2157004 1.2586990 1.2791647 1.6197566 1.2940649 1.4727652 1.4545555 1.7757955 2.0534349 2.2818100 0.8842467 
Clacor_Ccor_scaffold2406_01                             2.0326694 1.3876601 1.0779881 0.8255265 1.0679980 0.7549460 1.0757364 1.2640226 1.2666367 1.2083116 1.1875015 1.2299703 1.4469402 1.1870313 1.1041833 0.9494097 1.0735019 1.1742521 1.1931629 1.2116605 1.1963146 1.1913297 1.2053270 1.0994208 1.0891056 1.2053333 1.2414249 1.2535490 1.2287741 1.2253975 1.4354266 1.5208580 1.3742981 1.0549451 1.2965342 1.4023979 1.5883924 1.2307954 1.2782116 1.3108144 1.1752487 0.9662074 1.0555338 0.9641270 1.2382861 1.2172739 1.2649931 0.7963787 0.7615083 0.7410349 0.8059398 0.0000000 1.3919676 1.4691785 1.1704383 1.0715945 1.1568813 1.1402341 1.4609296 1.3616836 1.3337340 1.3736045 1.7050372 2.1534292 1.9429809 1.1985521 
Opea_EP00118_Oscarella_pearsei_P018481                  0.0000010 1.9411128 1.1781660 1.0780088 1.3375654 0.7087431 1.3627036 1.4453326 1.2707120 1.3351811 1.3801817 1.3833246 3.5255408 1.2341483 1.6448051 1.3724218 1.5406087 1.3893139 1.2414740 1.4604058 1.4468897 1.4413545 1.4493885 1.4612612 1.4995522 1.8154721 1.3613065 0.7934343 1.5214506 1.4949249 1.6040975 1.5222636 1.4769227 1.4422650 1.6554617 1.8873400 1.4476657 1.4465946 1.6704494 1.4498090 1.6215702 1.3951807 1.6106892 1.3416697 1.4987442 1.4981376 1.8746902 1.5745751 1.5102762 1.4139085 1.4507548 1.3919676 0.0000000 0.1063667 0.1619438 1.4416495 1.5088597 1.6088180 1.5079673 1.8159392 1.8079277 1.7260483 1.8479283 1.7940465 2.7641590 0.0000010 
Opea_EP00118_Oscarella_pearsei_P018482                  2.4097898 1.9584642 1.2300475 1.0907243 1.6757264 1.1916932 1.3666589 1.4889427 1.3948988 1.2867383 1.3895495 1.3680918 1.6855320 1.3885959 1.4876834 1.3948343 1.4747389 1.3675483 1.3214944 1.4723133 1.4311993 1.4297961 1.3953021 1.4968886 1.4608854 1.8502926 1.5696395 1.3187747 1.4834886 1.5124496 1.6656754 1.7132278 1.5472051 1.3189715 1.6759041 1.7437262 1.7202185 1.4322553 1.5118165 1.5274830 1.7015490 1.3731094 1.5196988 1.3670697 1.3334587 1.3092555 1.4865432 1.5785504 1.5902130 1.4304773 1.4027431 1.4691785 0.1063667 0.0000000 0.0000010 1.3144660 1.4536843 1.5712244 1.4501053 1.7340742 1.7483135 1.7258419 1.9386084 1.8527529 2.3742232 1.9082559 
Ocar_g6892                                              1.9728700 0.0000010 1.2171409 1.0571815 1.4855162 0.9236908 1.1471319 1.1897435 1.1298541 1.1398859 1.2407056 1.1703490 1.6649238 1.2998341 1.0686246 1.0233274 1.1419349 1.0684284 1.0792349 1.1342133 1.1274838 1.1416132 1.0614341 1.2045646 1.2747399 3.1701712 1.2981341 0.9942511 1.1610197 1.1901615 1.2502769 1.4144015 1.2167705 1.0944079 1.2649969 1.2419670 1.3446361 1.1405055 1.1925895 1.1999289 1.4761361 1.1092280 1.2173385 1.0304895 1.0445276 1.0013115 1.0306852 1.2854928 1.3124911 1.1777294 1.2863653 1.1704383 0.1619438 0.0000010 0.0000000 0.8599996 1.0458233 1.4412334 1.1771054 1.3238387 1.2947064 1.3078880 1.4004713 1.6314375 2.2076645 1.1610462 
