102
Aque_Aqu2.1.09330_001                                   0.0000000 0.0621670 0.0855740 0.0839486 0.1005377 0.0000010 0.2909861 0.6861477 0.0000010 0.0000010 0.0000010 0.0000010 0.0000010 0.0000010 0.0000010 0.0000010 0.0000010 0.0000010 1.5802237 1.2213517 3.7601455 0.0000010 0.0000010 1.2444940 1.2446966 0.0000010 0.0000010 1.6907512 0.0000010 0.4519606 0.3999243 0.0000010 0.0000010 1.7373152 1.7329035 0.0000010 0.0000010 1.9369118 1.9291878 2.0322861 0.0000010 2.1078725 1.9590640 1.8123767 1.7831387 1.3492164 1.4895091 1.3868257 1.2439586 1.4636552 1.3015903 1.6990551 1.6186144 1.5980316 1.7294092 1.6990551 1.5083832 1.5090049 1.6883380 1.6883380 1.6726001 1.7719897 0.0000010 0.0000010 3.3483305 2.5775369 3.3574252 8.9999987 0.0000010 2.6875629 2.7067650 0.0000010 2.8501626 2.8501626 0.0000010 1.7296053 5.3090742 0.0000010 0.0000010 2.0000365 2.0000365 2.5975008 0.0000010 0.0000010 0.0000010 1.3663940 1.3392039 1.3376458 1.8195197 1.6002422 3.0579135 0.0000010 1.5491159 2.4251902 1.7632292 2.0867443 0.0000010 2.9029199 0.0000010 2.4068501 1.4002309 3.8613312 
Aque_Aqu2.1.00719_001                                   0.0621670 0.0000000 0.0318782 0.0643007 0.0496370 0.0000010 0.3435600 0.6431629 0.0000010 0.0000010 0.0000010 0.0000010 0.0000010 2.3095064 1.3528968 1.3528968 0.0000010 0.0000010 1.2400188 1.1776859 2.7488165 0.0000010 2.3197577 1.3247738 1.3432013 0.0000010 0.0000010 1.8831623 0.0000010 1.3859370 0.3999243 0.0000010 0.0000010 1.6456126 1.6463010 0.0000010 0.0000010 1.7398718 1.7131177 1.8118140 0.0000010 1.8093389 1.6586666 1.7424467 1.6660993 1.6069859 1.6677630 1.6389005 1.5137513 1.6497917 1.7136017 1.9838759 1.9233539 1.8764874 1.9836001 1.9822129 1.7421211 1.7513731 1.9310513 1.9310513 1.7512658 1.7932394 0.0000010 0.0000010 2.7016780 2.3169642 2.9801172 3.3104518 2.0196520 2.3983073 2.2511752 0.0000010 3.1043867 3.0663399 0.0000010 2.0498685 4.0237345 0.0000010 0.0000010 3.3971740 2.6545743 3.4092945 0.0000010 8.9999987 0.0000010 2.0458398 1.9360368 1.7509658 2.6009213 2.2609293 3.4739492 0.0000010 2.0769052 3.5087064 2.9837309 2.3801941 0.0000010 4.8349484 2.2791590 2.7393441 1.6721863 4.6406627 
Aque_Aqu2.1.33807_001                                   0.0855740 0.0318782 0.0000000 0.1112042 0.1081560 0.1226966 0.1997730 0.5893157 0.0000010 0.0000010 0.0000010 0.0000010 0.3317102 3.6130828 2.9005036 2.9005036 1.5356105 1.5356105 1.6075525 1.0094863 0.5796610 0.0000010 4.8176726 1.1992796 1.4306438 0.0000010 0.0000010 1.7522239 0.0000010 0.9597454 0.7876593 0.0000010 0.0000010 1.5712066 1.5896600 0.0000010 0.0000010 1.6866317 1.7095272 1.7411727 0.0000010 1.6470552 1.6543007 1.8049135 1.7391414 1.4182024 1.4532702 1.4776897 1.3911756 1.4452597 1.5471278 1.7739591 1.7485097 1.7679394 1.8984633 2.1345376 1.5597904 1.6492551 1.6739297 1.6739297 1.6432950 1.6716454 0.0000010 0.0000010 2.5538387 2.3894095 3.1125555 3.6013035 2.0196520 2.5511875 2.3549982 0.0000010 2.7948905 2.7716826 0.0000010 1.8544555 6.7380123 0.0000010 0.0000010 5.0619294 4.5380176 4.4708252 0.0000010 8.9999983 0.0000010 1.8469420 2.1835744 1.5533973 2.5672906 2.3226933 3.8336239 2.5674795 2.0639954 2.5667727 2.3284895 2.2134712 2.3260823 3.5401027 2.3902540 2.5767377 1.5577143 5.0271538 
Aque_Aqu2.1.19945_001                                   0.0839486 0.0643007 0.1112042 0.0000000 0.0559652 0.0000010 0.2949548 0.6882373 0.0000010 0.0000010 0.0000010 0.0000010 0.8298999 2.3095064 1.2956258 1.2956258 2.9226719 2.9226719 1.1701284 1.2764979 2.7488165 0.0000010 1.5315183 1.3583207 1.4392972 0.0000010 0.0000010 1.9885214 0.0000010 1.0477021 0.8349223 0.0000010 0.0000010 2.0145499 1.9443757 0.0000010 0.0000010 1.9906859 2.0071167 2.1148933 0.0000010 2.1723272 1.9436168 2.1566367 2.0157610 1.8284566 1.7962111 1.6758485 1.4864558 1.9206210 1.6076732 2.2092803 2.1407362 2.0777760 2.2940792 2.0370316 1.8284286 1.8920917 1.9216918 1.9216918 1.8376822 1.8900726 0.0000010 0.0000010 3.3115364 2.8589399 3.7484554 5.3806118 0.0000010 2.8624148 2.7894299 0.0000010 3.2058588 3.1352328 0.0000010 2.2924610 5.3090742 0.0000010 0.0000010 3.3311451 3.3311451 3.3685750 0.0000010 6.3582605 0.0000010 2.4494824 2.4154630 1.8093734 2.7978457 2.1942040 4.1298697 0.0000010 1.9944528 2.9039135 2.2861809 2.3110028 0.0000010 4.9467253 2.2791590 3.1713635 1.8243861 5.8747338 
Aque_Aqu2.1.39239_001                                   0.1005377 0.0496370 0.1081560 0.0559652 0.0000000 0.0346699 0.1224096 0.7315298 0.0000010 0.0000010 0.0000010 1.6950804 0.5443923 4.0137199 3.4192017 3.5519915 2.5326202 2.3189101 3.4545758 1.4236851 0.4135956 0.0000010 2.6789593 1.2260177 1.2638633 0.0000010 4.8550232 1.8976920 1.6950804 1.1355845 1.2488029 0.0000010 0.0000010 2.3257501 2.1190367 0.0000010 0.0000010 2.0628198 2.1573010 2.1472718 0.0000010 2.0620821 2.1805386 2.1878285 2.0603815 1.8179423 1.8925647 1.9037926 1.7368951 1.9805978 1.7061767 1.9899954 1.5543781 1.9902456 2.4316827 2.8017607 1.8979819 1.6318350 1.9128274 1.9128274 2.1129769 1.3459370 0.0000010 0.0000010 2.9406913 2.7073904 3.2463064 0.0000010 0.0000010 3.1296650 3.2193428 0.0000010 3.0021740 3.0021740 0.0000010 2.1453329 4.6339689 0.0000010 0.0000010 5.1395268 4.7567810 5.2083758 4.8550232 4.5447536 0.0000010 2.1977452 1.5638168 1.9824668 2.8561409 2.3221863 4.5232109 2.3032870 2.3915820 2.5980060 2.1839390 2.2624609 2.4297811 3.2229751 2.7528451 2.7548798 1.8091406 5.0227106 
Aque_Aqu2.1.00543_001                                   0.0000010 0.0000010 0.1226966 0.0000010 0.0346699 0.0000000 0.0583910 0.2974166 0.0000010 0.0000010 0.0000010 0.0000010 0.0000010 4.0203003 0.0000010 0.0000010 0.3249980 0.3249980 3.6716994 0.5944999 0.2393558 0.0000010 0.0000010 0.7351898 0.0000010 0.0000010 0.0000010 1.0179574 0.0000010 0.7113616 0.8193100 0.0000010 0.0000010 1.1789081 1.1902040 0.0000010 0.0000010 1.0720597 1.1753913 1.0741761 0.0000010 0.9797804 1.1011363 1.2651385 1.2659271 0.9289104 1.0748454 0.9773974 1.3158690 0.9219388 1.1245514 1.1366279 1.1886053 1.1123784 1.4438496 1.9063485 1.0956187 1.1063284 1.0478477 1.0478477 1.1788864 1.1788864 0.0000010 0.0000010 1.6978296 0.0000010 0.0000010 0.0000010 0.0000010 1.6433535 1.5994744 0.0000010 1.8336493 1.8336493 0.0000010 1.5707078 5.5196681 0.0000010 0.0000010 6.2820440 6.1711118 5.0586807 0.0000010 3.7163038 0.0000010 1.1416263 0.0000010 1.0240147 2.3861991 1.8048440 4.8241732 2.5674795 1.7409235 1.9773948 1.8056473 2.1433236 2.3260823 1.8894420 1.9204562 2.0079753 1.0531440 3.3758510 
Aque_Aqu2.1.33792_001                                   0.2909861 0.3435600 0.1997730 0.2949548 0.1224096 0.0583910 0.0000000 0.5680536 0.1087974 0.1086734 0.0524344 0.0869931 0.0313743 2.8951910 3.1302690 3.0051658 0.1683814 1.3566486 3.0483217 1.0272123 0.1849286 0.8156352 1.5149811 1.3598967 1.6344255 1.7953952 1.8804925 1.7196235 0.0000010 0.8348622 0.7951240 0.0000010 0.0000010 1.5051056 1.4608594 0.0000010 0.0000010 1.5633617 1.5822690 1.5881234 0.0000010 1.6526167 1.5680496 1.6992312 1.6762607 1.5420427 1.5455674 1.4490540 1.3758307 1.6730258 1.5670616 1.8466705 1.7264566 1.8581334 1.8837914 2.3286610 1.6109785 1.6896665 1.7370947 1.7370947 1.5033600 1.4994678 2.6695038 2.4292694 2.4208549 2.8180524 2.4833426 2.7629510 2.7721927 2.6070455 2.5042025 2.2099394 3.0419007 3.0554416 3.1969681 1.7578660 3.5755776 6.7947920 0.0000010 5.7750093 5.8186540 3.9402719 0.0000010 4.8686676 0.0000010 1.6694618 1.7269014 1.6069995 2.2814502 1.9896966 4.3939462 2.6731513 2.0930418 2.3513925 2.4354750 2.4495809 1.5262152 3.3706413 3.1755754 2.1490210 1.6708184 5.7690977 
Halamb_c51446_g1_i1mm.3983                              0.6861477 0.6431629 0.5893157 0.6882373 0.7315298 0.2974166 0.5680536 0.0000000 0.7375322 0.3737248 0.3332220 0.6108404 0.3404657 1.6917512 0.9459966 0.9220312 0.7431650 0.5264045 1.3270235 1.5213847 0.6256230 1.4889020 4.0768745 1.8204921 1.4167641 2.9004816 2.8015919 2.0663181 3.7015120 1.5566391 1.0591400 5.6148247 4.0876708 2.3464793 2.3169940 3.2766976 3.8077000 2.2599156 2.2948511 2.2895003 0.9487316 2.1551425 1.9458388 2.1682891 2.1403000 2.1535817 2.0853149 2.1316648 1.9851079 2.1941421 2.3790612 2.4210829 2.1456473 2.3749287 3.0386751 2.6596384 2.6026874 2.6731263 2.5838797 2.6018271 2.5371526 2.3549351 2.7894344 2.5585571 2.7478515 3.6153566 3.4240034 3.8141841 4.4560093 2.9156608 3.0477283 2.1911450 3.1194173 3.0994497 3.9025530 2.5332256 3.7226651 6.0146080 2.9243835 4.8726624 4.1523434 4.3986782 5.9960248 5.0570958 2.4683186 2.2933363 2.1411224 2.2853795 2.9472909 2.6338978 5.1437897 3.2642378 2.7302943 2.9935331 2.9016145 2.8811394 2.3923652 4.9808416 2.8085095 3.0131646 2.1845574 5.1079758 
Aque_Aqu2.1.05367_001                                   0.0000010 0.0000010 0.0000010 0.0000010 0.0000010 0.0000010 0.1087974 0.7375322 0.0000000 0.0976005 0.0372133 0.2777063 0.0524846 0.6640403 3.5017411 3.4275440 0.1067464 0.0000010 0.0000010 1.9480478 0.3047301 1.2664457 1.6182799 2.3786803 1.4699132 2.5772331 2.4747280 2.2151719 9.0000000 2.5775562 0.0000010 9.0000000 9.0000000 2.3135704 2.7317133 6.2347561 4.0414897 2.3267330 2.4626002 2.5056217 0.6882806 2.3567924 1.1749284 2.2078284 1.9814547 2.4263556 2.0963038 2.6477719 2.7915097 2.9706562 2.6814551 2.5358481 1.3495176 2.8994617 2.9744790 0.0000010 2.8132702 2.8240915 2.8577376 2.8626637 2.5718677 2.3352108 2.3554798 2.3749741 2.0624700 2.6272449 2.1331708 3.3341930 2.6101552 2.3428604 3.1692073 2.3428971 3.2773547 3.2672103 2.4004694 2.2362742 3.2349848 8.9999984 0.7499166 4.8674969 4.3659325 4.8020597 1.7460323 5.3186278 1.3425410 1.8748767 1.7484416 2.3457350 2.2435646 2.4260876 3.3172761 2.5165801 2.0085221 2.6119791 2.9750453 2.5324127 1.9987663 5.0813734 3.1929797 1.4872229 0.7364064 6.0969560 
Aque_Aqu2.1.01338_001                                   0.0000010 0.0000010 0.0000010 0.0000010 0.0000010 0.0000010 0.1086734 0.3737248 0.0976005 0.0000000 0.0569958 0.0925147 0.0810244 9.0000000 4.4772096 3.7441274 0.1372317 0.0000010 0.0000010 0.7719384 0.1901667 0.6845128 2.1117582 1.7052735 0.0000010 1.2697415 1.6395249 1.7570478 0.0000010 0.6636817 0.0000010 0.0000010 0.0000010 1.2481233 1.2234761 0.0000010 0.0000010 1.2804838 1.2523699 1.3174807 0.0000010 1.2512749 1.1671938 1.1487617 1.1727630 1.1813858 1.1071971 1.1765371 0.7685316 1.7651354 1.4307294 1.3714754 1.2967218 1.3276278 1.2178458 0.0000010 1.4441816 1.3778304 1.6294243 1.6294243 1.1111703 1.1111703 2.1570671 2.1618461 1.8983715 2.4257891 2.0427379 2.9497939 1.1844579 2.0157283 2.6280809 1.8112236 3.1866153 3.2285866 0.8023881 1.2427319 0.7172644 0.0000010 0.0000010 0.0000010 0.0000010 7.1410328 0.0000010 3.2837462 0.0000010 1.1570163 0.8910019 1.2927876 1.2867713 1.2744049 3.6767981 0.6483233 1.3167325 1.4467315 1.6177960 1.3584579 1.1765348 3.3048580 3.0688871 1.4642121 0.0000010 5.5277835 
Aque_Aqu2.1.03012_001                                   0.0000010 0.0000010 0.0000010 0.0000010 0.0000010 0.0000010 0.0524344 0.3332220 0.0372133 0.0569958 0.0000000 0.0218418 0.0000010 1.8762219 4.1654213 4.0603191 0.0514066 0.0000010 0.0000010 0.7891137 0.1029103 0.6776884 1.2695163 1.5616486 0.0000010 1.1883907 1.4164714 1.9058313 0.0000010 0.6636817 0.0000010 0.0000010 0.0000010 1.1977834 1.1742686 0.0000010 0.0000010 1.2511519 1.2240201 1.2868331 0.0000010 1.2229013 1.1329321 1.1094351 1.1263612 1.1267231 1.0501327 1.1430418 0.6928091 1.6428699 1.3855909 1.2760385 1.2736738 1.2857117 1.2066738 0.0000010 1.4283952 1.3633982 1.5785897 1.5785897 1.1191985 1.1191985 2.2367740 2.1165604 1.7048463 2.2330336 1.8893832 2.7202668 1.1844579 1.9708818 2.6896043 1.7980174 3.1863162 3.2274899 0.8023881 1.1767646 0.6379410 0.0000010 0.0000010 0.0000010 0.0000010 4.3060705 0.0000010 3.2486901 0.0000010 1.1064048 0.8748626 1.1841013 1.2565577 1.2865574 2.7445507 0.5879980 1.3408451 1.4434594 1.5879858 1.3354436 1.1122789 2.9707035 2.7753018 1.3433370 0.0000010 4.1603028 
Aque_Aqu2.1.19939_001                                   0.0000010 0.0000010 0.0000010 0.0000010 1.6950804 0.0000010 0.0869931 0.6108404 0.2777063 0.0925147 0.0218418 0.0000000 0.0544151 2.1328623 2.7667418 3.1694792 0.5426834 2.5357712 0.0000010 1.9318122 0.1520876 1.1580597 2.8555045 2.4107669 1.2944506 2.0388670 1.8912952 3.0832022 2.5150331 2.7227043 0.0000010 5.8368248 5.8368248 2.4989976 1.8528571 4.1988910 6.3476813 2.4169751 2.3612826 2.3336736 0.0000010 2.3177027 2.2195233 2.4344204 2.5640277 2.3821182 2.3550696 2.2142006 2.6844156 2.3636456 2.5288020 2.6745159 2.3933833 2.4682093 2.9319471 1.4168262 2.4467223 2.5885444 2.7333526 2.7333526 2.0483961 2.1109854 2.9201050 2.6237535 3.3267383 4.1837804 3.9298314 5.0036163 2.4766277 3.7564502 5.0054964 2.5530573 3.6846088 3.6575064 2.9083555 2.3252945 3.3923549 5.2682320 6.9420737 4.1720872 4.1720872 3.1113601 2.3317601 2.8921878 0.0000010 2.4233476 1.4260104 2.5645140 2.9842971 2.3134944 4.2290299 2.4780222 2.8167987 3.0594846 3.1846982 3.5604846 1.9038976 4.2475353 5.8169566 2.8690711 4.6715211 4.4582651 
Aque_Aqu2.1.33801_001                                   0.0000010 0.0000010 0.3317102 0.8298999 0.5443923 0.0000010 0.0313743 0.3404657 0.0524846 0.0810244 0.0000010 0.0544151 0.0000000 1.7897700 2.6426941 3.0194465 0.4784242 2.9876256 0.0000010 1.3343104 0.0689703 0.8263263 2.1117582 1.8051477 1.5131166 1.6178321 1.7193040 2.9941782 0.0000010 0.2239631 0.2102978 0.0000010 0.0000010 2.0294171 1.1844433 0.0000010 0.0000010 1.9069183 1.8582231 1.8347780 0.0000010 1.9712380 1.9084101 1.9655905 2.0006519 1.8098032 1.8749042 1.6297296 1.4962713 1.8564791 2.1965329 2.2554655 2.3067611 2.3240394 2.5382029 0.9960070 2.1062656 2.1967416 2.3545378 2.4338112 1.7647302 1.8057117 2.4436219 2.3399568 3.1196470 4.2851808 3.3945429 4.3078835 0.0000010 3.9519053 4.9280198 2.1084664 3.8813448 3.9874538 0.0000010 2.1029819 1.0627878 0.0000010 0.0000010 9.0000000 9.0000000 4.1083667 0.0000010 2.3328105 0.0000010 1.8621653 0.8168319 1.9344818 2.4778316 1.8853170 6.5411287 0.0000010 2.4387367 2.3957765 2.7477656 3.0156714 1.9711415 4.4709779 3.4128630 2.3102244 2.9150952 4.8101757 
Aque_Aqu2.1.25701_001                                   0.0000010 2.3095064 3.6130828 2.3095064 4.0137199 4.0203003 2.8951910 1.6917512 0.6640403 9.0000000 1.8762219 2.1328623 1.7897700 0.0000000 0.0773301 0.1067518 0.1999960 0.1504606 0.6111149 1.5291751 2.4366074 0.6925996 1.5850670 1.3741283 1.9071787 0.8829815 0.8867769 1.7507957 1.1793922 2.6971764 1.4447862 2.1837660 2.4921458 1.9688947 2.1482594 1.8309084 1.4219126 1.7657332 1.8032125 1.8013460 2.5035262 1.4116615 1.7194396 1.7820828 1.8212046 1.7876149 1.8058292 1.9049839 1.8540517 1.8267478 1.8561007 2.1305833 2.4499671 1.9785063 2.6435869 2.9062548 2.2034356 2.4202280 2.3259625 2.3122747 2.2749828 2.1623258 1.3178992 1.3203367 1.4549143 2.6721120 2.4598562 2.1679936 2.7902956 2.7307588 1.7609698 1.8389298 2.8428547 2.8628035 3.3999524 1.8704978 4.1621247 4.6174529 4.7110534 4.0905344 3.9103849 3.8469833 2.5868311 3.6869998 3.0271390 1.9385131 2.0711646 1.8500337 2.0321059 2.1336670 0.5510215 2.1259964 2.2517525 2.4485476 2.3647837 2.3254202 1.6929534 2.6495934 2.0316161 2.7130133 1.6290248 4.5061018 
Aque_Aqu2.1.19934_001                                   0.0000010 1.3528968 2.9005036 1.2956258 3.4192017 0.0000010 3.1302690 0.9459966 3.5017411 4.4772096 4.1654213 2.7667418 2.6426941 0.0773301 0.0000000 0.0391327 0.6027785 0.3418298 0.6351635 1.6367076 3.3525220 2.8140844 1.1546163 2.7545890 1.9171115 4.3419605 3.0712782 1.4758386 0.0000010 1.2612758 1.0963592 0.0000010 0.0000010 1.8863253 1.8797009 0.0000010 0.8135527 1.8806148 1.8941829 1.9383375 0.0000010 1.9362634 1.7987845 1.6153083 1.9745975 1.7470735 1.7987609 1.5962193 1.4487872 1.6698385 1.8254732 1.9215796 2.6346381 2.0603793 2.0228392 3.0904908 2.1316120 2.5089327 2.3807641 2.3807641 2.1020680 2.6727785 3.3024874 3.5013275 2.1848858 3.8116392 5.6798486 8.9999983 0.5442414 2.1650951 2.0728584 4.1031627 2.5108158 2.5611017 0.8135527 2.5239929 3.4826313 9.0000000 0.0000010 8.9999988 9.0000000 5.1958618 0.0000010 6.9230154 0.0000010 1.9625178 2.5110413 1.6797130 2.1804567 1.8034790 1.9640946 0.5969981 1.7932198 2.1104506 1.9249996 2.2704947 3.6949820 4.1756777 3.9500617 2.5394816 1.1023201 3.2338877 
Aque_Aqu2.1.01492_001                                   0.0000010 1.3528968 2.9005036 1.2956258 3.5519915 0.0000010 3.0051658 0.9220312 3.4275440 3.7441274 4.0603191 3.1694792 3.0194465 0.1067518 0.0391327 0.0000000 0.6362759 0.3902259 1.7441266 1.7877564 3.2920993 2.7172453 1.1546163 2.7860478 1.9171115 5.0095667 3.9479007 1.4670960 3.7983812 1.3606127 1.1904146 0.0000010 0.0000010 1.8741214 1.8672283 0.0000010 0.8135527 1.8691709 1.8825345 1.9265517 0.0000010 1.9243027 1.7876361 1.6060612 1.9627056 1.7295374 1.8684443 1.5550667 1.5503458 1.6247040 1.7791782 1.9819996 2.2022832 1.9067192 2.0075834 3.4318340 2.0948838 2.2888110 2.1723992 2.1723992 2.0862828 2.3488495 2.7922923 2.9789115 2.5077631 4.0078759 6.1787117 8.9999984 0.5442414 2.1558267 2.0728584 3.3222776 2.5318236 2.5822582 0.8135527 2.7047572 4.0063376 9.0000000 0.0000010 8.9999988 9.0000000 4.8691825 3.7983812 6.9629534 0.0000010 1.9272384 2.4544751 1.7409677 2.1268931 1.8761347 2.6996209 1.0149322 1.8745549 2.3175152 1.8730432 2.2096111 3.4759031 4.9604444 3.5246982 2.8005853 1.1816687 3.7655897 
Aque_Aqu2.1.33794_001                                   0.0000010 0.0000010 1.5356105 2.9226719 2.5326202 0.3249980 0.1683814 0.7431650 0.1067464 0.1372317 0.0514066 0.5426834 0.4784242 0.1999960 0.6027785 0.6362759 0.0000000 0.1535273 0.4031692 1.3237952 0.5522234 1.4865203 1.6637255 2.6311064 8.4065887 1.8549739 1.9621377 1.8441296 1.2258210 1.1441112 0.9960781 0.0000010 3.0957937 1.7025695 1.4322371 3.0957937 1.7437337 1.7529449 1.7554122 1.7532261 0.0000010 1.7226712 1.6994025 1.4575080 1.6486568 1.8105565 1.7976587 1.6641817 1.6825304 2.0131812 1.6908758 1.7473263 1.9853431 1.7590471 2.1866464 3.8278941 2.1168908 2.3292225 2.2382754 2.2382754 1.6789177 1.6308946 2.8567256 2.4989470 2.5379238 4.3746880 3.2011572 4.0856151 2.6673277 2.8675587 2.5337726 2.2859859 2.7368396 2.7659096 9.0000000 1.8666497 1.6315815 3.0957937 0.0000010 8.9999989 4.7064023 2.6142567 1.6915937 3.9041579 0.0000010 1.6137710 0.8915074 1.5326845 2.0252498 1.8841721 3.5194149 1.1364678 2.0011666 2.1906364 2.3075694 2.2854215 2.2017503 3.7667202 3.3866565 2.3501749 1.7514878 5.6985829 
Aque_Aqu2.1.19943_001                                   0.0000010 0.0000010 1.5356105 2.9226719 2.3189101 0.3249980 1.3566486 0.5264045 0.0000010 0.0000010 0.0000010 2.5357712 2.9876256 0.1504606 0.3418298 0.3902259 0.1535273 0.0000000 0.4031692 1.2164071 1.1422974 2.7189581 0.7890509 1.8558380 2.2504811 0.0000010 2.5862757 0.9935633 0.0000010 1.0727660 0.7582593 0.0000010 0.0000010 1.5178057 1.5233132 0.0000010 0.0000010 1.5773058 1.5328099 1.5892989 0.0000010 1.4230498 1.5152029 1.2058442 1.4939339 1.5045496 1.4170953 1.2192095 1.5539111 1.5789754 1.0469822 1.4866872 1.6930941 1.6477812 2.3980919 3.6237618 1.8917584 2.6744839 2.0044862 2.0044862 1.7217650 1.9595465 0.0000010 0.0000010 1.8522271 9.0000000 9.0000000 9.0000000 0.0000010 1.9627363 1.7700414 0.0000010 1.5194871 1.5194871 0.0000010 2.2247092 2.9812975 0.0000010 0.0000010 8.9999982 6.6298038 2.7526329 1.0475011 4.8571666 0.0000010 1.5830567 3.3425254 1.3683438 2.3797405 2.1608226 3.5920731 0.8342310 1.9709565 1.6280290 1.5566619 1.5446861 2.0888892 2.1638453 1.4620658 2.6076477 1.1100720 6.3960748 
Stycar_maker-SC_scaffold64701-snap-gene-0.8-mRNA-1      1.5802237 1.2400188 1.6075525 1.1701284 3.4545758 3.6716994 3.0483217 1.3270235 0.0000010 0.0000010 0.0000010 0.0000010 0.0000010 0.6111149 0.6351635 1.7441266 0.4031692 0.4031692 0.0000000 0.7217146 3.4376513 0.0000010 1.2126121 0.7076613 0.6273559 0.0000010 0.0000010 2.1102282 0.0000010 3.2725052 2.2682772 0.0000010 0.0000010 1.7381085 1.6619356 0.0000010 0.0000010 1.6136556 1.5918828 1.5718717 0.0000010 1.5835621 1.6508311 2.0586773 1.8581016 1.8497944 1.7114846 1.7065104 1.7614672 1.9097224 2.1829325 2.0963004 2.1759282 2.3275732 2.8711749 2.3082852 2.4439319 2.1139280 2.8211331 2.8211331 2.6456741 2.7582369 0.0000010 0.0000010 2.4434191 2.4792683 2.3403240 2.7090585 0.0000010 2.4226781 2.1619529 0.0000010 2.8125640 2.7274417 0.0000010 2.4958055 0.4912900 0.0000010 0.0000010 3.7386748 3.4092090 5.8883666 0.0000010 3.9888865 0.0000010 2.6797390 2.3864446 1.9650956 2.5582046 1.9209838 2.2631995 0.4278057 2.3557671 3.4122429 2.6095082 2.8641700 0.0000010 3.8971890 1.6589761 4.6069118 3.0318245 4.0487827 
Tetwil_g26305.t1                                        1.2213517 1.1776859 1.0094863 1.2764979 1.4236851 0.5944999 1.0272123 1.5213847 1.9480478 0.7719384 0.7891137 1.9318122 1.3343104 1.5291751 1.6367076 1.7877564 1.3237952 1.2164071 0.7217146 0.0000000 1.1426968 1.5507708 3.4125657 1.3007547 1.3214645 0.9501359 1.0532105 1.6093471 7.0831010 1.5429427 0.7682942 7.8680260 6.3411424 2.0654001 1.8598501 6.6460403 1.6443123 1.9143866 2.0001782 2.0116697 7.3793133 1.7660771 1.7872859 1.7689607 1.7378874 2.0243566 1.7899344 1.9465596 1.8142545 1.9066851 1.8660343 2.0221698 1.9060190 1.9482593 2.3705570 2.3180592 2.1156260 2.1062627 2.2635613 2.2773285 2.1143282 1.9668212 1.4666521 1.6358631 2.2670001 2.8648615 3.5218212 4.1234113 2.4408282 2.7288033 2.8984383 1.5209114 2.7578560 2.7735241 1.8052462 1.9237770 4.1241848 6.0302758 4.9846993 4.4129614 3.8958747 4.4175083 3.4811287 4.5727469 4.2736216 2.0047314 1.6735192 2.0039708 2.3980156 2.3587259 2.5381430 1.9766067 2.3247782 2.5662232 2.4922238 2.3626974 1.8333306 3.9856805 3.2850364 2.7464856 2.0870511 4.2148204 
Aque_Aqu2.1.14764_001                                   3.7601455 2.7488165 0.5796610 2.7488165 0.4135956 0.2393558 0.1849286 0.6256230 0.3047301 0.1901667 0.1029103 0.1520876 0.0689703 2.4366074 3.3525220 3.2920993 0.5522234 1.1422974 3.4376513 1.1426968 0.0000000 1.3773538 3.4434734 2.0131010 2.0905394 1.9327438 1.9611288 2.2927003 1.8625796 1.3201903 0.3295327 0.0000010 5.0447424 1.9642999 1.7127477 5.0447424 5.8602788 2.0998216 2.0309923 2.0078321 0.0000010 1.8858007 1.9194937 1.9703987 2.0411655 1.8142108 2.0904678 1.8123488 1.6231215 2.0467344 2.1764071 2.1605335 1.8666487 2.3888034 2.7901205 4.8369757 2.0196762 2.2020907 2.2421061 2.2421061 1.8014977 1.7408513 2.5693555 2.3814622 2.8184090 3.3265523 2.9368812 3.6134407 2.0380445 2.9092043 3.3259287 2.3779445 3.2023390 3.5024108 4.1092082 1.8018452 3.0482030 5.2210818 0.0000010 3.0319171 3.0741020 5.7368046 9.0000000 3.7777385 0.0000010 1.9529932 1.9813013 1.8647040 2.2894706 1.8503772 4.3681504 3.0184984 2.3417108 2.2118913 2.2642639 2.4760941 1.5499761 3.6878263 3.8040432 3.1227111 2.3024127 5.0012406 
Xestes_maker-XT_scaffold2099-snap-gene-0.17-mRNA-1      0.0000010 0.0000010 0.0000010 0.0000010 0.0000010 0.0000010 0.8156352 1.4889020 1.2664457 0.6845128 0.6776884 1.1580597 0.8263263 0.6925996 2.8140844 2.7172453 1.4865203 2.7189581 0.0000010 1.5507708 1.3773538 0.0000000 1.4621437 1.4112775 1.6455355 1.0599119 1.1424694 1.7245875 1.0633641 2.7424278 0.0000010 1.8083182 2.3303688 2.1884133 2.1061122 1.6284502 1.3745802 1.8560645 1.8781090 1.8954830 2.6791091 1.6973007 2.3444789 1.9298869 1.7747528 2.0054879 1.7952295 1.9825574 1.8129728 1.8648702 1.9221351 2.2387550 2.2372504 2.4263661 2.4155804 3.3079097 2.0988950 2.2133838 2.1776788 2.1621652 2.0988789 1.9701629 1.4656223 1.5176065 1.9472405 2.4509543 3.0669622 3.6704907 2.2820438 2.6012893 5.7597917 1.8227248 2.7788154 2.8110809 2.9488264 1.9613726 3.4718340 3.7110016 3.5452732 3.6944881 3.6396775 3.6091007 2.2357067 3.5527338 2.7531973 1.7734807 1.7082760 1.9027652 2.2097113 2.1706425 0.8214800 2.0930177 2.0771344 2.3389163 2.5868149 2.4474044 1.7697346 2.8841891 1.8929361 2.8450396 2.8137076 4.7212067 
Spolac_c104053_g5_i1_m.37868c104053-g5                  0.0000010 2.3197577 4.8176726 1.5315183 2.6789593 0.0000010 1.5149811 4.0768745 1.6182799 2.1117582 1.2695163 2.8555045 2.1117582 1.5850670 1.1546163 1.1546163 1.6637255 0.7890509 1.2126121 3.4125657 3.4434734 1.4621437 0.0000000 0.4583649 1.6823200 1.8352038 1.8394006 1.7615739 0.9458961 3.2207964 2.3632056 1.3719627 1.8871088 2.2179391 2.2499007 1.3622794 1.0854730 1.9947110 1.9503142 1.9128453 3.4253206 2.0647596 1.5308072 2.1305563 2.0376881 2.3015998 2.1654804 2.2179810 2.1519281 2.4652410 2.1879441 2.5351872 1.1136894 1.8904807 3.2565838 4.2870519 2.8548790 3.0850372 3.2843881 3.2446993 2.7755060 2.6897045 3.5324228 2.3167564 2.5690789 2.9787305 1.5621746 1.4263956 3.1157455 3.0472539 1.7735743 4.1549941 3.5874399 3.6389603 6.2478890 2.3318572 3.3080733 3.3985649 4.0120598 3.5727580 3.5309923 3.2610130 2.4387396 3.4020878 2.8912384 2.1715685 2.5310614 2.4693645 2.6424254 2.5710287 1.6621843 2.8651069 2.6624037 2.6867314 2.9182042 2.7161722 2.2499297 2.7372255 1.5516572 2.3057671 2.0541483 5.4740522 
Emue_Em0012g1047a.t1                                    1.2444940 1.3247738 1.1992796 1.3583207 1.2260177 0.7351898 1.3598967 1.8204921 2.3786803 1.7052735 1.5616486 2.4107669 1.8051477 1.3741283 2.7545890 2.7860478 2.6311064 1.8558380 0.7076613 1.3007547 2.0131010 1.4112775 0.4583649 0.0000000 0.4643837 0.5160217 0.5266485 1.6981820 1.1233923 1.9171887 0.3359720 1.2651951 1.8175663 1.9298157 1.7744909 1.1792262 1.0627528 1.7198564 1.8037470 1.8279825 3.8259191 1.7158324 1.8719547 1.8010084 1.7585558 1.8145215 1.6374179 1.8117323 1.6576258 1.9080197 1.8384577 2.0966492 1.8866244 1.9419343 2.6054328 2.0476554 2.3181310 2.3813206 2.4093402 2.4140567 2.2897203 2.1480602 1.3355771 1.4558346 2.1753041 2.6984492 3.5144166 3.6670958 2.4052658 2.6167197 2.7364507 1.7177706 2.5547964 2.5452191 3.0487143 2.0324604 3.6353097 3.9173290 4.3693755 3.9572906 3.6228717 3.8678520 2.5276141 3.7750682 2.7813187 1.8288258 1.7470567 1.9075215 2.5328396 2.2906062 1.9175552 2.1182338 2.3107034 2.5932347 2.4969873 2.2994108 2.1261348 3.0191735 1.8253327 2.9191923 2.2239348 3.6512586 
Spolac_c104053_g6_i2_m.37874c101252-g1                  1.2446966 1.3432013 1.4306438 1.4392972 1.2638633 0.0000010 1.6344255 1.4167641 1.4699132 0.0000010 0.0000010 1.2944506 1.5131166 1.9071787 1.9171115 1.9171115 8.4065887 2.2504811 0.6273559 1.3214645 2.0905394 1.6455355 1.6823200 0.4643837 0.0000000 1.1293074 1.1011792 2.2081503 1.1046814 1.9968232 0.0000010 0.3587636 0.3587636 1.5707673 1.2747174 0.3587636 1.4216237 1.5818737 1.5841212 1.6217954 1.5470601 1.5975331 1.5175994 1.6591510 1.6690822 1.6085911 1.7144948 1.8557215 1.7614746 1.6759439 1.9766882 1.7864759 2.0248370 1.8924361 2.1284773 1.8521405 2.3066946 2.2710640 2.4374750 2.4821075 2.2486419 2.2759238 2.0417121 3.3568382 3.2527291 3.1750579 3.0562085 3.9526895 2.8180598 3.1000719 3.2028486 1.6383123 2.9866225 3.0097041 4.3361500 1.8453964 3.2248136 3.8430814 3.5194015 2.6925132 2.3805445 3.4694741 2.6657512 3.5424093 2.5159143 2.0201552 1.7039759 1.9442124 2.7208397 2.5477196 3.7936587 1.3520937 2.1715150 2.9486635 2.7260923 2.3492957 2.8259222 3.1830311 1.6669906 3.3644794 2.3355736 3.2774261 
Spolac_c104053_g6_i1_m.37870c101252-g1                  0.0000010 0.0000010 0.0000010 0.0000010 0.0000010 0.0000010 1.7953952 2.9004816 2.5772331 1.2697415 1.1883907 2.0388670 1.6178321 0.8829815 4.3419605 5.0095667 1.8549739 0.0000010 0.0000010 0.9501359 1.9327438 1.0599119 1.8352038 0.5160217 1.1293074 0.0000000 0.0141786 1.2055286 0.0000010 2.2264189 0.0000010 0.0000010 0.0000010 1.6139402 1.6246583 0.0000010 1.2759378 1.4285344 1.5318244 1.5835566 0.0000010 1.3474975 3.0207764 1.2315742 1.2320540 1.4566663 1.3689019 1.6823295 1.4402271 1.6290204 1.2821274 1.6964102 2.2529598 2.2552924 1.8367983 3.8910544 1.7743850 1.8290493 1.6653993 1.6735080 1.8587028 1.6732469 1.3273149 1.3119826 1.4001525 1.2905713 2.3910921 2.3536326 1.0743109 1.4633073 0.0000010 1.3044092 1.4390667 1.4244243 1.2384862 1.5014784 4.4339617 5.7748927 8.1384259 5.3240534 5.1115506 4.7983241 0.0000010 5.2005311 0.0000010 1.0830903 1.0503052 1.5494611 1.9239678 1.7775341 0.9012603 1.1744532 1.5010867 1.6639598 1.5015349 1.5828851 1.4287623 2.9935732 3.1339988 3.0036783 2.2056653 4.0044965 
Spolac_c104053_g6_i2_m.37873c101252-g1                  0.0000010 0.0000010 0.0000010 0.0000010 4.8550232 0.0000010 1.8804925 2.8015919 2.4747280 1.6395249 1.4164714 1.8912952 1.7193040 0.8867769 3.0712782 3.9479007 1.9621377 2.5862757 0.0000010 1.0532105 1.9611288 1.1424694 1.8394006 0.5266485 1.1011792 0.0141786 0.0000000 1.2637123 0.0000010 2.2408197 0.7489116 0.0000010 0.0000010 1.5911843 1.6066353 0.0000010 1.2875485 1.4521378 1.5375171 1.5875395 0.0000010 1.3845702 1.8761880 1.3343267 1.3333410 1.6350024 1.5059027 1.7121221 1.4733003 1.6635017 1.3119090 1.6998945 1.9854063 2.2189328 1.8357261 3.5780354 1.7382820 1.8214352 1.6613588 1.6680818 1.8070431 1.6279000 1.3387512 1.4122671 1.5163141 1.5354105 2.6782858 2.6980277 1.0743109 1.6080139 1.9898069 1.4103001 1.7446066 1.7044684 1.2384862 1.5884208 4.1851233 5.7748927 8.1384259 5.3662060 5.1569953 4.6629917 0.0000010 4.5901008 0.0000010 1.2341179 1.0730797 1.5096339 1.8787388 1.7727151 0.9639657 1.1876257 1.7638685 1.8118495 1.7522795 1.8151361 1.5091843 2.9675317 3.0074871 3.0824079 1.6267169 3.9653301 
Plespi_Pspi_scaffold18436_01                            1.6907512 1.8831623 1.7522239 1.9885214 1.8976920 1.0179574 1.7196235 2.0663181 2.2151719 1.7570478 1.9058313 3.0832022 2.9941782 1.7507957 1.4758386 1.4670960 1.8441296 0.9935633 2.1102282 1.6093471 2.2927003 1.7245875 1.7615739 1.6981820 2.2081503 1.2055286 1.2637123 0.0000000 1.3694489 2.1036716 1.2518309 2.3357803 2.6680379 2.1400485 1.9495244 1.9729834 1.5029559 2.0024175 2.0396426 2.0150467 3.0592527 1.8370417 2.0390859 1.9597906 1.9699974 2.0264104 1.9644572 2.0184712 1.8860019 2.0297838 2.0384004 2.2765864 2.3032190 2.1312632 2.6172370 2.9058186 2.3214617 2.3589279 2.5387926 2.5501164 2.3887209 2.1809056 1.5754304 1.7711440 2.3687489 2.9180730 3.3327668 3.7918701 2.7716848 2.7851427 2.6563107 1.5954410 3.0345206 3.0283449 3.4836369 2.1316235 3.9042786 4.2945411 5.4303109 4.1366971 3.8266382 4.1248123 3.1894628 3.9997693 3.0078974 2.1235210 2.0574523 2.0491677 2.4241877 2.3688764 2.3968726 2.3732320 2.6291112 2.6485918 2.7024728 2.5277334 2.0336372 3.1488993 2.6204455 2.9464950 2.3405116 4.0195913 
Tetwil_g3537.t1                                         0.0000010 0.0000010 0.0000010 0.0000010 1.6950804 0.0000010 0.0000010 3.7015120 9.0000000 0.0000010 0.0000010 2.5150331 0.0000010 1.1793922 0.0000010 3.7983812 1.2258210 0.0000010 0.0000010 7.0831010 1.8625796 1.0633641 0.9458961 1.1233923 1.1046814 0.0000010 0.0000010 1.3694489 0.0000000 1.0128973 0.0000010 1.8884271 1.8655897 1.7130717 1.8204114 1.7336919 1.7492819 1.8730805 2.0249169 1.9178467 9.0000000 0.0000010 0.0000010 1.7968797 2.0674275 1.6302751 1.8441867 1.8131924 1.5556240 2.2122743 1.9294011 2.3795858 0.0000010 1.2938106 3.8937097 1.3114487 2.5300188 4.1128627 3.5606836 3.5606836 2.9214028 3.0259527 0.0000010 1.2620974 0.0000010 2.8911791 0.0000010 0.0000010 2.9523594 2.8639364 0.0000010 6.2886605 2.6420499 2.6651756 7.1739639 1.5837846 2.7805442 2.9080112 0.0000010 2.7941609 2.7941609 2.6583215 2.7639538 2.5101461 3.1518997 2.3834051 3.8711754 2.0838112 2.4771440 2.1513854 1.2025130 2.2566277 3.2793104 2.1362152 2.1458835 2.4398992 0.8751780 2.1567362 0.7230444 0.0000010 4.3520864 4.4158161 
Stycar_maker-SC_scaffold58576-augustus-gene-0.24-mRNA-1 0.4519606 1.3859370 0.9597454 1.0477021 1.1355845 0.7113616 0.8348622 1.5566391 2.5775562 0.6636817 0.6636817 2.7227043 0.2239631 2.6971764 1.2612758 1.3606127 1.1441112 1.0727660 3.2725052 1.5429427 1.3201903 2.7424278 3.2207964 1.9171887 1.9968232 2.2264189 2.2408197 2.1036716 1.0128973 0.0000000 0.7135563 1.9676111 2.8459855 2.5613136 2.5741376 1.8764172 2.9435723 2.4069097 2.4680062 2.4121063 4.4837357 2.3149374 1.8735228 2.2606840 2.2258629 2.1399618 1.9514981 2.0870417 2.2803666 2.2242698 2.4957366 2.4675142 1.7597405 2.4050297 3.0703015 2.7524938 2.7833437 2.9278325 2.8919760 2.9129177 2.6787725 2.5979932 2.6678828 2.6097174 2.4162322 3.5171537 3.4315075 5.0064294 3.5469794 2.9213216 2.4614761 2.4226284 2.9473388 2.9337754 3.1310894 2.3509301 5.1095486 5.7903308 8.9999984 6.0446317 5.6228317 5.1883444 6.2828641 5.5394410 8.0223192 2.5020605 2.7302956 2.4554168 2.7209200 2.8427414 3.8244480 3.0674539 2.5012477 2.9460745 2.9448315 2.8342749 2.9985006 3.7583365 6.4040152 2.6013882 2.2161157 4.5140916 
Spolac_c104053_g2_i2_m.37866c101252-g1                  0.3999243 0.3999243 0.7876593 0.8349223 1.2488029 0.8193100 0.7951240 1.0591400 0.0000010 0.0000010 0.0000010 0.0000010 0.2102978 1.4447862 1.0963592 1.1904146 0.9960781 0.7582593 2.2682772 0.7682942 0.3295327 0.0000010 2.3632056 0.3359720 0.0000010 0.0000010 0.7489116 1.2518309 0.0000010 0.7135563 0.0000000 0.0000010 0.0000010 1.8450622 1.8283335 0.0000010 0.0000010 1.8595808 2.0175359 2.0145729 0.0000010 1.8935644 1.9215145 1.7260358 1.8458779 1.8173009 1.5019763 1.5343181 1.5484525 1.6497706 1.8231877 1.7975272 1.6759554 1.7130985 2.2562019 2.6767048 1.7241261 1.1733871 1.6699695 1.6676445 1.7585702 0.9591540 0.0000010 0.0000010 2.0550122 1.3713338 2.3452081 0.0000010 0.0000010 2.1579542 2.0559784 0.0000010 2.1344418 2.1417245 0.0000010 1.6616662 3.2877082 0.0000010 0.0000010 7.2055631 5.3966178 3.7423841 0.7489116 3.1693900 0.0000010 1.9991443 0.8575702 1.8535926 2.3564925 2.1499654 3.9355526 1.5199909 1.6775505 2.3069998 2.4124949 2.1908597 0.7779393 3.1760080 1.5828005 2.4981361 1.7679561 2.6482837 
Amil_Amillepora26503-RA                                 0.0000010 0.0000010 0.0000010 0.0000010 0.0000010 0.0000010 0.0000010 5.6148247 9.0000000 0.0000010 0.0000010 5.8368248 0.0000010 2.1837660 0.0000010 0.0000010 0.0000010 0.0000010 0.0000010 7.8680260 0.0000010 1.8083182 1.3719627 1.2651951 0.3587636 0.0000010 0.0000010 2.3357803 1.8884271 1.9676111 0.0000010 0.0000000 0.0262994 0.0262994 0.0406824 0.0284181 0.3955289 0.3163433 0.2992733 0.2805848 0.0000010 0.0000010 0.0000010 0.7087283 0.6426863 1.1971231 1.0370025 1.0933985 1.0649759 1.9513151 1.1317751 2.0220833 0.0000010 2.0578848 2.7163154 2.7245282 2.6260580 2.8669011 3.0733927 3.0733927 2.3036747 2.2758649 0.0000010 0.0000010 0.0000010 1.9101746 0.0000010 0.0000010 1.9360861 1.8772373 0.0000010 0.0000010 2.5093609 2.4447694 4.5270393 1.5795362 1.9601238 1.9917200 0.0000010 2.1490495 2.1490495 2.0158285 2.6483204 2.4028037 3.7541519 1.5815686 2.3379156 2.2371577 1.7469974 2.6580569 2.3848566 3.5089384 3.3211788 3.2350119 2.7849520 3.3503635 0.0000010 1.4286670 2.9351301 0.0000010 2.7362327 4.8970018 
Amil_Amillepora26508-RA                                 0.0000010 0.0000010 0.0000010 0.0000010 0.0000010 0.0000010 0.0000010 4.0876708 9.0000000 0.0000010 0.0000010 5.8368248 0.0000010 2.4921458 0.0000010 0.0000010 3.0957937 0.0000010 0.0000010 6.3411424 5.0447424 2.3303688 1.8871088 1.8175663 0.3587636 0.0000010 0.0000010 2.6680379 1.8655897 2.8459855 0.0000010 0.0262994 0.0000000 0.0069429 0.0213980 0.0114214 0.3621135 0.3441006 0.3353366 0.3175054 0.5936708 0.0000010 0.0000010 0.7014619 0.6448645 1.2551302 1.2145113 1.4410330 1.1484345 1.6020571 1.3633581 2.0492921 0.0000010 2.0578848 3.1598477 2.7245282 2.8084864 3.5672610 3.4266003 3.3518127 2.4290905 2.4118969 0.0000010 0.6139970 0.0000010 2.5575276 0.0000010 0.0000010 2.4665451 2.5021541 0.0000010 8.9999988 2.9479400 3.0376370 5.0037521 1.6458071 2.6021413 2.6258879 3.9121846 2.6835437 2.6798712 2.7762604 3.4607916 3.0828744 3.3631444 2.0204131 2.8458928 2.4460176 1.8408034 2.4601821 2.5099956 2.8130869 2.7417724 3.6874906 3.2349054 3.4185449 1.7793162 1.6730915 3.6280932 0.0000010 5.2524322 6.2067627 
Amil_Amillepora26511-RA                                 1.7373152 1.6456126 1.5712066 2.0145499 2.3257501 1.1789081 1.5051056 2.3464793 2.3135704 1.2481233 1.1977834 2.4989976 2.0294171 1.9688947 1.8863253 1.8741214 1.7025695 1.5178057 1.7381085 2.0654001 1.9642999 2.1884133 2.2179391 1.9298157 1.5707673 1.6139402 1.5911843 2.1400485 1.7130717 2.5613136 1.8450622 0.0262994 0.0069429 0.0000000 0.0757948 0.0000010 0.4757423 0.3240906 0.3472466 0.3322560 0.0668643 0.2953559 0.3014374 0.7529219 0.6902783 1.2343205 1.2487035 1.4892266 1.2071926 1.4581000 1.1319775 1.5487494 1.1631979 1.4830726 1.8029672 2.1646056 1.9222802 1.9717208 1.9974655 2.0031078 1.8310664 1.6820279 1.5655530 1.6518337 2.1224278 2.6431088 2.7957250 2.9668860 2.6708837 2.6584585 2.4584505 2.0365674 2.9202811 2.9504022 3.3797088 1.4709300 3.0604401 3.1144867 3.6632761 3.3009021 3.1175666 3.3676192 2.9820730 3.6253136 3.1322029 1.8573253 1.7849394 1.8770490 1.7365256 2.0868533 2.6101745 1.9644308 2.1124817 2.7295693 2.6524716 2.4733831 2.0285480 2.1593487 2.8169625 2.7744054 1.3280413 3.5049817 
Adig_XM_015895571.1                                     1.7329035 1.6463010 1.5896600 1.9443757 2.1190367 1.1902040 1.4608594 2.3169940 2.7317133 1.2234761 1.1742686 1.8528571 1.1844433 2.1482594 1.8797009 1.8672283 1.4322371 1.5233132 1.6619356 1.8598501 1.7127477 2.1061122 2.2499007 1.7744909 1.2747174 1.6246583 1.6066353 1.9495244 1.8204114 2.5741376 1.8283335 0.0406824 0.0213980 0.0757948 0.0000000 0.0115889 0.3660889 0.3060622 0.3359989 0.3319347 0.2344380 0.2698497 0.2592058 0.7308147 0.6909249 1.2161857 1.1731362 1.3262464 1.2229184 1.3791312 1.0365164 1.4962708 1.1039182 1.3255872 1.7991418 1.9037553 1.7759304 1.7788663 1.8476578 1.8431592 1.6600358 1.5120514 1.4204201 1.5318874 1.9469567 2.2573499 2.3611858 2.3853287 2.1064741 2.2850174 2.2768951 1.9070127 2.7171360 2.7462576 2.6584193 1.3388337 3.2498599 3.3941604 3.8685390 4.0063580 3.6866403 3.6822710 3.5715798 3.9958597 4.4924833 1.7945537 1.6874239 1.6115535 1.7526836 1.9302493 2.6639335 1.9418630 2.0315017 2.5771654 2.4299580 2.2233522 1.9677210 2.7650267 3.3155928 2.5217776 1.1102535 4.2670982 
Amil_Amillepora26506-RA                                 0.0000010 0.0000010 0.0000010 0.0000010 0.0000010 0.0000010 0.0000010 3.2766976 6.2347561 0.0000010 0.0000010 4.1988910 0.0000010 1.8309084 0.0000010 0.0000010 3.0957937 0.0000010 0.0000010 6.6460403 5.0447424 1.6284502 1.3622794 1.1792262 0.3587636 0.0000010 0.0000010 1.9729834 1.7336919 1.8764172 0.0000010 0.0284181 0.0114214 0.0000010 0.0115889 0.0000000 0.3205819 0.2549115 0.2555387 0.2399108 0.0000010 0.0000010 0.0000010 0.5338645 0.4940538 1.0562059 1.0076729 0.9958756 0.9525331 1.4838543 1.0152970 1.7812313 0.0000010 2.0578848 2.6891970 2.7245282 2.1149596 3.3103647 2.8985872 2.8985872 1.9223528 1.9016640 0.0000010 0.6139970 0.0000010 2.2141743 0.0000010 0.0000010 2.1203770 2.1659026 0.0000010 9.0000000 2.4056623 2.5898422 5.1806386 1.5370127 2.0492566 2.0795465 0.0000010 2.2898549 2.2898549 2.1071688 4.4392146 2.4589220 3.7541519 1.2485783 2.1340243 1.7264180 1.6083127 2.1521100 1.9111703 2.7735951 2.6042807 2.7112283 2.5056174 2.8424253 1.6955985 1.2611459 3.2120740 0.0000010 4.2465475 6.1842838 
Gasp_gasp1.m3.25188.m1                                  0.0000010 0.0000010 0.0000010 0.0000010 0.0000010 0.0000010 0.0000010 3.8077000 4.0414897 0.0000010 0.0000010 6.3476813 0.0000010 1.4219126 0.8135527 0.8135527 1.7437337 0.0000010 0.0000010 1.6443123 5.8602788 1.3745802 1.0854730 1.0627528 1.4216237 1.2759378 1.2875485 1.5029559 1.7492819 2.9435723 0.0000010 0.3955289 0.3621135 0.4757423 0.3660889 0.3205819 0.0000000 0.1868924 0.2702651 0.3044705 0.0000010 0.3181115 0.0000010 0.8149977 0.8188878 0.9932011 1.2223218 1.2933459 1.1269867 1.2530536 1.0284444 1.5066088 3.5686114 1.5904164 2.3003035 2.3803377 1.6601118 1.9243293 1.8802678 1.8831338 1.6118649 1.4117061 1.0037057 0.9899969 1.2008206 1.4926660 0.0000010 0.0000010 1.2969349 1.4705951 0.0000010 1.0987255 1.4797913 1.5361649 1.5979308 1.2656595 2.6951020 2.5702011 3.2356920 3.8003884 3.7094809 2.6281031 4.4184146 3.4210850 5.2649677 1.1052964 1.3980704 1.4067705 1.4164313 1.5670228 1.6620701 1.6707468 1.5059747 1.7154544 1.6680046 1.4660530 1.5938362 2.3742676 2.9587213 0.0000010 2.2914636 4.6319453 
