52
Gasp_gasp1.m1b.962.m1                             0.0000000 6.4696817 6.5373132 3.5273893 6.2607595 3.3320096 3.1138473 3.3063179 3.3585044 5.3230650 3.5264525 3.3491024 3.8306653 4.0339630 4.1921908 4.1397236 3.3612766 3.7980661 3.6250393 5.0869310 4.7352944 6.2907767 6.7860005 6.4703170 5.2059369 6.2327626 5.7280688 5.0184696 5.8498791 6.2354354 6.0346966 6.1063165 3.7320439 4.8169135 4.4256156 4.4256156 4.5077078 5.6271050 5.5945988 5.3354094 4.9829766 4.8475137 4.6320897 4.5003613 4.0692113 4.9311261 4.4560025 5.4685243 5.3254186 5.2874208 5.1002006 3.5729773 
Morvir_scaffold221.g28.t1                         6.4696817 0.0000000 2.0093871 1.6513974 1.6516235 1.5613636 1.5468823 1.6925227 1.8227127 9.0000000 2.0133700 1.5285388 2.3965299 3.1446524 3.2183202 1.5712034 0.0000010 0.0000010 3.2768253 2.4269113 4.5325967 6.8826291 5.8018109 6.6690483 3.7555523 3.7555523 3.2967398 2.9434659 4.9027564 4.4211997 4.4211997 2.8881237 2.0755085 4.0302102 4.3612059 4.3612059 3.4462545 3.2323237 5.0270563 6.0791439 4.2926385 3.7879013 3.2746322 3.3934285 3.3934285 5.8295022 4.1011544 4.7254810 5.0897171 4.3669230 4.9735655 3.5862762 
Nvec_NVE5174                                      6.5373132 2.0093871 0.0000000 0.1724819 0.8740904 0.8455288 0.7984783 0.8300420 0.9609734 2.4214363 1.2377345 0.6316636 2.1498043 2.0467623 2.0124550 1.8787571 4.7565834 3.7235462 2.7527617 2.1984277 2.4516463 4.1618163 3.8867527 4.0291018 4.2447275 4.2539382 3.9287335 2.0883693 3.1202660 3.4632670 3.3470132 3.6222377 2.3304439 3.1373399 3.2974559 3.2974559 2.9143693 2.5244706 2.8597953 3.0547848 3.1796788 2.7666645 2.6429062 2.6531095 2.6625301 3.2412355 3.0241952 2.9575454 2.9730430 2.8559475 2.9487653 2.7941784 
Nvec_NVE17893                                     3.5273893 1.6513974 0.1724819 0.0000000 0.8414235 0.7499623 0.7571107 0.7755760 0.7442468 1.2943804 0.9289382 0.6035887 1.6804203 1.5943995 1.5002858 1.7118564 1.3478262 2.1016933 1.8417751 1.6470018 2.1947919 3.2201540 3.2885717 3.9455575 3.1300814 3.2491139 3.5632263 2.0107721 2.5640234 2.7870867 2.7861023 2.8160935 1.6117216 2.4711654 2.2284772 2.2284772 1.9109815 2.2676532 3.0706226 3.0252445 3.2307504 2.8743394 2.6596216 2.6541183 2.6713507 2.9979025 2.5024076 2.1516220 2.0313463 1.9775042 2.0659454 2.3780921 
Gasp_gasp1.m3.30862.m1                            6.2607595 1.6516235 0.8740904 0.8414235 0.0000000 0.1487739 0.2694691 0.2525723 0.2962166 0.9716324 0.4195740 0.7523115 1.5998417 1.4479869 1.7493721 1.5933610 4.9559168 4.1424833 2.0150928 1.4566229 2.0250311 3.0146537 3.0678032 4.0610916 2.5709293 2.5709293 3.5259397 1.9164044 2.5838161 2.6678189 2.7163559 2.5653217 1.6304709 2.6458313 2.1359725 2.1359725 1.9701184 2.0564408 2.5026683 2.6521156 2.7485403 2.5640689 2.4752855 2.5169301 2.5169301 2.6200995 3.1319096 2.5481525 2.5081683 2.2369078 2.6753429 2.0828709 
Fspp_ffun1.m4.13030.m1                            3.3320096 1.5613636 0.8455288 0.7499623 0.1487739 0.0000000 0.2238602 0.2473364 0.2520711 0.6095732 0.3775557 0.7999862 1.4644520 1.3755209 1.5748474 1.6241714 1.1119795 1.9676321 1.8013409 1.3507554 2.1164297 3.3411883 3.1878628 3.7908974 2.8567856 2.9916299 3.3726818 2.0253264 2.3451223 2.5435715 2.5838480 2.5585910 1.5694894 2.2830437 2.1856757 2.1856757 1.9407770 2.0365266 2.4921398 2.6099655 2.8434481 2.5311121 2.4094496 2.4677942 2.3561757 2.5496372 2.9061381 2.3126961 2.1060667 1.9081705 2.1674440 2.0570434 
Spis_XP_022780816_1                               3.1138473 1.5468823 0.7984783 0.7571107 0.2694691 0.2238602 0.0000000 0.1119083 0.3250638 0.6210360 0.3586703 0.8113971 1.4184998 1.3309790 1.4905766 1.7250021 1.1734948 2.0715887 1.8783326 1.3294146 2.1969471 3.1453234 3.1870688 3.6199296 2.7581646 2.8969057 3.3475602 2.0748316 2.4252005 2.6773698 2.6881089 2.6203009 1.5851598 2.4450915 2.2219913 2.2219913 2.0384464 2.1851139 2.6002305 2.7113597 2.9293510 2.4956967 2.4448648 2.4808340 2.3940175 2.7275648 3.0083465 2.2702618 2.2250171 2.0220495 2.3109122 2.0757183 
Pocdam_XM_027200257.1                             3.3063179 1.6925227 0.8300420 0.7755760 0.2525723 0.2473364 0.1119083 0.0000000 0.3334478 0.6443080 0.4042334 0.7750099 1.4347360 1.2964249 1.4497552 1.7507092 1.2181990 2.1508501 1.8381818 1.3291622 2.2628821 2.9530891 2.9983914 3.4302634 2.6434325 2.8223120 3.3736565 1.9092224 2.4585790 2.6663734 2.6779061 2.6037599 1.5032051 2.3654532 2.2250431 2.2250431 1.9835046 2.2031210 2.6282772 2.7292458 2.8965693 2.5446272 2.5019527 2.5383409 2.3925097 2.5947735 2.9630482 2.2875996 2.2255009 2.0024435 2.2196933 2.0250160 
Gfas_gfas1.m1.3380.m1                             3.3585044 1.8227127 0.9609734 0.7442468 0.2962166 0.2520711 0.3250638 0.3334478 0.0000000 0.7483148 0.3761728 0.7701349 1.4535758 1.3635072 1.5590460 1.7708080 1.1833870 1.9509797 1.7517413 1.3858999 2.0988159 3.1109902 3.0396548 3.7925746 2.5541445 2.7573319 3.4679205 2.0204345 2.3302334 2.6388225 2.6468119 2.5855418 1.6485111 2.5562607 2.2867920 2.2867920 1.9569320 2.0949223 2.5696999 2.6878398 2.8711308 2.6043536 2.5361518 2.5701087 2.4936831 2.7303474 2.9384293 2.3568702 2.2330679 1.9958366 2.1757805 2.3326725 
Adig_XM_015905171.1                               5.3230650 9.0000000 2.4214363 1.2943804 0.9716324 0.6095732 0.6210360 0.6443080 0.7483148 0.0000000 0.2249197 1.0328671 2.0512499 1.7342419 1.8461619 2.3362611 1.3088861 2.3346596 2.3567363 2.8847221 3.8276966 4.6556069 4.4744458 6.2518992 4.0136997 3.7228959 3.4001945 2.6669371 2.9389546 3.3910343 3.3646987 3.3910343 2.9125242 3.1123023 3.0090059 3.0090059 2.4932571 3.1058520 3.3777182 3.3909867 3.7380255 3.7046370 3.7864057 3.8966621 4.6688678 3.3550956 3.4628829 2.9513399 2.8780428 2.2276206 2.2840460 2.4261864 
Amil_Amillepora05042-RA                           3.5264525 2.0133700 1.2377345 0.9289382 0.4195740 0.3775557 0.3586703 0.4042334 0.3761728 0.2249197 0.0000000 0.9805368 1.6256339 1.5191194 1.6180784 1.9244818 1.3377193 2.0826058 1.8945919 1.5496557 2.2597348 3.5556920 3.2382054 4.5165761 2.9624075 3.0809972 3.6745040 2.2578697 2.6047997 3.0153039 2.9991992 2.9919204 1.5727369 2.8008627 2.4460680 2.4460680 1.9623664 2.2972931 2.8359178 2.9340574 2.9789827 2.6442088 2.7505346 2.8290347 2.7154567 2.6961374 3.2085921 2.5984177 2.4615847 2.1959188 2.4686480 2.0879326 
Exapal_XM_021047154.2                             3.3491024 1.5285388 0.6316636 0.6035887 0.7523115 0.7999862 0.8113971 0.7750099 0.7701349 1.0328671 0.9805368 0.0000000 1.9233285 1.3842512 1.1801702 1.6673321 0.8650600 1.4431949 2.0546018 1.7565178 2.4695748 3.7023368 3.9747379 3.7527461 4.2544750 4.0736638 3.9003905 2.2697335 3.3263324 3.6237220 3.4893019 3.4077873 2.5869095 2.9343094 2.2928785 2.2928785 2.2461058 2.7819050 3.3115893 3.3748632 3.5084234 3.0828398 2.7143997 2.7522544 2.5397059 3.3793000 2.3565224 2.7811603 2.7094361 2.2016142 2.4789630 2.9286931 
Bralan_BLAG18000201_1                             3.8306653 2.3965299 2.1498043 1.6804203 1.5998417 1.4644520 1.4184998 1.4347360 1.4535758 2.0512499 1.6256339 1.9233285 0.0000000 1.8704605 2.0534585 1.7178798 1.0643142 1.6718101 1.2975701 1.1729204 1.6716131 2.8823812 2.8594048 3.5619678 2.5637349 2.6723801 2.9079779 2.1592828 2.0402352 2.1703716 2.1701578 2.1328161 1.3582863 2.1701557 2.1999553 2.1999553 1.8241499 1.4567189 2.5270548 2.9378128 2.8166249 2.5490116 2.4604038 2.4178809 2.5028962 2.8375963 2.7747757 2.2276274 2.3340954 2.3004044 2.2740358 1.2660704 
Dgig_XM_028552567.1                               4.0339630 3.1446524 2.0467623 1.5943995 1.4479869 1.3755209 1.3309790 1.2964249 1.3635072 1.7342419 1.5191194 1.3842512 1.8704605 0.0000000 0.5569627 2.3181408 1.2399765 2.7242894 2.2671095 1.8714002 2.4791990 3.4106270 3.5234113 2.9869763 3.1803683 3.4055550 4.4177327 2.3963561 2.6007733 3.0110605 3.0090074 2.7960577 1.8034925 3.2400009 2.3228400 2.3228400 2.2698068 2.6165956 3.2970490 3.4645869 3.6087958 3.3115182 3.2411814 3.2950817 3.0105585 3.3932158 2.8424213 2.6113799 2.5536598 2.3829459 2.6008942 2.8843596 
Xesp_008410-T1                                    4.1921908 3.2183202 2.0124550 1.5002858 1.7493721 1.5748474 1.4905766 1.4497552 1.5590460 1.8461619 1.6180784 1.1801702 2.0534585 0.5569627 0.0000000 2.2765157 1.2541776 2.4883810 2.3220644 1.9603255 2.3623884 3.7050558 4.0333152 3.8307792 3.2379387 3.5137677 4.0384718 2.5369275 2.8871637 3.0133780 3.0483848 2.7586127 2.1275031 3.1916747 2.3024698 2.3024698 2.3311512 2.6863754 3.5682361 3.8774422 3.5945887 3.3448013 3.2586214 3.3259762 3.2653451 3.6466413 2.8500851 2.5950353 2.7457445 2.3997019 2.7110088 2.5720509 
Chem_TCONS_00000815                               4.1397236 1.5712034 1.8787571 1.7118564 1.5933610 1.6241714 1.7250021 1.7507092 1.7708080 2.3362611 1.9244818 1.6673321 1.7178798 2.3181408 2.2765157 0.0000000 0.6674454 1.7957806 2.0439131 2.0279208 2.2899774 3.3614820 3.3678649 4.0505162 2.8380724 3.0860806 3.3676477 2.3152429 2.9356431 3.0326899 2.9942441 2.6283492 2.4028453 3.2121571 2.2793054 2.2793054 2.1766903 2.1648158 2.6941837 3.0560099 2.8737332 2.8297153 2.8404661 2.8847074 2.9420766 2.9609108 2.2372147 2.3631105 2.2534728 2.3835522 2.4614076 2.1362277 
Morvir_scaffold1541.g1.t1                         3.3612766 0.0000010 4.7565834 1.3478262 4.9559168 1.1119795 1.1734948 1.2181990 1.1833870 1.3088861 1.3377193 0.8650600 1.0643142 1.2399765 1.2541776 0.6674454 0.0000000 1.6393302 1.2588178 1.4153228 2.1578383 2.3651009 2.2902657 0.0000010 2.5278096 2.4026561 2.2497403 1.9801832 1.4848101 1.7260710 1.7260710 1.7260710 0.0000010 1.5295196 1.9937771 1.9937771 1.6975375 1.7511473 2.0466526 2.0466526 1.9895261 1.9804068 1.8447505 1.8942523 2.3408296 1.7907344 2.8748049 1.9382998 1.8461905 1.7931915 1.8624894 2.1316094 
Cscu_XM_023371870.1                               3.7980661 0.0000010 3.7235462 2.1016933 4.1424833 1.9676321 2.0715887 2.1508501 1.9509797 2.3346596 2.0826058 1.4431949 1.6718101 2.7242894 2.4883810 1.7957806 1.6393302 0.0000000 1.0922189 1.4796824 1.7640058 4.0315950 3.2084173 0.0000010 2.8288269 3.5034294 3.3786095 2.5788950 2.9473716 3.2546242 3.2546242 3.2546242 0.0000010 2.8797864 2.3014211 2.3014211 2.0716374 1.9035430 2.7537222 2.7742412 3.3020776 3.1377467 2.8616127 2.8172333 3.2121412 3.0489368 2.3776123 2.2852496 2.1479261 1.9718269 2.4002164 1.8867231 
Cgig_XM_034478023.1                               3.6250393 3.2768253 2.7527617 1.8417751 2.0150928 1.8013409 1.8783326 1.8381818 1.7517413 2.3567363 1.8945919 2.0546018 1.2975701 2.2671095 2.3220644 2.0439131 1.2588178 1.0922189 0.0000000 1.4238847 1.6087774 3.0472275 3.1168796 4.5469468 2.8185302 2.8548250 2.8924518 2.1745909 2.5227894 2.6127069 2.6510065 2.3876368 1.4879863 2.4571599 2.1939767 2.1939767 1.9811289 1.7193772 2.6490835 2.9466964 2.7806882 2.5720007 2.5622076 2.5508528 2.8040654 2.7535733 2.9964791 2.4771086 2.1798603 2.2367418 2.3793191 1.7241886 
Skow_XM_002734472.2                               5.0869310 2.4269113 2.1984277 1.6470018 1.4566229 1.3507554 1.3294146 1.3291622 1.3858999 2.8847221 1.5496557 1.7565178 1.1729204 1.8714002 1.9603255 2.0279208 1.4153228 1.4796824 1.4238847 0.0000000 1.4855694 2.6231243 2.5082263 3.1799435 2.4754276 2.4754276 2.9829667 1.8661850 2.2665736 2.2714392 2.3132317 2.1949589 1.5742109 2.2732679 1.9851843 1.9851843 1.7274013 1.3093012 2.6873843 2.9556793 2.8801778 2.4852351 2.5439277 2.5657717 2.5657717 2.7345192 2.3968527 2.0589024 2.3026136 2.1519255 2.0384934 1.8746257 
Dpul_mRNA10648                                    4.7352944 4.5325967 2.4516463 2.1947919 2.0250311 2.1164297 2.1969471 2.2628821 2.0988159 3.8276966 2.2597348 2.4695748 1.6716131 2.4791990 2.3623884 2.2899774 2.1578383 1.7640058 1.6087774 1.4855694 0.0000000 3.3727933 3.2209141 3.8478600 2.8055542 2.9884633 3.7407080 2.5207141 2.4892267 2.6990160 2.6908599 2.7287803 1.6374185 3.0954195 2.4791520 2.4791520 2.5070253 1.7803070 3.2442499 3.7233059 3.6223770 3.3439120 3.0554830 3.1404356 2.8552477 3.4875769 3.2651525 2.7590381 3.0398283 3.0828510 3.0376899 2.1775729 
Aque_Aqu2.1.32107_001                             6.2907767 6.8826291 4.1618163 3.2201540 3.0146537 3.3411883 3.1453234 2.9530891 3.1109902 4.6556069 3.5556920 3.7023368 2.8823812 3.4106270 3.7050558 3.3614820 2.3651009 4.0315950 3.0472275 2.6231243 3.3727933 0.0000000 0.3970300 0.4958794 2.9135375 2.9295795 3.5610506 2.2270403 1.9985362 2.1259460 2.0925829 1.9836387 1.0426805 1.8775347 3.6159783 3.6159783 3.0998472 2.9650584 3.5722153 3.7503799 4.0086006 3.4094510 3.4958262 3.5687319 3.4539465 3.6760862 3.4380294 3.2122230 3.2407608 3.0340907 3.1808502 4.8092064 
Halamb_c44172_g1_i1m.17137                        6.7860005 5.8018109 3.8867527 3.2885717 3.0678032 3.1878628 3.1870688 2.9983914 3.0396548 4.4744458 3.2382054 3.9747379 2.8594048 3.5234113 4.0333152 3.3678649 2.2902657 3.2084173 3.1168796 2.5082263 3.2209141 0.3970300 0.0000000 0.5620535 2.9414699 2.6844853 3.1811773 2.2381430 1.9547923 2.0384647 2.0008397 1.8160381 0.9319738 1.8053212 3.6148331 3.6148331 2.9555599 2.7645156 3.4002962 3.6634507 3.6482957 3.1454175 3.2333332 3.2674343 3.0580997 3.4524494 3.3935835 2.7957495 3.0370944 2.9992529 3.1616226 3.6278027 
Halamb_c67324_g1_i1m.46643                        6.4703170 6.6690483 4.0291018 3.9455575 4.0610916 3.7908974 3.6199296 3.4302634 3.7925746 6.2518992 4.5165761 3.7527461 3.5619678 2.9869763 3.8307792 4.0505162 0.0000010 0.0000010 4.5469468 3.1799435 3.8478600 0.4958794 0.5620535 0.0000000 4.6558064 4.6558064 4.0751627 3.3575803 2.6849292 2.9227887 2.4394472 2.7795343 2.1144542 2.3155855 4.2688620 4.2688620 4.3319674 3.6103690 4.6828191 4.4015730 4.8442964 3.7355024 3.9071495 4.0752806 4.0752806 4.0398380 2.6687060 3.7654502 3.9470634 4.1567424 3.6091350 3.7337928 
Spolac_c96732_g1_i2_m.13640c96732-g1NA            5.2059369 3.7555523 4.2447275 3.1300814 2.5709293 2.8567856 2.7581646 2.6434325 2.5541445 4.0136997 2.9624075 4.2544750 2.5637349 3.1803683 3.2379387 2.8380724 2.5278096 2.8288269 2.8185302 2.4754276 2.8055542 2.9135375 2.9414699 4.6558064 0.0000000 0.0625876 0.5847631 1.7377775 1.4380882 1.6076486 1.5552452 1.4179003 1.5188236 1.8916460 2.9147018 2.9147018 2.2546538 2.5961665 3.1363029 3.6100095 3.1421614 3.2282154 3.1925435 3.2664708 2.8628470 3.4402026 3.3714796 2.6265715 2.4927214 2.4890599 2.7236412 4.4102726 
Spolac_c96732_g1_i1_m.13639c96732-g1NA            6.2327626 3.7555523 4.2539382 3.2491139 2.5709293 2.9916299 2.8969057 2.8223120 2.7573319 3.7228959 3.0809972 4.0736638 2.6723801 3.4055550 3.5137677 3.0860806 2.4026561 3.5034294 2.8548250 2.4754276 2.9884633 2.9295795 2.6844853 4.6558064 0.0625876 0.0000000 0.3297002 1.8592162 1.2253974 1.2835854 1.2693237 1.1402921 1.5188236 1.5614718 3.0044577 3.0044577 2.5022606 2.8764073 3.0988838 3.4295465 3.1321076 3.1561627 3.2103362 3.2597047 3.0713811 3.4806909 3.4587949 2.6984424 2.6534250 2.7412191 2.9533521 4.4563411 
Emue_Em0021g317a.t1                               5.7280688 3.2967398 3.9287335 3.5632263 3.5259397 3.3726818 3.3475602 3.3736565 3.4679205 3.4001945 3.6745040 3.9003905 2.9079779 4.4177327 4.0384718 3.3676477 2.2497403 3.3786095 2.8924518 2.9829667 3.7407080 3.5610506 3.1811773 4.0751627 0.5847631 0.3297002 0.0000000 2.0536330 1.2677059 1.3795466 1.3706915 1.2320849 3.5358963 1.9223579 3.3998849 3.3998849 2.8463715 3.1661138 3.4514227 3.9712625 3.3440574 3.1791611 3.2344356 3.2506291 3.2278070 3.8002938 3.0058247 2.8596476 2.8833448 3.1108254 3.3790544 4.0442005 
Plespi_Pspi_C604208_01                            5.0184696 2.9434659 2.0883693 2.0107721 1.9164044 2.0253264 2.0748316 1.9092224 2.0204345 2.6669371 2.2578697 2.2697335 2.1592828 2.3963561 2.5369275 2.3152429 1.9801832 2.5788950 2.1745909 1.8661850 2.5207141 2.2270403 2.2381430 3.3575803 1.7377775 1.8592162 2.0536330 0.0000000 1.4661484 1.5399490 1.5438965 1.6148147 1.0212657 1.5639879 2.1925420 2.1925420 2.0148322 2.3107380 2.6967545 2.9567768 2.9317488 2.9592585 2.8687723 2.9292694 2.5389406 2.8575313 2.4010048 2.3544401 2.1103165 2.3048587 2.1312209 2.7723337 
Emue_Em0021g318a.t1                               5.8498791 4.9027564 3.1202660 2.5640234 2.5838161 2.3451223 2.4252005 2.4585790 2.3302334 2.9389546 2.6047997 3.3263324 2.0402352 2.6007733 2.8871637 2.9356431 1.4848101 2.9473716 2.5227894 2.2665736 2.4892267 1.9985362 1.9547923 2.6849292 1.4380882 1.2253974 1.2677059 1.4661484 0.0000000 0.2639998 0.2536000 0.3585008 0.8520740 1.2574210 2.5853295 2.5853295 2.2506424 2.2838294 2.7141352 2.9775651 3.0064955 2.9302553 2.8587820 2.8536095 2.8299850 3.1025249 3.0211952 2.7595643 2.7072005 2.8207197 2.7426078 3.2849607 
Spolac_c102114_g1_i1_m.28001c102114-g1NA          6.2354354 4.4211997 3.4632670 2.7870867 2.6678189 2.5435715 2.6773698 2.6663734 2.6388225 3.3910343 3.0153039 3.6237220 2.1703716 3.0110605 3.0133780 3.0326899 1.7260710 3.2546242 2.6127069 2.2714392 2.6990160 2.1259460 2.0384647 2.9227887 1.6076486 1.2835854 1.3795466 1.5399490 0.2639998 0.0000000 0.0000010 0.0563866 0.7735052 1.3042769 2.6840551 2.6840551 2.4224500 2.4295857 2.7392318 2.9659741 2.9449228 2.9980670 2.9292629 2.9349955 2.8123487 3.0991481 3.1665169 2.8076584 2.7117138 2.7806717 2.7290965 3.7725621 
Spolac_c102114_g1_i2_m.28002c102114-g1NA          6.0346966 4.4211997 3.3470132 2.7861023 2.7163559 2.5838480 2.6881089 2.6779061 2.6468119 3.3646987 2.9991992 3.4893019 2.1701578 3.0090074 3.0483848 2.9942441 1.7260710 3.2546242 2.6510065 2.3132317 2.6908599 2.0925829 2.0008397 2.4394472 1.5552452 1.2693237 1.3706915 1.5438965 0.2536000 0.0000010 0.0000000 0.0563866 0.7386563 1.2568908 2.6263164 2.6263164 2.4256888 2.4460439 2.7392318 2.9658244 2.9194404 2.9413133 2.8851403 2.8904389 2.7667130 3.0594765 3.0303469 2.8246447 2.7161512 2.7448344 2.6777482 3.5474969 
Spolac_c102114_g1_i3_m.28003c102114-g1NA          6.1063165 2.8881237 3.6222377 2.8160935 2.5653217 2.5585910 2.6203009 2.6037599 2.5855418 3.3910343 2.9919204 3.4077873 2.1328161 2.7960577 2.7586127 2.6283492 1.7260710 3.2546242 2.3876368 2.1949589 2.7287803 1.9836387 1.8160381 2.7795343 1.4179003 1.1402921 1.2320849 1.6148147 0.3585008 0.0563866 0.0563866 0.0000000 0.5829015 1.1272619 2.5006046 2.5006046 2.2643586 2.4831051 2.7392318 2.7003857 2.7336043 2.8674443 2.7749519 2.7811482 2.5889930 2.8749089 3.1030932 2.6964652 2.7038316 2.6926421 2.6126386 3.5958258 
Stycar_maker-SC_scaffold2346-snap-gene-0.4-mRNA-1 3.7320439 2.0755085 2.3304439 1.6117216 1.6304709 1.5694894 1.5851598 1.5032051 1.6485111 2.9125242 1.5727369 2.5869095 1.3582863 1.8034925 2.1275031 2.4028453 0.0000010 0.0000010 1.4879863 1.5742109 1.6374185 1.0426805 0.9319738 2.1144542 1.5188236 1.5188236 3.5358963 1.0212657 0.8520740 0.7735052 0.7386563 0.5829015 0.0000000 0.5264759 1.9671533 1.9671533 1.3725504 1.5291497 1.7451773 2.0455417 1.8701717 2.4605794 2.3495217 2.3495217 2.3495217 2.4053982 2.7326584 1.8112832 2.1143397 1.6789725 2.0985909 1.7310089 
Tetwil_g23948.t3                                  4.8169135 4.0302102 3.1373399 2.4711654 2.6458313 2.2830437 2.4450915 2.3654532 2.5562607 3.1123023 2.8008627 2.9343094 2.1701557 3.2400009 3.1916747 3.2121571 1.5295196 2.8797864 2.4571599 2.2732679 3.0954195 1.8775347 1.8053212 2.3155855 1.8916460 1.5614718 1.9223579 1.5639879 1.2574210 1.3042769 1.2568908 1.1272619 0.5264759 0.0000000 2.6561115 2.6561115 2.5361770 2.7177998 2.3735201 2.7616345 2.8125220 2.8772855 2.7373107 2.7938953 2.8390634 2.9796110 2.8090374 2.3787629 2.5041514 2.3383487 2.6594135 2.9832275 
Opea_EP00118_Oscarella_pearsei_P009217            4.4256156 4.3612059 3.2974559 2.2284772 2.1359725 2.1856757 2.2219913 2.2250431 2.2867920 3.0090059 2.4460680 2.2928785 2.1999553 2.3228400 2.3024698 2.2793054 1.9937771 2.3014211 2.1939767 1.9851843 2.4791520 3.6159783 3.6148331 4.2688620 2.9147018 3.0044577 3.3998849 2.1925420 2.5853295 2.6840551 2.6263164 2.5006046 1.9671533 2.6561115 0.0000000 0.0000010 1.0817338 2.3653749 2.9465959 3.1931248 3.0908372 3.1403217 2.9636043 2.9714896 3.0776687 3.2771930 2.4300884 2.1208503 2.2969323 2.5389485 2.3751596 2.5981647 
Ocar_g546                                         4.4256156 4.3612059 3.2974559 2.2284772 2.1359725 2.1856757 2.2219913 2.2250431 2.2867920 3.0090059 2.4460680 2.2928785 2.1999553 2.3228400 2.3024698 2.2793054 1.9937771 2.3014211 2.1939767 1.9851843 2.4791520 3.6159783 3.6148331 4.2688620 2.9147018 3.0044577 3.3998849 2.1925420 2.5853295 2.6840551 2.6263164 2.5006046 1.9671533 2.6561115 0.0000010 0.0000000 1.0817338 2.3653749 2.9465959 3.1931248 3.0908372 3.1403217 2.9636043 2.9714896 3.0776687 3.2771930 2.4300884 2.1208503 2.2969323 2.5389485 2.3751596 2.5981647 
Plajan_Pjan_C556497_01                            4.5077078 3.4462545 2.9143693 1.9109815 1.9701184 1.9407770 2.0384464 1.9835046 1.9569320 2.4932571 1.9623664 2.2461058 1.8241499 2.2698068 2.3311512 2.1766903 1.6975375 2.0716374 1.9811289 1.7274013 2.5070253 3.0998472 2.9555599 4.3319674 2.2546538 2.5022606 2.8463715 2.0148322 2.2506424 2.4224500 2.4256888 2.2643586 1.3725504 2.5361770 1.0817338 1.0817338 0.0000000 2.0952878 2.7736116 3.1213902 3.1694932 2.8897677 2.8603396 2.8936929 2.6586810 3.1861374 1.8964941 2.0217416 2.0164974 2.1368447 2.1051552 2.6673575 
Spur_XM_001194806.4                               5.6271050 3.2323237 2.5244706 2.2676532 2.0564408 2.0365266 2.1851139 2.2031210 2.0949223 3.1058520 2.2972931 2.7819050 1.4567189 2.6165956 2.6863754 2.1648158 1.7511473 1.9035430 1.7193772 1.3093012 1.7803070 2.9650584 2.7645156 3.6103690 2.5961665 2.8764073 3.1661138 2.3107380 2.2838294 2.4295857 2.4460439 2.4831051 1.5291497 2.7177998 2.3653749 2.3653749 2.0952878 0.0000000 2.3451117 2.7679265 2.8364404 2.8379769 2.5108011 2.5510233 2.4617736 3.0605368 2.6873494 2.4546328 2.5831212 2.7495265 2.6633978 2.0862201 
Pbac_sb2657307                                    5.5945988 5.0270563 2.8597953 3.0706226 2.5026683 2.4921398 2.6002305 2.6282772 2.5696999 3.3777182 2.8359178 3.3115893 2.5270548 3.2970490 3.5682361 2.6941837 2.0466526 2.7537222 2.6490835 2.6873843 3.2442499 3.5722153 3.4002962 4.6828191 3.1363029 3.0988838 3.4514227 2.6967545 2.7141352 2.7392318 2.7392318 2.7392318 1.7451773 2.3735201 2.9465959 2.9465959 2.7736116 2.3451117 0.0000000 0.0000010 0.5235799 0.7536480 0.6524114 0.6751691 0.6596413 0.7081692 3.5894978 3.0871711 2.9527732 3.0164700 3.3022258 3.4265290 
Horcal_Hcv1.av93.c6.g752.i1                       5.3354094 6.0791439 3.0547848 3.0252445 2.6521156 2.6099655 2.7113597 2.7292458 2.6878398 3.3909867 2.9340574 3.3748632 2.9378128 3.4645869 3.8774422 3.0560099 2.0466526 2.7742412 2.9466964 2.9556793 3.7233059 3.7503799 3.6634507 4.4015730 3.6100095 3.4295465 3.9712625 2.9567768 2.9775651 2.9659741 2.9658244 2.7003857 2.0455417 2.7616345 3.1931248 3.1931248 3.1213902 2.7679265 0.0000010 0.0000000 0.6970120 0.8763564 0.7830575 0.8014187 0.8275236 0.7998313 3.7473523 3.4564685 3.3271022 3.3058883 3.6454578 3.9523181 
Mlei_ML1810.g2.i1                                 4.9829766 4.2926385 3.1796788 3.2307504 2.7485403 2.8434481 2.9293510 2.8965693 2.8711308 3.7380255 2.9789827 3.5084234 2.8166249 3.6087958 3.5945887 2.8737332 1.9895261 3.3020776 2.7806882 2.8801778 3.6223770 4.0086006 3.6482957 4.8442964 3.1421614 3.1321076 3.3440574 2.9317488 3.0064955 2.9449228 2.9194404 2.7336043 1.8701717 2.8125220 3.0908372 3.0908372 3.1694932 2.8364404 0.5235799 0.6970120 0.0000000 0.6428764 0.6043285 0.6160215 0.6731601 0.6584224 3.4526441 3.1886762 3.1030853 3.0294723 3.1251770 3.8341249 
Vmul_SimC402222                                   4.8475137 3.7879013 2.7666645 2.8743394 2.5640689 2.5311121 2.4956967 2.5446272 2.6043536 3.7046370 2.6442088 3.0828398 2.5490116 3.3115182 3.3448013 2.8297153 1.9804068 3.1377467 2.5720007 2.4852351 3.3439120 3.4094510 3.1454175 3.7355024 3.2282154 3.1561627 3.1791611 2.9592585 2.9302553 2.9980670 2.9413133 2.8674443 2.4605794 2.8772855 3.1403217 3.1403217 2.8897677 2.8379769 0.7536480 0.8763564 0.6428764 0.0000000 0.3144883 0.3200189 0.3299106 0.6686456 3.1746072 2.6826277 2.5545519 2.7170022 2.8046613 2.9223692 
Coemet_Cmet_scaffold5086_01                       4.6320897 3.2746322 2.6429062 2.6596216 2.4752855 2.4094496 2.4448648 2.5019527 2.5361518 3.7864057 2.7505346 2.7143997 2.4604038 3.2411814 3.2586214 2.8404661 1.8447505 2.8616127 2.5622076 2.5439277 3.0554830 3.4958262 3.2333332 3.9071495 3.1925435 3.2103362 3.2344356 2.8687723 2.8587820 2.9292629 2.8851403 2.7749519 2.3495217 2.7373107 2.9636043 2.9636043 2.8603396 2.5108011 0.6524114 0.7830575 0.6043285 0.3144883 0.0000000 0.0258252 0.0357910 0.6167675 3.1547541 2.5254374 2.5029745 2.6196524 2.6119545 2.9850924 
Coeast_Cast_sb814819                              4.5003613 3.3934285 2.6531095 2.6541183 2.5169301 2.4677942 2.4808340 2.5383409 2.5701087 3.8966621 2.8290347 2.7522544 2.4178809 3.2950817 3.3259762 2.8847074 1.8942523 2.8172333 2.5508528 2.5657717 3.1404356 3.5687319 3.2674343 4.0752806 3.2664708 3.2597047 3.2506291 2.9292694 2.8536095 2.9349955 2.8904389 2.7811482 2.3495217 2.7938953 2.9714896 2.9714896 2.8936929 2.5510233 0.6751691 0.8014187 0.6160215 0.3200189 0.0258252 0.0000000 0.0221831 0.6082662 3.2140429 2.5664269 2.5627955 2.6348531 2.6851994 2.9799784 
Coeast_Cast_sb814820                              4.0692113 3.3934285 2.6625301 2.6713507 2.5169301 2.3561757 2.3940175 2.3925097 2.4936831 4.6688678 2.7154567 2.5397059 2.5028962 3.0105585 3.2653451 2.9420766 2.3408296 3.2121412 2.8040654 2.5657717 2.8552477 3.4539465 3.0580997 4.0752806 2.8628470 3.0713811 3.2278070 2.5389406 2.8299850 2.8123487 2.7667130 2.5889930 2.3495217 2.8390634 3.0776687 3.0776687 2.6586810 2.4617736 0.6596413 0.8275236 0.6731601 0.3299106 0.0357910 0.0221831 0.0000000 0.5932731 3.1851875 2.6792799 2.6042992 2.6040061 2.6317012 2.5994505 
Lampan_Lpan_C416409_01                            4.9311261 5.8295022 3.2412355 2.9979025 2.6200995 2.5496372 2.7275648 2.5947735 2.7303474 3.3550956 2.6961374 3.3793000 2.8375963 3.3932158 3.6466413 2.9609108 1.7907344 3.0489368 2.7535733 2.7345192 3.4875769 3.6760862 3.4524494 4.0398380 3.4402026 3.4806909 3.8002938 2.8575313 3.1025249 3.0991481 3.0594765 2.8749089 2.4053982 2.9796110 3.2771930 3.2771930 3.1861374 3.0605368 0.7081692 0.7998313 0.6584224 0.6686456 0.6167675 0.6082662 0.5932731 0.0000000 3.2171621 2.7613241 2.7270491 2.6789875 2.9335916 3.3269940 
Clacor_Ccor_scaffold6762_01                       4.4560025 4.1011544 3.0241952 2.5024076 3.1319096 2.9061381 3.0083465 2.9630482 2.9384293 3.4628829 3.2085921 2.3565224 2.7747757 2.8424213 2.8500851 2.2372147 2.8748049 2.3776123 2.9964791 2.3968527 3.2651525 3.4380294 3.3935835 2.6687060 3.3714796 3.4587949 3.0058247 2.4010048 3.0211952 3.1665169 3.0303469 3.1030932 2.7326584 2.8090374 2.4300884 2.4300884 1.8964941 2.6873494 3.5894978 3.7473523 3.4526441 3.1746072 3.1547541 3.2140429 3.1851875 3.2171621 0.0000000 1.3778041 1.4449207 1.5491369 1.5856504 2.7491425 
Lcom_lcpid88793                                   5.4685243 4.7254810 2.9575454 2.1516220 2.5481525 2.3126961 2.2702618 2.2875996 2.3568702 2.9513399 2.5984177 2.7811603 2.2276274 2.6113799 2.5950353 2.3631105 1.9382998 2.2852496 2.4771086 2.0589024 2.7590381 3.2122230 2.7957495 3.7654502 2.6265715 2.6984424 2.8596476 2.3544401 2.7595643 2.8076584 2.8246447 2.6964652 1.8112832 2.3787629 2.1208503 2.1208503 2.0217416 2.4546328 3.0871711 3.4564685 3.1886762 2.6826277 2.5254374 2.5664269 2.6792799 2.7613241 1.3778041 0.0000000 0.6336126 0.6375725 0.7169209 2.4973092 
Leuniv_Lniv_scaffold13281_01                      5.3254186 5.0897171 2.9730430 2.0313463 2.5081683 2.1060667 2.2250171 2.2255009 2.2330679 2.8780428 2.4615847 2.7094361 2.3340954 2.5536598 2.7457445 2.2534728 1.8461905 2.1479261 2.1798603 2.3026136 3.0398283 3.2407608 3.0370944 3.9470634 2.4927214 2.6534250 2.8833448 2.1103165 2.7072005 2.7117138 2.7161512 2.7038316 2.1143397 2.5041514 2.2969323 2.2969323 2.0164974 2.5831212 2.9527732 3.3271022 3.1030853 2.5545519 2.5029745 2.5627955 2.6042992 2.7270491 1.4449207 0.6336126 0.0000000 0.6128935 0.7160027 2.4038123 
Scil_scict007679.1                                5.2874208 4.3669230 2.8559475 1.9775042 2.2369078 1.9081705 2.0220495 2.0024435 1.9958366 2.2276206 2.1959188 2.2016142 2.3004044 2.3829459 2.3997019 2.3835522 1.7931915 1.9718269 2.2367418 2.1519255 3.0828510 3.0340907 2.9992529 4.1567424 2.4890599 2.7412191 3.1108254 2.3048587 2.8207197 2.7806717 2.7448344 2.6926421 1.6789725 2.3383487 2.5389485 2.5389485 2.1368447 2.7495265 3.0164700 3.3058883 3.0294723 2.7170022 2.6196524 2.6348531 2.6040061 2.6789875 1.5491369 0.6375725 0.6128935 0.0000000 0.7084690 2.6954146 
Gracom_Gcom_scaffold8579_01                       5.1002006 4.9735655 2.9487653 2.0659454 2.6753429 2.1674440 2.3109122 2.2196933 2.1757805 2.2840460 2.4686480 2.4789630 2.2740358 2.6008942 2.7110088 2.4614076 1.8624894 2.4002164 2.3793191 2.0384934 3.0376899 3.1808502 3.1616226 3.6091350 2.7236412 2.9533521 3.3790544 2.1312209 2.7426078 2.7290965 2.6777482 2.6126386 2.0985909 2.6594135 2.3751596 2.3751596 2.1051552 2.6633978 3.3022258 3.6454578 3.1251770 2.8046613 2.6119545 2.6851994 2.6317012 2.9335916 1.5856504 0.7169209 0.7160027 0.7084690 0.0000000 2.6951587 
Ctel_gnl_WGS_AMQN_CAPTEDRAFT_mRNA228432           3.5729773 3.5862762 2.7941784 2.3780921 2.0828709 2.0570434 2.0757183 2.0250160 2.3326725 2.4261864 2.0879326 2.9286931 1.2660704 2.8843596 2.5720509 2.1362277 2.1316094 1.8867231 1.7241886 1.8746257 2.1775729 4.8092064 3.6278027 3.7337928 4.4102726 4.4563411 4.0442005 2.7723337 3.2849607 3.7725621 3.5474969 3.5958258 1.7310089 2.9832275 2.5981647 2.5981647 2.6673575 2.0862201 3.4265290 3.9523181 3.8341249 2.9223692 2.9850924 2.9799784 2.5994505 3.3269940 2.7491425 2.4973092 2.4038123 2.6954146 2.6951587 0.0000000 
