63
Spis_XP_022803072_1                                              0.0000000 0.3077376 0.6879712 1.1015793 1.0047092 1.1040381 1.3594531 1.3594531 1.1058127 1.0594593 0.9760820 1.0532147 1.7950111 1.5577853 1.6193602 1.6799964 1.8057491 1.6287914 2.0650882 1.9692205 1.0152421 2.0322912 1.6986700 2.0824135 2.0824135 1.9572995 2.0269844 1.9933457 1.9933457 2.3068251 2.7470546 8.9999986 2.1879994 2.0165470 2.3042634 2.0960792 2.7077591 1.8504652 1.4851454 0.4172118 3.0013151 2.7081189 2.4707961 3.1479323 2.5425266 2.8483141 2.8423095 2.4450256 2.4450256 2.5959724 4.9015531 2.6253735 2.1700072 2.1700072 3.5315089 2.7892354 3.1302031 3.0331791 3.8508453 3.6238466 6.5526657 2.8155367 2.9999679 
Pocdam_XM_027189808.1                                            0.3077376 0.0000000 0.7138468 0.9645804 0.9312408 0.7611988 1.0656751 1.0656751 0.9396474 0.9148538 0.7538747 0.8484217 1.5172387 1.3969835 1.3853034 1.3496579 1.5985200 1.2709977 1.6721707 1.8486663 0.9513193 1.8877039 1.5524629 1.8192483 1.8192483 1.7408356 1.8318904 1.8358560 1.8358560 1.9204262 2.7828792 2.8238477 1.9383974 1.8272733 2.1108015 1.8790411 2.0462756 1.4172154 1.8275632 0.5967476 2.5042221 2.5715211 2.0600907 2.5560042 2.3755882 2.4457233 2.2351816 2.1990723 2.1990723 2.1589656 2.6122435 2.3904376 2.0551500 2.0551500 3.0746285 2.4049702 2.6740008 2.3540518 2.9721978 3.1896111 3.6091758 2.7158590 1.9736778 
Fspp_ffun1.m4.2345.m1                                            0.6879712 0.7138468 0.0000000 1.1883076 1.0988872 0.9443829 1.0302131 1.0302131 1.1080886 1.0509744 0.8799254 1.0567892 1.4777513 1.3732705 1.3236287 1.4040140 1.5882785 1.3407313 1.5906444 2.0086101 1.0289575 1.9153299 1.8085524 1.8099775 1.8099775 1.6811984 1.7214047 1.6994226 1.6994226 1.6237894 2.3511460 2.4481752 2.2832099 2.0818950 2.2211274 2.2074859 2.3436760 1.6626940 1.6252378 0.5507122 2.6963662 2.8067442 1.9109837 2.3360438 2.3164198 2.1303052 2.1927269 2.1781228 2.1781228 2.2038331 2.6998220 2.2406047 2.0277504 2.0277504 3.2569360 2.4350185 2.7777096 2.6910393 3.5546849 2.9037783 3.1016027 2.8613360 2.0984284 
Gasp_gasp1.m3.8815.m1                                            1.1015793 0.9645804 1.1883076 0.0000000 0.1254891 0.1878354 0.3952562 0.3952562 0.2835359 0.2987388 0.3417662 0.6958463 1.0115097 0.9710707 1.0182024 0.9443571 1.0614656 1.0309063 0.9829433 1.6356615 1.5224535 1.3544960 0.9233272 1.6264899 1.6264899 1.6115520 1.5843023 1.5978383 1.5978383 1.5047931 1.8293315 2.0514800 1.4821797 1.4454705 1.6861351 1.5556187 1.6001142 1.0227775 1.5419635 1.0575894 2.3140464 2.5704118 1.5121864 1.8131991 1.5331545 1.6108041 1.4199478 2.2933502 2.2933502 1.9604078 2.3055148 1.9492620 1.5964684 1.5964684 1.8785258 2.3077790 2.7255571 2.2629400 2.8892578 2.7171943 2.5991011 3.0496435 1.2055244 
Fspp_ffun1.m4.2333.m1                                            1.0047092 0.9312408 1.0988872 0.1254891 0.0000000 0.1308127 0.2943617 0.2943617 0.2187578 0.2025730 0.2893278 0.5802739 0.9176106 0.8162714 0.8857762 0.8749748 1.0128990 0.9254875 0.8862008 1.3784833 1.3963802 1.3327591 0.7193321 1.5271506 1.5271506 1.6014280 1.5743854 1.5877925 1.5877925 1.4638973 1.7442729 1.8510236 1.4305346 1.3950937 1.5159866 1.4587721 1.5969890 0.8629330 1.3795055 0.9980872 2.3827552 2.4021957 1.6175771 1.6791229 1.4725808 1.5406505 1.4084704 2.2271953 2.2271953 1.9430707 2.0274385 1.9189550 1.4613622 1.4613622 1.9422609 2.3783290 2.7348402 2.0779621 2.8170136 2.4966385 2.5104767 2.7142688 1.0721935 
Gfas_gfas1.m1.1605.m1                                            1.1040381 0.7611988 0.9443829 0.1878354 0.1308127 0.0000000 0.1501830 0.1501830 0.1318843 0.1460934 0.3060288 0.3953004 0.6045417 0.5983599 0.6048438 0.5371069 0.5748398 0.6205928 0.5944447 0.8303516 1.0986203 0.8346121 0.3572353 1.2592065 1.2592065 1.3503259 1.3503259 1.3250875 1.3250875 1.3636263 1.1934236 1.6412346 1.1384117 1.1025636 1.1588076 1.0154601 1.2103730 0.8957403 1.4006131 1.0117711 1.8094584 1.8375036 0.9888953 0.9762827 1.1231273 1.2402081 1.0678304 1.7166080 1.7166080 1.6776297 1.5149484 1.3123051 1.2610293 1.2610293 1.7957914 1.7877279 2.0823369 1.8106010 2.1036632 1.6796938 2.0765762 1.6205612 1.1171616 
Amil_Amillepora15325-RA                                          1.3594531 1.0656751 1.0302131 0.3952562 0.2943617 0.1501830 0.0000000 0.0000010 0.3819106 0.3805352 0.2939945 0.6147564 0.8592765 0.7803972 0.8248825 0.8811270 0.9492044 0.9260496 0.8364971 1.3567889 1.3561166 1.1835756 0.9981595 1.4610464 1.4610464 1.3847432 1.3612689 1.3820291 1.3820291 1.4419606 1.7219090 1.5524103 1.3294741 1.2960907 1.4122267 1.5053704 1.6160223 0.9036151 1.4520446 1.0198432 2.1566895 2.3415217 1.4058287 1.5262757 1.6476713 1.8094642 1.4128500 2.0007123 2.0007123 1.8679971 1.9406418 1.8753644 1.3996049 1.3996049 2.0952814 2.0712605 2.9063262 2.4277781 2.4949075 2.5234415 2.5604624 2.5873469 1.1539258 
Adig_XM_015902766.1                                              1.3594531 1.0656751 1.0302131 0.3952562 0.2943617 0.1501830 0.0000010 0.0000000 0.3819106 0.3805352 0.2939945 0.6147564 0.8592765 0.7803972 0.8248825 0.8811270 0.9492044 0.9260496 0.8364971 1.3567889 1.3561166 1.1835756 0.9981595 1.4610464 1.4610464 1.3847432 1.3612689 1.3820291 1.3820291 1.4419606 1.7219090 1.5524103 1.3294741 1.2960907 1.4122267 1.5053704 1.6160223 0.9036151 1.4520446 1.0198432 2.1566895 2.3415217 1.4058287 1.5262757 1.6476713 1.8094642 1.4128500 2.0007123 2.0007123 1.8679971 1.9406418 1.8753644 1.3996049 1.3996049 2.0952814 2.0712605 2.9063262 2.4277781 2.4949075 2.5234415 2.5604624 2.5873469 1.1539258 
Spis_XP_022803104_1                                              1.1058127 0.9396474 1.1080886 0.2835359 0.2187578 0.1318843 0.3819106 0.3819106 0.0000000 0.1249271 0.3442104 0.6914415 1.0920730 0.9695175 0.9402948 0.8478303 0.9960327 0.9303656 1.0534197 1.4294164 1.2916687 1.3142637 0.8885125 1.5929372 1.5929372 1.6454778 1.6173226 1.6863698 1.6863698 1.6195417 1.7963153 2.0574720 1.3886118 1.3541698 1.4496460 1.4385778 1.5763916 0.9177458 1.4635580 0.9929584 2.4429584 2.4964892 1.4902341 1.7091839 1.6512971 1.6023479 1.5956032 2.1044896 2.1044896 2.1306665 2.4258993 1.7449391 1.5095231 1.5095231 1.9314403 2.2206318 2.9999521 2.2723577 2.9734246 2.6727949 2.7423449 2.8285929 1.1040005 
Pocdam_XM_027193914.1                                            1.0594593 0.9148538 1.0509744 0.2987388 0.2025730 0.1460934 0.3805352 0.3805352 0.1249271 0.0000000 0.3269199 0.6702066 1.0240365 0.9334961 0.9763210 0.9280786 1.0812949 0.9198532 0.9900379 1.3996392 1.2622912 1.3636269 0.9082351 1.8119961 1.8119961 1.6992061 1.7457684 1.7944783 1.7944783 1.7561280 1.8163769 1.9859179 1.5345971 1.4967775 1.6024288 1.3311429 1.6509967 0.9754168 1.4293273 0.9506908 2.4888457 2.5117749 1.4457739 1.6942131 1.7217039 1.6357380 1.6260826 2.0740106 2.0740106 2.1178116 2.2788759 1.8877077 1.5886104 1.5886104 1.9827038 2.2991572 2.9794925 2.4118635 3.0374511 2.7044837 2.7735396 3.0425082 1.1953094 
Nvec_NVE939                                                      0.9760820 0.7538747 0.8799254 0.3417662 0.2893278 0.3060288 0.2939945 0.2939945 0.3442104 0.3269199 0.0000000 0.3052909 0.7252259 0.6779605 0.7182640 0.6058818 0.6752798 0.8226778 0.7628612 1.2422505 0.9734925 1.0966615 0.9159980 1.3616501 1.3616501 1.4174697 1.4266387 1.3374985 1.3374985 1.4337346 1.4332571 1.8806993 1.2489900 1.2139185 1.2150894 1.3381562 1.4016598 1.0473946 1.4299638 1.0490199 1.9058411 2.0701199 1.1890356 1.3844993 1.5081850 1.3767276 1.4208127 1.7112557 1.7112557 1.8663052 1.6317984 1.5684813 1.4610236 1.4610236 1.8287446 1.6691968 2.3485149 2.2128038 2.2790357 2.4764030 2.6643090 2.2764410 1.3533658 
Exapal_XM_021039270.2                                            1.0532147 0.8484217 1.0567892 0.6958463 0.5802739 0.3953004 0.6147564 0.6147564 0.6914415 0.6702066 0.3052909 0.0000000 1.0243435 0.7484646 0.8995856 0.7521985 0.7627408 0.9414232 1.0046439 1.5780854 1.2269328 1.3382775 1.3472546 1.9000989 1.9000989 1.7003141 1.7484246 1.6873192 1.6873192 1.7081503 1.8572641 1.8692975 1.3824156 1.3471365 1.5099940 1.8000339 1.7532882 1.1869236 1.5482346 0.9377127 2.3326995 1.9992364 1.3451797 1.5905672 1.5893397 1.5304440 1.7343338 2.1090321 2.1090321 1.7621979 1.6615287 2.2444448 1.8891513 1.8891513 2.0686323 2.1102321 2.3584073 2.3006974 2.6505997 3.0445138 2.7412719 2.7062127 1.3912807 
Morvir_scaffold25.g111.t1                                        1.7950111 1.5172387 1.4777513 1.0115097 0.9176106 0.6045417 0.8592765 0.8592765 1.0920730 1.0240365 0.7252259 1.0243435 0.0000000 0.5455843 0.5404369 0.9640884 0.9541782 0.8424916 1.0266861 1.7210674 1.6787972 1.4359028 1.3979898 1.9662691 1.9662691 1.7715465 1.8050017 1.7732639 1.7732639 1.7134307 1.7168008 1.6969162 1.5307970 1.4930890 1.6065426 1.3166854 1.5412355 0.7928298 1.3528578 1.3940648 2.0370666 2.1571476 1.5729465 1.6370117 1.8225052 1.9689222 1.7108073 2.3183882 2.3183882 2.4836150 2.5573979 2.2349810 1.8321184 1.8321184 2.1129029 2.4421543 2.5829570 3.1061444 2.9585174 2.5157698 2.4842559 2.4535457 1.2316895 
Nemnom_g8975.t1                                                  1.5577853 1.3969835 1.3732705 0.9710707 0.8162714 0.5983599 0.7803972 0.7803972 0.9695175 0.9334961 0.6779605 0.7484646 0.5455843 0.0000000 0.1677530 0.8840463 0.9693165 0.6957700 0.7627130 1.5748365 1.6618685 1.4561687 1.5574028 1.7143400 1.7143400 1.6293359 1.6388692 1.5790857 1.5790857 1.5895110 1.9293431 1.8991350 1.3725669 1.2638129 1.3920531 1.4203771 1.4420735 1.0087630 1.4122433 1.4300395 1.9518954 2.2009333 1.6423275 1.8561403 2.0221045 2.0102209 1.6280841 1.7268827 1.7268827 1.8801692 1.9609035 2.0214785 1.6114682 1.6114682 2.0023287 2.4040347 2.5507286 2.3632261 2.9546165 2.7976138 2.5596192 2.6685016 1.2891537 
Rhoesc_Res_001446-T1                                             1.6193602 1.3853034 1.3236287 1.0182024 0.8857762 0.6048438 0.8248825 0.8248825 0.9402948 0.9763210 0.7182640 0.8995856 0.5404369 0.1677530 0.0000000 0.9215115 0.9700958 0.7208667 0.8450588 1.6205421 1.6003284 1.5083748 1.5262326 1.6807594 1.6807594 1.6129339 1.5986021 1.5565881 1.5565881 1.5371677 1.8191383 1.8127590 1.4811902 1.3666773 1.4474945 1.4367836 1.3887356 1.0202063 1.4074736 1.3703530 1.9090897 2.3002876 1.7345426 1.7505563 2.0498815 2.0161753 1.6580322 1.9123277 1.9123277 2.0390640 2.3944836 1.8784889 1.6223979 1.6223979 2.0511830 2.4946808 2.5748742 2.3329801 3.1698868 2.8157733 2.7080058 2.7318533 1.2789853 
Dgig_XM_028542770.1                                              1.6799964 1.3496579 1.4040140 0.9443571 0.8749748 0.5371069 0.8811270 0.8811270 0.8478303 0.9280786 0.6058818 0.7521985 0.9640884 0.8840463 0.9215115 0.0000000 0.4781605 1.0904211 1.0751622 1.3374227 1.6304276 1.5612698 1.3313208 1.7878316 1.7878316 1.8736604 1.8699084 1.7161039 1.7161039 1.8340994 1.8175379 1.6568158 1.2335201 1.1652336 1.1802656 1.5616085 1.3541988 1.0625271 1.7451785 1.4457574 2.0742880 2.0654422 1.7260753 1.6843352 1.9097944 2.0320194 1.5581819 2.0618339 2.0618339 2.1003777 2.0739114 1.9702676 1.5659535 1.5659535 1.9439609 1.7859911 2.7068240 2.6359568 3.1341321 2.7731271 2.5077250 2.3888321 1.5630657 
Xesp_012388-T1                                                   1.8057491 1.5985200 1.5882785 1.0614656 1.0128990 0.5748398 0.9492044 0.9492044 0.9960327 1.0812949 0.6752798 0.7627408 0.9541782 0.9693165 0.9700958 0.4781605 0.0000000 1.1559878 1.0417306 1.3870305 1.5271996 1.3535880 1.3762487 1.8843964 1.8843964 1.9004500 1.8881306 1.7876072 1.7876072 1.8381526 1.7643155 1.3398138 1.1332236 1.0262557 1.2608317 1.5491885 1.3554193 1.1677830 1.6321511 1.3482229 1.8933035 1.8844510 1.4905499 1.5955442 2.0026891 1.6912993 1.6991150 1.8734666 1.8734666 1.9040341 2.3662208 1.7850193 1.5720660 1.5720660 2.3018139 1.7429271 2.3057578 2.4274537 2.8222419 3.1199513 2.7940358 2.0055708 1.2284932 
Hvul_g16363_1                                                    1.6287914 1.2709977 1.3407313 1.0309063 0.9254875 0.6205928 0.9260496 0.9260496 0.9303656 0.9198532 0.8226778 0.9414232 0.8424916 0.6957700 0.7208667 1.0904211 1.1559878 0.0000000 0.5956117 1.5649587 1.5922884 1.4585938 1.3723761 1.7730382 1.7730382 1.5641088 1.6024987 1.6293864 1.6293864 1.4721830 2.0648766 1.7789725 1.6523607 1.6087711 1.7356885 1.6657904 1.6750041 1.2478217 1.6817266 1.3929299 1.9556563 2.3819827 1.5502166 1.6677054 1.9548365 1.9839091 1.8025436 2.4096201 2.4096201 2.1575550 2.2472511 2.2046012 1.8945110 1.8945110 2.2048186 2.2467269 2.4804524 2.4025184 2.8874180 3.2280626 2.4618030 2.6802191 1.4806407 
Chem_TCONS_00054243                                              2.0650882 1.6721707 1.5906444 0.9829433 0.8862008 0.5944447 0.8364971 0.8364971 1.0534197 0.9900379 0.7628612 1.0046439 1.0266861 0.7627130 0.8450588 1.0751622 1.0417306 0.5956117 0.0000000 1.6731481 1.6586127 1.5749316 1.2307101 1.7613393 1.7613393 1.7105313 1.7356319 1.6216195 1.6216195 1.7386866 2.2457860 1.6466683 1.6143528 1.5084935 1.7191526 1.6606756 1.7982965 1.1445241 1.5859222 1.4761607 2.3620941 2.4681667 1.5301042 1.7335069 1.9485241 1.6845876 1.6516368 2.1759700 2.1759700 2.0282138 2.2737682 2.1905954 1.8805164 1.8805164 2.2654557 2.1525931 2.6472585 2.2064633 3.3256955 3.1123371 2.3299073 2.5756105 1.2899824 
Cgig_XM_020065673.2                                              1.9692205 1.8486663 2.0086101 1.6356615 1.3784833 0.8303516 1.3567889 1.3567889 1.4294164 1.3996392 1.2422505 1.5780854 1.7210674 1.5748365 1.6205421 1.3374227 1.3870305 1.5649587 1.6731481 0.0000000 2.1745070 1.5617929 1.6516607 1.8521027 1.8521027 1.8564750 1.8416276 1.9463382 1.9463382 2.0167977 1.9119763 1.9454375 1.6397354 1.5945179 1.5347920 1.7661890 1.7873988 1.2767161 1.7793362 1.6244225 2.2649211 2.3057486 1.6824047 1.7630148 1.9765774 1.8953357 1.7656147 2.4254576 2.4254576 2.4034298 2.9716846 1.9249411 2.1646721 2.1646721 2.1584086 2.5580949 2.8202402 2.5815413 3.4312893 2.6094467 1.8852343 2.0817760 1.5082473 
Gfas_gfas1.m1.1610.m1                                            1.0152421 0.9513193 1.0289575 1.5224535 1.3963802 1.0986203 1.3561166 1.3561166 1.2916687 1.2622912 0.9734925 1.2269328 1.6787972 1.6618685 1.6003284 1.6304276 1.5271996 1.5922884 1.6586127 2.1745070 0.0000000 1.7735580 1.8591547 1.9404398 1.9404398 1.8518055 1.8339340 1.8302248 1.8302248 1.9117546 2.3521140 2.5168533 2.0659154 1.9223872 2.1403383 1.8872686 2.0674778 1.7542858 1.6335392 0.7715729 2.5141849 2.2252578 2.0465151 2.5803800 2.3415787 1.9710744 2.2754186 2.4538036 2.4538036 2.3436394 2.8186498 2.5904225 2.2451261 2.2451261 3.3497096 2.6531544 2.7275568 2.5581463 3.2222626 3.1261233 3.3172485 3.1295562 1.9089375 
Skow_NM_001168145.1                                              2.0322912 1.8877039 1.9153299 1.3544960 1.3327591 0.8346121 1.1835756 1.1835756 1.3142637 1.3636269 1.0966615 1.3382775 1.4359028 1.4561687 1.5083748 1.5612698 1.3535880 1.4585938 1.5749316 1.5617929 1.7735580 0.0000000 1.5317189 1.8406439 1.8406439 1.8727665 1.8033464 1.8641017 1.8641017 1.7065659 1.2697176 1.3051978 1.6448461 1.6461509 1.8253637 1.7901185 1.8645244 1.2296378 1.5756685 1.2132720 2.1442638 2.3575320 1.4802012 1.5340560 1.6604812 1.6191992 1.3062895 2.2200436 2.2200436 2.3874100 3.2438096 1.3668191 1.7558602 1.7558602 2.1171409 2.4506564 2.6959527 2.4300589 3.6173623 2.3668982 2.7008027 1.6926499 1.5638259 
Fspp_ffun1.m4.2336.m1                                            1.6986700 1.5524629 1.8085524 0.9233272 0.7193321 0.3572353 0.9981595 0.9981595 0.8885125 0.9082351 0.9159980 1.3472546 1.3979898 1.5574028 1.5262326 1.3313208 1.3762487 1.3723761 1.2307101 1.6516607 1.8591547 1.5317189 0.0000000 1.9778123 1.9778123 1.9139407 1.9140696 1.9562006 1.9562006 2.0425832 2.6304726 2.8684362 1.8816599 1.8688216 2.0304947 1.7541251 1.7595737 1.0177434 1.4587600 1.0727816 2.8204310 3.1660078 1.9087681 2.0547658 2.3772085 2.4967173 2.1591669 2.7847404 2.7847404 3.0936485 5.4257840 2.8049819 1.9260106 1.9260106 2.8089459 2.8041959 2.9298693 2.8897892 4.3142828 3.2579317 2.8498097 3.1307700 1.2537859 
TrH2_TrispH2_002022-RA                                           2.0824135 1.8192483 1.8099775 1.6264899 1.5271506 1.2592065 1.4610464 1.4610464 1.5929372 1.8119961 1.3616501 1.9000989 1.9662691 1.7143400 1.6807594 1.7878316 1.8843964 1.7730382 1.7613393 1.8521027 1.9404398 1.8406439 1.9778123 0.0000000 0.0000010 0.5126704 0.4888307 0.5390426 0.5390426 0.5603175 1.5247929 1.4903996 1.5466794 1.6318022 1.5269332 1.8105988 1.7148889 1.2507929 1.9006416 1.6844291 2.0831319 2.1049496 2.0795823 2.2872211 2.3899054 2.2665267 1.7755168 1.9898154 1.9898154 2.3141281 2.3213455 2.1183264 1.6519251 1.6519251 2.2275953 2.3969632 2.1161621 2.2565449 2.6219616 2.7236780 2.1778511 2.5568737 1.5505597 
Tadh_TriadT59230                                                 2.0824135 1.8192483 1.8099775 1.6264899 1.5271506 1.2592065 1.4610464 1.4610464 1.5929372 1.8119961 1.3616501 1.9000989 1.9662691 1.7143400 1.6807594 1.7878316 1.8843964 1.7730382 1.7613393 1.8521027 1.9404398 1.8406439 1.9778123 0.0000010 0.0000000 0.5126704 0.4888307 0.5390426 0.5390426 0.5603175 1.5247929 1.4903996 1.5466794 1.6318022 1.5269332 1.8105988 1.7148889 1.2507929 1.9006416 1.6844291 2.0831319 2.1049496 2.0795823 2.2872211 2.3899054 2.2665267 1.7755168 1.9898154 1.9898154 2.3141281 2.3213455 2.1183264 1.6519251 1.6519251 2.2275953 2.3969632 2.1161621 2.2565449 2.6219616 2.7236780 2.1778511 2.5568737 1.5505597 
HoiH23_PlH23_006813-RA                                           1.9572995 1.7408356 1.6811984 1.6115520 1.6014280 1.3503259 1.3847432 1.3847432 1.6454778 1.6992061 1.4174697 1.7003141 1.7715465 1.6293359 1.6129339 1.8736604 1.9004500 1.5641088 1.7105313 1.8564750 1.8518055 1.8727665 1.9139407 0.5126704 0.5126704 0.0000000 0.0242235 0.1055229 0.1055229 0.1882774 1.7144757 1.7499048 1.6639431 1.6752128 1.5340237 1.4835273 2.1076704 1.0898092 1.6283634 1.8135043 2.1394500 2.2315963 1.9292619 2.3769594 2.2914580 2.0530178 2.0512285 2.2672115 2.2672115 2.2632415 2.4859416 2.0735413 1.7198910 1.7198910 2.2018536 2.4623399 2.1149448 3.1958678 2.5262192 2.8049787 3.2668111 2.7422253 1.5570947 
HoiH06_mRNA12886                                                 2.0269844 1.8318904 1.7214047 1.5843023 1.5743854 1.3503259 1.3612689 1.3612689 1.6173226 1.7457684 1.4266387 1.7484246 1.8050017 1.6388692 1.5986021 1.8699084 1.8881306 1.6024987 1.7356319 1.8416276 1.8339340 1.8033464 1.9140696 0.4888307 0.4888307 0.0242235 0.0000000 0.0954745 0.0954745 0.1636245 1.7073556 1.7499048 1.6570599 1.6682670 1.5199166 1.5223823 2.0989754 1.0939702 1.6178899 1.8231565 2.0916221 2.1993161 1.9520072 2.3103745 2.2500853 2.0019752 2.0361074 2.2421617 2.2421617 2.2502363 2.4613441 2.0735972 1.6622210 1.6622210 2.2356161 2.4484021 2.1523217 3.1492625 2.5186277 2.7808134 3.2933371 2.7617586 1.5731926 
Hhon_g00747.t1                                                   1.9933457 1.8358560 1.6994226 1.5978383 1.5877925 1.3250875 1.3820291 1.3820291 1.6863698 1.7944783 1.3374985 1.6873192 1.7732639 1.5790857 1.5565881 1.7161039 1.7876072 1.6293864 1.6216195 1.9463382 1.8302248 1.8641017 1.9562006 0.5390426 0.5390426 0.1055229 0.0954745 0.0000000 0.0000010 0.1809390 1.5951597 1.9454780 1.5937602 1.5959671 1.5298138 1.5005468 2.0833931 1.0828182 1.5330772 1.7022735 2.0965022 2.1151050 1.8650523 2.2554577 2.3432112 1.9432650 1.9740124 2.3127628 2.3127628 2.2206874 2.4780578 2.0319485 1.6733511 1.6733511 2.3150583 2.3030410 2.0781983 3.1546577 2.5196510 2.7474247 2.9083910 2.8834401 1.5031880 
HoiH04_mRNA16125                                                 1.9933457 1.8358560 1.6994226 1.5978383 1.5877925 1.3250875 1.3820291 1.3820291 1.6863698 1.7944783 1.3374985 1.6873192 1.7732639 1.5790857 1.5565881 1.7161039 1.7876072 1.6293864 1.6216195 1.9463382 1.8302248 1.8641017 1.9562006 0.5390426 0.5390426 0.1055229 0.0954745 0.0000010 0.0000000 0.1809390 1.5951597 1.9454780 1.5937602 1.5959671 1.5298138 1.5005468 2.0833931 1.0828182 1.5330772 1.7022735 2.0965022 2.1151050 1.8650523 2.2554577 2.3432112 1.9432650 1.9740124 2.3127628 2.3127628 2.2206874 2.4780578 2.0319485 1.6733511 1.6733511 2.3150583 2.3030410 2.0781983 3.1546577 2.5196510 2.7474247 2.9083910 2.8834401 1.5031880 
HoiH11_mRNA1828                                                  2.3068251 1.9204262 1.6237894 1.5047931 1.4638973 1.3636263 1.4419606 1.4419606 1.6195417 1.7561280 1.4337346 1.7081503 1.7134307 1.5895110 1.5371677 1.8340994 1.8381526 1.4721830 1.7386866 2.0167977 1.9117546 1.7065659 2.0425832 0.5603175 0.5603175 0.1882774 0.1636245 0.1809390 0.1809390 0.0000000 1.2879290 1.2873832 1.5848229 1.5872794 1.5444032 1.5874507 1.8221522 1.0579500 1.5912018 1.6522135 1.9755489 1.9063601 1.8878244 2.1730043 2.0343501 1.7340278 1.8315973 2.3659951 2.3659951 2.0522074 2.1945952 2.0161279 1.7717156 1.7717156 1.9467639 2.4927828 2.3844708 2.6512167 2.7426891 3.4265286 2.3707034 2.9588850 1.4303843 
Ctel_gnl_WGS_AMQN_CAPTEDRAFT_mRNA154863                          2.7470546 2.7828792 2.3511460 1.8293315 1.7442729 1.1934236 1.7219090 1.7219090 1.7963153 1.8163769 1.4332571 1.8572641 1.7168008 1.9293431 1.8191383 1.8175379 1.7643155 2.0648766 2.2457860 1.9119763 2.3521140 1.2697176 2.6304726 1.5247929 1.5247929 1.7144757 1.7073556 1.5951597 1.5951597 1.2879290 0.0000000 0.0399481 2.1976717 2.0851343 2.0752646 2.0356117 2.0228308 1.6662930 2.0917895 1.8797408 2.3149771 2.3297590 1.9177075 1.7881918 1.8824507 1.8551410 1.7141937 2.2041339 2.2041339 2.1699533 2.7283044 1.6131030 2.2744568 2.2744568 2.2052892 2.8760970 2.7735309 2.5294591 3.8281193 3.2324307 2.4430173 2.1730023 2.0591369 
Ctel_gnl_WGS_AMQN_CAPTEDRAFT_mRNA88730                           8.9999986 2.8238477 2.4481752 2.0514800 1.8510236 1.6412346 1.5524103 1.5524103 2.0574720 1.9859179 1.8806993 1.8692975 1.6969162 1.8991350 1.8127590 1.6568158 1.3398138 1.7789725 1.6466683 1.9454375 2.5168533 1.3051978 2.8684362 1.4903996 1.4903996 1.7499048 1.7499048 1.9454780 1.9454780 1.2873832 0.0399481 0.0000000 2.2002453 2.2002453 2.3863070 2.8146285 2.1890256 2.4599242 3.1512899 2.0313437 1.8800221 1.5094539 2.1706663 1.8452505 1.5959332 1.8387839 2.2191316 1.7935166 1.7935166 1.8621858 1.4016107 1.3322599 1.9524628 1.9524628 2.2513724 3.2479597 2.0041385 1.4856704 3.1117338 3.3337047 1.8285734 7.6539523 2.3143323 
Emue_Em0019g82a.t1                                               2.1879994 1.9383974 2.2832099 1.4821797 1.4305346 1.1384117 1.3294741 1.3294741 1.3886118 1.5345971 1.2489900 1.3824156 1.5307970 1.3725669 1.4811902 1.2335201 1.1332236 1.6523607 1.6143528 1.6397354 2.0659154 1.6448461 1.8816599 1.5466794 1.5466794 1.6639431 1.6570599 1.5937602 1.5937602 1.5848229 2.1976717 2.2002453 0.0000000 0.0323720 0.2414956 1.0435853 0.9082849 0.9763421 1.6097925 1.8848238 1.8190216 1.8571730 1.9726660 2.1724856 2.1800818 1.8620885 1.5664042 1.5934318 1.5934318 1.8357136 1.8283638 1.7843303 1.7946505 1.7946505 1.7628201 2.1410981 2.7372079 2.8575701 2.9510380 3.3049469 2.4809222 2.9030842 1.0578414 
Emue_Em0019g91a.t1                                               2.0165470 1.8272733 2.0818950 1.4454705 1.3950937 1.1025636 1.2960907 1.2960907 1.3541698 1.4967775 1.2139185 1.3471365 1.4930890 1.2638129 1.3666773 1.1652336 1.0262557 1.6087711 1.5084935 1.5945179 1.9223872 1.6461509 1.8688216 1.6318022 1.6318022 1.6752128 1.6682670 1.5959671 1.5959671 1.5872794 2.0851343 2.2002453 0.0323720 0.0000000 0.2209019 1.0060094 0.9234958 0.9856760 1.4559154 1.7276837 1.8165591 1.8486294 1.9364960 2.2117030 2.1772634 1.8733737 1.5640472 1.6352691 1.6352691 1.8449583 1.8440550 1.7857738 1.7673627 1.7673627 1.7532034 2.1925660 2.7519681 2.7776261 2.7897666 3.0674157 2.3661370 2.8995199 1.0325245 
Spolac_c93436_g1_i1_m.8874c93436-g1                              2.3042634 2.1108015 2.2211274 1.6861351 1.5159866 1.1588076 1.4122267 1.4122267 1.4496460 1.6024288 1.2150894 1.5099940 1.6065426 1.3920531 1.4474945 1.1802656 1.2608317 1.7356885 1.7191526 1.5347920 2.1403383 1.8253637 2.0304947 1.5269332 1.5269332 1.5340237 1.5199166 1.5298138 1.5298138 1.5444032 2.0752646 2.3863070 0.2414956 0.2209019 0.0000000 0.9950357 1.0820219 0.9537189 1.4860404 1.8587515 1.8529570 1.7484016 2.0980962 2.3070635 2.1431509 2.1115829 1.6841036 1.8050770 1.8050770 1.8204205 1.7047133 1.7682384 2.0158667 2.0158667 1.7091155 2.0625699 2.8809448 3.3744793 2.8979517 3.0169202 2.3662829 2.6694743 1.2213252 
Stycar_augustus_masked-SC_scaffold6028-processed-gene-0.2-mRNA-1 2.0960792 1.8790411 2.2074859 1.5556187 1.4587721 1.0154601 1.5053704 1.5053704 1.4385778 1.3311429 1.3381562 1.8000339 1.3166854 1.4203771 1.4367836 1.5616085 1.5491885 1.6657904 1.6606756 1.7661890 1.8872686 1.7901185 1.7541251 1.8105988 1.8105988 1.4835273 1.5223823 1.5005468 1.5005468 1.5874507 2.0356117 2.8146285 1.0435853 1.0060094 0.9950357 0.0000000 1.0783292 0.4599787 1.5760199 1.7857880 2.2820813 2.3432225 2.0754078 2.5371996 2.6131321 1.9459236 2.1630497 1.8121912 1.8121912 2.1337710 2.6845875 1.9453570 1.8123998 1.8123998 1.6908292 2.3806146 2.6945372 2.9653958 3.6033263 3.2966656 2.5820370 2.4645687 0.9231683 
Tetwil_g25491.t1                                                 2.7077591 2.0462756 2.3436760 1.6001142 1.5969890 1.2103730 1.6160223 1.6160223 1.5763916 1.6509967 1.4016598 1.7532882 1.5412355 1.4420735 1.3887356 1.3541988 1.3554193 1.6750041 1.7982965 1.7873988 2.0674778 1.8645244 1.7595737 1.7148889 1.7148889 2.1076704 2.0989754 2.0833931 2.0833931 1.8221522 2.0228308 2.1890256 0.9082849 0.9234958 1.0820219 1.0783292 0.0000000 0.9829420 1.6292781 2.1728671 2.0760637 2.3896130 2.2524874 2.0174640 2.3470790 2.3539980 1.9107989 2.0910136 2.0910136 2.4210374 2.9158479 2.2490144 2.2228984 2.2228984 1.6512930 2.8534239 2.9741735 2.5372887 4.6026969 3.5163918 2.6014250 2.6217072 1.0957723 
Stycar_maker-SC_scaffold126988-augustus-gene-0.5-mRNA-1          1.8504652 1.4172154 1.6626940 1.0227775 0.8629330 0.8957403 0.9036151 0.9036151 0.9177458 0.9754168 1.0473946 1.1869236 0.7928298 1.0087630 1.0202063 1.0625271 1.1677830 1.2478217 1.1445241 1.2767161 1.7542858 1.2296378 1.0177434 1.2507929 1.2507929 1.0898092 1.0939702 1.0828182 1.0828182 1.0579500 1.6662930 2.4599242 0.9763421 0.9856760 0.9537189 0.4599787 0.9829420 0.0000000 0.8287900 1.9997901 1.7496830 1.7308307 1.9804888 1.6530041 1.7724936 1.6823660 1.5767978 1.3115878 1.3115878 1.7050417 1.3471061 1.4981390 1.5235762 1.5235762 1.4050782 2.5669762 2.5298816 2.3639752 2.3797099 2.3998579 1.5903151 1.5918050 1.1847670 
Stycar_augustus_masked-SC_scaffold6028-processed-gene-0.1-mRNA-1 1.4851454 1.8275632 1.6252378 1.5419635 1.3795055 1.4006131 1.4520446 1.4520446 1.4635580 1.4293273 1.4299638 1.5482346 1.3528578 1.4122433 1.4074736 1.7451785 1.6321511 1.6817266 1.5859222 1.7793362 1.6335392 1.5756685 1.4587600 1.9006416 1.9006416 1.6283634 1.6178899 1.5330772 1.5330772 1.5912018 2.0917895 3.1512899 1.6097925 1.4559154 1.4860404 1.5760199 1.6292781 0.8287900 0.0000000 1.5699911 1.9821896 1.9484703 2.8430536 2.5202385 2.6219793 2.3000087 1.9054853 1.6929897 1.6929897 2.1355840 2.6192376 1.8086290 2.5320008 2.5320008 2.2810006 2.6071653 3.0194547 2.5128502 2.8339321 2.3712303 3.0111979 1.8364983 2.8027065 
Gasp_gasp1.m3.8820.m1                                            0.4172118 0.5967476 0.5507122 1.0575894 0.9980872 1.0117711 1.0198432 1.0198432 0.9929584 0.9506908 1.0490199 0.9377127 1.3940648 1.4300395 1.3703530 1.4457574 1.3482229 1.3929299 1.4761607 1.6244225 0.7715729 1.2132720 1.0727816 1.6844291 1.6844291 1.8135043 1.8231565 1.7022735 1.7022735 1.6522135 1.8797408 2.0313437 1.8848238 1.7276837 1.8587515 1.7857880 2.1728671 1.9997901 1.5699911 0.0000000 1.7327766 1.4412530 1.8253298 1.8625170 1.9346002 2.0858007 1.7160883 1.6954529 1.6954529 1.6616593 1.7615426 1.4232887 1.8402257 1.8402257 2.9087704 2.2837772 2.1868372 1.7657133 3.0484935 2.1099561 3.4145156 2.5014398 2.2993832 
Lcom_lcpid142631                                                 3.0013151 2.5042221 2.6963662 2.3140464 2.3827552 1.8094584 2.1566895 2.1566895 2.4429584 2.4888457 1.9058411 2.3326995 2.0370666 1.9518954 1.9090897 2.0742880 1.8933035 1.9556563 2.3620941 2.2649211 2.5141849 2.1442638 2.8204310 2.0831319 2.0831319 2.1394500 2.0916221 2.0965022 2.0965022 1.9755489 2.3149771 1.8800221 1.8190216 1.8165591 1.8529570 2.2820813 2.0760637 1.7496830 1.9821896 1.7327766 0.0000000 0.5162242 2.8685015 3.0056504 2.8189393 2.6119654 2.2576170 2.1807756 2.1807756 2.5951719 2.9744924 2.2539962 2.1455298 2.1455298 2.6406668 3.0600509 2.5669039 2.6307274 3.3654702 3.0011179 3.3884667 3.0352452 1.7157838 
Scil_scict000228.1                                               2.7081189 2.5715211 2.8067442 2.5704118 2.4021957 1.8375036 2.3415217 2.3415217 2.4964892 2.5117749 2.0701199 1.9992364 2.1571476 2.2009333 2.3002876 2.0654422 1.8844510 2.3819827 2.4681667 2.3057486 2.2252578 2.3575320 3.1660078 2.1049496 2.1049496 2.2315963 2.1993161 2.1151050 2.1151050 1.9063601 2.3297590 1.5094539 1.8571730 1.8486294 1.7484016 2.3432225 2.3896130 1.7308307 1.9484703 1.4412530 0.5162242 0.0000000 2.7249227 2.8947687 2.5263388 2.4289937 2.0643594 2.2414190 2.2414190 2.4407596 2.5422480 3.0011507 2.2444842 2.2444842 2.5092411 3.3824026 2.9899010 2.5122022 3.1467514 3.0133967 3.2551233 2.5425777 1.6173899 
Cscu_XM_023371391.1                                              2.4707961 2.0600907 1.9109837 1.5121864 1.6175771 0.9888953 1.4058287 1.4058287 1.4902341 1.4457739 1.1890356 1.3451797 1.5729465 1.6423275 1.7345426 1.7260753 1.4905499 1.5502166 1.5301042 1.6824047 2.0465151 1.4802012 1.9087681 2.0795823 2.0795823 1.9292619 1.9520072 1.8650523 1.8650523 1.8878244 1.9177075 2.1706663 1.9726660 1.9364960 2.0980962 2.0754078 2.2524874 1.9804888 2.8430536 1.8253298 2.8685015 2.7249227 0.0000000 0.7171512 1.3570896 1.1529887 1.8912293 2.2796849 2.2796849 2.4269241 3.2303006 1.8483276 2.4831388 2.4831388 3.2250217 2.4484914 2.3839716 2.4600879 3.0014436 2.9661515 2.3639152 2.5241675 2.4302345 
Cscu_XM_023377273.1                                              3.1479323 2.5560042 2.3360438 1.8131991 1.6791229 0.9762827 1.5262757 1.5262757 1.7091839 1.6942131 1.3844993 1.5905672 1.6370117 1.8561403 1.7505563 1.6843352 1.5955442 1.6677054 1.7335069 1.7630148 2.5803800 1.5340560 2.0547658 2.2872211 2.2872211 2.3769594 2.3103745 2.2554577 2.2554577 2.1730043 1.7881918 1.8452505 2.1724856 2.2117030 2.3070635 2.5371996 2.0174640 1.6530041 2.5202385 1.8625170 3.0056504 2.8947687 0.7171512 0.0000000 1.1712025 1.3400203 1.5883665 2.7966126 2.7966126 2.5275383 3.1202754 2.2396910 2.3084711 2.3084711 2.5494920 2.7511567 2.5912695 2.5303095 3.5741212 3.5549937 2.4259421 2.5087613 2.3376288 
Dpul_mRNA421                                                     2.5425266 2.3755882 2.3164198 1.5331545 1.4725808 1.1231273 1.6476713 1.6476713 1.6512971 1.7217039 1.5081850 1.5893397 1.8225052 2.0221045 2.0498815 1.9097944 2.0026891 1.9548365 1.9485241 1.9765774 2.3415787 1.6604812 2.3772085 2.3899054 2.3899054 2.2914580 2.2500853 2.3432112 2.3432112 2.0343501 1.8824507 1.5959332 2.1800818 2.1772634 2.1431509 2.6131321 2.3470790 1.7724936 2.6219793 1.9346002 2.8189393 2.5263388 1.3570896 1.1712025 0.0000000 0.8208831 1.9227650 2.6275793 2.6275793 1.9441025 2.3071756 2.4800871 2.4240843 2.4240843 2.7837142 3.0986653 3.2002572 2.8273065 3.0874862 3.2759128 2.3621252 2.1965783 2.5354151 
Tcas_TC014175_001                                                2.8483141 2.4457233 2.1303052 1.6108041 1.5406505 1.2402081 1.8094642 1.8094642 1.6023479 1.6357380 1.3767276 1.5304440 1.9689222 2.0102209 2.0161753 2.0320194 1.6912993 1.9839091 1.6845876 1.8953357 1.9710744 1.6191992 2.4967173 2.2665267 2.2665267 2.0530178 2.0019752 1.9432650 1.9432650 1.7340278 1.8551410 1.8387839 1.8620885 1.8733737 2.1115829 1.9459236 2.3539980 1.6823660 2.3000087 2.0858007 2.6119654 2.4289937 1.1529887 1.3400203 0.8208831 0.0000000 1.9112483 2.2862617 2.2862617 2.2153616 3.1891110 1.9905574 2.7929214 2.7929214 2.9910440 2.8321432 2.7448356 2.5084793 2.9400545 3.5045886 3.5238591 2.2311200 2.1021955 
Bralan_BLAG04002134_1                                            2.8423095 2.2351816 2.1927269 1.4199478 1.4084704 1.0678304 1.4128500 1.4128500 1.5956032 1.6260826 1.4208127 1.7343338 1.7108073 1.6280841 1.6580322 1.5581819 1.6991150 1.8025436 1.6516368 1.7656147 2.2754186 1.3062895 2.1591669 1.7755168 1.7755168 2.0512285 2.0361074 1.9740124 1.9740124 1.8315973 1.7141937 2.2191316 1.5664042 1.5640472 1.6841036 2.1630497 1.9107989 1.5767978 1.9054853 1.7160883 2.2576170 2.0643594 1.8912293 1.5883665 1.9227650 1.9112483 0.0000000 1.6845985 1.6845985 2.0754677 2.7647681 1.7447006 1.8334983 1.8334983 2.6705304 2.9115720 2.3370531 2.0704710 3.2815661 2.5860099 2.3758524 2.5392825 1.7128321 
Bolinf_Binf_sb1259677                                            2.4450256 2.1990723 2.1781228 2.2933502 2.2271953 1.7166080 2.0007123 2.0007123 2.1044896 2.0740106 1.7112557 2.1090321 2.3183882 1.7268827 1.9123277 2.0618339 1.8734666 2.4096201 2.1759700 2.4254576 2.4538036 2.2200436 2.7847404 1.9898154 1.9898154 2.2672115 2.2421617 2.3127628 2.3127628 2.3659951 2.2041339 1.7935166 1.5934318 1.6352691 1.8050770 1.8121912 2.0910136 1.3115878 1.6929897 1.6954529 2.1807756 2.2414190 2.2796849 2.7966126 2.6275793 2.2862617 1.6845985 0.0000000 0.0000010 0.9590750 1.3239307 1.7701513 2.1501306 2.1501306 2.6805201 3.3280844 2.6348689 2.8422837 3.0613917 3.3091383 2.9509399 2.8901405 1.5029697 
Mertsp_Mesp_sb574037                                             2.4450256 2.1990723 2.1781228 2.2933502 2.2271953 1.7166080 2.0007123 2.0007123 2.1044896 2.0740106 1.7112557 2.1090321 2.3183882 1.7268827 1.9123277 2.0618339 1.8734666 2.4096201 2.1759700 2.4254576 2.4538036 2.2200436 2.7847404 1.9898154 1.9898154 2.2672115 2.2421617 2.3127628 2.3127628 2.3659951 2.2041339 1.7935166 1.5934318 1.6352691 1.8050770 1.8121912 2.0910136 1.3115878 1.6929897 1.6954529 2.1807756 2.2414190 2.2796849 2.7966126 2.6275793 2.2862617 1.6845985 0.0000010 0.0000000 0.9590750 1.3239307 1.7701513 2.1501306 2.1501306 2.6805201 3.3280844 2.6348689 2.8422837 3.0613917 3.3091383 2.9509399 2.8901405 1.5029697 
Horcal_Hcv1.av93.c12.g304.i1                                     2.5959724 2.1589656 2.2038331 1.9604078 1.9430707 1.6776297 1.8679971 1.8679971 2.1306665 2.1178116 1.8663052 1.7621979 2.4836150 1.8801692 2.0390640 2.1003777 1.9040341 2.1575550 2.0282138 2.4034298 2.3436394 2.3874100 3.0936485 2.3141281 2.3141281 2.2632415 2.2502363 2.2206874 2.2206874 2.0522074 2.1699533 1.8621858 1.8357136 1.8449583 1.8204205 2.1337710 2.4210374 1.7050417 2.1355840 1.6616593 2.5951719 2.4407596 2.4269241 2.5275383 1.9441025 2.2153616 2.0754677 0.9590750 0.9590750 0.0000000 0.0580567 2.4584628 2.4331737 2.4331737 2.7574650 3.1049877 2.5149673 2.9852818 3.2343062 3.0701149 3.1648554 2.7827286 1.9055178 
Pbac_sb2652071                                                   4.9015531 2.6122435 2.6998220 2.3055148 2.0274385 1.5149484 1.9406418 1.9406418 2.4258993 2.2788759 1.6317984 1.6615287 2.5573979 1.9609035 2.3944836 2.0739114 2.3662208 2.2472511 2.2737682 2.9716846 2.8186498 3.2438096 5.4257840 2.3213455 2.3213455 2.4859416 2.4613441 2.4780578 2.4780578 2.1945952 2.7283044 1.4016107 1.8283638 1.8440550 1.7047133 2.6845875 2.9158479 1.3471061 2.6192376 1.7615426 2.9744924 2.5422480 3.2303006 3.1202754 2.3071756 3.1891110 2.7647681 1.3239307 1.3239307 0.0580567 0.0000000 3.3810252 3.0815472 3.0815472 2.9419093 3.5373695 2.9416197 3.1252991 3.9958300 3.6734825 2.2684317 6.2511139 0.9896353 
Hsap_ENST00000319466                                             2.6253735 2.3904376 2.2406047 1.9492620 1.9189550 1.3123051 1.8753644 1.8753644 1.7449391 1.8877077 1.5684813 2.2444448 2.2349810 2.0214785 1.8784889 1.9702676 1.7850193 2.2046012 2.1905954 1.9249411 2.5904225 1.3668191 2.8049819 2.1183264 2.1183264 2.0735413 2.0735972 2.0319485 2.0319485 2.0161279 1.6131030 1.3322599 1.7843303 1.7857738 1.7682384 1.9453570 2.2490144 1.4981390 1.8086290 1.4232887 2.2539962 3.0011507 1.8483276 2.2396910 2.4800871 1.9905574 1.7447006 1.7701513 1.7701513 2.4584628 3.3810252 0.0000000 2.3054992 2.3054992 2.1901293 2.8830611 2.0742855 3.1429599 2.8038092 3.7015818 2.8283329 2.2196756 1.2902902 
Opea_EP00118_Oscarella_pearsei_P001939                           2.1700072 2.0551500 2.0277504 1.5964684 1.4613622 1.2610293 1.3996049 1.3996049 1.5095231 1.5886104 1.4610236 1.8891513 1.8321184 1.6114682 1.6223979 1.5659535 1.5720660 1.8945110 1.8805164 2.1646721 2.2451261 1.7558602 1.9260106 1.6519251 1.6519251 1.7198910 1.6622210 1.6733511 1.6733511 1.7717156 2.2744568 1.9524628 1.7946505 1.7673627 2.0158667 1.8123998 2.2228984 1.5235762 2.5320008 1.8402257 2.1455298 2.2444842 2.4831388 2.3084711 2.4240843 2.7929214 1.8334983 2.1501306 2.1501306 2.4331737 3.0815472 2.3054992 0.0000000 0.0000010 2.6554874 2.6087072 2.6502952 2.8414842 3.7767373 3.2968265 3.3188108 2.3778228 2.3306603 
Ocar_g6784                                                       2.1700072 2.0551500 2.0277504 1.5964684 1.4613622 1.2610293 1.3996049 1.3996049 1.5095231 1.5886104 1.4610236 1.8891513 1.8321184 1.6114682 1.6223979 1.5659535 1.5720660 1.8945110 1.8805164 2.1646721 2.2451261 1.7558602 1.9260106 1.6519251 1.6519251 1.7198910 1.6622210 1.6733511 1.6733511 1.7717156 2.2744568 1.9524628 1.7946505 1.7673627 2.0158667 1.8123998 2.2228984 1.5235762 2.5320008 1.8402257 2.1455298 2.2444842 2.4831388 2.3084711 2.4240843 2.7929214 1.8334983 2.1501306 2.1501306 2.4331737 3.0815472 2.3054992 0.0000010 0.0000000 2.6554874 2.6087072 2.6502952 2.8414842 3.7767373 3.2968265 3.3188108 2.3778228 2.3306603 
Aque_Aqu2.1.37935_001                                            3.5315089 3.0746285 3.2569360 1.8785258 1.9422609 1.7957914 2.0952814 2.0952814 1.9314403 1.9827038 1.8287446 2.0686323 2.1129029 2.0023287 2.0511830 1.9439609 2.3018139 2.2048186 2.2654557 2.1584086 3.3497096 2.1171409 2.8089459 2.2275953 2.2275953 2.2018536 2.2356161 2.3150583 2.3150583 1.9467639 2.2052892 2.2513724 1.7628201 1.7532034 1.7091155 1.6908292 1.6512930 1.4050782 2.2810006 2.9087704 2.6406668 2.5092411 3.2250217 2.5494920 2.7837142 2.9910440 2.6705304 2.6805201 2.6805201 2.7574650 2.9419093 2.1901293 2.6554874 2.6554874 0.0000000 3.5732364 3.7281456 3.8868437 4.3902721 4.2015987 2.9685763 3.0071491 0.9652035 
Dpul_mRNA22664                                                   2.7892354 2.4049702 2.4350185 2.3077790 2.3783290 1.7877279 2.0712605 2.0712605 2.2206318 2.2991572 1.6691968 2.1102321 2.4421543 2.4040347 2.4946808 1.7859911 1.7429271 2.2467269 2.1525931 2.5580949 2.6531544 2.4506564 2.8041959 2.3969632 2.3969632 2.4623399 2.4484021 2.3030410 2.3030410 2.4927828 2.8760970 3.2479597 2.1410981 2.1925660 2.0625699 2.3806146 2.8534239 2.5669762 2.6071653 2.2837772 3.0600509 3.3824026 2.4484914 2.7511567 3.0986653 2.8321432 2.9115720 3.3280844 3.3280844 3.1049877 3.5373695 2.8830611 2.6087072 2.6087072 3.5732364 0.0000000 3.2281202 4.0407352 3.6560117 3.3704793 3.3070980 2.9933078 3.3377714 
Spur_XM_030999482.1                                              3.1302031 2.6740008 2.7777096 2.7255571 2.7348402 2.0823369 2.9063262 2.9063262 2.9999521 2.9794925 2.3485149 2.3584073 2.5829570 2.5507286 2.5748742 2.7068240 2.3057578 2.4804524 2.6472585 2.8202402 2.7275568 2.6959527 2.9298693 2.1161621 2.1161621 2.1149448 2.1523217 2.0781983 2.0781983 2.3844708 2.7735309 2.0041385 2.7372079 2.7519681 2.8809448 2.6945372 2.9741735 2.5298816 3.0194547 2.1868372 2.5669039 2.9899010 2.3839716 2.5912695 3.2002572 2.7448356 2.3370531 2.6348689 2.6348689 2.5149673 2.9416197 2.0742855 2.6502952 2.6502952 3.7281456 3.2281202 0.0000000 2.5758259 3.0250742 3.5734669 2.6536838 3.0018626 3.3880835 
