119
Aque_Aqu2.1.06860_001                                   0.0000000 0.1721713 0.0634755 0.0000010 0.0000010 0.0000010 0.0000010 1.6907833 1.6907833 2.1444075 2.2215948 2.5378376 2.3438371 2.0757156 0.0000010 2.0757156 0.0000010 6.5372192 2.0757156 0.0000010 0.0000010 0.0000010 2.2742517 2.5274571 7.1679380 1.5425494 2.4840744 2.1335169 0.0000010 1.5570813 1.1670954 1.1852647 1.6734523 1.1970726 1.5651369 0.0000010 5.4505168 3.5988528 4.3619808 4.5981424 3.4231633 0.0000010 9.0000000 0.0000010 4.5937630 4.3488944 6.0913693 5.3417665 3.0085771 2.9188383 4.5332043 4.3549577 0.0000010 3.3231437 4.1636319 3.3371463 4.4256863 4.4256863 4.5551624 4.7842174 4.4663652 3.2544529 0.0000010 3.9978518 5.3157168 4.1409579 4.4587213 3.8487880 0.0000010 4.5793044 5.6805491 3.7808682 4.2936014 0.0000010 3.6042709 3.6042709 3.2237690 0.0000010 0.0000010 0.0000010 4.4766048 4.7428136 4.7428136 4.7428136 4.7428136 4.7428136 0.0000010 0.0000010 9.0000000 4.0047993 4.0047993 3.7396264 0.0000010 9.0000000 4.0964269 0.0000010 5.7625386 4.8203725 4.8203725 4.8203725 4.4532045 4.2818617 4.2818617 4.2818617 4.3652393 4.3652393 7.2116887 7.3553001 0.0000010 5.0895861 5.0895861 3.8484279 3.6158175 3.6158175 3.6158175 2.5618953 2.0757156 2.9993513 4.0005611 
Aque_Aqu2.1.36719_001                                   0.1721713 0.0000000 0.3912071 2.1935310 2.7755393 2.7755393 2.3190052 1.5821986 1.5821986 2.0928329 2.1013447 2.6782108 2.0942796 1.9081027 4.0928287 1.9529635 5.3364294 2.4788976 1.8901275 2.0774539 1.6530532 2.5623924 1.9013687 1.9392600 2.5535716 1.2505085 1.7067811 1.6265450 1.3483616 1.4310206 0.8395624 0.9095965 1.4163344 1.0892904 1.0295870 3.0320463 2.5011189 2.4844543 2.9712530 2.9195533 2.8585811 3.7573869 3.0106606 0.0000010 2.4532444 2.5956168 2.8393701 2.4188289 2.3424577 2.5443646 2.8170533 2.6645612 2.3722976 3.1821351 2.4582713 2.4196983 2.4770789 3.8458610 2.6230659 2.6974963 2.6889227 2.5906872 3.0554538 2.9231951 3.2933950 2.7885656 3.0437857 4.1350150 3.3889597 2.8202813 2.5775627 2.7891802 3.1679674 1.5101518 2.6180191 2.6231990 2.3114627 0.0000010 1.4651028 5.9086983 3.4378744 3.8711512 3.8711512 3.8711512 3.8711512 3.2118043 6.6706349 6.7015167 5.2222476 3.4955526 3.2554315 3.1674427 5.7436552 7.1935179 3.3197292 5.2177636 4.1173107 3.6100725 3.6143446 3.6143446 3.4980772 3.1196752 2.5616856 2.8306201 3.2090011 3.5283766 7.0017436 2.8255884 1.3905141 3.0737032 3.1982437 3.0325464 2.3539530 2.2921484 2.5188958 3.3106617 3.1726618 3.4609853 4.5143200 
Aque_Aqu2.1.14800_001                                   0.0634755 0.3912071 0.0000000 0.0000010 0.0000010 0.0000010 0.0000010 0.0000010 0.0000010 3.2796847 3.8213694 4.0799356 3.7206284 3.3862874 0.0000010 3.3862874 8.9999990 6.3486266 3.3862874 0.0000010 0.0000010 0.0000010 4.3069699 4.6407069 7.8359096 1.5810634 3.6738707 3.2991916 0.0000010 2.5935139 2.1795553 2.1933723 2.9052272 2.0230888 2.2480110 0.0000010 5.1449629 5.1249364 7.0053750 7.7832280 3.6162361 9.0000000 0.0000010 0.0000010 6.1721151 5.4778424 5.4497442 5.3903274 4.0042613 4.1967875 6.1300799 4.5999750 0.0000010 4.9218889 4.5721820 4.6869412 5.5959016 4.8216872 5.9304850 6.1348766 5.3415670 4.3595964 0.0000010 5.0061865 7.7176027 4.5239052 6.5768950 5.1455540 8.9999985 6.4837769 7.2406939 5.8738416 6.0966808 3.8032361 5.0321655 5.0321655 4.5940090 0.0000010 4.2066345 0.0000010 7.1827018 6.3500301 6.3500301 6.3500301 6.3500301 4.8688400 0.0000010 0.0000010 9.0000000 6.2914502 6.2914502 5.4836425 0.0000010 9.0000000 5.5144059 0.0000010 8.9999985 7.6030086 7.6030086 7.6030086 7.4349850 6.3832321 4.4923431 7.6292907 7.4428197 7.4428197 8.9999989 8.9999987 0.0000010 6.6436196 6.6436196 4.6078837 4.9107332 3.5699093 3.5699093 4.1959747 2.9029229 3.7425022 5.6395592 
Spolac_c103034_g2_i1_m.32168c103034-g2NA                0.0000010 2.1935310 0.0000010 0.0000000 0.1159543 0.1159543 0.1412041 0.3460797 0.3460797 0.3678727 0.3678727 0.0000010 0.0000010 1.0413482 0.7485885 0.9121438 0.4987902 0.6327361 1.1482928 1.4220910 2.8676565 1.8533699 0.8894296 1.8613680 1.0944521 0.6703304 1.0046927 0.7338525 1.6516084 0.8637583 1.2521844 1.4255473 0.8782963 1.3753152 1.3796058 1.8769048 1.9783084 2.0810459 2.1850252 2.1966569 1.7476375 2.1305335 1.8414789 1.0577209 1.6422778 1.6157629 1.9749416 2.3484468 2.0325500 2.0325500 2.0728314 1.7854804 1.9691918 1.9149527 9.0000000 2.1359281 2.1595266 0.0000010 1.8294197 2.0134856 2.0460139 1.6014240 1.8102316 2.3714183 2.3911027 1.9520609 2.1179422 1.6493298 2.3312725 2.3761959 2.5843903 2.2118659 2.6801169 0.0000010 2.6168210 2.6168210 2.1301310 1.5507780 2.1727240 2.1275501 2.5647494 2.6525459 2.5430865 2.5430865 2.5430865 4.1309309 2.7682674 2.5422811 1.9924785 2.6149245 2.6119795 2.3964750 2.3225938 2.2121529 2.4764150 2.4764150 2.4764150 3.0636616 3.0604840 3.0604840 2.7547559 2.6904097 2.6904097 2.1589546 2.5074270 5.8801692 2.0375990 2.1425443 3.4334844 5.2111336 4.6166523 0.0000010 4.8794656 4.8794656 4.8794656 4.0543846 0.0000010 0.0000010 0.0000010 
Spolac_c103034_g2_i4_m.32172c103034-g2NA                0.0000010 2.7755393 0.0000010 0.1159543 0.0000000 0.0578593 0.1097324 0.4096125 0.5465372 0.3666420 0.3746811 0.0000010 0.0000010 1.1064241 0.7583586 0.9609587 0.4975651 0.6081488 1.1171167 1.6073174 2.7209060 1.7530126 1.1325351 2.1294596 1.2361939 0.9087475 1.3846963 1.1870476 2.2772276 1.1112131 1.8627976 1.6614455 1.4251166 1.6415921 1.4803917 2.2782603 2.3227148 2.3884510 2.4168879 2.5682265 2.2611316 2.3485691 2.8271212 1.5937183 2.1920643 2.1538144 2.1510298 2.4525055 2.3273834 2.3273834 2.5290880 2.5438548 2.3224157 2.4618472 9.0000000 2.5876172 2.4762812 0.0000010 2.5509696 2.5453152 2.8198666 2.4872552 2.3101131 2.9547522 2.6351160 2.3571398 2.8366349 1.6909491 3.2096085 3.2829876 3.1707606 2.5312729 3.2455241 0.0000010 3.0034315 3.0034315 2.6903522 2.3964370 2.2623012 2.1296129 2.5490402 3.3428686 3.2107816 2.9653625 2.8025833 5.0334517 2.8014108 3.0102626 2.1873125 2.6861585 2.6461197 2.5809685 2.4743013 2.3736872 2.7188698 2.7188698 2.7188698 3.0164729 2.9851284 2.9851284 2.7174312 2.7482693 2.7482693 2.5466860 3.2019115 4.9892506 2.5338814 2.9661492 4.8919813 4.9074867 4.7775221 0.0000010 4.6706245 4.6706245 4.6706245 3.0859173 5.0049203 0.0000010 0.0000010 
Spolac_c103034_g2_i3_m.32170c103034-g2NA                0.0000010 2.7755393 0.0000010 0.1159543 0.0578593 0.0000000 0.2060468 0.5745342 0.7744396 0.5162332 0.5271676 0.0000010 0.0000010 1.1064241 0.7583586 0.9609587 0.4975651 0.6081488 1.1171167 1.6073174 2.7209060 1.7530126 1.2729319 2.1294596 1.1336758 0.9959211 1.4569616 1.2699467 2.2772276 1.1112131 1.8125017 1.6614455 1.6026512 1.8653989 1.5981486 2.5546560 2.6041008 2.5127834 2.6740699 2.7427327 2.4941510 2.2518228 2.8703051 1.6184096 2.1727042 2.0544478 2.2718432 2.5638183 2.4467888 2.4467888 2.4618170 2.5557974 2.3224157 2.4706696 9.0000000 2.7587868 2.7108151 0.0000010 2.4589904 2.3728082 2.6661220 2.4039957 2.3042247 2.9578955 2.6608684 2.3798717 2.7452287 1.6909491 3.1500878 3.4250161 3.2434002 2.6917174 3.4618123 0.0000010 3.1503163 3.1503163 2.5734922 2.5094660 2.2623012 2.4205991 2.8579757 3.3428686 3.2344333 2.9929490 3.0668626 4.7713455 3.0889338 3.0102626 2.4301929 2.9201038 2.9480358 2.8817274 2.8401013 2.7203541 3.0848188 3.0848188 3.0848188 3.3899806 3.3459549 3.3459549 3.0969534 2.7482693 2.7482693 2.5466860 3.2019115 4.9892506 2.7944989 3.0167403 3.8369303 4.9074867 4.7775221 0.0000010 4.6706245 4.6706245 4.6706245 3.0686590 9.0000000 0.0000010 0.0000010 
Spolac_c103034_g2_i2_m.32169c103034-g2NA                0.0000010 2.3190052 0.0000010 0.1412041 0.1097324 0.2060468 0.0000000 0.4009086 0.5314852 0.3790610 0.3892191 1.0680248 0.3162193 0.9694660 0.6859161 0.8880527 0.4881385 0.5740483 0.9949976 1.3963504 2.1718999 1.5121631 1.0761194 1.8305176 1.2398427 0.9114073 1.3553941 1.1474212 1.8097449 1.0404711 1.8337978 1.5355138 1.3907687 1.5896817 1.4188560 2.3934169 2.1974942 2.3552142 2.3081463 2.4790713 2.1645373 2.2636278 2.4405300 1.5524619 2.0595533 2.0160518 2.1278181 2.4022525 2.3681296 2.3681296 2.2060295 2.4629144 1.9436440 2.2278089 9.0000000 2.3303496 2.2384995 0.0000010 2.4277917 2.3873924 2.6813217 2.5154977 2.2920433 2.9757801 2.4571793 2.1951097 2.6590441 1.6580567 3.0761923 2.9407740 3.0088746 2.3493325 3.0422766 0.0000010 2.8100047 2.8100047 2.7545431 2.3935700 2.2623012 2.1349859 2.6035052 3.4417750 3.3171784 3.0583903 2.8929242 5.1110619 2.8120085 3.1023349 2.2000077 2.6472935 2.6443893 2.5447195 2.5471563 2.3985944 2.7797476 2.7797476 2.7797476 2.9058928 2.9315812 2.9315812 2.7994116 2.5666974 2.5666974 2.4158486 3.1439923 4.6087219 2.5689077 2.6686984 3.6239161 2.7700672 3.2417115 0.0000010 3.8650951 3.8650951 3.8650951 2.1522093 5.0049203 0.0000010 0.0000010 
Emue_Em0003g1468a.t1                                    1.6907833 1.5821986 0.0000010 0.3460797 0.4096125 0.5745342 0.4009086 0.0000000 0.0548779 0.1185969 0.1181549 1.3274859 0.3049663 0.8892556 0.7229499 0.7916981 0.5566614 0.7521065 0.8564905 1.2285952 1.6894442 1.4573256 1.0423487 1.3336027 1.4089602 1.1174258 1.3563226 1.1995734 1.4229527 1.0455979 1.7334853 1.4295856 1.3341512 1.5184399 1.4883623 2.1223383 2.0675136 2.0844811 2.2317621 2.3652050 2.1546161 2.4493490 2.6005254 1.7174418 1.9163020 1.9399774 2.1122369 2.0949568 2.0165784 2.0614889 2.3743176 2.2440461 2.0514771 2.0962602 1.2872050 2.2102890 2.1616499 1.4935082 2.0382170 2.0307505 2.3892072 2.2695262 2.1563654 2.4948895 2.3965815 2.1464809 2.3960240 2.2722715 2.6698892 2.7041124 2.4212854 2.2338520 2.5184173 6.3834586 2.6813176 2.6813176 2.3046683 2.5711996 7.3259819 1.9950536 2.2031259 2.6963819 2.6660530 2.5269059 2.4171566 3.0441571 2.6364021 2.7826878 2.0937639 2.4117241 2.3749418 2.3098771 2.3897393 2.3369113 2.4270944 2.4929149 2.4270944 2.3717141 2.3735635 2.3735635 2.2993084 2.0504303 2.0504303 2.0032429 2.2976353 3.1108164 2.3324299 2.3234188 3.4443545 2.7914279 2.4056853 9.0000000 3.1686222 3.1686222 3.1686222 2.1418033 0.9833792 9.0000000 1.4229529 
Emue_Em0003g1478a.t1                                    1.6907833 1.5821986 0.0000010 0.3460797 0.5465372 0.7744396 0.5314852 0.0548779 0.0000000 0.2012386 0.2004578 1.8601208 0.3049663 0.8869410 0.7074285 0.7861646 0.5309830 0.7422992 0.8531013 1.2285952 1.6894442 1.4573256 1.2149080 1.3336027 1.9537046 1.3998679 1.5926289 1.4257988 1.4229527 1.2509510 1.8516820 1.4295856 1.4490785 1.7094586 1.6898894 2.4065014 2.2825962 2.4125622 2.5171035 2.7046414 2.5160072 2.9619913 3.0454278 2.6463201 2.2854661 2.3154777 2.5187495 2.3478466 2.3333828 2.3866041 2.7537504 2.6067896 2.0514771 2.3802597 1.2872050 2.4793944 2.4397112 1.4935082 2.3317062 2.2597946 2.6483409 2.4930437 2.8784816 2.9193920 2.9363024 2.4689863 2.7234871 2.2722715 3.1453853 3.0138211 2.7484196 2.6371219 3.0054956 6.3834586 3.1453351 3.1453351 2.6215265 2.9214418 6.4528608 2.4215133 2.4863209 2.6963819 2.7568688 2.9705542 2.8218966 3.0441571 3.2435619 2.6998156 2.7975113 2.8804969 2.7657191 2.7187727 2.8443019 2.7863630 2.7460498 2.8790618 2.7460498 2.7265846 2.7249485 2.7249485 2.5734714 2.0504303 2.0504303 2.0032429 2.2976353 3.1108164 2.8000179 2.5999260 3.8730544 2.7914279 2.4056853 9.0000000 3.2904237 3.2904237 3.2904237 2.2735431 0.9632743 9.0000000 1.4229529 
Emue_Em0003g1465a.t1                                    2.1444075 2.0928329 3.2796847 0.3678727 0.3666420 0.5162332 0.3790610 0.1185969 0.2012386 0.0000000 0.0076235 0.2148488 0.5044988 0.9353006 0.7918069 0.8685831 0.6554525 0.8814922 0.9108384 1.2952178 1.8188876 1.4783340 1.4289196 1.8992037 1.8428181 1.1922423 1.4517979 1.2750820 1.8838605 1.3092283 1.9572946 1.8133688 1.6612756 1.7495702 1.8307984 2.3303412 2.5359063 2.7663085 2.8852491 2.8663291 2.7915249 2.8397187 2.8532055 1.7969896 2.5071651 2.4922911 2.4587013 2.5077943 2.6039888 2.5148533 2.8963321 2.6809272 2.1876503 3.0925469 3.0060165 2.8357551 2.7953262 4.7854512 2.6528574 2.7180180 2.8900028 2.7779377 2.2253176 2.8372787 3.1188728 2.5260603 2.7352305 2.6710662 2.8736554 3.2499496 3.1362899 2.6861267 2.9688486 2.3071318 3.1053707 3.1590148 2.7245200 2.6711048 2.7042834 2.1714758 3.0057139 3.8260349 3.7810127 3.5625231 3.4382783 3.7648452 2.8616849 3.1106698 2.2202644 3.0578444 2.9200197 2.8571345 2.6756340 2.5715677 2.6378502 2.7712664 3.2400363 3.1911867 3.1485566 3.1485566 3.0510830 3.1661447 3.0453338 3.1260877 3.6402388 4.0412851 2.6658266 2.9401453 3.4778513 3.3988979 3.2034285 3.6278899 3.4553853 3.4784179 3.6406676 2.2682440 1.9470247 3.1481241 5.0699124 
Emue_Em0003g1474a.t1                                    2.2215948 2.1013447 3.8213694 0.3678727 0.3746811 0.5271676 0.3892191 0.1181549 0.2004578 0.0076235 0.0000000 0.1796584 0.4475192 0.8827038 0.7918069 0.8155519 0.6554525 0.9216009 0.8603608 1.2904256 1.8053705 1.4867130 1.3915138 1.7931617 1.8376512 1.2027206 1.4207458 1.2532961 1.8890688 1.2929114 1.9709168 1.8384655 1.6331548 1.7370308 1.8533520 2.3476056 2.4604737 2.7321688 2.9190353 2.7989055 2.8809053 2.8735213 2.8886622 1.7969896 2.4941840 2.4585607 2.4976748 2.4298157 2.5893658 2.5444423 2.8849294 2.6629326 2.1920880 3.1122171 3.0349297 2.7935899 2.7683771 4.8322820 2.6527560 2.7100230 2.8733968 2.8310406 2.2253176 2.7837239 3.0698238 2.5332541 2.7407888 2.6979223 2.9032378 3.1095877 2.9531345 2.6752705 2.9153521 2.2307909 3.0440136 3.0944956 2.6746914 2.6711048 2.1328551 2.1714758 3.0725157 3.8368813 3.7909699 3.5721219 3.4478645 3.7829988 2.8616849 3.1106698 2.2202644 3.2114030 3.0015037 2.9265519 2.6756340 2.5715677 2.6622913 2.8007128 3.3105951 3.2314435 3.2069537 3.2069537 3.0655054 3.2060041 3.0966912 3.2271753 3.6844880 4.0587608 2.6656239 2.9939003 3.4854903 3.4997503 3.2991719 3.2906991 3.2590396 3.5028963 3.6641195 2.4390372 2.2579454 3.1990630 5.5328184 
Emue_Em0003g1466a.t1                                    2.5378376 2.6782108 4.0799356 0.0000010 0.0000010 0.0000010 1.0680248 1.3274859 1.8601208 0.2148488 0.1796584 0.0000000 0.6014749 0.9205708 0.0000010 0.9205708 1.8258704 2.5197530 0.9078730 2.3123777 2.3123777 2.3123777 1.8049852 1.8550930 5.6399605 1.4872868 1.4894824 1.3964731 1.8629130 1.6546313 2.6672460 2.8148464 2.3244071 2.3034999 2.8663521 0.0000010 2.5265594 3.3987912 5.2728204 3.0428008 4.6455702 6.7002575 1.1764206 0.0000010 3.2744380 3.5875532 4.6457424 2.5364499 3.3026291 4.9844173 3.4638649 2.8881057 2.1138601 5.4218908 5.2835416 3.0919965 3.1366424 4.1878431 3.2850916 3.5928026 3.3485857 3.2053141 0.0000010 2.8773551 3.8328648 4.2308642 3.4677656 3.0068669 3.7123382 3.2248541 3.4511476 2.8733628 3.3548247 2.0993639 3.3168461 3.4872381 2.9403483 0.4699109 1.4722035 1.2961438 4.4397072 5.3691538 5.3691538 5.3022925 5.3022925 3.7580151 1.2961438 0.0000010 1.6361261 5.6106669 4.3935341 4.1876431 3.7637418 5.1563899 2.7607868 4.6123816 4.9983276 4.3111048 4.3111048 4.3111048 4.0493065 4.0134167 4.1434166 3.8191039 4.0042669 4.0042669 5.2420197 4.7822488 1.7764289 4.3780372 4.3780372 3.4578652 3.2975889 3.5513973 4.2664488 2.7655877 3.0747636 2.7442537 5.8940553 
Spolac_c103034_g3_i2_m.32174c103034-g2NA                2.3438371 2.0942796 3.7206284 0.0000010 0.0000010 0.0000010 0.3162193 0.3049663 0.3049663 0.5044988 0.4475192 0.6014749 0.0000000 0.6054180 0.0000010 0.6054180 1.6846585 2.3156098 0.5820928 0.4327028 0.4327028 0.4327028 1.5972812 1.6280566 5.0500635 1.6455612 1.3773280 1.3165343 0.6424935 1.2481384 2.0865389 2.1104975 1.7433525 1.6847164 1.9228185 0.0000010 2.6558159 2.8438533 3.3356890 2.8112078 3.5565949 6.2428167 2.4517877 0.0000010 2.8577149 2.7396067 2.8769383 2.3546058 2.9152800 2.7249894 3.0408256 2.7296239 1.1094260 4.4686501 2.7339900 2.8633138 2.9560907 4.6448025 3.0603508 3.1238597 2.9758210 3.2827585 0.0000010 2.7205484 3.4681668 2.6340178 2.9194085 4.3361393 2.9676607 3.3000662 3.3370967 2.9101245 3.2913179 2.3380595 2.8945264 3.0900987 2.7600328 0.0000010 1.4012736 0.0000010 3.6680255 3.8725858 3.8725858 3.8725858 3.8725858 2.7383419 0.0000010 0.0000010 6.4464864 3.6523114 3.5160373 3.4850470 5.2497324 9.0000000 2.1196130 2.2204034 3.7465845 3.6074317 3.6074317 3.6074317 3.3133740 3.3377576 2.7601966 3.2881228 3.5032280 3.5032280 5.7984378 3.1822693 1.5348576 2.8910823 2.8910823 3.7230349 2.7893750 2.5831486 2.7628060 2.0158297 2.0378723 3.6541092 5.2123897 
Spolac_c104853_g1_i2_m.43818c104853-g1NA                2.0757156 1.9081027 3.3862874 1.0413482 1.1064241 1.1064241 0.9694660 0.8892556 0.8869410 0.9353006 0.8827038 0.9205708 0.6054180 0.0000000 0.0000010 0.0956679 0.0730893 0.1441153 0.0527579 0.1936649 0.3420178 0.6363588 1.2504190 1.5472278 1.4278916 0.8117218 1.1809365 1.0184420 1.4690937 1.0565633 1.7775905 1.7209541 1.6381554 1.5663285 1.7810815 2.1986669 2.2849764 2.2853017 2.5744120 2.4973613 2.5929200 2.3311802 2.5988332 1.5330902 2.4479911 2.4096713 2.4759709 2.2371204 2.4713555 2.4394199 2.7224697 2.3267922 1.8741757 3.1878538 2.4343730 2.3422170 2.4062461 4.1550556 2.5611689 2.6023831 2.6127274 2.5344762 1.7546013 2.6641615 3.2054281 2.3981757 2.7493213 2.7314357 3.0133991 2.9660636 2.9525496 2.7460533 3.2699678 1.9740542 2.7332389 2.7750145 2.3733729 1.9805984 1.5020179 1.8450293 3.0436160 3.3676516 3.2506274 3.2184350 3.2184350 3.5698770 3.0645669 2.7332961 2.0396539 3.1101462 3.0846796 3.0284893 2.6638280 2.5224145 2.6139643 3.0627268 3.1602997 3.0608438 3.1004661 3.1004661 3.0422791 3.2134018 2.8712831 3.1012410 2.9474459 3.5010808 2.3824598 2.6403236 2.5470677 2.9354356 3.0003831 3.0612166 3.0909901 3.1555987 3.2969334 0.9072128 0.8694037 3.1242067 5.2255153 
Spolac_c104853_g1_i9_m.43830c104853-g1NA                0.0000010 4.0928287 0.0000010 0.7485885 0.7583586 0.7583586 0.6859161 0.7229499 0.7074285 0.7918069 0.7918069 0.0000010 0.0000010 0.0000010 0.0000000 0.1903816 0.0000010 0.0357714 0.0507114 0.1442655 0.9225785 0.2363383 0.6325660 1.1566075 1.1963182 0.7657509 1.0875049 0.9831798 3.2901848 0.9195563 1.5454559 1.3359412 1.2258690 1.3424363 1.3724806 1.7756028 1.7716301 1.6942156 1.7736748 2.1217649 1.8102492 1.8324787 2.1281396 1.5330902 1.7373054 1.7072458 1.7835734 2.2033011 1.8858993 1.8858993 2.3929933 1.9219835 1.2077730 1.8724430 9.0000000 2.1113806 2.0596021 0.0000010 1.9782337 1.9385363 2.0367827 2.2021760 1.7522513 1.9737479 2.3080402 1.8764223 2.1532113 1.1885056 2.3427110 2.6100409 2.6449326 2.3007818 2.9308312 0.0000010 2.0383845 2.0383845 1.8277555 1.9805984 2.2465791 1.8116040 2.4183434 2.7093250 2.5350149 2.4877595 2.4877595 8.9999984 2.5004449 2.5268256 1.9121515 2.8005822 2.7878617 2.4317676 2.3888970 2.3888970 2.3888970 2.3888970 2.3888970 2.7662172 2.7463144 2.7463144 2.7215855 0.0000010 0.0000010 0.0000010 2.4760771 8.9999984 1.9728188 2.2489128 3.8759642 3.7494191 3.3706668 0.0000010 4.8412689 4.8412689 4.8412689 2.9384101 0.0000010 0.0000010 0.0000010 
Spolac_c104853_g1_i3_m.43821c104853-g1NA                2.0757156 1.9529635 3.3862874 0.9121438 0.9609587 0.9609587 0.8880527 0.7916981 0.7861646 0.8685831 0.8155519 0.9205708 0.6054180 0.0956679 0.1903816 0.0000000 0.0730893 0.2482963 0.0890766 0.3639321 0.7057975 0.4985579 1.2451669 1.5519478 1.4278916 0.8087524 1.2108438 1.0247335 1.2008850 1.0472774 1.6877559 1.6892598 1.5451018 1.5877554 1.7407862 2.1015097 2.2285795 2.2915906 2.5908242 2.3982843 2.5150902 2.3596623 2.2922873 1.5330902 2.3028272 2.4003912 2.3176557 2.1347630 2.5245345 2.5122773 2.6247524 2.4154672 1.7070112 3.1148078 2.4343730 2.3941235 2.4597472 4.1550556 2.5475525 2.5753868 2.5659458 2.5930301 1.7528489 2.5655578 3.0415480 2.2746245 2.5670415 2.7134990 2.8189785 2.8370285 2.7563163 2.7459291 3.2529399 1.9740542 2.7474634 2.7905531 2.3629591 1.9805984 1.5020179 1.8403472 2.8562785 3.1544402 3.0580447 3.0305160 3.0305160 3.1983091 2.7025646 2.5667455 2.0354246 2.9690796 2.9552974 2.9461827 2.7400340 2.6586602 2.5012182 2.9127623 3.0843978 2.9652327 2.9697920 2.9697920 2.8967884 3.0979244 2.7227536 3.0140852 2.8844811 3.3697569 2.3692643 2.5013648 2.5470677 2.9306460 3.1356752 3.0612166 2.9044645 2.8794086 3.0356606 0.8970077 0.8694037 3.1242067 5.2255153 
Spolac_c104853_g1_i11_m.43835c104853-g1NA               0.0000010 5.3364294 8.9999990 0.4987902 0.4975651 0.4975651 0.4881385 0.5566614 0.5309830 0.6554525 0.6554525 1.8258704 1.6846585 0.0730893 0.0000010 0.0730893 0.0000000 0.0000010 0.0730893 0.1054725 2.4218261 0.1310882 0.7930998 2.4849457 1.0789845 0.6738693 0.9207620 0.9255774 3.6914155 0.6901393 1.5292124 1.2071997 1.0437991 1.2966546 1.2528848 1.3705009 1.5343922 1.4176788 1.6399447 1.9045724 1.5082619 1.7269954 1.6949825 1.5330902 1.5513982 1.6370957 1.7152531 1.8856099 1.7636616 1.5121615 1.9646096 1.7340839 1.1477697 1.9580931 9.0000000 2.1084004 2.0526535 4.2949057 1.5876484 1.5576278 1.6306123 2.2933559 1.5830861 1.9384920 1.9325612 1.5829605 1.9298080 1.3229110 1.9700302 2.1663535 2.2182405 1.9274724 2.3994828 0.0000010 1.8526023 1.8526023 1.8041879 1.9805984 2.2465791 1.6731756 1.9703233 2.1952828 2.1636548 2.1419355 2.1419355 2.8032349 1.8451269 1.8557407 1.7716388 2.1659297 2.1659297 2.0967969 1.7431703 1.7431703 1.8073950 1.8073950 2.0664739 2.3755672 2.3755672 2.3755672 2.1328586 6.2962139 1.9704691 6.2962139 4.4696082 6.3952458 1.7781076 1.5321236 3.5861668 4.9572967 5.4844102 2.7574886 3.0009105 3.0009105 3.0009105 2.2497600 1.1442350 9.0000000 4.8417667 
Spolac_c104853_g1_i1_m.43816c104853-g1NA                6.5372192 2.4788976 6.3486266 0.6327361 0.6081488 0.6081488 0.5740483 0.7521065 0.7422992 0.8814922 0.9216009 2.5197530 2.3156098 0.1441153 0.0357714 0.2482963 0.0000010 0.0000000 0.1500829 0.1732906 0.4904694 0.5894011 0.8235367 1.2571654 1.0879656 0.6828164 1.0862236 1.0622476 0.9385255 0.8848155 1.5522619 1.3809474 1.3576154 1.4831986 1.4587629 1.5586528 1.8712300 1.9420846 1.9987715 2.2624985 1.8312470 1.8486167 2.1153304 1.5330902 1.9907989 1.9229362 1.9612452 2.2427282 2.0989286 1.9852977 2.4423678 2.1557741 1.4192763 2.1048818 5.9536791 2.4339995 2.3743810 4.6734215 2.1710811 2.1826873 2.1334941 2.3690386 1.7546013 2.3171866 2.4314755 2.0927546 2.2728115 1.8588835 2.1995056 2.7604433 2.4561290 2.4223359 2.9953904 9.0000000 2.3240380 2.3240380 1.9339893 1.9805984 6.8101538 1.8450293 2.5130942 2.6904282 2.5741984 2.5393115 2.5393115 4.1232418 2.4453045 2.4659883 1.9694155 2.8578683 2.8489294 2.7266263 2.2648875 2.2648875 2.4501239 2.2128619 2.5785956 2.8188327 2.8382022 2.8382022 2.7315574 4.3721857 4.6188762 4.9720798 5.7829627 8.9382546 1.8783254 2.1892261 4.0103958 4.0288265 3.9119145 8.9999982 3.5243532 3.1278943 3.1278943 3.1922131 4.0032215 3.8885424 5.9175107 
Spolac_c104853_g1_i6_m.43825c104853-g1NA                2.0757156 1.8901275 3.3862874 1.1482928 1.1171167 1.1171167 0.9949976 0.8564905 0.8531013 0.9108384 0.8603608 0.9078730 0.5820928 0.0527579 0.0507114 0.0890766 0.0730893 0.1500829 0.0000000 0.0422537 0.0853829 0.6330456 1.2805634 1.5938199 1.4278916 0.8109192 1.1857219 1.0002768 1.2886339 1.0056717 1.7304414 1.6646025 1.5805262 1.4914429 1.7209279 2.0620426 2.2209389 2.2046475 2.6043139 2.4492487 2.4781700 2.3311802 2.4937261 1.5330902 2.3429622 2.3792476 2.4287534 2.2306676 2.4250745 2.3742781 2.7312940 2.2807501 1.9142950 3.2247943 2.4191667 2.3074363 2.3704898 4.1550556 2.5658220 2.6067416 2.6456481 2.4977054 1.7546013 2.6312468 3.1152114 2.4023964 2.7265556 2.7578558 3.0805576 2.9155761 2.8245675 2.6651295 3.1981583 1.8757434 2.6828221 2.7206192 2.3634493 1.9805984 1.4143763 1.8450293 2.9441455 3.2749752 3.1671858 3.1370839 3.1370839 3.4066795 2.9488645 2.6672690 2.0396539 3.0340449 3.0027867 2.9380227 2.6312464 2.5589613 2.5198769 2.9314139 3.0902943 3.0453859 3.0423664 3.0423664 2.9437447 3.0610775 2.6982334 2.9619531 2.8404907 3.3453011 2.4112954 2.5698066 2.5402282 2.9405711 2.9797575 2.9162271 2.9709795 3.0952256 3.2508556 0.8779472 0.8495754 3.1087874 5.0381826 
Spolac_c104853_g1_i12_m.43836c104853-g1NA               0.0000010 2.0774539 0.0000010 1.4220910 1.6073174 1.6073174 1.3963504 1.2285952 1.2285952 1.2952178 1.2904256 2.3123777 0.4327028 0.1936649 0.1442655 0.3639321 0.1054725 0.1732906 0.0422537 0.0000000 0.0639899 0.3387691 1.0537346 2.0538816 1.0178952 0.6141410 1.3069955 0.8980080 1.8539599 0.9951845 1.5252592 1.5466121 1.6239436 1.3668037 1.6379844 2.1021499 1.9659992 1.8987434 2.0120776 2.1106805 2.0206034 2.0324695 2.3934406 1.3847410 1.7804887 1.8394329 2.1129941 2.2129321 2.0863697 2.0863697 2.8581256 1.8404874 1.8514133 2.1198012 1.0603643 1.7120747 1.7332728 0.0000010 2.3169485 2.1942670 2.1788050 2.1568075 1.5119496 2.2157777 2.4817752 2.1719129 2.1621983 1.4795749 2.4605539 2.3450063 2.3081314 2.0432265 3.1067866 5.7183703 2.1451317 2.1451317 2.2796463 1.8614135 3.2619052 1.8093223 2.6588374 2.6967870 2.6424384 2.6424384 2.6424384 4.1849196 2.8527369 2.4398148 1.7494134 2.6601496 2.6517198 2.4599183 2.5491498 2.4295923 2.6718813 2.8953091 2.6718813 2.5603289 2.5477689 2.5477689 2.6426233 2.2177150 2.2177150 2.2177150 2.0892477 3.9998738 2.1524327 2.2163581 2.0387466 2.3533831 2.4085972 0.0000010 3.8318903 3.8318903 3.8318903 0.5919244 5.7351811 0.0000010 0.0000010 
Spolac_c104853_g1_i10_m.43832c104853-g1NA               0.0000010 1.6530532 0.0000010 2.8676565 2.7209060 2.7209060 2.1718999 1.6894442 1.6894442 1.8188876 1.8053705 2.3123777 0.4327028 0.3420178 0.9225785 0.7057975 2.4218261 0.4904694 0.0853829 0.0639899 0.0000000 1.6383777 1.5890217 1.5417804 1.8706860 1.1900119 1.9234267 1.2014815 1.2886339 1.3120716 1.7810296 1.8654089 2.2072238 1.7738812 2.1008114 3.4030607 2.6670771 2.6706603 2.7054149 2.9071226 2.7156426 2.8496077 3.0689033 0.9978915 2.4693887 2.4794875 3.2513659 2.8670300 2.8661092 2.8661092 3.5362189 2.5595540 3.3013810 2.7320426 0.9119444 1.8601691 1.9154741 0.0000010 3.5935193 3.2460016 3.2011635 2.5176274 2.5080994 3.1605598 3.6077415 3.2719338 3.2126396 3.1033446 3.7274281 3.2258406 2.9774399 2.9054939 4.2924885 5.7183703 3.0287506 3.0287506 3.2337832 2.2565709 7.0973349 3.2817104 3.7915002 3.7702598 3.7702598 3.7702598 3.7702598 3.4992911 8.8288239 7.1522177 4.0237309 4.0695960 4.0521371 3.8419444 7.1001379 6.5424253 4.1790552 5.0572560 4.1790552 3.6874598 3.6590606 3.6590606 4.0544970 2.1977341 2.1977341 2.1298492 1.9810302 3.5642624 3.5601082 3.2482666 1.7810862 2.0432833 2.1254663 0.0000010 3.4030964 3.4030964 3.4030964 0.1909486 5.7351811 0.0000010 0.0000010 
Spolac_c104853_g1_i5_m.43824c104853-g1NA                0.0000010 2.5623924 0.0000010 1.8533699 1.7530126 1.7530126 1.5121631 1.4573256 1.4573256 1.4783340 1.4867130 2.3123777 0.4327028 0.6363588 0.2363383 0.4985579 0.1310882 0.5894011 0.6330456 0.3387691 1.6383777 0.0000000 1.3789447 2.7217392 1.4843083 1.1018266 1.3300687 1.2636187 2.1866720 1.1271967 1.7530373 1.6409841 1.5673759 1.6825723 1.6771087 2.1942640 2.0375950 2.0826130 2.0850754 2.0449286 2.0210730 2.5911519 2.2798692 1.4310620 1.8237197 1.8913084 2.2943667 2.1160560 2.2655490 2.2655490 2.6664050 1.9171769 2.1750378 2.2371377 1.0603643 2.1371651 2.1802445 0.0000010 2.1462447 2.0651928 2.1867788 2.4990401 2.2678586 2.4126403 2.6021296 2.5527904 2.5247391 2.0905418 2.2621751 2.5276670 2.4393159 2.0590190 3.1187452 5.7183703 2.2169978 2.2169978 2.5048512 1.8074168 3.2619052 2.6820329 2.7264243 2.7729292 2.7527526 2.7527526 2.7527526 4.0089690 2.8679510 2.7611257 2.5902668 2.7877746 2.7922068 2.6701430 2.7654143 2.7242125 2.8267150 3.0650241 2.8267150 2.6057735 2.7326541 2.7326541 2.8287529 2.2765690 2.2765690 2.3562219 2.7157613 3.2029142 2.6515752 2.2530350 2.4914226 2.4377151 3.3890212 0.0000010 3.2542843 3.2542843 3.2542843 0.6470343 5.7351811 0.0000010 0.0000010 
Spolac_c102776_g1_i2_m.30893c102776-g1                  2.2742517 1.9013687 4.3069699 0.8894296 1.1325351 1.2729319 1.0761194 1.0423487 1.2149080 1.4289196 1.3915138 1.8049852 1.5972812 1.2504190 0.6325660 1.2451669 0.7930998 0.8235367 1.2805634 1.0537346 1.5890217 1.3789447 0.0000000 0.0081859 1.3434263 1.0523447 1.3142033 1.2401056 0.8503352 1.0634683 1.8492346 1.6089991 1.5697399 1.4363636 1.6942458 2.0045337 2.4014811 2.3700184 2.4815807 2.5391882 2.4114133 2.2059993 2.2010277 1.7447274 2.4225502 2.3568937 2.1658759 2.1926673 2.1908400 2.0742194 2.5189949 2.2107104 1.4483761 3.0453972 3.0736691 2.3839796 2.3914791 5.7560076 2.4305625 2.4193293 2.5220696 2.7829514 1.8241704 2.4532157 2.7719700 2.1280673 2.4203852 2.4008510 2.8299635 2.6214233 2.6307205 2.3785263 2.8769827 1.7963190 2.8458050 2.9160565 2.3252556 2.2184899 1.7587573 2.1209836 2.7118862 3.4141701 3.1287394 3.1188317 3.0484101 3.9055191 2.1736715 2.0471901 1.9663590 3.0235974 2.8382959 2.6932918 2.1098769 2.1471567 2.1080741 2.2399030 2.7201482 2.7007327 2.7086700 2.7086700 2.6604319 3.0482137 2.9620363 2.9597648 3.2926094 3.4584275 2.2297158 2.3543623 3.6024938 3.6102477 3.5983760 3.6980537 2.7803244 2.8790138 3.1058616 3.3926409 3.9140259 4.1559279 5.7486447 
Spolac_c102776_g1_i1_m.30891c102776-g1                  2.5274571 1.9392600 4.6407069 1.8613680 2.1294596 2.1294596 1.8305176 1.3336027 1.3336027 1.8992037 1.7931617 1.8550930 1.6280566 1.5472278 1.1566075 1.5519478 2.4849457 1.2571654 1.5938199 2.0538816 1.5417804 2.7217392 0.0081859 0.0000000 1.9705328 1.4630459 1.5525115 1.4452912 0.8503352 1.3202445 1.9544691 1.9985685 1.9509229 1.7192523 2.0647874 2.7445439 2.8759499 2.8183718 3.1038868 2.8241959 3.0463352 2.9007853 3.1445475 0.0000010 2.8647725 2.7756331 2.8983865 2.3430406 2.6614273 2.6648570 2.9830292 2.4591157 2.1198055 4.0769998 3.0904038 2.7266573 2.8027442 5.7290428 2.7947469 2.7350155 2.6261606 3.1201116 2.5570011 2.8127784 3.5847072 2.5428074 2.7220546 3.5347158 3.3803376 3.0029353 3.0511439 2.6930110 3.2848577 1.7963190 3.4569140 3.5900076 2.4972445 0.0000010 1.3238196 3.8387707 3.4599820 3.9148009 3.9148009 3.9148009 3.9148009 3.5497838 3.9292057 3.7975854 3.8497541 4.1194043 3.8305734 3.6635336 4.2951842 4.9197200 2.6577329 3.5547731 3.5942522 3.2320604 3.2409388 3.2409388 3.3875128 3.0820775 3.0056468 2.9850206 3.4809203 3.4798433 4.8370240 2.6259119 1.5690459 3.5308380 3.6408357 3.7538780 2.6535761 2.6884580 2.9622061 3.4779471 3.9501188 4.1814279 5.8144170 
Plespi_Pspi_scaffold679_01                              7.1679380 2.5535716 7.8359096 1.0944521 1.2361939 1.1336758 1.2398427 1.4089602 1.9537046 1.8428181 1.8376512 5.6399605 5.0500635 1.4278916 1.1963182 1.4278916 1.0789845 1.0879656 1.4278916 1.0178952 1.8706860 1.4843083 1.3434263 1.9705328 0.0000000 1.0184097 0.9945251 0.9806082 1.3070036 0.9139653 1.3278280 1.0319608 1.1149301 1.2165058 1.1872172 1.0110174 1.2867846 1.3361249 1.3470786 1.2368729 1.2601167 0.9718475 1.1484968 0.8959572 1.3225172 1.3167706 1.3330176 1.2993763 1.4447335 1.2173427 1.2996312 1.4522588 0.9529505 1.5917649 8.4119870 1.7658083 1.7856487 8.6636117 1.4687469 1.4644447 1.5193242 1.6762871 0.9824695 1.4955227 1.4812922 1.3121775 1.4729670 1.1258987 1.1005009 1.3667934 1.4158398 1.7055024 1.9783962 2.7417156 1.5860782 1.6308330 1.3636114 1.7962289 1.1080333 1.7866874 2.2506084 2.4576181 2.1885227 2.1262268 2.1262268 7.0966019 1.6450378 1.6810563 1.5382144 1.9977711 2.1039775 2.0185138 1.6836862 1.7945788 1.8803840 1.7071104 2.1261800 2.1485953 2.1587725 2.1587725 2.3661147 8.9999985 8.9999985 7.8233726 5.3558893 7.2874634 1.3767311 1.4378978 4.7697022 5.4148691 7.7878145 6.9254876 2.5023473 2.4427583 2.4427583 4.2804394 7.3973734 7.2326460 8.9999984 
Stycar_maker-SC_scaffold2304-snap-gene-0.27-mRNA-1      1.5425494 1.2505085 1.5810634 0.6703304 0.9087475 0.9959211 0.9114073 1.1174258 1.3998679 1.1922423 1.2027206 1.4872868 1.6455612 0.8117218 0.7657509 0.8087524 0.6738693 0.6828164 0.8109192 0.6141410 1.1900119 1.1018266 1.0523447 1.4630459 1.0184097 0.0000000 0.4736043 0.4142818 0.3064113 0.2626526 1.3413588 0.9323711 0.8361482 0.8014778 0.9841101 1.3744241 1.7165500 1.7483919 1.7883810 1.7661771 1.5799715 1.6486117 1.4483734 1.3734725 1.6620124 1.6916297 1.7267045 1.7216198 1.6651617 1.5740527 1.8414525 1.7442202 1.1865960 2.0110021 5.6154145 2.1911342 2.2669579 4.3197304 2.0953955 2.0398192 2.1845652 2.1002427 1.4434229 1.9790334 2.0096963 2.0172260 2.2050568 1.8316522 1.9827921 2.2612996 2.4267381 2.0662760 2.1128681 0.0000010 1.8465355 1.8465355 1.9974131 2.0552219 6.9897292 1.8512500 2.1221258 2.5724139 2.3002315 2.1602858 2.1579554 5.2587212 1.7945185 1.8314796 1.5907216 1.9757936 1.9362674 1.7315392 1.7515429 1.8100965 1.8274797 1.7515429 1.9986920 2.2042453 2.2114811 2.2114811 2.0607772 2.7789197 2.7789197 2.6575398 3.1796062 3.6047611 1.7472429 1.8109482 4.0419454 5.0614138 5.2397595 3.8062333 2.7980264 2.7980264 2.7980264 2.4376402 1.5801752 5.1762240 5.2678138 
Tetwil_g1599.t2                                         2.4840744 1.7067811 3.6738707 1.0046927 1.3846963 1.4569616 1.3553941 1.3563226 1.5926289 1.4517979 1.4207458 1.4894824 1.3773280 1.1809365 1.0875049 1.2108438 0.9207620 1.0862236 1.1857219 1.3069955 1.9234267 1.3300687 1.3142033 1.5525115 0.9945251 0.4736043 0.0000000 0.0960965 0.5623229 0.5748250 1.4712336 1.4810617 1.3749494 1.1727130 1.3649739 1.7464643 2.0786070 2.1547085 2.2725354 2.1012483 2.3484617 1.8201769 1.8867927 1.2771120 2.1244526 2.2279350 2.0540297 2.0403273 2.0143060 2.0062652 2.2138582 2.1600255 1.3385340 2.6877382 3.7279117 2.3336417 2.3009830 5.5077762 2.3981047 2.4044650 2.3972673 2.3639800 1.5370355 2.4064238 2.6522673 2.1097570 2.4216836 2.6243384 2.4660238 2.4872038 2.5137076 2.3198243 2.6606159 1.7592188 2.4478042 2.4713647 2.2639054 2.2958334 1.2062873 1.8296008 2.5876047 3.0491234 2.8293496 2.7393861 2.6381362 3.6715047 2.2245084 2.3544000 1.7546973 2.6354607 2.6511656 2.5926267 2.1648766 2.1369916 2.2409200 2.3605277 2.6979433 2.7015559 2.7195200 2.7195200 2.6052195 2.9349391 2.6673902 2.6087422 3.0988458 3.3939123 2.0876211 2.4509219 3.2667430 3.4662422 3.5281341 2.9593934 2.6435938 2.8672290 3.0558954 2.7699497 2.7738765 2.9097683 6.2237775 
Tetwil_g17631.t1                                        2.1335169 1.6265450 3.2991916 0.7338525 1.1870476 1.2699467 1.1474212 1.1995734 1.4257988 1.2750820 1.2532961 1.3964731 1.3165343 1.0184420 0.9831798 1.0247335 0.9255774 1.0622476 1.0002768 0.8980080 1.2014815 1.2636187 1.2401056 1.4452912 0.9806082 0.4142818 0.0960965 0.0000000 0.4263526 0.5354857 1.3782178 1.2907451 1.2292028 1.0691224 1.2489734 1.6690181 1.9613354 2.0581371 2.1217644 2.0805312 2.2537907 1.7772515 1.8224214 1.2745690 1.9933954 2.1159327 1.8258457 1.9294982 1.9332993 1.9043897 2.1097229 2.0748390 1.2156564 2.6146771 3.4630207 2.3560488 2.3192373 5.1133236 2.3354783 2.2807064 2.3150983 2.3354328 1.4768594 2.2782043 2.4529545 2.0024772 2.2751413 2.4622115 2.1600448 2.2398679 2.2364837 2.1570700 2.6837014 1.8011837 2.3631898 2.3829414 2.1819998 2.2757707 1.2794210 1.7918695 2.4657872 2.8228956 2.6279369 2.5482627 2.4527141 3.1693517 2.0759897 2.2105544 1.7226407 2.4791420 2.5144100 2.3920220 2.0935947 2.0168324 2.0505231 2.1696030 2.5262978 2.5863737 2.5908107 2.5908107 2.3872485 2.6504278 2.3290974 2.4879936 2.8962645 3.1936880 2.0426098 2.2365656 3.2241604 3.4463713 3.2906417 2.7454770 2.4133890 2.4442074 2.6858086 2.5466424 2.6033909 3.0225957 6.0997088 
Stycar_maker-SC_scaffold35608-snap-gene-0.4-mRNA-1      0.0000010 1.3483616 0.0000010 1.6516084 2.2772276 2.2772276 1.8097449 1.4229527 1.4229527 1.8838605 1.8890688 1.8629130 0.6424935 1.4690937 3.2901848 1.2008850 3.6914155 0.9385255 1.2886339 1.8539599 1.2886339 2.1866720 0.8503352 0.8503352 1.3070036 0.3064113 0.5623229 0.4263526 0.0000000 0.1468364 1.1059271 1.5054279 1.0871660 1.4225215 1.1824664 2.8087580 2.1160208 2.0601765 2.1859512 2.2212680 2.1139160 2.6167029 1.9426522 0.0000010 1.8415192 2.1381158 2.6888602 2.0981156 1.9289574 1.9289574 2.0234778 2.4675146 2.1333212 1.9071935 0.8812838 1.8910560 1.8676691 0.0000010 2.5185665 2.1618377 2.0170879 2.0463871 2.5796027 2.2965960 2.7827841 2.9860390 2.7198968 2.4494613 2.8337397 3.1272140 2.8701044 2.2394815 2.8565375 4.9011434 2.3366468 2.3366468 2.7957873 0.0000010 0.0000010 2.7564093 2.7762199 2.8861790 2.8861790 2.8861790 2.8861790 2.8861790 4.3405976 5.1113721 2.5214859 3.6801548 3.6579507 3.2982271 4.6749530 4.3220391 3.1915405 3.5453850 3.1915405 3.3957214 3.4383201 3.4383201 3.3454000 1.9614347 1.9614347 1.8851977 2.5417368 3.4402799 6.2858951 3.1707579 1.1524097 1.6245713 2.0712593 0.0000010 1.8906081 1.8906081 1.8906081 0.7174450 6.1306568 0.0000010 0.0000010 
Stycar_maker-SC_scaffold141877-snap-gene-0.10-mRNA-1    1.5570813 1.4310206 2.5935139 0.8637583 1.1112131 1.1112131 1.0404711 1.0455979 1.2509510 1.3092283 1.2929114 1.6546313 1.2481384 1.0565633 0.9195563 1.0472774 0.6901393 0.8848155 1.0056717 0.9951845 1.3120716 1.1271967 1.0634683 1.3202445 0.9139653 0.2626526 0.5748250 0.5354857 0.1468364 0.0000000 1.1628830 1.2719238 1.0949409 1.0140854 1.1436101 1.4845182 1.9113990 1.7461408 1.9128184 2.0140810 1.9146868 1.6431390 1.6224658 1.1546129 1.7928325 1.7627121 1.8440973 1.7241240 1.6690748 1.5495937 1.8988777 1.9430667 1.3881962 2.6947101 2.6980536 2.1122517 2.0891379 4.5971586 2.0634972 2.0777509 1.9512472 2.1270836 1.4898448 1.8812108 2.2148200 1.9804427 2.0867203 2.1926495 1.9848102 2.2593194 2.1518723 1.8718280 2.3922120 1.5300773 2.0327218 2.0888969 1.9610799 1.7994140 0.8350504 1.6235348 2.5081085 2.7789360 2.5559366 2.4717696 2.4717696 3.1047228 1.9098080 2.1473372 1.6320481 2.5466687 2.5540959 2.5262338 1.9221154 1.8409905 1.8664572 1.9901617 2.3540692 2.5811094 2.5891047 2.5891047 2.4036345 2.5609002 2.3104181 2.3323150 2.7894925 2.9826771 1.8734884 2.1116863 2.5782951 2.5216738 2.5237806 2.9806595 2.5389180 2.3893906 2.6192830 2.7163515 2.8204326 3.0881151 5.0913199 
Aque_Aqu2.1.27070_001                                   1.1670954 0.8395624 2.1795553 1.2521844 1.8627976 1.8125017 1.8337978 1.7334853 1.8516820 1.9572946 1.9709168 2.6672460 2.0865389 1.7775905 1.5454559 1.6877559 1.5292124 1.5522619 1.7304414 1.5252592 1.7810296 1.7530373 1.8492346 1.9544691 1.3278280 1.3413588 1.4712336 1.3782178 1.1059271 1.1628830 0.0000000 0.1115086 1.2250778 1.0487087 0.8866613 2.2897100 2.2319189 2.2947412 2.3850714 2.4811187 2.4726974 2.0850304 2.6508181 1.4944452 2.1720456 2.3642833 2.2939224 2.2314905 2.0402717 2.0407886 2.4067628 2.2782987 1.5830172 2.8174817 2.7969435 2.4492312 2.4508886 3.7097952 2.4513652 2.5248260 2.5134429 2.5090388 1.6602068 2.4591235 2.7075521 1.9122318 2.2859584 2.5272693 2.5331211 2.5236600 2.5022977 2.4014374 2.8904832 1.5163025 2.4845117 2.4644936 2.4405106 2.6117593 1.7584400 2.5008175 3.1235336 3.6682004 3.5503556 3.4709664 3.3147916 4.1133057 2.6187663 2.7911710 2.5144692 3.1539132 3.0262705 2.8956108 2.8573820 2.8425404 2.8285060 3.0896856 3.3739835 3.0069648 3.0201206 3.0201206 3.0026176 3.6316361 3.2299431 3.1556810 3.0987541 3.4305851 2.3039895 2.5894141 3.0825244 2.9870647 3.1552138 3.1371951 2.4907975 2.5599911 2.7580201 3.2737533 3.1030168 3.8318194 4.8877327 
Aque_Aqu2.1.27072_001                                   1.1852647 0.9095965 2.1933723 1.4255473 1.6614455 1.6614455 1.5355138 1.4295856 1.4295856 1.8133688 1.8384655 2.8148464 2.1104975 1.7209541 1.3359412 1.6892598 1.2071997 1.3809474 1.6646025 1.5466121 1.8654089 1.6409841 1.6089991 1.9985685 1.0319608 0.9323711 1.4810617 1.2907451 1.5054279 1.2719238 0.1115086 0.0000000 1.2677078 1.0451146 0.8410258 1.7159462 2.1192502 2.0702618 2.2373725 2.1943751 2.2120558 1.9282150 2.1582880 1.0033392 2.1734767 2.2947945 2.1251501 2.1878269 1.9889863 1.9000801 2.3816590 2.2872632 1.6609225 2.8409903 2.7593840 2.3277177 2.3121578 4.3065877 2.0955295 2.2604430 2.2491438 2.3702828 1.2051379 2.2732996 2.6357627 1.8700298 2.2546834 2.5913175 2.0115641 2.5747408 2.4956574 2.4059483 2.8548848 1.3491290 2.3754077 2.3478616 2.3808850 1.8191443 1.4652078 2.1825909 3.2812051 3.7264468 3.6209170 3.6209170 3.6209170 4.2630284 2.8177007 2.6299991 2.1336793 3.2022640 3.1231979 2.9721628 3.0262046 2.8804178 2.8864512 3.3341987 3.6556620 3.1856284 3.1950810 3.1950810 3.3710356 3.7323611 3.3137153 3.2592462 3.2209683 3.7993717 2.3714333 2.2292667 1.8683200 3.0434683 3.2099564 3.1947362 2.4686654 2.4570475 2.6371573 3.2939986 3.0295762 4.3819978 4.9772545 
