67
Spis_XP_022797989_1                                0.0000000 0.1587427 0.2316444 0.4049559 0.5370835 2.1357877 2.4948205 0.4928401 2.2932601 1.7228167 1.3889765 1.6454898 1.7043765 1.8496826 1.5666595 1.1391773 0.9162230 1.9485827 1.2564912 1.2735054 1.3812905 1.3794939 1.7984405 1.0690844 2.6087997 1.4706324 1.5131616 1.4541648 1.3442439 5.7178737 2.2727404 2.0117228 1.8237523 1.7041735 1.8062294 3.9700683 3.9700683 4.9350838 4.9350838 4.9151076 4.9151076 4.9151076 4.9151076 6.4912480 6.2662228 3.6980807 5.9486209 5.6928267 5.5838822 5.8475664 5.5838822 4.0864938 4.6107912 1.7063609 1.8665580 1.1382884 3.5652893 2.4356440 1.9832997 9.0000000 2.5684243 2.0090541 2.1767915 2.3598767 8.9999985 2.6581454 2.5015593 
Spis_XP_022786132_1                                0.1587427 0.0000000 0.0462042 0.2268983 0.3344512 0.4120261 0.4465292 0.4705415 2.0116260 2.0010568 1.0095901 1.1542561 1.8952718 1.4655625 1.9218493 0.8977605 0.8645347 1.5133265 1.6941095 1.3616758 1.3041250 1.5838382 1.5462820 1.6188389 1.9716280 1.8062706 1.4993314 1.3015233 1.2762438 1.4808841 1.9506637 1.6907180 1.6440954 1.3904212 1.5454367 2.5470128 2.5742328 2.5062084 2.5062084 1.8734286 1.8734286 1.7483747 1.7483747 1.9381804 1.9749461 1.9582849 1.7143864 1.8062047 2.1490429 1.8192230 2.1058753 2.2100783 2.1101780 1.8440703 1.7628509 1.7277857 1.3741859 2.2146164 1.8479948 3.9575096 2.8027198 2.6221579 2.6925506 3.0002748 3.9418523 2.2306251 2.2298441 
Pocdam_XM_027193056.1                              0.2316444 0.0462042 0.0000000 0.2164450 0.3022217 0.3847976 0.4111266 0.4630409 2.0056605 1.9992787 1.0299572 1.1440888 1.8605401 1.4395199 1.8844009 0.8974110 0.8482072 1.4993718 1.6968645 1.3363154 1.2755964 1.5797690 1.5344073 1.5562457 1.9272218 1.8107681 1.4785762 1.2547409 1.2391031 1.4188721 1.9043639 1.6333514 1.5689859 1.3784435 1.5168013 2.4895387 2.5160300 2.4988061 2.4988061 1.8471737 1.8471737 1.7236788 1.7236788 1.8762426 1.8683454 1.9636349 1.6270620 1.7344121 2.0710520 1.7449278 2.0268197 2.1636701 2.0834284 1.8269992 1.7104129 1.6752765 1.3402534 2.2110814 1.8944434 3.7429328 2.7753353 2.6297387 2.6647625 2.9876104 3.6988469 2.2096389 2.1515754 
Gasp_gasp1.m3.13677.m1                             0.4049559 0.2268983 0.2164450 0.0000000 0.2819733 0.3465001 0.3746652 0.3961546 2.0170365 1.9487897 1.0108828 1.0927164 1.7989186 1.4078488 1.8561203 0.8711920 0.8716787 1.4586171 1.6069166 1.2729923 1.2415670 1.6291351 1.5477676 1.5305742 1.7588643 1.8131016 1.3974731 1.2817599 1.2362126 1.4984091 2.0462830 1.7236075 1.5953291 1.3054129 1.5153500 2.4803904 2.5069065 2.4745933 2.4745933 1.8515598 1.8515598 1.7268979 1.7268979 1.8432133 1.8443519 1.9084773 1.6128679 1.7979237 2.0752031 1.8107142 2.0309001 2.0725986 2.0314143 1.7667484 1.7769071 1.6760380 1.3311222 2.2410823 1.7890003 3.4093400 2.7988435 2.7753243 2.7570824 3.0387767 4.0122464 2.4660610 2.0282228 
Amil_Amillepora04675-RA                            0.5370835 0.3344512 0.3022217 0.2819733 0.0000000 0.0691222 0.5910823 0.4521582 2.1118551 1.9695920 1.2038892 1.0567590 1.9779965 1.3624406 1.9188147 0.9616567 0.9308356 1.5887666 1.6949134 1.3949440 1.2657161 1.5979372 1.6479611 1.5735208 1.9572221 1.9564053 1.6287099 1.3571836 1.3169082 1.3794198 2.0326487 1.9091955 1.6593217 1.4919346 1.5363145 2.5982945 2.6267813 2.7741173 2.7741173 1.9948674 1.9948674 1.8569292 1.8569292 2.0054638 2.0763822 2.1389779 1.7515101 1.9182399 2.1989533 1.9367170 2.1333280 2.2711704 2.1268987 1.8709378 1.8317415 1.8136262 1.4804493 2.2048881 1.8779797 3.4642043 2.7836066 2.7883092 2.7102750 3.0365408 3.5644190 2.3271657 2.6358516 
Adig_XM_015907092.1                                2.1357877 0.4120261 0.3847976 0.3465001 0.0691222 0.0000000 0.6192787 0.5383375 2.1479453 2.1274962 1.4782226 1.0745532 2.0881199 1.3554793 2.0926248 1.0557134 1.0629639 1.6208010 1.8230071 1.4667610 1.3127797 1.8075638 1.7499170 1.8370972 2.0116914 2.1050629 1.8115735 1.3878255 1.3599950 1.3591563 2.0666511 1.9742371 1.6306646 1.5036766 1.6388685 2.6077089 2.6372744 2.5421277 2.5421277 1.8626649 1.8626649 1.7268717 1.7268717 1.8024244 1.7910818 2.0123677 1.5996323 1.7388337 2.0641262 1.7510896 1.9954110 2.2480677 2.0884128 2.1076361 1.9147552 1.8136262 1.3580907 2.3490132 2.1498415 3.5170061 3.0171674 3.0451108 2.9749443 3.2581984 3.4974934 2.6021774 2.8626187 
Fspp_ffun1.m4.4201.m1                              2.4948205 0.4465292 0.4111266 0.3746652 0.5910823 0.6192787 0.0000000 0.8129769 3.0952128 3.2646482 2.0113483 1.1361322 2.6271638 1.7714830 2.9886622 1.5355008 1.5344539 2.3945893 2.3940469 2.1542630 2.0886602 3.8892204 2.4114673 2.2003792 2.6327774 2.5706153 2.2985602 2.1348514 2.1698380 1.9128876 3.0910985 2.6822766 2.7024204 2.1854094 2.3588983 3.2778174 3.3022016 3.2168722 3.2168722 2.3103717 2.3103717 2.3208741 2.3208741 2.3549617 2.3138516 1.9271359 2.3233204 2.3492755 2.7642581 2.3877189 2.7214961 2.6439064 2.3301113 2.5991897 2.5438188 3.7729730 1.6893187 3.2092792 3.0917448 6.7220355 3.5923279 3.4125604 3.4291291 3.8348421 4.2169500 3.1540988 3.5851155 
Gfas_gfas1.m1.9114.m1                              0.4928401 0.4705415 0.4630409 0.3961546 0.4521582 0.5383375 0.8129769 0.0000000 2.2618151 2.2691979 1.4118837 1.1717827 2.1258011 1.2920230 2.1352919 1.0878131 1.0895647 1.7637318 1.8589370 1.5755039 1.3970815 1.4897534 1.9552279 1.7773678 2.2132689 2.0378371 1.7502344 1.5147594 1.4574149 1.5302605 2.3725939 2.5163955 1.8407873 1.6059881 1.7641239 2.8569174 2.8879458 3.3229316 3.3229316 2.1429806 2.1429806 1.9995923 1.9995923 2.2342378 2.3709656 2.3597725 2.0389388 2.4403724 2.5566683 2.4811195 2.4759616 2.3840089 2.4169035 2.1631844 2.0973060 1.7474392 1.6044981 2.4512909 2.0860127 3.3445321 3.1230198 3.1059643 3.0267487 3.3644976 4.1883685 2.8841061 2.2318479 
Aque_Aqu2.1.26141_001                              2.2932601 2.0116260 2.0056605 2.0170365 2.1118551 2.1479453 3.0952128 2.2618151 0.0000000 1.2786572 0.8564004 0.5928552 1.2589119 0.7045651 1.3954242 1.7612630 1.7339071 1.9532080 2.3833931 1.9782537 2.0476642 2.3104305 2.1107390 2.1059381 2.2275290 2.1864582 1.7468146 1.9053702 1.8090375 1.6706967 2.1256787 2.5932948 2.0452535 2.0529191 2.3212849 2.9086446 2.9517754 3.1921520 3.1921520 2.3107385 2.3107385 2.1532807 2.1532807 2.4220237 2.2668002 2.2657893 2.0178404 2.0713205 2.2557138 2.1589887 2.2119685 2.3630758 2.4284196 2.5770371 2.1750447 2.2697162 2.1461319 2.0937838 2.5233963 3.0454371 2.5630453 2.9875138 3.0430867 3.0644795 4.2480194 3.1613242 2.5274915 
Tetwil_g12838.t2                                   1.7228167 2.0010568 1.9992787 1.9487897 1.9695920 2.1274962 3.2646482 2.2691979 1.2786572 0.0000000 0.8840684 0.4566375 1.0882022 0.4805670 1.3788810 1.8224582 1.8473640 1.9560702 2.1515425 2.0057686 1.9033606 1.7854535 1.8488101 2.0787559 2.1232439 2.1320437 1.6711024 1.9404413 1.8690264 1.1401543 1.8994942 2.0692465 2.2036891 2.0389041 2.1038881 2.6899709 2.7090140 2.5082863 2.5082863 1.9275382 1.9275382 1.7676776 1.7676776 2.0982575 1.8528729 2.5136287 1.6805199 1.8364927 2.2181800 1.8805078 2.1224552 2.3119057 2.3737433 2.5899368 2.1521997 2.6141950 2.2644753 2.3117853 2.7574805 3.4665319 2.7066689 2.7994399 2.6418186 3.0300548 3.3899759 2.7221008 2.1894475 
Spolac_c88507_g1_i1_m.5084c88507-g1                1.3889765 1.0095901 1.0299572 1.0108828 1.2038892 1.4782226 2.0113483 1.4118837 0.8564004 0.8840684 0.0000000 6.7439700 0.2146453 7.3573005 1.0165642 1.1682016 1.2064082 1.3449264 1.1865178 0.9427326 0.9578406 1.1400143 1.2834052 1.1953169 1.2751898 1.5454468 1.1027497 1.1777807 1.0944157 3.5958237 1.6269612 1.4524361 1.1686813 1.2545685 1.3956742 2.0080888 2.0080888 2.2500002 2.2500002 2.3951078 2.3951078 2.3951078 2.3951078 2.5487334 2.5389981 2.2829753 2.3060225 2.1889299 2.3874752 2.1224496 2.3388213 2.3403769 2.4793060 1.5298285 1.5678608 3.7690406 0.8795876 1.7546956 1.4787757 5.7144438 2.1788229 2.5179397 2.5299892 2.8301358 8.9999983 2.0015748 1.8646142 
Spolac_c93153_g2_i1_m.8537c88507-g1                1.6454898 1.1542561 1.1440888 1.0927164 1.0567590 1.0745532 1.1361322 1.1717827 0.5928552 0.4566375 6.7439700 0.0000000 0.1180520 0.4661888 0.7030217 1.0260200 0.9807169 1.0265280 1.3299755 1.4249067 1.3334219 2.6463345 0.9825348 1.4176153 1.2093479 1.1762846 1.0265826 1.3230319 1.2693554 0.8382996 1.0185406 5.4841591 1.4175487 0.9943668 1.2091862 1.8420396 1.8420396 3.6066872 3.6066872 1.3670320 1.3670320 1.3670320 1.3670320 1.8025796 1.1314220 1.3189597 0.9789301 0.8248936 1.4349067 1.0010929 1.4349067 1.5357422 1.4100734 1.2664946 1.1143408 1.3095087 1.4227276 1.0789736 1.0330855 1.8523271 2.0531735 1.9674655 2.0367961 1.9603145 2.0367961 2.3761936 0.0000010 
Emue_Em0021g402a.t1                                1.7043765 1.8952718 1.8605401 1.7989186 1.9779965 2.0881199 2.6271638 2.1258011 1.2589119 1.0882022 0.2146453 0.1180520 0.0000000 0.6661360 1.3374474 1.7603274 1.7512161 1.9668588 2.0811375 1.8709978 1.8459650 1.8842967 2.0096178 2.0711552 2.0490174 2.1211335 1.7632482 1.9349687 1.9524874 1.4014210 2.1575164 2.1549775 2.0148931 1.9298590 2.0235799 2.4471904 2.4542390 2.8204735 2.8204735 2.1198205 2.1198205 2.0326386 2.0326386 2.2986796 2.1648416 2.1377170 1.6804989 1.8763164 2.0339817 1.9528718 1.9915018 2.3972255 2.3134382 2.3430934 2.0620619 2.2199572 2.1598367 2.2577360 2.4171110 3.1747343 2.9308858 3.1254792 3.0021326 3.2423714 3.9505308 2.7592381 2.3066920 
Stycar_maker-SC_scaffold28399-snap-gene-0.5-mRNA-1 1.8496826 1.4655625 1.4395199 1.4078488 1.3624406 1.3554793 1.7714830 1.2920230 0.7045651 0.4805670 7.3573005 0.4661888 0.6661360 0.0000000 0.9008803 1.2438628 1.2592585 1.3731567 1.5286518 1.6128457 1.5854373 3.6321588 1.4560252 1.6065010 1.4781080 1.4327413 1.2122914 1.5611340 1.5779905 0.9427153 1.5164777 4.1928378 1.9621286 1.5190617 1.6129655 2.6304703 2.6578089 1.7795734 1.7795734 1.3485157 1.3485157 1.3485157 1.3485157 2.1115033 1.1643164 2.2421358 1.0632425 0.8901329 1.8669021 0.9843761 1.8283239 2.1198285 2.0032343 1.7986764 1.5268451 1.8667770 1.6143525 1.4523567 1.5575180 2.6337887 1.8810836 1.9763790 1.8753865 1.9859633 1.8753865 2.2888078 0.0000010 
Plespi_Pspi_scaffold16515_01                       1.5666595 1.9218493 1.8844009 1.8561203 1.9188147 2.0926248 2.9886622 2.1352919 1.3954242 1.3788810 1.0165642 0.7030217 1.3374474 0.9008803 0.0000000 1.6176697 1.6861023 1.9657175 2.0113016 1.7424137 1.8011591 1.9693416 1.9075252 1.9074683 2.0962226 2.0523136 1.7627635 1.9140780 1.8599670 1.5070947 1.9126621 2.4844242 2.0086797 1.9718061 2.0731033 2.6924489 2.7306996 2.6282847 2.6282847 2.0298015 2.0298015 1.8790640 1.8790640 2.0706712 1.9490447 2.3172913 1.7702577 1.9095068 2.1123749 1.9564808 2.0559204 2.3306137 2.3316719 2.3109827 1.9742291 2.5917640 2.2963167 2.0713726 2.2804342 3.9083049 2.8187304 2.9617926 2.6943703 3.2212826 3.9155031 2.8490739 2.4345460 
Nvec_v1g97030                                      1.1391773 0.8977605 0.8974110 0.8711920 0.9616567 1.0557134 1.5355008 1.0878131 1.7612630 1.8224582 1.1682016 1.0260200 1.7603274 1.2438628 1.6176697 0.0000000 0.4042194 1.4888690 1.7237711 1.3879978 1.3799619 1.5875578 1.5795588 1.6680623 1.7772622 1.6773140 1.5281656 1.2867808 1.3505810 1.4406467 2.0061952 1.4389991 1.5270590 1.4485204 1.5133420 2.4661918 2.4924811 2.2562023 2.2562023 1.7413220 1.7413220 1.6242740 1.6242740 1.8327274 1.8312862 1.9751211 1.4439410 1.5042614 1.8755077 1.5156025 1.8302391 2.0613768 1.8772511 2.0001638 1.7135418 2.1091699 1.4527800 2.0969753 2.0928660 3.2151551 2.6084743 2.5395834 2.6765424 2.9907846 3.5679136 2.2400842 2.4130911 
Exapal_XM_021050901.2                              0.9162230 0.8645347 0.8482072 0.8716787 0.9308356 1.0629639 1.5344539 1.0895647 1.7339071 1.8473640 1.2064082 0.9807169 1.7512161 1.2592585 1.6861023 0.4042194 0.0000000 1.3565967 1.5618271 1.3588561 1.3349746 1.4992747 1.5101200 1.5813463 1.5380883 1.7746067 1.5257426 1.3199718 1.3614287 1.4030522 1.9184709 1.5314922 1.5406682 1.3903628 1.7547666 2.3909889 2.4254000 2.2273387 2.2273387 1.6894353 1.6894353 1.5742787 1.5742787 1.8465341 1.7962963 2.0253417 1.5608550 1.7216700 2.0343137 1.7420030 1.9951138 2.0756714 1.9446662 1.8906710 1.6682998 1.9573331 1.5565492 1.9939879 1.8969677 3.3467754 2.8416231 2.8525815 2.8629872 3.1678437 3.7256711 2.2298078 2.1907432 
Skow_XM_002740282.2                                1.9485827 1.5133265 1.4993718 1.4586171 1.5887666 1.6208010 2.3945893 1.7637318 1.9532080 1.9560702 1.3449264 1.0265280 1.9668588 1.3731567 1.9657175 1.4888690 1.3565967 0.0000000 1.6641175 1.5495873 1.4577788 2.0341806 1.5780333 1.5124292 1.4910640 1.6097583 1.2656633 1.5374953 1.6031038 1.3345903 2.2386350 1.9366626 1.7508941 1.8215768 1.1920011 2.3698517 2.3815737 2.0493951 2.0493951 1.7258559 1.7258559 1.6295056 1.6295056 1.7844344 1.6248542 2.1131275 1.6387035 1.7509826 2.1568269 1.7724939 2.0687811 2.2030735 1.8751392 1.9736817 1.5617479 1.9491841 1.4897750 2.0426943 1.9387651 3.6281460 2.5478180 2.5855295 2.5228222 2.8109411 3.4917668 2.1436627 2.4562369 
Aaur_scaffold1147.g3.t1                            1.2564912 1.6941095 1.6968645 1.6069166 1.6949134 1.8230071 2.3940469 1.8589370 2.3833931 2.1515425 1.1865178 1.3299755 2.0811375 1.5286518 2.0113016 1.7237711 1.5618271 1.6641175 0.0000000 0.5260344 0.4778814 1.5932981 1.8860809 1.7598685 2.0191391 2.0382333 1.8703174 1.6404285 1.7182631 1.5268755 2.2168275 1.8664647 1.3136404 1.1807898 1.7779616 2.9679562 2.9748919 2.8780842 2.8780842 2.1215983 2.1215983 2.1429191 2.1429191 1.9483938 1.9004146 2.2071092 2.0883330 2.2145920 2.3919913 2.3230791 2.3824726 2.4128396 2.0664992 2.3002262 2.0863910 1.3699798 0.4015519 2.3688334 2.6654576 2.6742352 2.8535232 2.7945211 2.5620752 2.8129771 3.3422918 2.7076756 3.0682568 
Nemnom_g8510.t1                                    1.2735054 1.3616758 1.3363154 1.2729923 1.3949440 1.4667610 2.1542630 1.5755039 1.9782537 2.0057686 0.9427326 1.4249067 1.8709978 1.6128457 1.7424137 1.3879978 1.3588561 1.5495873 0.5260344 0.0000000 0.1966265 0.7382497 1.7550431 1.5834644 1.8031225 1.8095891 1.7401209 1.3994601 1.4974852 1.4956821 2.0106051 1.4290286 1.0701839 0.9871186 1.5259375 2.6316680 2.6301035 2.4128355 2.4128355 1.8514088 1.8514088 1.7274273 1.7274273 1.8134482 1.7278028 2.1588985 1.7204207 1.7739444 2.1102957 1.8118543 2.0633298 2.0971416 2.1051491 2.2370163 1.8007929 1.4186162 0.5419827 2.0397935 2.2644153 2.6247667 2.5491354 2.4644028 2.5446275 2.6551178 3.1535357 2.5592548 2.9621409 
Rhoesc_Res_002276-T1                               1.3812905 1.3041250 1.2755964 1.2415670 1.2657161 1.3127797 2.0886602 1.3970815 2.0476642 1.9033606 0.9578406 1.3334219 1.8459650 1.5854373 1.8011591 1.3799619 1.3349746 1.4577788 0.4778814 0.1966265 0.0000000 0.4449415 1.6411708 1.5387357 1.7987681 1.7979589 1.6703430 1.4241990 1.5107805 1.4751035 1.9294005 1.3871285 1.0753352 0.9542809 1.4814477 2.5835550 2.5820822 2.3279880 2.3279880 1.8536480 1.8536480 1.7299701 1.7299701 1.7964436 1.6955950 2.2362853 1.7215065 1.8074613 2.1389626 1.8469668 2.0925741 2.1121079 2.0464028 2.1708930 1.7201516 1.3608750 0.4804439 1.9964380 2.1747233 2.6025079 2.5404302 2.4542973 2.4205284 2.5464096 2.9549300 2.4324541 2.7195493 
Rhoesc_Res_011858-T1                               1.3794939 1.5838382 1.5797690 1.6291351 1.5979372 1.8075638 3.8892204 1.4897534 2.3104305 1.7854535 1.1400143 2.6463345 1.8842967 3.6321588 1.9693416 1.5875578 1.4992747 2.0341806 1.5932981 0.7382497 0.4449415 0.0000000 2.4522733 1.9160157 2.8548005 2.0914826 2.3354154 1.8555271 1.8314844 2.9834187 2.0036267 1.4695002 1.5649048 1.7748805 1.9297349 3.6068907 3.6607599 2.7866042 2.7866042 3.4844413 3.4844413 3.0544769 3.0544769 3.1998658 2.7802851 4.6633569 3.0090174 2.6636592 3.1319224 2.5430822 3.0486232 3.0644795 4.0016006 3.0690852 2.1539900 4.0581272 2.2196615 2.9677009 2.8454651 9.0000000 3.7505989 3.5337038 3.2636077 3.8070187 6.1941227 2.7847586 2.8911802 
Tcas_TC030744_001                                  1.7984405 1.5462820 1.5344073 1.5477676 1.6479611 1.7499170 2.4114673 1.9552279 2.1107390 1.8488101 1.2834052 0.9825348 2.0096178 1.4560252 1.9075252 1.5795588 1.5101200 1.5780333 1.8860809 1.7550431 1.6411708 2.4522733 0.0000000 1.6712574 1.6417480 1.6465252 1.5191738 1.7399683 1.6702682 1.5760634 1.8816395 2.0264926 1.8822329 1.7495594 1.3721453 2.6624219 2.6946686 2.3969687 2.3969687 1.8659415 1.8659415 1.7995811 1.7995811 2.0208546 1.8972022 2.1186578 1.6415130 1.7132151 2.1133062 1.7559847 2.0857554 2.4285145 2.2490085 1.6144919 1.7077730 2.6536988 1.7068506 2.2148612 1.7796838 2.9574374 2.6195036 2.7104374 2.5698956 2.8986465 3.2635777 2.4686163 3.0363474 
Cgig_XM_011435609.3                                1.0690844 1.6188389 1.5562457 1.5305742 1.5735208 1.8370972 2.2003792 1.7773678 2.1059381 2.0787559 1.1953169 1.4176153 2.0711552 1.6065010 1.9074683 1.6680623 1.5813463 1.5124292 1.7598685 1.5834644 1.5387357 1.9160157 1.6712574 0.0000000 0.9943209 1.2719974 1.4752355 1.5862775 1.5789469 1.8992046 2.2332005 2.0664225 1.7584028 1.7945174 1.7937356 2.6247298 2.6554822 2.2691867 2.2691867 1.9429566 1.9429566 1.8038170 1.8038170 2.1035920 1.9638766 1.9766382 1.6179175 1.6353153 1.9901003 1.6819435 1.9769898 2.1665628 2.2822565 1.7956724 1.9275690 2.5302532 1.6366907 2.6230217 1.9583535 3.6499255 2.5877216 2.7455946 2.5134527 2.8296536 3.1995111 2.3845460 2.7792732 
Acagra_model.g6952.t1                              2.6087997 1.9716280 1.9272218 1.7588643 1.9572221 2.0116914 2.6327774 2.2132689 2.2275290 2.1232439 1.2751898 1.2093479 2.0490174 1.4781080 2.0962226 1.7772622 1.5380883 1.4910640 2.0191391 1.8031225 1.7987681 2.8548005 1.6417480 0.9943209 0.0000000 1.3951436 1.5659184 1.8046952 1.7094500 1.5714843 2.2800416 2.2065699 1.8215068 1.8721283 1.9590951 2.6443904 2.6301429 1.9939035 1.9939035 1.7242504 1.7242504 1.6282353 1.6282353 1.8559423 1.6506482 2.1407436 1.5871638 1.6299226 2.0700023 1.6712551 2.0241844 2.4736423 2.1145913 1.8298354 1.8053020 2.7962028 1.7463676 2.2488609 2.0657534 4.3274196 2.6896384 2.7922791 2.5949509 2.9381368 3.1443865 2.7610329 2.6443531 
Ctel_gnl_WGS_AMQN_CAPTEDRAFT_mRNA226192            1.4706324 1.8062706 1.8107681 1.8131016 1.9564053 2.1050629 2.5706153 2.0378371 2.1864582 2.1320437 1.5454468 1.1762846 2.1211335 1.4327413 2.0523136 1.6773140 1.7746067 1.6097583 2.0382333 1.8095891 1.7979589 2.0914826 1.6465252 1.2719974 1.3951436 0.0000000 1.6809695 1.6587585 1.7365060 1.6428278 2.0357357 1.8597136 1.9370021 1.8739817 1.7983246 2.9452462 2.8942457 2.4187152 2.4187152 2.1185234 2.1185234 1.9821592 1.9821592 2.2049239 2.0003250 2.2973437 1.7029890 1.8043734 2.2462469 1.8447233 2.1893648 2.3311476 2.4210667 1.9067050 1.7783817 3.1521181 1.8834286 2.3377350 2.4568890 3.5853733 2.4511175 2.6180774 2.4230828 2.7098177 3.0170215 2.5439590 2.2926605 
Bralan_BLAG18000449_1                              1.5131616 1.4993314 1.4785762 1.3974731 1.6287099 1.8115735 2.2985602 1.7502344 1.7468146 1.6711024 1.1027497 1.0265826 1.7632482 1.2122914 1.7627635 1.5281656 1.5257426 1.2656633 1.8703174 1.7401209 1.6703430 2.3354154 1.5191738 1.4752355 1.5659184 1.6809695 0.0000000 1.4312767 1.3795983 1.3939231 1.7915997 2.2547635 1.8215622 1.7361022 1.4278402 2.4105180 2.4472076 2.1261184 2.1261184 1.7150625 1.7150625 1.5921123 1.5921123 1.7880530 1.6882204 1.9539060 1.6046271 1.7117094 1.9971296 1.7464698 1.9476758 2.0783383 1.8665395 1.7533679 1.5457515 1.9643927 1.6091515 1.8963187 1.9932856 2.4770815 2.1870837 2.4021497 2.2744586 2.3509414 3.2321653 2.2982286 1.9088719 
Dgig_XM_028553379.1                                1.4541648 1.3015233 1.2547409 1.2817599 1.3571836 1.3878255 2.1348514 1.5147594 1.9053702 1.9404413 1.1777807 1.3230319 1.9349687 1.5611340 1.9140780 1.2867808 1.3199718 1.5374953 1.6404285 1.3994601 1.4241990 1.8555271 1.7399683 1.5862775 1.8046952 1.6587585 1.4312767 0.0000000 0.2737529 1.2385812 2.0088310 1.8081822 1.4387456 1.4413279 1.7966272 2.4075533 2.4028089 2.4544611 2.4544611 1.8140445 1.8140445 1.6962269 1.6962269 1.8942586 1.8487618 2.0063115 1.5668530 1.6247674 1.9793719 1.6874567 1.9768320 2.1275950 2.2073788 2.1721273 1.7265836 1.3350126 1.3756547 2.2464172 2.0291928 3.0636299 2.5571799 2.4858337 2.4701017 2.6609516 3.0466514 2.3662775 2.0861552 
Xesp_008369-T1                                     1.3442439 1.2762438 1.2391031 1.2362126 1.3169082 1.3599950 2.1698380 1.4574149 1.8090375 1.8690264 1.0944157 1.2693554 1.9524874 1.5779905 1.8599670 1.3505810 1.3614287 1.6031038 1.7182631 1.4974852 1.5107805 1.8314844 1.6702682 1.5789469 1.7094500 1.7365060 1.3795983 0.2737529 0.0000000 1.2764253 1.9153746 1.8747345 1.5053460 1.4856662 1.8219294 2.3901500 2.3854193 2.3459521 2.3459521 1.7455724 1.7455724 1.6282187 1.6282187 1.8415721 1.7852059 2.0157105 1.5216513 1.5530512 1.9761292 1.6108584 1.9552309 2.1585284 2.1921063 2.1578110 1.6828055 1.4458132 1.3903080 2.2876395 2.0518922 3.0529588 2.5497950 2.4640263 2.5269803 2.6940488 3.2408024 2.4544368 1.8477946 
Opea_EP00118_Oscarella_pearsei_P010070             5.7178737 1.4808841 1.4188721 1.4984091 1.3794198 1.3591563 1.9128876 1.5302605 1.6706967 1.1401543 3.5958237 0.8382996 1.4014210 0.9427153 1.5070947 1.4406467 1.4030522 1.3345903 1.5268755 1.4956821 1.4751035 2.9834187 1.5760634 1.8992046 1.5714843 1.6428278 1.3939231 1.2385812 1.2764253 0.0000000 0.2871327 4.6039192 1.5433467 1.3260316 1.2569372 2.5850113 2.5850113 3.0733680 3.0733680 1.7876337 1.7876337 1.7876337 1.7876337 1.9970243 2.0459673 1.6767819 1.6329622 1.8194259 1.9564782 1.9671988 1.9564782 2.0608898 1.5340659 1.8216277 1.4027340 1.4255433 1.3368304 1.7868996 1.7189098 1.7863341 1.8661005 1.9696943 1.9384277 2.0529639 1.8072634 2.5463807 8.1863434 
Opea_EP00118_Oscarella_pearsei_P010071             2.2727404 1.9506637 1.9043639 2.0462830 2.0326487 2.0666511 3.0910985 2.3725939 2.1256787 1.8994942 1.6269612 1.0185406 2.1575164 1.5164777 1.9126621 2.0061952 1.9184709 2.2386350 2.2168275 2.0106051 1.9294005 2.0036267 1.8816395 2.2332005 2.2800416 2.0357357 1.7915997 2.0088310 1.9153746 0.2871327 0.0000000 2.1091921 2.2683441 1.9893966 1.9941871 2.5560098 2.5625031 2.7049121 2.7049121 2.0883176 2.0883176 1.9323402 1.9323402 2.1122775 2.0521941 2.2790339 1.9056816 2.0151963 2.3543504 2.0651232 2.2570651 2.4833803 2.4825160 2.2734875 2.1594429 3.0001799 2.3352649 2.1694636 2.5956898 3.4734577 2.8145507 2.7882607 2.6291472 3.1097380 3.3424426 2.4378838 1.9970728 
Hvul_g5911_1                                       2.0117228 1.6907180 1.6333514 1.7236075 1.9091955 1.9742371 2.6822766 2.5163955 2.5932948 2.0692465 1.4524361 5.4841591 2.1549775 4.1928378 2.4844242 1.4389991 1.5314922 1.9366626 1.8664647 1.4290286 1.3871285 1.4695002 2.0264926 2.0664225 2.2065699 1.8597136 2.2547635 1.8081822 1.8747345 4.6039192 2.1091921 0.0000000 0.9121363 1.4937656 1.9906917 2.6483385 2.5898058 2.8407652 2.8407652 2.8407652 2.8407652 2.5430161 2.5430161 2.3660439 2.3660439 2.3554960 2.2475661 2.3085501 2.3085501 2.3085501 2.3085501 2.3283527 2.8752511 2.1919081 2.3409482 0.0000010 1.1609697 2.6776938 2.6913719 0.0000010 2.9398081 2.8277008 3.1328713 2.8517806 4.9486357 3.0949614 2.2399430 
Chem_TCONS_00055574                                1.8237523 1.6440954 1.5689859 1.5953291 1.6593217 1.6306646 2.7024204 1.8407873 2.0452535 2.2036891 1.1686813 1.4175487 2.0148931 1.9621286 2.0086797 1.5270590 1.5406682 1.7508941 1.3136404 1.0701839 1.0753352 1.5649048 1.8822329 1.7584028 1.8215068 1.9370021 1.8215622 1.4387456 1.5053460 1.5433467 2.2683441 0.9121363 0.0000000 1.3014901 1.7693800 2.7059548 2.7298136 2.6106201 2.6106201 1.9477535 1.9477535 1.8202655 1.8202655 1.9372060 1.8897515 2.3170419 1.6697606 1.7608108 2.0390045 1.8049672 2.0665071 2.3185262 2.2319321 2.1759240 1.9597916 0.9165175 1.1558745 2.1748397 2.2282848 2.9314594 2.5414298 2.5651889 2.5544258 2.6084619 3.0692898 2.4750074 2.7485754 
Morvir_scaffold647.g2.t1                           1.7041735 1.3904212 1.3784435 1.3054129 1.4919346 1.5036766 2.1854094 1.6059881 2.0529191 2.0389041 1.2545685 0.9943668 1.9298590 1.5190617 1.9718061 1.4485204 1.3903628 1.8215768 1.1807898 0.9871186 0.9542809 1.7748805 1.7495594 1.7945174 1.8721283 1.8739817 1.7361022 1.4413279 1.4856662 1.3260316 1.9893966 1.4937656 1.3014901 0.0000000 1.7821161 2.5465445 2.5616394 2.1864949 2.1864949 1.7467062 1.7467062 1.6305909 1.6305909 1.9260949 1.8315173 2.0119169 1.4656444 1.5698580 1.9552257 1.5748112 1.8933173 2.1522407 2.3791750 1.9777972 1.9815011 1.4349240 0.9247672 2.3614592 2.1698560 3.2008465 2.5926400 2.4892769 2.4539667 2.6259010 3.2851804 2.0918953 2.2600557 
Spur_XM_030988405.1                                1.8062294 1.5454367 1.5168013 1.5153500 1.5363145 1.6388685 2.3588983 1.7641239 2.3212849 2.1038881 1.3956742 1.2091862 2.0235799 1.6129655 2.0731033 1.5133420 1.7547666 1.1920011 1.7779616 1.5259375 1.4814477 1.9297349 1.3721453 1.7937356 1.9590951 1.7983246 1.4278402 1.7966272 1.8219294 1.2569372 1.9941871 1.9906917 1.7693800 1.7821161 0.0000000 2.5312458 2.5396192 2.3246328 2.3246328 1.9171542 1.9171542 1.7783842 1.7783842 1.8367599 1.7365990 2.1322407 1.7256089 1.7076588 2.0598622 1.7573888 2.0347270 2.1169632 2.0937923 1.9768497 1.7538430 2.4929874 1.4471139 1.9740196 2.2033091 3.1066452 2.3996029 2.3999467 2.4406121 2.7257626 3.1558973 2.4411207 2.7918779 
Pbac_sb2653982                                     3.9700683 2.5470128 2.4895387 2.4803904 2.5982945 2.6077089 3.2778174 2.8569174 2.9086446 2.6899709 2.0080888 1.8420396 2.4471904 2.6304703 2.6924489 2.4661918 2.3909889 2.3698517 2.9679562 2.6316680 2.5835550 3.6068907 2.6624219 2.6247298 2.6443904 2.9452462 2.4105180 2.4075533 2.3901500 2.5850113 2.5560098 2.6483385 2.7059548 2.5465445 2.5312458 0.0000000 0.0068856 0.8805670 0.8805670 0.6928562 0.6928562 0.6297603 0.6297603 0.6404311 0.6681289 0.8037093 0.7041689 0.7880307 0.8063139 0.7867558 0.7706117 0.8233950 0.7831665 2.9193532 2.8724527 3.2543297 2.6228887 3.0667750 2.8198241 4.4755744 3.3820835 3.2615234 3.3288862 3.3111715 4.9205360 3.1088660 3.7615245 
Horcal_Hcv1.av93.c2.g296.i1                        3.9700683 2.5742328 2.5160300 2.5069065 2.6267813 2.6372744 3.3022016 2.8879458 2.9517754 2.7090140 2.0080888 1.8420396 2.4542390 2.6578089 2.7306996 2.4924811 2.4254000 2.3815737 2.9748919 2.6301035 2.5820822 3.6607599 2.6946686 2.6554822 2.6301429 2.8942457 2.4472076 2.4028089 2.3854193 2.5850113 2.5625031 2.5898058 2.7298136 2.5616394 2.5396192 0.0068856 0.0000000 0.8717764 0.8717764 0.6884349 0.6884349 0.6257293 0.6257293 0.6366339 0.6626636 0.8092732 0.6950868 0.7761907 0.8039580 0.7745916 0.7683111 0.8194543 0.7883459 2.9135382 2.8787948 3.2543297 2.6005690 3.0652429 2.8517969 4.4817741 3.4199984 3.2982914 3.3673787 3.3480512 4.9240402 3.2104773 3.7223867 
Bolinf_Binf_sb1253568                              4.9350838 2.5062084 2.4988061 2.4745933 2.7741173 2.5421277 3.2168722 3.3229316 3.1921520 2.5082863 2.2500002 3.6066872 2.8204735 1.7795734 2.6282847 2.2562023 2.2273387 2.0493951 2.8780842 2.4128355 2.3279880 2.7866042 2.3969687 2.2691867 1.9939035 2.4187152 2.1261184 2.4544611 2.3459521 3.0733680 2.7049121 2.8407652 2.6106201 2.1864949 2.3246328 0.8805670 0.8717764 0.0000000 0.0000010 0.0000010 0.0000010 0.0267264 0.0267264 0.6324404 0.6324404 0.8063359 0.6256333 0.6542879 0.6542879 0.6542879 0.6542879 0.5912010 0.5570692 2.6665026 2.7859434 0.0000010 1.7262224 3.2156815 2.6106634 0.0000010 3.0886640 2.8093810 3.1914160 3.0343532 6.2548727 3.9309135 3.8742537 
Bolinf_Binf_sb1253569                              4.9350838 2.5062084 2.4988061 2.4745933 2.7741173 2.5421277 3.2168722 3.3229316 3.1921520 2.5082863 2.2500002 3.6066872 2.8204735 1.7795734 2.6282847 2.2562023 2.2273387 2.0493951 2.8780842 2.4128355 2.3279880 2.7866042 2.3969687 2.2691867 1.9939035 2.4187152 2.1261184 2.4544611 2.3459521 3.0733680 2.7049121 2.8407652 2.6106201 2.1864949 2.3246328 0.8805670 0.8717764 0.0000010 0.0000000 0.0000010 0.0000010 0.0267264 0.0267264 0.6324404 0.6324404 0.8063359 0.6256333 0.6542879 0.6542879 0.6542879 0.6542879 0.5912010 0.5570692 2.6665026 2.7859434 0.0000010 1.7262224 3.2156815 2.6106634 0.0000010 3.0886640 2.8093810 3.1914160 3.0343532 6.2548727 3.9309135 3.8742537 
Mertsp_Mesp_sb562612                               4.9151076 1.8734286 1.8471737 1.8515598 1.9948674 1.8626649 2.3103717 2.1429806 2.3107385 1.9275382 2.3951078 1.3670320 2.1198205 1.3485157 2.0298015 1.7413220 1.6894353 1.7258559 2.1215983 1.8514088 1.8536480 3.4844413 1.8659415 1.9429566 1.7242504 2.1185234 1.7150625 1.8140445 1.7455724 1.7876337 2.0883176 2.8407652 1.9477535 1.7467062 1.9171542 0.6928562 0.6884349 0.0000010 0.0000010 0.0000000 0.0000010 0.0173319 0.0173319 0.4866723 0.5237963 0.5479982 0.4768892 0.5341831 0.5359796 0.5591827 0.5359796 0.5343138 0.3897509 2.2947529 2.1448199 1.7273607 1.4361505 2.4371155 1.9581423 2.2832627 2.7720488 2.6142470 2.7867828 2.7266548 3.6137290 3.4825396 3.8742537 
Mertsp_Mesp_sb562613                               4.9151076 1.8734286 1.8471737 1.8515598 1.9948674 1.8626649 2.3103717 2.1429806 2.3107385 1.9275382 2.3951078 1.3670320 2.1198205 1.3485157 2.0298015 1.7413220 1.6894353 1.7258559 2.1215983 1.8514088 1.8536480 3.4844413 1.8659415 1.9429566 1.7242504 2.1185234 1.7150625 1.8140445 1.7455724 1.7876337 2.0883176 2.8407652 1.9477535 1.7467062 1.9171542 0.6928562 0.6884349 0.0000010 0.0000010 0.0000010 0.0000000 0.0173319 0.0173319 0.4866723 0.5237963 0.5479982 0.4768892 0.5341831 0.5359796 0.5591827 0.5359796 0.5343138 0.3897509 2.2947529 2.1448199 1.7273607 1.4361505 2.4371155 1.9581423 2.2832627 2.7720488 2.6142470 2.7867828 2.7266548 3.6137290 3.4825396 3.8742537 
Mertsp_Mesp_sb562610                               4.9151076 1.7483747 1.7236788 1.7268979 1.8569292 1.7268717 2.3208741 1.9995923 2.1532807 1.7676776 2.3951078 1.3670320 2.0326386 1.3485157 1.8790640 1.6242740 1.5742787 1.6295056 2.1429191 1.7274273 1.7299701 3.0544769 1.7995811 1.8038170 1.6282353 1.9821592 1.5921123 1.6962269 1.6282187 1.7876337 1.9323402 2.5430161 1.8202655 1.6305909 1.7783842 0.6297603 0.6257293 0.0267264 0.0267264 0.0173319 0.0173319 0.0000000 0.0000010 0.4379951 0.4604751 0.5479982 0.4275503 0.4697846 0.4853217 0.4922987 0.4853217 0.4846517 0.3897509 2.1502957 2.0063755 1.7273607 1.4361505 2.2908008 1.8184863 2.2832627 2.6516913 2.5003610 2.6646850 2.6079011 3.6137290 3.0197104 3.6590819 
Mertsp_Mesp_sb562611                               4.9151076 1.7483747 1.7236788 1.7268979 1.8569292 1.7268717 2.3208741 1.9995923 2.1532807 1.7676776 2.3951078 1.3670320 2.0326386 1.3485157 1.8790640 1.6242740 1.5742787 1.6295056 2.1429191 1.7274273 1.7299701 3.0544769 1.7995811 1.8038170 1.6282353 1.9821592 1.5921123 1.6962269 1.6282187 1.7876337 1.9323402 2.5430161 1.8202655 1.6305909 1.7783842 0.6297603 0.6257293 0.0267264 0.0267264 0.0173319 0.0173319 0.0000010 0.0000000 0.4379951 0.4604751 0.5479982 0.4275503 0.4697846 0.4853217 0.4922987 0.4853217 0.4846517 0.3897509 2.1502957 2.0063755 1.7273607 1.4361505 2.2908008 1.8184863 2.2832627 2.6516913 2.5003610 2.6646850 2.6079011 3.6137290 3.0197104 3.6590819 
Drygla_Dgla_sb304535                               6.4912480 1.9381804 1.8762426 1.8432133 2.0054638 1.8024244 2.3549617 2.2342378 2.4220237 2.0982575 2.5487334 1.8025796 2.2986796 2.1115033 2.0706712 1.8327274 1.8465341 1.7844344 1.9483938 1.8134482 1.7964436 3.1998658 2.0208546 2.1035920 1.8559423 2.2049239 1.7880530 1.8942586 1.8415721 1.9970243 2.1122775 2.3660439 1.9372060 1.9260949 1.8367599 0.6404311 0.6366339 0.6324404 0.6324404 0.4866723 0.4866723 0.4379951 0.4379951 0.0000000 0.0173311 0.7010861 0.6062484 0.6593845 0.6850713 0.6894024 0.6720564 0.5793695 0.4162848 2.5538882 1.8907040 1.8501085 1.5592056 2.2970544 1.9350608 2.7427888 3.3250936 3.0081044 3.0899114 2.9560921 4.3537008 3.0255372 3.8944191 
Drygla_Dgla_sb304537                               6.2662228 1.9749461 1.8683454 1.8443519 2.0763822 1.7910818 2.3138516 2.3709656 2.2668002 1.8528729 2.5389981 1.1314220 2.1648416 1.1643164 1.9490447 1.8312862 1.7962963 1.6248542 1.9004146 1.7278028 1.6955950 2.7802851 1.8972022 1.9638766 1.6506482 2.0003250 1.6882204 1.8487618 1.7852059 2.0459673 2.0521941 2.3660439 1.8897515 1.8315173 1.7365990 0.6681289 0.6626636 0.6324404 0.6324404 0.5237963 0.5237963 0.4604751 0.4604751 0.0173311 0.0000000 0.7289486 0.6609767 0.6593845 0.6636534 0.6894024 0.6636534 0.5488690 0.4474223 2.2524122 1.7751098 1.7953905 1.3271910 2.1227215 1.9280747 1.4214556 3.2441650 2.8891961 2.9519721 2.8238761 4.7075569 3.0255372 3.8944191 
Vmul_sbMO412175                                    3.6980807 1.9582849 1.9636349 1.9084773 2.1389779 2.0123677 1.9271359 2.3597725 2.2657893 2.5136287 2.2829753 1.3189597 2.1377170 2.2421358 2.3172913 1.9751211 2.0253417 2.1131275 2.2071092 2.1588985 2.2362853 4.6633569 2.1186578 1.9766382 2.1407436 2.2973437 1.9539060 2.0063115 2.0157105 1.6767819 2.2790339 2.3554960 2.3170419 2.0119169 2.1322407 0.8037093 0.8092732 0.8063359 0.8063359 0.5479982 0.5479982 0.5479982 0.5479982 0.7010861 0.7289486 0.0000000 0.2789012 0.3284871 0.2897348 0.3511671 0.2981141 0.6089920 0.6252468 2.3906900 2.2983089 2.1226179 2.0006670 2.5201897 2.5599189 3.5089990 3.0172173 3.0615662 3.0457579 2.9317454 3.9101682 2.5349097 3.2710923 
Coemet_Cmet_scaffold17477_01                       5.9486209 1.7143864 1.6270620 1.6128679 1.7515101 1.5996323 2.3233204 2.0389388 2.0178404 1.6805199 2.3060225 0.9789301 1.6804989 1.0632425 1.7702577 1.4439410 1.5608550 1.6387035 2.0883330 1.7204207 1.7215065 3.0090174 1.6415130 1.6179175 1.5871638 1.7029890 1.6046271 1.5668530 1.5216513 1.6329622 1.9056816 2.2475661 1.6697606 1.4656444 1.7256089 0.7041689 0.6950868 0.6256333 0.6256333 0.4768892 0.4768892 0.4275503 0.4275503 0.6062484 0.6609767 0.2789012 0.0000000 0.0394026 0.0322960 0.0489628 0.0322960 0.4459108 0.5341376 1.7985804 1.7054842 1.1636109 1.1953483 2.1216967 1.6938957 2.0647040 2.9253250 2.8569729 2.7780313 2.9489175 3.4982146 2.8341637 3.8943762 
Coeast_Cast_sb796829                               5.6928267 1.8062047 1.7344121 1.7979237 1.9182399 1.7388337 2.3492755 2.4403724 2.0713205 1.8364927 2.1889299 0.8248936 1.8763164 0.8901329 1.9095068 1.5042614 1.7216700 1.7509826 2.2145920 1.7739444 1.8074613 2.6636592 1.7132151 1.6353153 1.6299226 1.8043734 1.7117094 1.6247674 1.5530512 1.8194259 2.0151963 2.3085501 1.7608108 1.5698580 1.7076588 0.7880307 0.7761907 0.6542879 0.6542879 0.5341831 0.5341831 0.4697846 0.4697846 0.6593845 0.6593845 0.3284871 0.0394026 0.0000000 0.0000010 0.0085995 0.0000010 0.5116240 0.6436055 1.9292333 1.8364392 3.0675173 1.0469727 2.2771694 1.6749476 9.0000000 3.1618605 2.9776165 3.1899094 3.1289334 4.5785519 2.9087069 3.8585077 
Coeast_Cast_sb796827                               5.5838822 2.1490429 2.0710520 2.0752031 2.1989533 2.0641262 2.7642581 2.5566683 2.2557138 2.2181800 2.3874752 1.4349067 2.0339817 1.8669021 2.1123749 1.8755077 2.0343137 2.1568269 2.3919913 2.1102957 2.1389626 3.1319224 2.1133062 1.9901003 2.0700023 2.2462469 1.9971296 1.9793719 1.9761292 1.9564782 2.3543504 2.3085501 2.0390045 1.9552257 2.0598622 0.8063139 0.8039580 0.6542879 0.6542879 0.5359796 0.5359796 0.4853217 0.4853217 0.6850713 0.6636534 0.2897348 0.0322960 0.0000010 0.0000000 0.0085995 0.0000010 0.5000077 0.6460121 2.3182373 2.3052942 2.3937799 1.7644812 2.5726499 2.3071649 4.0573319 3.2100078 3.1287966 3.1663726 3.2076628 3.9258238 2.9087069 3.8585077 
Coeast_Cast_sb796830                               5.8475664 1.8192230 1.7449278 1.8107142 1.9367170 1.7510896 2.3877189 2.4811195 2.1589887 1.8805078 2.1224496 1.0010929 1.9528718 0.9843761 1.9564808 1.5156025 1.7420030 1.7724939 2.3230791 1.8118543 1.8469668 2.5430822 1.7559847 1.6819435 1.6712551 1.8447233 1.7464698 1.6874567 1.6108584 1.9671988 2.0651232 2.3085501 1.8049672 1.5748112 1.7573888 0.7867558 0.7745916 0.6542879 0.6542879 0.5591827 0.5591827 0.4922987 0.4922987 0.6894024 0.6894024 0.3511671 0.0489628 0.0085995 0.0085995 0.0000000 0.0085995 0.5240087 0.6660444 1.9751139 1.8564821 0.0000010 1.0964868 2.3434497 1.7810108 0.0000010 2.9943715 2.8255500 3.0299140 2.9711827 4.2888698 2.9087069 3.8585077 
Coeast_Cast_sb796828                               5.5838822 2.1058753 2.0268197 2.0309001 2.1333280 1.9954110 2.7214961 2.4759616 2.2119685 2.1224552 2.3388213 1.4349067 1.9915018 1.8283239 2.0559204 1.8302391 1.9951138 2.0687811 2.3824726 2.0633298 2.0925741 3.0486232 2.0857554 1.9769898 2.0241844 2.1893648 1.9476758 1.9768320 1.9552309 1.9564782 2.2570651 2.3085501 2.0665071 1.8933173 2.0347270 0.7706117 0.7683111 0.6542879 0.6542879 0.5359796 0.5359796 0.4853217 0.4853217 0.6720564 0.6636534 0.2981141 0.0322960 0.0000010 0.0000010 0.0085995 0.0000000 0.4665028 0.6122646 2.3072382 2.2880110 2.4784870 1.7091227 2.5146432 2.3137178 3.6948727 3.0672656 2.9946373 3.0308129 3.0710569 3.7300125 2.9087069 3.8585077 
Lampan_Lpan_8793_01                                4.0864938 2.2100783 2.1636701 2.0725986 2.2711704 2.2480677 2.6439064 2.3840089 2.3630758 2.3119057 2.3403769 1.5357422 2.3972255 2.1198285 2.3306137 2.0613768 2.0756714 2.2030735 2.4128396 2.0971416 2.1121079 3.0644795 2.4285145 2.1665628 2.4736423 2.3311476 2.0783383 2.1275950 2.1585284 2.0608898 2.4833803 2.3283527 2.3185262 2.1522407 2.1169632 0.8233950 0.8194543 0.5912010 0.5912010 0.5343138 0.5343138 0.4846517 0.4846517 0.5793695 0.5488690 0.6089920 0.4459108 0.5116240 0.5000077 0.5240087 0.4665028 0.0000000 0.6035802 2.8114651 2.5569886 2.6811410 2.0410716 2.4273349 2.5013193 3.8970499 3.1104775 3.0435833 3.1316235 3.0412610 4.2280722 2.6674663 3.6256063 
Beraby_Baby_sb334435                               4.6107912 2.1101780 2.0834284 2.0314143 2.1268987 2.0884128 2.3301113 2.4169035 2.4284196 2.3737433 2.4793060 1.4100734 2.3134382 2.0032343 2.3316719 1.8772511 1.9446662 1.8751392 2.0664992 2.1051491 2.0464028 4.0016006 2.2490085 2.2822565 2.1145913 2.4210667 1.8665395 2.2073788 2.1921063 1.5340659 2.4825160 2.8752511 2.2319321 2.3791750 2.0937923 0.7831665 0.7883459 0.5570692 0.5570692 0.3897509 0.3897509 0.3897509 0.3897509 0.4162848 0.4474223 0.6252468 0.5341376 0.6436055 0.6460121 0.6660444 0.6122646 0.6035802 0.0000000 2.7116019 2.1907965 2.2405238 1.9054443 2.3201676 2.3760317 3.4507160 2.6489653 2.8401460 2.9107203 2.8935984 4.0557331 2.5831526 3.1609597 
Dpul_mRNA29740                                     1.7063609 1.8440703 1.8269992 1.7667484 1.8709378 2.1076361 2.5991897 2.1631844 2.5770371 2.5899368 1.5298285 1.2664946 2.3430934 1.7986764 2.3109827 2.0001638 1.8906710 1.9736817 2.3002262 2.2370163 2.1708930 3.0690852 1.6144919 1.7956724 1.8298354 1.9067050 1.7533679 2.1721273 2.1578110 1.8216277 2.2734875 2.1919081 2.1759240 1.9777972 1.9768497 2.9193532 2.9135382 2.6665026 2.6665026 2.2947529 2.2947529 2.1502957 2.1502957 2.5538882 2.2524122 2.3906900 1.7985804 1.9292333 2.3182373 1.9751139 2.3072382 2.8114651 2.7116019 0.0000000 2.3561650 3.0744858 2.1701042 2.5142752 1.8102805 3.5138135 2.4645375 2.4860050 2.2707442 2.6292025 2.9546980 2.3564216 2.4605228 
Hsap_ENST00000450114                               1.8665580 1.7628509 1.7104129 1.7769071 1.8317415 1.9147552 2.5438188 2.0973060 2.1750447 2.1521997 1.5678608 1.1143408 2.0620619 1.5268451 1.9742291 1.7135418 1.6682998 1.5617479 2.0863910 1.8007929 1.7201516 2.1539900 1.7077730 1.9275690 1.8053020 1.7783817 1.5457515 1.7265836 1.6828055 1.4027340 2.1594429 2.3409482 1.9597916 1.9815011 1.7538430 2.8724527 2.8787948 2.7859434 2.7859434 2.1448199 2.1448199 2.0063755 2.0063755 1.8907040 1.7751098 2.2983089 1.7054842 1.8364392 2.3052942 1.8564821 2.2880110 2.5569886 2.1907965 2.3561650 0.0000000 2.7391591 1.8214807 1.5538826 2.1278816 3.0581097 2.6126851 2.6314998 2.5607497 2.8966328 3.4252693 2.5856952 2.6480574 
