139
Lcom_lcpid216936                                       0.0000000 3.3267707 0.0000010 2.8842695 2.5770105 0.0000010 2.7802038 2.7531253 2.5427006 0.0000010 8.9999986 0.0000010 0.0000010 2.1835038 0.0000010 2.9238750 3.0288339 2.8743197 2.5854541 0.0000010 0.0000010 2.9839967 2.9353250 3.1904099 0.0000010 6.1789680 0.0000010 2.2856681 2.1992685 0.0000010 2.2096815 1.8730922 1.8443924 1.9327055 2.0495987 2.7995479 2.7387621 2.9659086 2.8123723 1.9842940 3.0436929 2.8380233 0.0000010 0.0000010 3.1571613 3.1667400 3.1384989 3.1384989 3.1065053 0.0000010 0.0000010 0.0000010 1.8149865 1.8149865 2.0108455 2.0108455 2.1053605 2.0637008 2.0247974 2.0247974 2.8088745 2.6939626 2.8088745 2.6939626 8.9999984 6.3225541 2.7072049 2.8200710 2.7640871 2.7640871 0.0000010 0.0000010 2.1194435 2.8346175 0.0000010 2.7102276 0.0000010 0.0000010 1.7339223 2.5911523 2.0647520 0.0000010 0.0000010 2.0992645 2.5835560 2.4250502 2.3383509 2.8166783 2.8383859 2.9895843 2.8100212 3.0323482 0.0000010 3.0312993 3.0312993 0.0000010 0.0000010 2.9048926 0.0000010 1.7520584 2.6686562 2.7763435 5.9367622 0.0000010 2.5972858 2.8843406 2.4871748 0.0000010 2.7826154 2.6789158 0.0000010 2.1953296 2.2276568 0.0000010 2.8590004 2.3798768 3.1479727 1.9810826 4.8312009 2.2421371 2.5816501 2.4062442 2.5392869 2.6759478 2.2912982 4.5605291 3.0230584 2.9467625 2.8967052 3.4244676 0.4586971 2.6461335 2.5907890 0.0000010 0.0000010 2.3955358 2.5317332 0.0000010 0.0000010 
Ctel_gnl_WGS_AMQN_CAPTEDRAFT_mRNA178214                3.3267707 0.0000000 1.1701949 1.9811706 1.9942563 1.4659355 1.7637392 2.4320603 2.8440962 1.6759662 1.6820851 1.1346494 1.1721314 1.8327824 1.9814359 2.0743098 1.9755975 2.3569699 1.9562014 1.6269081 1.3197776 2.2528793 2.0604967 2.1114378 1.8265894 1.5673164 1.0112051 1.9268403 1.7676733 1.3334616 1.6951415 1.6710920 1.6411079 1.6444536 1.5524791 1.8368968 1.6213157 1.6671559 1.7024671 1.6161068 1.6872393 1.7518556 1.8884949 1.9745118 1.7719089 1.7474652 1.7577251 1.7560501 1.6807851 1.4485406 1.9884026 2.0642654 2.0417847 2.0470565 1.8864050 1.8074154 1.8578426 1.8539018 1.8287359 1.8887217 2.4808245 2.4675035 2.8718870 2.4023344 1.8954525 2.6992708 2.2517541 2.2406504 2.2383098 2.2383098 2.2700201 2.2700201 1.7098589 2.0451197 1.7113240 1.9994078 1.9147900 3.5976863 1.2364380 1.6803415 1.7550487 2.1545811 1.9587070 1.7072204 2.0043547 1.6206036 1.8141750 1.8188698 2.2493845 2.1688738 2.2440759 2.4658451 1.4098752 2.2826907 2.4601223 3.2398379 2.6838591 2.4262666 2.2892862 1.9711249 1.8672865 1.6801852 1.8306841 1.8751620 1.9737876 1.9054804 1.8246604 1.3176005 1.5279076 1.5815122 2.1404390 2.0913447 2.0450678 1.8220564 1.9913991 2.2139526 1.8745233 1.6963898 1.9606161 2.0423029 2.0178123 1.9527986 1.7675510 1.8262638 2.0036470 2.2830357 2.0853896 1.5555722 2.0182641 2.3138864 2.2348049 1.8240630 2.8118541 3.1187961 2.9655350 2.2043306 2.1984510 4.1057235 2.2925200 
Aque_Aqu2.1.11779_001                                  0.0000010 1.1701949 0.0000000 0.4005999 0.4125445 0.3417451 0.1069704 0.0000010 0.0000010 0.7473749 0.2112850 0.1979227 0.5170624 0.5879637 0.5787257 0.7450894 0.7450894 0.0000010 0.6222551 0.6229385 0.5465774 0.0000010 0.7876366 0.6101905 0.6726986 0.6918536 0.9836557 0.9057880 0.8062103 0.7722259 0.8694897 0.7718204 0.8151041 0.8720922 0.6777870 0.8788994 1.1622817 0.8711385 0.9259240 0.0000010 0.8956840 0.8741791 0.8266148 0.8234243 0.7431669 0.8093208 0.7662358 0.7662358 0.7340508 0.6522466 1.1050648 1.1097086 1.1552788 1.1552788 1.1505680 1.1505680 1.0025349 1.0025349 1.1156065 1.1156065 1.3613530 1.4105794 0.0000010 0.6574329 0.6574329 0.0000010 1.0958765 1.1413497 1.2532607 1.2532607 1.9582168 1.9582168 0.7829211 0.4447172 2.4401793 1.0247868 1.0481765 9.0000000 0.0000010 0.0000010 0.7589448 0.5511465 0.5511465 0.6790579 0.8615964 0.4712897 0.8534477 0.5458531 0.9184576 0.8389450 0.9200033 0.9626011 0.5848183 0.6648564 0.9778787 0.9413802 0.5782176 0.8812779 0.0000010 1.8655243 1.3162167 0.8786750 0.9776342 0.9136196 1.0106824 0.9003129 0.9996398 0.7722271 0.7507418 0.6837898 0.9403932 1.0668778 0.8446096 0.5948252 0.9733631 1.1707788 0.6638895 0.9309800 0.8872331 0.9204925 1.2279084 0.9040098 0.8634881 1.2161444 0.7947955 0.9043130 0.8503643 0.6680213 1.0180910 1.0696950 0.0000010 0.6410827 0.0000010 0.0000010 0.0000010 0.0000010 0.0000010 3.1368036 1.3681368 
Halamb_c56328_g1_i1m.43032                             2.8842695 1.9811706 0.4005999 0.0000000 0.3026744 0.2838595 0.3648895 0.3597834 0.4852541 0.5085839 0.4849956 0.3122975 0.3383449 1.5807836 0.9924218 0.8723576 0.8095346 0.7866215 0.6669388 0.5441432 0.7000550 0.9983121 0.7740619 0.7155018 0.6409938 1.4465667 0.8230361 1.4105241 1.4448155 0.7827303 1.5529542 1.3698478 1.3103507 1.3185807 1.2443065 1.6311968 1.4315612 1.3735156 1.3723716 1.4905842 1.3958231 1.4043674 1.2015801 1.1645258 1.3526067 1.3689491 1.3461680 1.3419677 1.3188158 0.7983278 1.4030289 1.2934506 1.7026880 1.7000924 1.4287045 1.3042639 1.4330334 1.4338217 1.4460610 1.4826651 1.8185988 1.7990872 2.3284022 1.7237490 1.0501791 2.2788889 1.7862054 1.7770158 1.7641614 1.7641614 0.8916536 0.8916536 1.4005303 1.7124670 1.0792256 1.4736530 1.2539208 2.7702551 1.0367370 1.4242302 1.3507295 0.8214474 0.7323980 1.4601066 1.4581804 1.2235107 1.4055876 1.3314509 1.8070835 1.8034327 1.8568338 1.7546188 1.0963764 2.0798551 2.0065665 1.8289262 2.0377352 1.8901537 1.8812318 1.7898139 1.6729369 1.5693030 1.5198579 1.3743059 1.6577143 1.6634948 1.5870686 1.0102349 1.2913367 1.4446591 1.6075784 1.6218980 1.5575888 1.1388161 1.7689695 1.9817158 1.7075612 1.5102417 1.5296531 1.5059833 1.7453620 1.7136618 1.6147695 1.6841215 1.7461027 1.6094678 1.5070548 1.7880337 1.8346344 1.9405250 2.0188370 1.7013171 2.2210489 2.4917381 2.2965669 1.1608875 0.8271610 2.5569794 1.7250965 
Aque_Aqu2.1.28651_001                                  2.5770105 1.9942563 0.4125445 0.3026744 0.0000000 0.0151555 0.2380202 0.1349249 0.2329094 0.3740225 0.3892991 0.3113078 0.2344511 1.5329577 1.0075737 0.9027894 0.8531186 0.8160049 0.6706182 0.6059874 0.7357682 0.9107500 0.7453126 0.6685776 0.5918410 1.4120823 0.7714522 1.3372978 1.3385167 0.7968275 1.4263221 1.2660759 1.2130042 1.2588934 1.2481401 1.5031497 1.3891536 1.3392007 1.3241267 1.3557043 1.3421384 1.3789759 1.1995883 1.1535061 1.2964105 1.3155297 1.2931163 1.2970556 1.2735943 0.8535929 1.4048780 1.2951354 1.6279785 1.6242932 1.4802940 1.3785838 1.4535135 1.4461613 1.4364434 1.4971281 1.7857618 1.7465218 2.2724854 1.6365907 0.9521994 2.3735629 1.6750747 1.7128396 1.7054232 1.7054232 0.8816360 0.8816360 1.3642408 1.7787174 1.0850973 1.5025877 1.3280541 3.4446435 0.9630725 1.3306279 1.3233108 0.8410789 0.7781483 1.4560649 1.4102341 1.1787152 1.3826134 1.3084000 1.9116619 1.9127352 1.9083906 1.9184086 0.9750740 2.1224221 2.0780641 1.9530578 2.0687003 1.9726740 1.7993629 1.6936043 1.6228379 1.5359884 1.5179474 1.3400243 1.6357020 1.6602838 1.6439512 1.0558008 1.2484966 1.3878738 1.5724810 1.5700972 1.5375027 1.1303001 1.8248571 1.9267087 1.6324135 1.4257006 1.5285836 1.4896954 1.6437287 1.6658172 1.5846978 1.7053690 1.8810655 1.5709791 1.4644477 1.8117973 1.7883263 1.8426375 2.0347426 1.6045679 2.1895820 2.4382498 2.3427049 1.2380229 0.7570563 3.0306496 1.7785852 
Aque_Aqu2.1.01582_001                                  0.0000010 1.4659355 0.3417451 0.2838595 0.0151555 0.0000000 0.2291773 0.0000010 0.9028378 0.4744201 0.2836417 0.2753676 0.7574619 1.2519315 0.8385746 0.9857307 0.8325281 0.0000010 0.6149714 0.6041082 0.7074388 0.0000010 0.7391589 0.5362782 0.5897569 1.2779477 0.7608318 1.0130522 1.0727623 0.7203630 1.1650366 1.0029835 0.9775428 1.0129107 1.0787163 1.3128713 0.7977067 0.9316825 0.9145278 0.0000010 0.9127801 0.9877934 1.0511403 0.9819852 0.8357661 0.8662668 0.8542822 0.8635981 0.8288952 0.5626682 1.2267404 1.1823106 1.2441993 1.2524201 1.1403833 1.1403833 1.1176428 1.1176428 1.0957466 1.1584992 1.4279038 1.4200793 1.8853576 0.6993825 0.6993825 0.0000010 1.3501417 1.3307674 1.3967283 1.3967283 0.9399496 0.9399496 1.2684101 0.6569168 0.6133526 1.3155529 1.1568929 3.3091318 0.4176118 0.0000010 1.1366408 0.6904325 0.6904325 1.0350877 1.1958395 0.5236013 1.1572907 0.6706188 1.1936763 1.2759195 1.1717881 1.2309855 0.8234805 1.4326135 1.4862521 1.6550253 1.6212786 1.3742991 0.8043251 1.7730001 1.5348249 1.1506884 1.1463382 1.3070286 1.2265010 1.2278644 1.2529853 0.8796863 0.7279211 0.6636540 1.4059536 1.1701306 1.3197343 1.0118384 1.4699566 1.7629934 1.2287331 1.1293665 1.1789347 1.2331266 1.2536896 1.2335907 1.2766779 1.3777456 1.3410324 1.0755905 1.1204486 1.2923989 1.6358257 1.5008838 0.0000010 0.7163430 0.0000010 0.0000010 0.0000010 0.0000010 0.0000010 2.9741606 1.5870648 
Aque_Aqu2.1.26341_001                                  2.7802038 1.7637392 0.1069704 0.3648895 0.2380202 0.2291773 0.0000000 0.0330313 0.0642313 0.1552257 0.2072365 0.0856770 0.1737692 1.4606320 0.8718516 0.8343676 0.7442047 0.8572924 0.6707089 0.5810701 0.5035281 0.9308797 0.7295866 0.7275874 0.5657101 1.1373298 0.9492216 1.2162847 1.2443599 0.8180288 1.3039800 1.2378995 1.1807667 1.1905275 1.1709988 1.3461848 1.3891156 1.2942708 1.2675269 1.2904557 1.2887595 1.2928450 0.8607765 0.7858031 1.2947696 1.3132571 1.2800017 1.2753762 1.2319051 0.7367487 0.9296025 0.8484181 1.4205002 1.4140784 1.3402833 1.2064949 1.3005500 1.2881726 1.3334082 1.3777417 1.5515623 1.5338145 2.1130399 1.5853926 1.0099139 2.0666159 1.6052901 1.6183258 1.5648395 1.5648395 0.9093621 0.9093621 1.2800279 1.7025379 1.1349595 1.2861411 1.0123874 3.7748369 0.9865073 1.4093300 1.2384559 0.7361408 0.6443429 1.4137668 1.3771266 1.2206993 1.2644263 1.3744219 1.8973853 1.8188188 1.7952794 1.7790153 1.0785110 1.9372923 1.9387592 1.6068794 1.6001703 1.9621948 1.7559883 1.5463789 1.5594777 1.4388108 1.4163980 1.0653149 1.5568992 1.5448382 1.5672516 1.0820531 1.3399446 1.4452327 1.0437070 1.5078328 1.4041866 1.1812565 1.6204244 1.7195189 1.5210812 1.4610539 1.4286731 1.4618305 1.5848532 1.6495938 1.4730732 1.5106445 1.6511669 1.4521390 1.3246073 1.6806381 1.6038587 1.6941588 1.7873224 1.5648099 2.0259878 2.2564620 2.3260826 1.2991839 0.7644911 2.9347857 1.1063089 
Aque_Aqu2.1.11349_001                                  2.7531253 2.4320603 0.0000010 0.3597834 0.1349249 0.0000010 0.0330313 0.0000000 0.0544867 0.0000010 6.3171555 0.0000010 0.0000010 1.8635915 0.0000010 0.9777032 1.0041148 0.8067430 0.6814245 0.0000010 0.0000010 0.8758340 0.7107834 0.7994934 0.0000010 5.5415336 0.0000010 1.5542539 1.8002434 0.0000010 1.6691884 1.4816547 1.4768842 1.4793115 1.1869524 1.6196621 1.6437567 1.6293495 1.5910292 1.3214724 1.7302514 1.6902663 0.0000010 0.0000010 1.5359991 1.5379094 1.5007599 1.5007599 1.4856911 0.0000010 0.0000010 0.0000010 1.7538154 1.7538154 1.6205060 1.6205060 1.5580810 1.5568263 1.5705119 1.5705119 1.7611654 1.4266560 1.7611654 1.4266560 8.9999982 3.7422690 1.6707649 1.7862340 1.6809447 1.6809447 0.0000010 0.0000010 1.4819263 4.1350775 0.0000010 1.5074921 0.0000010 0.0000010 1.0548879 1.3544719 1.2955486 0.0000010 0.0000010 1.7048533 1.4278288 1.3038403 1.1987016 1.5764693 2.5675891 2.6458587 3.0074461 5.3890872 0.0000010 2.3699981 2.3699981 0.0000010 0.0000010 2.2803834 0.0000010 1.1020458 1.7982177 1.7700452 1.4118735 0.0000010 1.7774346 1.7161654 2.1988701 0.0000010 1.9705896 1.7699110 0.0000010 1.5895492 1.3774701 0.0000010 2.1096258 1.9591929 2.2010391 1.5626490 3.4058305 1.3478759 1.6850870 1.7471349 1.7261004 1.3770240 2.0761174 3.1707100 1.6749971 2.4538805 1.6639713 2.2934227 0.0000010 1.7437572 0.0000010 0.0000010 0.0000010 2.3949215 0.8095687 0.0000010 0.0000010 
Aque_Aqu2.1.11347_001                                  2.5427006 2.8440962 0.0000010 0.4852541 0.2329094 0.9028378 0.0642313 0.0544867 0.0000000 0.9028378 2.1220604 0.0000010 0.0000010 2.6844194 8.9999989 1.1090179 1.1419947 0.9621742 0.8817855 0.9028378 9.0000000 1.0917382 1.0868934 1.0625284 0.0000010 4.4338581 0.0000010 2.3309661 2.2202997 9.0000000 1.8595966 2.0614974 2.1267162 2.0598626 1.7322693 1.9920355 2.5456230 2.6184067 2.6045848 2.1835987 2.6184067 2.6199184 0.0000010 0.0000010 2.5019124 2.5060626 2.4048671 2.4048671 2.5287173 9.0000000 9.0000000 9.0000000 2.5530294 2.5530294 2.2924120 2.2924120 2.4595681 2.4713469 2.3768420 2.3617288 2.2210107 2.2210107 2.1321059 2.2210107 8.9999989 4.1370169 2.6029261 2.6281754 2.5005779 2.5005779 9.0000000 9.0000000 2.1723725 3.5265048 9.0000000 2.2853738 9.0000000 0.0000010 1.2408874 1.6588741 2.0027889 0.9028378 0.9028378 2.1475411 1.9674963 2.0345675 1.8590451 2.0927109 3.5557827 3.6483029 3.9647091 8.9999989 9.0000000 3.5333685 3.5333685 0.0000010 0.0000010 3.5294594 0.0000010 1.6511883 2.2379834 2.3223721 2.3589999 4.9974882 2.4089468 2.5153736 2.7972016 9.0000000 2.2037959 2.5346806 0.0000010 2.0172193 1.9956987 8.6728990 3.0315535 2.5277844 2.7127526 2.2531232 5.3385323 2.0691883 2.2707762 2.1247878 2.4232579 1.8529885 2.6646720 2.9833387 2.1600801 3.3130197 2.4376044 2.6012267 3.2273673 2.5859980 2.8270229 9.0000000 6.0373786 3.6601222 1.0858673 0.0000010 0.0000010 
Aque_Aqu2.1.11781_001                                  0.0000010 1.6759662 0.7473749 0.5085839 0.3740225 0.4744201 0.1552257 0.0000010 0.9028378 0.0000000 0.0947726 0.0000010 0.0323682 1.5204002 1.1315661 0.9742656 0.9195667 0.6882430 0.8145970 0.8188759 0.9905570 0.0000010 0.9738232 0.8561559 0.9494292 1.5472464 0.7434549 1.3263717 1.3178307 0.9088854 1.4431857 1.3492313 1.2203276 1.3340856 1.3994248 1.4395478 0.9953419 1.3574918 1.3156619 0.0000010 1.3359931 1.4400070 2.5791972 2.0922618 1.2642343 1.2496852 1.2798255 1.2798255 1.0986388 1.2180966 2.3084071 2.1926649 1.7362598 1.7203160 1.5275901 1.5275901 1.5416094 1.5415752 1.5558074 1.6595136 1.8039758 1.9447940 1.1606640 1.7104118 1.3777445 1.1688443 1.7152572 1.7303369 1.6751405 1.6751405 0.8260212 0.8260212 1.3771054 1.1125263 0.8836444 1.5956162 1.8046945 3.7545202 0.4176118 0.0000010 1.5777739 1.9016826 1.7126132 1.5885420 1.6611179 0.9995114 1.5605314 0.9739234 2.0560232 2.0043433 2.0434230 1.9843889 1.1450055 2.3046358 2.1784482 3.4541132 8.9999986 2.1267770 1.8201476 1.5450581 1.6861392 1.6828593 1.7176548 1.8937220 1.7702794 1.7891772 1.6118700 1.2344513 1.2281357 1.2659901 3.3739422 1.8279046 1.8211184 1.8252394 1.6996377 2.2252418 1.7517519 1.5131359 2.0803341 1.6074951 1.7531869 1.6483959 1.7093137 1.8647290 1.6834444 1.4867730 1.9834942 1.7765284 1.9662931 1.8063667 0.5279968 1.1582061 1.5534594 1.5534594 1.6099780 0.9116441 0.6742369 3.5117599 2.2495459 
Aque_Aqu2.1.11350_001                                  8.9999986 1.6820851 0.2112850 0.4849956 0.3892991 0.2836417 0.2072365 6.3171555 2.1220604 0.0947726 0.0000000 0.0494341 0.1237936 1.4717657 0.9454873 1.0346659 0.9237591 1.8067905 0.8651383 0.7142045 0.7100830 6.4090160 0.9509346 0.8266184 0.6527903 1.3261121 0.8728588 1.2828302 1.2778776 0.8375362 1.3355839 1.2646495 1.2006463 1.2749511 1.3229081 1.4124696 1.1998478 1.2873701 1.2611482 6.4069655 1.2620532 1.3352389 1.4547072 1.3643426 1.2184913 1.2343996 1.2338889 1.2285166 1.0679598 0.8187947 1.4061415 1.3362913 1.4855128 1.4762682 1.3847369 1.3259585 1.3667314 1.3669764 1.3926185 1.4558199 1.6112541 1.7330081 2.3334086 1.5899382 0.9962575 1.5060786 1.6395692 1.6505287 1.6072139 1.6072139 0.8985090 0.8985090 1.3082559 1.3320693 0.9761673 1.4570230 1.3916980 3.9199787 4.7073144 8.9999986 1.4029508 0.8778567 0.7972339 1.4013929 1.4522059 0.9629894 1.3898782 1.0468542 1.7764811 1.7524792 1.7280372 1.6192247 1.1135851 1.8402927 1.8228293 1.8938617 1.9949571 1.8540366 1.7397413 1.8424347 1.6995123 1.5376076 1.5158550 1.5008253 1.6464171 1.6617125 1.5456877 1.0738725 1.2052497 1.2816507 1.7054324 1.5863528 1.6041284 1.1789309 1.5818986 1.8284107 1.4705830 1.4233968 1.5048551 1.5671938 1.7091962 1.6625812 1.5866162 1.7238516 1.6294503 1.3486286 1.5717976 1.6900143 1.7475097 1.7090337 1.1377994 1.3641124 1.6525312 1.7777872 1.6791047 1.1592486 0.9719026 2.8574217 1.7238548 
Aque_Aqu2.1.07524_001                                  0.0000010 1.1346494 0.1979227 0.3122975 0.3113078 0.2753676 0.0856770 0.0000010 0.0000010 0.0000010 0.0494341 0.0000000 1.1315140 0.6296597 0.5376663 0.8153965 0.6075933 0.0000010 0.6245802 0.5764756 0.6057749 0.0000010 0.5599475 0.4648881 0.4350864 0.7436810 0.7771300 0.7756161 0.5570760 0.5710984 0.5107654 0.6363400 0.6701045 0.6458331 0.6640169 0.7389420 0.0000010 0.6871799 0.7101808 0.0000010 0.6855159 0.6871799 0.6871799 0.6871799 0.7193490 0.8307482 0.7061160 0.7061160 0.6312861 0.5270433 0.6502447 0.6940613 0.6790923 0.6790923 0.7005336 0.7005336 0.6186602 0.6186602 0.6075435 0.6075435 0.9873143 1.0382397 0.0000010 0.4162127 0.4162127 0.0000010 1.0467490 1.0540091 0.9250011 0.9250011 9.0000000 9.0000000 0.8407520 0.0000010 0.0000010 0.8813293 0.8224762 1.9815859 0.0000010 0.0000010 0.5484947 0.5219503 0.5219503 0.6420765 0.8270902 0.3848169 0.8101190 0.0000010 0.8517474 0.8565200 0.7708714 0.8700510 0.6943183 0.7281411 0.7281411 0.7281411 0.7281411 0.8621168 0.0000010 3.0856253 0.8751707 0.5515008 0.6635209 0.6196765 0.6367346 0.5869863 0.6798207 0.7786143 0.7091731 0.5804925 0.6395052 0.7566401 0.6183285 0.8079671 0.8020176 0.8310025 0.6259988 0.8883521 0.8043760 0.9544400 0.8440168 0.7862225 0.7494164 0.6319918 1.0114400 0.9250394 0.8643567 0.7778453 1.0610308 1.0880532 0.0000010 0.0000010 0.0000010 0.0000010 0.0000010 0.0000010 0.0000010 1.8288897 0.8919063 
Aque_Aqu2.1.03302_001                                  0.0000010 1.1721314 0.5170624 0.3383449 0.2344511 0.7574619 0.1737692 0.0000010 0.0000010 0.0323682 0.1237936 1.1315140 0.0000000 0.8516461 0.7545555 0.6471817 0.5865767 0.6630435 0.6886018 0.6957454 1.0786913 0.0000010 0.6955541 0.5812061 1.0786913 1.0863414 0.9464973 0.7891666 0.8276057 1.1404545 0.8214470 0.8589325 0.7292334 0.8584442 0.6671667 0.8478713 0.8840833 0.9125597 0.9139890 0.0000010 0.9118057 0.9055119 1.3719914 1.3719914 1.0362193 1.0119881 1.0296461 1.0296461 1.0001652 0.0000010 1.9035798 1.9035798 1.1147452 1.0950634 1.1181696 1.1374771 0.8221748 0.7987546 0.9470335 0.9224644 1.1435733 1.2812958 1.0366269 1.8856339 0.0000010 0.9959201 1.2927805 1.2113734 1.1810971 1.1810971 2.2674383 2.2674383 0.7087235 1.1095645 0.6811908 0.7235176 1.0635301 2.0918568 0.0000010 0.0000010 0.9229200 1.0786913 1.0786913 0.9719383 0.8754058 0.8818397 0.8536487 0.8706911 1.4727799 1.3960675 1.4806147 1.6740311 0.8271524 1.4541324 1.4541324 3.1875755 3.1875755 1.5627735 1.6502452 1.3311971 1.2358358 1.2160368 1.2086066 1.1451353 1.1203126 1.1883953 1.1625575 1.1878209 1.0539654 1.2243246 1.3932716 1.6533649 1.2374389 1.9553621 1.1148768 1.1828697 1.2545288 0.9763811 3.4567271 1.2987057 1.2525667 1.4981965 1.1540453 1.1709585 1.1916481 0.9556304 1.0783619 1.2538283 1.1056078 1.1094604 0.5054857 1.0917084 1.3781217 1.3781217 1.4155196 0.7731271 0.5822998 8.9999982 1.2410293 
Acagra_model.g18759.t1                                 2.1835038 1.8327824 0.5879637 1.5807836 1.5329577 1.2519315 1.4606320 1.8635915 2.6844194 1.5204002 1.4717657 0.6296597 0.8516461 0.0000000 1.6789733 1.6988818 1.6326774 2.0391711 1.5318959 1.3219450 0.9225878 1.8589515 1.6129253 1.5962342 1.4119299 1.3372837 0.9953010 1.5700946 1.0320506 0.8338499 1.1439261 1.1759803 1.1232102 1.1721898 1.0844508 1.2235522 1.4459893 1.4767296 1.4579971 1.3384194 1.4732360 1.4837780 1.3475828 1.5005136 1.5122574 1.5313519 1.5087564 1.5040592 1.5262674 1.1186903 1.6920323 1.6724280 1.6698086 1.6585722 1.5573709 1.5015965 1.5679705 1.5694899 1.5935474 1.6261346 1.9657992 1.9580426 2.3427401 1.7594436 1.1584932 2.4475906 1.7244820 1.8256054 1.7913257 1.7913257 1.0276795 1.0276795 1.1702795 2.0285542 1.5770549 1.7853331 1.7457122 3.9440485 0.9135196 1.5705256 1.2103158 1.3175064 1.1984869 1.2033167 1.4954438 1.1122349 1.2479690 1.3798347 2.0120541 1.9255401 2.0118536 1.8255124 1.0999413 2.2211881 2.3105656 2.5902963 2.3298114 2.0879247 1.7479241 2.0376272 1.8421308 1.7558512 1.8325810 1.7784008 1.8214600 1.8454100 1.6880980 1.2693654 1.4890962 1.6609617 1.6363968 1.4368102 1.4870573 1.3916131 1.6595457 1.8313311 1.6382183 1.2641315 1.8345997 1.4457822 1.9356165 1.9210356 1.8183669 1.5776743 1.5223722 1.7627455 1.6398576 1.8842044 1.8146097 1.8694669 1.2640700 1.5320018 2.1533652 2.6823884 2.3070378 2.4232679 1.5871853 3.1135238 2.0737284 
Plespi_Pspi_C608076_01                                 0.0000010 1.9814359 0.5787257 0.9924218 1.0075737 0.8385746 0.8718516 0.0000010 8.9999989 1.1315661 0.9454873 0.5376663 0.7545555 1.6789733 0.0000000 1.0401578 1.0152477 1.1189037 0.9243510 0.7984208 0.8517856 6.8753129 1.0527337 0.9933039 0.9515213 1.3494809 0.9362356 1.3552966 1.3871892 0.8720426 1.4414655 1.3998900 1.3566235 1.3538981 1.2746988 1.6441683 1.3072285 1.3316339 1.3190128 0.0000010 1.3202377 1.3404262 1.3437521 1.3450148 1.3922871 1.4274959 1.3814935 1.3869217 1.3582868 0.9289014 1.4286705 1.4536067 1.6771058 1.6718316 1.5265222 1.3786228 1.5935234 1.5983412 1.5723091 1.6597498 1.8466422 1.9221228 2.8447203 1.8213150 1.0527907 2.0425836 1.9694687 1.9542046 1.8552989 1.8552989 1.0793434 1.0793434 1.4046830 1.9133134 1.4115046 1.5756124 1.4076989 3.0399124 0.4176118 0.0000010 1.4541747 0.7610861 0.6800731 1.5347895 1.5732824 1.2526075 1.5513359 1.3594815 1.8161138 1.7241713 1.7333827 1.7596012 1.2540792 1.9592560 1.8641391 1.8354030 2.1440391 1.9149299 1.7800746 2.1580552 1.7632873 1.6710042 1.6724638 1.5670431 1.7339483 1.6643012 1.6806548 1.1858315 1.0315912 1.4485416 1.8721114 1.7184805 1.8149877 1.3333407 1.8229597 2.1272182 1.6778678 1.5348149 1.4719533 1.7788402 1.8332785 1.8768885 1.6375821 1.6407697 1.8155243 1.5376820 1.5744483 1.5832956 1.7562446 1.9331215 2.0670147 1.6564416 2.2807623 2.5620490 2.6305894 0.3991476 1.0329173 2.2330934 2.1884178 
Emue_Em0009g831a.t1                                    2.9238750 2.0743098 0.7450894 0.8723576 0.9027894 0.9857307 0.8343676 0.9777032 1.1090179 0.9742656 1.0346659 0.8153965 0.6471817 1.6988818 1.0401578 0.0000000 0.0522449 0.1850172 0.3869974 0.4454663 0.4646850 0.2575090 0.8918489 0.8218837 0.9726697 1.3870128 1.0597072 1.4075368 1.5564092 1.1877232 1.5549134 1.4709879 1.4500368 1.4935610 1.4036344 1.7541847 1.6388356 1.5611453 1.5886584 1.4102050 1.6046112 1.6519440 1.5610170 1.4087960 1.5805756 1.5672097 1.5513702 1.5462828 1.6400585 0.9292002 1.5452770 1.5171107 1.8791487 1.8769849 1.6897972 1.5510046 1.7365805 1.7578163 1.7583114 1.8050027 1.9261415 1.8998073 2.2133019 1.8376512 1.2388946 2.2328976 1.9617501 1.9706619 1.9577491 1.9577491 1.4188547 1.4188547 1.5224618 1.7470447 1.3075135 1.6663022 1.5276652 3.8758873 1.2707098 1.5537962 1.4787775 1.3296021 1.2235428 1.6274343 1.6904095 1.3783722 1.5910882 1.6157555 2.1226214 2.1005251 2.0427117 1.9849480 1.0737986 2.2489657 2.2017675 2.0662650 2.1891269 2.2159363 1.5321769 1.9096752 1.7929201 1.7228547 1.7759700 1.7811182 1.7127100 1.6850865 1.6085672 1.2607717 1.3706676 1.5900580 1.5128152 1.7896774 1.6579249 1.4119369 1.9976569 2.0654076 1.9196943 1.7545706 1.8231579 1.7376196 1.8923597 1.8529920 1.7239871 1.8391182 1.8371694 1.8044868 1.6175745 1.7317818 1.7152319 2.0390486 1.8839544 1.6887806 1.8666420 2.0238124 2.3059170 1.2170817 0.7164293 3.3728549 2.2727400 
Emue_Em0051g19a.t1                                     3.0288339 1.9755975 0.7450894 0.8095346 0.8531186 0.8325281 0.7442047 1.0041148 1.1419947 0.9195667 0.9237591 0.6075933 0.5865767 1.6326774 1.0152477 0.0522449 0.0000000 0.1855445 0.3641944 0.3634010 0.2745874 0.2487936 0.8089550 0.7535753 0.7913874 1.3162205 0.9032795 1.3298540 1.4155230 0.9263935 1.4925407 1.3583872 1.3207482 1.3737584 1.3179307 1.6366191 1.5215039 1.4607974 1.4669565 1.4102050 1.4723559 1.4960030 1.3760647 1.3103315 1.4765455 1.4707342 1.4539369 1.4494715 1.5035160 0.8096718 1.4198881 1.3661779 1.8006915 1.7986892 1.5932264 1.4638225 1.6237352 1.6422606 1.6253667 1.6843704 1.8977474 1.8724757 2.1212525 1.7284332 1.1096119 2.2496012 1.8971680 1.9065594 1.8938858 1.8938858 0.9375431 0.9375431 1.4723031 1.8596623 1.3280972 1.6275469 1.4810841 3.7460546 1.2707098 1.6028858 1.4516172 1.1001716 1.0082011 1.5384601 1.6657104 1.3036425 1.5401106 1.4952103 2.0400835 2.0123957 1.9355985 1.8671947 1.1598188 2.1498146 2.1102134 2.0874403 2.2562241 2.1474950 1.6587294 1.7971100 1.7094601 1.6522982 1.6578701 1.6566944 1.6209327 1.6084018 1.5467934 1.1121901 1.3614401 1.4452295 1.4784858 1.6847027 1.6601299 1.3172657 1.9013292 1.9862625 1.7569117 1.6248152 1.7637423 1.7117804 1.8068928 1.8015295 1.6093848 1.7324381 1.8347557 1.6894024 1.5298222 1.6247640 1.6947436 1.9582602 1.9178490 1.6210649 1.9137575 2.0835075 2.3192017 1.2491367 0.6879666 3.1902281 2.0997832 
Emue_Em0009g921a.t1                                    2.8743197 2.3569699 0.0000010 0.7866215 0.8160049 0.0000010 0.8572924 0.8067430 0.9621742 0.6882430 1.8067905 0.0000010 0.6630435 2.0391711 1.1189037 0.1850172 0.1855445 0.0000000 0.1683483 0.0000010 0.0000010 0.3648101 0.6820476 0.7078393 0.0000010 1.6397361 9.0000000 1.6316551 1.8776432 0.0000010 1.8427189 1.6224189 1.5762462 1.5928631 1.5832949 2.2228358 1.8153815 1.8589129 1.8684082 1.4356341 1.9230617 1.8895882 0.0000010 0.0000010 1.8654099 1.8919939 1.8452848 1.8452848 1.9833013 0.0000010 0.0000010 0.0000010 2.1707435 2.1664783 1.9592064 1.6297656 1.9768748 1.9666990 1.9176493 1.9201688 1.9662629 1.8456653 1.9486660 1.9129420 7.7976014 2.5297253 1.9101679 1.9568559 1.8826223 1.8826223 2.2674383 2.2674383 1.6943904 4.1382685 2.1383785 1.9493810 8.9999990 0.0000010 1.3304718 1.4327894 1.5822601 0.0000010 0.0000010 1.6644884 1.7807560 1.7252620 1.7765661 1.9544653 2.7910181 2.7350936 2.8290769 3.1060863 0.0000010 2.9188030 2.9188030 0.0000010 0.0000010 2.6873683 1.7143703 1.9224580 1.8350879 1.9690140 2.0506066 0.0000010 1.9284590 1.8700699 1.9645906 1.0535586 1.9932451 1.9532176 0.0000010 2.1674324 1.7368399 0.0000010 2.4540366 2.2622725 2.4891340 1.6700821 3.8073859 1.7939218 1.9592650 1.8572861 1.9379875 1.8084027 2.1358757 2.3652110 1.6407777 2.4445101 1.6470767 2.5254230 1.9417551 1.9580212 2.2013800 2.6189051 2.5571500 1.3841043 0.6842180 0.0000010 0.0000010 
Spolac_c104068_g2_i2_m.37981c104068-g2                 2.5854541 1.9562014 0.6222551 0.6669388 0.6706182 0.6149714 0.6707089 0.6814245 0.8817855 0.8145970 0.8651383 0.6245802 0.6886018 1.5318959 0.9243510 0.3869974 0.3641944 0.1683483 0.0000000 0.1099377 0.2150508 0.2812750 0.6620910 0.5512272 0.5076512 1.3131158 0.9098072 1.1841810 1.3219309 0.8810039 1.4253697 1.2591766 1.2135720 1.2657725 1.2947293 1.5868614 1.4733585 1.4320049 1.3835206 1.5194693 1.4189073 1.4357972 1.2160756 1.2172606 1.4223527 1.4286174 1.4061773 1.4018756 1.3808337 0.8511554 1.3495268 1.3717693 1.7109668 1.7083723 1.5280179 1.4081324 1.5468693 1.5376342 1.5067551 1.5620505 1.7596268 1.7353274 1.8950843 1.6505003 1.1433473 2.2502410 1.6660437 1.7220473 1.6595204 1.6595204 0.9793764 0.9793764 1.3518374 1.8213024 1.2966150 1.5143554 1.3202578 3.1038652 1.1535079 1.4025168 1.4177161 0.8879541 0.8064961 1.4679188 1.5057541 1.2783984 1.4967407 1.4205139 1.8938649 1.9291589 1.8336950 1.7476045 1.0924018 2.1461422 2.1389672 2.1399050 2.1733272 1.9829635 1.6773975 1.8182530 1.6284159 1.5628810 1.4824592 1.1870358 1.6217736 1.5947848 1.5617454 1.0814202 1.2978377 1.4326974 1.4828296 1.5566315 1.6241439 1.2294750 1.9765201 2.0461900 1.7878914 1.4258444 1.5800712 1.6790430 1.7281854 1.6685968 1.5293157 1.5994570 1.7274500 1.5483796 1.4649909 1.7210494 1.5930167 1.9645464 1.9109785 1.4820395 1.9027536 2.1079137 2.3162972 1.3799914 0.5869680 2.6459362 1.7828565 
Emue_Em0009g919a.t1                                    0.0000010 1.6269081 0.6229385 0.5441432 0.6059874 0.6041082 0.5810701 0.0000010 0.9028378 0.8188759 0.7142045 0.5764756 0.6957454 1.3219450 0.7984208 0.4454663 0.3634010 0.0000010 0.1099377 0.0000000 0.3309578 0.0000010 0.6080131 0.4611935 0.4729537 1.2963789 0.9216634 0.9745844 1.1098217 0.8860352 1.2711155 1.1094101 1.0722344 1.1212374 1.1268509 1.3504637 1.0827735 1.1479968 1.1061880 0.0000010 1.1132104 1.1265814 1.1394941 1.1741754 1.1407172 1.1408121 1.1246466 1.1183590 1.0405168 0.8315967 1.2812459 1.2916003 1.5176307 1.5159141 1.3073420 1.3073420 1.2527763 1.2453141 1.2145271 1.2455986 1.6964790 1.6802703 2.8481830 1.3690700 1.0118369 1.8870909 1.6219182 1.6902601 1.6308141 1.6308141 0.9555821 0.9555821 1.2714001 1.1527971 1.0531702 1.3860467 1.2935095 2.7865740 0.4176118 0.0000010 1.2977972 0.8342034 0.7546964 1.3344583 1.3737892 0.9064223 1.3692315 1.0474096 1.4469736 1.5252187 1.3862128 1.4322498 1.1466548 1.6365502 1.6336806 1.9151664 2.1019030 1.6021955 1.6819455 1.7720817 1.3998174 1.2587284 1.2451056 1.2179683 1.3494491 1.3208759 1.2620072 1.0761847 0.9369117 0.9898094 1.3788152 1.3735739 1.5953456 1.2339875 1.6315542 1.8937017 1.5081603 1.3545226 1.5112224 1.5163030 1.5147739 1.5410795 1.2660698 1.4369616 1.5109442 1.3059116 1.3493779 1.2751768 1.6049526 1.7394290 0.0000010 1.2128171 1.9605667 1.9605667 2.8754651 1.1681225 0.4501446 2.4677781 1.7377325 
Spolac_c104068_g2_i1_m.37979c104068-g2                 0.0000010 1.3197776 0.5465774 0.7000550 0.7357682 0.7074388 0.5035281 0.0000010 9.0000000 0.9905570 0.7100830 0.6057749 1.0786913 0.9225878 0.8517856 0.4646850 0.2745874 0.0000010 0.2150508 0.3309578 0.0000000 0.0000010 0.6352579 0.5429568 0.5417213 0.9510794 0.8837208 0.7977880 0.8488102 0.8353353 1.0178967 0.9233100 0.8570812 0.9745208 0.9435906 0.9966396 0.7936192 0.8678568 0.8134378 0.0000010 0.8389294 0.8690327 0.9307459 0.8875539 0.8864351 0.8630688 0.8441721 0.8330381 0.8432776 0.7098391 1.0399591 1.0060276 0.9581240 0.9581240 1.0901900 1.0901900 1.1727086 1.1727086 1.1707044 1.2340623 1.2138663 1.1925546 2.0959387 0.6934050 0.6934050 0.0000010 1.1991642 1.2125742 1.2488752 1.2488752 0.9506254 0.9506254 1.1192846 0.6600438 0.6351019 0.9065352 0.8927858 4.4047344 0.4176118 0.0000010 1.1157715 0.8553544 0.8553544 0.9749808 1.2995554 0.6275758 1.0176841 0.7050985 1.1895017 1.1976969 1.0347985 1.1797588 0.8953236 1.2467882 1.3967711 1.6539692 1.3507069 1.3368762 0.5648790 1.5887558 1.5219844 1.0962000 1.0987400 1.0528021 1.1697107 1.0991626 1.0762934 0.8875126 0.7039535 0.7748750 0.7889570 0.9527214 1.0686189 1.1354318 1.3373576 1.7059287 1.2616587 1.1648336 1.2571861 1.3362544 1.2481114 1.2633166 1.1495352 1.0155856 1.2873540 0.8376859 0.7847234 0.8619752 1.1665488 1.3648648 0.0000010 0.6488302 0.0000010 0.0000010 0.0000010 0.0000010 0.0000010 3.5215582 1.4874154 
Spolac_c104068_g3_i1_m.37980c104068-g3                 2.9839967 2.2528793 0.0000010 0.9983121 0.9107500 0.0000010 0.9308797 0.8758340 1.0917382 0.0000010 6.4090160 0.0000010 0.0000010 1.8589515 6.8753129 0.2575090 0.2487936 0.3648101 0.2812750 0.0000010 0.0000010 0.0000000 0.8962010 1.0228642 0.0000010 5.2229504 0.0000010 1.6616293 1.8010896 0.0000010 1.7773156 1.4813276 1.5934207 1.5005206 1.4552742 1.9943144 1.8436207 1.7920802 1.8044388 1.4790396 1.8841963 1.8376147 0.0000010 0.0000010 1.8946055 1.9049016 1.8438418 1.8438418 1.9334779 0.0000010 0.0000010 0.0000010 2.1460337 2.1460337 1.8426633 1.8426633 1.9150447 1.8997287 1.8620403 1.8509159 2.2443944 1.9556796 2.2443944 1.9556796 3.0565490 4.8325816 1.8889389 2.1009685 2.1837893 2.1837893 0.0000010 0.0000010 1.5430598 3.2025576 0.0000010 1.7954051 0.0000010 0.0000010 1.2495330 1.5290711 1.5903217 0.0000010 0.0000010 1.7435396 1.8337085 1.8281702 1.7396153 2.3220748 2.8741641 3.1154587 3.4211302 6.5240749 0.0000010 2.9888078 2.9888078 0.0000010 0.0000010 2.9174328 0.0000010 1.5001213 1.9426724 1.9935073 2.0492962 0.0000010 1.8936271 1.9093420 2.2162464 0.0000010 2.0442071 1.7833139 0.0000010 1.7146346 1.7439728 0.0000010 2.1675609 2.0379745 2.6005259 1.8061210 3.3153447 1.7755130 2.0310325 1.9781703 1.9818511 1.6481245 2.1424496 2.9868099 1.8764657 2.3571737 1.6668194 2.2400921 2.0159511 1.9287801 3.3259626 0.0000010 9.0000000 2.7681642 0.8090430 0.0000010 0.0000010 
Tetwil_g23097.t2                                       2.9353250 2.0604967 0.7876366 0.7740619 0.7453126 0.7391589 0.7295866 0.7107834 1.0868934 0.9738232 0.9509346 0.5599475 0.6955541 1.6129253 1.0527337 0.8918489 0.8089550 0.6820476 0.6620910 0.6080131 0.6352579 0.8962010 0.0000000 0.2724806 0.7125588 1.3743021 0.8891508 1.2639353 1.3723652 0.7438778 1.5739139 1.2635693 1.2295357 1.2824777 1.3440021 1.6005088 1.4794837 1.4689492 1.4590206 1.5188190 1.4803309 1.5024348 1.3700625 1.3059519 1.4123992 1.4238057 1.4018123 1.4060243 1.4091895 0.8191932 1.2404149 1.2867410 1.7847163 1.7828999 1.5175589 1.4079440 1.4839214 1.4865383 1.4938701 1.5607105 1.7450676 1.7018373 2.2511007 1.6174769 0.9721225 2.2489809 1.7210848 1.7479027 1.6943351 1.6943351 0.9100796 0.9100796 1.4040532 1.8137103 1.2968452 1.5613542 1.3850437 2.9432416 0.9485482 1.3929318 1.4479430 0.9691698 0.8958811 1.5213449 1.4397310 1.2746049 1.5090654 1.4747800 2.0334417 2.0366511 2.0096746 1.8968743 1.0565472 2.2168563 2.2478670 2.4347870 2.3921922 2.1531886 1.6552691 1.7876024 1.6847416 1.5452866 1.5216609 1.2747038 1.6585237 1.6199349 1.5843943 1.0434796 1.3863476 1.4383909 1.7427502 1.5625951 1.6135928 1.3238814 1.8543449 1.9882933 1.7531682 1.5276197 1.5444825 1.6330963 1.7753198 1.8043722 1.5756329 1.5290151 1.8196759 1.6135270 1.4283726 1.8098300 1.8560767 1.8914624 2.0016185 1.6868965 2.0297436 2.2175415 2.4829424 1.1813559 0.5706697 3.2183436 1.9656680 
Tetwil_g23918.t1                                       3.1904099 2.1114378 0.6101905 0.7155018 0.6685776 0.5362782 0.7275874 0.7994934 1.0625284 0.8561559 0.8266184 0.4648881 0.5812061 1.5962342 0.9933039 0.8218837 0.7535753 0.7078393 0.5512272 0.4611935 0.5429568 1.0228642 0.2724806 0.0000000 0.4089521 1.4295846 0.8132249 1.2842662 1.3791070 0.7230913 1.5300716 1.2508503 1.2092173 1.2563427 1.3353732 1.6053257 1.5832609 1.4629754 1.4504862 1.9656873 1.4549271 1.4887646 1.0991260 1.0878762 1.3821425 1.3930901 1.3951574 1.3994260 1.4080931 0.8736942 1.2121853 1.2205964 1.8450438 1.8443747 1.5775847 1.4684210 1.6172484 1.6124755 1.6187936 1.6914171 1.7333282 1.7764709 2.2980869 1.6568636 0.9629763 2.3519814 1.7275422 1.7636400 1.6880185 1.6880185 0.8669026 0.8669026 1.4163098 1.7945035 1.3549459 1.5922347 1.3036323 2.8343049 1.0522853 1.5389729 1.4426458 0.8120452 0.7500185 1.5191376 1.4446698 1.3395470 1.4918929 1.5224119 1.9250862 1.9149964 1.8938643 1.7218127 1.0450071 2.2092058 2.1799530 2.1066206 2.1909659 2.0786536 1.6020280 1.9381473 1.7838844 1.6247823 1.5460527 1.2624954 1.7582119 1.7662752 1.6461240 1.0918517 1.4309066 1.5221369 1.6939365 1.5394904 1.5846645 1.1910298 1.9041318 2.2240476 1.7994911 1.5395281 1.5015846 1.6376594 1.8375646 1.8679788 1.6582500 1.6586662 1.8394002 1.5686862 1.4143248 1.8721168 1.8141081 2.0259529 1.9193429 1.8130030 1.9067992 2.0823927 2.3470088 1.1305429 0.5240860 2.5860797 1.5864021 
Stycar_maker-SC_scaffold6261-snap-gene-0.14-mRNA-1     0.0000010 1.8265894 0.6726986 0.6409938 0.5918410 0.5897569 0.5657101 0.0000010 0.0000010 0.9494292 0.6527903 0.4350864 1.0786913 1.4119299 0.9515213 0.9726697 0.7913874 0.0000010 0.5076512 0.4729537 0.5417213 0.0000010 0.7125588 0.4089521 0.0000000 1.2864545 0.9277835 1.2112498 1.2707848 0.6561562 1.4040502 1.2454535 1.1700854 1.1755465 1.4881009 1.4151837 0.7580301 1.0253948 0.9726622 0.0000010 0.9724107 1.0256921 1.0707605 1.0599647 1.0327143 1.0602537 1.0336797 1.0434731 0.8252347 0.8728942 1.5228651 1.4438776 1.5749040 1.5677496 1.2643824 1.2643824 1.4639117 1.4798954 1.1693623 1.2050257 1.5648678 1.5275077 2.0959387 0.6111580 0.6111580 0.0000010 1.4682941 1.5342771 1.6141424 1.6141424 0.9275775 0.9275775 1.4746950 0.0000010 0.0000010 1.4920173 1.3660715 2.9649780 0.0000010 0.0000010 1.3721585 0.7382387 0.7382387 1.3977282 1.5586573 0.4644851 1.4617928 0.6846324 1.5215455 1.7118123 1.5126098 1.5114762 1.3042941 1.5313689 1.6751409 1.7169335 1.5384056 1.5985813 0.0000010 2.3463014 1.7465311 1.2921941 1.2640776 1.3344628 1.4182228 1.3707511 1.3665730 0.9047702 0.5284026 0.6277214 1.4165868 1.3339930 1.5928044 1.1767760 1.7227181 1.8117807 1.6370436 1.3740200 1.3094570 1.5474653 1.4384716 1.2389223 1.3655992 1.5015740 1.5985867 1.0808735 1.2938474 1.4300663 1.6471737 1.7850223 0.0000010 0.3804090 0.0000010 0.0000010 0.0000010 0.0000010 0.0000010 2.2642668 1.5654601 
Cscu_XM_023380309.1                                    6.1789680 1.5673164 0.6918536 1.4465667 1.4120823 1.2779477 1.1373298 5.5415336 4.4338581 1.5472464 1.3261121 0.7436810 1.0863414 1.3372837 1.3494809 1.3870128 1.3162205 1.6397361 1.3131158 1.2963789 0.9510794 5.2229504 1.3743021 1.4295846 1.2864545 0.0000000 0.7084976 1.5930092 1.3506792 0.7038061 1.4689252 1.2766699 1.3017605 1.3417874 1.1250542 1.4507113 1.1323528 1.3218809 1.3149300 3.1716298 1.3097988 1.3331577 1.3884448 1.6148774 1.4062047 1.4241267 1.3700718 1.3640987 1.3781828 0.6924393 1.3905665 1.4015096 1.6608753 1.6593440 1.5190582 1.5066950 1.5145627 1.5133312 1.4373417 1.5427430 1.8298602 1.8395697 2.2002661 1.5693452 0.9027804 1.9668592 1.8071248 1.7642762 1.7431723 1.7431723 0.9940910 0.9940910 1.1971824 1.3781428 1.2371748 1.5935538 1.5782071 4.1804959 2.1212586 2.9019302 1.2971731 1.3836615 1.2804639 1.3629020 1.5755403 1.1238212 1.3428128 1.2855083 1.7897477 1.7071889 1.7181038 1.6010499 0.8993393 1.9717154 2.0832002 2.5771054 2.4554894 1.8998535 1.6771096 1.9040027 1.5882207 1.4176818 1.4280461 1.9549988 1.5327679 1.5538098 1.5876701 1.1978692 1.3937182 1.2485237 1.7708524 1.5782580 1.6361854 1.0627931 1.2057958 1.2294304 1.2307720 1.3578252 1.7975251 1.6444698 1.5341824 1.5766822 1.4983664 1.6736053 1.5462893 1.6523070 1.7609159 1.6682092 1.7819633 1.7634476 1.3013960 0.0913976 1.7215311 1.7169990 2.0567547 1.4617401 1.4318259 3.7537123 2.1585738 
Lcom_lcpid246945                                       0.0000010 1.0112051 0.9836557 0.8230361 0.7714522 0.7608318 0.9492216 0.0000010 0.0000010 0.7434549 0.8728588 0.7771300 0.9464973 0.9953010 0.9362356 1.0597072 0.9032795 9.0000000 0.9098072 0.9216634 0.8837208 0.0000010 0.8891508 0.8132249 0.9277835 0.7084976 0.0000000 0.8752752 0.8620948 1.0345113 0.9298208 0.8304788 0.8820147 0.8488926 0.9049265 0.7847949 1.1819774 0.9900972 1.0026148 0.0000010 0.9900972 0.9892777 1.0407423 0.7998607 0.9771315 0.9297032 0.9632124 0.9823134 0.8991510 1.0005272 1.0113854 1.0789173 1.1894057 1.1894057 1.0824270 1.0824270 1.0458933 1.0458933 1.0099541 1.0253199 1.1504472 1.1429340 2.3500224 0.8484128 0.8484128 1.3838636 1.0943142 1.0740320 1.0495325 1.0495325 1.3737429 1.3737429 0.8658274 0.9519870 0.7639492 0.8152458 0.8575238 0.0000010 0.0000010 0.0000010 0.9149199 0.9691663 0.9691663 0.9115168 1.0198319 0.8166932 0.7475087 0.7047187 0.7824443 0.7967999 0.7340011 0.7097233 0.9632518 1.0441806 1.0441806 0.9540059 0.9540059 0.8481922 0.7366772 1.7300511 1.2986961 0.9223468 0.9508933 1.0182198 1.0657829 1.0246118 0.8172303 0.8062379 0.8562603 1.0199589 0.9410340 0.8974361 0.9870819 0.8466014 0.8715077 1.1091002 0.9872819 1.0797299 0.8974803 0.9313375 0.8675068 1.0639054 0.9216230 0.7564525 0.8041889 0.9622943 0.8944514 0.9809275 1.0074235 1.0485116 0.0000010 0.4064375 0.9193847 0.9193847 0.9193847 0.9147429 1.5522973 0.6362623 0.5723273 
