113
Lcom_lcpid104891                                             0.0000000 0.4776325 0.6761721 0.5693927 0.5558326 0.8484796 0.7848322 0.5053906 0.6524925 0.7301606 0.7189867 0.5783376 0.7077361 0.5559963 0.4917257 0.4967358 0.7216427 0.5946138 0.7283829 0.6171340 0.9003375 0.6461674 0.5405100 0.7994632 0.9497374 0.7535596 0.7640533 0.5721354 0.6439140 0.6676730 0.7012432 0.6619879 0.6501991 0.6464739 0.6482601 0.6252884 0.6252884 0.7390665 0.7850605 0.7029525 0.7570667 0.7113426 1.1308448 0.8491773 0.7436473 0.8691791 0.7273805 1.1687664 0.0000010 1.6211436 1.3643989 1.7235143 1.1082709 0.6570812 0.7130346 0.6376801 0.6947395 0.7950777 0.8075360 0.7965183 0.7939215 0.8159769 0.8769762 0.7168327 0.7884608 0.6965148 0.6554124 0.6258912 0.6754109 0.8823261 0.8072743 0.5501716 0.7691305 0.6580968 0.7764035 0.7718721 0.8651829 1.0385528 0.8160236 0.8284403 0.7343899 0.7178618 0.8353873 0.8282529 0.7781466 0.7467725 0.9508885 0.8410171 0.8107876 0.9631568 0.6541152 0.7274934 1.5363026 1.0360117 1.6616818 2.1531644 0.7550486 0.9992746 2.4120083 0.7673236 1.2703424 1.6104138 1.3627849 0.9506983 0.7812448 1.0144839 1.1589635 1.2905371 1.2884823 2.6343004 2.1046501 1.6522468 1.7985392 
Cgig_XM_011428549.3                                          0.4776325 0.0000000 0.7745794 0.6085542 0.4542344 0.8074731 0.9208207 0.5739120 0.8805969 0.7854509 0.7479476 0.5195942 0.6954257 0.5754399 0.5789296 0.5546120 0.6760855 0.5830113 0.6513823 0.5246718 0.9573589 0.5747896 0.4930761 0.8017180 0.9222066 0.6943009 0.6857108 0.6319491 0.5791322 0.6029269 0.6445384 0.6013807 0.6064239 0.6034712 0.6037639 0.6373540 0.6373540 0.6555833 0.7012091 0.6381834 0.6948982 0.5134871 0.9862495 0.8059304 0.6900671 0.6755543 0.8448310 1.1895648 1.2184193 1.3904692 1.2004873 1.4012872 1.1324521 0.6500366 0.7101647 0.5569553 0.7424970 0.7122505 0.7253336 0.6977353 0.7230292 0.7058002 0.7847613 0.7365603 0.8936222 0.7572497 0.7191993 0.6627745 0.5477350 0.9549798 0.8511137 0.5921430 0.8413531 0.6646339 0.7663375 0.7365830 0.9197627 1.0500754 0.8270519 0.8307642 0.7251413 0.7204716 0.8804595 0.8153810 0.8582514 0.7913776 0.9994679 0.8415322 0.6427399 0.9177635 0.9284821 0.6690863 1.6865769 0.9473891 1.2583447 1.7534428 0.9270603 1.1277419 2.1035102 0.8137818 1.2579363 1.7175099 1.2289018 0.9542138 1.2794054 0.8705169 1.1534061 1.1611793 1.0656095 1.6641111 2.0491366 1.3942918 2.0881615 
Cscu_XM_023384248.1                                          0.6761721 0.7745794 0.0000000 0.3437641 0.2987445 0.8846944 0.9275936 0.7696120 1.1372656 1.0000110 0.9824221 0.8266893 1.0667789 0.8644807 1.1244308 1.0869536 1.0536056 0.9238860 1.1812064 0.8443444 1.2965636 0.9299421 0.8875871 1.1072338 1.2146505 0.9426658 0.9518906 0.8668819 0.8932517 0.9625061 0.8874802 0.9539728 0.9589220 0.9549382 0.8969925 0.9372352 0.9372352 0.9402246 1.0203365 0.9261767 0.9226739 0.6692871 1.3883704 1.0802999 0.9900782 0.8700973 0.9295272 1.3987780 1.6400666 1.6559542 1.5004939 1.5673030 1.5484113 0.9054663 0.9763019 0.7842536 0.9280353 1.0259380 1.0326215 1.0271142 1.0425722 1.0016131 1.0181518 1.0154438 1.0528069 0.9863670 0.9848166 0.8974807 0.9132749 1.1300356 1.1777217 0.8942286 1.2135491 1.0282486 1.0071749 1.0276149 1.2154250 1.0687888 1.0279395 1.0245677 0.9229512 0.9283229 1.1162326 1.1306974 1.0117529 1.0011273 1.2097466 1.1243539 0.6969937 1.2533467 1.0225154 0.8702400 2.0938284 1.1571399 1.5565262 2.0807506 1.2332577 1.2901307 2.6817679 1.0455533 1.2968494 1.8840295 1.4482179 1.1914143 1.5460600 1.2669735 1.4431142 1.4645018 1.6416687 2.1835143 2.3206875 1.5977002 2.3210474 
Cscu_XM_023384253.1                                          0.5693927 0.6085542 0.3437641 0.0000000 0.0761086 0.8319874 0.8734914 0.6390555 0.9180863 0.9090128 0.8550778 0.5748602 0.8477917 0.6490586 0.8689668 0.8380087 0.8542115 0.7319252 0.8493232 0.6970030 0.8500582 0.7485133 0.7361053 1.0230351 1.0950857 0.7760128 0.8011416 0.6881657 0.7086377 0.8053223 0.7984400 0.8200751 0.7861718 0.7826902 0.7970614 0.7624903 0.7624903 0.8420071 0.9002225 0.8368271 0.8095279 0.6015588 1.2346342 0.9655700 0.8806937 0.8566451 0.8527310 1.2452096 1.1063599 1.4884641 1.2974541 1.5256112 1.0689487 0.7221489 0.7702606 0.6507699 0.8188827 0.8242723 0.8102332 0.8542298 0.8526796 0.7968922 0.8298290 0.8357322 0.8809269 0.8062029 0.7869615 0.6732195 0.7281667 1.0319875 1.0221999 0.8084529 1.0660247 0.9301750 0.9242185 0.9213705 1.0860801 0.9711045 0.8762706 0.8658467 0.7808957 0.7967363 0.9702779 0.9672092 0.9639437 0.8705037 1.1176805 0.9065302 0.7502298 1.0027996 0.8640791 0.7557545 1.8826646 1.0316971 1.4408343 1.9803490 1.1335706 1.1236407 2.7172764 0.9506348 1.1851565 1.7004244 1.2238163 1.1428414 1.4578820 1.0584011 1.3360377 0.9671466 1.3388612 1.7488844 2.2189590 1.5462683 2.4435048 
Cscu_XM_023358089.1                                          0.5558326 0.4542344 0.2987445 0.0761086 0.0000000 0.5669468 0.5987053 0.5067092 0.0000010 0.9122010 0.8919453 0.3457484 0.8627619 0.5274273 2.5997048 2.5997048 0.7688655 0.7186098 0.0000010 0.8863211 0.4104140 0.7246246 3.5094473 2.4626886 1.4271067 0.5977542 0.6777526 0.7521959 0.6841010 0.7883963 0.8621085 0.8384354 0.7942025 0.7805840 0.7786829 0.7838100 0.7838100 0.8578826 0.5551832 0.8544812 0.8776864 0.8366238 0.0000010 0.5583167 0.8206727 0.7657852 0.7420630 0.0000010 0.0000010 0.0000010 2.4484335 1.0277836 2.5744983 0.6781107 0.8120251 0.5755735 0.7766321 0.8261486 0.5831196 0.6970784 0.7441764 0.6709571 0.7138295 0.9529650 0.6486076 0.8737901 0.8236286 0.7848228 0.7042563 1.0488422 1.1241198 1.5956749 1.0735273 1.8747235 0.9579453 0.9579453 1.0361407 0.7670324 0.8996795 0.8996795 0.8996795 0.8996795 0.9128551 0.9396539 1.1321212 1.1919918 1.2349197 1.2921914 0.8429529 1.5426493 0.7338358 0.9125881 1.1726040 0.6890774 1.2390654 3.1566013 0.7316362 0.6087352 4.4906512 0.7540325 0.9686937 1.0417090 0.7651002 0.8259527 1.2913904 0.0000010 1.3138394 0.0000010 2.8537967 1.9836325 2.3691478 1.3150187 0.0000010 
Dpul_mRNA15333                                               0.8484796 0.8074731 0.8846944 0.8319874 0.5669468 0.0000000 0.0138152 0.4807398 0.5353989 1.0426700 1.0036972 0.8820113 1.0332376 0.9157712 1.2858119 1.2883343 1.1018506 0.9510138 1.2467751 0.9493950 1.3649669 1.0292887 1.0920880 1.1521379 1.2764637 1.0064801 0.9771186 0.9844954 0.9151403 0.9960796 1.0142274 0.9668277 0.9853433 0.9809283 0.9481779 0.9012059 0.9012059 0.9498438 0.8974425 0.9230989 0.9442706 0.7889500 1.3027443 0.9966000 0.9661466 0.8169537 0.8645166 1.3486394 1.7326028 1.6182927 1.3607866 1.7784448 1.5808829 0.8750187 0.9538119 0.8835553 1.0733068 1.1412552 0.9573109 1.0502484 1.0498182 1.1542902 1.0801849 1.0471095 1.0350767 1.0406538 0.9856968 0.8995210 0.9056326 1.1123607 1.1196180 1.0797134 1.1266031 1.0599846 1.0820785 1.1054187 1.0892613 1.1585118 1.1833926 1.1789926 1.0210161 1.0275593 1.1471770 1.1413908 1.1487122 1.2005651 1.2125596 1.2836651 0.8437118 1.2659775 1.0043669 1.0048261 2.1034299 0.9860854 1.4347990 2.0469702 1.3580884 1.1313744 2.7639756 1.1538004 1.2053206 1.4390015 1.1281992 1.1928635 1.2966944 1.2421538 1.4664458 0.9638044 1.3031265 2.6170590 2.1991659 0.5877841 2.5363062 
Dpul_mRNA23475                                               0.7848322 0.9208207 0.9275936 0.8734914 0.5987053 0.0138152 0.0000000 0.4822802 0.5350411 1.0974463 1.1097033 0.8820113 1.0947110 0.9681368 1.3598302 1.3642636 1.1389965 1.0061796 1.3948142 0.8600287 1.3649669 1.0902686 1.0303531 1.2913355 1.3624543 1.1138606 1.0889724 1.0349849 0.9959714 1.0380326 0.9742477 1.0129276 1.0133146 1.0133146 0.9186413 0.9602387 0.9602387 1.0172290 1.0118171 0.9472276 1.0465065 0.7314445 1.4412405 1.1182257 1.0216647 0.8169537 0.9773381 1.2827842 1.7525992 1.4755091 1.4261380 1.4663168 1.5018318 0.9113235 0.9953140 0.9505323 1.0018556 1.1990468 1.0612740 1.1061525 1.1037147 1.2166305 1.0756950 1.1205428 1.1284495 1.1048166 1.0564172 0.9905539 0.9602583 1.1123607 1.1636223 1.0797134 1.1713092 0.9311793 1.0359378 1.0652472 1.2066292 1.1585118 1.1546281 1.1546281 0.9562474 0.9562474 1.2598652 1.1979346 1.1190879 1.1337313 1.1622892 1.1855760 0.8437118 1.3925018 1.0247523 0.9434058 2.2923919 1.1247557 1.5639575 2.0060774 1.4021879 1.1313744 2.7531654 1.1501834 1.2964904 1.5815464 1.1998606 1.3251156 1.6867263 1.2577353 1.4664458 1.5622144 1.5134888 2.3305516 2.0336345 1.7887668 2.6674464 
Dpul_mRNA23476                                               0.5053906 0.5739120 0.7696120 0.6390555 0.5067092 0.4807398 0.4822802 0.0000000 0.0143924 0.6887369 0.7487323 0.6040192 0.7424076 0.6428501 0.5700141 0.5440562 0.7909349 0.6447121 0.9823254 0.5365940 0.9230522 0.6696599 0.5174392 1.0240125 1.1307894 0.7986784 0.8123729 0.6284219 0.6367886 0.6666398 0.7373668 0.7333547 0.7500211 0.7466424 0.6889224 0.6880819 0.6880819 0.8091346 0.8358997 0.7765515 0.7351058 0.5840058 1.0053680 0.8637365 0.6757618 0.7254154 0.6662074 1.0069318 1.2698737 1.2686651 1.1037392 1.3915959 1.1433785 0.6526306 0.6984280 0.6405001 0.7521460 0.8580149 0.8711053 0.7962033 0.7709836 0.8219839 0.8016714 0.7177528 0.8267001 0.6760575 0.7139918 0.6462224 0.6822378 0.8243448 0.8830013 0.7312246 0.8970394 0.6967821 0.8105500 0.8084966 0.9370917 1.0529824 0.8797458 0.8928470 0.7918390 0.7731597 0.9682069 0.9107539 0.8582857 0.7994200 0.9986119 0.8524543 0.7787943 0.9755526 0.7411341 0.7029655 1.6950985 0.9727117 1.4140323 1.8069813 1.0634733 0.9444070 2.6158027 0.7421764 1.1689598 1.6365087 1.3459837 1.0432080 1.4425391 1.0265302 1.2302810 1.3624759 1.2976537 2.0950599 1.8634182 1.6676204 2.1748393 
Dpul_mRNA15332                                               0.6524925 0.8805969 1.1372656 0.9180863 0.0000010 0.5353989 0.5350411 0.0143924 0.0000000 0.9708752 1.1189737 0.7976160 0.8648067 0.9507582 0.0000010 0.0000010 0.9229916 1.0068494 0.9823254 0.0000010 0.9613929 0.9372607 3.8869099 1.2379912 1.2273506 0.9444155 1.0338057 0.7740830 0.9345014 0.8491446 1.1834195 0.8830779 0.9411255 0.9411255 0.7916333 0.8273572 0.8273572 0.9901246 1.0095267 0.9557339 0.9860519 0.0000010 1.0253310 1.0253310 1.0452020 6.8441467 1.0487491 1.0550195 1.2698737 1.0895895 1.0404438 1.0782239 1.1896532 0.7512122 0.7512122 0.8613878 1.4413051 1.1868720 1.0856490 1.1485000 1.0521262 1.2855193 0.9241171 0.9822711 0.9138768 0.8233183 0.9082399 0.8513861 0.7975435 1.0710916 1.2417188 0.0000010 1.2265787 0.0000010 1.1722725 1.0540334 1.3610726 1.4123691 1.1414883 1.1414883 3.9674478 3.9674478 1.2927712 1.2767569 1.0761457 1.0761457 0.0000010 0.0000010 0.0000010 1.1320565 1.0863218 0.0000010 3.1363861 1.2015330 1.2015330 1.1846181 2.1595827 7.0509578 6.0260366 1.6704431 2.0437882 2.0827489 1.8104301 1.7067069 1.9420417 1.0942777 0.9936291 1.3624759 1.2802816 1.8567811 1.2637786 1.6821544 2.4685252 
Xesp_000568-T1                                               0.7301606 0.7854509 1.0000110 0.9090128 0.9122010 1.0426700 1.0974463 0.6887369 0.9708752 0.0000000 0.2186214 0.5594040 0.6494731 0.5633234 0.4159559 0.4198474 0.6743400 0.5594303 0.7582838 0.4899471 0.7316303 0.6382572 0.4565789 0.7806275 0.9037977 0.7609472 0.7859599 0.7151215 0.6961158 0.8145265 0.7426151 0.7322302 0.7174901 0.7169585 0.7408443 0.6983636 0.6983636 0.7784508 0.8557771 0.7441404 0.7791907 0.5779574 1.1256505 0.9326073 0.8052126 0.6869782 0.8335381 1.2530839 1.7093420 1.5838208 1.5251649 1.4804250 1.6111361 0.7091345 0.7607073 0.7592671 0.7818693 0.8217465 0.7746629 0.7868142 0.7728534 0.8517302 0.8401039 0.8575541 0.9766185 0.8495982 0.8472639 0.9107383 0.9212162 0.7823369 0.8380945 0.7533929 0.9566748 0.8719577 0.8293175 0.8055190 0.9551996 0.8399554 0.8427914 0.8437221 0.8032610 0.8019114 0.8895880 0.9216506 0.8706832 0.8385695 1.0672310 0.9473798 0.8063619 0.8455732 0.8850863 0.8467644 1.5190463 0.9570794 1.3906431 1.9988605 0.9717262 0.9571407 1.6942299 0.6787287 1.0976950 1.6039602 1.2570198 1.2263380 0.7369383 1.1383227 1.2384237 1.2874998 2.0147999 3.2676527 1.9248488 3.1481918 2.4576151 
Dgig_XM_028548711.1                                          0.7189867 0.7479476 0.9824221 0.8550778 0.8919453 1.0036972 1.1097033 0.7487323 1.1189737 0.2186214 0.0000000 0.5586885 0.6573351 0.5529421 0.2868307 0.2684226 0.6636371 0.5207847 0.7819261 0.3513591 0.8155495 0.6523227 0.4260063 0.8164771 0.9148605 0.8545988 0.8718469 0.6625799 0.7083081 0.7743170 0.6993394 0.7144578 0.7080339 0.7011767 0.7077307 0.6428878 0.6428878 0.7759237 0.9200651 0.7396664 0.7293419 0.5266172 1.0954505 0.9254687 0.7994512 0.6784680 0.7967871 1.0800406 1.0385839 1.2729690 1.2280202 1.3461480 1.2222832 0.6409461 0.6991309 0.7265460 0.7624781 0.7669589 0.7571491 0.7171973 0.7059207 0.7626192 0.7939142 0.8279902 0.9142765 0.8410839 0.8352392 0.8289231 0.8900699 0.7417046 0.8218249 0.9197327 0.9328629 0.7581283 0.7632829 0.7528496 0.9629477 0.7924400 0.8007290 0.8007522 0.7402332 0.7404227 0.8841312 0.9223501 0.8966050 0.8069962 1.1530796 0.9158283 0.7312801 0.8295770 0.9537706 0.6515420 1.6488155 0.9555994 1.3055678 1.9535734 1.0557696 0.9662509 1.8846674 0.6731631 1.0670019 1.5354859 1.1611815 1.2089786 1.1008020 1.0621015 1.2153455 1.4582283 1.4904761 2.2047629 1.8327770 2.2969495 2.5647695 
Amil_Amillepora33428-RA                                      0.5783376 0.5195942 0.8266893 0.5748602 0.3457484 0.8820113 0.8820113 0.6040192 0.7976160 0.5594040 0.5586885 0.0000000 0.2827320 0.1128169 0.0000010 0.0000010 0.3751236 0.1628369 0.1743980 0.1884964 0.1774173 0.3368001 0.2730551 0.2725849 0.3616176 0.3835726 0.4098964 0.5062606 0.6283309 0.7235204 0.7098157 0.6075170 0.5767402 0.5767402 0.6360721 0.5515045 0.5515045 0.6662576 0.6718664 0.6098043 0.6750622 0.3217112 0.8135356 0.6273868 0.6854778 0.7065776 0.8525637 1.1477272 1.5896512 1.2713319 1.2569266 1.5148191 1.6310015 0.4936920 0.4863509 0.5155665 0.6401426 0.7017979 0.5758716 0.6179759 0.6139471 0.6965329 0.4211917 0.8339887 0.7686467 0.8186384 0.8134278 0.6796585 0.6010751 0.7213981 0.6765703 0.0000010 0.7330365 0.0000010 0.7307174 0.7195317 0.7995032 0.7343526 0.7582878 0.7582878 0.8712192 0.8712192 0.7623202 0.7097529 0.7589677 0.7589677 1.5373275 1.5373275 0.6739160 0.7645964 0.8954519 0.0000010 2.1970121 0.7455754 1.2920898 0.9124476 0.6455546 0.7216849 2.6352632 0.2107542 1.2524890 1.3962364 1.1634688 1.3265172 0.2399287 0.9710129 1.2387125 0.4971672 2.1966795 2.9049106 1.1099036 1.5069295 2.1906574 
Fspp_ffun1.m4.912.m1                                         0.7077361 0.6954257 1.0667789 0.8477917 0.8627619 1.0332376 1.0947110 0.7424076 0.8648067 0.6494731 0.6573351 0.2827320 0.0000000 0.1763806 0.0899926 0.0907499 0.1768233 0.2029852 0.1262833 0.1840388 0.3930765 0.4678329 0.3933171 0.3497652 0.4090071 0.5900260 0.6097269 0.6526233 0.7502290 0.7466933 0.8816191 0.7956030 0.7496083 0.7424558 0.8513854 0.7310373 0.7310373 0.8699532 0.9970168 0.8194073 0.8159337 0.7397134 0.7869110 0.8403177 0.7732499 0.8947431 0.8778493 1.1198943 1.0641767 1.2883011 1.2120783 1.3293185 1.0933823 0.5976857 0.6295644 0.6074504 0.7798955 0.6881323 0.6831371 0.5970983 0.6211880 0.7938987 0.8068429 0.7912555 1.0001354 0.8078975 0.7941797 0.7401613 0.7751999 0.8722813 0.8961898 0.8837211 0.9444290 0.8050772 0.8342230 0.8211104 1.0235216 0.9324581 0.8266905 0.8453442 0.8965457 0.8645445 0.9110156 0.8470727 1.0137867 0.9346540 1.2587470 1.0449386 1.0807170 0.9354659 0.9797159 0.6145432 1.6539016 0.9314995 1.1463110 1.8609765 0.9147434 1.6698862 1.4266389 0.3371933 1.2426569 1.6883647 1.2570043 1.3801319 0.6443495 0.8716000 1.3838145 1.0164836 0.9437492 1.7037256 2.2616958 1.2620598 1.9882364 
Gfas_gfas1.m1.7296.m1                                        0.5559963 0.5754399 0.8644807 0.6490586 0.5274273 0.9157712 0.9681368 0.6428501 0.9507582 0.5633234 0.5529421 0.1128169 0.1763806 0.0000000 0.0929415 0.0800819 0.1961567 0.1475515 0.1497436 0.1559385 0.3639495 0.3806687 0.3459798 0.2872281 0.3270877 0.4908125 0.4955737 0.5192743 0.6404358 0.6394724 0.6833006 0.6590041 0.6213767 0.6150336 0.6750464 0.5979149 0.5979149 0.7339108 0.7509699 0.6895105 0.6909987 0.5268637 0.8640045 0.7253624 0.6729828 0.6328756 0.7567037 1.0813974 1.0170171 1.2700091 1.1826054 1.3028887 1.0797947 0.5359007 0.5703582 0.5159335 0.6350454 0.6707718 0.5979630 0.5512861 0.5857518 0.7068659 0.6549265 0.6554195 0.8018567 0.6721169 0.6678659 0.6162067 0.6989196 0.7002581 0.7707712 0.9102472 0.8419975 0.8245506 0.7412557 0.7347227 0.8862494 0.7252457 0.7291203 0.7450598 0.7105421 0.6860762 0.8091597 0.7424205 0.7919138 0.7415223 1.0186631 0.8606232 0.6973641 0.7949245 0.8738109 0.6753694 1.5281371 0.8185704 1.2040529 1.6582944 0.7462590 1.0978384 1.4518608 0.2780759 1.0935145 1.3230541 1.0085858 1.1534417 0.6084854 0.9043275 1.3128725 0.9681987 0.8913639 1.3610756 1.8805897 1.1717182 2.0851787 
Amil_Amillepora33411-RA                                      0.4917257 0.5789296 1.1244308 0.8689668 2.5997048 1.2858119 1.3598302 0.5700141 0.0000010 0.4159559 0.2868307 0.0000010 0.0899926 0.0929415 0.0000000 0.0111440 0.1181655 0.1059381 0.0000010 0.1394240 0.0000010 0.3619557 0.3648084 0.0000010 0.0000010 1.5596083 1.4234361 0.5195005 0.6416252 0.3817290 0.7157732 0.7466254 0.6864831 0.6590878 0.7334168 0.5894642 0.5894642 0.6875522 0.0000010 0.6541086 0.6185329 0.6668495 0.0000010 0.0000010 0.5682918 0.0000010 0.5730310 9.0000000 0.0000010 9.0000000 0.0000010 2.8175384 0.7169302 0.6141352 0.6141352 0.4598193 0.7171764 0.6946983 0.0000010 0.5280210 0.5297089 0.7149324 1.5710316 0.4848111 4.1224893 0.5222281 0.4683392 0.4821240 0.6485472 0.0000010 0.8350115 1.0077696 0.8875507 0.7982393 0.8055169 0.8055169 0.7963554 0.0000010 0.7735482 0.8398338 0.8398338 0.7735482 0.8398338 0.8347406 1.1698493 0.7536836 1.2428459 0.7536836 0.4111104 1.3460098 0.6149659 0.6470758 0.7790603 0.0000010 1.4389579 4.7392364 0.8091861 2.5455789 0.9021912 0.2364592 0.9650536 0.0000010 0.0000010 0.8828563 0.0000010 0.0000010 1.8332395 0.0000010 1.3801194 1.3967794 3.5536589 0.0000010 0.0000010 
Amil_Amillepora33429-RA                                      0.4967358 0.5546120 1.0869536 0.8380087 2.5997048 1.2883343 1.3642636 0.5440562 0.0000010 0.4198474 0.2684226 0.0000010 0.0907499 0.0800819 0.0111440 0.0000000 0.1038593 0.0927266 0.0000010 0.1248177 0.0000010 0.3417050 0.3444005 0.0000010 0.0000010 1.4497962 1.3098332 0.5456818 0.6499544 0.3617415 0.7206232 0.7518425 0.6909440 0.6631858 0.7386843 0.6011085 0.6011085 0.6922225 0.0000010 0.6582968 0.5917668 0.6391487 0.0000010 0.0000010 0.5436383 0.0000010 0.5788057 9.0000000 0.0000010 9.0000000 0.0000010 2.8473205 0.7169302 0.5885258 0.5885258 0.4366032 0.6894359 0.6664850 0.0000010 0.5046831 0.5063321 0.6860153 1.4839824 0.4622398 4.1224893 0.4984733 0.4449204 0.4765946 0.6797277 0.0000010 0.8430334 1.0290507 0.8891449 0.7997335 0.8135049 0.8135049 0.7978746 0.0000010 0.7750445 0.8414356 0.8414356 0.7750445 0.8414356 0.8427752 1.1737375 0.7551453 1.2469325 0.7551453 0.4111104 1.3460098 0.5886319 0.6205452 0.7805533 0.0000010 1.4389579 4.5592825 0.7805974 2.5455789 0.9690486 0.2334579 0.9320006 0.0000010 0.0000010 0.9015943 0.0000010 0.0000010 2.2195239 0.0000010 1.3801194 1.3967794 3.6861429 0.0000010 0.0000010 
Gasp_gasp1.m3.16061.m1                                       0.7216427 0.6760855 1.0536056 0.8542115 0.7688655 1.1018506 1.1389965 0.7909349 0.9229916 0.6743400 0.6636371 0.3751236 0.1768233 0.1961567 0.1181655 0.1038593 0.0000000 0.2295386 0.1778839 0.1667282 0.3805934 0.4612560 0.4249733 0.4568745 0.5219509 0.6197447 0.6446297 0.6923701 0.7796765 0.7241239 0.9044546 0.8225982 0.7845277 0.7770342 0.8843510 0.7721471 0.7721471 0.8808353 0.9982008 0.8591191 0.8261118 0.7406377 0.7843143 0.8655188 0.8027322 0.9481155 0.9383707 1.1130678 0.8980408 1.2681223 1.1755158 1.2876984 0.9616629 0.6442049 0.6503283 0.6632725 0.8330801 0.7704128 0.7361975 0.6555161 0.7115121 0.8466782 0.8336491 0.7934051 1.0083363 0.7986506 0.7988642 0.7680315 0.8022948 0.8564597 0.8801546 0.8023248 0.9192223 0.8129156 0.8581840 0.8340049 1.0123844 0.9635307 0.7852734 0.8032571 0.8733320 0.8412129 0.8762520 0.8397824 1.0332620 0.9478420 1.0656615 0.9125913 0.8407188 1.0220910 1.0086971 0.6579818 1.6610714 1.0643960 1.1422753 1.9770616 0.9647311 2.0014268 1.4391154 0.3514496 1.2552391 1.7641087 1.2709318 1.3907623 0.7951640 0.9635971 1.5269900 1.0433931 0.8761204 1.6851228 2.4479101 1.1870132 2.0601161 
Spis_XP_022792381_1                                          0.5946138 0.5830113 0.9238860 0.7319252 0.7186098 0.9510138 1.0061796 0.6447121 1.0068494 0.5594303 0.5207847 0.1628369 0.2029852 0.1475515 0.1059381 0.0927266 0.2295386 0.0000000 0.0143879 0.0546955 0.3916577 0.3544668 0.2940547 0.3456110 0.4252503 0.4479874 0.4592783 0.5505982 0.6456264 0.6089407 0.7063105 0.6663921 0.6184947 0.6121067 0.6684734 0.5965451 0.5965451 0.7444111 0.7394434 0.6937573 0.6765045 0.4919037 0.8514340 0.6965080 0.6386442 0.6584250 0.7521133 1.0872225 0.9495502 1.2226855 1.1664040 1.3055285 1.0192487 0.4821765 0.5113920 0.5486849 0.6108882 0.6590765 0.5833730 0.5263947 0.5533835 0.7208160 0.6216385 0.6254552 0.7727767 0.6927935 0.6522072 0.6072782 0.6927237 0.7166869 0.7813878 0.8730629 0.8367717 0.7842989 0.7416153 0.7350204 0.8796854 0.7446336 0.7208197 0.7367916 0.7245740 0.6993609 0.8006771 0.7497377 0.7783912 0.7261930 1.0140145 0.8487001 0.6747464 0.7380532 0.8811951 0.6464889 1.5642374 0.7590659 1.1081676 1.6921950 0.7412405 1.0960156 1.4873474 0.3371089 1.0938876 1.3486229 1.0594520 1.1632836 0.6584271 0.9052749 1.4032634 0.9716512 0.9366894 1.5009154 2.0183308 1.1261266 1.9271861 
Pocdam_XM_027199764.1                                        0.7283829 0.6513823 1.1812064 0.8493232 0.0000010 1.2467751 1.3948142 0.9823254 0.9823254 0.7582838 0.7819261 0.1743980 0.1262833 0.1497436 0.0000010 0.0000010 0.1778839 0.0143879 0.0000000 0.0000010 0.3263723 0.4183194 0.0000010 0.3625662 0.3663409 0.3677541 0.4258529 0.5746770 0.7008686 0.7346595 1.1985922 0.6960134 0.6014378 0.6014378 0.7998897 0.7105310 0.7105310 0.8827010 0.8841377 0.8123239 0.9138998 0.0000010 0.7915516 0.7915516 0.9674540 0.0000010 1.0974782 0.9275298 0.9495502 0.9275298 0.9482658 0.9275298 1.0494661 0.4237315 0.4237315 0.6306894 1.1151550 0.6083838 0.6133400 0.5038509 0.5412434 0.8294156 0.6128109 0.8258822 0.8498935 0.8590050 0.8605276 0.8459446 0.6322661 0.6084650 0.8495210 0.0000010 0.9788011 0.0000010 0.6548405 0.6559043 1.1417241 0.6469001 0.6965371 0.6965371 9.0000000 9.0000000 0.8603515 0.7867865 0.6563974 0.6563974 0.0000010 0.0000010 0.0000010 0.7553975 1.1845653 0.0000010 2.4678162 0.8608648 0.8608648 0.8745953 1.4583525 8.9999982 2.5187888 0.3471636 1.6304507 1.6874770 1.3477776 1.6285940 0.8334088 0.8326006 1.1123074 0.9716512 0.7601207 1.1120708 1.0460802 1.1524874 1.9815248 
Pocdam_XM_027199919.1                                        0.6171340 0.5246718 0.8443444 0.6970030 0.8863211 0.9493950 0.8600287 0.5365940 0.0000010 0.4899471 0.3513591 0.1884964 0.1840388 0.1559385 0.1394240 0.1248177 0.1667282 0.0546955 0.0000010 0.0000000 0.1884964 0.3983643 0.3820791 0.0000010 0.0000010 0.7465628 0.6751968 0.6342760 0.6363427 0.5641545 0.6689696 0.6794365 0.6595244 0.6441503 0.6722212 0.5870938 0.5870938 0.7193540 0.7000887 0.6936699 0.5208650 0.5454774 0.0000010 0.7196146 0.5309991 0.5806056 0.5899035 9.0000000 0.0000010 9.0000000 7.7591900 1.5619369 0.7169302 0.5376190 0.6096414 0.5141394 0.6541266 0.7227146 0.5762339 0.4952890 0.5082620 0.6680934 0.8163209 0.5592093 0.8997525 0.6125309 0.6435032 0.5117341 0.8408416 0.0000010 0.7100767 0.9162848 0.7894846 0.7905661 0.7134471 0.7134471 0.8031197 0.7478823 0.7119838 0.7549353 0.7549353 0.7119838 0.7534669 0.7301344 0.9752754 0.7902751 1.0014971 0.7902751 0.7413856 1.2155985 0.7455468 0.5951824 0.8284444 0.8482259 2.0783222 5.0890156 0.6574089 1.5423409 1.3776365 0.3450752 0.9331523 2.1394381 0.6950252 1.0033777 1.9180419 0.0000010 1.6712735 0.0000010 1.3801194 1.5560197 3.4164626 0.6721608 0.0000010 
Amil_Amillepora33412-RA                                      0.9003375 0.9573589 1.2965636 0.8500582 0.4104140 1.3649669 1.3649669 0.9230522 0.9613929 0.7316303 0.8155495 0.1774173 0.3930765 0.3639495 0.0000010 0.0000010 0.3805934 0.3916577 0.3263723 0.1884964 0.0000000 0.5384930 0.7746547 0.5784726 0.5884921 0.6314078 0.7718359 0.7898654 1.0231744 0.9311204 1.2196696 1.0121680 0.9634834 0.9634834 0.9901142 0.9634913 0.9634913 1.1376229 1.1495580 1.0275179 0.9784306 0.6445884 0.9788518 0.9362385 1.1449832 1.3119175 1.4976242 1.3878196 3.2945002 1.8071433 1.7051158 1.9610191 2.9737129 0.7606069 0.6117346 0.8609787 0.8506520 0.9978969 0.8969091 0.8701870 0.9182157 1.0064463 0.7215682 1.2192898 1.1537766 1.1839837 1.2405634 1.1291389 0.9460121 0.8062931 0.9158680 0.0000010 0.9831799 0.0000010 0.8247875 0.7920868 1.0944480 0.9344209 0.9102162 0.9102162 1.5946629 1.5946629 0.9955747 0.9510687 1.0116817 1.0116817 1.4356634 1.4356634 0.8684194 1.0474258 1.2837645 0.0000010 2.3100548 1.1291296 1.2441563 1.4795859 1.3982366 1.2261569 0.0000010 0.3784920 1.8472780 1.9427033 1.7929498 2.0224798 0.5643066 1.3718948 1.4834060 1.0782527 2.4510126 4.5912303 1.8659100 6.1754216 2.8755012 
Nvec_v1g184363                                               0.6461674 0.5747896 0.9299421 0.7485133 0.7246246 1.0292887 1.0902686 0.6696599 0.9372607 0.6382572 0.6523227 0.3368001 0.4678329 0.3806687 0.3619557 0.3417050 0.4612560 0.3544668 0.4183194 0.3983643 0.5384930 0.0000000 0.0350070 0.4892999 0.5672788 0.3952899 0.4265585 0.5548736 0.6761907 0.6475949 0.6581793 0.6569950 0.5940076 0.5876807 0.6721818 0.6083283 0.6083283 0.7186350 0.7220001 0.6639033 0.6749795 0.4678717 0.8070992 0.6479892 0.6326672 0.5568902 0.7394268 1.1642123 1.0249521 1.3862408 1.2643207 1.3674358 1.1144674 0.6097652 0.6311399 0.6647839 0.6207517 0.6355674 0.6075411 0.6017810 0.6204639 0.7263828 0.6376096 0.7067767 0.9062899 0.7766495 0.7633513 0.7275077 0.7561975 0.7390146 0.7647100 0.9486919 0.7941859 0.8195383 0.7437841 0.7139432 0.8349103 0.7768463 0.7122978 0.7188584 0.7749974 0.7635255 0.7669020 0.6898231 0.8279718 0.7787519 1.0184411 0.8722699 0.8608545 0.7556653 0.9306762 0.6143293 1.5122221 0.7332539 1.1005448 1.6399997 0.6627122 0.9945670 1.9753948 0.5512476 1.1082759 1.5437773 1.1367424 1.2091410 0.8572793 0.9742468 1.3330465 1.1913862 0.9562133 1.6374756 1.9030881 1.1472752 1.7597455 
Nvec_v1g153499                                               0.5405100 0.4930761 0.8875871 0.7361053 3.5094473 1.0920880 1.0303531 0.5174392 3.8869099 0.4565789 0.4260063 0.2730551 0.3933171 0.3459798 0.3648084 0.3444005 0.4249733 0.2940547 0.0000010 0.3820791 0.7746547 0.0350070 0.0000000 0.2693790 0.3035397 0.6042963 0.5444652 0.5018786 0.5990559 0.5352846 0.5726771 0.6080942 0.5729768 0.5575667 0.6108731 0.5557409 0.5557409 0.6300282 0.6145532 0.5895977 0.7123248 0.5983857 1.3246463 0.8244427 0.5410163 1.0977133 0.5709098 1.5254186 0.0000010 8.9999980 6.0399169 2.5571278 0.7169302 0.7062600 0.7434187 0.5236727 0.6421068 0.6622368 0.7164485 0.5862322 0.5884890 0.6815554 0.9192078 0.5681370 0.9614337 0.6475088 0.6516090 0.5350884 0.8291092 0.8101383 0.7948721 0.8424312 0.7655929 0.7280313 0.8020408 0.8020408 0.7508867 0.9793925 0.7955454 0.8130592 0.7473016 0.7275457 0.8456231 0.6928396 0.8932718 0.7744740 1.1455864 0.8332905 0.7221782 0.6235011 0.7847936 0.6576836 1.1675580 1.0242756 2.7208861 2.7182594 0.5702989 1.0301576 1.6964763 0.5115420 1.0088062 1.5688656 0.9400916 0.9979627 0.2693790 1.1748552 1.7504723 0.0000010 1.5070931 4.0683842 2.4518465 9.0000000 0.5935655 
Amil_Amillepora33432-RA                                      0.7994632 0.8017180 1.1072338 1.0230351 2.4626886 1.1521379 1.2913355 1.0240125 1.2379912 0.7806275 0.8164771 0.2725849 0.3497652 0.2872281 0.0000010 0.0000010 0.4568745 0.3456110 0.3625662 0.0000010 0.5784726 0.4892999 0.2693790 0.0000000 0.0386165 0.5758677 0.5678338 0.7302486 0.7771921 0.9116080 1.0877244 0.9094032 0.8424926 0.8424926 0.9952897 0.8864699 0.8864699 1.0014964 1.0011198 0.9449409 0.9666913 0.8030046 0.9610441 0.9226919 1.0023642 1.1789568 1.1828959 1.0326233 0.9993406 1.1554725 1.0959310 1.2110297 1.0509118 0.6858955 0.7130643 0.7367790 0.9078543 0.8799787 0.8622083 0.7752805 0.8343852 1.0267448 0.8555042 0.9655732 0.9735479 0.9406195 1.0390640 1.0063498 0.8269743 0.8730352 0.9691816 0.0000010 1.0795288 0.0000010 0.8910028 0.8759298 1.2761562 0.9560079 0.9390148 0.9390148 1.0493358 1.0493358 1.0676983 0.9446671 0.8987584 0.8987584 3.7991286 3.7991286 2.1565967 0.9364454 1.3787338 0.0000010 3.1881998 0.9545091 1.2193622 1.0560411 1.0357304 1.7101958 2.9295945 0.2224308 1.5380620 1.5151113 1.1887028 1.5556677 0.2647805 1.0322510 1.1625825 0.9992660 0.8815258 1.3901587 1.0803402 1.4572992 1.9557850 
Adig_XM_015922367.1                                          0.9497374 0.9222066 1.2146505 1.0950857 1.4271067 1.2764637 1.3624543 1.1307894 1.2273506 0.9037977 0.9148605 0.3616176 0.4090071 0.3270877 0.0000010 0.0000010 0.5219509 0.4252503 0.3663409 0.0000010 0.5884921 0.5672788 0.3035397 0.0386165 0.0000000 0.6377367 0.6299323 0.8032046 0.8794230 1.0174515 1.3115804 1.0117473 0.9467929 0.9467929 1.1779943 0.9684319 0.9684319 1.1133549 1.0992201 1.0508768 1.0550732 2.3127983 0.9598108 1.0226004 1.1077044 1.5242036 1.2563875 1.0413061 0.9678836 1.1614312 1.1018473 1.2171509 1.0509118 0.7620727 0.7973014 0.8320411 1.0608960 0.9799226 0.9471045 0.8677794 0.9297606 1.1186320 0.9208741 1.0674278 1.0833453 1.0448270 1.1088673 1.1112818 0.9605307 1.0072199 1.0898391 0.0000010 1.1640233 0.0000010 1.0261597 0.9866203 1.3436446 1.0929014 1.1250127 1.1250127 2.1508758 2.1508758 1.2448349 1.0653446 1.1088083 1.1088083 3.1624747 3.1624747 4.6136415 1.0540617 1.4560253 0.0000010 3.3399704 1.0810428 1.2453652 1.1870781 1.1415516 1.9752136 2.7484086 0.3377718 1.6783521 1.6122939 1.3017391 1.7490947 0.2870656 1.0503692 1.3089448 1.0798323 0.8582197 1.5162832 1.3641184 1.4609559 1.9659903 
Exapal_XM_021060074.2                                        0.7535596 0.6943009 0.9426658 0.7760128 0.5977542 1.0064801 1.1138606 0.7986784 0.9444155 0.7609472 0.8545988 0.3835726 0.5900260 0.4908125 1.5596083 1.4497962 0.6197447 0.4479874 0.3677541 0.7465628 0.6314078 0.3952899 0.6042963 0.5758677 0.6377367 0.0000000 0.0865760 0.7021969 0.8228456 0.7985148 0.9091192 0.7542177 0.7470052 0.7470052 0.8542300 0.7464063 0.7464063 0.8745296 0.7688822 0.8047117 0.8843588 0.8283500 0.8454374 0.7289545 0.8843172 0.7447489 0.9193911 0.9385374 1.0049345 1.0575291 1.1511144 1.1649575 1.0610691 0.6546014 0.6771853 0.8004755 0.7423271 0.8481302 0.6840893 0.8166849 0.8106235 0.8314161 0.6814712 0.8371019 0.8183472 0.8931060 0.8907463 0.8127994 0.7796639 0.7627640 0.9320827 1.5480809 0.9739473 1.4656981 0.8833423 0.8621088 1.0545401 0.7684659 0.9398332 0.9398332 1.0842197 1.0842197 0.9984338 0.9319964 0.8934185 0.8934185 1.2118773 1.2118773 0.7429562 0.7032438 1.0559615 1.1938955 2.0428661 0.7377853 1.0618632 1.5652077 0.3685483 1.1255245 2.4379412 0.7448072 1.1880602 1.4064115 1.0544043 1.6084095 0.9900024 1.0904114 1.3414292 1.2934007 1.1152143 1.6221588 1.8919916 1.3825538 1.8876188 
Exapal_XM_021060076.2                                        0.7640533 0.6857108 0.9518906 0.8011416 0.6777526 0.9771186 1.0889724 0.8123729 1.0338057 0.7859599 0.8718469 0.4098964 0.6097269 0.4955737 1.4234361 1.3098332 0.6446297 0.4592783 0.4258529 0.6751968 0.7718359 0.4265585 0.5444652 0.5678338 0.6299323 0.0865760 0.0000000 0.6800045 0.8144982 0.8166285 0.8421689 0.7331567 0.7148409 0.7148409 0.7860859 0.7207722 0.7207722 0.8317491 0.7464358 0.7662317 0.8780630 0.7715948 0.9099786 0.7714538 0.8544372 0.7703479 0.9496771 0.9991383 1.0655943 1.1350942 1.2357888 1.1263290 1.0768752 0.6524100 0.6752500 0.7993286 0.8001892 0.8834065 0.7384486 0.8276064 0.8404670 0.8462178 0.7272243 0.8228124 0.8528462 0.8933109 0.9042703 0.8104304 0.8354613 0.7981573 0.9372466 1.4241073 0.9879389 1.3724127 0.8658895 0.8458581 1.0891378 0.8016915 0.9814295 0.9814295 1.0563946 1.0563946 1.0404481 0.9593277 0.8861578 0.8861578 1.1962230 1.1962230 0.7918228 0.7614497 1.0937350 1.1037797 2.1361694 0.7188607 1.0769207 1.5294892 0.2845630 1.1237728 1.9082707 0.6713250 1.1754401 1.4462595 1.0344605 1.5952244 0.9744364 1.0976786 1.3939024 1.2865538 1.0811962 1.5683863 1.7668001 1.4509595 1.9490516 
Skow_XM_002740933.2                                          0.5721354 0.6319491 0.8668819 0.6881657 0.7521959 0.9844954 1.0349849 0.6284219 0.7740830 0.7151215 0.6625799 0.5062606 0.6526233 0.5192743 0.5195005 0.5456818 0.6923701 0.5505982 0.5746770 0.6342760 0.7898654 0.5548736 0.5018786 0.7302486 0.8032046 0.7021969 0.6800045 0.0000000 0.5436519 0.6508073 0.7691189 0.7085142 0.6426189 0.6396188 0.6925095 0.6787243 0.6787243 0.7586326 0.7877536 0.6880569 0.7912209 0.5549063 1.2021886 0.9413598 0.7852321 0.7611936 0.7806829 1.1447242 1.0368916 1.3486238 1.2254898 1.4066960 1.2658595 0.5649570 0.5793643 0.6754108 0.7393386 0.7711044 0.7931196 0.6984317 0.7028636 0.6776003 0.6862166 0.6076591 0.8082617 0.7030611 0.7393605 0.7373993 0.6719401 1.0216586 0.9346034 0.7510967 0.8540528 0.7515000 0.7670859 0.7595488 0.9563568 0.8747272 0.8553807 0.8705020 0.7828864 0.7609449 0.9520852 0.8420499 0.8439938 0.7988124 0.9170037 0.8150232 0.7120653 0.8776620 0.8897795 0.6809050 1.5815407 0.9995801 1.3941512 1.8959157 0.9284308 1.1621110 2.6587472 0.7690030 1.2429875 1.5876995 1.2115508 1.2362849 1.0842083 0.9200105 1.2204224 1.1459082 1.0388006 1.7820450 2.1690018 1.4320277 2.5397661 
Ctel_gnl_WGS_AMQN_CAPTEDRAFT_mRNA149854                      0.6439140 0.5791322 0.8932517 0.7086377 0.6841010 0.9151403 0.9959714 0.6367886 0.9345014 0.6961158 0.7083081 0.6283309 0.7502290 0.6404358 0.6416252 0.6499544 0.7796765 0.6456264 0.7008686 0.6363427 1.0231744 0.6761907 0.5990559 0.7771921 0.8794230 0.8228456 0.8144982 0.5436519 0.0000000 0.6440754 0.6478483 0.6370376 0.6089548 0.6059993 0.6379151 0.6064060 0.6064060 0.7552093 0.7732784 0.7059936 0.7493271 0.6119671 0.9976491 0.8209771 0.7108127 0.8085034 0.8420487 1.0645077 1.0841745 1.2517260 1.1388392 1.3669245 1.2191696 0.6633429 0.7103356 0.6771499 0.7096201 0.8017540 0.7769444 0.7418212 0.7456865 0.7684907 0.7580006 0.8233179 0.9156910 0.8058780 0.8156019 0.8182363 0.6769259 1.0055845 0.9509441 0.7475483 0.9453910 0.7882137 0.8577115 0.8462006 0.9592397 0.9904285 0.8933062 0.9077294 0.8518582 0.8304366 0.9746110 0.9496824 0.7882073 0.7449970 0.9686112 0.8374219 0.8080054 0.8120546 0.8548847 0.8133054 1.4643413 0.8910302 1.2057189 1.9176068 1.1363069 1.2298252 2.2417876 0.7961932 1.1583009 1.7741444 1.1941976 1.0784948 1.1313561 0.9376581 1.1340333 1.1007802 1.1317076 1.6838662 2.0210892 1.5290284 2.3417769 
Spur_XM_030995703.1                                          0.6676730 0.6029269 0.9625061 0.8053223 0.7883963 0.9960796 1.0380326 0.6666398 0.8491446 0.8145265 0.7743170 0.7235204 0.7466933 0.6394724 0.3817290 0.3617415 0.7241239 0.6089407 0.7346595 0.5641545 0.9311204 0.6475949 0.5352846 0.9116080 1.0174515 0.7985148 0.8166285 0.6508073 0.6440754 0.0000000 0.6394862 0.6064082 0.5794380 0.5790595 0.6260435 0.5895970 0.5895970 0.7486747 0.8158227 0.6662638 0.6182888 0.5711924 0.7206460 0.6209676 0.7199161 0.8425617 0.7783886 0.9360134 0.8635088 1.1938928 1.1062393 1.2952838 0.9836510 0.5954319 0.6390562 0.6535056 0.7404584 0.7101979 0.7818757 0.6926486 0.7264804 0.7729784 0.7532839 0.7038712 0.8176647 0.6872089 0.7119178 0.7125278 0.6771393 0.8147892 0.8507967 0.7259206 0.8748166 0.7645877 0.8685990 0.8488654 0.9212797 1.0934788 0.8489201 0.8614369 0.7442635 0.7271939 0.8806787 0.8488367 0.8775158 0.8309189 1.0874005 0.9432775 0.7852472 0.9382222 0.8667639 0.8104640 1.5716299 0.8932569 1.1415629 1.7641545 1.0523270 1.0715702 1.9735274 0.7893500 1.2084389 1.6286335 1.2723456 1.1037102 1.2630257 1.0594274 1.3091697 1.0580328 1.0286700 1.6799579 2.0362981 1.3198107 2.1609386 
HoiH06_mRNA2737                                              0.7012432 0.6445384 0.8874802 0.7984400 0.8621085 1.0142274 0.9742477 0.7373668 1.1834195 0.7426151 0.6993394 0.7098157 0.8816191 0.6833006 0.7157732 0.7206232 0.9044546 0.7063105 1.1985922 0.6689696 1.2196696 0.6581793 0.5726771 1.0877244 1.3115804 0.9091192 0.8421689 0.7691189 0.6478483 0.6394862 0.0000000 0.0418730 0.1499017 0.1452030 0.1757759 0.1970407 0.1970407 0.2151678 0.2457262 0.1839077 0.7000899 0.6034257 1.2375669 0.7946973 0.5346258 0.7977925 0.6789351 1.3086349 0.5885676 2.0853234 1.6477406 1.5515097 0.6732040 0.6403146 0.7254656 0.7508289 0.8036613 0.8111645 0.7771261 0.7659759 0.7665840 0.8332256 0.8185595 0.6664244 0.7333054 0.7009586 0.7231733 0.7026675 0.7689916 0.8524827 0.7703812 0.6502369 0.8639903 0.6234697 0.8657385 0.8657385 0.8019286 1.0528479 0.8472288 0.8484711 0.7247944 0.7238580 0.8335622 0.8199033 0.8053781 0.7337069 0.9874642 0.8166030 0.7559431 1.1122703 0.7440937 0.6266274 1.3520966 0.7390045 1.3507109 2.4534621 0.8454378 1.0381770 2.3940305 0.9754836 0.9340529 1.2804462 0.9335566 0.9068372 1.0317672 1.6946142 1.3459167 0.5493118 1.7142387 2.6170928 1.9795048 1.0010022 1.7971536 
HoiH23_PlH23_009701-RA                                       0.6619879 0.6013807 0.9539728 0.8200751 0.8384354 0.9668277 1.0129276 0.7333547 0.8830779 0.7322302 0.7144578 0.6075170 0.7956030 0.6590041 0.7466254 0.7518425 0.8225982 0.6663921 0.6960134 0.6794365 1.0121680 0.6569950 0.6080942 0.9094032 1.0117473 0.7542177 0.7331567 0.7085142 0.6370376 0.6064082 0.0418730 0.0000000 0.1292128 0.1258074 0.1914566 0.1683195 0.1683195 0.1933694 0.1936789 0.1668457 0.6642359 0.5868860 0.8154122 0.6981540 0.5697777 0.7823575 0.7004304 1.0381787 1.1218267 1.2100006 1.0986402 1.3016735 1.4388484 0.5751358 0.6293555 0.7065912 0.7854293 0.7561032 0.6999972 0.7186980 0.7188685 0.8578677 0.7100331 0.6649064 0.6893422 0.6916712 0.7295695 0.6729762 0.6852294 0.7540558 0.7740912 0.6570055 0.8338384 0.6300042 0.7878209 0.7750959 0.8232763 0.9716876 0.8517388 0.8542075 0.7672739 0.7637312 0.8538960 0.8138955 0.7603820 0.7086133 0.9664293 0.8134925 0.7437155 0.9273294 0.8341394 0.6270109 1.6702370 0.7433755 1.0211523 1.6997283 1.0326994 1.0427513 2.3967207 0.9869265 1.1125270 1.4881508 1.1297298 1.0206466 1.2095492 1.1323223 1.1424732 1.0020870 1.1324315 1.7227025 1.9245842 1.1148899 2.1485791 
Hhon_g02317.t1                                               0.6501991 0.6064239 0.9589220 0.7861718 0.7942025 0.9853433 1.0133146 0.7500211 0.9411255 0.7174901 0.7080339 0.5767402 0.7496083 0.6213767 0.6864831 0.6909440 0.7845277 0.6184947 0.6014378 0.6595244 0.9634834 0.5940076 0.5729768 0.8424926 0.9467929 0.7470052 0.7148409 0.6426189 0.6089548 0.5794380 0.1499017 0.1292128 0.0000000 0.0027021 0.1609151 0.1926104 0.1926104 0.1861032 0.2203413 0.1492793 0.6676464 0.5366117 0.8993121 0.7112630 0.5815816 0.7170157 0.7167702 1.0161583 1.0355291 1.2185790 1.1332468 1.2254170 1.3345583 0.5737401 0.6203853 0.7054910 0.7557397 0.6991748 0.6159992 0.6837988 0.6612707 0.8218832 0.7369460 0.6060258 0.6613431 0.6447915 0.6631627 0.6435363 0.6733150 0.7934367 0.7610837 0.7385372 0.7905836 0.6514820 0.7867422 0.7678797 0.8090620 0.9281052 0.8513530 0.8477709 0.7565829 0.7619275 0.8448694 0.7926921 0.8432460 0.7766982 1.0117048 0.8437323 0.7534389 0.8680319 0.8500356 0.5171415 1.6650374 0.7368051 1.0770808 1.6734569 1.0195514 1.0155614 2.4669560 0.9173649 1.1324091 1.4586844 1.1384535 1.0501941 1.1467718 1.0227842 1.2005195 0.8677058 1.0224735 1.7205864 1.8262072 1.0551933 2.1385344 
