80
Spis_Spis7793_1                                               0.0000000 0.0000010 0.0799993 0.1919115 0.2081436 2.4682589 0.1660057 0.1660057 0.0000010 0.2589691 0.0000010 0.0000010 1.7570178 3.3692305 1.8335756 0.0000010 1.7774323 1.8357591 0.0000010 5.8504579 1.4824146 1.4714746 1.3614024 1.1566547 1.4939904 4.2765267 0.0000010 1.9519115 0.0000010 1.9724495 0.0000010 4.1252768 3.0981659 0.0000010 0.0000010 0.0000010 0.0000010 0.0000010 1.9005121 0.0000010 0.0000010 0.0000010 0.0000010 3.0137634 0.0000010 0.0000010 4.1212809 3.3749540 0.0000010 2.1676778 3.5695016 3.1322697 3.2438402 1.8992961 2.0742028 2.1760245 2.1760245 1.8556627 2.0006889 2.0006889 2.2049998 0.0000010 2.0633460 0.0000010 1.8305758 0.0000010 3.3517826 3.7046015 8.9999990 0.0000010 4.6104918 5.1710168 5.1579081 5.1710168 3.1855708 5.1390073 0.0000010 2.2574688 0.5417188 5.2473141 
Fspp_ffun1.m4.9735.m1                                         0.0000010 0.0000000 0.0700938 0.0851194 0.0991675 0.8368096 0.1212294 0.1098236 0.0530132 0.3861428 0.0000010 0.7535624 0.8669229 0.7662712 0.6269088 0.6331921 0.7644432 0.7362218 0.0000010 0.6555832 0.7395803 0.8290287 0.9228569 1.8514200 0.7618590 0.9746014 1.1070632 0.8151892 1.2799586 0.9161465 0.0000010 0.5154241 1.6255088 1.4501849 1.9393405 2.8352416 0.0000010 0.0000010 1.4285375 0.0000010 1.3917079 1.8446550 1.9449874 1.4730254 1.2432372 0.0000010 0.0000010 1.3367776 1.8420416 1.4849475 2.0888060 0.0000010 0.0000010 1.3375224 1.2910890 1.3339442 1.3339442 1.2616600 1.3506067 1.3506067 1.1321456 1.3221628 1.1395739 1.0682448 1.3534189 1.0019702 1.8343078 1.8839554 1.9225630 0.0000010 2.6488344 3.0381269 2.4303722 2.1560483 0.0000010 2.9404160 1.1196193 2.1509528 1.5562031 1.5329086 
Pocdam_XM_027181651.1                                         0.0799993 0.0700938 0.0000000 0.1278220 0.1074491 0.1290441 0.1815284 0.1731196 0.0955352 0.4063080 0.1476657 0.9810613 1.0341457 1.0087432 0.8089599 0.5993467 0.9045183 1.0634348 1.0811532 0.8254747 1.0581630 0.8176574 0.9258741 0.9909622 1.0341578 1.1988179 1.1944057 1.1821402 1.2500632 1.2383792 1.1518287 2.0612087 1.8750241 1.5030913 1.9409486 2.3210219 3.2274933 2.7272786 1.6227772 1.7951467 1.4499941 1.6753892 1.9221359 1.7715015 1.2404144 1.6269297 1.8877481 1.6832208 1.7024244 1.6908404 1.9625762 2.5936822 2.9216904 1.5022524 1.5626631 1.5445829 1.5525044 1.4107119 1.4937577 1.4779399 1.2800657 1.4243788 1.3015743 2.1116210 1.6385900 1.0247005 2.2299542 2.2965047 2.1694103 2.6779215 2.5464529 2.6428563 2.4965889 2.6286566 2.4356868 2.6078011 1.2635278 2.1922103 1.5637492 3.1411981 
Gfas_gfas1.m1.14429.m1                                        0.1919115 0.0851194 0.1278220 0.0000000 0.1260410 0.1366113 0.1582378 0.1492440 0.1367853 0.4104111 0.2672083 0.9836199 1.0267865 1.0094397 0.8268559 0.6114367 0.9432208 1.0748028 1.0587350 0.8612417 1.0601340 0.8211039 0.9664977 0.9800067 1.0507321 1.2269242 1.2251267 1.2133169 1.2377720 1.2425010 1.2667645 2.0134436 1.8879355 1.4655122 1.8808507 2.4874789 3.1217181 2.7530038 1.6584629 1.7153600 1.5542378 1.6578180 2.0075939 1.7627593 1.2371558 1.7056740 1.8470104 1.6671915 1.6714482 1.6673874 1.9639240 2.5251912 2.8277556 1.4817280 1.5090698 1.5155582 1.5233572 1.3671966 1.4548824 1.4388550 1.2842227 1.4073917 1.2864681 1.9873454 1.6508181 1.0662254 2.2025155 2.2322311 2.1331279 2.6562334 2.5760424 2.5892385 2.4497710 2.5096146 2.3837069 2.5313761 1.3120122 2.2524568 1.6238431 3.0680617 
Gasp_gasp1.m3.3235.m1                                         0.2081436 0.0991675 0.1074491 0.1260410 0.0000000 0.0818099 0.1809750 0.1707494 0.1311978 0.4181909 0.2101511 1.0450931 1.0882262 1.0346722 0.8600812 0.6687075 0.9595224 1.0956634 1.0515338 0.8647520 1.0777263 0.8449612 0.9481941 1.0032370 1.0973787 1.2381347 1.2537350 1.2340265 1.2500632 1.3157108 1.1452628 2.1789081 1.8923250 1.4570369 1.9626030 2.2923660 2.8862976 2.5712930 1.6812303 1.8105343 1.4560279 1.7276930 2.0512565 1.8317134 1.3017082 1.7295428 1.9307929 1.7029657 1.6950038 1.7365555 2.1542949 2.9740906 3.3592704 1.5287199 1.5669190 1.5617312 1.5697519 1.4375325 1.5073489 1.4916062 1.3256076 1.4264691 1.3362808 2.2208495 1.6944278 1.0425350 2.2099735 2.3315909 2.1295178 2.7618506 2.5867189 2.6597640 2.5165943 2.6333135 2.5632470 2.6316924 1.3645881 2.1829654 1.6331981 3.2303787 
Fspp_ffun1.m4.19890.m1                                        2.4682589 0.8368096 0.1290441 0.1366113 0.0818099 0.0000000 0.2311067 0.2227994 1.7341003 0.4541609 0.1885899 1.1562020 1.0649558 1.0719351 0.8624884 1.9416893 0.9809222 1.2098447 1.0554134 0.9474821 1.1708994 0.7957396 0.9125650 0.9688473 1.1428423 1.2482612 1.2173034 1.3326040 0.0000010 1.3936697 1.1217093 1.9540981 1.9270792 0.0000010 0.0000010 2.1224212 3.1005616 2.6652463 1.8010595 1.7574656 1.4783867 1.6497746 2.1167028 1.8672626 9.0000000 1.6273746 1.7062135 1.7725065 1.6693887 1.7347662 1.8702567 2.9114244 3.6563443 1.5770126 1.5735970 1.6298093 1.6419407 1.4626266 1.5228923 1.5003432 1.3788083 1.5093389 1.4016486 2.1690101 1.8001277 1.5182769 2.3068548 2.3457794 2.1626672 2.6573517 2.5132271 2.4850364 2.4508123 2.5182715 2.4773528 2.3786593 1.3372163 2.5308506 1.6290961 3.4098196 
Adig_XM_015922255.1                                           0.1660057 0.1212294 0.1815284 0.1582378 0.1809750 0.2311067 0.0000000 0.0099073 0.1396423 0.4285250 0.3769412 1.0230510 1.0764749 1.0437457 0.8808299 0.6353963 0.9412690 1.1211564 1.0697615 0.8517711 1.0729468 0.8412822 0.9547708 1.0474206 1.0774867 1.2836250 1.1667899 1.2224150 1.2127288 1.2610312 1.3199158 2.2434127 1.9189094 1.5409474 1.9736795 2.4197412 3.1914064 2.6517048 1.6844204 1.9832654 1.5371822 1.6510938 2.0659525 1.8109299 1.2596687 1.6320282 1.9216111 1.7604392 1.7252487 1.7746812 2.3398192 3.1476932 3.1846988 1.4425552 1.4756109 1.5008073 1.5051642 1.3879758 1.4202555 1.4232127 1.3407297 1.3806819 1.3186262 1.9192941 1.6343226 1.0715613 2.2842742 2.3244753 2.2044673 2.5802340 2.5718724 2.6157798 2.4493156 2.4904919 2.4190883 2.5632256 1.3212280 2.0926452 1.6034336 3.2890448 
Amil_Amillepora08808-RA                                       0.1660057 0.1098236 0.1731196 0.1492440 0.1707494 0.2227994 0.0099073 0.0000000 0.1740375 0.4249056 0.3938922 0.9774534 1.0390048 1.0048994 0.8590001 0.6379961 0.9401754 1.0848720 1.0947416 0.8387718 1.0547151 0.8247427 0.9342813 1.0065535 1.0382917 1.2399495 1.2208980 1.2276603 1.2127288 1.2541930 1.3090789 2.1331781 1.8920928 1.5409474 1.9736795 2.3378924 2.6479866 2.0638953 1.6383219 1.7278870 1.5030708 1.5893918 1.9307398 1.7877199 1.2596687 1.5272753 1.8256668 1.7207714 1.6979438 1.7382449 2.0136631 2.6280972 2.9428230 1.4631491 1.4968854 1.5127808 1.5206963 1.3712191 1.4486267 1.4322812 1.2990699 1.3621884 1.3063327 1.9192941 1.6580043 1.0715613 2.2434158 2.3098048 2.1904749 2.6285433 2.5942094 2.5728924 2.4279321 2.5157846 2.4192917 2.5712196 1.3783123 2.1614063 1.5837498 2.9720416 
Spis_XP_022799800_1                                           0.0000010 0.0530132 0.0955352 0.1367853 0.1311978 1.7341003 0.1396423 0.1740375 0.0000000 0.3876536 0.0000010 0.8073156 1.0813961 0.8418984 0.6808992 0.6420217 0.8521647 0.8248697 2.0253384 0.6572278 0.7376715 0.8739765 0.9432865 2.0137782 0.8241681 1.0490463 1.5028996 0.9481989 1.2500632 1.0473355 0.0000010 4.1133470 1.7089603 1.4683028 1.9434466 2.6559847 1.9837302 1.9837302 1.4813334 2.3793685 1.4429760 2.1030347 2.1030347 1.5619477 1.2379646 0.0000010 3.7865104 1.4403839 1.7048727 1.5751750 3.9159855 4.2287001 9.0000000 1.4081422 1.4880208 1.4354113 1.4361708 1.2921981 1.4572871 1.4572871 1.2887659 1.3265784 1.2048937 1.2604657 1.5319701 1.0394712 1.9389856 2.1012366 1.9662609 0.0000010 2.8348623 3.6066370 2.6598263 8.9999985 8.9999982 3.4027269 0.9774569 2.1395404 1.6693827 2.3962924 
Nvec_v1g239885                                                0.2589691 0.3861428 0.4063080 0.4104111 0.4181909 0.4541609 0.4285250 0.4249056 0.3876536 0.0000000 0.6890798 1.0009120 1.0453943 1.0643910 0.8741249 0.6382859 0.9351210 1.0736185 1.1290394 0.9414931 1.0555620 0.8051651 0.9652723 0.9652304 1.0192454 1.2648423 1.2967962 1.2551180 1.4261227 1.2463253 1.3817166 2.0885461 1.9259449 1.3248813 1.7216638 2.4456503 3.2897312 3.0340576 1.6306220 1.7105618 1.2790517 1.7757705 2.1001258 1.8364765 1.1596677 1.7743740 1.9453752 1.6800613 1.8090637 1.6490363 2.0781216 2.8767579 3.0906974 1.4049897 1.4459204 1.4385606 1.4472605 1.3429871 1.4011388 1.3801709 1.3225651 1.4012834 1.3042450 1.9930039 1.7074480 1.2376312 2.1871344 2.2190455 2.0583046 2.8174100 2.6700240 2.7667240 2.6082465 2.5678875 2.4995363 2.7720917 1.3794445 2.3734533 1.6704482 3.1802956 
Spis_Spis25383_1                                              0.0000010 0.0000010 0.1476657 0.2672083 0.2101511 0.1885899 0.3769412 0.3938922 0.0000010 0.6890798 0.0000000 2.4527031 2.3482060 2.0809062 3.1002386 0.0000010 2.4236451 3.3964093 0.0000010 2.0313861 3.1657513 2.1621813 1.9460991 2.3693933 2.0088214 2.7224122 3.4341445 2.7464931 0.0000010 3.3692601 1.2845393 2.9244352 2.7218578 0.0000010 0.0000010 1.3503232 2.0400387 0.0000010 2.3463952 0.0000010 0.0000010 0.0000010 0.0000010 2.8719579 0.0000010 0.6360382 0.5847262 3.1336614 2.3397757 3.5564817 0.0000010 0.0000010 0.0000010 1.4086621 1.6623839 1.8194362 1.8467939 1.4806995 0.9789567 0.9789567 1.8975254 0.0000010 1.5410773 5.3060034 2.3439597 1.3513787 3.5277539 4.3590341 4.9189208 3.2520218 3.2520218 4.1627096 4.1627096 4.1627096 4.1201835 2.7371418 3.2965384 0.6618555 9.0000000 8.9999988 
Ctel_gnl_WGS_AMQN_CAPTEDRAFT_mRNA120947                       0.0000010 0.7535624 0.9810613 0.9836199 1.0450931 1.1562020 1.0230510 0.9774534 0.8073156 1.0009120 2.4527031 0.0000000 0.0121196 0.8829056 0.8593636 0.6700067 0.8343552 1.0358368 0.0000010 0.8565728 1.3908082 1.1890492 1.2671377 1.1279501 1.1047251 1.2437296 1.7595176 1.5294268 1.5961277 1.5163304 2.8902743 2.2288059 2.1343758 1.4857749 1.6985903 3.1180567 3.3814198 2.8058656 1.8328199 0.0000010 1.4959733 1.7369647 2.4617591 2.0157877 1.4030939 2.2570356 2.2570356 1.8428598 1.8444773 2.2327371 2.7418319 0.0000010 0.0000010 1.5283131 1.5765411 1.5416773 1.5532619 1.4838095 1.4664731 1.4664731 1.4583397 1.7244197 1.4813836 1.9459336 1.7279943 1.3695910 2.4802022 2.3828119 2.2599345 3.6399076 3.1193751 3.2621440 3.0187224 2.8012226 2.5281960 3.0456825 1.7416617 2.2932459 1.8783413 3.7356226 
Ctel_gnl_WGS_AMQN_CAPTEDRAFT_mRNA192080                       1.7570178 0.8669229 1.0341457 1.0267865 1.0882262 1.0649558 1.0764749 1.0390048 1.0813961 1.0453943 2.3482060 0.0121196 0.0000000 0.9630111 0.9249458 0.7568737 0.9046706 1.0709045 0.4729561 0.8089275 1.3003995 1.2676899 1.3185769 0.9601853 1.2181183 1.2393350 1.4827814 1.5722460 1.5961277 1.5686151 1.4704554 2.1549261 2.1166906 1.4857749 1.6985903 3.0567897 3.1291186 2.6416724 1.9050118 1.8066909 2.0954941 1.7306447 2.5797570 2.0204836 1.4030939 1.6651865 1.9738175 1.9619079 1.8456143 2.0816542 2.3350895 2.9654076 3.2103210 1.5983618 1.6570315 1.6008740 1.6139058 1.5066404 1.5802855 1.5469495 1.5046494 1.6454099 1.5597508 1.9801369 1.7303179 1.3695910 2.4442780 2.3556969 2.2403394 2.5109462 2.7286442 2.8343308 2.7516619 2.5655933 2.2762519 2.8286924 1.7283931 3.4752586 1.8955476 3.2825362 
Cgig_XM_034480024.1                                           3.3692305 0.7662712 1.0087432 1.0094397 1.0346722 1.0719351 1.0437457 1.0048994 0.8418984 1.0643910 2.0809062 0.8829056 0.9630111 0.0000000 0.8132301 0.6271288 0.6154108 0.9860632 0.7267652 0.7419042 1.1138427 1.1660119 1.2504803 0.9484683 1.0816436 1.2522026 1.3406864 1.3798722 1.8404120 1.3318526 1.3456795 2.0525261 1.8516358 1.4311790 1.7672170 2.2182597 2.1658886 2.4247402 1.6032038 1.8752132 1.2321953 1.6353034 2.0129206 1.8385348 1.5111436 1.8373592 2.0434123 1.7010580 1.5978711 1.7533657 2.0203195 2.6733498 3.2068859 1.4671977 1.5074420 1.5132020 1.5270342 1.3992283 1.4419359 1.4274986 1.4535290 1.6937665 1.5025583 2.1161744 1.7022487 1.2981763 2.2084857 2.1535425 2.0276813 2.3738344 2.5214760 2.6269037 2.4768185 2.3669677 2.2452092 2.5053327 1.2689636 2.2549037 1.7481835 3.0584889 
Bralan_BLAG90000734_1                                         1.8335756 0.6269088 0.8089599 0.8268559 0.8600812 0.8624884 0.8808299 0.8590001 0.6808992 0.8741249 3.1002386 0.8593636 0.9249458 0.8132301 0.0000000 0.3583592 0.7300913 0.8886062 0.7073870 0.7838836 0.9653037 1.0501560 1.1474071 0.8169246 0.9729219 1.1214162 1.3961393 1.3905895 1.7720391 1.4585616 1.7471128 1.9521687 1.9930270 1.5360169 1.7956984 2.4429947 3.2360620 2.8223108 1.7523919 1.8220333 1.4069383 1.4581845 1.8152049 1.7881315 1.3780215 1.5948113 1.8672829 1.6882420 1.8310313 1.8261124 2.0994643 2.5599165 2.4722276 1.4501838 1.4731113 1.4983885 1.5075232 1.3764587 1.4262717 1.4122126 1.3616677 1.4926564 1.4265967 1.9084410 1.6520221 1.3502917 2.3139798 2.3077327 2.1469313 2.6420701 2.7079513 2.8847431 2.7281732 2.6931850 2.3952726 2.6134188 1.3981895 2.2703470 1.6104084 3.1891576 
Skow_XM_006818934.1                                           0.0000010 0.6331921 0.5993467 0.6114367 0.6687075 1.9416893 0.6353963 0.6379961 0.6420217 0.6382859 0.0000010 0.6700067 0.7568737 0.6271288 0.3583592 0.0000000 0.5504207 0.5508157 0.0000010 0.6176168 0.7031260 0.8758665 1.0217921 4.2603744 0.7893450 1.0205741 2.1562340 1.0574852 1.8318232 1.0871660 0.0000010 0.0000010 1.3680472 1.5394553 1.7532997 2.0655879 0.0000010 0.0000010 1.3857971 0.0000010 1.4018493 1.7907206 1.7907206 1.3767180 1.2850349 0.0000010 0.0000010 1.2659447 1.3782696 1.6085210 1.1435701 0.0000010 0.0000010 1.2772174 1.2612820 1.3100068 1.3100068 1.1866419 1.2467785 1.2467785 1.1659734 1.0763116 1.0869851 1.7568516 1.4516285 1.2497683 1.4907436 1.5853163 1.5702372 0.0000010 2.5081993 3.3003848 2.3946098 0.0000010 0.0000010 2.6952224 1.1412569 2.1258415 1.7942027 1.9913897 
Acagra_model.g29369.t1_model.g29370.t1                        1.7774323 0.7644432 0.9045183 0.9432208 0.9595224 0.9809222 0.9412690 0.9401754 0.8521647 0.9351210 2.4236451 0.8343552 0.9046706 0.6154108 0.7300913 0.5504207 0.0000000 0.9367081 0.5363773 0.7435469 1.0254593 1.1322988 1.1947857 0.7871565 1.0311031 1.1621251 1.4710305 1.4605097 1.6931294 1.4197176 1.2861460 1.9407415 1.8628665 1.5477568 1.8075183 2.3127824 2.3878046 2.3414340 1.6971700 2.0816699 1.1804234 1.6848092 2.1095677 1.9005562 1.5658256 1.8426308 1.9940386 1.6042603 1.6765866 1.8381997 2.0518345 2.4464541 2.4184734 1.4675452 1.4714336 1.4874600 1.4900829 1.3921608 1.4619122 1.4495634 1.3715645 1.6205240 1.4467864 1.8644641 1.6871835 1.4058482 2.0952794 2.1599835 2.0001893 2.8059718 2.6375882 2.8039780 2.6393100 2.7856617 2.3754576 2.6206826 1.4594988 2.1885251 1.7282492 2.8315018 
Spur_XM_030975160.1                                           1.8357591 0.7362218 1.0634348 1.0748028 1.0956634 1.2098447 1.1211564 1.0848720 0.8248697 1.0736185 3.3964093 1.0358368 1.0709045 0.9860632 0.8886062 0.5508157 0.9367081 0.0000000 0.8864516 0.9405492 1.2260520 1.1469759 1.2791551 0.8716944 1.1776615 1.2911273 1.4991094 1.4768972 1.4550314 1.4544291 1.3903672 2.0201627 1.9753113 1.3851174 1.5937627 2.5370654 2.4250648 2.5861617 1.7418087 1.7810984 1.4332243 1.7395797 2.1725930 1.9763939 1.3220076 1.6387637 1.9878590 1.7303242 1.7328385 1.9268218 2.0814263 2.5055862 2.7457771 1.4676720 1.4744712 1.5254847 1.5307567 1.4329927 1.4800527 1.4674829 1.5072424 1.6038295 1.5010727 1.7997234 1.7545358 1.3696753 2.4385404 2.4454710 2.3441678 2.7260756 2.7015768 2.7650728 2.6520492 2.6253470 2.3363430 2.7849555 1.6323382 2.4378246 1.7025999 3.1708202 
Cscu_XM_023359234.1                                           0.0000010 0.0000010 1.0811532 1.0587350 1.0515338 1.0554134 1.0697615 1.0947416 2.0253384 1.1290394 0.0000010 0.0000010 0.4729561 0.7267652 0.7073870 0.0000010 0.5363773 0.8864516 0.0000000 0.0000010 0.7496663 1.2832373 1.2031408 0.6550041 1.2801487 0.6912309 0.5870028 1.6839648 0.0000010 1.2028333 0.8942655 1.7511285 1.8194101 0.0000010 0.0000010 1.4846598 4.2000676 0.0000010 1.6800531 2.1375158 1.2096029 0.0000010 0.0000010 1.5546316 0.0000010 1.2338010 1.6120212 1.6833469 0.7538160 1.7392900 1.1461712 1.9237500 2.6605886 1.3416569 1.3262970 1.3083476 1.3083476 1.0477257 1.2737533 1.2574499 1.6928406 2.7932311 1.5624932 0.0000010 1.2821759 0.0000010 2.2745334 1.9263952 1.2618126 1.7554359 2.0303862 1.9992727 1.9162213 1.9992727 2.1762345 2.3664459 0.0000010 2.1321585 0.0000010 1.6469580 
Cscu_XM_023359235.1                                           5.8504579 0.6555832 0.8254747 0.8612417 0.8647520 0.9474821 0.8517711 0.8387718 0.6572278 0.9414931 2.0313861 0.8565728 0.8089275 0.7419042 0.7838836 0.6176168 0.7435469 0.9405492 0.0000010 0.0000000 0.9991393 0.9781708 1.0789302 0.7832989 0.9657889 0.9495667 1.4078676 1.2996573 1.7300337 1.2561992 1.3501912 1.6913944 1.8697609 1.6116739 1.8671595 2.3898027 2.7493539 2.6165426 1.6503462 0.4691889 1.3422460 1.7007003 2.0699073 1.7222913 1.4319811 1.6143550 1.3866790 1.5873829 1.7348603 1.5641636 1.6559641 0.5836191 0.5836191 1.2642717 1.2763248 1.3122865 1.3165524 1.2673860 1.2378059 1.2346738 1.3124690 1.5504426 1.3149804 2.0478146 1.5296787 1.4267980 2.1964284 2.1355405 2.0764800 2.8157520 2.6030740 2.6953392 2.5287836 2.3967996 2.0597292 2.6233366 1.4504441 2.1306413 1.7199987 3.8047726 
Hsap_ENST00000262133                                          1.4824146 0.7395803 1.0581630 1.0601340 1.0777263 1.1708994 1.0729468 1.0547151 0.7376715 1.0555620 3.1657513 1.3908082 1.3003995 1.1138427 0.9653037 0.7031260 1.0254593 1.2260520 0.7496663 0.9991393 0.0000000 1.2675757 1.3352922 1.0465215 0.9625597 1.4205688 1.5592137 1.5322441 1.6221552 1.5768751 1.6478809 2.2734017 2.0607882 1.3635646 2.0115364 2.6822935 2.8064364 3.0728950 1.8112085 1.5987952 1.6039762 2.0203474 2.3033058 1.9938676 1.5107530 2.0802844 2.0663213 2.0049825 2.1674937 1.8249888 1.9858646 2.3224015 2.4732757 1.5932983 1.6214449 1.6112703 1.6188035 1.5862281 1.6512681 1.6295026 1.5208901 1.5916362 1.4903159 2.3391282 1.9395987 1.3643615 2.3925267 2.4052907 2.3275715 2.7658385 2.8154845 2.9217198 2.7975627 2.6572153 2.4522902 2.8490393 1.7097909 2.1712569 2.0105238 3.2911786 
Dgig_XM_028535972.1                                           1.4714746 0.8290287 0.8176574 0.8211039 0.8449612 0.7957396 0.8412822 0.8247427 0.8739765 0.8051651 2.1621813 1.1890492 1.2676899 1.1660119 1.0501560 0.8758665 1.1322988 1.1469759 1.2832373 0.9781708 1.2675757 0.0000000 0.3669767 1.1189431 1.2067191 1.3813939 1.2735884 1.3520354 1.4229987 1.4113668 1.2821223 2.2507780 1.9501126 1.7445991 1.7125347 2.5141841 2.5997056 2.3985497 1.7962028 1.9761897 1.4075138 1.8348399 2.4723188 1.8742921 1.5319211 1.6717768 1.9303292 1.7398047 1.7447891 1.7522226 2.4488592 3.2404081 3.6920591 1.4497368 1.4691306 1.4949752 1.5088187 1.3915667 1.4462183 1.4359328 1.4840817 1.5268595 1.4001246 2.1718679 1.7655416 1.5935427 2.2916341 2.3178019 2.1440976 2.4396899 2.6295809 2.7160941 2.5910053 2.6254257 2.2592954 2.5735496 1.3304330 2.6711640 1.8834874 3.4601021 
Xesp_006275-T1                                                1.3614024 0.9228569 0.9258741 0.9664977 0.9481941 0.9125650 0.9547708 0.9342813 0.9432865 0.9652723 1.9460991 1.2671377 1.3185769 1.2504803 1.1474071 1.0217921 1.1947857 1.2791551 1.2031408 1.0789302 1.3352922 0.3669767 0.0000000 1.2032079 1.2716825 1.4628437 1.3753011 1.4567517 1.5202063 1.5293720 1.3248265 2.1539018 2.1193555 1.9937086 1.6439980 2.5419120 2.7587240 2.6748255 1.9188751 2.0463918 1.6749098 1.9606737 2.8836666 1.9947189 1.5904123 1.9290556 2.0298124 1.7463094 1.8632510 1.7901632 2.4536766 2.9392630 3.3789147 1.4884636 1.5055061 1.5255484 1.5395373 1.4433152 1.5017075 1.4887600 1.5566630 1.6500919 1.4764965 2.1815186 1.8791577 1.7263766 2.3581221 2.3455157 2.1518847 2.8177007 2.7124312 2.6574013 2.6052447 2.5953198 2.4319256 2.6741551 1.4373058 2.8444560 1.9156415 3.6910965 
Skow_XM_002737911.2                                           1.1566547 1.8514200 0.9909622 0.9800067 1.0032370 0.9688473 1.0474206 1.0065535 2.0137782 0.9652304 2.3693933 1.1279501 0.9601853 0.9484683 0.8169246 4.2603744 0.7871565 0.8716944 0.6550041 0.7832989 1.0465215 1.1189431 1.2032079 0.0000000 0.9909407 1.2005131 1.3157011 1.5611531 0.0000010 1.4788272 1.3853571 2.0248517 2.1551225 5.0669936 9.0000000 2.7387980 2.7573065 2.4521200 1.8117661 1.8744231 1.4539841 1.8106890 2.4987182 2.0024712 8.9999986 1.5431487 1.8118620 1.9476395 1.6770097 1.7244556 2.2479713 2.5884469 2.8808799 1.4892522 1.4721314 1.5377566 1.5467924 1.3813249 1.4807082 1.4536176 1.4571111 1.7316852 1.5531185 2.3861224 1.7821944 2.5057054 2.5069825 2.5328126 2.4533576 2.7091906 2.5560593 2.4909901 2.4857630 2.3794169 2.1700038 2.3792554 1.4313287 2.9151576 1.7047162 3.0511131 
Hsap_ENST00000373664                                          1.4939904 0.7618590 1.0341578 1.0507321 1.0973787 1.1428423 1.0774867 1.0382917 0.8241681 1.0192454 2.0088214 1.1047251 1.2181183 1.0816436 0.9729219 0.7893450 1.0311031 1.1776615 1.2801487 0.9657889 0.9625597 1.2067191 1.2716825 0.9909407 0.0000000 1.3327934 1.3997650 1.4530610 1.4678864 1.4268772 1.2653693 2.1179188 2.0938518 1.5282987 1.5962930 2.4955706 2.5895881 2.7020862 1.7553694 1.4625584 1.8334829 1.8485857 2.1482424 2.0022494 1.5375792 1.7127394 1.8713699 1.8585857 1.9030636 1.7278640 2.2536474 2.4485269 2.6827565 1.5737742 1.5907154 1.6037987 1.6113199 1.4453824 1.5905602 1.5552345 1.4643676 1.4358937 1.4126254 2.0040880 1.8272991 1.7125077 2.4422698 2.4055537 2.3172792 2.9041526 2.8586216 2.9205015 2.8443112 2.6660688 2.4279798 2.7442261 1.4727235 2.3830316 1.8726700 3.1419692 
Dpul_mRNA20667                                                4.2765267 0.9746014 1.1988179 1.2269242 1.2381347 1.2482612 1.2836250 1.2399495 1.0490463 1.2648423 2.7224122 1.2437296 1.2393350 1.2522026 1.1214162 1.0205741 1.1621251 1.2911273 0.6912309 0.9495667 1.4205688 1.3813939 1.4628437 1.2005131 1.3327934 0.0000000 1.6430742 1.7596337 1.8936677 1.7158245 1.4993978 2.0834081 2.1951324 1.6895454 1.9752244 2.7941749 3.9026636 2.7526004 1.9340878 2.0649136 1.9981631 1.9601400 2.5698568 2.0918646 1.4615431 1.6415010 2.1005081 2.1053658 1.9232493 1.9343930 2.1722516 3.4054230 4.5318381 1.6681203 1.6453056 1.6897311 1.6900164 1.6047390 1.6465700 1.6104477 1.6685333 1.7883206 1.6817151 1.9506816 1.8187615 1.4418205 2.3677589 2.3298072 2.1663578 2.4963080 2.6998552 2.7739938 2.6336175 2.5871302 2.2993187 2.6660741 1.6541054 2.8731518 2.0758149 3.2581186 
Aaur_scaffold1471.g2.t3                                       0.0000010 1.1070632 1.1944057 1.2251267 1.2537350 1.2173034 1.1667899 1.2208980 1.5028996 1.2967962 3.4341445 1.7595176 1.4827814 1.3406864 1.3961393 2.1562340 1.4710305 1.4991094 0.5870028 1.4078676 1.5592137 1.2735884 1.3753011 1.3157011 1.3997650 1.6430742 0.0000000 0.6319595 0.0000010 0.7766517 1.3263190 2.1738102 2.2688034 0.0000010 0.0000010 2.5883802 3.3190176 3.3215018 2.0289116 0.9111700 1.9045200 2.1283590 2.3524271 2.1549860 0.0000010 2.1564125 1.8377693 2.0173183 2.1798075 1.6173319 1.5157216 1.7833956 7.3656286 1.5883328 1.5911124 1.6305596 1.6256279 1.6070196 1.6033691 1.5978363 1.6100561 1.7195698 1.5989020 2.8046294 1.8487355 3.8156666 2.9067887 2.8312120 2.7238372 2.7031613 2.6272863 2.5370879 2.6045899 2.4916774 2.2532434 2.5566219 1.3588285 1.7827712 1.4930880 4.0496123 
Nemnom_g11891.t1                                              1.9519115 0.8151892 1.1821402 1.2133169 1.2340265 1.3326040 1.2224150 1.2276603 0.9481989 1.2551180 2.7464931 1.5294268 1.5722460 1.3798722 1.3905895 1.0574852 1.4605097 1.4768972 1.6839648 1.2996573 1.5322441 1.3520354 1.4567517 1.5611531 1.4530610 1.7596337 0.6319595 0.0000000 0.8138474 0.7888414 1.3660687 2.2551479 2.1485422 2.1321028 2.4777144 2.4603382 2.5927737 2.7912068 1.9657052 2.2733156 1.3778675 1.8465664 2.0336685 2.1147283 1.8878791 2.3980364 2.2991586 1.9668957 2.0425769 1.7206611 1.9030324 2.3569928 2.7236648 1.7136855 1.6601826 1.7212188 1.7286732 1.6258397 1.6988449 1.6847681 1.7006480 1.8194023 1.7725331 2.4917271 2.0923621 1.5106658 2.5852770 2.4751204 2.4740693 2.5776421 2.7593181 2.9635768 2.8422026 2.7689357 2.5884002 2.9440890 1.3089591 2.2617812 1.6718907 3.6573975 
Aaur_scaffold5954.g1.t1                                       0.0000010 1.2799586 1.2500632 1.2377720 1.2500632 0.0000010 1.2127288 1.2127288 1.2500632 1.4261227 0.0000010 1.5961277 1.5961277 1.8404120 1.7720391 1.8318232 1.6931294 1.4550314 0.0000010 1.7300337 1.6221552 1.4229987 1.5202063 0.0000010 1.4678864 1.8936677 0.0000010 0.8138474 0.0000000 1.0113731 0.0000010 0.0000010 2.3059350 2.5303209 2.8224997 8.9999987 0.0000010 0.0000010 2.2142834 0.0000010 0.0000010 0.0000010 0.0000010 2.8451072 2.2457847 0.0000010 0.0000010 2.7584101 0.0000010 2.2713546 1.7667584 0.0000010 0.0000010 2.2212286 1.9193881 2.3880105 2.3880105 2.1486797 2.3145676 2.3145676 2.2888724 1.8874986 2.1152427 0.0000010 1.6374015 1.8763944 2.9152030 3.2658910 2.9684464 0.0000010 3.8878328 5.1973441 3.6708357 0.0000010 0.0000010 5.5272553 4.2669985 4.9823980 3.3937955 2.4057292 
Sanmal_Sma_024996-T1                                          1.9724495 0.9161465 1.2383792 1.2425010 1.3157108 1.3936697 1.2610312 1.2541930 1.0473355 1.2463253 3.3692601 1.5163304 1.5686151 1.3318526 1.4585616 1.0871660 1.4197176 1.4544291 1.2028333 1.2561992 1.5768751 1.4113668 1.5293720 1.4788272 1.4268772 1.7158245 0.7766517 0.7888414 1.0113731 0.0000000 1.4185647 2.4566051 2.1465303 1.7950591 2.0950757 2.4846345 2.8515289 2.6275694 1.9292865 2.2572095 1.3758024 2.0684288 2.3099025 2.2403893 1.9417867 2.1837034 2.3051720 1.9656518 2.1560172 1.7123999 2.0247349 2.9428838 3.5168558 1.8123096 1.8021270 1.8692309 1.8772329 1.7680014 1.7849453 1.7704523 1.6696474 1.8049818 1.7344055 2.5833502 2.0010785 1.5273428 2.6444139 2.5613858 2.6025208 3.1283653 2.8972595 3.0048372 2.7982098 2.7521075 2.7891120 2.9372966 1.3029303 2.3718058 1.6345816 3.4278329 
Aque_Aqu2.1.12253_001                                         0.0000010 0.0000010 1.1518287 1.2667645 1.1452628 1.1217093 1.3199158 1.3090789 0.0000010 1.3817166 1.2845393 2.8902743 1.4704554 1.3456795 1.7471128 0.0000010 1.2861460 1.3903672 0.8942655 1.3501912 1.6478809 1.2821223 1.3248265 1.3853571 1.2653693 1.4993978 1.3263190 1.3660687 0.0000010 1.4185647 0.0000000 0.3933962 0.3640729 0.0000010 0.0000010 0.0399920 2.0708960 0.0000010 0.6159909 0.1234676 1.6889410 0.0000010 0.0000010 0.8130646 0.0000010 0.7844581 0.5885758 0.9401658 1.0860291 1.2275798 9.0000000 9.0000000 0.0000010 1.3730626 1.4980283 1.3821345 1.3821345 1.3028887 1.3644017 1.3448865 1.1735266 4.5281550 1.0505073 2.3290441 1.7681088 2.1109736 2.0143214 1.7798071 1.9106748 2.2676163 2.1273714 2.0834587 2.0044301 2.0834587 1.8288175 1.6853893 2.2645618 3.2634769 4.3875545 5.8262915 
Xestes_maker-XT_scaffold71362-augustus-gene-0.10-mRNA-1       4.1252768 0.5154241 2.0612087 2.0134436 2.1789081 1.9540981 2.2434127 2.1331781 4.1133470 2.0885461 2.9244352 2.2288059 2.1549261 2.0525261 1.9521687 0.0000010 1.9407415 2.0201627 1.7511285 1.6913944 2.2734017 2.2507780 2.1539018 2.0248517 2.1179188 2.0834081 2.1738102 2.2551479 0.0000010 2.4566051 0.3933962 0.0000000 0.6698382 0.0000010 0.0000010 0.8102685 2.1515398 0.0000010 1.1154043 0.9764715 1.7243244 0.9472994 0.0000010 1.1780552 0.0000010 1.2156871 1.1028516 1.3495051 1.1542005 2.2325792 0.7308341 0.9252953 1.1496217 2.2074611 2.2230183 2.2766649 2.2816762 2.2150957 2.1476160 2.1434724 1.8907647 3.1519892 1.8290507 0.9774168 2.2816399 2.7583994 2.9047721 2.6842077 2.6424864 2.5640302 2.9438679 2.7737697 2.7475090 2.7737697 2.2716809 2.5342341 2.3406171 3.2259190 2.3729765 3.2259216 
Halamb_c49107_g1_i1m.25485                                    3.0981659 1.6255088 1.8750241 1.8879355 1.8923250 1.9270792 1.9189094 1.8920928 1.7089603 1.9259449 2.7218578 2.1343758 2.1166906 1.8516358 1.9930270 1.3680472 1.8628665 1.9753113 1.8194101 1.8697609 2.0607882 1.9501126 2.1193555 2.1551225 2.0938518 2.1951324 2.2688034 2.1485422 2.3059350 2.1465303 0.3640729 0.6698382 0.0000000 0.2411607 0.3154539 0.9982288 2.2673894 0.5916143 1.1035896 1.1542899 0.5986707 1.2241566 1.5685040 1.2653632 0.7899340 1.7036656 1.4065042 1.4802094 1.2666801 2.3030014 0.5686500 0.6000013 0.8477637 2.1762875 2.2494017 2.2200779 2.2111410 2.1788850 2.1869166 2.1712889 1.8372386 2.2854425 1.7411908 0.7262766 2.3723278 1.7419551 2.6851782 2.6606363 2.5924469 2.3765093 3.0718603 3.1384971 2.9890470 2.8054773 2.1686036 2.9375921 2.3681874 1.9712775 2.8269363 3.9629952 
Xestes_maker-XT_scaffold125008-snap-gene-0.14-mRNA-1          0.0000010 1.4501849 1.5030913 1.4655122 1.4570369 0.0000010 1.5409474 1.5409474 1.4683028 1.3248813 0.0000010 1.4857749 1.4857749 1.4311790 1.5360169 1.5394553 1.5477568 1.3851174 0.0000010 1.6116739 1.3635646 1.7445991 1.9937086 5.0669936 1.5282987 1.6895454 0.0000010 2.1321028 2.5303209 1.7950591 0.0000010 0.0000010 0.2411607 0.0000000 0.3960689 7.9299003 0.0000010 0.0000010 1.1161221 0.0000010 0.5043377 0.0000010 0.0000010 0.8731109 0.7737289 0.0000010 0.0000010 1.5418051 0.0000010 2.0907500 2.6891285 0.0000010 0.0000010 1.7697869 2.3333767 1.8606910 1.8606910 1.7921249 1.9235095 1.9235095 1.6357126 1.4105916 1.5683601 1.6438964 2.3077987 1.6852671 1.9453870 1.9184131 1.8747426 0.0000010 3.0391701 4.0762806 3.2177129 0.0000010 0.0000010 4.0856334 8.9999980 8.3699876 3.0552438 1.8522835 
Aque_Aqu2.1.13873_001                                         0.0000010 1.9393405 1.9409486 1.8808507 1.9626030 0.0000010 1.9736795 1.9736795 1.9434466 1.7216638 0.0000010 1.6985903 1.6985903 1.7672170 1.7956984 1.7532997 1.8075183 1.5937627 0.0000010 1.8671595 2.0115364 1.7125347 1.6439980 9.0000000 1.5962930 1.9752244 0.0000010 2.4777144 2.8224997 2.0950757 0.0000010 0.0000010 0.3154539 0.3960689 0.0000000 8.9999989 0.0000010 0.0000010 1.0751561 0.0000010 0.0000010 0.0000010 0.0000010 0.9105469 0.6372512 0.0000010 0.0000010 1.2728920 0.0000010 1.9791098 1.4672031 0.0000010 0.0000010 1.7698031 2.0663644 1.7451741 1.7451741 1.8507623 1.9905685 1.9905685 1.8923645 1.2700232 1.5360859 1.3799007 2.6309412 2.1160398 1.8911043 2.1653028 1.7753169 0.0000010 3.1324039 2.5926497 3.0836690 0.0000010 0.0000010 3.4708854 8.5682950 9.0000000 2.6979205 1.8542547 
Aque_Aqu2.1.13687_001                                         0.0000010 2.8352416 2.3210219 2.4874789 2.2923660 2.1224212 2.4197412 2.3378924 2.6559847 2.4456503 1.3503232 3.1180567 3.0567897 2.2182597 2.4429947 2.0655879 2.3127824 2.5370654 1.4846598 2.3898027 2.6822935 2.5141841 2.5419120 2.7387980 2.4955706 2.7941749 2.5883802 2.4603382 8.9999987 2.4846345 0.0399920 0.8102685 0.9982288 7.9299003 8.9999989 0.0000000 0.3802047 0.3211173 1.7248233 9.0000000 0.8450239 1.8950573 1.9308748 1.8674047 7.4355076 1.4347206 1.3981751 1.8403651 1.5821944 2.6152582 1.7508307 0.0000010 0.0000010 2.5156696 2.3668808 2.6478632 2.6478632 2.5207335 2.6034224 2.6034224 2.1499543 3.5753609 2.2240040 2.8496344 2.9075837 5.7667495 3.2373881 3.3109992 3.2525611 2.5105249 3.5297196 3.5366269 3.4616422 2.3333713 2.2015521 3.2849833 2.5992918 1.3503374 3.3714762 4.5274739 
Aque_Aqu2.1.02904_001                                         0.0000010 0.0000010 3.2274933 3.1217181 2.8862976 3.1005616 3.1914064 2.6479866 1.9837302 3.2897312 2.0400387 3.3814198 3.1291186 2.1658886 3.2360620 0.0000010 2.3878046 2.4250648 4.2000676 2.7493539 2.8064364 2.5997056 2.7587240 2.7573065 2.5895881 3.9026636 3.3190176 2.5927737 0.0000010 2.8515289 2.0708960 2.1515398 2.2673894 0.0000010 0.0000010 0.3802047 0.0000000 0.0388949 1.9987130 0.0000010 9.0000000 2.5703635 2.5703635 2.2372015 0.0000010 3.0444254 3.2334861 3.0055130 1.7232915 3.7721439 0.4927590 0.0000010 0.0000010 2.8535409 2.7422581 2.9711939 2.9711939 3.0214550 2.8923442 2.8923442 3.1270956 2.6531113 2.4872383 2.3135209 3.4478377 9.0000000 3.1595755 3.8404253 4.0941332 2.7697181 3.5129304 3.9765035 3.9765035 3.2515768 3.7817767 4.0050316 1.2300857 8.3471640 4.5174818 7.5134749 
Aque_Aqu2.1.06421_001                                         0.0000010 0.0000010 2.7272786 2.7530038 2.5712930 2.6652463 2.6517048 2.0638953 1.9837302 3.0340576 0.0000010 2.8058656 2.6416724 2.4247402 2.8223108 0.0000010 2.3414340 2.5861617 0.0000010 2.6165426 3.0728950 2.3985497 2.6748255 2.4521200 2.7020862 2.7526004 3.3215018 2.7912068 0.0000010 2.6275694 0.0000010 0.0000010 0.5916143 0.0000010 0.0000010 0.3211173 0.0388949 0.0000000 1.1386351 0.0000010 4.8894766 1.5955357 2.6907267 1.5277845 0.0000010 6.2621961 4.2099917 1.6060271 1.3353443 4.0456403 0.2731914 0.0000010 0.0000010 2.7287390 2.6473348 2.6326756 2.6326756 3.1440716 2.7672684 2.7672684 2.8519818 2.8108457 2.6264537 0.0000010 2.6651423 0.0000010 3.9247955 3.9170393 4.6062107 0.0000010 3.6151536 4.2175865 4.2175865 2.8859547 0.0000010 3.6655756 2.6224075 0.0000010 4.0665832 5.2717341 
Tetwil_g2805.t1                                               1.9005121 1.4285375 1.6227772 1.6584629 1.6812303 1.8010595 1.6844204 1.6383219 1.4813334 1.6306220 2.3463952 1.8328199 1.9050118 1.6032038 1.7523919 1.3857971 1.6971700 1.7418087 1.6800531 1.6503462 1.8112085 1.7962028 1.9188751 1.8117661 1.7553694 1.9340878 2.0289116 1.9657052 2.2142834 1.9292865 0.6159909 1.1154043 1.1035896 1.1161221 1.0751561 1.7248233 1.9987130 1.1386351 0.0000000 0.4118434 1.0012694 1.0892110 1.1524794 0.9554433 0.7523883 1.4469103 1.0323237 1.2308504 0.7000132 2.1136473 1.1100921 1.4909353 1.8396034 1.8634240 1.9865557 1.8964026 1.8878508 1.8753316 1.8944693 1.8884588 1.7023519 1.8882533 1.5845811 1.5464455 2.1916810 1.6208427 2.4250307 2.3531161 2.4130264 2.6382824 2.8050683 2.9516947 2.7761600 2.6559850 2.2668313 2.9108372 2.0561968 1.9757333 2.2339195 3.0430057 
Stycar_maker-SC_scaffold46820-augustus-gene-0.2-mRNA-1        0.0000010 0.0000010 1.7951467 1.7153600 1.8105343 1.7574656 1.9832654 1.7278870 2.3793685 1.7105618 0.0000010 0.0000010 1.8066909 1.8752132 1.8220333 0.0000010 2.0816699 1.7810984 2.1375158 0.4691889 1.5987952 1.9761897 2.0463918 1.8744231 1.4625584 2.0649136 0.9111700 2.2733156 0.0000010 2.2572095 0.1234676 0.9764715 1.1542899 0.0000010 0.0000010 9.0000000 0.0000010 0.0000010 0.4118434 0.0000000 0.0000010 0.0000010 0.0000010 0.6458788 0.0000010 0.0000010 0.6898134 1.1162980 0.0000010 1.8785446 0.9225338 1.2592933 2.0661433 2.5626828 2.5607489 2.7162667 2.6716473 2.5676874 2.5605249 2.5978963 1.8077239 6.1644140 1.4226610 0.0000010 2.3148279 0.0000010 2.5638110 2.4770986 9.0000000 0.0000010 2.3939512 2.6065904 2.6413695 2.6065904 2.0186771 2.2750477 0.0000010 2.1631334 0.0000010 1.4570390 
Aque_Aqu2.1.05586_001                                         0.0000010 1.3917079 1.4499941 1.5542378 1.4560279 1.4783867 1.5371822 1.5030708 1.4429760 1.2790517 0.0000010 1.4959733 2.0954941 1.2321953 1.4069383 1.4018493 1.1804234 1.4332243 1.2096029 1.3422460 1.6039762 1.4075138 1.6749098 1.4539841 1.8334829 1.9981631 1.9045200 1.3778675 0.0000010 1.3758024 1.6889410 1.7243244 0.5986707 0.5043377 0.0000010 0.8450239 9.0000000 4.8894766 1.0012694 0.0000010 0.0000000 1.1783759 1.1715006 1.1937074 1.7776498 1.6496932 1.5086911 1.2724973 1.1409391 1.9595110 1.4281815 0.0000010 0.0000010 1.7222908 1.6778334 1.9106971 1.9106971 1.4683050 1.7153317 1.7153317 1.4998204 2.1680822 1.4167874 1.6173757 2.3292041 1.4902043 2.1116780 2.2451271 2.3029318 5.5329997 2.9059820 3.0955025 2.7438231 1.3843255 1.6765963 3.2074581 1.4214451 1.4302459 2.3472151 2.8190215 
Spolac_c88063_g1_i1_m.4726c72171-g1                           0.0000010 1.8446550 1.6753892 1.6578180 1.7276930 1.6497746 1.6510938 1.5893918 2.1030347 1.7757705 0.0000010 1.7369647 1.7306447 1.6353034 1.4581845 1.7907206 1.6848092 1.7395797 0.0000010 1.7007003 2.0203474 1.8348399 1.9606737 1.8106890 1.8485857 1.9601400 2.1283590 1.8465664 0.0000010 2.0684288 0.0000010 0.9472994 1.2241566 0.0000010 0.0000010 1.8950573 2.5703635 1.5955357 1.0892110 0.0000010 1.1783759 0.0000000 0.0392238 0.1043051 0.0000010 2.6197435 2.6197435 1.6481147 0.9104264 2.5221069 1.1049328 0.0000010 0.0000010 2.1534312 2.1896815 2.1872219 2.2020953 2.0766986 2.1278792 2.1278792 2.0138095 2.5206368 1.8982366 1.1705475 2.0403094 0.0000010 2.9303772 2.9950061 2.6931138 2.0134478 3.4250466 3.2204878 3.3755052 3.4031307 1.4532876 3.1381653 1.9551183 1.3334343 2.4681418 4.6596510 
Spolac_c88063_g1_i2_m.4727c72171-g1                           0.0000010 1.9449874 1.9221359 2.0075939 2.0512565 2.1167028 2.0659525 1.9307398 2.1030347 2.1001258 0.0000010 2.4617591 2.5797570 2.0129206 1.8152049 1.7907206 2.1095677 2.1725930 0.0000010 2.0699073 2.3033058 2.4723188 2.8836666 2.4987182 2.1482424 2.5698568 2.3524271 2.0336685 0.0000010 2.3099025 0.0000010 0.0000010 1.5685040 0.0000010 0.0000010 1.9308748 2.5703635 2.6907267 1.1524794 0.0000010 1.1715006 0.0392238 0.0000000 0.1729989 0.0000010 3.6689955 3.6689955 1.9141819 1.0636508 3.3870782 1.1049328 0.0000010 0.0000010 2.6569601 2.7632439 2.7100447 2.7100447 2.6928506 2.8380511 2.8380511 2.1088880 2.7351272 2.0895011 0.0000010 2.9693113 0.0000010 2.9365151 3.1071025 2.9052651 0.0000010 4.2360616 3.5102234 3.8107080 0.0000010 0.0000010 3.8500629 2.6414550 1.1534687 2.8192953 4.0196452 
Emue_Em0018g809a.t1                                           3.0137634 1.4730254 1.7715015 1.7627593 1.8317134 1.8672626 1.8109299 1.7877199 1.5619477 1.8364765 2.8719579 2.0157877 2.0204836 1.8385348 1.7881315 1.3767180 1.9005562 1.9763939 1.5546316 1.7222913 1.9938676 1.8742921 1.9947189 2.0024712 2.0022494 2.0918646 2.1549860 2.1147283 2.8451072 2.2403893 0.8130646 1.1780552 1.2653632 0.8731109 0.9105469 1.8674047 2.2372015 1.5277845 0.9554433 0.6458788 1.1937074 0.1043051 0.1729989 0.0000000 0.0736867 0.9415978 0.4269891 1.4085717 1.0062551 2.3588083 1.4705261 2.1705324 2.7512759 2.1412171 2.1761671 2.1725379 2.1714948 2.1312808 2.1219742 2.1326224 1.8479705 2.0404025 1.7318990 1.4146497 2.3101532 1.8589273 2.7000567 2.6998783 2.5999877 2.5576003 2.9274847 2.9480836 2.8829527 2.8462386 2.3528142 2.8039553 2.1611027 2.1180906 2.4540453 3.2949611 
Spolac_c72171_g1_i1_m.1807c72171-g1                           0.0000010 1.2432372 1.2404144 1.2371558 1.3017082 9.0000000 1.2596687 1.2596687 1.2379646 1.1596677 0.0000010 1.4030939 1.4030939 1.5111436 1.3780215 1.2850349 1.5658256 1.3220076 0.0000010 1.4319811 1.5107530 1.5319211 1.5904123 8.9999986 1.5375792 1.4615431 0.0000010 1.8878791 2.2457847 1.9417867 0.0000010 0.0000010 0.7899340 0.7737289 0.6372512 7.4355076 0.0000010 0.0000010 0.7523883 0.0000010 1.7776498 0.0000010 0.0000010 0.0736867 0.0000000 0.0000010 0.0000010 0.9000971 0.0000010 2.0944315 1.6059937 0.0000010 0.0000010 1.6102057 1.4706135 1.6224898 1.6224898 1.4896366 1.7130383 1.7130383 1.3204433 1.2472846 1.2472846 2.6242552 2.0494732 1.5227495 1.6559512 1.8326319 1.7329441 0.0000010 2.7478431 3.5386684 2.7154192 0.0000010 0.0000010 3.2194205 4.9224671 5.7294010 2.3284614 2.9463313 
Spolac_c98637_g2_i1_m.17672c72171-g1                          0.0000010 0.0000010 1.6269297 1.7056740 1.7295428 1.6273746 1.6320282 1.5272753 0.0000010 1.7743740 0.6360382 2.2570356 1.6651865 1.8373592 1.5948113 0.0000010 1.8426308 1.6387637 1.2338010 1.6143550 2.0802844 1.6717768 1.9290556 1.5431487 1.7127394 1.6415010 2.1564125 2.3980364 0.0000010 2.1837034 0.7844581 1.2156871 1.7036656 0.0000010 0.0000010 1.4347206 3.0444254 6.2621961 1.4469103 0.0000010 1.6496932 2.6197435 3.6689955 0.9415978 0.0000010 0.0000000 0.0271580 2.0772144 1.3090403 2.1672035 3.3767851 4.4788975 4.4788975 2.4014616 2.5081491 2.5041018 2.5041018 2.4191352 2.1697602 2.1697602 1.8162049 2.7088748 1.8285385 4.2089828 2.8157334 2.4215566 3.0849846 3.0501201 3.0487975 1.9309542 2.6306298 2.5486641 2.4681263 2.1053826 2.2062929 2.7448430 2.0871554 2.2145198 4.1101672 3.5723026 
