57
Aque_Aqu2.1.00156_001                   0.0000000 0.2096985 0.3394774 0.1800942 1.4711339 2.4445501 4.3396235 4.3396235 3.7412105 0.0000010 5.7357929 4.7192337 4.5505242 4.4605263 4.3754577 4.6233176 4.0348689 4.1736329 3.4085476 3.7313696 3.8473731 4.5490673 4.4559934 4.5671169 6.0601485 4.4462412 4.1031170 5.2051741 4.4245477 4.0642600 4.8869571 4.3581575 4.1457022 3.4870428 4.8814976 4.5988021 4.5041920 3.6834346 4.6160972 6.1195374 2.4406763 3.8147986 4.5497453 5.2522874 3.9706719 3.7613092 3.8651587 3.8651587 3.4662501 3.4464710 3.3530442 4.7706298 4.1926005 5.7783648 4.6984750 6.7629129 3.9542454 
Aque_Aqu2.1.32157_001                   0.2096985 0.0000000 0.0285323 0.0350741 0.7351184 1.4462355 1.3926434 0.8886664 3.0734626 4.5607629 2.6106676 2.3997918 3.4474978 2.7157968 2.5338316 2.5458216 2.5264155 2.6995017 2.1519999 2.4504104 1.9998479 3.1238715 3.0332215 3.0940972 3.4517019 2.9631182 2.7399307 3.3385889 2.7500322 2.0474273 2.9913125 2.8896329 3.5745827 2.1034610 3.5118675 2.6967258 2.4316320 3.0770272 2.9869819 3.0929654 1.9966774 2.9915550 4.4497939 2.2027719 3.2655731 3.3102972 3.2261284 3.2525464 3.1758668 3.1730407 3.3414020 4.6962945 3.3907953 3.6771746 3.7745629 4.4483751 3.4411553 
Aque_Aqu2.1.41850_001                   0.3394774 0.0285323 0.0000000 0.0382207 0.5136988 1.1639482 1.4082364 0.8886664 2.5913230 4.4523061 2.1000920 2.0232500 3.0057533 2.2085214 2.0817238 2.1279476 2.0752866 2.2533451 2.1790457 2.0124952 1.9824285 2.5804694 2.5978443 2.7354063 2.8655290 2.7923722 2.5496763 3.3123512 2.2591907 2.0582588 2.7343413 2.6896576 3.2433380 2.1218174 2.9603779 2.4792054 2.2159028 2.6288936 2.6526840 2.5745531 1.9341413 2.1248672 3.4774566 2.2307567 3.0907091 3.1164833 2.9976663 3.0242753 3.0579017 3.0110536 3.1723998 4.4497958 3.2094015 3.4844612 3.8574084 4.3830915 2.8204112 
Aque_Aqu2.1.41851_001                   0.1800942 0.0350741 0.0382207 0.0000000 0.8318482 1.8820965 0.7050049 0.7050049 2.9716806 0.0000010 2.5270991 2.3287170 3.4063923 2.5419510 2.6879963 2.7030709 2.5788210 2.6273874 2.3745741 2.6452804 1.7276424 3.3501640 3.3340208 3.4328217 3.5118323 3.0698638 2.5341260 3.8345038 2.8148236 0.8854575 2.8857090 2.7122044 4.2676117 1.5939074 4.1963347 2.8467486 2.7094805 3.2908276 3.2250789 3.7017945 2.3275223 3.4549087 4.2841598 1.3387525 3.1655636 3.1156828 3.1414075 3.1414075 2.8942219 3.0886030 3.3852304 5.0224190 3.3137655 3.5987460 3.5535997 4.5135923 3.6765292 
Halamb_c53893_g1_i3m.36762              1.4711339 0.7351184 0.5136988 0.8318482 0.0000000 1.4517499 0.8734928 0.8041461 2.5816448 6.0494902 2.3256153 2.3841999 3.2377994 2.5574809 2.4285699 2.4156632 2.3939776 2.4573498 1.9811486 2.2822375 2.0047782 2.8173994 2.6780054 2.6234665 3.2607649 3.0043568 2.7187785 2.8574495 2.8658645 1.7127351 2.8373147 2.7441923 3.2236293 1.9169247 3.1890552 2.4317272 2.3451407 2.7559734 2.8674908 2.8640883 1.7866649 2.1111933 3.3530968 1.8506087 3.1831561 3.2558163 3.0866402 3.1151023 3.1155608 3.3358510 3.5382490 4.2504233 3.1696758 3.5141545 3.8968964 4.1067488 2.7575689 
Tetwil_g23444.t1                        2.4445501 1.4462355 1.1639482 1.8820965 1.4517499 0.0000000 1.4263499 0.9304733 3.0028639 3.1363669 2.4925447 2.4810729 3.4782056 2.6972893 2.5868593 2.3887643 2.4830008 2.6444393 2.1927538 2.4797253 2.0417691 2.9446694 3.1221970 3.1058246 2.9567521 2.7106682 2.8398310 3.2186617 2.9154794 2.0890161 2.8581825 2.6979604 3.0797740 2.1438288 3.5733745 2.6526009 2.2417813 2.5790426 2.6294515 2.9654429 1.2334906 1.6658119 3.6893739 2.1299574 3.6144647 3.7066595 3.3331282 3.3649479 3.5802102 3.4415895 3.8204692 4.5727522 3.2492639 3.6123884 3.3803037 4.6574084 2.6161276 
Spolac_c91728_g1_i2_m.7176c33201-g1     4.3396235 1.3926434 1.4082364 0.7050049 0.8734928 1.4263499 0.0000000 0.0385672 2.3685869 4.9200319 1.8916193 0.8153133 5.6249007 1.6101681 1.5218761 1.7553305 1.8410008 1.7918169 1.1187660 1.7467822 1.7822240 2.4461466 2.3332994 2.3992671 2.3212256 2.1487521 2.2108187 3.6519766 0.8639289 2.4832705 2.6827626 2.6262674 3.0188473 2.1745662 2.5154584 2.3786608 1.4374746 2.3848193 2.5742804 2.3436763 0.0000010 0.0000010 0.0000010 2.4146655 2.9663508 2.9751292 2.9797308 2.9797308 3.1335541 3.4571354 4.6356997 6.4819230 3.7722924 3.4644441 4.3214893 4.7345461 0.5454825 
Spolac_c91728_g1_i1_m.7175c33201-g1     4.3396235 0.8886664 0.8886664 0.7050049 0.8041461 0.9304733 0.0385672 0.0000000 1.7023888 3.3358080 1.4975985 0.8153133 5.2804087 1.2362289 1.4605936 1.4283808 1.6290674 1.6418740 1.1187660 1.3200760 1.6803639 1.9337623 1.9114732 1.9322969 1.7412531 1.8185268 1.9124867 3.2764098 0.8639289 2.1233342 2.0078918 2.0738134 2.6427742 1.7206352 1.9988383 1.7269356 1.3480492 1.7662797 2.0609366 1.6200190 0.0000010 0.0000010 0.0000010 1.7383647 2.3895237 2.4399925 2.4522106 2.4522106 2.3901861 2.6468215 3.4008353 5.9215428 3.0362350 3.2049229 3.9600405 4.1098000 0.5454825 
Spur_XM_030982306.1                     3.7412105 3.0734626 2.5913230 2.9716806 2.5816448 3.0028639 2.3685869 1.7023888 0.0000000 2.6032699 2.3383329 2.3480197 3.2274747 2.6581759 2.3301408 2.5020133 2.4235472 2.5193336 2.1901751 2.2614588 2.1830087 2.5822815 2.2109233 2.4232456 2.4426673 2.8694432 3.0768791 2.7858424 3.1412853 2.2166963 3.3537818 3.0967711 3.2217826 2.5157995 3.0848168 2.7764538 2.3712540 2.0169605 2.1393971 2.3854690 3.2381559 3.9806059 1.7630833 2.5035407 2.8389147 2.8247613 2.8005921 2.7938546 2.9740347 2.9846783 3.1767339 4.0981054 3.9858012 4.0535701 4.0783362 4.6438570 3.1792639 
Adig_XM_015893362.1                     0.0000010 4.5607629 4.4523061 0.0000010 6.0494902 3.1363669 4.9200319 3.3358080 2.6032699 0.0000000 0.0047794 0.0000010 1.7287428 0.8548544 1.0240774 1.0017291 1.0850233 1.6195612 0.0000010 1.3371051 3.9537190 3.4387043 4.8734406 4.2583404 3.7755113 2.4513400 4.0236771 4.2255096 0.0000010 3.0052644 2.9769166 3.4652223 2.7863089 2.9106343 4.1768107 2.4320795 3.1297965 4.5292271 4.1674253 4.1270912 0.0000010 0.0000010 0.0000010 4.1498320 3.9630193 3.9442927 3.4887383 3.4887383 4.1063500 4.3712961 4.3712961 4.8825778 5.0195973 5.6485538 5.1527147 4.2026494 0.0000010 
Amil_Amillepora05738-RA                 5.7357929 2.6106676 2.1000920 2.5270991 2.3256153 2.4925447 1.8916193 1.4975985 2.3383329 0.0047794 0.0000000 0.0556994 0.2372118 0.5419893 0.4372582 0.5915729 0.7025444 0.7989748 1.0300083 1.3477600 1.5410828 2.1115432 2.7880531 2.5688234 2.9458188 2.4657446 2.8028229 2.7745091 2.5373712 1.8486181 2.4735888 2.6084808 3.0159983 2.2975827 3.3650108 2.3008906 2.1486499 2.1690791 2.5326627 2.9469943 3.4737801 4.3061917 2.5755782 2.6692520 2.8753888 2.9092254 2.8443615 2.8278012 2.8850861 3.0844236 3.3208968 3.2841858 3.7607547 3.2028149 3.5881736 3.7711551 3.4428078 
Adig_XM_015893363.1                     4.7192337 2.3997918 2.0232500 2.3287170 2.3841999 2.4810729 0.8153133 0.8153133 2.3480197 0.0000010 0.0556994 0.0000000 0.1448658 0.3485391 0.4182286 0.4191337 0.5284857 0.5122394 0.8974594 1.2970105 1.1150480 1.4741384 2.0551974 1.9824570 2.5951983 2.7088883 2.3322086 1.5998995 2.3808817 1.0158841 2.3372516 2.2770847 3.2244925 1.5718829 3.0678758 2.5886643 2.0071284 1.8257314 2.2183421 2.5647312 3.3546918 4.1986709 2.5479500 0.9094692 2.4167743 2.4101265 2.4931997 2.4735254 2.3626615 2.4447018 2.6046304 2.6159616 3.2760389 3.0228992 3.2113044 3.6326735 3.1390668 
Adig_XM_015915207.1                     4.5505242 3.4474978 3.0057533 3.4063923 3.2377994 3.4782056 5.6249007 5.2804087 3.2274747 1.7287428 0.2372118 0.1448658 0.0000000 0.5727413 0.5667099 0.6245916 0.7549358 0.7865582 1.5074760 1.7887243 2.0253816 1.8773216 2.7774753 2.5801418 3.4202618 3.6513873 3.4491534 9.0000000 3.2740213 7.7083402 3.4176363 3.1508730 3.9968633 3.5661474 4.1186834 3.2984624 2.7044532 2.4155915 2.8117795 3.6108820 3.5085792 4.2587822 2.4860364 3.5953404 2.9636328 2.9277211 3.1166513 3.0907526 2.9162843 2.9372516 2.7201446 2.6265167 3.8750183 3.7406934 3.8557685 4.6651453 3.0924035 
Gfas_gfas1.m1.7946.m1                   4.4605263 2.7157968 2.2085214 2.5419510 2.5574809 2.6972893 1.6101681 1.2362289 2.6581759 0.8548544 0.5419893 0.3485391 0.5727413 0.0000000 0.3968815 0.5024423 0.6254071 0.7463982 0.8877347 1.2844090 1.4366889 2.0908336 2.7575327 2.7776330 2.8862957 2.6920993 2.6524165 3.4259088 2.3578781 2.0751217 2.6874312 2.6242778 3.2931673 2.4147071 3.2627632 2.5203867 2.2040626 2.1599188 2.4147179 2.9639397 3.3593601 4.2057892 2.5437589 2.6144496 2.8289762 2.7765002 2.7565983 2.7413843 2.7971137 2.9070177 3.1310806 3.2378452 3.7854193 3.3419984 3.6486946 4.0672895 3.1265668 
Fspp_ffun1.m4.6484.m1                   4.3754577 2.5338316 2.0817238 2.6879963 2.4285699 2.5868593 1.5218761 1.4605936 2.3301408 1.0240774 0.4372582 0.4182286 0.5667099 0.3968815 0.0000000 0.2087470 0.3216751 0.3416830 1.0378132 1.3026967 1.3826880 1.6703477 2.0319777 2.1183499 2.6609847 2.4669331 2.1890873 2.0560024 2.3355629 1.5202529 2.2297739 2.1792429 3.0069626 1.8961333 2.8878871 2.5000883 2.0377459 2.0977067 2.0761024 2.6884917 3.4358997 4.2091327 2.7940787 1.6662961 3.0885816 3.0494985 3.0133455 2.9946193 3.0094307 3.1266816 3.3671092 2.8298309 3.3665627 3.3427128 3.3379238 4.2116630 3.0017877 
Gasp_gasp1.m3.14263.m1                  4.6233176 2.5458216 2.1279476 2.7030709 2.4156632 2.3887643 1.7553305 1.4283808 2.5020133 1.0017291 0.5915729 0.4191337 0.6245916 0.5024423 0.2087470 0.0000000 0.4455316 0.5044415 0.9395944 1.2221224 1.5116025 1.9323768 2.5421637 2.4760843 2.8212471 2.3091509 2.4949836 2.6276740 2.3816923 1.7401268 2.4021458 2.3160702 2.8163529 2.1709602 3.0840119 2.3545637 2.0311385 2.2142883 2.2907662 2.8312894 3.2950700 3.9545290 2.6462245 2.8570072 2.8401759 2.8060268 2.7038526 2.6901194 2.7540792 2.7431633 2.9359305 2.9849089 3.4260551 3.3618229 3.3272171 3.9976840 2.9623932 
Spis_XP_022784690_1                     4.0348689 2.5264155 2.0752866 2.5788210 2.3939776 2.4830008 1.8410008 1.6290674 2.4235472 1.0850233 0.7025444 0.5284857 0.7549358 0.6254071 0.3216751 0.4455316 0.0000000 0.2181524 1.0632891 1.3511139 1.3570179 1.9682354 2.6234598 2.4743219 2.7790924 2.3789425 2.4191759 2.5295798 2.2180191 1.7546794 2.5395344 2.4917264 2.8526024 2.2576210 2.9813249 2.3709252 2.0246388 2.0479673 2.3550940 2.9411010 3.1573074 3.8228726 2.7504651 2.6380973 2.7923286 2.7119842 2.7215604 2.7076544 2.7129652 2.8755012 3.0281354 3.0738792 3.2733215 3.2986567 3.2167006 3.9190679 3.0118614 
Pocdam_XM_027190569.1                   4.1736329 2.6995017 2.2533451 2.6273874 2.4573498 2.6444393 1.7918169 1.6418740 2.5193336 1.6195612 0.7989748 0.5122394 0.7865582 0.7463982 0.3416830 0.5044415 0.2181524 0.0000000 1.0510423 1.4837803 1.3836906 2.0259362 2.7358351 2.6458088 2.8411182 2.5771184 2.5219911 3.0659094 2.2415179 1.9006308 2.6765019 2.5878467 3.0611542 2.3542646 3.0839876 2.4515220 2.0002475 2.1843592 2.4708758 3.0397485 3.4953543 4.0684927 2.8977286 2.8944819 2.9969161 2.9112942 2.8745003 2.8953344 2.9050046 3.1029226 3.3075980 3.3550325 3.2341821 3.3876231 3.3547427 4.0737682 3.3894908 
Nvec_v1g124153                          3.4085476 2.1519999 2.1790457 2.3745741 1.9811486 2.1927538 1.1187660 1.1187660 2.1901751 0.0000010 1.0300083 0.8974594 1.5074760 0.8877347 1.0378132 0.9395944 1.0632891 1.0510423 0.0000000 1.0527252 1.2852781 1.3032669 2.0412485 1.9883341 2.6463086 2.2583834 2.0646885 2.1662435 2.0233664 1.5494315 2.0584187 1.9292667 2.9043718 1.5926046 2.8458355 1.9126485 1.9212626 1.8369818 2.0982325 2.5020601 3.7310724 3.8094036 2.8702329 1.4385646 2.5615325 2.5656925 2.6656684 2.6416439 2.5919588 2.4102619 2.5847528 3.5566698 2.9766165 3.1508771 3.3436794 4.0361404 2.6104828 
Exapal_XM_021036531.2                   3.7313696 2.4504104 2.0124952 2.6452804 2.2822375 2.4797253 1.7467822 1.3200760 2.2614588 1.3371051 1.3477600 1.2970105 1.7887243 1.2844090 1.3026967 1.2221224 1.3511139 1.4837803 1.0527252 0.0000000 1.5374453 1.9326755 2.4666067 2.2250632 2.8454683 2.5823581 2.3575090 2.9004161 2.4731388 2.0379738 2.3235723 2.3040400 2.7785655 1.9763417 2.9798513 2.3667805 2.1102667 2.2527292 2.3722063 2.5621990 2.2879005 3.5464511 2.6187728 2.0401791 2.5771504 2.6050249 2.5793692 2.5656707 2.5408138 2.5249560 2.6790803 3.3592879 3.2579962 3.2838644 3.3348077 3.6876524 3.3448220 
Dgig_XM_028535695.1                     3.8473731 1.9998479 1.9824285 1.7276424 2.0047782 2.0417691 1.7822240 1.6803639 2.1830087 3.9537190 1.5410828 1.1150480 2.0253816 1.4366889 1.3826880 1.5116025 1.3570179 1.3836906 1.2852781 1.5374453 0.0000000 0.5272339 2.6769285 2.4984654 2.7860883 2.0594126 2.0560477 2.7206240 1.6368672 1.6826202 1.9134326 1.8316351 2.9344639 1.9774803 2.9626204 2.2816232 1.8169261 1.9995504 2.2764086 2.7314500 2.8698331 2.8698331 2.6746450 1.7790316 2.4740789 2.4755796 2.2666689 2.2959349 2.4330918 2.4022437 2.5402254 3.8054988 3.3023601 2.9051965 3.3098366 3.9181866 2.0916655 
Xesp_013952-T1                          4.5490673 3.1238715 2.5804694 3.3501640 2.8173994 2.9446694 2.4461466 1.9337623 2.5822815 3.4387043 2.1115432 1.4741384 1.8773216 2.0908336 1.6703477 1.9323768 1.9682354 2.0259362 1.3032669 1.9326755 0.5272339 0.0000000 3.1395539 3.2199585 3.3084310 2.7926984 2.7107000 3.2358370 2.3592428 2.1541564 2.5565405 2.6391585 3.1746137 2.6962155 3.6429838 2.3520251 2.1353452 2.4131644 3.1745671 3.4050957 2.9737029 4.1782296 2.9490566 3.0831609 2.5227383 2.5262596 2.4490853 2.4658230 2.4612514 2.5557984 2.6712637 3.7226703 3.6342963 3.7045094 3.8127294 4.5016664 3.4986682 
Acagra_model.g17461.t1                  4.4559934 3.0332215 2.5978443 3.3340208 2.6780054 3.1221970 2.3332994 1.9114732 2.2109233 4.8734406 2.7880531 2.0551974 2.7774753 2.7575327 2.0319777 2.5421637 2.6234598 2.7358351 2.0412485 2.4666067 2.6769285 3.1395539 0.0000000 1.4902762 2.4623849 2.8179073 3.4669345 3.5273736 2.9967069 2.3457743 3.1318048 3.2471990 3.2656909 3.2742755 2.4918572 3.0232729 2.5466825 2.0615866 2.2338818 2.6142650 4.1806484 4.9242630 1.7384918 2.6569736 3.4210290 3.3599330 3.3299341 3.3131276 3.2022244 3.4984435 3.7721126 3.4321960 3.3848913 3.6491636 3.7055049 4.7074080 3.3302711 
Cgig_XM_034474203.1                     4.5671169 3.0940972 2.7354063 3.4328217 2.6234665 3.1058246 2.3992671 1.9322969 2.4232456 4.2583404 2.5688234 1.9824570 2.5801418 2.7776330 2.1183499 2.4760843 2.4743219 2.6458088 1.9883341 2.2250632 2.4984654 3.2199585 1.4902762 0.0000000 2.4008387 3.2024322 3.2798299 3.7940667 2.7602023 2.4160570 3.2597792 3.0771781 3.7716035 3.4402732 2.8681160 3.0858777 2.7572023 1.9374005 2.2247448 2.3935546 4.2100240 4.6418896 2.0751497 2.2295234 3.0413754 3.0192921 2.9456537 2.9305703 2.8124888 3.0047947 3.2300344 2.7838625 3.3007349 3.4088058 3.7200988 4.1836530 3.5127178 
Tcas_TC014056_001                       6.0601485 3.4517019 2.8655290 3.5118323 3.2607649 2.9567521 2.3212256 1.7412531 2.4426673 3.7755113 2.9458188 2.5951983 3.4202618 2.8862957 2.6609847 2.8212471 2.7790924 2.8411182 2.6463086 2.8454683 2.7860883 3.3084310 2.4623849 2.4008387 0.0000000 3.1649781 3.4568022 2.8909515 3.5350735 1.9651981 3.4970133 3.2385614 3.0368579 2.5518587 2.3478380 2.9184700 2.6531834 2.0404067 2.4523022 1.8752821 3.7387645 4.6311015 3.0810137 2.2518566 3.4587851 3.3765274 3.3538001 3.3448754 3.5107608 3.5673918 3.7756850 3.8769465 3.6191370 3.4986701 3.5663652 3.9334319 3.3290364 
Hvul_g29374_1                           4.4462412 2.9631182 2.7923722 3.0698638 3.0043568 2.7106682 2.1487521 1.8185268 2.8694432 2.4513400 2.4657446 2.7088883 3.6513873 2.6920993 2.4669331 2.3091509 2.3789425 2.5771184 2.2583834 2.5823581 2.0594126 2.7926984 2.8179073 3.2024322 3.1649781 0.0000000 1.8617077 1.7638261 2.0224950 1.4151313 1.8550490 1.7579329 1.5665275 1.4358043 3.3612777 2.7879620 2.3923278 2.9856706 2.8313115 3.6918774 4.2523632 4.6463868 3.3805676 2.7736263 3.4235804 3.3365444 3.1887717 3.1693918 3.0666861 3.2225103 3.2490067 4.0728946 3.5829036 3.7471331 3.5936407 4.1788129 3.5016984 
Sanmal_Sma_008817-T1                    4.1031170 2.7399307 2.5496763 2.5341260 2.7187785 2.8398310 2.2108187 1.9124867 3.0768791 4.0236771 2.8028229 2.3322086 3.4491534 2.6524165 2.1890873 2.4949836 2.4191759 2.5219911 2.0646885 2.3575090 2.0560477 2.7107000 3.4669345 3.2798299 3.4568022 1.8617077 0.0000000 0.0418569 0.0273614 0.5877198 0.9332330 0.9702150 2.2981111 1.7843995 3.2861701 2.6025598 2.1011436 2.7511489 2.9986521 2.8973276 3.3516117 3.7279428 3.8514356 3.0071573 2.9634070 2.9118505 2.8689948 2.8901554 2.5782702 2.9367153 3.1162740 4.2977781 3.8604990 3.3918802 3.2526122 4.3203048 3.7273474 
Sanmal_Sma_028004-T1                    5.2051741 3.3385889 3.3123512 3.8345038 2.8574495 3.2186617 3.6519766 3.2764098 2.7858424 4.2255096 2.7745091 1.5998995 9.0000000 3.4259088 2.0560024 2.6276740 2.5295798 3.0659094 2.1662435 2.9004161 2.7206240 3.2358370 3.5273736 3.7940667 2.8909515 1.7638261 0.0418569 0.0000000 1.6570422 0.8095693 1.0907613 0.9405953 1.4336347 1.9352342 2.7297854 3.2117472 2.4247154 3.3464745 3.1780568 3.1514554 0.0000010 0.0000010 0.0000010 3.5549320 2.9599427 2.9340041 3.0014108 3.0014108 2.8310418 2.6864220 2.6799427 5.6150454 5.2772228 4.5650419 4.5647824 6.6377776 1.5156450 
Sanmal_Sma_028005-T1                    4.4245477 2.7500322 2.2591907 2.8148236 2.8658645 2.9154794 0.8639289 0.8639289 3.1412853 0.0000010 2.5373712 2.3808817 3.2740213 2.3578781 2.3355629 2.3816923 2.2180191 2.2415179 2.0233664 2.4731388 1.6368672 2.3592428 2.9967069 2.7602023 3.5350735 2.0224950 0.0273614 1.6570422 0.0000000 0.2675987 0.7914628 0.8356316 2.5525241 0.9413417 3.4942284 2.3980480 1.9859580 2.6606650 2.6098125 2.7011494 3.3190889 4.2834077 4.2193271 1.2131658 3.0538561 3.0326991 2.8742632 2.9077746 2.4411563 3.0628955 3.4218419 3.8420764 3.3650189 3.2933104 3.0823477 3.7357450 3.9375135 
Aaur_scaffold366.g1.t2                  4.0642600 2.0474273 2.0582588 0.8854575 1.7127351 2.0890161 2.4832705 2.1233342 2.2166963 3.0052644 1.8486181 1.0158841 7.7083402 2.0751217 1.5202529 1.7401268 1.7546794 1.9006308 1.5494315 2.0379738 1.6826202 2.1541564 2.3457743 2.4160570 1.9651981 1.4151313 0.5877198 0.8095693 0.2675987 0.0000000 0.5627683 0.6087418 1.3403091 1.3279386 1.9063456 2.2377668 2.3263446 2.1188757 2.1891770 2.1839404 0.0000010 0.0000010 0.0000010 2.3888336 2.5762732 2.5455572 2.6044485 2.6044485 2.6129339 2.6811994 3.0724776 6.1043599 3.8930937 2.8659287 3.1136755 3.7741441 0.8679316 
Rhoesc_Res_003011-T1                    4.8869571 2.9913125 2.7343413 2.8857090 2.8373147 2.8581825 2.6827626 2.0078918 3.3537818 2.9769166 2.4735888 2.3372516 3.4176363 2.6874312 2.2297739 2.4021458 2.5395344 2.6765019 2.0584187 2.3235723 1.9134326 2.5565405 3.1318048 3.2597792 3.4970133 1.8550490 0.9332330 1.0907613 0.7914628 0.5627683 0.0000000 0.3744336 2.1776232 1.5904111 3.4386032 2.7446804 2.3474871 2.8450274 2.7861754 3.0767387 3.5570757 4.1097629 3.2961744 2.9195053 2.9995429 2.9780010 3.0189350 3.0415208 2.8051605 3.0200840 3.1454297 4.2877187 4.3434293 3.5194864 3.5985635 4.3042582 3.4581671 
Nemnom_g5954.t1                         4.3581575 2.8896329 2.6896576 2.7122044 2.7441923 2.6979604 2.6262674 2.0738134 3.0967711 3.4652223 2.6084808 2.2770847 3.1508730 2.6242778 2.1792429 2.3160702 2.4917264 2.5878467 1.9292667 2.3040400 1.8316351 2.6391585 3.2471990 3.0771781 3.2385614 1.7579329 0.9702150 0.9405953 0.8356316 0.6087418 0.3744336 0.0000000 2.1470500 1.5323434 3.4820267 2.7511930 2.3735584 2.5808024 2.7928818 3.0606043 3.1982033 3.7292387 3.2862201 2.6876311 3.0105357 2.9336199 3.0084063 3.0309487 2.7935119 2.9101908 3.0794874 4.3328384 3.8305656 3.2135123 3.6606992 4.3074260 3.4034936 
Chem_TCONS_00060506                     4.1457022 3.5745827 3.2433380 4.2676117 3.2236293 3.0797740 3.0188473 2.6427742 3.2217826 2.7863089 3.0159983 3.2244925 3.9968633 3.2931673 3.0069626 2.8163529 2.8526024 3.0611542 2.9043718 2.7785655 2.9344639 3.1746137 3.2656909 3.7716035 3.0368579 1.5665275 2.2981111 1.4336347 2.5525241 1.3403091 2.1776232 2.1470500 0.0000000 2.2156191 3.2565115 3.4310687 2.7597369 3.2387004 3.7303943 3.6251238 4.0161583 4.4141985 4.0854816 3.4947065 3.4760455 3.3695500 3.2841641 3.2654953 3.2105625 3.1409086 3.1740850 4.4764333 4.3742129 4.2331069 4.0533260 4.1163893 3.6879991 
Morvir_scaffold190.g24.t1               3.4870428 2.1034610 2.1218174 1.5939074 1.9169247 2.1438288 2.1745662 1.7206352 2.5157995 2.9106343 2.2975827 1.5718829 3.5661474 2.4147071 1.8961333 2.1709602 2.2576210 2.3542646 1.5926046 1.9763417 1.9774803 2.6962155 3.2742755 3.4402732 2.5518587 1.4358043 1.7843995 1.9352342 0.9413417 1.3279386 1.5904111 1.5323434 2.2156191 0.0000000 3.1389424 1.9599562 2.3737620 2.2445189 2.5769601 2.7868777 2.5405229 2.5405229 5.0657317 2.7322946 2.5195639 2.4859998 2.5543268 2.5543268 2.5271048 2.5882361 2.9095563 6.1694171 3.1428819 3.0384944 3.6047261 4.3811934 0.8679316 
Cscu_XM_023380545.1                     4.8814976 3.5118675 2.9603779 4.1963347 3.1890552 3.5733745 2.5154584 1.9988383 3.0848168 4.1768107 3.3650108 3.0678758 4.1186834 3.2627632 2.8878871 3.0840119 2.9813249 3.0839876 2.8458355 2.9798513 2.9626204 3.6429838 2.4918572 2.8681160 2.3478380 3.3612777 3.2861701 2.7297854 3.4942284 1.9063456 3.4386032 3.4820267 3.2565115 3.1389424 0.0000000 3.6847042 2.7947443 2.3776042 2.8606283 2.7470518 5.0970212 5.8673797 3.4246209 2.5875726 4.0821516 4.0398884 3.9483304 3.9257565 3.7908528 3.7651024 4.0479791 4.1055729 4.2120703 4.1955416 4.4146852 4.9013103 3.6181116 
Opea_EP00118_Oscarella_pearsei_P000019  4.5988021 2.6967258 2.4792054 2.8467486 2.4317272 2.6526009 2.3786608 1.7269356 2.7764538 2.4320795 2.3008906 2.5886643 3.2984624 2.5203867 2.5000883 2.3545637 2.3709252 2.4515220 1.9126485 2.3667805 2.2816232 2.3520251 3.0232729 3.0858777 2.9184700 2.7879620 2.6025598 3.2117472 2.3980480 2.2377668 2.7446804 2.7511930 3.4310687 1.9599562 3.6847042 0.0000000 1.4054217 2.5963261 3.0142794 3.2267439 3.5388731 4.1292086 3.2013167 2.4796302 3.1766134 3.1841579 3.1365252 3.1610751 3.2202817 3.2933036 3.4124077 4.4907365 3.1027084 3.2109506 3.1783641 3.9691796 3.3642624 
Plajan_Pjan_scaffold13463_01            4.5041920 2.4316320 2.2159028 2.7094805 2.3451407 2.2417813 1.4374746 1.3480492 2.3712540 3.1297965 2.1486499 2.0071284 2.7044532 2.2040626 2.0377459 2.0311385 2.0246388 2.0002475 1.9212626 2.1102667 1.8169261 2.1353452 2.5466825 2.7572023 2.6531834 2.3923278 2.1011436 2.4247154 1.9859580 2.3263446 2.3474871 2.3735584 2.7597369 2.3737620 2.7947443 1.4054217 0.0000000 2.1509569 2.5662416 2.7967321 2.6711811 2.9024802 2.6873326 1.9828804 2.8352962 2.8285483 2.7796631 2.8047329 2.8170766 2.9418347 3.0319164 3.5677983 3.2202063 3.1022159 3.3644634 3.8991675 3.1345796 
Bralan_BLAG14000035_1                   3.6834346 3.0770272 2.6288936 3.2908276 2.7559734 2.5790426 2.3848193 1.7662797 2.0169605 4.5292271 2.1690791 1.8257314 2.4155915 2.1599188 2.0977067 2.2142883 2.0479673 2.1843592 1.8369818 2.2527292 1.9995504 2.4131644 2.0615866 1.9374005 2.0404067 2.9856706 2.7511489 3.3464745 2.6606650 2.1188757 2.8450274 2.5808024 3.2387004 2.2445189 2.3776042 2.5963261 2.1509569 0.0000000 1.6094839 2.5019540 3.2519546 4.0760066 1.6361415 1.5818055 3.0560672 3.0699956 3.1574023 3.1400398 3.0291945 3.1332199 3.3167758 3.2797096 3.6996680 3.5060716 4.2170865 4.3155200 3.2674263 
Hsap_ENST00000296015                    4.6160972 2.9869819 2.6526840 3.2250789 2.8674908 2.6294515 2.5742804 2.0609366 2.1393971 4.1674253 2.5326627 2.2183421 2.8117795 2.4147179 2.0761024 2.2907662 2.3550940 2.4708758 2.0982325 2.3722063 2.2764086 3.1745671 2.2338818 2.2247448 2.4523022 2.8313115 2.9986521 3.1780568 2.6098125 2.1891770 2.7861754 2.7928818 3.7303943 2.5769601 2.8606283 3.0142794 2.5662416 1.6094839 0.0000000 2.4440901 3.4804839 4.4096299 1.9455937 2.1964831 3.2248971 3.1715110 3.1797648 3.1636194 3.0761196 3.2576750 3.5535956 3.3443655 3.8687001 3.7162250 4.0380886 4.1049421 3.3763474 
Dpul_mRNA13322                          6.1195374 3.0929654 2.5745531 3.7017945 2.8640883 2.9654429 2.3436763 1.6200190 2.3854690 4.1270912 2.9469943 2.5647312 3.6108820 2.9639397 2.6884917 2.8312894 2.9411010 3.0397485 2.5020601 2.5621990 2.7314500 3.4050957 2.6142650 2.3935546 1.8752821 3.6918774 2.8973276 3.1514554 2.7011494 2.1839404 3.0767387 3.0606043 3.6251238 2.7868777 2.7470518 3.2267439 2.7967321 2.5019540 2.4440901 0.0000000 3.9580470 4.4303067 2.8473682 2.3910105 3.2679443 3.2807648 3.2801383 3.2714453 3.2203647 3.4483843 3.6843554 3.5125291 3.3987950 3.8782085 3.2806727 3.3831814 3.2829756 
Spolac_c95688_g1_i1_m.11875c33201-g1    2.4406763 1.9966774 1.9341413 2.3275223 1.7866649 1.2334906 0.0000010 0.0000010 3.2381559 0.0000010 3.4737801 3.3546918 3.5085792 3.3593601 3.4358997 3.2950700 3.1573074 3.4953543 3.7310724 2.2879005 2.8698331 2.9737029 4.1806484 4.2100240 3.7387645 4.2523632 3.3516117 0.0000010 3.3190889 0.0000010 3.5570757 3.1982033 4.0161583 2.5405229 5.0970212 3.5388731 2.6711811 3.2519546 3.4804839 3.9580470 0.0000000 0.0190156 3.5087292 2.8565963 3.0999852 3.0593491 2.9532522 3.0099941 2.9021258 3.1544712 3.1786366 4.4559266 3.7876085 4.2830749 4.2351202 4.9041017 2.1534095 
Spolac_c95688_g1_i2_m.11876c33201-g1    3.8147986 2.9915550 2.1248672 3.4549087 2.1111933 1.6658119 0.0000010 0.0000010 3.9806059 0.0000010 4.3061917 4.1986709 4.2587822 4.2057892 4.2091327 3.9545290 3.8228726 4.0684927 3.8094036 3.5464511 2.8698331 4.1782296 4.9242630 4.6418896 4.6311015 4.6463868 3.7279428 0.0000010 4.2834077 0.0000010 4.1097629 3.7292387 4.4141985 2.5405229 5.8673797 4.1292086 2.9024802 4.0760066 4.4096299 4.4303067 0.0190156 0.0000000 4.0270074 2.8565963 3.6829954 3.7659736 3.4991639 3.5523420 3.4009501 3.8288772 3.8494996 4.7307027 4.0063634 4.6031517 4.4431003 5.3168882 2.9645975 
Skow_XM_002740544.2                     4.5497453 4.4497939 3.4774566 4.2841598 3.3530968 3.6893739 0.0000010 0.0000010 1.7630833 0.0000010 2.5755782 2.5479500 2.4860364 2.5437589 2.7940787 2.6462245 2.7504651 2.8977286 2.8702329 2.6187728 2.6746450 2.9490566 1.7384918 2.0751497 3.0810137 3.3805676 3.8514356 0.0000010 4.2193271 0.0000010 3.2961744 3.2862201 4.0854816 5.0657317 3.4246209 3.2013167 2.6873326 1.6361415 1.9455937 2.8473682 3.5087292 4.0270074 0.0000000 0.0000010 2.8306685 2.7657762 2.9824950 2.9524813 2.7501879 2.8279307 2.8279307 2.4657911 3.6860750 4.1558373 3.6765864 4.5192713 3.3860447 
Skow_XM_006825403.1                     5.2522874 2.2027719 2.2307567 1.3387525 1.8506087 2.1299574 2.4146655 1.7383647 2.5035407 4.1498320 2.6692520 0.9094692 3.5953404 2.6144496 1.6662961 2.8570072 2.6380973 2.8944819 1.4385646 2.0401791 1.7790316 3.0831609 2.6569736 2.2295234 2.2518566 2.7736263 3.0071573 3.5549320 1.2131658 2.3888336 2.9195053 2.6876311 3.4947065 2.7322946 2.5875726 2.4796302 1.9828804 1.5818055 2.1964831 2.3910105 2.8565963 2.8565963 0.0000010 0.0000000 2.3274894 2.3653874 2.3572475 2.3572475 2.5488287 2.6431516 2.8580729 5.1804572 3.5960653 2.9279283 3.8908331 3.8788702 0.9028552 
HoiH23_PlH23_001415-RA                  3.9706719 3.2655731 3.0907091 3.1655636 3.1831561 3.6144647 2.9663508 2.3895237 2.8389147 3.9630193 2.8753888 2.4167743 2.9636328 2.8289762 3.0885816 2.8401759 2.7923286 2.9969161 2.5615325 2.5771504 2.4740789 2.5227383 3.4210290 3.0413754 3.4587851 3.4235804 2.9634070 2.9599427 3.0538561 2.5762732 2.9995429 3.0105357 3.4760455 2.5195639 4.0821516 3.1766134 2.8352962 3.0560672 3.2248971 3.2679443 3.0999852 3.6829954 2.8306685 2.3274894 0.0000000 0.0640819 0.1609134 0.1584223 0.1976520 0.3873999 0.4189241 4.3384275 3.9780464 4.2675902 3.8527971 4.5960382 3.7288583 
HoiH06_mRNA1984                         3.7613092 3.3102972 3.1164833 3.1156828 3.2558163 3.7066595 2.9751292 2.4399925 2.8247613 3.9442927 2.9092254 2.4101265 2.9277211 2.7765002 3.0494985 2.8060268 2.7119842 2.9112942 2.5656925 2.6050249 2.4755796 2.5262596 3.3599330 3.0192921 3.3765274 3.3365444 2.9118505 2.9340041 3.0326991 2.5455572 2.9780010 2.9336199 3.3695500 2.4859998 4.0398884 3.1841579 2.8285483 3.0699956 3.1715110 3.2807648 3.0593491 3.7659736 2.7657762 2.3653874 0.0640819 0.0000000 0.1581900 0.1557083 0.1968512 0.4023740 0.4359149 4.3291866 4.0133907 4.2599756 3.8334637 4.5895673 3.8407603 
Hhon_g03594.t1                          3.8651587 3.2261284 2.9976663 3.1414075 3.0866402 3.3331282 2.9797308 2.4522106 2.8005921 3.4887383 2.8443615 2.4931997 3.1166513 2.7565983 3.0133455 2.7038526 2.7215604 2.8745003 2.6656684 2.5793692 2.2666689 2.4490853 3.3299341 2.9456537 3.3538001 3.1887717 2.8689948 3.0014108 2.8742632 2.6044485 3.0189350 3.0084063 3.2841641 2.5543268 3.9483304 3.1365252 2.7796631 3.1574023 3.1797648 3.2801383 2.9532522 3.4991639 2.9824950 2.3572475 0.1609134 0.1581900 0.0000000 0.0020306 0.2243514 0.3964688 0.4294457 4.1848995 4.0317139 4.1848469 3.6511143 4.5255331 3.6451248 
HoiH04_mRNA1289                         3.8651587 3.2525464 3.0242753 3.1414075 3.1151023 3.3649479 2.9797308 2.4522106 2.7938546 3.4887383 2.8278012 2.4735254 3.0907526 2.7413843 2.9946193 2.6901194 2.7076544 2.8953344 2.6416439 2.5656707 2.2959349 2.4658230 3.3131276 2.9305703 3.3448754 3.1693918 2.8901554 3.0014108 2.9077746 2.6044485 3.0415208 3.0309487 3.2654953 2.5543268 3.9257565 3.1610751 2.8047329 3.1400398 3.1636194 3.2714453 3.0099941 3.5523420 2.9524813 2.3572475 0.1584223 0.1557083 0.0020306 0.0000000 0.2213384 0.3929992 0.4255617 4.1589735 4.0084122 4.1694307 3.6306093 4.5095831 3.6451248 
HoiH11_mRNA3726                         3.4662501 3.1758668 3.0579017 2.8942219 3.1155608 3.5802102 3.1335541 2.3901861 2.9740347 4.1063500 2.8850861 2.3626615 2.9162843 2.7971137 3.0094307 2.7540792 2.7129652 2.9050046 2.5919588 2.5408138 2.4330918 2.4612514 3.2022244 2.8124888 3.5107608 3.0666861 2.5782702 2.8310418 2.4411563 2.6129339 2.8051605 2.7935119 3.2105625 2.5271048 3.7908528 3.2202817 2.8170766 3.0291945 3.0761196 3.2203647 2.9021258 3.4009501 2.7501879 2.5488287 0.1976520 0.1968512 0.2243514 0.2213384 0.0000000 0.3528053 0.3787726 4.2574370 4.0436228 4.4490125 3.7793720 4.6394901 3.5154416 
TrH2_TrispH2_005047-RA                  3.4464710 3.1730407 3.0110536 3.0886030 3.3358510 3.4415895 3.4571354 2.6468215 2.9846783 4.3712961 3.0844236 2.4447018 2.9372516 2.9070177 3.1266816 2.7431633 2.8755012 3.1029226 2.4102619 2.5249560 2.4022437 2.5557984 3.4984435 3.0047947 3.5673918 3.2225103 2.9367153 2.6864220 3.0628955 2.6811994 3.0200840 2.9101908 3.1409086 2.5882361 3.7651024 3.2933036 2.9418347 3.1332199 3.2576750 3.4483843 3.1544712 3.8288772 2.8279307 2.6431516 0.3873999 0.4023740 0.3964688 0.3929992 0.3528053 0.0000000 0.0022883 4.0463948 3.8622346 3.9581371 3.8200056 4.5845775 3.4958740 
Tadh_TriadT57311                        3.3530442 3.3414020 3.1723998 3.3852304 3.5382490 3.8204692 4.6356997 3.4008353 3.1767339 4.3712961 3.3208968 2.6046304 2.7201446 3.1310806 3.3671092 2.9359305 3.0281354 3.3075980 2.5847528 2.6790803 2.5402254 2.6712637 3.7721126 3.2300344 3.7756850 3.2490067 3.1162740 2.6799427 3.4218419 3.0724776 3.1454297 3.0794874 3.1740850 2.9095563 4.0479791 3.4124077 3.0319164 3.3167758 3.5535956 3.6843554 3.1786366 3.8494996 2.8279307 2.8580729 0.4189241 0.4359149 0.4294457 0.4255617 0.3787726 0.0022883 0.0000000 4.0862377 4.0847901 4.2550765 3.9238984 4.7090429 3.5909235 
Ctel_gnl_WGS_AMQN_CAPTEDRAFT_mRNA219748 4.7706298 4.6962945 4.4497958 5.0224190 4.2504233 4.5727522 6.4819230 5.9215428 4.0981054 4.8825778 3.2841858 2.6159616 2.6265167 3.2378452 2.8298309 2.9849089 3.0738792 3.3550325 3.5566698 3.3592879 3.8054988 3.7226703 3.4321960 2.7838625 3.8769465 4.0728946 4.2977781 5.6150454 3.8420764 6.1043599 4.2877187 4.3328384 4.4764333 6.1694171 4.1055729 4.4907365 3.5677983 3.2797096 3.3443655 3.5125291 4.4559266 4.7307027 2.4657911 5.1804572 4.3384275 4.3291866 4.1848995 4.1589735 4.2574370 4.0463948 4.0862377 0.0000000 5.3552371 5.1753925 5.4583683 5.9920631 3.2912804 
Lcom_lcpid83106                         4.1926005 3.3907953 3.2094015 3.3137655 3.1696758 3.2492639 3.7722924 3.0362350 3.9858012 5.0195973 3.7607547 3.2760389 3.8750183 3.7854193 3.3665627 3.4260551 3.2733215 3.2341821 2.9766165 3.2579962 3.3023601 3.6342963 3.3848913 3.3007349 3.6191370 3.5829036 3.8604990 5.2772228 3.3650189 3.8930937 4.3434293 3.8305656 4.3742129 3.1428819 4.2120703 3.1027084 3.2202063 3.6996680 3.8687001 3.3987950 3.7876085 4.0063634 3.6860750 3.5960653 3.9780464 4.0133907 4.0317139 4.0084122 4.0436228 3.8622346 4.0847901 5.3552371 0.0000000 1.2239509 1.5400225 2.3965417 3.8019286 
Leuniv_Lniv_C806722_01                  5.7783648 3.6771746 3.4844612 3.5987460 3.5141545 3.6123884 3.4644441 3.2049229 4.0535701 5.6485538 3.2028149 3.0228992 3.7406934 3.3419984 3.3427128 3.3618229 3.2986567 3.3876231 3.1508771 3.2838644 2.9051965 3.7045094 3.6491636 3.4088058 3.4986701 3.7471331 3.3918802 4.5650419 3.2933104 2.8659287 3.5194864 3.2135123 4.2331069 3.0384944 4.1955416 3.2109506 3.1022159 3.5060716 3.7162250 3.8782085 4.2830749 4.6031517 4.1558373 2.9279283 4.2675902 4.2599756 4.1848469 4.1694307 4.4490125 3.9581371 4.2550765 5.1753925 1.2239509 0.0000000 1.0034787 2.3412374 4.3075827 
Scil_scict007478.3                      4.6984750 3.7745629 3.8574084 3.5535997 3.8968964 3.3803037 4.3214893 3.9600405 4.0783362 5.1527147 3.5881736 3.2113044 3.8557685 3.6486946 3.3379238 3.3272171 3.2167006 3.3547427 3.3436794 3.3348077 3.3098366 3.8127294 3.7055049 3.7200988 3.5663652 3.5936407 3.2526122 4.5647824 3.0823477 3.1136755 3.5985635 3.6606992 4.0533260 3.6047261 4.4146852 3.1783641 3.3644634 4.2170865 4.0380886 3.2806727 4.2351202 4.4431003 3.6765864 3.8908331 3.8527971 3.8334637 3.6511143 3.6306093 3.7793720 3.8200056 3.9238984 5.4583683 1.5400225 1.0034787 0.0000000 2.1049605 3.4289925 
Gracom_Gcom_C546604_01                  6.7629129 4.4483751 4.3830915 4.5135923 4.1067488 4.6574084 4.7345461 4.1098000 4.6438570 4.2026494 3.7711551 3.6326735 4.6651453 4.0672895 4.2116630 3.9976840 3.9190679 4.0737682 4.0361404 3.6876524 3.9181866 4.5016664 4.7074080 4.1836530 3.9334319 4.1788129 4.3203048 6.6377776 3.7357450 3.7741441 4.3042582 4.3074260 4.1163893 4.3811934 4.9013103 3.9691796 3.8991675 4.3155200 4.1049421 3.3831814 4.9041017 5.3168882 4.5192713 3.8788702 4.5960382 4.5895673 4.5255331 4.5095831 4.6394901 4.5845775 4.7090429 5.9920631 2.3965417 2.3412374 2.1049605 0.0000000 4.3649240 
Plespi_Pspi_scaffold14617_01            3.9542454 3.4411553 2.8204112 3.6765292 2.7575689 2.6161276 0.5454825 0.5454825 3.1792639 0.0000010 3.4428078 3.1390668 3.0924035 3.1265668 3.0017877 2.9623932 3.0118614 3.3894908 2.6104828 3.3448220 2.0916655 3.4986682 3.3302711 3.5127178 3.3290364 3.5016984 3.7273474 1.5156450 3.9375135 0.8679316 3.4581671 3.4034936 3.6879991 0.8679316 3.6181116 3.3642624 3.1345796 3.2674263 3.3763474 3.2829756 2.1534095 2.9645975 3.3860447 0.9028552 3.7288583 3.8407603 3.6451248 3.6451248 3.5154416 3.4958740 3.5909235 3.2912804 3.8019286 4.3075827 3.4289925 4.3649240 0.0000000 
