80
Spis_XP_022793166_1                                             0.0000000 0.0799557 0.1841368 0.9562521 0.1774743 0.2684906 0.9313315 0.4627859 0.3073189 0.2659875 0.2317691 0.7184906 0.9536277 0.9911193 0.9596186 0.9046213 0.8655773 0.9567031 0.8634981 0.8664137 0.8746884 0.8312382 0.8057795 1.0555915 0.6094187 0.5303877 0.9234033 1.0012353 0.9621301 0.9341502 0.8642129 1.0805501 0.8412830 0.8054268 0.9324869 0.9682676 0.9394092 0.9771274 0.6955258 1.0941934 3.0948100 1.2349841 0.8379935 1.2877100 1.1717344 1.4561864 1.3176634 0.5477180 0.2950514 1.2834953 1.0664761 1.4527043 1.1818996 1.4177681 1.3047480 2.0372837 1.5402622 2.6137019 1.1657668 1.1106064 0.9519602 1.0672009 1.0904008 0.9694030 0.0000010 0.0000010 1.0733991 1.3170172 1.3362561 1.3463096 1.0056242 1.0962435 1.3938180 1.3580557 1.3768253 1.2073142 1.4091852 1.6010768 1.1061499 2.9233363 
Pocdam_XM_027204124.1                                           0.0799557 0.0000000 0.1328025 0.0609341 0.1484387 0.2687208 0.2181578 0.4177498 0.2759691 0.2234380 0.2339055 0.7027375 0.9062159 0.9268947 0.9135886 0.9070108 0.8270332 0.8708956 0.8519314 0.9169956 0.8819872 0.8141088 0.8096386 0.9677831 0.6526253 0.6100826 1.0225447 1.0302999 0.9026957 0.9448341 0.8929857 1.1067413 0.9468711 0.9052822 1.0099504 1.0153503 1.0136939 1.0872110 0.8100187 1.0844508 1.6674637 1.2926329 0.9464750 1.3449855 1.2804215 1.5145166 1.3832592 1.0182151 1.2888287 1.3241948 1.1051371 1.6443387 1.1612851 1.4180502 1.3375894 2.0906996 1.5792575 3.1858240 1.2065807 1.3006552 1.1729849 1.2257693 1.2857161 1.1867658 3.7709128 3.6207706 1.1488670 1.5177731 1.5157507 1.5195349 1.2722985 1.3656022 2.1804400 1.5557800 1.5363051 1.5529056 1.6176996 1.5540121 1.4213894 2.7532444 
Fspp_ffun1.m4.11476.m1                                          0.1841368 0.1328025 0.0000000 0.1080266 0.0806485 0.2608489 0.1935115 0.3252373 0.2348284 0.1634323 0.1754614 0.6345537 0.7091787 0.7072222 0.7595371 0.7622212 0.7771511 0.7505924 0.6838617 0.7767939 0.7376048 0.6888908 0.6861963 0.8414620 0.6544072 0.5818975 0.9555714 0.8577978 0.7536717 0.8208374 0.7139072 0.9283199 0.7702906 0.7546116 0.9149376 0.9476414 0.9341961 0.9498835 0.8245921 1.0781202 1.6111706 1.0988136 0.9050131 1.1016782 1.2182516 1.2923933 1.2146190 1.0150053 1.2106496 1.0699779 0.9480999 1.3938632 0.9645678 1.1903256 1.2432716 1.7649645 1.3261102 3.0742203 0.9420899 1.1294709 1.1142435 1.0535523 1.0806840 1.0806840 3.3869387 3.1726691 1.1488346 1.4974438 1.4916159 1.4090059 1.2913900 1.3401933 2.1221617 1.4347540 1.4255259 1.5419629 1.4893844 1.2451741 1.3960062 2.4646253 
Spis_XP_022807601_1                                             0.9562521 0.0609341 0.1080266 0.0000000 0.1110183 0.3337222 0.1339935 0.4158922 0.1950240 0.1535973 1.1185680 0.6758413 0.7094964 0.8050728 0.8508481 1.0752687 0.8505883 0.7368809 0.7435300 1.0041601 0.8371952 0.8819871 0.8898335 0.7992959 0.8237119 0.7873060 1.4762076 1.1997523 0.8792527 0.9362282 1.1211816 1.1256822 1.2713940 1.3097255 1.2960894 1.2251376 1.2064509 1.4256245 1.1301374 1.1007195 1.4821054 1.7673871 1.6398415 1.6838384 1.6644305 1.6143216 1.4005727 1.2931187 1.2873004 1.3348732 1.0728508 2.0948263 0.9966908 0.0000010 1.6192661 0.0000010 0.0000010 8.9299479 1.5719892 2.1746828 2.1757146 1.8878353 1.8593112 1.8593112 4.0783668 3.8380126 1.4227656 2.5729711 2.5453239 2.3606550 2.3347967 2.3326768 2.3876900 2.5911703 2.5031439 2.5089321 2.6646423 1.5719892 1.7093113 2.6504049 
Gasp_gasp1.m3.26203.m1                                          0.1774743 0.1484387 0.0806485 0.1110183 0.0000000 0.2585725 0.1810596 0.3685527 0.2427944 0.1924595 0.1795630 0.6986925 0.8818907 0.9384211 0.9489592 0.9599892 0.8686151 0.8871109 0.8376502 0.8775793 0.8279915 0.8483221 0.8262340 1.0002727 0.6441563 0.6008017 1.1027278 1.0931101 0.9637261 0.9938584 0.8595434 1.1819449 0.9276286 0.8690457 1.0513348 1.0837621 1.0497016 1.0958130 0.7889117 1.1001595 1.5693882 1.3094396 0.8300624 1.3566794 1.2724781 1.4832684 1.3532033 1.0182928 1.2624497 1.3042403 1.0916131 1.6013979 1.1385751 1.3314948 1.3187728 1.9131000 1.4790300 3.0278545 1.1500326 1.2762025 1.1354696 1.2094818 1.2305512 1.1292164 3.7519125 3.6079128 1.1935669 1.5002357 1.5115909 1.5048757 1.2946345 1.3571314 2.0516130 1.5220362 1.4904548 1.5582015 1.5693939 1.6326321 1.5307757 2.5545998 
Nvec_v1g216752                                                  0.2684906 0.2687208 0.2608489 0.3337222 0.2585725 0.0000000 0.0684410 0.1843220 0.3062052 0.3313596 0.3501828 0.6554144 0.7291453 0.7029324 0.7198060 0.7343737 0.7231196 0.7423956 0.6621624 0.7048849 0.6689103 0.5908696 0.6011599 0.7684480 0.7026197 0.6624644 0.9307691 0.8631856 0.7560378 0.6967581 0.5025396 0.8669515 0.7165990 0.6901703 0.9260744 0.8888735 0.9104354 0.9744176 0.8740171 1.1681353 1.5318957 1.1046162 0.7810298 1.0156186 1.0847314 1.0059094 1.0595088 1.0057078 1.3239095 0.9206553 0.9333375 1.4320675 0.9068843 0.7143287 1.2682309 0.6510763 0.9468064 4.6625361 0.7836726 1.0537544 1.0564788 0.9875241 1.0486011 1.0486011 2.7337286 2.6699645 1.1353806 1.3280145 1.3184564 1.3543603 1.3097031 1.3548182 2.1858501 1.4181475 1.4046916 1.5274157 1.3714476 0.8971420 1.3098499 2.5812423 
Nvec_NVE7158                                                    0.9313315 0.2181578 0.1935115 0.1339935 0.1810596 0.0684410 0.0000000 0.1464752 0.3757885 0.2525535 0.7047610 0.3762535 0.3370718 0.4363992 0.4176280 0.9443452 0.5037431 0.4388910 0.5093140 0.6375013 0.5751084 0.4801280 0.5180898 0.5314310 0.4926955 0.5250927 0.9235144 0.6841550 0.4784717 0.5220134 0.9697134 0.6690201 1.0523784 1.0357409 0.8583686 0.8930349 0.8649574 0.8718161 0.8380075 0.7856380 0.8788680 0.9536252 0.8447924 0.7344725 0.8972312 1.7277610 0.8354100 0.7628753 0.6326071 0.8181026 0.7477374 2.9777389 0.6391914 0.5212600 0.7568231 0.0000010 0.0000010 8.9999990 1.3196723 1.3182038 1.2949017 1.0611358 1.2167413 1.2167413 2.2716707 3.0523782 4.0422372 2.2648997 2.2648997 1.9053221 2.0455918 1.9296534 2.0009405 2.1816062 2.1439913 2.0983841 1.9197897 1.1444443 0.7810767 0.0000010 
Exapal_XM_021059376.2                                           0.4627859 0.4177498 0.3252373 0.4158922 0.3685527 0.1843220 0.1464752 0.0000000 0.4632589 0.4317001 0.4770190 0.8084232 1.0167619 0.9931937 1.0433398 1.0061999 0.9300683 1.0440064 0.8727004 0.8774373 0.8927565 0.8522761 0.8458114 0.9304381 0.6978132 0.6921977 1.0791036 1.1386123 1.0311066 1.0667465 0.8366346 1.1905937 0.9503783 0.9246877 1.0839078 1.1150718 1.0895100 1.0931288 0.8691885 1.1822958 1.6572640 1.3530975 0.9527231 1.3095319 1.2526391 1.4483344 1.3439702 1.0285785 1.3223588 1.3540125 1.1429565 1.5985165 1.1677645 1.3943975 1.2739604 1.7905158 1.4256325 2.9896443 1.2386218 1.3129385 1.1212096 1.2276463 1.2447731 1.1531587 2.6630830 2.6470173 1.3607231 1.4919228 1.5077602 1.4944158 1.2978162 1.3859774 2.0843022 1.5101078 1.5217160 1.5679699 1.5764113 1.6443011 1.2865504 2.5831681 
Adig_XM_015910486.1                                             0.3073189 0.2759691 0.2348284 0.1950240 0.2427944 0.3062052 0.3757885 0.4632589 0.0000000 0.0381882 0.2058312 0.7599160 0.9100858 0.9417347 1.0525536 1.0865116 0.8758594 0.9860506 0.8647638 0.9022320 0.9409191 0.9405585 0.9516451 0.9641211 0.6158949 0.6527792 1.0455207 1.1533923 0.9987405 1.0166543 0.9109105 1.2129287 1.0655661 1.0041484 0.9970211 1.0661693 1.0524052 1.0323493 0.6845390 0.8996226 1.2770909 1.4093545 0.9513636 1.5118661 1.2632235 1.5238572 1.4202788 0.7344510 0.5644214 1.4664680 1.2033639 2.1716214 1.2307155 1.3737815 1.1778335 2.0739334 1.4797469 2.0828370 1.2332571 1.2752860 1.1209847 1.2408877 1.2882615 1.1545064 0.0000010 5.2788459 2.5386047 1.4697043 1.5000010 1.4503077 1.0006156 1.0596854 1.9841880 1.3700537 1.3211048 1.2502736 1.4308773 1.6605518 3.3507314 2.3997245 
Amil_Amillepora08025-RA                                         0.2659875 0.2234380 0.1634323 0.1535973 0.1924595 0.3313596 0.2525535 0.4317001 0.0381882 0.0000000 0.1903049 0.7362610 0.8522239 0.9046993 0.9787919 0.9771940 0.8748609 0.9140026 0.8603496 0.9001763 0.8849870 0.8904312 0.8816637 1.0461092 0.6960758 0.6293420 1.1046424 1.0974506 0.9579359 1.0350519 0.9462279 1.2190801 1.0055642 0.9799680 1.0560315 1.1406952 1.1290935 1.0768157 0.7866769 1.0999038 1.6933364 1.5156925 0.9600464 1.5149755 1.4033996 1.5859146 1.5894266 1.3418261 1.2895840 1.4475103 1.1935969 1.8072693 1.2591948 1.3836548 1.3124011 2.0739334 1.4697987 2.8041887 1.1619227 1.3030924 1.1789811 1.2565346 1.2860906 1.1880244 3.0111783 2.9282300 1.2737328 1.5837649 1.6002744 1.5630049 1.3068512 1.3463781 2.1150931 1.5444973 1.4941145 1.5645402 1.6326612 1.6877093 1.4502386 2.5874766 
Gfas_gfas1.m1.7805.m1                                           0.2317691 0.2339055 0.1754614 1.1185680 0.1795630 0.3501828 0.7047610 0.4770190 0.2058312 0.1903049 0.0000000 0.8335015 1.0553893 1.1164732 1.0681850 1.0583123 1.0144293 1.0799149 0.9874974 0.9745634 0.9809869 0.9336992 0.9329566 1.1709665 0.8052480 0.8650995 1.0485372 1.0664598 1.0389521 1.1347518 0.7902498 1.2895707 0.8890482 0.8246866 1.0945973 1.1467656 1.1369835 1.1135073 0.8307309 2.1638743 2.3663218 1.3709512 0.9282018 1.5265358 1.3665893 1.4708002 1.5496731 1.6828301 3.2323217 1.4735643 1.2113335 1.6412600 1.3136499 1.3153603 1.3371370 1.9776087 1.4689186 2.3580902 1.2038347 1.2330178 1.0425353 1.2446964 1.2481199 1.1033694 0.5404170 0.8133289 1.5581329 1.3777233 1.3881900 1.4528139 1.1297386 1.1802640 2.7343945 1.3753504 1.3273070 1.2591185 1.4334166 1.6129513 1.4033845 2.2599508 
Ctel_gnl_WGS_AMQN_CAPTEDRAFT_mRNA175229                         0.7184906 0.7027375 0.6345537 0.6758413 0.6986925 0.6554144 0.3762535 0.8084232 0.7599160 0.7362610 0.8335015 0.0000000 0.3686091 0.4373084 0.5548372 0.6651612 0.6763545 0.7030431 0.5751766 0.5710481 1.0105410 0.9210901 0.9285250 1.1034961 0.7484269 0.7296095 0.7516082 0.6620317 0.6244850 0.7660065 1.0523978 0.7901912 1.1257162 1.0935138 1.0164863 1.0378977 1.0000747 1.0181396 0.8241755 1.4102212 2.0686192 1.3091182 0.9192016 1.2092966 1.2812249 1.5787691 1.4066879 1.1425619 1.4946062 1.2510892 1.0527619 1.7237151 1.2031480 1.4561841 1.4302121 1.9697756 1.4988694 3.1426297 1.1285135 1.2524403 1.1990100 1.1844029 1.2414001 1.2414001 2.6705229 2.6664088 1.3596530 1.6506225 1.6710550 1.6213133 1.3185197 1.4590632 2.2476590 1.6480181 1.6006663 1.6002700 1.6518920 1.4751639 1.5819676 2.9004916 
Acagra_model.g13658.t1_model.g13655.t1                          0.9536277 0.9062159 0.7091787 0.7094964 0.8818907 0.7291453 0.3370718 1.0167619 0.9100858 0.8522239 1.0553893 0.3686091 0.0000000 0.4395990 0.6460708 0.8202340 0.7202269 0.8160418 0.7328859 0.6568870 1.1968841 1.0953794 1.1173315 1.2922970 0.8068394 0.7531790 0.8180707 0.8355576 0.7468210 0.8897122 1.2434164 0.9575702 1.2271124 1.2655207 1.1737813 1.1525766 1.0996287 1.1021589 0.8248619 1.3573918 2.1429875 1.4381325 0.8734188 1.3801774 1.3575984 1.6568644 1.5116498 1.1562265 1.4321791 1.3908378 1.2269214 2.0092886 1.4587291 1.6422682 1.4750876 2.2551829 1.6599288 2.9900852 1.1870541 1.3304416 1.2342409 1.2725578 1.3079919 1.2354876 2.6196665 2.6394508 1.2272161 1.6747047 1.6725042 1.6102882 1.3153215 1.3754079 2.1491574 1.6225570 1.5790837 1.6173170 1.6186812 1.8248761 1.5626485 3.1761880 
Cgig_XM_011419878.3                                             0.9911193 0.9268947 0.7072222 0.8050728 0.9384211 0.7029324 0.4363992 0.9931937 0.9417347 0.9046993 1.1164732 0.4373084 0.4395990 0.0000000 0.6950911 0.7948207 0.7103622 0.8423753 0.7616260 0.6887013 1.1925873 1.1121835 1.1214178 1.2462332 0.8465114 0.8686240 0.8416823 0.8499747 0.7780209 0.9325712 1.2747938 0.9539745 1.2839846 1.2426979 1.2684685 1.2398185 1.2317928 1.2109693 0.9244353 1.4489142 1.8248324 1.3401813 0.9026318 1.3853191 1.4145360 1.7135853 1.5968297 1.2012021 1.4206160 1.4880603 1.2723918 1.9747748 1.4201490 1.7329339 1.6166791 2.4002714 1.8094554 3.0838152 1.2719797 1.4305008 1.2658184 1.3665240 1.4017081 1.2808973 2.4682975 2.5850250 1.4634905 1.5900646 1.6206000 1.4733618 1.2836427 1.4022071 2.2163783 1.4351562 1.4614914 1.5548161 1.5595274 1.7120039 1.6505756 3.2596568 
Cscu_XM_023381121.1                                             0.9596186 0.9135886 0.7595371 0.8508481 0.9489592 0.7198060 0.4176280 1.0433398 1.0525536 0.9787919 1.0681850 0.5548372 0.6460708 0.6950911 0.0000000 0.8297465 0.7937480 0.9001543 0.8731572 0.7281977 1.2432704 1.1623438 1.1874935 1.3331576 0.8311058 0.8693991 0.6760162 0.7096422 0.6004092 1.0194878 1.4039963 0.6295180 1.3352091 1.2844160 1.2574055 1.2702583 1.2366356 1.2078548 0.8563017 1.2802832 2.0525667 1.5412641 0.9780236 1.5019186 1.4663541 1.9293582 1.6938250 1.1414502 1.3955316 1.6027740 1.3201136 2.0989642 1.5334722 1.6728265 1.6321715 2.3761901 1.7317815 3.2531249 1.4218705 1.4755602 1.2939880 1.4026999 1.5302791 1.3806401 2.5297245 2.5284114 1.4102614 1.6375732 1.6959554 1.5963325 1.3568209 1.4868993 2.0957893 1.6703158 1.6096486 1.6564915 1.6653782 1.9204256 1.8804910 2.9514469 
Hsap_ENST00000347613                                            0.9046213 0.9070108 0.7622212 1.0752687 0.9599892 0.7343737 0.9443452 1.0061999 1.0865116 0.9771940 1.0583123 0.6651612 0.8202340 0.7948207 0.8297465 0.0000000 0.3759933 0.4540743 0.8118294 0.7322824 1.2186031 1.1490378 1.1650325 1.2755935 0.8427511 0.9930836 0.9129509 0.9448068 0.9065526 0.9593451 1.1612406 0.9830586 1.2501546 1.2576898 1.2841854 1.3009304 1.3127287 1.2496913 0.8914804 1.4825854 2.7459487 1.5052952 1.0474332 1.4550184 1.4076554 1.5943221 1.5883906 1.4442016 1.9326247 1.4635985 1.3291819 2.0463239 1.4594437 1.6207877 1.5457483 2.5287800 1.7331628 3.1251997 1.3424076 1.5090404 1.3918238 1.4536847 1.5174211 1.4256467 2.6182382 2.7461715 1.4748367 1.6224100 1.6706789 1.6647220 1.3661848 1.4976836 2.5819447 1.6170789 1.6761931 1.7104801 1.7357395 1.5562167 1.7806857 2.8551318 
Hsap_ENST00000421085                                            0.8655773 0.8270332 0.7771511 0.8505883 0.8686151 0.7231196 0.5037431 0.9300683 0.8758594 0.8748609 1.0144293 0.6763545 0.7202269 0.7103622 0.7937480 0.3759933 0.0000000 0.3450379 0.7699760 0.7170263 1.0429360 0.9858591 0.9697111 1.1310054 0.8257126 0.8402320 0.9158675 0.8681963 0.7637782 0.9148982 1.0838719 0.9233821 1.1658129 1.2151530 1.1936479 1.1670923 1.1995156 1.1656005 0.8968457 1.3632140 1.8987519 1.3469381 1.0646443 1.2190965 1.3156428 1.6207398 1.5949108 1.4090885 1.5151330 1.3260557 1.2020552 1.9312075 1.3437287 1.6031431 1.5313441 2.4263392 1.7287439 3.1088319 1.1814405 1.3981534 1.3817154 1.3566153 1.3460964 1.3460964 3.7443607 3.2559913 1.3402446 1.7041896 1.7657812 1.6898062 1.3820390 1.5494972 2.5375144 1.6655607 1.6650223 1.7676239 1.7337791 1.4375529 1.7207259 3.4350940 
Hsap_ENST00000376088                                            0.9567031 0.8708956 0.7505924 0.7368809 0.8871109 0.7423956 0.4388910 1.0440064 0.9860506 0.9140026 1.0799149 0.7030431 0.8160418 0.8423753 0.9001543 0.4540743 0.3450379 0.0000000 0.8827198 0.8154822 1.1664613 1.0737312 1.0873881 1.2065498 0.7927461 0.8670871 0.9892630 0.9597102 0.8535755 0.9947223 1.2050538 1.1181627 1.2701349 1.2515246 1.2338877 1.2160191 1.2125681 1.2214893 0.8892708 1.4196464 2.1328731 1.4800095 1.0320939 1.4334927 1.3989715 1.6799645 1.5641558 1.2621799 1.6891115 1.4764660 1.3474424 2.2283062 1.5328357 1.6140956 1.4641547 2.4441781 1.7699482 3.1172341 1.3727442 1.4885574 1.3466130 1.4655869 1.4467849 1.3574420 3.3225223 3.0189082 1.5987472 1.6752066 1.7437429 1.6613852 1.4211405 1.5442027 2.5330545 1.6128383 1.5956015 1.6526736 1.6727773 1.6663667 1.6194275 3.1202499 
Skow_XM_002739347.2                                             0.8634981 0.8519314 0.6838617 0.7435300 0.8376502 0.6621624 0.5093140 0.8727004 0.8647638 0.8603496 0.9874974 0.5751766 0.7328859 0.7616260 0.8731572 0.8118294 0.7699760 0.8827198 0.0000000 0.6891564 1.1760909 1.0832350 1.1326001 1.3122869 0.7936361 0.7944858 0.9151793 0.9557757 0.9466446 0.7870080 1.2315636 1.1020959 1.1892887 1.1540014 1.1823512 1.0976537 1.2119617 1.1630448 0.8253547 1.4009872 2.1479305 1.3796228 0.9200512 1.4196316 1.3337399 1.6158451 1.4876507 1.1695681 1.3941976 1.5172047 1.1807066 1.8925128 1.3241824 1.6060550 1.5069672 2.3569928 1.6748423 3.2297855 1.1769238 1.2754369 1.1837273 1.2464721 1.2460848 1.1605198 2.2378132 2.5038908 1.4639760 1.6445487 1.7165536 1.5869754 1.3540400 1.4135886 2.5104519 1.6263132 1.5996231 1.5753856 1.6675446 1.7697045 1.6877017 2.5229527 
Bralan_BLAG06000563_1                                           0.8664137 0.9169956 0.7767939 1.0041601 0.8775793 0.7048849 0.6375013 0.8774373 0.9022320 0.9001763 0.9745634 0.5710481 0.6568870 0.6887013 0.7281977 0.7322824 0.7170263 0.8154822 0.6891564 0.0000000 1.1491465 1.0667620 1.0916337 1.2564983 0.8818952 0.9054878 0.8434529 0.8705642 0.7692639 0.8424673 1.0935426 1.0003894 1.2048930 1.1586813 1.1854163 1.2304505 1.2764763 1.1707628 0.9188766 1.5432796 1.9549355 1.3500983 0.9407725 1.2965589 1.3007308 1.5386317 1.4541392 1.1002296 1.1941900 1.3121409 1.1528636 1.9297605 1.4213371 1.5222176 1.5344844 2.1333020 1.5786951 3.0661315 1.0357963 1.1750518 1.0974882 1.1110979 1.1393242 1.0810932 2.1719929 2.5252840 1.2852260 1.5783239 1.6528706 1.6143866 1.3625021 1.4317608 2.2723298 1.5366822 1.5110035 1.6526386 1.5858384 1.5890236 1.8389376 2.2608268 
Sanmal_Sma_011149-T1                                            0.8746884 0.8819872 0.7376048 0.8371952 0.8279915 0.6689103 0.5751084 0.8927565 0.9409191 0.8849870 0.9809869 1.0105410 1.1968841 1.1925873 1.2432704 1.2186031 1.0429360 1.1664613 1.1760909 1.1491465 0.0000000 0.3156822 0.3035310 0.3918888 0.5648392 0.5447607 1.2994152 1.3250765 1.2159205 1.2799353 0.6889318 1.2913835 1.0950823 1.0978649 1.1695151 1.2254638 1.1704686 1.1357588 0.8674710 1.3520872 1.8621874 1.4299077 0.9818468 1.4231149 1.4740566 1.5345516 1.5648973 1.3008892 1.5956539 1.4971247 1.3557481 1.9992091 1.3987301 1.2062883 1.1843012 1.5429825 1.1942836 2.7048779 1.3320499 1.3737444 1.2397090 1.3215465 1.3845205 1.2755230 3.2719801 3.1513043 1.4489947 1.5220269 1.5698554 1.5138544 1.3046057 1.3546256 2.1673849 1.5182203 1.5431244 1.5993124 1.4756326 1.7334804 1.6372631 3.4119453 
Nemnom_g7372.t1                                                 0.8312382 0.8141088 0.6888908 0.8819871 0.8483221 0.5908696 0.4801280 0.8522761 0.9405585 0.8904312 0.9336992 0.9210901 1.0953794 1.1121835 1.1623438 1.1490378 0.9858591 1.0737312 1.0832350 1.0667620 0.3156822 0.0000000 0.1023195 0.2981431 0.4796158 0.4651345 1.2441989 1.1993643 1.1301419 1.2563545 0.6049960 1.2235920 1.1413581 1.1292597 1.1361694 1.1663197 1.1189288 1.0994288 0.8280190 1.3316071 2.0414449 1.3686667 1.0025026 1.3010697 1.3763976 1.4464248 1.4500960 1.1641147 1.4463952 1.3772049 1.2479560 1.9206909 1.2960528 1.1278659 1.0629121 1.3488703 1.1085043 2.5069027 1.3976309 1.4199945 1.2358490 1.3029270 1.4028104 1.2993939 2.2845534 2.4536938 1.3361612 1.4103323 1.4500528 1.4398402 1.2412934 1.2979837 2.0548383 1.4081347 1.3824703 1.5291597 1.4363206 1.5592187 1.3625862 3.2910036 
Rhoesc_Res_000340-T1                                            0.8057795 0.8096386 0.6861963 0.8898335 0.8262340 0.6011599 0.5180898 0.8458114 0.9516451 0.8816637 0.9329566 0.9285250 1.1173315 1.1214178 1.1874935 1.1650325 0.9697111 1.0873881 1.1326001 1.0916337 0.3035310 0.1023195 0.0000000 0.2833693 0.4657317 0.4735972 1.2521069 1.2397682 1.1330175 1.2587341 0.6075263 1.2577734 1.1424364 1.1370804 1.1578091 1.1874669 1.1310955 1.1339292 0.8269783 1.3379376 2.1549319 1.4106008 0.9968800 1.3675568 1.4237673 1.4612491 1.4358075 1.1085753 1.3805692 1.3585381 1.2784705 1.9171093 1.3129734 1.1368174 1.1139090 1.4662075 1.1512857 2.5352011 1.3327663 1.3708043 1.2277451 1.2562289 1.3435808 1.2497185 2.3800654 2.5815632 1.2889575 1.4486717 1.5090853 1.4593817 1.2550051 1.3280014 2.0977665 1.4149928 1.4196285 1.5254602 1.4599671 1.7226727 1.3917850 3.2158088 
Aaur_scaffold248.g13.t1                                         1.0555915 0.9677831 0.8414620 0.7992959 1.0002727 0.7684480 0.5314310 0.9304381 0.9641211 1.0461092 1.1709665 1.1034961 1.2922970 1.2462332 1.3331576 1.2755935 1.1310054 1.2065498 1.3122869 1.2564983 0.3918888 0.2981431 0.2833693 0.0000000 0.5918533 0.7896492 1.3847049 1.3761252 1.3502772 1.4484067 0.5937662 1.4056188 1.2934377 1.3469774 1.3122511 1.3650664 1.3407369 1.3116762 1.0538954 1.3896415 1.7920435 1.5742793 1.0741406 1.5320234 1.5141087 1.6810751 1.5822944 1.0792072 1.3977105 1.5485798 1.4729849 2.0845008 1.4114020 1.1234838 1.2830286 1.4006455 1.0633312 2.5802826 1.5173554 1.5357236 1.4226038 1.4549527 1.5239432 1.4329526 2.8438773 2.9062929 1.8801500 1.5859281 1.6367701 1.6294533 1.4104085 1.5211676 2.0496317 1.5913425 1.5909831 1.7413387 1.6100748 1.8146287 1.3183671 3.3312345 
Chem_TCONS_00051861                                             0.6094187 0.6526253 0.6544072 0.8237119 0.6441563 0.7026197 0.4926955 0.6978132 0.6158949 0.6960758 0.8052480 0.7484269 0.8068394 0.8465114 0.8311058 0.8427511 0.8257126 0.7927461 0.7936361 0.8818952 0.5648392 0.4796158 0.4657317 0.5918533 0.0000000 0.7030985 1.1038176 0.9689664 0.8712563 0.8636832 0.3064001 0.9559395 0.9280819 0.8910587 0.9237587 0.9465125 0.9213479 0.9398342 0.8505590 1.3893697 1.6947580 1.1307622 0.9096216 1.0531916 1.1417112 1.1589127 1.2003960 1.1188808 1.5389991 1.0585636 0.9289988 1.5695257 0.9671812 0.4002234 0.8238643 0.6513301 0.6236964 3.4563852 0.8126726 1.0827297 1.0842592 1.0144267 1.0486649 1.0486649 2.3859712 2.7486103 1.3574923 1.4317661 1.4288341 1.3217598 1.2953249 1.3630563 2.1453388 1.3881047 1.3792902 1.6093631 1.3976492 1.0113212 1.0308233 2.7572520 
Morvir_scaffold416.g10.t1                                       0.5303877 0.6100826 0.5818975 0.7873060 0.6008017 0.6624644 0.5250927 0.6921977 0.6527792 0.6293420 0.8650995 0.7296095 0.7531790 0.8686240 0.8693991 0.9930836 0.8402320 0.8670871 0.7944858 0.9054878 0.5447607 0.4651345 0.4735972 0.7896492 0.7030985 0.0000000 1.1149022 1.0978892 1.0208946 0.8744772 1.7041247 1.1136984 1.0782466 1.0525737 1.0308307 0.9843575 0.9454073 0.9795273 0.9704925 1.3033163 1.7094333 1.1953772 0.9670459 1.0611510 1.4136282 1.7464176 1.3684142 1.1247946 1.4354388 1.0745203 1.0866018 1.7601814 1.1065333 1.7404527 1.2967444 0.0000010 6.6803839 8.1962291 1.1282134 1.5747373 1.5919643 1.4127100 1.5364211 1.5364211 5.5578836 5.2601133 1.0227494 2.0016962 1.9840824 1.8646353 1.8695664 1.9014625 2.2917466 1.8424323 1.9729860 1.9751719 1.9573763 1.3924730 1.9154883 3.2537457 
Dpul_mRNA14796                                                  0.9234033 1.0225447 0.9555714 1.4762076 1.1027278 0.9307691 0.9235144 1.0791036 1.0455207 1.1046424 1.0485372 0.7516082 0.8180707 0.8416823 0.6760162 0.9129509 0.9158675 0.9892630 0.9151793 0.8434529 1.2994152 1.2441989 1.2521069 1.3847049 1.1038176 1.1149022 0.0000000 0.3995559 0.5309565 1.0727507 1.2578864 0.8422811 1.4510799 1.3711975 1.4007415 1.4037780 1.4068947 1.3679298 1.1417770 1.7289283 2.0313992 1.5705994 1.1602766 1.4987877 1.5601620 1.7703748 1.7271117 1.4533420 1.8197192 1.5723215 1.5172107 2.2153021 1.6776550 1.5226741 1.7516691 2.1243931 1.5481314 3.4699018 1.2887269 1.4628669 1.3772868 1.4277457 1.5471053 1.5084299 3.2923775 3.0823872 1.7296225 1.7228077 1.7619448 1.7010968 1.4762237 1.5599895 2.6067709 1.7420412 1.7407493 1.8214647 1.7595307 1.5814046 2.0455704 2.5243058 
Dpul_mRNA2192                                                   1.0012353 1.0302999 0.8577978 1.1997523 1.0931101 0.8631856 0.6841550 1.1386123 1.1533923 1.0974506 1.0664598 0.6620317 0.8355576 0.8499747 0.7096422 0.9448068 0.8681963 0.9597102 0.9557757 0.8705642 1.3250765 1.1993643 1.2397682 1.3761252 0.9689664 1.0978892 0.3995559 0.0000000 0.5379666 1.1365292 1.4396838 0.8874382 1.3836687 1.4213183 1.3606855 1.3462970 1.3749774 1.3169067 1.0250598 1.5370530 2.2765472 1.5738698 1.0389861 1.6294043 1.5224653 1.8271360 1.6987203 1.2622310 1.6292685 1.6659975 1.4349476 2.1568579 1.6389754 1.7053308 1.7401496 2.4460793 1.7174249 3.4153463 1.3466066 1.5044424 1.3354620 1.4646123 1.4989380 1.3885596 2.7896637 2.7058494 1.4730034 1.7107824 1.7888583 1.7592624 1.4704146 1.5409348 2.7143766 1.7640115 1.7238232 1.7507582 1.7948134 1.8555043 1.8234103 2.7050240 
Tcas_TC003158_001                                               0.9621301 0.9026957 0.7536717 0.8792527 0.9637261 0.7560378 0.4784717 1.0311066 0.9987405 0.9579359 1.0389521 0.6244850 0.7468210 0.7780209 0.6004092 0.9065526 0.7637782 0.8535755 0.9466446 0.7692639 1.2159205 1.1301419 1.1330175 1.3502772 0.8712563 1.0208946 0.5309565 0.5379666 0.0000000 1.0430364 1.2536938 0.7205445 1.3118937 1.2759767 1.3373117 1.3067143 1.3103754 1.3007525 0.9375072 1.3446353 1.9511173 1.5854498 1.0561706 1.6173022 1.5680899 1.9471641 1.8158646 1.2754001 1.5284752 1.6648965 1.4555032 2.1339020 1.5961482 1.6604782 1.5533132 2.3161027 1.6668908 3.2650826 1.3988575 1.4893730 1.2812850 1.4352016 1.4927383 1.3660991 2.6690862 2.5433106 1.4214467 1.6442473 1.7060580 1.6241396 1.3457561 1.4245616 2.3945940 1.5947750 1.5259010 1.6373207 1.6907576 1.8012528 1.7489923 2.9026624 
Spur_XM_030980670.1                                             0.9341502 0.9448341 0.8208374 0.9362282 0.9938584 0.6967581 0.5220134 1.0667465 1.0166543 1.0350519 1.1347518 0.7660065 0.8897122 0.9325712 1.0194878 0.9593451 0.9148982 0.9947223 0.7870080 0.8424673 1.2799353 1.2563545 1.2587341 1.4484067 0.8636832 0.8744772 1.0727507 1.1365292 1.0430364 0.0000000 1.3654876 1.1793828 1.2649578 1.3056597 1.2449434 1.2629131 1.2629534 1.2521017 0.9938723 1.7180487 1.9100999 1.3675038 0.9995035 1.4275134 1.3756837 1.7540118 1.6101547 1.2370506 1.7332631 1.5975397 1.3081193 1.8969570 1.3954720 1.7178136 1.7320184 2.6720045 1.8198698 3.3793373 1.2321488 1.3737886 1.2736287 1.3577543 1.3300694 1.2386495 3.0937509 2.9929619 1.7273039 1.6628936 1.6859834 1.6460645 1.4265883 1.5445050 2.3392026 1.6365620 1.5828629 1.6242003 1.7274490 1.7840385 1.9554913 3.0195614 
Morvir_scaffold638.g4.t1                                        0.8642129 0.8929857 0.7139072 1.1211816 0.8595434 0.5025396 0.9697134 0.8366346 0.9109105 0.9462279 0.7902498 1.0523978 1.2434164 1.2747938 1.4039963 1.1612406 1.0838719 1.2050538 1.2315636 1.0935426 0.6889318 0.6049960 0.6075263 0.5937662 0.3064001 1.7041247 1.2578864 1.4396838 1.2536938 1.3654876 0.0000000 1.3020667 1.0851837 1.0438052 1.0647666 1.1421426 1.0663259 1.1417532 0.6508013 1.7648887 3.2358184 1.4884557 0.9156677 1.6688029 1.3115604 1.4119864 1.4693431 1.4209991 1.4209991 1.6228768 1.1904917 1.8194915 1.2030066 1.0547610 0.8615693 1.3523661 1.0109005 1.2804998 1.3032882 1.3230405 0.9901334 1.3272209 1.3672763 1.2016899 0.0000010 0.7116155 2.7899876 1.2719436 1.3596776 1.3235427 0.6619366 0.7462776 3.8290521 1.2421612 1.2170234 0.8772858 1.3463275 1.6841454 0.0000010 3.4686136 
Cscu_XM_023373972.1                                             1.0805501 1.1067413 0.9283199 1.1256822 1.1819449 0.8669515 0.6690201 1.1905937 1.2129287 1.2190801 1.2895707 0.7901912 0.9575702 0.9539745 0.6295180 0.9830586 0.9233821 1.1181627 1.1020959 1.0003894 1.2913835 1.2235920 1.2577734 1.4056188 0.9559395 1.1136984 0.8422811 0.8874382 0.7205445 1.1793828 1.3020667 0.0000000 1.4899863 1.4710509 1.2825468 1.3438375 1.3715629 1.2484358 1.0074615 1.4602734 2.0156481 1.5142236 1.0170413 1.5204850 1.5635717 1.9215082 1.8039879 1.2873835 1.6471563 1.5793581 1.4482287 2.0238801 1.4975440 1.7661308 1.7396023 2.5209801 1.7188585 3.3279398 1.4554808 1.5464136 1.3981314 1.4691035 1.5301331 1.4027481 2.6212571 2.3897987 1.7139711 1.7122863 1.7533086 1.6272916 1.3251975 1.4325606 2.2902187 1.6474980 1.6379331 1.6725419 1.6599170 1.8063548 1.7642924 2.7572250 
Dgig_XM_028545690.1                                             0.8412830 0.9468711 0.7702906 1.2713940 0.9276286 0.7165990 1.0523784 0.9503783 1.0655661 1.0055642 0.8890482 1.1257162 1.2271124 1.2839846 1.3352091 1.2501546 1.1658129 1.2701349 1.1892887 1.2048930 1.0950823 1.1413581 1.1424364 1.2934377 0.9280819 1.0782466 1.4510799 1.3836687 1.3118937 1.2649578 1.0851837 1.4899863 0.0000000 0.2643510 1.2790741 1.2881687 1.3120691 1.2915351 0.9058835 1.5749386 1.8901810 1.5643545 1.0560806 1.5736075 1.4780775 1.6520155 1.7061252 1.6529969 2.2652339 1.5056423 1.3077935 2.0930553 1.4885312 1.3496041 1.5892779 2.1052264 1.5599934 3.2359454 1.2047003 1.4458224 1.3180498 1.3895047 1.4849212 1.3788997 4.2267622 4.8227573 1.6151308 1.5575138 1.6181933 1.6314973 1.3968180 1.4385581 2.5590168 1.6531470 1.6033065 1.6317487 1.6473682 1.5560280 2.0016072 3.3484252 
Xesp_014435-T1                                                  0.8054268 0.9052822 0.7546116 1.3097255 0.8690457 0.6901703 1.0357409 0.9246877 1.0041484 0.9799680 0.8246866 1.0935138 1.2655207 1.2426979 1.2844160 1.2576898 1.2151530 1.2515246 1.1540014 1.1586813 1.0978649 1.1292597 1.1370804 1.3469774 0.8910587 1.0525737 1.3711975 1.4213183 1.2759767 1.3056597 1.0438052 1.4710509 0.2643510 0.0000000 1.2454750 1.2664971 1.2515603 1.2714297 0.9005230 1.5678128 1.6370382 1.5603639 1.0468917 1.6041722 1.4395940 1.6151701 1.6745748 1.6949698 2.0398627 1.4817376 1.2234926 2.1221438 1.4896248 1.3256397 1.5458255 2.1255068 1.5645718 3.2772848 1.2145225 1.4474642 1.2939568 1.3884494 1.4806069 1.3718033 3.8131619 4.2122973 1.5961158 1.5081470 1.5805699 1.5637912 1.3365678 1.4243926 2.4032720 1.5657930 1.5426630 1.6456993 1.5749287 1.4471640 1.9041449 3.4544569 
Gracom_Gcom_C560086_01                                          0.9324869 1.0099504 0.9149376 1.2960894 1.0513348 0.9260744 0.8583686 1.0839078 0.9970211 1.0560315 1.0945973 1.0164863 1.1737813 1.2684685 1.2574055 1.2841854 1.1936479 1.2338877 1.1823512 1.1854163 1.1695151 1.1361694 1.1578091 1.3122511 0.9237587 1.0308307 1.4007415 1.3606855 1.3373117 1.2449434 1.0647666 1.2825468 1.2790741 1.2454750 0.0000000 0.2626511 0.2789857 0.2657305 0.3845120 0.7079864 2.1189408 1.2594758 0.9196574 1.2606520 1.2250051 1.2751075 1.3202637 1.3202735 1.8055852 1.2998145 1.0994680 1.7202139 1.1967949 1.4745582 1.6758117 1.7591051 1.3884745 2.9075354 1.2210583 1.4663666 1.3333664 1.3915797 1.4716479 1.4033289 5.0019123 4.6619473 1.1774388 1.7353230 1.7449268 1.6294309 1.4835380 1.5345145 2.4209291 1.6322669 1.5975859 1.7254909 1.6369471 1.6404123 1.9015163 3.3379612 
Lcom_lcpid45013                                                 0.9682676 1.0153503 0.9476414 1.2251376 1.0837621 0.8888735 0.8930349 1.1150718 1.0661693 1.1406952 1.1467656 1.0378977 1.1525766 1.2398185 1.2702583 1.3009304 1.1670923 1.2160191 1.0976537 1.2304505 1.2254638 1.1663197 1.1874669 1.3650664 0.9465125 0.9843575 1.4037780 1.3462970 1.3067143 1.2629131 1.1421426 1.3438375 1.2881687 1.2664971 0.2626511 0.0000000 0.2217794 0.2828493 0.3997939 0.7386684 1.9746833 1.2616746 0.9232100 1.3237216 1.2365063 1.2881873 1.3299903 1.2436991 1.5461937 1.3007225 1.0868195 1.7443090 1.2112037 1.6175411 1.7042685 2.0745226 1.5803281 3.0325034 1.2784997 1.4464101 1.3334386 1.4061249 1.4471192 1.3903963 3.5983551 3.9419495 1.1070454 1.7293196 1.7644217 1.6867763 1.4841385 1.5331744 2.5584778 1.6705317 1.6647178 1.7575105 1.6107423 1.7047564 2.0153979 2.9468380 
Leuniv_Lniv_scaffold4476_01                                     0.9394092 1.0136939 0.9341961 1.2064509 1.0497016 0.9104354 0.8649574 1.0895100 1.0524052 1.1290935 1.1369835 1.0000747 1.0996287 1.2317928 1.2366356 1.3127287 1.1995156 1.2125681 1.2119617 1.2764763 1.1704686 1.1189288 1.1310955 1.3407369 0.9213479 0.9454073 1.4068947 1.3749774 1.3103754 1.2629534 1.0663259 1.3715629 1.3120691 1.2515603 0.2789857 0.2217794 0.0000000 0.3005445 0.4226271 0.7502711 2.3870800 1.3463585 1.0143006 1.3076928 1.2948088 1.3647688 1.3876765 1.2961126 1.7128219 1.3458638 1.1120403 1.7083371 1.1920294 1.5031457 1.7199831 1.7392147 1.4393867 2.9230508 1.2840138 1.4337743 1.3573159 1.4124275 1.4600932 1.4038630 3.9326793 4.1853810 1.1326860 1.7012557 1.7079401 1.6096692 1.4485534 1.4860166 2.4345582 1.6633320 1.6494809 1.7889462 1.6179937 1.6204225 1.9776553 3.0773884 
Scil_scict015597.1                                              0.9771274 1.0872110 0.9498835 1.4256245 1.0958130 0.9744176 0.8718161 1.0931288 1.0323493 1.0768157 1.1135073 1.0181396 1.1021589 1.2109693 1.2078548 1.2496913 1.1656005 1.2214893 1.1630448 1.1707628 1.1357588 1.0994288 1.1339292 1.3116762 0.9398342 0.9795273 1.3679298 1.3169067 1.3007525 1.2521017 1.1417532 1.2484358 1.2915351 1.2714297 0.2657305 0.2828493 0.3005445 0.0000000 0.4215065 0.8346718 2.2421747 1.2915287 0.9749125 1.3047690 1.2527193 1.3775939 1.3949087 1.3552161 1.7255529 1.3041874 1.0877595 1.6993438 1.1823145 1.4690937 1.7120654 1.7976551 1.4680890 2.8909876 1.3194782 1.3976941 1.3214643 1.3622858 1.4449465 1.3866269 3.2254610 3.3778409 1.2207344 1.7573842 1.7572399 1.6783059 1.5867682 1.5858774 2.5746443 1.7522527 1.7367783 1.8847505 1.6559995 1.6595159 2.0007862 2.9482628 
Clacor_Ccor_scaffold5681_01                                     0.6955258 0.8100187 0.8245921 1.1301374 0.7889117 0.8740171 0.8380075 0.8691885 0.6845390 0.7866769 0.8307309 0.8241755 0.8248619 0.9244353 0.8563017 0.8914804 0.8968457 0.8892708 0.8253547 0.9188766 0.8674710 0.8280190 0.8269783 1.0538954 0.8505590 0.9704925 1.1417770 1.0250598 0.9375072 0.9938723 0.6508013 1.0074615 0.9058835 0.9005230 0.3845120 0.3997939 0.4226271 0.4215065 0.0000000 0.1087494 1.6412469 1.0256688 0.7592256 0.9860754 1.0713957 0.9929781 1.1408283 1.2773511 1.3912215 1.0153633 0.8802250 1.5477112 0.9361987 0.8496964 1.4327135 0.8587519 0.9053717 3.4611010 0.7929915 1.1236377 1.1145061 1.0502707 1.1085944 1.1085944 2.5803260 2.9192724 1.1960447 1.5109896 1.5020228 1.3810299 1.3260708 1.3584843 2.0935712 1.4747740 1.4150321 1.6812180 1.4074417 1.0693510 1.7928218 2.5586286 
Clacor_Ccor_scaffold5682_01                                     1.0941934 1.0844508 1.0781202 1.1007195 1.1001595 1.1681353 0.7856380 1.1822958 0.8996226 1.0999038 2.1638743 1.4102212 1.3573918 1.4489142 1.2802832 1.4825854 1.3632140 1.4196464 1.4009872 1.5432796 1.3520872 1.3316071 1.3379376 1.3896415 1.3893697 1.3033163 1.7289283 1.5370530 1.3446353 1.7180487 1.7648887 1.4602734 1.5749386 1.5678128 0.7079864 0.7386684 0.7502711 0.8346718 0.1087494 0.0000000 1.8148541 1.6914166 1.6142959 1.6251885 1.9342796 2.5393727 1.8037085 1.6006038 1.3912215 1.6231150 1.3658247 2.2184943 1.3145393 1.8711380 2.5981740 0.0000010 3.0046520 7.0801127 1.8609490 1.9866625 2.0111615 1.8392950 1.9552854 1.9552854 2.6823084 3.0108674 1.3843893 2.9671050 2.9455274 2.4679125 2.3781177 2.4098811 2.0835943 2.6502324 2.4982045 2.5512831 2.6153593 4.5290637 2.3869232 2.4287109 
Aque_Aqu2.1.10370_001                                           3.0948100 1.6674637 1.6111706 1.4821054 1.5693882 1.5318957 0.8788680 1.6572640 1.2770909 1.6933364 2.3663218 2.0686192 2.1429875 1.8248324 2.0525667 2.7459487 1.8987519 2.1328731 2.1479305 1.9549355 1.8621874 2.0414449 2.1549319 1.7920435 1.6947580 1.7094333 2.0313992 2.2765472 1.9511173 1.9100999 3.2358184 2.0156481 1.8901810 1.6370382 2.1189408 1.9746833 2.3870800 2.2421747 1.6412469 1.8148541 0.0000000 0.1391163 0.7503394 0.4470000 1.3378337 2.5189944 1.2133652 0.9631345 0.8375094 1.2380266 1.9976660 4.6993304 2.1607333 1.9991832 2.2708049 5.9476723 3.6513635 6.5094891 3.4540204 2.4880490 2.4591581 2.0852461 2.2584094 2.2584094 3.7352530 3.9371627 2.3789541 3.0791322 3.0869815 3.1171740 2.9031702 3.0281258 3.2146866 2.6661795 2.7983281 3.1414871 2.4993856 1.7513853 4.3629108 0.6074172 
Aque_Aqu2.1.19917_001                                           1.2349841 1.2926329 1.0988136 1.7673871 1.3094396 1.1046162 0.9536252 1.3530975 1.4093545 1.5156925 1.3709512 1.3091182 1.4381325 1.3401813 1.5412641 1.5052952 1.3469381 1.4800095 1.3796228 1.3500983 1.4299077 1.3686667 1.4106008 1.5742793 1.1307622 1.1953772 1.5705994 1.5738698 1.5854498 1.3675038 1.4884557 1.5142236 1.5643545 1.5603639 1.2594758 1.2616746 1.3463585 1.2915287 1.0256688 1.6914166 0.1391163 0.0000000 0.3530675 0.3423728 0.8666335 1.0109681 0.9530481 0.7600207 0.8115593 0.7833210 1.2704294 1.8207364 1.3313613 1.9832056 2.0351751 3.4133280 2.1659220 3.5445791 1.4023739 1.5319346 1.3683674 1.4166011 1.5215806 1.4763951 2.6997607 2.9856962 0.7778741 1.6402020 1.7418521 1.6483981 1.4337115 1.5191174 2.9157884 1.6802017 1.7272220 1.7393494 1.7368439 1.6130555 2.2337841 1.0895029 
Xestes_maker-XT_scaffold2126-snap-gene-0.9-mRNA-1               0.8379935 0.9464750 0.9050131 1.6398415 0.8300624 0.7810298 0.8447924 0.9527231 0.9513636 0.9600464 0.9282018 0.9192016 0.8734188 0.9026318 0.9780236 1.0474332 1.0646443 1.0320939 0.9200512 0.9407725 0.9818468 1.0025026 0.9968800 1.0741406 0.9096216 0.9670459 1.1602766 1.0389861 1.0561706 0.9995035 0.9156677 1.0170413 1.0560806 1.0468917 0.9196574 0.9232100 1.0143006 0.9749125 0.7592256 1.6142959 0.7503394 0.3530675 0.0000000 0.3176211 0.6043732 0.6969952 0.6720828 0.6190266 0.4295176 0.5499187 0.8513343 1.4482822 0.9603768 1.3712650 1.3976512 2.4050515 1.5147728 2.9051455 0.8761199 1.1440035 1.1260394 1.0212839 1.0904792 1.0904792 4.7223515 4.6221275 0.7254929 1.3616863 1.3636988 1.3406151 1.1084063 1.2148412 2.8653453 1.3728024 1.3544201 1.3879047 1.2824073 1.0899711 1.9719614 2.1628183 
Halamb_c56779_g1_i3m.44301                                      1.2877100 1.3449855 1.1016782 1.6838384 1.3566794 1.0156186 0.7344725 1.3095319 1.5118661 1.5149755 1.5265358 1.2092966 1.3801774 1.3853191 1.5019186 1.4550184 1.2190965 1.4334927 1.4196316 1.2965589 1.4231149 1.3010697 1.3675568 1.5320234 1.0531916 1.0611510 1.4987877 1.6294043 1.6173022 1.4275134 1.6688029 1.5204850 1.5736075 1.6041722 1.2606520 1.3237216 1.3076928 1.3047690 0.9860754 1.6251885 0.4470000 0.3423728 0.3176211 0.0000000 0.8650580 1.0195863 0.9081855 0.7295204 0.6625155 0.7833725 1.2862847 1.9568613 1.4169099 1.9625856 1.8674731 3.3762901 2.1572411 3.5620381 1.6561391 1.6138569 1.3631716 1.5056649 1.6787729 1.4793683 3.3568045 3.2643076 0.6622496 1.6801728 1.7283753 1.6744195 1.4259955 1.5401078 2.7920322 1.7255289 1.7245910 1.8035846 1.6697321 1.8143684 2.2735159 1.5246103 
Plespi_Pspi_scaffold20716_01                                    1.1717344 1.2804215 1.2182516 1.6644305 1.2724781 1.0847314 0.8972312 1.2526391 1.2632235 1.4033996 1.3665893 1.2812249 1.3575984 1.4145360 1.4663541 1.4076554 1.3156428 1.3989715 1.3337399 1.3007308 1.4740566 1.3763976 1.4237673 1.5141087 1.1417112 1.4136282 1.5601620 1.5224653 1.5680899 1.3756837 1.3115604 1.5635717 1.4780775 1.4395940 1.2250051 1.2365063 1.2948088 1.2527193 1.0713957 1.9342796 1.3378337 0.8666335 0.6043732 0.8650580 0.0000000 0.9154282 0.8851200 0.8144323 0.9028391 0.8430290 1.1797365 1.7653596 1.2382528 1.9291069 1.8782809 2.8330813 1.9262060 3.6555492 1.3922804 1.4953341 1.3909291 1.4597018 1.5488319 1.4572054 3.3105743 3.6847846 0.8441221 1.6916496 1.7151835 1.6830660 1.4932969 1.6254615 2.9371100 1.6984304 1.7312954 1.8533751 1.6576497 1.6779874 2.5699579 2.5772094 
Spolac_c104244_g1_i2_m.39112c104244-g1                          1.4561864 1.5145166 1.2923933 1.6143216 1.4832684 1.0059094 1.7277610 1.4483344 1.5238572 1.5859146 1.4708002 1.5787691 1.6568644 1.7135853 1.9293582 1.5943221 1.6207398 1.6799645 1.6158451 1.5386317 1.5345516 1.4464248 1.4612491 1.6810751 1.1589127 1.7464176 1.7703748 1.8271360 1.9471641 1.7540118 1.4119864 1.9215082 1.6520155 1.6151701 1.2751075 1.2881873 1.3647688 1.3775939 0.9929781 2.5393727 2.5189944 1.0109681 0.6969952 1.0195863 0.9154282 0.0000000 0.0621650 0.0000010 0.0000010 0.8111615 1.4388857 1.9352320 1.4719044 1.7998428 1.6850244 2.9889875 2.0481681 2.3853394 1.4848211 1.4872275 1.4434838 1.4874942 1.5691537 1.5523179 1.1275818 1.1275818 1.0961251 1.6241679 1.7762756 1.6554397 1.2651184 1.3899925 0.0000010 1.7368395 1.7453099 1.7293483 1.6664189 1.9477224 1.8991228 3.7921882 
