105
Gasp_gasp1.m3.27822.m1                                  0.0000000 0.2116503 0.2294132 0.0000010 0.1769932 0.2275585 0.0000010 0.4151079 0.1360421 1.7388353 0.3544773 0.4118190 0.4118190 0.0000010 0.7441488 0.0000010 1.5249112 0.0000010 1.6168346 1.8035013 1.7658728 0.0000010 1.3473624 0.0000010 2.4359969 2.0209168 0.0000010 3.5869228 3.4487086 2.6253191 2.6253191 2.6851923 0.0000010 0.0000010 0.0000010 2.0686267 1.9493330 0.0000010 1.7955337 1.8219095 2.1653696 1.8457427 1.9421518 0.0000010 5.0754621 0.0000010 3.3058280 0.0000010 0.0000010 3.0530715 3.1321293 3.0487037 3.2131652 2.8898398 3.4459837 2.2931395 2.2073574 2.5491234 2.5491234 2.3582387 2.2948351 2.2948351 0.0000010 0.0000010 0.0000010 0.0000010 0.0000010 0.0000010 5.3218222 0.0000010 0.0000010 0.0000010 4.0910021 4.0244447 8.9999983 4.7421298 4.7691310 0.0000010 9.0000000 4.1485788 4.2858123 4.2507135 0.0000010 4.2703465 4.2507135 0.0000010 0.0000010 0.3181144 0.0000010 6.5497092 6.4590622 0.0000010 4.5446588 4.8182339 4.5690432 4.8679655 2.7380054 2.1333435 4.6768244 3.3140891 2.8095167 4.6635706 1.5638678 0.7853187 2.7758666 
Fspp_ffun1.m4.27511.m1                                  0.2116503 0.0000000 0.2901019 0.0151468 0.2635204 0.2757764 0.1714651 0.4624885 0.4016732 0.3082112 0.4215968 0.2727382 0.2727382 0.2184232 0.7355637 0.2991880 1.1571801 0.4356074 1.2841683 1.4000160 1.3239012 0.3905801 1.1613590 0.5185788 1.5736881 1.5551598 0.8085913 2.2536888 2.1095848 2.0901610 1.9328209 1.7138074 0.8333584 1.4703506 1.0612905 2.0717560 1.6369052 0.9193913 1.4477165 1.4649842 1.5849879 1.7500157 1.5975004 1.5075337 2.9015196 1.0626668 1.8602412 1.4486934 1.4443013 1.9612958 1.9262789 2.1213084 2.0473563 2.0437541 2.2179747 1.8048309 1.8399711 1.8239535 1.8523519 1.8567822 1.8772833 1.8344715 1.1393001 2.2484046 1.6671409 1.2544175 1.2101526 1.9117955 2.6807800 1.6565050 2.4080173 2.6707941 2.8868889 4.4094701 4.3521279 3.0514054 3.0305898 1.8406150 1.8346953 3.2629211 2.6294507 3.1662790 4.0720855 4.5186856 4.5791629 4.8845636 2.5048306 0.4328701 0.4218026 5.8728225 6.4685517 2.1501125 3.4637493 4.5424904 3.6779954 4.0285185 1.9374619 1.8231717 3.3517715 2.9538781 4.1897522 4.4956814 1.4444343 0.9044592 2.4161246 
Spis_XP_022787878_1                                     0.2294132 0.2901019 0.0000000 0.0243394 0.2948779 0.1081009 0.1216455 0.5103541 0.4558738 0.2930482 0.4717613 0.2877939 0.2877939 0.2848851 0.7550135 0.3016058 1.2075195 0.5648560 1.3812087 1.4740746 1.3797499 0.2904951 1.1856910 0.5432923 1.5950221 1.5623214 0.9907147 2.2524566 2.1768143 2.1080429 1.9647643 1.8088626 0.8220878 1.5498447 1.1973156 2.0410109 1.7341232 1.0699359 1.4364196 1.4512251 1.6469188 1.7375092 1.6377239 1.4324911 2.9232377 1.3394777 1.9097402 1.5615904 1.5650055 1.9859021 1.9414852 2.1854712 2.0351399 2.0219850 2.1659599 1.8747295 1.9307255 1.8795098 1.9060624 1.9232416 1.9181269 1.8670376 1.2347003 2.5121609 1.8113412 1.3496990 1.2463151 1.9154321 2.7236880 1.6698035 2.4385265 2.6988658 3.0133239 4.5634265 4.8442340 3.2188758 3.1774163 1.9158400 1.9338193 3.4149704 2.8174832 3.4358873 4.3842753 4.6598124 4.8127278 4.5789065 2.3697053 0.4915567 0.5566672 5.8942773 7.1748684 2.1971732 3.6503239 5.0981696 3.7469140 4.2247163 1.9483397 1.8345432 3.2601434 3.0408471 4.8467169 4.9682360 1.5800716 0.8689572 2.2822924 
Fspp_ffun1.m4.27131.m1                                  0.0000010 0.0151468 0.0243394 0.0000000 0.0897300 0.0619180 0.0000010 0.2173603 1.1346395 0.0000010 0.0000010 0.2490112 0.2490112 0.0313462 0.2917936 0.2397790 0.5525631 0.6087509 0.6827297 0.8143928 0.4999367 0.0000010 0.6245818 0.8093716 0.7252195 0.7217351 1.1226668 1.2910722 1.2486550 3.0401219 1.0370373 0.7070693 0.0000010 0.6404623 0.7099841 0.9224926 0.8599458 0.0000010 0.8532998 0.8532998 0.6937193 2.7877790 0.7454078 0.6790737 6.9588852 0.7888048 0.9926140 0.0000010 1.6489083 1.2319530 1.2319530 1.0538985 1.1787885 1.1787885 0.0000010 1.1224789 1.1206532 1.1381685 1.1381685 1.0932915 0.8186022 0.8186022 3.2823934 3.3047264 1.1816671 1.1816671 0.9313174 0.9313174 0.9021325 1.1027514 1.1027514 1.2899932 1.2644220 0.0000010 0.0000010 1.1184650 1.1184650 0.0000010 2.0955755 0.0000010 0.0000010 0.0000010 0.0000010 0.0000010 0.0000010 0.0000010 0.5820929 0.0000010 0.0000010 5.3869033 0.0000010 0.0000010 0.0000010 0.0000010 0.0000010 0.0000010 1.1220660 0.9259505 1.1244802 1.7812693 0.0000010 0.0000010 0.0000010 0.0000010 0.0000010 
Gfas_gfas1.m1.9291.m1                                   0.1769932 0.2635204 0.2948779 0.0897300 0.0000000 0.2836476 0.1599028 0.4027594 0.3480750 0.2441510 0.3460123 0.2040397 0.2040397 0.2581247 0.7131815 0.2615026 1.1378316 0.5487008 1.3308795 1.4557347 1.3495959 0.3285792 1.2055783 0.5787935 1.5763029 1.5768248 0.9148256 2.2199912 2.1128886 2.0957746 1.9593150 1.7931985 0.8834571 1.4785039 1.1048982 2.0476045 1.7235934 1.1247110 1.4498155 1.4652398 1.6056153 1.7494623 1.6377319 1.3958130 2.8042905 1.0800313 1.9325439 1.5144241 1.5191668 1.9556605 1.9180060 2.1108985 2.0047691 1.9989600 2.1190707 1.8846217 1.9313824 1.8668938 1.8987227 1.8855241 1.9135979 1.8692665 1.2094545 2.4481542 1.7815141 1.3243634 1.3482467 1.9381626 2.6406681 1.6209637 2.3552810 2.6276395 2.9810613 4.2668341 4.8416069 3.1060173 3.0863093 1.8742978 1.9202101 3.4120250 2.8334334 3.2227098 4.0413722 4.7847862 4.6217682 4.8864064 2.4755321 0.3659458 0.3938587 5.7603483 6.2431228 2.1836569 3.5506782 4.9844495 3.6359463 4.3464293 1.9563078 1.7698929 3.3213918 2.9215443 4.3791088 4.7632606 1.4941103 0.8416461 2.4466709 
Pocdam_XM_027200803.1                                   0.2275585 0.2757764 0.1081009 0.0619180 0.2836476 0.0000000 0.0971655 0.5038394 0.5154601 0.3470459 0.4915272 0.3210887 0.3210887 0.2759067 0.7245170 0.3121835 1.1812112 0.6179726 1.3337935 1.4218696 1.3176020 0.2868946 1.1377787 0.5635921 1.5578677 1.5497639 0.9434909 2.2448688 2.1498074 2.0360548 1.9064336 1.7613614 0.7771243 1.5276134 1.2110269 2.0354335 1.6945467 0.9893952 1.4507884 1.4685654 1.6265277 1.6801112 1.6286929 1.4115767 2.9275749 1.2800706 1.8447036 1.4911211 1.5052945 1.9423156 1.9106533 2.1527030 1.9925470 1.9806988 2.1607666 1.8417242 1.9239075 1.8498712 1.8767692 1.9011676 1.8914819 1.8412152 1.1979870 2.4618439 1.7975436 1.3704595 1.3264820 1.9191602 2.6983438 1.7401327 2.4439585 2.6805713 3.0159527 4.3814437 4.4684494 3.2041247 3.1614930 1.8761370 1.8383995 3.3045416 2.6263100 3.3745196 4.5648411 4.5695350 4.7753242 4.3592346 2.3121112 0.4838621 0.5334447 5.7596313 7.2830340 2.2594892 3.6004677 4.6657743 3.7445586 4.0711454 1.9360854 1.8254660 3.2511345 3.0608321 4.8595026 5.0013096 1.5266815 0.8415301 2.3075276 
Gasp_gasp1.m3.27823.m1                                  0.0000010 0.1714651 0.1216455 0.0000010 0.1599028 0.0971655 0.0000000 0.1873161 0.1429643 0.0929573 0.1458953 0.0000010 0.0000010 2.1186819 0.4268270 1.6273525 0.6173271 0.0000010 0.6803710 0.6863538 0.6973977 0.2771873 0.7041933 1.2181640 0.8253892 0.7834722 0.5051964 1.0984528 1.1300803 0.9111574 0.9111574 0.9713752 0.9410744 6.4869281 0.9868011 9.0000000 0.8783862 1.1582281 0.7789056 0.7789056 0.7003640 0.7729192 0.9270464 2.3864249 4.3143909 3.1567264 0.9074818 1.0438219 1.0438219 0.9558199 0.9558199 3.1567264 0.9469188 0.9469188 1.0813593 0.8621273 0.7455435 0.8697275 0.8497473 0.8437390 0.9678364 0.8571981 1.0741103 0.0000010 3.2570550 3.2570550 0.0000010 0.0000010 0.9689087 0.5864028 0.5864028 1.3544642 1.2263298 0.0000010 0.0000010 1.1387292 1.1387292 1.1723497 1.0661061 1.0826693 1.1047376 1.2475985 0.0000010 0.0000010 0.0000010 2.1949895 1.6391874 0.0000010 0.0000010 3.8935504 0.0000010 1.5378980 1.5090545 0.0000010 1.5535541 0.0000010 1.2237942 6.4869281 1.9181894 1.9820580 0.0000010 0.0000010 0.5495128 0.0000010 0.7535701 
Adig_XM_015902397.1                                     0.4151079 0.4624885 0.5103541 0.2173603 0.4027594 0.5038394 0.1873161 0.0000000 0.2428841 0.2189739 0.1956197 0.2752536 0.2752536 0.4496324 0.9248405 0.3551244 1.2942281 0.4766595 1.4859118 1.5742150 1.4629702 0.3972275 1.3665053 0.5872421 1.7542588 1.8134179 0.9798313 2.3633163 2.2300132 2.3300948 2.1581875 1.8724283 0.8986252 1.6420065 1.2139867 2.1278424 1.8204724 1.0789364 1.5687840 1.5806430 1.8430319 1.8510909 1.7702411 1.3817870 3.1731869 0.9985952 2.0321972 1.6738485 1.6991427 2.1218333 2.0868797 2.3117742 2.1954425 2.1898909 2.2252044 1.9855446 2.0595483 2.0246756 2.0601014 2.0360777 2.0899063 2.0325866 1.2506413 2.6358875 1.9633830 1.5179221 1.4935738 2.2444173 2.9763204 1.9427468 2.7434273 2.8213170 3.2625317 4.8117594 5.1224912 3.2452992 3.2320630 1.8171892 1.8555244 3.4384864 2.8863454 3.2986922 4.4125432 4.7430214 4.6306509 5.4545899 2.8080114 0.2068463 0.3361425 5.9305586 5.1963111 2.0697521 3.5157869 5.4568224 3.7466356 4.4254154 2.1096022 1.9697189 3.4036318 3.0201984 4.5736090 5.0501072 1.6031010 1.0757265 2.3724254 
Adig_XM_015902361.1                                     0.1360421 0.4016732 0.4558738 1.1346395 0.3480750 0.5154601 0.1429643 0.2428841 0.0000000 0.0200356 0.0442218 1.1346395 1.1346395 1.9603955 0.9311638 1.8940909 1.3390805 1.1346395 1.4993384 1.6906330 1.5313952 0.3717552 1.2583327 0.0000010 1.9663962 1.7001597 1.8199717 2.2072665 2.1071563 2.0651157 2.0582229 1.8039345 1.0106585 1.6084925 1.6327396 2.3700631 1.6992548 1.2526926 1.4685130 1.4611350 1.6824001 1.5608771 1.7223405 1.9704151 5.3097330 0.0000010 1.8332351 1.8737925 1.9010571 2.0442978 2.0034327 2.5523038 2.0457146 2.0457146 2.0615582 2.0600583 2.0492975 1.9772034 2.0660789 2.0270617 1.9362704 1.9324777 1.1863683 0.0000010 2.4739103 2.4739103 1.8940909 1.8940909 1.8940909 1.8940909 1.8940909 2.4739103 2.8923967 5.3630008 0.0000010 3.3406640 3.2960934 1.9875836 2.4726044 3.0200858 3.3635795 3.3060028 3.9784478 5.2018245 5.5943415 0.0000010 2.0325912 0.0000010 0.0000010 5.8940150 4.9805977 2.4732133 3.4180563 4.5321537 3.6087557 0.0000010 1.9181612 2.6655124 3.7044116 3.1709243 5.0226140 3.3013844 1.3613926 0.2693971 2.2882939 
Adig_XM_015902364.1                                     1.7388353 0.3082112 0.2930482 0.0000010 0.2441510 0.3470459 0.0929573 0.2189739 0.0200356 0.0000000 0.0670079 0.0000010 0.0000010 2.1426718 0.6984313 0.0000010 0.7248129 0.0000010 0.9364778 1.0404043 1.1368694 0.2852749 0.9061922 0.0000010 1.2005584 1.3339479 0.5051964 1.4451214 1.4695237 1.2740728 1.2740728 1.2695944 0.9169085 0.0000010 1.6655612 1.6378017 1.1254495 1.1103859 0.9917562 0.9813531 1.0930105 1.0942590 1.2161715 1.8506780 5.5329990 0.0000010 1.2069966 1.3983438 1.3983438 1.2330776 1.2330776 1.4357524 1.2600821 1.2600821 1.3843750 1.3804805 1.2256525 1.2331452 1.3618511 1.2600224 1.2490991 1.2388378 1.0996622 0.0000010 0.0000010 0.0000010 0.0000010 0.0000010 0.0000010 0.0000010 0.0000010 0.0000010 1.7969904 8.9999986 0.0000010 1.9996087 2.0142504 1.8319457 2.4726044 1.6817048 1.9044752 2.0895177 3.2841158 1.8605904 1.8605904 0.0000010 1.6391874 0.0000010 0.0000010 4.1209184 0.0000010 2.3443380 2.2007505 0.5357423 2.3137692 0.0000010 1.4489716 2.0062742 2.6163529 2.7786467 1.7723386 3.3013844 0.8449491 1.7705794 0.9432635 
Amil_Amillepora01607-RA                                 0.3544773 0.4215968 0.4717613 0.0000010 0.3460123 0.4915272 0.1458953 0.1956197 0.0442218 0.0670079 0.0000000 0.4118190 0.4118190 2.1426718 0.9525681 0.0000010 1.4389095 0.0000010 1.5118676 1.6478497 1.5529045 0.4223705 1.2737212 0.0000010 2.1718032 1.8287840 0.5051964 2.5819999 2.5109402 2.3687965 2.3687965 2.1731225 1.0144983 2.3323438 0.6908557 2.2935538 1.7727849 1.2005402 1.6461824 1.6471722 1.8267117 1.7381766 1.8800375 2.9813713 5.4363838 0.0000010 2.3233032 1.7817097 1.7817097 2.3873002 2.3626028 2.9481667 2.3950598 2.3765785 2.4348431 2.0965623 2.2155688 2.0930413 2.1453559 2.1168796 2.1681547 2.0582770 1.2606816 0.0000010 0.0000010 0.0000010 0.0000010 0.0000010 4.1819825 0.0000010 0.0000010 3.6256388 3.7646799 4.4995039 4.7568189 3.5824360 3.5549932 1.8689017 1.5510944 3.2986433 3.0611730 3.3487233 3.9764237 4.5194575 4.5061297 4.0726342 2.9591720 0.0177382 0.0000010 5.7424620 5.0996751 2.2782325 3.6713069 5.6844200 3.8798353 4.7469247 2.4134956 2.7801831 3.9233837 3.2332512 4.9879155 5.1311571 1.5122887 1.0362282 2.4993324 
Amil_Amillepora01610-RA                                 0.4118190 0.2727382 0.2877939 0.2490112 0.2040397 0.3210887 0.0000010 0.2752536 1.1346395 0.0000010 0.4118190 0.0000000 0.0000010 0.2955853 0.5510841 0.4114253 0.6619709 0.6407455 0.6837636 0.9280867 0.6360451 0.0000010 0.7981627 1.4128907 0.9956054 1.0982540 1.4379210 1.8414968 1.7140104 3.2107778 1.1788651 0.8685534 0.0000010 0.7399462 0.9385213 1.4098121 1.3234807 0.0000010 1.1034630 1.1034630 1.0806981 3.8601860 0.9977805 0.9412926 7.3523908 9.0000000 1.4530467 0.0000010 1.7085691 1.7691829 1.8193397 1.6086862 1.5954789 1.7040808 9.0000000 1.5186811 1.5139905 1.5209809 1.5209809 1.4826325 1.2457050 1.2457050 3.1790973 3.0542602 1.2880328 1.2880328 1.2323262 1.2323262 1.2689708 1.3058263 1.3058263 1.6688523 1.5041343 1.0575938 0.0000010 1.3637531 1.3637531 0.0000010 7.8410198 2.3408874 0.0000010 2.9075599 0.0000010 2.9075599 2.9075599 0.0000010 0.5820929 0.0000010 0.0000010 5.8537592 0.0000010 0.0000010 2.8554733 2.6303614 2.5440229 0.0000010 1.3861057 1.2413824 1.5341227 2.5682637 0.0000010 1.4781177 0.3990569 0.4780845 0.0000010 
Adig_XM_015902410.1                                     0.4118190 0.2727382 0.2877939 0.2490112 0.2040397 0.3210887 0.0000010 0.2752536 1.1346395 0.0000010 0.4118190 0.0000010 0.0000000 0.2955853 0.5510841 0.4114253 0.6619709 0.6407455 0.6837636 0.9280867 0.6360451 0.0000010 0.7981627 1.4128907 0.9956054 1.0982540 1.4379210 1.8414968 1.7140104 3.2107778 1.1788651 0.8685534 0.0000010 0.7399462 0.9385213 1.4098121 1.3234807 0.0000010 1.1034630 1.1034630 1.0806981 3.8601860 0.9977805 0.9412926 7.3523908 9.0000000 1.4530467 0.0000010 1.7085691 1.7691829 1.8193397 1.6086862 1.5954789 1.7040808 9.0000000 1.5186811 1.5139905 1.5209809 1.5209809 1.4826325 1.2457050 1.2457050 3.1790973 3.0542602 1.2880328 1.2880328 1.2323262 1.2323262 1.2689708 1.3058263 1.3058263 1.6688523 1.5041343 1.0575938 0.0000010 1.3637531 1.3637531 0.0000010 7.8410198 2.3408874 0.0000010 2.9075599 0.0000010 2.9075599 2.9075599 0.0000010 0.5820929 0.0000010 0.0000010 5.8537592 0.0000010 0.0000010 2.8554733 2.6303614 2.5440229 0.0000010 1.3861057 1.2413824 1.5341227 2.5682637 0.0000010 1.4781177 0.3990569 0.4780845 0.0000010 
Gasp_gasp1.m3.27825.m1                                  0.0000010 0.2184232 0.2848851 0.0313462 0.2581247 0.2759067 2.1186819 0.4496324 1.9603955 2.1426718 2.1426718 0.2955853 0.2955853 0.0000000 0.5731612 0.3389990 0.7899260 0.4503322 1.1176792 1.2755026 1.1068219 2.2765988 1.1355244 0.5023571 0.9573544 1.3896106 0.8190731 1.6790755 1.5915947 1.8034204 1.3898803 1.1855782 3.9394428 1.0126162 1.0783021 1.6181895 1.5389590 8.9999988 1.2841565 1.2915107 1.4601485 2.0969362 1.2368096 1.4458142 2.1457387 1.2211843 1.4279791 7.7525151 5.0384955 1.3433543 1.2807119 1.1576584 1.4642979 1.4642979 1.7067969 1.4971821 1.3355169 1.4751953 1.4940603 1.2127381 1.5305142 1.5492567 3.4345744 2.6373907 1.8559780 1.3649152 1.2180163 1.9780587 1.8239292 1.6830951 1.9011422 1.8899113 1.8229097 0.0000010 4.1616666 2.0587789 2.0443237 8.9999988 4.7222927 3.7550351 3.3510458 8.9999988 0.0000010 0.0000010 0.0000010 5.3410748 0.9683943 0.2590339 0.0000010 5.8815117 0.0000010 7.4165498 4.2300385 0.0000010 4.7034594 0.0000010 1.7299622 1.1656848 2.4787673 2.6075138 0.8525620 0.0000010 8.6549866 0.0000010 2.5973143 
Exapal_XM_021059692.2                                   0.7441488 0.7355637 0.7550135 0.2917936 0.7131815 0.7245170 0.4268270 0.9248405 0.9311638 0.6984313 0.9525681 0.5510841 0.5510841 0.5731612 0.0000000 0.2404626 1.3297120 0.6783228 1.4039922 1.4686391 1.3603343 0.4425901 1.1757123 0.5327556 1.6548808 1.6941138 0.9400560 2.3288264 2.3014187 2.2941623 2.1539931 2.0164164 0.9267380 1.7020042 1.2197068 2.1021311 1.7135199 0.8869209 1.5906635 1.5991142 1.7093053 1.8426970 1.7438896 1.4549807 3.1689743 1.2197715 2.0560835 1.4671380 1.4869076 2.0510317 2.0292433 2.2680745 2.1241475 2.1156345 2.2434894 2.0761683 2.1655066 2.0573551 2.0899894 2.1065855 2.1426942 2.0918814 1.0971263 2.7199093 1.9273367 1.4529435 1.3577662 2.0140534 2.7063091 1.8616589 2.7098900 2.6640492 3.3091488 4.3796035 5.1392826 3.1450332 3.1077356 1.6734756 1.6806989 3.4153339 2.8225756 3.4638106 4.8327236 4.5420645 4.8334766 4.5978265 2.6516558 1.0184421 1.0564320 5.7651544 7.4891454 2.2091679 3.6020393 5.0755336 3.5635092 3.8591856 2.0411932 2.1830016 3.2995172 3.0788299 5.3217742 4.6996330 1.5785229 0.7424865 2.6321642 
Nvec_v1g95716                                           0.0000010 0.2991880 0.3016058 0.2397790 0.2615026 0.3121835 1.6273525 0.3551244 1.8940909 0.0000010 0.0000010 0.4114253 0.4114253 0.3389990 0.2404626 0.0000000 0.4761276 0.4970458 0.5687099 0.6229361 0.4893024 0.0000010 0.5136554 0.4369886 0.5338816 0.6785102 0.7569985 0.9277360 0.9121023 1.1505038 0.8414661 0.8013434 0.0000010 0.6781358 0.7514413 0.9630592 0.8581097 0.0000010 0.7267297 0.7267297 0.7086765 1.3799937 0.6544940 0.7840903 2.0524992 1.2041312 0.7952707 0.0000010 1.6409422 0.7763765 0.7531163 0.7237535 0.8129861 0.8129861 0.6110767 0.8428725 0.8245537 0.8348502 0.8348502 0.6044901 0.8257772 0.8257772 1.8211425 1.3378740 1.1101050 1.1101050 1.2754258 1.2702454 1.2686911 1.3707601 1.3707601 1.3428898 1.2924905 0.0000010 0.0000010 1.1929732 1.1678396 0.0000010 2.0894643 0.0000010 0.8525620 0.0000010 0.0000010 0.0000010 0.0000010 0.0000010 0.8977998 0.2590339 0.0000010 4.5422761 0.0000010 0.0000010 2.1201786 0.0000010 1.8290176 0.0000010 0.9598552 0.7899112 1.6161076 1.5768485 0.8525620 0.0000010 6.8573404 0.0000010 1.0442225 
Sanmal_Sma_022122-T1                                    1.5249112 1.1571801 1.2075195 0.5525631 1.1378316 1.1812112 0.6173271 1.2942281 1.3390805 0.7248129 1.4389095 0.6619709 0.6619709 0.7899260 1.3297120 0.4761276 0.0000000 0.1870147 0.7244815 0.8371827 1.6516933 0.5596756 1.5384029 0.5820314 1.4347200 1.7170987 0.9653183 2.4494333 2.3526700 2.3420947 2.1477850 1.9479642 0.7648375 1.5595699 1.1595608 2.3564046 1.9555940 0.9059133 1.6995525 1.7010580 1.8501809 2.0895902 1.8508010 1.4736280 3.0735411 1.4129177 2.1469253 1.5394585 1.5502094 2.0971113 2.0670694 2.2929727 2.1329614 2.1581904 2.4708192 2.0568556 2.1574768 2.0230266 2.0590403 2.0943264 2.1028706 2.0505869 1.0111767 2.3164542 1.7931205 1.4247086 1.4363899 2.0278989 2.8630758 1.7495908 2.4345158 2.8022667 3.0686322 4.7505921 5.0592831 3.2392451 3.2018972 1.8923706 2.0924462 3.3779709 2.8057158 3.6528978 5.3974614 5.0738311 5.1893359 6.2229314 2.5532349 1.6414868 1.7622213 6.3722092 6.2053583 2.3092252 3.7474184 5.1454795 3.7937310 4.8542653 2.3279004 2.2304844 3.5391087 3.2317425 5.4081290 4.6665016 0.6268118 1.9089059 2.7138492 
Aaur_scaffold716.g6.t1                                  0.0000010 0.4356074 0.5648560 0.6087509 0.5487008 0.6179726 0.0000010 0.4766595 1.1346395 0.0000010 0.0000010 0.6407455 0.6407455 0.4503322 0.6783228 0.4970458 0.1870147 0.0000000 0.2559945 0.3308970 0.6723887 0.0000010 0.7644596 0.6902834 0.5350742 0.6570919 1.0492155 1.0348268 1.0186698 3.0479564 0.8509448 0.8147471 0.0000010 0.7464379 0.7055339 0.9761208 0.8615316 0.0000010 0.8152547 0.8152547 0.6816953 2.5157661 0.6340969 0.7487076 5.2307834 0.7888048 0.9336461 0.0000010 1.6941518 0.9561901 0.9267593 0.7068901 0.9486648 0.9486648 0.0000010 0.7944064 0.7929415 0.7945661 0.7945661 0.7724819 0.6838520 0.6838520 2.6263007 3.4048746 1.0422729 1.0422729 1.1385675 1.1385675 1.2355069 1.2263923 1.2263923 1.4233244 1.2723350 0.0000010 0.0000010 1.3999900 1.3999900 0.0000010 2.1583015 0.0000010 0.0000010 0.0000010 0.0000010 0.0000010 0.0000010 0.0000010 0.7885932 0.0000010 0.0000010 4.0083825 0.0000010 0.0000010 1.1666587 0.0000010 0.0000010 0.0000010 1.1391850 0.9290182 1.1169236 1.6629607 0.0000010 0.0000010 0.0000010 0.0000010 0.0000010 
Rhoesc_Res_015695-T1                                    1.6168346 1.2841683 1.3812087 0.6827297 1.3308795 1.3337935 0.6803710 1.4859118 1.4993384 0.9364778 1.5118676 0.6837636 0.6837636 1.1176792 1.4039922 0.5687099 0.7244815 0.2559945 0.0000000 0.3338899 1.7736338 0.7528035 1.6152546 0.6765191 1.5129744 1.9476095 1.1900894 2.5939251 2.4891800 2.5208463 2.3016360 2.1713502 0.8695679 1.8439929 1.4706059 2.3291590 2.0008212 1.1238552 1.8295585 1.8309130 2.0165631 2.1819326 1.8648086 1.8498265 3.2085495 1.4485768 2.3447510 1.6695085 1.6710872 2.3743664 2.3514134 2.5584629 2.3775377 2.3905491 2.5775506 2.2140460 2.3465167 2.1926352 2.2278203 2.2113793 2.2380476 2.1820464 1.0377811 2.6361535 1.8431760 1.4874794 1.4596294 2.1678360 2.8651072 1.9686087 2.6722237 2.7325942 3.3200586 4.8226834 4.2510081 3.2572249 3.2455240 2.0717494 1.9536688 3.7711661 3.2245182 3.7547761 5.5316423 5.3753606 5.2400668 5.6567907 2.6868868 1.5862986 1.3608408 6.2795926 6.2033376 2.5366077 3.9425240 5.0794794 3.8721405 4.5065084 2.4976979 2.3810788 3.3835648 3.3053539 6.4701146 5.4544566 0.5744217 1.8360626 2.8690834 
Nemnom_g5339.t1                                         1.8035013 1.4000160 1.4740746 0.8143928 1.4557347 1.4218696 0.6863538 1.5742150 1.6906330 1.0404043 1.6478497 0.9280867 0.9280867 1.2755026 1.4686391 0.6229361 0.8371827 0.3308970 0.3338899 0.0000000 1.8079548 0.7179078 1.6763864 0.7781095 1.5704029 2.0190403 1.1666387 2.6814085 2.4498784 2.5466185 2.3410006 2.1495174 0.8348681 1.8334472 1.4659026 2.4264556 2.0922184 1.0497070 1.8712148 1.8711344 2.0397902 2.2499943 1.9865566 1.8697807 3.3670266 1.4029169 2.2949965 1.7230830 1.7193755 2.3814762 2.3488909 2.6414279 2.3699680 2.4148664 2.5924107 2.2662309 2.4107033 2.2424372 2.2697582 2.2626527 2.2572864 2.2010988 1.0102042 2.5257236 1.8035744 1.4118516 1.4422921 2.1815626 2.9528767 1.9208779 2.7423835 2.7021395 3.2305556 4.8211349 4.2072342 3.3972454 3.3680005 2.3344168 1.9302636 3.7891512 3.3869323 3.6955590 5.8532415 4.9105808 4.9695126 5.5046138 2.5730271 1.6202429 1.2628623 6.5418404 7.2033763 2.7445954 4.1614630 5.5369227 3.9446073 4.2154460 2.6138668 2.4747911 3.3889693 3.3475904 6.0074085 5.1792923 0.6977063 1.9853824 2.9380425 
Xesp_007962-T1                                          1.7658728 1.3239012 1.3797499 0.4999367 1.3495959 1.3176020 0.6973977 1.4629702 1.5313952 1.1368694 1.5529045 0.6360451 0.6360451 1.1068219 1.3603343 0.4893024 1.6516933 0.6723887 1.7736338 1.8079548 0.0000000 0.6959040 0.5420818 0.7029426 1.9721289 1.9182537 1.0410641 2.5190850 2.5472045 2.6660981 2.4492845 2.2671124 0.8424607 1.9744379 1.4462684 2.6264194 2.1495315 1.1153784 1.7763138 1.7783688 2.0142171 2.2587585 2.0560168 1.5796822 3.1795377 1.2348212 2.2579385 1.6883243 1.6898866 2.2675537 2.2351024 2.4917169 2.2580197 2.2587647 2.5933767 2.1522532 2.2338015 2.1179492 2.1562801 2.1676601 2.2539897 2.1788228 1.2381164 2.9165394 2.0163768 1.6486536 1.3140083 2.2428062 3.0923628 2.0485294 2.9347257 2.9033860 3.4007171 4.8775088 5.2001420 3.4389004 3.4374946 1.7301394 2.0223700 3.8462580 3.0845269 3.5931790 5.2753778 5.0377094 5.2032287 5.0180636 3.5629146 1.9104889 2.7885610 6.4247611 7.5417146 1.9749477 3.4887882 5.3483345 3.7191929 4.5343392 2.3238903 2.4120209 3.2902285 3.3117909 6.2521341 5.8076320 2.0057233 2.0515644 2.9916590 
Nvec_v1g95776                                           0.0000010 0.3905801 0.2904951 0.0000010 0.3285792 0.2868946 0.2771873 0.3972275 0.3717552 0.2852749 0.4223705 0.0000010 0.0000010 2.2765988 0.4425901 0.0000010 0.5596756 0.0000010 0.7528035 0.7179078 0.6959040 0.0000000 0.7041877 0.0000010 0.8227885 0.7449408 0.5051964 1.1219730 1.2189606 0.7736535 0.7736535 0.8372217 0.8503024 0.0000010 0.0000010 0.0000010 0.7713310 1.1454673 0.7528979 0.7528979 0.8375547 0.9357639 0.9387600 1.7220928 5.7963560 0.0000010 0.9889387 1.1264133 1.1264133 0.9832599 0.9832599 0.0000010 0.9147455 0.9147455 1.0908664 0.6939265 0.5356655 0.7364689 0.7095139 0.7423990 0.7625099 0.6905538 1.2030901 0.0000010 0.0000010 0.0000010 0.0000010 0.0000010 0.0000010 0.0000010 0.0000010 0.0000010 1.2070570 0.0000010 0.0000010 1.3296637 1.3296637 1.3296637 1.5176917 1.0883587 1.0633760 1.0945923 0.0000010 0.0000010 0.0000010 0.8918119 2.7499313 0.0000010 0.0000010 3.1985202 0.0000010 1.7036115 1.7569780 0.0000010 1.5859895 0.0000010 1.1423539 0.0000010 2.0058046 2.1480040 0.0000010 0.0000010 0.5101257 0.0000010 0.7662807 
Dgig_XM_028538971.1                                     1.3473624 1.1613590 1.1856910 0.6245818 1.2055783 1.1377787 0.7041933 1.3665053 1.2583327 0.9061922 1.2737212 0.7981627 0.7981627 1.1355244 1.1757123 0.5136554 1.5384029 0.7644596 1.6152546 1.6763864 0.5420818 0.7041877 0.0000000 0.7359413 1.8681846 1.8764283 1.2437296 2.4493032 2.4438352 2.3439759 2.2095188 2.0750195 0.9409845 1.8212398 1.4341425 2.3702097 1.9630645 1.0001856 1.7066535 1.7151920 1.9223431 1.9966183 1.9272701 1.5003796 2.8685163 1.1633537 2.1031621 1.7221119 1.7282675 2.2160281 2.1807197 2.4188830 2.2181078 2.2194763 2.3964841 2.1081065 2.1825604 2.0388754 2.0708677 2.1833841 2.1901752 2.1206912 1.1992437 2.8111231 2.0524256 1.5280302 1.3089687 2.1108334 3.0199432 1.9060581 2.7167560 2.8385892 3.2792288 4.4762075 4.7979582 3.3925377 3.4152203 1.7791535 1.9645446 3.6118983 2.9444920 3.5109826 5.0137727 4.3518931 4.6811238 5.6206757 2.6829381 1.6021334 1.9262284 6.0723116 6.1804265 1.8699724 3.4204488 5.5437645 3.6132754 4.1955137 2.2340615 2.2254426 3.0915180 3.2436212 6.4122069 5.6067139 1.7352425 1.6025138 2.7936458 
Hvul_g28662_1                                           0.0000010 0.5185788 0.5432923 0.8093716 0.5787935 0.5635921 1.2181640 0.5872421 0.0000010 0.0000010 0.0000010 1.4128907 1.4128907 0.5023571 0.5327556 0.4369886 0.5820314 0.6902834 0.6765191 0.7781095 0.7029426 0.0000010 0.7359413 0.0000000 0.4723427 0.7253067 1.0068131 1.0081495 0.9581607 1.0075116 0.8821011 0.8875458 0.0000010 0.8446766 0.9140843 1.2739563 1.0941172 0.0000010 1.0666881 1.0666881 1.1618879 1.1156480 1.1047985 0.9070005 1.3764314 1.3696183 0.9736039 0.0000010 2.1010790 0.9412758 0.9227867 0.8168577 0.9721956 0.9721956 0.7628896 0.8619864 0.8385828 0.8493902 0.8493902 0.7662848 0.7218023 0.7218023 0.4503562 1.7304014 1.5836543 1.5836543 1.9706513 1.9706513 1.7242441 1.7620537 1.7620537 1.8920128 1.8978209 0.0000010 0.0000010 1.9907126 1.9756764 0.0000010 2.4437475 0.0000010 0.9459153 0.0000010 0.0000010 0.0000010 0.0000010 0.0000010 1.0580596 0.2590339 0.0000010 5.1174774 0.0000010 0.0000010 6.9240597 0.0000010 3.2422292 0.0000010 1.1973152 0.9892935 1.7048716 1.5302893 0.9459153 0.0000010 5.2864432 0.0000010 1.6662840 
Chem_TCONS_00064034                                     2.4359969 1.5736881 1.5950221 0.7252195 1.5763029 1.5578677 0.8253892 1.7542588 1.9663962 1.2005584 2.1718032 0.9956054 0.9956054 0.9573544 1.6548808 0.5338816 1.4347200 0.5350742 1.5129744 1.5704029 1.9721289 0.8227885 1.8681846 0.4723427 0.0000000 2.1375555 0.9905538 2.4051460 2.3016315 2.6334068 2.3943483 2.2731484 1.0073728 1.8931196 1.3034665 2.7988179 2.3043841 1.2992073 2.0410549 2.0379250 2.1436185 2.3262195 2.1442162 1.6087183 3.3873096 1.0630041 2.2773484 1.6439014 1.6678733 2.4258929 2.3603125 2.5883655 2.4183579 2.4645274 2.3651196 2.3906285 2.4908168 2.4000461 2.4384582 2.5082783 2.4454343 2.3934847 1.3227913 2.6355303 2.0202560 1.4892635 1.3803995 2.0784475 3.1780492 1.8266579 2.6963331 3.1226386 3.7080877 6.6111394 5.8100165 3.4812263 3.4505529 2.1508686 2.2677908 3.7731236 3.1185399 3.5471980 4.7090405 5.2312836 5.0204685 6.8316231 3.0003476 2.0161014 1.9975486 6.6111778 5.4532994 2.2518417 3.6043582 5.2499921 3.9487822 3.6785287 2.5352507 2.6272274 3.4833075 3.4994024 6.3056467 5.9879772 1.8673837 2.8268874 2.9437429 
Cgig_XM_034444042.1                                     2.0209168 1.5551598 1.5623214 0.7217351 1.5768248 1.5497639 0.7834722 1.8134179 1.7001597 1.3339479 1.8287840 1.0982540 1.0982540 1.3896106 1.6941138 0.6785102 1.7170987 0.6570919 1.9476095 2.0190403 1.9182537 0.7449408 1.8764283 0.7253067 2.1375555 0.0000000 0.7724872 2.2135393 2.3164027 2.2429590 2.0421924 1.9038917 0.9228421 1.8322969 1.2464415 1.8168377 1.5249132 0.7618808 1.2295357 1.2354271 1.4659131 1.5882921 0.9842578 1.2925268 3.3588495 1.3768494 1.9955717 1.5415855 1.5422077 2.1063174 2.0976780 2.3353397 2.1774234 2.1679098 2.2200968 2.0283981 2.1345197 1.9744367 1.9968529 2.0069849 2.0913580 2.0441033 0.9561342 2.9718547 1.8467002 1.3936613 1.2305545 2.2046274 3.0140370 2.0448081 2.8988524 2.8062195 3.0148996 3.5642515 4.7893859 3.2217081 3.1899222 2.1005818 2.2624727 3.1898980 2.8040178 3.2280931 4.3181509 4.5041481 4.3611397 5.2342977 2.6940561 2.1773276 2.5012012 5.7687499 6.2641979 2.4121903 3.5654178 4.7059504 3.5470844 4.1540559 2.2551012 2.1358606 3.0904024 2.9445101 5.0739797 3.9292979 2.1594369 2.2134089 1.9624646 
Ctel_gnl_WGS_AMQN_CAPTEDRAFT_mRNA176770                 0.0000010 0.8085913 0.9907147 1.1226668 0.9148256 0.9434909 0.5051964 0.9798313 1.8199717 0.5051964 0.5051964 1.4379210 1.4379210 0.8190731 0.9400560 0.7569985 0.9653183 1.0492155 1.1900894 1.1666387 1.0410641 0.5051964 1.2437296 1.0068131 0.9905538 0.7724872 0.0000000 1.0531642 1.0154414 1.7059483 1.0865917 0.9514930 1.2222993 0.9505159 1.0200297 1.0583217 0.9087448 1.4804137 0.9322002 0.9322002 1.0087011 2.0330427 0.8479298 0.9489982 5.9047909 1.4412694 1.1513374 0.5051964 2.0076076 1.1518220 1.1776237 1.0703909 1.1637361 1.1637361 2.2878068 1.0245994 1.0137825 1.0381628 1.0238312 1.0195339 0.9042190 0.9042190 3.3755622 4.1308284 1.0872414 1.0872414 1.0896014 1.0896014 1.2755440 1.4236146 1.4236146 1.2310052 1.2268695 0.0000010 0.0000010 1.3316349 1.3316349 1.2222993 1.8248520 0.6502943 0.8525620 0.0000010 0.0000010 0.0000010 0.0000010 0.0000010 0.1816724 0.0000010 0.0000010 4.6753270 0.0000010 6.5635156 2.5948352 0.0000010 2.0523672 0.0000010 1.4946062 1.1147380 1.2424179 1.6836754 0.8525620 0.0000010 0.0000010 0.0000010 0.0000010 
Halamb_c55616_g1_i2m.41271                              3.5869228 2.2536888 2.2524566 1.2910722 2.2199912 2.2448688 1.0984528 2.3633163 2.2072665 1.4451214 2.5819999 1.8414968 1.8414968 1.6790755 2.3288264 0.9277360 2.4494333 1.0348268 2.5939251 2.6814085 2.5190850 1.1219730 2.4493032 1.0081495 2.4051460 2.2135393 1.0531642 0.0000000 0.5987082 2.7090017 2.5047286 2.3953845 0.9470588 2.1244144 1.6856132 2.8599500 2.3896029 1.2041124 2.2760435 2.2853275 2.3927251 2.5013697 2.4162001 1.6352497 2.9190798 1.2631049 1.5406083 1.4365289 1.4460137 1.6386441 1.6294265 1.7587469 1.7170521 1.6988588 0.7463084 2.6652901 2.7848227 2.6543394 2.6809311 2.7770136 2.6680923 2.6122044 1.3139717 3.1082964 2.1471695 1.7310297 1.5205736 2.3497481 3.8202242 2.2339979 3.1370833 3.2915097 3.7059859 5.1753737 6.7502521 3.8221444 3.8028121 2.0955935 2.5127943 4.2923555 3.5300783 3.7585999 4.0195409 6.7546534 5.9666723 6.7088671 2.0780263 3.3284549 2.7057620 7.3447101 7.1909626 2.6389228 4.5275247 7.2454006 4.7033067 5.5997933 2.6817751 2.5723273 3.6886399 3.5920979 5.5153510 5.7192035 3.1767415 3.9395622 3.2536815 
Aque_Aqu2.1.40696_001                                   3.4487086 2.1095848 2.1768143 1.2486550 2.1128886 2.1498074 1.1300803 2.2300132 2.1071563 1.4695237 2.5109402 1.7140104 1.7140104 1.5915947 2.3014187 0.9121023 2.3526700 1.0186698 2.4891800 2.4498784 2.5472045 1.2189606 2.4438352 0.9581607 2.3016315 2.3164027 1.0154414 0.5987082 0.0000000 2.4014497 2.2488110 2.2178924 0.9206314 1.9352153 1.5548841 2.8728799 2.3285983 1.2940986 2.2760760 2.2998799 2.3399520 2.4123532 2.4224556 1.7097059 2.8454982 1.1243905 1.4643701 1.4850304 1.4992110 1.5669168 1.5600653 1.6353696 1.6423850 1.6245143 0.7881534 2.6538888 2.8106874 2.6980922 2.7130875 2.8483035 2.7189668 2.6581595 1.3212407 3.1088233 2.0670529 1.5664878 1.4617160 2.2630918 3.6081194 1.9744914 2.9797584 3.1953320 3.4858513 4.5098084 6.6914972 3.6466853 3.6446655 2.0676264 2.1985394 4.1413116 3.2814989 3.7061328 4.0840862 6.1289685 5.5371523 8.3434501 1.8571299 3.0680125 2.5149843 6.6405734 6.0305803 2.5430297 4.3847396 7.2114743 4.5933742 5.3655860 2.6993562 2.5567159 3.5788436 3.4724409 5.9178079 4.8337494 3.1836763 3.7754143 3.5071785 
Lcom_lcpid28648                                         2.6253191 2.0901610 2.1080429 3.0401219 2.0957746 2.0360548 0.9111574 2.3300948 2.0651157 1.2740728 2.3687965 3.2107778 3.2107778 1.8034204 2.2941623 1.1505038 2.3420947 3.0479564 2.5208463 2.5466185 2.6660981 0.7736535 2.3439759 1.0075116 2.6334068 2.2429590 1.7059483 2.7090017 2.4014497 0.0000000 0.0131018 0.5531471 0.1977521 0.6089468 0.9631698 3.1773008 2.4090198 0.9409226 2.1087493 2.0949258 2.3167477 2.2816866 2.4376296 2.0243068 3.4786022 1.4470061 2.3498922 1.6349304 1.6359340 2.4204132 2.3589146 2.7653620 2.4813734 2.4923456 2.5368811 2.8652212 3.0859175 2.8420450 2.8915266 2.9011770 2.9419258 2.8380765 1.1053236 2.5036651 2.4362143 1.9970882 2.0945001 2.9041541 4.0243821 2.5371562 3.3436016 3.7743727 3.8976709 5.7358330 5.5077747 3.9402705 3.9377417 1.9351330 2.6318077 3.7456695 3.0942362 3.7354271 5.2998973 5.2364283 5.0828618 6.0490825 3.8658822 3.1089816 2.2824017 6.3245552 6.9595516 2.3265175 4.0347866 6.6614264 4.1286030 5.2033023 2.3103110 2.4122326 3.8849032 3.7620802 5.2173513 5.7824916 2.8789291 3.1467052 3.1798752 
Lcom_lcpid17706                                         2.6253191 1.9328209 1.9647643 1.0370373 1.9593150 1.9064336 0.9111574 2.1581875 2.0582229 1.2740728 2.3687965 1.1788651 1.1788651 1.3898803 2.1539931 0.8414661 2.1477850 0.8509448 2.3016360 2.3410006 2.4492845 0.7736535 2.2095188 0.8821011 2.3943483 2.0421924 1.0865917 2.5047286 2.2488110 0.0131018 0.0000000 0.5251590 0.1977521 0.5306403 0.7955771 2.7484600 2.1867796 0.9409226 1.9664665 1.9547659 2.1117354 2.3228860 2.2482321 1.5291261 3.6586531 1.3442221 2.1365666 1.6349304 1.6490075 2.2410878 2.1781205 2.4570971 2.2805226 2.2948649 2.5299161 2.6566297 2.8123339 2.6340063 2.6765863 2.6689021 2.6939832 2.6113328 1.2220306 2.5029558 1.8049270 1.3643242 1.2926627 2.0214363 3.1606352 1.7872461 2.5695220 2.8815443 3.4415170 5.7358330 5.5077747 3.5215656 3.5192135 1.9351330 2.3933027 3.7456695 3.0942362 3.7354271 5.2998973 5.2364283 5.0828618 6.0490825 3.8656177 3.1089816 2.2824017 6.2460594 6.9595516 2.3265175 3.9920381 6.6614264 4.1286030 5.2033023 2.1853457 2.1751855 3.5785068 3.5472899 5.2173513 5.7824916 2.8789291 3.1467052 3.1798752 
Gracom_Gcom_scaffold16520_01                            2.6851923 1.7138074 1.8088626 0.7070693 1.7931985 1.7613614 0.9713752 1.8724283 1.8039345 1.2695944 2.1731225 0.8685534 0.8685534 1.1855782 2.0164164 0.8013434 1.9479642 0.8147471 2.1713502 2.1495174 2.2671124 0.8372217 2.0750195 0.8875458 2.2731484 1.9038917 0.9514930 2.3953845 2.2178924 0.5531471 0.5251590 0.0000000 0.1665901 0.3779639 0.7810913 2.6949975 2.1497635 0.9304939 1.8773198 1.8752650 2.1322376 2.2793951 2.0478931 1.4766756 3.4115661 1.3602915 2.1365161 1.5469440 1.5519236 2.1868316 2.1390108 2.4318490 2.2048883 2.2329689 2.4004894 2.4404473 2.5401053 2.4117214 2.4386879 2.4704866 2.5194058 2.4552585 1.1525709 2.3451063 1.7039827 1.3452974 1.2093801 1.9949919 2.7969853 1.7054626 2.4906602 2.6717892 3.0858827 5.1727149 4.9882187 3.3668109 3.3363160 1.9352781 2.2963116 3.5189551 2.7270273 3.2861130 4.0686807 4.8729473 5.0448365 5.4303419 3.3509087 2.8473774 2.2560986 6.1527847 6.8511729 2.6045506 4.1893795 6.9928777 3.9945401 4.8397803 2.1182937 2.1262762 3.4037774 3.3202267 4.4030808 5.1039560 2.7133483 3.1088434 3.0237138 
Leuniv_Lniv_C776640_01                                  0.0000010 0.8333584 0.8220878 0.0000010 0.8834571 0.7771243 0.9410744 0.8986252 1.0106585 0.9169085 1.0144983 0.0000010 0.0000010 3.9394428 0.9267380 0.0000010 0.7648375 0.0000010 0.8695679 0.8348681 0.8424607 0.8503024 0.9409845 0.0000010 1.0073728 0.9228421 1.2222993 0.9470588 0.9206314 0.1977521 0.1977521 0.1665901 0.0000000 0.0000010 0.1986422 0.0000010 0.7584091 0.9296133 0.8284091 0.8284091 0.8640343 0.9009842 1.1144764 1.7253893 4.5104912 0.0000010 0.8767626 0.9967193 0.9967193 1.0173804 1.0173804 1.3399161 1.0161030 1.0161030 1.0631558 0.9837142 0.6038431 0.8469019 0.9554691 0.7506845 0.8729090 0.8499146 1.1411053 0.0000010 0.0000010 0.0000010 0.0000010 0.0000010 0.0000010 0.0000010 0.0000010 0.0000010 1.7958309 9.0000000 0.0000010 1.6326332 1.6396853 1.6326332 1.3168151 1.4877090 1.5809437 1.5669880 4.4756335 1.9083421 1.9083421 2.6385839 1.8303952 0.0000010 0.0000010 3.8203160 0.0000010 2.0370296 1.9681980 0.0000010 1.7557516 0.0000010 1.1162563 0.0000010 1.7317960 1.6548898 1.9083421 3.9708008 0.7882152 0.0000010 1.0417996 
Leuniv_Lniv_C810194_01                                  0.0000010 1.4703506 1.5498447 0.6404623 1.4785039 1.5276134 6.4869281 1.6420065 1.6084925 0.0000010 2.3323438 0.7399462 0.7399462 1.0126162 1.7020042 0.6781358 1.5595699 0.7464379 1.8439929 1.8334472 1.9744379 0.0000010 1.8212398 0.8446766 1.8931196 1.8322969 0.9505159 2.1244144 1.9352153 0.6089468 0.5306403 0.3779639 0.0000010 0.0000000 0.7382545 2.1409212 1.9429994 0.0000010 1.6799252 1.6727522 1.8044961 2.2611988 1.8010180 1.4314991 2.9486512 1.0982817 1.7948047 0.0000010 2.1556495 1.8591301 1.7792312 1.7606441 1.9149539 1.9149539 2.2561799 2.3241779 2.2474376 2.3119062 2.3119062 2.3460119 2.3845992 2.3876511 1.5882174 2.1336509 1.6139182 1.2682538 1.2020465 2.0611600 2.6045000 1.6740414 2.5471708 2.8337850 2.7164260 0.0000010 5.9622997 2.9762171 2.9437594 6.0473176 2.6561943 4.7603089 0.8525620 0.0000010 0.0000010 0.0000010 0.0000010 7.5371613 3.7192541 2.4817520 2.3870764 6.1817428 0.0000010 0.0000010 2.3891530 0.0000010 5.7251767 5.0852343 1.8555646 1.6328895 3.0994662 3.2814731 0.8525620 0.0000010 3.1698122 0.0000010 4.8387260 
Clacor_Ccor_scaffold10573_01                            0.0000010 1.0612905 1.1973156 0.7099841 1.1048982 1.2110269 0.9868011 1.2139867 1.6327396 1.6655612 0.6908557 0.9385213 0.9385213 1.0783021 1.2197068 0.7514413 1.1595608 0.7055339 1.4706059 1.4659026 1.4462684 0.0000010 1.4341425 0.9140843 1.3034665 1.2464415 1.0200297 1.6856132 1.5548841 0.9631698 0.7955771 0.7810913 0.1986422 0.7382545 0.0000000 1.2506881 1.0832430 0.4491830 1.2010153 1.1887303 1.2970922 2.1090834 1.1885029 1.4932448 2.6815074 1.3178786 1.2648459 0.4772313 1.0085088 1.4687047 1.3358444 1.4177613 1.5235787 1.5235787 1.8136496 1.7445813 1.8121831 1.7758654 1.7610460 1.6274467 1.6351196 1.6391704 1.5465553 2.3203531 1.7112137 1.3618092 1.3718912 2.0900233 1.9124482 1.7486414 1.9411131 2.0242213 2.0651705 0.0000010 8.1681489 2.0027754 1.9878573 1.8898391 2.6367130 3.1235456 0.7052734 0.2602192 0.0000010 0.0000010 0.0000010 1.8915752 1.0868145 0.0000010 0.0000010 5.5129148 0.0000010 0.8119074 0.7631132 0.0000010 1.8737199 0.0000010 1.5145856 1.2211700 2.3071233 2.4880659 1.4658805 0.0000010 5.8747569 0.0000010 3.4168852 
Spur_XM_030981188.1                                     2.0686267 2.0717560 2.0410109 0.9224926 2.0476045 2.0354335 9.0000000 2.1278424 2.3700631 1.6378017 2.2935538 1.4098121 1.4098121 1.6181895 2.1021311 0.9630592 2.3564046 0.9761208 2.3291590 2.4264556 2.6264194 0.0000010 2.3702097 1.2739563 2.7988179 1.8168377 1.0583217 2.8599500 2.8728799 3.1773008 2.7484600 2.6949975 0.0000010 2.1409212 1.2506881 0.0000000 0.1443971 0.0000010 1.6663459 1.6698319 1.9163101 1.9570034 1.8224451 1.5175462 3.7480656 1.7500870 2.4334908 3.4060011 3.0152522 2.8171013 2.8436458 2.7744942 2.9144763 2.8608526 2.9904456 2.6453799 2.6680294 2.7207741 2.7184900 2.7840367 2.7673949 2.7764714 1.9646239 3.6890685 2.2351314 1.6528520 1.3935271 2.3557749 3.3636625 2.0216027 2.9720357 3.0117782 3.4054941 3.2697799 5.5127891 3.9689025 3.9208055 8.9999981 3.7908850 4.6851145 5.1962439 4.2721807 5.6131141 4.0452812 4.0331765 6.2274366 3.1330909 2.3164315 2.2930264 7.0460116 7.6453275 0.0000010 5.5263188 5.6199813 4.5411598 4.1077250 3.0098092 2.6249012 3.9302717 3.0475908 5.6219689 3.8530563 2.6686602 2.0730915 2.9846027 
