99
Gasp_gasp1.m3.551.m1                                                 0.0000000 0.1517587 0.7075323 0.6469620 0.5969059 1.6841416 1.6119233 1.6365071 1.9600268 1.6087021 2.1165569 1.8571473 1.8396499 2.6439828 2.5054073 2.0617511 2.0577582 1.1038947 2.1771353 2.2433402 1.9648730 2.7523728 1.9069195 2.2372203 2.2589310 2.4571948 3.2365967 2.2913501 2.9275543 2.0446995 2.0051705 2.2557217 2.3316949 2.9901259 3.6113195 2.1453125 2.1837308 1.9841097 2.4918953 3.1061440 2.7285189 1.7610851 2.3183580 2.2277181 2.2016174 2.4662631 2.0474962 2.6971814 2.7480089 3.3301653 3.7238558 3.4426474 3.4426474 3.5863223 2.1888826 2.1951171 2.1277511 2.5549646 4.1447454 1.9846542 2.5459025 2.0356121 1.3654285 2.8515012 2.9074969 2.7324050 1.7996610 2.4804858 3.1276634 2.8131899 2.9719438 2.1767083 2.1900432 2.7720918 2.4417151 1.3817920 3.4650233 2.5935184 2.7974693 2.3094953 2.0254333 2.2482952 2.9093339 2.0268646 2.5819877 2.4355216 2.9007973 3.7074136 2.2761100 2.8054323 2.2744915 3.3612726 2.6544665 2.8464228 2.5497590 3.6375107 3.0127517 3.7404302 4.2247543 
Gasp_gasp1.m3.29977.m1                                               0.1517587 0.0000000 0.5145446 0.4764131 0.4439102 1.1609626 1.2755639 1.2441579 1.3111044 1.3081107 1.3239064 1.3822599 1.3224830 0.0000010 1.7613897 1.3125907 1.3079902 1.1733446 1.2434247 1.3614366 1.3519332 1.4899894 1.2324965 1.3515978 1.4117692 1.4317465 1.2531735 1.2172321 1.2225287 1.1932389 1.2706366 1.3268098 1.3104828 0.0000010 1.2119599 1.9432180 1.1965401 1.3752541 5.9228774 0.0000010 1.1450309 1.2858708 1.2727979 1.4774917 1.2748849 1.4223532 1.4587091 1.2922262 0.0000010 1.3586639 1.4609156 4.9111524 4.9111524 0.0000010 1.4439755 1.3984819 1.4307505 1.5962505 1.6713337 1.5395591 1.6678093 1.1693697 1.4547410 1.6731860 3.7544323 0.0000010 1.7188462 1.7432422 3.6883175 1.5985329 0.0000010 1.4063784 1.8331445 0.0000010 1.4493320 1.3940103 1.6137738 1.5017777 1.6300539 1.1551485 1.2907577 1.3163708 2.2069926 1.4249361 1.9242275 1.6123946 1.9931986 1.9094399 1.6722524 3.1871823 1.5113478 1.5502978 1.4482407 1.8967009 1.3297838 0.0000010 2.0900681 1.2194483 1.7763209 
Spis_XP_022783145_1                                                  0.7075323 0.5145446 0.0000000 0.1713925 0.7234720 1.4536897 1.4938614 1.3911907 1.7495426 1.5213792 1.7325387 1.7202144 1.6737260 2.6683598 2.4325509 1.8419719 1.9072697 1.3102208 2.0297448 1.9671942 1.9207139 2.2878948 1.9244607 2.0544432 2.0796860 1.9697032 2.1163321 1.7216370 1.8670572 1.7148481 1.6774126 1.7103422 1.9608923 2.7643797 1.4990275 2.1725128 1.7701200 1.8959221 2.4841973 2.7169089 1.9341240 1.5240370 1.9245728 1.9252332 1.8583653 1.9726518 1.9783904 1.8430037 2.4190374 2.0518807 2.5669011 2.7672710 2.7672710 2.7263301 1.9631510 1.8695927 2.0849485 2.0996604 2.0390031 1.6087670 1.8090587 1.8261910 1.6152612 2.4257374 2.3290770 2.2820214 2.0280427 2.2998233 2.7174463 2.3084681 2.8748780 1.7892657 2.1732820 2.5297152 2.0184206 1.6883083 2.4909335 2.1733138 2.2942497 1.8330041 1.7916673 2.4495551 2.7002073 1.9533175 2.4192590 2.1512000 2.5104786 1.8233635 1.7552305 2.8796855 2.0698223 2.5396873 2.2832276 2.3634685 1.7820647 2.1380544 2.5955073 2.3367112 3.0174723 
Pocdam_XM_027185521.1                                                0.6469620 0.4764131 0.1713925 0.0000000 0.7259497 1.4591120 1.5053417 1.2757551 1.7891055 1.4840880 1.7176468 1.6830713 1.6307059 3.1732769 2.6451820 1.9134327 1.9827438 1.4096121 2.0687442 2.0579165 2.0553476 2.4865068 2.0061646 2.1399298 2.1777141 2.1148770 2.3016343 1.7231216 1.8531218 1.6832459 1.6620400 1.7107111 2.0179727 3.2371184 1.3127618 2.0791078 1.7031362 1.9411736 2.5893745 2.8841632 2.0402467 1.4540676 1.9754114 2.0141221 1.8963350 2.0008304 2.0181527 1.8672550 2.7264081 2.0726932 2.7566771 2.8862044 2.8862044 2.7812768 1.9752390 1.9326230 2.0485087 2.2032568 2.1095269 1.4488005 1.6908935 1.9867786 1.5485493 2.8512114 2.6703552 2.6060353 1.8755059 2.3581264 2.9446015 2.3065696 3.1436165 1.7352532 2.0713570 2.5863620 1.9939919 1.6738671 2.4816146 2.1826318 2.3098839 1.9069511 1.8486406 2.3092454 2.5597399 1.9711680 2.4312999 2.1602357 2.4893293 1.7613735 1.6953157 3.2476820 2.2513231 2.4962431 2.3380191 2.4746826 1.7355139 2.0432888 2.6000170 2.4530977 2.8157388 
Fspp_ffun1.m4.4533.m1                                                0.5969059 0.4439102 0.7234720 0.7259497 0.0000000 1.5162495 1.5884809 0.9690450 1.7435800 1.1359279 1.7963049 1.6499280 1.6078253 3.0403825 2.4318292 2.1373309 2.2534173 1.2313085 2.2517666 2.2437420 2.0104240 2.2776697 1.8993953 2.2583736 2.3561796 2.3341336 2.2590052 1.8856106 1.9045285 1.7602446 1.6699310 1.8621283 2.2192819 2.9261806 1.4072204 2.6504990 1.8925220 1.8952135 2.4735982 2.7661226 2.0526937 1.2972390 1.8968972 2.0858127 1.9353767 2.0588773 2.1821003 2.2788155 2.7466570 2.2648548 2.7902534 2.9977349 3.0271652 2.9983254 2.2104136 2.0078598 2.3653854 2.3359659 1.7991444 1.2217777 1.5383380 2.0253685 1.7026688 2.3824083 2.7389648 2.4054076 2.0070107 2.4966365 2.6038537 2.1129749 2.6196266 1.6257195 1.9104194 2.7387374 2.2591817 1.6385413 2.4245447 2.4550849 2.4877473 1.9419266 1.8379675 2.4475383 2.4536949 2.1449410 2.9003737 2.5798475 2.5837573 1.8567182 1.8957745 2.6427791 2.2813411 2.5603325 2.3526934 2.4903862 1.9941177 3.2632500 2.5843650 2.2658925 3.2855864 
Fspp_ffun1.m4.20474.m1                                               1.6841416 1.1609626 1.4536897 1.4591120 1.5162495 0.0000000 0.4320900 0.7004133 1.0805619 0.8392296 1.0703445 1.0618655 1.1183427 2.0697267 2.4473786 1.9321905 2.0278755 1.2922776 1.8938830 1.8871896 1.8808269 2.1186151 1.8360213 1.8606125 1.9107536 2.0813163 2.4341938 1.6231635 1.7677532 1.6264731 1.4939430 1.5434698 1.9608578 3.0040815 1.1311634 2.1465883 1.6439185 1.6890963 2.0300886 2.4667089 1.9286130 1.3095933 1.7292836 1.7728401 1.7318612 1.9721034 1.8575992 1.9291727 3.0905613 2.2503269 3.1530103 3.1089851 3.1583432 3.2861793 1.8315893 1.8034077 2.0212303 1.9486935 2.2782460 1.2034805 1.4507250 1.8206050 1.3834206 2.8606640 1.9360860 2.0803708 1.5482083 1.8205825 1.9512958 1.7083679 2.0891547 1.5237205 1.6517766 2.5545495 1.9856074 1.2162955 2.2917131 2.0878092 2.1227504 1.5745657 1.5297021 2.2128288 2.2213047 1.8057690 2.3805233 2.1273601 2.4734931 2.0253425 1.7759214 2.7884210 2.0652600 2.6332800 2.0068300 2.2746119 1.6477754 2.0753354 2.4024707 2.3104033 3.0501673 
Fspp_ffun1.m4.23564.m1                                               1.6119233 1.2755639 1.4938614 1.5053417 1.5884809 0.4320900 0.0000000 0.7978746 1.1421438 0.9134945 1.1427523 1.1750703 1.1682014 2.2953345 2.5832793 2.0328379 2.1150661 1.4095943 1.9596218 1.9681649 1.9649969 2.1871708 1.8964504 1.9509926 1.9889466 2.1109383 2.4742154 1.5251285 1.6667651 1.5742379 1.5191772 1.5016802 1.8651727 2.6532279 1.2622370 2.0483085 1.5980817 1.7945134 2.2900208 2.3605535 2.0041323 1.3673980 1.7502729 1.7392780 1.7205054 1.9430837 1.9193980 2.0127144 2.6573146 2.2442882 3.0369030 2.8677637 2.8677637 3.0876351 1.8289146 1.7780289 1.9690615 2.0172524 2.5590717 1.2639931 1.5398997 1.8387759 1.5133195 2.4060712 2.1593839 2.3194627 1.6310744 1.9682521 2.1117682 1.8699884 2.2310789 1.5892692 1.7408067 2.2722745 1.9977939 1.5128509 2.1738275 2.0452436 2.1361753 1.7031985 1.6604241 2.2091707 2.2504823 1.8984427 2.4082643 2.1953770 2.6042538 2.1593654 1.8173407 2.8994713 2.1193856 2.9080805 2.1285682 2.2567121 1.5361525 1.8837414 2.3760309 2.1484299 3.1324785 
Fspp_ffun1.m4.31687.m1                                               1.6365071 1.2441579 1.3911907 1.2757551 0.9690450 0.7004133 0.7978746 0.0000000 0.2324183 0.3003932 0.3907945 0.4117962 0.4247627 0.0000010 2.3122687 1.5564220 1.4178172 1.5285661 1.6247496 1.5833678 1.3663833 1.1456272 1.3167550 1.6626589 1.6625661 1.7389277 1.8206158 1.2483822 1.1509812 1.3093267 1.3571093 1.3247123 1.4037808 0.0000010 1.1602508 1.8409434 1.2109542 1.5477798 3.3936320 0.0000010 1.3697250 1.3665684 1.3071723 1.4152563 1.3186902 1.5998936 1.6008604 1.3323600 0.0000010 1.2998892 1.5805892 2.2994769 2.2994769 0.0000010 1.6182183 1.2687401 1.6334186 1.4156942 1.8058697 1.4475801 1.5540445 1.5004575 1.6041275 0.8748117 3.9602582 2.1453124 1.7095417 1.6240053 3.0579055 1.5333660 0.0000010 1.4332072 1.7169078 0.0000010 1.5890922 1.4798059 1.4201903 1.6820522 1.7797543 1.0807950 1.3560596 0.3579277 1.9544169 1.3064652 2.1261767 1.6716036 2.0877125 1.8598678 1.7720514 2.8082472 1.5581319 1.6929755 1.5992526 1.9853900 1.0245156 0.0000010 1.9814133 1.4704501 1.4579968 
Gasp_gasp1.m3.14934.m1                                               1.9600268 1.3111044 1.7495426 1.7891055 1.7435800 1.0805619 1.1421438 0.2324183 0.0000000 0.3770695 0.5652519 0.6183855 0.6424631 2.5738728 2.9007991 2.1251209 2.1967965 1.5732790 2.0379581 2.1726172 2.0337304 2.4395026 1.9057697 2.2876734 2.3340157 2.2470701 2.2740130 1.8452982 1.9021654 1.9654030 1.9520250 1.8833695 2.2369512 3.3198428 1.3736673 2.4569790 1.9209599 2.0350183 2.7810610 3.1305015 2.2271465 1.5567115 2.0292926 2.1365375 2.0246552 2.3424185 2.2547195 2.2827871 3.9408832 2.6050905 3.0177493 3.8636443 3.9735308 4.0604408 2.2938532 2.0939612 2.3132740 2.1438278 1.9103587 1.4281051 1.5864864 2.2112836 1.8154588 2.5937631 2.9154805 2.8799990 1.7465156 2.3016561 2.9652194 2.1312480 2.9072146 1.6233884 2.0157874 2.6312805 2.0570986 1.5614699 2.4381506 2.2512439 2.3777631 1.8399209 1.9892123 2.6571919 2.4058042 1.9692220 2.8600827 2.4851248 2.9306131 2.0167691 2.0140929 3.3639658 2.3308966 3.0119841 2.4097910 2.5736647 1.8186991 2.3347159 2.5380074 2.9557508 3.0265755 
Gfas_gfas1.m1.4342.m1                                                1.6087021 1.3081107 1.5213792 1.4840880 1.1359279 0.8392296 0.9134945 0.3003932 0.3770695 0.0000000 0.5204878 0.6168990 0.5869079 1.8975643 1.6752917 1.6420655 1.5208774 1.7310930 1.8247443 1.8310619 1.3719385 1.1197890 1.3199758 1.9115629 1.8617031 1.8998764 1.7617078 1.4330083 1.3863535 1.5626591 1.5639732 1.5091752 1.6251301 8.9999988 1.3354776 2.0938799 1.4332876 1.5388667 5.6314906 1.4281802 1.4963664 1.5262652 1.5228758 1.5831016 1.5088346 1.7201280 1.8298563 1.5572453 3.5005029 1.3641254 1.4597964 2.3231941 2.3231941 2.6625687 1.8329167 1.4895775 1.7442645 1.5295233 1.8615686 1.6531537 1.7441441 1.5805569 1.8641218 1.5346150 3.5377254 3.1180033 1.9638617 1.9080127 4.8887742 1.8341596 5.2659581 1.5691094 1.7264200 0.0000010 1.5908361 1.4986196 1.5394165 1.6803657 1.9938046 1.3392987 1.5396506 1.7590451 2.0362473 1.4884792 2.2720813 1.7506464 2.3504633 1.9061271 2.0581689 2.2282893 1.6592846 1.5525427 1.6687462 2.1883185 1.1712035 4.7138414 2.1775743 1.5694367 1.6205997 
Pocdam_XM_027188138.1                                                2.1165569 1.3239064 1.7325387 1.7176468 1.7963049 1.0703445 1.1427523 0.3907945 0.5652519 0.5204878 0.0000000 0.4743805 0.4515236 2.7031677 2.7834790 2.1038041 2.1452036 1.4539359 2.1004444 2.1880000 2.0147366 2.3762139 1.8658167 2.1647107 2.2298923 2.3594959 2.4094944 1.7621179 1.8122173 1.8307108 1.8126173 1.7793428 2.2163297 3.6451374 1.2469139 2.3432811 1.7867791 1.9950554 2.9503633 3.1443133 2.1153504 1.4872491 1.9993641 2.0216082 2.0277222 2.1571927 2.2940275 2.2257160 3.6897075 2.5334490 3.2810306 3.5346411 3.6515675 3.5502394 2.0849628 1.9039487 2.0854401 2.2102199 1.9627433 1.4360902 1.6277445 2.1901250 1.6078771 2.8096096 2.7929480 2.7633966 1.8955553 2.3206593 2.8008924 2.1440876 3.0642811 1.4888818 1.8622542 2.3866820 1.9417158 1.4278730 2.4433141 2.2442613 2.3771140 1.7766300 1.9061426 2.6196087 2.4745342 2.0112814 2.5739569 2.2660745 2.5993125 2.0659693 1.9923902 3.4829169 2.1394456 2.8142684 2.2978235 2.5568392 1.8637672 2.5630047 2.5049316 2.5229464 3.3241381 
Spis_XP_022794951_1                                                  1.8571473 1.3822599 1.7202144 1.6830713 1.6499280 1.0618655 1.1750703 0.4117962 0.6183855 0.6168990 0.4743805 0.0000000 0.1730429 3.2319641 2.7585133 2.0420531 2.0462506 1.3632186 2.0503451 2.1226550 1.9961792 2.3234248 1.8493991 2.1240713 2.2001694 2.3091304 2.4690515 1.6717161 1.7669629 1.7848703 1.7437254 1.8004505 2.2247839 3.5166006 1.2947283 2.2912099 1.8119976 1.9897421 3.0036078 2.9968067 2.0839458 1.4567979 1.9158003 2.0147895 1.9692701 2.1609365 2.1469619 2.2240230 3.2151181 2.3680328 3.1466483 3.5497307 3.6357787 3.6030631 2.0477045 1.8993349 2.1168301 2.0258480 1.8315759 1.5315007 1.5764144 2.1450548 1.6026768 2.4605252 2.5545673 2.5310907 1.8484827 2.2480219 2.4544843 1.8643903 2.6555831 1.4814693 1.9166499 2.3366651 1.9309863 1.5594226 2.3770992 2.1823752 2.2338307 1.8241842 1.8932672 2.3263584 2.5673284 2.0909262 2.6519197 2.3310049 2.7310853 2.3064816 2.0550840 3.2495272 2.1155471 2.7786210 2.2249000 2.3194481 1.6844549 2.1846159 2.4295584 2.4081688 3.1437284 
Pocdam_XM_027188104.1                                                1.8396499 1.3224830 1.6737260 1.6307059 1.6078253 1.1183427 1.1682014 0.4247627 0.6424631 0.5869079 0.4515236 0.1730429 0.0000000 2.8896019 2.4756424 1.9565318 1.9289604 1.3865249 2.0802717 2.1288335 1.9497495 2.2835701 1.8558734 2.0830501 2.1307728 2.3066474 2.3960859 1.6273662 1.7488619 1.7990188 1.7379737 1.7951913 2.0792856 3.1681639 1.2280608 2.1731397 1.7392775 2.0034292 2.8592189 3.1234284 2.0371031 1.4951159 1.8703970 1.9717710 1.8902267 2.1569270 2.1801902 2.2303545 3.4358433 2.4638544 2.9288960 3.4793996 3.5700171 3.5664520 1.9736348 1.9013438 2.0385037 2.0692347 1.8818014 1.5755897 1.6252605 2.1103418 1.6576642 2.4582996 2.5065139 2.5751381 1.8248026 2.2129354 2.4310999 1.8758976 2.6376355 1.4326316 1.8595140 2.0828421 1.9497222 1.6588395 2.4121219 2.2247773 2.2025428 1.7578207 1.8392287 2.4676068 2.4126996 2.0451990 2.5667130 2.2549243 2.7019747 2.3253984 2.0713958 3.4952960 2.1884955 2.7150874 2.2972420 2.3080491 1.7571947 2.5913762 2.3807293 2.4900917 3.1638442 
Stycar_maker-SC_scaffold118009-snap-gene-0.8-mRNA-1                  2.6439828 0.0000010 2.6683598 3.1732769 3.0403825 2.0697267 2.2953345 0.0000010 2.5738728 1.8975643 2.7031677 3.2319641 2.8896019 0.0000000 0.0136430 0.6911088 0.7046021 0.0000010 0.7879801 0.7316917 0.8289625 0.8289625 1.3107627 0.7496939 0.7520558 1.1352643 0.0000010 2.6654959 2.4441955 2.8008005 0.0000010 2.8463504 2.1805055 2.1805055 0.0000010 2.3871898 2.2300758 2.7753481 0.0000010 2.4889957 1.7614445 2.4120430 1.8380925 1.9363734 1.8700377 2.2222738 1.6685316 2.0096159 2.4248094 2.2443901 2.3796588 2.0430633 2.0501668 1.9330498 2.6531690 2.0299237 3.2924546 2.3814715 0.0000010 0.0000010 0.0000010 1.9124876 2.1913451 2.2609866 1.8367888 1.8773808 0.0000010 1.8075933 2.0599684 3.0246109 1.8899081 0.0000010 1.5867442 2.3547778 2.8275457 0.0000010 1.9919310 2.7790953 2.4258897 2.0020987 2.3618000 1.9019308 0.0000010 2.6364672 2.6187181 2.3874761 2.3010821 0.0000010 2.7872770 1.9533801 2.7356899 0.0000010 2.1671763 1.9778855 3.5062140 3.6723830 2.4531339 3.2671849 4.2963330 
Stycar_snap_masked-SC_scaffold5003-processed-gene-0.8-mRNA-1         2.5054073 1.7613897 2.4325509 2.6451820 2.4318292 2.4473786 2.5832793 2.3122687 2.9007991 1.6752917 2.7834790 2.7585133 2.4756424 0.0136430 0.0000000 0.6335562 0.6481191 0.0000010 0.9749995 0.9830279 0.7276055 0.7730746 0.7537577 0.6553311 0.6591272 1.2199299 1.3949497 2.6169208 2.5122198 2.4892454 2.3125528 2.2372819 1.4407548 1.3966796 2.7209669 2.4059923 2.4159395 2.4820682 2.6381166 2.8469101 1.4752722 1.9623369 1.4573477 1.4728706 1.4606192 1.4560191 1.5843736 1.6303155 1.6993641 1.6990669 1.6696278 1.6891445 1.6963577 1.6986707 1.1976882 1.3434603 1.9126498 1.4867320 1.6855704 0.0000010 1.7432873 1.3470905 2.2159574 1.4089170 1.4093587 1.4143361 1.8672957 1.3692053 1.4503203 1.4115887 1.3251910 2.5238415 2.2108140 1.6863552 1.5054575 2.2709211 1.5319612 1.6124614 1.6414369 1.3575697 1.4669192 1.3619121 1.5036090 2.1436065 1.8608036 1.7890041 1.7523152 1.1337068 2.7114002 1.5548425 1.8169063 1.8284079 2.6578991 1.4670088 3.0242438 2.9355750 1.3455991 2.9970238 3.7361019 
Tetwil_g4833.t1                                                      2.0617511 1.3125907 1.8419719 1.9134327 2.1373309 1.9321905 2.0328379 1.5564220 2.1251209 1.6420655 2.1038041 2.0420531 1.9565318 0.6911088 0.6335562 0.0000000 0.0161693 0.5139646 0.9103403 0.9729304 0.8971204 1.0122498 0.8907489 0.7061669 0.7402870 1.0709718 1.2247937 1.9215533 2.0235287 1.8147029 1.6866441 1.8498753 1.4560545 1.5610648 1.5922390 2.1458039 1.8261901 1.9922024 2.9458406 2.9125539 1.4371060 1.3925133 1.3955018 1.4542554 1.3967178 1.3952367 1.5068275 1.6473717 1.7951706 1.7711944 1.8137001 1.7883551 1.8336159 1.8580265 1.3688625 1.5146384 1.8351301 1.5411324 1.3259843 1.3950675 1.4138867 1.4482162 1.6210178 1.4178729 1.5920468 1.5864584 1.9449626 1.5832915 1.6346993 1.6124148 1.5717186 1.5164724 1.9412197 1.6178118 1.4676323 1.7319330 1.5565785 1.4949407 1.6165195 1.2810955 1.4733749 1.2859780 1.5284580 1.7827401 1.8252781 1.6652088 1.9405125 2.0451586 1.8311011 1.7939390 1.6113974 1.8734360 2.2392413 1.7202028 2.3153484 2.9478745 1.7114167 2.4237080 2.9057103 
Tetwil_g4825.t2                                                      2.0577582 1.3079902 1.9072697 1.9827438 2.2534173 2.0278755 2.1150661 1.4178172 2.1967965 1.5208774 2.1452036 2.0462506 1.9289604 0.7046021 0.6481191 0.0161693 0.0000000 0.4805141 0.9700544 0.9669836 0.9366614 0.9874923 0.9568232 0.6850865 0.6957071 1.0828975 1.2506882 2.1251524 2.3253943 1.9910690 1.7921347 1.9717831 1.4928173 1.5700635 1.5103156 2.1176290 1.9401064 2.0798487 3.0504105 2.9471219 1.5324682 1.6146660 1.4397776 1.4953000 1.4546266 1.4820596 1.5657294 1.6653821 1.8037863 1.8591708 1.8738433 1.8029341 1.8483932 1.8585526 1.4067551 1.4469832 1.8812177 1.5320846 1.4451051 1.3593644 1.4391942 1.4248694 1.6512873 1.4195842 1.5468081 1.5824336 1.8772088 1.5580926 1.6336160 1.5973395 1.5935082 1.5311641 2.0889878 1.6579249 1.4673328 1.8518920 1.6089539 1.5098876 1.5826171 1.2701673 1.5275824 1.2625098 1.7547570 1.8588093 1.7435883 1.7149486 2.0616021 2.3776455 1.9847378 1.8158878 1.7431798 1.9200346 2.4925290 1.7201380 2.6347694 3.0322819 1.6119936 2.7121492 3.1387498 
Stycar_snap_masked-SC_scaffold1285-processed-gene-0.5-mRNA-1         1.1038947 1.1733446 1.3102208 1.4096121 1.2313085 1.2922776 1.4095943 1.5285661 1.5732790 1.7310930 1.4539359 1.3632186 1.3865249 0.0000010 0.0000010 0.5139646 0.4805141 0.0000000 0.5400428 0.7483933 0.6970957 5.1360489 0.5927746 0.6246301 0.7653695 0.6498377 0.0000010 1.0178825 1.1051843 1.0653288 1.0930230 1.3030900 1.0145082 0.0000010 0.0000010 1.0334963 1.0765582 1.3725964 0.0000010 0.0000010 1.0424767 1.1693502 1.3156372 1.3268109 1.2331710 1.1770961 1.1228017 1.4039855 0.0000010 0.9260542 0.0000010 0.0000010 0.0000010 0.0000010 1.0949562 1.3525255 1.2161413 1.3786327 0.0000010 1.5579259 1.6339585 1.3556771 1.5610010 0.0000010 3.9918727 0.0000010 1.6224002 1.5096896 0.0000010 1.7106480 0.0000010 1.3613498 1.7485241 0.0000010 1.2806499 1.3880884 1.0963939 1.1451026 1.6832358 0.7614216 1.2895157 0.0000010 1.8990263 1.2859078 1.5595011 1.1797276 2.0339362 1.9993091 1.9685220 2.8572832 1.1099156 1.0391575 1.5528753 2.2140801 1.4416509 0.0000010 1.9794841 0.9866262 1.2147046 
Xestes_maker-XT_scaffold2670-augustus-gene-0.21-mRNA-1               2.1771353 1.2434247 2.0297448 2.0687442 2.2517666 1.8938830 1.9596218 1.6247496 2.0379581 1.8247443 2.1004444 2.0503451 2.0802717 0.7879801 0.9749995 0.9103403 0.9700544 0.5400428 0.0000000 0.5459684 0.9373820 1.0716159 0.9830145 1.0681768 1.1245212 0.6851194 0.7903179 1.7036136 1.8656529 1.6969904 1.6609323 1.6901201 1.3801773 1.5364584 1.4643684 1.9632215 1.6540588 1.7188155 2.3991693 2.4537303 1.5850072 1.3593303 1.3926923 1.4765650 1.3918211 1.4205648 1.5802845 1.6009098 1.5703106 1.7962018 1.8769694 1.8245058 1.8245058 1.9151080 1.3732970 1.4407687 1.5975082 1.5347051 1.6282431 1.3035344 1.5460559 1.3811278 1.5325823 1.4819089 1.6211444 1.5520471 1.7203233 1.6067464 1.5802031 1.5895072 1.4940289 1.5398127 1.6456193 1.7612084 1.4080561 1.5869791 1.6745478 1.4739058 1.6473535 1.3339669 1.4168951 1.3023713 1.9492038 1.8464705 1.7091454 1.5801509 1.8230292 1.8075754 1.8454550 1.9207827 1.6119906 1.8764397 2.1916077 1.8281886 2.3038644 2.8999389 1.6929298 2.1908547 2.7043176 
Halamb_c53737_g2_i1m.36339                                           2.2433402 1.3614366 1.9671942 2.0579165 2.2437420 1.8871896 1.9681649 1.5833678 2.1726172 1.8310619 2.1880000 2.1226550 2.1288335 0.7316917 0.9830279 0.9729304 0.9669836 0.7483933 0.5459684 0.0000000 0.9753767 1.1034231 0.9747374 1.0474131 1.1200216 0.6355997 0.6704018 1.7306176 1.8420746 1.7341327 1.6174030 1.7269713 1.3922313 1.4530838 1.3995586 2.0933040 1.6471556 1.7511602 2.2702335 2.3565022 1.5504312 1.5360031 1.4827517 1.5450315 1.4657437 1.4630882 1.6020648 1.6092495 1.5811153 1.6330800 1.7178262 1.7795918 1.7830691 1.7874156 1.4650422 1.4670898 1.6912447 1.6007501 1.4195176 1.3898384 1.4381337 1.4231552 1.6266795 1.5007629 1.5537919 1.5425082 1.5301745 1.4604451 1.5265711 1.5837651 1.4513624 1.4917034 1.5757366 1.9273188 1.5808941 1.7507688 1.7037450 1.5350387 1.6054476 1.3941572 1.4657672 1.3882779 1.8791804 1.8391012 1.8725234 1.6898298 1.9120536 1.8578230 1.8089553 1.8988027 1.6717780 1.9396743 2.2057349 1.7970394 2.2810040 2.6700797 1.7665294 2.2442803 2.6865447 
Emue_Em0019g632a.t1                                                  1.9648730 1.3519332 1.9207139 2.0553476 2.0104240 1.8808269 1.9649969 1.3663833 2.0337304 1.3719385 2.0147366 1.9961792 1.9497495 0.8289625 0.7276055 0.8971204 0.9366614 0.6970957 0.9373820 0.9753767 0.0000000 0.0297416 0.2410218 0.8826686 0.9164551 1.1235880 1.2896253 1.7306672 1.8425701 1.7021082 1.5494512 1.7147997 1.2626049 1.3237075 0.8341309 2.2136223 1.6961243 1.7286886 2.4360776 2.6943597 1.3212036 1.3186604 1.3055741 1.3572402 1.3220049 1.3247332 1.4432877 1.4015391 1.5312442 1.4219965 1.5933005 1.4802881 1.4926808 1.4906036 1.2464921 1.3067357 1.6770304 1.3581184 1.1838774 1.4207522 1.2811010 1.4032081 1.3909752 1.4986902 1.4409332 1.4002040 1.6395306 1.5513162 1.5418626 1.5448862 1.4337357 1.4885973 1.6756564 1.8214198 1.4696279 1.5672498 1.4589766 1.4150704 1.5862579 1.2211019 1.2828017 1.2007291 1.5808906 1.6920494 1.6331070 1.4644882 1.7063487 1.6039981 1.6530356 1.5986744 1.6080871 1.6583607 2.0724627 1.6203922 2.0611536 2.4405857 1.5508575 2.2363695 2.4592300 
Emue_Em0666g3a.t1                                                    2.7523728 1.4899894 2.2878948 2.4865068 2.2776697 2.1186151 2.1871708 1.1456272 2.4395026 1.1197890 2.3762139 2.3234248 2.2835701 0.8289625 0.7730746 1.0122498 0.9874923 5.1360489 1.0716159 1.1034231 0.0297416 0.0000000 0.2990247 0.9776621 1.0021434 1.2539863 1.3031366 1.9445154 2.0842492 1.9449147 1.7666590 1.8051072 1.3600645 1.4357729 0.8341309 2.7256151 1.9014443 1.8076130 2.6901000 2.6438557 1.4423556 1.1769632 1.2813012 1.3825612 1.3446692 1.3943100 1.6074405 1.4368405 1.5312442 1.5388912 1.6349361 1.5371200 1.5501237 1.5157604 1.3584083 1.3685403 1.8284468 1.4419978 1.1949037 1.2458589 1.0738523 1.3498881 1.2800574 1.4918372 1.4178682 1.4507085 1.5468243 1.5077558 1.5634605 1.5467232 1.4414881 1.3817303 1.3275003 2.1010321 1.5506088 1.6177244 1.6141948 1.5732480 1.6068369 1.2910736 1.2985597 1.1904991 1.5521843 1.8913067 1.6243870 1.6003600 1.6413459 1.6206582 1.6183325 1.4868718 1.7743056 1.6958700 2.3961016 1.5254416 2.0755845 2.4405857 1.4962540 2.4711618 2.5818315 
Spolac_c103916_g1_i1_m.36994c103916-g1                               1.9069195 1.2324965 1.9244607 2.0061646 1.8993953 1.8360213 1.8964504 1.3167550 1.9057697 1.3199758 1.8658167 1.8493991 1.8558734 1.3107627 0.7537577 0.8907489 0.9568232 0.5927746 0.9830145 0.9747374 0.2410218 0.2990247 0.0000000 0.8831981 0.9126456 1.1641982 1.3458994 1.6509254 1.7940463 1.6045385 1.5016849 1.6551044 1.1991843 1.2767744 0.8790660 2.0967484 1.5911017 1.6313970 2.4611909 2.6738352 1.3101492 1.2905918 1.3061157 1.3552259 1.3196481 1.2645073 1.4587454 1.4336277 1.5447141 1.3998601 1.6139614 1.5669632 1.5669632 1.4917146 1.1927526 1.2830055 1.6157073 1.3490446 1.2934895 1.2973094 1.1734228 1.3724199 1.4061455 1.5398925 1.4982310 1.4363789 1.5864198 1.5189491 1.5616938 1.5489183 1.3776230 1.4424216 1.5850472 1.7278231 1.3488790 1.4479361 1.3859818 1.3000525 1.4776220 1.2147037 1.2032488 1.1469781 1.5871420 1.6160240 1.6236905 1.4525161 1.7097959 1.6486708 1.6148837 1.6240546 1.4835927 1.7795271 2.0545221 1.5442548 2.0315830 2.3157396 1.5367772 2.0980790 2.3820499 
Stycar_maker-SC_scaffold41191-snap-gene-0.29-mRNA-1                  2.2372203 1.3515978 2.0544432 2.1399298 2.2583736 1.8606125 1.9509926 1.6626589 2.2876734 1.9115629 2.1647107 2.1240713 2.0830501 0.7496939 0.6553311 0.7061669 0.6850865 0.6246301 1.0681768 1.0474131 0.8826686 0.9776621 0.8831981 0.0000000 0.0500613 1.1886716 1.3659563 1.8440796 1.9606550 1.7749643 1.6675429 1.7169937 1.4814705 1.4730031 1.4818548 2.1939236 1.6984389 1.9616779 2.7348178 2.8699358 1.4826349 1.3599485 1.4064729 1.4688850 1.4118468 1.4660867 1.5215610 1.6322886 1.7591739 1.7084091 1.8963463 1.7221151 1.7379235 1.7184075 1.3050293 1.4302396 1.7906305 1.4854819 1.7663105 1.3403556 1.4666772 1.5810913 1.6046797 1.5271680 1.6750782 1.5829250 1.7796099 1.6354781 1.5878724 1.5392494 1.4695154 1.5841642 1.8378071 1.6827546 1.5292203 1.7989472 1.4641810 1.4429783 1.5182478 1.3454985 1.4547506 1.3842981 1.6458495 1.9711839 1.7994283 1.6081791 1.8163200 1.9368759 1.8939520 1.6317913 1.6504221 2.0140268 2.2418234 1.6229645 2.5543906 3.5858599 1.7450435 2.5547344 2.7358068 
Stycar_maker-SC_scaffold144439-snap-gene-0.51-mRNA-1                 2.2589310 1.4117692 2.0796860 2.1777141 2.3561796 1.9107536 1.9889466 1.6625661 2.3340157 1.8617031 2.2298923 2.2001694 2.1307728 0.7520558 0.6591272 0.7402870 0.6957071 0.7653695 1.1245212 1.1200216 0.9164551 1.0021434 0.9126456 0.0500613 0.0000000 1.2355107 1.3750253 1.9232585 2.1439735 1.8962784 1.7193823 1.7659243 1.4827433 1.4992299 1.4779382 2.2350991 1.7643212 1.9334138 2.7203605 2.9492306 1.5281713 1.3712270 1.4300132 1.5053805 1.4385211 1.5121225 1.5165971 1.6543791 1.7577050 1.7535659 1.9183582 1.7544555 1.7699364 1.7793169 1.3138204 1.4360798 1.7962758 1.5150189 1.7550746 1.3335530 1.4655909 1.5503283 1.5722205 1.5756672 1.7018630 1.6000890 1.8646543 1.6571912 1.6420670 1.5865401 1.5050433 1.6578238 1.8769565 1.7587389 1.5594603 1.8923265 1.5424871 1.4752887 1.4986024 1.3632724 1.4661794 1.4103584 1.6749869 2.0381548 1.8017138 1.6325385 1.8479962 2.0976694 1.9401859 1.6783900 1.6802925 2.0857071 2.2712679 1.6355936 2.7074625 3.6748287 1.7436862 2.6528712 2.7277927 
Aque_Aqu2.1.38338_001                                                2.4571948 1.4317465 1.9697032 2.1148770 2.3341336 2.0813163 2.1109383 1.7389277 2.2470701 1.8998764 2.3594959 2.3091304 2.3066474 1.1352643 1.2199299 1.0709718 1.0828975 0.6498377 0.6851194 0.6355997 1.1235880 1.2539863 1.1641982 1.1886716 1.2355107 0.0000000 0.0318742 1.6846102 1.8444775 1.6497154 1.6294763 1.7480525 1.4937727 1.5752036 1.6345382 2.0394713 1.7192691 1.7020008 2.2125672 2.4763160 1.6629986 1.4676690 1.6281091 1.5939097 1.5531687 1.5704774 1.6298104 1.7542289 1.5544896 1.8971542 1.9366092 1.9375984 1.9412923 1.9269561 1.5285249 1.5896881 1.8224888 1.6598916 1.3816253 1.4234898 1.5254745 1.4804889 1.7005655 1.6175932 1.6243963 1.5893071 1.8166185 1.6234531 1.6662634 1.7291565 1.4850789 1.6351801 1.7973762 2.1107871 1.6653941 1.7935033 1.7653462 1.6273528 1.7166952 1.5103381 1.6575671 1.5769653 1.8988101 1.8642025 1.9423264 1.7990886 2.0045107 1.8515012 1.9331806 1.8477059 1.6545077 2.0627693 2.0941121 1.8537761 2.3081054 2.2397771 1.8331535 2.4462563 2.6891837 
Aque_Aqu2.1.00268_001                                                3.2365967 1.2531735 2.1163321 2.3016343 2.2590052 2.4341938 2.4742154 1.8206158 2.2740130 1.7617078 2.4094944 2.4690515 2.3960859 0.0000010 1.3949497 1.2247937 1.2506882 0.0000010 0.7903179 0.6704018 1.2896253 1.3031366 1.3458994 1.3659563 1.3750253 0.0318742 0.0000000 1.7722126 1.8002889 1.5239703 1.6127468 1.6944133 1.7245734 2.0966073 1.4928273 2.2273467 1.6936274 1.6380315 2.1583257 2.8406749 1.8311213 1.5008494 1.8400573 1.8081778 1.7572643 1.7560567 1.7665129 2.0276034 3.4562205 2.0262176 2.0300867 1.9375054 1.9375054 2.1328883 1.6122288 1.6568749 1.8801615 1.7678777 1.3909845 0.6645321 1.2138866 1.4739335 1.8566049 1.7124919 2.1149644 1.8592854 1.7199558 1.8063166 2.0834948 1.9074634 1.8010825 1.5421678 1.7040142 1.6179258 1.7100388 1.7996215 1.8173850 1.6640420 1.8389240 1.6065346 1.7394750 1.5628817 1.8072021 1.6310017 2.2869474 2.2102759 2.2611481 1.5950300 1.3591369 2.3975476 1.8426222 1.9915952 2.1872569 1.9283004 2.3791560 0.0000010 1.8315946 2.2539823 2.1907306 
Fspp_ffun1.m4.18391.m1                                               2.2913501 1.2172321 1.7216370 1.7231216 1.8856106 1.6231635 1.5251285 1.2483822 1.8452982 1.4330083 1.7621179 1.6717161 1.6273662 2.6654959 2.6169208 1.9215533 2.1251524 1.0178825 1.7036136 1.7306176 1.7306672 1.9445154 1.6509254 1.8440796 1.9232585 1.6846102 1.7722126 0.0000000 0.3381064 0.4446860 0.4302404 0.5742479 1.7459255 2.8566941 0.8115402 0.8371205 0.5769256 0.7903358 1.0441527 1.2600141 1.8662623 1.2759852 1.7196042 1.8184459 1.7057689 1.7949999 1.7388772 1.8998411 3.0015136 2.1282993 2.6957647 3.1247656 3.1892657 3.4371309 1.8825105 1.7506294 1.7062972 1.9016774 1.5145745 1.2109242 1.2065861 1.8349819 1.1465627 2.4969680 2.2836971 2.3473863 1.3431796 1.8045039 2.4511778 1.9291628 2.4021324 1.1581728 1.2410436 3.1795345 1.8927084 1.3930996 2.2584663 1.9414653 2.1259418 1.4353298 1.4261102 2.6994513 2.0886641 1.5707147 2.2289685 1.9977682 2.2783559 1.5611695 1.6649280 2.9383592 1.7842655 2.3817531 1.8968452 2.3265584 1.9524862 2.1726806 2.2716868 2.0011742 2.8952626 
Fspp_ffun1.m4.18392.m1                                               2.9275543 1.2225287 1.8670572 1.8531218 1.9045285 1.7677532 1.6667651 1.1509812 1.9021654 1.3863535 1.8122173 1.7669629 1.7488619 2.4441955 2.5122198 2.0235287 2.3253943 1.1051843 1.8656529 1.8420746 1.8425701 2.0842492 1.7940463 1.9606550 2.1439735 1.8444775 1.8002889 0.3381064 0.0000000 0.5215439 0.5219820 0.6720418 1.9313713 2.6511887 1.0713985 0.9942901 0.6782434 0.9681145 1.1226200 1.3066605 1.8490744 1.2299946 1.6976779 1.8172792 1.6578652 1.8317099 1.8685698 2.0132639 2.9163914 2.1935962 2.7140340 2.8590464 2.9374028 3.0433942 1.8760836 1.8142432 1.8948961 1.9202231 1.7768989 0.9889576 1.1372927 2.0180511 1.3821060 2.2168169 2.1253706 2.2152695 1.5654743 1.9317983 2.3160558 1.9666730 2.2047890 1.2517209 1.3873612 2.7727712 2.0534088 1.4963572 2.2707123 2.0369414 2.1137075 1.4389282 1.5417355 2.3872517 1.8891742 1.6990630 2.5652080 2.1852049 2.1929458 1.2979480 1.6892348 2.7101176 1.9181097 2.3532817 2.0007980 2.1368737 1.8870703 2.5499134 2.2252782 2.0814655 2.9250344 
Gasp_gasp1.m3.8660.m1                                                2.0446995 1.1932389 1.7148481 1.6832459 1.7602446 1.6264731 1.5742379 1.3093267 1.9654030 1.5626591 1.8307108 1.7848703 1.7990188 2.8008005 2.4892454 1.8147029 1.9910690 1.0653288 1.6969904 1.7341327 1.7021082 1.9449147 1.6045385 1.7749643 1.8962784 1.6497154 1.5239703 0.4446860 0.5215439 0.0000000 0.1028704 0.5809173 1.6688497 2.6640132 0.7626144 0.8325064 0.5862598 0.8160829 1.0701298 1.3202909 1.7863752 1.2472852 1.6800804 1.7479008 1.6719635 1.7235578 1.6967189 1.8170053 2.7363204 2.0259010 2.5548230 2.6226462 2.7106575 2.7446172 1.6931667 1.6410623 1.6411551 1.8169657 1.5345648 1.2915991 1.2180942 1.7618630 1.2708073 2.4163175 2.2837974 2.4166668 1.4650344 1.8336362 2.2887070 1.8161916 2.2986467 1.1288570 1.3232961 2.7800444 1.8309684 1.3988463 2.2386568 1.9892398 2.0002332 1.3612278 1.4185673 2.2755942 2.1510117 1.4985194 2.2570828 2.0520268 2.3707934 1.6158949 1.7004461 2.8242030 1.7650233 2.2964693 1.8259969 2.1929384 1.8547623 2.0413826 2.2329920 1.9846963 2.7099258 
Gasp_gasp1.m3.8659.m1                                                2.0051705 1.2706366 1.6774126 1.6620400 1.6699310 1.4939430 1.5191772 1.3571093 1.9520250 1.5639732 1.8126173 1.7437254 1.7379737 0.0000010 2.3125528 1.6866441 1.7921347 1.0930230 1.6609323 1.6174030 1.5494512 1.7666590 1.5016849 1.6675429 1.7193823 1.6294763 1.6127468 0.4302404 0.5219820 0.1028704 0.0000000 0.5453779 1.5057879 2.6859266 0.7361615 0.8519532 0.5601882 0.7653313 1.0519563 1.4108431 1.7193418 1.1638621 1.5910752 1.6927299 1.5935890 1.6869479 1.5917885 1.7746497 3.1031824 1.9503536 2.4076108 2.8035340 2.8035340 2.9567209 1.6127670 1.5054800 1.5817242 1.7188673 1.5607651 1.2788297 1.1612150 1.6816520 1.2400637 2.7479797 2.4632931 2.5365816 1.4513003 1.7310522 2.4342948 1.8528615 2.5038937 1.1213922 1.3015403 2.2591283 1.7082626 1.3907986 2.1531902 1.8993078 1.9343371 1.2263577 1.2793275 2.7353159 2.1166015 1.3534291 2.0861385 1.9533877 2.3328483 1.7140846 1.4644976 2.9081227 1.6451203 2.2661256 1.9719800 2.1120291 1.8153311 0.0000010 2.1566715 1.9270807 2.3303211 
Gfas_gfas1.m1.1438.m1                                                2.2557217 1.3268098 1.7103422 1.7107111 1.8621283 1.5434698 1.5016802 1.3247123 1.8833695 1.5091752 1.7793428 1.8004505 1.7951913 2.8463504 2.2372819 1.8498753 1.9717831 1.3030900 1.6901201 1.7269713 1.7147997 1.8051072 1.6551044 1.7169937 1.7659243 1.7480525 1.6944133 0.5742479 0.6720418 0.5809173 0.5453779 0.0000000 1.6204915 2.4453328 0.7839553 0.9055312 0.6152667 0.6495306 0.7506294 0.9040578 1.6265462 1.1730061 1.6447186 1.7329200 1.6154868 1.6620514 1.5872452 1.7082249 2.6381394 1.9028485 2.3100767 2.4775896 2.4775896 2.5212391 1.5845609 1.5908191 1.6404290 1.7279994 1.5511916 1.2483662 1.1103358 1.6786946 1.1609970 2.3063304 2.0446090 2.0710691 1.4375911 1.7347355 2.1463667 1.7904140 2.0637017 1.1129772 1.2292979 2.9961400 1.7609976 1.3385236 2.0337099 1.8405807 1.8681208 1.2602537 1.3395571 2.3380729 2.1428322 1.4958018 1.9967863 1.8122857 2.1241092 1.5186266 1.5915790 2.3779745 1.6832057 1.8917925 1.8630039 2.1554195 1.7704290 1.9600665 2.0756249 2.0410298 2.6126531 
Opea_EP00118_Oscarella_pearsei_P003672                               2.3316949 1.3104828 1.9608923 2.0179727 2.2192819 1.9608578 1.8651727 1.4037808 2.2369512 1.6251301 2.2163297 2.2247839 2.0792856 2.1805055 1.4407548 1.4560545 1.4928173 1.0145082 1.3801773 1.3922313 1.2626049 1.3600645 1.1991843 1.4814705 1.4827433 1.4937727 1.7245734 1.7459255 1.9313713 1.6688497 1.5057879 1.6204915 0.0000000 0.0000010 0.0210122 2.2231902 1.7035420 1.5742614 2.2847709 2.3997475 1.3182032 1.0486628 1.3163190 1.3496501 1.2960995 1.3391342 1.4464296 1.6012507 1.6917214 1.6782992 1.7363534 1.8438637 1.8920219 1.9560552 1.2393497 1.3043658 1.4971108 1.4560805 1.4549278 1.4402499 1.4028389 1.3799845 1.3766149 1.5787088 1.6834163 1.7411824 1.6837099 1.6373510 1.6189124 1.5746846 1.5953916 1.4719339 1.4789778 1.9226083 1.3602145 1.1978327 1.4988397 1.3410826 1.5710593 1.4323659 1.4548819 1.2620189 1.6457766 1.9156386 1.6172481 1.4611240 1.6415846 1.6711274 1.4276457 1.9470391 1.6751407 1.8376665 2.0840760 1.2363183 2.2647410 2.9318616 1.7486278 2.1407413 2.5874457 
Ocar_g5752                                                           2.9901259 0.0000010 2.7643797 3.2371184 2.9261806 3.0040815 2.6532279 0.0000010 3.3198428 8.9999988 3.6451374 3.5166006 3.1681639 2.1805055 1.3966796 1.5610648 1.5700635 0.0000010 1.5364584 1.4530838 1.3237075 1.4357729 1.2767744 1.4730031 1.4992299 1.5752036 2.0966073 2.8566941 2.6511887 2.6640132 2.6859266 2.4453328 0.0000010 0.0000000 0.0000010 2.8096975 2.7935139 2.2008352 2.6057000 2.4802983 1.4482595 2.0986099 1.3703577 1.3242466 1.3272556 1.3366375 1.5399394 1.8420232 1.6917214 1.8109620 1.7067284 1.7753983 1.8321919 1.8659214 1.3051200 1.4833222 2.0145749 1.4663369 0.0000010 0.0000010 0.0000010 1.4318811 1.2670186 1.5493336 1.4555987 1.5788841 0.0000010 1.4984535 1.4770862 1.4525204 1.4918074 1.1188126 1.4765201 1.9226083 1.5685188 0.0000010 1.5456269 1.5008006 1.5322560 1.6394105 1.6335750 1.2808683 1.8188136 2.5844566 1.5775352 1.5553862 1.5037794 0.0000010 2.8007721 1.7945654 2.0167773 2.1859502 3.1541515 0.8577181 3.3263531 2.9318616 1.4784304 3.1577914 4.1865305 
Ocar_g5753                                                           3.6113195 1.2119599 1.4990275 1.3127618 1.4072204 1.1311634 1.2622370 1.1602508 1.3736673 1.3354776 1.2469139 1.2947283 1.2280608 0.0000010 2.7209669 1.5922390 1.5103156 0.0000010 1.4643684 1.3995586 0.8341309 0.8341309 0.8790660 1.4818548 1.4779382 1.6345382 1.4928273 0.8115402 1.0713985 0.7626144 0.7361615 0.7839553 0.0210122 0.0000010 0.0000000 2.8621564 0.8301556 0.8800358 0.7834981 0.5721468 0.9394160 0.9224963 0.8775700 1.0269352 0.9357174 1.0567946 1.1291474 0.9383084 0.0000010 1.1509488 1.6472928 2.8072794 2.8072794 2.8305121 1.1516230 0.9702453 1.0223493 1.1493979 1.4409146 0.9940146 0.8978744 0.9785055 1.3212075 4.1439993 0.6635725 0.7132496 1.4899064 1.3547236 0.8659713 1.1237472 0.5118421 1.3306522 1.1525179 0.0000010 0.9187059 0.9178269 1.4788529 0.9901468 1.5427363 1.2305589 1.1269094 0.4886027 1.5770108 1.3750133 1.3470393 1.2283627 1.3346766 1.7195072 1.1910186 1.9013546 1.1764604 1.1122480 1.2148250 1.6373271 1.2998232 0.0000010 1.4608743 1.0603049 1.0102912 
Spis_XP_022801753_1                                                  2.1453125 1.9432180 2.1725128 2.0791078 2.6504990 2.1465883 2.0483085 1.8409434 2.4569790 2.0938799 2.3432811 2.2912099 2.1731397 2.3871898 2.4059923 2.1458039 2.1176290 1.0334963 1.9632215 2.0933040 2.2136223 2.7256151 2.0967484 2.1939236 2.2350991 2.0394713 2.2273467 0.8371205 0.9942901 0.8325064 0.8519532 0.9055312 2.2231902 2.8096975 2.8621564 0.0000000 0.2256320 1.0762566 1.0429343 1.2756920 2.6812482 2.0222558 2.3089971 2.2132981 2.2622952 2.1883151 2.2329427 2.4787994 3.1937415 2.9675833 3.0362218 2.9467890 3.0433992 3.0432907 2.3432734 2.1382273 2.2943419 2.4276897 4.4025393 2.0041287 2.0520437 2.2541572 1.8022693 2.6691446 2.5274131 2.6249502 1.8449109 2.4550897 2.7809240 2.5198179 2.8364460 1.6509867 2.0749778 2.9215853 2.1815176 1.9678648 2.9123412 2.1666583 2.5560991 1.9370951 2.1144934 2.8212259 2.7683735 1.7444596 2.3577779 2.3906120 2.6856185 5.4829220 2.0775357 2.8704008 2.2498256 3.1535648 2.5555534 2.9722034 2.5777649 2.3160979 2.6241349 2.6867416 4.8055960 
Pocdam_XM_027186676.1                                                2.1837308 1.1965401 1.7701200 1.7031362 1.8925220 1.6439185 1.5980817 1.2109542 1.9209599 1.4332876 1.7867791 1.8119976 1.7392775 2.2300758 2.4159395 1.8261901 1.9401064 1.0765582 1.6540588 1.6471556 1.6961243 1.9014443 1.5911017 1.6984389 1.7643212 1.7192691 1.6936274 0.5769256 0.6782434 0.5862598 0.5601882 0.6152667 1.7035420 2.7935139 0.8301556 0.2256320 0.0000000 0.8303257 1.0147920 1.1575074 1.8414174 1.1461592 1.6575087 1.7589678 1.6691476 1.6904624 1.7175440 1.8086995 3.0651905 2.0137080 2.5189981 2.9303031 2.9990594 3.1371417 1.7407941 1.5827901 1.7465539 1.8446632 1.5366298 1.1824279 1.1715201 1.7257594 1.1955060 2.5107059 2.4036279 2.4697913 1.2377674 1.9079683 2.6185597 1.9822812 2.7244379 1.1303392 1.1979157 2.7634621 1.7719702 1.2314493 2.1086579 1.7357097 1.9648023 1.3360516 1.4925407 2.5176464 2.0124409 1.4520945 2.1473805 1.8918893 2.1961269 1.3380849 1.5902406 2.6273841 1.7633019 2.1386916 2.0552875 2.3094707 1.8509027 2.4718689 2.1595147 1.8862225 2.8970028 
