93
Spis_XP_022778538_1                                     0.0000000 8.8485966 4.7355411 2.2095286 0.0000010 2.1297265 5.3848071 2.3787250 3.2318206 2.3551393 2.1526052 2.1132975 2.0365710 2.1264860 2.1184000 2.2566372 2.2646356 2.5180489 2.6162501 2.4534988 2.0808906 1.8822419 1.8509968 2.2368062 1.9748748 2.1149877 1.9957860 2.4289142 2.1140972 2.2867675 2.2516260 2.3586151 2.3373083 8.9999983 2.2103957 2.5026476 2.3552872 2.2361083 2.2820986 2.3210904 2.6767105 1.9057342 2.4764432 3.9491173 4.5822328 2.2414112 4.0725080 2.6269143 2.1518326 1.8096306 3.4759721 0.0000010 2.4056227 2.2507736 0.0000010 2.7341569 2.9308926 2.0446089 3.7562895 9.0000000 4.1509674 2.2204978 2.2635032 2.3808290 2.3808290 2.0596189 2.3697479 2.5803269 2.3190472 2.5191977 2.5186427 2.5629089 2.6457595 3.9797123 4.3767013 2.6086850 2.5910658 2.7727725 2.7180259 2.9368999 2.8621080 2.6385929 2.7492709 2.3552257 2.1318925 2.6797393 2.2218622 2.0535912 2.2658300 2.4456921 2.7612635 2.1602040 2.1603595 
Opea_EP00118_Oscarella_pearsei_P005530                  8.8485966 0.0000000 0.2728802 0.3150084 1.1110421 1.6274992 3.0200302 1.7051885 1.5733522 2.6642543 1.6486022 1.6765458 1.8558150 1.7992828 1.8449605 1.8847436 1.9908190 1.6858952 1.7183329 2.3426789 2.0019434 3.0236953 2.5381965 2.1394019 1.8133365 1.6120113 1.8900834 1.6738768 1.6604184 1.9100209 2.2808257 3.2948196 2.2943653 1.9127942 2.2245086 2.1479634 2.3190314 2.2419350 2.2345831 2.4522664 4.1360676 1.8328679 2.7306736 3.1821509 3.5628050 3.0297458 3.7233360 2.6368164 2.5516025 3.2629757 1.5972960 2.3035430 2.7621831 6.7036561 2.6123317 2.6221287 6.1987454 1.7882268 2.2347971 2.5584409 2.8667937 2.7253578 2.4490190 5.6198303 6.4261052 5.0552311 2.8276920 3.0036427 3.3777657 3.8758154 5.4662086 3.1845205 3.0151322 3.3077246 3.0358148 5.0693532 9.0000000 2.6658413 2.5687017 5.9096178 5.4759342 3.2201517 3.2181498 7.0761707 2.5999624 2.3710116 2.6436146 2.3497800 2.5070739 3.5221129 3.5457783 3.4088547 3.0634915 
Opea_EP00118_Oscarella_pearsei_P005529                  4.7355411 0.2728802 0.0000000 0.1272833 1.3102589 0.9231785 0.6297099 1.3560821 1.1360590 2.0264110 1.3030522 1.2116321 1.1059338 1.1391203 1.2928613 1.0743227 1.2269014 1.2020609 1.1758805 1.3187246 1.2502925 1.1858309 1.1719950 1.1996347 1.3951784 1.1903964 1.2140290 1.2448709 1.1364416 1.1770790 1.4019081 1.2731736 1.3613328 1.2238468 1.4097594 1.4170805 1.3830901 1.4025194 1.4156175 1.3826192 1.0931309 1.4974379 1.4869125 1.4771803 1.5719797 1.6035603 2.2583618 1.6120953 1.9496360 2.8894331 2.8227484 2.3776426 1.7303532 3.5289852 2.5883664 1.6416059 3.5608991 1.3197064 1.2394945 1.6180467 1.5849458 1.6959611 1.7106343 2.2539147 1.8299842 3.1136311 1.6866642 1.6369257 1.8139140 2.0182530 2.2390634 2.3263560 2.3622367 2.3561169 2.4238659 3.5932599 4.6563487 2.2891161 2.1218867 3.4164927 2.1957915 2.0761387 2.8926044 3.2337995 2.0875510 2.0020561 2.1182330 1.9592425 0.4488026 2.8976977 2.9601700 2.5942540 2.0142776 
Opea_EP00118_Oscarella_pearsei_P005531                  2.2095286 0.3150084 0.1272833 0.0000000 1.3102589 0.6828125 0.6297099 0.9331397 0.9360568 1.0392252 0.9136589 0.9149667 0.7761259 0.8041560 0.8915227 0.8973487 1.0109140 0.9602296 0.9420048 1.0148040 1.0299613 0.9083746 0.9815677 0.8815984 1.0178125 0.9546763 0.9293824 1.0017254 0.9565724 1.0146182 1.0743226 1.0403323 1.0550062 1.2238468 1.1345231 1.1378379 1.1128884 1.1173524 1.1633733 1.1226871 1.1126610 1.1677544 1.1428330 0.9743012 1.6546835 1.1646261 1.7151760 1.2387549 1.3436469 1.1464356 1.2357908 2.3776426 1.3295702 1.2217505 2.5883664 1.3625164 2.4144385 1.1179359 1.2394945 1.8530883 1.5479729 1.5575265 1.5451481 1.7571635 1.6270011 1.8392523 1.6322568 1.5873893 1.6603130 1.8433797 1.9009356 1.9835770 2.0484228 2.2166698 2.3714432 2.1465377 2.2508736 1.9047134 2.0309238 2.1261693 1.7886121 1.8534000 2.3175203 2.1336173 1.9278812 1.9122374 1.8954166 1.7379234 0.1494262 2.4601587 2.4626856 2.3034486 2.0142776 
Morvir_scaffold1494.g1.t1                               0.0000010 1.1110421 1.3102589 1.3102589 0.0000000 0.7789584 0.7894237 0.7604267 0.8489457 0.8945342 0.7388663 0.7154038 0.9316331 0.8826113 0.7935520 1.3996835 1.1561022 1.3435077 1.3435077 1.6965512 1.0497398 2.1075020 1.4903867 1.0381838 1.3347240 1.1740626 1.1508727 0.9337819 0.9278646 1.0587802 1.3956234 2.3428212 1.2798873 1.1253790 1.0850860 1.0818527 1.2691889 1.1469864 1.0844509 1.0286389 1.7538837 1.1902572 1.3975670 2.2333527 4.6374536 2.3131065 0.0000010 2.3451410 1.7244262 0.0000010 0.0000010 1.4885694 1.8169610 0.0000010 2.1776506 1.7210173 5.2507158 1.1689126 1.6202590 2.3113868 2.3963995 1.5521992 1.4257507 3.7953495 8.9999986 0.0000010 2.0058845 1.8519921 2.9922956 1.8672547 3.7953495 2.5946893 2.4369050 2.7541007 2.5932292 0.0000010 0.0000010 2.3334426 2.1018770 0.0000010 3.6568528 3.6935597 4.2635658 2.2333527 2.2684444 2.0150592 2.2267441 2.0477908 1.3231705 3.0976226 2.8304452 2.4161624 2.4441067 
Plajan_Pjan_scaffold22229_01                            2.1297265 1.6274992 0.9231785 0.6828125 0.7789584 0.0000000 0.6608148 0.8730563 0.8817401 0.9506596 0.8324933 0.7867944 0.8132345 0.8743820 0.9001734 0.9979089 1.0534845 1.0688767 1.0687723 1.0715194 0.9505521 0.9622002 1.0469114 0.8818475 1.0300495 0.9953169 0.9546274 0.9176080 0.9820718 0.9298332 1.0486167 1.0712921 1.0281919 1.0497148 1.0887426 1.0497482 1.0729978 1.0597737 1.0319989 0.9920786 1.1775139 1.3153336 1.1012748 1.3052309 1.7422121 1.2622758 2.2151213 1.3029282 1.3539679 1.1921376 1.3793672 1.4252942 1.1882743 1.3864624 1.6061415 1.2419061 2.4885524 1.1957656 1.1134961 1.6854866 1.4745267 1.6880310 1.6613693 2.0007351 1.8391723 2.1768473 1.8606821 1.7249218 1.8438898 1.8983865 2.0373743 2.2463212 2.3017040 2.5339651 2.5927203 2.3236187 2.4889988 2.2102296 2.1716808 2.2084127 1.9726710 2.1643467 2.6531796 1.9696116 2.0312555 2.0567499 2.0755375 1.8383630 0.9209519 2.4758480 2.4287557 2.3378984 2.0109426 
Adig_XM_015895042.1                                     5.3848071 3.0200302 0.6297099 0.6297099 0.7894237 0.6608148 0.0000000 0.1563693 0.1429893 0.3015273 0.4187798 0.3507565 0.2179497 0.3217302 0.3496905 0.4563390 0.6028585 0.6841397 0.6841397 0.7088545 0.7278519 0.6999750 0.7641251 0.5895433 0.5657403 0.6453100 0.6437192 0.7932116 0.6729300 0.5888571 0.6841828 0.8337147 0.7564005 0.7995414 1.2137584 0.9223192 0.9264667 0.9342278 1.0503935 1.0503935 1.1727905 0.8358170 0.6936073 1.1189951 0.9791163 0.8907140 1.3962739 0.9042805 1.1278345 0.0000010 0.0000010 0.0000010 0.8163994 0.0000010 0.0000010 0.5720670 3.8305795 0.9179690 0.7156443 1.3677045 0.8912699 0.9907292 0.9575009 1.1567786 0.8780351 9.0000000 1.0071394 0.9763700 0.8453130 1.0928356 1.4122767 1.6607370 1.6280452 1.5319985 1.6740535 1.6686779 2.7924175 1.5851877 1.3124750 2.0324344 1.4870899 1.2836067 3.7400078 1.9015546 1.1482018 0.9689294 1.2218465 1.0825904 1.0618961 2.2980677 2.4418888 3.0883671 1.2988636 
Amil_Amillepora12694-RA                                 2.3787250 1.7051885 1.3560821 0.9331397 0.7604267 0.8730563 0.1563693 0.0000000 0.0211035 0.0764182 0.3260378 0.3206541 0.3449825 0.3476510 0.2963956 0.5783843 0.9503695 0.8765247 0.8621851 0.9056926 1.0620626 0.8667211 1.0386466 0.6463495 0.9266667 1.0127810 0.9121256 0.9733461 0.8913934 0.8740239 0.9859703 1.0503346 0.8923849 1.1964481 1.1447557 1.1649655 1.1648771 1.1498113 1.1431989 1.0878426 1.3883813 1.1096415 1.0473130 1.4567140 2.1702702 1.2549438 2.3585260 1.2816435 1.2892355 0.9291647 1.1244480 1.2280094 1.0007593 1.0036752 1.4969194 1.0625416 2.1327766 1.1599729 1.2299548 1.8544214 1.3555443 1.5889252 1.5453729 1.6545564 1.7479372 2.0304106 1.7924099 1.7093080 1.7261107 1.7894557 1.7984768 2.2163351 2.2925571 2.5340439 2.8000497 2.2188056 2.4991081 2.0901306 2.1031983 2.1296615 1.9490430 2.1211143 2.6921789 2.1490935 1.9961903 1.8482832 2.0132177 1.8533328 1.0672327 2.5634408 2.6663736 2.7973959 1.8245179 
Adig_XM_015900482.1                                     3.2318206 1.5733522 1.1360590 0.9360568 0.8489457 0.8817401 0.1429893 0.0211035 0.0000000 0.1545700 0.3309862 0.3134986 0.3435067 0.3301157 0.3117741 0.5325285 0.8852617 0.8523328 0.8354084 0.8825610 1.0229277 0.8197623 0.9825283 0.6994084 0.8890270 0.9952321 0.9183311 0.9530062 0.8506534 0.8568017 0.9366214 1.0547878 0.9454646 1.0435146 1.1077809 1.1009757 1.0607805 1.0840197 1.0747858 1.0150032 1.1113116 1.0651638 1.0063383 1.4749661 1.5787271 1.3135428 1.8433528 1.2691855 1.4171894 1.0860098 1.3314639 1.2123222 1.0333198 0.9856469 1.5019968 1.0808231 2.5503484 1.1181230 1.0589243 1.3993086 1.2189341 1.3470753 1.3244906 1.4053634 1.4514064 1.7589696 1.4636122 1.4312958 1.4645561 1.5407772 1.6077919 2.1830562 2.2613771 2.2371852 2.4177688 2.0944750 2.5535753 2.0101581 1.9798635 2.1314842 1.8987753 1.9766165 2.9111187 2.4982157 1.7980825 1.7057163 1.8347911 1.6955483 1.2750438 2.6013925 2.6759797 2.8242498 1.6566075 
Amil_Amillepora12699-RA                                 2.3551393 2.6642543 2.0264110 1.0392252 0.8945342 0.9506596 0.3015273 0.0764182 0.1545700 0.0000000 0.4802662 0.4385998 0.4760051 0.4929155 0.4046253 0.7064259 1.0608192 1.0279541 1.0037365 1.1189080 1.1695060 1.1667564 1.3014661 0.7054131 1.0476174 1.1579931 1.1183956 1.1506207 0.9770127 0.9311874 1.1532584 1.2270352 1.0183344 2.4555255 1.3445156 1.2504361 1.2965855 1.2751745 1.3041995 1.2920055 1.6234374 1.1490833 1.1614961 1.5156478 2.4111344 1.3152131 2.3585260 1.2747879 1.3305168 0.8750654 1.1315754 2.0404317 1.1009415 0.9891314 3.9200975 1.1740331 1.7447626 1.4295191 1.5488541 5.1378440 1.5961083 1.8795226 1.8039980 1.6632648 1.7957409 1.9756787 2.0238150 1.8586937 1.8390712 1.8945096 1.8853345 2.2628088 2.3552860 2.5730361 3.2222617 2.1709145 2.4369439 2.2389790 2.1233409 2.1097018 2.0497639 2.2379412 2.4674924 2.2322370 2.3478517 2.1434842 2.3625086 2.2017866 1.0437868 2.7267161 2.8116999 3.4756469 4.0199682 
Fspp_ffun1.m4.29593.m1                                  2.1526052 1.6486022 1.3030522 0.9136589 0.7388663 0.8324933 0.4187798 0.3260378 0.3309862 0.4802662 0.0000000 0.1376981 0.2401934 0.2173244 0.2076992 0.6348257 0.8357845 0.9067389 0.9040537 0.9323682 0.9659676 0.9066565 0.9968439 0.5994939 0.9396076 0.8538161 0.8493634 0.9064789 0.8206351 0.8632735 0.9136276 0.9201123 0.7780099 1.0368101 1.0505891 1.0503959 1.0607230 1.0447423 1.0242699 0.9600456 1.2155153 1.1692034 1.0570073 1.7494255 2.1874959 1.2055763 3.0653195 1.2694491 1.1869194 1.0105101 1.0534041 1.2922403 1.0399735 1.0661950 1.5168739 1.0947018 1.9325168 1.1439403 1.2943495 1.5523698 1.4183919 1.4941716 1.4585073 1.9504048 1.8730399 1.9491167 1.7700391 1.7605853 1.8170323 1.8104224 1.8468477 2.1662607 2.2336883 2.5991354 2.7877166 2.3698792 2.4680483 2.0422144 2.0481761 2.2020486 1.9317842 2.3031032 2.9083010 2.0076041 2.2101149 2.1195268 2.1531434 1.9445484 1.1961132 2.4443008 2.5947350 2.6748860 1.7308028 
Gasp_gasp1.m3.22408.m1                                  2.1132975 1.6765458 1.2116321 0.9149667 0.7154038 0.7867944 0.3507565 0.3206541 0.3134986 0.4385998 0.1376981 0.0000000 0.2310875 0.2009249 0.2530030 0.5884811 0.8485916 0.8231801 0.8163605 0.9052209 1.0247628 0.8554627 0.9128091 0.5705135 0.8516415 0.8449667 0.8572058 0.8602670 0.8144648 0.8260877 0.9384833 0.9787047 0.7993524 0.9542055 1.0268581 1.0689513 1.0769540 1.0461030 1.0262208 0.9686217 1.2592778 1.0879707 1.0220694 1.5284513 2.0420210 1.1902985 2.4280473 1.2430031 1.1548599 0.9077568 1.0660568 1.3146950 0.9944841 1.0560467 1.5655446 0.9981814 1.9704475 1.1142527 1.1699388 1.6163722 1.3510392 1.4626456 1.4030196 1.7269875 1.7176320 1.9444428 1.7049000 1.6379639 1.6651118 1.7183567 1.7373546 2.2156109 2.2619367 2.6405418 2.6380888 2.0403856 2.2454089 1.9656436 1.9968606 1.9532198 1.8495424 2.2106935 2.5368040 1.8220960 2.0690500 1.9579905 2.0857851 1.9006491 1.1192559 2.5572542 2.6745095 2.6599169 1.8420034 
Spis_XP_022799020_1                                     2.0365710 1.8558150 1.1059338 0.7761259 0.9316331 0.8132345 0.2179497 0.3449825 0.3435067 0.4760051 0.2401934 0.2310875 0.0000000 0.1177754 0.2792705 0.5865290 0.8124726 0.8026186 0.8023885 0.8553874 0.8916239 0.7632750 0.8291480 0.6496279 0.8444301 0.8007937 0.7833630 0.8753690 0.8511296 0.8653378 0.8906898 0.8911455 0.8774910 0.9801194 0.9469839 0.9682554 0.9701541 0.9859398 0.9991924 0.9394590 0.8698944 1.0587051 0.9959284 1.0475517 1.7738430 1.0307881 2.0508210 1.1493006 1.0605575 1.0715584 1.1444454 1.3272127 0.9508311 1.0653049 1.5616548 0.9609972 2.0731735 1.0614428 1.0688933 1.7738946 1.3858846 1.4332529 1.3962654 1.5022860 1.5806286 1.8021308 1.6790509 1.5965768 1.5845208 1.6212449 1.5752899 2.1111948 2.1635018 2.5217397 2.7233496 1.8531668 2.1320610 1.9435915 1.9765500 1.9811499 1.8166588 2.1735397 2.0137994 1.7381466 1.9300129 1.7498796 1.8333597 1.8003902 0.9928032 2.4705766 2.4854676 2.5916535 1.7825276 
Pocdam_XM_027188869.1                                   2.1264860 1.7992828 1.1391203 0.8041560 0.8826113 0.8743820 0.3217302 0.3476510 0.3301157 0.4929155 0.2173244 0.2009249 0.1177754 0.0000000 0.2894054 0.6252612 0.8182500 0.8809060 0.8810294 0.9021880 0.9832252 0.8389204 0.9337121 0.6150264 0.9034866 0.8030163 0.8184896 0.8853892 0.8510545 0.8439184 0.8959604 0.9262547 0.8197806 0.9733709 0.9678273 1.0307255 1.0419582 1.0560805 0.9986506 0.9321432 1.1586194 1.0891789 1.0342984 1.3320260 1.8604750 1.1039696 2.2158533 1.2026528 1.1507695 1.0145757 1.0058261 1.2398159 0.9876867 1.0641222 1.5649242 1.0365034 2.0097361 1.1048969 1.1186977 1.6453924 1.3428076 1.4292713 1.3938265 1.6729346 1.6492815 1.9347395 1.6568556 1.5851738 1.6014215 1.7124080 1.7161138 2.1193658 2.1945822 2.5076284 2.7086282 1.8965093 2.1157660 1.9599492 1.9089101 1.9766550 1.8160883 2.0652578 2.4395238 1.7912823 2.0412323 1.9111559 2.0881801 1.9045558 0.9692732 2.4633032 2.4746833 2.4910418 1.8431173 
Gfas_gfas1.m1.18831.m1                                  2.1184000 1.8449605 1.2928613 0.8915227 0.7935520 0.9001734 0.3496905 0.2963956 0.3117741 0.4046253 0.2076992 0.2530030 0.2792705 0.2894054 0.0000000 0.5797780 0.8300415 0.8397800 0.8393680 0.8766702 1.0205654 0.8319344 0.9614035 0.5975192 0.8536528 0.8219124 0.8275416 0.9569787 0.8658991 0.8332065 0.9582057 0.9613554 0.7973226 1.0302800 1.0588060 1.0329043 1.0285842 1.0124711 1.0698295 0.9936350 1.2572702 1.1527212 1.0139934 1.4315964 1.9189741 1.0850768 2.2762202 1.1842004 1.1612991 0.8433928 1.1592937 1.4589799 0.9853178 1.0093555 1.5745520 1.0596695 2.0871949 1.1606262 1.2465358 1.4938047 1.3370623 1.3601390 1.3426530 1.7072146 1.6620947 1.9464039 1.5751978 1.6380816 1.6276288 1.6919735 1.7826206 2.0554327 2.1997881 2.4630945 2.6007658 2.1619647 2.4671902 1.9683357 1.9522776 2.0531251 1.8473300 2.1710984 2.5865936 2.0157652 1.9909981 1.8639728 2.0177381 1.8932890 1.0471459 2.3710729 2.8525251 2.7474818 1.6773412 
Exapal_XM_028657022.1                                   2.2566372 1.8847436 1.0743227 0.8973487 1.3996835 0.9979089 0.4563390 0.5783843 0.5325285 0.7064259 0.6348257 0.5884811 0.5865290 0.6252612 0.5797780 0.0000000 0.9451478 0.8479486 0.8436057 0.8894592 0.9407705 0.7820433 0.8174136 0.5298814 0.9921370 0.8853297 0.9094653 0.9897889 0.9315639 0.9158774 0.9446877 0.8362529 0.7520865 1.0480261 1.1346838 1.1348023 1.1593534 1.1757229 1.1433124 1.0783068 1.3609525 1.1474053 0.9122786 1.8183811 2.1692971 1.3805195 3.1473555 1.2719188 1.1740991 1.1757520 1.3890685 1.6706399 1.1704446 1.3357972 1.6486497 1.1825087 2.4730934 1.0130205 1.2340249 1.5887043 1.3662131 1.4816201 1.5006771 1.8399789 1.6183640 2.0799364 1.6177819 1.5136593 1.6392416 1.6517417 1.8061844 2.3282005 2.3340993 2.6882726 2.8085533 2.6129470 2.9539776 2.2283277 2.1812860 2.4312861 2.1273830 2.2065710 2.7544842 2.0705623 1.9944493 1.9775994 2.2493259 1.9575153 1.1675977 2.5899935 2.7565758 3.0092444 2.0185978 
Spur_XM_031000391.1                                     2.2646356 1.9908190 1.2269014 1.0109140 1.1561022 1.0534845 0.6028585 0.9503695 0.8852617 1.0608192 0.8357845 0.8485916 0.8124726 0.8182500 0.8300415 0.9451478 0.0000000 1.0827157 1.0599750 1.0737047 1.0325747 0.9713088 0.9800649 0.8958589 0.8156065 0.7475642 0.7467463 0.7329198 0.6288298 0.8890069 1.0336732 1.0251652 0.7987362 1.2311905 1.0848872 1.0050247 1.0494505 1.0097936 1.0794538 0.9927396 1.1348903 1.0865643 1.0874299 1.1846181 1.7591295 1.1500124 1.8728207 1.1330496 1.2521652 0.9699246 1.0627847 1.2266158 0.9457457 1.0984315 1.4083101 1.0397858 1.9480281 1.1815795 0.9190154 1.5995053 1.3740563 1.3592489 1.3928254 1.4606335 1.3777408 1.5260409 1.5153243 1.4699670 1.5742223 1.7128919 1.8958349 2.1377351 2.1681452 2.5512382 2.6680552 2.1975806 2.4242856 2.0843711 1.9723823 2.1763417 1.9374477 2.2003236 2.3380728 1.9143487 1.8525340 2.0166262 2.0476347 1.8070421 1.1434219 2.4896759 2.4031315 2.3203763 1.9112607 
Dgig_XM_028549492.1                                     2.5180489 1.6858952 1.2020609 0.9602296 1.3435077 1.0688767 0.6841397 0.8765247 0.8523328 1.0279541 0.9067389 0.8231801 0.8026186 0.8809060 0.8397800 0.8479486 1.0827157 0.0000000 0.0148052 0.3982922 1.0763578 0.9685138 1.1243240 0.8678638 1.0292121 0.9114497 0.9567932 1.0153735 0.9995410 0.9932068 1.0306748 0.9871500 1.0825458 1.0322599 1.2418018 1.2079848 1.1624603 1.1451643 1.0714610 1.0441459 1.1923063 1.2028730 1.1285988 1.5174565 2.0050803 1.2752399 2.3619725 1.3199061 1.2539584 0.9433237 1.1958016 1.6487934 1.2062231 1.2186655 1.7622521 1.3098369 2.4864556 1.0840264 1.2636427 1.5263209 1.3550304 1.5410452 1.5173502 1.8110945 1.6717217 2.1322203 1.7385763 1.5845259 1.7052146 1.5840566 1.7601317 2.0758909 2.1866198 2.4537933 2.4989024 2.2933778 2.6969480 2.0643302 2.2859334 2.3397934 2.0307291 2.0591222 2.3817941 1.9410704 1.9513729 1.8833173 2.1163024 1.9972526 1.2609642 2.4326968 2.5742247 2.6086555 1.8627591 
Dgig_XM_028563302.1                                     2.6162501 1.7183329 1.1758805 0.9420048 1.3435077 1.0687723 0.6841397 0.8621851 0.8354084 1.0037365 0.9040537 0.8163605 0.8023885 0.8810294 0.8393680 0.8436057 1.0599750 0.0148052 0.0000000 0.3799835 1.0898694 0.9654549 1.1112272 0.8821751 1.0010397 0.8937898 0.9285815 0.9848291 0.9823968 0.9733445 0.9968205 0.9513772 1.0510159 1.0539853 1.2162502 1.1800516 1.1371074 1.1203058 1.0640015 1.0212234 1.1383472 1.1728055 1.0880927 1.3504541 1.9197203 1.2281747 2.1213866 1.2886926 1.2780867 0.9433237 1.1908528 1.6874509 1.1836557 1.2186655 1.7637634 1.2829244 2.4089689 1.0908280 1.2421982 1.5761942 1.3481887 1.5450893 1.5349432 1.7362515 1.6370489 2.0070637 1.7304563 1.5664331 1.6902333 1.6062999 1.7534481 2.0731484 2.1838564 2.4633500 2.5302003 2.2865010 2.6857150 2.0878629 2.2791286 2.2645707 2.0064376 2.0777076 2.2386595 1.8253882 1.8877606 1.8362775 2.0528524 1.9367945 1.2268066 2.4917804 2.6104821 2.6986308 1.8830288 
Xesp_000869-T1                                          2.4534988 2.3426789 1.3187246 1.0148040 1.6965512 1.0715194 0.7088545 0.9056926 0.8825610 1.1189080 0.9323682 0.9052209 0.8553874 0.9021880 0.8766702 0.8894592 1.0737047 0.3982922 0.3799835 0.0000000 1.0252424 0.9531960 1.0805796 0.8200702 0.9820616 1.0086079 0.9638768 0.9722141 0.9948704 1.0153113 0.9217243 0.9752771 1.0828904 1.0589905 1.1570795 1.1314581 1.1242467 1.1064707 1.0870235 1.0642511 1.2025477 1.1052949 1.0532341 1.5420006 2.0549292 1.3133185 2.4666835 1.3005512 1.2819794 1.1229335 1.1508936 1.9343459 1.2912193 1.3730463 1.7254456 1.3624505 2.4727382 1.0885015 1.2714002 1.6598967 1.4075170 1.6148898 1.5827085 1.7656264 1.5752767 2.0020981 1.5847082 1.5362601 1.6210647 1.6266313 1.8723355 2.0713958 2.1459889 2.4956717 2.4900986 2.1571138 2.3449586 1.9891468 2.0590591 2.0890659 1.9719541 2.0165962 2.2152718 1.8349205 1.9350425 1.7997937 2.0568363 1.9775630 1.2961930 2.4378417 2.3614714 2.4704996 1.6365156 
Sanmal_Sma_006109-T1                                    2.0808906 2.0019434 1.2502925 1.0299613 1.0497398 0.9505521 0.7278519 1.0620626 1.0229277 1.1695060 0.9659676 1.0247628 0.8916239 0.9832252 1.0205654 0.9407705 1.0325747 1.0763578 1.0898694 1.0252424 0.0000000 0.6178879 0.7250744 0.9487800 1.0780454 1.1153806 0.9155872 0.9371942 0.9173476 1.0462791 0.9590823 0.8931956 0.9906132 1.1079670 1.0887024 1.1276805 1.0831150 1.0911002 1.1246712 1.0678049 1.1712563 1.3636788 1.0449096 1.3671284 1.9777848 1.3359387 2.2295744 1.2861475 1.4036200 1.1686404 1.3131724 1.6334204 1.3272800 1.5596876 1.6216718 1.1755982 2.2932061 1.3411367 1.2584081 1.7857318 1.5994414 1.3807225 1.4515809 1.6685500 1.5336281 1.8863710 1.5255249 1.5974454 1.5085471 1.7239172 1.7882035 2.0234320 2.0323939 2.3110530 2.3521739 2.0183199 2.2519945 2.0406978 1.9317740 2.0913923 1.7959335 2.0806776 2.4172583 1.7474790 2.0105450 1.8805724 2.2015866 1.9223167 1.2802707 2.4448561 2.2880811 2.5029554 2.1047529 
Nemnom_g10734.t1                                        1.8822419 3.0236953 1.1858309 0.9083746 2.1075020 0.9622002 0.6999750 0.8667211 0.8197623 1.1667564 0.9066565 0.8554627 0.7632750 0.8389204 0.8319344 0.7820433 0.9713088 0.9685138 0.9654549 0.9531960 0.6178879 0.0000000 0.2182988 0.8235237 0.9898778 0.9689306 0.8858366 0.9573931 0.9461497 0.9482470 0.8196633 0.8877987 0.9605055 0.9978653 1.1035550 1.0743613 1.1067704 1.1629103 1.0904215 1.0686528 1.1812398 1.0948382 0.9929502 1.3121016 1.9276144 1.2117377 2.1692666 1.1245981 1.1837020 1.2350353 1.6007959 1.7114851 1.2232838 1.4477984 1.7618421 1.2338342 2.1384184 1.2044503 0.8926833 1.6794817 1.3203360 1.6185510 1.5772485 1.7482333 1.5615053 2.0888583 1.6046104 1.5726146 1.5876428 1.7042118 1.9321240 1.7937827 1.8658848 2.1096493 2.0739474 1.9744193 2.0995514 1.8615747 1.9516554 2.1284668 1.7730798 1.8652886 2.3991264 1.8068311 1.6917318 1.5839448 1.7630110 1.7300728 1.2012586 1.9704570 2.2017472 2.1294312 1.6437409 
Rhoesc_Res_006132-T1                                    1.8509968 2.5381965 1.1719950 0.9815677 1.4903867 1.0469114 0.7641251 1.0386466 0.9825283 1.3014661 0.9968439 0.9128091 0.8291480 0.9337121 0.9614035 0.8174136 0.9800649 1.1243240 1.1112272 1.0805796 0.7250744 0.2182988 0.0000000 0.8902376 1.1393576 1.0550051 0.9725725 1.0481986 0.9829165 1.0089848 0.8851942 0.9198884 0.9991915 1.0030811 1.1374477 1.1497592 1.1497581 1.1578399 1.1437202 1.0721687 1.2137505 1.2194722 1.1149603 1.2080080 1.8711709 1.2518207 2.0523820 1.2644526 1.3428046 1.3335554 1.5620499 1.8988516 1.3956899 1.6651391 1.8831438 1.3058282 2.4392097 1.2741010 1.2158595 1.7849314 1.5299308 1.5768948 1.6395158 1.7123744 1.5987944 1.9486085 1.7148912 1.6734055 1.6915472 1.8047207 1.8900200 2.0334039 2.0884966 2.3455560 2.2268919 2.2444799 2.4850091 2.0070258 1.9094252 2.2990042 1.8899646 1.9674427 2.5016170 1.8900648 1.7889014 1.8790225 1.9341313 1.8018554 1.1496439 2.3475827 2.1607799 2.0590550 1.8916926 
Nvec_v1g158887                                          2.2368062 2.1394019 1.1996347 0.8815984 1.0381838 0.8818475 0.5895433 0.6463495 0.6994084 0.7054131 0.5994939 0.5705135 0.6496279 0.6150264 0.5975192 0.5298814 0.8958589 0.8678638 0.8821751 0.8200702 0.9487800 0.8235237 0.8902376 0.0000000 0.9482539 1.0351236 0.8967664 0.9473683 0.9480103 0.9971254 0.8817211 0.8551032 0.7878459 1.1217050 1.1231923 1.1243632 1.1197345 1.0958005 1.0965373 1.0172003 1.1689060 1.1536366 1.1185553 1.4268669 1.8614947 1.1916048 2.1708600 1.1975811 1.1840973 0.8197543 1.0276664 1.8165486 1.1937402 1.1505195 1.6323613 1.1605833 2.2541737 1.0092707 1.4760873 1.8099028 1.5225733 1.4066847 1.4729336 1.5449503 1.4885532 1.6580858 1.6156219 1.4558373 1.7527863 1.5720382 1.6622245 2.2769905 2.2712928 2.5691423 2.8433031 2.2695736 2.4018968 2.1883174 2.1569016 2.1315988 1.9639228 1.9694377 2.2990572 2.0826610 2.1524350 1.9319469 2.2004739 2.0803882 1.1118621 2.6070642 2.6019169 2.6156117 2.0492810 
Hsap_ENST00000359678                                    1.9748748 1.8133365 1.3951784 1.0178125 1.3347240 1.0300495 0.5657403 0.9266667 0.8890270 1.0476174 0.9396076 0.8516415 0.8444301 0.9034866 0.8536528 0.9921370 0.8156065 1.0292121 1.0010397 0.9820616 1.0780454 0.9898778 1.1393576 0.9482539 0.0000000 0.8260117 0.6960546 0.7736327 0.8827000 0.8743592 1.0676295 1.1320139 1.0246553 1.3308274 1.1963371 1.1625952 1.1201966 1.1462884 1.2117530 1.1861493 1.1756354 1.0341150 1.0574301 1.2855056 1.8080776 1.2483108 2.2056789 1.1883397 1.4109923 1.0399235 1.6016683 1.7927352 1.1775749 1.2987649 1.7719914 1.2163543 2.3361082 1.0185326 1.1765221 1.7345386 1.4394571 1.4140508 1.4215897 1.4136624 1.4105931 1.4809483 1.5183945 1.4779686 1.5800534 1.7771954 1.6703837 2.1982645 2.2198251 2.5571493 2.7469341 2.0069915 2.0662268 2.1059393 2.0910036 2.0294881 1.9603136 2.0450138 2.3769895 1.4708421 1.8599189 1.8733995 1.9869702 2.0062953 1.2182653 2.3710124 2.2273454 2.4939771 2.1527431 
Cgig_XM_011434817.3                                     2.1149877 1.6120113 1.1903964 0.9546763 1.1740626 0.9953169 0.6453100 1.0127810 0.9952321 1.1579931 0.8538161 0.8449667 0.8007937 0.8030163 0.8219124 0.8853297 0.7475642 0.9114497 0.8937898 1.0086079 1.1153806 0.9689306 1.0550051 1.0351236 0.8260117 0.0000000 0.6060783 0.7233096 0.6750535 0.6356101 1.1246749 0.9850431 1.0562005 1.2145488 1.1973226 1.1840124 1.2033324 1.1811066 1.2028502 1.1681966 1.0935920 1.0042672 1.1525634 1.3836832 1.9342160 1.2256262 2.0998400 1.2546481 1.3046426 0.9969843 1.2935147 1.3466690 1.0518896 1.1242683 1.3215430 1.1394982 2.3545996 1.0401485 1.1732464 1.6789817 1.3970358 1.6152197 1.6188291 1.7203679 1.6202481 1.7395023 1.6413102 1.6154150 1.6655854 1.7843732 1.7976559 2.1255237 2.1679273 2.4788946 2.8013341 2.2232695 2.3237107 2.1942699 2.1451873 2.2775106 2.0852432 2.1019351 2.4762051 1.8974501 1.7532320 1.9435768 2.0506073 1.8747143 1.0703442 2.3754934 2.5082070 2.3560428 2.0436630 
Ctel_gnl_WGS_AMQN_CAPTEDRAFT_mRNA180966                 1.9957860 1.8900834 1.2140290 0.9293824 1.1508727 0.9546274 0.6437192 0.9121256 0.9183311 1.1183956 0.8493634 0.8572058 0.7833630 0.8184896 0.8275416 0.9094653 0.7467463 0.9567932 0.9285815 0.9638768 0.9155872 0.8858366 0.9725725 0.8967664 0.6960546 0.6060783 0.0000000 0.6346165 0.7522224 0.7568214 0.9685028 0.9613744 0.8487520 1.1999332 1.1982183 1.1195598 1.1775277 1.1751055 1.1820950 1.1476455 1.3334484 0.9653987 1.0251296 1.5919891 1.9009003 1.1475153 2.3641904 1.2015124 1.2492106 1.0249330 1.1868233 1.1771439 1.0938883 1.2519825 1.4469958 1.1530371 2.3735923 1.0867529 1.2544612 1.6335564 1.5579030 1.4516341 1.3903612 1.5619956 1.5049814 1.5169454 1.4875364 1.5555069 1.6121888 1.7137361 1.7903949 2.1318888 2.1855573 2.5791636 2.6606188 2.1875571 2.2557116 2.1535916 2.0094748 2.1865453 2.0334894 2.0716595 2.7444124 1.7066680 1.7565643 1.9018119 1.9725549 1.8447982 1.2103955 2.4264910 2.1561987 2.4055149 1.8180430 
Bralan_BLAG12000675_1                                   2.4289142 1.6738768 1.2448709 1.0017254 0.9337819 0.9176080 0.7932116 0.9733461 0.9530062 1.1506207 0.9064789 0.8602670 0.8753690 0.8853892 0.9569787 0.9897889 0.7329198 1.0153735 0.9848291 0.9722141 0.9371942 0.9573931 1.0481986 0.9473683 0.7736327 0.7233096 0.6346165 0.0000000 0.7998072 0.7447560 1.0366041 1.0707538 0.9389229 1.1462641 1.1030878 1.0680348 1.0586476 1.0876940 1.0570233 1.0005927 1.0890092 1.0278000 0.9949838 1.1682744 1.7552150 1.0853099 1.8811329 1.0522745 1.2611597 0.8826388 1.0992058 1.1422651 0.9429372 1.0905639 1.2844633 0.9972154 1.9609838 1.0341551 1.1759653 1.6845867 1.4432789 1.3436787 1.3771186 1.3980628 1.3925641 1.4602968 1.4655132 1.3990281 1.4299381 1.8055105 1.7133669 2.0432037 2.0666695 2.3307931 2.5644270 1.8831679 1.9976785 1.8906590 1.9739698 1.7376279 1.7243181 2.1182524 2.3795821 2.0209834 1.9750444 1.9791309 2.2530567 2.0465426 1.1835575 2.4114849 2.3377567 2.0455191 1.9850532 
Skow_XM_002736211.2                                     2.1140972 1.6604184 1.1364416 0.9565724 0.9278646 0.9820718 0.6729300 0.8913934 0.8506534 0.9770127 0.8206351 0.8144648 0.8511296 0.8510545 0.8658991 0.9315639 0.6288298 0.9995410 0.9823968 0.9948704 0.9173476 0.9461497 0.9829165 0.9480103 0.8827000 0.6750535 0.7522224 0.7998072 0.0000000 0.8392961 1.0328333 1.0269691 0.8828454 1.2273346 1.0425344 0.9843169 1.0127200 1.0074886 0.9889034 0.9249585 0.9687259 1.0194500 1.0004221 1.4825601 1.9526928 1.2732630 2.1007956 1.2202988 1.3417843 0.8029938 1.1199152 1.6250891 1.0989210 1.0757484 1.5999660 1.0905920 1.9748771 1.2547289 1.1410757 1.8232739 1.4759352 1.3466654 1.3869192 1.5667245 1.4892712 1.5798091 1.6353639 1.6176462 1.6501012 1.7447365 1.7900377 2.0071710 2.0232001 2.2964573 2.3955715 2.0410355 2.2007265 1.9486603 1.9851864 2.0745322 1.8897742 1.9311986 2.2797342 1.7118835 1.6642306 1.7813154 1.8958966 1.7365413 1.1598519 2.4011502 2.3395383 2.1412203 2.1802996 
Acagra_model.g5913.t1.1.5d3b8479                        2.2867675 1.9100209 1.1770790 1.0146182 1.0587802 0.9298332 0.5888571 0.8740239 0.8568017 0.9311874 0.8632735 0.8260877 0.8653378 0.8439184 0.8332065 0.9158774 0.8890069 0.9932068 0.9733445 1.0153113 1.0462791 0.9482470 1.0089848 0.9971254 0.8743592 0.6356101 0.7568214 0.7447560 0.8392961 0.0000000 1.1593137 0.9412285 0.9892531 1.2453454 1.0993351 1.1145984 1.1321389 1.1213270 1.1235236 1.0649979 1.2474904 1.0225741 1.0896690 1.4981598 1.9721982 1.2091256 2.2361818 1.1322658 1.3248744 1.0068991 1.3689446 1.5203509 1.1199285 1.2077168 1.5257612 1.1279435 2.1932321 1.1225843 1.2088718 1.5282616 1.2080100 1.4108000 1.4224928 1.6983342 1.5665822 1.9115806 1.5150957 1.4809121 1.5768287 1.7885574 1.8570405 2.1785511 2.2475000 2.6249976 2.6517242 1.9140645 2.0172236 1.9815398 1.9120119 1.9533519 1.7474267 2.3148999 2.5484496 1.7375301 1.9094517 1.8383083 2.0240748 1.8175625 1.1602135 2.4358099 2.5287947 2.1927193 1.8131197 
Hvul_g5848_1                                            2.2516260 2.2808257 1.4019081 1.0743226 1.3956234 1.0486167 0.6841828 0.9859703 0.9366214 1.1532584 0.9136276 0.9384833 0.8906898 0.8959604 0.9582057 0.9446877 1.0336732 1.0306748 0.9968205 0.9217243 0.9590823 0.8196633 0.8851942 0.8817211 1.0676295 1.1246749 0.9685028 1.0366041 1.0328333 1.1593137 0.0000000 0.9029368 0.8568775 1.0194277 1.1596162 1.1523504 1.0829122 1.0962473 1.1274534 1.0225385 1.2378790 1.2075493 1.1643057 1.2263623 2.0044067 1.2834610 2.1146596 1.3232059 1.2507203 1.3810244 1.6304476 1.5834441 1.1971261 1.3907175 1.7332240 1.1495375 2.2165989 1.1514187 1.2036807 1.9675068 1.4597801 1.6025452 1.6274702 1.8636341 1.7460693 2.3113124 1.7262583 1.6550150 1.7132209 1.8041315 1.8883842 2.1808112 2.2129685 2.5235907 2.5866646 2.2430125 2.4364859 2.2012836 2.1650591 2.3585634 2.1505503 2.2618244 2.6494335 1.9623369 2.1296072 2.1475867 2.1165454 2.1216801 1.1685384 2.5272011 2.1390821 2.3950207 1.9618086 
Morvir_scaffold70.g9.t1                                 2.3586151 3.2948196 1.2731736 1.0403323 2.3428212 1.0712921 0.8337147 1.0503346 1.0547878 1.2270352 0.9201123 0.9787047 0.8911455 0.9262547 0.9613554 0.8362529 1.0251652 0.9871500 0.9513772 0.9752771 0.8931956 0.8877987 0.9198884 0.8551032 1.1320139 0.9850431 0.9613744 1.0707538 1.0269691 0.9412285 0.9029368 0.0000000 0.9671037 1.1128235 1.1427087 1.1378761 1.1930948 1.1920896 1.1743633 1.1198483 1.2854198 1.3803601 1.0710155 1.4396130 1.9152561 1.2253809 2.2278844 1.2137865 1.3369104 1.1587205 1.5624254 1.7639838 1.2984080 1.4574694 1.8764755 1.3071210 2.2960638 1.1135376 1.1983576 1.7318547 1.4324514 1.6497992 1.6453806 1.9263916 1.6829090 2.0985164 1.6513373 1.7420698 1.7414540 1.7923432 1.7662628 2.2309473 2.2316011 2.6062113 2.6356828 2.4688339 2.6703521 2.2142740 2.2634494 2.3839163 2.2072992 2.4229124 2.4799874 2.0763743 2.0601739 2.0741925 2.1875150 1.8602911 1.2482072 2.6163251 2.6427108 2.5588089 1.9393835 
Chem_TCONS_00012569                                     2.3373083 2.2943653 1.3613328 1.0550062 1.2798873 1.0281919 0.7564005 0.8923849 0.9454646 1.0183344 0.7780099 0.7993524 0.8774910 0.8197806 0.7973226 0.7520865 0.7987362 1.0825458 1.0510159 1.0828904 0.9906132 0.9605055 0.9991915 0.7878459 1.0246553 1.0562005 0.8487520 0.9389229 0.8828454 0.9892531 0.8568775 0.9671037 0.0000000 1.0444481 1.0599211 1.0110733 1.0192357 0.9976810 0.9707002 0.8881731 1.1993253 1.1519900 1.1193916 1.3618875 1.8113604 1.2912737 2.1985408 1.2595822 1.3274969 1.1572984 1.3208063 2.0855696 1.3066401 1.4125994 2.3215431 1.3283708 2.3028705 1.3015296 1.3621257 1.4993761 1.4786353 1.3881095 1.3495027 1.8902875 1.6497278 2.0354207 1.7210317 1.6514007 1.7431561 1.7798373 1.9142434 2.2796139 2.2909210 2.6220845 2.8450081 2.2078516 2.2600322 2.1494831 2.1839484 2.2146553 1.9809871 2.2305750 2.4611608 2.1926167 2.3126988 2.2243583 2.5994677 2.2354950 1.1895653 2.5544561 2.3588419 2.3678908 2.2708343 
HoiH04_mRNA7660                                         8.9999983 1.9127942 1.2238468 1.2238468 1.1253790 1.0497148 0.7995414 1.1964481 1.0435146 2.4555255 1.0368101 0.9542055 0.9801194 0.9733709 1.0302800 1.0480261 1.2311905 1.0322599 1.0539853 1.0589905 1.1079670 0.9978653 1.0030811 1.1217050 1.3308274 1.2145488 1.1999332 1.1462641 1.2273346 1.2453454 1.0194277 1.1128235 1.0444481 0.0000000 0.0829215 0.3838294 0.3874383 0.3610002 0.4925103 0.5042289 0.5882568 1.1813500 1.5463775 2.1405947 1.7249738 1.5553878 4.8177808 1.6172916 1.6541906 0.0000010 6.2644259 2.1968321 1.5827885 9.0000000 2.2587134 1.4947724 3.5825307 1.1622848 1.3547898 1.6976419 1.6485611 1.5291244 1.6591045 2.7781094 1.9487364 8.9999986 1.7815042 1.7804519 1.9179715 1.7404643 2.2738562 1.8366761 1.8520849 1.9578088 1.6737215 2.7327072 4.8922692 1.6556950 1.7483975 6.5104964 1.6165524 1.9031326 3.5944201 3.5568617 1.9806804 2.1062255 2.0637013 2.0709904 2.3290788 2.8454106 2.5465165 2.7587527 1.8673208 
Hhon_g07842.t1                                          2.2103957 2.2245086 1.4097594 1.1345231 1.0850860 1.0887426 1.2137584 1.1447557 1.1077809 1.3445156 1.0505891 1.0268581 0.9469839 0.9678273 1.0588060 1.1346838 1.0848872 1.2418018 1.2162502 1.1570795 1.0887024 1.1035550 1.1374477 1.1231923 1.1963371 1.1973226 1.1982183 1.1030878 1.0425344 1.0993351 1.1596162 1.1427087 1.0599211 0.0829215 0.0000000 0.1921807 0.2013205 0.1817873 0.3199323 0.3120302 0.6704841 1.2418093 1.3228870 1.6635883 2.1045556 1.3559811 2.4557577 1.2954838 1.4634573 1.0145890 1.3399158 2.1848244 1.4834972 1.4381472 2.2139378 1.4593592 2.5007245 1.2937588 1.3679690 1.9148757 1.5960256 1.5883051 1.6246092 1.8822020 1.8179044 1.9141188 1.8235480 1.7786042 1.8727775 1.9606531 2.0473391 2.0929622 2.1063900 2.4749844 2.5740877 2.3089906 2.4348160 1.9759711 1.9695365 2.4088431 1.9361198 1.9261219 1.5759809 2.3209626 2.2633046 2.2150786 2.2044511 2.2539090 1.3570816 2.4553033 2.2914591 2.5851956 1.9260065 
HoiH11_mRNA6606                                         2.5026476 2.1479634 1.4170805 1.1378379 1.0818527 1.0497482 0.9223192 1.1649655 1.1009757 1.2504361 1.0503959 1.0689513 0.9682554 1.0307255 1.0329043 1.1348023 1.0050247 1.2079848 1.1800516 1.1314581 1.1276805 1.0743613 1.1497592 1.1243632 1.1625952 1.1840124 1.1195598 1.0680348 0.9843169 1.1145984 1.1523504 1.1378761 1.0110733 0.3838294 0.1921807 0.0000000 0.1806384 0.1806158 0.3003238 0.2726132 0.6308445 1.2174636 1.2913904 1.3127046 1.9384090 1.2769128 2.0348014 1.2805222 1.4184123 1.0943047 1.2853591 2.2473307 1.4385178 1.5010832 2.0989008 1.4035717 2.3361004 1.2541940 1.2644213 2.1013802 1.6806399 1.6255547 1.6415076 1.9122869 1.9073965 1.9928373 1.9022345 1.8876765 1.9624363 1.9189972 1.9137481 2.1703737 2.1448669 2.5101673 2.6462511 2.1455345 2.4542852 2.1393282 2.1023603 2.3840762 2.0397726 2.1243201 1.6219632 2.1594311 2.4150962 2.2165829 2.2651025 2.2634335 1.3104104 2.7127359 2.4919551 2.7015392 2.0423723 
HoiH23_PlH23_008027-RA                                  2.3552872 2.3190314 1.3830901 1.1128884 1.2691889 1.0729978 0.9264667 1.1648771 1.0607805 1.2965855 1.0607230 1.0769540 0.9701541 1.0419582 1.0285842 1.1593534 1.0494505 1.1624603 1.1371074 1.1242467 1.0831150 1.1067704 1.1497581 1.1197345 1.1201966 1.2033324 1.1775277 1.0586476 1.0127200 1.1321389 1.0829122 1.1930948 1.0192357 0.3874383 0.2013205 0.1806384 0.0000000 0.0517161 0.3807563 0.3695481 0.5826648 1.1757195 1.2661376 1.5008883 2.1021172 1.2980738 2.2461975 1.2606768 1.4090397 1.1405976 1.3585036 2.4219354 1.4387145 1.4920739 2.4602712 1.4696939 2.5029626 1.2295586 1.2534586 1.9883406 1.5744918 1.5945758 1.5771456 1.9131452 1.8100999 2.0783474 1.7475254 1.8265247 1.8869731 1.8559334 1.9578046 2.0760796 2.0652487 2.4254607 2.5053300 2.2507686 2.4249379 2.0753964 2.0602710 2.2884191 1.9614318 1.9255993 1.6010367 2.1568909 2.3760845 2.3220560 2.2466530 2.4137001 1.2963235 2.4955799 2.2877693 2.5762842 2.1095893 
HoiH06_mRNA1606                                         2.2361083 2.2419350 1.4025194 1.1173524 1.1469864 1.0597737 0.9342278 1.1498113 1.0840197 1.2751745 1.0447423 1.0461030 0.9859398 1.0560805 1.0124711 1.1757229 1.0097936 1.1451643 1.1203058 1.1064707 1.0911002 1.1629103 1.1578399 1.0958005 1.1462884 1.1811066 1.1751055 1.0876940 1.0074886 1.1213270 1.0962473 1.1920896 0.9976810 0.3610002 0.1817873 0.1806158 0.0517161 0.0000000 0.3343376 0.3238259 0.5828124 1.1676916 1.2601559 1.5671180 2.1758126 1.3313655 2.3313482 1.2649929 1.4113350 1.1236909 1.3127538 2.2242007 1.4441489 1.4192775 2.3421323 1.4527898 2.5512526 1.2449786 1.2514104 1.9479333 1.5888882 1.5815120 1.5665341 1.9448891 1.8460451 2.0251896 1.8165491 1.8363912 1.8705766 1.8219586 1.9973584 2.1068057 2.0957470 2.4337324 2.5130452 2.2991132 2.4382780 2.0483936 2.0438592 2.3839361 2.0034744 1.9206251 1.6057551 2.1140792 2.2951459 2.2326763 2.2139726 2.3388155 1.3180548 2.5508376 2.3076094 2.5102163 1.8899846 
TrH2_TrispH2_000708-RA                                  2.2820986 2.2345831 1.4156175 1.1633733 1.0844509 1.0319989 1.0503935 1.1431989 1.0747858 1.3041995 1.0242699 1.0262208 0.9991924 0.9986506 1.0698295 1.1433124 1.0794538 1.0714610 1.0640015 1.0870235 1.1246712 1.0904215 1.1437202 1.0965373 1.2117530 1.2028502 1.1820950 1.0570233 0.9889034 1.1235236 1.1274534 1.1743633 0.9707002 0.4925103 0.3199323 0.3003238 0.3807563 0.3343376 0.0000000 0.0122939 0.6059222 1.2758906 1.2228015 1.3617725 1.8932368 1.2297203 2.1052516 1.2475088 1.4012614 1.0485608 1.3068557 2.0860403 1.4313595 1.4883282 2.1345319 1.4330360 2.3048773 1.2307470 1.3279377 1.7863028 1.5423118 1.5156519 1.4991713 1.8648879 1.7785485 1.8943805 1.7601998 1.7743755 1.8935602 1.8174692 1.9941770 2.1287735 2.1360780 2.4467225 2.6784828 2.4793696 2.7942666 2.1118618 2.2811265 2.4759617 2.0876681 2.0801289 1.4622515 1.9664333 2.3049736 2.1152318 2.2931783 2.2112947 1.3873557 2.6001489 2.3016613 2.6817475 1.9535907 
Tadh_TriadT30551                                        2.3210904 2.4522664 1.3826192 1.1226871 1.0286389 0.9920786 1.0503935 1.0878426 1.0150032 1.2920055 0.9600456 0.9686217 0.9394590 0.9321432 0.9936350 1.0783068 0.9927396 1.0441459 1.0212234 1.0642511 1.0678049 1.0686528 1.0721687 1.0172003 1.1861493 1.1681966 1.1476455 1.0005927 0.9249585 1.0649979 1.0225385 1.1198483 0.8881731 0.5042289 0.3120302 0.2726132 0.3695481 0.3238259 0.0122939 0.0000000 0.5962037 1.2019871 1.1335784 1.3617725 1.9090302 1.2098814 2.1025420 1.1860704 1.3378883 1.0712579 1.3030402 2.0730652 1.3860256 1.4741211 2.0976340 1.4233677 2.3330436 1.1912488 1.2342129 1.7167643 1.5009989 1.4725361 1.4319172 1.8590885 1.6897019 1.8859386 1.7057599 1.7065231 1.8098950 1.7225392 1.9707222 2.0725412 2.0797537 2.4652135 2.5876721 2.4087770 2.6999766 2.0695828 2.1226484 2.4019916 2.0182500 2.0032060 1.4402429 1.9664333 2.3159067 2.1775474 2.2973286 2.2587624 1.4036561 2.4967487 2.2690972 2.5583276 1.8003055 
