62
Lcom_lcpid17599                                              0.0000000 1.7310798 0.0798674 0.0000010 1.7744869 2.6397628 0.0000010 4.0749661 4.1044453 2.2986516 4.1616135 0.0000010 7.9244415 3.7811793 3.7470356 3.6161390 3.3461863 3.6215119 4.8709940 3.6559818 3.6211592 3.4705436 2.9931795 3.9653159 3.2506117 4.1494792 3.9152186 4.0322677 4.2867368 3.7696205 3.4186676 9.0000000 3.4241949 3.9026384 4.0622327 4.6712695 4.6496806 4.6443836 0.0000010 4.3390217 4.3268397 4.4570053 3.7328434 4.3840477 2.4321570 5.2659642 4.3874417 4.0590858 4.6081678 3.3069077 3.2689735 3.6023310 4.5186522 4.0660878 4.3384218 1.7454659 3.6428503 3.8618921 3.5272485 4.4946024 3.2781300 3.5701467 
Leuniv_Lniv_scaffold22926_01                                 1.7310798 0.0000000 0.2292924 0.0000010 2.4101480 2.9426712 0.0000010 3.7894812 5.3284333 3.0869623 4.9405054 0.0000010 0.0000010 4.9637831 4.1872011 4.4502245 4.3531617 4.4475833 4.9261095 2.8793524 3.5108717 3.8063751 3.4089101 4.9367382 4.2658386 4.9802117 4.8338395 5.0335011 4.8582920 5.0758924 5.7674586 8.9999987 4.1367053 4.0053099 3.9754057 4.5142732 4.6821008 4.7750663 0.0000010 5.3131631 4.3398928 4.8109533 4.3853438 4.6178138 2.6411836 5.1652268 4.5100065 3.6816302 4.2215232 3.5817056 3.3994574 4.0660679 5.0059664 3.5759846 4.7413197 1.7900946 5.1484138 5.0841535 3.4824052 4.5065430 3.5952659 4.3231878 
Lcom_lcpid83707                                              0.0798674 0.2292924 0.0000000 0.0144278 0.3098854 0.3641677 0.3833660 0.9266264 1.2113371 1.6020528 1.3478671 0.8854643 0.9239822 1.0739838 0.9349981 0.8477291 0.9793687 0.8834002 1.0376419 1.0260792 0.9514382 1.0707799 1.1141624 0.9506655 1.0932297 1.0645647 1.3294431 1.0237174 1.0342258 1.2385912 0.9118686 1.1179059 1.0904398 1.3308796 1.1410913 1.2641595 1.2674581 1.1246228 1.7762877 1.3315217 1.7449468 1.3929032 1.5315060 0.9617281 2.3820605 1.6001242 1.5822298 1.9691737 1.7021094 1.4793314 1.5661537 1.4716968 1.6985243 1.5338536 1.5474082 1.8955553 1.6706284 1.2749515 1.1317590 1.7825243 0.9816259 2.7129240 
Lcom_lcpid191790                                             0.0000010 0.0000010 0.0144278 0.0000000 0.2789599 0.3298704 0.2980964 0.7601791 1.1400438 2.9159094 1.1049844 0.8257122 0.8990036 1.0661753 0.8321061 0.7869998 0.8173670 0.8402305 0.7935538 1.0160535 0.8837618 0.9179765 1.0694612 0.8325112 1.0883836 1.1240100 1.2365991 1.1002187 0.8844236 1.1730900 0.9957461 1.1347862 1.1224810 1.3138661 1.0820977 1.2469175 1.2469175 1.0478971 2.4213693 1.5230271 2.0321168 1.5103612 1.6691361 0.9697330 2.2661893 1.6762064 1.9890378 2.2636664 2.2320413 1.7287005 1.6895613 1.6636940 1.6542556 1.6829571 1.7078181 1.8806326 1.7639609 1.2396189 0.8164498 2.0932012 1.2848505 3.5684385 
Scil_scict002856.1                                           1.7744869 2.4101480 0.3098854 0.2789599 0.0000000 0.8701999 0.3814343 1.6628937 2.3283892 2.7125670 2.4308234 0.8790328 0.9621678 2.0349343 1.8706951 1.8378284 1.8676711 1.7605941 1.8941858 1.6713864 1.7707798 1.8848442 1.7735868 1.7345391 1.7632738 2.1074112 2.2967086 1.9735234 1.9052871 2.2306505 2.0095033 1.6190958 1.8286192 3.3741667 2.0721107 2.2683826 2.2300855 1.8369381 1.7033839 2.3346864 2.5326132 2.6567209 2.2657023 2.3782106 2.4913033 2.6006336 2.7565967 2.5497249 2.7361487 2.1803109 2.2029836 2.1796856 2.3578239 2.2682238 2.4756875 1.8272019 2.1330797 3.1746701 2.5111031 2.6115894 3.2693802 2.8417296 
Gracom_Gcom_scaffold4026_01                                  2.6397628 2.9426712 0.3641677 0.3298704 0.8701999 0.0000000 0.4762747 1.8332018 2.3430327 2.3820226 2.3677989 0.9923844 1.0284887 2.1804534 1.9863082 1.9123737 1.9688401 1.9864561 1.9980426 1.8369594 1.8947426 1.8492742 1.8886891 1.9801048 1.9551179 2.0513073 2.3681007 2.0948466 1.9892202 2.1726386 1.8785324 1.7955371 2.0869733 3.2301871 2.0635719 2.2559359 2.2413244 2.0124891 1.4778856 2.2294226 2.3985973 2.4041928 2.1642282 2.1413263 2.7053752 2.8737973 2.5565954 2.2140978 2.5532894 2.1124618 2.0859958 2.1551125 2.3421459 2.1211319 2.2846594 2.0940139 2.5914649 2.9643010 2.6478259 2.6787037 4.2234475 3.1212550 
Leuniv_Lniv_C772795_01                                       0.0000010 0.0000010 0.3833660 0.2980964 0.3814343 0.4762747 0.0000000 1.0200301 1.3696373 5.3605792 1.5071585 0.9214948 0.9465973 1.1774735 1.0162720 0.9805817 1.1787921 0.9771362 1.1284228 1.0777828 1.0090756 1.0407005 1.1034121 0.8864409 1.1385564 1.1538124 1.4569662 1.0536062 1.0048618 1.1364624 0.9556402 1.2122348 1.2182451 3.3737958 1.1054982 1.1840233 1.1840233 1.0560052 1.6215435 1.3820932 1.7931614 1.5854196 1.3883437 0.9566749 2.1363062 1.6410910 1.6822222 1.9244307 1.8095548 1.5195433 1.6226571 1.4805328 1.6687744 1.5959671 1.6269234 1.7921806 1.8054026 1.5488587 1.2924567 2.0095013 1.2722167 2.6790556 
Skow_XM_006824202.1                                          4.0749661 3.7894812 0.9266264 0.7601791 1.6628937 1.8332018 1.0200301 0.0000000 1.9039564 2.3158042 1.7992205 0.8238944 0.7868875 1.7614369 1.1856366 1.2401092 1.2426016 1.2038575 1.3238608 1.3457695 1.2558359 1.1025143 1.0994814 1.0033885 1.3890953 1.4560397 1.5852054 1.4190357 1.2050025 1.4639791 1.5263001 1.0362611 1.4396976 3.0230823 1.4600872 1.8149335 1.8284711 1.6016642 0.9417322 2.1749657 2.5343407 2.4566839 1.6804899 1.9607444 2.0287223 2.3739651 2.4797504 2.0759836 2.1308208 1.8108536 1.8796268 1.8520253 2.0546356 1.9249876 2.3017444 1.5413232 1.7870322 2.0200530 1.4724812 1.9174537 2.0080594 2.8529695 
Emue_Em0015g980a.t1                                          4.1044453 5.3284333 1.2113371 1.1400438 2.3283892 2.3430327 1.3696373 1.9039564 0.0000000 0.2383267 1.1985643 0.0989197 0.0723410 1.5920849 1.8801888 1.8410260 1.8295079 1.7583918 2.1213640 1.6223061 1.6767573 1.6722891 1.9169822 1.9856831 2.1627677 2.1780824 2.6227357 2.4815766 2.2902744 2.2871210 2.1802899 1.5462816 1.8621254 2.3753992 2.2665111 2.5883353 2.5967847 1.9994507 1.2013612 2.1085647 2.0942162 2.4245928 2.4347116 1.5001000 2.2419545 2.8457647 2.7953016 2.3751885 3.0655073 2.4242224 2.1739050 2.3975362 2.4293008 2.4534648 2.5543925 1.9945860 2.9685646 2.7513895 2.6274187 2.5146457 3.0108363 3.9334147 
Spolac_c103850_g2_i1_m.36552c103850-g2                       2.2986516 3.0869623 1.6020528 2.9159094 2.7125670 2.3820226 5.3605792 2.3158042 0.2383267 0.0000000 0.9276171 0.0000010 1.9620860 1.8764871 2.0786864 2.0498641 1.9538401 2.1495303 2.5387642 1.5244329 2.0560902 2.0132677 2.3665496 2.1664126 2.4924220 2.3035337 2.8506338 2.7567038 2.8125150 2.4014004 1.9219266 7.2706673 1.6196688 1.6242987 2.0653009 2.4621207 2.5180322 2.1277506 0.0000010 2.0853228 1.6214051 2.2957100 3.5128592 1.1677326 2.6269138 2.7989483 2.5796543 2.5395361 2.4430995 2.8169150 2.8581896 2.8515208 3.2096289 2.9222966 2.8388728 2.0960180 3.2954758 2.3204017 2.3972405 2.7031302 1.7182530 3.6381882 
Stycar_maker-SC_scaffold277-augustus-gene-0.10-mRNA-1        4.1616135 4.9405054 1.3478671 1.1049844 2.4308234 2.3677989 1.5071585 1.7992205 1.1985643 0.9276171 0.0000000 0.9366675 0.7563728 1.6711620 1.9349971 1.8543948 1.9242881 1.6514852 2.1501360 2.0344794 1.9068081 1.8987983 1.9341688 1.9605225 1.9633317 2.1122920 2.2086897 2.1356315 2.0570632 2.4396137 2.1079247 2.1402157 1.9567884 2.6663093 2.0422391 2.4181751 2.4198257 2.1242294 2.3403477 1.9489852 2.2444035 1.9491467 2.2475968 1.1427202 1.6914264 2.9080397 3.0981249 2.7342746 2.9264584 2.3902569 2.3834061 2.4359615 2.5520793 2.5838117 2.8734717 1.9557376 2.6107560 2.4154439 2.3322747 2.7033428 2.9659244 3.5543544 
Spolac_c103850_g4_i1_m.36554c103850-g2                       0.0000010 0.0000010 0.8854643 0.8257122 0.8790328 0.9923844 0.9214948 0.8238944 0.0989197 0.0000010 0.9366675 0.0000000 0.0292105 0.7037151 0.8817412 0.8765654 1.0198289 0.8940389 1.1086089 0.8709951 0.8600955 0.8872066 1.0674342 0.8868220 1.0170943 0.9485929 1.4248902 1.0277256 1.0334886 0.8944334 0.9866190 1.0926313 1.0926313 1.4013438 1.1011333 1.4111394 1.4111394 1.2630710 1.4209908 0.8551528 1.4639119 1.4131043 1.2388224 0.4677128 3.4641402 1.4937670 1.5359466 1.5553262 1.6766199 1.4516142 1.4771842 1.4737631 1.7075380 1.4976900 1.4976900 1.8327362 1.7577876 4.9426855 2.9001754 1.7579842 0.0000010 2.3771547 
Spolac_c103850_g4_i2_m.36555c103850-g2                       7.9244415 0.0000010 0.9239822 0.8990036 0.9621678 1.0284887 0.9465973 0.7868875 0.0723410 1.9620860 0.7563728 0.0292105 0.0000000 0.6698085 0.8998943 0.8593172 0.9767021 0.8949736 1.0708703 0.9178901 0.8520614 0.8745855 1.0066739 0.8440647 1.0057383 0.9668600 1.3377903 1.0284195 1.0867659 0.9440739 1.0039881 1.0488501 1.0488501 1.4013438 1.0340210 1.4411979 1.4411979 1.2537635 1.4209908 0.7930961 1.3550255 1.2796640 1.2604525 0.4941927 1.8705344 1.4806579 1.5248812 1.6180184 1.7042385 1.3988003 1.4173770 1.4384994 1.6270313 1.4556836 1.4556836 1.9446374 1.7072304 1.6425882 1.4598589 1.7539888 0.0000010 2.6457376 
Plespi_Pspi_scaffold3683_01                                  3.7811793 4.9637831 1.0739838 1.0661753 2.0349343 2.1804534 1.1774735 1.7614369 1.5920849 1.8764871 1.6711620 0.7037151 0.6698085 0.0000000 1.7776040 1.7198669 1.7585417 1.7993996 1.9246507 1.6963322 1.6409084 1.6868837 1.7504641 1.6247583 1.7566764 1.9717986 2.3041200 1.8816651 1.8787254 1.9739495 1.8759687 1.6593834 1.8719137 3.0129882 1.8078615 2.2270813 2.2617316 1.7137675 1.2419984 1.7218956 2.2292318 2.0086372 2.3120353 1.8010310 2.2762385 2.4328751 2.6951612 2.2055816 2.2051877 1.8331464 1.8862297 1.9298787 2.0762322 1.8910082 2.1498149 2.0318132 2.4909477 2.9857162 2.6734452 2.5251986 2.7755921 3.5770076 
Gasp_gasp1.m3.2392.m1                                        3.7470356 4.1872011 0.9349981 0.8321061 1.8706951 1.9863082 1.0162720 1.1856366 1.8801888 2.0786864 1.9349971 0.8817412 0.8998943 1.7776040 0.0000000 0.3436074 0.3770399 0.3363619 0.5840371 0.8458795 0.8300190 1.1862013 1.2571441 1.3720715 1.2940212 1.3745328 1.6735090 1.4465359 1.6718444 1.2934023 1.5499039 1.3092054 1.5198469 2.8225886 1.5099287 1.4999099 1.5144538 1.3779835 1.2505258 2.4418636 2.4888490 2.6001686 1.9556751 2.0790849 1.9715127 2.3552035 2.3974297 2.1212509 2.4805857 1.6771249 1.7834459 1.6782363 1.9465372 1.6929806 2.0127668 1.6883638 1.7882236 0.7570648 1.8414028 2.2843879 1.6607980 3.0229946 
Spis_XP_022807430_1                                          3.6161390 4.4502245 0.8477291 0.7869998 1.8378284 1.9123737 0.9805817 1.2401092 1.8410260 2.0498641 1.8543948 0.8765654 0.8593172 1.7198669 0.3436074 0.0000000 0.1758627 0.4731443 0.6749134 0.8201871 0.8202354 1.1544684 1.2945017 1.3579317 1.2932878 1.4022873 1.7132996 1.4060121 1.6467053 1.3658069 1.3807724 1.1647700 1.4552132 2.7739196 1.4809821 1.6531618 1.6679242 1.4713139 1.2520675 2.3301221 2.4268676 2.5968330 1.9975885 2.0554577 1.8109214 2.3431983 2.3727222 2.0393367 2.4105677 1.7222170 1.7964272 1.6958244 1.9751362 1.7572377 2.0308744 1.6455127 1.7698669 0.9171540 1.8141693 2.1935999 1.5793680 2.9362537 
Pocdam_XM_027181180.1                                        3.3461863 4.3531617 0.9793687 0.8173670 1.8676711 1.9688401 1.1787921 1.2426016 1.8295079 1.9538401 1.9242881 1.0198289 0.9767021 1.7585417 0.3770399 0.1758627 0.0000000 0.4712285 0.6291487 0.8855753 0.8140956 1.2070281 1.2843054 1.3148813 1.3724840 1.4489650 1.6307266 1.4153414 1.6212866 1.3732802 1.4104246 1.3000223 1.4647567 2.5914949 1.4434819 1.5717911 1.5883898 1.4419734 1.2495017 2.3820722 2.4471769 2.4691221 1.9984405 2.0281960 1.7437103 2.3265892 2.4900440 2.1425777 2.4934606 1.7862514 1.7335023 1.7791527 1.9065103 1.8548693 2.1615510 1.6765962 1.7358448 0.8519654 1.7775615 2.1227121 1.6048813 2.9272033 
Gfas_gfas1.m1.2331.m1                                        3.6215119 4.4475833 0.8834002 0.8402305 1.7605941 1.9864561 0.9771362 1.2038575 1.7583918 2.1495303 1.6514852 0.8940389 0.8949736 1.7993996 0.3363619 0.4731443 0.4712285 0.0000000 0.5432525 0.8254787 0.8405786 1.1826498 1.2931332 1.3101406 1.2602638 1.3809294 1.5556281 1.4130205 1.6741932 1.2722849 1.4356882 1.3395885 1.5674952 3.1267382 1.5369424 1.5726918 1.5972532 1.3469413 1.4788263 2.2017879 2.3922971 2.6225016 1.9789535 1.9775269 1.8927142 2.4508782 2.3364056 2.1093291 2.5405261 1.6955210 1.7536537 1.7262684 1.9967554 1.8016472 1.7893136 1.6679462 1.7983902 0.5020631 1.6265586 2.1465164 1.6358629 3.2619486 
Amil_Amillepora22208-RA                                      4.8709940 4.9261095 1.0376419 0.7935538 1.8941858 1.9980426 1.1284228 1.3238608 2.1213640 2.5387642 2.1501360 1.1086089 1.0708703 1.9246507 0.5840371 0.6749134 0.6291487 0.5432525 0.0000000 0.9918462 0.9135065 1.3286089 1.3032688 1.4602806 1.4486292 1.4866572 1.7141786 1.6218112 1.6416557 1.4791711 1.5372323 1.5711921 1.8269933 4.0575515 1.7618945 1.7545415 1.7622677 1.4820083 1.2929312 2.8330413 2.6809625 2.7215853 1.9381634 2.4243408 2.1225195 2.6931883 2.6190748 2.2877040 2.3584388 1.8924145 1.8445960 1.8881125 2.0161161 1.8917425 2.2444982 1.8931047 2.1329812 0.5763088 1.8295412 2.1341213 2.2146086 2.9966594 
Nvec_v1g121396                                               3.6559818 2.8793524 1.0260792 1.0160535 1.6713864 1.8369594 1.0777828 1.3457695 1.6223061 1.5244329 2.0344794 0.8709951 0.9178901 1.6963322 0.8458795 0.8201871 0.8855753 0.8254787 0.9918462 0.0000000 0.8604134 1.2133054 1.4374791 1.3097363 1.3142943 1.3754551 1.6988250 1.4385149 1.5754710 1.2937260 1.3534156 1.3376312 1.6497591 2.1810991 1.5091978 1.6870891 1.7005096 1.5330460 1.4334602 1.8772192 2.3141498 2.4829882 1.9802043 1.7829459 1.8255783 2.0504236 2.1585006 1.8734817 1.9658876 1.8412605 1.7758831 1.8128323 2.0809116 1.8382879 1.8622507 1.5990771 2.0782785 1.3909102 2.5712654 2.5022389 1.0242271 3.4185310 
Exapal_XM_021038181.2                                        3.6211592 3.5108717 0.9514382 0.8837618 1.7707798 1.8947426 1.0090756 1.2558359 1.6767573 2.0560902 1.9068081 0.8600955 0.8520614 1.6409084 0.8300190 0.8202354 0.8140956 0.8405786 0.9135065 0.8604134 0.0000000 1.0823441 1.3095332 1.1646902 1.2953353 1.3114227 1.5923167 1.3778923 1.4501264 1.3019644 1.4170266 1.1788660 1.4187500 2.4088214 1.4580604 1.6608211 1.6745675 1.5237647 1.1896227 2.2447811 2.3974613 2.5599416 1.8066124 1.9949872 1.7268233 2.4303178 2.3993849 1.8983575 2.2623303 1.5024060 1.5259989 1.5123407 1.7225279 1.6439627 1.9513474 1.7216885 1.7789526 1.3120691 1.7678455 2.0865636 1.4851337 2.5781049 
Cgig_XM_011415869.3                                          3.4705436 3.8063751 1.0707799 0.9179765 1.8848442 1.8492742 1.0407005 1.1025143 1.6722891 2.0132677 1.8987983 0.8872066 0.8745855 1.6868837 1.1862013 1.1544684 1.2070281 1.1826498 1.3286089 1.2133054 1.0823441 0.0000000 0.9365718 0.9683101 1.5190630 1.5488767 1.8271683 1.5509135 1.3194522 1.5407314 1.5189778 1.0938339 1.4150706 2.6381942 1.4711863 1.7800038 1.7839184 1.4816270 0.8338140 1.8813701 2.2159971 2.1214391 1.5198440 1.9509437 1.8988927 2.5340436 2.3950327 2.2426572 2.1891489 1.9035882 1.9334170 1.8261747 2.0236580 1.9110799 2.3140654 1.5148597 1.6774593 1.8202465 1.3779908 1.9146429 2.3599675 2.7528929 
Ctel_gnl_WGS_AMQN_CAPTEDRAFT_mRNA148357                      2.9931795 3.4089101 1.1141624 1.0694612 1.7735868 1.8886891 1.1034121 1.0994814 1.9169822 2.3665496 1.9341688 1.0674342 1.0066739 1.7504641 1.2571441 1.2945017 1.2843054 1.2931332 1.3032688 1.4374791 1.3095332 0.9365718 0.0000000 1.0480009 1.4872268 1.6146925 1.9239522 1.6476353 1.2064837 1.5412628 1.7051205 1.3373340 1.6626682 2.8192417 1.6379641 1.9304980 1.9317538 1.7712720 1.2035769 2.0520355 2.2941166 2.2807754 1.5415286 1.9719318 2.1472745 2.3474531 2.6274154 2.2594960 2.4213492 1.8014156 1.8123362 1.7401137 1.9127519 1.8388893 2.1718720 1.6259137 1.7728786 2.1192716 1.7432071 2.0110294 2.2876238 2.6623183 
Bralan_BLAG01001836_1                                        3.9653159 4.9367382 0.9506655 0.8325112 1.7345391 1.9801048 0.8864409 1.0033885 1.9856831 2.1664126 1.9605225 0.8868220 0.8440647 1.6247583 1.3720715 1.3579317 1.3148813 1.3101406 1.4602806 1.3097363 1.1646902 0.9683101 1.0480009 0.0000000 1.5421248 1.7059379 1.7721763 1.5418574 1.3691219 1.4221720 1.5292867 1.4098175 1.4402059 2.4800257 1.6464601 1.6303117 1.6424656 1.6004634 1.0561009 2.2187607 2.4603810 2.4270416 1.4011143 2.2216793 1.6972858 2.2545378 2.6513061 2.1967465 2.1694103 1.7740788 1.8436671 1.7806576 1.9535324 1.8719764 2.1925471 1.5066576 1.6778158 2.0070761 1.3161292 1.7689329 2.3785936 2.6267375 
Sanmal_Sma_018983-T1                                         3.2506117 4.2658386 1.0932297 1.0883836 1.7632738 1.9551179 1.1385564 1.3890953 2.1627677 2.4924220 1.9633317 1.0170943 1.0057383 1.7566764 1.2940212 1.2932878 1.3724840 1.2602638 1.4486292 1.3142943 1.2953353 1.5190630 1.4872268 1.5421248 0.0000000 0.8180731 1.1268578 0.8496015 1.6817432 1.3984433 1.4364246 1.2988575 1.4448670 1.8894847 1.7084422 1.8119270 1.8324556 1.5769846 1.7081222 2.2301666 2.1373980 2.3420690 1.9886520 2.0279159 2.2998155 2.1547766 2.5017179 2.1088465 2.1519351 1.7008437 1.7839412 1.7628136 2.0223842 1.8195783 2.0784371 1.7394163 2.2925369 2.1735802 1.9518836 2.3353192 2.2262515 3.1706880 
Aaur_scaffold292.g9.t3                                       4.1494792 4.9802117 1.0645647 1.1240100 2.1074112 2.0513073 1.1538124 1.4560397 2.1780824 2.3035337 2.1122920 0.9485929 0.9668600 1.9717986 1.3745328 1.4022873 1.4489650 1.3809294 1.4866572 1.3754551 1.3114227 1.5488767 1.6146925 1.7059379 0.8180731 0.0000000 0.8959088 0.6709996 1.8182439 1.4096448 1.3512172 1.6023654 1.6080982 2.6813325 1.8109026 2.0866843 2.1182522 1.9556534 1.3715993 2.3401418 2.3204647 2.7384079 1.9920650 2.1584961 1.8808999 2.4066062 2.6729372 2.0367030 2.6190076 1.8967692 1.8761397 1.9559749 2.2351642 1.9906125 2.2887090 1.8699882 2.1853616 2.2787546 2.0642216 2.1493411 1.8604384 3.0607219 
Nemnom_g13618.t1                                             3.9152186 4.8338395 1.3294431 1.2365991 2.2967086 2.3681007 1.4569662 1.5852054 2.6227357 2.8506338 2.2086897 1.4248902 1.3377903 2.3041200 1.6735090 1.7132996 1.6307266 1.5556281 1.7141786 1.6988250 1.5923167 1.8271683 1.9239522 1.7721763 1.1268578 0.8959088 0.0000000 0.3613807 1.8316003 1.5834758 1.6523692 1.9558879 1.8703470 2.6045216 2.0144058 2.3618712 2.3482036 2.1574593 4.0955625 2.5752269 2.7866479 2.7982791 2.4019433 2.0343541 1.8406027 3.1118164 3.0289338 2.5129962 3.2288176 2.2015153 2.1402778 2.2443682 2.3461263 2.3625499 2.7433616 1.9591273 2.5270671 2.1714311 2.2891701 2.8208377 1.8807432 3.4874249 
Rhoesc_Res_006405-T1                                         4.0322677 5.0335011 1.0237174 1.1002187 1.9735234 2.0948466 1.0536062 1.4190357 2.4815766 2.7567038 2.1356315 1.0277256 1.0284195 1.8816651 1.4465359 1.4060121 1.4153414 1.4130205 1.6218112 1.4385149 1.3778923 1.5509135 1.6476353 1.5418574 0.8496015 0.6709996 0.3613807 0.0000000 1.5557262 1.4382800 1.4070764 1.5197755 1.6091998 2.5995242 1.6916797 2.0720977 2.0987391 1.9817103 1.5416096 2.2482699 2.4155433 2.5636371 1.9263051 2.1799730 1.9408910 2.4128042 2.5945253 2.2002146 2.5829434 1.8706953 1.8857770 1.9066690 2.1079354 1.9809509 2.2296090 1.8003706 2.0482223 2.1689293 2.1875869 2.3230025 1.9942111 2.9922950 
Spur_XM_030991960.1                                          4.2867368 4.8582920 1.0342258 0.8844236 1.9052871 1.9892202 1.0048618 1.2050025 2.2902744 2.8125150 2.0570632 1.0334886 1.0867659 1.8787254 1.6718444 1.6467053 1.6212866 1.6741932 1.6416557 1.5754710 1.4501264 1.3194522 1.2064837 1.3691219 1.6817432 1.8182439 1.8316003 1.5557262 0.0000000 1.7609512 1.7421630 1.4138307 1.6617639 3.1026205 1.6860575 1.9445677 1.9314895 1.6445382 1.2372641 2.3623855 2.7391577 2.6078743 1.6849006 2.2656265 1.5513994 2.5434792 2.6182319 2.2620535 2.6356525 1.9020322 1.9320891 1.8813264 2.1174975 2.0629984 2.4454750 1.5669763 2.1274170 2.4926012 1.7628618 2.1117247 2.7216749 3.0792602 
Hvul_g4654_1                                                 3.7696205 5.0758924 1.2385912 1.1730900 2.2306505 2.1726386 1.1364624 1.4639791 2.2871210 2.4014004 2.4396137 0.8944334 0.9440739 1.9739495 1.2934023 1.3658069 1.3732802 1.2722849 1.4791711 1.2937260 1.3019644 1.5407314 1.5412628 1.4221720 1.3984433 1.4096448 1.5834758 1.4382800 1.7609512 0.0000000 1.4538068 1.3628910 1.5955914 2.3629753 1.8833919 1.7585309 1.7745653 1.7007180 1.4179146 2.2939769 2.4121030 2.4844444 2.0459177 2.3471928 1.5415221 2.2003664 2.2428753 1.9293109 2.1345532 2.0097104 1.8985984 1.9765438 2.0908809 2.0594970 2.2757197 1.7174599 2.4366275 1.9252147 2.5056128 2.0723513 2.5411104 3.0191734 
Morvir_scaffold62.g60.t1                                     3.4186676 5.7674586 0.9118686 0.9957461 2.0095033 1.8785324 0.9556402 1.5263001 2.1802899 1.9219266 2.1079247 0.9866190 1.0039881 1.8759687 1.5499039 1.3807724 1.4104246 1.4356882 1.5372323 1.3534156 1.4170266 1.5189778 1.7051205 1.5292867 1.4364246 1.3512172 1.6523692 1.4070764 1.7421630 1.4538068 0.0000000 1.4618258 1.6039996 2.8176479 1.7734896 2.0411849 2.0539682 1.7298261 1.4006458 2.3157220 2.5940328 2.5992404 1.9646558 2.1998715 1.6756800 2.3200162 2.6404143 2.1947702 2.4211358 1.9002207 1.9136151 1.9195434 2.1343564 2.0414739 2.3124417 1.7462830 2.3010930 2.3236990 2.0681157 2.1577058 2.1183643 2.9405729 
Opea_EP00118_Oscarella_pearsei_P015681                       9.0000000 8.9999987 1.1179059 1.1347862 1.6190958 1.7955371 1.2122348 1.0362611 1.5462816 7.2706673 2.1402157 1.0926313 1.0488501 1.6593834 1.3092054 1.1647700 1.3000223 1.3395885 1.5711921 1.3376312 1.1788660 1.0938339 1.3373340 1.4098175 1.2988575 1.6023654 1.9558879 1.5197755 1.4138307 1.3628910 1.4618258 0.0000000 0.1095278 3.4884421 0.8338405 1.5334245 1.5334245 1.5017779 1.3398304 1.9256890 2.2389984 2.1808560 1.6767341 1.7766165 2.3532788 1.9849122 2.0297603 1.8274183 2.1020449 1.5775638 1.5807741 1.5719242 1.7541956 1.4626295 1.4626295 2.1751495 1.6216695 3.1145400 1.5375048 1.9286767 8.8428394 2.8907656 
Opea_EP00118_Oscarella_pearsei_P015682                       3.4241949 4.1367053 1.0904398 1.1224810 1.8286192 2.0869733 1.2182451 1.4396976 1.8621254 1.6196688 1.9567884 1.0926313 1.0488501 1.8719137 1.5198469 1.4552132 1.4647567 1.5674952 1.8269933 1.6497591 1.4187500 1.4150706 1.6626682 1.4402059 1.4448670 1.6080982 1.8703470 1.6091998 1.6617639 1.5955914 1.6039996 0.1095278 0.0000000 0.0717319 0.8726967 1.7669050 1.7764259 1.5563579 1.3398304 2.2900335 2.2783430 2.1696489 1.9283383 2.0761032 2.2427047 2.5030168 2.3881024 2.2754875 2.3872684 1.7614001 1.8157714 1.8075491 1.9655538 1.7419082 1.8760666 1.9377319 1.8441085 2.2851521 1.6378331 2.1188444 2.1614834 2.8506237 
Ocar_g5658                                                   3.9026384 4.0053099 1.3308796 1.3138661 3.3741667 3.2301871 3.3737958 3.0230823 2.3753992 1.6242987 2.6663093 1.4013438 1.4013438 3.0129882 2.8225886 2.7739196 2.5914949 3.1267382 4.0575515 2.1810991 2.4088214 2.6381942 2.8192417 2.4800257 1.8894847 2.6813325 2.6045216 2.5995242 3.1026205 2.3629753 2.8176479 3.4884421 0.0717319 0.0000000 1.4830450 2.9158261 2.9515052 1.9594586 3.6109669 3.5960155 2.8077243 3.0182858 2.8983241 3.2887502 2.0791326 3.7070052 3.2397001 3.1275087 2.7969925 2.3361017 2.3196753 2.3585189 2.6747455 2.3014908 3.0511167 1.5879273 2.9842741 2.8626063 2.2794593 2.8850229 2.5257869 3.4087022 
Plajan_Pjan_C560526_01                                       4.0622327 3.9754057 1.1410913 1.0820977 2.0721107 2.0635719 1.1054982 1.4600872 2.2665111 2.0653009 2.0422391 1.1011333 1.0340210 1.8078615 1.5099287 1.4809821 1.4434819 1.5369424 1.7618945 1.5091978 1.4580604 1.4711863 1.6379641 1.6464601 1.7084422 1.8109026 2.0144058 1.6916797 1.6860575 1.8833919 1.7734896 0.8338405 0.8726967 1.4830450 0.0000000 1.9888440 1.9805546 1.6372276 1.2609835 2.4034739 2.6211412 2.6315187 1.9186590 2.2855112 2.3495927 2.7106153 2.7415167 2.5770010 2.6420416 1.7965691 1.7509077 1.8019475 1.9964488 1.7888357 2.0760057 1.9460710 2.0784399 2.2284670 1.8927250 2.5954493 2.2344342 3.1922732 
Dgig_XM_028546989.1                                          4.6712695 4.5142732 1.2641595 1.2469175 2.2683826 2.2559359 1.1840233 1.8149335 2.5883353 2.4621207 2.4181751 1.4111394 1.4411979 2.2270813 1.4999099 1.6531618 1.5717911 1.5726918 1.7545415 1.6870891 1.6608211 1.7800038 1.9304980 1.6303117 1.8119270 2.0866843 2.3618712 2.0720977 1.9445677 1.7585309 2.0411849 1.5334245 1.7669050 2.9158261 1.9888440 0.0000000 0.0155291 0.9393528 1.3502104 2.5715672 2.7487656 2.9040260 2.0418097 2.5275936 2.1977366 2.9573907 2.9360768 2.7403700 2.7395365 2.0381033 2.0589729 1.9900978 2.2576394 2.1630359 2.4418038 1.9316860 2.4777959 2.4432353 2.1517093 2.1155904 3.0252242 3.1108342 
Dgig_XM_028561747.1                                          4.6496806 4.6821008 1.2674581 1.2469175 2.2300855 2.2413244 1.1840233 1.8284711 2.5967847 2.5180322 2.4198257 1.4111394 1.4411979 2.2617316 1.5144538 1.6679242 1.5883898 1.5972532 1.7622677 1.7005096 1.6745675 1.7839184 1.9317538 1.6424656 1.8324556 2.1182522 2.3482036 2.0987391 1.9314895 1.7745653 2.0539682 1.5334245 1.7764259 2.9515052 1.9805546 0.0155291 0.0000000 0.9287960 1.3502104 2.5685939 2.7568804 2.8873215 2.0403049 2.5551622 2.2415686 3.0117738 2.9527919 2.7345683 2.7312195 2.0576036 2.0802973 1.9882005 2.2558256 2.1577149 2.4385233 1.9359936 2.4459532 2.4949111 2.1792743 2.1192857 2.9826151 3.0507881 
Xesp_021272-T1                                               4.6443836 4.7750663 1.1246228 1.0478971 1.8369381 2.0124891 1.0560052 1.6016642 1.9994507 2.1277506 2.1242294 1.2630710 1.2537635 1.7137675 1.3779835 1.4713139 1.4419734 1.3469413 1.4820083 1.5330460 1.5237647 1.4816270 1.7712720 1.6004634 1.5769846 1.9556534 2.1574593 1.9817103 1.6445382 1.7007180 1.7298261 1.5017779 1.5563579 1.9594586 1.6372276 0.9393528 0.9287960 0.0000000 1.2812179 2.6728177 2.5973928 2.6102224 2.0251825 2.2502014 1.9236637 2.4115437 2.5466553 2.3940337 2.5455274 2.0639573 2.0938250 2.1138223 2.3363539 2.0880651 2.4842745 1.8605119 2.3320404 2.1573090 1.9952712 2.3916720 2.4618401 2.9762379 
Acagra_model.g14911.t1                                       0.0000010 0.0000010 1.7762877 2.4213693 1.7033839 1.4778856 1.6215435 0.9417322 1.2013612 0.0000010 2.3403477 1.4209908 1.4209908 1.2419984 1.2505258 1.2520675 1.2495017 1.4788263 1.2929312 1.4334602 1.1896227 0.8338140 1.2035769 1.0561009 1.7081222 1.3715993 4.0955625 1.5416096 1.2372641 1.4179146 1.4006458 1.3398304 1.3398304 3.6109669 1.2609835 1.3502104 1.3502104 1.2812179 0.0000000 2.0107641 1.9907294 1.8743680 1.0975230 2.3158049 0.0000010 1.9679549 1.9608919 2.1481138 2.0790112 1.9695798 1.9510244 2.1081645 2.1542170 2.2177442 2.2177442 1.6411072 1.5993436 4.4946727 5.8666223 2.2013210 0.0000010 2.1051370 
Xestes_snap_masked-XT_scaffold3664-processed-gene-0.3-mRNA-1 4.3390217 5.3131631 1.3315217 1.5230271 2.3346864 2.2294226 1.3820932 2.1749657 2.1085647 2.0853228 1.9489852 0.8551528 0.7930961 1.7218956 2.4418636 2.3301221 2.3820722 2.2017879 2.8330413 1.8772192 2.2447811 1.8813701 2.0520355 2.2187607 2.2301666 2.3401418 2.5752269 2.2482699 2.3623855 2.2939769 2.3157220 1.9256890 2.2900335 3.5960155 2.4034739 2.5715672 2.5685939 2.6728177 2.0107641 0.0000000 1.5286579 1.3759861 2.1852872 2.2082915 1.9157398 2.9369250 3.3785601 2.7628256 2.9231186 2.4539165 2.3565756 2.5189014 2.8966716 2.4388882 2.5585393 1.9411111 2.3605637 2.8786634 3.2681658 2.8033562 4.3541916 3.4889765 
Aque_Aqu2.1.30473_001                                        4.3268397 4.3398928 1.7449468 2.0321168 2.5326132 2.3985973 1.7931614 2.5343407 2.0942162 1.6214051 2.2444035 1.4639119 1.3550255 2.2292318 2.4888490 2.4268676 2.4471769 2.3922971 2.6809625 2.3141498 2.3974613 2.2159971 2.2941166 2.4603810 2.1373980 2.3204647 2.7866479 2.4155433 2.7391577 2.4121030 2.5940328 2.2389984 2.2783430 2.8077243 2.6211412 2.7487656 2.7568804 2.5973928 1.9907294 1.5286579 0.0000000 1.1337897 2.4129517 2.5778483 2.0213800 2.6805850 3.0800792 2.6807379 2.8855926 2.5473007 2.5514540 2.5800403 2.8915805 2.4534343 2.6994416 2.1864268 2.6660800 2.9828743 3.0432464 2.8565170 3.3975388 3.4964562 
Halamb_c52588_g1_i6mm.4664                                   4.4570053 4.8109533 1.3929032 1.5103612 2.6567209 2.4041928 1.5854196 2.4566839 2.4245928 2.2957100 1.9491467 1.4131043 1.2796640 2.0086372 2.6001686 2.5968330 2.4691221 2.6225016 2.7215853 2.4829882 2.5599416 2.1214391 2.2807754 2.4270416 2.3420690 2.7384079 2.7982791 2.5636371 2.6078743 2.4844444 2.5992404 2.1808560 2.1696489 3.0182858 2.6315187 2.9040260 2.8873215 2.6102224 1.8743680 1.3759861 1.1337897 0.0000000 2.2523302 1.9846570 1.9708087 2.7253846 2.9371793 2.7099537 2.8115833 2.4143188 2.3990578 2.3721265 2.4786877 2.5450832 2.8184317 1.9281516 2.1946362 3.1370260 3.0632576 3.1168704 3.7403877 3.2735387 
Hsap_ENST00000307980                                         3.7328434 4.3853438 1.5315060 1.6691361 2.2657023 2.1642282 1.3883437 1.6804899 2.4347116 3.5128592 2.2475968 1.2388224 1.2604525 2.3120353 1.9556751 1.9975885 1.9984405 1.9789535 1.9381634 1.9802043 1.8066124 1.5198440 1.5415286 1.4011143 1.9886520 1.9920650 2.4019433 1.9263051 1.6849006 2.0459177 1.9646558 1.6767341 1.9283383 2.8983241 1.9186590 2.0418097 2.0403049 2.0251825 1.0975230 2.1852872 2.4129517 2.2523302 0.0000000 2.4797314 2.5187290 2.3872937 2.2364387 2.1476023 2.3256493 2.1396254 2.2547932 2.0657485 2.2464152 2.1748210 2.5632997 1.8275449 2.2246357 3.2148227 2.2099517 1.9730732 3.0161470 3.2089684 
Tetwil_g24907.t1                                             4.3840477 4.6178138 0.9617281 0.9697330 2.3782106 2.1413263 0.9566749 1.9607444 1.5001000 1.1677326 1.1427202 0.4677128 0.4941927 1.8010310 2.0790849 2.0554577 2.0281960 1.9775269 2.4243408 1.7829459 1.9949872 1.9509437 1.9719318 2.2216793 2.0279159 2.1584961 2.0343541 2.1799730 2.2656265 2.3471928 2.1998715 1.7766165 2.0761032 3.2887502 2.2855112 2.5275936 2.5551622 2.2502014 2.3158049 2.2082915 2.5778483 1.9846570 2.4797314 0.0000000 1.8744958 2.9669602 2.8913415 2.7341311 3.3571197 2.2940519 2.4096073 2.3851991 2.4368191 2.4181891 2.8141374 1.7545669 2.6987361 2.7728807 2.4102346 3.1529036 3.0067753 3.6345074 
Pbac_sb2656101                                               2.4321570 2.6411836 2.3820605 2.2661893 2.4913033 2.7053752 2.1363062 2.0287223 2.2419545 2.6269138 1.6914264 3.4641402 1.8705344 2.2762385 1.9715127 1.8109214 1.7437103 1.8927142 2.1225195 1.8255783 1.7268233 1.8988927 2.1472745 1.6972858 2.2998155 1.8808999 1.8406027 1.9408910 1.5513994 1.5415221 1.6756800 2.3532788 2.2427047 2.0791326 2.3495927 2.1977366 2.2415686 1.9236637 0.0000010 1.9157398 2.0213800 1.9708087 2.5187290 1.8744958 0.0000000 0.0495758 1.0418831 1.2983877 1.3092540 2.4283676 2.3441449 2.4910824 2.5031409 2.3435594 2.4294381 2.3307458 2.8334914 1.8242135 2.0010255 2.2660510 1.8348521 3.6793028 
Horcal_Hcv1.av93.c2.g691.i1                                  5.2659642 5.1652268 1.6001242 1.6762064 2.6006336 2.8737973 1.6410910 2.3739651 2.8457647 2.7989483 2.9080397 1.4937670 1.4806579 2.4328751 2.3552035 2.3431983 2.3265892 2.4508782 2.6931883 2.0504236 2.4303178 2.5340436 2.3474531 2.2545378 2.1547766 2.4066062 3.1118164 2.4128042 2.5434792 2.2003664 2.3200162 1.9849122 2.5030168 3.7070052 2.7106153 2.9573907 3.0117738 2.4115437 1.9679549 2.9369250 2.6805850 2.7253846 2.3872937 2.9669602 0.0495758 0.0000000 1.1629932 1.3754297 1.3360615 2.9963883 2.8125576 2.9843520 3.3286329 2.9249041 3.1440439 2.2339716 2.8279611 3.2747043 2.9685874 3.2976648 3.4011017 3.7707665 
Vmul_SimC397802                                              4.3874417 4.5100065 1.5822298 1.9890378 2.7565967 2.5565954 1.6822222 2.4797504 2.7953016 2.5796543 3.0981249 1.5359466 1.5248812 2.6951612 2.3974297 2.3727222 2.4900440 2.3364056 2.6190748 2.1585006 2.3993849 2.3950327 2.6274154 2.6513061 2.5017179 2.6729372 3.0289338 2.5945253 2.6182319 2.2428753 2.6404143 2.0297603 2.3881024 3.2397001 2.7415167 2.9360768 2.9527919 2.5466553 1.9608919 3.3785601 3.0800792 2.9371793 2.2364387 2.8913415 1.0418831 1.1629932 0.0000000 0.8429720 1.1444898 2.5657113 2.4744309 2.4167490 2.6525102 2.5460964 2.8598965 2.2702130 2.9978066 3.4184506 2.7610053 2.9674697 3.2840182 3.2259711 
Coemet_Cmet_scaffold4088_01                                  4.0590858 3.6816302 1.9691737 2.2636664 2.5497249 2.2140978 1.9244307 2.0759836 2.3751885 2.5395361 2.7342746 1.5553262 1.6180184 2.2055816 2.1212509 2.0393367 2.1425777 2.1093291 2.2877040 1.8734817 1.8983575 2.2426572 2.2594960 2.1967465 2.1088465 2.0367030 2.5129962 2.2002146 2.2620535 1.9293109 2.1947702 1.8274183 2.2754875 3.1275087 2.5770010 2.7403700 2.7345683 2.3940337 2.1481138 2.7628256 2.6807379 2.7099537 2.1476023 2.7341311 1.2983877 1.3754297 0.8429720 0.0000000 1.0704076 2.3537006 2.2696445 2.2928763 2.5827963 2.4568523 2.4998249 2.2134335 2.7644011 2.7804184 3.0184919 2.7721053 2.8806963 3.2390645 
Lampan_Lpan_C409871_01                                       4.6081678 4.2215232 1.7021094 2.2320413 2.7361487 2.5532894 1.8095548 2.1308208 3.0655073 2.4430995 2.9264584 1.6766199 1.7042385 2.2051877 2.4805857 2.4105677 2.4934606 2.5405261 2.3584388 1.9658876 2.2623303 2.1891489 2.4213492 2.1694103 2.1519351 2.6190076 3.2288176 2.5829434 2.6356525 2.1345532 2.4211358 2.1020449 2.3872684 2.7969925 2.6420416 2.7395365 2.7312195 2.5455274 2.0790112 2.9231186 2.8855926 2.8115833 2.3256493 3.3571197 1.3092540 1.3360615 1.1444898 1.0704076 0.0000000 2.6606423 2.5259015 2.4889817 2.8542001 2.6647914 2.9351691 2.2689520 2.7027462 3.5877663 3.1356500 2.9953364 3.4722041 3.2345739 
HoiH23_PlH23_005820-RA                                       3.3069077 3.5817056 1.4793314 1.7287005 2.1803109 2.1124618 1.5195433 1.8108536 2.4242224 2.8169150 2.3902569 1.4516142 1.3988003 1.8331464 1.6771249 1.7222170 1.7862514 1.6955210 1.8924145 1.8412605 1.5024060 1.9035882 1.8014156 1.7740788 1.7008437 1.8967692 2.2015153 1.8706953 1.9020322 2.0097104 1.9002207 1.5775638 1.7614001 2.3361017 1.7965691 2.0381033 2.0576036 2.0639573 1.9695798 2.4539165 2.5473007 2.4143188 2.1396254 2.2940519 2.4283676 2.9963883 2.5657113 2.3537006 2.6606423 0.0000000 0.0998796 0.1574166 0.2212792 0.2933349 0.4337806 2.1871194 2.2244550 2.1454883 2.0450301 2.7096145 2.3822073 3.0769823 
HoiH06_mRNA7064                                              3.2689735 3.3994574 1.5661537 1.6895613 2.2029836 2.0859958 1.6226571 1.8796268 2.1739050 2.8581896 2.3834061 1.4771842 1.4173770 1.8862297 1.7834459 1.7964272 1.7335023 1.7536537 1.8445960 1.7758831 1.5259989 1.9334170 1.8123362 1.8436671 1.7839412 1.8761397 2.1402778 1.8857770 1.9320891 1.8985984 1.9136151 1.5807741 1.8157714 2.3196753 1.7509077 2.0589729 2.0802973 2.0938250 1.9510244 2.3565756 2.5514540 2.3990578 2.2547932 2.4096073 2.3441449 2.8125576 2.4744309 2.2696445 2.5259015 0.0998796 0.0000000 0.1632964 0.1802778 0.3162553 0.4434576 2.2702256 2.1096769 2.2078053 2.1828061 2.6504021 2.4347763 3.0459926 
Hhon_g08969.t1                                               3.6023310 4.0660679 1.4716968 1.6636940 2.1796856 2.1551125 1.4805328 1.8520253 2.3975362 2.8515208 2.4359615 1.4737631 1.4384994 1.9298787 1.6782363 1.6958244 1.7791527 1.7262684 1.8881125 1.8128323 1.5123407 1.8261747 1.7401137 1.7806576 1.7628136 1.9559749 2.2443682 1.9066690 1.8813264 1.9765438 1.9195434 1.5719242 1.8075491 2.3585189 1.8019475 1.9900978 1.9882005 2.1138223 2.1081645 2.5189014 2.5800403 2.3721265 2.0657485 2.3851991 2.4910824 2.9843520 2.4167490 2.2928763 2.4889817 0.1574166 0.1632964 0.0000000 0.0438297 0.3448474 0.4748399 2.0674760 2.3186802 2.2307527 2.2652997 2.7645596 2.4734670 2.9339188 
HoiH04_mRNA9275                                              4.5186522 5.0059664 1.6985243 1.6542556 2.3578239 2.3421459 1.6687744 2.0546356 2.4293008 3.2096289 2.5520793 1.7075380 1.6270313 2.0762322 1.9465372 1.9751362 1.9065103 1.9967554 2.0161161 2.0809116 1.7225279 2.0236580 1.9127519 1.9535324 2.0223842 2.2351642 2.3461263 2.1079354 2.1174975 2.0908809 2.1343564 1.7541956 1.9655538 2.6747455 1.9964488 2.2576394 2.2558256 2.3363539 2.1542170 2.8966716 2.8915805 2.4786877 2.2464152 2.4368191 2.5031409 3.3286329 2.6525102 2.5827963 2.8542001 0.2212792 0.1802778 0.0438297 0.0000000 0.4343350 0.6015047 2.2804554 2.3938692 2.4134557 2.6242296 3.0362361 2.8291677 2.9249714 
TrH2_TrispH2_008634-RA                                       4.0660878 3.5759846 1.5338536 1.6829571 2.2682238 2.1211319 1.5959671 1.9249876 2.4534648 2.9222966 2.5838117 1.4976900 1.4556836 1.8910082 1.6929806 1.7572377 1.8548693 1.8016472 1.8917425 1.8382879 1.6439627 1.9110799 1.8388893 1.8719764 1.8195783 1.9906125 2.3625499 1.9809509 2.0629984 2.0594970 2.0414739 1.4626295 1.7419082 2.3014908 1.7888357 2.1630359 2.1577149 2.0880651 2.2177442 2.4388882 2.4534343 2.5450832 2.1748210 2.4181891 2.3435594 2.9249041 2.5460964 2.4568523 2.6647914 0.2933349 0.3162553 0.3448474 0.4343350 0.0000000 0.1093511 2.0774748 2.2876567 2.3459498 2.1794415 2.8940814 2.6234875 3.2082695 
Tadh_TriadT61311                                             4.3384218 4.7413197 1.5474082 1.7078181 2.4756875 2.2846594 1.6269234 2.3017444 2.5543925 2.8388728 2.8734717 1.4976900 1.4556836 2.1498149 2.0127668 2.0308744 2.1615510 1.7893136 2.2444982 1.8622507 1.9513474 2.3140654 2.1718720 2.1925471 2.0784371 2.2887090 2.7433616 2.2296090 2.4454750 2.2757197 2.3124417 1.4626295 1.8760666 3.0511167 2.0760057 2.4418038 2.4385233 2.4842745 2.2177442 2.5585393 2.6994416 2.8184317 2.5632997 2.8141374 2.4294381 3.1440439 2.8598965 2.4998249 2.9351691 0.4337806 0.4434576 0.4748399 0.6015047 0.1093511 0.0000000 2.1203428 2.7380356 2.5117409 2.8302888 3.0718471 3.7728178 3.4780556 
Dpul_mRNA8436                                                1.7454659 1.7900946 1.8955553 1.8806326 1.8272019 2.0940139 1.7921806 1.5413232 1.9945860 2.0960180 1.9557376 1.8327362 1.9446374 2.0318132 1.6883638 1.6455127 1.6765962 1.6679462 1.8931047 1.5990771 1.7216885 1.5148597 1.6259137 1.5066576 1.7394163 1.8699882 1.9591273 1.8003706 1.5669763 1.7174599 1.7462830 2.1751495 1.9377319 1.5879273 1.9460710 1.9316860 1.9359936 1.8605119 1.6411072 1.9411111 2.1864268 1.9281516 1.8275449 1.7545669 2.3307458 2.2339716 2.2702130 2.2134335 2.2689520 2.1871194 2.2702256 2.0674760 2.2804554 2.0774748 2.1203428 0.0000000 1.9167428 2.0020914 1.9727460 2.4917282 1.4426627 2.6558235 
Cscu_XM_023377178.1                                          3.6428503 5.1484138 1.6706284 1.7639609 2.1330797 2.5914649 1.8054026 1.7870322 2.9685646 3.2954758 2.6107560 1.7577876 1.7072304 2.4909477 1.7882236 1.7698669 1.7358448 1.7983902 2.1329812 2.0782785 1.7789526 1.6774593 1.7728786 1.6778158 2.2925369 2.1853616 2.5270671 2.0482223 2.1274170 2.4366275 2.3010930 1.6216695 1.8441085 2.9842741 2.0784399 2.4777959 2.4459532 2.3320404 1.5993436 2.3605637 2.6660800 2.1946362 2.2246357 2.6987361 2.8334914 2.8279611 2.9978066 2.7644011 2.7027462 2.2244550 2.1096769 2.3186802 2.3938692 2.2876567 2.7380356 1.9167428 0.0000000 2.4688724 1.9909982 2.7997271 2.5040016 2.9402159 
Adig_XM_015908743.1                                          3.8618921 5.0841535 1.2749515 1.2396189 3.1746701 2.9643010 1.5488587 2.0200530 2.7513895 2.3204017 2.4154439 4.9426855 1.6425882 2.9857162 0.7570648 0.9171540 0.8519654 0.5020631 0.5763088 1.3909102 1.3120691 1.8202465 2.1192716 2.0070761 2.1735802 2.2787546 2.1714311 2.1689293 2.4926012 1.9252147 2.3236990 3.1145400 2.2851521 2.8626063 2.2284670 2.4432353 2.4949111 2.1573090 4.4946727 2.8786634 2.9828743 3.1370260 3.2148227 2.7728807 1.8242135 3.2747043 3.4184506 2.7804184 3.5877663 2.1454883 2.2078053 2.2307527 2.4134557 2.3459498 2.5117409 2.0020914 2.4688724 0.0000000 1.8552559 2.4136797 1.7832613 4.7181750 
