91
Lcom_lcpid186202                                       0.0000000 4.2269387 3.1983037 4.1964475 6.1243983 6.1867918 3.1746186 4.0853699 4.1252573 3.0661453 3.0122667 3.6070670 3.9175977 3.7262418 2.9344491 3.7774395 3.4213864 3.4502764 3.3023487 3.5556327 3.4354437 3.4120463 3.0781382 3.1229627 2.9215198 2.9554061 2.9554061 4.4680112 3.6129619 3.0782348 2.8250609 1.3832278 2.8216116 3.7934372 5.3487543 3.0311142 2.6917864 3.2244655 3.4577348 3.7614268 3.6725782 3.8634241 3.0364655 3.0503699 2.8037252 3.0752060 6.4483196 6.1063021 3.5398966 4.5201692 3.6197175 4.0117071 3.7717853 3.6647760 4.3513546 4.8601475 8.8763030 8.9999982 8.9999987 3.4717135 5.5266189 8.8938291 4.1842678 5.8747919 5.8583420 5.1604752 4.4268150 5.3147762 5.1132508 6.1469945 6.2109950 4.0574183 4.6686632 5.7468294 5.8297410 5.8224895 5.1675293 8.0067819 7.3403567 6.2492402 6.6380648 5.9086131 5.7951710 6.1175678 3.6188228 6.7945769 6.7945769 5.9203242 5.9203242 3.4685805 7.1816962 
Cscu_XM_023378376.1                                    4.2269387 0.0000000 5.1084683 1.8091726 2.5822639 2.4860162 2.5686025 2.8896553 2.7310109 2.3260600 2.2749006 3.3069384 2.1637763 2.3148493 2.4480447 2.6168853 2.2814352 2.2814352 2.5947838 2.4054918 2.3235999 2.3222818 2.2743828 2.2326097 2.2295794 2.1312080 2.0875911 2.3871322 2.2027616 1.9226169 1.4227300 2.1209318 2.1582868 2.2601727 1.2419913 1.6732796 1.5384229 1.2111606 2.9301567 2.6718458 2.6921190 2.5947886 2.3522645 2.3033965 2.7733292 2.1087267 2.3663514 2.6275061 2.0065574 1.9246559 2.0075572 2.1273627 2.4276269 2.3973607 2.2572363 4.8966377 5.9197389 4.8330595 5.6907727 2.2674523 4.9623672 3.0904130 2.6746756 6.6180071 1.4165308 2.5268225 3.0004767 5.0956359 9.0000000 3.0717029 3.0258886 2.4807926 2.9342398 4.5891085 3.2559586 2.7430725 1.8120842 3.7331771 3.3401828 3.2731502 2.9162586 1.2066426 2.5956642 3.0367560 7.1638806 1.0779761 1.0779761 2.9290423 2.9290423 4.5563659 5.9994019 
Cscu_XM_023378375.1                                    3.1983037 5.1084683 0.0000000 1.7149768 0.0000010 3.5722219 1.9777388 2.7730079 1.7154511 2.2333357 2.5910774 2.6418320 2.0408398 2.4708300 2.2499927 1.6146894 2.6488862 3.1609548 2.1672505 2.3860838 2.4291923 2.4901688 2.2311782 2.2784560 2.2677870 2.2372804 2.2141958 0.0000010 1.1946715 2.2069440 1.3630303 1.4497513 2.5709636 3.3010417 1.3561818 1.9542023 1.7888280 2.3403197 2.2401508 2.6677567 2.7571508 2.5526161 2.3213599 1.8998535 2.2861521 2.4016556 1.7912822 3.3312723 2.1265433 1.7512125 2.8182991 2.3350306 2.2241283 2.3766571 2.4982875 2.1703051 3.1162882 4.5453707 4.8942746 2.6223593 3.2516031 4.2535133 2.9288868 6.3403831 5.5798027 3.4268930 1.1207710 3.9836564 3.7417099 3.7013131 3.4784420 3.2792022 3.6842628 3.7471274 3.9109986 4.2393240 3.8697665 4.0860726 5.5784915 3.7029390 4.9096856 4.7658902 0.0000010 9.0000000 3.2648839 6.2248968 6.2248968 3.9066239 3.9066239 5.5746782 3.8042475 
Cscu_XM_023378463.1                                    4.1964475 1.8091726 1.7149768 0.0000000 2.1752109 2.2103295 2.1429406 2.5800880 2.1729547 2.3093471 2.5355263 3.1369130 1.7737681 2.4891992 2.4930469 1.4904119 2.5325658 2.7363767 2.5335318 2.4178082 2.2929684 2.3309193 2.3701199 2.3606508 2.1553460 2.0874112 1.9410756 2.5945637 2.4939330 2.2504781 1.5195127 4.6056128 2.4003878 2.6688364 1.6611915 1.9481396 1.6663599 2.1969209 2.6614502 2.6325140 2.7698036 2.8211905 2.2202582 2.2042493 2.2244672 2.6077719 3.6488145 3.2885951 2.2703419 2.0069507 1.9629298 2.5507933 2.6793299 2.5844571 2.1052824 2.5108210 2.8891854 3.6101698 4.5577952 2.4599239 3.2359001 3.0917929 2.9409541 7.1675250 6.0942759 3.7132982 2.4871030 4.2152711 3.9317704 3.4648086 3.6203435 3.1834684 3.5590710 4.3362439 3.9943102 5.5812995 3.8191289 3.5143116 2.3010993 3.4178666 3.2459898 2.9947108 2.8941121 2.4338423 3.4568994 7.0873795 7.0873795 5.0661655 5.0661655 6.7479090 3.9946651 
Stycar_maker-SC_scaffold110981-snap-gene-0.2-mRNA-1    6.1243983 2.5822639 0.0000010 2.1752109 0.0000000 1.1204053 1.1204053 0.7510481 2.6136690 1.1564918 1.0953999 2.0689649 0.6945825 0.6945825 0.4935863 0.0000010 0.9432241 0.9432241 1.1189444 0.6967730 1.0745306 1.0200503 1.0734698 1.1161714 0.8817736 1.2428958 0.8793720 0.8267971 0.8267971 0.8267971 0.0000010 0.0000010 0.9468061 0.8069497 0.0000010 1.4067251 1.1938002 0.0000010 1.4391310 1.5632361 1.2965600 1.5170823 1.2548580 1.6760686 1.4482832 2.6943361 0.0000010 0.0000010 1.9188439 1.9188439 1.2698542 2.2332246 1.4433347 1.4361680 1.0893113 1.5457143 3.7059082 1.5859724 6.6632870 1.8859179 4.5804256 2.8429308 0.0000010 9.0000000 9.0000000 3.4275272 2.8433475 0.0000010 0.0000010 3.1400432 2.3898387 1.0836387 1.7963588 0.0000010 2.1555881 0.0000010 0.0000010 2.6480448 2.5174387 2.5174387 1.0618820 0.0000010 2.1167129 2.3632772 5.8108095 0.0000010 0.0000010 0.0000010 0.0000010 3.3798435 7.8287016 
Amil_Amillepora09320-RA                                6.1867918 2.4860162 3.5722219 2.2103295 1.1204053 0.0000000 0.0772982 0.4310080 0.9624489 0.6086828 0.5952325 0.7378478 1.0885493 1.2806211 1.1228387 0.8298505 1.0887969 1.0887969 0.9532578 0.8666524 0.9912468 0.9686369 0.9933735 1.0306387 0.8975423 1.0693066 0.9101543 1.7125818 1.5980644 1.3138408 0.8916617 0.6307007 1.1269084 1.1926639 1.5753775 1.8117333 1.4280788 0.9667756 1.3693705 1.5615680 1.4148949 1.5871972 1.3329927 1.5822724 1.4915072 2.0871122 8.3044819 2.0475083 1.9080938 1.7726508 1.8384413 2.4432321 1.3715473 1.3273942 1.1923916 1.8952272 2.7865120 2.3909411 4.8146322 2.1175617 2.4786314 2.9028930 2.9771279 6.9325957 8.9999988 2.7327253 2.4392343 4.1200407 3.7500440 2.9144391 2.9044164 1.6833425 2.0461008 4.3538169 2.3352495 8.9999983 2.6793862 2.1204276 2.1240999 2.4734796 2.5997856 1.1220163 1.8110145 2.0177315 8.3885773 9.0000000 9.0000000 9.0000000 9.0000000 8.4756399 4.3023130 
Adig_XM_015905004.1                                    3.1746186 2.5686025 1.9777388 2.1429406 1.1204053 0.0772982 0.0000000 0.4868745 0.6118937 0.5807336 0.6047478 0.7830849 0.9717928 1.1506895 1.2885769 0.6884758 1.1213530 1.2175159 0.8494777 0.8730857 1.2753505 1.1990373 1.1786401 1.2154721 1.1306989 1.2012568 1.1163890 1.7125818 1.4178849 1.1070401 0.6678486 0.6112735 0.9952276 1.1933828 1.3067259 1.6136828 1.3537941 1.0748138 1.2927600 1.3214084 1.2098386 1.4097951 1.2535927 1.2988796 1.2851632 1.7431996 1.9258404 1.7400634 1.6750075 1.4255830 1.8411103 2.1804987 1.3624408 1.3751054 1.2754839 2.0998098 2.5246081 2.7547197 3.8943099 1.9633604 2.7060915 3.1726798 2.4682152 5.7097933 4.7057061 2.5940948 2.4259048 2.8892047 2.8668546 2.7859394 2.9350616 1.7575993 2.0573116 3.2976381 2.6593168 3.3067608 2.5884364 2.1740487 2.3882829 2.8126940 2.3131964 2.0251788 1.8110145 2.0385053 3.2743564 6.2071728 6.2071728 3.6697195 3.6697195 5.9350608 4.2785635 
Gfas_gfas1.m1.18505.m1                                 4.0853699 2.8896553 2.7730079 2.5800880 0.7510481 0.4310080 0.4868745 0.0000000 0.3694946 0.6153867 0.6283596 0.7951517 0.9438904 1.2317624 1.2558510 0.7554307 1.1534266 1.2166313 0.9646735 1.0027553 1.2745021 1.2241778 1.2459723 1.2588238 1.2370772 1.1969084 1.1969084 1.3453732 1.2019331 1.1918056 0.7117124 0.8721075 1.0145327 1.4049348 1.2966197 1.7933005 1.6345038 1.2769157 1.3057994 1.3711731 1.3254124 1.5002147 1.4387133 1.3905228 1.3250741 1.5993639 1.5990298 1.6737614 1.6768738 1.2782411 1.9837708 2.2424407 1.4038677 1.4315000 1.4280782 2.0125823 2.8792710 2.6281342 3.2758603 2.0577227 2.9141743 3.1856381 2.8690320 8.2333359 8.0739529 2.7778190 1.9478126 2.8834794 2.8808702 2.7077170 2.7929319 2.0559066 2.1903686 3.3449723 2.8113181 3.5622959 2.9218349 2.2045680 2.5144634 3.1621297 2.2826037 2.4428960 1.5431994 1.8214986 3.8617475 8.0015260 8.0015260 3.7749348 3.7749348 7.9278612 4.0900795 
Gasp_gasp1.m3.24302.m1                                 4.1252573 2.7310109 1.7154511 2.1729547 2.6136690 0.9624489 0.6118937 0.3694946 0.0000000 0.5122330 0.5560121 0.2155349 1.4221696 1.2984936 1.3113025 0.6718598 1.1215417 1.1215417 0.9178449 0.9290809 1.1010108 1.0039054 1.0712867 1.0607020 1.0173427 1.1434792 0.8759015 3.1799236 2.7438939 1.2004968 0.7120240 0.9921892 1.0485985 1.0552678 1.3036881 1.5949783 1.4219992 0.7933723 1.2593277 1.3678359 1.2262246 1.3900275 1.2982282 1.4643068 1.0995718 1.4574097 1.4906258 0.8998507 1.7935339 1.7935339 1.3317034 1.8896924 1.4320304 1.3824156 0.9893472 2.4101332 2.5391424 2.4190879 4.0004651 1.7978341 2.9623612 3.1355442 1.4604251 5.3021906 3.6880768 1.9888713 1.7536078 1.8480132 1.8733504 2.3167296 2.1969201 1.5734952 1.7440929 1.8902570 2.2747146 1.8239196 1.7310516 2.3530634 2.5641307 2.4234232 2.0957228 0.7901257 3.2649153 2.6056431 3.9993696 6.1734038 6.1734038 2.0367954 2.0367954 7.2783101 4.5724648 
Spis_XP_022796565_1                                    3.0661453 2.3260600 2.2333357 2.3093471 1.1564918 0.6086828 0.5807336 0.6153867 0.5122330 0.0000000 0.1451277 0.5686484 0.8681816 1.2533069 1.2989763 0.6975570 1.2538199 1.3444558 0.9594734 0.9336861 1.0892517 1.0854214 1.0188881 1.0401893 1.0612752 1.1816814 1.1198055 1.6646326 1.4652305 1.2756380 0.8025962 0.9299044 1.0662666 1.2256322 1.5164823 1.7348959 1.4948541 1.1965862 1.4123867 1.4108072 1.4240297 1.4531572 1.5242007 1.4982451 1.3063101 1.6584033 1.4861762 1.8429377 1.8359806 1.4452280 1.7888789 2.0599785 1.4924089 1.4715926 1.2616944 2.0873682 2.8875223 2.7006973 3.3170640 2.1018068 3.0753915 3.2468597 2.3772898 6.7311578 7.0281199 2.9139151 2.2745702 3.2139061 3.1598416 2.9572475 2.8682459 2.0644375 2.2549627 3.6939883 3.1283599 3.8992543 3.1451065 2.2649245 2.3769133 2.8798666 2.2335957 2.1768055 2.1243574 2.3836740 2.9225914 7.1005365 7.1005365 4.0120720 4.0120720 5.9476242 4.4726712 
Pocdam_XM_027192348.1                                  3.0122667 2.2749006 2.5910774 2.5355263 1.0953999 0.5952325 0.6047478 0.6283596 0.5560121 0.1451277 0.0000000 0.6465038 0.8507470 1.3309779 1.4044623 0.6936200 1.3002694 1.4374194 1.0249753 0.9515286 1.1481228 1.1496049 1.0661357 1.0870955 1.0991131 1.2726102 1.1948026 1.7049903 1.5146838 1.2609651 0.7388686 0.8312038 1.1287524 1.3303290 1.4640032 1.7944369 1.5443552 1.3072180 1.4467361 1.4790763 1.4932641 1.5582345 1.5819309 1.5875264 1.3645951 1.7578758 1.4121847 1.9364255 1.8791047 1.4293773 1.8832741 2.1325644 1.5114049 1.5070087 1.3230176 2.0518932 2.7200699 2.6512221 3.4841392 2.2058926 2.9811700 3.2142790 2.6115086 6.4525000 8.6921491 3.0992703 2.2655898 3.4310053 3.3748742 3.0698936 3.0079823 2.0264060 2.2529152 3.7837887 3.1487455 4.1576022 3.2955048 2.3924279 2.5645831 3.0412457 2.2290331 2.1291196 2.0354690 2.2941406 2.8929882 8.5123063 8.5123063 4.6783435 4.6783435 6.4612226 4.5998553 
Fspp_ffun1.m4.16754.m1                                 3.6070670 3.3069384 2.6418320 3.1369130 2.0689649 0.7378478 0.7830849 0.7951517 0.2155349 0.5686484 0.6465038 0.0000000 0.9612448 1.4413851 1.6667821 0.8148085 1.3814039 1.6155832 1.1739559 1.2698795 1.4829750 1.4034443 1.3965622 1.4011107 1.4296987 1.4703438 1.4661469 1.4603087 1.1182242 1.2680744 0.8933402 0.8935134 1.1158844 1.5410276 1.3102710 2.1663301 1.6264436 1.3443862 1.6598209 1.4672997 1.4481830 1.5868133 1.7827606 1.5693753 1.3917882 1.9552064 1.1290831 1.6941329 2.1448506 1.5000150 2.7698018 2.3224659 1.9230469 1.9702692 1.4775737 1.8664261 2.4195467 3.1928890 3.8195072 2.3235329 3.4571993 2.9262658 2.7107975 7.4725732 7.5486273 3.2629784 3.3683470 3.0675939 3.0704966 3.4901108 3.3154501 2.6017809 2.6564047 3.9181609 3.7739533 3.3686267 3.3197425 2.4566494 4.2244788 3.5521081 2.5245034 3.1523988 3.1664396 4.6216838 3.3359060 7.7139658 7.7139658 3.8088032 3.8088032 7.4175101 4.0371747 
Spolac_c100762_g1_i3_m.23458c100762-g1                 3.9175977 2.1637763 2.0408398 1.7737681 0.6945825 1.0885493 0.9717928 0.9438904 1.4221696 0.8681816 0.8507470 0.9612448 0.0000000 0.0203001 0.6647715 0.4574055 0.7207333 0.7207333 0.8864670 0.7842331 0.9075479 0.8901699 0.8901368 0.9116626 0.8819054 0.9641461 0.8307529 1.3078974 1.2169863 0.8917702 0.7542040 1.9668151 0.9360997 0.9502994 1.5802568 1.1780352 1.0114009 0.1589016 1.1921205 1.1156461 1.2085653 1.3777349 1.1402717 1.3290029 1.2660396 1.5628637 4.9321554 1.1863309 1.4259643 1.4259643 1.4501803 1.9859935 1.3042618 1.3008008 1.0159993 2.4219745 2.8276645 2.0472806 3.8898444 1.7237634 2.8629917 3.3139807 1.5799720 5.1504547 0.0000010 2.3931638 2.2053826 2.6176497 2.6253330 2.4834954 2.2757144 1.7925652 2.0062825 2.3235944 2.1202818 3.7546336 1.9986783 1.7713310 2.1586042 2.2538580 2.7423375 0.6229210 2.3904171 1.9814026 3.9185786 0.0000010 0.0000010 0.0000010 0.0000010 5.0291313 4.6253479 
Spolac_c100762_g1_i4_m.23461c100762-g1                 3.7262418 2.3148493 2.4708300 2.4891992 0.6945825 1.2806211 1.1506895 1.2317624 1.2984936 1.2533069 1.3309779 1.4413851 0.0203001 0.0000000 0.9255210 0.4454720 1.0164007 1.0823495 1.1720818 1.2892849 1.4446909 1.3907791 1.4071971 1.4454231 1.3744248 1.3049223 1.2306785 1.3078974 1.2254998 1.2239486 0.7101367 0.7357038 1.2997892 1.4507284 1.0030114 1.6129824 1.4014385 0.4356921 1.4917044 1.4521790 1.5071509 1.6714210 1.4162849 1.5325096 1.6806064 2.0329330 1.7502414 1.9735521 1.7940381 1.4506004 2.2120691 2.2550833 1.4658524 1.5487581 1.3608384 1.9655381 2.9228465 2.9336525 4.0315185 2.1260188 2.7656431 3.1976226 2.5200400 7.4295035 8.1119298 3.0811480 2.2053826 3.2107079 3.2568163 3.2445590 3.0885200 1.9889527 2.3807217 3.2988177 2.8099965 4.5424441 3.0620762 2.4365184 2.3993588 2.8021387 3.2454698 2.1799251 2.3904171 2.0021487 2.9313277 7.4058574 7.4058574 4.3161651 4.3161651 5.7366838 4.6278485 
Tetwil_g6242.t1                                        2.9344491 2.4480447 2.2499927 2.4930469 0.4935863 1.1228387 1.2885769 1.2558510 1.3113025 1.2989763 1.4044623 1.6667821 0.6647715 0.9255210 0.0000000 0.4048787 0.9355210 1.0114329 1.2447409 1.2950720 1.4962278 1.4710742 1.4304955 1.4426674 1.3186824 1.4564593 1.3782958 0.9304623 0.9438195 1.1776881 0.8639915 0.8309234 1.3466984 1.4247726 1.3689706 1.7571056 1.4348218 1.2429127 1.5881999 1.7312711 1.5494793 1.7469439 1.3302418 1.4798431 1.5991453 1.9078424 1.9013294 2.1058977 2.0289802 1.7077450 2.2034641 2.1939728 1.4187036 1.4506274 1.3323977 2.1080871 2.9356847 2.5819543 3.4665576 2.2404145 3.0386593 3.4938356 2.4270859 7.1644773 7.1081762 2.5770755 2.0997190 2.8148885 2.8233837 2.7227291 2.6704770 1.9027637 2.1632992 2.9994728 2.8092072 3.3468773 2.8161150 2.2935137 2.2114827 2.5478411 2.8578681 2.6458041 2.4192251 2.3481546 3.3598430 6.6585065 6.6585065 3.8014667 3.8014667 5.6296478 4.7136480 
Stycar_maker-SC_scaffold6867-snap-gene-0.124-mRNA-1    3.7774395 2.6168853 1.6146894 1.4904119 0.0000010 0.8298505 0.6884758 0.7554307 0.6718598 0.6975570 0.6936200 0.8148085 0.4574055 0.4454720 0.4048787 0.0000000 0.4839849 0.4839849 0.6896972 0.7039395 0.7799839 0.7501429 0.7467522 0.7514284 0.6941875 0.6947297 0.6947297 0.7047486 0.6161514 0.6434740 0.6735329 0.5898199 0.8464878 0.9106588 1.2293117 0.7890922 0.8093435 0.4546782 0.8583604 0.9038138 0.8358041 0.8730327 0.7981611 0.8486863 0.9574899 1.0006549 1.5691714 0.9249154 1.2624417 1.2624417 1.4038488 1.5208094 0.9031957 0.8951535 0.7525787 1.5826291 2.2998875 1.9724125 2.7318942 1.2413538 3.0137644 2.8335764 1.3546630 5.6338362 0.0000010 1.7627473 1.7643885 2.0084334 2.1823570 2.0021848 1.8924593 1.7208896 1.7208896 2.1017818 1.8497808 1.9118763 1.8110521 1.5508683 1.5341386 1.8117648 2.1576203 0.8988902 1.1604347 1.4972487 3.3767551 8.9999988 8.9999988 2.4796441 2.4796441 8.0811707 3.7041072 
Plajan_Pjan_scaffold21601_01                           3.4213864 2.2814352 2.6488862 2.5325658 0.9432241 1.0887969 1.1213530 1.1534266 1.1215417 1.2538199 1.3002694 1.3814039 0.7207333 1.0164007 0.9355210 0.4839849 0.0000000 0.0246380 1.3479494 1.3424961 1.5099925 1.3956918 1.4633258 1.4580696 1.3290920 1.3831326 1.3379412 0.9408901 0.8616046 0.9660814 0.6728093 0.6995339 1.4325488 1.5948307 1.1322884 1.5015189 1.3802424 1.2935314 1.5777059 1.6761928 1.5831154 1.5353020 1.4113327 1.4214494 1.4523742 1.8670074 1.5628699 1.8129361 1.7881807 1.3867652 1.9481229 2.2351384 1.8338458 1.8593785 1.3342034 1.8054976 3.0445276 2.8080206 3.9400470 2.1396365 2.9734609 3.6572625 2.7159525 6.4382076 6.9711949 2.6214897 2.2341355 2.9270787 2.9315201 2.7262280 2.5420726 2.0224896 2.2411275 3.3507955 2.7862340 3.4578373 2.7533315 2.3359683 2.3922484 3.0558615 3.2652576 2.0487930 2.1290856 1.9813103 3.9173346 8.4344003 8.4344003 4.1668387 4.1668387 6.7911701 4.2468371 
Plajan_Pjan_scaffold21602_01                           3.4502764 2.2814352 3.1609548 2.7363767 0.9432241 1.0887969 1.2175159 1.2166313 1.1215417 1.3444558 1.4374194 1.6155832 0.7207333 1.0823495 1.0114329 0.4839849 0.0246380 0.0000000 1.4556404 1.4521407 1.5808211 1.4550562 1.5308632 1.5259595 1.3981300 1.4331431 1.3905961 0.9408901 0.8616046 1.0180369 0.6728093 0.6995339 1.5135783 1.6588254 1.1322884 1.6255199 1.5165715 1.4258321 1.7028949 1.7823753 1.6968301 1.6532943 1.5112175 1.5039953 1.5778615 1.9776700 1.5628699 1.8495448 1.9398319 1.3867652 2.1306371 2.4009733 1.9156122 1.9481191 1.4284020 1.8054976 3.2384581 2.9974285 3.9477001 2.3028742 2.9734609 3.6572625 2.8864625 7.8869211 8.9999986 2.8547279 2.2341355 3.2837632 3.2872954 2.9828294 2.7885818 2.0224896 2.2411275 3.7216373 3.0004721 3.8631736 3.0280131 2.3359683 2.5574058 3.3816705 3.2652576 2.2050696 2.1290856 1.9813103 4.3782154 8.9999985 8.9999985 5.0637868 5.0637868 7.4839934 4.2468371 
Nvec_v1g86695                                          3.3023487 2.5947838 2.1672505 2.5335318 1.1189444 0.9532578 0.8494777 0.9646735 0.9178449 0.9594734 1.0249753 1.1739559 0.8864670 1.1720818 1.2447409 0.6896972 1.3479494 1.4556404 0.0000000 0.8721647 1.3621923 1.3227885 1.2808008 1.3049147 1.1924936 1.2912445 1.1856619 1.6544712 1.5346197 1.4541907 0.9205710 1.1125848 1.0755856 1.1651814 1.4022811 1.7457074 1.4139596 1.2574784 1.2829867 1.3856040 1.3873389 1.4261861 1.3685389 1.3701080 1.3071921 1.7537902 1.6807357 2.0094677 1.8604347 1.5045405 1.9554880 2.3728295 1.7251865 1.7663649 1.2342369 2.1015975 2.8423616 2.9571039 3.6409767 2.0040311 3.0571818 3.3688844 2.4009335 6.8335752 5.1426965 2.5582384 2.1628924 3.0689900 3.0044259 3.0158788 2.6915365 1.8060029 2.0362578 3.1724665 2.7622643 3.7109438 2.8268989 2.4372246 2.3841168 2.9872238 2.2981244 2.4351917 2.7480529 2.1320366 3.0866257 5.5483699 5.5483699 3.6409427 3.6409427 5.2561251 4.2644472 
Exapal_XM_021037635.2                                  3.5556327 2.4054918 2.3860838 2.4178082 0.6967730 0.8666524 0.8730857 1.0027553 0.9290809 0.9336861 0.9515286 1.2698795 0.7842331 1.2892849 1.2950720 0.7039395 1.3424961 1.4521407 0.8721647 0.0000000 1.1443607 1.1739911 1.2170584 1.2508430 1.1381257 1.2819876 1.2275316 1.3598357 1.1803359 1.2921279 0.7549152 0.8506827 1.0022874 1.2354874 1.4032960 1.7272710 1.6394491 1.4171040 1.3107870 1.4428469 1.4607278 1.5050409 1.4530771 1.5483593 1.3645437 1.8603354 1.8715119 2.0048444 2.1063728 1.7227959 2.1916037 2.3917786 1.5090926 1.4796639 1.2892314 2.0358555 2.6584226 2.5803329 3.4257619 2.0528568 2.8326968 2.8324692 2.7591671 6.4762242 5.7905550 2.8035835 2.1242010 3.2885909 3.3430560 2.9253364 2.9459012 2.0345049 2.3319963 3.2723899 2.8760043 4.3054831 3.1707897 2.4203085 2.6695349 3.2103750 2.3964284 2.3804880 2.1792382 2.3304544 2.9459562 6.5591207 6.5591207 4.1403945 4.1403945 5.4643949 4.4367784 
HoiH23_PlH23_001618-RA                                 3.4354437 2.3235999 2.4291923 2.2929684 1.0745306 0.9912468 1.2753505 1.2745021 1.1010108 1.0892517 1.1481228 1.4829750 0.9075479 1.4446909 1.4962278 0.7799839 1.5099925 1.5808211 1.3621923 1.1443607 0.0000000 0.0542798 0.1718177 0.1731887 0.2911948 0.4591644 0.4417426 1.4335026 1.4285157 1.3426142 0.8612696 1.4486910 1.1113296 1.4127903 1.4144264 1.7945987 1.4555277 1.6627988 1.4172779 1.4280227 1.3400815 1.4575719 1.5097963 1.4493002 1.3449312 1.9194082 2.0204500 1.9148952 1.8411507 1.4795163 1.7093226 2.2268107 1.7391153 1.7461322 1.4077910 2.2400427 3.3768793 2.9408585 4.1869844 2.3614007 2.8731132 3.0354388 2.9084702 5.2501405 5.7960172 2.6280170 2.0696442 3.0233534 3.0727835 2.7337255 2.8398557 2.0734278 2.2743275 3.4365426 2.9198342 4.4690471 3.2028126 2.3628163 2.4002793 3.2788732 3.0576309 2.2325491 2.5277206 2.3501826 3.5408213 6.8694245 6.8694245 4.3485027 4.3485027 7.2369496 4.6647854 
HoiH06_mRNA5978                                        3.4120463 2.3222818 2.4901688 2.3309193 1.0200503 0.9686369 1.1990373 1.2241778 1.0039054 1.0854214 1.1496049 1.4034443 0.8901699 1.3907791 1.4710742 0.7501429 1.3956918 1.4550562 1.3227885 1.1739911 0.0542798 0.0000000 0.1612716 0.1609523 0.2823923 0.4284776 0.4186344 1.2020113 1.1621602 1.2585480 0.8390719 1.0701972 1.0802720 1.3887935 1.2809290 1.7386213 1.4275961 1.5490129 1.4108990 1.4434191 1.3212379 1.4871814 1.5142704 1.3562486 1.3087607 1.7792013 1.7126615 1.8735106 1.7395193 1.3489148 1.6393769 2.1592706 1.7750748 1.8050134 1.3968794 1.9491919 3.2420434 2.9728913 3.9917008 2.2506355 2.7613135 2.9676746 2.7891006 5.4318054 5.6641985 2.4727883 2.0180880 2.9813655 3.0267229 2.5872773 2.8414282 2.0175305 2.2171656 3.4461249 3.0153889 3.8661153 3.0896010 2.2936826 2.3734651 3.0794557 3.2146512 2.3915285 2.5788173 2.1421591 3.5900405 7.1525578 7.1525578 3.9763063 3.9763063 7.5444919 4.5693102 
Hhon_g01006.t1                                         3.0781382 2.2743828 2.2311782 2.3701199 1.0734698 0.9933735 1.1786401 1.2459723 1.0712867 1.0188881 1.0661357 1.3965622 0.8901368 1.4071971 1.4304955 0.7467522 1.4633258 1.5308632 1.2808008 1.2170584 0.1718177 0.1612716 0.0000000 0.0126019 0.2783618 0.4541976 0.4526401 1.4044730 1.3358708 1.2615419 0.8261358 1.0096845 1.0423029 1.4186263 1.2553900 1.6734159 1.3314558 1.4923447 1.4310047 1.5094128 1.3352887 1.5332419 1.4701042 1.3810663 1.3681615 1.7621053 1.6752233 1.9345184 1.7084934 1.3868378 1.6183016 2.1476652 1.6807549 1.7399581 1.3795666 1.9562012 3.0841490 3.0200052 4.0279596 2.2448456 2.7814280 3.0129687 2.5853338 5.2329371 6.0266366 2.5487174 2.0292126 3.0582906 3.1272424 2.6850558 2.7848005 2.0121904 2.2104841 3.4187252 2.9165985 3.9001287 2.9786469 2.2389968 2.1645690 2.8688864 3.0268045 2.1926782 2.5241624 2.3123151 3.5068265 7.1425953 7.1425953 3.8212703 3.8212703 6.9172676 4.7388713 
HoiH04_mRNA88                                          3.1229627 2.2326097 2.2784560 2.3606508 1.1161714 1.0306387 1.2154721 1.2588238 1.0607020 1.0401893 1.0870955 1.4011107 0.9116626 1.4454231 1.4426674 0.7514284 1.4580696 1.5259595 1.3049147 1.2508430 0.1731887 0.1609523 0.0126019 0.0000000 0.2717719 0.4571618 0.4496881 1.4803497 1.4064066 1.2753950 0.8211873 0.9897680 1.0795955 1.4486522 1.2735705 1.6598895 1.3018932 1.4934465 1.4174259 1.5275208 1.3293932 1.5211559 1.4592002 1.3826724 1.3716922 1.7765366 1.6669304 1.9401342 1.7389043 1.4199775 1.6277975 2.1720812 1.7214839 1.7838707 1.3794919 1.9442286 3.0731396 3.0770179 4.0655034 2.2961255 2.7596191 3.0129687 2.6062199 5.1822226 6.0355019 2.5711935 2.0292126 3.0600809 3.1289229 2.6922672 2.8018279 1.9793493 2.1797079 3.4395762 3.0283807 3.9682262 2.9792776 2.2915532 2.2321610 2.9507176 3.2105346 2.1782940 2.7969212 2.3759336 3.4514433 6.9953804 6.9953804 3.7631531 3.7631531 6.9299975 4.7499410 
HoiH11_mRNA719                                         2.9215198 2.2295794 2.2677870 2.1553460 0.8817736 0.8975423 1.1306989 1.2370772 1.0173427 1.0612752 1.0991131 1.4296987 0.8819054 1.3744248 1.3186824 0.6941875 1.3290920 1.3981300 1.1924936 1.1381257 0.2911948 0.2823923 0.2783618 0.2717719 0.0000000 0.4920599 0.4920951 1.1578873 1.1351603 1.1607739 0.8535517 1.0446471 1.0883368 1.4240734 1.2610995 1.6918421 1.3840267 1.4925632 1.4129101 1.4697598 1.3705420 1.5839301 1.4644529 1.3314122 1.2579190 1.6836799 1.7770040 1.9279892 1.7682395 1.4203736 1.6906599 2.1435178 1.7233714 1.7614535 1.3531925 1.9930441 3.2131813 3.1372640 3.9173626 2.1881162 2.7359575 3.0831211 2.6037448 4.9780401 4.6354642 2.3845699 1.9773542 2.8187061 2.8637165 2.5526807 2.6511406 1.8126623 2.0532476 2.9068636 2.6760527 3.7976860 2.7997512 2.3071129 2.4115762 3.0338957 3.0989852 2.2920166 2.3425762 2.1638177 3.4101015 6.8663381 6.8663381 3.6900954 3.6900954 6.7121622 4.6476259 
TrH2_TrispH2_001655-RA                                 2.9554061 2.1312080 2.2372804 2.0874112 1.2428958 1.0693066 1.2012568 1.1969084 1.1434792 1.1816814 1.2726102 1.4703438 0.9641461 1.3049223 1.4564593 0.6947297 1.3831326 1.4331431 1.2912445 1.2819876 0.4591644 0.4284776 0.4541976 0.4571618 0.4920599 0.0000000 0.0000010 1.5921899 1.6175935 1.2880006 0.8001184 0.9398156 1.1412040 1.4012470 1.1678827 1.5931865 1.2057432 1.3949039 1.4532983 1.5455237 1.4239318 1.5363526 1.4939250 1.2766846 1.3978700 1.7369605 1.6138609 1.9116720 1.7824709 1.3706217 1.6478808 2.1704621 1.6643222 1.6942854 1.3370149 1.9476169 2.9766082 2.5598564 3.6524286 2.1678919 2.6120808 2.9233662 2.4624911 6.2881091 7.1113248 2.5993834 2.1454972 2.9085663 2.9413950 2.7176220 2.7152029 1.8943771 2.1647644 3.3272181 2.9639811 3.5515906 2.6643073 2.3860445 2.3712369 2.9232169 3.2155112 2.2582258 2.4346939 2.4185374 3.5974902 7.0906019 7.0906019 3.7018338 3.7018338 6.6377167 4.3049566 
Tadh_TriadT1807                                        2.9554061 2.0875911 2.2141958 1.9410756 0.8793720 0.9101543 1.1163890 1.1969084 0.8759015 1.1198055 1.1948026 1.4661469 0.8307529 1.2306785 1.3782958 0.6947297 1.3379412 1.3905961 1.1856619 1.2275316 0.4417426 0.4186344 0.4526401 0.4496881 0.4920951 0.0000010 0.0000000 1.0574366 1.1032924 1.1619266 0.8001184 0.9398156 1.0816394 1.3349090 1.1678827 1.5083077 1.1720647 1.3840946 1.2847210 1.3991271 1.3068245 1.3814999 1.3903268 1.1817888 1.3326760 1.6089836 1.6138609 1.8920738 1.6029153 1.1558620 1.6286601 2.1312977 1.5595011 1.5891272 1.3208877 1.9476169 2.9766082 2.6094697 3.3435796 2.0838678 2.6120808 2.9233662 2.4449873 6.2294411 6.7581462 2.4546014 2.0893465 2.8819634 2.9153678 2.5531792 2.7235267 1.8728764 2.1450222 3.3071820 3.0738469 3.5246839 2.6489023 2.3041795 2.2142613 2.8604940 3.3970527 2.2333412 1.9561424 2.3089662 3.5590559 6.9965465 6.9965465 3.6554162 3.6554162 6.6068232 4.0100253 
Opea_EP00118_Oscarella_pearsei_P014217                 4.4680112 2.3871322 0.0000010 2.5945637 0.8267971 1.7125818 1.7125818 1.3453732 3.1799236 1.6646326 1.7049903 1.4603087 1.3078974 1.3078974 0.9304623 0.7047486 0.9408901 0.9408901 1.6544712 1.3598357 1.4335026 1.2020113 1.4044730 1.4803497 1.1578873 1.5921899 1.0574366 0.0000000 0.0669544 0.1792166 4.0245733 0.0000010 1.4830204 1.4831525 0.0000010 1.7049755 1.2882689 2.1871104 1.9130131 1.8589388 1.8105481 1.9620008 1.3705127 2.0692787 1.6522937 1.9779182 3.5238766 2.0110614 2.1365760 2.1365760 1.2754922 2.2727923 1.8016559 1.7859626 1.3382453 1.5400175 4.9311061 3.6996939 5.6151508 2.1544958 4.6925068 3.2732153 0.0000010 9.0000000 3.1923660 3.2581726 2.7713583 9.0000000 9.0000000 3.9991724 3.0339151 1.6181708 2.3312918 2.5998474 2.5708201 4.3032887 2.1881487 3.5125288 3.0481713 3.0481713 1.2143301 2.6604461 3.2087906 2.6745752 7.2671848 0.0000010 0.0000010 0.0000010 0.0000010 5.8321916 7.0270863 
Opea_EP00118_Oscarella_pearsei_P014219                 3.6129619 2.2027616 1.1946715 2.4939330 0.8267971 1.5980644 1.4178849 1.2019331 2.7438939 1.4652305 1.5146838 1.1182242 1.2169863 1.2254998 0.9438195 0.6161514 0.8616046 0.8616046 1.5346197 1.1803359 1.4285157 1.1621602 1.3358708 1.4064066 1.1351603 1.6175935 1.1032924 0.0669544 0.0000000 0.0738088 1.9315195 0.3945423 1.2014287 1.3250228 1.6258015 1.6187670 1.1889353 1.4161023 1.6745203 1.8496933 1.7866478 1.7653266 1.2151006 2.0486284 1.5105368 1.7755238 0.9741036 1.1186294 1.9019059 1.8440801 1.4718509 2.1909861 1.4322562 1.4458379 1.1197424 1.5769717 4.0277641 5.0717529 6.4470743 1.7402636 3.7745047 3.2046516 2.9667416 7.5672807 5.9347823 3.1630357 2.6391629 3.5932508 3.5932508 3.2171506 3.1506644 1.5666188 2.2518320 3.3544797 2.6980323 2.3746643 2.2810240 2.8496490 2.6809721 2.8185192 2.0955436 8.9999989 2.8326722 2.7386024 7.0825653 9.0000000 9.0000000 4.0134139 4.0134139 8.9999986 7.7013396 
Opea_EP00118_Oscarella_pearsei_P014215                 3.0782348 1.9226169 2.2069440 2.2504781 0.8267971 1.3138408 1.1070401 1.1918056 1.2004968 1.2756380 1.2609651 1.2680744 0.8917702 1.2239486 1.1776881 0.6434740 0.9660814 1.0180369 1.4541907 1.2921279 1.3426142 1.2585480 1.2615419 1.2753950 1.1607739 1.2880006 1.1619266 0.1792166 0.0738088 0.0000000 0.0205668 0.0865795 1.3401778 1.7077583 1.0948197 1.6534301 1.3503959 1.1571698 1.5186039 1.7105808 1.6324216 1.6536006 1.3542637 1.5025172 1.3853954 1.6530918 1.8034654 1.8596091 1.7930064 1.4452625 1.6927681 2.0582541 1.4717703 1.4645698 1.2673501 1.5149028 2.7345017 2.6940944 3.8391590 2.0767783 2.5685717 2.8924233 2.2075582 6.3249870 5.5977845 2.8218655 2.2213627 2.8682129 2.8693693 3.0369101 2.8739513 2.0662829 2.5383266 3.5180101 3.0411292 3.4969403 2.7135894 2.7822379 2.3725197 2.7576523 3.0582094 0.8658586 2.6304296 2.4220720 2.9092274 6.7304750 6.7304750 3.9286262 3.9286262 6.3613506 4.4220946 
Opea_EP00118_Oscarella_pearsei_P014216                 2.8250609 1.4227300 1.3630303 1.5195127 0.0000010 0.8916617 0.6678486 0.7117124 0.7120240 0.8025962 0.7388686 0.8933402 0.7542040 0.7101367 0.8639915 0.6735329 0.6728093 0.6728093 0.9205710 0.7549152 0.8612696 0.8390719 0.8261358 0.8211873 0.8535517 0.8001184 0.8001184 4.0245733 1.9315195 0.0205668 0.0000000 0.0656875 0.9268900 1.1636953 1.2911149 1.0723445 0.8979357 0.5907697 1.1339711 1.0924931 1.1875212 1.2373006 0.8588869 0.9237153 1.1407378 1.0709362 2.7408181 1.0928635 1.1780244 1.1780244 1.3736872 1.4361085 1.2135143 1.1102606 0.9818586 1.6980623 2.1102059 1.9886077 2.6582440 1.5682699 2.2981989 2.7246415 1.3648637 6.8921406 0.0000010 1.9162227 2.1555715 2.1358535 2.2546244 2.2420022 2.0193806 2.1102009 2.1102009 2.5695464 2.4143063 2.2058567 1.9351519 1.8543180 2.0241736 2.0715678 3.1099077 0.0095348 3.2009154 2.2015300 3.0234619 0.0000010 0.0000010 2.2407015 2.2407015 5.7766105 3.0678312 
Opea_EP00118_Oscarella_pearsei_P014220                 1.3832278 2.1209318 1.4497513 4.6056128 0.0000010 0.6307007 0.6112735 0.8721075 0.9921892 0.9299044 0.8312038 0.8935134 1.9668151 0.7357038 0.8309234 0.5898199 0.6995339 0.6995339 1.1125848 0.8506827 1.4486910 1.0701972 1.0096845 0.9897680 1.0446471 0.9398156 0.9398156 0.0000010 0.3945423 0.0865795 0.0656875 0.0000000 0.9640220 1.3837505 1.2772952 0.8387246 1.0843556 0.6421984 1.1778981 1.0771481 1.1416131 1.8780766 0.8425176 0.7999516 1.0777345 0.7432680 1.3833135 1.4920272 1.3372639 1.3372639 1.8709225 1.4766355 1.1682044 0.9092492 0.9956912 1.7017086 2.2625898 2.2369808 2.3187794 1.6312289 4.0910986 3.4464405 1.2832347 8.2820223 0.0000010 1.4434597 0.5853887 1.3891887 1.5087999 1.7115337 1.3868413 1.6610331 1.6610331 2.1489736 1.7678999 1.7592693 1.5510240 2.0479464 8.9999982 2.7264382 5.9193543 0.8901338 0.0000010 1.1055337 3.2110089 0.0000010 0.0000010 1.8154381 1.8154381 8.5598938 2.8970913 
Dgig_XM_028554187.1                                    2.8216116 2.1582868 2.5709636 2.4003878 0.9468061 1.1269084 0.9952276 1.0145327 1.0485985 1.0662666 1.1287524 1.1158844 0.9360997 1.2997892 1.3466984 0.8464878 1.4325488 1.5135783 1.0755856 1.0022874 1.1113296 1.0802720 1.0423029 1.0795955 1.0883368 1.1412040 1.0816394 1.4830204 1.2014287 1.3401778 0.9268900 0.9640220 0.0000000 0.6324791 1.3030592 1.7025655 1.4486737 1.3837636 1.5851364 1.5789117 1.4720331 1.5687124 1.5356720 1.5815816 1.4504303 1.6681864 1.8230763 2.0118201 2.0119566 1.5799176 1.8347368 1.9850663 1.7425376 1.7211082 1.4595104 2.1295071 3.0374466 2.7840729 3.5856880 1.9605556 3.0399779 3.4360574 2.3423476 6.6608863 8.9525846 2.5644792 1.8202537 3.3190885 3.2116528 2.7183136 2.6485106 1.7837840 1.9444728 3.4460848 2.7169015 4.2145103 2.5680998 2.3237329 2.0137830 2.4783802 3.2262042 2.0996875 2.4425204 1.9598605 4.1400895 7.6484272 7.6484272 4.4777701 4.4777701 7.6395470 4.3135415 
Xesp_005237-T1                                         3.7934372 2.2601727 3.3010417 2.6688364 0.8069497 1.1926639 1.1933828 1.4049348 1.0552678 1.2256322 1.3303290 1.5410276 0.9502994 1.4507284 1.4247726 0.9106588 1.5948307 1.6588254 1.1651814 1.2354874 1.4127903 1.3887935 1.4186263 1.4486522 1.4240734 1.4012470 1.3349090 1.4831525 1.3250228 1.7077583 1.1636953 1.3837505 0.6324791 0.0000000 1.5112075 2.1089076 1.8319812 1.6716392 1.7601601 1.8491266 1.7443567 1.8830672 1.7174219 1.8295173 1.6712751 1.8723124 1.9566918 2.3597605 2.3600789 1.6710783 2.2687474 2.5038959 1.6921051 1.7221473 1.4078869 2.3516414 3.0707170 3.2925449 4.0153883 2.4179300 3.0850556 3.4426780 2.6008320 7.9831089 8.9999983 3.0569326 1.9916282 3.6614624 3.6330814 3.2369158 2.8781359 1.9296924 2.1776992 3.7075901 2.9404755 4.7264368 3.2887072 2.8227984 2.2649523 3.0308101 2.7666816 2.8893765 2.7496338 1.8391479 4.2758324 8.9999989 8.9999989 5.2851865 5.2851865 6.7034005 4.7441409 
Lcom_lcpid189239                                       5.3487543 1.2419913 1.3561818 1.6611915 0.0000010 1.5753775 1.3067259 1.2966197 1.3036881 1.5164823 1.4640032 1.3102710 1.5802568 1.0030114 1.3689706 1.2293117 1.1322884 1.1322884 1.4022811 1.4032960 1.4144264 1.2809290 1.2553900 1.2735705 1.2610995 1.1678827 1.1678827 0.0000010 1.6258015 1.0948197 1.2911149 1.2772952 1.3030592 1.5112075 0.0000000 1.1241227 0.9903801 1.0559664 1.4089059 1.3064910 1.3161499 1.4066817 1.3998353 1.3033068 1.8361233 1.4593780 1.5154456 1.7697171 1.0758324 1.0758324 1.1265257 1.1786296 1.6828582 1.6087747 1.3975817 1.5533882 1.9754047 2.4154223 2.8647758 1.3089469 2.5760116 2.5435265 1.3357519 4.4670805 0.0000010 2.6006528 3.7271657 2.7852402 2.8325946 2.3709531 3.0378253 2.5818703 2.5818703 3.1340186 3.1939723 2.4486558 2.4633794 1.8767560 2.7359867 2.1605039 2.9428294 1.4357310 0.0000010 9.0000000 4.5015525 8.9999984 8.9999984 2.2834750 2.2834750 8.9999989 3.6648489 
Dpul_mRNA28057                                         3.0311142 1.6732796 1.9542023 1.9481396 1.4067251 1.8117333 1.6136828 1.7933005 1.5949783 1.7348959 1.7944369 2.1663301 1.1780352 1.6129824 1.7571056 0.7890922 1.5015189 1.6255199 1.7457074 1.7272710 1.7945987 1.7386213 1.6734159 1.6598895 1.6918421 1.5931865 1.5083077 1.7049755 1.6187670 1.6534301 1.0723445 0.8387246 1.7025655 2.1089076 1.1241227 0.0000000 0.4996135 1.6392738 1.9406171 1.8137629 1.8535356 1.7977496 1.7601255 1.4847878 1.7734568 2.0808708 2.0897279 2.3987193 1.7668448 1.3341707 1.8839594 1.9674689 2.1684844 2.2083124 1.4301973 1.8897260 3.0764609 2.7781464 3.8608465 1.8723467 2.8962538 2.8151623 2.6848659 5.0286540 3.8673868 2.8639219 2.3262609 3.1835649 3.1406473 2.9350369 2.8688634 1.9673312 2.1869332 3.5203426 3.0924386 3.7167739 2.8952088 2.5326050 2.7484075 3.2561988 3.5001809 2.9525517 2.8894724 2.7261026 2.4702645 6.4347410 6.4347410 3.7655896 3.7655896 4.7066503 4.4821451 
Tcas_TC014142_001                                      2.6917864 1.5384229 1.7888280 1.6663599 1.1938002 1.4280788 1.3537941 1.6345038 1.4219992 1.4948541 1.5443552 1.6264436 1.0114009 1.4014385 1.4348218 0.8093435 1.3802424 1.5165715 1.4139596 1.6394491 1.4555277 1.4275961 1.3314558 1.3018932 1.3840267 1.2057432 1.1720647 1.2882689 1.1889353 1.3503959 0.8979357 1.0843556 1.4486737 1.8319812 0.9903801 0.4996135 0.0000000 1.5468232 1.7975492 1.7738255 1.7052839 1.8496562 1.5390250 1.3368994 1.7045367 1.8937069 1.9237211 2.1523823 1.4207319 1.1645289 1.5441808 1.9659429 1.7439979 1.8222393 1.3741277 1.9827816 2.8167409 2.7896554 3.7827887 1.7325615 2.6739294 2.8323370 2.5031853 6.3240392 5.7371671 2.9335928 2.2972297 3.2072354 3.2490191 2.7077489 2.8414785 2.2009905 2.4311183 3.4724120 3.1035884 3.7244513 3.0187341 2.6574369 2.3234036 2.8202378 3.3177596 2.4368240 2.5562948 2.6569131 3.1074453 5.8984226 5.8984226 3.7445113 3.7445113 4.6972925 4.6312165 
Emue_Em0018g1028a.t1                                   3.2244655 1.2111606 2.3403197 2.1969209 0.0000010 0.9667756 1.0748138 1.2769157 0.7933723 1.1965862 1.3072180 1.3443862 0.1589016 0.4356921 1.2429127 0.4546782 1.2935314 1.4258321 1.2574784 1.4171040 1.6627988 1.5490129 1.4923447 1.4934465 1.4925632 1.3949039 1.3840946 2.1871104 1.4161023 1.1571698 0.5907697 0.6421984 1.3837636 1.6716392 1.0559664 1.6392738 1.5468232 0.0000000 1.5013721 1.5655691 1.5893087 1.8043124 1.4316149 1.3420222 1.6073223 1.9374188 1.7697529 2.0503657 1.8016637 1.2628771 2.5318522 2.2006331 1.5601577 1.7234733 1.2601549 2.2011259 2.7858592 2.8797332 3.1315099 2.2607710 2.4983405 3.1055927 2.6547976 6.5632726 8.3544996 3.1975516 2.1717075 3.1586332 3.0997599 3.2232403 3.0327932 2.1421158 2.3903483 3.4177502 3.3039691 4.2619241 3.1403013 2.3354911 2.3223047 3.1377948 3.3471314 2.3593895 0.0000010 2.0541066 2.6622112 6.5206356 6.5206356 4.0315247 4.0315247 5.9231037 3.5238156 
Aaur_scaffold3082.g1.t1                                3.4577348 2.9301567 2.2401508 2.6614502 1.4391310 1.3693705 1.2927600 1.3057994 1.2593277 1.4123867 1.4467361 1.6598209 1.1921205 1.4917044 1.5881999 0.8583604 1.5777059 1.7028949 1.2829867 1.3107870 1.4172779 1.4108990 1.4310047 1.4174259 1.4129101 1.4532983 1.2847210 1.9130131 1.6745203 1.5186039 1.1339711 1.1778981 1.5851364 1.7601601 1.4089059 1.9406171 1.7975492 1.5013721 0.0000000 0.8928774 0.7856263 0.9240973 1.5781381 1.7449074 1.1640039 1.7416603 1.8745912 1.8222360 1.9077294 1.6220760 1.7710319 2.4088362 1.6290745 1.6476063 1.3136058 2.2459730 3.0711468 2.9572441 4.1486736 2.2592435 3.0114756 3.5776944 2.3755014 5.0499930 6.5272286 2.9346071 1.9039764 3.1416786 3.0164094 2.9101536 2.9904100 2.0375953 2.3380413 3.6883202 3.1931960 3.7280562 2.9435014 2.2902457 2.2019512 2.7194845 2.8235456 2.6360004 2.0977828 2.5153307 3.2268358 5.3633503 5.3633503 3.3251351 3.3251351 5.6173726 4.0146669 
Nemnom_g17973.t1                                       3.7614268 2.6718458 2.6677567 2.6325140 1.5632361 1.5615680 1.3214084 1.3711731 1.3678359 1.4108072 1.4790763 1.4672997 1.1156461 1.4521790 1.7312711 0.9038138 1.6761928 1.7823753 1.3856040 1.4428469 1.4280227 1.4434191 1.5094128 1.5275208 1.4697598 1.5455237 1.3991271 1.8589388 1.8496933 1.7105808 1.0924931 1.0771481 1.5789117 1.8491266 1.3064910 1.8137629 1.7738255 1.5655691 0.8928774 0.0000000 0.4025518 1.0275569 1.6006026 1.7223333 1.3073506 1.8812975 1.8949734 1.5310553 1.8500487 1.4973192 1.7484257 2.3931979 1.8481067 1.8526626 1.4422231 2.0336230 2.8610744 3.2197424 4.3503966 2.4096273 2.9266652 3.0491471 2.3932919 5.6300759 6.7732261 2.9395972 2.2516359 3.3095789 3.2462329 3.0309181 2.8932122 1.9815960 2.3034916 3.6519681 3.0229778 4.2477541 2.9230029 2.4998302 2.7837287 3.1627445 2.9671646 2.6332819 2.0058278 2.1513137 3.1345880 6.3619708 6.3619708 3.7533377 3.7533377 5.7303582 4.7531658 
Rhoesc_Res_007811-T1                                   3.6725782 2.6921190 2.7571508 2.7698036 1.2965600 1.4148949 1.2098386 1.3254124 1.2262246 1.4240297 1.4932641 1.4481830 1.2085653 1.5071509 1.5494793 0.8358041 1.5831154 1.6968301 1.3873389 1.4607278 1.3400815 1.3212379 1.3352887 1.3293932 1.3705420 1.4239318 1.3068245 1.8105481 1.7866478 1.6324216 1.1875212 1.1416131 1.4720331 1.7443567 1.3161499 1.8535356 1.7052839 1.5893087 0.7856263 0.4025518 0.0000000 0.9992890 1.6606224 1.7548219 1.2343430 1.8793020 1.7066679 1.7814702 1.9939679 1.5742670 1.6855718 2.3512398 1.7626004 1.7658628 1.4059784 2.1950959 2.8752750 3.0803743 4.1883648 2.2558592 2.8899398 3.3824940 2.2951162 5.4205251 6.6582827 2.8771477 2.2394158 3.5239299 3.5521891 2.8837319 2.9232043 1.9380520 2.3105412 3.4521638 2.9194465 3.8936128 2.9516377 2.4335556 2.5849218 2.9463501 2.3742599 2.8024465 2.1856241 2.3474796 3.0408323 7.7547849 7.7547849 4.1167503 4.1167503 5.4051919 5.0589434 
