90
Lcom_lcpid228945                                                  0.0000000 0.0000010 2.9493395 2.9493395 2.6742959 3.4502262 2.5164430 2.7269591 2.5716238 2.6719157 2.3971905 2.5649354 2.4641849 2.1783499 2.4453161 2.4667927 2.1965609 2.3996968 2.5090687 2.4964726 2.2895294 2.3420739 9.0000000 2.4410732 2.9489764 3.0108092 2.9598093 2.8770458 2.8770458 2.6952266 2.8951305 2.9228822 3.0394175 2.6816465 3.3558669 3.1512780 3.0977866 2.8260003 3.3279998 2.7801614 2.7698629 2.5033666 2.7504182 2.6849515 7.7857281 2.5538014 3.1155205 2.9111369 0.0000010 2.9413817 2.9413817 2.9413817 2.9413817 0.0000010 3.7380251 3.1907466 4.0670855 3.1433637 3.2266306 2.6866613 0.0000010 2.9716770 2.9716770 2.8810979 2.7578016 2.2794106 2.5883376 2.4164698 2.3990534 2.3990534 2.2571614 2.2528130 3.0714820 3.0714820 2.6371580 2.2829943 2.5660417 2.5577381 2.0770878 9.0000000 4.1787305 2.1656649 0.6770960 3.0910371 0.0000010 1.6936193 3.7350544 6.0880706 2.6727231 3.5904454 
Lcom_lcpid145089                                                  0.0000010 0.0000000 3.7052217 3.7052217 3.0108475 1.7204423 3.4873538 3.8713907 0.0000010 3.3888516 2.3351402 3.1581015 3.0765220 0.0000010 2.6163983 3.5475037 1.2722230 2.9713198 3.6503641 3.5683208 3.2884699 3.6974046 1.0590407 2.5926233 1.9830861 3.3248363 3.5962013 3.2652712 1.6712202 3.2860314 3.3363541 3.2791979 3.1932816 2.9724548 3.1884725 3.0434038 3.0776687 2.9532715 2.9532715 3.3078324 3.3078324 3.6825310 0.0000010 3.3111528 3.2643841 3.8746829 3.5305550 3.4745907 7.7225380 4.3482251 4.3482251 3.9386259 3.9386259 7.7225380 0.0000010 2.5330803 0.0000010 1.4166765 3.7699452 3.2831637 2.1215307 4.3915688 4.7807200 3.3274780 3.0169003 3.0169003 3.0169003 2.5134707 3.9247899 3.9247899 3.8606598 0.0000010 3.6612278 4.6553202 3.5407229 3.4875882 4.5873414 3.2036017 3.2823905 6.1663395 0.0000010 3.5813254 3.6257126 0.0000010 3.8478015 3.4750362 0.2047723 5.7868181 8.9999989 8.5626694 
Lcom_lcpid59713                                                   2.9493395 3.7052217 0.0000000 0.0089823 0.1993952 0.2323920 1.1950323 1.3238470 0.5757431 1.2448418 1.0083796 1.1749474 1.2193477 0.4041551 1.0934141 1.1399693 0.8363557 1.2444238 1.3960127 1.2064447 1.2689229 1.2313691 1.4783052 1.2725172 0.4206576 1.5157348 1.4871790 1.5252378 0.8582219 1.4338414 1.5193515 1.5137020 1.2464042 1.0615600 1.1344335 1.2538312 1.2840955 1.3738508 1.6192651 1.2662694 1.3572409 1.0315594 0.9140616 1.1262431 1.8465588 1.3206377 1.8313068 1.4876526 6.5246073 1.6136991 1.6136991 1.5971301 1.5971301 6.5246073 1.2993235 0.9597213 1.7027580 0.8913335 1.5089506 1.3281830 0.9289687 1.2258436 1.0120643 1.5864541 1.3687183 1.2968102 1.3899932 0.9899605 1.6858804 1.6858804 1.2664062 0.8198665 1.2560835 1.3075641 1.3013204 1.4119333 1.4023640 1.2300209 1.1987820 2.3636580 0.5254584 0.6097406 1.0233255 1.1890375 2.0286724 1.5654564 1.6750978 6.2445917 3.0202930 4.5596052 
Lcom_lcpid60496                                                   2.9493395 3.7052217 0.0089823 0.0000000 0.1993952 0.2323920 1.1434289 1.2818352 0.5757431 1.2231457 0.9862982 1.1749474 1.1971286 0.4041551 1.0920299 1.1271576 0.8363557 1.2387123 1.3864270 1.2064447 1.2419344 1.2158309 1.4783052 1.2799608 0.4206576 1.5019333 1.4871790 1.5114760 0.8582219 1.4188905 1.4989723 1.4933350 1.2202317 1.0615600 1.1344335 1.2538312 1.2567976 1.3311426 1.5493843 1.2662694 1.3572409 1.0315594 0.9140616 1.1262431 1.8186850 1.2687922 1.8313068 1.4876526 6.5246073 1.5848978 1.5848978 1.5885718 1.5885718 6.5246073 1.2993235 0.9597213 1.7027580 0.8913335 1.5089506 1.3281830 0.9289687 1.2258436 1.0120643 1.5792336 1.3687183 1.2968102 1.3899932 0.9899605 1.6513614 1.6513614 1.2150056 0.8198665 1.2532568 1.3134981 1.2762567 1.3891763 1.3667192 1.2300209 1.1598337 2.3636580 0.5254584 0.6097406 1.0233255 1.1890375 1.9655502 1.5405514 1.6750978 6.2445917 3.0048484 4.6135199 
Gracom_Gcom_scaffold18414_01                                      2.6742959 3.0108475 0.1993952 0.1993952 0.0000000 0.2235611 0.7898620 0.8419882 0.5485411 0.8790472 0.6407981 0.6717261 0.6751197 0.4048810 0.6378404 0.6970259 0.7991708 0.8563257 0.9060054 0.8586193 0.7405503 0.8119709 1.5189678 0.8158180 0.4631707 0.9019443 0.8926584 0.9319626 0.8279637 0.9290803 0.8903618 0.8903618 0.7600456 0.7713430 0.8204675 0.9727330 0.7979265 0.9298922 0.7787792 0.8760887 0.7673967 0.8007697 0.8530565 0.9080057 1.6661562 0.8027148 1.2339151 1.0744257 8.9999983 0.9250896 0.9250896 0.9249938 0.9249938 8.9999983 1.1631455 0.8616174 1.5684375 0.8239687 0.9786076 1.0258521 0.8925633 1.0030624 1.0237752 0.9457411 0.9809114 0.7453332 0.8958472 0.9325696 0.8382719 0.8382719 0.7346417 0.9092040 0.9122623 0.9207814 0.7212155 0.8722700 0.9220400 0.8032299 0.7288233 1.3821666 0.4931790 0.1973374 0.3417945 1.1291890 0.8657570 0.7817126 1.7277051 4.9763749 2.7334065 4.3395493 
Leuniv_Lniv_scaffold21339_01                                      3.4502262 1.7204423 0.2323920 0.2323920 0.2235611 0.0000000 0.6793943 0.7071990 0.6045228 0.7874727 0.6273425 0.5897402 0.5903448 0.4168930 0.5977696 0.6120923 0.8124000 0.6767321 0.7797593 0.7211742 0.6269968 0.7138920 1.3162816 0.6569535 0.4121612 0.7991505 0.8072839 0.8054512 0.7969312 0.7943311 0.7923509 0.7923509 0.7268904 0.7162816 0.6883723 0.7064764 0.7212370 0.8723024 0.7070935 0.8809468 0.7027718 0.7668004 0.9014839 0.7887224 1.1104574 0.7249110 1.0479052 1.0113481 0.3119815 0.8863677 0.8863677 0.8786614 0.8786614 0.3119815 1.4707526 0.8742323 2.8007792 0.8419398 0.8998970 0.8788718 0.8145042 0.8974495 0.9732420 0.8493152 0.9688616 0.6313142 0.7935972 0.8985886 0.7107274 0.7107274 0.6966461 1.0581699 0.8708959 0.8991601 0.7283205 0.7910957 0.8887760 0.7400829 0.6462412 1.0100678 0.3557133 0.1647480 0.2131660 0.9827985 0.6961755 0.6776053 1.7000430 5.3908527 3.3264243 6.6644888 
Cgig_XM_011417218.3                                               2.5164430 3.4873538 1.1950323 1.1434289 0.7898620 0.6793943 0.0000000 0.8371676 0.3586662 0.7917587 1.0232161 0.8601802 1.0314621 0.3416597 1.0089269 1.0777517 0.5963557 1.1869160 1.0774618 1.0347363 0.9227756 0.7756155 1.0091743 1.3006596 0.8027755 1.4716866 1.4235942 1.5723301 0.6835151 1.4491333 1.5351359 1.5504338 1.3155986 0.9643068 0.9239301 1.0736004 1.2999791 1.2680300 1.6481498 0.9637864 1.0568436 0.8211975 0.6342631 1.0574123 1.8281419 1.1391893 1.6235505 1.1625087 5.0367080 1.8406088 1.8406088 1.5983805 1.5983805 5.0871974 1.3024212 0.8636811 1.7343122 0.7923423 1.4566511 1.0612834 0.8395548 1.1214590 0.9473599 1.7155691 1.1636083 1.0016692 1.1075797 0.8830108 1.8286990 1.8286990 0.7344484 0.8409127 1.3592792 1.4324319 1.0898144 1.2048093 1.2465567 1.4794530 1.2081841 1.9849641 1.4705979 1.3619426 1.6965530 1.4481462 2.0396786 1.7028416 1.8522470 5.0655208 2.5157690 3.1752662 
Bralan_BLAG04000568_1                                             2.7269591 3.8713907 1.3238470 1.2818352 0.8419882 0.7071990 0.8371676 0.0000000 0.2981226 0.8310921 0.8902948 0.8222078 0.9131426 0.2906545 0.9097096 1.0404356 0.5385729 1.1318247 1.1049444 1.0379783 0.8891950 0.8466825 0.9603351 1.1535967 0.6730519 1.3974480 1.3944728 1.5866408 0.6230257 1.3854156 1.4888392 1.4938828 1.2289381 0.9424841 0.9168417 1.1389187 1.2670745 1.2696389 1.6330121 0.9778293 1.0803139 0.7970910 0.6204876 1.0052515 1.8396025 1.0449971 1.8129164 1.2852262 5.3733960 1.8409195 1.8409195 1.6197898 1.6197898 5.4023098 1.3069995 0.8471166 1.7974644 0.8211563 1.5210682 1.0745569 0.7248449 1.0710161 0.9684169 1.7252047 1.2246614 1.0579129 1.1432468 0.8384533 1.8514818 1.8514818 0.9608056 0.7943530 1.2574900 1.3591688 0.8769636 1.2213246 1.3521278 1.4736278 1.1485230 2.3629862 1.5215732 1.4146668 1.8902736 1.4173823 2.0803795 1.6239876 2.0143160 5.3523121 2.5117630 3.5445801 
Lcom_lcpid242934                                                  2.5716238 0.0000010 0.5757431 0.5757431 0.5485411 0.6045228 0.3586662 0.2981226 0.0000000 0.3699449 0.4656565 0.4689646 0.4689646 0.4422572 0.4561033 0.4537783 0.4524207 0.5430312 0.5566753 0.3841588 0.4094742 0.4153790 1.6646727 0.5046021 0.5910331 0.7114838 0.7114838 0.7333782 0.7333782 0.7333782 0.7333782 0.7333782 0.4742342 0.4418352 0.4586780 0.4778388 0.4427605 0.5828352 0.7476149 0.5828352 0.5828352 0.5648833 0.4564065 0.6390615 0.6232351 0.3961356 0.5967151 0.4529152 0.0000010 0.4296581 0.4296581 0.4296581 0.4296581 0.0000010 0.6305422 0.4496863 0.0000010 0.4496863 0.4507199 0.4504677 0.8605340 0.4495168 0.4495168 0.4076979 0.5626496 0.5626496 0.5626496 0.6385567 0.4496863 0.4496863 0.3967604 0.5539938 0.4544634 0.4544634 0.4014162 0.5125999 0.5351734 0.4849056 0.4755382 0.0000010 0.9940693 0.6330727 0.0000010 0.4296581 0.7631533 0.4625349 1.0887665 6.8885176 2.9186350 8.9999987 
Ctel_gnl_WGS_AMQN_CAPTEDRAFT_mRNA151106                           2.6719157 3.3888516 1.2448418 1.2231457 0.8790472 0.7874727 0.7917587 0.8310921 0.3699449 0.0000000 0.7161229 0.7602477 0.8338726 0.4576988 0.7834781 0.8564536 0.6360709 1.0768611 1.1704904 0.9831834 0.9627849 0.9042210 1.0837596 1.0171206 0.8760284 1.1589533 1.1626462 1.2640105 0.7673141 1.2238445 1.1818466 1.1749832 1.0428762 1.0007801 1.0195418 1.1955605 0.9792026 1.2350816 1.5534070 1.0687175 1.1724268 0.8664458 0.7129221 1.1127793 2.0554492 1.0629220 1.7467324 1.3967890 4.0731329 1.5773207 1.5773207 1.5479208 1.5479208 4.0731329 1.4172987 1.0939712 1.8519706 0.9889118 1.4936664 1.3330370 1.0121163 1.3904257 1.1107102 1.5412362 1.3529592 1.2061544 1.3222912 1.1555490 1.6313929 1.6313929 0.7735597 0.8845872 1.1670809 1.3040515 0.9752288 1.0253179 1.2650279 1.0918766 0.9902175 1.8689812 1.4389306 1.2637053 1.6839411 1.9669999 2.2745694 1.3981548 2.1400661 5.0542982 2.6009133 3.4893817 
Fspp_ffun1.m4.21060.m1                                            2.3971905 2.3351402 1.0083796 0.9862982 0.6407981 0.6273425 1.0232161 0.8902948 0.4656565 0.7161229 0.0000000 0.1685395 0.2431742 0.1345283 0.1668317 0.3210881 0.5867655 0.7409128 0.6276314 1.0116996 0.9848790 0.9623551 0.6423791 0.8084106 0.6134918 1.2361639 1.1977950 1.2702098 0.5561200 1.2869266 1.2748414 1.2697269 0.9343489 0.6629250 0.6524488 0.8027443 0.8854590 1.2878237 1.7149726 0.9487194 1.1057855 0.7537889 0.6937281 0.7661691 1.7321069 1.0381678 1.5665491 1.0940523 7.7328405 1.8801799 1.8801799 1.6661792 1.6661792 7.7328405 1.3679066 0.8900330 1.7186728 0.8723400 1.3575954 1.0090342 0.7525565 0.9852857 1.0861280 1.8264507 0.9739664 0.7454543 0.8929863 0.8165307 1.9554139 1.9554139 1.0535985 0.7163111 1.1466938 1.2122656 1.1396171 0.8335892 0.8679427 1.2995195 0.7954793 0.6774240 1.3042882 1.2882053 1.4952041 1.6316485 1.8288217 1.7243908 1.8520470 4.5075192 1.7213092 2.5950047 
Spis_XP_022803505_1                                               2.5649354 3.1581015 1.1749474 1.1749474 0.6717261 0.5897402 0.8601802 0.8222078 0.4689646 0.7602477 0.1685395 0.0000000 0.0682025 0.1370265 0.1977046 0.2748503 0.5592440 0.6634376 0.6670985 1.0155236 1.0267725 0.9424404 0.5926844 0.7461713 0.6154294 1.1479037 1.1401101 1.1561801 0.5574899 1.1510171 1.1641329 1.1619016 0.8586582 0.7738703 0.7889342 0.9169143 0.8328269 1.2033818 1.6797995 1.1049172 1.3310776 0.8187959 0.6823316 0.9380531 1.9664664 0.9537755 1.8499377 1.3116467 6.4811867 1.6200361 1.6200361 1.6012022 1.6012022 6.4811867 1.3439369 0.9429333 1.7401049 0.8587319 1.5441430 1.1834695 0.8874397 1.2144824 1.0545886 1.7512899 1.2396396 1.1286531 1.2319126 0.9815520 1.7435493 1.7435493 0.9360591 0.7500509 1.0789983 1.1571192 0.9981182 0.8529664 0.9457671 1.1099317 0.6839291 1.0952147 1.2946211 1.3579253 1.7303650 1.5988553 1.4855214 1.5031742 1.9087485 4.8279254 1.8919504 2.9494320 
Pocdam_XM_027187446.1                                             2.4641849 3.0765220 1.2193477 1.1971286 0.6751197 0.5903448 1.0314621 0.9131426 0.4689646 0.8338726 0.2431742 0.0682025 0.0000000 0.1370265 0.2647803 0.3657771 0.5644474 0.8574814 0.7351743 1.1607657 1.1094692 1.0241184 0.5951837 0.8867854 0.6224116 1.3107328 1.2853409 1.3561460 0.5553380 1.3391162 1.3194296 1.3335397 1.0969020 0.8208978 0.8566786 1.0059823 1.0656361 1.3185617 1.7942839 1.0566387 1.2585562 0.8287961 0.7045702 0.9796494 1.9746861 1.1449084 1.8010659 1.2973420 6.0373699 1.9801238 1.9801238 1.7635279 1.7635279 6.0373699 1.3068208 0.9339126 1.6775132 0.8488973 1.5419262 1.1754191 0.9078355 1.2113217 1.0731710 1.8537015 1.2152403 1.1171636 1.2174610 0.9989528 2.1873641 2.1873641 1.0656544 0.7424272 1.1998426 1.2718478 1.1690353 0.9752059 1.0837824 1.3060499 0.8389663 1.0612042 1.2821594 1.4169208 1.8402537 1.5854742 2.2756716 1.7258016 1.9184779 4.9818882 2.2319507 3.0009551 
Adig_XM_015912195.1                                               2.1783499 0.0000010 0.4041551 0.4041551 0.4048810 0.4168930 0.3416597 0.2906545 0.4422572 0.4576988 0.1345283 0.1370265 0.1370265 0.0000000 0.1617966 0.1140052 0.3765145 0.2834384 0.3387443 0.3603348 0.3114790 0.4238370 5.6861495 0.2699363 0.5186278 0.5031658 0.5055017 0.5021838 0.5021838 0.5021838 0.4850586 0.4850586 0.4444320 0.3972080 0.4284598 0.3960137 0.3425340 0.5647169 0.5682110 0.5694741 0.4168062 0.4524662 0.3281703 0.4959264 0.6303843 0.3361456 0.9022770 0.4740713 0.0000010 0.4197987 0.4197987 0.4197987 0.4197987 0.0000010 0.6397781 0.4339280 1.2122944 0.4287239 0.4402230 0.4397859 0.7252699 0.4628805 0.4628805 0.4226915 0.4668342 0.4194832 0.4430958 0.5749507 0.4042180 0.4042180 0.2854616 0.3969020 0.5211209 0.5211209 0.4551888 0.3935145 0.5411517 0.4256403 0.3445376 0.0000010 0.5098280 0.4225775 0.0000010 0.6003901 0.5837758 0.2540686 1.0992567 7.6440306 2.4065397 6.9511940 
Gasp_gasp1.m3.7161.m1                                             2.4453161 2.6163983 1.0934141 1.0920299 0.6378404 0.5977696 1.0089269 0.9097096 0.4561033 0.7834781 0.1668317 0.1977046 0.2647803 0.1617966 0.0000000 0.3275239 0.5713584 0.7181933 0.6234431 1.0458455 1.0989577 0.9362829 0.6740092 0.9478875 0.6093306 1.3096858 1.2891505 1.2975393 0.5684183 1.3056465 1.3596725 1.3648709 0.9149172 0.7267241 0.7278478 0.8593326 0.9056656 1.2774804 1.7268445 1.0289742 1.2228028 0.7520322 0.6833616 0.8764025 1.7768954 1.0726858 1.6933072 1.2220678 7.4650646 1.9993626 1.9993626 1.9112067 1.9112067 7.4650646 1.3794770 0.9212422 1.7780224 0.8699538 1.4729608 1.1179546 0.7244163 1.0950090 1.0676794 1.9122717 1.1187441 0.9569294 1.0710997 0.7986539 1.9469190 1.9469190 1.0745603 0.7201788 1.2452789 1.3869047 1.2146565 0.8710715 0.9788329 1.2319493 0.7949195 0.8985960 1.2959863 1.2980745 1.7134549 1.5656334 1.8943453 1.8687434 1.8478911 4.6888678 1.6469285 2.7929811 
Amil_Amillepora16431-RA                                           2.4667927 3.5475037 1.1399693 1.1271576 0.6970259 0.6120923 1.0777517 1.0404356 0.4537783 0.8564536 0.3210881 0.2748503 0.3657771 0.1140052 0.3275239 0.0000000 0.5534709 0.8732727 0.7449152 1.0868271 1.0435053 1.0088586 0.5951837 0.9654562 0.5945735 1.3497530 1.3343510 1.3283632 0.5800777 1.3564151 1.3689421 1.3867344 1.1220004 0.8596690 0.8926641 1.0256235 1.1346900 1.3033258 1.7879292 1.0085764 1.2237498 0.7969674 0.6915661 0.8888684 1.9795573 1.2490239 1.6756796 1.1845811 8.9999988 2.1368431 2.1368431 1.9255211 1.9255211 8.9999988 1.3164628 0.9214964 1.7757925 0.8742448 1.5047647 1.1162515 0.7710322 1.1639605 1.0300126 1.9423561 1.1594158 1.0241509 1.1362981 0.9867127 2.2813655 2.2813655 1.1723992 0.7345966 1.2292164 1.3189359 1.1888981 1.0417652 0.9576361 1.4653374 0.9128355 1.6414265 1.3152317 1.4125843 1.7736016 1.6287366 2.4092070 1.8727726 1.8543495 4.4497938 2.0007367 2.8329486 
Dpul_mRNA2158                                                     2.1965609 1.2722230 0.8363557 0.8363557 0.7991708 0.8124000 0.5963557 0.5385729 0.4524207 0.6360709 0.5867655 0.5592440 0.5644474 0.3765145 0.5713584 0.5534709 0.0000000 0.5715314 0.5494525 0.4706207 0.5748750 0.4367917 1.2665325 0.5424101 0.8097103 0.5994635 0.6043880 0.6309119 0.6208920 0.6071503 0.5991840 0.6032879 0.6566549 0.6309217 0.6784523 0.8763672 0.6666071 0.7253893 0.6216724 0.6579566 0.5802809 0.6289628 0.7470688 0.7041455 1.6769452 0.5758025 1.1951352 0.9306804 0.0000010 0.8143060 0.8143060 0.8078559 0.8078559 0.0000010 1.1836498 0.7984599 1.5072401 0.7729843 0.8385637 0.8825640 0.5483014 0.8102630 0.9529269 0.8505303 0.8628251 0.4377954 0.7386913 0.7740256 0.6966073 0.6966073 0.6589139 0.8199909 0.7522942 0.7526893 0.6174085 0.6759959 0.8246486 0.7361849 0.6299894 1.2963910 1.6921010 0.6774088 0.3782779 1.6933850 0.5711769 0.6335520 2.1617502 4.2237428 1.5485775 2.4855108 
Xesp_012309-T1                                                    2.3996968 2.9713198 1.2444238 1.2387123 0.8563257 0.6767321 1.1869160 1.1318247 0.5430312 1.0768611 0.7409128 0.6634376 0.8574814 0.2834384 0.7181933 0.8732727 0.5715314 0.0000000 0.2321712 1.2375388 1.1604371 0.9944686 1.0533351 0.3771040 0.6772652 1.2035699 1.1276183 1.2378804 0.6142720 1.2218473 1.2070031 1.2160577 1.3471723 0.9359738 0.9437840 1.1193003 1.2373696 1.3237700 1.8367651 1.1623532 1.3716686 0.9140451 0.6605287 1.1653644 2.2089048 1.2352365 1.8932335 1.4055468 5.4323735 1.8663408 1.8663408 1.6815115 1.6815115 5.4323735 1.3176012 1.0119381 1.6964042 0.8775877 1.5737584 1.2677008 1.1162308 1.3832624 1.1444506 1.7443126 1.3348652 1.2183802 1.3191659 1.1995994 1.8968393 1.8968393 1.2003383 0.8557481 1.3571886 1.4247313 1.2566420 1.0851850 1.2542577 1.2618858 1.0555784 2.4722219 1.2880035 1.3306949 1.6213579 1.6000589 2.4323345 1.8033209 1.8016079 5.3550224 2.7686080 3.3070147 
Xesp_027397-T1                                                    2.5090687 3.6503641 1.3960127 1.3864270 0.9060054 0.7797593 1.0774618 1.1049444 0.5566753 1.1704904 0.6276314 0.6670985 0.7351743 0.3387443 0.6234431 0.7449152 0.5494525 0.2321712 0.0000000 1.2804340 1.2425048 1.1214914 0.9949539 0.4571703 0.7107777 1.1945837 1.1645691 1.1892797 0.6269636 0.9892761 1.2113423 1.2088703 1.1525096 1.0136461 1.0395030 1.1627173 1.1352388 1.2395827 1.7552926 1.2174680 1.4785330 0.8923082 0.7314181 1.2818494 2.4772424 1.2136834 2.0737589 1.4446925 8.9999985 1.7739006 1.7739006 1.6843264 1.6843264 8.9999985 1.3243647 1.0224048 1.6310700 0.8809652 1.6650473 1.4877573 1.1357683 1.4379076 1.1368084 1.7113534 1.4699286 1.4318855 1.5323777 1.2260339 1.7787920 1.7787920 1.0976870 0.9088833 1.3876281 1.4351920 1.0888531 1.0403088 1.1112442 1.1395165 0.9931631 4.2924698 1.3660677 1.5517666 2.5720638 1.6715854 2.5336951 1.6219249 1.8444631 5.6927952 2.3672582 3.0021847 
Tcas_TC008829_001                                                 2.4964726 3.5683208 1.2064447 1.2064447 0.8586193 0.7211742 1.0347363 1.0379783 0.3841588 0.9831834 1.0116996 1.0155236 1.1607657 0.3603348 1.0458455 1.0868271 0.4706207 1.2375388 1.2804340 0.0000000 1.1461854 0.9828627 1.3998696 1.2994832 0.7111238 1.3115780 1.2598552 1.5243705 0.7278251 1.3381302 1.3613776 1.3886988 1.3590679 1.2585884 1.1893368 1.3759182 1.4567541 1.3162601 1.5530245 1.0947311 1.1189709 0.9361781 0.7209300 1.0207293 1.8728167 1.1415378 1.7807624 1.2983369 6.0465383 1.6260663 1.6260663 1.5672064 1.5672064 6.0465383 1.1910890 0.8408647 1.5042516 0.7431822 1.3752476 1.2900454 0.6592649 1.2308004 0.9383955 1.7016066 1.1876480 1.0228092 1.1388956 0.8789863 1.5910171 1.5910171 1.0245156 0.8997288 1.3359834 1.4572380 1.0963875 1.3594868 1.3843928 1.5933142 1.2736906 2.8091863 1.4302650 1.4023304 2.2318031 1.5464436 2.3083003 1.6237615 2.2019893 4.9169461 2.7499656 3.5588426 
Skow_XM_006818638.1                                               2.2895294 3.2884699 1.2689229 1.2419344 0.7405503 0.6269968 0.9227756 0.8891950 0.4094742 0.9627849 0.9848790 1.0267725 1.1094692 0.3114790 1.0989577 1.0435053 0.5748750 1.1604371 1.2425048 1.1461854 0.0000000 0.8218817 1.0309860 1.2523285 0.7418922 1.4089420 1.3923874 1.4531778 0.6070131 1.3989674 1.4410051 1.4300731 1.4618089 1.0704782 1.1173960 1.2940584 1.5186219 1.4638659 1.8519304 1.1459579 1.2298295 0.8992363 0.6570327 1.1172374 1.9573562 0.9891738 1.7919335 1.2787830 5.1763402 1.8551255 1.8551255 1.6720614 1.6720614 5.2647566 1.2181766 0.8593348 1.5522038 0.7742275 1.5078629 1.0924065 0.7058927 1.1045562 0.8928295 1.7177939 1.2488923 1.1573182 1.2088834 0.8737238 1.9498870 1.9498870 0.9848029 0.7949068 1.3069208 1.3827862 0.8709439 1.4170762 1.3749621 1.5385332 1.2487515 1.7517643 1.2146679 1.3419680 1.8052385 1.7067145 2.5387627 1.7909455 2.0849714 5.3180325 2.9089950 3.6754529 
Cscu_XM_023362733.1                                               2.3420739 3.6974046 1.2313691 1.2158309 0.8119709 0.7138920 0.7756155 0.8466825 0.4153790 0.9042210 0.9623551 0.9424404 1.0241184 0.4238370 0.9362829 1.0088586 0.4367917 0.9944686 1.1214914 0.9828627 0.8218817 0.0000000 1.2969519 1.0060046 0.7145147 1.1724608 1.1320887 1.1628596 0.6043585 1.0898188 1.1465516 1.1498401 1.2084417 1.0935708 1.1423738 1.3107022 1.2861447 1.1117710 1.4635560 1.0292981 1.1732351 0.8683265 0.6877853 0.9328232 1.7703964 1.0358417 1.8077241 1.3089383 3.9975805 1.5215263 1.5215263 1.4652472 1.4652472 3.9975805 1.2150502 0.9091491 1.5889507 0.7722115 1.4498910 1.1527256 0.8328403 1.1532683 0.9221530 1.5046239 1.3327912 1.2177826 1.3554757 1.0232661 1.5334693 1.5334693 0.8635342 0.7354943 1.0281721 1.0774436 0.9398757 1.2056045 1.2835709 1.2395011 1.0856184 2.4795075 1.4264353 1.2763030 1.5637993 1.5781107 1.9456797 1.4774884 2.1631948 4.7029107 2.4248440 3.3168339 
Adig_XM_015912208.1                                               9.0000000 1.0590407 1.4783052 1.4783052 1.5189678 1.3162816 1.0091743 0.9603351 1.6646727 1.0837596 0.6423791 0.5926844 0.5951837 5.6861495 0.6740092 0.5951837 1.2665325 1.0533351 0.9949539 1.3998696 1.0309860 1.2969519 0.0000000 1.0097182 1.6033368 1.1892821 1.2493325 1.1730618 1.1730618 1.2514917 1.1892821 1.1892821 1.0092963 1.0750215 1.0750215 1.1205638 1.1068648 0.9912411 0.5708189 0.9912411 0.8513965 1.0917400 5.6861495 1.1831100 1.2484453 1.1280845 1.1066259 1.3858432 0.0000010 1.3786881 1.3786881 1.3786881 1.3786881 0.0000010 3.6998765 1.3175747 2.3743064 1.3175747 1.2465903 1.2818445 0.9019545 1.4070816 3.4515551 1.2789539 1.2381289 1.1236195 1.1236195 1.0377349 1.2174135 1.2174135 1.0186328 8.9999981 1.6342963 2.6207824 1.0581869 0.8633223 0.9034660 1.4885681 0.7577641 0.0000010 5.8209298 1.2723146 0.9191234 6.4156096 1.2210646 1.2139851 2.5994883 4.2284306 3.1394382 5.9514919 
Dgig_XM_028553874.1                                               2.4410732 2.5926233 1.2725172 1.2799608 0.8158180 0.6569535 1.3006596 1.1535967 0.5046021 1.0171206 0.8084106 0.7461713 0.8867854 0.2699363 0.9478875 0.9654562 0.5424101 0.3771040 0.4571703 1.2994832 1.2523285 1.0060046 1.0097182 0.0000000 0.6381250 1.2872703 1.2812010 1.3411801 0.5872006 1.2973248 1.3014556 1.2943252 1.2212823 0.8250536 0.8747959 0.9753867 1.2972385 1.4829363 2.1815970 1.1172581 1.3671111 0.8771628 0.6054172 1.0379269 1.9666117 1.3381180 1.8708545 1.3662566 5.7302131 2.0228102 2.0228102 1.7715164 1.7715164 5.8988504 1.2054615 0.9466598 1.5568629 0.8357886 1.6447132 1.2786610 1.0266801 1.2842432 1.0660166 1.8940815 1.2202245 1.1201465 1.2350989 1.1471391 2.2666425 2.2666425 1.3608029 0.7554527 1.3551543 1.4373266 1.2070559 1.1669446 1.2016173 1.3867186 1.0398210 1.8479652 1.2079326 1.5962147 2.0976184 1.6458164 2.6234182 1.8074081 1.8531592 5.1435114 2.6522259 3.0050740 
Clacor_Ccor_scaffold8628_01                                       2.9489764 1.9830861 0.4206576 0.4206576 0.4631707 0.4121612 0.8027755 0.6730519 0.5910331 0.8760284 0.6134918 0.6154294 0.6224116 0.5186278 0.6093306 0.5945735 0.8097103 0.6772652 0.7107777 0.7111238 0.7418922 0.7145147 1.6033368 0.6381250 0.0000000 0.7543614 0.7628946 0.7911903 0.7814283 0.7500673 0.7743551 0.7654045 0.7495464 0.7055493 0.7252984 0.9015723 0.7342182 0.8370972 0.7477218 0.8324207 0.7323575 0.8520141 0.9884730 0.8204520 2.0023117 0.6898159 1.6115788 1.2802083 0.0000010 1.0067020 1.0067020 1.0210700 1.0210700 0.0000010 1.5095011 1.0414030 2.0496461 1.0136580 1.0314640 1.0537379 0.9219790 1.0927674 1.2121779 1.1450206 1.0466081 0.6015895 0.8201199 0.9442517 0.8043350 0.8043350 0.7391739 0.9457862 0.8135672 0.8268244 0.6948808 0.8318439 0.8606951 0.7667767 0.6402462 1.0847506 1.0091983 0.3539663 0.3912150 1.6852915 0.7723259 0.6350830 1.9624134 4.5071292 1.6363389 2.8617761 
HoiH23_PlH23_004585-RA                                            3.0108092 3.3248363 1.5157348 1.5019333 0.9019443 0.7991505 1.4716866 1.3974480 0.7114838 1.1589533 1.2361639 1.1479037 1.3107328 0.5031658 1.3096858 1.3497530 0.5994635 1.2035699 1.1945837 1.3115780 1.4089420 1.1724608 1.1892821 1.2872703 0.7543614 0.0000000 0.0534673 0.3099238 0.0740165 0.2177256 0.1240706 0.1194720 1.4735605 1.0772723 1.1639382 1.2805428 1.4399469 1.3978828 1.9291497 1.0041196 1.1660906 0.8847334 0.7734105 1.1454252 1.9690939 1.4810009 1.9089695 1.3831018 8.3860954 2.0807834 2.0807834 1.8850109 1.8850109 8.3378766 1.1683126 0.9076877 1.5854377 0.8153563 1.5725108 1.2733424 0.8481680 1.1962357 0.9661259 1.8024416 1.2564034 1.1818117 1.2873717 1.0673918 2.2005800 2.2005800 1.5174415 0.6941565 1.2202261 1.3172622 1.4564949 1.2401288 1.4158867 1.6720306 1.3310826 2.5859008 1.3705697 1.7894616 2.2836505 1.6266948 2.4740872 1.8518819 1.8630322 5.6011968 2.4268274 3.3385129 
HoiH06_mRNA4893                                                   2.9598093 3.5962013 1.4871790 1.4871790 0.8926584 0.8072839 1.4235942 1.3944728 0.7114838 1.1626462 1.1977950 1.1401101 1.2853409 0.5055017 1.2891505 1.3343510 0.6043880 1.1276183 1.1645691 1.2598552 1.3923874 1.1320887 1.2493325 1.2812010 0.7628946 0.0534673 0.0000000 0.2913577 0.0755833 0.2016546 0.1149105 0.1169626 1.3496781 1.1032268 1.1754867 1.3070254 1.3485024 1.4012547 2.0198612 0.9979383 1.1614079 0.8680164 0.7734105 1.1590488 1.9568757 1.3599776 1.8697601 1.3543060 7.6257715 1.8569479 1.8569479 1.8267906 1.8267906 7.5835669 1.1718913 0.9038798 1.5930044 0.8172760 1.5629725 1.2543634 0.8533999 1.1599363 0.9699586 1.7438600 1.2316369 1.1447031 1.2522368 1.0525164 1.9183097 1.9183097 1.4865015 0.6839843 1.2417283 1.3401114 1.4326023 1.2322691 1.3462672 1.6264141 1.3162047 2.4224673 1.3526693 1.7565126 2.2200784 1.6408815 2.3276780 1.9031952 1.8807709 5.8757821 2.1478975 3.1711220 
TrH2_TrispH2_004025-RA                                            2.8770458 3.2652712 1.5252378 1.5114760 0.9319626 0.8054512 1.5723301 1.5866408 0.7333782 1.2640105 1.2702098 1.1561801 1.3561460 0.5021838 1.2975393 1.3283632 0.6309119 1.2378804 1.1892797 1.5243705 1.4531778 1.1628596 1.1730618 1.3411801 0.7911903 0.3099238 0.2913577 0.0000000 0.0000010 0.2793747 0.3107946 0.3076953 1.4817926 1.1403174 1.1794321 1.3311593 1.5135351 1.4604109 2.0254403 1.0551465 1.2212574 0.8956660 0.7861859 1.1802522 1.9364532 1.4744021 1.8570952 1.3185628 6.9695843 2.0081106 2.0081106 1.7650890 1.7650890 6.9311902 1.1346704 0.8739300 1.4994450 0.7915542 1.4552781 1.1844535 0.8628648 1.1553853 0.9706376 1.7176345 1.1879729 1.1244098 1.2290225 0.9899157 2.2782839 2.2782839 1.5462735 0.7266857 1.2396337 1.3142163 1.4722335 1.3077855 1.4228879 1.6726599 1.3352059 2.7142933 1.4959178 1.6357563 2.0062071 1.6986658 2.4026188 1.8105227 1.8756764 5.6992307 2.3334795 3.2387730 
Tadh_TriadT20192                                                  2.8770458 1.6712202 0.8582219 0.8582219 0.8279637 0.7969312 0.6835151 0.6230257 0.7333782 0.7673141 0.5561200 0.5574899 0.5553380 0.5021838 0.5684183 0.5800777 0.6208920 0.6142720 0.6269636 0.7278251 0.6070131 0.6043585 1.1730618 0.5872006 0.7814283 0.0740165 0.0755833 0.0000010 0.0000000 0.0612026 0.0819486 0.0823610 0.6469486 0.6730738 0.6751731 0.8848851 0.6518608 0.6709634 0.6333099 0.6189269 0.5688114 0.5936883 0.7393810 0.7709892 1.6414921 0.6293449 1.2234963 0.9202228 0.0000010 0.8144310 0.8144310 0.7976530 0.7976530 0.0000010 1.1346704 0.7978772 1.4994450 0.7915542 0.8221569 0.8632839 0.6326817 0.8303885 0.9706376 0.8197311 0.7637573 0.4582527 0.6519456 0.7789782 0.6680337 0.6680337 0.6787454 0.7191818 0.7258930 0.7370488 0.6290024 0.5466353 0.7960976 0.7949667 0.5934580 1.3661447 1.4696925 0.6890666 0.6248169 1.6986658 0.5886595 0.6572291 1.8756764 4.6844427 1.5036000 2.5398417 
HoiH11_mRNA8950                                                   2.6952266 3.2860314 1.4338414 1.4188905 0.9290803 0.7943311 1.4491333 1.3854156 0.7333782 1.2238445 1.2869266 1.1510171 1.3391162 0.5021838 1.3056465 1.3564151 0.6071503 1.2218473 0.9892761 1.3381302 1.3989674 1.0898188 1.2514917 1.2973248 0.7500673 0.2177256 0.2016546 0.2793747 0.0612026 0.0000000 0.2036886 0.2025557 1.4949982 1.1134439 1.1515179 1.2819680 1.4452592 1.3381152 1.8480359 0.9465512 1.1011643 0.8477004 0.7734105 1.0962005 2.0402822 1.3610466 1.8469831 1.2282388 8.9999987 2.0868662 2.0868662 1.8438483 1.8438483 8.9999987 1.1554826 0.8568095 1.5408686 0.8095552 1.4476165 1.1972155 0.8465415 1.0919985 0.9690963 1.7420411 1.1637929 1.0521812 1.1695831 1.0368026 2.2568489 2.2568489 1.4447137 0.6776484 1.2121816 1.2644554 1.4020337 1.2738777 1.3041046 1.7045983 1.2739660 2.3184488 1.3977586 1.6960212 2.3023129 1.5994083 2.3842489 1.7763958 1.9060653 6.0671852 1.9905636 3.2181832 
Hhon_g03987.t1                                                    2.8951305 3.3363541 1.5193515 1.4989723 0.8903618 0.7923509 1.5351359 1.4888392 0.7333782 1.1818466 1.2748414 1.1641329 1.3194296 0.4850586 1.3596725 1.3689421 0.5991840 1.2070031 1.2113423 1.3613776 1.4410051 1.1465516 1.1892821 1.3014556 0.7743551 0.1240706 0.1149105 0.3107946 0.0819486 0.2036886 0.0000000 0.0080063 1.4432530 1.0594834 1.1617808 1.2756667 1.4233785 1.4413665 1.9924972 1.0136230 1.1929326 0.8855951 0.7729427 1.1496364 2.0007875 1.4448236 1.8744340 1.3517485 7.5165819 2.0273034 2.0273034 1.8108183 1.8108183 7.4752043 1.1370018 0.9037519 1.5133103 0.8030581 1.5520876 1.2709762 0.8576518 1.2004696 0.9776988 1.7453563 1.2965194 1.2311295 1.3422897 1.0762146 2.2686043 2.2686043 1.5020407 0.7060518 1.2276897 1.2900339 1.4816123 1.3212153 1.4299072 1.6979675 1.3412869 2.6398270 1.3704063 1.8073383 2.1709778 1.6848839 2.3932758 1.8875059 1.8819134 5.5419879 2.3692207 3.3342977 
HoiH04_mRNA568                                                    2.9228822 3.2791979 1.5137020 1.4933350 0.8903618 0.7923509 1.5504338 1.4938828 0.7333782 1.1749832 1.2697269 1.1619016 1.3335397 0.4850586 1.3648709 1.3867344 0.6032879 1.2160577 1.2088703 1.3886988 1.4300731 1.1498401 1.1892821 1.2943252 0.7654045 0.1194720 0.1169626 0.3076953 0.0823610 0.2025557 0.0080063 0.0000000 1.4485411 1.0557127 1.1567255 1.2699093 1.4234715 1.4475205 1.9956232 1.0142950 1.1865501 0.8901549 0.7729427 1.1462553 1.9874225 1.4495788 1.8718651 1.3502723 7.2217876 2.0139735 2.0139735 1.7981605 1.7981605 7.1825010 1.1512264 0.9099045 1.5374274 0.8093730 1.5425479 1.2697496 0.8576518 1.1993747 0.9855487 1.7489559 1.2952329 1.2201238 1.3318219 1.0762146 2.2642985 2.2642985 1.5228829 0.7060518 1.2498930 1.3147530 1.4967943 1.3191236 1.4161544 1.6900838 1.3473663 2.6398270 1.3704063 1.7998905 2.1467435 1.6754507 2.3808306 1.8791956 1.8840050 5.4248738 2.3644492 3.2869108 
Sanmal_Sma_027181-T1                                              3.0394175 3.1932816 1.2464042 1.2202317 0.7600456 0.7268904 1.3155986 1.2289381 0.4742342 1.0428762 0.9343489 0.8586582 1.0969020 0.4444320 0.9149172 1.1220004 0.6566549 1.3471723 1.1525096 1.3590679 1.4618089 1.2084417 1.0092963 1.2212823 0.7495464 1.4735605 1.3496781 1.4817926 0.6469486 1.4949982 1.4432530 1.4485411 0.0000000 0.4196791 0.3582261 0.4782876 0.8356979 1.5694699 2.1261266 1.1835082 1.3592358 0.9057550 0.6327064 1.0559706 1.9118329 1.2746749 1.8766814 1.4118108 5.4089650 1.8966019 1.8966019 1.7679822 1.7679822 5.3766289 1.5365074 1.0642807 1.9209132 0.9710262 1.7095914 1.3453589 1.0643201 1.3492258 1.1786114 1.8363150 1.3277457 1.2091540 1.3154922 1.1671062 1.9974927 1.9974927 1.2495378 0.7538502 1.3530136 1.4648919 1.3252935 1.1329990 0.9829475 1.0662103 1.2445938 2.2461438 1.5710948 1.2870980 1.4875132 1.6943066 2.4026096 1.7031586 1.8437930 5.0487749 2.6455439 3.4912003 
Aaur_scaffold187.g21.t2                                           2.6816465 2.9724548 1.0615600 1.0615600 0.7713430 0.7162816 0.9643068 0.9424841 0.4418352 1.0007801 0.6629250 0.7738703 0.8208978 0.3972080 0.7267241 0.8596690 0.6309217 0.9359738 1.0136461 1.2585884 1.0704782 1.0935708 1.0750215 0.8250536 0.7055493 1.0772723 1.1032268 1.1403174 0.6730738 1.1134439 1.0594834 1.0557127 0.4196791 0.0000000 0.2672569 0.3817652 0.6414217 1.1705479 1.4098032 1.0496793 1.1900840 0.8796843 0.5901566 1.1435845 1.9367639 0.9943770 1.7981705 1.3680979 3.6437165 1.5009067 1.5009067 1.4673614 1.4673614 3.6437165 1.4144835 1.0484492 1.6997385 0.9194036 1.4681232 1.3072868 1.1099658 1.3174806 1.1646329 1.5720618 1.3105604 1.2615686 1.3257208 1.2784902 1.5070329 1.5070329 1.0051893 0.7784891 1.1840655 1.2579948 1.0111712 0.9497805 0.8533061 0.8013078 0.8562407 2.3546783 1.4193768 1.2026537 1.6058215 1.6924437 2.1557265 1.3468395 1.8864749 5.1065737 2.1968793 3.4220431 
Rhoesc_Res_001794-T1                                              3.3558669 3.1884725 1.1344335 1.1344335 0.8204675 0.6883723 0.9239301 0.9168417 0.4586780 1.0195418 0.6524488 0.7889342 0.8566786 0.4284598 0.7278478 0.8926641 0.6784523 0.9437840 1.0395030 1.1893368 1.1173960 1.1423738 1.0750215 0.8747959 0.7252984 1.1639382 1.1754867 1.1794321 0.6751731 1.1515179 1.1617808 1.1567255 0.3582261 0.2672569 0.0000000 0.2510169 0.5541364 1.2594181 1.4758346 1.1542777 1.2394075 0.9466400 0.5216940 1.1698917 1.9633080 0.9976547 1.8954829 1.4705289 4.8553403 1.6640304 1.6640304 1.6439418 1.6439418 4.8553403 1.5400282 1.1058301 1.9758644 0.9760634 1.5407367 1.3440041 1.0626296 1.3748702 1.2096490 1.6268580 1.3761913 1.3047217 1.3211995 1.3218968 1.5795722 1.5795722 0.9875400 0.7863441 1.2134205 1.2881024 0.9985004 0.9144345 0.8942015 0.8396913 0.8830892 2.7318940 1.4659902 1.1870810 1.6415021 1.6630313 2.2581493 1.3312370 1.9035396 5.1968303 2.3576448 3.5982850 
Nemnom_g6506.t1                                                   3.1512780 3.0434038 1.2538312 1.2538312 0.9727330 0.7064764 1.0736004 1.1389187 0.4778388 1.1955605 0.8027443 0.9169143 1.0059823 0.3960137 0.8593326 1.0256235 0.8763672 1.1193003 1.1627173 1.3759182 1.2940584 1.3107022 1.1205638 0.9753867 0.9015723 1.2805428 1.3070254 1.3311593 0.8848851 1.2819680 1.2756667 1.2699093 0.4782876 0.3817652 0.2510169 0.0000000 0.7477830 1.3715822 1.3706899 1.2477613 1.1422665 1.0202455 0.6429461 1.2526467 1.9645998 1.1602410 2.0925431 1.5329812 5.4010584 1.7874826 1.7874826 1.7697774 1.7697774 5.4010584 1.9967105 1.2646974 2.8565207 1.1690454 1.6474346 1.5154049 1.0774864 1.5222636 1.4926465 1.6585679 1.4677653 1.1813224 1.2011197 1.2748612 1.3901227 1.3901227 1.0968488 1.0032651 1.3039597 1.3873381 1.2008335 1.0750867 1.1483476 1.0153568 1.1206194 2.4021303 1.7115452 1.1270626 1.4999642 1.8534520 2.1500953 1.2411461 2.0637943 6.4375469 2.7959609 4.0933049 
Morvir_scaffold25.g69.t2                                          3.0977866 3.0776687 1.2840955 1.2567976 0.7979265 0.7212370 1.2999791 1.2670745 0.4427605 0.9792026 0.8854590 0.8328269 1.0656361 0.3425340 0.9056656 1.1346900 0.6666071 1.2373696 1.1352388 1.4567541 1.5186219 1.2861447 1.1068648 1.2972385 0.7342182 1.4399469 1.3485024 1.5135351 0.6518608 1.4452592 1.4233785 1.4234715 0.8356979 0.6414217 0.5541364 0.7477830 0.0000000 1.5112107 2.0758697 1.1357957 1.2839943 0.9570172 0.5237411 1.0994232 2.0827070 1.3042143 2.0503672 1.4511024 6.2093654 2.0492678 2.0492678 1.8383821 1.8383821 6.1780537 1.4166297 1.0134139 1.8152723 0.8993402 1.7158459 1.3724359 1.1126272 1.3725163 1.1259039 1.9573253 1.3354100 1.2577671 1.3399536 1.1199249 2.1805563 2.1805563 1.4441934 0.7652877 1.3987984 1.4301317 1.5026889 1.1692600 0.9932459 1.1669899 1.2452891 2.1318070 1.5139550 1.4661808 1.9577103 1.6323002 2.2863249 2.0717046 1.8022595 5.9311937 2.2654496 3.2219582 
Emue_Em0008g628a.t1                                               2.8260003 2.9532715 1.3738508 1.3311426 0.9298922 0.8723024 1.2680300 1.2696389 0.5828352 1.2350816 1.2878237 1.2033818 1.3185617 0.5647169 1.2774804 1.3033258 0.7253893 1.3237700 1.2395827 1.3162601 1.4638659 1.1117710 0.9912411 1.4829363 0.8370972 1.3978828 1.4012547 1.4604109 0.6709634 1.3381152 1.4413665 1.4475205 1.5694699 1.1705479 1.2594181 1.3715822 1.5112107 0.0000000 0.0378909 0.1862367 0.1960884 0.5010463 0.6396963 0.7871702 1.7039719 1.4675365 1.9152164 1.4440369 7.1876945 2.1626882 2.1626882 1.9335554 1.9335554 7.2951661 1.7015824 1.0140317 2.3210569 0.9939812 1.6659425 1.3258293 0.7263948 1.2807669 1.1521737 2.1614812 1.3445508 1.1171296 1.2444524 0.7703224 2.1120733 2.1120733 1.5749737 0.6678957 1.4783891 1.5889180 1.4946057 1.3624215 1.6354770 1.8100407 1.2459930 2.1297242 1.7938631 1.7191281 2.1050566 1.7104904 2.3092758 1.9157111 2.1457377 5.6868214 1.9538851 2.7667807 
Emue_Em0581g3a.t1                                                 3.3279998 2.9532715 1.6192651 1.5493843 0.7787792 0.7070935 1.6481498 1.6330121 0.7476149 1.5534070 1.7149726 1.6797995 1.7942839 0.5682110 1.7268445 1.7879292 0.6216724 1.8367651 1.7552926 1.5530245 1.8519304 1.4635560 0.5708189 2.1815970 0.7477218 1.9291497 2.0198612 2.0254403 0.6333099 1.8480359 1.9924972 1.9956232 2.1261266 1.4098032 1.4758346 1.3706899 2.0758697 0.0378909 0.0000000 0.2985434 0.2765114 0.6270572 0.5723862 1.0181612 1.0753291 1.9637984 1.5250042 1.2011779 7.1876945 2.5365997 2.5365997 2.1864966 2.1864966 7.2951661 2.4617780 0.6915258 8.9999983 0.6166727 1.6615235 1.1551651 0.7263948 1.2138466 0.9203792 2.3214298 1.3697983 1.2469575 1.3273874 0.6854099 2.3741727 2.3741727 2.1472227 1.2449522 2.0421636 2.3076005 2.0891555 1.8935024 2.3279628 2.5215194 1.6445061 1.9835185 2.8281907 1.8865047 2.1556774 0.8364834 2.3565829 2.1411647 1.5935618 8.6331052 6.6503913 8.2172078 
Spolac_c104030_g2_i3_m.37740c104030-g2                            2.7801614 3.3078324 1.2662694 1.2662694 0.8760887 0.8809468 0.9637864 0.9778293 0.5828352 1.0687175 0.9487194 1.1049172 1.0566387 0.5694741 1.0289742 1.0085764 0.6579566 1.1623532 1.2174680 1.0947311 1.1459579 1.0292981 0.9912411 1.1172581 0.8324207 1.0041196 0.9979383 1.0551465 0.6189269 0.9465512 1.0136230 1.0142950 1.1835082 1.0496793 1.1542777 1.2477613 1.1357957 0.1862367 0.2985434 0.0000000 0.0143781 0.4599698 0.4584270 0.6711581 1.5422299 1.0819696 1.9421960 1.3817605 5.3696261 1.4679989 1.4679989 1.4771766 1.4771766 5.3696261 1.5011801 0.9412202 2.0193408 0.9258498 1.4753774 1.2730277 0.7014120 1.2250593 1.0514816 1.6522397 1.3070601 1.1234494 1.2562228 0.7553434 1.4279175 1.4279175 1.1351987 0.6272259 1.1301026 1.1950950 1.0948373 1.0805988 1.3405659 1.3653304 0.9854212 1.9874080 1.6904414 1.3061094 1.4705774 1.7413223 1.5685948 1.3534445 2.0199339 5.2930198 1.5962724 2.7275843 
Spolac_c104030_g2_i4_m.37743c104030-g2                            2.7698629 3.3078324 1.3572409 1.3572409 0.7673967 0.7027718 1.0568436 1.0803139 0.5828352 1.1724268 1.1057855 1.3310776 1.2585562 0.4168062 1.2228028 1.2237498 0.5802809 1.3716686 1.4785330 1.1189709 1.2298295 1.1732351 0.8513965 1.3671111 0.7323575 1.1660906 1.1614079 1.2212574 0.5688114 1.1011643 1.1929326 1.1865501 1.3592358 1.1900840 1.2394075 1.1422665 1.2839943 0.1960884 0.2765114 0.0143781 0.0000000 0.5310337 0.4473674 0.7856600 0.8392440 1.1580864 1.5588068 1.1425876 5.2836879 1.4031300 1.4031300 1.4031300 1.4031300 5.2836879 1.2252939 0.7042014 3.4161737 0.6519406 1.3481933 1.1026473 0.7014120 1.0815589 0.7816176 1.4904436 1.2092010 1.1242745 1.2562228 0.6150729 1.4426573 1.4426573 1.2785387 0.5997326 1.3424817 1.4594167 1.2307670 1.3097740 1.5975371 1.6345897 1.1362539 1.8863884 1.3470062 1.3105343 1.4795773 0.7905900 1.5653216 1.2872004 1.6444246 7.7137739 4.9986998 8.6668872 
