79
Aque_Aqu2.1.14230_001                                    0.0000000 0.0216106 0.8667752 0.8235256 1.0255657 1.2049523 5.9454913 5.2908897 5.6794432 5.6893136 5.4542783 3.9875337 5.9665208 6.0540866 6.1561608 6.2808044 5.8940257 5.4236104 4.7326680 4.2110565 4.4186491 4.1426958 3.1963131 4.1997045 4.7893610 4.9770578 0.0000010 6.5405816 8.9999988 4.4888217 4.4555070 5.2440189 4.4051757 4.4733320 4.5789779 4.6433180 4.6052766 4.3325946 4.3172832 5.5813475 0.0000010 4.5946348 4.6012060 4.6024527 3.7989411 3.2500605 3.9000549 4.5930296 3.1972116 4.3813150 1.7516127 4.4168044 4.4754194 4.5875401 4.0871150 4.1588055 4.5322207 4.5142240 4.9208127 4.6660123 4.3393033 4.7974999 3.7270771 3.4636122 0.0000010 3.1134988 0.0000010 5.1347785 8.9999983 4.7600891 2.3643448 4.9060512 4.6709905 4.2922070 5.3247086 8.3202793 3.4895932 3.0117831 7.3249325 
Aque_Aqu2.1.31839_001                                    0.0216106 0.0000000 0.8480992 0.8564879 0.9661062 1.1546276 5.8645045 5.0335483 5.0394618 5.0953317 5.0297064 4.1350647 5.1186955 5.0556329 5.1016758 5.2924138 5.4201857 4.8624758 4.7790991 4.5135744 4.2845861 4.0302244 3.3364509 4.1245355 4.1716440 4.5849256 3.5155929 4.8458747 6.3637572 4.2628605 4.5209375 4.9429077 4.3253780 4.3834897 4.5485438 4.5534886 4.4245529 4.2776586 4.2646192 3.1436593 1.6358687 4.2741584 4.2005464 4.3347652 3.8325665 2.9181281 3.8743006 4.5742354 3.1508700 4.0844451 3.6948607 4.3250974 4.1923205 4.1894657 3.6602431 3.8074823 4.0913978 4.0111537 4.8222123 4.2764140 4.1832232 4.4607024 3.0559588 2.8822726 2.1599295 3.0937860 4.1071450 4.7681209 3.2079648 4.5210328 2.3447982 4.5745498 4.9098116 4.3171976 4.5591211 6.0364827 3.5010985 3.1024806 5.2936635 
Halamb_c51057_g2_i1m.29694                               0.8667752 0.8480992 0.0000000 0.0738537 0.0000010 1.1448053 0.0000010 5.3744595 4.0699375 4.7442504 4.5722716 0.0000010 5.9167189 6.0577076 5.8657780 9.0000000 5.8993587 0.0000010 4.1435313 3.9895963 4.2355797 3.7991585 3.5246058 3.9719388 0.0000010 4.1105403 0.0000010 4.7914259 4.0436814 3.9630166 3.9630166 3.9888503 3.7259705 3.8006466 3.8805477 3.8673537 4.0335247 3.6202980 3.6202980 5.4369478 0.0000010 3.9044100 4.1173120 4.1891255 2.7031889 2.4949684 3.8617184 3.9726861 3.5052610 3.6382919 0.0000010 3.7880785 3.9988644 4.2482223 3.4926687 3.6622546 3.6592140 3.6592140 4.5505453 3.5439802 4.9478129 4.6651885 0.0000010 3.1740819 0.0000010 2.8954827 0.0000010 3.9677847 5.7409821 4.4075804 2.3157198 4.4373260 3.8909540 3.5468978 3.7197838 8.0136794 3.7031199 3.7644998 6.5844304 
Halamb_c51057_g1_i1mm.3763                               0.8235256 0.8564879 0.0738537 0.0000000 3.5156235 1.1315516 0.0000010 4.9461057 3.9103635 4.3322738 4.1939624 6.5446252 5.4769922 5.2712339 5.1319611 6.0109066 5.6479944 4.6814613 4.2863177 3.9047743 3.8445596 3.6122643 3.4672949 3.6110549 4.0101618 3.6391964 7.1934277 4.9240861 4.0436814 3.8802993 3.8839041 4.0546680 3.6748220 3.7536379 3.8099627 3.8332979 3.9878442 3.6117707 3.6117707 5.1061725 0.0000010 3.6648953 3.7917676 4.1847518 2.7031889 2.4949684 3.7084180 3.9798481 3.5052610 3.3325774 1.7234879 3.6178733 3.7252838 4.0007713 3.4167215 3.1860605 3.4102803 3.4102803 3.9128023 3.4260883 4.2126283 3.9189340 0.0000010 3.1465393 2.6115862 2.9152693 1.9321251 3.8567740 4.7752050 4.1177000 2.3826496 4.2490504 3.8648864 3.5401717 3.7944954 7.2692493 3.4828362 3.0433922 6.0753302 
Halamb_c55163_g1_i3m.40167                               1.0255657 0.9661062 0.0000010 3.5156235 0.0000000 1.0204755 6.6856555 4.7712329 4.3936019 4.3769411 4.3165230 4.0315820 4.4493809 4.4836269 4.4338790 4.1351100 4.1619552 4.2467586 4.5885938 6.7494352 3.7999164 3.6790618 0.0000010 3.7150743 3.7110343 3.7527731 3.1319317 4.2855162 4.7232821 3.8905673 5.2400910 1.3426483 4.2603448 4.3127548 4.1546211 4.1355522 4.0069002 4.2100101 4.0904208 2.3120082 2.1979901 3.8731572 3.6540492 3.8428989 6.4153464 3.3449618 3.3992431 0.0000010 0.0000010 3.5152884 3.2919184 3.7706343 3.7125055 3.7648520 3.0618154 3.2418543 3.5549701 3.4527890 4.1040577 4.2372816 4.0684976 4.2607686 2.8100511 2.7888444 2.4524111 4.5844839 3.3731956 3.9246215 2.6569671 4.0561288 0.0000010 2.4330312 9.0000000 9.0000000 3.9249875 4.6622997 4.2847664 3.0930483 3.4612069 
Xestes_maker-XT_scaffold3976-snap-gene-0.9-mRNA-1        1.2049523 1.1546276 1.1448053 1.1315516 1.0204755 0.0000000 5.4810683 5.1259038 4.8621709 4.9490309 4.8432505 4.0431905 4.8562215 4.9001532 4.9409466 4.7490048 4.7639766 4.4295943 4.0766475 3.9962028 3.8215176 3.9058588 3.2151065 3.8923220 3.7945573 3.9562389 2.6154466 4.1830285 5.2685679 3.9390735 4.4167449 4.3735641 4.0637362 4.0753021 4.1442123 4.1182999 4.0561681 3.9489131 3.9669936 3.1431137 2.1767542 3.7661722 3.7175272 3.8841274 3.7518506 2.9412104 4.1079566 4.5335369 3.3792373 3.8079120 3.4357399 4.0549484 3.9269068 3.9671834 3.4677637 3.6577768 3.9366906 3.8699355 4.2802439 3.7242997 3.9165032 3.8043606 2.8301525 2.6188907 1.6481968 2.6146057 2.4062977 4.3855485 2.8759628 4.0973963 2.1083987 3.8011175 3.6342406 3.0712993 4.0964762 5.6496830 3.3991635 2.9046435 4.7973001 
Bolinf_Binf_sb1217043                                    5.9454913 5.8645045 0.0000010 0.0000010 6.6856555 5.4810683 0.0000000 0.2155541 0.5368397 0.6183362 0.6183362 1.1140070 1.0396859 1.0449202 1.0358834 1.5027666 1.3863753 1.6684762 3.9290482 3.8446960 4.4220204 4.5694925 0.0000010 4.4408138 4.0878759 4.3843491 0.0000010 4.8689958 4.7855393 4.5412191 4.4929371 8.9999985 4.4887730 4.4533697 4.4563059 4.5533009 4.5123402 4.7813513 4.8982627 4.3625792 6.9370796 4.6064831 4.2664825 4.6640042 9.0000000 6.0440121 7.4463728 4.0890119 0.0000010 4.1836336 4.1198494 5.3174437 4.9961861 4.8207480 4.4136831 4.1903454 3.9352035 3.8205375 0.0000010 5.1006472 5.6130303 5.8767069 5.3146970 6.2915513 0.0000010 6.5355034 0.0000010 5.1117648 2.7395755 4.4226565 0.0000010 3.1930021 0.0000010 0.0000010 4.7678782 2.5283468 6.2322747 5.8090385 5.3410323 
Mlei_ML2705.g11.i1                                       5.2908897 5.0335483 5.3744595 4.9461057 4.7712329 5.1259038 0.2155541 0.0000000 0.5038409 0.5663397 0.5665076 0.8210311 1.0196694 1.0029281 0.9953018 1.1861636 1.1189063 1.1894849 3.9177159 3.9553236 3.6118565 3.6655553 4.2767592 3.6298523 3.3641281 3.5821657 3.3458920 3.9507456 3.5627364 3.7993897 4.1360904 5.0913375 3.9032762 3.9149381 3.9857226 4.0495277 3.9694047 4.0532078 4.0829769 3.8348286 2.5425213 3.9616719 4.0830666 4.1282792 6.2036613 4.1662481 5.0845492 4.6800572 6.2979460 3.5234405 3.0222503 4.1169447 3.9448539 3.8982452 3.7965461 3.6318903 3.7732430 3.7044434 4.1692655 4.1442862 4.8008681 4.6257106 4.9248831 4.5750676 3.9272930 5.1362674 3.8011351 4.3686043 3.2768664 3.7662002 4.9877619 4.0005205 5.8095432 6.4821110 3.4122837 6.4800026 5.2531774 5.1320142 4.4120718 
Beraby_Baby_sb324765                                     5.6794432 5.0394618 4.0699375 3.9103635 4.3936019 4.8621709 0.5368397 0.5038409 0.0000000 0.5498084 0.5398656 0.8160321 1.0431658 1.0294078 1.0203992 1.2776220 1.1944774 1.2585165 4.1489900 4.2963260 3.9287590 4.0314428 4.1611786 3.8733437 3.7862889 3.7934243 3.0806319 3.6945402 3.7804604 3.8169980 4.4418193 6.3687751 4.0334189 4.0209503 4.1218060 4.1942696 4.0801759 4.2308032 4.1126996 3.5053439 2.9776545 4.0189680 3.9917098 4.1478823 8.9999989 3.8518276 5.0961852 4.2455951 0.0000010 3.4102273 2.7331127 4.3957571 4.3324726 4.1604437 3.7338869 3.6378791 3.8038184 3.7332559 4.2878775 4.3515497 4.6865636 4.8816717 4.6961534 4.7759844 3.6285714 5.3783433 3.3477313 4.2743701 3.1081997 3.8105391 1.8274549 4.5623935 5.5387709 8.9999985 3.7360709 4.9088752 5.0062234 5.3639884 4.0445901 
Bolinf_Binf_sb1273139                                    5.6893136 5.0953317 4.7442504 4.3322738 4.3769411 4.9490309 0.6183362 0.5663397 0.5498084 0.0000000 0.0063470 0.7081751 1.0259289 0.9769500 0.9824890 1.1071046 1.0661133 1.1182373 4.1425160 4.3810988 3.8322171 3.9119506 5.6637614 3.8778422 3.6939199 3.7743391 3.4777615 3.9825266 3.6812576 3.9349065 4.5398515 5.9191384 4.1706865 4.1345454 4.3557890 4.3810020 4.2003213 4.2803011 4.2481077 3.5831486 2.6347291 4.1317631 4.1853710 4.1742635 8.9999985 5.1125226 5.5556853 4.4990884 0.0000010 3.4323785 2.9990276 4.3575375 4.4448004 4.0521255 3.8089340 3.5796427 3.8247650 3.7620804 4.5630249 4.2804979 4.6109957 4.8224407 4.4951672 4.6648475 3.5147125 5.2677783 3.6579873 4.4792498 3.0517100 3.9709746 2.6153282 4.2784206 6.8740286 5.6592643 3.8424151 4.9207641 4.6798267 5.4795692 3.9708558 
Mertsp_Mesp_sb593018                                     5.4542783 5.0297064 4.5722716 4.1939624 4.3165230 4.8432505 0.6183362 0.5665076 0.5398656 0.0063470 0.0000000 0.7081751 1.0287231 0.9866471 0.9919945 1.1071046 1.0484974 1.1182373 4.0520495 4.2277261 3.8063533 3.8689279 4.0212561 3.8423555 3.6939199 3.7794275 3.4777615 3.8933399 3.4737967 3.8641153 4.3353416 4.9679111 4.1615397 4.1578200 4.3345788 4.3895381 4.2969392 4.2666020 4.2362635 3.6045050 2.4888797 4.0618862 4.2264564 4.1292575 8.9999987 3.9825647 5.0049328 4.3775138 2.2138439 3.4680347 2.9425613 4.2722149 4.3620121 3.9917804 3.7944433 3.5323009 3.8196055 3.7614050 4.3022353 4.2423588 4.4527956 4.4740034 4.4951672 4.5808436 3.5147125 4.9229015 3.3974416 4.3587074 3.1432400 3.9682955 3.7760064 3.6508584 5.2161481 4.3295929 3.8579486 5.3163244 4.4347761 5.3841082 4.2282129 
Lampan_Lpan_16143_01                                     3.9875337 4.1350647 0.0000010 6.5446252 4.0315820 4.0431905 1.1140070 0.8210311 0.8160321 0.7081751 0.7081751 0.0000000 1.3142083 1.3242356 1.3371626 1.0130252 1.0428317 1.0635852 3.9305424 6.2750596 3.4130552 3.4038987 0.0000010 3.3438454 3.3878807 3.4472649 3.3760217 3.3981798 2.8903809 3.4588912 5.9667452 2.1247853 2.9559434 2.8941368 2.9525009 3.0237457 3.1257713 3.1927141 3.1927141 2.5986719 2.8055692 3.4821898 3.4980246 3.9340615 8.9999982 6.6127419 8.9999983 0.0000010 0.0000010 2.7000114 2.7969677 3.2839512 3.4496159 3.3824956 2.8106594 2.6225828 3.5142061 3.4152208 2.3532174 3.8534325 4.0650570 3.7157389 4.4888094 4.1692390 4.0558278 0.0000010 2.9986244 3.8946582 3.0690892 3.0400383 0.0000010 2.5528841 4.3536767 0.0000010 3.6072222 4.6649058 4.3600035 4.5255533 3.6668853 
Pbac_sb2663737                                           5.9665208 5.1186955 5.9167189 5.4769922 4.4493809 4.8562215 1.0396859 1.0196694 1.0431658 1.0259289 1.0287231 1.3142083 0.0000000 0.0125104 0.0252650 1.4496450 1.5064648 1.6528982 3.9282166 4.2458609 3.6661949 3.7730228 4.1692396 3.7787801 3.5324058 3.7012410 3.1788007 3.6667715 3.0315141 3.7108862 4.1551989 3.8915200 3.9844849 4.0009587 4.1167401 4.1194113 4.1082687 3.9877181 3.9079482 3.0338089 2.3477084 4.0039453 3.8149368 3.9095197 6.0313972 6.0395988 5.6272291 4.3294237 6.0897575 3.5999538 2.7838798 4.5694175 4.3320476 4.2564523 3.6811682 3.2987735 3.6924961 3.6479131 4.3943421 4.1286356 4.6167967 4.5641270 4.5948569 4.3994701 2.5984246 5.4410083 0.8201540 4.2952490 2.6229116 4.1081391 6.2887521 3.2063727 5.6275553 6.3981919 3.7930140 5.8689281 5.8427025 5.1551423 4.3493172 
Pbac_sb2664344                                           6.0540866 5.0556329 6.0577076 5.2712339 4.4836269 4.9001532 1.0449202 1.0029281 1.0294078 0.9769500 0.9866471 1.3242356 0.0125104 0.0000000 0.0213284 1.4066660 1.4826683 1.6276878 3.9373720 4.2232283 3.7109329 3.7736432 4.2133161 3.7839372 3.6429979 3.7083272 3.6666150 3.8829857 3.0315141 3.7741239 4.2101375 4.4723679 4.0776072 4.0919688 4.1808998 4.2181389 4.1965045 4.0636777 3.9984320 3.3253423 2.3477084 4.0342908 3.8754024 4.0307418 5.9252041 6.0395988 4.9085293 4.3576680 6.0897575 3.6638388 2.9826654 4.4831819 4.1998600 4.2194019 3.8008833 3.3484702 3.7369577 3.6984101 4.0656514 4.0907414 4.6290183 4.5011024 4.5639114 4.5435539 3.6610413 5.4711043 3.4026528 4.2108952 3.0625451 4.0568865 6.0362542 3.6061512 5.8369959 6.4297778 3.9031131 5.8119608 5.6769615 4.8697293 4.2956971 
Horcal_Hcv1.av93.c5.g1217.i1                             6.1561608 5.1016758 5.8657780 5.1319611 4.4338790 4.9409466 1.0358834 0.9953018 1.0203992 0.9824890 0.9919945 1.3371626 0.0252650 0.0213284 0.0000000 1.4148302 1.4672665 1.6337383 3.9346890 4.2132879 3.7248957 3.7755314 4.1701185 3.7979426 3.6277454 3.7044491 3.6666150 3.8496388 3.0407612 3.7594384 4.1746886 4.3534338 4.0657047 4.0799938 4.1706008 4.2076153 4.1928951 4.0543498 4.0093976 3.3054668 2.3477084 4.0003369 3.9241946 4.0360806 5.9648143 6.0077067 4.8472819 4.3491605 5.9054990 3.7036935 2.9939877 4.4037573 4.2040598 4.1532573 3.7962344 3.3372099 3.7212629 3.6868001 4.0898069 4.1075642 4.6137918 4.5558737 4.4755757 4.5712039 3.6610413 5.4500855 3.4026528 4.1958064 3.0727827 4.1275853 5.6847336 3.6902042 5.8330850 6.4231574 3.9301092 5.7776253 5.6755349 4.9368239 4.2915648 
Vmul_sbMO446281                                          6.2808044 5.2924138 9.0000000 6.0109066 4.1351100 4.7490048 1.5027666 1.1861636 1.2776220 1.1071046 1.1071046 1.0130252 1.4496450 1.4066660 1.4148302 0.0000000 0.4422160 0.3930384 3.8290537 4.2438233 3.9371039 4.0180329 0.0000010 3.8547147 3.8930864 3.7070501 3.5992217 3.5808116 2.8433967 3.7968687 4.5450753 4.4153797 3.7180570 3.6554317 3.8971419 3.8575250 3.7350585 3.9165694 3.7619454 3.2354224 2.5050164 3.9198193 3.7330405 3.8386557 8.9999982 5.5404587 8.5143377 3.8231295 0.0000010 3.4141205 2.7347038 3.9659802 3.8377183 3.5428021 3.3418671 3.0476892 3.7661681 3.6741166 2.4488227 4.2642623 4.1945800 3.8315366 4.3907942 4.9345837 4.0187934 6.8284705 3.1167829 4.0197281 2.8652479 3.7312264 0.0000010 2.7100362 4.4366506 9.0000000 3.6644009 4.5346686 5.2779791 6.1663901 3.6686995 
Coemet_Cmet_C605852_01                                   5.8940257 5.4201857 5.8993587 5.6479944 4.1619552 4.7639766 1.3863753 1.1189063 1.1944774 1.0661133 1.0484974 1.0428317 1.5064648 1.4826683 1.4672665 0.4422160 0.0000000 0.0210012 4.0582443 4.0659306 3.9307758 3.9879188 4.2864516 3.8678824 3.8256430 3.8199029 3.6482381 3.9207869 3.2483755 3.9324258 4.4075313 5.1571865 4.1952104 4.1698906 4.3098728 4.2890410 4.3441441 4.4701768 4.4316083 3.5133257 2.3379300 4.1224015 3.9090684 4.0487406 5.5575041 5.1139172 4.6286502 4.5031648 4.6483371 3.8361014 3.0417160 4.3318681 4.2553824 3.8160491 3.7608817 3.7194873 3.9350500 3.8685801 4.5487917 4.2399607 4.6713429 4.4923631 4.6325102 4.7324009 3.8395606 5.4771830 2.7713218 4.5143484 3.2538079 4.4231968 4.5882689 3.9038610 5.5757188 7.3986991 3.7358656 5.8363384 6.0005016 5.6272933 4.7224101 
Coeast_Cast_sb773466                                     5.4236104 4.8624758 0.0000010 4.6814613 4.2467586 4.4295943 1.6684762 1.1894849 1.2585165 1.1182373 1.1182373 1.0635852 1.6528982 1.6276878 1.6337383 0.3930384 0.0210012 0.0000000 3.9213266 3.7629695 3.7987529 3.9537478 0.0000010 3.6963877 3.8635160 3.7035269 3.7610558 3.8496983 3.2498091 3.7872286 4.9899153 1.7412099 3.5239258 3.4506376 3.5571188 3.5610936 3.6222768 3.8341825 3.7195286 3.1727882 2.5227777 3.6974145 3.5486411 3.7926879 8.9999983 6.3685531 7.5636154 0.0000010 0.0000010 3.3891822 3.1320813 3.8332964 4.1785067 3.7204349 3.3101234 3.0850600 3.8175206 3.6848325 2.4897173 3.8136696 3.9587547 3.8152008 4.6675628 4.5970768 3.7647634 6.4316928 2.9668516 4.2075609 3.1808998 3.8030879 0.0000010 2.6955454 4.7653131 0.0000010 3.4989778 4.5247490 5.8876976 5.2273959 3.6837875 
Amil_Amillepora01230-RA                                  4.7326680 4.7790991 4.1435313 4.2863177 4.5885938 4.0766475 3.9290482 3.9177159 4.1489900 4.1425160 4.0520495 3.9305424 3.9282166 3.9373720 3.9346890 3.8290537 4.0582443 3.9213266 0.0000000 0.0416234 0.3636969 0.4359912 0.2095548 0.3891699 0.4284948 0.2858236 0.0174669 0.4635223 0.1923274 1.1073665 1.0672979 1.1446934 2.6307415 2.6123719 2.6866497 2.6105095 2.5420289 2.5997620 2.6165786 3.8316046 2.6807863 1.9786620 1.9404418 2.5935024 1.3220578 2.0331383 2.2919623 1.9808836 2.0454528 2.6100306 2.6032073 2.5468891 2.4800298 2.1599993 2.1326547 1.9975133 2.2821868 2.2066194 2.3497504 3.2077189 3.2147550 3.2395676 4.6932682 3.4899611 2.0284190 3.4649468 2.2271924 2.7180583 2.5227620 2.4658372 3.2550646 2.0658999 3.0564344 3.6645104 4.0812625 5.1925365 3.3632169 3.4813622 3.2329562 
Adig_XM_015897645.1                                      4.2110565 4.5135744 3.9895963 3.9047743 6.7494352 3.9962028 3.8446960 3.9553236 4.2963260 4.3810988 4.2277261 6.2750596 4.2458609 4.2232283 4.2132879 4.2438233 4.0659306 3.7629695 0.0416234 0.0000000 0.4114976 0.4973654 0.1864187 0.4353954 0.9716425 0.3528287 1.6784263 2.8531775 2.9269225 1.1025307 1.0455434 1.1752191 2.3218716 2.3021153 2.3648250 2.3133137 2.1815670 2.3152383 2.3136837 4.7527377 3.3003769 1.9458965 1.9871358 2.3640038 1.3220578 1.7192360 2.2255800 1.9133447 1.8906636 2.4752369 5.2258210 2.5254212 2.3523399 2.1109101 1.9709530 1.9481467 2.0655942 2.0655942 2.4077091 2.9497878 2.8956227 3.0067797 5.4178515 3.5796996 8.9999989 3.3787619 2.4294917 2.4090986 3.6814237 2.4759310 3.3435903 2.0561863 2.9016164 3.4274951 3.9823424 5.0306080 3.4845709 3.5352404 3.6585537 
Fspp_ffun1.m4.11504.m1                                   4.4186491 4.2845861 4.2355797 3.8445596 3.7999164 3.8215176 4.4220204 3.6118565 3.9287590 3.8322171 3.8063533 3.4130552 3.6661949 3.7109329 3.7248957 3.9371039 3.9307758 3.7987529 0.3636969 0.4114976 0.0000000 0.2114348 0.1156488 0.1420043 0.2136550 0.2698960 0.1377659 0.6055162 0.5766031 1.0883018 1.1344314 1.2340617 2.5401326 2.5197749 2.6299658 2.5886546 2.5414798 2.5177927 2.5451318 3.2526642 2.0713869 2.0396258 2.0215074 2.4631941 2.3207166 1.9158022 2.1393036 1.9674618 1.7698045 2.3778483 2.3844355 2.7199523 2.3580078 2.2467518 2.0808796 1.8693189 2.1992966 2.1403570 2.3157569 2.7947449 3.1938163 3.2192822 4.2015714 3.4959800 2.4133138 3.5484618 1.9331225 2.6586761 2.3616041 2.4143698 3.2906881 1.9791546 3.2681150 3.7539072 2.9571258 4.4925334 3.2987505 3.9684231 3.0228795 
Pocdam_XM_027193721.1                                    4.1426958 4.0302244 3.7991585 3.6122643 3.6790618 3.9058588 4.5694925 3.6655553 4.0314428 3.9119506 3.8689279 3.4038987 3.7730228 3.7736432 3.7755314 4.0180329 3.9879188 3.9537478 0.4359912 0.4973654 0.2114348 0.0000000 0.0479813 0.2092940 0.0775725 0.3151972 0.1465757 0.6154940 0.6532040 1.1321060 1.2213191 1.2607084 2.4688656 2.4694129 2.5773817 2.5431532 2.4825882 2.4635290 2.5221024 3.1403921 2.2128310 2.0044377 1.9945934 2.5859014 2.2740794 1.9644085 2.3029668 2.0367553 1.8151707 2.4164793 2.2068586 2.6697354 2.4250029 2.2977514 2.1440038 1.9946561 2.1979831 2.1344938 2.3439870 2.8261651 3.2146899 3.1759308 4.2756214 3.5167847 2.3408746 3.7034779 1.9734474 2.6401802 2.4398830 2.4862890 3.0985466 2.0085285 3.1866150 3.5870691 3.0667308 4.2853670 3.2536092 3.9330592 3.0150376 
Spis_XP_022786395_1                                      3.1963131 3.3364509 3.5246058 3.4672949 0.0000010 3.2151065 0.0000010 4.2767592 4.1611786 5.6637614 4.0212561 0.0000010 4.1692396 4.2133161 4.1701185 0.0000010 4.2864516 0.0000010 0.2095548 0.1864187 0.1156488 0.0479813 0.0000000 0.1275688 0.0000010 0.1244960 0.0000010 2.9570846 2.3479736 0.8390264 0.8390264 0.9411237 2.1639941 2.1282042 2.1520354 2.1279832 2.2525915 2.1757965 2.1240919 4.7618716 0.0000010 1.2298097 1.1691920 1.6427465 1.4190654 1.7810880 1.6196803 1.4475469 1.7978751 1.9128342 0.0000010 1.8365852 1.5182953 1.4418856 1.3523509 1.1388944 1.4765958 1.4765958 2.5991090 2.4422302 2.4738436 2.5892106 0.0000010 3.0416423 0.0000010 3.1178076 0.0000010 1.5243937 2.1202603 1.9584070 3.0260750 1.6071656 3.0199088 3.4251231 3.8564301 4.5414948 2.6791117 3.0360048 3.4676811 
Gasp_gasp1.m3.20211.m1                                   4.1997045 4.1245355 3.9719388 3.6110549 3.7150743 3.8923220 4.4408138 3.6298523 3.8733437 3.8778422 3.8423555 3.3438454 3.7787801 3.7839372 3.7979426 3.8547147 3.8678824 3.6963877 0.3891699 0.4353954 0.1420043 0.2092940 0.1275688 0.0000000 0.1977515 0.2793646 0.1989690 0.6057458 0.5769973 1.0872064 1.1385262 1.2449797 2.3863927 2.3835750 2.4703023 2.4313624 2.4258013 2.3990362 2.4404052 3.1326870 2.0853130 2.0395222 2.0672664 2.4914347 2.2761008 1.9583072 2.1615404 1.9963531 1.7558618 2.3846585 2.2898292 2.6227080 2.3372736 2.2750711 2.0975393 1.8826064 2.1994197 2.1359393 2.3041522 2.7715275 3.2230540 3.1873655 4.3662542 3.4781829 2.3193484 3.5282099 2.1009734 2.6141716 2.4213608 2.4923124 3.2783426 2.0261351 3.1313318 3.5220847 3.0060786 4.3172666 3.3555175 3.7422416 3.1054437 
Spis_XP_022786397_1                                      4.7893610 4.1716440 0.0000010 4.0101618 3.7110343 3.7945573 4.0878759 3.3641281 3.7862889 3.6939199 3.6939199 3.3878807 3.5324058 3.6429979 3.6277454 3.8930864 3.8256430 3.8635160 0.4284948 0.9716425 0.2136550 0.0775725 0.0000010 0.1977515 0.0000000 0.2986302 0.1569980 0.5357071 0.5089159 1.2064828 1.6230567 3.8624986 2.6227743 2.6225804 2.7391376 2.6773899 2.6707472 2.6508943 2.8025366 2.8412572 2.3549485 2.2486451 2.1260725 2.7748449 8.9999988 2.6370550 4.2553848 1.8875298 0.0000010 2.5768239 2.2673608 3.0078800 2.8135755 2.6435024 2.5564556 2.1394448 2.4825238 2.3678100 2.0522213 2.9114103 3.6405074 3.5388333 4.1799500 3.5108488 2.3768024 4.3138189 2.0771247 3.1163668 2.4940191 2.5315088 0.0000010 2.4164976 7.1485401 0.0000010 2.7750921 3.8655242 3.1555841 3.6366837 2.6719848 
Gfas_gfas1.m1.20216.m1                                   4.9770578 4.5849256 4.1105403 3.6391964 3.7527731 3.9562389 4.3843491 3.5821657 3.7934243 3.7743391 3.7794275 3.4472649 3.7012410 3.7083272 3.7044491 3.7070501 3.8199029 3.7035269 0.2858236 0.3528287 0.2698960 0.3151972 0.1244960 0.2793646 0.2986302 0.0000000 0.1564924 0.4613669 0.4099006 1.0905032 1.1621384 1.2890871 2.4652967 2.4652578 2.5690755 2.5090457 2.4572447 2.4000705 2.4446608 3.1935559 2.4574352 2.1148496 2.1704488 2.6768231 8.9999982 1.9676520 2.1543964 2.1976488 1.8083621 2.4347565 2.3054162 2.6862852 2.4196193 2.2280419 2.1485447 1.9425259 2.2600263 2.1930691 2.4568307 2.7759491 3.1984100 3.1193669 4.3785457 3.6548697 2.3024913 3.7191789 1.9350905 2.6768593 2.3789674 2.4426135 2.6267137 2.2227648 2.8614593 2.8223315 3.0191966 3.8543319 3.3849837 3.8761832 3.1893040 
Adig_XM_015910554.1                                      0.0000010 3.5155929 0.0000010 7.1934277 3.1319317 2.6154466 0.0000010 3.3458920 3.0806319 3.4777615 3.4777615 3.3760217 3.1788007 3.6666150 3.6666150 3.5992217 3.6482381 3.7610558 0.0174669 1.6784263 0.1377659 0.1465757 0.0000010 0.1989690 0.1569980 0.1564924 0.0000000 0.7998510 0.0000010 0.7587084 2.9499351 0.0000010 2.6479889 2.5828728 2.7595492 2.7234609 2.5749493 2.5982813 2.5982813 3.3431742 3.2906666 1.6730564 1.7565826 2.8231496 2.6984955 0.0000010 2.0705243 0.0000010 0.0000010 2.7223631 2.6876405 2.7129839 2.0596954 1.9245399 2.3589294 2.9235756 1.9228409 1.9228409 2.0522213 2.4514773 2.6288574 2.9367134 1.6180075 2.6933727 2.6198850 0.0000010 2.1512314 2.7027326 3.0178831 1.9564995 0.0000010 1.3929527 7.3822541 0.0000010 2.6341303 4.2204929 2.0170923 1.7820612 2.2977779 
Adig_XM_015897644.1                                      6.5405816 4.8458747 4.7914259 4.9240861 4.2855162 4.1830285 4.8689958 3.9507456 3.6945402 3.9825266 3.8933399 3.3981798 3.6667715 3.8829857 3.8496388 3.5808116 3.9207869 3.8496983 0.4635223 2.8531775 0.6055162 0.6154940 2.9570846 0.6057458 0.5357071 0.4613669 0.7998510 0.0000000 0.1626811 1.5164050 1.6840351 2.7559951 3.6057005 3.6020920 3.7300741 3.5610473 3.6864067 3.5989681 3.5989681 2.9127687 2.4708055 3.0760214 2.7255232 2.7821721 3.7721684 1.6577064 5.3780679 2.9217911 2.8203184 3.0763796 2.4900757 3.2005459 3.2939486 3.0134475 2.6406441 2.1906036 2.9761297 2.7805640 9.0000000 3.5338216 4.4440435 3.7554745 4.4597300 4.2908182 6.2512842 4.0896440 4.4856756 3.2704429 2.4553361 2.8133484 2.0421732 2.7238858 4.8999152 2.7444469 3.2159420 4.4167278 4.2233819 2.7772820 3.1748436 
Adig_XM_015910546.1                                      8.9999988 6.3637572 4.0436814 4.0436814 4.7232821 5.2685679 4.7855393 3.5627364 3.7804604 3.6812576 3.4737967 2.8903809 3.0315141 3.0315141 3.0407612 2.8433967 3.2483755 3.2498091 0.1923274 2.9269225 0.5766031 0.6532040 2.3479736 0.5769973 0.5089159 0.4099006 0.0000010 0.1626811 0.0000000 1.7335052 1.9517673 2.3472464 4.3323284 4.4766910 4.3100610 4.2056794 4.2842287 4.0836134 4.0836134 2.7371327 3.3548738 2.7735777 2.3075125 2.7979633 3.2484633 1.9028774 3.3648191 2.2307973 3.1779782 2.6083334 2.0903434 2.8265543 4.0260031 3.2703376 2.4803079 2.4523611 3.2611508 2.8023076 4.0657649 4.1523916 4.4666243 3.8142298 4.6188101 5.0892257 0.0000010 6.9710621 0.0000010 3.7182970 1.7346332 3.2974688 4.7404108 2.0069410 4.9090317 2.3423200 3.5080243 3.9988676 8.9999987 1.4574023 3.0919523 
Exapal_XM_021049625.2                                    4.4888217 4.2628605 3.9630166 3.8802993 3.8905673 3.9390735 4.5412191 3.7993897 3.8169980 3.9349065 3.8641153 3.4588912 3.7108862 3.7741239 3.7594384 3.7968687 3.9324258 3.7872286 1.1073665 1.1025307 1.0883018 1.1321060 0.8390264 1.0872064 1.2064828 1.0905032 0.7587084 1.5164050 1.7335052 0.0000000 0.0109088 0.6326098 2.6529628 2.6454701 2.7575549 2.7076647 2.6589051 2.6134330 2.6652905 3.2342698 2.1288310 2.0548002 2.3439869 2.5627057 2.0667005 2.2369627 2.3808531 2.1967086 1.9021925 2.3784856 2.2911337 2.6720736 2.3107028 2.1949752 2.1492546 2.0027229 2.2935667 2.2495316 2.5743042 2.9892710 3.1643718 3.4168770 4.5166955 3.3803987 2.3599795 3.4826232 2.3491452 2.7208456 2.4617507 2.3905567 3.2463343 2.1676012 3.1226226 3.2558459 3.0095111 5.1199041 3.6272942 3.6262082 3.1862496 
Exapal_XM_021055845.1                                    4.4555070 4.5209375 3.9630166 3.8839041 5.2400910 4.4167449 4.4929371 4.1360904 4.4418193 4.5398515 4.3353416 5.9667452 4.1551989 4.2101375 4.1746886 4.5450753 4.4075313 4.9899153 1.0672979 1.0455434 1.1344314 1.2213191 0.8390264 1.1385262 1.6230567 1.1621384 2.9499351 1.6840351 1.9517673 0.0109088 0.0000000 0.6141641 2.4738849 2.4595044 2.5043819 2.4722181 2.4479795 2.3926257 2.4475066 4.4314367 0.0000010 2.0601669 2.4250837 2.6389443 1.8530814 2.4094549 2.2863194 2.1967086 1.9021925 2.4049844 2.6520642 2.7312253 2.3218871 2.0892115 2.1685810 1.7367188 2.1771601 2.1820512 2.5286850 2.9473816 3.1685001 3.5479933 4.4915223 3.7627187 7.7095256 3.4826232 2.9831500 2.5764340 2.9377607 2.4235112 3.2463343 2.1676048 2.9170996 3.2558459 3.5542488 7.0965189 3.7382506 3.6931579 4.1232499 
Nvec_v1g220484                                           5.2440189 4.9429077 3.9888503 4.0546680 1.3426483 4.3735641 8.9999985 5.0913375 6.3687751 5.9191384 4.9679111 2.1247853 3.8915200 4.4723679 4.3534338 4.4153797 5.1571865 1.7412099 1.1446934 1.1752191 1.2340617 1.2607084 0.9411237 1.2449797 3.8624986 1.2890871 0.0000010 2.7559951 2.3472464 0.6326098 0.6141641 0.0000000 3.0338688 3.0716984 3.1543240 3.0998160 3.0214568 3.0083237 2.9781676 3.8964862 0.0000010 2.1032373 2.2131152 2.6309016 1.6463284 1.7773915 2.6066731 2.3153899 1.9976971 2.2488209 0.9944546 2.7053533 2.1687860 2.1760669 2.0374463 2.3328570 2.2037169 2.2037169 3.3429414 3.2817699 3.4474031 3.3569745 1.9757703 4.1362706 0.0000010 4.0968181 0.0000010 2.2516323 2.4435259 2.6293745 3.0044663 2.3243377 3.1487533 3.4818233 4.3544615 5.7142779 4.1987967 4.0998462 4.6011665 
Hhon_g02013.t1                                           4.4051757 4.3253780 3.7259705 3.6748220 4.2603448 4.0637362 4.4887730 3.9032762 4.0334189 4.1706865 4.1615397 2.9559434 3.9844849 4.0776072 4.0657047 3.7180570 4.1952104 3.5239258 2.6307415 2.3218716 2.5401326 2.4688656 2.1639941 2.3863927 2.6227743 2.4652967 2.6479889 3.6057005 4.3323284 2.6529628 2.4738849 3.0338688 0.0000000 0.0089249 0.1347976 0.1274620 0.1894786 0.1931680 0.2036263 3.1694856 1.7654416 2.5012661 2.6624388 3.0072109 2.7271477 2.2879534 2.7494277 2.6424315 2.4629090 2.4322060 2.4753143 2.8132223 2.5774068 2.3458284 2.2476785 2.2862741 2.4923719 2.4326698 2.1416844 3.0746541 3.4144839 3.4154123 6.0613422 4.0633010 3.0450622 3.8736793 2.3915470 2.7318812 2.7055531 2.4906651 3.7863720 2.6825611 2.9742078 3.4703240 3.6742190 5.6164721 3.6141231 3.4876575 3.8010264 
HoiH04_mRNA15030                                         4.4733320 4.3834897 3.8006466 3.7536379 4.3127548 4.0753021 4.4533697 3.9149381 4.0209503 4.1345454 4.1578200 2.8941368 4.0009587 4.0919688 4.0799938 3.6554317 4.1698906 3.4506376 2.6123719 2.3021153 2.5197749 2.4694129 2.1282042 2.3835750 2.6225804 2.4652578 2.5828728 3.6020920 4.4766910 2.6454701 2.4595044 3.0716984 0.0089249 0.0000000 0.1349339 0.1273045 0.1867457 0.1918124 0.1974060 3.2387843 1.8480094 2.4847102 2.6396640 3.0159952 2.8623583 2.4036942 2.7800558 2.6192812 2.4629090 2.4325987 2.5510526 2.8012446 2.5717906 2.3620276 2.2379782 2.3010858 2.4879263 2.4279926 2.1416844 3.0676406 3.4522559 3.4435540 5.9859662 4.0750265 2.9769899 3.8416695 2.5310968 2.7131067 2.7538890 2.4840267 3.8293955 2.6730861 2.9264838 3.4280316 3.7063326 5.8421360 3.6832625 3.5538648 3.7785577 
HoiH23_PlH23_005399-RA                                   4.5789779 4.5485438 3.8805477 3.8099627 4.1546211 4.1442123 4.4563059 3.9857226 4.1218060 4.3557890 4.3345788 2.9525009 4.1167401 4.1808998 4.1706008 3.8971419 4.3098728 3.5571188 2.6866497 2.3648250 2.6299658 2.5773817 2.1520354 2.4703023 2.7391376 2.5690755 2.7595492 3.7300741 4.3100610 2.7575549 2.5043819 3.1543240 0.1347976 0.1349339 0.0000000 0.0427168 0.1788159 0.1803604 0.1898732 3.1136420 1.8403789 2.4451848 2.6507977 3.0388232 2.7721904 2.0482188 2.7696831 2.5930037 2.4030784 2.4693561 2.5352036 2.8610998 2.5679215 2.3803286 2.2451222 2.3129503 2.5406245 2.4694732 2.2230581 3.1484503 3.4225489 3.5134249 6.1380871 4.1534844 3.1664153 3.9914825 2.3159293 2.7540966 2.7201090 2.4986845 3.6838828 2.7765802 2.9750948 3.5454607 3.7391338 5.2341190 3.6854249 3.6402468 4.1113389 
HoiH06_mRNA8149                                          4.6433180 4.5534886 3.8673537 3.8332979 4.1355522 4.1182999 4.5533009 4.0495277 4.1942696 4.3810020 4.3895381 3.0237457 4.1194113 4.2181389 4.2076153 3.8575250 4.2890410 3.5610936 2.6105095 2.3133137 2.5886546 2.5431532 2.1279832 2.4313624 2.6773899 2.5090457 2.7234609 3.5610473 4.2056794 2.7076647 2.4722181 3.0998160 0.1274620 0.1273045 0.0427168 0.0000000 0.1505831 0.1696186 0.1724819 3.1842167 1.9093828 2.3899767 2.6049373 3.0213541 2.7459593 2.2416054 2.7566565 2.5302054 2.4914058 2.4316090 2.5447734 2.8128424 2.5526271 2.3774885 2.2327896 2.2873951 2.4844171 2.4146730 2.1729192 3.1037272 3.3564122 3.4641572 6.0066608 4.1439812 3.1872961 4.0116670 2.3986580 2.7272396 2.7710456 2.4679136 3.7622474 2.7276250 3.0129337 3.5017160 3.6031512 5.3516357 3.7184902 3.6093194 3.9634337 
HoiH11_mRNA2606                                          4.6052766 4.4245529 4.0335247 3.9878442 4.0069002 4.0561681 4.5123402 3.9694047 4.0801759 4.2003213 4.2969392 3.1257713 4.1082687 4.1965045 4.1928951 3.7350585 4.3441441 3.6222768 2.5420289 2.1815670 2.5414798 2.4825882 2.2525915 2.4258013 2.6707472 2.4572447 2.5749493 3.6864067 4.2842287 2.6589051 2.4479795 3.0214568 0.1894786 0.1867457 0.1788159 0.1505831 0.0000000 0.2116667 0.2231451 3.3744942 1.9551073 2.4089199 2.6327233 2.9620448 2.7709554 2.1527360 2.6970299 2.6546219 2.7090119 2.3822781 2.6316129 2.7298475 2.6122039 2.3320146 2.2678995 2.3990788 2.4918305 2.4157886 2.1457042 3.2076419 3.3123163 3.3671986 6.0469034 4.1100421 3.1133355 3.9807080 2.2041302 2.7974059 3.1023633 2.5749710 3.7200064 2.8942033 3.0678850 3.5213313 3.4811581 5.0871093 3.5209932 3.5982861 3.8748246 
TrH2_TrispH2_006401-RA                                   4.3325946 4.2776586 3.6202980 3.6117707 4.2100101 3.9489131 4.7813513 4.0532078 4.2308032 4.2803011 4.2666020 3.1927141 3.9877181 4.0636777 4.0543498 3.9165694 4.4701768 3.8341825 2.5997620 2.3152383 2.5177927 2.4635290 2.1757965 2.3990362 2.6508943 2.4000705 2.5982813 3.5989681 4.0836134 2.6134330 2.3926257 3.0083237 0.1931680 0.1918124 0.1803604 0.1696186 0.2116667 0.0000000 0.0082498 3.3314215 1.9171136 2.3611388 2.5466095 2.9227978 2.7218416 2.0933212 2.6541175 2.5362088 2.2266751 2.3688031 2.4295386 2.7690890 2.5704197 2.3057549 2.1999284 2.2473617 2.4630633 2.3818871 2.0236459 3.0561816 3.1977908 3.3566562 5.6239477 4.0030850 3.0169140 3.7925919 1.9996659 2.6284137 2.8923523 2.4808117 3.4825672 2.6949223 3.0392111 3.6265717 3.5022394 4.8428055 3.6405493 3.7319462 3.7867557 
Tadh_TriadT51610                                         4.3172832 4.2646192 3.6202980 3.6117707 4.0904208 3.9669936 4.8982627 4.0829769 4.1126996 4.2481077 4.2362635 3.1927141 3.9079482 3.9984320 4.0093976 3.7619454 4.4316083 3.7195286 2.6165786 2.3136837 2.5451318 2.5221024 2.1240919 2.4404052 2.8025366 2.4446608 2.5982813 3.5989681 4.0836134 2.6652905 2.4475066 2.9781676 0.2036263 0.1974060 0.1898732 0.1724819 0.2231451 0.0082498 0.0000000 3.3531908 1.9171136 2.3806979 2.5319481 2.9428829 2.7218416 2.0933212 2.6577658 2.6224818 2.2266751 2.3675973 2.4295386 2.7722756 2.5595337 2.3104076 2.2104146 2.2492451 2.5094384 2.4227150 2.0236459 3.1255289 3.1995830 3.3473621 5.6239477 3.9474183 3.0169140 3.8640230 1.9996659 2.5706716 2.9047627 2.5518108 3.7065137 2.7118375 3.1335603 3.8431799 3.4484367 4.9729605 3.7647391 3.8580130 3.7867557 
Stycar_maker-SC_scaffold115288-augustus-gene-0.24-mRNA-1 5.5813475 3.1436593 5.4369478 5.1061725 2.3120082 3.1431137 4.3625792 3.8348286 3.5053439 3.5831486 3.6045050 2.5986719 3.0338089 3.3253423 3.3054668 3.2354224 3.5133257 3.1727882 3.8316046 4.7527377 3.2526642 3.1403921 4.7618716 3.1326870 2.8412572 3.1935559 3.3431742 2.9127687 2.7371327 3.2342698 4.4314367 3.8964862 3.1694856 3.2387843 3.1136420 3.1842167 3.3744942 3.3314215 3.3531908 0.0000000 0.3557413 2.7588966 2.6441055 3.4401899 4.3885163 2.5308119 4.2969592 3.7617328 4.4183027 2.1413119 2.3914637 3.0275097 2.5809525 2.8820880 2.0852106 2.2595010 2.7274928 2.7001311 6.0471095 3.0614729 3.4118756 3.1164116 2.3602319 2.4622305 1.6487994 5.3033315 2.6755195 2.6013815 1.8697860 2.7179431 6.3848189 3.2969813 5.8307175 6.5520442 3.1865484 5.8908321 5.1257934 3.3372597 4.2166164 
Stycar_maker-SC_scaffold62889-snap-gene-0.0-mRNA-1       0.0000010 1.6358687 0.0000010 0.0000010 2.1979901 2.1767542 6.9370796 2.5425213 2.9776545 2.6347291 2.4888797 2.8055692 2.3477084 2.3477084 2.3477084 2.5050164 2.3379300 2.5227777 2.6807863 3.3003769 2.0713869 2.2128310 0.0000010 2.0853130 2.3549485 2.4574352 3.2906666 2.4708055 3.3548738 2.1288310 0.0000010 0.0000010 1.7654416 1.8480094 1.8403789 1.9093828 1.9551073 1.9171136 1.9171136 0.3557413 0.0000000 2.7001507 2.7785933 2.4634369 3.3363649 2.8839568 2.7758981 0.0000010 0.0000010 1.8886310 2.8384238 2.9023575 2.3471932 2.6315700 2.1747433 2.3680715 2.9724591 2.7969912 0.0000010 2.5610837 2.6670087 2.0145369 3.6085216 1.4589285 1.4492953 3.1861881 0.0000010 2.7267552 1.8305378 2.2188950 0.0000010 1.8561040 9.0000000 9.0000000 2.1650070 8.1186709 1.9520111 0.9309272 2.2315729 
Dgig_XM_028551967.1                                      4.5946348 4.2741584 3.9044100 3.6648953 3.8731572 3.7661722 4.6064831 3.9616719 4.0189680 4.1317631 4.0618862 3.4821898 4.0039453 4.0342908 4.0003369 3.9198193 4.1224015 3.6974145 1.9786620 1.9458965 2.0396258 2.0044377 1.2298097 2.0395222 2.2486451 2.1148496 1.6730564 3.0760214 2.7735777 2.0548002 2.0601669 2.1032373 2.5012661 2.4847102 2.4451848 2.3899767 2.4089199 2.3611388 2.3806979 2.7588966 2.7001507 0.0000000 0.5617696 2.5019171 2.0448171 1.5094953 2.3212298 1.9167068 1.6868095 2.2426692 2.4244626 2.6206910 2.2125271 2.2907050 2.0536220 2.2484012 2.2157067 2.1437431 2.7140114 2.9241777 3.2709776 3.2857313 4.1991881 3.5775518 2.2797321 4.2283503 1.6211504 2.5427884 2.6147994 2.5276739 3.4065077 1.8856243 3.3596357 3.5432464 3.1469744 4.6045621 3.9302420 3.6308428 3.0320695 
Xesp_008184-T1                                           4.6012060 4.2005464 4.1173120 3.7917676 3.6540492 3.7175272 4.2664825 4.0830666 3.9917098 4.1853710 4.2264564 3.4980246 3.8149368 3.8754024 3.9241946 3.7330405 3.9090684 3.5486411 1.9404418 1.9871358 2.0215074 1.9945934 1.1691920 2.0672664 2.1260725 2.1704488 1.7565826 2.7255232 2.3075125 2.3439869 2.4250837 2.2131152 2.6624388 2.6396640 2.6507977 2.6049373 2.6327233 2.5466095 2.5319481 2.6441055 2.7785933 0.5617696 0.0000000 2.4606327 2.3470669 1.5417755 2.3805048 1.8668411 1.5328148 2.3297019 2.2433122 2.5123147 2.2813328 2.2265546 2.1375879 2.1190221 2.4988433 2.4199991 3.2852297 3.1857528 3.4891696 3.6141516 3.8422249 3.4883709 2.1289420 4.6114871 1.3483186 2.6154776 2.5042088 2.3847727 3.2217730 1.9611232 3.4415161 3.2967889 3.0281002 5.1177712 3.8546658 3.9933415 3.2279378 
Rhoesc_Res_015413-T1                                     4.6024527 4.3347652 4.1891255 4.1847518 3.8428989 3.8841274 4.6640042 4.1282792 4.1478823 4.1742635 4.1292575 3.9340615 3.9095197 4.0307418 4.0360806 3.8386557 4.0487406 3.7926879 2.5935024 2.3640038 2.4631941 2.5859014 1.6427465 2.4914347 2.7748449 2.6768231 2.8231496 2.7821721 2.7979633 2.5627057 2.6389443 2.6309016 3.0072109 3.0159952 3.0388232 3.0213541 2.9620448 2.9227978 2.9428829 3.4401899 2.4634369 2.5019171 2.4606327 0.0000000 0.2679818 0.3487655 0.3922492 0.8079249 1.4538635 2.6530921 2.4367178 2.9626024 2.7154970 2.6930705 2.5803372 2.2819957 2.5102373 2.5038216 3.0365816 3.2623337 3.8218391 3.6886699 4.4584662 4.0063324 3.4364689 4.1611299 3.0224797 2.9437371 2.8638490 2.7561878 3.3021398 1.5933716 3.4799558 3.6208075 2.4671333 4.9834770 4.0997583 3.7580488 2.5820076 
Rhoesc_Res_015414-T1                                     3.7989411 3.8325665 2.7031889 2.7031889 6.4153464 3.7518506 9.0000000 6.2036613 8.9999989 8.9999985 8.9999987 8.9999982 6.0313972 5.9252041 5.9648143 8.9999982 5.5575041 8.9999983 1.3220578 1.3220578 2.3207166 2.2740794 1.4190654 2.2761008 8.9999988 8.9999982 2.6984955 3.7721684 3.2484633 2.0667005 1.8530814 1.6463284 2.7271477 2.8623583 2.7721904 2.7459593 2.7709554 2.7218416 2.7218416 4.3885163 3.3363649 2.0448171 2.3470669 0.2679818 0.0000000 0.7989945 3.3641765 0.6414698 1.3518972 2.4958892 2.4933742 2.3673334 2.8682631 2.8858088 2.6688574 1.9939002 2.7144692 2.7144692 0.0000010 4.4381023 7.1000454 5.1631295 5.1715171 4.1629361 2.2366835 2.2454033 2.7463797 3.1531344 4.1521459 2.8839907 3.4185967 1.3469673 4.9221862 4.9221862 5.4753815 8.2293012 3.5639595 8.2093656 2.1988138 
Rhoesc_Res_014656-T1                                     3.2500605 2.9181281 2.4949684 2.4949684 3.3449618 2.9412104 6.0440121 4.1662481 3.8518276 5.1125226 3.9825647 6.6127419 6.0395988 6.0395988 6.0077067 5.5404587 5.1139172 6.3685531 2.0331383 1.7192360 1.9158022 1.9644085 1.7810880 1.9583072 2.6370550 1.9676520 0.0000010 1.6577064 1.9028774 2.2369627 2.4094549 1.7773915 2.2879534 2.4036942 2.0482188 2.2416054 2.1527360 2.0933212 2.0933212 2.5308119 2.8839568 1.5094953 1.5417755 0.3487655 0.7989945 0.0000000 0.4144546 0.7127372 1.1930568 2.2905972 3.1874730 2.2389862 2.0124732 1.8824092 1.4092086 1.3842756 1.8682807 1.8682807 0.0000010 3.4501492 4.1695284 3.3194751 4.7760831 3.0635281 0.0000010 3.5348095 0.0000010 1.7176871 2.6202157 2.3973434 2.7283578 1.8104444 2.6723639 2.7796182 1.9271696 2.1911538 2.9501916 1.9968480 7.1660622 
Aaur_scaffold170.g21.t1                                  3.9000549 3.8743006 3.8617184 3.7084180 3.3992431 4.1079566 7.4463728 5.0845492 5.0961852 5.5556853 5.0049328 8.9999983 5.6272291 4.9085293 4.8472819 8.5143377 4.6286502 7.5636154 2.2919623 2.2255800 2.1393036 2.3029668 1.6196803 2.1615404 4.2553848 2.1543964 2.0705243 5.3780679 3.3648191 2.3808531 2.2863194 2.6066731 2.7494277 2.7800558 2.7696831 2.7566565 2.6970299 2.6541175 2.6577658 4.2969592 2.7758981 2.3212298 2.3805048 0.3922492 3.3641765 0.4144546 0.0000000 0.6651324 1.4840992 2.3810735 4.7131141 2.5322077 2.3101497 2.2601413 1.9760551 1.9016752 2.0724608 2.0724608 2.8015994 3.1695456 3.2575880 3.2229960 8.0620929 3.9739930 2.3679298 4.1878297 0.8945313 2.1766713 2.6822820 2.3549005 2.5199537 1.6106405 2.8535112 3.0682942 3.3301247 4.3420131 4.7474987 3.6009074 5.7930998 
