55
Aque_Aqu2.1.21198_001                                  0.0000000 0.0067631 0.3478472 0.4401386 0.0000010 3.0846820 2.5320664 1.6582532 2.8381478 2.1993965 2.4527864 2.4527864 2.5732394 1.6779779 2.4535572 2.6599417 2.4368933 2.3511620 2.3511620 2.2154818 1.5364774 2.4942264 2.2172861 2.4081006 2.0992483 1.1870642 1.8625052 2.1976941 2.2530823 2.4913606 2.6217405 2.1694648 2.1694648 2.5742817 2.4297875 2.7904318 2.1067420 2.3191584 2.2485392 2.1090413 2.2039104 1.7687146 2.0813255 1.6644787 1.6656655 2.3017750 2.9338739 3.0474117 2.8125340 3.2302825 3.9016588 3.6558925 3.4277378 3.5076865 0.0000010 
Aque_Aqu2.1.07165_001                                  0.0067631 0.0000000 0.4723589 0.4752171 0.0744396 3.0846820 2.3742127 1.8516502 2.4570169 2.0661419 2.2177370 2.2177370 2.1839843 1.7424746 2.1905784 2.5446374 2.0392495 2.2573168 2.2335816 2.2054119 1.9459752 1.9625427 2.0708012 2.3348538 1.9288396 1.2102924 1.9019488 2.3500644 2.1290383 2.1365024 2.1796909 2.0375975 2.0250763 2.3184543 2.2921610 2.3196006 1.9781666 2.0104357 2.1163855 2.1499962 2.2902368 1.8503961 2.2227194 1.6896415 1.6333624 2.1907938 3.0790171 2.8711541 2.8031557 3.6886284 4.1532777 3.8819984 3.4726806 3.2690064 5.2137264 
Halamb_c52422_g1_i1m.33022                             0.3478472 0.4723589 0.0000000 0.6392084 0.6353743 3.0462083 2.6677371 2.1023362 2.4199565 2.1274371 2.1398084 2.1398084 2.1916086 1.8912159 2.1152155 2.2391379 2.0616365 2.3378769 2.0334337 2.2305789 2.0960199 2.0625880 2.0662626 2.3906715 2.3462993 1.5546778 2.0909239 2.1581139 2.1494407 2.2441022 2.2732872 2.1529925 2.1252145 2.2106508 2.3384745 2.3188417 2.0565771 2.2283608 2.2895515 2.2188624 2.2720183 1.5851285 1.8394732 1.4665506 1.4428799 2.0473932 2.7370131 3.0693663 2.9765732 4.1237211 3.1291304 3.7709671 3.6180766 3.0093931 2.6916728 
Xestes_maker-XT_scaffold77983-augustus-gene-0.3-mRNA-1 0.4401386 0.4752171 0.6392084 0.0000000 0.8523714 3.5485471 2.9448666 2.1021828 2.3937030 2.3190772 2.3611834 2.3611834 2.2390889 2.0201134 2.2805891 2.6243323 2.1255958 2.4407288 2.0660265 2.5155167 2.2127873 2.2644568 2.3413361 2.7237101 2.5416139 1.6150496 2.1795591 2.5330823 2.3996007 2.6594185 2.7804190 2.5339314 2.4830066 2.2277588 2.5163288 2.5637660 2.3400180 2.7246924 2.6654005 2.2493059 2.3720027 1.8752956 2.2836807 1.7921538 1.7151913 2.3257359 2.9984023 3.1660207 2.8645141 3.9260072 3.5812374 3.7783312 3.2271380 3.0664289 3.2855175 
Aque_Aqu2.1.21196_001                                  0.0000010 0.0744396 0.6353743 0.8523714 0.0000000 0.0000010 3.3047440 2.1840928 2.4406744 2.5315327 2.7333233 2.4643663 2.5665318 2.2773532 2.5915672 2.7560296 2.3477489 2.8874368 2.6059242 2.8758545 2.5604763 2.5890476 2.4064144 2.7169004 2.6913702 1.9710159 2.5921061 2.8254061 2.6827230 3.0604694 3.0651559 2.9683051 2.5922225 2.2187621 2.4296922 2.9813886 2.7504822 2.8131228 2.8605597 3.0488643 2.6700528 2.3598452 2.7869519 1.7771021 1.9266386 2.5775034 3.3827994 3.3059267 3.8005179 4.9723239 3.5608585 3.7392429 3.0992859 2.9466367 3.5055249 
Leuniv_Lniv_scaffold13447_01                           3.0846820 3.0846820 3.0462083 3.5485471 0.0000010 0.0000000 0.3019990 0.0000010 2.0151159 1.6827999 1.4428168 1.4428168 1.5036477 1.6232420 1.3456327 1.1443825 1.3088591 1.2309225 1.2309225 1.1535333 2.3042036 1.5748361 1.2779702 1.3995902 1.8275316 3.2500300 1.5349772 1.4684863 1.5818812 1.7480241 1.7662513 1.6037619 1.6037619 1.6321651 2.0266655 5.9742519 1.5908265 1.3853238 1.4335224 1.5224334 1.7666639 2.2073272 2.7834410 2.2831769 2.2536927 3.0494202 2.3482318 2.1516268 2.2151741 4.0415003 2.9570302 3.3509235 3.3041466 3.1922261 0.0000010 
Lcom_lcpid19099                                        2.5320664 2.3742127 2.6677371 2.9448666 3.3047440 0.3019990 0.0000000 0.4070628 1.9387007 2.3322131 2.3172766 2.1198864 2.1592333 1.5713066 2.1546187 2.2071957 2.0683102 2.2721086 2.1653530 2.1611528 2.2793685 2.1891813 2.1722958 1.9271203 2.4977039 2.1251679 2.3008986 2.4316585 2.1834233 2.3484239 2.3541136 2.3485339 2.1211172 2.1975910 2.0597180 2.7393248 2.2419652 2.2542926 2.2230569 2.7280954 2.0865450 2.6170947 2.8054103 2.2981489 2.6447266 2.5243703 2.6847081 2.8488937 3.3471043 4.6928487 3.5033100 3.4071482 3.4818355 2.7273135 2.9268987 
Leuniv_Lniv_C751971_01                                 1.6582532 1.8516502 2.1023362 2.1021828 2.1840928 0.0000010 0.4070628 0.0000000 1.2600421 1.9411634 1.8428327 1.8428327 1.4757699 1.4690096 1.3227186 3.1338770 1.4117933 1.5032721 1.6164946 1.6591368 1.5852722 1.5958980 1.5652150 1.6054709 1.7902867 1.5290840 1.6821898 1.8594510 1.2274495 1.6411071 1.6350903 1.4537624 1.4375982 2.0495546 1.4663931 1.4651502 1.7976000 1.5773238 1.8596073 1.9055966 1.7762869 2.0049484 2.8820319 2.0184976 1.7159964 2.2744561 2.1496028 2.5771403 2.4776701 3.4865912 3.5196583 3.0732775 3.3857585 2.8213862 3.0128755 
Plajan_Pjan_scaffold23319_01                           2.8381478 2.4570169 2.4199565 2.3937030 2.4406744 2.0151159 1.9387007 1.2600421 0.0000000 1.8757505 1.9185042 1.9185042 1.6147684 1.3886229 1.5536847 1.6497505 1.6094978 1.8286132 1.6727782 1.7614801 1.5834679 1.6198150 1.7012363 1.9005309 1.9782915 1.6981350 2.0144484 1.9010578 1.6907218 1.8884802 1.9570221 1.8390230 1.8712166 2.0707388 1.4957367 1.7177303 1.9054173 1.9943407 1.9229708 2.3146448 2.1063363 2.2352894 2.8745795 2.1414215 2.1028388 2.0421099 2.2604379 2.7912951 2.3798198 3.7102891 3.3101560 3.2620969 3.1385869 3.0653795 3.3451196 
Cgig_XM_011418311.3                                    2.1993965 2.0661419 2.1274371 2.3190772 2.5315327 1.6827999 2.3322131 1.9411634 1.8757505 0.0000000 0.9598186 0.9182183 1.5177724 1.2837260 1.5483094 1.6321476 1.5009199 1.5627442 1.5517813 1.4735459 1.6256329 1.5391141 1.2555470 1.6043452 1.5140390 1.1243674 1.3683285 1.3499521 1.3842116 1.9236302 1.9489891 1.9437341 1.7488620 1.3182713 1.7780782 2.2385656 1.7782939 1.9265631 1.7970371 1.9832814 1.8079194 2.3332850 2.5683668 2.0021891 2.1634652 2.0132101 2.1630120 2.3255417 2.8040582 3.4725851 2.9996239 2.7331677 2.7750652 2.5821285 2.8878825 
Acagra_model.g15340.t1                                 2.4527864 2.2177370 2.1398084 2.3611834 2.7333233 1.4428168 2.3172766 1.8428327 1.9185042 0.9598186 0.0000000 0.0024071 1.5025112 1.0483874 1.4579583 1.6553309 1.4247314 1.6098184 1.5566727 1.3749073 1.6192168 1.6003187 1.0948127 1.3357854 1.4497844 1.3281925 1.2475534 1.2497379 1.2849024 1.8127913 1.8392511 1.8138400 1.6211673 1.2398572 1.7891289 2.3141400 1.7507873 1.9424580 1.8230697 2.0854511 1.6419026 2.4353963 2.6772659 1.9221578 2.1922665 1.9577091 2.1980131 2.3980619 3.1533247 3.4858629 2.9767599 2.7691942 2.7344054 2.4876845 3.0266523 
Acagra_model.g15340.t1.1.5d400c48                      2.4527864 2.2177370 2.1398084 2.3611834 2.4643663 1.4428168 2.1198864 1.8428327 1.9185042 0.9182183 0.0024071 0.0000000 1.3792792 1.0483874 1.3429324 1.5296386 1.3582286 1.4650086 1.3814321 1.3221900 1.5326048 1.4601338 0.9807514 1.2738123 1.3589436 1.3281925 1.1561005 1.1754992 1.1971704 1.6668483 1.6866847 1.6792531 1.5997786 1.2238693 1.7891289 1.9355656 1.5907634 1.8169116 1.7306304 1.9608003 1.5481059 2.1979322 2.4015140 1.8470465 2.0030550 1.8044560 2.0183600 2.3132907 2.8672237 3.4858629 2.8914689 2.7691942 2.7344054 2.5168417 2.8961067 
Fspp_ffun1.m4.4822.m1                                  2.5732394 2.1839843 2.1916086 2.2390889 2.5665318 1.5036477 2.1592333 1.4757699 1.6147684 1.5177724 1.5025112 1.3792792 0.0000000 0.1905342 0.2613395 0.3463952 0.3276605 0.4800407 0.4420482 1.0408540 0.8556921 0.9009559 1.2323951 1.0551020 1.5416770 0.9082392 1.3704995 1.5027890 1.5035627 1.5602336 1.5527637 1.5417898 1.3369660 1.4682268 1.6808069 2.0462239 1.4415608 1.6023712 1.6049437 1.9477211 1.6192947 2.4406872 2.6451381 1.9971074 2.1166234 1.6960992 1.8744101 2.2712208 2.6425712 3.7241274 3.0456414 2.8891809 2.8360498 2.4626032 3.0929861 
Gasp_gasp1.m3.31911.m1                                 1.6779779 1.7424746 1.8912159 2.0201134 2.2773532 1.6232420 1.5713066 1.4690096 1.3886229 1.2837260 1.0483874 1.0483874 0.1905342 0.0000000 0.1994479 0.8865610 0.2627594 0.3547849 0.4242649 0.7508952 0.9100193 0.8832469 0.9744245 0.9890271 1.2105646 1.0074392 1.0289903 1.0923556 1.0767684 1.1277019 1.1503252 1.0955428 1.1031020 1.4736001 1.6495216 1.9012360 1.1226525 1.2437854 1.3983779 1.4013678 1.5617207 2.0301355 3.0073526 1.8677858 1.5337426 1.6810096 1.8745060 2.0711840 2.1540806 3.2688581 3.3304443 2.7967959 3.1438651 3.1119099 4.4120523 
Spis_XP_022793154_1                                    2.4535572 2.1905784 2.1152155 2.2805891 2.5915672 1.3456327 2.1546187 1.3227186 1.5536847 1.5483094 1.4579583 1.3429324 0.2613395 0.1994479 0.0000000 0.1749092 0.3142262 0.4999505 0.4676325 1.0076080 0.8231308 0.8946857 1.2376511 1.0110461 1.5499252 1.0124053 1.3367217 1.4349200 1.4628409 1.5368437 1.5313700 1.5215026 1.3541384 1.4419920 1.7373023 2.1044451 1.4396553 1.5671420 1.5795659 1.8330856 1.5966172 2.2671184 2.5252453 1.9422657 2.0951603 1.6416676 1.8384731 2.3009728 2.6168894 3.7307185 3.1437024 2.6864487 2.8184436 2.5349703 3.0699739 
Pocdam_XM_027193496.1                                  2.6599417 2.5446374 2.2391379 2.6243323 2.7560296 1.1443825 2.2071957 3.1338770 1.6497505 1.6321476 1.6553309 1.5296386 0.3463952 0.8865610 0.1749092 0.0000000 0.4264554 0.6085703 0.5135883 1.2242308 0.9195046 0.9238872 1.4297911 1.1746661 1.7336333 1.2074759 1.5385376 1.6396730 1.6866471 1.6630098 1.6590832 1.6756201 1.4751375 1.5138420 1.8468937 2.2691599 1.5659660 1.7176629 1.7023577 2.0713500 1.6613501 2.5121792 2.6383057 2.1309356 2.3671944 1.7515918 1.9318616 2.5387060 2.7688455 4.2908561 3.1049022 2.9612542 2.5831757 2.2965339 2.9197837 
Gfas_gfas1.m1.17635.m1                                 2.4368933 2.0392495 2.0616365 2.1255958 2.3477489 1.3088591 2.0683102 1.4117933 1.6094978 1.5009199 1.4247314 1.3582286 0.3276605 0.2627594 0.3142262 0.4264554 0.0000000 0.4176083 0.3701190 1.0179027 0.8670497 0.9174935 1.2037952 1.0649151 1.5247183 1.0667880 1.3886676 1.4086934 1.3753310 1.4453798 1.4346306 1.4295712 1.3382228 1.4241529 1.7056506 1.9252598 1.3964821 1.5621970 1.5895104 1.8413716 1.5697698 2.3284373 2.5487445 1.8999488 1.9458143 1.6159437 1.8051057 2.2465998 2.3958354 3.8797600 3.1056136 2.8765731 2.6660317 2.3649840 3.0207486 
Amil_Amillepora26982-RA                                2.3511620 2.2573168 2.3378769 2.4407288 2.8874368 1.2309225 2.2721086 1.5032721 1.8286132 1.5627442 1.6098184 1.4650086 0.4800407 0.3547849 0.4999505 0.6085703 0.4176083 0.0000000 0.0870643 1.1772712 1.0484372 1.0176894 1.3739007 1.1783724 1.7418543 1.1837108 1.4715710 1.5473126 1.6227524 1.8103690 1.8101579 1.8222704 1.6516026 1.5965313 2.0474630 2.5338151 1.5256408 1.7563304 1.6664754 1.9794465 1.7218995 2.5091680 2.8855504 2.1658328 2.3864035 1.8574028 2.0046165 2.3853387 3.1117266 3.4606748 3.1927518 2.7153266 3.0786072 2.6613787 3.1071083 
Adig_XM_015906531.1                                    2.3511620 2.2335816 2.0334337 2.0660265 2.6059242 1.2309225 2.1653530 1.6164946 1.6727782 1.5517813 1.5566727 1.3814321 0.4420482 0.4242649 0.4676325 0.5135883 0.3701190 0.0870643 0.0000000 1.0914206 0.8831254 0.9414824 1.2532700 1.0905572 1.5227517 1.1320356 1.3918439 1.4673663 1.4926822 1.6228377 1.6151577 1.6110774 1.4187065 1.4577927 1.7379279 2.1108523 1.3753030 1.5827668 1.5353372 2.0789632 1.5964876 2.3201810 2.6129388 1.9619992 2.1129095 1.7412456 1.8416847 2.2289323 2.5871434 3.7186764 3.0187872 2.8944269 2.8009744 2.4244689 2.8244414 
Dgig_XM_028547276.1                                    2.2154818 2.2054119 2.2305789 2.5155167 2.8758545 1.1535333 2.1611528 1.6591368 1.7614801 1.4735459 1.3749073 1.3221900 1.0408540 0.7508952 1.0076080 1.2242308 1.0179027 1.1772712 1.0914206 0.0000000 1.1879885 1.1334289 1.3250104 0.4955211 1.5010215 0.9098144 1.4566263 1.3578861 1.4551865 1.7575201 1.7568176 1.7405117 1.5689491 1.3655564 1.8786444 2.3092782 1.4836325 1.6474682 1.5677033 1.9002976 1.6712980 2.2660569 2.4636727 1.9533058 2.1687540 1.8013057 1.9193542 2.3487983 2.7821541 3.4957724 2.8979359 2.7071667 2.9986786 2.5605605 2.9979355 
Nvec_v1g20744                                          1.5364774 1.9459752 2.0960199 2.2127873 2.5604763 2.3042036 2.2793685 1.5852722 1.5834679 1.6256329 1.6192168 1.5326048 0.8556921 0.9100193 0.8231308 0.9195046 0.8670497 1.0484372 0.8831254 1.1879885 0.0000000 0.7748748 1.3113864 1.0575524 1.6192310 1.2485573 1.5895600 1.4986796 1.4376181 1.7062366 1.7054383 1.6737254 1.4662885 1.4783783 1.8201533 2.0492003 1.4326107 1.7331148 1.6156495 2.3010434 1.7733991 2.2683563 2.5217019 1.9438202 2.0611862 1.6810205 1.8394167 2.4052232 2.8351688 3.3497032 3.0193380 2.7822757 2.8849494 2.4594600 2.9889742 
Exapal_XM_021047008.2                                  2.4942264 1.9625427 2.0625880 2.2644568 2.5890476 1.5748361 2.1891813 1.5958980 1.6198150 1.5391141 1.6003187 1.4601338 0.9009559 0.8832469 0.8946857 0.9238872 0.9174935 1.0176894 0.9414824 1.1334289 0.7748748 0.0000000 1.3975152 1.1284152 1.5411053 1.0697685 1.4901386 1.4846798 1.4779106 1.6794403 1.6651369 1.6804932 1.5320389 1.5089551 1.8150880 2.1581662 1.5112393 1.7114541 1.6264058 2.0860621 1.5873709 2.2501907 2.5676501 1.9019852 2.0961734 1.7317712 1.9146776 2.2735745 2.8185440 3.3735778 2.8454492 2.7823729 2.7750846 2.5248652 2.9643994 
Bralan_BLAG04000132_1                                  2.2172861 2.0708012 2.0662626 2.3413361 2.4064144 1.2779702 2.1722958 1.5652150 1.7012363 1.2555470 1.0948127 0.9807514 1.2323951 0.9744245 1.2376511 1.4297911 1.2037952 1.3739007 1.2532700 1.3250104 1.3113864 1.3975152 0.0000000 1.1746254 1.4518499 1.2379848 1.2043334 1.1148639 1.2322579 1.6307702 1.6153918 1.5463942 1.3608520 1.2531952 1.6984392 2.2245617 1.6558033 1.8010491 1.7213981 2.2371997 1.6211403 2.1947970 2.4603292 1.8283550 2.0668901 1.8155463 1.9972975 2.3016039 2.9896878 3.8296673 3.1045919 2.9118467 2.9033673 2.5711638 2.9027533 
Xesp_022087-T1                                         2.4081006 2.3348538 2.3906715 2.7237101 2.7169004 1.3995902 1.9271203 1.6054709 1.9005309 1.6043452 1.3357854 1.2738123 1.0551020 0.9890271 1.0110461 1.1746661 1.0649151 1.1783724 1.0905572 0.4955211 1.0575524 1.1284152 1.1746254 0.0000000 1.5473638 0.9175948 1.3762896 1.4060018 1.3196568 1.5523995 1.5477019 1.5165409 1.4845201 1.6435620 1.7693398 1.8811133 1.3104341 1.5159409 1.4700764 1.9186461 1.5930668 2.1221916 2.2896112 2.0000738 1.9025789 1.6260737 1.8906020 2.2355223 2.5878316 3.6101297 2.9389970 2.7948790 3.1173733 2.9084830 3.1358628 
Cscu_XM_023379355.1                                    2.0992483 1.9288396 2.3462993 2.5416139 2.6913702 1.8275316 2.4977039 1.7902867 1.9782915 1.5140390 1.4497844 1.3589436 1.5416770 1.2105646 1.5499252 1.7336333 1.5247183 1.7418543 1.5227517 1.5010215 1.6192310 1.5411053 1.4518499 1.5473638 0.0000000 0.0392456 1.4786996 1.5819861 1.5777881 2.0740484 2.0737599 2.0419885 1.9349150 1.5606242 1.9958979 2.3769147 1.8459902 2.2513236 2.0707867 2.3722113 1.7299070 2.5553951 2.8451729 2.1901027 2.4097593 2.2030501 2.4821354 2.3482925 3.1358321 3.9776571 3.3941381 2.9575651 3.0262951 2.7409925 3.4584854 
Cscu_XM_023379483.1                                    1.1870642 1.2102924 1.5546778 1.6150496 1.9710159 3.2500300 2.1251679 1.5290840 1.6981350 1.1243674 1.3281925 1.3281925 0.9082392 1.0074392 1.0124053 1.2074759 1.0667880 1.1837108 1.1320356 0.9098144 1.2485573 1.0697685 1.2379848 0.9175948 0.0392456 0.0000000 1.2781209 1.2077579 1.3118553 1.4078420 1.4446157 1.3823838 1.3823838 1.4363713 1.8800466 2.7532389 1.7326358 1.7520943 1.7805099 1.6505226 1.3200202 2.4691233 3.1724768 2.1686648 1.8046971 2.0863756 2.1516189 3.1650791 1.9889016 2.9602458 3.0197835 2.4969608 2.7091416 3.3570185 4.1870382 
Spur_XM_030999811.1                                    1.8625052 1.9019488 2.0909239 2.1795591 2.5921061 1.5349772 2.3008986 1.6821898 2.0144484 1.3683285 1.2475534 1.1561005 1.3704995 1.0289903 1.3367217 1.5385376 1.3886676 1.4715710 1.3918439 1.4566263 1.5895600 1.4901386 1.2043334 1.3762896 1.4786996 1.2781209 0.0000000 1.2180632 1.4507806 1.9107171 1.9125025 1.8204854 1.6473600 1.3996759 1.9087678 2.3781728 1.7628762 2.0168268 1.9174050 2.2061348 1.6688401 2.4241342 2.6892449 1.9801901 2.3997135 1.9896411 2.1169968 2.3314844 3.2261402 3.6930700 3.0513138 2.7258815 2.9041845 2.4606255 2.9791172 
Skow_XM_006818495.1                                    2.1976941 2.3500644 2.1581139 2.5330823 2.8254061 1.4684863 2.4316585 1.8594510 1.9010578 1.3499521 1.2497379 1.1754992 1.5027890 1.0923556 1.4349200 1.6396730 1.4086934 1.5473126 1.4673663 1.3578861 1.4986796 1.4846798 1.1148639 1.4060018 1.5819861 1.2077579 1.2180632 0.0000000 1.4212124 1.8516747 1.8682518 1.7776182 1.6052065 1.4071296 1.9036262 2.3796657 1.7199418 1.9084674 1.8060647 2.2754574 1.7474903 2.4305913 2.7273392 2.1139396 2.2775382 1.8685843 2.0957875 2.5087639 3.0197782 3.7323639 3.2106867 3.0295336 3.2775704 2.5749201 3.3798667 
Hsap_ENST00000360586                                   2.2530823 2.1290383 2.1494407 2.3996007 2.6827230 1.5818812 2.1834233 1.2274495 1.6907218 1.3842116 1.2849024 1.1971704 1.5035627 1.0767684 1.4628409 1.6866471 1.3753310 1.6227524 1.4926822 1.4551865 1.4376181 1.4779106 1.2322579 1.3196568 1.5777881 1.3118553 1.4507806 1.4212124 0.0000000 1.8864790 1.8471310 1.8013906 1.5815341 1.4243310 1.9205978 2.3657604 1.6969135 1.9152886 1.8570702 2.4001228 1.7666947 2.3910941 2.5735531 1.9465408 2.1526588 1.9673108 2.0425380 2.3199562 3.0792586 3.7549926 3.1630804 3.1764528 2.8979579 2.6198605 3.4275995 
HoiH23_PlH23_006522-RA                                 2.4913606 2.1365024 2.2441022 2.6594185 3.0604694 1.7480241 2.3484239 1.6411071 1.8884802 1.9236302 1.8127913 1.6668483 1.5602336 1.1277019 1.5368437 1.6630098 1.4453798 1.8103690 1.6228377 1.7575201 1.7062366 1.6794403 1.6307702 1.5523995 2.0740484 1.4078420 1.9107171 1.8516747 1.8864790 0.0000000 0.0558189 0.3183040 0.3440693 1.7003281 1.9441325 2.3339611 1.9303332 2.0231006 1.9908974 2.1279970 1.8750556 2.5825484 2.9675676 2.0861415 2.3329190 2.2534587 2.3177619 2.5989466 3.1643811 3.8169708 3.0180788 2.9108107 2.9650812 2.5378248 3.1879378 
HoiH06_mRNA8767                                        2.6217405 2.1796909 2.2732872 2.7804190 3.0651559 1.7662513 2.3541136 1.6350903 1.9570221 1.9489891 1.8392511 1.6866847 1.5527637 1.1503252 1.5313700 1.6590832 1.4346306 1.8101579 1.6151577 1.7568176 1.7054383 1.6651369 1.6153918 1.5477019 2.0737599 1.4446157 1.9125025 1.8682518 1.8471310 0.0558189 0.0000000 0.3312814 0.3553579 1.6808998 1.9551110 2.3088148 1.9671510 2.0665182 2.0528025 2.1906910 1.8999301 2.6093626 2.9603801 2.1133510 2.2912871 2.3058136 2.2872867 2.6466831 3.2783013 3.8323560 3.0647459 2.9272831 2.9840751 2.5144628 3.1648200 
TrH2_TrispH2_009959-RA                                 2.1694648 2.0375975 2.1529925 2.5339314 2.9683051 1.6037619 2.3485339 1.4537624 1.8390230 1.9437341 1.8138400 1.6792531 1.5417898 1.0955428 1.5215026 1.6756201 1.4295712 1.8222704 1.6110774 1.7405117 1.6737254 1.6804932 1.5463942 1.5165409 2.0419885 1.3823838 1.8204854 1.7776182 1.8013906 0.3183040 0.3312814 0.0000000 0.0284332 1.6206437 1.9700710 2.4005250 1.9039113 1.9884343 1.9326206 2.0428848 1.8714097 2.4103630 2.8466960 1.9745947 2.1866662 2.1470278 2.2835980 2.5840883 3.1689778 3.5901756 3.0411404 2.9481824 2.8591216 2.4582653 3.3446931 
Tadh_TriadT32433                                       2.1694648 2.0250763 2.1252145 2.4830066 2.5922225 1.6037619 2.1211172 1.4375982 1.8712166 1.7488620 1.6211673 1.5997786 1.3369660 1.1031020 1.3541384 1.4751375 1.3382228 1.6516026 1.4187065 1.5689491 1.4662885 1.5320389 1.3608520 1.4845201 1.9349150 1.3823838 1.6473600 1.6052065 1.5815341 0.3440693 0.3553579 0.0284332 0.0000000 1.5887455 1.9321225 2.0284725 1.7076419 1.8005716 1.7372640 1.9406752 1.8782701 2.1177455 2.5264029 1.9158533 1.9248700 1.8754353 2.0710565 2.4291537 2.6837257 3.6801577 2.8314328 2.9928901 2.8662180 2.4463499 3.0202730 
Ctel_gnl_WGS_AMQN_CAPTEDRAFT_mRNA108416                2.5742817 2.3184543 2.2106508 2.2277588 2.2187621 1.6321651 2.1975910 2.0495546 2.0707388 1.3182713 1.2398572 1.2238693 1.4682268 1.4736001 1.4419920 1.5138420 1.4241529 1.5965313 1.4577927 1.3655564 1.4783783 1.5089551 1.2531952 1.6435620 1.5606242 1.4363713 1.3996759 1.4071296 1.4243310 1.7003281 1.6808998 1.6206437 1.5887455 0.0000000 2.0920602 2.2066690 1.6254850 1.7864847 1.6919290 2.2600634 1.8105723 2.2060279 2.4176182 1.9800782 2.0233849 1.9218142 2.0109277 2.3988659 2.7273018 4.1039769 2.9940744 3.0580304 2.8764282 2.6149142 2.7925118 
Opea_EP00118_Oscarella_pearsei_P008813                 2.4297875 2.2921610 2.3384745 2.5163288 2.4296922 2.0266655 2.0597180 1.4663931 1.4957367 1.7780782 1.7891289 1.7891289 1.6808069 1.6495216 1.7373023 1.8468937 1.7056506 2.0474630 1.7379279 1.8786444 1.8201533 1.8150880 1.6984392 1.7693398 1.9958979 1.8800466 1.9087678 1.9036262 1.9205978 1.9441325 1.9551110 1.9700710 1.9321225 2.0920602 0.0000000 0.0262089 1.9548847 2.0215877 1.9752533 2.5472518 2.0188998 2.3582666 2.6773227 2.1752285 2.1331334 2.2775207 2.0365554 2.7053831 2.7667558 3.9807684 2.9847501 3.1319545 3.2144975 2.7346153 2.6701973 
Ocar_g10265                                            2.7904318 2.3196006 2.3188417 2.5637660 2.9813886 5.9742519 2.7393248 1.4651502 1.7177303 2.2385656 2.3141400 1.9355656 2.0462239 1.9012360 2.1044451 2.2691599 1.9252598 2.5338151 2.1108523 2.3092782 2.0492003 2.1581662 2.2245617 1.8811133 2.3769147 2.7532389 2.3781728 2.3796657 2.3657604 2.3339611 2.3088148 2.4005250 2.0284725 2.2066690 0.0262089 0.0000000 2.4502080 2.5318312 2.4380620 3.4368162 2.1844347 2.9054887 3.2313127 2.3094507 2.5842443 2.7167279 2.4521865 2.9542397 3.4535914 4.1999249 3.4042404 3.3684573 3.7877951 2.8549394 3.1090428 
Sanmal_Sma_023664-T1                                   2.1067420 1.9781666 2.0565771 2.3400180 2.7504822 1.5908265 2.2419652 1.7976000 1.9054173 1.7782939 1.7507873 1.5907634 1.4415608 1.1226525 1.4396553 1.5659660 1.3964821 1.5256408 1.3753030 1.4836325 1.4326107 1.5112393 1.6558033 1.3104341 1.8459902 1.7326358 1.7628762 1.7199418 1.6969135 1.9303332 1.9671510 1.9039113 1.7076419 1.6254850 1.9548847 2.4502080 0.0000000 0.9549001 0.9110244 1.4755002 1.9482606 2.4963906 2.8198783 2.0653607 2.2505685 1.4455469 1.6692562 2.3994881 2.3391604 3.5006797 2.9908760 2.9202330 2.9675123 2.5432919 2.9156465 
Nemnom_g3023.t1                                        2.3191584 2.0104357 2.2283608 2.7246924 2.8131228 1.3853238 2.2542926 1.5773238 1.9943407 1.9265631 1.9424580 1.8169116 1.6023712 1.2437854 1.5671420 1.7176629 1.5621970 1.7563304 1.5827668 1.6474682 1.7331148 1.7114541 1.8010491 1.5159409 2.2513236 1.7520943 2.0168268 1.9084674 1.9152886 2.0231006 2.0665182 1.9884343 1.8005716 1.7864847 2.0215877 2.5318312 0.9549001 0.0000000 0.3144763 1.5764767 2.1355005 2.4250552 2.8106395 2.2541847 2.3415716 1.6267908 1.6807171 2.8512680 2.3830163 3.5614877 2.9812060 2.9620263 2.8516813 2.5463744 2.9152527 
Rhoesc_Res_004233-T1                                   2.2485392 2.1163855 2.2895515 2.6654005 2.8605597 1.4335224 2.2230569 1.8596073 1.9229708 1.7970371 1.8230697 1.7306304 1.6049437 1.3983779 1.5795659 1.7023577 1.5895104 1.6664754 1.5353372 1.5677033 1.6156495 1.6264058 1.7213981 1.4700764 2.0707867 1.7805099 1.9174050 1.8060647 1.8570702 1.9908974 2.0528025 1.9326206 1.7372640 1.6919290 1.9752533 2.4380620 0.9110244 0.3144763 0.0000000 1.4143412 2.1626556 2.3329369 2.6438787 2.1642882 2.2611771 1.5316050 1.7594317 2.6560035 2.3614297 3.3878308 2.8563815 2.7355214 2.8378016 2.4648465 2.8511475 
Aaur_scaffold29.g24.t1                                 2.1090413 2.1499962 2.2188624 2.2493059 3.0488643 1.5224334 2.7280954 1.9055966 2.3146448 1.9832814 2.0854511 1.9608003 1.9477211 1.4013678 1.8330856 2.0713500 1.8413716 1.9794465 2.0789632 1.9002976 2.3010434 2.0860621 2.2371997 1.9186461 2.3722113 1.6505226 2.2061348 2.2754574 2.4001228 2.1279970 2.1906910 2.0428848 1.9406752 2.2600634 2.5472518 3.4368162 1.4755002 1.5764767 1.4143412 0.0000000 2.8078939 3.0713619 4.1755092 2.5353999 2.5627683 2.1549029 2.4678071 3.0617952 2.5499076 2.9911619 3.3187501 2.7736364 2.6514934 2.7505938 3.8602520 
Dpul_mRNA13518                                         2.2039104 2.2902368 2.2720183 2.3720027 2.6700528 1.7666639 2.0865450 1.7762869 2.1063363 1.8079194 1.6419026 1.5481059 1.6192947 1.5617207 1.5966172 1.6613501 1.5697698 1.7218995 1.5964876 1.6712980 1.7733991 1.5873709 1.6211403 1.5930668 1.7299070 1.3200202 1.6688401 1.7474903 1.7666947 1.8750556 1.8999301 1.8714097 1.8782701 1.8105723 2.0188998 2.1844347 1.9482606 2.1355005 2.1626556 2.8078939 0.0000000 2.5135644 2.7975804 2.2721854 2.3113376 2.0725878 2.2700586 2.2274353 2.7695701 3.7147065 3.1565767 3.2231619 2.7778932 2.7187923 2.8855616 
Emue_Em0014g765a.t1                                    1.7687146 1.8503961 1.5851285 1.8752956 2.3598452 2.2073272 2.6170947 2.0049484 2.2352894 2.3332850 2.4353963 2.1979322 2.4406872 2.0301355 2.2671184 2.5121792 2.3284373 2.5091680 2.3201810 2.2660569 2.2683563 2.2501907 2.1947970 2.1221916 2.5553951 2.4691233 2.4241342 2.4305913 2.3910941 2.5825484 2.6093626 2.4103630 2.1177455 2.2060279 2.3582666 2.9054887 2.4963906 2.4250552 2.3329369 3.0713619 2.5135644 0.0000000 0.1265097 0.2727984 1.2223612 2.4293678 2.8011329 3.4251150 3.5218182 4.3754800 3.4898564 3.5336702 3.3611841 3.3714665 3.1385995 
Emue_Em0014g776a.t1                                    2.0813255 2.2227194 1.8394732 2.2836807 2.7869519 2.7834410 2.8054103 2.8820319 2.8745795 2.5683668 2.6772659 2.4015140 2.6451381 3.0073526 2.5252453 2.6383057 2.5487445 2.8855504 2.6129388 2.4636727 2.5217019 2.5676501 2.4603292 2.2896112 2.8451729 3.1724768 2.6892449 2.7273392 2.5735531 2.9675676 2.9603801 2.8466960 2.5264029 2.4176182 2.6773227 3.2313127 2.8198783 2.8106395 2.6438787 4.1755092 2.7975804 0.1265097 0.0000000 0.4655245 1.4127620 2.8402967 2.9224464 3.7215437 4.1694790 5.5428729 3.8516879 4.4562624 3.9677557 3.4221693 3.2164054 
Spolac_c102198_g1_i1_m.28305c102198-g1                 1.6644787 1.6896415 1.4665506 1.7921538 1.7771021 2.2831769 2.2981489 2.0184976 2.1414215 2.0021891 1.9221578 1.8470465 1.9971074 1.8677858 1.9422657 2.1309356 1.8999488 2.1658328 1.9619992 1.9533058 1.9438202 1.9019852 1.8283550 2.0000738 2.1901027 2.1686648 1.9801901 2.1139396 1.9465408 2.0861415 2.1133510 1.9745947 1.9158533 1.9800782 2.1752285 2.3094507 2.0653607 2.2541847 2.1642882 2.5353999 2.2721854 0.2727984 0.4655245 0.0000000 1.0473503 2.0339609 2.5046297 2.9467445 2.9293325 4.1047118 3.1226079 3.2780404 3.1415867 3.1283218 2.8880858 
Tetwil_g4358.t2                                        1.6656655 1.6333624 1.4428799 1.7151913 1.9266386 2.2536927 2.6447266 1.7159964 2.1028388 2.1634652 2.1922665 2.0030550 2.1166234 1.5337426 2.0951603 2.3671944 1.9458143 2.3864035 2.1129095 2.1687540 2.0611862 2.0961734 2.0668901 1.9025789 2.4097593 1.8046971 2.3997135 2.2775382 2.1526588 2.3329190 2.2912871 2.1866662 1.9248700 2.0233849 2.1331334 2.5842443 2.2505685 2.3415716 2.2611771 2.5627683 2.3113376 1.2223612 1.4127620 1.0473503 0.0000000 2.1965862 2.7442339 3.2018457 3.3746855 4.1048654 3.3413854 3.2912378 2.9825201 2.8054884 3.1293477 
Morvir_scaffold124.g14.t1                              2.3017750 2.1907938 2.0473932 2.3257359 2.5775034 3.0494202 2.5243703 2.2744561 2.0421099 2.0132101 1.9577091 1.8044560 1.6960992 1.6810096 1.6416676 1.7515918 1.6159437 1.8574028 1.7412456 1.8013057 1.6810205 1.7317712 1.8155463 1.6260737 2.2030501 2.0863756 1.9896411 1.8685843 1.9673108 2.2534587 2.3058136 2.1470278 1.8754353 1.9218142 2.2775207 2.7167279 1.4455469 1.6267908 1.5316050 2.1549029 2.0725878 2.4293678 2.8402967 2.0339609 2.1965862 0.0000000 1.8593223 2.7748318 2.4956179 4.1600685 3.1205180 3.4772362 2.9088546 2.4687939 2.9106078 
Chem_TCONS_00003478                                    2.9338739 3.0790171 2.7370131 2.9984023 3.3827994 2.3482318 2.6847081 2.1496028 2.2604379 2.1630120 2.1980131 2.0183600 1.8744101 1.8745060 1.8384731 1.9318616 1.8051057 2.0046165 1.8416847 1.9193542 1.8394167 1.9146776 1.9972975 1.8906020 2.4821354 2.1516189 2.1169968 2.0957875 2.0425380 2.3177619 2.2872867 2.2835980 2.0710565 2.0109277 2.0365554 2.4521865 1.6692562 1.6807171 1.7594317 2.4678071 2.2700586 2.8011329 2.9224464 2.5046297 2.7442339 1.8593223 0.0000000 2.8241585 2.0116011 4.0306975 3.2088670 2.9299455 3.0179544 2.8702408 3.2576332 
Tcas_TC012023_001                                      3.0474117 2.8711541 3.0693663 3.1660207 3.3059267 2.1516268 2.8488937 2.5771403 2.7912951 2.3255417 2.3980619 2.3132907 2.2712208 2.0711840 2.3009728 2.5387060 2.2465998 2.3853387 2.2289323 2.3487983 2.4052232 2.2735745 2.3016039 2.2355223 2.3482925 3.1650791 2.3314844 2.5087639 2.3199562 2.5989466 2.6466831 2.5840883 2.4291537 2.3988659 2.7053831 2.9542397 2.3994881 2.8512680 2.6560035 3.0617952 2.2274353 3.4251150 3.7215437 2.9467445 3.2018457 2.7748318 2.8241585 0.0000000 3.5361594 4.1752456 3.4420878 3.0491612 3.1347198 2.8053739 3.3779920 
Hvul_g14432_1                                          2.8125340 2.8031557 2.9765732 2.8645141 3.8005179 2.2151741 3.3471043 2.4776701 2.3798198 2.8040582 3.1533247 2.8672237 2.6425712 2.1540806 2.6168894 2.7688455 2.3958354 3.1117266 2.5871434 2.7821541 2.8351688 2.8185440 2.9896878 2.5878316 3.1358321 1.9889016 3.2261402 3.0197782 3.0792586 3.1643811 3.2783013 3.1689778 2.6837257 2.7273018 2.7667558 3.4535914 2.3391604 2.3830163 2.3614297 2.5499076 2.7695701 3.5218182 4.1694790 2.9293325 3.3746855 2.4956179 2.0116011 3.5361594 0.0000000 4.6474754 4.5208268 3.2872559 3.0403378 3.1405205 4.1814672 
Pbac_sb2665701                                         3.2302825 3.6886284 4.1237211 3.9260072 4.9723239 4.0415003 4.6928487 3.4865912 3.7102891 3.4725851 3.4858629 3.4858629 3.7241274 3.2688581 3.7307185 4.2908561 3.8797600 3.4606748 3.7186764 3.4957724 3.3497032 3.3735778 3.8296673 3.6101297 3.9776571 2.9602458 3.6930700 3.7323639 3.7549926 3.8169708 3.8323560 3.5901756 3.6801577 4.1039769 3.9807684 4.1999249 3.5006797 3.5614877 3.3878308 2.9911619 3.7147065 4.3754800 5.5428729 4.1047118 4.1048654 4.1600685 4.0306975 4.1752456 4.6474754 0.0000000 0.0920024 0.9646286 1.4188134 1.1892711 1.3273175 
Horcal_Hcv1.av93.c5.g393.i1                            3.9016588 4.1532777 3.1291304 3.5812374 3.5608585 2.9570302 3.5033100 3.5196583 3.3101560 2.9996239 2.9767599 2.8914689 3.0456414 3.3304443 3.1437024 3.1049022 3.1056136 3.1927518 3.0187872 2.8979359 3.0193380 2.8454492 3.1045919 2.9389970 3.3941381 3.0197835 3.0513138 3.2106867 3.1630804 3.0180788 3.0647459 3.0411404 2.8314328 2.9940744 2.9847501 3.4042404 2.9908760 2.9812060 2.8563815 3.3187501 3.1565767 3.4898564 3.8516879 3.1226079 3.3413854 3.1205180 3.2088670 3.4420878 4.5208268 0.0920024 0.0000000 0.9650612 1.3251304 1.1832655 0.9859351 
Lampan_Lpan_16134_01                                   3.6558925 3.8819984 3.7709671 3.7783312 3.7392429 3.3509235 3.4071482 3.0732775 3.2620969 2.7331677 2.7691942 2.7691942 2.8891809 2.7967959 2.6864487 2.9612542 2.8765731 2.7153266 2.8944269 2.7071667 2.7822757 2.7823729 2.9118467 2.7948790 2.9575651 2.4969608 2.7258815 3.0295336 3.1764528 2.9108107 2.9272831 2.9481824 2.9928901 3.0580304 3.1319545 3.3684573 2.9202330 2.9620263 2.7355214 2.7736364 3.2231619 3.5336702 4.4562624 3.2780404 3.2912378 3.4772362 2.9299455 3.0491612 3.2872559 0.9646286 0.9650612 0.0000000 1.1785360 0.9240892 0.8831013 
Vmul_SimC396934                                        3.4277378 3.4726806 3.6180766 3.2271380 3.0992859 3.3041466 3.4818355 3.3857585 3.1385869 2.7750652 2.7344054 2.7344054 2.8360498 3.1438651 2.8184436 2.5831757 2.6660317 3.0786072 2.8009744 2.9986786 2.8849494 2.7750846 2.9033673 3.1173733 3.0262951 2.7091416 2.9041845 3.2775704 2.8979579 2.9650812 2.9840751 2.8591216 2.8662180 2.8764282 3.2144975 3.7877951 2.9675123 2.8516813 2.8378016 2.6514934 2.7778932 3.3611841 3.9677557 3.1415867 2.9825201 2.9088546 3.0179544 3.1347198 3.0403378 1.4188134 1.3251304 1.1785360 0.0000000 0.6860236 1.3524945 
Coemet_Cmet_scaffold18234_01                           3.5076865 3.2690064 3.0093931 3.0664289 2.9466367 3.1922261 2.7273135 2.8213862 3.0653795 2.5821285 2.4876845 2.5168417 2.4626032 3.1119099 2.5349703 2.2965339 2.3649840 2.6613787 2.4244689 2.5605605 2.4594600 2.5248652 2.5711638 2.9084830 2.7409925 3.3570185 2.4606255 2.5749201 2.6198605 2.5378248 2.5144628 2.4582653 2.4463499 2.6149142 2.7346153 2.8549394 2.5432919 2.5463744 2.4648465 2.7505938 2.7187923 3.3714665 3.4221693 3.1283218 2.8054884 2.4687939 2.8702408 2.8053739 3.1405205 1.1892711 1.1832655 0.9240892 0.6860236 0.0000000 0.9574126 
Beraby_Baby_sb348997                                   0.0000010 5.2137264 2.6916728 3.2855175 3.5055249 0.0000010 2.9268987 3.0128755 3.3451196 2.8878825 3.0266523 2.8961067 3.0929861 4.4120523 3.0699739 2.9197837 3.0207486 3.1071083 2.8244414 2.9979355 2.9889742 2.9643994 2.9027533 3.1358628 3.4584854 4.1870382 2.9791172 3.3798667 3.4275995 3.1879378 3.1648200 3.3446931 3.0202730 2.7925118 2.6701973 3.1090428 2.9156465 2.9152527 2.8511475 3.8602520 2.8855616 3.1385995 3.2164054 2.8880858 3.1293477 2.9106078 3.2576332 3.3779920 4.1814672 1.3273175 0.9859351 0.8831013 1.3524945 0.9574126 0.0000000 
