53
Gasp_gasp1.m1b.24466.m1                                 0.0000000 0.1681714 0.3811894 0.3364730 0.4057162 0.3965923 0.4813209 0.5894718 0.4965639 1.8620371 2.6179922 3.1723436 0.8816986 1.0993775 1.0411005 1.2298450 1.1031750 1.4214986 1.2540092 1.3107646 1.5936189 1.8394455 1.7462831 1.7453874 0.5710819 1.1933035 1.6310575 1.5014395 1.0817717 1.2086292 1.6151969 1.6576156 1.5981257 1.6346816 1.6346816 1.6955694 1.8385848 1.6684912 1.7910818 1.4244782 1.7929858 2.5370593 3.9586267 2.3826847 4.3349070 3.3331001 4.1453287 4.5797203 2.5003463 1.6430389 1.9742647 4.4027937 3.4665538 
Gasp_gasp1.m3.25532.m1                                  0.1681714 0.0000000 0.1989151 0.1611952 0.2502848 0.2595280 0.3008341 0.3231226 0.3213970 0.3685271 0.3260842 1.2163015 0.7381391 0.8407244 1.0751308 1.2145751 1.1594684 1.3345911 1.3556888 1.3344525 1.6097556 1.6031914 1.4814447 1.4430245 1.3954654 1.0884666 1.2349862 1.4363852 1.2293698 1.8719980 1.4207274 1.4777900 1.6207798 1.5585766 1.4337167 1.3812752 1.4062585 1.7930434 1.8157499 1.5683116 1.7017612 2.1930149 1.8268450 2.5899964 2.7784353 2.4208129 2.6640534 3.2900611 1.9682857 1.7039962 1.9442789 3.1484525 2.8044546 
Spis_XP_022799793_1                                     0.3811894 0.1989151 0.0000000 0.2238423 0.1468154 0.2944659 0.3789664 0.3685417 0.3689798 0.4519534 0.3932717 1.3804719 0.6810498 0.8945204 1.1249352 1.0874799 1.1416845 1.3307334 1.3920772 1.2799048 1.5153541 1.6911049 1.5441604 1.4567029 1.3926390 1.1661045 1.2831126 1.5057608 1.2255568 1.7068439 1.4792264 1.5281123 1.6139683 1.6218140 1.5510170 1.5488112 1.5584328 1.7122356 1.7711331 1.6427441 1.7180883 2.2107896 1.6814543 2.5959651 2.6045403 2.3314759 2.7093483 3.1048771 1.9128227 1.7703646 1.9316465 3.0116772 2.6423291 
Fspp_ffun1.m4.9754.m1                                   0.3364730 0.1611952 0.2238423 0.0000000 0.2794520 0.2629816 0.3300739 0.3652588 0.3217828 0.3871823 0.3565001 1.2789769 0.7071752 0.8724622 1.0349980 1.2063974 1.2008410 1.2747313 1.3084297 1.2265900 1.4682296 1.6216743 1.4910174 1.5255751 1.3002725 1.0846962 1.2385980 1.5340281 1.2982888 1.9475521 1.3939067 1.4471346 1.6347112 1.5549041 1.4309139 1.4363541 1.4657604 1.7238796 1.7797023 1.5541797 1.7358768 2.0491269 1.8257060 2.3377364 2.6496422 2.4912593 2.7072819 3.1424925 1.9408008 1.5985609 1.8895652 2.9674210 2.7737517 
Pocdam_XM_027181643.1                                   0.4057162 0.2502848 0.1468154 0.2794520 0.0000000 0.3452373 0.4113985 0.4419442 0.4171806 0.6225008 0.6981827 1.5608861 0.7183905 0.9392126 1.1519674 1.1455086 1.1682363 1.4437620 1.3607984 1.4196486 1.5461592 1.7096493 1.5697350 1.5919224 1.2895702 1.2573210 1.3798562 1.4156548 1.3110379 1.5293739 1.5410677 1.4485613 1.4918065 1.5315331 1.5959820 1.6201485 1.6545635 1.7271230 1.7359081 1.5904660 1.6537586 2.3633540 2.3892844 2.4485186 2.9047583 2.4237148 3.1434197 3.4830553 2.0343945 1.7578638 1.9573236 3.1535899 3.0781725 
Gfas_gfas1.m1.2903.m1                                   0.3965923 0.2595280 0.2944659 0.2629816 0.3452373 0.0000000 0.2522916 0.2578478 0.2646436 0.3302943 0.3249975 1.1077470 0.7011339 0.8319674 1.0626053 1.0978983 1.2350529 1.3836205 1.3322858 1.3315917 1.4730822 1.6267189 1.4080209 1.5196394 1.3373791 1.0501473 1.1764602 1.4379236 1.3502112 1.8947107 1.4798061 1.5470253 1.7024530 1.7654627 1.5660164 1.5073600 1.5437868 1.5975459 1.7401596 1.4999112 1.6020042 2.1167731 1.9594282 2.4370448 2.7339484 2.4992969 2.8967007 3.0425221 1.9220789 1.7184034 2.1718592 2.9511010 2.6542622 
Amil_Amillepora08836-RA                                 0.4813209 0.3008341 0.3789664 0.3300739 0.4113985 0.2522916 0.0000000 0.0205182 0.0227925 0.0686548 0.0143217 0.7828372 0.7100226 0.8090295 1.0695204 1.2054948 1.1175783 1.3763320 1.1918901 1.2727764 1.5307472 1.5833127 1.4801902 1.4714585 0.9585899 1.0270647 1.1680032 1.3904928 1.3160604 1.7636534 1.3887667 1.4262901 1.5862928 1.6140715 1.4201189 1.4493789 1.4942129 1.6754110 1.7918777 1.5088346 1.6534518 1.9967878 1.9456580 2.4071674 2.6962498 2.4867125 2.9911847 2.9298129 1.9513743 1.6771057 2.0351667 3.0578887 2.6604214 
Amil_Amillepora08840-RA                                 0.5894718 0.3231226 0.3685417 0.3652588 0.4419442 0.2578478 0.0205182 0.0000000 0.0323533 0.0686548 0.0143217 0.7745866 0.7156482 0.7766630 1.0646377 1.2389685 1.1447771 1.3285915 1.2574050 1.2738820 1.6987608 1.7523966 1.5790676 1.5701646 1.0059868 1.0350753 1.1629170 1.4562218 1.3004030 1.7557513 1.4851956 1.5237228 1.7075660 1.7491911 1.5154801 1.5554023 1.5554023 1.7788364 1.8426893 1.5975138 1.6903394 2.1127299 1.9456580 2.5337410 2.5791405 2.3637150 2.9699050 2.9820955 1.9513743 1.7468613 2.0925650 2.9945794 2.6478094 
Adig_XM_015916618.1                                     0.4965639 0.3213970 0.3689798 0.3217828 0.4171806 0.2646436 0.0227925 0.0323533 0.0000000 0.0365867 0.0300162 0.7118462 0.6373908 0.7696493 0.9046562 1.1247835 0.9248824 1.2208765 1.0281934 1.2807107 1.5604811 1.8181414 1.5863199 1.5855415 0.9672692 1.0398854 1.1925409 1.3671537 1.2384959 1.8549329 1.2381961 1.2548356 1.4001922 1.4449597 1.2241482 1.2819583 1.3267402 1.6161680 1.7577666 1.4682978 1.5409218 1.9418356 1.9187449 2.5341687 2.7515020 2.5062360 3.0351960 2.8080290 1.8664787 1.7231385 2.0636022 3.2291972 2.5039217 
Amil_Amillepora09733-RA                                 1.8620371 0.3685271 0.4519534 0.3871823 0.6225008 0.3302943 0.0686548 0.0686548 0.0365867 0.0000000 0.0143217 0.0773829 0.6784836 0.7403262 1.2004710 1.3899045 1.2538298 1.3221867 1.1301669 1.7977219 1.8491220 2.2506953 1.6410024 1.7344775 3.8163028 1.0560366 1.1306181 1.6870145 1.7367361 3.6531738 1.3570485 1.4330501 1.8367024 1.9845290 1.4205602 1.3842952 1.3842952 2.4259653 2.2819399 2.0737843 1.2492311 2.1214240 1.9145060 5.6018186 1.8421686 2.2095759 2.1771351 2.2328152 1.8247263 0.8518979 2.4827494 2.3035255 2.0697726 
Amil_Amillepora09852-RA                                 2.6179922 0.3260842 0.3932717 0.3565001 0.6981827 0.3249975 0.0143217 0.0143217 0.0300162 0.0143217 0.0000000 0.1114750 0.6596996 0.7581002 1.1469963 1.1679611 1.2480860 1.1715990 0.9718766 1.7481925 1.6382823 2.6161498 1.4934786 1.4570361 3.4058484 1.0097987 1.1361468 1.2033926 1.9870586 6.6384818 1.3195862 1.4167859 2.0643974 2.1820739 1.3740303 1.2751921 1.2751921 2.0613709 1.8489167 1.8093428 0.0000010 1.8779765 1.6925839 0.0000010 1.6586567 1.9292036 1.6918620 2.0596891 1.7190639 0.0000010 2.3252398 2.4056791 1.7998581 
Amil_Amillepora09749-RA                                 3.1723436 1.2163015 1.3804719 1.2789769 1.5608861 1.1077470 0.7828372 0.7745866 0.7118462 0.0773829 0.1114750 0.0000000 1.6004156 1.7166868 2.0846951 2.4463756 2.2233089 2.8034082 2.2146337 3.3667990 3.1217113 3.8855740 2.7986939 3.1308885 3.4730082 2.3500666 1.7594190 6.0855358 2.8666749 5.3203389 3.2194405 3.7520945 4.1335978 4.0930625 3.4552165 3.1627114 3.2306347 3.7563128 4.0696921 3.4650342 6.6387131 4.2324485 2.1099075 8.9999981 3.4043190 2.8961866 3.8481144 3.7561761 2.5685221 5.3413743 4.4118307 4.2230959 2.9991968 
Nvec_v1g208222                                          0.8816986 0.7381391 0.6810498 0.7071752 0.7183905 0.7011339 0.7100226 0.7156482 0.6373908 0.6784836 0.6596996 1.6004156 0.0000000 0.6577783 1.1075189 1.0949665 1.1662824 1.2704147 1.2837628 1.3063476 1.4685439 1.9105476 1.6661580 1.8090495 1.8468720 1.2799751 1.5031913 1.4043901 1.4424523 1.9729538 1.6076932 1.6451133 1.7443336 1.8317356 1.6785466 1.6077557 1.6532309 1.7592517 1.7796638 1.6563102 1.5691876 1.9851646 1.7039648 2.3799184 2.6321339 2.7028216 2.9184964 2.8922456 2.2403656 1.5698003 1.7216423 3.1747355 3.0314329 
Exapal_XM_021051639.2                                   1.0993775 0.8407244 0.8945204 0.8724622 0.9392126 0.8319674 0.8090295 0.7766630 0.7696493 0.7403262 0.7581002 1.7166868 0.6577783 0.0000000 1.2321173 1.2569415 1.0884485 1.3337400 1.3866284 1.3977256 1.7394894 1.8452385 1.7741145 1.7518304 2.2570602 1.1877610 1.4179556 1.6785337 1.5354374 2.1527415 1.5382204 1.6634659 1.8180868 1.8654927 1.5867860 1.5200998 1.5354593 1.9988636 2.0590183 1.8833416 1.5739866 1.9046777 1.6743777 2.3196547 3.2064116 2.6653205 2.8075115 2.9564721 2.5116195 1.5332339 1.8857901 3.3643400 2.8211739 
Acagra_model.g28706.t1                                  1.0411005 1.0751308 1.1249352 1.0349980 1.1519674 1.0626053 1.0695204 1.0646377 0.9046562 1.2004710 1.1469963 2.0846951 1.1075189 1.2321173 0.0000000 0.9700886 1.0126545 1.2067460 1.0460084 0.9782676 1.5072913 1.7839204 1.6622021 1.6882815 1.8351418 1.3447160 1.8427368 1.6866699 1.5267513 2.3624996 1.5812387 1.5753425 1.7914539 1.7049879 1.5821300 1.4866965 1.5415817 1.6748637 1.7573810 1.6925142 1.8903057 2.1523951 2.2497460 2.4691102 3.2527195 2.5497756 3.6746034 3.4107225 2.5053178 1.4543737 1.7061752 3.3654302 3.1900395 
Skow_XM_002731926.2                                     1.2298450 1.2145751 1.0874799 1.2063974 1.1455086 1.0978983 1.2054948 1.2389685 1.1247835 1.3899045 1.1679611 2.4463756 1.0949665 1.2569415 0.9700886 0.0000000 0.9509198 0.9751575 1.1281758 1.0103791 1.5333039 1.9762659 1.7308140 1.6111926 1.8557919 1.3414737 1.6929906 1.7829201 1.4430342 2.2311261 1.3243995 1.3671642 1.5883684 1.5449048 1.4284590 1.3520575 1.3897428 1.6178148 1.6127389 1.6472840 1.8739435 2.2500617 2.1173782 2.4734038 4.1972448 2.5487057 3.5294573 3.5472060 2.2858901 1.5775061 1.5531543 3.8687043 2.8903399 
Spur_XM_030976159.1                                     1.1031750 1.1594684 1.1416845 1.2008410 1.1682363 1.2350529 1.1175783 1.1447771 0.9248824 1.2538298 1.2480860 2.2233089 1.1662824 1.0884485 1.0126545 0.9509198 0.0000000 1.0348801 1.1871012 1.1834909 1.7323398 1.9839579 1.7942265 1.7396165 1.6227741 1.3889825 1.8572583 1.8306486 1.4307535 2.2657127 1.3780294 1.4064948 1.5415943 1.5267201 1.3464651 1.4366183 1.5228165 1.8486396 1.8538825 1.8194177 2.0217313 2.1076622 2.1572043 2.3961347 3.3803039 2.6849134 3.0950718 3.2875904 2.4276949 1.4157624 1.7709710 3.5859254 2.7816711 
Hsap_ENST00000588258                                    1.4214986 1.3345911 1.3307334 1.2747313 1.4437620 1.3836205 1.3763320 1.3285915 1.2208765 1.3221867 1.1715990 2.8034082 1.2704147 1.3337400 1.2067460 0.9751575 1.0348801 0.0000000 1.2978570 1.0558295 1.4916985 1.9361015 1.6878131 1.5251624 2.0820919 1.4152812 1.5410067 1.8335592 1.5091717 2.4353964 1.6751694 1.6994807 1.9403213 1.8539565 1.7034742 1.6415714 1.6734207 1.8865953 1.7777435 1.7878437 1.7991360 2.4485237 2.1716182 2.5484918 3.1990153 2.3982740 2.6596742 2.8718908 2.0415915 1.7584356 1.9776708 3.4880405 3.3845424 
Cgig_XM_011425186.3                                     1.2540092 1.3556888 1.3920772 1.3084297 1.3607984 1.3322858 1.1918901 1.2574050 1.0281934 1.1301669 0.9718766 2.2146337 1.2837628 1.3866284 1.0460084 1.1281758 1.1871012 1.2978570 0.0000000 1.3149790 1.3159912 1.6606044 1.4915947 1.4990569 1.7940813 1.3999856 1.8190447 1.4936162 1.6187289 2.9687739 1.4408845 1.5046201 1.6388943 1.6351927 1.5099122 1.4521616 1.5339534 1.6646621 1.7201500 1.6648940 2.0129762 2.1430381 2.4701878 2.4828116 3.2964250 2.5082928 3.1259170 2.8612217 2.4939418 1.6376862 1.7292097 3.2043359 2.6422631 
Bralan_BLAG07001185_1                                   1.3107646 1.3344525 1.2799048 1.2265900 1.4196486 1.3315917 1.2727764 1.2738820 1.2807107 1.7977219 1.7481925 3.3667990 1.3063476 1.3977256 0.9782676 1.0103791 1.1834909 1.0558295 1.3149790 0.0000000 1.7166611 1.6950123 1.7158449 1.6778135 2.3394046 1.3701885 1.9022941 1.6459181 1.4399219 1.6575407 1.6330575 1.6279760 1.7912033 1.7717127 1.6079540 1.6278100 1.6429084 1.6888234 1.7179589 1.7375259 1.9193698 2.2250930 2.2272989 2.3815338 4.0412243 2.6350430 3.0507075 3.5924738 1.9913646 1.6246324 1.7352092 3.7129521 3.1536481 
Aaur_scaffold603.g3.t1                                  1.5936189 1.6097556 1.5153541 1.4682296 1.5461592 1.4730822 1.5307472 1.6987608 1.5604811 1.8491220 1.6382823 3.1217113 1.4685439 1.7394894 1.5072913 1.5333039 1.7323398 1.4916985 1.3159912 1.7166611 0.0000000 1.0047448 0.9509080 1.2281463 2.1633219 1.6325079 1.8820162 1.4519795 1.7409396 1.9197460 1.7036524 1.6413817 1.8723037 1.7868351 1.7264283 1.6038942 1.7082590 1.8217064 1.9265466 1.8426312 1.9271483 2.1988219 1.9966093 2.7836844 2.8150133 2.6732327 3.0784069 2.9704539 2.2497927 1.7634264 2.1605001 3.4750350 3.2249516 
Nemnom_g13678.t1                                        1.8394455 1.6031914 1.6911049 1.6216743 1.7096493 1.6267189 1.5833127 1.7523966 1.8181414 2.2506953 2.6161498 3.8855740 1.9105476 1.8452385 1.7839204 1.9762659 1.9839579 1.9361015 1.6606044 1.6950123 1.0047448 0.0000000 0.2394755 0.9969848 2.7236922 1.7840451 2.1816755 1.2873978 1.6717828 1.5785286 1.8921692 1.9225585 1.9647681 2.0346830 2.0346830 1.8705169 2.0056254 2.0433544 2.4578559 2.1683429 1.6431090 2.1117986 2.9649853 3.2160823 3.8173919 3.0711929 3.8339652 4.0530729 3.5697420 1.9301672 2.1865167 4.8216695 4.5000691 
Rhoesc_Res_011211-T1                                    1.7462831 1.4814447 1.5441604 1.4910174 1.5697350 1.4080209 1.4801902 1.5790676 1.5863199 1.6410024 1.4934786 2.7986939 1.6661580 1.7741145 1.6622021 1.7308140 1.7942265 1.6878131 1.4915947 1.7158449 0.9509080 0.2394755 0.0000000 1.0522651 3.0145806 1.7089018 1.8942605 1.3366178 1.6638587 2.1723178 1.7610143 1.8001210 2.0180425 2.0814090 1.8558510 1.6595321 1.7335701 2.0248691 2.3491195 2.0465668 1.5846362 2.0290304 2.1274898 3.1814784 3.0794388 2.5226057 2.8704652 3.1143403 2.8337478 1.8440760 2.2353362 3.9770345 3.5475119 
Sanmal_Sma_025065-T1                                    1.7453874 1.4430245 1.4567029 1.5255751 1.5919224 1.5196394 1.4714585 1.5701646 1.5855415 1.7344775 1.4570361 3.1308885 1.8090495 1.7518304 1.6882815 1.6111926 1.7396165 1.5251624 1.4990569 1.6778135 1.2281463 0.9969848 1.0522651 0.0000000 2.6031412 1.5449192 1.6329032 1.1394797 1.7862973 2.3799185 1.6914853 1.7126402 1.9068975 1.9071167 1.7159388 1.6873337 1.7636937 1.6957014 1.9699702 1.7603566 1.5979880 1.9954712 1.9786493 3.2211686 3.0906903 2.7451819 3.0559022 3.4348209 2.7502915 1.7930247 2.1162305 3.7943914 3.2512894 
Amil_Amillepora09750-RA                                 0.5710819 1.3954654 1.3926390 1.3002725 1.2895702 1.3373791 0.9585899 1.0059868 0.9672692 3.8163028 3.4058484 3.4730082 1.8468720 2.2570602 1.8351418 1.8557919 1.6227741 2.0820919 1.7940813 2.3394046 2.1633219 2.7236922 3.0145806 2.6031412 0.0000000 2.1480857 4.2628101 1.4344312 1.7587372 3.8068019 2.1979379 2.0710340 2.2530516 2.2561732 2.2019424 2.2630869 2.2630869 2.6360783 2.7011017 2.3092326 1.8164861 3.3825841 5.0110373 2.2532578 5.2475508 3.2590675 5.0424253 4.7178336 4.1441037 1.5214064 2.7219534 4.7849623 5.4046304 
Dgig_XM_028536724.1                                     1.1933035 1.0884666 1.1661045 1.0846962 1.2573210 1.0501473 1.0270647 1.0350753 1.0398854 1.0560366 1.0097987 2.3500666 1.2799751 1.1877610 1.3447160 1.3414737 1.3889825 1.4152812 1.3999856 1.3701885 1.6325079 1.7840451 1.7089018 1.5449192 2.1480857 0.0000000 0.4851696 1.4408066 1.5826754 2.0929810 1.4873688 1.5322431 1.6144124 1.6771019 1.4927562 1.4635183 1.5499181 1.8479188 1.9555300 1.6933720 1.7856512 2.0831085 1.7351866 2.4160900 3.4776389 2.6547911 3.4507346 3.5330381 1.8691024 1.7630682 2.0171620 3.1719151 3.1377617 
Xesp_005375-T1                                          1.6310575 1.2349862 1.2831126 1.2385980 1.3798562 1.1764602 1.1680032 1.1629170 1.1925409 1.1306181 1.1361468 1.7594190 1.5031913 1.4179556 1.8427368 1.6929906 1.8572583 1.5410067 1.8190447 1.9022941 1.8820162 2.1816755 1.8942605 1.6329032 4.2628101 0.4851696 0.0000000 1.2810484 1.9208662 2.5661244 1.9908361 2.0445828 2.2398402 2.2999651 2.0161436 1.7779341 1.7870788 2.1402229 2.0675322 1.9001873 1.6235373 2.1422437 2.0011273 3.1385793 2.9929278 2.4882125 2.2936286 3.2705413 2.0200049 2.1490253 2.1876900 2.8269391 2.7701507 
Morvir_scaffold332.g20.t1                               1.5014395 1.4363852 1.5057608 1.5340281 1.4156548 1.4379236 1.3904928 1.4562218 1.3671537 1.6870145 1.2033926 6.0855358 1.4043901 1.6785337 1.6866699 1.7829201 1.8306486 1.8335592 1.4936162 1.6459181 1.4519795 1.2873978 1.3366178 1.1394797 1.4344312 1.4408066 1.2810484 0.0000000 1.6539767 1.7412339 1.4219511 1.4418318 1.4535432 1.4695432 1.4365225 1.5068574 1.5929098 1.9466107 2.0453737 1.8095173 1.3078258 1.7635187 1.9078618 2.7272777 3.6327112 2.8801186 4.7240758 4.6555051 3.4065212 1.7882356 1.9145154 4.5871975 4.2178164 
Opea_EP00118_Oscarella_pearsei_P008300                  1.0817717 1.2293698 1.2255568 1.2982888 1.3110379 1.3502112 1.3160604 1.3004030 1.2384959 1.7367361 1.9870586 2.8666749 1.4424523 1.5354374 1.5267513 1.4430342 1.4307535 1.5091717 1.6187289 1.4399219 1.7409396 1.6717828 1.6638587 1.7862973 1.7587372 1.5826754 1.9208662 1.6539767 0.0000000 0.1598470 1.6296750 1.6874574 1.8178582 1.7805596 1.6139693 1.7055692 1.7323208 1.7506697 1.8060116 1.6622591 1.7705947 2.5357756 1.6938712 1.9870326 3.5221878 2.3834422 2.6486407 3.4161469 2.8451442 1.4165956 1.7748022 3.5299377 3.3565397 
Opea_EP00118_Oscarella_pearsei_P008301                  1.2086292 1.8719980 1.7068439 1.9475521 1.5293739 1.8947107 1.7636534 1.7557513 1.8549329 3.6531738 6.6384818 5.3203389 1.9729538 2.1527415 2.3624996 2.2311261 2.2657127 2.4353964 2.9687739 1.6575407 1.9197460 1.5785286 2.1723178 2.3799185 3.8068019 2.0929810 2.5661244 1.7412339 0.1598470 0.0000000 2.3117231 2.0433181 2.3450354 2.1029601 2.2111715 2.3659016 2.6749463 2.1855426 2.3921547 2.2069285 1.9600343 3.4333601 5.8060438 1.9687278 3.7248240 2.8313479 3.1144897 4.2767336 7.5423758 1.5071714 1.7383695 3.9645490 3.2868391 
HoiH23_PlH23_001652-RA                                  1.6151969 1.4207274 1.4792264 1.3939067 1.5410677 1.4798061 1.3887667 1.4851956 1.2381961 1.3570485 1.3195862 3.2194405 1.6076932 1.5382204 1.5812387 1.3243995 1.3780294 1.6751694 1.4408845 1.6330575 1.7036524 1.8921692 1.7610143 1.6914853 2.1979379 1.4873688 1.9908361 1.4219511 1.6296750 2.3117231 0.0000000 0.0195845 0.1617329 0.1849883 0.1113568 0.2952334 0.2906983 2.0773432 2.0805221 1.9371677 2.0079009 1.9565701 1.5884707 2.6877315 3.9051164 3.0117107 3.4582209 3.2866340 2.8554532 1.8299861 2.0704533 3.7965030 3.5615208 
HoiH06_mRNA82                                           1.6576156 1.4777900 1.5281123 1.4471346 1.4485613 1.5470253 1.4262901 1.5237228 1.2548356 1.4330501 1.4167859 3.7520945 1.6451133 1.6634659 1.5753425 1.3671642 1.4064948 1.6994807 1.5046201 1.6279760 1.6413817 1.9225585 1.8001210 1.7126402 2.0710340 1.5322431 2.0445828 1.4418318 1.6874574 2.0433181 0.0195845 0.0000000 0.0657135 0.0827259 0.0827259 0.2915457 0.2929975 2.0424327 2.0604608 1.8824718 2.0191174 2.0786301 2.0047857 2.6552941 4.1893113 3.2801709 3.7730853 3.5666233 2.9169394 1.8462235 2.0811047 3.9451349 3.9658053 
HoiH11_mRNA252                                          1.5981257 1.6207798 1.6139683 1.6347112 1.4918065 1.7024530 1.5862928 1.7075660 1.4001922 1.8367024 2.0643974 4.1335978 1.7443336 1.8180868 1.7914539 1.5883684 1.5415943 1.9403213 1.6388943 1.7912033 1.8723037 1.9647681 2.0180425 1.9068975 2.2530516 1.6144124 2.2398402 1.4535432 1.8178582 2.3450354 0.1617329 0.0657135 0.0000000 0.1975735 0.1980339 0.3890270 0.4014714 2.2293653 2.2040940 2.0287733 1.9514723 2.2124239 2.3773186 2.5977000 4.5283085 3.3762128 3.9516686 3.8171668 3.4819685 1.7813598 2.0308566 4.0852815 4.1725784 
HoiH04_mRNA2942                                         1.6346816 1.5585766 1.6218140 1.5549041 1.5315331 1.7654627 1.6140715 1.7491911 1.4449597 1.9845290 2.1820739 4.0930625 1.8317356 1.8654927 1.7049879 1.5449048 1.5267201 1.8539565 1.6351927 1.7717127 1.7868351 2.0346830 2.0814090 1.9071167 2.2561732 1.6771019 2.2999651 1.4695432 1.7805596 2.1029601 0.1849883 0.0827259 0.1975735 0.0000000 0.0783614 0.3868203 0.3999788 2.2049129 2.1941975 2.0693842 1.9636534 2.2425826 2.3008086 2.6967431 4.5103463 3.5881321 4.0731249 4.0825592 3.2966121 1.7821826 2.0895438 4.2559492 4.1393024 
Hhon_g00962.t1                                          1.6346816 1.4337167 1.5510170 1.4309139 1.5959820 1.5660164 1.4201189 1.5154801 1.2241482 1.4205602 1.3740303 3.4552165 1.6785466 1.5867860 1.5821300 1.4284590 1.3464651 1.7034742 1.5099122 1.6079540 1.7264283 2.0346830 1.8558510 1.7159388 2.2019424 1.4927562 2.0161436 1.4365225 1.6139693 2.2111715 0.1113568 0.0827259 0.1980339 0.0783614 0.0000000 0.2824479 0.2833403 2.0401822 2.0660662 1.9138083 1.9636534 2.0223096 1.6449609 2.6967431 4.1072911 3.0854822 3.5059731 3.4810042 2.9277438 1.7821826 2.0895438 4.0746232 3.5061976 
TrH2_TrispH2_005352-RA                                  1.6955694 1.3812752 1.5488112 1.4363541 1.6201485 1.5073600 1.4493789 1.5554023 1.2819583 1.3842952 1.2751921 3.1627114 1.6077557 1.5200998 1.4866965 1.3520575 1.4366183 1.6415714 1.4521616 1.6278100 1.6038942 1.8705169 1.6595321 1.6873337 2.2630869 1.4635183 1.7779341 1.5068574 1.7055692 2.3659016 0.2952334 0.2915457 0.3890270 0.3868203 0.2824479 0.0000000 0.0000010 2.1041890 2.1205281 2.0777247 1.8260313 2.0245997 1.9171330 2.4622936 3.6382615 2.8872911 3.5394337 3.2927793 3.1224221 1.8532341 2.1296626 4.1578416 3.3551159 
Tadh_TriadT55800                                        1.8385848 1.4062585 1.5584328 1.4657604 1.6545635 1.5437868 1.4942129 1.5554023 1.3267402 1.3842952 1.2751921 3.2306347 1.6532309 1.5354593 1.5415817 1.3897428 1.5228165 1.6734207 1.5339534 1.6429084 1.7082590 2.0056254 1.7335701 1.7636937 2.2630869 1.5499181 1.7870788 1.5929098 1.7323208 2.6749463 0.2906983 0.2929975 0.4014714 0.3999788 0.2833403 0.0000010 0.0000000 2.3065779 2.2435185 2.2747883 1.9111744 2.1389944 1.9171330 2.3197165 3.6933632 2.8375000 3.4219524 3.4339541 3.1224221 1.9775333 2.2179754 3.8356675 3.4478161 
Lcom_lcpid91121                                         1.6684912 1.7930434 1.7122356 1.7238796 1.7271230 1.5975459 1.6754110 1.7788364 1.6161680 2.4259653 2.0613709 3.7563128 1.7592517 1.9988636 1.6748637 1.6178148 1.8486396 1.8865953 1.6646621 1.6888234 1.8217064 2.0433544 2.0248691 1.6957014 2.6360783 1.8479188 2.1402229 1.9466107 1.7506697 2.1855426 2.0773432 2.0424327 2.2293653 2.2049129 2.0401822 2.1041890 2.3065779 0.0000000 0.4104686 0.3948486 2.0594099 2.5898979 3.2053017 2.7280543 3.1114186 2.2876875 3.3413724 3.0824178 2.2425231 1.4811728 1.9400467 3.5555259 3.8549256 
Gracom_Gcom_C539766_01                                  1.7910818 1.8157499 1.7711331 1.7797023 1.7359081 1.7401596 1.7918777 1.8426893 1.7577666 2.2819399 1.8489167 4.0696921 1.7796638 2.0590183 1.7573810 1.6127389 1.8538825 1.7777435 1.7201500 1.7179589 1.9265466 2.4578559 2.3491195 1.9699702 2.7011017 1.9555300 2.0675322 2.0453737 1.8060116 2.3921547 2.0805221 2.0604608 2.2040940 2.1941975 2.0660662 2.1205281 2.2435185 0.4104686 0.0000000 0.3176855 2.3699525 2.7054734 3.2451138 2.6729647 3.1178512 2.5544868 3.3106939 3.3582448 2.3302476 1.8097124 2.0340861 3.5765836 3.6343972 
Scil_scict025372.1                                      1.4244782 1.5683116 1.6427441 1.5541797 1.5904660 1.4999112 1.5088346 1.5975138 1.4682978 2.0737843 1.8093428 3.4650342 1.6563102 1.8833416 1.6925142 1.6472840 1.8194177 1.7878437 1.6648940 1.7375259 1.8426312 2.1683429 2.0465668 1.7603566 2.3092326 1.6933720 1.9001873 1.8095173 1.6622591 2.2069285 1.9371677 1.8824718 2.0287733 2.0693842 1.9138083 2.0777247 2.2747883 0.3948486 0.3176855 0.0000000 1.8933688 2.5577302 2.6496175 2.4337603 2.8022513 2.4289679 3.2299176 3.0807259 2.2999835 1.7050687 1.8737321 3.1325868 3.7030753 
Hvul_g24000_1                                           1.7929858 1.7017612 1.7180883 1.7358768 1.6537586 1.6020042 1.6534518 1.6903394 1.5409218 1.2492311 0.0000010 6.6387131 1.5691876 1.5739866 1.8903057 1.8739435 2.0217313 1.7991360 2.0129762 1.9193698 1.9271483 1.6431090 1.5846362 1.5979880 1.8164861 1.7856512 1.6235373 1.3078258 1.7705947 1.9600343 2.0079009 2.0191174 1.9514723 1.9636534 1.9636534 1.8260313 1.9111744 2.0594099 2.3699525 1.8933688 0.0000000 1.2422590 9.0000000 2.8648980 3.2303508 2.8522238 3.5244790 4.3954025 3.2004037 2.1130074 1.9994963 3.7861381 4.3330962 
Chem_TCONS_00037048                                     2.5370593 2.1930149 2.2107896 2.0491269 2.3633540 2.1167731 1.9967878 2.1127299 1.9418356 2.1214240 1.8779765 4.2324485 1.9851646 1.9046777 2.1523951 2.2500617 2.1076622 2.4485237 2.1430381 2.2250930 2.1988219 2.1117986 2.0290304 1.9954712 3.3825841 2.0831085 2.1422437 1.7635187 2.5357756 3.4333601 1.9565701 2.0786301 2.2124239 2.2425826 2.0223096 2.0245997 2.1389944 2.5898979 2.7054734 2.5577302 1.2422590 0.0000000 1.4767229 3.5069758 2.8568493 2.9950610 2.8793974 2.8770786 2.6489689 2.9089925 2.8686543 2.8871029 3.2313963 
Hvul_g24007_1                                           3.9586267 1.8268450 1.6814543 1.8257060 2.3892844 1.9594282 1.9456580 1.9456580 1.9187449 1.9145060 1.6925839 2.1099075 1.7039648 1.6743777 2.2497460 2.1173782 2.1572043 2.1716182 2.4701878 2.2272989 1.9966093 2.9649853 2.1274898 1.9786493 5.0110373 1.7351866 2.0011273 1.9078618 1.6938712 5.8060438 1.5884707 2.0047857 2.3773186 2.3008086 1.6449609 1.9171330 1.9171330 3.2053017 3.2451138 2.6496175 9.0000000 1.4767229 0.0000000 2.2341598 2.6641104 2.5572974 1.9622452 2.4380949 1.6572700 0.0000010 3.9102306 3.0478928 2.8398664 
Xestes_maker-XT_scaffold188578-augustus-gene-0.3-mRNA-1 2.3826847 2.5899964 2.5959651 2.3377364 2.4485186 2.4370448 2.4071674 2.5337410 2.5341687 5.6018186 0.0000010 8.9999981 2.3799184 2.3196547 2.4691102 2.4734038 2.3961347 2.5484918 2.4828116 2.3815338 2.7836844 3.2160823 3.1814784 3.2211686 2.2532578 2.4160900 3.1385793 2.7272777 1.9870326 1.9687278 2.6877315 2.6552941 2.5977000 2.6967431 2.6967431 2.4622936 2.3197165 2.7280543 2.6729647 2.4337603 2.8648980 3.5069758 2.2341598 0.0000000 4.8204673 3.8941916 4.8421734 4.9251589 2.3553689 2.1365362 2.2868257 4.0863115 4.6878330 
Mlei_ML0078.g1.i1                                       4.3349070 2.7784353 2.6045403 2.6496422 2.9047583 2.7339484 2.6962498 2.5791405 2.7515020 1.8421686 1.6586567 3.4043190 2.6321339 3.2064116 3.2527195 4.1972448 3.3803039 3.1990153 3.2964250 4.0412243 2.8150133 3.8173919 3.0794388 3.0906903 5.2475508 3.4776389 2.9929278 3.6327112 3.5221878 3.7248240 3.9051164 4.1893113 4.5283085 4.5103463 4.1072911 3.6382615 3.6933632 3.1114186 3.1178512 2.8022513 3.2303508 2.8568493 2.6641104 4.8204673 0.0000000 1.1318896 1.0183072 1.0399337 3.6392706 5.7852274 4.6130298 1.9074558 3.5678233 
Lampan_Lpan_C400431_01                                  3.3331001 2.4208129 2.3314759 2.4912593 2.4237148 2.4992969 2.4867125 2.3637150 2.5062360 2.2095759 1.9292036 2.8961866 2.7028216 2.6653205 2.5497756 2.5487057 2.6849134 2.3982740 2.5082928 2.6350430 2.6732327 3.0711929 2.5226057 2.7451819 3.2590675 2.6547911 2.4882125 2.8801186 2.3834422 2.8313479 3.0117107 3.2801709 3.3762128 3.5881321 3.0854822 2.8872911 2.8375000 2.2876875 2.5544868 2.4289679 2.8522238 2.9950610 2.5572974 3.8941916 1.1318896 0.0000000 1.0494932 1.1815470 2.8610215 3.0630426 2.6844222 1.9547189 3.9803592 
Mertsp_Mesp_sb609800                                    4.1453287 2.6640534 2.7093483 2.7072819 3.1434197 2.8967007 2.9911847 2.9699050 3.0351960 2.1771351 1.6918620 3.8481144 2.9184964 2.8075115 3.6746034 3.5294573 3.0950718 2.6596742 3.1259170 3.0507075 3.0784069 3.8339652 2.8704652 3.0559022 5.0424253 3.4507346 2.2936286 4.7240758 2.6486407 3.1144897 3.4582209 3.7730853 3.9516686 4.0731249 3.5059731 3.5394337 3.4219524 3.3413724 3.3106939 3.2299176 3.5244790 2.8793974 1.9622452 4.8421734 1.0183072 1.0494932 0.0000000 0.8111398 2.9473462 5.3185107 4.4955534 1.8523348 3.8837449 
Drygla_Dgla_sb277488                                    4.5797203 3.2900611 3.1048771 3.1424925 3.4830553 3.0425221 2.9298129 2.9820955 2.8080290 2.2328152 2.0596891 3.7561761 2.8922456 2.9564721 3.4107225 3.5472060 3.2875904 2.8718908 2.8612217 3.5924738 2.9704539 4.0530729 3.1143403 3.4348209 4.7178336 3.5330381 3.2705413 4.6555051 3.4161469 4.2767336 3.2866340 3.5666233 3.8171668 4.0825592 3.4810042 3.2927793 3.4339541 3.0824178 3.3582448 3.0807259 4.3954025 2.8770786 2.4380949 4.9251589 1.0399337 1.1815470 0.8111398 0.0000000 2.6477312 4.4499505 3.8133381 1.8516838 4.5294980 
Morvir_scaffold332.g24.t1                               2.5003463 1.9682857 1.9128227 1.9408008 2.0343945 1.9220789 1.9513743 1.9513743 1.8664787 1.8247263 1.7190639 2.5685221 2.2403656 2.5116195 2.5053178 2.2858901 2.4276949 2.0415915 2.4939418 1.9913646 2.2497927 3.5697420 2.8337478 2.7502915 4.1441037 1.8691024 2.0200049 3.4065212 2.8451442 7.5423758 2.8554532 2.9169394 3.4819685 3.2966121 2.9277438 3.1224221 3.1224221 2.2425231 2.3302476 2.2999835 3.2004037 2.6489689 1.6572700 2.3553689 3.6392706 2.8610215 2.9473462 2.6477312 0.0000000 3.5748800 3.6283111 3.1096029 4.0285549 
Stycar_maker-SC_scaffold1098-augustus-gene-0.229-mRNA-1 1.6430389 1.7039962 1.7703646 1.5985609 1.7578638 1.7184034 1.6771057 1.7468613 1.7231385 0.8518979 0.0000010 5.3413743 1.5698003 1.5332339 1.4543737 1.5775061 1.4157624 1.7584356 1.6376862 1.6246324 1.7634264 1.9301672 1.8440760 1.7930247 1.5214064 1.7630682 2.1490253 1.7882356 1.4165956 1.5071714 1.8299861 1.8462235 1.7813598 1.7821826 1.7821826 1.8532341 1.9775333 1.4811728 1.8097124 1.7050687 2.1130074 2.9089925 0.0000010 2.1365362 5.7852274 3.0630426 5.3185107 4.4499505 3.5748800 0.0000000 0.0569616 5.5853410 3.6118437 
Stycar_maker-SC_scaffold1572-snap-gene-0.62-mRNA-1      1.9742647 1.9442789 1.9316465 1.8895652 1.9573236 2.1718592 2.0351667 2.0925650 2.0636022 2.4827494 2.3252398 4.4118307 1.7216423 1.8857901 1.7061752 1.5531543 1.7709710 1.9776708 1.7292097 1.7352092 2.1605001 2.1865167 2.2353362 2.1162305 2.7219534 2.0171620 2.1876900 1.9145154 1.7748022 1.7383695 2.0704533 2.0811047 2.0308566 2.0895438 2.0895438 2.1296626 2.2179754 1.9400467 2.0340861 1.8737321 1.9994963 2.8686543 3.9102306 2.2868257 4.6130298 2.6844222 4.4955534 3.8133381 3.6283111 0.0569616 0.0000000 4.6858570 4.0902118 
Coemet_Cmet_scaffold21769_01                            4.4027937 3.1484525 3.0116772 2.9674210 3.1535899 2.9511010 3.0578887 2.9945794 3.2291972 2.3035255 2.4056791 4.2230959 3.1747355 3.3643400 3.3654302 3.8687043 3.5859254 3.4880405 3.2043359 3.7129521 3.4750350 4.8216695 3.9770345 3.7943914 4.7849623 3.1719151 2.8269391 4.5871975 3.5299377 3.9645490 3.7965030 3.9451349 4.0852815 4.2559492 4.0746232 4.1578416 3.8356675 3.5555259 3.5765836 3.1325868 3.7861381 2.8871029 3.0478928 4.0863115 1.9074558 1.9547189 1.8523348 1.8516838 3.1096029 5.5853410 4.6858570 0.0000000 4.0941790 
Spis_XP_022803891_1                                     3.4665538 2.8044546 2.6423291 2.7737517 3.0781725 2.6542622 2.6604214 2.6478094 2.5039217 2.0697726 1.7998581 2.9991968 3.0314329 2.8211739 3.1900395 2.8903399 2.7816711 3.3845424 2.6422631 3.1536481 3.2249516 4.5000691 3.5475119 3.2512894 5.4046304 3.1377617 2.7701507 4.2178164 3.3565397 3.2868391 3.5615208 3.9658053 4.1725784 4.1393024 3.5061976 3.3551159 3.4478161 3.8549256 3.6343972 3.7030753 4.3330962 3.2313963 2.8398664 4.6878330 3.5678233 3.9803592 3.8837449 4.5294980 4.0285549 3.6118437 4.0902118 4.0941790 0.0000000 
