76
Aque_Aqu2.1.27997_001                                0.0000000 0.0834304 0.1475057 3.5906684 0.7447364 0.0000010 0.0000010 1.2512840 0.0000010 0.9014715 1.2567081 1.6122338 1.6451632 1.6451632 1.7380810 1.6926457 1.7707865 1.8842546 2.1632709 1.9971202 2.7207920 1.9168355 1.9350264 1.7156860 1.7221129 1.6999720 2.3500290 2.1541884 2.4565392 2.3694532 0.0000010 1.7984488 1.9948082 2.1906881 2.4359292 2.6388212 2.5983483 2.3684672 2.0581436 2.0581436 2.1393619 1.7740599 2.4143104 2.4461321 0.0000010 2.3744697 2.4809568 1.6670191 1.9588911 2.2682796 2.8724759 0.0000010 3.6032719 3.1637312 3.1926758 0.0000010 3.5238634 7.3559780 3.4366458 3.8853883 3.7395428 9.0000000 0.0000010 9.0000000 9.0000000 4.2485920 2.1355060 2.9934478 2.8547105 2.5330807 2.8426719 2.4617793 2.2226196 1.6510146 2.6136370 3.0239491 
Aque_Aqu2.1.25415_001                                0.0834304 0.0000000 0.1542649 0.2979951 0.5073858 0.2905778 0.5470822 1.0088296 0.8295000 0.7056810 1.0786211 1.2950468 1.3853895 1.4712697 1.6493418 1.8862023 2.0159978 1.8057705 1.9327054 1.7742728 1.9518220 2.1112145 2.1140517 1.8135616 1.8261446 1.6266070 2.3086209 2.2721515 2.3390582 2.1820462 1.2466827 1.5471318 1.7951480 1.9612037 2.1152952 2.3043289 1.9239797 1.9873087 1.6351141 1.7237621 1.6013945 1.7445887 1.9013568 2.0675207 1.6795869 1.9817948 1.7181317 1.6752818 1.9752541 1.9043238 2.0522999 2.5845458 2.6643002 2.3566805 2.3623878 2.0642311 2.4225387 2.0487124 2.5284316 2.5407672 2.5379850 2.4928577 2.1610708 2.8355846 3.7978233 2.0399630 2.1520377 2.2053371 2.0254084 2.0184788 2.0529497 2.1263180 2.0593096 1.3695389 2.0430692 2.4244682 
Aque_Aqu2.1.27996_001                                0.1475057 0.1542649 0.0000000 0.1681640 0.6519181 0.5118007 0.8737860 1.1942991 0.9273701 0.9276192 1.2884289 1.4696375 1.4550871 1.6160225 1.7983062 2.0576600 2.3086170 2.0811047 2.1463870 1.9608549 2.0869851 2.3453928 2.2157546 1.9841253 2.0466222 1.7319563 2.3780937 2.2951387 2.5984197 2.0832457 1.5624126 1.7082136 1.9820709 2.0747125 2.3136026 2.4043199 2.1094636 2.0778532 1.8723567 2.0108182 1.8846680 1.7972927 2.1238401 2.2044442 1.8750478 2.1878296 1.9289612 1.7217722 2.0138669 1.9388639 2.4536582 3.0175443 3.0576858 2.6220317 2.6286068 2.2427752 2.5899158 2.1460436 2.7465713 2.8056050 2.7828101 2.7260524 2.4926590 2.8023477 4.1192678 2.3606614 2.1796627 2.2638771 2.0864948 2.0232826 2.0090369 2.1228496 2.0463434 1.5438558 2.0505084 2.6715973 
Aque_Aqu2.1.28002_001                                3.5906684 0.2979951 0.1681640 0.0000000 0.7982506 0.4983905 0.8562572 1.4068265 1.1770967 1.0238007 1.7447317 1.7037357 1.8344169 1.8641596 2.0727836 2.2663027 2.9004777 2.5034910 2.3780968 2.1837772 2.2752445 2.8280129 2.4612261 2.3620256 2.4378529 2.0866371 2.6299292 2.6109670 2.3540236 2.3932932 1.5532497 1.8820124 2.1725950 2.1443246 2.4121734 2.6362153 2.2138567 2.2392727 2.0192704 2.2894380 1.9618080 1.9387533 2.2065013 2.3983071 1.9689552 2.3263905 1.8146669 2.0015413 2.4781503 2.1883264 2.4260259 3.1173949 3.4617738 2.8472120 2.8472120 2.2262605 2.8465554 2.0490142 3.0057131 2.8206659 2.9941561 2.9396406 2.6058030 3.1701780 4.9069071 2.2360569 2.4596574 2.3670047 2.1607422 2.0019300 2.0128115 2.2746955 2.2746955 1.9735482 2.1050365 2.9032361 
Halamb_c49206_g2_i2m.25692                           0.7447364 0.5073858 0.6519181 0.7982506 0.0000000 0.2733179 0.0000010 1.1349781 1.2133271 0.6973576 1.0427802 1.4516790 1.3694932 1.4161661 1.8373414 2.0579921 2.0050391 1.9314792 2.0180117 1.9366137 2.1503468 1.8025955 1.9813289 1.9087887 2.1191856 1.8250282 2.2204348 2.0733765 3.9902265 2.4398689 1.0105547 1.7229242 1.8371205 2.2164757 2.3587308 2.2811079 2.1424978 2.0627045 2.0205965 2.0205965 1.8176546 1.9331091 1.9483900 1.9848856 1.6314471 2.0668576 2.0447058 1.9044713 2.1401729 2.0758009 2.5020065 3.0961209 3.1689204 2.6590757 2.6553795 1.9945821 2.7928901 2.1619117 2.9439134 2.7995486 3.2112581 3.3722075 8.9999982 3.3722075 3.3198010 2.9562218 2.0766305 3.4250054 2.7129273 2.4365134 2.6150302 2.6630682 2.5353990 1.4327907 2.6873054 2.8145312 
Aque_Aqu2.1.07397_001                                0.0000010 0.2905778 0.5118007 0.4983905 0.2733179 0.0000000 0.4241199 0.7229016 0.5897138 0.4334549 0.0000010 0.9046189 0.6065056 1.2476388 1.0485474 1.1393346 1.3872636 0.9071249 1.1224414 1.0715631 1.2209904 1.8328485 1.3338304 1.1418563 1.0595804 1.0365699 1.4593428 1.4693915 1.5515393 1.3102645 1.3030367 0.9967256 1.2433458 1.1479955 1.3838916 1.3852455 1.2270727 1.3410446 0.7358986 0.9636345 0.8349113 1.4326365 1.2931966 1.3326485 1.3110959 1.3917805 1.2038584 1.1374535 1.5423888 1.4540007 1.2387379 1.7828394 1.5341570 1.7196194 1.7196194 1.7302881 1.7965303 1.7965303 1.7172727 1.7003289 1.7278864 1.7186999 1.7708125 1.9863195 4.0541103 1.5601399 1.6236475 1.2982455 1.2861800 1.2648544 1.1701263 1.2627264 1.2627264 1.0279294 1.5290821 1.5691109 
Halamb_c49206_g1_i6mm.2974                           0.0000010 0.5470822 0.8737860 0.8562572 0.0000010 0.4241199 0.0000000 0.7622559 0.4813618 0.4847940 0.0000010 0.8819803 9.0000000 1.3211242 1.1758755 1.4687689 1.3855312 0.8391179 1.1136929 1.0670513 1.1187054 1.6048089 1.1313374 1.1408139 1.0703093 0.9918566 1.3853182 1.5751739 1.5751739 1.3043972 1.2599895 1.2841625 1.3023802 1.2443632 1.2595330 1.7111861 1.2248492 1.4135251 0.8130522 1.0407157 1.0197902 1.5260219 1.2466968 1.5645286 1.4077322 1.4246769 1.2941504 1.5129095 1.6160883 1.5847971 1.2577613 1.4963925 1.2705207 1.6064220 1.6064220 1.6437353 1.6370205 1.6370205 1.4615631 1.5053473 1.5639641 1.6085499 1.6085499 2.0187099 4.1513753 1.5276259 1.6564672 1.4175914 1.4319816 1.3171764 1.3105333 1.4129246 1.4129246 0.0000010 1.5529857 1.3175550 
Tetwil_g6277.t2                                      1.2512840 1.0088296 1.1942991 1.4068265 1.1349781 0.7229016 0.7622559 0.0000000 0.7107127 0.9633549 1.0121009 1.2236841 1.3130252 1.4090904 1.4874839 1.6126336 1.5856945 1.4007124 1.5624510 1.4427451 1.6295423 1.7074699 1.6027381 1.3973502 1.5560791 1.5958551 1.7753342 1.7088418 1.3884349 2.1273297 1.0161477 1.4940902 1.5922717 1.5792822 1.8295024 1.9027584 1.5280883 1.5582156 1.5275314 1.6416715 1.4262130 1.6845606 1.6834391 1.7733581 1.3848350 1.8097792 1.5668398 1.5949279 1.8979984 1.8186561 1.9078379 2.0431073 2.2081124 2.1751406 2.1780298 1.5152497 2.1030763 1.6302364 2.2457183 2.1657984 2.2153464 2.1820842 1.7234827 2.5230648 3.5498834 1.6894471 1.8666669 2.0188826 1.8944669 1.8830054 1.9413592 1.9278393 1.8458931 1.2535525 1.9586068 2.2320706 
Stycar_maker-SC_scaffold4368-snap-gene-0.14-mRNA-1   0.0000010 0.8295000 0.9273701 1.1770967 1.2133271 0.5897138 0.4813618 0.7107127 0.0000000 0.6271801 0.0338781 0.8944805 0.9943230 1.0009079 1.3385273 1.7241422 2.3240259 1.3956308 1.4893554 1.3764483 1.7286713 1.6289082 1.7604239 1.5440447 1.4758377 1.6284430 1.5425068 1.5438948 1.0179265 3.1318728 1.1982567 1.3157085 1.4303103 1.3704248 1.3334393 1.6418695 1.4276473 1.5173758 1.3930803 1.3930803 1.5459941 1.4999257 1.7517364 1.5834381 1.5747009 1.7923635 1.7167941 1.3771779 1.7865080 1.5851276 1.4156583 2.0069140 1.9905073 1.8517500 1.8517500 1.3230618 1.7830027 1.0977039 1.6768932 1.8182378 1.8026193 1.8928022 1.6425516 2.2496938 4.5347770 1.0702912 1.7079539 1.8475921 1.8828011 1.9013887 1.9013887 1.9197603 1.9197603 1.8482268 1.8879871 1.6800941 
Xestes_maker-XT_scaffold132587-snap-gene-0.33-mRNA-1 0.9014715 0.7056810 0.9276192 1.0238007 0.6973576 0.4334549 0.4847940 0.9633549 0.6271801 0.0000000 0.9256237 1.0929815 1.1566571 1.2620324 1.4699179 1.6094393 1.6732411 1.3900207 1.5994722 1.5302172 1.8240306 1.7740804 1.6763544 1.4418405 1.6204518 1.7067878 1.8838510 1.8506707 1.7061427 2.3029339 1.1797982 1.3829674 1.5313343 1.5777917 1.6876912 2.0932699 1.7698840 1.6774851 1.5770766 1.7155234 1.4435499 1.6788301 1.7485130 1.7357609 1.6876541 1.8340605 1.7919354 1.4325857 1.7044996 1.8272041 1.9084289 2.4110651 2.3964197 2.4594390 2.4601042 1.6135414 2.3821734 1.8496310 2.4950090 2.3650309 2.4895238 2.3292530 1.8151529 2.9817301 4.2430029 1.8249143 1.8687032 2.1754610 2.0399018 2.0111161 2.1562030 2.1113923 2.0231560 1.5043294 2.0601076 2.5070516 
Stycar_maker-SC_scaffold4717-snap-gene-0.203-mRNA-1  1.2567081 1.0786211 1.2884289 1.7447317 1.0427802 0.0000010 0.0000010 1.0121009 0.0338781 0.9256237 0.0000000 0.9197995 0.9793426 0.9793426 2.1260026 2.5872345 1.8657098 2.0239831 2.0453784 1.8564127 2.0537569 1.8951970 1.9578285 2.0710590 2.4548870 2.3602366 2.3678896 1.9076423 0.0000010 2.7061623 0.9419224 2.0502830 2.0998342 2.5956327 1.7631017 2.2806654 1.9381265 2.2045840 2.3843943 2.3843943 2.1498209 1.9744447 2.1048831 2.0107236 1.6940010 2.2439114 2.2428762 2.2138986 2.0507815 2.2013251 1.8463349 5.1953276 4.1872769 3.3948723 3.3948723 2.1234842 3.5246565 3.3159209 3.5681849 3.5711004 3.1285778 3.7222954 8.2492861 3.7222954 3.7222954 3.6157408 2.0266169 2.9397525 2.9213051 2.9181248 2.9181248 3.1051121 2.9572466 1.4382257 2.3488014 2.9641514 
Emue_Em0011g23a.t1                                   1.6122338 1.2950468 1.4696375 1.7037357 1.4516790 0.9046189 0.8819803 1.2236841 0.8944805 1.0929815 0.9197995 0.0000000 0.2355557 0.2466796 1.6181328 1.7701087 1.9318139 1.7531042 1.7850267 1.7179215 2.0184451 1.8119351 1.9045155 1.6348578 1.7791837 1.9632278 1.9659927 1.8702133 2.0053606 2.3622949 1.5203465 1.6737444 1.6255961 1.8312256 1.7660292 1.9045661 1.8554637 1.9051931 1.6825470 1.6725029 1.5086765 1.7483239 1.6497102 1.7989336 1.5680733 1.7749139 1.9387929 1.6118448 1.9810816 1.9156271 1.9169294 2.2817913 2.5354493 2.4666031 2.4503747 1.9820317 2.4030937 1.9612774 2.5374341 2.3669423 2.7428078 2.4136333 1.9013523 2.7800034 3.4926992 2.1559465 2.0258547 2.4074578 2.3316988 2.2907755 2.4566248 2.4652133 2.3506762 1.5151782 1.9277329 2.1519641 
Spolac_c102081_g2_i1_m.27868c102081-g2               1.6451632 1.3853895 1.4550871 1.8344169 1.3694932 0.6065056 9.0000000 1.3130252 0.9943230 1.1566571 0.9793426 0.2355557 0.0000000 0.0130702 1.7036082 1.7357112 1.9651071 1.8186246 2.0329979 1.8515615 2.1614226 1.8255812 1.8543769 1.7741416 2.1570946 2.0314012 1.9095275 1.7566104 8.9999990 2.2184381 1.0446676 1.8795462 1.7513224 1.9496519 1.9265596 2.0142079 2.0826452 2.0593674 1.9580667 1.9580667 1.8479378 1.7189247 1.8192598 1.8892489 1.6274377 1.8495232 1.8077673 1.7156936 1.9582396 1.8505770 2.2004310 3.2764179 3.1761895 2.6189513 2.6096725 1.8401977 2.5457250 2.1091719 2.7510270 2.6646850 2.8410840 2.7923852 4.4212345 2.7516849 2.7516849 2.9453538 2.1753819 3.2399871 2.8036175 2.5963542 2.7106018 2.7570970 2.5968497 1.3659563 2.1389416 2.1133236 
Spolac_c102081_g2_i2_m.27872c102081-g2               1.6451632 1.4712697 1.6160225 1.8641596 1.4161661 1.2476388 1.3211242 1.4090904 1.0009079 1.2620324 0.9793426 0.2466796 0.0130702 0.0000000 1.7492048 1.8146990 2.0299264 1.8657163 1.9430027 1.8143776 2.0012704 1.9861964 2.0023929 1.8243293 2.0247154 2.0110483 2.0070322 1.9620033 2.5652113 2.1835097 1.5104143 1.7712257 1.7740411 1.8628493 2.0131694 2.0164966 2.0745448 2.0408082 1.8403535 1.9042473 1.7871565 1.8400055 1.7712637 1.8431781 1.6012401 1.8526450 1.7573567 1.6658560 2.1097854 1.8659607 2.0711525 2.4935740 2.6647949 2.3712299 2.3649390 2.0107214 2.3217572 2.0715406 2.4827520 2.2500444 2.5478863 2.4055433 2.2371932 2.6458860 3.0621691 2.2593752 2.0882954 2.6699077 2.5187982 2.4486595 2.4493491 2.5333259 2.4306495 1.3926563 2.1134978 2.0784192 
Hsap_ENST00000238823                                 1.7380810 1.6493418 1.7983062 2.0727836 1.8373414 1.0485474 1.1758755 1.4874839 1.3385273 1.4699179 2.1260026 1.6181328 1.7036082 1.7492048 0.0000000 0.8425118 1.4614942 1.2602673 1.3787222 1.3269039 1.4807755 1.6875678 1.2958669 1.3216493 1.3491042 1.4468351 1.4729848 1.4041970 1.4693066 1.7485388 1.3059534 0.9693976 1.0402667 1.0948312 1.4399011 1.5419215 1.4783051 1.3488641 1.6349218 1.8343786 1.4981723 1.2288356 1.4374188 1.5877308 1.3150627 1.4833730 1.3939410 1.4971321 1.7554270 1.3978242 1.6239213 2.2046417 2.3733400 2.1999889 2.2074143 1.5608939 2.2113542 1.5846672 2.2966077 2.2516236 2.4504385 2.2109979 1.8385040 2.6636034 3.5119282 1.6375324 1.3663645 2.1194658 2.0175262 1.9476026 2.0706473 2.1588167 2.0289303 1.7723713 1.9238748 1.6338371 
Hsap_ENST00000397609                                 1.6926457 1.8862023 2.0576600 2.2663027 2.0579921 1.1393346 1.4687689 1.6126336 1.7241422 1.6094393 2.5872345 1.7701087 1.7357112 1.8146990 0.8425118 0.0000000 1.6111346 1.3315555 1.4218557 1.4015224 1.6048262 1.6625917 1.3937245 1.2746328 1.3340045 1.3463563 1.4779289 1.4366912 1.1278934 1.6638416 1.3145582 1.0985109 1.3015534 1.2824756 1.7212928 1.7132598 1.5114689 1.5370019 1.7427502 1.9573463 1.5018982 1.4404098 1.6970851 1.6483255 1.5205461 1.6974080 1.6789991 1.5874769 1.7338372 1.5642675 1.6948047 2.2509384 2.4357616 2.4411610 2.4552114 1.7294364 2.3541055 1.8760177 2.3904720 2.3911727 2.5216462 2.1473650 2.0396482 2.5578784 2.9243188 1.7556309 1.5960276 2.0553774 1.9985264 1.9053605 1.9773463 2.0258757 1.9261476 1.5893618 1.7764043 1.7640278 
Fspp_ffun1.m4.28559.m1                               1.7707865 2.0159978 2.3086170 2.9004777 2.0050391 1.3872636 1.3855312 1.5856945 2.3240259 1.6732411 1.8657098 1.9318139 1.9651071 2.0299264 1.4614942 1.6111346 0.0000000 0.2917223 0.4190603 0.3863159 0.6019384 0.4238122 0.5870380 0.7806474 0.7379155 1.1705507 1.3412355 1.3105611 1.6333277 1.3220341 1.6572121 1.5228349 1.4906717 1.5838012 2.2053309 1.6223701 1.2792036 1.2192275 1.7827014 1.9082715 1.4705801 1.4614529 1.7455719 1.9995381 1.8244748 1.7794811 1.6198924 1.9600722 1.7418364 2.0123019 1.7825373 2.6626073 2.5053597 2.4885235 2.5167569 2.4174787 2.6730403 2.8870999 2.7318595 2.5644284 2.6074864 2.5319978 2.9820706 3.1713762 2.6501165 2.5094937 1.7088747 2.6101630 2.3729879 2.0933650 2.2634320 2.3421127 2.2479228 1.9186609 1.6700539 2.4313736 
Gasp_gasp1.m3.10635.m1                               1.8842546 1.8057705 2.0811047 2.5034910 1.9314792 0.9071249 0.8391179 1.4007124 1.3956308 1.3900207 2.0239831 1.7531042 1.8186246 1.8657163 1.2602673 1.3315555 0.2917223 0.0000000 0.3510532 0.3233622 0.4749962 0.4048433 0.4754874 0.6534909 0.6197557 0.9947243 1.0846728 1.1051194 1.2436324 1.3470875 1.0385822 1.2510769 1.2003330 1.3421526 1.8307074 1.4949864 1.0082305 1.0455893 1.5295749 1.7979635 1.2866573 1.2412621 1.7103591 1.9237353 1.4919495 1.7024022 1.4045362 1.7621942 1.6419504 1.5150927 1.6627794 1.9311797 1.9779161 2.1295061 2.1447577 1.6520676 2.1608274 2.0211232 2.0627330 2.1220783 2.0914941 1.9487373 1.9032239 2.1596689 2.6731839 1.6515084 1.6588558 2.1606925 2.0075272 1.8632181 1.9525011 2.0591294 1.9633493 1.9003169 1.7322132 2.1362059 
Spis_XP_022787219_1                                  2.1632709 1.9327054 2.1463870 2.3780968 2.0180117 1.1224414 1.1136929 1.5624510 1.4893554 1.5994722 2.0453784 1.7850267 2.0329979 1.9430027 1.3787222 1.4218557 0.4190603 0.3510532 0.0000000 0.1562351 0.4602987 0.4624719 0.5738619 0.6615282 0.7274765 1.0580534 1.2024943 1.1799672 1.3600582 1.3096346 1.0573602 1.3995575 1.3983492 1.4272675 1.9425165 1.6501827 1.0832130 1.0162772 1.6188803 1.8010344 1.2942109 1.3508104 1.5496044 1.7360891 1.4738567 1.7341518 1.3342271 1.9363132 1.7438250 1.6084394 1.6593733 1.9442570 2.1407472 2.1685808 2.1828921 1.7969556 2.2690935 1.8734572 2.2751855 2.2095940 2.1541006 2.0980091 1.9227079 2.1991913 2.9399068 1.8248301 1.5427137 1.9232757 1.8539437 1.7274357 1.8375146 2.0408249 1.9520856 1.7015572 1.6438398 2.1649286 
Pocdam_XM_027183074.1                                1.9971202 1.7742728 1.9608549 2.1837772 1.9366137 1.0715631 1.0670513 1.4427451 1.3764483 1.5302172 1.8564127 1.7179215 1.8515615 1.8143776 1.3269039 1.4015224 0.3863159 0.3233622 0.1562351 0.0000000 0.4806216 0.4696407 0.5381370 0.6892809 0.6995740 1.0246442 1.1609126 1.1245877 1.2524379 1.2191076 1.1072519 1.3095451 1.3663703 1.4773246 1.8423017 1.5870385 1.0585455 1.0706083 1.6283142 1.8751296 1.2595345 1.2905009 1.6358202 1.8368946 1.5364579 1.7142708 1.3291910 1.8615991 1.6515933 1.5866481 1.6196720 1.9153049 2.0320819 2.0765441 2.0917445 1.6543052 2.1279877 1.8521081 2.1729266 2.1269210 2.1517841 1.9531871 1.8327507 2.0614464 2.7175087 1.7099504 1.5800452 1.9332880 1.8119590 1.7540169 1.8119984 1.9610951 1.8727381 1.6045859 1.6226066 1.9764376 
Adig_XM_015899707.1                                  2.7207920 1.9518220 2.0869851 2.2752445 2.1503468 1.2209904 1.1187054 1.6295423 1.7286713 1.8240306 2.0537569 2.0184451 2.1614226 2.0012704 1.4807755 1.6048262 0.6019384 0.4749962 0.4602987 0.4806216 0.0000000 0.3739650 0.1843967 0.7846014 0.8177033 1.1195120 1.2467126 1.2469264 1.1235996 1.3157508 1.1857279 1.4541381 1.6782803 1.5524010 1.8751108 1.7572739 1.1334322 1.1238675 1.9327977 1.9327977 1.7022737 1.5070563 1.6652655 1.7474895 1.5231599 1.8106596 1.4857126 2.0456889 1.8943914 1.8174535 1.8333163 1.8959843 2.2062866 2.3261649 2.3261649 1.6417729 2.1656513 1.6846625 2.3233195 2.3787719 2.1521093 2.0604057 2.1059568 2.0932850 2.7149798 1.6746288 1.5171492 2.1404033 2.0366354 1.8286653 1.8465279 2.1923716 2.0645004 1.9598560 1.7918178 2.0294538 
Gfas_gfas1.m1.4116.m1                                1.9168355 2.1112145 2.3453928 2.8280129 1.8025955 1.8328485 1.6048089 1.7074699 1.6289082 1.7740804 1.8951970 1.8119351 1.8255812 1.9861964 1.6875678 1.6625917 0.4238122 0.4048433 0.4624719 0.4696407 0.3739650 0.0000000 0.6048280 0.8602741 0.9056732 1.0427932 1.3077813 1.3526521 1.8880173 1.2834050 1.2847827 1.5216760 1.5845133 1.6926352 2.1808362 1.7383243 1.2861515 1.2089805 1.8602358 1.9410184 1.5482029 1.4433253 1.8411737 1.9565268 1.7936339 2.0002971 1.5180758 2.2435807 1.7824870 1.6944781 1.9810634 2.2843608 2.2923043 2.4424207 2.4735707 2.3157826 2.4672906 2.3917910 2.4985097 2.4221337 2.2756430 2.3154740 2.5997812 2.2308451 2.6517445 2.2076991 1.8448784 2.3297406 2.1651643 1.9369258 1.8274169 2.2091166 2.1265111 1.7039075 1.7077117 2.1079182 
Amil_Amillepora15370-RA                              1.9350264 2.1140517 2.2157546 2.4612261 1.9813289 1.3338304 1.1313374 1.6027381 1.7604239 1.6763544 1.9578285 1.9045155 1.8543769 2.0023929 1.2958669 1.3937245 0.5870380 0.4754874 0.5738619 0.5381370 0.1843967 0.6048280 0.0000000 0.8591487 0.8618613 1.1692448 1.2891628 1.3018439 1.3616826 1.3717863 1.1318868 1.4673114 1.4217915 1.4929291 1.9730891 1.5420335 1.1860056 1.1308414 1.8022701 2.0092951 1.5015122 1.4122764 1.6181709 1.9001411 1.5266562 1.7399215 1.3984262 1.9821040 1.7596740 1.6457375 1.6689520 2.0292098 2.2570018 2.2874118 2.3070305 1.5774531 2.2831647 1.8889658 2.3789902 2.3914004 2.1992278 2.1410613 1.9654882 2.4566882 2.9833965 1.7972660 1.7150150 2.1854361 2.0487777 1.8290378 1.9593497 2.0529257 1.9442740 1.7430688 1.9719852 2.0321261 
Nvec_v1g212843                                       1.7156860 1.8135616 1.9841253 2.3620256 1.9087887 1.1418563 1.1408139 1.3973502 1.5440447 1.4418405 2.0710590 1.6348578 1.7741416 1.8243293 1.3216493 1.2746328 0.7806474 0.6534909 0.6615282 0.6892809 0.7846014 0.8602741 0.8591487 0.0000000 0.5160606 0.9468511 1.0007241 0.9834945 1.0903605 1.2419726 1.3191455 1.3288345 1.3493852 1.5219203 1.8290014 1.6042261 1.0531846 0.9518800 1.5906715 1.8375830 1.3412398 1.3432710 1.5365242 1.5734183 1.3631845 1.6379433 1.3163340 1.9077695 1.7661938 1.7304643 1.6521365 1.8817597 2.0687866 2.1360587 2.1342786 1.5796235 2.1374428 1.8144476 2.2280343 2.1842115 2.3621113 2.1016557 2.0312579 2.4016385 3.0126604 1.8399842 1.6467853 1.9870389 1.8973728 1.7011973 1.7708499 1.9787016 1.8746285 1.7221906 1.6082665 2.2301451 
Exapal_XM_021053754.2                                1.7221129 1.8261446 2.0466222 2.4378529 2.1191856 1.0595804 1.0703093 1.5560791 1.4758377 1.6204518 2.4548870 1.7791837 2.1570946 2.0247154 1.3491042 1.3340045 0.7379155 0.6197557 0.7274765 0.6995740 0.8177033 0.9056732 0.8618613 0.5160606 0.0000000 1.0434086 1.0799228 1.0915160 1.1303992 1.3445333 1.2017091 1.3189893 1.3389244 1.3624059 1.8874034 1.5369974 1.0526686 1.0670061 1.6549910 1.9188993 1.4553549 1.4020927 1.5091962 1.7130453 1.4247392 1.5968359 1.3266922 1.7538425 1.7332942 1.6409808 1.5654426 1.9138266 1.9701067 2.0859960 2.1013033 1.3922945 2.0667523 1.6501865 2.1575918 2.1606832 2.1103763 1.9502323 1.7808368 2.2481665 2.8411931 1.7548420 1.6723074 2.0901551 1.9971887 1.8262674 1.9987315 1.9913238 1.8834334 1.8766841 1.6752482 2.2267627 
Sanmal_Sma_027309-T1                                 1.6999720 1.6266070 1.7319563 2.0866371 1.8250282 1.0365699 0.9918566 1.5958551 1.6284430 1.7067878 2.3602366 1.9632278 2.0314012 2.0110483 1.4468351 1.3463563 1.1705507 0.9947243 1.0580534 1.0246442 1.1195120 1.0427932 1.1692448 0.9468511 1.0434086 0.0000000 0.6770950 0.6890384 0.5396839 0.8523227 1.3419145 1.5501747 1.3059478 1.4975732 1.8754338 1.3737839 1.1188103 1.0452664 1.7830662 1.8758044 1.5668673 1.3845138 1.6474817 1.7621226 1.5439123 1.8352686 1.6379955 1.7897232 1.9474428 1.9306428 1.8556922 1.8085533 2.1910305 2.0217630 2.0387850 1.5651367 1.9233102 1.6115165 2.1129184 2.1864795 2.1366408 2.0468418 2.0076603 2.2718583 2.7256500 1.6326502 1.8073087 2.2130398 2.1260660 1.9213671 2.0145850 2.0695624 1.9185187 1.9781044 1.4152431 2.1028007 
Nemnom_g9007.t1                                      2.3500290 2.3086209 2.3780937 2.6299292 2.2204348 1.4593428 1.3853182 1.7753342 1.5425068 1.8838510 2.3678896 1.9659927 1.9095275 2.0070322 1.4729848 1.4779289 1.3412355 1.0846728 1.2024943 1.1609126 1.2467126 1.3077813 1.2891628 1.0007241 1.0799228 0.6770950 0.0000000 0.2121739 0.2661861 1.1653605 1.3931768 1.4593068 1.3644804 1.5961788 1.8310082 1.4530892 1.2742852 1.2562516 1.9703323 2.2591219 1.7107546 1.5184547 1.7790169 1.6903196 1.6896506 1.7851724 1.6593943 1.9231146 1.9959264 1.8817575 1.8664095 2.0217973 2.1841106 2.2042938 2.2118667 1.7317727 2.1316449 1.8212661 2.2629278 2.2558485 2.3709968 2.0342798 1.9063291 2.3228602 2.9193069 1.8315365 2.0396990 2.3414243 2.2302186 2.0250876 2.0900113 2.1200668 1.9925796 2.1276570 1.5566860 2.2523191 
Rhoesc_Res_002038-T1                                 2.1541884 2.2721515 2.2951387 2.6109670 2.0733765 1.4693915 1.5751739 1.7088418 1.5438948 1.8506707 1.9076423 1.8702133 1.7566104 1.9620033 1.4041970 1.4366912 1.3105611 1.1051194 1.1799672 1.1245877 1.2469264 1.3526521 1.3018439 0.9834945 1.0915160 0.6890384 0.2121739 0.0000000 0.0361689 1.1220423 1.4723175 1.3816085 1.3338727 1.5435768 1.7888649 1.3478711 1.3070660 1.2677528 1.8821134 2.1923657 1.5719592 1.5738129 1.6574486 1.6201802 1.5097921 1.6658264 1.5739560 1.8598118 1.9846561 1.8956404 1.8778382 2.0339281 2.1495994 2.2711453 2.2616308 1.7081675 2.1907682 1.8533186 2.2753948 2.2648309 2.3468191 2.0438490 1.9617199 2.3279792 2.7855917 1.8052753 1.7965690 2.2888138 2.1753387 2.0834755 2.1059879 2.0735794 1.9390445 2.1383445 1.5084353 2.2686656 
Rhoesc_Res_012164-T1                                 2.4565392 2.3390582 2.5984197 2.3540236 3.9902265 1.5515393 1.5751739 1.3884349 1.0179265 1.7061427 0.0000010 2.0053606 8.9999990 2.5652113 1.4693066 1.1278934 1.6333277 1.2436324 1.3600582 1.2524379 1.1235996 1.8880173 1.3616826 1.0903605 1.1303992 0.5396839 0.2661861 0.0361689 0.0000000 2.0099866 1.5724654 1.1751095 1.1115489 1.4037182 1.6145060 0.9933747 1.3715320 1.4522595 1.7175223 2.4824146 1.5758024 1.8545241 1.5459430 1.4671243 1.4323255 1.3666898 1.4935131 1.7120587 1.8671538 1.7912222 1.5728244 1.9338026 1.6343798 1.7995382 1.7995382 1.7445783 1.8770436 1.8770436 1.8597799 1.8557485 1.9909933 1.7545583 1.7531151 2.1689921 8.2972841 1.7850197 1.7277055 1.7214752 1.7366267 1.8392926 1.5240737 1.6497426 1.6497426 4.0766413 1.2536340 1.8961348 
Morvir_scaffold320.g19.t1                            2.3694532 2.1820462 2.0832457 2.3932932 2.4398689 1.3102645 1.3043972 2.1273297 3.1318728 2.3029339 2.7061623 2.3622949 2.2184381 2.1835097 1.7485388 1.6638416 1.3220341 1.3470875 1.3096346 1.2191076 1.3157508 1.2834050 1.3717863 1.2419726 1.3445333 0.8523227 1.1653605 1.1220423 2.0099866 0.0000000 1.6886129 1.7200774 1.6826092 1.9979275 2.1953495 1.7376951 1.4372876 1.3068168 1.9986770 2.0135334 1.9184596 1.7131776 2.0369143 2.1742194 1.8766025 2.1961279 1.9076699 2.4555003 2.0472792 1.8311843 2.2049246 2.4181035 2.8994458 2.5374482 2.5736502 1.9231681 2.7222349 2.4568567 2.9303329 2.8951277 2.9259507 2.5782271 3.6044590 2.6136174 3.0334771 2.1826059 2.0728549 2.6282219 2.4881013 2.1382056 2.3143737 2.3499670 2.1959620 2.0888219 1.6129487 2.7369479 
Lcom_lcpid219379                                     0.0000010 1.2466827 1.5624126 1.5532497 1.0105547 1.3030367 1.2599895 1.0161477 1.1982567 1.1797982 0.9419224 1.5203465 1.0446676 1.5104143 1.3059534 1.3145582 1.6572121 1.0385822 1.0573602 1.1072519 1.1857279 1.2847827 1.1318868 1.3191455 1.2017091 1.3419145 1.3931768 1.4723175 1.5724654 1.6886129 0.0000000 1.0384050 1.2224255 1.2092695 1.3091171 1.4082743 1.2147997 1.2881739 1.3882492 1.3882492 1.2664272 1.3899849 1.3725669 1.2865800 1.2896081 1.2949117 1.3978022 1.1915443 1.3956262 1.2258364 1.4172838 1.6234164 1.6163107 1.2522415 1.2522415 1.2708505 1.2282955 1.2200830 1.1730921 1.1443562 1.3923610 1.3473430 1.4372442 1.3972365 1.9508962 1.4469663 1.4110276 1.4375368 1.5083555 1.4513161 1.4513161 1.6466368 1.6466368 1.6793245 1.6737837 1.5144200 
Skow_XM_006812242.1                                  1.7984488 1.5471318 1.7082136 1.8820124 1.7229242 0.9967256 1.2841625 1.4940902 1.3157085 1.3829674 2.0502830 1.6737444 1.8795462 1.7712257 0.9693976 1.0985109 1.5228349 1.2510769 1.3995575 1.3095451 1.4541381 1.5216760 1.4673114 1.3288345 1.3189893 1.5501747 1.4593068 1.3816085 1.1751095 1.7200774 1.0384050 0.0000000 1.0267929 1.0926609 1.3373648 1.6188101 1.5708213 1.5244854 1.4725223 1.6114272 1.3866605 1.1180522 1.4864181 1.5292456 1.2689007 1.5465620 1.4436447 1.3845122 1.5788699 1.2345692 1.4477745 2.2874613 2.1880036 2.3208220 2.3173959 1.4729715 2.1651450 1.7515679 2.2850657 2.2839225 2.5353483 2.3548199 1.8348592 2.7732272 3.7577507 1.7520917 1.4127936 1.9864977 1.8709525 1.8326796 1.8740906 1.9454305 1.8394898 1.7638833 1.8056893 2.0340700 
Cgig_XM_011454805.3                                  1.9948082 1.7951480 1.9820709 2.1725950 1.8371205 1.2433458 1.3023802 1.5922717 1.4303103 1.5313343 2.0998342 1.6255961 1.7513224 1.7740411 1.0402667 1.3015534 1.4906717 1.2003330 1.3983492 1.3663703 1.6782803 1.5845133 1.4217915 1.3493852 1.3389244 1.3059478 1.3644804 1.3338727 1.1115489 1.6826092 1.2224255 1.0267929 0.0000000 0.9385022 1.3131095 1.5376722 1.4017971 1.2897515 1.6622477 1.8649478 1.5280476 0.8184816 1.5173043 1.6393358 1.4375941 1.4930258 1.4433167 1.3401192 1.4748362 1.6020862 1.4564645 2.3343047 2.3679875 2.1826010 2.2226395 1.5132620 2.2038355 1.6912242 2.2424358 2.2174175 2.4319850 2.1817229 1.9732702 2.6905618 3.0429446 1.7108568 1.5962964 2.0386115 1.9474828 1.8956832 2.0429146 1.9547696 1.8520749 1.8539668 1.6465031 1.9843348 
Ctel_gnl_WGS_AMQN_CAPTEDRAFT_mRNA135371              2.1906881 1.9612037 2.0747125 2.1443246 2.2164757 1.1479955 1.2443632 1.5792822 1.3704248 1.5777917 2.5956327 1.8312256 1.9496519 1.8628493 1.0948312 1.2824756 1.5838012 1.3421526 1.4272675 1.4773246 1.5524010 1.6926352 1.4929291 1.5219203 1.3624059 1.4975732 1.5961788 1.5435768 1.4037182 1.9979275 1.2092695 1.0926609 0.9385022 0.0000000 1.2448667 1.6724682 1.5703053 1.5828812 1.7053166 1.9083417 1.6179189 0.9004686 1.5805711 1.5285977 1.3151968 1.5795351 1.5339095 1.2474521 1.6972819 1.4605885 1.4139364 2.3705719 2.4463767 2.3493017 2.3833541 1.5150102 2.4226385 1.6904353 2.6002047 2.4547428 2.5071752 2.1825846 1.8797624 2.6504002 3.2660925 1.8887501 1.5006295 2.1436143 2.0832216 2.1184682 2.2155713 2.0994539 1.9627599 1.9878953 1.8630254 1.9992388 
Cscu_XM_023375409.1                                  2.4359292 2.1152952 2.3136026 2.4121734 2.3587308 1.3838916 1.2595330 1.8295024 1.3334393 1.6876912 1.7631017 1.7660292 1.9265596 2.0131694 1.4399011 1.7212928 2.2053309 1.8307074 1.9425165 1.8423017 1.8751108 2.1808362 1.9730891 1.8290014 1.8874034 1.8754338 1.8310082 1.7888649 1.6145060 2.1953495 1.3091171 1.3373648 1.3131095 1.2448667 0.0000000 1.8302087 1.9843456 1.9229162 1.8449495 2.0666479 1.8710328 1.2658013 1.6694084 1.6194845 1.4913896 1.7226269 1.5598478 1.2346383 1.3601513 1.6874510 1.6361239 2.5028470 2.6390512 2.2293274 2.2405931 1.6447011 2.2069043 1.6765756 2.4861423 2.3518879 2.5510945 2.0003941 1.7123507 2.4871809 3.1943923 1.7666461 1.7428727 2.0771514 1.9985848 1.9788434 1.8186164 2.1326063 2.0406294 2.2719961 2.1755855 2.2264781 
Chem_TCONS_00056304                                  2.6388212 2.3043289 2.4043199 2.6362153 2.2811079 1.3852455 1.7111861 1.9027584 1.6418695 2.0932699 2.2806654 1.9045661 2.0142079 2.0164966 1.5419215 1.7132598 1.6223701 1.4949864 1.6501827 1.5870385 1.7572739 1.7383243 1.5420335 1.6042261 1.5369974 1.3737839 1.4530892 1.3478711 0.9933747 1.7376951 1.4082743 1.6188101 1.5376722 1.6724682 1.8302087 0.0000000 1.8302137 1.6618467 2.1244096 2.4831115 1.9454888 1.8335911 1.6533649 1.7603398 1.7863421 1.8515479 1.8108983 1.9491593 2.0080953 2.2233804 1.7300565 2.1705644 2.2455092 2.1234307 2.1359455 1.7262192 2.2709056 1.9511282 2.3120989 2.1835175 2.4392749 2.1531258 2.0011083 2.4558997 2.7535108 1.8422105 1.9575229 2.1578106 2.1355786 1.9459772 2.0749224 2.1600658 2.0370866 2.1611151 1.4068829 2.5341059 
Dgig_XM_028553915.1                                  2.5983483 1.9239797 2.1094636 2.2138567 2.1424978 1.2270727 1.2248492 1.5280883 1.4276473 1.7698840 1.9381265 1.8554637 2.0826452 2.0745448 1.4783051 1.5114689 1.2792036 1.0082305 1.0832130 1.0585455 1.1334322 1.2861515 1.1860056 1.0531846 1.0526686 1.1188103 1.2742852 1.3070660 1.3715320 1.4372876 1.2147997 1.5708213 1.4017971 1.5703053 1.9843456 1.8302137 0.0000000 0.4128923 1.8900043 2.0747586 1.6354142 1.5172615 1.9529302 1.9922003 1.6950508 1.9701170 1.4816640 2.0288440 1.9719334 2.0660107 1.9110986 2.0596113 2.4717649 2.5303136 2.5307682 1.6802977 2.3056446 1.9044966 2.5554065 2.5635867 2.5333249 2.2304466 2.1298909 2.4109389 3.1081806 2.1219075 1.9749371 2.4272689 2.2103840 2.0801129 2.3150468 2.2076733 2.1018912 2.2643376 1.8096764 2.3013926 
Xesp_012312-T1                                       2.3684672 1.9873087 2.0778532 2.2392727 2.0627045 1.3410446 1.4135251 1.5582156 1.5173758 1.6774851 2.2045840 1.9051931 2.0593674 2.0408082 1.3488641 1.5370019 1.2192275 1.0455893 1.0162772 1.0706083 1.1238675 1.2089805 1.1308414 0.9518800 1.0670061 1.0452664 1.2562516 1.2677528 1.4522595 1.3068168 1.2881739 1.5244854 1.2897515 1.5828812 1.9229162 1.6618467 0.4128923 0.0000000 1.7650206 2.0632531 1.5536469 1.4947605 1.8125907 1.9339415 1.6412770 1.8448955 1.5904635 1.9376260 1.9222421 2.0636433 1.9087448 2.0463879 2.3348074 2.2482619 2.2536364 1.6487294 2.0986781 1.8755202 2.3414575 2.3504854 2.4675374 2.1329717 2.1544055 2.2559233 2.7333964 1.8841123 1.9312968 2.3919364 2.2169613 1.9206277 2.0478459 2.2134027 2.0837437 2.1796312 1.6146331 2.4017136 
Opea_EP00118_Oscarella_pearsei_P029080               2.0581436 1.6351141 1.8723567 2.0192704 2.0205965 0.7358986 0.8130522 1.5275314 1.3930803 1.5770766 2.3843943 1.6825470 1.9580667 1.8403535 1.6349218 1.7427502 1.7827014 1.5295749 1.6188803 1.6283142 1.9327977 1.8602358 1.8022701 1.5906715 1.6549910 1.7830662 1.9703323 1.8821134 1.7175223 1.9986770 1.3882492 1.4725223 1.6622477 1.7053166 1.8449495 2.1244096 1.8900043 1.7650206 0.0000000 0.0841094 0.9809267 1.5094095 1.7191356 1.7840660 1.5708114 1.7906512 1.8279297 1.8743498 1.8731425 1.8260806 2.0521024 2.4261080 2.5132662 2.2377672 2.2390519 1.5146391 2.2608488 1.6935201 2.3692600 2.3230680 2.3978196 2.3258399 1.9073784 2.8787585 3.7638530 1.7254282 2.0747770 1.9509293 1.9296596 1.9565573 2.0071081 2.0246193 1.9326968 1.8879594 2.0529653 2.2219291 
Ocar_g7355                                           2.0581436 1.7237621 2.0108182 2.2894380 2.0205965 0.9636345 1.0407157 1.6416715 1.3930803 1.7155234 2.3843943 1.6725029 1.9580667 1.9042473 1.8343786 1.9573463 1.9082715 1.7979635 1.8010344 1.8751296 1.9327977 1.9410184 2.0092951 1.8375830 1.9188993 1.8758044 2.2591219 2.1923657 2.4824146 2.0135334 1.3882492 1.6114272 1.8649478 1.9083417 2.0666479 2.4831115 2.0747586 2.0632531 0.0841094 0.0000000 1.1572687 1.5511956 1.8062868 1.8773008 1.7547626 1.9972282 1.8279297 2.0963421 2.0332314 1.9068766 2.1357916 2.6093080 2.7878674 2.5216384 2.5242879 1.9238180 2.5424586 2.0320241 2.6599971 2.5989149 2.7216510 2.7204421 2.5195533 2.8999489 3.7638530 2.0240894 2.2947967 2.1476087 2.1127417 2.1238131 2.0071081 2.3128460 2.2203007 1.8879594 2.1682402 2.3034244 
Plajan_Pjan_scaffold885_01                           2.1393619 1.6013945 1.8846680 1.9618080 1.8176546 0.8349113 1.0197902 1.4262130 1.5459941 1.4435499 2.1498209 1.5086765 1.8479378 1.7871565 1.4981723 1.5018982 1.4705801 1.2866573 1.2942109 1.2595345 1.7022737 1.5482029 1.5015122 1.3412398 1.4553549 1.5668673 1.7107546 1.5719592 1.5758024 1.9184596 1.2664272 1.3866605 1.5280476 1.6179189 1.8710328 1.9454888 1.6354142 1.5536469 0.9809267 1.1572687 0.0000000 1.5300111 1.4786383 1.6756660 1.4226644 1.6323445 1.4601108 1.8439585 1.8259812 1.6477664 1.8970499 2.1690231 2.2547292 2.1890573 2.2039826 1.4374245 2.1207127 1.5043301 2.2762853 2.1287286 2.4211943 2.1863014 1.8486291 2.6475133 3.3489852 1.6457845 1.8581208 2.1971131 2.0479360 1.9270395 2.0549478 1.9470082 1.8470920 1.8264559 1.9608391 2.3272154 
Acagra_model.g16590.t1                               1.7740599 1.7445887 1.7972927 1.9387533 1.9331091 1.4326365 1.5260219 1.6845606 1.4999257 1.6788301 1.9744447 1.7483239 1.7189247 1.8400055 1.2288356 1.4404098 1.4614529 1.2412621 1.3508104 1.2905009 1.5070563 1.4433253 1.4122764 1.3432710 1.4020927 1.3845138 1.5184547 1.5738129 1.8545241 1.7131776 1.3899849 1.1180522 0.8184816 0.9004686 1.2658013 1.8335911 1.5172615 1.4947605 1.5094095 1.5511956 1.5300111 0.0000000 1.7811903 1.8775772 1.7492229 1.7920521 1.3852139 1.4453376 1.3803424 1.3733581 1.4736470 2.3885356 2.5329979 2.4684711 2.4808825 1.9638991 2.6566150 2.1920366 2.7274099 2.5687427 2.8037794 2.5440419 2.3105659 2.6433971 3.3870961 1.9884538 1.3736525 2.1036426 2.1264408 2.0362782 1.9858585 2.2235447 2.1187648 1.8583365 1.6794996 1.9494554 
Lcom_lcpid100202                                     2.4143104 1.9013568 2.1238401 2.2065013 1.9483900 1.2931966 1.2466968 1.6834391 1.7517364 1.7485130 2.1048831 1.6497102 1.8192598 1.7712637 1.4374188 1.6970851 1.7455719 1.7103591 1.5496044 1.6358202 1.6652655 1.8411737 1.6181709 1.5365242 1.5091962 1.6474817 1.7790169 1.6574486 1.5459430 2.0369143 1.3725669 1.4864181 1.5173043 1.5805711 1.6694084 1.6533649 1.9529302 1.8125907 1.7191356 1.8062868 1.4786383 1.7811903 0.0000000 0.4681812 0.3292262 0.5108115 0.6204068 1.5815389 1.8135637 1.6846115 1.8980924 2.3203925 2.3933045 2.6259157 2.6472318 1.6202444 2.3676575 1.6909158 2.5959997 2.4083337 2.7038543 2.4944941 2.0296493 2.9875264 4.2790188 1.8084943 1.7632069 2.2197834 2.1146841 1.9707150 2.0497189 2.3754572 2.2526377 1.8013731 1.9888647 2.3518478 
Gracom_Gcom_C541206_01                               2.4461321 2.0675207 2.2044442 2.3983071 1.9848856 1.3326485 1.5645286 1.7733581 1.5834381 1.7357609 2.0107236 1.7989336 1.8892489 1.8431781 1.5877308 1.6483255 1.9995381 1.9237353 1.7360891 1.8368946 1.7474895 1.9565268 1.9001411 1.5734183 1.7130453 1.7621226 1.6903196 1.6201802 1.4671243 2.1742194 1.2865800 1.5292456 1.6393358 1.5285977 1.6194845 1.7603398 1.9922003 1.9339415 1.7840660 1.8773008 1.6756660 1.8775772 0.4681812 0.0000000 0.3487969 0.5270487 0.6928309 1.6855692 2.0038133 1.7799132 1.9360329 2.5347956 2.6072075 2.6578861 2.6599767 1.7225756 2.4633627 1.8396706 2.7257290 2.5756124 2.8170277 2.5133638 2.0163567 3.0921303 4.3324554 1.9195104 1.9641294 2.5164707 2.3772049 2.1926647 2.2093844 2.4866486 2.3779222 1.9307338 2.1102171 2.2738343 
Leuniv_Lniv_C799970_01                               0.0000010 1.6795869 1.8750478 1.9689552 1.6314471 1.3110959 1.4077322 1.3848350 1.5747009 1.6876541 1.6940010 1.5680733 1.6274377 1.6012401 1.3150627 1.5205461 1.8244748 1.4919495 1.4738567 1.5364579 1.5231599 1.7936339 1.5266562 1.3631845 1.4247392 1.5439123 1.6896506 1.5097921 1.4323255 1.8766025 1.2896081 1.2689007 1.4375941 1.3151968 1.4913896 1.7863421 1.6950508 1.6412770 1.5708114 1.7547626 1.4226644 1.7492229 0.3292262 0.3487969 0.0000000 0.3678514 0.5532625 1.5272689 1.9119909 1.6175636 1.6324400 2.1490585 2.0187025 2.3864121 2.3864121 1.4997940 2.2391105 1.6754890 2.3077160 2.0318473 2.2834188 2.3034732 1.9611279 2.9232600 3.9623156 1.6590912 1.3979549 1.9012443 1.7913409 1.6908904 1.6950579 1.9078659 1.9078659 1.8976614 2.0126285 2.0511145 
Scil_scict000115.1                                   2.3744697 1.9817948 2.1878296 2.3263905 2.0668576 1.3917805 1.4246769 1.8097792 1.7923635 1.8340605 2.2439114 1.7749139 1.8495232 1.8526450 1.4833730 1.6974080 1.7794811 1.7024022 1.7341518 1.7142708 1.8106596 2.0002971 1.7399215 1.6379433 1.5968359 1.8352686 1.7851724 1.6658264 1.3666898 2.1961279 1.2949117 1.5465620 1.4930258 1.5795351 1.7226269 1.8515479 1.9701170 1.8448955 1.7906512 1.9972282 1.6323445 1.7920521 0.5108115 0.5270487 0.3678514 0.0000000 0.6462322 1.7399608 1.9570849 1.7472142 1.9318382 2.2364070 2.4727973 2.5263047 2.5604533 1.6219469 2.2447810 1.6441217 2.4245909 2.4772859 2.6304626 2.5207590 2.0685733 3.2295152 4.2063335 1.8042602 1.8187302 2.3025248 2.1555164 2.0500261 2.1666953 2.2245646 2.1356062 1.9694185 2.0885601 2.3757450 
Clacor_Ccor_C523883_01                               2.4809568 1.7181317 1.9289612 1.8146669 2.0447058 1.2038584 1.2941504 1.5668398 1.7167941 1.7919354 2.2428762 1.9387929 1.8077673 1.7573567 1.3939410 1.6789991 1.6198924 1.4045362 1.3342271 1.3291910 1.4857126 1.5180758 1.3984262 1.3163340 1.3266922 1.6379955 1.6593943 1.5739560 1.4935131 1.9076699 1.3978022 1.4436447 1.4433167 1.5339095 1.5598478 1.8108983 1.4816640 1.5904635 1.8279297 1.8279297 1.4601108 1.3852139 0.6204068 0.6928309 0.5532625 0.6462322 0.0000000 1.6726360 1.7512127 1.7260291 1.7388823 2.1454144 2.2241008 2.3584194 2.3584194 1.4684005 1.9875621 1.3845659 2.0958074 2.1393775 2.3877274 2.2455436 1.7888616 2.7002301 3.4642711 1.7104325 1.4318650 2.3077594 2.1302704 2.2191840 2.2191840 2.4598258 2.3020712 1.7565930 1.9574622 2.4312342 
Tcas_TC011549_001                                    1.6670191 1.6752818 1.7217722 2.0015413 1.9044713 1.1374535 1.5129095 1.5949279 1.3771779 1.4325857 2.2138986 1.6118448 1.7156936 1.6658560 1.4971321 1.5874769 1.9600722 1.7621942 1.9363132 1.8615991 2.0456889 2.2435807 1.9821040 1.9077695 1.7538425 1.7897232 1.9231146 1.8598118 1.7120587 2.4555003 1.1915443 1.3845122 1.3401192 1.2474521 1.2346383 1.9491593 2.0288440 1.9376260 1.8743498 2.0963421 1.8439585 1.4453376 1.5815389 1.6855692 1.5272689 1.7399608 1.6726360 0.0000000 1.5218679 1.6071348 1.5301635 2.4623695 2.6996152 2.3128667 2.3427367 1.6638940 2.1357142 1.6470407 2.4108185 2.2335575 2.5318903 2.1982014 1.9134437 2.4320951 3.3526257 1.8795945 1.7257828 2.0528006 1.9210831 1.8499078 1.9458725 2.0718234 1.9853631 2.2613969 1.9310002 2.4787289 
Cscu_XM_023388358.1                                  1.9588911 1.9752541 2.0138669 2.4781503 2.1401729 1.5423888 1.6160883 1.8979984 1.7865080 1.7044996 2.0507815 1.9810816 1.9582396 2.1097854 1.7554270 1.7338372 1.7418364 1.6419504 1.7438250 1.6515933 1.8943914 1.7824870 1.7596740 1.7661938 1.7332942 1.9474428 1.9959264 1.9846561 1.8671538 2.0472792 1.3956262 1.5788699 1.4748362 1.6972819 1.3601513 2.0080953 1.9719334 1.9222421 1.8731425 2.0332314 1.8259812 1.3803424 1.8135637 2.0038133 1.9119909 1.9570849 1.7512127 1.5218679 0.0000000 1.7252275 1.6951277 2.5856692 2.8616256 2.4650862 2.4955110 1.8213277 2.4757013 1.8307461 2.7836392 2.7432760 2.5186743 2.4983929 2.0464966 2.6849712 3.7869844 2.0521272 2.0933311 2.1675708 2.0691452 2.0826742 2.2377614 2.2745693 2.1804548 2.0893203 2.0073136 2.6073200 
