55
Acagra_model.g6397.t1                   0.0000000 1.7111867 1.7598942 1.7716138 1.7727211 1.3672585 1.3181546 1.6775609 1.5967826 1.8772402 1.8476662 1.5440121 1.0902201 1.1632472 1.4884634 1.5317184 1.7246939 1.7498533 1.5823078 1.3460969 1.5833231 1.5905516 1.0850126 1.5668772 1.5427046 1.1079300 1.1952173 1.5152166 1.4731569 1.4253436 1.4383776 1.4889521 1.8592527 1.4837910 1.5160100 1.6431989 1.1699248 1.7947524 1.8124527 1.9813460 1.8993321 1.2122325 1.9619454 2.0639113 1.0883671 1.9062030 1.9459188 1.2962202 1.5788327 1.8321355 2.1524805 2.1128560 1.8907942 3.1587181 2.7351895 
Fspp_ffun1.m4.3758.m1                   1.7111867 0.0000000 0.2695749 0.2791034 0.3673741 0.2653049 0.3548624 0.2838442 0.6096548 0.3005343 0.8151215 1.3283462 1.1483226 1.0739595 1.2707651 1.3051098 1.5942316 1.6022290 1.6082548 1.4932960 1.6340796 1.6230662 1.2833084 1.5851271 1.5771909 0.9203228 1.3506074 1.3591837 1.3168449 1.4160353 1.3055661 1.4276807 1.6240279 1.4498578 1.4013562 1.2031076 1.3748436 1.1524656 1.1366279 1.1708424 1.6737449 1.4022873 1.9280268 1.8764433 1.8133600 2.1167871 2.0827276 1.8765949 1.9643034 1.1462905 1.9920635 1.7473027 1.4147015 2.2094511 1.6802064 
Spis_XP_022803351_1                     1.7598942 0.2695749 0.0000000 0.0661407 0.3918941 0.2542336 0.3103640 0.3459727 0.5555538 0.3503723 0.8363130 1.3779999 1.1992189 1.1925296 1.3805451 1.3875278 1.5904050 1.6030439 1.6050002 1.4234120 1.6202923 1.6113271 1.3304701 1.5746264 1.5638234 0.9469360 1.3161003 1.2812744 1.2806543 1.3194507 1.2485928 1.4077903 1.5236016 1.3874812 1.3562147 1.2675180 1.3519703 1.1624288 1.1501721 1.1283860 1.6292215 1.3204182 1.8994622 2.0437765 1.7182554 2.0478449 2.1831557 1.8600011 1.9006501 0.9916158 1.8849419 1.6797125 1.4969773 1.6168795 1.9323526 
Pocdam_XM_027187270.1                   1.7716138 0.2791034 0.0661407 0.0000000 0.3894617 0.2523106 0.3100394 0.3563595 0.5655936 0.3482605 0.8408314 1.3782133 1.2405686 1.2507829 1.4035724 1.4125649 1.5791259 1.5864947 1.6238007 1.4519810 1.6341583 1.6250971 1.3649011 1.5958837 1.5822407 0.9453032 1.3393236 1.2981553 1.3024413 1.3683235 1.2919460 1.3902535 1.5554538 1.4013108 1.3640780 1.2725823 1.3496773 1.1694350 1.1497557 1.1402730 1.6784929 1.3514254 1.9002170 2.0565255 1.7334931 2.0870578 2.2064836 1.8566366 1.9191833 1.0933812 1.9115015 1.7061609 1.5152165 1.5280909 1.9326396 
Amil_Amillepora29565-RA                 1.7727211 0.3673741 0.3918941 0.3894617 0.0000000 0.0328543 0.0421686 0.2669324 0.2442754 0.4481631 0.8243445 1.4351730 1.1847886 1.2555579 1.4360951 1.4333408 1.5654048 1.5659125 1.6173590 1.4344054 1.5920958 1.5826116 1.3392952 1.5280721 1.5168533 0.9372260 1.2992433 1.3837369 1.3133088 1.3565887 1.3537432 1.4497681 1.5993351 1.4681067 1.4493209 1.4084844 1.3612519 1.1969308 1.1710855 1.2150350 1.7407884 1.4422245 1.9584970 2.0317109 1.5880633 2.0968834 2.2550826 1.8125176 1.9603074 0.5029711 1.9996513 1.8231575 1.5931931 1.2385718 1.8837348 
Adig_XM_015917262.1                     1.3672585 0.2653049 0.2542336 0.2523106 0.0328543 0.0000000 0.0309370 0.1980777 0.2349756 0.3742625 0.5395589 1.0682854 1.1772236 1.2115326 1.0957813 1.0640280 1.2363682 1.2098269 1.2616102 1.2621346 1.2201628 1.2033333 1.2112150 1.2350213 1.2406348 0.9372260 1.0069895 1.0052898 0.9759996 1.0478647 1.0079843 1.0820622 1.3082693 1.0707146 1.0454153 0.9703947 1.0633592 0.7846020 0.7793673 0.9747984 1.3058179 1.0848843 1.6454378 1.7823024 1.6055617 1.8037796 1.9529208 1.3641920 1.6226839 0.5029711 1.7683089 1.4197431 1.0284067 1.2017762 2.5742644 
Amil_Amillepora11208-RA                 1.3181546 0.3548624 0.3103640 0.3100394 0.0421686 0.0309370 0.0000000 0.2573253 0.2236266 0.3323077 0.5685783 1.0500621 1.0601320 1.1203166 1.0199537 1.0079550 1.0947641 1.0947641 1.2281186 1.2586515 1.2304128 1.2097507 1.2325954 1.2207336 1.2348150 0.9002569 1.0319168 1.0455074 1.0017505 1.0185085 1.0076284 1.1400074 1.2214109 1.0554306 1.0491717 0.9548190 1.0565280 0.7953332 0.7890176 1.0608254 1.1540041 1.1154551 1.7513913 1.6743565 1.5128013 1.6496056 2.0531615 1.3305335 1.6402410 0.5029711 1.8377794 1.5577376 9.0000000 1.1769460 2.6606065 
Gfas_gfas1.m1.7907.m1                   1.6775609 0.2838442 0.3459727 0.3563595 0.2669324 0.1980777 0.2573253 0.0000000 0.5126006 0.3733043 0.8172020 1.3811424 1.0473954 1.0566620 1.3585216 1.3284505 1.6033298 1.6110602 1.6454378 1.4350812 1.6348250 1.6254276 1.2315909 1.6552869 1.6273575 0.8752457 1.3239778 1.3355060 1.3322163 1.2926219 1.2742980 1.4133142 1.5856575 1.4453329 1.3941872 1.2749066 1.3073964 1.1764692 1.1607962 1.1940665 1.6264099 1.3278381 1.9327539 1.8760329 1.4603611 1.9929109 2.0410480 1.8354643 1.9496734 0.9373522 1.9516425 1.6872347 1.5255865 2.8609556 1.9909540 
Amil_Amillepora11209-RA                 1.5967826 0.6096548 0.5555538 0.5655936 0.2442754 0.2349756 0.2236266 0.5126006 0.0000000 0.9160200 0.8693837 1.3389195 1.3096290 1.3502225 1.3519227 1.3234568 1.4276791 1.4481778 1.3393843 1.3453532 1.3406069 1.3323075 1.3503659 1.3547365 1.3570031 0.9366230 1.2691420 1.2258251 1.1434990 1.2886692 1.2559342 1.2760705 1.3862466 1.1777731 1.1613152 1.3929659 1.3281162 1.0525972 1.0534434 1.4943782 1.6649252 1.4894979 1.9294250 1.9020054 1.8540671 1.7812357 2.1495038 1.5137273 1.7441073 0.6004539 1.8997001 1.6687077 3.2164823 1.1860294 2.8245732 
Gasp_gasp1.m3.23849.m1                  1.8772402 0.3005343 0.3503723 0.3482605 0.4481631 0.3742625 0.3323077 0.3733043 0.9160200 0.0000000 0.9245144 1.4926994 1.2136718 1.2044537 1.4024541 1.4109749 1.7415701 1.7769831 1.7991294 1.6914296 1.7674740 1.7573347 1.6595714 1.7336697 1.7009120 1.5815715 1.5061391 1.4994150 1.4869943 1.5223072 1.4358707 1.5518214 1.7754994 1.5533677 1.5000250 1.2637429 1.5151494 1.2617912 1.2325688 1.2877848 1.8058057 1.5355890 2.0091301 2.0492035 1.6671123 2.2541936 2.3317947 2.0327672 2.2429529 0.9504494 2.0880316 1.8047274 1.5054932 1.8229952 1.8201058 
Exapal_XM_028659683.1                   1.8476662 0.8151215 0.8363130 0.8408314 0.8243445 0.5395589 0.5685783 0.8172020 0.8693837 0.9245144 0.0000000 1.3798252 1.0202475 0.9970450 1.4509610 1.3951410 1.7966083 1.8384146 1.6422752 1.4278206 1.6059777 1.5956559 1.3204512 1.5947794 1.5790951 0.8510015 1.3730690 1.5103907 1.4835995 1.5015829 1.4738654 1.5512122 1.7770783 1.5087139 1.4862463 1.4673897 1.4422376 1.2564843 1.2538209 1.3720237 1.7304760 1.5828627 2.0730777 2.1456653 1.6728594 2.2585571 2.0896301 1.9998321 1.9794700 1.8076113 1.7947742 1.7071448 1.5722433 2.3635156 2.1507243 
Sanmal_Sma_005410-T1                    1.5440121 1.3283462 1.3779999 1.3782133 1.4351730 1.0682854 1.0500621 1.3811424 1.3389195 1.4926994 1.3798252 0.0000000 0.5924793 0.6420421 0.5050195 0.4755342 1.4625244 1.4528233 1.5007023 1.2841071 1.4617982 1.4533635 1.0916138 1.3965397 1.3663718 0.9378070 1.1879265 1.2025670 1.2929587 1.2197130 1.2162737 1.2610024 1.5222206 1.3095877 1.2790531 0.8508376 1.2935834 1.5366152 1.5418554 1.6043619 1.1275918 1.2447974 1.9212186 1.9092227 1.2281697 1.8944795 1.8494538 1.7704458 1.7508920 1.8969595 1.9263754 1.6590795 0.8258212 3.2744680 1.6261283 
Morvir_scaffold26.g92.t1                1.0902201 1.1483226 1.1992189 1.2405686 1.1847886 1.1772236 1.0601320 1.0473954 1.3096290 1.2136718 1.0202475 0.5924793 0.0000000 0.0288441 0.6078129 0.5750243 1.0285460 1.0285460 0.9592933 0.9573217 0.9279705 0.9043312 0.9332953 0.8784825 0.9085373 0.8553523 0.8329473 0.8432366 0.8804812 0.9038936 0.9429859 0.8873377 1.0625013 0.9184869 0.9219617 0.7493521 1.0346673 0.9931818 0.9939554 1.5902243 1.0789109 0.7754222 1.4929233 1.5698670 1.1721520 1.2756398 1.6404550 0.9489670 1.2234097 2.0092281 1.6574166 1.4941974 9.0000000 3.3445458 2.1266353 
Morvir_scaffold26.g93.t1                1.1632472 1.0739595 1.1925296 1.2507829 1.2555579 1.2115326 1.1203166 1.0566620 1.3502225 1.2044537 0.9970450 0.6420421 0.0288441 0.0000000 0.6459213 0.5932369 1.0830078 1.0830078 0.9191956 0.9169392 0.9083223 0.8815537 0.9216989 0.8619781 0.8787415 0.8553523 0.8775294 0.9743216 0.8791291 0.9909504 1.0273065 0.9637579 1.1023961 0.9947109 0.9989315 0.8243711 1.0769546 1.0568911 1.0427723 1.8129132 1.2344161 0.9080769 1.5846061 1.6441201 1.2623894 1.4064209 1.6330236 0.9964782 1.1452663 2.0092281 1.4772264 1.4494343 9.0000000 3.6838050 2.1855566 
Nemnom_g15742.t1                        1.4884634 1.2707651 1.3805451 1.4035724 1.4360951 1.0957813 1.0199537 1.3585216 1.3519227 1.4024541 1.4509610 0.5050195 0.6078129 0.6459213 0.0000000 0.1482949 1.3633647 1.3557976 1.4721490 1.2500559 1.4717782 1.4553830 1.0809453 1.4469926 1.4090709 1.0215620 1.2037580 1.2870735 1.3379949 1.3575288 1.3615455 1.3348497 1.5870112 1.3731012 1.3343015 0.7920911 1.1898119 1.4132600 1.4311497 1.5499471 1.1337911 1.2437080 1.9327676 1.8766038 1.1925286 1.8790667 1.7711811 1.7836298 1.8137522 1.7039990 1.9116484 1.6694071 0.8702441 2.3668105 1.3681444 
Rhoesc_Res_005473-T1                    1.5317184 1.3051098 1.3875278 1.4125649 1.4333408 1.0640280 1.0079550 1.3284505 1.3234568 1.4109749 1.3951410 0.4755342 0.5750243 0.5932369 0.1482949 0.0000000 1.4091262 1.4057502 1.4952325 1.2944768 1.4804741 1.4718402 1.0794725 1.4575376 1.4293501 0.9235283 1.1836231 1.2904657 1.3087732 1.3065359 1.2987418 1.3388584 1.5456775 1.3339994 1.3079950 0.7748797 1.2091503 1.4450196 1.4613372 1.5803374 1.1214328 1.2439463 1.9772565 1.9318364 1.2320614 1.9090785 1.8398481 1.7795413 1.8148202 1.7803735 1.8595661 1.6795515 0.7997052 2.4645345 1.3743553 
Opea_EP00118_Oscarella_pearsei_P025576  1.7246939 1.5942316 1.5904050 1.5791259 1.5654048 1.2363682 1.0947641 1.6033298 1.4276791 1.7415701 1.7966083 1.4625244 1.0285460 1.0830078 1.3633647 1.4091262 0.0000000 0.0018291 1.1340231 1.0594407 1.1115463 1.1050426 1.0291921 1.1697668 1.1586659 0.8299093 1.2816154 1.5602507 1.5413758 1.4121567 1.4232069 1.5519292 1.7731464 1.4538680 1.4670766 1.3989816 1.2822440 1.7307912 1.7641227 1.9813823 1.7872150 1.3543274 1.8481473 1.8681763 1.3561528 1.8788390 1.8104155 1.8241648 1.8567153 1.3293015 2.2586171 2.1091657 1.7427352 3.7715098 2.7435753 
Ocar_g4603                              1.7498533 1.6022290 1.6030439 1.5864947 1.5659125 1.2098269 1.0947641 1.6110602 1.4481778 1.7769831 1.8384146 1.4528233 1.0285460 1.0830078 1.3557976 1.4057502 0.0018291 0.0000000 1.1808774 1.1156814 1.1584989 1.1514033 1.0291921 1.2075561 1.1900685 0.8299093 1.3110111 1.6183936 1.6028734 1.4632250 1.4728556 1.6129794 1.8041178 1.5003066 1.5219414 1.3998957 1.3160085 1.7567048 1.7921073 1.9872057 1.7839548 1.3854976 1.8520608 1.8394154 1.3561528 1.8699168 1.7838329 1.8483219 1.8885054 1.3293015 2.3834015 2.1634701 1.7462119 3.7715098 2.7299802 
HoiH23_PlH23_001800-RA                  1.5823078 1.6082548 1.6050002 1.6238007 1.6173590 1.2616102 1.2281186 1.6454378 1.3393843 1.7991294 1.6422752 1.5007023 0.9592933 0.9191956 1.4721490 1.4952325 1.1340231 1.1808774 0.0000000 0.0462545 0.1420890 0.1506838 0.1761715 0.2718934 0.2571293 0.4862775 1.3019827 1.4238463 1.4363164 1.3673670 1.3327732 1.4309183 1.6143281 1.4074997 1.4131284 1.5167956 1.2964701 1.6659287 1.6606164 1.7332096 1.8045512 1.3431519 1.8325146 1.8390564 1.3099462 1.9309153 1.7275125 1.7636370 1.7096300 1.9515985 2.0139912 1.9371629 1.8523131 3.2403011 2.3062719 
HoiH06_mRNA4465                         1.3460969 1.4932960 1.4234120 1.4519810 1.4344054 1.2621346 1.2586515 1.4350812 1.3453532 1.6914296 1.4278206 1.2841071 0.9573217 0.9169392 1.2500559 1.2944768 1.0594407 1.1156814 0.0462545 0.0000000 0.1034164 0.1118632 0.1481623 0.2261143 0.2191388 0.5034076 1.0986942 1.1045096 1.0917735 1.0515198 1.0232809 1.1172556 1.3328349 1.0715466 1.1124499 1.2950320 1.1764261 1.4762657 1.4872122 1.7747104 1.4630763 1.1521273 1.6641246 1.6742880 1.3048392 1.7062438 1.5372742 1.5645867 1.5911078 2.0890630 1.7515181 1.7242897 1.5751747 3.1711431 2.0576958 
Hhon_g00424.t1                          1.5833231 1.6340796 1.6202923 1.6341583 1.5920958 1.2201628 1.2304128 1.6348250 1.3406069 1.7674740 1.6059777 1.4617982 0.9279705 0.9083223 1.4717782 1.4804741 1.1115463 1.1584989 0.1420890 0.1034164 0.0000000 0.0083372 0.1597003 0.2050543 0.1941031 0.4377528 1.2380617 1.3689128 1.3796126 1.3176271 1.2944417 1.3670849 1.5561954 1.3430084 1.3335193 1.5099605 1.2714053 1.6198561 1.6115290 1.7041784 1.7342512 1.3137446 1.8041702 1.7981582 1.3172948 1.8912796 1.6896153 1.7653846 1.7016329 2.1592202 1.9934348 1.9004984 1.9005631 2.7777518 2.2193492 
HoiH04_mRNA13547                        1.5905516 1.6230662 1.6113271 1.6250971 1.5826116 1.2033333 1.2097507 1.6254276 1.3323075 1.7573347 1.5956559 1.4533635 0.9043312 0.8815537 1.4553830 1.4718402 1.1050426 1.1514033 0.1506838 0.1118632 0.0083372 0.0000000 0.1698648 0.2102251 0.1992947 0.4377528 1.2337971 1.3587100 1.3688816 1.3102779 1.2870840 1.3591491 1.5429036 1.3323359 1.3236303 1.4973101 1.2687930 1.6171845 1.6088535 1.6915594 1.7303229 1.3042920 1.8063314 1.8085434 1.2913923 1.8891965 1.7129876 1.7751933 1.7088589 2.1445829 2.0082048 1.9054213 1.9043086 2.7777518 2.2193492 
HoiH11_mRNA2311                         1.0850126 1.2833084 1.3304701 1.3649011 1.3392952 1.2112150 1.2325954 1.2315909 1.3503659 1.6595714 1.3204512 1.0916138 0.9332953 0.9216989 1.0809453 1.0794725 1.0291921 1.0291921 0.1761715 0.1481623 0.1597003 0.1698648 0.0000000 0.1917569 0.1780081 0.4328515 0.9497222 0.9118802 0.9003251 0.8925310 0.8871663 0.9544074 1.0939221 0.9877472 0.9867325 1.1660492 0.9857887 1.1857421 1.1873134 1.4662524 1.3413475 0.9755339 1.4521845 1.4847531 1.3148240 1.4031370 1.4939420 1.2826389 1.4984647 2.1082428 1.5862986 1.5314350 5.0859836 2.8573905 2.0743120 
TrH2_TrispH2_002762-RA                  1.5668772 1.5851271 1.5746264 1.5958837 1.5280721 1.2350213 1.2207336 1.6552869 1.3547365 1.7336697 1.5947794 1.3965397 0.8784825 0.8619781 1.4469926 1.4575376 1.1697668 1.2075561 0.2718934 0.2261143 0.2050543 0.2102251 0.1917569 0.0000000 0.0050911 0.4011087 1.2820122 1.4168607 1.4278138 1.3455998 1.3145187 1.4083215 1.5838480 1.3530221 1.3882144 1.5276060 1.2580074 1.6474384 1.6446729 1.7386749 1.6898076 1.2817270 1.8442995 1.8497151 1.3399703 1.9316548 1.8051728 1.7402237 1.6619275 1.9893885 1.9931154 1.9129448 1.9361378 2.9602330 2.3078976 
Tadh_TriadT37261                        1.5427046 1.5771909 1.5638234 1.5822407 1.5168533 1.2406348 1.2348150 1.6273575 1.3570031 1.7009120 1.5790951 1.3663718 0.9085373 0.8787415 1.4090709 1.4293501 1.1586659 1.1900685 0.2571293 0.2191388 0.1941031 0.1992947 0.1780081 0.0050911 0.0000000 0.3962075 1.2682759 1.3982225 1.3944631 1.3127765 1.2813900 1.3875283 1.5585440 1.3269071 1.3649951 1.4919531 1.2510710 1.6411918 1.6383885 1.7135042 1.6520691 1.2967302 1.8409214 1.8450417 1.3446940 1.9119113 1.7896041 1.7127469 1.6372008 1.9893885 1.9563108 1.8664039 1.8652391 2.9375795 2.2248466 
TrH2_TrispH2_004017-RA                  1.1079300 0.9203228 0.9469360 0.9453032 0.9372260 0.9372260 0.9002569 0.8752457 0.9366230 1.5815715 0.8510015 0.9378070 0.8553523 0.8553523 1.0215620 0.9235283 0.8299093 0.8299093 0.4862775 0.5034076 0.4377528 0.4377528 0.4328515 0.4011087 0.3962075 0.0000000 0.8714712 0.7905699 0.8444721 0.7602743 0.7513271 0.8239958 1.0350040 0.8832508 0.8604032 1.0099170 1.1065605 0.9058288 0.9058288 1.2502786 1.1663110 1.0430192 1.2730732 1.3965643 1.1530654 1.1951055 1.4349347 1.3129963 1.0815264 1.0061106 1.5034137 1.5884618 0.0000010 1.0687276 2.3319456 
Bralan_BLAG13000727_1                   1.1952173 1.3506074 1.3161003 1.3393236 1.2992433 1.0069895 1.0319168 1.3239778 1.2691420 1.5061391 1.3730690 1.1879265 0.8329473 0.8775294 1.2037580 1.1836231 1.2816154 1.3110111 1.3019827 1.0986942 1.2380617 1.2337971 0.9497222 1.2820122 1.2682759 0.8714712 0.0000000 1.2458065 1.3155777 1.2668265 1.2363180 1.2695861 1.6467877 1.2745778 1.3033164 1.2844573 0.9175215 1.3720818 1.3664479 1.4265898 1.4773451 0.9227452 1.8327577 2.0489484 1.2598551 1.8553858 1.8439972 1.4730107 1.5485584 1.6481626 2.0166126 1.7719671 1.3377433 2.7641695 2.2527129 
Fspp_ffun1.m4.3732.m1                   1.5152166 1.3591837 1.2812744 1.2981553 1.3837369 1.0052898 1.0455074 1.3355060 1.2258251 1.4994150 1.5103907 1.2025670 0.8432366 0.9743216 1.2870735 1.2904657 1.5602507 1.6183936 1.4238463 1.1045096 1.3689128 1.3587100 0.9118802 1.4168607 1.3982225 0.7905699 1.2458065 0.0000000 0.2741738 0.3721338 0.3503883 0.4465535 0.3500707 0.5351325 0.5425787 1.3035964 1.3011649 1.5649383 1.5507569 1.6035624 1.4558678 1.3492739 2.0593502 2.0529087 1.3932450 2.1285033 2.0741104 1.7165348 1.6364038 1.7291587 1.5199333 1.3895506 1.5686073 2.7375820 2.3144041 
Gasp_gasp1.m3.15981.m1                  1.4731569 1.3168449 1.2806543 1.3024413 1.3133088 0.9759996 1.0017505 1.3322163 1.1434990 1.4869943 1.4835995 1.2929587 0.8804812 0.8791291 1.3379949 1.3087732 1.5413758 1.6028734 1.4363164 1.0917735 1.3796126 1.3688816 0.9003251 1.4278138 1.3944631 0.8444721 1.3155777 0.2741738 0.0000000 0.3672607 0.3496435 0.4169708 0.4958374 0.4800126 0.4788762 1.3963749 1.3489229 1.5924128 1.5887657 1.6676295 1.5292003 1.3336245 2.0525802 2.0996968 1.3681481 2.1908147 2.1133319 1.8915347 1.5219904 1.6594714 1.4183529 1.3710537 1.5722466 2.2202602 2.2168256 
Spis_XP_022794509_1                     1.4253436 1.4160353 1.3194507 1.3683235 1.3565887 1.0478647 1.0185085 1.2926219 1.2886692 1.5223072 1.5015829 1.2197130 0.9038936 0.9909504 1.3575288 1.3065359 1.4121567 1.4632250 1.3673670 1.0515198 1.3176271 1.3102779 0.8925310 1.3455998 1.3127765 0.7602743 1.2668265 0.3721338 0.3672607 0.0000000 0.0994197 0.4711427 0.5465260 0.5076903 0.5028342 1.1921270 1.3149229 1.5598686 1.5512732 1.6420805 1.4388467 1.2633319 1.9817973 2.0723581 1.2945311 2.0996493 2.0717594 1.6734988 1.6591577 1.5446524 1.4415704 1.3464736 1.4402957 2.9379698 2.2592641 
Pocdam_XM_027197917.1                   1.4383776 1.3055661 1.2485928 1.2919460 1.3537432 1.0079843 1.0076284 1.2742980 1.2559342 1.4358707 1.4738654 1.2162737 0.9429859 1.0273065 1.3615455 1.2987418 1.4232069 1.4728556 1.3327732 1.0232809 1.2944417 1.2870840 0.8871663 1.3145187 1.2813900 0.7513271 1.2363180 0.3503883 0.3496435 0.0994197 0.0000000 0.4674199 0.5082829 0.5012152 0.4972062 1.1896214 1.2944057 1.5428688 1.5370058 1.6100866 1.4543066 1.2386146 1.9158273 2.0375281 1.2557171 2.1078751 2.0275058 1.7417060 1.6189057 1.4279529 1.4502087 1.3063727 1.3773686 3.2213532 2.3490822 
Gfas_gfas1.m1.17861.m1                  1.4889521 1.4276807 1.4077903 1.3902535 1.4497681 1.0820622 1.1400074 1.4133142 1.2760705 1.5518214 1.5512122 1.2610024 0.8873377 0.9637579 1.3348497 1.3388584 1.5519292 1.6129794 1.4309183 1.1172556 1.3670849 1.3591491 0.9544074 1.4083215 1.3875283 0.8239958 1.2695861 0.4465535 0.4169708 0.4711427 0.4674199 0.0000000 0.6376657 0.4203421 0.4217571 1.2626003 1.2881191 1.6453547 1.6501981 1.7335565 1.4680450 1.1999297 2.0201278 2.0209618 1.4373270 2.0865018 2.0148613 1.7206968 1.6762216 1.5537031 1.4653917 1.3496421 1.5641063 2.9894239 2.2087409 
Fspp_ffun1.m4.12492.m1                  1.8592527 1.6240279 1.5236016 1.5554538 1.5993351 1.3082693 1.2214109 1.5856575 1.3862466 1.7754994 1.7770783 1.5222206 1.0625013 1.1023961 1.5870112 1.5456775 1.7731464 1.8041178 1.6143281 1.3328349 1.5561954 1.5429036 1.0939221 1.5838480 1.5585440 1.0350040 1.6467877 0.3500707 0.4958374 0.5465260 0.5082829 0.6376657 0.0000000 0.7468199 0.7256774 1.4811167 1.5808713 1.8418321 1.8377880 1.9397667 1.7329128 1.6449016 2.4368444 2.3767604 1.6127331 2.4404287 2.4802109 2.1220563 1.7761343 1.5888034 1.6379903 1.4884594 1.9226996 2.6555708 2.4009898 
Amil_Amillepora11590-RA                 1.4837910 1.4498578 1.3874812 1.4013108 1.4681067 1.0707146 1.0554306 1.4453329 1.1777731 1.5533677 1.5087139 1.3095877 0.9184869 0.9947109 1.3731012 1.3339994 1.4538680 1.5003066 1.4074997 1.0715466 1.3430084 1.3323359 0.9877472 1.3530221 1.3269071 0.8832508 1.2745778 0.5351325 0.4800126 0.5076903 0.5012152 0.4203421 0.7468199 0.0000000 0.0246397 1.2841922 1.2857102 1.6212296 1.6164076 1.7007594 1.4851426 1.3202668 2.0849245 2.0015572 1.3367499 2.1243768 2.0849847 1.6597606 1.6480761 1.6062234 1.4926164 1.3974063 1.7292498 2.7960468 2.1950218 
Adig_XM_015901524.1                     1.5160100 1.4013562 1.3562147 1.3640780 1.4493209 1.0454153 1.0491717 1.3941872 1.1613152 1.5000250 1.4862463 1.2790531 0.9219617 0.9989315 1.3343015 1.3079950 1.4670766 1.5219414 1.4131284 1.1124499 1.3335193 1.3236303 0.9867325 1.3882144 1.3649951 0.8604032 1.3033164 0.5425787 0.4788762 0.5028342 0.4972062 0.4217571 0.7256774 0.0246397 0.0000000 1.2268724 1.3050167 1.5599077 1.5599169 1.6779347 1.4594578 1.3506917 2.0188675 1.9490966 1.3399264 2.1072379 2.0681441 1.6866260 1.5919479 1.5889378 1.4316288 1.3301809 1.5704336 2.7156799 2.1935212 
Hvul_g1679_1                            1.6431989 1.2031076 1.2675180 1.2725823 1.4084844 0.9703947 0.9548190 1.2749066 1.3929659 1.2637429 1.4673897 0.8508376 0.7493521 0.8243711 0.7920911 0.7748797 1.3989816 1.3998957 1.5167956 1.2950320 1.5099605 1.4973101 1.1660492 1.5276060 1.4919531 1.0099170 1.2844573 1.3035964 1.3963749 1.1921270 1.1896214 1.2626003 1.4811167 1.2841922 1.2268724 0.0000000 1.2915584 1.4370059 1.4698645 1.6256051 0.9845888 1.2027644 1.9507480 1.9514524 1.4357499 2.0172940 1.8189270 1.8527422 1.6716391 1.4946865 1.8335064 1.5588643 0.8010425 3.5540074 1.1105428 
Spur_XM_030971958.1                     1.1699248 1.3748436 1.3519703 1.3496773 1.3612519 1.0633592 1.0565280 1.3073964 1.3281162 1.5151494 1.4422376 1.2935834 1.0346673 1.0769546 1.1898119 1.2091503 1.2822440 1.3160085 1.2964701 1.1764261 1.2714053 1.2687930 0.9857887 1.2580074 1.2510710 1.1065605 0.9175215 1.3011649 1.3489229 1.3149229 1.2944057 1.2881191 1.5808713 1.2857102 1.3050167 1.2915584 0.0000000 1.4947869 1.4843867 1.6101130 1.6451547 0.8897854 1.8286281 1.9101988 1.2800395 1.9237601 1.8163757 1.4228647 1.4845047 1.7144549 2.0705757 1.8156583 1.5554016 3.3951443 2.2941188 
Dgig_XM_028537577.1                     1.7947524 1.1524656 1.1624288 1.1694350 1.1969308 0.7846020 0.7953332 1.1764692 1.0525972 1.2617912 1.2564843 1.5366152 0.9931818 1.0568911 1.4132600 1.4450196 1.7307912 1.7567048 1.6659287 1.4762657 1.6198561 1.6171845 1.1857421 1.6474384 1.6411918 0.9058288 1.3720818 1.5649383 1.5924128 1.5598686 1.5428688 1.6453547 1.8418321 1.6212296 1.5599077 1.4370059 1.4947869 0.0000000 0.0437150 0.5001471 1.7528450 1.5086226 2.1388620 2.1257179 1.5764126 2.1839036 2.1483047 1.9176620 1.9429734 1.5366946 2.0678124 1.8792284 1.8378956 2.0531938 2.3409513 
Dgig_XM_028536139.1                     1.8124527 1.1366279 1.1501721 1.1497557 1.1710855 0.7793673 0.7890176 1.1607962 1.0534434 1.2325688 1.2538209 1.5418554 0.9939554 1.0427723 1.4311497 1.4613372 1.7641227 1.7921073 1.6606164 1.4872122 1.6115290 1.6088535 1.1873134 1.6446729 1.6383885 0.9058288 1.3664479 1.5507569 1.5887657 1.5512732 1.5370058 1.6501981 1.8377880 1.6164076 1.5599169 1.4698645 1.4843867 0.0437150 0.0000000 0.4852653 1.7781491 1.5153658 2.1363928 2.1230853 1.5657686 2.1838387 2.1360060 1.9078565 1.9626099 1.5366946 2.0828305 1.8477243 1.8196516 1.9615861 2.3188721 
Xesp_009308-T1                          1.9813460 1.1708424 1.1283860 1.1402730 1.2150350 0.9747984 1.0608254 1.1940665 1.4943782 1.2877848 1.3720237 1.6043619 1.5902243 1.8129132 1.5499471 1.5803374 1.9813823 1.9872057 1.7332096 1.7747104 1.7041784 1.6915594 1.4662524 1.7386749 1.7135042 1.2502786 1.4265898 1.6035624 1.6676295 1.6420805 1.6100866 1.7335565 1.9397667 1.7007594 1.6779347 1.6256051 1.6101130 0.5001471 0.4852653 0.0000000 2.0560594 1.6928969 2.3137609 2.5308792 2.0735769 2.5647209 2.4493827 2.1092671 2.2715347 2.1980115 2.0877140 2.0907831 1.8057989 2.4353747 2.3548722 
Chem_TCONS_00071873                     1.8993321 1.6737449 1.6292215 1.6784929 1.7407884 1.3058179 1.1540041 1.6264099 1.6649252 1.8058057 1.7304760 1.1275918 1.0789109 1.2344161 1.1337911 1.1214328 1.7872150 1.7839548 1.8045512 1.4630763 1.7342512 1.7303229 1.3413475 1.6898076 1.6520691 1.1663110 1.4773451 1.4558678 1.5292003 1.4388467 1.4543066 1.4680450 1.7329128 1.4851426 1.4594578 0.9845888 1.6451547 1.7528450 1.7781491 2.0560594 0.0000000 1.5021343 2.2870210 2.1991725 1.5511235 2.4852388 2.2647153 2.0671295 2.0103786 1.6458055 2.1707488 1.8525775 1.3393621 4.7166313 3.5213413 
Skow_XM_006821098.1                     1.2122325 1.4022873 1.3204182 1.3514254 1.4422245 1.0848843 1.1154551 1.3278381 1.4894979 1.5355890 1.5828627 1.2447974 0.7754222 0.9080769 1.2437080 1.2439463 1.3543274 1.3854976 1.3431519 1.1521273 1.3137446 1.3042920 0.9755339 1.2817270 1.2967302 1.0430192 0.9227452 1.3492739 1.3336245 1.2633319 1.2386146 1.1999297 1.6449016 1.3202668 1.3506917 1.2027644 0.8897854 1.5086226 1.5153658 1.6928969 1.5021343 0.0000000 1.9936175 1.9420653 1.0739806 1.8136209 1.8315250 1.4544419 1.4744111 1.7309683 2.0636516 1.8013420 1.4408617 2.9232136 2.4284535 
Lcom_lcpid38262                         1.9619454 1.9280268 1.8994622 1.9002170 1.9584970 1.6454378 1.7513913 1.9327539 1.9294250 2.0091301 2.0730777 1.9212186 1.4929233 1.5846061 1.9327676 1.9772565 1.8481473 1.8520608 1.8325146 1.6641246 1.8041702 1.8063314 1.4521845 1.8442995 1.8409214 1.2730732 1.8327577 2.0593502 2.0525802 1.9817973 1.9158273 2.0201278 2.4368444 2.0849245 2.0188675 1.9507480 1.8286281 2.1388620 2.1363928 2.3137609 2.2870210 1.9936175 0.0000000 0.7905804 0.9427250 0.8618977 0.9181135 2.2772980 1.9379898 2.1138920 2.5127839 2.3545996 2.3429212 4.1970033 2.7985290 
Leuniv_Lniv_scaffold4837_01             2.0639113 1.8764433 2.0437765 2.0565255 2.0317109 1.7823024 1.6743565 1.8760329 1.9020054 2.0492035 2.1456653 1.9092227 1.5698670 1.6441201 1.8766038 1.9318364 1.8681763 1.8394154 1.8390564 1.6742880 1.7981582 1.8085434 1.4847531 1.8497151 1.8450417 1.3965643 2.0489484 2.0529087 2.0996968 2.0723581 2.0375281 2.0209618 2.3767604 2.0015572 1.9490966 1.9514524 1.9101988 2.1257179 2.1230853 2.5308792 2.1991725 1.9420653 0.7905804 0.0000000 1.2647212 0.8184788 0.7848128 2.1812996 1.9628505 2.2379199 2.5145580 2.5556331 2.3384589 4.2395811 2.3057197 
Clacor_Ccor_scaffold5099_01             1.0883671 1.8133600 1.7182554 1.7334931 1.5880633 1.6055617 1.5128013 1.4603611 1.8540671 1.6671123 1.6728594 1.2281697 1.1721520 1.2623894 1.1925286 1.2320614 1.3561528 1.3561528 1.3099462 1.3048392 1.3172948 1.2913923 1.3148240 1.3399703 1.3446940 1.1530654 1.2598551 1.3932450 1.3681481 1.2945311 1.2557171 1.4373270 1.6127331 1.3367499 1.3399264 1.4357499 1.2800395 1.5764126 1.5657686 2.0735769 1.5511235 1.0739806 0.9427250 1.2647212 0.0000000 1.1079675 1.0793764 1.2833843 1.3258859 2.8893954 2.0505366 1.9176294 9.0000000 3.5059717 3.0390368 
Scil_scict022064.1                      1.9062030 2.1167871 2.0478449 2.0870578 2.0968834 1.8037796 1.6496056 1.9929109 1.7812357 2.2541936 2.2585571 1.8944795 1.2756398 1.4064209 1.8790667 1.9090785 1.8788390 1.8699168 1.9309153 1.7062438 1.8912796 1.8891965 1.4031370 1.9316548 1.9119113 1.1951055 1.8553858 2.1285033 2.1908147 2.0996493 2.1078751 2.0865018 2.4404287 2.1243768 2.1072379 2.0172940 1.9237601 2.1839036 2.1838387 2.5647209 2.4852388 1.8136209 0.8618977 0.8184788 1.1079675 0.0000000 0.8342391 2.2366341 1.9781499 1.6451348 2.5889293 2.6013800 2.4262939 4.9140602 2.7191945 
Gracom_Gcom_scaffold17713_01            1.9459188 2.0827276 2.1831557 2.2064836 2.2550826 1.9529208 2.0531615 2.0410480 2.1495038 2.3317947 2.0896301 1.8494538 1.6404550 1.6330236 1.7711811 1.8398481 1.8104155 1.7838329 1.7275125 1.5372742 1.6896153 1.7129876 1.4939420 1.8051728 1.7896041 1.4349347 1.8439972 2.0741104 2.1133319 2.0717594 2.0275058 2.0148613 2.4802109 2.0849847 2.0681441 1.8189270 1.8163757 2.1483047 2.1360060 2.4493827 2.2647153 1.8315250 0.9181135 0.7848128 1.0793764 0.8342391 0.0000000 2.1393284 2.0353450 2.2367739 2.5067126 2.5057081 2.1997636 6.0029866 2.4364892 
Cgig_XM_034463717.1                     1.2962202 1.8765949 1.8600011 1.8566366 1.8125176 1.3641920 1.3305335 1.8354643 1.5137273 2.0327672 1.9998321 1.7704458 0.9489670 0.9964782 1.7836298 1.7795413 1.8241648 1.8483219 1.7636370 1.5645867 1.7653846 1.7751933 1.2826389 1.7402237 1.7127469 1.3129963 1.4730107 1.7165348 1.8915347 1.6734988 1.7417060 1.7206968 2.1220563 1.6597606 1.6866260 1.8527422 1.4228647 1.9176620 1.9078565 2.1092671 2.0671295 1.4544419 2.2772980 2.1812996 1.2833843 2.2366341 2.1393284 0.0000000 1.6019487 1.6701128 2.4382221 2.2825562 2.4751354 3.4447744 3.0266784 
Ctel_gnl_WGS_AMQN_CAPTEDRAFT_mRNA163986 1.5788327 1.9643034 1.9006501 1.9191833 1.9603074 1.6226839 1.6402410 1.9496734 1.7441073 2.2429529 1.9794700 1.7508920 1.2234097 1.1452663 1.8137522 1.8148202 1.8567153 1.8885054 1.7096300 1.5911078 1.7016329 1.7088589 1.4984647 1.6619275 1.6372008 1.0815264 1.5485584 1.6364038 1.5219904 1.6591577 1.6189057 1.6762216 1.7761343 1.6480761 1.5919479 1.6716391 1.4845047 1.9429734 1.9626099 2.2715347 2.0103786 1.4744111 1.9379898 1.9628505 1.3258859 1.9781499 2.0353450 1.6019487 0.0000000 2.2389432 2.4720159 2.2548940 2.2270576 2.9788922 3.0830338 
Amil_Amillepora29563-RA                 1.8321355 1.1462905 0.9916158 1.0933812 0.5029711 0.5029711 0.5029711 0.9373522 0.6004539 0.9504494 1.8076113 1.8969595 2.0092281 2.0092281 1.7039990 1.7803735 1.3293015 1.3293015 1.9515985 2.0890630 2.1592202 2.1445829 2.1082428 1.9893885 1.9893885 1.0061106 1.6481626 1.7291587 1.6594714 1.5446524 1.4279529 1.5537031 1.5888034 1.6062234 1.5889378 1.4946865 1.7144549 1.5366946 1.5366946 2.1980115 1.6458055 1.7309683 2.1138920 2.2379199 2.8893954 1.6451348 2.2367739 1.6701128 2.2389432 0.0000000 1.8943417 2.3512849 0.0000010 3.1747534 4.0194531 
Exapal_XM_021061584.2                   2.1524805 1.9920635 1.8849419 1.9115015 1.9996513 1.7683089 1.8377794 1.9516425 1.8997001 2.0880316 1.7947742 1.9263754 1.6574166 1.4772264 1.9116484 1.8595661 2.2586171 2.3834015 2.0139912 1.7515181 1.9934348 2.0082048 1.5862986 1.9931154 1.9563108 1.5034137 2.0166126 1.5199333 1.4183529 1.4415704 1.4502087 1.4653917 1.6379903 1.4926164 1.4316288 1.8335064 2.0705757 2.0678124 2.0828305 2.0877140 2.1707488 2.0636516 2.5127839 2.5145580 2.0505366 2.5889293 2.5067126 2.4382221 2.4720159 1.8943417 0.0000000 1.2531796 1.9546741 3.1808416 2.5672559 
Nvec_v1g197226                          2.1128560 1.7473027 1.6797125 1.7061609 1.8231575 1.4197431 1.5577376 1.6872347 1.6687077 1.8047274 1.7071448 1.6590795 1.4941974 1.4494343 1.6694071 1.6795515 2.1091657 2.1634701 1.9371629 1.7242897 1.9004984 1.9054213 1.5314350 1.9129448 1.8664039 1.5884618 1.7719671 1.3895506 1.3710537 1.3464736 1.3063727 1.3496421 1.4884594 1.3974063 1.3301809 1.5588643 1.8156583 1.8792284 1.8477243 2.0907831 1.8525775 1.8013420 2.3545996 2.5556331 1.9176294 2.6013800 2.5057081 2.2825562 2.2548940 2.3512849 1.2531796 0.0000000 1.7794021 3.4663494 3.2179531 
Morvir_scaffold26.g91.t1                1.8907942 1.4147015 1.4969773 1.5152165 1.5931931 1.0284067 9.0000000 1.5255865 3.2164823 1.5054932 1.5722433 0.8258212 9.0000000 9.0000000 0.8702441 0.7997052 1.7427352 1.7462119 1.8523131 1.5751747 1.9005631 1.9043086 5.0859836 1.9361378 1.8652391 0.0000010 1.3377433 1.5686073 1.5722466 1.4402957 1.3773686 1.5641063 1.9226996 1.7292498 1.5704336 0.8010425 1.5554016 1.8378956 1.8196516 1.8057989 1.3393621 1.4408617 2.3429212 2.3384589 9.0000000 2.4262939 2.1997636 2.4751354 2.2270576 0.0000010 1.9546741 1.7794021 0.0000000 2.5920912 1.3163399 
Amil_Amillepora29564-RA                 3.1587181 2.2094511 1.6168795 1.5280909 1.2385718 1.2017762 1.1769460 2.8609556 1.1860294 1.8229952 2.3635156 3.2744680 3.3445458 3.6838050 2.3668105 2.4645345 3.7715098 3.7715098 3.2403011 3.1711431 2.7777518 2.7777518 2.8573905 2.9602330 2.9375795 1.0687276 2.7641695 2.7375820 2.2202602 2.9379698 3.2213532 2.9894239 2.6555708 2.7960468 2.7156799 3.5540074 3.3951443 2.0531938 1.9615861 2.4353747 4.7166313 2.9232136 4.1970033 4.2395811 3.5059717 4.9140602 6.0029866 3.4447744 2.9788922 3.1747534 3.1808416 3.4663494 2.5920912 0.0000000 2.8007530 
Chem_TCONS_00071874                     2.7351895 1.6802064 1.9323526 1.9326396 1.8837348 2.5742644 2.6606065 1.9909540 2.8245732 1.8201058 2.1507243 1.6261283 2.1266353 2.1855566 1.3681444 1.3743553 2.7435753 2.7299802 2.3062719 2.0576958 2.2193492 2.2193492 2.0743120 2.3078976 2.2248466 2.3319456 2.2527129 2.3144041 2.2168256 2.2592641 2.3490822 2.2087409 2.4009898 2.1950218 2.1935212 1.1105428 2.2941188 2.3409513 2.3188721 2.3548722 3.5213413 2.4284535 2.7985290 2.3057197 3.0390368 2.7191945 2.4364892 3.0266784 3.0830338 4.0194531 2.5672559 3.2179531 1.3163399 2.8007530 0.0000000 
