56
Aque_Aqu2.1.33487_001                                    0.0000000 1.5855215 2.2521421 3.3084138 4.6429167 4.7004507 2.9272734 3.0479305 2.8795787 4.7673830 3.3319114 3.3164742 3.4689262 3.4696605 2.9924783 8.7047884 4.5171678 3.4150659 3.4150659 3.3462530 3.3657051 3.3265992 3.3279528 3.5898054 4.4054610 2.3114239 3.7189361 2.8057648 3.5697231 4.0793563 4.2333443 2.5213174 5.6833582 4.0681980 3.3666142 3.4046354 2.8230402 2.8453076 3.3099118 2.9256745 2.7057400 3.0725369 3.8030173 4.0716771 3.7424371 4.1236617 3.5529777 3.2314445 4.0009658 4.7970360 3.6771905 4.2986606 4.2827666 3.4306014 3.9380211 2.9811608 
Halamb_c39241_g1_i2mm.683                                1.5855215 0.0000000 2.4756731 3.1843510 6.4445098 6.7744640 2.6967891 2.6069966 2.9984463 4.3774123 4.5936296 4.4168648 4.4041323 4.3503651 3.7027427 5.7707709 4.1095870 4.9024746 4.9212383 4.7245987 4.9204964 4.3588237 4.2481650 3.8673109 4.2699049 3.3919487 3.9846297 3.3713646 3.6477595 3.8525793 4.5890434 3.4507471 4.7961712 3.9620519 2.8296958 2.9473584 2.2582581 2.3619501 2.4843497 3.9546286 2.7687022 2.8367914 3.6866111 4.7304523 3.6781469 4.4082992 2.8483625 2.8086555 3.4671087 3.9077883 4.0484223 3.5994784 3.7850056 3.5217783 3.5139162 2.8824893 
Tetwil_g2460.t1                                          2.2521421 2.4756731 0.0000000 0.1172130 1.1253230 1.1253230 1.1933671 1.1784365 3.1324209 7.2502434 3.5239581 3.6425971 3.0679380 3.5032756 3.4482426 4.3758214 5.6154334 3.7036108 3.6869184 3.9342973 4.4507384 4.5067941 4.5062311 4.3895223 5.9512808 3.4469229 3.0771877 3.3050935 2.7604386 3.5396368 3.1870817 6.0437613 4.2586086 3.0493152 2.0985310 1.7023031 2.3985835 2.5600269 2.8240170 4.0093128 3.1870031 3.4805484 3.9115568 3.9781442 3.8057584 4.9024790 2.9560647 3.4962926 4.5979692 4.8385072 4.3148487 4.8277815 3.7737974 2.7488916 3.5757278 9.0000000 
Tetwil_g2459.t1                                          3.3084138 3.1843510 0.1172130 0.0000000 0.8530269 0.6741095 1.2318908 1.2310484 3.3962989 2.2577475 3.6575828 2.7237175 2.7167199 2.7841628 3.1901287 2.3955785 1.7843065 3.0266875 3.0227003 3.2688874 3.3273017 3.0757141 3.0760019 2.7362071 2.2785840 2.0884874 2.3455428 2.5999296 2.7062243 3.2778985 2.7899573 1.6001957 1.8915227 2.2812340 1.9625257 2.0967860 2.4145664 3.1713545 3.1400310 3.7996260 3.2556874 3.3413796 4.2119219 4.2315315 3.8150922 3.9622863 2.9199327 4.1649651 4.3092991 4.1430399 4.4348181 4.4544317 3.8768644 3.3329573 3.7590435 2.2619303 
Tetwil_g2457.t1                                          4.6429167 6.4445098 1.1253230 0.8530269 0.0000000 0.2740255 4.4619128 4.4619128 8.9999984 2.1052138 5.3999028 2.2447883 2.3594207 2.1138158 8.9999981 2.4903305 2.5323240 2.6498453 2.6498453 2.8911155 2.8138833 2.8975356 2.8975356 2.2048872 2.2937133 2.4542481 2.0173313 2.8143742 3.1227413 2.7769329 2.6344288 1.9451732 2.0210063 1.6601977 2.8156672 9.0000000 6.2501136 6.2985602 6.3567433 8.9999983 9.0000000 8.9999981 5.9482154 4.0149491 4.5790114 8.9999985 4.6293489 4.6662417 8.9999988 9.0000000 8.9999986 8.9999988 5.4077251 8.9999981 8.9999983 2.3278446 
Tetwil_g2455.t1                                          4.7004507 6.7744640 1.1253230 0.6741095 0.2740255 0.0000000 4.7095966 4.7095966 8.9999984 1.8827040 5.3681088 2.1915185 2.1761426 2.1106541 8.9999981 2.0976222 2.1524995 2.2818133 2.2818133 2.3991004 2.4374054 2.5044943 2.5044943 1.8628346 2.2887055 2.1524967 2.1070166 2.8921724 2.7354757 2.5850039 2.4564034 1.8340867 2.0892606 1.6444441 2.7143247 9.0000000 6.5680884 6.6344495 6.6839270 8.9999987 9.0000000 8.9999981 6.6485840 4.5976455 5.0114555 8.9999985 4.9348514 5.4411087 8.9999988 6.1867955 6.9262021 6.0280105 4.2253269 8.9999981 8.9999983 2.3199800 
Tetwil_g2458.t1                                          2.9272734 2.6967891 1.1933671 1.2318908 4.4619128 4.7095966 0.0000000 0.2161034 2.7571648 5.4787161 3.2840286 3.4740676 2.9578469 3.4410707 3.1003542 4.6386517 5.4746956 3.1355342 3.1289378 2.7875513 3.0301624 2.5809718 2.5815413 3.8310882 5.4509208 4.2848978 2.6068100 3.2539089 3.4746024 4.0732955 3.4506533 3.9464228 6.5770738 2.9521710 2.1405031 1.8394665 1.8431926 2.6009186 2.3822395 3.4367917 2.7935586 2.8750064 3.2806206 2.7174631 2.6972019 3.5228737 2.5573316 2.6772952 3.1795111 3.9271775 2.9285944 3.4542623 3.4322947 3.2955912 2.8156007 4.5060972 
Tetwil_g2456.t1                                          3.0479305 2.6069966 1.1784365 1.2310484 4.4619128 4.7095966 0.2161034 0.0000000 2.5397257 5.4787161 3.1076432 3.1886559 2.6964716 3.3023507 2.7849657 4.4580135 5.4746956 2.5708636 2.5644837 2.5686844 2.7244776 2.4967112 2.4972915 3.4386105 5.4509208 4.2848978 2.4851536 3.0420958 3.2067275 3.3194203 3.2240259 3.9869262 6.5770738 2.6804162 2.1011576 1.7509546 1.8298804 2.2482999 2.0904816 3.3440529 2.5336852 2.6457472 2.9815540 2.6867843 2.4541102 3.3158931 2.3627981 2.6410877 2.8729809 3.7321119 3.0140828 3.2422915 3.1959963 2.7292991 2.8573979 4.5060972 
Spis_XP_022796497_1                                      2.8795787 2.9984463 3.1324209 3.3962989 8.9999984 8.9999984 2.7571648 2.5397257 0.0000000 3.7872693 1.0047378 1.1703401 0.6978640 0.6694185 0.7785447 4.0420614 8.2323114 2.1463213 2.1485626 2.6112680 2.6775123 2.5956837 2.6059327 3.4119476 5.2432281 4.1776496 2.2530360 3.2426245 2.9048332 2.6249020 3.2341761 5.3612216 7.4990757 3.8613022 3.5383898 2.8622292 2.6443096 2.8848840 2.8878507 1.6082718 1.5936399 2.2027929 2.7199058 2.0467390 2.0372591 2.2343046 2.5469601 2.6939455 2.4559848 3.2374976 2.5066986 2.5732257 2.7032018 2.3417120 2.5851426 4.4845679 
Exapal_XM_021059686.2                                    4.7673830 4.3774123 7.2502434 2.2577475 2.1052138 1.8827040 5.4787161 5.4787161 3.7872693 0.0000000 2.0438707 0.5645750 0.7458440 0.6888241 1.9179998 0.9946707 0.9406189 1.0398153 1.0398153 1.1863674 1.1873845 1.1771398 1.1771398 0.9722527 0.7983163 1.2414556 1.1676215 1.2458287 1.4090175 1.3538976 1.2334926 1.8936638 1.7674457 1.6513434 1.9647767 5.1247057 3.5984065 3.5639013 3.1156226 4.5927710 7.5970128 4.0830314 4.2929552 3.4833348 5.8822155 5.2838013 2.3998463 7.0022326 8.9999988 9.0000000 6.6172482 4.8303069 3.8634871 7.5344540 6.9167813 2.2825729 
Adig_XM_015915341.1                                      3.3319114 4.5936296 3.5239581 3.6575828 5.3999028 5.3681088 3.2840286 3.1076432 1.0047378 2.0438707 0.0000000 0.1168451 0.9161566 0.8600590 0.6975619 2.9148539 2.8978877 2.0022672 2.0118193 2.0354808 1.9857922 2.2578206 2.2308198 2.9931483 3.4014321 4.0423342 1.8188336 2.9097973 3.1354078 2.6966769 2.7428758 2.8170175 3.4606136 3.2870575 3.2010655 2.6248999 2.4759051 2.9327230 2.6360013 2.0021041 1.7249049 2.8855000 2.7320913 1.8360409 2.0615292 1.9063324 2.7571693 3.4863795 2.8239166 3.2516156 2.3147001 2.8923998 2.3920949 2.8784961 2.3487245 4.9450172 
Amil_Amillepora07492-RA                                  3.3164742 4.4168648 3.6425971 2.7237175 2.2447883 2.1915185 3.4740676 3.1886559 1.1703401 0.5645750 0.1168451 0.0000000 0.5033563 0.4864473 0.8337903 1.0148877 0.8424374 1.5190555 1.5232150 1.5122948 1.5088071 1.6673271 1.6567448 1.6554271 0.7420070 1.0072168 1.3228469 1.8746505 1.9448243 1.7841507 1.9029476 1.9754090 1.7440346 2.4170165 2.6942058 2.9195047 2.5723558 3.1591563 2.6880130 2.2831261 1.8329700 3.1073388 2.9715527 2.0414035 2.2539927 2.2454427 2.7089779 3.6403663 3.1410462 3.5706420 2.6534587 3.1509457 2.6062980 3.0470347 2.5217205 2.5765747 
Fspp_ffun1.m4.18416.m1                                   3.4689262 4.4041323 3.0679380 2.7167199 2.3594207 2.1761426 2.9578469 2.6964716 0.6978640 0.7458440 0.9161566 0.5033563 0.0000000 0.2928797 0.8455005 1.0397904 0.9560690 1.3780931 1.3786828 1.5074774 1.5415277 1.6688751 1.6733955 1.7851414 0.6894148 0.8256946 1.5458592 2.0495069 1.9624249 1.7379375 1.9375702 2.0767542 1.7820447 2.5776705 2.8255815 3.1847172 2.9982503 3.4446715 2.9268547 2.1474839 1.7972434 2.5114432 3.0648531 2.4150802 2.3237892 2.6096259 2.9197390 3.8999370 2.6616348 3.3559155 3.2144277 2.8885980 2.7928668 2.8098897 2.7971519 2.5383662 
Gasp_gasp1.m3.12902.m1                                   3.4696605 4.3503651 3.5032756 2.7841628 2.1138158 2.1106541 3.4410707 3.3023507 0.6694185 0.6888241 0.8600590 0.4864473 0.2928797 0.0000000 0.8286553 1.0810520 0.8904520 1.3926094 1.3932175 1.5718396 1.5678092 1.6356506 1.6401936 1.5438498 0.7206253 0.9881979 1.3973915 1.7959945 2.1591731 1.9658915 2.2354245 2.0240730 1.6538912 2.5143369 2.7081156 3.1987989 2.8710451 3.2356662 2.6934045 1.9706244 1.7275981 2.8546106 3.0301870 2.3384407 2.3780076 2.6638810 2.6155711 3.6167990 2.9001191 3.1986655 2.7934699 2.6756245 2.5928623 2.9330179 2.7452988 2.5862114 
Gfas_gfas1.m1.4252.m1                                    2.9924783 3.7027427 3.4482426 3.1901287 8.9999981 8.9999981 3.1003542 2.7849657 0.7785447 1.9179998 0.6975619 0.8337903 0.8455005 0.8286553 0.0000000 4.4709743 8.9999983 1.8578609 1.8658905 2.0890692 1.9951312 1.9927914 1.9698711 3.1101728 6.9487028 5.8106269 1.9965838 3.1860459 2.8318738 3.0660107 3.2113842 4.1159150 5.7374764 3.8255314 3.0975474 2.8989740 2.6843145 2.6604250 2.3436403 1.8991536 1.6187673 2.1119344 2.4422374 1.9781975 2.1297964 2.0499594 2.6677805 2.8376332 2.3232864 2.9336316 2.4402503 2.2549081 2.1281725 2.4529415 2.3709560 4.8917078 
Bralan_BLAG04000341_1                                    8.7047884 5.7707709 4.3758214 2.3955785 2.4903305 2.0976222 4.6386517 4.4580135 4.0420614 0.9946707 2.9148539 1.0148877 1.0397904 1.0810520 4.4709743 0.0000000 1.0399116 1.0700238 1.0700238 1.2510839 1.2939186 1.3065690 1.3065690 0.7960723 1.0299454 0.9554452 1.2698173 1.2165959 2.0224468 1.7905247 1.8537527 2.0466290 1.9119807 2.4510445 2.5471271 5.3695986 3.0655596 4.9736747 4.1880810 8.9999980 4.6239774 6.2567277 3.4053420 5.2362557 5.0924399 7.7591810 4.5748596 5.8675630 9.0000000 4.9539429 5.1748679 4.5082636 3.5293977 6.4508500 4.7266825 2.4738167 
Opea_EP00118_Oscarella_pearsei_P025769                   4.5171678 4.1095870 5.6154334 1.7843065 2.5323240 2.1524995 5.4746956 5.4746956 8.2323114 0.9406189 2.8978877 0.8424374 0.9560690 0.8904520 8.9999983 1.0399116 0.0000000 0.7607311 0.7607311 0.8166623 0.8414445 0.8225902 0.8225902 1.1888166 0.9514668 1.0865676 1.1436235 1.3546121 1.7548171 1.6371740 1.8669009 1.9121865 1.7146330 1.6610421 2.5677028 8.9999990 3.6430816 6.1288288 4.8409103 8.9999988 6.7671509 8.9999984 8.9999987 8.9999983 8.9999981 8.9999990 3.8109475 8.5029828 9.0000000 9.0000000 8.9999985 8.9999981 7.7646751 8.9999989 8.5659346 2.4241290 
TrH2_TrispH2_005592-RA                                   3.4150659 4.9024746 3.7036108 3.0266875 2.6498453 2.2818133 3.1355342 2.5708636 2.1463213 1.0398153 2.0022672 1.5190555 1.3780931 1.3926094 1.8578609 1.0700238 0.7607311 0.0000000 0.0043028 0.4310575 0.4181246 0.4337688 0.4347317 1.6898654 1.1938483 1.2200204 1.1672264 2.0575410 2.0582372 2.0665047 1.9686182 2.0040098 1.6339811 2.5125030 2.6713728 3.3203681 2.8770249 2.5873478 2.3990811 2.6895328 2.1278815 2.6869397 2.1854725 2.9282696 1.9692691 2.6539006 3.4225995 3.0156201 2.8869073 2.7209442 2.5738574 2.8087197 2.6655389 2.9000663 3.1075803 2.7458078 
Tadh_TriadT61255                                         3.4150659 4.9212383 3.6869184 3.0227003 2.6498453 2.2818133 3.1289378 2.5644837 2.1485626 1.0398153 2.0118193 1.5232150 1.3786828 1.3932175 1.8658905 1.0700238 0.7607311 0.0043028 0.0000000 0.4311164 0.4181768 0.4338288 0.4347923 1.6865547 1.1938483 1.2200204 1.1701752 2.0271988 2.0582372 2.0665047 1.9686182 2.0040098 1.6339811 2.5191426 2.6782715 3.3348471 2.8845132 2.5982490 2.4096403 2.7019549 2.0684320 2.6238850 2.1361927 2.9211707 1.9610730 2.6617429 3.4268446 3.0383713 2.8869073 2.7081832 2.5857836 2.8194304 2.6591502 2.8867873 3.1166808 2.7458078 
HoiH23_PlH23_004594-RA                                   3.3462530 4.7245987 3.9342973 3.2688874 2.8911155 2.3991004 2.7875513 2.5686844 2.6112680 1.1863674 2.0354808 1.5122948 1.5074774 1.5718396 2.0890692 1.2510839 0.8166623 0.4310575 0.4311164 0.0000000 0.0480011 0.2213433 0.2265774 1.7026745 1.2784188 1.0890547 1.3614504 2.2852908 2.3403213 2.2007270 2.1599299 2.0766855 1.7904994 2.5980155 2.8504625 3.1194223 2.8324687 3.0646108 3.1040157 3.2074083 2.5357854 3.1300532 2.2941140 2.5628404 2.4655381 3.0740942 3.6901624 2.9612376 2.4967636 3.4057064 3.2105942 3.5545140 2.9698869 2.4665816 3.7865043 2.7390200 
HoiH06_mRNA1109                                          3.3657051 4.9204964 4.4507384 3.3273017 2.8138833 2.4374054 3.0301624 2.7244776 2.6775123 1.1873845 1.9857922 1.5088071 1.5415277 1.5678092 1.9951312 1.2939186 0.8414445 0.4181246 0.4181768 0.0480011 0.0000000 0.2146271 0.2198898 1.7586111 1.3019396 1.1187377 1.3946616 2.3025241 2.3883444 2.2304971 2.1947287 2.0340177 1.7622070 2.6296313 2.9121464 3.4220165 3.0613431 3.0153044 3.1933514 3.1648673 2.5200118 3.1364965 2.4802301 2.6602993 2.4785423 2.9274074 3.7480194 3.2842433 2.5928248 3.6207429 3.3085814 3.6246176 3.0220833 2.3994555 3.9146739 2.6624069 
Hhon_g07280.t1                                           3.3265992 4.3588237 4.5067941 3.0757141 2.8975356 2.5044943 2.5809718 2.4967112 2.5956837 1.1771398 2.2578206 1.6673271 1.6688751 1.6356506 1.9927914 1.3065690 0.8225902 0.4337688 0.4338288 0.2213433 0.2146271 0.0000000 0.0038174 1.6501212 1.3760928 1.1126178 1.3579277 2.3714427 2.4282393 2.3440686 2.1618546 2.0516122 1.7717830 2.6683629 2.8543734 3.0029355 3.1272107 2.8527342 3.0062128 2.9656827 2.5806283 2.9469604 2.3469363 2.8496372 2.3039125 2.9566321 3.4380848 3.0639114 2.5432013 2.8583179 3.1214900 3.3542783 3.1827025 2.8496723 3.5880133 2.8535738 
HoiH04_mRNA123                                           3.3279528 4.2481650 4.5062311 3.0760019 2.8975356 2.5044943 2.5815413 2.4972915 2.6059327 1.1771398 2.2308198 1.6567448 1.6733955 1.6401936 1.9698711 1.3065690 0.8225902 0.4347317 0.4347923 0.2265774 0.2198898 0.0038174 0.0000000 1.6483912 1.3760928 1.1126178 1.3592414 2.3708825 2.4296719 2.3440686 2.1464793 2.0516122 1.7717830 2.6854615 2.8573923 2.9686222 3.0904294 2.8193770 2.9689974 2.9960086 2.5423292 2.9475220 2.3492832 2.9228988 2.2789422 2.9592521 3.4384286 3.0276000 2.5432013 2.8575071 3.1207507 3.3828608 3.1831277 2.8551343 3.5883014 2.8535738 
Acagra_model.g2299.t1                                    3.5898054 3.8673109 4.3895223 2.7362071 2.2048872 1.8628346 3.8310882 3.4386105 3.4119476 0.9722527 2.9931483 1.6554271 1.7851414 1.5438498 3.1101728 0.7960723 1.1888166 1.6898654 1.6865547 1.7026745 1.7586111 1.6501212 1.6483912 0.0000000 1.0784179 1.3090375 1.7085985 1.9679376 2.3637907 2.2012989 2.2172027 1.7594791 1.7863780 2.4341322 2.8104683 3.4946800 2.9541375 3.3422459 3.1573567 3.5446188 3.0069085 3.3512128 3.9559182 3.3572683 2.7236094 3.1369102 3.1972648 3.9333499 4.7946843 4.5719259 3.6765286 4.6051568 3.5894091 3.4513208 4.2193474 2.4627661 
Nvec_v1g114551                                           4.4054610 4.2699049 5.9512808 2.2785840 2.2937133 2.2887055 5.4509208 5.4509208 5.2432281 0.7983163 3.4014321 0.7420070 0.6894148 0.7206253 6.9487028 1.0299454 0.9514668 1.1938483 1.1938483 1.2784188 1.3019396 1.3760928 1.3760928 1.0784179 0.0000000 1.3868214 1.1883048 1.2989171 1.5276571 1.3650984 1.3868584 1.8308791 1.7280292 1.9317029 2.2220618 4.9047252 2.9988995 5.5007749 3.4576295 8.9999985 3.9693657 8.9999983 6.4864745 6.4825353 8.9999990 8.9999989 2.9411467 8.2069649 8.9999989 9.0000000 6.8894801 8.9999982 6.0106042 8.9999989 6.6135089 2.4140374 
Lcom_lcpid58439                                          2.3114239 3.3919487 3.4469229 2.0884874 2.4542481 2.1524967 4.2848978 4.2848978 4.1776496 1.2414556 4.0423342 1.0072168 0.8256946 0.9881979 5.8106269 0.9554452 1.0865676 1.2200204 1.2200204 1.0890547 1.1187377 1.1126178 1.1126178 1.3090375 1.3868214 0.0000000 1.2088793 1.4437313 1.9000661 1.5024563 1.5733276 1.7884673 1.8323864 1.6103778 2.1614736 6.7796714 3.0520243 4.1312614 3.7212344 8.9999982 7.0564893 8.9999986 6.2513768 8.9999981 5.7890232 8.9999982 2.6216917 8.0117732 8.9999986 9.0000000 5.7435688 8.6478471 4.5980139 4.7332175 3.7526939 2.1559304 
Xesp_012282-T1                                           3.7189361 3.9846297 3.0771877 2.3455428 2.0173313 2.1070166 2.6068100 2.4851536 2.2530360 1.1676215 1.8188336 1.3228469 1.5458592 1.3973915 1.9965838 1.2698173 1.1436235 1.1672264 1.1701752 1.3614504 1.3946616 1.3579277 1.3592414 1.7085985 1.1883048 1.2088793 0.0000000 2.1454484 2.3689114 1.9617625 2.0648037 2.0212645 1.5362261 2.2698461 2.3362143 2.7668486 2.1779857 2.8929438 2.7854458 2.5329222 2.1359304 2.9292024 2.8079592 2.3390138 1.9769427 2.2858251 2.7277244 2.9674603 2.3896496 2.6610173 2.6589956 2.8440090 2.5275261 2.9056052 3.0175070 2.3682938 
Ctel_gnl_WGS_AMQN_CAPTEDRAFT_mRNA186353                  2.8057648 3.3713646 3.3050935 2.5999296 2.8143742 2.8921724 3.2539089 3.0420958 3.2426245 1.2458287 2.9097973 1.8746505 2.0495069 1.7959945 3.1860459 1.2165959 1.3546121 2.0575410 2.0271988 2.2852908 2.3025241 2.3714427 2.3708825 1.9679376 1.2989171 1.4437313 2.1454484 0.0000000 2.0928893 2.0805323 1.9937335 2.2348432 2.1293625 2.6858393 2.9487977 3.6785329 3.3931116 3.6116869 3.3765446 3.2516466 3.0568938 2.5486159 2.8686280 2.9363294 2.9076806 4.2310368 4.2850355 2.4884167 6.0599044 3.6315040 3.1875932 3.8457008 3.6050769 2.9024225 3.7485024 2.2690588 
Sanmal_Sma_027107-T1                                     3.5697231 3.6477595 2.7604386 2.7062243 3.1227413 2.7354757 3.4746024 3.2067275 2.9048332 1.4090175 3.1354078 1.9448243 1.9624249 2.1591731 2.8318738 2.0224468 1.7548171 2.0582372 2.0582372 2.3403213 2.3883444 2.4282393 2.4296719 2.3637907 1.5276571 1.9000661 2.3689114 2.0928893 0.0000000 1.1950257 1.2636645 2.7285167 2.4230217 3.2768300 2.7188565 3.0911188 2.9470368 3.5003847 2.9670688 3.8529486 2.8363788 3.2387152 2.9867950 3.8976894 2.9211585 3.2751424 4.6317011 3.8700416 3.2011970 3.8734789 3.8235307 3.2640061 3.1437937 3.5405887 3.5365011 3.2765139 
Nemnom_g2349.t1                                          4.0793563 3.8525793 3.5396368 3.2778985 2.7769329 2.5850039 4.0732955 3.3194203 2.6249020 1.3538976 2.6966769 1.7841507 1.7379375 1.9658915 3.0660107 1.7905247 1.6371740 2.0665047 2.0665047 2.2007270 2.2304971 2.3440686 2.3440686 2.2012989 1.3650984 1.5024563 1.9617625 2.0805323 1.1950257 0.0000000 0.5223208 2.3645493 2.2963108 3.1380225 2.9689663 3.4369059 3.8521768 4.1146950 3.5274553 3.7324481 2.8815709 3.0046872 3.0774901 3.9338447 3.3977284 3.3846612 3.9958392 4.6258938 4.0253339 4.0951537 3.3999202 4.2735764 3.4887068 2.9830771 4.1883935 2.4942718 
Rhoesc_Res_001702-T1                                     4.2333443 4.5890434 3.1870817 2.7899573 2.6344288 2.4564034 3.4506533 3.2240259 3.2341761 1.2334926 2.7428758 1.9029476 1.9375702 2.2354245 3.2113842 1.8537527 1.8669009 1.9686182 1.9686182 2.1599299 2.1947287 2.1618546 2.1464793 2.2172027 1.3868584 1.5733276 2.0648037 1.9937335 1.2636645 0.5223208 0.0000000 2.3365550 2.2630252 3.2617811 3.0132780 3.4553787 3.4889129 3.9024465 3.5515963 3.9597948 2.9870092 3.5394770 3.4776906 3.8762338 3.1579035 4.2937628 5.0754777 3.7668614 4.0785108 4.1729180 3.2788663 3.6239356 3.0616701 3.6629899 3.5611562 2.5884702 
Tetwil_g19534.t1                                         2.5213174 3.4507471 6.0437613 1.6001957 1.9451732 1.8340867 3.9464228 3.9869262 5.3612216 1.8936638 2.8170175 1.9754090 2.0767542 2.0240730 4.1159150 2.0466290 1.9121865 2.0040098 2.0040098 2.0766855 2.0340177 2.0516122 2.0516122 1.7594791 1.8308791 1.7884673 2.0212645 2.2348432 2.7285167 2.3645493 2.3365550 0.0000000 1.1843763 1.4885528 1.7167070 8.1202393 3.7147849 5.0881610 5.2842083 6.3486129 2.9641305 6.2282056 6.6957069 6.9495589 8.7593163 7.3544479 4.1688795 4.8167733 7.1317851 5.7489947 7.3828114 8.4862931 5.4439022 5.5337022 4.6838128 1.8895929 
Spolac_c97838_g1_i1_m.15876c97838-g1NA                   5.6833582 4.7961712 4.2586086 1.8915227 2.0210063 2.0892606 6.5770738 6.5770738 7.4990757 1.7674457 3.4606136 1.7440346 1.7820447 1.6538912 5.7374764 1.9119807 1.7146330 1.6339811 1.6339811 1.7904994 1.7622070 1.7717830 1.7717830 1.7863780 1.7280292 1.8323864 1.5362261 2.1293625 2.4230217 2.2963108 2.2630252 1.1843763 0.0000000 1.4182665 1.7086237 8.9999985 3.6171315 4.4913921 3.7330613 8.9999988 9.0000000 8.9999983 5.8678765 4.3116004 8.9999985 8.9999981 3.4571353 7.3689988 8.9999985 9.0000000 8.9999989 5.6673556 4.7620287 8.9999986 8.4515545 2.0208894 
Tetwil_g19536.t1                                         4.0681980 3.9620519 3.0493152 2.2812340 1.6601977 1.6444441 2.9521710 2.6804162 3.8613022 1.6513434 3.2870575 2.4170165 2.5776705 2.5143369 3.8255314 2.4510445 1.6610421 2.5125030 2.5191426 2.5980155 2.6296313 2.6683629 2.6854615 2.4341322 1.9317029 1.6103778 2.2698461 2.6858393 3.2768300 3.1380225 3.2617811 1.4885528 1.4182665 0.0000000 2.2072083 3.4836158 2.2031839 3.0120861 2.9261230 3.7960741 3.0859513 3.8265388 4.3149010 4.5109356 3.7185432 3.1510882 3.3859591 3.9849454 4.4992085 3.6596258 4.3451558 4.6032402 4.1967565 4.0791093 4.2086279 2.2960244 
Tetwil_g6592.t1                                          3.3666142 2.8296958 2.0985310 1.9625257 2.8156672 2.7143247 2.1405031 2.1011576 3.5383898 1.9647767 3.2010655 2.6942058 2.8255815 2.7081156 3.0975474 2.5471271 2.5677028 2.6713728 2.6782715 2.8504625 2.9121464 2.8543734 2.8573923 2.8104683 2.2220618 2.1614736 2.3362143 2.9487977 2.7188565 2.9689663 3.0132780 1.7167070 1.7086237 2.2072083 0.0000000 2.0854340 1.6785918 2.1407135 2.2215212 3.3624504 3.2671334 2.8881871 3.7272638 3.6825957 3.2734707 3.8229370 2.6490617 3.1802844 3.0315510 3.7807484 3.8207370 3.8734223 3.1975834 2.8998711 3.1670143 2.0279012 
Stycar_maker-SC_scaffold136950-augustus-gene-0.17-mRNA-1 3.4046354 2.9473584 1.7023031 2.0967860 9.0000000 9.0000000 1.8394665 1.7509546 2.8622292 5.1247057 2.6248999 2.9195047 3.1847172 3.1987989 2.8989740 5.3695986 8.9999990 3.3203681 3.3348471 3.1194223 3.4220165 3.0029355 2.9686222 3.4946800 4.9047252 6.7796714 2.7668486 3.6785329 3.0911188 3.4369059 3.4553787 8.1202393 8.9999985 3.4836158 2.0854340 0.0000000 1.6152224 1.9556924 1.8053715 3.4942760 2.8631783 2.9940131 3.0906016 3.2576757 2.5544266 2.9189083 2.7300158 3.5077545 3.0516255 3.8235449 2.9266258 3.0278362 2.9000107 3.2895961 3.2803196 6.7878260 
Tetwil_g19535.t1                                         2.8230402 2.2582581 2.3985835 2.4145664 6.2501136 6.5680884 1.8431926 1.8298804 2.6443096 3.5984065 2.4759051 2.5723558 2.9982503 2.8710451 2.6843145 3.0655596 3.6430816 2.8770249 2.8845132 2.8324687 3.0613431 3.1272107 3.0904294 2.9541375 2.9988995 3.0520243 2.1779857 3.3931116 2.9470368 3.8521768 3.4889129 3.7147849 3.6171315 2.2031839 1.6785918 1.6152224 0.0000000 1.8738012 1.6966532 2.9208759 2.3869092 2.5372870 2.8368812 2.6429161 2.6586778 2.5407132 1.8940687 2.6476985 2.5662677 3.4402306 2.5910213 2.9076397 2.8035798 2.5650724 2.6049532 4.0803575 
Spolac_c97838_g1_i1_m.15875c97838-g1NA                   2.8453076 2.3619501 2.5600269 3.1713545 6.2985602 6.6344495 2.6009186 2.2482999 2.8848840 3.5639013 2.9327230 3.1591563 3.4446715 3.2356662 2.6604250 4.9736747 6.1288288 2.5873478 2.5982490 3.0646108 3.0153044 2.8527342 2.8193770 3.3422459 5.5007749 4.1312614 2.8929438 3.6116869 3.5003847 4.1146950 3.9024465 5.0881610 4.4913921 3.0120861 2.1407135 1.9556924 1.8738012 0.0000000 0.4805124 2.7377431 2.4272223 2.2698101 2.8800635 3.1157772 2.7341012 2.8116180 2.3031625 2.9066651 3.1358711 3.7626222 3.0548778 3.4478506 3.1720519 2.5661513 2.7588127 4.5430167 
Emue_Em0021g810a.t1                                      3.3099118 2.4843497 2.8240170 3.1400310 6.3567433 6.6839270 2.3822395 2.0904816 2.8878507 3.1156226 2.6360013 2.6880130 2.9268547 2.6934045 2.3436403 4.1880810 4.8409103 2.3990811 2.4096403 3.1040157 3.1933514 3.0062128 2.9689974 3.1573567 3.4576295 3.7212344 2.7854458 3.3765446 2.9670688 3.5274553 3.5515963 5.2842083 3.7330613 2.9261230 2.2215212 1.8053715 1.6966532 0.4805124 0.0000000 3.0539598 2.5728911 2.2633046 2.6202008 3.0881923 2.4166557 2.3333333 2.1049143 2.9647775 2.5194379 3.5165769 2.7924628 2.8995701 2.9276124 2.8329802 2.4951539 4.9848593 
Exapal_XM_021059680.2                                    2.9256745 3.9546286 4.0093128 3.7996260 8.9999983 8.9999987 3.4367917 3.3440529 1.6082718 4.5927710 2.0021041 2.2831261 2.1474839 1.9706244 1.8991536 8.9999980 8.9999988 2.6895328 2.7019549 3.2074083 3.1648673 2.9656827 2.9960086 3.5446188 8.9999985 8.9999982 2.5329222 3.2516466 3.8529486 3.7324481 3.9597948 6.3486129 8.9999988 3.7960741 3.3624504 3.4942760 2.9208759 2.7377431 3.0539598 0.0000000 1.5802855 1.9020416 2.7705538 2.5328109 2.1159857 2.7449897 2.9623178 2.5117263 2.8655941 3.1172772 3.3146871 3.2407574 3.0883284 2.5734928 3.0451692 8.9999987 
Nvec_NVE2606                                             2.7057400 2.7687022 3.1870031 3.2556874 9.0000000 9.0000000 2.7935586 2.5336852 1.5936399 7.5970128 1.7249049 1.8329700 1.7972434 1.7275981 1.6187673 4.6239774 6.7671509 2.1278815 2.0684320 2.5357854 2.5200118 2.5806283 2.5423292 3.0069085 3.9693657 7.0564893 2.1359304 3.0568938 2.8363788 2.8815709 2.9870092 2.9641305 9.0000000 3.0859513 3.2671334 2.8631783 2.3869092 2.4272223 2.5728911 1.5802855 0.0000000 2.3081631 3.0382528 2.4688439 1.9995009 2.3970138 3.3373599 2.2765295 2.4796919 2.5748855 2.6801995 2.6925705 2.5871433 2.6049654 2.8830549 7.4670606 
Opea_EP00118_Oscarella_pearsei_P025770                   3.0725369 2.8367914 3.4805484 3.3413796 8.9999981 8.9999981 2.8750064 2.6457472 2.2027929 4.0830314 2.8855000 3.1073388 2.5114432 2.8546106 2.1119344 6.2567277 8.9999984 2.6869397 2.6238850 3.1300532 3.1364965 2.9469604 2.9475220 3.3512128 8.9999983 8.9999986 2.9292024 2.5486159 3.2387152 3.0046872 3.5394770 6.2282056 8.9999983 3.8265388 2.8881871 2.9940131 2.5372870 2.2698101 2.2633046 1.9020416 2.3081631 0.0000000 1.8166782 2.8654752 2.2249115 3.2193404 3.1956320 2.5675763 2.5248943 2.9109798 3.1331847 3.3651280 2.4807497 2.3881799 2.3302199 6.8095492 
Plajan_Pjan_C552825_01                                   3.8030173 3.6866111 3.9115568 4.2119219 5.9482154 6.6485840 3.2806206 2.9815540 2.7199058 4.2929552 2.7320913 2.9715527 3.0648531 3.0301870 2.4422374 3.4053420 8.9999987 2.1854725 2.1361927 2.2941140 2.4802301 2.3469363 2.3492832 3.9559182 6.4864745 6.2513768 2.8079592 2.8686280 2.9867950 3.0774901 3.4776906 6.6957069 5.8678765 4.3149010 3.7272638 3.0906016 2.8368812 2.8800635 2.6202008 2.7705538 3.0382528 1.8166782 0.0000000 2.4777518 2.0450356 2.6745478 3.2485757 3.1924624 2.6898037 3.9807611 2.7633207 2.8141205 3.0565688 2.4278512 3.6495208 5.9241233 
Spur_XM_030999379.1                                      4.0716771 4.7304523 3.9781442 4.2315315 4.0149491 4.5976455 2.7174631 2.6867843 2.0467390 3.4833348 1.8360409 2.0414035 2.4150802 2.3384407 1.9781975 5.2362557 8.9999983 2.9282696 2.9211707 2.5628404 2.6602993 2.8496372 2.9228988 3.3572683 6.4825353 8.9999981 2.3390138 2.9363294 3.8976894 3.9338447 3.8762338 6.9495589 4.3116004 4.5109356 3.6825957 3.2576757 2.6429161 3.1157772 3.0881923 2.5328109 2.4688439 2.8654752 2.4777518 0.0000000 1.7788205 2.3477180 3.2427828 2.6582617 2.5857790 2.9180118 2.9417723 2.8531952 2.8285709 2.5665654 3.9638094 8.5633732 
Bralan_BLAG04000340_1                                    3.7424371 3.6781469 3.8057584 3.8150922 4.5790114 5.0114555 2.6972019 2.4541102 2.0372591 5.8822155 2.0615292 2.2539927 2.3237892 2.3780076 2.1297964 5.0924399 8.9999981 1.9692691 1.9610730 2.4655381 2.4785423 2.3039125 2.2789422 2.7236094 8.9999990 5.7890232 1.9769427 2.9076806 2.9211585 3.3977284 3.1579035 8.7593163 8.9999985 3.7185432 3.2734707 2.5544266 2.6586778 2.7341012 2.4166557 2.1159857 1.9995009 2.2249115 2.0450356 1.7788205 0.0000000 1.9993625 2.8765560 2.1108921 2.2123090 2.5122077 2.3427496 2.4305205 2.3184885 2.3146327 2.8020216 5.4199323 
Skow_XM_006824726.1                                      4.1236617 4.4082992 4.9024790 3.9622863 8.9999985 8.9999985 3.5228737 3.3158931 2.2343046 5.2838013 1.9063324 2.2454427 2.6096259 2.6638810 2.0499594 7.7591810 8.9999990 2.6539006 2.6617429 3.0740942 2.9274074 2.9566321 2.9592521 3.1369102 8.9999989 8.9999982 2.2858251 4.2310368 3.2751424 3.3846612 4.2937628 7.3544479 8.9999981 3.1510882 3.8229370 2.9189083 2.5407132 2.8116180 2.3333333 2.7449897 2.3970138 3.2193404 2.6745478 2.3477180 1.9993625 0.0000000 3.1446259 3.6541804 3.4533837 3.3620575 2.5784714 2.8329939 2.5574057 3.0790045 3.2580186 8.9999983 
Stycar_maker-SC_scaffold1696-snap-gene-0.15-mRNA-1       3.5529777 2.8483625 2.9560647 2.9199327 4.6293489 4.9348514 2.5573316 2.3627981 2.5469601 2.3998463 2.7571693 2.7089779 2.9197390 2.6155711 2.6677805 4.5748596 3.8109475 3.4225995 3.4268446 3.6901624 3.7480194 3.4380848 3.4384286 3.1972648 2.9411467 2.6216917 2.7277244 4.2850355 4.6317011 3.9958392 5.0754777 4.1688795 3.4571353 3.3859591 2.6490617 2.7300158 1.8940687 2.3031625 2.1049143 2.9623178 3.3373599 3.1956320 3.2485757 3.2427828 2.8765560 3.1446259 0.0000000 3.5508882 3.2658752 3.3482328 2.8947093 3.5597939 2.7236171 3.7648181 2.7389283 3.1704431 
Chem_TCONS_00054224                                      3.2314445 2.8086555 3.4962926 4.1649651 4.6662417 5.4411087 2.6772952 2.6410877 2.6939455 7.0022326 3.4863795 3.6403663 3.8999370 3.6167990 2.8376332 5.8675630 8.5029828 3.0156201 3.0383713 2.9612376 3.2842433 3.0639114 3.0276000 3.9333499 8.2069649 8.0117732 2.9674603 2.4884167 3.8700416 4.6258938 3.7668614 4.8167733 7.3689988 3.9849454 3.1802844 3.5077545 2.6476985 2.9066651 2.9647775 2.5117263 2.2765295 2.5675763 3.1924624 2.6582617 2.1108921 3.6541804 3.5508882 0.0000000 2.9423257 2.4948968 2.6152908 2.6581245 2.7909914 2.5987297 3.3745282 4.6579344 
Dpul_mRNA2165                                            4.0009658 3.4671087 4.5979692 4.3092991 8.9999988 8.9999988 3.1795111 2.8729809 2.4559848 8.9999988 2.8239166 3.1410462 2.6616348 2.9001191 2.3232864 9.0000000 9.0000000 2.8869073 2.8869073 2.4967636 2.5928248 2.5432013 2.5432013 4.7946843 8.9999989 8.9999986 2.3896496 6.0599044 3.2011970 4.0253339 4.0785108 7.1317851 8.9999985 4.4992085 3.0315510 3.0516255 2.5662677 3.1358711 2.5194379 2.8655941 2.4796919 2.5248943 2.6898037 2.5857790 2.2123090 3.4533837 3.2658752 2.9423257 0.0000000 3.0888675 3.0732136 2.9632598 2.9479485 2.5633019 2.8681341 7.8347823 
Gracom_Gcom_scaffold17859_01                             4.7970360 3.9077883 4.8385072 4.1430399 9.0000000 6.1867955 3.9271775 3.7321119 3.2374976 9.0000000 3.2516156 3.5706420 3.3559155 3.1986655 2.9336316 4.9539429 9.0000000 2.7209442 2.7081832 3.4057064 3.6207429 2.8583179 2.8575071 4.5719259 9.0000000 9.0000000 2.6610173 3.6315040 3.8734789 4.0951537 4.1729180 5.7489947 9.0000000 3.6596258 3.7807484 3.8235449 3.4402306 3.7626222 3.5165769 3.1172772 2.5748855 2.9109798 3.9807611 2.9180118 2.5122077 3.3620575 3.3482328 2.4948968 3.0888675 0.0000000 1.3940142 1.7792195 1.4475560 2.9620651 3.6993491 3.6125165 
Leuniv_Lniv_scaffold22333_01                             3.6771905 4.0484223 4.3148487 4.4348181 8.9999986 6.9262021 2.9285944 3.0140828 2.5066986 6.6172482 2.3147001 2.6534587 3.2144277 2.7934699 2.4402503 5.1748679 8.9999985 2.5738574 2.5857836 3.2105942 3.3085814 3.1214900 3.1207507 3.6765286 6.8894801 5.7435688 2.6589956 3.1875932 3.8235307 3.3999202 3.2788663 7.3828114 8.9999989 4.3451558 3.8207370 2.9266258 2.5910213 3.0548778 2.7924628 3.3146871 2.6801995 3.1331847 2.7633207 2.9417723 2.3427496 2.5784714 2.8947093 2.6152908 3.0732136 1.3940142 0.0000000 0.9062828 1.1437596 3.1463242 2.3444253 5.7127288 
Lcom_lcpid58437                                          4.2986606 3.5994784 4.8277815 4.4544317 8.9999988 6.0280105 3.4542623 3.2422915 2.5732257 4.8303069 2.8923998 3.1509457 2.8885980 2.6756245 2.2549081 4.5082636 8.9999981 2.8087197 2.8194304 3.5545140 3.6246176 3.3542783 3.3828608 4.6051568 8.9999982 8.6478471 2.8440090 3.8457008 3.2640061 4.2735764 3.6239356 8.4862931 5.6673556 4.6032402 3.8734223 3.0278362 2.9076397 3.4478506 2.8995701 3.2407574 2.6925705 3.3651280 2.8141205 2.8531952 2.4305205 2.8329939 3.5597939 2.6581245 2.9632598 1.7792195 0.9062828 0.0000000 1.1739272 3.2470127 2.8093392 5.0911873 
Scil_scict011483.1                                       4.2827666 3.7850056 3.7737974 3.8768644 5.4077251 4.2253269 3.4322947 3.1959963 2.7032018 3.8634871 2.3920949 2.6062980 2.7928668 2.5928623 2.1281725 3.5293977 7.7646751 2.6655389 2.6591502 2.9698869 3.0220833 3.1827025 3.1831277 3.5894091 6.0106042 4.5980139 2.5275261 3.6050769 3.1437937 3.4887068 3.0616701 5.4439022 4.7620287 4.1967565 3.1975834 2.9000107 2.8035798 3.1720519 2.9276124 3.0883284 2.5871433 2.4807497 3.0565688 2.8285709 2.3184885 2.5574057 2.7236171 2.7909914 2.9479485 1.4475560 1.1437596 1.1739272 0.0000000 3.0778506 2.5619451 3.5497512 
Morvir_scaffold2.g138.t1                                 3.4306014 3.5217783 2.7488916 3.3329573 8.9999981 8.9999981 3.2955912 2.7292991 2.3417120 7.5344540 2.8784961 3.0470347 2.8098897 2.9330179 2.4529415 6.4508500 8.9999989 2.9000663 2.8867873 2.4665816 2.3994555 2.8496723 2.8551343 3.4513208 8.9999989 4.7332175 2.9056052 2.9024225 3.5405887 2.9830771 3.6629899 5.5337022 8.9999986 4.0791093 2.8998711 3.2895961 2.5650724 2.5661513 2.8329802 2.5734928 2.6049654 2.3881799 2.4278512 2.5665654 2.3146327 3.0790045 3.7648181 2.5987297 2.5633019 2.9620651 3.1463242 3.2470127 3.0778506 0.0000000 3.8468259 4.8261063 
Clacor_Ccor_C536719_01                                   3.9380211 3.5139162 3.5757278 3.7590435 8.9999983 8.9999983 2.8156007 2.8573979 2.5851426 6.9167813 2.3487245 2.5217205 2.7971519 2.7452988 2.3709560 4.7266825 8.5659346 3.1075803 3.1166808 3.7865043 3.9146739 3.5880133 3.5883014 4.2193474 6.6135089 3.7526939 3.0175070 3.7485024 3.5365011 4.1883935 3.5611562 4.6838128 8.4515545 4.2086279 3.1670143 3.2803196 2.6049532 2.7588127 2.4951539 3.0451692 2.8830549 2.3302199 3.6495208 3.9638094 2.8020216 3.2580186 2.7389283 3.3745282 2.8681341 3.6993491 2.3444253 2.8093392 2.5619451 3.8468259 0.0000000 5.1242535 
Aque_Aqu2.1.33488_001                                    2.9811608 2.8824893 9.0000000 2.2619303 2.3278446 2.3199800 4.5060972 4.5060972 4.4845679 2.2825729 4.9450172 2.5765747 2.5383662 2.5862114 4.8917078 2.4738167 2.4241290 2.7458078 2.7458078 2.7390200 2.6624069 2.8535738 2.8535738 2.4627661 2.4140374 2.1559304 2.3682938 2.2690588 3.2765139 2.4942718 2.5884702 1.8895929 2.0208894 2.2960244 2.0279012 6.7878260 4.0803575 4.5430167 4.9848593 8.9999987 7.4670606 6.8095492 5.9241233 8.5633732 5.4199323 8.9999983 3.1704431 4.6579344 7.8347823 3.6125165 5.7127288 5.0911873 3.5497512 4.8261063 5.1242535 0.0000000 
