70
Tetwil_g27201.t1                                 0.0000000 0.0970144 0.9840580 1.5123489 2.1483990 5.6997729 5.6997729 6.6962520 2.4200138 0.0000010 8.1012175 5.9641564 8.9999980 5.4697858 6.1042598 6.3417733 6.3417733 4.7151539 3.9065065 4.2331252 5.1328300 4.9751948 5.6730917 8.9999988 5.4672072 8.3253233 4.8660074 8.3860218 5.5428033 0.0000010 0.0000010 4.9304137 4.2538870 5.4812985 5.3358579 0.0000010 4.5757891 4.5604148 4.0755241 4.8636598 4.6578066 5.0090379 4.8471965 4.5839803 6.2410329 5.0433292 4.2041256 5.1531572 4.1399111 3.7814419 4.9100641 5.2024285 5.1590672 4.5472356 4.5154358 6.8813625 3.5570991 4.2880451 3.9986242 5.1124798 3.8706682 0.0000010 3.6537616 4.4630704 5.7586106 5.1083422 5.3637751 6.8752461 6.4181726 4.8222331 
Tetwil_g27200.t2                                 0.0970144 0.0000000 0.5898181 1.0949512 1.1901683 3.0316229 3.0316229 4.0428902 1.4371596 0.0000010 3.9571042 3.7548250 0.0000010 0.0000010 5.6037112 3.8536232 5.9993879 3.4587172 3.1445922 3.0012107 3.1341006 4.0837257 3.1230987 0.0000010 3.3062403 0.0000010 3.2992514 0.0000010 4.0368316 0.0000010 0.0000010 3.6806459 3.5369962 3.9561896 4.0625362 0.0000010 2.9465479 2.9465479 3.1641470 3.1263972 3.1212559 3.1730409 3.1056195 3.2316661 6.2410329 3.1286850 2.9196995 3.3955361 2.5531201 2.6358044 3.1972497 3.1222015 3.1271232 3.1606515 3.1764956 6.2143567 2.6699584 2.4683531 2.6813616 0.0000010 2.9155154 2.6384267 3.2293170 3.4640789 3.1816841 3.3690803 3.4299382 3.4754067 3.7824620 3.0127930 
Stycar_maker-SC_scaffold149-snap-gene-0.8-mRNA-1 0.9840580 0.5898181 0.0000000 0.9594933 1.2663694 2.8715233 2.8715233 4.2586632 1.5583655 0.8683219 3.5005289 3.7282922 4.2300019 2.2638596 3.4936801 3.3128861 3.8875264 3.6208615 3.2147834 3.5628683 3.7699913 5.1211754 3.8829433 3.9389737 3.6024066 4.6661907 3.9001169 3.6453046 4.4063098 0.0000010 3.3435103 3.9395753 3.6647308 3.7803699 3.7849805 0.0000010 3.2201670 3.2657870 3.2119542 3.3086462 3.2678404 3.3220942 3.2486898 3.1256060 3.0253546 3.4490229 3.1498804 3.1825732 3.1307515 3.2467304 3.6826845 3.8681385 4.0352573 3.8425085 3.9260418 5.1050954 3.0687280 3.2306039 3.3754646 3.4595399 3.0689173 2.7220294 3.3984584 3.7007567 3.4782087 3.5035492 3.6239399 3.9548950 3.7960870 3.5454719 
Spolac_c98308_g3_i1_m.16916c98308-g2             1.5123489 1.0949512 0.9594933 0.0000000 0.2521039 3.8489705 3.8489705 4.8770927 1.4710065 3.2345863 3.6252642 3.6750705 3.8317609 7.6826638 5.5888617 3.6654008 5.3354813 3.8479873 3.6472752 2.8475845 2.5864434 5.7697796 3.1691429 2.5474009 3.2391445 1.9985715 3.5782861 1.9985715 3.9715691 0.0000010 1.9912286 3.7396844 3.6052910 3.4893313 3.3931481 0.0000010 2.8626876 2.8626876 2.7830087 2.7463692 2.8059102 2.7503056 2.7349461 2.8435030 3.4700657 2.8192903 3.1835302 3.0453955 2.9532695 2.7127734 3.1511901 3.1378726 3.2304514 3.0365992 3.0326916 4.8035855 2.8567326 3.0848269 3.0350481 4.2075399 2.6795673 3.6066820 3.0705944 2.8546632 3.0899558 3.2937069 3.3828404 3.1603602 3.5037870 3.0160002 
Emue_Em0019g240a.t1                              2.1483990 1.1901683 1.2663694 0.2521039 0.0000000 4.0334271 4.0334271 4.4937792 1.6225425 4.0715750 3.8646438 3.6838636 4.8676363 4.0092045 4.3376483 4.1463983 4.5188209 3.8478884 3.7433459 3.6455113 3.8546708 5.7083342 4.2141928 4.3024657 4.2068108 4.6305357 4.4229933 4.4580993 4.4071562 4.4638754 4.2480375 4.2804515 4.2356354 4.1236055 4.1062506 4.5076087 3.5742660 3.2717523 3.4390352 3.5563578 3.5573297 3.4780749 3.4781249 3.4552417 3.4315194 3.9427756 3.3875735 3.4274534 3.2597090 3.5511979 3.8186456 3.8612720 3.8138516 3.6689489 3.6849776 4.0567343 3.5291596 3.5935395 3.4923078 3.9651750 3.5172713 3.6102829 3.2369565 3.9583015 4.2149099 4.1759381 4.1094324 4.3374795 4.5997034 3.8238789 
Dpul_mRNA24291                                   5.6997729 3.0316229 2.8715233 3.8489705 4.0334271 0.0000000 0.0000010 0.0557868 2.5168375 0.0000010 4.0032243 3.4577527 0.0000010 0.0000010 9.0000000 4.5219031 5.3152840 1.5991301 1.5161458 2.5704453 2.4786204 3.5511340 2.7959765 0.0000010 3.0153219 0.0000010 2.8212838 0.0000010 2.7821816 0.0000010 0.0000010 3.1176692 2.7002692 3.5280281 3.4142442 0.0000010 2.5822746 2.5822746 2.8557055 2.4754432 2.4330930 2.4540488 2.3866536 2.5007170 0.0000010 2.4735487 2.2593732 2.5719687 2.3232852 2.0178185 2.6111875 2.4463785 2.7284229 2.8004656 2.8927172 0.0000010 1.8065630 1.8083684 2.0260037 0.0000010 3.2564463 0.0000010 3.0393927 3.2382349 3.1174705 2.9492682 3.0281903 3.1242517 3.0069627 2.2893061 
Dpul_mRNA24374                                   5.6997729 3.0316229 2.8715233 3.8489705 4.0334271 0.0000010 0.0000000 0.0557868 2.5168375 0.0000010 4.0032243 3.4577527 0.0000010 0.0000010 9.0000000 4.5219031 5.3152840 1.5991301 1.5161458 2.5704453 2.4786204 3.5511340 2.7959765 0.0000010 3.0153219 0.0000010 2.8212838 0.0000010 2.7821816 0.0000010 0.0000010 3.1176692 2.7002692 3.5280281 3.4142442 0.0000010 2.5822746 2.5822746 2.8557055 2.4754432 2.4330930 2.4540488 2.3866536 2.5007170 0.0000010 2.4735487 2.2593732 2.5719687 2.3232852 2.0178185 2.6111875 2.4463785 2.7284229 2.8004656 2.8927172 0.0000010 1.8065630 1.8083684 2.0260037 0.0000010 3.2564463 0.0000010 3.0393927 3.2382349 3.1174705 2.9492682 3.0281903 3.1242517 3.0069627 2.2893061 
Dpul_mRNA24372                                   6.6962520 4.0428902 4.2586632 4.8770927 4.4937792 0.0557868 0.0557868 0.0000000 4.0437776 3.8642390 4.1532088 3.6346813 5.1926483 4.3117447 4.7342948 4.4389716 4.7667071 1.6623819 1.5549846 3.2398893 3.6518289 5.3149698 3.4552790 2.9674285 3.4961079 3.1788229 3.5553390 2.8497352 3.4675009 3.6304733 2.9987695 3.5710460 3.4913190 3.7625842 3.6652094 2.7595646 2.8787943 3.1089570 3.0516996 2.7537416 2.7658609 2.7379864 2.6777998 2.5999681 2.4716981 3.4624073 2.2097388 2.1646913 2.1260117 2.1448371 3.1457640 3.0743568 2.9767659 2.9552813 2.9454392 2.9465846 2.3182574 2.2346479 2.3464924 2.9835974 3.2612651 2.7913811 3.5860830 3.7501016 3.4946177 3.6368627 3.6429386 3.8915295 4.1527877 3.6784971 
Halamb_c50237_g1_i9mm.3416                       2.4200138 1.4371596 1.5583655 1.4710065 1.6225425 2.5168375 2.5168375 4.0437776 0.0000000 3.6190362 4.2169778 3.9371209 3.9069556 3.7570630 3.9514880 3.8498106 4.1057674 3.8996166 3.6597524 3.4671968 3.8404703 4.6391155 4.2974806 4.3644800 4.2693949 4.6786073 4.4778615 4.2028132 4.3655930 5.5258872 4.5826504 4.4169571 4.3441960 4.5371934 4.5904767 4.6532182 3.9878552 3.6649654 3.6418537 3.8081538 3.8426854 3.6349412 3.6840143 3.8949490 3.9515919 4.1563278 3.6626555 3.6303311 3.6277914 3.8744037 3.8063244 3.8690341 4.0343992 3.9279638 3.9240481 4.3490095 3.6280742 3.5141991 3.7063989 3.5318482 3.3923149 3.8547566 3.6803776 3.7086398 3.9736661 4.0303927 3.9988970 4.4843344 4.5773633 4.2560839 
Leuniv_Lniv_scaffold18736_01                     0.0000010 0.0000010 0.8683219 3.2345863 4.0715750 0.0000010 0.0000010 3.8642390 3.6190362 0.0000000 1.0054182 3.9249341 1.3380340 1.4435934 1.4342162 1.4342162 1.4342162 3.7695470 3.6347639 3.2726654 3.5156452 0.0000010 3.5622114 3.5461897 3.9270859 3.8072690 3.8072690 3.8890327 3.5552372 4.2844620 3.9284626 3.8558974 3.6950248 4.2115995 4.1966061 3.6408687 3.0868006 2.8273283 3.2657635 3.0126225 3.0059573 3.0044375 2.9757751 3.0027600 2.9458577 8.9999988 3.1191892 3.1398981 3.2360770 3.3690766 3.8597000 3.8597000 3.8742339 3.7726916 3.8155101 3.9892989 3.4516351 3.2114868 4.5306534 3.4553063 3.2678763 2.8797893 9.0000000 4.2530063 4.4168032 4.3450726 4.3397084 5.2715207 4.5687481 4.2561716 
Gracom_Gcom_C559032_01                           8.1012175 3.9571042 3.5005289 3.6252642 3.8646438 4.0032243 4.0032243 4.1532088 4.2169778 1.0054182 0.0000000 1.1703917 1.9659649 1.5542205 1.4464352 1.3250646 1.4793017 3.7679193 3.8058345 3.7143871 4.1006897 5.0579798 3.9584877 3.8783809 3.9140527 4.0514677 4.0602649 3.8751744 4.0730599 4.1598273 4.2530080 4.1372056 4.1173496 4.1297577 4.1193027 3.0595125 3.3697609 3.2462232 3.3839861 3.3589741 3.3918499 3.2607487 3.3629210 3.3157235 3.3627809 3.9273022 3.3415608 3.7345700 3.4617042 3.3101164 3.8323275 4.0040650 3.8562049 3.8085214 3.8214601 3.9584699 3.5338276 3.5685575 3.7712611 3.6656962 3.6368143 3.0267955 3.8645930 4.2818969 3.9972424 3.9922072 3.9741371 3.9631108 4.3562311 4.0331054 
Scil_scict019866.1                               5.9641564 3.7548250 3.7282922 3.6750705 3.6838636 3.4577527 3.4577527 3.6346813 3.9371209 3.9249341 1.1703917 0.0000000 2.7788026 3.8796956 1.8645485 1.4635864 1.7842288 3.4720458 3.4123434 3.1241685 3.6098537 5.1354701 3.9546573 4.0855588 3.7424995 4.0689773 3.9047039 3.6990828 4.0198338 4.6828437 4.8129087 4.0972558 3.8116939 3.9538043 4.0273456 3.0105530 3.0451928 3.0042272 2.7956231 2.7590277 2.5738123 2.7041486 2.7131710 2.8812782 3.5515304 3.0387489 2.8357372 3.0596086 2.8274781 2.6705155 3.4765041 3.6791948 3.5346674 3.6411648 3.5878465 4.1859402 3.1015468 3.1239771 3.0057685 3.6167577 3.1976743 2.6909091 3.4409142 3.5738906 3.2468883 3.1484297 3.2897974 3.1092858 3.5424773 3.4077948 
Lcom_lcpid97916                                  8.9999980 0.0000010 4.2300019 3.8317609 4.8676363 0.0000010 0.0000010 5.1926483 3.9069556 1.3380340 1.9659649 2.7788026 0.0000000 0.1015204 0.2265165 0.2265165 0.2265165 4.8537526 3.9029328 4.4444802 4.6712242 8.9999982 4.5352857 4.3432134 4.4151148 4.3584970 4.4784905 4.1093083 3.9875426 4.3608609 4.7566958 4.7110639 4.2755826 4.9832135 5.6341422 4.0394676 4.0569571 6.3317132 4.2097970 3.6398168 3.8297313 3.7441335 3.5197619 3.6765688 3.7866479 7.1312845 4.0581078 3.8575768 3.9329215 5.1347735 5.5318287 5.2941040 4.9213372 5.3599274 5.4569392 4.9122106 4.1444346 4.2470477 5.2344177 4.5507074 4.0541168 3.2736971 5.8889558 5.0327716 4.9170904 4.7602682 4.8264193 4.8180768 5.5424011 4.1644552 
Lcom_lcpid67881                                  5.4697858 0.0000010 2.2638596 7.6826638 4.0092045 0.0000010 0.0000010 4.3117447 3.7570630 1.4435934 1.5542205 3.8796956 0.1015204 0.0000000 0.0517060 0.0517060 0.0517060 3.7802576 3.7120846 4.3362296 3.8970384 8.9999985 3.7792435 3.6467919 3.9380766 3.6332449 3.7456848 3.5735019 3.4155264 4.3608609 3.8467577 3.6682228 3.9285268 3.9898648 4.1016221 4.0394676 3.4012153 2.8290877 3.4989458 3.3705734 3.2625789 3.4126693 3.3931241 3.5318545 3.3643913 8.3309783 3.8124900 3.4910944 3.3608081 3.9386001 3.8658534 3.8966564 3.7749051 3.9118390 3.9153316 3.6514735 3.5478587 3.4123966 4.1939375 3.2176348 3.2314182 2.9880479 3.2342956 4.2786683 4.1009960 3.8061552 3.7939244 4.4457374 4.4237101 4.0468245 
Lcom_lcpid47074                                  6.1042598 5.6037112 3.4936801 5.5888617 4.3376483 9.0000000 9.0000000 4.7342948 3.9514880 1.4342162 1.4464352 1.8645485 0.2265165 0.0517060 0.0000000 0.0107639 0.0138999 4.1307720 4.0760866 4.2826468 4.3834794 4.9815195 4.1564998 3.7535070 4.0838983 3.8050457 4.0232287 3.5715499 3.7849822 4.3608609 3.8996682 4.2144770 3.8969352 4.1493117 4.1989345 4.0394676 3.7853866 3.5009569 3.7777177 3.7827598 3.7703034 3.7931381 3.8092976 3.8250090 3.8323205 5.4101920 3.7878760 4.0432381 3.6324388 4.2420212 4.0832596 4.1738017 4.1574568 4.1219057 4.1112397 3.9690209 4.0421492 3.8509320 4.0752044 3.6474406 3.8286672 2.9880479 4.1334950 4.3549266 4.3796527 4.1234292 4.2075613 4.4202088 4.9206661 4.2917700 
Lcom_lcpid33943                                  6.3417733 3.8536232 3.3128861 3.6654008 4.1463983 4.5219031 4.5219031 4.4389716 3.8498106 1.4342162 1.3250646 1.4635864 0.2265165 0.0517060 0.0107639 0.0000000 0.0423441 3.8449631 3.7901340 3.9662944 4.0619000 4.9664208 3.7571288 3.7535070 3.7829348 3.8050457 3.7349217 3.5715499 3.7159045 4.3608609 3.8996682 3.9485437 3.6946134 3.9758342 3.9930395 4.0394676 3.4271220 3.0672909 3.4192063 3.4127621 3.3820172 3.4269250 3.4481630 3.4187090 3.8323205 3.9327781 3.4993799 3.7203973 3.3581050 3.8407658 3.8387757 3.8841516 3.8451627 3.8169942 3.7806570 3.9834938 3.8611646 3.6617163 3.8261691 3.6474406 3.6088779 3.0202074 3.6352631 3.9337422 3.8875794 3.7126847 3.7238842 3.8582657 4.3277022 3.9097346 
Lcom_lcpid41393                                  6.3417733 5.9993879 3.8875264 5.3354813 4.5188209 5.3152840 5.3152840 4.7667071 4.1057674 1.4342162 1.4793017 1.7842288 0.2265165 0.0517060 0.0138999 0.0423441 0.0000000 4.1733518 4.1024755 4.2784670 4.3110593 4.9664208 4.1831243 3.7535070 4.1290463 3.8050457 4.0450520 3.5715499 3.7425301 4.3608609 3.8996682 4.2784946 3.9737524 4.1542017 4.2242095 4.0394676 3.6841592 3.4133437 3.7026846 3.7275500 3.7039276 3.7987235 3.8195570 3.6872529 3.8323205 4.7757776 3.7737117 4.0893938 3.6406255 4.1006093 4.1597500 4.1006769 4.0866147 4.1345391 4.1046550 3.9834938 4.1773841 3.8984461 4.1875327 3.6474406 3.8825827 3.0157955 4.1398234 4.1829626 4.1611711 3.9873525 4.0248388 4.1595133 4.7551734 4.2017135 
Tcas_TC009793_001                                4.7151539 3.4587172 3.6208615 3.8479873 3.8478884 1.5991301 1.5991301 1.6623819 3.8996166 3.7695470 3.7679193 3.4720458 4.8537526 3.7802576 4.1307720 3.8449631 4.1733518 0.0000000 1.2547490 3.0216115 3.4703464 3.8342021 3.1204990 2.9533683 3.2719301 3.1950054 3.1053674 2.8536914 2.9697687 3.8460296 2.7883167 3.0786695 3.0543641 3.0603769 2.9873258 2.7590839 2.4807586 2.4271249 2.5514088 2.5199260 2.5015124 2.6083426 2.5136066 2.2809961 2.1935661 3.0814751 1.8350948 1.8296815 1.7792177 1.8173613 3.1862029 3.1208989 3.0922141 3.0937736 3.1343006 3.2089427 1.8020419 1.9268015 1.8957305 3.1787102 2.9485126 2.8754358 3.4631957 3.6530827 3.3815923 3.2994696 3.3169930 3.6738596 3.6820026 3.6617475 
Cscu_XM_023365819.1                              3.9065065 3.1445922 3.2147834 3.6472752 3.7433459 1.5161458 1.5161458 1.5549846 3.6597524 3.6347639 3.8058345 3.4123434 3.9029328 3.7120846 4.0760866 3.7901340 4.1024755 1.2547490 0.0000000 2.8980314 3.0332237 3.9960643 3.2375241 3.0618732 3.2023443 3.1327665 3.1358281 3.0396241 3.1161073 3.7570967 3.0733477 3.2375548 3.1017085 3.0289100 2.9328082 2.7315492 2.1628165 2.0745170 2.2938258 2.1223498 2.1558620 2.2007946 2.1007424 1.9410748 1.9672030 2.6472244 1.7425829 1.6455131 1.6033292 1.6960754 3.0804704 2.9922643 2.9002329 2.9312795 2.9626251 3.0494802 1.5206255 1.6580749 1.7304503 3.2332654 3.0077463 2.4713855 3.2535715 3.6688230 3.3776118 3.3845364 3.4645740 3.6067932 3.6480602 3.5460565 
Dgig_XM_028544526.1                              4.2331252 3.0012107 3.5628683 2.8475845 3.6455113 2.5704453 2.5704453 3.2398893 3.4671968 3.2726654 3.7143871 3.1241685 4.4444802 4.3362296 4.2826468 3.9662944 4.2784670 3.0216115 2.8980314 0.0000000 0.7144274 3.8137600 3.5482730 3.6473103 3.4743411 3.8734806 3.7093726 3.4879140 3.6980808 3.5777384 3.3290117 3.4904371 3.5969027 3.4261682 3.4558438 2.7777945 2.2666611 2.3218894 2.2633400 2.1134579 2.0469555 2.0872413 2.0720878 2.0611824 2.1218409 2.4682398 2.3383730 2.3327255 2.4192677 2.5348554 3.4170706 3.3383578 3.2615778 3.3948332 3.3827865 3.4837332 2.9439238 2.5884625 2.7869159 3.5024781 3.1460096 3.5615185 3.2347536 3.0152278 2.9765347 2.9205300 2.9616043 3.6209641 3.6503382 3.1315766 
Xesp_004423-T1                                   5.1328300 3.1341006 3.7699913 2.5864434 3.8546708 2.4786204 2.4786204 3.6518289 3.8404703 3.5156452 4.1006897 3.6098537 4.6712242 3.8970384 4.3834794 4.0619000 4.3110593 3.4703464 3.0332237 0.7144274 0.0000000 5.3299463 3.5803045 3.5700766 3.4798848 3.5898825 3.6055417 3.3696699 3.5226584 4.3475442 3.3392075 3.7244109 3.5578843 3.4750784 3.4098026 3.2802782 2.4450353 2.4763224 2.3754914 2.2689351 2.2216655 2.3718058 2.3571919 2.2408675 2.1387975 2.7150933 2.6658460 2.8393950 2.7681456 2.9431404 3.5179681 3.4412642 3.4624683 3.4726423 3.5476590 3.6154630 3.2367778 2.8363244 2.9573876 3.6168923 3.2567809 4.0678955 3.3817034 3.2864806 3.1964431 3.1656460 3.1314317 3.6926242 3.7855761 3.4389553 
Coeast_Cast_sb773692                             4.9751948 4.0837257 5.1211754 5.7697796 5.7083342 3.5511340 3.5511340 5.3149698 4.6391155 0.0000010 5.0579798 5.1354701 8.9999982 8.9999985 4.9815195 4.9664208 4.9664208 3.8342021 3.9960643 3.8137600 5.3299463 0.0000000 0.0180145 0.0000010 0.3533703 1.6498080 0.9254489 0.0000010 0.8623508 0.0000010 0.0000010 0.6247734 0.8195167 1.2938398 1.3338969 0.0000010 4.3662453 4.3662453 3.1997756 3.9705409 3.9942282 3.9437841 3.9639312 3.9126143 6.0037309 3.9538614 3.4736573 4.5873156 3.3001751 3.9044569 4.8718977 4.2782184 4.3209060 5.5998338 5.8409874 5.4704790 3.7703891 4.0591164 4.1638674 0.0000010 4.0723351 0.0000010 5.7537544 5.0303981 4.4763090 3.5193683 3.7017283 3.6598382 4.3071540 4.3936424 
Coemet_Cmet_scaffold22182_01                     5.6730917 3.1230987 3.8829433 3.1691429 4.2141928 2.7959765 2.7959765 3.4552790 4.2974806 3.5622114 3.9584877 3.9546573 4.5352857 3.7792435 4.1564998 3.7571288 4.1831243 3.1204990 3.2375241 3.5482730 3.5803045 0.0180145 0.0000000 0.0023367 0.2981818 0.7658797 0.7801562 0.6483976 0.7751192 0.4740131 0.4278845 0.5173190 0.8343154 1.0848068 1.0610696 4.9435334 3.3766826 3.4275990 3.2830136 3.3340134 3.3543259 3.4257090 3.3312940 3.4366720 3.2790895 3.9131491 3.1741534 3.2105562 3.1903930 3.4079101 3.6996215 3.6057838 3.5574564 3.6206286 3.7064654 3.8192831 3.2326713 3.3851560 3.6043171 3.3072515 3.2269757 4.0084542 3.6555527 3.9491869 3.6744356 3.5670127 3.5777068 3.7225717 4.0637282 4.0997299 
Coeast_Cast_sb795743                             8.9999988 0.0000010 3.9389737 2.5474009 4.3024657 0.0000010 0.0000010 2.9674285 4.3644800 3.5461897 3.8783809 4.0855588 4.3432134 3.6467919 3.7535070 3.7535070 3.7535070 2.9533683 3.0618732 3.6473103 3.5700766 0.0000010 0.0023367 0.0000000 0.2373816 0.6345681 0.6289829 0.6418036 0.6244402 0.4740131 0.4223508 0.4016064 0.7120066 0.9164567 0.8567863 4.9435334 3.0839558 2.7557551 3.2988977 3.1966897 3.1920716 3.2106360 3.1358321 3.2971002 3.2053661 5.3459153 3.0071356 3.0042623 3.0621947 3.1718476 3.4933125 3.4853817 3.4114582 3.3576212 3.4121488 3.4704490 3.1231797 3.1127135 3.5544762 3.1914131 3.1594838 3.8365736 3.2112549 4.0270497 3.8614222 3.8321818 3.7800241 4.1945736 4.4092786 4.1391575 
Vmul_Simscaffold11347_01                         5.4672072 3.3062403 3.6024066 3.2391445 4.2068108 3.0153219 3.0153219 3.4961079 4.2693949 3.9270859 3.9140527 3.7424995 4.4151148 3.9380766 4.0838983 3.7829348 4.1290463 3.2719301 3.2023443 3.4743411 3.4798848 0.3533703 0.2981818 0.2373816 0.0000000 0.8138842 0.8737220 0.7032322 0.8279889 0.4906956 0.4699856 0.5856762 0.9008030 1.0910379 1.0847585 4.7837651 3.4141990 3.6361076 3.2517085 3.2722132 3.2705433 3.3800764 3.2100562 3.2592882 3.0894852 3.8092062 3.1225907 3.0916650 3.1370615 3.3246538 3.7719120 3.6430451 3.6693547 3.6460644 3.7274937 3.7675541 3.2058455 3.4729917 3.3844295 3.2863600 3.3034280 3.7229530 3.5556618 3.9867822 3.5791498 3.5640726 3.6207541 3.8239526 3.9139037 4.2351181 
Vmul_sbMO449404                                  8.3253233 0.0000010 4.6661907 1.9985715 4.6305357 0.0000010 0.0000010 3.1788229 4.6786073 3.8072690 4.0514677 4.0689773 4.3584970 3.6332449 3.8050457 3.8050457 3.8050457 3.1950054 3.1327665 3.8734806 3.5898825 1.6498080 0.7658797 0.6345681 0.8138842 0.0000000 0.0096229 0.1053965 0.4263083 0.4486043 0.4146165 0.6699022 0.5288438 0.8521404 0.8596270 4.6067193 3.3455824 3.4682171 3.5889760 3.6611144 3.6345392 3.4811534 3.4098903 3.4918857 3.2402621 6.3606970 2.9442908 2.9728841 3.0509182 3.2934573 3.7810869 3.7826796 3.6229546 3.6001052 3.6792753 3.6344660 3.1495146 3.4720001 3.3214811 3.2965500 3.3994247 3.6692655 3.9583224 4.3294753 4.4478697 4.2506864 4.3122228 4.2849472 4.3919201 4.4053670 
Mlei_ML0493.g16.i1                               4.8660074 3.2992514 3.9001169 3.5782861 4.4229933 2.8212838 2.8212838 3.5553390 4.4778615 3.8072690 4.0602649 3.9047039 4.4784905 3.7456848 4.0232287 3.7349217 4.0450520 3.1053674 3.1358281 3.7093726 3.6055417 0.9254489 0.7801562 0.6289829 0.8737220 0.0096229 0.0000000 0.1001065 0.4398978 0.4486043 0.4109897 0.6612464 0.5166395 0.8468636 0.8538178 4.6067193 3.2536499 3.2714416 3.2526071 3.4052015 3.3836056 3.2847830 3.2518278 3.3302519 3.2882364 3.9029818 2.9787051 3.1201472 3.0867787 3.3281295 3.7717220 3.6541435 3.5755180 3.7366099 3.8230377 3.8046076 3.2445471 3.4317721 3.2974713 3.3220054 3.2352391 3.8384715 4.0050317 4.0594380 4.0553846 3.9178902 3.9865638 3.8812977 4.0604494 4.0130567 
Bolinf_Binf_sb1236311                            8.3860218 0.0000010 3.6453046 1.9985715 4.4580993 0.0000010 0.0000010 2.8497352 4.2028132 3.8890327 3.8751744 3.6990828 4.1093083 3.5735019 3.5715499 3.5715499 3.5715499 2.8536914 3.0396241 3.4879140 3.3696699 0.0000010 0.6483976 0.6418036 0.7032322 0.1053965 0.1001065 0.0000000 0.3512291 0.4381585 0.3940211 0.5586621 0.4437824 0.7454092 0.7473028 4.7140708 3.0938934 2.7501330 3.1332585 3.2161118 3.1653014 3.0187206 3.0077389 3.1773039 3.1840445 5.8423991 2.8098868 2.8176017 2.9533553 2.9480331 3.4648757 3.4773178 3.3043344 3.2770438 3.4209903 3.3623559 2.9595878 3.2043813 3.2469811 3.1251562 3.1416800 3.7405567 3.4790731 4.1181632 4.1886396 4.0495704 4.0020811 4.1324737 4.1699203 4.0286018 
Beraby_Baby_sb337566                             5.5428033 4.0368316 4.4063098 3.9715691 4.4071562 2.7821816 2.7821816 3.4675009 4.3655930 3.5552372 4.0730599 4.0198338 3.9875426 3.4155264 3.7849822 3.7159045 3.7425301 2.9697687 3.1161073 3.6980808 3.5226584 0.8623508 0.7751192 0.6244402 0.8279889 0.4263083 0.4398978 0.3512291 0.0000000 0.3802427 0.3516982 0.6568747 0.5636911 0.8877576 0.8894518 4.5677318 3.2967655 3.3626819 3.3192772 3.4268308 3.3858105 3.3604952 3.2993088 3.3435413 3.2477968 4.0891237 2.9282224 3.0195827 3.0171496 3.1447900 3.7800782 3.6932938 3.6762774 3.7981961 3.8907294 3.8869638 3.0718301 3.5163397 3.2469734 3.3255192 3.4029806 3.4431761 3.9446189 4.2702307 4.1670232 3.8426819 4.0679879 4.3335157 4.3186706 4.0770496 
Bolinf_Binf_sb1209634                            0.0000010 0.0000010 0.0000010 0.0000010 4.4638754 0.0000010 0.0000010 3.6304733 5.5258872 4.2844620 4.1598273 4.6828437 4.3608609 4.3608609 4.3608609 4.3608609 4.3608609 3.8460296 3.7570967 3.5777384 4.3475442 0.0000010 0.4740131 0.4740131 0.4906956 0.4486043 0.4486043 0.4381585 0.3802427 0.0000000 0.0000010 0.3937946 0.4717282 0.7761375 0.6981719 4.7487374 4.0786243 5.2794009 4.2530775 3.8188132 3.9543876 3.4058233 3.2806528 4.1278958 4.4515998 5.9124494 3.5941944 3.3300604 4.1521789 3.9352585 4.6831426 4.6831426 4.6244711 4.4749269 4.4245383 4.6456383 3.2293165 3.5832476 4.2743019 4.1646318 3.9171865 4.2336547 0.0000010 4.5731422 4.3558986 4.4009975 4.8478715 4.7196001 4.8067291 5.3129701 
Mertsp_Mesp_sb563312                             0.0000010 0.0000010 3.3435103 1.9912286 4.2480375 0.0000010 0.0000010 2.9987695 4.5826504 3.9284626 4.2530080 4.8129087 4.7566958 3.8467577 3.8996682 3.8996682 3.8996682 2.7883167 3.0733477 3.3290117 3.3392075 0.0000010 0.4278845 0.4223508 0.4699856 0.4146165 0.4109897 0.3940211 0.3516982 0.0000010 0.0000000 0.3458007 0.4668543 0.7594869 0.7100674 4.7487374 3.0546115 2.7460252 3.1793921 2.9949306 2.9611182 2.8409845 2.7601834 3.1812139 3.1622049 4.7949509 2.8290669 2.8022436 2.9595970 2.9140242 3.9149372 3.9252780 3.7292930 3.7313352 3.7255182 3.7831105 2.8517648 3.0369807 3.4462542 3.2289717 3.2865366 3.5902617 3.2767377 3.8264455 3.8831920 3.7387535 3.9390917 3.9074681 4.0147768 3.9903915 
Lampan_Lpan_6610_01                              4.9304137 3.6806459 3.9395753 3.7396844 4.2804515 3.1176692 3.1176692 3.5710460 4.4169571 3.8558974 4.1372056 4.0972558 4.7110639 3.6682228 4.2144770 3.9485437 4.2784946 3.0786695 3.2375548 3.4904371 3.7244109 0.6247734 0.5173190 0.4016064 0.5856762 0.6699022 0.6612464 0.5586621 0.6568747 0.3937946 0.3458007 0.0000000 0.7235348 0.9534220 0.9461982 4.4460911 3.2562281 3.3491765 2.9679274 3.1528829 3.0796962 3.1855380 3.1640855 3.1385411 2.8886306 3.8536386 2.9862616 3.0173245 2.9635261 3.1760512 3.5899523 3.5378955 3.4902415 3.5926236 3.6646106 3.6427905 3.1100414 3.3656732 3.3394851 3.4892872 3.4286049 3.5664372 3.7895761 3.9538694 3.7183180 3.5733281 3.6976361 3.9491955 4.0927594 3.9854973 
Drygla_Dgla_sb308323                             4.2538870 3.5369962 3.6647308 3.6052910 4.2356354 2.7002692 2.7002692 3.4913190 4.3441960 3.6950248 4.1173496 3.8116939 4.2755826 3.9285268 3.8969352 3.6946134 3.9737524 3.0543641 3.1017085 3.5969027 3.5578843 0.8195167 0.8343154 0.7120066 0.9008030 0.5288438 0.5166395 0.4437824 0.5636911 0.4717282 0.4668543 0.7235348 0.0000000 0.9426514 0.9531482 4.5205626 3.4262873 3.5083258 3.3818395 3.3324235 3.2323732 3.2175775 3.1162669 3.3690997 3.2015275 4.0773779 2.9202003 3.0235339 3.0195551 3.1617688 3.8783209 3.7940288 3.7961944 3.8865531 3.8999914 3.9510414 3.1620754 3.5015869 3.2330765 3.0601516 3.1843009 4.0689437 3.5986977 3.8960048 3.9504422 3.6897702 3.8033870 3.9934661 4.0930524 3.9648266 
Horcal_Hcv1.av93.c13.g141.i1                     5.4812985 3.9561896 3.7803699 3.4893313 4.1236055 3.5280281 3.5280281 3.7625842 4.5371934 4.2115995 4.1297577 3.9538043 4.9832135 3.9898648 4.1493117 3.9758342 4.1542017 3.0603769 3.0289100 3.4261682 3.4750784 1.2938398 1.0848068 0.9164567 1.0910379 0.8521404 0.8468636 0.7454092 0.8877576 0.7761375 0.7594869 0.9534220 0.9426514 0.0000000 0.0220229 4.4955625 3.2213024 3.3078495 3.2056044 3.1645965 3.1666244 3.1418395 3.0906638 3.1001783 2.8611107 3.6848010 2.9668459 3.1014542 2.9107207 3.3318672 3.7677168 3.7422250 3.7369760 3.7475633 3.7946913 3.8691335 3.3058785 3.4831749 3.3319735 3.5363618 3.4682618 3.9940439 3.9118053 4.3093866 3.8580355 3.8689758 3.9546385 4.1125054 4.0540666 3.8616701 
Pbac_sb2656215                                   5.3358579 4.0625362 3.7849805 3.3931481 4.1062506 3.4142442 3.4142442 3.6652094 4.5904767 4.1966061 4.1193027 4.0273456 5.6341422 4.1016221 4.1989345 3.9930395 4.2242095 2.9873258 2.9328082 3.4558438 3.4098026 1.3338969 1.0610696 0.8567863 1.0847585 0.8596270 0.8538178 0.7473028 0.8894518 0.6981719 0.7100674 0.9461982 0.9531482 0.0220229 0.0000000 4.0986103 3.1090544 3.1257370 3.1196545 3.1531689 3.1767237 3.1392175 3.0958422 3.0825072 2.7814496 3.6743219 2.9502545 3.0543997 2.9176307 3.2954550 3.7622393 3.7358246 3.7241633 3.7318521 3.7942726 3.8695925 3.1799140 3.4521753 3.2764146 3.2483566 3.3417942 3.8069746 3.8316175 4.2240952 3.7941227 3.8368087 3.9647100 4.1317280 4.1244555 3.8545085 
Nvec_v1g7333                                     0.0000010 0.0000010 0.0000010 0.0000010 4.5076087 0.0000010 0.0000010 2.7595646 4.6532182 3.6408687 3.0595125 3.0105530 4.0394676 4.0394676 4.0394676 4.0394676 4.0394676 2.7590839 2.7315492 2.7777945 3.2802782 0.0000010 4.9435334 4.9435334 4.7837651 4.6067193 4.6067193 4.7140708 4.5677318 4.7487374 4.7487374 4.4460911 4.5205626 4.4955625 4.0986103 0.0000000 0.0160901 0.7662864 0.5260930 1.0962115 1.0077277 1.1405525 1.1265963 1.0648463 1.0255276 3.0114646 2.9614524 2.0398150 2.3444776 2.5605593 4.5048461 4.5048461 4.3292570 3.9691586 3.9978739 4.3579374 2.9187046 3.0467469 3.3570859 4.7024071 4.2007973 3.3745372 0.0000010 4.5502599 4.3731482 5.5051574 5.1174285 5.8543703 6.2417625 5.9688508 
Nvec_v1g109957                                   4.5757891 2.9465479 3.2201670 2.8626876 3.5742660 2.5822746 2.5822746 2.8787943 3.9878552 3.0868006 3.3697609 3.0451928 4.0569571 3.4012153 3.7853866 3.4271220 3.6841592 2.4807586 2.1628165 2.2666611 2.4450353 4.3662453 3.3766826 3.0839558 3.4141990 3.3455824 3.2536499 3.0938934 3.2967655 4.0786243 3.0546115 3.2562281 3.4262873 3.2213024 3.1090544 0.0160901 0.0000000 0.0275321 0.6728790 0.9058822 0.8850310 0.9157857 0.9213513 0.8965992 0.9687714 1.1323247 1.8842649 1.8914855 1.9166828 1.9165045 2.8022819 2.7770128 2.7308921 2.7182801 2.7049721 2.8937618 2.5061406 2.3142409 2.3769021 2.8882249 3.0034017 2.6892777 3.0124399 2.9682543 2.8138426 2.9446908 2.8572893 2.8819823 3.6003211 3.1146009 
Nvec_NVE26009                                    4.5604148 2.9465479 3.2657870 2.8626876 3.2717523 2.5822746 2.5822746 3.1089570 3.6649654 2.8273283 3.2462232 3.0042272 6.3317132 2.8290877 3.5009569 3.0672909 3.4133437 2.4271249 2.0745170 2.3218894 2.4763224 4.3662453 3.4275990 2.7557551 3.6361076 3.4682171 3.2714416 2.7501330 3.3626819 5.2794009 2.7460252 3.3491765 3.5083258 3.3078495 3.1257370 0.7662864 0.0275321 0.0000000 0.7471057 0.9067425 0.8836340 0.9046971 0.9009664 0.8840361 1.0146415 1.0055005 1.7603110 1.9106499 1.9282074 1.7853349 2.5145926 2.4356421 2.4457310 2.5124980 2.4757886 2.5846018 2.5066901 2.2685443 2.2334844 3.0551467 3.0794095 2.6638044 3.2961040 2.5840328 2.5234606 2.6778428 2.5580436 2.5622457 3.1930809 2.8206558 
Exapal_XM_028663447.1                            4.0755241 3.1641470 3.2119542 2.7830087 3.4390352 2.8557055 2.8557055 3.0516996 3.6418537 3.2657635 3.3839861 2.7956231 4.2097970 3.4989458 3.7777177 3.4192063 3.7026846 2.5514088 2.2938258 2.2633400 2.3754914 3.1997756 3.2830136 3.2988977 3.2517085 3.5889760 3.2526071 3.1332585 3.3192772 4.2530775 3.1793921 2.9679274 3.3818395 3.2056044 3.1196545 0.5260930 0.6728790 0.7471057 0.0000000 0.9279843 0.8981136 0.9760106 0.9884211 0.9490487 0.9648298 1.3228281 1.9514340 1.9528418 2.0255845 1.9598920 2.8322659 2.8174585 2.8176653 2.8393995 2.8245546 3.0316227 2.4438671 2.2010130 2.3799259 3.1822467 2.9958941 2.7175437 2.6736238 3.1376118 2.8611218 3.0403666 2.9529846 2.9492379 3.5681100 3.0831671 
Gasp_gasp1.m3.18975.m1                           4.8636598 3.1263972 3.3086462 2.7463692 3.5563578 2.4754432 2.4754432 2.7537416 3.8081538 3.0126225 3.3589741 2.7590277 3.6398168 3.3705734 3.7827598 3.4127621 3.7275500 2.5199260 2.1223498 2.1134579 2.2689351 3.9705409 3.3340134 3.1966897 3.2722132 3.6611144 3.4052015 3.2161118 3.4268308 3.8188132 2.9949306 3.1528829 3.3324235 3.1645965 3.1531689 1.0962115 0.9058822 0.9067425 0.9279843 0.0000000 0.1459355 0.2242901 0.2252915 0.3317668 0.3927473 0.4459128 1.9795784 1.9291833 1.9403090 2.0456222 2.8037060 2.7178250 2.7865685 2.7787165 2.7555776 2.9289146 2.4695229 2.2460428 2.4356788 3.1778897 2.8377403 2.5918299 2.7541251 2.9318772 2.6676574 2.8168698 2.7771063 2.9421924 3.1625691 2.8408933 
Fspp_ffun1.m4.12375.m1                           4.6578066 3.1212559 3.2678404 2.8059102 3.5573297 2.4330930 2.4330930 2.7658609 3.8426854 3.0059573 3.3918499 2.5738123 3.8297313 3.2625789 3.7703034 3.3820172 3.7039276 2.5015124 2.1558620 2.0469555 2.2216655 3.9942282 3.3543259 3.1920716 3.2705433 3.6345392 3.3836056 3.1653014 3.3858105 3.9543876 2.9611182 3.0796962 3.2323732 3.1666244 3.1767237 1.0077277 0.8850310 0.8836340 0.8981136 0.1459355 0.0000000 0.2108298 0.2204137 0.3132135 0.3583378 0.4736670 1.9092997 1.9728554 1.8992537 2.0640746 2.8215518 2.7157449 2.7702070 2.7709270 2.7456071 2.8884173 2.4565964 2.2403726 2.4711829 3.1319227 2.7934831 2.5257181 2.7516706 2.8938848 2.5619849 2.6606218 2.6140864 2.9309037 3.0353994 2.7342369 
Pocdam_XM_027190991.1                            5.0090379 3.1730409 3.3220942 2.7503056 3.4780749 2.4540488 2.4540488 2.7379864 3.6349412 3.0044375 3.2607487 2.7041486 3.7441335 3.4126693 3.7931381 3.4269250 3.7987235 2.6083426 2.2007946 2.0872413 2.3718058 3.9437841 3.4257090 3.2106360 3.3800764 3.4811534 3.2847830 3.0187206 3.3604952 3.4058233 2.8409845 3.1855380 3.2175775 3.1418395 3.1392175 1.1405525 0.9157857 0.9046971 0.9760106 0.2242901 0.2108298 0.0000000 0.0759541 0.3215837 0.3538650 0.5221050 2.0228136 1.9004273 2.0263877 2.0823405 2.8151283 2.6941682 2.7467443 2.8045959 2.7484385 2.8788698 2.5350845 2.2903287 2.5035254 3.0096476 2.8542791 2.4729050 3.1413934 2.8102336 2.5338029 2.6877392 2.6090974 2.9054282 3.1599149 2.7562587 
Spis_XP_022780478_1                              4.8471965 3.1056195 3.2486898 2.7349461 3.4781249 2.3866536 2.3866536 2.6777998 3.6840143 2.9757751 3.3629210 2.7131710 3.5197619 3.3931241 3.8092976 3.4481630 3.8195570 2.5136066 2.1007424 2.0720878 2.3571919 3.9639312 3.3312940 3.1358321 3.2100562 3.4098903 3.2518278 3.0077389 3.2993088 3.2806528 2.7601834 3.1640855 3.1162669 3.0906638 3.0958422 1.1265963 0.9213513 0.9009664 0.9884211 0.2252915 0.2204137 0.0759541 0.0000000 0.3333709 0.3897789 0.5036557 1.9561825 1.8912132 1.9461586 2.0304220 2.8451458 2.7366038 2.7907431 2.7970694 2.7639609 2.9232849 2.4332350 2.2613308 2.4556314 3.0090085 2.7297976 2.4125784 2.9134829 2.9294185 2.7102770 2.7744871 2.7225799 2.8515133 3.1639255 2.8102323 
Amil_Amillepora22510-RA                          4.5839803 3.2316661 3.1256060 2.8435030 3.4552417 2.5007170 2.5007170 2.5999681 3.8949490 3.0027600 3.3157235 2.8812782 3.6765688 3.5318545 3.8250090 3.4187090 3.6872529 2.2809961 1.9410748 2.0611824 2.2408675 3.9126143 3.4366720 3.2971002 3.2592882 3.4918857 3.3302519 3.1773039 3.3435413 4.1278958 3.1812139 3.1385411 3.3690997 3.1001783 3.0825072 1.0648463 0.8965992 0.8840361 0.9490487 0.3317668 0.3132135 0.3215837 0.3333709 0.0000000 0.0394094 0.5554833 1.9261118 1.8304676 1.8391362 1.9123651 2.7500795 2.7245049 2.8039836 2.7489169 2.7195407 3.0176750 2.2809317 2.2339878 2.3668589 3.2177196 2.7738321 2.8212092 2.7329849 2.9319193 2.6843595 2.7683520 2.7656958 3.0082917 3.3606153 2.9041290 
Adig_XM_015894742.1                              6.2410329 6.2410329 3.0253546 3.4700657 3.4315194 0.0000010 0.0000010 2.4716981 3.9515919 2.9458577 3.3627809 3.5515304 3.7866479 3.3643913 3.8323205 3.8323205 3.8323205 2.1935661 1.9672030 2.1218409 2.1387975 6.0037309 3.2790895 3.2053661 3.0894852 3.2402621 3.2882364 3.1840445 3.2477968 4.4515998 3.1622049 2.8886306 3.2015275 2.8611107 2.7814496 1.0255276 0.9687714 1.0146415 0.9648298 0.3927473 0.3583378 0.3538650 0.3897789 0.0394094 0.0000000 2.7781531 1.9872841 1.8849088 1.8167897 2.0989692 3.0167750 3.0196169 2.9846865 2.8790628 2.8388123 2.8869839 2.2372038 2.2748264 2.3808000 2.8020602 2.8945656 2.5631884 2.3859484 3.8369618 3.4889380 3.2723664 3.2148588 3.5458931 3.8785164 3.4712556 
Gfas_gfas1.m1.625.m1                             5.0433292 3.1286850 3.4490229 2.8192903 3.9427756 2.4735487 2.4735487 3.4624073 4.1563278 8.9999988 3.9273022 3.0387489 7.1312845 8.3309783 5.4101920 3.9327781 4.7757776 3.0814751 2.6472244 2.4682398 2.7150933 3.9538614 3.9131491 5.3459153 3.8092062 6.3606970 3.9029818 5.8423991 4.0891237 5.9124494 4.7949509 3.8536386 4.0773779 3.6848010 3.6743219 3.0114646 1.1323247 1.0055005 1.3228281 0.4459128 0.4736670 0.5221050 0.5036557 0.5554833 2.7781531 0.0000000 2.4831235 2.5098818 2.4118563 2.3480992 3.1939957 3.0195207 3.1256135 3.2317477 3.1978254 3.8044704 3.0401804 2.7224213 2.8589511 6.0961217 3.2157245 4.5266294 3.2026688 2.7342044 2.5701030 2.9363909 2.9630150 3.1860606 3.3299186 3.0532608 
Spur_XM_030989834.1                              4.2041256 2.9196995 3.1498804 3.1835302 3.3875735 2.2593732 2.2593732 2.2097388 3.6626555 3.1191892 3.3415608 2.8357372 4.0581078 3.8124900 3.7878760 3.4993799 3.7737117 1.8350948 1.7425829 2.3383730 2.6658460 3.4736573 3.1741534 3.0071356 3.1225907 2.9442908 2.9787051 2.8098868 2.9282224 3.5941944 2.8290669 2.9862616 2.9202003 2.9668459 2.9502545 2.9614524 1.8842649 1.7603110 1.9514340 1.9795784 1.9092997 2.0228136 1.9561825 1.9261118 1.9872841 2.4831235 0.0000000 0.9929153 1.3900508 1.4396651 2.7296345 2.6651848 2.6032944 2.5726844 2.5570745 2.7269427 1.8489061 1.8333262 1.9768321 3.0903912 2.7538184 2.6750672 2.9427812 3.0696986 2.8967113 2.9788175 2.9744039 3.3509260 3.5418263 2.9690400 
Skow_XM_006825111.1                              5.1531572 3.3955361 3.1825732 3.0453955 3.4274534 2.5719687 2.5719687 2.1646913 3.6303311 3.1398981 3.7345700 3.0596086 3.8575768 3.4910944 4.0432381 3.7203973 4.0893938 1.8296815 1.6455131 2.3327255 2.8393950 4.5873156 3.2105562 3.0042623 3.0916650 2.9728841 3.1201472 2.8176017 3.0195827 3.3300604 2.8022436 3.0173245 3.0235339 3.1014542 3.0543997 2.0398150 1.8914855 1.9106499 1.9528418 1.9291833 1.9728554 1.9004273 1.8912132 1.8304676 1.8849088 2.5098818 0.9929153 0.0000000 1.2368545 1.2804434 2.7192832 2.6882307 2.6847897 2.6252680 2.6277423 2.8347625 1.6685571 1.7564401 1.8274177 3.1962420 2.8549551 2.0430604 2.9232998 3.1088310 3.0925306 3.0946108 3.0570376 3.2289364 3.2337422 3.1560538 
Bralan_BLAG16000343_1                            4.1399111 2.5531201 3.1307515 2.9532695 3.2597090 2.3232852 2.3232852 2.1260117 3.6277914 3.2360770 3.4617042 2.8274781 3.9329215 3.3608081 3.6324388 3.3581050 3.6406255 1.7792177 1.6033292 2.4192677 2.7681456 3.3001751 3.1903930 3.0621947 3.1370615 3.0509182 3.0867787 2.9533553 3.0171496 4.1521789 2.9595970 2.9635261 3.0195551 2.9107207 2.9176307 2.3444776 1.9166828 1.9282074 2.0255845 1.9403090 1.8992537 2.0263877 1.9461586 1.8391362 1.8167897 2.4118563 1.3900508 1.2368545 0.0000000 1.1546778 2.6001559 2.5256104 2.5687561 2.5651933 2.5592964 2.7096290 1.6986317 1.7424594 1.7354861 3.1913298 2.8401857 2.5222353 2.9006206 3.3179854 3.1415132 3.1481575 3.0973696 3.1787219 3.5945556 3.1639721 
Hsap_ENST00000325464                             3.7814419 2.6358044 3.2467304 2.7127734 3.5511979 2.0178185 2.0178185 2.1448371 3.8744037 3.3690766 3.3101164 2.6705155 5.1347735 3.9386001 4.2420212 3.8407658 4.1006093 1.8173613 1.6960754 2.5348554 2.9431404 3.9044569 3.4079101 3.1718476 3.3246538 3.2934573 3.3281295 2.9480331 3.1447900 3.9352585 2.9140242 3.1760512 3.1617688 3.3318672 3.2954550 2.5605593 1.9165045 1.7853349 1.9598920 2.0456222 2.0640746 2.0823405 2.0304220 1.9123651 2.0989692 2.3480992 1.4396651 1.2804434 1.1546778 0.0000000 2.6609702 2.6426529 2.6800278 2.5923162 2.6275061 2.8426138 1.8217896 1.7424304 1.8391794 3.4088471 2.9276157 2.6875461 3.0492893 3.4838971 3.2605895 3.2962503 3.2714464 3.2102372 3.6809656 3.2871937 
TrH2_TrispH2_008472-RA                           4.9100641 3.1972497 3.6826845 3.1511901 3.8186456 2.6111875 2.6111875 3.1457640 3.8063244 3.8597000 3.8323275 3.4765041 5.5318287 3.8658534 4.0832596 3.8387757 4.1597500 3.1862029 3.0804704 3.4170706 3.5179681 4.8718977 3.6996215 3.4933125 3.7719120 3.7810869 3.7717220 3.4648757 3.7800782 4.6831426 3.9149372 3.5899523 3.8783209 3.7677168 3.7622393 4.5048461 2.8022819 2.5145926 2.8322659 2.8037060 2.8215518 2.8151283 2.8451458 2.7500795 3.0167750 3.1939957 2.7296345 2.7192832 2.6001559 2.6609702 0.0000000 0.0042162 0.1791429 0.1963564 0.1907805 0.1504195 2.9855378 2.6256884 3.0691844 3.7026879 3.6160314 3.6397283 3.4120330 3.2070002 3.1656083 3.1474921 3.2027305 3.2533269 3.7457282 3.6913598 
Tadh_TriadT59477                                 5.2024285 3.1222015 3.8681385 3.1378726 3.8612720 2.4463785 2.4463785 3.0743568 3.8690341 3.8597000 4.0040650 3.6791948 5.2941040 3.8966564 4.1738017 3.8841516 4.1006769 3.1208989 2.9922643 3.3383578 3.4412642 4.2782184 3.6057838 3.4853817 3.6430451 3.7826796 3.6541435 3.4773178 3.6932938 4.6831426 3.9252780 3.5378955 3.7940288 3.7422250 3.7358246 4.5048461 2.7770128 2.4356421 2.8174585 2.7178250 2.7157449 2.6941682 2.7366038 2.7245049 3.0196169 3.0195207 2.6651848 2.6882307 2.5256104 2.6426529 0.0042162 0.0000000 0.1737719 0.1901620 0.1822151 0.1484957 3.0534454 2.6476669 3.0482810 3.6736478 3.5233448 3.6397283 3.2808379 3.1534110 3.1335202 3.1112589 3.1475787 3.2255100 3.7231994 3.6940868 
HoiH04_mRNA5401                                  5.1590672 3.1271232 4.0352573 3.2304514 3.8138516 2.7284229 2.7284229 2.9767659 4.0343992 3.8742339 3.8562049 3.5346674 4.9213372 3.7749051 4.1574568 3.8451627 4.0866147 3.0922141 2.9002329 3.2615778 3.4624683 4.3209060 3.5574564 3.4114582 3.6693547 3.6229546 3.5755180 3.3043344 3.6762774 4.6244711 3.7292930 3.4902415 3.7961944 3.7369760 3.7241633 4.3292570 2.7308921 2.4457310 2.8176653 2.7865685 2.7702070 2.7467443 2.7907431 2.8039836 2.9846865 3.1256135 2.6032944 2.6847897 2.5687561 2.6800278 0.1791429 0.1737719 0.0000000 0.0986673 0.0938275 0.0850505 3.0368460 2.6636148 3.0638110 3.5871960 3.4620127 3.3468255 3.1082514 3.2385142 3.2035287 3.1870551 3.2111200 3.4185159 3.7519666 3.7247347 
