65
Tetwil_g13053.t1                                                  0.0000000 1.4554998 9.0000000 1.8444490 1.2736997 1.2524910 1.3483336 1.4281664 1.4159818 1.5909224 1.9666166 0.0000010 2.0122413 1.5141374 1.3041076 1.2175278 1.3562501 1.2595242 0.0000010 4.6298722 0.0000010 2.3223347 2.2085715 2.2337781 2.3592441 2.3592441 2.4339536 2.4579514 1.3205563 0.4994977 0.7220376 0.9169486 0.9599059 9.0000000 9.0000000 1.5509840 1.5466862 1.9882185 0.0000010 1.7272440 2.4586538 2.3796470 2.2668409 2.5391743 2.2539609 2.6107563 2.4440445 3.7981816 4.9879333 1.4292297 0.0000010 1.3356421 1.0772416 2.4337348 1.3408323 1.4693771 1.8706062 5.2023855 1.7033962 2.5427872 3.2942750 1.5048414 0.7250190 0.0000010 0.3544513 
Acagra_model.g3420.t1                                             1.4554998 0.0000000 1.0564549 0.9048685 1.2036318 1.4914759 1.2443163 1.7444769 1.7896583 1.7687597 1.5602111 1.7709896 1.4754580 1.2137195 1.1689183 1.6679651 1.2473533 1.7607552 1.6337855 1.9208881 1.6662393 2.2543395 2.2539453 2.2974152 2.3110808 2.3180739 2.3257089 2.3327829 1.1830928 1.1793259 2.1759288 2.2274330 1.9868916 1.8766140 1.9129907 1.9108992 1.7787055 1.9044226 1.5489124 1.6074129 1.6805548 2.2241479 2.3098877 1.8216004 2.9039433 2.3938762 2.6122668 2.8991173 3.1629099 2.4772171 3.2919244 2.7920785 1.5695185 2.4936137 1.4604394 1.5166267 1.7393229 1.4521491 1.7199563 3.6154080 2.2104979 2.1130853 2.4246417 1.7291569 2.5384034 
Lcom_lcpid204789                                                  9.0000000 1.0564549 0.0000000 0.8514075 0.9922973 1.1805061 1.1050410 1.1542561 1.0991795 1.2390690 1.1190927 1.2351848 1.8603650 0.9750199 2.8901101 1.1030782 1.1361010 1.2288975 9.0000000 1.3351569 1.1436445 1.2553310 1.3484224 1.3939665 1.4123550 1.4460474 1.4372858 1.4090219 0.9882901 1.3180081 1.4037576 1.4842771 1.1859097 1.4501938 1.4334962 1.3307333 1.1877415 1.1890023 9.0000000 1.2512554 1.4154693 1.3244281 1.2556929 1.7492463 1.3390578 1.2809473 1.3585787 1.3399659 2.2112131 1.8033367 1.9342921 1.8509258 1.6047295 1.8226183 1.2900659 1.1301151 1.2066668 0.0000010 1.4448651 3.0730822 1.2348417 1.2490102 0.0000010 2.6368320 9.0000000 
Cgig_XM_011451842.3                                               1.8444490 0.9048685 0.8514075 0.0000000 1.2218165 1.5327899 1.2643821 1.8711349 1.8008436 1.7423727 1.6560840 1.7894056 1.5983335 1.1575788 1.2280718 1.6345010 1.1784980 1.6842970 1.6380408 1.7828094 1.2498446 2.1618485 2.1659197 2.1785430 2.1819078 2.1821025 2.1427964 2.1674441 1.2749057 1.0935278 2.1167150 2.1876773 1.8205206 1.7979015 1.7533405 1.8891416 1.8026392 1.9426398 1.6678211 1.5641778 1.6021062 2.3241291 2.4961433 1.6546540 2.9214811 2.7753613 2.7505978 2.9676516 3.3431824 2.1372251 2.4547742 2.9544008 1.5245176 2.5473557 1.5682224 1.4959912 1.8655245 1.6398533 1.7330190 3.4732505 2.0504022 2.1662897 2.2827180 1.6320829 2.3361304 
Bralan_BLAG09000200_1                                             1.2736997 1.2036318 0.9922973 1.2218165 0.0000000 1.2552532 1.0534566 1.5071547 1.4973182 1.5804465 1.2704591 1.3814516 1.2204425 1.1631526 1.1297968 1.4616836 1.1973983 1.4770627 1.3420759 1.6135686 1.8059592 1.9202769 2.0653199 2.1102020 2.0623076 2.0641911 2.0927158 2.1224707 1.2319852 1.2976130 1.9897467 2.0485732 1.6843223 1.6249215 1.6401469 1.8716904 1.7272143 1.7403257 1.3372520 1.5366964 1.5712236 2.1664492 2.2804360 1.8096219 2.7763058 2.5635248 2.6886925 2.8026201 2.9724486 2.4461932 2.9303260 2.4691650 1.4847009 2.4914613 1.2766316 1.5514119 1.6495324 1.3966289 1.6155481 3.9000919 2.0026410 2.0460617 1.8210249 1.5737988 2.1968343 
Spur_XM_030984038.1                                               1.2524910 1.4914759 1.1805061 1.5327899 1.2552532 0.0000000 1.1939739 1.8268271 1.8831311 1.8226996 1.5923943 1.7368479 1.5429380 1.1148054 1.3578673 1.7392379 1.2163532 1.7136719 1.6581745 1.8576019 1.4174993 2.0980168 2.1830029 2.1733698 2.1702538 2.1777388 2.1918332 2.2267655 1.2586941 1.0082368 2.1925479 2.2529457 1.9186887 1.6345558 1.6920303 1.9790791 1.9427120 1.9079189 1.5801617 1.7767155 1.7285275 2.5389942 2.5381558 1.6071279 2.8833487 2.7237791 2.8429667 2.9008638 3.4533921 2.5619869 3.3299748 2.7652166 1.5664620 2.9212651 1.5512729 1.7594886 2.0563385 1.2876377 1.7341351 4.0940872 2.1008274 2.2056889 2.1367106 1.9384389 2.1060584 
Fspp_ffun1.m4.18997.m1                                            1.3483336 1.2443163 1.1050410 1.2643821 1.0534566 1.1939739 0.0000000 0.1024621 0.1068960 0.4586710 0.1770639 0.1460096 2.2277296 0.7834990 0.6734927 0.8321462 0.7208162 0.7854989 0.0000010 1.4046331 0.9914620 1.5916542 1.5967384 1.5995434 1.6060940 1.6208984 1.6070024 1.6804819 0.9610250 1.1583075 1.3856728 1.3418797 1.2271996 1.2921298 1.2921298 0.9142242 1.5210622 1.1117542 0.0000010 1.5079075 1.6397367 1.7002095 1.6852059 1.7728532 1.6354882 1.6609386 1.6774844 1.9071610 3.1433096 1.3888115 1.4814837 1.5527575 1.3057493 1.8959574 1.4390457 1.4468979 1.2215119 1.6027088 1.5769287 2.6145703 1.7203413 1.5384212 0.6834334 0.4696638 0.0000010 
Gfas_gfas1.m1.4794.m1                                             1.4281664 1.7444769 1.1542561 1.8711349 1.5071547 1.8268271 0.1024621 0.0000000 0.2961147 0.8250145 0.2689056 0.3086456 0.2320603 0.8541968 0.7195939 1.5522471 0.8155158 1.5432427 1.2963322 1.8664461 1.2613379 2.2924996 2.3093058 2.3592976 2.3562580 2.3650520 2.4246065 2.4455563 1.5851351 1.1202309 2.1316118 2.2299637 1.8594535 1.5323761 1.5921166 1.4219105 2.0851333 1.6143725 1.2090188 1.9264308 1.6343941 2.3079048 2.2955718 1.7275509 2.7250230 2.7334491 2.8643314 2.8132225 3.5449328 2.1803301 2.7843944 2.6621349 1.6936352 2.5509156 1.8598887 2.0271370 1.8813994 1.4574344 1.9925014 3.6200429 2.1695876 1.9526128 0.6834334 1.9244302 2.0256298 
Spis_XP_022794902_1                                               1.4159818 1.7896583 1.0991795 1.8008436 1.4973182 1.8831311 0.1068960 0.2961147 0.0000000 0.8571448 0.3003478 0.4175551 0.2781178 0.8362172 0.6961301 1.5003332 0.7704746 1.4598307 0.9894335 1.8356521 1.3073239 2.2305912 2.3465307 2.4067221 2.4327397 2.4553166 2.4625481 2.5017070 1.5745850 1.1629105 2.0317227 2.0278354 1.7128266 1.4219527 1.4884012 1.4628618 1.9411465 1.6392838 1.1498839 1.9510611 1.5623624 2.1570982 2.2784574 1.7778270 2.4548152 2.6352583 2.5937101 2.5372039 3.3913062 2.1552347 2.7411556 2.6227564 1.5951701 2.5093190 1.9277527 1.9554492 1.8117688 1.4554041 1.9680860 3.4574138 2.3764606 1.9105407 0.6834334 1.0706683 1.7288586 
Exapal_XM_021045735.2                                             1.5909224 1.7687597 1.2390690 1.7423727 1.5804465 1.8226996 0.4586710 0.8250145 0.8571448 0.0000000 0.7837218 0.8760173 0.7581054 0.9025830 0.8487189 1.6088956 0.8120824 1.6010622 1.4613357 1.8624704 1.2150263 2.1085973 2.1791668 2.1634892 2.1722542 2.1724497 2.2899634 2.3046610 1.5915757 1.2158470 2.1908894 2.2157397 1.8593968 1.5163310 1.6242290 1.4105282 2.0896845 1.6054560 1.1955923 2.0078620 1.5662509 2.1299036 2.2034112 1.7151936 2.8615478 2.8605819 2.8781692 2.9599051 3.5656209 2.2450118 2.8554834 2.7560194 1.7496525 2.6489217 1.8257907 1.9889074 1.8868295 1.4133715 2.0132503 3.6090320 2.0676447 2.0886068 2.0513351 1.8386315 2.3721049 
Adig_XM_015912743.1                                               1.9666166 1.5602111 1.1190927 1.6560840 1.2704591 1.5923943 0.1770639 0.2689056 0.3003478 0.7837218 0.0000000 0.0250020 0.2806052 1.0064106 0.9750273 1.3276718 0.9519647 1.3466584 1.4025202 1.5399271 0.9498335 2.0019433 2.0625189 2.0593793 2.0926228 2.0949424 2.1410314 2.1522124 1.5625438 1.0288142 2.1194455 2.2444135 1.7813798 1.7365110 1.7776976 1.3080873 2.1125586 1.4318958 1.1969549 1.7154742 1.6184134 2.3166644 2.1984581 1.7862959 2.8873789 2.4976719 2.8247544 2.8376379 3.5204771 1.8328902 2.0799431 2.1944586 1.4036474 2.1478565 1.6065255 1.9044999 1.6408891 1.7378689 1.9411205 3.6963225 1.9309402 1.9217936 2.3394781 1.7812174 2.3240532 
Amil_Amillepora23288-RA                                           0.0000010 1.7709896 1.2351848 1.7894056 1.3814516 1.7368479 0.1460096 0.3086456 0.4175551 0.8760173 0.0250020 0.0000000 0.2719490 5.0375372 1.2537848 1.5027696 8.9999983 1.5085702 1.3317802 1.5944312 2.2623949 2.1355235 2.1712626 2.1753663 2.2113294 2.2163624 2.2486885 2.2722028 1.7833718 0.9793218 2.1765403 2.3814485 1.7935813 1.8010288 1.8733475 1.7422510 2.2993244 1.5475606 1.1202906 1.8013152 1.5903509 2.9153651 2.8491693 1.8522060 3.1315966 3.3474870 3.0563105 3.1455499 3.3572931 2.6432966 2.6574014 3.0289756 1.8274992 2.6292809 1.8000375 2.0149326 1.9101526 1.4677637 1.9720416 5.4051021 1.9839928 2.1119945 2.3975895 1.7237342 2.3417115 
Fspp_ffun1.m4.18999.m1                                            2.0122413 1.4754580 1.8603650 1.5983335 1.2204425 1.5429380 2.2277296 0.2320603 0.2781178 0.7581054 0.2806052 0.2719490 0.0000000 4.2242056 1.8877041 1.3988867 4.2771200 1.4180737 1.3525437 1.4378863 1.8532486 2.1146534 2.1123410 2.1421625 2.1324345 2.1309218 2.1486463 2.1557014 1.5983107 1.4161370 2.1577649 2.1848904 1.7098159 3.0698093 2.8886714 1.6242563 2.1286870 1.3129812 1.0855530 1.6127480 2.6458745 2.2801451 2.4881917 1.9070688 2.9298823 3.3954007 2.8804472 2.9778367 3.2447324 7.0005518 7.6296095 3.3219327 2.9663937 2.2870690 1.5557524 1.9080248 1.6817239 1.5180839 1.7643013 0.8136713 1.8420716 2.1612922 2.3163916 1.6367163 2.3544573 
Morvir_scaffold222.g32.t1                                         1.5141374 1.2137195 0.9750199 1.1575788 1.1631526 1.1148054 0.7834990 0.8541968 0.8362172 0.9025830 1.0064106 5.0375372 4.2242056 0.0000000 0.7494485 0.7316571 0.6897589 0.6184628 0.0000010 3.1811500 0.3565217 1.4716784 1.6020604 1.5573559 1.5329932 1.5329932 1.5570254 1.5378606 0.9339854 1.6820289 1.6564548 1.5864180 1.1751082 1.2312389 1.2312389 0.8879007 1.5344186 1.1409132 0.0000010 1.5278057 1.9095302 1.8181363 1.7668927 1.7942874 1.7990929 1.7479465 1.6935321 2.2199397 7.4238534 1.6462495 2.0146479 1.7732297 1.1938216 2.6209870 1.6530333 1.4306370 9.0000000 9.0000000 1.7235853 1.5124709 2.3115117 1.2410132 2.0116803 0.0000010 2.0983804 
Aaur_scaffold2281.g2.t1                                           1.3041076 1.1689183 2.8901101 1.2280718 1.1297968 1.3578673 0.6734927 0.7195939 0.6961301 0.8487189 0.9750273 1.2537848 1.8877041 0.7494485 0.0000000 0.3711454 0.3093366 0.3231270 0.8970396 1.9435517 2.6787439 2.1751240 2.1378953 2.2187700 2.2105520 2.2105520 2.0076119 2.0137806 1.0407164 1.6675590 1.6431009 1.6798484 1.3473255 3.7267674 3.4617493 1.0111693 1.6001262 1.3254512 1.1332286 1.7958667 2.0577560 1.9600200 1.9851758 2.0142220 1.9450375 1.7682504 1.8701433 2.6761494 3.8533059 1.4967132 2.4321685 1.6545094 1.2972930 2.3335465 1.5706087 1.3293864 1.1834565 6.3499655 1.5462509 2.0904796 2.0039708 1.6652569 1.5538693 1.3911930 0.8250175 
Sanmal_Sma_012721-T1                                              1.2175278 1.6679651 1.1030782 1.6345010 1.4616836 1.7392379 0.8321462 1.5522471 1.5003332 1.6088956 1.3276718 1.5027696 1.3988867 0.7316571 0.3711454 0.0000000 0.4208739 0.5897242 0.4997831 0.6828168 0.9764671 2.0349558 2.1852309 2.2142426 2.1747352 2.1789854 2.1435857 2.1423790 1.5517620 1.1809688 2.2019839 2.2736327 1.8577576 1.6146815 1.7349245 1.7526116 2.1732340 1.7822218 1.4406546 1.9255855 1.7432260 2.6113506 2.7003694 1.6868055 3.0752286 2.6488436 2.8822627 3.0390096 3.7259996 2.2471486 2.8898034 2.8247016 1.6345703 2.4928091 1.7385877 1.8606247 1.2484287 1.4800525 1.9970530 3.6515501 2.0959314 2.3203421 2.0455383 1.0719953 2.5193619 
Nemnom_g14794.t1                                                  1.3562501 1.2473533 1.1361010 1.1784980 1.1973983 1.2163532 0.7208162 0.8155158 0.7704746 0.8120824 0.9519647 8.9999983 4.2771200 0.6897589 0.3093366 0.4208739 0.0000000 0.1543661 0.0000010 2.0179560 0.2720721 1.9162823 1.8681950 1.8519301 1.8928754 1.8928754 1.7649307 1.7715081 1.0521894 1.1229581 1.3953012 1.6555022 1.0873594 0.9069732 0.9069732 0.9163768 1.3649422 1.2081737 0.0000010 1.6137787 1.7495491 1.6711995 1.6545315 1.8408829 1.7795045 1.8020769 1.7407697 2.1552502 6.5183870 1.5786471 5.5754932 1.8840615 1.2183467 2.5496246 1.4882773 1.2776180 3.5387483 3.7947460 1.7603938 1.6921497 1.9492498 1.6836623 1.5829478 0.0000010 0.4910209 
Rhoesc_Res_014228-T1                                              1.2595242 1.7607552 1.2288975 1.6842970 1.4770627 1.7136719 0.7854989 1.5432427 1.4598307 1.6010622 1.3466584 1.5085702 1.4180737 0.6184628 0.3231270 0.5897242 0.1543661 0.0000000 0.3479642 0.1961625 0.8683210 2.0240576 2.1092622 2.1302857 2.1449446 2.1469771 2.1893539 2.2046843 1.5844114 1.1277347 2.2029046 2.2898574 1.8406882 1.6312870 1.7081586 1.7304127 2.1066025 1.7494304 1.4757299 1.8828689 1.7809053 2.2794893 2.3614958 1.7321631 3.1360092 2.5225345 2.8497298 3.1207679 3.6063573 2.1786640 2.9131691 2.6254791 1.5291096 2.5516405 1.7241148 1.8378045 1.1811590 1.4121472 1.9954193 3.1121035 2.1217779 2.0419662 2.0183205 1.1522393 2.9192323 
Aaur_scaffold1720.g1.t2                                           0.0000010 1.6337855 9.0000000 1.6380408 1.3420759 1.6581745 0.0000010 1.2963322 0.9894335 1.4613357 1.4025202 1.3317802 1.3525437 0.0000010 0.8970396 0.4997831 0.0000010 0.3479642 0.0000000 0.3702736 1.8409616 2.1357790 2.1637818 2.2295937 2.2321377 2.2318950 2.1475152 2.1544463 1.3989239 0.0000010 2.2251526 2.2427435 1.7801789 5.8350520 4.8806148 1.2580469 2.1587835 1.5723283 1.4672584 1.8672809 0.0000010 9.0000000 2.7086935 0.0000010 3.5715911 3.7393620 2.9350168 3.7348650 3.2564503 5.8400218 5.8400218 2.7308190 1.2491595 1.7998836 1.5493064 1.8179250 0.6294800 1.2771218 1.9312120 0.0000010 1.9077192 1.6441367 2.1790168 1.1676239 3.1597046 
Nemnom_g14796.t1                                                  4.6298722 1.9208881 1.3351569 1.7828094 1.6135686 1.8576019 1.4046331 1.8664461 1.8356521 1.8624704 1.5399271 1.5944312 1.4378863 3.1811500 1.9435517 0.6828168 2.0179560 0.1961625 0.3702736 0.0000000 2.4126331 2.1427518 2.2258910 2.2587626 2.2620775 2.2656983 2.3319929 2.3405890 1.8670587 1.9773379 2.4293143 2.4964932 2.0463141 1.8885895 1.9246150 2.3690625 2.2495905 1.9440680 1.5106345 1.9949709 2.3157561 3.1541596 3.1434921 2.6112136 3.4380650 3.1564789 3.1264715 3.3866423 3.4727318 3.1386490 2.9555134 3.0867498 2.0774217 2.7584645 1.8140636 2.0740765 1.1847221 1.4498164 2.1124222 4.8502667 2.2021191 2.2303592 2.0333871 1.1433451 2.9921862 
Aaur_scaffold3486.g1.t1                                           0.0000010 1.6662393 1.1436445 1.2498446 1.8059592 1.4174993 0.9914620 1.2613379 1.3073239 1.2150263 0.9498335 2.2623949 1.8532486 0.3565217 2.6787439 0.9764671 0.2720721 0.8683210 1.8409616 2.4126331 0.0000000 1.7278931 1.7154890 1.5488228 1.6091297 1.6091297 1.5350724 1.4850052 1.1421391 0.7512985 1.2910805 1.3820305 1.3307918 1.4721190 1.4679476 0.9775563 1.7831620 1.5218637 1.9422924 1.4830553 1.7354497 1.8643757 1.6089407 1.1215065 1.7286219 1.7984997 1.8517597 1.7286219 4.6941226 1.8078377 2.3555050 2.3609189 1.0285645 1.9871938 1.8561467 1.4325093 2.4997384 2.8083967 1.9500650 1.9046813 2.1094738 1.6612305 0.0000010 2.8282541 0.7185773 
HoiH11_mRNA1310                                                   2.3223347 2.2543395 1.2553310 2.1618485 1.9202769 2.0980168 1.5916542 2.2924996 2.2305912 2.1085973 2.0019433 2.1355235 2.1146534 1.4716784 2.1751240 2.0349558 1.9162823 2.0240576 2.1357790 2.1427518 1.7278931 0.0000000 0.2024997 0.1993593 0.2020070 0.1989690 0.3384140 0.3376604 2.0353208 2.1771292 2.8212657 2.8045682 2.3184253 2.3176011 2.4028894 1.9758588 2.6875772 2.0739386 1.7845511 2.3162385 2.2826562 2.4147706 2.3319268 2.1243161 3.5913791 2.9263892 3.2280057 3.6211609 4.2953239 2.6009061 3.0827406 2.9742415 1.9448338 3.2178935 2.1997437 2.4803869 2.5876267 2.1945436 2.4425244 3.6454404 2.6764419 2.7747913 3.5381347 2.2912702 3.3580437 
HoiH06_mRNA7445                                                   2.2085715 2.2539453 1.3484224 2.1659197 2.0653199 2.1830029 1.5967384 2.3093058 2.3465307 2.1791668 2.0625189 2.1712626 2.1123410 1.6020604 2.1378953 2.1852309 1.8681950 2.1092622 2.1637818 2.2258910 1.7154890 0.2024997 0.0000000 0.0586081 0.1703952 0.1695250 0.3913779 0.3909645 2.2894746 1.9818240 2.9183802 2.8569680 2.4421662 2.1786656 2.2870430 2.2878085 2.7581405 2.2176721 1.8468767 2.3298752 2.2422390 2.9760070 2.8455784 2.1412731 3.6560455 3.2233334 3.3632483 3.8214125 4.5572618 2.9052532 3.3796896 3.3203038 1.9509588 3.3878198 2.3124211 2.5444518 2.7564127 2.0417911 2.4759997 3.9937605 2.6816110 2.9052291 2.9283166 2.2919260 3.1681398 
HoiH23_PlH23_007675-RA                                            2.2337781 2.2974152 1.3939665 2.1785430 2.1102020 2.1733698 1.5995434 2.3592976 2.4067221 2.1634892 2.0593793 2.1753663 2.1421625 1.5573559 2.2187700 2.2142426 1.8519301 2.1302857 2.2295937 2.2587626 1.5488228 0.1993593 0.0586081 0.0000000 0.1584761 0.1575180 0.3832862 0.3837336 2.2997539 2.0691770 2.9298324 2.8653586 2.4640930 2.1393224 2.2453537 2.2533009 2.7568234 2.2068288 1.8446428 2.3542908 2.2123553 2.8745745 2.7505463 2.1254673 3.6704856 3.2314780 3.3688386 3.8825673 4.5876549 2.9938236 3.5297618 3.4174668 1.9651900 3.4854380 2.3373072 2.5606466 2.8179557 2.1251588 2.4610783 3.8035138 2.7307180 2.9711470 2.7874024 2.3036380 3.1585005 
Hhon_g10800.t1                                                    2.3592441 2.3110808 1.4123550 2.1819078 2.0623076 2.1702538 1.6060940 2.3562580 2.4327397 2.1722542 2.0926228 2.2113294 2.1324345 1.5329932 2.2105520 2.1747352 1.8928754 2.1449446 2.2321377 2.2620775 1.6091297 0.2020070 0.1703952 0.1584761 0.0000000 0.0060454 0.3790978 0.3795366 2.3617578 2.0230438 2.8899709 2.8314705 2.4658293 2.1383552 2.2510243 2.3895311 2.7298876 2.1943507 1.8271268 2.3513449 2.2702158 3.0475438 2.8475295 2.2174334 3.6028657 3.2034442 3.3314929 3.7315095 4.4651015 3.0013207 3.6348913 3.3351368 1.9805948 3.4496222 2.3347113 2.6044416 2.7989608 2.2602564 2.5243961 3.8989894 2.7192904 2.8724592 2.8333716 2.2829322 3.1511362 
HoiH04_mRNA6537                                                   2.3592441 2.3180739 1.4460474 2.1821025 2.0641911 2.1777388 1.6208984 2.3650520 2.4553166 2.1724497 2.0949424 2.2163624 2.1309218 1.5329932 2.2105520 2.1789854 1.8928754 2.1469771 2.2318950 2.2656983 1.6091297 0.1989690 0.1695250 0.1575180 0.0060454 0.0000000 0.3779179 0.3783548 2.3617373 2.0660830 2.8947091 2.8363664 2.4699424 2.1671748 2.2758467 2.3957417 2.7331082 2.2006909 1.8255557 2.3543203 2.2538686 3.0216234 2.8241828 2.2174334 3.6012941 3.2153304 3.3426597 3.7306432 4.4968151 3.0334148 3.7053543 3.3736846 1.9991318 3.4838192 2.3395276 2.6129399 2.8195660 2.2602564 2.5168520 3.8989894 2.7326748 2.8904491 2.8514085 2.2898575 3.1312745 
TrH2_TrispH2_007238-RA                                            2.4339536 2.3257089 1.4372858 2.1427964 2.0927158 2.1918332 1.6070024 2.4246065 2.4625481 2.2899634 2.1410314 2.2486885 2.1486463 1.5570254 2.0076119 2.1435857 1.7649307 2.1893539 2.1475152 2.3319929 1.5350724 0.3384140 0.3913779 0.3832862 0.3790978 0.3779179 0.0000000 0.0052891 2.3593338 2.0787014 2.8658624 2.8820143 2.5059413 2.0767444 2.1734325 2.3758866 2.7479487 2.2482022 1.9018675 2.3847055 2.1745686 3.1096562 3.0184875 1.9933785 3.5992703 3.1078149 3.2612879 3.9304830 4.6830428 3.0071204 3.5872867 3.5842126 1.9078068 3.5012360 2.4011932 2.5402602 2.7594051 1.9846166 2.5815054 4.4594606 2.7230262 2.8279648 2.9245206 2.3049987 2.9218912 
Tadh_TriadT60832                                                  2.4579514 2.3327829 1.4090219 2.1674441 2.1224707 2.2267655 1.6804819 2.4455563 2.5017070 2.3046610 2.1522124 2.2722028 2.1557014 1.5378606 2.0137806 2.1423790 1.7715081 2.2046843 2.1544463 2.3405890 1.4850052 0.3376604 0.3909645 0.3837336 0.3795366 0.3783548 0.0052891 0.0000000 2.3714185 2.0610056 2.8955387 2.9146641 2.5160722 2.0767444 2.1734325 2.4064883 2.7742145 2.2606294 1.9069859 2.3971386 2.1620483 3.1315875 3.0342448 1.9758178 3.5778301 3.0756179 3.2605875 3.8948076 4.6947991 2.9929905 3.5872867 3.5986420 1.9164310 3.5396410 2.4061831 2.5801896 2.7548407 1.9804636 2.5944244 4.4548676 2.7178478 2.8440778 2.9245206 2.3005859 2.9294291 
Skow_XM_002740524.2                                               1.3205563 1.1830928 0.9882901 1.2749057 1.2319852 1.2586941 0.9610250 1.5851351 1.5745850 1.5915757 1.5625438 1.7833718 1.5983107 0.9339854 1.0407164 1.5517620 1.0521894 1.5844114 1.3989239 1.8670587 1.1421391 2.0353208 2.2894746 2.2997539 2.3617578 2.3617373 2.3593338 2.3714185 0.0000000 1.1095494 1.8476818 1.8494112 1.7180555 1.4804828 1.5764516 1.6053656 1.5676050 1.8629980 1.8092197 1.6052708 1.6928425 2.3734379 2.4612887 1.9361096 2.2702359 2.5793198 2.3335919 2.3245118 3.0526267 2.1947372 2.7071023 2.5301567 1.3323263 2.3608822 1.4661789 1.5483844 1.5817529 1.3556374 1.6127747 3.5222705 2.4232357 1.8385816 1.7241954 1.4438450 1.5979790 
Stycar_maker-SC_scaffold5018-snap-gene-0.4-mRNA-1                 0.4994977 1.1793259 1.3180081 1.0935278 1.2976130 1.0082368 1.1583075 1.1202309 1.1629105 1.2158470 1.0288142 0.9793218 1.4161370 1.6820289 1.6675590 1.1809688 1.1229581 1.1277347 0.0000010 1.9773379 0.7512985 2.1771292 1.9818240 2.0691770 2.0230438 2.0660830 2.0787014 2.0610056 1.1095494 0.0000000 0.6801905 0.9604223 0.6679427 0.8223538 0.8223538 1.3178841 1.4900977 1.6468983 0.0000010 1.5978163 1.7536136 1.6875522 1.6179949 1.7458027 1.5096128 1.7910344 1.8152430 1.7421184 4.8252221 1.6719937 1.3911160 1.5455790 1.5732063 2.3600227 1.3532078 1.3734552 1.5642687 2.8909444 1.6619212 2.8604961 2.1895098 1.5325160 1.4515212 0.0000010 0.0000010 
Xestes_augustus_masked-XT_scaffold20433-processed-gene-0.6-mRNA-1 0.7220376 2.1759288 1.4037576 2.1167150 1.9897467 2.1925479 1.3856728 2.1316118 2.0317227 2.1908894 2.1194455 2.1765403 2.1577649 1.6564548 1.6431009 2.2019839 1.3953012 2.2029046 2.2251526 2.4293143 1.2910805 2.8212657 2.9183802 2.9298324 2.8899709 2.8947091 2.8658624 2.8955387 1.8476818 0.6801905 0.0000000 0.6860931 1.6024001 1.0495725 1.1481573 1.9745214 2.5565443 2.3244871 2.2446941 2.3376377 1.6086860 2.2542823 2.4217169 1.7738200 2.9758201 2.6981707 2.9481664 2.9423759 3.8503736 2.4383159 2.9184557 2.7199232 1.6389552 2.5101549 2.0846877 2.4331936 2.5116166 1.0666190 2.3557750 3.3554998 2.3341924 2.2608090 2.0860305 2.7595773 2.5272518 
Aque_Aqu2.1.43472_001                                             0.9169486 2.2274330 1.4842771 2.1876773 2.0485732 2.2529457 1.3418797 2.2299637 2.0278354 2.2157397 2.2444135 2.3814485 2.1848904 1.5864180 1.6798484 2.2736327 1.6555022 2.2898574 2.2427435 2.4964932 1.3820305 2.8045682 2.8569680 2.8653586 2.8314705 2.8363664 2.8820143 2.9146641 1.8494112 0.9604223 0.6860931 0.0000000 1.6042646 1.3532697 1.4618799 2.0297550 2.4595467 2.2928948 2.1955295 2.4014018 1.7728186 2.2421477 2.2768484 1.8385503 3.0910162 2.6634618 3.0414358 2.9487961 3.4090295 2.3419404 2.9032563 2.6421111 1.6105973 2.4259161 2.2289139 2.3373558 2.5073627 1.1304415 2.4282521 3.7781873 2.3808772 2.3046773 1.9641022 2.5988517 2.6758196 
Plespi_Pspi_scaffold20819_01                                      0.9599059 1.9868916 1.1859097 1.8205206 1.6843223 1.9186887 1.2271996 1.8594535 1.7128266 1.8593968 1.7813798 1.7935813 1.7098159 1.1751082 1.3473255 1.8577576 1.0873594 1.8406882 1.7801789 2.0463141 1.3307918 2.3184253 2.4421662 2.4640930 2.4658293 2.4699424 2.5059413 2.5160722 1.7180555 0.6679427 1.6024001 1.6042646 0.0000000 1.3032654 1.3567979 1.9150252 2.0919544 1.9875744 1.8471014 2.0610712 1.6789246 2.3221853 2.2672424 1.5901292 2.9226591 2.6334186 2.9429813 2.9661229 3.5443295 2.0423083 2.4182763 2.2124841 1.3695583 2.2290476 1.8357796 1.9711506 1.8686984 1.0962936 2.1772012 3.9285400 2.0727145 1.9825188 1.7242537 2.0422242 2.5417125 
Spolac_c93021_g1_i1_m.8416c93021-g1                               9.0000000 1.8766140 1.4501938 1.7979015 1.6249215 1.6345558 1.2921298 1.5323761 1.4219527 1.5163310 1.7365110 1.8010288 3.0698093 1.2312389 3.7267674 1.6146815 0.9069732 1.6312870 5.8350520 1.8885895 1.4721190 2.3176011 2.1786656 2.1393224 2.1383552 2.1671748 2.0767444 2.0767444 1.4804828 0.8223538 1.0495725 1.3532697 1.3032654 0.0000000 0.1714871 1.5109296 1.7932073 2.0525454 7.6460564 1.7303473 1.6466558 1.5342162 1.6230446 1.7550259 2.2823494 1.8079521 2.4804508 1.9382489 2.4641678 1.3950314 1.4112929 1.6507005 1.5522217 1.9072219 1.8874227 1.8619002 1.8594672 1.3592142 2.0423977 3.3047715 2.2589181 1.8676963 9.0000000 5.2137946 5.5855884 
Spolac_c93021_g1_i2_m.8418c93021-g1                               9.0000000 1.9129907 1.4334962 1.7533405 1.6401469 1.6920303 1.2921298 1.5921166 1.4884012 1.6242290 1.7776976 1.8733475 2.8886714 1.2312389 3.4617493 1.7349245 0.9069732 1.7081586 4.8806148 1.9246150 1.4679476 2.4028894 2.2870430 2.2453537 2.2510243 2.2758467 2.1734325 2.1734325 1.5764516 0.8223538 1.1481573 1.4618799 1.3567979 0.1714871 0.0000000 1.5438545 1.8452930 2.1572219 5.3573463 1.7915851 1.6466558 1.5208879 1.6285135 1.7550259 2.3020887 1.8294311 2.5233241 1.9612137 2.3856676 1.3950314 1.4112929 1.6837942 1.5199345 1.9482173 1.8319924 1.8153830 1.9585146 1.5700985 2.1289623 3.3047715 2.2527399 1.8286563 4.8974169 3.7529937 9.0000000 
Dgig_XM_028562450.1                                               1.5509840 1.9108992 1.3307333 1.8891416 1.8716904 1.9790791 0.9142242 1.4219105 1.4628618 1.4105282 1.3080873 1.7422510 1.6242563 0.8879007 1.0111693 1.7526116 0.9163768 1.7304127 1.2580469 2.3690625 0.9775563 1.9758588 2.2878085 2.2533009 2.3895311 2.3957417 2.3758866 2.4064883 1.6053656 1.3178841 1.9745214 2.0297550 1.9150252 1.5109296 1.5438545 0.0000000 1.8323038 0.7943967 0.5431505 2.0985746 1.5751412 2.1866672 2.1835560 1.6671131 2.3742677 2.4114491 2.4313361 2.5920945 3.4130044 2.3798465 2.8787502 2.6798517 1.6477398 3.1007508 2.0919216 1.8498028 2.2612618 1.4305455 2.2983950 3.4974093 2.4103184 2.1293195 1.3101410 0.9454678 0.8675949 
Dpul_mRNA5018                                                     1.5466862 1.7787055 1.1877415 1.8026392 1.7272143 1.9427120 1.5210622 2.0851333 1.9411465 2.0896845 2.1125586 2.2993244 2.1286870 1.5344186 1.6001262 2.1732340 1.3649422 2.1066025 2.1587835 2.2495905 1.7831620 2.6875772 2.7581405 2.7568234 2.7298876 2.7331082 2.7479487 2.7742145 1.5676050 1.4900977 2.5565443 2.4595467 2.0919544 1.7932073 1.8452930 1.8323038 0.0000000 2.2368840 2.3907797 1.8287849 1.8884015 2.4089583 2.3699500 1.9017157 2.9608929 2.5936500 2.9063716 2.8978573 3.5449091 2.2245297 2.5851683 2.6249295 1.6690745 2.5311387 1.8621873 2.0358974 2.0842960 2.0433407 1.7212515 3.3637471 2.5065432 2.2946187 2.6100741 2.2608493 2.7851649 
Xesp_018551-T1                                                    1.9882185 1.9044226 1.1890023 1.9426398 1.7403257 1.9079189 1.1117542 1.6143725 1.6392838 1.6054560 1.4318958 1.5475606 1.3129812 1.1409132 1.3254512 1.7822218 1.2081737 1.7494304 1.5723283 1.9440680 1.5218637 2.0739386 2.2176721 2.2068288 2.1943507 2.2006909 2.2482022 2.2606294 1.8629980 1.6468983 2.3244871 2.2928948 1.9875744 2.0525454 2.1572219 0.7943967 2.2368840 0.0000000 0.4041232 2.0673973 1.5696870 2.2745928 2.4063542 1.7493470 2.8472187 2.5565059 2.7875535 2.9682075 3.6552831 2.4175376 2.7584898 2.9651399 1.8056640 2.7849409 1.9617562 2.0061528 2.0722424 1.3218135 2.1773357 4.3556279 2.2833855 2.3422847 2.2040134 1.8394931 2.7267322 
Dgig_XM_028562439.1                                               0.0000010 1.5489124 9.0000000 1.6678211 1.3372520 1.5801617 0.0000010 1.2090188 1.1498839 1.1955923 1.1969549 1.1202906 1.0855530 0.0000010 1.1332286 1.4406546 0.0000010 1.4757299 1.4672584 1.5106345 1.9422924 1.7845511 1.8468767 1.8446428 1.8271268 1.8255557 1.9018675 1.9069859 1.8092197 0.0000010 2.2446941 2.1955295 1.8471014 7.6460564 5.3573463 0.5431505 2.3907797 0.4041232 0.0000000 1.7127526 0.0000010 9.0000000 5.1876491 0.0000010 3.3724016 0.0000010 3.0071761 3.5312095 3.1104144 0.0000010 0.0000010 9.0000000 1.8483813 1.4630943 1.5901540 1.8563130 1.6252993 2.6504743 1.8539826 0.0000010 1.7894373 2.0655113 2.2035226 1.8294659 2.4211477 
Cscu_XM_023385371.1                                               1.7272440 1.6074129 1.2512554 1.5641778 1.5366964 1.7767155 1.5079075 1.9264308 1.9510611 2.0078620 1.7154742 1.8013152 1.6127480 1.5278057 1.7958667 1.9255855 1.6137787 1.8828689 1.8672809 1.9949709 1.4830553 2.3162385 2.3298752 2.3542908 2.3513449 2.3543203 2.3847055 2.3971386 1.6052708 1.5978163 2.3376377 2.4014018 2.0610712 1.7303473 1.7915851 2.0985746 1.8287849 2.0673973 1.7127526 0.0000000 1.9916723 2.6143507 2.5800808 1.9535435 3.2170908 2.5302511 2.9272903 3.4748008 3.6966839 2.4033390 2.7644530 2.9761547 1.7829016 2.5699372 1.8236312 1.8739707 2.0494013 1.5549480 1.6895104 3.6470824 2.1714133 2.3024422 2.5182690 2.0271719 2.6840517 
Bolinf_Binf_sb1231977                                             2.4586538 1.6805548 1.4154693 1.6021062 1.5712236 1.7285275 1.6397367 1.6343941 1.5623624 1.5662509 1.6184134 1.5903509 2.6458745 1.9095302 2.0577560 1.7432260 1.7495491 1.7809053 0.0000010 2.3157561 1.7354497 2.2826562 2.2422390 2.2123553 2.2702158 2.2538686 2.1745686 2.1620483 1.6928425 1.7536136 1.6086860 1.7728186 1.6789246 1.6466558 1.6466558 1.5751412 1.8884015 1.5696870 0.0000010 1.9916723 0.0000000 0.1040818 0.2738494 0.3351148 0.4957688 0.5407286 0.5144489 0.6649561 1.3893656 2.0431399 1.9411931 2.1213904 1.8323362 2.1713471 1.9626305 1.9111794 1.8196768 3.1939018 2.3649355 2.9854219 2.0116367 1.9607084 9.0000000 0.4696638 9.0000000 
Vmul_sbMO424146                                                   2.3796470 2.2241479 1.3244281 2.3241291 2.1664492 2.5389942 1.7002095 2.3079048 2.1570982 2.1299036 2.3166644 2.9153651 2.2801451 1.8181363 1.9600200 2.6113506 1.6711995 2.2794893 9.0000000 3.1541596 1.8643757 2.4147706 2.9760070 2.8745745 3.0475438 3.0216234 3.1096562 3.1315875 2.3734379 1.6875522 2.2542823 2.2421477 2.3221853 1.5342162 1.5208879 2.1866672 2.4089583 2.2745928 9.0000000 2.6143507 0.1040818 0.0000000 0.3737958 0.3507914 0.6615434 0.7990096 0.7891117 0.8189364 0.5031768 2.3619162 2.5790269 2.6140605 1.8061528 2.8107646 2.2946095 2.4347571 2.4596547 3.1939018 2.7559466 3.7289233 2.3436440 2.5359334 9.0000000 1.2378875 9.0000000 
Beraby_Baby_sb328713                                              2.2668409 2.3098877 1.2556929 2.4961433 2.2804360 2.5381558 1.6852059 2.2955718 2.2784574 2.2034112 2.1984581 2.8491693 2.4881917 1.7668927 1.9851758 2.7003694 1.6545315 2.3614958 2.7086935 3.1434921 1.6089407 2.3319268 2.8455784 2.7505463 2.8475295 2.8241828 3.0184875 3.0342448 2.4612887 1.6179949 2.4217169 2.2768484 2.2672424 1.6230446 1.6285135 2.1835560 2.3699500 2.4063542 5.1876491 2.5800808 0.2738494 0.3737958 0.0000000 0.4474439 0.7055410 0.8556140 0.8716280 0.8747695 1.0800544 2.4257127 2.6830559 2.6226201 1.7117569 3.1240329 2.3289625 2.4496429 3.0004195 3.1023728 2.9101603 3.7310935 2.2096504 2.4183715 9.0000000 3.0621501 2.1213900 
Drygla_Dgla_sb285897                                              2.5391743 1.8216004 1.7492463 1.6546540 1.8096219 1.6071279 1.7728532 1.7275509 1.7778270 1.7151936 1.7862959 1.8522060 1.9070688 1.7942874 2.0142220 1.6868055 1.8408829 1.7321631 0.0000010 2.6112136 1.1215065 2.1243161 2.1412731 2.1254673 2.2174334 2.2174334 1.9933785 1.9758178 1.9361096 1.7458027 1.7738200 1.8385503 1.5901292 1.7550259 1.7550259 1.6671131 1.9017157 1.7493470 0.0000010 1.9535435 0.3351148 0.3507914 0.4474439 0.0000000 0.5528681 0.5409967 0.5439312 0.8249715 3.7459975 2.1565397 2.2093145 2.2890074 1.9748619 2.5164481 2.0594667 2.0204267 1.6901872 4.4240602 2.4965271 3.0500122 2.2498063 2.0112407 9.0000000 0.0000010 9.0000000 
Horcal_Hcv1.av93.c6.g931.i1                                       2.2539609 2.9039433 1.3390578 2.9214811 2.7763058 2.8833487 1.6354882 2.7250230 2.4548152 2.8615478 2.8873789 3.1315966 2.9298823 1.7990929 1.9450375 3.0752286 1.7795045 3.1360092 3.5715911 3.4380650 1.7286219 3.5913791 3.6560455 3.6704856 3.6028657 3.6012941 3.5992703 3.5778301 2.2702359 1.5096128 2.9758201 3.0910162 2.9226591 2.2823494 2.3020887 2.3742677 2.9608929 2.8472187 3.3724016 3.2170908 0.4957688 0.6615434 0.7055410 0.5528681 0.0000000 0.8699509 1.1530075 0.0730671 1.0601448 2.4791115 2.8561660 3.1100061 2.0812574 3.0232396 2.9381623 2.9805438 2.9104125 2.2540285 3.0578069 3.5547970 3.0439047 2.9182233 3.2626796 3.6010120 3.2794822 
Coeast_Cast_sb788171                                              2.6107563 2.3938762 1.2809473 2.7753613 2.5635248 2.7237791 1.6609386 2.7334491 2.6352583 2.8605819 2.4976719 3.3474870 3.3954007 1.7479465 1.7682504 2.6488436 1.8020769 2.5225345 3.7393620 3.1564789 1.7984997 2.9263892 3.2233334 3.2314780 3.2034442 3.2153304 3.1078149 3.0756179 2.5793198 1.7910344 2.6981707 2.6634618 2.6334186 1.8079521 1.8294311 2.4114491 2.5936500 2.5565059 0.0000010 2.5302511 0.5407286 0.7990096 0.8556140 0.5409967 0.8699509 0.0000000 0.0522715 1.0637985 1.3911983 2.8370316 3.5034167 3.4851900 2.0262844 3.6167404 3.0089472 2.5591926 2.9950255 2.3346073 2.9541700 3.5327384 2.7763012 3.1586250 9.0000000 0.4696638 1.3777150 
Coemet_Cmet_C608208_01                                            2.4440445 2.6122668 1.3585787 2.7505978 2.6886925 2.8429667 1.6774844 2.8643314 2.5937101 2.8781692 2.8247544 3.0563105 2.8804472 1.6935321 1.8701433 2.8822627 1.7407697 2.8497298 2.9350168 3.1264715 1.8517597 3.2280057 3.3632483 3.3688386 3.3314929 3.3426597 3.2612879 3.2605875 2.3335919 1.8152430 2.9481664 3.0414358 2.9429813 2.4804508 2.5233241 2.4313361 2.9063716 2.7875535 3.0071761 2.9272903 0.5144489 0.7891117 0.8716280 0.5439312 1.1530075 0.0522715 0.0000000 1.1183602 1.3603223 2.8589943 3.6002922 3.5503875 2.0230477 3.2795695 2.9946148 2.9063408 2.9717452 2.4039169 2.9819439 3.5607295 2.9966399 3.0493234 2.8185256 3.3001803 3.6290917 
Pbac_sb2654121                                                    3.7981816 2.8991173 1.3399659 2.9676516 2.8026201 2.9008638 1.9071610 2.8132225 2.5372039 2.9599051 2.8376379 3.1455499 2.9778367 2.2199397 2.6761494 3.0390096 2.1552502 3.1207679 3.7348650 3.3866423 1.7286219 3.6211609 3.8214125 3.8825673 3.7315095 3.7306432 3.9304830 3.8948076 2.3245118 1.7421184 2.9423759 2.9487961 2.9661229 1.9382489 1.9612137 2.5920945 2.8978573 2.9682075 3.5312095 3.4748008 0.6649561 0.8189364 0.8747695 0.8249715 0.0730671 1.0637985 1.1183602 0.0000000 1.0258934 2.8158643 2.9556422 3.2834967 2.3490363 3.1895191 3.0300919 3.0021518 2.6731578 2.1483972 3.1166359 3.5848093 3.2751938 2.8830876 9.0000000 3.9275067 3.2070131 
Mlei_ML2795.g9.i1                                                 4.9879333 3.1629099 2.2112131 3.3431824 2.9724486 3.4533921 3.1433096 3.5449328 3.3913062 3.5656209 3.5204771 3.3572931 3.2447324 7.4238534 3.8533059 3.7259996 6.5183870 3.6063573 3.2564503 3.4727318 4.6941226 4.2953239 4.5572618 4.5876549 4.4651015 4.4968151 4.6830428 4.6947991 3.0526267 4.8252221 3.8503736 3.4090295 3.5443295 2.4641678 2.3856676 3.4130044 3.5449091 3.6552831 3.1104144 3.6966839 1.3893656 0.5031768 1.0800544 3.7459975 1.0601448 1.3911983 1.3603223 1.0258934 0.0000000 4.2600460 3.7909486 4.0790992 3.7615862 3.6022936 3.4467752 3.4030540 3.1927378 2.2233225 3.4048806 5.6568453 3.5793640 3.6864487 0.4966882 2.7119187 2.2349757 
Lcom_lcpid56852                                                   1.4292297 2.4772171 1.8033367 2.1372251 2.4461932 2.5619869 1.3888115 2.1803301 2.1552347 2.2450118 1.8328902 2.6432966 7.0005518 1.6462495 1.4967132 2.2471486 1.5786471 2.1786640 5.8400218 3.1386490 1.8078377 2.6009061 2.9052532 2.9938236 3.0013207 3.0334148 3.0071204 2.9929905 2.1947372 1.6719937 2.4383159 2.3419404 2.0423083 1.3950314 1.3950314 2.3798465 2.2245297 2.4175376 0.0000010 2.4033390 2.0431399 2.3619162 2.4257127 2.1565397 2.4791115 2.8370316 2.8589943 2.8158643 4.2600460 0.0000000 0.0283974 0.6412577 0.9332231 0.9823710 2.2279902 1.9639322 2.9641298 2.7490881 2.5699094 4.2515238 2.7602027 2.3244751 0.6157461 1.0863472 0.0000010 
Lcom_lcpid108598                                                  0.0000010 3.2919244 1.9342921 2.4547742 2.9303260 3.3299748 1.4814837 2.7843944 2.7411556 2.8554834 2.0799431 2.6574014 7.6296095 2.0146479 2.4321685 2.8898034 5.5754932 2.9131691 5.8400218 2.9555134 2.3555050 3.0827406 3.3796896 3.5297618 3.6348913 3.7053543 3.5872867 3.5872867 2.7071023 1.3911160 2.9184557 2.9032563 2.4182763 1.4112929 1.4112929 2.8787502 2.5851683 2.7584898 0.0000010 2.7644530 1.9411931 2.5790269 2.6830559 2.2093145 2.8561660 3.5034167 3.6002922 2.9556422 3.7909486 0.0283974 0.0000000 0.9192718 1.1614358 1.1545853 2.5191447 2.3138330 2.9846564 1.7791171 3.3195870 5.7919443 2.8180378 2.5713246 0.0000010 1.0863472 0.0000010 
Gracom_Gcom_C560836_01                                            1.3356421 2.7920785 1.8509258 2.9544008 2.4691650 2.7652166 1.5527575 2.6621349 2.6227564 2.7560194 2.1944586 3.0289756 3.3219327 1.7732297 1.6545094 2.8247016 1.8840615 2.6254791 2.7308190 3.0867498 2.3609189 2.9742415 3.3203038 3.4174668 3.3351368 3.3736846 3.5842126 3.5986420 2.5301567 1.5455790 2.7199232 2.6421111 2.2124841 1.6507005 1.6837942 2.6798517 2.6249295 2.9651399 9.0000000 2.9761547 2.1213904 2.6140605 2.6226201 2.2890074 3.1100061 3.4851900 3.5503875 3.2834967 4.0790992 0.6412577 0.9192718 0.0000000 1.0687135 1.0004204 2.5440760 2.4772156 3.1292362 1.7535390 2.7203490 4.1640718 2.8714006 2.5570797 0.6846750 2.3774305 0.0000010 
Clacor_Ccor_scaffold7322_01                                       1.0772416 1.5695185 1.6047295 1.5245176 1.4847009 1.5664620 1.3057493 1.6936352 1.5951701 1.7496525 1.4036474 1.8274992 2.9663937 1.1938216 1.2972930 1.6345703 1.2183467 1.5291096 1.2491595 2.0774217 1.0285645 1.9448338 1.9509588 1.9651900 1.9805948 1.9991318 1.9078068 1.9164310 1.3323263 1.5732063 1.6389552 1.6105973 1.3695583 1.5522217 1.5199345 1.6477398 1.6690745 1.8056640 1.8483813 1.7829016 1.8323362 1.8061528 1.7117569 1.9748619 2.0812574 2.0262844 2.0230477 2.3490363 3.7615862 0.9332231 1.1614358 1.0687135 0.0000000 1.2572056 1.6308461 1.6082405 2.0663830 2.3141195 1.8895407 2.9112759 2.1396157 1.6564743 0.8415692 1.3783689 1.2625596 
Leuniv_Lniv_scaffold2622_01                                       2.4337348 2.4936137 1.8226183 2.5473557 2.4914613 2.9212651 1.8959574 2.5509156 2.5093190 2.6489217 2.1478565 2.6292809 2.2870690 2.6209870 2.3335465 2.4928091 2.5496246 2.5516405 1.7998836 2.7584645 1.9871938 3.2178935 3.3878198 3.4854380 3.4496222 3.4838192 3.5012360 3.5396410 2.3608822 2.3600227 2.5101549 2.4259161 2.2290476 1.9072219 1.9482173 3.1007508 2.5311387 2.7849409 1.4630943 2.5699372 2.1713471 2.8107646 3.1240329 2.5164481 3.0232396 3.6167404 3.2795695 3.1895191 3.6022936 0.9823710 1.1545853 1.0004204 1.2572056 0.0000000 2.3141320 2.5822909 2.4343906 1.7534577 2.7354039 4.4723064 2.8102976 2.7144316 9.0000000 1.8991924 0.3266634 
Hsap_ENST00000219476                                              1.3408323 1.4604394 1.2900659 1.5682224 1.2766316 1.5512729 1.4390457 1.8598887 1.9277527 1.8257907 1.6065255 1.8000375 1.5557524 1.6530333 1.5706087 1.7385877 1.4882773 1.7241148 1.5493064 1.8140636 1.8561467 2.1997437 2.3124211 2.3373072 2.3347113 2.3395276 2.4011932 2.4061831 1.4661789 1.3532078 2.0846877 2.2289139 1.8357796 1.8874227 1.8319924 2.0919216 1.8621873 1.9617562 1.5901540 1.8236312 1.9626305 2.2946095 2.3289625 2.0594667 2.9381623 3.0089472 2.9946148 3.0300919 3.4467752 2.2279902 2.5191447 2.5440760 1.6308461 2.3141320 0.0000000 1.7123031 2.0587783 1.4316155 1.7755899 3.3248139 2.0307283 2.1306330 2.0646237 1.7656012 2.1902788 
