38
Acagra_model.g12441.t1                                 0.0000000 3.9629145 4.5133410 5.8217335 5.4531347 4.8800350 5.5563568 5.0427356 4.3137839 4.8091928 5.0550573 5.3997624 5.6800058 5.4776721 5.3896002 8.6879727 5.6654665 4.0177401 6.2095111 6.2882516 6.2073796 6.9774885 6.2905017 5.1639537 4.9086722 5.2663832 5.8308735 5.8355401 5.8333087 6.0965384 7.0067729 7.3619744 7.2545522 5.0163602 7.2174394 8.9314202 6.6365926 5.6605657 
Lcom_lcpid133587                                       3.9629145 0.0000000 0.2505178 1.4058434 1.7630356 1.6789708 1.4571047 1.9415889 1.3543275 1.5373382 2.0490759 1.8957601 1.6836778 1.6711939 1.6422548 1.7493587 2.6593081 1.6544411 1.4805683 1.8672694 1.8362235 2.1065436 2.1691029 1.7204009 1.9627317 2.0635374 2.1226060 2.1226060 2.1391798 2.2659668 2.7851115 2.7627972 2.1550751 2.2459935 2.1115582 2.5623600 4.4591258 6.0070040 
Scil_scict025239.1                                     4.5133410 0.2505178 0.0000000 1.5799555 2.3309158 2.0164074 1.7329254 2.3139885 1.5425225 1.9165569 2.3694022 2.3902102 2.1587503 2.2486569 2.1742564 1.8542529 2.9216166 1.8945882 1.7373413 1.8725266 1.8404897 2.1583922 2.5594830 1.9176445 2.1959995 2.3139206 2.2745895 2.2745895 2.1871269 2.5123558 3.1769815 3.0842365 2.6594028 2.5517915 2.1080643 2.8591565 4.8828997 6.5523043 
Spur_XM_011664858.2                                    5.8217335 1.4058434 1.5799555 0.0000000 1.3871381 1.5298002 1.4843157 1.5331322 1.2655248 1.6439398 2.1725619 2.1114240 1.9711618 1.8439254 1.7444848 1.7583313 2.2197224 1.6827875 2.4522816 2.6000813 2.5910030 3.5923531 1.6248248 2.1633205 2.1418212 2.8502595 3.0850639 2.9661467 2.7612374 3.2652895 2.5523861 2.8717729 2.5790353 3.9330676 2.0486286 2.8896134 3.6397233 5.8988066 
Skow_XM_002741174.2                                    5.4531347 1.7630356 2.3309158 1.3871381 0.0000000 1.5291417 1.3128486 1.4654305 1.6966552 1.5663875 2.0370212 2.0133118 1.4276505 1.3550974 1.4887966 1.1904122 2.5641298 1.1432287 1.8508776 2.0902260 2.0598757 2.4779490 1.7787047 1.4354114 1.5067472 2.6651922 2.8244758 2.8919937 2.9810475 3.0226174 1.8732806 2.4584012 2.4011982 2.7017908 2.2702034 2.2212293 5.1731911 6.0538910 
Emue_Em0011g516a.t1                                    4.8800350 1.6789708 2.0164074 1.5298002 1.5291417 0.0000000 0.2139842 1.1070564 1.0333910 1.0948414 0.9239344 1.0887667 1.0688912 0.9512413 0.9866416 1.4712517 1.1937520 1.3673307 1.4483529 1.9147600 1.9085550 1.7486624 1.9439537 1.7383707 1.5859844 1.6538635 1.6247101 1.6247101 1.7471625 1.8470476 1.3549743 1.5165448 1.7433434 3.0132646 1.6256980 2.0659932 4.4827994 6.7687677 
Spolac_c50794_g1_i1_m.1453c50794-g1                    5.5563568 1.4571047 1.7329254 1.4843157 1.3128486 0.2139842 0.0000000 1.3229007 1.2264240 1.0748646 1.0523875 1.2363528 1.2542340 1.0003100 1.0094259 1.4686612 1.3529463 1.6603685 1.5406268 1.7201289 1.6878878 1.6669081 2.1712039 1.6173595 1.6794160 1.6834052 1.7633255 1.7633255 1.7208956 1.8151260 1.2109619 1.3459362 1.7133395 2.8700930 1.2855851 1.9681120 5.0438481 7.0240516 
Hsap_ENST00000263384                                   5.0427356 1.9415889 2.3139885 1.5331322 1.4654305 1.1070564 1.3229007 0.0000000 0.9961042 1.8841086 1.3293296 1.4916262 1.0982871 1.2628046 1.2238659 1.5132071 1.9900285 1.3028375 1.6379509 2.6571076 2.6491068 2.5893286 1.9305827 1.8389421 1.6882411 2.0736592 2.1476587 2.1648275 3.0254719 2.6636890 2.3420072 2.8052208 2.2421552 2.6890133 2.3656004 2.7019414 4.6259207 5.5701648 
Aque_Aqu2.1.36700_001                                  4.3137839 1.3543275 1.5425225 1.2655248 1.6966552 1.0333910 1.2264240 0.9961042 0.0000000 0.8962286 0.3953058 0.9501143 1.0784826 1.0251843 1.1775868 1.0619576 1.6992301 1.3346715 1.3965069 1.5860405 1.6122759 1.4119819 2.0390986 1.3989188 1.5781767 1.8705018 1.7611188 1.7611188 1.7428319 1.9499818 1.4703536 1.7975080 2.4501686 2.3468996 2.1826958 2.0066196 2.2997110 5.6649062 
Tetwil_g25098.t2                                       4.8091928 1.5373382 1.9165569 1.6439398 1.5663875 1.0948414 1.0748646 1.8841086 0.8962286 0.0000000 0.9065684 1.7541305 1.6331592 1.2853562 1.5003154 1.5976376 2.2498042 1.3236294 2.1699908 2.2832920 2.2464479 2.7949908 1.8087945 1.6842407 1.7899796 1.6971772 1.7998248 1.7998248 1.7935138 1.7522459 1.3361862 1.7321949 2.3646221 4.3432252 1.8661264 2.2978763 5.0467448 7.7339419 
Xestes_maker-XT_scaffold1605-augustus-gene-0.20-mRNA-1 5.0550573 2.0490759 2.3694022 2.1725619 2.0370212 0.9239344 1.0523875 1.3293296 0.3953058 0.9065684 0.0000000 1.3845241 1.3830436 1.2640845 1.5453183 1.6643699 2.4335756 1.7070529 1.9491032 2.9595303 2.9951930 2.6630227 2.5008946 2.2767543 2.0015195 2.6651686 2.5456244 2.5487302 2.5518877 2.3383858 1.8452368 2.2085317 3.0708291 3.9089091 2.6711924 2.2947950 4.0929797 5.7824334 
Spis_XP_022805397_1                                    5.3997624 1.8957601 2.3902102 2.1114240 2.0133118 1.0887667 1.2363528 1.4916262 0.9501143 1.7541305 1.3845241 0.0000000 0.4295619 0.7354465 0.9550603 1.2750303 2.1649540 1.7571955 1.5245189 2.0470140 2.0683603 2.1228581 1.8424102 1.6150166 1.7380086 2.2522765 2.1374862 2.0606688 2.7023563 2.6422918 1.6825896 1.7207441 1.4956123 2.5489821 2.3976074 1.7563479 4.5572754 5.8279523 
Amil_Amillepora26241-RA                                5.6800058 1.6836778 2.1587503 1.9711618 1.4276505 1.0688912 1.2542340 1.0982871 1.0784826 1.6331592 1.3830436 0.4295619 0.0000000 0.5838447 0.7768512 0.9958826 2.1068116 1.2992865 1.1515538 2.0831636 2.0772291 2.0189539 1.8465869 1.8342599 1.6582968 2.2150058 1.8419413 1.7738637 2.5471142 2.5042514 1.8420460 1.7380520 1.8502801 3.2203942 2.5516750 1.6040618 5.3712488 5.4061153 
Nvec_v1g245650                                         5.4776721 1.6711939 2.2486569 1.8439254 1.3550974 0.9512413 1.0003100 1.2628046 1.0251843 1.2853562 1.2640845 0.7354465 0.5838447 0.0000000 0.7118438 1.0567878 2.1291309 1.4221034 1.1797002 2.0275451 2.0058631 1.9974160 2.6327880 1.6965342 1.6618615 1.7428124 1.8697126 1.9276499 1.8203217 1.8824800 1.8515634 2.2370107 2.1205898 2.8471308 1.7675828 1.5293972 4.8945095 5.3804466 
Exapal_XM_021057947.2                                  5.3896002 1.6422548 2.1742564 1.7444848 1.4887966 0.9866416 1.0094259 1.2238659 1.1775868 1.5003154 1.5453183 0.9550603 0.7768512 0.7118438 0.0000000 1.1166680 2.3236031 1.2759054 1.3998861 2.4552315 2.4313541 2.5895734 2.2703009 1.8812061 1.5480747 2.0008530 2.1517574 2.0941197 2.3601915 2.3627467 1.5685384 1.7710227 2.2563160 3.1216747 2.2305899 1.8977062 4.4512563 6.6652256 
Dgig_XM_028548051.1                                    8.6879727 1.7493587 1.8542529 1.7583313 1.1904122 1.4712517 1.4686612 1.5132071 1.0619576 1.5976376 1.6643699 1.2750303 0.9958826 1.0567878 1.1166680 0.0000000 2.6018269 1.4922260 1.1902660 1.6292049 1.6254213 1.8378116 2.1355947 1.7407593 1.7265436 2.4460652 2.4234592 2.4104717 2.3293068 2.7121805 1.7818365 2.2991806 2.5474696 2.1279376 1.9112334 1.2420478 3.6557655 7.5996351 
Dpul_mRNA16200                                         5.6654665 2.6593081 2.9216166 2.2197224 2.5641298 1.1937520 1.3529463 1.9900285 1.6992301 2.2498042 2.4335756 2.1649540 2.1068116 2.1291309 2.3236031 2.6018269 0.0000000 1.8168528 2.7989415 2.7692214 2.7288657 2.2953460 1.7724256 1.7528369 1.4719297 2.5962102 2.5928235 2.4905283 2.4456988 2.3718091 2.2980140 2.3869270 2.4123010 3.4457810 3.2215247 4.3567359 4.2579130 4.8577056 
Bralan_BLAG02002277_1                                  4.0177401 1.6544411 1.8945882 1.6827875 1.1432287 1.3673307 1.6603685 1.3028375 1.3346715 1.3236294 1.7070529 1.7571955 1.2992865 1.4221034 1.2759054 1.4922260 1.8168528 0.0000000 1.4787644 2.4005149 2.3925262 2.4299744 1.8154323 1.9686759 1.4891854 1.8239507 2.0405663 1.9672145 2.1737943 2.3455958 2.5088570 2.4653888 2.0997403 3.2348137 3.0972006 2.1028741 4.2027992 5.2987272 
Opea_EP00118_Oscarella_pearsei_P026392                 6.2095111 1.4805683 1.7373413 2.4522816 1.8508776 1.4483529 1.5406268 1.6379509 1.3965069 2.1699908 1.9491032 1.5245189 1.1515538 1.1797002 1.3998861 1.1902660 2.7989415 1.4787644 0.0000000 2.0426004 2.0147971 2.1434004 2.1147339 1.6979774 1.7499988 2.8126092 2.7533363 2.7389558 2.9846524 3.1321429 2.4271643 2.6625005 2.6029296 2.9157024 2.4298998 1.4417423 4.0173809 8.1188550 
Pbac_sb2651930                                         6.2882516 1.8672694 1.8725266 2.6000813 2.0902260 1.9147600 1.7201289 2.6571076 1.5860405 2.2832920 2.9595303 2.0470140 2.0831636 2.0275451 2.4552315 1.6292049 2.7692214 2.4005149 2.0426004 0.0000000 0.0113095 0.7820231 2.6136199 1.9023682 1.6924475 2.4276850 2.4121286 2.4115825 2.1353226 2.4657084 1.7095529 2.2517354 2.6328034 3.1751075 1.9793810 2.0837244 3.8013899 6.4268543 
Horcal_Hcv1.av93.c7.g591.i1                            6.2073796 1.8362235 1.8404897 2.5910030 2.0598757 1.9085550 1.6878878 2.6491068 1.6122759 2.2464479 2.9951930 2.0683603 2.0772291 2.0058631 2.4313541 1.6254213 2.7288657 2.3925262 2.0147971 0.0113095 0.0000000 0.7678056 2.5762306 1.8733782 1.6630611 2.4188868 2.4045911 2.4040315 2.0969458 2.4286864 1.6820513 2.2180442 2.6538384 3.1751075 1.9438871 2.0452180 3.8472772 6.4010393 
Mlei_ML1066.g28.i1                                     6.9774885 2.1065436 2.1583922 3.5923531 2.4779490 1.7486624 1.6669081 2.5893286 1.4119819 2.7949908 2.6630227 2.1228581 2.0189539 1.9974160 2.5895734 1.8378116 2.2953460 2.4299744 2.1434004 0.7820231 0.7678056 0.0000000 2.7525144 1.7734273 1.5208328 2.5591809 2.7486101 2.7693771 2.4636169 2.6776534 2.4071827 2.8524967 2.2441409 2.2554717 2.7424437 2.8754654 3.8210243 6.6023169 
Cgig_XM_011429894.3                                    6.2905017 2.1691029 2.5594830 1.6248248 1.7787047 1.9439537 2.1712039 1.9305827 2.0390986 1.8087945 2.5008946 1.8424102 1.8465869 2.6327880 2.2703009 2.1355947 1.7724256 1.8154323 2.1147339 2.6136199 2.5762306 2.7525144 0.0000000 1.0578449 1.7246899 2.6155155 2.4464599 2.3526618 2.4229220 2.8121409 2.3991199 2.9148779 2.0537685 2.4016430 2.7625704 3.1940668 3.9133868 7.0724018 
Acagra_model.g8699.t1                                  5.1639537 1.7204009 1.9176445 2.1633205 1.4354114 1.7383707 1.6173595 1.8389421 1.3989188 1.6842407 2.2767543 1.6150166 1.8342599 1.6965342 1.8812061 1.7407593 1.7528369 1.9686759 1.6979774 1.9023682 1.8733782 1.7734273 1.0578449 0.0000000 1.2637380 1.7748175 1.7518980 1.7412666 1.6858965 1.9142951 2.1061698 2.8501223 2.5559572 1.7597872 2.0134497 2.5266699 5.2299567 5.0310795 
Tcas_TC013807_001                                      4.9086722 1.9627317 2.1959995 2.1418212 1.5067472 1.5859844 1.6794160 1.6882411 1.5781767 1.7899796 2.0015195 1.7380086 1.6582968 1.6618615 1.5480747 1.7265436 1.4719297 1.4891854 1.7499988 1.6924475 1.6630611 1.5208328 1.7246899 1.2637380 0.0000000 1.6853614 1.6590907 1.6618760 1.7136867 1.8570157 1.7869012 2.2531758 2.8448818 1.9293278 2.2293190 2.8889218 4.5820103 3.8616940 
HoiH23_PlH23_002264-RA                                 5.2663832 2.0635374 2.3139206 2.8502595 2.6651922 1.6538635 1.6834052 2.0736592 1.8705018 1.6971772 2.6651686 2.2522765 2.2150058 1.7428124 2.0008530 2.4460652 2.5962102 1.8239507 2.8126092 2.4276850 2.4188868 2.5591809 2.6155155 1.7748175 1.6853614 0.0000000 0.1600486 0.1746569 0.3610557 0.3704346 2.4092753 2.6211465 2.0324377 2.3267292 1.6157066 3.3060687 6.5164150 4.7255597 
Hhon_g05715.t1                                         5.8308735 2.1226060 2.2745895 3.0850639 2.8244758 1.6247101 1.7633255 2.1476587 1.7611188 1.7998248 2.5456244 2.1374862 1.8419413 1.8697126 2.1517574 2.4234592 2.5928235 2.0405663 2.7533363 2.4121286 2.4045911 2.7486101 2.4464599 1.7518980 1.6590907 0.1600486 0.0000000 0.0107612 0.4388437 0.4353407 2.2760721 2.6774867 2.2300445 2.2963822 1.7906439 2.9154443 6.6797061 4.5668617 
HoiH04_mRNA6556                                        5.8355401 2.1226060 2.2745895 2.9661467 2.8919937 1.6247101 1.7633255 2.1648275 1.7611188 1.7998248 2.5487302 2.0606688 1.7738637 1.9276499 2.0941197 2.4104717 2.4905283 1.9672145 2.7389558 2.4115825 2.4040315 2.7693771 2.3526618 1.7412666 1.6618760 0.1746569 0.0107612 0.0000000 0.4643155 0.4564410 2.2898708 2.5736588 2.1449275 2.3000666 1.8608568 2.7841568 6.3898609 4.5570724 
TrH2_TrispH2_006343-RA                                 5.8333087 2.1391798 2.1871269 2.7612374 2.9810475 1.7471625 1.7208956 3.0254719 1.7428319 1.7935138 2.5518877 2.7023563 2.5471142 1.8203217 2.3601915 2.3293068 2.4456988 2.1737943 2.9846524 2.1353226 2.0969458 2.4636169 2.4229220 1.6858965 1.7136867 0.3610557 0.4388437 0.4643155 0.0000000 0.0445924 2.2163943 2.4560520 2.8429289 2.1556167 1.7056008 3.2389191 6.3044949 5.9409086 
Tadh_TriadT51965                                       6.0965384 2.2659668 2.5123558 3.2652895 3.0226174 1.8470476 1.8151260 2.6636890 1.9499818 1.7522459 2.3383858 2.6422918 2.5042514 1.8824800 2.3627467 2.7121805 2.3718091 2.3455958 3.1321429 2.4657084 2.4286864 2.6776534 2.8121409 1.9142951 1.8570157 0.3704346 0.4353407 0.4564410 0.0445924 0.0000000 1.8122688 2.0459675 2.2669245 2.9111954 2.0147045 2.8262455 5.5972722 5.5502396 
Sanmal_Sma_011760-T1                                   7.0067729 2.7851115 3.1769815 2.5523861 1.8732806 1.3549743 1.2109619 2.3420072 1.4703536 1.3361862 1.8452368 1.6825896 1.8420460 1.8515634 1.5685384 1.7818365 2.2980140 2.5088570 2.4271643 1.7095529 1.6820513 2.4071827 2.3991199 2.1061698 1.7869012 2.4092753 2.2760721 2.2898708 2.2163943 1.8122688 0.0000000 0.6235334 1.1817382 2.4604536 1.6453918 2.6368704 5.9876815 5.8951175 
Rhoesc_Res_016442-T1                                   7.3619744 2.7627972 3.0842365 2.8717729 2.4584012 1.5165448 1.3459362 2.8052208 1.7975080 1.7321949 2.2085317 1.7207441 1.7380520 2.2370107 1.7710227 2.2991806 2.3869270 2.4653888 2.6625005 2.2517354 2.2180442 2.8524967 2.9148779 2.8501223 2.2531758 2.6211465 2.6774867 2.5736588 2.4560520 2.0459675 0.6235334 0.0000000 1.0560480 4.0869031 2.0579105 2.8412213 7.0664830 7.1493602 
Nemnom_g3819.t1                                        7.2545522 2.1550751 2.6594028 2.5790353 2.4011982 1.7433434 1.7133395 2.2421552 2.4501686 2.3646221 3.0708291 1.4956123 1.8502801 2.1205898 2.2563160 2.5474696 2.4123010 2.0997403 2.6029296 2.6328034 2.6538384 2.2441409 2.0537685 2.5559572 2.8448818 2.0324377 2.2300445 2.1449275 2.8429289 2.2669245 1.1817382 1.0560480 0.0000000 2.5284402 2.4381859 3.0516060 4.8951465 6.9516427 
Ctel_gnl_WGS_AMQN_CAPTEDRAFT_mRNA172482                5.0163602 2.2459935 2.5517915 3.9330676 2.7017908 3.0132646 2.8700930 2.6890133 2.3468996 4.3432252 3.9089091 2.5489821 3.2203942 2.8471308 3.1216747 2.1279376 3.4457810 3.2348137 2.9157024 3.1751075 3.1751075 2.2554717 2.4016430 1.7597872 1.9293278 2.3267292 2.2963822 2.3000666 2.1556167 2.9111954 2.4604536 4.0869031 2.5284402 0.0000000 2.8543094 7.5763302 5.2798677 4.9442377 
Morvir_scaffold221.g17.t1                              7.2174394 2.1115582 2.1080643 2.0486286 2.2702034 1.6256980 1.2855851 2.3656004 2.1826958 1.8661264 2.6711924 2.3976074 2.5516750 1.7675828 2.2305899 1.9112334 3.2215247 3.0972006 2.4298998 1.9793810 1.9438871 2.7424437 2.7625704 2.0134497 2.2293190 1.6157066 1.7906439 1.8608568 1.7056008 2.0147045 1.6453918 2.0579105 2.4381859 2.8543094 0.0000000 3.1748717 4.7287597 5.3264865 
Xesp_001191-T1                                         8.9314202 2.5623600 2.8591565 2.8896134 2.2212293 2.0659932 1.9681120 2.7019414 2.0066196 2.2978763 2.2947950 1.7563479 1.6040618 1.5293972 1.8977062 1.2420478 4.3567359 2.1028741 1.4417423 2.0837244 2.0452180 2.8754654 3.1940668 2.5266699 2.8889218 3.3060687 2.9154443 2.7841568 3.2389191 2.8262455 2.6368704 2.8412213 3.0516060 7.5763302 3.1748717 0.0000000 5.2673630 8.9999986 
Lcom_lcpid192158                                       6.6365926 4.4591258 4.8828997 3.6397233 5.1731911 4.4827994 5.0438481 4.6259207 2.2997110 5.0467448 4.0929797 4.5572754 5.3712488 4.8945095 4.4512563 3.6557655 4.2579130 4.2027992 4.0173809 3.8013899 3.8472772 3.8210243 3.9133868 5.2299567 4.5820103 6.5164150 6.6797061 6.3898609 6.3044949 5.5972722 5.9876815 7.0664830 4.8951465 5.2798677 4.7287597 5.2673630 0.0000000 8.9999981 
Gasp_gasp1.m3.9794.m1                                  5.6605657 6.0070040 6.5523043 5.8988066 6.0538910 6.7687677 7.0240516 5.5701648 5.6649062 7.7339419 5.7824334 5.8279523 5.4061153 5.3804466 6.6652256 7.5996351 4.8577056 5.2987272 8.1188550 6.4268543 6.4010393 6.6023169 7.0724018 5.0310795 3.8616940 4.7255597 4.5668617 4.5570724 5.9409086 5.5502396 5.8951175 7.1493602 6.9516427 4.9442377 5.3264865 8.9999986 8.9999981 0.0000000 
