73
Ctel_gnl_WGS_AMQN_CAPTEDRAFT_mRNA216998           0.0000000 7.3377176 4.1093624 4.1150530 3.0025025 4.0068563 3.5355522 3.7476213 3.5823120 3.8635859 3.8054438 2.2027325 3.7456719 4.0113243 3.9540863 4.4269047 3.7550223 3.8579968 4.5279322 3.6447860 3.2312320 3.3265903 4.1918533 4.6037803 3.3399159 2.7473290 1.9135984 3.1450229 3.2531080 4.1843840 3.0142345 2.5468805 3.1543555 4.2532045 6.0003115 5.2701987 4.8300600 3.9314579 7.6940145 4.9026506 5.6545222 8.0368312 5.3842743 3.3733548 3.2692147 3.8311614 3.8311614 3.7125998 3.9553372 3.8116110 4.9528827 4.2249472 4.0943617 4.0212676 5.3347667 5.9756735 5.6394071 5.1886644 5.1436893 4.2192104 4.7568926 5.0387840 4.9782001 5.2463185 6.1295276 6.1960540 2.2065658 2.8964347 4.8762555 5.6733686 5.5450296 7.3231226 5.9859175 
Coeast_Cast_sb784233                              7.3377176 0.0000000 5.2866531 4.8696438 3.6985574 5.4826969 6.0838498 5.1291141 5.0269288 3.7852799 4.0698779 9.0000000 4.3849243 4.4672412 1.8780878 4.1327893 4.4614235 4.4468698 4.1721312 5.8018316 4.8916504 4.0554768 3.4885632 3.5098133 1.2931212 4.1285926 2.9244609 3.8523656 5.4999067 6.0949897 3.8917040 3.9853538 4.8138108 5.6948717 6.5445581 5.0038463 5.8822963 5.8824012 5.6264485 5.1094577 5.2784698 7.2791423 5.0605233 3.9810393 4.0950986 4.0305799 4.0663885 4.5384694 3.3767514 4.6722274 5.1128498 4.8505741 5.4195226 4.7460924 6.2048688 2.2383098 2.2805186 2.3593013 2.3371384 2.1528837 1.9202672 1.9454182 2.1663165 1.8316379 3.1375262 2.9750539 5.0827610 5.6947378 4.1308345 6.7358771 5.3589020 6.3468031 4.8892167 
Spis_XP_022800313_1                               4.1093624 5.2866531 0.0000000 0.1915484 0.3952704 0.3739325 0.4090913 0.5433359 0.5044403 1.2480520 1.3368058 0.2089319 1.0247860 1.0378923 1.5998455 1.6979465 1.7345023 1.5481448 1.6924002 1.8289825 1.6713063 1.4845907 2.0947385 1.7122104 2.2799756 2.6069989 1.5846899 2.3326699 2.1812297 2.4905677 1.8748976 2.0971004 2.2488600 2.2425062 2.7243158 2.1905934 2.9059211 1.9858533 3.3409830 2.1429435 2.2961977 4.1158900 2.3364441 1.8321213 1.8798175 1.9294670 1.9357286 2.0702775 2.0724272 2.3466356 2.4974329 2.0761139 2.1703136 2.1131009 2.7464911 3.4364320 2.7063673 2.6290749 2.6693309 2.8157058 2.9249953 2.9914960 2.8853377 3.1895696 2.8400854 2.8364887 2.6155042 2.7053009 2.5390574 4.1345331 2.6983669 3.3625365 3.5587292 
Pocdam_XM_027195020.1                             4.1150530 4.8696438 0.1915484 0.0000000 0.2868569 0.3075133 0.3068208 0.4555358 0.4303756 0.7521706 0.8590745 0.1827482 0.9276019 0.8838285 1.5216198 1.5419077 1.5345540 1.4566050 1.5716663 1.6462959 1.4260613 1.3305143 1.8822315 1.6556173 2.2402141 2.3081355 1.4024721 2.1428463 1.9689934 2.3428915 1.7112137 1.8071735 2.0416338 2.1140061 1.8380667 1.9932648 1.9816925 1.7322134 3.4900116 2.0793088 2.1082197 3.9527206 2.1247424 1.7133013 1.7519152 1.8130215 1.8188489 1.9361485 1.9375925 2.1711007 2.2693854 1.9742492 1.9291091 1.8717546 2.4356919 3.2726909 2.6288102 2.5799864 2.6371764 2.6164713 2.6747992 2.7140641 2.8033158 3.1842607 2.5344937 2.5384666 2.3108110 2.6617110 2.3158939 4.1388284 2.6205109 3.5844963 2.9077192 
Gfas_gfas1.m1.18880.m1                            3.0025025 3.6985574 0.3952704 0.2868569 0.0000000 0.2735876 0.2869932 0.3383490 0.3322032 0.6292274 0.5881900 0.1767074 0.8384010 0.8326987 1.3769218 1.4981802 1.4559060 1.3443641 1.5860779 1.5897153 1.3529588 1.2638204 1.6895979 1.4599465 2.3162103 2.3547844 1.3932435 1.9211454 1.8403040 3.2076007 1.5340563 1.7526872 1.8973784 1.8927101 1.9726404 1.9039140 1.9671782 1.6756820 5.6508887 1.9260001 2.0031000 6.3679864 1.8283031 1.5608064 1.5440554 1.5913913 1.5913913 1.7764492 1.7648885 1.7736529 2.1637833 1.8915843 1.7726024 1.7682612 1.7526917 2.3774575 1.9889478 2.1246928 2.1299464 2.2667155 2.2373627 2.2529685 2.4209206 2.5042563 2.1463777 2.1138543 2.4809890 2.9016557 2.1324936 3.7501315 2.2798863 4.4714143 4.1540327 
Gasp_gasp1.m3.19642.m1                            4.0068563 5.4826969 0.3739325 0.3075133 0.2735876 0.0000000 0.2514954 0.4031562 0.3859525 0.7976805 0.9415779 0.1449897 0.9291685 0.8784363 1.4427651 1.4995705 1.5446797 1.5004837 1.5839935 1.7996152 1.4337554 1.3028590 1.7915456 1.5955527 2.1600568 2.3904003 1.3869117 2.0518730 1.8870598 2.4269431 1.6655273 1.9067417 2.0000484 2.1100340 2.0045012 2.1205793 2.1620758 1.7811460 3.6246641 2.1056198 2.1929419 4.2263441 2.1661149 1.6007042 1.6708743 1.7311631 1.7367368 1.8688951 1.8040277 2.0148298 2.2389354 1.8774067 1.9190285 1.8300438 2.3265536 3.2990096 2.6652903 2.7271063 2.8051653 2.7401262 2.6965003 2.7335049 2.8239193 3.4522594 2.5880793 2.5894530 2.3354588 2.7214925 2.3752898 4.0738846 2.4004905 3.2177717 3.0524020 
Fspp_ffun1.m4.5026.m1                             3.5355522 6.0838498 0.4090913 0.3068208 0.2869932 0.2514954 0.0000000 0.4242273 0.4019510 0.7135506 0.8562359 0.1949069 0.9562602 0.9360741 1.4618712 1.5937797 1.6046804 1.4473023 1.6049910 1.6436887 1.5673287 1.4628143 1.7397807 1.5369269 2.2949737 2.4492786 1.3767090 1.9902279 1.8833336 3.6254538 1.8057439 1.8799429 2.1282200 1.9705718 1.8869568 2.0293509 2.0337860 1.6713073 4.7559793 2.0946376 2.1110819 4.6520108 1.8479231 1.5929190 1.6232425 1.7391783 1.7391783 1.8775481 1.8559708 1.8793434 2.3250623 1.8958274 1.8980734 1.7709448 1.9592785 3.0931218 2.4854759 2.5418937 2.6029642 2.5373015 2.4823378 2.5149386 2.6129041 3.3313354 2.5130230 2.5221085 2.6300015 2.7097155 2.4089709 3.9949301 2.6669352 6.0396780 3.2016529 
Amil_Amillepora30358-RA                           3.7476213 5.1291141 0.5433359 0.4555358 0.3383490 0.4031562 0.4242273 0.0000000 0.0083237 0.0554019 0.1233261 0.0236679 1.0777817 0.9645431 1.5210651 1.7252909 1.6543502 1.5258281 1.6436922 1.8999801 1.5333334 1.4138410 1.8390600 1.6600089 1.7723917 2.5805839 1.3345458 2.1440539 1.9002850 2.3632630 1.7670562 2.0109727 1.9975454 2.1908276 1.9971913 2.1693040 1.9918730 1.7248309 4.4805024 2.3914437 2.4092813 4.7821764 2.2087986 1.6975130 1.7813134 1.8573821 1.8640832 1.9747416 1.9602955 2.2112755 2.1656594 2.0158839 1.9769820 1.7835040 2.6343193 3.1302542 2.6613942 2.7625433 2.7792692 2.8599350 2.7304810 2.7009346 2.7807970 3.7325157 2.6487152 2.6465714 2.4364220 2.8942403 2.7128657 4.0942683 2.6986863 3.7612254 3.3287521 
Amil_Amillepora36353-RA                           3.5823120 5.0269288 0.5044403 0.4303756 0.3322032 0.3859525 0.4019510 0.0083237 0.0000000 0.0471950 0.1137726 0.0145508 1.0497688 0.9733607 1.4154657 1.6847296 1.6588344 1.5420625 1.6338629 1.8867105 1.5437604 1.4327230 1.8561443 1.6758943 2.1762149 2.5576818 1.4802756 2.1369113 1.8515127 2.3632630 1.8388647 1.9811581 2.0196898 2.1576177 2.0637151 2.1194985 2.0587445 1.7478817 4.4805024 2.3414095 2.3848396 4.7821764 2.1890149 1.6701064 1.7619091 1.8315791 1.8376667 1.9573454 1.9389969 2.1802714 2.2382172 2.0270543 1.9230275 1.8085572 2.6013118 3.1405382 2.6674768 2.7015154 2.7731754 2.8310657 2.7001883 2.7469444 2.8364329 3.6588875 2.5948566 2.5960824 2.3767154 2.9398509 2.5921654 3.9119377 2.4747182 3.6795904 3.2873501 
Adig_XM_015917960.1                               3.8635859 3.7852799 1.2480520 0.7521706 0.6292274 0.7976805 0.7135506 0.0554019 0.0471950 0.0000000 0.0414803 0.0000010 1.8265154 1.5429432 1.9303410 3.0788734 2.8717873 2.3727052 2.7116389 3.1653373 2.3993388 2.3577475 2.5789305 2.4827260 1.3588771 4.1851604 1.3442914 2.8215390 2.9393436 3.8365204 2.4073600 2.8406990 2.5022215 2.6113855 2.3133035 3.0316609 2.3083630 3.3935125 9.0000000 4.2745239 3.7331627 8.5194727 3.2828693 2.5148655 2.4674280 2.7573749 2.7573749 2.9218585 3.1620504 3.4359659 3.0751736 4.2108385 2.9631867 2.4634151 2.6399548 3.1286108 3.1104956 3.2558404 3.2558404 3.3641998 2.5884424 2.5884424 3.0360789 3.5121041 2.6794551 2.7135146 3.1348016 4.8323382 4.1401577 6.3663695 2.6311143 3.7503172 4.3603171 
Adig_XM_015922007.1                               3.8054438 4.0698779 1.3368058 0.8590745 0.5881900 0.9415779 0.8562359 0.1233261 0.1137726 0.0414803 0.0000000 0.0000010 1.8327483 1.5353643 1.9303410 3.2296535 3.0464888 2.5565367 2.7798536 3.4026513 2.5163464 2.4580226 2.6831151 2.5465173 1.3588771 4.1415461 1.3442914 2.7914624 2.8857329 6.2208642 2.4778342 2.8895275 2.6524806 2.5134803 2.3133035 3.2079469 2.3083630 3.3935125 9.0000000 4.1833221 3.8095358 8.7582338 3.3185296 2.6363807 2.4786329 2.8839958 2.8839958 3.0307095 3.3871517 3.4248000 3.1424252 4.6448159 3.0893965 2.6253868 2.6508802 3.3177921 3.2983624 3.4742992 3.4742992 3.3718391 2.7544989 2.7544989 3.3775681 3.4801337 3.0034418 3.0717116 3.1470078 4.7706667 4.4063578 6.0145939 2.9984913 4.5281865 4.7405447 
Adig_XM_015922008.1                               2.2027325 9.0000000 0.2089319 0.1827482 0.1767074 0.1449897 0.1949069 0.0236679 0.0145508 0.0000010 0.0000010 0.0000000 0.6433099 0.7922015 1.2608682 1.2156761 1.3002595 1.3294021 1.4762954 1.5002926 1.3435836 1.3675594 1.3711196 1.5379498 3.2687692 2.2170780 1.9930699 2.5092200 1.6675078 0.0000010 2.1132224 2.3613801 2.0622350 2.5140359 0.0000010 2.4691284 0.0000010 0.0000010 0.0000010 2.2236438 2.4849987 9.0000000 2.1465235 1.3489092 1.4525712 1.3953350 1.3953350 1.8019501 1.4576697 1.4761024 3.9667206 1.8782872 1.6734400 2.1459078 0.0000010 0.0000010 2.9821455 2.9060351 4.1675080 3.2974507 3.5320258 4.3301870 3.1828519 0.0000010 2.4384471 2.4529077 0.0000010 2.1830222 1.8066624 4.1078150 2.4248878 0.0000010 0.0000010 
Exapal_XM_021056032.2                             3.7456719 4.3849243 1.0247860 0.9276019 0.8384010 0.9291685 0.9562602 1.0777817 1.0497688 1.8265154 1.8327483 0.6433099 0.0000000 0.6289197 1.4459602 1.5224054 1.3557057 1.3239251 1.4620712 1.4698583 1.5725410 1.4687439 1.7620087 1.4041511 1.9202621 2.4161466 1.5581582 1.8572529 2.1355057 2.2774598 1.7085076 1.8410335 1.9745869 1.8853066 1.7714096 2.0455787 1.9375342 1.6883994 3.0019053 2.0402041 2.0845357 3.7528573 1.9139587 1.7187013 1.7603927 1.7768868 1.7598644 1.8342152 1.6955287 1.8871993 2.1314238 2.0188597 1.8921881 1.8253648 2.1338647 3.2245121 2.5491829 2.6061183 2.7683919 2.4526047 2.5340265 2.7054524 2.7013835 3.0839415 2.7342272 2.7419390 2.4273265 2.7740009 2.2635402 3.3365687 2.6277802 3.5979180 2.8491928 
Nvec_v1g242625                                    4.0113243 4.4672412 1.0378923 0.8838285 0.8326987 0.8784363 0.9360741 0.9645431 0.9733607 1.5429432 1.5353643 0.7922015 0.6289197 0.0000000 1.6340963 1.6899543 1.4940710 1.4690205 1.7631164 1.6076641 1.4358844 1.3980099 1.7257948 1.5919472 1.9693413 2.2855076 1.4961293 1.8859623 1.9466194 2.3977862 1.8617880 1.7871873 2.0087612 1.9827503 2.2950904 2.2765674 2.3223859 1.8989681 4.1490289 2.2448254 2.3323490 4.3399513 1.9668416 1.8446993 1.8948380 1.8924685 1.8924685 2.0086971 1.9358631 2.1478287 2.1590062 1.7146412 1.5915158 1.5928909 1.9496436 3.1619089 2.5673711 2.5836476 2.7383368 2.5664041 2.5738027 2.7010402 2.5245696 3.2341250 2.7659530 2.7777845 2.2469199 2.6468118 2.2939105 3.5496477 2.7198928 4.0949348 2.3682321 
Aaur_scaffold1124.g6.t1                           3.9540863 1.8780878 1.5998455 1.5216198 1.3769218 1.4427651 1.4618712 1.5210651 1.4154657 1.9303410 1.9303410 1.2608682 1.4459602 1.6340963 0.0000000 0.0947768 0.4178044 0.4476585 0.5584300 1.0645684 1.3129963 1.4200461 1.2397975 1.4673743 2.1246258 2.9299960 1.5690348 1.7284420 1.5152669 3.9219133 1.9769550 2.2247051 1.9372277 2.3129149 0.8774122 1.9687900 0.8774122 1.5091733 4.5415021 1.6523926 1.7394220 3.1011961 2.3013437 1.6106931 1.5910857 1.5759908 1.5759908 1.8396571 1.6512446 1.6127649 2.4876852 1.9085024 1.8787130 2.1084871 6.1223509 2.0398825 2.5421905 2.2404458 2.5185416 2.2024625 2.2170616 2.9022385 2.2691495 1.7236750 2.1269770 2.1118943 3.8456998 2.1379563 1.5031514 2.7296835 2.1639767 3.5880123 5.3147369 
Aaur_scaffold1124.g5.t1                           4.4269047 4.1327893 1.6979465 1.5419077 1.4981802 1.4995705 1.5937797 1.7252909 1.6847296 3.0788734 3.2296535 1.2156761 1.5224054 1.6899543 0.0947768 0.0000000 0.5688370 0.6283338 0.8401180 1.2150664 1.5742966 1.5271911 1.5417122 1.4960470 1.6436340 2.7055384 1.5454443 2.1514964 2.1265551 2.4728810 2.1210043 2.2026979 2.0863779 2.3141413 2.3355660 2.1491998 2.4539623 2.1290808 4.5003425 2.2839313 2.2482111 4.6170950 2.2314941 1.8317369 1.9295982 1.8206767 1.8206767 1.9454306 1.8672710 2.0002707 2.3134123 2.0192045 2.0810066 1.9578416 2.9533090 3.8765705 3.0464089 3.0397536 3.2114026 2.7657405 2.5359561 2.7172167 2.7678471 3.8998477 2.9845889 2.9432704 2.7762830 3.0664035 2.2519768 3.5010681 2.8959939 5.2966998 3.7055562 
Nemnom_g5113.t1                                   3.7550223 4.4614235 1.7345023 1.5345540 1.4559060 1.5446797 1.6046804 1.6543502 1.6588344 2.8717873 3.0464888 1.3002595 1.3557057 1.4940710 0.4178044 0.5688370 0.0000000 0.3681573 0.8310783 1.1353508 1.5579128 1.6565811 1.6035431 1.5282228 1.5634421 2.6006654 1.5419811 2.0093862 2.0845725 2.6262452 1.8145644 1.8600361 1.9996229 2.1333818 1.9817606 2.1300051 2.1420207 1.8381991 3.9442117 2.0912009 2.2045335 4.2298997 2.1186186 1.6178798 1.6555813 1.6481208 1.6481208 1.8360509 1.7873710 1.9693664 2.1976883 1.8908182 1.9291300 1.6898455 2.5800254 3.5230673 2.8636623 2.7906247 2.9237895 2.5629618 2.6258601 2.8111344 2.6889995 3.4806688 3.1109823 3.0902576 2.4173969 2.7102327 2.2651384 3.5886597 2.9931594 5.2406143 3.8093213 
Rhoesc_Res_006437-T1                              3.8579968 4.4468698 1.5481448 1.4566050 1.3443641 1.5004837 1.4473023 1.5258281 1.5420625 2.3727052 2.5565367 1.3294021 1.3239251 1.4690205 0.4476585 0.6283338 0.3681573 0.0000000 0.7874141 1.0582138 1.5393466 1.6010206 1.5528195 1.4623913 1.6709183 2.5936651 1.5645573 1.9922918 1.8951709 2.5890740 1.7793442 1.9571192 2.0794498 2.2767067 2.3628751 2.1555363 2.4800423 2.0720116 3.3333171 2.0430865 2.2372419 4.0102225 2.1851827 1.6216108 1.6665278 1.6796737 1.6796737 1.8754992 1.7814120 1.9900058 2.2553739 1.9538781 1.9252545 1.7891697 2.4838462 3.7118836 2.9669559 2.8323724 2.9906016 2.6453682 2.6622484 2.8333337 2.8582002 3.7331101 3.0997330 3.0793100 2.7055560 2.8103191 2.1497501 3.3251742 2.8913686 4.8081592 3.2196723 
Sanmal_Sma_019281-T1                              4.5279322 4.1721312 1.6924002 1.5716663 1.5860779 1.5839935 1.6049910 1.6436922 1.6338629 2.7116389 2.7798536 1.4762954 1.4620712 1.7631164 0.5584300 0.8401180 0.8310783 0.7874141 0.0000000 1.1541199 1.6867273 1.6867275 1.6624255 1.6114324 1.6209777 2.7057416 1.7264463 2.0860890 2.0734232 2.8235635 2.0109989 2.1998830 1.9602398 2.1748222 2.0874855 2.2084756 2.2564188 1.7149013 3.8145143 2.3095024 2.3957438 4.0180622 2.4860207 1.8432518 1.8500694 1.9523484 1.9523484 2.1395052 1.8694034 2.1060728 2.3710060 2.0217833 2.2067913 2.0517518 2.6932538 3.4841219 2.8925223 2.8720375 3.0293354 2.6431552 2.6695926 2.7713666 2.7228787 3.5933689 3.0148684 2.9716667 3.0653586 3.3182083 2.6032000 3.3203588 2.8850074 4.1394363 3.0323587 
Morvir_scaffold169.g3.t1                          3.6447860 5.8018316 1.8289825 1.6462959 1.5897153 1.7996152 1.6436887 1.8999801 1.8867105 3.1653373 3.4026513 1.5002926 1.4698583 1.6076641 1.0645684 1.2150664 1.1353508 1.0582138 1.1541199 0.0000000 1.8703177 1.8713370 1.8569224 1.8734772 1.5434152 2.6341150 1.8243734 2.2303005 2.1138716 2.9583004 2.1185177 2.3134524 2.3093932 2.2950881 2.3650470 2.2941963 2.5059724 2.1739107 5.1649763 2.5788193 2.5770781 5.2402811 2.4691041 1.9341229 1.9431959 2.0626979 2.0638440 2.2849491 2.1742792 2.3170414 2.3979323 2.2175379 2.0960607 1.9396063 2.6813888 3.8545991 2.8988938 2.6807420 2.8340688 2.5708716 2.7837371 2.9312690 2.8023020 3.5099198 2.8765744 2.8459669 2.5551821 3.1521766 2.3358841 3.5819494 3.0549762 6.0908257 3.5531700 
Dgig_XM_028549780.1                               3.2312320 4.8916504 1.6713063 1.4260613 1.3529588 1.4337554 1.5673287 1.5333334 1.5437604 2.3993388 2.5163464 1.3435836 1.5725410 1.4358844 1.3129963 1.5742966 1.5579128 1.5393466 1.6867273 1.8703177 0.0000000 0.5873694 2.0015624 1.6946848 1.9955849 2.3719589 1.5886287 2.1579727 1.9194420 2.3161388 2.0678012 1.9888390 1.9509371 2.2240881 1.9801406 1.9372836 1.9271449 2.2900780 3.4635079 2.2178776 2.2990886 4.1947068 1.9993420 1.8202612 1.8047276 1.8273154 1.8466939 1.8540945 1.8655407 2.2772578 2.3474509 2.3046580 2.3602313 2.1745154 3.0312945 3.0562549 2.5985925 2.6119310 2.6372656 2.4968460 2.5439009 2.5729366 2.8398351 2.7983939 3.0345223 3.0252830 2.4518735 2.8477996 2.1130625 4.0906413 2.6009331 4.0109298 3.2308295 
Xesp_014301-T1                                    3.3265903 4.0554768 1.4845907 1.3305143 1.2638204 1.3028590 1.4628143 1.4138410 1.4327230 2.3577475 2.4580226 1.3675594 1.4687439 1.3980099 1.4200461 1.5271911 1.6565811 1.6010206 1.6867275 1.8713370 0.5873694 0.0000000 1.7633391 1.7655367 2.2550121 2.3919317 1.6336657 2.0870354 1.9602475 2.5975904 2.0232822 1.7810272 2.0043297 2.1612840 1.7213123 2.0564948 1.6825087 2.1773612 3.0878196 2.1383269 2.1683225 3.4653733 1.9708974 1.8953742 1.9266211 1.9783369 2.0002818 1.9317208 1.9785462 2.4122504 2.5494995 2.3063152 2.1857500 2.0912245 2.7546533 2.9318783 2.4763828 2.5480877 2.5532516 2.5626116 2.3437198 2.3863969 2.7150861 2.9173117 2.8873511 2.9080982 2.2879317 2.9078490 2.2260959 4.1153025 2.8297537 4.1868323 3.1803681 
Chem_TCONS_00057923                               4.1918533 3.4885632 2.0947385 1.8822315 1.6895979 1.7915456 1.7397807 1.8390600 1.8561443 2.5789305 2.6831151 1.3711196 1.7620087 1.7257948 1.2397975 1.5417122 1.6035431 1.5528195 1.6624255 1.8569224 2.0015624 1.7633391 0.0000000 1.0750431 1.4872311 2.5704584 1.7264275 2.2230532 2.2241492 2.9885892 2.1168569 2.0714329 2.2184927 2.2195916 2.5398555 2.3573408 2.5243117 2.0886539 5.4650194 2.6278076 2.6528406 6.0003015 2.5511656 1.9519990 1.9956811 2.0004775 1.9914211 2.1240773 1.9354790 2.1454282 2.7191955 1.9425671 1.9089649 2.0406936 3.0600984 3.3775933 2.7170641 2.6357666 2.7757490 2.7057123 2.6064460 2.7206309 2.5221219 3.4405386 2.5237199 2.5400467 2.6457043 2.8308936 2.0085267 3.1004721 3.1137895 5.8476828 3.8659266 
Hvul_g15395_1                                     4.6037803 3.5098133 1.7122104 1.6556173 1.4599465 1.5955527 1.5369269 1.6600089 1.6758943 2.4827260 2.5465173 1.5379498 1.4041511 1.5919472 1.4673743 1.4960470 1.5282228 1.4623913 1.6114324 1.8734772 1.6946848 1.7655367 1.0750431 0.0000000 1.9353051 2.4728902 1.6994419 1.8475731 2.1113624 2.8497907 2.0142403 2.0788437 2.0753326 2.2852957 2.1894209 2.1611792 2.1766647 2.1738443 2.9649420 2.0350319 2.1290507 3.2551938 2.0129696 1.8924343 1.9318896 1.9566636 1.9639615 1.9705096 1.8328544 1.9285864 2.5973554 2.0932194 2.1449030 2.0230473 2.8705338 3.1610330 2.5915435 2.7434274 2.7412410 2.5943682 2.4245474 2.5093702 2.6154779 2.8011669 2.6536865 2.6263106 2.6564275 3.0823569 1.9089148 4.0845846 2.7946754 4.0609049 3.1903480 
Tcas_TC034641_001                                 3.3399159 1.2931212 2.2799756 2.2402141 2.3162103 2.1600568 2.2949737 1.7723917 2.1762149 1.3588771 1.3588771 3.2687692 1.9202621 1.9693413 2.1246258 1.6436340 1.5634421 1.6709183 1.6209777 1.5434152 1.9955849 2.2550121 1.4872311 1.9353051 0.0000000 1.1829500 1.4011739 1.2227421 1.4760666 0.0000010 1.5910679 1.6434958 1.4428019 1.8070810 2.5572903 2.4207187 2.5572903 1.2723129 3.4488322 1.7145864 1.8418572 0.7175452 1.5725721 1.9096644 1.8450108 1.8263782 1.8263782 1.9832688 1.7058353 1.7135964 2.3714330 1.7540933 1.9773764 1.7563961 1.3403676 1.2335899 1.3249307 1.8007366 1.7247009 1.8011996 1.9745043 2.1427634 1.7644904 2.0578565 1.8069509 1.8211291 0.5405895 1.6130763 1.9124262 2.8026074 2.4012255 0.0000010 0.0000010 
Dpul_mRNA22622                                    2.7473290 4.1285926 2.6069989 2.3081355 2.3547844 2.3904003 2.4492786 2.5805839 2.5576818 4.1851604 4.1415461 2.2170780 2.4161466 2.2855076 2.9299960 2.7055384 2.6006654 2.5936651 2.7057416 2.6341150 2.3719589 2.3919317 2.5704584 2.4728902 1.1829500 0.0000000 1.5172846 1.9586750 2.0319361 1.3106385 1.9148672 1.8805692 1.9404289 2.4321385 2.0508022 2.4651464 1.9918818 2.6234821 3.5938162 2.6055006 2.5610200 4.2239093 2.3768795 2.2835932 2.4255703 2.3499067 2.3759934 2.5691945 2.4540456 2.6307225 2.6422729 2.5547111 2.4173023 2.2908278 3.0159534 4.4670933 3.4088961 3.1959081 3.3794120 3.2187410 3.0652442 3.1946975 2.8930683 3.6600052 3.4721816 3.4309566 1.7182294 1.9089888 2.7178126 3.8515911 3.1032636 5.3581210 4.1403801 
Ctel_gnl_WGS_AMQN_CAPTEDRAFT_mRNA217000           1.9135984 2.9244609 1.5846899 1.4024721 1.3932435 1.3869117 1.3767090 1.3345458 1.4802756 1.3442914 1.3442914 1.9930699 1.5581582 1.4961293 1.5690348 1.5454443 1.5419811 1.5645573 1.7264463 1.8243734 1.5886287 1.6336657 1.7264275 1.6994419 1.4011739 1.5172846 0.0000000 1.0301448 1.0473125 0.6025186 1.1943588 1.5413933 1.4217749 1.9901676 1.5971468 1.9172476 1.6241639 2.1686565 2.7856693 1.9271945 1.9493466 1.0639320 1.6970111 1.9632515 1.9729060 1.9087287 1.9087287 1.8999229 1.7362352 1.7159576 2.3366144 1.7173794 1.7304210 1.5883970 1.5224070 2.7958990 2.1626537 1.9404189 2.0099730 1.8639811 2.0593822 2.2754816 2.1356850 2.9673031 2.0251110 2.0316682 1.4071027 2.0738078 1.9195353 3.5491091 2.3107153 0.0000010 2.7152193 
Acagra_model.g13471.t1                            3.1450229 3.8523656 2.3326699 2.1428463 1.9211454 2.0518730 1.9902279 2.1440539 2.1369113 2.8215390 2.7914624 2.5092200 1.8572529 1.8859623 1.7284420 2.1514964 2.0093862 1.9922918 2.0860890 2.2303005 2.1579727 2.0870354 2.2230532 1.8475731 1.2227421 1.9586750 1.0301448 0.0000000 1.3156434 1.7737461 1.8451929 1.7920108 1.6601384 2.2212900 1.9082042 2.1957917 1.9183314 2.2314563 3.9328936 2.2879314 2.3953993 4.5569409 2.4004921 2.1519305 2.2083121 2.1505207 2.1577564 2.3299380 2.0723765 2.3198093 2.4935985 2.4744955 2.3631691 2.1675684 3.3327056 3.7441364 2.9973234 2.8687126 3.0341978 2.7203810 2.8001414 3.0647887 2.9155146 3.6373404 2.6960589 2.7440672 2.2504741 2.6336124 2.2665714 4.0279972 2.9066953 4.4093759 4.4978074 
Cgig_XM_020073497.2                               3.2531080 5.4999067 2.1812297 1.9689934 1.8403040 1.8870598 1.8833336 1.9002850 1.8515127 2.9393436 2.8857329 1.6675078 2.1355057 1.9466194 1.5152669 2.1265551 2.0845725 1.8951709 2.0734232 2.1138716 1.9194420 1.9602475 2.2241492 2.1113624 1.4760666 2.0319361 1.0473125 1.3156434 0.0000000 2.3218455 1.8553960 1.9189317 1.7151395 2.3910787 2.7764101 2.3115407 2.6853746 2.3735667 4.9273029 2.7152841 2.8567392 5.3512623 2.8050631 2.3431902 2.2947900 2.2795988 2.3038276 2.5219182 2.2559328 2.4468065 2.6548250 2.3047268 2.2657711 2.2989793 3.1434541 4.1592034 3.2429595 2.9311592 3.0428848 2.8892976 2.8103547 2.9462320 2.7260880 3.7463434 2.8947551 2.9307648 2.1977488 2.5014018 2.5226735 3.9203530 2.8651755 4.7672779 3.7640654 
Tcas_TC031813_001                                 4.1843840 6.0949897 2.4905677 2.3428915 3.2076007 2.4269431 3.6254538 2.3632630 2.3632630 3.8365204 6.2208642 0.0000010 2.2774598 2.3977862 3.9219133 2.4728810 2.6262452 2.5890740 2.8235635 2.9583004 2.3161388 2.5975904 2.9885892 2.8497907 0.0000010 1.3106385 0.6025186 1.7737461 2.3218455 0.0000000 2.7716971 2.1062618 2.2666426 3.5298982 2.3530945 2.6963787 2.3530945 2.8547144 2.6855363 2.5844201 3.4404685 3.1388985 3.2650929 2.0964692 2.3922955 2.4688390 2.4239974 2.4645449 2.3898965 3.1684256 2.5083814 2.6356690 2.3505648 2.7546841 4.8795312 4.5673491 4.5673491 4.9590342 4.9590342 4.6609651 5.1050122 5.1050122 4.5879985 4.0436514 6.3289094 6.4033493 2.1678108 2.4104985 3.1360405 4.4483935 4.3380012 4.5903770 3.4451903 
Hsap_ENST00000648068                              3.0142345 3.8917040 1.8748976 1.7112137 1.5340563 1.6655273 1.8057439 1.7670562 1.8388647 2.4073600 2.4778342 2.1132224 1.7085076 1.8617880 1.9769550 2.1210043 1.8145644 1.7793442 2.0109989 2.1185177 2.0678012 2.0232822 2.1168569 2.0142403 1.5910679 1.9148672 1.1943588 1.8451929 1.8553960 2.7716971 0.0000000 1.4102850 1.6751329 2.3161592 2.4974331 2.4151432 2.3376170 1.9252546 3.3924959 2.3627178 2.5641424 4.6119902 2.1934016 1.9515858 1.9517463 1.9701787 1.9768524 2.1389713 2.0046733 2.1876516 2.4851670 1.8463599 2.0052158 1.6743464 2.4140070 3.7335658 2.7611937 2.6135015 2.5852976 2.8393715 2.8573717 2.9138206 2.6257233 3.1589948 2.8513355 2.8594119 2.1663186 2.4247764 2.3873492 4.4141049 2.8385737 5.3370067 3.6138557 
Bralan_BLAG06000560_1                             2.5468805 3.9853538 2.0971004 1.8071735 1.7526872 1.9067417 1.8799429 2.0109727 1.9811581 2.8406990 2.8895275 2.3613801 1.8410335 1.7871873 2.2247051 2.2026979 1.8600361 1.9571192 2.1998830 2.3134524 1.9888390 1.7810272 2.0714329 2.0788437 1.6434958 1.8805692 1.5413933 1.7920108 1.9189317 2.1062618 1.4102850 0.0000000 1.6123792 2.2330397 2.1569176 2.1437564 2.0968745 2.0345345 3.7750652 2.1683567 2.1712479 4.7099130 2.1600861 1.7618735 1.7799048 1.8922886 1.8838452 2.0618120 1.9802436 2.1281433 2.2508103 1.9581550 2.0866642 1.8536749 2.3850848 3.6447013 2.7734065 2.5600294 2.5123465 2.7173429 2.7165399 2.7087179 2.6071935 3.2514600 3.0152111 2.9798066 1.8211922 2.4887678 2.2252684 3.5867659 2.6590884 3.6648463 3.5292000 
Spur_XM_030980947.1                               3.1543555 4.8138108 2.2488600 2.0416338 1.8973784 2.0000484 2.1282200 1.9975454 2.0196898 2.5022215 2.6524806 2.0622350 1.9745869 2.0087612 1.9372277 2.0863779 1.9996229 2.0794498 1.9602398 2.3093932 1.9509371 2.0043297 2.2184927 2.0753326 1.4428019 1.9404289 1.4217749 1.6601384 1.7151395 2.2666426 1.6751329 1.6123792 0.0000000 2.3009506 1.7522837 2.4597938 1.6865894 2.3245964 3.9081969 2.5745418 2.4406479 5.0579399 2.4130296 2.2475744 2.2678148 2.3397816 2.3529650 2.4506459 2.1879142 2.5429958 2.7936602 2.2283644 2.2502478 2.0684165 3.0373459 3.8518340 3.1073615 2.7552528 2.9227444 2.7192486 2.7044612 2.9095433 2.7272843 3.8332523 3.1300304 3.0808225 1.8329724 2.5964300 2.4364878 3.8572810 2.8875640 4.5054389 4.4051408 
Halamb_c48541_g5_i2mm.2691                        4.2532045 5.6948717 2.2425062 2.1140061 1.8927101 2.1100340 1.9705718 2.1908276 2.1576177 2.6113855 2.5134803 2.5140359 1.8853066 1.9827503 2.3129149 2.3141413 2.1333818 2.2767067 2.1748222 2.2950881 2.2240881 2.1612840 2.2195916 2.2852957 1.8070810 2.4321385 1.9901676 2.2212900 2.3910787 3.5298982 2.3161592 2.2330397 2.3009506 0.0000000 0.4631912 0.7416224 0.4620587 0.8319753 2.9708508 1.5931862 1.5051861 3.4358795 1.4589094 2.1775989 2.2001484 2.2455847 2.2442500 2.2832616 2.1819252 2.3067857 1.9607007 2.2486141 2.2193473 2.1945794 2.8018942 4.0332380 3.1543878 2.8938524 2.9326407 3.0281490 2.7802515 2.9340835 2.9818291 3.8159780 3.3480878 3.3176346 2.8294561 3.0686491 2.3189775 4.4250210 3.0629399 5.4727578 3.0689967 
Aque_Aqu2.1.06033_001                             6.0003115 6.5445581 2.7243158 1.8380667 1.9726404 2.0045012 1.8869568 1.9971913 2.0637151 2.3133035 2.3133035 0.0000010 1.7714096 2.2950904 0.8774122 2.3355660 1.9817606 2.3628751 2.0874855 2.3650470 1.9801406 1.7213123 2.5398555 2.1894209 2.5572903 2.0508022 1.5971468 1.9082042 2.7764101 2.3530945 2.4974331 2.1569176 1.7522837 0.4631912 0.0000000 0.0156786 0.0478865 0.7270723 0.0000010 0.8595216 0.6831842 0.0000010 0.9860335 1.7638590 1.7458200 1.8633468 1.8633468 1.5463050 1.7480352 1.7800759 1.7825415 3.5600352 2.3009301 2.5484634 2.3232386 2.7655673 2.8325179 2.8289290 2.7434482 2.5828450 2.2539221 2.2539221 2.4942604 3.1013318 3.2272696 3.0901323 1.6974587 3.2137281 2.4100244 4.5487142 2.7941796 6.1656104 2.8850300 
Aque_Aqu2.1.31481_001                             5.2701987 5.0038463 2.1905934 1.9932648 1.9039140 2.1205793 2.0293509 2.1693040 2.1194985 3.0316609 3.2079469 2.4691284 2.0455787 2.2765674 1.9687900 2.1491998 2.1300051 2.1555363 2.2084756 2.2941963 1.9372836 2.0564948 2.3573408 2.1611792 2.4207187 2.4651464 1.9172476 2.1957917 2.3115407 2.6963787 2.4151432 2.1437564 2.4597938 0.7416224 0.0156786 0.0000000 0.0315768 0.7502538 2.3309467 1.4712275 1.4888222 2.5314583 1.3439534 2.0730175 2.1669656 2.1765835 2.2015752 2.0953517 2.0098364 2.2788250 1.9149852 2.3333115 2.1303005 2.2297845 2.5543968 3.8997415 2.9927428 2.6934022 2.6231740 3.0759324 2.6768172 2.7933445 2.8992485 4.0019029 3.3034385 3.2409206 2.6841238 3.1353120 2.4060402 4.2041095 3.1196495 4.9382801 3.0254832 
Aque_Aqu2.1.04447_001                             4.8300600 5.8822963 2.9059211 1.9816925 1.9671782 2.1620758 2.0337860 1.9918730 2.0587445 2.3083630 2.3083630 0.0000010 1.9375342 2.3223859 0.8774122 2.4539623 2.1420207 2.4800423 2.2564188 2.5059724 1.9271449 1.6825087 2.5243117 2.1766647 2.5572903 1.9918818 1.6241639 1.9183314 2.6853746 2.3530945 2.3376170 2.0968745 1.6865894 0.4620587 0.0478865 0.0315768 0.0000000 0.6573860 0.0000010 0.7983942 0.6934642 0.0000010 1.0034058 1.7827869 1.7397163 1.8835179 1.8835179 1.5623613 1.7663268 1.7889606 1.7336774 3.8678227 2.2877253 2.5332484 2.3079559 2.5955939 2.6596465 2.6573332 2.5783456 2.4977310 2.1203652 2.1203652 2.3494665 2.9097226 3.2627486 3.1225394 1.6184092 3.1724113 2.3051426 4.4721202 2.7439122 5.5006425 2.6051499 
Xestes_maker-XT_scaffold5811-snap-gene-0.2-mRNA-1 3.9314579 5.8824012 1.9858533 1.7322134 1.6756820 1.7811460 1.6713073 1.7248309 1.7478817 3.3935125 3.3935125 0.0000010 1.6883994 1.8989681 1.5091733 2.1290808 1.8381991 2.0720116 1.7149013 2.1739107 2.2900780 2.1773612 2.0886539 2.1738443 1.2723129 2.6234821 2.1686565 2.2314563 2.3735667 2.8547144 1.9252546 2.0345345 2.3245964 0.8319753 0.7270723 0.7502538 0.6573860 0.0000000 3.1173861 1.4073058 1.4050109 2.1122704 1.1512335 1.8923219 1.8532692 1.8719770 1.8719770 1.9112652 1.9060409 1.9328223 1.7662865 2.5305696 2.3244460 2.2421788 3.4468865 3.0835576 2.4234039 2.3617855 2.3355777 2.3480544 2.2612989 2.2612989 2.2936999 3.0905646 2.9523488 2.9697779 2.4601940 3.3831817 2.4909789 3.6348645 2.8441776 5.1421051 3.9530978 
Spolac_c99783_g1_i3_m.20594c99783-g1              7.6940145 5.6264485 3.3409830 3.4900116 5.6508887 3.6246641 4.7559793 4.4805024 4.4805024 9.0000000 9.0000000 0.0000010 3.0019053 4.1490289 4.5415021 4.5003425 3.9442117 3.3333171 3.8145143 5.1649763 3.4635079 3.0878196 5.4650194 2.9649420 3.4488322 3.5938162 2.7856693 3.9328936 4.9273029 2.6855363 3.3924959 3.7750652 3.9081969 2.9708508 0.0000010 2.3309467 0.0000010 3.1173861 0.0000000 0.0319670 0.5731800 0.2324291 2.0215616 2.7002693 3.0879497 3.3466068 3.3466068 3.7552021 2.6165160 3.9250770 2.0661683 3.0226568 2.8997406 3.0523722 3.4711532 5.0386519 4.8164166 4.0671757 4.0671757 6.2436350 5.4804144 5.4804144 5.6472553 4.0893168 7.5849991 7.0692153 4.3165736 4.1369351 3.8802484 4.5812955 4.8766210 4.6880307 2.6872071 
Spolac_c99783_g1_i2_m.20593c99783-g1              4.9026506 5.1094577 2.1429435 2.0793088 1.9260001 2.1056198 2.0946376 2.3914437 2.3414095 4.2745239 4.1833221 2.2236438 2.0402041 2.2448254 1.6523926 2.2839313 2.0912009 2.0430865 2.3095024 2.5788193 2.2178776 2.1383269 2.6278076 2.0350319 1.7145864 2.6055006 1.9271945 2.2879314 2.7152841 2.5844201 2.3627178 2.1683567 2.5745418 1.5931862 0.8595216 1.4712275 0.7983942 1.4073058 0.0319670 0.0000000 0.2926257 0.2222011 1.2555691 2.0773861 2.1482142 2.2186901 2.2186901 2.3067409 1.9936597 2.2100015 1.6961990 2.2659249 2.2560465 2.1002575 2.8561314 3.8251265 2.8606663 2.8306079 2.7657691 3.1543745 2.9483313 2.9549085 3.1781906 3.6212351 3.2299948 3.2072317 3.0455826 3.1012134 2.2716539 3.9813438 3.0331662 4.7001514 3.0491699 
Emue_Em0022g174a.t1                               5.6545222 5.2784698 2.2961977 2.1082197 2.0031000 2.1929419 2.1110819 2.4092813 2.3848396 3.7331627 3.8095358 2.4849987 2.0845357 2.3323490 1.7394220 2.2482111 2.2045335 2.2372419 2.3957438 2.5770781 2.2990886 2.1683225 2.6528406 2.1290507 1.8418572 2.5610200 1.9493466 2.3953993 2.8567392 3.4404685 2.5641424 2.1712479 2.4406479 1.5051861 0.6831842 1.4888222 0.6934642 1.4050109 0.5731800 0.2926257 0.0000000 0.8010353 1.2436116 2.1700410 2.2610081 2.3141450 2.3248756 2.3692019 2.1366536 2.4034801 1.7683309 2.4241866 2.2907124 2.1396695 2.8727644 4.0645266 2.9854871 2.9450816 2.8613212 3.1415617 2.8661211 2.8571585 3.0965062 3.9484446 3.3981576 3.3507655 3.0402113 3.1090035 2.2133111 3.8533045 2.8664981 4.7671281 3.0863032 
Spolac_c99783_g1_i4_m.20595c99783-g1              8.0368312 7.2791423 4.1158900 3.9527206 6.3679864 4.2263441 4.6520108 4.7821764 4.7821764 8.5194727 8.7582338 9.0000000 3.7528573 4.3399513 3.1011961 4.6170950 4.2298997 4.0102225 4.0180622 5.2402811 4.1947068 3.4653733 6.0003015 3.2551938 0.7175452 4.2239093 1.0639320 4.5569409 5.3512623 3.1388985 4.6119902 4.7099130 5.0579399 3.4358795 0.0000010 2.5314583 0.0000010 2.1122704 0.2324291 0.2222011 0.8010353 0.0000000 2.3687927 3.2135849 3.7264332 3.9882577 4.0382255 4.5924091 3.0562734 3.8031498 2.3834597 3.5879746 3.5143512 3.6243524 4.1077625 5.9263223 5.3982750 4.2969493 4.3881031 6.1529458 6.8924375 6.9821677 6.2414955 5.5075620 8.0403275 7.2702063 5.4685496 4.1605386 3.4658375 5.5271765 5.4801536 6.0359474 2.9419078 
Tetwil_g11872.t1                                  5.3842743 5.0605233 2.3364441 2.1247424 1.8283031 2.1661149 1.8479231 2.2087986 2.1890149 3.2828693 3.3185296 2.1465235 1.9139587 1.9668416 2.3013437 2.2314941 2.1186186 2.1851827 2.4860207 2.4691041 1.9993420 1.9708974 2.5511656 2.0129696 1.5725721 2.3768795 1.6970111 2.4004921 2.8050631 3.2650929 2.1934016 2.1600861 2.4130296 1.4589094 0.9860335 1.3439534 1.0034058 1.1512335 2.0215616 1.2555691 1.2436116 2.3687927 0.0000000 2.1440021 2.1619013 2.2121277 2.2248485 2.2937701 2.1049515 2.3885776 1.6182068 2.2029696 2.0996280 1.9538378 2.6438037 3.4842862 2.7456891 2.6728772 2.6546234 2.9970743 2.7430727 2.7816960 3.0515472 3.1054692 3.3351861 3.3245956 3.1572047 3.0979223 2.4785761 3.8144959 3.4251228 5.7329369 3.2890734 
HoiH23_PlH23_009461-RA                            3.3733548 3.9810393 1.8321213 1.7133013 1.5608064 1.6007042 1.5929190 1.6975130 1.6701064 2.5148655 2.6363807 1.3489092 1.7187013 1.8446993 1.6106931 1.8317369 1.6178798 1.6216108 1.8432518 1.9341229 1.8202612 1.8953742 1.9519990 1.8924343 1.9096644 2.2835932 1.9632515 2.1519305 2.3431902 2.0964692 1.9515858 1.7618735 2.2475744 2.1775989 1.7638590 2.0730175 1.7827869 1.8923219 2.7002693 2.0773861 2.1700410 3.2135849 2.1440021 0.0000000 0.0829740 0.0887088 0.0920573 0.2450494 0.2847061 0.4678417 2.0875275 2.3003473 2.0203256 1.9654966 2.5251713 3.1508751 2.6969142 2.5595502 2.5906309 2.8490005 2.6847115 2.8056760 2.8430294 2.9599407 2.8629472 2.8017434 2.4455841 2.6236963 2.1131752 3.8217930 3.4109011 5.4362863 2.5909046 
HoiH06_mRNA828                                    3.2692147 4.0950986 1.8798175 1.7519152 1.5440554 1.6708743 1.6232425 1.7813134 1.7619091 2.4674280 2.4786329 1.4525712 1.7603927 1.8948380 1.5910857 1.9295982 1.6555813 1.6665278 1.8500694 1.9431959 1.8047276 1.9266211 1.9956811 1.9318896 1.8450108 2.4255703 1.9729060 2.2083121 2.2947900 2.3922955 1.9517463 1.7799048 2.2678148 2.2001484 1.7458200 2.1669656 1.7397163 1.8532692 3.0879497 2.1482142 2.2610081 3.7264332 2.1619013 0.0829740 0.0000000 0.1174155 0.1140784 0.2869510 0.3157714 0.4829673 2.1423329 2.3759855 2.1004905 2.0409955 2.4678648 3.1537236 2.6918780 2.6073606 2.6369201 2.8408907 2.8255998 2.9691980 2.8880073 2.9791293 2.8492390 2.8208881 2.5614331 2.7650879 2.1876028 3.9558230 3.3425142 5.5573866 2.8850806 
Hhon_g08585.t1                                    3.8311614 4.0305799 1.9294670 1.8130215 1.5913913 1.7311631 1.7391783 1.8573821 1.8315791 2.7573749 2.8839958 1.3953350 1.7768868 1.8924685 1.5759908 1.8206767 1.6481208 1.6796737 1.9523484 2.0626979 1.8273154 1.9783369 2.0004775 1.9566636 1.8263782 2.3499067 1.9087287 2.1505207 2.2795988 2.4688390 1.9701787 1.8922886 2.3397816 2.2455847 1.8633468 2.1765835 1.8835179 1.8719770 3.3466068 2.2186901 2.3141450 3.9882577 2.2121277 0.0887088 0.1174155 0.0000000 0.0026638 0.2412732 0.2965577 0.4774268 2.2297432 2.3831960 2.1065936 2.0069886 2.7604384 3.4374756 2.8300090 2.6899944 2.7350499 2.9275402 2.7579113 2.8930048 2.8521514 3.0600443 2.8555885 2.7946958 2.6431554 2.6511327 2.1150937 3.8969523 3.3968474 5.3192076 2.8792423 
HoiH04_mRNA3778                                   3.8311614 4.0663885 1.9357286 1.8188489 1.5913913 1.7367368 1.7391783 1.8640832 1.8376667 2.7573749 2.8839958 1.3953350 1.7598644 1.8924685 1.5759908 1.8206767 1.6481208 1.6796737 1.9523484 2.0638440 1.8466939 2.0002818 1.9914211 1.9639615 1.8263782 2.3759934 1.9087287 2.1577564 2.3038276 2.4239974 1.9768524 1.8838452 2.3529650 2.2442500 1.8633468 2.2015752 1.8835179 1.8719770 3.3466068 2.2186901 2.3248756 4.0382255 2.2248485 0.0920573 0.1140784 0.0026638 0.0000000 0.2459590 0.3013231 0.4774268 2.2559799 2.3842636 2.1145768 2.0081466 2.7619805 3.3637137 2.7866040 2.6587391 2.6994835 2.8919189 2.7934020 2.9323285 2.8703055 3.0922289 2.8738265 2.8125506 2.6492740 2.6620189 2.1150937 3.8833423 3.3966632 5.3239005 2.9155723 
HoiH11_mRNA9285                                   3.7125998 4.5384694 2.0702775 1.9361485 1.7764492 1.8688951 1.8775481 1.9747416 1.9573454 2.9218585 3.0307095 1.8019501 1.8342152 2.0086971 1.8396571 1.9454306 1.8360509 1.8754992 2.1395052 2.2849491 1.8540945 1.9317208 2.1240773 1.9705096 1.9832688 2.5691945 1.8999229 2.3299380 2.5219182 2.4645449 2.1389713 2.0618120 2.4506459 2.2832616 1.5463050 2.0953517 1.5623613 1.9112652 3.7552021 2.3067409 2.3692019 4.5924091 2.2937701 0.2450494 0.2869510 0.2412732 0.2459590 0.0000000 0.3181689 0.5189332 2.1118573 2.5297297 2.3088845 2.1805031 2.8034942 3.4401687 2.9357714 2.8622705 2.8644579 3.0224618 2.9219915 2.9471418 2.9916402 3.2601959 3.0664099 2.9975236 2.7857581 3.0154029 2.4799657 3.9135104 3.5713861 5.8019699 2.9555404 
TrH2_TrispH2_011306-RA                            3.9553372 3.3767514 2.0724272 1.9375925 1.7648885 1.8040277 1.8559708 1.9602955 1.9389969 3.1620504 3.3871517 1.4576697 1.6955287 1.9358631 1.6512446 1.8672710 1.7873710 1.7814120 1.8694034 2.1742792 1.8655407 1.9785462 1.9354790 1.8328544 1.7058353 2.4540456 1.7362352 2.0723765 2.2559328 2.3898965 2.0046733 1.9802436 2.1879142 2.1819252 1.7480352 2.0098364 1.7663268 1.9060409 2.6165160 1.9936597 2.1366536 3.0562734 2.1049515 0.2847061 0.3157714 0.2965577 0.3013231 0.3181689 0.0000000 0.1342921 2.0719037 2.3011400 2.1036370 2.0663668 2.7066354 3.2911875 2.8330631 2.6610547 2.6594084 2.8354214 2.7820470 2.8794471 2.7788468 3.0567071 2.9103980 2.8583109 2.4483331 2.7476860 2.0567478 3.7059421 3.4374670 5.2913447 3.2570057 
Tadh_TriadT61027                                  3.8116110 4.6722274 2.3466356 2.1711007 1.7736529 2.0148298 1.8793434 2.2112755 2.1802714 3.4359659 3.4248000 1.4761024 1.8871993 2.1478287 1.6127649 2.0002707 1.9693664 1.9900058 2.1060728 2.3170414 2.2772578 2.4122504 2.1454282 1.9285864 1.7135964 2.6307225 1.7159576 2.3198093 2.4468065 3.1684256 2.1876516 2.1281433 2.5429958 2.3067857 1.7800759 2.2788250 1.7889606 1.9328223 3.9250770 2.2100015 2.4034801 3.8031498 2.3885776 0.4678417 0.4829673 0.4774268 0.4774268 0.5189332 0.1342921 0.0000000 2.3069946 2.5334505 2.2536373 2.2071973 2.7994838 3.6513870 2.9883064 2.8152807 2.8180033 3.0451134 3.0570295 3.1600083 3.1204179 3.6233345 3.0878128 3.0445580 3.1021183 3.1833812 2.1482684 4.0532377 3.6728295 7.3713591 4.0667989 
Plespi_Pspi_scaffold14500_01                      4.9528827 5.1128498 2.4974329 2.2693854 2.1637833 2.2389354 2.3250623 2.1656594 2.2382172 3.0751736 3.1424252 3.9667206 2.1314238 2.1590062 2.4876852 2.3134123 2.1976883 2.2553739 2.3710060 2.3979323 2.3474509 2.5494995 2.7191955 2.5973554 2.3714330 2.6422729 2.3366144 2.4935985 2.6548250 2.5083814 2.4851670 2.2508103 2.7936602 1.9607007 1.7825415 1.9149852 1.7336774 1.7662865 2.0661683 1.6961990 1.7683309 2.3834597 1.6182068 2.0875275 2.1423329 2.2297432 2.2559799 2.1118573 2.0719037 2.3069946 0.0000000 2.4596733 2.4703305 2.4719171 2.8518940 3.7999578 3.1426957 2.8381802 2.8206366 3.0920288 2.9711726 2.9708263 3.2066244 3.7349952 3.5749440 3.5710411 2.6711734 3.2543563 2.7631439 3.9479728 3.3119657 5.5236352 3.3681508 
