74
Spur_XM_030977518.1                                            0.0000000 1.2108051 1.1748551 1.1360402 0.7840666 1.1996593 1.1799588 0.8959967 3.4689255 1.1419971 0.3982620 0.9925417 0.6774456 0.9202841 1.2144839 1.3157538 0.8068344 0.8854431 1.0091839 2.6436470 0.9890885 1.6689098 1.5284110 0.8702929 0.7934711 0.9593289 0.7803687 1.5277931 0.9989783 1.8108604 1.7146430 2.0499408 1.4626219 1.4687218 1.4399539 1.4470872 1.4209228 1.4814100 1.7838394 1.4709063 0.9129223 1.4624732 3.6318442 1.2936614 1.2918687 1.6733785 1.7005172 1.5976706 1.7460762 1.3621252 1.9431082 1.3222314 1.9668518 5.1651330 1.7613092 2.0280759 1.9454596 2.3963336 2.7611886 4.1905907 3.4532200 3.2746697 2.6726330 2.8899528 5.0074201 3.4598697 2.8948818 3.8250139 3.9137832 3.1547401 6.3706714 1.5305841 5.1230588 7.5615630 
Amil_Amillepora23697-RA                                        1.2108051 0.0000000 0.0150489 0.4786583 0.2585098 0.4478319 0.4671495 0.2204787 4.0690124 0.9493705 0.2402584 0.7142400 0.9890937 1.2299108 1.1208214 1.1875575 1.2199584 1.2543007 1.3530880 2.9568942 1.3418644 1.6483911 1.5023094 0.8260232 0.8173745 1.0247902 0.8037561 1.6250859 0.9182715 1.8254374 1.7757081 2.0149156 1.4042689 1.4042689 1.4423100 1.3864849 1.3813822 1.3547212 1.6854478 1.6374208 0.9997734 1.5248321 4.2426737 1.2739009 1.2630045 1.7404905 1.7525292 1.6855591 1.7515112 1.2404167 1.8608702 1.2886625 2.0682170 5.1323956 2.0705679 2.1821486 2.0653983 2.6719641 3.0912015 4.4815079 3.6938916 3.2557460 2.4793497 2.7837081 4.5266891 3.0181235 2.8984078 3.5942389 4.1621003 3.4504945 6.2896471 1.7183752 4.6838510 6.5874331 
Adig_XM_015906441.1                                            1.1748551 0.0150489 0.0000000 0.4642329 0.2561877 0.4330783 0.4542334 0.2100971 3.9100945 0.9530591 0.2402584 0.7167980 0.9679545 1.2266105 1.0944674 1.1409582 1.2037588 1.2385908 1.3550337 2.9866281 1.3059454 1.6326628 1.5082751 0.8704976 0.8565103 1.0345389 0.8303743 1.6104575 1.0109193 1.8871086 1.8277151 2.1161182 1.3771264 1.3849205 1.4190640 1.3597208 1.3615778 1.3405878 1.7308647 1.6410380 1.0271343 1.5477992 4.0730978 1.3892509 1.3458463 1.7283318 1.7342487 1.6777598 1.7606287 1.4209560 1.9159404 1.4113924 2.0661754 5.1420656 2.1147076 2.1825997 2.0633586 2.6530893 3.2236081 4.5250683 3.7567564 3.3413449 2.6856872 2.8669544 4.4894724 3.1749722 2.8845772 3.6296441 4.1623089 3.4407614 6.2205364 1.4732563 4.6838510 6.3539459 
Fspp_ffun1.m4.5533.m1                                          1.1360402 0.4786583 0.4642329 0.0000000 0.1387979 0.3238673 0.3246523 0.2553291 2.6070430 0.7408264 0.2104542 0.6387472 0.9389451 1.1495238 1.0160310 1.0476346 1.1582169 1.1952560 1.3453768 2.6841790 1.2188156 1.6450508 1.4896567 0.8871569 0.8692591 1.0479615 0.7483425 1.5645665 1.0425503 1.8970609 1.8311564 2.0687074 1.3015862 1.3072236 1.2668134 1.2611440 1.2742292 1.1995126 1.7263927 1.5161291 1.0221299 1.4688405 3.3338951 1.5103153 1.4967833 1.6789797 1.6147998 1.5241246 1.5697381 1.5866505 1.9441465 1.4652936 1.8526044 4.6457841 2.0862243 1.8990250 1.8990250 2.1795397 3.0106031 3.5199399 3.7197037 3.4402717 2.6540178 2.8312657 4.7925223 3.0276086 3.1774606 3.2753388 3.5362290 3.3391536 5.4864525 1.7699361 4.1493872 6.9066812 
Gasp_gasp1.m3.10666.m1                                         0.7840666 0.2585098 0.2561877 0.1387979 0.0000000 0.1732654 0.1800041 0.1758448 4.9318211 0.4731021 0.1914871 0.4274798 0.7230662 0.8474400 0.7792008 0.7748195 0.7565480 0.8014683 0.9399859 2.0659170 0.8741377 1.3164535 1.2475109 0.8561271 0.7919052 0.9925265 0.7252071 1.0774534 1.0609176 1.3089220 1.2891841 1.5465976 1.0085859 1.0137807 1.0082175 0.9920936 0.9957910 0.9799379 1.3132987 1.0098911 0.9844063 1.0688991 1.9355615 1.3376710 1.1258581 1.1687039 1.2832595 1.1080142 1.1807791 1.4220995 1.5247420 1.3064466 1.2152393 2.7414066 1.6585700 1.2784301 1.2784301 1.3446938 2.5591432 2.7841671 2.7166244 2.4899461 2.6873510 2.4569020 3.9251679 2.4632272 2.5157498 2.4254400 3.0211444 3.2230867 2.6386510 1.3577508 4.1274042 3.1976234 
Spis_XP_022791569_1                                            1.1996593 0.4478319 0.4330783 0.3238673 0.1732654 0.0000000 0.0951124 0.2333745 3.3818721 0.8410024 0.1935144 0.6774494 0.9616641 1.2569555 1.0316640 1.0821543 1.1993928 1.2510097 1.3330107 2.7079125 1.2648005 1.6469595 1.5348085 0.8277069 0.8029251 1.0193915 0.7857449 1.5163069 1.0759529 1.8728319 1.8202321 2.3078779 1.3488936 1.3546443 1.3405495 1.3352378 1.3801218 1.3549225 1.7073523 1.6139461 1.0951817 1.4406703 3.0733080 1.3375110 1.3353502 1.7217064 1.7482169 1.6758212 1.6895708 1.4235157 1.9930467 1.4251634 1.8289733 4.9116300 2.0643547 1.9687765 1.9687765 2.5289626 3.3263642 4.1700153 3.9091962 3.6097232 2.5971063 2.9598955 5.2498586 3.3570572 3.0918579 3.8108384 4.0693836 3.5904214 7.1759266 1.3956325 4.3518431 6.1841591 
Pocdam_XM_027188675.1                                          1.1799588 0.4671495 0.4542334 0.3246523 0.1800041 0.0951124 0.0000000 0.2476401 2.9734394 0.7929441 0.1935144 0.6542924 0.9670246 1.2459183 1.0308502 1.0830034 1.2081711 1.1933465 1.3714407 2.6276583 1.2564306 1.6775466 1.5325264 0.8494406 0.8021866 1.0117632 0.7869101 1.4890991 1.0387667 1.8073081 1.7455062 2.2509449 1.3260627 1.3316855 1.3263168 1.3380460 1.3797458 1.3320733 1.7368084 1.5407215 1.0124432 1.4305244 2.9995184 1.4362335 1.3980203 1.6606182 1.7749446 1.6553857 1.6292529 1.4760280 1.9103469 1.4401423 1.8326816 4.8156373 2.0646244 1.9310452 1.9310452 2.3836380 3.3695242 4.1776002 3.8451682 3.5604540 2.5790596 2.9896208 5.3080752 3.3019246 2.8527295 3.6920220 3.9709961 3.6048238 5.9311680 1.5548670 4.3469757 6.2661850 
Gfas_gfas1.m1.19113.m1                                         0.8959967 0.2204787 0.2100971 0.2553291 0.1758448 0.2333745 0.2476401 0.0000000 1.7226085 0.6036261 0.1815231 0.5130575 0.8312393 0.9973310 0.9218652 0.8969256 0.9230105 0.9425038 1.0342073 2.1230042 0.9779789 1.6084806 1.4856236 0.9077789 0.9010678 1.1091800 0.9107433 1.3184171 1.1302470 1.6102303 1.5877378 1.9178757 1.1498118 1.1552381 1.1469663 1.1187919 1.1295814 1.1334319 1.4788035 1.3077521 0.9485919 1.3308202 2.9410060 1.5670113 1.3998405 1.4451840 1.4850798 1.3847281 1.3766708 1.6025417 1.7976645 1.4581338 1.6131763 3.5338290 1.9265253 1.6450257 1.6450257 1.7180931 2.8838489 2.9649076 3.2767066 3.0061715 2.7037458 2.7898164 4.2037767 2.8739325 2.6490289 2.9404812 3.2195750 3.0109451 3.6068396 1.4792796 4.4515724 3.2495417 
Nvec_NVE15982                                                  3.4689255 4.0690124 3.9100945 2.6070430 4.9318211 3.3818721 2.9734394 1.7226085 0.0000000 0.0255251 2.0234141 1.5475333 8.9999988 4.6852275 4.4786206 4.7866098 3.6851351 4.5349417 3.1671752 8.9999985 4.0802134 4.2698254 4.0623082 9.0000000 9.0000000 9.0000000 0.0000010 4.9611708 9.0000000 5.8795021 6.2867357 7.4565910 5.2213675 5.2213675 4.5832879 4.7961667 4.8527608 4.7135902 5.3690855 4.9581596 1.7489607 5.1195934 5.1452140 0.0000010 6.2295530 8.6630929 5.1441601 6.9431049 6.4091578 6.5156714 8.0832923 9.0000000 5.5555354 5.8695369 4.5382835 7.2127510 7.4376786 5.5671668 8.9999981 5.8731242 8.5139208 8.1285219 9.0000000 6.1430204 6.0749886 8.9999983 8.9999987 8.9999989 8.8132669 9.0000000 8.0792437 3.1478857 5.0082411 6.9430063 
Nvec_v1g175156                                                 1.1419971 0.9493705 0.9530591 0.7408264 0.4731021 0.8410024 0.7929441 0.6036261 0.0255251 0.0000000 0.0000010 0.4897785 0.8941303 1.3477446 1.0534301 1.2219663 1.2358033 1.4411848 1.1810588 2.8749314 1.3398238 1.8201402 1.7450203 0.6890202 0.6211852 1.0631838 0.3369917 1.7169215 0.6401721 1.5669977 1.5616471 1.8638884 1.5162426 1.5162426 1.4401604 1.4510503 1.4472535 1.4418424 1.6959249 1.6624316 1.1525638 1.6379248 3.4838403 1.6154081 1.3672302 1.9084847 1.5737655 1.7696118 1.7881182 0.9458109 2.0070001 1.3632774 1.8264620 4.2982288 2.1527884 1.9816579 1.9895959 2.3588735 3.2008460 3.9272452 3.7020057 3.3338818 2.2934143 2.7908170 4.2115236 3.4157834 2.8863133 3.8176549 3.6765669 3.0789906 5.2784410 3.8591939 4.1993996 6.3769637 
Nvec_v1g46481                                                  0.3982620 0.2402584 0.2402584 0.2104542 0.1914871 0.1935144 0.1935144 0.1815231 2.0234141 0.0000010 0.0000000 0.1764279 0.3915521 0.4262745 0.4450238 0.4066542 0.4126840 0.4774896 0.3913399 0.0000010 0.4737596 0.7718993 0.6877990 0.6693009 0.6024511 0.6591883 0.3147231 0.6113406 0.4375829 0.4629417 0.4152309 0.6118576 0.4737305 0.4737305 0.5193579 0.5124332 0.4857867 0.4856695 0.5048889 0.4470454 0.8595925 0.6455615 0.0000010 0.7536623 0.5626908 0.6999244 0.5309758 0.6438482 0.6712291 0.8605679 0.5869565 0.7735507 0.5956875 0.0000010 1.1468315 0.5961449 0.5961449 0.3849584 1.1119365 0.0000010 1.8896159 1.8585841 1.7796216 1.9018703 0.0000010 1.8313542 1.8374156 2.0336095 2.7411248 2.7411248 0.0000010 2.4145590 0.0000010 0.0000010 
Exapal_XM_028661413.1                                          0.9925417 0.7142400 0.7167980 0.6387472 0.4274798 0.6774494 0.6542924 0.5130575 1.5475333 0.4897785 0.1764279 0.0000000 0.9054628 1.1459765 0.9583071 1.1387482 1.0790656 1.2289533 1.1249815 2.2652028 1.1246624 1.7814818 1.5751028 0.9755590 0.7926052 0.9824163 0.7074156 1.4104757 0.9400072 1.5788775 1.5582965 1.9450918 1.3396376 1.3393827 1.3359148 1.3141778 1.2974592 1.3488482 1.6534068 1.5710140 1.1301074 1.3766284 3.3470477 1.1962124 1.1663854 1.5177715 1.5836154 1.5051868 1.4339797 1.4201238 1.8491342 1.4059327 1.7237202 3.7914990 1.8889691 1.9703074 1.8303932 2.3546276 2.8174992 4.1421767 3.5752376 2.9541194 2.5727518 2.6923783 4.0205252 3.1046359 2.6550334 3.6308423 3.8836695 3.4153312 5.7895559 1.5853127 4.9433464 7.7856408 
Skow_XM_006821460.1                                            0.6774456 0.9890937 0.9679545 0.9389451 0.7230662 0.9616641 0.9670246 0.8312393 8.9999988 0.8941303 0.3915521 0.9054628 0.0000000 0.8612386 0.9879377 0.9994940 0.7665739 0.7256532 0.8674532 1.5733074 0.7749347 1.5889803 1.4356828 0.9777968 0.8438039 1.0578324 0.7913655 1.3620521 1.0375050 1.5105489 1.4542973 1.7548219 1.1508677 1.1522362 1.1275116 1.1580970 1.1401298 1.1397250 1.6080271 1.2329002 1.0976585 1.2796101 3.2968653 1.3075559 1.3150495 1.4391970 1.5357210 1.3443358 1.3986208 1.3458852 1.6617842 1.2885576 1.5032029 3.7490375 1.6463753 1.7277081 1.6649273 1.9750138 2.4391813 3.9844606 3.1530006 2.9025834 2.8762629 2.7243006 5.0122355 2.7974425 2.7699881 2.9512792 3.5770835 3.1073904 5.1434376 1.2125240 6.2311574 8.9999982 
Cgig_XM_011431073.3                                            0.9202841 1.2299108 1.2266105 1.1495238 0.8474400 1.2569555 1.2459183 0.9973310 4.6852275 1.3477446 0.4262745 1.1459765 0.8612386 0.0000000 1.3042930 1.3260841 0.8795787 0.7156651 1.1371745 2.4893242 1.0583562 1.8113465 1.6154790 0.9470058 0.9269122 1.1530823 0.8676987 1.6976604 1.0629689 1.7527567 1.7773254 2.0184457 1.2780528 1.2834054 1.2685493 1.2567546 1.2433232 1.2769659 1.7980196 1.2410245 1.2013756 1.7017184 4.0209381 1.5022943 1.4177701 1.7477870 1.7499263 1.6649376 1.7114451 1.3195815 1.8395276 1.3236790 2.1806184 5.1790657 1.5114965 1.8718740 1.8257473 2.6122712 3.2327315 4.7506993 3.8953788 3.5061299 2.6166661 3.1508576 6.0420375 3.3337133 2.9666922 4.5391876 4.4372976 3.8606760 6.5161178 1.7550785 4.9478612 4.8497693 
Dgig_XM_028548457.1                                            1.2144839 1.1208214 1.0944674 1.0160310 0.7792008 1.0316640 1.0308502 0.9218652 4.4786206 1.0534301 0.4450238 0.9583071 0.9879377 1.3042930 0.0000000 0.4975155 1.1633455 1.3750136 1.3393389 2.6907054 1.2414983 1.8560430 1.6929311 0.8472028 0.9003010 1.0993433 0.9099527 1.7317480 1.1901080 1.7670549 1.8357440 2.2021476 1.4010823 1.4056522 1.3930805 1.4155794 1.4350326 1.3919802 1.9192993 1.4832889 1.1258485 1.4913124 3.2792711 1.5137135 1.4068712 1.5047590 1.4809744 1.5532753 1.6193036 1.4989752 1.9919194 1.5772104 1.7840762 4.5880662 1.9641188 1.9241228 1.9165400 2.3795813 3.2397668 5.2204207 3.6356393 3.2580030 2.8765006 3.0693850 5.0014264 3.1961596 3.0207186 3.6289158 4.0032873 3.2827289 5.0530517 1.6702473 4.6427842 5.1062301 
Xesp_015827-T1                                                 1.3157538 1.1875575 1.1409582 1.0476346 0.7748195 1.0821543 1.0830034 0.8969256 4.7866098 1.2219663 0.4066542 1.1387482 0.9994940 1.3260841 0.4975155 0.0000000 1.4547835 1.4419573 1.4888102 2.8055949 1.3008552 1.7872202 1.7524018 0.8905451 1.0009891 1.1507377 1.0218729 1.8394302 1.1852931 2.0453128 1.9528139 2.2567934 1.5433716 1.5467597 1.5628438 1.4929141 1.5183346 1.4761252 2.0457304 1.6916086 1.1736880 1.6378237 3.9776721 1.5184166 1.3636994 1.7244213 1.5196495 1.7120970 1.7446371 1.5952545 2.0716142 1.6496195 2.1320216 4.8891201 2.1127094 2.2674911 2.0497262 2.7682635 3.0198265 5.3462463 3.7110377 3.3441318 2.6106619 3.2301305 6.3618910 3.3768760 3.3907688 4.2006815 4.3105924 3.3257082 6.6923300 1.7771038 4.7815889 5.9121118 
Ctel_gnl_WGS_AMQN_CAPTEDRAFT_mRNA169087                        0.8068344 1.2199584 1.2037588 1.1582169 0.7565480 1.1993928 1.2081711 0.9230105 3.6851351 1.2358033 0.4126840 1.0790656 0.7665739 0.8795787 1.1633455 1.4547835 0.0000000 0.8400556 0.9180886 1.9758069 1.0751636 1.6893747 1.6668588 0.8856960 0.8753216 1.0036590 0.8698410 1.6470160 1.1198738 1.9041080 1.8471761 2.1234804 1.4667789 1.4755346 1.4603393 1.4809064 1.4373843 1.4954464 1.8907513 1.4376320 0.9549125 1.6082622 4.3466308 1.4560500 1.3029343 1.9328623 1.6799140 1.7074724 1.8384109 1.4042560 2.0733401 1.2822916 1.9937848 4.9280810 1.7580808 2.3537623 2.1845991 3.2229983 2.6215045 5.0887258 3.4945444 3.1787471 2.6042367 3.2115965 6.8522730 3.4298676 2.8323078 3.9526617 3.8627420 3.0930015 7.4616636 1.4569000 3.5580929 6.0360796 
Acagra_model.g5547.t1                                          0.8854431 1.2543007 1.2385908 1.1952560 0.8014683 1.2510097 1.1933465 0.9425038 4.5349417 1.4411848 0.4774896 1.2289533 0.7256532 0.7156651 1.3750136 1.4419573 0.8400556 0.0000000 1.1051335 2.9218710 1.0000637 1.8192422 1.7114244 0.9078815 0.8824916 1.0730503 0.8589760 1.8219317 1.0601824 1.9666094 1.9318628 2.2998198 1.4089064 1.4118811 1.3743012 1.4081817 1.3826149 1.4307292 1.9332318 1.3846853 1.0109295 1.6306715 5.0689926 1.4322759 1.2769222 1.7415830 1.8291775 1.6553862 1.7558735 1.2815601 1.9548309 1.2440172 2.1489366 4.9109560 1.7938604 2.4249457 2.2946209 3.3678023 3.2011181 7.4026165 3.8336359 3.7450307 2.7829800 3.2854451 7.5858808 3.8040904 3.3653264 4.2827047 4.5615150 3.4287088 6.5038404 1.5145886 5.3672069 6.2271175 
Hsap_ENST00000306875                                           1.0091839 1.3530880 1.3550337 1.3453768 0.9399859 1.3330107 1.3714407 1.0342073 3.1671752 1.1810588 0.3913399 1.1249815 0.8674532 1.1371745 1.3393389 1.4888102 0.9180886 1.1051335 0.0000000 0.2514157 1.0124583 1.7508348 1.5889932 0.8895885 1.0203056 1.1832903 1.1389583 1.7550698 1.2243984 1.7661926 1.6782973 2.2381355 1.5177173 1.5227323 1.4726402 1.4349622 1.4403658 1.4454851 1.9019747 1.2314101 1.2031017 1.6608807 4.3408585 1.4704499 1.3476048 1.6452834 1.6327679 1.7472985 1.7688871 1.6651127 2.1108451 1.4453218 2.0632845 5.4639526 1.7585909 1.9049992 1.9049992 2.5258379 3.0685338 4.2186246 3.5258915 3.0943887 2.8335271 3.2062018 6.4375583 3.2149912 2.8792320 3.8892496 3.7480386 3.0434551 8.3637998 2.2273144 4.4965390 4.4494896 
Hsap_ENST00000562949                                           2.6436470 2.9568942 2.9866281 2.6841790 2.0659170 2.7079125 2.6276583 2.1230042 8.9999985 2.8749314 0.0000010 2.2652028 1.5733074 2.4893242 2.6907054 2.8055949 1.9758069 2.9218710 0.2514157 0.0000000 2.0372419 3.5386511 3.6621136 0.0000010 0.0000010 2.8706572 0.0000010 3.3832287 0.0000010 2.6930513 2.6685564 3.7971711 2.5533745 2.5533745 2.2892538 2.1504239 2.1287273 2.2081235 3.4718998 2.5557336 1.4375438 3.2750621 4.4207287 0.0000010 8.9999990 2.7408439 2.4718435 3.2594008 3.1796304 0.0000010 3.5170077 3.5826930 3.2923770 4.6535508 2.6100764 3.2915467 3.2915467 3.1465702 3.3695482 3.2392019 7.0502121 4.1008740 8.9999989 3.7858726 5.2717759 4.6416388 5.7530139 3.8843032 3.8572473 3.6664922 6.5085407 8.8929286 3.4978970 8.9999986 
Bralan_BLAG03001023_1                                          0.9890885 1.3418644 1.3059454 1.2188156 0.8741377 1.2648005 1.2564306 0.9779789 4.0802134 1.3398238 0.4737596 1.1246624 0.7749347 1.0583562 1.2414983 1.3008552 1.0751636 1.0000637 1.0124583 2.0372419 0.0000000 1.7227258 1.5611479 0.9609950 0.9917957 1.0916943 0.8475516 1.8849826 1.1550489 1.9957846 1.9836662 2.3509294 1.5306576 1.5339544 1.4217316 1.4422796 1.4156384 1.4965470 1.8500898 1.4549912 1.0441548 1.5604662 3.7567450 1.4068530 1.2677577 1.6185353 1.4882642 1.5725159 1.4784720 1.4464529 2.0178382 1.2447708 2.0945659 6.3795974 1.7625586 2.3336034 2.1592038 2.8558060 3.0612134 5.4565436 4.0418973 3.4991383 2.8546229 2.9999849 5.6484447 3.4842395 3.2512612 4.1117601 4.7846383 3.2574792 6.4969719 1.4739614 4.1029129 4.7530677 
Emue_Em0006g1002a.t1                                           1.6689098 1.6483911 1.6326628 1.6450508 1.3164535 1.6469595 1.6775466 1.6084806 4.2698254 1.8201402 0.7718993 1.7814818 1.5889803 1.8113465 1.8560430 1.7872202 1.6893747 1.8192422 1.7508348 3.5386511 1.7227258 0.0000000 0.2213622 0.9016168 0.9175746 1.0875547 0.8238612 1.1014204 1.4932563 2.3453910 2.3325541 2.5669841 1.9648713 1.9739566 1.9337432 1.9612385 1.9314685 1.9609186 2.0413927 2.1808733 1.7991240 1.8694885 3.7783101 1.6929854 1.4658417 1.8842160 2.1186347 1.8724320 1.7836621 1.8243402 2.2319084 1.9821881 1.4476778 2.0648968 2.4377074 1.5861456 1.5861456 2.9765175 3.3876759 1.6656382 3.9581971 3.6569883 2.7469455 3.3949536 6.9269990 3.1363454 2.4004331 4.3657168 4.3444365 3.5711377 5.8600315 2.4061334 4.8144750 5.5054673 
Spolac_c99163_g2_i1_m.18984c99163-g2                           1.5284110 1.5023094 1.5082751 1.4896567 1.2475109 1.5348085 1.5325264 1.4856236 4.0623082 1.7450203 0.6877990 1.5751028 1.4356828 1.6154790 1.6929311 1.7524018 1.6668588 1.7114244 1.5889932 3.6621136 1.5611479 0.2213622 0.0000000 0.8443887 0.7265334 0.9732967 0.6559163 1.0249754 1.2316152 2.1225655 2.1217157 2.3335072 1.8433639 1.8502056 1.8052608 1.7993009 1.7843439 1.8252595 1.8837778 1.9634005 1.8387415 1.8082190 4.1111821 1.3956345 1.2973834 1.8969909 2.1451227 1.8019030 1.7791333 1.4769818 1.9693851 1.7141326 1.4688096 2.0958087 2.2568121 1.5499998 1.5502413 3.1730394 3.4396404 1.7795579 3.6794787 3.3976782 2.6112788 3.3368893 7.1365622 3.1370492 2.5136801 4.5625023 4.6102115 3.6328184 6.2663817 1.9563706 5.0010133 4.5646688 
Aque_Aqu2.1.06775_001                                          0.8702929 0.8260232 0.8704976 0.8871569 0.8561271 0.8277069 0.8494406 0.9077789 9.0000000 0.6890202 0.6693009 0.9755590 0.9777968 0.9470058 0.8472028 0.8905451 0.8856960 0.9078815 0.8895885 0.0000010 0.9609950 0.9016168 0.8443887 0.0000000 0.1859331 0.3170104 0.5015043 0.7752240 1.0049510 0.9825519 0.9733731 1.1208914 1.2078502 1.2230066 1.1575514 1.1619016 1.1853449 1.1974295 0.9792118 0.7475196 2.4158989 0.9703139 0.0000010 1.1028667 0.9486341 1.0149037 0.9179183 0.9538581 0.9293214 1.2176852 0.9089916 1.0704223 0.0425045 0.0000010 1.4056155 0.6951742 0.6951742 2.5692132 3.3205589 0.0000010 2.3982388 2.3370123 2.1326587 2.3058283 0.0000010 2.0008697 2.0996053 2.2966546 3.1610041 3.1610041 0.0000010 4.0214990 8.9999981 0.0000010 
Aque_Aqu2.1.06516_001                                          0.7934711 0.8173745 0.8565103 0.8692591 0.7919052 0.8029251 0.8021866 0.9010678 9.0000000 0.6211852 0.6024511 0.7926052 0.8438039 0.9269122 0.9003010 1.0009891 0.8753216 0.8824916 1.0203056 0.0000010 0.9917957 0.9175746 0.7265334 0.1859331 0.0000000 0.1228232 0.1721390 0.5520526 1.2324802 1.2546547 1.2384800 1.5579765 1.1482365 1.1565475 1.1261835 1.1384827 1.1617340 1.1316850 1.1651880 0.6895916 2.4158989 1.0486922 0.0000010 1.1386312 1.0506247 1.0079220 0.8599965 1.0371292 1.0528467 1.6534117 1.2298142 1.2603199 0.0202845 0.0000010 1.4649993 0.6801533 0.6801533 2.5692132 3.6273460 0.0000010 2.6660561 2.6243557 2.5455881 2.6052679 0.0000010 2.2688964 2.2925861 2.1779064 3.3977319 3.3977319 4.1316891 1.5784374 5.0664536 0.0000010 
Halamb_c45972_g1_i1m.19822                                     0.9593289 1.0247902 1.0345389 1.0479615 0.9925265 1.0193915 1.0117632 1.1091800 9.0000000 1.0631838 0.6591883 0.9824163 1.0578324 1.1530823 1.0993433 1.1507377 1.0036590 1.0730503 1.1832903 2.8706572 1.0916943 1.0875547 0.9732967 0.3170104 0.1228232 0.0000000 0.1634794 0.6732819 1.2779601 1.3780340 1.3597615 1.7236535 1.2419217 1.2477619 1.2488999 1.2536830 1.2774917 1.2676576 1.4339541 1.0341321 1.5755452 1.2301771 2.5648919 1.2806996 1.0605288 1.1413138 1.3727786 1.2259302 1.2332442 1.7113135 1.5296640 1.5447445 0.2411089 5.3991317 1.6271558 1.0547293 1.0547293 1.9605206 2.8647791 2.7759942 2.8057385 2.8140488 2.4665411 2.7658069 8.1882142 2.7312890 2.4531147 2.5933933 3.1436663 3.1256201 3.5279177 1.6840763 6.5597057 0.0000010 
Xestes_maker-XT_scaffold67282-snap-gene-0.4-mRNA-1             0.7803687 0.8037561 0.8303743 0.7483425 0.7252071 0.7857449 0.7869101 0.9107433 0.0000010 0.3369917 0.3147231 0.7074156 0.7913655 0.8676987 0.9099527 1.0218729 0.8698410 0.8589760 1.1389583 0.0000010 0.8475516 0.8238612 0.6559163 0.5015043 0.1721390 0.1634794 0.0000000 0.4701477 1.0048646 1.0453964 1.0663692 1.3443038 1.0800097 1.0942021 1.0704818 1.1108721 1.1299689 1.0732761 0.9573754 0.3415751 1.9838955 1.0496104 0.0000010 1.0496104 1.0496104 0.9268941 0.0000010 0.9298923 1.0358873 1.3429349 1.0041799 1.2846809 0.1008337 0.0000010 1.4193578 0.5588892 0.5588892 0.0000010 2.8080272 0.0000010 2.4463792 2.3893155 2.9112167 2.5733244 0.0000010 2.5692320 2.2719618 0.0000010 8.9999982 8.9999982 4.1316891 0.9552919 8.7184911 0.0000010 
Tetwil_g21217.t1                                               1.5277931 1.6250859 1.6104575 1.5645665 1.0774534 1.5163069 1.4890991 1.3184171 4.9611708 1.7169215 0.6113406 1.4104757 1.3620521 1.6976604 1.7317480 1.8394302 1.6470160 1.8219317 1.7550698 3.3832287 1.8849826 1.1014204 1.0249754 0.7752240 0.5520526 0.6732819 0.4701477 0.0000000 1.3608837 2.2015743 2.1305410 2.3913700 1.8781621 1.8805919 1.7478935 1.7550121 1.7353759 1.8352003 2.1634957 2.1804786 1.4918749 1.8168867 4.1198918 1.4845901 1.5078026 1.9701593 1.9455092 2.0094318 2.0592715 1.5751334 2.1996248 1.6864094 1.0965808 1.7670251 2.3073342 1.7400101 1.6110479 2.7700606 3.1275551 1.3634104 4.1616410 3.9139025 2.8904470 3.2862078 6.0771847 3.8110090 3.0150311 4.6542811 4.6234445 3.7030843 7.2064861 2.0695304 4.3122814 5.7929010 
Aaur_scaffold246.g9.t1                                         0.9989783 0.9182715 1.0109193 1.0425503 1.0609176 1.0759529 1.0387667 1.1302470 9.0000000 0.6401721 0.4375829 0.9400072 1.0375050 1.0629689 1.1901080 1.1852931 1.1198738 1.0601824 1.2243984 0.0000010 1.1550489 1.4932563 1.2316152 1.0049510 1.2324802 1.2779601 1.0048646 1.3608837 0.0000000 0.3649518 0.3260643 0.6939970 1.2315574 1.2401032 1.2661977 1.1606228 1.2688209 1.1191203 0.6815097 0.7570711 1.2884251 1.2306058 0.0000010 1.8453289 1.3706621 1.2514024 1.0023704 1.1582536 1.2660899 1.1279490 0.8475293 1.6535408 1.0357238 0.0000010 1.7005113 0.8857252 0.8857252 1.1700219 1.6313805 0.0000010 2.6153628 2.6056633 2.6228036 2.6033418 0.0000010 2.4938761 2.2633668 2.1625268 2.8568980 2.8568980 3.7281364 2.0102743 3.1658255 0.0000010 
Nemnom_g5797.t1                                                1.8108604 1.8254374 1.8871086 1.8970609 1.3089220 1.8728319 1.8073081 1.6102303 5.8795021 1.5669977 0.4629417 1.5788775 1.5105489 1.7527567 1.7670549 2.0453128 1.9041080 1.9666094 1.7661926 2.6930513 1.9957846 2.3453910 2.1225655 0.9825519 1.2546547 1.3780340 1.0453964 2.2015743 0.3649518 0.0000000 0.2230150 1.1813243 1.8768413 1.8785037 2.0057445 1.8836320 2.0030712 1.8938238 1.3301011 1.9879835 1.2368827 1.9796132 5.1505164 1.8132825 1.5924561 2.1361225 2.1258789 2.2428426 2.0800011 1.2017624 1.6151590 1.6331529 2.4585371 5.8578752 2.3857820 2.5983096 2.3886929 3.7006330 2.1899884 6.5251309 4.4554054 3.8746773 2.8491904 3.5503133 7.7151115 3.4348946 3.2138064 3.9760472 4.4934737 3.2669986 5.4071758 2.9868788 5.9790110 8.9999987 
Rhoesc_Res_007907-T1                                           1.7146430 1.7757081 1.8277151 1.8311564 1.2891841 1.8202321 1.7455062 1.5877378 6.2867357 1.5616471 0.4152309 1.5582965 1.4542973 1.7773254 1.8357440 1.9528139 1.8471761 1.9318628 1.6782973 2.6685564 1.9836662 2.3325541 2.1217157 0.9733731 1.2384800 1.3597615 1.0663692 2.1305410 0.3260643 0.2230150 0.0000000 1.1744003 1.9456812 1.9456406 2.0174925 1.8790424 1.9396592 1.8661552 1.2891420 1.8139120 1.2865127 1.9452573 4.8834341 1.7981759 1.5646996 2.1596704 2.1414038 2.2337021 2.0584076 1.1506103 1.5394097 1.6742799 2.3619525 5.8178605 2.3722341 2.3592878 2.2433252 3.4068772 2.2119170 6.4353094 4.0901857 3.7127416 2.8590396 3.4336944 6.8969937 3.3249383 2.9959353 3.8466326 3.9433852 3.1064998 6.0204555 3.3093036 5.5219987 8.6292107 
Sanmal_Sma_015464-T1                                           2.0499408 2.0149156 2.1161182 2.0687074 1.5465976 2.3078779 2.2509449 1.9178757 7.4565910 1.8638884 0.6118576 1.9450918 1.7548219 2.0184457 2.2021476 2.2567934 2.1234804 2.2998198 2.2381355 3.7971711 2.3509294 2.5669841 2.3335072 1.1208914 1.5579765 1.7236535 1.3443038 2.3913700 0.6939970 1.1813243 1.1744003 0.0000000 2.1765667 2.1750214 2.1766337 2.1609080 2.1590234 2.1558326 1.4905014 2.2357444 1.7220089 2.4256491 5.5638927 2.3554709 1.9797856 2.4561236 2.4340726 2.4202415 2.4986146 1.2701699 1.6610574 1.7131533 2.5969089 5.9510137 2.5735678 2.7362377 2.6442961 4.1003670 2.6308842 5.1572299 4.1512424 3.5174777 2.9673297 3.5578148 7.7936946 3.6315384 3.0665411 3.7792546 3.7373560 3.1462019 5.5951719 3.4127535 6.1568861 8.6293197 
TrH2_TrispH2_008503-RA                                         1.4626219 1.4042689 1.3771264 1.3015862 1.0085859 1.3488936 1.3260627 1.1498118 5.2213675 1.5162426 0.4737305 1.3396376 1.1508677 1.2780528 1.4010823 1.5433716 1.4667789 1.4089064 1.5177173 2.5533745 1.5306576 1.9648713 1.8433639 1.2078502 1.1482365 1.2419217 1.0800097 1.8781621 1.2315574 1.8768413 1.9456812 2.1765667 0.0000000 0.0035305 0.1924766 0.2004427 0.1922731 0.1587592 2.0129304 1.5566838 1.1536724 1.8296005 4.1252042 1.9929329 1.6979431 1.8626393 1.9071035 1.9091499 1.9449428 1.4359782 2.1817001 1.4150911 2.1452862 5.0893195 2.0083114 2.1876801 2.1066049 2.9476153 3.1539252 5.8852602 3.7867465 3.4398047 2.6812440 3.0183929 6.0034799 3.4258543 3.0037335 3.2009956 3.4116204 2.9904864 5.0285918 2.5170464 4.3610530 5.8202193 
Tadh_TriadT24184                                               1.4687218 1.4042689 1.3849205 1.3072236 1.0137807 1.3546443 1.3316855 1.1552381 5.2213675 1.5162426 0.4737305 1.3393827 1.1522362 1.2834054 1.4056522 1.5467597 1.4755346 1.4118811 1.5227323 2.5533745 1.5339544 1.9739566 1.8502056 1.2230066 1.1565475 1.2477619 1.0942021 1.8805919 1.2401032 1.8785037 1.9456406 2.1750214 0.0035305 0.0000000 0.1956479 0.2030261 0.1947839 0.1587908 2.0236577 1.5417433 1.1536724 1.8356608 4.1252042 2.0124952 1.7098634 1.8634094 1.9071035 1.9146943 1.9474959 1.4565677 2.1909268 1.4270507 2.1452862 5.0893195 2.0215494 2.1637151 2.1066049 2.9468026 3.1539252 5.8519048 3.8119090 3.4646462 2.7027520 3.0334589 6.0034799 3.4418467 2.9869298 3.2009956 3.4233666 2.9904864 4.9640649 2.5821446 4.3610530 5.7182739 
Hhon_g04190.t1                                                 1.4399539 1.4423100 1.4190640 1.2668134 1.0082175 1.3405495 1.3263168 1.1469663 4.5832879 1.4401604 0.5193579 1.3359148 1.1275116 1.2685493 1.3930805 1.5628438 1.4603393 1.3743012 1.4726402 2.2892538 1.4217316 1.9337432 1.8052608 1.1575514 1.1261835 1.2488999 1.0704818 1.7478935 1.2661977 2.0057445 2.0174925 2.1766337 0.1924766 0.1956479 0.0000000 0.1152377 0.1098521 0.1444217 1.8876242 1.5628855 1.0997897 1.8267845 4.1071094 1.9852068 1.7326126 1.9916663 1.9412700 1.9808909 1.9288559 1.3944222 2.1661713 1.4979293 2.1200603 5.0432950 1.9874158 2.1077510 2.0603928 2.7514803 3.3969939 5.1337270 4.0876660 3.6276875 2.7302650 3.2365633 7.0446091 3.3797245 2.9688078 3.3865705 3.4267191 3.0791456 5.5523261 2.3973836 4.5348350 4.6155805 
HoiH06_mRNA8037                                                1.4470872 1.3864849 1.3597208 1.2611440 0.9920936 1.3352378 1.3380460 1.1187919 4.7961667 1.4510503 0.5124332 1.3141778 1.1580970 1.2567546 1.4155794 1.4929141 1.4809064 1.4081817 1.4349622 2.1504239 1.4422796 1.9612385 1.7993009 1.1619016 1.1384827 1.2536830 1.1108721 1.7550121 1.1606228 1.8836320 1.8790424 2.1609080 0.2004427 0.2030261 0.1152377 0.0000000 0.0543193 0.1314189 1.8162807 1.5316859 1.1432313 1.7889130 4.0491816 1.8727787 1.6337945 1.9020430 1.9383366 1.9179405 1.9140746 1.3068597 2.1418548 1.4445638 2.1059184 5.1976495 2.0430507 2.0968497 2.0084003 2.7839999 3.2546936 5.0593040 3.9912768 3.5421028 2.6516570 3.0764969 6.4349135 3.2331071 2.8174909 3.4666947 3.3690049 3.0787270 4.9118063 2.4935081 4.3701700 4.7921417 
HoiH23_PlH23_009640-RA                                         1.4209228 1.3813822 1.3615778 1.2742292 0.9957910 1.3801218 1.3797458 1.1295814 4.8527608 1.4472535 0.4857867 1.2974592 1.1401298 1.2433232 1.4350326 1.5183346 1.4373843 1.3826149 1.4403658 2.1287273 1.4156384 1.9314685 1.7843439 1.1853449 1.1617340 1.2774917 1.1299689 1.7353759 1.2688209 2.0030712 1.9396592 2.1590234 0.1922731 0.1947839 0.1098521 0.0543193 0.0000000 0.1472800 1.9085782 1.5094945 1.0491052 1.8201645 4.2775353 1.9607247 1.7005478 1.9326322 1.9079379 1.9115860 1.9155088 1.4133752 2.1641230 1.4592093 2.2064089 5.2295816 1.9809972 2.0870140 2.0096901 2.7296989 3.2892835 5.0235783 4.0154718 3.5568993 2.7005235 3.0959099 6.9123202 3.2968265 2.8923082 3.4892365 3.4354603 3.0818553 5.6551300 2.4193035 4.3835875 5.1283322 
HoiH11_mRNA8251                                                1.4814100 1.3547212 1.3405878 1.1995126 0.9799379 1.3549225 1.3320733 1.1334319 4.7135902 1.4418424 0.4856695 1.3488482 1.1397250 1.2769659 1.3919802 1.4761252 1.4954464 1.4307292 1.4454851 2.2081235 1.4965470 1.9609186 1.8252595 1.1974295 1.1316850 1.2676576 1.0732761 1.8352003 1.1191203 1.8938238 1.8661552 2.1558326 0.1587592 0.1587908 0.1444217 0.1314189 0.1472800 0.0000000 1.9709643 1.5418485 1.1019028 1.7677153 4.2825646 1.8704372 1.6372566 1.8646305 1.9194797 1.9310850 1.9225572 1.3136460 2.1522085 1.4391221 2.1393809 4.6468808 2.0296812 2.1312278 2.0586740 2.9633264 3.3069127 5.4835243 4.0317360 3.6330911 2.7463121 3.1171625 6.5295975 3.3442112 2.9889940 3.2033179 3.5149002 2.9851775 5.6840607 2.4693271 4.4366790 5.2270405 
Morvir_scaffold13.g64.t1                                       1.7838394 1.6854478 1.7308647 1.7263927 1.3132987 1.7073523 1.7368084 1.4788035 5.3690855 1.6959249 0.5048889 1.6534068 1.6080271 1.7980196 1.9192993 2.0457304 1.8907513 1.9332318 1.9019747 3.4718998 1.8500898 2.0413927 1.8837778 0.9792118 1.1651880 1.4339541 0.9573754 2.1634957 0.6815097 1.3301011 1.2891420 1.4905014 2.0129304 2.0236577 1.8876242 1.8162807 1.9085782 1.9709643 0.0000000 1.8276496 1.2250859 1.9086346 4.2667636 1.9003947 1.8333132 2.3349871 2.2184735 2.3828151 2.2123329 1.1501608 1.5839363 1.7423106 2.6439130 6.4075801 2.4916670 2.5486236 2.4129411 3.2813012 2.2096035 6.2027986 4.3108523 3.7751567 2.8226672 3.4836318 5.8632828 3.6169795 3.2296257 3.6802754 3.7684101 3.2748311 6.8451863 2.4669812 5.9503152 6.3960454 
Cscu_XM_023369134.1                                            1.4709063 1.6374208 1.6410380 1.5161291 1.0098911 1.6139461 1.5407215 1.3077521 4.9581596 1.6624316 0.4470454 1.5710140 1.2329002 1.2410245 1.4832889 1.6916086 1.4376320 1.3846853 1.2314101 2.5557336 1.4549912 2.1808733 1.9634005 0.7475196 0.6895916 1.0341321 0.3415751 2.1804786 0.7570711 1.9879835 1.8139120 2.2357444 1.5566838 1.5417433 1.5628855 1.5316859 1.5094945 1.5418485 1.8276496 0.0000000 1.4315883 1.8486828 3.8950513 1.6917341 1.2651383 2.1902953 1.9785157 2.1372990 2.2337631 0.8607563 2.1471360 1.0495417 2.2238832 5.4692374 1.6157432 2.1701444 2.0222920 3.3729154 2.7703712 5.8760763 4.1136146 3.6425399 2.3164970 3.0114023 5.9080290 3.6070200 3.3001653 3.9429234 3.9232698 2.9408089 8.1673001 3.0591419 4.7126361 6.2818969 
Opea_EP00118_Oscarella_pearsei_P013670                         0.9129223 0.9997734 1.0271343 1.0221299 0.9844063 1.0951817 1.0124432 0.9485919 1.7489607 1.1525638 0.8595925 1.1301074 1.0976585 1.2013756 1.1258485 1.1736880 0.9549125 1.0109295 1.2031017 1.4375438 1.0441548 1.7991240 1.8387415 2.4158989 2.4158989 1.5755452 1.9838955 1.4918749 1.2884251 1.2368827 1.2865127 1.7220089 1.1536724 1.1536724 1.0997897 1.1432313 1.0491052 1.1019028 1.2250859 1.4315883 0.0000000 0.0949320 3.4996043 7.6244482 3.0109989 1.2869140 1.1732601 1.2662668 1.2256761 2.8252650 1.7921322 1.5811613 1.6790486 4.8224960 1.6262660 1.0706825 1.0706825 0.7129718 2.0922128 8.5825592 2.5693735 2.6390219 3.3081905 2.8447123 7.7679049 2.9043089 2.8286191 1.8565573 2.0768063 1.9170267 6.7591481 1.5566493 9.0000000 2.5599987 
Opea_EP00118_Oscarella_pearsei_P013672                         1.4624732 1.5248321 1.5477992 1.4688405 1.0688991 1.4406703 1.4305244 1.3308202 5.1195934 1.6379248 0.6455615 1.3766284 1.2796101 1.7017184 1.4913124 1.6378237 1.6082622 1.6306715 1.6608807 3.2750621 1.5604662 1.8694885 1.8082190 0.9703139 1.0486922 1.2301771 1.0496104 1.8168867 1.2306058 1.9796132 1.9452573 2.4256491 1.8296005 1.8356608 1.8267845 1.7889130 1.8201645 1.7677153 1.9086346 1.8486828 0.0949320 0.0000000 0.0000010 0.1109792 0.1465390 1.9218707 1.8412160 1.8715749 1.8423622 1.8500111 2.3075628 1.5080424 1.8814341 4.0280420 2.1097303 2.0276977 2.0264071 1.6551715 3.4267797 4.2156049 3.6362659 3.2724925 2.7249697 3.2489664 6.2492924 3.4805148 3.3421959 3.7241887 3.8828477 3.5264187 5.5861880 2.0036552 6.1920746 6.4462289 
Ocar_g9188                                                     3.6318442 4.2426737 4.0730978 3.3338951 1.9355615 3.0733080 2.9995184 2.9410060 5.1452140 3.4838403 0.0000010 3.3470477 3.2968653 4.0209381 3.2792711 3.9776721 4.3466308 5.0689926 4.3408585 4.4207287 3.7567450 3.7783101 4.1111821 0.0000010 0.0000010 2.5648919 0.0000010 4.1198918 0.0000010 5.1505164 4.8834341 5.5638927 4.1252042 4.1252042 4.1071094 4.0491816 4.2775353 4.2825646 4.2667636 3.8950513 3.4996043 0.0000010 0.0000000 0.0000010 2.4626310 5.5730992 4.3270045 5.3658594 4.7831695 1.4664900 5.7009403 4.3079424 3.3445104 4.0280420 3.4082811 4.9821756 5.0037172 2.5012847 6.1262341 4.2156049 8.4625117 6.8745094 8.9999988 6.2157557 6.2157557 8.1410703 8.9999985 7.4997553 5.8792004 9.0000000 5.6859814 4.1769283 6.4942652 6.4462289 
Opea_EP00118_Oscarella_pearsei_P013673                         1.2936614 1.2739009 1.3892509 1.5103153 1.3376710 1.3375110 1.4362335 1.5670113 0.0000010 1.6154081 0.7536623 1.1962124 1.3075559 1.5022943 1.5137135 1.5184166 1.4560500 1.4322759 1.4704499 0.0000010 1.4068530 1.6929854 1.3956345 1.1028667 1.1386312 1.2806996 1.0496104 1.4845901 1.8453289 1.8132825 1.7981759 2.3554709 1.9929329 2.0124952 1.9852068 1.8727787 1.9607247 1.8704372 1.9003947 1.6917341 7.6244482 0.1109792 0.0000010 0.0000000 0.1042978 1.5270602 8.9999985 1.5202625 1.6242872 2.3797638 2.2228684 1.9191947 1.2667303 0.0000010 2.2530169 2.0924214 2.0924214 8.9999986 6.1112214 9.0000000 3.1746790 3.1585484 2.8875086 3.0781469 0.0000010 2.8011377 3.3028930 8.9999988 8.9999986 8.9999986 3.8203438 1.4519959 4.7377400 5.2919138 
Opea_EP00118_Oscarella_pearsei_P013674                         1.2918687 1.2630045 1.3458463 1.4967833 1.1258581 1.3353502 1.3980203 1.3998405 6.2295530 1.3672302 0.5626908 1.1663854 1.3150495 1.4177701 1.4068712 1.3636994 1.3029343 1.2769222 1.3476048 8.9999990 1.2677577 1.4658417 1.2973834 0.9486341 1.0506247 1.0605288 1.0496104 1.5078026 1.3706621 1.5924561 1.5646996 1.9797856 1.6979431 1.7098634 1.7326126 1.6337945 1.7005478 1.6372566 1.8333132 1.2651383 3.0109989 0.1465390 2.4626310 0.1042978 0.0000000 1.4901830 1.8227393 1.4267160 1.5059232 1.8541590 1.8783889 1.5654586 1.2748666 5.4555822 2.0987844 1.3634691 1.3634691 4.9423010 4.9542393 7.8641142 3.2175263 3.0429416 2.9518206 3.2362902 8.9999990 2.9280078 3.0204559 3.9300034 5.4794863 5.2947398 8.5623015 1.5934206 8.9999987 7.1755050 
Lcom_lcpid30676                                                1.6733785 1.7404905 1.7283318 1.6789797 1.1687039 1.7217064 1.6606182 1.4451840 8.6630929 1.9084847 0.6999244 1.5177715 1.4391970 1.7477870 1.5047590 1.7244213 1.9328623 1.7415830 1.6452834 2.7408439 1.6185353 1.8842160 1.8969909 1.0149037 1.0079220 1.1413138 0.9268941 1.9701593 1.2514024 2.1361225 2.1596704 2.4561236 1.8626393 1.8634094 1.9916663 1.9020430 1.9326322 1.8646305 2.3349871 2.1902953 1.2869140 1.9218707 5.5730992 1.5270602 1.4901830 0.0000000 0.3382943 0.5249864 0.5914049 1.5416948 2.1570947 1.4756630 2.1947379 4.3167706 2.1061674 2.4956383 2.3631424 3.0026522 3.2134613 5.6143870 3.9355572 3.6233747 2.7265906 3.1494929 5.9656749 3.5163579 3.0532694 4.4594045 4.6603430 3.6508016 8.1528472 1.8400828 4.1784949 3.5907363 
Leuniv_Lniv_scaffold24580_01                                   1.7005172 1.7525292 1.7342487 1.6147998 1.2832595 1.7482169 1.7749446 1.4850798 5.1441601 1.5737655 0.5309758 1.5836154 1.5357210 1.7499263 1.4809744 1.5196495 1.6799140 1.8291775 1.6327679 2.4718435 1.4882642 2.1186347 2.1451227 0.9179183 0.8599965 1.3727786 0.0000010 1.9455092 1.0023704 2.1258789 2.1414038 2.4340726 1.9071035 1.9071035 1.9412700 1.9383366 1.9079379 1.9194797 2.2184735 1.9785157 1.1732601 1.8412160 4.3270045 8.9999985 1.8227393 0.3382943 0.0000000 0.3574232 0.4558799 0.5041690 2.2437204 1.4714238 2.1540212 3.7550164 2.1350084 2.3556564 2.3632907 2.3125856 3.2964132 4.0131137 3.5598580 3.2086790 2.6828944 3.2776640 5.9404243 3.2135758 2.6607460 3.3106171 3.1027444 2.5287120 4.9853711 4.2650923 3.6884333 2.1668864 
Scil_scict009601.1                                             1.5976706 1.6855591 1.6777598 1.5241246 1.1080142 1.6758212 1.6553857 1.3847281 6.9431049 1.7696118 0.6438482 1.5051868 1.3443358 1.6649376 1.5532753 1.7120970 1.7074724 1.6553862 1.7472985 3.2594008 1.5725159 1.8724320 1.8019030 0.9538581 1.0371292 1.2259302 0.9298923 2.0094318 1.1582536 2.2428426 2.2337021 2.4202415 1.9091499 1.9146943 1.9808909 1.9179405 1.9115860 1.9310850 2.3828151 2.1372990 1.2662668 1.8715749 5.3658594 1.5202625 1.4267160 0.5249864 0.3574232 0.0000000 0.5092695 1.5115594 2.3167992 1.4140893 2.3473135 5.6575769 2.1679394 2.7535947 2.6611979 3.1636952 3.3825900 5.2026533 3.8176353 3.5051057 2.5587107 3.1433868 6.7483116 3.5961140 3.1129319 4.5990579 4.6975449 3.5652984 7.4397061 1.6995722 5.2379566 4.8445180 
Gracom_Gcom_C553396_01                                         1.7460762 1.7515112 1.7606287 1.5697381 1.1807791 1.6895708 1.6292529 1.3766708 6.4091578 1.7881182 0.6712291 1.4339797 1.3986208 1.7114451 1.6193036 1.7446371 1.8384109 1.7558735 1.7688871 3.1796304 1.4784720 1.7836621 1.7791333 0.9293214 1.0528467 1.2332442 1.0358873 2.0592715 1.2660899 2.0800011 2.0584076 2.4986146 1.9449428 1.9474959 1.9288559 1.9140746 1.9155088 1.9225572 2.2123329 2.2337631 1.2256761 1.8423622 4.7831695 1.6242872 1.5059232 0.5914049 0.4558799 0.5092695 0.0000000 1.4967127 2.3089441 1.3965773 2.0930650 4.5003284 2.0035482 2.6834387 2.5476281 3.0787436 3.2401351 4.8150196 3.8997858 3.5516454 2.6440321 2.9853050 6.0763423 3.4715228 3.0215216 4.5044837 4.5711347 3.4689495 6.1974602 2.0804440 3.8544037 3.8135074 
