72
Tetwil_g13605.t1                                        0.0000000 0.1060860 2.4046387 2.8346375 2.3601163 2.3249453 2.2704045 2.3453281 2.6859016 3.0434159 2.6749091 2.5919112 1.7198459 2.1842769 4.5132109 5.6459403 2.1869712 2.4481145 2.4818249 2.5883782 2.6071401 2.3929129 2.9292686 2.4715528 2.5188121 2.3865253 2.3459201 2.0485715 2.3482898 2.3263904 2.2029168 2.3578162 2.3878884 2.2471953 2.4690505 2.4880138 2.6089869 2.6703627 2.2495508 2.8655445 2.1873387 3.8928639 2.9185130 2.2885597 3.8596308 3.8596308 2.6131436 2.6131436 2.7038729 2.6394558 2.6394558 1.6782224 1.8266140 1.9807695 1.7036333 2.0675966 1.8295001 9.0000000 3.8749077 1.5416830 1.2793598 2.9474339 2.7417619 2.4878592 3.1785186 2.5590082 3.3479818 3.1986792 2.5287946 3.4405490 4.0237838 4.5152173 
Tetwil_g10813.t1                                        0.1060860 0.0000000 2.3083804 2.1237146 2.1874198 2.1946832 2.1758743 2.1370662 2.4108233 2.6861703 2.5946351 2.4011626 1.2017008 2.1780249 3.0287588 0.8892790 2.0940282 2.2146959 2.2375967 2.2668304 2.2174154 2.2392302 2.2033759 2.4594862 2.4527196 2.2759506 2.3182515 2.1713311 2.3436720 2.5105993 2.4213816 2.5163503 2.5603802 2.5264081 2.6591736 2.5735901 2.4458784 2.8041059 2.1553420 3.0464553 2.1219259 3.3234769 2.9273939 2.5369892 3.3071121 3.3429082 2.7065022 2.7469721 2.7621517 2.8393091 2.8393091 1.7062099 1.5036568 1.7196806 1.6142989 2.0178933 1.5996550 3.5479006 1.6312353 1.4318396 1.2454884 2.6083166 2.6809474 2.6809827 3.0227279 2.7150712 2.9406692 2.9686473 2.7730219 3.4215258 3.2945137 3.3119797 
Cgig_XM_011457987.3                                     2.4046387 2.3083804 0.0000000 2.1182798 1.6930414 1.7073063 1.7873620 1.6689014 1.9020011 1.9814071 1.5163977 1.0989053 0.8238360 1.0765929 1.6284942 0.6224459 1.2697779 1.4654042 1.4379364 1.9617385 2.0171086 2.0621125 1.0625372 1.5247507 1.6907134 1.6259445 1.5481655 1.6274086 2.0685319 2.2667516 2.1059098 2.2867303 2.2720135 2.2019411 2.5231235 2.3938799 1.8629947 2.1585416 1.8150325 2.7766186 1.7428718 3.3262317 2.5927548 2.4043760 2.8376910 2.7859146 2.1822020 2.2251077 2.6045659 2.3561700 2.3561700 2.4539794 2.4438402 2.5859512 2.5404643 2.1940141 1.7264532 2.5014192 2.8393729 2.6392457 2.4817197 2.4873430 2.0568323 2.3314699 2.7135492 2.2197633 2.6506132 2.8805022 2.2237452 2.7725837 3.8060487 4.3552565 
Gasp_gasp1.m1b.29455.m1                                 2.8346375 2.1237146 2.1182798 0.0000000 0.2292600 0.1767018 0.1748668 0.3002196 0.5113880 0.6737191 1.9407826 1.9694841 0.8863203 1.6650929 1.7563768 0.7727915 1.6128183 2.5461535 2.3020044 1.6661046 1.7027511 1.9663670 1.2044777 1.9482432 2.1904492 0.8836762 2.0781500 1.4603343 2.0068778 2.5099317 2.4910597 2.5678630 2.5844274 2.6673745 2.9521634 2.6796108 1.7603904 2.6647210 1.8494564 2.9360854 1.5500126 3.2433034 3.1741424 2.9660546 3.1048675 3.0906214 3.3501597 3.3773818 2.6933470 2.5120986 2.5844807 2.4557203 2.5983387 3.0300640 2.6732367 2.2226636 1.5509159 2.4947270 2.3832363 2.3676210 2.5128867 1.9687887 2.1100121 2.2308498 2.2019732 2.2826547 2.8968116 3.2464907 2.7024646 2.8091067 3.1720431 3.2554057 
Spis_XP_022780221_1                                     2.3601163 2.1874198 1.6930414 0.2292600 0.0000000 0.0849392 0.2009912 0.2901230 0.4834199 0.5007899 1.5115861 1.6056038 0.8187643 1.4989839 2.2972731 0.7338588 1.6772839 1.8061258 1.7495423 1.4046356 1.4528010 1.5877160 1.2474177 1.6230180 1.6680988 0.8390223 1.5921221 1.5482359 1.6239937 2.2353470 2.0481641 2.2271846 2.2246757 2.2326233 2.3403321 2.1868420 1.6331713 2.0887623 1.5751782 2.7917522 1.7671404 3.5039774 2.8757589 2.6524833 3.1605279 3.1511693 2.6772052 2.6735316 2.3796931 2.2880461 2.3063387 2.4850833 2.4893987 2.7682559 2.5924559 2.2911188 1.8885633 2.3705624 2.4817350 2.4547842 2.1694675 1.7998114 1.7686328 1.6769626 2.0622459 2.0306968 2.5575548 2.6858896 2.0777046 2.5239169 3.2635855 3.4671385 
Pocdam_XM_027197455.1                                   2.3249453 2.1946832 1.7073063 0.1767018 0.0849392 0.0000000 0.1578407 0.2565750 0.4943308 0.5173738 1.5401157 1.6257707 0.8863203 1.5040651 2.3277000 0.7789068 1.6652585 1.8619834 1.7709837 1.3958521 1.4404658 1.5628726 1.2805656 1.5966537 1.6927236 0.8090957 1.6165706 1.5115047 1.5561747 2.1753343 2.0405399 2.1395241 2.1698165 2.1722375 2.2798599 2.1661314 1.5691165 2.0209193 1.5730065 2.7353459 1.7805998 3.3515707 2.7515562 2.5521770 3.1104143 3.0895484 2.6076371 2.6028714 2.4005257 2.2957521 2.3141911 2.3892129 2.5584349 2.8495655 2.6119075 2.2338123 1.8563210 2.3193886 2.5511312 2.4485042 2.0862702 1.7561616 1.7072055 1.6847587 2.0571705 1.8814622 2.4942835 2.6611655 2.1140604 2.5492177 3.0728301 3.2910090 
Fspp_ffun1.m4.12769.m1                                  2.2704045 2.1758743 1.7873620 0.1748668 0.2009912 0.1578407 0.0000000 0.2521744 0.4493074 0.4745176 1.5479574 1.6377760 0.8133226 1.5224558 2.7376668 1.0767213 1.7283781 1.8951442 1.7899782 1.4631162 1.4778501 1.6126919 1.3328705 1.6539182 1.7223587 0.8296477 1.6600934 1.5484659 1.5987462 2.1991380 2.1054318 2.2041749 2.2365882 2.2572067 2.2042668 2.2249704 1.5422642 2.0126711 1.5629334 2.6491314 1.7820475 3.5352850 2.6322956 2.4964138 3.2016779 3.2036153 2.5942416 2.5942796 2.2644496 2.1587752 2.1927570 2.3448340 2.6229301 2.8980790 2.7752898 2.3144815 2.0046207 2.9165904 2.8671046 2.5326364 2.1217100 1.7836645 1.7116801 1.7054232 2.0130365 1.6773081 2.3893215 2.6930346 2.1065403 2.5020927 3.2285571 3.2976538 
Gfas_gfas1.m1.3106.m1                                   2.3453281 2.1370662 1.6689014 0.3002196 0.2901230 0.2565750 0.2521744 0.0000000 0.4130769 0.4575367 1.4532619 1.6154994 0.9327077 1.5369910 2.1340540 0.6641302 1.6239549 1.9142641 1.8069786 1.3895636 1.4232731 1.4825399 1.3193246 1.6608775 1.6751470 0.8621654 1.6131104 1.4043584 1.5568234 2.0831969 1.9449556 2.0735506 2.1030035 2.1596772 2.2258116 2.1175592 1.5597484 1.9809116 1.5126359 2.8378277 1.9050387 3.9261426 2.8823040 2.6941165 3.3061882 3.2621416 2.6122798 2.6101814 2.4290818 2.2737779 2.3079736 2.3800755 2.3967430 2.6166318 2.5135434 2.2819576 1.8738784 2.3189144 2.2554349 2.3218532 2.1373059 1.7634438 1.7247054 1.7413490 2.0311003 1.8846516 2.5110691 2.6353723 2.1113160 2.5765673 2.8738245 3.1189545 
Amil_Amillepora14418-RA                                 2.6859016 2.4108233 1.9020011 0.5113880 0.4834199 0.4943308 0.4493074 0.4130769 0.0000000 0.1223195 1.7556703 2.0729159 0.8867622 1.8080817 2.8035749 1.0402893 1.7148704 2.2134663 2.1866880 1.7524478 1.7375637 1.8161366 1.7552150 1.9447542 1.8704124 1.0501744 1.8572491 2.1207890 2.0163132 2.5058409 2.3409452 2.5607470 2.5571356 2.5970268 2.9474623 2.7797157 1.7926481 2.3606647 1.7415644 3.1490788 2.0727321 4.9960709 3.1441747 3.1348164 4.5434572 4.5233719 2.8928858 2.8757844 2.6158837 2.5027036 2.5499502 2.5286055 2.6590687 2.9121790 2.8300211 2.5748693 2.1774091 3.3182620 2.8254733 2.4803424 2.4602977 2.1073648 2.0618879 2.0424444 2.6158340 2.0116768 2.8355644 2.9651752 2.6786696 3.0202726 4.0612739 3.6034413 
Adig_XM_015897366.1                                     3.0434159 2.6861703 1.9814071 0.6737191 0.5007899 0.5173738 0.4745176 0.4575367 0.1223195 0.0000000 1.9033082 2.1472377 3.0168900 1.9319684 2.4691233 0.8198881 1.8680492 2.1750318 2.3114046 1.7941703 1.7611926 1.9014912 1.9190028 2.1364893 2.0218847 1.1467524 1.9751995 1.4065568 1.9732250 2.5309260 2.3011431 2.4969715 2.5097594 2.5224789 2.7857485 2.6201711 1.9982389 2.5269318 1.9432445 3.3468239 4.3558609 4.5212499 3.1216277 3.2056121 4.4337593 4.4154176 3.0458902 3.0387808 2.8233440 2.6479694 2.6940035 3.2724568 2.9189038 3.1346294 3.2165413 2.6773042 2.4387737 2.3432280 2.2555567 2.7406322 2.4274989 2.0208485 2.1586762 2.3432053 3.0756141 2.2717325 3.0414405 3.3178005 2.6159574 3.0854835 4.3316857 3.5366611 
Bralan_BLAG09001150_1                                   2.6749091 2.5946351 1.5163977 1.9407826 1.5115861 1.5401157 1.5479574 1.4532619 1.7556703 1.9033082 0.0000000 1.2177588 0.7060521 1.1318390 1.7985396 0.5294845 1.3067519 1.3237416 1.3146145 1.4601153 1.4998458 1.7271386 0.7801567 1.2791334 1.2667499 1.5085428 1.2229279 1.7634763 1.7269398 2.3501883 2.2890364 2.3103029 2.3190663 2.3816434 2.4686188 2.3673846 1.5051527 1.8525775 1.5726059 2.5634136 1.7860188 3.1151296 2.7191475 2.1832954 3.2523994 3.1663213 2.3488833 2.3458140 2.3558268 2.1388332 2.1388332 2.7115628 2.7032733 2.9603263 2.7911246 2.2395643 1.9003519 2.4296976 3.3217722 2.9219423 2.6922673 2.1700881 2.0198350 2.1951120 2.8683127 1.8521768 2.7170375 2.5480095 2.0609561 2.9781451 3.4936029 3.9264474 
Acagra_model.g2846.t1.1.5d3b81fb                        2.5919112 2.4011626 1.0989053 1.9694841 1.6056038 1.6257707 1.6377760 1.6154994 2.0729159 2.1472377 1.2177588 0.0000000 0.5345466 0.7880293 1.7525579 0.6852135 1.2526906 1.2430627 1.2160411 1.7527817 1.7379871 1.8623124 0.9030994 1.2997212 1.6021505 1.6280509 1.4864697 1.8146992 1.9155929 2.3987812 2.2532969 2.4568793 2.4718385 2.3666774 2.4064373 2.3274489 1.7252815 2.1254379 1.7519955 2.6258832 1.7196403 2.9833891 2.6805171 2.2601712 3.0735702 3.0517970 2.4398723 2.4658867 2.4691318 2.2855693 2.2855693 2.6338367 2.8420734 3.1434052 2.9188957 2.3564787 1.9647485 2.8473812 2.8447102 2.7630542 2.7257316 2.5451029 2.1669207 2.1645358 2.7579007 2.3052468 2.9277277 2.7311319 2.3962164 2.8127626 3.4339731 4.6548824 
Morvir_scaffold3729.g1.t1                               1.7198459 1.2017008 0.8238360 0.8863203 0.8187643 0.8863203 0.8133226 0.9327077 0.8867622 3.0168900 0.7060521 0.5345466 0.0000000 0.7849071 2.2984532 1.8161944 1.2116104 0.6772737 0.7569094 0.6346665 0.6897498 0.8635962 0.7302171 0.8750698 0.9999652 1.0081359 1.0434377 1.4906946 0.7119889 1.0605748 1.0605748 1.0605748 1.0605748 1.3305816 1.0179674 1.0234784 1.2783589 1.2783589 1.4935430 1.5635928 1.3990830 1.6127287 1.6966199 1.7764266 1.6880729 1.6880729 1.5400702 1.5400702 1.2492810 1.5337933 1.5337933 1.6148841 1.2620703 1.2620703 1.4556851 1.5462180 1.5462180 1.4820082 1.5937831 1.5015508 1.9911600 2.3974029 1.1647336 1.4468951 1.3354740 0.8333525 2.3233281 2.1986830 2.2822240 2.3154030 2.4736489 3.5509534 
Ctel_gnl_WGS_AMQN_CAPTEDRAFT_mRNA155141                 2.1842769 2.1780249 1.0765929 1.6650929 1.4989839 1.5040651 1.5224558 1.5369910 1.8080817 1.9319684 1.1318390 0.7880293 0.7849071 0.0000000 1.4380756 0.3463998 1.1478719 0.9314434 1.1585344 1.7176006 1.7472032 1.7466259 0.9238301 1.1306845 1.2650836 1.4428508 1.2827232 1.4773381 1.7254084 2.0258994 1.9182916 2.0412676 2.0401820 1.9437168 2.1376959 2.0415132 1.6829744 1.9974768 1.6180637 2.4156531 1.7228480 2.9485715 2.4855266 2.1152010 2.6701885 2.6857508 2.2550117 2.2230662 2.2203696 2.1270252 2.1270252 2.2706913 2.3554560 2.5517679 2.3877779 2.3268441 1.7324968 2.1172875 3.2738410 2.6331838 2.4471259 2.3943508 1.9568709 1.8667633 2.4141466 1.9948408 2.5678309 2.6034654 2.0468139 2.8211350 3.1193733 4.1299629 
Dpul_mRNA3240                                           4.5132109 3.0287588 1.6284942 1.7563768 2.2972731 2.3277000 2.7376668 2.1340540 2.8035749 2.4691233 1.7985396 1.7525579 2.2984532 1.4380756 0.0000000 0.0749571 0.3266881 1.4838285 1.4535561 1.9734277 2.0551176 1.9799815 1.7948663 1.6423833 2.0576752 2.1090004 2.1567760 1.5582938 1.9755000 2.6235755 2.6977118 2.6293044 2.6286687 2.6775436 3.1219947 2.4743600 2.6653888 2.9543811 2.0388200 2.6929293 2.6277955 2.4209348 2.5359221 2.6458822 2.2526902 2.2526902 2.7604566 2.7604566 2.2810773 2.2991697 2.2991697 3.1254268 2.5523645 2.6204161 2.7193331 2.2569684 2.2256672 1.3183158 1.9038882 2.7716451 2.1452033 2.1353415 2.7069872 3.0269740 2.9234138 4.3772642 2.7600075 2.5865009 2.1987214 2.6893345 2.6476263 2.1707443 
Dpul_mRNA30410                                          5.6459403 0.8892790 0.6224459 0.7727915 0.7338588 0.7789068 1.0767213 0.6641302 1.0402893 0.8198881 0.5294845 0.6852135 1.8161944 0.3463998 0.0749571 0.0000000 0.0487253 0.4599713 0.4735243 0.6071515 0.6071515 0.6071515 0.6501181 0.5573360 0.6690217 0.6933706 0.6512879 1.1531086 0.5741933 0.9762801 0.9639547 0.9936649 0.9936649 1.0326384 1.3933511 0.9396886 1.1824758 1.1824758 0.9933129 0.9943553 5.0949662 1.2533541 1.2533541 1.2142558 1.1828929 1.1828929 0.9444272 0.9444272 0.8678085 0.8601344 0.8601344 0.0000010 1.0815210 1.0815210 1.1087626 0.8686686 0.8686686 0.5524363 0.9536855 0.9536855 0.7220786 0.6463997 1.4161083 1.2146898 1.3499553 4.6254189 0.9885015 1.2132941 1.2917681 1.5406264 1.1401461 1.0574525 
Dpul_mRNA5975                                           2.1869712 2.0940282 1.2697779 1.6128183 1.6772839 1.6652585 1.7283781 1.6239549 1.7148704 1.8680492 1.3067519 1.2526906 1.2116104 1.1478719 0.3266881 0.0487253 0.0000000 1.1208609 1.0666890 1.5808331 1.6084470 1.5632515 1.4580227 1.3646794 1.5046350 1.5004190 1.5857284 1.6649397 1.6348336 2.0547022 1.9226935 2.0397623 2.0536548 2.0091246 2.1434483 2.0161996 1.9140192 1.9832169 1.7707091 2.0937768 2.1006174 2.4639585 1.9346159 1.9612450 2.1661842 2.1661842 2.1912789 2.1912789 1.9858036 1.8357410 1.8357410 2.5577121 2.3392562 2.3623537 2.3114163 2.1189946 1.9212544 1.1487920 1.9631284 2.3607846 1.8904917 2.2366096 2.0373591 2.0456262 2.6105465 2.3836654 2.1742048 2.1966859 1.9769658 2.6081018 2.7064528 2.5835556 
Cscu_XM_023386745.1                                     2.4481145 2.2146959 1.4654042 2.5461535 1.8061258 1.8619834 1.8951442 1.9142641 2.2134663 2.1750318 1.3237416 1.2430627 0.6772737 0.9314434 1.4838285 0.4599713 1.1208609 0.0000000 0.8593887 1.8636151 1.8880250 2.0703770 0.8389890 1.4537975 1.5474410 1.8506483 1.4299361 1.9887898 2.1453182 2.3830360 2.2753278 2.4275805 2.4198321 2.3636198 2.2662011 2.1332904 1.8214118 2.1649132 1.8215779 2.9861295 2.1487350 3.1782935 2.5965902 2.4162129 3.2778132 3.2292578 2.5733925 2.5087401 2.5009500 2.4237422 2.4237422 2.2580936 2.2857587 2.5206785 2.3079738 2.2661360 1.8045327 3.0513364 2.9637498 2.7483018 2.6201270 2.3455288 2.2611921 2.4432343 3.2645754 2.0901685 2.6115842 2.9058800 2.2038298 3.0352133 3.3445444 4.4759129 
Tcas_TC012374_001                                       2.4818249 2.2375967 1.4379364 2.3020044 1.7495423 1.7709837 1.7899782 1.8069786 2.1866880 2.3114046 1.3146145 1.2160411 0.7569094 1.1585344 1.4535561 0.4735243 1.0666890 0.8593887 0.0000000 1.8926093 1.9097230 1.9323493 1.0118816 1.3562443 1.3254719 1.7539157 1.3775171 1.7438189 1.9880091 2.6125707 2.5233460 2.6235845 2.6624606 2.6283913 2.6644195 2.5064529 1.7376260 2.0955339 1.8624691 2.8686884 2.1387534 3.3039867 2.7486993 2.4078123 3.2902591 3.2341203 2.5821023 2.5304026 2.4744140 2.3598839 2.3598839 2.1813022 2.3115341 2.5119413 2.3006915 2.1769070 1.7657838 2.6239249 3.1482287 2.6694975 2.5361182 2.4052559 1.9548146 2.2094408 2.6572439 2.2369129 2.5805351 2.9163499 2.1695431 2.9321838 3.6738778 4.4239553 
Nemnom_g9244.t1                                         2.5883782 2.2668304 1.9617385 1.6661046 1.4046356 1.3958521 1.4631162 1.3895636 1.7524478 1.7941703 1.4601153 1.7527817 0.6346665 1.7176006 1.9734277 0.6071515 1.5808331 1.8636151 1.8926093 0.0000000 0.1473347 0.4040539 1.3212881 1.4924761 1.9026678 1.5597068 1.7047737 1.5722328 0.5215421 2.3104309 2.1535649 2.3341143 2.3502940 2.2639205 2.5870394 2.4846609 1.8390629 2.2407666 1.7318878 2.7431665 1.9315422 3.0705215 2.7534283 2.5824855 3.1320336 3.1320336 2.6088479 2.5999124 2.4006326 2.2175517 2.2175517 2.7164670 2.8407450 3.1738700 2.7838102 2.2678461 1.9471076 2.3480721 2.7066132 2.7715229 2.3546387 1.3672664 1.4303265 2.0063403 2.4002724 1.6304592 2.6936009 2.5939459 2.1182828 2.7010020 3.0755777 3.2334515 
Rhoesc_Res_014537-T1                                    2.6071401 2.2174154 2.0171086 1.7027511 1.4528010 1.4404658 1.4778501 1.4232731 1.7375637 1.7611926 1.4998458 1.7379871 0.6897498 1.7472032 2.0551176 0.6071515 1.6084470 1.8880250 1.9097230 0.1473347 0.0000000 0.3530304 1.4475112 1.5455662 1.9188836 1.5976789 1.7951981 1.6117604 0.4823163 2.3411915 2.1664710 2.3742821 2.3907496 2.2720634 2.5704229 2.4690993 1.9410757 2.3540288 1.7191214 2.7318004 1.9552672 3.1050255 2.7889942 2.6932569 3.1848308 3.1848308 2.5780405 2.5613242 2.4611337 2.2946379 2.2946379 2.6677977 2.8168988 3.2113183 2.8255153 2.3864850 1.9624749 2.0704572 2.4686233 2.6946190 2.3939898 1.3419242 1.5223676 1.9214840 2.3955002 1.5995458 2.8814821 2.7585134 2.2028469 2.9193103 3.1220372 3.4998783 
Aaur_scaffold2349.g3.t3                                 2.3929129 2.2392302 2.0621125 1.9663670 1.5877160 1.5628726 1.6126919 1.4825399 1.8161366 1.9014912 1.7271386 1.8623124 0.8635962 1.7466259 1.9799815 0.6071515 1.5632515 2.0703770 1.9323493 0.4040539 0.3530304 0.0000000 1.3688024 1.6148217 1.8956278 1.6094894 1.7229958 1.4814162 0.5949964 2.4526850 2.2686953 2.4368718 2.4643813 2.4357089 2.5887333 2.4945452 1.8852162 2.4007669 1.8757621 2.8615634 1.9531789 3.3198837 2.8998826 2.6381373 3.4489062 3.3538720 2.5159383 2.5282020 2.5420741 2.4346866 2.4346866 2.6688376 2.6691843 3.0997001 2.6923291 2.3301874 1.9425780 2.2302645 2.9853095 2.7919670 2.5380532 1.2699818 1.6755168 2.2137694 2.8841949 1.6097940 3.1456606 2.7283510 2.2828634 2.8697507 3.5073405 3.3434146 
Skow_XM_006816656.1                                     2.9292686 2.2033759 1.0625372 1.2044777 1.2474177 1.2805656 1.3328705 1.3193246 1.7552150 1.9190028 0.7801567 0.9030994 0.7302171 0.9238301 1.7948663 0.6501181 1.4580227 0.8389890 1.0118816 1.3212881 1.4475112 1.3688024 0.0000000 0.6577394 0.9617788 1.3057312 1.0714949 1.7340053 1.4652750 1.6492429 1.6143064 1.6501663 1.6621132 1.7373126 1.7105584 1.6394762 1.6048441 1.6916988 1.7853912 2.1816879 1.2795143 2.4374761 2.2456735 2.0950816 2.4893242 2.4893242 1.8117554 1.8117554 2.0340351 1.9156517 1.9156517 2.5986333 2.4264988 2.6110031 2.4761577 2.1132531 1.8290225 1.7751735 2.4620354 2.6071915 2.2174224 1.7583499 1.8218075 1.5789635 1.8608473 2.4143868 2.2345678 2.3323074 1.9497807 2.9524900 2.6067974 3.2290033 
Spur_XM_030984247.1                                     2.4715528 2.4594862 1.5247507 1.9482432 1.6230180 1.5966537 1.6539182 1.6608775 1.9447542 2.1364893 1.2791334 1.2997212 0.8750698 1.1306845 1.6423833 0.5573360 1.3646794 1.4537975 1.3562443 1.4924761 1.5455662 1.6148217 0.6577394 0.0000000 1.4716732 1.5008447 1.3187668 2.0954270 1.8028014 2.2872948 2.2276814 2.2786658 2.2846197 2.4168415 2.3095115 2.2084073 1.6540547 2.0683047 1.6851754 2.5138257 1.4750873 2.5407551 2.2246768 1.9102864 2.6652140 2.5857589 2.1250991 2.0889603 2.1472787 2.0849869 2.0967942 2.3608661 2.3203674 2.5811464 2.5676440 2.3277025 2.0204299 1.9936947 2.3326639 2.4534740 2.1442291 2.2598527 1.9558930 2.1633063 2.7650317 2.0351638 2.3995683 2.2363797 2.0257525 2.6745182 3.0191539 3.6041553 
Hsap_ENST00000647930                                    2.5188121 2.4527196 1.6907134 2.1904492 1.6680988 1.6927236 1.7223587 1.6751470 1.8704124 2.0218847 1.2667499 1.6021505 0.9999652 1.2650836 2.0576752 0.6690217 1.5046350 1.5474410 1.3254719 1.9026678 1.9188836 1.8956278 0.9617788 1.4716732 0.0000000 1.6700638 0.8576522 1.8303489 2.0639597 2.3463274 2.2859582 2.3779075 2.3995631 2.4035577 2.4577376 2.3554303 1.9631529 2.2199582 1.8045758 2.5339181 1.5151282 2.8285320 2.7683276 2.3785063 2.8020740 2.7874734 2.3709899 2.3718230 2.3850182 2.1787816 2.1808058 2.4823202 2.6854711 2.8810853 2.7770116 2.5140933 1.9828811 2.0852088 2.8630960 2.8068264 2.6166521 2.3776705 2.2323509 2.2894689 2.7890392 2.2015878 2.6692263 2.6346164 2.1497595 2.9594362 3.7384472 4.1309369 
Nvec_v1g169554                                          2.3865253 2.2759506 1.6259445 0.8836762 0.8390223 0.8090957 0.8296477 0.8621654 1.0501744 1.1467524 1.5085428 1.6280509 1.0081359 1.4428508 2.1090004 0.6933706 1.5004190 1.8506483 1.7539157 1.5597068 1.5976789 1.6094894 1.3057312 1.5008447 1.6700638 0.0000000 1.5235545 1.4739164 1.5254111 2.0840225 1.9833288 2.1311517 2.1401988 2.0815173 2.2707914 2.1776026 1.6845387 2.1165013 1.7462287 2.4708572 1.5085040 3.0781349 2.5884825 2.3594540 2.9132679 2.9132679 2.3426931 2.3750682 2.2701897 2.1066588 2.1398443 2.0107349 2.3931029 2.6708210 2.4982989 2.3220527 1.9176963 2.2373617 3.0305362 2.6456882 2.2552857 1.7406815 1.8022607 1.6671039 2.1863697 2.0712967 2.6766882 2.5063643 2.2408000 2.7665875 3.1007214 3.2413233 
Hsap_ENST00000587747                                    2.3459201 2.3182515 1.5481655 2.0781500 1.5921221 1.6165706 1.6600934 1.6131104 1.8572491 1.9751995 1.2229279 1.4864697 1.0434377 1.2827232 2.1567760 0.6512879 1.5857284 1.4299361 1.3775171 1.7047737 1.7951981 1.7229958 1.0714949 1.3187668 0.8576522 1.5235545 0.0000000 1.8743582 1.7145656 2.1018013 1.9801887 2.0735659 2.0951538 2.1014582 2.1414861 2.0678139 1.8309237 2.0249551 1.8143745 2.4819838 1.5483165 2.9013868 2.4517887 2.2340086 2.8260153 2.8555386 2.1137814 2.1137814 2.1838242 2.2386729 2.2386729 2.4553231 2.5946064 2.6969942 2.6519820 2.3265699 1.9827226 2.3378470 2.7671556 2.7107027 2.3074653 2.2496606 1.8558853 2.1025011 2.7521204 2.3006272 2.3754998 2.4750831 1.8056029 2.6993449 3.1193816 3.5401684 
Lcom_lcpid255795                                        2.0485715 2.1713311 1.6274086 1.4603343 1.5482359 1.5115047 1.5484659 1.4043584 2.1207890 1.4065568 1.7634763 1.8146992 1.4906946 1.4773381 1.5582938 1.1531086 1.6649397 1.9887898 1.7438189 1.5722328 1.6117604 1.4814162 1.7340053 2.0954270 1.8303489 1.4739164 1.8743582 0.0000000 1.5614015 2.0016387 2.0016387 2.0082424 2.0082424 2.0135591 2.1629024 2.0489294 2.0960115 2.3609310 1.7890664 2.1334356 2.4102086 2.3894206 2.3823165 2.5280785 2.2862996 2.2862996 2.1202706 2.1202706 1.9895256 2.1339821 2.1339821 1.7091922 1.8507956 1.9503392 1.7759828 1.7086180 1.0392933 1.5632619 2.0914290 2.0905156 1.7758599 1.7709126 2.1576616 2.5509361 2.3192201 3.6573301 2.2871311 1.9239363 2.2478838 2.0448714 2.1057266 2.4383009 
Sanmal_Sma_012623-T1                                    2.3482898 2.3436720 2.0685319 2.0068778 1.6239937 1.5561747 1.5987462 1.5568234 2.0163132 1.9732250 1.7269398 1.9155929 0.7119889 1.7254084 1.9755000 0.5741933 1.6348336 2.1453182 1.9880091 0.5215421 0.4823163 0.5949964 1.4652750 1.8028014 2.0639597 1.5254111 1.7145656 1.5614015 0.0000000 2.4044873 2.2507172 2.4120751 2.4104330 2.3515632 2.5374823 2.4723584 1.9994595 2.3094082 1.9588932 2.8281383 1.8090182 3.3963173 2.8145644 2.5369984 3.2901672 3.2746668 2.4445614 2.4291990 2.4163520 2.1790288 2.1790288 2.5817893 2.6846713 2.9518001 2.5717055 2.3104910 2.0120931 2.2915959 2.9411762 2.6982851 2.6049351 1.3579320 1.6940597 2.0707060 2.5818600 1.5384997 2.9790113 2.7913837 2.2046359 2.7884579 3.4184724 3.1538424 
HoiH23_PlH23_000113-RA                                  2.3263904 2.5105993 2.2667516 2.5099317 2.2353470 2.1753343 2.1991380 2.0831969 2.5058409 2.5309260 2.3501883 2.3987812 1.0605748 2.0258994 2.6235755 0.9762801 2.0547022 2.3830360 2.6125707 2.3104309 2.3411915 2.4526850 1.6492429 2.2872948 2.3463274 2.0840225 2.1018013 2.0016387 2.4044873 0.0000000 0.0718565 0.1235860 0.1286135 0.2005290 0.3075883 0.2930298 2.1443289 2.3063447 2.3389452 2.9512187 2.0016150 3.5262201 2.9442066 2.6956787 3.2504333 3.2426721 2.5038998 2.4781668 2.7577497 2.4389658 2.4577569 2.7692108 3.1422537 3.5149914 3.3416373 2.8929921 2.1388637 2.6208851 3.7619659 3.2225742 2.9862766 2.6366007 2.6330685 2.5731964 2.8318810 2.4723458 3.2673156 3.2701031 2.4940435 2.9894605 4.2792726 4.6319716 
HoiH06_mRNA3355                                         2.2029168 2.4213816 2.1059098 2.4910597 2.0481641 2.0405399 2.1054318 1.9449556 2.3409452 2.3011431 2.2890364 2.2532969 1.0605748 1.9182916 2.6977118 0.9639547 1.9226935 2.2753278 2.5233460 2.1535649 2.1664710 2.2686953 1.6143064 2.2276814 2.2859582 1.9833288 1.9801887 2.0016387 2.2507172 0.0718565 0.0000000 0.1434568 0.1472846 0.2061664 0.3124121 0.2968438 2.0787584 2.2485078 2.1842487 2.8262382 2.0778132 3.6268409 2.7303696 2.4757012 3.2767587 3.2892760 2.3231218 2.2986343 2.5059230 2.2094426 2.2276736 2.5611095 2.9140311 3.2320994 3.1297219 2.6737249 1.9546892 2.3916160 3.6540484 3.1147612 2.8386121 2.4652108 2.4197496 2.4757996 2.8107275 2.4313886 3.1198810 3.1950869 2.2646015 2.8650671 4.1271728 4.3187544 
Hhon_g03804.t1                                          2.3578162 2.5163503 2.2867303 2.5678630 2.2271846 2.1395241 2.2041749 2.0735506 2.5607470 2.4969715 2.3103029 2.4568793 1.0605748 2.0412676 2.6293044 0.9936649 2.0397623 2.4275805 2.6235845 2.3341143 2.3742821 2.4368718 1.6501663 2.2786658 2.3779075 2.1311517 2.0735659 2.0082424 2.4120751 0.1235860 0.1434568 0.0000000 0.0075203 0.2275052 0.3121616 0.3004887 2.2068753 2.3998203 2.3717620 2.9707355 1.9956186 3.5140049 2.9329857 2.7066791 3.2224526 3.1927913 2.4751367 2.4513057 2.5995872 2.2923108 2.3102178 2.7233533 3.0681450 3.3987837 3.3396688 2.7989544 2.0767429 2.5713078 3.9312372 3.2934253 2.8592737 2.6641991 2.5078039 2.5371602 2.8242370 2.4688572 3.3782184 3.3342234 2.4939950 3.0013209 4.4318281 4.5954752 
HoiH04_mRNA3957                                         2.3878884 2.5603802 2.2720135 2.5844274 2.2246757 2.1698165 2.2365882 2.1030035 2.5571356 2.5097594 2.3190663 2.4718385 1.0605748 2.0401820 2.6286687 0.9936649 2.0536548 2.4198321 2.6624606 2.3502940 2.3907496 2.4643813 1.6621132 2.2846197 2.3995631 2.1401988 2.0951538 2.0082424 2.4104330 0.1286135 0.1472846 0.0075203 0.0000000 0.2380170 0.3218374 0.3097018 2.1517326 2.3409265 2.3673526 2.9217748 1.9956186 3.4002868 2.9103554 2.6829986 3.1361031 3.1058247 2.4571086 2.4330995 2.5995872 2.3020386 2.3200181 2.7084286 3.1045453 3.4428654 3.3712659 2.8178784 2.0881298 2.5055557 3.9472959 3.3334222 2.8999919 2.6995028 2.5739885 2.5293160 2.8071623 2.4912443 3.4250423 3.3879746 2.4968837 2.9770546 4.4603448 4.6224457 
HoiH11_mRNA2235                                         2.2471953 2.5264081 2.2019411 2.6673745 2.2326233 2.1722375 2.2572067 2.1596772 2.5970268 2.5224789 2.3816434 2.3666774 1.3305816 1.9437168 2.6775436 1.0326384 2.0091246 2.3636198 2.6283913 2.2639205 2.2720634 2.4357089 1.7373126 2.4168415 2.4035577 2.0815173 2.1014582 2.0135591 2.3515632 0.2005290 0.2061664 0.2275052 0.2380170 0.0000000 0.3224620 0.3079072 2.1314489 2.2872962 2.4592357 3.1194647 2.0496480 3.6321299 3.0409875 2.8495663 3.6068693 3.6227431 2.5393713 2.5105795 2.6909922 2.3918184 2.4103830 2.6863859 3.0332046 3.3663407 3.3071090 2.8787590 2.1620197 2.4654405 4.1053769 3.2292232 3.0786082 2.6813122 2.4757782 2.5908319 2.7946006 2.4047280 3.3105218 3.4445767 2.4576167 2.8607810 4.3411573 4.8200303 
Tadh_TriadT53038                                        2.4690505 2.6591736 2.5231235 2.9521634 2.3403321 2.2798599 2.2042668 2.2258116 2.9474623 2.7857485 2.4686188 2.4064373 1.0179674 2.1376959 3.1219947 1.3933511 2.1434483 2.2662011 2.6644195 2.5870394 2.5704229 2.5887333 1.7105584 2.3095115 2.4577376 2.2707914 2.1414861 2.1629024 2.5374823 0.3075883 0.3124121 0.3121616 0.3218374 0.3224620 0.0000000 0.0136038 2.1673130 2.3512307 2.6334844 3.2785572 2.1029787 3.8943541 3.2421435 2.9309761 3.7593904 3.6903776 2.6596027 2.6027532 2.7182434 2.6217425 2.6423234 2.7597172 3.1793136 3.5805151 3.6207975 3.0085085 2.2522765 2.7639097 4.5971592 3.5752116 3.1760278 2.7780614 2.5161128 2.7427100 3.1614132 2.4607541 3.5607530 3.4995479 2.5965670 2.9095898 4.3921297 5.0883779 
TrH2_TrispH2_003458-RA                                  2.4880138 2.5735901 2.3938799 2.6796108 2.1868420 2.1661314 2.2249704 2.1175592 2.7797157 2.6201711 2.3673846 2.3274489 1.0234784 2.0415132 2.4743600 0.9396886 2.0161996 2.1332904 2.5064529 2.4846609 2.4690993 2.4945452 1.6394762 2.2084073 2.3554303 2.1776026 2.0678139 2.0489294 2.4723584 0.2930298 0.2968438 0.3004887 0.3097018 0.3079072 0.0136038 0.0000000 2.1342983 2.2895295 2.5054665 3.1612123 2.1029787 3.7894098 3.1784520 2.9276700 3.6336313 3.5686793 2.5766803 2.5492353 2.6321196 2.5471172 2.5664926 2.7693830 2.9948298 3.3382750 3.4283153 2.8724136 2.1482904 2.4456873 3.8115923 3.2817386 2.9890827 2.7309656 2.5457186 2.6562402 3.0922969 2.5351492 3.4168578 3.3979460 2.5945619 2.8268657 4.0394822 4.7726971 
Opea_EP00118_Oscarella_pearsei_P000258                  2.6089869 2.4458784 1.8629947 1.7603904 1.6331713 1.5691165 1.5422642 1.5597484 1.7926481 1.9982389 1.5051527 1.7252815 1.2783589 1.6829744 2.6653888 1.1824758 1.9140192 1.8214118 1.7376260 1.8390629 1.9410757 1.8852162 1.6048441 1.6540547 1.9631529 1.6845387 1.8309237 2.0960115 1.9994595 2.1443289 2.0787584 2.2068753 2.1517326 2.1314489 2.1673130 2.1342983 0.0000000 0.0981249 0.9538427 2.2455057 2.1428821 3.0043497 2.3066561 2.0929208 2.6887991 2.6887991 2.1582518 2.1442943 2.0850477 1.8853214 1.8853214 2.7377751 2.7891109 3.0269440 2.8058594 2.5136700 2.1600477 2.3919336 2.6749186 2.5246590 2.4425520 2.0775830 1.8778419 1.9467847 2.4367707 2.3623149 2.2003491 2.2838203 1.9794629 2.4884131 2.5488645 2.7727351 
Ocar_g2832                                              2.6703627 2.8041059 2.1585416 2.6647210 2.0887623 2.0209193 2.0126711 1.9809116 2.3606647 2.5269318 1.8525775 2.1254379 1.2783589 1.9974768 2.9543811 1.1824758 1.9832169 2.1649132 2.0955339 2.2407666 2.3540288 2.4007669 1.6916988 2.0683047 2.2199582 2.1165013 2.0249551 2.3609310 2.3094082 2.3063447 2.2485078 2.3998203 2.3409265 2.2872962 2.3512307 2.2895295 0.0981249 0.0000000 1.1634159 2.5286449 2.0006454 3.0819928 2.4908509 2.2370190 2.8418912 2.8418912 2.3179291 2.2821155 2.0444433 1.8506325 1.8506325 2.7377751 3.0320631 3.3476024 3.2197638 2.9437975 2.2265277 3.3500829 4.0821873 2.9716422 3.0071896 2.5789977 2.1025817 2.3453892 2.9035779 2.7441213 2.5803092 2.6239235 2.3466107 2.6201612 3.3221722 4.1483610 
Plajan_Pjan_C560654_01                                  2.2495508 2.1553420 1.8150325 1.8494564 1.5751782 1.5730065 1.5629334 1.5126359 1.7415644 1.9432445 1.5726059 1.7519955 1.4935430 1.6180637 2.0388200 0.9933129 1.7707091 1.8215779 1.8624691 1.7318878 1.7191214 1.8757621 1.7853912 1.6851754 1.8045758 1.7462287 1.8143745 1.7890664 1.9588932 2.3389452 2.1842487 2.3717620 2.3673526 2.4592357 2.6334844 2.5054665 0.9538427 1.1634159 0.0000000 2.2202680 1.7139690 2.4827015 2.1144588 1.9959565 2.2353591 2.2042575 2.2733945 2.2534387 2.0366030 2.0305696 2.0475474 2.6460713 2.5357046 2.8037749 2.5326121 2.3897409 2.0414500 2.3648642 2.9243517 2.5783196 2.2794288 2.3194960 2.0763304 1.8939690 2.3590895 2.2283114 2.1819805 2.0865356 1.8524044 2.5045279 2.7451321 2.8328550 
Horcal_Hcv1.av93.c11.g589.i2                            2.8655445 3.0464553 2.7766186 2.9360854 2.7917522 2.7353459 2.6491314 2.8378277 3.1490788 3.3468239 2.5634136 2.6258832 1.5635928 2.4156531 2.6929293 0.9943553 2.0937768 2.9861295 2.8686884 2.7431665 2.7318004 2.8615634 2.1816879 2.5138257 2.5339181 2.4708572 2.4819838 2.1334356 2.8281383 2.9512187 2.8262382 2.9707355 2.9217748 3.1194647 3.2785572 3.1612123 2.2455057 2.5286449 2.2202680 0.0000000 0.3960779 1.1500848 0.9495689 0.7733391 1.2981679 1.2821804 1.1839287 1.1496663 1.1830004 1.1423143 1.1603628 3.0305757 3.0333668 3.1231002 3.1932547 3.1730115 2.4726436 2.8315904 4.7882716 3.2942401 3.1426450 3.5844463 2.8154606 2.9493774 3.4984678 2.9992530 2.8311910 2.9327701 2.8711604 3.4825378 3.1279004 4.5809594 
Pbac_sb2650128                                          2.1873387 2.1219259 1.7428718 1.5500126 1.7671404 1.7805998 1.7820475 1.9050387 2.0727321 4.3558609 1.7860188 1.7196403 1.3990830 1.7228480 2.6277955 5.0949662 2.1006174 2.1487350 2.1387534 1.9315422 1.9552672 1.9531789 1.2795143 1.4750873 1.5151282 1.5085040 1.5483165 2.4102086 1.8090182 2.0016150 2.0778132 1.9956186 1.9956186 2.0496480 2.1029787 2.1029787 2.1428821 2.0006454 1.7139690 0.3960779 0.0000000 0.9625724 0.9658352 1.1169980 0.8881847 0.8881847 1.1309884 1.1309884 0.8211214 0.9770553 0.9770553 2.3170298 3.1593207 3.1593207 2.8523088 2.2993282 2.3975677 9.0000000 9.0000000 2.5490357 2.8267086 2.7491075 2.0517180 2.1578781 2.6285266 1.9687682 2.0133803 2.0514625 1.8280140 2.1890205 1.8027536 7.9757817 
Bolinf_Binf_sb1236945                                   3.8928639 3.3234769 3.3262317 3.2433034 3.5039774 3.3515707 3.5352850 3.9261426 4.9960709 4.5212499 3.1151296 2.9833891 1.6127287 2.9485715 2.4209348 1.2533541 2.4639585 3.1782935 3.3039867 3.0705215 3.1050255 3.3198837 2.4374761 2.5407551 2.8285320 3.0781349 2.9013868 2.3894206 3.3963173 3.5262201 3.6268409 3.5140049 3.4002868 3.6321299 3.8943541 3.7894098 3.0043497 3.0819928 2.4827015 1.1500848 0.9625724 0.0000000 0.2552996 0.4219300 0.6777854 0.6763871 1.0924626 1.0924626 1.1432108 1.0101198 1.0101198 3.3086365 3.9314714 3.8931738 4.0319164 3.3504253 2.8984679 1.9987788 4.4383219 3.9172521 3.9220506 3.7383945 3.3669784 3.1452694 3.0593027 3.6357257 3.1142776 3.5866814 2.9319518 3.0761666 3.0285859 4.1874352 
Mlei_ML2588.g5.i1                                       2.9185130 2.9273939 2.5927548 3.1741424 2.8757589 2.7515562 2.6322956 2.8823040 3.1441747 3.1216277 2.7191475 2.6805171 1.6966199 2.4855266 2.5359221 1.2533541 1.9346159 2.5965902 2.7486993 2.7534283 2.7889942 2.8998826 2.2456735 2.2246768 2.7683276 2.5884825 2.4517887 2.3823165 2.8145644 2.9442066 2.7303696 2.9329857 2.9103554 3.0409875 3.2421435 3.1784520 2.3066561 2.4908509 2.1144588 0.9495689 0.9658352 0.2552996 0.0000000 0.3466978 0.7788661 0.7783325 1.0197182 0.9998827 0.8917480 0.8031468 0.8168525 2.9596009 3.3382639 3.5282537 3.3777787 2.8572808 2.4436512 2.3883427 4.2959616 3.2035942 3.1929358 3.4732188 2.8587185 2.9506442 3.1350802 3.1036844 2.7747190 2.9906560 2.5828769 2.9053617 3.0253086 4.4737038 
Beraby_Baby_sb335209                                    2.2885597 2.5369892 2.4043760 2.9660546 2.6524833 2.5521770 2.4964138 2.6941165 3.1348164 3.2056121 2.1832954 2.2601712 1.7764266 2.1152010 2.6458822 1.2142558 1.9612450 2.4162129 2.4078123 2.5824855 2.6932569 2.6381373 2.0950816 1.9102864 2.3785063 2.3594540 2.2340086 2.5280785 2.5369984 2.6956787 2.4757012 2.7066791 2.6829986 2.8495663 2.9309761 2.9276700 2.0929208 2.2370190 1.9959565 0.7733391 1.1169980 0.4219300 0.3466978 0.0000000 0.6530366 0.6627778 0.8298691 0.8298691 0.8663733 0.8045962 0.8045962 2.7806937 2.8320901 2.7904382 2.8016241 2.7181846 2.4806699 1.5089554 3.7007052 2.9495834 2.9032286 3.1343359 2.4435345 2.6582490 3.1041026 2.8603701 2.6570459 3.0278621 2.3602213 2.9069870 2.9211154 3.9921408 
Mertsp_Mesp_sb547783                                    3.8596308 3.3071121 2.8376910 3.1048675 3.1605279 3.1104143 3.2016779 3.3061882 4.5434572 4.4337593 3.2523994 3.0735702 1.6880729 2.6701885 2.2526902 1.1828929 2.1661842 3.2778132 3.2902591 3.1320336 3.1848308 3.4489062 2.4893242 2.6652140 2.8020740 2.9132679 2.8260153 2.2862996 3.2901672 3.2504333 3.2767587 3.2224526 3.1361031 3.6068693 3.7593904 3.6336313 2.6887991 2.8418912 2.2353591 1.2981679 0.8881847 0.6777854 0.7788661 0.6530366 0.0000000 0.0000010 0.9740269 0.9740269 1.1861272 0.9831914 0.9831914 3.5391034 3.5035034 3.4699639 3.3609199 3.2284220 2.6351415 2.0742049 3.5251073 3.3729983 3.6597032 3.4286530 3.1244882 3.1271441 3.2929935 3.6541927 3.0314882 3.5131162 3.0191489 3.1151737 2.8549252 4.0272531 
Mertsp_Mesp_sb547784                                    3.8596308 3.3429082 2.7859146 3.0906214 3.1511693 3.0895484 3.2036153 3.2621416 4.5233719 4.4154176 3.1663213 3.0517970 1.6880729 2.6857508 2.2526902 1.1828929 2.1661842 3.2292578 3.2341203 3.1320336 3.1848308 3.3538720 2.4893242 2.5857589 2.7874734 2.9132679 2.8555386 2.2862996 3.2746668 3.2426721 3.2892760 3.1927913 3.1058247 3.6227431 3.6903776 3.5686793 2.6887991 2.8418912 2.2042575 1.2821804 0.8881847 0.6763871 0.7783325 0.6627778 0.0000010 0.0000000 0.9533467 0.9533467 1.1946236 0.9794513 0.9794513 3.5391034 3.4810369 3.4480549 3.3397299 3.2284220 2.6351415 2.0720780 3.4444259 3.3317203 3.6277425 3.4753682 3.0940483 3.0988104 3.2568213 3.6541927 3.0165605 3.5083472 2.9829065 3.1541719 2.8050835 4.0020608 
Lampan_Lpan_8147_01                                     2.6131436 2.7065022 2.1822020 3.3501597 2.6772052 2.6076371 2.5942416 2.6122798 2.8928858 3.0458902 2.3488833 2.4398723 1.5400702 2.2550117 2.7604566 0.9444272 2.1912789 2.5733925 2.5821023 2.6088479 2.5780405 2.5159383 1.8117554 2.1250991 2.3709899 2.3426931 2.1137814 2.1202706 2.4445614 2.5038998 2.3231218 2.4751367 2.4571086 2.5393713 2.6596027 2.5766803 2.1582518 2.3179291 2.2733945 1.1839287 1.1309884 1.0924626 1.0197182 0.8298691 0.9740269 0.9533467 0.0000000 0.0135584 0.8847923 0.8315230 0.8281093 3.0179308 2.8492493 3.0782539 2.9360277 3.2605559 2.7174890 2.0709047 3.9450733 3.2025843 3.0435936 3.0838751 2.6507104 2.5798100 2.9430824 3.0410965 2.7815327 2.8312304 2.7719431 2.8429503 2.9452391 4.0816635 
Lampan_Lpan_8148_01                                     2.6131436 2.7469721 2.2251077 3.3773818 2.6735316 2.6028714 2.5942796 2.6101814 2.8757844 3.0387808 2.3458140 2.4658867 1.5400702 2.2230662 2.7604566 0.9444272 2.1912789 2.5087401 2.5304026 2.5999124 2.5613242 2.5282020 1.8117554 2.0889603 2.3718230 2.3750682 2.1137814 2.1202706 2.4291990 2.4781668 2.2986343 2.4513057 2.4330995 2.5105795 2.6027532 2.5492353 2.1442943 2.2821155 2.2534387 1.1496663 1.1309884 1.0924626 0.9998827 0.8298691 0.9740269 0.9533467 0.0135584 0.0000000 0.8847923 0.8276360 0.8276360 3.0179308 2.8873811 3.0410166 2.9347350 3.1424643 2.6973591 2.0988731 3.8746113 3.1659793 3.0516910 3.1189161 2.6391724 2.5369699 2.8840386 3.0119532 2.8445587 2.8704630 2.7989967 2.8544749 2.8607343 3.9525374 
Vmul_Simscaffold182_01                                  2.7038729 2.7621517 2.6045659 2.6933470 2.3796931 2.4005257 2.2644496 2.4290818 2.6158837 2.8233440 2.3558268 2.4691318 1.2492810 2.2203696 2.2810773 0.8678085 1.9858036 2.5009500 2.4744140 2.4006326 2.4611337 2.5420741 2.0340351 2.1472787 2.3850182 2.2701897 2.1838242 1.9895256 2.4163520 2.7577497 2.5059230 2.5995872 2.5995872 2.6909922 2.7182434 2.6321196 2.0850477 2.0444433 2.0366030 1.1830004 0.8211214 1.1432108 0.8917480 0.8663733 1.1861272 1.1946236 0.8847923 0.8847923 0.0000000 0.4674506 0.4674506 2.7684569 3.0900089 3.2120691 3.0952452 2.7483793 2.5225796 2.3517337 3.9388908 3.0831951 2.8820290 2.8530969 2.6298350 2.8207599 3.3049191 2.9374418 2.7852408 2.9716366 2.5852260 2.7404488 2.6908427 3.8727669 
Coemet_Cmet_scaffold389_01                              2.6394558 2.8393091 2.3561700 2.5120986 2.2880461 2.2957521 2.1587752 2.2737779 2.5027036 2.6479694 2.1388332 2.2855693 1.5337933 2.1270252 2.2991697 0.8601344 1.8357410 2.4237422 2.3598839 2.2175517 2.2946379 2.4346866 1.9156517 2.0849869 2.1787816 2.1066588 2.2386729 2.1339821 2.1790288 2.4389658 2.2094426 2.2923108 2.3020386 2.3918184 2.6217425 2.5471172 1.8853214 1.8506325 2.0305696 1.1423143 0.9770553 1.0101198 0.8031468 0.8045962 0.9831914 0.9794513 0.8315230 0.8276360 0.4674506 0.0000000 0.0026517 2.9744819 3.0722106 3.0946860 3.0435126 2.7121618 2.4378508 1.8197389 4.0743142 3.1498597 2.8314741 3.0215722 2.3649011 2.6137689 2.8454198 2.7197659 2.7074832 2.9381478 2.3348846 2.7211047 2.7267817 3.9601715 
Coemet_Cmet_scaffold390_01                              2.6394558 2.8393091 2.3561700 2.5844807 2.3063387 2.3141911 2.1927570 2.3079736 2.5499502 2.6940035 2.1388332 2.2855693 1.5337933 2.1270252 2.2991697 0.8601344 1.8357410 2.4237422 2.3598839 2.2175517 2.2946379 2.4346866 1.9156517 2.0967942 2.1808058 2.1398443 2.2386729 2.1339821 2.1790288 2.4577569 2.2276736 2.3102178 2.3200181 2.4103830 2.6423234 2.5664926 1.8853214 1.8506325 2.0475474 1.1603628 0.9770553 1.0101198 0.8168525 0.8045962 0.9831914 0.9794513 0.8281093 0.8276360 0.4674506 0.0026517 0.0000000 2.9744819 3.0722106 3.1451147 3.0435126 2.7373879 2.4378508 1.8197389 4.0743142 3.1774774 2.8599080 3.0215722 2.3649011 2.6137689 2.8454198 2.7476744 2.7074832 2.9381478 2.3348846 2.7211047 2.7504692 3.9601715 
