133
Amil_Amillepora23306-RA                                           0.0000000 0.0522143 2.0811972 2.1788887 1.8676758 1.8255813 3.4179780 4.1110275 5.9592704 5.9701146 6.5444959 8.9999984 6.4608913 8.3781328 8.9999990 2.2958243 2.9310915 8.9999985 7.9730532 2.5878732 8.9999985 8.9999990 8.9999983 8.9999990 2.4899282 6.2171903 8.9327181 6.9595633 6.3300910 8.9999985 8.8539862 2.1907218 8.7822508 6.7926826 7.9864445 7.9048363 7.8634568 4.7294832 8.9999985 8.9999989 8.9999988 8.9999989 1.6972055 8.9999989 8.6418256 8.8876147 1.4875175 7.5663103 2.7098125 6.6998987 6.4245086 6.3816406 5.4007393 5.5829561 5.6471836 7.9676619 6.4027752 6.2811389 6.5618953 6.4419889 6.5197784 6.3718085 6.8288102 8.2331036 4.5449749 8.2032186 5.0094015 8.9999983 8.9999985 8.9999982 7.9157279 7.6016428 6.5353418 6.3479195 4.7205599 5.4832831 7.3584316 3.6102293 5.3359318 6.9052439 7.1711211 7.0211016 7.0057748 7.5703227 7.4237095 6.9027159 7.4873033 5.9666733 5.6904631 5.6690861 4.4568526 6.6547152 5.7695478 7.2270352 8.6482144 8.0318273 8.2067027 8.6847254 8.9999987 5.3653778 5.2447232 4.8195303 5.7942234 6.1591804 5.1635008 5.5181123 5.5034018 4.7863636 5.8014193 4.5193404 6.3510466 6.3462458 8.5773328 5.8352882 5.0008058 6.8244855 5.0716326 7.7806892 4.5350585 6.8967188 4.6308204 6.0724878 2.0737547 5.9087633 6.7399505 7.4560593 6.2239830 5.9370644 5.2239693 4.5937028 5.4556049 8.6014126 3.5224150 
Adig_XM_015900773.1                                               0.0522143 0.0000000 1.6724167 1.9654703 1.6839046 1.7573328 2.6748553 3.3146252 4.7090368 4.4418250 4.7220816 6.2983934 4.1034440 5.4601814 5.2697441 1.4655798 1.6087592 5.1679144 4.6588362 1.5937265 5.4070456 5.3677007 5.1093143 5.3625092 1.4020170 4.0539402 5.4571258 4.5425623 3.9351115 6.1665803 6.0004298 1.5458617 5.6942561 4.5265329 5.4587884 5.4985183 5.6269552 3.2867662 6.0478841 5.8254702 5.8021863 6.7234523 1.3697064 5.9074678 5.9781629 5.6446335 1.1640299 5.5245029 1.6157911 3.9512424 4.0707083 4.0556808 3.5702942 3.6745316 3.6624846 4.8467664 4.4765627 4.2930220 4.3039850 4.3784663 4.1686284 4.1527841 4.5552122 5.1718280 2.9331242 4.8026634 3.4015309 6.8313280 6.6689276 6.3380245 4.6639791 4.6434379 4.2197828 4.5199909 3.5493858 4.0078712 5.1544181 2.3538377 3.8306555 4.5483449 4.6584303 4.4845283 4.4780009 4.7951803 4.7766931 4.5815381 4.4649298 3.9626400 4.4384723 4.2879027 3.2957553 4.0868982 4.1090956 4.6491004 6.0310732 6.0411967 6.1437025 6.4279419 6.7276220 3.8241014 3.7887165 3.6617898 4.1103324 4.6847779 3.8814818 3.8873786 4.1014365 3.6150628 4.4960602 3.5774164 4.7904523 4.9449627 5.9034892 4.1513569 3.4865282 5.1967871 3.8763740 5.1306985 3.5566548 4.9016908 3.5361696 4.6459986 2.0717729 4.7438862 5.0083760 5.2222562 4.4819118 4.3088894 4.0848824 3.4649340 5.3231471 8.9999989 3.9284270 
Spis_XP_022798698_1                                               2.0811972 1.6724167 0.0000000 0.2512495 0.8802626 0.8373611 2.4321947 2.5713471 4.1244117 4.6314807 5.1423470 7.1453217 3.7006122 6.8147354 4.8777079 1.4020067 1.3579517 4.3942996 4.3674729 1.3875455 4.6097789 4.6277070 4.9370128 4.4431069 1.4826218 3.9627499 4.3559041 4.8249590 4.0363067 5.7379699 6.0710059 1.5695964 5.4278483 4.6507528 6.3785095 5.6641722 5.7052731 3.0801959 5.3247853 5.0894522 5.0511803 6.0324946 1.4280572 5.1953215 5.1883907 4.7898606 1.4228206 5.7920829 1.7737744 4.6564583 4.8065641 4.8007202 4.1476070 4.1927469 4.4009593 4.2268683 4.4430645 4.4216250 4.4455345 4.5504205 4.5450445 4.5375021 4.7569201 4.9611677 2.7492215 5.0784756 2.8146702 5.9737170 6.4682940 7.3440429 5.2986836 4.9545670 4.6888238 4.3852289 3.5633176 3.5571082 5.2624799 2.5872507 4.9731741 4.7331764 4.6751283 4.2422938 4.2418202 4.2463309 4.7803773 4.6214876 4.9385631 4.7082344 5.0056771 4.4484795 3.1468872 4.8571535 4.3754556 4.7375576 6.0344963 5.1443126 5.1763525 4.9787523 6.3369719 3.7584818 3.6545976 3.7372034 4.8216234 5.2734388 4.4972553 3.9217698 4.2326907 3.6566937 4.0355997 4.0416227 5.1576743 4.5380921 5.9291977 4.4608603 3.7209988 5.4989924 4.0688216 4.9917558 4.1281922 4.6466727 3.2779132 4.3725939 2.2092651 4.6300112 4.9273581 5.6911069 4.3699101 4.1067743 4.3109975 4.0654975 5.4868499 7.3558813 4.2133418 
Pocdam_XM_027203609.1                                             2.1788887 1.9654703 0.2512495 0.0000000 0.8338930 0.8872580 2.7700333 2.4400793 4.1375950 4.7160413 5.7974935 7.4936205 3.8384140 7.2004529 4.6579227 1.3262558 1.2687705 4.4647598 3.9430415 1.3064783 4.2938855 4.6486190 4.8132545 4.2025260 1.4969998 4.0483033 4.7380817 4.8645102 4.2259307 6.3068846 6.6602539 1.5109415 6.0744545 4.4665792 6.7934051 6.2701705 6.2237151 3.1337439 5.9933169 5.2952265 5.2671203 6.3844450 1.3707663 5.6721307 5.7125059 5.1122233 1.3295438 5.8115698 1.6652268 4.7417815 4.7744647 4.7690232 4.2757500 4.3622345 4.2681179 4.5327340 4.9097548 4.8637410 4.7266624 5.1892471 4.8708031 4.8760501 4.8140578 4.9803643 2.7517086 4.9597290 3.0685912 6.8691053 6.4159919 7.0771963 4.9680096 4.7918293 4.9542445 5.1378128 3.6939188 4.0953511 6.0188871 2.3809819 5.7111895 4.9592752 4.9334163 4.7288942 4.7183370 4.8207705 4.8693378 5.2859969 5.1280968 5.0160125 5.5457448 5.1303660 3.1206265 5.5119556 4.8550281 5.2934696 6.0425645 5.2940581 5.5875941 5.5007090 6.5848571 4.7541723 4.6094170 3.6785192 4.5751176 5.5058448 4.5342709 4.1366157 4.0466936 3.9024149 4.2797350 4.4110568 5.9979252 4.5877065 6.0744899 4.7926839 4.0652192 5.4717973 4.9029716 5.4714224 4.4873921 5.2544026 3.9391953 4.5551779 2.1449176 4.9134890 4.8421387 5.6691837 4.4550095 4.4927637 5.1140261 3.7997982 5.4195981 7.8867660 3.9020563 
Gasp_gasp1.m3.9869.m1                                             1.8676758 1.6839046 0.8802626 0.8338930 0.0000000 0.5737057 2.1438253 2.7097641 4.1232581 5.1785042 5.6082472 7.6829631 4.5057799 6.8260313 4.4468943 1.3740367 1.3736928 4.5176113 4.3190086 1.4616128 4.3604594 4.8293967 4.6513628 4.4646543 1.6123167 4.3461700 4.8329662 5.1536883 4.1647106 5.6400748 5.7950450 1.6865751 5.4497156 4.7162818 6.0948160 5.2979988 5.4964712 3.0692522 5.5796798 4.6902877 4.6735298 5.1119172 1.3539278 5.0583227 5.0046268 4.3759498 1.4695018 5.4217247 1.8875753 4.6662873 4.5675607 4.4915784 4.0276625 4.1574828 4.3159625 4.3255614 4.2941370 4.2687501 4.2784880 4.2418846 4.0285323 4.0341219 4.4923077 4.7726373 2.6358245 4.6098558 3.0183966 6.4239496 6.5930182 6.9170097 4.5600216 4.4782505 4.4344891 4.8347516 3.5685172 4.1501514 5.1120327 2.7181851 4.8213878 4.3320643 4.3175836 4.0031576 3.9974306 4.1291101 4.5276409 4.2801771 4.2630522 4.1686162 4.5781490 4.3383922 2.9044548 4.4947903 4.4754620 4.9378659 5.9899870 5.6423758 6.1447814 6.1192708 6.7819924 4.2938786 4.1520857 3.8804412 4.1321459 4.7636866 3.7984952 3.7775913 4.2820101 3.9013300 3.9619693 4.5730451 4.9833379 4.8778980 6.5270949 4.9417548 4.3303586 5.2716417 4.5219873 5.0204092 4.0770551 5.2232911 3.5219638 5.1841068 2.2172928 4.4342102 4.9778240 5.1936192 4.4164002 4.2353766 4.4363727 4.1761006 5.2185320 7.8931536 4.3313059 
Fspp_ffun1.m4.4423.m1                                             1.8255813 1.7573328 0.8373611 0.8872580 0.5737057 0.0000000 2.4401084 2.6934717 3.7567657 4.9068157 5.9253426 8.2462580 4.6230542 7.1611009 5.1503929 1.4736415 1.3992588 4.7892079 4.7606134 1.5098557 5.0530776 5.5346122 4.8167479 4.8910562 1.5789779 4.3663595 5.0456833 4.9048612 4.2413876 6.4029136 6.2378547 1.7077210 6.3010718 4.7771108 6.0218200 5.4153053 5.4407860 3.2388087 6.4152884 4.8619334 4.8148760 5.6164516 1.5488993 5.3884356 5.3673772 4.6697751 1.4721993 6.0369366 1.7772994 4.6632974 4.6293833 4.5307684 4.1736757 4.4411698 4.4762443 4.5430872 4.9638646 4.8355509 4.8161043 4.9961048 4.5515395 4.5563664 5.0608583 4.8121898 2.7565961 5.0519558 3.7443738 6.8754777 6.5559948 6.6025251 4.7430036 4.6745052 4.3923835 4.9744254 3.6114090 4.2550812 5.2093932 2.6984580 5.2564247 4.5633385 4.4079754 4.3986982 4.3927031 4.6927884 4.5660430 4.7823520 4.8318862 4.9854747 5.3828348 4.7296158 2.9132993 4.9515823 4.6473807 5.0480476 6.3776654 6.0625994 6.4874364 6.2381344 6.9516164 4.6290564 4.5488676 4.1267014 4.0264013 5.0356308 4.4814183 4.0291410 4.5471287 3.9235094 4.4379903 5.0019666 5.4873410 4.8232865 6.0265300 4.2016494 4.6540568 5.5634029 5.2342653 5.6832632 5.4146156 5.3000863 3.6625312 5.3476978 2.5676920 4.8879233 4.5860050 5.8060714 4.9739988 4.6467516 5.0393954 3.9031981 5.5260759 8.2125081 4.2447304 
Nvec_v1g101900                                                    3.4179780 2.6748553 2.4321947 2.7700333 2.1438253 2.4401084 0.0000000 2.0104066 4.0481361 3.9740591 4.8306400 5.7033919 3.8662045 5.4297409 3.6109304 1.6128768 1.5863725 3.9034440 4.0894364 1.9125278 3.9403769 3.7761296 3.7462275 3.5372349 1.5289421 3.2679827 3.5504721 3.7490041 2.7046882 4.3029473 4.1633432 1.7110378 4.0152230 3.3807812 4.4580141 4.5327026 4.6860822 2.9459753 4.1203278 3.6394819 3.6335789 3.9328021 1.4165635 3.8767686 4.3709875 3.7248502 1.4372643 4.9877751 1.9924247 3.5325725 3.1125509 3.1316461 3.2885413 3.2477936 3.3180672 4.1385587 3.6504326 3.5570331 3.7431815 3.6361477 3.5246406 3.5300016 3.9553257 3.8465729 2.6049229 3.9741357 3.1713266 4.6343195 4.8069962 4.6473489 4.1172015 3.7693771 3.1459288 3.8379162 3.0101636 3.0041387 3.4940577 2.8809972 4.0734814 3.4059060 3.4871207 3.4597864 3.4597864 3.4358866 3.6474501 3.7028460 3.3383312 3.2506030 3.7520429 3.3683468 2.3244803 3.4800842 3.3993645 4.0693076 4.6435788 3.8479175 3.8848168 4.0144782 3.9920820 3.2643686 3.1937328 3.0964280 2.4960169 3.7615375 3.0530422 2.7876740 3.6559203 4.1716701 3.1505178 3.3361922 4.0626546 4.5506041 4.7613043 3.6169940 3.2062397 3.9564104 4.6767028 3.7807830 3.7600658 4.3927009 3.8762527 4.4238674 2.9466047 4.6797959 4.3492021 3.6278342 4.4808014 4.3985806 3.8000802 3.1694553 5.0693934 6.8226688 3.3986592 
Exapal_XM_021038148.2                                             4.1110275 3.3146252 2.5713471 2.4400793 2.7097641 2.6934717 2.0104066 0.0000000 4.1939393 4.4960468 5.2698684 6.1969947 4.6695269 6.1349136 5.3469087 1.8727419 2.0363002 6.3240194 6.0430996 2.1038742 6.1172544 5.8796832 6.2993262 6.2188792 1.9264079 3.9524318 5.1992368 5.7162141 3.6523310 4.7826857 4.8535157 2.0173987 5.7073924 3.6239526 4.6339847 4.8845796 5.0777169 2.8026194 5.9011657 5.2492787 5.2768425 5.5669574 1.6178497 5.4342086 5.2751232 4.9547602 1.6881980 6.4794024 2.0792675 5.1099586 4.7513624 4.7963778 4.6933637 4.8305302 4.5378905 5.2066645 5.5812022 5.6046443 5.4047381 5.8909903 5.0199481 4.9984980 5.4893970 4.5692036 2.3620360 5.9095739 2.8416227 5.3073531 6.8810335 5.6735768 6.3079811 5.4002337 3.8623118 4.1968593 3.7478187 3.5529883 4.6730242 2.9761369 5.8091341 3.8370290 3.9396823 3.5034154 3.5034154 3.3940718 3.7064003 3.7939972 4.0178092 3.8640933 5.2288907 4.8663335 3.0005104 4.0529181 4.0259518 4.3761099 4.8430839 4.0495915 4.0906833 4.2283042 4.9527510 4.5310587 4.4208300 3.6778594 3.3588636 4.8844881 3.8764887 3.1704628 4.5786053 2.9672306 4.1218561 3.4339966 4.7560121 5.0460998 5.5863520 4.2574725 4.1674868 5.4487835 3.8340092 5.6042535 4.9866344 4.4736729 4.1749703 5.2666447 3.1570007 5.1474572 5.7619279 4.8841990 4.6742627 4.7080728 5.2248813 4.7634426 6.2915357 7.4676152 4.7465401 
Hsap_ENST00000342234                                              5.9592704 4.7090368 4.1244117 4.1375950 4.1232581 3.7567657 4.0481361 4.1939393 0.0000000 2.3770199 3.6422612 4.4405312 3.1088595 3.8994774 1.8920422 0.7549735 0.7451095 1.8900262 1.9109693 1.1325343 2.0378756 1.8715308 1.8885749 1.9857282 1.2731350 2.0747988 1.8826903 1.9201621 2.0325452 2.6880973 2.8140150 1.0685753 2.5739531 2.5290105 2.6030162 2.6261267 2.5728488 1.7102930 3.2291855 3.2690004 3.2690004 3.6239718 1.1158851 3.4144096 3.2843831 3.0513252 1.0036125 3.5940897 0.7683393 2.1217870 2.0903072 2.1345472 2.2281666 2.1650621 2.0628939 2.0362980 1.9848070 2.0049953 1.9984437 1.9458720 1.9168253 1.9361516 1.9496997 2.3957328 1.6926070 2.0822512 2.3702976 3.8805866 3.8226564 3.5549966 2.2869533 2.1191047 2.5983880 2.8042244 2.5222525 2.6923533 3.5480635 2.8616843 4.4372242 2.5663277 2.6817439 2.7171067 2.6960058 2.6911578 2.6810212 2.7302777 2.7342310 2.5840144 2.9624932 2.7287154 2.8206178 3.2311604 2.8666235 2.3977916 3.0007303 3.5671479 3.5773011 3.8844813 3.8107956 2.6767423 2.6733735 2.7689137 2.7174019 3.2975675 3.2814627 2.7977462 2.6018348 2.9694640 2.8679161 2.8021232 3.3252515 3.4448816 4.1029945 3.1818506 2.5601616 4.2308152 3.3009899 3.2951737 2.3828497 2.7622142 2.0206994 3.8176999 2.1468026 4.1366294 4.5058377 3.8498662 3.6989427 3.4963523 3.3742165 2.9339877 4.0394485 8.0143538 4.7005952 
Hsap_ENST00000303846                                              5.9701146 4.4418250 4.6314807 4.7160413 5.1785042 4.9068157 3.9740591 4.4960468 2.3770199 0.0000000 3.7143531 4.3425453 2.9086915 3.6807686 1.7745363 0.5140445 0.6408938 1.6580057 1.7417500 0.7908919 1.8317803 1.6429574 1.5659478 1.8222372 1.2396838 1.9481852 1.7460249 1.7942772 2.4030260 3.2354134 3.3793507 1.1688174 3.0194768 3.1988631 3.8047992 3.3808974 3.3633126 2.1871687 3.7016968 3.1832705 3.2483683 3.5654620 1.0014835 3.2529006 3.2215597 2.9635798 1.0361799 4.1836032 0.7863280 2.3038253 2.4371051 2.3996577 2.4581231 2.5403361 2.1334209 2.1338154 2.4815374 2.4160775 2.1807444 2.3780580 2.3017948 2.3107753 2.4478828 2.1918703 1.7760094 1.8434949 2.7496633 3.7795883 3.6001766 3.2793635 2.6063951 2.4941301 2.9488350 3.6280344 2.8649463 3.4282603 3.3145935 1.9844845 3.9163364 3.0202531 3.1398845 2.8956623 2.8956623 2.8234786 3.0590923 2.9585273 2.9647931 2.5571471 3.5540909 3.4462317 2.6393164 3.5281210 3.0619662 3.0143120 3.6656415 3.6172072 3.8610096 3.7696187 4.0037068 3.4749285 3.2233406 3.2813774 3.1509566 3.4863638 3.6769824 2.7915774 2.1630360 3.0600653 3.6799958 3.0521554 3.2053514 3.1324135 4.1635109 3.2621193 3.0287383 4.1741915 3.8340475 3.3997500 3.0198948 3.7039645 2.3886366 3.8015810 2.9309972 4.1062942 4.5386524 4.5022921 4.4579702 4.2290031 4.1064607 3.0908323 5.4511647 5.8838798 3.5726093 
Lcom_lcpid59515                                                   6.5444959 4.7220816 5.1423470 5.7974935 5.6082472 5.9253426 4.8306400 5.2698684 3.6422612 3.7143531 0.0000000 0.6761126 0.4080414 0.6121144 2.9050837 1.0391194 1.3050982 2.9613796 3.0756980 1.3418105 3.1086603 3.0623776 2.6197799 2.9015613 0.9322161 2.8290313 3.2128168 3.1187155 1.8925426 2.9333181 3.0469312 0.6940620 3.3569123 2.1324684 2.7448323 2.9750093 2.8799650 1.2789189 3.2857682 2.3175518 2.3175518 2.6574844 0.6215960 2.4607748 2.6250084 2.2971987 0.6393078 3.8653339 1.0416698 2.8308982 2.7436515 2.7214644 2.8176566 2.9592526 2.6668725 2.9776580 2.9873320 2.8974442 2.9184000 2.8431702 2.8179498 2.7749341 2.9033592 2.7529454 0.9655780 2.8729403 2.2650127 2.9103808 3.3079709 2.9551646 2.9213365 3.0706759 2.5018414 2.7866260 2.0646352 2.7975326 2.7797492 1.6345325 3.4704744 3.2530695 3.3581505 3.4228927 3.4096635 3.4666173 3.3207455 3.5052951 3.8444052 3.2047334 3.3252701 3.4016562 2.6534013 3.1469054 3.3954597 2.9884778 3.2329544 3.1381181 3.2669836 3.3202336 3.3977759 3.4635929 3.3518756 3.0363393 2.5622505 3.2131558 3.2931033 2.8936926 2.3668256 1.9963988 2.6876317 2.0641933 3.0582006 3.3244424 4.1802881 2.8832799 2.8748444 3.0967126 1.1717456 2.8505165 2.5991274 2.6791116 2.3527350 3.4515601 1.8195860 3.0818174 3.5317931 3.3337136 3.5043467 3.6692008 3.7516935 3.3779904 3.3149949 8.3690941 3.8968007 
Scil_scict023557.1                                                8.9999984 6.2983934 7.1453217 7.4936205 7.6829631 8.2462580 5.7033919 6.1969947 4.4405312 4.3425453 0.6761126 0.0000000 0.5332009 0.6134475 3.8392138 1.0661822 1.2925866 3.9175122 4.0687711 1.5962621 4.0909643 3.8991530 3.5784551 3.6228144 1.0710673 3.2406228 4.4944635 4.3295251 2.4686384 3.5284150 3.6452980 0.7229742 3.6426749 2.5791187 3.5909403 3.4991765 3.7081866 1.5975783 3.7750501 3.2035284 3.2035284 3.5758596 0.7120580 3.2293918 3.2286400 3.1508677 0.6150815 4.5543598 1.1789431 3.7273734 3.5534562 3.5467743 3.6327763 3.7200707 3.5019804 3.5834660 3.8795385 3.8558528 3.6177013 3.3216715 3.6646283 3.5941253 3.7388050 3.2018113 1.0833370 3.9019618 2.7564368 3.3766774 3.2348664 3.2963577 3.5583840 3.9298502 2.9245401 3.6409361 2.8198912 3.2903060 3.2724371 1.8599743 3.6696989 4.0180262 4.1106566 4.2539542 4.2534744 4.0566564 4.0558617 4.4070399 4.4429135 4.2389123 4.4027418 3.8828753 3.0896008 4.1552243 3.9603973 3.6403647 4.1509264 5.1432071 5.1564550 5.0940356 4.6600019 3.8182053 3.6633368 3.2224003 3.2663058 3.7578860 3.8814734 3.4877500 2.7098624 2.5166978 3.1780164 2.4368978 3.9074159 3.8429533 4.9423845 3.4743088 3.1932221 3.9068873 1.2643465 3.2886385 3.2685017 3.0071507 3.1933187 3.8561722 1.7672879 3.6806386 4.1920658 3.6666614 4.3121526 4.7458830 5.0913135 4.2187543 3.7025137 8.9999987 4.2403591 
Leuniv_Lniv_scaffold25491_01                                      6.4608913 4.1034440 3.7006122 3.8384140 4.5057799 4.6230542 3.8662045 4.6695269 3.1088595 2.9086915 0.4080414 0.5332009 0.0000000 0.4703244 2.4870866 1.0695164 1.3209964 2.1885659 2.3742972 1.3843070 2.1613239 2.4520523 2.6611037 2.5952264 0.9588094 1.9740320 2.5320197 2.2942976 1.6370202 1.7370993 1.7960939 0.7493628 1.7153591 1.5071436 1.7121185 1.6309565 1.6875023 1.3891040 1.9947607 1.6234903 1.6234903 1.7120794 0.7097477 1.6755915 1.5648589 1.5713525 0.6220031 2.2520499 1.1790754 2.7742213 2.6416592 2.6229374 2.5871795 2.6887522 2.6637422 2.2216946 2.2336648 2.2724238 2.2077154 2.1745274 2.2071436 2.2071436 2.2537033 2.2423429 1.0395855 2.0558167 1.8294077 1.8843874 1.6759470 1.8920021 2.6394203 2.6535381 1.7405478 1.9625545 1.6067223 1.8229880 2.0549655 1.8144422 2.6632199 2.4995675 2.6142516 2.6867671 2.6867671 2.7273908 2.7466890 2.5282021 2.8484491 2.6223959 2.3601623 2.2065861 1.8473033 2.4194629 2.4233537 2.2975364 1.9667165 2.3076821 2.2972861 2.2148229 2.3679902 2.4445625 2.3621235 2.2713507 2.4669918 2.0707881 2.9735619 2.2698754 2.1322085 2.1142362 2.0886471 1.7873140 1.9749176 2.3509851 2.2210112 2.2081140 2.0417066 2.2453820 0.7587368 2.2050074 2.0396710 1.8414747 2.0552954 2.4621228 1.9035470 2.7862831 2.4432185 2.5091819 3.4988673 3.4676500 3.5053329 2.9845603 3.9140160 7.1286775 3.9384236 
Gracom_Gcom_C553678_01                                            8.3781328 5.4601814 6.8147354 7.2004529 6.8260313 7.1611009 5.4297409 6.1349136 3.8994774 3.6807686 0.6121144 0.6134475 0.4703244 0.0000000 3.1627843 1.1073073 1.3727728 3.0928541 3.2780996 1.4193213 3.4015899 3.2661609 2.8364240 2.7957006 0.8709586 2.8832469 3.6138763 3.2930313 2.1779787 2.9168058 3.0061884 0.7709068 2.8581781 2.2537300 2.8394755 2.6399117 2.8230479 1.4171392 3.1745554 2.5876134 2.5876134 3.1288105 0.6779315 2.6187165 2.7351625 2.5229670 0.6822754 3.6424074 1.0002185 3.1174951 3.0725303 3.0613483 3.1804896 3.2579253 2.9309650 3.2179858 3.1233158 3.0877450 2.9708799 3.0018505 3.0960532 3.0466407 3.0660308 3.2346251 0.9914143 2.9482822 2.3944273 3.2464319 3.3257622 3.2810200 3.1095960 3.5788818 3.1267733 3.4703121 2.4470542 3.0079043 3.2563984 1.7742074 3.7229094 3.9063739 3.9621556 4.0907519 4.0907519 3.9603144 3.9728961 4.0698278 4.1371200 3.8968676 4.0725847 3.8064358 2.9427428 3.7037298 3.4985966 3.5746570 3.9692849 3.8684021 3.8366162 4.0102147 3.6424252 3.7390940 3.6535196 3.3861638 3.0769751 3.7565693 3.2075832 2.7876422 2.7245275 2.1135997 3.2416101 2.2766805 3.2630400 3.3468562 4.7561180 3.0365055 3.3306398 3.5331732 1.3192180 3.1647152 2.9626895 2.6403997 2.4088109 3.7259381 1.8725749 2.8510935 3.9683851 3.5402078 3.9959970 4.2558948 4.2419794 3.1793159 3.4739158 8.9999984 4.0622201 
Cgig_XM_011453561.3                                               8.9999990 5.2697441 4.8777079 4.6579227 4.4468943 5.1503929 3.6109304 5.3469087 1.8920422 1.7745363 2.9050837 3.8392138 2.4870866 3.1627843 0.0000000 0.1889405 0.1299899 0.8315473 0.8817153 0.4581731 0.7894454 1.0803496 1.1302730 1.2822492 0.6314706 2.4910067 1.1915034 1.0732880 1.9509596 2.6803695 2.8928780 0.6863734 3.2550683 2.1071810 2.8964760 2.8702121 2.8658900 1.7099275 3.6963987 3.4108912 3.4136586 3.6845548 0.6799316 3.4974460 3.3380573 3.3180899 0.6684729 3.6075386 0.6643521 2.6601658 2.3348314 2.4067537 2.4943488 2.4501811 2.5454963 1.9490143 1.9088228 1.7935960 1.8208700 1.8356515 1.7639366 1.7663667 1.8498297 1.8822147 1.2991732 1.3154153 1.8893677 3.0306518 3.8579412 2.9775779 1.4368592 1.5282858 2.0522741 3.0242842 2.1088624 2.7804231 3.1366292 1.6267388 3.6368693 2.9383753 2.9761896 2.8326334 2.8326334 2.8475105 2.9481342 3.0267603 2.6288212 2.6699375 3.7837472 3.3102758 2.0605301 2.6281511 2.5524023 2.5052238 4.2918119 4.5340957 4.9999090 4.5610582 5.1630024 2.3034583 2.3397587 2.7664904 2.2579508 3.3969873 2.9786041 2.3309980 1.6627400 2.8189434 3.2776465 3.2361185 3.3073447 3.4556842 4.2407518 3.1813421 2.5882063 3.7835986 2.4412690 3.5341546 3.0021471 3.0452887 2.2007993 4.5248379 3.1545709 4.4143705 4.4125099 3.7142277 3.7771397 3.5747696 3.9743870 3.5245294 4.6608286 5.6510007 4.5329793 
Ctel_gnl_WGS_AMQN_CAPTEDRAFT_mRNA39158                            2.2958243 1.4655798 1.4020067 1.3262558 1.3740367 1.4736415 1.6128768 1.8727419 0.7549735 0.5140445 1.0391194 1.0661822 1.0695164 1.1073073 0.1889405 0.0000000 0.1042272 0.1315815 0.1602830 0.2042697 0.1917465 0.2557186 0.2128508 0.2425135 0.4769914 0.7390214 0.1679109 0.2353947 0.6341074 0.6525066 0.6525066 0.7178030 0.7150590 0.6620908 0.6541767 0.7035581 0.7370041 0.7370041 0.6756536 0.9198366 0.9198366 0.9114255 0.7414048 0.8878144 0.8302949 0.9402422 0.4681388 0.9179732 0.5178235 0.5318393 0.5218757 0.5218757 0.5802519 0.5383385 0.4653523 0.3002586 0.3022716 0.3022716 0.3022716 0.3022716 0.3239951 0.3239951 0.3192008 0.3341498 0.8125195 0.2763081 0.9522807 0.7737248 0.8772047 0.7234336 0.2532976 0.2702424 0.6957336 0.6980184 0.8221862 0.7924147 0.8436502 1.2236591 1.5259671 0.7530535 0.7531286 0.7484953 0.7484953 0.7748248 0.7530535 0.7530535 0.7825265 0.7779058 0.9632993 0.9901412 1.2769851 0.8414935 0.7923737 0.7223884 0.8959350 0.9732406 0.9732406 1.0019377 0.9819015 0.7850856 0.7850856 0.8469234 0.8690283 0.9629221 0.9662581 0.9528604 0.2953213 1.3845864 0.9774165 1.0929190 0.9428622 1.2325511 1.2325511 1.0479984 1.1471462 0.9977374 1.0870034 0.8927409 0.7609126 0.7501559 0.7169315 1.3526178 1.6214709 1.5797022 1.8947345 0.9672385 1.2775610 1.1785081 1.0655317 1.0851470 2.4307851 4.2087667 3.6403775 
Dpul_mRNA19903                                                    2.9310915 1.6087592 1.3579517 1.2687705 1.3736928 1.3992588 1.5863725 2.0363002 0.7451095 0.6408938 1.3050982 1.2925866 1.3209964 1.3727728 0.1299899 0.1042272 0.0000000 0.1112818 0.1277345 0.1719066 0.1342289 0.1831482 0.1263557 0.1381857 0.4177692 0.7590935 0.1320909 0.1925426 0.6555009 0.6515764 0.6198556 0.6854901 0.7872997 0.6289665 0.6344576 0.7006072 0.7309563 0.7309563 0.7578839 0.8931135 0.8931135 0.8883551 0.6420507 0.8598354 0.8113019 0.9261462 0.4868575 0.9989563 0.6043696 0.6569208 0.7346278 0.7346278 0.7288659 0.7409368 0.6135172 0.3476509 0.3031368 0.3030781 0.2950271 0.2950271 0.3336817 0.3336817 0.3239258 0.2974458 0.8392473 0.2219041 0.9485894 0.8443504 0.9089360 0.8215214 0.2524682 0.2805081 0.7802063 0.7572926 0.8350645 0.8053425 0.9196393 1.2970480 1.7337073 0.8213582 0.8015700 0.7884536 0.7884536 0.8060567 0.8300287 0.8016001 0.8529167 0.8104407 1.0204325 1.0723397 1.2759569 0.9074279 0.8545633 0.7623388 1.0336131 1.1588358 1.1619546 1.1774567 1.1785504 0.8724560 0.8627701 0.8804531 0.9300237 1.0046620 1.0291903 0.9386554 0.3459585 1.6275252 1.0729222 1.1627337 0.9047166 1.1381080 1.1381080 1.0193456 1.2659219 1.1593632 1.2396627 0.9245566 0.7981249 0.8683931 0.6924238 1.3267158 1.7300489 1.4437485 2.0330586 1.1338560 1.3801554 1.2634187 1.1590575 1.2244333 2.9090262 4.4050598 3.1684571 
Cscu_XM_023363549.1                                               8.9999985 5.1679144 4.3942996 4.4647598 4.5176113 4.7892079 3.9034440 6.3240194 1.8900262 1.6580057 2.9613796 3.9175122 2.1885659 3.0928541 0.8315473 0.1315815 0.1112818 0.0000000 0.4646710 0.4250522 0.7557494 0.9162844 1.0902110 1.1097906 0.7136053 2.7586215 1.2578801 0.9836982 2.2218328 2.7628824 2.9853639 0.7680312 2.9689964 2.3381079 3.0367291 2.6587980 2.7854578 1.8788961 3.4277768 2.9040585 2.9392396 3.3857883 0.6257936 2.9063799 3.0425571 2.9255960 0.7179222 3.2900545 0.6282355 2.5339609 2.5493167 2.5407437 2.4218193 2.4434736 2.5285906 1.5656311 1.8325551 1.7261744 1.7502346 1.8436444 1.7812631 1.7763436 1.7818872 1.8348438 1.1993668 1.0554498 2.0093943 3.0989727 3.4103515 2.8172947 1.3757345 1.4888945 2.6544790 2.9051138 2.2270127 2.6070804 3.4218201 1.5054527 3.5989113 2.9598231 2.9602059 2.8072425 2.8191781 2.7659337 2.9986501 2.8951898 2.8644387 2.6734870 3.1822024 3.1085725 2.2585899 2.6592537 2.5071172 2.7535494 4.3513685 4.7764385 5.0784535 5.0227316 5.0007783 2.7851114 2.8658126 2.9477507 2.2753351 3.5733041 3.2322561 2.4994731 1.3625991 2.7841624 3.0797217 3.2359142 3.6105849 3.3647676 4.2881755 3.3717199 2.6785525 4.1505437 2.6647345 3.5708827 2.8348574 3.0874708 2.0891411 4.4692612 2.5901810 3.8605405 3.7280226 3.7064316 3.5218304 3.4265210 4.0937592 3.6532775 4.1617759 6.2758949 4.7104383 
Tcas_TC011697_001                                                 7.9730532 4.6588362 4.3674729 3.9430415 4.3190086 4.7606134 4.0894364 6.0430996 1.9109693 1.7417500 3.0756980 4.0687711 2.3742972 3.2780996 0.8817153 0.1602830 0.1277345 0.4646710 0.0000000 0.4265004 0.8012892 0.9968222 1.1822306 1.2135706 0.7391621 2.5673745 1.3105452 1.1688974 2.5243612 2.8246142 3.0140082 0.8005372 3.2225937 2.3528364 2.9964923 3.0609867 3.1912386 2.0552130 3.5017350 3.1213463 3.1598011 3.3061250 0.6540671 3.1459170 3.1783760 3.1388916 0.7283370 3.5243758 0.6583009 2.7808795 2.6611754 2.6524727 2.4370447 2.4580650 2.4343680 1.9161846 1.9916714 1.8479255 1.8838446 1.9598563 1.8036426 1.8142442 1.8405668 2.0752670 1.3843278 1.2183421 1.8939034 3.3557149 3.6496327 3.1343575 1.5242008 1.5500743 2.4094489 2.8456577 2.2078423 2.4725638 3.6532806 1.6834597 3.6825694 2.7579350 2.8901543 2.7479696 2.7479696 2.7183146 2.9646090 3.0195306 2.4580132 2.5893110 3.1271817 2.9510913 2.1245199 2.5693087 2.5071274 2.5659973 4.4063401 4.6778261 5.0564568 4.6415991 4.2861364 2.8146152 2.7641768 2.9059143 2.3852958 3.3016478 3.4148497 2.4385274 1.4607880 2.8324795 3.4364779 2.9937580 3.8533052 3.1755475 4.3146485 3.1212944 2.8752793 4.1713181 3.0167127 3.5718754 3.1342151 3.0383580 2.3501939 4.5567680 2.5764480 4.3667385 4.4123673 3.7069130 4.0073147 4.1227537 3.7883992 3.7814134 4.6847004 6.4887002 4.1666670 
Ctel_gnl_WGS_AMQN_CAPTEDRAFT_mRNA39149                            2.5878732 1.5937265 1.3875455 1.3064783 1.4616128 1.5098557 1.9125278 2.1038742 1.1325343 0.7908919 1.3418105 1.5962621 1.3843070 1.4193213 0.4581731 0.2042697 0.1719066 0.4250522 0.4265004 0.0000000 0.3754770 0.5572397 0.4396495 0.4245523 0.7902708 1.1098680 0.2262625 0.5240711 0.8647329 1.0738593 1.0623220 0.7791654 1.0898734 1.0276098 1.0332795 1.0263006 1.0559176 1.0559176 0.9277635 1.2031596 1.2031596 1.2144749 0.6780730 1.1930759 1.1415991 1.2505634 0.6801693 1.3725440 0.7007868 0.9183060 0.9510822 0.9321778 1.0326170 1.0244442 0.8428234 0.5489945 0.5891456 0.6082976 0.5979591 0.5979591 0.6313042 0.6313042 0.6355063 0.6722163 1.1275041 0.4991587 1.1492037 1.0869553 1.2874261 1.0726911 0.6243807 0.5664149 1.0170238 0.8922901 1.0860172 1.0690374 1.2701802 1.6712431 2.2261538 1.0302123 1.0004246 0.9683629 0.9683629 1.0127629 1.0273018 0.9592588 1.1035201 0.9522760 1.3573956 1.3621660 1.4290200 1.1890414 1.0646053 0.9770628 1.2560054 1.1802770 1.1830716 1.1371515 1.2399603 1.1086058 1.1177456 1.1424478 1.1016591 1.1481700 1.1182987 1.2095780 0.5567204 1.8784197 1.3062041 1.4416371 1.2386340 1.5398024 1.5398024 1.4215306 1.2192140 1.4296161 1.3005195 1.2344717 1.1713276 1.0306656 1.0810984 1.9845083 2.5370135 1.9585301 2.5075188 1.5088643 1.5996626 1.4818948 1.3830881 1.5689002 3.7606691 4.7751600 4.5999683 
Acagra_model.g22820.t1.1.5d3b8a95                                 8.9999985 5.4070456 4.6097789 4.2938855 4.3604594 5.0530776 3.9403769 6.1172544 2.0378756 1.8317803 3.1086603 4.0909643 2.1613239 3.4015899 0.7894454 0.1917465 0.1342289 0.7557494 0.8012892 0.3754770 0.0000000 1.0955251 1.1894145 1.1960146 0.6806917 2.7033935 1.0924638 0.9334833 2.0772223 3.1013381 3.2862720 0.7513888 3.3836239 2.7115565 3.4957713 3.3880169 3.3927969 2.0130757 3.5334963 3.3955953 3.3983630 3.7473986 0.6000081 3.4971889 3.5594231 3.3746939 0.6449104 3.5035338 0.5140296 2.2916316 2.3773578 2.4133963 2.2352511 2.2734136 2.3082709 1.7142792 1.6854761 1.5768624 1.6339426 1.6597764 1.5828095 1.5967404 1.6763204 1.7618169 1.2976482 1.0945044 1.8521985 3.0623872 3.6637257 2.6864647 1.6099175 1.7073878 2.3817606 2.7600886 2.3020470 2.5707543 3.6398565 1.6655941 3.2482690 2.5057383 2.5104882 2.4450777 2.4414143 2.5083392 2.5493513 2.5125067 2.5568625 2.4269201 3.6029135 3.3748947 2.1897486 2.4616884 2.6859307 2.3041448 4.3034292 4.8492958 5.3548198 4.6855321 4.8348219 2.5140304 2.5360265 2.5824190 2.2695808 3.5515679 3.0544963 2.3048749 1.4038611 2.4189525 3.2364177 3.1423039 3.6213576 3.1417495 4.1331441 3.3300556 2.7499946 3.8514067 2.5447845 3.4781380 2.9075229 3.1218178 2.1836481 4.7902182 3.2526394 4.2005518 4.4517176 3.6294719 3.5912914 3.4996307 3.9764400 3.5875161 4.1557741 7.3600006 4.0590863 
Bralan_BLAG17000606_1                                             8.9999990 5.3677007 4.6277070 4.6486190 4.8293967 5.5346122 3.7761296 5.8796832 1.8715308 1.6429574 3.0623776 3.8991530 2.4520523 3.2661609 1.0803496 0.2557186 0.1831482 0.9162844 0.9968222 0.5572397 1.0955251 0.0000000 0.8726416 0.9142455 0.6693049 2.3071645 1.3092812 1.2906126 2.1160884 2.7595383 2.8515860 0.6603444 3.4637217 2.5121019 3.1457505 3.0368575 3.0097259 1.8932335 3.7035418 3.1557832 3.1584007 3.6296949 0.7191710 3.2835641 3.3762692 3.2409695 0.8634659 3.8387161 0.5124776 2.2340200 2.3155255 2.3427570 2.3439097 2.3096039 2.2110640 1.7468063 1.6275762 1.5342970 1.4984124 1.6101630 1.5910213 1.5941798 1.6255648 1.7637446 1.4552513 0.9528480 1.8595270 3.0239501 3.5608948 2.9694540 1.4728370 1.6253935 2.1437986 3.1706568 2.1611964 2.7919168 3.1342985 1.9350476 3.2704634 2.9371918 2.9745503 2.6587402 2.6587402 2.8284916 3.0265006 2.9195665 2.6362300 2.5659086 3.5097215 3.3028864 2.0673752 2.5073004 2.3865901 2.8700558 4.4099890 4.5452156 4.9334593 4.6583313 4.0714613 2.2544176 2.2825819 2.6371107 2.2217564 3.5595132 2.8995315 2.7077131 1.5615784 2.5576406 3.0053494 3.5140637 3.2080422 3.5269811 4.6032800 3.1708594 2.4897357 3.7221204 2.6271182 3.8756519 3.3200357 3.4300205 1.9714807 4.8476060 2.6722078 3.9715849 4.4387239 3.7199102 3.6377435 3.5776587 4.1111621 3.2843493 5.3920534 5.5909550 4.1853452 
Hsap_ENST00000418710                                              8.9999983 5.1093143 4.9370128 4.8132545 4.6513628 4.8167479 3.7462275 6.2993262 1.8885749 1.5659478 2.6197799 3.5784551 2.6611037 2.8364240 1.1302730 0.2128508 0.1263557 1.0902110 1.1822306 0.4396495 1.1894145 0.8726416 0.0000000 0.5096168 0.5982313 2.3031711 1.5278588 1.2628736 2.0265000 2.9002962 2.9933129 0.6535919 3.5849231 2.4590202 3.1209049 3.0519694 3.0223813 1.8590531 3.3199377 2.8393241 2.8708072 3.4887524 0.6488687 2.9226247 2.9103080 2.8323983 0.6968369 3.6692808 0.5578922 2.4001159 2.5948758 2.6454486 2.4716300 2.4400181 2.3766910 1.7489703 1.6506227 1.6200203 1.6158329 1.6565887 1.5139904 1.5177827 1.5898402 1.6212253 1.1625389 1.1405401 1.8055522 3.2473336 3.2008181 3.3595208 1.4987974 1.7372994 1.9054155 2.4072851 1.8830990 2.4232327 3.0702872 1.6500664 3.1155606 2.5160079 2.5436718 2.3383853 2.3383853 2.3914843 2.5542198 2.5131618 2.3348837 2.0975470 2.9880134 3.0900959 2.1741224 2.1597707 2.2805023 2.7198433 3.9580752 4.2702042 4.6397599 4.6668750 4.5785388 2.4762872 2.5553920 2.7088779 2.2109066 3.7491863 2.8746231 2.2727033 1.4542543 2.4618852 2.9356066 2.7717369 3.0053546 3.1707392 4.5605583 3.7378263 2.7391334 3.5819502 2.6339921 3.7274719 2.6542922 2.9327088 2.2303393 4.0223873 2.3770353 3.4817022 4.2089509 3.5398400 3.6699252 3.6022269 3.4793597 2.9844208 4.0187508 5.4458176 3.5386667 
Hsap_ENST00000394967                                              8.9999990 5.3625092 4.4431069 4.2025260 4.4646543 4.8910562 3.5372349 6.2188792 1.9857282 1.8222372 2.9015613 3.6228144 2.5952264 2.7957006 1.2822492 0.2425135 0.1381857 1.1097906 1.2135706 0.4245523 1.1960146 0.9142455 0.5096168 0.0000000 0.5425025 2.4247433 1.6070268 1.3149915 2.2066800 3.0826638 3.0957366 0.7064241 3.5940540 2.7195097 3.3811940 3.1640624 3.2353825 2.2110520 3.5052149 3.0921004 3.1301780 3.5681988 0.6476259 3.2281227 3.2252484 3.0404691 0.7443781 3.6034835 0.5357125 2.7648185 2.6981796 2.7688909 2.6447940 2.6458489 2.5225666 1.6472849 1.7681997 1.7058017 1.6840067 1.7355698 1.7500863 1.7598525 1.6842504 1.6861979 1.3011569 1.2264048 2.0115335 3.3892971 3.2206161 3.1786810 1.8087498 1.8395694 2.0844238 2.6242510 2.2785377 2.5876355 3.0372563 1.7772980 3.4262036 2.5983054 2.6420406 2.5285281 2.5285281 2.5373272 2.8199744 2.7428605 2.7625405 2.4777030 3.2272967 3.0560885 2.2966064 2.2888029 2.4007364 2.8993185 4.5958760 4.5479130 4.9067228 4.7463252 4.1939043 2.4193910 2.4923474 2.5730156 2.2517109 3.6475180 2.9706993 2.4124101 1.6304777 2.7251380 2.7774387 2.8455929 3.3824653 2.6905365 4.2452151 3.1066935 2.5844970 3.6134292 2.6111143 3.6746214 3.0376387 3.0860049 2.4067196 4.0279597 3.1565836 3.8086396 4.4853233 3.3568070 3.9320547 3.8505892 3.7485128 3.1424739 4.8860044 5.7619574 4.4437428 
Dpul_mRNA4983                                                     2.4899282 1.4020170 1.4826218 1.4969998 1.6123167 1.5789779 1.5289421 1.9264079 1.2731350 1.2396838 0.9322161 1.0710673 0.9588094 0.8709586 0.6314706 0.4769914 0.4177692 0.7136053 0.7391621 0.7902708 0.6806917 0.6693049 0.5982313 0.5425025 0.0000000 0.7086059 0.7735780 0.7271322 0.6224180 0.8437497 0.8119818 0.4746515 0.8673945 0.8524958 0.8549692 0.8920664 0.8798707 0.8614309 0.7860290 0.9434715 0.9434715 0.9719184 0.6687238 0.9318329 0.8913808 0.9823259 0.8519846 0.7550700 0.6556990 0.8415771 1.0761338 1.0313582 1.0550765 1.0608010 0.8392384 0.6481356 0.7503795 0.7633493 0.7356559 0.7348124 0.7928558 0.7928558 0.7420713 0.7168676 1.1635460 0.5857819 0.8143163 0.8072222 0.8609701 0.8700926 0.7163638 0.7657523 0.6037075 0.6501456 0.6983302 0.6686443 0.9445648 1.8988326 1.7709266 0.9832663 1.0100067 0.9295392 0.9295392 0.9775968 0.9953311 0.9998510 0.8540437 0.8575657 0.7956857 0.8180255 1.0257253 0.7604046 0.7731293 0.7693609 1.1359327 1.1391544 1.1425076 1.1344675 1.2140310 0.8416759 0.8600723 0.9502529 0.8428827 1.0714726 0.8918581 0.7681337 0.7431517 1.4836012 0.8687426 0.8984690 0.8633599 1.0079833 1.0254926 0.9278588 1.1086271 1.1472532 0.8701115 1.0145324 1.0098189 0.8953238 0.9192293 1.1827511 2.0139042 1.0989646 1.9921889 1.1712874 1.5824413 1.4217513 1.7482382 1.4377551 4.8405675 0.2236127 4.1348399 
Spur_XM_784017.5                                                  6.2171903 4.0539402 3.9627499 4.0483033 4.3461700 4.3663595 3.2679827 3.9524318 2.0747988 1.9481852 2.8290313 3.2406228 1.9740320 2.8832469 2.4910067 0.7390214 0.7590935 2.7586215 2.5673745 1.1098680 2.7033935 2.3071645 2.3031711 2.4247433 0.7086059 0.0000000 2.2985283 2.2456079 1.3928814 2.6981436 2.8273868 0.7023221 2.4911855 1.9273460 2.4857223 2.5894144 2.6463835 1.3279373 2.9543652 2.8093010 2.8093010 3.1676160 0.6372373 2.9043542 3.0756573 2.6976512 0.6455500 3.2805053 0.8469438 1.9655631 1.8141319 1.8157055 1.7672711 1.8024029 1.7476670 2.0871963 2.1581165 2.0832276 2.2854635 2.2010955 2.2317842 2.2536944 2.2715829 2.1210133 1.3450837 2.5823747 1.9494674 2.5794680 3.2044663 2.7640883 2.0851591 2.3707587 1.5443679 1.7475442 1.5019595 1.6639947 2.3399614 1.6020579 3.4604826 1.8939085 1.9624900 1.8819841 1.8733970 1.9312051 1.8642736 1.9946603 2.0586696 1.8842873 2.5546399 2.7531210 1.8711433 1.8694073 1.6253224 1.6891556 3.1673534 3.1876346 3.1728226 3.2977344 3.3191878 1.9409899 1.9856428 1.9141604 1.5382778 2.6721885 1.9543339 1.8113485 2.2832631 2.4336928 2.1334311 2.2377981 2.5958829 2.8212989 4.0965515 2.5386800 2.4513340 3.5287774 2.2984249 2.5969088 2.8105125 2.5271628 2.6184005 3.9744419 2.2055829 3.4918867 4.3423539 2.9117736 3.9745670 3.9915270 3.2582890 3.5101247 4.6310841 5.1511689 3.6888276 
Ctel_gnl_WGS_AMQN_CAPTEDRAFT_mRNA224157                           8.9327181 5.4571258 4.3559041 4.7380817 4.8329662 5.0456833 3.5504721 5.1992368 1.8826903 1.7460249 3.2128168 4.4944635 2.5320197 3.6138763 1.1915034 0.1679109 0.1320909 1.2578801 1.3105452 0.2262625 1.0924638 1.3092812 1.5278588 1.6070268 0.7735780 2.2985283 0.0000000 1.4819172 2.0208732 3.3147974 3.3616292 0.6947609 3.3076489 2.5267227 3.1001475 3.1934377 3.3204383 1.9239897 3.6573445 3.1091522 3.1495968 3.4426366 0.6749738 3.2583099 3.0868316 3.1652652 0.5680642 3.4535869 0.6973678 2.6058354 2.8234137 2.8546887 2.5653072 2.6009786 2.3090846 1.8848187 1.9466502 1.8980591 1.9463301 1.9743642 1.8420011 1.8431558 1.9076005 1.9112082 1.1739236 1.5902546 2.2324376 3.5638117 3.9347508 3.6174692 1.6825090 2.0997019 2.3898286 2.7102722 2.0334299 2.6537071 3.2266573 1.5822197 3.7195674 3.0067199 3.0004182 2.9536034 2.9554881 2.7844117 2.8373849 2.8082589 2.7192795 2.7645222 2.9886678 3.1807501 2.4168825 2.7021110 2.6628228 2.4707170 3.8954508 3.9445582 4.2215573 4.0736597 4.1772414 2.5083289 2.6194261 2.6756151 2.0822275 3.6591513 2.9665358 2.4662317 1.6112139 2.3445842 3.0349036 3.0670443 3.1803999 3.1338167 4.3241178 3.3380841 2.6208178 3.5473636 3.1136824 3.3236662 3.0784091 3.1655167 2.3293910 4.3484212 2.4655968 4.1273203 4.9349848 4.1233802 4.0472172 4.0049302 3.5675465 2.9657997 4.6264545 6.3996990 3.9223725 
Cgig_XM_011453560.3                                               6.9595633 4.5425623 4.8249590 4.8645102 5.1536883 4.9048612 3.7490041 5.7162141 1.9201621 1.7942772 3.1187155 4.3295251 2.2942976 3.2930313 1.0732880 0.2353947 0.1925426 0.9836982 1.1688974 0.5240711 0.9334833 1.2906126 1.2628736 1.3149915 0.7271322 2.2456079 1.4819172 0.0000000 1.8274149 2.9009439 3.1941455 0.7873636 3.1963174 2.6244204 3.1913459 2.9650493 3.1609767 1.8002022 3.1186389 3.1746157 3.2162427 3.5999773 0.6592081 3.1703421 3.2246535 2.9408754 0.7691793 3.3896087 0.6158227 2.6390934 2.3826401 2.4197078 2.3453835 2.3082631 2.4487692 1.8541643 1.7293945 1.6550934 1.5849925 1.6678057 1.6522231 1.6581208 1.6863907 1.7464646 1.0805068 1.3189084 1.9511473 3.3253790 3.8419856 3.1549386 1.8579613 1.9542662 2.2178012 2.5200952 2.1040554 2.3812798 3.3930665 1.8805470 3.4132038 2.5740193 2.5990395 2.4091681 2.4084692 2.5086674 2.6721363 2.6181991 2.5360958 2.1416215 3.1067469 2.9829236 2.2308348 2.4708042 2.4768492 2.3626552 3.7013755 4.0346879 4.1282605 4.0049565 4.1007407 2.6054894 2.6823346 2.6250868 2.3349046 3.3415766 3.0409181 2.4450099 1.5562051 2.4822833 2.7109858 2.5656165 3.5771676 3.5244010 4.7707433 3.6193993 2.6683630 3.5633247 2.7787374 3.4058036 3.0377689 3.3890924 2.0113599 3.9344835 2.4133947 3.7904652 4.5522668 3.8754153 3.6067883 3.4949253 3.9225766 3.1044654 4.3746771 5.4604678 3.4676660 
