94
Spur_XM_030993625.1                                               0.0000000 0.0711713 0.0754987 0.5036490 1.3150733 1.3446204 1.5733694 3.7643357 3.9445797 4.3538290 3.9765569 3.7496803 3.9946737 3.6850139 4.2112150 3.3627655 3.8438347 3.3011361 3.6415657 3.4580023 3.4973595 4.3173283 4.0873688 3.3599049 3.2906559 3.1700393 2.9657195 5.5466601 3.2130362 3.8058891 3.3599517 3.0403415 2.1498269 2.6961084 3.0065032 3.2049884 2.9877546 3.1301392 3.0501390 3.4512992 3.2627229 3.4091161 3.3379324 2.6813253 2.8701104 2.8605323 2.8056411 2.8479582 2.8117452 2.7413497 2.8398061 2.1425675 2.4358519 2.8237617 2.4110494 2.9491819 2.9151187 2.8166299 2.8668867 2.8970663 2.9654073 2.8171168 2.8171168 3.0782707 2.9274062 2.9449575 3.0359180 3.0969067 2.8320475 2.7505914 2.6411268 2.4463163 2.8297997 2.3506638 2.6508887 2.8110032 2.7197067 2.6510079 3.4941831 3.0421743 2.9808223 3.1497695 2.8707398 2.8753726 2.4703531 3.0695876 3.3774165 3.2527646 3.3774165 3.1184611 3.9022120 4.7836974 3.4251651 3.1309591 
Spur_XM_030992692.1                                               0.0711713 0.0000000 0.0564909 0.4781215 1.3298712 1.3212069 1.5990098 3.6168779 3.8356420 3.9951653 3.8470348 2.9936313 4.1008425 3.7283432 4.0243369 3.3951476 3.6945973 3.4355424 3.6515592 3.5354355 3.1441149 4.2026194 3.8923928 3.2211343 3.5013141 3.2350021 3.2095520 5.3351723 3.2189438 3.6208663 3.4141492 3.2064375 2.3275066 2.9988008 3.0689293 3.2289646 2.9541166 3.1309120 3.1986244 3.4796452 3.3143346 3.3441009 3.4697976 2.7281812 2.8771311 2.8780365 2.7765725 2.8294212 2.8209937 2.7368322 2.8153608 2.2577108 2.4167888 2.8373432 2.3712983 3.0296202 2.9887067 2.9269887 2.9689713 3.0025821 3.0842816 2.8757421 2.8757421 3.0590294 3.1190770 3.1065604 3.2263476 3.2811294 2.9243567 2.7338276 2.5491367 2.4762486 2.8731243 2.3459817 2.6709500 2.6961374 2.7412068 2.5767065 3.3597039 3.0180516 2.8608169 3.0904867 2.9116643 2.8825279 2.4589063 2.9809478 3.2270594 3.2372342 3.2270594 3.2259629 4.1228440 5.0153069 3.7614499 3.6356838 
Spur_XM_030992695.1                                               0.0754987 0.0564909 0.0000000 0.4873017 1.3214085 1.3165873 1.5418525 3.7672548 4.0355933 4.1348616 4.0254301 3.3316888 4.2014395 3.7681807 4.1601159 3.4200183 3.8616689 3.5339828 3.7473033 3.4764289 2.8280528 4.3511037 3.8279001 3.3117751 3.4229983 3.1384406 3.1110648 5.5281156 3.1226042 3.4879261 3.5464617 3.2292990 2.2620651 2.8844735 3.0693477 3.2100416 2.9413656 3.0508388 3.1073475 3.5058662 3.2096917 3.3445120 3.4700829 2.5797336 2.8141832 2.7908996 2.6934374 2.7440196 2.7357859 2.6740348 2.7495507 2.2720543 2.3501375 2.7739464 2.2324163 2.8974438 2.9870093 2.8893157 2.9168523 2.9494995 3.0012776 2.8787736 2.8787736 2.9689129 2.9926172 2.9482157 3.1039523 3.0660816 2.7846268 2.6666351 2.5947834 2.4336893 2.8990053 2.2290177 2.6117601 2.6024752 2.5963826 2.6481915 3.3270488 3.0503895 2.9077996 3.1493419 2.8602852 2.7439244 2.3536468 3.0951752 3.2331089 3.2311516 3.2331089 3.1826383 4.1712712 4.8838547 3.6523282 3.5378886 
Spur_XM_030994066.1                                               0.5036490 0.4781215 0.4873017 0.0000000 1.3827868 1.4586746 1.6399346 2.8821274 3.4145931 3.4924884 3.3077329 2.1591044 3.5118636 3.4511064 3.5251400 3.0301638 3.0947568 3.2574564 3.3914878 3.3199175 2.4243972 3.5621021 3.2225148 3.2361145 3.4208108 3.1691176 3.1691176 5.9110327 3.1833194 3.3987811 3.5419979 3.2035961 2.1972390 2.9002271 3.1164609 3.2810371 2.8181568 2.9616268 3.0263785 3.2326135 3.2738180 3.3394011 3.3394011 2.4673069 2.4638718 2.5253184 2.6204764 2.6456354 2.5472884 2.4345353 2.5783733 1.9976497 2.2866529 2.4552590 2.2545454 2.4159051 2.5592994 2.5457836 2.5639476 2.5566946 2.7129710 2.6472697 2.6472697 2.5641812 2.7786641 2.8601700 2.7556515 2.9397325 2.6441225 2.3122524 2.3637463 2.0555401 2.6412636 2.0661325 2.4682098 2.2197892 2.5008113 2.2871611 2.7107264 2.4590185 2.3494212 2.5182884 2.5865994 2.5580968 2.2866563 3.0532476 3.0046516 3.0024447 3.0046516 2.7332339 3.7497450 4.8433754 3.2955766 3.4863481 
Spur_XM_001180074.4                                               1.3150733 1.3298712 1.3214085 1.3827868 0.0000000 0.0709216 0.7692671 3.7004051 3.6786871 3.5194780 3.7553666 4.8235510 3.4558158 3.3813432 3.7371586 3.3277612 4.2022100 3.2580965 3.3652416 3.1453802 3.1036557 3.5958516 3.5303490 3.2336142 3.0351601 3.0209309 2.9837704 4.6156781 2.7795644 3.4185887 2.9324646 2.8876995 2.2809893 2.8451623 2.8512625 2.9020377 2.6502747 2.5539434 2.6356934 2.9879971 2.4730338 3.2829717 3.3140581 2.7430578 2.7434616 2.5049325 2.6224439 2.6217298 2.5000639 2.5362607 2.4951835 1.9253230 2.3940452 2.4495196 2.5432304 2.8462289 2.8537966 2.9847820 2.9589616 2.9558277 3.1085197 2.8973350 2.8973350 3.0010139 3.4436154 3.2382919 3.0894592 3.3710704 3.0046141 2.4165416 2.7341665 2.5728060 2.7523452 2.6539155 2.8028216 2.6166457 2.6879398 2.7307238 3.4324965 2.7573492 2.7560902 2.8713604 3.0703801 2.8887124 2.5938669 2.9985936 3.3134006 3.3119794 3.3134006 3.3545501 3.3311362 4.3217880 3.4448460 3.2062448 
Spur_XM_011670164.2                                               1.3446204 1.3212069 1.3165873 1.4586746 0.0709216 0.0000000 0.7801919 3.5963500 4.0273685 3.8193119 3.9877169 5.3903528 3.6345383 3.5982566 3.9308464 3.4977316 4.2312214 3.3697664 3.4480618 3.3122243 3.4474047 3.8211346 3.7628641 3.2921544 3.2017466 3.2258215 3.1753017 4.2494185 2.8648729 3.4494919 2.8651926 2.9236891 2.4524834 3.1178746 2.9335381 3.0279014 2.7755676 2.6666657 2.7474281 3.0513095 2.6037375 3.3773480 3.3939328 2.9221993 2.8524103 2.6001084 2.6890497 2.6797411 2.6241500 2.6301976 2.5481985 2.0339019 2.4607942 2.5701815 2.7019906 2.8752732 3.0491265 3.1507390 3.1765395 3.1731544 3.2264844 2.9831077 2.9831077 3.1327257 3.7163179 3.4695454 3.4204739 3.4737908 3.1768675 2.5564110 2.7693391 2.6697477 2.9185582 2.7866872 2.8937680 2.7114671 2.8238305 2.8298288 3.4678733 2.9334303 2.9348805 2.9071175 3.0972105 3.1000594 2.6492577 3.0728153 3.4256397 3.4245632 3.4256397 3.3167735 3.3580529 4.6247756 3.6245101 3.3204497 
Spur_XM_011665607.2                                               1.5733694 1.5990098 1.5418525 1.6399346 0.7692671 0.7801919 0.0000000 3.9897387 3.9932946 3.7932859 4.1746271 4.9546461 3.7956253 3.8995527 3.9965042 3.6718956 4.3544883 3.4811433 3.7676024 3.5535169 3.7637138 3.7950316 3.7793191 3.3359397 2.8660541 2.9254295 2.9681853 4.6928408 2.8181101 3.1651582 2.9490660 2.9283251 2.4340392 3.1450211 3.1656976 3.0134047 2.6771434 2.5377768 2.6310459 2.8299412 2.6475862 3.3860788 3.4895911 2.5566687 2.4111992 2.3618040 2.2492536 2.2762534 2.3975678 2.3608608 2.4096873 2.0433095 2.2069287 2.3144083 2.3470278 2.3955935 2.7589009 2.8179077 2.8593720 2.8526445 2.8529338 2.9252510 2.9252510 2.6937215 2.9371377 2.8609555 2.8781475 3.0949713 2.8042739 2.1917853 2.5555155 2.1673352 2.5555357 2.5573168 2.5018970 2.4227664 2.5298432 2.7623078 2.8365273 2.8295899 2.5439987 2.7669257 2.9021407 2.6207020 2.3363001 3.4789817 3.4376444 3.4412543 3.4376444 3.0383277 3.4976146 4.4701573 3.3758540 3.4793019 
Pbac_sb2653831                                                    3.7643357 3.6168779 3.7672548 2.8821274 3.7004051 3.5963500 3.9897387 0.0000000 0.2993684 0.3366541 0.2916263 0.0000010 0.3531149 0.2339910 0.3825684 0.8081705 0.8081705 1.0875880 0.9200645 1.2257820 0.0000010 1.1982584 1.1982584 0.8719834 1.9900005 1.9900005 1.9900005 2.8609754 1.7316332 2.5855595 2.1631295 2.1631295 1.2379593 8.9319188 2.1550439 2.3924295 1.9638045 2.0093434 2.0093434 2.2414707 1.7995305 2.4914793 2.4914793 2.4977108 3.2325946 3.1662580 3.0859697 3.0602576 2.9801688 2.8891771 3.3484852 2.0308800 2.2111833 3.1597848 2.7629651 2.6080080 2.5523667 2.7742426 2.8215105 2.8157131 3.1853169 2.4519767 2.4519767 3.0963913 3.9105753 3.5301047 2.4894356 3.2276025 2.7190024 2.9254184 3.7479727 3.9609343 2.5629833 4.6743867 2.9274842 2.4579982 3.0290907 2.9827207 2.8090562 2.7717600 3.0513535 2.6645446 2.6171060 4.0574249 2.7700256 2.3620426 1.5826885 1.5826885 1.5826885 3.5120362 2.2528042 4.5154660 5.2836145 3.2664741 
Pbac_sb2656328                                                    3.9445797 3.8356420 4.0355933 3.4145931 3.6786871 4.0273685 3.9932946 0.2993684 0.0000000 0.0705560 0.1509496 0.1304193 0.3547529 0.2743972 0.2811352 0.6601891 0.7073592 0.8022657 0.7996606 1.1419864 1.1103739 1.0486379 1.0359481 1.1073869 1.8061636 1.8580123 1.7698123 2.1380248 1.7541601 1.9730610 2.2123548 2.1122030 1.7269113 2.0476051 1.9670243 2.1026713 1.8102814 1.9040186 1.8190329 1.9729401 1.6371147 2.0322853 2.0086209 2.4995730 2.9046309 2.6864687 2.6754939 2.7216353 2.6515952 2.6690457 2.9027904 2.1541470 2.5502371 2.5930087 2.4751139 2.5494869 2.3369054 2.3457927 2.4101805 2.4216947 2.5644648 2.4243523 2.4243523 2.5859474 2.7056916 2.5530123 2.1014873 2.2552147 2.5179128 2.7067001 2.7391616 2.8672527 2.4236102 2.2952691 2.8553954 2.4344801 3.0561796 2.5523978 2.2870367 2.3521276 2.4490785 2.6940921 2.4593830 3.1632893 2.3203655 1.8331889 1.6776077 1.6652358 1.6776077 3.1924538 1.9418203 4.1876083 3.8800180 4.2612729 
Pbac_sb2666940                                                    4.3538290 3.9951653 4.1348616 3.4924884 3.5194780 3.8193119 3.7932859 0.3366541 0.0705560 0.0000000 0.1766881 0.2250589 0.3650635 0.2835988 0.3428264 0.6821229 0.6948925 0.8954657 0.7947695 1.1483047 1.3421867 1.1624733 1.1992881 1.2113495 1.8831525 1.9535473 1.8201724 2.1867876 1.8098794 2.0838539 2.2656302 2.1424386 1.7670795 2.1101791 2.0126135 2.1246309 1.9489197 1.9566750 1.8266396 2.0358893 1.7088460 2.2449421 2.0991106 2.4935283 2.7000048 2.5662433 2.5109023 2.6039525 2.5655071 2.5339408 2.6395029 2.1467357 2.3905100 2.5289537 2.4085876 2.6530932 2.3482124 2.3642144 2.4072262 2.3936188 2.5516960 2.4248598 2.4248598 2.4722496 2.5156584 2.4822718 2.0799462 2.2332871 2.3694512 2.5904079 2.7106279 2.6862815 2.3866035 2.2154089 2.7508787 2.3602174 2.9252335 2.4904472 2.2457394 2.2679886 2.2772485 2.4343302 2.3955491 3.1597608 2.3984920 1.8290651 1.7778869 1.7196288 1.7778869 3.1071285 1.8580708 4.3735889 3.9500028 3.8964631 
Horcal_Hcv1.av93.c3.g663.i1                                       3.9765569 3.8470348 4.0254301 3.3077329 3.7553666 3.9877169 4.1746271 0.2916263 0.1509496 0.1766881 0.0000000 0.1178755 0.4200384 0.2843573 0.3210441 0.7330090 0.7064483 0.8669407 0.7681781 1.1734537 1.1936191 1.0860017 1.0857375 1.1363573 1.9096443 1.9468407 1.8447005 2.5019269 1.9077011 2.1487286 2.2594201 2.1473253 1.7217739 2.1051329 2.0066229 2.1665419 1.9771527 2.0955217 2.0417785 2.2141992 1.8170633 2.1427641 2.0869668 2.7007874 3.0496425 2.9286742 2.8605262 2.8006154 2.8654701 2.8216848 2.9245060 2.1827034 2.6595053 2.7482817 2.6702827 3.0050651 2.6422500 2.6548000 2.6774623 2.6613195 2.9418965 2.7413099 2.7413099 2.7589861 2.8821335 2.7571399 2.4154055 2.4695424 2.6848248 3.0636073 2.8925443 3.0795230 2.6173386 2.3194696 2.9790535 2.5752669 3.1426129 2.7093897 2.6146325 2.5637556 2.7276876 2.8950197 2.5972273 3.3757537 2.4973391 2.0326595 1.7930798 1.7799329 1.7930798 3.0913964 1.9643567 4.4676910 4.1122714 4.6139901 
Pbac_sb2644815                                                    3.7496803 2.9936313 3.3316888 2.1591044 4.8235510 5.3903528 4.9546461 0.0000010 0.1304193 0.2250589 0.1178755 0.0000000 0.0000010 0.1568121 0.2976864 0.5779095 2.2768126 0.7238489 0.7264281 1.1329754 0.9878574 0.0000010 0.9878574 0.0000010 0.0000010 2.5195818 1.8563273 0.0000010 2.4456508 2.4816453 0.0000010 2.2471016 2.2471016 2.2471016 2.0134746 2.2621202 2.0926731 2.6477872 2.1985198 2.6490853 3.4651738 2.4138106 1.9162733 3.1375923 3.3508169 3.3062488 3.4934492 3.4934492 3.5585754 3.2324434 3.5138027 9.0000000 3.2324434 2.8941071 3.4372738 3.6506224 2.9429631 2.7708922 2.6030653 2.6030653 2.5376216 2.4718167 2.4718167 3.2540199 2.6826753 3.3184839 3.0896276 2.7314813 2.0403421 2.4735886 3.1551463 2.9731046 2.9842537 2.6598013 2.6598013 2.2340840 2.1498764 2.2397073 2.4775743 3.1655180 3.1146072 2.9458449 3.1454967 2.6168248 1.8714518 1.8932234 1.6520629 1.5820222 1.6520629 2.9638978 1.7800274 6.4287303 2.7757475 6.9901320 
Pbac_sb2663644                                                    3.9946737 4.1008425 4.2014395 3.5118636 3.4558158 3.6345383 3.7956253 0.3531149 0.3547529 0.3650635 0.4200384 0.0000010 0.0000000 0.1734295 0.3958809 0.8970836 0.8731628 1.1266896 1.0966161 1.3366088 1.6535139 1.2126047 1.2656535 1.2290104 1.7645748 1.7645748 1.7645748 2.2546820 1.7553662 2.0314196 1.9174085 1.8881575 1.5380191 1.8650401 1.9214543 2.0859353 1.9038335 1.8624011 1.8647269 1.9526728 1.6780507 1.9700100 1.9700100 2.3736254 2.8558271 2.6622480 2.5414980 2.5573858 2.5621917 2.6738086 2.7028171 1.7151143 2.2626677 2.4894648 2.4926679 2.6101534 2.5845486 2.6761128 2.7086362 2.7065668 3.0306400 2.6511750 2.6511750 2.4446652 2.6162794 2.5850309 2.1035192 2.3716812 2.5362386 2.6167917 2.7750448 2.9377506 2.2552942 2.1745077 2.9626762 2.4363722 3.2023345 2.6108246 2.5190493 2.3563533 2.4899618 2.8192464 2.3485699 3.2029576 2.5291384 1.9324506 1.6512410 1.6498263 1.6512410 3.3725618 2.0100856 4.5490369 3.9547329 4.0944514 
Horcal_Hcv1.av93.c8.g242.i1                                       3.6850139 3.7283432 3.7681807 3.4511064 3.3813432 3.5982566 3.8995527 0.2339910 0.2743972 0.2835988 0.2843573 0.1568121 0.1734295 0.0000000 0.3205532 0.7616355 0.7842395 1.0052641 0.9426566 1.1990781 1.4905191 1.1046088 1.1839156 1.1713362 1.8084264 1.8671483 1.8671483 2.2303365 1.7257451 1.9949397 2.0067401 2.0184933 1.6537286 2.0924060 1.9260348 2.0556238 1.8826758 1.9014516 1.8849567 1.9628666 1.5532264 2.1162624 2.1162624 2.4975240 2.9481515 2.8604594 2.6798709 2.7263323 2.6600531 2.7533273 2.8201837 1.8239208 2.3533387 2.6278252 2.5708796 2.5981054 2.6373866 2.6340007 2.6883274 2.6865420 2.8679819 2.6797909 2.6797909 2.6238236 2.5618114 2.5375892 2.2620170 2.2394307 2.4495619 2.8201456 2.8503464 2.9657455 2.4553808 2.2590507 2.9831837 2.5097274 3.1316186 2.5718853 2.5847995 2.3487078 2.5646995 2.7834184 2.3444944 3.2352214 2.4801699 1.8870356 1.6070732 1.6058612 1.6070732 3.2034944 1.8612604 4.2906388 3.8936866 4.6151713 
Pbac_sb2645137                                                    4.2112150 4.0243369 4.1601159 3.5251400 3.7371586 3.9308464 3.9965042 0.3825684 0.2811352 0.3428264 0.3210441 0.2976864 0.3958809 0.3205532 0.0000000 0.8387595 0.8724156 0.9189101 0.9125079 1.2776515 1.4832575 1.1191124 1.2162690 0.9784982 1.6773062 1.8020922 1.6925788 1.9449345 1.7421674 2.1355174 1.8128617 1.8445677 1.6642250 1.9606027 1.8068828 2.0597000 1.9055362 1.9532799 1.8897641 1.9505571 1.6673304 2.1278906 2.0088633 2.4812700 2.8665001 2.7713006 2.6755473 2.6582811 2.6558983 2.6459088 2.7456527 2.1178561 2.4786862 2.6956626 2.5343799 2.5565466 2.4286490 2.4596126 2.5055624 2.5040700 2.7037553 2.5185381 2.5185381 2.6764148 2.4350288 2.4060766 2.1639934 2.2073720 2.3342981 2.6869837 2.5934040 2.8369929 2.3097550 2.3720173 2.7646730 2.4511855 2.9191636 2.5029822 2.2988228 2.2687233 2.4317593 2.5685644 2.3670953 3.4971106 2.3212691 1.8004685 1.7249284 1.6869135 1.7249284 3.0111968 1.9914596 4.5445758 4.0841345 4.2969981 
Bolinf_Binf_sb1235966                                             3.3627655 3.3951476 3.4200183 3.0301638 3.3277612 3.4977316 3.6718956 0.8081705 0.6601891 0.6821229 0.7330090 0.5779095 0.8970836 0.7616355 0.8387595 0.0000000 0.0480451 0.5975264 0.7270731 0.8616210 0.7555750 0.8900153 0.8693574 0.9905921 1.6479030 1.6468420 1.5805189 2.1099902 1.7534169 2.0354097 1.9552824 1.8121599 1.5300298 1.5712947 1.7279713 1.8157774 1.7998619 1.8661351 1.8719661 1.8475623 1.7025418 1.9704058 1.9540826 2.5758981 2.5505797 2.5023658 2.4302812 2.4163272 2.4889692 2.5159028 2.5213550 1.7865606 2.2712255 2.6189986 2.5288046 2.5829885 2.4351644 2.5124934 2.5091380 2.5065721 2.5655711 2.4184493 2.4184493 2.3766848 2.5060258 2.3742279 2.1503511 2.3050573 2.3827894 2.7372024 2.6099250 2.8612482 2.4089529 1.8995133 2.5342514 2.1735770 2.7688414 2.4171182 2.3170395 2.2098433 2.4433485 2.4949795 2.3231907 2.9869115 2.2830061 1.7117770 1.4230912 1.4078660 1.4230912 2.7243204 1.6879955 3.8835568 3.4702233 3.6912720 
Mertsp_Mesp_sb545491                                              3.8438347 3.6945973 3.8616689 3.0947568 4.2022100 4.2312214 4.3544883 0.8081705 0.7073592 0.6948925 0.7064483 2.2768126 0.8731628 0.7842395 0.8724156 0.0480451 0.0000000 0.7128954 0.6279414 0.8818450 0.8192188 0.8841323 0.9300921 0.8474943 1.8458424 1.8399709 1.8415601 2.4341313 1.8830297 2.4017412 1.9555131 1.9449224 1.5211393 1.6113390 1.9096726 1.9596095 1.9426912 2.0200902 2.0456837 1.9996637 1.7860933 2.1526432 2.2609665 2.6955419 2.7608373 2.7331569 2.5435028 2.5520236 2.6354841 2.7024808 2.6557841 1.8918206 2.2436763 3.1109642 2.6782364 2.7224167 2.6659027 2.7757202 2.8100695 2.8052265 3.0229424 2.6879259 2.6879259 2.9278020 2.8538638 2.6596251 2.4196881 2.7455682 2.9062054 3.0940439 3.1338802 3.5381287 2.4406314 2.6714591 2.7340533 2.2806101 3.5912382 3.0466472 2.8226892 2.5602829 2.8526133 2.6912187 2.6744583 4.1266938 2.7366130 1.7233318 1.5760621 1.5760621 1.5760621 3.1556657 1.7542329 4.4872203 3.4491436 3.6307934 
Beraby_Baby_sb336841                                              3.3011361 3.4355424 3.5339828 3.2574564 3.2580965 3.3697664 3.4811433 1.0875880 0.8022657 0.8954657 0.8669407 0.7238489 1.1266896 1.0052641 0.9189101 0.5975264 0.7128954 0.0000000 0.8354590 1.0313568 0.9504842 1.0295224 1.0379898 1.0882539 1.9390972 1.8401973 1.7553079 2.4406641 1.7469416 1.8689753 2.0882421 1.8660424 1.3906990 1.3164566 1.8841681 1.9016878 1.9109003 1.9777231 2.0299729 1.7998143 1.7530533 1.8778645 1.8343820 2.4868708 2.5197672 2.4768919 2.3959383 2.3731435 2.3918726 2.4196521 2.4729213 1.8503212 2.1484652 2.2622851 2.3536820 2.5251066 2.1149040 2.0446754 2.1582990 2.1703644 2.1768815 2.2061341 2.2061341 2.3603883 2.2279918 2.1798790 2.0068249 2.1174873 2.0875689 2.6424212 2.3487751 2.7030656 2.1726027 1.7572525 2.3453028 2.3061612 2.7544890 2.4625468 2.3096728 2.2280544 2.2116940 2.3961632 2.2516516 2.8905106 2.1024857 1.8841236 1.6085401 1.5984634 1.6085401 2.6492255 1.6925794 3.6526881 4.0381252 3.7389185 
Mlei_ML0730.g9.i1                                                 3.6415657 3.6515592 3.7473033 3.3914878 3.3652416 3.4480618 3.7676024 0.9200645 0.7996606 0.7947695 0.7681781 0.7264281 1.0966161 0.9426566 0.9125079 0.7270731 0.6279414 0.8354590 0.0000000 0.9093008 0.8139117 0.8509459 0.8536576 1.1875363 1.7531898 1.7580885 1.7068004 2.5256045 1.7740046 2.0061811 2.0928225 1.9113793 1.4018528 1.5148500 1.6944156 1.8980030 1.9149926 1.9773842 2.0183366 1.9002587 1.9324343 2.0298265 2.0064851 2.2788499 2.4700323 2.3022323 2.3156570 2.3046086 2.3182541 2.2600997 2.3038810 1.8784569 2.0863071 2.2033211 2.3271426 2.4661112 2.4610793 2.4229860 2.5568261 2.5412103 2.4730709 2.4514980 2.4514980 2.8413030 2.6062816 2.5957496 2.2153859 2.2527593 2.4511024 2.6651198 2.8317845 2.8035266 2.2910220 1.9143963 2.5788605 2.2914801 2.6963441 2.4625459 2.4634971 2.3501747 2.2875082 2.5340582 2.4602838 3.2061290 2.1136930 1.9073028 1.7007847 1.6822424 1.7007847 2.8059071 1.9054138 4.3597537 4.2430288 3.4627598 
Mlei_ML2252.g16.i1                                                3.4580023 3.5354355 3.4764289 3.3199175 3.1453802 3.3122243 3.5535169 1.2257820 1.1419864 1.1483047 1.1734537 1.1329754 1.3366088 1.1990781 1.2776515 0.8616210 0.8818450 1.0313568 0.9093008 0.0000000 0.2480616 0.2468848 0.2688988 1.4681485 1.9758233 1.8633748 1.8633748 2.9509121 1.9390567 2.0279789 2.4506501 2.1391919 1.6021446 1.5705221 2.0333944 2.1242818 2.1890972 2.2122899 2.2229833 1.9129303 2.0185563 2.2547947 2.2547947 2.5964699 2.6150251 2.4338051 2.5413532 2.4763396 2.5272972 2.5285934 2.4123999 1.8543745 2.2407425 2.6225300 2.6150678 3.0708710 2.6327893 2.6305625 2.6209493 2.6426468 2.8061532 2.6062374 2.6062374 2.9082922 2.8392328 2.6694230 2.5630700 2.5106170 2.8280469 3.2640249 3.1969362 3.4111821 2.8570513 1.8766326 2.8730919 2.4389663 3.2276208 2.8190766 3.0611902 2.8078773 2.9373176 3.0897691 2.5418577 3.1330504 2.4244420 1.9334752 1.5425185 1.5327165 1.5425185 3.4451807 1.9202013 4.0663407 4.4334949 4.0800937 
Vmul_sbMO417583                                                   3.4973595 3.1441149 2.8280528 2.4243972 3.1036557 3.4474047 3.7637138 0.0000010 1.1103739 1.3421867 1.1936191 0.9878574 1.6535139 1.4905191 1.4832575 0.7555750 0.8192188 0.9504842 0.8139117 0.2480616 0.0000000 0.0000010 0.0000010 1.9580240 1.8826279 2.0550579 1.6094486 0.0000010 1.9771141 2.1704473 2.6951507 1.8590478 1.8590478 1.8590478 1.9138536 2.1670839 2.2288936 2.3129724 2.1488699 2.3659619 2.2236551 2.6683066 2.2681629 2.7639436 2.4501644 2.4572546 2.5635495 2.4677273 2.5394393 2.7300452 2.6623664 2.5524106 2.6844374 2.3976323 2.6271703 2.8507346 2.5764632 2.4816332 2.5120877 2.5120877 2.6287684 2.3958700 2.3958700 3.0435959 2.4640399 2.4928357 2.5561166 2.3339834 2.4303675 2.6400772 2.6629641 2.6831251 2.8384929 2.4203267 2.5514142 2.5238417 2.5164229 2.5797104 2.1700496 2.3109795 2.5094030 2.7051924 2.6056157 2.6187552 2.2681921 2.3852843 2.0107764 1.8147101 2.0107764 2.9651921 2.3668170 3.5255464 4.3725323 2.4481591 
Vmul_sbMO417584                                                   4.3173283 4.2026194 4.3511037 3.5621021 3.5958516 3.8211346 3.7950316 1.1982584 1.0486379 1.1624733 1.0860017 0.0000010 1.2126047 1.1046088 1.1191124 0.8900153 0.8841323 1.0295224 0.8509459 0.2468848 0.0000010 0.0000000 0.0000010 1.3933753 1.8937532 1.8937532 1.8937532 2.8834760 2.0629091 2.2744666 2.1901692 2.1901692 1.5177685 1.3741203 2.2329179 2.1652875 2.4701997 2.3967652 2.4313973 2.0485440 1.9897554 2.2181774 2.2181774 2.8308862 2.9173003 2.6637649 2.8490521 2.7387558 2.7594086 2.7077112 2.6515766 1.8888224 2.3688058 2.8785409 2.9937811 3.0068695 3.2541166 3.3984820 3.2591030 3.3553826 3.5081743 3.2885611 3.2885611 3.0760857 3.5017323 3.2590875 2.8987115 2.8987785 3.1510351 3.7921177 3.5396849 4.2561342 2.9293300 4.1077682 3.4735618 2.8382296 4.2989978 3.3597876 3.3672298 3.2441407 3.5398457 3.8599483 2.9100514 3.6459703 2.6184598 2.1353171 1.7349642 1.7360795 1.7349642 3.9200971 2.2103424 5.2126974 5.1395535 4.8626560 
Mlei_ML0280.g6.i1                                                 4.0873688 3.8923928 3.8279001 3.2225148 3.5303490 3.7628641 3.7793191 1.1982584 1.0359481 1.1992881 1.0857375 0.9878574 1.2656535 1.1839156 1.2162690 0.8693574 0.9300921 1.0379898 0.8536576 0.2688988 0.0000010 0.0000010 0.0000000 1.3933753 1.9106362 1.9695915 1.8079669 2.8834760 2.0935402 2.3188370 2.3133880 2.0944392 1.6777311 1.6640065 2.1372145 2.1860060 2.4254572 2.4730682 2.4174484 2.1906935 2.1495996 2.3936793 2.2512730 2.7384232 2.7547551 2.5779067 2.7279005 2.6365659 2.6842073 2.6797956 2.6295539 1.9969193 2.4629415 2.6937944 2.8122532 2.9319384 2.9503920 2.9774018 2.9447672 3.0005257 3.0652678 2.8342066 2.8342066 2.9694064 3.0274531 2.9425467 2.7457498 2.6150094 2.8011590 3.2084097 3.1155065 3.4641694 2.8020984 2.4696246 3.0417274 2.6299158 3.3448965 2.8696492 2.7657460 2.8047383 3.0452806 3.3059533 2.7387589 3.1052477 2.3972734 2.2824803 1.8424125 1.7695476 1.8424125 3.3323196 2.2311655 4.5367865 4.5122910 4.3660156 
Mertsp_Mesp_sb536656                                              3.3599049 3.2211343 3.3117751 3.2361145 3.2336142 3.2921544 3.3359397 0.8719834 1.1073869 1.2113495 1.1363573 0.0000010 1.2290104 1.1713362 0.9784982 0.9905921 0.8474943 1.0882539 1.1875363 1.4681485 1.9580240 1.3933753 1.3933753 0.0000000 1.4182847 1.4182847 1.4182847 1.9323812 1.3692747 1.6637719 1.6663903 1.6663903 0.9593698 1.3031535 1.6185191 1.6095198 1.7285445 1.6474163 1.6744368 1.6563495 1.4636135 1.6997934 1.6997934 2.4212339 2.6578185 2.5512623 2.4609506 2.2939240 2.4741179 2.4790896 2.5062455 1.7372997 2.0634087 2.8049007 2.4223250 2.2336601 2.2946496 2.3703001 2.5029786 2.4991673 2.7725425 2.5569165 2.5569165 2.3169730 2.6827517 2.5917459 2.2644658 2.2282000 2.1578106 2.3780945 2.6873639 2.8546678 2.4572508 4.6208734 2.5473018 2.2073115 3.0905793 2.5712133 2.7516522 2.5960644 2.6250321 2.6982931 2.5465472 3.3711220 2.4468153 1.5337497 1.0733245 1.0753402 1.0733245 3.2701980 1.6527762 4.5482976 3.6790364 3.5236803 
Bolinf_Binf_sb1276141                                             3.2906559 3.5013141 3.4229983 3.4208108 3.0351601 3.2017466 2.8660541 1.9900005 1.8061636 1.8831525 1.9096443 0.0000010 1.7645748 1.8084264 1.6773062 1.6479030 1.8458424 1.9390972 1.7531898 1.9758233 1.8826279 1.8937532 1.9106362 1.4182847 0.0000000 0.0000010 0.0000010 0.4836452 0.3047401 0.5375491 0.4038926 0.4114302 0.2740231 0.4452120 0.3907509 0.3911641 0.4062581 0.4052329 0.4095604 0.4154280 0.5865588 0.5922962 0.5922962 1.2778740 1.2837049 1.1661903 1.3207053 1.2494326 1.2685610 1.1902412 1.3052011 1.0336643 1.2421108 1.5243529 1.1843287 1.1019768 1.2116102 1.1990125 1.2965155 1.2858915 1.2989719 1.3194730 1.3194730 1.2521414 1.5212332 1.4328723 1.3579100 1.3168005 1.2681690 1.4613872 1.6893526 1.4936987 1.4420005 0.6840908 1.4309975 1.3256154 1.6176358 1.2109500 1.4240681 1.2838690 1.3701778 1.6100225 1.4201513 2.0285176 1.3476447 0.9167217 1.3666188 1.3525004 1.3666188 1.4796059 1.7248513 3.6865710 3.0990695 3.0573926 
Mertsp_Mesp_sb564022                                              3.1700393 3.2350021 3.1384406 3.1691176 3.0209309 3.2258215 2.9254295 1.9900005 1.8580123 1.9535473 1.9468407 2.5195818 1.7645748 1.8671483 1.8020922 1.6468420 1.8399709 1.8401973 1.7580885 1.8633748 2.0550579 1.8937532 1.9695915 1.4182847 0.0000010 0.0000000 0.0000010 0.4836452 0.2829819 0.5731164 0.4038926 0.4087835 0.3110388 0.4259845 0.3769406 0.3335598 0.4502832 0.3793747 0.4520433 0.4056608 0.6003645 0.5906863 0.6040262 1.1010695 1.1298570 1.0392160 1.1475233 1.0978877 1.1289944 1.0579377 1.1628436 1.0980193 1.0685769 1.3789951 1.0457622 1.0427380 1.1136493 1.1013264 1.1498435 1.1423495 1.1567498 1.1904454 1.1904454 1.1691471 1.3144334 1.2799986 1.2110598 1.1304161 1.1022635 1.2687926 1.4032134 1.2885496 1.2283793 0.7912469 1.2673978 1.1921707 1.4323620 1.1089236 1.4646915 1.1964767 1.2510977 1.4208534 1.3530422 1.9220027 1.3026324 0.9992744 1.3873603 1.3416718 1.3873603 1.2836997 1.7116278 3.4303283 3.1385264 3.0882232 
Mertsp_Mesp_sb564023                                              2.9657195 3.2095520 3.1110648 3.1691176 2.9837704 3.1753017 2.9681853 1.9900005 1.7698123 1.8201724 1.8447005 1.8563273 1.7645748 1.8671483 1.6925788 1.5805189 1.8415601 1.7553079 1.7068004 1.8633748 1.6094486 1.8937532 1.8079669 1.4182847 0.0000010 0.0000010 0.0000000 0.4836452 0.3098892 0.4985464 0.4038926 0.4209426 0.3232654 0.4533981 0.3861200 0.3698016 0.4204372 0.4182692 0.4267834 0.4433503 0.5580967 0.5708649 0.5808619 1.1734406 1.2098795 1.1136632 1.2379546 1.1811124 1.2075856 1.1346354 1.2377573 1.0499341 1.1631520 1.4067545 1.1121341 1.1152735 1.1937148 1.1797388 1.2247235 1.2162203 1.2421294 1.2811372 1.2811372 1.2654204 1.4150348 1.3663322 1.3375597 1.2120964 1.1896178 1.3756183 1.5120388 1.4061507 1.3264897 0.8790493 1.3625312 1.2737022 1.5403632 1.1868783 1.3829928 1.2607406 1.3305675 1.5273646 1.3487018 1.9140829 1.2227759 0.8881004 1.2951053 1.2838470 1.2951053 1.3844405 1.6972913 3.5347055 3.1281122 2.9943209 
Pbac_sb2668257                                                    5.5466601 5.3351723 5.5281156 5.9110327 4.6156781 4.2494185 4.6928408 2.8609754 2.1380248 2.1867876 2.5019269 0.0000010 2.2546820 2.2303365 1.9449345 2.1099902 2.4341313 2.4406641 2.5256045 2.9509121 0.0000010 2.8834760 2.8834760 1.9323812 0.4836452 0.4836452 0.4836452 0.0000000 0.0835545 0.7496497 0.7500622 0.7500622 1.7646836 0.0000010 0.7695423 0.7015803 0.5778049 0.6283607 0.6438958 0.5831683 0.6069888 0.9926621 0.9926621 1.8636071 2.2628314 1.9966081 1.9905967 2.0483602 2.1243247 2.0500693 2.1532121 9.0000000 2.4409060 3.2818073 1.9926893 1.4780846 2.0399178 2.0705053 2.2153736 2.1820705 2.4914091 2.2595690 2.2595690 1.6772914 2.4319763 2.1594077 2.0554734 1.8759527 1.9406353 2.5632317 2.5733638 2.2569186 2.1233558 0.0000010 2.4501543 2.0707032 2.7050507 1.7865192 2.3993837 2.1908198 2.3004567 2.6952698 2.0698039 3.5248287 2.4958000 1.1191760 1.8074198 1.8084215 1.8074198 2.7226840 2.4099664 4.5099048 4.4582612 5.1386951 
Horcal_Hcv1.av93.c4.g758.i1                                       3.2130362 3.2189438 3.1226042 3.1833194 2.7795644 2.8648729 2.8181101 1.7316332 1.7541601 1.8098794 1.9077011 2.4456508 1.7553662 1.7257451 1.7421674 1.7534169 1.8830297 1.7469416 1.7740046 1.9390567 1.9771141 2.0629091 2.0935402 1.3692747 0.3047401 0.2829819 0.3098892 0.0835545 0.0000000 0.2765918 0.4698601 0.4462782 0.3471768 0.4404225 0.4069962 0.3725539 0.3908531 0.3638214 0.4384735 0.4001754 0.5166826 0.6254771 0.6415749 1.1006252 1.1896607 1.1085706 1.1124943 1.0989421 1.1554689 1.0954557 1.1786841 1.0727261 1.0657621 1.3748762 1.1192167 0.9905520 1.1724135 1.1525102 1.1993008 1.1914379 1.2609892 1.2185534 1.2185534 1.0744752 1.2790480 1.2603519 1.1719922 1.0951849 1.0749154 1.3494045 1.4669348 1.3472977 1.2195449 0.8305416 1.3127337 1.2361845 1.4625891 1.1521723 1.5407406 1.2738160 1.3119717 1.4135572 1.2728733 1.9251266 1.4294631 0.9482360 1.3897435 1.3541284 1.3897435 1.3687836 1.7254529 3.2974055 3.1931573 3.1296818 
Pbac_sb2643661                                                    3.8058891 3.6208663 3.4879261 3.3987811 3.4185887 3.4494919 3.1651582 2.5855595 1.9730610 2.0838539 2.1487286 2.4816453 2.0314196 1.9949397 2.1355174 2.0354097 2.4017412 1.8689753 2.0061811 2.0279789 2.1704473 2.2744666 2.3188370 1.6637719 0.5375491 0.5731164 0.4985464 0.7496497 0.2765918 0.0000000 0.7424983 0.6483724 0.3604123 0.4506049 0.5754981 0.6743228 0.6614778 0.6940522 0.6819186 0.7217181 0.7754775 0.9319175 0.8975205 1.6076303 1.7595505 1.5807703 1.5986788 1.6009294 1.5978599 1.5268090 1.5989827 1.0096286 1.3301809 1.5992059 1.6049569 1.4299814 1.5952498 1.5756339 1.6113209 1.5984482 1.7031758 1.6329572 1.6329572 1.4818347 1.6024002 1.5624057 1.5840254 1.3868694 1.3733722 1.9270936 1.9766044 1.8875829 1.6871998 1.2223399 1.7311428 1.7031333 1.8647218 1.6648162 1.8574509 1.6942452 1.7879577 1.8516563 1.6096828 2.2500696 1.5644363 1.1199657 1.7039333 1.6190999 1.7039333 1.9354789 2.0209807 3.7893099 3.4864427 3.1489012 
Mertsp_Mesp_sb557984                                              3.3599517 3.4141492 3.5464617 3.5419979 2.9324646 2.8651926 2.9490660 2.1631295 2.2123548 2.2656302 2.2594201 0.0000010 1.9174085 2.0067401 1.8128617 1.9552824 1.9555131 2.0882421 2.0928225 2.4506501 2.6951507 2.1901692 2.3133880 1.6663903 0.4038926 0.4038926 0.4038926 0.7500622 0.4698601 0.7424983 0.0000000 0.0000010 0.0185111 0.0981432 0.1730975 0.4211939 0.5851711 0.5740783 0.5918361 0.5520550 0.6447633 0.6264059 0.6264059 1.3977733 1.4562825 1.3739652 1.3860706 1.3354947 1.4300736 1.3978743 1.4975002 1.1625787 1.3539578 1.7540453 1.4894985 1.3915476 1.2917270 1.2811011 1.4123966 1.4006483 1.4062690 1.3583579 1.3583579 1.3991356 1.5239115 1.6568260 1.4728879 1.4739643 1.4781025 1.5081122 1.6913235 1.6640646 1.5524108 0.8219223 1.5177462 1.3945553 1.7203464 1.3570529 1.6227298 1.2946670 1.3587318 1.5177370 1.3780166 2.2435240 1.4902186 0.9372955 1.6315361 1.6320189 1.6315361 1.6676914 2.0030185 4.1837600 3.6637128 3.2651237 
Bolinf_Binf_sb1260814                                             3.0403415 3.2064375 3.2292990 3.2035961 2.8876995 2.9236891 2.9283251 2.1631295 2.1122030 2.1424386 2.1473253 2.2471016 1.8881575 2.0184933 1.8445677 1.8121599 1.9449224 1.8660424 1.9113793 2.1391919 1.8590478 2.1901692 2.0944392 1.6663903 0.4114302 0.4087835 0.4209426 0.7500622 0.4462782 0.6483724 0.0000010 0.0000000 0.0120942 0.0507332 0.1701242 0.3761846 0.5020748 0.5112968 0.5376315 0.5132328 0.6274880 0.5888938 0.6353638 1.1958749 1.2576112 1.1893450 1.2327277 1.1936728 1.2577716 1.2541812 1.3033130 1.1809929 1.1997542 1.4798060 1.3230525 1.2629876 1.2377839 1.2365630 1.2971146 1.2884524 1.3224094 1.2861154 1.2861154 1.2156835 1.3837037 1.5149780 1.3124477 1.2816457 1.2426895 1.3907588 1.5007413 1.4555690 1.3547467 0.8438831 1.3420091 1.3013605 1.5239082 1.2184466 1.4175390 1.1720479 1.2129673 1.3495064 1.2046914 1.9326143 1.3261481 0.9465747 1.5279955 1.5283644 1.5279955 1.5412295 1.8736431 3.8235258 3.7023515 3.1342899 
Bolinf_Binf_sb1260815                                             2.1498269 2.3275066 2.2620651 2.1972390 2.2809893 2.4524834 2.4340392 1.2379593 1.7269113 1.7670795 1.7217739 2.2471016 1.5380191 1.6537286 1.6642250 1.5300298 1.5211393 1.3906990 1.4018528 1.6021446 1.8590478 1.5177685 1.6777311 0.9593698 0.2740231 0.3110388 0.3232654 1.7646836 0.3471768 0.3604123 0.0185111 0.0120942 0.0000000 0.0507332 0.1127449 0.2102015 0.2808942 0.3196965 0.3432045 0.4038328 0.4919064 0.4417634 0.4995786 0.9239172 0.8123607 0.8042791 0.8523987 0.8332383 0.8767130 0.9288824 0.9871202 1.1283119 0.9551902 0.9083445 0.9757509 0.9644585 0.9387819 0.9699553 0.9514545 0.9514545 0.9682597 0.9586894 0.9586894 0.8884684 1.0216085 1.1241390 0.9566810 0.8774923 0.9083608 1.0447469 1.1695861 1.0772526 1.0322097 0.8438831 0.9974201 1.0998079 1.2226900 1.0139592 1.0460530 0.9213962 0.9642266 0.9893594 0.9406000 1.3229092 1.0057598 0.7859608 1.1849087 1.1849087 1.1849087 1.0985102 1.5348651 3.0477573 3.3173962 2.3253034 
Bolinf_Binf_sb1260819                                             2.6961084 2.9988008 2.8844735 2.9002271 2.8451623 3.1178746 3.1450211 8.9319188 2.0476051 2.1101791 2.1051329 2.2471016 1.8650401 2.0924060 1.9606027 1.5712947 1.6113390 1.3164566 1.5148500 1.5705221 1.8590478 1.3741203 1.6640065 1.3031535 0.4452120 0.4259845 0.4533981 0.0000010 0.4404225 0.4506049 0.0981432 0.0507332 0.0507332 0.0000000 0.1699870 0.2850982 0.3557668 0.4149777 0.4526644 0.5116674 0.6625945 0.4724179 0.5515985 0.9393236 0.8772302 0.8780451 0.9103902 0.8968269 0.9384912 0.9883825 0.9476316 1.1488155 0.9708267 0.9611655 1.0079585 1.0088709 1.1004370 1.1093778 1.0880655 1.0880655 1.1152038 1.0853069 1.0853069 0.8885805 1.0236482 1.1596099 0.9193774 0.9224829 0.9374789 1.0902151 1.2011538 1.1063993 1.0261802 0.8168116 1.0053895 1.1363555 1.2723302 0.9954422 1.0273263 0.9839022 1.0338141 1.0152539 0.9570296 1.4833353 1.0047012 0.9244096 1.1791020 1.1791020 1.1791020 1.2427901 1.5702374 2.9597768 3.1314680 2.8347312 
Mlei_ML2798.g25.i1                                                3.0065032 3.0689293 3.0693477 3.1164609 2.8512625 2.9335381 3.1656976 2.1550439 1.9670243 2.0126135 2.0066229 2.0134746 1.9214543 1.9260348 1.8068828 1.7279713 1.9096726 1.8841681 1.6944156 2.0333944 1.9138536 2.2329179 2.1372145 1.6185191 0.3907509 0.3769406 0.3861200 0.7695423 0.4069962 0.5754981 0.1730975 0.1701242 0.1127449 0.1699870 0.0000000 0.3232404 0.4201751 0.4608492 0.4778827 0.4967834 0.5926785 0.5279018 0.5692956 1.1310753 1.2332465 1.1312907 1.1244003 1.1240461 1.1445693 1.1592048 1.1878532 1.1309785 1.1262660 1.3908858 1.2366231 1.1688657 1.1320841 1.1641404 1.2361183 1.2276500 1.2227877 1.1863039 1.1863039 1.1423239 1.4148141 1.4533834 1.2705631 1.1786046 1.2445701 1.4375449 1.4931761 1.3400388 1.2362749 0.8044604 1.2500220 1.2410124 1.4150388 1.1797865 1.5222634 1.2350493 1.3268692 1.3803004 1.2458002 1.7320798 1.2422185 0.9608692 1.4818758 1.4822401 1.4818758 1.4905216 1.8631485 3.5689928 3.4362867 3.0483161 
Beraby_Baby_sb332088                                              3.2049884 3.2289646 3.2100416 3.2810371 2.9020377 3.0279014 3.0134047 2.3924295 2.1026713 2.1246309 2.1665419 2.2621202 2.0859353 2.0556238 2.0597000 1.8157774 1.9596095 1.9016878 1.8980030 2.1242818 2.1670839 2.1652875 2.1860060 1.6095198 0.3911641 0.3335598 0.3698016 0.7015803 0.3725539 0.6743228 0.4211939 0.3761846 0.2102015 0.2850982 0.3232404 0.0000000 0.4756787 0.4266886 0.5191693 0.4117656 0.5645310 0.5115150 0.5190211 1.1782400 1.2077588 1.1036333 1.1424770 1.1121751 1.1589718 1.1283283 1.2127778 1.1897684 1.1042879 1.4237800 1.1748298 1.0870661 1.2675345 1.2771281 1.3309803 1.3204473 1.3284581 1.2925910 1.2925910 1.0656241 1.3226836 1.3526412 1.1990340 1.1297089 1.1321788 1.2873887 1.4049584 1.2567681 1.2040349 0.8535470 1.3055008 1.2846152 1.4879550 1.2031860 1.5637594 1.1967256 1.2151216 1.2382304 1.2500439 2.0329072 1.4738839 1.1400499 1.5887680 1.5542693 1.5887680 1.3956740 1.9521387 3.5127092 3.4550235 3.0322526 
Vmul_sbMO443012                                                   2.9877546 2.9541166 2.9413656 2.8181568 2.6502747 2.7755676 2.6771434 1.9638045 1.8102814 1.9489197 1.9771527 2.0926731 1.9038335 1.8826758 1.9055362 1.7998619 1.9426912 1.9109003 1.9149926 2.1890972 2.2288936 2.4701997 2.4254572 1.7285445 0.4062581 0.4502832 0.4204372 0.5778049 0.3908531 0.6614778 0.5851711 0.5020748 0.2808942 0.3557668 0.4201751 0.4756787 0.0000000 0.1980071 0.1772194 0.4774091 0.5316757 0.6729022 0.6748382 1.1948166 1.3057565 1.1399070 1.1614120 1.1638041 1.1593465 1.1418678 1.2079921 1.0380762 1.1904898 1.4268391 1.1834608 1.0049084 1.1330167 1.1108385 1.1400892 1.1323303 1.2211145 1.1937647 1.1937647 1.0135685 1.3835680 1.3588557 1.1840730 1.2270735 1.1463190 1.3256213 1.4951496 1.3824429 1.2484273 1.0004676 1.3467778 1.3006823 1.4961975 1.1254984 1.4481252 1.2826907 1.2886379 1.4419359 1.2633886 2.0496077 1.3176234 0.9446515 1.4679600 1.4062220 1.4679600 1.3545494 1.8803287 3.4445204 3.1984612 2.8835569 
Coemet_Cmet_scaffold6569_01                                       3.1301392 3.1309120 3.0508388 2.9616268 2.5539434 2.6666657 2.5377768 2.0093434 1.9040186 1.9566750 2.0955217 2.6477872 1.8624011 1.9014516 1.9532799 1.8661351 2.0200902 1.9777231 1.9773842 2.2122899 2.3129724 2.3967652 2.4730682 1.6474163 0.4052329 0.3793747 0.4182692 0.6283607 0.3638214 0.6940522 0.5740783 0.5112968 0.3196965 0.4149777 0.4608492 0.4266886 0.1980071 0.0000000 0.0463536 0.4402285 0.5334364 0.6615614 0.6882863 1.0307748 1.1097865 0.9800526 1.0026256 1.0057375 0.9947352 0.9721085 1.0430347 0.9288337 1.0020483 1.2959873 1.0429613 0.8779539 0.9925707 0.9691342 1.0308863 1.0236442 1.0799983 1.0397126 1.0397126 0.9038311 1.1346827 1.1371622 1.0192782 1.0352583 1.0499574 1.1521964 1.3048906 1.1999346 1.1177241 0.7470574 1.2219240 1.0737800 1.3026391 0.9823567 1.3607828 1.1118384 1.0903190 1.2609848 1.2250988 1.8884242 1.2913475 0.9662018 1.4861304 1.4586422 1.4861304 1.1767407 1.9844712 3.4543456 3.2454662 2.9930775 
Coeast_Cast_sb782857                                              3.0501390 3.1986244 3.1073475 3.0263785 2.6356934 2.7474281 2.6310459 2.0093434 1.8190329 1.8266396 2.0417785 2.1985198 1.8647269 1.8849567 1.8897641 1.8719661 2.0456837 2.0299729 2.0183366 2.2229833 2.1488699 2.4313973 2.4174484 1.6744368 0.4095604 0.4520433 0.4267834 0.6438958 0.4384735 0.6819186 0.5918361 0.5376315 0.3432045 0.4526644 0.4778827 0.5191693 0.1772194 0.0463536 0.0000000 0.5179574 0.5258712 0.6922875 0.6936081 1.1467783 1.2463255 1.1065168 1.1072491 1.1223469 1.1225449 1.1013674 1.1489574 0.9761808 1.1610139 1.3388790 1.1948854 0.9842752 1.1535694 1.1167965 1.1800776 1.1720295 1.2187632 1.1962248 1.1962248 0.9965463 1.2747051 1.2599328 1.1618897 1.1270330 1.1849257 1.3044793 1.4368080 1.3282991 1.2631829 0.9776108 1.3638412 1.2153304 1.4307573 1.1093238 1.3415679 1.2357095 1.2140711 1.4117262 1.2622343 1.8970325 1.2397878 0.9728652 1.4837550 1.4683639 1.4837550 1.3279887 1.9756494 3.6808191 3.1964997 3.0240495 
