78
Tetwil_g14211.t1                                               0.0000000 0.7473962 0.8267670 0.8961148 1.3187622 1.3711242 1.5667179 1.1730550 1.5093036 1.4599497 1.3287077 1.3523802 1.5733247 1.2399500 1.6474528 1.6474528 1.5476045 0.5991840 1.4261487 1.7456263 1.2823357 1.3726116 1.4974865 1.4566553 1.7269925 1.5142693 1.5486777 1.4697753 1.4336513 1.7399187 1.1380802 1.5816209 1.5785682 1.5523588 1.2308601 1.4259042 1.3283884 1.6197986 1.4400167 1.4120985 1.2803574 1.4774559 1.1241531 1.2817142 1.2231885 1.4546389 1.4567987 3.3798210 1.3752842 1.4746443 1.5903582 1.4069929 0.0000010 1.6961367 1.4761182 1.6628669 1.6656521 1.4799152 1.6588759 1.5640899 1.6018973 1.5509572 1.9331230 3.0459601 0.0000010 1.5131732 0.6767974 0.0000010 0.6471815 0.4424142 0.0000010 0.0000010 4.8592952 0.0000010 1.0921431 3.8289185 3.3089267 3.3089267 
Spolac_c101310_g2_i1_m.25232c101310-g2                         0.7473962 0.0000000 0.8041428 1.0283478 1.2327025 1.3950365 1.4663524 1.0538232 1.3993056 1.6480881 1.5147135 1.3661702 1.6773066 1.1348392 1.5794049 1.5794049 1.3825652 0.7576243 1.4418177 1.6382128 1.3239341 1.4160286 1.5713487 1.5651014 1.5887320 1.1258628 1.4948662 1.9930234 1.3454923 1.5752535 1.1317021 1.6735273 1.8183319 1.8529630 1.3019169 1.4447339 1.2841530 1.6340254 1.5521848 1.8809287 1.7174146 1.6813592 1.2444746 1.2700878 1.5489833 1.5097374 1.5114781 4.2959232 1.6370700 1.3269044 1.5983431 1.5153794 3.4691181 1.4777760 1.5183336 1.6054976 1.6576548 1.8261150 1.6481190 1.5821770 1.8072990 1.5873925 1.7721803 1.4720523 8.9999985 1.5281704 0.9319038 4.4263454 1.1625819 1.0627450 8.9999982 0.4910489 2.3084879 1.2339129 1.5192796 4.3857917 1.3963447 1.3586719 
Halamb_c43616_g1_i2m.16398                                     0.8267670 0.8041428 0.0000000 0.4901048 1.4968146 1.9535262 2.1279860 1.0803238 1.7875846 1.9416438 1.9296036 1.6220279 1.9405550 1.2361478 1.7486864 1.7486864 1.7594564 0.8576467 1.9018001 1.8958298 1.7727499 1.7322572 1.7680249 1.9404552 1.8047633 1.3787664 1.7838307 2.2239295 1.8792248 2.0279608 1.7748622 1.8391246 1.9329210 1.9305954 1.3240695 1.5231724 1.3451414 1.8110108 1.7055366 1.9818230 1.7267333 1.8513044 1.6808805 1.9005017 1.9701952 1.5715201 1.5751201 5.3812825 1.9120983 1.8154762 1.9405519 1.6845610 9.0000000 1.8316466 1.7680334 1.8109074 1.8261062 2.0794099 1.8059241 1.8022871 1.8829798 1.8910784 2.0329116 4.0471717 8.9999980 2.0411750 0.8022405 2.6201318 2.0910568 2.2214514 9.0000000 1.5628561 2.1312766 2.4600246 2.0435944 5.2367205 2.4554814 2.4486900 
Aque_Aqu2.1.27840_001                                          0.8961148 1.0283478 0.4901048 0.0000000 1.4605970 2.1614472 2.4644620 1.1539108 1.8767601 2.0245077 2.0749840 1.8942251 2.0632210 1.1803505 1.9981497 1.9981497 1.9065273 1.1235391 2.0804766 1.9186196 1.9609835 1.8972211 2.0395581 2.1350462 1.8878184 1.3401714 2.1669221 2.5886214 1.9690319 2.1865773 1.4428643 2.2134228 2.2468090 2.3726027 1.2556331 1.4657653 1.3281469 1.6882718 1.7816241 2.0625659 1.8276533 2.1625056 1.7254281 1.9314993 2.3494333 1.5408368 1.5424815 2.3125880 2.1635074 2.0346187 1.9757824 1.9164975 2.5384766 2.0741340 2.1209094 2.2908238 2.3391157 2.3161174 2.1329494 2.1105838 1.9810070 2.1337789 2.3841680 3.0794130 3.2742151 2.4609101 0.9745933 1.6133896 2.7478829 2.3599509 3.9322780 2.1447564 2.0508671 2.9090431 2.2840974 3.7848898 3.2731585 3.3353916 
Gracom_Gcom_C519688_01                                         1.3187622 1.2327025 1.4968146 1.4605970 0.0000000 0.3219429 0.2935007 0.7088916 0.7061982 0.7377556 0.7731967 1.2822565 1.7301784 1.0970491 1.6800216 1.6800216 1.2545527 1.3259453 1.4079727 1.6010388 1.3981542 1.4970388 1.4105330 1.4687640 1.5190067 1.5645269 1.6497760 1.8894932 1.5113836 1.6614107 1.0387363 1.3649483 1.5400196 1.5787941 1.4262989 1.4052234 1.4569966 1.4735412 1.5424093 1.5424093 1.5654344 1.5097376 1.3878275 1.5071162 1.5728515 1.5911852 1.5939765 2.1942592 1.4215442 1.3668138 1.6511551 1.4166166 0.0000010 1.3870207 1.5183999 1.6474403 1.6451168 1.5246282 1.6205695 1.6205695 1.4734236 1.4887644 1.8685493 1.5007909 0.0000010 1.2879152 1.3131894 0.0000010 0.0000010 0.1005078 0.0000010 0.0000010 5.4412106 0.0000010 1.4096778 5.1863546 3.8723299 3.8723299 
Lcom_lcpid35039                                                1.3711242 1.3950365 1.9535262 2.1614472 0.3219429 0.0000000 0.8582552 0.6359634 1.3488846 1.4750936 1.4734795 2.3064045 2.6003724 1.3372506 2.4431092 2.4974539 2.4914414 2.1464385 2.4905937 2.2732002 2.5643243 2.4729037 2.6544934 2.7910215 2.4986844 1.5502403 2.6779565 3.0041696 2.5526391 2.8050701 1.7470297 2.6776656 2.6265349 2.8301055 1.3451441 1.2470677 1.2830251 1.7331132 2.1362016 1.9803893 2.0108027 2.7914362 1.9853973 2.2035497 2.6705904 1.6733367 1.6753246 2.5123040 2.4751968 2.5329982 2.4717776 2.6296936 3.5669773 2.6085905 2.8586520 2.8951656 2.9378467 2.9901997 2.7697002 2.7708364 2.5466431 2.6224302 2.7083842 3.9401702 2.6676108 2.5538009 2.5755925 4.0839095 1.3226840 0.9464822 1.7681376 3.4633875 3.1276977 4.2738350 2.7772669 4.6421225 4.6827662 4.6260738 
Scil_scict021889.1                                             1.5667179 1.4663524 2.1279860 2.4644620 0.2935007 0.8582552 0.0000000 0.6752926 1.5943276 1.6962109 1.6677343 2.4384712 2.7424448 1.3975175 2.6371224 2.6558016 2.5624999 2.2204265 2.6070965 2.2950689 2.7432610 2.6825099 2.7820164 2.8937500 2.6281127 1.4713905 2.8888578 3.2798877 2.6086872 2.9481469 1.8445660 2.9276343 2.6925511 2.9120495 1.4268131 1.3683382 1.4071432 1.7111094 2.0627578 1.9420415 1.9714685 2.9004533 1.9307655 2.1103212 2.9249404 1.6905339 1.6925216 2.9345601 2.5921756 2.6079950 2.6666144 2.8232046 4.6525515 2.8438385 3.1134368 3.2047450 3.2294148 3.2973272 2.9839114 2.9936106 2.6467626 2.7274966 2.8068273 4.2957619 3.6370172 2.7402400 2.8631935 3.8592595 1.3848138 1.1852868 1.3198202 3.1154850 3.0183000 4.6634141 2.8689538 4.5462449 5.2089687 5.2268966 
Clacor_Ccor_scaffold8816_01                                    1.1730550 1.0538232 1.0803238 1.1539108 0.7088916 0.6359634 0.6752926 0.0000000 0.7184390 0.8047691 0.9073804 1.1268195 1.3637076 1.1397695 1.3316243 1.3316243 1.0876835 1.0582998 1.3389440 1.2986247 1.1051993 1.1448332 1.0824129 1.1039720 1.2515626 1.3257282 1.1738868 1.5855260 1.1701081 1.2195399 1.5083689 1.3839522 1.4625990 1.4797659 1.2763987 1.2585331 1.2585331 1.2497816 1.4555703 1.5928076 1.5928076 1.3840445 1.3430577 1.3646481 1.3634953 1.3361360 1.3361360 3.3690066 1.3295707 1.3411272 1.4322362 1.3890642 0.0000010 1.1938910 1.3147645 1.3820500 1.3820500 1.3814988 1.2954293 1.2954293 1.2730149 1.1883580 1.2720506 2.4749602 9.0000000 1.3810790 1.1424630 0.0000010 0.7347493 0.4514998 8.9999989 8.0278001 3.9450574 8.9999988 1.1980707 8.9999988 2.5624356 2.5624356 
Scil_scict012737.1                                             1.5093036 1.3993056 1.7875846 1.8767601 0.7061982 1.3488846 1.5943276 0.7184390 0.0000000 0.7124145 0.7863260 2.0535258 2.4707292 1.4915690 2.3038164 2.3038164 2.2560790 2.0198387 2.3308411 2.1215308 2.1121709 2.1106284 2.0847458 2.1891605 2.1780553 1.4086815 1.9905595 2.8517382 2.2439420 2.5400450 1.9891395 2.4105242 2.6234599 2.5976179 1.8045292 1.7277339 1.7770370 2.0590201 2.2556432 2.1732355 2.2077444 2.5409574 1.9489846 2.0538956 2.5478380 1.8902960 1.8925153 3.5239688 2.4126281 2.1150186 2.0723712 2.5593127 2.3363826 2.2980709 2.4288098 2.4938169 2.5131108 2.7185164 2.4122995 2.3996445 2.4198421 2.3136565 2.1650501 3.7304409 7.6853895 2.7515815 2.2516192 4.3108651 1.7000054 1.7273980 7.2573941 2.8265093 2.9305034 3.6565367 2.5744277 5.0716182 3.8941423 4.0243115 
Gracom_Gcom_C560134_01                                         1.4599497 1.6480881 1.9416438 2.0245077 0.7377556 1.4750936 1.6962109 0.8047691 0.7124145 0.0000000 0.9226391 2.0216489 2.3480445 1.5218371 2.2070762 2.2235232 2.4775451 2.1267546 2.2873171 2.3130695 2.4182494 2.4163275 2.4225287 2.4964720 2.3693215 1.5085362 2.5699334 2.9899563 2.3639530 2.6732913 1.7007300 2.6993196 2.7619405 2.8373348 1.7548827 1.6633075 1.7102851 1.8441646 2.1465533 2.1393084 2.1725087 2.6866476 2.0426858 2.1335513 2.7008837 1.8597903 1.8619416 2.8202880 2.2735676 2.1881644 2.2423732 2.4437078 4.0285100 2.5001654 2.6402021 2.6838369 2.7046460 2.8394662 2.5716620 2.5493658 2.3939976 2.5364493 2.4211691 3.1444883 2.5444903 2.6570410 2.2856587 3.5913254 2.0863864 1.7046815 2.5390775 2.7963045 2.9105136 3.7586433 2.4248233 4.2967582 4.9817698 4.7613218 
Lcom_lcpid57845                                                1.3287077 1.5147135 1.9296036 2.0749840 0.7731967 1.4734795 1.6677343 0.9073804 0.7863260 0.9226391 0.0000000 2.1178469 2.3417010 1.5261774 2.3115036 2.3432063 2.2035718 2.1428700 2.3248321 2.4266310 2.3120275 2.2274153 2.3933001 2.4585228 2.2233649 1.5021536 2.4068958 2.8631036 2.3777053 2.7293496 1.6903878 2.5147373 2.8003579 2.8741843 1.7816162 1.6836617 1.7310856 2.0385599 2.0127200 2.0707507 2.1025610 2.5729379 1.8718396 1.9069536 2.6751240 1.8712983 1.8734523 2.5267433 2.3778422 2.1268741 2.3241874 2.3936029 4.0864046 2.4872426 2.9045771 3.0715726 3.1010917 3.2897635 2.8314661 2.8281907 2.3626197 2.6939057 2.6410507 3.3029593 2.9309331 2.5051963 2.6294915 3.8393765 2.0950039 1.7468998 2.8090485 2.8978698 2.9888251 3.7962809 2.5333436 4.5663225 4.6481560 4.5153508 
Bralan_BLAG17000744_2                                          1.3523802 1.3661702 1.6220279 1.8942251 1.2822565 2.3064045 2.4384712 1.1268195 2.0535258 2.0216489 2.1178469 0.0000000 1.6024153 0.9388338 1.4571752 1.4780162 1.4515546 1.8031298 1.6567319 2.0052958 2.0071900 2.0971357 2.0812649 2.1398581 2.1183080 1.1548182 2.1455787 2.7679389 2.0975866 2.4230947 1.3361327 2.6987499 2.5390848 2.6829800 1.5256540 1.9395565 1.7495208 2.0697147 2.2268333 2.4492979 2.3632110 2.6300144 1.7508075 1.8371352 2.6067416 1.9707162 1.9632374 2.3003906 1.8916424 1.6121220 2.2790431 2.2567505 1.9920192 1.8214052 2.5585672 2.6707542 2.7160991 2.6589205 2.5212308 2.5130426 2.5130716 2.4864007 2.3523139 2.5040651 2.9912005 2.0183837 2.1929913 3.1465139 3.1381428 2.5655570 3.1794167 2.7366566 2.5561903 2.8394140 2.6026733 4.0083612 3.9299524 3.7830394 
Cgig_XM_034443707.1                                            1.5733247 1.6773066 1.9405550 2.0632210 1.7301784 2.6003724 2.7424448 1.3637076 2.4707292 2.3480445 2.3417010 1.6024153 0.0000000 0.9045811 1.3737532 1.3946617 1.6084221 2.0316491 1.7698142 2.2423255 2.1407510 2.0542867 2.1733235 2.2123579 2.1845652 1.4827894 2.1992561 2.6332295 2.3048289 2.6546500 1.6670507 2.7151711 2.5699190 2.6303156 1.7564949 2.0409795 2.0147370 2.3975252 2.4778192 2.9066906 2.5920727 2.7429116 1.9462663 1.9841896 2.8506219 2.2686480 2.2424109 2.5735840 1.9011886 1.7562777 2.4866426 2.4234010 2.2547490 1.8746946 2.5884018 2.7592995 2.7496322 2.7330029 2.5555165 2.5549962 2.6095798 2.8143930 3.0259839 2.3318059 3.1576243 2.1616652 2.5311253 3.4986741 3.3835283 3.0348527 3.8791354 3.7375647 3.2574947 3.4239622 2.7862491 4.6782465 4.4759992 4.3801644 
Ctel_gnl_WGS_AMQN_CAPTEDRAFT_mRNA160470                        1.2399500 1.1348392 1.2361478 1.1803505 1.0970491 1.3372506 1.3975175 1.1397695 1.4915690 1.5218371 1.5261774 0.9388338 0.9045811 0.0000000 0.8399793 0.8399793 0.9225833 1.2503700 0.9641366 1.1169519 1.1857137 1.2172898 1.1860215 1.1909280 1.2163680 1.1680243 1.1210612 1.7805413 1.2632835 1.3469494 1.8123149 1.4619493 1.4680331 1.4601472 1.2321557 1.1132385 1.1132385 1.4391823 1.4287373 1.3678515 1.3678515 1.4131017 1.5780536 1.7766729 1.5442300 1.2604970 1.2604970 3.2792053 1.1272165 1.0908580 1.5213183 1.5996473 3.8273348 1.0142947 1.2276444 1.2246365 1.2246365 1.5003194 1.3265841 1.3265841 1.4559143 1.5542016 1.3989195 4.3063929 8.9999988 1.1931672 1.2780916 5.7469341 1.5651503 1.3797538 6.2653754 2.3536871 2.5755762 2.3329531 1.4799816 6.4667868 1.8973286 1.8973286 
Acagra_model.g21312.t1.1.5d3b8a3d                              1.6474528 1.5794049 1.7486864 1.9981497 1.6800216 2.4431092 2.6371224 1.3316243 2.3038164 2.2070762 2.3115036 1.4571752 1.3737532 0.8399793 0.0000000 0.0000010 1.4214689 2.0092260 1.6401613 2.3581521 2.3012979 2.1213022 2.3729643 2.4972492 2.4919141 1.2418134 2.4763400 2.8719705 2.4145360 2.6568536 1.5982219 2.6782790 2.5801491 2.6886236 1.6436801 1.9944802 1.8128006 2.3131276 2.2743549 2.4528667 2.3820290 2.5611379 1.8942090 1.9980259 2.7794305 2.0949576 2.0878767 2.5123080 1.9169438 1.8034570 2.4673703 2.5461577 2.3001778 1.7017915 2.6688833 2.7831142 2.8051547 2.8691936 2.6409137 2.6928922 2.6198912 2.7221326 2.9167184 2.1687954 3.2376324 2.1033387 2.2888133 3.9188985 3.3737239 2.9052075 3.5439234 3.7641800 3.1337810 3.3930412 2.6039755 5.1900699 4.3547912 4.2929504 
Acagra_model.g21312.t1                                         1.6474528 1.5794049 1.7486864 1.9981497 1.6800216 2.4974539 2.6558016 1.3316243 2.3038164 2.2235232 2.3432063 1.4780162 1.3946617 0.8399793 0.0000010 0.0000000 1.4214689 2.0092260 1.6401613 2.3581521 2.2941983 2.1288950 2.3720578 2.4955400 2.4919141 1.2418134 2.4739479 2.8729743 2.4174580 2.6453231 1.5982219 2.7296795 2.5917566 2.6994039 1.6436801 1.9944802 1.8128006 2.3131276 2.2743549 2.4528667 2.3820290 2.5858286 1.8942090 1.9980259 2.8320537 2.0949576 2.0878767 2.5123080 1.9169438 1.8268260 2.4928399 2.5857530 2.3001778 1.6981434 2.7052168 2.8256743 2.8480365 2.9031392 2.6832042 2.7355279 2.6198912 2.7444142 2.9167184 2.0779687 3.2376324 2.1033387 2.2992162 3.9188985 3.3737239 2.9052075 3.5439234 3.7641800 3.1337810 3.3930412 2.6268958 5.0882104 4.3547912 4.2929504 
Skow_XM_002733521.2                                            1.5476045 1.3825652 1.7594564 1.9065273 1.2545527 2.4914414 2.5624999 1.0876835 2.2560790 2.4775451 2.2035718 1.4515546 1.6084221 0.9225833 1.4214689 1.4214689 0.0000000 1.8453781 1.6993958 2.0910640 2.0830562 1.9965596 2.1714212 2.2167078 2.0974279 1.1237811 2.1548956 2.9011868 2.1958389 2.3466972 1.6129364 2.6720498 2.4693454 2.5773837 1.7232527 2.0694535 1.9544914 2.3858260 2.3259337 2.7071626 2.6306283 2.4745348 1.9085851 1.9290688 2.5741584 2.1165868 2.1224380 2.2269561 2.0047024 1.6411929 2.4365321 2.3402551 2.1492338 1.5579869 2.5705877 2.7300722 2.7552179 2.8189204 2.4743226 2.5256432 2.5251724 2.7586404 2.7137690 2.1773800 3.1127412 2.1506130 2.3820177 3.3355991 3.5117043 2.9863628 2.9306589 3.5074122 3.0515043 3.5957482 2.6125636 4.2203703 4.6512097 4.5897972 
Plespi_Pspi_C609462_01                                         0.5991840 0.7576243 0.8576467 1.1235391 1.3259453 2.1464385 2.2204265 1.0582998 2.0198387 2.1267546 2.1428700 1.8031298 2.0316491 1.2503700 2.0092260 2.0092260 1.8453781 0.0000000 1.9337831 1.5727055 1.6284951 1.6569670 1.6357769 1.8144413 1.7147719 1.2869633 1.7265170 2.2770595 1.9660791 1.8751183 1.7839052 2.0011878 2.0363661 2.1127951 1.1900178 1.1299909 1.1354468 1.3243777 1.6975272 1.3274984 1.3449017 2.1169504 1.7917506 2.0465621 2.0318824 1.4321599 1.4296773 4.3428307 2.0863122 1.7908963 1.8232585 1.7451607 3.0753554 1.8428402 1.9310114 1.9183602 1.9238185 2.1754777 1.8539778 1.8760868 1.8795085 1.9781693 2.0089863 3.8320639 2.9501388 2.2612469 1.3550902 4.5543537 2.9238543 2.2804961 5.9876739 1.7830956 2.2084989 2.4852262 2.0503826 7.3011594 3.1602042 3.2404128 
Cscu_XM_023363815.1                                            1.4261487 1.4418177 1.9018001 2.0804766 1.4079727 2.4905937 2.6070965 1.3389440 2.3308411 2.2873171 2.3248321 1.6567319 1.7698142 0.9641366 1.6401613 1.6401613 1.6993958 1.9337831 0.0000000 1.9538037 1.9549077 1.9756019 2.0322938 2.1823461 2.1949765 1.1415280 2.1737965 2.4738641 2.3102175 2.3853573 1.5672461 2.6846220 2.5824412 2.7340747 1.8316504 1.9628598 1.8753396 2.1477900 2.3495085 2.6559982 2.5732135 2.6351442 1.9392931 1.9541928 2.6266284 1.9476771 1.9491191 2.1039376 1.5999088 1.7701682 2.4112058 2.3887067 1.8200109 1.7985922 2.6051331 2.6852261 2.7062045 2.7070034 2.5743386 2.5647913 2.4228910 2.7262483 2.8979018 1.8905626 3.2289125 1.9069545 2.2940552 3.3137425 3.4720977 2.9157858 3.3556341 3.6019239 2.9784328 3.9793202 2.8020453 4.9072118 3.8410812 3.7504896 
Amil_Amillepora27416-RA                                        1.7456263 1.6382128 1.8958298 1.9186196 1.6010388 2.2732002 2.2950689 1.2986247 2.1215308 2.3130695 2.4266310 2.0052958 2.2423255 1.1169519 2.3581521 2.3581521 2.0910640 1.5727055 1.9538037 0.0000000 0.3186452 0.2892068 0.3199616 0.4226259 0.8947736 0.4750211 0.2900735 0.1214796 1.4207421 1.6274871 1.1196700 2.0654718 1.9958780 2.0657601 1.4653098 1.6149867 1.5665325 2.1644461 1.9889137 2.3161108 1.9806550 2.1200798 1.6210676 1.5272016 2.1590153 1.8339371 1.8375695 2.5433958 1.7024057 1.9109746 1.7905706 1.7543063 0.0000010 2.0218796 1.7871154 1.9241531 1.9857898 1.7554892 1.8150907 1.7453912 1.8099062 1.9171398 1.8786640 3.1602570 4.4860103 2.4959509 2.2173792 2.9314398 2.6133489 2.1792947 8.1726038 2.3298027 3.1657634 3.9748992 2.6444359 4.8665643 3.5213849 3.5073254 
Fspp_ffun1.m4.26216.m1                                         1.2823357 1.3239341 1.7727499 1.9609835 1.3981542 2.5643243 2.7432610 1.1051993 2.1121709 2.4182494 2.3120275 2.0071900 2.1407510 1.1857137 2.3012979 2.2941983 2.0830562 1.6284951 1.9549077 0.3186452 0.0000000 0.1904929 0.2940043 0.3230671 0.9335171 0.4540037 0.3308405 0.5395664 1.4133126 1.6752255 1.6308676 2.4673075 2.5268548 2.7249042 1.5601259 1.5042735 1.5045615 1.8181598 1.8143914 1.8457989 1.8723839 2.5118269 1.6809039 1.6889639 2.7546578 1.7141633 1.6735832 1.7538596 2.2058049 2.0580483 1.7750015 1.9022719 2.8656501 2.4567479 2.4985300 2.6285143 2.6299501 2.6324184 2.3666099 2.3675194 1.9022555 2.0568501 2.1898935 1.8980458 2.7980100 2.3906422 2.4554282 4.0932446 3.1751585 2.6217618 3.5485446 3.1023958 3.0816590 3.4633476 2.5551430 3.9738856 4.0202477 4.0121124 
Gasp_gasp1.m3.7371.m1                                          1.3726116 1.4160286 1.7322572 1.8972211 1.4970388 2.4729037 2.6825099 1.1448332 2.1106284 2.4163275 2.2274153 2.0971357 2.0542867 1.2172898 2.1213022 2.1288950 1.9965596 1.6569670 1.9756019 0.2892068 0.1904929 0.0000000 0.2727392 0.3081220 0.9227539 0.4299813 0.3431912 0.5322679 1.4850796 1.6626556 1.6239661 2.4612976 2.5123045 2.7007835 1.5601793 1.4442255 1.4841501 1.7848958 1.7775951 1.8471605 1.8739789 2.4513427 1.6360559 1.6302382 2.6830347 1.7105481 1.7125253 1.7275386 2.1768426 2.0792069 1.7387474 1.9033290 2.8376671 2.3097644 2.4275774 2.5334766 2.5493309 2.5322394 2.3206199 2.3122800 1.8341677 1.9847925 2.1258373 2.0667203 2.8448522 2.3195088 2.4545540 3.9012102 3.0726648 2.4887685 3.2155001 2.9610003 3.0880672 3.3293143 2.4255493 3.8211253 4.2630837 4.2531096 
Spis_XP_022785189_1                                            1.4974865 1.5713487 1.7680249 2.0395581 1.4105330 2.6544934 2.7820164 1.0824129 2.0847458 2.4225287 2.3933001 2.0812649 2.1733235 1.1860215 2.3729643 2.3720578 2.1714212 1.6357769 2.0322938 0.3199616 0.2940043 0.2727392 0.0000000 0.0993775 1.0037067 0.4520175 0.4030242 0.6110056 1.4989515 1.7559787 1.7010685 2.6127160 2.6117225 2.8377013 1.5283706 1.4893709 1.4819656 1.9812255 1.8517873 2.0418145 1.9351466 2.4854022 1.6666533 1.6602406 2.7439917 1.7518007 1.7536717 1.7353914 2.2508526 2.1351043 1.8510644 2.0183490 3.0979906 2.4710557 2.6663834 2.8519025 2.8987445 2.8362559 2.5541659 2.5552523 1.9874793 2.1427438 2.3012964 1.9558141 3.1584216 2.4602886 2.3760597 4.2850685 3.0899613 2.6866115 3.2443946 3.0466421 3.1460545 3.5490977 2.5928222 3.9064322 4.0002676 3.9634361 
Pocdam_XM_027179760.1                                          1.4566553 1.5651014 1.9404552 2.1350462 1.4687640 2.7910215 2.8937500 1.1039720 2.1891605 2.4964720 2.4585228 2.1398581 2.2123579 1.1909280 2.4972492 2.4955400 2.2167078 1.8144413 2.1823461 0.4226259 0.3230671 0.3081220 0.0993775 0.0000000 1.0228327 0.5563160 0.4300918 0.7015934 1.6164196 1.9016191 1.6722190 2.7868104 2.8040673 3.0071745 1.5513875 1.5123345 1.5057203 2.0089808 2.0333034 2.0590129 1.9484963 2.5954105 1.9953573 2.0800066 2.8958592 1.7936902 1.7956079 1.7503438 2.3618190 2.2023220 1.9742670 2.0965199 2.9346315 2.6072568 2.7601629 2.9195380 2.9796372 2.9810908 2.7053555 2.7071946 2.1506390 2.2719882 2.5600226 2.1349224 3.1306154 2.4973541 2.5398107 4.0388630 3.5161574 2.7549691 3.1004613 3.4104825 3.2953633 3.9198990 2.6461210 3.7979757 4.3450633 4.2614212 
Exapal_XM_021046911.2                                          1.7269925 1.5887320 1.8047633 1.8878184 1.5190067 2.4986844 2.6281127 1.2515626 2.1780553 2.3693215 2.2233649 2.1183080 2.1845652 1.2163680 2.4919141 2.4919141 2.0974279 1.7147719 2.1949765 0.8947736 0.9335171 0.9227539 1.0037067 1.0228327 0.0000000 0.2670132 1.0421482 1.2197580 1.4950609 1.7501676 1.5658477 2.5209819 2.6105125 2.8318694 1.5381410 1.5387383 1.5145244 1.8019159 1.8906180 2.0353294 1.9051819 2.5779537 1.7645158 1.8250693 2.7633567 1.7552366 1.7571920 1.7652457 2.4290149 2.1316413 1.9517227 1.9774300 2.9173105 2.4108923 2.6359882 2.7111722 2.7446604 2.7767213 2.4267463 2.4218476 2.1269285 2.1327066 2.2077592 2.2568739 2.8403466 2.4655290 2.4344660 3.5459434 3.3026551 2.5861912 2.7635430 3.2960450 2.8135669 3.4125221 2.5493029 4.3916511 4.0349553 3.9697594 
Nvec_v1g22303                                                  1.5142693 1.1258628 1.3787664 1.3401714 1.5645269 1.5502403 1.4713905 1.3257282 1.4086815 1.5085362 1.5021536 1.1548182 1.4827894 1.1680243 1.2418134 1.2418134 1.1237811 1.2869633 1.1415280 0.4750211 0.4540037 0.4299813 0.4520175 0.5563160 0.2670132 0.0000000 0.4603112 0.6026588 0.7123443 0.7791921 1.1826318 1.4931852 1.4654226 1.4739419 1.6265318 1.5862714 1.5569139 1.6175580 1.6102819 2.2400954 2.2044759 1.5522693 1.4120375 1.2905693 1.7135709 1.6068119 1.5665875 3.6264855 1.2521906 1.2181067 1.0240677 1.0223726 0.3379390 1.2351362 1.0583512 1.0513628 1.0272004 1.0583931 1.0245301 1.0213671 1.1502529 1.1088263 1.0997591 2.7269687 4.8660691 1.3081676 1.3518010 1.5377517 1.3427499 1.1819672 7.4244652 1.6618263 2.3635011 1.8001782 1.4813776 5.2036536 1.7584807 1.7584807 
Gfas_gfas1.m1.14018.m1                                         1.5486777 1.4948662 1.7838307 2.1669221 1.6497760 2.6779565 2.8888578 1.1738868 1.9905595 2.5699334 2.4068958 2.1455787 2.1992561 1.1210612 2.4763400 2.4739479 2.1548956 1.7265170 2.1737965 0.2900735 0.3308405 0.3431912 0.4030242 0.4300918 1.0421482 0.4603112 0.0000000 0.4666169 1.5304319 1.8391383 1.6115751 2.7246019 2.8533300 3.0740119 1.5082972 1.4996107 1.4454377 1.9437031 1.8823040 2.1482906 1.9718491 2.6048740 1.7517227 1.6959660 2.9240972 1.7615086 1.7636539 2.0311570 2.3187550 2.2436306 1.8828574 2.0928082 4.5261435 2.5099288 2.5851130 2.6902786 2.7700683 2.6682163 2.4334614 2.4393239 2.0912932 2.1919408 2.0873197 2.1575700 3.7236908 2.5370376 2.5269013 3.6592972 2.8743570 2.7131076 3.3643202 2.9323362 2.9045418 3.4143503 2.6502887 4.4714051 3.7819625 3.7758160 
Adig_XM_015913372.1                                            1.4697753 1.9930234 2.2239295 2.5886214 1.8894932 3.0041696 3.2798877 1.5855260 2.8517382 2.9899563 2.8631036 2.7679389 2.6332295 1.7805413 2.8719705 2.8729743 2.9011868 2.2770595 2.4738641 0.1214796 0.5395664 0.5322679 0.6110056 0.7015934 1.2197580 0.6026588 0.4666169 0.0000000 1.8427075 2.1592750 1.8034419 2.9695345 3.0493939 3.3127180 1.9280595 1.9780903 1.9780903 2.0190732 2.0749496 2.0142305 2.0142305 2.7450770 1.9113578 2.0916070 2.9993487 1.9452710 1.9452710 1.6517513 2.6650038 2.5554314 2.0945106 2.0616015 3.2879591 2.8444196 2.9709112 3.1670813 3.1690127 2.9452208 2.8389406 2.8235304 2.2941353 2.3231516 2.7229463 2.1152836 2.7795498 3.0086212 3.0826399 3.6863715 4.4302633 3.3381764 3.0186472 3.6658094 3.3248492 4.2872080 2.8456746 4.0203532 5.6722821 5.6495854 
Dgig_XM_028537482.1                                            1.4336513 1.3454923 1.8792248 1.9690319 1.5113836 2.5526391 2.6086872 1.1701081 2.2439420 2.3639530 2.3777053 2.0975866 2.3048289 1.2632835 2.4145360 2.4174580 2.1958389 1.9660791 2.3102175 1.4207421 1.4133126 1.4850796 1.4989515 1.6164196 1.4950609 0.7123443 1.5304319 1.8427075 0.0000000 0.6498482 1.6389644 2.4779075 2.5236098 2.7171054 1.4003884 1.3997970 1.3686348 1.5767502 1.9239526 1.8116531 1.7688313 2.4281570 1.8559677 1.9366300 2.7619685 1.5087999 1.4630863 1.9590582 2.4837360 2.3148838 2.0047224 2.0810363 3.0374997 2.6058401 2.7761280 2.9314844 2.9665665 3.0010918 2.6935603 2.7249028 2.1026312 2.1667057 2.3643488 2.4766467 3.0792127 2.6675800 2.4730351 3.8266819 3.0728692 2.3688846 3.2313761 3.1066653 2.9212089 3.8414192 2.7819122 3.9500679 4.7981584 4.7506254 
Xesp_022131-T1                                                 1.7399187 1.5752535 2.0279608 2.1865773 1.6614107 2.8050701 2.9481469 1.2195399 2.5400450 2.6732913 2.7293496 2.4230947 2.6546500 1.3469494 2.6568536 2.6453231 2.3466972 1.8751183 2.3853573 1.6274871 1.6752255 1.6626556 1.7559787 1.9016191 1.7501676 0.7791921 1.8391383 2.1592750 0.6498482 0.0000000 1.7022058 2.8514562 2.9187491 3.1759850 1.6644850 1.7202291 1.6472899 1.8506243 2.1495932 2.1109726 2.0018325 2.6030950 1.9413448 1.9967969 2.9499229 1.9335210 1.9171169 1.9963279 2.5424180 2.4153812 2.2131695 2.2730848 2.9478293 2.5728219 2.7219893 2.9040765 2.9265681 2.9297958 2.6643960 2.6421402 2.3040165 2.4657501 2.9287259 2.7140019 3.2238648 2.9222582 2.4869157 4.2289119 3.3785203 2.6726162 3.4155814 3.6218787 3.0078798 3.7143227 3.0061353 4.3840283 5.0139439 4.9968280 
Bolinf_Binf_sb1214570                                          1.1380802 1.1317021 1.7748622 1.4428643 1.0387363 1.7470297 1.8445660 1.5083689 1.9891395 1.7007300 1.6903878 1.3361327 1.6670507 1.8123149 1.5982219 1.5982219 1.6129364 1.7839052 1.5672461 1.1196700 1.6308676 1.6239661 1.7010685 1.6722190 1.5658477 1.1826318 1.6115751 1.8034419 1.6389644 1.7022058 0.0000000 0.1551971 0.3823769 0.3874252 0.2474114 0.2877481 0.2877481 0.2557942 0.5226569 0.5985269 0.5985269 0.5073325 0.8518713 0.8805191 0.5477970 0.2407561 0.2407561 3.1010786 1.7171920 1.5092574 1.4830209 1.7866619 3.4435588 1.5392275 1.4002487 1.3909916 1.3909916 1.8120447 1.4038528 1.4038528 1.4764811 1.3954983 1.6037508 3.1005137 9.0000000 1.6961443 1.7047423 8.0070370 1.7216837 1.4891918 6.3285730 4.7852525 3.4400115 2.2579525 1.5739939 3.9439610 2.7183714 2.7183714 
Mlei_ML0966.g3.i1                                              1.5816209 1.6735273 1.8391246 2.2134228 1.3649483 2.6776656 2.9276343 1.3839522 2.4105242 2.6993196 2.5147373 2.6987499 2.7151711 1.4619493 2.6782790 2.7296795 2.6720498 2.0011878 2.6846220 2.0654718 2.4673075 2.4612976 2.6127160 2.7868104 2.5209819 1.4931852 2.7246019 2.9695345 2.4779075 2.8514562 0.1551971 0.0000000 0.7651825 0.8282573 0.2916599 0.3860102 0.3101356 0.4157550 0.6477952 0.7442717 0.6307676 0.8572504 0.5736222 0.7006710 0.7816839 0.5620183 0.5626152 0.8962260 2.8076962 2.6069516 2.6791783 2.5911140 0.9710823 2.7966738 2.5631844 2.7344110 2.7503749 2.7930374 2.5246305 2.4993324 2.7648787 2.9506013 3.1906017 2.3792350 3.3845364 3.0593120 2.4310562 3.8826930 3.2008602 2.7439522 3.9603319 3.5634664 3.1297045 3.0798440 2.7259702 4.8096168 4.0454262 4.0045051 
Horcal_Hcv1.av93.c1.g154.i1                                    1.5785682 1.8183319 1.9329210 2.2468090 1.5400196 2.6265349 2.6925511 1.4625990 2.6234599 2.7619405 2.8003579 2.5390848 2.5699190 1.4680331 2.5801491 2.5917566 2.4693454 2.0363661 2.5824412 1.9958780 2.5268548 2.5123045 2.6117225 2.8040673 2.6105125 1.4654226 2.8533300 3.0493939 2.5236098 2.9187491 0.3823769 0.7651825 0.0000000 0.0347842 0.2479553 0.4756959 0.3710367 0.5847333 0.7424545 0.8818934 0.7898797 0.9368765 0.6268947 0.7377468 0.8216279 0.6112645 0.6119104 0.9936878 2.9747765 2.8029554 2.6897348 2.5941414 1.0737819 2.6258165 2.8711213 2.9493815 2.9640561 3.1148684 2.7864083 2.8114059 2.6550630 3.0111111 3.0251205 2.1610444 3.1766607 2.8690858 2.4263467 2.9210796 3.0233261 2.6896635 4.0239748 3.4387837 3.1908122 3.0444103 2.5251715 4.6264221 3.6599486 3.5959915 
Pbac_sb2664087                                                 1.5523588 1.8529630 1.9305954 2.3726027 1.5787941 2.8301055 2.9120495 1.4797659 2.5976179 2.8373348 2.8741843 2.6829800 2.6303156 1.4601472 2.6886236 2.6994039 2.5773837 2.1127951 2.7340747 2.0657601 2.7249042 2.7007835 2.8377013 3.0071745 2.8318694 1.4739419 3.0740119 3.3127180 2.7171054 3.1759850 0.3874252 0.8282573 0.0347842 0.0000000 0.2503778 0.5163519 0.3815644 0.6025044 0.7464435 0.8915138 0.7819778 1.0171948 0.6269776 0.7381313 0.9106547 0.6553011 0.6313665 1.3823814 3.1021574 2.8957116 2.8579283 2.7506483 1.0854859 2.8149061 3.0519880 3.1109927 3.0865898 3.3508695 2.9333681 2.9648672 2.8478866 3.2427205 3.1541247 2.2932857 3.8738606 3.0387385 2.4915580 2.9400195 2.9757143 2.7486459 4.7438839 3.4370472 3.4407861 3.0498087 2.6714800 4.7572135 3.7776153 3.5008439 
Bolinf_Binf_sb1297699                                          1.2308601 1.3019169 1.3240695 1.2556331 1.4262989 1.3451441 1.4268131 1.2763987 1.8045292 1.7548827 1.7816162 1.5256540 1.7564949 1.2321557 1.6436801 1.6436801 1.7232527 1.1900178 1.8316504 1.4653098 1.5601259 1.5601793 1.5283706 1.5513875 1.5381410 1.6265318 1.5082972 1.9280595 1.4003884 1.6644850 0.2474114 0.2916599 0.2479553 0.2503778 0.0000000 0.0000010 0.0000010 0.2661938 0.3498274 0.4510101 0.4510101 0.3442351 0.3569252 0.5890998 0.2609734 0.3444427 0.3444427 2.4462917 1.6252729 1.8107823 1.7112293 1.7121880 1.7930728 1.8403681 1.5486716 1.5315295 1.5315295 1.7418939 1.4953794 1.4953794 1.9177120 1.8142100 1.8331339 2.1819299 8.9999989 1.8312628 1.2820752 8.0070370 0.9427338 0.7973343 0.0000010 3.1790299 4.0246910 1.2198278 1.3326406 5.0683032 1.7410702 1.7410702 
Mertsp_Mesp_sb564079                                           1.4259042 1.4447339 1.5231724 1.4657653 1.4052234 1.2470677 1.3683382 1.2585331 1.7277339 1.6633075 1.6836617 1.9395565 2.0409795 1.1132385 1.9944802 1.9944802 2.0694535 1.1299909 1.9628598 1.6149867 1.5042735 1.4442255 1.4893709 1.5123345 1.5387383 1.5862714 1.4996107 1.9780903 1.3997970 1.7202291 0.2877481 0.3860102 0.4756959 0.5163519 0.0000010 0.0000000 0.0042305 0.4015064 0.5012746 0.6306812 0.5201450 0.5072845 0.2821544 0.4482304 0.2660405 0.5100065 0.4933212 2.4462917 1.9220857 2.0340806 2.0295605 1.7358359 1.7930728 2.2362289 1.5671054 1.6668790 1.7164916 1.7229455 1.6824159 1.6223541 2.1312843 2.2194583 1.9979786 1.9120617 0.0000010 2.0616705 1.1632305 2.0017990 0.7019991 0.6273063 0.0000010 1.0430937 4.0496931 1.1174229 1.3702412 4.2137272 1.4274434 1.4274434 
Mertsp_Mesp_sb564081                                           1.3283884 1.2841530 1.3451414 1.3281469 1.4569966 1.2830251 1.4071432 1.2585331 1.7770370 1.7102851 1.7310856 1.7495208 2.0147370 1.1132385 1.8128006 1.8128006 1.9544914 1.1354468 1.8753396 1.5665325 1.5045615 1.4841501 1.4819656 1.5057203 1.5145244 1.5569139 1.4454377 1.9780903 1.3686348 1.6472899 0.2877481 0.3101356 0.3710367 0.3815644 0.0000010 0.0042305 0.0000000 0.3274330 0.3875985 0.4975593 0.4874620 0.3758608 0.2821544 0.4482304 0.2745495 0.3767552 0.3745028 2.4462917 1.7743882 1.8796764 1.9123287 1.6782686 1.7930728 2.1123368 1.6043314 1.5776927 1.5539089 1.7319883 1.5794242 1.5794242 2.0667939 2.0520845 1.8992164 1.9120617 0.0000010 1.9626257 1.1877062 2.0017990 0.7019991 0.6273063 0.0000010 1.0430937 4.2614226 1.1174229 1.3616716 6.0067201 1.5764806 1.5764806 
Beraby_Baby_sb345542                                           1.6197986 1.6340254 1.8110108 1.6882718 1.4735412 1.7331132 1.7111094 1.2497816 2.0590201 1.8441646 2.0385599 2.0697147 2.3975252 1.4391823 2.3131276 2.3131276 2.3858260 1.3243777 2.1477900 2.1644461 1.8181598 1.7848958 1.9812255 2.0089808 1.8019159 1.6175580 1.9437031 2.0190732 1.5767502 1.8506243 0.2557942 0.4157550 0.5847333 0.6025044 0.2661938 0.4015064 0.3274330 0.0000000 0.7033355 0.8135041 0.7366980 0.7045025 0.5597034 0.8564648 0.5265045 0.4551308 0.4556288 2.4189366 2.2138109 2.3102103 2.1120198 1.9164255 1.3776591 2.3762151 1.6365426 1.7628508 1.7819120 1.9295767 1.6867430 1.6383520 2.0088514 2.2560773 2.3979074 1.9968143 9.0000000 2.3996742 1.6978836 9.0000000 1.3773683 1.3419673 1.7806238 4.6172331 3.9131981 1.5842204 1.4583484 3.9364854 2.1687318 2.1687318 
Coeast_Cast_sb790745                                           1.4400167 1.5521848 1.7055366 1.7816241 1.5424093 2.1362016 2.0627578 1.4555703 2.2556432 2.1465533 2.0127200 2.2268333 2.4778192 1.4287373 2.2743549 2.2743549 2.3259337 1.6975272 2.3495085 1.9889137 1.8143914 1.7775951 1.8517873 2.0333034 1.8906180 1.6102819 1.8823040 2.0749496 1.9239526 2.1495932 0.5226569 0.6477952 0.7424545 0.7464435 0.3498274 0.5012746 0.3875985 0.7033355 0.0000000 0.0441012 0.0685036 0.0327904 0.5106585 0.6330226 0.5035692 0.6178179 0.6184865 2.7532033 2.1447498 2.2566204 2.3156976 2.1412600 1.7265295 2.2925578 1.9456022 2.0220116 2.0442933 2.1358801 1.9416085 1.9509019 2.1684826 2.3873257 2.2668710 3.7517420 8.9999981 2.5435370 1.7829098 2.8134427 1.9744661 1.8616859 6.7075932 2.7963340 3.1096946 2.9242028 2.0751348 4.9395675 2.5038148 2.5038148 
Coeast_Cast_sb790748                                           1.4120985 1.8809287 1.9818230 2.0625659 1.5424093 1.9803893 1.9420415 1.5928076 2.1732355 2.1393084 2.0707507 2.4492979 2.9066906 1.3678515 2.4528667 2.4528667 2.7071626 1.3274984 2.6559982 2.3161108 1.8457989 1.8471605 2.0418145 2.0590129 2.0353294 2.2400954 2.1482906 2.0142305 1.8116531 2.1109726 0.5985269 0.7442717 0.8818934 0.8915138 0.4510101 0.6306812 0.4975593 0.8135041 0.0441012 0.0000000 0.0176299 0.0972242 0.4205528 0.8378871 0.5659947 0.7641831 0.7651533 2.8146740 2.4338081 2.4132120 2.9583359 2.3139376 0.7752339 2.8737637 1.9352001 2.1452589 2.1837931 1.7388349 2.1623156 2.1941365 2.3276539 2.9317884 2.9348572 3.0854178 0.0000010 2.7258429 1.7467688 0.0000010 1.9245562 1.1811813 0.0000010 0.0000010 7.8608873 0.0000010 1.8355211 6.9264937 4.2366883 4.2366883 
Coeast_Cast_sb790752                                           1.2803574 1.7174146 1.7267333 1.8276533 1.5654344 2.0108027 1.9714685 1.5928076 2.2077444 2.1725087 2.1025610 2.3632110 2.5920727 1.3678515 2.3820290 2.3820290 2.6306283 1.3449017 2.5732135 1.9806550 1.8723839 1.8739789 1.9351466 1.9484963 1.9051819 2.2044759 1.9718491 2.0142305 1.7688313 2.0018325 0.5985269 0.6307676 0.7898797 0.7819778 0.4510101 0.5201450 0.4874620 0.7366980 0.0685036 0.0176299 0.0000000 0.1008086 0.4205528 0.8378871 0.5700140 0.6785372 0.6785372 2.8146740 2.3228550 2.3521009 2.8189431 2.1765992 0.7752339 2.7602047 1.9213299 1.9970937 1.9770345 1.7082975 1.9923231 2.0679514 2.2612189 2.7826287 2.8898000 3.0854178 0.0000010 2.7273321 1.6696972 0.0000010 1.9245562 1.1811813 0.0000010 0.0000010 8.4384143 0.0000010 1.8068777 8.2217082 4.9168131 4.9168131 
Coemet_Cmet_C608092_01                                         1.4774559 1.6813592 1.8513044 2.1625056 1.5097376 2.7914362 2.9004533 1.3840445 2.5409574 2.6866476 2.5729379 2.6300144 2.7429116 1.4131017 2.5611379 2.5858286 2.4745348 2.1169504 2.6351442 2.1200798 2.5118269 2.4513427 2.4854022 2.5954105 2.5779537 1.5522693 2.6048740 2.7450770 2.4281570 2.6030950 0.5073325 0.8572504 0.9368765 1.0171948 0.3442351 0.5072845 0.3758608 0.7045025 0.0327904 0.0972242 0.1008086 0.0000000 0.5320802 0.6651597 0.7345662 0.6237822 0.6161874 0.9268002 2.8212102 2.6785664 2.6758478 2.5589355 0.9496856 2.6215240 2.6474848 2.7820397 2.7779947 2.8827322 2.5978493 2.6190988 2.4675038 2.9584987 3.0862288 2.3085604 3.3257921 2.9844313 2.3800332 3.4494478 2.8323368 2.7345047 4.5347244 3.3212346 2.9575973 3.0883134 2.5767759 5.1527549 3.6327532 3.6421149 
Eupdun_Edun_sb10651386                                         1.1241531 1.2444746 1.6808805 1.7254281 1.3878275 1.9853973 1.9307655 1.3430577 1.9489846 2.0426858 1.8718396 1.7508075 1.9462663 1.5780536 1.8942090 1.8942090 1.9085851 1.7917506 1.9392931 1.6210676 1.6809039 1.6360559 1.6666533 1.9953573 1.7645158 1.4120375 1.7517227 1.9113578 1.8559677 1.9413448 0.8518713 0.5736222 0.6268947 0.6269776 0.3569252 0.2821544 0.2821544 0.5597034 0.5106585 0.4205528 0.4205528 0.5320802 0.0000000 0.0103322 0.5191599 0.5336004 0.5336004 3.1464798 1.8939561 1.8453668 1.9473994 1.8966144 3.4435588 1.9037880 1.7981628 1.7868793 1.7923238 1.9581698 1.7271914 1.7150586 1.8004514 2.0618799 1.9886201 4.1309958 8.9999986 2.1392374 1.7548217 2.3446481 2.1978493 1.9654674 5.7633321 2.9571089 3.0199336 2.9667804 2.0219736 4.7544107 2.7612821 2.7612821 
Eupdun_Edun_sb10651387                                         1.2817142 1.2700878 1.9005017 1.9314993 1.5071162 2.2035497 2.1103212 1.3646481 2.0538956 2.1335513 1.9069536 1.8371352 1.9841896 1.7766729 1.9980259 1.9980259 1.9290688 2.0465621 1.9541928 1.5272016 1.6889639 1.6302382 1.6602406 2.0800066 1.8250693 1.2905693 1.6959660 2.0916070 1.9366300 1.9967969 0.8805191 0.7006710 0.7377468 0.7381313 0.5890998 0.4482304 0.4482304 0.8564648 0.6330226 0.8378871 0.8378871 0.6651597 0.0103322 0.0000000 0.6546707 0.6807895 0.6807895 3.1464798 1.8756477 1.8629344 1.9070628 1.9233517 3.4435588 1.9025479 1.7730526 1.7599739 1.7669689 1.9879997 1.6930522 1.6775602 1.8420470 2.0671994 1.9204545 4.0256423 8.9999986 2.2608933 1.9173213 2.3446481 2.1978493 1.9654674 5.7633321 2.9571089 2.8879368 2.9667804 2.1735035 4.5350563 2.7560419 2.7560419 
Lampan_Lpan_7830_01                                            1.2231885 1.5489833 1.9701952 2.3494333 1.5728515 2.6705904 2.9249404 1.3634953 2.5478380 2.7008837 2.6751240 2.6067416 2.8506219 1.5442300 2.7794305 2.8320537 2.5741584 2.0318824 2.6266284 2.1590153 2.7546578 2.6830347 2.7439917 2.8958592 2.7633567 1.7135709 2.9240972 2.9993487 2.7619685 2.9499229 0.5477970 0.7816839 0.8216279 0.9106547 0.2609734 0.2660405 0.2745495 0.5265045 0.5035692 0.5659947 0.5700140 0.7345662 0.5191599 0.6546707 0.0000000 0.5375093 0.5381291 0.8225776 2.8652011 2.9575745 2.8124760 2.7035275 1.0486935 2.7353090 2.8901201 2.9039593 2.9166169 3.0093275 2.6779322 2.6691072 2.6365827 3.1721751 2.9059043 2.2039735 3.3138813 3.0412995 2.4561990 3.4975001 2.8116039 2.8191310 4.0594515 3.4632285 3.1039342 3.7330509 2.8854224 4.8129327 4.0941523 4.0988058 
Drygla_Dgla_sb290613                                           1.4546389 1.5097374 1.5715201 1.5408368 1.5911852 1.6733367 1.6905339 1.3361360 1.8902960 1.8597903 1.8712983 1.9707162 2.2686480 1.2604970 2.0949576 2.0949576 2.1165868 1.4321599 1.9476771 1.8339371 1.7141633 1.7105481 1.7518007 1.7936902 1.7552366 1.6068119 1.7615086 1.9452710 1.5087999 1.9335210 0.2407561 0.5620183 0.6112645 0.6553011 0.3444427 0.5100065 0.3767552 0.4551308 0.6178179 0.7641831 0.6785372 0.6237822 0.5336004 0.6807895 0.5375093 0.0000000 0.0032017 2.8979671 2.0501914 2.0812326 2.0459139 1.8668919 1.8122511 2.1301415 1.6018853 1.7055291 1.7307410 1.7982205 1.6771239 1.6971489 2.0511164 2.1580369 2.2715850 2.4048959 6.2741844 2.2174699 1.5628841 3.8415082 1.0862522 1.1492017 2.0913390 3.2437124 3.7058038 1.3727473 1.4209903 4.3313088 2.2839015 2.1567410 
Drygla_Dgla_sb290614                                           1.4567987 1.5114781 1.5751201 1.5424815 1.5939765 1.6753246 1.6925216 1.3361360 1.8925153 1.8619416 1.8734523 1.9632374 2.2424109 1.2604970 2.0878767 2.0878767 2.1224380 1.4296773 1.9491191 1.8375695 1.6735832 1.7125253 1.7536717 1.7956079 1.7571920 1.5665875 1.7636539 1.9452710 1.4630863 1.9171169 0.2407561 0.5626152 0.6119104 0.6313665 0.3444427 0.4933212 0.3745028 0.4556288 0.6184865 0.7651533 0.6785372 0.6161874 0.5336004 0.6807895 0.5381291 0.0032017 0.0000000 2.8979671 2.0218685 2.0675292 2.0506155 1.8409028 1.8122511 2.1155229 1.5909329 1.6929964 1.7307410 1.8004046 1.6646192 1.6461738 2.0412601 2.1519445 2.2541781 2.4048959 6.2741844 2.1877632 1.5649367 3.8415082 1.0862522 1.1492017 2.0913390 3.2437124 3.7129449 1.3727473 1.4046075 4.2573975 2.2906827 2.1630697 
