57
Amil_Amillepora34512-RA                                      0.0000000 0.5042235 0.5239893 0.2537865 0.4963820 0.5230987 1.4356475 0.7253540 3.0435244 1.3182148 0.9917333 1.4886378 1.6894337 1.9181830 1.9243530 1.8868290 1.7150866 1.8507456 1.4951357 1.5811313 2.3160351 2.2072041 2.2087481 4.1746001 1.9981247 2.2201105 1.0648704 1.6668956 1.0433096 1.1012019 1.1766132 2.7082664 2.6509012 1.7590308 1.7941401 1.7941401 1.6981434 1.6981434 2.7855133 2.7855133 2.7439855 2.0706140 2.2019026 2.1390908 2.2105491 2.2372724 2.5542754 4.1068745 4.1068745 1.5350531 1.4681698 1.3393243 2.0780871 1.6694525 1.9613631 2.9162443 4.4410166 
Fspp_ffun1.m4.5696.m1                                        0.5042235 0.0000000 0.0867087 0.1350612 0.1719787 0.1656892 0.3183124 0.5775738 0.8435212 1.4677104 1.3033132 1.1364509 1.1755111 1.5335927 1.5958091 1.6565088 1.5298490 1.7468429 1.6631657 1.6002193 2.1769909 2.2106661 2.0666050 2.5483960 1.6777707 2.1866805 1.4950066 1.9633796 1.6125805 1.5681571 1.9128130 1.7610933 1.7270594 1.7776085 1.7792253 1.7792253 1.7597226 1.7566132 2.4958232 2.4958232 2.8409546 1.9724169 2.4220973 2.1169264 3.0935899 3.2860404 2.8053419 2.5752401 2.4446983 1.4214927 1.2723667 2.1025678 2.4687659 2.3082581 3.2043368 3.8359227 3.3785530 
Gasp_gasp1.m3.7461.m1                                        0.5239893 0.0867087 0.0000000 0.1139354 0.1722902 0.1707651 0.3117791 0.5749837 0.8447633 1.5626447 1.3567257 1.1497830 1.1754539 1.6091792 1.7110589 1.6922013 1.6072127 1.8511481 1.6830042 1.6503017 2.3183437 2.3810693 2.1326900 2.6696281 1.7619865 2.2687258 1.5174924 1.9636436 1.5313155 1.5890497 1.9177825 1.8413751 1.8056098 1.8522180 1.8850572 1.8850572 1.8747214 1.8715278 2.5693373 2.5693373 3.0598430 1.9209243 2.6310678 2.1511440 3.0599023 3.3282792 2.8993673 2.7315595 2.5600106 1.4802320 1.2863123 2.2126465 2.4955131 2.5069304 3.1187937 3.8826982 3.3888916 
Gfas_gfas1.m1.17196.m1                                       0.2537865 0.1350612 0.1139354 0.0000000 0.1703310 0.1776721 0.2841468 0.4897218 0.8708313 1.2541145 1.2191278 1.1386676 1.0739215 1.2802732 1.3061805 1.3642108 1.3534452 1.6215989 1.5253269 1.4997242 2.2395744 2.2316264 1.9819109 3.2465357 1.6456087 2.1766928 1.1921542 1.7532342 1.3540992 1.4842980 1.4537122 2.3299147 2.2943236 1.7871094 1.8531792 1.8531792 1.8399674 1.8359263 2.4154517 2.4154517 2.6827100 1.7690254 2.4384282 1.7244350 2.7482251 2.9838067 2.4221439 3.0519033 2.8165163 1.2693140 1.0815926 2.1209883 2.3552322 2.1193913 2.5265752 3.8881340 3.8759198 
Spis_XP_022798896_1                                          0.4963820 0.1719787 0.1722902 0.1703310 0.0000000 0.0514983 0.3622496 0.5732558 0.8161837 1.4738201 1.2554134 1.1356333 1.1814976 1.4959238 1.5625997 1.5637873 1.4836131 1.7514570 1.6636052 1.6080127 2.2964728 2.2905013 2.1011255 2.7666310 1.7236391 2.3098648 1.4799995 1.8970244 1.5358501 1.5306325 1.8492418 1.8109367 1.7757473 1.7545306 1.7886931 1.7886931 1.7797026 1.7765557 2.6130984 2.6130984 2.9458081 1.9406659 2.5528157 2.1235085 3.1353180 3.4130931 2.8712969 2.8965952 2.7452746 1.4724433 1.4233471 2.2341751 2.4022560 2.3554708 3.0593500 3.5936495 3.5371203 
Pocdam_XM_027197182.1                                        0.5230987 0.1656892 0.1707651 0.1776721 0.0514983 0.0000000 0.3493469 0.5769344 0.7841618 1.4849603 1.3299624 1.1690100 1.1928875 1.5296498 1.5952304 1.5962551 1.5009747 1.8275510 1.6752820 1.6238098 2.3335847 2.3258247 2.0732746 2.7390851 1.7325482 2.2689089 1.5473938 2.0095202 1.5763805 1.6055155 1.9278174 1.8037880 1.7688923 1.7564391 1.7879271 1.7879271 1.8388030 1.8355819 2.5639637 2.5639637 2.9272607 1.9066757 2.6230928 2.2820316 3.1247598 3.3884475 3.0757714 2.7469814 2.6047197 1.4904487 1.3538603 2.3023311 2.4627606 2.3976522 3.1180408 3.7719397 3.4203681 
Adig_XM_015906733.1                                          1.4356475 0.3183124 0.3117791 0.2841468 0.3622496 0.3493469 0.0000000 0.9751738 0.9515410 2.5448913 2.3683402 1.3622701 1.3272162 2.0707275 2.3826582 2.3515484 2.2311956 2.4499360 2.5919297 2.6041116 3.5298705 3.4948152 2.8623079 2.2258292 2.2677058 3.2642409 2.3160381 4.0571309 3.0243025 2.3767076 3.3825028 2.0418835 2.0412002 2.4688939 2.6029896 2.6029896 2.5930570 2.5858866 4.1966019 4.1966019 4.9779778 4.9061956 4.7198418 3.7434319 5.9852328 8.2034798 4.6827079 1.6848880 1.5822669 2.3383056 1.8549509 3.6344293 3.5273818 4.5128692 5.3085374 4.5691847 2.7365393 
Nvec_NVE3368                                                 0.7253540 0.5775738 0.5749837 0.4897218 0.5732558 0.5769344 0.9751738 0.0000000 0.5822779 1.4514095 1.2094500 1.2324383 1.1433109 1.4285151 1.5100569 1.5681903 1.5047676 1.8144130 1.6464422 1.4727033 2.4530114 2.4484662 2.2850517 3.3758591 1.9707978 2.4865219 1.4510430 1.9622849 1.5043041 1.6072572 1.6909659 1.7967761 1.7813657 1.6759464 1.7177692 1.7177692 1.8062475 1.8311696 2.7285758 2.7285758 3.1188216 1.9318153 2.3342251 2.2633680 3.2860804 3.1571382 2.5682395 3.6667676 3.5640254 1.7356655 1.5289466 2.4435173 2.3035502 2.5073963 3.4086263 4.0851772 3.6038643 
Exapal_XM_021054053.2                                        3.0435244 0.8435212 0.8447633 0.8708313 0.8161837 0.7841618 0.9515410 0.5822779 0.0000000 2.6434968 2.7239295 1.5366223 1.3679039 2.2212564 2.5077557 2.4544859 2.3603021 2.6665224 2.5841524 2.7270715 3.6727288 3.7250930 3.0533422 2.7115645 2.7470044 3.3031535 2.8005132 5.6464841 2.8129114 3.0507667 3.1320095 1.9743216 1.9393120 2.4021524 2.5104613 2.5104613 2.7056599 2.6980087 4.2733151 4.2733151 4.6642995 2.6870432 4.9135398 4.1338993 5.7911789 7.1656823 4.5022124 2.6032168 2.4459566 3.1375977 2.5253435 4.1486863 3.5818845 4.1982206 6.7714374 6.2995651 3.7029251 
Bralan_BLAG01001832_1                                        1.3182148 1.4677104 1.5626447 1.2541145 1.4738201 1.4849603 2.5448913 1.4514095 2.6434968 0.0000000 1.1490556 1.8164889 1.9094400 1.8781078 1.8995751 1.9763468 1.9467335 2.2016954 2.1277794 2.0666211 2.7566933 2.7542225 2.8467862 5.2526078 2.1770655 3.1090443 1.2760130 1.7363577 1.5560823 1.3966634 1.6492866 3.3918600 3.2762754 2.2654499 2.1514984 2.1514984 2.2694726 2.2694726 2.4506802 2.4506802 2.6265709 1.9235008 2.2687342 1.8942484 3.3182766 3.5778286 3.1118275 5.4927508 5.1543706 2.1174048 1.8868354 2.1089863 2.2077025 2.6670990 2.9800720 3.5716972 4.3491433 
Skow_XM_002731291.2                                          0.9917333 1.3033132 1.3567257 1.2191278 1.2554134 1.3299624 2.3683402 1.2094500 2.7239295 1.1490556 0.0000000 1.4053803 1.4071113 1.5924171 1.5655101 1.6674171 1.5303080 1.7411639 1.6966098 1.3930997 2.3430058 2.3003718 2.2634817 4.6201186 1.9906650 2.4797314 1.2028211 1.4333057 1.5221482 1.2428427 1.4260081 2.5408593 2.5050402 1.9670811 1.9220133 1.9220133 1.9216526 1.9598315 2.3551760 2.3551760 2.6522121 1.6220091 2.4235887 1.5607678 2.5511500 2.4570552 2.8113838 5.5809544 5.6714444 1.7989111 1.4605846 1.8618802 2.0571888 2.2629630 2.8261957 3.6618204 5.6406909 
Dgig_XM_028549907.1                                          1.4886378 1.1364509 1.1497830 1.1386676 1.1356333 1.1690100 1.3622701 1.2324383 1.5366223 1.8164889 1.4053803 0.0000000 0.3886077 1.5563915 1.6242573 1.6816064 1.4766487 1.5845375 1.8902933 1.4196671 2.7065496 2.7058922 2.5292335 3.1516008 2.1099673 2.7927277 1.7458854 2.4835683 1.7206248 1.6277068 2.0089683 1.8876966 1.9442286 1.8291043 1.7514903 1.7514903 1.7834283 1.7554632 2.1759678 2.1759678 2.5989964 1.6900110 2.0605435 2.3443404 3.0548503 3.2545112 2.9219584 3.5307778 3.3924198 1.6827301 1.4806262 2.5769710 2.5032091 2.6111562 3.4224010 3.4819375 3.3151026 
Xesp_014803-T1                                               1.6894337 1.1755111 1.1754539 1.0739215 1.1814976 1.1928875 1.3272162 1.1433109 1.3679039 1.9094400 1.4071113 0.3886077 0.0000000 1.4132662 1.4576184 1.5229598 1.4201247 1.6831456 1.6458976 1.6175874 2.8340159 2.8478699 2.5768613 3.4252387 2.1863389 2.9867823 1.6479190 2.6306443 1.8293357 1.6635791 2.0127508 1.9290204 2.0322491 1.8861731 1.8391272 1.8391272 1.8701970 1.8639754 2.3044413 2.3044413 2.6404343 1.7265601 2.1165280 2.3931239 3.0247810 3.2182339 2.5569535 3.4095155 3.2883932 1.6693013 1.5307938 2.5845163 2.7207614 2.6196984 3.6357270 3.9274008 3.0189886 
Aaur_scaffold1186.g3.t1                                      1.9181830 1.5335927 1.6091792 1.2802732 1.4959238 1.5296498 2.0707275 1.4285151 2.2212564 1.8781078 1.5924171 1.5563915 1.4132662 0.0000000 0.3545767 0.3650170 0.4994736 1.1696316 1.5155338 1.3266334 2.4771398 2.5441160 2.3635529 2.9478173 2.0752303 2.4654166 1.8142997 2.3563999 1.8922457 1.8640659 2.3824034 3.1814969 3.0733748 2.5445278 2.3974152 2.3974152 2.6749031 2.6657562 2.4489173 2.4489173 2.6561994 1.5302072 2.6121048 2.2604402 3.1435082 3.2040153 3.0751151 4.5562976 4.2445732 2.0744576 2.0389219 2.1965624 2.6266467 2.8722762 3.1728382 4.1318400 3.3123517 
Nemnom_g6425.t1                                              1.9243530 1.5958091 1.7110589 1.3061805 1.5625997 1.5952304 2.3826582 1.5100569 2.5077557 1.8995751 1.5655101 1.6242573 1.4576184 0.3545767 0.0000000 0.1613541 0.5464855 1.1713332 1.4758933 1.3610336 2.6668066 2.7289548 2.5163496 3.1765957 2.0697651 2.5844070 1.9296164 2.4213110 1.8772830 1.9440926 2.2003372 2.6370705 2.6039301 2.2637182 2.2430432 2.2430432 2.3202455 2.3118219 2.5693700 2.5693700 2.8626857 1.5423517 2.8183738 2.3449312 2.9135898 3.4685720 3.2674180 4.5800462 4.2978834 2.0142445 2.1020853 2.2371652 2.8336269 3.0005754 3.4464661 4.0217393 4.2778553 
Rhoesc_Res_006735-T1                                         1.8868290 1.6565088 1.6922013 1.3642108 1.5637873 1.5962551 2.3515484 1.5681903 2.4544859 1.9763468 1.6674171 1.6816064 1.5229598 0.3650170 0.1613541 0.0000000 0.5489202 1.1292093 1.5065239 1.4003833 2.7491774 2.8625165 2.5411532 3.2810558 2.0447704 2.6399718 2.0029764 2.5638117 1.9167263 2.0675039 2.2114890 2.8652930 2.7623966 2.3711027 2.3567535 2.3567535 2.4302695 2.4215905 2.5752588 2.5752588 2.7537560 1.4349336 2.8553834 2.2554449 3.1476940 3.4968184 3.0604121 4.7513660 4.4503539 2.0424577 2.0940253 2.2567888 2.6685446 2.9252616 3.4313206 4.2114246 4.0864476 
Sanmal_Sma_019071-T1                                         1.7150866 1.5298490 1.6072127 1.3534452 1.4836131 1.5009747 2.2311956 1.5047676 2.3603021 1.9467335 1.5303080 1.4766487 1.4201247 0.4994736 0.5464855 0.5489202 0.0000000 1.0972071 1.5697987 1.4161974 2.3157700 2.3423596 2.3222230 2.4219337 1.8745330 2.3727207 1.9184871 2.4296961 1.7240586 1.8248646 2.1840756 2.6589370 2.5861082 2.3056871 2.2529967 2.2529967 2.3264298 2.3177422 2.4823952 2.4823952 2.7254142 1.5613794 2.6997464 2.1134543 2.7903954 3.0404327 2.9377986 4.8167453 4.6003615 1.9588255 1.8321969 2.2644183 2.2342591 3.0506993 3.3605767 3.6139052 3.8697477 
Morvir_scaffold225.g9.t1                                     1.8507456 1.7468429 1.8511481 1.6215989 1.7514570 1.8275510 2.4499360 1.8144130 2.6665224 2.2016954 1.7411639 1.5845375 1.6831456 1.1696316 1.1713332 1.1292093 1.0972071 0.0000000 1.6091748 1.5494840 2.9348051 2.9304069 2.8116045 2.5877007 2.2104655 2.9482181 1.9389404 2.7771411 1.9612762 1.8563720 2.9857019 2.9489907 2.8758997 2.4370927 2.5069736 2.5069736 2.3793446 2.3709546 2.7758254 2.7758254 3.1189654 2.0652512 2.8658331 2.4822614 3.2527832 3.6369279 3.2145256 4.8450719 4.4721366 2.1062222 1.9468199 2.5951543 2.9204846 3.3724711 3.5168210 3.7148535 4.2311627 
Hvul_g32847_1                                                1.4951357 1.6631657 1.6830042 1.5253269 1.6636052 1.6752820 2.5919297 1.6464422 2.5841524 2.1277794 1.6966098 1.8902933 1.6458976 1.5155338 1.4758933 1.5065239 1.5697987 1.6091748 0.0000000 0.8752251 2.5773183 2.7366986 2.3600550 3.7657300 2.2582409 2.7492941 1.6636691 2.2459749 1.7517517 1.6571713 2.0170243 2.2186543 2.0952190 1.9293922 1.8976271 1.8976271 2.0108200 1.9986073 2.3948787 2.3948787 2.5748582 1.7979303 2.4231044 2.0892180 3.1396454 3.4911736 3.0289686 6.1026307 5.4146523 2.1138421 1.8989696 2.0155944 2.7596101 2.5828193 3.2570912 3.7289319 4.4774532 
Chem_TCONS_00004956                                          1.5811313 1.6002193 1.6503017 1.4997242 1.6080127 1.6238098 2.6041116 1.4727033 2.7270715 2.0666211 1.3930997 1.4196671 1.6175874 1.3266334 1.3610336 1.4003833 1.4161974 1.5494840 0.8752251 0.0000000 2.2053070 2.3082732 2.4161858 3.4155166 2.1047196 2.3757128 1.4242808 2.0083747 1.7852039 1.5034039 1.7176835 3.1293768 3.0631592 2.0370684 1.9139638 1.9139638 2.0309423 2.0309423 2.2169133 2.2169133 2.4093453 1.7999935 1.6379169 1.9074515 2.7713169 2.8676236 2.5962343 5.5728338 5.0825133 1.6445734 1.6418041 1.8935921 2.6515528 2.4738469 3.2995992 3.7644678 4.2562346 
Horcal_Hcv1.av93.c2.g1169.i1                                 2.3160351 2.1769909 2.3183437 2.2395744 2.2964728 2.3335847 3.5298705 2.4530114 3.6727288 2.7566933 2.3430058 2.7065496 2.8340159 2.4771398 2.6668066 2.7491774 2.3157700 2.9348051 2.5773183 2.2053070 0.0000000 0.0173759 0.5505430 0.3774693 0.3393255 0.4264248 2.1591923 3.1644581 3.0559984 2.5424538 3.2795835 5.0032641 5.1575106 3.2717065 3.2349228 3.2349228 3.0863230 3.1350627 2.8658137 2.8658137 2.8663518 2.2465383 2.7491609 3.0335986 3.6704668 3.7336971 2.9703961 3.8707646 3.8406641 2.1299391 2.0637228 2.8802519 2.9778024 3.5493036 4.2930529 3.9200172 4.4344916 
Pbac_sb2647384                                               2.2072041 2.2106661 2.3810693 2.2316264 2.2905013 2.3258247 3.4948152 2.4484662 3.7250930 2.7542225 2.3003718 2.7058922 2.8478699 2.5441160 2.7289548 2.8625165 2.3423596 2.9304069 2.7366986 2.3082732 0.0173759 0.0000000 0.5523062 0.3923044 0.3572958 0.4278629 2.1147377 3.1003679 2.9900617 2.4449092 3.2668552 5.0330006 5.1658398 3.5545431 3.5077793 3.5077793 3.2381595 3.2877009 2.9402037 2.9402037 3.0680705 2.3407207 2.7297932 2.9822338 3.7250431 3.6626101 2.9611727 3.9087597 3.8790087 2.1385892 2.0854150 2.8841034 3.0601168 3.5707936 4.3024068 4.1191132 4.2961861 
Lampan_Lpan_14681_01                                         2.2087481 2.0666050 2.1326900 1.9819109 2.1011255 2.0732746 2.8623079 2.2850517 3.0533422 2.8467862 2.2634817 2.5292335 2.5768613 2.3635529 2.5163496 2.5411532 2.3222230 2.8116045 2.3600550 2.4161858 0.5505430 0.5523062 0.0000000 0.1788737 0.1731349 0.3819014 2.3796315 3.0737887 3.1374503 2.9605931 3.3806968 4.1240462 3.9234211 2.7569591 3.0133202 3.0133202 2.8934575 2.9394730 2.7794684 2.7794684 2.9346214 2.2876206 2.4982557 3.0727509 3.2088989 3.2060558 2.9611163 3.9928744 4.0521526 2.1876981 2.1489621 3.0474591 3.0277876 3.0276672 3.8957229 3.1336602 3.6219257 
Bolinf_Binf_sb1217671                                        4.1746001 2.5483960 2.6696281 3.2465357 2.7666310 2.7390851 2.2258292 3.3758591 2.7115645 5.2526078 4.6201186 3.1516008 3.4252387 2.9478173 3.1765957 3.2810558 2.4219337 2.5877007 3.7657300 3.4155166 0.3774693 0.3923044 0.1788737 0.0000000 0.0595189 0.1689395 2.8477404 8.3631091 4.4378110 3.4764220 6.3359889 3.3163508 3.5127855 4.0072932 4.2158556 4.2158556 3.9306783 4.1132894 5.0179919 5.0179919 4.6884032 8.9999983 4.6348961 6.4375190 5.7152245 6.5342616 6.7095377 3.0522669 3.0522669 2.8162277 3.2363848 4.7542858 4.3814473 7.9550703 7.1972960 5.1924954 3.1907449 
Mertsp_Mesp_sb528914                                         1.9981247 1.6777707 1.7619865 1.6456087 1.7236391 1.7325482 2.2677058 1.9707978 2.7470044 2.1770655 1.9906650 2.1099673 2.1863389 2.0752303 2.0697651 2.0447704 1.8745330 2.2104655 2.2582409 2.1047196 0.3393255 0.3572958 0.1731349 0.0595189 0.0000000 0.1906380 1.6164430 2.5949509 2.0825338 2.0193332 2.8132379 3.0920183 3.2716945 2.3774200 2.4403471 2.4403471 2.3651013 2.4140636 2.3916523 2.3916523 2.3664728 2.4661906 2.4184744 2.3435403 2.8407758 2.7872802 3.1414703 4.0628101 4.0628101 1.9247566 2.0927097 2.5729474 2.2157811 2.9627237 3.6188504 3.2176095 4.0233845 
Mlei_ML0249.g7.i1                                            2.2201105 2.1866805 2.2687258 2.1766928 2.3098648 2.2689089 3.2642409 2.4865219 3.3031535 3.1090443 2.4797314 2.7927277 2.9867823 2.4654166 2.5844070 2.6399718 2.3727207 2.9482181 2.7492941 2.3757128 0.4264248 0.4278629 0.3819014 0.1689395 0.1906380 0.0000000 2.4245228 3.3675040 3.0989677 2.9360380 3.9451522 4.4042866 4.6232322 2.9925255 3.1204669 3.1204669 3.0327096 3.0814810 2.8936753 2.8936753 3.1164423 2.2989751 2.8363026 3.3985146 3.5077961 3.6044325 2.9175088 4.5428928 4.3990787 2.0454404 2.1031308 3.1520187 3.0649475 3.7737631 4.2247088 3.6858425 4.1187954 
Hsap_ENST00000563197                                         1.0648704 1.4950066 1.5174924 1.1921542 1.4799995 1.5473938 2.3160381 1.4510430 2.8005132 1.2760130 1.2028211 1.7458854 1.6479190 1.8142997 1.9296164 2.0029764 1.9184871 1.9389404 1.6636691 1.4242808 2.1591923 2.1147377 2.3796315 2.8477404 1.6164430 2.4245228 0.0000000 1.4340300 1.4593510 1.4253276 1.7235786 3.7688114 3.8533688 2.1900837 2.2458470 2.2458470 2.0505983 2.0886191 2.1519990 2.1519990 2.2928784 1.9612101 2.4023147 1.5466763 2.6359954 2.6529122 2.2092841 4.5061415 4.0419693 1.6138103 1.4811681 1.8431681 1.5252711 2.3538054 2.4724392 2.9211059 3.6990025 
Cscu_XM_023387751.1                                          1.6668956 1.9633796 1.9636436 1.7532342 1.8970244 2.0095202 4.0571309 1.9622849 5.6464841 1.7363577 1.4333057 2.4835683 2.6306443 2.3563999 2.4213110 2.5638117 2.4296961 2.7771411 2.2459749 2.0083747 3.1644581 3.1003679 3.0737887 8.3631091 2.5949509 3.3675040 1.4340300 0.0000000 1.1499613 1.3568771 1.4245329 4.4278257 4.1833194 2.7494388 2.6638123 2.6638123 2.7012213 2.6896048 2.5238148 2.5238148 2.7394802 1.7969690 2.1472502 2.0240625 2.8088565 3.2041293 2.5707225 6.9542249 6.8500133 2.0129529 1.8225172 1.6022844 1.7698367 2.3490063 3.2478121 3.3644419 4.9549225 
Cgig_XM_011419935.3                                          1.0433096 1.6125805 1.5313155 1.3540992 1.5358501 1.5763805 3.0243025 1.5043041 2.8129114 1.5560823 1.5221482 1.7206248 1.8293357 1.8922457 1.8772830 1.9167263 1.7240586 1.9612762 1.7517517 1.7852039 3.0559984 2.9900617 3.1374503 4.4378110 2.0825338 3.0989677 1.4593510 1.1499613 0.0000000 0.6484288 1.0558249 3.9468663 3.7937473 2.4932000 2.2752766 2.2752766 2.6065257 2.6065257 2.8994726 2.8994726 3.1731306 1.8633478 2.5214802 1.9073969 2.8501532 3.1165581 2.3150290 6.0870925 5.6777086 1.5835575 1.6968497 1.7064824 1.7919510 2.8153604 2.8121796 3.4067544 5.2239494 
Acagra_model.g15154.t1                                       1.1012019 1.5681571 1.5890497 1.4842980 1.5306325 1.6055155 2.3767076 1.6072572 3.0507667 1.3966634 1.2428427 1.6277068 1.6635791 1.8640659 1.9440926 2.0675039 1.8248646 1.8563720 1.6571713 1.5034039 2.5424538 2.4449092 2.9605931 3.4764220 2.0193332 2.9360380 1.4253276 1.3568771 0.6484288 0.0000000 1.0380593 2.9676595 2.8701523 2.1085451 2.1565401 2.1565401 2.1229413 2.1178464 2.4259654 2.4259654 2.8039469 1.9295935 2.1463831 1.8549203 2.7641977 3.0453919 2.3216998 6.1920337 5.2530711 1.7754702 1.8148226 1.6420039 1.6015017 2.8921280 2.8080712 3.6608077 5.4664406 
Ctel_gnl_WGS_AMQN_CAPTEDRAFT_mRNA221368                      1.1766132 1.9128130 1.9177825 1.4537122 1.8492418 1.9278174 3.3825028 1.6909659 3.1320095 1.6492866 1.4260081 2.0089683 2.0127508 2.3824034 2.2003372 2.2114890 2.1840756 2.9857019 2.0170243 1.7176835 3.2795835 3.2668552 3.3806968 6.3359889 2.8132379 3.9451522 1.7235786 1.4245329 1.0558249 1.0380593 0.0000000 3.3528616 3.1860189 2.4662321 2.3798934 2.3798934 2.5487510 2.4988548 2.9611922 2.9611922 3.3100621 1.7884665 2.4648379 1.8349460 3.3668765 3.6444567 2.9180333 5.6415822 4.8484238 1.8610851 1.6474596 1.5994181 1.9746414 3.0146361 3.1692775 3.3209573 6.3292736 
HoiH23_hyp_clust1700.t1                                      2.7082664 1.7610933 1.8413751 2.3299147 1.8109367 1.8037880 2.0418835 1.7967761 1.9743216 3.3918600 2.5408593 1.8876966 1.9290204 3.1814969 2.6370705 2.8652930 2.6589370 2.9489907 2.2186543 3.1293768 5.0032641 5.0330006 4.1240462 3.3163508 3.0920183 4.4042866 3.7688114 4.4278257 3.9468663 2.9676595 3.3528616 0.0000000 0.0427247 0.0747810 0.0729230 0.0729230 0.2533461 0.2533461 6.3793750 6.3793750 6.6102341 4.3177156 5.3146475 4.7451751 8.3977789 5.3867333 3.5148937 2.9096637 2.3697846 2.3733231 2.2176583 3.6406362 3.5328101 4.9498690 6.8828331 7.7005751 2.8893681 
HoiH06_mRNA14437                                             2.6509012 1.7270594 1.8056098 2.2943236 1.7757473 1.7688923 2.0412002 1.7813657 1.9393120 3.2762754 2.5050402 1.9442286 2.0322491 3.0733748 2.6039301 2.7623966 2.5861082 2.8758997 2.0952190 3.0631592 5.1575106 5.1658398 3.9234211 3.5127855 3.2716945 4.6232322 3.8533688 4.1833194 3.7937473 2.8701523 3.1860189 0.0427247 0.0000000 0.0918544 0.0974555 0.0974555 0.2576163 0.2576163 6.0247395 6.0247395 6.2361120 4.3177156 5.4657662 4.7362097 8.6785878 5.4049478 3.6777224 2.8307822 2.3149302 2.4389284 2.1852624 3.3740632 3.3977382 4.9452871 6.6600165 7.5266249 2.5801345 
HoiH11_mRNA826                                               1.7590308 1.7776085 1.8522180 1.7871094 1.7545306 1.7564391 2.4688939 1.6759464 2.4021524 2.2654499 1.9670811 1.8291043 1.8861731 2.5445278 2.2637182 2.3711027 2.3056871 2.4370927 1.9293922 2.0370684 3.2717065 3.5545431 2.7569591 4.0072932 2.3774200 2.9925255 2.1900837 2.7494388 2.4932000 2.1085451 2.4662321 0.0747810 0.0918544 0.0000000 0.1708414 0.1708414 0.2664645 0.2656883 3.5269500 3.5269500 3.8634523 2.2939835 2.9331677 2.7181909 3.8451384 3.2614679 2.8257938 4.5252886 3.9878933 1.7224258 1.5996670 2.5171993 2.9217129 3.1245573 3.1914113 4.4569525 5.2164812 
Hhon_g05789.t1                                               1.7941401 1.7792253 1.8850572 1.8531792 1.7886931 1.7879271 2.6029896 1.7177692 2.5104613 2.1514984 1.9220133 1.7514903 1.8391272 2.3974152 2.2430432 2.3567535 2.2529967 2.5069736 1.8976271 1.9139638 3.2349228 3.5077793 3.0133202 4.2158556 2.4403471 3.1204669 2.2458470 2.6638123 2.2752766 2.1565401 2.3798934 0.0729230 0.0974555 0.1708414 0.0000000 0.0000010 0.3052928 0.3044093 3.5428411 3.5428411 3.6844689 2.0631020 3.0895690 2.7012449 3.7724778 3.3423536 2.9085930 4.6257751 4.0672845 1.6915655 1.6846378 2.2874179 3.0227824 3.0902012 3.1797508 4.3210457 5.5083579 
HoiH04_mRNA15787                                             1.7941401 1.7792253 1.8850572 1.8531792 1.7886931 1.7879271 2.6029896 1.7177692 2.5104613 2.1514984 1.9220133 1.7514903 1.8391272 2.3974152 2.2430432 2.3567535 2.2529967 2.5069736 1.8976271 1.9139638 3.2349228 3.5077793 3.0133202 4.2158556 2.4403471 3.1204669 2.2458470 2.6638123 2.2752766 2.1565401 2.3798934 0.0729230 0.0974555 0.1708414 0.0000010 0.0000000 0.3052928 0.3044093 3.5428411 3.5428411 3.6844689 2.0631020 3.0895690 2.7012449 3.7724778 3.3423536 2.9085930 4.6257751 4.0672845 1.6915655 1.6846378 2.2874179 3.0227824 3.0902012 3.1797508 4.3210457 5.5083579 
TrH2_TrispH2_000397-RA                                       1.6981434 1.7597226 1.8747214 1.8399674 1.7797026 1.8388030 2.5930570 1.8062475 2.7056599 2.2694726 1.9216526 1.7834283 1.8701970 2.6749031 2.3202455 2.4302695 2.3264298 2.3793446 2.0108200 2.0309423 3.0863230 3.2381595 2.8934575 3.9306783 2.3651013 3.0327096 2.0505983 2.7012213 2.6065257 2.1229413 2.5487510 0.2533461 0.2576163 0.2664645 0.3052928 0.3052928 0.0000000 0.0038090 3.4106318 3.4106318 3.5543770 2.0797531 2.8038341 2.4945613 3.7281632 3.2250078 2.7475313 4.4043455 3.8324050 1.7628320 1.6614915 2.4008835 2.8924345 2.9853156 2.9393647 4.0982295 4.6630933 
Tadh_TriadT59811                                             1.6981434 1.7566132 1.8715278 1.8359263 1.7765557 1.8355819 2.5858866 1.8311696 2.6980087 2.2694726 1.9598315 1.7554632 1.8639754 2.6657562 2.3118219 2.4215905 2.3177422 2.3709546 1.9986073 2.0309423 3.1350627 3.2877009 2.9394730 4.1132894 2.4140636 3.0814810 2.0886191 2.6896048 2.6065257 2.1178464 2.4988548 0.2533461 0.2576163 0.2656883 0.3044093 0.3044093 0.0038090 0.0000000 3.4027448 3.4027448 3.5465492 2.0797531 2.7408158 2.5362868 3.6556932 3.2834128 2.7359782 4.3893110 3.8202929 1.7557297 1.6573579 2.4008835 2.9450341 3.0390263 2.9896580 4.0896880 4.6442476 
Emue_Em0015g297a.t1                                          2.7855133 2.4958232 2.5693373 2.4154517 2.6130984 2.5639637 4.1966019 2.7285758 4.2733151 2.4506802 2.3551760 2.1759678 2.3044413 2.4489173 2.5693700 2.5752588 2.4823952 2.7758254 2.3948787 2.2169133 2.8658137 2.9402037 2.7794684 5.0179919 2.3916523 2.8936753 2.1519990 2.5238148 2.8994726 2.4259654 2.9611922 6.3793750 6.0247395 3.5269500 3.5428411 3.5428411 3.4106318 3.4027448 0.0000000 0.0000010 0.1838622 1.0300824 1.4304175 2.9938629 2.1024400 2.3741862 1.9470834 5.9937506 6.2475539 2.4835413 2.2904312 3.1045830 2.4269715 2.5677498 2.7328377 4.4605038 4.5987038 
Emue_Em0015g305a.t1                                          2.7855133 2.4958232 2.5693373 2.4154517 2.6130984 2.5639637 4.1966019 2.7285758 4.2733151 2.4506802 2.3551760 2.1759678 2.3044413 2.4489173 2.5693700 2.5752588 2.4823952 2.7758254 2.3948787 2.2169133 2.8658137 2.9402037 2.7794684 5.0179919 2.3916523 2.8936753 2.1519990 2.5238148 2.8994726 2.4259654 2.9611922 6.3793750 6.0247395 3.5269500 3.5428411 3.5428411 3.4106318 3.4027448 0.0000010 0.0000000 0.1838622 1.0300824 1.4304175 2.9938629 2.1024400 2.3741862 1.9470834 5.9937506 6.2475539 2.4835413 2.2904312 3.1045830 2.4269715 2.5677498 2.7328377 4.4605038 4.5987038 
Spolac_c97752_g2_i1_m.15710c97752-g2                         2.7439855 2.8409546 3.0598430 2.6827100 2.9458081 2.9272607 4.9779778 3.1188216 4.6642995 2.6265709 2.6522121 2.5989964 2.6404343 2.6561994 2.8626857 2.7537560 2.7254142 3.1189654 2.5748582 2.4093453 2.8663518 3.0680705 2.9346214 4.6884032 2.3664728 3.1164423 2.2928784 2.7394802 3.1731306 2.8039469 3.3100621 6.6102341 6.2361120 3.8634523 3.6844689 3.6844689 3.5543770 3.5465492 0.1838622 0.1838622 0.0000000 1.0998322 1.5170830 3.0704678 2.3758717 2.6280858 2.1228740 7.3501942 7.2156762 2.6638968 2.4668519 3.0759018 2.9719082 2.8856827 2.6820518 5.0513098 5.5964416 
Tetwil_g9640.t1                                              2.0706140 1.9724169 1.9209243 1.7690254 1.9406659 1.9066757 4.9061956 1.9318153 2.6870432 1.9235008 1.6220091 1.6900110 1.7265601 1.5302072 1.5423517 1.4349336 1.5613794 2.0652512 1.7979303 1.7999935 2.2465383 2.3407207 2.2876206 8.9999983 2.4661906 2.2989751 1.9612101 1.7969690 1.8633478 1.9295935 1.7884665 4.3177156 4.3177156 2.2939835 2.0631020 2.0631020 2.0797531 2.0797531 1.0300824 1.0300824 1.0998322 0.0000000 0.9142347 2.2029263 1.3568839 1.3495386 1.2623614 5.4828819 5.4828819 1.3209705 1.2169863 2.0489574 2.3088694 1.9120757 2.4526601 3.4883930 4.8038757 
Stycar_snap_masked-SC_scaffold3548-processed-gene-0.2-mRNA-1 2.2019026 2.4220973 2.6310678 2.4384282 2.5528157 2.6230928 4.7198418 2.3342251 4.9135398 2.2687342 2.4235887 2.0605435 2.1165280 2.6121048 2.8183738 2.8553834 2.6997464 2.8658331 2.4231044 1.6379169 2.7491609 2.7297932 2.4982557 4.6348961 2.4184744 2.8363026 2.4023147 2.1472502 2.5214802 2.1463831 2.4648379 5.3146475 5.4657662 2.9331677 3.0895690 3.0895690 2.8038341 2.7408158 1.4304175 1.4304175 1.5170830 0.9142347 0.0000000 2.4808034 1.8395274 2.2929402 1.4734622 5.4100062 5.3753837 2.2806586 2.0839069 2.5043585 3.0366909 2.6451743 2.9931388 3.3571376 3.9912797 
Spur_XM_788801.5                                             2.1390908 2.1169264 2.1511440 1.7244350 2.1235085 2.2820316 3.7434319 2.2633680 4.1338993 1.8942484 1.5607678 2.3443404 2.3931239 2.2604402 2.3449312 2.2554449 2.1134543 2.4822614 2.0892180 1.9074515 3.0335986 2.9822338 3.0727509 6.4375190 2.3435403 3.3985146 1.5466763 2.0240625 1.9073969 1.8549203 1.8349460 4.7451751 4.7362097 2.7181909 2.7012449 2.7012449 2.4945613 2.5362868 2.9938629 2.9938629 3.0704678 2.2029263 2.4808034 0.0000000 3.2690522 3.2776202 2.6267574 6.9039720 6.2679803 2.4095401 2.5124587 1.9699534 2.0785964 2.9063242 3.4113258 3.4861932 5.2975663 
Aque_Aqu2.1.26011_001                                        2.2105491 3.0935899 3.0599023 2.7482251 3.1353180 3.1247598 5.9852328 3.2860804 5.7911789 3.3182766 2.5511500 3.0548503 3.0247810 3.1435082 2.9135898 3.1476940 2.7903954 3.2527832 3.1396454 2.7713169 3.6704668 3.7250431 3.2088989 5.7152245 2.8407758 3.5077961 2.6359954 2.8088565 2.8501532 2.7641977 3.3668765 8.3977789 8.6785878 3.8451384 3.7724778 3.7724778 3.7281632 3.6556932 2.1024400 2.1024400 2.3758717 1.3568839 1.8395274 3.2690522 0.0000000 0.8243379 1.3578239 6.3084814 5.7653529 2.4516844 2.5148097 2.3390782 2.8697322 2.7357775 2.9162353 3.3929947 4.3042622 
Halamb_c48298_g1_i5mm.2597                                   2.2372724 3.2860404 3.3282792 2.9838067 3.4130931 3.3884475 8.2034798 3.1571382 7.1656823 3.5778286 2.4570552 3.2545112 3.2182339 3.2040153 3.4685720 3.4968184 3.0404327 3.6369279 3.4911736 2.8676236 3.7336971 3.6626101 3.2060558 6.5342616 2.7872802 3.6044325 2.6529122 3.2041293 3.1165581 3.0453919 3.6444567 5.3867333 5.4049478 3.2614679 3.3423536 3.3423536 3.2250078 3.2834128 2.3741862 2.3741862 2.6280858 1.3495386 2.2929402 3.2776202 0.8243379 0.0000000 1.2519621 5.5688679 5.0784964 2.5227680 2.5456286 2.9282054 3.1174199 2.4985928 3.1781202 3.3655132 4.2139542 
Xestes_maker-XT_scaffold717-snap-gene-0.6-mRNA-1             2.5542754 2.8053419 2.8993673 2.4221439 2.8712969 3.0757714 4.6827079 2.5682395 4.5022124 3.1118275 2.8113838 2.9219584 2.5569535 3.0751151 3.2674180 3.0604121 2.9377986 3.2145256 3.0289686 2.5962343 2.9703961 2.9611727 2.9611163 6.7095377 3.1414703 2.9175088 2.2092841 2.5707225 2.3150290 2.3216998 2.9180333 3.5148937 3.6777224 2.8257938 2.9085930 2.9085930 2.7475313 2.7359782 1.9470834 1.9470834 2.1228740 1.2623614 1.4734622 2.6267574 1.3578239 1.2519621 0.0000000 5.7549003 5.7513799 2.4571920 2.7943662 2.3149004 2.1525420 2.8522440 3.2429976 3.1869181 6.3275964 
Leuniv_Lniv_scaffold4428_01                                  4.1068745 2.5752401 2.7315595 3.0519033 2.8965952 2.7469814 1.6848880 3.6667676 2.6032168 5.4927508 5.5809544 3.5307778 3.4095155 4.5562976 4.5800462 4.7513660 4.8167453 4.8450719 6.1026307 5.5728338 3.8707646 3.9087597 3.9928744 3.0522669 4.0628101 4.5428928 4.5061415 6.9542249 6.0870925 6.1920337 5.6415822 2.9096637 2.8307822 4.5252886 4.6257751 4.6257751 4.4043455 4.3893110 5.9937506 5.9937506 7.3501942 5.4828819 5.4100062 6.9039720 6.3084814 5.5688679 5.7549003 0.0000000 0.0457187 1.6817488 1.3243937 5.5207282 4.9593866 5.5665166 6.3538743 8.4460783 2.5698995 
Leuniv_Lniv_scaffold4430_01                                  4.1068745 2.4446983 2.5600106 2.8165163 2.7452746 2.6047197 1.5822669 3.5640254 2.4459566 5.1543706 5.6714444 3.3924198 3.2883932 4.2445732 4.2978834 4.4503539 4.6003615 4.4721366 5.4146523 5.0825133 3.8406641 3.8790087 4.0521526 3.0522669 4.0628101 4.3990787 4.0419693 6.8500133 5.6777086 5.2530711 4.8484238 2.3697846 2.3149302 3.9878933 4.0672845 4.0672845 3.8324050 3.8202929 6.2475539 6.2475539 7.2156762 5.4828819 5.3753837 6.2679803 5.7653529 5.0784964 5.7513799 0.0457187 0.0000000 1.7184055 1.3243937 5.2776575 4.7892830 5.8788344 6.5267520 7.5055054 2.5698995 
Lcom_lcpid41231                                              1.5350531 1.4214927 1.4802320 1.2693140 1.4724433 1.4904487 2.3383056 1.7356655 3.1375977 2.1174048 1.7989111 1.6827301 1.6693013 2.0744576 2.0142445 2.0424577 1.9588255 2.1062222 2.1138421 1.6445734 2.1299391 2.1385892 2.1876981 2.8162277 1.9247566 2.0454404 1.6138103 2.0129529 1.5835575 1.7754702 1.8610851 2.3733231 2.4389284 1.7224258 1.6915655 1.6915655 1.7628320 1.7557297 2.4835413 2.4835413 2.6638968 1.3209705 2.2806586 2.4095401 2.4516844 2.5227680 2.4571920 1.6817488 1.7184055 0.0000000 0.4209303 2.3583838 2.3040597 2.5052752 2.9664014 4.0022636 2.8165835 
Gracom_Gcom_scaffold13869_01                                 1.4681698 1.2723667 1.2863123 1.0815926 1.4233471 1.3538603 1.8549509 1.5289466 2.5253435 1.8868354 1.4605846 1.4806262 1.5307938 2.0389219 2.1020853 2.0940253 1.8321969 1.9468199 1.8989696 1.6418041 2.0637228 2.0854150 2.1489621 3.2363848 2.0927097 2.1031308 1.4811681 1.8225172 1.6968497 1.8148226 1.6474596 2.2176583 2.1852624 1.5996670 1.6846378 1.6846378 1.6614915 1.6573579 2.2904312 2.2904312 2.4668519 1.2169863 2.0839069 2.5124587 2.5148097 2.5456286 2.7943662 1.3243937 1.3243937 0.4209303 0.0000000 2.3057164 2.1438520 2.3558975 2.9680559 3.4759880 2.6371479 
Dpul_mRNA8967                                                1.3393243 2.1025678 2.2126465 2.1209883 2.2341751 2.3023311 3.6344293 2.4435173 4.1486863 2.1089863 1.8618802 2.5769710 2.5845163 2.1965624 2.2371652 2.2567888 2.2644183 2.5951543 2.0155944 1.8935921 2.8802519 2.8841034 3.0474591 4.7542858 2.5729474 3.1520187 1.8431681 1.6022844 1.7064824 1.6420039 1.5994181 3.6406362 3.3740632 2.5171993 2.2874179 2.2874179 2.4008835 2.4008835 3.1045830 3.1045830 3.0759018 2.0489574 2.5043585 1.9699534 2.3390782 2.9282054 2.3149004 5.5207282 5.2776575 2.3583838 2.3057164 0.0000000 1.6274991 3.4946978 3.5909100 3.4561207 5.6845001 
Tcas_TC009249_001                                            2.0780871 2.4687659 2.4955131 2.3552322 2.4022560 2.4627606 3.5273818 2.3035502 3.5818845 2.2077025 2.0571888 2.5032091 2.7207614 2.6266467 2.8336269 2.6685446 2.2342591 2.9204846 2.7596101 2.6515528 2.9778024 3.0601168 3.0277876 4.3814473 2.2157811 3.0649475 1.5252711 1.7698367 1.7919510 1.6015017 1.9746414 3.5328101 3.3977382 2.9217129 3.0227824 3.0227824 2.8924345 2.9450341 2.4269715 2.4269715 2.9719082 2.3088694 3.0366909 2.0785964 2.8697322 3.1174199 2.1525420 4.9593866 4.7892830 2.3040597 2.1438520 1.6274991 0.0000000 2.9150121 2.9105995 4.1566412 5.8424667 
Plajan_Pjan_C556387_01                                       1.6694525 2.3082581 2.5069304 2.1193913 2.3554708 2.3976522 4.5128692 2.5073963 4.1982206 2.6670990 2.2629630 2.6111562 2.6196984 2.8722762 3.0005754 2.9252616 3.0506993 3.3724711 2.5828193 2.4738469 3.5493036 3.5707936 3.0276672 7.9550703 2.9627237 3.7737631 2.3538054 2.3490063 2.8153604 2.8921280 3.0146361 4.9498690 4.9452871 3.1245573 3.0902012 3.0902012 2.9853156 3.0390263 2.5677498 2.5677498 2.8856827 1.9120757 2.6451743 2.9063242 2.7357775 2.4985928 2.8522440 5.5665166 5.8788344 2.5052752 2.3558975 3.4946978 2.9150121 0.0000000 2.6832151 4.5914462 3.9039531 
Opea_EP00118_Oscarella_pearsei_P003840                       1.9613631 3.2043368 3.1187937 2.5265752 3.0593500 3.1180408 5.3085374 3.4086263 6.7714374 2.9800720 2.8261957 3.4224010 3.6357270 3.1728382 3.4464661 3.4313206 3.3605767 3.5168210 3.2570912 3.2995992 4.2930529 4.3024068 3.8957229 7.1972960 3.6188504 4.2247088 2.4724392 3.2478121 2.8121796 2.8080712 3.1692775 6.8828331 6.6600165 3.1914113 3.1797508 3.1797508 2.9393647 2.9896580 2.7328377 2.7328377 2.6820518 2.4526601 2.9931388 3.4113258 2.9162353 3.1781202 3.2429976 6.3538743 6.5267520 2.9664014 2.9680559 3.5909100 2.9105995 2.6832151 0.0000000 4.4540910 5.6755773 
Beraby_Baby_sb325043                                         2.9162443 3.8359227 3.8826982 3.8881340 3.5936495 3.7719397 4.5691847 4.0851772 6.2995651 3.5716972 3.6618204 3.4819375 3.9274008 4.1318400 4.0217393 4.2114246 3.6139052 3.7148535 3.7289319 3.7644678 3.9200172 4.1191132 3.1336602 5.1924954 3.2176095 3.6858425 2.9211059 3.3644419 3.4067544 3.6608077 3.3209573 7.7005751 7.5266249 4.4569525 4.3210457 4.3210457 4.0982295 4.0896880 4.4605038 4.4605038 5.0513098 3.4883930 3.3571376 3.4861932 3.3929947 3.3655132 3.1869181 8.4460783 7.5055054 4.0022636 3.4759880 3.4561207 4.1566412 4.5914462 4.4540910 0.0000000 6.4661041 
Clacor_Ccor_C532137_01                                       4.4410166 3.3785530 3.3888916 3.8759198 3.5371203 3.4203681 2.7365393 3.6038643 3.7029251 4.3491433 5.6406909 3.3151026 3.0189886 3.3123517 4.2778553 4.0864476 3.8697477 4.2311627 4.4774532 4.2562346 4.4344916 4.2961861 3.6219257 3.1907449 4.0233845 4.1187954 3.6990025 4.9549225 5.2239494 5.4664406 6.3292736 2.8893681 2.5801345 5.2164812 5.5083579 5.5083579 4.6630933 4.6442476 4.5987038 4.5987038 5.5964416 4.8038757 3.9912797 5.2975663 4.3042622 4.2139542 6.3275964 2.5698995 2.5698995 2.8165835 2.6371479 5.6845001 5.8424667 3.9039531 5.6755773 6.4661041 0.0000000 
