71
Amil_Amillepora24773-RA                              0.0000000 1.6274003 1.6837682 1.5610999 2.2949296 1.6161500 0.7282155 0.8871049 0.5059461 0.4285153 0.4676186 0.8499327 0.7688089 1.4087712 1.4161871 1.2784364 2.3529657 1.4285161 3.0081892 3.1853488 3.0006988 1.3781451 2.5761868 2.5261537 2.9730260 2.9294981 3.1411438 3.4914988 2.6224804 2.4555329 2.6314854 1.2397902 1.8648497 2.0210537 1.8939033 1.9768967 1.9768967 2.2771318 2.1480555 2.1107779 1.8290635 1.9590380 1.4548201 1.6268727 1.8193820 1.8869969 1.8746311 1.8747488 1.6747162 2.2640400 2.0844693 2.1544809 1.8717216 1.7431843 1.5002149 1.5854028 2.6351705 2.3993276 1.5746665 1.9729331 2.2674598 1.9345208 1.8829418 2.0549772 1.3978939 2.5871574 3.0231018 2.0599170 2.6253991 1.5300516 2.3034495 
Lcom_lcpid89994                                      1.6274003 0.0000000 0.2529059 0.2353575 0.2566758 0.5632069 0.9838932 0.9446886 0.9540472 1.2227439 1.1355223 0.9641191 1.0018707 0.9921274 1.0039674 0.7739977 1.2100560 0.3433151 1.2298855 1.6208656 1.2558610 0.7922032 1.2505754 1.3816947 1.6982381 1.2942951 1.4887360 1.2176277 1.6354709 1.2828174 1.8100894 0.8931240 0.9280622 1.0737021 1.1932183 1.1226166 1.1391443 1.4014326 1.0332743 1.1173399 0.7500783 0.8988353 0.9565178 0.9791158 1.0723042 1.0306271 1.0691424 1.2968347 1.0392128 1.0209718 1.2393774 1.2309328 1.0474666 1.1598645 1.0337600 1.1643972 1.0463432 0.9452719 0.8121479 0.8871070 0.8777171 1.1214324 0.8742189 1.1947478 1.1343041 1.0852247 1.1714499 1.0270314 1.5719074 0.9049943 1.7749886 
Gracom_Gcom_C546524_01                               1.6837682 0.2529059 0.0000000 0.3289607 0.2693862 0.5911810 0.9684000 0.8885034 0.8953152 1.1608728 1.1292212 0.9420787 0.9752018 0.8928648 0.9885996 0.8169140 1.2077320 0.3665974 1.2443558 1.6074254 1.2506940 0.7804942 1.2186288 1.3609252 1.6355160 1.2304696 1.4166870 1.2287283 1.5029155 1.1910735 1.6950224 0.7828521 0.8799376 1.0098309 1.0884367 1.0384745 1.0538637 1.3792669 1.0646002 1.1383837 0.7702527 0.9109586 0.9286370 0.9918016 1.0249587 1.0106591 1.0993214 1.2584023 1.0192858 0.9930341 1.1490462 1.1200169 0.9788724 1.0822636 0.9974041 1.0721219 1.0227873 1.0502360 0.8623259 0.8468325 0.8461743 1.0847022 0.8631243 1.2517920 1.1158236 1.0320320 1.1463100 1.0675385 1.4714428 0.8494638 1.7626298 
Leuniv_Lniv_scaffold8356_01                          1.5610999 0.2353575 0.3289607 0.0000000 0.2765586 0.7779675 1.1430295 1.1203104 1.2076989 1.0983897 1.4483240 1.0707346 1.1434715 1.1778765 1.1389409 0.7172332 1.6139801 0.0000010 1.6155613 1.6373667 1.6373667 0.5558632 1.2721840 1.4247449 1.6066675 1.4231271 1.4231271 1.7106860 1.6021426 1.5953377 1.5953377 7.1109280 1.0114803 1.3308886 1.3976753 1.4317262 1.4317262 1.4588278 1.4841036 1.5134349 0.8917711 0.8867496 0.9604071 1.1400046 1.2449251 1.2108518 1.2740119 1.7112222 1.0875828 1.1932946 1.4873412 1.3467675 1.1453357 1.2635800 1.1907246 1.3778208 1.1655492 0.9697874 0.9218433 1.0330823 1.0698941 1.4129945 1.0602172 1.2046723 1.1986318 1.3775211 1.7115700 1.0773416 1.5340200 0.0000010 1.9648199 
Scil_scict022943.1                                   2.2949296 0.2566758 0.2693862 0.2765586 0.0000000 0.6422246 1.1092723 1.1400122 1.1279597 1.4332655 1.4277306 1.0792312 1.1518323 1.1717073 1.0938318 1.4111928 1.7243356 0.1606843 1.7808822 1.8284148 1.7631290 1.0331736 1.5805747 1.6047589 1.8239808 1.5681313 1.5570933 1.8425793 1.9152581 1.9225017 2.1147836 2.1820420 1.0255018 1.2824597 1.3480653 1.3748826 1.4041021 1.4714503 1.4394539 1.4635681 0.7568991 1.0013469 0.9164901 1.1538281 1.3307917 1.0310434 1.2012742 1.4612070 1.0619875 1.0819665 1.3884468 1.3119742 1.1548438 1.1308153 1.1718031 1.3687632 1.1747936 0.9955746 0.9457782 0.9795912 0.9301373 1.2449279 0.9713134 1.3287220 1.3385095 1.2063892 1.3844829 1.2187312 1.6471403 0.0000010 2.0553398 
Clacor_Ccor_C531291_01                               1.6161500 0.5632069 0.5911810 0.7779675 0.6422246 0.0000000 0.8017911 0.8013114 0.9130991 0.9902588 1.1066423 0.7505183 0.7912321 0.8855524 0.7665644 0.9672092 1.3852465 0.1675568 1.4600280 1.6906160 1.5043708 0.8169815 1.4259417 1.4674143 1.8610155 1.4957679 1.6500684 1.4971902 1.5873433 1.4457047 1.7526579 0.9216921 0.8002804 1.0595989 1.0809582 1.1560483 1.1779294 1.2806444 1.1431613 1.1492891 0.6624091 0.8304543 0.6721304 0.9996216 1.1428464 1.0743302 0.9599546 1.1118320 0.7819165 0.9249333 0.9779432 0.9938076 0.8585592 0.9168315 0.8902297 1.0115698 0.9775880 0.9839340 0.8341820 0.8862707 0.7675131 1.0314427 0.8383449 1.1494309 1.0325672 1.0720460 1.0908816 0.8907981 1.3437315 9.0000000 1.8891811 
Fspp_ffun1.m4.18065.m1                               0.7282155 0.9838932 0.9684000 1.1430295 1.1092723 0.8017911 0.0000000 0.0875222 0.1215491 0.1030138 0.2635586 0.1190476 0.1150595 0.4760589 0.4408093 0.6683696 1.1791103 0.3610161 1.0294138 1.2941944 1.0571123 0.6815803 1.0924193 1.2602335 1.5587084 1.1312253 1.3424956 1.1717923 1.1621377 1.0576766 1.3252858 0.9314717 0.7821981 0.9841994 0.9877573 1.0515978 1.0543500 1.1955017 0.9847130 1.0329728 0.6763993 0.7084064 0.7714552 0.7895850 0.7641305 0.8086026 0.7923247 1.0872662 0.7981756 0.8888981 0.9562905 0.9163346 0.9019231 0.8437571 0.6446825 0.8469438 1.0040305 0.9547738 0.9078418 0.9185449 0.7782768 0.8087082 0.7994853 1.0415289 0.9014962 1.1999227 1.2456797 0.9937474 1.2137287 0.1539569 1.5317938 
Gasp_gasp1.m3.23234.m1                               0.8871049 0.9446886 0.8885034 1.1203104 1.1400122 0.8013114 0.0875222 0.0000000 0.1456083 0.1857471 0.2810770 0.1646959 0.1629639 0.4249022 0.4258253 0.6680589 1.1424835 0.3624973 1.0757377 1.2486891 1.0235067 0.6212421 0.9957988 1.1887646 1.5765158 1.0932466 1.3786022 1.1685914 1.1674257 1.0274682 1.3324775 0.8822792 0.7506410 0.9955388 1.0347242 1.0305239 1.0332039 1.1879537 0.9755286 1.0299637 0.6681533 0.6848807 0.7435453 0.7490506 0.7568445 0.7819229 0.7499468 1.0757735 0.7784196 0.9067819 0.9432838 0.9236787 0.8699230 0.8370988 0.6923185 0.7796011 0.9566861 0.9314433 0.8651024 0.8548165 0.7073452 0.8084303 0.7913704 1.1134030 0.8264954 1.1215870 1.1898219 0.9591098 1.3163118 0.1520108 1.7234626 
Amil_Amillepora24767-RA                              0.5059461 0.9540472 0.8953152 1.2076989 1.1279597 0.9130991 0.1215491 0.1456083 0.0000000 0.0000010 0.0466960 0.1828085 0.1751572 0.4430866 0.4341121 0.7625842 1.2686669 0.3955709 1.1508851 1.5429297 1.1552186 0.8259980 1.1587689 1.2916934 1.6529273 1.2634073 1.6923406 1.2290516 1.3843101 1.1780387 1.6152852 0.8910293 0.7598933 0.8976834 0.9667999 0.9319258 0.9346138 1.2328318 0.9570385 1.0195229 0.7844212 0.7119390 0.8118404 0.7923226 0.7541860 0.7972889 0.7644244 1.0911962 0.8430164 0.9644331 1.0159056 1.0368580 0.9115243 0.9190907 0.6290637 0.6732202 1.0543504 1.0140455 0.8658380 0.9279970 0.8065549 0.7696382 0.8831740 1.1852809 0.8653788 1.1618126 1.2688044 1.0086927 1.2582476 0.2287718 1.6888588 
Adig_XM_015898812.1                                  0.4285153 1.2227439 1.1608728 1.0983897 1.4332655 0.9902588 0.1030138 0.1857471 0.0000010 0.0000000 0.0108467 0.1177116 0.1156958 0.4276902 0.4099090 0.0000010 1.5444812 0.0000010 1.4878305 1.6806422 1.6806422 0.0000010 1.3790778 1.2851420 1.7847632 1.7060067 1.7060067 1.6669210 1.3178623 1.3251944 1.3251944 2.8274353 0.9492520 1.1089271 1.1299630 1.1108699 1.1108699 1.1712572 1.3105070 1.3245150 0.8575100 0.8887671 0.8642594 0.7622163 1.1343943 0.8172757 0.8841064 1.0738459 0.8660345 1.1340433 1.3322150 1.1741362 0.9582070 0.9791946 0.7667748 0.9264890 1.4608429 1.1667200 1.0389195 1.0700954 0.9496188 1.1870224 0.8771943 0.9523719 0.8206707 1.6157254 2.2160074 1.1266527 1.3020919 0.0000010 1.3485457 
Adig_XM_015897345.1                                  0.4676186 1.1355223 1.1292212 1.4483240 1.4277306 1.1066423 0.2635586 0.2810770 0.0466960 0.0108467 0.0000000 0.3387684 0.3277165 0.5784153 0.5905097 0.7072909 1.4464174 0.3955709 1.3051588 1.7520367 1.2912278 0.8346631 1.2908912 1.4137188 2.0494956 1.4103812 1.9013667 1.3919362 1.6698749 1.3515296 1.8633351 0.9826919 0.9767147 1.1385401 1.2798581 1.1690862 1.1722607 1.4959345 1.1559634 1.2099285 0.9218158 0.8750011 0.8840693 0.9430313 0.9303370 0.9501370 0.9304402 1.2880562 1.0326799 1.2092593 1.2399072 1.2790356 1.0376502 1.0901652 0.8438920 0.9321996 1.2499212 1.1686907 1.0302747 1.1116730 1.0407160 0.9883718 1.0881237 1.5476145 0.9914204 1.3428401 1.4869378 1.1717769 2.0053888 0.2287718 1.7506330 
Spis_XP_022790350_1                                  0.8499327 0.9641191 0.9420787 1.0707346 1.0792312 0.7505183 0.1190476 0.1646959 0.1828085 0.1177116 0.3387684 0.0000000 0.0387098 0.4454327 0.4345163 0.7310356 1.2423920 0.4053133 1.0860672 1.2962323 1.0675431 0.6735125 1.1038655 1.2624531 1.6017852 1.1503353 1.3592878 1.1978217 1.2069653 1.1415825 1.3784918 1.0734060 0.7979627 0.9997129 1.0438576 1.0488353 1.0515565 1.2155015 0.9992650 1.0466523 0.7093170 0.7454673 0.7658476 0.7911019 0.7341784 0.7964950 0.8243954 1.0728928 0.8131141 0.9025007 0.9400227 0.8791675 0.8384249 0.8762531 0.6502115 0.8311891 0.9457455 0.9030277 0.9570519 0.9459159 0.8050104 0.7875206 0.7700895 1.0020134 0.8918503 1.2047741 1.2341608 1.0087095 1.2488086 0.3134287 1.5450244 
Pocdam_XM_027184705.1                                0.7688089 1.0018707 0.9752018 1.1434715 1.1518323 0.7912321 0.1150595 0.1629639 0.1751572 0.1156958 0.3277165 0.0387098 0.0000000 0.4665623 0.4379702 0.6609818 1.1880042 0.3456611 1.0629265 1.3112430 1.0551118 0.6450363 1.0866422 1.2505126 1.5852632 1.1251773 1.3323891 1.1572900 1.1790600 1.1143775 1.3701730 1.0229652 0.7907068 1.0029395 1.0464285 1.0445402 1.0472354 1.1491226 0.9426351 0.9902516 0.6967964 0.7452564 0.7550731 0.7962975 0.7398226 0.7935200 0.7951689 1.0359892 0.7661281 0.8672190 0.9202489 0.8502457 0.8153865 0.8623891 0.6574163 0.8021163 0.9404361 0.9368159 0.9476699 0.9906200 0.7835109 0.8081979 0.7864410 1.0263235 0.8504491 1.1847420 1.2116702 0.9949769 1.2594448 0.2746244 1.4660768 
Exapal_XM_021048196.2                                1.4087712 0.9921274 0.8928648 1.1778765 1.1717073 0.8855524 0.4760589 0.4249022 0.4430866 0.4276902 0.5784153 0.4454327 0.4665623 0.0000000 0.3890804 0.6873048 1.1205697 0.3953280 1.1414595 1.4951824 1.1602793 0.6849992 1.0979506 1.1658424 1.5553887 1.1510525 1.4003605 1.2145635 1.3432641 1.1540685 1.4965359 0.9438787 0.7795440 0.7714475 0.8412398 0.8186124 0.8205861 0.9951034 0.8595214 0.9084206 0.6724237 0.7227432 0.8413351 0.7801873 0.8166324 0.8346074 0.7638369 1.0395167 0.8351739 0.8277900 0.9025412 0.9187288 0.8551736 0.9996164 0.7387622 0.8795624 0.9670479 0.9151555 0.8213074 0.8350742 0.7388747 0.8681258 0.7422252 1.0308904 0.9192017 1.1340976 1.1226644 0.9821969 1.2940177 0.4783404 2.1235953 
Nvec_v1g166761                                       1.4161871 1.0039674 0.9885996 1.1389409 1.0938318 0.7665644 0.4408093 0.4258253 0.4341121 0.4099090 0.5905097 0.4345163 0.4379702 0.3890804 0.0000000 0.8142129 1.2075977 0.5364793 1.2684696 1.5234714 1.2093809 0.8146244 1.2071552 1.3080548 1.6489027 1.3377631 1.4581091 1.1974222 1.3729605 1.2423874 1.5166872 1.0845549 0.8224033 0.8948932 0.8998191 0.9759566 0.9783780 1.0392534 0.9697898 1.0037924 0.7258821 0.6838094 0.8516014 0.7866532 0.9041123 0.7731901 0.8179639 1.1204375 0.7985866 0.8061956 0.9408743 0.9045582 0.9386322 0.9640441 0.7340841 0.8628008 1.0203832 0.9486631 0.8965396 0.8999921 0.7879990 0.8195642 0.8129748 1.0192991 0.8816204 1.1857603 1.2075487 0.9917734 1.3425697 0.6775201 1.8761515 
Pbac_sb2639046                                       1.2784364 0.7739977 0.8169140 0.7172332 1.4111928 0.9672092 0.6683696 0.6680589 0.7625842 0.0000010 0.7072909 0.7310356 0.6609818 0.6873048 0.8142129 0.0000000 0.0000010 0.0440037 0.2550324 0.1062580 0.2581912 0.3153784 0.3468366 0.4413166 0.0000010 0.2785436 0.1387717 0.4408744 0.4068128 0.4321080 1.0930991 0.4673675 0.7585643 0.6774991 0.6852826 0.7167151 0.7643291 0.8982505 0.6643090 0.6643090 0.7950743 0.9330644 0.8424864 0.8521866 0.9631418 0.7854095 0.9743675 0.8761678 0.7515842 0.8362242 0.8119314 0.8124006 0.8726159 0.8555374 0.8556405 0.9728458 0.8517511 0.8833446 0.9829074 1.1104433 0.8199308 0.9487356 0.8814733 9.0000000 1.0160520 0.8410342 0.8078880 0.8405521 0.0000010 0.5557492 1.4837057 
Horcal_Hcv1.av93.c6.g625.i1                          2.3529657 1.2100560 1.2077320 1.6139801 1.7243356 1.3852465 1.1791103 1.1424835 1.2686669 1.5444812 1.4464174 1.2423920 1.1880042 1.1205697 1.2075977 0.0000010 0.0000000 0.0440037 0.5929307 0.6247037 0.4814395 0.3437961 0.6169051 0.7009039 0.8435474 0.5705888 0.6625848 0.7654488 0.8547550 0.8224618 0.9650308 0.8898993 1.3610653 1.4251564 1.5402678 1.4045131 1.4347548 1.8131926 1.4289103 1.5067128 1.1872011 1.3794255 1.6029217 1.2814208 1.3819484 1.4103808 1.5169464 1.5853994 1.3839600 1.3853173 1.4004676 1.3963237 1.4752181 1.4531393 1.3387593 1.4639483 1.2992524 1.5120444 1.3844316 1.4051298 1.3812520 1.7379667 1.4623548 2.1812574 1.4013714 1.6503956 1.5753796 1.4140835 1.8830464 1.1411795 0.7288809 
Pbac_sb2648462                                       1.4285161 0.3433151 0.3665974 0.0000010 0.1606843 0.1675568 0.3610161 0.3624973 0.3955709 0.0000010 0.3955709 0.4053133 0.3456611 0.3953280 0.5364793 0.0440037 0.0440037 0.0000000 0.2555532 0.0000010 0.2781893 0.2259669 0.2996289 0.3182853 0.0000010 0.2609704 0.0000010 0.3562647 0.2546825 0.3469991 0.2546825 0.3583315 0.3602883 0.4290613 0.2488249 0.4668016 0.4668016 0.2842264 0.3988198 0.3988198 0.4855322 0.5479268 0.4301468 0.6190185 0.4638571 0.4797944 0.5289714 0.6064143 0.4888079 0.5516917 0.5632579 0.6142029 0.5609408 0.6103389 0.5535734 0.5535734 0.4877812 0.6712179 0.5431099 0.6565210 0.5412038 0.4550018 0.4440461 0.0000010 0.6370736 0.4947297 0.4149501 0.4381023 0.0000010 0.5557492 1.7271673 
Drygla_Dgla_sb278391                                 3.0081892 1.2298855 1.2443558 1.6155613 1.7808822 1.4600280 1.0294138 1.0757377 1.1508851 1.4878305 1.3051588 1.0860672 1.0629265 1.1414595 1.2684696 0.2550324 0.5929307 0.2555532 0.0000000 0.4591120 0.3545793 0.3033229 0.4457113 0.4998532 0.6096921 0.3681466 0.4491514 0.7079071 0.6687488 0.6052754 0.7530935 0.6314510 1.1962336 1.2907302 1.3926669 1.2631572 1.2931026 1.6359616 1.3243393 1.3432229 1.0165835 1.4523102 1.5047646 1.3614012 1.2866965 1.2142626 1.2281431 1.3099447 1.1455645 1.1441298 1.2706048 1.2357318 1.2299439 1.1210298 1.1580310 1.3785209 1.2492217 1.3363971 1.2566055 1.3594979 1.2655595 1.5404534 1.3790872 2.2295684 1.3932265 1.4761890 1.4942286 1.3015881 2.1814417 0.9367872 1.3793033 
Bolinf_Binf_sb1218224                                3.1853488 1.6208656 1.6074254 1.6373667 1.8284148 1.6906160 1.2941944 1.2486891 1.5429297 1.6806422 1.7520367 1.2962323 1.3112430 1.4951824 1.5234714 0.1062580 0.6247037 0.0000010 0.4591120 0.0000000 0.0000010 0.0613572 0.5873470 0.4449398 0.6139517 0.4706531 0.4706531 0.7789780 0.7000924 0.6881223 0.6881223 5.0651886 1.5350070 2.0155670 1.9569556 2.0263533 2.0263533 1.8669899 2.0274338 2.0716151 1.3208040 1.8289898 1.9927589 1.6896873 1.8678438 1.8027343 1.5905854 1.6810140 1.6718893 1.5466749 1.6844744 1.6908974 1.6705199 1.5968162 1.4665603 1.9200898 1.5531817 1.6988530 1.5245667 1.6007576 1.6898924 2.0693583 2.0285731 2.3273238 1.5564572 2.2632744 2.2119625 1.4935442 1.9539854 0.0000010 1.0658994 
Mertsp_Mesp_sb576703                                 3.0006988 1.2558610 1.2506940 1.6373667 1.7631290 1.5043708 1.0571123 1.0235067 1.1552186 1.6806422 1.2912278 1.0675431 1.0551118 1.1602793 1.2093809 0.2581912 0.4814395 0.2781893 0.3545793 0.0000010 0.0000000 0.1495729 0.4151076 0.3582230 0.6139517 0.3735019 0.4594366 0.6073551 0.6624766 0.5602396 0.7509459 0.5598932 1.1596681 1.4695236 1.6325863 1.4581759 1.4814995 1.8430230 1.4372539 1.4584796 1.0508869 1.3989910 1.4952980 1.3412492 1.4216218 1.3809972 1.3247445 1.3644428 1.2283061 1.2108929 1.2798009 1.2628072 1.3666763 1.2880512 1.1511546 1.3840868 1.2528792 1.3220707 1.2595757 1.3284108 1.3040744 1.5092291 1.4175985 2.4373874 1.3563118 1.5762570 1.5614155 1.2397050 1.9539854 0.6107249 1.2265547 
Bolinf_Binf_sb1186862                                1.3781451 0.7922032 0.7804942 0.5558632 1.0331736 0.8169815 0.6815803 0.6212421 0.8259980 0.0000010 0.8346631 0.6735125 0.6450363 0.6849992 0.8146244 0.3153784 0.3437961 0.2259669 0.3033229 0.0613572 0.1495729 0.0000000 0.2470988 0.2770876 0.0000010 0.2006210 0.0455016 0.4505618 0.1226652 0.3957842 0.6030657 0.5266471 0.7898689 0.7399368 0.6686421 0.7424521 0.7838183 1.1146866 0.7458487 0.7458487 0.7402272 0.7897023 0.7322209 0.7714785 0.7913952 0.7654647 0.8554181 0.9075197 0.8274793 0.8532512 0.8534911 0.9198583 0.8928053 0.8411897 0.8233373 0.9583324 0.8471280 0.7812638 0.9547361 1.0304570 0.8927642 0.7332698 0.6969195 3.5844238 0.9891801 0.7312209 0.8088317 0.8946686 0.5910310 0.7374140 1.9234066 
Beraby_Baby_sb337860                                 2.5761868 1.2505754 1.2186288 1.2721840 1.5805747 1.4259417 1.0924193 0.9957988 1.1587689 1.3790778 1.2908912 1.1038655 1.0866422 1.0979506 1.2071552 0.3468366 0.6169051 0.2996289 0.4457113 0.5873470 0.4151076 0.2470988 0.0000000 0.4756070 0.4777354 0.3625664 0.3868544 0.6509029 0.5679313 0.5668903 0.6645030 0.6636224 1.2460094 1.4264441 1.5502055 1.4552257 1.4888336 1.7801485 1.4111546 1.4774516 1.1584880 1.3620411 1.5131928 1.3815981 1.2838112 1.2703487 1.4009504 1.4345373 1.3602821 1.3219164 1.3639688 1.4092084 1.4417614 1.2617174 1.2254610 1.3310251 1.2644773 1.3294012 1.2105654 1.3749538 1.2423678 1.5954189 1.3642600 2.0609723 1.3797250 1.4316293 1.5263703 1.3141373 1.9546078 0.9852112 1.3664121 
Lampan_Lpan_C411953_01                               2.5261537 1.3816947 1.3609252 1.4247449 1.6047589 1.4674143 1.2602335 1.1887646 1.2916934 1.2851420 1.4137188 1.2624531 1.2505126 1.1658424 1.3080548 0.4413166 0.7009039 0.3182853 0.4998532 0.4449398 0.3582230 0.2770876 0.4756070 0.0000000 0.5722043 0.3798084 0.4378586 0.5885882 0.6096426 0.6508828 0.6931336 0.9895920 1.3057674 1.3723075 1.4300430 1.3808918 1.3914658 1.6531728 1.4830633 1.5618354 1.2868140 1.3412812 1.5304185 1.3486438 1.3805285 1.4149615 1.4013357 1.4866192 1.3309433 1.3080149 1.4270140 1.3479464 1.5610872 1.3206584 1.1958638 1.3321365 1.2565829 1.3259366 1.2886831 1.4440371 1.3688052 1.6433553 1.4971493 2.2042603 1.3232042 1.7145802 1.8525293 1.3386373 1.8263211 1.2829037 1.4867262 
Bolinf_Binf_sb1219360                                2.9730260 1.6982381 1.6355160 1.6066675 1.8239808 1.8610155 1.5587084 1.5765158 1.6529273 1.7847632 2.0494956 1.6017852 1.5852632 1.5553887 1.6489027 0.0000010 0.8435474 0.0000010 0.6096921 0.6139517 0.6139517 0.0000010 0.4777354 0.5722043 0.0000000 0.1982772 0.1982772 0.7086210 0.6651051 0.6688324 0.6688324 8.8760357 1.6217212 2.0038183 1.9466015 1.9517080 1.9517080 1.9931017 2.2824878 2.3295296 1.3801179 1.5291673 1.8592845 1.4365056 1.6556330 1.5710577 1.5400599 2.0368942 1.8184667 1.5858851 1.7229633 1.7964409 1.9913268 1.6461617 1.6008361 1.7492228 1.6610970 1.5527116 1.5710004 1.7068402 1.8268784 2.1640101 1.8957264 1.8982953 1.8610951 2.2078692 2.2876360 1.6609476 2.3387373 0.0000010 1.0865569 
Mlei_ML1066.g27.i1                                   2.9294981 1.2942951 1.2304696 1.4231271 1.5681313 1.4957679 1.1312253 1.0932466 1.2634073 1.7060067 1.4103812 1.1503353 1.1251773 1.1510525 1.3377631 0.2785436 0.5705888 0.2609704 0.3681466 0.4706531 0.3735019 0.2006210 0.3625664 0.3798084 0.1982772 0.0000000 0.0000010 0.6236066 0.5837073 0.5933936 0.6853206 0.7730189 1.2702122 1.3115726 1.3893946 1.3721123 1.4041074 1.5565583 1.3666650 1.4419619 1.1428587 1.3944934 1.5407287 1.2556130 1.3219887 1.3015855 1.3771474 1.5316381 1.3479659 1.2919383 1.3533251 1.3381102 1.4718994 1.2977032 1.2430483 1.3081048 1.2454201 1.3925960 1.3048151 1.4363008 1.3514138 1.5372196 1.4119032 2.1616055 1.4114364 1.5909179 1.6270417 1.3878729 2.1107773 1.0918074 1.2830779 
Vmul_sbMO395593                                      3.1411438 1.4887360 1.4166870 1.4231271 1.5570933 1.6500684 1.3424956 1.3786022 1.6923406 1.7060067 1.9013667 1.3592878 1.3323891 1.4003605 1.4581091 0.1387717 0.6625848 0.0000010 0.4491514 0.4706531 0.4594366 0.0455016 0.3868544 0.4378586 0.1982772 0.0000010 0.0000000 0.6594403 0.6091034 0.6121230 0.6121230 6.5612760 1.4630250 1.5401172 1.5762483 1.6066163 1.6684251 1.5411762 1.6693608 1.6984726 1.1855352 1.5570481 1.7020592 1.2742271 1.6065423 1.4143263 1.3977622 1.6781896 1.5857901 1.3826289 1.5637532 1.5670379 1.6928369 1.4536748 1.4460646 1.6599308 1.5260405 1.4240049 1.3639851 1.5370921 1.5244770 1.8297229 1.7901938 2.1616055 1.6031049 1.8588651 1.9649668 1.4601319 2.1107773 0.0000010 1.1049935 
Vmul_sbMO407055                                      3.4914988 1.2176277 1.2287283 1.7106860 1.8425793 1.4971902 1.1717923 1.1685914 1.2290516 1.6669210 1.3919362 1.1978217 1.1572900 1.2145635 1.1974222 0.4408744 0.7654488 0.3562647 0.7079071 0.7789780 0.6073551 0.4505618 0.6509029 0.5885882 0.7086210 0.6236066 0.6594403 0.0000000 0.4385456 0.3590538 0.4594625 0.4359327 1.2091003 1.2743072 1.4049914 1.2429880 1.2524654 1.5850593 1.3883546 1.4019603 1.0304868 1.2524308 1.3567249 1.2068526 1.4096452 1.2546268 1.1040195 1.3024110 1.3377961 1.3104387 1.4079274 1.4195847 1.4486541 1.1464502 1.0973721 1.1855456 1.2204237 1.2632581 1.2491597 1.4345338 1.2485852 1.5337991 1.3991710 2.1884859 1.4656698 1.5232840 1.5121068 1.1186701 1.8547714 0.9258434 1.7313458 
Coemet_Cmet_scaffold20090_01                         2.6224804 1.6354709 1.5029155 1.6021426 1.9152581 1.5873433 1.1621377 1.1674257 1.3843101 1.3178623 1.6698749 1.2069653 1.1790600 1.3432641 1.3729605 0.4068128 0.8547550 0.2546825 0.6687488 0.7000924 0.6624766 0.1226652 0.5679313 0.6096426 0.6651051 0.5837073 0.6091034 0.4385456 0.0000000 0.0053784 0.0053784 4.3101302 1.4906070 1.5839573 1.5952550 1.6193092 1.6401993 1.5693805 1.6795255 1.7157905 1.1620441 1.5158951 1.5400882 1.3536000 1.5269203 1.4038592 1.4248493 1.5405839 1.5059481 1.4469577 1.5381886 1.5015722 1.6891808 1.2808307 1.3489649 1.7647274 1.6584073 1.4022360 1.3365994 1.5108408 1.3765768 1.5632304 1.8641402 2.2244831 1.5527875 1.8167817 1.8585641 1.5693592 2.1025085 0.0000010 1.6769123 
Coeast_Cast_sb804720                                 2.4555329 1.2828174 1.1910735 1.5953377 1.9225017 1.4457047 1.0576766 1.0274682 1.1780387 1.3251944 1.3515296 1.1415825 1.1143775 1.1540685 1.2423874 0.4321080 0.8224618 0.3469991 0.6052754 0.6881223 0.5602396 0.3957842 0.5668903 0.6508828 0.6688324 0.5933936 0.6121230 0.3590538 0.0053784 0.0000000 0.0227133 0.1148965 1.3070547 1.2748740 1.3753079 1.3238234 1.3339706 1.5735713 1.3491798 1.4254534 1.0920192 1.3571384 1.4917313 1.2940234 1.3531648 1.2768575 1.2926561 1.4728697 1.3093309 1.3088253 1.3155549 1.2887861 1.4032277 1.2228282 1.2672688 1.5014463 1.3372659 1.3600575 1.3363391 1.4577762 1.2523116 1.4255611 1.5635728 2.2288089 1.3241670 1.5550705 1.5029664 1.3576489 2.0931014 0.9221043 1.6400362 
Coeast_Cast_sb804725                                 2.6314854 1.8100894 1.6950224 1.5953377 2.1147836 1.7526579 1.3252858 1.3324775 1.6152852 1.3251944 1.8633351 1.3784918 1.3701730 1.4965359 1.5166872 1.0930991 0.9650308 0.2546825 0.7530935 0.6881223 0.7509459 0.6030657 0.6645030 0.6931336 0.6688324 0.6853206 0.6121230 0.4594625 0.0053784 0.0227133 0.0000000 5.4414316 1.6797990 1.7428239 1.7868040 1.7999783 1.8224065 1.7598668 1.8949529 1.9327781 1.4369069 1.7219860 1.7351703 1.5427721 1.7424932 1.5950461 1.6032669 1.7159799 1.6882871 1.6423963 1.6982487 1.6718283 1.9072058 1.4813175 1.5155590 1.9547981 1.8647017 1.6470278 1.4795604 1.6736405 1.5527946 1.7331670 2.0482832 2.2288089 1.8075284 1.9985050 2.0471196 1.7800687 2.0931014 0.0000010 1.6763208 
Coeast_Cast_sb804721                                 1.2397902 0.8931240 0.7828521 7.1109280 2.1820420 0.9216921 0.9314717 0.8822792 0.8910293 2.8274353 0.9826919 1.0734060 1.0229652 0.9438787 1.0845549 0.4673675 0.8898993 0.3583315 0.6314510 5.0651886 0.5598932 0.5266471 0.6636224 0.9895920 8.8760357 0.7730189 6.5612760 0.4359327 4.3101302 0.1148965 5.4414316 0.0000000 1.0782552 0.9263354 0.8508268 0.9365568 0.9365568 1.6567645 0.9269164 1.0660583 1.0349682 1.1742727 1.3953177 1.2293977 1.1564679 1.1490652 1.1765089 1.3779160 1.0929762 1.1537368 1.0356482 1.0738671 1.0178886 1.1132577 1.2275810 1.1153031 1.0301044 1.3753623 1.2464674 1.2654786 1.0943946 1.3062939 1.1523551 7.4281857 0.9025094 1.2354940 1.0917977 1.0299320 0.0000010 0.9221043 1.9065172 
Stycar_maker-SC_scaffold5314-snap-gene-0.17-mRNA-1   1.8648497 0.9280622 0.8799376 1.0114803 1.0255018 0.8002804 0.7821981 0.7506410 0.7598933 0.9492520 0.9767147 0.7979627 0.7907068 0.7795440 0.8224033 0.7585643 1.3610653 0.3602883 1.1962336 1.5350070 1.1596681 0.7898689 1.2460094 1.3057674 1.6217212 1.2702122 1.4630250 1.2091003 1.4906070 1.3070547 1.6797990 1.0782552 0.0000000 0.9114094 0.9624552 0.9895461 1.0118256 1.2599996 0.9720642 1.0119121 0.7188160 0.7134385 0.8893930 0.8915951 0.9230151 0.9447226 0.8164502 1.1917751 0.8502745 0.8960578 1.0676313 0.9738669 0.8820859 1.0048701 0.8095410 0.8722413 0.6862529 0.9202398 0.8776151 0.8655076 0.6917962 0.9407162 0.8698991 1.2540117 0.8152225 1.0461306 1.2391922 0.6025919 0.8026173 0.7147416 1.9500878 
HoiH23_PlH23_009594-RA                               2.0210537 1.0737021 1.0098309 1.3308886 1.2824597 1.0595989 0.9841994 0.9955388 0.8976834 1.1089271 1.1385401 0.9997129 1.0029395 0.7714475 0.8948932 0.6774991 1.4251564 0.4290613 1.2907302 2.0155670 1.4695236 0.7399368 1.4264441 1.3723075 2.0038183 1.3115726 1.5401172 1.2743072 1.5839573 1.2748740 1.7428239 0.9263354 0.9114094 0.0000000 0.0353089 0.0937888 0.0982501 0.2057280 0.2469434 0.2480416 0.8704131 1.0023937 1.0809309 0.9421601 1.0441422 0.9097340 0.8870043 1.0804545 0.7935192 0.9925235 0.9883744 1.0040183 1.0498199 1.1332323 0.9963876 1.1471356 1.1293690 0.9820117 1.1377089 1.2602259 1.0329679 1.2385037 1.0878603 1.7995493 1.0661701 1.1801918 1.3999018 1.1962485 2.1926257 0.8693526 2.2974010 
HoiH06_mRNA11653                                     1.8939033 1.1932183 1.0884367 1.3976753 1.3480653 1.0809582 0.9877573 1.0347242 0.9667999 1.1299630 1.2798581 1.0438576 1.0464285 0.8412398 0.8998191 0.6852826 1.5402678 0.2488249 1.3926669 1.9569556 1.6325863 0.6686421 1.5502055 1.4300430 1.9466015 1.3893946 1.5762483 1.4049914 1.5952550 1.3753079 1.7868040 0.8508268 0.9624552 0.0353089 0.0000000 0.0866322 0.0920028 0.1725774 0.2049246 0.2097642 0.7717596 1.0523630 1.0796732 1.0099256 1.1507912 0.9038194 0.9197975 1.1927415 0.7961503 0.9331699 0.9896988 0.9775381 1.0852328 1.0824726 1.0212298 1.1720002 1.1602288 1.0120959 1.1220742 1.2837157 1.0812420 1.2916875 1.2301618 1.7923466 1.2434190 1.3656510 1.5674786 1.2861506 2.2025636 3.7070530 2.4391600 
Hhon_g05237.t1                                       1.9768967 1.1226166 1.0384745 1.4317262 1.3748826 1.1560483 1.0515978 1.0305239 0.9319258 1.1108699 1.1690862 1.0488353 1.0445402 0.8186124 0.9759566 0.7167151 1.4045131 0.4668016 1.2631572 2.0263533 1.4581759 0.7424521 1.4552257 1.3808918 1.9517080 1.3721123 1.6066163 1.2429880 1.6193092 1.3238234 1.7999783 0.9365568 0.9895461 0.0937888 0.0866322 0.0000000 0.0034124 0.1881681 0.2719226 0.2727471 0.9112918 1.0210517 1.1046108 0.9835771 1.0328417 0.8979327 0.8594247 1.1788988 0.8551625 1.0034895 1.0310009 1.0840374 1.1168311 1.1142643 1.0618065 1.1599702 1.1977202 1.0187618 1.1790210 1.3163529 1.1320949 1.2610817 1.1414108 1.9032467 1.1765076 1.1943972 1.4647973 1.2499923 2.2280966 0.9546407 2.3972915 
HoiH04_mRNA16455                                     1.9768967 1.1391443 1.0538637 1.4317262 1.4041021 1.1779294 1.0543500 1.0332039 0.9346138 1.1108699 1.1722607 1.0515565 1.0472354 0.8205861 0.9783780 0.7643291 1.4347548 0.4668016 1.2931026 2.0263533 1.4814995 0.7838183 1.4888336 1.3914658 1.9517080 1.4041074 1.6684251 1.2524654 1.6401993 1.3339706 1.8224065 0.9365568 1.0118256 0.0982501 0.0920028 0.0034124 0.0000000 0.1957952 0.2755303 0.2763214 0.9320707 1.0447494 1.1189331 0.9922752 1.0389503 0.9102765 0.8594557 1.1819359 0.8671196 1.0167493 1.0446943 1.0980827 1.1312634 1.1259560 1.0690893 1.1689279 1.1978129 1.0432057 1.1899869 1.3287257 1.1606327 1.2642462 1.1565865 1.9499785 1.1797724 1.2131509 1.4859649 1.2782026 2.2280966 0.9546407 2.5293293 
HoiH11_mRNA5957                                      2.2771318 1.4014326 1.3792669 1.4588278 1.4714503 1.2806444 1.1955017 1.1879537 1.2328318 1.1712572 1.4959345 1.2155015 1.1491226 0.9951034 1.0392534 0.8982505 1.8131926 0.2842264 1.6359616 1.8669899 1.8430230 1.1146866 1.7801485 1.6531728 1.9931017 1.5565583 1.5411762 1.5850593 1.5693805 1.5735713 1.7598668 1.6567645 1.2599996 0.2057280 0.1725774 0.1881681 0.1957952 0.0000000 0.2633009 0.2685603 0.9192991 1.2288906 1.2511383 1.1582510 1.2714364 1.0942875 0.9926195 1.5264482 1.0395719 1.1717757 1.2393940 1.2452694 1.3431786 1.3353633 1.1928301 1.3703325 1.3923865 1.1467670 1.4145125 1.6173619 1.3463178 1.5495991 1.3667090 1.6959186 1.4146632 1.6913822 1.9150724 1.5071249 2.0408290 7.7871396 2.2640751 
TrH2_TrispH2_001740-RA                               2.1480555 1.0332743 1.0646002 1.4841036 1.4394539 1.1431613 0.9847130 0.9755286 0.9570385 1.3105070 1.1559634 0.9992650 0.9426351 0.8595214 0.9697898 0.6643090 1.4289103 0.3988198 1.3243393 2.0274338 1.4372539 0.7458487 1.4111546 1.4830633 2.2824878 1.3666650 1.6693608 1.3883546 1.6795255 1.3491798 1.8949529 0.9269164 0.9720642 0.2469434 0.2049246 0.2719226 0.2755303 0.2633009 0.0000000 0.0068736 0.8635342 1.1161623 1.1363778 0.9751544 1.0414373 1.0296719 0.9344548 1.2882118 0.8736204 1.0082983 1.0101872 1.0902118 1.1185430 1.1859235 1.1126034 1.2081367 1.1333441 1.0646414 1.1597658 1.3173144 1.1105126 1.3446101 1.1378314 1.7366473 1.0966272 1.2112913 1.3376587 1.2670251 2.0669533 0.7252515 2.5674043 
Tadh_TriadT50137                                     2.1107779 1.1173399 1.1383837 1.5134349 1.4635681 1.1492891 1.0329728 1.0299637 1.0195229 1.3245150 1.2099285 1.0466523 0.9902516 0.9084206 1.0037924 0.6643090 1.5067128 0.3988198 1.3432229 2.0716151 1.4584796 0.7458487 1.4774516 1.5618354 2.3295296 1.4419619 1.6984726 1.4019603 1.7157905 1.4254534 1.9327781 1.0660583 1.0119121 0.2480416 0.2097642 0.2727471 0.2763214 0.2685603 0.0068736 0.0000000 0.9330470 1.1549431 1.2078196 1.0539585 1.0950088 1.0415601 0.9822222 1.3464505 0.9770537 1.1072802 1.0853669 1.1710295 1.2405745 1.2612446 1.1498046 1.2747656 1.2255928 1.0649440 1.2664928 1.3883176 1.1660228 1.3956154 1.2039183 1.7348832 1.1489115 1.2654171 1.3443396 1.3586375 2.0793280 0.8796369 2.6484307 
Skow_XM_006825832.1                                  1.8290635 0.7500783 0.7702527 0.8917711 0.7568991 0.6624091 0.6763993 0.6681533 0.7844212 0.8575100 0.9218158 0.7093170 0.6967964 0.6724237 0.7258821 0.7950743 1.1872011 0.4855322 1.0165835 1.3208040 1.0508869 0.7402272 1.1584880 1.2868140 1.3801179 1.1428587 1.1855352 1.0304868 1.1620441 1.0920192 1.4369069 1.0349682 0.7188160 0.8704131 0.7717596 0.9112918 0.9320707 0.9192991 0.8635342 0.9330470 0.0000000 0.7632642 0.7421133 0.6910662 0.6723676 0.6678603 0.7304903 1.0746292 0.8173338 0.8066784 0.9253808 0.9264444 0.8883113 1.0643508 0.8804542 0.9897293 0.9263053 0.7587280 0.8411439 0.8694658 0.8321043 0.9351774 0.8258254 1.2952784 0.8171685 0.8315908 1.0403834 0.9101658 1.4274549 0.8445134 1.6000280 
Bralan_BLAG14000841_1                                1.9590380 0.8988353 0.9109586 0.8867496 1.0013469 0.8304543 0.7084064 0.6848807 0.7119390 0.8887671 0.8750011 0.7454673 0.7452564 0.7227432 0.6838094 0.9330644 1.3794255 0.5479268 1.4523102 1.8289898 1.3989910 0.7897023 1.3620411 1.3412812 1.5291673 1.3944934 1.5570481 1.2524308 1.5158951 1.3571384 1.7219860 1.1742727 0.7134385 1.0023937 1.0523630 1.0210517 1.0447494 1.2288906 1.1161623 1.1549431 0.7632642 0.0000000 0.7376534 0.7082000 0.7953294 0.9225846 0.7809345 1.1301064 1.0305512 0.9222390 1.0315491 1.0404386 0.9485561 1.0606952 0.9909129 1.0746992 0.9961356 0.7869397 0.9770122 0.9788137 0.8624687 0.9576982 0.7650979 1.1701437 1.0051299 0.9968000 1.2117203 0.9205235 1.2322701 0.9026213 2.2230031 
Plajan_Pjan_C555143_01                               1.4548201 0.9565178 0.9286370 0.9604071 0.9164901 0.6721304 0.7714552 0.7435453 0.8118404 0.8642594 0.8840693 0.7658476 0.7550731 0.8413351 0.8516014 0.8424864 1.6029217 0.4301468 1.5047646 1.9927589 1.4952980 0.7322209 1.5131928 1.5304185 1.8592845 1.5407287 1.7020592 1.3567249 1.5400882 1.4917313 1.7351703 1.3953177 0.8893930 1.0809309 1.0796732 1.1046108 1.1189331 1.2511383 1.1363778 1.2078196 0.7421133 0.7376534 0.0000000 0.8707592 0.9640347 0.9305855 0.9311635 1.2624577 0.9220981 1.0720686 1.1701687 1.1531492 1.0043878 0.9996819 0.9527965 1.0449800 0.9407427 0.9401591 0.9643860 1.0306262 0.8951549 1.0204512 0.6600160 1.0506572 0.9455122 1.0390962 1.2821728 0.9908881 1.3325129 1.0332021 2.4023843 
Acagra_model.g17463.t1.1.5d3b88e4                    1.6268727 0.9791158 0.9918016 1.1400046 1.1538281 0.9996216 0.7895850 0.7490506 0.7923226 0.7622163 0.9430313 0.7911019 0.7962975 0.7801873 0.7866532 0.8521866 1.2814208 0.6190185 1.3614012 1.6896873 1.3412492 0.7714785 1.3815981 1.3486438 1.4365056 1.2556130 1.2742271 1.2068526 1.3536000 1.2940234 1.5427721 1.2293977 0.8915951 0.9421601 1.0099256 0.9835771 0.9922752 1.1582510 0.9751544 1.0539585 0.6910662 0.7082000 0.8707592 0.0000000 0.8432772 0.8554431 0.7533057 1.1277906 0.9672351 1.1575569 1.2109580 1.1541473 1.0720346 1.0003769 0.8423942 0.9554328 0.9683279 0.7849657 1.0395212 1.0145462 0.9879042 0.9690723 0.8344492 1.0280134 1.0778967 1.1431803 1.1357512 1.0731514 1.7322409 1.0309497 2.2604959 
Spur_XM_011665022.2                                  1.8193820 1.0723042 1.0249587 1.2449251 1.3307917 1.1428464 0.7641305 0.7568445 0.7541860 1.1343943 0.9303370 0.7341784 0.7398226 0.8166324 0.9041123 0.9631418 1.3819484 0.4638571 1.2866965 1.8678438 1.4216218 0.7913952 1.2838112 1.3805285 1.6556330 1.3219887 1.6065423 1.4096452 1.5269203 1.3531648 1.7424932 1.1564679 0.9230151 1.0441422 1.1507912 1.0328417 1.0389503 1.2714364 1.0414373 1.0950088 0.6723676 0.7953294 0.9640347 0.8432772 0.0000000 0.9459526 0.7958912 1.2310500 0.9565927 1.0511989 1.0204449 1.0311770 0.9797530 1.1533087 1.0152035 1.1297832 1.1355922 0.9120721 1.0130494 1.0314854 0.9260923 1.0574954 1.0418181 1.7652457 0.9422106 1.0198879 1.3522847 1.1440861 1.6719404 0.6853659 2.1552401 
Hsap_ENST00000296273                                 1.8869969 1.0306271 1.0106591 1.2108518 1.0310434 1.0743302 0.8086026 0.7819229 0.7972889 0.8172757 0.9501370 0.7964950 0.7935200 0.8346074 0.7731901 0.7854095 1.4103808 0.4797944 1.2142626 1.8027343 1.3809972 0.7654647 1.2703487 1.4149615 1.5710577 1.3015855 1.4143263 1.2546268 1.4038592 1.2768575 1.5950461 1.1490652 0.9447226 0.9097340 0.9038194 0.8979327 0.9102765 1.0942875 1.0296719 1.0415601 0.6678603 0.9225846 0.9305855 0.8554431 0.9459526 0.0000000 0.8201576 1.2447636 0.9184288 0.9985798 1.0484447 1.0056673 1.0207476 1.0231420 0.8771147 1.0422787 1.0208758 0.8577201 1.0499456 1.0544455 0.9821697 1.0885015 0.9785836 1.6916579 1.0258165 1.0944693 1.2772723 1.0894402 1.9125203 0.8593858 1.8543786 
Cgig_XM_020069093.2                                  1.8746311 1.0691424 1.0993214 1.2740119 1.2012742 0.9599546 0.7923247 0.7499468 0.7644244 0.8841064 0.9304402 0.8243954 0.7951689 0.7638369 0.8179639 0.9743675 1.5169464 0.5289714 1.2281431 1.5905854 1.3247445 0.8554181 1.4009504 1.4013357 1.5400599 1.3771474 1.3977622 1.1040195 1.4248493 1.2926561 1.6032669 1.1765089 0.8164502 0.8870043 0.9197975 0.8594247 0.8594557 0.9926195 0.9344548 0.9822222 0.7304903 0.7809345 0.9311635 0.7533057 0.7958912 0.8201576 0.0000000 1.1963911 0.9425507 0.9634379 1.0427750 1.0392636 0.9965077 0.9933573 0.8566736 0.9800837 1.1956797 0.8592066 1.0637032 1.1413380 0.9863217 1.1692381 0.9777391 1.4569308 0.9058152 1.1213352 1.2346481 1.1429837 1.8320942 0.9855677 2.1730680 
Hvul_g6588_1                                         1.8747488 1.2968347 1.2584023 1.7112222 1.4612070 1.1118320 1.0872662 1.0757735 1.0911962 1.0738459 1.2880562 1.0728928 1.0359892 1.0395167 1.1204375 0.8761678 1.5853994 0.6064143 1.3099447 1.6810140 1.3644428 0.9075197 1.4345373 1.4866192 2.0368942 1.5316381 1.6781896 1.3024110 1.5405839 1.4728697 1.7159799 1.3779160 1.1917751 1.0804545 1.1927415 1.1788988 1.1819359 1.5264482 1.2882118 1.3464505 1.0746292 1.1301064 1.2624577 1.1277906 1.2310500 1.2447636 1.1963911 0.0000000 0.8604303 0.9613241 0.9822646 0.9411199 0.9525214 0.7652935 1.2391885 1.3801366 1.2133569 1.2560667 1.1214494 1.1619139 1.0870205 1.3187391 1.2112314 1.8030090 1.3291718 1.3829685 1.6308911 1.2910666 1.8990490 1.6441992 2.3822467 
Sanmal_Sma_015419-T1                                 1.6747162 1.0392128 1.0192858 1.0875828 1.0619875 0.7819165 0.7981756 0.7784196 0.8430164 0.8660345 1.0326799 0.8131141 0.7661281 0.8351739 0.7985866 0.7515842 1.3839600 0.4888079 1.1455645 1.6718893 1.2283061 0.8274793 1.3602821 1.3309433 1.8184667 1.3479659 1.5857901 1.3377961 1.5059481 1.3093309 1.6882871 1.0929762 0.8502745 0.7935192 0.7961503 0.8551625 0.8671196 1.0395719 0.8736204 0.9770537 0.8173338 1.0305512 0.9220981 0.9672351 0.9565927 0.9184288 0.9425507 0.8604303 0.0000000 0.4409817 0.4909440 0.4648642 0.6265548 0.7163155 0.8489006 1.0000480 0.9694636 0.9318384 1.0004901 1.1155465 0.9146708 1.0588415 1.1267842 1.5054488 1.0924815 1.0854753 1.4052192 1.0066908 1.4071908 1.0245226 2.2283532 
Aaur_scaffold146.g25.t1                              2.2640400 1.0209718 0.9930341 1.1932946 1.0819665 0.9249333 0.8888981 0.9067819 0.9644331 1.1340433 1.2092593 0.9025007 0.8672190 0.8277900 0.8061956 0.8362242 1.3853173 0.5516917 1.1441298 1.5466749 1.2108929 0.8532512 1.3219164 1.3080149 1.5858851 1.2919383 1.3826289 1.3104387 1.4469577 1.3088253 1.6423963 1.1537368 0.8960578 0.9925235 0.9331699 1.0034895 1.0167493 1.1717757 1.0082983 1.1072802 0.8066784 0.9222390 1.0720686 1.1575569 1.0511989 0.9985798 0.9634379 0.9613241 0.4409817 0.0000000 0.3435002 0.3035482 0.6582574 0.7096603 0.9546296 1.1914758 1.0519755 0.9871687 1.1013080 1.1445995 0.9535637 1.0986988 1.1131195 1.4121154 1.1005205 1.2532812 1.4422631 1.0626360 1.4500179 1.2148713 2.1192637 
Nemnom_g17956.t1                                     2.0844693 1.2393774 1.1490462 1.4873412 1.3884468 0.9779432 0.9562905 0.9432838 1.0159056 1.3322150 1.2399072 0.9400227 0.9202489 0.9025412 0.9408743 0.8119314 1.4004676 0.5632579 1.2706048 1.6844744 1.2798009 0.8534911 1.3639688 1.4270140 1.7229633 1.3533251 1.5637532 1.4079274 1.5381886 1.3155549 1.6982487 1.0356482 1.0676313 0.9883744 0.9896988 1.0310009 1.0446943 1.2393940 1.0101872 1.0853669 0.9253808 1.0315491 1.1701687 1.2109580 1.0204449 1.0484447 1.0427750 0.9822646 0.4909440 0.3435002 0.0000000 0.1526445 0.6492397 0.8589565 1.0127311 1.2250727 1.1801393 1.0814630 1.0665078 1.1671044 1.0734421 1.1980000 1.2993584 1.7565693 1.1386043 1.2673579 1.3963505 1.2235863 1.5492637 1.1159170 2.3262752 
Rhoesc_Res_007333-T1                                 2.1544809 1.2309328 1.1200169 1.3467675 1.3119742 0.9938076 0.9163346 0.9236787 1.0368580 1.1741362 1.2790356 0.8791675 0.8502457 0.9187288 0.9045582 0.8124006 1.3963237 0.6142029 1.2357318 1.6908974 1.2628072 0.9198583 1.4092084 1.3479464 1.7964409 1.3381102 1.5670379 1.4195847 1.5015722 1.2887861 1.6718283 1.0738671 0.9738669 1.0040183 0.9775381 1.0840374 1.0980827 1.2452694 1.0902118 1.1710295 0.9264444 1.0404386 1.1531492 1.1541473 1.0311770 1.0056673 1.0392636 0.9411199 0.4648642 0.3035482 0.1526445 0.0000000 0.6381591 0.7850579 1.0273058 1.2551987 1.1009926 1.0510841 1.0874216 1.1495737 1.0480268 1.0933217 1.2513561 1.6628467 1.1072847 1.3029524 1.4586919 1.1599973 1.4276658 1.3564177 2.2774783 
