60
Tetwil_g2723.t1                                                   0.0000000 5.2744793 5.4122705 5.2307467 3.2590146 4.4486463 5.3289871 4.3420028 5.2973639 5.3978594 5.3628292 4.0612411 4.0964868 5.2424828 5.1765082 5.7803748 5.8180073 4.4154171 4.1432788 4.1745204 3.4128779 4.7279850 4.0400264 4.5021506 4.5167958 3.5988718 7.5092474 3.7868847 3.7889304 3.7520891 3.6329216 3.5110927 4.4288749 3.7459635 3.7459635 3.7628796 3.7985073 3.9644255 2.3780694 2.3780694 2.7339015 4.2673335 5.8845867 3.6585973 9.0000000 3.3385573 1.3983995 5.2400812 3.2547199 5.4225756 8.2457102 6.2008161 8.4198409 7.4600296 8.9999990 8.9999980 3.1557608 4.5664778 6.9666138 5.6271993 
Lcom_lcpid108830                                                  5.2744793 0.0000000 0.0182174 1.4170303 5.9237062 3.0586600 3.6070805 3.3510052 3.7136436 3.6120829 4.6762616 3.7243483 2.5810751 3.8653375 3.7829592 3.7887774 3.7716316 3.6293942 1.9390192 5.8500875 2.9948278 3.4465742 3.7167486 3.9394548 7.6145363 3.3555970 4.1363767 3.3588799 3.3693001 3.3318172 4.0176133 3.4237523 3.3443901 3.3289949 3.3508555 2.8039118 2.3274899 2.5738711 2.2113079 2.2113079 4.2726074 3.0285438 4.2666482 1.8332688 0.0000010 3.0806222 2.7878055 5.7448854 0.7665997 3.0654319 5.6250547 4.2032814 4.8807575 6.3942366 8.9999986 6.1597913 2.7476741 3.2219561 7.1833181 5.0254301 
Lcom_lcpid71913                                                   5.4122705 0.0182174 0.0000000 0.7352974 0.8606726 0.5188326 0.3868917 1.1014681 1.6198274 1.5414207 1.2897412 1.9411406 1.2999957 1.8671113 1.8680151 1.8784372 1.9153179 2.1346725 0.9796513 1.2985338 1.4704519 1.9938042 2.0870965 1.3481544 1.1556797 1.7329017 1.1593102 1.7040232 1.7284330 2.0205419 2.1482301 2.1089420 1.7041787 1.7589996 1.7382580 1.6461874 1.4340974 1.6885927 1.7113610 1.7113610 2.1630874 1.7336465 2.1387180 1.4687326 2.2375139 1.9266014 2.4593160 4.8534910 2.3473219 1.8205582 3.4008396 2.5803305 2.7859460 3.8704365 6.4621606 3.2172616 2.2533426 2.6630777 5.7413481 4.0869883 
Gracom_Gcom_scaffold17071_01                                      5.2307467 1.4170303 0.7352974 0.0000000 0.6436333 0.3943529 0.3732483 1.1081717 1.5482339 1.4962531 1.2315763 1.8160142 1.3831478 1.7466788 1.7720503 1.7762209 1.8036321 2.0310252 1.0621005 1.3962645 1.5450789 1.9399127 1.9568951 1.2869559 1.1621410 1.6651583 1.2653611 1.5913149 1.5941579 1.8410802 2.0656784 2.1521205 1.6997994 1.8642478 1.8316457 1.7578769 1.3979865 1.6518834 1.9299349 1.9299349 2.0271888 1.5640224 2.0861350 1.3395030 1.5402629 1.6551775 3.2065142 4.9416974 2.2800632 1.8488400 3.2313902 2.3715251 3.1454533 3.8568115 5.4254244 3.3389830 1.9203086 2.7591522 4.5030157 3.8794138 
Leuniv_Lniv_scaffold11059_01                                      3.2590146 5.9237062 0.8606726 0.6436333 0.0000000 0.0174281 0.3023527 1.0117413 1.5349406 1.4480522 1.2166090 1.8366739 1.3213077 1.7093454 1.7281659 1.8202452 1.8218048 2.0583987 1.1000276 1.2381569 1.6867732 1.9581766 2.0877391 1.1902804 1.0329057 1.6776603 1.1167100 1.7022372 1.6973690 2.3459070 2.1797878 2.2575234 1.6073223 1.6965951 1.6635395 1.6386463 1.4746262 1.7624651 1.4835991 1.4835991 1.9959313 1.6025597 1.8346921 1.2826703 2.0041204 1.7807728 8.9999987 4.7363976 2.3152999 1.9306609 3.0381986 2.5049294 3.0446280 4.0704922 5.2669851 3.0862162 2.9664743 2.5558235 8.7497243 2.9471196 
Leuniv_Lniv_scaffold11060_01                                      4.4486463 3.0586600 0.5188326 0.3943529 0.0174281 0.0000000 0.3023527 1.0117413 1.2137004 1.2137004 1.2166090 1.4800182 0.9392786 1.3657897 1.3496846 1.4454154 1.4469091 1.6344551 1.1000276 1.0003285 1.1328759 1.5224174 1.6147480 1.1017485 1.0329057 1.2904519 1.1167100 1.3442319 1.3228926 1.8168063 1.6264455 1.7032567 1.2125970 1.1854883 1.1576267 1.2295156 1.1983981 1.2484952 1.5273825 1.5273825 1.4005857 1.1632870 1.3810874 1.2826703 2.0041204 1.2049546 7.1885715 3.7905345 2.3188814 1.2467908 2.6217178 2.5049294 3.0446280 2.9437805 3.7511025 2.0204278 1.5916163 2.2857309 3.5122059 2.7953177 
Scil_scict012529.1                                                5.3289871 3.6070805 0.3868917 0.3732483 0.3023527 0.3023527 0.0000000 1.0631214 0.9207057 0.9276669 1.1676904 1.0523300 0.7083041 0.9545863 0.9376501 0.9783640 0.9790989 1.1878832 0.9595119 0.8557559 1.0010145 1.1703612 1.2555333 1.2459600 1.2114890 1.0371563 1.3005859 0.9472231 0.8934555 1.1240472 0.9104895 0.8804844 0.9953507 0.9114279 0.8851702 1.0673696 0.8802576 0.8846446 1.6247619 1.6247619 0.9961513 0.9028748 1.3310670 1.3751263 1.7925431 0.9334172 0.0000010 3.8860175 2.6211259 0.7357234 2.4233636 2.4588207 2.8860178 2.7819248 3.5138425 1.7920417 1.2753295 1.4324140 1.1795516 3.3121325 
Spolac_c93814_g1_i2_m.9281c92383-g1                               4.3420028 3.3510052 1.1014681 1.1081717 1.0117413 1.0117413 1.0631214 0.0000000 1.0238602 1.0238602 1.2396388 1.0964366 1.0517367 1.0521678 1.0996835 1.0374061 1.0217270 1.2158509 1.0763726 1.0228540 1.0196449 1.2177614 1.3206696 1.3260750 1.4820382 1.0752817 1.2087196 1.1432348 1.0854072 1.3458670 0.8352506 0.9835400 1.1799500 1.2187049 1.1812447 1.1296604 0.4012147 1.0931432 1.4065902 1.4065902 1.1735751 1.0597352 1.6847624 1.2764869 1.7461453 1.0268472 0.0000010 3.5142563 2.9380049 1.0056483 2.2387958 2.4805683 2.5605949 2.2958222 4.5648769 1.9942873 1.2387277 8.9999980 1.6094429 3.4036722 
Hsap_ENST00000372098                                              5.2973639 3.7136436 1.6198274 1.5482339 1.5349406 1.2137004 0.9207057 1.0238602 0.0000000 0.0026153 1.1634551 1.5873448 1.2877390 1.5140265 1.5746434 1.5679714 1.5938262 1.8562154 1.0494853 1.4817624 1.4523062 1.7485892 1.7053169 1.5050334 1.4062744 1.5056918 1.3939278 1.4611558 1.4398922 1.6675946 1.3853998 1.4450982 1.6232441 1.8928443 1.8695504 1.3443950 1.6052238 1.6572490 1.8286621 1.8286621 2.0122164 1.7499615 1.9123229 1.2199682 2.0831854 2.1349167 2.5557390 5.0189936 1.9989288 1.6271604 2.9873507 1.8993602 2.5457913 3.1680781 5.3675669 3.1291389 2.4254656 3.0027534 5.5362763 3.9347590 
Hsap_ENST00000671898                                              5.3978594 3.6120829 1.5414207 1.4962531 1.4480522 1.2137004 0.9276669 1.0238602 0.0026153 0.0000000 1.1587496 1.5852677 1.2764562 1.4391971 1.5024969 1.4913089 1.5171870 1.8261375 1.0494853 1.3406085 1.4336741 1.7554601 1.6985307 1.5050334 1.4062744 1.5043058 1.4319261 1.4533671 1.4305275 1.6654685 1.3575478 1.4291322 1.5860790 1.7769378 1.7598601 1.2930173 1.6052238 1.6361771 1.8286621 1.8286621 1.9047966 1.7049413 1.8552634 1.2337827 2.0831854 2.0106119 2.5557390 5.0834123 1.9989288 1.5233188 3.0362051 1.8993602 2.5457913 3.0208271 5.2418435 3.1291389 2.4954923 3.0027534 4.8690714 3.8603770 
Xesp_013937-T1                                                    5.3628292 4.6762616 1.2897412 1.2315763 1.2166090 1.2166090 1.1676904 1.2396388 1.1634551 1.1587496 0.0000000 0.6910165 1.1993484 1.2988427 1.2488846 1.3021213 1.2825810 1.3013494 0.9659470 0.9979797 1.2497541 1.4511903 1.4702838 1.6178937 1.6477857 1.2557555 1.6642705 1.2076672 1.2116010 1.2646999 0.9096212 0.9885643 1.2333265 1.1182126 1.1182126 1.3886855 1.2054433 1.1299810 1.6852307 1.6852307 1.2257119 1.1693758 1.4126896 1.4692489 1.4372503 0.8882123 0.0000010 3.0998623 2.5343038 0.9832765 2.5306966 2.1720751 2.3577289 1.7219361 3.0489057 1.1576460 9.0000000 9.0000000 3.2338638 3.7218425 
Dgig_XM_028535291.1                                               4.0612411 3.7243483 1.9411406 1.8160142 1.8366739 1.4800182 1.0523300 1.0964366 1.5873448 1.5852677 0.6910165 0.0000000 1.3578029 1.6960096 1.7157848 1.8027900 1.8065409 1.9689551 0.9544893 1.4347726 1.5613033 1.7104321 1.8476252 1.2442466 1.3986449 1.5991955 1.2586886 1.5322706 1.5371383 1.8189265 1.7548811 1.6840274 1.5498988 1.6483816 1.6245931 1.5007474 1.6497687 1.7223355 1.7670932 1.7670932 1.7818824 1.8639689 1.7763833 1.0835348 1.4936577 1.8639107 3.3402822 3.9825333 2.4100999 1.9076330 3.5578428 2.3526826 2.6036899 3.7537910 5.1758643 3.0838229 2.4050618 1.6419280 7.3665574 4.2320564 
Bralan_BLAG13000611_1                                             4.0964868 2.5810751 1.2999957 1.3831478 1.3213077 0.9392786 0.7083041 1.0517367 1.2877390 1.2764562 1.1993484 1.3578029 0.0000000 1.2881612 1.3768436 1.3535740 1.3692443 1.7350082 0.8729399 1.1274668 1.2972033 1.6221003 1.5678926 1.1556336 1.2272958 1.3219733 1.1543718 1.3189320 1.3468235 1.4355535 1.5185745 1.4495781 1.2751628 1.1807685 1.1436183 1.1556775 1.3909904 1.3790829 1.7673061 1.7673061 1.5920025 1.5933753 1.6600696 0.9871310 2.1566410 1.7322369 2.0266059 4.0836020 2.0439402 1.4941678 2.9896061 2.0195665 2.4438695 3.4496411 4.8716058 2.7359554 2.2618802 2.4736034 5.9427837 3.9529816 
HoiH23_PlH23_004366-RA                                            5.2424828 3.8653375 1.8671113 1.7466788 1.7093454 1.3657897 0.9545863 1.0521678 1.5140265 1.4391971 1.2988427 1.6960096 1.2881612 0.0000000 0.0707798 0.1629285 0.1626946 0.5189898 0.3657798 1.3323207 1.4504251 1.8642242 1.7868592 1.1234339 1.2632564 1.7686131 1.1064263 1.6314519 1.6548684 1.8832822 1.9570003 2.0435021 1.5835825 1.5450414 1.5298818 1.6955547 1.5956221 1.6933453 2.0552674 2.0552674 1.8687951 1.7486014 1.9808369 1.2331159 1.6933295 2.1001165 3.0722742 4.7195733 2.1829971 2.0167008 3.7489641 2.3288398 2.6696870 3.4658917 5.9716286 3.2332378 2.9387101 2.5152169 7.9221135 4.6123257 
HoiH06_mRNA10361                                                  5.1765082 3.7829592 1.8680151 1.7720503 1.7281659 1.3496846 0.9376501 1.0996835 1.5746434 1.5024969 1.2488846 1.7157848 1.3768436 0.0707798 0.0000000 0.1713738 0.1711335 0.4844810 0.3547778 1.2948984 1.4663402 1.8252021 1.7581717 1.1343675 1.2438941 1.7809662 1.1156165 1.6372127 1.6674475 1.9009336 2.0386248 2.0183147 1.5468432 1.5945024 1.6017085 1.7326678 1.5664883 1.6632001 2.0538249 2.0538249 1.9084462 1.7879747 1.9632693 1.2279401 1.6222323 2.0892519 3.1758957 4.7879474 2.1657972 2.0870698 3.7449916 2.3262083 2.6037531 3.6450128 6.0785464 3.1979806 2.9697885 2.4786960 7.8763127 4.8680333 
Hhon_g06886.t1                                                    5.7803748 3.7887774 1.8784372 1.7762209 1.8202452 1.4454154 0.9783640 1.0374061 1.5679714 1.4913089 1.3021213 1.8027900 1.3535740 0.1629285 0.1713738 0.0000000 0.0092804 0.5284520 0.4039623 1.4170313 1.4893748 1.9007453 1.8106661 1.0926624 1.1812899 1.8032132 1.1591503 1.6734049 1.7161795 1.9397493 2.0840176 2.0904691 1.5570762 1.6936702 1.7015108 1.7246290 1.5654050 1.6399859 1.9716278 1.9716278 1.9911488 1.7804210 2.0085649 1.1989735 1.7752429 2.2316014 2.8818404 4.8947819 2.2336963 2.0513191 3.9507174 2.3813419 2.8059824 3.7962164 5.7311503 3.2952797 3.2157151 2.6944235 8.6956588 4.5080740 
HoiH04_mRNA11868                                                  5.8180073 3.7716316 1.9153179 1.8036321 1.8218048 1.4469091 0.9790989 1.0217270 1.5938262 1.5171870 1.2825810 1.8065409 1.3692443 0.1626946 0.1711335 0.0092804 0.0000000 0.5177917 0.3952078 1.4300070 1.5067056 1.8906872 1.8020833 1.1052620 1.1908685 1.7948385 1.1740140 1.6643915 1.7065570 1.9235125 2.0709012 2.0720752 1.5575897 1.6886393 1.6964604 1.7543993 1.5859000 1.6426354 1.9850147 1.9850147 1.9589146 1.7731475 2.0053410 1.1999826 1.7752429 2.2601740 3.1213942 4.8823162 2.2323167 2.0939134 3.9258898 2.3827670 2.7975695 3.7714278 5.6776989 3.2952797 3.2347192 2.5841737 8.6956588 4.5159818 
TrH2_TrispH2_005318-RA                                            4.4154171 3.6293942 2.1346725 2.0310252 2.0583987 1.6344551 1.1878832 1.2158509 1.8562154 1.8261375 1.3013494 1.9689551 1.7350082 0.5189898 0.4844810 0.5284520 0.5177917 0.0000000 0.0109404 1.5862997 1.7196693 1.8957218 1.8535945 1.3322307 1.4917284 1.8875444 1.4478739 1.7832216 1.8183804 2.1052857 2.0455349 2.0451766 1.8533817 1.9277523 1.9387274 1.9817666 1.8263496 1.9344956 2.2338831 2.2338831 2.1220772 2.0903721 2.3010994 1.3583109 1.6381004 2.3695112 3.1096259 4.8614009 2.4630336 2.5181106 3.8023249 2.3321176 2.7883748 3.6943588 6.5506487 3.6687366 3.2697407 2.9591670 7.8405879 5.1061656 
Tadh_TriadT4611                                                   4.1432788 1.9390192 0.9796513 1.0621005 1.1000276 1.1000276 0.9595119 1.0763726 1.0494853 1.0494853 0.9659470 0.9544893 0.8729399 0.3657798 0.3547778 0.4039623 0.3952078 0.0109404 0.0000000 0.9523024 1.0380775 1.2167014 1.1499231 0.7737174 1.0567211 1.0458716 1.1032808 0.9751653 0.9447083 1.3183409 1.2446784 1.3351878 0.9584402 0.9838697 0.9677341 1.1067624 1.3008909 1.1151913 1.1787039 1.1787039 0.9580172 1.2517124 1.2049295 1.1385697 1.6381004 1.3097648 2.9598599 2.9052110 2.5469115 1.4728469 2.4298366 2.4026958 2.8561178 2.2095861 3.2553944 1.8304264 1.8924086 1.8456850 1.9477890 3.5815646 
Clacor_Ccor_scaffold14986_01                                      4.1745204 5.8500875 1.2985338 1.3962645 1.2381569 1.0003285 0.8557559 1.0228540 1.4817624 1.3406085 0.9979797 1.4347726 1.1274668 1.3323207 1.2948984 1.4170313 1.4300070 1.5862997 0.9523024 0.0000000 1.1659047 1.4202058 1.4750243 0.9932588 0.8118092 1.2016164 1.0484617 1.2061269 1.1930119 1.5314856 1.5047938 1.4875488 1.3222396 1.4449045 1.4285377 1.4860301 1.2368718 1.4865948 1.2363666 1.2363666 1.5395919 1.3632452 1.4592947 1.0521425 1.5453603 1.5054630 6.2028585 4.4300099 2.1880666 1.8513230 2.4977850 2.0786238 2.3223620 2.6707987 3.7467752 2.7312381 2.5588407 2.3884448 6.9019772 4.0875499 
Exapal_XM_021049296.2                                             3.4128779 2.9948278 1.4704519 1.5450789 1.6867732 1.1328759 1.0010145 1.0196449 1.4523062 1.4336741 1.2497541 1.5613033 1.2972033 1.4504251 1.4663402 1.4893748 1.5067056 1.7196693 1.0380775 1.1659047 0.0000000 1.3878314 1.4287232 1.0504447 1.0467951 1.2544161 1.1083875 1.2044547 1.1828251 1.4143671 1.3102154 1.3401306 1.2223222 1.6309946 1.5941527 1.4639156 1.4939536 1.5030406 1.4856345 1.4856345 1.7612461 1.7380596 1.9015132 1.2088618 1.5721570 1.7929509 2.3534036 4.2113146 2.4190799 1.9683922 3.3420035 2.2697813 2.6754012 3.4946791 5.8741523 3.1960296 2.1089199 2.5389566 6.5638914 3.9747963 
Spis_XP_022805066_1                                               4.7279850 3.4465742 1.9938042 1.9399127 1.9581766 1.5224174 1.1703612 1.2177614 1.7485892 1.7554601 1.4511903 1.7104321 1.6221003 1.8642242 1.8252021 1.9007453 1.8906872 1.8957218 1.2167014 1.4202058 1.3878314 0.0000000 0.1729718 0.6092278 0.5011706 0.7311336 0.8314854 0.8323338 0.8695780 0.9613826 0.6358869 0.5472498 1.3800507 1.8417876 1.8159587 1.7121535 1.5112157 1.6756537 1.6194511 1.6194511 2.0278114 1.7867780 2.0639994 1.1454172 1.7588505 1.9937682 2.6430190 4.8499492 2.0270557 2.1944210 2.9398317 2.2167309 2.5361194 3.6780692 4.7503485 2.9709234 2.4343075 3.2089988 5.9183099 4.7251752 
Pocdam_XM_027190105.1                                             4.0400264 3.7167486 2.0870965 1.9568951 2.0877391 1.6147480 1.2555333 1.3206696 1.7053169 1.6985307 1.4702838 1.8476252 1.5678926 1.7868592 1.7581717 1.8106661 1.8020833 1.8535945 1.1499231 1.4750243 1.4287232 0.1729718 0.0000000 0.4747434 0.5824685 0.7549559 0.7163021 0.8492551 0.8756097 0.9930895 0.6575737 0.5763293 1.3824267 1.9486355 1.9277255 1.7952147 1.5413104 1.6476237 1.6609403 1.6609403 2.0681213 1.8310815 2.0947711 1.2278311 1.7100476 1.9949409 2.8636476 4.7617768 1.8953809 2.2129511 3.0802865 2.2106356 2.4444787 3.6600940 4.6835997 2.9794519 2.5330478 2.9702164 5.9517787 4.8005525 
Fspp_ffun1.m4.26125.m1                                            4.5021506 3.9394548 1.3481544 1.2869559 1.1902804 1.1017485 1.2459600 1.3260750 1.5050334 1.5050334 1.6178937 1.2442466 1.1556336 1.1234339 1.1343675 1.0926624 1.1052620 1.3322307 0.7737174 0.9932588 1.0504447 0.6092278 0.4747434 0.0000000 0.3205851 0.5008914 0.5946175 0.6892604 0.6208003 2.1077227 1.8560878 1.7816032 1.0663733 1.2930649 1.2930649 1.3189235 1.1071413 1.0115848 1.6044278 1.6044278 1.4393621 1.0031660 1.5982233 1.4902545 2.7663174 1.1334261 3.2452457 3.7432112 1.7477812 1.3526150 2.1027688 2.1945799 2.2105759 1.4507234 5.3685628 2.5078342 1.0031876 1.1432615 3.6866565 2.9298681 
Gasp_gasp1.m3.13607.m1                                            4.5167958 7.6145363 1.1556797 1.1621410 1.0329057 1.0329057 1.2114890 1.4820382 1.4062744 1.4062744 1.6477857 1.3986449 1.2272958 1.2632564 1.2438941 1.1812899 1.1908685 1.4917284 1.0567211 0.8118092 1.0467951 0.5011706 0.5824685 0.3205851 0.0000000 0.4326231 0.6101712 0.6355819 0.5688827 1.8759787 1.1709210 0.9505788 1.0753354 1.3403687 1.3403687 1.3052655 1.2788934 1.1090602 1.6538683 1.6538683 1.5990289 1.2322435 1.4282805 1.5034096 2.7663174 1.2713500 0.0000010 3.8947575 1.9382510 1.3025187 2.1801158 2.4213069 2.1461067 1.5121786 8.5277068 1.9587671 2.4742319 2.0645549 5.2192192 2.6292311 
Gfas_gfas1.m1.18846.m1                                            3.5988718 3.3555970 1.7329017 1.6651583 1.6776603 1.2904519 1.0371563 1.0752817 1.5056918 1.5043058 1.2557555 1.5991955 1.3219733 1.7686131 1.7809662 1.8032132 1.7948385 1.8875444 1.0458716 1.2016164 1.2544161 0.7311336 0.7549559 0.5008914 0.4326231 0.0000000 0.2856267 0.4818431 0.4752874 0.5393712 0.5736756 0.5336492 1.1849180 1.6401338 1.6113081 1.5481141 1.3595002 1.7263550 1.5816660 1.5816660 2.0100788 1.7219952 1.7391451 1.0468715 1.8889198 1.9010832 2.7424337 4.4795711 2.0242224 1.8764972 2.8278325 2.0392259 2.1806333 3.5278957 5.0375607 2.7437061 2.3145472 3.2117211 5.0631675 4.5772775 
Gfas_gfas1.m1.18848.m1                                            7.5092474 4.1363767 1.1593102 1.2653611 1.1167100 1.1167100 1.3005859 1.2087196 1.3939278 1.4319261 1.6642705 1.2586886 1.1543718 1.1064263 1.1156165 1.1591503 1.1740140 1.4478739 1.1032808 1.0484617 1.1083875 0.8314854 0.7163021 0.5946175 0.6101712 0.2856267 0.0000000 0.7087621 0.7206833 2.0792880 1.2469746 1.2469746 0.9973393 1.4106321 1.4106321 1.3332183 1.0524691 1.2382502 1.5087435 1.5087435 1.5003912 1.1881879 1.6097786 1.6584368 3.6754752 1.0374263 0.0000010 3.1057257 1.9971711 0.8599837 1.8098648 2.5949706 1.9811084 1.3850777 0.0000010 1.1485964 0.0000010 0.0000010 1.3774931 3.1754258 
Adig_XM_015921658.1                                               3.7868847 3.3588799 1.7040232 1.5913149 1.7022372 1.3442319 0.9472231 1.1432348 1.4611558 1.4533671 1.2076672 1.5322706 1.3189320 1.6314519 1.6372127 1.6734049 1.6643915 1.7832216 0.9751653 1.2061269 1.2044547 0.8323338 0.8492551 0.6892604 0.6355819 0.4818431 0.7087621 0.0000000 0.0189724 0.0732567 0.7457181 0.6380400 1.1876871 1.6153957 1.5815879 1.4852334 1.5070942 1.6023594 1.7660328 1.7660328 1.9525144 1.5830540 1.7602819 1.0747088 1.6611938 1.7104224 2.4385926 4.5943836 1.9224422 1.8584320 3.1270675 2.1556048 2.2159593 3.8360355 5.5758540 3.0654425 2.3919247 2.9859338 6.1448056 4.2863128 
Amil_Amillepora03932-RA                                           3.7889304 3.3693001 1.7284330 1.5941579 1.6973690 1.3228926 0.8934555 1.0854072 1.4398922 1.4305275 1.2116010 1.5371383 1.3468235 1.6548684 1.6674475 1.7161795 1.7065570 1.8183804 0.9447083 1.1930119 1.1828251 0.8695780 0.8756097 0.6208003 0.5688827 0.4752874 0.7206833 0.0189724 0.0000000 0.0779247 0.7319821 0.6511599 1.1935380 1.6404214 1.6076927 1.4539004 1.4725789 1.6464885 1.8355540 1.8355540 2.0335183 1.5865500 1.8543307 1.1093391 1.6006356 1.7735982 2.6824161 4.7490812 1.8580048 1.8696885 3.1172594 2.1336054 2.0807968 3.6955778 5.5932480 3.1987544 2.3944820 3.0366701 6.1360536 4.1916060 
Adig_XM_015921635.1                                               3.7520891 3.3318172 2.0205419 1.8410802 2.3459070 1.8168063 1.1240472 1.3458670 1.6675946 1.6654685 1.2646999 1.8189265 1.4355535 1.8832822 1.9009336 1.9397493 1.9235125 2.1052857 1.3183409 1.5314856 1.4143671 0.9613826 0.9930895 2.1077227 1.8759787 0.5393712 2.0792880 0.0732567 0.0779247 0.0000000 0.7596871 0.6508683 1.3433659 1.9015648 1.8528736 1.6068106 1.7095742 1.8513205 2.9361032 2.9361032 2.2460788 1.8117820 2.0080549 0.8560254 1.1945458 1.8605577 2.5723454 5.1541101 2.1286942 2.0373387 3.8291433 2.4683590 2.5032445 4.7765283 5.5820747 3.2466351 2.4317564 2.9892197 6.7187885 6.7316852 
Fspp_ffun1.m4.30283.m1                                            3.6329216 4.0176133 2.1482301 2.0656784 2.1797878 1.6264455 0.9104895 0.8352506 1.3853998 1.3575478 0.9096212 1.7548811 1.5185745 1.9570003 2.0386248 2.0840176 2.0709012 2.0455349 1.2446784 1.5047938 1.3102154 0.6358869 0.6575737 1.8560878 1.1709210 0.5736756 1.2469746 0.7457181 0.7319821 0.7596871 0.0000000 0.2583098 1.3775311 1.8780407 1.8309307 1.7570834 1.4827246 1.9362404 2.4241386 2.4241386 2.3111212 2.2606768 2.0209221 0.6530758 1.0751967 1.9074630 2.5773450 5.5326902 2.1868425 1.9987167 3.5922962 2.3260614 2.8570611 4.5775511 5.4049811 3.2094323 2.2389334 2.8964736 5.5462015 5.9254320 
Gasp_gasp1.m3.13606.m1                                            3.5110927 3.4237523 2.1089420 2.1521205 2.2575234 1.7032567 0.8804844 0.9835400 1.4450982 1.4291322 0.9885643 1.6840274 1.4495781 2.0435021 2.0183147 2.0904691 2.0720752 2.0451766 1.3351878 1.4875488 1.3401306 0.5472498 0.5763293 1.7816032 0.9505788 0.5336492 1.2469746 0.6380400 0.6511599 0.6508683 0.2583098 0.0000000 1.3663418 1.8621971 1.8273248 1.7271498 1.5047092 1.8031441 3.5505114 3.5505114 2.2256104 2.0755014 2.0617986 0.6746895 1.1692431 1.8205277 2.5605910 5.1111728 1.9454425 1.8963558 3.5596350 2.2561151 2.7388165 5.0465812 5.1798612 2.8461043 2.1454068 2.6133603 6.3552319 6.0836829 
Nvec_v1g159109                                                    4.4288749 3.3443901 1.7041787 1.6997994 1.6073223 1.2125970 0.9953507 1.1799500 1.6232441 1.5860790 1.2333265 1.5498988 1.2751628 1.5835825 1.5468432 1.5570762 1.5575897 1.8533817 0.9584402 1.3222396 1.2223222 1.3800507 1.3824267 1.0663733 1.0753354 1.1849180 0.9973393 1.1876871 1.1935380 1.3433659 1.3775311 1.3663418 0.0000000 1.4930889 1.5019117 1.5882210 1.5155830 1.5286418 1.8955263 1.8955263 1.9399546 1.6916922 1.7829497 0.9697927 1.5819283 1.7822148 3.2515943 4.2409944 2.1048081 1.7123953 3.0917596 2.1590794 2.6170652 3.5198866 5.3337262 3.0693574 2.4628313 2.1595812 6.7311098 3.6070551 
Spur_XM_030996843.1                                               3.7459635 3.3289949 1.7589996 1.8642478 1.6965951 1.1854883 0.9114279 1.2187049 1.8928443 1.7769378 1.1182126 1.6483816 1.1807685 1.5450414 1.5945024 1.6936702 1.6886393 1.9277523 0.9838697 1.4449045 1.6309946 1.8417876 1.9486355 1.2930649 1.3403687 1.6401338 1.4106321 1.6153957 1.6404214 1.9015648 1.8780407 1.8621971 1.4930889 0.0000000 0.0255740 1.4128601 1.6837317 1.7082704 1.4995273 1.4995273 1.9587382 1.9525608 1.7997948 1.1852949 1.7167542 2.1025487 2.7988371 4.5945748 2.6830232 1.7139162 3.3342527 2.4720479 3.0005609 4.0032214 6.1623319 3.3753294 2.8401842 2.9611115 6.0139215 4.3211155 
Spur_XM_030996546.1                                               3.7459635 3.3508555 1.7382580 1.8316457 1.6635395 1.1576267 0.8851702 1.1812447 1.8695504 1.7598601 1.1182126 1.6245931 1.1436183 1.5298818 1.6017085 1.7015108 1.6964604 1.9387274 0.9677341 1.4285377 1.5941527 1.8159587 1.9277255 1.2930649 1.3403687 1.6113081 1.4106321 1.5815879 1.6076927 1.8528736 1.8309307 1.8273248 1.5019117 0.0255740 0.0000000 1.3927491 1.6441100 1.6746647 1.4799546 1.4799546 1.9450979 1.9587654 1.7929512 1.1589141 1.7115150 2.0512326 2.7612680 4.7061245 2.7004570 1.7120895 3.2532144 2.4270460 2.8990183 3.8974283 6.1473411 3.3332249 2.8195344 2.8531964 5.9392665 4.3608890 
Cgig_XM_011430713.3                                               3.7628796 2.8039118 1.6461874 1.7578769 1.6386463 1.2295156 1.0673696 1.1296604 1.3443950 1.2930173 1.3886855 1.5007474 1.1556775 1.6955547 1.7326678 1.7246290 1.7543993 1.9817666 1.1067624 1.4860301 1.4639156 1.7121535 1.7952147 1.3189235 1.3052655 1.5481141 1.3332183 1.4852334 1.4539004 1.6068106 1.7570834 1.7271498 1.5882210 1.4128601 1.3927491 0.0000000 1.5653641 1.6913504 1.4337041 1.4337041 1.8429473 1.6919263 1.7959035 1.3750851 1.9614046 1.8432710 3.6068632 4.3404697 2.0668333 1.3233794 3.3328468 2.1915438 2.4157556 3.1695809 5.3577749 3.1775862 2.7979545 2.7439965 7.1869200 4.5997642 
Emue_Em0021g969a.t1                                               3.7985073 2.3274899 1.4340974 1.3979865 1.4746262 1.1983981 0.8802576 0.4012147 1.6052238 1.6052238 1.2054433 1.6497687 1.3909904 1.5956221 1.5664883 1.5654050 1.5859000 1.8263496 1.3008909 1.2368718 1.4939536 1.5112157 1.5413104 1.1071413 1.2788934 1.3595002 1.0524691 1.5070942 1.4725789 1.7095742 1.4827246 1.5047092 1.5155830 1.6837317 1.6441100 1.5653641 0.0000000 1.7066190 1.8616959 1.8616959 1.5815226 1.5064604 2.0564434 1.4048855 1.7254103 1.4656822 2.8734931 4.6913866 2.3461828 1.6401960 2.7757991 2.2182002 2.7606389 2.9135436 4.0032942 2.8070462 0.6849200 2.6212141 4.4461788 4.1840129 
Chem_TCONS_00006955                                               3.9644255 2.5738711 1.6885927 1.6518834 1.7624651 1.2484952 0.8846446 1.0931432 1.6572490 1.6361771 1.1299810 1.7223355 1.3790829 1.6933453 1.6632001 1.6399859 1.6426354 1.9344956 1.1151913 1.4865948 1.5030406 1.6756537 1.6476237 1.0115848 1.1090602 1.7263550 1.2382502 1.6023594 1.6464885 1.8513205 1.9362404 1.8031441 1.5286418 1.7082704 1.6746647 1.6913504 1.7066190 0.0000000 1.5800669 1.5800669 1.7569299 1.5904975 2.0671232 0.9749416 1.9192296 2.0166508 2.1381732 4.4011106 1.9690906 2.0251187 3.4242580 2.4951709 2.5834343 3.2038982 4.7164501 2.9848138 2.7674474 2.7951422 5.1044164 4.7679978 
Opea_EP00118_Oscarella_pearsei_P013371                            2.3780694 2.2113079 1.7113610 1.9299349 1.4835991 1.5273825 1.6247619 1.4065902 1.8286621 1.8286621 1.6852307 1.7670932 1.7673061 2.0552674 2.0538249 1.9716278 1.9850147 2.2338831 1.1787039 1.2363666 1.4856345 1.6194511 1.6609403 1.6044278 1.6538683 1.5816660 1.5087435 1.7660328 1.8355540 2.9361032 2.4241386 3.5505114 1.8955263 1.4995273 1.4799546 1.4337041 1.8616959 1.5800669 0.0000000 0.0000010 1.6392642 1.3764190 2.4197827 1.1683089 1.8340315 2.6101232 3.3560271 3.5442335 2.5359181 3.2766898 2.2551203 2.2725066 2.5115946 2.0148293 8.9999986 6.3476519 8.9999985 5.1890335 4.3890289 3.4642430 
Opea_EP00118_Oscarella_pearsei_P013373                            2.3780694 2.2113079 1.7113610 1.9299349 1.4835991 1.5273825 1.6247619 1.4065902 1.8286621 1.8286621 1.6852307 1.7670932 1.7673061 2.0552674 2.0538249 1.9716278 1.9850147 2.2338831 1.1787039 1.2363666 1.4856345 1.6194511 1.6609403 1.6044278 1.6538683 1.5816660 1.5087435 1.7660328 1.8355540 2.9361032 2.4241386 3.5505114 1.8955263 1.4995273 1.4799546 1.4337041 1.8616959 1.5800669 0.0000010 0.0000000 1.6392642 1.3764190 2.4197827 1.1683089 1.8340315 2.6101232 3.3560271 3.5442335 2.5359181 3.2766898 2.2551203 2.2725066 2.5115946 2.0148293 8.9999986 6.3476519 8.9999985 5.1890335 4.3890289 3.4642430 
Morvir_scaffold47.g80.t2                                          2.7339015 4.2726074 2.1630874 2.0271888 1.9959313 1.4005857 0.9961513 1.1735751 2.0122164 1.9047966 1.2257119 1.7818824 1.5920025 1.8687951 1.9084462 1.9911488 1.9589146 2.1220772 0.9580172 1.5395919 1.7612461 2.0278114 2.0681213 1.4393621 1.5990289 2.0100788 1.5003912 1.9525144 2.0335183 2.2460788 2.3111212 2.2256104 1.9399546 1.9587382 1.9450979 1.8429473 1.5815226 1.7569299 1.6392642 1.6392642 0.0000000 1.6748732 2.1005955 0.8895674 1.2798716 2.1153170 3.2811485 4.7999157 2.3506126 2.1637079 3.5819453 2.3405469 2.2724995 4.1324443 5.6471674 3.5892256 2.3230320 2.6852301 7.7093311 4.6154134 
Plajan_Pjan_C557849_01                                            4.2673335 3.0285438 1.7336465 1.5640224 1.6025597 1.1632870 0.9028748 1.0597352 1.7499615 1.7049413 1.1693758 1.8639689 1.5933753 1.7486014 1.7879747 1.7804210 1.7731475 2.0903721 1.2517124 1.3632452 1.7380596 1.7867780 1.8310815 1.0031660 1.2322435 1.7219952 1.1881879 1.5830540 1.5865500 1.8117820 2.2606768 2.0755014 1.6916922 1.9525608 1.9587654 1.6919263 1.5064604 1.5904975 1.3764190 1.3764190 1.6748732 0.0000000 1.9324235 1.3102530 1.7428117 1.4748055 3.2211040 4.0313071 1.9552258 2.0501187 3.2876955 2.0058198 2.6563500 3.2777099 4.1693059 3.0006598 2.1694926 3.2228236 6.2862330 4.8106768 
Dpul_mRNA2342                                                     5.8845867 4.2666482 2.1387180 2.0861350 1.8346921 1.3810874 1.3310670 1.6847624 1.9123229 1.8552634 1.4126896 1.7763833 1.6600696 1.9808369 1.9632693 2.0085649 2.0053410 2.3010994 1.2049295 1.4592947 1.9015132 2.0639994 2.0947711 1.5982233 1.4282805 1.7391451 1.6097786 1.7602819 1.8543307 2.0080549 2.0209221 2.0617986 1.7829497 1.7997948 1.7929512 1.7959035 2.0564434 2.0671232 2.4197827 2.4197827 2.1005955 1.9324235 0.0000000 1.6679576 1.9594759 2.1197798 3.0900814 4.6063570 2.8414297 1.9659670 3.3353351 2.7830195 3.1376763 3.9777450 4.7009531 3.4170771 2.6144339 2.5214960 7.8997770 5.3140338 
Tetwil_g14663.t2                                                  3.6585973 1.8332688 1.4687326 1.3395030 1.2826703 1.2826703 1.3751263 1.2764869 1.2199682 1.2337827 1.4692489 1.0835348 0.9871310 1.2331159 1.2279401 1.1989735 1.1999826 1.3583109 1.1385697 1.0521425 1.2088618 1.1454172 1.2278311 1.4902545 1.5034096 1.0468715 1.6584368 1.0747088 1.1093391 0.8560254 0.6530758 0.6746895 0.9697927 1.1852949 1.1589141 1.3750851 1.4048855 0.9749416 1.1683089 1.1683089 0.8895674 1.3102530 1.6679576 0.0000000 1.6775315 1.3192486 0.0000010 3.8059126 3.0161636 1.4974963 2.7701787 2.5743869 2.9706794 2.4988285 2.5962595 2.2081530 1.1801155 4.8108646 1.4931562 3.5728551 
Opea_EP00118_Oscarella_pearsei_P013370                            9.0000000 0.0000010 2.2375139 1.5402629 2.0041204 2.0041204 1.7925431 1.7461453 2.0831854 2.0831854 1.4372503 1.4936577 2.1566410 1.6933295 1.6222323 1.7752429 1.7752429 1.6381004 1.6381004 1.5453603 1.5721570 1.7588505 1.7100476 2.7663174 2.7663174 1.8889198 3.6754752 1.6611938 1.6006356 1.1945458 1.0751967 1.1692431 1.5819283 1.7167542 1.7115150 1.9614046 1.7254103 1.9192296 1.8340315 1.8340315 1.2798716 1.7428117 1.9594759 1.6775315 0.0000000 0.5890411 0.0000010 5.3878112 5.9801573 2.1641329 4.3456788 6.5238249 4.8872544 5.1798881 4.6578521 4.2951461 1.4364968 8.0532303 1.0589577 5.1538841 
Opea_EP00118_Oscarella_pearsei_P013372                            3.3385573 3.0806222 1.9266014 1.6551775 1.7807728 1.2049546 0.9334172 1.0268472 2.1349167 2.0106119 0.8882123 1.8639107 1.7322369 2.1001165 2.0892519 2.2316014 2.2601740 2.3695112 1.3097648 1.5054630 1.7929509 1.9937682 1.9949409 1.1334261 1.2713500 1.9010832 1.0374263 1.7104224 1.7735982 1.8605577 1.9074630 1.8205277 1.7822148 2.1025487 2.0512326 1.8432710 1.4656822 2.0166508 2.6101232 2.6101232 2.1153170 1.4748055 2.1197798 1.3192486 0.5890411 0.0000000 2.5556177 4.5779118 2.2415228 2.1268992 3.8165571 2.3411143 3.1319128 4.6070512 4.8647350 3.4439437 2.2626441 2.8978747 7.7901886 4.6725863 
Stycar_maker-SC_scaffold42439-snap-gene-0.4-mRNA-1                1.3983995 2.7878055 2.4593160 3.2065142 8.9999987 7.1885715 0.0000010 0.0000010 2.5557390 2.5557390 0.0000010 3.3402822 2.0266059 3.0722742 3.1758957 2.8818404 3.1213942 3.1096259 2.9598599 6.2028585 2.3534036 2.6430190 2.8636476 3.2452457 0.0000010 2.7424337 0.0000010 2.4385926 2.6824161 2.5723454 2.5773450 2.5605910 3.2515943 2.7988371 2.7612680 3.6068632 2.8734931 2.1381732 3.3560271 3.3560271 3.2811485 3.2211040 3.0900814 0.0000010 0.0000010 2.5556177 0.0000000 8.4732154 0.9165310 3.8003476 5.4479907 2.1070951 0.0000010 3.4834306 8.9999986 3.2548412 3.5855334 3.9899176 4.0829481 6.5822966 
Morvir_scaffold121.g281.t1                                        5.2400812 5.7448854 4.8534910 4.9416974 4.7363976 3.7905345 3.8860175 3.5142563 5.0189936 5.0834123 3.0998623 3.9825333 4.0836020 4.7195733 4.7879474 4.8947819 4.8823162 4.8614009 2.9052110 4.4300099 4.2113146 4.8499492 4.7617768 3.7432112 3.8947575 4.4795711 3.1057257 4.5943836 4.7490812 5.1541101 5.5326902 5.1111728 4.2409944 4.5945748 4.7061245 4.3404697 4.6913866 4.4011106 3.5442335 3.5442335 4.7999157 4.0313071 4.6063570 3.8059126 5.3878112 4.5779118 8.4732154 0.0000000 3.3918893 5.3056336 5.7618347 3.9452394 4.1772894 4.9886846 7.3383634 4.7366393 6.1449052 5.3736456 8.0840543 8.9999984 
Spis_XP_022808559_1                                               3.2547199 0.7665997 2.3473219 2.2800632 2.3152999 2.3188814 2.6211259 2.9380049 1.9989288 1.9989288 2.5343038 2.4100999 2.0439402 2.1829971 2.1657972 2.2336963 2.2323167 2.4630336 2.5469115 2.1880666 2.4190799 2.0270557 1.8953809 1.7477812 1.9382510 2.0242224 1.9971711 1.9224422 1.8580048 2.1286942 2.1868425 1.9454425 2.1048081 2.6830232 2.7004570 2.0668333 2.3461828 1.9690906 2.5359181 2.5359181 2.3506126 1.9552258 2.8414297 3.0161636 5.9801573 2.2415228 0.9165310 3.3918893 0.0000000 2.5317120 2.6280790 2.6150447 2.4161388 2.1453516 3.7555133 1.5411067 1.5046011 1.4407217 2.1972468 6.4262009 
Acagra_model.g24524.t1                                            5.4225756 3.0654319 1.8205582 1.8488400 1.9306609 1.2467908 0.7357234 1.0056483 1.6271604 1.5233188 0.9832765 1.9076330 1.4941678 2.0167008 2.0870698 2.0513191 2.0939134 2.5181106 1.4728469 1.8513230 1.9683922 2.1944210 2.2129511 1.3526150 1.3025187 1.8764972 0.8599837 1.8584320 1.8696885 2.0373387 1.9987167 1.8963558 1.7123953 1.7139162 1.7120895 1.3233794 1.6401960 2.0251187 3.2766898 3.2766898 2.1637079 2.0501187 1.9659670 1.4974963 2.1641329 2.1268992 3.8003476 5.3056336 2.5317120 0.0000000 3.9998928 2.9458552 3.0280701 4.6964867 5.2482861 3.3627672 2.4503653 2.5387936 6.6537030 4.5499065 
Stycar_augustus_masked-SC_scaffold62497-processed-gene-0.0-mRNA-1 8.2457102 5.6250547 3.4008396 3.2313902 3.0381986 2.6217178 2.4233636 2.2387958 2.9873507 3.0362051 2.5306966 3.5578428 2.9896061 3.7489641 3.7449916 3.9507174 3.9258898 3.8023249 2.4298366 2.4977850 3.3420035 2.9398317 3.0802865 2.1027688 2.1801158 2.8278325 1.8098648 3.1270675 3.1172594 3.8291433 3.5922962 3.5596350 3.0917596 3.3342527 3.2532144 3.3328468 2.7757991 3.4242580 2.2551203 2.2551203 3.5819453 3.2876955 3.3353351 2.7701787 4.3456788 3.8165571 5.4479907 5.7618347 2.6280790 3.9998928 0.0000000 1.1562802 1.2532279 1.9019120 1.8177748 3.2344245 3.2750663 4.7567755 3.0967415 5.1044092 
Nvec_v1g144756                                                    6.2008161 4.2032814 2.5803305 2.3715251 2.5049294 2.5049294 2.4588207 2.4805683 1.8993602 1.8993602 2.1720751 2.3526826 2.0195665 2.3288398 2.3262083 2.3813419 2.3827670 2.3321176 2.4026958 2.0786238 2.2697813 2.2167309 2.2106356 2.1945799 2.4213069 2.0392259 2.5949706 2.1556048 2.1336054 2.4683590 2.3260614 2.2561151 2.1590794 2.4720479 2.4270460 2.1915438 2.2182002 2.4951709 2.2725066 2.2725066 2.3405469 2.0058198 2.7830195 2.5743869 6.5238249 2.3411143 2.1070951 3.9452394 2.6150447 2.9458552 1.1562802 0.0000000 1.4950892 1.0391011 1.4376493 1.6317064 2.3012018 2.4751158 1.2897877 5.4554692 
Xestes_augustus_masked-XT_scaffold95088-processed-gene-0.0-mRNA-1 8.4198409 4.8807575 2.7859460 3.1454533 3.0446280 3.0446280 2.8860178 2.5605949 2.5457913 2.5457913 2.3577289 2.6036899 2.4438695 2.6696870 2.6037531 2.8059824 2.7975695 2.7883748 2.8561178 2.3223620 2.6754012 2.5361194 2.4444787 2.2105759 2.1461067 2.1806333 1.9811084 2.2159593 2.0807968 2.5032445 2.8570611 2.7388165 2.6170652 3.0005609 2.8990183 2.4157556 2.7606389 2.5834343 2.5115946 2.5115946 2.2724995 2.6563500 3.1376763 2.9706794 4.8872544 3.1319128 0.0000010 4.1772894 2.4161388 3.0280701 1.2532279 1.4950892 0.0000000 1.7179731 1.8670922 1.8385591 2.9277619 3.7633759 1.8113504 8.1054433 
Aaur_scaffold10.g215.t1                                           7.4600296 6.3942366 3.8704365 3.8568115 4.0704922 2.9437805 2.7819248 2.2958222 3.1680781 3.0208271 1.7219361 3.7537910 3.4496411 3.4658917 3.6450128 3.7962164 3.7714278 3.6943588 2.2095861 2.6707987 3.4946791 3.6780692 3.6600940 1.4507234 1.5121786 3.5278957 1.3850777 3.8360355 3.6955778 4.7765283 4.5775511 5.0465812 3.5198866 4.0032214 3.8974283 3.1695809 2.9135436 3.2038982 2.0148293 2.0148293 4.1324443 3.2777099 3.9777450 2.4988285 5.1798881 4.6070512 3.4834306 4.9886846 2.1453516 4.6964867 1.9019120 1.0391011 1.7179731 0.0000000 3.2896991 3.0425448 4.8802012 5.8998763 3.7283585 8.0848567 
Stycar_snap_masked-SC_scaffold42228-processed-gene-0.512-mRNA-1   8.9999990 8.9999986 6.4621606 5.4254244 5.2669851 3.7511025 3.5138425 4.5648769 5.3675669 5.2418435 3.0489057 5.1758643 4.8716058 5.9716286 6.0785464 5.7311503 5.6776989 6.5506487 3.2553944 3.7467752 5.8741523 4.7503485 4.6835997 5.3685628 8.5277068 5.0375607 0.0000010 5.5758540 5.5932480 5.5820747 5.4049811 5.1798612 5.3337262 6.1623319 6.1473411 5.3577749 4.0032942 4.7164501 8.9999986 8.9999986 5.6471674 4.1693059 4.7009531 2.5962595 4.6578521 4.8647350 8.9999986 7.3383634 3.7555133 5.2482861 1.8177748 1.4376493 1.8670922 3.2896991 0.0000000 4.5992379 4.8800429 6.7565809 2.7959465 8.5389017 
Spis_Spis25617_1                                                  8.9999980 6.1597913 3.2172616 3.3389830 3.0862162 2.0204278 1.7920417 1.9942873 3.1291389 3.1291389 1.1576460 3.0838229 2.7359554 3.2332378 3.1979806 3.2952797 3.2952797 3.6687366 1.8304264 2.7312381 3.1960296 2.9709234 2.9794519 2.5078342 1.9587671 2.7437061 1.1485964 3.0654425 3.1987544 3.2466351 3.2094323 2.8461043 3.0693574 3.3753294 3.3332249 3.1775862 2.8070462 2.9848138 6.3476519 6.3476519 3.5892256 3.0006598 3.4170771 2.2081530 4.2951461 3.4439437 3.2548412 4.7366393 1.5411067 3.3627672 3.2344245 1.6317064 1.8385591 3.0425448 4.5992379 0.0000000 3.9101213 5.2381334 5.5899062 8.9999982 
Spolac_c92383_g1_i2_m.7783c92383-g1                               3.1557608 2.7476741 2.2533426 1.9203086 2.9664743 1.5916163 1.2753295 1.2387277 2.4254656 2.4954923 9.0000000 2.4050618 2.2618802 2.9387101 2.9697885 3.2157151 3.2347192 3.2697407 1.8924086 2.5588407 2.1089199 2.4343075 2.5330478 1.0031876 2.4742319 2.3145472 0.0000010 2.3919247 2.3944820 2.4317564 2.2389334 2.1454068 2.4628313 2.8401842 2.8195344 2.7979545 0.6849200 2.7674474 8.9999985 8.9999985 2.3230320 2.1694926 2.6144339 1.1801155 1.4364968 2.2626441 3.5855334 6.1449052 1.5046011 2.4503653 3.2750663 2.3012018 2.9277619 4.8802012 4.8800429 3.9101213 0.0000000 2.3542987 4.8320625 5.0299331 
Xesp_013936-T1                                                    4.5664778 3.2219561 2.6630777 2.7591522 2.5558235 2.2857309 1.4324140 8.9999980 3.0027534 3.0027534 9.0000000 1.6419280 2.4736034 2.5152169 2.4786960 2.6944235 2.5841737 2.9591670 1.8456850 2.3884448 2.5389566 3.2089988 2.9702164 1.1432615 2.0645549 3.2117211 0.0000010 2.9859338 3.0366701 2.9892197 2.8964736 2.6133603 2.1595812 2.9611115 2.8531964 2.7439965 2.6212141 2.7951422 5.1890335 5.1890335 2.6852301 3.2228236 2.5214960 4.8108646 8.0532303 2.8978747 3.9899176 5.3736456 1.4407217 2.5387936 4.7567755 2.4751158 3.7633759 5.8998763 6.7565809 5.2381334 2.3542987 0.0000000 8.9999986 6.4948198 
Ctel_gnl_WGS_AMQN_CAPTEDRAFT_mRNA207815                           6.9666138 7.1833181 5.7413481 4.5030157 8.7497243 3.5122059 1.1795516 1.6094429 5.5362763 4.8690714 3.2338638 7.3665574 5.9427837 7.9221135 7.8763127 8.6956588 8.6956588 7.8405879 1.9477890 6.9019772 6.5638914 5.9183099 5.9517787 3.6866565 5.2192192 5.0631675 1.3774931 6.1448056 6.1360536 6.7187885 5.5462015 6.3552319 6.7311098 6.0139215 5.9392665 7.1869200 4.4461788 5.1044164 4.3890289 4.3890289 7.7093311 6.2862330 7.8997770 1.4931562 1.0589577 7.7901886 4.0829481 8.0840543 2.1972468 6.6537030 3.0967415 1.2897877 1.8113504 3.7283585 2.7959465 5.5899062 4.8320625 8.9999986 0.0000000 7.7160024 
