81
Tetwil_g13970.t1                                      0.0000000 0.0558385 3.6070734 3.0904023 2.9046350 4.3458400 9.0000000 5.3040008 7.9266651 6.4928169 5.4638218 8.0332370 8.1376435 7.2282304 8.0422031 6.0828866 6.4195558 8.0422031 6.4195558 8.0422031 6.6415225 4.4829378 5.8041099 4.5041291 8.9999982 4.4228217 4.0923844 4.0332472 4.1154627 4.2887672 4.1193961 4.1840241 4.7271048 4.8512926 4.9339992 4.7597898 4.6912130 4.6912130 4.4517226 4.7637516 4.5734368 4.2233595 4.0652507 4.3078454 4.7178270 9.0000000 4.4251603 4.4295356 5.2062284 2.9627119 5.3980776 4.5184364 4.1470973 4.4365983 4.2658769 3.6343796 3.8204174 4.2847022 5.3376610 4.7890801 4.5047499 4.9065987 4.9065987 4.7200164 4.7739363 4.8430339 3.8754635 5.5338282 4.6607371 6.2958449 6.4295074 5.9332669 1.6917007 2.7553226 3.5412147 1.7808345 9.0000000 2.2550144 3.1481835 3.0490984 4.7786678 
Tetwil_g15336.t1                                      0.0558385 0.0000000 2.1774664 1.9702735 2.1010911 2.6634200 5.5775747 4.9256571 5.4883390 5.1073449 4.9170634 5.5500534 5.5237586 5.2522554 4.6162273 5.3221604 5.4985669 5.4601341 5.4985669 5.4601341 5.2809284 4.1073936 5.0377761 4.6116130 5.3391076 4.9438714 4.3967753 5.0795972 5.0639809 4.8248850 4.6205190 4.9213605 5.0338463 4.5556085 4.5558125 5.1773001 4.6523782 4.7677352 4.5610460 4.6776428 4.0706066 4.8654638 4.5993380 3.9421744 4.0539821 5.3819174 4.6865457 4.3100413 4.3920736 6.2802241 5.4442235 4.4667322 4.8494830 5.4033752 4.7834461 4.1726222 3.5743293 4.7910573 4.5016732 4.8479710 4.8243283 4.9258191 4.9522894 4.7405341 4.4965211 4.8300954 4.3274427 4.8712268 4.4963500 5.2230109 5.1758794 3.9585757 3.3820093 2.9742824 2.8306286 2.8309436 2.2138654 2.8785457 2.8605357 2.7297058 5.6983890 
Bralan_BLAG18000180_1                                 3.6070734 2.1774664 0.0000000 1.4124424 1.4317397 1.8855423 4.2367813 3.7681795 4.0854789 4.1604256 4.2399574 4.2444277 4.2229856 4.0973153 3.8354965 4.0592024 4.0659562 4.3728491 4.0659562 4.3728491 4.3153375 5.0725449 5.4519353 5.5702695 5.5736250 4.7890916 4.7623993 4.5344203 4.7594383 4.7062590 4.9661020 4.6016914 4.5737174 3.9762278 3.6401896 4.1269414 4.7710177 4.7158460 4.6486133 4.4598429 4.4002003 4.4466596 4.0736742 4.3583029 4.3309822 3.9256089 4.4239675 4.1736974 4.0883185 5.7420928 5.1503953 3.9921689 5.3130095 4.9197967 4.8467678 4.2644643 4.5695327 4.9477427 4.4589830 4.7793942 4.7292731 4.9811055 4.9551207 4.4477884 4.6159664 4.3483218 4.0404192 4.4484290 5.0872565 5.3274899 5.2170494 3.7612140 3.2901853 2.5825785 2.3723777 2.9735893 2.3614380 2.5943777 2.8898162 2.6945287 6.0284012 
Acagra_model.g6794.t1                                 3.0904023 1.9702735 1.4124424 0.0000000 0.7286829 2.4365648 4.0812008 3.4984901 4.2364695 3.6621941 3.9877235 4.3184751 4.2988064 4.0593307 3.6227659 4.2574732 4.3183707 4.4765241 4.2995054 4.4489702 3.7521183 4.6796716 4.9366761 4.8623414 5.0988181 3.8230269 4.1870232 4.0808295 4.0786637 4.2760568 4.5205115 4.0917350 4.3697820 3.9263046 3.7073196 3.5726421 4.1658725 4.1629723 4.0104966 4.3546200 4.0282302 4.0923807 3.7198491 4.4197474 4.4357434 4.3794617 4.2307021 4.0680625 3.7107934 4.2091629 4.6950105 4.2917904 4.6480634 4.6443661 4.4915067 4.5038687 5.0490516 4.8066785 3.6661024 4.6911450 4.5854676 4.5556456 4.5194116 4.2901258 3.7846558 3.6635257 4.4798259 4.0482568 5.1339116 5.6716349 5.0161898 4.0248002 3.1720508 3.1516314 2.7188019 2.7212315 2.2632638 2.6042619 2.9896408 2.2915471 5.3652127 
Cgig_XM_020062400.2                                   2.9046350 2.1010911 1.4317397 0.7286829 0.0000000 2.5914389 4.9242212 3.9460411 4.1891208 4.0109944 4.0455710 4.0689942 4.0512202 4.1081699 4.0180332 4.0148622 4.0309545 4.4674241 4.1045222 4.6663785 4.0957518 5.1862215 4.7850281 5.0920387 4.9715434 4.4504996 4.5293593 4.7521427 4.6490809 4.9819455 5.1104383 4.6741681 4.3492394 3.6048023 3.5950692 3.9141298 4.6213934 4.5124813 4.4589677 4.8826962 4.3803782 4.7760423 4.0009837 4.4304156 4.3229234 4.1672334 4.2106097 4.2788780 4.0030520 4.2994361 5.1031892 4.4891649 4.7980846 4.7716597 4.3740682 4.2732585 4.6645895 4.7764038 4.4287092 5.1600727 4.9580495 5.1202083 5.0805028 4.5523310 4.0041086 4.0940669 4.7709852 4.2224656 4.8817515 5.5529334 4.9759867 3.7433102 3.8434621 2.8681608 2.5819027 2.9125923 2.1662618 2.4140006 2.6835823 2.2796946 5.4087592 
Skow_XM_006823251.1                                   4.3458400 2.6634200 1.8855423 2.4365648 2.5914389 0.0000000 4.5358467 4.2330368 4.4209177 4.6058042 4.4488040 4.9517312 5.0270314 4.6711473 4.5750901 4.5861598 4.8085032 5.1053677 4.7343624 4.9754496 5.5289158 4.5131686 4.9807942 5.3573504 6.4887271 4.4931872 3.9200652 4.7729663 4.6916553 4.3980234 4.6850164 4.1866696 5.0022242 4.4293980 4.0159367 4.1833655 4.4696377 4.3499281 4.4794204 4.1706055 4.1017781 4.3381016 4.5138229 4.1721653 4.0685362 5.8875087 4.9592757 4.4933946 4.4023311 5.9533315 5.6804337 4.1649418 4.9753462 5.0737958 4.7212143 4.2515478 4.5462547 5.0240690 4.6431919 5.2781632 5.3002295 5.0121944 4.9303746 4.9968997 5.1891570 3.8596030 4.3434386 4.5538499 5.0208044 4.8471278 4.9393746 3.2421721 3.1547944 3.2251788 2.5604871 3.1497430 2.6082820 3.2225923 3.4150322 2.7050207 6.8045527 
Mertsp_Mesp_sb561752                                  9.0000000 5.5775747 4.2367813 4.0812008 4.9242212 4.5358467 0.0000000 0.0000010 0.1386438 0.3445588 0.5014866 0.5534611 0.5464962 0.6807185 0.9192697 0.7596903 0.7626349 0.7869078 0.7638013 0.7892834 1.1322020 3.5440271 3.7185143 3.9969534 3.8039059 3.0747512 3.9201319 3.1862111 3.3452284 3.4636083 4.5282352 4.5113227 3.0337587 3.2570560 3.4155322 3.6119401 3.4004582 3.4004582 3.4004582 3.4890747 3.4865771 3.1488868 3.7090277 3.0474098 3.0474098 4.7327688 3.6611131 3.5894611 4.1805265 3.4125537 3.8293129 4.2311556 3.2028495 3.6961746 3.7725945 3.4510924 2.1304858 3.4510275 3.9051667 3.7919074 3.6120013 4.0341039 4.1141403 3.9629702 3.7591870 3.7759026 3.3339726 3.6313837 3.6547504 4.0884357 4.0884357 3.6916780 4.5058481 4.5121586 4.6215650 5.2442205 5.3503981 4.4796305 4.3250542 5.1908155 4.3395061 
Bolinf_Binf_sb1258880                                 5.3040008 4.9256571 3.7681795 3.4984901 3.9460411 4.2330368 0.0000010 0.0000000 0.1231803 0.2772446 0.3613484 0.4400820 0.4297871 0.5266079 0.7841056 0.6353103 0.6520222 0.7869078 0.6498285 0.7892834 0.7596246 2.7887687 2.9462367 3.1463192 3.4432668 2.5036976 2.6988680 2.6094107 2.6608521 2.6919044 2.8766201 3.0973102 2.5446512 2.6302350 2.7180333 2.9767433 2.7152962 2.7338119 2.6885605 2.6828357 2.6440691 3.0084806 2.6760254 2.6521520 2.5698568 4.2479700 2.8909091 2.7968086 2.9273123 3.4413524 2.8692157 2.9372642 2.6283281 2.8112439 2.7130024 2.6640036 1.9173508 2.6904277 3.1062626 2.8135615 2.7334645 3.0491294 3.0771784 3.1080965 3.0563667 2.9301390 2.5483910 2.8156402 2.9385365 3.1873973 3.2014532 3.0275570 4.3121105 4.6700979 4.3509966 4.7978556 4.8280088 4.0378489 3.8148296 3.9601667 3.4976134 
Mlei_ML2120.g19.i1                                    7.9266651 5.4883390 4.0854789 4.2364695 4.1891208 4.4209177 0.1386438 0.1231803 0.0000000 0.2992015 0.3961095 0.4115182 0.3980280 0.5441286 0.7569989 0.7076991 0.7253094 0.8227557 0.7225883 0.8219747 0.7282549 3.0656790 3.0882923 3.1397474 3.6156869 2.6999414 2.7396941 2.7223058 2.7774932 2.7406946 2.8896921 3.1294514 2.6190317 2.8544727 2.8403498 3.0506832 2.7268410 2.7396336 2.7064795 2.7853618 2.7204032 3.0831554 2.6777776 2.8800975 2.8197221 4.5461227 3.0462337 3.0262452 3.0138681 3.4298577 3.0295676 3.0540852 2.6202528 2.8687346 2.8715906 2.8292541 2.2527747 2.7858211 3.2476364 2.8690587 2.8114797 3.0854952 3.1110272 3.2000631 3.5807412 2.9526417 2.8010563 2.9716291 3.1661740 3.2915585 3.2764630 3.1983702 4.2206808 5.0498714 4.6851470 4.9386926 4.9197485 4.0984635 4.2669723 4.4713249 3.5103616 
Drygla_Dgla_sb307813                                  6.4928169 5.1073449 4.1604256 3.6621941 4.0109944 4.6058042 0.3445588 0.2772446 0.2992015 0.0000000 0.3346667 0.3958783 0.3970040 0.5674094 0.7519089 0.6214660 0.6488021 0.8239418 0.6461755 0.8260391 0.6409850 2.9543780 3.1902928 3.0633970 4.0234568 2.6238518 2.6296040 2.6766584 2.7025743 2.7350377 2.7192850 3.0586927 2.5223113 2.8580566 2.6115623 3.0276750 2.6777970 2.7179260 2.6521812 2.7539234 2.7938095 2.8674145 2.6282855 2.8732567 2.7849387 4.4553886 2.8577316 2.7425648 2.7592153 3.4487224 2.7937798 3.0871402 2.7909242 2.8136564 2.7210447 2.7054246 1.9826892 2.4837934 3.0704218 3.0545602 3.0036966 3.2331011 3.2632236 3.3379511 3.3702932 2.7116085 2.6269941 2.8568485 3.0156509 3.2147297 3.2119519 3.0947588 4.9319450 5.0739659 4.7017741 5.4624060 5.9054649 4.5562014 4.3164267 4.2707881 3.5862720 
Mertsp_Mesp_sb534229                                  5.4638218 4.9170634 4.2399574 3.9877235 4.0455710 4.4488040 0.5014866 0.3613484 0.3961095 0.3346667 0.0000000 0.4191682 0.4282588 0.5550237 0.7385117 0.5881958 0.6026334 0.7642641 0.6026334 0.7642641 0.6885304 2.9758137 3.0451930 3.1566522 3.8628160 2.5739253 2.8032492 3.0760798 2.8660698 2.7512649 2.8355254 2.8538325 2.5222486 2.8294076 2.8954139 3.7689313 2.9044387 2.9532279 2.8697236 2.9070564 3.1568282 3.4970350 2.8827877 3.0585026 2.9040243 4.3962909 3.1332454 2.9792248 2.8725849 4.1221784 2.9498023 2.9656950 2.8032287 2.9481118 2.8080508 2.5323427 1.8798339 2.6279844 3.2350326 3.0439468 3.0210449 3.3283888 3.2885885 3.4303039 3.1918057 3.0817816 2.6645882 2.7494344 3.2520157 3.4004529 3.4004529 2.7520621 5.1187815 5.3250385 4.6751295 5.4420520 5.6466155 3.9674015 3.8498372 4.2260855 3.6199079 
Pbac_sb2649527                                        8.0332370 5.5500534 4.2444277 4.3184751 4.0689942 4.9517312 0.5534611 0.4400820 0.4115182 0.3958783 0.4191682 0.0000000 0.0239763 0.5768598 0.7719852 0.7052124 0.7178471 0.8235474 0.7189667 0.8305914 0.7551142 2.9861416 3.1811752 3.1322849 3.4852830 2.8464081 2.6795382 2.8630264 2.8630734 2.8166600 2.9438826 3.1012097 2.4300526 2.9483720 2.8013837 2.9777952 2.6948460 2.7253423 2.6522918 2.8496151 3.0172565 2.7900334 2.7214386 2.8273841 2.7355567 4.7230396 3.1465406 2.9948891 2.9516027 3.7386345 2.9443626 3.1991324 2.8750530 3.0763887 3.1071818 2.7937626 2.3616144 2.7872509 3.1882694 2.8876263 2.7597300 3.1765058 3.1776526 3.3115705 3.5680947 2.9817529 2.8268154 2.8310313 3.2308962 3.3995923 3.3141915 3.5059243 5.0993087 4.9975773 4.5861453 5.4375929 5.3799842 4.4710425 4.2451202 5.0399274 3.6360345 
Horcal_Hcv1.av93.c6.g137.i1                           8.1376435 5.5237586 4.2229856 4.2988064 4.0512202 5.0270314 0.5464962 0.4297871 0.3980280 0.3970040 0.4282588 0.0239763 0.0000000 0.5877072 0.7794102 0.7035644 0.7122798 0.8204827 0.7132719 0.8274317 0.7291414 3.0656767 3.1956540 3.1930159 3.5835627 2.8630115 2.7289093 2.8503693 2.8512418 2.8420892 2.9734191 3.1432085 2.4075146 2.9925275 2.7812203 3.0034792 2.7336455 2.7658521 2.6904903 2.8598831 2.9397042 2.8132910 2.6904747 2.8392683 2.7688785 4.7523625 3.1549116 3.0028369 2.9578556 3.6666347 2.9403056 3.1458147 2.9079963 3.0901958 3.1426497 2.8112863 2.3513799 2.7981868 3.2493266 2.9360065 2.8057950 3.2063581 3.2325438 3.3130495 3.5770401 2.9679745 2.8511053 2.7880102 3.3040343 3.4004723 3.3073173 3.5036011 5.0405257 4.8787712 4.5259593 5.4147587 5.2774692 4.4654825 4.3112924 5.1044465 3.5993046 
Lampan_Lpan_C413765_01                                7.2282304 5.2522554 4.0973153 4.0593307 4.1081699 4.6711473 0.6807185 0.5266079 0.5441286 0.5674094 0.5550237 0.5768598 0.5877072 0.0000000 0.7225485 0.6409313 0.6792040 0.8389533 0.6575969 0.8013161 0.7837240 3.0612661 3.2973634 2.9025634 4.6835439 2.6661917 2.6101951 2.6616827 2.6207415 2.5397490 2.7199681 2.9410906 2.6115939 2.7398764 2.6648444 2.8169750 2.6050670 2.6329896 2.5807335 2.5513766 2.7784729 3.1844735 2.5617502 2.5948008 2.5916103 4.1143804 2.9375985 2.7396589 2.7325592 3.5004208 2.9659608 3.1068204 2.7308345 2.8199141 2.7268082 2.7150650 1.9950793 2.6167602 2.9880818 2.9255726 2.7968975 3.0931499 3.1197662 3.1183513 3.3979115 2.7752889 2.6915778 2.6662425 3.3750758 3.1219426 3.1158516 3.7212048 4.3556313 4.6995649 4.5440454 5.1350910 4.6239230 4.4851867 4.4299821 4.2572538 3.6126493 
Vmul_sbMO397224                                       8.0422031 4.6162273 3.8354965 3.6227659 4.0180332 4.5750901 0.9192697 0.7841056 0.7569989 0.7519089 0.7385117 0.7719852 0.7794102 0.7225485 0.0000000 0.3838874 0.4125598 0.4753353 0.4189382 0.4880135 0.9047427 3.0085667 2.9546679 3.0594585 4.4620611 2.6478613 2.7909047 2.9338299 2.8010419 2.7177706 2.8375019 3.0992944 2.4649624 3.4802816 3.0564097 3.1134600 2.7341771 2.7347755 2.7300805 2.7623011 2.9299525 3.1107958 2.7006016 2.5396549 2.5396549 4.6926432 3.1092815 3.0183184 3.1363520 3.3333570 3.1994082 3.1336600 3.0260116 3.0987732 3.1292622 3.0293894 1.6095260 3.0473963 3.2937305 3.1503227 3.0025560 3.4355276 3.4983838 3.4932842 3.1639102 2.9475881 2.7075557 3.1934076 3.2399806 3.1565264 3.1565264 3.2064624 5.7364304 5.5998227 4.7511718 5.7006695 5.0703600 4.3552057 4.6038987 4.5408000 3.9066288 
Coemet_Cmet_scaffold22452_01                          6.0828866 5.3221604 4.0592024 4.2574732 4.0148622 4.5861598 0.7596903 0.6353103 0.7076991 0.6214660 0.5881958 0.7052124 0.7035644 0.6409313 0.3838874 0.0000000 0.0372616 0.0461185 0.0545450 0.0802576 0.8148895 2.9036712 2.8576432 2.8398078 4.6757420 2.6010342 2.5088414 2.5276186 2.4956110 2.4363816 2.5697249 2.7028538 2.3923508 2.8946380 2.5859589 2.8551262 2.6519337 2.6718653 2.6456213 2.6550051 2.5901351 2.9197779 2.6825523 2.7046830 2.6490888 4.3404002 3.0809112 2.9543183 2.8287723 3.5638177 2.8338911 3.0863669 2.8236498 2.9948447 2.9161797 2.8456249 2.2326766 2.9062635 2.9297278 3.0479289 2.9360086 3.2109837 3.2402785 3.0963139 3.3763399 2.6698314 2.5233240 2.8715678 3.0048448 3.1530207 3.2242254 3.7296564 5.6137527 4.8373685 4.4159765 5.0557339 4.6971064 4.3546714 4.2239480 4.4695668 3.5004711 
Coeast_Cast_sb807329                                  6.4195558 5.4985669 4.0659562 4.3183707 4.0309545 4.8085032 0.7626349 0.6520222 0.7253094 0.6488021 0.6026334 0.7178471 0.7122798 0.6792040 0.4125598 0.0372616 0.0000000 0.0000010 0.0147548 0.0276839 0.8562411 2.9481845 2.8697475 2.9244430 4.3819454 2.7303091 2.5309603 2.6377782 2.5907804 2.5315614 2.6439529 2.7769086 2.3778253 2.8894907 2.6013598 2.8576289 2.6511443 2.6749575 2.6520158 2.6626648 2.5655706 2.8978717 2.6888876 2.6945450 2.6408497 4.1837699 3.0328625 2.9547638 2.7947735 3.5433544 2.8219042 3.0311045 2.9060996 3.0781878 3.0521004 2.9375703 2.2595797 2.8569928 2.9072403 3.0595804 2.9491076 3.2529754 3.2755080 3.1691207 3.3727631 2.7193022 2.6554771 2.8417547 3.0439399 3.2220145 3.2827154 3.7378870 5.9153826 5.0479028 4.5369594 5.2431304 4.9439833 4.2862497 4.3177181 4.5370625 3.4591428 
Coeast_Cast_sb807330                                  8.0422031 5.4601341 4.3728491 4.4765241 4.4674241 5.1053677 0.7869078 0.7869078 0.8227557 0.8239418 0.7642641 0.8235474 0.8204827 0.8389533 0.4753353 0.0461185 0.0000010 0.0000000 0.0276839 0.0276839 1.2947346 3.4578660 3.1410771 3.4041537 5.6132220 3.4966190 3.3668768 3.0895326 3.1193803 3.0320475 3.6683506 3.6736022 2.6669716 3.8312818 3.4209589 3.3355170 3.2187449 3.2187449 3.2187449 3.2798898 3.2213800 2.8964187 3.3463374 3.0496604 3.0496604 4.6046274 3.9110475 3.9538997 3.8003534 3.3576158 3.3740282 4.1688066 3.7948211 3.9938056 4.5527161 4.1418936 3.1692144 4.0323532 3.6933236 3.9843616 3.6450565 4.2508657 4.3426879 3.8104417 3.6760426 3.0928268 3.5877958 3.5201227 3.5277872 3.9706674 3.9706674 4.5515453 6.6384973 4.7873846 4.3663383 5.7281048 5.1306217 4.3295778 4.3492309 4.8563613 4.2064765 
Coeast_Cast_sb807331                                  6.4195558 5.4985669 4.0659562 4.2995054 4.1045222 4.7343624 0.7638013 0.6498285 0.7225883 0.6461755 0.6026334 0.7189667 0.7132719 0.6575969 0.4189382 0.0545450 0.0147548 0.0276839 0.0000000 0.0000010 0.8562411 2.8796395 2.8319729 2.8413149 4.3819454 2.6587370 2.5309603 2.5689550 2.5263321 2.4668630 2.5496486 2.6749585 2.2591674 2.8894907 2.5214291 2.7570869 2.5477091 2.5675681 2.5486136 2.6061467 2.5106923 2.8518217 2.5861899 2.5673433 2.5141588 4.1155518 2.9466017 2.8429035 2.7538949 3.2647731 2.7570683 2.8769007 2.8396540 2.9701651 3.0521004 2.8393141 2.2595797 2.7984372 2.8157992 2.8691924 2.8701491 3.0582159 3.0788059 3.0499522 3.2304350 2.6188013 2.5878070 2.7039798 2.8817986 3.1342775 3.1882279 3.6076468 5.9153826 5.0479028 4.5369594 5.2431304 4.9439833 4.2862497 4.3177181 4.5370625 3.4372514 
Coeast_Cast_sb807336                                  8.0422031 5.4601341 4.3728491 4.4489702 4.6663785 4.9754496 0.7892834 0.7892834 0.8219747 0.8260391 0.7642641 0.8305914 0.8274317 0.8013161 0.4880135 0.0802576 0.0276839 0.0276839 0.0000010 0.0000000 1.2947346 3.3361836 3.0804204 3.2484504 5.6132220 3.3507760 3.3668768 2.9711882 3.0025562 2.9135581 3.4573813 3.4650312 2.4414978 3.8312818 3.2292220 3.1435834 3.0220364 3.0220364 3.0220364 3.1915691 3.1362498 2.8447581 3.1435482 2.8072252 2.8072252 4.5250266 3.7456770 3.7202520 3.7823917 3.0525480 3.2561415 3.7651282 3.6698654 3.7574441 4.5527161 3.9251540 3.1692144 3.9415085 3.5236993 3.5483331 3.4884783 3.8029556 3.8825006 3.5552189 3.3899194 2.8961555 3.4515282 3.2402285 3.1696507 3.8056949 3.8056949 4.2034348 6.6384973 4.7873846 4.3663383 5.7281048 5.1306217 4.3295778 4.3492309 4.8563613 4.1638100 
Eupdun_Edun_sb10609491                                6.6415225 5.2809284 4.3153375 3.7521183 4.0957518 5.5289158 1.1322020 0.7596246 0.7282549 0.6409850 0.6885304 0.7551142 0.7291414 0.7837240 0.9047427 0.8148895 0.8562411 1.2947346 0.8562411 1.2947346 0.0000000 2.8221904 2.5326153 2.7001516 3.0333933 2.5831323 2.0244383 2.6705863 2.5390144 2.3683490 2.2768441 2.2233211 2.0807738 2.4245745 2.4426127 2.9737540 2.2616614 2.3402968 2.2222283 2.2392256 2.4022788 2.9795494 2.2304200 2.5625308 2.3713473 4.1119623 2.7925275 2.4946679 2.5342341 3.8015763 2.6271655 2.2067005 2.4158059 2.8005172 2.3842716 2.4994245 1.8689524 2.2219579 2.6727274 2.5454237 2.4482703 2.8258315 2.8524006 2.8874265 2.5308086 2.2785519 2.1664884 2.3958703 2.9300465 2.8326084 2.8026419 2.0309118 5.4552093 5.3201019 4.9832487 5.2564864 5.5057665 4.3191187 4.8477531 5.1018375 4.0961972 
Lcom_lcpid65869                                       4.4829378 4.1073936 5.0725449 4.6796716 5.1862215 4.5131686 3.5440271 2.7887687 3.0656790 2.9543780 2.9758137 2.9861416 3.0656767 3.0612661 3.0085667 2.9036712 2.9481845 3.4578660 2.8796395 3.3361836 2.8221904 0.0000000 0.7664980 0.7951144 1.7199269 2.2442923 1.8579894 1.8261246 1.9136930 1.8613591 2.2715305 2.3903164 1.8348803 2.2034178 1.8632006 1.9841263 1.8124796 1.8743143 1.8245204 2.1431019 1.9814797 2.1985475 1.9138864 2.1666616 2.2490921 2.5507755 2.0084558 1.9899319 1.9187290 2.1576499 1.9329131 1.9733639 1.9663345 1.9421758 2.0511515 1.8663516 1.4515256 2.1075335 2.2343689 2.4421093 2.4075062 2.4294668 2.4213935 2.4156198 2.5968763 2.0304973 1.7591781 2.4993719 2.5055192 1.8704257 1.9304718 4.1205666 5.6913733 6.0636157 5.4710588 6.0095595 5.3530829 4.2851125 4.6263385 4.8128943 3.3259204 
Gracom_Gcom_scaffold16420_01                          5.8041099 5.0377761 5.4519353 4.9366761 4.7850281 4.9807942 3.7185143 2.9462367 3.0882923 3.1902928 3.0451930 3.1811752 3.1956540 3.2973634 2.9546679 2.8576432 2.8697475 3.1410771 2.8319729 3.0804204 2.5326153 0.7664980 0.0000000 0.7966407 1.6038558 2.1849916 1.8828690 1.9325255 2.0614838 2.0035361 2.2723785 2.4094023 1.8734006 2.2842318 2.0803572 2.3518216 2.1388430 2.1590167 2.1230462 2.3170518 2.2731743 2.2851197 2.3137002 2.1649414 2.1948456 2.4645480 2.1309250 2.1982632 1.9858788 2.2412662 2.1223286 2.3365683 2.1590690 2.1579725 2.1872327 2.1729987 1.8443073 2.3667877 2.3502718 2.7288269 2.6478819 2.7753773 2.7991493 2.5595072 2.7431918 2.2987494 2.0511899 2.6129363 2.6326467 2.0269897 2.0062536 3.6433819 5.4243246 6.1085711 5.3129569 5.1532280 4.9706250 5.3178810 5.2857209 4.4348862 3.4411576 
Leuniv_Lniv_scaffold20578_01                          4.5041291 4.6116130 5.5702695 4.8623414 5.0920387 5.3573504 3.9969534 3.1463192 3.1397474 3.0633970 3.1566522 3.1322849 3.1930159 2.9025634 3.0594585 2.8398078 2.9244430 3.4041537 2.8413149 3.2484504 2.7001516 0.7951144 0.7966407 0.0000000 1.9161707 2.5341041 1.8901882 1.9995992 2.1295351 2.0882283 2.2352074 2.5396619 1.8053003 2.2230123 1.8879390 2.2222335 2.0246905 2.0486910 2.0022553 2.3407711 2.1464823 2.2241434 2.1035644 2.0560293 2.1586526 2.2989259 2.0939151 2.0162818 1.8726819 2.3437436 2.0048811 2.1152901 2.2322186 2.1952663 2.2141213 2.2042296 1.7347468 2.2248604 2.3562305 2.4165004 2.3522589 2.5093698 2.5141890 2.4161958 2.7056707 2.1658708 1.9363882 2.5099428 2.8017926 1.8334235 1.9275177 3.8486336 4.4539940 6.4839790 5.5677334 6.3042654 5.4893555 4.9675353 5.5086482 4.9650495 3.7619030 
Clacor_Ccor_C503512_01                                8.9999982 5.3391076 5.5736250 5.0988181 4.9715434 6.4887271 3.8039059 3.4432668 3.6156869 4.0234568 3.8628160 3.4852830 3.5835627 4.6835439 4.4620611 4.6757420 4.3819454 5.6132220 4.3819454 5.6132220 3.0333933 1.7199269 1.6038558 1.9161707 0.0000000 2.6793921 3.3874779 3.1692462 3.2606819 2.9115882 2.8046889 3.0698920 2.2181948 2.4060077 2.9458589 2.9369142 2.9268174 2.9268174 2.9268174 3.2654316 3.0119220 2.4412613 2.5777201 2.5539930 2.5539930 2.2171930 2.6248370 2.4354934 2.6387179 2.5337130 3.8026862 2.7309177 3.7476672 3.0522134 3.1545794 2.4830090 1.9554865 2.2926770 4.1868095 2.9201575 2.7239908 2.8729628 2.8104980 2.5933865 1.9452080 2.9428131 2.7781067 3.0714607 3.1706009 2.8157269 2.8157269 0.0000010 5.8804321 7.6303380 7.3491046 8.3494078 8.9843811 4.0025836 5.0204487 5.3740151 3.1541273 
Fspp_ffun1.m4.40.m1                                   4.4228217 4.9438714 4.7890916 3.8230269 4.4504996 4.4931872 3.0747512 2.5036976 2.6999414 2.6238518 2.5739253 2.8464081 2.8630115 2.6661917 2.6478613 2.6010342 2.7303091 3.4966190 2.6587370 3.3507760 2.5831323 2.2442923 2.1849916 2.5341041 2.6793921 0.0000000 0.6537638 0.5322225 0.5018954 0.4166725 0.7470351 0.8738503 1.2965454 1.8422261 1.8425774 2.0119133 1.7730011 1.8176103 1.7700385 1.9334769 1.7623439 2.1325608 1.8327338 2.1121310 2.1496632 2.0782451 1.7539983 1.6515035 1.7976188 2.4821274 2.2864727 2.3633356 2.1444298 2.3045586 2.4439460 2.1972035 1.6877255 2.3400194 2.2014302 2.1020313 2.0108941 2.2479157 2.2594975 2.1877584 2.1981759 2.3505265 2.3831731 2.6925594 2.7193948 2.7003224 2.5510280 3.1970613 4.3853462 5.1564061 5.0560742 3.9576387 3.8906030 4.8701622 4.5025629 4.4640012 3.3187016 
Gfas_gfas1.m1.18635.m1                                4.0923844 4.3967753 4.7623993 4.1870232 4.5293593 3.9200652 3.9201319 2.6988680 2.7396941 2.6296040 2.8032492 2.6795382 2.7289093 2.6101951 2.7909047 2.5088414 2.5309603 3.3668768 2.5309603 3.3668768 2.0244383 1.8579894 1.8828690 1.8901882 3.3874779 0.6537638 0.0000000 0.4441080 0.4813231 0.4236104 0.5718119 0.4352789 1.1052508 1.4735679 1.4813745 1.9613716 1.3503051 1.4190578 1.3571093 1.3923470 1.5199995 1.6964800 1.4755066 1.7399899 1.8009849 1.4067917 1.5359315 1.4579465 1.4294111 2.4966892 1.7998358 1.7473602 1.8461245 1.9413429 1.9210878 1.8018780 1.6042210 1.8062007 1.8846789 1.6010736 1.5860440 1.5550210 1.5837022 1.5567778 1.7818148 1.8621415 1.8151843 2.2290934 2.1866931 2.3812934 2.3736994 2.9045554 4.7218105 6.4164831 5.3370036 4.4845565 3.9852050 5.8983985 5.1777904 4.6335383 3.3780731 
Spis_XP_022795232_1                                   4.0332472 5.0795972 4.5344203 4.0808295 4.7521427 4.7729663 3.1862111 2.6094107 2.7223058 2.6766584 3.0760798 2.8630264 2.8503693 2.6616827 2.9338299 2.5276186 2.6377782 3.0895326 2.5689550 2.9711882 2.6705863 1.8261246 1.9325255 1.9995992 3.1692462 0.5322225 0.4441080 0.0000000 0.1051121 0.3105890 0.6172451 0.7425973 1.0119782 1.4966015 1.4229635 1.7074353 1.4399398 1.4474326 1.4344670 1.5369761 1.5428445 1.9288818 1.5871796 1.8877947 1.9428886 1.8459782 1.4771481 1.4777214 1.4288359 2.1541761 2.0065247 1.7476282 1.9633856 1.9840801 2.1545243 1.8822704 1.2852320 1.9883452 2.0775731 1.9535384 1.7894915 1.9372932 1.9588223 1.7826945 2.0072027 1.9770551 2.2629912 2.3760799 2.7457046 2.8575851 2.8499525 3.0840297 5.0148149 5.4654628 5.4843264 4.0646888 4.1839325 5.2646933 4.9658682 5.0114469 3.1088843 
Pocdam_XM_027188311.1                                 4.1154627 5.0639809 4.7594383 4.0786637 4.6490809 4.6916553 3.3452284 2.6608521 2.7774932 2.7025743 2.8660698 2.8630734 2.8512418 2.6207415 2.8010419 2.4956110 2.5907804 3.1193803 2.5263321 3.0025562 2.5390144 1.9136930 2.0614838 2.1295351 3.2606819 0.5018954 0.4813231 0.1051121 0.0000000 0.3359802 0.6083462 0.7488400 1.0587563 1.4489178 1.4788226 1.7238532 1.4329819 1.4485226 1.4223002 1.5818597 1.5389690 1.8798275 1.5626406 1.8175551 1.8593581 1.8289847 1.4625513 1.4541784 1.4659582 2.2396513 2.0023732 1.8514170 1.9526521 1.9786115 2.1340609 1.9632377 1.3077714 2.0002228 2.0636920 1.9859582 1.8352084 1.9677558 1.9882347 1.8694221 2.0960381 1.9792160 2.2629348 2.4538063 2.6436985 2.7853019 2.7225143 3.1384176 5.7419368 5.8650974 5.6212267 4.1762138 3.9699792 5.1897277 5.0289125 4.6479918 3.3794957 
Gasp_gasp1.m3.26748.m1                                4.2887672 4.8248850 4.7062590 4.2760568 4.9819455 4.3980234 3.4636083 2.6919044 2.7406946 2.7350377 2.7512649 2.8166600 2.8420892 2.5397490 2.7177706 2.4363816 2.5315614 3.0320475 2.4668630 2.9135581 2.3683490 1.8613591 2.0035361 2.0882283 2.9115882 0.4166725 0.4236104 0.3105890 0.3359802 0.0000000 0.6126179 0.7816011 1.0437613 1.5408753 1.4871277 1.7394325 1.4574211 1.4852939 1.4666400 1.5838101 1.5483556 1.9987609 1.6250082 1.8810233 1.9068780 1.7800384 1.4853355 1.4763737 1.5728425 2.2656351 1.9104988 1.9228488 1.9318085 2.0145634 2.0263626 1.9245750 1.3940297 1.9427091 2.1017341 1.9242980 1.7920380 1.9338257 1.9146427 1.9114229 2.1021886 2.0680085 2.2400410 2.5573576 2.6023011 2.5714378 2.5798808 3.0770637 5.1058129 5.8077243 5.4377591 4.5322149 4.1632837 4.8319365 4.8223215 4.7156627 3.3630583 
Amil_Amillepora20187-RA                               4.1193961 4.6205190 4.9661020 4.5205115 5.1104383 4.6850164 4.5282352 2.8766201 2.8896921 2.7192850 2.8355254 2.9438826 2.9734191 2.7199681 2.8375019 2.5697249 2.6439529 3.6683506 2.5496486 3.4573813 2.2768441 2.2715305 2.2723785 2.2352074 2.8046889 0.7470351 0.5718119 0.6172451 0.6083462 0.6126179 0.0000000 0.2963826 1.3313835 1.6919644 1.6618056 2.0621551 1.6239537 1.6615202 1.6303331 1.8090739 1.7161088 2.2874093 1.7314034 1.9549148 1.9955818 2.3793944 1.7462033 1.6349290 1.7752318 3.0176368 2.1138471 2.1587902 2.1003370 2.2861497 2.2705686 2.3289492 1.5280914 2.0942891 2.1029445 1.9675580 1.9196562 1.9490742 1.9623919 1.8518421 2.2131403 2.1205987 2.3319007 2.4896866 2.8118588 2.8160989 2.7147948 3.5203061 5.1840423 6.4015131 6.4462989 4.8648018 4.9628842 5.4487259 4.8814938 4.9596380 3.5576365 
Adig_XM_015908533.1                                   4.1840241 4.9213605 4.6016914 4.0917350 4.6741681 4.1866696 4.5113227 3.0973102 3.1294514 3.0586927 2.8538325 3.1012097 3.1432085 2.9410906 3.0992944 2.7028538 2.7769086 3.6736022 2.6749585 3.4650312 2.2233211 2.3903164 2.4094023 2.5396619 3.0698920 0.8738503 0.4352789 0.7425973 0.7488400 0.7816011 0.2963826 0.0000000 1.5584546 1.5320916 1.7491746 2.2275003 1.7967996 1.8384523 1.8026354 1.9163417 1.8714961 2.6286936 1.8783762 2.2003708 2.2334563 2.0578897 1.9296829 1.8749335 1.8420715 3.1154845 2.3623345 2.2304380 2.3860913 2.5617075 2.1352511 2.4235251 1.5588379 2.3010794 2.3228797 2.0896513 2.0057355 1.9931400 2.0245645 1.8996298 2.1872969 2.3219577 2.4327189 2.8324166 2.7066149 2.8235441 2.7393592 3.1062114 5.3520094 5.3196550 5.2732734 4.1733685 4.3561305 5.1142292 4.7468606 4.7062815 3.4751910 
Nvec_v1g244288                                        4.7271048 5.0338463 4.5737174 4.3697820 4.3492394 5.0022242 3.0337587 2.5446512 2.6190317 2.5223113 2.5222486 2.4300526 2.4075146 2.6115939 2.4649624 2.3923508 2.3778253 2.6669716 2.2591674 2.4414978 2.0807738 1.8348803 1.8734006 1.8053003 2.2181948 1.2965454 1.1052508 1.0119782 1.0587563 1.0437613 1.3313835 1.5584546 0.0000000 1.5237352 1.4673510 1.8567387 1.6302418 1.6275489 1.6059427 1.6582696 1.6509295 1.9171475 1.4747355 1.8201148 1.8706274 1.7898285 1.5256533 1.5582728 1.6063553 1.6325721 1.9675252 2.1885080 1.9714400 2.1178369 2.0571737 1.9387836 1.7048964 1.9380731 2.0782465 1.9563659 1.9506834 2.0800177 2.0766426 1.8953340 1.9080771 1.9537723 2.1647615 2.5650507 2.3530103 2.4019621 2.4382836 3.3741114 5.1690941 6.5181127 4.9752755 4.8471748 3.9567579 5.2216721 5.2216241 5.0763129 3.3414129 
Xesp_011491-T1                                        4.8512926 4.5556085 3.9762278 3.9263046 3.6048023 4.4293980 3.2570560 2.6302350 2.8544727 2.8580566 2.8294076 2.9483720 2.9925275 2.7398764 3.4802816 2.8946380 2.8894907 3.8312818 2.8894907 3.8312818 2.4245745 2.2034178 2.2842318 2.2230123 2.4060077 1.8422261 1.4735679 1.4966015 1.4489178 1.5408753 1.6919644 1.5320916 1.5237352 0.0000000 0.6523087 2.2694064 1.7596385 1.8049543 1.7514868 1.8374020 1.8992912 2.3532367 1.7442191 1.7795954 1.9375748 1.5644735 1.5150993 1.5383393 1.4975230 2.1926692 1.9851230 1.6303235 2.1731701 2.2789932 2.0816656 2.1265441 1.7560008 1.9857571 2.5822965 1.9005984 1.8563152 1.8953451 1.8907328 1.8603442 2.0463078 2.4411223 2.2890677 2.6787677 2.6075301 2.5580006 2.5241747 2.8737631 5.1176265 5.7624711 5.2424628 4.6716148 3.9810035 4.3105500 4.0602302 4.6517356 3.3756890 
Dgig_XM_028554251.1                                   4.9339992 4.5558125 3.6401896 3.7073196 3.5950692 4.0159367 3.4155322 2.7180333 2.8403498 2.6115623 2.8954139 2.8013837 2.7812203 2.6648444 3.0564097 2.5859589 2.6013598 3.4209589 2.5214291 3.2292220 2.4426127 1.8632006 2.0803572 1.8879390 2.9458589 1.8425774 1.4813745 1.4229635 1.4788226 1.4871277 1.6618056 1.7491746 1.4673510 0.6523087 0.0000000 2.0954033 1.6118971 1.6550467 1.6211859 1.6363535 1.6538804 2.0855310 1.5505586 1.7259639 1.8055859 1.6194538 1.4589679 1.4527062 1.5584221 1.9236764 1.9620514 1.4593250 2.0553976 2.0593955 1.9592483 2.0235168 1.6682951 1.9018199 2.1997495 1.8665210 1.8164106 1.8105490 1.8012785 1.7649216 1.8848090 2.0929286 2.0182408 2.2926669 2.3831869 2.4863869 2.4658397 3.1781996 4.2155641 5.3224016 5.2097520 4.9588893 3.6797078 4.4278178 4.1278611 4.1356185 3.1248794 
Bralan_BLAG01000255_1                                 4.7597898 5.1773001 4.1269414 3.5726421 3.9141298 4.1833655 3.6119401 2.9767433 3.0506832 3.0276750 3.7689313 2.9777952 3.0034792 2.8169750 3.1134600 2.8551262 2.8576289 3.3355170 2.7570869 3.1435834 2.9737540 1.9841263 2.3518216 2.2222335 2.9369142 2.0119133 1.9613716 1.7074353 1.7238532 1.7394325 2.0621551 2.2275003 1.8567387 2.2694064 2.0954033 0.0000000 1.2076406 1.1486874 1.2178380 1.2606727 1.2189603 1.4242044 1.0981629 1.4953155 1.5515108 2.6772175 1.7162484 1.7258741 1.8287426 2.4380253 2.3349384 2.0509610 2.2429199 2.2645488 2.3300090 2.1795148 1.9076834 2.0790723 1.7687148 2.1900578 2.1262242 2.1917984 2.2028496 2.0988692 2.1134463 1.7736629 2.2537236 2.0501612 2.7904362 2.9021968 2.9522655 3.6265964 4.5426678 5.3581611 5.1544765 4.7794181 4.0366918 4.6341095 4.4095440 4.6900015 3.4911125 
Acagra_model.g6769.t1                                 4.6912130 4.6523782 4.7710177 4.1658725 4.6213934 4.4696377 3.4004582 2.7152962 2.7268410 2.6777970 2.9044387 2.6948460 2.7336455 2.6050670 2.7341771 2.6519337 2.6511443 3.2187449 2.5477091 3.0220364 2.2616614 1.8124796 2.1388430 2.0246905 2.9268174 1.7730011 1.3503051 1.4399398 1.4329819 1.4574211 1.6239537 1.7967996 1.6302418 1.7596385 1.6118971 1.2076406 0.0000000 0.0098116 0.0146731 0.7787210 0.9577221 1.1240156 1.0687746 1.1186247 1.1648849 2.7331378 1.5952920 1.5450082 1.6972079 2.1604093 1.8869962 1.8147250 1.8192047 1.9374382 1.9049679 1.9113362 1.4903028 1.8011923 1.5214801 2.0025134 1.9252190 2.0274510 2.0356148 1.7582301 1.9546249 1.6378945 1.9909344 1.9699773 2.4181704 2.5260791 2.5112656 3.1243511 4.7929049 5.7061834 5.5622733 4.7133950 4.5576012 4.9796094 4.7241194 4.1923387 3.1843148 
Acagra_model.g6769.t1.1.5d3b8549                      4.6912130 4.7677352 4.7158460 4.1629723 4.5124813 4.3499281 3.4004582 2.7338119 2.7396336 2.7179260 2.9532279 2.7253423 2.7658521 2.6329896 2.7347755 2.6718653 2.6749575 3.2187449 2.5675681 3.0220364 2.3402968 1.8743143 2.1590167 2.0486910 2.9268174 1.8176103 1.4190578 1.4474326 1.4485226 1.4852939 1.6615202 1.8384523 1.6275489 1.8049543 1.6550467 1.1486874 0.0098116 0.0000000 0.0253862 0.7728690 0.9838657 1.1240156 1.0728833 1.1130179 1.1606233 2.7331378 1.5953157 1.5618244 1.7021174 2.1604093 1.9030882 1.8702502 1.8822033 1.9767887 1.9967467 1.9203308 1.5950013 1.8815910 1.5575446 1.9766627 1.9026054 2.0623589 2.0619544 1.7687788 1.9750504 1.6474603 2.0275853 1.9749917 2.4690055 2.5964409 2.5850102 3.1282220 4.7929049 5.4537440 5.5243005 4.6911425 4.5576012 4.7015608 4.5891593 4.1884987 3.2279872 
Acagra_model.g6769.t1.2.5d3b8549                      4.4517226 4.5610460 4.6486133 4.0104966 4.4589677 4.4794204 3.4004582 2.6885605 2.7064795 2.6521812 2.8697236 2.6522918 2.6904903 2.5807335 2.7300805 2.6456213 2.6520158 3.2187449 2.5486136 3.0220364 2.2222283 1.8245204 2.1230462 2.0022553 2.9268174 1.7700385 1.3571093 1.4344670 1.4223002 1.4666400 1.6303331 1.8026354 1.6059427 1.7514868 1.6211859 1.2178380 0.0146731 0.0253862 0.0000000 0.7853144 0.9430858 1.1240156 1.0529732 1.1150242 1.1611501 2.7331378 1.5638370 1.5001489 1.6374190 2.1604093 1.8785459 1.7950078 1.8003966 1.9278382 1.8796559 1.9246409 1.5014089 1.8226147 1.5120471 2.0290606 1.9510367 2.0505250 2.0588037 1.7825243 1.9863412 1.6137571 1.9807219 1.9382852 2.3876868 2.4943198 2.4778780 3.0507658 4.7929049 5.5969927 5.4122387 4.7133950 4.5576012 4.9796094 4.6029347 4.1471546 3.2631908 
Cgig_XM_011437363.3                                   4.7637516 4.6776428 4.4598429 4.3546200 4.8826962 4.1706055 3.4890747 2.6828357 2.7853618 2.7539234 2.9070564 2.8496151 2.8598831 2.5513766 2.7623011 2.6550051 2.6626648 3.2798898 2.6061467 3.1915691 2.2392256 2.1431019 2.3170518 2.3407711 3.2654316 1.9334769 1.3923470 1.5369761 1.5818597 1.5838101 1.8090739 1.9163417 1.6582696 1.8374020 1.6363535 1.2606727 0.7787210 0.7728690 0.7853144 0.0000000 0.9843873 1.1863577 1.1080063 1.2518142 1.3077910 2.7708723 1.5599691 1.4689941 1.6273437 2.2607655 2.0145021 1.7506331 1.9441683 1.9691209 1.8527737 1.9841162 1.4946630 1.8901555 1.5963575 2.1238695 2.0998637 2.1596329 2.1766561 1.9293282 2.0547946 1.7571673 2.1281334 2.0748714 2.3240213 2.6371793 2.6144925 3.2527792 4.9700638 5.9563845 5.3066328 4.5744120 4.3361358 4.3150308 4.2311898 4.3696945 3.2886595 
Ctel_gnl_WGS_AMQN_CAPTEDRAFT_mRNA148469               4.5734368 4.0706066 4.4002003 4.0282302 4.3803782 4.1017781 3.4865771 2.6440691 2.7204032 2.7938095 3.1568282 3.0172565 2.9397042 2.7784729 2.9299525 2.5901351 2.5655706 3.2213800 2.5106923 3.1362498 2.4022788 1.9814797 2.2731743 2.1464823 3.0119220 1.7623439 1.5199995 1.5428445 1.5389690 1.5483556 1.7161088 1.8714961 1.6509295 1.8992912 1.6538804 1.2189603 0.9577221 0.9838657 0.9430858 0.9843873 0.0000000 1.1526832 1.1224949 1.2497543 1.2910817 2.8606755 1.5839788 1.5005915 1.4866005 2.2404999 2.1400669 1.8691529 1.9701881 1.9380236 1.9835595 1.8096303 1.5817040 1.8895559 1.7452055 1.8922238 1.7559731 1.9654174 1.9867554 1.8493659 1.9513198 1.7737712 2.0361164 2.2139411 2.3884089 2.4761666 2.5088109 2.5534405 5.5861273 5.7152062 5.3658501 5.3738176 3.9401936 4.7530853 4.4479169 4.1160059 3.0971874 
Skow_XM_006823388.1                                   4.2233595 4.8654638 4.4466596 4.0923807 4.7760423 4.3381016 3.1488868 3.0084806 3.0831554 2.8674145 3.4970350 2.7900334 2.8132910 3.1844735 3.1107958 2.9197779 2.8978717 2.8964187 2.8518217 2.8447581 2.9795494 2.1985475 2.2851197 2.2241434 2.4412613 2.1325608 1.6964800 1.9288818 1.8798275 1.9987609 2.2874093 2.6286936 1.9171475 2.3532367 2.0855310 1.4242044 1.1240156 1.1240156 1.1240156 1.1863577 1.1526832 0.0000000 1.2402047 1.3134250 1.3134250 2.6433470 1.9325252 1.8873667 1.8137058 2.2417522 2.1038105 2.7804019 2.4127406 2.5206711 2.3937166 2.2834544 2.4416381 2.3071113 1.9497615 2.0937348 2.0370842 2.0795017 2.0789127 2.0031255 1.8767302 1.8287537 2.3864478 2.1487604 2.7242089 2.6768670 2.6768670 4.1447614 4.2562003 5.5088021 5.4319964 5.7225943 4.3734541 4.9673479 5.4804282 5.3925867 3.5239883 
Hsap_ENST00000305494                                  4.0652507 4.5993380 4.0736742 3.7198491 4.0009837 4.5138229 3.7090277 2.6760254 2.6777776 2.6282855 2.8827877 2.7214386 2.6904747 2.5617502 2.7006016 2.6825523 2.6888876 3.3463374 2.5861899 3.1435482 2.2304200 1.9138864 2.3137002 2.1035644 2.5777201 1.8327338 1.4755066 1.5871796 1.5626406 1.6250082 1.7314034 1.8783762 1.4747355 1.7442191 1.5505586 1.0981629 1.0687746 1.0728833 1.0529732 1.1080063 1.1224949 1.2402047 0.0000000 1.2637264 1.3298470 2.5628390 1.7985391 1.7134144 1.5822426 2.0055448 2.0870862 1.9592781 2.1619567 2.1719613 1.9871707 1.9789956 1.6600703 1.9542696 1.6608702 1.9178279 1.8674788 1.9951167 1.9927758 1.8980158 1.9917559 1.6852394 2.1301605 1.9785395 2.3950056 2.4628314 2.5138692 3.1575174 4.9086708 5.0915783 4.6495778 4.5525872 4.6265862 4.6844811 4.4858398 4.7314387 3.0194459 
Spur_XM_030995877.1                                   4.3078454 3.9421744 4.3583029 4.4197474 4.4304156 4.1721653 3.0474098 2.6521520 2.8800975 2.8732567 3.0585026 2.8273841 2.8392683 2.5948008 2.5396549 2.7046830 2.6945450 3.0496604 2.5673433 2.8072252 2.5625308 2.1666616 2.1649414 2.0560293 2.5539930 2.1121310 1.7399899 1.8877947 1.8175551 1.8810233 1.9549148 2.2003708 1.8201148 1.7795954 1.7259639 1.4953155 1.1186247 1.1130179 1.1150242 1.2518142 1.2497543 1.3134250 1.2637264 0.0000000 0.0669541 2.9094122 1.7200830 1.6390179 1.9793329 2.2955465 2.1455437 1.9435994 2.3761585 2.2757533 2.1077011 2.0246458 1.6159714 2.2002561 1.9770707 2.2923280 2.2127161 2.3184568 2.3223863 2.1511751 2.3399927 1.9149785 2.2119053 2.2083192 2.7944733 2.8892877 2.8911139 3.7676248 4.6648168 4.9572794 4.7775736 4.8249428 4.1911769 4.4369830 4.4534888 4.6657025 3.3859524 
Spur_XM_030995001.1                                   4.7178270 4.0539821 4.3309822 4.4357434 4.3229234 4.0685362 3.0474098 2.5698568 2.8197221 2.7849387 2.9040243 2.7355567 2.7688785 2.5916103 2.5396549 2.6490888 2.6408497 3.0496604 2.5141588 2.8072252 2.3713473 2.2490921 2.1948456 2.1586526 2.5539930 2.1496632 1.8009849 1.9428886 1.8593581 1.9068780 1.9955818 2.2334563 1.8706274 1.9375748 1.8055859 1.5515108 1.1648849 1.1606233 1.1611501 1.3077910 1.2910817 1.3134250 1.3298470 0.0669541 0.0000000 2.9094122 1.7870946 1.7126530 2.0364014 2.2955465 2.2167865 1.9966492 2.5320431 2.4157593 2.2245998 2.1256230 1.7129115 2.3696947 1.9317821 2.3105283 2.2153333 2.3196482 2.3235900 2.2421257 2.4222093 1.8845067 2.2741475 2.3066308 2.8500203 2.9662866 2.9728190 3.5397327 4.6648168 4.9793519 4.7739086 4.8248073 4.1911769 4.4369830 4.5242625 4.7811413 3.4653562 
Aaur_scaffold75.g20.t1                                9.0000000 5.3819174 3.9256089 4.3794617 4.1672334 5.8875087 4.7327688 4.2479700 4.5461227 4.4553886 4.3962909 4.7230396 4.7523625 4.1143804 4.6926432 4.3404002 4.1837699 4.6046274 4.1155518 4.5250266 4.1119623 2.5507755 2.4645480 2.2989259 2.2171930 2.0782451 1.4067917 1.8459782 1.8289847 1.7800384 2.3793944 2.0578897 1.7898285 1.5644735 1.6194538 2.6772175 2.7331378 2.7331378 2.7331378 2.7708723 2.8606755 2.6433470 2.5628390 2.9094122 2.9094122 0.0000000 0.3317262 0.4063327 0.5511551 2.0492429 2.1458615 1.6918453 3.5233168 3.0717975 2.7478316 2.8364856 2.0554146 3.0926851 3.9348830 3.0602136 2.7799507 2.7835836 2.7842485 2.5092658 2.2482240 3.3381631 2.8783124 3.6675625 2.9660528 3.6422603 3.6422603 3.1486075 5.0750481 5.6785081 5.5368511 4.9007407 5.2229813 4.5061043 5.2511776 5.8191149 3.3145696 
