70
Lcom_lcpid48676                                       0.0000000 1.7831832 1.8908322 1.8102228 2.6545435 2.7695554 1.9796338 1.5833803 1.8370511 1.7633029 1.8597095 1.6250394 1.4050099 1.4800344 1.4756207 1.4746005 1.4939556 1.5923859 2.1328637 1.7415995 1.7268572 1.6909245 1.6523664 1.7442218 1.7105506 1.6326034 1.7264195 1.7325576 1.7933130 1.7704543 1.6199280 1.9344135 1.7712055 1.7472160 1.6878342 1.6147651 1.6909272 1.4228242 1.6159641 1.8328276 1.9042229 1.9044561 1.6141937 1.6357614 1.2703711 1.7433445 2.1521034 2.2132276 1.8334614 1.1550648 3.2849883 2.4303678 4.3300130 2.6570223 3.5561030 2.9116577 2.5171015 2.5190301 2.7206373 2.6758614 2.3539758 2.5651068 2.3277517 2.6244823 2.2323498 1.6306591 2.2773296 2.0221687 1.6203555 2.1596948 
Emue_Em0005g1681a.t1                                  1.7831832 0.0000000 0.2009566 0.1632564 3.4950807 3.2627561 1.2974540 0.6615983 1.0532195 0.9938152 1.1727284 1.3897854 1.3150599 1.2760112 1.2635264 1.2702076 1.3038239 1.4022600 1.8307822 0.7566616 1.3900952 1.2453896 1.3176956 1.5818130 1.4470264 1.4660025 0.9298522 1.4370140 1.3982985 1.5501295 1.3466385 1.7906460 0.7024044 1.2890467 1.3316676 1.3149529 1.4203814 1.0647068 1.2299653 1.5047660 1.5685599 1.5872349 1.5211161 1.3450252 0.9378062 1.5619677 1.7922339 1.6770176 1.3500729 1.2741984 1.9183299 2.2775541 3.4918149 1.7935316 3.4977701 2.3629404 1.3502406 1.0257379 1.9633154 1.5885436 2.0057566 2.0319128 1.2530107 1.9269980 1.5236371 1.3449551 2.0696577 1.8590499 2.2996477 1.5886583 
Spolac_c97895_g1_i1_m.15980c97895-g1                  1.8908322 0.2009566 0.0000000 0.0123221 0.4291257 0.7867820 1.1532960 0.6197503 0.9096079 0.9470627 1.1121780 1.4944233 1.3071902 1.2940362 1.2651558 1.2669488 1.3042234 1.3978360 1.6585988 0.9546466 1.5037621 1.3325412 1.4245819 1.5230521 1.4032819 1.5070033 0.9732552 1.4741254 1.4069987 1.5860856 1.4399784 1.8772680 1.1413921 1.3202989 1.4468065 1.4070141 1.4924989 1.1283530 1.3027295 1.6094960 1.6525748 1.6338785 1.6399872 1.4120340 1.1061453 1.5940527 1.8577494 1.6820149 1.3517567 1.5522551 2.0874305 2.3971857 4.0105867 2.0913945 3.6160880 2.5819091 1.8662240 1.5457013 2.3660419 1.7841153 2.2137518 2.2320988 1.6240904 2.0740771 1.6133671 1.3888655 2.3241539 1.9362165 2.7894496 1.8650785 
Spolac_c97895_g1_i2_m.15981c97895-g1                  1.8102228 0.1632564 0.0123221 0.0000000 5.5709290 3.5221985 1.2384120 0.6465572 0.9646917 1.0235249 1.1479519 1.4919187 1.3424479 1.3345283 1.3123454 1.2994997 1.3558889 1.4487240 1.8437010 0.6788527 1.3862773 1.2684878 1.3839635 1.5334260 1.4054270 1.5268358 0.9101772 1.4961056 1.3986787 1.6026696 1.3772149 1.8830452 0.4707460 1.3088873 1.4056967 1.3811465 1.4692343 1.0515457 1.2390914 1.5763975 1.6260681 1.6261355 1.6354001 1.4005713 0.9125072 1.5597477 1.8423563 1.6591179 1.3517567 1.2281437 1.8006054 2.2717106 4.2898427 1.9405721 3.6160880 2.5365825 1.5453225 1.0268335 2.1988818 1.6370544 2.0831385 2.0849305 1.1994683 2.0326010 1.5383806 1.3888655 2.1898357 1.9362165 2.4178239 1.8650785 
Emue_Em0005g1683a.t1                                  2.6545435 3.4950807 0.4291257 5.5709290 0.0000000 0.0554748 0.8771170 0.7102157 0.7917883 1.0436430 1.4296138 1.8478796 1.3776500 1.3571617 1.2247561 1.2724840 1.1437291 1.2515958 1.2515958 1.9373036 2.4286366 2.0194673 1.8822657 1.5291765 1.4754663 1.6257240 1.6852586 1.5349405 1.4783332 1.6943999 2.2751540 2.1586369 2.0540482 1.7608796 2.2398257 2.0853604 1.9811894 1.9811894 2.1769603 2.3176575 2.3176575 2.1324135 9.0000000 2.0022754 3.3174799 1.9387301 2.0549354 1.9220796 9.0000000 3.9326967 3.9056175 3.9056175 4.0087008 3.2297208 0.0000010 3.2297208 3.7373301 3.7373301 4.2944115 3.0192600 4.3144670 4.1011519 4.2422820 2.7055684 2.3948779 0.0000010 4.1604863 0.0000010 8.9999982 9.0000000 
Emue_Em0074g10a.t1                                    2.7695554 3.2627561 0.7867820 3.5221985 0.0554748 0.0000000 1.2239488 1.1377451 1.2317737 1.4724441 1.6092083 2.0648948 1.6407696 1.4838001 1.5092848 1.5491678 1.4297214 1.5291968 1.5509951 2.1405431 2.4917705 2.1304205 2.1201169 1.7144397 1.6690533 1.7935048 2.2663949 1.8015475 1.9146774 1.7996422 2.6285195 2.4403713 2.0540482 1.9182966 2.3578239 2.3277104 1.9746408 2.0863120 2.1155388 2.2235748 2.2235748 2.1380378 2.7373807 2.0287640 2.8666810 2.2038732 2.3434966 2.2375117 8.9999982 3.9461900 4.3055270 4.3055270 4.0087008 3.1471479 0.0000010 3.1471479 4.0058558 4.0058558 4.4710514 3.0686887 4.3965772 4.1110029 4.2117143 2.7646272 2.7613317 0.9116834 4.0144439 4.0155003 8.9999988 4.3540025 
Aque_Aqu2.1.28664_001                                 1.9796338 1.2974540 1.1532960 1.2384120 0.8771170 1.2239488 0.0000000 0.3263484 0.3006556 1.1254359 1.2988442 1.4539122 1.3951822 1.4138407 1.3694366 1.3117598 1.3833825 1.4082934 1.7373787 0.8521141 1.4838346 1.3569135 1.4653483 1.4203006 1.3692595 1.2708630 0.9153840 1.3947577 1.3858628 1.5879795 1.5517009 1.7235906 1.0089717 1.4231906 1.3980219 1.4009142 1.4631135 1.1499141 1.2639748 1.5416110 1.6207846 1.6640556 1.5536251 1.5762272 1.1345643 1.7753661 1.7283916 1.5909400 1.5875347 1.6372999 2.1558575 2.5202481 3.7659339 1.9460663 4.5986341 2.6524993 1.7406931 1.5099366 2.6041958 1.7201415 2.2257779 2.4563175 1.5323187 2.3293028 1.6131096 1.5993623 2.2265686 2.3049607 2.9562943 1.4978786 
Xestes_maker-XT_scaffold2279-augustus-gene-0.7-mRNA-1 1.5833803 0.6615983 0.6197503 0.6465572 0.7102157 1.1377451 0.3263484 0.0000000 0.2316062 0.5705269 0.7812518 0.9676131 0.9292490 0.9655002 0.9415731 0.9174192 0.9339357 0.9815106 1.0422028 0.8714733 0.8732546 0.9452392 0.9054945 0.8793450 0.8743387 0.8358170 0.9574174 0.9437913 0.7980661 1.2142776 1.0206189 1.0798794 0.9542612 0.9593450 0.9071031 0.8904486 0.8949494 0.8944356 0.9446628 0.9648342 0.9639183 0.9645746 0.8402597 1.0240698 1.0357842 1.0675233 1.1600262 0.8357551 1.6310764 1.4013414 1.8744464 1.7731847 3.1271966 1.7611151 3.1626539 1.7671016 1.6720841 1.4806570 1.7584101 1.6460336 1.6844570 1.8165172 1.5053810 1.6903203 1.4820668 0.7096245 1.6649062 1.3196947 2.4716754 1.6058082 
Halamb_c52368_g1_i1m.32868                            1.8370511 1.0532195 0.9096079 0.9646917 0.7917883 1.2317737 0.3006556 0.2316062 0.0000000 0.9257761 1.0018083 1.2149395 1.2739625 1.3122607 1.2661938 1.2358499 1.2463807 1.2699171 1.6699906 0.9059709 1.2109560 1.2059582 1.2547272 1.2393228 1.2693466 1.1743399 0.9874906 1.2082242 1.1041243 1.3989533 1.3535629 1.4057470 0.8822923 1.1411153 1.2315036 1.2457299 1.2731129 1.1390376 1.2901118 1.3047073 1.3569211 1.3457579 1.2985432 1.3154339 1.1027966 1.4306117 1.4434866 1.4252681 1.7206547 1.6033091 2.2307682 2.4551636 3.8908133 2.0344455 4.3650328 2.4330648 1.8059353 1.4697249 2.4607056 1.7425035 2.0924366 2.3097618 1.5568166 2.1181278 1.6131692 1.2294623 1.8788378 1.8930762 2.4710583 1.6369991 
Tetwil_g1738.t2                                       1.7633029 0.9938152 0.9470627 1.0235249 1.0436430 1.4724441 1.1254359 0.5705269 0.9257761 0.0000000 1.1571937 1.3430058 1.2595648 1.2598685 1.1965541 1.2097103 1.2503847 1.3123418 1.5204919 0.7856721 1.4656076 1.3005282 1.3064629 1.4316881 1.3590286 1.4672866 0.8464572 1.3289181 1.2864459 1.6076109 1.3523789 1.5560337 1.0688521 1.3197842 1.3530324 1.1595223 1.2453572 0.9610712 1.1111441 1.3509012 1.5498572 1.5421993 1.3627237 1.2705915 0.9047207 1.5418962 1.8983887 1.8076419 1.2877352 1.3183517 2.2456096 2.1584720 3.9648897 1.9157722 2.9559149 2.2508243 1.7797214 1.6788449 2.3584858 1.7363704 2.1245541 2.1811164 1.5808987 2.1042217 1.4764184 1.1726490 2.1873068 2.2049857 2.6448749 1.8046154 
Plespi_Pspi_scaffold15017_01                          1.8597095 1.1727284 1.1121780 1.1479519 1.4296138 1.6092083 1.2988442 0.7812518 1.0018083 1.1571937 0.0000000 1.2166608 0.9874320 0.9889778 0.9707596 0.9323788 0.9551885 0.9864954 1.1773443 0.8832120 1.1615942 1.1552979 1.2038539 1.1531142 1.1506290 1.1518363 0.9193882 1.1250266 1.1645507 1.3405883 1.1552445 1.6276348 0.9942037 1.2099409 1.0592219 1.1312271 1.2165253 0.9191123 1.0571121 1.2282636 1.2172163 1.2319078 1.1388283 1.2430579 1.1335384 1.2006525 1.6070761 1.7813460 1.5752135 1.5734793 2.1659464 2.3059118 3.8773425 1.9468779 4.1533248 2.4454942 1.7932369 1.4705339 2.4831684 1.7864608 2.2160491 2.4478549 1.7725321 2.2676847 1.6107274 1.4483087 2.0174117 2.0650628 2.4093818 1.7581188 
Cgig_XM_011417126.3                                   1.6250394 1.3897854 1.4944233 1.4919187 1.8478796 2.0648948 1.4539122 0.9676131 1.2149395 1.3430058 1.2166608 0.0000000 0.9055844 0.8414500 0.8914316 0.8819508 0.9069933 0.9569981 1.1956540 0.7308991 0.9454969 0.9289115 0.9152028 1.0103696 0.9356054 0.9221918 0.7151207 0.7932318 0.8634288 1.0745746 0.9244651 1.3019070 0.8041846 0.6151462 0.9558848 1.0404623 1.2457521 0.9830436 1.0663993 1.2556149 1.3346235 1.3506932 1.3136364 0.7548515 1.0137021 1.0736283 1.2505650 1.3989479 1.7757432 1.4433085 2.1252218 1.9932830 3.8930481 1.9667552 2.6290653 2.2524629 1.7722563 1.5810742 2.0841007 1.8163480 1.9411032 1.8767337 1.5118448 1.8513495 1.3477587 1.4238222 1.5478683 1.3066507 2.1250459 2.2601907 
Fspp_ffun1.m4.20891.m1                                1.4050099 1.3150599 1.3071902 1.3424479 1.3776500 1.6407696 1.3951822 0.9292490 1.2739625 1.2595648 0.9874320 0.9055844 0.0000000 0.0865120 0.1236131 0.1310273 0.1422528 0.2047745 0.2736800 0.5318467 0.7670314 0.7097649 0.6654268 0.5376785 0.4574635 0.5226339 0.6269607 0.7564892 0.8265580 0.8644952 0.7384512 0.8781261 0.9340598 0.9024801 0.9684721 0.9467608 1.0053954 0.7341127 0.8733595 1.0460221 1.2226995 1.2287836 0.9850636 0.8703157 0.7286194 0.8652972 1.3539081 1.3569097 1.4696206 1.3159659 2.1612926 1.7397885 3.1550359 1.9549379 2.4346657 2.1133148 1.7334534 1.7021169 1.9875857 1.7150761 1.7683626 1.6886531 1.2767974 1.7344391 1.2427164 1.3728112 1.7234428 1.5184929 1.9695368 1.8492158 
Gasp_gasp1.m3.9424.m1                                 1.4800344 1.2760112 1.2940362 1.3345283 1.3571617 1.4838001 1.4138407 0.9655002 1.3122607 1.2598685 0.9889778 0.8414500 0.0865120 0.0000000 0.0981075 0.1007436 0.1231720 0.1857521 0.2913721 0.5605211 0.7514877 0.6987462 0.6693769 0.4907669 0.4755605 0.5205277 0.5836950 0.7523570 0.7676550 0.8659455 0.6489627 0.7589851 0.9692814 0.8573136 0.9385598 0.9887016 1.0134793 0.7794332 0.9158759 0.9874599 1.1547064 1.1640287 0.9700190 0.8930940 0.7556460 0.8852937 1.2644539 1.3319753 0.9545117 1.3387617 2.3659367 1.8740040 3.2352624 2.0862302 2.4365350 2.1508265 1.7684644 1.7640912 1.9808112 1.8162872 1.7514389 1.6450159 1.3329170 1.7630125 1.2727885 1.3368908 1.6876471 1.5336665 1.8886953 1.9003635 
Spis_XP_022788821_1                                   1.4756207 1.2635264 1.2651558 1.3123454 1.2247561 1.5092848 1.3694366 0.9415731 1.2661938 1.1965541 0.9707596 0.8914316 0.1236131 0.0981075 0.0000000 0.0436779 0.1608928 0.2233767 0.2966134 0.4986999 0.7641917 0.7177438 0.6724658 0.5153867 0.4439962 0.5622664 0.6243482 0.7622929 0.8225407 0.8156824 0.6874685 0.8213222 0.9756514 0.8114733 0.9738472 0.9338867 0.9869879 0.7328538 0.8630025 1.0073170 1.1672201 1.1669902 0.9836629 0.8456182 0.7332169 0.8515330 1.3255728 1.3373009 1.4868455 1.3487023 2.2364399 1.7843362 3.3222258 1.9275768 2.3439820 2.0688718 1.7346271 1.6659495 1.9855853 1.6715816 1.7800399 1.6953112 1.3269717 1.6978685 1.1970910 1.4262693 1.6346553 1.4785444 1.9320590 1.9367456 
Pocdam_XM_027190842.1                                 1.4746005 1.2702076 1.2669488 1.2994997 1.2724840 1.5491678 1.3117598 0.9174192 1.2358499 1.2097103 0.9323788 0.8819508 0.1310273 0.1007436 0.0436779 0.0000000 0.1761264 0.2282845 0.3196992 0.4990167 0.7502764 0.6977709 0.6549409 0.5425532 0.4648679 0.5576397 0.6270266 0.7621748 0.8073400 0.8257787 0.7072514 0.8430251 0.9411361 0.8403480 0.9490770 0.9332592 1.0139372 0.7393946 0.8727667 1.0353746 1.2152049 1.2146961 0.9889365 0.8586891 0.7443523 0.8536802 1.3246892 1.3276381 1.4222953 1.3534382 2.2006942 1.7896562 3.1625395 1.8825764 2.3947056 2.0571815 1.6804541 1.6144547 1.9963614 1.6625162 1.7668603 1.7010502 1.2790269 1.7091529 1.1887510 1.4398473 1.6841892 1.5228856 1.9403035 2.0227085 
Gfas_gfas1.m1.19196.m1                                1.4939556 1.3038239 1.3042234 1.3558889 1.1437291 1.4297214 1.3833825 0.9339357 1.2463807 1.2503847 0.9551885 0.9069933 0.1422528 0.1231720 0.1608928 0.1761264 0.0000000 0.1849020 0.2458479 0.4703831 0.7500510 0.7006738 0.6473411 0.5422187 0.4715636 0.5402295 0.6135901 0.7398942 0.8091987 0.8220450 0.7127447 0.8288662 0.9718313 0.8888462 0.9453046 0.9452879 0.9999569 0.7182758 0.8368657 1.0098863 1.1800284 1.1860787 0.9939793 0.8623125 0.7472512 0.8712226 1.2898995 1.4105663 1.5631587 1.3856226 2.1963251 1.7738628 3.3077018 1.9590746 2.3408811 2.1319582 1.7420497 1.7149482 2.0313677 1.7185596 1.7778796 1.7097430 1.3732428 1.7447861 1.2429457 1.5075644 1.7203750 1.5155978 1.9939072 1.9197199 
Amil_Amillepora20815-RA                               1.5923859 1.4022600 1.3978360 1.4487240 1.2515958 1.5291968 1.4082934 0.9815106 1.2699171 1.3123418 0.9864954 0.9569981 0.2047745 0.1857521 0.2233767 0.2282845 0.1849020 0.0000000 0.1006476 0.4795963 0.7558757 0.7158355 0.6455499 0.5511122 0.4872270 0.5894894 0.6220358 0.7904492 0.8397508 0.8484782 0.7079250 0.8938253 1.0410492 0.9089316 0.9468853 0.9453687 0.9695179 0.7386972 0.8658946 1.0188519 1.1024483 1.0995208 0.9270417 0.8552638 0.7921626 0.9725585 1.3403220 1.4266971 1.5365378 1.4502176 2.3753950 1.9355076 3.1326405 2.0269849 2.4152192 2.2099947 1.7828286 1.6826182 2.1070756 1.7751778 1.8625308 1.7934053 1.4073879 1.7623682 1.2669857 1.4442568 1.8108157 1.4820242 2.1191243 1.9995885 
Adig_XM_015914383.1                                   2.1328637 1.8307822 1.6585988 1.8437010 1.2515958 1.5509951 1.7373787 1.0422028 1.6699906 1.5204919 1.1773443 1.1956540 0.2736800 0.2913721 0.2966134 0.3196992 0.2458479 0.1006476 0.0000000 0.6084336 1.0420811 1.0297377 0.9914672 0.7283245 0.6519064 0.8201227 0.8601908 1.0933160 0.9837172 1.1286370 0.9612351 1.1194797 1.0410492 1.1226917 1.3054125 1.2921865 1.3211778 0.8734174 1.0607590 1.2582703 1.5052146 1.5156491 1.1608495 1.0327839 0.9453222 1.2882141 1.5606679 1.7351616 3.5815361 1.8490360 1.9308386 2.3529224 2.9807690 1.6605642 4.0287172 2.3094390 1.6999840 1.6564430 2.1608946 1.5119217 2.1008603 1.9413597 1.4654759 2.1776481 1.3296177 2.9163681 2.0146969 2.7014588 3.1857575 2.3036860 
Aaur_scaffold2206.g2.t1                               1.7415995 0.7566616 0.9546466 0.6788527 1.9373036 2.1405431 0.8521141 0.8714733 0.9059709 0.7856721 0.8832120 0.7308991 0.5318467 0.5605211 0.4986999 0.4990167 0.4703831 0.4795963 0.6084336 0.0000000 0.2053185 0.2869732 0.2371042 0.5120828 0.4899925 0.4814927 0.5605841 0.5748734 0.5888951 0.5964340 0.7469699 0.7172373 0.8052386 0.7173518 0.8094608 0.6643407 0.7681365 0.7600940 0.7396823 0.7596165 0.7596165 0.7696830 0.4534017 0.8491238 0.9689461 0.6054838 0.9135655 0.9079810 3.1360251 1.5729147 1.7176750 1.6404871 3.1518569 1.5855263 0.0000010 1.5855263 1.8172032 1.8019790 1.8164339 1.3881668 1.6358822 1.3233293 1.3496320 1.3942488 1.1973197 1.7908140 1.2884708 1.8498048 2.9927606 1.7972723 
Sanmal_Sma_016543-T1                                  1.7268572 1.3900952 1.5037621 1.3862773 2.4286366 2.4917705 1.4838346 0.8732546 1.2109560 1.4656076 1.1615942 0.9454969 0.7670314 0.7514877 0.7641917 0.7502764 0.7500510 0.7558757 1.0420811 0.2053185 0.0000000 0.4386945 0.3517652 0.8884654 0.7972894 0.7759754 0.6204806 0.8253181 0.8008269 0.8196210 0.8773995 1.0704954 0.9482549 0.9750774 1.0345159 0.9594030 1.0563764 0.7521258 0.8901342 1.1080855 1.2598411 1.2610682 1.0200513 0.9370244 0.8738098 0.8045123 1.2112657 1.4854690 1.2581543 1.4008219 2.1181541 1.9337906 3.5013359 1.8382045 2.6996825 2.1465466 1.8499651 1.7369058 2.1531716 1.7067859 1.8412846 1.7407983 1.3926953 1.8839095 1.3061460 1.5387576 1.7134072 1.3720521 2.1184627 1.7602315 
Nemnom_g13886.t1                                      1.6909245 1.2453896 1.3325412 1.2684878 2.0194673 2.1304205 1.3569135 0.9452392 1.2059582 1.3005282 1.1552979 0.9289115 0.7097649 0.6987462 0.7177438 0.6977709 0.7006738 0.7158355 1.0297377 0.2869732 0.4386945 0.0000000 0.2128286 0.7380515 0.7313011 0.7466049 0.6705892 0.8272954 0.8447717 0.8108201 0.8599903 0.9965959 0.8511307 0.8429882 1.0064073 1.0668886 1.0500881 0.8511989 0.9556936 1.0289830 1.1340270 1.1520945 0.9865040 0.8947189 0.8400108 0.7998428 1.1651128 1.4010069 1.3155588 1.5315627 1.9303160 1.8310999 3.1954696 1.8058858 2.6490267 2.0293675 1.8062736 1.6179908 2.0773208 1.5790450 1.8404928 1.8055066 1.4697984 1.7758323 1.2444384 1.3208337 1.8045198 1.3973095 2.1010071 1.7489205 
Rhoesc_Res_012348-T1                                  1.6523664 1.3176956 1.4245819 1.3839635 1.8822657 2.1201169 1.4653483 0.9054945 1.2547272 1.3064629 1.2038539 0.9152028 0.6654268 0.6693769 0.6724658 0.6549409 0.6473411 0.6455499 0.9914672 0.2371042 0.3517652 0.2128286 0.0000000 0.7515106 0.7484805 0.6939643 0.6180455 0.8179074 0.7951825 0.7671957 0.8134887 1.0005636 0.9249680 0.9027057 0.9777136 0.9779034 1.0167262 0.7780421 0.8688424 0.9814740 1.0702008 1.1000960 0.9562432 0.8929037 0.8925713 0.8183649 1.1797045 1.3872130 1.2362416 1.5587813 2.0495420 1.8420820 3.2085599 1.9002674 2.4511568 2.0498316 1.8168220 1.6330479 2.1462867 1.6947336 1.8398140 1.8551659 1.4798304 1.8234199 1.3482197 1.2661365 1.8686970 1.5102193 2.1447801 1.9286439 
Nvec_v1g104343                                        1.7442218 1.5818130 1.5230521 1.5334260 1.5291765 1.7144397 1.4203006 0.8793450 1.2393228 1.4316881 1.1531142 1.0103696 0.5376785 0.4907669 0.5153867 0.5425532 0.5422187 0.5511122 0.7283245 0.5120828 0.8884654 0.7380515 0.7515106 0.0000000 0.0417095 0.4449042 0.6660133 0.7849735 0.9187539 0.9921243 0.8717349 1.0644301 0.9340126 0.9575162 1.1129208 1.0457871 1.0862018 0.8126405 0.9254404 1.1282333 1.3150554 1.3276622 1.0679109 0.9162237 0.7234104 1.1196101 1.4732300 1.4488071 1.3125179 1.3505402 1.9508656 1.8518451 2.7149133 1.8651760 2.8650747 2.1986159 1.7765369 1.6345303 2.1247564 1.7019754 1.8221635 1.8447772 1.3100914 1.8770933 1.2744653 1.7170292 1.9097965 1.5689954 2.2000921 2.1268884 
Nvec_v1g174250                                        1.7105506 1.4470264 1.4032819 1.4054270 1.4754663 1.6690533 1.3692595 0.8743387 1.2693466 1.3590286 1.1506290 0.9356054 0.4574635 0.4755605 0.4439962 0.4648679 0.4715636 0.4872270 0.6519064 0.4899925 0.7972894 0.7313011 0.7484805 0.0417095 0.0000000 0.3940807 0.6766338 0.8028646 0.8681210 0.9856093 0.7843835 0.8928578 0.8830544 0.8973519 0.9937289 1.0302941 1.0709738 0.8117559 0.9246784 1.0754653 1.2551170 1.2592438 1.0264768 0.9344349 0.7366686 1.0680727 1.3962560 1.3622863 1.2361967 1.2959082 1.9284535 1.8470405 2.5820106 1.8798270 2.8680792 2.0812189 1.7824524 1.6218542 2.0674547 1.7329222 1.7998293 1.7715210 1.3160191 1.9076197 1.2645142 1.5717579 1.7852805 1.5988463 2.0884768 2.0987333 
Exapal_XM_021039723.1                                 1.6326034 1.4660025 1.5070033 1.5268358 1.6257240 1.7935048 1.2708630 0.8358170 1.1743399 1.4672866 1.1518363 0.9221918 0.5226339 0.5205277 0.5622664 0.5576397 0.5402295 0.5894894 0.8201227 0.4814927 0.7759754 0.7466049 0.6939643 0.4449042 0.3940807 0.0000000 0.6571322 0.7562081 0.8871684 0.9627140 0.8973797 1.0240400 0.8310265 0.9479059 0.9913077 0.9699550 1.0800348 0.7976774 0.8796931 1.0869571 1.2701384 1.3247252 1.0553279 0.9193065 0.7148190 1.0959774 1.3284244 1.5704704 1.3330760 1.3793153 1.9114495 1.7030222 2.7992194 1.6850936 2.3266664 1.9091320 1.7669300 1.6023352 1.8682757 1.6428026 1.7537131 1.6579281 1.2804214 1.7711211 1.2206055 1.6228837 1.8032208 1.6505097 1.9632240 2.2774373 
Skow_XM_002741889.2                                   1.7264195 0.9298522 0.9732552 0.9101772 1.6852586 2.2663949 0.9153840 0.9574174 0.9874906 0.8464572 0.9193882 0.7151207 0.6269607 0.5836950 0.6243482 0.6270266 0.6135901 0.6220358 0.8601908 0.5605841 0.6204806 0.6705892 0.6180455 0.6660133 0.6766338 0.6571322 0.0000000 0.5312510 0.5132540 0.8398535 0.6254641 0.6632288 0.7906204 0.6821874 0.6568163 0.6493705 0.7934057 0.7818821 0.7584330 0.7751823 0.7684363 0.7907238 0.7234693 0.7207359 0.9506452 0.7494802 0.9331960 0.9464837 1.3269730 1.6185361 2.1156184 1.7470490 3.0777934 2.0750830 1.3560917 1.8807279 2.0480919 1.9120641 2.1950021 1.9129024 1.7767744 1.7079403 1.5136799 1.6821192 1.5169342 0.9391558 1.4855545 1.1942708 2.3886917 2.2084280 
Bralan_BLAG16000757_1                                 1.7325576 1.4370140 1.4741254 1.4961056 1.5349405 1.8015475 1.3947577 0.9437913 1.2082242 1.3289181 1.1250266 0.7932318 0.7564892 0.7523570 0.7622929 0.7621748 0.7398942 0.7904492 1.0933160 0.5748734 0.8253181 0.8272954 0.8179074 0.7849735 0.8028646 0.7562081 0.5312510 0.0000000 0.7255772 0.9485838 0.8230747 1.0473341 0.7297389 0.8190306 0.9702613 1.0361576 1.0400593 0.7803681 0.8960732 1.0042224 1.1452736 1.1799431 1.0450123 0.8441112 0.8769756 0.9311255 1.3076247 1.3813183 1.4698637 1.4250495 2.1625328 1.9376678 4.1510588 1.9445060 2.5227529 2.0916287 1.7618275 1.6624006 2.1539669 1.8174944 1.7985791 1.7274434 1.3810215 2.0169854 1.3644841 1.3398139 1.8396023 1.5168099 2.1304597 1.7279953 
Spur_XM_030987497.1                                   1.7933130 1.3982985 1.4069987 1.3986787 1.4783332 1.9146774 1.3858628 0.7980661 1.1041243 1.2864459 1.1645507 0.8634288 0.8265580 0.7676550 0.8225407 0.8073400 0.8091987 0.8397508 0.9837172 0.5888951 0.8008269 0.8447717 0.7951825 0.9187539 0.8681210 0.8871684 0.5132540 0.7255772 0.0000000 1.0166863 0.9095480 1.3274877 0.7487920 0.8506912 0.9483007 1.0357877 1.1822206 0.8665307 0.9779184 1.1584113 1.2881578 1.3077352 1.1876582 0.8059985 0.7949637 1.0123889 1.2812644 1.4020403 1.4913175 1.3607272 1.9811980 1.9221779 3.0086490 1.9411336 2.7269648 2.1845612 1.6845326 1.5461350 2.2340569 1.7399067 1.7894372 1.8437100 1.2864446 1.7839397 1.3204181 1.4643236 1.8535984 1.5027323 2.1300869 2.0640116 
Chem_TCONS_00009735                                   1.7704543 1.5501295 1.5860856 1.6026696 1.6943999 1.7996422 1.5879795 1.2142776 1.3989533 1.6076109 1.3405883 1.0745746 0.8644952 0.8659455 0.8156824 0.8257787 0.8220450 0.8484782 1.1286370 0.5964340 0.8196210 0.8108201 0.7671957 0.9921243 0.9856093 0.9627140 0.8398535 0.9485838 1.0166863 0.0000000 0.8061332 1.0545369 0.9428429 1.0257412 1.0560039 1.2237541 1.1352065 0.8943154 1.0081917 1.0622282 1.1887392 1.2382354 1.0876397 0.9200128 0.9310132 0.7246563 1.3876696 1.5022304 1.9716391 1.6444730 2.2036330 1.8136656 3.5918096 1.8520156 2.1746986 1.9473024 1.7803036 1.8058712 1.9243824 1.8247154 1.9978418 1.7619998 1.6856218 1.7961863 1.2413116 1.5612163 2.0290116 1.7007873 2.0196961 2.0005133 
Dgig_XM_028550279.1                                   1.6199280 1.3466385 1.4399784 1.3772149 2.2751540 2.6285195 1.5517009 1.0206189 1.3535629 1.3523789 1.1552445 0.9244651 0.7384512 0.6489627 0.6874685 0.7072514 0.7127447 0.7079250 0.9612351 0.7469699 0.8773995 0.8599903 0.8134887 0.8717349 0.7843835 0.8973797 0.6254641 0.8230747 0.9095480 0.8061332 0.0000000 0.3600949 0.7564908 0.9970954 0.9785982 0.9675276 1.0362393 0.8436062 0.8762830 1.0315249 1.1987181 1.2140914 1.0127528 0.8244606 0.7760165 1.0231784 1.3176036 1.3731402 1.6077547 1.3902922 2.2417726 1.8637071 3.8624845 1.8323409 2.0584499 1.9240005 1.8009067 1.7633637 2.0072861 1.6694055 1.7249962 1.6178940 1.4381158 1.6225015 1.2997726 1.5456057 1.8022352 1.4184509 2.1461912 2.2514984 
Xesp_002525-T1                                        1.9344135 1.7906460 1.8772680 1.8830452 2.1586369 2.4403713 1.7235906 1.0798794 1.4057470 1.5560337 1.6276348 1.3019070 0.8781261 0.7589851 0.8213222 0.8430251 0.8288662 0.8938253 1.1194797 0.7172373 1.0704954 0.9965959 1.0005636 1.0644301 0.8928578 1.0240400 0.6632288 1.0473341 1.3274877 1.0545369 0.3600949 0.0000000 0.8693715 1.1125283 1.1985730 1.1333019 1.4105982 0.9798229 1.0827254 1.3895229 1.4362069 1.4493392 1.4684854 1.0714608 0.8619401 1.3984624 1.5343124 1.6659875 1.6246832 1.4475770 2.4112130 2.2244612 3.2139276 1.9664276 4.3331819 2.3667588 1.9891467 1.9058597 2.2596616 1.9896052 2.2814382 2.0570235 1.5932343 2.0804617 1.4554940 2.4365800 1.8842990 1.8055072 2.7300520 2.3986661 
Dpul_mRNA6725                                         1.7712055 0.7024044 1.1413921 0.4707460 2.0540482 2.0540482 1.0089717 0.9542612 0.8822923 1.0688521 0.9942037 0.8041846 0.9340598 0.9692814 0.9756514 0.9411361 0.9718313 1.0410492 1.0410492 0.8052386 0.9482549 0.8511307 0.9249680 0.9340126 0.8830544 0.8310265 0.7906204 0.7297389 0.7487920 0.9428429 0.7564908 0.8693715 0.0000000 0.8334117 0.9675579 0.9316221 1.2114261 1.2114261 1.2375894 1.2070799 1.2070799 1.2578683 0.4919228 0.8618278 1.2601617 1.0746396 0.8503829 0.9670154 1.0266408 1.4765098 1.8079668 1.7821003 3.1402954 1.6149271 0.0000010 1.6149271 2.3192186 2.3192186 2.3307161 1.6382413 1.8417580 1.6916049 1.7534977 1.8715672 1.6013238 0.0000010 1.3178483 0.0000010 7.4633778 0.7952229 
Acagra_model.g19407.t1                                1.7472160 1.2890467 1.3202989 1.3088873 1.7608796 1.9182966 1.4231906 0.9593450 1.1411153 1.3197842 1.2099409 0.6151462 0.9024801 0.8573136 0.8114733 0.8403480 0.8888462 0.9089316 1.1226917 0.7173518 0.9750774 0.8429882 0.9027057 0.9575162 0.8973519 0.9479059 0.6821874 0.8190306 0.8506912 1.0257412 0.9970954 1.1125283 0.8334117 0.0000000 0.9926412 1.0070893 1.0709620 0.8799678 0.9164859 1.0376844 1.2136196 1.2563714 1.0949267 0.7305493 0.9023555 1.0879270 1.2050918 1.2650518 1.6693659 1.4700617 1.9099865 1.8272030 3.1725012 2.1119568 2.0650152 2.1137734 1.7824887 1.4813535 1.9312245 1.8172702 1.8678488 1.7571735 1.3988414 1.8123606 1.3635966 1.4860389 1.6397881 1.2173931 2.3053890 1.8953787 
Opea_EP00118_Oscarella_pearsei_P011181                1.6878342 1.3316676 1.4468065 1.4056967 2.2398257 2.3578239 1.3980219 0.9071031 1.2315036 1.3530324 1.0592219 0.9558848 0.9684721 0.9385598 0.9738472 0.9490770 0.9453046 0.9468853 1.3054125 0.8094608 1.0345159 1.0064073 0.9777136 1.1129208 0.9937289 0.9913077 0.6568163 0.9702613 0.9483007 1.0560039 0.9785982 1.1985730 0.9675579 0.9926412 0.0000000 0.6395018 1.0342737 0.7859336 0.8441422 1.0148071 1.1667611 1.2263443 1.0599687 0.9458670 0.7232439 1.2243611 1.4292030 1.6968723 0.8241152 1.3542263 2.1904069 1.9786927 4.1412397 2.0095612 2.5161469 2.2435789 1.7425414 1.6868020 2.1394575 1.8713554 1.8808056 1.8986134 1.5007486 1.8851073 1.4478338 1.6063651 1.9102318 1.5139231 2.1570774 1.9834060 
Plajan_Pjan_scaffold20439_01                          1.6147651 1.3149529 1.4070141 1.3811465 2.0853604 2.3277104 1.4009142 0.8904486 1.2457299 1.1595223 1.1312271 1.0404623 0.9467608 0.9887016 0.9338867 0.9332592 0.9452879 0.9453687 1.2921865 0.6643407 0.9594030 1.0668886 0.9779034 1.0457871 1.0302941 0.9699550 0.6493705 1.0361576 1.0357877 1.2237541 0.9675276 1.1333019 0.9316221 1.0070893 0.6395018 0.0000000 1.0090219 0.7453600 0.8530185 0.9935365 1.0974694 1.1198677 0.9859820 1.0299273 0.8041809 1.3022978 1.4527067 1.5171170 1.4354171 1.1658131 1.9975974 2.1084382 3.1678682 1.9890683 3.2450096 2.3166905 1.5385276 1.4273136 2.1025270 1.8424466 1.9746158 1.8571006 1.2737524 2.0443079 1.4014759 1.4481671 1.8063776 1.9486948 2.2548483 1.9722212 
TrH2_TrispH2_010585-RA                                1.6909272 1.4203814 1.4924989 1.4692343 1.9811894 1.9746408 1.4631135 0.8949494 1.2731129 1.2453572 1.2165253 1.2457521 1.0053954 1.0134793 0.9869879 1.0139372 0.9999569 0.9695179 1.3211778 0.7681365 1.0563764 1.0500881 1.0167262 1.0862018 1.0709738 1.0800348 0.7934057 1.0400593 1.1822206 1.1352065 1.0362393 1.4105982 1.2114261 1.0709620 1.0342737 1.0090219 0.0000000 0.0087469 0.0985724 0.1254818 0.1263967 0.1390197 0.1566025 1.0811338 0.9679917 1.3204071 1.5883224 1.5272120 1.4455609 1.6101637 2.2054718 2.2868839 3.6588833 1.7923917 3.7578976 2.2897611 1.8559155 1.7137246 2.3199541 1.7835989 2.0546227 2.1485723 1.5202925 2.2047823 1.2973669 1.6481324 1.6553627 1.7477943 2.4949984 1.6113357 
Tadh_TriadT31911                                      1.4228242 1.0647068 1.1283530 1.0515457 1.9811894 2.0863120 1.1499141 0.8944356 1.1390376 0.9610712 0.9191123 0.9830436 0.7341127 0.7794332 0.7328538 0.7393946 0.7182758 0.7386972 0.8734174 0.7600940 0.7521258 0.8511989 0.7780421 0.8126405 0.8117559 0.7976774 0.7818821 0.7803681 0.8665307 0.8943154 0.8436062 0.9798229 1.2114261 0.8799678 0.7859336 0.7453600 0.0087469 0.0000000 0.0677745 0.0725091 0.0692934 0.0818120 0.0849698 0.8442426 0.9080372 0.9227102 1.1985465 1.1873858 1.4455609 1.6226240 2.2263898 1.9177242 3.7543030 1.7920568 2.5288823 1.9126316 1.8723657 1.7361906 1.9891349 1.7818381 1.7403337 1.8267888 1.5141491 1.9557890 1.2781954 1.1509259 1.3942676 1.3582026 2.2308863 1.6237901 
HoiH11_mRNA4011                                       1.6159641 1.2299653 1.3027295 1.2390914 2.1769603 2.1155388 1.2639748 0.9446628 1.2901118 1.1111441 1.0571121 1.0663993 0.8733595 0.9158759 0.8630025 0.8727667 0.8368657 0.8658946 1.0607590 0.7396823 0.8901342 0.9556936 0.8688424 0.9254404 0.9246784 0.8796931 0.7584330 0.8960732 0.9779184 1.0081917 0.8762830 1.0827254 1.2375894 0.9164859 0.8441422 0.8530185 0.0985724 0.0677745 0.0000000 0.0653295 0.0623063 0.0692746 0.1019365 0.9456095 0.9295900 1.0964660 1.3299078 1.3114069 1.5461786 1.6090077 2.2523528 2.1051038 3.8869517 1.7837489 3.2864162 2.0713729 1.8334928 1.7368724 2.1558297 1.7261600 1.8808701 1.9837561 1.5018084 2.0071574 1.3096014 1.3514553 1.4948132 1.5073485 2.3639772 1.6919273 
Hhon_g06632.t1                                        1.8328276 1.5047660 1.6094960 1.5763975 2.3176575 2.2235748 1.5416110 0.9648342 1.3047073 1.3509012 1.2282636 1.2556149 1.0460221 0.9874599 1.0073170 1.0353746 1.0098863 1.0188519 1.2582703 0.7596165 1.1080855 1.0289830 0.9814740 1.1282333 1.0754653 1.0869571 0.7751823 1.0042224 1.1584113 1.0622282 1.0315249 1.3895229 1.2070799 1.0376844 1.0148071 0.9935365 0.1254818 0.0725091 0.0653295 0.0000000 0.0248601 0.0730258 0.1053215 1.0726148 0.9928526 1.3502087 1.6451714 1.5098944 1.6013144 1.6009961 2.2012373 2.2862719 3.5559480 1.7418639 3.5234489 2.2429894 1.8352289 1.6843823 2.2808876 1.7509229 2.1059554 2.1715692 1.5062459 2.1300968 1.3554764 1.8214649 1.6424625 1.7126550 2.6058360 1.8219293 
HoiH04_mRNA8410                                       1.9042229 1.5685599 1.6525748 1.6260681 2.3176575 2.2235748 1.6207846 0.9639183 1.3569211 1.5498572 1.2172163 1.3346235 1.2226995 1.1547064 1.1672201 1.2152049 1.1800284 1.1024483 1.5052146 0.7596165 1.2598411 1.1340270 1.0702008 1.3150554 1.2551170 1.2701384 0.7684363 1.1452736 1.2881578 1.1887392 1.1987181 1.4362069 1.2070799 1.2136196 1.1667611 1.0974694 0.1263967 0.0692934 0.0623063 0.0248601 0.0000000 0.0562098 0.1018541 1.0923894 0.9851548 1.3364127 1.8593033 1.5778013 1.5576655 1.6018149 2.2276337 2.2529352 3.6132172 1.7434882 3.6103219 2.2907780 1.8352289 1.6843823 2.2849174 1.7535348 2.0914921 2.1887351 1.5062459 2.1146720 1.3570881 2.0375696 1.9571389 2.0862654 2.6782510 1.8494406 
HoiH23_PlH23_007464-RA                                1.9044561 1.5872349 1.6338785 1.6261355 2.1324135 2.1380378 1.6640556 0.9645746 1.3457579 1.5421993 1.2319078 1.3506932 1.2287836 1.1640287 1.1669902 1.2146961 1.1860787 1.0995208 1.5156491 0.7696830 1.2610682 1.1520945 1.1000960 1.3276622 1.2592438 1.3247252 0.7907238 1.1799431 1.3077352 1.2382354 1.2140914 1.4493392 1.2578683 1.2563714 1.2263443 1.1198677 0.1390197 0.0818120 0.0692746 0.0730258 0.0562098 0.0000000 0.0932809 1.1017601 0.9880072 1.3487172 1.8736458 1.6634259 1.6326051 1.5855033 2.3736536 2.3179161 3.9525563 1.8063095 3.7999828 2.3834336 1.8797054 1.7245442 2.3270933 1.7759734 2.1299793 2.2062692 1.5411949 2.1405604 1.3629409 2.0334322 2.0209004 2.0817866 2.6250914 1.8106005 
HoiH06_mRNA7632                                       1.6141937 1.5211161 1.6399872 1.6354001 9.0000000 2.7373807 1.5536251 0.8402597 1.2985432 1.3627237 1.1388283 1.3136364 0.9850636 0.9700190 0.9836629 0.9889365 0.9939793 0.9270417 1.1608495 0.4534017 1.0200513 0.9865040 0.9562432 1.0679109 1.0264768 1.0553279 0.7234693 1.0450123 1.1876582 1.0876397 1.0127528 1.4684854 0.4919228 1.0949267 1.0599687 0.9859820 0.1566025 0.0849698 0.1019365 0.1053215 0.1018541 0.0932809 0.0000000 1.0804499 0.8743902 1.3157658 1.5698686 1.5416584 1.6479331 1.2757419 1.9295445 2.1322016 3.9692376 1.6513410 3.7600302 2.3120230 1.3545339 0.9172208 2.1203384 1.6747004 2.0120434 2.1451271 1.1358872 2.0525615 1.3269846 1.8759050 1.7484466 1.9159135 2.1026930 1.7741453 
Ctel_gnl_WGS_AMQN_CAPTEDRAFT_mRNA166887               1.6357614 1.3450252 1.4120340 1.4005713 2.0022754 2.0287640 1.5762272 1.0240698 1.3154339 1.2705915 1.2430579 0.7548515 0.8703157 0.8930940 0.8456182 0.8586891 0.8623125 0.8552638 1.0327839 0.8491238 0.9370244 0.8947189 0.8929037 0.9162237 0.9344349 0.9193065 0.7207359 0.8441112 0.8059985 0.9200128 0.8244606 1.0714608 0.8618278 0.7305493 0.9458670 1.0299273 1.0811338 0.8442426 0.9456095 1.0726148 1.0923894 1.1017601 1.0804499 0.0000000 0.8463460 1.0938261 1.2439978 1.3309439 1.7074862 1.4831409 2.3252182 1.8698562 3.6200951 1.9362068 2.2512198 2.0298932 1.8103790 1.6314954 1.9636261 1.8992653 1.8466943 1.7995272 1.6066775 1.7631389 1.4419593 1.2309370 1.5751058 1.3794076 2.2537879 2.0767350 
Clacor_Ccor_C537105_01                                1.2703711 0.9378062 1.1061453 0.9125072 3.3174799 2.8666810 1.1345643 1.0357842 1.1027966 0.9047207 1.1335384 1.0137021 0.7286194 0.7556460 0.7332169 0.7443523 0.7472512 0.7921626 0.9453222 0.9689461 0.8738098 0.8400108 0.8925713 0.7234104 0.7366686 0.7148190 0.9506452 0.8769756 0.7949637 0.9310132 0.7760165 0.8619401 1.2601617 0.9023555 0.7232439 0.8041809 0.9679917 0.9080372 0.9295900 0.9928526 0.9851548 0.9880072 0.8743902 0.8463460 0.0000000 1.1023596 1.1183688 1.1787658 1.3838928 1.0607631 2.0414369 1.6572887 3.2151659 1.6084064 1.0836643 1.4876184 1.6638969 1.6049766 1.6991380 1.7106473 1.5098814 1.5163698 1.2937288 1.5012292 1.3410954 0.8936742 1.3530536 1.4838888 1.8657862 1.8436070 
Hvul_g24231_1                                         1.7433445 1.5619677 1.5940527 1.5597477 1.9387301 2.2038732 1.7753661 1.0675233 1.4306117 1.5418962 1.2006525 1.0736283 0.8652972 0.8852937 0.8515330 0.8536802 0.8712226 0.9725585 1.2882141 0.6054838 0.8045123 0.7998428 0.8183649 1.1196101 1.0680727 1.0959774 0.7494802 0.9311255 1.0123889 0.7246563 1.0231784 1.3984624 1.0746396 1.0879270 1.2243611 1.3022978 1.3204071 0.9227102 1.0964660 1.3502087 1.3364127 1.3487172 1.3157658 1.0938261 1.1023596 0.0000000 1.3817499 1.5676493 1.8255326 1.6713304 1.8937676 1.6543304 2.8189831 1.9514203 2.9997815 2.1868536 2.0074796 1.8552055 2.3129774 1.8001714 2.0995858 1.9346574 1.5370319 1.9114929 1.2572051 1.9467629 1.8196820 1.3808860 2.1860881 2.1386608 
Hsap_ENST00000493344                                  2.1521034 1.7922339 1.8577494 1.8423563 2.0549354 2.3434966 1.7283916 1.1600262 1.4434866 1.8983887 1.6070761 1.2505650 1.3539081 1.2644539 1.3255728 1.3246892 1.2898995 1.3403220 1.5606679 0.9135655 1.2112657 1.1651128 1.1797045 1.4732300 1.3962560 1.3284244 0.9331960 1.3076247 1.2812644 1.3876696 1.3176036 1.5343124 0.8503829 1.2050918 1.4292030 1.4527067 1.5883224 1.1985465 1.3299078 1.6451714 1.8593033 1.8736458 1.5698686 1.2439978 1.1183688 1.3817499 0.0000000 1.7359209 2.2416454 1.6971904 2.1654409 2.0997150 3.1658079 2.0093327 2.4824243 2.2189823 1.5362956 1.6155414 2.3181845 1.7403194 1.9670076 2.1666178 1.6350907 2.0502111 1.5757862 2.2208646 1.8662062 1.6011560 2.7483042 2.1432138 
Cscu_XM_023354814.1                                   2.2132276 1.6770176 1.6820149 1.6591179 1.9220796 2.2375117 1.5909400 0.8357551 1.4252681 1.8076419 1.7813460 1.3989479 1.3569097 1.3319753 1.3373009 1.3276381 1.4105663 1.4266971 1.7351616 0.9079810 1.4854690 1.4010069 1.3872130 1.4488071 1.3622863 1.5704704 0.9464837 1.3813183 1.4020403 1.5022304 1.3731402 1.6659875 0.9670154 1.2650518 1.6968723 1.5171170 1.5272120 1.1873858 1.3114069 1.5098944 1.5778013 1.6634259 1.5416584 1.3309439 1.1787658 1.5676493 1.7359209 0.0000000 2.2304343 1.5607962 2.1474480 2.2466232 3.5671521 1.9771175 3.8982124 2.6195657 1.9503070 1.7439382 2.4653134 1.8830099 2.3451151 2.2520169 1.3888676 2.2293974 1.6571029 2.2345037 1.9959070 1.5627376 3.1369284 2.4150586 
Opea_EP00118_Oscarella_pearsei_P011180                1.8334614 1.3500729 1.3517567 1.3517567 9.0000000 8.9999982 1.5875347 1.6310764 1.7206547 1.2877352 1.5752135 1.7757432 1.4696206 0.9545117 1.4868455 1.4222953 1.5631587 1.5365378 3.5815361 3.1360251 1.2581543 1.3155588 1.2362416 1.3125179 1.2361967 1.3330760 1.3269730 1.4698637 1.4913175 1.9716391 1.6077547 1.6246832 1.0266408 1.6693659 0.8241152 1.4354171 1.4455609 1.4455609 1.5461786 1.6013144 1.5576655 1.6326051 1.6479331 1.7074862 1.3838928 1.8255326 2.2416454 2.2304343 0.0000000 1.6989859 3.6875815 2.0406583 0.0000010 2.3185007 0.0000010 2.3185007 4.0605073 3.5027172 2.5490027 2.7696072 2.7516400 2.8479640 3.4187205 2.4694531 1.8065287 0.6759305 3.2506500 2.0669202 2.2648566 4.0588614 
Leuniv_Lniv_scaffold24664_01                          1.1550648 1.2741984 1.5522551 1.2281437 3.9326967 3.9461900 1.6372999 1.4013414 1.6033091 1.3183517 1.5734793 1.4433085 1.3159659 1.3387617 1.3487023 1.3534382 1.3856226 1.4502176 1.8490360 1.5729147 1.4008219 1.5315627 1.5587813 1.3505402 1.2959082 1.3793153 1.6185361 1.4250495 1.3607272 1.6444730 1.3902922 1.4475770 1.4765098 1.4700617 1.3542263 1.1658131 1.6101637 1.6226240 1.6090077 1.6009961 1.6018149 1.5855033 1.2757419 1.4831409 1.0607631 1.6713304 1.6971904 1.5607962 1.6989859 0.0000000 2.2698483 2.2148398 3.6119838 2.0920822 0.0000010 2.0920822 1.7985286 1.7216016 2.0577352 2.2289006 2.0122245 1.9845056 1.6239308 1.9273643 1.8961424 1.5318951 1.8849889 2.1563266 1.6217333 2.0127970 
Pbac_sb2647783                                        3.2849883 1.9183299 2.0874305 1.8006054 3.9056175 4.3055270 2.1558575 1.8744464 2.2307682 2.2456096 2.1659464 2.1252218 2.1612926 2.3659367 2.2364399 2.2006942 2.1963251 2.3753950 1.9308386 1.7176750 2.1181541 1.9303160 2.0495420 1.9508656 1.9284535 1.9114495 2.1156184 2.1625328 1.9811980 2.2036330 2.2417726 2.4112130 1.8079668 1.9099865 2.1904069 1.9975974 2.2054718 2.2263898 2.2523528 2.2012373 2.2276337 2.3736536 1.9295445 2.3252182 2.0414369 1.8937676 2.1654409 2.1474480 3.6875815 2.2698483 0.0000000 0.1248027 0.3549372 0.6997878 4.2852637 0.8009211 0.5573547 0.4676620 0.8028139 0.7527343 0.9095229 0.8620115 0.6799026 0.9055270 0.8892034 3.5471061 2.0958323 2.8508618 5.4410483 2.5134101 
Horcal_Hcv1.av93.c11.g914.i1                          2.4303678 2.2775541 2.3971857 2.2717106 3.9056175 4.3055270 2.5202481 1.7731847 2.4551636 2.1584720 2.3059118 1.9932830 1.7397885 1.8740040 1.7843362 1.7896562 1.7738628 1.9355076 2.3529224 1.6404871 1.9337906 1.8310999 1.8420820 1.8518451 1.8470405 1.7030222 1.7470490 1.9376678 1.9221779 1.8136656 1.8637071 2.2244612 1.7821003 1.8272030 1.9786927 2.1084382 2.2868839 1.9177242 2.1051038 2.2862719 2.2529352 2.3179161 2.1322016 1.8698562 1.6572887 1.6543304 2.0997150 2.2466232 2.0406583 2.2148398 0.1248027 0.0000000 0.4719230 0.6431730 1.2526398 0.8131387 0.5851042 0.4693031 0.8149804 0.6778914 0.8899352 0.8578891 0.6590974 0.9667850 0.7864447 2.3843063 2.0519399 2.0208609 3.2476328 2.3387606 
