71
Pbac_sb2637858                                     0.0000000 0.0037933 0.0000010 0.0080061 0.3036596 0.2687719 0.2990931 0.0000010 0.0000010 0.0000010 0.2990931 0.2111651 0.3214208 0.2659703 2.2576341 0.2458740 0.2659974 0.4188475 0.3508049 0.3897908 0.7535333 0.5198601 0.6675385 0.5887232 0.5861831 0.5858880 0.6541493 0.6388648 0.6161661 0.5663291 0.6307057 0.7190084 0.7329270 0.5740550 0.0000010 0.6052142 0.6199596 0.6122151 0.6588666 0.5824306 0.6519057 0.6256053 0.6735374 0.6952747 0.0000010 0.7739710 0.6815907 0.7808489 1.1704899 0.6280141 0.0000010 0.7746105 0.6895879 0.6942515 0.6063063 0.7661449 0.7565849 0.7763374 0.7693270 0.7807019 0.7807019 0.7559963 0.6432980 0.6249812 0.6996133 0.7229067 0.6680841 0.6866669 0.6545462 0.2516097 0.7725586 
Horcal_Hcv1.av93.c1.g1024.i1                       0.0037933 0.0000000 0.0000010 0.0626519 0.2650850 0.2552382 0.2356362 0.2885838 0.2140983 0.2275353 0.2151984 0.2573564 0.2861807 0.2720769 0.3464858 0.2609700 0.3385279 0.4516228 0.4086207 0.3492233 0.4735291 0.8913039 0.8809336 1.1219284 1.1174425 1.0920065 0.5058830 1.0530235 0.7876217 0.9974996 1.0500396 1.1167177 1.1396475 0.9317316 0.9779491 1.0220568 1.0738008 0.9905716 0.9294330 1.0026081 1.0543571 1.0229345 1.0438470 1.0336149 0.4908616 1.1640611 0.6912713 1.0974544 0.8972503 1.1421064 1.0743796 1.1336852 1.1155188 1.0863389 1.0595955 1.0988637 1.0953464 1.1303003 1.1309991 1.1419357 0.8301449 1.0621220 1.0736441 0.9237778 1.1004265 1.1021264 1.1373271 1.1191866 1.0000657 0.3513623 4.5679353 
Pbac_sb2646140                                     0.0000010 0.0000010 0.0000000 3.1211052 0.4783382 0.4783382 0.3849530 0.3849530 0.3806776 0.3806776 1.3189752 0.4683132 0.4683132 0.4683132 0.4683132 0.4131136 0.5446747 0.7157140 0.6723600 0.6723600 0.6328491 0.0000010 2.6061212 2.7845583 2.7777975 2.5277019 0.0000010 2.1771395 2.0102848 1.9866635 2.0867524 2.1850611 2.1879044 2.1035326 1.7196441 1.9834190 2.0124572 2.1062359 2.0365683 2.0193315 2.3297899 1.9145405 2.0677132 2.2910132 0.8922938 0.0000010 0.0000010 2.1015285 1.9561769 2.4592921 1.7927991 2.1584784 2.6101223 2.6289918 2.1938101 1.9960179 1.9426665 1.9513446 1.9513446 1.9131392 1.9010478 1.9859340 2.5458746 0.7170153 2.0370551 2.5281581 2.4466521 2.2266628 0.0000010 0.0000010 5.6916067 
Pbac_sb2646139                                     0.0080061 0.0626519 3.1211052 0.0000000 0.3069989 0.2893166 0.3207996 0.5513942 0.3176166 0.3585944 0.2125452 0.3057664 0.3623501 0.3716924 0.5378631 0.3073910 0.3923399 0.5008852 0.4502457 0.3791186 0.6648775 0.8894438 0.8054829 1.1387408 1.1203359 1.0884129 0.4948248 1.1053557 0.7231387 1.0533446 1.0854783 1.1635659 1.1819736 0.9671805 0.9876928 1.0805767 1.1513373 1.0286023 0.9106584 1.0679950 1.0730653 1.0743012 1.0800389 1.0492031 0.5277784 1.2889402 0.6815907 1.2008589 0.8238548 1.1661909 0.9836451 1.1860104 1.1158667 1.0595228 1.1246439 1.1951217 1.1922859 1.2170014 1.2145938 1.2153341 0.7877047 1.1507849 1.0873976 1.0823020 1.1935841 1.1152117 1.1425729 1.1858766 1.1793592 0.3717257 3.3979373 
Bolinf_Binf_sb1262309                              0.3036596 0.2650850 0.4783382 0.3069989 0.0000000 0.0000010 0.1897391 0.2308543 0.1588850 0.1664937 0.1630504 0.1688666 0.1787960 0.1691506 0.2050173 0.1890346 0.2495038 0.3577312 0.2867428 0.2968213 0.3827274 0.0000010 0.8508585 0.8759513 0.8709846 0.8680703 0.5686140 0.8193133 0.7979941 0.7810578 0.8139280 0.8338109 0.8375819 0.7932430 0.8881031 0.7595433 0.7564078 0.7576906 0.7370341 0.7472819 0.8260505 0.8144120 0.7691898 0.8087223 0.4719036 0.6997342 0.6222945 0.8243465 0.8631238 0.8675556 1.0270933 0.8620237 0.9028406 0.9087404 0.8939061 0.8270884 0.8158979 0.8315892 0.8364711 0.8654927 0.8638725 0.8343523 0.8371386 0.5345608 0.8456566 0.9573299 1.0064087 0.9393770 0.5631685 0.2314782 4.1455149 
Mertsp_Mesp_sb593112                               0.2687719 0.2552382 0.4783382 0.2893166 0.0000010 0.0000000 0.1897391 0.2308543 0.1588850 0.1664937 0.1630504 0.1648662 0.1825827 0.1739009 0.2118883 0.1826779 0.2381155 0.3390237 0.2717891 0.2813337 0.3827274 0.5459492 0.8239714 0.8410886 0.8368562 0.8312685 0.5308232 0.7696856 0.7552029 0.7420811 0.7764234 0.8006233 0.8152880 0.7707039 0.8881031 0.7547463 0.7507510 0.7564783 0.7376753 0.7469579 0.8037452 0.7955392 0.7727229 0.8134805 0.4719036 0.6991066 0.6371840 0.8083913 0.8631238 0.8228386 1.0270933 0.8566665 0.8748656 0.8815668 0.8859577 0.8103912 0.7979768 0.8162266 0.8166855 0.8461294 0.8446481 0.8147640 0.8206450 0.5438236 0.8225257 0.9255424 0.9825982 0.9111997 0.6082682 0.1983469 4.1455149 
Bolinf_Binf_sb1262313                              0.2990931 0.2356362 0.3849530 0.3207996 0.1897391 0.1897391 0.0000000 0.0000010 0.0858602 0.0924674 0.0237578 0.1352118 0.1352118 0.1428139 0.1736292 0.1303660 0.2362436 0.2889722 0.2478437 0.2552900 0.3610657 0.0000010 0.8693618 0.9046429 0.8987873 0.8670781 0.5513951 0.8132582 0.7907818 0.7910502 0.8588833 0.8116854 0.8106815 0.7917827 0.9003428 0.7902098 0.7895976 0.7865653 0.7732008 0.7696495 0.8192731 0.7813936 0.7854749 0.7796028 0.4806013 0.7315920 0.8758431 0.8325037 0.8341757 0.9295665 0.9281646 0.9122436 0.9325962 0.8790538 0.8684853 0.8496515 0.8373951 0.8543598 0.8595664 0.8749869 0.8768290 0.8590375 0.8827489 0.5340918 0.8840590 0.9935579 0.9999884 0.8914681 0.6033400 0.1016034 3.6757665 
Mertsp_Mesp_sb585868                               0.0000010 0.2885838 0.3849530 0.5513942 0.2308543 0.2308543 0.0000010 0.0000000 0.1100755 0.1100755 0.0870849 0.1890098 0.1890098 0.1890098 0.1890098 0.1556757 0.2849902 0.3443056 0.3120604 0.3070026 0.3332443 0.0000010 1.3927604 1.4205495 1.4149937 1.3777872 0.0000010 1.2575714 1.1855484 1.1317016 1.1994457 1.2550664 1.2154452 1.1884592 1.0037587 1.1701432 1.1890171 1.1844838 1.0594860 1.1782975 1.2713470 1.1303814 1.1724428 1.2223524 0.7232704 4.8328703 0.0000010 1.1286076 1.1419607 1.4672102 1.0219065 1.1976934 1.4073229 1.3686943 1.3333951 1.1485878 1.1188568 1.1535455 1.1535455 1.1792099 1.1752900 1.2028311 1.3654308 0.6843949 1.3061686 1.3588321 1.5150320 1.3673543 0.0000010 0.0000010 4.1397282 
Mlei_ML2089.g4.i1                                  0.0000010 0.2140983 0.3806776 0.3176166 0.1588850 0.1588850 0.0858602 0.1100755 0.0000000 0.0000010 0.0799771 0.1696624 0.1696624 0.1696624 0.1937717 0.1622980 0.2286699 0.2939313 0.2388039 0.2353419 0.3964642 0.0000010 0.9889372 1.0389187 1.0180988 0.9742689 0.1962245 0.9402900 0.9025950 0.8625718 0.9096222 0.9513209 0.9290443 0.9160851 0.9208467 0.8502033 0.8589507 0.8614837 0.7558445 0.8571832 0.9183217 0.8824990 0.8846769 0.9192122 0.5047063 0.4767414 0.0000010 0.8676465 0.8576363 1.0466120 0.9846795 0.9450489 1.0502953 1.0383240 0.9700241 0.8840206 0.8679034 0.8909402 0.8985220 0.9233258 0.9207408 0.9054599 0.9953389 0.5121216 0.9392039 1.0306467 1.1749402 1.0555279 0.3007465 0.0000010 4.6278829 
Vmul_sbMO372651                                    0.0000010 0.2275353 0.3806776 0.3585944 0.1664937 0.1664937 0.0924674 0.1100755 0.0000010 0.0000000 0.0945205 0.1841374 0.1841374 0.1841374 0.1937717 0.1766137 0.2381371 0.3156426 0.2549719 0.2511003 0.3964642 0.0000010 1.1029488 1.1427790 1.1270829 1.0722151 0.1391901 1.0326597 0.9788395 0.9344522 0.9890608 1.0267932 1.0002289 0.9807483 0.9208467 0.9322179 0.9421378 0.9456599 0.8284006 0.9448046 1.0118369 0.9684738 0.9683017 1.0093061 0.5338342 0.6399536 0.0000010 0.9285266 0.9244762 1.1623779 0.9846795 1.0167988 1.1704050 1.1494759 1.0704540 0.9496403 0.9302655 0.9566563 0.9650925 0.9938520 0.9909081 0.9736623 1.1011641 0.5627275 1.0446463 1.1354358 1.2925609 1.1347338 0.2656116 0.0000010 4.6278829 
Bolinf_Binf_sb1262315                              0.2990931 0.2151984 1.3189752 0.2125452 0.1630504 0.1630504 0.0237578 0.0870849 0.0799771 0.0945205 0.0000000 0.1024150 0.1024150 0.1020950 0.1412796 0.1313159 0.1892532 0.2205234 0.1991529 0.2102129 0.4154612 0.0000010 0.5778001 0.6127794 0.5996551 0.5837050 0.5513951 0.5964649 0.5936167 0.6233624 0.6848378 0.5903069 0.5933721 0.5601937 0.7440059 0.5711829 0.5663455 0.5553238 0.5067351 0.5636247 0.5983034 0.5808712 0.5663468 0.5402756 0.3756180 0.7315920 0.8758431 0.6184552 0.5970357 0.5896389 0.5940891 0.6699667 0.6174769 0.5897986 0.5902404 0.6889951 0.6866629 0.6886762 0.6963092 0.7139786 0.7161822 0.6760569 0.5618603 0.5178583 0.6249880 0.7610533 0.7143088 0.5963550 0.6033400 0.1016034 1.5500164 
Beraby_Baby_sb348718                               0.2111651 0.2573564 0.4683132 0.3057664 0.1688666 0.1648662 0.1352118 0.1890098 0.1696624 0.1841374 0.1024150 0.0000000 0.0071863 0.0091800 0.0123966 0.1450820 0.2323456 0.3004865 0.2541128 0.2553586 0.3968854 0.4458136 0.7015101 0.7654429 0.7526213 0.7605784 0.5183996 0.7315413 0.7472842 0.6838995 0.7404703 0.7537790 0.7583507 0.7226928 0.8886269 0.7181153 0.7287820 0.7311650 0.6881283 0.6948857 0.7723103 0.7436034 0.7488399 0.7386733 0.5160941 0.7340679 0.6055566 0.8285677 0.8669405 0.8209009 0.9196453 0.7942939 0.8212793 0.7903494 0.8223052 0.7910596 0.7761724 0.8208110 0.8212351 0.8407759 0.8184862 0.7846449 0.7887055 0.5536981 0.7811575 0.8469897 0.9090379 0.8305823 0.5804089 0.1165408 4.0171597 
Beraby_Baby_sb348720                               0.3214208 0.2861807 0.4683132 0.3623501 0.1787960 0.1825827 0.1352118 0.1890098 0.1696624 0.1841374 0.1024150 0.0071863 0.0000000 0.0000010 0.0000010 0.1728264 0.2416947 0.3300574 0.2690008 0.2765981 0.3968854 0.0000010 0.7960601 0.8655259 0.8540595 0.8609518 0.6046609 0.8410291 0.8296548 0.7916591 0.8520340 0.8298317 0.8272391 0.8139779 0.8886269 0.7629958 0.7683209 0.7735839 0.7491125 0.7463676 0.8304628 0.8121144 0.7843802 0.7843201 0.5160941 0.8195640 0.9164009 0.8965243 0.8669405 0.9139428 0.9196453 0.8568198 0.9195895 0.8900690 0.8849556 0.8645405 0.8495887 0.8691111 0.8742304 0.8828068 0.8811083 0.8523636 0.8540205 0.5431564 0.8626852 0.9591083 0.9853365 0.8923506 0.6078616 0.1555500 4.0073341 
Beraby_Baby_sb348722                               0.2659703 0.2720769 0.4683132 0.3716924 0.1691506 0.1739009 0.1428139 0.1890098 0.1696624 0.1841374 0.1020950 0.0091800 0.0000010 0.0000000 0.0000010 0.1767200 0.2390159 0.2954818 0.2414453 0.2423906 0.3842776 0.0000010 0.8141962 0.8909514 0.8757424 0.8990332 0.3423364 0.8330395 0.8080559 0.7825484 0.8212322 0.8286161 0.8072747 0.8161673 0.8886269 0.7620824 0.7738567 0.7773792 0.7376233 0.7521983 0.8340472 0.7798909 0.8099171 0.8177895 0.5160941 0.5139431 4.6826274 0.8316680 0.7812013 0.9281741 0.9196453 0.8282747 0.8904554 0.9189879 0.8732534 0.8579708 0.8414571 0.8672985 0.8737040 0.8915219 0.8893686 0.8501098 0.8718343 0.5006811 0.8163608 0.9346483 0.9920848 0.9402667 0.4024655 2.2576341 4.5615334 
Beraby_Baby_sb348723                               2.2576341 0.3464858 0.4683132 0.5378631 0.2050173 0.2118883 0.1736292 0.1890098 0.1937717 0.1937717 0.1412796 0.0123966 0.0000010 0.0000010 0.0000000 0.2081804 0.2829530 0.3607643 0.2927461 0.2881210 0.3872049 0.0000010 1.1774032 1.2788310 1.2590712 1.2492820 1.5434654 1.2216566 1.1578319 1.0659398 1.1436968 1.1606925 1.1174003 1.1533813 0.8886269 1.0690016 1.0795366 1.0904049 0.9526867 1.0764318 1.1744753 1.0895561 1.1228264 1.1621724 0.6649338 4.4949640 4.6826274 1.1347178 1.0349702 1.3702223 0.9196453 1.0609939 1.2890954 1.3214723 1.2448187 1.1143251 1.0824245 1.1302843 1.1302843 1.1184529 1.1149685 1.0987110 1.2472556 0.6795079 1.1689466 1.2626327 1.4067952 1.3404701 1.9977387 2.2576341 4.5615334 
Drygla_Dgla_sb303704                               0.2458740 0.2609700 0.4131136 0.3073910 0.1890346 0.1826779 0.1303660 0.1556757 0.1622980 0.1766137 0.1313159 0.1450820 0.1728264 0.1767200 0.2081804 0.0000000 0.2669448 0.3324592 0.2751388 0.2570988 0.3942268 0.7258927 0.7986329 0.8245359 0.8156940 0.8037981 0.5425007 0.7641271 0.7694001 0.7343506 0.8296236 0.8819891 0.8686928 0.7777592 0.9073147 0.7897606 0.7933493 0.7670563 0.7524037 0.7680551 0.8297368 0.8127853 0.7905248 0.7858723 0.4805540 0.7878954 0.6265798 0.8685279 0.8710904 0.8011280 0.9431874 0.9097025 0.7869063 0.8498832 0.8256027 0.8743034 0.8651221 0.8929965 0.8956298 0.9025178 0.8504397 0.8811854 0.7743740 0.6246992 0.8485677 0.8889017 0.9226887 0.8147127 0.7484765 0.1540962 3.2227018 
Lampan_Lpan_12007_01                               0.2659974 0.3385279 0.5446747 0.3923399 0.2495038 0.2381155 0.2362436 0.2849902 0.2286699 0.2381371 0.1892532 0.2323456 0.2416947 0.2390159 0.2829530 0.2669448 0.0000000 0.3986276 0.3364734 0.3091189 0.3919824 0.9764697 0.8269805 1.1497866 1.1431445 1.0702039 0.5144640 1.0599234 0.8041848 1.0855705 1.0610022 1.0735157 1.0838277 1.0633782 1.0106791 1.0648084 1.1138311 1.0444180 1.0023286 1.0570271 1.0810373 1.1217899 1.0609875 1.0303725 0.4916653 1.2185883 0.6797036 1.1291151 0.9484467 1.1262418 1.0788579 1.1371301 1.1198104 1.1154996 1.0928581 1.1860460 1.1746578 1.1925923 1.1997824 1.2175257 0.8855487 1.1678204 1.1221179 0.9673020 1.0872819 1.0609268 1.0636874 1.1212346 1.0662099 0.3150180 4.6008784 
Vmul_Simscaffold12353_01                           0.4188475 0.4516228 0.7157140 0.5008852 0.3577312 0.3390237 0.2889722 0.3443056 0.2939313 0.3156426 0.2205234 0.3004865 0.3300574 0.2954818 0.3607643 0.3324592 0.3986276 0.0000000 0.2579313 0.1943580 0.5164655 1.0990072 0.9460893 1.1387079 1.1262928 1.0982451 0.5368635 1.0677756 0.8188873 1.0521616 1.0969567 1.0896984 1.0712569 1.0807377 1.0025070 1.1123643 1.1466824 1.0684927 1.0457459 1.1171037 1.1377668 1.1054145 1.1097890 1.0799981 0.4663693 1.2225433 0.7507778 1.1799990 0.9256778 1.1261816 1.1135937 1.1338155 1.1505169 1.0957893 1.1106139 1.1570848 1.1666750 1.1542725 1.1475378 1.1589247 0.8971520 1.1558055 1.0951513 0.9971825 1.1262226 1.1219632 1.1282419 1.1329190 1.0758065 0.4549092 4.5267103 
Coemet_Cmet_C606298_01                             0.3508049 0.4086207 0.6723600 0.4502457 0.2867428 0.2717891 0.2478437 0.3120604 0.2388039 0.2549719 0.1991529 0.2541128 0.2690008 0.2414453 0.2927461 0.2751388 0.3364734 0.2579313 0.0000000 0.0125639 0.4365322 1.0950199 0.9332939 1.2160067 1.1953641 1.1256018 0.5750088 1.1218295 0.8247337 1.1070652 1.1191804 1.1624940 1.1589645 1.0976785 0.9900682 1.1148920 1.1538626 1.0702897 1.0201798 1.1121876 1.1151588 1.1462990 1.0861498 1.0375040 0.4573017 1.2607657 0.8103971 1.1682687 0.8896303 1.2157998 1.0457714 1.2090854 1.1480824 1.1186222 1.0705154 1.1272536 1.1369252 1.1667463 1.1600751 1.1729066 0.9093068 1.1529449 1.1494378 1.0266297 1.1547240 1.1285997 1.1255312 1.1186062 1.1540305 0.4048553 4.4810940 
Coeast_Cast_sb760365                               0.3897908 0.3492233 0.6723600 0.3791186 0.2968213 0.2813337 0.2552900 0.3070026 0.2353419 0.2511003 0.2102129 0.2553586 0.2765981 0.2423906 0.2881210 0.2570988 0.3091189 0.1943580 0.0125639 0.0000000 0.4416668 0.6600281 0.8771547 0.8848580 0.8677810 0.8386056 0.5892568 0.8225856 0.8310368 0.7725610 0.8001598 0.8469004 0.8468105 0.8232460 0.9908939 0.8180890 0.8292712 0.8211449 0.8122563 0.8237295 0.8455758 0.8327662 0.8340272 0.8347626 0.4574501 0.7650588 0.8015057 0.8619664 0.8965524 0.8548578 1.0504148 0.8863356 0.8670219 0.8513468 0.8123806 0.8372433 0.8338132 0.8495660 0.8491109 0.8851430 0.8838249 0.8748786 0.8437347 0.5914951 0.8367271 0.8789510 0.9129788 0.8373880 0.6620236 0.3182547 4.8624678 
Eupdun_Edun_sb10599091                             0.7535333 0.4735291 0.6328491 0.6648775 0.3827274 0.3827274 0.3610657 0.3332443 0.3964642 0.3964642 0.4154612 0.3968854 0.3968854 0.3842776 0.3872049 0.3942268 0.3919824 0.5164655 0.4365322 0.4416668 0.0000000 0.0000010 1.3233207 1.4841602 1.4584271 1.3292912 1.2482939 1.2776895 1.2414491 1.2035174 1.2946160 1.3296417 1.2674552 1.3058050 0.9097046 1.0868334 1.0759377 1.1057020 0.9776513 1.1047748 1.2335694 1.0950020 1.1187272 1.1823605 0.9022163 2.0933728 1.0763979 1.2447491 1.2202522 1.4597766 1.1166002 1.2783939 1.4034907 1.2888281 1.4061777 1.1737536 1.1753520 1.1823546 1.1823546 1.1856871 1.1819629 1.1926311 1.4126301 0.7921498 1.2625046 1.2326192 1.6104290 1.4959790 0.8872448 1.2651753 4.1138122 
Aaur_scaffold2455.g1.t1                            0.5198601 0.8913039 0.0000010 0.8894438 0.0000010 0.5459492 0.0000010 0.0000010 0.0000010 0.0000010 0.0000010 0.4458136 0.0000010 0.0000010 0.0000010 0.7258927 0.9764697 1.0990072 1.0950199 0.6600281 0.0000010 0.0000000 0.1751680 0.2037723 0.2183664 0.5066182 0.2862526 0.8263997 0.2647041 1.0032178 1.0167544 1.1161883 1.0992327 1.0250656 0.0000010 0.5137921 0.6193735 0.4696063 0.5434848 0.5357869 0.5204129 0.5065460 0.6543343 0.6691984 0.0000010 0.9709715 0.5417611 0.9927485 0.0000010 0.7554445 0.0000010 1.0791804 0.6772429 0.8829518 0.7426222 1.1280872 1.1369760 1.0908198 1.1137845 1.0489335 0.6093750 1.1187490 0.6454824 0.5438483 0.9206052 0.7504918 0.8339536 0.8033293 1.0202223 0.9434192 1.4390100 
Sanmal_Sma_025143-T1                               0.6675385 0.8809336 2.6061212 0.8054829 0.8508585 0.8239714 0.8693618 1.3927604 0.9889372 1.1029488 0.5778001 0.7015101 0.7960601 0.8141962 1.1774032 0.7986329 0.8269805 0.9460893 0.9332939 0.8771547 1.3233207 0.1751680 0.0000000 0.1920895 0.1687111 0.3652844 0.3590931 0.5962694 0.5348411 0.6030608 0.6377044 0.6456491 0.6345156 0.6661395 0.3683546 0.4335465 0.4385863 0.4295640 0.4284087 0.4254854 0.4527459 0.4655072 0.4849385 0.5070840 0.3432450 0.6630152 0.5221066 0.6787091 0.6422146 0.6305514 0.6716316 0.5912869 0.6025830 0.5816388 0.6147358 0.6655399 0.6608813 0.6654979 0.6674259 0.6689149 0.6297576 0.6545363 0.4136594 0.3274758 0.5403302 0.6266605 0.6895708 0.6671598 0.5164913 0.7695093 1.5136155 
Nemnom_g18271.t1                                   0.5887232 1.1219284 2.7845583 1.1387408 0.8759513 0.8410886 0.9046429 1.4205495 1.0389187 1.1427790 0.6127794 0.7654429 0.8655259 0.8909514 1.2788310 0.8245359 1.1497866 1.1387079 1.2160067 0.8848580 1.4841602 0.2037723 0.1920895 0.0000000 0.0728546 0.4853287 0.3388252 0.8002416 0.5410604 0.8868523 0.8826581 0.9076887 0.9160290 0.9171103 0.4417192 0.5426483 0.5767747 0.5273792 0.5146090 0.5487197 0.5286417 0.5482243 0.6342181 0.6475092 0.3983941 0.8925003 0.4840687 0.8512452 0.7195459 0.8160257 0.7707424 0.7929330 0.8185889 0.7194979 0.7535450 0.9086561 0.9051688 0.9444073 0.9401690 0.9227001 0.6788799 0.8936046 0.6130317 0.5349676 0.7253825 0.6806404 0.7885250 0.8158362 0.7544123 1.3121749 1.4605247 
Rhoesc_Res_010565-T1                               0.5861831 1.1174425 2.7777975 1.1203359 0.8709846 0.8368562 0.8987873 1.4149937 1.0180988 1.1270829 0.5996551 0.7526213 0.8540595 0.8757424 1.2590712 0.8156940 1.1431445 1.1262928 1.1953641 0.8677810 1.4584271 0.2183664 0.1687111 0.0728546 0.0000000 0.4825765 0.3301968 0.7981759 0.5385274 0.8714125 0.8885676 0.9001251 0.8944944 0.9110924 0.4517859 0.5388454 0.5675997 0.5183153 0.5164250 0.5546578 0.5290487 0.5428570 0.6245363 0.6174038 0.3855472 0.8826352 0.4882197 0.8577821 0.7172406 0.8053188 0.7184251 0.7900945 0.8062716 0.7185065 0.7467075 0.8671666 0.8640469 0.9010683 0.8969659 0.8729184 0.6593078 0.8515079 0.5933958 0.5293111 0.7166757 0.6919483 0.8009979 0.8196141 0.7678500 1.3266282 1.4847021 
Morvir_scaffold371.g6.t2                           0.5858880 1.0920065 2.5277019 1.0884129 0.8680703 0.8312685 0.8670781 1.3777872 0.9742689 1.0722151 0.5837050 0.7605784 0.8609518 0.8990332 1.2492820 0.8037981 1.0702039 1.0982451 1.1256018 0.8386056 1.3292912 0.5066182 0.3652844 0.4853287 0.4825765 0.0000000 0.3896111 0.7038488 0.4770826 0.7294525 0.7700307 0.8058278 0.8517555 0.8326066 0.4180713 0.4879350 0.4840248 0.4844876 0.4593124 0.4970459 0.4733550 0.4931308 0.5809740 0.6184709 0.4215345 0.8224068 0.4706234 0.8122191 0.6491128 0.7156238 0.5742704 0.7291423 0.6994662 0.6704720 0.6934208 0.8275566 0.8277874 0.8461469 0.8475199 0.8396561 0.6372160 0.8264175 0.5671952 0.5369598 0.6959482 0.7287910 0.8083225 0.7482725 0.7558805 1.2001176 1.7440869 
Plespi_Pspi_scaffold10987_01                       0.6541493 0.5058830 0.0000010 0.4948248 0.5686140 0.5308232 0.5513951 0.0000010 0.1962245 0.1391901 0.5513951 0.5183996 0.6046609 0.3423364 1.5434654 0.5425007 0.5144640 0.5368635 0.5750088 0.5892568 1.2482939 0.2862526 0.3590931 0.3388252 0.3301968 0.3896111 0.0000000 0.2459857 0.2379740 0.2910018 0.2792586 0.2615936 0.2516223 0.3330346 0.0000010 0.3704660 0.3800233 0.3682427 0.3523321 0.3618474 0.3907456 0.3341737 0.4132639 0.4197615 0.1103258 0.4409688 0.4065906 0.4166579 0.3634517 0.3496949 0.0000010 0.3713170 0.3625794 0.3452867 0.4319240 0.5098465 0.5076335 0.5174588 0.5018563 0.5583064 0.5583064 0.5131105 0.3299965 0.3021154 0.3592181 0.3933836 0.4353095 0.3433373 0.3508493 0.6899667 0.3945761 
Tetwil_g4924.t2                                    0.6388648 1.0530235 2.1771395 1.1053557 0.8193133 0.7696856 0.8132582 1.2575714 0.9402900 1.0326597 0.5964649 0.7315413 0.8410291 0.8330395 1.2216566 0.7641271 1.0599234 1.0677756 1.1218295 0.8225856 1.2776895 0.8263997 0.5962694 0.8002416 0.7981759 0.7038488 0.2459857 0.0000000 0.2114407 0.4650589 0.4727485 0.4721333 0.4653493 0.5678083 0.5327498 0.6731532 0.6824310 0.6592660 0.6136435 0.6740975 0.6816953 0.6748028 0.7458553 0.7703201 0.3698647 0.9392442 0.5741640 0.7699936 0.5294251 0.8279741 0.6063630 0.7356275 0.7663815 0.7016531 0.8061289 0.7895106 0.7906623 0.8131347 0.8117424 0.8284647 0.5877890 0.7969143 0.8768469 0.7212927 0.6956455 0.7382463 0.8949043 0.8904551 0.7759944 1.1621812 2.3214764 
Stycar_maker-SC_scaffold24044-snap-gene-0.6-mRNA-1 0.6161661 0.7876217 2.0102848 0.7231387 0.7979941 0.7552029 0.7907818 1.1855484 0.9025950 0.9788395 0.5936167 0.7472842 0.8296548 0.8080559 1.1578319 0.7694001 0.8041848 0.8188873 0.8247337 0.8310368 1.2414491 0.2647041 0.5348411 0.5410604 0.5385274 0.4770826 0.2379740 0.2114407 0.0000000 0.2548897 0.3050893 0.2669278 0.2632997 0.3250192 0.5166894 0.3895913 0.3857675 0.3799737 0.4218193 0.3720107 0.4140458 0.4176296 0.4979632 0.5415584 0.3454512 0.4457621 0.3639654 0.4886798 0.5333346 0.5333272 0.5514049 0.4555548 0.6270168 0.5035823 0.5338199 0.5723669 0.5730065 0.5658183 0.5662786 0.5950815 0.5918764 0.5661397 0.5002558 0.3443866 0.4661009 0.6026353 0.6628854 0.6402709 0.3215549 0.5913546 2.7282133 
Xestes_maker-XT_scaffold3920-snap-gene-0.20-mRNA-1 0.5663291 0.9974996 1.9866635 1.0533446 0.7810578 0.7420811 0.7910502 1.1317016 0.8625718 0.9344522 0.6233624 0.6838995 0.7916591 0.7825484 1.0659398 0.7343506 1.0855705 1.0521616 1.1070652 0.7725610 1.2035174 1.0032178 0.6030608 0.8868523 0.8714125 0.7294525 0.2910018 0.4650589 0.2548897 0.0000000 0.2561722 0.5567497 0.5421009 0.3609345 0.5435006 0.7467626 0.7650777 0.7587719 0.6652362 0.7672764 0.7451046 0.7780442 0.8381046 0.7930776 0.3000712 1.0175118 0.5412257 0.7678117 0.5404136 0.8599309 0.5949511 0.8221291 0.8765066 0.7755290 0.9024759 0.8323007 0.8480019 0.8939030 0.8787729 0.8773603 0.6137027 0.8169665 0.8425720 0.8073993 0.7862131 0.8546612 0.9200254 0.9429655 0.8708741 1.2133682 2.2656769 
Halamb_c55310_g1_i2m.40506                         0.6307057 1.0500396 2.0867524 1.0854783 0.8139280 0.7764234 0.8588833 1.1994457 0.9096222 0.9890608 0.6848378 0.7404703 0.8520340 0.8212322 1.1436968 0.8296236 1.0610022 1.0969567 1.1191804 0.8001598 1.2946160 1.0167544 0.6377044 0.8826581 0.8885676 0.7700307 0.2792586 0.4727485 0.3050893 0.2561722 0.0000000 0.5978676 0.6045042 0.2968762 0.6642059 0.7970375 0.8296139 0.8019684 0.7446321 0.8068387 0.7914087 0.7976287 0.8919418 0.8549651 0.3203151 1.0503361 0.6050179 0.8339361 0.5823960 0.8630334 0.6670383 0.8491366 0.8899058 0.8280416 0.8566325 0.8726349 0.8861657 0.9073099 0.8971783 0.9263237 0.6612299 0.8827797 0.9122515 0.8404677 0.8128147 0.8577487 0.9040529 0.9821285 0.8495361 1.2748579 2.1950957 
Emue_Em0018g39a.t1                                 0.7190084 1.1167177 2.1850611 1.1635659 0.8338109 0.8006233 0.8116854 1.2550664 0.9513209 1.0267932 0.5903069 0.7537790 0.8298317 0.8286161 1.1606925 0.8819891 1.0735157 1.0896984 1.1624940 0.8469004 1.3296417 1.1161883 0.6456491 0.9076887 0.9001251 0.8058278 0.2615936 0.4721333 0.2669278 0.5567497 0.5978676 0.0000000 0.0776651 0.6358218 0.5751155 0.7887264 0.7873610 0.7596002 0.7214661 0.7946989 0.8290001 0.8372601 0.8064548 0.7896711 0.3810698 0.8867443 0.5911119 0.7256676 0.5680971 0.9200837 0.6558822 0.7884251 0.9037927 0.7972533 0.8696395 0.8387728 0.8387629 0.8547953 0.8436518 0.8476629 0.6343562 0.8046421 0.9329545 0.7877492 0.7952961 0.9008413 0.9447419 0.9137338 0.8220102 1.2688765 3.0976952 
Spolac_c103199_g1_i1_m.32931c103199-g1             0.7329270 1.1396475 2.1879044 1.1819736 0.8375819 0.8152880 0.8106815 1.2154452 0.9290443 1.0002289 0.5933721 0.7583507 0.8272391 0.8072747 1.1174003 0.8686928 1.0838277 1.0712569 1.1589645 0.8468105 1.2674552 1.0992327 0.6345156 0.9160290 0.8944944 0.8517555 0.2516223 0.4653493 0.2632997 0.5421009 0.6045042 0.0776651 0.0000000 0.6279964 0.5506644 0.7820570 0.7872967 0.7680188 0.6985267 0.8001316 0.8332935 0.8709818 0.8327999 0.8072730 0.3954235 0.8745371 0.5636572 0.7322349 0.5699177 0.9494755 0.6277120 0.7979887 0.9177278 0.7949927 0.8745140 0.8496448 0.8547558 0.8665506 0.8554005 0.8612325 0.6350396 0.8357575 0.9558871 0.8172182 0.8356258 0.8772213 0.9596498 0.9250002 0.8518830 1.2918069 2.9338607 
Aque_Aqu2.1.44058_001                              0.5740550 0.9317316 2.1035326 0.9671805 0.7932430 0.7707039 0.7917827 1.1884592 0.9160851 0.9807483 0.5601937 0.7226928 0.8139779 0.8161673 1.1533813 0.7777592 1.0633782 1.0807377 1.0976785 0.8232460 1.3058050 1.0250656 0.6661395 0.9171103 0.9110924 0.8326066 0.3330346 0.5678083 0.3250192 0.3609345 0.2968762 0.6358218 0.6279964 0.0000000 0.6026250 0.8192883 0.8478606 0.8147998 0.7450351 0.7941412 0.8425196 0.8359217 0.9180802 0.9088244 0.3202277 1.0817266 0.6208672 0.8584006 0.6061593 0.9617407 0.6485599 0.8923416 0.9131371 0.8185317 0.8807747 0.9142255 0.9256241 0.9506910 0.9397774 0.9726697 0.7009874 0.9122553 0.8798883 0.8329613 0.8795482 0.9418231 0.9497180 1.0291721 0.9692686 1.1903499 2.3710956 
Fspp_ffun1.m4.9745.m1                              0.0000010 0.9779491 1.7196441 0.9876928 0.8881031 0.8881031 0.9003428 1.0037587 0.9208467 0.9208467 0.7440059 0.8886269 0.8886269 0.8886269 0.8886269 0.9073147 1.0106791 1.0025070 0.9900682 0.9908939 0.9097046 0.0000010 0.3683546 0.4417192 0.4517859 0.4180713 0.0000010 0.5327498 0.5166894 0.5435006 0.6642059 0.5751155 0.5506644 0.6026250 0.0000000 0.0424143 0.0233869 0.0429932 0.0461720 0.0406036 0.1796950 0.2417574 0.3360367 0.3435839 0.3978762 3.3967336 0.0000010 0.5738507 0.5373126 0.6026967 0.4057609 0.4078748 0.6012535 0.4378733 0.5961151 0.5680091 0.5643689 0.5766769 0.5766769 0.5463031 0.5395711 0.5491832 0.4906282 0.3954320 0.4295449 0.5896613 0.7593149 0.7169356 0.0000010 0.0000010 1.0145513 
Spis_XP_022799787_1                                0.6052142 1.0220568 1.9834190 1.0805767 0.7595433 0.7547463 0.7902098 1.1701432 0.8502033 0.9322179 0.5711829 0.7181153 0.7629958 0.7620824 1.0690016 0.7897606 1.0648084 1.1123643 1.1148920 0.8180890 1.0868334 0.5137921 0.4335465 0.5426483 0.5388454 0.4879350 0.3704660 0.6731532 0.3895913 0.7467626 0.7970375 0.7887264 0.7820570 0.8192883 0.0424143 0.0000000 0.0199733 0.0561612 0.0800895 0.0720257 0.2502335 0.2451827 0.4397865 0.4749762 0.3534991 0.7744657 0.4508671 0.7112602 0.5268100 0.6435255 0.4640006 0.6292960 0.6467770 0.5745343 0.6257264 0.6920460 0.7065902 0.7035503 0.7063865 0.6991330 0.5099396 0.6923532 0.6115755 0.5584897 0.6644288 0.6523294 0.7311298 0.7076579 0.7290959 1.2786605 1.6175190 
Pocdam_XM_027181662.1                              0.6199596 1.0738008 2.0124572 1.1513373 0.7564078 0.7507510 0.7895976 1.1890171 0.8589507 0.9421378 0.5663455 0.7287820 0.7683209 0.7738567 1.0795366 0.7933493 1.1138311 1.1466824 1.1538626 0.8292712 1.0759377 0.6193735 0.4385863 0.5767747 0.5675997 0.4840248 0.3800233 0.6824310 0.3857675 0.7650777 0.8296139 0.7873610 0.7872967 0.8478606 0.0233869 0.0199733 0.0000000 0.0579539 0.0847202 0.0738602 0.2538812 0.2507089 0.4607992 0.4825858 0.3416277 0.8107324 0.4224697 0.7346534 0.5244881 0.6577596 0.4594878 0.6441721 0.6653963 0.5754315 0.6495452 0.7117332 0.7203907 0.7216068 0.7273859 0.7141916 0.5099927 0.7129838 0.5986925 0.5526679 0.6767364 0.6718392 0.7513406 0.7302289 0.7745716 1.4319307 1.5300502 
Gfas_gfas1.m1.2892.m1                              0.6122151 0.9905716 2.1062359 1.0286023 0.7576906 0.7564783 0.7865653 1.1844838 0.8614837 0.9456599 0.5553238 0.7311650 0.7735839 0.7773792 1.0904049 0.7670563 1.0444180 1.0684927 1.0702897 0.8211449 1.1057020 0.4696063 0.4295640 0.5273792 0.5183153 0.4844876 0.3682427 0.6592660 0.3799737 0.7587719 0.8019684 0.7596002 0.7680188 0.8147998 0.0429932 0.0561612 0.0579539 0.0000000 0.0600922 0.0625185 0.2442784 0.2526850 0.4486202 0.4809768 0.3567697 0.7559907 0.4433681 0.6935270 0.5194859 0.6521596 0.4809378 0.6148621 0.6337650 0.5682614 0.6203782 0.7043876 0.7145758 0.7113839 0.7142348 0.7185549 0.5277138 0.7090381 0.6128367 0.5469071 0.6517387 0.6780472 0.7252151 0.6956907 0.6797624 1.2265210 1.7394392 
Amil_Amillepora08822-RA                            0.6588666 0.9294330 2.0365683 0.9106584 0.7370341 0.7376753 0.7732008 1.0594860 0.7558445 0.8284006 0.5067351 0.6881283 0.7491125 0.7376233 0.9526867 0.7524037 1.0023286 1.0457459 1.0201798 0.8122563 0.9776513 0.5434848 0.4284087 0.5146090 0.5164250 0.4593124 0.3523321 0.6136435 0.4218193 0.6652362 0.7446321 0.7214661 0.6985267 0.7450351 0.0461720 0.0800895 0.0847202 0.0600922 0.0000000 0.0752436 0.2410312 0.2522422 0.4181822 0.4632626 0.3180505 0.7225468 0.4539732 0.6619465 0.5191268 0.6262132 0.4656742 0.6381729 0.6240949 0.6129065 0.6340286 0.6989333 0.7037161 0.6967668 0.6979568 0.6966203 0.5666697 0.6983661 0.5701460 0.4822881 0.6215604 0.6250923 0.7323081 0.7172783 0.7254858 1.0822145 1.7406447 
Gasp_gasp1.m3.3223.m1                              0.5824306 1.0026081 2.0193315 1.0679950 0.7472819 0.7469579 0.7696495 1.1782975 0.8571832 0.9448046 0.5636247 0.6948857 0.7463676 0.7521983 1.0764318 0.7680551 1.0570271 1.1171037 1.1121876 0.8237295 1.1047748 0.5357869 0.4254854 0.5487197 0.5546578 0.4970459 0.3618474 0.6740975 0.3720107 0.7672764 0.8068387 0.7946989 0.8001316 0.7941412 0.0406036 0.0720257 0.0738602 0.0625185 0.0752436 0.0000000 0.2669973 0.2729124 0.4510608 0.4865730 0.3309429 0.8017890 0.4245520 0.7071410 0.5096083 0.6834486 0.4852717 0.6121090 0.6603893 0.5762720 0.6357084 0.7044147 0.7147642 0.7340892 0.7346135 0.7346737 0.5322079 0.7193493 0.6297479 0.5588796 0.6932452 0.6730784 0.7153865 0.7486044 0.6946449 1.2690683 1.6403700 
Nvec_NVE9586                                       0.6519057 1.0543571 2.3297899 1.0730653 0.8260505 0.8037452 0.8192731 1.2713470 0.9183217 1.0118369 0.5983034 0.7723103 0.8304628 0.8340472 1.1744753 0.8297368 1.0810373 1.1377668 1.1151588 0.8455758 1.2335694 0.5204129 0.4527459 0.5286417 0.5290487 0.4733550 0.3907456 0.6816953 0.4140458 0.7451046 0.7914087 0.8290001 0.8332935 0.8425196 0.1796950 0.2502335 0.2538812 0.2442784 0.2410312 0.2669973 0.0000000 0.2188195 0.4624803 0.4821589 0.2975735 0.8219912 0.4824876 0.7329992 0.5486257 0.6831758 0.5297012 0.6483910 0.6745344 0.6215270 0.6209718 0.7405954 0.7467353 0.7530493 0.7579821 0.7465520 0.5703822 0.7326267 0.5914533 0.5476781 0.6938077 0.6561248 0.7602872 0.7262313 0.7591658 1.2434875 1.7874027 
Exapal_XM_021046755.2                              0.6256053 1.0229345 1.9145405 1.0743012 0.8144120 0.7955392 0.7813936 1.1303814 0.8824990 0.9684738 0.5808712 0.7436034 0.8121144 0.7798909 1.0895561 0.8127853 1.1217899 1.1054145 1.1462990 0.8327662 1.0950020 0.5065460 0.4655072 0.5482243 0.5428570 0.4931308 0.3341737 0.6748028 0.4176296 0.7780442 0.7976287 0.8372601 0.8709818 0.8359217 0.2417574 0.2451827 0.2507089 0.2526850 0.2522422 0.2729124 0.2188195 0.0000000 0.4657853 0.5227436 0.3468202 0.8506769 0.4563027 0.7323520 0.5460123 0.6969861 0.5397825 0.6456842 0.6612940 0.5868850 0.6417161 0.7399327 0.7393332 0.7622877 0.7616679 0.7502379 0.5776877 0.7472005 0.6578222 0.5665921 0.6807833 0.6560350 0.7831810 0.7339427 0.7197890 1.3868795 1.5965921 
Dgig_XM_028554160.1                                0.6735374 1.0438470 2.0677132 1.0800389 0.7691898 0.7727229 0.7854749 1.1724428 0.8846769 0.9683017 0.5663468 0.7488399 0.7843802 0.8099171 1.1228264 0.7905248 1.0609875 1.1097890 1.0861498 0.8340272 1.1187272 0.6543343 0.4849385 0.6342181 0.6245363 0.5809740 0.4132639 0.7458553 0.4979632 0.8381046 0.8919418 0.8064548 0.8327999 0.9180802 0.3360367 0.4397865 0.4607992 0.4486202 0.4181822 0.4510608 0.4624803 0.4657853 0.0000000 0.2245295 0.3748876 0.9641221 0.5951864 0.8019308 0.6059639 0.6844556 0.5765652 0.7298622 0.7076564 0.6554437 0.7102993 0.7496768 0.7493015 0.7406470 0.7416393 0.7589508 0.5708699 0.7316198 0.6703260 0.5873620 0.7264608 0.6743537 0.7749718 0.8053690 0.8014600 1.2594679 1.6956461 
Xesp_005246-T1                                     0.6952747 1.0336149 2.2910132 1.0492031 0.8087223 0.8134805 0.7796028 1.2223524 0.9192122 1.0093061 0.5402756 0.7386733 0.7843201 0.8177895 1.1621724 0.7858723 1.0303725 1.0799981 1.0375040 0.8347626 1.1823605 0.6691984 0.5070840 0.6475092 0.6174038 0.6184709 0.4197615 0.7703201 0.5415584 0.7930776 0.8549651 0.7896711 0.8072730 0.9088244 0.3435839 0.4749762 0.4825858 0.4809768 0.4632626 0.4865730 0.4821589 0.5227436 0.2245295 0.0000000 0.3776936 0.9672025 0.6167756 0.8199086 0.6290201 0.7435975 0.6066766 0.7179187 0.7590251 0.7141154 0.7500333 0.7812982 0.7730311 0.7795762 0.7758898 0.7770905 0.5787029 0.7815237 0.6932271 0.6377623 0.7554706 0.7461894 0.7794499 0.8141420 0.7898250 1.2726340 1.7180603 
Clacor_Ccor_scaffold11204_01                       0.0000010 0.4908616 0.8922938 0.5277784 0.4719036 0.4719036 0.4806013 0.7232704 0.5047063 0.5338342 0.3756180 0.5160941 0.5160941 0.5160941 0.6649338 0.4805540 0.4916653 0.4663693 0.4573017 0.4574501 0.9022163 0.0000010 0.3432450 0.3983941 0.3855472 0.4215345 0.1103258 0.3698647 0.3454512 0.3000712 0.3203151 0.3810698 0.3954235 0.3202277 0.3978762 0.3534991 0.3416277 0.3567697 0.3180505 0.3309429 0.2975735 0.3468202 0.3748876 0.3776936 0.0000000 0.2970264 0.0000010 0.2519512 0.2229969 0.3662699 0.3349381 0.3350778 0.3962061 0.4502408 0.4384180 0.4385313 0.4274948 0.4540599 0.4464381 0.4226975 0.4226975 0.4153068 0.4426471 0.3590341 0.4159700 0.4660348 0.5557834 0.4325157 0.2036458 0.0000010 7.3230135 
Gracom_Gcom_scaffold11804_01                       0.7739710 1.1640611 0.0000010 1.2889402 0.6997342 0.6991066 0.7315920 4.8328703 0.4767414 0.6399536 0.7315920 0.7340679 0.8195640 0.5139431 4.4949640 0.7878954 1.2185883 1.2225433 1.2607657 0.7650588 2.0933728 0.9709715 0.6630152 0.8925003 0.8826352 0.8224068 0.4409688 0.9392442 0.4457621 1.0175118 1.0503361 0.8867443 0.8745371 1.0817266 3.3967336 0.7744657 0.8107324 0.7559907 0.7225468 0.8017890 0.8219912 0.8506769 0.9641221 0.9672025 0.2970264 0.0000000 0.0696108 0.1948486 0.2068885 0.8341694 2.4241966 1.0073700 0.8879458 0.9385121 0.9558603 1.0109887 1.0113095 1.0367531 1.0302551 1.0004275 0.6671450 1.0111669 1.0121285 0.9387849 0.9683584 0.9364528 1.0496449 0.8792324 0.8798553 1.5919030 1.6072184 
Leuniv_Lniv_C756652_01                             0.6815907 0.6912713 0.0000010 0.6815907 0.6222945 0.6371840 0.8758431 0.0000010 0.0000010 0.0000010 0.8758431 0.6055566 0.9164009 4.6826274 4.6826274 0.6265798 0.6797036 0.7507778 0.8103971 0.8015057 1.0763979 0.5417611 0.5221066 0.4840687 0.4882197 0.4706234 0.4065906 0.5741640 0.3639654 0.5412257 0.6050179 0.5911119 0.5636572 0.6208672 0.0000010 0.4508671 0.4224697 0.4433681 0.4539732 0.4245520 0.4824876 0.4563027 0.5951864 0.6167756 0.0000010 0.0696108 0.0000000 0.0695336 0.0000010 0.4486093 0.0000010 0.4515147 0.4582584 0.4845412 0.5347427 0.5738973 0.5717863 0.5596047 0.5688770 0.5916838 0.5916838 0.6136104 0.4811566 0.5191947 0.6171577 0.4465337 0.5282180 0.4747902 0.4634633 0.7062253 9.0000000 
Lcom_lcpid43871                                    0.7808489 1.0974544 2.1015285 1.2008589 0.8243465 0.8083913 0.8325037 1.1286076 0.8676465 0.9285266 0.6184552 0.8285677 0.8965243 0.8316680 1.1347178 0.8685279 1.1291151 1.1799990 1.1682687 0.8619664 1.2447491 0.9927485 0.6787091 0.8512452 0.8577821 0.8122191 0.4166579 0.7699936 0.4886798 0.7678117 0.8339361 0.7256676 0.7322349 0.8584006 0.5738507 0.7112602 0.7346534 0.6935270 0.6619465 0.7071410 0.7329992 0.7323520 0.8019308 0.8199086 0.2519512 0.1948486 0.0695336 0.0000000 0.1053929 0.7708864 0.5009123 0.7823085 0.8407330 0.8395700 0.8556181 0.8167277 0.8140683 0.8106836 0.8118300 0.8184638 0.5929807 0.8080506 0.8697283 0.7799884 0.8854506 0.8627410 0.9639103 0.8845983 0.8764036 1.5030483 1.7511704 
Leuniv_Lniv_C809534_01                             1.1704899 0.8972503 1.9561769 0.8238548 0.8631238 0.8631238 0.8341757 1.1419607 0.8576363 0.9244762 0.5970357 0.8669405 0.8669405 0.7812013 1.0349702 0.8710904 0.9484467 0.9256778 0.8896303 0.8965524 1.2202522 0.0000010 0.6422146 0.7195459 0.7172406 0.6491128 0.3634517 0.5294251 0.5333346 0.5404136 0.5823960 0.5680971 0.5699177 0.6061593 0.5373126 0.5268100 0.5244881 0.5194859 0.5191268 0.5096083 0.5486257 0.5460123 0.6059639 0.6290201 0.2229969 0.2068885 0.0000010 0.1053929 0.0000000 0.6372872 0.4689167 0.5060259 0.7117257 0.5966165 0.5602533 0.6002480 0.6025538 0.5998761 0.5949257 0.5883659 0.5844499 0.5887040 0.6659949 0.4868653 0.5746527 0.6718652 0.7557099 0.7646186 0.5287840 1.6466573 1.7220930 
Spur_XM_030975395.1                                0.6280141 1.1421064 2.4592921 1.1661909 0.8675556 0.8228386 0.9295665 1.4672102 1.0466120 1.1623779 0.5896389 0.8209009 0.9139428 0.9281741 1.3702223 0.8011280 1.1262418 1.1261816 1.2157998 0.8548578 1.4597766 0.7554445 0.6305514 0.8160257 0.8053188 0.7156238 0.3496949 0.8279741 0.5333272 0.8599309 0.8630334 0.9200837 0.9494755 0.9617407 0.6026967 0.6435255 0.6577596 0.6521596 0.6262132 0.6834486 0.6831758 0.6969861 0.6844556 0.7435975 0.3662699 0.8341694 0.4486093 0.7708864 0.6372872 0.0000000 0.7541153 0.8945520 0.5467331 0.7419346 0.6669095 0.8298003 0.8382660 0.8265863 0.8282546 0.8340730 0.6499892 0.8190100 0.8324988 0.7281261 0.6990557 0.7243190 0.7589561 0.6630526 0.7987158 1.3538461 2.5132421 
Opea_EP00118_Oscarella_pearsei_P026827             0.0000010 1.0743796 1.7927991 0.9836451 1.0270933 1.0270933 0.9281646 1.0219065 0.9846795 0.9846795 0.5940891 0.9196453 0.9196453 0.9196453 0.9196453 0.9431874 1.0788579 1.1135937 1.0457714 1.0504148 1.1166002 0.0000010 0.6716316 0.7707424 0.7184251 0.5742704 0.0000010 0.6063630 0.5514049 0.5949511 0.6670383 0.6558822 0.6277120 0.6485599 0.4057609 0.4640006 0.4594878 0.4809378 0.4656742 0.4852717 0.5297012 0.5397825 0.5765652 0.6066766 0.3349381 2.4241966 0.0000010 0.5009123 0.4689167 0.7541153 0.0000000 0.2627932 0.8148537 0.6246581 0.6522106 0.6265372 0.6229032 0.6255578 0.6255578 0.5909751 0.5849381 0.5853904 0.6522670 0.4582203 0.6170855 0.6652122 0.9000061 0.8712850 0.0000010 0.0000010 1.8615537 
Plajan_Pjan_C569556_01                             0.7746105 1.1336852 2.1584784 1.1860104 0.8620237 0.8566665 0.9122436 1.1976934 0.9450489 1.0167988 0.6699667 0.7942939 0.8568198 0.8282747 1.0609939 0.9097025 1.1371301 1.1338155 1.2090854 0.8863356 1.2783939 1.0791804 0.5912869 0.7929330 0.7900945 0.7291423 0.3713170 0.7356275 0.4555548 0.8221291 0.8491366 0.7884251 0.7979887 0.8923416 0.4078748 0.6292960 0.6441721 0.6148621 0.6381729 0.6121090 0.6483910 0.6456842 0.7298622 0.7179187 0.3350778 1.0073700 0.4515147 0.7823085 0.5060259 0.8945520 0.2627932 0.0000000 0.8954804 0.7039096 0.8069029 0.7776341 0.7722608 0.8021628 0.7973909 0.7937198 0.6067024 0.7643624 0.8205162 0.7057753 0.7683847 0.7299327 0.8886626 0.9664073 0.3528606 1.5115143 2.0347715 
