99
Pbac_sb2643198                                         0.0000000 3.1918777 4.6138617 3.7311856 3.8629033 3.6487748 1.5263298 3.5604899 3.7262999 3.7453658 3.8646365 3.9427367 3.2035200 3.2518314 3.5670921 3.7161924 5.0598344 4.8117900 4.3016991 3.6647417 3.6556437 3.7783351 3.9816407 3.9860324 3.0837392 3.9332992 3.9829263 3.7787272 2.2261804 5.3679249 4.7676181 4.1280979 4.0169292 7.8705675 5.0261012 7.2003591 3.9453913 3.5279302 3.2815413 3.9192974 3.6944748 4.5247412 3.7879384 8.9999988 3.9238618 4.8143705 5.0833189 5.3406848 5.3406848 4.1201374 6.1055948 4.2412102 2.5284968 2.5284968 4.4676363 4.1553729 4.2139437 4.2087278 5.6668126 4.6708368 4.4905547 6.3623712 4.2187642 3.8733392 3.8967106 4.8734241 4.2211542 3.9525009 3.8409280 4.1128143 5.3145234 4.1019751 3.2833910 3.2362846 3.1898708 3.9753592 4.5161848 3.3108980 6.1498335 3.3192568 3.0886116 3.3786824 3.1927806 3.4024622 4.3008921 6.9578103 7.0036874 6.2414838 7.0129586 7.0129586 3.7087970 4.9843881 2.7908163 3.0769869 5.5046767 5.4186446 3.6006548 6.5544510 6.1913333 
Pbac_sb2644367                                         3.1918777 0.0000000 1.2085020 0.1229564 0.2580146 0.2580146 0.0000010 1.4162835 1.4162835 1.4162835 0.4881704 0.4881704 0.3237122 0.3237122 0.9027456 0.9027456 0.9813514 0.9869952 0.6242602 0.2717712 0.3478841 0.6605628 0.2595842 0.6605628 0.3126340 0.6985721 0.6985721 0.6985721 0.9027456 0.7767246 0.9055705 0.4476965 0.6482951 7.7985724 0.7088284 3.2108596 0.3469811 0.2871653 0.2871653 0.3469811 0.9027456 5.0677541 1.4233873 3.6842057 0.8944613 1.7175566 1.7494516 1.5362128 1.5362128 1.2729610 3.3065712 1.1782232 0.5269346 0.5269346 1.0924196 1.1783014 1.1948775 1.2512476 4.0069176 1.2643251 1.2420945 3.5156103 1.1992811 1.1269718 1.0426012 1.4500344 1.7621575 1.3955538 1.3218930 1.4120090 2.9277483 1.5461025 1.7048758 1.5876470 1.3477858 1.3452854 0.9438542 1.2594776 3.0868355 0.4990534 1.1685600 1.1685600 1.5706286 1.4457421 0.6271385 2.0443017 2.0247879 1.1113539 1.8144329 1.8310605 1.1160095 1.6112275 1.1123733 1.2924165 7.0092131 7.0092131 0.7570092 2.9886694 3.6809121 
Morvir_scaffold491.g7.t1                               4.6138617 1.2085020 0.0000000 2.8804548 1.9580411 2.0803760 5.5284561 4.0038421 3.5824063 3.5536660 2.0150956 1.9153858 2.9021981 2.7571625 4.0354641 3.8007054 1.6430758 1.7376883 1.0020127 1.1526520 1.0430115 2.1090993 2.8368287 2.0081618 2.7395925 1.8515706 1.7223650 1.8142227 4.1778658 1.2833656 1.6759684 1.1363821 1.7916854 0.9587409 1.2700938 0.3470601 2.4408997 3.0096420 3.1158680 2.3751629 3.5678983 3.2753055 1.6068988 0.4273613 0.6495580 0.9458678 0.9608397 1.0244310 1.0281580 1.2854979 1.3621966 1.1984838 1.0972399 1.1156437 1.2139082 1.2871960 1.3489678 1.2093975 0.4610124 1.2736607 1.4731567 0.8747768 1.5706881 1.2941260 1.5263174 1.6495326 1.2986136 1.4731757 1.6337334 1.6337358 1.2549342 1.6422775 1.9117805 1.8455698 1.4177999 1.3687387 1.3693085 1.6115210 2.7128617 2.7486022 1.6337716 1.6319540 2.0941520 1.7609744 1.4286163 1.9056731 1.8442884 2.5140263 2.1408657 2.1408657 1.5688202 1.3837997 2.8862132 2.7071633 3.9443483 3.7610564 2.3486288 2.8370220 3.2737270 
Pbac_sb2665742                                         3.7311856 0.1229564 2.8804548 0.0000000 0.0670556 0.0664167 2.5904654 0.2729964 0.1229718 0.2309606 0.5393053 0.5411241 0.5393053 0.5411241 0.5832812 0.5869285 0.5477387 0.5459216 0.1843300 0.1843300 0.1263857 0.5715751 0.5240832 0.5734719 0.5734719 0.5734719 0.5734719 0.5715751 1.2003433 0.1013447 0.5423345 0.3525765 0.5125023 0.0000010 0.1013447 0.0000010 0.5063742 0.5063742 0.5044999 0.4885405 1.1202343 0.8155233 3.3285521 0.0000010 1.8971436 3.7265313 3.5112219 3.9948594 3.9310084 2.9173395 4.7917244 2.9346264 1.3079699 1.3079699 2.6978230 2.3639142 2.0500924 2.9632628 0.0000010 2.6165052 2.8855930 0.0000010 3.4086691 2.5231577 2.9298883 3.5747304 3.4334525 2.8519734 3.3242215 3.3242215 3.8192819 2.9815817 3.9990529 2.8969929 2.3201134 2.6657610 0.9274689 2.9145277 4.2173262 3.0809698 2.9591870 2.9029012 4.5162183 2.9929724 3.4417133 4.5218977 4.4119238 4.1723447 4.6439074 4.6439074 3.2882074 2.3050687 4.0661877 4.0840819 1.4170281 1.4384351 3.0308206 2.9423492 2.2796908 
Horcal_Hcv1.av93.c8.g138.i1                            3.8629033 0.2580146 1.9580411 0.0670556 0.0000000 0.0023416 0.0000010 0.0686271 0.0470881 0.0779659 0.3871007 0.3829434 0.5046896 0.4991097 0.6107186 0.6007592 0.3944904 0.3987127 0.0481317 0.0910058 0.0402044 0.4157148 0.5798189 0.4113258 0.5485208 0.4113258 0.4113258 0.4157148 0.6628286 0.0244728 0.4163912 0.1360990 0.4027195 0.0000010 0.0244728 0.0000010 0.4526401 0.5539300 0.5606460 0.5087342 0.6337450 0.6847916 1.9380828 0.7493270 1.5114374 2.2780720 2.1483921 2.3061773 2.2762358 2.4217320 2.1208997 1.7442108 0.8551760 0.8551760 1.6281685 1.6051414 1.4723042 1.6622541 0.5491843 1.8392993 2.0298823 1.2963839 2.2237301 1.8342779 1.9290479 2.3504423 1.7707363 2.0062814 1.9689405 1.9689405 1.6254509 1.8511149 2.4458994 2.0279938 1.7906897 1.9325237 1.1654951 1.9779311 2.4059726 2.6225210 1.8621004 1.9456523 2.1454743 1.8353690 1.9482168 2.9679370 2.9222142 2.8577809 3.0837464 3.0837464 2.0922040 1.3943779 2.8036503 2.5939472 1.3084768 1.4030883 3.0331588 2.7261060 3.7145499 
Horcal_Hcv1.av93.c8.g138.i2                            3.6487748 0.2580146 2.0803760 0.0664167 0.0023416 0.0000000 0.0000010 0.0742337 0.0511851 0.0828751 0.4052459 0.3871007 0.5237812 0.5046896 0.6368234 0.6107186 0.3987127 0.4149766 0.0481317 0.0910058 0.0402044 0.4282713 0.5798189 0.4198350 0.5605456 0.4198350 0.4198350 0.4282713 0.6847245 0.0244728 0.4377279 0.1360990 0.4070823 0.0000010 0.0244728 0.0000010 0.4578624 0.5606460 0.5821419 0.5270304 0.6504693 0.6967413 1.9755718 0.7493270 1.5114374 2.3142713 2.2055221 2.3484532 2.3190202 2.5242685 2.1904853 1.7303091 0.8551760 0.8551760 1.7223633 1.6970981 1.5746792 1.7723151 0.5491843 1.9334318 2.0396588 1.2963839 2.2723115 1.9475246 1.9881417 2.4140579 1.7966571 2.0626111 2.1685164 2.1685164 1.6254509 1.8806756 2.3930916 1.9880305 1.9286418 2.0614980 1.1804363 2.1206806 2.5400177 2.8583062 1.9811391 2.0680139 2.2224728 1.8117176 2.0436239 3.0348716 2.9906860 2.9760443 3.2107430 3.2107430 2.1012402 1.4724086 2.9538419 2.7785053 1.3242374 1.3937607 3.0930086 2.6017919 3.6801100 
Pbac_sb2660603                                         1.5263298 0.0000010 5.5284561 2.5904654 0.0000010 0.0000010 0.0000000 0.0000010 0.0000010 0.0000010 0.4199762 0.1904253 0.4199762 0.1904253 0.4199762 0.1904253 0.1904253 0.4047801 1.6025908 1.6025908 0.0000010 0.2985110 0.0000010 0.1348872 0.1348872 0.1348872 0.1348872 0.2985110 0.2985110 0.0000010 0.4060041 0.0000010 0.4385578 0.0000010 0.0000010 0.0000010 0.0913280 0.0913280 0.3302665 1.4552568 0.1296413 0.1296413 2.0125172 0.0000010 0.0000010 3.9571125 3.7860776 4.8088961 4.8088961 6.2010976 5.5299826 4.8251722 0.0000010 0.0000010 6.3343541 7.2372664 8.1444751 8.7422437 0.0000010 4.4906276 1.3581425 0.0000010 3.7312183 4.5688548 2.6632496 4.2731202 4.7017893 3.7788584 8.9999987 8.9999987 0.0000010 1.9831521 0.5143748 1.0796399 5.5908073 6.0932009 2.4206564 6.7051952 3.5398213 4.6500607 3.7059606 5.8678956 4.6160409 0.7621217 3.5637970 4.5404413 4.5404413 3.4898754 4.3077234 4.3077234 2.6816191 4.1684151 4.8494736 7.7053285 0.1747292 0.3226269 4.0400316 2.0429270 6.0376196 
Coeast_Cast_sb789366                                   3.5604899 1.4162835 4.0038421 0.2729964 0.0686271 0.0742337 0.0000010 0.0000000 0.0049603 0.0050225 0.7079791 0.6952126 0.7079791 0.6952126 0.6875526 0.6747366 0.7259106 0.7390238 3.0453811 1.6025908 0.0000010 0.8276614 1.0677745 0.8133583 0.8133583 0.8133583 0.8103281 0.8245384 0.7135403 9.0000000 0.7998796 3.1698323 0.8079549 0.0000010 9.0000000 0.0000010 0.8525232 0.8525232 0.8677611 1.1717805 0.6249425 0.7606361 2.8088194 0.0000010 0.0000010 3.8817359 3.3346857 3.8424920 3.7746985 4.9306996 3.1445151 3.4892121 0.0000010 0.0000010 2.8016326 3.4865466 2.9585978 2.7214245 0.0000010 3.2993832 3.5154230 0.0000010 4.8000064 3.3449293 3.2371611 4.0186439 3.4147935 3.8270006 7.5357753 7.5357753 0.0000010 3.3743873 3.6416251 2.6238968 2.9453326 3.2360644 1.6332359 3.2056737 2.9279836 3.9401164 2.8953357 3.4854507 4.5700406 3.9956663 3.4585996 4.9084569 4.9084569 5.1820186 5.7121581 5.7121581 3.3331366 2.0684079 3.9626435 4.2880826 1.1027349 1.2125492 4.4267785 2.6348813 4.4108131 
Coeast_Cast_sb789364                                   3.7262999 1.4162835 3.5824063 0.1229718 0.0470881 0.0511851 0.0000010 0.0049603 0.0000000 0.0216639 0.5949337 0.5862483 0.5949337 0.5862483 0.5723025 0.5627486 0.6091344 0.6180450 1.6025908 1.6025908 0.0000010 0.6810362 0.7202570 0.6714855 0.6714855 0.6714855 0.6714855 0.6810362 0.7135403 0.0000010 0.6730373 1.7461528 0.6678771 0.0000010 0.0000010 0.0000010 0.6998601 0.6998601 0.7099483 0.8666791 0.6249425 0.6364241 3.0768000 0.0000010 0.0000010 3.7163612 3.3480162 3.6412958 3.5305486 4.2127791 3.3704451 3.3777569 0.0000010 0.0000010 3.0156390 3.3892776 2.8942786 2.7109588 0.0000010 3.2414288 3.0374745 0.0000010 4.3267844 3.1872473 3.0795259 4.1162111 3.9883886 3.4506814 5.4439895 5.4439895 0.0000010 4.7778085 4.5000277 3.1096014 2.6778725 2.7072909 1.3570150 3.1581780 3.1938033 2.9889807 2.7238359 3.1107324 4.8387731 3.3443657 3.9252653 4.5840721 4.5781735 4.6048570 5.0919910 5.0919910 3.2879737 2.5138565 3.9051560 5.7474874 0.8944723 0.9649014 3.8888345 2.9473738 3.5853465 
Coeast_Cast_sb789365                                   3.7453658 1.4162835 3.5536660 0.2309606 0.0779659 0.0828751 0.0000010 0.0050225 0.0216639 0.0000000 0.6113914 0.6013806 0.6113914 0.6013806 0.5770088 0.5671278 0.6275144 0.6378005 1.6025908 1.6025908 0.0000010 0.6997903 0.7624829 0.6888444 0.6888444 0.6888444 0.6888444 0.6997903 0.7135403 0.0000010 0.6659137 1.7461528 0.6930982 0.0000010 0.0000010 0.0000010 0.7097556 0.7097556 0.7213023 0.9087808 0.6249425 0.6364241 2.6066870 0.0000010 0.0000010 3.5980926 3.1678047 3.5671041 3.5189569 3.9716688 3.0348602 3.1204331 0.0000010 0.0000010 2.8764079 3.3104119 2.8522941 2.6068325 0.0000010 2.8084891 3.0873603 0.0000010 4.0091214 2.8289512 3.0041235 4.0760751 3.5893991 3.2021371 5.0866113 5.0866113 0.0000010 3.2689117 3.7989446 3.0341928 2.4902684 2.5093623 1.3570150 2.7814977 2.7128480 3.0789734 2.3138404 2.5700323 4.5070320 3.5642405 3.1839711 4.4116196 4.4056803 4.4459386 4.9287367 4.9287367 3.1175015 2.1838117 3.6712971 7.5434633 0.8640870 0.9352009 3.6534699 2.9473738 3.5853465 
Bolinf_Binf_sb1265934                                  3.8646365 0.4881704 2.0150956 0.5393053 0.3871007 0.4052459 0.4199762 0.7079791 0.5949337 0.6113914 0.0000000 0.0020662 0.0099902 0.0130943 0.0157346 0.0212119 0.0603724 0.0586261 0.0374678 0.0797026 0.0452909 0.1959249 0.2259310 0.1914876 0.2550296 0.1851562 0.1851562 0.1897267 0.3078606 0.0261254 0.2515837 0.0680589 0.3590989 0.0349064 0.0255310 0.0000010 0.2582099 0.3056484 0.3284741 0.3007887 0.4712830 0.4271071 1.8831236 1.2862195 1.4901565 2.1531587 2.1048431 2.3624811 2.3414880 2.5182978 2.1045708 1.7328758 0.8672341 0.8672341 1.7762222 1.7218078 1.5281248 1.8733665 1.1058123 1.8219989 2.0521470 1.3818880 2.0235182 1.8197834 1.8664475 2.3304679 1.8345631 1.8982301 2.1755478 2.1755478 1.7045370 1.9086119 2.2411987 1.9567988 1.9460804 1.9097003 1.2582577 1.9849792 3.0374212 3.0652710 1.9661602 2.0239288 2.1912728 1.8212909 2.2125387 2.5883479 2.5342534 2.6770677 2.7658531 2.7658531 1.9923383 1.6650524 3.1129069 2.7182942 1.2438344 1.3286293 3.2757250 2.4247268 3.8828997 
Bolinf_Binf_sb1265935                                  3.9427367 0.4881704 1.9153858 0.5411241 0.3829434 0.3871007 0.1904253 0.6952126 0.5862483 0.6013806 0.0020662 0.0000000 0.0130943 0.0104530 0.0212119 0.0169131 0.0581112 0.0603724 0.0374678 0.0797026 0.0452909 0.1878820 0.2259310 0.1851001 0.2459282 0.1788561 0.1788561 0.1816042 0.2883575 0.0261254 0.2437971 0.0680589 0.3553140 0.0349064 0.0255310 0.0000010 0.2543557 0.3009443 0.3056484 0.2778543 0.4578940 0.4184576 1.8543607 1.2862195 1.4901565 2.0501871 1.9855548 2.2795550 2.2585340 2.4238982 2.0814334 1.7661896 0.8672341 0.8672341 1.7179330 1.6841020 1.4656047 1.8032483 1.1058123 1.7650239 2.0145643 1.3818880 1.9541034 1.7168527 1.7899854 2.2362264 1.8112378 1.8475559 2.0733724 2.0733724 1.7045370 1.8395459 2.2309425 1.9864060 1.8883594 1.8463840 1.2297735 1.9010405 2.9436860 2.8956356 1.8700064 1.9273667 2.0799344 1.8228555 2.1113172 2.5305349 2.4749836 2.5722483 2.6542987 2.6542987 1.9753496 1.6063314 2.9790016 2.6099523 1.2292373 1.3140198 3.1691364 2.4702167 3.8688976 
Bolinf_Binf_sb1265936                                  3.2035200 0.3237122 2.9021981 0.5393053 0.5046896 0.5237812 0.4199762 0.7079791 0.5949337 0.6113914 0.0099902 0.0130943 0.0000000 0.0025494 0.0037576 0.0080811 0.0882705 0.0850228 0.1482639 0.1482639 0.1531485 0.2560101 0.2259310 0.2523743 0.2497387 0.2523743 0.2523743 0.2560101 0.3078606 0.1037265 0.3454228 0.2023574 0.5140336 4.3450063 0.1037265 0.0000010 0.2780937 0.3056484 0.3284741 0.3262104 0.4712830 0.4271071 2.6496639 0.0000010 1.6142567 3.0532811 2.9645842 3.3136153 3.2704454 3.5307644 3.2078708 2.4244285 0.8672341 0.8672341 2.4923796 2.3328401 1.9931203 2.6373623 0.0000010 2.6506607 2.9325473 2.4151465 3.0198422 2.5850289 2.6749491 3.4089112 2.6042793 2.5957492 3.4858462 3.4858462 4.1973945 2.5910956 3.1243456 2.2834741 2.4390498 2.3941451 1.2053140 2.8065221 4.0576093 3.6245564 2.8850784 2.9904826 3.3539949 2.5991246 2.9580185 3.5662856 3.4797308 3.4860391 3.7302263 3.7302263 2.8665522 2.1255675 3.4330739 3.0900714 1.1416816 1.2272519 3.2757250 2.5897992 3.8548374 
Bolinf_Binf_sb1265937                                  3.2518314 0.3237122 2.7571625 0.5411241 0.4991097 0.5046896 0.1904253 0.6952126 0.5862483 0.6013806 0.0130943 0.0104530 0.0025494 0.0000000 0.0080811 0.0040265 0.0853176 0.0882705 0.1482639 0.1482639 0.1531485 0.2473930 0.2259310 0.2436363 0.2406295 0.2436363 0.2436363 0.2473930 0.2883575 0.1037265 0.3388972 0.2023574 0.5083167 4.3450063 0.1037265 0.0000010 0.2738891 0.3009443 0.3056484 0.3019333 0.4578940 0.4184576 2.6303569 0.0000010 1.6142567 2.9059243 2.7828669 3.2166229 3.1726678 3.4104717 3.2574749 2.5237934 0.8672341 0.8672341 2.4353047 2.3153921 1.9194887 2.5572710 0.0000010 2.5747186 2.8740519 2.4151465 2.9350329 2.4193817 2.5658763 3.2737693 2.5451665 2.5436605 3.3552319 3.3552319 4.1973945 2.4505850 3.1276450 2.3494112 2.3728615 2.3173141 1.1656209 2.6965724 3.9507940 3.4004044 2.7408877 2.8467521 3.2072088 2.6276123 2.8392077 3.5096883 3.4194110 3.3466973 3.5685781 3.5685781 2.8444720 2.0523251 3.2907660 2.9667922 1.1268330 1.2101270 3.1691364 2.6554118 3.8348462 
Mertsp_Mesp_sb577683                                   3.5670921 0.9027456 4.0354641 0.5832812 0.6107186 0.6368234 0.4199762 0.6875526 0.5723025 0.5770088 0.0157346 0.0212119 0.0037576 0.0080811 0.0000000 0.0040353 0.0978520 0.0921842 3.7431924 3.7431924 4.8504178 0.2995791 0.2263928 0.2961460 0.2691375 0.2961460 0.2961460 0.2995791 0.3078606 4.8504178 0.4389252 1.9000143 0.6425090 4.8504178 4.8504178 0.0000010 0.3629992 0.3629992 0.3959212 0.4674327 0.4712830 0.4271071 3.2616294 0.0000010 0.0000010 3.5709353 3.5228847 4.0730209 3.9715264 4.5426425 3.0838124 2.9955917 0.0000010 0.0000010 3.2040525 3.1632818 2.7088952 3.0004414 0.0000010 3.2306730 3.6193861 8.0157219 4.0739693 3.1842345 3.1845474 3.9028313 4.9356023 2.8941016 6.8948793 6.8948793 9.0000000 4.3608509 4.4827363 2.8281561 2.8170302 2.7813258 2.3870915 3.1152607 3.3991668 3.9917205 2.9659484 3.2780245 4.4076740 3.2213855 3.5034430 4.2278251 4.2227956 4.1475357 4.5753097 4.5753097 3.3766885 2.5065735 4.1010672 6.0679014 0.9015235 0.9768771 3.5367240 2.4014575 3.3792068 
Mertsp_Mesp_sb577684                                   3.7161924 0.9027456 3.8007054 0.5869285 0.6007592 0.6107186 0.1904253 0.6747366 0.5627486 0.5671278 0.0212119 0.0169131 0.0080811 0.0040265 0.0040353 0.0000000 0.0930741 0.0978520 3.7431924 3.7431924 4.8504178 0.2876924 0.2263928 0.2813983 0.2549131 0.2813983 0.2813983 0.2876924 0.2883575 4.8504178 0.4343509 1.9000143 0.6318673 4.8504178 4.8504178 0.0000010 0.3553423 0.3553423 0.3629992 0.4283366 0.4578940 0.4184576 3.2715625 0.0000010 0.0000010 3.3284974 3.2006788 3.9458268 3.8391857 4.3743559 3.1586117 3.3266197 0.0000010 0.0000010 3.1775101 3.2724366 2.6433070 2.8538937 0.0000010 3.1016650 3.5050406 8.0157219 3.9608442 2.8583785 2.9907219 3.6763110 4.5480791 2.8146641 7.1899424 7.1899424 9.0000000 3.7452314 4.6047470 3.0957513 2.7187976 2.6554822 2.2675216 2.8983053 3.1713787 3.5233792 2.6641827 2.9711567 4.1718185 3.3479813 3.2585808 4.1753267 4.1699790 3.9217796 4.3087151 4.3087151 3.3388369 2.3957443 3.8022896 5.4743390 0.8880018 0.9560354 3.3837793 2.4733552 3.3239697 
Mlei_ML0942.g2.i1                                      5.0598344 0.9813514 1.6430758 0.5477387 0.3944904 0.3987127 0.1904253 0.7259106 0.6091344 0.6275144 0.0603724 0.0581112 0.0882705 0.0853176 0.0978520 0.0930741 0.0000000 0.0116868 0.0584786 0.0797026 0.0873681 0.2070236 0.2215779 0.2041886 0.2411852 0.1897066 0.1818126 0.1844861 0.2948151 0.1898235 0.2396839 0.0739104 0.3460404 0.0703253 0.1711324 0.1710175 0.2846854 0.3381321 0.3430153 0.3120328 0.4730060 0.5662957 1.6112092 0.7960567 1.4901565 1.7899914 1.7281446 1.9087464 1.8806971 2.0488773 1.7453137 1.4982839 0.8672341 0.8672341 1.4795932 1.4504853 1.4271639 1.5569435 0.8477904 1.5311515 1.7890459 1.0454037 1.7580008 1.4758613 1.5411406 1.8957960 1.4389054 1.6287707 1.8102162 1.8253388 1.2648940 1.4425572 1.8872236 1.6916812 1.6321831 1.6168341 1.2297735 1.7334021 2.8922408 2.8337087 1.6083782 1.6945466 1.8322973 1.6153050 2.0802904 2.1284072 2.1115760 2.5837050 2.1793437 2.1940348 1.8845453 1.8206565 3.0372574 2.5669280 1.3399546 1.4282573 3.1880262 2.3946199 2.9989700 
Vmul_sbMO432476                                        4.8117900 0.9869952 1.7376883 0.5459216 0.3987127 0.4149766 0.4047801 0.7390238 0.6180450 0.6378005 0.0586261 0.0603724 0.0850228 0.0882705 0.0921842 0.0978520 0.0116868 0.0000000 0.0584786 0.0797026 0.0501526 0.2150652 0.2215779 0.2107281 0.2502691 0.1793588 0.1718010 0.1767765 0.3160163 0.1898235 0.2687677 0.0739104 0.3496900 0.0703253 0.1711324 0.3551285 0.2886513 0.3430153 0.3630996 0.3325446 0.4865861 0.5609298 1.6565644 0.8955479 1.4901565 1.8769544 1.8268938 1.9918071 1.9633692 2.1352461 1.7608121 1.4584853 0.8672341 0.8672341 1.5194442 1.4878579 1.4542110 1.5784034 0.7802322 1.5769206 1.8255921 1.0617510 1.8533375 1.6010061 1.6391384 1.9835797 1.4956283 1.6908530 1.8916706 1.9048498 1.3368642 1.5238317 1.8880797 1.6790920 1.6789362 1.6756425 1.2582577 1.8627183 2.9292167 3.0419723 1.7436396 1.8328265 1.9878331 1.6451042 2.1967079 2.2072631 2.1912638 2.6892168 2.2841324 2.2767516 1.9027112 1.8771370 3.2061602 2.7036832 1.3546456 1.4342324 3.3035259 2.3516115 2.9614643 
Coeast_Cast_sb771472                                   4.3016991 0.6242602 1.0020127 0.1843300 0.0481317 0.0481317 1.6025908 3.0453811 1.6025908 1.6025908 0.0374678 0.0374678 0.1482639 0.1482639 3.7431924 3.7431924 0.0584786 0.0584786 0.0000000 0.0336876 0.0393855 0.1232823 0.0910498 0.1232823 0.1399079 0.0424251 0.0588662 0.0588662 1.6025908 0.0470819 0.0646920 0.0309553 0.0291370 0.0231347 0.0844975 0.2993134 0.0817224 0.1906301 0.1906301 0.0691714 1.1394200 3.3446859 1.0544620 1.0591840 1.4091163 1.0516356 1.0674051 1.0895470 1.0895470 1.0409145 1.2064940 0.9220402 0.8974732 0.8974732 0.8887160 0.8641123 0.9469899 0.9613337 0.9217971 0.8929601 0.9719016 1.2034158 0.8764558 0.9367859 0.8889048 0.9801182 1.1744635 0.9660306 1.0869836 1.0869836 1.5279549 1.3384616 1.5495479 1.6173103 1.1947803 1.1144553 1.2209481 1.1175778 2.1967704 1.7423658 0.9965667 1.0035184 1.1111564 1.0995271 0.9163611 1.2024321 1.1933503 1.3225429 1.3040357 1.3040357 0.9607466 1.0807296 1.4429998 1.5215263 5.3665999 5.5105783 1.4108954 2.5758557 4.0309266 
Coeast_Cast_sb771474                                   3.6647417 0.2717712 1.1526520 0.1843300 0.0910058 0.0910058 1.6025908 1.6025908 1.6025908 1.6025908 0.0797026 0.0797026 0.1482639 0.1482639 3.7431924 3.7431924 0.0797026 0.0797026 0.0336876 0.0000000 0.0921374 0.0889637 0.0910498 0.0889637 0.1032986 0.0889637 0.0889637 0.0889637 1.6025908 0.0451477 0.0984801 0.0702333 0.0706577 0.0944729 0.0451477 0.0000010 0.0822820 0.1906301 0.1906301 0.0696387 1.6025908 1.6025908 1.1872861 9.0000000 1.4515199 1.2627630 1.2817732 1.2416994 1.2416994 1.1805960 1.4271803 0.9726619 0.8974732 0.8974732 0.9236101 0.8890594 0.9009725 0.9822659 0.0000010 1.0249646 1.1338655 1.3769218 1.0556757 1.0613347 0.9945175 1.1383046 1.2303990 1.0829297 1.2059780 1.2059780 1.8545138 1.4523700 1.7078315 1.6425249 1.2728758 1.1958595 1.2209481 1.1984704 1.6152106 1.3632268 1.0369756 1.0472029 1.0201035 1.0854214 0.9163611 1.4303179 1.4269285 1.4382427 1.5034152 1.5034152 1.0834044 0.8177582 1.4429998 1.5215263 6.3949540 6.6017511 1.4108954 2.6129693 4.5902232 
Eupdun_Edun_sb10661528                                 3.6556437 0.3478841 1.0430115 0.1263857 0.0402044 0.0402044 0.0000010 0.0000010 0.0000010 0.0000010 0.0452909 0.0452909 0.1531485 0.1531485 4.8504178 4.8504178 0.0873681 0.0501526 0.0393855 0.0921374 0.0000000 0.0519911 0.1213504 0.0519911 0.1455230 0.0627201 0.0566650 0.0566650 0.0000010 0.0265318 0.0734950 0.0452909 0.0387393 0.0116312 0.0265318 9.0000000 0.0468289 0.1094866 0.1094866 0.0468289 0.0000010 0.7318512 1.1356489 1.5413556 1.4559043 1.1613455 1.1921007 1.1869513 1.1869513 1.0310054 1.2905455 0.9194172 0.7066994 0.7066994 0.9065281 0.9209935 0.8981182 0.9997928 1.2509117 0.9295366 0.9942392 1.4480517 0.9506512 1.0024220 0.9213738 0.9947390 1.3546516 1.0497208 1.1233785 1.1233785 1.7567313 1.4690216 1.5818326 1.7022430 1.3163622 1.3032030 1.1403845 1.1846711 2.0289319 1.7589238 1.0686633 1.0765051 1.0756570 1.0837722 0.8456457 1.4519400 1.4385773 1.3634039 1.5755263 1.4794364 0.9599449 0.9315543 1.3672344 1.5246943 7.0555615 7.0555615 1.1832160 2.6684998 4.3867281 
Beraby_Baby_sb343572                                   3.7783351 0.6605628 2.1090993 0.5715751 0.4157148 0.4282713 0.2985110 0.8276614 0.6810362 0.6997903 0.1959249 0.1878820 0.2560101 0.2473930 0.2995791 0.2876924 0.2070236 0.2150652 0.1232823 0.0889637 0.0519911 0.0000000 0.0000010 0.0020448 0.0081923 0.0168336 0.0254824 0.0226657 0.0000010 0.0390364 0.3104959 0.0838594 0.4028240 0.0481064 0.1124129 5.6527881 0.2972028 0.3482638 0.3688151 0.3370107 0.5525404 0.5809490 1.9457973 1.9127034 1.4901565 2.2519788 2.1862313 2.5450823 2.5028836 2.5546629 2.2517784 1.8740732 0.8672341 0.8672341 1.8761265 1.8682562 1.7035773 2.0156501 1.6806307 1.8619317 2.1492126 1.6232164 2.1449440 1.8950375 1.9160591 2.4721095 1.8945166 1.9496600 2.2472982 2.2472982 1.9820870 1.9210683 2.3386768 2.1468503 2.0776666 2.0098819 1.2761854 2.0603353 3.0708036 3.1093813 2.0106346 2.1573282 2.2800551 1.9538675 2.1098369 2.6982456 2.6532273 2.7956748 2.9718834 2.9718834 2.0813439 1.7615340 3.1778302 2.7586718 1.2520365 1.2911829 3.4283641 2.2860633 4.2620401 
Drygla_Dgla_sb279858                                   3.9816407 0.2595842 2.8368287 0.5240832 0.5798189 0.5798189 0.0000010 1.0677745 0.7202570 0.7624829 0.2259310 0.2259310 0.2259310 0.2259310 0.2263928 0.2263928 0.2215779 0.2215779 0.0910498 0.0910498 0.1213504 0.0000010 0.0000000 0.0000010 0.0000010 0.0000010 0.0000010 0.0000010 0.0000010 0.0492052 0.3977443 0.1819130 0.5387812 0.0000010 0.0492052 0.0000010 0.3424214 0.3521098 0.3521098 0.3424214 0.8376368 0.6032705 2.9301215 0.0000010 1.7865801 3.1971042 3.1117689 3.6184198 3.4749760 3.3758965 4.4879944 2.8682519 1.1472617 1.1472617 2.5840992 2.3749087 1.9346635 3.0536834 0.0000010 2.4926314 3.3025505 2.6471361 2.9881670 2.6517662 2.5496917 4.0454936 2.6258666 2.6959659 3.2871211 3.2871211 3.8192819 2.3139471 3.2836216 3.0671137 2.5536880 2.4570606 0.7516942 2.7457233 5.2260849 3.4580080 3.1206696 3.0192196 3.5950897 2.9225774 3.6653109 4.0261101 3.9147308 3.8862221 4.1385122 4.1385122 3.2895196 2.4116248 4.0449098 3.1428195 1.4411679 1.4411679 3.2646053 5.2595665 3.4837641 
Beraby_Baby_sb343573                                   3.9860324 0.6605628 2.0081618 0.5734719 0.4113258 0.4198350 0.1348872 0.8133583 0.6714855 0.6888444 0.1914876 0.1851001 0.2523743 0.2436363 0.2961460 0.2813983 0.2041886 0.2107281 0.1232823 0.0889637 0.0519911 0.0020448 0.0000010 0.0000000 0.0054489 0.0147033 0.0233180 0.0254824 0.0070307 0.0390364 0.2993429 0.0838594 0.3988525 0.0481064 0.1124129 5.6527881 0.2932063 0.3433751 0.3548498 0.3231600 0.5379195 0.5709463 1.9338994 1.9127034 1.4901565 2.1827464 2.1010811 2.4815850 2.4392772 2.4897921 2.2283486 1.8944753 0.8672341 0.8672341 1.8188693 1.8046547 1.6278789 1.9317433 1.6806307 1.8008539 2.1458616 1.6232164 2.0847319 1.8154210 1.8632360 2.4144743 1.8711126 1.9178380 2.1093354 2.1093354 1.9820870 1.9136997 2.3818836 2.1845245 1.9957063 1.9542231 1.2691094 1.9931510 3.0126007 2.9433603 1.9358785 2.0834552 2.1838424 1.9879877 2.0315160 2.6497788 2.6035536 2.7059761 2.8909133 2.8909133 2.0731748 1.7031610 3.0922971 2.6159320 1.2373572 1.3112979 3.3738494 2.3893264 4.3497369 
Bolinf_Binf_sb1215697                                  3.0837392 0.3126340 2.7395925 0.5734719 0.5485208 0.5605456 0.1348872 0.8133583 0.6714855 0.6888444 0.2550296 0.2459282 0.2497387 0.2406295 0.2691375 0.2549131 0.2411852 0.2502691 0.1399079 0.1032986 0.1455230 0.0081923 0.0000010 0.0054489 0.0000000 0.0054489 0.0054489 0.0081923 0.0070307 0.0841689 0.3767020 0.1919143 0.5384661 1.1210923 0.0841689 0.0000010 0.3300177 0.3433751 0.3548498 0.3693652 0.5252166 0.4970952 2.5164423 0.9497378 1.5307433 2.9675383 2.7974226 3.4058838 3.3114678 3.3150681 3.4877210 2.6232316 0.9405336 0.9405336 2.4672413 2.3693021 1.9969244 2.6023597 1.1210923 2.4218114 2.9622379 2.1165018 3.0429756 2.4063256 2.4686270 3.5187661 2.5458135 2.4924814 3.2878217 3.2878217 3.2096157 2.0786145 2.9393771 2.4068564 2.4018135 2.2874782 0.9167045 2.6848090 3.8000870 3.3169574 2.6791664 3.0520418 3.3383054 2.7913999 2.7925786 3.4699068 3.3972106 3.5323577 3.7597811 3.7597811 3.0484970 2.1202704 3.5763866 3.1413587 1.0670994 1.1360632 3.3738494 2.5388281 4.4714156 
Beraby_Baby_sb343577                                   3.9332992 0.6985721 1.8515706 0.5734719 0.4113258 0.4198350 0.1348872 0.8133583 0.6714855 0.6888444 0.1851562 0.1788561 0.2523743 0.2436363 0.2961460 0.2813983 0.1897066 0.1793588 0.0424251 0.0889637 0.0627201 0.0168336 0.0000010 0.0147033 0.0054489 0.0000000 0.0020438 0.0040946 0.0070307 0.0327989 0.2816475 0.0713996 0.3598408 0.0468849 0.0643726 1.0332524 0.2891906 0.3433751 0.3548498 0.3185833 0.5252166 0.5232616 1.8331828 1.3583224 1.4901565 2.0416908 1.9612980 2.3184391 2.2794923 2.3215694 2.0633792 1.7559400 0.8672341 0.8672341 1.6873002 1.6695933 1.5178467 1.7586441 1.1572668 1.7072612 2.0331624 1.3903520 1.9998872 1.7318303 1.7665830 2.2928395 1.7397545 1.8208236 1.9082420 1.9082420 1.7607496 1.7827111 2.2430493 2.0241448 1.8822931 1.8434713 1.2691094 1.9206794 2.7386064 2.9433603 1.8704833 2.0039274 2.1222937 1.9485280 2.0315160 2.5131764 2.4678073 2.7059761 2.7324185 2.6854563 2.1130440 1.6519174 3.0922971 2.6159320 1.1945435 1.2654507 3.3738494 2.3893264 4.0656392 
Beraby_Baby_sb343576                                   3.9829263 0.6985721 1.7223650 0.5734719 0.4113258 0.4198350 0.1348872 0.8103281 0.6714855 0.6888444 0.1851562 0.1788561 0.2523743 0.2436363 0.2961460 0.2813983 0.1818126 0.1718010 0.0588662 0.0889637 0.0566650 0.0254824 0.0000010 0.0233180 0.0054489 0.0020438 0.0000000 0.0019941 0.0070307 0.0661421 0.2697875 0.0713996 0.3578063 0.0468849 0.1351784 0.3698568 0.2891906 0.3433751 0.3548498 0.3185833 0.5291521 0.5668655 1.6929815 1.0008998 1.4901565 1.9088823 1.8331468 2.1537636 2.1196376 2.1665297 1.9011335 1.6292378 0.8672341 0.8672341 1.5689524 1.5491989 1.5344334 1.6357135 0.8732842 1.5909592 1.9019154 1.1733979 1.8568698 1.6029500 1.6510131 2.1310342 1.5793096 1.7023798 1.7373958 1.7373958 1.5364690 1.6365431 2.0736929 1.8715913 1.7459719 1.7122043 1.2691094 1.7817625 2.7442253 2.9433603 1.7529782 1.8709670 1.9823084 1.8074234 2.0315160 2.3284226 2.2856935 2.7059761 2.4858646 2.4492079 2.0850727 1.7445219 3.0922971 2.6159320 1.2123580 1.2836444 3.3738494 2.3893264 3.5774246 
Beraby_Baby_sb343574                                   3.7787272 0.6985721 1.8142227 0.5715751 0.4157148 0.4282713 0.2985110 0.8245384 0.6810362 0.6997903 0.1897267 0.1816042 0.2560101 0.2473930 0.2995791 0.2876924 0.1844861 0.1767765 0.0588662 0.0889637 0.0566650 0.0226657 0.0000010 0.0254824 0.0081923 0.0040946 0.0019941 0.0000000 0.0000010 0.0661421 0.2811339 0.0713996 0.3615523 0.0468849 0.1351784 0.3698568 0.2931634 0.3482638 0.3688151 0.3324970 0.5435169 0.5764634 1.7074547 1.0008998 1.4901565 1.9737682 1.9110263 2.2161781 2.1820264 2.2290147 1.9311791 1.6159026 0.8672341 0.8672341 1.6258527 1.6113245 1.6075928 1.7140568 0.8732842 1.6472137 1.9064391 1.1733979 1.9144288 1.6765251 1.7021433 2.1865836 1.5975803 1.7354543 1.8594081 1.8594081 1.5364690 1.6430937 2.0406474 1.8436691 1.8224528 1.7668320 1.2761854 1.8459440 2.8044317 3.1093813 1.8231335 1.9405797 2.0731608 1.7786871 2.1098369 2.3772458 2.3355341 2.7956748 2.5619270 2.5256907 2.0931286 1.8005578 3.1778302 2.7586718 1.2266347 1.2643264 3.4283641 2.2860633 3.5227787 
Mertsp_Mesp_sb542527                                   2.2261804 0.9027456 4.1778658 1.2003433 0.6628286 0.6847245 0.2985110 0.7135403 0.7135403 0.7135403 0.3078606 0.2883575 0.3078606 0.2883575 0.3078606 0.2883575 0.2948151 0.3160163 1.6025908 1.6025908 0.0000010 0.0000010 0.0000010 0.0070307 0.0070307 0.0070307 0.0070307 0.0000010 0.0000000 0.0000010 0.5167252 0.6115172 0.7683989 0.0000010 0.0000010 0.0000010 0.4046799 0.4046799 0.4520625 0.5791520 0.5378837 0.5378837 1.9747884 0.0000010 0.0000010 3.6671419 3.5518107 4.5137351 4.3676298 3.9557912 2.7746390 2.4797963 0.0000010 0.0000010 2.9722072 3.1486639 2.8841976 2.8585536 0.0000010 3.4956224 3.4138946 0.0000010 4.1821273 3.7170348 2.9186064 3.3536269 3.9981848 2.7824352 7.7173391 7.7173391 0.0000010 2.0704045 2.8634922 1.6280496 2.6195527 2.8406995 2.3934886 3.3394676 2.6104471 3.9116214 2.6598316 4.1889370 4.2125339 3.0016411 2.3920608 3.8843625 3.8843625 4.8367793 4.8919928 4.8919928 3.3624873 2.2982274 3.8062539 8.7672901 0.7521477 0.7963302 3.7081656 1.7737495 4.6736397 
Coemet_Cmet_scaffold2540_01                            5.3679249 0.7767246 1.2833656 0.1013447 0.0244728 0.0244728 0.0000010 9.0000000 0.0000010 0.0000010 0.0261254 0.0261254 0.1037265 0.1037265 4.8504178 4.8504178 0.1898235 0.1898235 0.0470819 0.0451477 0.0265318 0.0390364 0.0492052 0.0390364 0.0841689 0.0327989 0.0661421 0.0661421 0.0000010 0.0000000 0.1895280 0.0261254 0.0129783 0.0740254 0.1064319 6.9295395 0.0482642 0.1175512 0.1175512 0.0482642 9.0000000 8.9999990 1.3404851 2.5199672 1.4074882 1.4108661 1.4094744 1.4538090 1.4538090 1.4106551 1.6173604 1.2362140 0.7364831 0.7364831 1.2077317 1.2549685 1.2551370 1.2835092 2.3950112 1.1352353 1.2268604 1.9647519 1.1152626 1.2407385 1.1263267 1.2313869 1.5713364 1.2079320 1.2261437 1.3110877 2.2075231 1.8029401 1.8772321 2.0367643 1.6076226 1.5490537 1.1829986 1.4199855 2.6255536 1.6016925 1.2514930 1.2581649 1.2661375 1.3029208 0.8512824 1.7050120 1.6959167 1.2778501 1.7980885 1.7980885 1.1412207 1.1511484 1.1981899 1.3703665 8.9501719 8.9501719 1.1432566 2.6684998 5.4435305 
Lampan_Lpan_8107_01                                    4.7676181 0.9055705 1.6759684 0.5423345 0.4163912 0.4377279 0.4060041 0.7998796 0.6730373 0.6659137 0.2515837 0.2437971 0.3454228 0.3388972 0.4389252 0.4343509 0.2396839 0.2687677 0.0646920 0.0984801 0.0734950 0.3104959 0.3977443 0.2993429 0.3767020 0.2816475 0.2697875 0.2811339 0.5167252 0.1895280 0.0000000 0.1153548 0.3434583 0.0582146 0.1715031 0.1416336 0.2349734 0.2801382 0.3004771 0.2704139 0.6699768 0.7321940 1.5910134 0.7147763 1.5182983 1.9054349 1.8845602 2.0217511 1.9925341 2.0659051 1.7658967 1.4924686 0.7768345 0.7768345 1.5015986 1.4911007 1.4658302 1.5085372 0.8313294 1.5167063 1.5995732 1.0669094 1.6813758 1.4839511 1.5009225 1.9133881 1.4364258 1.6442031 1.8046173 1.8205009 1.2561863 1.4658275 1.7674005 1.6773406 1.5953625 1.5658461 1.2252560 1.6760877 2.8207941 2.9596043 1.5578290 1.6280684 1.8622017 1.5666087 2.0785533 2.1818948 2.1338584 2.6120417 2.2618121 2.2682187 1.8143802 1.8182617 3.0546748 2.7516444 1.2986425 1.3837010 3.0565531 2.2469034 2.8627251 
Bolinf_Binf_sb1265938                                  4.1280979 0.4476965 1.1363821 0.3525765 0.1360990 0.1360990 0.0000010 3.1698323 1.7461528 1.7461528 0.0680589 0.0680589 0.2023574 0.2023574 1.9000143 1.9000143 0.0739104 0.0739104 0.0309553 0.0702333 0.0452909 0.0838594 0.1819130 0.0838594 0.1919143 0.0713996 0.0713996 0.0713996 0.6115172 0.0261254 0.1153548 0.0000000 0.1141186 0.0349064 0.0255310 0.0000010 0.1719896 0.3250210 0.3250210 0.1719896 3.9975697 2.0596648 1.2764845 1.2862195 1.4901565 1.2935163 1.3035427 1.3962606 1.3962606 1.3026872 1.3241965 1.0426021 0.8672341 0.8672341 1.0043752 0.9415389 0.9601075 1.1004864 1.1058123 1.0159820 1.2163545 1.3818880 1.0315928 1.0100336 1.0586315 1.2420108 1.3318774 1.0918970 1.2790417 1.2790417 1.7045370 1.4248099 1.7124326 1.8218100 1.3133872 1.3588255 1.1572138 1.1607288 2.2337668 1.9381786 1.0960109 1.1115576 1.2330525 1.2967312 1.0422223 1.4207672 1.3529207 1.4929081 1.5230303 1.5230303 1.1119191 1.0706299 1.7191065 1.8586186 4.0513901 4.0513901 1.4846363 2.7320987 3.9332812 
Vmul_sbMO468230                                        4.0169292 0.6482951 1.7916854 0.5125023 0.4027195 0.4070823 0.4385578 0.8079549 0.6678771 0.6930982 0.3590989 0.3553140 0.5140336 0.5083167 0.6425090 0.6318673 0.3460404 0.3496900 0.0291370 0.0706577 0.0387393 0.4028240 0.5387812 0.3988525 0.5384661 0.3598408 0.3578063 0.3615523 0.7683989 0.0129783 0.3434583 0.1141186 0.0000000 0.0231347 0.0652394 0.0788491 0.4450352 0.5448946 0.5514994 0.4565431 0.8710594 0.8138407 1.9016279 1.0048785 1.5139639 2.0530780 1.9595404 2.1089338 2.0737802 2.2538928 1.9288438 1.5849670 0.8689056 0.8689056 1.6157364 1.5961225 1.5025626 1.6860573 0.8716329 1.7213916 1.8402052 1.1912410 1.9193212 1.7132323 1.8151487 2.3502611 1.6198383 1.7992428 1.8487146 1.8487146 1.5273605 1.7295858 2.2266500 1.9717492 1.8264040 1.8319202 1.2297216 1.8699666 2.7249967 2.8869554 1.7081943 1.8506624 2.1178092 1.8729348 2.0201828 2.5739690 2.5609494 2.7962712 2.7731847 2.7731847 1.9839703 1.7227027 3.3520693 2.6561392 1.3818701 1.4789671 3.3042320 2.6736467 3.4644960 
Pbac_sb2655928                                         7.8705675 7.7985724 0.9587409 0.0000010 0.0000010 0.0000010 0.0000010 0.0000010 0.0000010 0.0000010 0.0349064 0.0349064 4.3450063 4.3450063 4.8504178 4.8504178 0.0703253 0.0703253 0.0231347 0.0944729 0.0116312 0.0481064 0.0000010 0.0481064 1.1210923 0.0468849 0.0468849 0.0468849 0.0000010 0.0740254 0.0582146 0.0349064 0.0231347 0.0000000 0.0000010 3.2211116 0.0000010 0.0000010 0.0000010 0.0000010 0.0000010 1.6121020 0.9627956 1.4761444 1.1868717 0.9435268 0.9732005 1.0462278 1.0462278 1.0515639 0.9753783 0.9753783 0.0000010 0.0000010 0.9521564 1.0000398 1.0024285 1.0817313 1.3249118 0.8458860 0.8978048 1.3379572 0.7371581 0.8985823 0.8291855 0.8198407 1.2687848 0.8855699 1.0363933 1.1147113 1.5593187 1.5593187 1.3912362 1.7215021 1.3957587 1.3595564 1.4805071 1.0308451 1.7969421 1.9829161 0.8613847 0.8846304 0.9209739 0.9804134 0.8558113 1.3506504 1.3506504 1.1724515 1.5068647 1.5068647 0.7937138 1.2233771 1.1883304 0.4912085 4.4237445 4.4237445 0.0000010 1.9098535 3.1447011 
Coemet_Cmet_scaffold2542_01                            5.0261012 0.7088284 1.2700938 0.1013447 0.0244728 0.0244728 0.0000010 9.0000000 0.0000010 0.0000010 0.0255310 0.0255310 0.1037265 0.1037265 4.8504178 4.8504178 0.1711324 0.1711324 0.0844975 0.0451477 0.0265318 0.1124129 0.0492052 0.1124129 0.0841689 0.0643726 0.1351784 0.1351784 0.0000010 0.1064319 0.1715031 0.0255310 0.0652394 0.0000010 0.0000000 4.9529038 0.0612108 0.1175512 0.1175512 0.0612108 9.0000000 7.9751738 1.3069891 2.1755422 1.4074882 1.3386609 1.3372775 1.3795068 1.3795068 1.3143968 1.5193719 1.1585863 0.7364831 0.7364831 1.1314935 1.1745910 1.1275761 1.2083709 2.2379679 1.0879940 1.1556415 1.7530241 1.0412582 1.1426884 1.0791932 1.1615350 1.4611456 1.1425772 1.3092474 1.3092474 2.1320783 1.7493804 1.8534007 2.0071378 1.5079299 1.4620807 1.1829986 1.3439282 2.4241921 1.6016925 1.1834141 1.1897950 1.2086106 1.2495346 0.8512824 1.6314745 1.6215471 1.2778501 1.6798755 1.6798755 0.9468710 1.1899519 1.1981899 1.3703665 7.4042708 7.4042708 1.1432566 2.6684998 5.2637924 
Horcal_Hcv1.av93.sca25.g1.i1                           7.2003591 3.2108596 0.3470601 0.0000010 0.0000010 0.0000010 0.0000010 0.0000010 0.0000010 0.0000010 0.0000010 0.0000010 0.0000010 0.0000010 0.0000010 0.0000010 0.1710175 0.3551285 0.2993134 0.0000010 9.0000000 5.6527881 0.0000010 5.6527881 0.0000010 1.0332524 0.3698568 0.3698568 0.0000010 6.9295395 0.1416336 0.0000010 0.0788491 3.2211116 4.9529038 0.0000000 0.0000010 0.0000010 0.0000010 0.0000010 1.9758516 2.5023130 0.4497058 0.4527789 0.0000010 0.4733564 0.4733564 0.4216822 0.4216822 0.3744758 0.4962773 0.4962773 0.0000010 0.0000010 0.4962773 0.4962773 1.0990992 0.5506574 0.6803795 0.4502206 0.4550647 0.5454116 0.5023292 0.4842489 0.3954259 0.4627486 0.6073198 0.4632323 0.3962084 0.6426805 0.5954441 0.5954441 0.7160708 0.7516166 0.6659245 0.6141078 0.0000010 0.8648740 4.0634720 0.0000010 0.7192218 0.6996926 0.8914567 0.7708747 0.0000010 0.3870549 0.3870549 0.0000010 0.4470146 0.3431592 0.7138191 4.7709745 0.0000010 0.0000010 3.6472825 3.6472825 0.0000010 0.0000010 1.2819202 
Mertsp_Mesp_sb582582                                   3.9453913 0.3469811 2.4408997 0.5063742 0.4526401 0.4578624 0.0913280 0.8525232 0.6998601 0.7097556 0.2582099 0.2543557 0.2780937 0.2738891 0.3629992 0.3553423 0.2846854 0.2886513 0.0817224 0.0822820 0.0468289 0.2972028 0.3424214 0.2932063 0.3300177 0.2891906 0.2891906 0.2931634 0.4046799 0.0482642 0.2349734 0.1719896 0.4450352 0.0000010 0.0612108 0.0000010 0.0000000 0.0000010 0.0028805 0.0027185 0.5458203 0.5008362 2.3320471 0.0000010 1.5557899 2.6757509 2.5461136 3.0178549 2.9483322 3.0138037 2.7394029 2.1012575 0.7768345 0.7768345 2.0186770 2.0548958 1.9250307 2.1814853 0.0000010 2.2275542 2.4940824 1.6080308 2.4455891 2.0819547 2.4140376 2.9987321 2.1229724 2.2524267 2.6610866 2.6610866 2.3978774 1.9946850 2.8569347 2.2635315 1.9636562 2.0558080 1.2361770 2.3132797 3.3070079 2.9689747 2.2752993 2.3963938 2.7028890 2.2025494 2.2900573 3.3711566 3.2882424 3.2960966 3.5166859 3.5166859 2.7245608 1.7853669 2.7753402 2.6893186 1.0520519 1.1303718 3.1396331 2.5467783 4.2925430 
Bolinf_Binf_sb1256209                                  3.5279302 0.2871653 3.0096420 0.5063742 0.5539300 0.5606460 0.0913280 0.8525232 0.6998601 0.7097556 0.3056484 0.3009443 0.3056484 0.3009443 0.3629992 0.3553423 0.3381321 0.3430153 0.1906301 0.1906301 0.1094866 0.3482638 0.3521098 0.3433751 0.3433751 0.3433751 0.3433751 0.3482638 0.4046799 0.1175512 0.2801382 0.3250210 0.5448946 0.0000010 0.1175512 0.0000010 0.0000010 0.0000000 0.0028805 0.0031982 0.5458203 0.5008362 2.7779737 0.0000010 2.0910530 3.2247092 3.0568772 3.7483060 3.6344146 3.6256570 4.1278287 2.8086185 1.1182406 1.1182406 2.6944811 2.6204365 2.3882453 2.8555010 0.0000010 2.7590100 2.9889553 0.0000010 2.9760463 2.4763464 3.0347537 3.8769209 2.7303151 2.6812438 3.7159304 3.7159304 3.8192819 2.4730285 3.3140886 2.7179211 2.2509295 2.4451772 0.9906781 2.8259413 3.7079377 3.0215373 2.7951266 2.9517419 3.6618157 2.8424160 2.9821312 4.0843788 3.9709300 3.8543719 4.2297320 4.2297320 3.3600805 2.3001188 3.4847077 3.8381338 0.9229440 0.9941275 3.2133316 2.7668689 3.7277112 
