71
Xesp_016078-T1                                                0.0000000 0.0000010 0.2998147 0.9673837 0.9550866 0.9533085 0.8829691 0.8377052 0.8890084 0.9903608 1.4536472 1.5945457 1.6444215 1.2960984 1.4588850 1.3797039 1.7891487 1.6912280 1.6912280 1.1980157 2.1262321 1.6395056 1.8737856 1.7477918 1.7066510 1.9848108 1.5210317 1.2411003 1.6734048 1.6754905 1.9817190 1.6329339 1.6329339 2.1672328 2.2700892 2.8982035 2.7479796 1.2344738 1.3454740 2.1619329 2.2261679 2.1074997 2.0382662 2.3526566 2.3526566 2.0900444 2.2821880 2.2821880 0.0000010 3.3111657 2.8122608 2.8122608 3.1054945 3.1611094 3.1611094 2.8980679 2.8980679 2.8980679 2.8980679 2.8980679 3.2202883 3.1672331 3.1672331 3.5444522 3.2889173 3.2889173 3.3543208 3.3652704 2.5595195 0.0000010 0.0000010 
Xesp_016079-T1                                                0.0000010 0.0000000 0.2316215 0.6816940 0.7143346 0.6938420 0.7338621 0.7536949 0.6821653 0.6012330 0.9905882 1.0100366 1.0951154 0.9472601 1.0509594 0.8773779 0.8384886 1.2666492 1.2666492 1.0562478 1.0157656 1.1625248 1.0883047 1.2067036 1.3357696 1.4343312 1.4939670 1.4845123 1.5399317 1.5834218 1.2591949 1.6927676 3.0112305 1.7952976 1.7183182 1.7459129 2.3131276 1.2872819 1.3436227 1.3531479 1.3881286 1.4550143 1.4983680 1.4490568 1.4490568 1.5031351 1.4311815 1.4311815 2.5387187 2.2717830 2.1520639 2.3602528 2.2088313 2.3366029 2.2905181 2.2892574 2.2892574 2.3449345 2.2494210 2.5766236 2.5376725 2.2013116 2.2736761 2.2814705 2.2694786 2.2850800 2.2459528 2.1815317 9.0000000 1.8144586 1.4348984 
Dgig_XM_028541873.1                                           0.2998147 0.2316215 0.0000000 0.8670672 0.8971345 0.8615779 0.9134502 0.9384469 0.8504791 0.7478122 1.3595366 1.3877461 1.3063407 1.2686585 1.3873033 1.2912828 1.3526413 1.6098229 1.6098229 1.1576647 1.4017981 1.4668048 1.6320876 1.5658659 1.4100338 1.4666536 1.8708207 1.5892049 1.8511042 2.0043604 1.4068441 1.7282534 1.9158802 2.1117223 2.0206541 2.1761691 2.4885078 1.4937189 1.5637294 1.7072531 1.8647440 1.6696402 1.6578510 1.6643785 1.6643785 1.6669640 1.6496047 1.6438567 2.4657609 2.4162425 2.3757640 2.5497824 2.2138379 2.3209195 2.2919956 2.4543617 2.4543617 2.4971095 2.4758379 2.5496921 2.3721038 2.4853022 2.4899315 2.5914443 2.4421085 2.4500853 2.3952371 2.9325370 2.5555979 1.7256322 1.4736113 
Fspp_ffun1.m4.5895.m1                                         0.9673837 0.6816940 0.8670672 0.0000000 0.1327684 0.2036680 0.1929143 0.1946394 0.2485363 0.5997234 1.1584596 1.0468059 1.0679708 0.9582167 1.0011230 1.0869824 1.0666060 1.2289389 1.2289389 1.0575025 1.2883002 1.1317776 1.4314631 1.3722993 1.4015041 1.4558306 1.5726253 1.3850447 1.5099736 1.6388701 1.1883279 1.5333701 1.7091118 1.8586801 1.7813281 1.9649844 2.2020111 1.3232812 1.2693576 1.5050267 1.6625850 1.4974026 1.4796370 1.5363241 1.5363241 1.4177362 1.4364123 1.4305658 2.2552684 2.2026085 2.3006755 2.2733032 2.0495883 2.2943066 2.2841793 2.1679335 2.1679335 2.2186900 2.1300229 2.1622802 2.2301249 2.1823958 2.2675648 2.2994633 2.1909135 2.1984596 2.3737340 2.5827603 2.2844261 2.1810467 1.8180483 
Gasp_gasp1.m3.420.m1                                          0.9550866 0.7143346 0.8971345 0.1327684 0.0000000 0.2294408 0.2195030 0.2270343 0.2789982 0.6319571 1.1860149 1.0742339 1.1330158 0.9687636 1.0024781 1.1169301 1.1094640 1.2218570 1.2218570 1.0760509 1.2990342 1.1296631 1.3646811 1.3712240 1.4202490 1.4443945 1.6762039 1.4559378 1.5192224 1.6888451 1.1665391 1.5175388 1.7137252 1.9072670 1.8024997 2.0076213 2.2590609 1.3484533 1.3047997 1.5663565 1.7371048 1.4930220 1.5012768 1.5490867 1.5490867 1.4513805 1.4454331 1.4464721 2.2086514 2.2251177 2.3695280 2.2946446 2.0345856 2.2478782 2.2217915 2.1898648 2.1898648 2.2154395 2.1093890 2.1808527 2.3065031 2.1644876 2.2672516 2.2965602 2.1893339 2.1969323 2.3030259 2.6666518 2.3339269 2.2059610 1.7394030 
Gfas_gfas1.m1.16414.m1                                        0.9533085 0.6938420 0.8615779 0.2036680 0.2294408 0.0000000 0.2111250 0.2210621 0.2097590 0.6115103 1.1584725 1.0296398 1.0807789 0.9788003 0.9795911 1.0991867 1.0602317 1.2205475 1.2205475 1.0410877 1.2696950 1.1002853 1.3683287 1.3414232 1.3425087 1.3593590 1.5850713 1.3682858 1.4885004 1.6181931 1.2825255 1.5815977 1.7466516 1.7643664 1.6860693 1.9032447 2.0087194 1.3391494 1.2729256 1.4466872 1.6875803 1.5241078 1.5007217 1.5340021 1.5340021 1.4338929 1.4579264 1.4520384 2.3109064 2.1960289 2.2604533 2.2913993 1.9652896 2.2505801 2.2195584 2.1818136 2.1818136 2.2303046 2.1448126 2.1802080 2.1874601 2.2217110 2.3025059 2.3227427 2.2066525 2.2141668 2.3155067 2.5271461 2.2596864 1.9649270 1.7661051 
Spis_XP_022807555_1                                           0.8829691 0.7338621 0.9134502 0.1929143 0.2195030 0.2111250 0.0000000 0.0646493 0.2807706 0.6026632 1.1751561 1.0374262 1.1190891 0.9848910 1.0334711 1.1263303 1.1000171 1.2253381 1.2253381 1.0523541 1.3248625 1.0907441 1.3734218 1.2989598 1.3984670 1.4128534 1.6164111 1.3859922 1.4736454 1.5783047 1.1470022 1.5725486 1.7891543 1.8687423 1.7106055 1.9816492 2.1510413 1.3497848 1.2643918 1.5168869 1.7092921 1.4392801 1.4408427 1.4740606 1.4740606 1.3740488 1.4069148 1.4005275 2.4057493 2.1921484 2.2282245 2.2463847 1.9820373 2.2939755 2.2624477 2.1618356 2.1618356 2.1992930 2.1236457 2.1756885 2.2308761 2.2029359 2.2733718 2.3185773 2.2047065 2.2123290 2.3365173 2.5784776 2.3315876 1.8964856 1.7417803 
Pocdam_XM_027204688.1                                         0.8377052 0.7536949 0.9384469 0.1946394 0.2270343 0.2210621 0.0646493 0.0000000 0.2835517 0.5762840 1.2081135 1.0301195 1.1253684 0.9925121 1.0416237 1.1423159 1.0907404 1.2366170 1.2366170 1.0496262 1.3398718 1.1150421 1.4125815 1.3487167 1.4665801 1.4362351 1.6077852 1.4365332 1.4858929 1.6117357 1.2051117 1.5986006 1.8140320 1.8973684 1.7825446 2.0329694 2.1886489 1.3149276 1.2578277 1.5435664 1.7166965 1.4359057 1.4478091 1.4650462 1.4650462 1.3764641 1.4046447 1.4003754 2.5402112 2.2726901 2.2617608 2.3025397 2.0699404 2.3290825 2.2848408 2.1933499 2.1933499 2.2393271 2.1563058 2.1707015 2.1824564 2.2368311 2.3148225 2.3796628 2.2910663 2.2987562 2.3904174 2.6333841 2.3978551 1.9591629 1.8244371 
Adig_XM_015920934.1                                           0.8890084 0.6821653 0.8504791 0.2485363 0.2789982 0.2097590 0.2807706 0.2835517 0.0000000 0.5803043 1.2404926 1.0807060 1.0904210 0.9515230 1.0633753 1.1335740 1.0937554 1.2482348 1.2482348 1.0378804 1.2864892 1.1234211 1.4536970 1.3760843 1.3550567 1.3442878 1.6489643 1.3835224 1.4979219 1.6083660 1.1300623 1.4603274 1.6212138 1.6991333 1.6679477 1.8266137 2.0301902 1.3756024 1.2913255 1.4775719 1.7457873 1.5635669 1.5527486 1.5854929 1.5854929 1.4942489 1.5117749 1.5079246 2.3376805 2.3469463 2.4127817 2.4099361 2.1026555 2.3563388 2.3021414 2.2652387 2.2652387 2.3238393 2.2254884 2.2889438 2.3257464 2.2597956 2.3430905 2.3796932 2.3014067 2.3089861 2.4248724 2.5936507 2.2006802 2.0037148 1.7421401 
Nvec_v1g160815                                                0.9903608 0.6012330 0.7478122 0.5997234 0.6319571 0.6115103 0.6026632 0.5762840 0.5803043 0.0000000 1.1279978 1.0315876 1.0962969 1.0202086 1.0940848 1.1004744 1.1434716 1.2718902 1.2718902 0.9663162 1.1128161 1.1238125 1.2896719 1.2956854 1.4263239 1.4371710 1.7119264 1.4061723 1.5078354 1.6527112 1.1858687 1.5812691 1.7769679 1.9255978 1.7544178 1.9848061 2.1698752 1.3062156 1.1859579 1.4261768 1.5877110 1.5558110 1.5584513 1.5783218 1.5783218 1.5801011 1.5295382 1.5154325 2.2137901 2.1073496 2.1049503 2.1637004 1.9724269 2.1425296 2.1132613 2.0987813 2.0987813 2.1455316 2.0503721 2.1669174 2.2546437 2.0460044 2.1381436 2.1613928 2.1096418 2.1170393 2.1862368 2.5306707 2.2902602 1.7107224 1.5396243 
Cgig_XM_034443965.1                                           1.4536472 0.9905882 1.3595366 1.1584596 1.1860149 1.1584725 1.1751561 1.2081135 1.2404926 1.1279978 0.0000000 0.5694215 0.6426057 0.7450331 0.7100659 0.7125660 0.8829722 0.9194324 0.9194324 1.1971633 1.4488530 1.3612776 1.4673908 1.4849812 1.5009171 1.4654010 1.9113070 1.5700168 1.6945743 1.8921371 1.3563885 1.6187052 1.7627075 1.9947791 1.9144963 2.0351452 2.0736663 1.5286031 1.6164991 1.2154862 1.5155034 1.5957439 1.6381613 1.5929758 1.5929758 1.4587536 1.5813560 1.5930871 2.1253621 2.2041981 2.1554067 2.2893277 1.8975773 2.0808685 2.0366812 2.2220354 2.2220354 2.2848705 2.2114268 2.4071554 2.2830532 2.1889565 2.2579339 2.2076422 2.1584323 2.1655521 2.1528274 2.6218310 2.4424860 1.6388542 1.4200829 
Acagra_model.g10262.t1                                        1.5945457 1.0100366 1.3877461 1.0468059 1.0742339 1.0296398 1.0374262 1.0301195 1.0807060 1.0315876 0.5694215 0.0000000 0.5613449 0.6096950 0.6112208 0.6180203 0.8026724 0.9277842 0.9277842 1.1986217 1.4715759 1.2993486 1.3842020 1.3713730 1.5456784 1.5387893 1.8767388 1.5133479 1.6532417 1.8012102 1.3722194 1.7748449 1.9672341 1.9333299 1.8352166 2.0100746 2.0418395 1.6469686 1.5487308 1.0789883 1.4451157 1.5690702 1.6148161 1.5864878 1.5864878 1.4372230 1.5829732 1.5809007 2.0684646 2.2464747 2.1686771 2.2482601 1.8395077 2.0680385 2.0222835 2.1780553 2.1780553 2.2518225 2.1560942 2.2463079 2.0569177 2.2076478 2.2858201 2.2593311 2.2371382 2.2314526 2.1365789 2.6797097 2.6300147 1.7649158 1.5922140 
Ctel_gnl_WGS_AMQN_CAPTEDRAFT_mRNA44731                        1.6444215 1.0951154 1.3063407 1.0679708 1.1330158 1.0807789 1.1190891 1.1253684 1.0904210 1.0962969 0.6426057 0.5613449 0.0000000 0.6792766 0.6604380 0.6408722 0.7653659 0.9888937 0.9888937 1.2269225 1.4892221 1.4408698 1.4157109 1.4255225 1.4925839 1.6165050 1.8739863 1.7239368 1.6486943 1.7538186 1.4906046 1.6977334 1.8270779 1.8136036 1.7699113 1.8656795 1.9939878 1.4261151 1.4379034 1.0695471 1.1281928 1.6574788 1.6669186 1.6390941 1.6390941 1.5419749 1.6117843 1.6203634 2.1005458 2.4446485 2.4284063 2.5465738 2.2101448 2.3034292 2.2812826 2.4139410 2.4139410 2.5005732 2.3410867 2.5770048 2.3270482 2.3254915 2.4825588 2.4208311 2.4468510 2.4127830 2.4688287 2.6252018 2.2681052 1.7200357 1.5860437 
Skow_XM_002735079.2                                           1.2960984 0.9472601 1.2686585 0.9582167 0.9687636 0.9788003 0.9848910 0.9925121 0.9515230 1.0202086 0.7450331 0.6096950 0.6792766 0.0000000 0.6312541 0.6598082 0.8027518 0.8539672 0.8539672 1.2304885 1.4469768 1.3277115 1.4723874 1.5186868 1.5000615 1.5463988 1.8641101 1.4747924 1.7108131 1.8092710 1.3085379 1.7134773 1.9771009 1.9339388 1.8878041 1.9893490 2.2591522 1.5537503 1.4889584 1.1675447 1.4856269 1.6195062 1.6910979 1.6083456 1.6083456 1.5112422 1.5773390 1.5665635 2.0714094 2.3301646 2.3587377 2.3871059 2.1362246 2.2818929 2.2394548 2.3238358 2.3238358 2.3717321 2.3050410 2.4848948 2.4574147 2.3222697 2.3847275 2.3618358 2.3919362 2.3996668 2.3874099 2.9109935 2.6946387 1.5882183 1.5026008 
Bralan_BLAG06000875_1                                         1.4588850 1.0509594 1.3873033 1.0011230 1.0024781 0.9795911 1.0334711 1.0416237 1.0633753 1.0940848 0.7100659 0.6112208 0.6604380 0.6312541 0.0000000 0.6572994 0.7013973 0.8266753 0.8266753 1.2765336 1.4950781 1.2991829 1.5257816 1.5239245 1.2563231 1.3543683 1.7578366 1.3745625 1.6159318 1.6674839 1.2442933 1.4927385 1.6229062 1.8211713 1.7765468 1.8532088 1.9579656 1.7460596 1.5780480 1.2754448 1.5247439 1.6131277 1.6334987 1.5899515 1.5899515 1.4905860 1.4697428 1.4667316 2.1679699 2.2915525 2.1150855 2.3391198 1.8378910 2.1238868 2.0875313 2.2720352 2.2720352 2.3031993 2.2144350 2.2643729 1.9575441 2.2830818 2.3569026 2.3425169 2.3295350 2.3368005 2.1859297 2.5345444 2.3020766 1.7097200 1.6512857 
Cscu_XM_023353849.1                                           1.3797039 0.8773779 1.2912828 1.0869824 1.1169301 1.0991867 1.1263303 1.1423159 1.1335740 1.1004744 0.7125660 0.6180203 0.6408722 0.6598082 0.6572994 0.0000000 0.9155474 1.0024718 1.0024718 1.3451717 1.4166118 1.4091198 1.5606352 1.6047981 1.3906798 1.4774576 1.8313542 1.5489123 1.7887375 1.8891569 1.2945660 1.7899138 2.0668259 1.8967019 1.8593385 2.0168480 2.0987187 1.8400915 1.7388243 1.1428148 1.4449052 1.5623049 1.6574591 1.5283375 1.5283375 1.4839442 1.5738334 1.5747232 1.7898276 2.2061327 2.1120116 2.2891929 1.7642170 2.0156391 1.9760920 2.2525627 2.2525627 2.2890435 2.2349695 2.4134811 2.0602408 2.2819051 2.3131530 2.2519001 2.2717751 2.2795601 2.1334286 2.7370589 2.7196425 1.5573519 1.4623730 
Hsap_ENST00000313871                                          1.7891487 0.8384886 1.3526413 1.0666060 1.1094640 1.0602317 1.1000171 1.0907404 1.0937554 1.1434716 0.8829722 0.8026724 0.7653659 0.8027518 0.7013973 0.9155474 0.0000000 1.0983305 1.0983305 1.3267880 1.6544502 1.4453965 1.7393465 1.7127270 1.3983496 1.4664635 1.9127433 1.7865862 1.9505034 2.0023037 1.2244102 1.7010441 2.0445265 2.1488144 1.9833738 2.0961271 2.3845436 1.7152890 1.6431915 1.4624203 1.4534757 1.7526760 1.7872437 1.7007274 1.7007274 1.6518272 1.6807219 1.6658721 2.1595278 2.4982299 2.1681188 2.4920252 1.9418132 2.1367384 2.0815400 2.3453694 2.3453694 2.4030151 2.3251890 2.4966244 2.0785298 2.4676610 2.4958194 2.5057002 2.5221612 2.5297234 2.2028785 2.6740186 2.7445821 1.6187783 1.5716205 
Spur_XM_030980421.1                                           1.6912280 1.2666492 1.6098229 1.2289389 1.2218570 1.2205475 1.2253381 1.2366170 1.2482348 1.2718902 0.9194324 0.9277842 0.9888937 0.8539672 0.8266753 1.0024718 1.0983305 0.0000000 0.0000010 1.5328771 1.6108985 1.4407167 1.6408620 1.5884244 1.6739770 1.7236891 1.8572000 1.7383115 1.9673845 2.0911611 1.3123709 1.8700759 2.1923424 2.1851524 2.0195939 2.1811098 2.3746968 1.7780421 1.6881844 1.3829004 1.7313244 1.7239686 1.7756776 1.7835152 1.7835152 1.6709143 1.7293645 1.7020145 1.8257782 2.4043876 2.6305260 2.5006820 2.2252931 2.3224418 2.2807376 2.5083969 2.5083969 2.4661127 2.4224355 2.8416149 2.8078160 2.4507035 2.4892726 2.4803758 2.4638169 2.4718764 2.3399507 3.2781651 2.6886619 1.9290566 1.8199676 
Spur_XM_776098.5                                              1.6912280 1.2666492 1.6098229 1.2289389 1.2218570 1.2205475 1.2253381 1.2366170 1.2482348 1.2718902 0.9194324 0.9277842 0.9888937 0.8539672 0.8266753 1.0024718 1.0983305 0.0000010 0.0000000 1.5328771 1.6108985 1.4407167 1.6408620 1.5884244 1.6739770 1.7236891 1.8572000 1.7383115 1.9673845 2.0911611 1.3123709 1.8700759 2.1923424 2.1851524 2.0195939 2.1811098 2.3746968 1.7780421 1.6881844 1.3829004 1.7313244 1.7239686 1.7756776 1.7835152 1.7835152 1.6709143 1.7293645 1.7020145 1.8257782 2.4043876 2.6305260 2.5006820 2.2252931 2.3224418 2.2807376 2.5083969 2.5083969 2.4661127 2.4224355 2.8416149 2.8078160 2.4507035 2.4892726 2.4803758 2.4638169 2.4718764 2.3399507 3.2781651 2.6886619 1.9290566 1.8199676 
Morvir_scaffold563.g7.t1                                      1.1980157 1.0562478 1.1576647 1.0575025 1.0760509 1.0410877 1.0523541 1.0496262 1.0378804 0.9663162 1.1971633 1.1986217 1.2269225 1.2304885 1.2765336 1.3451717 1.3267880 1.5328771 1.5328771 0.0000000 1.3291081 1.2710329 1.2902523 1.2588878 1.5162935 1.6498198 2.0388967 1.7189870 1.7566370 1.9287820 1.9217058 1.9696634 2.0442496 2.0693275 2.0174439 2.1121491 2.1788391 1.2129786 1.2763896 1.6006069 1.8088309 1.9156600 1.9578913 1.9465546 1.9465546 1.8541542 1.9171092 1.9067872 2.7525225 2.2003505 2.1609181 2.2576142 1.9316067 2.1766346 2.1766346 2.2134094 2.2134094 2.2313573 2.2273969 2.3316898 2.3023672 2.2623772 2.2656673 2.1507046 2.1042531 2.1042531 2.2415433 2.4972396 2.3932439 1.9523053 1.7409451 
Sanmal_Sma_010742-T1                                          2.1262321 1.0157656 1.4017981 1.2883002 1.2990342 1.2696950 1.3248625 1.3398718 1.2864892 1.1128161 1.4488530 1.4715759 1.4892221 1.4469768 1.4950781 1.4166118 1.6544502 1.6108985 1.6108985 1.3291081 0.0000000 0.8542129 0.9669030 0.9772919 1.6940730 1.6983036 2.0979017 1.8062956 1.8753955 2.0055693 1.3741322 2.2542281 2.8819451 2.3116160 2.2691026 2.3596570 2.7276112 1.6609017 1.4220356 1.7837414 2.0404304 1.8214705 1.8985402 1.7789448 1.7789448 1.8253627 1.8119718 1.8039601 2.4128669 2.4729799 2.6569293 2.6217644 2.2139200 2.4245804 2.4880348 2.5538908 2.5538908 2.5372656 2.5057946 2.7336107 2.6043793 2.5188632 2.5615268 2.5630448 2.5103087 2.5463628 2.4247067 3.0239666 3.3581778 2.0383111 1.7014782 
Aaur_scaffold354.g16.t1                                       1.6395056 1.1625248 1.4668048 1.1317776 1.1296631 1.1002853 1.0907441 1.1150421 1.1234211 1.1238125 1.3612776 1.2993486 1.4408698 1.3277115 1.2991829 1.4091198 1.4453965 1.4407167 1.4407167 1.2710329 0.8542129 0.0000000 0.7953069 0.7337696 1.5657000 1.5356277 1.8546206 1.5991044 1.7768900 1.8319274 1.4188903 2.1111735 2.5730304 2.1327682 2.1096144 2.3284869 2.6829024 1.5410318 1.3615228 1.5692761 1.8520107 1.6581390 1.7068833 1.6125230 1.6125230 1.6295238 1.7384561 1.7311234 2.6133323 2.4361289 2.4623117 2.5309678 2.2059861 2.2811957 2.3262994 2.5062229 2.5062229 2.5106298 2.4620136 2.5817520 2.3681215 2.4362463 2.4861643 2.4188188 2.4092770 2.4440172 2.4782819 2.8017626 3.4143791 2.1511366 1.8656607 
Nemnom_g16464.t1                                              1.8737856 1.0883047 1.6320876 1.4314631 1.3646811 1.3683287 1.3734218 1.4125815 1.4536970 1.2896719 1.4673908 1.3842020 1.4157109 1.4723874 1.5257816 1.5606352 1.7393465 1.6408620 1.6408620 1.2902523 0.9669030 0.7953069 0.0000000 0.3031746 1.8322591 2.0190129 2.1802789 1.9477679 1.9129659 2.1257099 1.3869530 2.2127228 2.7615417 2.4824406 2.3998456 2.4735780 2.9091012 1.8125298 1.5052121 1.7921598 2.0762713 1.9042207 1.9833493 1.9246632 1.9246632 1.8260641 1.9245015 1.9214577 2.6054196 2.5029137 2.4795989 2.4738464 2.2728560 2.4298999 2.4579551 2.4154248 2.4154248 2.4340462 2.3573722 2.4607292 2.4911153 2.3990209 2.4960949 2.4876034 2.4206563 2.4224719 2.5224311 2.9305296 3.4210354 2.0875249 1.8167912 
Rhoesc_Res_000261-T1                                          1.7477918 1.2067036 1.5658659 1.3722993 1.3712240 1.3414232 1.2989598 1.3487167 1.3760843 1.2956854 1.4849812 1.3713730 1.4255225 1.5186868 1.5239245 1.6047981 1.7127270 1.5884244 1.5884244 1.2588878 0.9772919 0.7337696 0.3031746 0.0000000 1.8513852 1.9588114 2.1089047 1.7678180 1.9123468 2.0952901 1.5570949 2.2011810 2.6480102 2.3520236 2.2523813 2.4017283 2.7545093 1.7955662 1.5452150 1.7505987 2.0974035 1.9026951 1.9440339 1.8466052 1.8466052 1.8121088 1.9223117 1.9142336 2.7541910 2.5039091 2.6237429 2.5127489 2.3713535 2.4958841 2.5379977 2.4622769 2.4622769 2.4582321 2.4046393 2.5162338 2.4648213 2.3975740 2.4733948 2.5244293 2.4767821 2.4785914 2.5531182 2.9513517 3.4752070 2.2432932 1.9088743 
Xestes_snap_masked-XT_scaffold11176-processed-gene-0.1-mRNA-1 1.7066510 1.3357696 1.4100338 1.4015041 1.4202490 1.3425087 1.3984670 1.4665801 1.3550567 1.4263239 1.5009171 1.5456784 1.4925839 1.5000615 1.2563231 1.3906798 1.3983496 1.6739770 1.6739770 1.5162935 1.6940730 1.5657000 1.8322591 1.8513852 0.0000000 0.3034955 0.8121387 0.6785380 0.8381106 0.8131241 1.2511517 1.4072216 1.6643257 1.2748109 1.2663131 1.3274933 1.3274187 1.7768272 1.6752873 1.7637406 1.8470588 1.7815892 1.8021023 1.7974381 1.7974381 1.6774447 1.7529290 1.7547219 2.9531001 2.2799713 2.0248663 2.2800302 1.9464431 2.2577925 2.1921505 2.1537683 2.1537683 2.3373424 2.2123716 2.0371646 2.0191966 2.2201072 2.3321218 2.2341069 2.2506006 2.2506006 2.3131316 1.9572662 1.8746696 0.3317166 0.4078304 
Halamb_c3420_g1_i1m.549                                       1.9848108 1.4343312 1.4666536 1.4558306 1.4443945 1.3593590 1.4128534 1.4362351 1.3442878 1.4371710 1.4654010 1.5387893 1.6165050 1.5463988 1.3543683 1.4774576 1.4664635 1.7236891 1.7236891 1.6498198 1.6983036 1.5356277 2.0190129 1.9588114 0.3034955 0.0000000 0.7785724 0.7484140 0.8664624 0.8431793 1.3204080 1.4803077 1.7495067 1.3348584 1.3213870 1.3657302 1.3802563 1.7285505 1.7067458 1.7801236 1.9413483 1.8469924 1.8464854 1.8541567 1.8541567 1.7374770 1.8732907 1.8608740 2.7722023 1.9801866 1.8494362 2.0612892 1.7974896 2.0542655 2.0147028 1.9494499 1.9494499 2.0794048 1.9727551 1.7298250 1.7298250 1.9609263 2.0575268 2.0530005 2.0671262 2.0671262 2.1369914 1.6118061 1.6591854 0.2409047 0.3100172 
Tetwil_g3499.t1                                               1.5210317 1.4939670 1.8708207 1.5726253 1.6762039 1.5850713 1.6164111 1.6077852 1.6489643 1.7119264 1.9113070 1.8767388 1.8739863 1.8641101 1.7578366 1.8313542 1.9127433 1.8572000 1.8572000 2.0388967 2.0979017 1.8546206 2.1802789 2.1089047 0.8121387 0.7785724 0.0000000 0.5646192 0.8381153 0.8297691 1.2396456 1.6315596 2.0439744 1.4762046 1.4928719 1.5599271 1.9289117 1.9988986 2.0050442 2.1807205 2.1886603 1.7849652 1.7516809 1.7688524 1.7688524 1.7819774 1.8642431 1.8829112 2.0560932 2.4116225 2.0563816 2.3996260 1.8895875 2.0784230 2.0183335 2.2585223 2.2585223 2.4256873 2.3409731 2.5210327 2.0906998 2.3454240 2.4195290 2.3823825 2.3814573 2.3814573 2.1982549 2.6338812 2.5144904 0.7391146 0.7747095 
Stycar_maker-SC_scaffold3235-augustus-gene-0.42-mRNA-1        1.2411003 1.4845123 1.5892049 1.3850447 1.4559378 1.3682858 1.3859922 1.4365332 1.3835224 1.4061723 1.5700168 1.5133479 1.7239368 1.4747924 1.3745625 1.5489123 1.7865862 1.7383115 1.7383115 1.7189870 1.8062956 1.5991044 1.9477679 1.7678180 0.6785380 0.7484140 0.5646192 0.0000000 0.7099544 0.7039622 1.1472723 1.4580095 1.7279911 1.4457747 1.4302963 1.5780123 1.7903565 1.8769944 1.9622001 1.8668490 2.1629809 1.6180828 1.5983199 1.5446870 1.5446870 1.6066407 1.6869866 1.6815542 2.2324458 2.2596717 1.9813966 2.2975335 1.8923954 2.1298040 2.0579356 2.1513077 2.1513077 2.3155384 2.1763796 2.1954850 1.9342505 2.1932606 2.3230646 2.2952315 2.3256498 2.3292419 2.3978590 2.5716982 2.4892617 0.7223180 0.7107893 
Emue_Em0022g347a.t1                                           1.6734048 1.5399317 1.8511042 1.5099736 1.5192224 1.4885004 1.4736454 1.4858929 1.4979219 1.5078354 1.6945743 1.6532417 1.6486943 1.7108131 1.6159318 1.7887375 1.9505034 1.9673845 1.9673845 1.7566370 1.8753955 1.7768900 1.9129659 1.9123468 0.8381106 0.8664624 0.8381153 0.7099544 0.0000000 0.1896445 1.1159490 1.5710585 1.9725245 1.6119205 1.6308090 1.7158330 2.0764947 1.9354455 1.7617019 2.1676233 2.1447334 1.9439636 1.9122337 1.8421225 1.8421225 1.7848655 1.9312071 1.9246329 2.3011899 2.5365628 2.1805590 2.6313385 1.9487706 2.3158643 2.2360526 2.5052127 2.5052127 2.6679006 2.5303253 2.7650738 2.2762906 2.5105142 2.6314316 2.5873793 2.5754980 2.5699506 2.5064736 2.7815812 2.5852710 0.9494742 0.9306469 
Spolac_c102220_g3_i1_m.28397c102220-g3                        1.6754905 1.5834218 2.0043604 1.6388701 1.6888451 1.6181931 1.5783047 1.6117357 1.6083660 1.6527112 1.8921371 1.8012102 1.7538186 1.8092710 1.6674839 1.8891569 2.0023037 2.0911611 2.0911611 1.9287820 2.0055693 1.8319274 2.1257099 2.0952901 0.8131241 0.8431793 0.8297691 0.7039622 0.1896445 0.0000000 1.1874669 1.7401818 2.2154335 1.7294532 1.6468843 1.7853029 2.0735231 2.0024201 1.9643879 2.2828751 2.4732636 2.0176013 1.9844409 1.9403621 1.9403621 1.8498383 2.0131241 2.0153100 2.6079243 2.7246109 2.3539212 2.8364638 2.1133319 2.3865538 2.3119949 2.6793825 2.6793825 2.8590468 2.7766747 2.8969832 2.3267978 2.7530966 2.8198523 2.6947299 2.7391714 2.7334405 2.6398223 2.9613511 2.7364291 0.9769133 0.9576937 
Ocar_g5306                                                    1.9817190 1.2591949 1.4068441 1.1883279 1.1665391 1.2825255 1.1470022 1.2051117 1.1300623 1.1858687 1.3563885 1.3722194 1.4906046 1.3085379 1.2442933 1.2945660 1.2244102 1.3123709 1.3123709 1.9217058 1.3741322 1.4188903 1.3869530 1.5570949 1.2511517 1.3204080 1.2396456 1.1472723 1.1159490 1.1874669 0.0000000 0.0236080 1.4471050 0.8010342 0.8351048 0.9457097 1.2803209 1.9769084 1.3190706 1.7065321 1.5619801 1.5951826 1.5573340 1.6171814 1.6171814 1.4654054 1.5829395 1.5829395 2.5295022 2.7579063 2.7337778 2.9414093 3.2255795 2.9036902 2.8386860 2.8631543 2.8631543 2.9970439 2.8924978 2.2070370 2.2070370 2.9318963 2.9892919 2.7787710 2.9517607 2.9517607 2.9650306 5.2718912 1.3258443 1.4717132 1.5232448 
Opea_EP00118_Oscarella_pearsei_P003495                        1.6329339 1.6927676 1.7282534 1.5333701 1.5175388 1.5815977 1.5725486 1.5986006 1.4603274 1.5812691 1.6187052 1.7748449 1.6977334 1.7134773 1.4927385 1.7899138 1.7010441 1.8700759 1.8700759 1.9696634 2.2542281 2.1111735 2.2127228 2.2011810 1.4072216 1.4803077 1.6315596 1.4580095 1.5710585 1.7401818 0.0236080 0.0000000 0.0000010 1.5284401 1.4776375 1.5948313 1.9183303 2.3215693 2.2677570 2.2221494 2.3908478 2.0953480 2.0360699 2.0771759 2.0771759 1.9351642 1.9872916 2.0027804 2.5295022 2.7031356 2.6696374 2.6945474 2.6558220 2.7124416 2.6735572 2.5679569 2.5679569 2.6310810 2.5688849 2.5720342 2.6909724 2.6184142 2.6679209 2.7079557 2.7523096 2.7554005 2.8354893 3.3526561 2.4051481 1.4871802 1.5640860 
Ocar_g5305                                                    1.6329339 3.0112305 1.9158802 1.7091118 1.7137252 1.7466516 1.7891543 1.8140320 1.6212138 1.7769679 1.7627075 1.9672341 1.8270779 1.9771009 1.6229062 2.0668259 2.0445265 2.1923424 2.1923424 2.0442496 2.8819451 2.5730304 2.7615417 2.6480102 1.6643257 1.7495067 2.0439744 1.7279911 1.9725245 2.2154335 1.4471050 0.0000010 0.0000000 2.0608815 1.9164986 2.0406991 2.0013209 2.3944564 2.8574464 2.5324427 2.9051314 2.3787708 2.2863806 2.3470164 2.3470164 2.1692530 2.1974432 2.2229666 0.0000010 2.7288068 2.8195010 2.6895214 2.5970229 2.7141025 2.7141025 2.5541551 2.5541551 2.5754373 2.5754373 2.5774356 2.7031250 2.6142572 2.6142572 2.7086668 2.7512611 2.7512611 2.9371134 3.3945555 2.4051481 0.0000010 3.0097167 
Lcom_lcpid62606                                               2.1672328 1.7952976 2.1117223 1.8586801 1.9072670 1.7643664 1.8687423 1.8973684 1.6991333 1.9255978 1.9947791 1.9333299 1.8136036 1.9339388 1.8211713 1.8967019 2.1488144 2.1851524 2.1851524 2.0693275 2.3116160 2.1327682 2.4824406 2.3520236 1.2748109 1.3348584 1.4762046 1.4457747 1.6119205 1.7294532 0.8010342 1.5284401 2.0608815 0.0000000 0.4686840 0.4438889 0.5257554 2.5184427 2.3640996 2.3185051 2.4874214 2.0980501 2.0401583 2.0082002 2.0082002 2.0521598 2.0844429 2.0715265 2.2937989 2.5513806 2.4073618 2.6282868 2.3079416 2.3362122 2.2733607 2.5301937 2.5301937 2.5184605 2.4899828 2.7513471 2.5448069 2.6694182 2.6731601 2.5675592 2.5504650 2.5504650 2.5278369 3.0174510 1.9103659 1.3056510 1.3101515 
Gracom_Gcom_scaffold14406_01                                  2.2700892 1.7183182 2.0206541 1.7813281 1.8024997 1.6860693 1.7106055 1.7825446 1.6679477 1.7544178 1.9144963 1.8352166 1.7699113 1.8878041 1.7765468 1.8593385 1.9833738 2.0195939 2.0195939 2.0174439 2.2691026 2.1096144 2.3998456 2.2523813 1.2663131 1.3213870 1.4928719 1.4302963 1.6308090 1.6468843 0.8351048 1.4776375 1.9164986 0.4686840 0.0000000 0.3644283 0.3907745 2.4903323 2.4962481 2.2424185 2.3751039 2.1044074 2.1149453 2.0557324 2.0557324 2.0791294 2.0639882 2.0261409 2.3644147 2.3885775 2.4308233 2.5654832 2.3438656 2.3475092 2.2768692 2.5145377 2.5145377 2.5186433 2.5137536 2.6957787 2.4955249 2.5769950 2.5767297 2.5338317 2.5056513 2.5056513 2.5185242 2.7868185 1.5870716 1.4423377 1.4039602 
Scil_scict023173.1                                            2.8982035 1.7459129 2.1761691 1.9649844 2.0076213 1.9032447 1.9816492 2.0329694 1.8266137 1.9848061 2.0351452 2.0100746 1.8656795 1.9893490 1.8532088 2.0168480 2.0961271 2.1811098 2.1811098 2.1121491 2.3596570 2.3284869 2.4735780 2.4017283 1.3274933 1.3657302 1.5599271 1.5780123 1.7158330 1.7853029 0.9457097 1.5948313 2.0406991 0.4438889 0.3644283 0.0000000 0.4231313 2.7144041 2.4825335 2.3290361 2.5485956 2.1271564 2.1245547 2.1128759 2.1128759 2.1758779 2.1210931 2.1332781 2.0844558 2.4370161 2.5211384 2.6529881 2.3042631 2.3042998 2.2530636 2.5873603 2.5873603 2.5598224 2.5725290 2.9066524 2.6551868 2.6348257 2.6069984 2.5207061 2.4915035 2.4915035 2.4954022 2.9032545 1.8255313 1.5460138 1.3964048 
Leuniv_Lniv_scaffold18012_01                                  2.7479796 2.3131276 2.4885078 2.2020111 2.2590609 2.0087194 2.1510413 2.1886489 2.0301902 2.1698752 2.0736663 2.0418395 1.9939878 2.2591522 1.9579656 2.0987187 2.3845436 2.3746968 2.3746968 2.1788391 2.7276112 2.6829024 2.9091012 2.7545093 1.3274187 1.3802563 1.9289117 1.7903565 2.0764947 2.0735231 1.2803209 1.9183303 2.0013209 0.5257554 0.3907745 0.4231313 0.0000000 2.7301257 2.9301721 2.4112572 2.7862502 2.3661459 2.3531433 2.3757105 2.3757105 2.4432501 2.3020621 2.2882726 0.0000010 2.4192680 2.3886582 2.6825984 1.9990713 2.1878827 2.1878827 2.5809269 2.5809269 2.5843978 2.5843978 2.8585717 2.6155108 2.7565377 2.7565377 2.7371534 2.5953704 2.5953704 2.4102242 2.7291364 1.7840533 0.0000010 1.7975001 
Chem_TCONS_00069377                                           1.2344738 1.2872819 1.4937189 1.3232812 1.3484533 1.3391494 1.3497848 1.3149276 1.3756024 1.3062156 1.5286031 1.6469686 1.4261151 1.5537503 1.7460596 1.8400915 1.7152890 1.7780421 1.7780421 1.2129786 1.6609017 1.5410318 1.8125298 1.7955662 1.7768272 1.7285505 1.9988986 1.8769944 1.9354455 2.0024201 1.9769084 2.3215693 2.3944564 2.5184427 2.4903323 2.7144041 2.7301257 0.0000000 0.4941886 1.7664849 2.0134501 1.8973515 1.9107896 1.8600203 1.8600203 1.8994314 1.9083946 1.8897109 0.6355854 2.5914749 2.4026599 2.5655409 2.1957681 2.3524962 2.3524962 2.4349918 2.4349918 2.4176583 2.4176583 2.6844719 2.6940370 2.4775117 2.4775117 2.4827023 2.3789511 2.3789511 2.5443711 3.0052945 3.4457155 0.0000010 1.4988190 
Hvul_g15033_1                                                 1.3454740 1.3436227 1.5637294 1.2693576 1.3047997 1.2729256 1.2643918 1.2578277 1.2913255 1.1859579 1.6164991 1.5487308 1.4379034 1.4889584 1.5780480 1.7388243 1.6431915 1.6881844 1.6881844 1.2763896 1.4220356 1.3615228 1.5052121 1.5452150 1.6752873 1.7067458 2.0050442 1.9622001 1.7617019 1.9643879 1.3190706 2.2677570 2.8574464 2.3640996 2.4962481 2.4825335 2.9301721 0.4941886 0.0000000 1.8357447 2.0792398 1.9315935 2.0086623 1.9167501 1.9167501 1.9127390 1.9878845 1.9852162 2.6014774 2.5974274 2.5050972 2.5529015 2.2382967 2.4057225 2.4618773 2.4881912 2.4881912 2.4742020 2.4456189 2.5265139 2.4228776 2.4859299 2.5264569 2.6056561 2.5201530 2.5345450 2.5266428 2.8123579 3.3348096 2.1239545 2.0641478 
Dpul_mRNA9674                                                 2.1619329 1.3531479 1.7072531 1.5050267 1.5663565 1.4466872 1.5168869 1.5435664 1.4775719 1.4261768 1.2154862 1.0789883 1.0695471 1.1675447 1.2754448 1.1428148 1.4624203 1.3829004 1.3829004 1.6006069 1.7837414 1.5692761 1.7921598 1.7505987 1.7637406 1.7801236 2.1807205 1.8668490 2.1676233 2.2828751 1.7065321 2.2221494 2.5324427 2.3185051 2.2424185 2.3290361 2.4112572 1.7664849 1.8357447 0.0000000 1.5673407 2.0270133 2.0453666 2.0746407 2.0746407 1.9957664 2.0671470 2.0551809 2.5580037 2.6292709 2.4892565 2.7254240 2.0698136 2.5207087 2.5043424 2.6938826 2.6938826 2.7765002 2.6600598 2.8998341 2.5613107 2.6558623 2.7477975 2.6751538 2.6718540 2.6930039 2.4964198 3.1222148 2.7154133 2.3284912 1.9528241 
Tcas_TC031075_003                                             2.2261679 1.3881286 1.8647440 1.6625850 1.7371048 1.6875803 1.7092921 1.7166965 1.7457873 1.5877110 1.5155034 1.4451157 1.1281928 1.4856269 1.5247439 1.4449052 1.4534757 1.7313244 1.7313244 1.8088309 2.0404304 1.8520107 2.0762713 2.0974035 1.8470588 1.9413483 2.1886603 2.1629809 2.1447334 2.4732636 1.5619801 2.3908478 2.9051314 2.4874214 2.3751039 2.5485956 2.7862502 2.0134501 2.0792398 1.5673407 0.0000000 2.1106651 2.1577691 2.1633293 2.1633293 2.1504214 2.1680735 2.1568521 2.1169316 2.6107262 2.5111145 2.7092700 2.3161687 2.4885961 2.4999260 2.6847404 2.6847404 2.7135412 2.6015577 3.0097466 2.8753666 2.6128595 2.7008090 2.7192372 2.6310760 2.6392832 2.5371091 3.1066389 2.7560421 2.2280033 1.9129199 
HoiH23_PlH23_008692-RA                                        2.1074997 1.4550143 1.6696402 1.4974026 1.4930220 1.5241078 1.4392801 1.4359057 1.5635669 1.5558110 1.5957439 1.5690702 1.6574788 1.6195062 1.6131277 1.5623049 1.7526760 1.7239686 1.7239686 1.9156600 1.8214705 1.6581390 1.9042207 1.9026951 1.7815892 1.8469924 1.7849652 1.6180828 1.9439636 2.0176013 1.5951826 2.0953480 2.3787708 2.0980501 2.1044074 2.1271564 2.3661459 1.8973515 1.9315935 2.0270133 2.1106651 0.0000000 0.1072136 0.1662703 0.1662703 0.2193981 0.3083458 0.3178710 2.2322042 2.4334284 2.2603917 2.3881377 2.1060590 2.2736363 2.2613383 2.3782341 2.3782341 2.3987000 2.3319486 2.4513193 2.3227525 2.3677764 2.4271490 2.3946984 2.2847289 2.2882993 2.3903401 3.0480867 3.4509286 1.9678659 1.7414583 
HoiH06_mRNA9025                                               2.0382662 1.4983680 1.6578510 1.4796370 1.5012768 1.5007217 1.4408427 1.4478091 1.5527486 1.5584513 1.6381613 1.6148161 1.6669186 1.6910979 1.6334987 1.6574591 1.7872437 1.7756776 1.7756776 1.9578913 1.8985402 1.7068833 1.9833493 1.9440339 1.8021023 1.8464854 1.7516809 1.5983199 1.9122337 1.9844409 1.5573340 2.0360699 2.2863806 2.0401583 2.1149453 2.1245547 2.3531433 1.9107896 2.0086623 2.0453666 2.1577691 0.1072136 0.0000000 0.1677872 0.1677872 0.2492554 0.3325254 0.3340911 2.3160629 2.5209476 2.3057652 2.4571166 2.2272939 2.4030957 2.3850726 2.4768372 2.4768372 2.5155171 2.4286361 2.5433381 2.3567459 2.4337500 2.5115117 2.4949891 2.4006886 2.4041874 2.5406533 3.0721381 3.3430161 2.1593187 1.9352735 
Hhon_g06394.t1                                                2.3526566 1.4490568 1.6643785 1.5363241 1.5490867 1.5340021 1.4740606 1.4650462 1.5854929 1.5783218 1.5929758 1.5864878 1.6390941 1.6083456 1.5899515 1.5283375 1.7007274 1.7835152 1.7835152 1.9465546 1.7789448 1.6125230 1.9246632 1.8466052 1.7974381 1.8541567 1.7688524 1.5446870 1.8421225 1.9403621 1.6171814 2.0771759 2.3470164 2.0082002 2.0557324 2.1128759 2.3757105 1.8600203 1.9167501 2.0746407 2.1633293 0.1662703 0.1677872 0.0000000 0.0000010 0.2008282 0.3055136 0.3101315 2.1139272 2.3811606 2.1893911 2.3596911 2.0598489 2.2565193 2.2421242 2.3477901 2.3477901 2.3677788 2.2809027 2.4245074 2.2328553 2.2997337 2.3671126 2.3731470 2.2758764 2.2794735 2.3903068 2.9350097 3.2010060 1.7876147 1.7018335 
HoiH04_mRNA4183                                               2.3526566 1.4490568 1.6643785 1.5363241 1.5490867 1.5340021 1.4740606 1.4650462 1.5854929 1.5783218 1.5929758 1.5864878 1.6390941 1.6083456 1.5899515 1.5283375 1.7007274 1.7835152 1.7835152 1.9465546 1.7789448 1.6125230 1.9246632 1.8466052 1.7974381 1.8541567 1.7688524 1.5446870 1.8421225 1.9403621 1.6171814 2.0771759 2.3470164 2.0082002 2.0557324 2.1128759 2.3757105 1.8600203 1.9167501 2.0746407 2.1633293 0.1662703 0.1677872 0.0000010 0.0000000 0.2008282 0.3055136 0.3101315 2.1139272 2.3811606 2.1893911 2.3596911 2.0598489 2.2565193 2.2421242 2.3477901 2.3477901 2.3677788 2.2809027 2.4245074 2.2328553 2.2997337 2.3671126 2.3731470 2.2758764 2.2794735 2.3903068 2.9350097 3.2010060 1.7876147 1.7018335 
HoiH11_mRNA5589                                               2.0900444 1.5031351 1.6669640 1.4177362 1.4513805 1.4338929 1.3740488 1.3764641 1.4942489 1.5801011 1.4587536 1.4372230 1.5419749 1.5112422 1.4905860 1.4839442 1.6518272 1.6709143 1.6709143 1.8541542 1.8253627 1.6295238 1.8260641 1.8121088 1.6774447 1.7374770 1.7819774 1.6066407 1.7848655 1.8498383 1.4654054 1.9351642 2.1692530 2.0521598 2.0791294 2.1758779 2.4432501 1.8994314 1.9127390 1.9957664 2.1504214 0.2193981 0.2492554 0.2008282 0.2008282 0.0000000 0.2692034 0.2645323 2.2069868 2.4458410 2.2725993 2.3846362 2.1461343 2.4050555 2.3919513 2.3745616 2.3745616 2.3980523 2.3174025 2.4444069 2.3895272 2.3582920 2.4179562 2.3263392 2.2750894 2.2786393 2.4491719 3.1147890 3.2543140 1.8489280 1.7544375 
TrH2_TrispH2_006142-RA                                        2.2821880 1.4311815 1.6496047 1.4364123 1.4454331 1.4579264 1.4069148 1.4046447 1.5117749 1.5295382 1.5813560 1.5829732 1.6117843 1.5773390 1.4697428 1.5738334 1.6807219 1.7293645 1.7293645 1.9171092 1.8119718 1.7384561 1.9245015 1.9223117 1.7529290 1.8732907 1.8642431 1.6869866 1.9312071 2.0131241 1.5829395 1.9872916 2.1974432 2.0844429 2.0639882 2.1210931 2.3020621 1.9083946 1.9878845 2.0671470 2.1680735 0.3083458 0.3325254 0.3055136 0.3055136 0.2692034 0.0000000 0.0115410 2.4803811 2.5129766 2.3115049 2.4693458 2.2476014 2.3986092 2.4165092 2.4386868 2.4386868 2.4363060 2.3820688 2.4592650 2.3274994 2.4202392 2.4777953 2.4308056 2.3721272 2.3642058 2.5796993 3.1380540 3.1650489 1.9830607 1.8138159 
Tadh_TriadT56831                                              2.2821880 1.4311815 1.6438567 1.4305658 1.4464721 1.4520384 1.4005275 1.4003754 1.5079246 1.5154325 1.5930871 1.5809007 1.6203634 1.5665635 1.4667316 1.5747232 1.6658721 1.7020145 1.7020145 1.9067872 1.8039601 1.7311234 1.9214577 1.9142336 1.7547219 1.8608740 1.8829112 1.6815542 1.9246329 2.0153100 1.5829395 2.0027804 2.2229666 2.0715265 2.0261409 2.1332781 2.2882726 1.8897109 1.9852162 2.0551809 2.1568521 0.3178710 0.3340911 0.3101315 0.3101315 0.2645323 0.0115410 0.0000000 2.4803811 2.4912138 2.2927499 2.4579999 2.2476014 2.4189389 2.4371784 2.4390199 2.4390199 2.4366299 2.3823897 2.4597778 2.3362007 2.4348108 2.4910889 2.4554008 2.3966584 2.3886335 2.5919530 3.0926950 3.1698820 1.9830607 1.8138159 
Pbac_sb2652811                                                0.0000010 2.5387187 2.4657609 2.2552684 2.2086514 2.3109064 2.4057493 2.5402112 2.3376805 2.2137901 2.1253621 2.0684646 2.1005458 2.0714094 2.1679699 1.7898276 2.1595278 1.8257782 1.8257782 2.7525225 2.4128669 2.6133323 2.6054196 2.7541910 2.9531001 2.7722023 2.0560932 2.2324458 2.3011899 2.6079243 2.5295022 2.5295022 0.0000010 2.2937989 2.3644147 2.0844558 0.0000010 0.6355854 2.6014774 2.5580037 2.1169316 2.2322042 2.3160629 2.1139272 2.1139272 2.2069868 2.4803811 2.4803811 0.0000000 0.0000010 0.0811702 0.0797132 0.0875588 0.0794494 0.0794494 0.1080125 0.1080125 0.1080125 0.1080125 0.0000010 0.0000010 0.1223088 0.1223088 0.1997506 0.1894599 0.1894599 0.2212027 0.0000010 0.0000010 2.7727241 2.6976277 
Horcal_Hcv1.av93.c7.g3.i1                                     3.3111657 2.2717830 2.4162425 2.2026085 2.2251177 2.1960289 2.1921484 2.2726901 2.3469463 2.1073496 2.2041981 2.2464747 2.4446485 2.3301646 2.2915525 2.2061327 2.4982299 2.4043876 2.4043876 2.2003505 2.4729799 2.4361289 2.5029137 2.5039091 2.2799713 1.9801866 2.4116225 2.2596717 2.5365628 2.7246109 2.7579063 2.7031356 2.7288068 2.5513806 2.3885775 2.4370161 2.4192680 2.5914749 2.5974274 2.6292709 2.6107262 2.4334284 2.5209476 2.3811606 2.3811606 2.4458410 2.5129766 2.4912138 0.0000010 0.0000000 0.2818506 0.2323727 0.1635880 0.1530429 0.1731038 0.2390445 0.2390445 0.2137472 0.2319290 0.2928461 0.2458860 0.2444882 0.2260997 0.2862746 0.2759713 0.2808467 0.3143737 0.1748554 3.6492009 3.3481458 2.3991673 
Bolinf_Binf_sb1204231                                         2.8122608 2.1520639 2.3757640 2.3006755 2.3695280 2.2604533 2.2282245 2.2617608 2.4127817 2.1049503 2.1554067 2.1686771 2.4284063 2.3587377 2.1150855 2.1120116 2.1681188 2.6305260 2.6305260 2.1609181 2.6569293 2.4623117 2.4795989 2.6237429 2.0248663 1.8494362 2.0563816 1.9813966 2.1805590 2.3539212 2.7337778 2.6696374 2.8195010 2.4073618 2.4308233 2.5211384 2.3886582 2.4026599 2.5050972 2.4892565 2.5111145 2.2603917 2.3057652 2.1893911 2.1893911 2.2725993 2.3115049 2.2927499 0.0811702 0.2818506 0.0000000 0.0000010 0.0000010 0.1293941 0.1293941 0.1194488 0.1194488 0.1335916 0.1335916 0.1506493 0.1441416 0.1917159 0.1917159 0.2746487 0.2634613 0.2634613 0.2653893 0.3188369 3.3899595 4.4634904 1.7057312 
