59
Adig_XM_015898505.1                                    0.0000000 0.0000010 0.0361931 0.8235260 0.8416080 0.7010396 0.8058077 0.7872195 1.3061535 2.0739156 1.6811016 0.0000010 1.3051554 9.0000000 3.7064112 1.6537600 1.6944096 1.7605617 1.7641888 2.2064746 2.0209949 1.4822861 3.4504374 1.6572224 0.5794428 1.4998770 2.5944141 2.5944141 2.5187639 2.5187639 2.4850483 2.4850483 2.4544065 1.8734659 1.8283371 3.6232418 3.6232418 3.9709399 4.0915170 2.3675493 2.3675493 3.4008969 3.5250383 3.2772941 9.0000000 4.1812342 4.1812342 6.1344094 3.6532236 2.1366393 3.2404805 2.9357207 0.0000010 5.4729337 1.2657835 0.0000010 2.5211811 1.9951621 2.5152043 
Adig_XM_015898452.1                                    0.0000010 0.0000000 0.0155637 0.3537236 0.4168095 0.3802693 0.4429265 0.3817283 0.8383224 0.8926968 0.9325417 1.3729156 1.4236859 1.3079745 1.1254922 1.2170425 1.3502864 1.3799534 1.2220508 1.2404783 1.3045018 1.0991676 1.3825755 1.4086439 1.3773129 1.3507249 1.3542373 1.3542373 1.4390114 1.4390114 1.4319503 1.4319503 1.4697707 1.1914868 1.4099895 1.8742783 1.8535200 1.8474793 1.8534880 1.6277634 1.6277634 1.6239681 1.1999628 1.3529398 1.9421380 3.3947439 3.3947439 3.4301015 9.0000000 3.3824466 3.0379572 3.2712904 2.8626474 8.9999983 3.7455329 4.5568147 2.3436384 2.1218897 3.4404131 
Amil_Amillepora02594-RA                                0.0361931 0.0155637 0.0000000 0.5127738 0.5700950 0.5313136 0.5489922 0.5265237 1.1436816 1.2324971 1.3047436 1.7386506 1.4151410 1.9177438 1.7815690 1.4863727 1.4687100 1.6750665 1.6208603 1.7040252 1.7194864 1.5540718 1.9868463 1.7987829 1.3656336 1.6786937 2.0441849 2.0133141 2.0017282 1.9954755 2.0427976 2.0615087 2.0633911 1.8370073 1.8348164 2.1437166 2.1489890 2.2239036 2.2264777 1.9597408 1.9786606 2.1895793 1.6719829 1.8355544 2.0795429 4.1284101 4.1412090 4.0756799 8.5846953 3.5440538 3.5561922 3.9053975 3.0093544 6.7993626 3.5124905 5.4113964 2.4646850 2.5399283 2.5871842 
Gfas_gfas1.m1.14494.m1                                 0.8235260 0.3537236 0.5127738 0.0000000 0.3735488 0.3326895 0.2994803 0.3223192 1.0614087 1.1529070 1.0796925 1.4729031 1.2120667 1.7162512 1.8686262 1.4545578 1.4716073 1.6730544 1.6481105 1.5910247 1.7341909 1.5442012 1.9472521 1.6962531 1.3902468 1.5917526 2.0302629 2.0111271 1.9263505 1.9302740 1.9626284 1.9800956 1.9382553 1.7814367 1.7472139 2.1721458 2.2116675 2.2188150 2.2080471 1.9050204 1.9963031 2.3757015 1.8496049 2.0759577 2.3572542 4.3332667 4.4072450 4.1155541 6.7290221 3.8737646 3.6040399 4.0874573 3.2307937 6.4347524 3.6000909 4.5603575 2.5486980 2.3229858 4.4464475 
Spis_XP_022791070_1                                    0.8416080 0.4168095 0.5700950 0.3735488 0.0000000 0.1086735 0.2905389 0.2586241 1.1164791 1.3225443 1.1785641 1.5926083 1.3427959 1.6798607 1.9321144 1.5210740 1.6136148 1.8050393 1.6619120 1.7035687 1.7707185 1.6347258 2.0975230 1.6825193 1.3449250 1.6883061 2.0084565 1.9868916 1.9923540 1.9900594 2.0204013 2.0383838 1.9972863 1.8139260 1.8390666 2.1569097 2.2144348 2.2747774 2.4910557 2.0060001 2.0573385 2.3337191 1.8148930 2.0577920 2.3117306 4.4585488 4.5501555 4.4548140 7.2734164 4.2232828 3.6428979 4.1372919 3.2445480 7.5012341 3.6219971 4.5812357 2.4870441 2.3338736 3.8849026 
Pocdam_XM_027188954.1                                  0.7010396 0.3802693 0.5313136 0.3326895 0.1086735 0.0000000 0.2762980 0.2496817 1.0981276 1.2333992 1.1431265 1.5429663 1.2936428 1.6282096 1.8471927 1.5183126 1.5308644 1.6620200 1.6213750 1.6299959 1.7323213 1.6179133 1.9982198 1.6501829 1.3500719 1.6349738 1.9260097 1.9053218 1.8670654 1.8664251 1.8965645 1.9134387 1.8902429 1.7597876 1.7778442 2.1785954 2.2466604 2.2928974 2.4743989 2.0168896 2.0799517 2.3502207 1.8321465 2.0943511 2.1988186 4.4455315 4.5209402 4.3929234 7.1689410 3.9728063 3.5762581 4.1190302 3.2291241 7.0240356 3.5849896 4.5349145 2.4732108 2.2830899 3.1850089 
Fspp_ffun1.m4.12208.m1                                 0.8058077 0.4429265 0.5489922 0.2994803 0.2905389 0.2762980 0.0000000 0.1744608 1.0577076 1.2997625 1.0410362 1.5651110 1.3403786 1.8065649 1.8372120 1.4721703 1.5157043 1.7417079 1.7036331 1.6182564 1.6958785 1.5330046 1.8829365 1.6368641 1.3304484 1.5557020 1.9933721 1.9717969 1.9923093 1.9932465 1.9761082 1.9937704 1.9836952 1.7518365 1.8007820 2.2309828 2.3152219 2.2908212 2.4571932 2.0035169 2.0494276 2.2964757 1.8348102 2.0348271 2.1840880 4.2179651 4.2886952 4.2644022 6.5902691 3.9561783 3.6734217 4.0465362 3.1247206 7.1311256 3.6202989 4.8017460 2.5186948 2.3153099 4.1098624 
Gasp_gasp1.m3.5750.m1                                  0.7872195 0.3817283 0.5265237 0.3223192 0.2586241 0.2496817 0.1744608 0.0000000 0.9701722 1.1462741 1.0516760 1.5253119 1.1820047 1.7693083 1.8949963 1.3285583 1.5663964 1.7297322 1.7240507 1.6187829 1.7333487 1.5279839 1.9632834 1.5175505 1.1875679 1.5569772 1.9297168 1.9074943 1.8970672 1.8910322 1.9294619 1.9478087 1.9161605 1.6825901 1.7721975 2.0620966 2.0746070 2.2213297 2.2938573 1.8780721 1.9920568 2.0809448 1.6433892 1.8482668 2.2460215 4.2146244 4.2297653 4.1236393 5.5287011 3.8022116 3.4966376 3.8981773 3.3184864 7.0659431 3.6225827 4.3038491 2.4722956 2.1427547 3.2407997 
Nvec_v1g117244                                         1.3061535 0.8383224 1.1436816 1.0614087 1.1164791 1.0981276 1.0577076 0.9701722 0.0000000 1.2219007 0.8442080 1.6332653 1.4994537 1.7006028 1.7336807 1.4857042 1.5129626 1.7446978 1.5646743 1.4259020 1.7922052 1.4342711 1.9115450 1.6235862 1.3464540 1.7877692 2.0007418 2.0096570 2.0669097 2.0857109 1.9985881 2.0164257 2.0006519 1.8957638 1.7231583 2.2761195 2.3035799 2.2873644 2.6060315 2.2520249 2.2561409 2.3937003 1.8969666 2.1340130 2.1664260 4.2071572 4.2142770 3.9448250 7.3409335 3.9365857 3.5391900 4.0102007 3.1531243 6.4880365 3.4460427 3.6144333 2.4977158 2.4589273 3.0106874 
Dgig_XM_028543309.1                                    2.0739156 0.8926968 1.2324971 1.1529070 1.3225443 1.2333992 1.2997625 1.1462741 1.2219007 0.0000000 1.3451436 1.5055341 1.1738045 1.5520384 1.6175136 0.8654708 1.2518367 1.3307860 1.3447631 1.2529001 1.5006363 1.4473794 1.6868547 1.5035600 1.2321544 1.5198013 1.8942181 1.8792648 1.7809600 1.7834210 1.7734425 1.8058789 1.7474322 1.3630556 1.6757464 1.8775834 1.8725786 1.9865647 2.0852965 1.6768259 1.6768259 1.9966258 1.5505839 1.6082811 2.4365443 3.8052591 3.8602416 3.6055535 7.1083982 3.7884441 3.1374304 3.7527310 2.9869252 6.1336023 3.5265791 4.4083488 2.3782945 2.2997782 2.5581551 
Exapal_XM_021060429.2                                  1.6811016 0.9325417 1.3047436 1.0796925 1.1785641 1.1431265 1.0410362 1.0516760 0.8442080 1.3451436 0.0000000 1.5868332 1.3229784 1.6460294 1.6944418 1.3852898 1.5131489 1.7401862 1.6794087 1.5049810 1.7966918 1.7750354 2.0169809 1.6658408 1.3526615 1.7700709 1.9122054 1.9161547 1.9079920 1.9153533 1.9313109 1.9480581 1.8570462 1.8263453 1.8693518 2.3631205 2.3628638 2.2860504 2.3733692 2.2059622 2.2910654 2.4970184 2.1057913 2.2551062 2.2160995 4.0406987 4.1033934 3.9735469 7.7780687 4.0022070 3.6140619 4.3250792 3.1484523 6.1492962 3.3708886 2.2562406 2.5004651 2.4704957 4.4271052 
Chem_TCONS_00039391                                    0.0000010 1.3729156 1.7386506 1.4729031 1.5926083 1.5429663 1.5651110 1.5253119 1.6332653 1.5055341 1.5868332 0.0000000 0.0105002 0.2989776 1.0868283 1.8646427 1.3114751 1.5520821 1.4558043 1.5084084 1.4035325 1.7591147 2.0139681 1.9656751 1.5283548 1.8441445 2.1326603 2.1521079 2.1450043 2.1514316 2.1036934 2.1453584 2.1879023 1.8343402 1.9981495 2.1578915 2.1542919 2.2130813 2.2380397 2.1034220 2.1034220 2.2128318 1.7422985 1.8297051 2.4747500 4.5504798 4.5421368 4.8379581 8.9999983 4.3571550 4.1766688 5.0884202 3.9234042 8.3618243 4.1083460 3.3564748 2.7740251 2.8671053 2.6659998 
Chem_TCONS_00017777                                    1.3051554 1.4236859 1.4151410 1.2120667 1.3427959 1.2936428 1.3403786 1.1820047 1.4994537 1.1738045 1.3229784 0.0105002 0.0000000 0.4164538 1.1807933 1.4611169 1.2179165 1.2945503 1.2325386 1.2270290 1.2884721 1.4390558 1.6632336 1.3848730 1.4370221 1.5513120 1.9319858 1.9495286 1.9137497 1.9235889 1.9040379 1.9040379 1.9011185 1.4218312 1.6436962 2.0060731 2.0494213 2.0431015 1.9962061 1.9985367 2.0904996 2.1575691 1.9797687 1.9757417 2.1243352 4.5119325 4.5224226 4.6809659 7.1990676 4.5232979 4.0395361 4.3232185 3.7859678 7.0870827 3.4427454 3.3962596 2.2581575 2.3748205 2.6742099 
Chem_TCONS_00070019                                    9.0000000 1.3079745 1.9177438 1.7162512 1.6798607 1.6282096 1.8065649 1.7693083 1.7006028 1.5520384 1.6460294 0.2989776 0.4164538 0.0000000 1.3004480 2.0402862 1.8589237 1.8422954 1.6137327 1.7013413 1.6989677 1.5715488 1.8657270 1.6627819 1.6686924 1.7005415 2.0309605 2.0334165 2.1208935 2.1208935 2.0089650 2.0089650 2.0347270 1.7122761 1.6820528 2.1477363 2.1548873 2.1443804 1.9613213 2.0069306 2.0961916 2.0217505 2.0312398 2.0816264 1.8743514 4.2898677 4.2898677 4.2862742 3.9310119 4.7030481 3.9595561 4.3042855 3.7321194 8.9999986 3.7971655 3.1649657 2.3291355 2.5229089 5.9035401 
Hvul_g14791_1                                          3.7064112 1.1254922 1.7815690 1.8686262 1.9321144 1.8471927 1.8372120 1.8949963 1.7336807 1.6175136 1.6944418 1.0868283 1.1807933 1.3004480 0.0000000 1.8002796 1.6315565 1.7995100 1.7851768 1.5698019 1.7204005 1.9280875 2.2535990 1.7599893 1.5092895 2.0395033 2.2685014 2.2922981 2.2941154 2.2892893 2.3476340 2.3750765 2.3595558 1.7266510 1.7509828 2.3199846 2.3283759 2.2136293 2.5438259 2.2089256 2.2709291 2.6011215 1.9655898 2.1272045 2.3345864 4.4980077 4.5088502 4.5253378 5.6782012 4.1353982 3.8855868 4.4079269 3.7594029 7.9309893 3.5684926 3.5679266 2.5020846 2.2795500 5.8322852 
Xesp_002308-T1                                         1.6537600 1.2170425 1.4863727 1.4545578 1.5210740 1.5183126 1.4721703 1.3285583 1.4857042 0.8654708 1.3852898 1.8646427 1.4611169 2.0402862 1.8002796 0.0000000 1.4266926 1.6122186 1.6108714 1.5782216 1.9394644 1.8076447 1.8586981 1.8375708 1.4531893 1.7913352 2.2467844 2.2398154 2.0442872 2.0551579 2.0696893 2.0763626 2.0470920 1.6444252 1.9236978 2.2230791 2.2270779 2.2493659 2.3983109 2.0001327 2.0001327 2.1929497 1.7223284 1.8451922 2.6279727 4.3630498 4.4082969 4.4078333 8.9999987 3.7299296 3.6614139 4.2785990 2.9347275 7.1840447 3.8995984 4.5102103 2.9184985 2.7492319 2.5921280 
Nemnom_g3593.t1                                        1.6944096 1.3502864 1.4687100 1.4716073 1.6136148 1.5308644 1.5157043 1.5663964 1.5129626 1.2518367 1.5131489 1.3114751 1.2179165 1.8589237 1.6315565 1.4266926 0.0000000 0.2027514 0.5196381 0.7106380 1.1589529 1.6408511 2.0324082 1.7263556 1.4661898 1.6173366 1.9882855 1.9837838 1.9319888 1.9220486 1.9515623 1.9708664 1.9138598 1.5052787 1.7910265 1.9599003 1.9836806 1.8966767 2.0258326 1.9711676 2.0566474 2.2184041 1.9627046 2.0659634 2.2619983 4.2794756 4.2876798 4.0540145 7.1096427 3.6893353 3.8407346 4.2305536 3.6786060 5.7606376 3.4776631 4.2004316 2.6087927 2.2577906 3.3217839 
Rhoesc_Res_009373-T1                                   1.7605617 1.3799534 1.6750665 1.6730544 1.8050393 1.6620200 1.7417079 1.7297322 1.7446978 1.3307860 1.7401862 1.5520821 1.2945503 1.8422954 1.7995100 1.6122186 0.2027514 0.0000000 0.5334648 0.8304375 1.2791420 1.7565415 2.2201890 1.8974798 1.4073663 1.8280506 2.0947037 2.0937163 2.0257233 2.0141184 2.0657970 2.0785433 1.9863517 1.6234979 2.1079383 1.9128326 1.9291557 1.8759966 2.0878374 2.0787411 2.1850148 2.4289000 2.0389816 2.1621693 2.3688248 4.2859599 4.2909949 4.2923348 7.3700523 4.0540638 3.9304395 4.2720698 3.8277836 6.1788073 3.5682838 3.8098572 2.7220507 2.2498340 3.3723869 
Aaur_scaffold588.g13.t1                                1.7641888 1.2220508 1.6208603 1.6481105 1.6619120 1.6213750 1.7036331 1.7240507 1.5646743 1.3447631 1.6794087 1.4558043 1.2325386 1.6137327 1.7851768 1.6108714 0.5196381 0.5334648 0.0000000 0.7328313 1.2376865 1.7156328 2.1141327 1.7331088 1.3190411 1.9193217 2.0340728 2.0325540 1.9559817 1.9426887 1.9775554 2.0013771 1.9128989 1.5863651 1.8630696 2.1098602 2.1605581 2.0752644 2.2204680 2.1570121 2.2675233 2.3125297 2.0137184 2.2350723 2.2617952 4.1037351 4.1025050 3.9831996 5.5957262 3.9371134 3.6442377 3.9881186 3.7222876 5.8047705 3.3873151 3.5982864 2.4153148 2.1647368 3.5009014 
Sanmal_Sma_013653-T1                                   2.2064746 1.2404783 1.7040252 1.5910247 1.7035687 1.6299959 1.6182564 1.6187829 1.4259020 1.2529001 1.5049810 1.5084084 1.2270290 1.7013413 1.5698019 1.5782216 0.7106380 0.8304375 0.7328313 0.0000000 1.1724619 1.6090211 1.9432049 1.6263369 1.2524404 1.7324625 2.0697870 2.0653936 2.0252281 2.0366563 2.0119047 2.0359151 1.9959660 1.5920805 1.8709480 1.9915651 2.0415932 1.9404482 2.1793474 2.0100375 2.0639601 2.5075318 1.8061459 2.0709492 2.3567728 4.1259547 4.1447841 4.1833881 6.9081585 3.8318802 3.4908682 3.8405576 3.1111097 6.0147861 3.1432228 3.1043885 2.7234398 2.1740568 3.1257416 
Morvir_scaffold498.g14.t1                              2.0209949 1.3045018 1.7194864 1.7341909 1.7707185 1.7323213 1.6958785 1.7333487 1.7922052 1.5006363 1.7966918 1.4035325 1.2884721 1.6989677 1.7204005 1.9394644 1.1589529 1.2791420 1.2376865 1.1724619 0.0000000 1.7816440 2.1240432 2.0109022 1.5752726 1.9754410 2.5041189 2.4842684 2.4629541 2.4514666 2.4948084 2.4948084 2.4484509 1.6179833 1.9475510 2.1343239 2.1610055 2.0243068 2.2290239 2.2588536 2.2520041 2.5143854 1.9521449 2.1323225 2.0947644 4.2214775 4.2448343 3.9834384 6.5638039 3.9762901 3.6841495 3.9087187 3.0601985 6.0892150 3.3567443 2.7548946 2.3443707 2.5023188 2.9419645 
Spur_XM_778024.4                                       1.4822861 1.0991676 1.5540718 1.5442012 1.6347258 1.6179133 1.5330046 1.5279839 1.4342711 1.4473794 1.7750354 1.7591147 1.4390558 1.5715488 1.9280875 1.8076447 1.6408511 1.7565415 1.7156328 1.6090211 1.7816440 0.0000000 1.5449674 1.4379845 1.2407446 1.4900721 2.1037856 2.0928691 1.9677307 1.9668896 1.8833911 1.9015827 1.9614500 1.7772799 1.8720002 2.1916574 2.2040247 2.1859668 2.2900455 2.1126290 2.0778330 2.3535013 2.0837672 2.3489430 2.1028836 4.0474874 4.0257282 3.9893320 5.0424670 3.8998279 3.5533926 3.6017167 2.8645669 5.8716108 3.2992089 3.5601805 2.8633271 2.7132346 2.4330155 
Cgig_XM_034461779.1                                    3.4504374 1.3825755 1.9868463 1.9472521 2.0975230 1.9982198 1.8829365 1.9632834 1.9115450 1.6868547 2.0169809 2.0139681 1.6632336 1.8657270 2.2535990 1.8586981 2.0324082 2.2201890 2.1141327 1.9432049 2.1240432 1.5449674 0.0000000 1.0666058 1.1373775 1.5443292 2.3907978 2.3664326 2.4080951 2.4176380 2.3512417 2.3581830 2.3418161 1.7951560 1.9378752 2.1238176 2.1172928 2.1225094 2.2905372 1.8867620 1.9575499 2.0655773 1.7702680 1.9406646 2.2841934 4.2986931 4.2758602 4.6653852 7.1580359 4.4031209 3.8624576 4.4410799 3.5579786 7.1009906 3.7038453 4.4363383 2.0986736 2.1495401 5.2239827 
Acagra_model.g13282.t1                                 1.6572224 1.4086439 1.7987829 1.6962531 1.6825193 1.6501829 1.6368641 1.5175505 1.6235862 1.5035600 1.6658408 1.9656751 1.3848730 1.6627819 1.7599893 1.8375708 1.7263556 1.8974798 1.7331088 1.6263369 2.0109022 1.4379845 1.0666058 0.0000000 0.8196091 1.5048143 1.7750661 1.7696164 1.9094089 1.9244771 1.8807458 1.8848351 1.8918357 1.8525630 1.8097284 2.3351685 2.3757360 2.2457634 2.3530741 2.0549662 2.0549662 2.3765958 2.1165849 2.2476252 2.2061848 4.0051891 4.0118196 4.0396017 6.2559537 4.0271128 3.4367449 3.8944112 3.1085438 6.3671523 3.0913980 3.8086204 2.3514396 2.1624852 1.0294323 
Ctel_gnl_WGS_AMQN_CAPTEDRAFT_mRNA83871                 0.5794428 1.3773129 1.3656336 1.3902468 1.3449250 1.3500719 1.3304484 1.1875679 1.3464540 1.2321544 1.3526615 1.5283548 1.4370221 1.6686924 1.5092895 1.4531893 1.4661898 1.4073663 1.3190411 1.2524404 1.5752726 1.2407446 1.1373775 0.8196091 0.0000000 1.1489009 1.3878817 1.3878817 1.3822855 1.3976631 1.3662104 1.3662104 1.3708036 1.2875198 1.3581701 2.2061125 2.2111844 1.9031129 2.1026875 1.8114480 1.8114480 2.0951855 1.7743901 1.8023598 2.0207470 4.1876871 4.2441309 4.3733545 8.0348079 3.8391618 3.6369673 4.2135914 3.1398162 6.9719666 3.5130074 3.9410921 2.2076995 2.0517869 0.0935913 
Bralan_BLAG02001439_1                                  1.4998770 1.3507249 1.6786937 1.5917526 1.6883061 1.6349738 1.5557020 1.5569772 1.7877692 1.5198013 1.7700709 1.8441445 1.5513120 1.7005415 2.0395033 1.7913352 1.6173366 1.8280506 1.9193217 1.7324625 1.9754410 1.4900721 1.5443292 1.5048143 1.1489009 0.0000000 1.9757152 1.9842708 1.8904566 1.8961894 1.9135385 1.9191928 1.8935061 1.7303588 1.6717390 2.3918086 2.4356864 2.2855809 2.5641984 2.2974182 2.3498922 2.3741447 2.0787394 2.2383973 2.1581166 4.3025455 4.2782785 4.1731779 9.0000000 4.0638804 3.7879441 4.0908904 2.8676253 8.9999988 3.8231999 4.9896843 2.5749180 2.5771664 1.8781314 
TrH2_TrispH2_002575-RA                                 2.5944141 1.3542373 2.0441849 2.0302629 2.0084565 1.9260097 1.9933721 1.9297168 2.0007418 1.8942181 1.9122054 2.1326603 1.9319858 2.0309605 2.2685014 2.2467844 1.9882855 2.0947037 2.0340728 2.0697870 2.5041189 2.1037856 2.3907978 1.7750661 1.3878817 1.9757152 0.0000000 0.0062573 0.2359248 0.2415226 0.2419387 0.2451421 0.2160353 2.1687929 2.4156975 2.5481000 2.5185433 2.6425279 2.6572070 2.4186721 2.4780829 2.5897773 2.4202164 2.6054352 2.4249061 5.0759062 5.0918028 4.8243187 8.9999989 4.6853377 4.5046782 4.8729823 4.0658121 8.7771517 4.0504949 3.1976424 3.2975134 3.4309176 3.6458862 
Tadh_TriadT54191                                       2.5944141 1.3542373 2.0133141 2.0111271 1.9868916 1.9053218 1.9717969 1.9074943 2.0096570 1.8792648 1.9161547 2.1521079 1.9495286 2.0334165 2.2922981 2.2398154 1.9837838 2.0937163 2.0325540 2.0653936 2.4842684 2.0928691 2.3664326 1.7696164 1.3878817 1.9842708 0.0062573 0.0000000 0.2277440 0.2332707 0.2336806 0.2398216 0.2078260 2.1995283 2.4048036 2.5481000 2.5185433 2.6425279 2.6572070 2.4186721 2.4540046 2.5648820 2.3937829 2.5786577 2.4061552 5.0759062 5.0918028 4.8243187 8.9999989 4.6853377 4.5046782 4.8729823 4.0658121 8.7771517 4.0504949 3.1976424 3.2665409 3.4556871 3.8562706 
HoiH06_mRNA695                                         2.5187639 1.4390114 2.0017282 1.9263505 1.9923540 1.8670654 1.9923093 1.8970672 2.0669097 1.7809600 1.9079920 2.1450043 1.9137497 2.1208935 2.2941154 2.0442872 1.9319888 2.0257233 1.9559817 2.0252281 2.4629541 1.9677307 2.4080951 1.9094089 1.3822855 1.8904566 0.2359248 0.2277440 0.0000000 0.0061674 0.0616362 0.0685906 0.1156629 2.0360750 2.2465532 2.6520322 2.6211654 2.8003521 2.6399148 2.3736405 2.4693287 2.6131768 2.3461559 2.5183010 2.4531265 5.4377521 5.4605115 5.0181211 8.9999985 4.8118098 4.5933918 4.8094272 4.3063435 8.9999988 3.7342022 3.4666736 3.2552852 3.4788774 3.7138191 
HoiH23_PlH23_001124-RA                                 2.5187639 1.4390114 1.9954755 1.9302740 1.9900594 1.8664251 1.9932465 1.8910322 2.0857109 1.7834210 1.9153533 2.1514316 1.9235889 2.1208935 2.2892893 2.0551579 1.9220486 2.0141184 1.9426887 2.0366563 2.4514666 1.9668896 2.4176380 1.9244771 1.3976631 1.8961894 0.2415226 0.2332707 0.0061674 0.0000000 0.0684253 0.0754570 0.1200931 2.0504083 2.2484612 2.6574964 2.6265635 2.7860795 2.6560748 2.3884197 2.4842416 2.6283152 2.3513144 2.5234366 2.4447518 5.4742770 5.4972830 5.0504007 8.9999986 4.8395161 4.6211968 4.8398210 4.3063435 8.9999986 3.7417218 3.4666736 3.2355434 3.4804148 3.7138191 
Hhon_g00566.t1                                         2.4850483 1.4319503 2.0427976 1.9626284 2.0204013 1.8965645 1.9761082 1.9294619 1.9985881 1.7734425 1.9313109 2.1036934 1.9040379 2.0089650 2.3476340 2.0696893 1.9515623 2.0657970 1.9775554 2.0119047 2.4948084 1.8833911 2.3512417 1.8807458 1.3662104 1.9135385 0.2419387 0.2336806 0.0616362 0.0684253 0.0000000 0.0061793 0.1158529 2.0872196 2.2282829 2.5354808 2.5058409 2.6805607 2.6072041 2.3375157 2.3945299 2.4963038 2.2206385 2.4057965 2.3945523 5.1776396 5.1988533 4.9661160 8.9999983 4.6689530 4.4893038 4.6879061 4.1677215 8.8677039 3.6017951 3.4113335 3.2583710 3.4715470 4.2008995 
HoiH04_mRNA12540                                       2.4850483 1.4319503 2.0615087 1.9800956 2.0383838 1.9134387 1.9937704 1.9478087 2.0164257 1.8058789 1.9480581 2.1453584 1.9040379 2.0089650 2.3750765 2.0763626 1.9708664 2.0785433 2.0013771 2.0359151 2.4948084 1.9015827 2.3581830 1.8848351 1.3662104 1.9191928 0.2451421 0.2398216 0.0685906 0.0754570 0.0061793 0.0000000 0.1235450 2.1232614 2.2444320 2.5354808 2.5058409 2.6805607 2.6072041 2.3375157 2.3945299 2.4963038 2.2206385 2.4057965 2.4084954 5.1776396 5.1988533 4.9661160 8.9999983 4.6689530 4.4893038 4.6879061 4.1677215 8.8677039 3.6017951 3.4113335 3.3368498 3.5210570 4.2008995 
HoiH11_mRNA5048                                        2.4544065 1.4697707 2.0633911 1.9382553 1.9972863 1.8902429 1.9836952 1.9161605 2.0006519 1.7474322 1.8570462 2.1879023 1.9011185 2.0347270 2.3595558 2.0470920 1.9138598 1.9863517 1.9128989 1.9959660 2.4484509 1.9614500 2.3418161 1.8918357 1.3708036 1.8935061 0.2160353 0.2078260 0.1156629 0.1200931 0.1158529 0.1235450 0.0000000 2.0435178 2.1015384 2.6055376 2.5755824 2.7173149 2.6989460 2.4037043 2.4242147 2.5648495 2.3582061 2.5259343 2.4486181 4.9441785 4.9594576 4.8108546 8.9999986 4.6099638 4.3479015 4.8159627 4.3540295 8.1205274 3.8789633 3.3241288 3.2978489 3.5261498 3.6025236 
Skow_XM_006814140.1                                    1.8734659 1.1914868 1.8370073 1.7814367 1.8139260 1.7597876 1.7518365 1.6825901 1.8957638 1.3630556 1.8263453 1.8343402 1.4218312 1.7122761 1.7266510 1.6444252 1.5052787 1.6234979 1.5863651 1.5920805 1.6179833 1.7772799 1.7951560 1.8525630 1.2875198 1.7303588 2.1687929 2.1995283 2.0360750 2.0504083 2.0872196 2.1232614 2.0435178 0.0000000 2.1886141 2.7582219 2.7307139 2.4865307 2.7536938 2.6184457 2.7086569 2.7592589 2.0383802 2.1492845 2.5164529 5.0812332 5.1001763 5.0233346 9.0000000 4.5310541 3.9835671 4.8182724 3.6829320 8.5109029 3.9591711 4.5723236 2.8453242 2.6979079 2.7516221 
Hsap_ENST00000247706                                   1.8283371 1.4099895 1.8348164 1.7472139 1.8390666 1.7778442 1.8007820 1.7721975 1.7231583 1.6757464 1.8693518 1.9981495 1.6436962 1.6820528 1.7509828 1.9236978 1.7910265 2.1079383 1.8630696 1.8709480 1.9475510 1.8720002 1.9378752 1.8097284 1.3581701 1.6717390 2.4156975 2.4048036 2.2465532 2.2484612 2.2282829 2.2444320 2.1015384 2.1886141 0.0000000 2.4439104 2.5301119 2.5552621 2.6073367 2.1760565 2.1760565 2.5471671 2.0967535 2.1922521 2.0734246 4.6874368 4.7156350 4.5422426 8.9999987 4.0068594 3.9142960 3.9426673 3.3688247 7.8568507 3.6795538 4.7263744 2.7841897 2.8553656 3.2971336 
Pbac_sb2658775                                         3.6232418 1.8742783 2.1437166 2.1721458 2.1569097 2.1785954 2.2309828 2.0620966 2.2761195 1.8775834 2.3631205 2.1578915 2.0060731 2.1477363 2.3199846 2.2230791 1.9599003 1.9128326 2.1098602 1.9915651 2.1343239 2.1916574 2.1238176 2.3351685 2.2061125 2.3918086 2.5481000 2.5481000 2.6520322 2.6574964 2.5354808 2.5354808 2.6055376 2.7582219 2.4439104 0.0000000 0.0143360 0.6049025 0.7478489 0.8187529 0.8187529 1.0284992 0.8780081 0.9510621 2.9413395 4.7540406 4.7714269 4.4418970 5.1438446 4.7994289 4.4011595 4.6410669 4.2170677 6.5833350 4.0957198 4.7198850 2.8501543 2.6552903 3.9263463 
Horcal_Hcv1.av93.c5.g1178.i1                           3.6232418 1.8535200 2.1489890 2.2116675 2.2144348 2.2466604 2.3152219 2.0746070 2.3035799 1.8725786 2.3628638 2.1542919 2.0494213 2.1548873 2.3283759 2.2270779 1.9836806 1.9291557 2.1605581 2.0415932 2.1610055 2.2040247 2.1172928 2.3757360 2.2111844 2.4356864 2.5185433 2.5185433 2.6211654 2.6265635 2.5058409 2.5058409 2.5755824 2.7307139 2.5301119 0.0143360 0.0000000 0.6093980 0.7547112 0.8088785 0.8088785 1.0472324 0.9067434 0.9742789 2.9784007 4.6707448 4.6879175 4.4200846 5.1438446 4.8077512 4.3271539 4.5614014 4.0939470 6.5833350 4.0592725 4.7198850 2.8975922 2.6446352 4.3778690 
Mlei_ML2079.g5.i1                                      3.9709399 1.8474793 2.2239036 2.2188150 2.2747774 2.2928974 2.2908212 2.2213297 2.2873644 1.9865647 2.2860504 2.2130813 2.0431015 2.1443804 2.2136293 2.2493659 1.8966767 1.8759966 2.0752644 1.9404482 2.0243068 2.1859668 2.1225094 2.2457634 1.9031129 2.2855809 2.6425279 2.6425279 2.8003521 2.7860795 2.6805607 2.6805607 2.7173149 2.4865307 2.5552621 0.6049025 0.6093980 0.0000000 0.5652235 0.7683748 0.7683748 0.9346482 0.8940505 1.0205004 3.0245970 3.8725840 3.8843266 4.0076235 5.4666852 4.3464834 3.8869967 4.2001653 3.4299754 6.4435559 3.8815771 4.8563703 3.2397335 3.1191132 3.2464586 
Beraby_Baby_sb331669                                   4.0915170 1.8534880 2.2264777 2.2080471 2.4910557 2.4743989 2.4571932 2.2938573 2.6060315 2.0852965 2.3733692 2.2380397 1.9962061 1.9613213 2.5438259 2.3983109 2.0258326 2.0878374 2.2204680 2.1793474 2.2290239 2.2900455 2.2905372 2.3530741 2.1026875 2.5641984 2.6572070 2.6572070 2.6399148 2.6560748 2.6072041 2.6072041 2.6989460 2.7536938 2.6073367 0.7478489 0.7547112 0.5652235 0.0000000 0.7956355 0.7956355 0.9945916 0.9929669 1.1046684 2.9071529 4.0356055 4.0428625 3.9187148 5.4866098 4.1007703 3.9303665 4.0528746 3.2159109 5.5449665 3.9456765 3.9649328 3.3707432 3.1374055 3.3254832 
Lampan_Lpan_4723_01                                    2.3675493 1.6277634 1.9597408 1.9050204 2.0060001 2.0168896 2.0035169 1.8780721 2.2520249 1.6768259 2.2059622 2.1034220 1.9985367 2.0069306 2.2089256 2.0001327 1.9711676 2.0787411 2.1570121 2.0100375 2.2588536 2.1126290 1.8867620 2.0549662 1.8114480 2.2974182 2.4186721 2.4186721 2.3736405 2.3884197 2.3375157 2.3375157 2.4037043 2.6184457 2.1760565 0.8187529 0.8088785 0.7683748 0.7956355 0.0000000 0.0140482 0.9144855 0.8528381 0.9470824 2.7074320 4.4708117 4.4828326 4.4947373 6.2072760 4.4654939 4.2652175 4.1160695 3.4638068 7.4453571 3.7323919 4.0716244 2.6040310 2.7740953 4.0889238 
Lampan_Lpan_4724_01                                    2.3675493 1.6277634 1.9786606 1.9963031 2.0573385 2.0799517 2.0494276 1.9920568 2.2561409 1.6768259 2.2910654 2.1034220 2.0904996 2.0961916 2.2709291 2.0001327 2.0566474 2.1850148 2.2675233 2.0639601 2.2520041 2.0778330 1.9575499 2.0549662 1.8114480 2.3498922 2.4780829 2.4540046 2.4693287 2.4842416 2.3945299 2.3945299 2.4242147 2.7086569 2.1760565 0.8187529 0.8088785 0.7683748 0.7956355 0.0140482 0.0000000 0.9264494 0.8562942 0.9613355 2.7074320 4.4708117 4.4828326 4.4947373 6.2072760 4.4654939 4.2652175 4.1160695 3.4638068 7.4453571 3.7323919 4.0716244 2.6040310 2.7740953 4.3239026 
Vmul_SimC394754                                        3.4008969 1.6239681 2.1895793 2.3757015 2.3337191 2.3502207 2.2964757 2.0809448 2.3937003 1.9966258 2.4970184 2.2128318 2.1575691 2.0217505 2.6011215 2.1929497 2.2184041 2.4289000 2.3125297 2.5075318 2.5143854 2.3535013 2.0655773 2.3765958 2.0951855 2.3741447 2.5897773 2.5648820 2.6131768 2.6283152 2.4963038 2.4963038 2.5648495 2.7592589 2.5471671 1.0284992 1.0472324 0.9346482 0.9945916 0.9144855 0.9264494 0.0000000 0.6186948 0.6586817 3.0413444 4.1243681 4.1628234 4.3311589 6.4692809 4.2236252 3.9286348 4.1328545 3.6071117 7.5446282 4.1988196 4.1315244 3.3298287 3.0875962 3.5312252 
Coemet_Cmet_scaffold16282_01                           3.5250383 1.1999628 1.6719829 1.8496049 1.8148930 1.8321465 1.8348102 1.6433892 1.8969666 1.5505839 2.1057913 1.7422985 1.9797687 2.0312398 1.9655898 1.7223284 1.9627046 2.0389816 2.0137184 1.8061459 1.9521449 2.0837672 1.7702680 2.1165849 1.7743901 2.0787394 2.4202164 2.3937829 2.3461559 2.3513144 2.2206385 2.2206385 2.3582061 2.0383802 2.0967535 0.8780081 0.9067434 0.8940505 0.9929669 0.8528381 0.8562942 0.6186948 0.0000000 0.0550133 2.5101493 5.2129336 5.1656732 4.9968545 6.7790989 5.3666372 4.6059091 4.5769476 4.1240647 7.8683595 4.2713981 4.8653247 2.8499631 2.1874169 4.2772450 
Coeast_Cast_sb832127                                   3.2772941 1.3529398 1.8355544 2.0759577 2.0577920 2.0943511 2.0348271 1.8482668 2.1340130 1.6082811 2.2551062 1.8297051 1.9757417 2.0816264 2.1272045 1.8451922 2.0659634 2.1621693 2.2350723 2.0709492 2.1323225 2.3489430 1.9406646 2.2476252 1.8023598 2.2383973 2.6054352 2.5786577 2.5183010 2.5234366 2.4057965 2.4057965 2.5259343 2.1492845 2.1922521 0.9510621 0.9742789 1.0205004 1.1046684 0.9470824 0.9613355 0.6586817 0.0550133 0.0000000 2.9190896 5.6101973 5.7429211 5.2882592 7.0023294 5.2870806 4.7922151 4.8055602 4.6744250 7.8615735 4.2243187 4.2846382 2.9784876 2.3473629 4.3395547 
Plespi_Pspi_scaffold5954_01                            9.0000000 1.9421380 2.0795429 2.3572542 2.3117306 2.1988186 2.1840880 2.2460215 2.1664260 2.4365443 2.2160995 2.4747500 2.1243352 1.8743514 2.3345864 2.6279727 2.2619983 2.3688248 2.2617952 2.3567728 2.0947644 2.1028836 2.2841934 2.2061848 2.0207470 2.1581166 2.4249061 2.4061552 2.4531265 2.4447518 2.3945523 2.4084954 2.4486181 2.5164529 2.0734246 2.9413395 2.9784007 3.0245970 2.9071529 2.7074320 2.7074320 3.0413444 2.5101493 2.9190896 0.0000000 4.8356936 4.8356936 4.9224634 8.9999981 4.3964819 3.9273739 3.9543008 3.2144950 4.3643681 5.5157567 6.4783259 3.4632100 3.4342119 5.5148119 
Emue_Em0018g906a.t1                                    4.1812342 3.3947439 4.1284101 4.3332667 4.4585488 4.4455315 4.2179651 4.2146244 4.2071572 3.8052591 4.0406987 4.5504798 4.5119325 4.2898677 4.4980077 4.3630498 4.2794756 4.2859599 4.1037351 4.1259547 4.2214775 4.0474874 4.2986931 4.0051891 4.1876871 4.3025455 5.0759062 5.0759062 5.4377521 5.4742770 5.1776396 5.1776396 4.9441785 5.0812332 4.6874368 4.7540406 4.6707448 3.8725840 4.0356055 4.4708117 4.4708117 4.1243681 5.2129336 5.6101973 4.8356936 0.0000000 0.0114362 0.2973630 0.1945076 0.9027850 0.8322148 1.2444384 0.9961830 1.1070553 1.8212795 3.5017572 5.0194716 5.0127627 3.2741953 
Emue_Em0018g945a.t1                                    4.1812342 3.3947439 4.1412090 4.4072450 4.5501555 4.5209402 4.2886952 4.2297653 4.2142770 3.8602416 4.1033934 4.5421368 4.5224226 4.2898677 4.5088502 4.4082969 4.2876798 4.2909949 4.1025050 4.1447841 4.2448343 4.0257282 4.2758602 4.0118196 4.2441309 4.2782785 5.0918028 5.0918028 5.4605115 5.4972830 5.1988533 5.1988533 4.9594576 5.1001763 4.7156350 4.7714269 4.6879175 3.8843266 4.0428625 4.4828326 4.4828326 4.1628234 5.1656732 5.7429211 4.8356936 0.0114362 0.0000000 0.2976750 0.1780020 0.9013168 0.8436414 1.2455484 0.9961830 1.0340582 1.8284854 3.5017572 4.9789613 5.0208583 3.3315075 
Spolac_c99833_g1_i1_m.20710c99833-g1                   6.1344094 3.4301015 4.0756799 4.1155541 4.4548140 4.3929234 4.2644022 4.1236393 3.9448250 3.6055535 3.9735469 4.8379581 4.6809659 4.2862742 4.5253378 4.4078333 4.0540145 4.2923348 3.9831996 4.1833881 3.9834384 3.9893320 4.6653852 4.0396017 4.3733545 4.1731779 4.8243187 4.8243187 5.0181211 5.0504007 4.9661160 4.9661160 4.8108546 5.0233346 4.5422426 4.4418970 4.4200846 4.0076235 3.9187148 4.4947373 4.4947373 4.3311589 4.9968545 5.2882592 4.9224634 0.2973630 0.2976750 0.0000000 0.4227611 1.0134943 0.9896752 1.1815340 0.9998479 1.3886755 1.8292418 4.5659207 4.7839094 4.7322362 2.6492893 
Emue_Em0018g957a.t1                                    3.6532236 9.0000000 8.5846953 6.7290221 7.2734164 7.1689410 6.5902691 5.5287011 7.3409335 7.1083982 7.7780687 8.9999983 7.1990676 3.9310119 5.6782012 8.9999987 7.1096427 7.3700523 5.5957262 6.9081585 6.5638039 5.0424670 7.1580359 6.2559537 8.0348079 9.0000000 8.9999989 8.9999989 8.9999985 8.9999986 8.9999983 8.9999983 8.9999986 9.0000000 8.9999987 5.1438446 5.1438446 5.4666852 5.4866098 6.2072760 6.2072760 6.4692809 6.7790989 7.0023294 8.9999981 0.1945076 0.1780020 0.4227611 0.0000000 0.7733174 0.8828987 0.9468965 9.0000000 0.6671618 1.8094108 8.9999986 8.9999980 8.2264995 3.8130333 
Tetwil_g12702.t1                                       2.1366393 3.3824466 3.5440538 3.8737646 4.2232828 3.9728063 3.9561783 3.8022116 3.9365857 3.7884441 4.0022070 4.3571550 4.5232979 4.7030481 4.1353982 3.7299296 3.6893353 4.0540638 3.9371134 3.8318802 3.9762901 3.8998279 4.4031209 4.0271128 3.8391618 4.0638804 4.6853377 4.6853377 4.8118098 4.8395161 4.6689530 4.6689530 4.6099638 4.5310541 4.0068594 4.7994289 4.8077512 4.3464834 4.1007703 4.4654939 4.4654939 4.2236252 5.3666372 5.2870806 4.3964819 0.9027850 0.9013168 1.0134943 0.7733174 0.0000000 0.6701791 1.1391771 1.0747432 2.2087519 1.7623271 5.0343213 5.2093399 4.6908404 2.3015640 
Stycar_maker-SC_scaffold3519-augustus-gene-0.22-mRNA-1 3.2404805 3.0379572 3.5561922 3.6040399 3.6428979 3.5762581 3.6734217 3.4966376 3.5391900 3.1374304 3.6140619 4.1766688 4.0395361 3.9595561 3.8855868 3.6614139 3.8407346 3.9304395 3.6442377 3.4908682 3.6841495 3.5533926 3.8624576 3.4367449 3.6369673 3.7879441 4.5046782 4.5046782 4.5933918 4.6211968 4.4893038 4.4893038 4.3479015 3.9835671 3.9142960 4.4011595 4.3271539 3.8869967 3.9303665 4.2652175 4.2652175 3.9286348 4.6059091 4.7922151 3.9273739 0.8322148 0.8436414 0.9896752 0.8828987 0.6701791 0.0000000 1.1277144 0.8150780 2.4091362 1.5247894 4.2204699 4.7023458 4.4266406 2.2509920 
Aque_Aqu2.1.34782_001                                  2.9357207 3.2712904 3.9053975 4.0874573 4.1372919 4.1190302 4.0465362 3.8981773 4.0102007 3.7527310 4.3250792 5.0884202 4.3232185 4.3042855 4.4079269 4.2785990 4.2305536 4.2720698 3.9881186 3.8405576 3.9087187 3.6017167 4.4410799 3.8944112 4.2135914 4.0908904 4.8729823 4.8729823 4.8094272 4.8398210 4.6879061 4.6879061 4.8159627 4.8182724 3.9426673 4.6410669 4.5614014 4.2001653 4.0528746 4.1160695 4.1160695 4.1328545 4.5769476 4.8055602 3.9543008 1.2444384 1.2455484 1.1815340 0.9468965 1.1391771 1.1277144 0.0000000 0.6959519 2.1803125 1.9326029 4.4497455 5.5122888 4.6469034 2.5239325 
Xestes_maker-XT_scaffold25661-augustus-gene-0.7-mRNA-1 0.0000010 2.8626474 3.0093544 3.2307937 3.2445480 3.2291241 3.1247206 3.3184864 3.1531243 2.9869252 3.1484523 3.9234042 3.7859678 3.7321194 3.7594029 2.9347275 3.6786060 3.8277836 3.7222876 3.1111097 3.0601985 2.8645669 3.5579786 3.1085438 3.1398162 2.8676253 4.0658121 4.0658121 4.3063435 4.3063435 4.1677215 4.1677215 4.3540295 3.6829320 3.3688247 4.2170677 4.0939470 3.4299754 3.2159109 3.4638068 3.4638068 3.6071117 4.1240647 4.6744250 3.2144950 0.9961830 0.9961830 0.9998479 9.0000000 1.0747432 0.8150780 0.6959519 0.0000000 5.9972739 2.1336753 3.2922076 4.1876535 3.6655844 3.5039995 
Emue_Em0018g867a.t1                                    5.4729337 8.9999983 6.7993626 6.4347524 7.5012341 7.0240356 7.1311256 7.0659431 6.4880365 6.1336023 6.1492962 8.3618243 7.0870827 8.9999986 7.9309893 7.1840447 5.7606376 6.1788073 5.8047705 6.0147861 6.0892150 5.8716108 7.1009906 6.3671523 6.9719666 8.9999988 8.7771517 8.7771517 8.9999988 8.9999986 8.8677039 8.8677039 8.1205274 8.5109029 7.8568507 6.5833350 6.5833350 6.4435559 5.5449665 7.4453571 7.4453571 7.5446282 7.8683595 7.8615735 4.3643681 1.1070553 1.0340582 1.3886755 0.6671618 2.2087519 2.4091362 2.1803125 5.9972739 0.0000000 2.9530421 8.9999987 8.8607730 6.6900417 5.4148140 
Opea_EP00118_Oscarella_pearsei_P006973                 1.2657835 3.7455329 3.5124905 3.6000909 3.6219971 3.5849896 3.6202989 3.6225827 3.4460427 3.5265791 3.3708886 4.1083460 3.4427454 3.7971655 3.5684926 3.8995984 3.4776631 3.5682838 3.3873151 3.1432228 3.3567443 3.2992089 3.7038453 3.0913980 3.5130074 3.8231999 4.0504949 4.0504949 3.7342022 3.7417218 3.6017951 3.6017951 3.8789633 3.9591711 3.6795538 4.0957198 4.0592725 3.8815771 3.9456765 3.7323919 3.7323919 4.1988196 4.2713981 4.2243187 5.5157567 1.8212795 1.8284854 1.8292418 1.8094108 1.7623271 1.5247894 1.9326029 2.1336753 2.9530421 0.0000000 2.1570092 4.8761571 4.7935696 2.8828709 
Opea_EP00118_Oscarella_pearsei_P006974                 0.0000010 4.5568147 5.4113964 4.5603575 4.5812357 4.5349145 4.8017460 4.3038491 3.6144333 4.4083488 2.2562406 3.3564748 3.3962596 3.1649657 3.5679266 4.5102103 4.2004316 3.8098572 3.5982864 3.1043885 2.7548946 3.5601805 4.4363383 3.8086204 3.9410921 4.9896843 3.1976424 3.1976424 3.4666736 3.4666736 3.4113335 3.4113335 3.3241288 4.5723236 4.7263744 4.7198850 4.7198850 4.8563703 3.9649328 4.0716244 4.0716244 4.1315244 4.8653247 4.2846382 6.4783259 3.5017572 3.5017572 4.5659207 8.9999986 5.0343213 4.2204699 4.4497455 3.2922076 8.9999987 2.1570092 0.0000000 5.0774208 4.5200993 9.0000000 
Dpul_mRNA8500                                          2.5211811 2.3436384 2.4646850 2.5486980 2.4870441 2.4732108 2.5186948 2.4722956 2.4977158 2.3782945 2.5004651 2.7740251 2.2581575 2.3291355 2.5020846 2.9184985 2.6087927 2.7220507 2.4153148 2.7234398 2.3443707 2.8633271 2.0986736 2.3514396 2.2076995 2.5749180 3.2975134 3.2665409 3.2552852 3.2355434 3.2583710 3.3368498 3.2978489 2.8453242 2.7841897 2.8501543 2.8975922 3.2397335 3.3707432 2.6040310 2.6040310 3.3298287 2.8499631 2.9784876 3.4632100 5.0194716 4.9789613 4.7839094 8.9999980 5.2093399 4.7023458 5.5122888 4.1876535 8.8607730 4.8761571 5.0774208 0.0000000 1.7669546 3.1743456 
Tcas_TC004663_001                                      1.9951621 2.1218897 2.5399283 2.3229858 2.3338736 2.2830899 2.3153099 2.1427547 2.4589273 2.2997782 2.4704957 2.8671053 2.3748205 2.5229089 2.2795500 2.7492319 2.2577906 2.2498340 2.1647368 2.1740568 2.5023188 2.7132346 2.1495401 2.1624852 2.0517869 2.5771664 3.4309176 3.4556871 3.4788774 3.4804148 3.4715470 3.5210570 3.5261498 2.6979079 2.8553656 2.6552903 2.6446352 3.1191132 3.1374055 2.7740953 2.7740953 3.0875962 2.1874169 2.3473629 3.4342119 5.0127627 5.0208583 4.7322362 8.2264995 4.6908404 4.4266406 4.6469034 3.6655844 6.6900417 4.7935696 4.5200993 1.7669546 0.0000000 2.8561892 
Ctel_gnl_WGS_AMQN_CAPTEDRAFT_mRNA194275                2.5152043 3.4404131 2.5871842 4.4464475 3.8849026 3.1850089 4.1098624 3.2407997 3.0106874 2.5581551 4.4271052 2.6659998 2.6742099 5.9035401 5.8322852 2.5921280 3.3217839 3.3723869 3.5009014 3.1257416 2.9419645 2.4330155 5.2239827 1.0294323 0.0935913 1.8781314 3.6458862 3.8562706 3.7138191 3.7138191 4.2008995 4.2008995 3.6025236 2.7516221 3.2971336 3.9263463 4.3778690 3.2464586 3.3254832 4.0889238 4.3239026 3.5312252 4.2772450 4.3395547 5.5148119 3.2741953 3.3315075 2.6492893 3.8130333 2.3015640 2.2509920 2.5239325 3.5039995 5.4148140 2.8828709 9.0000000 3.1743456 2.8561892 0.0000000 
