83
Adig_XM_015910266.1                                    0.0000000 0.5300614 1.6462289 1.7557883 0.4491488 2.9643579 0.9965661 1.7088424 2.7143838 2.5949429 3.0069960 3.6745695 0.0000010 3.4326946 4.7398259 3.5625715 0.0000010 2.7138113 2.9728782 3.0193610 2.9748054 3.4830296 2.9673412 3.3262386 3.4543721 3.7686864 3.5805026 3.5764496 3.7223155 3.5320425 3.6356798 3.7246131 3.7246131 3.0874049 3.1266271 9.0000000 2.5375807 4.8667012 3.4208453 4.7435244 5.7893611 4.5125122 3.5450232 3.8863483 0.0000010 0.0000010 3.2755280 3.2416536 3.3701274 3.2511425 0.0000010 4.2780640 3.4718843 4.1979855 2.4284175 0.0000010 2.9943621 0.0000010 1.9191615 4.9334340 6.5030351 6.1805582 3.0638647 2.9750339 0.0000010 5.1764049 5.1475635 5.0513750 3.9516380 4.8377345 2.7503014 4.0816149 0.0000010 3.6178031 6.8583406 0.0000010 2.6555151 2.6555151 3.8088269 0.0000010 0.0000010 0.0000010 0.0000010 
Fspp_ffun1.m4.31819.m1                                 0.5300614 0.0000000 0.4213735 0.4414051 0.4175232 0.7843118 0.2840435 0.2933933 1.2991045 1.1555618 1.6672805 2.6056246 2.5804541 2.2016478 0.0000010 2.0883856 0.0000010 1.2677144 1.6166242 1.2760460 1.4732002 2.0088357 1.1704805 1.8412219 2.0200425 2.2627505 2.1279752 2.0910450 2.0943906 1.9571109 1.9727970 2.0441772 2.0441772 1.7416642 1.7406455 0.9582364 2.1598584 2.0705620 2.0442084 2.8532754 2.1255440 2.3262391 1.5768192 1.8823289 6.1080942 0.0000010 2.3929206 2.3143130 2.3349061 1.7131248 4.9947847 3.1078459 2.9796211 3.2326848 2.5298967 2.2988831 2.3030379 2.7995699 2.1299665 2.7667657 2.4245960 1.5327235 2.2555071 2.2826780 0.0000010 2.7161883 2.7409419 2.8950514 2.3763193 2.7713650 2.8537100 2.2884623 2.0796190 3.0469942 2.9158041 3.1822832 2.7963296 2.0772572 1.9404191 2.5751343 2.5751343 2.4860273 1.3182144 
Spis_XP_022779743_1                                    1.6462289 0.4213735 0.0000000 0.1237469 0.4832599 0.2885882 0.3747964 0.4284177 1.0067551 0.9628467 1.2622433 1.5600379 1.9034174 1.6383344 2.1103761 1.4881704 1.6916250 1.3854531 1.3162474 1.2055987 1.3431107 1.4709017 1.3105719 1.5247026 1.5942593 1.5410455 1.5907496 1.7903847 1.7348919 1.9240070 1.8113142 1.8088007 1.8086886 1.5323545 1.7257497 2.0782208 1.8241033 1.7811199 1.6710989 1.7560819 1.5712369 1.6557462 1.9567331 1.8653402 1.9114142 1.4235691 1.7556789 1.7003344 1.7400890 1.6098068 2.0611183 2.0706015 1.9647106 2.1232113 2.2154292 2.2239742 1.8958809 2.1015128 1.5594825 1.8292781 1.8117191 1.7268439 1.7698976 1.4664464 2.1315844 2.6933064 2.7520789 2.8210398 2.5371743 2.4861045 3.0159096 2.6163725 3.2568332 2.5384325 2.5666971 3.4953074 2.1685594 2.3980261 2.4542820 3.0880812 3.2013391 3.1559384 2.5329584 
Pocdam_XM_027184383.1                                  1.7557883 0.4414051 0.1237469 0.0000000 0.4714371 0.2803346 0.3719190 0.4068203 1.0042305 0.9309103 1.2387496 1.5056773 1.9791663 1.5707591 1.6373410 1.4485796 1.6991360 1.3768026 1.3099907 1.1858587 1.3361779 1.4072008 1.3059052 1.5198851 1.5522204 1.5394961 1.5890604 1.7728824 1.7425574 1.9051622 1.7984666 1.8002116 1.8001011 1.5521026 1.7283809 2.0180730 1.8629603 1.7412876 1.6372451 1.8785473 1.5579316 1.6416751 1.8865005 1.8263297 2.0775890 1.5599823 1.7773015 1.7210413 1.7184980 1.6091351 2.0770046 2.0226709 1.9737720 2.0217977 2.1593146 2.1193046 1.8443801 2.0332336 1.6068962 1.7928078 1.7928265 1.7467211 1.7798638 1.4658492 2.2421876 2.5722985 2.6798814 2.7553738 2.4934378 2.4576198 2.9339653 2.5756666 3.2540779 2.4425789 2.4723812 3.7022890 2.1399054 2.3391426 2.4167624 3.0822188 3.1684648 3.2548927 2.3631575 
Amil_Amillepora01869-RA                                0.4491488 0.4175232 0.4832599 0.4714371 0.0000000 0.3229562 0.2639879 0.4910496 0.9989660 0.9463566 1.1785297 1.4404375 2.0521355 1.6330540 1.7055165 1.4700806 1.4714127 1.4795044 1.3040794 1.1947472 1.3169885 1.4578329 1.3529997 1.5241865 1.6518373 1.5094813 1.6138407 1.7888618 1.7598002 1.8336157 1.7873399 1.7826026 1.7753881 1.3982139 1.6966815 1.8589177 1.9118897 1.7756661 1.6851714 1.6182043 1.6167092 1.6264009 1.9923065 1.9244155 2.4090562 1.5462671 1.7958214 1.8304890 1.7450845 1.5760799 2.0186849 2.1437331 2.0553134 2.1775513 2.3372197 2.1362771 1.9154211 2.0416464 1.5874809 1.8372418 1.7859109 1.7103626 1.8230911 1.4301616 2.2374998 2.7788932 2.7391501 2.8430790 2.4353141 2.4518201 3.1738367 2.6583180 3.2318852 2.4170328 2.5079191 3.1983338 2.2435056 2.3408511 2.4995895 2.9261789 2.3373594 2.8069328 2.6674601 
Fspp_ffun1.m4.1009.m1                                  2.9643579 0.7843118 0.2885882 0.2803346 0.3229562 0.0000000 0.2141760 0.2598569 0.7877188 0.7817081 1.0212753 1.1865249 2.1139388 1.4563746 1.5600274 1.4120833 1.4089583 1.2330412 1.0778391 1.0467238 1.1157615 1.2713565 1.2677387 1.3542119 1.1876848 1.3344289 1.1767334 1.4425212 1.4759851 1.6412264 1.4815772 1.4676225 1.4674591 1.3191201 1.6274440 1.4661052 1.1570038 1.6537853 1.4900553 1.5770600 1.5578412 1.5032275 1.9828515 1.7740119 2.0211130 1.5781305 1.6052995 1.5722479 1.5368246 1.5480845 2.0025705 1.9047023 1.8016458 1.8760331 1.7949750 2.1261808 1.7557040 2.0441035 1.1106371 1.6857190 1.7552066 1.7065038 1.6883979 1.3683012 2.3339867 2.6711993 2.7040278 2.8213133 2.3579917 2.3736982 2.8420469 2.5813805 3.0817224 2.6028560 2.5447018 3.4864679 2.3104348 2.4015643 2.4558279 2.8779377 2.9369264 3.1886949 2.7044035 
Gfas_gfas1.m1.7628.m1                                  0.9965661 0.2840435 0.3747964 0.3719190 0.2639879 0.2141760 0.0000000 0.3159838 0.8891852 0.8567229 1.1054448 1.3493401 2.2187810 1.5302379 1.5502962 1.4319499 1.4893764 1.3422193 1.2204572 1.1059574 1.2794331 1.3789769 1.2570952 1.3986492 1.5010344 1.4583144 1.4273146 1.6637460 1.6427997 1.7858023 1.6609832 1.6651157 1.6649921 1.4304858 1.6216158 2.0150067 1.5700522 1.6269399 1.5711551 1.4996877 1.6161374 1.6297785 1.9130900 1.8070577 1.8732404 1.3661065 1.5984898 1.5630314 1.5353295 1.6318904 1.9027630 1.9801101 1.8575045 1.9758590 1.7822607 2.0688771 1.7763844 1.9971488 1.2791910 1.8558563 1.7293615 1.5748680 1.7620741 1.4042691 2.4215897 2.6996855 2.7274174 2.8182054 2.3268325 2.3541937 2.8807257 2.5272582 3.1042045 2.5131233 2.4736347 3.4395276 2.2764388 2.6151373 2.3814559 2.8653652 3.1235546 3.4179710 2.5201767 
Gasp_gasp1.m3.6384.m1                                  1.7088424 0.2933933 0.4284177 0.4068203 0.4910496 0.2598569 0.3159838 0.0000000 0.9508322 0.9444775 1.2075039 1.4452791 3.4252074 1.6499747 1.5803742 1.6929795 1.4084926 1.3898556 1.2972801 1.2452938 1.3313489 1.3456562 1.3873744 1.4648318 1.3659281 1.5475885 1.3465601 1.6610874 1.6757945 1.9005789 1.7079929 1.6998897 1.6997505 1.3134713 1.7201906 1.8762332 1.5475752 2.0651790 1.7578920 1.4790190 1.8726702 1.7446014 1.9764686 1.9403635 2.4406246 1.6733309 1.8478407 1.7638541 1.6130554 1.6899821 2.4034226 2.0961144 2.0992931 2.0226485 1.9175255 2.4986327 1.8890070 2.2707747 1.2789242 1.8034563 2.0618093 2.0876492 1.7744884 1.3583370 2.2794941 2.5596169 2.8839305 3.0231940 2.3246168 2.6643618 3.4149566 2.7985767 4.4833453 3.3117943 2.9399772 4.8452974 2.8236599 2.7200056 2.4632654 4.1265773 4.4919341 4.3893879 3.5194015 
Nvec_v1g248196                                         2.7143838 1.2991045 1.0067551 1.0042305 0.9989660 0.7877188 0.8891852 0.9508322 0.0000000 0.5230028 1.0553858 1.3058139 2.2483227 1.4339361 1.5741145 1.2904905 1.3647482 1.3932031 1.1791163 1.1249168 1.1844320 1.2938213 1.2497298 1.4398588 1.4296001 1.3966877 1.4362287 1.5491886 1.5794264 1.7034846 1.5908086 1.5840834 1.5868683 1.5791990 1.7093409 2.0981529 1.6164186 1.5855364 1.6146083 1.5729573 1.3378714 1.5806107 1.7967650 1.7446069 2.0730630 1.5555195 1.8361834 1.7692200 1.7299246 1.5278232 1.9018646 1.9566835 1.9336438 1.9963146 2.2685314 1.7431850 1.6993874 1.5833764 1.5591090 1.7494448 1.6381990 1.3887648 1.6879350 1.4940661 2.6505211 2.6258322 2.7605901 2.8215932 2.6194061 2.5980567 3.4018683 2.6884819 3.4631968 2.5931339 2.5697633 3.6984957 2.1863716 1.9508793 2.5207684 3.1715949 3.2544622 3.2111197 2.9042837 
Exapal_XM_021042596.2                                  2.5949429 1.1555618 0.9628467 0.9309103 0.9463566 0.7817081 0.8567229 0.9444775 0.5230028 0.0000000 1.0742785 1.3061437 2.3446498 1.4743407 1.5689079 1.3184622 1.3250223 1.3136067 1.1233023 1.1036973 1.1916102 1.2761984 1.2428759 1.4029021 1.4074177 1.4410765 1.3228900 1.5079385 1.5469537 1.6958108 1.5831232 1.5571006 1.5535377 1.5951987 1.7112213 1.8754314 1.5795860 1.6569746 1.5778199 1.4778469 1.4756330 1.5263687 1.7501408 1.7882424 2.1017279 1.5345527 1.7275851 1.6612275 1.5699068 1.4817146 1.8996180 1.9023477 1.9349171 1.9730353 1.9463994 1.8432146 1.6222042 1.7523810 1.3966295 1.6693190 1.6073070 1.4015784 1.6878749 1.4615317 2.3131063 2.7358562 2.7367043 2.7840602 2.5572118 2.5033376 3.0414596 2.6282093 3.0178609 2.5838453 2.5616618 3.4508489 2.2715994 2.3858281 2.3561949 3.0512739 3.1670260 3.2350458 2.8549341 
Dgig_XM_028543151.1                                    3.0069960 1.6672805 1.2622433 1.2387496 1.1785297 1.0212753 1.1054448 1.2075039 1.0553858 1.0742785 0.0000000 0.5813604 2.4987612 1.5647465 1.8970216 1.4389559 1.3577818 1.4761697 1.2538820 1.1960652 1.2514091 1.3735822 1.2996889 1.4877856 1.5593480 1.4814344 1.4369775 1.6338973 1.5823476 1.6923372 1.6018553 1.5896225 1.5912848 1.7943425 1.8381003 2.3994752 1.8626093 1.6007684 1.7121471 1.6628208 1.5783242 1.6627354 2.0564629 2.0464988 2.3480790 1.3955373 1.7745063 1.7408502 1.6926074 1.7278492 2.0230831 2.0731650 2.0110056 2.0131317 2.2186060 2.1864502 1.9151488 1.9683784 1.6569558 1.8850299 1.7106783 1.6486137 1.8873169 1.8345728 2.0297717 2.4329174 2.6154158 2.6890531 2.4728473 2.3952356 3.7664534 2.5137363 3.7525263 2.7461186 2.6318022 3.8576796 2.2167780 2.1185883 2.3573307 3.1939754 3.5459344 3.1234277 2.8633972 
Xesp_002250-T1                                         3.6745695 2.6056246 1.5600379 1.5056773 1.4404375 1.1865249 1.3493401 1.4452791 1.3058139 1.3061437 0.5813604 0.0000000 2.6628079 1.7554272 1.9413581 1.5876268 2.2220335 1.6206985 1.4874766 1.3802078 1.4803958 1.5691929 1.4085999 1.6015570 1.8166249 1.6483859 1.5889590 1.9307769 1.9002023 2.0069149 1.8874632 1.8809141 1.8829954 2.0687766 1.9903853 2.5916016 2.0376664 1.9194934 1.8805097 1.8384621 1.7581662 1.8407905 2.2480218 2.2253974 3.0786588 1.6163485 2.0241638 1.9641786 1.8635695 1.9667084 2.2236166 2.0974013 2.1116905 2.0896673 2.3496558 2.3532852 2.0735259 2.2620107 2.0631008 1.8326993 1.9341428 1.7830716 2.0738501 1.7996745 2.2019276 2.4404726 2.6560372 2.6749218 2.6299206 2.6234167 4.9027273 2.7636228 4.3418996 2.8075112 2.6987135 4.4160085 1.9584728 1.9176752 2.3897262 3.4135755 4.0172623 3.7687419 2.5517141 
Opea_EP00118_Oscarella_pearsei_P003669                 0.0000010 2.5804541 1.9034174 1.9791663 2.0521355 2.1139388 2.2187810 3.4252074 2.2483227 2.3446498 2.4987612 2.6628079 0.0000000 0.1210168 2.1975240 1.2237141 9.0000000 1.7838762 2.0388562 1.8756562 1.8518469 2.2628120 2.7683615 2.1546314 2.6332360 2.4724340 2.7306490 2.6336157 2.6893498 2.6256724 2.5634733 2.7059555 2.7059555 3.1232666 3.2283522 1.4474769 3.4226114 3.2369021 2.9854907 6.7344006 2.1960115 2.6388170 3.1197165 2.7619616 2.0746846 6.6900332 2.0337924 1.9980203 2.9332060 3.0204552 2.6429193 2.8876575 2.7873039 3.7819566 6.2238835 2.4413084 2.5415558 2.4064534 3.7354530 2.2409636 2.7528042 2.6725606 2.9309897 1.9806009 0.0000010 3.5835818 3.5346465 4.0239006 2.7862448 3.0894431 2.9132034 3.0694020 3.1880547 2.8283837 2.8309943 3.2278839 2.9616769 5.1996422 3.7901884 3.2808486 2.6610772 3.2313717 4.7527295 
Opea_EP00118_Oscarella_pearsei_P003670                 3.4326946 2.2016478 1.6383344 1.5707591 1.6330540 1.4563746 1.5302379 1.6499747 1.4339361 1.4743407 1.5647465 1.7554272 0.1210168 0.0000000 0.2224539 0.7484970 1.8094342 1.4023654 1.2874654 1.2272392 1.3151035 1.4812952 1.4187249 1.4829057 0.8890916 1.4922923 1.4642428 1.7391669 1.7954394 1.9314701 1.7698119 1.8041050 1.8058789 1.6526363 1.8111450 1.9608684 1.9597906 2.0881402 1.7967827 2.1839505 1.9034961 1.9287477 2.1766464 2.1811857 1.8273283 1.7841263 1.6205524 1.5951273 1.5694891 1.8830621 2.1308473 2.0378982 1.8933868 1.9671182 2.2721745 2.1789127 1.8183224 2.1045662 1.4983315 1.6164006 1.9010504 1.7735708 1.9625692 1.4131875 2.1571878 2.7251227 2.7916998 2.8242661 2.4255237 2.4996991 3.0663349 2.5610839 3.0169841 2.3990405 2.4348570 3.1414014 2.0750093 2.1488362 2.3982283 2.8708128 2.4156043 2.9500713 2.9386428 
Ocar_g10785                                            4.7398259 0.0000010 2.1103761 1.6373410 1.7055165 1.5600274 1.5502962 1.5803742 1.5741145 1.5689079 1.8970216 1.9413581 2.1975240 0.2224539 0.0000000 1.1478647 0.0000010 1.6598732 1.4571924 1.4595011 1.5030760 1.4851934 1.7476216 1.6172506 1.7114949 1.5329167 1.7090564 2.0906812 2.0564048 2.1109070 2.1109070 2.1508611 2.1508611 1.2272315 1.8068870 0.0000010 0.0000010 5.5508300 2.1283913 1.8679558 4.5525393 2.8640942 2.5239900 2.5541403 7.3791791 2.4848110 1.9562026 1.9066299 1.3547836 2.2835606 6.1866391 2.8719422 2.9030320 2.5435311 2.9463863 5.5081262 1.9999262 4.7543672 0.0000010 1.5699719 2.9690991 5.9734734 2.2908721 1.0563042 0.0000010 2.4856346 2.9601615 2.8947153 2.1677878 2.8549596 4.0642760 2.9096784 9.0000000 5.8644700 2.7050654 8.4447287 3.1614180 5.8959749 2.3538520 6.3763571 9.0000000 8.9999986 3.0512279 
Plajan_Pjan_scaffold9570_01                            3.5625715 2.0883856 1.4881704 1.4485796 1.4700806 1.4120833 1.4319499 1.6929795 1.2904905 1.3184622 1.4389559 1.5876268 1.2237141 0.7484970 1.1478647 0.0000000 1.2669092 1.3739813 1.2739685 1.1576298 1.1158750 1.3489568 1.5142670 1.4951094 1.0455086 1.4408470 1.4061818 1.7407580 1.6993737 1.6764897 1.6728458 1.7048810 1.7072053 1.4877587 1.7366581 3.1403212 2.7043305 1.8969239 1.7076344 2.1338021 1.8295004 1.7682196 2.0796909 2.0972163 1.5944002 1.2556601 1.4900154 1.4607660 1.3971389 1.7385025 1.9856677 1.8235615 1.7049073 1.8295804 2.3348942 1.8358363 1.6644119 1.6531957 0.0000010 1.3262012 1.6077607 1.4243378 1.6654896 1.4698741 0.0000010 1.8688403 2.5898017 2.7299973 1.6817131 2.3235063 2.9581819 2.2793786 3.0162696 2.5900985 2.3410500 3.4576053 2.3276989 2.3505714 2.0696794 3.0774523 3.1222640 3.3394188 2.7357967 
Skow_XM_006813586.1                                    0.0000010 0.0000010 1.6916250 1.6991360 1.4714127 1.4089583 1.4893764 1.4084926 1.3647482 1.3250223 1.3577818 2.2220335 9.0000000 1.8094342 0.0000010 1.2669092 0.0000000 1.3722502 1.1012971 1.0890476 0.9321357 1.4173475 1.1196450 1.6777835 3.2401039 1.5746795 0.0000010 1.4969553 1.4583458 1.5234827 1.4968549 1.4407788 1.4407788 5.3937000 2.1470332 2.6759777 0.0000010 2.1310447 1.9748764 1.5423059 2.0679490 2.2874311 2.6087469 2.4949721 1.8018532 1.3313936 1.9967759 2.0309008 2.4220066 1.5721716 1.9015175 1.7383392 1.7316636 2.4390831 0.0000010 2.4036251 2.4084289 2.2187028 0.0000010 0.0000010 2.0039780 1.5838985 1.9329268 1.8255669 0.0000010 0.0000010 3.2362444 3.1353203 0.0000010 2.6345124 2.8694752 2.7935218 2.7213300 2.7595396 2.7595396 3.3543902 2.0641199 0.0000010 9.0000000 3.0529958 2.4014353 2.9751205 5.5101286 
Cscu_XM_023372613.1                                    2.7138113 1.2677144 1.3854531 1.3768026 1.4795044 1.2330412 1.3422193 1.3898556 1.3932031 1.3136067 1.4761697 1.6206985 1.7838762 1.4023654 1.6598732 1.3739813 1.3722502 0.0000000 0.9951190 0.9523781 0.9384925 1.0458019 0.9712537 1.0270490 1.2724999 1.1585218 1.2710919 1.4668214 1.4674440 1.6346569 1.4737201 1.4768108 1.4823535 0.9689166 1.1733393 1.6375918 1.8587745 2.1073852 1.8320825 2.0107994 1.7237908 1.6442720 1.8878285 2.0290398 2.0784424 1.2979990 1.7360591 1.5834988 1.5887488 1.6624541 1.8237865 1.8406359 1.8136198 1.9299271 1.7788847 2.0897331 1.6885828 2.0148993 1.4231453 1.4487263 1.6935526 1.8234303 1.6300257 1.3701217 2.3994159 2.4776307 2.6105954 2.6751932 2.1984051 2.4918338 3.5593637 2.5389959 3.4661316 2.6631646 2.5086180 3.7498323 2.1941999 2.5593126 2.4365597 3.2082513 3.3078596 3.5652325 2.6567291 
Hsap_ENST00000409296                                   2.9728782 1.6166242 1.3162474 1.3099907 1.3040794 1.0778391 1.2204572 1.2972801 1.1791163 1.1233023 1.2538820 1.4874766 2.0388562 1.2874654 1.4571924 1.2739685 1.1012971 0.9951190 0.0000000 0.7425057 0.8707440 0.9799191 0.9910337 1.1126866 1.4266641 1.1626439 1.2633753 1.4899231 1.4686221 1.6309599 1.4814195 1.4706349 1.4756357 1.1326991 1.3649932 1.7525440 1.5700800 1.8042513 1.6293622 1.6617275 1.6759412 1.6716639 1.8850252 2.0387334 2.3901535 1.5582600 1.6914846 1.5800873 1.4768002 1.7370209 2.0465370 2.0144221 1.9150035 1.9951575 2.1510028 2.0428550 1.7226541 1.8869131 1.4913751 1.4780213 1.6320250 1.4838851 1.6893232 1.4618740 2.0054475 2.7348813 2.6616628 2.7578045 2.5242862 2.4045200 3.0275882 2.6518184 2.7712007 2.4225344 2.5254007 3.1722567 1.9851657 1.8999971 2.4995552 2.9029684 2.9975011 3.1623922 2.5298633 
Bralan_BLAG02001444_1                                  3.0193610 1.2760460 1.2055987 1.1858587 1.1947472 1.0467238 1.1059574 1.2452938 1.1249168 1.1036973 1.1960652 1.3802078 1.8756562 1.2272392 1.4595011 1.1576298 1.0890476 0.9523781 0.7425057 0.0000000 0.8224531 0.9805722 0.8669613 1.1762999 1.2749187 1.1135746 1.2067100 1.3722491 1.3591951 1.5202272 1.4010089 1.3871137 1.3903557 1.1793723 1.3306269 1.6783420 1.6187585 1.6920473 1.5761646 1.8460066 1.6799080 1.5680458 1.8257224 1.9614914 2.0893104 1.2329804 1.5739888 1.4507661 1.4866599 1.6242770 1.8823040 1.9122242 1.7535810 1.9602426 1.9381988 1.7642467 1.5745671 1.7168939 1.5163192 1.4046938 1.4811770 1.3787231 1.6085115 1.2766085 2.2536897 2.7437266 2.7710713 2.8589585 2.2372898 2.5333502 4.2163391 2.7079392 3.4736232 2.6637366 2.5706188 3.7602014 2.2002075 2.1683874 2.4009926 3.3431229 3.0903476 3.1808906 2.8261898 
Acagra_model.g12849.t1                                 2.9748054 1.4732002 1.3431107 1.3361779 1.3169885 1.1157615 1.2794331 1.3313489 1.1844320 1.1916102 1.2514091 1.4803958 1.8518469 1.3151035 1.5030760 1.1158750 0.9321357 0.9384925 0.8707440 0.8224531 0.0000000 0.7276118 0.9825597 1.1956402 1.3508484 1.0099705 1.2643484 1.4374339 1.4523853 1.5753215 1.4440868 1.4567422 1.4583255 1.1912989 1.3925833 1.6462831 1.8789957 1.9250029 1.7311328 1.7246532 1.7530829 1.6359179 2.0394360 2.1847426 2.3048062 1.3419344 1.6385566 1.6046791 1.5426725 1.6760241 1.8135161 1.8898531 1.8686820 1.9891359 1.9922299 1.8729933 1.6071462 1.6593674 1.6389909 1.2959713 1.6029602 1.5350233 1.7440021 1.4929947 2.2637427 2.6200538 2.6611761 2.7283635 2.3218598 2.3838479 2.7289738 2.3063398 3.1079683 2.4269861 2.4176599 3.3657202 1.8809494 2.0026658 2.4293082 2.9053833 3.0152951 3.1707956 2.6003103 
Cgig_XM_011457141.3                                    3.4830296 2.0088357 1.4709017 1.4072008 1.4578329 1.2713565 1.3789769 1.3456562 1.2938213 1.2761984 1.3735822 1.5691929 2.2628120 1.4812952 1.4851934 1.3489568 1.4173475 1.0458019 0.9799191 0.9805722 0.7276118 0.0000000 1.1150487 1.2569116 1.5013909 1.0808533 1.3646137 1.6414576 1.6294099 1.7777848 1.6485084 1.6813831 1.6831318 1.3860155 1.4618199 1.5637472 2.0004575 1.9128027 1.8127368 2.0821335 1.6763717 1.7988227 2.0326636 2.1250060 2.6050344 1.5419024 1.8171545 1.7095068 1.6944022 1.7585116 2.0344177 2.0161956 1.9319094 2.0419707 2.1610514 2.0470156 1.7180513 1.8434587 1.6940636 1.4407111 1.6258963 1.7236942 1.8442408 1.5329330 2.8657374 2.6581281 2.7771492 2.8471841 2.4715817 2.4429277 3.2782844 2.5382039 3.4652463 2.6450653 2.5986114 3.9876368 2.3972733 2.1722703 2.5439550 3.4469841 3.2076938 3.6161513 2.8214508 
Spur_XM_030976631.1                                    2.9673412 1.1704805 1.3105719 1.3059052 1.3529997 1.2677387 1.2570952 1.3873744 1.2497298 1.2428759 1.2996889 1.4085999 2.7683615 1.4187249 1.7476216 1.5142670 1.1196450 0.9712537 0.9910337 0.8669613 0.9825597 1.1150487 0.0000000 1.2558574 1.3272160 1.2523212 1.2535986 1.5004879 1.4496924 1.6154167 1.4742580 1.4663445 1.4697320 1.4053887 1.5112104 1.8995849 1.7242613 1.9092078 1.6797293 1.5722450 1.8492328 1.5882766 2.0010751 1.9968919 2.4591903 1.4292618 1.6575114 1.5489711 1.4837070 1.6531708 2.1708851 1.9397892 1.8957741 1.8927298 2.0560916 2.1159207 1.7224215 2.0433833 1.4347431 1.4466856 1.5377558 1.6520648 1.7359025 1.6482551 2.0901559 2.7063776 2.8492589 2.9229620 2.4361229 2.5506658 3.5791232 2.7117108 3.8908528 2.5954702 2.5465564 4.0768702 2.3297658 2.1434606 2.4522188 3.5098357 3.0915551 3.9297093 3.2544847 
Tcas_TC000164_001                                      3.3262386 1.8412219 1.5247026 1.5198851 1.5241865 1.3542119 1.3986492 1.4648318 1.4398588 1.4029021 1.4877856 1.6015570 2.1546314 1.4829057 1.6172506 1.4951094 1.6777835 1.0270490 1.1126866 1.1762999 1.1956402 1.2569116 1.2558574 0.0000000 1.5164293 1.4109780 1.4483695 1.7911985 1.7521564 1.9345016 1.7907694 1.7879374 1.7918544 1.1677679 1.2997672 1.9605595 1.8698787 2.0288591 1.7882312 2.0712283 1.9426660 1.7851052 2.0807089 2.1307611 2.1794237 2.0612544 1.8983580 1.7472297 1.7081483 1.9395273 2.2919813 2.1066220 2.0299189 2.0324626 2.1180014 2.3410383 1.8242287 2.2026703 1.5733945 1.5604754 1.8712137 1.9488245 1.7338337 1.4573907 1.6518228 2.5830867 2.8243877 2.8671444 2.4094024 2.4933459 3.3370274 2.5867287 3.0881372 2.5780001 2.5430458 3.2851168 2.2563963 2.4219570 2.4612477 3.3667482 3.0405992 3.7101958 2.7662226 
Plajan_Pjan_scaffold9572_01                            3.4543721 2.0200425 1.5942593 1.5522204 1.6518373 1.1876848 1.5010344 1.3659281 1.4296001 1.4074177 1.5593480 1.8166249 2.6332360 0.8890916 1.7114949 1.0455086 3.2401039 1.2724999 1.4266641 1.2749187 1.3508484 1.5013909 1.3272160 1.5164293 0.0000000 1.4563830 1.6341574 1.7194454 1.8238688 2.5416344 1.7674853 1.7420845 1.7420845 1.9089218 1.8687744 1.9032871 2.0053261 4.0558936 2.0579577 2.5104068 1.9473040 2.0079051 2.0968598 1.8873409 0.0000010 4.1263989 1.7334711 1.7350807 1.8030203 2.1917671 1.7412397 1.9122073 1.7930723 1.9571152 1.9742023 1.8532709 1.7764211 1.8532709 1.5759950 2.0581166 1.0909671 4.5064731 1.8543707 1.9407964 2.3344968 3.0940607 3.1042132 3.0442521 2.7780451 2.9868000 8.9999984 2.9635295 0.0000010 8.9999984 3.6843138 8.9999986 9.0000000 0.0000010 2.6596432 9.0000000 0.0000010 0.0000010 8.9999982 
Ctel_gnl_WGS_AMQN_CAPTEDRAFT_mRNA149791                3.7686864 2.2627505 1.5410455 1.5394961 1.5094813 1.3344289 1.4583144 1.5475885 1.3966877 1.4410765 1.4814344 1.6483859 2.4724340 1.4922923 1.5329167 1.4408470 1.5746795 1.1585218 1.1626439 1.1135746 1.0099705 1.0808533 1.2523212 1.4109780 1.4563830 0.0000000 1.4649651 1.7062219 1.7309459 1.9006981 1.7432394 1.7347068 1.7403084 1.5298503 1.5959981 1.8127692 1.9473072 1.8864921 1.8488258 1.8635626 1.9690950 1.8151786 2.1304508 2.0094517 2.4728625 1.4461535 1.7513769 1.6336433 1.6977987 1.8660874 2.0593761 2.0503482 1.9868602 2.0093305 2.2998675 2.2649542 1.8664059 1.9325432 1.6395595 1.6340961 1.7165421 1.6660100 1.8572887 1.5820125 2.1484730 2.5649166 2.8121558 2.8616995 2.3056031 2.4694482 3.8894357 2.7323419 4.0587293 3.0191841 2.7073591 4.3251347 2.4622638 2.3485527 2.4372495 3.7539831 3.8151931 3.9340248 2.8654792 
Tadh_TriadT22262                                       3.5805026 2.1279752 1.5907496 1.5890604 1.6138407 1.1767334 1.4273146 1.3465601 1.4362287 1.3228900 1.4369775 1.5889590 2.7306490 1.4642428 1.7090564 1.4061818 0.0000010 1.2710919 1.2633753 1.2067100 1.2643484 1.3646137 1.2535986 1.4483695 1.6341574 1.4649651 0.0000000 0.0593107 0.2066829 0.2348865 0.2250194 0.2139051 0.2156876 1.6847079 1.5639502 1.8964402 1.5409193 1.5721478 1.8147792 2.2315521 1.3128743 1.6145124 1.9929847 2.1906612 5.6811295 1.1218207 1.8359456 1.6600231 1.6887545 1.8405953 1.4634162 2.0393084 1.8275128 2.0196491 2.3653267 1.3402398 1.8268856 1.3879070 1.5703902 2.1350865 1.6915007 1.1760721 1.8630596 2.1233764 2.8006947 3.0585575 2.8260519 2.8305957 2.8443024 2.7449192 6.4614001 2.6472826 0.0000010 1.9962980 2.5622100 0.0000010 1.9518732 1.9518732 2.6553686 2.6605455 0.0000010 0.0000010 1.9548086 
TrH2_TrispH2_001342-RA                                 3.5764496 2.0910450 1.7903847 1.7728824 1.7888618 1.4425212 1.6637460 1.6610874 1.5491886 1.5079385 1.6338973 1.9307769 2.6336157 1.7391669 2.0906812 1.7407580 1.4969553 1.4668214 1.4899231 1.3722491 1.4374339 1.6414576 1.5004879 1.7911985 1.7194454 1.7062219 0.0593107 0.0000000 0.1821838 0.2168162 0.2054347 0.1941825 0.1967427 1.7397304 1.9821114 1.9873491 1.5604791 2.1890392 1.9900551 2.4105211 1.9753698 1.8007127 2.1955647 2.3113524 2.4616112 1.7631513 2.0275166 1.8937080 1.8830787 2.1111698 2.2492735 2.1940614 2.0180217 2.1929975 2.5357868 2.2612429 2.0939818 2.1923180 1.5703902 2.1895039 1.9993759 1.6883501 2.0081158 2.3314153 2.6973761 3.1525837 3.1585515 3.2516541 2.7988128 3.1063475 3.7895221 3.0172195 3.7121770 3.4031360 3.1759037 4.2994502 2.5342801 2.4617780 2.7943835 4.0754519 3.6793844 3.6982567 3.3842319 
HoiH11_mRNA8264                                        3.7223155 2.0943906 1.7348919 1.7425574 1.7598002 1.4759851 1.6427997 1.6757945 1.5794264 1.5469537 1.5823476 1.9002023 2.6893498 1.7954394 2.0564048 1.6993737 1.4583458 1.4674440 1.4686221 1.3591951 1.4523853 1.6294099 1.4496924 1.7521564 1.8238688 1.7309459 0.2066829 0.1821838 0.0000000 0.1188087 0.0983912 0.0882786 0.0906718 1.8630619 1.9782985 1.4142284 1.5622055 2.0977916 1.9837156 2.4363884 1.9753272 1.7882235 2.0991763 2.3481511 2.5777231 1.7646416 2.0399069 1.8575480 1.8830168 2.0578827 2.2845930 2.2109033 1.9826452 2.1993253 2.4672640 2.2763872 2.0947272 2.2509632 1.5800307 2.2914511 1.9856013 1.7096898 2.0823985 2.4626622 2.6466528 3.0010412 3.1864691 3.2941467 2.8860436 2.9955728 4.0179243 2.9368568 3.7795700 3.2156188 3.1518130 4.3284455 2.4954490 2.4230340 2.6796642 4.1027915 3.8776426 3.7875375 3.4143400 
HoiH06_mRNA4200                                        3.5320425 1.9571109 1.9240070 1.9051622 1.8336157 1.6412264 1.7858023 1.9005789 1.7034846 1.6958108 1.6923372 2.0069149 2.6256724 1.9314701 2.1109070 1.6764897 1.5234827 1.6346569 1.6309599 1.5202272 1.5753215 1.7777848 1.6154167 1.9345016 2.5416344 1.9006981 0.2348865 0.2168162 0.1188087 0.0000000 0.0325984 0.0620450 0.0620242 2.0897625 2.1117194 1.9053084 2.1542096 2.1262953 2.1299546 2.4584870 1.9807483 1.9482723 2.2692055 2.4719232 2.4841752 1.7015334 2.1196271 1.9657455 2.0107590 2.1295213 2.2660457 2.4911461 2.1903570 2.4850424 3.4471906 2.3023109 2.3594354 2.2416766 2.8126144 2.3473239 1.9751492 1.6803803 2.3237680 2.5115731 0.0000010 3.1796606 3.2695536 3.3735959 2.9502590 3.0765573 4.1281873 3.0901150 3.8737936 3.2070575 3.0999168 4.4027335 2.4721449 2.3105124 2.7377411 4.1630477 3.6778816 3.7026227 3.3716508 
HoiH23_PlH23_000511-RA                                 3.6356798 1.9727970 1.8113142 1.7984666 1.7873399 1.4815772 1.6609832 1.7079929 1.5908086 1.5831232 1.6018553 1.8874632 2.5634733 1.7698119 2.1109070 1.6728458 1.4968549 1.4737201 1.4814195 1.4010089 1.4440868 1.6485084 1.4742580 1.7907694 1.7674853 1.7432394 0.2250194 0.2054347 0.0983912 0.0325984 0.0000000 0.0499173 0.0521469 1.8792145 1.9646956 2.1841428 1.6798568 2.1333632 2.0595991 2.4646397 1.9565458 1.8490016 2.1837411 2.3079281 2.4973780 1.6853752 2.0115585 1.8594379 1.8622522 2.0636201 2.2704577 2.2693013 2.0152018 2.1797905 2.5407613 2.2776512 2.1537256 2.2239485 1.7140722 2.3167877 1.9551599 1.6906216 2.1308284 2.5297742 2.5443582 3.0889161 3.1274565 3.2244343 2.8570713 3.0351556 4.1245740 2.9497157 3.8567248 3.2113832 3.1164764 4.3827883 2.4721449 2.3183585 2.6939176 4.1455711 3.6950554 3.6579335 3.3771751 
Hhon_g01216.t1                                         3.7246131 2.0441772 1.8088007 1.8002116 1.7826026 1.4676225 1.6651157 1.6998897 1.5840834 1.5571006 1.5896225 1.8809141 2.7059555 1.8041050 2.1508611 1.7048810 1.4407788 1.4768108 1.4706349 1.3871137 1.4567422 1.6813831 1.4663445 1.7879374 1.7420845 1.7347068 0.2139051 0.1941825 0.0882786 0.0620450 0.0499173 0.0000000 0.0021192 1.8925283 1.9933670 2.1108943 1.5828749 2.0444958 1.9714365 2.5151424 1.9425714 1.7881050 2.1667562 2.2981056 2.5576681 1.7009702 1.9930938 1.8741960 1.8559366 2.0030330 2.2669242 2.2844787 2.0100652 2.2100256 2.4985916 2.2318041 2.1408842 2.2717025 1.6712605 2.3414127 1.9701328 1.6989824 2.0901333 2.4924045 2.6380105 3.0720786 3.1071195 3.2172671 2.8238672 2.9819037 4.0199845 2.8840587 3.8111141 3.2022374 3.0973214 4.4972736 2.4846787 2.2824132 2.6765427 4.1165869 3.7256661 3.7737738 3.4456271 
HoiH04_mRNA1419                                        3.7246131 2.0441772 1.8086886 1.8001011 1.7753881 1.4674591 1.6649921 1.6997505 1.5868683 1.5535377 1.5912848 1.8829954 2.7059555 1.8058789 2.1508611 1.7072053 1.4407788 1.4823535 1.4756357 1.3903557 1.4583255 1.6831318 1.4697320 1.7918544 1.7420845 1.7403084 0.2156876 0.1967427 0.0906718 0.0620242 0.0521469 0.0021192 0.0000000 1.8925283 1.9915807 2.1108943 1.5828749 2.0525003 1.9683504 2.5151424 1.9498489 1.7834324 2.1734435 2.3002844 2.5576681 1.7334700 1.9950579 1.8760825 1.8582148 1.9983647 2.2793207 2.2873839 2.0149591 2.2143927 2.5068793 2.2373000 2.1430476 2.2779807 1.6712605 2.3414127 1.9802022 1.7083380 2.0920135 2.4924045 2.6380105 3.0720786 3.1098269 3.2200014 2.8238672 2.9819630 4.0377755 2.8868347 3.8111141 3.2024830 3.0974352 4.4972736 2.4938775 2.2747130 2.6745034 4.1453889 3.7256661 3.7737738 3.4584178 
Dpul_mRNA18140                                         3.0874049 1.7416642 1.5323545 1.5521026 1.3982139 1.3191201 1.4304858 1.3134713 1.5791990 1.5951987 1.7943425 2.0687766 3.1232666 1.6526363 1.2272315 1.4877587 5.3937000 0.9689166 1.1326991 1.1793723 1.1912989 1.3860155 1.4053887 1.1677679 1.9089218 1.5298503 1.6847079 1.7397304 1.8630619 2.0897625 1.8792145 1.8925283 1.8925283 0.0000000 0.0621716 0.1965099 2.4031430 6.3316051 2.0680004 1.8150580 3.1327986 1.9043343 2.0883645 2.5585140 2.7507871 2.3193058 2.1585823 1.9509415 1.8804812 1.9245272 6.8771269 2.3679408 2.3410652 2.3798371 2.4029930 8.2041986 1.8160718 8.2041986 1.8649104 1.7872156 2.4138554 8.9999986 1.8376042 1.8668815 5.8666485 3.1541530 3.1127649 3.0701550 2.6334450 2.7718087 6.2760084 2.8127360 8.9999982 9.0000000 3.0081807 9.0000000 0.0000010 0.0000010 2.7641077 9.0000000 0.0000010 0.0000010 9.0000000 
Dpul_mRNA3715                                          3.1266271 1.7406455 1.7257497 1.7283809 1.6966815 1.6274440 1.6216158 1.7201906 1.7093409 1.7112213 1.8381003 1.9903853 3.2283522 1.8111450 1.8068870 1.7366581 2.1470332 1.1733393 1.3649932 1.3306269 1.3925833 1.4618199 1.5112104 1.2997672 1.8687744 1.5959981 1.5639502 1.9821114 1.9782985 2.1117194 1.9646956 1.9933670 1.9915807 0.0621716 0.0000000 0.9116711 2.3931956 2.4358064 2.1684056 1.9477243 2.5819656 2.0558868 2.2135749 2.4094851 2.8448698 1.8854972 2.1847194 1.9419703 1.8368787 2.0870239 2.5263330 2.3699785 2.2450031 2.2482095 2.2725852 2.5361713 1.9448344 2.3273584 1.7284873 1.5996955 2.2146147 2.2788857 1.9445357 1.7741332 3.2574667 2.6726711 2.9968664 3.0667503 2.3749488 2.5764573 3.9189859 2.7013994 3.3556455 3.1695145 2.8515224 4.1619362 2.5994398 2.5542696 2.4635442 3.8937139 4.2205198 4.2087806 3.0130697 
Dpul_mRNA22871                                         9.0000000 0.9582364 2.0782208 2.0180730 1.8589177 1.4661052 2.0150067 1.8762332 2.0981529 1.8754314 2.3994752 2.5916016 1.4474769 1.9608684 0.0000010 3.1403212 2.6759777 1.6375918 1.7525440 1.6783420 1.6462831 1.5637472 1.8995849 1.9605595 1.9032871 1.8127692 1.8964402 1.9873491 1.4142284 1.9053084 2.1841428 2.1108943 2.1108943 0.1965099 0.9116711 0.0000000 2.9647420 3.6787392 2.3471508 1.5768969 2.7458050 2.2301945 2.1634773 2.3935649 0.0000010 2.6275330 2.5062324 2.2556023 2.2473795 1.4573592 1.1718327 2.3879323 2.6005931 2.7932110 3.1029737 0.4479192 2.3691296 0.4479192 2.4485732 0.0000010 2.4466425 1.4219363 2.3919810 2.0076603 6.1742862 2.2984683 3.3586216 3.3784624 1.7914912 3.1028229 8.9999983 2.3635378 7.0661229 9.0000000 9.0000000 8.9999983 0.0000010 0.0000010 2.9371410 8.9999987 0.0000010 0.0000010 3.3059257 
Aaur_scaffold1234.g4.t1                                2.5375807 2.1598584 1.8241033 1.8629603 1.9118897 1.1570038 1.5700522 1.5475752 1.6164186 1.5795860 1.8626093 2.0376664 3.4226114 1.9597906 0.0000010 2.7043305 0.0000010 1.8587745 1.5700800 1.6187585 1.8789957 2.0004575 1.7242613 1.8698787 2.0053261 1.9473072 1.5409193 1.5604791 1.5622055 2.1542096 1.6798568 1.5828749 1.5828749 2.4031430 2.3931956 2.9647420 0.0000000 2.4300046 0.7380939 2.0292785 2.8765623 1.1087561 2.1248137 1.9609904 4.4025826 0.0000010 2.0925952 1.9294750 1.9395108 1.9640229 4.9887911 2.2691328 2.4451854 2.3874595 2.1036499 2.3635586 2.1034161 0.0000010 1.8002401 2.4912880 4.0842352 3.8769842 2.0089817 2.6607024 2.6133288 3.1807228 3.2289249 3.2333008 3.2277308 2.9550170 8.9999982 2.7644833 2.0431943 2.3263282 3.9219855 0.4251485 0.4251485 0.0000010 3.2435388 2.1459251 1.9316414 9.0000000 0.0000010 
Nemnom_g12343.t1                                       4.8667012 2.0705620 1.7811199 1.7412876 1.7756661 1.6537853 1.6269399 2.0651790 1.5855364 1.6569746 1.6007684 1.9194934 3.2369021 2.0881402 5.5508300 1.8969239 2.1310447 2.1073852 1.8042513 1.6920473 1.9250029 1.9128027 1.9092078 2.0288591 4.0558936 1.8864921 1.5721478 2.1890392 2.0977916 2.1262953 2.1333632 2.0444958 2.0525003 6.3316051 2.4358064 3.6787392 2.4300046 0.0000000 0.3300695 2.8394207 0.8528328 1.0403803 1.8515106 1.8366450 2.7712676 1.6223988 1.9690885 2.0133087 1.6787660 1.6253117 2.5275149 2.5776773 2.3505356 2.0772545 3.8307173 2.7208083 2.6817725 2.4213869 5.2991752 2.2024197 2.2322196 2.1098659 2.3644562 1.1187690 0.0000010 2.3024308 2.9657464 3.1660386 7.6641979 2.8782895 3.4941613 3.0655389 3.5577391 2.9502101 2.9502101 3.8251173 2.3366295 2.4818282 2.7577371 3.2798778 3.8128598 4.0332386 3.2264307 
Rhoesc_Res_009122-T1                                   3.4208453 2.0442084 1.6710989 1.6372451 1.6851714 1.4900553 1.5711551 1.7578920 1.6146083 1.5778199 1.7121471 1.8805097 2.9854907 1.7967827 2.1283913 1.7076344 1.9748764 1.8320825 1.6293622 1.5761646 1.7311328 1.8127368 1.6797293 1.7882312 2.0579577 1.8488258 1.8147792 1.9900551 1.9837156 2.1299546 2.0595991 1.9714365 1.9683504 2.0680004 2.1684056 2.3471508 0.7380939 0.3300695 0.0000000 0.9862594 0.8731610 0.9881685 1.8428094 1.8527650 2.3669443 1.6314802 1.9718966 1.8837929 1.7940233 1.6284218 2.5553320 2.4824713 2.3563677 2.3213891 2.7691558 2.3895705 2.2150159 2.2027812 1.8807185 2.2585449 2.1973014 1.9794282 2.1175246 2.4914505 2.9875840 2.8765417 3.0347241 3.0891306 2.7545431 2.7639932 3.3093034 2.7951614 3.2008596 2.7819474 2.8116966 3.7558944 2.2424870 2.5664798 2.8596839 3.1953209 3.6236875 3.7318283 2.9531564 
Aaur_scaffold1234.g3.t1                                4.7435244 2.8532754 1.7560819 1.8785473 1.6182043 1.5770600 1.4996877 1.4790190 1.5729573 1.4778469 1.6628208 1.8384621 6.7344006 2.1839505 1.8679558 2.1338021 1.5423059 2.0107994 1.6617275 1.8460066 1.7246532 2.0821335 1.5722450 2.0712283 2.5104068 1.8635626 2.2315521 2.4105211 2.4363884 2.4584870 2.4646397 2.5151424 2.5151424 1.8150580 1.9477243 1.5768969 2.0292785 2.8394207 0.9862594 0.0000000 5.6631766 1.1822423 1.9814976 2.1210099 4.7561962 1.4942353 2.1717945 2.2541016 1.7763197 1.8744280 4.5833872 3.0285662 2.7850209 2.5137358 2.6956610 2.5996727 2.0653923 2.4641114 2.9309988 2.1874661 2.7581719 5.1993690 2.5570244 2.3199497 6.0418234 3.5816138 3.9270776 3.9385315 3.5211273 3.1192320 8.9999990 3.5845449 6.5022289 8.9999984 3.7874965 8.2251169 0.0000010 0.0000010 3.1647259 6.8316327 5.6118084 4.1207712 5.0297231 
Aaur_scaffold1234.g2.t1                                5.7893611 2.1255440 1.5712369 1.5579316 1.6167092 1.5578412 1.6161374 1.8726702 1.3378714 1.4756330 1.5783242 1.7581662 2.1960115 1.9034961 4.5525393 1.8295004 2.0679490 1.7237908 1.6759412 1.6799080 1.7530829 1.6763717 1.8492328 1.9426660 1.9473040 1.9690950 1.3128743 1.9753698 1.9753272 1.9807483 1.9565458 1.9425714 1.9498489 3.1327986 2.5819656 2.7458050 2.8765623 0.8528328 0.8731610 5.6631766 0.0000000 0.9674183 1.9898051 1.8307891 2.2271540 1.4070415 1.9416914 1.8947777 1.9264158 1.5268332 2.4316432 2.5369794 2.5327182 2.4657308 3.7425150 2.3255828 2.3457059 2.2092856 3.3632128 1.7272200 2.0753984 1.9506304 2.5507234 1.8043099 0.0000010 2.4632852 3.0906942 3.2424495 3.1365041 2.8644455 3.6027086 3.2177059 3.2255916 2.9431537 2.9628966 3.7060246 2.4360236 2.7092542 2.6695544 3.3203474 3.3188092 3.7091973 3.1074116 
Sanmal_Sma_013990-T1                                   4.5125122 2.3262391 1.6557462 1.6416751 1.6264009 1.5032275 1.6297785 1.7446014 1.5806107 1.5263687 1.6627354 1.8407905 2.6388170 1.9287477 2.8640942 1.7682196 2.2874311 1.6442720 1.6716639 1.5680458 1.6359179 1.7988227 1.5882766 1.7851052 2.0079051 1.8151786 1.6145124 1.8007127 1.7882235 1.9482723 1.8490016 1.7881050 1.7834324 1.9043343 2.0558868 2.2301945 1.1087561 1.0403803 0.9881685 1.1822423 0.9674183 0.0000000 1.8777039 1.9040735 2.2787122 1.8918230 2.0170051 2.0260817 1.9871791 1.4114547 2.5008779 2.3696875 2.2775796 2.2925256 2.8655151 2.4544334 2.1810863 2.3358929 1.9243238 1.9977480 2.0583568 2.0116455 2.0016340 2.5232820 2.7553487 3.0394117 3.1143230 3.2237637 2.9852639 3.0050319 4.1298181 3.0231666 3.4754420 3.1003417 3.1352907 3.9098977 2.4395613 2.4827841 3.0841885 3.6757959 2.9862547 3.4956395 3.5313932 
Hvul_g7045_1                                           3.5450232 1.5768192 1.9567331 1.8865005 1.9923065 1.9828515 1.9130900 1.9764686 1.7967650 1.7501408 2.0564629 2.2480218 3.1197165 2.1766464 2.5239900 2.0796909 2.6087469 1.8878285 1.8850252 1.8257224 2.0394360 2.0326636 2.0010751 2.0807089 2.0968598 2.1304508 1.9929847 2.1955647 2.0991763 2.2692055 2.1837411 2.1667562 2.1734435 2.0883645 2.2135749 2.1634773 2.1248137 1.8515106 1.8428094 1.9814976 1.9898051 1.8777039 0.0000000 1.3247027 2.5567954 2.1277529 2.4331416 2.4353574 2.3877506 1.7744672 2.8618415 2.7409375 2.7480306 2.6001121 2.7231971 2.5266274 2.3446357 2.4667532 2.1676656 2.2734314 2.4836674 2.4462258 2.4094694 2.4271715 2.5373689 3.0443318 3.3540601 3.4332078 3.2789650 3.1874452 4.4170935 3.4771289 3.9978622 3.5042830 3.4948737 3.9222060 2.7271639 2.8178241 2.9998618 4.0366665 3.8187461 3.9354004 4.1766278 
Chem_TCONS_00072511                                    3.8863483 1.8823289 1.8653402 1.8263297 1.9244155 1.7740119 1.8070577 1.9403635 1.7446069 1.7882424 2.0464988 2.2253974 2.7619616 2.1811857 2.5541403 2.0972163 2.4949721 2.0290398 2.0387334 1.9614914 2.1847426 2.1250060 1.9968919 2.1307611 1.8873409 2.0094517 2.1906612 2.3113524 2.3481511 2.4719232 2.3079281 2.2981056 2.3002844 2.5585140 2.4094851 2.3935649 1.9609904 1.8366450 1.8527650 2.1210099 1.8307891 1.9040735 1.3247027 0.0000000 2.9612373 2.0592913 2.3354302 2.2752747 2.2039028 1.8255185 2.7150684 2.7062126 2.6799420 2.5783610 2.8330035 2.6894084 2.3531282 2.5179739 1.9915685 2.2498505 2.3014566 2.3360118 2.4390920 2.5951540 2.0051005 3.1749652 3.2905942 3.3644661 3.4440662 3.2207992 4.7981812 3.4805181 4.1774340 3.4220234 3.4634398 4.3036055 2.3418654 2.3081569 2.8151245 3.9300264 3.4331060 4.7265419 3.3689584 
Clacor_Ccor_C528599_01                                 0.0000010 6.1080942 1.9114142 2.0775890 2.4090562 2.0211130 1.8732404 2.4406246 2.0730630 2.1017279 2.3480790 3.0786588 2.0746846 1.8273283 7.3791791 1.5944002 1.8018532 2.0784424 2.3901535 2.0893104 2.3048062 2.6050344 2.4591903 2.1794237 0.0000010 2.4728625 5.6811295 2.4616112 2.5777231 2.4841752 2.4973780 2.5576681 2.5576681 2.7507871 2.8448698 0.0000010 4.4025826 2.7712676 2.3669443 4.7561962 2.2271540 2.2787122 2.5567954 2.9612373 0.0000000 4.7374880 0.7892795 0.6533242 2.0150725 2.3384045 3.0812001 2.7854618 3.1461446 3.2088239 3.1427984 2.9569462 2.8915599 2.5764137 0.0000010 2.1378784 2.6388866 2.3381622 3.2340325 2.5861735 0.0000010 8.9999989 4.4141775 4.8999501 8.9999983 3.7969218 3.2098414 3.9915478 3.6877444 3.8934227 4.0010794 3.8124437 4.7225341 3.7216565 5.4615118 4.5999529 4.0407565 3.7505235 5.7377440 
