73
Pbac_sb2639627                                     0.0000000 0.0147623 1.3485017 0.0000010 3.0233542 2.5536206 2.1915420 2.6832226 1.8421224 1.8973935 0.0000010 2.4688014 2.9274168 0.0000010 4.0909287 0.0000010 4.1900544 4.1045393 4.0978395 4.4412986 4.5028902 4.2928714 4.2508641 5.4855387 5.5925520 6.6945613 5.3232511 5.3635118 4.8968002 5.3131388 0.0000010 4.4373261 4.6519728 4.7312290 4.8892497 2.1533566 0.0000010 5.1531228 5.3489380 5.1393871 0.0000010 4.8002192 4.8002192 7.1239797 4.4369139 4.5140894 4.6348969 8.3873902 4.7973048 4.4757339 5.1490770 5.1906537 5.8371053 4.0220276 3.9502865 4.4294806 4.4368580 4.3326040 4.1086126 4.3739877 4.3739877 3.8427355 4.1864636 4.5124779 5.0595341 7.3498965 6.0436510 5.5522073 5.2184633 9.0000000 4.3950692 4.7355887 2.2019391 
Horcal_Hcv1.av93.c8.g474.i1                        0.0147623 0.0000000 0.1415971 0.1864839 2.6307473 1.8270852 1.5205879 2.0185220 1.3110531 1.1189793 0.9496345 1.5924560 2.2631334 2.9623127 3.9496475 5.0987962 3.8369606 3.8931795 3.9259522 4.3881181 4.0977109 4.2659687 4.3483072 4.3439102 4.2905774 6.3510739 4.6160489 4.3115626 4.9399472 3.6298781 3.6257027 4.1735465 4.4133040 4.3584386 4.3509076 2.7496858 3.5458851 4.4554036 4.4755376 4.3156697 4.9348765 4.7549247 4.6554895 5.1324652 4.4690215 4.6397973 4.4752996 6.4122991 4.2071184 4.0423195 4.0971360 4.4930134 4.5153723 3.7837549 4.0871285 4.1044630 4.1090159 4.1739800 4.2204148 4.2154376 4.2581004 4.2289909 4.3030495 4.3188820 4.6087223 4.2848106 4.5028147 4.8131696 4.8951606 6.8428282 4.6242771 4.7355110 4.4145593 
Horcal_Hcv1.av93.c8.g474.i2                        1.3485017 0.1415971 0.0000000 0.2094097 8.9999982 1.5637564 1.3762691 1.7494879 1.1130088 1.1259503 0.9659276 1.4998652 2.8077929 8.9999986 4.1038259 0.0000010 4.0863318 4.2150621 4.2270528 5.3797318 4.3756929 4.1926119 4.3989006 4.5205816 4.0845877 9.0000000 4.3683205 4.2681480 9.0000000 3.7696715 8.9999982 4.3301501 4.8802642 4.7336972 4.6675343 3.1453205 0.0000010 4.7609402 4.7277589 3.5402033 4.9815060 4.3769985 4.3769985 5.1281145 4.9284345 5.5483270 4.4588682 8.9999985 3.9122460 3.6929163 3.8573274 3.7711307 4.3805429 3.7339363 4.2306276 4.0714390 4.0772265 4.2278722 4.2306876 4.0656207 4.0656207 4.0353179 3.9561840 4.4681748 4.6327505 4.4054069 4.2518690 4.4079474 4.5585923 0.0000010 4.6740910 4.5127624 4.0036300 
Pbac_sb2655319                                     0.0000010 0.1864839 0.2094097 0.0000000 8.9999984 1.1469380 1.4062580 0.0000010 0.7403664 1.2963419 0.9800456 1.3225858 2.5266216 8.4738484 4.1704381 0.0000010 4.0462678 4.2274894 4.3132516 5.2970683 4.3023281 3.8004832 4.1587119 4.1842339 4.0744089 0.0000010 3.9421132 4.0753185 0.0000010 3.5059112 5.6579908 4.2516532 4.9397895 4.7502893 4.4575018 2.8258585 8.2739424 4.6098349 4.8142560 2.3475656 4.9846927 3.6779682 3.6660743 4.6025318 5.1381624 5.2665206 4.2440506 7.8571020 4.2449436 4.1205025 4.2301480 3.1825357 4.6134674 3.9583991 4.0013829 3.9888550 3.9941176 4.2062070 4.2976718 4.2310314 4.1862729 4.3427751 4.2457761 4.3615667 4.7475734 4.1895639 4.1798724 4.5057435 4.6654853 0.0000010 4.6870039 4.4688703 6.0303767 
Vmul_sbMO426873                                    3.0233542 2.6307473 8.9999982 8.9999984 0.0000000 0.1210813 0.7080799 1.1422094 1.4306950 1.5229339 1.7761245 1.5770169 1.3819152 0.0000010 5.6818571 3.6060995 4.3877337 4.9187049 4.5717993 3.9507756 4.4555788 4.6951442 4.7323621 5.2929927 4.8256380 4.5242717 4.7711850 4.8751837 4.2514047 8.9999989 0.0000010 5.8607881 5.2760074 7.1123033 5.3790269 8.9999989 0.0000010 5.2457213 5.2457213 5.7139576 0.0000010 4.8765507 4.8765507 8.9999984 5.1494362 5.1494362 4.9585290 5.0874812 4.9723598 4.0228515 3.9604615 4.4771495 6.1299304 4.5219592 3.7514755 3.8559752 4.0111906 3.8675657 3.8582645 4.0695886 4.0695886 2.6253077 3.3700226 4.7168034 5.6265886 8.9999990 4.6044127 3.7106228 5.3529070 4.0519496 5.2249102 5.0805175 9.0000000 
Vmul_Simscaffold4713_01                            2.5536206 1.8270852 1.5637564 1.1469380 0.1210813 0.0000000 0.7282519 1.3425862 1.2955740 1.2861846 0.8920897 1.3067411 1.6156073 5.5778900 3.3916902 4.6550704 3.4248362 3.7110588 3.5253170 4.3904856 3.4578572 3.5219505 3.4819526 3.7944081 3.9563896 5.0710944 3.9298217 3.9011680 4.4659448 2.8162144 9.0000000 4.0084573 3.8921413 4.0981907 4.1466265 2.4752964 0.0000010 4.2804311 4.3978877 4.3653870 3.1216537 3.7766827 3.7766827 4.3416190 4.1140303 4.1074261 3.8218293 4.7304147 4.0811426 3.4652615 3.4798195 4.3529897 4.1361198 3.4502634 3.2506337 3.4171979 3.4673996 3.3958324 3.3123737 3.4210060 3.4777905 2.9623211 3.0862994 3.8215603 4.2977630 3.8840959 3.8399985 3.4988185 3.9929218 4.5581025 4.1965885 3.9526278 6.1740556 
Coemet_Cmet_scaffold21465_01                       2.1915420 1.5205879 1.3762691 1.4062580 0.7080799 0.7282519 0.0000000 1.3400094 1.2091882 1.1712483 0.8528188 1.1378757 1.5626335 4.3345196 3.5340298 5.4822436 3.5097593 3.7265360 3.6345970 4.2576115 3.5026146 3.4965053 3.5697487 3.8095013 3.9970000 4.7411919 4.1313666 3.9929975 4.2587908 2.9272857 9.0000000 3.8389128 3.8333066 3.9586914 3.9457733 2.8820186 0.0000010 3.8707281 3.9077172 3.7270746 4.1678158 4.0200430 4.0200430 4.2385848 4.2178643 4.5072726 4.2393858 5.6405770 3.9882166 3.6394081 3.9392143 3.9974190 4.2941347 3.5310905 3.8020045 3.8391444 3.8757447 3.8181101 3.7402004 3.8032763 3.8517846 3.4153173 3.4553516 3.9773676 4.1610972 3.9901582 3.7257450 3.9587981 3.8690305 4.6803324 4.0084733 3.8546472 5.3826771 
Bolinf_Binf_sb1194849                              2.6832226 2.0185220 1.7494879 0.0000010 1.1422094 1.3425862 1.3400094 0.0000000 0.0000010 0.8592552 0.0000010 1.1146414 1.1463031 0.0000010 5.4343612 5.1822021 5.6276013 5.7740065 5.4050728 5.2609157 5.2609157 5.7035227 5.9377130 5.4953993 5.5860696 5.5860696 5.7378917 5.8209720 5.2157314 0.0000010 9.0000000 7.0263057 6.8291175 8.2878618 6.4346653 0.0000010 0.0000010 5.8207879 5.8207879 5.7313896 0.0000010 6.0328136 6.0328136 3.8666346 5.9059431 5.9059431 5.5434320 7.0920944 4.8992602 4.6087118 4.4903644 4.9534989 5.6955484 4.9007208 4.9069324 4.7770439 4.7828118 4.8549577 4.6423295 5.5318990 6.2530837 1.2250169 4.7919323 5.4372479 4.6899205 6.1565048 4.6877163 6.2245405 6.0770978 6.0142712 6.4346273 6.5641223 8.9999984 
Mertsp_Mesp_sb572565                               1.8421224 1.3110531 1.1130088 0.7403664 1.4306950 1.2955740 1.2091882 0.0000010 0.0000000 0.6702383 0.4314544 0.9213325 1.1692857 8.9999988 3.2374426 5.1822021 3.4921951 3.6612796 3.5750750 4.3788281 3.4857810 3.5080935 3.5152029 3.7952720 3.8877546 4.9498999 3.9436191 3.9201373 4.2405387 2.8068564 9.0000000 3.8196360 4.0881500 4.2014025 4.1131866 2.3155133 0.0000010 4.0443974 4.1716771 4.0402844 3.9666434 3.9378838 3.9378838 3.1957368 3.7325591 3.8082968 3.6749118 5.4691305 3.8159710 3.5073068 3.5100750 3.6955701 3.7565679 3.4833309 3.4424748 3.4856836 3.4798476 3.4588929 3.4199392 3.5269256 3.6289926 3.5983131 3.4149794 4.0480055 4.0330781 4.1438228 4.1555860 4.3278392 4.0274079 6.0142712 4.0811453 4.0230384 5.2759894 
Beraby_Baby_sb339806                               1.8973935 1.1189793 1.1259503 1.2963419 1.5229339 1.2861846 1.1712483 0.8592552 0.6702383 0.0000000 0.5492906 1.0411401 1.1109381 3.7524183 3.3616242 4.5877321 3.4222680 3.4560447 3.4938898 3.9748839 3.4614389 3.5626229 3.6188517 3.7308007 3.8794957 5.3747829 4.0086678 3.8708640 4.3617701 2.8131221 4.6125995 3.7768006 4.0047262 3.8528418 3.6879322 2.5746560 3.1730011 3.9337381 3.9454094 3.9147961 3.6953744 3.8532794 3.8087434 3.4187911 3.6030532 3.7042253 3.5700136 5.7510537 3.6117979 3.6110636 3.8992752 3.5399378 3.9226435 3.5052751 3.7682689 3.8084317 3.8206481 3.7514651 3.7815108 3.7533252 3.7955287 3.4965241 3.9908737 3.8697822 3.8015226 3.8168290 3.9015636 3.9931034 3.9619776 4.6996471 4.0406871 3.8547269 5.1164036 
Drygla_Dgla_sb273089                               0.0000010 0.9496345 0.9659276 0.9800456 1.7761245 0.8920897 0.8528188 0.0000010 0.4314544 0.5492906 0.0000000 0.7608593 0.0000010 8.9999983 3.1756893 0.0000010 2.9128829 3.1526117 3.2198333 4.1567194 2.9464974 2.9561617 3.0410966 3.1633164 3.1271216 0.0000010 3.4873681 3.2596769 0.0000010 2.6841580 9.0000000 3.1229211 3.3311085 3.3225856 3.2725412 2.2289185 0.0000010 3.3841114 3.4506509 2.1338539 3.7528285 3.3372783 3.3372783 3.1935108 3.1935108 3.1935108 2.9917172 6.0165644 3.3560888 3.2049894 3.2400485 0.7871779 3.3016688 3.3100939 3.0110638 2.9890592 2.9890592 2.8596523 3.0286934 3.0808383 3.0808383 3.1746994 3.1720049 3.5215918 3.2600057 3.5718359 3.6430724 3.6923356 3.5397255 0.0000010 3.5179987 3.2853617 1.6051137 
Lampan_Lpan_5291_01                                2.4688014 1.5924560 1.4998652 1.3225858 1.5770169 1.3067411 1.1378757 1.1146414 0.9213325 1.0411401 0.7608593 0.0000000 1.4886286 6.1171206 3.4566030 5.3200782 3.4863272 3.5191131 3.5271793 4.2989533 3.5199790 3.7290415 3.5985012 3.5278726 3.5494132 4.1637391 3.5649963 3.3378911 4.1745025 2.5562079 3.6548264 3.3877159 3.3191807 3.5132623 3.7262948 2.3834104 0.0000010 3.3647832 3.4268455 3.3429294 3.2882170 3.6761619 3.7133802 3.1641228 3.2946441 3.3813405 3.3825794 4.9802140 3.4674645 3.2432376 3.5221089 3.5198990 3.7722283 3.3128054 3.1920512 3.1539264 3.1691953 3.1457115 3.1679965 3.1780978 3.1874985 2.9192710 3.4665215 3.7711180 3.7916255 4.0468551 3.8681941 4.0856002 3.9457748 5.4185883 4.2139133 3.8963529 3.7686525 
Drygla_Dgla_sb312687                               2.9274168 2.2631334 2.8077929 2.5266216 1.3819152 1.6156073 1.5626335 1.1463031 1.1692857 1.1109381 0.0000010 1.4886286 0.0000000 0.0000010 6.2501794 6.6643996 6.3455437 6.2341804 5.9586768 5.9205474 5.9205474 6.4119213 5.7967613 6.3611310 4.8721590 5.1145020 4.9908725 4.9082152 5.1914298 0.0000010 9.0000000 5.6026371 5.5467976 5.4180881 5.0228004 0.0000010 0.0000010 5.1889315 5.1889315 5.6533347 5.8257212 5.0091204 5.0091204 5.1123823 5.0087177 5.0087177 4.8414631 5.5165713 5.5415708 4.4242228 4.9117568 5.2160447 6.1768148 4.9340601 5.3065397 5.2419932 5.4170018 5.3221283 5.1278315 5.6642080 5.9447974 2.6218200 5.4247516 4.6994850 4.9315454 7.3598391 4.7574099 5.7806484 6.1428621 7.1728383 6.8052137 6.7205525 8.6577514 
Gfas_gfas1.m1.21442.m1                             0.0000010 2.9623127 8.9999986 8.4738484 0.0000010 5.5778900 4.3345196 0.0000010 8.9999988 3.7524183 8.9999983 6.1171206 0.0000010 0.0000000 0.3777766 0.0000010 0.4065612 0.4229499 0.3809890 0.4166595 0.4772479 0.9070844 0.4792461 0.9168348 1.9367539 0.0000010 3.7371873 1.8357676 0.0000010 2.5432446 1.5997831 2.0316364 1.9901878 2.1105917 1.9434973 1.2984945 2.2263227 1.8545891 1.8471852 0.0000010 2.5227568 2.3086727 2.9096472 1.6228117 1.6894452 1.8636432 1.3376566 2.3779189 2.7511063 2.9192669 2.7616689 8.9999986 2.2345398 2.5781653 2.5447554 2.5815446 2.5815446 2.6337233 2.3305400 2.4570292 2.5481232 2.5656436 3.9605127 1.4913663 4.2183226 8.9999990 4.9722858 4.2906384 3.4698466 0.0000010 4.5566299 3.1773299 3.3809160 
Fspp_ffun1.m4.22063.m1                             4.0909287 3.9496475 4.1038259 4.1704381 5.6818571 3.3916902 3.5340298 5.4343612 3.2374426 3.3616242 3.1756893 3.4566030 6.2501794 0.3777766 0.0000000 2.4037727 0.1679698 0.2199954 0.2150549 0.4227321 0.3623835 0.3512463 0.2519015 0.8077720 1.5558989 1.7530537 1.6471958 1.5985416 1.7325110 1.4165570 1.5113428 1.9217925 1.9317439 1.8394911 1.8553054 1.2854568 1.8764591 1.9357198 1.9791686 1.6679707 2.3336798 1.7098995 1.6652353 1.6643352 1.5773586 1.6432490 1.5650265 2.6307116 1.7990378 1.8143624 1.7831874 1.3795940 1.7166618 1.6000174 2.0519033 1.9590976 1.9658100 1.9682977 2.0029538 1.9601238 1.9672383 1.4013567 2.4094544 2.1362487 2.2170281 2.6301362 2.7961937 2.9241026 2.7610970 2.8108767 2.7876316 2.5935842 3.5308581 
Fspp_ffun1.m4.34109.m1                             0.0000010 5.0987962 0.0000010 0.0000010 3.6060995 4.6550704 5.4822436 5.1822021 5.1822021 4.5877321 0.0000010 5.3200782 6.6643996 0.0000010 2.4037727 0.0000000 0.0733777 0.0998197 0.0866089 0.1385537 0.1405469 0.4521489 0.3770080 0.3949835 1.6695001 1.6695001 1.6343950 1.5998184 1.3575049 0.0000010 0.0000010 1.8018795 1.8570970 2.3284375 1.6353258 0.0000010 0.0000010 2.1607649 2.1607649 2.2567932 0.0000010 1.6781310 1.6781310 1.4275851 1.4907433 1.4907433 1.5550532 1.6353258 0.8380778 0.9911219 1.0380353 0.9533686 1.4212685 1.0570067 1.5391612 1.4961941 1.4961941 1.5741436 1.5121411 1.9065155 2.5125468 0.0000010 1.2252642 1.2914912 1.4693593 0.0000010 1.6167494 2.1704164 1.9998340 2.0440815 1.9927619 2.1417103 2.7861982 
Gasp_gasp1.m3.1783.m1                              4.1900544 3.8369606 4.0863318 4.0462678 4.3877337 3.4248362 3.5097593 5.6276013 3.4921951 3.4222680 2.9128829 3.4863272 6.3455437 0.4065612 0.1679698 0.0733777 0.0000000 0.1892820 0.1930029 0.3680662 0.3274842 0.3472243 0.2607788 0.7003344 1.5729737 1.6335154 1.6168852 1.6029548 1.5408283 1.3454659 1.5901767 1.8463155 1.8616085 1.8652227 1.7753415 1.2640059 1.8451970 1.9118461 1.9507489 1.6941912 2.3884687 1.6675681 1.6236803 1.6768372 1.5285129 1.5871332 1.5330338 2.2258386 1.6422399 1.6021916 1.6919171 1.1949120 1.5896174 1.4981285 1.9509075 1.8457980 1.8516828 1.8478811 1.8769129 1.9124992 1.9546339 1.4324627 2.1744183 1.8894000 2.1155336 2.5409396 2.6227930 2.6698825 2.6280511 2.0741474 2.6584148 2.5195843 3.5019409 
Spis_XP_022800267_1                                4.1045393 3.8931795 4.2150621 4.2274894 4.9187049 3.7110588 3.7265360 5.7740065 3.6612796 3.4560447 3.1526117 3.5191131 6.2341804 0.4229499 0.2199954 0.0998197 0.1892820 0.0000000 0.0596738 0.3850114 0.3424916 0.3601503 0.2799428 0.7343356 1.5474882 1.5619495 1.5442441 1.5455491 1.5184674 1.2855235 1.6475024 1.7681460 1.7900222 1.8139247 1.7050335 1.1688665 1.7419240 1.8504116 1.8855061 1.6679197 2.1236040 1.6562776 1.5974148 1.5095562 1.4787597 1.5593942 1.4652223 2.1272135 1.5575268 1.5362681 1.6403466 1.1194201 1.5845402 1.4804045 1.9201776 1.8297770 1.8356387 1.8307885 1.8505521 1.9019665 1.9416509 1.4494749 2.1785490 1.9369779 2.1381229 2.5457742 2.6341369 2.6873813 2.6093661 2.0807658 2.6528454 2.4699160 3.5698774 
Pocdam_XM_027191148.1                              4.0978395 3.9259522 4.2270528 4.3132516 4.5717993 3.5253170 3.6345970 5.4050728 3.5750750 3.4938898 3.2198333 3.5271793 5.9586768 0.3809890 0.2150549 0.0866089 0.1930029 0.0596738 0.0000000 0.3780286 0.3323836 0.3564387 0.2566724 0.7085988 1.5200203 1.5575115 1.5617383 1.5428665 1.5348062 1.2745609 1.6107381 1.7725835 1.7937135 1.8240506 1.6749049 1.1555474 1.6886134 1.8084658 1.8427747 1.6140472 2.0815902 1.6454327 1.5950264 1.4829430 1.4650958 1.5352311 1.4214430 2.1146861 1.5311595 1.5050726 1.6184992 1.1089631 1.5744844 1.4823010 1.8758658 1.7876169 1.7934218 1.7918830 1.8169392 1.8611493 1.9086479 1.4115941 2.1452900 1.8987227 2.1092478 2.5892364 2.5932863 2.6515733 2.5930870 2.0290274 2.5817917 2.4538143 3.3821203 
Amil_Amillepora14560-RA                            4.4412986 4.3881181 5.3797318 5.2970683 3.9507756 4.3904856 4.2576115 5.2609157 4.3788281 3.9748839 4.1567194 4.2989533 5.9205474 0.4166595 0.4227321 0.1385537 0.3680662 0.3850114 0.3780286 0.0000000 0.0447083 0.0892888 0.3530823 0.8460763 1.6729701 1.4835248 1.6977947 1.6487716 1.5193183 2.5033508 1.6917514 2.1176237 2.1143564 2.1701993 1.9852383 1.3526563 1.8783784 2.0952534 2.1550382 1.9226141 2.5711324 1.8336403 1.8055192 2.2185709 1.6546411 1.7281396 1.6859649 2.2907712 1.6462322 1.6963995 1.7015075 1.1038610 1.7385572 1.7755918 2.2270445 2.1320196 2.1368101 2.1503945 2.1580235 2.2658496 2.3176363 1.6276181 2.2219415 1.9534146 2.4156966 2.8071194 2.7923540 2.9411822 2.8171864 2.0039896 2.7886509 2.6489758 3.5238140 
Adig_XM_015916274.1                                4.5028902 4.0977109 4.3756929 4.3023281 4.4555788 3.4578572 3.5026146 5.2609157 3.4857810 3.4614389 2.9464974 3.5199790 5.9205474 0.4772479 0.3623835 0.1405469 0.3274842 0.3424916 0.3323836 0.0447083 0.0000000 0.0360091 0.2753850 0.7732906 1.5207117 1.4949777 1.4559255 1.5290035 1.5170016 1.2102873 1.7699457 1.8388199 1.8517428 1.9001027 1.7789644 1.2103256 1.7949334 1.8845030 1.9292626 1.6791539 2.3401105 1.6381156 1.5954862 1.5976259 1.5307137 1.5509095 1.5187116 2.1771409 1.5331822 1.5357479 1.6200803 1.0862847 1.6093711 1.5218977 1.9229903 1.8642596 1.8680126 1.8692717 1.8814160 1.9255120 1.9543765 1.3838938 2.0894567 1.9214451 2.1119581 2.6444861 2.6193426 2.7443289 2.6311769 2.0201576 2.6277496 2.4908171 3.6466662 
Amil_Amillepora14580-RA                            4.2928714 4.2659687 4.1926119 3.8004832 4.6951442 3.5219505 3.4965053 5.7035227 3.5080935 3.5626229 2.9561617 3.7290415 6.4119213 0.9070844 0.3512463 0.4521489 0.3472243 0.3601503 0.3564387 0.0892888 0.0360091 0.0000000 0.2570454 0.7414389 1.4590794 1.5611028 1.4739684 1.4796036 1.5726842 1.1707383 2.7399643 1.7619062 1.8137841 1.7855812 1.7485828 1.1969200 0.0000010 1.9011494 1.9507857 1.6736451 2.3063871 1.5889216 1.5954634 1.5705280 1.4552679 1.5035584 1.3983644 1.9913073 1.3449733 1.3238285 1.4850880 1.0900604 1.4734895 1.5080950 1.8514230 1.7759275 1.7807455 1.7876740 1.7816127 1.8489800 1.8279747 1.2632955 1.9389302 1.8758440 1.9285259 2.6444861 2.4333945 2.6319685 2.4044697 2.2220396 2.3833714 2.2541537 3.0745891 
Gfas_gfas1.m1.5620.m1                              4.2508641 4.3483072 4.3989006 4.1587119 4.7323621 3.4819526 3.5697487 5.9377130 3.5152029 3.6188517 3.0410966 3.5985012 5.7967613 0.4792461 0.2519015 0.3770080 0.2607788 0.2799428 0.2566724 0.3530823 0.2753850 0.2570454 0.0000000 0.7487716 1.4969300 1.5448042 1.5202031 1.5308729 1.6135754 1.2587384 1.4859263 1.8485328 1.8105494 1.8615368 1.7460616 1.2663650 1.0629905 1.8589646 1.8988607 1.5867435 2.3475293 1.6588840 1.6121980 1.6770348 1.5141640 1.5196914 1.4843454 2.1879464 1.6540372 1.5425455 1.6677817 1.2225752 1.5757282 1.5202884 1.9135391 1.8585675 1.8627190 1.8775120 1.8823862 1.9519142 1.9455503 1.4147626 2.2769377 2.0585743 2.1051979 2.6113424 2.6612109 2.7260360 2.5881916 2.3529429 2.5415255 2.4893355 3.4032774 
Exapal_XM_021045880.2                              5.4855387 4.3439102 4.5205816 4.1842339 5.2929927 3.7944081 3.8095013 5.4953993 3.7952720 3.7308007 3.1633164 3.5278726 6.3611310 0.9168348 0.8077720 0.3949835 0.7003344 0.7343356 0.7085988 0.8460763 0.7732906 0.7414389 0.7487716 0.0000000 1.4690501 1.6554689 1.5122748 1.5308549 1.4766458 1.0877781 1.7767648 1.8425293 1.8904099 1.8648156 1.7409543 1.2663850 2.1551432 1.8656728 1.9104296 1.5819994 2.1772339 1.7144562 1.6587615 1.6193850 1.5642492 1.5927880 1.4838703 2.1007130 1.5591912 1.5672350 1.5375925 1.1034433 1.5961692 1.5077261 1.7848768 1.7737970 1.7768592 1.7481476 1.7723290 1.8165450 1.8687096 1.4643054 2.1624614 1.9833347 2.1558987 2.5106870 2.5516853 2.6488804 2.5590697 1.9563112 2.6123950 2.5079219 3.4897997 
Lcom_lcpid39624                                    5.5925520 4.2905774 4.0845877 4.0744089 4.8256380 3.9563896 3.9970000 5.5860696 3.8877546 3.8794957 3.1271216 3.5494132 4.8721590 1.9367539 1.5558989 1.6695001 1.5729737 1.5474882 1.5200203 1.6729701 1.5207117 1.4590794 1.4969300 1.4690501 0.0000000 0.0201905 0.1866422 0.2416090 0.3606541 0.4810436 0.5287169 1.6718531 1.6620137 1.7160686 1.4358691 1.2371710 2.0208290 1.5687417 1.6421281 1.4359727 1.6193493 1.5147900 1.4928959 1.6831237 1.2144433 1.2465066 1.1690328 2.1707820 1.6331164 1.6839745 1.6070933 1.3257298 1.6277318 1.7866657 1.9556128 1.9348360 1.9577865 1.9475464 1.9501847 1.9195703 1.9766362 1.4435473 2.3755860 2.0397954 2.2531152 2.6032692 2.6115408 2.7403921 2.6673212 2.1352870 2.6672486 2.6647995 3.2392622 
Lcom_lcpid91775                                    6.6945613 6.3510739 9.0000000 0.0000010 4.5242717 5.0710944 4.7411919 5.5860696 4.9498999 5.3747829 0.0000010 4.1637391 5.1145020 0.0000010 1.7530537 1.6695001 1.6335154 1.5619495 1.5575115 1.4835248 1.4949777 1.5611028 1.5448042 1.6554689 0.0201905 0.0000000 0.1180740 0.1652475 0.3581919 0.8329636 1.2887351 1.6948241 1.6522034 1.8460446 1.3217834 0.0000010 0.0000010 1.6154511 1.6156443 1.6313145 3.2415582 1.1684816 1.1626788 2.6883633 1.0477579 1.0413447 1.0209544 1.7329601 1.5416175 1.5144225 1.1878280 1.3041042 1.6756908 1.5591955 1.8294746 1.7797922 1.8236986 1.8442666 1.7949032 1.8764379 2.0426067 1.9965317 2.1142596 1.9690961 1.8747962 6.5362762 2.4636959 2.6823869 2.4813663 2.1352870 2.3978325 2.2478003 2.9394958 
Leuniv_Lniv_scaffold23293_01                       5.3232511 4.6160489 4.3683205 3.9421132 4.7711850 3.9298217 4.1313666 5.7378917 3.9436191 4.0086678 3.4873681 3.5649963 4.9908725 3.7371873 1.6471958 1.6343950 1.6168852 1.5442441 1.5617383 1.6977947 1.4559255 1.4739684 1.5202031 1.5122748 0.1866422 0.1180740 0.0000000 0.1722302 0.3718680 0.5422692 1.1737050 1.6350017 1.5884321 1.6364746 1.3569377 1.2441636 0.0000010 1.4881614 1.4944420 1.3942759 1.8058901 1.4346308 1.4346308 1.7150564 1.2243450 1.2677432 1.1667257 1.9290564 1.4646659 1.4663669 1.4746598 1.3115816 1.4722384 1.7286744 1.8575373 1.8104506 1.8377631 1.8212117 1.8037171 1.8280142 1.8941444 1.4946337 2.1173648 1.9771224 2.1148158 2.9040506 2.5252262 2.6957477 2.4562345 2.1037045 2.3202180 2.3588289 2.3759999 
Gracom_Gcom_C559622_01                             5.3635118 4.3115626 4.2681480 4.0753185 4.8751837 3.9011680 3.9929975 5.8209720 3.9201373 3.8708640 3.2596769 3.3378911 4.9082152 1.8357676 1.5985416 1.5998184 1.6029548 1.5455491 1.5428665 1.6487716 1.5290035 1.4796036 1.5308729 1.5308549 0.2416090 0.1652475 0.1722302 0.0000000 0.3748770 0.5492044 0.5030608 1.6696490 1.6573854 1.7223882 1.3886416 1.2437834 1.9900264 1.5631634 1.6253670 1.3612681 1.6657880 1.5072926 1.5005649 1.7191940 1.2347583 1.2399438 1.2042372 2.1062792 1.6672360 1.6792965 1.6393279 1.2439484 1.6132437 1.7674031 1.8694785 1.8584121 1.8780204 1.8603295 1.8798727 1.8667257 1.9226998 1.4313901 2.4181299 1.9643139 2.2775623 2.7038888 2.6513063 2.8163787 2.6615021 2.0442583 2.6751629 2.7024867 3.2810817 
Clacor_Ccor_C532857_01                             4.8968002 4.9399472 9.0000000 0.0000010 4.2514047 4.4659448 4.2587908 5.2157314 4.2405387 4.3617701 0.0000010 4.1745025 5.1914298 0.0000010 1.7325110 1.3575049 1.5408283 1.5184674 1.5348062 1.5193183 1.5170016 1.5726842 1.6135754 1.4766458 0.3606541 0.3581919 0.3718680 0.3748770 0.0000000 0.4172507 0.0000010 1.7186355 1.5475613 1.6125996 1.2480353 0.0000010 0.0000010 1.5314964 1.5272669 1.5525426 0.0000010 1.2478894 1.2478894 2.1102152 1.0348708 1.1002485 1.0935677 1.5698927 1.4889919 1.4507111 1.0800369 1.2337883 1.3708328 1.5689407 1.8172545 1.6732149 1.7123800 1.7398883 1.6828206 1.6945809 1.7863332 2.5343513 2.1500180 1.8853702 1.7826462 3.7701889 2.6412567 2.6391067 2.4501785 2.1482725 2.3451044 2.2773696 2.3216814 
Clacor_Ccor_C507667_01                             5.3131388 3.6298781 3.7696715 3.5059112 8.9999989 2.8162144 2.9272857 0.0000010 2.8068564 2.8131221 2.6841580 2.5562079 0.0000010 2.5432446 1.4165570 0.0000010 1.3454659 1.2855235 1.2745609 2.5033508 1.2102873 1.1707383 1.2587384 1.0877781 0.4810436 0.8329636 0.5422692 0.5492044 0.4172507 0.0000000 0.7611754 1.3626008 1.5139860 1.5015767 1.3884324 1.3608685 2.2709236 1.4116877 1.4225702 1.3133410 1.6062663 1.4695984 1.4695984 1.3874399 1.3769537 1.3470946 1.2611006 2.6862610 1.4735211 1.3495415 1.7043390 1.2166848 1.3930377 1.2667173 1.3900995 1.4716624 1.4716624 1.3415523 1.4105709 1.4409165 1.4409165 1.3471425 1.9199221 1.9694676 1.7102229 2.8605408 2.1865989 2.4821851 2.0396997 0.0000010 2.1625167 2.1674282 1.2413587 
Clacor_Ccor_C514745_01                             0.0000010 3.6257027 8.9999982 5.6579908 0.0000010 9.0000000 9.0000000 9.0000000 9.0000000 4.6125995 9.0000000 3.6548264 9.0000000 1.5997831 1.5113428 0.0000010 1.5901767 1.6475024 1.6107381 1.6917514 1.7699457 2.7399643 1.4859263 1.7767648 0.5287169 1.2887351 1.1737050 0.5030608 0.0000010 0.7611754 0.0000000 2.0034580 2.0342275 2.0436199 1.4516702 2.0247676 1.9489377 1.6126066 1.6761633 9.0000000 1.6901911 4.7597947 2.6974679 0.0000010 1.2898577 1.2241467 1.7094633 3.5380999 2.8757048 2.8038216 2.6016062 0.9747980 2.5735202 2.3849580 2.1290301 2.2380645 2.2380645 2.4373852 2.6076128 2.2008137 2.2209191 1.6989988 4.6054301 2.3599403 3.7204769 4.7210924 4.0067959 3.5485733 4.3420871 0.0000010 4.8705861 5.3168961 4.6569200 
Aque_Aqu2.1.43408_001                              4.4373261 4.1735465 4.3301501 4.2516532 5.8607881 4.0084573 3.8389128 7.0263057 3.8196360 3.7768006 3.1229211 3.3877159 5.6026371 2.0316364 1.9217925 1.8018795 1.8463155 1.7681460 1.7725835 2.1176237 1.8388199 1.7619062 1.8485328 1.8425293 1.6718531 1.6948241 1.6350017 1.6696490 1.7186355 1.3626008 2.0034580 0.0000000 0.2772331 0.3973189 0.9233702 0.8401657 1.1141052 1.1346103 1.2139415 1.0282870 1.1798279 1.2017766 1.1617562 1.8114398 1.5885904 1.5780608 1.4956578 1.7081786 1.9496306 2.0147143 1.8055570 1.5559098 1.9933118 1.9747535 2.1004865 2.0326360 2.0230460 2.0634663 2.1275790 2.0931546 2.1492148 1.8895424 2.4261843 2.0744481 2.4155164 2.7202597 2.8337275 2.8525624 2.7208868 2.8723676 2.7865006 2.7827567 3.0069475 
Halamb_c55559_g1_i3mm.6639                         4.6519728 4.4133040 4.8802642 4.9397895 5.2760074 3.8921413 3.8333066 6.8291175 4.0881500 4.0047262 3.3311085 3.3191807 5.5467976 1.9901878 1.9317439 1.8570970 1.8616085 1.7900222 1.7937135 2.1143564 1.8517428 1.8137841 1.8105494 1.8904099 1.6620137 1.6522034 1.5884321 1.6573854 1.5475613 1.5139860 2.0342275 0.2772331 0.0000000 0.3377423 0.9062331 0.8059479 1.0956848 1.1929785 1.2589701 1.0265594 1.2536148 1.2264795 1.1805479 1.8485249 1.6071429 1.5686415 1.5403165 1.7400334 1.9356976 2.0509624 1.8703921 1.6046493 1.9149895 1.9999545 2.1466191 2.0872226 2.0772721 2.0816619 2.1213033 2.0575737 2.1114107 1.8495222 2.3937656 2.2077154 2.4442817 2.8330703 2.9032869 2.9975209 2.7959236 2.8305981 2.7633622 2.7917559 3.2190897 
Xestes_maker-XT_scaffold2592-snap-gene-0.42-mRNA-1 4.7312290 4.3584386 4.7336972 4.7502893 7.1123033 4.0981907 3.9586914 8.2878618 4.2014025 3.8528418 3.3225856 3.5132623 5.4180881 2.1105917 1.8394911 2.3284375 1.8652227 1.8139247 1.8240506 2.1701993 1.9001027 1.7855812 1.8615368 1.8648156 1.7160686 1.8460446 1.6364746 1.7223882 1.6125996 1.5015767 2.0436199 0.3973189 0.3377423 0.0000000 0.9429335 0.7954909 1.2564820 1.1921345 1.2788606 0.9733444 1.3587857 1.2364416 1.1740321 1.7397950 1.6264767 1.6197985 1.5758022 2.0720845 1.9410637 2.1587380 1.8939036 1.6727426 2.0253733 2.1281320 2.0604640 2.0105487 2.0112545 1.9812040 2.0229934 1.9620627 2.0107771 1.8581089 2.6047996 2.2011955 2.3704389 2.7099577 2.9355656 3.0106721 2.9325141 4.2113853 2.7688683 2.8295321 3.4222936 
Tetwil_g11257.t2                                   4.8892497 4.3509076 4.6675343 4.4575018 5.3790269 4.1466265 3.9457733 6.4346653 4.1131866 3.6879322 3.2725412 3.7262948 5.0228004 1.9434973 1.8553054 1.6353258 1.7753415 1.7050335 1.6749049 1.9852383 1.7789644 1.7485828 1.7460616 1.7409543 1.4358691 1.3217834 1.3569377 1.3886416 1.2480353 1.3884324 1.4516702 0.9233702 0.9062331 0.9429335 0.0000000 0.2982042 0.7765333 0.9327640 0.9762013 0.8190711 0.9476308 1.1381702 1.0947805 1.7169891 1.3865712 1.3645627 1.3848475 0.8768335 1.8002776 1.9012535 1.7242051 1.4158795 1.8568511 1.7768099 1.8871616 1.8435834 1.8601266 1.8640544 1.8814132 1.8940782 1.9590065 1.6358118 2.2208868 2.0590788 2.2848375 2.8337341 2.9121800 2.7920531 2.8379555 2.4675806 2.7033657 2.7453435 3.1596812 
Stycar_maker-SC_scaffold6040-snap-gene-0.3-mRNA-1  2.1533566 2.7496858 3.1453205 2.8258585 8.9999989 2.4752964 2.8820186 0.0000010 2.3155133 2.5746560 2.2289185 2.3834104 0.0000010 1.2984945 1.2854568 0.0000010 1.2640059 1.1688665 1.1555474 1.3526563 1.2103256 1.1969200 1.2663650 1.2663850 1.2371710 0.0000010 1.2441636 1.2437834 0.0000010 1.3608685 2.0247676 0.8401657 0.8059479 0.7954909 0.2982042 0.0000000 1.5423330 0.6171840 0.6171840 0.5339477 0.7743128 0.9097163 0.9097163 1.0762648 1.0972198 1.0972198 1.0551969 1.7827176 1.5553888 1.4732988 1.5108676 1.5361242 1.4388169 1.6343400 1.2555784 1.2784425 1.2784425 1.2421949 1.3245930 1.4178257 1.4178257 1.3739391 1.7407999 1.8103477 2.1128216 2.0598417 1.7621583 1.9574899 2.0193011 0.0000010 1.8708567 1.8931586 2.5974672 
Spolac_c95718_g1_i1_m.11917c57416-g1               0.0000010 3.5458851 0.0000010 8.2739424 0.0000010 0.0000010 0.0000010 0.0000010 0.0000010 3.1730011 0.0000010 0.0000010 0.0000010 2.2263227 1.8764591 0.0000010 1.8451970 1.7419240 1.6886134 1.8783784 1.7949334 0.0000010 1.0629905 2.1551432 2.0208290 0.0000010 0.0000010 1.9900264 0.0000010 2.2709236 1.9489377 1.1141052 1.0956848 1.2564820 0.7765333 1.5423330 0.0000000 0.1065826 0.1583011 0.0000010 9.0000000 0.0000010 0.0000010 0.0000010 1.7167872 1.7167872 2.0149180 4.8124445 2.8820188 3.0518530 3.2302017 0.0000010 2.1858318 2.3143037 2.4397630 2.2370948 2.2370948 2.2732617 2.4657276 2.3714604 2.3981499 1.8148467 4.6241597 2.2492505 3.9633741 0.0000010 2.9747989 2.7876595 4.8979414 0.0000010 5.0820172 4.6424619 5.0632137 
Emue_Em0020g155a.t1                                5.1531228 4.4554036 4.7609402 4.6098349 5.2457213 4.2804311 3.8707281 5.8207879 4.0443974 3.9337381 3.3841114 3.3647832 5.1889315 1.8545891 1.9357198 2.1607649 1.9118461 1.8504116 1.8084658 2.0952534 1.8845030 1.9011494 1.8589646 1.8656728 1.5687417 1.6154511 1.4881614 1.5631634 1.5314964 1.4116877 1.6126066 1.1346103 1.1929785 1.1921345 0.9327640 0.6171840 0.1065826 0.0000000 0.0282387 0.1062853 0.2799837 1.3856294 1.3418975 1.8337013 1.6597833 1.6700782 1.4928817 2.0856608 2.0037158 1.9449866 1.8521195 1.5008320 1.9384138 2.0617417 2.0922181 2.0425067 2.0345103 2.0386207 2.1092683 2.1286801 2.1582104 1.8804161 2.4288268 2.1501409 2.3602918 3.0696740 3.0222061 3.0260914 2.8415645 2.7637686 3.0151225 2.9329157 3.8422384 
Emue_Em0020g164a.t1                                5.3489380 4.4755376 4.7277589 4.8142560 5.2457213 4.3978877 3.9077172 5.8207879 4.1716771 3.9454094 3.4506509 3.4268455 5.1889315 1.8471852 1.9791686 2.1607649 1.9507489 1.8855061 1.8427747 2.1550382 1.9292626 1.9507857 1.8988607 1.9104296 1.6421281 1.6156443 1.4944420 1.6253670 1.5272669 1.4225702 1.6761633 1.2139415 1.2589701 1.2788606 0.9762013 0.6171840 0.1583011 0.0282387 0.0000000 0.1163472 0.3603081 1.4667372 1.4185633 1.8418340 1.7101398 1.7299047 1.5351726 2.1252742 2.0721273 2.0105483 1.9408049 1.5476742 1.9937469 2.1293741 2.1388736 2.0836424 2.0636329 2.0583796 2.1283411 2.1608241 2.1911440 2.0227747 2.5059347 2.2248684 2.4354450 3.0584269 3.1160664 3.0856357 2.9338904 2.7637686 3.1326673 3.0220615 4.0702623 
Spolac_c57416_g1_i1_m.1587c57416-g1                5.1393871 4.3156697 3.5402033 2.3475656 5.7139576 4.3653870 3.7270746 5.7313896 4.0402844 3.9147961 2.1338539 3.3429294 5.6533347 0.0000010 1.6679707 2.2567932 1.6941912 1.6679197 1.6140472 1.9226141 1.6791539 1.6736451 1.5867435 1.5819994 1.4359727 1.6313145 1.3942759 1.3612681 1.5525426 1.3133410 9.0000000 1.0282870 1.0265594 0.9733444 0.8190711 0.5339477 0.0000010 0.1062853 0.1163472 0.0000000 0.0000010 1.0245465 1.0245465 1.7757445 1.3404392 1.3954857 1.1783009 1.4397880 1.5348594 1.5179198 1.5681256 1.5508533 1.5917950 1.4855218 1.7919177 1.7300319 1.7118878 1.7145378 1.7196203 1.7113435 1.7344949 1.6001395 1.9052068 1.8382097 1.6401662 2.9419154 2.9488050 2.8765277 2.2928601 2.5877033 2.3559495 2.3686227 2.7496628 
Spolac_c95718_g2_i1_m.11918c57416-g1               0.0000010 4.9348765 4.9815060 4.9846927 0.0000010 3.1216537 4.1678158 0.0000010 3.9666434 3.6953744 3.7528285 3.2882170 5.8257212 2.5227568 2.3336798 0.0000010 2.3884687 2.1236040 2.0815902 2.5711324 2.3401105 2.3063871 2.3475293 2.1772339 1.6193493 3.2415582 1.8058901 1.6657880 0.0000010 1.6062663 1.6901911 1.1798279 1.2536148 1.3587857 0.9476308 0.7743128 9.0000000 0.2799837 0.3603081 0.0000010 0.0000000 1.7622188 1.6053033 1.9069244 1.8800172 1.7733328 1.6005093 4.3162058 2.2068019 2.2178790 1.8101943 0.0000010 2.1681766 2.6074845 2.3017241 2.3304153 2.3380358 2.2510950 2.3838035 2.3769766 2.3769766 1.8138967 2.7873928 2.4614106 2.8554720 3.2285319 3.0071945 3.0720626 2.9597624 0.0000010 2.9996421 2.7354484 2.8247070 
Plespi_Pspi_scaffold10133_01                       4.8002192 4.7549247 4.3769985 3.6779682 4.8765507 3.7766827 4.0200430 6.0328136 3.9378838 3.8532794 3.3372783 3.6761619 5.0091204 2.3086727 1.7098995 1.6781310 1.6675681 1.6562776 1.6454327 1.8336403 1.6381156 1.5889216 1.6588840 1.7144562 1.5147900 1.1684816 1.4346308 1.5072926 1.2478894 1.4695984 4.7597947 1.2017766 1.2264795 1.2364416 1.1381702 0.9097163 0.0000010 1.3856294 1.4667372 1.0245465 1.7622188 0.0000000 0.0353373 2.0896214 1.4611454 1.4057844 1.3535038 1.5639316 1.7904527 1.6053049 1.5977372 1.2826261 1.7372521 1.6936804 1.8875099 1.8412644 1.8423625 1.8534049 1.8344430 1.8241714 1.8542289 1.8260037 2.0586324 2.0340894 2.0709499 2.6854823 2.4604514 2.6733303 2.4143925 2.0134355 2.3352563 2.3731502 3.6828466 
Plespi_Pspi_scaffold10134_01                       4.8002192 4.6554895 4.3769985 3.6660743 4.8765507 3.7766827 4.0200430 6.0328136 3.9378838 3.8087434 3.3372783 3.7133802 5.0091204 2.9096472 1.6652353 1.6781310 1.6236803 1.5974148 1.5950264 1.8055192 1.5954862 1.5954634 1.6121980 1.6587615 1.4928959 1.1626788 1.4346308 1.5005649 1.2478894 1.4695984 2.6974679 1.1617562 1.1805479 1.1740321 1.0947805 0.9097163 0.0000010 1.3418975 1.4185633 1.0245465 1.6053033 0.0353373 0.0000000 2.0896214 1.4306428 1.3834645 1.3147817 1.5455116 1.7513203 1.5921637 1.5250620 1.2893468 1.7794935 1.6578744 1.8026115 1.7648946 1.7660778 1.7614691 1.7618468 1.7610918 1.7890827 1.6912565 2.0015493 2.1016661 2.0210322 2.6854823 2.5010235 2.6736976 2.3810637 2.0134355 2.3459433 2.3537685 3.5450749 
Opea_EP00118_Oscarella_pearsei_P007161             7.1239797 5.1324652 5.1281145 4.6025318 8.9999984 4.3416190 4.2385848 3.8666346 3.1957368 3.4187911 3.1935108 3.1641228 5.1123823 1.6228117 1.6643352 1.4275851 1.6768372 1.5095562 1.4829430 2.2185709 1.5976259 1.5705280 1.6770348 1.6193850 1.6831237 2.6883633 1.7150564 1.7191940 2.1102152 1.3874399 0.0000010 1.8114398 1.8485249 1.7397950 1.7169891 1.0762648 0.0000010 1.8337013 1.8418340 1.7757445 1.9069244 2.0896214 2.0896214 0.0000000 0.1017353 0.1649648 0.7791139 3.3688297 1.8101392 1.7952166 1.8111830 1.5843440 1.7818185 2.1294311 2.0118914 1.9652414 1.9793961 1.9142415 1.9182781 1.9560539 1.9560539 1.4421718 2.3936734 2.4753465 2.5319952 3.0759088 2.7721961 3.1286943 2.6816053 2.4448603 2.6725078 2.5039359 2.6002344 
Opea_EP00118_Oscarella_pearsei_P007162             4.4369139 4.4690215 4.9284345 5.1381624 5.1494362 4.1140303 4.2178643 5.9059431 3.7325591 3.6030532 3.1935108 3.2946441 5.0087177 1.6894452 1.5773586 1.4907433 1.5285129 1.4787597 1.4650958 1.6546411 1.5307137 1.4552679 1.5141640 1.5642492 1.2144433 1.0477579 1.2243450 1.2347583 1.0348708 1.3769537 1.2898577 1.5885904 1.6071429 1.6264767 1.3865712 1.0972198 1.7167872 1.6597833 1.7101398 1.3404392 1.8800172 1.4611454 1.4306428 0.1017353 0.0000000 0.0302500 0.5477068 1.9743723 1.8544498 1.7481770 1.5582142 1.1640208 1.7001458 1.7738425 1.9735046 1.9019406 1.9102335 1.9189167 1.9374530 1.9246609 1.9605532 1.6043535 2.4042546 2.2337905 2.2061850 2.9676663 2.7176222 3.0336345 2.8707985 2.4030429 2.8302508 2.7510727 3.4198610 
Ocar_g8286                                         4.5140894 4.6397973 5.5483270 5.2665206 5.1494362 4.1074261 4.5072726 5.9059431 3.8082968 3.7042253 3.1935108 3.3813405 5.0087177 1.8636432 1.6432490 1.4907433 1.5871332 1.5593942 1.5352311 1.7281396 1.5509095 1.5035584 1.5196914 1.5927880 1.2465066 1.0413447 1.2677432 1.2399438 1.1002485 1.3470946 1.2241467 1.5780608 1.5686415 1.6197985 1.3645627 1.0972198 1.7167872 1.6700782 1.7299047 1.3954857 1.7733328 1.4057844 1.3834645 0.1649648 0.0302500 0.0000000 0.5661014 2.0305924 1.8274259 1.7121398 1.5729853 1.2755288 1.6816280 1.7836750 1.9233746 1.9180559 1.9212265 1.9059508 1.9096045 1.9671759 2.0086545 1.6619702 2.3589787 2.1606250 2.3131245 3.0599335 2.6100470 2.8915034 2.7978191 2.4030429 2.7019124 2.6561708 2.8816708 
Plajan_Pjan_scaffold3536_01                        4.6348969 4.4752996 4.4588682 4.2440506 4.9585290 3.8218293 4.2393858 5.5434320 3.6749118 3.5700136 2.9917172 3.3825794 4.8414631 1.3376566 1.5650265 1.5550532 1.5330338 1.4652223 1.4214430 1.6859649 1.5187116 1.3983644 1.4843454 1.4838703 1.1690328 1.0209544 1.1667257 1.2042372 1.0935677 1.2611006 1.7094633 1.4956578 1.5403165 1.5758022 1.3848475 1.0551969 2.0149180 1.4928817 1.5351726 1.1783009 1.6005093 1.3535038 1.3147817 0.7791139 0.5477068 0.5661014 0.0000000 1.7835700 1.6913042 1.6827433 1.5514163 1.1834667 1.6371672 1.7464051 1.9688566 1.9625622 1.9656851 1.9520464 1.9654204 1.9732932 2.0020387 1.5887059 2.2895275 2.0749445 2.0053022 2.8946693 2.8488660 2.9033191 2.7340322 2.2162250 2.6775475 2.6003132 3.2766856 
Tetwil_g11256.t2                                   8.3873902 6.4122991 8.9999985 7.8571020 5.0874812 4.7304147 5.6405770 7.0920944 5.4691305 5.7510537 6.0165644 4.9802140 5.5165713 2.3779189 2.6307116 1.6353258 2.2258386 2.1272135 2.1146861 2.2907712 2.1771409 1.9913073 2.1879464 2.1007130 2.1707820 1.7329601 1.9290564 2.1062792 1.5698927 2.6862610 3.5380999 1.7081786 1.7400334 2.0720845 0.8768335 1.7827176 4.8124445 2.0856608 2.1252742 1.4397880 4.3162058 1.5639316 1.5455116 3.3688297 1.9743723 2.0305924 1.7835700 0.0000000 2.3812205 2.0493472 1.8839379 1.4799259 2.5652543 2.0449421 1.9966142 1.9892177 2.0048696 2.0530088 2.0992953 2.0881831 2.2652082 3.0065092 2.6378351 2.5152970 2.5736801 4.5052321 3.8643736 3.5801875 3.1202900 2.4675806 3.1903626 3.0459121 3.6775215 
Cgig_XM_011440113.3                                4.7973048 4.2071184 3.9122460 4.2449436 4.9723598 4.0811426 3.9882166 4.8992602 3.8159710 3.6117979 3.3560888 3.4674645 5.5415708 2.7511063 1.7990378 0.8380778 1.6422399 1.5575268 1.5311595 1.6462322 1.5331822 1.3449733 1.6540372 1.5591912 1.6331164 1.5416175 1.4646659 1.6672360 1.4889919 1.4735211 2.8757048 1.9496306 1.9356976 1.9410637 1.8002776 1.5553888 2.8820188 2.0037158 2.0721273 1.5348594 2.2068019 1.7904527 1.7513203 1.8101392 1.8544498 1.8274259 1.6913042 2.3812205 0.0000000 0.9411831 1.6893737 1.0704189 1.7478026 1.8474169 1.8402226 1.8640286 1.8550944 1.8428929 1.8908506 1.8947921 1.9263066 1.4803741 2.0379580 2.0421652 1.9771084 2.6629356 2.7097251 2.6523456 2.5643629 2.1545167 2.5059973 2.4961454 3.3847807 
Acagra_model.g5142.t1.1.5d3b83ec                   4.4757339 4.0423195 3.6929163 4.1205025 4.0228515 3.4652615 3.6394081 4.6087118 3.5073068 3.6110636 3.2049894 3.2432376 4.4242228 2.9192669 1.8143624 0.9911219 1.6021916 1.5362681 1.5050726 1.6963995 1.5357479 1.3238285 1.5425455 1.5672350 1.6839745 1.5144225 1.4663669 1.6792965 1.4507111 1.3495415 2.8038216 2.0147143 2.0509624 2.1587380 1.9012535 1.4732988 3.0518530 1.9449866 2.0105483 1.5179198 2.2178790 1.6053049 1.5921637 1.7952166 1.7481770 1.7121398 1.6827433 2.0493472 0.9411831 0.0000000 1.6012679 1.0275677 1.6825889 1.8255265 1.9004523 1.8820430 1.8867293 1.8511738 1.9147170 1.9739719 2.0207341 1.6329148 2.1627079 2.0317881 1.8299256 2.1638496 2.7059708 2.5127054 2.6401887 2.0180074 2.5734394 2.5879363 3.6196446 
Spur_XM_030984110.1                                5.1490770 4.0971360 3.8573274 4.2301480 3.9604615 3.4798195 3.9392143 4.4903644 3.5100750 3.8992752 3.2400485 3.5221089 4.9117568 2.7616689 1.7831874 1.0380353 1.6919171 1.6403466 1.6184992 1.7015075 1.6200803 1.4850880 1.6677817 1.5375925 1.6070933 1.1878280 1.4746598 1.6393279 1.0800369 1.7043390 2.6016062 1.8055570 1.8703921 1.8939036 1.7242051 1.5108676 3.2302017 1.8521195 1.9408049 1.5681256 1.8101943 1.5977372 1.5250620 1.8111830 1.5582142 1.5729853 1.5514163 1.8839379 1.6893737 1.6012679 0.0000000 0.9955941 1.7330865 1.8775539 1.9734885 1.9277474 1.9293970 1.9088660 1.9457883 1.9492897 1.9705027 1.3117688 2.0368136 1.9987388 1.9718028 2.5498292 2.7397735 2.6595982 2.6751267 1.6813665 2.6852465 2.5944796 3.1709978 
