79
Lcom_lcpid184516                                                  0.0000000 0.0000010 0.0000010 1.8967387 1.5369736 1.4890744 1.5522659 1.5520907 1.9859955 1.5423195 2.0337153 1.5501264 0.0000010 1.6359987 1.7112527 0.8923785 1.7222415 1.6336073 1.7391519 2.0386104 1.9296742 1.9659114 1.7311321 1.9246898 1.8317898 2.0821133 2.0056667 2.0056667 2.0100395 2.0100395 2.0351654 1.8655530 0.0000010 1.7990530 1.6695796 1.7552103 1.6678873 2.1346909 2.3240314 2.0268928 2.2114225 0.0000010 1.9723992 2.1204394 2.7281970 1.7245053 1.7245053 1.7509804 1.8261167 1.9032935 1.9928135 2.1613444 2.2345125 0.0000010 1.9273138 1.9817058 2.6340533 2.4921305 2.5166453 2.4504422 2.6674114 1.3509758 0.0000010 0.0000010 2.8855912 2.8699887 3.0398145 2.9205456 2.9205456 2.6464531 3.0711716 2.9028643 3.1363011 3.0447422 2.7715616 3.0161530 0.0000010 3.0918620 5.2792460 
Lcom_lcpid191211                                                  0.0000010 0.0000000 0.4391221 0.5780155 1.2423444 0.3789993 1.2325252 1.2055345 1.2858270 1.2458827 1.3002427 1.2526108 0.7540784 1.4260921 1.4517950 0.3521513 1.2455697 1.1757765 1.1155164 1.2674301 1.1467829 1.1061343 1.2781918 0.9885658 1.1537188 1.1316335 1.1308790 1.1772957 1.1316335 1.1316335 1.1316335 1.1222369 1.2190142 1.0687080 1.2137205 1.0249517 0.9525796 1.2685090 1.1249525 1.2211538 1.1760645 1.1541467 1.1688398 1.3228149 0.9693017 0.8738571 0.0000010 1.0629234 0.0000010 1.2164924 1.1758244 1.2165282 3.2936252 0.3521513 1.1198206 1.2378251 0.0000010 1.6636425 1.7545225 1.6120768 1.7521833 1.2740025 1.2841058 2.6625458 2.1165276 0.3789993 1.9841403 1.2411455 2.1781593 1.9671368 2.2270922 1.7346457 2.0514623 2.4353946 2.1151932 1.0264705 2.3290771 2.4592610 0.5907268 
Lcom_lcpid201209                                                  0.0000010 0.4391221 0.0000000 2.1239653 1.3912585 1.9979851 1.4967774 1.4661623 1.4580130 1.4577215 1.4726333 1.3852708 1.3045974 1.6185484 1.5380760 3.8149550 1.3887580 1.3256041 1.3120362 1.3002179 1.3724758 1.2785501 1.3447512 1.1556270 1.0233544 1.2251398 1.2243753 1.3262597 1.2251398 1.2251398 1.2251398 1.2269805 1.1609474 1.0540897 1.2053156 1.1807490 1.0258434 1.3617478 1.3885083 1.4613331 1.4324720 1.1981547 1.2788400 1.4230509 1.1593433 1.1035715 0.0000010 1.3695256 2.8360402 1.2908499 1.2853583 1.3588620 5.3292931 3.8149550 1.2915839 1.4085160 0.0000010 1.6971466 1.8332729 1.6717958 1.7543648 1.2501064 1.2765509 3.7199398 2.5170421 1.9979851 2.3600936 1.3304018 2.4924348 2.3284715 2.3560995 2.1677931 2.2895353 2.6638700 2.1433165 2.0806509 2.1589826 2.2872920 3.0599824 
Lcom_lcpid108038                                                  1.8967387 0.5780155 2.1239653 0.0000000 0.8894900 0.8307861 0.8416848 0.9138631 0.9294377 0.7899168 2.8732699 0.8763203 0.5964294 0.8500972 0.8134699 0.4359473 0.8782985 0.8613236 0.8916731 0.9218030 0.8911545 0.8962763 0.8367271 0.9886273 1.0163932 1.1298501 0.8936420 0.8936420 0.9214326 0.9214326 0.9748612 0.9393630 0.6970132 0.6534355 0.5752027 0.9150531 0.9717296 1.0501137 1.0220356 1.0169415 1.1270466 0.6970132 1.0560074 0.7783199 1.5472191 0.7855155 1.1351768 0.9665101 0.9476025 1.1831279 1.1106870 1.2166402 1.2922673 0.7724379 1.1686436 1.2320948 0.0000010 2.1692237 2.2132233 1.7489160 1.5145548 1.2090363 1.6970406 0.0000010 1.9495860 1.9168614 1.9136994 1.6326901 1.6609030 1.7362410 1.7234009 1.8367176 1.8765295 2.1540479 1.9610459 1.9200452 3.3672036 3.9398397 3.0427537 
Fspp_ffun1.m4.14803.m1                                            1.5369736 1.2423444 1.3912585 0.8894900 0.0000000 0.0951781 0.1477898 0.1434198 0.1413025 0.1968831 0.3325661 0.4342789 0.3965112 0.6796782 0.6795837 0.4531548 0.9587631 0.8821693 0.4920337 1.0168438 0.9137839 0.8871941 0.8537454 0.9738543 0.9974237 0.9359231 0.8642684 0.9000099 0.8668733 0.8668733 0.8634183 0.8743133 0.8190206 0.7997904 0.9107709 0.7798913 0.7903255 0.9278465 0.9560269 0.9476914 0.9872695 0.7643781 0.9006075 0.8689383 1.1232783 0.7540418 1.0275642 0.8186335 0.8114388 1.1118580 1.1413740 1.0673424 1.1927203 0.7200337 1.1052483 1.1396788 1.3038449 1.6797677 1.6976904 1.5626760 1.5293185 1.1794574 0.9768264 1.4259622 1.6334692 1.8050818 1.6386895 1.6930613 1.5640445 1.5846024 1.7663275 1.6181361 1.6122979 1.7985949 1.5739619 1.7786110 2.7321279 1.9698224 1.7505776 
Gasp_gasp1.m3.14962.m1                                            1.4890744 0.3789993 1.9979851 0.8307861 0.0951781 0.0000000 0.1406219 0.1395125 0.1605557 0.2157773 0.6226622 0.3819133 0.3794664 0.6001701 0.5963025 0.4474130 0.9581227 0.7789995 0.4790112 0.9262766 0.8986767 0.9154936 0.8689890 0.9730161 1.0120399 0.9555971 0.8762627 0.8762627 0.8439921 0.8439921 0.8456780 0.9040866 2.1741392 0.8499545 0.9684108 0.8227132 0.7465757 0.9658510 0.9862474 0.9218161 1.0419865 0.0000010 0.9495292 0.8369881 1.3091737 0.7917500 0.9887611 0.7862416 0.7553900 0.9550748 0.9838361 0.9478335 1.0020386 0.7310792 1.2264858 1.0870297 1.7073270 1.7773009 1.8246010 1.6394606 1.5006362 1.0975131 0.0000010 0.0000010 1.7084835 1.6942492 1.7495838 1.6257698 1.6257698 1.6912633 1.8572471 1.8291568 1.8297420 1.9450873 1.6606790 1.7724271 5.3808994 2.3440311 2.1956393 
Spis_XP_022799429_1                                               1.5522659 1.2325252 1.4967774 0.8416848 0.1477898 0.1406219 0.0000000 0.0285091 0.1729627 0.1980949 0.3787818 0.4152013 0.3363254 0.6614143 0.6663531 0.3718231 0.9323587 0.8404708 0.4642601 0.9899135 0.9054923 0.8942917 0.8333060 0.9335873 1.0501027 0.9590697 0.8684813 0.9149136 0.8980403 0.8980403 0.9030358 0.8850729 0.8208170 0.8047076 0.8849859 0.7847063 0.7840264 0.9258709 0.9445631 0.9379634 1.0171059 0.7504353 0.8993441 0.8369059 1.0848108 0.7526252 1.0118706 0.8019830 0.7638764 1.1071059 1.1453319 1.0640714 1.1035094 0.6976114 1.0943800 1.1033480 1.2389509 1.6705330 1.6852446 1.5505733 1.5574213 1.1790035 0.9923140 1.3755063 1.5250025 1.6757023 1.6366999 1.6567706 1.5084987 1.5557070 1.7323959 1.5991296 1.5820745 1.8084565 1.5721615 1.8154204 2.5825244 1.8805029 1.5862417 
Pocdam_XM_027188715.1                                             1.5520907 1.2055345 1.4661623 0.9138631 0.1434198 0.1395125 0.0285091 0.0000000 0.1770668 0.1919135 0.3647392 0.4104952 0.4125078 0.6544115 0.6639396 0.4337573 0.9352206 0.8353351 0.4727050 0.9936919 0.9036697 0.8918296 0.8342361 0.9536696 1.0590404 0.9672060 0.8709050 0.9168448 0.9062086 0.9062086 0.9006496 0.9001543 0.8077862 0.7986751 0.9065327 0.7802419 0.7732512 0.9377733 0.9413105 0.9629168 1.0209869 0.7710164 0.8998322 0.8467367 1.0898249 0.7558338 1.0215811 0.8103211 0.7854061 1.1115159 1.1421417 1.0433951 1.1370014 0.7217740 1.0860144 1.1335030 1.2162631 1.6636920 1.6877133 1.5654590 1.5747741 1.1750296 0.9697839 1.3755063 1.5427911 1.7128887 1.6276660 1.6876460 1.5368514 1.5473410 1.7071980 1.5929602 1.5792112 1.7785037 1.5860321 1.7983492 2.5230498 1.9449628 1.5725589 
Gfas_gfas1.m1.18723.m1                                            1.9859955 1.2858270 1.4580130 0.9294377 0.1413025 0.1605557 0.1729627 0.1770668 0.0000000 0.1464140 0.2975541 0.4293076 0.3364342 0.6968860 0.7021346 0.3289851 0.9824410 0.9284231 0.4430607 1.0821829 0.9483863 0.9592722 0.8652708 1.0552198 1.0810549 0.9176612 0.8235687 0.8634416 0.8521620 0.8521620 0.8456787 0.8536267 0.8279200 0.7599215 0.8989425 0.7431861 0.7611655 1.0212030 1.0043606 1.0150921 1.0662928 0.8349225 0.9727403 0.8670537 1.0708431 0.7767580 1.1020638 0.7771529 0.8442898 1.1890986 1.2358587 1.1177011 1.2246297 0.4829768 1.1495064 1.2231573 1.2034666 1.5519634 1.5905783 1.5120920 1.5234387 1.2657682 1.0624527 1.4964290 1.6016169 1.6894427 1.5163725 1.5364184 1.4561898 1.5045444 1.6230451 1.5200669 1.4930154 1.7428769 1.4691238 1.5296604 2.4374464 1.8550360 1.6213658 
Amil_Amillepora12506-RA                                           1.5423195 1.2458827 1.4577215 0.7899168 0.1968831 0.2157773 0.1980949 0.1919135 0.1464140 0.0000000 0.1456583 0.4115908 0.4137280 0.7020682 0.6916956 0.4038932 0.9208781 0.9084965 0.4636369 0.9776069 0.8919884 0.8824734 0.8329627 1.0024752 0.9912430 0.9342740 0.8513311 0.8847209 0.8667545 0.8667545 0.8631156 0.8500105 0.8190929 0.7288875 0.8829386 0.6996350 0.7210228 0.9650211 0.9257991 0.9319832 0.9911008 0.8338617 0.8685761 0.8625319 0.9917423 0.7481011 1.0139955 0.7735662 0.8386748 1.1018528 1.0856686 0.9941935 1.1690426 0.6597422 1.0815874 1.1680963 1.0867438 1.6843843 1.6909188 1.5727564 1.5676658 1.2039874 1.0489730 1.4448647 1.6159315 1.7947473 1.5757908 1.5896111 1.4962831 1.5172353 1.6646533 1.5953363 1.5580541 1.7775132 1.5286435 1.6238167 2.6914046 1.9275411 1.5625891 
Adig_XM_015917608.1                                               2.0337153 1.3002427 1.4726333 2.8732699 0.3325661 0.6226622 0.3787818 0.3647392 0.2975541 0.1456583 0.0000000 0.6535110 2.5373431 1.0058779 0.9731547 4.6732294 1.3570939 1.3505520 0.6338654 1.4681975 1.3161821 1.3022958 1.2335210 1.3490351 1.4106331 1.1530208 1.1955932 1.2687475 1.2022865 1.2022865 1.1899330 1.2602263 0.8292941 1.0865656 1.3030584 0.9861270 1.0421759 1.3372593 1.2950373 1.2892222 1.2967909 0.8667878 1.2301105 1.2032576 1.2123545 1.1380661 1.5891105 1.1004719 2.3036052 1.4828256 1.4569788 1.3831507 2.0181288 3.1640535 1.5646553 1.5226400 1.2230888 1.8495550 1.8390980 1.8691720 1.8686483 1.6995963 1.0706114 1.4448647 1.8370531 2.4148204 1.8543617 2.2782168 1.8242707 1.8387563 1.9294819 1.7600022 1.8031115 1.9810234 1.8134826 2.6261865 2.5610342 1.6588495 1.3960587 
Nvec_v1g241916                                                    1.5501264 1.2526108 1.3852708 0.8763203 0.4342789 0.3819133 0.4152013 0.4104952 0.4293076 0.4115908 0.6535110 0.0000000 0.0417418 0.7398566 0.7596811 0.4136430 0.9343664 0.9019968 0.4555603 0.9866890 0.9408373 0.8976112 0.8814839 0.9821717 1.0469178 1.0288171 0.9362545 0.9748714 0.9472214 0.9472214 0.9521924 0.9073962 0.7809284 0.8402068 0.9406951 0.7728024 0.8005732 1.0145422 0.9714080 1.0025063 1.0117032 0.7704201 0.9220362 0.9875368 1.1295957 0.8675730 1.1075688 0.8866079 0.8560625 1.1310947 1.1200589 1.0142246 1.2114915 0.7613930 1.1810334 1.2303946 1.3521503 1.7956094 1.8358766 1.7286619 1.6221408 1.2067274 0.9965475 1.6577226 1.6488120 1.7838413 1.6501345 1.6575748 1.5681772 1.5998032 1.7281126 1.6600125 1.6725187 1.9125858 1.6679935 1.8139457 2.6155355 1.9228315 1.1519488 
Nvec_NVE21369                                                     0.0000010 0.7540784 1.3045974 0.5964294 0.3965112 0.3794664 0.3363254 0.4125078 0.3364342 0.4137280 2.5373431 0.0417418 0.0000000 0.5360769 0.5670443 0.5859982 0.7497373 0.5472563 0.4499158 0.6064273 0.5853735 0.5327905 0.7513012 0.6759996 0.5792209 0.7376843 0.6442337 0.6442337 0.7208380 0.7208380 0.7504741 0.6812652 0.0000010 0.7374185 0.9182275 0.7458267 0.6839169 0.9372651 0.8930918 0.8177449 0.8043526 0.0000010 0.7437241 0.6900597 0.5906230 0.6378280 3.7440654 0.5611279 0.8711376 0.6782618 0.6996818 1.1523596 1.1636809 1.2308243 0.8887857 1.1766261 0.0000010 1.5717227 1.6935412 1.4562296 1.2096490 0.8522084 0.0000010 0.0000010 1.0927244 1.2573350 0.9478635 0.9079091 0.9408242 0.8790960 1.0847698 1.2015480 1.0614358 1.4444086 0.8539799 0.8980400 4.2208391 2.9997952 4.0545671 
Dgig_XM_028537724.1                                               1.6359987 1.4260921 1.6185484 0.8500972 0.6796782 0.6001701 0.6614143 0.6544115 0.6968860 0.7020682 1.0058779 0.7398566 0.5360769 0.0000000 0.2331421 0.2757689 0.9510064 1.0082695 0.7528896 1.0494336 0.9841905 0.9576441 0.9245755 0.9928654 1.0720879 1.0611589 0.9767110 1.0165903 0.9766595 0.9766595 0.9700191 0.9960261 1.0620696 0.9281839 1.0075704 0.9187040 0.9840333 1.0211044 1.0406367 1.0586463 1.1011912 0.9657358 1.0499043 0.9629752 1.2413910 0.9059790 1.2603691 0.9826929 0.6852496 1.2213299 1.1992956 1.1205621 1.3213952 0.6355235 1.2459888 1.2842296 1.7141476 1.7171610 1.7413275 1.6258078 1.5237036 1.3620051 1.1393529 1.7568842 1.7650871 1.8544443 1.7630646 1.8999547 1.7520139 1.7169691 1.8197149 1.7169556 1.7467970 2.0216491 1.7486010 1.9283876 2.3816362 2.4366850 2.0501260 
Xesp_009980-T1                                                    1.7112527 1.4517950 1.5380760 0.8134699 0.6795837 0.5963025 0.6663531 0.6639396 0.7021346 0.6916956 0.9731547 0.7596811 0.5670443 0.2331421 0.0000000 0.3102364 0.9864257 0.9408555 0.7943555 1.0172058 0.9883732 0.9644910 0.9272143 1.0152293 1.0847218 1.1105100 0.9917328 1.0239818 1.0177427 1.0177427 1.0173051 1.0419620 1.1082589 0.9756012 1.0281652 0.9677835 0.9868653 0.9870485 1.0555695 1.0120829 1.0894117 1.0250078 1.0001682 0.9761922 1.2471500 0.9141330 1.1736710 0.9486544 0.7654092 1.2099886 1.1700500 1.1194982 1.3597475 0.5677288 1.2071802 1.2538405 1.4881339 1.6483231 1.6645248 1.5689701 1.4821514 1.4047663 1.1527644 1.8027438 1.7127727 1.6634219 1.7659600 1.7803469 1.7263149 1.6644185 1.7831597 1.7752515 1.7818219 1.9890320 1.7404867 1.8860179 2.7880844 2.2172582 1.9062008 
Opea_EP00118_Oscarella_pearsei_P005325                            0.8923785 0.3521513 3.8149550 0.4359473 0.4531548 0.4474130 0.3718231 0.4337573 0.3289851 0.4038932 4.6732294 0.4136430 0.5859982 0.2757689 0.3102364 0.0000000 0.0857713 0.4172700 0.3922677 0.4352216 0.4046032 0.3911565 0.4791424 0.4636637 0.6499768 0.7697593 0.4529981 0.4529981 0.4619283 0.4619283 0.5481124 0.4619283 0.0000010 0.4843360 0.4908828 0.5875320 0.5875895 0.7951360 0.7123290 0.7629405 0.8347094 0.0000010 0.6933244 0.4663868 0.9720277 0.4575053 0.9365252 0.5548544 0.5277209 0.4817742 0.4789907 0.5825018 0.6107284 0.6240544 0.7146530 0.6430986 0.0000010 1.2041664 1.3393585 1.4297760 1.1268292 0.6707957 0.0000010 0.0000010 1.1920639 1.1837987 0.9175338 0.9513003 0.9513003 0.8392400 1.0164763 1.1973540 1.0562775 1.2871131 0.9440787 0.9440787 3.7395011 4.9930038 2.7268195 
Opea_EP00118_Oscarella_pearsei_P005326                            1.7222415 1.2455697 1.3887580 0.8782985 0.9587631 0.9581227 0.9323587 0.9352206 0.9824410 0.9208781 1.3570939 0.9343664 0.7497373 0.9510064 0.9864257 0.0857713 0.0000000 1.0185038 1.0083311 1.0968966 0.9329696 0.9151262 0.9838874 1.1832896 1.1396404 1.1094108 1.0187849 1.0703375 1.0066467 1.0066467 1.0268489 1.0049271 0.9201716 0.9467605 0.9190927 0.9266608 0.9528716 1.0041362 1.0294251 1.0423647 1.1829874 0.8069853 1.0192504 1.1262476 1.2942481 0.9662560 1.2707383 0.8947166 1.0071919 0.9683105 0.9659797 1.0025371 1.1694877 0.5486164 1.2996266 1.1962283 1.3483224 1.5263428 1.5060320 1.5090118 1.4704529 1.2723064 0.0000010 1.5335936 1.9037086 1.9025241 1.8497018 1.8509088 1.7723759 1.7326389 1.8853030 1.8079638 1.7372427 2.0320958 1.7156115 1.9348469 1.9456492 1.9396306 2.1937977 
Dpul_mRNA18405                                                    1.6336073 1.1757765 1.3256041 0.8613236 0.8821693 0.7789995 0.8404708 0.8353351 0.9284231 0.9084965 1.3505520 0.9019968 0.5472563 1.0082695 0.9408555 0.4172700 1.0185038 0.0000000 0.9193184 1.0386979 0.9872513 0.9692138 1.0162215 1.0313320 1.1670354 0.9872813 0.9634218 1.0133341 0.9116904 0.9116904 0.9162303 0.8517339 0.9032562 0.8935963 0.9058152 0.8743566 0.8764454 1.2051381 1.2145337 1.2005471 1.2294846 0.7903651 1.0845088 0.9355521 1.2461747 0.6653565 0.9405407 0.8766247 0.9561854 1.2136673 1.1641040 1.1901089 1.3851984 0.6866422 0.7801940 1.3699013 1.5786656 1.7117583 1.7621737 1.6948649 1.6566706 1.1592608 1.0647131 1.5869339 1.6758465 1.7468323 1.6909988 1.7557180 1.6460495 1.6043415 1.7226943 1.6222498 1.6784030 1.8022236 1.5695397 1.7476892 2.3533001 2.1301880 1.9063729 
Exapal_XM_021061554.1                                             1.7391519 1.1155164 1.3120362 0.8916731 0.4920337 0.4790112 0.4642601 0.4727050 0.4430607 0.4636369 0.6338654 0.4555603 0.4499158 0.7528896 0.7943555 0.3922677 1.0083311 0.9193184 0.0000000 1.0025139 0.9049148 0.8981937 0.9464139 0.9658340 1.0437826 0.9358034 0.8470999 0.8827707 0.8918651 0.8918651 0.8864292 0.8610225 0.8059161 0.7969833 0.9081093 0.7779555 0.8426294 1.0502006 1.0057857 1.0198150 1.0695411 0.8658441 0.9913252 0.9274857 1.1278356 0.8361710 1.0610383 0.8727406 0.7957432 1.1256046 1.1319710 1.0067834 1.1981148 0.6140387 1.1273203 1.1441865 1.3747959 1.6105193 1.6472229 1.6275270 1.4685367 1.2222822 0.9952128 1.7520938 1.6292251 1.8229937 1.6442517 1.5802442 1.5746617 1.6543124 1.6947168 1.6307482 1.6858209 1.8831167 1.6066294 1.6338752 2.4574255 1.9845636 1.7004383 
Sanmal_Sma_005321-T1                                              2.0386104 1.2674301 1.3002179 0.9218030 1.0168438 0.9262766 0.9899135 0.9936919 1.0821829 0.9776069 1.4681975 0.9866890 0.6064273 1.0494336 1.0172058 0.4352216 1.0968966 1.0386979 1.0025139 0.0000000 0.3398710 0.3511922 0.6035658 0.7581858 0.7661035 1.2039783 1.0744829 1.0592197 1.1032430 1.1032430 1.1041189 1.1479455 1.0419107 0.9830986 1.0992240 1.0680764 1.0421931 1.2364720 1.1804839 1.2358270 1.2501146 1.3310732 1.1471702 1.0955573 1.2928213 1.0353888 1.2373654 0.9346464 0.8342918 1.1696633 1.1679820 1.1645074 1.2915579 0.6132696 1.4364631 1.3966845 1.2523123 1.6890690 1.7018383 1.6737035 1.6481002 1.4078422 1.2872221 1.5414299 1.6765153 1.7557079 1.7595895 1.5062557 1.5825764 1.6653208 1.7537053 1.7860770 1.7255817 1.8802159 1.6700850 1.9544985 2.3661806 2.1961958 2.4442491 
Nemnom_g16651.t1                                                  1.9296742 1.1467829 1.3724758 0.8911545 0.9137839 0.8986767 0.9054923 0.9036697 0.9483863 0.8919884 1.3161821 0.9408373 0.5853735 0.9841905 0.9883732 0.4046032 0.9329696 0.9872513 0.9049148 0.3398710 0.0000000 0.0764242 0.5301694 0.6728784 0.7015359 1.0760008 0.9705362 1.0221021 0.9999037 0.9999037 0.9938764 1.0233080 0.9695803 0.9026183 0.9938786 0.9329895 0.9759061 1.1387032 1.0893414 1.1427484 1.1918126 1.0531341 1.0856601 1.0284409 1.2885463 0.9729193 1.2577257 0.8989884 0.8836212 1.1302188 1.1469250 1.0842662 1.3200507 0.6129269 1.2970026 1.3422704 1.3117250 1.5166250 1.5421856 1.5301296 1.5384988 1.3306502 0.9078299 1.4679971 1.6852991 1.9170660 1.7005488 1.6697747 1.6249725 1.6589514 1.7386688 1.6452297 1.6300116 1.8346165 1.6274329 1.9650489 2.0006192 2.0918742 2.4589594 
Rhoesc_Res_005349-T1                                              1.9659114 1.1061343 1.2785501 0.8962763 0.8871941 0.9154936 0.8942917 0.8918296 0.9592722 0.8824734 1.3022958 0.8976112 0.5327905 0.9576441 0.9644910 0.3911565 0.9151262 0.9692138 0.8981937 0.3511922 0.0764242 0.0000000 0.5210194 0.6540624 0.6935787 1.0222963 0.9286522 0.9771236 0.9550819 0.9550819 0.9462807 0.9690150 0.8941192 0.8888785 0.9523280 0.9053451 0.9591914 1.1516633 1.0607783 1.1543225 1.1715119 0.9742259 1.0765275 1.0081959 1.2529218 0.9479268 1.2446392 0.8679556 0.8270521 1.0913561 1.1101634 1.0627133 1.2853332 0.6436189 1.2483351 1.3136557 1.1632825 1.5073129 1.5372675 1.5284897 1.5219238 1.3040134 0.8715886 1.3699641 1.5948987 1.8304714 1.6566015 1.5596974 1.5424613 1.5960663 1.6592312 1.6173888 1.5983438 1.7640855 1.5481454 1.8389528 1.9531721 2.0859232 2.3483462 
Morvir_scaffold23.g116.t1                                         1.7311321 1.2781918 1.3447512 0.8367271 0.8537454 0.8689890 0.8333060 0.8342361 0.8652708 0.8329627 1.2335210 0.8814839 0.7513012 0.9245755 0.9272143 0.4791424 0.9838874 1.0162215 0.9464139 0.6035658 0.5301694 0.5210194 0.0000000 0.7030258 0.7427878 1.0372756 0.9358896 0.9877911 0.9607138 0.9607138 0.9633803 0.9822608 1.0239829 0.8786415 0.9446305 0.8912599 0.9445645 1.1163779 1.0693686 1.0858747 1.1559662 0.9682285 1.0512773 0.9190063 1.1627985 0.8776603 1.0902780 0.9082932 0.8180448 1.1723312 1.1548701 1.2210619 1.3722869 0.6590112 1.2118308 1.3564964 1.1240719 1.7539659 1.7664750 1.6657010 1.6182854 1.3857212 0.9231701 1.4580863 1.5016406 1.7194129 1.6192599 1.5114472 1.5144738 1.5090884 1.6546542 1.6159219 1.5636042 1.6755139 1.5379178 1.6518712 2.2685366 2.3384754 2.0911145 
Hvul_g26124_1                                                     1.9246898 0.9885658 1.1556270 0.9886273 0.9738543 0.9730161 0.9335873 0.9536696 1.0552198 1.0024752 1.3490351 0.9821717 0.6759996 0.9928654 1.0152293 0.4636637 1.1832896 1.0313320 0.9658340 0.7581858 0.6728784 0.6540624 0.7030258 0.0000000 0.4503857 1.0783368 1.0034858 1.0614348 1.0169463 1.0169463 1.0103565 1.0552970 0.9327542 1.0246505 0.9846261 1.0683149 1.0309562 1.0713555 1.0087803 1.0884003 1.0894170 0.8562431 1.0204525 0.9789433 1.3043990 0.9646290 1.3095750 0.9673864 0.9408013 1.1971042 1.1959489 1.2286106 1.3401036 0.7065460 1.2700227 1.3117589 1.1054815 1.6246108 1.6780702 1.5554380 1.5499479 1.2656973 1.2838567 1.3679854 1.5374466 1.7771175 1.6005561 1.7780325 1.6203146 1.5138832 1.6255788 1.5824229 1.6077504 1.7237911 1.5365786 1.7540201 2.0144666 2.3881925 1.9049224 
Chem_TCONS_00051327                                               1.8317898 1.1537188 1.0233544 1.0163932 0.9974237 1.0120399 1.0501027 1.0590404 1.0810549 0.9912430 1.4106331 1.0469178 0.5792209 1.0720879 1.0847218 0.6499768 1.1396404 1.1670354 1.0437826 0.7661035 0.7015359 0.6935787 0.7427878 0.4503857 0.0000000 1.2354907 1.1287936 1.1879438 1.1422362 1.1422362 1.1380356 1.1545444 0.9144030 1.0382530 1.0163275 1.1032581 1.0546435 1.0286425 1.0508120 1.1381517 1.1092727 0.9212782 1.0500902 1.0606366 1.1540262 1.0030992 1.3934452 1.0354781 1.0627225 1.2173282 1.2141649 1.2934588 1.6024637 0.8355833 1.3645862 1.5210517 1.2147934 1.6980090 1.7214161 1.6255173 1.6120602 1.2475384 0.9986962 1.4727241 1.5106212 1.7336637 1.6096280 1.7468471 1.6244411 1.4907299 1.6011466 1.6201477 1.5461668 1.7083072 1.5719965 1.6976897 1.9408287 2.3199956 2.5959222 
HoiH23_PlH23_001560-RA                                            2.0821133 1.1316335 1.2251398 1.1298501 0.9359231 0.9555971 0.9590697 0.9672060 0.9176612 0.9342740 1.1530208 1.0288171 0.7376843 1.0611589 1.1105100 0.7697593 1.1094108 0.9872813 0.9358034 1.2039783 1.0760008 1.0222963 1.0372756 1.0783368 1.2354907 0.0000000 0.0955438 0.1159703 0.0408413 0.0408413 0.0353039 0.0762612 0.7771007 0.9145592 1.0199324 0.8518363 0.9563431 1.2088035 1.2626608 1.2741841 1.3240775 1.0010511 1.0500049 0.8870726 1.1677279 0.9695574 1.4204030 0.9904820 1.0376700 1.1549701 1.1639649 1.0990482 1.4113342 1.0501815 1.3293597 1.2891478 1.0890323 1.5667253 1.6027761 1.5481036 1.5698436 1.3457553 1.0740978 1.4907180 1.7665366 2.1142689 1.7292200 1.9505480 1.7342284 1.7277901 1.8266436 1.7759998 1.8382907 1.9339529 1.7391618 2.3758448 2.3639456 1.7213550 2.1913999 
TrH2_TrispH2_006269-RA                                            2.0056667 1.1308790 1.2243753 0.8936420 0.8642684 0.8762627 0.8684813 0.8709050 0.8235687 0.8513311 1.1955932 0.9362545 0.6442337 0.9767110 0.9917328 0.4529981 1.0187849 0.9634218 0.8470999 1.0744829 0.9705362 0.9286522 0.9358896 1.0034858 1.1287936 0.0955438 0.0000000 0.0132049 0.0652045 0.0652045 0.0653138 0.0833384 0.7739124 0.8561297 0.9169012 0.7931870 0.8843947 1.1175614 1.1699821 1.1596260 1.2267353 0.9559475 0.9452147 0.7986809 1.0801562 0.8950626 1.2765227 0.9267950 0.9282259 1.0055031 1.0239574 0.9822634 1.2648894 0.5742662 1.2453489 1.2274332 1.0769260 1.5420935 1.6000573 1.4987305 1.4612995 1.2570858 1.0733596 1.4907180 1.6313529 1.8411508 1.6152951 1.6740114 1.5540874 1.5852054 1.6829824 1.6795990 1.7100112 1.7397439 1.6014978 2.0110842 2.3516366 1.8057777 2.0931254 
Tadh_TriadT63688                                                  2.0056667 1.1772957 1.3262597 0.8936420 0.9000099 0.8762627 0.9149136 0.9168448 0.8634416 0.8847209 1.2687475 0.9748714 0.6442337 1.0165903 1.0239818 0.4529981 1.0703375 1.0133341 0.8827707 1.0592197 1.0221021 0.9771236 0.9877911 1.0614348 1.1879438 0.1159703 0.0132049 0.0000000 0.0826704 0.0826704 0.0828156 0.1053525 0.8406052 0.8766348 0.9491075 0.8256602 0.9040087 1.1661036 1.2128289 1.2014858 1.2750943 1.1698868 1.0045789 0.8462736 1.1216859 0.9326779 1.2784514 0.9672391 0.9282259 1.0076757 1.0293138 0.9889949 1.1957239 0.5742662 1.2926393 1.2725473 1.0728319 1.5958515 1.6315040 1.5491729 1.5254553 1.3052234 1.3138583 1.4907180 1.6775925 1.8447843 1.6726940 1.6899086 1.5963351 1.6362920 1.7384275 1.8012614 1.8174638 1.7581563 1.6583655 2.0110842 2.7224721 1.7543788 2.1003283 
Hhon_g04766.t1                                                    2.0100395 1.1316335 1.2251398 0.9214326 0.8668733 0.8439921 0.8980403 0.9062086 0.8521620 0.8667545 1.2022865 0.9472214 0.7208380 0.9766595 1.0177427 0.4619283 1.0066467 0.9116904 0.8918651 1.1032430 0.9999037 0.9550819 0.9607138 1.0169463 1.1422362 0.0408413 0.0652045 0.0826704 0.0000000 0.0000010 0.0176533 0.0327889 0.7771007 0.8642290 0.9501863 0.7929916 0.9079196 1.1351720 1.1937369 1.1978422 1.2564931 1.0010511 0.9639834 0.8147609 1.1371634 0.9143029 1.2927437 0.9452155 0.9538653 1.0342661 1.0419290 1.0019937 1.2738422 0.6120911 1.2494257 1.2229049 1.0963245 1.5318487 1.5700899 1.4864517 1.4908568 1.2598333 1.0740978 1.4907180 1.6538726 1.8615524 1.6305840 1.6853425 1.5779240 1.6069956 1.6945204 1.6695120 1.7463252 1.7729256 1.6464333 2.0926309 2.3243038 1.7863341 2.0334510 
HoiH04_mRNA8244                                                   2.0100395 1.1316335 1.2251398 0.9214326 0.8668733 0.8439921 0.8980403 0.9062086 0.8521620 0.8667545 1.2022865 0.9472214 0.7208380 0.9766595 1.0177427 0.4619283 1.0066467 0.9116904 0.8918651 1.1032430 0.9999037 0.9550819 0.9607138 1.0169463 1.1422362 0.0408413 0.0652045 0.0826704 0.0000010 0.0000000 0.0176533 0.0327889 0.7771007 0.8642290 0.9501863 0.7929916 0.9079196 1.1351720 1.1937369 1.1978422 1.2564931 1.0010511 0.9639834 0.8147609 1.1371634 0.9143029 1.2927437 0.9452155 0.9538653 1.0342661 1.0419290 1.0019937 1.2738422 0.6120911 1.2494257 1.2229049 1.0963245 1.5318487 1.5700899 1.4864517 1.4908568 1.2598333 1.0740978 1.4907180 1.6538726 1.8615524 1.6305840 1.6853425 1.5779240 1.6069956 1.6945204 1.6695120 1.7463252 1.7729256 1.6464333 2.0926309 2.3243038 1.7863341 2.0334510 
HoiH06_mRNA8461                                                   2.0351654 1.1316335 1.2251398 0.9748612 0.8634183 0.8456780 0.9030358 0.9006496 0.8456787 0.8631156 1.1899330 0.9521924 0.7504741 0.9700191 1.0173051 0.5481124 1.0268489 0.9162303 0.8864292 1.1041189 0.9938764 0.9462807 0.9633803 1.0103565 1.1380356 0.0353039 0.0653138 0.0828156 0.0176533 0.0176533 0.0000000 0.0481000 0.7877561 0.8900295 0.9622020 0.8084607 0.9076529 1.1499902 1.2046375 1.2132737 1.2826662 1.0010511 0.9672984 0.8146797 1.1420087 0.9013649 1.2377137 0.9531908 0.9496823 1.0477028 1.0554819 1.0042134 1.2764604 0.6697366 1.2601212 1.2382291 1.1145364 1.5365877 1.5750317 1.5087855 1.4992576 1.2452457 1.0740978 1.4907180 1.6566313 1.8656447 1.6129466 1.6831405 1.5767109 1.5946427 1.6785187 1.6591235 1.7327601 1.7590799 1.6310031 2.0669813 2.3639456 1.8204389 2.0564579 
HoiH11_mRNA7682                                                   1.8655530 1.1222369 1.2269805 0.9393630 0.8743133 0.9040866 0.8850729 0.9001543 0.8536267 0.8500105 1.2602263 0.9073962 0.6812652 0.9960261 1.0419620 0.4619283 1.0049271 0.8517339 0.8610225 1.1479455 1.0233080 0.9690150 0.9822608 1.0552970 1.1545444 0.0762612 0.0833384 0.1053525 0.0327889 0.0327889 0.0481000 0.0000000 0.7801718 0.8931565 0.9500209 0.7705137 0.8894178 1.1140946 1.1753278 1.2062546 1.2362901 1.0290955 0.9292258 0.7702694 1.1303533 0.8595226 1.2600696 0.9104280 0.9178859 1.1323562 1.1252897 1.0725196 1.4151593 0.6117209 1.1589589 1.2365798 1.0803406 1.5874273 1.6138280 1.5218412 1.4732131 1.2072164 1.1040311 1.4882410 1.7067527 1.9772909 1.6647049 1.8107331 1.6310872 1.6589626 1.7173677 1.6854599 1.7299472 1.8322857 1.6779079 1.9728866 2.3243038 2.0952899 2.0499424 
Lcom_lcpid157082                                                  0.0000010 1.2190142 1.1609474 0.6970132 0.8190206 2.1741392 0.8208170 0.8077862 0.8279200 0.8190929 0.8292941 0.7809284 0.0000010 1.0620696 1.1082589 0.0000010 0.9201716 0.9032562 0.8059161 1.0419107 0.9695803 0.8941192 1.0239829 0.9327542 0.9144030 0.7771007 0.7739124 0.8406052 0.7771007 0.7771007 0.7877561 0.7801718 0.0000000 0.4638484 0.5997708 0.7281040 0.8734207 1.0019978 0.8992013 0.9587690 0.9121578 0.6866120 0.7939085 0.8046744 0.7222228 0.6960637 1.2090055 0.8542950 0.0000010 1.1813280 1.1674453 0.9687700 2.9789472 0.0000010 1.0904433 1.1009364 0.0475294 1.5454790 1.5300547 1.5383897 1.5458268 1.2176463 0.9467181 1.1889148 1.3909342 2.7613284 1.3944001 2.6179861 1.4578616 1.4167408 1.4410417 1.3539576 1.4246686 1.6371741 1.4370314 0.0000010 1.8987869 1.5005697 0.7233894 
Acagra_model.g5777.t1                                             1.7990530 1.0687080 1.0540897 0.6534355 0.7997904 0.8499545 0.8047076 0.7986751 0.7599215 0.7288875 1.0865656 0.8402068 0.7374185 0.9281839 0.9756012 0.4843360 0.9467605 0.8935963 0.7969833 0.9830986 0.9026183 0.8888785 0.8786415 1.0246505 1.0382530 0.9145592 0.8561297 0.8766348 0.8642290 0.8642290 0.8900295 0.8931565 0.4638484 0.0000000 0.5404770 0.7320890 0.7881530 1.0510585 0.9772726 1.0212917 1.0218089 0.8123966 0.9669274 0.8236362 0.9558914 0.6922392 0.9135054 0.7456010 0.8444118 1.1400779 1.1582823 1.0993096 1.3554144 0.7150624 1.1044753 1.2540249 0.5945191 1.6839573 1.7330916 1.6171413 1.5837320 1.1915650 0.9107099 1.4716067 1.5821704 1.9119161 1.6165845 1.7903288 1.6306374 1.6160318 1.6248638 1.6189873 1.6376385 1.7917150 1.5939065 1.8478040 2.4905717 1.8520275 1.6565099 
Cgig_XM_011454508.3                                               1.6695796 1.2137205 1.2053156 0.5752027 0.9107709 0.9684108 0.8849859 0.9065327 0.8989425 0.8829386 1.3030584 0.9406951 0.9182275 1.0075704 1.0281652 0.4908828 0.9190927 0.9058152 0.9081093 1.0992240 0.9938786 0.9523280 0.9446305 0.9846261 1.0163275 1.0199324 0.9169012 0.9491075 0.9501863 0.9501863 0.9622020 0.9500209 0.5997708 0.5404770 0.0000000 0.7589467 0.8539893 1.0302702 1.0245326 1.0716433 1.0675610 0.8572237 1.0402939 0.7918981 1.1814268 0.7683995 0.9775452 0.7560308 0.8280237 1.2034210 1.2281878 1.1256637 1.2716682 0.7514373 1.2526351 1.2079802 0.8532722 1.7125894 1.7605558 1.6629771 1.6880426 1.2673686 1.0492967 1.6992463 1.6512268 1.7341418 1.5734840 1.7328678 1.6308037 1.5426195 1.6283078 1.5698630 1.6041919 1.7419610 1.6074207 1.9007186 2.4979725 2.0134588 2.0393446 
Hsap_ENST00000452790                                              1.7552103 1.0249517 1.1807490 0.9150531 0.7798913 0.8227132 0.7847063 0.7802419 0.7431861 0.6996350 0.9861270 0.7728024 0.7458267 0.9187040 0.9677835 0.5875320 0.9266608 0.8743566 0.7779555 1.0680764 0.9329895 0.9053451 0.8912599 1.0683149 1.1032581 0.8518363 0.7931870 0.8256602 0.7929916 0.7929916 0.8084607 0.7705137 0.7281040 0.7320890 0.7589467 0.0000000 0.3740735 1.0820085 1.0678092 1.0930360 1.1474327 0.7699842 0.9657166 0.8478769 1.0069690 0.7700177 1.1642228 0.6613992 0.8165804 1.0719424 1.0853931 1.0394393 1.2707786 0.6588436 1.0678641 1.2193541 1.2236476 1.5342465 1.5766482 1.5193456 1.4691183 1.2592012 1.0112893 1.4799373 1.6357344 1.8678326 1.6028663 1.6163498 1.5548333 1.5628482 1.5709807 1.5866835 1.6451332 1.6099606 1.5606783 1.8070801 2.2705198 1.7779331 1.7784531 
Hsap_ENST00000258761                                              1.6678873 0.9525796 1.0258434 0.9717296 0.7903255 0.7465757 0.7840264 0.7732512 0.7611655 0.7210228 1.0421759 0.8005732 0.6839169 0.9840333 0.9868653 0.5875895 0.9528716 0.8764454 0.8426294 1.0421931 0.9759061 0.9591914 0.9445645 1.0309562 1.0546435 0.9563431 0.8843947 0.9040087 0.9079196 0.9079196 0.9076529 0.8894178 0.8734207 0.7881530 0.8539893 0.3740735 0.0000000 1.0605156 1.0507241 1.0781761 1.1112787 0.9037054 1.0009706 0.9301659 1.0566147 0.7537602 1.0962353 0.7049171 0.7555795 1.0364694 1.0443642 1.0939229 1.2201981 0.5645661 1.1866435 1.2443450 1.2903197 1.6030437 1.6400907 1.5122470 1.4622661 1.1124800 1.0824343 2.0129865 1.6791651 1.7337116 1.7036132 1.6688824 1.6441542 1.6066447 1.6039515 1.7258885 1.7394598 1.7104756 1.5729642 1.7715811 2.3398374 1.8785544 1.9664495 
Lcom_lcpid70972                                                   2.1346909 1.2685090 1.3617478 1.0501137 0.9278465 0.9658510 0.9258709 0.9377733 1.0212030 0.9650211 1.3372593 1.0145422 0.9372651 1.0211044 0.9870485 0.7951360 1.0041362 1.2051381 1.0502006 1.2364720 1.1387032 1.1516633 1.1163779 1.0713555 1.0286425 1.2088035 1.1175614 1.1661036 1.1351720 1.1351720 1.1499902 1.1140946 1.0019978 1.0510585 1.0302702 1.0820085 1.0605156 0.0000000 0.2609155 0.2344074 0.2901709 0.6043970 0.5609882 1.1182366 1.2862824 1.0995105 1.4170778 0.9905482 1.0807563 1.3329447 1.3701567 1.3336369 1.5104237 0.7059738 1.4562892 1.3323295 1.7502616 1.7632663 1.8033680 1.6521640 1.6034434 1.3021319 0.7764475 1.7384370 1.6927755 2.1271709 1.8300597 1.8713992 1.7213444 1.5951544 1.7427352 1.7599951 1.7362843 1.7870259 1.9165124 2.3399648 2.2574024 2.3248269 2.1460682 
Gracom_Gcom_scaffold16292_01                                      2.3240314 1.1249525 1.3885083 1.0220356 0.9560269 0.9862474 0.9445631 0.9413105 1.0043606 0.9257991 1.2950373 0.9714080 0.8930918 1.0406367 1.0555695 0.7123290 1.0294251 1.2145337 1.0057857 1.1804839 1.0893414 1.0607783 1.0693686 1.0087803 1.0508120 1.2626608 1.1699821 1.2128289 1.1937369 1.1937369 1.2046375 1.1753278 0.8992013 0.9772726 1.0245326 1.0678092 1.0507241 0.2609155 0.0000000 0.1686999 0.1918414 0.6927710 0.5927689 1.1137200 1.3183399 1.0423332 1.3023790 1.0287769 1.0716874 1.2965080 1.3153022 1.2320097 1.4135162 0.7871406 1.3955204 1.2037873 1.5513413 1.7574608 1.7611993 1.6498790 1.6688500 1.2278718 0.7436304 1.6932271 1.7742847 2.1951691 1.8506350 1.8612586 1.7674296 1.6468266 1.7655940 1.7408734 1.7072801 1.8642784 1.9274789 2.2161371 2.5333814 2.2170214 1.9047110 
Leuniv_Lniv_scaffold6291_01                                       2.0268928 1.2211538 1.4613331 1.0169415 0.9476914 0.9218161 0.9379634 0.9629168 1.0150921 0.9319832 1.2892222 1.0025063 0.8177449 1.0586463 1.0120829 0.7629405 1.0423647 1.2005471 1.0198150 1.2358270 1.1427484 1.1543225 1.0858747 1.0884003 1.1381517 1.2741841 1.1596260 1.2014858 1.1978422 1.1978422 1.2132737 1.2062546 0.9587690 1.0212917 1.0716433 1.0930360 1.0781761 0.2344074 0.1686999 0.0000000 0.1934908 0.6626157 0.5934763 1.0918407 1.2836266 1.1134567 1.4345249 1.0209214 1.1422205 1.3303183 1.3555802 1.2642373 1.4549027 0.7914192 1.3883936 1.2879406 1.6601330 1.8357833 1.8325385 1.6309423 1.6746439 1.2307249 0.7538348 1.7754894 1.7737773 2.1260242 1.8495396 1.8696245 1.7496880 1.6051184 1.8323938 1.8105792 1.7001482 1.8717830 1.8820635 2.1411233 2.3438359 2.3870766 2.0957192 
Scil_scict009766.1                                                2.2114225 1.1760645 1.4324720 1.1270466 0.9872695 1.0419865 1.0171059 1.0209869 1.0662928 0.9911008 1.2967909 1.0117032 0.8043526 1.1011912 1.0894117 0.8347094 1.1829874 1.2294846 1.0695411 1.2501146 1.1918126 1.1715119 1.1559662 1.0894170 1.1092727 1.3240775 1.2267353 1.2750943 1.2564931 1.2564931 1.2826662 1.2362901 0.9121578 1.0218089 1.0675610 1.1474327 1.1112787 0.2901709 0.1918414 0.1934908 0.0000000 0.6262684 0.6136855 1.1715027 1.2542240 1.1635656 1.5044119 1.0448754 1.2584122 1.3426749 1.3684661 1.3440341 1.4795106 0.9099399 1.4506914 1.3031491 1.6890882 1.8232015 1.8449342 1.6584780 1.7290243 1.2203261 0.8366996 1.6915553 1.7656863 2.1349607 1.8146333 1.8951924 1.7609106 1.6321721 1.8357429 1.7104817 1.6840645 1.8784793 1.8821464 2.1939802 2.4597643 2.2813748 2.2808116 
Skow_XM_006825614.1                                               0.0000010 1.1541467 1.1981547 0.6970132 0.7643781 0.0000010 0.7504353 0.7710164 0.8349225 0.8338617 0.8667878 0.7704201 0.0000010 0.9657358 1.0250078 0.0000010 0.8069853 0.7903651 0.8658441 1.3310732 1.0531341 0.9742259 0.9682285 0.8562431 0.9212782 1.0010511 0.9559475 1.1698868 1.0010511 1.0010511 1.0010511 1.0290955 0.6866120 0.8123966 0.8572237 0.7699842 0.9037054 0.6043970 0.6927710 0.6626157 0.6262684 0.0000000 0.6103033 0.7674895 0.6842833 0.7029576 0.0000010 0.8821699 0.0000010 1.4141818 1.3882037 1.3481920 3.1448781 0.0000010 0.9581612 1.1336621 0.0000010 1.6604053 1.5956435 1.6350452 1.7297049 1.1775946 0.8069853 1.9546615 1.3971060 0.0000010 1.2010127 0.0000010 1.3471326 1.3691007 1.5017683 1.2534262 1.2679884 1.7455748 1.4512049 0.0000010 2.5096075 2.7561808 0.0000010 
Clacor_Ccor_C537351_01                                            1.9723992 1.1688398 1.2788400 1.0560074 0.9006075 0.9495292 0.8993441 0.8998322 0.9727403 0.8685761 1.2301105 0.9220362 0.7437241 1.0499043 1.0001682 0.6933244 1.0192504 1.0845088 0.9913252 1.1471702 1.0856601 1.0765275 1.0512773 1.0204525 1.0500902 1.0500049 0.9452147 1.0045789 0.9639834 0.9639834 0.9672984 0.9292258 0.7939085 0.9669274 1.0402939 0.9657166 1.0009706 0.5609882 0.5927689 0.5934763 0.6136855 0.6103033 0.0000000 0.9956057 1.1523251 1.0012905 1.2869371 0.9605105 0.9606332 1.1227147 1.1005859 1.1571976 1.3901022 0.6141737 1.4006650 1.2649778 1.2183918 1.6079795 1.6634152 1.5433662 1.5307284 1.3104662 0.7765978 1.7857220 1.7187252 1.8776783 1.6984417 1.8325552 1.6989933 1.6292770 1.6782910 1.6488960 1.6626680 1.7942896 1.6688700 2.0002801 2.3441557 2.0435121 1.8889721 
Ctel_gnl_WGS_AMQN_CAPTEDRAFT_mRNA164650                           2.1204394 1.3228149 1.4230509 0.7783199 0.8689383 0.8369881 0.8369059 0.8467367 0.8670537 0.8625319 1.2032576 0.9875368 0.6900597 0.9629752 0.9761922 0.4663868 1.1262476 0.9355521 0.9274857 1.0955573 1.0284409 1.0081959 0.9190063 0.9789433 1.0606366 0.8870726 0.7986809 0.8462736 0.8147609 0.8147609 0.8146797 0.7702694 0.8046744 0.8236362 0.7918981 0.8478769 0.9301659 1.1182366 1.1137200 1.0918407 1.1715027 0.7674895 0.9956057 0.0000000 1.1428333 0.8068338 1.0642262 0.8980498 0.7912938 1.2521998 1.2438895 1.2577726 1.4779124 0.6362296 1.2316430 1.2954978 1.1330032 1.5739538 1.6269428 1.6029701 1.6179124 1.3557837 1.3129016 1.5889518 1.7263437 1.7591190 1.6855976 1.6674432 1.5767681 1.6103911 1.6737347 1.7311641 1.6855706 1.7814835 1.6172833 1.7794234 2.5486026 2.1898480 2.1910727 
Spur_XM_030982897.1                                               2.7281970 0.9693017 1.1593433 1.5472191 1.1232783 1.3091737 1.0848108 1.0898249 1.0708431 0.9917423 1.2123545 1.1295957 0.5906230 1.2413910 1.2471500 0.9720277 1.2942481 1.2461747 1.1278356 1.2928213 1.2885463 1.2529218 1.1627985 1.3043990 1.1540262 1.1677279 1.0801562 1.1216859 1.1371634 1.1371634 1.1420087 1.1303533 0.7222228 0.9558914 1.1814268 1.0069690 1.0566147 1.2862824 1.3183399 1.2836266 1.2542240 0.6842833 1.1523251 1.1428333 0.0000000 1.0294003 1.6566976 0.9594440 1.5574143 1.3455173 1.3371844 1.2936654 1.7364345 1.2829474 1.4299881 1.4634004 1.1414255 1.6801379 1.7283000 1.6576524 1.6789380 1.5198381 0.9984863 1.6283003 1.7761767 2.0844247 1.8632691 2.1079804 1.8790762 1.7306050 1.8051530 1.8270508 1.8275097 1.8700684 1.7815164 2.2341557 2.3183158 2.0117876 2.2214391 
Cscu_XM_023365060.1                                               1.7245053 0.8738571 1.1035715 0.7855155 0.7540418 0.7917500 0.7526252 0.7558338 0.7767580 0.7481011 1.1380661 0.8675730 0.6378280 0.9059790 0.9141330 0.4575053 0.9662560 0.6653565 0.8361710 1.0353888 0.9729193 0.9479268 0.8776603 0.9646290 1.0030992 0.9695574 0.8950626 0.9326779 0.9143029 0.9143029 0.9013649 0.8595226 0.6960637 0.6922392 0.7683995 0.7700177 0.7537602 1.0995105 1.0423332 1.1134567 1.1635656 0.7029576 1.0012905 0.8068338 1.0294003 0.0000000 0.0435673 0.7938360 0.8353611 1.0557638 1.0119885 1.0461332 1.2536988 0.5395122 0.8886871 1.1519450 1.4530288 1.7115596 1.7941243 1.6851750 1.6188068 1.1551196 0.9333152 1.3135888 1.6388535 1.8710974 1.6670485 1.8259911 1.6082635 1.5814348 1.6361177 1.6555851 1.7080149 1.7513026 1.6273933 1.9187773 2.1114399 2.0873593 2.1936889 
