101
Xesp_025126-T1                                      0.0000000 0.6352761 0.5872901 0.9406248 1.1274550 0.6308609 0.6244667 0.7133279 0.4120806 3.3906274 4.4044864 1.2601528 5.6589233 2.9776317 0.0000010 2.7070006 2.8402150 2.8224013 2.4257270 2.0515588 2.8981257 2.2362410 2.6616668 2.7359241 2.8038982 2.9386847 2.6500667 2.4521100 0.0000010 1.3250508 2.8168323 5.4792650 2.9075274 2.0935853 2.3327852 2.6819684 2.4513312 2.4938154 3.2971341 3.0810988 3.0993680 3.1200331 2.8348613 2.8348613 2.5471770 3.0714767 2.3209135 2.6224219 2.7910458 3.0278921 0.0000010 6.5509096 9.0000000 4.0728264 4.3259823 4.3565154 0.0000010 9.0000000 3.7094830 3.1948882 3.3541551 4.1203233 3.9721013 4.9004614 4.2897226 5.1875480 2.3638068 2.9118019 1.9801240 0.0000010 3.6395993 2.5441777 2.7531876 4.3350902 4.7403481 2.8337913 4.7513383 3.8260425 4.8267101 4.6792589 3.7352062 4.6654638 5.2669922 8.5160577 7.3817197 5.5208281 7.0596755 7.9147774 4.0264254 6.8553297 5.9102542 7.0891758 2.6276447 2.6276447 3.6535718 3.3043638 3.1232824 5.6925360 2.5784715 3.4944797 3.8068545 
Xesp_018962-T1                                      0.6352761 0.0000000 0.1285388 0.1374454 0.2509676 0.3084518 0.2644303 0.4022293 0.4355903 5.2018447 3.7550941 2.8110008 6.5357973 6.0863231 6.2128253 3.9657946 4.7139059 4.7176464 3.6581654 3.7332830 3.9077468 2.6395444 3.4485059 3.4260292 3.3611460 3.4479507 3.6304929 3.4408345 3.1884593 2.5275282 3.5384745 5.4673906 3.8623846 3.2591228 3.4857552 3.8288696 3.6870621 3.7086430 3.9573447 3.8497980 3.8304234 3.8400630 3.9141987 3.9875149 3.6096652 3.6276271 3.6168445 3.5393897 3.3637813 3.4697606 3.2758928 4.2586277 3.0803740 4.0184585 3.6471810 8.3799136 6.8285523 3.9511899 4.1138434 3.4430828 4.1368429 4.1974565 4.4292619 4.6142303 4.0247141 4.1067276 3.5549693 3.7622527 2.6191919 4.9508307 4.0929483 3.6951631 3.8244406 4.4089649 3.8796416 4.0671683 4.6816225 4.2022609 4.7866645 3.9467866 3.8700533 4.5694098 4.1901872 3.8374708 4.0809717 3.6385770 3.8493576 3.8254688 4.1256497 5.5150138 4.4887970 4.6220172 3.6792004 3.6619632 3.8329347 4.0314985 4.1159337 3.8491665 3.8127503 6.4258897 4.1270305 
Xesp_019071-T1                                      0.5872901 0.1285388 0.0000000 0.1687115 0.2883660 0.2808281 0.2779122 0.4002173 0.4383608 5.1213728 3.9243137 2.6714107 4.3933783 4.2649560 3.2721189 2.9534009 3.4028391 3.2699010 3.4727171 3.6211610 3.9566886 2.8492372 3.1701655 3.1817407 3.1939067 3.2812191 3.5831297 3.2474689 3.6336773 3.0971961 3.3135955 5.0633081 3.6573644 3.2262000 3.3062361 3.6171423 3.5590565 3.4719963 3.7673683 3.6606777 3.6927836 3.6778261 3.7235667 3.8110793 3.5012218 3.2784739 3.5299718 3.2817973 3.3235670 3.2742148 3.4323941 4.1590701 3.3100174 3.7848483 3.6032460 4.2620132 3.4254018 2.9821017 3.8750986 3.1985988 4.5359599 4.1559821 4.3254174 4.6785018 4.7229080 4.0637631 3.6443411 3.6948544 2.5627458 6.5687733 4.2707797 3.9248896 3.6853401 4.0543882 3.6262591 3.5403184 4.7216565 4.4383235 4.8951259 4.0352439 3.7640661 4.8174524 5.1797444 5.0783823 4.4895085 4.0783231 4.4824151 4.4716946 4.2559261 5.8906097 4.7472942 5.1338069 3.7138612 3.7279931 3.9397930 3.9422301 4.0515770 4.1685029 4.2290676 5.3797769 3.8970610 
Xesp_019056-T1                                      0.9406248 0.1374454 0.1687115 0.0000000 0.2050370 0.2705046 0.2591696 0.4268499 0.5111324 5.9908741 6.1546169 3.3577586 4.8594915 4.0478794 4.4207414 3.2229905 5.0944771 3.4630225 4.0909641 4.1066826 4.2174438 4.5891998 3.6949075 3.6369058 3.6300743 3.7581919 4.1040694 4.0214545 3.3769642 4.2535115 3.6965264 5.4673906 3.9310941 3.7607595 3.6700345 3.7611791 4.0348766 3.9868370 4.2357721 4.0271331 4.1837393 4.1790309 4.2850351 4.2803557 4.3988717 3.9889222 4.3272376 4.0677024 3.9881506 4.2553144 3.3603739 4.3148975 3.0803740 4.1114318 3.6816038 3.4498351 3.3401619 3.4505210 4.3550415 3.8632836 4.1864532 4.3064502 4.5360254 4.5982072 4.4421837 4.6664288 3.9215439 4.5607270 3.5100428 3.8703721 4.4959872 4.3995467 4.2973961 4.1712476 3.6430152 4.3671762 4.8562551 4.9276255 5.1605799 4.3064371 7.8484834 4.9885765 4.5655895 4.6706829 4.2385789 3.8260269 4.0493254 4.0316883 4.7728590 5.9913662 4.7675370 5.0662140 4.2869904 4.2563837 4.3315387 4.8014937 4.9279904 4.5389646 4.9518771 5.5270715 4.7685591 
Xesp_025107-T1                                      1.1274550 0.2509676 0.2883660 0.2050370 0.0000000 0.3769273 0.3240590 0.5471719 0.7239315 4.4558926 4.4429694 3.2120775 4.4809915 3.7595110 4.4767674 3.2057957 3.6762419 3.6237249 3.7094599 4.4251726 4.3581686 3.3215700 3.8585149 3.6933741 3.7649644 3.8439029 4.3181936 3.8338522 3.6887521 4.8801809 3.6022425 5.4673906 3.9835666 3.5476797 3.7131297 4.0483631 3.9431857 3.8639389 4.3912073 4.1320429 4.1267077 4.1397808 4.1984878 4.1952049 4.0843668 3.7087530 3.9518980 3.6660912 3.6873419 3.8347768 4.1648887 4.3559691 3.0946599 3.9515387 3.8302315 3.5212558 2.7974609 2.6838707 4.1906391 3.5635822 4.7105300 4.1595682 4.3054786 4.5442632 4.3119718 4.6753306 3.8255965 4.0504441 3.5454109 2.6412338 4.2152212 4.0494288 4.0723583 4.1841965 3.5444841 3.9556751 4.9827016 5.0994094 5.1100885 4.2819451 4.6119462 5.2039934 5.4509494 5.2810219 4.4629469 4.2397272 4.5167629 4.5095605 4.7359871 5.8172541 4.8257302 5.0711342 4.2478931 4.2101031 4.2873498 4.3205005 4.5988286 4.4690327 4.3534653 5.4848848 4.5952754 
Xesp_019161-T1                                      0.6308609 0.3084518 0.2808281 0.2705046 0.3769273 0.0000000 0.2640785 0.3065027 0.0663831 4.6504055 5.0677974 2.5631812 4.9812231 4.3120568 4.7628215 3.7033139 5.0902109 4.1754087 3.6658471 2.9520617 3.7391617 2.3511398 3.3843401 3.3319492 3.4449036 3.4912496 3.2189714 3.3094994 3.5061382 2.7077931 3.2612459 5.3197627 3.9234514 2.3626624 3.3042565 3.5138964 3.4857594 3.4719908 3.7959358 3.7044567 3.7493996 3.7260001 3.6922300 3.6984769 3.6618836 3.6401649 3.1260008 3.2976520 3.3300577 3.3936580 6.5604736 3.8667092 2.5836367 3.7263645 3.7188819 4.1581963 3.1726890 3.3324426 4.1459637 3.5667751 9.0000000 4.0943852 4.1575653 4.5779049 3.7854878 5.6685263 3.4786373 3.6918431 2.4715481 3.4493048 3.9799908 3.1811068 3.7958846 4.5260695 3.7867953 4.9104835 5.6732652 5.8558997 4.8109237 3.8971456 4.2946662 4.6268561 7.2690379 6.9460221 4.5880077 4.5686681 4.9912044 5.0256482 4.5098245 5.4605734 4.9333236 5.2461836 4.2135381 4.1691937 3.9646415 4.0927541 4.1326424 4.8939915 3.4027161 5.6095312 4.4365903 
Xesp_019074-T1                                      0.6244667 0.2644303 0.2779122 0.2591696 0.3240590 0.2640785 0.0000000 0.4122131 0.3831685 4.6669046 4.8132929 2.7912852 4.4832514 3.9681973 4.4241243 3.3569431 4.0391056 3.6046636 3.5386277 4.0275096 4.0908464 2.6852273 3.5727635 3.4429337 3.5726636 3.6909770 3.5665430 3.4838790 2.7058543 2.9963762 3.5819630 6.1389277 3.8856713 3.2673075 3.4769859 3.7103606 3.7287279 3.7304857 3.9425554 3.8202966 3.8381014 3.8567556 3.8993192 3.9044320 3.7693585 3.4998431 3.3815214 3.4635717 3.3098062 3.5324528 6.3021537 4.4015735 3.1714425 3.9398226 3.7423411 3.4337417 2.8012664 3.1305546 4.1983798 3.4405574 4.4065349 3.9620125 3.9752058 4.2648105 3.5991851 4.6183971 3.3950519 3.6763927 2.7123132 2.7858019 3.8589549 3.8748121 4.0169129 4.5924481 4.0422206 4.3184219 5.2448111 3.9087251 5.0333228 4.1191678 4.1871851 4.7083795 5.4034019 5.6116349 4.7383552 4.4877274 4.6219057 4.6166153 4.5252987 6.0218967 5.0366958 5.0938516 4.1277830 4.1090342 3.8887998 4.0948208 4.3770916 4.3647053 4.7515768 5.5317753 4.3917006 
Xesp_025142-T1                                      0.7133279 0.4022293 0.4002173 0.4268499 0.5471719 0.3065027 0.4122131 0.0000000 0.1446438 4.3524265 4.5332380 2.8306431 4.3847025 4.3270215 4.7734897 3.2276173 3.6316695 3.7704172 3.5698256 3.5551098 4.2037946 2.9901303 3.4724504 3.4227063 3.5372561 3.6095122 3.5365241 3.3300806 2.2517145 3.1512152 3.3839440 6.3799870 3.6591119 2.8812062 3.4212745 3.4442749 3.5696550 3.5982049 3.9244205 3.6977529 3.8958007 3.9192169 3.7994681 3.8453357 3.6160190 3.5945529 3.2480604 3.2045487 3.4007768 3.4519512 2.6693500 4.1327848 2.7793224 3.9737806 3.7082281 4.5161653 4.6274182 3.2859389 4.1034539 3.4731965 4.6296878 4.2884458 4.3146685 4.6659870 3.6360785 3.9776637 3.6625167 3.8618395 2.9676526 6.5687733 3.9229998 3.5410816 3.7402509 4.3787075 3.7059048 4.4599065 4.6132569 4.3997752 4.8217280 4.0448278 4.0107406 4.1733084 5.3070287 5.2418105 4.2751778 3.8557408 3.9637732 3.9447344 4.1798645 5.3910991 4.5245292 4.7417515 4.0624328 4.0017000 3.9218569 4.0034689 4.2493699 4.4155951 3.4843086 5.2638657 4.7461186 
Xesp_019219-T1                                      0.4120806 0.4355903 0.4383608 0.5111324 0.7239315 0.0663831 0.3831685 0.1446438 0.0000000 4.6836096 0.0000010 2.5446948 9.0000000 4.1725417 0.0000010 2.5523166 0.0000010 0.0000010 3.3081151 3.4964913 3.7057526 2.6204015 3.4833803 3.4726550 3.6431414 3.6531461 3.8041273 3.1584202 2.2517145 2.1530180 3.5371564 5.3773114 3.2121641 2.8422333 3.0865391 3.2128986 3.1607067 3.3084256 3.5650368 3.3826134 3.6274301 3.5905289 3.5247485 3.5988765 3.0122764 3.3191998 3.2158569 3.2609980 3.3895241 3.3690800 2.5041135 4.6129313 2.1457145 3.9836186 3.4600607 0.0000010 0.0000010 1.5614658 4.0326242 2.7203614 5.1321048 4.1791379 4.1693501 4.6551920 4.1191947 4.8019999 3.3625637 3.2788941 2.7252462 0.0000010 4.3973466 3.8145246 3.6187911 5.0861549 2.1113172 0.0000010 4.3652400 4.2093073 4.9719062 4.2521057 3.8109384 4.2789789 0.0000010 0.0000010 4.7193941 3.0226433 6.2374111 9.0000000 3.9324924 6.8064146 5.0150184 6.3585908 3.2614074 3.2449781 3.7486637 3.9240022 3.7973212 3.9850277 3.3578865 4.9765965 3.9017584 
Xesp_018893-T1                                      3.3906274 5.2018447 5.1213728 5.9908741 4.4558926 4.6504055 4.6669046 4.3524265 4.6836096 0.0000000 1.5844112 1.1989109 0.8628841 1.0457468 5.2329153 0.6763517 1.1521247 2.1143717 2.2149969 3.3144504 1.5966683 0.6499808 1.5001985 1.3914636 1.4332766 1.4613110 2.5280372 1.8297921 2.2629271 5.9269718 1.5902368 2.1799942 2.5392848 3.7112928 1.7946278 2.1041066 2.0143360 1.9284155 1.9504093 1.8939132 2.0078885 2.0138863 1.9902067 1.9655615 2.5026963 1.5151012 3.4216585 2.4703158 2.4940103 2.2622267 8.6292661 9.0000000 8.9999982 3.6209603 3.5549280 3.8399754 8.9999990 8.9999982 3.5326362 3.5571990 2.3619016 3.5216041 3.6963678 3.9075972 9.0000000 2.7108345 2.2559618 2.0001280 0.0000010 5.9551956 2.4598166 2.9013808 2.6791876 2.7822995 2.4228458 2.5056944 3.5595731 1.9890556 5.9913326 6.3679065 0.0000010 3.1067721 2.6448029 2.6109740 3.0755211 2.6447441 2.6447441 2.5864353 3.1784816 3.2753853 2.9983378 3.5746491 2.5578339 2.6489803 2.8651899 3.1456900 2.5902410 2.9614585 4.5247225 1.6745429 5.6969968 
Xesp_018958-T1                                      4.4044864 3.7550941 3.9243137 6.1546169 4.4429694 5.0677974 4.8132929 4.5332380 0.0000010 1.5844112 0.0000000 0.8370398 1.5702233 1.7551650 3.1883876 0.6500553 0.6772825 1.9800174 2.1525279 3.0777051 1.9181367 0.6499808 1.6864408 1.7866590 1.6683624 1.7278383 0.4861392 1.9515210 8.9999989 5.2872851 1.8658964 0.0000010 2.6194667 4.3760461 1.6939520 1.8809898 1.9392635 1.7535040 2.2693560 2.2411800 2.2101622 2.2101622 2.0610220 2.0994017 2.7507774 1.3751385 0.0000010 2.5286275 2.4246963 2.9072444 4.1023422 0.0000010 0.0000010 3.6288861 3.2123376 4.8351535 6.8635482 7.9957196 3.6445657 3.4713961 0.0000010 3.9458920 3.7856104 3.8592579 2.7827222 4.1889470 2.0085800 1.7087701 0.0000010 3.8750700 2.2077982 0.0000010 2.8266246 2.8444180 2.9302837 2.6324698 4.6934729 3.1609137 3.3040038 9.0000000 0.0000010 2.5050356 2.5804766 2.8022916 2.6296322 2.4046742 2.4046742 2.4046742 2.2596053 2.5050356 2.4128144 2.8717936 3.2438537 3.2910587 2.1460261 3.1455492 3.2965566 2.0488568 9.0000000 2.4856588 3.8542243 
Dgig_XM_028550548.1                                 1.2601528 2.8110008 2.6714107 3.3577586 3.2120775 2.5631812 2.7912852 2.8306431 2.5446948 1.1989109 0.8370398 0.0000000 0.5134700 0.4765305 0.1201076 0.1960380 0.4162509 0.7886441 1.3885745 1.4943333 1.4256263 1.5261310 1.1354509 1.1172297 1.1694641 1.1380506 1.3047727 1.1178375 1.0538933 2.0339022 1.1048427 1.1389404 1.5652464 1.8354889 1.2968216 1.2864157 1.2265877 1.2080629 1.5110257 1.4409495 1.4723330 1.4673232 1.4800750 1.4835120 1.3745595 1.0775876 1.5150258 1.4708419 1.4210166 1.4044920 1.4051461 1.6992225 2.3968390 1.8891445 1.8595705 1.5440018 1.4543118 2.0456963 1.7233333 1.6658361 1.8431632 1.8644463 1.8028431 1.8378086 2.3317179 2.1713395 1.5093441 1.4957305 1.5368112 0.0000010 1.8458198 1.6462645 1.7283427 1.5285417 1.5124690 1.2428046 2.2146528 2.2444890 3.3661980 2.5784559 2.7796671 2.1462148 1.3801708 1.4698995 1.7964551 1.5940098 1.6662376 1.5858829 1.9506357 2.7953196 1.7244258 1.7608745 1.7137941 1.7177249 1.7774239 1.7269755 1.9094315 1.8592144 1.6969588 2.0649506 3.7341395 
Xesp_019158-T1                                      5.6589233 6.5357973 4.3933783 4.8594915 4.4809915 4.9812231 4.4832514 4.3847025 9.0000000 0.8628841 1.5702233 0.5134700 0.0000000 0.1451368 0.0990232 0.1915460 0.4058395 1.1371373 1.5984464 1.4864753 1.2608058 0.6250890 1.0973029 1.0525430 1.1742220 1.1394845 2.3169944 1.2255908 0.0000010 3.8863630 1.0517300 1.1829857 1.9017058 3.6137561 1.3660447 1.5656899 1.2987459 1.2729515 1.5578195 1.5152276 1.4414900 1.4414900 1.5333726 1.5333726 1.6246580 1.2227832 1.5159136 1.7393157 1.5347010 1.7514912 3.4670117 1.7700525 2.7371982 2.1409477 2.3671208 1.9146178 2.0607002 2.3728225 2.1392595 2.1508448 1.5448541 2.0632535 2.0809789 2.0391674 2.5639231 7.8759674 1.5757852 1.5608174 2.6430596 0.0000010 1.6754314 1.5500314 1.7958322 1.9983318 1.8554727 1.4901144 1.9416600 2.8648577 2.5663454 2.8820261 6.3922323 2.1517320 1.8484478 1.8553300 2.2031749 1.7819446 1.7564124 1.7244488 1.9964715 2.3026756 1.9590871 2.0972512 1.8204474 1.8391414 1.7403725 1.9800543 1.9740076 3.4227439 2.0600242 0.9262189 3.5269438 
Xesp_019192-T1                                      2.9776317 6.0863231 4.2649560 4.0478794 3.7595110 4.3120568 3.9681973 4.3270215 4.1725417 1.0457468 1.7551650 0.4765305 0.1451368 0.0000000 0.0579934 0.1954488 0.7601450 1.6084063 1.8783198 2.0500800 1.5719743 1.6561644 1.4024985 1.3967832 1.5427848 1.5050094 1.8545352 1.6657888 6.4527679 3.0055005 1.4945086 1.6765854 2.4482062 0.0000010 1.6254570 1.7283265 1.6470007 1.5892719 1.9515427 2.0317790 1.9542268 1.9542268 1.9067072 1.9265327 2.1619312 1.1181657 2.8488450 2.1398372 1.9834727 2.2492740 1.5961616 3.2324518 3.6085959 2.7552610 3.0829705 2.5368454 3.1588114 3.7807424 2.8235732 2.6479601 3.2343810 2.5054537 2.5010881 2.5312203 2.3348457 7.1022587 1.3767872 1.5950017 2.6554874 5.5879020 1.6264543 2.2660441 2.4918220 2.6398881 2.5133364 2.2632032 1.9815112 2.6386288 3.0577132 3.5828793 0.0000010 2.4295767 2.1087660 2.0757459 2.2918757 2.0052256 1.8613708 1.8613708 2.2705408 2.4511142 2.3257329 2.5332125 2.3828607 2.4002331 1.5718777 2.4563041 2.6402293 3.6853180 4.8871854 0.9742166 3.5586585 
Xesp_019141-T1                                      0.0000010 6.2128253 3.2721189 4.4207414 4.4767674 4.7628215 4.4241243 4.7734897 0.0000010 5.2329153 3.1883876 0.1201076 0.0990232 0.0579934 0.0000000 0.0448774 0.3192316 0.9203853 0.8579915 0.0000010 1.0210439 0.0000010 1.0780617 0.9801591 1.1694587 1.0403618 0.0000010 1.1885131 0.0000010 1.4090848 1.0718726 0.0000010 1.5724035 0.0000010 1.0345335 1.0270564 0.9551765 0.8900870 1.4543068 1.5135912 1.3216729 1.3216729 1.3725498 1.3725498 1.2754674 0.9877060 0.0000010 1.1213618 1.1141025 1.3486580 2.6030713 0.0000010 0.0000010 1.7093468 2.0302904 1.5249319 1.5726819 1.7759066 1.5801131 1.8185696 0.0000010 1.6061761 1.7361704 1.5689941 0.0000010 4.8875454 0.8225779 0.8859806 0.0000010 0.0000010 0.9917547 0.0000010 1.2988279 1.3923499 1.5178030 1.3722730 0.8853908 6.7255179 3.2013267 0.0000010 0.0000010 1.3183204 1.3226246 1.2378767 1.5195315 1.2914571 1.2914571 1.2914571 1.1610841 1.3183204 1.3985983 1.2663562 1.5762088 1.5762088 0.7222064 1.1659829 1.8384028 2.0962557 0.0000010 0.2643240 3.1203001 
Xesp_018875-T1                                      2.7070006 3.9657946 2.9534009 3.2229905 3.2057957 3.7033139 3.3569431 3.2276173 2.5523166 0.6763517 0.6500553 0.1960380 0.1915460 0.1954488 0.0448774 0.0000000 0.2135889 0.7540065 0.9696582 2.5546284 0.7186042 1.3878168 0.5526754 0.5473810 0.5910130 0.6139929 1.9270635 0.7098129 2.8722286 3.6458128 0.6124100 1.8631482 1.4048230 3.1232436 0.7912351 0.8720239 0.8595304 0.7961764 1.0209973 1.0358334 0.9505089 0.9505089 0.9285888 0.9285888 1.2427592 0.7345996 1.4890909 1.0947876 0.9758845 1.1825032 1.8559066 1.3595134 2.2462346 1.4794661 1.5005641 1.4403899 1.1426633 1.4229853 1.5947594 1.5048074 0.9711556 1.6930277 1.7925021 1.9902310 2.6694843 2.7527513 1.1702313 1.1392879 9.0000000 0.0000010 1.3536242 3.8036221 1.1691190 1.2166952 1.3071412 1.1676350 2.5040976 2.6886352 3.3460030 3.5339121 0.0000010 1.6079189 1.5054643 1.4979380 1.5447390 1.4830000 1.4396537 1.4396537 1.4856672 1.5574971 1.4513905 1.5023259 1.4428952 1.4684623 1.1546917 1.4505122 1.6306622 1.7194996 2.4844265 0.9275525 4.0680888 
Xesp_019148-T1                                      2.8402150 4.7139059 3.4028391 5.0944771 3.6762419 5.0902109 4.0391056 3.6316695 0.0000010 1.1521247 0.6772825 0.4162509 0.4058395 0.7601450 0.3192316 0.2135889 0.0000000 1.5196681 1.9264174 2.6517846 1.8325877 0.6499808 1.6871866 1.6666170 1.7198827 1.7384421 0.0000010 1.9454828 8.9999989 2.9671871 1.7519418 0.0000010 2.6244173 1.0027512 1.6379275 1.7117455 1.7948202 1.6279932 2.3445892 2.3202462 2.3322660 2.3322660 2.2181076 2.2409037 2.6018321 1.0353835 0.0000010 2.7001881 2.5976465 2.9331567 5.4642663 0.0000010 0.0000010 3.1021025 3.1369728 3.3211608 4.1025267 3.8822547 3.3522298 3.1647115 0.0000010 3.4273733 3.4731115 3.6849892 2.1532231 8.7506264 1.3499574 1.3779626 0.0000010 4.2839531 1.4594180 0.0000010 2.6564454 2.7044083 2.8586453 2.6460736 2.2896350 4.8500274 2.9724927 9.0000000 0.0000010 2.2030313 2.1124095 2.1815634 2.2818280 2.1269456 2.1269456 2.1269456 2.0620905 2.2030313 2.4756708 2.2855495 2.9781507 3.0250489 1.4377227 2.9626860 3.2725782 3.0801918 9.0000000 0.8534111 4.3493680 
Hvul_g5999_1                                        2.8224013 4.7176464 3.2699010 3.4630225 3.6237249 4.1754087 3.6046636 3.7704172 0.0000010 2.1143717 1.9800174 0.7886441 1.1371373 1.6084063 0.9203853 0.7540065 1.5196681 0.0000000 0.6651002 1.4466386 1.1340823 1.5139968 1.0718529 1.0545435 1.0442799 1.0248454 0.5904707 1.2072457 2.7343859 2.8841992 1.1423915 0.0000010 1.6155871 2.0269271 0.7978824 0.8123073 0.8441816 0.8037219 1.4591369 1.4576679 1.3969951 1.3969951 1.3370212 1.3661075 1.6331215 0.7316401 0.0000010 1.7089416 1.7161069 1.6696614 1.4408719 0.0000010 0.0000010 2.1923936 2.0898468 2.4004340 2.6004031 3.3435901 2.1260014 2.1632293 0.0000010 2.4126386 2.3460524 2.3095749 1.9031989 2.6564562 1.3440552 1.3400679 0.0000010 1.3654731 1.2076426 0.0000010 1.9042775 1.9005836 1.8710105 1.9335210 2.7733911 3.3249444 2.7673779 0.7625194 0.0000010 1.5412837 1.5545559 1.6397658 1.4845656 1.4336273 1.4336273 1.4336273 1.5417564 1.5412837 1.7766340 1.7234578 2.0005033 2.0036857 1.3644022 2.0830250 2.4037382 1.2582288 6.1212015 1.7723949 3.6054165 
Chem_TCONS_00000971                                 2.4257270 3.6581654 3.4727171 4.0909641 3.7094599 3.6658471 3.5386277 3.5698256 3.3081151 2.2149969 2.1525279 1.3885745 1.5984464 1.8783198 0.8579915 0.9696582 1.9264174 0.6651002 0.0000000 1.7961114 1.7410173 1.6191579 1.3808945 1.3832541 1.3880077 1.3275555 1.5138260 1.4446404 1.8400896 2.2802356 1.3159515 1.0628842 1.6909967 1.9147299 1.0783805 1.0951739 1.0481865 1.0168441 1.7360053 1.7189794 1.8040665 1.8035384 1.6492962 1.6538202 1.5035423 1.0724221 1.1229041 1.6752892 1.6669886 1.6277403 1.5093867 1.6464277 2.5173364 2.1790917 2.2305997 2.4980769 2.6422258 3.5321278 2.0154408 2.0246150 2.1809311 2.1744311 2.1396540 2.2078584 2.0188634 2.4807620 1.5543450 1.6279640 1.4826570 1.3385013 1.8496347 1.7334912 1.8836683 2.0834533 2.1505441 1.8953849 1.8272945 2.4125420 2.8991878 2.6195431 2.4667277 2.3070348 1.7459400 1.7400070 1.9089297 1.7750312 1.7915055 1.7880842 2.2088356 2.9829511 1.9613985 1.9382117 1.9515416 1.9657693 1.8900245 1.9444453 2.2683641 2.0499448 1.4034430 2.1919643 3.8326429 
Amil_Amillepora22531-RA                             2.0515588 3.7332830 3.6211610 4.1066826 4.4251726 2.9520617 4.0275096 3.5551098 3.4964913 3.3144504 3.0777051 1.4943333 1.4864753 2.0500800 0.0000010 2.5546284 2.6517846 1.4466386 1.7961114 0.0000000 0.3166524 0.2061764 0.7588615 0.7033684 0.8068232 0.7915610 0.7588499 1.2102399 1.2294980 1.5000128 1.1186109 0.0000010 2.1814433 2.7997808 1.5355532 1.7005014 1.5508477 1.5671799 1.9999367 2.1114011 2.1547487 2.1423209 1.8073545 1.8592392 1.5286164 1.4480392 1.6001063 2.0476839 1.7275288 1.9505557 1.4164446 1.3170730 1.5264178 2.2010311 2.3354122 2.1385251 2.1394047 1.4199478 2.2336689 1.7905956 2.5514242 2.2286625 2.3526609 2.3764749 2.4712574 2.0399108 1.8276309 1.6870792 1.5045277 5.5138686 2.1900686 2.2022742 2.1751362 1.5526052 1.9663230 2.2189827 1.7769691 2.0596260 3.5463755 3.4712911 3.5418318 3.1098001 2.6135044 3.2173722 2.4977643 2.8450607 3.4903486 3.7522674 3.5803745 5.0288914 2.6517116 2.7638312 2.1575011 2.1639893 2.2125905 2.2581201 2.2740519 1.9323116 1.9066222 3.1292335 3.3184729 
Adig_XM_015916840.1                                 2.8981257 3.9077468 3.9566886 4.2174438 4.3581686 3.7391617 4.0908464 4.2037946 3.7057526 1.5966683 1.9181367 1.4256263 1.2608058 1.5719743 1.0210439 0.7186042 1.8325877 1.1340823 1.7410173 0.3166524 0.0000000 0.1174733 0.5554856 0.5398637 0.6094869 0.5951106 0.7144415 1.1044113 1.8987495 2.6106363 1.0026753 1.9850212 2.1257691 2.6179285 1.5310815 1.6563228 1.5182290 1.5663887 1.8193718 1.8266292 1.9035995 1.8965437 1.7655556 1.7850552 1.7590803 1.4004067 2.0188506 1.8267093 1.8849936 2.0435676 1.7734192 1.9917386 2.7748587 2.3416026 2.3072266 1.7411985 1.6966463 2.4633086 2.3965315 2.1974734 3.1710399 2.4938692 2.6301598 2.7049723 2.5199285 2.2551188 1.8263038 1.8151373 1.8206463 1.3486523 2.1465801 2.3658199 2.2651034 1.9354414 2.0742978 1.5896505 2.2350509 2.3673808 3.5820041 3.4661226 2.8655070 2.8145485 1.7208702 1.4624748 2.3345049 2.1358255 2.0813894 2.0529337 2.6451514 3.5711018 2.3686246 2.4043693 2.1534147 2.1423907 2.2425610 2.3649700 2.4766106 1.8587486 2.4743654 2.3740937 4.4981911 
Adig_XM_015894548.1                                 2.2362410 2.6395444 2.8492372 4.5891998 3.3215700 2.3511398 2.6852273 2.9901303 2.6204015 0.6499808 0.6499808 1.5261310 0.6250890 1.6561644 0.0000010 1.3878168 0.6499808 1.5139968 1.6191579 0.2061764 0.1174733 0.0000000 0.5938466 0.5205729 0.7605399 0.7262451 0.7022243 1.2877091 9.0000000 1.5530629 1.1542225 2.6852216 2.2468013 2.8247370 1.5354689 1.5646707 1.4545109 1.6089486 2.4044838 2.3092510 2.5168178 2.4191684 1.9648597 1.9776666 1.6867752 1.5689700 1.5959097 1.7766909 1.6727833 1.8072832 5.1466692 1.8536047 0.0000010 2.5954068 2.7944183 1.8631243 0.0000010 0.0000010 2.7051089 2.0295782 5.8830223 2.5606557 2.7929652 2.9794578 1.9419554 1.7586173 1.7703000 1.8833115 1.5518056 0.0000010 2.1432687 2.8874028 2.7259211 1.1249102 1.0321722 1.0321722 2.2142155 2.1951597 2.8867960 3.3550513 2.9373541 3.2030002 0.5405692 2.1906808 2.6547394 0.4404556 0.4404556 0.4404556 3.2854496 6.4024380 2.3449627 2.3884389 2.0306509 2.0306509 2.4074089 2.0636184 2.4139362 2.0369472 3.4696842 3.0970059 3.3516481 
Fspp_ffun1.m4.13268.m1                              2.6616668 3.4485059 3.1701655 3.6949075 3.8585149 3.3843401 3.5727635 3.4724504 3.4833803 1.5001985 1.6864408 1.1354509 1.0973029 1.4024985 1.0780617 0.5526754 1.6871866 1.0718529 1.3808945 0.7588615 0.5554856 0.5938466 0.0000000 0.1576808 0.2246470 0.2025755 0.3280083 0.7912219 0.6997207 1.6713990 0.7195344 1.2358611 1.6766051 2.4644535 1.0982108 1.2255322 1.1663053 1.1515304 1.4548651 1.4193088 1.4836777 1.4853942 1.3683521 1.3841115 1.2924027 1.0310908 1.5054446 1.3880104 1.4719296 1.5361623 1.5031731 1.6441849 2.1949029 1.9197738 1.9150917 1.9056129 1.8877239 2.6160985 1.9816490 1.8661505 2.2643249 2.0051826 2.1331976 2.1911403 2.2767650 1.9646689 1.3885550 1.2973713 1.3996100 1.3512736 1.6801736 1.9832374 1.7406897 1.5554695 1.6430360 1.5359778 2.2458669 1.8102659 3.1414542 2.6022506 2.7726749 2.1646184 1.6692744 1.5973366 1.8676430 1.6444586 1.6485127 1.6076995 2.1968974 2.8633877 1.9542109 1.9737840 1.7583989 1.7586440 1.7094849 1.9084602 2.1800380 1.7491108 1.6041585 1.8538273 3.2581371 
Gasp_gasp1.m3.1139.m1                               2.7359241 3.4260292 3.1817407 3.6369058 3.6933741 3.3319492 3.4429337 3.4227063 3.4726550 1.3914636 1.7866590 1.1172297 1.0525430 1.3967832 0.9801591 0.5473810 1.6666170 1.0545435 1.3832541 0.7033684 0.5398637 0.5205729 0.1576808 0.0000000 0.2270918 0.2024351 0.3206000 0.7471594 0.9230719 1.5902876 0.7224171 1.2529738 1.6248046 2.5289803 1.1057163 1.1740569 1.1084946 1.0962247 1.4144577 1.3860407 1.4265676 1.4189410 1.3336750 1.3482032 1.3665520 1.0184146 1.6333406 1.3293497 1.4046345 1.5005632 1.9655017 1.5619858 2.1055588 1.9333964 1.8618787 1.8772118 1.8449834 2.5849726 2.0290922 1.8788555 2.6719496 1.9613049 2.0313449 2.0936611 2.1291049 1.9064620 1.3416540 1.3159466 1.4333185 1.3417494 1.6885048 2.1775985 1.7467551 1.4978489 1.5780955 1.5338465 2.1600879 1.8899935 2.8165005 2.4136736 2.5372245 2.0457877 1.6514394 1.5755957 1.8204087 1.5853589 1.5637191 1.5232769 2.1265854 2.5826961 1.9084564 1.9140390 1.7846619 1.7945054 1.7410169 1.8913751 2.2540898 1.4591122 2.0250976 1.8189085 3.5480304 
Spis_XP_022780899_1                                 2.8038982 3.3611460 3.1939067 3.6300743 3.7649644 3.4449036 3.5726636 3.5372561 3.6431414 1.4332766 1.6683624 1.1694641 1.1742220 1.5427848 1.1694587 0.5910130 1.7198827 1.0442799 1.3880077 0.8068232 0.6094869 0.7605399 0.2246470 0.2270918 0.0000000 0.0863058 0.3956207 0.7844698 1.2784726 1.6543563 0.7548305 1.1588633 1.7369391 2.4823147 1.1294919 1.2473859 1.1528844 1.1451014 1.4685833 1.4381422 1.5223045 1.5270683 1.4039766 1.4196857 1.3923662 1.0398634 1.5043408 1.4469527 1.4258332 1.4806748 1.7153102 1.7227314 2.3796252 1.9393104 1.9688415 1.8575509 1.8230329 2.6668337 1.9323269 1.8728643 2.2745940 2.0178567 2.1125651 2.2000612 2.2494241 1.9131515 1.4151825 1.3803294 1.5011801 1.3556228 1.7446027 1.9478914 1.7746396 1.4783202 1.6293650 1.4517369 2.1522009 2.0078950 3.1060007 2.6112735 2.8326570 2.2746819 1.6697181 1.6058283 1.8744646 1.6841373 1.6679380 1.6325462 2.1990332 3.0240963 1.9603820 1.9662519 1.7656759 1.7767433 1.7079904 1.9295741 2.1843687 1.7004296 1.7178211 1.8675576 3.3147286 
Pocdam_XM_027185175.1                               2.9386847 3.4479507 3.2812191 3.7581919 3.8439029 3.4912496 3.6909770 3.6095122 3.6531461 1.4613110 1.7278383 1.1380506 1.1394845 1.5050094 1.0403618 0.6139929 1.7384421 1.0248454 1.3275555 0.7915610 0.5951106 0.7262451 0.2025755 0.2024351 0.0863058 0.0000000 0.3752743 0.7691171 1.1107281 1.6690810 0.7457764 1.2209885 1.6288216 2.3321956 1.0754006 1.2117901 1.1213467 1.1376309 1.4065636 1.3927461 1.4695378 1.4606298 1.3586266 1.3712369 1.3205010 0.9940250 1.4655783 1.3679194 1.3973515 1.4839134 1.6144953 1.6629031 2.2457742 1.9014791 1.8846678 1.8374496 1.8047720 2.5437243 1.8725499 1.7975012 2.3841816 2.0010098 2.0359910 2.1073540 2.1150079 1.9007895 1.3840669 1.3200828 1.4153549 1.3117052 1.7062484 1.8495606 1.6766768 1.4243812 1.5903831 1.4631329 2.0277229 1.9625874 3.0705081 2.5718255 2.7257981 2.2522561 1.6783932 1.6284729 1.8253205 1.6727011 1.6618042 1.6212012 2.1172268 2.9330775 1.9562462 1.9215374 1.7268969 1.7275127 1.6683934 1.8595527 2.1411185 1.6910702 1.5871470 1.9134287 3.2297596 
Gfas_gfas1.m1.11598.m1                              2.6500667 3.6304929 3.5831297 4.1040694 4.3181936 3.2189714 3.5665430 3.5365241 3.8041273 2.5280372 0.4861392 1.3047727 2.3169944 1.8545352 0.0000010 1.9270635 0.0000010 0.5904707 1.5138260 0.7588499 0.7144415 0.7022243 0.3280083 0.3206000 0.3956207 0.3752743 0.0000000 0.8494467 3.2647466 1.5083282 0.8487787 1.2433384 1.7441691 2.3692497 1.3178425 1.4107673 1.3884031 1.3640905 1.6169902 1.5933227 1.6356286 1.6517607 1.4851414 1.5084012 1.3737811 1.1386677 1.7066473 1.5025295 1.5286386 1.4930661 2.1976174 1.7438271 2.1809687 1.9007555 2.0873396 0.0000010 0.0000010 2.4805396 2.0394981 1.7180196 2.5437470 2.1086405 2.1826874 2.2688007 2.4142568 2.1492263 1.5905293 1.5294624 1.3178999 0.0000010 1.8641420 2.1135689 2.0159469 1.5328155 1.6132747 1.3541074 2.1258972 2.2891202 3.6819457 2.6069603 2.6672013 2.4096704 2.0851921 0.0000010 2.0802865 1.7052550 1.6875778 1.6124267 2.4092189 3.4976938 2.0916058 2.0367694 1.8347269 1.8331040 2.0403724 1.8829866 2.3137637 1.9836740 1.9622561 2.7117788 3.1890686 
Nvec_v1g242832                                      2.4521100 3.4408345 3.2474689 4.0214545 3.8338522 3.3094994 3.4838790 3.3300806 3.1584202 1.8297921 1.9515210 1.1178375 1.2255908 1.6657888 1.1885131 0.7098129 1.9454828 1.2072457 1.4446404 1.2102399 1.1044113 1.2877091 0.7912219 0.7471594 0.7844698 0.7691171 0.8494467 0.0000000 0.0914059 0.1571380 0.6013081 1.2077453 1.5973114 2.1775944 1.3018323 1.2717324 1.2042836 1.2024001 1.3374381 1.3327090 1.4197622 1.4251754 1.3031492 1.3113943 1.4336732 1.0312926 1.4978648 1.4649454 1.4833995 1.5075654 1.4823620 1.6974477 1.9858204 1.8924992 1.8389176 2.0649041 2.0824243 2.7002181 1.9100661 1.8470252 1.8092199 1.9208733 2.0013427 2.0623716 2.3508459 1.8868937 1.4025287 1.3889141 1.5433284 1.5657839 1.7500200 1.6998654 1.6906031 1.5631212 1.5811190 1.6677471 2.1405627 1.9540255 3.2533658 2.5384573 2.1446089 2.2009163 1.7387299 1.6842612 1.8442870 1.8199503 1.7935501 1.7709243 2.1343467 2.8277224 1.8838554 2.0647842 1.8713991 1.8705920 1.7752666 1.8066430 2.0909472 1.5696221 1.6774125 2.0942101 3.2469538 
Nvec_NVE6720                                        0.0000010 3.1884593 3.6336773 3.3769642 3.6887521 3.5061382 2.7058543 2.2517145 2.2517145 2.2629271 8.9999989 1.0538933 0.0000010 6.4527679 0.0000010 2.8722286 8.9999989 2.7343859 1.8400896 1.2294980 1.8987495 9.0000000 0.6997207 0.9230719 1.2784726 1.1107281 3.2647466 0.0914059 0.0000000 0.0000010 0.5763728 0.0000010 1.2365303 1.3367313 1.4352722 1.5600565 1.5015182 1.4513841 1.2915731 1.4423925 1.5174498 1.5134856 1.2307452 1.2619744 1.0569264 0.0000010 1.4716835 1.8055208 1.8594731 1.8500273 1.2827176 0.0000010 0.0000010 2.8490361 1.6448568 4.6221588 4.6221588 2.4304168 1.5059961 3.0566025 1.6062957 1.6700894 1.8014088 1.8014088 3.5081685 1.7910054 1.9169996 3.2371374 0.0000010 2.7343859 2.2027615 1.6899853 1.8297518 1.8783239 1.8783239 2.7150836 2.2629271 2.5180048 4.6213309 0.0000010 0.0000010 2.2856123 2.5475878 2.5475878 2.5475878 2.5475878 2.5475878 2.5475878 9.0000000 2.9693086 9.0000000 2.5475878 2.0462696 2.0462696 2.1411396 2.0802076 2.6748614 1.7710191 1.4110356 1.4871106 3.3432704 
Nvec_v1g224364                                      1.3250508 2.5275282 3.0971961 4.2535115 4.8801809 2.7077931 2.9963762 3.1512152 2.1530180 5.9269718 5.2872851 2.0339022 3.8863630 3.0055005 1.4090848 3.6458128 2.9671871 2.8841992 2.2802356 1.5000128 2.6106363 1.5530629 1.6713990 1.5902876 1.6543563 1.6690810 1.5083282 0.1571380 0.0000010 0.0000000 1.5069494 0.0000010 2.6220292 2.2030393 1.9671515 2.3107066 1.7779259 1.7805218 1.4291986 1.5722060 1.7900755 1.8151157 1.6564202 1.6564202 2.2145722 3.3564586 1.5618993 2.4161647 2.1415739 2.7139154 0.0000010 0.0000010 0.0000010 2.7182419 2.7544430 5.3280611 3.1399686 3.1399686 2.9613890 3.1918563 1.4747573 2.4206991 2.3846843 2.3846843 4.0236088 0.8337666 1.9332800 2.3691712 2.2432638 0.0000010 2.6936495 2.3662868 2.3309584 3.0566801 3.7062614 4.5085733 2.1211801 1.5354904 3.8289172 4.8097615 4.4973456 3.9400659 2.8655804 3.1437788 5.4619545 4.7346668 4.7346668 4.7346668 4.3388582 7.0107974 3.3302762 4.8749653 2.1818183 2.2277565 2.3997888 2.6546659 2.8075027 1.8778075 1.4876771 5.9649882 5.9523944 
Exapal_XM_021038100.2                               2.8168323 3.5384745 3.3135955 3.6965264 3.6022425 3.2612459 3.5819630 3.3839440 3.5371564 1.5902368 1.8658964 1.1048427 1.0517300 1.4945086 1.0718726 0.6124100 1.7519418 1.1423915 1.3159515 1.1186109 1.0026753 1.1542225 0.7195344 0.7224171 0.7548305 0.7457764 0.8487787 0.6013081 0.5763728 1.5069494 0.0000000 1.0726363 1.5653988 2.1357403 1.1269324 1.1792997 1.1543363 1.1142945 1.4198392 1.3980069 1.4634038 1.4659355 1.3210536 1.3406419 1.4051831 1.0558189 1.5840522 1.4348451 1.4436309 1.6115420 1.2807538 1.6023206 2.0414318 1.8861233 1.8263969 1.9739275 2.0000962 2.7365126 1.8648539 1.8255821 2.0035366 1.9483468 1.9618489 2.0024062 2.1767916 1.9231016 1.3427804 1.4656459 1.6788305 1.3093239 1.7089301 1.6943143 1.6618338 1.5994158 1.6163920 1.5364480 1.9755219 1.7898852 2.9459682 2.2448433 2.3433016 2.0563837 1.5764241 1.4823955 1.7444814 1.6198633 1.6116206 1.5920371 2.0039265 2.8342013 1.7886232 1.8205575 1.8590361 1.8605039 1.7568321 1.7792069 2.1217760 1.7001203 1.6056615 1.9400387 3.3355829 
Ocar_g8211                                          5.4792650 5.4673906 5.0633081 5.4673906 5.4673906 5.3197627 6.1389277 6.3799870 5.3773114 2.1799942 0.0000010 1.1389404 1.1829857 1.6765854 0.0000010 1.8631482 0.0000010 0.0000010 1.0628842 0.0000010 1.9850212 2.6852216 1.2358611 1.2529738 1.1588633 1.2209885 1.2433384 1.2077453 0.0000010 0.0000010 1.0726363 0.0000000 0.0000010 0.0000010 0.9768032 0.9933004 1.0664412 1.1093314 0.9503012 0.9737620 0.9790814 1.0264151 0.8944837 0.8944837 1.0292242 1.1370210 1.0337336 1.0686792 1.4210499 1.0461160 0.0000010 2.1192626 0.0000010 2.2718410 2.1655667 0.0000010 0.0000010 0.0000010 2.3181507 1.8226523 0.0000010 1.7766962 1.6489442 1.6489442 1.8527476 0.0000010 1.1210041 1.2917120 0.0000010 0.0000010 1.3826275 0.0000010 1.8959665 1.7148378 1.1457095 0.0000010 9.0000000 0.0000010 3.6009577 1.8629226 0.0000010 1.7583610 0.0000010 0.0000010 2.0402337 0.9714512 0.0000010 9.0000000 1.8174207 1.7583610 1.7500340 1.9058620 2.0700792 2.0700792 1.8466077 1.3590821 2.1213130 0.0000010 2.1775356 2.2848960 3.6677279 
Opea_EP00118_Oscarella_pearsei_P026785              2.9075274 3.8623846 3.6573644 3.9310941 3.9835666 3.9234514 3.8856713 3.6591119 3.2121641 2.5392848 2.6194667 1.5652464 1.9017058 2.4482062 1.5724035 1.4048230 2.6244173 1.6155871 1.6909967 2.1814433 2.1257691 2.2468013 1.6766051 1.6248046 1.7369391 1.6288216 1.7441691 1.5973114 1.2365303 2.6220292 1.5653988 0.0000010 0.0000000 0.0067615 1.5926978 1.5586521 1.5137920 1.5447934 1.8267730 1.8149153 1.8197929 1.8344906 1.7441372 1.7661653 1.5951092 1.4728912 1.8579111 1.6034178 1.8385928 1.7309326 1.4677424 1.6395155 1.7354819 1.8815445 1.9852766 2.1554742 2.4101080 3.3441293 2.0329944 1.9100473 2.1061633 2.1001379 1.9882583 2.0555650 2.1281893 2.0079394 1.4981773 1.7130669 1.6923790 2.7545943 1.8845435 1.5545173 1.6435989 1.4537004 1.4662107 1.3402072 2.6724190 2.2711263 3.1443798 2.7282643 2.5761158 2.2708499 1.9814277 1.7400478 2.0221012 1.8489500 1.9043219 1.9148294 2.2738581 3.2492042 2.1330022 2.0689655 2.0332604 2.0385533 1.7871119 1.9434712 2.0626761 2.0435981 1.7965562 2.6136365 3.6776990 
Ocar_g8212                                          2.0935853 3.2591228 3.2262000 3.7607595 3.5476797 2.3626624 3.2673075 2.8812062 2.8422333 3.7112928 4.3760461 1.8354889 3.6137561 0.0000010 0.0000010 3.1232436 1.0027512 2.0269271 1.9147299 2.7997808 2.6179285 2.8247370 2.4644535 2.5289803 2.4823147 2.3321956 2.3692497 2.1775944 1.3367313 2.2030393 2.1357403 0.0000010 0.0067615 0.0000000 1.9687795 1.8305702 1.7224436 1.6964747 2.3857466 2.3903207 2.5489297 2.6052743 2.6331120 2.6391227 1.8344901 2.6791332 1.9885742 1.7241629 2.1612305 2.0993321 0.7999986 2.4457160 0.0000010 2.1230435 2.1557804 2.2826936 2.2826936 9.0000000 2.3735219 2.6957943 2.1944836 2.2738632 1.9463679 1.9878228 3.3726660 1.6056982 1.7153542 2.5189899 1.9819763 3.6174527 2.4636343 2.0261503 2.4857319 4.3547631 1.5547138 1.9260268 4.6677686 2.6214106 3.6065244 3.4063463 2.7102972 2.8521982 0.0000010 0.0000010 0.0000010 0.0000010 0.0000010 0.0000010 3.1545148 7.4325398 3.9477325 0.0000010 2.1688427 2.1877730 2.0739476 1.9912907 2.0102570 1.6951427 1.6821073 3.3354511 4.4084822 
Sanmal_Sma_007469-T4                                2.3327852 3.4857552 3.3062361 3.6700345 3.7131297 3.3042565 3.4769859 3.4212745 3.0865391 1.7946278 1.6939520 1.2968216 1.3660447 1.6254570 1.0345335 0.7912351 1.6379275 0.7978824 1.0783805 1.5355532 1.5310815 1.5354689 1.0982108 1.1057163 1.1294919 1.0754006 1.3178425 1.3018323 1.4352722 1.9671515 1.1269324 0.9768032 1.5926978 1.9687795 0.0000000 0.5373424 0.5497740 0.5348973 1.4367115 1.4318373 1.4377024 1.4233121 1.4144570 1.3887857 1.3254381 0.8123419 1.1898744 1.5334398 1.5042667 1.4758299 1.1260265 1.9034247 3.5327424 2.0007388 1.9229508 2.0042112 2.1196761 3.3396206 1.9649960 2.0279181 2.0827653 2.0168012 2.0896560 2.1940954 2.4112220 2.0966592 1.4987175 1.5644299 1.3360943 1.0889463 1.7134892 1.5370045 1.6150546 1.5498403 1.6435227 1.5600942 2.1030676 2.1851069 3.2294959 2.6904308 2.4307476 2.2046462 1.7152398 1.6160805 1.9271248 1.7991433 1.7480282 1.7136585 2.1520516 2.9069699 1.9623247 1.8359067 1.6566027 1.6509266 1.7698647 1.8440489 2.1481948 1.7746169 1.3112954 2.0582386 3.3044025 
Aaur_scaffold462.g4.t2                              2.6819684 3.8288696 3.6171423 3.7611791 4.0483631 3.5138964 3.7103606 3.4442749 3.2128986 2.1041066 1.8809898 1.2864157 1.5656899 1.7283265 1.0270564 0.8720239 1.7117455 0.8123073 1.0951739 1.7005014 1.6563228 1.5646707 1.2255322 1.1740569 1.2473859 1.2117901 1.4107673 1.2717324 1.5600565 2.3107066 1.1792997 0.9933004 1.5586521 1.8305702 0.5373424 0.0000000 0.4968155 0.4489072 1.5012388 1.4997627 1.5593167 1.5558153 1.4658389 1.4562754 1.3253579 0.8689530 1.2097073 1.5880096 1.6353625 1.5605624 1.4016440 1.8805905 3.2157427 2.0294873 2.0942266 1.9502064 2.0623573 3.4474576 2.1320806 2.0226455 1.9508482 2.0700467 2.1038038 2.1224920 2.4988933 2.2596264 1.5729604 1.6806626 1.5321393 0.9987538 1.6563089 1.7370967 1.6631260 1.5337039 1.6192117 1.5599829 2.1203797 2.3030934 3.0672814 2.4892485 3.0189485 2.3533284 1.6135435 1.6113180 1.8672415 1.8585408 1.7934623 1.7367922 2.1493643 3.0786263 1.9569701 1.9138123 1.6948345 1.6920953 1.7736593 1.9302782 2.2443453 1.7279118 1.2565990 2.2073893 3.5921829 
Nemnom_g19354.t1                                    2.4513312 3.6870621 3.5590565 4.0348766 3.9431857 3.4857594 3.7287279 3.5696550 3.1607067 2.0143360 1.9392635 1.2265877 1.2987459 1.6470007 0.9551765 0.8595304 1.7948202 0.8441816 1.0481865 1.5508477 1.5182290 1.4545109 1.1663053 1.1084946 1.1528844 1.1213467 1.3884031 1.2042836 1.5015182 1.7779259 1.1543363 1.0664412 1.5137920 1.7224436 0.5497740 0.4968155 0.0000000 0.2334352 1.4679591 1.4844109 1.4891684 1.4916627 1.4254176 1.4127766 1.3068555 0.8355405 1.1439754 1.4818122 1.5173078 1.5076191 1.4515950 1.7872976 3.3917686 1.8830547 1.9251303 1.8961096 1.9609546 3.3142592 2.0253382 1.8516420 1.9291486 1.9022290 2.0045302 2.0699409 2.1669662 2.1276253 1.4994090 1.5096025 1.4491519 1.0797621 1.6762204 1.6023203 1.6416210 1.5699330 1.5676414 1.5779726 1.9056303 2.1667661 3.2406229 2.5085056 2.3334032 2.2294756 1.6883252 1.5789037 1.7905185 1.7628706 1.6754278 1.6857010 2.1728135 3.0283437 1.8998960 1.7720506 1.7755155 1.7762283 1.7686192 1.8778296 2.0506973 1.9691924 1.1708582 2.1228389 3.4960234 
