60
Hvul_g13085_1                           0.0000000 2.0641069 2.4488058 2.3223881 2.0130135 2.4495875 2.8044343 2.6175080 2.5279438 2.5841759 2.9872183 2.6981821 3.8660233 3.8445973 3.1901972 3.2592508 2.6113151 3.7458412 2.7314023 2.8656919 3.3729081 3.3337900 3.8989404 3.8511672 4.0275646 3.6051755 4.2793808 4.1029632 4.1354685 4.1354685 3.8748709 4.8478770 4.8831233 2.8076336 3.1055641 3.2740931 2.9765915 2.9271366 2.7878408 3.4068577 2.8217472 3.8687151 4.9501042 3.4192835 2.8712809 2.7793008 4.1461592 5.7652663 3.8009773 5.2234355 5.2234355 5.0843928 5.5370336 4.8664311 5.3946219 5.3946219 5.4919108 4.9969330 5.6117660 6.4855023 
Chem_TCONS_00058857                     2.0641069 0.0000000 2.4942226 2.5601395 2.4668122 2.4523852 2.8834880 2.6132615 2.3691039 2.4414844 2.7442219 2.4564402 2.7770980 2.6314920 2.5806297 3.0088871 2.9947522 3.3004288 2.9047725 3.0988344 2.8411946 3.0500694 4.0050342 3.8778931 3.3090236 2.9631712 3.5224024 3.3608710 3.4553545 3.4255901 3.2943999 3.0496373 3.0890341 2.9287889 2.8135806 2.6382656 3.3944027 3.2084575 2.9839748 3.1768267 2.7608724 3.9594007 3.3308203 3.4012376 2.5800646 2.3516668 5.2427196 3.7031730 3.2736641 3.3407058 3.3407058 3.3363586 3.3776685 3.4603433 3.4831554 3.4503704 3.4573621 3.2993046 3.4904505 3.4769895 
Sanmal_Sma_022656-T1                    2.4488058 2.4942226 0.0000000 1.3795475 1.3354818 2.0005273 2.4579306 2.3492398 1.9645514 2.0606666 2.4470497 2.0542951 2.1460934 1.8236136 2.2231795 2.2463009 2.1941711 2.3283795 2.0806929 1.9712689 2.2239743 2.4355386 3.0831601 3.0891415 2.7851466 2.4774545 2.9477429 2.6092768 3.0628286 3.0677075 2.7303195 2.9863474 2.9969955 2.5270219 2.5706244 2.3291221 3.8887588 3.2253763 3.1290880 2.0592943 1.9855143 3.3220045 3.7944177 3.0013673 2.8182389 1.8518451 5.0902760 4.0564671 3.3880351 3.4864297 3.4864297 3.3875674 3.5195687 3.4774358 3.5362738 3.4794545 3.4689896 3.7420816 3.7130900 3.8293019 
Nemnom_g13235.t1                        2.3223881 2.5601395 1.3795475 0.0000000 0.3740378 2.3466674 2.8071896 2.6448610 2.0865492 2.2170329 2.4473744 2.1699858 1.9680690 1.6725350 2.0975521 2.4356644 2.3157339 2.5240439 2.3727809 2.3361748 2.3760010 2.4765243 3.1369164 2.8684718 3.3737538 2.5502721 2.9754653 2.6323570 3.1947311 3.2096220 3.0779045 3.1381599 3.1641619 3.0862852 2.6227266 2.2309938 3.2103071 3.1509962 2.8781519 2.6470267 2.6781446 4.0710718 3.9775162 3.2240609 3.3621410 2.2528746 5.4893496 3.7610407 3.4857843 3.2803881 3.2803881 3.7055471 3.7040858 3.3666624 3.4253120 3.2522134 3.6623601 3.5682928 3.5746789 3.7640085 
Rhoesc_Res_017180-T1                    2.0130135 2.4668122 1.3354818 0.3740378 0.0000000 2.0801394 2.5911630 2.2806034 1.8904827 2.0153297 2.2275380 1.9830219 1.8233492 1.5843174 2.1233180 2.2672490 1.9889898 2.5272170 2.3306094 2.2519928 2.3795039 2.5059021 2.8301080 2.7106379 3.1452733 2.5704196 2.7236212 2.3852970 2.9425321 2.9774387 2.8974147 2.8714910 2.8953137 2.7828007 2.5701069 2.3022704 3.4440430 3.3122526 2.8672557 2.4192284 2.4705083 3.4142393 3.6677913 3.0473583 3.2038390 1.9547974 5.5398603 3.6971695 3.5808784 3.2615454 3.2615454 3.7095177 3.7081869 3.4213362 3.4790999 3.2990299 3.6691560 3.5516429 3.7467323 3.8548271 
Fspp_ffun1.m4.22848.m1                  2.4495875 2.4523852 2.0005273 2.3466674 2.0801394 0.0000000 0.5711246 0.5233581 0.5840716 0.6324433 0.6909254 1.2744539 1.7159340 1.5779693 1.6611309 2.0451791 2.1388821 1.7021909 1.7236308 1.7301425 1.9175449 1.8448876 2.3731881 2.3820254 3.0304202 2.4199784 2.6357925 2.4875903 2.7554148 2.7682598 2.4693443 2.4410557 2.4624887 2.0542349 2.1969919 2.4038370 3.1626651 3.0325768 2.6697908 1.9899896 2.0296348 3.9602328 3.3676839 2.8923380 2.9566626 2.3621195 4.4969026 3.0593406 2.5356777 2.6903327 2.6903327 2.8454806 2.8766723 2.5963985 2.6951871 2.6951871 2.8579253 2.8911021 2.8361643 3.1351412 
Spis_XP_022780640_1                     2.8044343 2.8834880 2.4579306 2.8071896 2.5911630 0.5711246 0.0000000 0.2207918 0.7584002 0.8105243 0.9956110 1.6005442 1.9689850 1.7520129 1.9066129 2.3720175 2.1558313 1.7233945 1.6809747 1.7341563 1.7865747 1.6753816 2.6076164 2.6257440 3.0218495 2.4830913 2.9324128 2.7094056 3.1208199 3.1208199 2.6859570 2.6974866 2.7200934 2.2653758 2.4463989 2.7618306 3.1470365 2.8436107 2.9202046 2.4130797 2.1796501 4.4759414 3.5444124 3.1018831 3.0864748 2.6213167 5.2010110 3.0946691 2.6801134 2.6777432 2.6777432 2.9149156 2.9209451 2.7958739 2.9275202 2.9076412 3.1296051 3.1743395 2.9448161 3.5342392 
Pocdam_XM_027183493.1                   2.6175080 2.6132615 2.3492398 2.6448610 2.2806034 0.5233581 0.2207918 0.0000000 0.6533097 0.7194261 0.9396279 1.5869170 1.7873286 1.7179725 1.8296782 2.2866980 2.2237688 1.7131772 1.6924130 1.6500446 1.7664906 1.7045008 2.7965741 2.6619389 2.9048277 2.4079355 2.9044590 2.7190384 3.1839273 3.1839273 2.6138634 2.6897390 2.7124700 2.0654064 2.3445030 2.6070661 3.2738887 2.9669804 2.7916466 2.2531009 2.3099280 4.5341686 3.3269447 2.9170732 2.9874566 2.3074585 5.2302743 3.0281038 2.4571667 2.5980981 2.5980981 2.8071608 2.8097716 2.4812808 2.6056650 2.5869416 2.8021706 2.7864501 2.7310436 3.3439928 
Amil_Amillepora06191-RA                 2.5279438 2.3691039 1.9645514 2.0865492 1.8904827 0.5840716 0.7584002 0.6533097 0.0000000 0.0091293 0.6213540 1.0893272 1.5245074 1.4585895 1.4859771 2.0517566 2.0632297 1.6870145 1.5544631 1.6123323 1.8144310 1.7581277 2.4379211 2.2061283 2.2259987 1.9910947 2.5136142 2.2118350 2.5672276 2.5672276 2.2183390 2.3411291 2.3449743 2.0556676 2.1160189 2.3246510 2.8925914 2.6398400 2.5234706 2.2195458 1.9462179 3.9343402 3.2630684 2.6676916 2.4483331 2.4474756 4.7483437 3.2771888 2.8134845 2.7827825 2.7827825 2.9372631 2.9725709 2.7134485 2.8136860 2.8159480 2.9594249 3.0025060 3.0957849 2.9342404 
Adig_XM_015896799.1                     2.5841759 2.4414844 2.0606666 2.2170329 2.0153297 0.6324433 0.8105243 0.7194261 0.0091293 0.0000000 0.6023500 1.1624858 1.6407179 1.5385859 1.5676037 2.1850431 2.1590973 1.6982194 1.5651010 1.6234421 1.7871187 1.7569403 2.8058087 2.4231547 2.3471201 2.1541938 2.7021583 2.3890222 2.7402866 2.7402866 2.3435800 2.5649503 2.5813321 2.1331672 2.2780316 2.4764595 2.9133598 2.6578714 2.7066362 2.2869645 2.0357564 4.2800676 3.3263205 2.9153367 2.5812443 2.4121044 4.8755667 3.2209828 2.7634671 2.7269833 2.7269833 2.8843250 2.9172161 2.6627247 2.7625855 2.7648662 2.9269616 2.9484367 3.0405088 2.8872001 
Gfas_gfas1.m1.6667.m1                   2.9872183 2.7442219 2.4470497 2.4473744 2.2275380 0.6909254 0.9956110 0.9396279 0.6213540 0.6023500 0.0000000 1.4387243 1.9385388 1.7031160 1.9438373 2.4307329 2.0046085 1.8475856 1.8013374 1.8146911 2.0831813 1.8258339 2.6831489 2.5372452 2.7628092 2.4674796 2.7189137 2.4620778 2.6378492 2.6378492 2.3781150 2.5043629 2.5258584 2.4917435 2.4081753 2.5141529 3.7959164 3.1675252 2.9204418 2.2384213 2.3883760 4.2673593 3.5335177 2.8007374 3.1746662 2.7927750 4.9109153 3.8317364 3.1778686 2.9553794 2.9553794 3.1837143 3.1807369 2.9899021 3.0516052 2.9794073 3.0764327 3.0347879 3.0950013 3.4018461 
Exapal_XM_021047285.2                   2.6981821 2.4564402 2.0542951 2.1699858 1.9830219 1.2744539 1.6005442 1.5869170 1.0893272 1.1624858 1.4387243 0.0000000 1.4826414 1.3835719 1.6131202 2.2995687 2.1495284 2.2281900 2.0260559 2.0189112 2.1517879 2.2617305 2.9325639 2.7521949 2.6411084 2.0902880 2.4832107 2.2979719 2.6723299 2.6676262 2.4580540 2.6413626 2.6580531 2.3197125 2.4822593 2.5567304 3.4675854 2.9999053 2.7574932 2.4900205 2.1209510 4.0896381 3.3446729 2.9219554 2.6847708 2.2754034 5.0800948 3.6905764 2.9446253 3.0530494 3.0530494 3.1967387 3.1967387 2.6721743 2.7742207 2.7742207 3.1897155 2.9181882 3.0744013 3.3011146 
Dgig_XM_028539951.1                     3.8660233 2.7770980 2.1460934 1.9680690 1.8233492 1.7159340 1.9689850 1.7873286 1.5245074 1.6407179 1.9385388 1.4826414 0.0000000 0.6649452 1.8774058 2.0807412 2.3907516 1.9912417 1.9225037 2.2035236 1.9584294 2.2900884 2.7206661 2.6830672 2.7895245 2.4313964 2.5800265 2.4477358 2.5906312 2.6009501 2.4900117 2.7536139 2.7700004 2.7114645 2.5128193 1.9993214 2.6091528 2.2681324 2.6296591 2.3180071 2.0760764 3.9052284 4.0431939 3.5217741 2.6576361 2.2710542 4.2150058 3.5203020 2.8764576 2.7966759 2.7966759 3.0537487 3.0590304 3.0484180 3.1855822 3.1855822 2.9873436 3.3883739 3.1693480 3.5424469 
Xesp_021608-T1                          3.8445973 2.6314920 1.8236136 1.6725350 1.5843174 1.5779693 1.7520129 1.7179725 1.4585895 1.5385859 1.7031160 1.3835719 0.6649452 0.0000000 1.9534277 2.3923314 2.4140054 2.1226785 2.0879496 2.3455130 2.1691155 2.7079094 3.6014714 3.3189351 2.5616884 2.2876206 2.5210805 2.4870727 2.4283434 2.4283434 2.4561990 2.6326324 2.6371253 2.7634533 2.3995408 1.8972128 3.1846309 2.5863814 2.9202624 2.0978631 1.9711514 3.6360382 3.4222358 3.2701034 2.7542136 2.3092496 4.5354578 4.0077563 3.2519296 2.9777342 2.9777342 3.2990277 3.2943431 3.3410531 3.4493718 3.4493718 3.4048604 3.5330853 3.5848059 3.7216302 
Bralan_BLAG03000833_1                   3.1901972 2.5806297 2.2231795 2.0975521 2.1233180 1.6611309 1.9066129 1.8296782 1.4859771 1.5676037 1.9438373 1.6131202 1.8774058 1.9534277 0.0000000 1.9691932 2.1310567 1.8605545 1.7890280 1.7961212 1.7613083 1.7309601 2.4300132 2.4760380 2.4025770 1.7610483 2.3493867 2.3416883 2.4923942 2.5027828 2.3387628 2.8482302 2.8726296 1.6625045 2.1086932 1.7530780 2.4713849 2.2191020 2.4579690 2.2183891 1.7899171 3.0347046 2.8014902 2.6433395 2.1048658 2.1585147 3.9529083 3.1990173 2.8230881 3.1032832 3.1032832 3.0650122 3.1533748 3.0278441 3.0889524 3.0889524 3.1888699 3.1655328 2.9663333 2.7454684 
Tetwil_g9262.t1                         3.2592508 3.0088871 2.2463009 2.4356644 2.2672490 2.0451791 2.3720175 2.2866980 2.0517566 2.1850431 2.4307329 2.2995687 2.0807412 2.3923314 1.9691932 0.0000000 1.4560618 2.0893447 1.8960338 1.8113228 2.0495066 2.1588693 2.7669352 2.4871233 2.3732430 3.0363925 2.9841468 2.9126272 2.9399132 2.9538525 3.0371518 3.2062191 3.2405958 2.2985555 2.9833933 2.2786668 3.5695043 3.0387511 2.8581501 2.1646307 2.5546614 3.9810852 2.6884296 2.4170542 2.9386484 2.6760474 4.4110546 3.2299081 2.8148174 3.0032953 3.0032953 3.0330395 2.9724435 2.9176660 2.9757226 2.9757226 3.0628640 3.4581806 2.7362335 3.3219883 
Spolac_c89949_g1_i1_m.5990c89949-g1     2.6113151 2.9947522 2.1941711 2.3157339 1.9889898 2.1388821 2.1558313 2.2237688 2.0632297 2.1590973 2.0046085 2.1495284 2.3907516 2.4140054 2.1310567 1.4560618 0.0000000 2.3280459 2.1391429 1.8519202 2.1286305 2.4396219 2.6882137 2.8324183 2.2057696 3.0345443 3.2869665 3.0138290 3.0099985 3.0099985 3.2588694 3.0077771 3.0305368 2.4108766 2.9899118 2.6466526 2.9658768 2.5161210 2.5586063 1.8872393 2.8328594 3.2418898 2.9851805 2.6155714 3.0946363 2.2212944 4.6998161 3.3028237 3.1773638 2.9471796 2.9471796 3.2420301 3.1629065 3.0174894 3.1144732 3.1144732 3.3878175 3.2836231 3.2667391 3.1533375 
Lcom_lcpid102717                        3.7458412 3.3004288 2.3283795 2.5240439 2.5272170 1.7021909 1.7233945 1.7131772 1.6870145 1.6982194 1.8475856 2.2281900 1.9912417 2.1226785 1.8605545 2.0893447 2.3280459 0.0000000 0.4804082 0.5112516 0.6306016 0.8399103 2.4545698 2.0852932 1.8884039 2.1472024 2.5774044 2.5830136 2.6951422 2.6951422 2.6395168 2.7860320 2.8133181 2.5219802 2.7391510 1.9468709 3.2088111 2.9716076 3.5363593 1.9983385 2.4271697 3.6682529 3.1630679 2.8151520 3.0403353 2.7018108 5.6619916 3.4109145 2.7392472 3.0140872 3.0140872 3.1728468 3.1728468 2.8732698 2.9404317 2.9404317 3.0878492 3.4595711 2.8814665 3.0624478 
Gracom_Gcom_scaffold16264_01            2.7314023 2.9047725 2.0806929 2.3727809 2.3306094 1.7236308 1.6809747 1.6924130 1.5544631 1.5651010 1.8013374 2.0260559 1.9225037 2.0879496 1.7890280 1.8960338 2.1391429 0.4804082 0.0000000 0.2705459 0.4395149 0.8278990 2.3007936 1.9906740 1.7579534 1.9430388 2.2759376 2.2975219 2.4262129 2.4262129 2.4224280 2.6181987 2.5953995 2.2339848 2.5550261 1.9520875 2.9590937 2.6556965 3.2837161 1.8055781 1.9203885 3.4612330 2.7731253 2.3906913 2.6863471 2.3914000 5.1267079 2.9317034 2.5810445 2.5618306 2.5618306 2.7004465 2.7004465 2.6680448 2.7516142 2.7516142 2.8373303 3.2025738 2.3393929 2.5615944 
Scil_scict025109.1                      2.8656919 3.0988344 1.9712689 2.3361748 2.2519928 1.7301425 1.7341563 1.6500446 1.6123323 1.6234421 1.8146911 2.0189112 2.2035236 2.3455130 1.7961212 1.8113228 1.8519202 0.5112516 0.2705459 0.0000000 0.5776769 0.8207077 2.0820169 2.0539374 1.6092345 2.0299081 2.3518901 2.3832173 2.4875608 2.4875608 2.5461093 2.7271586 2.7546363 2.1245025 2.6010066 2.0377456 3.0700084 2.7984497 3.2007769 1.9457172 2.0043123 3.3146143 2.7352910 2.6035427 2.7498965 2.4524155 5.5021800 2.7841924 2.5174578 2.6199285 2.6199285 2.6930272 2.6930272 2.3839409 2.4723038 2.4723038 2.6695876 2.7863932 2.1853478 2.4689420 
Leuniv_Lniv_scaffold24215_01            3.3729081 2.8411946 2.2239743 2.3760010 2.3795039 1.9175449 1.7865747 1.7664906 1.8144310 1.7871187 2.0831813 2.1517879 1.9584294 2.1691155 1.7613083 2.0495066 2.1286305 0.6306016 0.4395149 0.5776769 0.0000000 0.9774009 2.1701488 2.0958758 1.7579295 1.9250597 2.4878922 2.5627580 2.7001431 2.7001431 2.6881940 2.7476808 2.7728976 2.3264077 2.3710785 2.0486372 3.2025342 2.6209417 3.4174300 2.0616210 1.8589894 3.5783664 2.7970344 2.5797878 2.9750188 2.3861903 5.2131585 3.2924311 2.8707490 2.9871885 2.9871885 3.1576428 3.1576428 3.3851199 3.5024202 3.5024202 3.3253189 3.7776638 2.7414533 2.9995250 
Clacor_Ccor_scaffold11634_01            3.3337900 3.0500694 2.4355386 2.4765243 2.5059021 1.8448876 1.6753816 1.7045008 1.7581277 1.7569403 1.8258339 2.2617305 2.2900884 2.7079094 1.7309601 2.1588693 2.4396219 0.8399103 0.8278990 0.8207077 0.9774009 0.0000000 2.5846923 2.0680784 2.2128774 2.0791268 2.3991577 2.3113517 2.4833964 2.4833964 2.3518999 2.5214596 2.5039299 2.7115137 2.2827420 2.2777902 2.7264843 2.4766263 3.4039794 2.4203999 1.7386665 3.5025115 3.1888724 2.9124184 2.7190485 2.0781320 4.1246783 2.9285564 2.5236033 2.8310188 2.8310188 3.0701912 3.0701912 2.8275874 2.9047731 2.9047731 3.4301984 3.5069711 2.7896451 2.8605833 
Opea_EP00118_Oscarella_pearsei_P028533  3.8989404 4.0050342 3.0831601 3.1369164 2.8301080 2.3731881 2.6076164 2.7965741 2.4379211 2.8058087 2.6831489 2.9325639 2.7206661 3.6014714 2.4300132 2.7669352 2.6882137 2.4545698 2.3007936 2.0820169 2.1701488 2.5846923 0.0000000 0.0000010 1.5759984 3.1260078 2.9220845 2.7973043 2.9131587 2.9131587 3.0014763 2.9591751 2.9280332 2.9989277 3.1273661 3.1050327 3.6695962 3.6942197 3.6966376 3.1305923 2.6199146 2.7487210 3.8495120 3.3329363 3.7684583 3.6608968 5.2950464 3.0022043 2.8776320 3.2377750 3.2377750 3.4946666 3.4946666 3.7620847 3.9040923 3.9040923 3.5056228 3.3605973 3.7049927 3.6244343 
Ocar_g2062                              3.8511672 3.8778931 3.0891415 2.8684718 2.7106379 2.3820254 2.6257440 2.6619389 2.2061283 2.4231547 2.5372452 2.7521949 2.6830672 3.3189351 2.4760380 2.4871233 2.8324183 2.0852932 1.9906740 2.0539374 2.0958758 2.0680784 0.0000010 0.0000000 1.6855530 3.0672167 2.9337043 2.9941829 2.9704600 2.9704600 3.0713781 3.0441358 3.0236889 3.1142874 3.3433695 2.8710568 3.3367986 3.2160227 3.9515107 3.0106701 2.5160351 3.2499150 3.1895034 2.7320908 3.9432262 3.3805865 5.2822990 3.1614560 2.7480667 3.1796868 3.1796868 3.4865773 3.5292451 3.5268530 3.6170266 3.6170266 3.5405499 3.5527092 3.3798033 3.5071548 
Plajan_Pjan_C539424_01                  4.0275646 3.3090236 2.7851466 3.3737538 3.1452733 3.0304202 3.0218495 2.9048277 2.2259987 2.3471201 2.7628092 2.6411084 2.7895245 2.5616884 2.4025770 2.3732430 2.2057696 1.8884039 1.7579534 1.6092345 1.7579295 2.2128774 1.5759984 1.6855530 0.0000000 3.1191935 2.8358708 2.8605802 2.7920838 2.8285333 2.5384419 2.6841928 2.7049630 3.0245340 3.1126557 3.0149907 3.0360050 2.5329071 2.8447161 2.7425418 2.4908118 3.0748344 3.3639147 3.5441821 3.0750358 2.7941778 5.4884616 3.1473003 2.9832932 2.6682696 2.6682696 2.7846168 2.7846168 2.5442093 2.6632288 2.6632288 3.1387100 2.9334902 2.9981417 3.0492403 
Acagra_model.g825.t1                    3.6051755 2.9631712 2.4774545 2.5502721 2.5704196 2.4199784 2.4830913 2.4079355 1.9910947 2.1541938 2.4674796 2.0902880 2.4313964 2.2876206 1.7610483 3.0363925 3.0345443 2.1472024 1.9430388 2.0299081 1.9250597 2.0791268 3.1260078 3.0672167 3.1191935 0.0000000 2.9395155 2.5288746 2.9123307 2.9079346 2.5692364 2.7269511 2.7318769 2.3621584 2.1530556 2.1968195 2.9790558 2.7368531 2.4713148 2.3747259 2.5626013 3.8804485 3.6551026 2.9913982 2.9891338 2.3900692 5.4204339 4.0754812 3.5006609 3.5718362 3.5718362 4.0577173 4.0073458 3.4821205 3.5770373 3.5746322 3.7572300 4.1175901 3.2406907 3.7184811 
HoiH23_PlH23_002303-RA                  4.2793808 3.5224024 2.9477429 2.9754653 2.7236212 2.6357925 2.9324128 2.9044590 2.5136142 2.7021583 2.7189137 2.4832107 2.5800265 2.5210805 2.3493867 2.9841468 3.2869665 2.5774044 2.2759376 2.3518901 2.4878922 2.3991577 2.9220845 2.9337043 2.8358708 2.9395155 0.0000000 0.0864933 0.1486190 0.1486190 0.1908104 0.5265469 0.5300435 3.2117616 2.7149399 3.0427209 3.6894617 3.2291710 2.9902429 2.9895792 2.6674173 3.8513881 3.6076451 3.7365081 2.7440091 2.6900131 4.4204516 4.2846323 3.6574416 4.0492827 4.0492827 4.0220353 4.0378324 3.2365621 3.3795148 3.3308927 3.9326255 4.3290063 3.6566770 3.5087469 
HoiH06_mRNA6406                         4.1029632 3.3608710 2.6092768 2.6323570 2.3852970 2.4875903 2.7094056 2.7190384 2.2118350 2.3890222 2.4620778 2.2979719 2.4477358 2.4870727 2.3416883 2.9126272 3.0138290 2.5830136 2.2975219 2.3832173 2.5627580 2.3113517 2.7973043 2.9941829 2.8605802 2.5288746 0.0864933 0.0000000 0.1390338 0.1390338 0.1419665 0.5055374 0.5092034 2.9216824 2.7112929 3.0035260 3.4939213 3.1556468 2.7773472 2.7735493 2.6037288 3.8060554 3.6989084 3.8441422 2.3570990 2.4115684 4.4386993 3.8452515 3.2916025 3.8357469 3.8357469 3.8672931 3.8672931 3.2133909 3.3723235 3.3723235 3.4153409 4.1674202 3.3254377 3.4758426 
Hhon_g07623.t1                          4.1354685 3.4553545 3.0628286 3.1947311 2.9425321 2.7554148 3.1208199 3.1839273 2.5672276 2.7402866 2.6378492 2.6723299 2.5906312 2.4283434 2.4923942 2.9399132 3.0099985 2.6951422 2.4262129 2.4875608 2.7001431 2.4833964 2.9131587 2.9704600 2.7920838 2.9123307 0.1486190 0.1390338 0.0000000 0.0038702 0.1853954 0.5469747 0.5505916 3.3695808 2.7621363 3.0834676 3.6781952 3.1576660 3.0053616 3.1221104 2.6939783 4.0308709 3.7554694 3.7090120 2.7709773 2.6020672 4.6203126 4.1144304 3.6501792 4.2301722 4.2301722 4.1018061 4.1205126 3.5060774 3.6543643 3.6378612 3.7784970 4.6236625 3.7788079 3.6570911 
HoiH04_mRNA13694                        4.1354685 3.4255901 3.0677075 3.2096220 2.9774387 2.7682598 3.1208199 3.1839273 2.5672276 2.7402866 2.6378492 2.6676262 2.6009501 2.4283434 2.5027828 2.9538525 3.0099985 2.6951422 2.4262129 2.4875608 2.7001431 2.4833964 2.9131587 2.9704600 2.8285333 2.9079346 0.1486190 0.1390338 0.0038702 0.0000000 0.1853954 0.5469747 0.5505916 3.3835273 2.7669361 3.0900449 3.6781952 3.1576660 3.0053616 3.1276797 2.7014849 4.0417142 3.7379467 3.7163148 2.7664940 2.6020672 4.6203126 4.1144304 3.6501792 4.2301722 4.2301722 4.1018061 4.1205126 3.5060774 3.6543643 3.6378612 3.7784970 4.6236625 3.7788079 3.6570911 
HoiH11_mRNA1655                         3.8748709 3.2943999 2.7303195 3.0779045 2.8974147 2.4693443 2.6859570 2.6138634 2.2183390 2.3435800 2.3781150 2.4580540 2.4900117 2.4561990 2.3387628 3.0371518 3.2588694 2.6395168 2.4224280 2.5461093 2.6881940 2.3518999 3.0014763 3.0713781 2.5384419 2.5692364 0.1908104 0.1419665 0.1853954 0.1853954 0.0000000 0.3612072 0.3540876 3.1764065 2.6133919 2.7451395 3.8438116 3.1858085 3.1169122 2.7494627 2.3892585 3.7249407 3.4934056 3.5639083 2.8073238 2.5437242 4.1172382 3.9383249 3.7093017 4.3116218 4.3116218 4.1481848 4.2302343 3.5798059 3.7293511 3.6151411 3.9478458 4.5971677 3.6797040 3.5697405 
TrH2_TrispH2_007529-RA                  4.8478770 3.0496373 2.9863474 3.1381599 2.8714910 2.4410557 2.6974866 2.6897390 2.3411291 2.5649503 2.5043629 2.6413626 2.7536139 2.6326324 2.8482302 3.2062191 3.0077771 2.7860320 2.6181987 2.7271586 2.7476808 2.5214596 2.9591751 3.0441358 2.6841928 2.7269511 0.5265469 0.5055374 0.5469747 0.5469747 0.3612072 0.0000000 0.0087418 3.3808689 2.6225282 2.9748571 3.6369491 3.3658710 2.9472035 3.2043140 2.8958478 4.6775045 3.7518214 4.2388484 3.1642478 2.6729014 4.9801455 3.8051867 3.6353875 4.0440161 4.0440161 4.0016861 4.0017030 3.2847109 3.4318358 3.2876647 3.6048966 4.3419201 3.8039559 3.3269160 
Tadh_TriadT51936                        4.8831233 3.0890341 2.9969955 3.1641619 2.8953137 2.4624887 2.7200934 2.7124700 2.3449743 2.5813321 2.5258584 2.6580531 2.7700004 2.6371253 2.8726296 3.2405958 3.0305368 2.8133181 2.5953995 2.7546363 2.7728976 2.5039299 2.9280332 3.0236889 2.7049630 2.7318769 0.5300435 0.5092034 0.5505916 0.5505916 0.3540876 0.0087418 0.0000000 3.3869688 2.6269461 3.0021610 3.6139502 3.3367320 2.9591940 3.2125252 2.9016541 4.7710897 3.7490995 4.2501877 3.1694544 2.6557616 4.9689296 3.8345248 3.6631982 4.0739005 4.0739005 4.0303211 4.0313440 3.3124502 3.4593767 3.3151572 3.6333328 4.3716853 3.8316817 3.3528094 
Spur_XM_011683231.2                     2.8076336 2.9287889 2.5270219 3.0862852 2.7828007 2.0542349 2.2653758 2.0654064 2.0556676 2.1331672 2.4917435 2.3197125 2.7114645 2.7634533 1.6625045 2.2985555 2.4108766 2.5219802 2.2339848 2.1245025 2.3264077 2.7115137 2.9989277 3.1142874 3.0245340 2.3621584 3.2117616 2.9216824 3.3695808 3.3835273 3.1764065 3.3808689 3.3869688 0.0000000 2.4446764 2.3660440 3.0050606 2.5762140 2.6514310 2.1341363 2.0494671 3.7215162 3.2444676 2.7850104 2.4248419 2.4388357 5.4867854 3.3727842 2.9866128 3.5674955 3.5674955 3.4040369 3.5217933 3.5946453 3.5475137 3.4635924 3.3679641 3.4487761 3.1005788 3.4769258 
Cgig_XM_011437205.3                     3.1055641 2.8135806 2.5706244 2.6227266 2.5701069 2.1969919 2.4463989 2.3445030 2.1160189 2.2780316 2.4081753 2.4822593 2.5128193 2.3995408 2.1086932 2.9833933 2.9899118 2.7391510 2.5550261 2.6010066 2.3710785 2.2827420 3.1273661 3.3433695 3.1126557 2.1530556 2.7149399 2.7112929 2.7621363 2.7669361 2.6133919 2.6225282 2.6269461 2.4446764 0.0000000 2.7621715 2.8084987 2.2148860 2.4282377 2.5793224 2.2541956 3.6389956 3.4594140 3.2742663 2.5906031 2.1003238 3.4206773 3.6705759 2.9571556 3.7133173 3.7133173 3.5026581 3.6209087 3.4968879 3.5257322 3.5257322 3.4617796 3.8732295 3.4768433 3.5302548 
Hsap_ENST00000222567                    3.2740931 2.6382656 2.3291221 2.2309938 2.3022704 2.4038370 2.7618306 2.6070661 2.3246510 2.4764595 2.5141529 2.5567304 1.9993214 1.8972128 1.7530780 2.2786668 2.6466526 1.9468709 1.9520875 2.0377456 2.0486372 2.2777902 3.1050327 2.8710568 3.0149907 2.1968195 3.0427209 3.0035260 3.0834676 3.0900449 2.7451395 2.9748571 3.0021610 2.3660440 2.7621715 0.0000000 2.4955350 1.9814293 3.0176425 2.2645880 2.0363239 3.7910744 3.4694460 3.6977187 2.5007114 2.3790968 5.0731205 3.6551588 3.2717297 3.2560804 3.2560804 3.5210084 3.5905063 3.2184734 3.2227787 3.2227787 3.6061654 3.7025030 3.1591130 3.6443943 
Dpul_mRNA27784                          2.9765915 3.3944027 3.8887588 3.2103071 3.4440430 3.1626651 3.1470365 3.2738887 2.8925914 2.9133598 3.7959164 3.4675854 2.6091528 3.1846309 2.4713849 3.5695043 2.9658768 3.2088111 2.9590937 3.0700084 3.2025342 2.7264843 3.6695962 3.3367986 3.0360050 2.9790558 3.6894617 3.4939213 3.6781952 3.6781952 3.8438116 3.6369491 3.6139502 3.0050606 2.8084987 2.4955350 0.0000000 0.0501704 2.7033830 3.3717713 2.4504263 2.1934169 3.3822653 3.8230262 3.1772915 3.2303809 1.9659201 3.8459857 3.4629309 3.9568117 3.9568117 4.0600012 4.1037855 4.1092330 4.2853318 4.2352447 3.9123282 4.2738286 3.5128211 3.6321287 
Dpul_mRNA25964                          2.9271366 3.2084575 3.2253763 3.1509962 3.3122526 3.0325768 2.8436107 2.9669804 2.6398400 2.6578714 3.1675252 2.9999053 2.2681324 2.5863814 2.2191020 3.0387511 2.5161210 2.9716076 2.6556965 2.7984497 2.6209417 2.4766263 3.6942197 3.2160227 2.5329071 2.7368531 3.2291710 3.1556468 3.1576660 3.1576660 3.1858085 3.3658710 3.3367320 2.5762140 2.2148860 1.9814293 0.0501704 0.0000000 2.2400854 2.6555344 2.4016645 2.6471049 2.9415520 3.3754561 2.7006313 2.9183840 1.6096991 3.2823369 3.0361997 3.5386485 3.5386485 3.7129109 3.7129109 3.7312823 3.7312823 3.7312823 3.4054047 3.8195254 3.1356166 3.1391312 
Cscu_XM_023354915.1                     2.7878408 2.9839748 3.1290880 2.8781519 2.8672557 2.6697908 2.9202046 2.7916466 2.5234706 2.7066362 2.9204418 2.7574932 2.6296591 2.9202624 2.4579690 2.8581501 2.5586063 3.5363593 3.2837161 3.2007769 3.4174300 3.4039794 3.6966376 3.9515107 2.8447161 2.4713148 2.9902429 2.7773472 3.0053616 3.0053616 3.1169122 2.9472035 2.9591940 2.6514310 2.4282377 3.0176425 2.7033830 2.2400854 0.0000000 2.7200816 2.2354116 3.1270978 3.4801839 3.7702087 2.9249392 2.8840595 3.6811647 3.5631977 3.4224972 3.4517238 3.4517238 3.6611081 3.6258102 3.4321276 3.5439847 3.5790158 3.6706791 3.5618253 3.7926706 4.0094763 
Plespi_Pspi_scaffold19665_01            3.4068577 3.1768267 2.0592943 2.6470267 2.4192284 1.9899896 2.4130797 2.2531009 2.2195458 2.2869645 2.2384213 2.4900205 2.3180071 2.0978631 2.2183891 2.1646307 1.8872393 1.9983385 1.8055781 1.9457172 2.0616210 2.4203999 3.1305923 3.0106701 2.7425418 2.3747259 2.9895792 2.7735493 3.1221104 3.1276797 2.7494627 3.2043140 3.2125252 2.1341363 2.5793224 2.2645880 3.3717713 2.6555344 2.7200816 0.0000000 2.3078341 3.6022860 3.2182411 2.5950706 3.0663567 2.2673983 4.2823979 3.8692037 3.1764960 3.6325148 3.6325148 3.7022158 3.7022158 3.3905960 3.3253653 3.3253653 3.6549745 3.7013107 3.4758950 3.2883839 
Skow_XM_006814801.1                     2.8217472 2.7608724 1.9855143 2.6781446 2.4705083 2.0296348 2.1796501 2.3099280 1.9462179 2.0357564 2.3883760 2.1209510 2.0760764 1.9711514 1.7899171 2.5546614 2.8328594 2.4271697 1.9203885 2.0043123 1.8589894 1.7386665 2.6199146 2.5160351 2.4908118 2.5626013 2.6674173 2.6037288 2.6939783 2.7014849 2.3892585 2.8958478 2.9016541 2.0494671 2.2541956 2.0363239 2.4504263 2.4016645 2.2354116 2.3078341 0.0000000 2.9632112 3.2336144 2.6560427 2.3958808 2.7135694 4.2782111 3.0406269 2.8562264 3.1074731 3.1074731 3.2065131 3.2065131 2.8218303 2.9186010 2.9186010 3.1118943 3.4489463 2.6618614 3.3813031 
Tcas_TC032634_001                       3.8687151 3.9594007 3.3220045 4.0710718 3.4142393 3.9602328 4.4759414 4.5341686 3.9343402 4.2800676 4.2673593 4.0896381 3.9052284 3.6360382 3.0347046 3.9810852 3.2418898 3.6682529 3.4612330 3.3146143 3.5783664 3.5025115 2.7487210 3.2499150 3.0748344 3.8804485 3.8513881 3.8060554 4.0308709 4.0417142 3.7249407 4.6775045 4.7710897 3.7215162 3.6389956 3.7910744 2.1934169 2.6471049 3.1270978 3.6022860 2.9632112 0.0000000 4.7325317 3.8997700 3.2776275 3.2288888 6.1671985 5.2827736 4.9657015 5.6279495 5.6279495 5.9234002 5.9234002 4.6847608 4.8723632 4.8723632 6.4730399 5.1914790 5.3149362 6.7014285 
Aque_Aqu2.1.18086_001                   4.9501042 3.3308203 3.7944177 3.9775162 3.6677913 3.3676839 3.5444124 3.3269447 3.2630684 3.3263205 3.5335177 3.3446729 4.0431939 3.4222358 2.8014902 2.6884296 2.9851805 3.1630679 2.7731253 2.7352910 2.7970344 3.1888724 3.8495120 3.1895034 3.3639147 3.6551026 3.6076451 3.6989084 3.7554694 3.7379467 3.4934056 3.7518214 3.7490995 3.2444676 3.4594140 3.4694460 3.3822653 2.9415520 3.4801839 3.2182411 3.2336144 4.7325317 0.0000000 1.4992657 3.2772701 3.2277428 4.6891653 3.3077517 3.8779346 4.0438073 4.0438073 4.3452554 4.2932182 3.9036015 3.9310613 3.9310613 4.1630115 4.6380583 3.3907073 3.6364009 
Halamb_c44385_g2_i1m.17407              3.4192835 3.4012376 3.0013673 3.2240609 3.0473583 2.8923380 3.1018831 2.9170732 2.6676916 2.9153367 2.8007374 2.9219554 3.5217741 3.2701034 2.6433395 2.4170542 2.6155714 2.8151520 2.3906913 2.6035427 2.5797878 2.9124184 3.3329363 2.7320908 3.5441821 2.9913982 3.7365081 3.8441422 3.7090120 3.7163148 3.5639083 4.2388484 4.2501877 2.7850104 3.2742663 3.6977187 3.8230262 3.3754561 3.7702087 2.5950706 2.6560427 3.8997700 1.4992657 0.0000000 3.4387878 3.1768512 4.9580462 2.8155987 3.1186535 3.2815209 3.2815209 3.5856158 3.7148474 3.7400170 3.7542518 3.7542518 3.8296813 3.5063325 3.0367631 3.5744802 
Ctel_gnl_WGS_AMQN_CAPTEDRAFT_mRNA197917 2.8712809 2.5800646 2.8182389 3.3621410 3.2038390 2.9566626 3.0864748 2.9874566 2.4483331 2.5812443 3.1746662 2.6847708 2.6576361 2.7542136 2.1048658 2.9386484 3.0946363 3.0403353 2.6863471 2.7498965 2.9750188 2.7190485 3.7684583 3.9432262 3.0750358 2.9891338 2.7440091 2.3570990 2.7709773 2.7664940 2.8073238 3.1642478 3.1694544 2.4248419 2.5906031 2.5007114 3.1772915 2.7006313 2.9249392 3.0663567 2.3958808 3.2776275 3.2772701 3.4387878 0.0000000 3.1135485 4.6717208 4.1025810 3.3299515 3.5941480 3.5941480 3.5384443 3.4764237 3.1473026 3.2629732 3.3154298 3.3226989 3.8044314 3.6130176 3.7616701 
Morvir_scaffold87.g24.t1                2.7793008 2.3516668 1.8518451 2.2528746 1.9547974 2.3621195 2.6213167 2.3074585 2.4474756 2.4121044 2.7927750 2.2754034 2.2710542 2.3092496 2.1585147 2.6760474 2.2212944 2.7018108 2.3914000 2.4524155 2.3861903 2.0781320 3.6608968 3.3805865 2.7941778 2.3900692 2.6900131 2.4115684 2.6020672 2.6020672 2.5437242 2.6729014 2.6557616 2.4388357 2.1003238 2.3790968 3.2303809 2.9183840 2.8840595 2.2673983 2.7135694 3.2288888 3.2277428 3.1768512 3.1135485 0.0000000 4.7168059 3.3863344 3.2228125 3.2507389 3.2507389 3.2964071 3.4175903 3.6649866 3.6374017 3.5605638 3.1671723 3.1103113 3.8496301 3.2333594 
Dpul_mRNA20559                          4.1461592 5.2427196 5.0902760 5.4893496 5.5398603 4.4969026 5.2010110 5.2302743 4.7483437 4.8755667 4.9109153 5.0800948 4.2150058 4.5354578 3.9529083 4.4110546 4.6998161 5.6619916 5.1267079 5.5021800 5.2131585 4.1246783 5.2950464 5.2822990 5.4884616 5.4204339 4.4204516 4.4386993 4.6203126 4.6203126 4.1172382 4.9801455 4.9689296 5.4867854 3.4206773 5.0731205 1.9659201 1.6096991 3.6811647 4.2823979 4.2782111 6.1671985 4.6891653 4.9580462 4.6717208 4.7168059 0.0000000 4.3185418 5.0914294 6.2778221 6.2778221 5.5936431 5.7618186 4.7712464 4.7805886 4.7805886 5.6129245 5.5908373 4.6367134 4.6547295 
Vmul_Simscaffold6249_01                 5.7652663 3.7031730 4.0564671 3.7610407 3.6971695 3.0593406 3.0946691 3.0281038 3.2771888 3.2209828 3.8317364 3.6905764 3.5203020 4.0077563 3.1990173 3.2299081 3.3028237 3.4109145 2.9317034 2.7841924 3.2924311 2.9285564 3.0022043 3.1614560 3.1473003 4.0754812 4.2846323 3.8452515 4.1144304 4.1144304 3.9383249 3.8051867 3.8345248 3.3727842 3.6705759 3.6551588 3.8459857 3.2823369 3.5631977 3.8692037 3.0406269 5.2827736 3.3077517 2.8155987 4.1025810 3.3863344 4.3185418 0.0000000 1.1548637 1.2658242 1.2658242 1.3274950 1.3596845 1.2252795 1.2250091 1.2027166 1.2742806 1.3541246 1.2507521 0.7337301 
Horcal_Hcv1.av93.c5.g505.i1             3.8009773 3.2736641 3.3880351 3.4857843 3.5808784 2.5356777 2.6801134 2.4571667 2.8134845 2.7634671 3.1778686 2.9446253 2.8764576 3.2519296 2.8230881 2.8148174 3.1773638 2.7392472 2.5810445 2.5174578 2.8707490 2.5236033 2.8776320 2.7480667 2.9832932 3.5006609 3.6574416 3.2916025 3.6501792 3.6501792 3.7093017 3.6353875 3.6631982 2.9866128 2.9571556 3.2717297 3.4629309 3.0361997 3.4224972 3.1764960 2.8562264 4.9657015 3.8779346 3.1186535 3.3299515 3.2228125 5.0914294 1.1548637 0.0000000 0.5572539 0.5572539 0.5217398 0.5432511 0.5763992 0.5702404 0.5830788 0.5763619 0.6546879 0.6762543 1.0776857 
Bolinf_Binf_sb1179051                   5.2234355 3.3407058 3.4864297 3.2803881 3.2615454 2.6903327 2.6777432 2.5980981 2.7827825 2.7269833 2.9553794 3.0530494 2.7966759 2.9777342 3.1032832 3.0032953 2.9471796 3.0140872 2.5618306 2.6199285 2.9871885 2.8310188 3.2377750 3.1796868 2.6682696 3.5718362 4.0492827 3.8357469 4.2301722 4.2301722 4.3116218 4.0440161 4.0739005 3.5674955 3.7133173 3.2560804 3.9568117 3.5386485 3.4517238 3.6325148 3.1074731 5.6279495 4.0438073 3.2815209 3.5941480 3.2507389 6.2778221 1.2658242 0.5572539 0.0000000 0.0000010 0.1387828 0.1387828 0.4101177 0.4013716 0.4086089 0.3197625 0.3573882 0.6329202 1.1618858 
Mertsp_Mesp_sb612519                    5.2234355 3.3407058 3.4864297 3.2803881 3.2615454 2.6903327 2.6777432 2.5980981 2.7827825 2.7269833 2.9553794 3.0530494 2.7966759 2.9777342 3.1032832 3.0032953 2.9471796 3.0140872 2.5618306 2.6199285 2.9871885 2.8310188 3.2377750 3.1796868 2.6682696 3.5718362 4.0492827 3.8357469 4.2301722 4.2301722 4.3116218 4.0440161 4.0739005 3.5674955 3.7133173 3.2560804 3.9568117 3.5386485 3.4517238 3.6325148 3.1074731 5.6279495 4.0438073 3.2815209 3.5941480 3.2507389 6.2778221 1.2658242 0.5572539 0.0000010 0.0000000 0.1387828 0.1387828 0.4101177 0.4013716 0.4086089 0.3197625 0.3573882 0.6329202 1.1618858 
Mlei_ML1747.g60.i1                      5.0843928 3.3363586 3.3875674 3.7055471 3.7095177 2.8454806 2.9149156 2.8071608 2.9372631 2.8843250 3.1837143 3.1967387 3.0537487 3.2990277 3.0650122 3.0330395 3.2420301 3.1728468 2.7004465 2.6930272 3.1576428 3.0701912 3.4946666 3.4865773 2.7846168 4.0577173 4.0220353 3.8672931 4.1018061 4.1018061 4.1481848 4.0016861 4.0303211 3.4040369 3.5026581 3.5210084 4.0600012 3.7129109 3.6611081 3.7022158 3.2065131 5.9234002 4.3452554 3.5856158 3.5384443 3.2964071 5.5936431 1.3274950 0.5217398 0.1387828 0.1387828 0.0000000 0.0000010 0.3848392 0.3771626 0.3836020 0.2592018 0.3434611 0.6054648 1.0597497 
Vmul_sbMO482943                         5.5370336 3.3776685 3.5195687 3.7040858 3.7081869 2.8766723 2.9209451 2.8097716 2.9725709 2.9172161 3.1807369 3.1967387 3.0590304 3.2943431 3.1533748 2.9724435 3.1629065 3.1728468 2.7004465 2.6930272 3.1576428 3.0701912 3.4946666 3.5292451 2.7846168 4.0073458 4.0378324 3.8672931 4.1205126 4.1205126 4.2302343 4.0017030 4.0313440 3.5217933 3.6209087 3.5905063 4.1037855 3.7129109 3.6258102 3.7022158 3.2065131 5.9234002 4.2932182 3.7148474 3.4764237 3.4175903 5.7618186 1.3596845 0.5432511 0.1387828 0.1387828 0.0000010 0.0000000 0.3848392 0.3771626 0.3836020 0.2592018 0.3560968 0.6182881 1.0794081 
Bolinf_Binf_sb1213059                   4.8664311 3.4603433 3.4774358 3.3666624 3.4213362 2.5963985 2.7958739 2.4812808 2.7134485 2.6627247 2.9899021 2.6721743 3.0484180 3.3410531 3.0278441 2.9176660 3.0174894 2.8732698 2.6680448 2.3839409 3.3851199 2.8275874 3.7620847 3.5268530 2.5442093 3.4821205 3.2365621 3.2133909 3.5060774 3.5060774 3.5798059 3.2847109 3.3124502 3.5946453 3.4968879 3.2184734 4.1092330 3.7312823 3.4321276 3.3905960 2.8218303 4.6847608 3.9036015 3.7400170 3.1473026 3.6649866 4.7712464 1.2252795 0.5763992 0.4101177 0.4101177 0.3848392 0.3848392 0.0000000 0.0000010 0.0064134 0.4190455 0.4442619 0.5263021 0.9361914 
Mertsp_Mesp_sb548807                    5.3946219 3.4831554 3.5362738 3.4253120 3.4790999 2.6951871 2.9275202 2.6056650 2.8136860 2.7625855 3.0516052 2.7742207 3.1855822 3.4493718 3.0889524 2.9757226 3.1144732 2.9404317 2.7516142 2.4723038 3.5024202 2.9047731 3.9040923 3.6170266 2.6632288 3.5770373 3.3795148 3.3723235 3.6543643 3.6543643 3.7293511 3.4318358 3.4593767 3.5475137 3.5257322 3.2227787 4.2853318 3.7312823 3.5439847 3.3253653 2.9186010 4.8723632 3.9310613 3.7542518 3.2629732 3.6374017 4.7805886 1.2250091 0.5702404 0.4013716 0.4013716 0.3771626 0.3771626 0.0000010 0.0000000 0.0061658 0.4097010 0.4527473 0.5333430 0.9649380 
Mertsp_Mesp_sb548808                    5.3946219 3.4503704 3.4794545 3.2522134 3.2990299 2.6951871 2.9076412 2.5869416 2.8159480 2.7648662 2.9794073 2.7742207 3.1855822 3.4493718 3.0889524 2.9757226 3.1144732 2.9404317 2.7516142 2.4723038 3.5024202 2.9047731 3.9040923 3.6170266 2.6632288 3.5746322 3.3308927 3.3723235 3.6378612 3.6378612 3.6151411 3.2876647 3.3151572 3.4635924 3.5257322 3.2227787 4.2352447 3.7312823 3.5790158 3.3253653 2.9186010 4.8723632 3.9310613 3.7542518 3.3154298 3.5605638 4.7805886 1.2027166 0.5830788 0.4086089 0.4086089 0.3836020 0.3836020 0.0064134 0.0061658 0.0000000 0.4301418 0.4757607 0.5339971 0.9251869 
Drygla_Dgla_sb296033                    5.4919108 3.4573621 3.4689896 3.6623601 3.6691560 2.8579253 3.1296051 2.8021706 2.9594249 2.9269616 3.0764327 3.1897155 2.9873436 3.4048604 3.1888699 3.0628640 3.3878175 3.0878492 2.8373303 2.6695876 3.3253189 3.4301984 3.5056228 3.5405499 3.1387100 3.7572300 3.9326255 3.4153409 3.7784970 3.7784970 3.9478458 3.6048966 3.6333328 3.3679641 3.4617796 3.6061654 3.9123282 3.4054047 3.6706791 3.6549745 3.1118943 6.4730399 4.1630115 3.8296813 3.3226989 3.1671723 5.6129245 1.2742806 0.5763619 0.3197625 0.3197625 0.2592018 0.2592018 0.4190455 0.4097010 0.4301418 0.0000000 0.3934505 0.7763693 1.1314228 
Beraby_Baby_sb331206                    4.9969330 3.2993046 3.7420816 3.5682928 3.5516429 2.8911021 3.1743395 2.7864501 3.0025060 2.9484367 3.0347879 2.9181882 3.3883739 3.5330853 3.1655328 3.4581806 3.2836231 3.4595711 3.2025738 2.7863932 3.7776638 3.5069711 3.3605973 3.5527092 2.9334902 4.1175901 4.3290063 4.1674202 4.6236625 4.6236625 4.5971677 4.3419201 4.3716853 3.4487761 3.8732295 3.7025030 4.2738286 3.8195254 3.5618253 3.7013107 3.4489463 5.1914790 4.6380583 3.5063325 3.8044314 3.1103113 5.5908373 1.3541246 0.6546879 0.3573882 0.3573882 0.3434611 0.3560968 0.4442619 0.4527473 0.4757607 0.3934505 0.0000000 0.7141385 1.1826873 
Lampan_Lpan_11036_01                    5.6117660 3.4904505 3.7130900 3.5746789 3.7467323 2.8361643 2.9448161 2.7310436 3.0957849 3.0405088 3.0950013 3.0744013 3.1693480 3.5848059 2.9663333 2.7362335 3.2667391 2.8814665 2.3393929 2.1853478 2.7414533 2.7896451 3.7049927 3.3798033 2.9981417 3.2406907 3.6566770 3.3254377 3.7788079 3.7788079 3.6797040 3.8039559 3.8316817 3.1005788 3.4768433 3.1591130 3.5128211 3.1356166 3.7926706 3.4758950 2.6618614 5.3149362 3.3907073 3.0367631 3.6130176 3.8496301 4.6367134 1.2507521 0.6762543 0.6329202 0.6329202 0.6054648 0.6182881 0.5263021 0.5333430 0.5339971 0.7763693 0.7141385 0.0000000 1.0935077 
Coemet_Cmet_C593919_01                  6.4855023 3.4769895 3.8293019 3.7640085 3.8548271 3.1351412 3.5342392 3.3439928 2.9342404 2.8872001 3.4018461 3.3011146 3.5424469 3.7216302 2.7454684 3.3219883 3.1533375 3.0624478 2.5615944 2.4689420 2.9995250 2.8605833 3.6244343 3.5071548 3.0492403 3.7184811 3.5087469 3.4758426 3.6570911 3.6570911 3.5697405 3.3269160 3.3528094 3.4769258 3.5302548 3.6443943 3.6321287 3.1391312 4.0094763 3.2883839 3.3813031 6.7014285 3.6364009 3.5744802 3.7616701 3.2333594 4.6547295 0.7337301 1.0776857 1.1618858 1.1618858 1.0597497 1.0794081 0.9361914 0.9649380 0.9251869 1.1314228 1.1826873 1.0935077 0.0000000 
