73
Hvul_g2147_1                                            0.0000000 2.2705726 1.2420004 1.3155004 1.3033192 1.2903493 1.3529970 1.3735908 1.3149681 1.3235956 1.3457305 1.5677993 1.8398000 5.2547204 1.7820546 1.6878603 1.6878603 1.5616400 1.5716617 0.7413079 1.4130478 1.4064419 1.1504483 1.1575658 1.2185215 1.1717958 1.8616306 2.3895776 2.1202728 2.4131071 2.0635164 3.1602484 2.9193112 2.7627257 5.4251248 2.5829002 2.5895937 2.8914586 1.9121468 1.7564368 1.7852320 1.8584976 1.8584976 1.9170397 1.7617916 1.7617916 2.5172294 2.0004886 2.4201626 2.4107705 2.2634666 2.0118373 2.0716300 1.8177915 2.0629326 3.8938484 3.7448948 3.8011906 3.8239277 3.5316575 3.4214609 0.0000010 3.7434848 4.5330051 5.9868138 5.0236184 4.2451432 3.8558223 3.4147308 1.5822971 1.8496889 2.6348869 3.0822204 
Adig_XM_015914438.1                                     2.2705726 0.0000000 0.4743980 0.3912752 0.4636823 0.4584331 1.4998998 0.2309383 0.5808085 0.8470721 0.6648893 1.3931485 1.2517384 0.0000010 1.9892173 2.0179928 1.9926905 1.3013995 1.7102429 0.0000010 3.6255371 2.0773374 1.3890277 1.6696686 1.8679281 1.7049854 1.6130051 1.8321129 1.6928471 1.7509464 1.5884359 2.8078621 2.9368096 2.7519679 3.0446651 2.4996112 2.5355656 2.9005688 0.0000010 1.5892617 1.6995093 1.7580233 1.7580233 2.2532131 1.7002861 1.7002861 2.5966841 0.0000010 2.9127639 2.9127639 3.6561375 1.8890253 1.7778104 1.7910091 1.7121104 3.2308739 3.2187532 3.2786046 3.1984264 2.0735348 0.0000010 0.0000010 3.8279950 0.0000010 0.0000010 0.0000010 6.4099449 3.1426160 3.0586653 2.5037361 1.6768535 3.5888462 4.0323973 
Fspp_ffun1.m4.22389.m1                                  1.2420004 0.4743980 0.0000000 0.0819867 0.1296240 0.1383440 0.1990446 0.1805783 0.1389274 0.4733717 0.4776404 0.9771666 1.0100622 0.6478787 0.8910675 1.0706710 1.0706710 0.8145293 0.8617609 0.8393626 1.2784192 0.9167997 0.8181766 0.8320365 0.8642660 0.8371385 1.2118280 1.4857886 1.4690155 1.5044284 1.2891097 2.3405738 2.2376868 2.1716391 1.4928524 2.0227228 2.0243047 2.2253478 1.7700515 1.4198810 1.4961832 1.4289072 1.4878267 1.5605163 1.4825541 1.5061679 1.9072608 1.7098576 1.8066577 1.7950008 1.7081624 1.5513325 1.5077171 1.4338138 1.3443237 2.7221983 3.2545759 3.2900696 3.2796122 2.9957122 3.7953585 2.0175715 3.0532692 3.2274564 3.9222596 3.7814707 3.1945056 3.4672898 2.4214170 1.6380882 1.2500865 2.2353790 2.1835092 
Gasp_gasp1.m3.28228.m1                                  1.3155004 0.3912752 0.0819867 0.0000000 0.1153802 0.1242568 0.2228443 0.1975054 0.1427500 0.4624729 0.4804011 0.9785478 1.0207019 0.6487225 0.9631110 1.1376296 1.1341814 0.8552025 0.8824394 0.8409106 1.3160925 0.9631851 0.8481011 0.8407118 0.9044061 0.8681304 1.2326328 1.5620345 1.4866904 1.5528838 1.3013575 2.3053333 2.2317113 2.1952527 1.5009601 2.0661516 2.1349825 2.2729182 1.7717457 1.4385718 1.5287649 1.4506943 1.5073668 1.5910830 1.4866170 1.5092027 2.1745668 1.7544581 1.8719386 1.8604650 1.7171663 1.5875995 1.5955565 1.4662223 1.3905224 2.9752513 3.2032103 3.2481582 3.2237228 2.9423606 3.7158550 2.0262752 3.1271993 3.2012176 4.2177518 3.7369318 3.0923407 3.5559656 2.7972693 1.8892553 1.3203059 2.3485923 2.1595362 
Spis_XP_022785886_1                                     1.3033192 0.4636823 0.1296240 0.1153802 0.0000000 0.0520265 0.2486994 0.2275345 0.1674469 0.4769185 0.4707942 1.0311518 1.0955235 0.6472850 1.0034961 1.1550753 1.1516281 0.8773417 0.9422324 0.8878439 1.3897054 0.9894919 0.8914302 0.8760171 0.9451449 0.9156374 1.2519348 1.5854679 1.5295819 1.5805734 1.3845930 2.3607238 2.2661805 2.2952162 1.5886046 2.0895886 2.1279755 2.3043919 1.8764445 1.5116199 1.5985055 1.5308951 1.5896984 1.6740504 1.5661195 1.6000556 2.1998104 1.7161079 1.8833971 1.8718937 1.7003269 1.6116460 1.5792735 1.4639302 1.4059734 2.8709828 3.2732511 3.3177977 3.2923945 3.0385827 4.0254119 1.9899689 3.0675198 3.2524018 4.5901988 3.9303750 3.1553631 3.6777306 2.6764198 1.8631671 1.3746313 2.3137736 2.2564494 
Pocdam_XM_027187382.1                                   1.2903493 0.4584331 0.1383440 0.1242568 0.0520265 0.0000000 0.2522279 0.2273437 0.1811572 0.4799912 0.4864872 1.0410655 1.1049298 0.6470112 0.9993693 1.1595464 1.1561185 0.8662645 0.9218965 0.8704255 1.3849382 1.0000076 0.8989409 0.9120157 0.9497001 0.9216192 1.2886083 1.5939049 1.5393313 1.5871323 1.3783379 2.3473084 2.2770327 2.2908370 1.5634994 2.0875185 2.1297901 2.3106706 1.8231103 1.4983771 1.5872424 1.5172874 1.5755524 1.6615746 1.5359347 1.5676489 2.2031882 1.7625301 1.9259111 1.9141641 1.7476734 1.5880590 1.5876850 1.4673945 1.4299113 3.0522711 3.2831931 3.3162645 3.3034434 3.0601560 4.0525950 2.0217989 3.1210774 3.2421677 4.5631881 3.9246967 3.2511108 3.7026080 2.6530568 1.8243432 1.3535375 2.2970530 2.2352437 
Amil_Amillepora04631-RA                                 1.3529970 1.4998998 0.1990446 0.2228443 0.2486994 0.2522279 0.0000000 0.0175101 0.1747600 0.4646681 0.5214302 0.9989995 1.0367218 0.6756850 0.9347150 1.0968528 1.0968528 0.8560872 0.9044654 0.8680050 1.1779694 0.9207555 0.9092913 0.8345591 0.8626033 0.8184805 1.2478392 1.6089251 1.5215732 1.6475186 1.3630300 2.4283135 2.3344582 2.3180499 1.5900069 2.3061970 2.9405822 2.6299120 1.9295075 1.6513357 1.7589329 1.6781424 1.7754588 1.7742750 1.6612825 1.7282791 8.9999987 1.7641001 1.8832859 1.8670618 1.7249720 1.6349470 2.3098230 1.4557596 1.5104477 0.0000010 3.5230669 3.5699179 3.5646555 3.0894410 4.1012806 2.1461160 3.2723550 3.2875742 4.1635247 3.8242802 3.3114754 4.7536131 3.4723192 2.9158355 1.3743452 2.7010027 2.0261900 
Adig_XM_015914437.1                                     1.3735908 0.2309383 0.1805783 0.1975054 0.2275345 0.2273437 0.0175101 0.0000000 0.1748306 0.5096753 0.5049026 1.0174581 1.0816870 0.6756850 1.0027093 1.1836184 1.1800083 0.8727435 0.9194407 0.8468228 1.3971480 0.9923958 0.9495955 0.9032991 0.9398879 0.9085837 1.2640366 1.5888717 1.5193200 1.6081725 1.3636303 2.4482959 2.3762517 2.3135993 1.6006530 2.1432669 2.2702128 2.4226299 1.9295075 1.5230359 1.6112756 1.5472623 1.6129689 1.6724373 1.5394402 1.5774787 2.1562074 1.9087939 1.9463898 1.9340534 1.8011302 1.5822651 1.5884557 1.4213492 1.4581449 2.9355578 3.3402568 3.3892199 3.3732424 3.0806386 3.9338574 2.0806545 3.2080758 3.2992091 3.8538531 3.7596919 3.2800655 3.6046937 2.7063739 1.8849403 1.2526911 2.4107701 2.1754283 
Gfas_gfas1.m1.10437.m1                                  1.3149681 0.5808085 0.1389274 0.1427500 0.1674469 0.1811572 0.1747600 0.1748306 0.0000000 0.4354416 0.4556842 0.9817548 1.0038633 0.6304094 0.9721987 1.0964278 1.0926421 0.8693458 0.9116754 0.8480976 1.1848538 0.8890731 0.8630424 0.8280731 0.8697381 0.8273977 1.2643680 1.5506629 1.4940938 1.5367679 1.3351115 2.3847969 2.3152311 2.2336936 1.4736040 2.1103653 2.2952357 2.3510514 1.7896635 1.5327120 1.6210712 1.5298476 1.5970881 1.6662860 1.5466832 1.5899779 2.2872912 1.7605507 1.8214563 1.8089951 1.6760961 1.6111084 1.5228718 1.5253107 1.4092609 2.1584425 3.2897786 3.3058162 3.3040362 2.9911145 3.7007416 2.0855877 3.1430625 3.1737948 4.0128769 3.8093549 3.1229362 3.7661616 2.8184627 1.9109300 1.2714367 2.5263867 2.1327325 
Nvec_v1g161593                                          1.3235956 0.8470721 0.4733717 0.4624729 0.4769185 0.4799912 0.4646681 0.5096753 0.4354416 0.0000000 0.4522538 0.9890895 1.0868171 0.7174391 1.0410253 1.1650605 1.1615097 0.9078433 0.9839777 0.8434660 1.4763577 1.0515581 1.0073845 0.9745166 1.0032702 0.9808682 1.2591334 1.6112102 1.4737190 1.5426015 1.3048344 2.2216764 2.2539414 2.1619578 1.4084843 2.0642201 2.3099253 2.3113576 1.9375682 1.4198871 1.5002069 1.4340118 1.4725304 1.5542059 1.4295670 1.4554468 2.5030288 1.7008880 1.8138436 1.8024635 1.5784184 1.5823422 1.5037343 1.4886539 1.4482551 2.6707625 3.1099045 3.1655619 3.1508649 2.7358242 3.3871102 1.9853879 3.0517086 2.9731472 3.7326190 3.4512875 3.1671906 3.2303666 2.5839782 1.9034152 1.2696107 2.2921867 2.1855751 
Exapal_XM_021037706.2                                   1.3457305 0.6648893 0.4776404 0.4804011 0.4707942 0.4864872 0.5214302 0.5049026 0.4556842 0.4522538 0.0000000 1.0180913 1.1238011 0.7069329 1.0391224 1.2094251 1.2058681 0.9208739 1.0058648 0.9100470 1.5008430 1.0230939 0.9451819 0.9603925 0.9909536 0.9499324 1.2598932 1.6379593 1.5379478 1.5806415 1.3222113 2.3706824 2.2987692 2.2838114 1.5521002 2.1204235 2.2247153 2.4280801 1.9762227 1.4886657 1.5678655 1.5176554 1.5486105 1.6176107 1.4974668 1.5248013 2.2290542 1.6854828 1.8288055 1.8173725 1.6050591 1.6930618 1.4633837 1.5089115 1.4196595 2.7494628 3.1515761 3.1968021 3.1987393 2.9198914 4.0241599 2.1030798 3.0754757 3.0791897 4.9310756 3.8696929 3.2397674 3.6043490 2.6415533 1.6872357 1.2960904 2.5128632 2.1367070 
Bralan_BLAG03001249_1                                   1.5677993 1.3931485 0.9771666 0.9785478 1.0311518 1.0410655 0.9989995 1.0174581 0.9817548 0.9890895 1.0180913 0.0000000 0.8393604 0.4558067 0.6584545 1.0336091 1.0336091 1.1779081 1.1140918 1.0404937 1.6155773 1.2793058 1.2640074 1.2361200 1.2160344 1.1955445 1.1076226 1.6572946 1.6489550 1.7057952 1.2419326 2.4058725 2.2575370 2.2396040 1.4677194 2.0670906 2.4634273 2.3394033 1.7619439 1.5653671 1.6312070 1.5224782 1.5962620 1.6808512 1.5313934 1.6017752 2.4352052 1.8540297 1.9813053 1.9687486 1.7964548 1.7937961 1.7630661 1.1869640 1.3152346 3.1946934 3.3740634 3.5297920 3.5131172 3.1455121 4.5995019 2.1829317 3.3153058 3.1661945 5.8709289 4.0975258 3.5896920 4.2772569 2.7540811 1.7729722 1.1541435 2.3800308 2.2289093 
Spur_XM_030985311.1                                     1.8398000 1.2517384 1.0100622 1.0207019 1.0955235 1.1049298 1.0367218 1.0816870 1.0038633 1.0868171 1.1238011 0.8393604 0.0000000 0.4272080 0.8632777 1.1310782 1.1310782 1.2845749 1.3324857 1.0542154 1.7644490 1.4448838 1.3398556 1.3735182 1.4027002 1.3839165 1.1254153 1.6502240 1.5389119 1.7636765 1.2604348 2.5286000 2.3868463 2.3390667 1.5140376 2.0174782 2.7343512 2.4194940 1.9085664 1.5705732 1.6703756 1.5648876 1.6509119 1.7376470 1.5314317 1.5830108 2.6862413 1.8169767 2.0493062 2.0400220 1.7934692 1.7100863 1.7804865 1.3559627 1.4526828 2.8438611 3.2913927 3.4128647 3.3988039 3.0635473 4.0507520 2.2835398 3.4067541 3.3329593 5.8568133 4.0767919 3.5650099 4.0038655 3.0677499 2.0514017 1.0075044 2.5311626 2.1545797 
Skow_XM_006812771.1                                     5.2547204 0.0000010 0.6478787 0.6487225 0.6472850 0.6470112 0.6756850 0.6756850 0.6304094 0.7174391 0.7069329 0.4558067 0.4272080 0.0000000 0.4935183 0.5354078 0.5354078 0.7559245 0.6830938 0.7707472 0.8879787 0.8128638 0.9087835 0.6793173 0.7118792 0.7316603 0.7188608 0.8125330 0.6978892 0.7887627 0.9134459 1.6857863 1.4449731 1.4329825 1.0652466 1.1756357 2.7541078 1.5740273 1.5027399 1.0198611 1.3170214 1.0318254 1.2859732 1.2893190 1.0469686 1.0636545 0.0000010 2.4656993 1.0794746 1.0794746 1.0794746 0.9346112 4.5583383 0.9938881 1.0582217 0.0000010 2.1469961 2.2097627 2.2097627 1.9680087 2.4442636 1.5564609 2.4006398 2.4317844 3.4011040 3.4011040 2.4100828 2.6961573 0.0000010 1.9057901 2.6429054 1.2671410 1.2472751 
Hsap_ENST00000369248                                    1.7820546 1.9892173 0.8910675 0.9631110 1.0034961 0.9993693 0.9347150 1.0027093 0.9721987 1.0410253 1.0391224 0.6584545 0.8632777 0.4935183 0.0000000 1.0058786 1.0058786 1.2050999 1.2767741 1.0339402 1.7199281 1.3491701 1.2821696 1.2923521 1.2701661 1.2596042 1.1660350 1.6798835 1.5271213 1.6483580 1.2231519 2.5356161 2.3962143 2.3088293 1.5481565 2.0694120 2.3998816 2.3375466 1.7423678 1.6046788 1.6720931 1.5819634 1.6504739 1.7524252 1.5924553 1.6524594 2.0214458 2.0436220 1.9335094 1.9272548 1.8030229 1.6604453 1.7808308 0.9461205 1.4633780 3.9158923 3.3697771 3.4523790 3.4711168 3.4307023 4.7749884 2.3553421 3.6517925 3.3958383 5.2062813 4.5138351 3.7420785 4.4709590 3.3544163 1.8472247 0.9750026 2.2994502 2.0982919 
Acagra_model.g18071.t1                                  1.6878603 2.0179928 1.0706710 1.1376296 1.1550753 1.1595464 1.0968528 1.1836184 1.0964278 1.1650605 1.2094251 1.0336091 1.1310782 0.5354078 1.0058786 0.0000000 0.0000010 1.3188135 1.2490595 1.0198013 1.7636526 1.3954531 1.3870036 1.3600708 1.2876937 1.3143539 0.8248371 1.8630310 1.6501209 1.7421042 1.1980789 2.5145704 2.2670797 2.3645719 1.5574456 2.1880468 2.3352048 2.3334453 1.7328086 1.6832871 1.7756466 1.6917006 1.7619671 1.7805149 1.7066747 1.7856414 2.3810085 1.9181294 1.8806948 1.8776513 1.6852131 1.7296053 2.0882914 1.6412558 1.4094459 3.6729892 3.1606686 3.2427962 3.2559856 2.7978739 3.8994130 2.0112395 2.9472242 2.6610550 4.1135929 3.1646693 3.3120606 3.6077468 2.8128067 1.7887604 1.6162141 2.3333954 2.1946702 
Acagra_model.g18071.t1.1.5d3b8945                       1.6878603 1.9926905 1.0706710 1.1341814 1.1516281 1.1561185 1.0968528 1.1800083 1.0926421 1.1615097 1.2058681 1.0336091 1.1310782 0.5354078 1.0058786 0.0000010 0.0000000 1.3150814 1.2490595 1.0198013 1.7636526 1.3954531 1.3870036 1.3559528 1.2876937 1.3143539 0.8237706 1.8583384 1.6469192 1.7367192 1.1980789 2.5051094 2.2583622 2.3555509 1.5574456 2.1801581 2.3161770 2.3246449 1.7328086 1.6832579 1.7669840 1.6872634 1.7574482 1.7806339 1.7066792 1.7857679 2.3869548 1.9181294 1.8811157 1.8780674 1.6852131 1.7213371 2.0685490 1.6412558 1.4094459 3.6729892 3.1606686 3.2427962 3.2559856 2.7978739 3.8994130 2.0112395 2.9472242 2.6610550 4.1135929 3.1646693 3.3120606 3.5901412 2.7906296 1.7887604 1.6162141 2.3164652 2.1946702 
Dgig_XM_028535721.1                                     1.5616400 1.3013995 0.8145293 0.8552025 0.8773417 0.8662645 0.8560872 0.8727435 0.8693458 0.9078433 0.9208739 1.1779081 1.2845749 0.7559245 1.2050999 1.3188135 1.3150814 0.0000000 0.3473234 0.8897889 1.6183792 1.0716065 1.0374883 1.0751345 1.0656740 1.0938129 1.4911982 1.6766915 1.5853880 1.6609284 1.4841486 2.7121617 2.4879575 2.4132116 1.5454624 2.2572914 2.7238207 2.6409864 2.1796953 1.6000834 1.6639471 1.6213384 1.6471373 1.7452057 1.6719085 1.7343105 2.0682710 2.0116355 1.9556200 1.9431809 1.8280448 1.7127352 1.8370797 1.6151275 1.6282556 2.5348105 3.3182620 3.3223664 3.3349387 3.1269304 4.3848009 2.1800490 3.1895086 3.1458143 3.9521436 3.7980544 3.6204994 3.8118882 2.5741202 1.9213805 1.5090804 2.6505983 2.3105871 
Xesp_013788-T1                                          1.5716617 1.7102429 0.8617609 0.8824394 0.9422324 0.9218965 0.9044654 0.9194407 0.9116754 0.9839777 1.0058648 1.1140918 1.3324857 0.6830938 1.2767741 1.2490595 1.2490595 0.3473234 0.0000000 0.8428939 1.4251208 1.0446303 1.0483577 1.0266071 0.9843715 0.9699754 1.3925454 1.5666953 1.4932927 1.5835924 1.4198255 2.4560958 2.4081119 2.2303728 1.4419860 2.1427899 2.6858005 2.5797303 2.0264433 1.7134115 1.8058413 1.7444399 1.8076208 1.8800127 1.7852733 1.8697030 2.4493748 1.9932393 1.8662344 1.8527261 1.6945377 1.7221411 1.6429224 1.7117430 1.6765631 2.2708802 3.4263754 3.4862994 3.5069946 3.2135255 4.5435299 2.3023314 3.1754060 3.2379728 3.9257619 3.8483811 3.4967447 4.1366759 3.0238705 1.9567248 1.7755419 2.7213063 2.2687678 
Hvul_g2142_1                                            0.7413079 0.0000010 0.8393626 0.8409106 0.8878439 0.8704255 0.8680050 0.8468228 0.8480976 0.8434660 0.9100470 1.0404937 1.0542154 0.7707472 1.0339402 1.0198013 1.0198013 0.8897889 0.8428939 0.0000000 0.4746605 0.6500422 0.7802025 0.6255678 0.6580745 0.6603149 1.0850006 1.2371989 1.2028153 1.2714211 1.2052118 2.0921503 1.8979498 1.9014745 1.7349952 1.6348868 0.0000010 2.0173292 1.7766182 1.6003095 1.8413025 1.6065597 1.8690318 1.8349985 1.6011135 1.6139975 0.0000010 1.5316590 1.3454539 1.3454539 1.3454539 1.3130321 7.8883080 1.7107079 1.3374885 0.0000010 2.3271220 2.3783389 2.3783389 2.0305735 0.0000010 1.7867186 2.0280647 2.1828459 0.0000010 1.8996696 2.3051784 0.0000010 0.0000010 3.3912865 0.0000010 0.0000010 1.7559050 
Chem_TCONS_00034757                                     1.4130478 3.6255371 1.2784192 1.3160925 1.3897054 1.3849382 1.1779694 1.3971480 1.1848538 1.4763577 1.5008430 1.6155773 1.7644490 0.8879787 1.7199281 1.7636526 1.7636526 1.6183792 1.4251208 0.4746605 0.0000000 1.1018729 1.2701881 1.2364072 1.2832909 1.2613331 1.7708893 2.1211451 2.1295389 2.1078899 1.9355008 2.8847649 2.6202999 2.5233669 1.6751912 2.6155712 4.5557545 3.0070418 1.8819679 2.1006519 2.2399696 2.0977529 2.1960365 2.2567448 2.1176580 2.2431678 5.7851558 1.7213615 2.2018751 2.1924179 1.6308642 2.1425190 5.8053357 2.1043622 2.0816760 5.7999506 3.6865843 3.7259168 3.7098297 2.8064906 3.2072696 2.1187976 3.5433340 3.0284773 5.2189367 3.8599568 3.3067064 4.8811191 7.1275607 3.6511983 2.9464159 3.8725886 2.3519834 
Morvir_scaffold99.g62.t1                                1.4064419 2.0773374 0.9167997 0.9631851 0.9894919 1.0000076 0.9207555 0.9923958 0.8890731 1.0515581 1.0230939 1.2793058 1.4448838 0.8128638 1.3491701 1.3954531 1.3954531 1.0716065 1.0446303 0.6500422 1.1018729 0.0000000 0.7901711 0.7029135 0.7241426 0.7307452 1.2643872 1.8843156 1.7772559 1.9396131 1.6020393 2.7907089 2.6641359 2.4416234 1.5601249 2.4908141 3.6769293 2.8452377 2.0877683 1.7158131 1.8247554 1.7520100 1.8335619 1.8671227 1.7258990 1.7789614 4.3318333 1.8776247 2.0154368 2.0004487 1.8369795 1.9065485 2.8925105 1.8900180 1.8085219 3.5484663 3.3682419 3.4130490 3.4029799 3.1891173 4.9236169 2.0622520 3.1328895 3.0170782 5.0385145 3.9177635 3.4367595 4.0968678 3.6110349 2.8250797 1.8766835 2.8103691 2.1257890 
Sanmal_Sma_008442-T2                                    1.1504483 1.3890277 0.8181766 0.8481011 0.8914302 0.8989409 0.9092913 0.9495955 0.8630424 1.0073845 0.9451819 1.2640074 1.3398556 0.9087835 1.2821696 1.3870036 1.3870036 1.0374883 1.0483577 0.7802025 1.2701881 0.7901711 0.0000000 0.3831627 0.4377133 0.4106575 1.3675231 1.7445711 1.6536972 1.8437187 1.5805385 2.5710940 2.2873252 2.1641974 1.4054380 2.1860219 2.2164923 2.4281576 1.9897667 1.6173004 1.6585462 1.5982231 1.6389680 1.7074551 1.6429791 1.7000465 1.9182401 1.8035409 1.8720990 1.8601417 1.7747241 1.6945574 1.6000454 1.7056068 1.7168945 2.5147406 3.0432283 3.1663225 3.1650754 3.0470588 4.0301583 2.1744810 3.0825490 3.3012430 5.1660857 3.7659906 3.5428496 3.7091924 2.5502514 1.5180055 1.5258935 2.3108669 2.2973507 
Aaur_scaffold2551.g1.t1                                 1.1575658 1.6696686 0.8320365 0.8407118 0.8760171 0.9120157 0.8345591 0.9032991 0.8280731 0.9745166 0.9603925 1.2361200 1.3735182 0.6793173 1.2923521 1.3600708 1.3559528 1.0751345 1.0266071 0.6255678 1.2364072 0.7029135 0.3831627 0.0000000 0.3205811 0.2874380 1.4094605 1.7884038 1.6859158 1.8054535 1.4699396 2.4114947 2.3343485 2.1525373 1.3316390 2.1667767 2.6078625 2.4240443 1.5933367 1.6584790 1.6994349 1.6826335 1.6874512 1.7433861 1.6541618 1.7215426 2.5745011 1.8439557 1.9418733 1.9278404 1.7392354 1.7278679 1.9879900 1.6466711 1.7593256 4.4724014 3.1638588 3.1970400 3.1925923 2.9510847 4.1199349 1.9529019 2.9878708 2.8436986 5.1232760 3.7018634 3.0658307 4.0710728 3.0197205 1.8273334 1.6301361 2.0845969 2.3304094 
Nemnom_g8743.t1                                         1.2185215 1.8679281 0.8642660 0.9044061 0.9451449 0.9497001 0.8626033 0.9398879 0.8697381 1.0032702 0.9909536 1.2160344 1.4027002 0.7118792 1.2701661 1.2876937 1.2876937 1.0656740 0.9843715 0.6580745 1.2832909 0.7241426 0.4377133 0.3205811 0.0000000 0.1049676 1.3738713 1.7384892 1.6365387 1.8314241 1.4427084 2.4449830 2.2731481 2.1597028 1.4115058 2.0870740 2.2884800 2.2531651 1.7279340 1.6409666 1.7394625 1.6446692 1.7271958 1.7602069 1.6746113 1.7292539 2.5953953 1.9601150 1.9422616 1.9298210 1.7401314 1.6840330 1.9718086 1.6828039 1.7063009 3.0918106 3.1710396 3.2631857 3.2636989 2.9680896 4.2136314 2.0833720 3.1301461 3.0903677 5.2296141 3.9045856 3.4991732 4.0090136 2.6944207 1.7294428 1.6982989 2.0944530 2.2771694 
Rhoesc_Res_002971-T1                                    1.1717958 1.7049854 0.8371385 0.8681304 0.9156374 0.9216192 0.8184805 0.9085837 0.8273977 0.9808682 0.9499324 1.1955445 1.3839165 0.7316603 1.2596042 1.3143539 1.3143539 1.0938129 0.9699754 0.6603149 1.2613331 0.7307452 0.4106575 0.2874380 0.1049676 0.0000000 1.3630904 1.7275692 1.6268401 1.7924093 1.4559903 2.4281698 2.2928758 2.1926267 1.4072171 2.1058986 2.2685905 2.2849090 1.7492950 1.6105296 1.7049641 1.6195039 1.7003218 1.7475510 1.6225908 1.6824599 2.5942787 1.9527508 1.9487219 1.9362286 1.7481015 1.6348292 1.9419516 1.6864642 1.6916148 2.9831975 3.0953372 3.1944150 3.1950688 2.9263258 4.0364570 2.1112955 3.0172453 3.0443577 4.9514413 3.7273481 3.4588661 3.9194220 2.4885885 1.6498313 1.7086428 2.1274273 2.2263326 
Cgig_XM_034471541.1                                     1.8616306 1.6130051 1.2118280 1.2326328 1.2519348 1.2886083 1.2478392 1.2640366 1.2643680 1.2591334 1.2598932 1.1076226 1.1254153 0.7188608 1.1660350 0.8248371 0.8237706 1.4911982 1.3925454 1.0850006 1.7708893 1.2643872 1.3675231 1.4094605 1.3738713 1.3630904 0.0000000 1.7338023 1.7081946 1.8119522 1.1667444 2.3968200 2.2948590 2.2003357 1.6796908 2.3211589 2.6701856 2.5734332 1.7212566 1.7486196 1.8573837 1.7473345 1.8281222 1.9501363 1.7325474 1.7737699 2.5703925 1.9147413 2.0467891 2.0357028 1.7995090 1.7914242 2.1968734 1.7162046 1.4312060 2.9893763 3.2883022 3.4037207 3.4148520 3.3568078 4.6525461 2.3939440 3.3092076 3.2846089 5.4224826 3.9498185 3.8420276 3.7469682 2.5515996 1.8980725 1.4150276 2.1870116 2.1942058 
Lcom_lcpid53347                                         2.3895776 1.8321129 1.4857886 1.5620345 1.5854679 1.5939049 1.6089251 1.5888717 1.5506629 1.6112102 1.6379593 1.6572946 1.6502240 0.8125330 1.6798835 1.8630310 1.8583384 1.6766915 1.5666953 1.2371989 2.1211451 1.8843156 1.7445711 1.7884038 1.7384892 1.7275692 1.7338023 0.0000000 0.5181309 0.4648194 1.9271255 2.5394854 2.4010821 2.3717200 1.4181897 2.1997602 2.6608188 2.5457858 1.7757229 2.1116783 2.2194370 2.1309823 2.2074566 2.3334569 2.1414526 2.1874085 1.9854176 2.0183897 1.8743411 1.8649138 1.7846826 1.7093260 1.2735349 1.8820751 2.1121137 3.1193285 3.3410747 3.4546701 3.4335037 3.5752838 4.8065179 2.2078497 3.4806810 3.2984620 6.0345887 4.2521905 3.3208326 3.6794704 2.6892308 2.1842425 2.3021474 2.5001544 2.2176657 
Gracom_Gcom_scaffold15558_01                            2.1202728 1.6928471 1.4690155 1.4866904 1.5295819 1.5393313 1.5215732 1.5193200 1.4940938 1.4737190 1.5379478 1.6489550 1.5389119 0.6978892 1.5271213 1.6501209 1.6469192 1.5853880 1.4932927 1.2028153 2.1295389 1.7772559 1.6536972 1.6859158 1.6365387 1.6268401 1.7081946 0.5181309 0.0000000 0.4255955 1.7632612 2.3804622 2.2849107 2.3024986 1.4332803 2.0762269 2.3423098 2.3490028 1.8485562 1.9104383 2.0103614 1.9688406 2.0403392 2.1295609 2.0264026 2.0702413 1.9548975 2.0225646 1.8220638 1.8174347 1.7565476 1.5584003 1.1592322 1.8240138 2.0119461 3.2353740 3.3193129 3.4030786 3.3893525 3.3839391 4.2925772 2.2807214 3.4338411 3.2958037 6.5046642 4.1402634 3.3760874 3.6827321 2.5323080 2.2353728 2.1159684 2.2167204 2.1451892 
Leuniv_Lniv_scaffold23770_01                            2.4131071 1.7509464 1.5044284 1.5528838 1.5805734 1.5871323 1.6475186 1.6081725 1.5367679 1.5426015 1.5806415 1.7057952 1.7636765 0.7887627 1.6483580 1.7421042 1.7367192 1.6609284 1.5835924 1.2714211 2.1078899 1.9396131 1.8437187 1.8054535 1.8314241 1.7924093 1.8119522 0.4648194 0.4255955 0.0000000 1.7701203 2.5012383 2.3731940 2.3594206 1.4477368 2.1348450 2.3877810 2.3615171 1.7699893 2.0310390 2.0940089 2.0690918 2.1306214 2.2766919 2.1089521 2.1428282 1.7484068 2.1950706 1.9089695 1.8992967 1.9129050 1.7168692 1.1194998 1.9061111 2.0859701 3.3677270 3.5578688 3.6077706 3.6109062 3.6548137 4.7879352 2.3687539 3.6317587 3.4996507 5.5880921 4.3290180 3.3385387 3.6728912 2.6081230 2.1342407 2.1704106 2.1874665 2.1999436 
Ctel_gnl_WGS_AMQN_CAPTEDRAFT_mRNA169972                 2.0635164 1.5884359 1.2891097 1.3013575 1.3845930 1.3783379 1.3630300 1.3636303 1.3351115 1.3048344 1.3222113 1.2419326 1.2604348 0.9134459 1.2231519 1.1980789 1.1980789 1.4841486 1.4198255 1.2052118 1.9355008 1.6020393 1.5805385 1.4699396 1.4427084 1.4559903 1.1667444 1.9271255 1.7632612 1.7701203 0.0000000 2.4076726 2.3127492 2.3028904 1.8260322 2.2103673 3.0845926 2.5928902 1.8922471 1.7636628 1.8608141 1.7608585 1.8255663 1.9406465 1.7535419 1.7936768 3.2794282 1.8853183 2.1010333 2.0937629 1.7978071 1.9246005 1.9620239 1.6716904 1.7610913 2.8484314 3.1201643 3.1821514 3.2077257 3.0654885 4.1802973 2.3174756 3.2836575 3.1895355 6.8206203 4.0482165 3.3983303 3.6599988 2.9164550 1.9206867 1.6132001 2.2398739 2.2983171 
Aque_Aqu2.1.40689_001                                   3.1602484 2.8078621 2.3405738 2.3053333 2.3607238 2.3473084 2.4283135 2.4482959 2.3847969 2.2216764 2.3706824 2.4058725 2.5286000 1.6857863 2.5356161 2.5145704 2.5051094 2.7121617 2.4560958 2.0921503 2.8847649 2.7907089 2.5710940 2.4114947 2.4449830 2.4281698 2.3968200 2.5394854 2.3804622 2.5012383 2.4076726 0.0000000 0.3708499 0.5384894 1.5291114 1.3767373 1.6585064 1.6601813 1.4938705 2.6929772 2.7965767 2.6102495 2.7182696 2.9674270 2.6494299 2.7565500 2.2890111 2.5161151 2.4927693 2.4927693 2.5249496 2.3632140 2.4269958 2.8222056 2.9452077 3.1057480 3.7873823 3.8150595 3.7766053 3.5425189 4.5788044 2.3865716 3.9795278 3.4608656 5.6499155 4.5924979 3.2533748 4.1043503 3.3738127 2.8941470 2.8585513 1.5932795 1.9622649 
Halamb_c41869_g1_i3mm.1014                              2.9193112 2.9368096 2.2376868 2.2317113 2.2661805 2.2770327 2.3344582 2.3762517 2.3152311 2.2539414 2.2987692 2.2575370 2.3868463 1.4449731 2.3962143 2.2670797 2.2583622 2.4879575 2.4081119 1.8979498 2.6202999 2.6641359 2.2873252 2.3343485 2.2731481 2.2928758 2.2948590 2.4010821 2.2849107 2.3731940 2.3127492 0.3708499 0.0000000 0.4871257 1.5466253 1.3322426 1.7661620 1.6924372 1.6128996 2.5852633 2.6835535 2.5058201 2.6059538 2.8232261 2.5280121 2.6466157 2.3608045 2.4405829 2.4524416 2.4524416 2.3826327 2.3515542 2.3364482 2.5527675 2.6964824 3.1416459 3.8855193 3.9895830 3.9542972 3.5828669 5.5920290 2.2772880 4.0378567 3.7184073 7.9592491 5.1412633 3.4301756 4.8541048 3.8783788 3.0839150 2.7723208 1.5533727 1.9233092 
Xestes_maker-XT_scaffold140162-augustus-gene-0.5-mRNA-1 2.7627257 2.7519679 2.1716391 2.1952527 2.2952162 2.2908370 2.3180499 2.3135993 2.2336936 2.1619578 2.2838114 2.2396040 2.3390667 1.4329825 2.3088293 2.3645719 2.3555509 2.4132116 2.2303728 1.9014745 2.5233669 2.4416234 2.1641974 2.1525373 2.1597028 2.1926267 2.2003357 2.3717200 2.3024986 2.3594206 2.3028904 0.5384894 0.4871257 0.0000000 1.4225441 1.3428695 1.5432082 1.6832016 1.5699131 2.6031643 2.6959397 2.5600196 2.6495409 2.9365812 2.6468977 2.7422737 2.2655144 2.6884885 2.5095123 2.5095123 2.5305179 2.2335626 2.2035440 2.7277094 2.7288958 3.3782849 3.6067890 3.6770258 3.6643107 3.3268531 4.4330436 2.2850715 3.7242571 3.4738049 6.2304679 4.6855312 3.2738971 4.0605021 3.3187776 3.3621759 2.6888488 1.4935577 1.9713637 
Stycar_maker-SC_scaffold13880-augustus-gene-0.2-mRNA-1  5.4251248 3.0446651 1.4928524 1.5009601 1.5886046 1.5634994 1.5900069 1.6006530 1.4736040 1.4084843 1.5521002 1.4677194 1.5140376 1.0652466 1.5481565 1.5574456 1.5574456 1.5454624 1.4419860 1.7349952 1.6751912 1.5601249 1.4054380 1.3316390 1.4115058 1.4072171 1.6796908 1.4181897 1.4332803 1.4477368 1.8260322 1.5291114 1.5466253 1.4225441 0.0000000 0.8059155 3.0966999 1.7232395 1.2013619 1.9017782 1.9151320 1.9973995 1.9973995 2.1258466 2.1467436 2.8421769 9.0000000 3.3782708 1.9200392 1.9200392 1.8011963 1.5712380 5.1637441 1.8640337 2.1381748 0.0000010 2.7362146 2.7362146 2.7362146 2.2474345 0.0000010 2.3644870 2.8806210 2.8597302 0.0000010 6.5247078 2.4827188 6.4172182 4.4987150 8.9999980 2.3265728 5.2436117 1.7740742 
Tetwil_g8489.t1                                         2.5829002 2.4996112 2.0227228 2.0661516 2.0895886 2.0875185 2.3061970 2.1432669 2.1103653 2.0642201 2.1204235 2.0670906 2.0174782 1.1756357 2.0694120 2.1880468 2.1801581 2.2572914 2.1427899 1.6348868 2.6155712 2.4908141 2.1860219 2.1667767 2.0870740 2.1058986 2.3211589 2.1997602 2.0762269 2.1348450 2.2103673 1.3767373 1.3322426 1.3428695 0.8059155 0.0000000 1.2024944 1.2636415 1.2397500 2.4476068 2.5451264 2.4305373 2.5313724 2.7263298 2.4730392 2.5886797 1.8034620 2.1857206 2.0778966 2.0778966 2.1481655 2.0821116 2.1456567 2.5297331 2.4191874 3.9508222 3.5475187 3.6294407 3.6200963 3.2604660 3.9903342 2.3369213 3.5147998 3.4143214 4.3170464 4.4228980 3.2459615 3.8657489 2.8429836 2.6884985 2.4217471 0.9479680 1.8470812 
Spolac_c97271_g4_i1_m.14631c97271-g4                    2.5895937 2.5355656 2.0243047 2.1349825 2.1279755 2.1297901 2.9405822 2.2702128 2.2952357 2.3099253 2.2247153 2.4634273 2.7343512 2.7541078 2.3998816 2.3352048 2.3161770 2.7238207 2.6858005 0.0000010 4.5557545 3.6769293 2.2164923 2.6078625 2.2884800 2.2685905 2.6701856 2.6608188 2.3423098 2.3877810 3.0845926 1.6585064 1.7661620 1.5432082 3.0966999 1.2024944 0.0000000 0.3186350 0.6666944 2.5986496 2.5989390 2.6910460 2.6850213 3.1013875 2.7268841 2.7268841 2.0124695 1.4815011 2.2188763 2.2188763 2.5627795 2.1114066 2.1732613 2.5034421 2.8002885 4.0944087 3.7078723 3.8429048 3.8138465 3.2878781 3.2846337 0.0000010 3.5792136 3.1985850 3.1364960 3.2394109 4.0361413 3.8128526 2.7540911 2.3959678 2.4923508 1.3893357 2.2560410 
Emue_Em0013g318a.t1                                     2.8914586 2.9005688 2.2253478 2.2729182 2.3043919 2.3106706 2.6299120 2.4226299 2.3510514 2.3113576 2.4280801 2.3394033 2.4194940 1.5740273 2.3375466 2.3334453 2.3246449 2.6409864 2.5797303 2.0173292 3.0070418 2.8452377 2.4281576 2.4240443 2.2531651 2.2849090 2.5734332 2.5457858 2.3490028 2.3615171 2.5928902 1.6601813 1.6924372 1.6832016 1.7232395 1.2636415 0.3186350 0.0000000 0.2087943 2.5264844 2.6055360 2.5337414 2.6039071 2.8728183 2.5995092 2.6753276 2.0319699 2.7380230 2.3175810 2.3175810 2.3499074 2.3522973 2.5249895 2.6324695 2.9703299 3.9591983 4.1666066 4.1920821 4.1799140 3.7360083 5.5803452 2.4746354 4.0389768 4.2475218 6.1763238 5.5488071 3.7243147 4.3930158 2.9640439 2.7587955 2.7124835 1.3213746 1.8844534 
Spolac_c8114_g1_i1_m.291c8114-g1                        1.9121468 0.0000010 1.7700515 1.7717457 1.8764445 1.8231103 1.9295075 1.9295075 1.7896635 1.9375682 1.9762227 1.7619439 1.9085664 1.5027399 1.7423678 1.7328086 1.7328086 2.1796953 2.0264433 1.7766182 1.8819679 2.0877683 1.9897667 1.5933367 1.7279340 1.7492950 1.7212566 1.7757229 1.8485562 1.7699893 1.8922471 1.4938705 1.6128996 1.5699131 1.2013619 1.2397500 0.6666944 0.2087943 0.0000000 2.2693867 2.4943664 2.2418309 2.4403150 2.6302146 2.3483095 2.5417125 0.0000010 2.0578184 1.7006896 1.7006896 1.7006896 1.7012870 4.2435107 1.9606329 2.2419989 0.0000010 2.7730403 2.7928882 2.7928882 2.2411392 2.1038176 2.0739238 2.8805914 2.9133125 9.0000000 8.9999985 2.5423954 2.8787385 9.0000000 3.4733558 3.8925020 2.8265518 1.5085210 
HoiH23_PlH23_003252-RA                                  1.7564368 1.5892617 1.4198810 1.4385718 1.5116199 1.4983771 1.6513357 1.5230359 1.5327120 1.4198871 1.4886657 1.5653671 1.5705732 1.0198611 1.6046788 1.6832871 1.6832579 1.6000834 1.7134115 1.6003095 2.1006519 1.7158131 1.6173004 1.6584790 1.6409666 1.6105296 1.7486196 2.1116783 1.9104383 2.0310390 1.7636628 2.6929772 2.5852633 2.6031643 1.9017782 2.4476068 2.5986496 2.5264844 2.2693867 0.0000000 0.0526141 0.0840832 0.1085931 0.1655424 0.1921255 0.1988542 1.9954761 2.1422753 2.0551137 2.0583501 2.0125994 1.8616615 1.9808890 2.0503839 1.7621576 3.1816794 3.8535217 3.9295254 3.8967282 3.7301631 5.3620784 2.6381727 3.8513084 3.7355608 6.3690869 4.2464934 3.6956204 4.4470245 2.7945194 1.9445649 1.6441128 2.6398796 2.3761163 
HoiH06_mRNA1170                                         1.7852320 1.6995093 1.4961832 1.5287649 1.5985055 1.5872424 1.7589329 1.6112756 1.6210712 1.5002069 1.5678655 1.6312070 1.6703756 1.3170214 1.6720931 1.7756466 1.7669840 1.6639471 1.8058413 1.8413025 2.2399696 1.8247554 1.6585462 1.6994349 1.7394625 1.7049641 1.8573837 2.2194370 2.0103614 2.0940089 1.8608141 2.7965767 2.6835535 2.6959397 1.9151320 2.5451264 2.5989390 2.6055360 2.4943664 0.0526141 0.0000000 0.0956198 0.1002973 0.1671898 0.2133067 0.2213272 2.0792719 2.1207560 2.1728544 2.1763015 2.1434696 1.9538571 2.0117795 2.1050317 1.8622348 3.4102644 4.0321494 4.1185674 4.1018226 3.8021170 5.4450162 2.6436792 4.1120117 4.1360706 6.3384938 4.4020404 3.9337392 4.5355700 2.8569359 1.9417582 1.6566011 2.6770183 2.5284168 
Hhon_g02279.t1                                          1.8584976 1.7580233 1.4289072 1.4506943 1.5308951 1.5172874 1.6781424 1.5472623 1.5298476 1.4340118 1.5176554 1.5224782 1.5648876 1.0318254 1.5819634 1.6917006 1.6872634 1.6213384 1.7444399 1.6065597 2.0977529 1.7520100 1.5982231 1.6826335 1.6446692 1.6195039 1.7473345 2.1309823 1.9688406 2.0690918 1.7608585 2.6102495 2.5058201 2.5600196 1.9973995 2.4305373 2.6910460 2.5337414 2.2418309 0.0840832 0.0956198 0.0000000 0.0220000 0.1489975 0.1894555 0.1940849 2.0544931 2.1658021 2.0800425 2.0833108 2.0257763 1.8586169 1.9457537 2.0044399 1.7933495 2.9883277 3.9313089 4.0070235 3.9645232 3.6120892 5.1180158 2.6823336 3.8425990 3.7554174 6.0247739 4.1993248 3.7562287 4.4468134 2.9233435 1.9830327 1.5868611 2.6009313 2.4167095 
HoiH04_mRNA15049                                        1.8584976 1.7580233 1.4878267 1.5073668 1.5896984 1.5755524 1.7754588 1.6129689 1.5970881 1.4725304 1.5486105 1.5962620 1.6509119 1.2859732 1.6504739 1.7619671 1.7574482 1.6471373 1.8076208 1.8690318 2.1960365 1.8335619 1.6389680 1.6874512 1.7271958 1.7003218 1.8281222 2.2074566 2.0403392 2.1306214 1.8255663 2.7182696 2.6059538 2.6495409 1.9973995 2.5313724 2.6850213 2.6039071 2.4403150 0.1085931 0.1002973 0.0220000 0.0000000 0.1498631 0.2160981 0.2223509 2.0544931 2.1658021 2.1490000 2.1523856 2.1183431 1.9367035 1.9457537 2.0551032 1.8759276 2.9883277 3.9992754 4.1209675 4.0769070 3.6120892 5.1180158 2.6823336 4.0240108 3.9697246 6.0247739 4.1993248 3.9056058 4.4627127 2.9233435 1.9830327 1.5869833 2.5975778 2.5325241 
HoiH11_mRNA646                                          1.9170397 2.2532131 1.5605163 1.5910830 1.6740504 1.6615746 1.7742750 1.6724373 1.6662860 1.5542059 1.6176107 1.6808512 1.7376470 1.2893190 1.7524252 1.7805149 1.7806339 1.7452057 1.8800127 1.8349985 2.2567448 1.8671227 1.7074551 1.7433861 1.7602069 1.7475510 1.9501363 2.3334569 2.1295609 2.2766919 1.9406465 2.9674270 2.8232261 2.9365812 2.1258466 2.7263298 3.1013875 2.8728183 2.6302146 0.1655424 0.1671898 0.1489975 0.1498631 0.0000000 0.2119392 0.2187218 2.2803145 2.2760327 2.2536966 2.2515036 2.1835809 2.0879246 2.3671759 2.2178694 1.9429974 5.0680942 4.1672990 4.3028315 4.3216430 3.7149437 5.2649504 2.6927091 4.2481788 3.9593130 5.8697717 4.2312743 3.9714312 5.0189000 3.4570203 2.1640552 1.7821817 2.7517346 2.6013081 
TrH2_TrispH2_005129-RA                                  1.7617916 1.7002861 1.4825541 1.4866170 1.5661195 1.5359347 1.6612825 1.5394402 1.5466832 1.4295670 1.4974668 1.5313934 1.5314317 1.0469686 1.5924553 1.7066747 1.7066792 1.6719085 1.7852733 1.6011135 2.1176580 1.7258990 1.6429791 1.6541618 1.6746113 1.6225908 1.7325474 2.1414526 2.0264026 2.1089521 1.7535419 2.6494299 2.5280121 2.6468977 2.1467436 2.4730392 2.7268841 2.5995092 2.3483095 0.1921255 0.2133067 0.1894555 0.2160981 0.2119392 0.0000000 0.0000010 2.1999710 2.3111107 2.1714841 2.1674288 2.0971258 1.9086580 1.9735412 1.9817377 1.8332797 3.3637352 3.7833583 3.8304871 3.8275201 3.6588228 5.3065031 2.6733223 3.8809685 3.8367400 6.8243735 4.4309873 3.7351149 4.2258584 2.7195928 1.8085107 1.6764227 2.6543181 2.5402741 
Tadh_TriadT58480                                        1.7617916 1.7002861 1.5061679 1.5092027 1.6000556 1.5676489 1.7282791 1.5774787 1.5899779 1.4554468 1.5248013 1.6017752 1.5830108 1.0636545 1.6524594 1.7856414 1.7857679 1.7343105 1.8697030 1.6139975 2.2431678 1.7789614 1.7000465 1.7215426 1.7292539 1.6824599 1.7737699 2.1874085 2.0702413 2.1428282 1.7936768 2.7565500 2.6466157 2.7422737 2.8421769 2.5886797 2.7268841 2.6753276 2.5417125 0.1988542 0.2213272 0.1940849 0.2223509 0.2187218 0.0000010 0.0000000 2.1999710 2.3145462 2.2570468 2.2526337 2.2074697 1.9912348 1.9735412 2.0346426 1.8622239 3.3637352 3.9870455 4.0324692 4.0289967 3.9875362 5.3065031 2.9362717 4.0676572 4.0747969 6.8243735 4.4309873 4.0280894 4.2258584 2.7195928 1.8085107 1.6764227 2.6543181 2.6298914 
Ocar_g169                                               2.5172294 2.5966841 1.9072608 2.1745668 2.1998104 2.2031882 8.9999987 2.1562074 2.2872912 2.5030288 2.2290542 2.4352052 2.6862413 0.0000010 2.0214458 2.3810085 2.3869548 2.0682710 2.4493748 0.0000010 5.7851558 4.3318333 1.9182401 2.5745011 2.5953953 2.5942787 2.5703925 1.9854176 1.9548975 1.7484068 3.2794282 2.2890111 2.3608045 2.2655144 9.0000000 1.8034620 2.0124695 2.0319699 0.0000010 1.9954761 2.0792719 2.0544931 2.0544931 2.2803145 2.1999710 2.1999710 0.0000000 0.0000010 0.0202979 0.0202979 0.0000010 1.3589120 1.9137602 2.1677844 2.0453995 3.3829083 3.2230590 3.3688107 3.2100751 2.9912244 9.0000000 0.0000010 3.6281819 0.0000010 2.3488645 2.3488645 5.3286543 3.4206092 3.1004506 2.5084456 2.2188407 2.2567939 4.5622941 
Ocar_g4503                                              2.0004886 0.0000010 1.7098576 1.7544581 1.7161079 1.7625301 1.7641001 1.9087939 1.7605507 1.7008880 1.6854828 1.8540297 1.8169767 2.4656993 2.0436220 1.9181294 1.9181294 2.0116355 1.9932393 1.5316590 1.7213615 1.8776247 1.8035409 1.8439557 1.9601150 1.9527508 1.9147413 2.0183897 2.0225646 2.1950706 1.8853183 2.5161151 2.4405829 2.6884885 3.3782708 2.1857206 1.4815011 2.7380230 2.0578184 2.1422753 2.1207560 2.1658021 2.1658021 2.2760327 2.3111107 2.3145462 0.0000010 0.0000000 0.0037982 0.0037982 0.0037982 0.9542729 0.0000010 2.4027308 2.3871876 0.0000010 3.9650072 3.9483457 3.9483457 3.6923418 4.5932740 2.4351722 3.7159872 3.5445862 8.9999981 4.3217949 3.6328695 4.2439447 9.0000000 2.6630753 2.3213401 2.2869255 2.3754719 
Opea_EP00118_Oscarella_pearsei_P018005                  2.4201626 2.9127639 1.8066577 1.8719386 1.8833971 1.9259111 1.8832859 1.9463898 1.8214563 1.8138436 1.8288055 1.9813053 2.0493062 1.0794746 1.9335094 1.8806948 1.8811157 1.9556200 1.8662344 1.3454539 2.2018751 2.0154368 1.8720990 1.9418733 1.9422616 1.9487219 2.0467891 1.8743411 1.8220638 1.9089695 2.1010333 2.4927693 2.4524416 2.5095123 1.9200392 2.0778966 2.2188763 2.3175810 1.7006896 2.0551137 2.1728544 2.0800425 2.1490000 2.2536966 2.1714841 2.2570468 0.0202979 0.0037982 0.0000000 0.0029402 0.0142898 1.0490394 2.1672178 2.3065388 2.1561071 3.3829083 3.6948948 3.8319159 3.7937953 3.4929827 5.0755639 2.3240738 3.8478088 3.5744429 6.0315897 4.4546365 3.7759356 4.6158920 3.5413483 2.6569834 2.4946525 2.4221300 2.3327778 
Opea_EP00118_Oscarella_pearsei_P018006                  2.4107705 2.9127639 1.7950008 1.8604650 1.8718937 1.9141641 1.8670618 1.9340534 1.8089951 1.8024635 1.8173725 1.9687486 2.0400220 1.0794746 1.9272548 1.8776513 1.8780674 1.9431809 1.8527261 1.3454539 2.1924179 2.0004487 1.8601417 1.9278404 1.9298210 1.9362286 2.0357028 1.8649138 1.8174347 1.8992967 2.0937629 2.4927693 2.4524416 2.5095123 1.9200392 2.0778966 2.2188763 2.3175810 1.7006896 2.0583501 2.1763015 2.0833108 2.1523856 2.2515036 2.1674288 2.2526337 0.0202979 0.0037982 0.0029402 0.0000000 0.0101485 1.0433611 2.1672178 2.3000281 2.1465336 3.3829083 3.6948948 3.8063844 3.7685932 3.4523701 4.9012675 2.3240738 3.8286098 3.5482276 5.8326530 4.4030030 3.7498662 4.5664262 3.5413483 2.6569834 2.4842667 2.4221300 2.3327778 
