86
Pbac_sb2645918                                               0.0000000 0.0929943 0.1620461 0.0000010 0.0000010 2.2661416 0.0000010 2.0943307 0.0000010 0.0000010 0.0000010 0.0000010 0.0000010 0.0000010 3.6256672 3.6241373 3.9313961 3.9586108 3.8367126 4.1412196 3.8367126 0.0000010 3.5898857 3.0680986 4.4528264 3.4285054 0.0000010 0.0000010 3.7073739 0.0000010 4.1988488 3.3192504 0.0000010 3.4027148 4.1594075 3.7690013 4.9270007 3.6040926 3.1255228 0.0000010 4.0567888 4.6447876 4.6447876 4.3325348 3.6626448 3.9164496 4.0133988 3.8255326 0.0000010 4.2068621 0.0000010 0.0000010 3.8740299 4.2421697 3.3784461 3.4253729 0.0000010 0.0000010 4.2995267 4.3226105 0.0000010 0.0000010 4.4897010 5.8249629 4.2998053 4.2998053 3.7239840 0.0000010 5.6781074 2.5644435 4.0005300 3.2988581 3.2598447 3.1336225 3.3967164 3.5080956 3.8159560 0.0000010 0.0000010 4.4240807 0.0000010 0.0000010 3.3468092 0.0000010 0.5281137 0.0000010 
Pbac_sb2666034                                               0.0929943 0.0000000 0.1027898 6.0815939 1.1272001 1.4474488 1.0277264 1.2660200 1.4954042 1.6922187 1.5278057 1.3584318 9.0000000 1.9907637 2.4204282 2.2102504 2.4412191 2.6491236 2.3594303 2.6315523 2.5766720 2.3228787 2.3221658 1.5048287 2.4910359 2.3353227 1.1746369 2.3020332 2.7651661 2.0371314 2.6700486 2.3828132 1.6393991 2.2923393 2.6231252 2.2348902 2.2676962 2.2657102 2.4887906 2.0864466 2.3743838 2.3419973 3.3165503 2.2091887 2.2231321 2.3051683 2.4721192 2.6161095 1.7265002 2.4582386 1.1396044 3.4583255 2.2731555 2.3684883 2.2999830 2.3109192 0.0000010 0.0000010 2.6646786 2.2512285 1.4546687 1.3595136 2.7145472 2.3002567 2.4376203 2.3073875 2.3284172 1.9723978 2.2967925 1.9474840 2.4762366 2.4527771 2.4661264 2.5667611 2.4139281 2.4192932 2.2959364 0.6911257 1.0731575 2.6211012 0.0000010 9.0000000 1.9557442 0.0000010 1.2517388 2.0427873 
Horcal_Hcv1.av93.c9.g796.i1                                  0.1620461 0.1027898 0.0000000 0.2419020 0.9403122 1.4630370 0.9168749 1.1396984 1.5062172 1.6981523 1.5220828 1.3060142 6.0581225 3.3103732 2.7828237 2.7510010 2.8965978 2.4689506 2.2275974 2.5646743 2.3510575 2.1105957 2.8267566 3.3689754 2.8822751 2.8386087 1.7790794 2.1462009 2.6350169 1.8199992 2.4688950 2.7850661 1.3848058 2.7375261 2.4157353 2.6971999 1.8893916 2.7203158 2.6574323 2.1457142 2.7452675 3.0646973 3.2375002 2.6341136 2.7703526 2.8046038 2.8979530 2.9510475 3.6249527 2.8572994 2.6424804 3.5461287 2.5054854 2.7468997 2.8806105 2.7592030 4.6391235 3.8854269 2.9074040 2.6435485 1.4068037 1.3430894 2.6102981 2.6576947 2.8215099 2.6789944 2.6556797 2.0613119 2.8800056 2.0610555 2.2630247 2.9426849 2.9842725 3.0909199 2.9270093 2.7124444 2.2728747 3.6135402 2.5961219 3.1056230 5.1473589 5.0185163 1.7240942 5.5240414 3.4668202 1.9678010 
Pbac_sb2666033                                               0.0000010 6.0815939 0.2419020 0.0000000 1.5758884 2.0043230 1.0769825 0.0000010 0.0000010 6.0815939 6.0815939 6.0815939 6.5276310 5.3871306 4.8963426 4.8900017 5.5854987 4.0535641 6.8694135 6.1121067 6.1121067 5.6258463 5.5156712 5.4414737 4.7891462 5.5572267 4.1114670 6.1267503 0.0000010 5.5286670 6.7265560 5.1077970 0.0000010 4.8746469 9.0000000 5.1060206 0.0000010 4.9221442 8.9999985 3.3718770 4.8217222 5.6855123 0.0000010 4.6224089 5.2773509 5.2838214 5.5003458 4.9353357 8.9999982 5.4437578 6.1424126 6.0272443 6.2420748 5.1449545 5.6407552 5.3907484 4.6905447 3.8618443 5.0455438 5.1420942 0.0000010 0.0000010 0.0000010 4.6900061 4.6915388 4.7102951 4.6410073 4.6692390 5.1213279 0.0000010 5.5286670 5.1409677 5.3155836 5.0641098 5.4494632 4.5608858 6.0272443 7.1476627 5.4191626 4.8397394 5.4220721 4.7268074 1.6100259 5.8434380 8.3301671 2.7171881 
Vmul_sbMO392515                                              0.0000010 1.1272001 0.9403122 1.5758884 0.0000000 0.5306192 0.5776470 0.0000010 0.0000010 0.0000010 0.0000010 0.0000010 0.0000010 1.8008942 1.9765788 2.1159127 1.9704787 0.0000010 0.0000010 1.3714582 1.7143668 0.0000010 2.1645818 2.0715579 1.8055995 1.7910924 1.6065152 0.0000010 1.4076126 0.0000010 0.0000010 1.9116547 0.0000010 1.9574816 0.0000010 1.9716226 0.0000010 1.9613602 2.0947366 0.0000010 1.9868917 1.9889783 0.0000010 1.8663440 2.0727751 2.2033055 2.2391311 2.3255521 2.2003380 2.1422657 1.7450042 0.0000010 1.9764526 2.0647827 1.8305993 1.8326722 0.0000010 0.0000010 2.2444850 2.3091426 0.0000010 0.0000010 0.0000010 2.1099629 1.9535511 1.9535511 2.1068582 0.0000010 2.1545990 0.0000010 0.0000010 2.5424125 2.5591314 2.4042626 2.2663440 3.0251080 1.7759126 2.6438687 1.5600011 2.1636151 3.6589382 0.0000010 1.0417164 3.6304774 1.7721591 0.0000010 
Coemet_Cmet_C608100_01                                       2.2661416 1.4474488 1.4630370 2.0043230 0.5306192 0.0000000 0.8187474 1.0443806 1.4698063 1.5251556 1.4166201 1.1797599 4.6134544 2.6064121 2.6017552 2.6066101 2.6273521 2.5040309 2.2368395 2.6091422 2.2989247 1.9889696 2.5456102 3.1572925 2.5657125 2.6019154 1.4364074 2.1242979 2.3774692 1.8320801 2.3606764 2.4133288 1.3930299 2.5151865 2.3947030 2.4761105 1.9360317 2.4152091 2.3622874 1.9185744 2.6157550 2.8042199 3.4158806 2.5773491 2.6218123 2.4581841 2.6496332 2.6259257 2.9314597 2.6461799 1.9329907 2.2396147 2.1694618 2.3739664 2.4723098 2.3917433 4.2328645 3.3718715 2.9599838 2.5265145 1.4265878 1.1988079 2.7264250 2.5796014 2.7964166 2.6463635 2.4427703 1.9615455 2.4994804 2.0269514 2.0619129 2.5521719 2.5705741 2.7492545 2.5263324 2.6196182 2.1585284 2.3856593 1.7628856 2.9604094 4.7810849 4.8250336 1.9236871 4.5821234 3.4817962 2.2053591 
Lampan_Lpan_6445_01                                          0.0000010 1.0277264 0.9168749 1.0769825 0.5776470 0.8187474 0.0000000 1.0021078 0.0000010 0.0000010 0.0000010 0.0000010 0.0000010 1.8261159 2.0534911 2.0430069 2.1351544 5.0624005 1.0313300 2.0515356 1.4546367 0.0000010 2.2083093 1.7823431 2.2257315 2.2360684 1.6099999 0.0000010 2.1741578 0.0000010 3.7723771 2.0310840 0.9959172 2.0934216 4.7475553 2.0408882 0.9959172 1.9873494 2.1793625 0.0000010 1.7717624 1.9351945 3.2155509 1.9764900 2.0588006 2.2405392 2.3219519 2.3748264 2.2415397 1.8958935 1.6635678 0.0000010 1.8884169 1.9539383 2.0307522 1.8583292 9.0000000 0.0000010 2.3564279 2.4101527 0.0000010 0.0000010 0.9959172 2.1844494 2.1080628 2.1080628 2.1597930 0.0000010 2.0975855 0.0000010 3.9052677 2.6263346 2.6564580 2.7017382 2.6722909 2.6357963 2.4039876 2.5322567 1.6123377 2.1171145 3.5780482 9.0000000 0.8080415 1.7922898 1.2782479 0.0000010 
Beraby_Baby_sb323787                                         2.0943307 1.2660200 1.1396984 0.0000010 0.0000010 1.0443806 1.0021078 0.0000000 0.0000010 0.0000010 0.0000010 0.0000010 0.0000010 0.0000010 1.9259270 1.9683635 1.9401800 2.0107266 2.0484640 3.1031588 2.0548130 1.1152803 1.6449200 0.7153606 1.9556255 1.9424510 0.0000010 1.8410795 1.7267929 0.8345569 1.9083352 1.7267937 0.7044658 1.7372247 1.8525248 1.5849709 1.4295138 1.7803030 2.0500635 0.0000010 1.9027559 2.0212080 2.4781270 1.8487475 1.9398689 1.8688040 1.9308019 1.9977900 0.0000010 1.7911669 0.0000010 0.0000010 1.8137351 1.6693038 1.7214440 1.6974953 0.0000010 0.0000010 2.6099951 1.8736723 2.3009952 0.0000010 2.4342641 1.7717954 1.8525601 1.8525601 1.7303703 0.0000010 2.4386827 1.6720902 1.7811505 1.4847570 1.4822999 1.5580434 1.4977824 1.7488092 1.6958563 0.0000010 0.0000010 1.7390853 0.0000010 0.0000010 4.3540041 0.0000010 0.1725046 0.0000010 
Bolinf_Binf_sb1251479                                        0.0000010 1.4954042 1.5062172 0.0000010 0.0000010 1.4698063 0.0000010 0.0000010 0.0000000 0.0301692 0.1262588 1.3362906 0.0000010 0.0000010 2.4204626 2.6486231 3.0413741 3.3033685 3.0769899 3.0646117 2.7940771 3.2423878 3.4394402 0.0000010 2.3967902 2.6201518 0.0000010 2.2246588 0.0000010 2.5637127 2.7082447 2.6225398 3.1943775 2.4617161 2.7653958 2.8878933 2.5623013 2.7602131 0.0000010 2.1127505 3.0748759 3.1255502 6.1321552 2.9173793 2.7874479 2.6886612 3.2104227 2.9871548 0.0000010 2.9054564 0.0000010 9.0000000 2.7829083 3.3118381 2.5652226 2.9320163 0.0000010 0.0000010 2.3304512 2.2906443 2.2372617 2.2372617 0.0000010 2.0334527 3.2281067 1.9846572 2.0899049 2.6850898 2.7117094 2.9421284 2.5613155 2.6710063 2.6748903 8.9999988 2.6054808 2.7514203 2.8197620 0.0000010 0.0000010 0.0000010 0.0000010 0.0000010 8.9999988 0.0000010 1.9949876 1.6515719 
Mertsp_Mesp_sb546705                                         0.0000010 1.6922187 1.6981523 6.0815939 0.0000010 1.5251556 0.0000010 0.0000010 0.0301692 0.0000000 0.0232233 1.6262206 9.0000000 0.0000010 2.5949335 2.7318914 2.9373379 3.2431281 2.9391476 2.9742916 2.8755871 3.0119097 3.0282645 0.0000010 2.5578808 2.6070350 0.0000010 2.5984067 0.0000010 2.7118575 2.6989216 2.6825662 3.0274668 2.5452450 2.8467072 3.1862138 2.3663099 2.5008155 0.0000010 2.2577015 3.1045158 3.0623330 6.1321552 2.8856343 2.7488716 2.6683268 3.3010702 3.0892458 0.0000010 3.3293796 0.0000010 3.1325960 2.8744753 3.0242300 2.7999096 2.9680129 0.0000010 0.0000010 2.4247456 2.4514717 2.2738243 2.2738243 0.0000010 2.2107249 4.0337368 2.4277193 2.3602739 2.7490357 2.7675290 2.9421284 2.8855121 2.7962277 2.7535389 8.9999987 2.4370657 2.8489240 2.7894010 0.0000010 0.0000010 0.0000010 0.0000010 0.0000010 8.9999989 0.0000010 1.9949876 2.5953657 
Mertsp_Mesp_sb546706                                         0.0000010 1.5278057 1.5220828 6.0815939 0.0000010 1.4166201 0.0000010 0.0000010 0.1262588 0.0232233 0.0000000 1.5015394 9.0000000 0.0000010 2.6261306 2.6533587 2.8114767 2.9088531 2.6412180 2.6818609 2.6455107 2.7400201 2.6864551 0.0000010 2.5338108 2.5958326 0.0000010 2.8047636 0.0000010 2.8300462 2.6323778 2.8148017 2.8956359 2.4635590 2.6389960 3.4709081 1.5486681 2.1828766 0.0000010 2.2577015 2.8394609 2.8229900 0.0000010 2.6371595 2.4830721 2.6426662 3.0677674 2.9098795 0.0000010 3.1348531 0.0000010 3.1325960 2.7098410 2.8400176 2.7621729 2.9313700 0.0000010 0.0000010 2.3758384 2.4876798 0.0000010 0.0000010 0.0000010 2.4593277 8.9773430 2.8384058 2.5256969 2.7168342 2.7168342 3.0257668 2.9409363 2.5487852 2.5612892 0.0000010 2.2539006 2.8746800 2.9090340 0.0000010 0.0000010 0.0000010 0.0000010 0.0000010 8.9999984 0.0000010 0.0000010 2.5953657 
Eupdun_Edun_sb10602224                                       0.0000010 1.3584318 1.3060142 6.0815939 0.0000010 1.1797599 0.0000010 0.0000010 1.3362906 1.6262206 1.5015394 0.0000000 8.1135108 0.0000010 2.1943078 2.1219248 2.2206482 2.4483544 2.1954468 2.2190005 2.7777295 2.3537937 2.0338135 3.0210038 1.9599092 2.1087095 0.0000010 2.0960470 0.0000010 1.9945343 2.0104146 2.1546101 1.8915271 2.0502255 2.0078042 1.9980067 1.5260698 1.9766579 0.0000010 2.2866416 2.0000875 2.2426298 0.0000010 2.2559749 2.2230310 2.2381072 2.1744980 1.9616197 0.0000010 2.1972939 0.0000010 3.7216538 2.1315740 2.1953068 2.1689898 2.0709791 0.0000010 0.0000010 1.9457037 1.7811398 1.0645124 1.0645124 0.0000010 1.9969397 2.4296260 2.1089347 1.8448523 1.8689530 1.8061240 8.9999981 1.9253930 1.9422580 2.0280552 1.7483906 1.9155123 2.1011251 2.1422292 0.0000010 0.0000010 0.0000010 0.0000010 0.0000010 6.1260123 0.0000010 2.8809520 2.1140158 
Gfas_gfas1.m1.22890.m1                                       0.0000010 9.0000000 6.0581225 6.5276310 0.0000010 4.6134544 0.0000010 0.0000010 0.0000010 9.0000000 9.0000000 8.1135108 0.0000000 0.4052717 0.4957326 0.4664844 0.5035015 1.4675611 2.1534481 2.1534481 2.1534481 2.9763989 1.0458667 0.8947283 3.0464593 3.7106310 0.0000010 3.3664801 0.0000010 7.1823719 7.1823719 2.0222284 0.0000010 2.2516549 4.8943884 1.6989460 0.0000010 1.5484819 0.0000010 2.9763989 1.7510046 2.2880501 0.0000010 2.0200043 1.4484472 1.9193974 1.4003282 1.6412111 2.5943645 2.0004780 0.0000010 2.6471993 3.1594628 2.1753764 2.6485298 2.5171162 2.3744518 1.3008462 4.6642562 3.4476849 0.0000010 0.0000010 0.0000010 2.8616568 2.5764733 2.6035315 2.3392033 2.9763989 2.4128343 0.0000010 2.9763989 2.0607276 1.9533551 2.0432174 2.0906650 1.8298715 2.6471993 0.0000010 1.3193704 2.0020760 1.5244195 2.2885259 4.4860090 3.1567282 8.9999981 1.5285270 
Fspp_ffun1.m4.867.m1                                         0.0000010 1.9907637 3.3103732 5.3871306 1.8008942 2.6064121 1.8261159 0.0000010 0.0000010 0.0000010 0.0000010 0.0000010 0.4052717 0.0000000 0.2101984 0.3020549 0.1588444 0.8854498 1.3145633 0.1297675 0.1397205 0.0000010 0.6219394 0.7930619 1.7144621 1.7007705 1.0808573 0.0000010 1.0076516 0.0000010 1.2869359 1.3378276 0.0000010 1.4784983 1.1658351 1.1242254 0.0000010 1.1723475 0.8422701 0.0000010 1.2879550 1.2622637 1.7454860 1.2557407 1.2329514 1.2363718 1.1116448 1.0862355 0.4463055 1.2745557 1.1901906 0.0000010 1.3137691 1.3049847 1.3424154 1.3347708 1.9362810 1.8358780 1.8146395 1.7326728 0.0000010 0.0000010 0.0000010 1.6851425 1.6493623 1.6493623 1.6620053 6.7377757 1.5373887 0.0000010 1.0530673 1.6465765 1.7054949 1.7824532 1.6770276 1.5446463 1.0759010 1.4438189 1.0847359 1.2373142 1.7319081 1.9727576 2.9956733 2.6821123 4.5505978 0.0000010 
Spis_XP_022796910_1                                          3.6256672 2.4204282 2.7828237 4.8963426 1.9765788 2.6017552 2.0534911 1.9259270 2.4204626 2.5949335 2.6261306 2.1943078 0.4957326 0.2101984 0.0000000 0.0859887 0.2163599 0.2279392 0.2548477 0.2831173 0.2423302 0.4938375 0.6128227 0.8409628 1.6714508 1.7096670 1.1726879 1.1974677 1.4491849 1.1393934 1.4244616 1.2826265 0.7749326 1.2971418 1.3391851 1.2158203 0.9476357 1.2439342 1.1465441 1.0816486 1.3901922 1.3435253 1.6279184 1.3241305 1.4135238 1.3012564 1.1272720 1.1408424 0.7321676 1.3838695 1.7418067 1.9505307 1.3208291 1.3240640 1.3606445 1.2796631 2.0174828 1.8293659 1.7994384 1.6122096 1.2096158 1.4556281 1.3909444 1.5871770 1.6090322 1.5332822 1.5012064 1.2729209 1.4917510 1.5498714 1.4301147 1.5759096 1.5674756 1.6715915 1.5523176 1.3380483 1.3926646 2.1535960 1.4517779 1.3609127 1.7353423 2.2862195 2.9819915 2.8927224 4.3584467 1.3379665 
Pocdam_XM_027186950.1                                        3.6241373 2.2102504 2.7510010 4.8900017 2.1159127 2.6066101 2.0430069 1.9683635 2.6486231 2.7318914 2.6533587 2.1219248 0.4664844 0.3020549 0.0859887 0.0000000 0.2282898 0.2307311 0.2549916 0.3071016 0.2962394 0.4943372 0.6626530 0.9425971 1.7253195 1.8071334 1.3603771 1.2248152 1.4445314 1.1591636 1.3552725 1.3772727 0.7419538 1.3529386 1.2780712 1.2766022 0.9680251 1.3219282 1.2767809 1.0911154 1.4002236 1.4249070 1.6852336 1.3687477 1.4441436 1.3086505 1.1599587 1.1871771 0.9448634 1.3981651 1.8250619 1.8870738 1.3500823 1.3253803 1.4072690 1.3099190 2.2539269 1.7708073 1.9171215 1.6811210 1.3227887 1.5475613 1.3726275 1.6074100 1.7109677 1.5945454 1.5455510 1.3210125 1.5823293 1.5232885 1.3710845 1.5448945 1.5385235 1.6197595 1.5199277 1.3578168 1.3525843 1.9898580 1.5602006 1.4729618 1.7420848 2.3007134 3.0377496 2.9120704 5.4647254 1.3287271 
Gasp_gasp1.m3.7766.m1                                        3.9313961 2.4412191 2.8965978 5.5854987 1.9704787 2.6273521 2.1351544 1.9401800 3.0413741 2.9373379 2.8114767 2.2206482 0.5035015 0.1588444 0.2163599 0.2282898 0.0000000 0.1947833 0.2280778 0.2591488 0.2148795 0.5330508 0.6015734 0.8559738 1.7209962 1.7581825 1.2772267 1.2681318 1.4757936 1.1884546 1.5141190 1.3010913 0.7245116 1.3526605 1.4196073 1.2112430 0.9869918 1.2803088 1.2907396 1.1435653 1.3888078 1.3475365 1.6360269 1.3506837 1.4292575 1.3285939 1.1341962 1.1684534 0.7366539 1.3397222 1.8245641 1.8001125 1.2772612 1.3195259 1.3416639 1.2779634 2.0967688 1.8124482 1.8406632 1.6244225 1.4097263 1.6356870 1.3736311 1.5918637 1.6322825 1.5555659 1.5328441 1.3533890 1.5346981 1.4295787 1.4368214 1.6368586 1.6163475 1.6891860 1.6062992 1.3466563 1.4040692 2.2018581 1.5434898 1.3776034 1.7763183 2.1004212 2.9664257 2.8750415 4.6375704 1.2363531 
Gfas_gfas1.m1.11482.m1                                       3.9586108 2.6491236 2.4689506 4.0535641 0.0000010 2.5040309 5.0624005 2.0107266 3.3033685 3.2431281 2.9088531 2.4483544 1.4675611 0.8854498 0.2279392 0.2307311 0.1947833 0.0000000 0.1673148 0.2195864 0.1974785 0.5655825 0.6117147 1.3496855 1.5072196 1.5422257 0.0000010 1.3023195 1.7291249 1.1641335 1.4870208 1.2033976 0.7480154 1.2394625 1.3994592 1.2308357 1.0562822 1.2809232 1.6359937 1.1422189 1.3862233 1.3020877 1.5894764 1.3018325 1.4695844 1.2757675 1.0590537 1.1355057 4.4308084 1.3600107 0.0000010 1.9693923 1.2096083 1.2184880 1.2240276 1.1766886 1.1998070 1.3220005 1.6952697 1.4744701 1.4987814 1.8610736 1.3277528 1.4435226 1.4712168 1.4277754 1.3375220 1.3200039 1.3095853 1.3522507 1.4856650 1.5051179 1.4676381 1.4526691 1.4059005 1.1670142 1.5379444 0.0000010 0.0000010 1.3000006 0.7985514 1.0269302 2.0055005 2.1592890 2.1811245 1.4860889 
Adig_XM_015924763.1                                          3.8367126 2.3594303 2.2275974 6.8694135 0.0000010 2.2368395 1.0313300 2.0484640 3.0769899 2.9391476 2.6412180 2.1954468 2.1534481 1.3145633 0.2548477 0.2549916 0.2280778 0.1673148 0.0000000 0.0337239 0.0425869 0.5566576 0.5968864 2.4817871 1.4508079 1.4792529 0.0000010 1.3113709 1.4868495 1.2245121 1.3935301 1.1822257 0.7174212 1.1972950 1.3036170 1.1874200 1.0900844 1.2249668 1.5686678 1.3246630 1.3349335 1.3440168 1.6299408 1.2210158 1.4231734 1.2343499 0.9968981 1.1031750 0.0000010 1.2570789 0.0000010 1.8001117 1.1691828 1.1590131 1.2042568 1.1363843 9.0000000 0.0000010 1.6424640 1.4382209 1.4627592 1.8867647 1.4552534 1.4017281 1.4758784 1.4124321 1.2579778 1.3014743 1.2811543 1.3184159 1.4067570 1.4473119 1.3990403 1.4506137 1.3637450 1.1389123 1.4153604 0.0000010 3.6020270 1.3192184 3.7064449 0.9713499 1.9392240 9.0000000 1.9211829 1.4892820 
Amil_Amillepora33703-RA                                      4.1412196 2.6315523 2.5646743 6.1121067 1.3714582 2.6091422 2.0515356 3.1031588 3.0646117 2.9742916 2.6818609 2.2190005 2.1534481 0.1297675 0.2831173 0.3071016 0.2591488 0.2195864 0.0337239 0.0000000 0.0723486 0.5871168 0.6021071 0.5603899 1.6094638 1.6358314 0.0000010 1.4140972 1.6839283 1.4769223 1.6459346 1.2657734 0.8982662 1.3448599 1.5092786 1.3069548 1.3911369 1.2882450 1.4096674 1.3575526 1.4580545 1.4336747 1.6316447 1.3460667 1.5357254 1.4027215 1.1105437 1.1940808 0.1918030 1.4501707 0.0000010 1.8311765 1.2254382 1.2350167 1.2402076 1.1471533 0.0000010 0.0000010 1.6669530 1.5756345 1.4476547 1.8673091 2.0195912 1.5717481 1.6031334 1.5253763 1.3852104 1.2984701 1.2992642 1.4670981 1.5939330 1.7955435 1.7662096 1.9373945 1.7308846 1.2763353 1.5643473 0.0000010 0.0000010 1.4973053 0.0000010 0.0000010 2.1284669 0.0000010 1.9424981 1.5783235 
Adig_XM_015894812.1                                          3.8367126 2.5766720 2.3510575 6.1121067 1.7143668 2.2989247 1.4546367 2.0548130 2.7940771 2.8755871 2.6455107 2.7777295 2.1534481 0.1397205 0.2423302 0.2962394 0.2148795 0.1974785 0.0425869 0.0723486 0.0000000 0.7474347 0.5972902 0.4430684 1.5348028 1.5040028 1.1790216 1.7731861 1.2972061 1.4679929 1.6422631 1.1395381 0.7484982 1.1327138 1.6376996 1.1953440 1.0934437 1.1427995 1.2082749 1.3341083 1.2272341 1.1744375 1.5962388 1.1665795 1.3365830 1.2743283 1.0480017 1.1122399 0.1196707 1.2310844 1.7181635 1.8001117 1.3518646 1.2454458 1.2112564 1.1855430 0.0000010 0.0000010 1.6426305 1.4483229 2.9513984 9.0000000 1.4780217 1.4961298 1.3110258 1.4345442 1.4060705 1.7369671 1.3495885 1.3041509 1.5771040 1.6678683 1.6367478 1.5584149 1.5407102 1.1929310 1.4287546 0.4193540 2.9088200 1.1073515 0.0000010 0.0000010 2.3572210 0.0000010 2.3603437 1.7695655 
Nvec_NVE20513                                                0.0000010 2.3228787 2.1105957 5.6258463 0.0000010 1.9889696 0.0000010 1.1152803 3.2423878 3.0119097 2.7400201 2.3537937 2.9763989 0.0000010 0.4938375 0.4943372 0.5330508 0.5655825 0.5566576 0.5871168 0.7474347 0.0000000 0.5214080 8.9999982 1.3716010 1.5793037 0.0000010 1.3704616 0.9746217 1.3720058 1.2494770 1.0253663 0.8970496 1.0439300 1.1646685 1.0904958 1.1419641 1.1369502 0.0000010 1.2247643 1.3253822 1.2423358 5.7162575 1.1613479 1.2844467 1.0872319 0.9368237 1.0090266 0.0000010 1.2541709 0.0000010 2.1643296 1.0550950 1.0748503 1.0697986 1.1544734 0.0000010 0.0000010 1.3410206 1.2689564 1.7453951 1.9594258 1.1065539 1.2304495 1.3847944 1.2217678 1.1754898 1.2656754 1.2916560 1.3735228 1.3372127 1.2516751 1.1902662 1.2048922 1.1165702 1.2471313 1.4795179 0.0000010 0.0000010 0.4349503 0.0000010 0.0000010 2.5730762 0.0000010 1.6617377 1.3754209 
Exapal_XM_021060133.2                                        3.5898857 2.3221658 2.8267566 5.5156712 2.1645818 2.5456102 2.2083093 1.6449200 3.4394402 3.0282645 2.6864551 2.0338135 1.0458667 0.6219394 0.6128227 0.6626530 0.6015734 0.6117147 0.5968864 0.6021071 0.5972902 0.5214080 0.0000000 0.5787283 1.6876820 1.7920141 1.3101985 1.1838413 1.3672613 1.2165803 1.4221251 1.3498763 0.8381835 1.4104958 1.3860220 1.1481180 1.0118013 1.2242323 1.1184642 1.1379400 1.3960407 1.3029780 1.5643188 1.2261249 1.3294036 1.2255078 1.1249884 1.1591908 1.0410594 1.3137316 1.8040372 1.8904889 1.1948265 1.2557805 1.2722082 1.2188179 2.1608096 2.1742180 1.7805046 1.5808620 1.5334843 1.6728952 1.2959510 1.5644522 1.6228713 1.5451240 1.5260181 1.2961774 1.5482158 1.3411756 1.4055794 1.5833206 1.5657873 1.6570382 1.5570579 1.4015113 1.3609570 1.9157620 1.4838423 1.3232003 1.6168283 1.9994705 3.0341474 3.1019048 4.9990141 1.3441283 
Nvec_NVE20512                                                3.0680986 1.5048287 3.3689754 5.4414737 2.0715579 3.1572925 1.7823431 0.7153606 0.0000010 0.0000010 0.0000010 3.0210038 0.8947283 0.7930619 0.8409628 0.9425971 0.8559738 1.3496855 2.4817871 0.5603899 0.4430684 8.9999982 0.5787283 0.0000000 1.8446196 2.1147437 1.0417581 3.0205936 0.8701324 9.0000000 1.3420242 1.4856906 2.2462086 1.6715811 1.0676592 1.2678252 1.5081129 1.3335783 0.8645596 0.0000010 1.3633656 1.2965180 1.5845434 1.3438651 1.3316253 1.3175594 1.2404183 1.2426479 1.2186664 1.3937251 1.6869352 0.0000010 1.4584519 1.4525196 1.5294829 1.5124775 2.0777924 1.9058314 1.9142582 1.7085457 2.9989093 2.9989093 0.0000010 1.7862442 1.7640834 1.7640834 1.7712836 3.5864464 1.6937125 0.7153606 1.0060457 1.8714000 1.9580039 2.0170726 1.8297753 1.6246015 1.2835023 1.9196187 1.4822627 1.3458140 1.6823425 1.9506328 3.3558164 2.9246011 5.4428141 0.0000010 
Lcom_lcpid13612                                              4.4528264 2.4910359 2.8822751 4.7891462 1.8055995 2.5657125 2.2257315 1.9556255 2.3967902 2.5578808 2.5338108 1.9599092 3.0464593 1.7144621 1.6714508 1.7253195 1.7209962 1.5072196 1.4508079 1.6094638 1.5348028 1.3716010 1.6876820 1.8446196 0.0000000 0.7098715 0.2950376 0.3826667 0.3989864 0.6150500 0.6423856 1.4063381 0.8166288 1.4564550 0.8610152 1.4646177 1.1322430 1.4674938 1.1454706 1.4086078 1.5714049 1.6599581 1.3560083 1.5887013 1.7084070 1.6237119 1.6362324 1.6595073 1.8486760 1.6840535 0.5363595 2.9613283 1.3794122 1.5528743 1.6138070 1.6217170 2.4421369 1.9088454 1.6865201 1.5988259 1.2699583 1.3385685 1.2743626 1.5985148 1.6621619 1.5662731 1.4709079 1.1114864 1.4792817 1.3673757 1.4742284 1.7520596 1.8018609 1.8890107 1.7508332 1.7265526 1.4911268 1.9477838 1.7565200 1.7543021 2.6205786 2.6094879 3.2830752 0.7380827 4.4434120 1.4148051 
Gracom_Gcom_scaffold13927_01                                 3.4285054 2.3353227 2.8386087 5.5572267 1.7910924 2.6019154 2.2360684 1.9424510 2.6201518 2.6070350 2.5958326 2.1087095 3.7106310 1.7007705 1.7096670 1.8071334 1.7581825 1.5422257 1.4792529 1.6358314 1.5040028 1.5793037 1.7920141 2.1147437 0.7098715 0.0000000 0.2452505 0.6545769 0.6756728 0.7009139 0.7285540 1.4746704 0.9071375 1.4826733 1.0899630 1.5732403 1.2284215 1.6159085 1.2059983 1.2877301 1.7916296 1.8261779 1.4906643 1.7123726 1.7862173 1.7669767 1.7859644 1.7937569 2.0072123 1.8644273 0.5273983 2.3069792 1.6046843 1.7178045 1.7302978 1.7359948 2.5972855 1.8579187 1.7885410 1.6477400 1.4837637 1.7011510 1.2083255 1.6584054 1.7465075 1.6251362 1.4798161 1.2100873 1.5359592 1.2829367 1.4594414 1.9222671 1.9763224 2.1110986 1.8818437 1.8085785 1.5965447 2.0087237 1.7160022 1.8893238 3.1425658 2.7723810 3.1934215 0.6465473 4.7073191 1.3410456 
Scil_scict013761.1                                           0.0000010 1.1746369 1.7790794 4.1114670 1.6065152 1.4364074 1.6099999 0.0000010 0.0000010 0.0000010 0.0000010 0.0000010 0.0000010 1.0808573 1.1726879 1.3603771 1.2772267 0.0000010 0.0000010 0.0000010 1.1790216 0.0000010 1.3101985 1.0417581 0.2950376 0.2452505 0.0000000 0.0000010 0.2018488 0.0000010 0.0000010 0.7078622 0.0000010 0.8054804 0.0000010 0.9789237 0.0000010 0.9714474 0.8363130 0.0000010 0.9527031 0.8533924 0.0000010 1.0021832 0.9291453 1.1365782 0.9722406 1.0658314 1.1500543 0.9599989 0.3102980 0.0000010 0.9149358 1.0096324 0.9983572 1.0142279 0.0000010 0.0000010 0.9869079 1.1441917 0.0000010 0.0000010 0.0000010 1.1410792 1.0341669 1.0341669 1.0891188 0.0000010 1.0566733 0.0000010 0.0000010 1.1297245 1.1685264 1.1861136 1.1062747 3.6480401 0.9242590 1.7405919 1.1945140 1.0332357 0.0000010 0.0000010 1.6862416 9.0000000 3.0751766 0.0000010 
Leuniv_Lniv_scaffold25849_01                                 0.0000010 2.3020332 2.1462009 6.1267503 0.0000010 2.1242979 0.0000010 1.8410795 2.2246588 2.5984067 2.8047636 2.0960470 3.3664801 0.0000010 1.1974677 1.2248152 1.2681318 1.3023195 1.3113709 1.4140972 1.7731861 1.3704616 1.1838413 3.0205936 0.3826667 0.6545769 0.0000010 0.0000000 0.0000010 0.6267626 0.5094281 1.0686179 0.9289724 1.0433408 0.7228935 1.0489174 1.4283930 1.1739649 0.0000010 1.4683654 1.4343888 1.5357493 7.9603887 1.3024252 1.4414129 1.3099302 1.2226433 1.2101657 0.0000010 1.5821833 0.0000010 2.8252305 1.2200223 1.2413095 1.2595332 1.3575331 0.0000010 0.0000010 1.2524003 1.0915849 1.4650681 1.7921269 0.0000010 1.1703868 1.4806632 1.1603986 1.0563878 1.0482871 1.1127826 2.7023032 1.4362437 1.2360704 1.2195093 1.2266134 1.1776952 1.3343152 1.3864255 0.0000010 0.0000010 1.2093756 0.0000010 0.0000010 4.5690113 0.0000010 2.7054549 1.3709700 
Leuniv_Lniv_C806596_01                                       3.7073739 2.7651661 2.6350169 0.0000010 1.4076126 2.3774692 2.1741578 1.7267929 0.0000010 0.0000010 0.0000010 0.0000010 0.0000010 1.0076516 1.4491849 1.4445314 1.4757936 1.7291249 1.4868495 1.6839283 1.2972061 0.9746217 1.3672613 0.8701324 0.3989864 0.6756728 0.2018488 0.0000010 0.0000000 0.2429055 0.6411954 1.1251876 0.4010451 1.2638946 1.0330387 1.1844960 0.6527976 1.1244524 1.2272260 0.0000010 1.2229427 1.0601617 1.4145384 1.1905131 1.3895791 1.1803964 1.4486759 1.4778616 0.6932462 1.3088233 0.2213820 0.0000010 1.2964850 1.3215306 1.2939555 1.2122844 0.0000010 0.0000010 1.4725803 1.3286447 0.0000010 0.0000010 1.3407326 1.3410517 1.2997091 1.2997091 1.1931413 0.0000010 1.0628073 1.3322164 1.6655766 1.6186794 1.6183483 1.6216184 1.6458796 1.5042642 1.3536214 0.8683997 0.5123737 1.2676096 0.0000010 0.0000010 0.9863275 0.0000010 1.4632920 0.0000010 
Scil_scict020660.1                                           0.0000010 2.0371314 1.8199992 5.5286670 0.0000010 1.8320801 0.0000010 0.8345569 2.5637127 2.7118575 2.8300462 1.9945343 7.1823719 0.0000010 1.1393934 1.1591636 1.1884546 1.1641335 1.2245121 1.4769223 1.4679929 1.3720058 1.2165803 9.0000000 0.6150500 0.7009139 0.0000010 0.6267626 0.2429055 0.0000000 0.1436312 1.0520793 0.9599776 1.0687008 0.8567937 1.0574939 1.0984424 1.0655733 0.0000010 1.4946776 1.2706306 1.4302484 3.5571887 1.3426761 1.3455114 1.3643743 1.3384573 1.3028959 0.0000010 1.5013476 0.0000010 2.8505161 1.1404020 1.1360773 1.1372947 1.1894095 0.0000010 0.0000010 1.2921953 1.1455490 1.5930410 1.6513149 0.3157334 1.0226351 1.1953452 1.0533694 1.0293263 1.0617570 1.0529362 1.5490295 1.2470501 1.2251202 1.2089530 1.1569705 1.1307667 1.2000045 1.3564522 0.0000010 0.0000010 0.8330811 0.0000010 0.0000010 6.6324310 0.0000010 2.0090691 1.4753786 
Scil_scict000206.1                                           4.1988488 2.6700486 2.4688950 6.7265560 0.0000010 2.3606764 3.7723771 1.9083352 2.7082447 2.6989216 2.6323778 2.0104146 7.1823719 1.2869359 1.4244616 1.3552725 1.5141190 1.4870208 1.3935301 1.6459346 1.6422631 1.2494770 1.4221251 1.3420242 0.6423856 0.7285540 0.0000010 0.5094281 0.6411954 0.1436312 0.0000000 1.2109939 0.8778976 1.2474339 0.9873777 1.2302493 1.0330308 1.2363199 1.5463103 1.2686973 1.3891792 1.4794887 1.5716019 1.4022293 1.4977885 1.4505645 1.4550785 1.4891987 0.0000010 1.6193367 0.0000010 2.6520786 1.3839352 1.4226339 1.4375809 1.3826199 0.0000010 0.0000010 1.5248423 1.4419579 1.3996158 1.6477498 1.3922296 1.2180919 1.3943116 1.2407647 1.1629548 0.9720363 1.0277266 1.3986130 1.5185278 1.5853907 1.5679457 1.7145242 1.5596947 1.4208391 1.5608454 0.0000010 0.0000010 1.7167189 0.0000010 0.0000010 4.4365668 0.0000010 1.8278162 1.4287384 
Opea_EP00118_Oscarella_pearsei_P005706                       3.3192504 2.3828132 2.7850661 5.1077970 1.9116547 2.4133288 2.0310840 1.7267937 2.6225398 2.6825662 2.8148017 2.1546101 2.0222284 1.3378276 1.2826265 1.3772727 1.3010913 1.2033976 1.1822257 1.2657734 1.1395381 1.0253663 1.3498763 1.4856906 1.4063381 1.4746704 0.7078622 1.0686179 1.1251876 1.0520793 1.2109939 0.0000000 0.0033871 0.6879183 1.0946160 1.2578557 0.9921825 1.3655079 1.1279067 1.0257312 1.4509278 1.3842577 1.3788935 1.3451017 1.4025440 1.3454929 1.3449052 1.4002756 1.7373341 1.4201275 1.4320438 2.5605524 1.4042608 1.5039660 1.5780683 1.5573697 2.0271178 1.8287713 1.5806596 1.4522559 1.2716848 1.4221646 1.3431814 1.4868085 1.4967635 1.4340048 1.3040740 1.1779805 1.3367030 1.4686557 1.2922967 1.5807793 1.6030291 1.6809657 1.5662537 1.4555949 1.4104938 2.1097352 1.6199680 1.4107512 2.0183020 2.4265062 3.4255215 2.5497173 4.2542505 1.4907672 
Ocar_g410                                                    0.0000010 1.6393991 1.3848058 0.0000010 0.0000010 1.3930299 0.9959172 0.7044658 3.1943775 3.0274668 2.8956359 1.8915271 0.0000010 0.0000010 0.7749326 0.7419538 0.7245116 0.7480154 0.7174212 0.8982662 0.7484982 0.8970496 0.8381835 2.2462086 0.8166288 0.9071375 0.0000010 0.9289724 0.4010451 0.9599776 0.8778976 0.0033871 0.0000000 0.5100115 0.7778058 0.7674838 0.8286117 0.8904449 0.0000010 1.0711580 0.9142394 1.0404629 1.6075624 0.9594133 0.9605053 0.8308051 0.9118598 1.0203454 0.0000010 1.0239759 0.0000010 0.0000010 0.9272209 0.9870202 1.0378840 1.0557909 0.0000010 0.0000010 1.0479071 0.9679671 1.1965012 1.3674296 0.1525893 0.9990514 0.9310590 0.9803429 0.8492545 1.0431055 0.9686874 2.1147638 0.9617916 0.9852373 0.9514972 0.8906040 0.8689595 0.8709243 1.1850962 0.0000010 0.0000010 0.5304631 0.0000010 0.0000010 1.4243239 0.0000010 1.2141277 0.9168613 
Plajan_Pjan_C572568_01                                       3.4027148 2.2923393 2.7375261 4.8746469 1.9574816 2.5151865 2.0934216 1.7372247 2.4617161 2.5452450 2.4635590 2.0502255 2.2516549 1.4784983 1.2971418 1.3529386 1.3526605 1.2394625 1.1972950 1.3448599 1.1327138 1.0439300 1.4104958 1.6715811 1.4564550 1.4826733 0.8054804 1.0433408 1.2638946 1.0687008 1.2474339 0.6879183 0.5100115 0.0000000 1.2618584 1.2871333 0.9345411 1.3559117 1.1474858 0.9252409 1.4284926 1.4032219 1.3129176 1.3685010 1.4781398 1.3710241 1.4539851 1.4634382 1.7686390 1.5235957 1.5714808 2.4298857 1.3533404 1.4638598 1.4784636 1.4591838 2.2844572 2.0404179 1.5345512 1.3799187 1.0819379 1.3036135 1.1669580 1.4169740 1.4769776 1.3794855 1.2775059 1.0987319 1.3344275 1.5148031 1.2460221 1.6756432 1.6925635 1.8436687 1.6330465 1.4701656 1.4089700 1.8151744 1.6411074 1.4601202 2.2318771 2.7168803 3.0734775 2.7929479 3.9085389 1.2035278 
Clacor_Ccor_scaffold14837_01                                 4.1594075 2.6231252 2.4157353 9.0000000 0.0000010 2.3947030 4.7475553 1.8525248 2.7653958 2.8467072 2.6389960 2.0078042 4.8943884 1.1658351 1.3391851 1.2780712 1.4196073 1.3994592 1.3036170 1.5092786 1.6376996 1.1646685 1.3860220 1.0676592 0.8610152 1.0899630 0.0000010 0.7228935 1.0330387 0.8567937 0.9873777 1.0946160 0.7778058 1.2618584 0.0000000 1.3506756 1.0754385 1.2853376 1.5811695 1.4187430 1.5818573 1.3897507 1.9168742 1.4345274 1.5350581 1.3947996 1.2847106 1.3895864 0.0000010 1.5487740 0.0000010 2.4183419 1.2864470 1.4615489 1.3519690 1.3524371 0.0000010 0.0000010 1.5673339 1.4388126 1.2058375 1.4538678 1.5567089 1.3693500 1.4067720 1.2859566 1.1772560 1.0035827 1.0603149 1.4430000 1.4890558 1.5736738 1.5653385 1.5976799 1.5440886 1.4003109 1.4661531 0.0000010 0.0000010 1.7109796 0.0000010 0.0000010 2.8335547 0.0000010 1.5876381 1.8989606 
Bralan_BLAG13101151_1                                        3.7690013 2.2348902 2.6971999 5.1060206 1.9716226 2.4761105 2.0408882 1.5849709 2.8878933 3.1862138 3.4709081 1.9980067 1.6989460 1.1242254 1.2158203 1.2766022 1.2112430 1.2308357 1.1874200 1.3069548 1.1953440 1.0904958 1.1481180 1.2678252 1.4646177 1.5732403 0.9789237 1.0489174 1.1844960 1.0574939 1.2302493 1.2578557 0.7674838 1.2871333 1.3506756 0.0000000 0.7384386 0.9100466 0.6797330 1.0919316 1.1323978 0.9579780 0.7673790 1.0453910 1.1975884 1.0030151 1.2588252 1.2682249 1.4844213 1.1904604 1.6046309 2.3544302 1.2273753 1.3072787 1.3409141 1.3445610 1.9461714 2.1459542 1.6422420 1.4492489 1.4362590 1.6835385 1.4091934 1.4320852 1.4632244 1.3877003 1.3000803 1.2039105 1.3551754 1.4263413 1.2830669 1.4437955 1.4558342 1.5761561 1.4497981 1.3157491 1.2144272 1.9371433 1.5206729 1.2022697 1.2738606 2.0369246 2.8396847 2.7063370 4.5585801 1.2061991 
Skow_XM_006816045.1                                          4.9270007 2.2676962 1.8893916 0.0000010 0.0000010 1.9360317 0.9959172 1.4295138 2.5623013 2.3663099 1.5486681 1.5260698 0.0000010 0.0000010 0.9476357 0.9680251 0.9869918 1.0562822 1.0900844 1.3911369 1.0934437 1.1419641 1.0118013 1.5081129 1.1322430 1.2284215 0.0000010 1.4283930 0.6527976 1.0984424 1.0330308 0.9921825 0.8286117 0.9345411 1.0754385 0.7384386 0.0000000 0.7567226 0.0000010 0.0000010 0.9578536 0.9132151 0.9984211 0.9910827 1.1277551 0.7975529 1.1478713 1.1407225 0.0000010 1.0121097 0.0000010 0.0000010 1.1065489 1.0568781 1.0597105 1.1028527 0.0000010 0.0000010 1.3908081 1.2537173 1.4064982 1.4665156 1.2113915 1.1449574 1.1874788 1.1024257 1.0902882 1.3059279 1.2173512 1.6455173 1.1687011 1.0766294 1.1168699 1.1542827 1.1039397 1.0099366 1.0989498 0.0000010 0.0000010 1.0046409 0.0000010 0.0000010 2.2413840 0.0000010 1.9884288 0.7284645 
Spur_XM_030995570.1                                          3.6040926 2.2657102 2.7203158 4.9221442 1.9613602 2.4152091 1.9873494 1.7803030 2.7602131 2.5008155 2.1828766 1.9766579 1.5484819 1.1723475 1.2439342 1.3219282 1.2803088 1.2809232 1.2249668 1.2882450 1.1427995 1.1369502 1.2242323 1.3335783 1.4674938 1.6159085 0.9714474 1.1739649 1.1244524 1.0655733 1.2363199 1.3655079 0.8904449 1.3559117 1.2853376 0.9100466 0.7567226 0.0000000 0.5888144 0.7303714 1.1313088 1.1217764 0.9583184 1.0698703 1.2038704 1.0759715 1.4341581 1.4282426 1.3948988 1.2777769 1.5856409 1.9507304 1.2597512 1.3046806 1.4028011 1.3673826 2.0498895 1.7357026 1.6492753 1.5306222 1.6224367 1.7893697 1.5418975 1.5533889 1.5996165 1.5319862 1.4140820 1.2100522 1.4496753 1.3093190 1.4816563 1.5362441 1.5409779 1.6264085 1.5129743 1.3554354 1.3090224 1.7292215 1.6811257 1.1770603 1.1286558 2.0087818 3.0692800 2.6968362 4.8419307 1.1469109 
Skow_XM_006826053.1                                          3.1255228 2.4887906 2.6574323 8.9999985 2.0947366 2.3622874 2.1793625 2.0500635 0.0000010 0.0000010 0.0000010 0.0000010 0.0000010 0.8422701 1.1465441 1.2767809 1.2907396 1.6359937 1.5686678 1.4096674 1.2082749 0.0000010 1.1184642 0.8645596 1.1454706 1.2059983 0.8363130 0.0000010 1.2272260 0.0000010 1.5463103 1.1279067 0.0000010 1.1474858 1.5811695 0.6797330 0.0000010 0.5888144 0.0000000 0.0000010 0.9013254 0.7311299 0.7479682 0.8269367 1.0860973 0.8453961 1.0917263 1.1728049 0.7470597 1.1006537 1.0704493 0.0000010 1.1643269 1.0899317 1.1835602 1.0735096 0.0000010 0.0000010 1.3093721 1.3057542 0.0000010 0.0000010 1.7411199 1.3057612 1.3381425 1.3381425 1.1416455 0.0000010 1.0737432 1.3764955 1.7450167 1.3204388 1.3096732 1.3459212 1.3366632 1.3116319 1.2612084 1.2486748 0.8396921 0.9330012 0.0000010 0.0000010 1.7698172 9.0000000 2.5813752 0.0000010 
Skow_XM_006816044.1                                          0.0000010 2.0864466 2.1457142 3.3718770 0.0000010 1.9185744 0.0000010 0.0000010 2.1127505 2.2577015 2.2577015 2.2866416 2.9763989 0.0000010 1.0816486 1.0911154 1.1435653 1.1422189 1.3246630 1.3575526 1.3341083 1.2247643 1.1379400 0.0000010 1.4086078 1.2877301 0.0000010 1.4683654 0.0000010 1.4946776 1.2686973 1.0257312 1.0711580 0.9252409 1.4187430 1.0919316 0.0000010 0.7303714 0.0000010 0.0000000 0.8330968 1.0815663 0.0000010 0.9298934 1.0949526 0.9742425 1.2960448 1.3315558 0.0000010 1.3546144 0.0000010 1.6877387 1.3696931 1.2508563 1.1938454 1.2601359 0.0000010 0.0000010 1.2572017 1.1074653 0.0000010 0.0000010 0.0000010 1.2601836 9.0000000 1.2574565 1.0445430 1.0496097 1.0496097 1.2263383 1.1927895 1.0580295 1.0929680 0.0000010 0.9689639 1.6972754 0.9709394 0.0000010 0.0000010 0.0000010 0.0000010 0.0000010 4.3554424 0.0000010 0.0000010 1.3235475 
Ctel_gnl_WGS_AMQN_CAPTEDRAFT_mRNA167427                      4.0567888 2.3743838 2.7452675 4.8217222 1.9868917 2.6157550 1.7717624 1.9027559 3.0748759 3.1045158 2.8394609 2.0000875 1.7510046 1.2879550 1.3901922 1.4002236 1.3888078 1.3862233 1.3349335 1.4580545 1.2272341 1.3253822 1.3960407 1.3633656 1.5714049 1.7916296 0.9527031 1.4343888 1.2229427 1.2706306 1.3891792 1.4509278 0.9142394 1.4284926 1.5818573 1.1323978 0.9578536 1.1313088 0.9013254 0.8330968 0.0000000 1.0865636 1.1546481 1.0561980 1.0769805 1.2140001 1.4279424 1.3994130 1.4988762 1.1453565 1.6958790 2.2177002 1.3912160 1.3769924 1.4578858 1.3956358 2.4013193 2.0465785 1.7800059 1.6274370 1.5085706 1.7100197 1.6456163 1.6399348 1.6973407 1.5965189 1.5558064 1.2532713 1.5672001 1.4456091 1.4435744 1.6913927 1.7365503 1.8574672 1.5986853 1.3772699 1.3892278 1.9526001 1.5652147 1.1777272 1.4391096 2.1255138 3.1951525 2.9356511 4.2171078 0.9774131 
Cscu_XM_023361891.1                                          4.6447876 2.3419973 3.0646973 5.6855123 1.9889783 2.8042199 1.9351945 2.0212080 3.1255502 3.0623330 2.8229900 2.2426298 2.2880501 1.2622637 1.3435253 1.4249070 1.3475365 1.3020877 1.3440168 1.4336747 1.1744375 1.2423358 1.3029780 1.2965180 1.6599581 1.8261779 0.8533924 1.5357493 1.0601617 1.4302484 1.4794887 1.3842577 1.0404629 1.4032219 1.3897507 0.9579780 0.9132151 1.1217764 0.7311299 1.0815663 1.0865636 0.0000000 0.0901906 0.9681109 1.0373813 1.0822193 1.4169788 1.4244528 1.3824298 0.9885693 1.4718632 1.8914337 1.3771308 1.4036221 1.4215371 1.4334462 2.4889658 2.5655964 1.8600564 1.6694913 1.7262907 1.7851985 1.3559937 1.5642988 1.6507852 1.5644899 1.6172033 1.3727343 1.6229745 1.2361476 1.5070657 1.5670410 1.5735752 1.6610717 1.5215002 1.4078232 1.2254833 1.4358821 1.6867885 1.0042266 1.4145114 2.2340377 3.4430608 3.2176292 4.0447736 0.9413730 
Cscu_XM_023361852.1                                          4.6447876 3.3165503 3.2375002 0.0000010 0.0000010 3.4158806 3.2155509 2.4781270 6.1321552 6.1321552 0.0000010 0.0000010 0.0000010 1.7454860 1.6279184 1.6852336 1.6360269 1.5894764 1.6299408 1.6316447 1.5962388 5.7162575 1.5643188 1.5845434 1.3560083 1.4906643 0.0000010 7.9603887 1.4145384 3.5571887 1.5716019 1.3788935 1.6075624 1.3129176 1.9168742 0.7673790 0.9984211 0.9583184 0.7479682 0.0000010 1.1546481 0.0901906 0.0000000 1.0133449 1.2984898 1.1658486 1.5578138 1.5889562 0.0000010 1.3562349 0.0000010 0.0000010 1.3370847 1.4035823 1.5323752 1.4267779 9.0000000 0.0000010 1.8284393 1.5330143 6.1321552 6.1321552 1.6500188 1.4132341 1.3751321 1.3751321 1.3866432 1.6800146 1.3259412 1.2391036 1.9386067 1.8402569 1.7853675 1.8891181 1.7347168 1.3648168 1.6692604 0.0000010 7.2006757 1.2664689 3.8502804 0.0000010 3.6503656 8.9999985 0.5281137 0.0000010 
