39
Lcom_lcpid75021                                          0.0000000 0.0251366 0.6345969 0.6942648 1.9114756 2.6254335 2.6721897 2.3673952 2.7087912 2.7550614 2.2262068 2.5239299 2.3174730 2.2941623 2.3628422 2.3927115 2.2115777 3.1562268 2.3000690 2.1620776 2.3827051 2.4803431 2.7480286 2.8139498 2.7908192 2.2796769 2.1443701 2.0744796 2.7901786 2.8727271 3.2198406 2.7810257 2.7517581 2.8510208 2.9692075 3.4251847 3.2165053 2.6191268 3.0898676 
Lcom_lcpid138351                                         0.0251366 0.0000000 0.5655119 0.5090935 1.9826939 2.4041718 2.6721897 2.3082539 2.3542922 1.9457717 2.2233334 3.9542835 2.4262003 2.3343051 2.4354918 2.1734315 2.1719463 3.1763893 2.2216310 1.8923847 2.6861789 2.7636607 3.0877297 2.4835631 2.6950769 2.3486004 2.3866111 1.4610448 2.5541335 2.7905269 3.2776050 2.5117217 2.6395701 2.4886468 2.6302132 2.9834479 3.2395262 2.6495516 2.8318903 
Gracom_Gcom_scaffold16776_01                             0.6345969 0.5655119 0.0000000 0.6945501 1.7177716 2.3013259 2.2531768 2.1348125 2.4215807 2.3626117 2.0195512 2.3944336 2.1707120 2.2297316 2.2697839 2.2660369 2.1537380 3.2667372 2.0799224 1.8172265 2.1941143 2.3188221 2.6197092 2.5510186 2.7983009 2.2050675 2.1441118 2.0229483 2.5836174 2.5954327 3.1306834 2.6550703 2.6566245 2.7535499 2.9517420 3.7212885 3.3463490 2.5593763 3.0230096 
Scil_scict014082.1                                       0.6942648 0.5090935 0.6945501 0.0000000 1.9364991 2.4394186 2.6606182 2.2461907 2.5633294 2.7674284 2.1802844 2.7464313 2.2542003 2.2309498 2.3755173 2.3897088 2.3171566 3.2564208 2.1742216 1.9884608 2.3607043 2.5347836 2.8709364 2.6281043 2.7828262 2.5083935 2.3991230 2.1776673 2.7579513 2.7721615 3.2723131 2.8372640 2.7708685 2.8456246 2.9912602 3.9483305 3.1553859 2.9917062 3.0311819 
Lcom_lcpid224289                                         1.9114756 1.9826939 1.7177716 1.9364991 0.0000000 2.7132978 2.5988163 3.5332294 2.1576860 3.0554421 2.0495260 3.0449747 2.0524955 1.9546775 2.1586478 1.7404340 1.7511525 3.9379635 2.0562857 1.4311686 2.4423939 1.5361185 2.0997166 2.5319254 2.3013185 2.5618850 2.1475630 1.1928346 2.4105042 2.3921276 3.6479262 2.5606881 2.5283782 2.6034614 3.2213367 2.6699539 2.3343837 2.5876083 2.9621251 
Emue_Em0018g996a.t1                                      2.6254335 2.4041718 2.3013259 2.4394186 2.7132978 0.0000000 0.3805783 0.5664902 1.4984489 1.9531360 2.3127530 2.6740060 2.3437926 2.2150331 2.5106232 2.7040371 2.4904355 3.6695544 2.2287349 1.9953103 2.5669366 2.8521854 3.0348484 2.1828968 2.5709779 2.7573188 2.2229877 2.0435275 2.1259116 2.1860553 2.2012189 2.1334586 2.2840213 2.3745070 2.3874985 4.2625219 3.5245662 3.1143227 3.4406389 
Spolac_c92560_g2_i1_m.7947c92560-g1                      2.6721897 2.6721897 2.2531768 2.6606182 2.5988163 0.3805783 0.0000000 0.0000010 1.1667386 2.2583026 2.0800061 0.0000010 2.0311259 2.0445403 2.3652509 2.0586347 2.0600560 3.3734909 2.4430027 1.5730553 2.2222739 2.8079118 2.9887703 2.1907843 2.2711625 2.4290995 2.2710081 1.4356201 2.0701197 2.1032751 2.5282642 2.2582485 2.2887328 2.3530534 2.3059960 2.9482839 2.7652189 3.1925991 3.4318844 
Spolac_c92560_g1_i1_m.7946c92560-g1                      2.3673952 2.3082539 2.1348125 2.2461907 3.5332294 0.5664902 0.0000010 0.0000000 2.0102239 2.0275154 2.3540727 2.7897975 2.7078248 2.5556403 2.3453865 2.7503586 2.4101608 2.5096061 2.1917068 2.1926970 2.6116503 2.9685289 2.9748891 2.5570069 2.6189303 2.4535576 2.1618101 2.2522944 2.0363199 2.0564079 1.9795285 1.9245371 2.1290054 2.3632560 2.3525440 5.8147532 3.5879773 2.9417541 3.0893114 
Tetwil_g20926.t2                                         2.7087912 2.3542922 2.4215807 2.5633294 2.1576860 1.4984489 1.1667386 2.0102239 0.0000000 1.0095558 1.9696236 2.5028988 2.0776598 1.9598245 2.2532721 2.1724648 2.2407772 3.1219404 2.1510110 1.9985904 2.4690566 2.6063450 2.5349798 2.1681297 2.5773886 2.4361350 2.1244833 2.5947436 2.0719907 2.0772223 2.3821203 2.0591546 2.0321755 2.1414580 2.2872571 3.9334012 2.4833348 2.6225466 3.1112261 
Stycar_maker-SC_scaffold134083-augustus-gene-0.33-mRNA-1 2.7550614 1.9457717 2.3626117 2.7674284 3.0554421 1.9531360 2.2583026 2.0275154 1.0095558 0.0000000 2.0299445 2.5249940 2.2130393 2.1638574 2.1364723 2.4652952 2.6416044 3.5402197 2.1019191 2.1186566 2.7576359 2.5254162 2.9623067 2.1609533 2.9216233 2.6877453 2.2393733 2.2806783 2.4263353 2.5351014 2.7788258 2.4397481 2.5204511 2.4252026 2.3730215 4.6354970 2.8563282 2.5794155 3.5312299 
Fspp_ffun1.m4.10879.m1                                   2.2262068 2.2233334 2.0195512 2.1802844 2.0495260 2.3127530 2.0800061 2.3540727 1.9696236 2.0299445 0.0000000 0.2482280 0.3624166 0.3386593 0.4828337 0.6548704 0.6009110 0.5829604 1.2237346 1.1514676 1.3089835 1.8182062 1.8933873 1.7261665 2.1309386 1.8050026 1.7724615 1.6876164 1.8609600 1.8969460 2.1347830 1.9013289 1.8264342 1.8337361 1.9170171 3.0220221 2.3365535 2.2792953 2.9275059 
Gasp_gasp1.m3.28354.m1                                   2.5239299 3.9542835 2.3944336 2.7464313 3.0449747 2.6740060 0.0000010 2.7897975 2.5028988 2.5249940 0.2482280 0.0000000 0.4357913 0.4160000 0.6345186 1.0267496 0.8034342 1.9440235 1.4755249 1.4905667 1.6422331 1.9661902 1.8063067 2.2535343 2.5321132 2.1520925 1.7948751 1.9810592 2.4777433 2.4224142 2.5098606 2.4896690 2.4601419 2.4619606 2.4542819 3.5065994 3.1221248 2.7419961 3.5921830 
Spis_XP_022795993_1                                      2.3174730 2.4262003 2.1707120 2.2542003 2.0524955 2.3437926 2.0311259 2.7078248 2.0776598 2.2130393 0.3624166 0.4357913 0.0000000 0.1795115 0.6153840 0.7761255 0.7394242 0.7114389 1.2978908 1.2364392 1.3885657 1.8251060 1.9857023 1.8686559 2.2495744 1.8755546 1.8843395 1.7251747 2.0659858 2.0566359 2.3745508 2.1289218 2.0398952 1.9418771 2.0187484 2.8350716 2.5344262 2.5752726 3.0023622 
Pocdam_XM_027183873.1                                    2.2941623 2.3343051 2.2297316 2.2309498 1.9546775 2.2150331 2.0445403 2.5556403 1.9598245 2.1638574 0.3386593 0.4160000 0.1795115 0.0000000 0.5962604 0.7323372 0.6824829 0.7334873 1.1827283 1.1195181 1.3853595 1.8340677 1.9435299 1.8260027 2.1752073 1.9181315 1.7839961 1.6922400 2.0401069 1.9732494 2.3185070 2.0977996 1.9890645 1.9081112 2.0059110 3.0188598 2.4977475 2.5557041 3.0018367 
Gfas_gfas1.m1.8221.m1                                    2.3628422 2.4354918 2.2697839 2.3755173 2.1586478 2.5106232 2.3652509 2.3453865 2.2532721 2.1364723 0.4828337 0.6345186 0.6153840 0.5962604 0.0000000 0.6238781 0.5564621 0.7247554 1.1977846 1.2343923 1.3299908 1.8805407 1.9564651 1.7776941 2.0895219 1.9414685 2.0370370 1.6447610 2.0611370 2.0387910 2.2846736 2.1489489 2.1499195 2.0476019 2.0617645 2.9754022 2.9226283 2.4302046 3.3078277 
Amil_Amillepora31846-RA                                  2.3927115 2.1734315 2.2660369 2.3897088 1.7404340 2.7040371 2.0586347 2.7503586 2.1724648 2.4652952 0.6548704 1.0267496 0.7761255 0.7323372 0.6238781 0.0000000 0.0263599 1.0426742 1.2762737 1.3057735 1.7074989 2.1278516 2.4576345 1.8611042 2.1574078 2.1476309 2.2681050 2.0610128 2.2989523 2.2075301 2.7311055 2.2526545 2.1463419 2.1438456 2.3314780 2.8493810 2.5079347 2.4139868 3.1707063 
Adig_XM_015896227.1                                      2.2115777 2.1719463 2.1537380 2.3171566 1.7511525 2.4904355 2.0600560 2.4101608 2.2407772 2.6416044 0.6009110 0.8034342 0.7394242 0.6824829 0.5564621 0.0263599 0.0000000 1.0359882 1.2495695 1.2630575 1.5986875 2.0729517 2.3533524 1.7667685 2.0816422 1.9680649 2.0004904 1.8269547 2.2596325 2.1867040 2.5599523 2.2125233 2.1432858 2.1679514 2.3254390 3.0672436 2.4610559 2.2886036 3.2631388 
Gasp_gasp1.m3.28357.m1                                   3.1562268 3.1763893 3.2667372 3.2564208 3.9379635 3.6695544 3.3734909 2.5096061 3.1219404 3.5402197 0.5829604 1.9440235 0.7114389 0.7334873 0.7247554 1.0426742 1.0359882 0.0000000 1.6168557 3.6253869 1.6530780 2.8159445 2.8825020 2.2812355 2.6758356 2.5714381 4.0939187 3.2017875 2.5984945 2.6602971 2.2559868 2.4042421 2.5021260 2.4620649 2.4672755 3.4246790 3.8671354 3.1841581 4.0389792 
Exapal_XM_021059849.2                                    2.3000690 2.2216310 2.0799224 2.1742216 2.0562857 2.2287349 2.4430027 2.1917068 2.1510110 2.1019191 1.2237346 1.4755249 1.2978908 1.1827283 1.1977846 1.2762737 1.2495695 1.6168557 0.0000000 0.0118711 1.2243335 1.9208066 1.9451965 1.6649147 1.9684344 1.9937574 1.7970078 1.7787034 2.0027821 1.9731493 2.1259659 1.9898164 1.9291739 1.9421518 2.0234261 3.0403049 2.7690429 2.2675029 3.1413005 
Exapal_XM_021061186.2                                    2.1620776 1.8923847 1.8172265 1.9884608 1.4311686 1.9953103 1.5730553 2.1926970 1.9985904 2.1186566 1.1514676 1.4905667 1.2364392 1.1195181 1.2343923 1.3057735 1.2630575 3.6253869 0.0118711 0.0000000 1.2202312 1.7542817 1.8147049 1.5163743 1.8652626 1.9777683 1.6030551 1.7844294 1.9039548 1.8762647 2.0357908 1.9052904 1.8881384 1.8131451 1.8968391 3.0409915 2.4512287 2.1344050 2.7854260 
Nvec_v1g200333                                           2.3827051 2.6861789 2.1941143 2.3607043 2.4423939 2.5669366 2.2222739 2.6116503 2.4690566 2.7576359 1.3089835 1.6422331 1.3885657 1.3853595 1.3299908 1.7074989 1.5986875 1.6530780 1.2243335 1.2202312 0.0000000 1.9160112 2.0070316 1.9705402 2.1775571 1.9361920 2.1108148 1.9131166 2.2812372 2.2495276 2.4524649 2.3166831 2.2233259 2.2082010 2.2443559 3.1393279 2.7537339 2.2559239 3.2437336 
Dgig_XM_028554248.1                                      2.4803431 2.7636607 2.3188221 2.5347836 1.5361185 2.8521854 2.8079118 2.9685289 2.6063450 2.5254162 1.8182062 1.9661902 1.8251060 1.8340677 1.8805407 2.1278516 2.0729517 2.8159445 1.9208066 1.7542817 1.9160112 0.0000000 1.0528482 2.2013072 2.5621949 2.4488219 2.2855850 2.1426392 2.4217726 2.4272060 2.7226273 2.4649376 2.5069742 2.4148012 2.5778054 3.2470514 2.7081368 2.5075955 3.2966133 
Xesp_005220-T1                                           2.7480286 3.0877297 2.6197092 2.8709364 2.0997166 3.0348484 2.9887703 2.9748891 2.5349798 2.9623067 1.8933873 1.8063067 1.9857023 1.9435299 1.9564651 2.4576345 2.3533524 2.8825020 1.9451965 1.8147049 2.0070316 1.0528482 0.0000000 2.4948554 2.6596521 2.3937825 2.5393622 2.5093772 2.5161604 2.5088877 2.5909371 2.4372844 2.4526764 2.4435899 2.5861329 3.7604096 2.5514064 2.6318016 3.6309284 
Bralan_BLAG07001133_1                                    2.8139498 2.4835631 2.5510186 2.6281043 2.5319254 2.1828968 2.1907843 2.5570069 2.1681297 2.1609533 1.7261665 2.2535343 1.8686559 1.8260027 1.7776941 1.8611042 1.7667685 2.2812355 1.6649147 1.5163743 1.9705402 2.2013072 2.4948554 0.0000000 1.3593829 1.6508931 1.7934575 2.0656496 2.3800294 2.3649603 2.5640992 2.3800669 2.3742010 2.3725921 2.4333153 2.8358119 2.1106615 2.1016054 3.2541514 
Hsap_ENST00000380051                                     2.7908192 2.6950769 2.7983009 2.7828262 2.3013185 2.5709779 2.2711625 2.6189303 2.5773886 2.9216233 2.1309386 2.5321132 2.2495744 2.1752073 2.0895219 2.1574078 2.0816422 2.6758356 1.9684344 1.8652626 2.1775571 2.5621949 2.6596521 1.3593829 0.0000000 1.8285643 2.2828288 2.0969816 2.3841702 2.3850832 2.7423530 2.4077306 2.5874680 2.5527336 2.7226990 3.1023351 3.1242464 2.6928153 3.1253100 
Acagra_model.g29572.t1                                   2.2796769 2.3486004 2.2050675 2.5083935 2.5618850 2.7573188 2.4290995 2.4535576 2.4361350 2.6877453 1.8050026 2.1520925 1.8755546 1.9181315 1.9414685 2.1476309 1.9680649 2.5714381 1.9937574 1.9777683 1.9361920 2.4488219 2.3937825 1.6508931 1.8285643 0.0000000 2.1431936 1.7676388 2.3582800 2.3132479 2.5359486 2.3737934 2.4192078 2.2182840 2.2892780 3.0771396 2.0431779 2.3898214 3.0902779 
Opea_EP00118_Oscarella_pearsei_P004955                   2.1443701 2.3866111 2.1441118 2.3991230 2.1475630 2.2229877 2.2710081 2.1618101 2.1244833 2.2393733 1.7724615 1.7948751 1.8843395 1.7839961 2.0370370 2.2681050 2.0004904 4.0939187 1.7970078 1.6030551 2.1108148 2.2855850 2.5393622 1.7934575 2.2828288 2.1431936 0.0000000 0.9888724 1.9719129 1.9792678 2.2274723 1.9742656 1.9247462 2.2398320 2.2873665 3.1552258 2.8261812 2.4909748 3.3610967 
Plajan_Pjan_C532841_01                                   2.0744796 1.4610448 2.0229483 2.1776673 1.1928346 2.0435275 1.4356201 2.2522944 2.5947436 2.2806783 1.6876164 1.9810592 1.7251747 1.6922400 1.6447610 2.0610128 1.8269547 3.2017875 1.7787034 1.7844294 1.9131166 2.1426392 2.5093772 2.0656496 2.0969816 1.7676388 0.9888724 0.0000000 1.9687726 1.8743339 2.0865551 1.8998845 1.8433311 2.0187657 2.0331585 3.4535923 2.5247640 2.5106691 2.6597828 
HoiH23_PlH23_002767-RA                                   2.7901786 2.5541335 2.5836174 2.7579513 2.4105042 2.1259116 2.0701197 2.0363199 2.0719907 2.4263353 1.8609600 2.4777433 2.0659858 2.0401069 2.0611370 2.2989523 2.2596325 2.5984945 2.0027821 1.9039548 2.2812372 2.4217726 2.5161604 2.3800294 2.3841702 2.3582800 1.9719129 1.9687726 0.0000000 0.0759277 0.2046310 0.1679342 0.2529613 0.4482832 0.4928237 3.3513488 2.5962702 2.5313685 3.2213763 
HoiH06_mRNA4327                                          2.8727271 2.7905269 2.5954327 2.7721615 2.3921276 2.1860553 2.1032751 2.0564079 2.0772223 2.5351014 1.8969460 2.4224142 2.0566359 1.9732494 2.0387910 2.2075301 2.1867040 2.6602971 1.9731493 1.8762647 2.2495276 2.4272060 2.5088877 2.3649603 2.3850832 2.3132479 1.9792678 1.8743339 0.0759277 0.0000000 0.1824528 0.1725360 0.2340334 0.4620740 0.5084719 3.3574228 2.5753065 2.5805011 3.3144298 
Hhon_g01043.t1                                           3.2198406 3.2776050 3.1306834 3.2723131 3.6479262 2.2012189 2.5282642 1.9795285 2.3821203 2.7788258 2.1347830 2.5098606 2.3745508 2.3185070 2.2846736 2.7311055 2.5599523 2.2559868 2.1259659 2.0357908 2.4524649 2.7226273 2.5909371 2.5640992 2.7423530 2.5359486 2.2274723 2.0865551 0.2046310 0.1824528 0.0000000 0.0149181 0.2588847 0.5194590 0.5239584 3.5050790 2.8119504 2.5796010 3.7468766 
HoiH04_mRNA10521                                         2.7810257 2.5117217 2.6550703 2.8372640 2.5606881 2.1334586 2.2582485 1.9245371 2.0591546 2.4397481 1.9013289 2.4896690 2.1289218 2.0977996 2.1489489 2.2526545 2.2125233 2.4042421 1.9898164 1.9052904 2.3166831 2.4649376 2.4372844 2.3800669 2.4077306 2.3737934 1.9742656 1.8998845 0.1679342 0.1725360 0.0149181 0.0000000 0.2499628 0.4753410 0.5046570 3.2775609 2.5028204 2.5040394 3.1380271 
HoiH11_mRNA6169                                          2.7517581 2.6395701 2.6566245 2.7708685 2.5283782 2.2840213 2.2887328 2.1290054 2.0321755 2.5204511 1.8264342 2.4601419 2.0398952 1.9890645 2.1499195 2.1463419 2.1432858 2.5021260 1.9291739 1.8881384 2.2233259 2.5069742 2.4526764 2.3742010 2.5874680 2.4192078 1.9247462 1.8433311 0.2529613 0.2340334 0.2588847 0.2499628 0.0000000 0.4307548 0.4775383 3.3691584 2.5903293 2.5662925 3.1537818 
TrH2_TrispH2_001619-RA                                   2.8510208 2.4886468 2.7535499 2.8456246 2.6034614 2.3745070 2.3530534 2.3632560 2.1414580 2.4252026 1.8337361 2.4619606 1.9418771 1.9081112 2.0476019 2.1438456 2.1679514 2.4620649 1.9421518 1.8131451 2.2082010 2.4148012 2.4435899 2.3725921 2.5527336 2.2182840 2.2398320 2.0187657 0.4482832 0.4620740 0.5194590 0.4753410 0.4307548 0.0000000 0.0063427 3.4749976 2.5740100 2.6418041 3.0881303 
Tadh_TriadT55727                                         2.9692075 2.6302132 2.9517420 2.9912602 3.2213367 2.3874985 2.3059960 2.3525440 2.2872571 2.3730215 1.9170171 2.4542819 2.0187484 2.0059110 2.0617645 2.3314780 2.3254390 2.4672755 2.0234261 1.8968391 2.2443559 2.5778054 2.5861329 2.4333153 2.7226990 2.2892780 2.2873665 2.0331585 0.4928237 0.5084719 0.5239584 0.5046570 0.4775383 0.0063427 0.0000000 3.7522565 2.7332533 2.6373498 3.2838493 
Tcas_TC033157_001                                        3.4251847 2.9834479 3.7212885 3.9483305 2.6699539 4.2625219 2.9482839 5.8147532 3.9334012 4.6354970 3.0220221 3.5065994 2.8350716 3.0188598 2.9754022 2.8493810 3.0672436 3.4246790 3.0403049 3.0409915 3.1393279 3.2470514 3.7604096 2.8358119 3.1023351 3.0771396 3.1552258 3.4535923 3.3513488 3.3574228 3.5050790 3.2775609 3.3691584 3.4749976 3.7522565 0.0000000 3.3121622 4.0412558 3.8635173 
Cgig_XM_011421676.3                                      3.2165053 3.2395262 3.3463490 3.1553859 2.3343837 3.5245662 2.7652189 3.5879773 2.4833348 2.8563282 2.3365535 3.1221248 2.5344262 2.4977475 2.9226283 2.5079347 2.4610559 3.8671354 2.7690429 2.4512287 2.7537339 2.7081368 2.5514064 2.1106615 3.1242464 2.0431779 2.8261812 2.5247640 2.5962702 2.5753065 2.8119504 2.5028204 2.5903293 2.5740100 2.7332533 3.3121622 0.0000000 2.4469115 2.9471917 
Ctel_gnl_WGS_AMQN_CAPTEDRAFT_mRNA205340                  2.6191268 2.6495516 2.5593763 2.9917062 2.5876083 3.1143227 3.1925991 2.9417541 2.6225466 2.5794155 2.2792953 2.7419961 2.5752726 2.5557041 2.4302046 2.4139868 2.2886036 3.1841581 2.2675029 2.1344050 2.2559239 2.5075955 2.6318016 2.1016054 2.6928153 2.3898214 2.4909748 2.5106691 2.5313685 2.5805011 2.5796010 2.5040394 2.5662925 2.6418041 2.6373498 4.0412558 2.4469115 0.0000000 3.3170823 
Dpul_mRNA24267                                           3.0898676 2.8318903 3.0230096 3.0311819 2.9621251 3.4406389 3.4318844 3.0893114 3.1112261 3.5312299 2.9275059 3.5921830 3.0023622 3.0018367 3.3078277 3.1707063 3.2631388 4.0389792 3.1413005 2.7854260 3.2437336 3.2966133 3.6309284 3.2541514 3.1253100 3.0902779 3.3610967 2.6597828 3.2213763 3.3144298 3.7468766 3.1380271 3.1537818 3.0881303 3.2838493 3.8635173 2.9471917 3.3170823 0.0000000 
