46
Hvul_g5051_1                            0.0000000 4.3151174 4.3383170 4.4915253 3.0512820 4.7961660 4.3404144 4.6117216 4.2410246 4.3185745 3.1460040 4.2124227 4.2895040 2.7121129 4.4796954 4.5559797 4.0890542 3.9977203 4.3251091 4.1840929 4.1471829 4.3949524 3.2121710 4.2973776 4.2452365 3.5950608 3.5740570 3.5820990 3.1775516 3.6014345 3.5941064 5.0667849 4.4336164 4.7863984 2.8822472 3.6105232 3.6431147 3.2982681 4.8775363 5.9556353 4.3818761 4.2635568 4.6543004 4.6632244 4.3203325 3.6701188 
Amil_Amillepora21013-RA                 4.3151174 0.0000000 0.0257959 0.8802229 0.4772920 0.8079695 0.6514115 0.8374576 1.8715162 1.7929513 2.0023268 2.5718561 2.9226962 1.5630042 2.7638671 2.9294393 2.4234115 2.6168704 2.9616694 3.7009321 3.7653610 3.7770896 2.1264421 4.0068016 3.9683586 3.0329565 2.9134748 2.8949596 1.9490543 2.8452380 3.0326995 3.3163503 3.5228934 4.0721003 2.2294847 2.9660175 2.6691485 3.2701221 5.0007823 3.3542356 3.5287405 3.5471146 3.7958900 3.6676717 3.1576129 3.4862367 
Adig_XM_015907952.1                     4.3383170 0.0257959 0.0000000 0.8849659 0.4772920 0.8349362 0.6528122 0.8557503 1.9561410 1.8684344 1.9235365 2.4996817 2.8862005 1.4121670 2.7488989 2.8801376 2.3870012 2.6856571 2.9035344 3.6209395 3.6791004 3.6626855 1.9961985 3.7713798 3.7230530 3.0241867 2.9077397 2.8529628 1.8357475 2.8121919 3.0150597 3.2751495 3.5947821 4.2745884 2.0987173 2.9832366 2.6644633 3.2412670 5.1584775 2.9805797 3.5813350 3.5981054 3.7192666 3.6498999 3.1120735 3.4836334 
Pocdam_XM_027204873.1                   4.4915253 0.8802229 0.8849659 0.0000000 0.3809328 0.5032433 0.5861487 0.4810650 1.6715642 1.5682437 1.5317804 2.4116830 2.7580371 1.2952754 2.7019018 2.7463974 2.2957827 2.6838815 2.7610623 3.3773831 3.3862516 3.4786623 1.7963219 3.5322340 3.5327581 2.7577271 2.6521716 2.5744959 1.7136974 2.5419195 2.6164816 3.3732580 3.6345994 3.9381889 2.0320187 2.7226211 2.6768209 3.0489214 4.8449635 2.7129972 3.2884440 3.3105905 3.7131404 3.2520550 3.0840906 3.3451760 
Fspp_ffun1.m4.206.m1                    3.0512820 0.4772920 0.4772920 0.3809328 0.0000000 0.2521932 0.3045018 2.1822329 0.8011777 0.8969859 1.8768117 1.4434812 1.1889158 1.7144730 1.3884822 1.4448460 1.4039796 1.4056205 1.5492886 1.8216973 1.6957751 1.9243340 1.9243340 1.7508012 1.7508012 1.9794033 1.7531586 1.7934466 1.7932574 1.6965738 1.8082318 2.0069206 1.6564593 1.9549706 1.7878416 1.8566935 1.7364775 2.2089187 3.1702694 4.3621689 2.2927229 2.2927229 2.5680318 2.2478415 4.4453706 2.0082069 
Gasp_gasp1.m3.6769.m1                   4.7961660 0.8079695 0.8349362 0.5032433 0.2521932 0.0000000 0.5653955 0.3805561 1.7795541 1.6823582 1.5764513 2.2989876 2.6033222 1.2234997 2.7335398 2.8403170 2.2627500 2.5360336 2.7830506 3.2701287 3.1195000 3.1856453 1.7391655 3.3016034 3.2933658 2.8178496 2.7062089 2.8409549 1.7214082 2.6756165 2.7076872 3.4261624 3.5409829 3.9191920 2.0510433 2.6848561 2.5396223 3.1784653 4.5402398 2.4376645 3.3562543 3.3719407 3.7223925 3.5122732 3.2884967 3.3605602 
Gfas_gfas1.m1.19212.m1                  4.3404144 0.6514115 0.6528122 0.5861487 0.3045018 0.5653955 0.0000000 0.5854130 1.6225718 1.5180344 1.5843287 2.2467346 2.6474946 1.2616666 2.5896789 2.6996024 2.2549957 2.3944186 2.6223547 3.4324008 3.3677530 3.4314131 1.8239454 3.4780909 3.4369816 2.8244488 2.7381103 2.8813372 1.7644727 2.6323820 2.6664963 3.4415028 3.6492401 3.8250466 2.0574913 2.8312726 2.5280705 3.0867298 4.7179974 2.6551279 3.1036991 3.1279740 3.8711477 3.2728197 3.1131154 3.3726834 
Fspp_ffun1.m4.24541.m1                  4.6117216 0.8374576 0.8557503 0.4810650 2.1822329 0.3805561 0.5854130 0.0000000 1.7983958 1.6807568 1.4561907 2.3660630 3.0590357 1.1648829 2.9932299 3.2405218 2.3054445 2.8050810 2.8972304 3.7016644 3.6797099 3.8459407 1.8639349 3.9913950 4.0064175 2.7451629 2.7376321 2.7230681 1.5446094 2.7462185 2.6794340 3.7092054 4.1608189 4.9051919 2.5087720 2.7724352 2.7596661 4.1758708 5.0038648 2.0651320 3.8602644 3.8229794 4.1639672 3.0996727 2.7044940 3.5865252 
Exapal_XM_021042201.2                   4.2410246 1.8715162 1.9561410 1.6715642 0.8011777 1.7795541 1.6225718 1.7983958 0.0000000 1.3623466 1.5603365 2.3477712 2.5182995 1.3686446 2.7146487 2.6791938 2.2798248 2.4977224 2.9175359 3.4211443 3.4338901 3.5018447 1.7769727 3.6441935 3.6326650 2.8485041 2.7809985 2.8333886 1.6064072 2.6582750 2.8674764 3.1495335 4.2858757 4.5154302 2.3534929 2.9191330 2.7849082 3.2736853 4.7305769 3.6390456 3.1202433 3.1202433 3.8269324 3.4495187 3.5236058 3.5789667 
Nvec_v1g92099                           4.3185745 1.7929513 1.8684344 1.5682437 0.8969859 1.6823582 1.5180344 1.6807568 1.3623466 0.0000000 1.6372319 2.3498073 2.6105482 1.3722260 2.4922650 2.7860015 2.1824894 2.6413388 2.7891276 3.3064622 3.3275162 3.3548825 1.9455603 3.4985469 3.4947488 2.9022043 2.8329318 2.8253256 1.7447925 2.6884012 2.8145566 3.3501823 3.8569739 4.1656035 2.0604815 2.7967440 2.7341785 3.1995871 4.3678236 3.2470225 3.6636847 3.6636847 4.0255433 3.2249799 2.9956127 3.2023484 
Dpul_mRNA15125                          3.1460040 2.0023268 1.9235365 1.5317804 1.8768117 1.5764513 1.5843287 1.4561907 1.5603365 1.6372319 0.0000000 0.9324548 1.0855755 1.3861285 1.1851116 1.4091357 1.1180361 1.2144175 1.2209450 2.4128604 2.3038167 2.3205232 2.3205232 2.2877494 2.2877494 2.0495942 2.0495942 2.1488072 2.1304312 2.0729858 2.1059189 1.7325610 3.2697847 2.8950573 2.3858051 2.2341038 2.2647391 3.4065059 3.3007645 3.3975343 2.9710636 2.9710636 2.9230533 1.6068779 1.1253976 2.2580107 
Skow_XM_006823785.1                     4.2124227 2.5718561 2.4996817 2.4116830 1.4434812 2.2989876 2.2467346 2.3660630 2.3477712 2.3498073 0.9324548 0.0000000 1.2561987 0.8388508 1.8048528 1.9411254 1.4748392 1.9732575 2.3374320 3.1970562 3.0895026 3.3694385 1.5988429 3.1845252 3.2044850 2.7734479 2.6471463 2.7498676 1.4691428 2.8573022 2.8996438 2.5009883 3.7203136 4.1995419 2.0057263 2.6586624 2.7800015 3.4712651 4.2123051 2.5256717 3.1422482 3.1102589 3.3127181 2.9569034 2.1405889 4.1378010 
Spur_XM_030974695.1                     4.2895040 2.9226962 2.8862005 2.7580371 1.1889158 2.6033222 2.6474946 3.0590357 2.5182995 2.6105482 1.0855755 1.2561987 0.0000000 0.9169214 1.9093306 2.1556211 1.6984613 2.0800917 2.4470068 3.1853429 2.9654072 3.1532267 1.6939304 3.0431739 3.0766907 2.6519001 2.5897316 2.8665362 1.5151433 2.7798815 2.6612111 2.6342112 3.8547422 3.9651808 2.3650685 2.8775548 3.0544576 3.8232402 4.0139020 3.1700704 3.5627490 3.5664027 3.3637935 3.2492137 2.3058239 4.0903150 
Ctel_gnl_WGS_AMQN_CAPTEDRAFT_mRNA141845 2.7121129 1.5630042 1.4121670 1.2952754 1.7144730 1.2234997 1.2616666 1.1648829 1.3686446 1.3722260 1.3861285 0.8388508 0.9169214 0.0000000 1.1150954 1.1974080 1.0318570 1.1092995 1.2144882 2.0175191 1.9413219 1.9676919 1.9676919 1.8441558 1.8441558 1.6697645 1.6959335 1.8142479 1.8314530 1.7482933 1.7600250 1.3789864 2.3952441 2.7776951 2.1787634 2.0146865 2.0267657 2.7469012 3.0348130 2.8469840 2.7749320 2.7749320 2.9958152 1.1690293 1.1250799 2.2923957 
Hsap_ENST00000305123                    4.4796954 2.7638671 2.7488989 2.7019018 1.3884822 2.7335398 2.5896789 2.9932299 2.7146487 2.4922650 1.1851116 1.8048528 1.9093306 1.1150954 0.0000000 0.9569620 1.4787913 2.0970234 2.7771869 3.5190318 3.5656108 3.5676919 1.8074051 3.4476687 3.4197332 3.1639928 3.0462907 2.9159019 1.5599875 2.9467731 3.0184511 1.9528106 3.7451003 3.3645075 2.0452459 3.1877376 2.9689977 3.1551025 4.1774121 3.1293113 3.1797060 3.1775601 3.5416920 3.2311166 2.3375962 4.0679608 
Hsap_ENST00000375856                    4.5559797 2.9294393 2.8801376 2.7463974 1.4448460 2.8403170 2.6996024 3.2405218 2.6791938 2.7860015 1.4091357 1.9411254 2.1556211 1.1974080 0.9569620 0.0000000 1.7004918 2.3307927 2.9619511 3.5172486 3.3992445 3.5535139 1.8171359 3.4724813 3.5211909 2.9417194 2.8453216 2.8444525 1.6235332 2.8893221 2.9630343 2.0174681 3.6426934 3.5080198 2.2260456 3.2754482 3.3365594 3.1753680 3.4766244 3.1053703 3.3539049 3.3495284 3.7112247 3.2225083 2.6556054 4.2011101 
Bralan_BLAG16101156_10                  4.0890542 2.4234115 2.3870012 2.2957827 1.4039796 2.2627500 2.2549957 2.3054445 2.2798248 2.1824894 1.1180361 1.4748392 1.6984613 1.0318570 1.4787913 1.7004918 0.0000000 1.9051845 2.2295204 3.1108025 3.0018438 3.1394223 1.8459439 3.0947998 3.0923573 2.7140906 2.5861045 2.5558003 1.6222490 2.7381200 2.5743346 2.1246846 3.6856165 3.6950128 1.9222672 2.6134675 2.5544116 3.1707641 3.8191959 2.8955159 3.5076690 3.4793030 3.5443561 3.1253556 2.0242822 3.6026208 
Tcas_TC034013_001                       3.9977203 2.6168704 2.6856571 2.6838815 1.4056205 2.5360336 2.3944186 2.8050810 2.4977224 2.6413388 1.2144175 1.9732575 2.0800917 1.1092995 2.0970234 2.3307927 1.9051845 0.0000000 2.3833850 3.0785062 2.9940732 3.2507169 2.0080130 3.0633486 3.0646617 2.5116014 2.4444365 2.5828333 1.8324893 2.5784226 2.4643561 2.7320178 4.0311623 3.5637384 1.9606988 2.6247146 2.5554202 3.4711038 3.9987171 3.4713623 3.5011409 3.4633835 3.4648305 3.3416469 2.1899809 3.8891454 
Acagra_model.g18743.t1                  4.3251091 2.9616694 2.9035344 2.7610623 1.5492886 2.7830506 2.6223547 2.8972304 2.9175359 2.7891276 1.2209450 2.3374320 2.4470068 1.2144882 2.7771869 2.9619511 2.2295204 2.3833850 0.0000000 3.9813510 3.9681732 4.1503818 2.1985598 4.1620824 4.1485699 3.1259823 3.0451995 3.1855198 1.9258620 3.1426278 3.0325726 3.1687062 4.1558325 4.2654013 2.4342642 3.4169860 3.2666040 3.8290916 4.5566881 3.2762162 3.7668578 3.7830137 4.0603730 2.7823432 3.3183618 4.0051868 
HoiH06_mRNA1811                         4.1840929 3.7009321 3.6209395 3.3773831 1.8216973 3.2701287 3.4324008 3.7016644 3.4211443 3.3064622 2.4128604 3.1970562 3.1853429 2.0175191 3.5190318 3.5172486 3.1108025 3.0785062 3.9813510 0.0000000 0.1643886 0.8158083 0.4339418 0.3517236 0.3574585 1.3771764 1.3313948 1.4550119 0.7022214 1.3982101 1.3897818 3.3731847 4.3849028 5.1481049 3.0674902 3.5162578 3.2115425 3.6712343 5.0769809 5.2635077 3.4499141 3.4499141 4.0603837 3.9647501 3.8052855 4.2089844 
HoiH23_PlH23_008522-RA                  4.1471829 3.7653610 3.6791004 3.3862516 1.6957751 3.1195000 3.3677530 3.6797099 3.4338901 3.3275162 2.3038167 3.0895026 2.9654072 1.9413219 3.5656108 3.3992445 3.0018438 2.9940732 3.9681732 0.1643886 0.0000000 0.7888357 0.3837597 0.3179202 0.3183027 1.3577452 1.3226898 1.4584235 0.6591261 1.3897778 1.3934179 3.3982654 4.4256594 5.3871227 3.1041946 3.3903010 3.2156372 3.7557988 5.0400911 5.2094610 3.4225291 3.4225291 4.1697578 4.0295989 3.8617409 4.3461045 
TrH2_TrispH2_000672-RA                  4.3949524 3.7770896 3.6626855 3.4786623 1.9243340 3.1856453 3.4314131 3.8459407 3.5018447 3.3548825 2.3205232 3.3694385 3.1532267 1.9676919 3.5676919 3.5535139 3.1394223 3.2507169 4.1503818 0.8158083 0.7888357 0.0000000 0.0000010 0.7666550 0.7694082 1.5211336 1.4638016 1.5589946 0.6975954 1.5173181 1.5319341 3.5693757 4.7395169 5.3566818 3.2092610 3.7997288 3.5906619 3.6132564 5.7336442 4.9815452 3.9362216 3.9362216 4.2778693 4.5903477 3.8969155 4.4198540 
Tadh_TriadT27870                        3.2121710 2.1264421 1.9961985 1.7963219 1.9243340 1.7391655 1.8239454 1.8639349 1.7769727 1.9455603 2.3205232 1.5988429 1.6939304 1.9676919 1.8074051 1.8171359 1.8459439 2.0080130 2.1985598 0.4339418 0.3837597 0.0000010 0.0000000 0.3509329 0.3509329 0.7264292 0.6326725 0.7062337 0.6975954 0.6284676 0.6675835 1.8827736 2.9027351 2.9376520 2.9748222 2.4666767 2.4935518 3.1053523 3.9167843 4.0606231 3.1753946 3.1753946 3.1900282 2.1909189 2.0414705 2.9417985 
Hhon_g00019.t1                          4.2973776 4.0068016 3.7713798 3.5322340 1.7508012 3.3016034 3.4780909 3.9913950 3.6441935 3.4985469 2.2877494 3.1845252 3.0431739 1.8441558 3.4476687 3.4724813 3.0947998 3.0633486 4.1620824 0.3517236 0.3179202 0.7666550 0.3509329 0.0000000 0.0206996 1.4163170 1.3729427 1.4611881 0.6056329 1.4433319 1.4271699 3.5033943 4.6305596 4.9342742 3.0145481 3.6139618 3.2315177 3.4915044 5.2396410 4.5478571 3.5234824 3.5234824 4.1288544 4.0264699 4.2596016 4.0732159 
HoiH04_mRNA293                          4.2452365 3.9683586 3.7230530 3.5327581 1.7508012 3.2933658 3.4369816 4.0064175 3.6326650 3.4947488 2.2877494 3.2044850 3.0766907 1.8441558 3.4197332 3.5211909 3.0923573 3.0646617 4.1485699 0.3574585 0.3183027 0.7694082 0.3509329 0.0206996 0.0000000 1.4212181 1.3775862 1.4651491 0.6056329 1.4514004 1.4254550 3.5062678 4.6316984 4.8555633 3.0145481 3.6722983 3.2565830 3.5140824 5.2724885 4.6529379 3.4775290 3.4775290 4.1850632 4.0457484 4.2703431 4.0988179 
HoiH04_mRNA246                          3.5950608 3.0329565 3.0241867 2.7577271 1.9794033 2.8178496 2.8244488 2.7451629 2.8485041 2.9022043 2.0495942 2.7734479 2.6519001 1.6697645 3.1639928 2.9417194 2.7140906 2.5116014 3.1259823 1.3771764 1.3577452 1.5211336 0.7264292 1.4163170 1.4212181 0.0000000 0.0158191 0.4192869 0.3605500 0.2157413 0.2484066 2.8774493 4.0834253 4.5864676 2.7384305 2.9091375 2.8972519 3.2711696 4.0850079 3.9655931 3.5390302 3.5390302 3.6509656 3.5530461 3.4517355 3.5503680 
Hhon_g00037.t1                          3.5740570 2.9134748 2.9077397 2.6521716 1.7531586 2.7062089 2.7381103 2.7376321 2.7809985 2.8329318 2.0495942 2.6471463 2.5897316 1.6959335 3.0462907 2.8453216 2.5861045 2.4444365 3.0451995 1.3313948 1.3226898 1.4638016 0.6326725 1.3729427 1.3775862 0.0158191 0.0000000 0.3910918 0.2796717 0.2009235 0.2464371 2.8057339 3.9830855 4.4793333 2.8185459 2.8667844 2.8385760 3.1441278 4.0064345 3.9796112 3.4655346 3.4655346 3.6520517 3.5612124 3.4393748 3.5537497 
TrH2_TrispH2_000653-RA                  3.5820990 2.8949596 2.8529628 2.5744959 1.7934466 2.8409549 2.8813372 2.7230681 2.8333886 2.8253256 2.1488072 2.7498676 2.8665362 1.8142479 2.9159019 2.8444525 2.5558003 2.5828333 3.1855198 1.4550119 1.4584235 1.5589946 0.7062337 1.4611881 1.4651491 0.4192869 0.3910918 0.0000000 0.0051574 0.4298535 0.4309560 2.9412002 4.1650958 4.5828575 2.6771072 2.8524915 2.8889569 3.2749893 3.8731611 3.9431859 3.5911477 3.5537848 3.7319179 3.4282725 3.1676356 3.5656857 
Tadh_TriadT28050                        3.1775516 1.9490543 1.8357475 1.7136974 1.7932574 1.7214082 1.7644727 1.5446094 1.6064072 1.7447925 2.1304312 1.4691428 1.5151433 1.8314530 1.5599875 1.6235332 1.6222490 1.8324893 1.9258620 0.7022214 0.6591261 0.6975954 0.6975954 0.6056329 0.6056329 0.3605500 0.2796717 0.0051574 0.0000000 0.3239570 0.3429557 1.7124185 2.5946952 2.9182721 2.6465065 2.3985198 2.1911179 2.8789837 3.3829773 3.4299361 3.0990717 3.0990717 3.2255185 1.7274185 1.9581853 2.5463601 
HoiH23_PlH23_009601-RA                  3.6014345 2.8452380 2.8121919 2.5419195 1.6965738 2.6756165 2.6323820 2.7462185 2.6582750 2.6884012 2.0729858 2.8573022 2.7798815 1.7482933 2.9467731 2.8893221 2.7381200 2.5784226 3.1426278 1.3982101 1.3897778 1.5173181 0.6284676 1.4433319 1.4514004 0.2157413 0.2009235 0.4298535 0.3239570 0.0000000 0.2874419 2.8972133 3.9736254 4.1923852 2.7357364 2.7826455 2.7543804 3.1341894 4.2739253 3.8927897 3.3653249 3.3653249 3.4906407 3.4849874 3.5179819 3.4947879 
HoiH11_mRNA1277                         3.5941064 3.0326995 3.0150597 2.6164816 1.8082318 2.7076872 2.6664963 2.6794340 2.8674764 2.8145566 2.1059189 2.8996438 2.6612111 1.7600250 3.0184511 2.9630343 2.5743346 2.4643561 3.0325726 1.3897818 1.3934179 1.5319341 0.6675835 1.4271699 1.4254550 0.2484066 0.2464371 0.4309560 0.3429557 0.2874419 0.0000000 2.8995505 4.1167386 4.2972260 2.7452875 2.7099120 2.7445525 3.1864254 4.4114719 4.0622774 3.4203064 3.4203064 3.7100504 3.5458803 3.3997072 3.5271613 
Hsap_ENST00000372129                    5.0667849 3.3163503 3.2751495 3.3732580 2.0069206 3.4261624 3.4415028 3.7092054 3.1495335 3.3501823 1.7325610 2.5009883 2.6342112 1.3789864 1.9528106 2.0174681 2.1246846 2.7320178 3.1687062 3.3731847 3.3982654 3.5693757 1.8827736 3.5033943 3.5062678 2.8774493 2.8057339 2.9412002 1.7124185 2.8972133 2.8995505 0.0000000 4.3841496 4.5064157 2.6532258 3.4338147 3.4734526 3.5354685 4.0638976 3.4149467 4.0655985 4.0700029 4.2339797 3.3888099 3.3569280 3.9565186 
Rhoesc_Res_012880-T3                    4.4336164 3.5228934 3.5947821 3.6345994 1.6564593 3.5409829 3.6492401 4.1608189 4.2858757 3.8569739 3.2697847 3.7203136 3.8547422 2.3952441 3.7451003 3.6426934 3.6856165 4.0311623 4.1558325 4.3849028 4.4256594 4.7395169 2.9027351 4.6305596 4.6316984 4.0834253 3.9830855 4.1650958 2.5946952 3.9736254 4.1167386 4.3841496 0.0000000 0.5678183 1.2266656 3.6645360 3.6925430 3.5110867 4.8939330 4.0784728 4.6092280 4.5895740 4.8282731 4.3666652 3.7948172 3.6663152 
Nemnom_g738.t1                          4.7863984 4.0721003 4.2745884 3.9381889 1.9549706 3.9191920 3.8250466 4.9051919 4.5154302 4.1656035 2.8950573 4.1995419 3.9651808 2.7776951 3.3645075 3.5080198 3.6950128 3.5637384 4.2654013 5.1481049 5.3871227 5.3566818 2.9376520 4.9342742 4.8555633 4.5864676 4.4793333 4.5828575 2.9182721 4.1923852 4.2972260 4.5064157 0.5678183 0.0000000 1.2913961 3.8955368 3.8473864 3.6709331 4.7190073 3.8321979 5.3786621 5.3336371 4.4094347 4.5715965 3.9823890 3.9227367 
Aaur_scaffold229.g4.t1                  2.8822472 2.2294847 2.0987173 2.0320187 1.7878416 2.0510433 2.0574913 2.5087720 2.3534929 2.0604815 2.3858051 2.0057263 2.3650685 2.1787634 2.0452459 2.2260456 1.9222672 1.9606988 2.4342642 3.0674902 3.1041946 3.2092610 2.9748222 3.0145481 3.0145481 2.7384305 2.8185459 2.6771072 2.6465065 2.7357364 2.7452875 2.6532258 1.2266656 1.2913961 0.0000000 3.2608955 3.1200513 2.6620530 3.4454604 3.0687669 3.5420003 3.5420003 3.9286389 1.9109238 2.1857329 1.9288754 
Dgig_XM_028550179.1                     3.6105232 2.9660175 2.9832366 2.7226211 1.8566935 2.6848561 2.8312726 2.7724352 2.9191330 2.7967440 2.2341038 2.6586624 2.8775548 2.0146865 3.1877376 3.2754482 2.6134675 2.6247146 3.4169860 3.5162578 3.3903010 3.7997288 2.4666767 3.6139618 3.6722983 2.9091375 2.8667844 2.8524915 2.3985198 2.7826455 2.7099120 3.4338147 3.6645360 3.8955368 3.2608955 0.0000000 0.6545190 3.4612997 4.3170508 4.6128818 3.8273830 3.8273830 3.5301673 3.5305507 3.4822577 3.3669702 
Xesp_002518-T1                          3.6431147 2.6691485 2.6644633 2.6768209 1.7364775 2.5396223 2.5280705 2.7596661 2.7849082 2.7341785 2.2647391 2.7800015 3.0544576 2.0267657 2.9689977 3.3365594 2.5544116 2.5554202 3.2666040 3.2115425 3.2156372 3.5906619 2.4935518 3.2315177 3.2565830 2.8972519 2.8385760 2.8889569 2.1911179 2.7543804 2.7445525 3.4734526 3.6925430 3.8473864 3.1200513 0.6545190 0.0000000 3.7583727 4.2222760 4.2761291 3.6294659 3.6294659 3.7252237 3.4572544 3.2008168 3.1019863 
Chem_TCONS_00009694                     3.2982681 3.2701221 3.2412670 3.0489214 2.2089187 3.1784653 3.0867298 4.1758708 3.2736853 3.1995871 3.4065059 3.4712651 3.8232402 2.7469012 3.1551025 3.1753680 3.1707641 3.4711038 3.8290916 3.6712343 3.7557988 3.6132564 3.1053523 3.4915044 3.5140824 3.2711696 3.1441278 3.2749893 2.8789837 3.1341894 3.1864254 3.5354685 3.5110867 3.6709331 2.6620530 3.4612997 3.7583727 0.0000000 5.0085145 5.5154903 4.0077545 4.0077545 4.0318127 3.8411626 3.7446465 4.6401947 
Lcom_lcpid22782                         4.8775363 5.0007823 5.1584775 4.8449635 3.1702694 4.5402398 4.7179974 5.0038648 4.7305769 4.3678236 3.3007645 4.2123051 4.0139020 3.0348130 4.1774121 3.4766244 3.8191959 3.9987171 4.5566881 5.0769809 5.0400911 5.7336442 3.9167843 5.2396410 5.2724885 4.0850079 4.0064345 3.8731611 3.3829773 4.2739253 4.4114719 4.0638976 4.8939330 4.7190073 3.4454604 4.3170508 4.2222760 5.0085145 0.0000000 5.2202498 4.3215543 4.2541144 4.2089263 4.7138818 4.3401437 5.3209021 
Cscu_XM_023377438.1                     5.9556353 3.3542356 2.9805797 2.7129972 4.3621689 2.4376645 2.6551279 2.0651320 3.6390456 3.2470225 3.3975343 2.5256717 3.1700704 2.8469840 3.1293113 3.1053703 2.8955159 3.4713623 3.2762162 5.2635077 5.2094610 4.9815452 4.0606231 4.5478571 4.6529379 3.9655931 3.9796112 3.9431859 3.4299361 3.8927897 4.0622774 3.4149467 4.0784728 3.8321979 3.0687669 4.6128818 4.2761291 5.5154903 5.2202498 0.0000000 5.6634850 5.6634850 4.9600938 2.2959368 2.3230707 3.9418582 
Opea_EP00118_Oscarella_pearsei_P004103  4.3818761 3.5287405 3.5813350 3.2884440 2.2927229 3.3562543 3.1036991 3.8602644 3.1202433 3.6636847 2.9710636 3.1422482 3.5627490 2.7749320 3.1797060 3.3539049 3.5076690 3.5011409 3.7668578 3.4499141 3.4225291 3.9362216 3.1753946 3.5234824 3.4775290 3.5390302 3.4655346 3.5911477 3.0990717 3.3653249 3.4203064 4.0655985 4.6092280 5.3786621 3.5420003 3.8273830 3.6294659 4.0077545 4.3215543 5.6634850 0.0000000 0.0000010 1.9092787 4.3345922 4.1985475 4.8346651 
Ocar_g1841                              4.2635568 3.5471146 3.5981054 3.3105905 2.2927229 3.3719407 3.1279740 3.8229794 3.1202433 3.6636847 2.9710636 3.1102589 3.5664027 2.7749320 3.1775601 3.3495284 3.4793030 3.4633835 3.7830137 3.4499141 3.4225291 3.9362216 3.1753946 3.5234824 3.4775290 3.5390302 3.4655346 3.5537848 3.0990717 3.3653249 3.4203064 4.0700029 4.5895740 5.3336371 3.5420003 3.8273830 3.6294659 4.0077545 4.2541144 5.6634850 0.0000010 0.0000000 1.8953004 4.3345922 4.1297491 4.8346651 
Plajan_Pjan_scaffold18438_01            4.6543004 3.7958900 3.7192666 3.7131404 2.5680318 3.7223925 3.8711477 4.1639672 3.8269324 4.0255433 2.9230533 3.3127181 3.3637935 2.9958152 3.5416920 3.7112247 3.5443561 3.4648305 4.0603730 4.0603837 4.1697578 4.2778693 3.1900282 4.1288544 4.1850632 3.6509656 3.6520517 3.7319179 3.2255185 3.4906407 3.7100504 4.2339797 4.8282731 4.4094347 3.9286389 3.5301673 3.7252237 4.0318127 4.2089263 4.9600938 1.9092787 1.8953004 0.0000000 4.5311984 3.7643832 4.9076630 
Cgig_XM_034460414.1                     4.6632244 3.6676717 3.6498999 3.2520550 2.2478415 3.5122732 3.2728197 3.0996727 3.4495187 3.2249799 1.6068779 2.9569034 3.2492137 1.1690293 3.2311166 3.2225083 3.1253556 3.3416469 2.7823432 3.9647501 4.0295989 4.5903477 2.1909189 4.0264699 4.0457484 3.5530461 3.5612124 3.4282725 1.7274185 3.4849874 3.5458803 3.3888099 4.3666652 4.5715965 1.9109238 3.5305507 3.4572544 3.8411626 4.7138818 2.2959368 4.3345922 4.3345922 4.5311984 0.0000000 3.1208527 3.5917972 
Cscu_XM_023365214.1                     4.3203325 3.1576129 3.1120735 3.0840906 4.4453706 3.2884967 3.1131154 2.7044940 3.5236058 2.9956127 1.1253976 2.1405889 2.3058239 1.1250799 2.3375962 2.6556054 2.0242822 2.1899809 3.3183618 3.8052855 3.8617409 3.8969155 2.0414705 4.2596016 4.2703431 3.4517355 3.4393748 3.1676356 1.9581853 3.5179819 3.3997072 3.3569280 3.7948172 3.9823890 2.1857329 3.4822577 3.2008168 3.7446465 4.3401437 2.3230707 4.1985475 4.1297491 3.7643832 3.1208527 0.0000000 3.8492800 
Morvir_scaffold194.g5.t1                3.6701188 3.4862367 3.4836334 3.3451760 2.0082069 3.3605602 3.3726834 3.5865252 3.5789667 3.2023484 2.2580107 4.1378010 4.0903150 2.2923957 4.0679608 4.2011101 3.6026208 3.8891454 4.0051868 4.2089844 4.3461045 4.4198540 2.9417985 4.0732159 4.0988179 3.5503680 3.5537497 3.5656857 2.5463601 3.4947879 3.5271613 3.9565186 3.6663152 3.9227367 1.9288754 3.3669702 3.1019863 4.6401947 5.3209021 3.9418582 4.8346651 4.8346651 4.9076630 3.5917972 3.8492800 0.0000000 
