94
Pbac_sb2639106                                                    0.0000000 2.6161324 2.7632023 4.1942358 2.8540897 2.5438782 2.8816490 4.9570805 5.2293911 2.6692408 3.6993662 2.8533939 2.5580188 2.5926950 2.8359923 2.6528093 2.6133243 3.0615089 2.0749665 2.7973469 2.6553036 3.1006801 2.5670911 2.5157961 2.4906874 2.1405132 2.4417319 2.5525302 2.6554233 2.7245323 3.1580877 3.2699232 1.9924097 2.6293006 3.2309681 2.7780371 2.7590077 2.2601080 3.2612683 2.3357831 2.7998839 2.8046448 2.7822172 3.5429488 3.5443640 3.0401675 2.9647608 2.9488156 2.9181838 3.0196177 3.0036765 2.9553171 2.9035233 2.8807898 3.8113440 3.0599609 4.6188080 3.4129760 3.5434162 3.9163097 4.4865364 3.6659870 3.6300714 4.8194961 3.7809970 3.5133377 3.5240488 3.9733814 3.9523057 3.4166772 2.8210335 2.8213476 2.9835532 2.8047613 3.9440606 4.6312767 2.1990112 1.5021748 3.8762736 3.7671606 3.4435561 3.4393982 3.1456563 2.6145621 2.8034884 3.8590429 2.6434963 1.8190818 3.7174781 2.8116237 3.6991093 4.6330572 2.4969562 6.1970787 
Opea_EP00118_Oscarella_pearsei_P006257                            2.6161324 0.0000000 1.5656495 0.0000010 0.2651549 1.5656495 0.5366633 0.0000010 0.0000010 0.0000010 0.0000010 1.5326841 1.2487565 1.3441211 1.4863937 1.1648927 1.3523708 1.4451516 1.2917482 1.2421709 1.2099978 4.4044708 1.3098522 1.9692608 1.3192810 1.3572412 1.4017769 1.4429271 1.3762767 1.2790083 1.7320645 0.0000010 0.0000010 1.1307086 0.0000010 1.9267989 1.8424368 1.4968934 1.1870189 1.1870189 1.4408634 1.3875243 1.4406985 0.0000010 0.0000010 1.2114243 1.7795144 1.7147692 1.8059846 1.8919926 1.8919926 2.0560300 2.0560300 1.9827492 3.0959523 1.7070116 0.0000010 0.0000010 0.0000010 0.0000010 3.4515155 3.4667653 0.0000010 0.0000010 3.1091095 2.7441860 0.0000010 0.0000010 2.2693369 0.0000010 1.6509198 1.7598340 1.9910069 0.0000010 4.3244114 0.0000010 3.5044006 3.5044006 0.0000010 0.0000010 0.0000010 0.0000010 0.0000010 3.1486107 2.7387486 0.0000010 2.8854086 2.8263689 0.0000010 2.2918019 2.4516109 0.0000010 2.3924088 2.7345668 
Opea_EP00118_Oscarella_pearsei_P018471                            2.7632023 1.5656495 0.0000000 0.3023274 0.3561287 0.2504719 0.2346579 0.3674229 5.0053012 0.0000010 3.1446860 1.6066739 1.8037704 1.6585974 1.7658701 1.4975656 1.8075311 1.3011062 0.9311489 1.5120812 1.5466635 1.2189128 1.6027695 1.3505609 1.2183200 1.9778398 1.1443608 1.3966678 1.4203265 1.5080780 1.4228876 1.4744970 0.6352834 1.4603487 1.7096491 1.3664617 1.6131932 0.7895468 1.4050444 1.0654298 1.5195365 1.4837887 1.5058879 1.5836253 1.5836253 1.6605772 1.3555373 1.3555373 1.3702298 1.3352946 1.3352946 1.4005535 1.4005535 1.5101733 2.0033045 1.6612254 1.8426458 2.5682691 1.7938954 1.7938954 3.4140593 1.7099993 1.4405102 0.0000010 1.6142978 1.3562901 1.5260542 1.3410766 1.6715473 2.0055842 1.4775907 1.7741024 2.0092740 2.9371071 2.2123861 1.8875820 1.8523061 0.7416530 2.0023497 1.7031478 2.3009454 2.3009454 0.0000010 2.0310381 1.6061153 2.7561291 2.5375952 0.8482667 3.9568460 2.7530756 0.0000010 2.5117996 0.7555718 3.3127253 
Opea_EP00118_Oscarella_pearsei_P018472                            4.1942358 0.0000010 0.3023274 0.0000000 0.1638801 0.0000010 0.2514798 0.0000010 0.2288392 2.3345988 0.1777365 1.8986093 1.7216999 1.7692138 1.6782959 1.7667232 2.0916537 1.8897228 0.0000010 1.7615155 1.7468428 1.8673764 1.7762731 1.8115669 1.6864165 1.8706299 1.7990703 1.7092966 2.0133663 2.0815862 1.9130544 1.7513933 0.0000010 1.4771963 1.8244369 1.7890044 1.8677742 9.0000000 0.0000010 0.0000010 1.6261698 1.6388460 1.6324907 1.5616720 1.5616720 1.5601402 1.7357724 1.6425200 1.6255025 1.7431908 1.6973176 1.6715857 1.5628445 2.4875543 2.1386945 1.9286394 1.7467319 1.6036308 1.6480320 1.7453253 5.4107344 1.7242572 1.6501096 1.2882405 1.6952727 1.6188108 1.7992314 1.9452115 1.7581304 1.9329184 2.0517060 2.2868236 2.1733398 0.0000010 2.6418945 2.6736249 2.6997774 7.1235678 2.5366739 2.6764316 2.2198826 2.2247455 1.7478194 2.3665437 2.0529796 3.0721858 2.5045091 9.0000000 2.4525089 2.4950340 0.0000010 1.8965916 0.0000010 3.8021733 
Opea_EP00118_Oscarella_pearsei_P018476                            2.8540897 0.2651549 0.3561287 0.1638801 0.0000000 0.0546002 0.0503014 0.2388116 0.7249180 0.3183868 0.4932412 1.3813881 1.1973437 1.2471373 1.2592052 1.2011667 1.3240227 1.3707783 1.0602316 1.2854032 1.2573154 1.7870451 1.2801337 1.3737589 1.2957176 1.2478758 1.1701193 1.2759328 1.3642685 1.3413469 1.6621193 1.6221875 1.0554663 0.9220316 1.6454866 1.6561772 1.5797139 1.2201973 1.2055445 1.2026881 1.3483882 1.3498571 1.3309403 1.3942656 1.3601507 1.2498034 1.8600895 1.8103830 1.9248415 1.8809291 1.8670648 1.8501440 1.8354650 1.6858063 1.9983322 1.6600886 2.4196208 1.6143617 1.4915125 1.8095210 2.2339712 1.9740026 1.8134869 1.4516397 1.8267830 1.6903034 1.8133228 2.0038842 1.6861898 2.2848132 1.6075994 1.8074159 1.7713467 1.9969728 2.6171302 2.7482777 2.3874768 2.3678697 2.6013874 2.6490116 2.1272731 2.0944125 1.8281228 2.2754954 2.1745198 2.5485735 2.1841753 2.2679084 2.2001619 2.0863860 2.1445795 1.8729927 1.6337749 3.8494489 
Opea_EP00118_Oscarella_pearsei_P018473                            2.5438782 1.5656495 0.2504719 0.0000010 0.0546002 0.0000000 0.0614904 0.0000010 2.0458373 0.0000010 2.8426376 1.5522457 1.7065948 1.3090994 1.4727894 1.5289147 1.9388448 1.2281109 0.9311489 1.4808437 1.4968622 1.4480891 1.5991751 1.3598578 1.2597026 1.7466565 1.3233644 1.3341050 1.5456833 1.4554268 1.5358526 1.2854696 0.6352834 1.2563032 1.5844642 1.2393911 1.4977660 0.7895468 1.4050444 1.0654298 1.2742161 1.2169782 1.2169782 1.2516546 1.2516546 1.3630287 1.4264478 1.4264478 1.4120877 1.4435951 1.4435951 1.4686052 1.4686052 1.3527845 2.0683277 1.7349605 1.5452740 1.4518001 1.4663616 1.4663616 5.2146720 1.3434646 1.2981584 0.0000010 1.3218303 1.1853331 1.1654399 1.1720758 1.2835514 1.5419684 1.6121091 1.8835073 1.9208916 2.9371071 2.2163888 2.0545542 1.8816132 0.7416530 2.5825349 1.7803527 2.8497077 2.8497077 0.0000010 2.5837825 2.0050393 2.9254160 2.3594227 0.8482667 3.3217963 2.7043222 0.0000010 1.9825661 0.7555718 3.6767441 
Ocar_g1623                                                        2.8816490 0.5366633 0.2346579 0.2514798 0.0503014 0.0614904 0.0000000 0.0000010 4.0968413 0.3183868 0.5309645 1.4962132 1.3472594 1.3041498 1.3819210 1.2500568 1.4230640 1.3856633 1.1297046 1.3901358 1.4025501 1.9949895 1.3636438 1.5354168 1.4655332 1.2757677 1.3771559 1.3876043 1.4479236 1.4733538 1.7591287 1.6250594 0.6967905 1.0360494 1.7197458 1.8200958 1.7799995 1.3087894 1.1086434 1.1404398 1.4220315 1.3844801 1.3686097 1.7096477 1.7096477 1.3153555 1.9171938 1.8355668 1.9595134 1.8858966 1.8551047 1.8818267 1.8482570 1.8339728 2.1768259 1.7389488 3.3401405 9.0000000 2.1054536 2.0147804 2.3794902 1.8782379 1.7414053 1.7033719 1.7967982 1.6255173 2.1134297 2.0038842 1.9653075 1.7554374 1.6796127 1.8188073 1.8131170 1.2687392 2.5357248 3.1612395 2.6008864 2.7103892 3.0216608 9.0000000 2.1135806 2.0420676 1.8146573 2.3057161 2.2647624 3.2978503 2.5039447 2.3397166 2.7403061 2.2924376 2.1104703 2.8497912 1.5534704 4.4045744 
Opea_EP00118_Oscarella_pearsei_P018475                            4.9570805 0.0000010 0.3674229 0.0000010 0.2388116 0.0000010 0.0000010 0.0000000 0.1535564 0.0000010 1.7360701 2.1188511 1.8521475 1.7928198 1.5438128 1.7287786 2.6419624 1.7332512 0.0000010 1.8473196 1.8594659 1.2343980 1.9644110 1.9959827 1.7622071 2.5341823 1.8860014 1.6362849 2.0259204 2.1101636 1.8932823 1.9616770 0.0000010 1.8138469 2.1655846 2.0317231 2.1858511 0.0000010 0.0000010 0.0000010 1.5464960 1.5452073 1.5766387 1.3693528 1.3693528 1.6310226 2.0535015 2.0528124 1.9970645 2.1156461 2.1156461 2.0840058 2.0840058 2.2370519 1.9934624 2.3899465 1.9436965 2.5095734 1.8016013 2.0658437 8.3770603 2.4880037 1.1664749 0.0000010 2.1305440 0.9599662 1.3198690 0.9480570 1.7453455 2.4576787 2.6045694 3.5678001 3.0373077 0.0000010 3.1170098 2.5224235 3.0946601 0.0000010 3.0438513 3.2560966 3.2176288 3.2176288 0.0000010 3.5180659 2.8772478 3.2007620 3.0938734 9.0000000 2.7349908 3.0357527 0.0000010 2.3736733 0.0000010 4.2773444 
Opea_EP00118_Oscarella_pearsei_P018470                            5.2293911 0.0000010 5.0053012 0.2288392 0.7249180 2.0458373 4.0968413 0.1535564 0.0000000 0.0000010 2.8496395 3.0653332 2.3366990 2.6332804 1.9834857 2.3235352 3.3247124 2.3385766 0.0000010 2.5301394 2.5084261 8.9999983 2.8390878 2.8801847 2.8823634 2.8653503 2.8174814 2.2600672 2.9042745 3.3677156 2.4185977 2.9663994 0.0000010 2.5155435 3.0452711 3.1337370 3.3001296 0.0000010 0.0000010 0.0000010 2.1963908 2.2252099 2.2712374 1.8565839 1.8565839 2.2236152 3.2982462 3.2762034 3.2035812 3.3808370 3.3808370 3.2408306 3.2408306 3.1290972 2.2642704 3.0266180 2.7667224 2.7171656 2.7613294 3.1136101 0.0000010 4.1953633 6.4666254 0.0000010 3.7980741 8.9999981 1.9389362 8.9999981 2.4539472 4.2084126 3.7791581 5.2287662 4.1828485 0.0000010 4.6699991 3.4452504 4.3344735 0.0000010 3.2905676 3.2520854 3.5950637 3.5950637 0.0000010 4.4615288 3.8409325 4.0047983 3.5607910 9.0000000 2.2567970 2.7061991 0.0000010 2.7879516 0.0000010 5.9893029 
Ocar_g1984                                                        2.6692408 0.0000010 0.0000010 2.3345988 0.3183868 0.0000010 0.3183868 0.0000010 0.0000010 0.0000000 2.6471268 1.7297525 1.5263365 1.4406539 1.5394117 1.5540984 1.5402667 1.5179202 1.3055206 1.6308644 1.5950865 4.2018282 1.6398117 1.7074366 1.6331263 0.0000010 1.7878245 1.7835901 1.4658191 1.6433093 2.1356588 1.9222577 0.0000010 1.1485331 1.8595168 1.9815644 1.9037922 0.0000010 1.3313583 1.6360154 1.7023398 1.7117686 1.6949854 3.8116123 3.8116123 1.5448694 2.7778370 2.9347756 3.0832571 2.8716755 2.8702249 2.9308862 2.9308862 1.5946512 2.3622601 2.1197061 8.7687940 9.0000000 1.5056575 2.7942683 1.9131761 1.9610567 1.9414992 3.2618114 2.0472670 1.8679206 0.0000010 3.6040115 3.3861885 3.8370834 2.0208930 2.3980609 2.1792681 0.0000010 5.7222581 3.3363320 2.7604115 2.4407390 0.0000010 0.0000010 2.5630075 2.1911879 2.1223643 2.3757924 2.5011796 0.0000010 2.6722441 0.0000010 0.0000010 2.4629967 2.3629648 1.5056575 0.0000010 7.9076911 
Opea_EP00118_Oscarella_pearsei_P018474                            3.6993662 0.0000010 3.1446860 0.1777365 0.4932412 2.8426376 0.5309645 1.7360701 2.8496395 2.6471268 0.0000000 2.5106748 2.2778928 2.2707076 2.1578625 2.1554888 2.3281819 2.5076694 0.0000010 2.3440645 2.2825295 2.2898561 2.2901825 2.3303242 2.3813429 3.9336240 2.5791078 2.4090107 2.5512563 2.6948266 2.4259199 2.2295495 0.0000010 1.9617732 2.3348716 2.2172207 2.2512250 9.0000000 0.0000010 0.0000010 2.4660979 2.4783203 2.4394815 2.3147592 2.3147592 2.2698394 2.2846795 2.1374636 2.1022232 2.2381330 2.1576057 2.0687669 2.0333888 4.4653196 2.6452678 2.4154601 2.7246330 4.2337530 3.5321591 2.2949100 1.1283975 2.1963156 2.4416985 1.2882405 2.1967027 2.1200426 4.0379338 3.2611667 2.5027246 2.5184578 2.2309088 2.2769410 2.5665936 0.0000010 3.0737276 4.6563127 3.1745458 7.1235678 5.7831912 9.0000000 2.4700086 2.4767769 1.7442302 2.5214495 2.3963702 5.0861790 2.8859674 0.0000010 4.5643013 2.8487667 0.0000010 5.1203306 0.0000010 6.6128982 
Cgig_XM_011446757.3                                               2.8533939 1.5326841 1.6066739 1.8986093 1.3813881 1.5522457 1.4962132 2.1188511 3.0653332 1.7297525 2.5106748 0.0000000 0.6360961 0.6937216 0.8399142 0.5402832 0.7456705 0.8513440 0.9655587 0.9485441 0.9420298 0.8211903 0.9250072 0.9660722 0.9375094 1.0896390 0.8755420 0.9431838 1.0535810 1.0906849 1.3033883 1.2028562 1.1467210 1.1196215 1.1275305 1.3350197 1.2082227 1.2850449 1.3081399 1.3155187 1.2696634 1.2721644 1.2707959 1.0917702 1.1139311 1.0364957 1.5486707 1.5168049 1.4977312 1.5021243 1.5015213 1.4916509 1.4582787 1.2473462 1.7754865 1.4695832 2.1126506 1.7270797 1.2801722 1.5331018 2.0188618 1.7527583 1.6052194 1.3974835 1.6436213 1.3282349 1.3608151 1.1934795 1.4659959 1.8903226 1.2134237 1.3869090 1.1766776 1.7374534 2.2593286 1.9542484 2.1005020 2.1558483 2.2158307 2.3531299 1.9328577 1.8871930 1.7003551 2.0433919 2.0118719 1.9406428 1.8845753 2.1206457 2.1831434 1.9649075 2.3015126 1.7207673 1.7327464 3.0274099 
Bralan_BLAG04002014_1                                             2.5580188 1.2487565 1.8037704 1.7216999 1.1973437 1.7065948 1.3472594 1.8521475 2.3366990 1.5263365 2.2778928 0.6360961 0.0000000 0.3655037 0.5649291 0.5210921 0.5534244 0.6102220 0.7754665 0.7579867 0.7637905 0.6788161 0.7329459 0.7911672 0.7591332 0.9292897 0.6686804 0.7252779 0.8718483 0.8822815 1.1176520 0.9907297 0.8721335 0.9426547 0.9062310 1.1511496 1.0350168 1.0690967 1.0733062 1.0432337 1.0100631 1.0083104 1.0127195 0.8853606 0.8885614 0.9196338 1.4165731 1.3592235 1.3316959 1.3481410 1.3452326 1.3072579 1.2989624 1.0566007 1.5799010 1.2619486 1.9472745 1.2160138 1.0493069 1.4276582 1.8717712 1.6059324 1.5765711 1.3531853 1.5329796 1.3987247 1.2481039 1.1174225 1.3902463 1.7956244 0.9940906 1.1901809 1.0756859 1.8124254 2.4144715 2.2287067 2.1207052 2.1126067 2.0541273 2.0904788 1.9459577 1.8578823 1.7418161 2.0457417 1.8451732 1.9631304 1.8820171 1.9850101 1.9030162 1.8976657 2.2472306 1.6444996 1.6310765 2.9847854 
Skow_XM_006825707.1                                               2.5926950 1.3441211 1.6585974 1.7692138 1.2471373 1.3090994 1.3041498 1.7928198 2.6332804 1.4406539 2.2707076 0.6937216 0.3655037 0.0000000 0.5006108 0.5251845 0.5738493 0.6688403 0.7706598 0.7406663 0.7279561 0.6051082 0.7331522 0.7888378 0.7502965 1.0071459 0.6603025 0.7464570 0.8342127 0.8692902 1.0914704 1.0285480 0.9907461 0.9731007 0.8860382 1.1586403 1.0326768 1.0132968 1.1418812 1.1227740 1.0747465 1.0692422 1.0680327 0.9760811 0.9805194 0.9384330 1.5106137 1.4434918 1.4400293 1.4424556 1.4409408 1.3706987 1.3699870 1.1632104 1.6200323 1.3120708 2.0327914 1.4713186 1.1545757 1.5032003 1.9522811 1.6633291 1.4863638 1.3731909 1.5605485 1.4647622 1.0789618 1.0256222 1.4611026 1.8349286 1.0022128 1.2437212 1.0841523 1.6899736 2.3671886 1.9967692 2.1908494 2.2838343 2.2119303 2.4424270 1.9640065 1.9032629 1.8924427 2.0633114 1.9513047 1.9078784 1.8928164 2.1227420 1.9925465 1.9306777 2.3151188 1.6461492 1.6333047 2.9040072 
Spur_XM_030998959.1                                               2.8359923 1.4863937 1.7658701 1.6782959 1.2592052 1.4727894 1.3819210 1.5438128 1.9834857 1.5394117 2.1578625 0.8399142 0.5649291 0.5006108 0.0000000 0.6839847 0.7359588 0.8738675 0.9789781 0.9047926 0.8787307 0.7402903 0.8828954 0.9721639 0.9420054 1.2009254 0.7776201 0.8176308 0.9678180 0.9777163 1.1615278 1.1601865 1.0195568 0.9857564 1.1277317 1.3695933 1.1861140 1.2893899 1.2252001 1.2314372 1.0977897 1.1276638 1.1333995 1.0414591 1.0345726 1.0324913 1.4756206 1.4341527 1.4141464 1.4287056 1.4401244 1.3890036 1.3675286 1.3338509 1.6937914 1.4179709 1.9983118 1.6881849 1.1658393 1.5704135 1.9642343 1.6674955 1.5082246 1.3706336 1.5727890 1.3755428 1.2009548 1.0307102 1.4070245 1.5099311 1.1255834 1.3467709 1.2561792 1.8912811 2.1853442 2.2244737 2.2481915 2.2580926 2.1464503 2.4059342 1.8852926 1.8222431 1.6916844 1.9823412 1.8839189 2.0327534 1.9409319 1.9642777 1.8468683 1.9613799 2.2495233 1.4571378 1.8244993 3.2748386 
Acagra_model.g2521.t1                                             2.6528093 1.1648927 1.4975656 1.7667232 1.2011667 1.5289147 1.2500568 1.7287786 2.3235352 1.5540984 2.1554888 0.5402832 0.5210921 0.5251845 0.6839847 0.0000000 0.6184082 0.7728550 0.8450187 0.8381710 0.8573106 0.6949335 0.8261891 0.8967621 0.8774755 1.0604957 0.7842649 0.8383076 0.9702761 0.9882132 1.1821284 1.1668177 1.0910665 1.0387960 1.0402044 1.2973223 1.1637926 1.2079982 1.2197989 1.1809529 1.1569023 1.1147953 1.1406529 1.0646898 1.0526468 0.9751980 1.5723029 1.5492794 1.4967553 1.4797217 1.4878068 1.4593410 1.4332996 1.2462297 1.7132206 1.4319204 2.1666207 1.7040318 1.2798649 1.6642189 2.0525898 1.6806623 1.4481062 1.2161591 1.4861555 1.4708421 1.4692108 1.2397133 1.5211982 1.5054489 1.0796246 1.2336189 1.0636277 1.6212871 2.2888229 2.3368540 2.3206522 2.4148470 2.5963857 2.9905896 1.9516066 1.8890120 1.6673840 2.0898167 2.0103209 2.1042134 1.9973353 2.0122302 2.2774012 2.0002651 2.6182973 1.5383115 1.7867205 3.0464251 
Ctel_gnl_WGS_AMQN_CAPTEDRAFT_mRNA91738                            2.6133243 1.3523708 1.8075311 2.0916537 1.3240227 1.9388448 1.4230640 2.6419624 3.3247124 1.5402667 2.3281819 0.7456705 0.5534244 0.5738493 0.7359588 0.6184082 0.0000000 0.7947115 0.9487855 0.9249830 0.9051973 0.7661103 0.8797664 0.9784384 0.9180101 1.1280781 0.8511132 0.8937869 0.9851975 1.0264612 1.2071598 1.0742652 1.0971284 1.0789165 1.0499712 1.2680353 1.1475177 1.1183208 1.2344043 1.1530341 1.1989945 1.1951040 1.2287396 1.1359711 1.1464775 1.1109661 1.4543689 1.4037185 1.3740136 1.4123670 1.4022315 1.3714817 1.3655458 1.1985233 1.6213806 1.3737871 2.1264384 1.3738058 1.2414211 1.5771368 1.9894839 1.6752664 1.6443265 1.6011484 1.5745148 1.5270701 1.2952108 1.3140470 1.4579493 1.9790337 1.0480591 1.2365256 1.0986183 1.6267202 2.5001967 2.3656429 2.2657619 2.2935667 2.3030156 2.3434246 2.0548631 1.9984641 2.1244014 2.0459889 1.9435973 1.9779390 1.9654750 1.9757927 2.1212887 1.9469932 2.0880339 1.8029478 1.7758517 3.3934920 
Hsap_ENST00000348544                                              3.0615089 1.4451516 1.3011062 1.8897228 1.3707783 1.2281109 1.3856633 1.7332512 2.3385766 1.5179202 2.5076694 0.8513440 0.6102220 0.6688403 0.8738675 0.7728550 0.7947115 0.0000000 0.9030351 0.9364028 0.9251556 0.8861723 0.8979437 1.0076458 0.9662877 1.1879087 0.8381747 0.9546448 1.1018065 1.1365588 1.2518043 1.1269588 1.2370172 1.1766522 1.1316575 1.3165789 1.2150013 1.1994996 1.2271371 1.2649301 1.2007037 1.2122093 1.1750002 1.0698924 1.0756062 1.0917393 1.5189548 1.4546193 1.4767385 1.4636484 1.4538356 1.4712200 1.4641586 1.2442828 1.6100711 1.3538257 2.0008555 1.5252635 1.1056912 1.4865261 1.9563554 1.6545778 1.4990013 1.4162206 1.6286727 1.5722521 1.3071834 1.2402261 1.4547410 1.8985206 1.1466177 1.3072192 1.1838185 1.7894468 2.5206305 1.9095912 2.2958525 2.3105517 1.9912363 2.2542011 1.9570441 1.8986231 2.0115513 2.1030497 2.0129328 1.9302826 2.0279456 2.2021115 1.7317367 2.1241542 2.3662986 1.6314506 2.0863758 3.3256677 
Fspp_ffun1.m4.26217.m1                                            2.0749665 1.2917482 0.9311489 0.0000010 1.0602316 0.9311489 1.1297046 0.0000010 0.0000010 1.3055206 0.0000010 0.9655587 0.7754665 0.7706598 0.9789781 0.8450187 0.9487855 0.9030351 0.0000000 0.1252610 0.1403190 1.0985337 0.1026407 0.1991582 0.1220808 0.1645729 0.2819998 0.3935037 0.6940405 0.7055064 1.2848391 1.4594116 0.9224889 0.9847596 1.4731260 1.3378676 1.2665017 1.0582501 1.0801133 1.0175322 1.0763928 1.1519136 1.0849867 1.8522862 1.8408417 1.0254814 1.5946774 1.5919978 1.5867796 1.5379883 1.5382186 1.6108914 1.6108914 1.2114714 1.9746510 1.4132448 5.5878970 4.6233230 0.0000010 2.2927554 2.1069290 2.0403769 1.8005498 1.6489883 1.7801849 1.7458831 0.0000010 0.0000010 2.0451210 0.0000010 1.1395443 1.3682095 1.3831390 1.7271971 2.6516155 1.7140202 2.0581396 2.0503288 0.0000010 0.0000010 2.1324357 2.0633110 1.9726260 1.9797508 1.9674410 0.0000010 1.7918459 2.1695532 0.0000010 1.9022462 2.0846996 0.0000010 1.7158100 3.6288025 
Spis_XP_022796026_1                                               2.7973469 1.2421709 1.5120812 1.7615155 1.2854032 1.4808437 1.3901358 1.8473196 2.5301394 1.6308644 2.3440645 0.9485441 0.7579867 0.7406663 0.9047926 0.8381710 0.9249830 0.9364028 0.1252610 0.0000000 0.0830394 0.1128789 0.1635686 0.2341875 0.1879596 0.3101902 0.3355468 0.4022126 0.7329879 0.7756122 1.1289818 1.0108916 0.8929725 1.0579483 0.8481248 1.1583083 1.0992611 1.1416398 1.0867568 1.0651475 1.0190875 1.0275406 1.0193520 0.8683621 0.8968480 0.9262018 1.4973826 1.4629954 1.4680950 1.4351671 1.4416661 1.4730197 1.4616309 1.0244830 1.5084112 1.2670706 2.0592964 1.5720593 1.3316488 1.5997600 2.0724142 1.7808490 1.5683371 1.3908356 1.6070575 1.5264720 1.2333655 1.3452956 1.5684612 2.0575915 1.2476478 1.3881032 1.4189261 2.0602613 2.2452077 2.1093574 2.0998899 2.0865035 2.0832808 2.1638769 1.9071968 1.8846736 1.8980467 2.0304767 1.9471297 1.8258449 1.8997948 2.2821402 1.9471044 1.9861105 2.1032265 1.5997203 1.8419376 3.0739215 
Pocdam_XM_027187615.1                                             2.6553036 1.2099978 1.5466635 1.7468428 1.2573154 1.4968622 1.4025501 1.8594659 2.5084261 1.5950865 2.2825295 0.9420298 0.7637905 0.7279561 0.8787307 0.8573106 0.9051973 0.9251556 0.1403190 0.0830394 0.0000000 0.1310707 0.1620299 0.2309188 0.1901690 0.2806334 0.3268145 0.3793727 0.7079884 0.7546999 1.0790134 1.0343829 0.9550286 1.0390999 0.8608159 1.1382260 1.0445484 0.9994244 1.1204438 1.0680196 1.0186134 1.0184614 1.0220436 0.9007074 0.9228491 0.9239670 1.4611161 1.4156336 1.4173524 1.3988371 1.4052320 1.4098599 1.4063709 1.0370839 1.4945932 1.2600676 2.0525589 1.5187951 1.3209990 1.6285285 2.0292618 1.7167681 1.5587494 1.4479602 1.5335565 1.5430932 1.2169605 1.3143918 1.5136145 1.9172959 1.2377877 1.3928268 1.4149130 1.6713184 2.2513089 1.9071510 2.0476154 1.9983409 2.0842332 2.1363870 1.8801356 1.8449275 1.9016424 1.9656178 1.9028921 1.8127870 1.8895448 2.1800453 1.9817573 1.9475820 2.0564746 1.7123814 1.7388448 3.2100637 
Fspp_ffun1.m4.30562.m1                                            3.1006801 4.4044708 1.2189128 1.8673764 1.7870451 1.4480891 1.9949895 1.2343980 8.9999983 4.2018282 2.2898561 0.8211903 0.6788161 0.6051082 0.7402903 0.6949335 0.7661103 0.8861723 1.0985337 0.1128789 0.1310707 0.0000000 0.1058670 0.1958354 0.0704913 0.7938004 0.2299470 0.3143544 0.7536933 0.8386966 0.7566182 0.8355218 0.0000010 1.0644740 0.7465573 0.9908128 0.9483307 1.6117814 9.0000000 6.0725474 0.9756872 1.0015060 1.0077400 0.8174280 0.8823452 1.0133751 1.5474796 1.4398567 1.3793489 1.4002650 1.4258673 1.3178154 1.3012780 0.8651792 1.0481147 1.0821123 1.4827632 2.2579577 1.5477101 1.4919395 1.6127054 1.3756598 1.3947137 1.4098077 1.3031508 1.3807207 1.3387841 1.3100547 1.4458103 1.8013435 1.1250467 1.1591739 1.2132394 0.0000010 2.3071308 2.0386048 2.2369708 2.0376968 2.7557596 4.4279021 1.9086250 1.9165303 2.0323510 2.0273121 2.0253915 2.0693018 2.1079452 1.4955494 2.6616392 2.1002742 3.6295962 1.7258724 6.0725474 2.7071672 
Gfas_gfas1.m1.6136.m1                                             2.5670911 1.3098522 1.6027695 1.7762731 1.2801337 1.5991751 1.3636438 1.9644110 2.8390878 1.6398117 2.2901825 0.9250072 0.7329459 0.7331522 0.8828954 0.8261891 0.8797664 0.8979437 0.1026407 0.1635686 0.1620299 0.1058670 0.0000000 0.1879019 0.1505913 0.2079202 0.2890825 0.3699140 0.7247721 0.7474235 1.1087832 1.0563571 0.7644238 1.0229880 0.9216372 1.1605389 1.0805575 1.0440018 1.1253555 1.0256651 1.0066296 1.0204970 1.0133661 0.8615185 0.8988025 0.9289595 1.4907291 1.4403758 1.4104335 1.3907520 1.4004368 1.3817881 1.3741268 1.0354557 1.5101527 1.3066741 2.0349695 1.6134396 1.3393617 1.6095140 1.9735506 1.6858934 1.5106013 1.3412062 1.5535830 1.4560429 1.2618309 1.3044554 1.5094340 1.9640776 1.1921103 1.3377605 1.4029194 1.7037698 2.2720640 2.0662134 2.1327595 2.1172839 2.1203082 2.2093060 1.8538081 1.8222876 1.7486840 1.9979115 1.9437437 1.8701450 1.8798185 2.2583030 1.9776933 1.9369361 2.1812560 1.6728806 1.7598148 3.1079066 
Amil_Amillepora25151-RA                                           2.5157961 1.9692608 1.3505609 1.8115669 1.3737589 1.3598578 1.5354168 1.9959827 2.8801847 1.7074366 2.3303242 0.9660722 0.7911672 0.7888378 0.9721639 0.8967621 0.9784384 1.0076458 0.1991582 0.2341875 0.2309188 0.1958354 0.1879019 0.0000000 0.2350557 0.1228024 0.3804849 0.4441766 0.7843369 0.8097716 1.1596873 1.0180295 1.0015781 1.1268358 0.9032547 1.2292299 1.1514549 1.2439608 1.3894293 1.2110910 1.0516551 1.0788167 1.0862833 0.8722942 0.9017945 1.0022323 1.6371020 1.5615179 1.5739153 1.5704360 1.5850214 1.5399096 1.5342746 1.1167996 1.3840648 1.2664222 2.0971535 2.0210686 1.4798592 1.6405630 2.0465576 1.7541823 1.4278510 1.4457492 1.5937727 1.4140830 1.3761047 1.3767246 1.4996704 1.9283600 1.2764733 1.3989701 1.4697479 1.8277858 2.3838553 2.3975440 2.1930224 2.1169686 2.3315057 2.4665204 1.9301022 1.8669906 1.8370450 2.1495609 2.0406096 1.9950492 2.0221044 2.2437868 2.3568539 2.0848448 2.2774186 2.0592415 1.9061350 3.0442325 
Gasp_gasp1.m3.7370.m1                                             2.4906874 1.3192810 1.2183200 1.6864165 1.2957176 1.2597026 1.4655332 1.7622071 2.8823634 1.6331263 2.3813429 0.9375094 0.7591332 0.7502965 0.9420054 0.8774755 0.9180101 0.9662877 0.1220808 0.1879596 0.1901690 0.0704913 0.1505913 0.2350557 0.0000000 0.2947848 0.2884701 0.4115401 0.7498179 0.7832996 1.2046165 1.0447523 0.9327617 1.0852423 0.9237414 1.1966569 1.1273355 1.1378590 1.3051362 1.1240599 1.1155368 1.1502028 1.1323489 0.9500937 0.9742139 1.0303576 1.5939053 1.5329518 1.5251149 1.5019854 1.5219564 1.5080380 1.4979727 0.9924581 1.5806480 1.2994483 2.3447151 1.8729393 1.4790465 1.7469470 2.0285984 1.7725531 1.5072744 1.3852324 1.6338694 1.5882106 1.4323743 1.3877631 1.6736851 2.0959946 1.2209432 1.3527030 1.4082320 1.6536471 2.3572894 2.3283206 2.1287535 2.1173446 2.0201786 2.1137798 2.0138350 1.9802296 2.1074569 2.0832833 2.0399390 1.8648086 1.9747646 2.3795495 1.8533666 1.9656298 2.2311503 1.6014457 1.8367643 3.0294819 
Adig_XM_015897258.1                                               2.1405132 1.3572412 1.9778398 1.8706299 1.2478758 1.7466565 1.2757677 2.5341823 2.8653503 0.0000010 3.9336240 1.0896390 0.9292897 1.0071459 1.2009254 1.0604957 1.1280781 1.1879087 0.1645729 0.3101902 0.2806334 0.7938004 0.2079202 0.1228024 0.2947848 0.0000000 0.4744649 0.5584175 0.8292350 0.8026402 1.5089230 1.2938633 1.1705542 1.2202806 1.0788298 1.2380441 1.1633554 1.0965769 1.2686000 1.1118999 1.2170564 1.2299169 1.1949242 1.2858528 1.3683997 1.1467702 1.4446927 1.4284034 1.4304232 1.4371565 1.4481842 1.4311289 1.4462504 1.2059563 2.0237924 1.4836767 1.6500896 1.6172098 1.5245967 1.6065086 2.3513045 2.1287728 1.8163149 0.0000010 1.9793589 1.6658676 1.4982048 2.0635231 1.6423963 2.6543747 1.3679444 1.4060412 1.6477761 1.8543346 3.2078233 3.2169719 2.2448618 2.0157396 2.3517563 2.0852342 2.3179649 2.3068566 2.3241932 2.2138895 2.0556531 2.1125143 1.8870491 2.0433124 2.1956022 1.9250803 1.9080833 2.2104705 1.7236572 3.1716335 
Nvec_v1g235773                                                    2.4417319 1.4017769 1.1443608 1.7990703 1.1701193 1.3233644 1.3771559 1.8860014 2.8174814 1.7878245 2.5791078 0.8755420 0.6686804 0.6603025 0.7776201 0.7842649 0.8511132 0.8381747 0.2819998 0.3355468 0.3268145 0.2299470 0.2890825 0.3804849 0.2884701 0.4744649 0.0000000 0.2678057 0.7062340 0.7205823 1.1185716 1.0020859 1.0455848 0.9706758 0.9442606 1.1503342 1.0778857 1.0357737 1.0464594 0.9945156 1.0093778 1.0666492 1.0260417 0.9586602 0.9812566 0.9669628 1.4889973 1.4194395 1.4091411 1.4125831 1.4155482 1.3856121 1.3621451 1.1003737 1.5622094 1.2600104 2.2595160 1.6994600 1.4242810 1.7420209 1.8267292 1.6180441 1.3782118 1.3927575 1.5061706 1.5032935 1.4144720 1.4173465 1.5814624 2.0477491 1.1539680 1.3340946 1.2432238 1.6836340 2.2325996 2.2948503 1.9708693 1.7952331 2.0165993 2.1767634 1.8464393 1.7894422 1.7783863 1.8417369 1.8502334 1.8889921 1.7971546 1.7747066 1.9675261 1.7883327 1.9671168 1.5530453 1.4719294 3.0480092 
Exapal_XM_021045015.1                                             2.5525302 1.4429271 1.3966678 1.7092966 1.2759328 1.3341050 1.3876043 1.6362849 2.2600672 1.7835901 2.4090107 0.9431838 0.7252779 0.7464570 0.8176308 0.8383076 0.8937869 0.9546448 0.3935037 0.4022126 0.3793727 0.3143544 0.3699140 0.4441766 0.4115401 0.5584175 0.2678057 0.0000000 0.7831845 0.7850240 1.1056395 1.1177171 0.9471303 1.0738601 0.9872729 1.2236059 1.1609731 1.0944204 1.2712235 1.1857432 1.1148480 1.1360357 1.0964128 0.9596755 0.9551210 0.9851510 1.5002735 1.4348371 1.4213245 1.4603074 1.4571699 1.3966386 1.3946694 1.1147201 1.5602598 1.3241720 2.0501260 1.7166526 1.5357800 1.6927543 2.0143696 1.7341849 1.5583072 1.3672655 1.5876164 1.4599857 1.2521057 1.4081451 1.4784238 1.9476088 1.1934615 1.4100912 1.3165244 1.5719038 2.3031838 2.0659665 2.1030537 1.9975927 2.2095787 2.2813775 1.9205951 1.8984995 1.8190119 2.0118378 1.9664318 2.0207179 1.9363621 2.0632660 2.2063232 1.9016993 2.0117791 1.7648694 1.7476057 3.1734276 
Dgig_XM_028537623.1                                               2.6554233 1.3762767 1.4203265 2.0133663 1.3642685 1.5456833 1.4479236 2.0259204 2.9042745 1.4658191 2.5512563 1.0535810 0.8718483 0.8342127 0.9678180 0.9702761 0.9851975 1.1018065 0.6940405 0.7329879 0.7079884 0.7536933 0.7247721 0.7843369 0.7498179 0.8292350 0.7062340 0.7831845 0.0000000 0.3025185 1.2426003 1.2171694 0.9418486 1.0840178 1.0545762 1.2931033 1.1523181 1.0260573 1.1418596 1.1031816 1.1478340 1.1334184 1.1680507 1.1386562 1.1568834 1.0637634 1.6039845 1.5338787 1.5647830 1.5217480 1.5150180 1.4565908 1.4430637 1.2045094 1.7449954 1.4326810 2.1237706 1.7494342 1.2887143 1.6762742 2.2154667 1.8436283 1.6507569 1.5392101 1.6402925 1.6269494 1.1988160 1.0828659 1.6222467 2.0026884 1.3205642 1.4517373 1.4839182 1.4202902 2.3615027 2.2425892 2.1887664 2.1545723 2.2311422 2.2288409 2.1890127 2.1546516 2.2524598 2.2284381 2.1632856 1.9784685 2.1058613 2.3401585 2.1240438 2.1098882 2.3806593 1.6339274 1.7865019 3.4303817 
Xesp_022206-T2                                                    2.7245323 1.2790083 1.5080780 2.0815862 1.3413469 1.4554268 1.4733538 2.1101636 3.3677156 1.6433093 2.6948266 1.0906849 0.8822815 0.8692902 0.9777163 0.9882132 1.0264612 1.1365588 0.7055064 0.7756122 0.7546999 0.8386966 0.7474235 0.8097716 0.7832996 0.8026402 0.7205823 0.7850240 0.3025185 0.0000000 1.2577378 1.2550700 1.0198678 1.1553584 1.1597368 1.3542173 1.1954825 1.0326083 1.2179611 1.0901231 1.2209591 1.1873308 1.1928285 1.1730714 1.1949113 1.0863082 1.5876204 1.5138841 1.5681294 1.5238700 1.5152383 1.4689330 1.4369130 1.2301903 1.7926243 1.4645751 2.1717818 1.7535395 1.3681573 1.6833822 2.0679244 1.8102113 1.5958741 1.5529372 1.6406631 1.6591321 1.2670316 1.2465930 1.6917949 2.0593141 1.4228429 1.4604088 1.4985887 1.4955441 2.6523698 2.3888883 2.3682713 2.2669861 2.6341996 2.6608195 2.2887890 2.2740856 2.1031126 2.2648782 2.1846575 2.2607969 2.1284037 2.3044894 2.4635483 2.1316967 2.2619142 1.8480051 1.7839187 3.2100390 
Sanmal_Sma_023204-T1                                              3.1580877 1.7320645 1.4228876 1.9130544 1.6621193 1.5358526 1.7591287 1.8932823 2.4185977 2.1356588 2.4259199 1.3033883 1.1176520 1.0914704 1.1615278 1.1821284 1.2071598 1.2518043 1.2848391 1.1289818 1.0790134 0.7566182 1.1087832 1.1596873 1.2046165 1.5089230 1.1185716 1.1056395 1.2426003 1.2577378 0.0000000 0.9983459 3.1821571 1.3632308 0.6415778 0.8637969 0.7601720 0.6386297 1.7767772 1.5811793 1.4961824 1.5023746 1.4727555 1.2973773 1.2819190 1.3729791 1.8587603 1.7985676 1.7587334 1.8038494 1.7892028 1.6684910 1.6390047 1.0734005 1.3633131 1.2365956 2.2010554 2.3599801 1.4940581 1.7914079 2.2191304 1.9449606 1.6128205 1.4365400 1.8326373 1.6345621 1.3149203 1.1715228 1.7058523 2.0393877 1.5576127 1.6912572 1.6549779 2.7428605 2.5492988 2.2925632 2.6594644 2.8233693 2.8555027 3.2647729 2.3354742 2.2842082 2.2047573 2.4727549 2.4505174 2.5003735 2.4711140 2.8067825 2.3816726 2.3884157 2.8658421 2.4795421 2.3656192 3.6187820 
Chem_TCONS_00072843                                               3.2699232 0.0000010 1.4744970 1.7513933 1.6221875 1.2854696 1.6250594 1.9616770 2.9663994 1.9222577 2.2295495 1.2028562 0.9907297 1.0285480 1.1601865 1.1668177 1.0742652 1.1269588 1.4594116 1.0108916 1.0343829 0.8355218 1.0563571 1.0180295 1.0447523 1.2938633 1.0020859 1.1177171 1.2171694 1.2550700 0.9983459 0.0000000 0.0000010 1.3719687 0.6784846 0.8643376 0.7759672 3.1343908 1.7354229 1.5953807 1.3105318 1.3055794 1.3024440 1.0676105 1.1024297 1.2198269 1.6286022 1.5946985 1.5854986 1.5695675 1.5625297 1.5192412 1.5124798 0.8765705 1.1148358 0.9643356 2.1473498 1.6190129 1.3659535 1.7018183 2.1236685 1.6219061 1.6719647 1.4832669 1.5880761 1.5396122 1.3612983 1.2962079 1.6291161 2.0497536 1.5503258 1.5784868 1.5657392 2.3754885 2.3070629 2.0605701 2.3339361 2.8273703 1.9265366 2.0892552 1.9650161 1.8766866 2.0121878 2.1891430 2.0733191 1.8112153 2.0430483 2.5737912 1.9440633 2.0864050 3.2113158 1.7712896 8.3331443 2.9946901 
Morvir_scaffold301.g10.t1                                         1.9924097 0.0000010 0.6352834 0.0000010 1.0554663 0.6352834 0.6967905 0.0000010 0.0000010 0.0000010 0.0000010 1.1467210 0.8721335 0.9907461 1.0195568 1.0910665 1.0971284 1.2370172 0.9224889 0.8929725 0.9550286 0.0000010 0.7644238 1.0015781 0.9327617 1.1705542 1.0455848 0.9471303 0.9418486 1.0198678 3.1821571 0.0000010 0.0000000 0.7843247 0.0000010 0.8084091 0.9114712 0.7502862 0.0000010 1.2149161 1.0875147 1.2087972 1.2138731 0.0000010 0.0000010 0.0000010 1.3428596 1.4811972 1.4783810 1.2990467 1.2990467 1.4270977 1.4270977 0.0000010 2.1034214 0.8813432 0.0000010 0.0000010 0.0000010 0.0000010 1.2092841 1.6003992 0.0000010 0.0000010 1.8216567 0.0000010 0.0000010 0.0000010 1.8031480 0.0000010 1.0273587 1.4680450 1.3757005 1.7333086 0.0000010 0.0000010 2.2034802 2.2034802 0.0000010 0.0000010 0.0000010 0.0000010 0.0000010 1.7750029 1.7342166 0.0000010 1.5773171 1.7140676 0.0000010 1.9766969 0.0000010 0.0000010 1.5703269 0.0000010 
Plajan_Pjan_C569448_01                                            2.6293006 1.1307086 1.4603487 1.4771963 0.9220316 1.2563032 1.0360494 1.8138469 2.5155435 1.1485331 1.9617732 1.1196215 0.9426547 0.9731007 0.9857564 1.0387960 1.0789165 1.1766522 0.9847596 1.0579483 1.0390999 1.0644740 1.0229880 1.1268358 1.0852423 1.2202806 0.9706758 1.0738601 1.0840178 1.1553584 1.3632308 1.3719687 0.7843247 0.0000000 1.3176289 1.4181235 1.3412170 1.0298832 1.1538349 1.1186852 1.0586554 1.0742520 1.0842841 0.9177643 0.9235927 1.0092979 1.7274517 1.6773891 1.7313548 1.6825239 1.6830439 1.6472203 1.6407683 1.4345161 1.8475817 1.5673390 2.2331257 1.5088876 1.2609948 1.5996296 2.0826235 1.6810078 1.5946682 1.4952973 1.6977042 1.3909755 1.2602901 1.2272050 1.4575425 1.8107844 1.3411939 1.5357670 1.5178135 1.8032440 2.1306556 2.1915627 2.2883886 2.5991489 2.4850698 2.5232453 1.9701636 1.9031395 1.4698002 2.1663278 2.0580897 2.1273894 2.0973503 2.3700573 2.2314067 2.0906637 2.5804322 1.7099783 1.6745064 3.5996655 
Aaur_scaffold726.g4.t3                                            3.2309681 0.0000010 1.7096491 1.8244369 1.6454866 1.5844642 1.7197458 2.1655846 3.0452711 1.8595168 2.3348716 1.1275305 0.9062310 0.8860382 1.1277317 1.0402044 1.0499712 1.1316575 1.4731260 0.8481248 0.8608159 0.7465573 0.9216372 0.9032547 0.9237414 1.0788298 0.9442606 0.9872729 1.0545762 1.1597368 0.6415778 0.6784846 0.0000010 1.3176289 0.0000000 0.4437270 0.3541784 0.7912649 1.7075702 1.2662004 1.2221154 1.2251707 1.2602108 1.0554508 1.0828577 1.1572178 1.6208010 1.5685214 1.5960207 1.5544414 1.5486048 1.5102826 1.4784577 0.6886494 1.1323614 1.0316011 1.9722297 1.5272699 1.1407721 1.6043010 2.2199055 1.6584751 1.6664336 1.6489858 1.5969159 1.7174613 1.3076410 1.3707173 1.6322147 1.9399626 1.5441250 1.5823572 1.5877137 2.7556061 2.3538587 2.2560030 2.4077481 3.0691190 1.9818694 1.9307744 2.2179934 2.1501997 2.2621334 2.3683923 2.1858415 2.0007325 2.1583787 1.6891214 1.8907381 2.0410743 3.4421256 1.7216923 0.0000010 3.2944777 
Nemnom_g17207.t1                                                  2.7780371 1.9267989 1.3664617 1.7890044 1.6561772 1.2393911 1.8200958 2.0317231 3.1337370 1.9815644 2.2172207 1.3350197 1.1511496 1.1586403 1.3695933 1.2973223 1.2680353 1.3165789 1.3378676 1.1583083 1.1382260 0.9908128 1.1605389 1.2292299 1.1966569 1.2380441 1.1503342 1.2236059 1.2931033 1.3542173 0.8637969 0.8643376 0.8084091 1.4181235 0.4437270 0.0000000 0.2029157 0.5793903 1.8017401 1.5513623 1.4803704 1.4665737 1.5016584 1.1729253 1.1889123 1.3697023 1.6923463 1.6564061 1.6978938 1.7134931 1.7091280 1.6496175 1.6654114 0.9442281 1.4987651 1.2509101 2.0411781 1.5344991 1.1502838 1.7218116 2.4231497 1.9562678 1.9085029 1.7880946 1.7982802 1.8625276 1.3450040 1.2918123 1.7803312 2.0243245 1.5171336 1.7170183 1.6466461 1.7746680 2.4369247 1.9198760 2.4823695 2.7677568 1.8124273 1.9430021 2.0958491 2.0515278 2.3763035 2.3805246 2.3071622 1.8262620 2.1657720 2.5893658 1.7346819 2.2695146 3.0158244 1.7501872 2.3524797 3.0721787 
Rhoesc_Res_004771-T1                                              2.7590077 1.8424368 1.6131932 1.8677742 1.5797139 1.4977660 1.7799995 2.1858511 3.3001296 1.9037922 2.2512250 1.2082227 1.0350168 1.0326768 1.1861140 1.1637926 1.1475177 1.2150013 1.2665017 1.0992611 1.0445484 0.9483307 1.0805575 1.1514549 1.1273355 1.1633554 1.0778857 1.1609731 1.1523181 1.1954825 0.7601720 0.7759672 0.9114712 1.3412170 0.3541784 0.2029157 0.0000000 0.4312012 1.7637951 1.4837255 1.4122690 1.3817243 1.4199563 1.0907156 1.1144301 1.2890920 1.6633915 1.6155604 1.6361825 1.6683462 1.6634689 1.5709376 1.5763683 0.8608990 1.3726151 1.1022990 2.0735349 1.5325555 1.1581953 1.6909868 2.2679716 1.8549770 1.8010269 1.6979095 1.7258562 1.7907857 1.2922463 1.2512894 1.7356441 1.9828253 1.4824505 1.6470448 1.5541004 1.6270847 2.3833546 1.9876210 2.4125761 2.7187752 1.8412028 1.9361509 2.0125766 1.9413242 2.2598173 2.2715063 2.1678139 1.7776232 2.1017454 2.6526690 1.8092607 2.2089740 2.9511897 1.7235478 2.1872760 3.0390856 
Aaur_scaffold726.g5.t1                                            2.2601080 1.4968934 0.7895468 9.0000000 1.2201973 0.7895468 1.3087894 0.0000010 0.0000010 0.0000010 9.0000000 1.2850449 1.0690967 1.0132968 1.2893899 1.2079982 1.1183208 1.1994996 1.0582501 1.1416398 0.9994244 1.6117814 1.0440018 1.2439608 1.1378590 1.0965769 1.0357737 1.0944204 1.0260573 1.0326083 0.6386297 3.1343908 0.7502862 1.0298832 0.7912649 0.5793903 0.4312012 0.0000000 1.4561569 1.3544358 1.4778835 1.4022036 1.3820426 1.8600826 1.8600826 1.0127805 1.5905246 1.5645839 1.5917495 1.6503141 1.6503141 1.5048828 1.4763945 1.0127157 2.0481836 0.9669604 0.0000010 0.0000010 2.0506209 2.0506209 2.1524586 2.0366108 3.5918894 0.0000010 1.9863341 1.5168656 2.2111190 2.2111190 1.7596834 3.5918894 1.1871093 1.4580373 1.4103784 1.7338729 3.7199792 0.0000010 2.5245385 2.5955036 0.0000010 0.0000010 2.3968220 2.3968220 0.0000010 2.3635789 2.3269235 2.9648831 2.0350574 2.6119701 0.0000010 2.2312583 2.4402623 0.0000010 1.9305348 2.7019468 
Lcom_lcpid121018                                                  3.2612683 1.1870189 1.4050444 0.0000010 1.2055445 1.4050444 1.1086434 0.0000010 0.0000010 1.3313583 0.0000010 1.3081399 1.0733062 1.1418812 1.2252001 1.2197989 1.2344043 1.2271371 1.0801133 1.0867568 1.1204438 9.0000000 1.1253555 1.3894293 1.3051362 1.2686000 1.0464594 1.2712235 1.1418596 1.2179611 1.7767772 1.7354229 0.0000010 1.1538349 1.7075702 1.8017401 1.7637951 1.4561569 0.0000000 0.0000010 0.1494186 0.1695236 0.1658469 0.0000010 0.0000010 0.3471704 1.6938955 1.7081570 1.6962744 1.6119703 1.6076472 1.7691725 1.7691725 1.6379487 2.1400725 1.6162503 8.9999990 3.9176339 0.0000010 2.1552587 2.0395469 1.9976838 1.8175875 1.7443383 1.6953273 1.4751551 0.0000010 0.0000010 1.8545268 0.0000010 1.5570332 1.7084107 1.8065750 3.8567016 4.3677371 2.0475999 2.6029518 2.5904313 0.0000010 0.0000010 2.4878336 2.2416722 1.7203001 2.3824964 2.2034678 0.0000010 2.2630410 2.5675897 0.0000010 2.4280092 2.3885738 0.0000010 2.1142797 4.4996231 
