178
Hsap_ENST00000382438                                               0.0000000 1.1416587 1.2837346 0.3214700 1.4693837 1.1605470 0.9644589 1.2117508 1.5321594 1.5012341 1.6329295 1.6467624 1.5315223 1.5315223 1.2465459 1.5365822 1.8002138 2.0198274 2.2307097 2.2873269 3.6766517 3.8371155 5.4831180 4.1943149 3.5294426 4.7144963 4.6992157 3.7125907 3.7306359 3.5677007 3.2726322 3.5397970 1.3751669 3.8976907 3.3951083 2.9578901 1.4011908 3.2825886 3.2268526 4.4859585 4.3672854 1.3916225 3.8366830 3.9728322 1.5201369 4.3708398 4.3320445 4.4751917 4.3328712 4.3837646 4.1474666 3.3077251 4.0126926 1.2902360 3.6525915 1.2643276 3.4615106 3.3809692 3.6245221 3.2206630 3.5242742 3.4942069 2.6262780 2.7906765 2.6959763 3.1680164 3.0656782 3.0991089 2.9018808 2.6984443 2.6984443 2.9989468 3.3778872 3.3432192 5.0765336 4.4506161 3.3913659 3.3674997 4.0694097 3.9287083 3.4839276 3.4872115 3.3537330 3.3537330 3.3289575 3.3289575 3.6080198 3.0394694 2.7889852 2.6262959 3.3289437 3.5615331 2.5641074 2.7247754 2.7487608 2.7252178 2.7345137 2.7686422 2.6605486 2.6605486 2.7777394 2.7119657 3.5219941 3.3341324 3.2141598 2.9274131 2.6828151 2.8315361 2.7294754 2.6014528 3.3340231 3.2265452 3.0188044 2.6912490 2.1051465 3.6399284 4.0176308 2.4975940 2.6508718 2.7709278 2.9320222 2.7534598 2.5942307 2.4249166 3.6845383 3.2067196 3.1717986 2.6041642 4.6442288 3.7303801 4.0564070 4.1233772 4.0231242 3.8871490 3.6141711 3.2991641 3.2916478 3.2023099 3.4818199 3.3780076 3.2831574 3.5701943 2.9843812 3.5732014 4.8358373 5.0363382 3.3561110 3.9235435 3.6462292 4.0239683 3.6833222 3.6744572 3.5124412 3.8186271 4.2859665 4.2859665 4.2247710 4.5822142 5.9846524 3.8998674 3.9267714 4.2900033 4.6461006 4.8107189 6.1870550 6.7928195 5.7686478 5.6181931 6.1628880 4.1472901 4.7678606 5.1563313 2.4240526 3.0827270 4.3968355 1.7400064 6.2090945 5.2262685 
Exapal_XM_021044213.2                                              1.1416587 0.0000000 0.6629476 0.3386816 1.4568886 1.4003826 1.1009442 1.5674472 0.8891517 0.8856315 0.8824241 0.8912497 0.8502310 0.8502310 1.6007109 1.8311996 1.6581384 2.5339490 1.6780348 1.9855026 5.2784279 5.1364774 5.4253857 4.3305710 4.4580444 5.1158469 4.8794525 4.1968733 4.2860848 3.0930159 3.1229903 3.0202220 1.6224541 3.2276815 3.7493964 3.2750080 1.6347278 3.2384624 3.2772437 4.1077959 4.1276630 1.2603208 3.5090475 3.4530000 1.7864728 5.6166661 6.8919495 6.8484267 6.0845035 6.1460431 6.0684597 3.5042611 3.4948131 1.5162759 3.3968022 1.5828333 3.4948975 3.3642265 3.4714540 3.4667008 3.9468080 3.7847818 2.9214625 3.1271335 3.5203189 3.3126121 3.5319495 3.4753154 3.4054664 3.3695387 3.3772057 3.7892887 2.8663627 3.8433020 4.9604053 4.4691374 3.5420656 3.7189284 4.8595895 4.5247538 4.2607635 3.8102108 4.0231249 4.0231249 3.8784798 3.8784798 3.8816483 3.1852572 3.6667904 2.6389007 2.5764145 2.8748268 2.8540584 3.5657007 3.5653522 3.4841017 3.6487094 3.4443953 3.5092501 3.5092501 3.2230146 3.4083233 3.0582150 3.2184574 2.8601491 3.4585489 3.1058916 3.1587761 3.0784158 2.8700670 3.7892452 3.4223276 3.3869329 3.1429674 2.5939767 3.3599483 3.8405097 2.7088504 2.6686208 2.4481249 2.9280801 2.8529658 2.8642455 2.6333798 3.6674573 3.2431389 3.1637032 2.3565575 4.3057433 3.4795989 3.8194223 3.8212292 5.0116578 4.4249471 3.8589126 3.6535753 4.3473342 4.5458049 3.8949289 4.2970993 4.5024042 3.8396399 3.1532165 4.2538901 5.2232589 4.5239377 3.8638617 4.2107662 3.9584831 4.4250788 4.5504446 4.1782340 4.4468340 4.2368018 4.4718828 4.4718828 4.5473898 4.6625518 4.2855286 5.1207855 4.0533094 5.5681869 3.8782306 5.8172336 5.5945651 5.2080513 5.1755534 4.1990902 4.8952865 3.5610316 4.2827812 5.3474849 3.8800027 4.2491859 4.4565579 2.0333206 6.8529508 6.6645189 
Nvec_v1g208034                                                     1.2837346 0.6629476 0.0000000 0.3303493 1.4608977 1.3052514 1.1814824 1.3335683 0.6884201 0.7050308 0.7130729 0.7020744 0.7112919 0.7112919 1.5793126 1.7573413 1.8692756 2.1955231 1.6691138 1.6018455 4.8398969 4.3050528 4.7980674 4.5649059 4.1559091 4.9552503 4.8568729 3.9171280 4.1461161 3.7142474 3.6238958 3.1448417 1.5456070 3.4932637 3.6094651 3.1481365 1.7296526 2.9315660 3.4205165 4.4569574 4.8931789 1.3697616 3.3959018 3.5120103 1.6971358 5.2666722 6.0464040 6.0538098 5.7128940 5.7700082 5.1224087 3.0806970 3.1287765 1.3799164 2.8651586 1.4418227 3.3176286 3.1750015 3.4025023 3.3598650 3.5366182 3.8828429 3.1333135 3.1816476 3.2932135 3.8037344 3.7015429 3.6190260 3.8360261 3.5407415 3.5407415 3.2817997 2.9897415 3.3148144 4.8248806 4.3524086 4.7274687 4.4841502 4.3576837 4.2572887 4.6694793 3.8641096 4.1323975 4.1323975 4.0003359 4.0003359 4.1345212 3.5851183 3.3326923 2.6180319 3.2007518 3.4271495 3.0346120 2.8707071 2.9435938 2.9469359 3.0121525 2.9487214 2.9840019 2.9840019 3.4070110 2.6459123 2.6467471 2.6488785 2.8559743 3.2164882 2.7930975 3.0664235 2.6950562 3.0881374 3.1755611 3.4888147 3.2341728 3.0955964 2.3202546 3.1313336 4.0996671 2.8453174 2.7225783 2.6830182 2.9796752 2.6816428 2.8931879 2.7674229 4.0899848 3.0188037 2.7108031 2.4497785 3.8778438 3.2544655 3.4594315 3.7732624 3.8003695 4.3773248 3.6722064 3.4831905 4.1127662 4.3237980 3.6279130 4.0219620 4.2357970 3.5449161 3.0515095 3.6993648 4.8437727 4.2668840 3.7389213 4.1293641 3.8320186 4.1304410 4.8213732 4.5899771 4.7635906 4.6549188 5.0347506 5.0347506 5.1714673 3.9983497 4.9326419 4.5354156 4.8938601 4.7542442 3.4457143 4.6541918 5.0331998 5.5991185 4.7359864 4.7247585 6.2217352 4.3002760 4.3945318 4.8576179 3.4844523 4.0653051 4.3827484 1.7462677 6.7007192 6.4714306 
Ctel_gnl_WGS_AMQN_CAPTEDRAFT_mRNA79432                             0.3214700 0.3386816 0.3303493 0.0000000 0.1588273 0.2578147 0.2877850 0.3852158 0.3224041 0.3224041 0.3224041 0.3224041 0.3236053 0.3236053 0.3588368 0.3853490 0.4175756 1.4435960 0.5514090 0.5773730 2.4648451 2.2854599 2.4590685 2.4590685 2.2962130 2.2976743 2.2976743 2.2854048 2.2976743 1.0842615 1.2864431 1.2637692 1.1269005 1.2524549 1.0930198 1.1889415 0.9873663 1.1383259 1.1708022 2.2124506 2.2865683 1.2232741 2.2124506 2.2124506 1.3432338 2.6881613 2.8256841 2.8256841 2.7977224 2.7977224 2.7673670 1.2196056 1.3243039 1.1934681 1.3875392 1.4318820 1.2405606 1.4176224 1.3225307 1.3363145 1.3053454 1.1915608 1.3490170 1.5050827 1.5166492 1.4235614 1.4712840 1.4712840 1.3763943 1.3097693 1.3097693 1.3016474 1.0965898 1.7350151 1.9821841 2.0341765 1.5062386 1.5062386 1.8916100 1.8916100 1.7294850 1.7278630 1.7374468 1.7374468 1.7278630 1.7278630 1.7684009 1.6555111 1.6435835 1.5602160 1.6060170 1.8581265 0.9337721 1.2959296 1.2959296 1.2959296 1.2959296 1.2959296 1.2959296 1.2959296 1.4122723 1.4179071 1.0992731 1.1064945 1.0021556 0.9620420 1.0031520 1.1481738 0.9701812 1.0979749 0.9634015 1.2195219 1.1690840 1.0831596 0.7808265 1.6321598 2.0156760 1.6023742 1.4179499 1.4921529 1.6317060 1.3080846 1.4237164 1.3341234 1.2523345 1.1567902 1.1499927 1.1280519 3.1624447 1.5307247 1.5112651 1.5588977 1.9273661 2.2679701 1.4088275 1.3900557 1.7549485 1.8689589 1.7549485 1.7840112 1.9031923 1.7840112 1.9239749 2.1826140 2.4686507 1.4541529 2.1926024 2.0960846 2.0960846 2.1217796 2.1073127 2.1073127 2.1948851 1.9561964 2.1711943 2.1711943 2.0055068 2.9138667 2.6538162 2.2267576 1.5212869 1.9161972 2.2575938 2.8179445 3.6330559 3.2129870 3.3563569 2.6991601 2.1086295 1.7190775 2.2199898 3.0286866 1.1465162 2.8389451 2.9926919 1.7526148 3.7737649 2.1555655 
Acagra_model.g1596.t1                                              1.4693837 1.4568886 1.4608977 0.1588273 0.0000000 1.0739413 0.9297819 1.4646248 1.5791971 1.6221929 1.6652646 1.6799806 1.6156615 1.6156615 1.2758563 1.8878355 1.5029379 2.3084808 2.3956053 2.1032067 4.6504955 4.8510295 5.6688199 5.0415968 4.3696979 5.5113435 5.0808087 4.0061063 4.6072724 3.7120444 3.2244761 3.4078146 1.5427200 3.0160919 3.3469860 3.0123587 1.3578683 3.1896699 3.4172158 4.7260285 5.0006003 1.3697616 3.6678172 3.9212105 1.5137954 4.3525361 4.5198228 4.6595902 4.1406344 4.2218730 4.0248505 3.4367366 4.2789189 1.3472142 3.5927304 1.3321352 3.8234180 3.7419673 4.5151044 4.1532003 4.2102966 3.8667673 2.9810293 2.8600541 2.8631492 3.2276308 3.0157280 3.0877722 2.9627788 3.0241717 2.9611745 4.2761668 3.8396490 3.3355998 3.8921352 4.1384964 3.1161076 3.2732642 4.5861762 4.6040991 4.1638155 3.8604941 3.6766378 3.6766378 3.7500562 3.7500562 3.2820741 4.3008281 2.9804879 3.1250625 3.8957937 3.5303392 3.3386213 3.0395617 3.1202463 3.1571734 3.1659212 3.2679376 3.2138193 3.2138193 3.5454537 3.3610051 3.4538530 3.3123289 2.8605975 3.4523062 3.0352069 3.0635431 3.2718918 3.3992514 3.9269923 4.2109030 3.6653742 3.9026376 2.4188919 3.5478889 3.5803380 2.8702152 3.5223488 3.0006947 3.3843626 2.6711184 3.1468876 2.7218869 3.7595987 3.1711114 2.9508318 3.1460333 6.2023847 3.7883923 4.2510014 3.9800463 4.5084367 4.4909580 3.3007378 2.8810465 4.2883190 4.8873385 4.2679786 4.3663747 4.9946220 4.3323465 3.6240509 5.4319742 6.7113457 5.6140973 3.6161315 4.5979877 4.3112658 4.4664048 4.2732975 3.8621836 3.9950612 3.7093895 3.9449976 3.9449976 4.3485014 4.9867139 5.9430102 4.5789849 4.3260587 4.8038845 3.6748048 5.9813851 5.7911677 6.2856191 5.2688134 4.9448425 5.0553345 4.2785922 4.5449710 5.3942516 3.3247301 4.2935778 4.4435346 1.7187108 7.1331308 6.8935858 
Cscu_XM_023361107.1                                                1.1605470 1.4003826 1.3052514 0.2578147 1.0739413 0.0000000 1.0565423 1.4354006 1.2747724 1.2824822 1.3698352 1.2969184 1.4077416 1.4077416 1.3503906 1.7722071 1.5359161 2.1367064 2.0769991 1.8441543 4.0102627 4.0245231 4.2556399 3.9828751 4.0313915 4.4920162 4.0025705 3.7230985 3.8114509 2.9979896 2.9475764 2.9404075 1.2798362 3.1482325 3.0029482 2.9619642 1.3445859 2.7184401 3.4285219 4.0442504 4.4818238 1.2956172 3.0718707 3.3158744 1.4063369 4.2738420 4.7883930 4.6088244 4.2263089 4.3153432 3.9045605 2.8165637 3.2744065 1.2520835 2.9057591 1.2297397 3.1072028 2.8799713 2.9182545 2.6884359 2.9171605 3.3055273 2.5115664 2.8022654 2.7436950 3.1151098 3.1006895 3.0737098 2.8857176 3.0952337 3.0952337 3.6481058 2.6530775 3.5258047 4.7928960 4.1933776 3.0603460 3.0995901 3.4138641 3.2607334 3.0869790 2.9064222 2.8944996 2.8944996 2.7336839 2.7336839 2.9924960 2.9184935 2.9838489 2.7768346 3.1359952 3.1314415 2.7262750 2.9008695 2.9320210 2.9516780 2.9375246 2.8592265 3.1588077 3.1588077 2.9490978 2.4263535 2.8047642 2.7901921 2.8196942 2.8421337 2.9053063 2.9105063 2.7906491 2.9818616 3.2261683 3.0180857 3.0276769 2.7192250 2.2647825 3.3798374 4.4191018 2.8060979 2.7463236 3.1286035 2.7984315 2.3617537 2.5229359 2.5434135 3.2710328 2.3149005 2.3387063 2.5729014 4.3929630 3.6349922 3.5229792 3.8840197 3.4350970 4.1583127 3.1656075 2.7729288 3.3300581 3.4173129 3.4950060 3.6607831 3.7689908 3.8027900 3.1837799 3.6632981 4.8278873 5.1547182 3.1667624 3.3499151 3.0224800 3.7421737 3.5398884 3.4566900 3.3017612 3.8911094 3.4612422 3.4612422 3.8686219 4.0560306 4.4145258 3.9730817 3.8726564 4.4255655 3.9876669 4.2817684 4.8214530 6.0906357 5.1531556 4.1653447 5.3337773 3.9343255 3.8514124 5.8031553 2.8244730 3.9062701 4.6800307 1.7461219 6.0006485 5.3124537 
Bralan_BLAG03001042_1                                              0.9644589 1.1009442 1.1814824 0.2877850 0.9297819 1.0565423 0.0000000 1.0653797 1.1762029 1.1898498 1.1762538 1.1892218 1.1733182 1.1733182 1.1209753 1.5836782 1.5946696 2.2208420 1.9255740 1.9941284 4.7009892 4.4305908 6.0830921 5.3578917 4.3871637 4.8048406 5.0000381 3.8796979 4.6132260 3.5256504 2.6884999 3.0793805 1.2875004 2.9606048 3.5805898 2.8371489 1.4219147 3.0422127 2.9571684 3.8184976 4.0074110 1.3682847 3.0680792 3.2206061 1.5867914 4.3155333 3.9165313 3.9395326 3.7015232 3.7783893 3.4719194 2.9595341 3.1724826 1.2883223 3.0605675 1.3020862 3.5031903 3.0443979 2.9959207 3.1238547 3.6367322 3.2784729 2.5078635 2.8238243 2.7968826 2.9148795 2.9705482 2.9680885 2.8715681 2.7368880 2.7368880 3.7862490 2.7023167 3.5660417 4.4845548 4.3160350 3.3774867 3.2423501 4.1712596 4.0420911 4.3377654 3.7324289 4.0377236 4.0377236 3.9096585 3.9096585 3.7975112 3.2255526 2.9353845 3.0571379 3.9473903 3.8646236 2.3562727 3.0825168 3.1101112 3.2507777 3.1455532 3.1618408 3.0838559 3.0838559 3.2137085 2.8641108 3.3325944 3.1102420 2.9377215 3.0908928 2.6545252 2.8752238 2.5480531 2.9508120 3.2087740 3.2932885 2.5709011 3.2504597 1.9046613 3.7231042 3.6028109 2.5841894 2.1622120 2.6351866 2.9613035 2.8481871 2.5532798 2.8932093 3.1001995 2.5350018 2.4923683 2.4873465 4.0267729 3.3076716 3.9997918 4.2932042 4.3044174 3.5494914 2.9052699 2.9593071 3.1627676 3.7349578 3.0196622 3.4362675 4.0981138 3.2355527 2.9995472 4.0092717 4.4468183 3.7686608 3.0297966 4.0778764 3.8570423 3.8621515 3.8583932 3.7975101 3.6814343 3.8319214 4.2189589 4.2189589 3.8941261 4.1159332 5.6541786 3.7439295 4.6428059 4.9601612 4.2334067 5.7474095 5.5718628 6.4124692 4.9798135 4.9162042 4.9584626 3.8176154 5.0927573 4.3900279 2.6886013 4.0849012 3.9882842 1.8122520 4.9271547 5.3302635 
Skow_NM_001165004.1                                                1.2117508 1.5674472 1.3335683 0.3852158 1.4646248 1.4354006 1.0653797 0.0000000 1.7603591 1.7850961 1.8247777 1.7657837 1.6768307 1.6768307 1.5771153 1.6390424 1.9402972 1.9550700 2.1069535 2.1164726 4.7876597 4.0690622 6.9206937 5.3441729 4.8618030 5.1042251 5.6402384 4.5952995 5.0468988 4.7915752 3.8351103 3.8717394 1.6323124 3.7842995 4.0084704 3.3812272 1.6057721 3.8823527 3.7963294 4.9976448 5.0391299 1.6529846 4.0383851 4.2440494 1.8527495 5.6896767 5.4689981 5.6544400 5.3266142 5.3592696 5.1061844 3.6969219 3.9242024 1.6087532 3.8176439 1.9065982 4.4263162 3.5583854 3.7995821 3.1388546 4.0990994 3.8211059 3.0618508 3.4998972 3.6785881 4.4427465 4.2830841 4.5927874 4.1813001 3.9996144 4.0315153 3.2408165 3.2563194 3.3639771 5.5014705 4.6880370 3.9451077 3.8083093 4.0510612 4.0614898 4.6354155 4.3120261 4.2019876 4.2019876 4.4008253 4.4008253 4.6390878 4.1022182 3.3346644 3.8337722 4.8448966 4.3999835 2.7812321 3.2453655 3.3690856 3.3958542 3.3920783 3.3789027 3.3219666 3.3219666 3.2413039 3.0286535 3.5707490 3.5227794 3.2931957 3.4326129 3.1239400 3.3212235 3.4521776 3.0727495 3.9756664 3.4751541 3.0561911 2.5915882 2.9756154 3.9171126 3.9659681 3.0453574 3.3623656 3.3489519 3.6192192 2.8924920 3.3589585 3.4634081 3.6112724 3.6781669 3.2446512 2.4621567 4.6996391 4.5482805 4.5567987 4.8539777 5.4810193 5.9361864 3.6518706 4.1674055 3.8981369 4.2186173 3.6819218 4.0618212 4.4277065 3.8005661 3.3302808 4.7857390 5.7826492 5.8645010 3.3326177 5.2073788 5.0350749 3.9722822 5.7406908 5.4451621 5.3852682 5.4321853 5.2773330 5.2773330 5.1819607 4.4755490 5.4819519 4.2534981 4.6095253 4.7202237 3.4810954 5.6546970 6.0533695 6.7939763 4.9298108 5.4116015 6.9884361 4.2688661 5.1308574 5.6510832 2.7638600 4.0604814 4.8273790 2.1222713 8.7281989 5.9036169 
Spis_XP_022782914_1                                                1.5321594 0.8891517 0.6884201 0.3224041 1.5791971 1.2747724 1.1762029 1.7603591 0.0000000 0.0327925 0.1107354 0.0911435 0.2563281 0.2563281 1.5424727 1.9705099 1.9533407 1.8894011 1.9468583 1.7801839 5.1985486 5.0923961 5.6458496 4.7139628 4.3834387 5.3673293 5.4332090 4.3413712 4.8864272 3.5171966 3.3408176 3.0408844 1.4215188 3.1511526 3.2355062 3.3807508 1.5475635 3.1760885 3.3840750 4.6125111 4.8526033 1.3235302 3.8055587 3.8137280 1.7013520 5.4604237 5.4653066 5.4207484 4.6683904 4.7563220 4.9841966 3.6549960 3.7025639 1.3328103 3.3856451 1.4421603 4.2795509 4.0444583 3.7643766 3.7567496 4.3809480 4.3638952 2.6204899 3.1967212 3.4170227 3.4953240 3.5379814 3.5139179 3.3725041 3.3240259 3.3569484 3.7588531 3.1237588 4.1829208 5.0807904 4.9139187 4.7022949 4.5895904 4.6307833 4.3905083 5.1836586 4.4173577 4.2685386 4.2685386 4.4163307 4.4163307 4.5305293 3.0847314 3.6008131 2.8623790 3.6416664 3.8723171 2.8923229 3.3546189 3.3974808 3.4833468 3.4866910 3.2939468 3.3619690 3.3619690 3.4425097 2.9756610 3.1055019 2.9916606 2.7525399 3.5360814 2.8095916 3.2044883 3.2830047 3.4968376 3.7855414 3.3915052 3.7060969 3.5655132 2.3098200 3.3453539 4.1016904 3.2809716 3.3266386 3.3296373 3.3645034 3.2802233 3.3898535 3.1755263 3.6910297 2.9339797 2.7828658 2.4209669 4.9164235 4.3231685 3.9567196 4.1041067 5.4512891 5.1193879 4.4338165 3.7029791 3.8942493 4.4876669 4.0103866 4.1191445 4.7771641 4.2154739 3.6253821 4.9131373 6.1736578 5.6959228 4.2466581 4.9195191 4.8930637 4.9670285 5.2509453 5.0454471 5.0779969 5.3438963 5.6660667 5.6660667 5.8161734 4.7139392 5.7049151 4.8266798 4.5179194 5.9592399 4.3795461 5.5609061 5.8715407 6.4607026 5.5396117 5.6274227 5.3830681 5.2869595 4.2974667 5.1523235 3.9374787 4.0090917 5.2872871 1.7936729 6.9576811 5.9446082 
Pocdam_XM_027185775.1                                              1.5012341 0.8856315 0.7050308 0.3224041 1.6221929 1.2824822 1.1898498 1.7850961 0.0327925 0.0000000 0.1193528 0.0991945 0.2808940 0.2808940 1.5519644 1.9987716 1.9332261 1.8894011 2.0408762 1.8097750 5.3231908 5.1106825 5.6506004 4.7655600 4.3047627 5.5436892 5.6290966 4.3862261 4.9365363 3.4663442 3.3933437 3.0079019 1.4215188 3.1199873 3.1566958 3.4640899 1.5475635 3.1421291 3.4597347 4.7702530 4.8411786 1.3235302 3.8055587 3.8137280 1.7013520 5.5576731 5.5919317 5.5139485 4.7515571 4.8405169 5.0761501 3.6309850 3.6817142 1.3328103 3.4077645 1.4421603 4.3191088 4.0224150 3.7422898 3.7294014 4.4267778 4.3268472 2.5946120 3.2199549 3.4529483 3.5500327 3.6712141 3.6157254 3.4960791 3.4446584 3.4787206 3.7594318 3.1852355 4.1986605 5.1627194 4.9949019 4.7781826 4.7366774 4.7521673 4.5082304 5.2764401 4.4173577 4.3836738 4.3836738 4.5340504 4.5340504 4.5429580 2.9895264 3.6008131 2.8623692 3.6416664 3.8766712 2.8901368 3.1610802 3.2208821 3.3037804 3.3053728 3.1228981 3.2400430 3.2400430 3.1000461 2.8143496 3.0972575 2.9851617 2.8311002 3.5895224 2.7583238 3.2422655 3.2832175 3.5166387 3.7578444 3.3252618 3.6939613 3.6248482 2.2895547 3.3576247 4.1918441 3.2824663 3.3813006 3.3975734 3.3735134 3.2654376 3.3825890 3.2341628 3.6455010 2.9850265 2.8462486 2.4194065 5.0053507 4.4342101 3.9865985 4.1298302 5.2324187 5.1790553 4.4088745 3.7156462 3.9714748 4.5771812 4.0961352 4.2025557 4.8743850 4.3065505 3.6814603 4.7449077 5.9185426 5.7690806 4.2394533 4.9417165 4.8942165 4.9443716 5.2344356 5.0036586 5.1621570 5.1871031 5.6474669 5.6474669 5.7909929 4.9549958 5.7049151 4.7388256 4.5594341 5.9455146 4.4570981 5.5696279 5.9012026 6.3996091 5.6250787 5.6323368 5.4446048 5.2816739 4.2996617 5.1476220 3.9167269 3.8260969 5.3236005 1.7936729 6.9812934 5.9656641 
Fspp_ffun1.m4.4461.m1                                              1.6329295 0.8824241 0.7130729 0.3224041 1.6652646 1.3698352 1.1762538 1.8247777 0.1107354 0.1193528 0.0000000 0.0438501 0.2523693 0.2523693 1.6252895 2.0395871 2.0058255 1.8894011 2.0788979 1.8512916 5.2886772 5.4220892 5.5342970 4.5357016 4.1805657 5.8298501 5.9654987 4.6201013 4.9521650 3.6158803 3.5206275 2.8360107 1.4072919 3.5260319 3.3899288 3.4999298 1.5474494 3.2972496 3.6682731 4.5221132 4.7043123 1.3235302 3.5692366 3.6334300 1.7013520 5.8806992 6.0544249 5.9937815 5.1756237 5.2716250 5.5632764 3.9203926 3.6856976 1.3328103 3.5497208 1.4421603 4.3923785 4.1413922 3.9093162 3.7829633 4.5739818 4.3868521 2.7307402 3.3278189 3.6212411 3.6193746 3.6089159 3.6143302 3.5930396 3.4467823 3.4543860 3.8847085 3.2288199 4.3426430 5.2264533 5.2191806 4.4622436 4.3274673 4.9203736 4.6731447 5.0784750 4.3202329 4.5557775 4.5557775 4.5865907 4.5865907 4.5662339 3.2977045 3.4753939 2.8206625 3.7915167 3.9093434 2.9423140 3.6075014 3.6318804 3.6841066 3.6894493 3.5373141 3.5283992 3.5283992 3.5792997 3.0609997 3.3389132 3.3664834 2.7912886 3.5008284 2.9441109 3.1643808 3.5510526 3.6314242 4.0211613 3.6933860 3.6113800 3.4763305 2.4173445 3.3898764 4.2327507 3.3274470 3.1440044 3.0240461 3.3400065 3.1374894 3.2421904 3.0597798 3.7685375 3.1199847 3.0576613 2.5801333 4.7542736 4.2242379 4.1955383 4.3880394 5.0304257 4.9635837 4.6379034 3.9590318 4.1211869 4.8067111 4.1597694 4.2290895 4.9583800 4.2552876 3.9065285 5.4053266 6.2881389 6.0736583 4.7766137 5.2038286 5.0485837 4.9033322 5.3664475 5.1534701 5.4478548 5.3836316 6.1461524 6.1461524 5.9178876 4.9344515 5.5501783 4.9166513 4.5328924 5.7832050 4.1643939 5.8611120 6.5164225 7.1055325 6.0537869 5.6201171 5.3377479 5.5156637 4.5458568 5.2381163 3.9301015 4.1340132 5.2414760 1.7172582 7.5476166 6.5359124 
Gasp_gasp1.m3.680.m1                                               1.6467624 0.8912497 0.7020744 0.3224041 1.6799806 1.2969184 1.1892218 1.7657837 0.0911435 0.0991945 0.0438501 0.0000000 0.2517404 0.2517404 1.6071086 2.0975373 1.9874051 1.8894011 1.9920275 1.8789869 5.0177347 5.1897267 5.4509645 4.4231827 4.1212654 5.5204798 5.6163165 4.4100099 4.7283293 3.7378503 3.4954936 2.7915573 1.4215188 3.4355602 3.4422726 3.4159761 1.5474494 3.2623362 3.6905943 4.6012318 4.7873371 1.3235302 3.5254954 3.6334300 1.7013520 5.8053194 6.0873387 6.0259907 5.1090785 5.2040491 5.4738087 3.8816900 3.6691721 1.3328103 3.4090301 1.4421603 4.3108985 4.1269702 3.9690323 3.8768991 4.4585610 4.4103506 2.7179309 3.2235438 3.5257828 3.4804451 3.4743004 3.4797467 3.4542792 3.3160821 3.3490641 3.7324161 3.0756468 4.1413509 5.2435365 5.0992169 4.4052123 4.2733206 4.6359845 4.4128748 5.0658768 4.3828344 4.4940266 4.4940266 4.5165742 4.5165742 4.7043813 3.1206812 3.4762653 2.8160023 3.6771124 3.9026085 2.9273097 3.5353594 3.5785628 3.6125738 3.6172110 3.4659863 3.4572335 3.4572335 3.4982780 2.9803378 3.2495530 3.2273545 2.7963297 3.3447259 2.8458037 3.0767604 3.5002089 3.5021853 3.7507100 3.3868227 3.6655587 3.5073908 2.3331086 3.4802765 3.9707493 3.3064653 3.1885902 3.1049909 3.2539264 3.2280783 3.2475619 3.1645204 3.7699308 3.1153214 3.0621321 2.5606335 4.7719584 4.2244681 4.2066727 4.3865233 4.9911649 5.0109684 4.4874975 3.8802955 3.9555358 4.5786569 4.0153411 4.0535355 4.7156215 4.1033717 3.7234300 5.2150657 6.1096065 5.8642875 4.6258624 4.9910684 4.8335288 4.8474285 5.2190855 5.0129639 5.2964784 5.2210096 5.9660094 5.9660094 5.7496096 4.7383444 5.4318395 4.8005704 4.5940191 5.7388362 4.2842946 5.5837231 6.2206442 6.7534195 5.9384918 5.4328025 5.1997472 5.5814135 4.5564074 5.1260946 3.6235378 4.0515866 5.0451351 1.6626182 7.2437402 6.1652684 
Amil_Amillepora06232-RA                                            1.5315223 0.8502310 0.7112919 0.3236053 1.6156615 1.4077416 1.1733182 1.6768307 0.2563281 0.2808940 0.2523693 0.2517404 0.0000000 0.0000010 1.5407404 1.8937605 2.0677369 1.8808225 2.0661321 1.7401959 5.0172960 4.6452423 5.1963460 4.2546559 4.4129502 4.8472369 4.9317487 4.0812785 4.5991918 3.6003247 3.4082295 3.0189529 1.3803768 3.5309280 3.2705423 3.3286188 1.4712838 3.3091216 3.5402932 4.7408067 4.9316009 1.2763849 3.7736036 3.7597570 1.6867681 5.6153074 6.0475470 6.1563061 5.7954807 5.9014647 5.6627450 3.4707818 3.4614022 1.3307285 3.3390515 1.3901990 3.9679272 3.7408288 3.6542698 3.6478214 4.2496410 3.9187868 2.7263424 2.8881144 3.1477645 3.1177438 3.4672241 3.4002550 3.3007558 3.3254364 3.3590427 3.7736586 3.1156169 3.8169739 5.1656350 4.9781447 4.2089293 4.2313417 4.1907885 3.9796951 4.7606932 4.2101519 4.0936332 4.0936332 4.1410448 4.1410448 4.2413070 2.9133983 3.1724102 2.8150951 3.2716083 3.5103537 2.7823142 3.2059478 3.2897638 3.4117812 3.2239465 3.0862433 3.0660894 3.0660894 3.2197700 2.7448920 3.1384390 3.0601767 2.9043149 3.1293452 2.6811432 3.2844893 3.0618305 3.4963389 3.6042661 3.3708371 3.3723202 3.3677863 2.3222476 3.2611493 3.9312858 2.9367431 3.0253326 3.2168357 3.0657862 2.9281861 2.9599718 2.9261264 3.7645616 3.3107776 2.9157724 2.1504596 4.5165442 3.6206500 4.0651828 4.4299325 5.0106059 4.3549051 3.9412141 3.4236784 3.6691196 4.4715997 3.8058790 3.7032900 4.5452455 3.8406292 3.5747687 5.0208338 5.3107355 5.2479592 4.4480459 4.7642758 4.5671538 4.5355465 5.3936346 5.1971852 5.1346853 5.4955832 6.1751174 6.1751174 5.9539369 4.5679059 5.0596336 4.4608518 4.2796530 5.0443991 4.2779135 4.8620085 5.9196932 6.2696197 5.3888264 5.0202618 4.9840242 5.3806732 4.2276575 4.7438909 3.7443401 3.8607128 4.9985498 1.7243838 7.2995705 5.4851157 
Adig_XM_015915185.1                                                1.5315223 0.8502310 0.7112919 0.3236053 1.6156615 1.4077416 1.1733182 1.6768307 0.2563281 0.2808940 0.2523693 0.2517404 0.0000010 0.0000000 1.5407404 1.8937605 2.0677369 1.8808225 2.0661321 1.7401959 5.0172960 4.6452423 5.1963460 4.2546559 4.4129502 4.8472369 4.9317487 4.0812785 4.5991918 3.6003247 3.4082295 3.0189529 1.3803768 3.5309280 3.2705423 3.3286188 1.4712838 3.3091216 3.5402932 4.7408067 4.9316009 1.2763849 3.7736036 3.7597570 1.6867681 5.6153074 6.0475470 6.1563061 5.7954807 5.9014647 5.6627450 3.4707818 3.4614022 1.3307285 3.3390515 1.3901990 3.9679272 3.7408288 3.6542698 3.6478214 4.2496410 3.9187868 2.7263424 2.8881144 3.1477645 3.1177438 3.4672241 3.4002550 3.3007558 3.3254364 3.3590427 3.7736586 3.1156169 3.8169739 5.1656350 4.9781447 4.2089293 4.2313417 4.1907885 3.9796951 4.7606932 4.2101519 4.0936332 4.0936332 4.1410448 4.1410448 4.2413070 2.9133983 3.1724102 2.8150951 3.2716083 3.5103537 2.7823142 3.2059478 3.2897638 3.4117812 3.2239465 3.0862433 3.0660894 3.0660894 3.2197700 2.7448920 3.1384390 3.0601767 2.9043149 3.1293452 2.6811432 3.2844893 3.0618305 3.4963389 3.6042661 3.3708371 3.3723202 3.3677863 2.3222476 3.2611493 3.9312858 2.9367431 3.0253326 3.2168357 3.0657862 2.9281861 2.9599718 2.9261264 3.7645616 3.3107776 2.9157724 2.1504596 4.5165442 3.6206500 4.0651828 4.4299325 5.0106059 4.3549051 3.9412141 3.4236784 3.6691196 4.4715997 3.8058790 3.7032900 4.5452455 3.8406292 3.5747687 5.0208338 5.3107355 5.2479592 4.4480459 4.7642758 4.5671538 4.5355465 5.3936346 5.1971852 5.1346853 5.4955832 6.1751174 6.1751174 5.9539369 4.5679059 5.0596336 4.4608518 4.2796530 5.0443991 4.2779135 4.8620085 5.9196932 6.2696197 5.3888264 5.0202618 4.9840242 5.3806732 4.2276575 4.7438909 3.7443401 3.8607128 4.9985498 1.7243838 7.2995705 5.4851157 
Tcas_TC012743_001                                                  1.2465459 1.6007109 1.5793126 0.3588368 1.2758563 1.3503906 1.1209753 1.5771153 1.5424727 1.5519644 1.6252895 1.6071086 1.5407404 1.5407404 0.0000000 1.7161257 2.0861791 3.2049915 2.5413202 2.0391140 4.4066785 3.6523970 4.1399446 3.8324751 3.8513501 5.2873027 5.0738682 3.9317429 4.2802247 3.2355080 2.7044830 3.2208485 1.4986928 3.6151079 3.0554146 2.4947149 1.3771681 2.8778818 2.9259979 3.8958047 3.5703304 1.2969294 2.7391380 3.0522232 1.5089844 4.2239533 3.9938699 3.8951307 3.8838386 3.9205777 3.4855903 3.1352724 3.2667832 1.3235189 3.4103793 1.5318130 3.4422756 3.5514408 3.5349342 4.0298637 3.6848936 3.2931060 2.7576632 2.5577494 2.5004651 3.4464865 3.3522847 3.4430155 3.5516903 3.0447412 3.0447412 3.6055950 3.3750968 3.1512910 3.7384651 3.4665673 3.0121893 3.1315112 3.8330441 3.6723818 3.3402714 3.0437904 3.2575567 3.2647039 3.4507330 3.4507330 3.4653605 3.6747119 2.7917384 3.4644989 3.4682165 2.9168403 2.8723219 3.3728930 3.3829552 3.3522006 3.4118559 3.4065693 3.3868091 3.3868091 3.4281846 3.2128294 3.2296315 3.2009808 2.5791500 2.6610738 2.7183543 2.5481547 2.7023815 3.3270474 2.9834083 3.1566107 2.6504594 2.7216497 2.5712881 2.9953026 2.5572454 2.7186616 2.6466375 2.6562267 2.5419690 2.3270383 2.5152749 3.0291789 3.3975476 2.0101648 2.0154968 1.8757903 3.9095192 3.2127129 3.3974199 4.1636160 4.7485899 3.8658938 3.3574357 2.9135905 5.3969825 5.7222576 4.6845177 5.5390403 5.8823325 4.7763974 3.7131338 4.2538613 3.4122222 4.4037027 3.3064878 3.7709437 3.6782209 3.5330546 4.7248158 4.4356901 4.6078500 4.5269935 3.6972226 3.6972226 4.1866185 3.7873904 3.2124666 3.5040553 3.4978362 4.5201205 2.9875287 3.4266635 5.5472710 5.5016911 4.1222122 4.5949386 3.8815839 3.5321352 4.2726690 3.5608663 2.8364093 5.6493382 5.1565260 2.5571695 7.4771505 5.0314564 
Spur_XM_779642.5                                                   1.5365822 1.8311996 1.7573413 0.3853490 1.8878355 1.7722071 1.5836782 1.6390424 1.9705099 1.9987716 2.0395871 2.0975373 1.8937605 1.8937605 1.7161257 0.0000000 2.1498089 3.0732565 2.1878345 1.8716940 4.3122770 4.7528957 6.2682410 5.4709654 4.6918361 4.9932777 5.0059413 4.9918544 5.1014669 4.7793080 3.3713858 3.8465983 1.7884932 3.6726538 3.3714341 3.3592642 1.5639182 3.3626371 3.6522854 4.8858916 5.1448757 1.5374958 4.5633851 4.3487714 1.7869588 4.9727590 5.0093735 5.0524483 4.4635749 4.5436523 4.9861558 3.9822265 4.5272790 1.4260063 3.9489751 1.6184189 4.0659513 3.9045781 4.7790194 4.8551464 4.2694629 4.4132255 3.4943087 3.1337250 3.1597616 3.8757834 3.8175657 3.9120374 3.5645450 3.6489485 3.5979838 4.1883202 3.6986158 3.7802436 5.4289167 5.0440669 3.8240732 3.9337826 4.3153691 4.0491309 4.9160904 4.2516807 4.1503043 4.1503043 4.1757203 4.1757203 4.5698268 4.4121132 3.0281050 3.2521151 3.9723356 3.3831634 3.6672838 3.9979475 4.0689926 4.0512761 4.1295829 3.7985681 4.0816235 4.0816235 3.9216298 4.5949221 3.1806692 3.6072564 4.4472692 3.7989428 3.8807276 4.1503402 3.8271526 3.6686599 3.9067835 4.7297390 4.5881611 3.5338669 2.7115643 4.2069163 4.3637955 2.9304547 3.2073211 3.0051712 2.9861231 3.5330119 3.4216479 3.0414268 4.1788155 3.8020823 3.6682894 2.5449101 4.4221446 4.3918657 5.4847555 5.7375542 5.1941274 5.0020288 3.8101266 3.4545016 4.7798474 5.3931091 4.6752590 4.7906348 5.4258934 4.6818250 4.3738728 5.9970568 5.9543949 6.2070879 3.7843887 5.5293225 4.7867523 4.8665523 5.0867624 4.8876146 5.6760168 4.6791344 5.6752506 5.6752506 5.3374112 6.7730717 5.9223531 5.0616011 4.0496440 4.4667014 5.1725780 5.7216017 5.1117140 8.2969227 5.2181809 4.6469235 6.3618721 4.4909121 4.7936779 6.6464257 3.1644042 4.7251596 6.7655853 2.4217411 8.0044118 4.5995233 
Cgig_XM_011414579.3                                                1.8002138 1.6581384 1.8692756 0.4175756 1.5029379 1.5359161 1.5946696 1.9402972 1.9533407 1.9332261 2.0058255 1.9874051 2.0677369 2.0677369 2.0861791 2.1498089 0.0000000 2.0178777 2.3581677 2.3703304 4.0073875 4.5841925 5.1027420 4.8487908 4.3247351 5.3490725 4.7668410 4.5413525 4.7356856 3.7148912 3.6263327 3.8336922 1.5458743 3.5754095 3.6594156 3.7892295 1.2857827 3.6129373 3.2710152 4.6524520 5.1128266 1.1852282 3.5913043 3.7542015 1.5156310 4.8808315 5.5590161 5.5507794 4.5941436 4.6348311 4.7379745 3.0496400 3.4274544 1.3215906 3.2452531 1.4920071 3.6302752 3.3161563 3.1871009 3.6375430 4.0358357 3.6338017 3.3045410 3.1527725 3.2051610 3.6571022 3.4896099 3.6699313 3.2393611 3.6532618 3.6007898 3.7106633 3.3780817 3.3255435 3.8875553 3.5912056 4.2755190 4.7511962 5.1827218 5.0116436 4.1633336 3.4230665 3.7810875 3.7810875 3.7300043 3.7300043 3.9824287 4.0673884 3.3537026 3.2377241 3.6323891 3.6073213 3.0999492 3.0483225 3.0102000 3.1442227 3.1378071 3.0648936 2.9393690 2.9393690 2.9593964 2.7917868 3.1727959 3.2901860 3.7365170 3.1529548 3.5942787 3.2482461 3.2480346 3.3749060 3.4508998 3.0724327 3.8431678 3.2950269 2.5210569 3.5116291 4.1187380 2.6770725 2.6932699 2.6334579 3.0488276 2.7024464 2.8682752 3.7117801 3.7561730 3.6450652 3.5552562 3.0239404 4.3636629 4.1558214 3.5297729 3.9722068 4.1773003 3.9254109 3.2757297 3.2985742 4.5703210 5.2858274 4.5009025 4.6453820 5.3865248 4.5668269 4.0054646 5.0819669 6.1159005 5.2225063 3.0320399 4.1872478 3.8637053 4.7902196 4.9546197 5.0690003 4.7993443 4.2648366 3.9054183 4.0411732 3.5211909 3.9075218 4.9029456 4.3516200 4.5590918 5.9293905 3.3512724 4.1410302 5.0082733 6.6147570 4.8315717 4.7556042 5.2332716 3.3678581 4.5068553 5.4288359 2.8500931 4.8363655 5.2236787 2.1671693 7.5035282 6.7937055 
Dpul_mRNA26167                                                     2.0198274 2.5339490 2.1955231 1.4435960 2.3084808 2.1367064 2.2208420 1.9550700 1.8894011 1.8894011 1.8894011 1.8894011 1.8808225 1.8808225 3.2049915 3.0732565 2.0178777 0.0000000 2.6324871 2.5417085 2.7367379 2.3312006 2.8054415 2.8054415 2.6029946 2.6516227 2.6465083 2.7271581 2.7184538 2.0670613 2.1548900 2.2031074 0.7454973 1.9253740 1.5301081 1.6117386 0.6485270 1.8915626 1.7763289 1.9831034 2.0922437 0.6005430 1.9825980 1.8677625 0.5835514 1.6149629 1.6072750 1.6072750 1.6330308 1.6330308 1.6359548 1.9165933 1.4657895 0.4581653 1.3679293 1.2285856 1.9004543 1.7382102 1.7457545 1.5668849 1.8849955 1.9758866 2.0347285 2.0822022 2.2025794 2.0016257 2.0565723 2.1583282 1.9731680 1.9446289 1.9446289 2.6460802 1.7316159 1.9865363 2.3181204 2.1548801 1.9582014 1.9244840 1.8449808 1.8449808 2.9916732 3.1005033 3.1283916 3.1163935 3.0630409 3.0630409 3.1117187 3.2857696 1.3424434 2.3320730 2.7946802 2.4128696 1.6610984 1.5406304 1.5001461 1.5406304 1.5406304 1.5406304 1.5406304 1.5406304 1.3815454 1.7208630 1.7276006 1.8280770 1.2554749 1.4177388 1.4333896 1.4678421 1.4468940 1.4268247 1.2844311 1.2594020 1.4139600 1.2907203 2.2411478 1.5344886 1.7239937 2.2730988 2.3112397 2.3006327 2.5983772 2.5061930 2.7704085 2.6679519 2.4999669 1.9731617 1.9178991 2.7133169 2.1585082 2.2641061 2.0348364 2.1009463 2.2668164 2.1715855 2.1312581 1.8222191 2.9633437 3.0335168 2.9633437 2.7484838 2.8187147 2.7484838 2.7938578 3.3100655 3.1053676 2.7012009 2.7800460 1.9965585 1.9965585 1.5521541 2.6934873 2.6852761 2.5451292 2.7642672 2.7288580 2.7288580 2.8585002 2.8524347 1.4853570 2.5600275 2.1441754 2.3625568 1.6597905 3.6762478 3.1338689 4.2803128 2.9349569 2.8917370 1.7446977 1.7059535 3.0570780 3.3652143 1.4941560 2.8044884 4.6544362 2.1248920 6.0648546 3.5425081 
Dgig_XM_028547334.1                                                2.2307097 1.6780348 1.6691138 0.5514090 2.3956053 2.0769991 1.9255740 2.1069535 1.9468583 2.0408762 2.0788979 1.9920275 2.0661321 2.0661321 2.5413202 2.1878345 2.3581677 2.6324871 0.0000000 1.2069226 4.2751197 5.7241862 6.4576308 5.1780172 5.4772375 6.3884857 5.9739804 4.9653134 5.1445188 4.4220562 4.1642240 3.7278900 1.8681966 4.2389792 4.1907487 3.8918974 1.6375315 4.2153176 4.1957815 5.0160045 5.2132541 1.2384478 3.5737139 3.4803208 1.8428308 6.3957883 6.6374371 6.7418600 6.0246862 6.0849546 6.6816569 3.6143586 4.1030066 1.4516027 4.3819669 1.9132906 4.3272916 3.6292235 3.6553362 3.9105301 4.7006620 5.0459054 3.6301678 3.3764588 3.5643320 4.1798456 3.8698417 4.1282305 3.9511324 3.8739380 3.7916148 3.8887617 4.5743757 4.3318440 5.8713407 5.1120608 4.6714094 4.7483099 5.0328863 5.2342996 4.5919192 4.2539051 4.5155559 4.5232677 4.2592567 4.2592567 4.6086243 4.9499332 4.0576305 3.5329693 3.6793615 3.7868564 3.6826721 3.3747495 3.3765316 3.5437134 3.5780114 3.2526853 3.4189478 3.4189478 3.3733882 3.4006226 3.1090780 3.5073351 4.0244690 3.5488410 4.0051291 4.4553749 4.0643772 4.0053521 3.9120237 4.2646573 4.0012399 3.5644861 2.5614038 4.3266604 4.2636245 3.1779051 3.2756091 3.6560139 3.0766680 3.0253466 3.3277369 3.5949406 3.7079612 3.9893724 3.8809563 2.6527409 4.9888332 4.3361810 4.8386052 5.2552948 5.9015796 5.9579112 4.5593983 4.2364289 5.3380039 6.0199888 5.1300061 5.2250056 5.9141175 5.0276356 3.9154253 5.0894557 4.9648028 5.9712009 4.3770181 5.5802004 5.2153417 5.7206378 4.3414856 4.2339782 5.2308520 4.9058897 5.7370951 5.7370951 4.7460485 6.9346126 6.4000766 5.3651102 4.7716393 5.4734513 4.6607233 5.6210843 5.5685943 5.3228060 4.5806311 4.7905382 5.5744595 5.0510395 4.7203220 5.4840700 3.9044132 5.1069451 5.8683158 2.5894877 8.9999983 6.2353356 
Xesp_013038-T1                                                     2.2873269 1.9855026 1.6018455 0.5773730 2.1032067 1.8441543 1.9941284 2.1164726 1.7801839 1.8097750 1.8512916 1.8789869 1.7401959 1.7401959 2.0391140 1.8716940 2.3703304 2.5417085 1.2069226 0.0000000 4.6522777 3.7620821 4.8888073 4.3667818 4.2831879 5.5519478 5.3443034 4.5431934 4.3586894 3.9662959 3.4002735 3.2544762 1.4041207 4.0329131 3.0454085 2.9863450 1.4695483 3.6196157 3.2358364 4.9281265 5.3069405 1.0447874 4.0296232 4.0555042 1.3410887 4.2684928 4.8185720 4.8765840 4.2696434 4.3573184 4.8401196 3.4040259 3.3784406 1.0919571 3.0713987 1.3969772 3.9802060 3.6180089 3.5473534 3.6185381 4.2653109 3.8296761 3.3259523 2.7869057 2.8173027 3.0276578 3.0074248 3.0012252 2.9864761 2.9576331 2.8983453 3.7859895 3.9174267 3.3456159 4.6916545 4.4045280 3.6132478 4.0087597 4.3882995 4.1517757 5.4215431 4.4638045 4.7408316 4.7373643 4.2393145 4.2393145 4.3960636 3.9578782 3.1402193 3.2797563 3.5212031 3.1748834 3.6040128 3.3239285 3.2584438 3.4727145 3.3752413 3.1905352 3.3154365 3.3154365 3.7552793 3.8712507 3.8290661 3.9256241 3.7573896 3.2674891 3.4059199 4.2940423 3.2837390 3.7369666 4.3686113 3.4669293 3.5229243 3.5538255 3.2496815 4.0656268 3.7100465 3.2794718 2.9469073 2.9183684 2.6677438 2.6022675 2.8814080 2.9229181 4.0074302 3.1314196 2.9597644 2.4853348 4.4267489 3.8888543 3.9493780 4.3949508 5.1910293 5.1767641 3.5055090 3.1295859 4.8348703 5.0633585 4.7241721 5.0982712 5.3446465 4.9459456 4.1432984 3.8145842 4.7046677 6.7272197 5.0979852 5.2898358 4.8782277 4.5117601 4.9254186 4.4628921 4.7359969 4.3586962 4.8094036 4.8094036 4.6543204 4.9179564 3.7998981 4.6391412 3.4946939 3.6882163 4.1200136 4.9245703 5.0119621 5.6052225 5.4004675 4.1542935 4.6844997 4.1963264 3.7920607 5.9941218 2.5870152 5.3313824 5.8428288 2.2268383 8.0775602 6.3876733 
Nvec_v1g48313                                                      3.6766517 5.2784279 4.8398969 2.4648451 4.6504955 4.0102627 4.7009892 4.7876597 5.1985486 5.3231908 5.2886772 5.0177347 5.0172960 5.0172960 4.4066785 4.3122770 4.0073875 2.7367379 4.2751197 4.6522777 0.0000000 0.5966150 0.9058978 0.8681237 0.7125549 0.9982008 0.8696173 0.7904934 0.7584357 3.1590581 2.6773001 2.5564309 0.8013771 2.7444487 2.6837995 2.3992414 0.8020996 2.3998179 2.1238900 3.9350450 4.1716175 0.6583767 3.1462410 3.1446109 0.8210681 3.1082982 3.6227020 3.6252810 3.2862197 3.3249505 3.2087614 2.9570223 3.1083645 0.6997582 3.0658567 1.5692711 3.1963119 2.9458321 3.0860575 3.2095567 3.3864461 3.3139185 2.4995694 1.5009627 1.4371877 1.6944063 1.7179708 1.7996187 1.6610369 1.7700942 1.7508106 2.5459865 2.3192681 2.2916980 2.6427432 2.2949647 2.2704558 2.3322783 2.2545765 2.2760216 2.8175074 2.5715826 2.4469287 2.4503764 2.3300630 2.3300630 2.6036854 2.6333908 2.9350557 2.0910193 2.1686545 2.3870875 2.6148352 3.3360104 3.2968085 3.3140700 3.3555332 3.3074612 3.2542648 3.2542648 3.6548479 3.2842976 3.4814227 3.8024046 2.8607334 3.4121885 3.1697451 3.0696497 3.3569810 2.9745534 3.2843454 2.9635653 3.3455129 3.0541771 3.8698244 3.1192083 3.4134213 2.9611775 3.7125917 3.2492907 3.5158927 3.0740437 3.1113643 3.5237385 3.7064712 4.5824314 4.2652279 4.5345959 3.7004381 3.3094050 3.3310364 3.7455566 3.6856670 3.5277180 3.2277420 3.7276890 5.1258044 5.7117914 4.8183472 4.7105534 5.2472555 4.4548077 4.2266958 6.1743426 7.0665145 4.2905827 3.7777145 5.0739956 4.8085710 2.7420487 2.8342864 2.8366870 2.6551182 2.5292232 2.6552552 2.7326418 2.6116430 3.0657440 2.8692230 3.2706933 2.7772025 3.1146088 3.1490972 3.6365924 3.7125537 4.2576083 3.9303162 3.7029582 3.2319600 3.2860022 2.8619566 3.9615963 2.3702047 3.6293030 6.8322778 2.5278101 4.9494387 8.9999990 
