74
Pbac_sb2641675                                                       0.0000000 0.0093073 0.0094604 0.4672554 0.4998001 0.5190194 0.4986032 0.4986032 0.4986032 0.5395553 0.7352127 0.4668525 2.9032596 2.5210413 2.5291273 2.2968547 2.4099519 2.4465807 1.9494596 1.9133572 2.1235559 2.1132065 2.0886913 2.1275607 2.0950595 2.1053106 1.9793776 2.0170304 1.8996516 1.9278564 1.8152960 1.8269602 2.0642380 1.5272880 1.9683467 1.7541812 2.1364533 1.9162191 1.8870581 1.6946898 1.6500426 1.7025696 1.6806553 1.5948849 1.9310994 1.9310994 1.9647308 2.0047439 1.9814860 1.9545019 1.8556263 2.0171530 2.0171530 2.0108683 3.5944909 2.0261330 3.4086052 3.1241004 2.8954286 2.9285851 2.7133488 2.8613125 2.9716807 3.3034900 2.7113223 3.1415101 3.2293233 2.5552031 3.0295850 2.5414230 2.5880219 2.5379653 2.4428523 2.3135645 
Horcal_Hcv1.av93.c3.g989.i1                                          0.0093073 0.0000000 0.0125687 0.4076739 0.4077702 0.4639152 0.5214682 0.5698259 0.5104458 0.5796977 0.6060620 0.4347916 2.6907056 2.4750906 2.3871392 2.1909534 2.3396670 2.5718724 1.8908837 1.8549746 2.2930612 2.0260173 2.1923562 2.1642887 2.1684506 2.1543448 2.0006099 2.0266669 1.9687014 1.9747205 1.9252320 1.8504885 2.0559506 1.7432360 2.1082405 1.9433854 2.2003215 1.9245183 1.8691049 1.7563016 1.7277972 1.8372917 1.8233675 1.9268373 2.0625036 2.1704262 1.9616869 1.9897109 1.9439489 1.9253530 1.8568930 1.9304843 1.9304843 2.4370441 3.0795322 2.0310394 3.4323677 3.0973341 2.6893166 2.9343003 2.3065797 2.6113948 3.2078530 2.6891863 2.6124129 2.6562715 3.0724254 2.5367092 2.8273974 2.4015293 2.5175280 2.4832031 2.5201382 2.3451397 
Pbac_sb2643730                                                       0.0094604 0.0125687 0.0000000 0.4231759 0.4234330 0.4855455 0.5353689 0.5843169 0.5244813 0.5937023 0.6327309 0.4318805 2.6631964 2.5869261 2.4912158 2.2802257 2.4340136 2.6785245 1.9286110 1.9161651 2.4077233 2.0758839 2.2860338 2.2414665 2.2226543 2.2079632 2.0493939 2.0761946 2.0023415 2.0080937 1.9712724 1.8569894 2.1172876 1.7920073 2.1272668 1.9819751 2.2805533 1.9481820 1.9275420 1.7687644 1.7317699 1.8940359 1.9537450 1.9563916 2.1649564 2.2746179 1.9845270 2.0372922 1.9896103 1.9705153 1.8993769 1.9764833 1.9764833 2.4401000 3.1359035 2.0866039 3.3980547 3.1584268 2.6616865 2.8915648 2.2820633 2.5857009 3.1235323 2.7195176 2.5855999 2.6306526 3.2144157 2.5112357 2.8505813 2.3776629 2.5775546 2.5541600 2.5921953 2.4080553 
Beraby_Baby_sb343764                                                 0.4672554 0.4076739 0.4231759 0.0000000 0.3144877 0.4629565 0.4232149 0.4603197 0.4306960 0.4798055 0.5088275 0.4900786 2.6831102 2.6506571 2.3340069 2.3044983 2.5141700 2.8084876 2.0571616 2.0324630 2.3554662 2.1457250 2.0454312 2.1121555 1.9761192 1.9604885 1.9616874 1.9662347 2.0762342 1.9678619 1.9167310 1.9241351 2.0207533 1.8565259 2.1179285 2.0033434 2.0128726 2.0115640 2.0122942 1.6747079 1.7511911 1.8723672 1.7065866 1.7843748 2.0418717 2.2098768 1.8949722 2.0186012 1.9990979 1.9798886 1.9115201 2.0125275 2.0125275 2.4733180 3.2214923 2.0547233 3.2397475 2.9017979 2.6051728 2.9115287 2.3670908 2.3947855 3.3349350 2.6849169 2.4898289 2.3999806 3.0478079 2.4467305 2.6451053 2.3289634 2.2441830 2.2348933 2.1795290 2.1037390 
Mlei_ML2213.g15.i1                                                   0.4998001 0.4077702 0.4234330 0.3144877 0.0000000 0.4744493 0.4087517 0.4691934 0.4178865 0.4575860 0.4555175 0.4277334 2.6697225 2.5862224 2.1849055 2.0897385 2.1879957 2.6182902 1.6994310 1.8460115 2.0088195 1.9839337 2.1804284 2.1634588 2.0352943 1.9956790 1.9983773 1.9618641 2.2640882 2.1795638 2.0273826 1.9260180 2.1048058 1.9408029 2.0780599 2.1366960 2.1456466 1.9633177 1.8919134 1.7511237 1.7282795 1.8341406 1.7645886 1.9568969 1.9365730 2.0200847 1.9219273 2.0392048 2.0341419 2.0146626 1.9292544 2.1575980 2.1575980 2.5596436 3.4677333 2.3765291 3.2448015 2.9175888 2.7891127 3.1743076 2.4696906 2.5306216 3.4107326 2.8324565 2.7130357 2.8254136 3.2224229 2.8837032 2.6488192 2.6236100 2.5426901 2.4234702 2.3527903 2.4311616 
Drygla_Dgla_sb289241                                                 0.5190194 0.4639152 0.4855455 0.4629565 0.4744493 0.0000000 0.4662719 0.5119795 0.4875339 0.4659297 0.5277599 0.4348375 3.3156517 3.0998472 2.8467041 2.6588754 2.6279094 3.0259689 2.4608305 2.3389979 2.6337376 2.3486015 2.3578867 2.4704474 2.3222975 2.3928861 2.2651896 2.3341517 2.4043447 2.3096303 2.1804688 2.1125799 2.3502761 2.1555233 2.3309007 2.2756991 2.4365448 2.1581120 2.1371109 1.8265897 1.8000963 2.1100289 1.8827525 2.2143541 2.2972341 2.4749975 2.0525168 2.1427357 2.1116547 2.0911852 1.9697126 2.1042012 2.1042012 2.6411850 3.8458929 2.2575389 3.5259792 3.0587851 2.5079606 2.8062905 2.2402890 2.5092135 3.1403809 2.6304053 2.4165092 2.5650042 2.7762135 2.6836807 2.8538764 2.7186341 2.8355611 2.5880750 2.4133470 2.6535315 
Bolinf_Binf_sb1194305                                                0.4986032 0.5214682 0.5353689 0.4232149 0.4087517 0.4662719 0.0000000 0.0000010 0.0169402 0.5474752 0.5614978 0.3653614 3.1402472 3.0370882 2.5930716 2.5784495 2.6323345 2.7399141 2.1624537 2.2270005 2.3996044 2.3465792 2.2376303 2.2469172 2.1382121 2.1345308 2.1064134 2.1893954 2.1032753 2.1131645 2.0444744 2.0396482 2.3072394 1.8305619 2.1508203 2.1238282 2.2867971 2.0027089 2.0082562 1.8017986 1.8741920 1.8953875 1.8362767 1.8096946 2.0754152 2.0754152 1.9802728 2.1314765 2.1448825 2.1207108 2.0011639 2.0928057 2.0928057 2.5011403 3.3943346 2.1912024 3.0298348 2.7498250 2.7896699 2.5470918 2.3615327 2.2773474 2.7702049 2.6963131 2.3605989 2.6857023 2.9797849 2.6211613 2.5823097 2.4263452 2.6091981 2.4302374 2.3497252 2.1757549 
Mertsp_Mesp_sb553512                                                 0.4986032 0.5698259 0.5843169 0.4603197 0.4691934 0.5119795 0.0000010 0.0000000 0.0167690 0.5924249 0.6132507 0.4146981 3.2523713 3.1248162 2.7453706 2.6861349 2.7373944 2.8315388 2.2793355 2.2965205 2.5338656 2.3853751 2.3567026 2.3520909 2.2611910 2.2568926 2.2308112 2.3135854 2.2309190 2.2100620 2.1641881 2.1614158 2.4317590 1.9314253 2.2741667 2.2464668 2.4112711 2.1651064 2.1435522 1.8862473 1.9064109 1.9639119 1.9001230 1.9689544 2.1224038 2.1224038 2.0859316 2.2367212 2.1949919 2.1717649 2.0556215 2.1492561 2.1492561 2.6706598 3.5425877 2.2480151 3.0875571 2.8083985 2.9062440 2.5470918 2.4416000 2.3890640 2.8887181 2.7139992 2.4518084 2.6177812 3.0792125 2.6233642 2.7317695 2.4882590 2.6992850 2.5343129 2.4596018 2.2672633 
Mertsp_Mesp_sb553513                                                 0.4986032 0.5104458 0.5244813 0.4306960 0.4178865 0.4875339 0.0169402 0.0167690 0.0000000 0.5645500 0.5946795 0.4020049 3.0990584 3.0065791 2.6056383 2.5632092 2.5892264 2.7765468 2.1611563 2.3287426 2.4411360 2.3431450 2.3211041 2.3326421 2.2121731 2.1854841 2.1572955 2.2429829 2.2332892 2.2111524 2.1145841 2.1342938 2.4441850 1.9000604 2.2496470 2.2207511 2.3676981 2.1106148 2.0866603 1.8920901 1.9692450 1.9840732 1.9075108 2.0056534 2.1565797 2.1565797 2.1324125 2.2969172 2.2506374 2.2254816 2.0986967 2.1961835 2.1961835 2.5108648 3.3989049 2.2032218 3.1756455 2.8615812 2.8971501 2.5470918 2.4030047 2.3432626 2.8990617 2.7325904 2.4220975 2.7429827 2.9976241 2.7852207 2.5824746 2.4192994 2.6300073 2.4676412 2.3630692 2.2179279 
Coeast_Cast_sb786705                                                 0.5395553 0.5796977 0.5937023 0.4798055 0.4575860 0.4659297 0.5474752 0.5924249 0.5645500 0.0000000 0.3380824 0.3343188 2.4852926 2.3435921 2.1428372 1.8590786 2.3877507 2.6872876 2.1080545 2.0698406 2.0824278 1.9122373 2.0756631 2.2100461 1.8538937 1.9295713 1.9039098 1.9448292 2.1010788 2.0463157 1.8800772 1.8924979 1.8203306 1.7555474 1.9667497 1.9715714 2.1078265 1.8370807 1.7667282 1.9336109 1.8725003 1.8938143 1.7091416 1.9259667 1.8902993 1.9940650 1.8291889 1.8828166 1.8640022 1.8457011 1.8422644 1.9605382 1.9605382 2.2557937 3.7680349 1.9808626 3.1892907 2.8813450 2.5826981 3.3278416 2.4694481 2.4674835 3.2992205 2.7824300 2.7423021 2.8029012 2.7721674 2.3700487 2.9997769 2.5026997 2.4799035 2.1891256 2.2413536 2.2587212 
Vmul_SimC384698                                                      0.7352127 0.6060620 0.6327309 0.5088275 0.4555175 0.5277599 0.5614978 0.6132507 0.5946795 0.3380824 0.0000000 0.3516234 2.4597664 2.4455432 2.3533997 2.1856085 2.3857310 2.5222407 2.1682298 2.0504703 2.1867323 2.0249003 2.2397328 2.1691844 1.8826598 1.9336103 1.9878802 2.0122426 2.0559891 1.8933439 1.9592404 1.9759802 2.0596480 1.9541266 2.0993410 2.1129504 2.1673530 1.9763312 1.9169235 1.7859146 1.7535396 1.8248275 1.6636766 2.0028809 1.9864200 2.0927132 1.9734627 2.0211556 1.9463113 1.9346938 1.8687196 2.0258955 2.0258955 2.3178160 3.4656790 2.0353069 3.6075308 3.2597232 2.6666410 3.1804049 2.3525976 2.8477336 3.4337705 2.7209650 2.8827888 2.8984956 3.0701829 2.8656949 2.6588671 2.7418751 2.4654425 2.3353384 2.3767378 2.4198255 
Lampan_Lpan_2771_01                                                  0.4668525 0.4347916 0.4318805 0.4900786 0.4277334 0.4348375 0.3653614 0.4146981 0.4020049 0.3343188 0.3516234 0.0000000 2.5690585 2.4634005 2.2985118 2.1880630 2.0000628 2.3903442 1.8514869 1.7783468 2.2473675 1.7864941 2.0336789 2.0214688 1.7531911 1.8019299 1.8435660 1.8888198 1.9751122 1.8306025 1.8533518 1.7611651 1.8116571 1.6807314 1.7503680 1.7614187 1.9376621 1.5660449 1.5336001 1.5802623 1.5049419 1.6260970 1.6137382 1.7842042 1.7834434 1.8927675 1.8033720 1.8250468 1.7916111 1.7852771 1.7434669 1.8210969 1.8210969 2.3167199 2.7049272 1.7979588 3.0906020 2.7466300 2.5479176 2.7705702 2.2177316 2.3870450 2.7394256 2.6476416 2.4751190 2.3295010 2.4755061 2.5465837 2.7027443 2.4076106 2.4474839 2.2519926 2.3253323 2.3369605 
Acagra_model.g12640.t1.1.5d3b8724                                    2.9032596 2.6907056 2.6631964 2.6831102 2.6697225 3.3156517 3.1402472 3.2523713 3.0990584 2.4852926 2.4597664 2.5690585 0.0000000 0.0404722 0.5836684 0.8446933 1.0976842 1.0625143 1.2260672 1.2083693 1.4547521 2.0203083 2.0392813 2.0017301 1.7828620 1.6985694 1.8388026 1.8420728 1.9129503 1.8605172 1.9357096 1.8719654 1.8290265 1.9657367 1.9622692 1.8695443 2.0755672 1.6813337 1.6256201 2.1369158 2.0582330 1.8944932 1.5269366 2.0118472 1.8387990 1.9091030 2.0114676 2.0586131 1.9813865 1.9738273 2.0991224 1.8176376 1.8176376 2.7500962 2.9685562 2.0222521 3.4463933 3.6012748 3.4491428 3.3090821 2.5978833 2.5831218 3.3550856 2.7900901 3.4080966 2.4842935 2.9938518 3.0390744 3.3501222 3.4613882 2.8133364 2.5556670 2.6092807 2.6613095 
Acagra_model.g12640.t1                                               2.5210413 2.4750906 2.5869261 2.6506571 2.5862224 3.0998472 3.0370882 3.1248162 3.0065791 2.3435921 2.4455432 2.4634005 0.0404722 0.0000000 0.5404452 0.6980689 0.9970667 0.8788357 1.1473645 1.1324725 1.2464711 1.9903686 1.8173787 1.7986347 1.6653786 1.6007469 1.6725510 1.6874052 1.7775104 1.7962447 1.8047517 1.8408332 1.6845302 1.8171929 1.8819332 1.7580256 1.8591784 1.9351194 1.9398726 2.2427143 2.0422820 1.9604353 1.6060671 2.1750929 1.7978855 1.8532141 1.9285549 1.9200613 1.8748285 1.8690038 1.8829368 1.8335801 1.8335801 2.7831685 3.2105469 2.3444047 3.6988316 3.8843960 3.4174432 3.5381408 2.8819634 2.6995781 3.8169402 2.9241729 3.4893944 2.7088019 3.1532912 3.1774853 3.5983224 3.6047056 3.0343330 2.9745527 2.7782020 2.8341766 
Ctel_gnl_WGS_AMQN_CAPTEDRAFT_mRNA159961                              2.5291273 2.3871392 2.4912158 2.3340069 2.1849055 2.8467041 2.5930716 2.7453706 2.6056383 2.1428372 2.3533997 2.2985118 0.5836684 0.5404452 0.0000000 0.6785026 0.8687061 0.8566417 1.1999031 1.1817420 1.2581394 1.6415336 1.5185243 1.4915793 1.5768091 1.5174479 1.5251396 1.5645279 1.7527211 1.6828512 1.7114258 1.6378065 1.5637406 1.5594718 1.6212166 1.5653139 1.6496459 1.6916603 1.7771846 1.9047059 1.7672378 1.7268209 1.4150344 1.9039875 1.5657973 1.6172742 1.6213223 1.6416302 1.6730673 1.6677111 1.6225341 1.7811590 1.7811590 2.7530813 2.8615502 2.2422727 3.8526399 3.7628416 3.5780842 3.5802242 2.9379816 2.8523328 3.8520395 2.7470484 3.6893806 2.9132410 2.8456287 2.9264634 3.7622347 2.9784126 2.5372075 2.6753699 2.4382780 2.4291013 
Cgig_XM_011426880.3                                                  2.2968547 2.1909534 2.2802257 2.3044983 2.0897385 2.6588754 2.5784495 2.6861349 2.5632092 1.8590786 2.1856085 2.1880630 0.8446933 0.6980689 0.6785026 0.0000000 0.9245804 0.9715396 1.1670504 1.1855926 1.2204759 1.7534305 1.6199649 1.7690683 1.7670527 1.7271077 1.6773981 1.6983399 1.8781909 1.8065305 1.7902463 1.8591685 1.5714911 1.7080936 1.6900003 1.6296331 1.8179300 1.8572648 1.8174920 2.1137847 1.8937106 1.8953197 1.4462629 2.0563306 1.7586176 1.8122913 2.0854624 2.1004921 1.9756988 1.9695317 1.9755898 1.8867939 1.8867939 2.9492458 3.3279405 2.4810541 3.8987747 3.7974732 3.1112079 3.1734190 2.6245711 2.6652236 3.3159562 3.0537285 3.7883946 3.0027930 3.1122604 2.5194558 3.9303135 3.1624720 2.4401134 2.6239290 2.3884868 2.5493341 
Dpul_mRNA1781                                                        2.4099519 2.3396670 2.4340136 2.5141700 2.1879957 2.6279094 2.6323345 2.7373944 2.5892264 2.3877507 2.3857310 2.0000628 1.0976842 0.9970667 0.8687061 0.9245804 0.0000000 0.6767679 1.0482180 1.0178174 1.2589998 1.7191066 1.6479632 1.6894804 1.6189243 1.5130340 1.5444228 1.5920895 1.7371517 1.6183160 1.6414501 1.7412137 1.5418296 1.5358253 1.3951499 1.4554673 1.6279085 1.5159858 1.5803054 1.8672410 1.5080457 1.5215385 1.3675696 1.6776363 1.4900755 1.5091049 1.5636076 1.6783900 1.6260968 1.6208397 1.5783445 1.6864580 1.6864580 2.6409101 2.7502187 2.2275493 3.2801991 3.3859321 3.0972101 2.9926183 2.4698424 2.6066386 2.8562718 2.2504340 3.2320040 2.6167663 2.3803145 2.7057565 2.9876818 2.8849592 2.6915642 2.7089553 2.3863464 2.8108082 
Tcas_TC033742_002                                                    2.4465807 2.5718724 2.6785245 2.8084876 2.6182902 3.0259689 2.7399141 2.8315388 2.7765468 2.6872876 2.5222407 2.3903442 1.0625143 0.8788357 0.8566417 0.9715396 0.6767679 0.0000000 1.0838542 1.3099562 1.1846162 1.7863075 1.6731935 1.7397371 1.8285754 1.7550884 1.7510149 1.7461091 1.9255439 1.8501788 1.7478802 1.7621546 1.6412489 1.7103918 1.7308352 1.5964176 1.7982143 1.9529039 1.8944913 1.9428995 1.7840697 1.6841164 1.5965643 2.0027389 1.6461922 1.6168212 1.7831768 1.7929534 1.7548286 1.7491928 1.6654316 1.7927338 1.7927338 2.6758002 3.3105400 2.2782703 3.7219303 3.5898085 3.4015182 3.3600171 3.0189374 3.3350666 3.6007650 2.7271107 3.4129236 2.9462051 3.1773609 2.9523326 3.0024596 3.1150664 2.5895160 2.6758238 2.6201364 2.3657042 
Spur_XM_011668777.2                                                  1.9494596 1.8908837 1.9286110 2.0571616 1.6994310 2.4608305 2.1624537 2.2793355 2.1611563 2.1080545 2.1682298 1.8514869 1.2260672 1.1473645 1.1999031 1.1670504 1.0482180 1.0838542 0.0000000 0.5275279 0.7663146 1.2958641 1.1701231 1.2068298 1.2225621 1.1712243 1.1435692 1.1562963 1.1952638 1.1405794 1.1680763 1.1731347 1.0728621 1.1249377 1.1290667 1.0465996 1.1505633 1.1035775 1.2078207 1.3362441 1.1160755 1.0332701 1.0921001 1.3131510 1.1890873 1.2289985 1.1921693 1.1996847 1.1243386 1.1203634 1.0894139 1.1553043 1.1553043 2.2201490 1.8915123 1.5874952 2.4592990 2.4404689 2.0872392 1.9750213 1.5830409 1.7600794 2.4036085 1.5854432 1.8901252 1.7781727 2.2427333 2.0076217 2.1343036 1.8492240 2.2546664 2.0790168 2.0541902 2.1375764 
Skow_XM_002731562.2                                                  1.9133572 1.8549746 1.9161651 2.0324630 1.8460115 2.3389979 2.2270005 2.2965205 2.3287426 2.0698406 2.0504703 1.7783468 1.2083693 1.1324725 1.1817420 1.1855926 1.0178174 1.3099562 0.5275279 0.0000000 0.6663925 1.2075545 1.1200120 1.2576329 1.1652049 1.1422752 1.1155953 1.1182680 1.2418937 1.1804875 1.0989619 1.1592659 1.0001632 1.0266254 1.1041050 1.0556743 1.2460926 1.1572122 1.2339094 1.2556747 1.1506864 1.2472472 1.1920018 1.4115515 1.2854862 1.3258535 1.0450881 1.0937245 1.0066105 1.0028933 1.0131254 0.9512798 0.9512798 2.1348590 2.0062644 1.4946388 2.6698368 2.7399136 2.2083702 2.0893411 1.7112700 2.1025435 2.4830511 1.9803329 2.3497194 2.0054871 2.4224521 1.8493814 2.4228886 2.2498744 2.1994977 2.0417431 1.8687636 2.1596031 
Hsap_ENST00000306185                                                 2.1235559 2.2930612 2.4077233 2.3554662 2.0088195 2.6337376 2.3996044 2.5338656 2.4411360 2.0824278 2.1867323 2.2473675 1.4547521 1.2464711 1.2581394 1.2204759 1.2589998 1.1846162 0.7663146 0.6663925 0.0000000 1.3280440 1.2921746 1.3024192 1.2167405 1.1865220 1.1688844 1.1645801 1.3044042 1.2924169 1.1793878 1.2772023 1.1884946 1.2553683 1.1937761 1.1753056 1.2812337 1.2778415 1.2510402 1.3509939 1.2409745 1.1412101 1.1127111 1.4118965 1.2067849 1.2487899 1.2391982 1.2616745 1.1689401 1.1558960 1.1588501 1.1748483 1.1748483 2.2895038 2.0869440 1.9199344 2.9982820 2.9243275 2.1320896 2.1293679 1.9726880 2.1047273 2.9415003 1.7207310 2.6045005 2.1166887 2.4569776 2.1966816 2.8319435 2.3289862 2.1889137 2.3092257 1.9041063 2.4292240 
Morvir_scaffold491.g6.t1                                             2.1132065 2.0260173 2.0758839 2.1457250 1.9839337 2.3486015 2.3465792 2.3853751 2.3431450 1.9122373 2.0249003 1.7864941 2.0203083 1.9903686 1.6415336 1.7534305 1.7191066 1.7863075 1.2958641 1.2075545 1.3280440 0.0000000 0.8714092 0.8440048 0.6803516 0.6519448 0.6865740 0.6761706 0.8772140 0.8116485 0.7044590 0.7316849 0.7775837 0.7326792 0.7898575 0.7783012 0.8959007 0.9064422 1.0036943 0.9224786 0.9083305 0.8639731 0.7665884 1.0567886 0.9973064 1.0304615 1.0478019 1.0726507 1.0066515 1.0063820 0.9332714 0.9022714 0.9022714 1.7887176 1.5577050 1.3646312 2.4268786 2.5280008 2.4928047 2.4147030 1.9760346 2.1216283 2.2479980 2.0610293 2.4634828 2.3431075 2.3428767 1.9698580 2.4213943 2.2600287 1.9411759 2.0071438 1.9275568 2.0364665 
Chem_TCONS_00060068                                                  2.0886913 2.1923562 2.2860338 2.0454312 2.1804284 2.3578867 2.2376303 2.3567026 2.3211041 2.0756631 2.2397328 2.0336789 2.0392813 1.8173787 1.5185243 1.6199649 1.6479632 1.6731935 1.1701231 1.1200120 1.2921746 0.8714092 0.0000000 0.3339208 0.7441583 0.7350596 0.7385909 0.7371620 0.8990861 0.7456606 0.7228228 0.7730095 0.7786418 0.6642708 0.7700123 0.7015465 0.7384709 0.9458646 1.0323405 1.0993318 1.0620812 0.9590310 0.8809361 1.1479009 1.0185564 1.0309987 1.1601635 1.1406980 1.0618936 1.0740523 0.9758406 1.0051885 1.0051885 1.9994448 1.4609589 1.4270738 2.4627733 2.4685325 2.4167191 2.1120551 1.9887793 1.9699200 2.4965368 1.9998862 2.1513490 2.1951847 2.3921308 2.0015409 2.3280432 1.8612303 2.3979463 2.4182290 2.1773560 2.3003605 
Hvul_g10705_1                                                        2.1275607 2.1642887 2.2414665 2.1121555 2.1634588 2.4704474 2.2469172 2.3520909 2.3326421 2.2100461 2.1691844 2.0214688 2.0017301 1.7986347 1.4915793 1.7690683 1.6894804 1.7397371 1.2068298 1.2576329 1.3024192 0.8440048 0.3339208 0.0000000 0.7041758 0.7052289 0.6847321 0.6833722 0.7753490 0.6544428 0.6493261 0.6966285 0.7609500 0.6420151 0.7785618 0.6944268 0.8034214 0.9749081 1.0513613 1.1479685 1.1204012 0.9513745 0.8732890 1.1532286 1.0628727 1.0538880 1.1183523 1.0938601 1.0580449 1.0698997 0.9588668 1.0551184 1.0551184 1.8433664 1.7038878 1.6445219 2.3892789 2.4432725 2.1815055 1.8750184 1.7614139 1.8983545 2.1938117 1.9730320 2.0041086 2.1512954 2.4124744 2.0416661 2.4445472 1.8014357 2.4488506 2.4557343 2.2638851 2.4408331 
Fspp_ffun1.m4.25153.m1                                               2.0950595 2.1684506 2.2226543 1.9761192 2.0352943 2.3222975 2.1382121 2.2611910 2.2121731 1.8538937 1.8826598 1.7531911 1.7828620 1.6653786 1.5768091 1.7670527 1.6189243 1.8285754 1.2225621 1.1652049 1.2167405 0.6803516 0.7441583 0.7041758 0.0000000 0.0813707 0.1758371 0.1759558 0.3782156 0.3308600 0.3286585 0.3691212 0.5122693 0.4307418 0.4742453 0.4127729 0.5446524 0.7683442 0.7683113 0.7629135 0.7280791 0.7087805 0.6269776 0.8905254 0.8681216 0.8849591 0.8544458 0.8503562 0.8019463 0.8038975 0.7528159 0.7833650 0.7833650 1.5633116 1.4479394 1.3969985 2.2288698 2.2020821 2.1619412 2.0691709 1.6155384 1.9265354 2.1954876 1.7272312 2.2029841 1.8317520 2.4799265 2.0026070 2.1189489 2.0815482 2.1571101 2.0475004 2.0128759 2.2445760 
Gasp_gasp1.m3.7977.m1                                                2.1053106 2.1543448 2.2079632 1.9604885 1.9956790 2.3928861 2.1345308 2.2568926 2.1854841 1.9295713 1.9336103 1.8019299 1.6985694 1.6007469 1.5174479 1.7271077 1.5130340 1.7550884 1.1712243 1.1422752 1.1865220 0.6519448 0.7350596 0.7052289 0.0813707 0.0000000 0.1390555 0.1391696 0.3513107 0.3514123 0.3540272 0.3645732 0.5076880 0.4353437 0.4652387 0.4120905 0.5614033 0.7401687 0.7411491 0.7792593 0.7115479 0.7150958 0.6272630 0.8709374 0.8502052 0.8672542 0.8666438 0.8586015 0.8096185 0.8115965 0.7636285 0.7445789 0.7445789 1.5160665 1.4342639 1.3713715 2.2029914 2.2143991 2.1489275 2.0355333 1.6404752 1.9038669 2.2287557 1.6763107 2.1954384 1.8014018 2.4285009 1.9743463 2.1220392 2.0894641 2.1324156 2.0103822 2.0114248 2.1853662 
Spis_XP_022807545_1                                                  1.9793776 2.0006099 2.0493939 1.9616874 1.9983773 2.2651896 2.1064134 2.2308112 2.1572955 1.9039098 1.9878802 1.8435660 1.8388026 1.6725510 1.5251396 1.6773981 1.5444228 1.7510149 1.1435692 1.1155953 1.1688844 0.6865740 0.7385909 0.6847321 0.1758371 0.1390555 0.0000000 0.0191349 0.3619732 0.3344784 0.3107158 0.3323717 0.5112595 0.4174482 0.4055205 0.4066248 0.4984746 0.7438847 0.7733791 0.7231986 0.7432900 0.7492516 0.5927957 0.8698727 0.8202170 0.8375540 0.7860864 0.7816069 0.7359711 0.7463099 0.6905017 0.7075365 0.7075365 1.4846407 1.4376998 1.3314881 2.2520192 2.3227212 1.9942770 1.8666331 1.5972388 1.7964996 2.1706014 1.6752303 2.1493915 1.7536450 2.3608438 1.9110369 2.3325758 2.1584810 2.0769128 2.2722179 2.0455781 2.2522874 
Pocdam_XM_027201633.1                                                2.0170304 2.0266669 2.0761946 1.9662347 1.9618641 2.3341517 2.1893954 2.3135854 2.2429829 1.9448292 2.0122426 1.8888198 1.8420728 1.6874052 1.5645279 1.6983399 1.5920895 1.7461091 1.1562963 1.1182680 1.1645801 0.6761706 0.7371620 0.6833722 0.1759558 0.1391696 0.0191349 0.0000000 0.3572273 0.3318944 0.3051838 0.3184206 0.5032660 0.4340377 0.4021204 0.4011737 0.5113499 0.7673585 0.7760328 0.7229135 0.7584341 0.7571379 0.6009312 0.8873361 0.8316543 0.8488686 0.7955348 0.7911210 0.7452443 0.7556050 0.6994210 0.7177768 0.7177768 1.5098061 1.4569467 1.3802067 2.2088276 2.3028428 2.0725008 1.9408204 1.6226149 1.8721990 2.1694965 1.6605736 2.2099609 1.7477884 2.3945338 1.9167555 2.3389237 2.1344096 2.1029172 2.2445427 2.0732654 2.2306843 
Adig_XM_015922844.1                                                  1.8996516 1.9687014 2.0023415 2.0762342 2.2640882 2.4043447 2.1032753 2.2309190 2.2332892 2.1010788 2.0559891 1.9751122 1.9129503 1.7775104 1.7527211 1.8781909 1.7371517 1.9255439 1.1952638 1.2418937 1.3044042 0.8772140 0.8990861 0.7753490 0.3782156 0.3513107 0.3619732 0.3572273 0.0000000 0.1509050 0.3025203 0.3267632 0.5627126 0.4718892 0.5166286 0.4786469 0.6266109 0.7866228 0.7747935 0.7866345 0.7901948 0.7580188 0.7210998 0.8749199 0.9817935 0.9957402 0.8647906 0.8712089 0.8411746 0.8304337 0.8188467 0.7840326 0.7840326 1.5282412 1.5254324 1.4009893 2.4260028 2.5716902 2.1003748 1.7701790 1.5771257 1.9069037 2.1616969 1.8365741 2.0565782 2.0913756 2.4242371 2.0748960 2.4933127 2.1178921 2.1914334 2.3826999 2.1989040 2.3012640 
Gfas_gfas1.m1.3430.m1                                                1.9278564 1.9747205 2.0080937 1.9678619 2.1795638 2.3096303 2.1131645 2.2100620 2.2111524 2.0463157 1.8933439 1.8306025 1.8605172 1.7962447 1.6828512 1.8065305 1.6183160 1.8501788 1.1405794 1.1804875 1.2924169 0.8116485 0.7456606 0.6544428 0.3308600 0.3514123 0.3344784 0.3318944 0.1509050 0.0000000 0.2655835 0.3132530 0.5224996 0.3768579 0.4885161 0.4572051 0.5961339 0.7644794 0.7837475 0.7430513 0.7278211 0.7085160 0.5858446 0.7821859 0.8341915 0.8493820 0.7755534 0.7979216 0.7621001 0.7726206 0.7236741 0.7560581 0.7560581 1.4558591 1.5262682 1.4022979 2.3615603 2.4931959 2.1136307 1.8995109 1.5902394 1.7307966 2.1678319 1.7545297 2.0686814 1.9319424 2.3780341 1.9336717 2.3319321 1.9533894 2.1252308 2.2862964 2.0962260 2.2466899 
Nvec_v1g194229                                                       1.8152960 1.9252320 1.9712724 1.9167310 2.0273826 2.1804688 2.0444744 2.1641881 2.1145841 1.8800772 1.9592404 1.8533518 1.9357096 1.8047517 1.7114258 1.7902463 1.6414501 1.7478802 1.1680763 1.0989619 1.1793878 0.7044590 0.7228228 0.6493261 0.3286585 0.3540272 0.3107158 0.3051838 0.3025203 0.2655835 0.0000000 0.2004516 0.4347647 0.3282211 0.4185387 0.3248295 0.4965715 0.7492972 0.7535240 0.6995364 0.7003297 0.6293901 0.6741676 0.8212590 0.7847936 0.8103108 0.6585747 0.7091755 0.6721166 0.6822699 0.6371383 0.6600282 0.6600282 1.2482806 1.4247866 1.3884620 2.3858367 2.4414030 2.1608794 1.8738663 1.5702023 1.9149218 2.1656315 1.7470407 2.0928579 1.8912278 2.3014562 1.9308910 2.2112408 2.0018857 2.0175384 2.1620388 1.8295462 2.0690358 
Exapal_XM_021048302.2                                                1.8269602 1.8504885 1.8569894 1.9241351 1.9260180 2.1125799 2.0396482 2.1614158 2.1342938 1.8924979 1.9759802 1.7611651 1.8719654 1.8408332 1.6378065 1.8591685 1.7412137 1.7621546 1.1731347 1.1592659 1.2772023 0.7316849 0.7730095 0.6966285 0.3691212 0.3645732 0.3323717 0.3184206 0.3267632 0.3132530 0.2004516 0.0000000 0.4629990 0.3765246 0.4531461 0.3790727 0.5629458 0.8271937 0.8294051 0.6951590 0.7505137 0.6700405 0.6969550 0.8012941 0.8487912 0.8714255 0.7325177 0.7463235 0.7163293 0.7267327 0.6685340 0.6775413 0.6775413 1.3681308 1.5166058 1.3221822 2.1136309 2.2915943 1.9569386 1.9034795 1.5760530 1.6586913 2.0569219 1.5579216 1.9701687 1.7597888 2.1064564 1.8418555 2.1500397 1.8355799 1.8349071 2.1467902 1.9300995 2.0230094 
Sanmal_Sma_022721-T1                                                 2.0642380 2.0559506 2.1172876 2.0207533 2.1048058 2.3502761 2.3072394 2.4317590 2.4441850 1.8203306 2.0596480 1.8116571 1.8290265 1.6845302 1.5637406 1.5714911 1.5418296 1.6412489 1.0728621 1.0001632 1.1884946 0.7775837 0.7786418 0.7609500 0.5122693 0.5076880 0.5112595 0.5032660 0.5627126 0.5224996 0.4347647 0.4629990 0.0000000 0.2990543 0.3209052 0.2471793 0.5649891 0.7765929 0.7793301 0.7828836 0.7890301 0.7489119 0.7204467 0.9243194 0.7744764 0.7839568 0.7878851 0.8086136 0.7693308 0.7663075 0.7352752 0.7664745 0.7664745 1.6801426 1.4267238 1.3538033 2.2719255 2.4368425 2.0777073 2.1089765 1.7434525 1.8917945 2.2602348 1.8028048 2.0851247 1.8802728 2.3799092 1.8951962 2.2585346 1.8431762 2.0411798 2.1616277 1.7020696 1.9847326 
Aaur_scaffold2.g58.t1                                                1.5272880 1.7432360 1.7920073 1.8565259 1.9408029 2.1555233 1.8305619 1.9314253 1.9000604 1.7555474 1.9541266 1.6807314 1.9657367 1.8171929 1.5594718 1.7080936 1.5358253 1.7103918 1.1249377 1.0266254 1.2553683 0.7326792 0.6642708 0.6420151 0.4307418 0.4353437 0.4174482 0.4340377 0.4718892 0.3768579 0.3282211 0.3765246 0.2990543 0.0000000 0.2355718 0.2014946 0.5920507 0.7709075 0.7938737 0.7378909 0.7390015 0.6439992 0.6514738 0.8440553 0.7832008 0.8082870 0.7274014 0.7460168 0.6996722 0.7100143 0.6724801 0.7304059 0.7304059 1.4058732 1.4988226 1.4774878 2.2917486 2.4164439 2.1360871 2.0182310 1.8386261 1.9046670 2.2479660 1.8548648 2.0319788 1.9427841 2.3555938 1.7815291 2.2455960 1.8731088 2.1826077 2.2798940 1.9426094 2.1468774 
Nemnom_g1626.t1                                                      1.9683467 2.1082405 2.1272668 2.1179285 2.0780599 2.3309007 2.1508203 2.2741667 2.2496470 1.9667497 2.0993410 1.7503680 1.9622692 1.8819332 1.6212166 1.6900003 1.3951499 1.7308352 1.1290667 1.1041050 1.1937761 0.7898575 0.7700123 0.7785618 0.4742453 0.4652387 0.4055205 0.4021204 0.5166286 0.4885161 0.4185387 0.4531461 0.3209052 0.2355718 0.0000000 0.1077931 0.5583914 0.7982645 0.7656457 0.7374793 0.7566087 0.6517243 0.6523210 0.8207025 0.7650229 0.7872584 0.7468364 0.7945710 0.7543994 0.7513580 0.7264536 0.7602673 0.7602673 1.4796435 1.3413669 1.5266609 2.1862708 2.4682616 2.0671952 1.9056116 1.8276573 1.8748034 2.0962674 1.8077154 1.9924879 1.8295972 2.3123268 1.8719866 2.2891013 2.0335782 2.3735501 2.4748289 2.0329232 2.2860760 
Rhoesc_Res_004020-T1                                                 1.7541812 1.9433854 1.9819751 2.0033434 2.1366960 2.2756991 2.1238282 2.2464668 2.2207511 1.9715714 2.1129504 1.7614187 1.8695443 1.7580256 1.5653139 1.6296331 1.4554673 1.5964176 1.0465996 1.0556743 1.1753056 0.7783012 0.7015465 0.6944268 0.4127729 0.4120905 0.4066248 0.4011737 0.4786469 0.4572051 0.3248295 0.3790727 0.2471793 0.2014946 0.1077931 0.0000000 0.5178122 0.7894185 0.7555972 0.7410830 0.7434136 0.6277821 0.6685081 0.8179632 0.7878403 0.8100970 0.7328778 0.7524081 0.7150933 0.7121521 0.6745181 0.7006940 0.7006940 1.4217787 1.3114284 1.4663392 2.2239857 2.3586462 2.1767431 1.9074856 1.7511844 1.8292429 2.1646513 1.7420663 1.9928867 1.7947489 2.3599985 1.7713679 2.2798698 1.8644788 2.2182803 2.2914179 1.9628257 2.2407117 
Dgig_XM_028543908.1                                                  2.1364533 2.2003215 2.2805533 2.0128726 2.1456466 2.4365448 2.2867971 2.4112711 2.3676981 2.1078265 2.1673530 1.9376621 2.0755672 1.8591784 1.6496459 1.8179300 1.6279085 1.7982143 1.1505633 1.2460926 1.2812337 0.8959007 0.7384709 0.8034214 0.5446524 0.5614033 0.4984746 0.5113499 0.6266109 0.5961339 0.4965715 0.5629458 0.5649891 0.5920507 0.5583914 0.5178122 0.0000000 0.8441402 0.8650994 0.8136725 0.7610958 0.7616057 0.7285339 0.9448630 0.8384751 0.8597521 0.8080752 0.7986523 0.7722127 0.7692069 0.7001281 0.7944274 0.7944274 1.8716860 0.8252398 1.4885892 2.1710679 2.2919770 1.9037695 1.9601888 1.6983805 1.6145327 2.1744250 1.7172335 1.8456237 1.9918524 2.1439549 1.9527808 2.2996861 2.1040747 2.3375768 2.2502112 1.8485618 2.2621020 
Emue_Em0023g57a.t1                                                   1.9162191 1.9245183 1.9481820 2.0115640 1.9633177 2.1581120 2.0027089 2.1651064 2.1106148 1.8370807 1.9763312 1.5660449 1.6813337 1.9351194 1.6916603 1.8572648 1.5159858 1.9529039 1.1035775 1.1572122 1.2778415 0.9064422 0.9458646 0.9749081 0.7683442 0.7401687 0.7438847 0.7673585 0.7866228 0.7644794 0.7492972 0.8271937 0.7765929 0.7709075 0.7982645 0.7894185 0.8441402 0.0000000 0.1156341 0.6411922 0.4971797 0.4290220 0.5245496 0.6044324 0.6704957 0.7268766 0.7394875 0.7695318 0.7759142 0.7865893 0.7215317 0.6880581 0.6880581 1.3468765 1.6092601 1.2090124 2.0898299 2.2437015 1.8937969 1.7017726 1.5980757 1.6103162 1.9837583 1.5158648 1.7582599 1.8362605 1.9079647 2.0010793 1.9196149 1.6353196 1.8824923 1.8459745 1.7043898 1.8768162 
Spolac_c98432_g1_i2_m.17175c98432-g1                                 1.8870581 1.8691049 1.9275420 2.0122942 1.8919134 2.1371109 2.0082562 2.1435522 2.0866603 1.7667282 1.9169235 1.5336001 1.6256201 1.9398726 1.7771846 1.8174920 1.5803054 1.8944913 1.2078207 1.2339094 1.2510402 1.0036943 1.0323405 1.0513613 0.7683113 0.7411491 0.7733791 0.7760328 0.7747935 0.7837475 0.7535240 0.8294051 0.7793301 0.7938737 0.7656457 0.7555972 0.8650994 0.1156341 0.0000000 0.6378369 0.5119854 0.4718821 0.5508038 0.6754777 0.7153793 0.7721882 0.7804811 0.7952938 0.8012421 0.7904901 0.7963777 0.7280873 0.7280873 1.4207796 1.5906185 1.2426472 2.0524287 2.3521795 1.9089437 1.6697951 1.6315287 1.6345220 2.0239166 1.4515790 1.8489389 1.7789722 1.8821589 1.9982941 1.9622676 1.6717867 1.8022648 1.8132997 1.6660785 1.8512516 
Aque_Aqu2.1.38618_001                                                1.6946898 1.7563016 1.7687644 1.6747079 1.7511237 1.8265897 1.8017986 1.8862473 1.8920901 1.9336109 1.7859146 1.5802623 2.1369158 2.2427143 1.9047059 2.1137847 1.8672410 1.9428995 1.3362441 1.2556747 1.3509939 0.9224786 1.0993318 1.1479685 0.7629135 0.7792593 0.7231986 0.7229135 0.7866345 0.7430513 0.6995364 0.6951590 0.7828836 0.7378909 0.7374793 0.7410830 0.8136725 0.6411922 0.6378369 0.0000000 0.3206679 0.4537624 0.5861949 0.6582577 0.7634935 0.8237087 0.7119445 0.7311026 0.7056511 0.7163870 0.7244889 0.6349281 0.6349281 1.3413971 1.4050401 1.3073401 2.4192707 2.6217027 1.9192089 1.7432617 1.6205550 1.6612177 1.8959653 1.5152345 2.1991114 1.8055698 2.2353666 1.7841020 1.9661484 1.7932071 1.7551899 1.8647528 1.6655654 1.9456248 
Halamb_c38161_g1_i1m.10589                                           1.6500426 1.7277972 1.7317699 1.7511911 1.7282795 1.8000963 1.8741920 1.9064109 1.9692450 1.8725003 1.7535396 1.5049419 2.0582330 2.0422820 1.7672378 1.8937106 1.5080457 1.7840697 1.1160755 1.1506864 1.2409745 0.9083305 1.0620812 1.1204012 0.7280791 0.7115479 0.7432900 0.7584341 0.7901948 0.7278211 0.7003297 0.7505137 0.7890301 0.7390015 0.7566087 0.7434136 0.7610958 0.4971797 0.5119854 0.3206679 0.0000000 0.3225273 0.4799311 0.5830804 0.6484129 0.6956995 0.7117959 0.7311853 0.6821265 0.6929126 0.6855132 0.6374938 0.6374938 1.3268568 1.3691231 1.3191243 2.2786933 2.3003433 1.8306981 1.6042725 1.5069416 1.5995671 1.8821177 1.5739853 1.9634602 1.6277148 2.0794759 1.6032134 1.9459160 1.5157752 1.8237487 1.8307134 1.6421319 1.9351294 
Xestes_maker-XT_scaffold2062-augustus-gene-0.17-mRNA-1               1.7025696 1.8372917 1.8940359 1.8723672 1.8341406 2.1100289 1.8953875 1.9639119 1.9840732 1.8938143 1.8248275 1.6260970 1.8944932 1.9604353 1.7268209 1.8953197 1.5215385 1.6841164 1.0332701 1.2472472 1.1412101 0.8639731 0.9590310 0.9513745 0.7087805 0.7150958 0.7492516 0.7571379 0.7580188 0.7085160 0.6293901 0.6700405 0.7489119 0.6439992 0.6517243 0.6277821 0.7616057 0.4290220 0.4718821 0.4537624 0.3225273 0.0000000 0.3773551 0.5196471 0.4971622 0.5508258 0.7268878 0.7213457 0.7091273 0.7194318 0.6735508 0.6561422 0.6561422 1.2056662 1.4769527 1.2947178 2.2085906 2.2265210 1.7849969 1.6846824 1.5516245 1.5329664 2.0296957 1.5384255 1.8321964 1.7692559 2.0546626 1.7278292 1.8540932 1.5024779 1.8411688 1.9020108 1.7808017 1.9841571 
Plajan_Pjan_C545593_01                                               1.6806553 1.8233675 1.9537450 1.7065866 1.7645886 1.8827525 1.8362767 1.9001230 1.9075108 1.7091416 1.6636766 1.6137382 1.5269366 1.6060671 1.4150344 1.4462629 1.3675696 1.5965643 1.0921001 1.1920018 1.1127111 0.7665884 0.8809361 0.8732890 0.6269776 0.6272630 0.5927957 0.6009312 0.7210998 0.5858446 0.6741676 0.6969550 0.7204467 0.6514738 0.6523210 0.6685081 0.7285339 0.5245496 0.5508038 0.5861949 0.4799311 0.3773551 0.0000000 0.4204190 0.4825982 0.4825982 0.7454025 0.7470288 0.7123946 0.7242903 0.7264552 0.7079982 0.7079982 1.2479526 1.4746663 1.2672853 1.8615109 2.1019120 1.4656382 1.5411898 1.4534379 1.2807442 1.5612960 1.3247198 1.6449322 1.4573187 1.8707805 1.5597056 1.6269968 1.3802266 1.8271896 1.8624599 1.7803068 1.9558067 
Tetwil_g6435.t2                                                      1.5948849 1.9268373 1.9563916 1.7843748 1.9568969 2.2143541 1.8096946 1.9689544 2.0056534 1.9259667 2.0028809 1.7842042 2.0118472 2.1750929 1.9039875 2.0563306 1.6776363 2.0027389 1.3131510 1.4115515 1.4118965 1.0567886 1.1479009 1.1532286 0.8905254 0.8709374 0.8698727 0.8873361 0.8749199 0.7821859 0.8212590 0.8012941 0.9243194 0.8440553 0.8207025 0.8179632 0.9448630 0.6044324 0.6754777 0.6582577 0.5830804 0.5196471 0.4204190 0.0000000 0.7424927 0.7974719 0.7780624 0.8273294 0.8175987 0.8288045 0.8147027 0.8226073 0.8226073 1.1842320 1.6130607 1.4131750 2.2434477 2.3746760 1.7064048 1.4446567 1.5758035 1.5409343 1.9976094 1.6879349 1.9169858 1.9940230 2.2292418 1.6514605 2.0677859 1.7986817 2.0164676 2.0615582 1.9044668 1.9431822 
Opea_EP00118_Oscarella_pearsei_P004844                               1.9310994 2.0625036 2.1649564 2.0418717 1.9365730 2.2972341 2.0754152 2.1224038 2.1565797 1.8902993 1.9864200 1.7834434 1.8387990 1.7978855 1.5657973 1.7586176 1.4900755 1.6461922 1.1890873 1.2854862 1.2067849 0.9973064 1.0185564 1.0628727 0.8681216 0.8502052 0.8202170 0.8316543 0.9817935 0.8341915 0.7847936 0.8487912 0.7744764 0.7832008 0.7650229 0.7878403 0.8384751 0.6704957 0.7153793 0.7634935 0.6484129 0.4971622 0.4825982 0.7424927 0.0000000 0.0317274 0.8268789 0.8495381 0.8155371 0.8267246 0.7521149 0.7804525 0.7804525 1.3832902 1.5760336 1.3439585 2.1565453 2.3641229 1.8187376 1.9171255 1.6598903 1.5478050 2.2272473 1.8763786 1.8638530 1.9880243 2.2575160 1.9260866 2.1954854 1.7698258 2.1308872 2.2021571 2.0565690 2.0286604 
Opea_EP00118_Oscarella_pearsei_P004845                               1.9310994 2.1704262 2.2746179 2.2098768 2.0200847 2.4749975 2.0754152 2.1224038 2.1565797 1.9940650 2.0927132 1.8927675 1.9091030 1.8532141 1.6172742 1.8122913 1.5091049 1.6168212 1.2289985 1.3258535 1.2487899 1.0304615 1.0309987 1.0538880 0.8849591 0.8672542 0.8375540 0.8488686 0.9957402 0.8493820 0.8103108 0.8714255 0.7839568 0.8082870 0.7872584 0.8100970 0.8597521 0.7268766 0.7721882 0.8237087 0.6956995 0.5508258 0.4825982 0.7974719 0.0317274 0.0000000 0.8656864 0.8892828 0.8544591 0.8657076 0.7894553 0.8178566 0.8178566 1.4507010 1.6366397 1.3819070 2.1368032 2.3398410 1.7988946 1.9171255 1.6860344 1.5757805 2.2750942 1.9098744 1.8726675 2.0753801 2.2948040 1.9534254 2.1920064 1.8923350 2.1462143 2.1778492 2.0604709 2.0330792 
HoiH23_PlH23_005568-RA                                               1.9647308 1.9616869 1.9845270 1.8949722 1.9219273 2.0525168 1.9802728 2.0859316 2.1324125 1.8291889 1.9734627 1.8033720 2.0114676 1.9285549 1.6213223 2.0854624 1.5636076 1.7831768 1.1921693 1.0450881 1.2391982 1.0478019 1.1601635 1.1183523 0.8544458 0.8666438 0.7860864 0.7955348 0.8647906 0.7755534 0.6585747 0.7325177 0.7878851 0.7274014 0.7468364 0.7328778 0.8080752 0.7394875 0.7804811 0.7119445 0.7117959 0.7268878 0.7454025 0.7780624 0.8268789 0.8656864 0.0000000 0.0321662 0.0868038 0.0936149 0.1092071 0.2791715 0.2791715 1.4950591 1.4348711 1.3687188 2.4260910 2.7185906 1.8714235 1.9091671 1.6672467 1.8286384 2.3349189 1.6205888 2.0205094 1.7636771 2.0599664 1.7690191 2.3393071 2.0698784 1.8910055 2.2521577 1.8535410 2.0528444 
HoiH06_mRNA10286                                                     2.0047439 1.9897109 2.0372922 2.0186012 2.0392048 2.1427357 2.1314765 2.2367212 2.2969172 1.8828166 2.0211556 1.8250468 2.0586131 1.9200613 1.6416302 2.1004921 1.6783900 1.7929534 1.1996847 1.0937245 1.2616745 1.0726507 1.1406980 1.0938601 0.8503562 0.8586015 0.7816069 0.7911210 0.8712089 0.7979216 0.7091755 0.7463235 0.8086136 0.7460168 0.7945710 0.7524081 0.7986523 0.7695318 0.7952938 0.7311026 0.7311853 0.7213457 0.7470288 0.8273294 0.8495381 0.8892828 0.0321662 0.0000000 0.0519897 0.0585782 0.0954969 0.2856427 0.2856427 1.6175767 1.4457147 1.3308150 2.4210246 2.7224447 1.8684032 1.9046820 1.7313434 1.8313000 2.3245911 1.6192429 2.0544227 1.7813880 2.1531754 1.7736411 2.3491416 2.0706695 1.9125718 2.2693677 1.9034257 2.0331080 
Hhon_g07430.t1                                                       1.9814860 1.9439489 1.9896103 1.9990979 2.0341419 2.1116547 2.1448825 2.1949919 2.2506374 1.8640022 1.9463113 1.7916111 1.9813865 1.8748285 1.6730673 1.9756988 1.6260968 1.7548286 1.1243386 1.0066105 1.1689401 1.0066515 1.0618936 1.0580449 0.8019463 0.8096185 0.7359711 0.7452443 0.8411746 0.7621001 0.6721166 0.7163293 0.7693308 0.6996722 0.7543994 0.7150933 0.7722127 0.7759142 0.8012421 0.7056511 0.6821265 0.7091273 0.7123946 0.8175987 0.8155371 0.8544591 0.0868038 0.0519897 0.0000000 0.0062634 0.0877094 0.2558394 0.2558394 1.6362283 1.3574500 1.2781039 2.3563756 2.6228946 1.8028107 1.8466175 1.6583957 1.7916214 2.2657433 1.5859094 2.0035296 1.7052997 2.1506139 1.7708455 2.2747116 2.0730289 1.8137546 2.1818540 1.8551120 1.9198342 
