80
Hvul_g15759_1                                      0.0000000 3.1741828 2.5706196 2.7170577 4.6384218 4.3071057 1.8912899 4.4832432 3.8896905 3.6633711 0.0000010 3.6357061 0.6652793 3.8402952 3.6862137 3.6291797 0.0000010 3.6579004 3.3680372 3.2563188 1.4867810 3.8092710 3.6708663 2.9792196 3.2684000 3.0166650 2.8304584 2.9606717 2.5453016 0.6652793 2.4641041 0.8236648 2.5342258 3.2987336 3.1411582 1.1153780 3.0039071 2.8402203 0.0000010 3.6843844 3.7020430 3.1024423 1.7910824 0.0000010 0.0000010 4.3068458 4.1069315 1.0325075 0.6652793 8.1171978 2.8065192 0.6652793 5.1257153 3.5482725 4.9258076 0.6652793 4.2444104 4.3305313 4.3764852 1.8393251 2.7876676 2.6771711 3.1639747 2.7114304 3.0918953 3.5570958 3.8255610 3.5772005 4.0633969 3.8845720 2.1566705 3.3234873 2.6410983 2.8915076 0.0000010 2.8636822 2.8032462 2.6474137 3.2976235 4.7251639 
Dpul_mRNA1773                                      3.1741828 0.0000000 3.7286769 3.4223374 4.2158221 3.9431599 0.0000010 4.0276783 4.4784223 4.0047942 0.0000010 3.6775316 0.0000010 3.3022735 3.4570954 3.5781653 0.0000010 3.6497202 3.5294003 3.5216849 2.0058055 3.6329765 3.5255169 2.7415452 2.9646289 2.3639219 2.5480127 2.3287490 2.3955358 0.0000010 3.4057384 1.8233977 3.0174502 3.1175862 3.3465778 0.0000010 2.6204233 2.4511802 0.0000010 2.2524887 3.6548287 4.6738806 0.0000010 0.0000010 0.0000010 4.4322631 4.2747947 0.6467367 9.0000000 9.0000000 4.9449374 0.0000010 5.0902799 4.3841009 4.8949394 0.0000010 4.4374624 4.4067286 5.0079899 4.1687126 2.2722161 2.9980048 3.0982127 3.8554199 2.8662270 3.0929895 3.4613415 3.1910329 3.4651878 3.7753558 2.2699647 3.0268052 1.8396392 2.9804579 0.0000010 2.8766963 2.8766963 4.0088227 3.3942383 6.4788220 
Morvir_scaffold331.g13.t2                          2.5706196 3.7286769 0.0000000 2.8706787 4.3536768 4.0112927 8.9999982 3.7835470 3.5095343 4.5452377 0.0000010 3.5251349 5.6876726 4.0759686 3.7013952 3.4497081 0.0000010 3.4324617 3.3610658 3.3215925 9.0000000 3.6517136 3.4259014 2.8983322 2.7390339 3.3144518 2.9563268 2.7568010 3.1482278 9.0000000 3.9202006 2.3896487 2.3364470 2.6749666 2.5786608 5.3581305 3.5759698 3.2864159 0.0000010 3.0816591 3.8138178 9.0000000 9.0000000 0.0000010 0.0000010 4.9894811 5.5005253 2.9387830 5.0090071 5.0090071 5.0090071 5.0090071 6.2333146 4.0513675 5.5286651 4.8835228 5.5763876 5.7490255 4.8602294 3.0104330 2.8105637 3.0050634 2.9299174 8.9999982 3.6696974 3.4927853 3.9112219 3.4559907 3.9278695 4.5286824 5.4149693 3.2660419 4.0767244 2.5622737 0.0000010 2.8691733 2.9614559 2.6129189 3.6317147 6.4317081 
Clacor_Ccor_scaffold822_01                         2.7170577 3.4223374 2.8706787 0.0000000 2.4404366 3.0493296 2.6697054 2.4771431 1.1016457 3.0944835 2.1629326 2.6894011 0.0000010 2.2578839 2.6708767 2.3874604 0.0000010 1.8643360 1.9826095 1.9287309 1.7817790 1.9579441 1.9624383 1.9428214 2.1752303 1.9592047 1.8810183 2.0162818 1.8517246 1.5495669 2.3027107 2.3866453 2.0069280 2.0178768 2.0330971 2.5766518 2.0533365 2.0271474 0.0000010 2.3612922 2.1192378 2.2886799 0.0000010 0.0000010 2.9907623 3.0194669 3.1299112 3.0639854 2.5706641 2.0940032 2.9301633 7.2792720 3.1629394 2.9781810 3.1700343 0.0000010 3.0548434 3.0772107 2.8986783 2.3402163 1.9559125 2.4550197 2.4232436 4.1659618 1.9518242 2.2019637 2.2138360 2.1828279 2.2260520 2.0700332 2.0388643 3.0981865 2.3955552 3.3940696 0.0000010 2.7920246 2.7920246 2.9953126 2.6519253 4.4951058 
Lcom_lcpid25821                                    4.6384218 4.2158221 4.3536768 2.4404366 0.0000000 1.6625639 1.4321653 1.4144491 1.2525947 3.2325219 2.8596005 3.2449333 2.2123011 3.3114999 3.1552645 3.1614903 2.2598132 3.1870050 3.1149090 3.1252236 2.9456668 3.2432110 3.1522345 3.1578621 3.0520957 2.9890807 3.1870726 3.2515380 3.2641363 2.3205048 3.6016060 3.1187994 3.2516616 3.2373424 3.2753183 3.0182469 3.1792748 3.0450191 4.1039678 3.0453143 3.2736812 3.1394540 1.9039098 2.6588465 3.5682930 3.5806615 3.7485924 3.3135860 2.6582019 2.5897413 2.9239853 2.2802061 3.5428057 3.4721251 4.3787051 2.2619187 3.6746554 3.6607807 3.7446001 2.4267768 3.0939930 3.4098355 3.2198836 3.6137468 3.0121032 3.3821762 3.3799428 3.3465170 3.4374025 3.5243573 3.1473437 4.0905125 3.3936781 4.1340050 2.9961323 3.9711970 3.9452917 3.5917841 2.6901009 7.6358213 
Gracom_Gcom_scaffold15052_01                       4.3071057 3.9431599 4.0112927 3.0493296 1.6625639 0.0000000 1.3035188 1.2845252 1.2335901 3.1474843 2.8662727 3.1982538 2.1537768 3.2895019 3.3202068 3.4468603 1.8849758 3.3527142 3.1974087 3.1940565 2.9648909 3.3489261 3.2898344 3.3440479 3.2042179 2.7994152 2.9887648 2.9941925 2.9348052 2.3444552 3.7567287 2.7983679 3.3099025 3.3973070 3.3651665 2.7003641 3.1555560 3.1966027 3.1524394 3.1085064 3.2064479 3.0731378 1.8847944 2.3799395 3.7440376 4.0039162 4.0166158 3.3165117 2.6156010 2.4947773 3.0646420 2.1762662 3.6485897 3.8332445 4.6591153 1.8149840 4.0036778 3.9745749 4.0927979 2.5805432 3.1052461 3.5607171 3.3052371 3.2112345 3.0762458 3.3705869 3.3308633 3.3285800 3.3870341 3.3177177 3.1223410 4.6650992 3.7013398 4.3781646 4.0932846 3.4934240 3.5265799 3.9743230 2.8834688 6.6193434 
Leuniv_Lniv_scaffold3722_01                        1.8912899 0.0000010 8.9999982 2.6697054 1.4321653 1.3035188 0.0000000 0.6451769 1.8769587 2.7426769 2.7492208 2.8138841 2.4841441 2.7969608 2.7147743 2.6935069 1.8287409 2.5817579 2.5818810 2.5977345 2.5280527 2.7709071 2.6464031 2.5924379 2.5453020 2.6334904 2.8803675 2.6754732 2.6445929 2.4399600 3.0377703 2.7897282 2.8412012 2.8018056 2.8458288 2.9449286 2.5081521 2.6482631 3.2900987 2.4813642 2.7489324 2.7584457 1.4896000 2.1883668 3.5606217 2.8693728 2.8975299 3.1212633 2.4192897 2.2427706 2.7916977 2.0464398 2.6098504 2.6797334 3.7435328 1.9620267 3.0252125 2.9663973 3.5791553 2.2342337 2.5158155 2.7786803 2.5876576 3.3874658 2.4784632 2.7613779 2.6974597 2.7416318 2.7363943 2.7166779 2.6952154 0.0000010 3.7133365 4.0862302 4.5300919 3.3484485 3.3546365 3.7370467 2.2920344 6.0514270 
Scil_scict001796.1                                 4.4832432 4.0276783 3.7835470 2.4771431 1.4144491 1.2845252 0.6451769 0.0000000 0.9090741 2.9391011 2.5346403 2.9524200 1.8248148 2.8830575 2.8181332 2.8865989 1.7320502 3.0202100 2.9588216 3.0153789 2.7177110 3.0937017 3.0100454 3.0872544 2.9945010 2.6567180 2.9497132 2.8875617 2.7360982 2.5046584 3.2577755 2.6413141 3.0392767 3.1205145 3.1265970 2.5589738 2.9251218 2.8536387 3.4669106 2.8592597 3.0497587 2.9241162 1.7801270 2.2841183 4.3736832 3.6691714 3.9006924 3.3269888 2.5364116 2.3038886 2.8705594 2.0275411 3.2837864 3.4074600 4.7445306 1.8732382 3.7279430 3.7066653 3.7447473 2.0573463 2.7720012 3.2611753 3.1465106 3.0990291 2.7526547 3.0381646 3.0365426 3.0269191 3.0836987 3.1239529 2.9006183 3.8982534 3.3184153 3.8337255 4.4073723 3.6404651 3.5899526 3.3987335 2.5514215 5.7576001 
Leuniv_Lniv_C779119_01                             3.8896905 4.4784223 3.5095343 1.1016457 1.2525947 1.2335901 1.8769587 0.9090741 0.0000000 3.5049220 1.9005170 3.7293114 0.0000010 3.5697073 3.5858795 3.6044065 7.5678808 3.4281206 3.6201411 3.6829409 3.9695794 3.7462359 3.7430111 3.5233335 3.0445529 2.9351897 3.1360634 2.9769876 2.8554080 1.7615645 3.6287191 2.7785865 3.2537403 3.1045817 3.2376332 1.2295552 3.2986892 3.1562703 9.0000000 3.1198091 3.7591155 3.4580085 4.4928539 2.9502967 0.0000010 5.1811363 5.0042832 2.6932390 3.8709304 3.6265418 3.7138968 1.4038370 4.6789242 4.5265534 4.8411856 2.9502967 4.7100112 4.6441373 4.4470208 2.1621934 2.9507629 3.7199690 3.5242905 1.6969238 3.4654256 3.5973103 3.6074118 3.6688643 3.6688643 3.6897555 3.6840991 3.8966670 3.2781548 2.9750613 0.0000010 3.6500144 3.6500144 2.9424414 2.3654429 6.2659373 
Emue_Em0008g978a.t1                                3.6633711 4.0047942 4.5452377 3.0944835 3.2325219 3.1474843 2.7426769 2.9391011 3.5049220 0.0000000 0.1746215 0.2862935 0.5028539 1.3028386 1.6451126 1.6450815 0.7245500 1.9771588 1.8569810 1.8670618 1.6271855 2.0030565 1.9850636 2.0250184 2.1847307 2.0123244 1.9600317 1.9476031 1.7994742 1.2660047 2.4310701 1.6893265 2.0178847 2.0859673 2.1352153 1.8020115 2.0410746 2.0690147 1.7512265 2.1216423 2.1347701 1.6486165 1.3986261 1.6328174 2.0007365 2.2924622 2.2988249 1.8702025 1.5659481 1.3020349 2.0806679 1.2840985 2.4527835 2.3202073 2.7490193 1.3177945 2.5735921 2.5488699 2.6760737 1.7028322 1.9310115 2.3549385 2.2091805 1.3851037 2.2146143 2.2309968 2.1745830 2.1830441 2.1625641 2.2377237 2.0052654 3.0596568 2.3351499 3.1497733 2.4791435 2.2478779 2.2334907 2.5736676 2.8731979 5.3519071 
Spolac_c104197_g1_i1_m.38786c104197-g1             0.0000010 0.0000010 0.0000010 2.1629326 2.8596005 2.8662727 2.7492208 2.5346403 1.9005170 0.1746215 0.0000000 0.0125769 0.3559048 0.7731166 0.9798560 0.9048908 0.7889337 1.2156281 1.1738079 1.1641893 1.1868609 1.2413497 1.2267175 1.1356790 1.1860736 1.2646419 1.2264596 1.2341473 1.3179720 1.2511468 1.3605486 1.4242225 1.2680735 1.3506430 1.3381212 1.4748927 1.2423937 1.3283348 1.3394346 1.4795726 1.3029109 1.1006774 1.3698783 1.3379990 2.0046317 1.6233655 1.6468768 1.5337349 1.5410905 1.4209900 1.5410905 1.3972735 1.5815515 1.5762796 1.9578395 1.2757224 1.7930893 1.7967982 1.8246588 1.3576451 1.2893731 1.5981166 1.5342009 0.8386328 1.3436581 1.5333795 1.4657300 1.4658544 1.4590568 1.4393133 1.4923154 0.0000010 1.3658671 3.5895538 2.6942185 1.1414075 1.1521731 9.0000000 0.0000010 4.4627280 
Spolac_c104197_g1_i4_m.38791c104197-g1             3.6357061 3.6775316 3.5251349 2.6894011 3.2449333 3.1982538 2.8138841 2.9524200 3.7293114 0.2862935 0.0125769 0.0000000 0.1477627 1.2923668 1.5425243 1.5571700 0.7889337 1.9904559 1.8811792 1.8769589 1.5952684 1.9872722 1.9570079 2.0111547 2.1128465 1.9151394 1.8598761 1.8629748 1.7003420 1.2828435 2.3798347 1.6624299 1.9980185 2.0513028 2.0366675 1.7417689 2.0124027 1.9278723 1.4683434 2.0447403 2.0764056 1.5793294 1.3086145 1.3775053 2.2517763 2.3835788 2.3500487 1.8848451 1.6107621 1.4224801 1.9780875 1.3456929 2.4975608 2.3507950 2.8643291 1.2048529 2.5848909 2.5577970 2.5848407 1.5990128 1.8642294 2.3252664 2.1142920 1.3510693 2.1334555 2.1890710 2.1568240 2.1562836 2.1564969 2.2056937 1.9040776 3.3764029 2.2087030 3.1350354 2.6942185 2.1028121 2.1011622 2.4554985 2.9899711 5.6879143 
Spolac_c104197_g1_i3_m.38789c104197-g1             0.6652793 0.0000010 5.6876726 0.0000010 2.2123011 2.1537768 2.4841441 1.8248148 0.0000010 0.5028539 0.3559048 0.1477627 0.0000000 0.8919818 1.3145928 1.2413487 3.6589129 2.2813252 2.2027457 2.1840375 2.2164913 2.0517391 2.0517391 2.9246976 6.1109073 2.2051227 2.1484898 1.8699505 2.0757479 2.3401124 2.6542298 2.2305159 2.0509565 1.9349202 1.8791373 2.1190127 1.6527549 1.9874819 4.4613883 1.9779878 1.8368785 2.0433105 2.2731922 2.8857573 0.0000010 1.9344365 2.2708605 3.8242960 2.3183420 2.3183420 2.3183420 2.3183420 2.1821634 1.9118584 0.0000010 2.0817532 2.5339226 2.4936618 8.9999990 3.4825931 1.9793583 2.9101047 2.0110867 2.5520144 2.2108179 2.2971340 2.1991275 2.2038187 2.1918668 2.2692230 2.1152753 0.0000010 2.9367268 8.1615057 0.0000010 1.0996361 5.2236951 0.0000010 0.0000010 8.7029000 
Tetwil_g5059.t1                                    3.8402952 3.3022735 4.0759686 2.2578839 3.3114999 3.2895019 2.7969608 2.8830575 3.5697073 1.3028386 0.7731166 1.2923668 0.8919818 0.0000000 1.4108436 1.3393251 0.6898860 1.8557590 1.7980752 1.8078940 1.4242079 1.8936270 1.9236581 1.8727149 1.8971908 1.7479573 1.6861986 1.7453833 1.6783783 1.1684895 2.1871342 1.6968200 1.9983768 1.9731891 2.0502340 1.6423194 1.8059212 1.9159568 1.4105259 2.0337785 2.0803246 1.6461984 1.2024515 1.2967495 2.1099769 2.4233169 2.4525618 1.9745884 1.5119901 1.3944229 2.0051804 1.2860364 2.5276540 2.4144367 2.9199287 1.1010836 2.5225927 2.4961140 2.7213600 1.5847690 1.8470540 2.2424139 2.0939731 0.9528565 2.0909060 2.0484336 1.9831821 2.0342559 2.0883894 2.0044765 1.7424438 3.1830361 2.2203320 3.0724279 2.8234598 1.8930751 1.9014075 2.7001809 3.0226745 4.9418925 
Aque_Aqu2.1.36259_001                              3.6862137 3.4570954 3.7013952 2.6708767 3.1552645 3.3202068 2.7147743 2.8181332 3.5858795 1.6451126 0.9798560 1.5425243 1.3145928 1.4108436 0.0000000 0.4895919 0.7397231 1.8721683 1.9305168 1.9176077 1.4809399 1.8310744 1.8434011 1.8450801 2.0292049 1.6812005 1.7436902 1.7414357 1.7580324 1.3028290 2.1512849 1.6484805 2.0395025 1.9920687 2.1017399 1.7547969 1.7753859 1.6969751 1.5384224 2.0197606 2.0727418 1.6541876 1.2816848 1.4941815 1.9036636 2.3695096 2.3574842 1.8793807 1.5729054 1.4379705 1.9628066 1.4078033 2.5543407 2.3813504 2.9755411 1.0811148 2.5271043 2.5085898 2.5494739 1.5316139 1.7980087 2.2410080 2.1393654 1.2606335 2.0491026 1.9914930 1.9398605 2.0079122 2.0315840 2.0192924 1.6895435 3.2482644 2.0843572 2.9177136 2.5015926 1.7675508 1.7650369 2.4649415 2.5566401 5.3216067 
Halamb_c54863_g1_i1mm.6200                         3.6291797 3.5781653 3.4497081 2.3874604 3.1614903 3.4468603 2.6935069 2.8865989 3.6044065 1.6450815 0.9048908 1.5571700 1.2413487 1.3393251 0.4895919 0.0000000 0.6886826 1.8582685 1.8655109 1.8486824 1.4340904 1.8627891 1.8837263 1.8359171 1.9259971 1.6915697 1.7180916 1.7998073 1.7657495 1.2709133 2.0438943 1.6567817 1.9139049 1.9684411 2.0385439 1.6284284 1.7475443 1.6523905 1.6009069 1.9308066 1.9646375 1.6115141 1.2878310 1.4605654 2.0135422 2.3266432 2.4620795 1.9549869 1.5836393 1.4353007 2.0094249 1.4171916 2.4931781 2.3601751 2.9220175 1.1753075 2.6253063 2.5866091 2.6765016 1.6259503 1.8233845 2.3673249 2.2131799 1.2597680 2.0803504 1.9915843 1.9503703 1.9878966 1.9909686 2.0159907 1.6609240 3.4007296 2.2356236 3.1486411 2.6804648 1.7683801 1.7592880 2.1606090 2.5632215 5.2257297 
Gasp_gasp1.m3.25587.m1                             0.0000010 0.0000010 0.0000010 0.0000010 2.2598132 1.8849758 1.8287409 1.7320502 7.5678808 0.7245500 0.7889337 0.7889337 3.6589129 0.6898860 0.7397231 0.6886826 0.0000000 0.0644543 0.1085664 0.0799210 0.1154598 0.1291784 0.1240562 0.2116953 0.2578851 0.5469284 0.5489180 0.6371786 0.7116075 0.7436646 0.6102880 0.6673031 0.5967193 0.5618726 0.5700412 0.6117525 0.6297263 0.6190474 0.5984418 0.6801665 0.6883835 0.6883835 0.6601413 0.7585254 0.7466650 0.7182197 0.7852119 0.7852119 0.8124722 0.8124722 0.8124722 0.8682497 0.7901566 0.6977570 0.9508844 0.6781628 0.8208562 0.8232056 1.3186740 0.7727273 0.7445731 0.6184022 0.6004433 0.6281528 0.8290020 0.8999944 0.8198039 0.8168525 0.8352637 0.8156960 0.8483284 0.0000010 2.9367268 2.2697987 3.2609445 1.0024918 1.0828581 0.0000010 0.0000010 3.6262753 
Fspp_ffun1.m4.5943.m1                              3.6579004 3.6497202 3.4324617 1.8643360 3.1870050 3.3527142 2.5817579 3.0202100 3.4281206 1.9771588 1.2156281 1.9904559 2.2813252 1.8557590 1.8721683 1.8582685 0.0644543 0.0000000 0.2330683 0.2096512 0.1808793 0.2684472 0.2643687 0.7384028 0.7435235 1.2124310 1.2134089 1.2219817 1.0675493 0.9594436 1.4541753 0.9968644 1.3305523 1.3297929 1.3248558 1.1258361 1.2834181 1.2470128 1.3290925 1.4926828 1.7787698 1.4087758 1.1196538 0.9934238 1.6571504 1.9674737 2.0774149 1.5465996 1.3495151 1.1737224 1.6591180 1.1542358 2.1222616 1.8937488 2.4387822 0.9388520 2.1821443 2.1829088 2.3223974 1.2180352 1.2178841 1.2911949 1.2004159 1.4949417 1.3531685 1.4588039 1.4195492 1.4486599 1.4893173 1.4970384 1.1988888 2.1113248 1.2977552 2.0907125 2.5371259 2.1766573 2.1632839 2.0321729 2.9508891 4.5405075 
Spis_XP_022780163_1                                3.3680372 3.5294003 3.3610658 1.9826095 3.1149090 3.1974087 2.5818810 2.9588216 3.6201411 1.8569810 1.1738079 1.8811792 2.2027457 1.7980752 1.9305168 1.8655109 0.1085664 0.2330683 0.0000000 0.0775412 0.2351314 0.3153679 0.3149294 0.7391499 0.8047800 1.2678344 1.2203706 1.2838620 1.0812354 0.9643011 1.4505192 0.9729227 1.3133721 1.2898733 1.2694297 1.1489188 1.3792238 1.2814738 1.3684493 1.5349175 1.7733397 1.3789656 1.0803067 1.0004261 1.5497745 1.9701654 2.0727607 1.5339461 1.2610212 1.1079178 1.6079124 1.0950547 2.1179726 1.9120745 2.4668074 0.9539840 2.2009427 2.1961026 2.2995856 1.2482286 1.2465726 1.3173899 1.1917164 1.4727050 1.3866111 1.4859401 1.4552462 1.4789529 1.5147343 1.5129557 1.1997294 2.2273156 1.3633009 2.1060611 2.6026920 2.1947138 2.1848445 1.9823228 2.7921079 4.5230881 
Pocdam_XM_027191071.1                              3.2563188 3.5216849 3.3215925 1.9287309 3.1252236 3.1940565 2.5977345 3.0153789 3.6829409 1.8670618 1.1641893 1.8769589 2.1840375 1.8078940 1.9176077 1.8486824 0.0799210 0.2096512 0.0775412 0.0000000 0.2289058 0.3147429 0.3112407 0.7433327 0.8091546 1.2333206 1.1887157 1.2663053 1.0775704 0.9953169 1.4546168 0.9575234 1.2766160 1.2952077 1.2656307 1.1321649 1.3608310 1.2546898 1.2932412 1.5112043 1.7388722 1.3711547 1.0444598 0.9955890 1.5870776 1.9681422 2.0739786 1.5113720 1.2784011 1.1118293 1.6252346 1.0938768 2.1141843 1.9267814 2.4583391 0.9221036 2.1845908 2.1801824 2.3367229 1.2444910 1.2291974 1.2610223 1.1412636 1.4787749 1.3596745 1.4883660 1.4505170 1.4930409 1.5291441 1.5252860 1.1927289 2.2705491 1.3547340 2.0628784 2.6420366 2.1741679 2.1611832 2.0608470 2.9111013 4.5936306 
Gfas_gfas1.m1.8127.m1                              1.4867810 2.0058055 9.0000000 1.7817790 2.9456668 2.9648909 2.5280527 2.7177110 3.9695794 1.6271855 1.1868609 1.5952684 2.2164913 1.4242079 1.4809399 1.4340904 0.1154598 0.1808793 0.2351314 0.2289058 0.0000000 0.1847551 0.1826890 0.5525173 0.6316673 0.9146037 1.0038239 1.0266561 1.0641122 0.9659027 1.0854884 1.0169184 1.0031671 0.9661864 0.9774829 1.1806350 0.9512136 1.0434778 1.3485750 1.2245063 1.3366659 1.3061332 1.0179269 0.7660083 1.6066403 1.4394557 1.5497297 1.4794911 1.2570296 1.0143104 1.5820532 1.0289559 1.5641704 1.4267535 1.9002088 0.7635868 1.6298507 1.6355438 2.0599528 1.1583723 0.9564575 1.0273128 0.9668582 1.4682798 1.0387530 1.1637205 1.1405882 1.1416688 1.1428103 1.2036334 1.1883699 1.1296473 1.3771506 1.8163254 2.5565811 1.8790330 1.8711453 1.8273801 2.1002984 4.4656806 
Amil_Amillepora19135-RA                            3.8092710 3.6329765 3.6517136 1.9579441 3.2432110 3.3489261 2.7709071 3.0937017 3.7462359 2.0030565 1.2413497 1.9872722 2.0517391 1.8936270 1.8310744 1.8627891 0.1291784 0.2684472 0.3153679 0.3147429 0.1847551 0.0000000 0.0103691 0.7584947 0.8034197 1.2163711 1.1782247 1.2647219 1.1173021 0.9750443 1.4316733 0.9526390 1.2804670 1.3139685 1.3245545 1.1605468 1.2908629 1.3035413 1.2811802 1.4993060 1.7120448 1.3434188 1.1243725 0.9870212 1.7261954 1.9859005 2.0750634 1.5639299 1.3055827 1.0923746 1.6217528 1.0513454 2.1483896 1.9803855 2.5472589 0.8774500 2.2397743 2.2178480 2.3205379 1.0882523 1.2641302 1.2817013 1.2139361 1.4831735 1.3250257 1.4247606 1.4275655 1.4126072 1.4525042 1.4930844 1.1670107 2.1152073 1.2408302 2.1181117 2.5329449 2.2814161 2.2665621 2.1310265 2.9917237 4.4225527 
Adig_XM_015922826.1                                3.6708663 3.5255169 3.4259014 1.9624383 3.1522345 3.2898344 2.6464031 3.0100454 3.7430111 1.9850636 1.2267175 1.9570079 2.0517391 1.9236581 1.8434011 1.8837263 0.1240562 0.2643687 0.3149294 0.3112407 0.1826890 0.0103691 0.0000000 0.7687602 0.8119900 1.2359746 1.1838471 1.2673078 1.1160973 0.9364386 1.4239232 0.9523064 1.2950292 1.3112669 1.3168849 1.1552233 1.2826732 1.3128100 1.2930060 1.5029769 1.7198775 1.3499860 1.0992730 0.9905554 1.7205150 2.0081047 2.0916926 1.5479665 1.2823947 1.0761461 1.5913879 1.0321120 2.1018574 1.9698027 2.5942381 0.8963797 2.2370387 2.2207198 2.3013493 1.1059299 1.2798785 1.2981920 1.2279383 1.4744050 1.3235737 1.4369151 1.4312027 1.4208806 1.4618999 1.4957883 1.1754838 2.0695449 1.2607455 2.1243088 2.5205832 2.2787713 2.2654210 2.1210180 2.9081648 4.3628164 
Nvec_v1g166242                                     2.9792196 2.7415452 2.8983322 1.9428214 3.1578621 3.3440479 2.5924379 3.0872544 3.5233335 2.0250184 1.1356790 2.0111547 2.9246976 1.8727149 1.8450801 1.8359171 0.2116953 0.7384028 0.7391499 0.7433327 0.5525173 0.7584947 0.7687602 0.0000000 0.5339438 1.1326495 1.1908416 1.2366286 1.1003505 0.8775696 1.3326429 0.8992248 1.1945038 1.2004701 1.2203591 1.0741027 1.2981383 1.2536304 1.0341005 1.4880173 1.8245204 1.4461393 1.0553787 1.1539682 1.5567053 2.1228344 2.1567763 1.5601473 1.2373705 1.1133304 1.5841869 1.1030658 2.2124572 1.9469386 2.3698371 0.8694199 2.1198102 2.1226217 2.2158942 1.2953496 1.2228124 1.3170758 1.1726615 1.4376347 1.3799283 1.4408158 1.4444104 1.4513108 1.4918680 1.5223325 1.2066905 2.2871808 1.3492329 1.9548970 2.3798869 2.1454544 2.1298829 2.0429802 2.8765362 4.4248721 
Exapal_XM_028657334.1                              3.2684000 2.9646289 2.7390339 2.1752303 3.0520957 3.2042179 2.5453020 2.9945010 3.0445529 2.1847307 1.1860736 2.1128465 6.1109073 1.8971908 2.0292049 1.9259971 0.2578851 0.7435235 0.8047800 0.8091546 0.6316673 0.8034197 0.8119900 0.5339438 0.0000000 1.1628827 1.1859217 1.2032827 1.0299166 0.8386991 1.4331021 0.9297700 1.2988281 1.2609309 1.3179568 1.1815813 1.2953415 1.1901907 0.8528811 1.4325744 1.9869246 1.6404204 1.1204858 0.8868032 1.6157404 2.0915462 2.1029333 1.5621878 1.3002967 1.0939035 1.6498016 1.0774852 2.1822163 1.9090951 2.2873726 0.9223037 2.1015802 2.0807044 2.1215492 1.0469278 1.1251622 1.3486137 1.2187049 1.5469499 1.4085652 1.4621632 1.4619747 1.4259755 1.4739997 1.5105451 1.1819528 2.0300906 1.3060368 1.8770136 2.4976397 2.1125131 2.0877027 2.0531874 2.4266785 4.5869829 
Bralan_BLAG11001106_1                              3.0166650 2.3639219 3.3144518 1.9592047 2.9890807 2.7994152 2.6334904 2.6567180 2.9351897 2.0123244 1.2646419 1.9151394 2.2051227 1.7479573 1.6812005 1.6915697 0.5469284 1.2124310 1.2678344 1.2333206 0.9146037 1.2163711 1.2359746 1.1326495 1.1628827 0.0000000 0.9109649 0.9132852 0.8126560 0.9052281 1.5782415 1.0982809 1.4162125 1.3754545 1.4111485 0.9222372 0.9358340 0.8146548 1.2187738 1.1720539 1.7162195 1.4235598 1.0651521 1.1541453 1.7624950 2.1007362 2.1105838 1.6141951 1.2817510 1.1493675 1.6145539 1.1688678 2.1919501 2.0244980 2.6854355 0.9488420 2.1970259 2.1781197 2.2610947 1.2059281 0.7844880 1.6004785 1.4873130 1.5250736 1.0494341 1.5884595 1.5673396 1.5736029 1.6076849 1.5848661 1.2913604 2.3651859 1.4169609 2.2539326 2.2674856 2.0672285 2.0680805 2.1065132 2.2474644 4.8206401 
Cgig_XM_011437918.2                                2.8304584 2.5480127 2.9563268 1.8810183 3.1870726 2.9887648 2.8803675 2.9497132 3.1360634 1.9600317 1.2264596 1.8598761 2.1484898 1.6861986 1.7436902 1.7180916 0.5489180 1.2134089 1.2203706 1.1887157 1.0038239 1.1782247 1.1838471 1.1908416 1.1859217 0.9109649 0.0000000 0.6090338 0.7513321 0.9362922 1.5820449 1.1699467 1.3084354 1.3548508 1.3928481 0.9397556 0.8551795 0.9414646 1.2965364 1.1616364 1.8087034 1.5573764 1.3131681 1.1804407 1.7148028 2.1355891 2.1281346 1.5404423 1.3327457 1.1755852 1.6456311 1.1513802 2.2371875 2.0266584 2.5072247 0.9647557 2.2074692 2.1867534 2.3458055 1.2059874 1.0110491 1.5392183 1.4377042 1.5962269 1.2350836 1.5765039 1.5668069 1.5536327 1.5864996 1.5795326 1.3229467 2.0322189 1.4216720 2.0621573 2.4933350 2.0798317 2.0904184 2.0666702 2.3964459 4.4953767 
Acagra_model.g30947.t1                             2.9606717 2.3287490 2.7568010 2.0162818 3.2515380 2.9941925 2.6754732 2.8875617 2.9769876 1.9476031 1.2341473 1.8629748 1.8699505 1.7453833 1.7414357 1.7998073 0.6371786 1.2219817 1.2838620 1.2663053 1.0266561 1.2647219 1.2673078 1.2366286 1.2032827 0.9132852 0.6090338 0.0000000 0.7030472 0.9078540 1.5838920 1.1753346 1.3370452 1.4396722 1.4578347 0.9309646 0.8365371 0.9557802 1.1216419 1.2072088 1.8481822 1.6100718 1.3243054 1.1758609 1.6489466 2.1150098 2.1474219 1.6371132 1.2914250 1.1659533 1.6617039 1.1083045 2.3096242 2.0585709 2.5922882 1.0011078 2.2208274 2.2129887 2.4138542 1.3416228 0.9581484 1.5640789 1.4769380 1.6265232 1.1732132 1.5147671 1.5261729 1.4912050 1.5246239 1.5135318 1.2775630 2.0063452 1.4204844 2.1974554 2.6406581 2.1569767 2.1659511 2.0777694 2.7090017 4.9169361 
Ctel_gnl_WGS_AMQN_CAPTEDRAFT_mRNA182882            2.5453016 2.3955358 3.1482278 1.8517246 3.2641363 2.9348052 2.6445929 2.7360982 2.8554080 1.7994742 1.3179720 1.7003420 2.0757479 1.6783783 1.7580324 1.7657495 0.7116075 1.0675493 1.0812354 1.0775704 1.0641122 1.1173021 1.1160973 1.1003505 1.0299166 0.8126560 0.7513321 0.7030472 0.0000000 1.0232872 1.3756338 1.2158174 1.2249762 1.1900275 1.2497044 1.0346274 0.8470397 0.9395878 1.3405874 1.0765451 1.6508846 1.5025015 1.4704974 1.0709795 1.9147523 1.9732243 1.9026825 1.6002079 1.3094688 1.1474346 1.6392463 1.0496314 1.9695777 1.7987065 2.4924990 0.9025592 1.9884496 1.9641457 2.3353954 1.2265169 0.8708084 1.3385482 1.2957636 1.6158302 1.0689860 1.3893937 1.3969366 1.3778144 1.3782330 1.4028170 1.3274775 1.6236704 1.3286898 1.7879553 2.2593046 1.9478358 1.9629068 1.9236947 1.8638110 4.7396987 
Hvul_g6248_1                                       0.6652793 0.0000010 9.0000000 1.5495669 2.3205048 2.3444552 2.4399600 2.5046584 1.7615645 1.2660047 1.2511468 1.2828435 2.3401124 1.1684895 1.3028290 1.2709133 0.7436646 0.9594436 0.9643011 0.9953169 0.9659027 0.9750443 0.9364386 0.8775696 0.8386991 0.9052281 0.9362922 0.9078540 1.0232872 0.0000000 0.4448160 0.6956894 0.5911977 0.5988821 0.6168187 0.9544638 0.7797506 0.9707083 1.0943220 0.9764782 1.2736562 1.1843859 1.5036725 1.3828486 1.2521415 1.2537267 1.2577038 1.2031577 1.2582247 1.2235381 1.2582247 1.2503294 1.2252801 1.1986755 1.1216016 1.0733970 1.2842479 1.2812090 1.5768369 1.2204546 1.0114873 1.1800125 1.0834393 1.0144140 1.0564516 1.1425402 1.1369339 1.1041066 1.1001805 1.1185791 1.1222890 0.0000010 1.5332517 3.3545685 2.3174062 1.4927930 1.6152421 9.0000000 0.0000010 6.0312625 
Chem_TCONS_00065102                                2.4641041 3.4057384 3.9202006 2.3027107 3.6016060 3.7567287 3.0377703 3.2577755 3.6287191 2.4310701 1.3605486 2.3798347 2.6542298 2.1871342 2.1512849 2.0438943 0.6102880 1.4541753 1.4505192 1.4546168 1.0854884 1.4316733 1.4239232 1.3326429 1.4331021 1.5782415 1.5820449 1.5838920 1.3756338 0.4448160 0.0000000 0.7738882 1.1370446 1.2010661 1.1930915 1.3803218 1.5387589 1.5957371 1.1496420 1.6489868 2.1446810 1.7586070 1.4998104 1.1297682 1.7797721 2.1202523 2.0797467 1.6557664 1.4763523 1.2402273 1.7851034 1.1788639 2.2510439 2.0869530 2.6677704 1.0144076 2.2600648 2.2560983 2.4737345 1.5133604 1.4787695 1.6223913 1.6837858 1.5926816 1.6756829 1.6793054 1.6534914 1.6864000 1.6780403 1.6672544 1.2901348 3.0571779 0.8977541 2.0657361 2.5036256 2.4536423 2.4600120 2.6881570 3.0759125 5.5586705 
Morvir_scaffold331.g12.t1                          0.8236648 1.8233977 2.3896487 2.3866453 3.1187994 2.7983679 2.7897282 2.6413141 2.7785865 1.6893265 1.4242225 1.6624299 2.2305159 1.6968200 1.6484805 1.6567817 0.6673031 0.9968644 0.9729227 0.9575234 1.0169184 0.9526390 0.9523064 0.8992248 0.9297700 1.0982809 1.1699467 1.1753346 1.2158174 0.6956894 0.7738882 0.0000000 0.6487192 0.6446422 0.6452136 1.3810545 1.0894942 1.2512159 1.1018378 1.2514177 1.5635907 1.5283989 1.4671064 1.3060796 2.2336037 1.7824931 1.8133810 1.8231279 1.5725857 1.1842734 1.8079711 1.1816902 1.8538719 1.7306569 2.1608617 1.1509830 1.9143382 1.8869118 2.3645625 1.2971320 1.0619072 1.2253538 1.1992860 1.7017154 1.1921483 1.3373586 1.3569240 1.3184552 1.3131922 1.3284259 1.3124322 1.1308460 0.9029166 1.3989682 2.3607988 1.9213639 1.9237174 1.8792026 1.8488879 4.3484491 
Sanmal_Sma_020424-T1                               2.5342258 3.0174502 2.3364470 2.0069280 3.2516616 3.3099025 2.8412012 3.0392767 3.2537403 2.0178847 1.2680735 1.9980185 2.0509565 1.9983768 2.0395025 1.9139049 0.5967193 1.3305523 1.3133721 1.2766160 1.0031671 1.2804670 1.2950292 1.1945038 1.2988281 1.4162125 1.3084354 1.3370452 1.2249762 0.5911977 1.1370446 0.6487192 0.0000000 0.5380460 0.5303418 1.3651081 1.4634063 1.4364356 0.6421907 1.6968717 1.9514078 1.5581451 1.3873328 1.2873376 1.9897359 2.1469533 2.2644027 1.7986443 1.3987862 1.0892017 1.6771607 1.0834186 2.2337473 2.1403083 2.6698792 1.0577985 2.3055252 2.3179129 2.4605859 1.3507838 1.3063455 1.4956072 1.5322040 1.4728638 1.5801892 1.5847089 1.5816769 1.5521998 1.5936213 1.6236254 1.2133911 2.3613325 1.1097925 1.1168553 2.4272979 2.2984323 2.3034917 2.1665112 2.8409724 5.1372455 
Nemnom_g4036.t1                                    3.2987336 3.1175862 2.6749666 2.0178768 3.2373424 3.3973070 2.8018056 3.1205145 3.1045817 2.0859673 1.3506430 2.0513028 1.9349202 1.9731891 1.9920687 1.9684411 0.5618726 1.3297929 1.2898733 1.2952077 0.9661864 1.3139685 1.3112669 1.2004701 1.2609309 1.3754545 1.3548508 1.4396722 1.1900275 0.5988821 1.2010661 0.6446422 0.5380460 0.0000000 0.1433867 1.3032187 1.3848376 1.4642480 0.6523379 1.6078563 1.9956894 1.5796395 1.2320255 1.2438857 2.0608989 2.1217485 2.2289539 1.7665312 1.3812959 1.1177993 1.6330786 1.0745769 2.2099729 2.1233507 2.6183097 1.0375456 2.2128670 2.2187271 2.3045916 1.3660449 1.3693294 1.5620317 1.4941888 1.7047872 1.6464123 1.6336506 1.6315131 1.5981240 1.6339821 1.6056489 1.2327995 2.4779009 1.1051807 1.0003053 2.4224157 2.3532623 2.3677367 2.1802464 2.9732198 5.0501876 
Rhoesc_Res_009910-T1                               3.1411582 3.3465778 2.5786608 2.0330971 3.2753183 3.3651665 2.8458288 3.1265970 3.2376332 2.1352153 1.3381212 2.0366675 1.8791373 2.0502340 2.1017399 2.0385439 0.5700412 1.3248558 1.2694297 1.2656307 0.9774829 1.3245545 1.3168849 1.2203591 1.3179568 1.4111485 1.3928481 1.4578347 1.2497044 0.6168187 1.1930915 0.6452136 0.5303418 0.1433867 0.0000000 1.3064297 1.4581648 1.4864700 0.6750531 1.6454630 2.0325121 1.6121151 1.2126652 1.3076664 2.0035100 2.1389409 2.2713054 1.7871054 1.4054887 1.1173094 1.6741340 1.0996059 2.2447335 2.1333573 2.6162105 1.0386763 2.2685550 2.2727222 2.3621151 1.4370762 1.3582461 1.5482429 1.5041491 1.7383531 1.6432945 1.6704309 1.6538485 1.6125220 1.6483982 1.6237525 1.2462345 2.7541093 1.1342210 0.9406543 2.5197194 2.4069977 2.4148105 2.2250682 3.1158542 5.1996801 
Dpul_mRNA1774                                      1.1153780 0.0000010 5.3581305 2.5766518 3.0182469 2.7003641 2.9449286 2.5589738 1.2295552 1.8020115 1.4748927 1.7417689 2.1190127 1.6423194 1.7547969 1.6284284 0.6117525 1.1258361 1.1489188 1.1321649 1.1806350 1.1605468 1.1552233 1.0741027 1.1815813 0.9222372 0.9397556 0.9309646 1.0346274 0.9544638 1.3803218 1.3810545 1.3651081 1.3032187 1.3064297 0.0000000 0.6995087 1.0311464 1.5543065 0.8265915 1.5005472 1.3781443 1.3134522 1.0933958 1.7901899 1.7086122 1.7426507 1.7745729 1.4014514 1.1949364 1.7028044 1.2977562 1.7610679 1.6730418 2.2035098 0.9395168 1.8915782 1.8715670 2.0701474 1.2893144 1.0853378 1.6012829 1.4835188 1.7088545 1.0633960 1.5458846 1.5312364 1.5190116 1.5251194 1.5208572 1.5179349 0.0000010 1.9007250 2.4232756 2.3709570 2.0911570 2.0857679 1.9535948 1.8838175 5.0748372 
Cscu_XM_023359248.1                                3.0039071 2.6204233 3.5759698 2.0533365 3.1792748 3.1555560 2.5081521 2.9251218 3.2986892 2.0410746 1.2423937 2.0124027 1.6527549 1.8059212 1.7753859 1.7475443 0.6297263 1.2834181 1.3792238 1.3608310 0.9512136 1.2908629 1.2826732 1.2981383 1.2953415 0.9358340 0.8551795 0.8365371 0.8470397 0.7797506 1.5387589 1.0894942 1.4634063 1.3848376 1.4581648 0.6995087 0.0000000 1.0330589 1.1693019 1.0532464 1.7438436 1.4414792 1.1518812 1.2116978 2.0231797 2.2268004 2.1514942 1.7171786 1.3707700 1.1634469 1.7572063 1.0909134 2.2713019 2.1185462 2.8285164 0.8903762 2.2799358 2.2545642 2.5385436 1.1630274 0.9655615 1.7236876 1.5638477 1.4529616 1.2776393 1.6370425 1.6270016 1.6175924 1.6636407 1.6545859 1.3563311 2.4426312 1.4244735 2.2434026 2.3952929 2.2252253 2.2312603 2.1563120 2.6170576 4.7670209 
Hsap_ENST00000672724                               2.8402203 2.4511802 3.2864159 2.0271474 3.0450191 3.1966027 2.6482631 2.8536387 3.1562703 2.0690147 1.3283348 1.9278723 1.9874819 1.9159568 1.6969751 1.6523905 0.6190474 1.2470128 1.2814738 1.2546898 1.0434778 1.3035413 1.3128100 1.2536304 1.1901907 0.8146548 0.9414646 0.9557802 0.9395878 0.9707083 1.5957371 1.2512159 1.4364356 1.4642480 1.4864700 1.0311464 1.0330589 0.0000000 1.6627554 1.3334567 1.7515078 1.5962404 1.2564783 1.2104327 1.8141617 2.0633926 2.0614471 1.5878813 1.3810553 1.2001057 1.7056384 1.2457809 2.2304450 2.0243066 2.5409149 1.0908179 2.1333019 2.1306143 2.3427783 1.2829823 0.8252661 1.5843250 1.4923449 1.6289618 1.1541501 1.4935818 1.4784215 1.4928629 1.5274908 1.5423674 1.2340963 2.3275660 1.6006039 2.3074971 2.7998215 2.1059502 2.1284340 2.1591569 2.4734915 4.6732259 
Aaur_scaffold140.g24.t1                            0.0000010 0.0000010 0.0000010 0.0000010 4.1039678 3.1524394 3.2900987 3.4669106 9.0000000 1.7512265 1.3394346 1.4683434 4.4613883 1.4105259 1.5384224 1.6009069 0.5984418 1.3290925 1.3684493 1.2932412 1.3485750 1.2811802 1.2930060 1.0341005 0.8528811 1.2187738 1.2965364 1.1216419 1.3405874 1.0943220 1.1496420 1.1018378 0.6421907 0.6523379 0.6750531 1.5543065 1.1693019 1.6627554 0.0000000 1.4377489 1.8456837 1.7295590 1.9595714 1.7383169 1.5634019 1.8672005 1.9051125 1.5436434 1.9117438 1.9117438 1.9117438 1.9613225 1.7721190 1.9156374 1.4174620 1.7662207 2.1097803 2.1014279 1.9061430 1.4580809 1.5533398 1.2775626 1.4989503 0.8738528 1.6071741 1.9587519 1.9702150 1.9647124 2.0032497 2.0640625 1.9782625 0.0000010 9.0000000 3.4175214 2.5015810 0.9657802 1.1928079 0.0000010 0.0000010 6.1117483 
Tcas_TC005767_001                                  3.6843844 2.2524887 3.0816591 2.3612922 3.0453143 3.1085064 2.4813642 2.8592597 3.1198091 2.1216423 1.4795726 2.0447403 1.9779878 2.0337785 2.0197606 1.9308066 0.6801665 1.4926828 1.5349175 1.5112043 1.2245063 1.4993060 1.5029769 1.4880173 1.4325744 1.1720539 1.1616364 1.2072088 1.0765451 0.9764782 1.6489868 1.2514177 1.6968717 1.6078563 1.6454630 0.8265915 1.0532464 1.3334567 1.4377489 0.0000000 1.8837559 1.6425718 1.3161501 1.2231309 2.0468730 2.2100157 2.2720548 1.8477388 1.5978500 1.3140121 1.8628589 1.2837591 2.3172948 2.1322088 2.7406604 1.0182104 2.2946782 2.3232739 2.6071890 1.3681955 1.2232525 1.7628241 1.5980488 1.6771556 1.3871770 1.8723330 1.8512558 1.8248053 1.8579478 1.8753192 1.4989220 2.9081072 1.6346791 2.5369324 2.4288054 2.2473252 2.2392036 2.2834569 2.9079320 5.0032584 
Opea_EP00118_Oscarella_pearsei_P007300             3.7020430 3.6548287 3.8138178 2.1192378 3.2736812 3.2064479 2.7489324 3.0497587 3.7591155 2.1347701 1.3029109 2.0764056 1.8368785 2.0803246 2.0727418 1.9646375 0.6883835 1.7787698 1.7733397 1.7388722 1.3366659 1.7120448 1.7198775 1.8245204 1.9869246 1.7162195 1.8087034 1.8481822 1.6508846 1.2736562 2.1446810 1.5635907 1.9514078 1.9956894 2.0325121 1.5005472 1.7438436 1.7515078 1.8456837 1.8837559 0.0000000 0.0114432 1.0566795 1.4260749 2.2783957 2.5493151 2.5310488 1.9398453 1.5470007 1.3149447 1.9969619 1.2846038 2.4836003 2.4005632 3.3086949 1.0471487 2.5819398 2.6099891 2.8756811 1.5720308 1.7088216 2.0407635 2.0497676 1.5836616 1.9130870 1.9686514 2.0185217 1.9573132 2.0118052 2.0987824 1.7023256 3.3598844 2.1564593 3.1911898 2.9327929 2.2081210 2.2057508 1.5324095 3.3050903 5.0676176 
Ocar_g1071                                         3.1024423 4.6738806 9.0000000 2.2886799 3.1394540 3.0731378 2.7584457 2.9241162 3.4580085 1.6486165 1.1006774 1.5793294 2.0433105 1.6461984 1.6541876 1.6115141 0.6883835 1.4087758 1.3789656 1.3711547 1.3061332 1.3434188 1.3499860 1.4461393 1.6404204 1.4235598 1.5573764 1.6100718 1.5025015 1.1843859 1.7586070 1.5283989 1.5581451 1.5796395 1.6121151 1.3781443 1.4414792 1.5962404 1.7295590 1.6425718 0.0114432 0.0000000 1.1176225 1.4260749 1.4908232 1.9876609 2.0215417 1.6320901 1.2708845 1.1939391 1.8532854 1.2964395 1.9529690 1.8431273 2.6927645 1.0297154 2.1579316 2.1672033 2.8142764 1.4141520 1.4795614 1.6232990 1.6929654 1.2970395 1.7006499 1.8169986 1.8309951 1.8024611 1.8066849 1.8824544 1.7825942 3.1538652 2.2102560 2.9582071 2.9327929 1.8160524 1.8292378 1.2218469 3.1905717 4.6041962 
Clacor_Ccor_C540103_01                             1.7910824 0.0000010 9.0000000 0.0000010 1.9039098 1.8847944 1.4896000 1.7801270 4.4928539 1.3986261 1.3698783 1.3086145 2.2731922 1.2024515 1.2816848 1.2878310 0.6601413 1.1196538 1.0803067 1.0444598 1.0179269 1.1243725 1.0992730 1.0553787 1.1204858 1.0651521 1.3131681 1.3243054 1.4704974 1.5036725 1.4998104 1.4671064 1.3873328 1.2320255 1.2126652 1.3134522 1.1518812 1.2564783 1.9595714 1.3161501 1.0566795 1.1176225 0.0000000 1.5388237 2.0130986 1.3720079 1.5214074 1.5199375 1.4508467 1.4508467 1.4508467 1.3928397 1.3796891 1.3817853 1.9048485 1.2276372 1.4382965 1.4274632 2.3784132 1.4142038 1.3303546 1.3451052 1.2897750 0.9817826 1.3783439 1.5443111 1.4886223 1.5107620 1.5046561 1.5272742 1.4975530 0.0000010 9.0000000 5.3046115 2.5237312 1.2537634 1.3943389 0.0000010 0.0000010 5.4084192 
Bolinf_Binf_sb1245086                              0.0000010 0.0000010 0.0000010 0.0000010 2.6588465 2.3799395 2.1883668 2.2841183 2.9502967 1.6328174 1.3379990 1.3775053 2.8857573 1.2967495 1.4941815 1.4605654 0.7585254 0.9934238 1.0004261 0.9955890 0.7660083 0.9870212 0.9905554 1.1539682 0.8868032 1.1541453 1.1804407 1.1758609 1.0709795 1.3828486 1.1297682 1.3060796 1.2873376 1.2438857 1.3076664 1.0933958 1.2116978 1.2104327 1.7383169 1.2231309 1.4260749 1.4260749 1.5388237 0.0000000 0.0000010 0.1191608 0.3661523 0.3000725 0.5556050 0.5556050 0.5556050 0.5556050 0.6129895 0.3669775 1.0533074 0.6532995 0.5276089 0.5255133 0.9596814 0.6026638 1.2865614 1.1090120 1.0515040 1.0210762 1.1896043 1.3957901 1.3096018 1.2884549 1.2664883 1.3190634 1.2942914 0.0000010 2.9367268 4.2664812 2.3173486 1.2626351 1.4128312 0.0000010 0.0000010 5.2416109 
Mertsp_Mesp_sb523514                               0.0000010 0.0000010 0.0000010 2.9907623 3.5682930 3.7440376 3.5606217 4.3736832 0.0000010 2.0007365 2.0046317 2.2517763 0.0000010 2.1099769 1.9036636 2.0135422 0.7466650 1.6571504 1.5497745 1.5870776 1.6066403 1.7261954 1.7205150 1.5567053 1.6157404 1.7624950 1.7148028 1.6489466 1.9147523 1.2521415 1.7797721 2.2336037 1.9897359 2.0608989 2.0035100 1.7901899 2.0231797 1.8141617 1.5634019 2.0468730 2.2783957 1.4908232 2.0130986 0.0000010 0.0000000 0.0822249 0.2780003 0.2780003 0.5882295 0.4271716 0.6067235 0.6638104 0.5543356 0.4199337 0.3689927 0.6786634 0.7250405 0.7119959 0.5966278 2.8744990 2.0400768 2.0815464 2.0140303 2.4043422 1.9354701 1.9030869 1.8396343 1.8069043 1.8154277 1.8256084 1.8296390 0.0000010 3.1328795 3.8821301 3.3534951 1.9943463 1.9943463 2.5584179 0.0000010 4.8341930 
Mlei_ML1282.g20.i1                                 4.3068458 4.4322631 4.9894811 3.0194669 3.5806615 4.0039162 2.8693728 3.6691714 5.1811363 2.2924622 1.6233655 2.3835788 1.9344365 2.4233169 2.3695096 2.3266432 0.7182197 1.9674737 1.9701654 1.9681422 1.4394557 1.9859005 2.0081047 2.1228344 2.0915462 2.1007362 2.1355891 2.1150098 1.9732243 1.2537267 2.1202523 1.7824931 2.1469533 2.1217485 2.1389409 1.7086122 2.2268004 2.0633926 1.8672005 2.2100157 2.5493151 1.9876609 1.3720079 0.1191608 0.0822249 0.0000000 0.3935191 0.2751665 0.5427789 0.4885514 0.6188080 0.5417283 0.8826596 0.4444142 0.5416161 0.5275773 0.7311167 0.7220881 0.7947261 0.9697406 2.1692197 2.2810045 2.1360665 1.8204081 2.2995865 2.1364868 2.1135399 2.0889151 2.1056553 2.1505297 1.6770814 4.0823415 2.1108703 3.2510580 2.5041012 3.0034127 2.9922171 3.4325420 3.6516284 5.6368005 
