82
Hvul_g13206_1                                                     0.0000000 1.9913126 2.9232609 2.8608805 2.6027905 2.4546854 2.4896302 2.2937022 2.5124507 2.5543359 2.3910278 2.3993772 2.7762023 1.6861074 2.9476931 2.2008620 2.5668684 2.1543306 2.2917087 2.6121480 2.0660673 2.7847542 2.4347528 2.5364162 3.6212908 2.0752430 2.1895576 2.2367860 2.2086091 2.5367539 2.1523590 1.9668798 2.1030421 2.1826572 2.4099718 2.6676070 2.4178495 2.9968944 2.5346682 3.3261649 3.3742968 3.2656725 2.6650290 2.0835318 2.1324492 1.8307686 1.7253805 2.1033482 2.0428459 1.8527149 1.9170088 1.9010582 2.0864110 2.1470012 2.1897525 2.1143687 2.3871342 2.7764720 2.2336890 3.1949510 2.4411470 2.9277689 2.2619950 2.2911050 2.4128858 2.5601386 2.2558728 2.3442499 2.1446229 2.6783189 2.4012885 2.6417853 2.6417853 2.5909746 2.5909746 2.3703419 3.3635001 3.1978112 2.9197965 3.2533213 2.6662154 2.6489574 
Chem_TCONS_00008602                                               1.9913126 0.0000000 1.8424935 1.6794744 1.8750992 1.9180599 1.9211255 2.0272421 1.9986277 2.0368720 2.0198753 1.9684584 2.0718248 1.2132564 1.7606046 1.7579621 1.7282151 1.6177289 1.5269464 1.8305960 1.5922494 1.8079252 1.7362592 1.9171537 2.8223149 1.7333194 1.6830631 1.7826497 1.6763059 1.8472851 1.3693014 1.3271964 1.5898399 1.6044015 1.9922922 2.1886962 1.9772236 2.2697905 2.0033286 2.0536944 2.0490332 1.8977202 1.7336998 1.4530580 1.5079438 1.3848179 1.4374592 1.6801319 1.6314810 1.5961476 1.5966672 1.5872955 1.7187717 1.6929857 1.6206035 1.5543714 1.6947805 2.6977619 1.4858163 2.6886439 1.7540296 2.1730820 1.9763079 1.9860817 2.4636407 2.3905577 2.7320748 2.5613398 2.2622181 2.3964033 2.2060269 2.3953612 2.3953612 2.4227776 2.4227776 1.9743042 3.4483383 2.4634728 2.5090712 2.7797227 2.4411724 2.5338706 
Nemnom_g15897.t1                                                  2.9232609 1.8424935 0.0000000 0.1402943 0.5216875 1.4084030 1.4396578 1.4766651 1.3891437 1.3256318 1.3466400 1.4368212 1.4576879 0.9161899 1.5250053 1.3439127 1.1958058 1.1865012 1.1611600 1.2193781 1.3478885 1.2467606 1.4108398 1.5487497 2.0474353 1.4031113 1.3707662 1.4491273 1.3692168 1.4804043 1.2538375 1.2808289 1.2938195 1.3580455 1.7033832 1.7207271 1.1859423 2.0916889 1.6368271 1.4876567 2.0366385 2.0341246 2.2626875 1.7431213 1.7504067 1.5514771 1.7132051 1.6432683 1.7886646 1.6494672 1.7147382 1.7517501 1.7221668 1.7301616 1.6120922 1.7162476 1.7435304 2.2641439 1.1475299 1.9539099 1.5943052 2.2188246 1.5417104 1.5575415 1.7998882 1.5753052 1.7224968 1.6296022 1.6346602 1.5882795 1.6559087 1.6116184 1.6116184 1.6738953 1.6738953 1.3482677 2.4450182 1.8920420 1.9065730 1.8435068 1.9568205 1.8695853 
Rhoesc_Res_011088-T1                                              2.8608805 1.6794744 0.1402943 0.0000000 0.5509265 1.3824787 1.4132642 1.4792364 1.3571676 1.2733217 1.3076599 1.4513597 1.4407431 0.9156615 1.4863587 1.3161102 1.1487648 1.1627946 1.0883983 1.1897317 1.3718222 1.2334396 1.3804461 1.5232122 2.1301746 1.4148251 1.3716274 1.4205062 1.3447950 1.5173171 1.1919518 1.2129713 1.2441363 1.2719054 1.4419258 1.6998735 1.1914210 1.9046117 1.5895818 1.5105859 1.9434075 1.8668541 2.5878349 1.6023919 1.7139710 1.6403191 1.5898340 1.6797058 1.7336649 1.5788400 1.6714508 1.7160093 1.6972792 1.7049992 1.5856021 1.5732660 1.6349367 2.1147621 1.0337088 1.9121071 1.5379883 2.2817386 1.6097589 1.6262686 1.8039650 1.6867481 1.7672661 1.6013377 1.5853236 1.6000773 1.6753594 1.6003180 1.6003180 1.6567704 1.6567704 1.3894847 2.3196373 1.8823087 1.7911350 1.7625799 1.8232406 1.7941382 
Sanmal_Sma_025454-T1                                              2.6027905 1.8750992 0.5216875 0.5509265 0.0000000 1.4346422 1.4130043 1.4448639 1.2924892 1.3259828 1.2780341 1.3819232 1.3820091 0.8036936 1.1715857 1.3610657 1.2098433 1.1429719 1.0232870 1.3154473 1.3836524 1.2198878 1.4058901 1.3590519 2.0245113 1.2014746 1.1623065 1.2539907 1.1943863 1.3870327 1.2822625 1.3214322 1.4490156 1.4733012 1.6856120 1.7345653 1.3002546 1.6581583 1.9629501 1.6800621 1.8139953 2.0013413 2.1917333 1.6265639 1.6421845 1.7581505 1.7651074 1.6662515 1.8444942 1.7856173 1.8447423 1.8462913 1.8418255 1.7678545 1.7386287 1.9076545 1.5383936 2.6613683 1.1245331 1.8821632 1.6649733 2.2263224 1.8157475 1.8274208 1.9075513 1.7566384 1.8530780 1.7992955 1.7741651 1.6312510 1.7023399 1.7120860 1.7120860 1.7894617 1.7894617 1.6054142 1.9965683 1.8321740 1.7129989 1.7028414 1.7353994 2.0234156 
Emue_Em0014g794a.t1                                               2.4546854 1.9180599 1.4084030 1.3824787 1.4346422 0.0000000 0.0207599 0.2306835 1.0527575 1.1072861 1.0338624 1.0915375 1.1328780 0.7576980 1.3706015 0.8412512 0.8393798 1.0006387 0.7572230 0.8294995 0.9765560 1.0110375 1.1402830 1.4257645 1.7919585 1.3574058 1.3343459 1.3990500 1.3272846 1.4992329 1.2616487 1.2330088 1.0787854 1.0621461 1.2440782 1.6656695 1.2101621 1.3589370 1.7457027 1.4243851 1.6330711 1.6728299 2.3155899 1.5766034 1.6851507 1.5944619 1.7758808 1.3141640 1.3671709 1.5786295 1.6242863 1.5986862 1.4826050 1.4880374 1.2932503 1.6688198 1.6536585 2.2697167 0.8615340 1.8846828 1.7415795 2.0149349 1.6053169 1.5812516 1.6882637 1.6726742 1.7097932 1.6597206 1.5106654 1.7779340 1.5758572 1.5791655 1.5791655 1.4699364 1.4699364 1.5132776 1.8893213 1.3883628 1.3708364 1.5680988 1.3676778 2.2121166 
Emue_Em0014g807a.t1                                               2.4896302 1.9211255 1.4396578 1.4132642 1.4130043 0.0207599 0.0000000 0.2226454 1.0394078 1.1326066 1.0581546 1.0775360 1.1179897 0.7325845 1.3120382 0.8464511 0.8444562 0.9743954 0.7486702 0.8198789 1.0001193 1.0350292 1.1252504 1.4057750 1.8097183 1.3610535 1.3382880 1.4024356 1.3314535 1.5019605 1.2660040 1.2378451 1.0778545 1.0613106 1.2268745 1.6122457 1.2169641 1.3470240 1.7932929 1.4560737 1.6746310 1.7166134 2.2575366 1.5764985 1.6843033 1.5764801 1.7796911 1.3201182 1.3729240 1.6137142 1.6282927 1.6086489 1.5127214 1.5184216 1.3210560 1.6750445 1.5754913 2.1944098 0.8264433 1.8341572 1.7231723 1.9419458 1.5612353 1.5380376 1.6712743 1.6555593 1.6925135 1.6430167 1.4956711 1.7244038 1.5222641 1.5276631 1.5276631 1.4215018 1.4215018 1.4708764 1.8057635 1.4112729 1.4058920 1.5947886 1.3970352 2.1253262 
Spolac_c100341_g1_i1_m.22163c100341-g1                            2.2937022 2.0272421 1.4766651 1.4792364 1.4448639 0.2306835 0.2226454 0.0000000 1.0529576 1.0633943 1.0042135 1.1165288 1.1503680 0.8443544 1.7115394 0.8163086 0.9061254 0.9315072 0.7348839 0.8648950 1.0360421 0.9697083 1.2574174 1.4154187 1.7204238 1.4364552 1.4292097 1.4505222 1.3942531 1.6344925 1.3079548 1.3107848 1.2041935 1.2386616 1.4439920 1.7445548 1.2667886 1.5648784 1.7943532 1.5760432 1.6649858 1.9291059 2.4664462 1.6466010 1.8321613 1.6670032 1.6970497 1.3268938 1.3587755 1.4869203 1.5534642 1.5488361 1.5061061 1.4911658 1.3748907 1.7697643 1.4630781 2.3321900 0.8431829 1.9405295 1.7903876 2.0338202 1.6437849 1.6105962 1.7500899 1.6795396 1.8225340 1.7869156 1.5034521 1.8316259 1.5920723 1.5912959 1.5912959 1.4809962 1.4809962 1.5347020 1.8663865 1.4146319 1.2747801 1.6186413 1.3729103 2.2305291 
Fspp_ffun1.m4.20438.m1                                            2.5124507 1.9986277 1.3891437 1.3571676 1.2924892 1.0527575 1.0394078 1.0529576 0.0000000 0.2537977 0.2604822 0.2996592 0.5735093 0.0932989 0.5435586 1.0665471 0.9855368 0.9399737 0.8247553 0.8941701 0.8834230 0.8184146 0.7728794 1.1303937 1.6349245 1.0277568 0.9413730 1.0942566 0.9707814 0.9999254 1.0001076 1.0882588 1.0378805 1.0528030 1.1425044 1.3212747 1.0860623 1.3553394 1.3677424 1.4036294 1.2333539 1.4416716 1.8889413 1.5322299 1.5402445 1.2960081 1.2053844 1.2676130 1.2264653 1.2954162 1.4560808 1.4144896 1.3629030 1.3530132 1.2157457 1.2869016 1.3664633 1.9362123 0.6936042 1.6896168 1.5609478 1.6949216 1.5049868 1.4831777 1.8528050 1.7162848 1.6867045 1.7620057 1.4598750 1.8525772 1.2462092 1.3732935 1.3732935 1.3291211 1.3291211 1.2733867 1.8139872 1.7785311 1.6295440 1.8884820 1.7273401 2.0115847 
Spis_XP_022790057_1                                               2.5543359 2.0368720 1.3256318 1.2733217 1.3259828 1.1072861 1.1326066 1.0633943 0.2537977 0.0000000 0.1302913 0.3773125 0.6545003 0.2138154 0.6401438 1.0265422 0.9831314 0.9293694 0.8220671 0.9211391 0.8508522 0.8124418 0.7592385 1.1702911 1.5794049 1.0530143 1.0157321 1.1190514 1.0177612 1.1135467 1.0005898 1.1252604 1.1210600 1.1539656 1.1790151 1.2580645 1.1164533 1.4186186 1.5643761 1.4710405 1.3660911 1.6675142 2.1773242 1.5791668 1.6413878 1.4806256 1.4402244 1.3164581 1.2809751 1.3847102 1.6128108 1.5620525 1.3857835 1.3718834 1.2443898 1.3466038 1.3150000 2.0851726 0.6942431 1.7545230 1.5712790 1.9121907 1.6201268 1.6084249 1.9946421 1.8592464 1.8233981 1.9055962 1.6274978 2.0061235 1.3855325 1.5096593 1.5096593 1.4790353 1.4790353 1.3726644 1.9135861 1.6803990 1.6750440 1.9145535 1.9160276 2.0070040 
Pocdam_XM_027190505.1                                             2.3910278 2.0198753 1.3466400 1.3076599 1.2780341 1.0338624 1.0581546 1.0042135 0.2604822 0.1302913 0.0000000 0.3676748 0.6668743 0.1834303 0.6050701 1.0586955 1.0041254 0.8945295 0.7987195 0.8399904 0.8673259 0.7927215 0.7176719 1.1029363 1.4870316 1.0569655 1.0025415 1.1119045 0.9912514 1.0683869 1.0236243 1.0977828 1.1704324 1.2055275 1.2017154 1.2177678 1.1028557 1.4169318 1.4161670 1.4063310 1.3055606 1.5525121 2.0153237 1.4592256 1.5516931 1.2862864 1.2360207 1.2512254 1.2413833 1.3284423 1.5465281 1.4974816 1.3938523 1.3837419 1.2636676 1.3300045 1.3473605 2.0583677 0.6946179 1.8610535 1.6525134 2.0084108 1.6813678 1.6962984 2.1440544 1.9771466 1.9088790 1.9846890 1.6118522 2.0381388 1.3941518 1.5407540 1.5407540 1.4481338 1.4481338 1.3445611 2.0567431 1.7074380 1.6938362 1.9588984 1.8953547 2.1353503 
Adig_XM_015893782.1                                               2.3993772 1.9684584 1.4368212 1.4513597 1.3819232 1.0915375 1.0775360 1.1165288 0.2996592 0.3773125 0.3676748 0.0000000 0.6267284 0.0897375 0.6487814 1.1811998 1.0367640 0.9787752 0.8989780 1.0163776 0.9046145 0.8032010 0.9132513 1.1533201 1.7150091 1.0527783 0.9906892 1.1297011 0.9900592 0.9666987 1.0747683 1.1420521 1.2030273 1.2407622 1.2077163 1.2413882 1.0698736 1.4010678 1.4545694 1.5380787 1.4215223 1.5312410 2.1025324 1.5566455 1.5783615 1.4344826 1.2935342 1.3741538 1.2917376 1.3632800 1.5100682 1.4779961 1.4614653 1.4485237 1.3038500 1.3655551 1.5342302 1.8685281 0.7234249 1.7639012 1.6132429 1.8835256 1.6348621 1.6114633 2.0024556 1.8557275 1.7580306 1.8427918 1.5563319 1.9653179 1.3814120 1.4481202 1.4481202 1.3627262 1.3627262 1.4991443 1.7203457 1.7861133 1.8034651 2.0280366 1.8784311 2.3181947 
Nvec_v1g232150                                                    2.7762023 2.0718248 1.4576879 1.4407431 1.3820091 1.1328780 1.1179897 1.1503680 0.5735093 0.6545003 0.6668743 0.6267284 0.0000000 0.3935837 1.1170472 1.2253337 1.0431720 1.0381696 0.8317056 1.0445051 1.0602950 0.8903795 1.0396490 1.2906394 1.7897330 1.1160556 1.0335454 1.1447224 1.0845174 1.1322175 1.1337426 1.2406729 1.2959582 1.2794272 1.2203867 1.1033759 1.1685839 1.3057023 1.7498675 1.5748461 1.8174538 1.8118468 2.1396519 1.9123313 1.9091429 1.5786073 1.6468290 1.4783188 1.4560926 1.5725121 1.7586335 1.7365748 1.6692848 1.6355579 1.4197635 1.6724991 1.7418962 2.0875031 0.7789763 1.8330041 1.6682971 1.8277756 1.4794680 1.4804306 1.7656137 1.7041896 1.7378149 1.8534472 1.4699836 1.9655641 1.5034333 1.5872676 1.5872676 1.5312896 1.5312896 1.4313179 1.8776618 1.8000762 1.7269452 2.0022285 1.6343243 2.5049020 
Gfas_gfas1.m1.5173.m1                                             1.6861074 1.2132564 0.9161899 0.9156615 0.8036936 0.7576980 0.7325845 0.8443544 0.0932989 0.2138154 0.1834303 0.0897375 0.3935837 0.0000000 0.6847739 0.9119788 0.8233555 0.6103055 0.5142546 0.5703274 0.5230080 0.4944607 0.4008106 0.5856950 1.0577079 0.8433024 0.8433024 0.9193411 0.9266718 0.8446668 0.9199626 0.9854927 0.6277155 0.6419347 0.6791022 0.5660055 0.7501295 1.0586428 0.9893534 0.9152245 0.9918995 1.0000698 1.4373877 0.9125542 0.9735007 0.9047745 0.9904838 0.7893809 0.8467538 0.8479231 0.9659839 0.9386256 0.8672113 0.8672113 0.8288496 0.8164059 0.8767981 1.3260058 0.7079988 1.4378131 1.2076526 1.5224662 1.1592472 1.1280962 1.7136883 1.5595039 1.5497701 1.5845451 1.1402090 1.9527179 1.4034005 1.2692405 1.2692405 1.3629254 1.3629254 1.2820450 2.0214489 1.3490925 1.3120449 1.3997203 1.4206086 1.3333558 
Gasp_gasp1.m3.15894.m1                                            2.9476931 1.7606046 1.5250053 1.4863587 1.1715857 1.3706015 1.3120382 1.7115394 0.5435586 0.6401438 0.6050701 0.6487814 1.1170472 0.6847739 0.0000000 1.2523011 1.4159524 1.0786285 0.7539120 0.8561203 1.0066659 0.8958964 0.8685254 0.9777954 2.0018015 1.6469940 1.6469940 1.8325945 1.8513776 1.6901024 1.6550765 1.7233215 1.0201340 1.0514663 1.0914979 1.2954758 1.3123640 1.2763702 1.6566600 1.3262441 1.5233458 1.7790900 1.2710156 1.4268560 1.3106218 1.5921594 1.4304817 1.0158412 1.2468787 1.0891273 1.2690447 1.2398763 1.2112728 1.2112728 1.1883082 1.0458960 1.3185884 1.7569204 1.3389921 1.9101550 1.9306658 1.8115079 2.1755193 2.1965499 1.9618655 1.7408125 1.7742120 1.5606032 1.7980381 1.9085467 2.0963254 1.9117871 1.9117871 1.8681820 1.8681820 1.7428471 1.2719451 2.6693886 2.1442609 2.3113167 2.1753338 2.2452719 
Aque_Aqu2.1.34597_001                                             2.2008620 1.7579621 1.3439127 1.3161102 1.3610657 0.8412512 0.8464511 0.8163086 1.0665471 1.0265422 1.0586955 1.1811998 1.2253337 0.9119788 1.2523011 0.0000000 0.3656278 0.6075796 0.6917668 0.8711033 0.9792959 1.0829980 1.1900803 1.5240052 2.0087178 1.3238199 1.3240409 1.3270571 1.2707047 1.4843167 1.4620456 1.5743596 1.3618439 1.3812106 1.4136766 1.7417991 0.9630157 1.3536551 2.0602571 1.6960505 1.7798698 1.9873339 2.0114435 1.9094779 2.0954540 1.7227876 1.8087545 1.3129865 1.2809905 1.4760961 1.5206086 1.4582016 1.5129237 1.5200792 1.3627536 1.4409557 1.5128273 2.2117977 1.0149226 1.8171884 1.4392020 1.5978387 1.4403787 1.4399129 1.7916321 1.5469360 1.7005408 1.7703934 1.4897173 1.5690406 1.4554951 1.4261598 1.4261598 1.3666309 1.3666309 1.1857837 1.7010423 1.3911091 1.2791566 1.5471397 1.3629154 2.1606225 
Halamb_c29211_g1_i1m.5908                                         2.5668684 1.7282151 1.1958058 1.1487648 1.2098433 0.8393798 0.8444562 0.9061254 0.9855368 0.9831314 1.0041254 1.0367640 1.0431720 0.8233555 1.4159524 0.3656278 0.0000000 0.4927697 0.5697320 0.7802168 0.9199842 0.9115256 1.0876944 1.4437047 1.7934892 1.2142654 1.2120832 1.2806159 1.2062148 1.3527231 1.3181498 1.3777788 1.1761049 1.2571906 1.2819827 1.5507241 0.9614133 1.3355756 1.6674209 1.5402556 1.7344335 1.6932489 2.0593963 1.8230803 1.8962035 1.7388502 1.7033493 1.2343641 1.1676157 1.3855717 1.4769884 1.4425088 1.4214997 1.4261689 1.1576909 1.4181320 1.5747856 2.3812081 0.9880400 1.6606986 1.3204084 1.6377572 1.3868507 1.3863507 1.6462418 1.4480874 1.5649723 1.5985259 1.4721863 1.4347234 1.2550153 1.3235183 1.3235183 1.3135688 1.3135688 1.1995101 1.6081945 1.2752596 1.2079797 1.4927121 1.2882693 2.3090060 
Xestes_maker-XT_scaffold5245-augustus-gene-0.13-mRNA-1            2.1543306 1.6177289 1.1865012 1.1627946 1.1429719 1.0006387 0.9743954 0.9315072 0.9399737 0.9293694 0.8945295 0.9787752 1.0381696 0.6103055 1.0786285 0.6075796 0.4927697 0.0000000 0.5610647 0.8166769 0.9190515 0.8247302 1.0428604 1.2587198 1.8299418 1.3376888 1.3594191 1.4493149 1.3392500 1.4534455 1.4552670 1.5381607 1.0980745 1.1300833 1.1200422 1.5116304 0.9888241 1.2471318 1.8585984 1.5934438 1.7158863 1.8370566 2.0847295 1.6634443 1.7532878 1.5219426 1.5064547 1.1849925 1.1961881 1.3140286 1.4597911 1.4229456 1.3523593 1.3563604 1.2097730 1.3813764 1.4730812 1.9336271 0.8468481 1.6738236 1.2845346 1.7053794 1.4705097 1.4700696 1.7953680 1.6496602 1.7564856 1.8026142 1.5890461 1.7663648 1.2344412 1.2644149 1.2644149 1.2454193 1.2454193 1.1751992 1.6281677 1.3911273 1.3341717 1.5534372 1.4359903 2.3973409 
Stycar_augustus_masked-SC_scaffold12266-processed-gene-0.1-mRNA-1 2.2917087 1.5269464 1.1611600 1.0883983 1.0232870 0.7572230 0.7486702 0.7348839 0.8247553 0.8220671 0.7987195 0.8989780 0.8317056 0.5142546 0.7539120 0.6917668 0.5697320 0.5610647 0.0000000 0.5398424 0.6489867 0.7359543 0.8775490 1.0899837 1.4021326 1.1950595 1.1751016 1.2168965 1.1318693 1.2732295 1.1236407 1.1766795 0.9800096 1.0068736 1.0867510 1.4471927 1.0136673 1.2991041 1.7168509 1.3255083 1.4600969 1.4869783 1.7332695 1.5012319 1.5269923 1.5546911 1.4705850 1.1106313 1.1512810 1.2890551 1.3989910 1.3784266 1.3331233 1.3202936 1.1091510 1.3641475 1.3500573 1.9163190 0.6116251 1.6505670 1.3877672 1.7550454 1.3505176 1.3580208 1.7504610 1.5944711 1.7538165 1.6831800 1.5333541 1.6240524 1.1298089 1.3099969 1.3099969 1.2552384 1.2552384 1.2007655 1.4138008 1.3589913 1.0886839 1.4532878 1.1491830 2.5119003 
Tetwil_g13957.t3                                                  2.6121480 1.8305960 1.2193781 1.1897317 1.3154473 0.8294995 0.8198789 0.8648950 0.8941701 0.9211391 0.8399904 1.0163776 1.0445051 0.5703274 0.8561203 0.8711033 0.7802168 0.8166769 0.5398424 0.0000000 0.8448186 0.8541943 1.0582242 1.3985257 1.8004616 1.2962475 1.2795428 1.3317494 1.2540111 1.4272445 1.3326415 1.3146674 1.0962206 1.0971928 1.1758898 1.5676680 1.0382411 1.3812299 1.6500062 1.5987693 1.6545226 1.7333098 1.6742995 1.6533724 1.7369144 1.5570984 1.5187167 1.2252905 1.2293411 1.4397393 1.5216411 1.4740542 1.5124558 1.5177896 1.1721931 1.4155149 1.4757057 2.0646344 0.9531288 1.7949724 1.7437214 1.7960540 1.4689302 1.4843569 1.8829110 1.7909979 1.8425242 1.8949122 1.6484310 1.7975445 1.4019586 1.3784773 1.3784773 1.3979535 1.3979535 1.2655336 1.6480323 1.5512307 1.2936761 1.6421245 1.3217877 2.2903884 
Opea_EP00118_Oscarella_pearsei_P026544                            2.0660673 1.5922494 1.3478885 1.3718222 1.3836524 0.9765560 1.0001193 1.0360421 0.8834230 0.8508522 0.8673259 0.9046145 1.0602950 0.5230080 1.0066659 0.9792959 0.9199842 0.9190515 0.6489867 0.8448186 0.0000000 0.6406114 1.0465404 1.2296120 1.6671803 0.9253980 0.9183069 0.9884472 0.9162073 0.9439072 0.9679147 1.0238558 1.0134762 1.0778360 1.2081667 1.5676011 0.9916791 1.3644982 1.7239140 1.4159927 1.4400296 1.5806732 1.7683253 1.3617065 1.3755582 1.4519498 1.3526556 1.1898102 1.2137503 1.2435966 1.4571592 1.3910430 1.3592972 1.3496705 1.1903689 1.3113922 1.2902700 1.9708212 0.7962826 1.8425589 1.5406781 1.9003486 1.6237090 1.6355946 1.8335952 1.7062118 1.8182324 1.7736327 1.7083956 1.7936626 1.0692090 1.2338774 1.2338774 1.2841173 1.2841173 1.2356944 1.8264374 1.5179380 1.2684735 1.6462378 1.4282429 2.4123282 
Plajan_Pjan_C532639_01                                            2.7847542 1.8079252 1.2467606 1.2334396 1.2198878 1.0110375 1.0350292 0.9697083 0.8184146 0.8124418 0.7927215 0.8032010 0.8903795 0.4944607 0.8958964 1.0829980 0.9115256 0.8247302 0.7359543 0.8541943 0.6406114 0.0000000 1.1115990 1.1794444 1.7285850 1.0945520 1.0788734 1.1454146 1.0725598 1.2228597 1.1282215 1.2277968 0.9818010 1.0683605 1.1324916 1.6990055 1.0817552 1.2551092 1.4135366 1.4526405 1.4082281 1.3701606 1.9879682 1.5130902 1.6415151 1.4875183 1.4925562 1.0868089 1.1266224 1.1768704 1.2007056 1.2094078 1.2509751 1.2335901 1.2216619 1.3967041 1.4735205 2.0042129 0.7917513 1.9202824 1.7379032 2.0686670 1.8631697 1.8734493 2.1037600 1.7644861 1.8765144 1.9442123 1.6711634 1.8475143 1.2385768 1.5106247 1.5106247 1.3572859 1.3572859 1.4022405 1.7832766 1.4652063 1.3409930 1.6829226 1.4963394 2.3264327 
Dgig_XM_028536800.1                                               2.4347528 1.7362592 1.4108398 1.3804461 1.4058901 1.1402830 1.1252504 1.2574174 0.7728794 0.7592385 0.7176719 0.9132513 1.0396490 0.4008106 0.8685254 1.1900803 1.0876944 1.0428604 0.8775490 1.0582242 1.0465404 1.1115990 0.0000000 0.7449382 1.4861320 1.0467574 0.9940506 1.1357443 1.0279057 1.1512162 1.0681870 1.1286844 1.0755676 1.0397599 1.0872219 1.6319818 1.3459933 1.4625536 1.5583491 1.6497303 1.6073503 1.6622686 2.0588838 1.5380634 1.5307479 1.4907955 1.4776935 1.4689899 1.4441410 1.5563354 1.6727570 1.6123484 1.6247875 1.6199841 1.4187232 1.4748212 1.3977829 1.6942450 0.7898664 1.7155962 1.4780976 1.9082641 1.5525391 1.5655196 1.7924795 1.6949276 1.7526356 1.6899056 1.4980186 1.6853573 1.5627863 1.7114616 1.7114616 1.6771400 1.6771400 1.4823975 2.3528589 1.7533576 1.5645889 1.7975135 1.7476351 2.2194318 
Xesp_005483-T1                                                    2.5364162 1.9171537 1.5487497 1.5232122 1.3590519 1.4257645 1.4057750 1.4154187 1.1303937 1.1702911 1.1029363 1.1533201 1.2906394 0.5856950 0.9777954 1.5240052 1.4437047 1.2587198 1.0899837 1.3985257 1.2296120 1.1794444 0.7449382 0.0000000 0.3332150 1.1176454 1.1514427 1.1544800 1.1876032 1.2312387 1.1195144 1.1846813 1.4292937 1.4654689 1.6784612 1.8717931 1.4390195 1.8476369 1.5720424 1.6165579 1.6462924 1.9225973 2.1881741 1.6523676 1.5615029 1.7363763 1.5517513 1.5105146 1.4882282 1.6397120 1.6715927 1.6731699 1.5868850 1.5660906 1.5572661 1.5350589 1.4904986 2.3030075 0.9734702 2.0965751 1.8343808 2.5638758 1.9988945 2.0123592 2.3752511 2.2041015 2.3070376 2.3571472 2.0051482 2.0573123 1.6968839 1.6736115 1.6736115 1.5102636 1.5102636 1.4414372 2.4226867 1.8556862 1.9225308 2.0383209 1.7558443 2.4327304 
Xesp_005464-T1                                                    3.6212908 2.8223149 2.0474353 2.1301746 2.0245113 1.7919585 1.8097183 1.7204238 1.6349245 1.5794049 1.4870316 1.7150091 1.7897330 1.0577079 2.0018015 2.0087178 1.7934892 1.8299418 1.4021326 1.8004616 1.6671803 1.7285850 1.4861320 0.3332150 0.0000000 1.4149084 1.4732255 1.5080250 1.6057067 1.6162322 1.4863906 1.5484722 2.1533264 2.2373898 2.4887219 2.4228077 2.1940370 2.8596754 2.3706519 2.3683763 2.4192279 2.8042489 3.3611424 2.7183502 2.6408068 2.2570213 2.1853741 2.1055409 2.0914221 2.4304842 2.4835290 2.4959610 2.1308795 2.0982898 2.0360449 1.9433506 2.1475318 3.4459085 1.3261413 3.2708999 2.5942041 4.0278890 2.6078580 2.6213963 3.2024924 3.1080193 3.2895850 3.3330101 2.8735741 3.0553566 2.2464660 2.1172065 2.1172065 1.8935311 1.8935311 1.9635516 3.0986223 2.1432658 2.1195923 2.4285628 2.0897192 3.5770285 
HoiH23_PlH23_003323-RA                                            2.0752430 1.7333194 1.4031113 1.4148251 1.2014746 1.3574058 1.3610535 1.4364552 1.0277568 1.0530143 1.0569655 1.0527783 1.1160556 0.8433024 1.6469940 1.3238199 1.2142654 1.3376888 1.1950595 1.2962475 0.9253980 1.0945520 1.0467574 1.1176454 1.4149084 0.0000000 0.0292767 0.0896365 0.0846135 0.1967375 0.3309488 0.4494237 1.1730080 1.1922504 1.3368120 1.0241509 1.1929165 1.5686840 1.4035587 1.4609122 1.6243318 1.7420130 2.2368909 1.3689787 1.5758471 1.3389386 1.6566528 1.5188187 1.6119053 1.5208796 1.6531060 1.6564731 1.6684926 1.6302019 1.6603916 1.4454329 1.3875229 1.9078323 0.9016379 1.6647408 1.4790380 1.9016386 1.5342628 1.5398866 1.5785487 1.5233263 1.7704840 1.6576449 1.2854950 1.5866965 1.5640514 1.5663607 1.5663607 1.8083513 1.8083513 1.5559885 2.8886067 1.7353592 1.5987768 1.8126789 1.7664954 1.6988850 
HoiH06_mRNA357                                                    2.1895576 1.6830631 1.3707662 1.3716274 1.1623065 1.3343459 1.3382880 1.4292097 0.9413730 1.0157321 1.0025415 0.9906892 1.0335454 0.8433024 1.6469940 1.3240409 1.2120832 1.3594191 1.1751016 1.2795428 0.9183069 1.0788734 0.9940506 1.1514427 1.4732255 0.0292767 0.0000000 0.1152822 0.0848593 0.1546196 0.3587153 0.4878259 1.1897213 1.1957732 1.3572550 0.9578886 1.1370598 1.6488719 1.4362379 1.3986014 1.6572825 1.6653161 2.2859063 1.3088495 1.5140151 1.3337843 1.6943523 1.4588740 1.5736073 1.4818145 1.6152629 1.6184899 1.6077359 1.5899329 1.6274528 1.4106556 1.3623607 1.9271944 0.9016379 1.6833476 1.5080406 1.7762063 1.4791728 1.4785812 1.5179798 1.4812122 1.7051647 1.5986132 1.2260311 1.5108979 1.5835634 1.6732759 1.6732759 1.8731809 1.8731809 1.5874529 3.3067075 1.7785654 1.6208797 1.8273479 1.8082366 1.6723100 
Hhon_g02590.t1                                                    2.2367860 1.7826497 1.4491273 1.4205062 1.2539907 1.3990500 1.4024356 1.4505222 1.0942566 1.1190514 1.1119045 1.1297011 1.1447224 0.9193411 1.8325945 1.3270571 1.2806159 1.4493149 1.2168965 1.3317494 0.9884472 1.1454146 1.1357443 1.1544800 1.5080250 0.0896365 0.1152822 0.0000000 0.0100360 0.2225351 0.3400462 0.4586072 1.2988016 1.2973409 1.5227373 1.1271694 1.2435403 1.6942656 1.5622271 1.5373963 1.7012547 1.7745458 2.3239590 1.4151129 1.5707710 1.3609697 1.7261010 1.4532236 1.5475149 1.5661808 1.5847301 1.5817834 1.6064580 1.5693267 1.5887156 1.4710684 1.3386393 1.9030303 0.9227521 1.6495212 1.5408222 1.8990518 1.6094762 1.6154433 1.6169578 1.5730848 1.9071347 1.7463416 1.3498356 1.6109438 1.6019200 1.5583857 1.5583857 1.7722821 1.7722821 1.6257363 2.9535115 1.8507704 1.7642906 1.9158465 1.8124777 1.6606758 
HoiH04_mRNA14762                                                  2.2086091 1.6763059 1.3692168 1.3447950 1.1943863 1.3272846 1.3314535 1.3942531 0.9707814 1.0177612 0.9912514 0.9900592 1.0845174 0.9266718 1.8513776 1.2707047 1.2062148 1.3392500 1.1318693 1.2540111 0.9162073 1.0725598 1.0279057 1.1876032 1.6057067 0.0846135 0.0848593 0.0100360 0.0000000 0.1345751 0.3417813 0.4714787 1.1867350 1.1889067 1.3914893 1.0286370 1.1650981 1.7216079 1.5683333 1.3363908 1.6357026 1.6680028 2.3053851 1.2893598 1.4376012 1.3314843 1.7170351 1.4143162 1.4895694 1.4639875 1.5542247 1.5524604 1.5690491 1.5508284 1.5224387 1.3408984 1.2422715 1.8301359 0.9178956 1.6913624 1.5862701 1.8112674 1.5395178 1.5389631 1.5488890 1.5215057 1.8231217 1.6617071 1.2725159 1.5602309 1.5082541 1.6354450 1.6354450 1.8109932 1.8109932 1.5925692 2.9390376 1.7657395 1.6539061 1.8174319 1.7141714 1.5917258 
HoiH11_mRNA4807                                                   2.5367539 1.8472851 1.4804043 1.5173171 1.3870327 1.4992329 1.5019605 1.6344925 0.9999254 1.1135467 1.0683869 0.9666987 1.1322175 0.8446668 1.6901024 1.4843167 1.3527231 1.4534455 1.2732295 1.4272445 0.9439072 1.2228597 1.1512162 1.2312387 1.6162322 0.1967375 0.1546196 0.2225351 0.1345751 0.0000000 0.4532695 0.6066538 1.2695247 1.2613504 1.4085845 1.1462091 1.2083049 1.7602193 1.5425631 1.5426113 1.7535221 1.7512493 2.2306039 1.2988850 1.4246204 1.3885417 1.7891805 1.4571447 1.5834679 1.5163875 1.5934143 1.5595787 1.5929270 1.6011134 1.5558022 1.4524388 1.3964492 1.9228335 0.8814541 1.8951948 1.6687374 2.0235045 1.5787150 1.5819996 1.7308821 1.7328698 1.9962303 1.8701886 1.4843195 1.6829016 1.6128856 1.8912796 1.8912796 1.9651376 1.9651376 1.7776656 3.8015317 1.8931514 1.7763117 2.0227022 1.9504521 1.6884047 
TrH2_TrispH2_001556-RA                                            2.1523590 1.3693014 1.2538375 1.1919518 1.2822625 1.2616487 1.2660040 1.3079548 1.0001076 1.0005898 1.0236243 1.0747683 1.1337426 0.9199626 1.6550765 1.4620456 1.3181498 1.4552670 1.1236407 1.3326415 0.9679147 1.1282215 1.0681870 1.1195144 1.4863906 0.3309488 0.3587153 0.3400462 0.3417813 0.4532695 0.0000000 0.0659470 1.2211764 1.2562153 1.4767365 1.0508590 1.3148027 1.8618114 1.5369966 1.4069715 1.5382331 1.6689924 1.8301296 1.2655805 1.3722863 1.5297632 1.8253168 1.5015223 1.5902828 1.5843556 1.6333465 1.6472282 1.6504429 1.6116309 1.5749500 1.2700564 1.1762893 1.8474401 0.8085389 1.7506825 1.5405823 2.1394456 1.4914164 1.4908376 1.4744784 1.4494873 1.6946035 1.5969366 1.3279879 1.7178667 1.4926991 1.5534321 1.5534321 1.5989726 1.5989726 1.3868697 2.1978645 1.7023349 1.6787045 1.8520609 1.8331220 1.5944404 
Tadh_TriadT55669                                                  1.9668798 1.3271964 1.2808289 1.2129713 1.3214322 1.2330088 1.2378451 1.3107848 1.0882588 1.1252604 1.0977828 1.1420521 1.2406729 0.9854927 1.7233215 1.5743596 1.3777788 1.5381607 1.1766795 1.3146674 1.0238558 1.2277968 1.1286844 1.1846813 1.5484722 0.4494237 0.4878259 0.4586072 0.4714787 0.6066538 0.0659470 0.0000000 1.1747814 1.2105713 1.4489211 1.1233269 1.4358145 1.8509804 1.5583016 1.3879872 1.6031918 1.7138472 1.7023508 1.3477630 1.4746129 1.5600959 1.8416832 1.4955569 1.5913082 1.5848981 1.6378645 1.6529091 1.6565287 1.6144570 1.6025883 1.2950446 1.2291916 1.8052573 0.9279142 1.9090274 1.6241230 2.1394456 1.5506520 1.5500984 1.3426685 1.3695926 1.5271510 1.4412276 1.4027011 1.6471526 1.4573333 1.5157207 1.5157207 1.6050842 1.6050842 1.3860335 1.8331335 1.6488826 1.6645578 1.8223839 1.8112009 1.6869636 
Spur_XM_030985039.1                                               2.1030421 1.5898399 1.2938195 1.2441363 1.4490156 1.0787854 1.0778545 1.2041935 1.0378805 1.1210600 1.1704324 1.2030273 1.2959582 0.6277155 1.0201340 1.3618439 1.1761049 1.0980745 0.9800096 1.0962206 1.0134762 0.9818010 1.0755676 1.4292937 2.1533264 1.1730080 1.1897213 1.2988016 1.1867350 1.2695247 1.2211764 1.1747814 0.0000000 0.0840471 0.7593257 1.8985539 1.3681055 1.0968285 1.5262451 1.5413577 1.6822049 1.5142900 1.9717461 1.5413996 1.5690878 1.6125524 1.4804417 1.3028915 1.3148710 1.4126207 1.4875587 1.4423300 1.4714849 1.4762585 1.1470268 1.4435017 1.5981093 1.2871762 1.0401103 1.6207128 1.3334380 1.5532392 1.5504332 1.5608315 1.7447916 1.5902666 1.8023879 1.8703588 1.5214404 1.7073771 1.4080047 1.5690417 1.5690417 1.4695035 1.4695035 1.4426782 1.8130352 1.5296941 1.4740667 1.6781283 1.5057163 2.2359427 
Spur_XM_030984957.1                                               2.1826572 1.6044015 1.3580455 1.2719054 1.4733012 1.0621461 1.0613106 1.2386616 1.0528030 1.1539656 1.2055275 1.2407622 1.2794272 0.6419347 1.0514663 1.3812106 1.2571906 1.1300833 1.0068736 1.0971928 1.0778360 1.0683605 1.0397599 1.4654689 2.2373898 1.1922504 1.1957732 1.2973409 1.1889067 1.2613504 1.2562153 1.2105713 0.0840471 0.0000000 0.7708380 1.8885736 1.3941004 1.1755379 1.4644689 1.4585683 1.6724589 1.4858813 2.0548569 1.5412397 1.5914316 1.5316191 1.3930266 1.3445988 1.3600674 1.3924238 1.4786757 1.4325235 1.4914999 1.4965898 1.1836202 1.4548448 1.6947956 1.3783507 0.9997741 1.5634769 1.3247503 1.5320289 1.4795295 1.4895840 1.6819559 1.5130581 1.7585878 1.8078641 1.5027542 1.7937946 1.5283244 1.5841611 1.5841611 1.4920116 1.4920116 1.4363335 1.9777935 1.5043648 1.4858156 1.6531893 1.5896178 2.2589168 
Skow_XM_002739094.2                                               2.4099718 1.9922922 1.7033832 1.4419258 1.6856120 1.2440782 1.2268745 1.4439920 1.1425044 1.1790151 1.2017154 1.2077163 1.2203867 0.6791022 1.0914979 1.4136766 1.2819827 1.1200422 1.0867510 1.1758898 1.2081667 1.1324916 1.0872219 1.6784612 2.4887219 1.3368120 1.3572550 1.5227373 1.3914893 1.4085845 1.4767365 1.4489211 0.7593257 0.7708380 0.0000000 1.7390093 1.4371045 0.9871314 1.7396911 1.6532914 1.6971980 1.6340980 2.8865263 1.8077136 1.8955989 1.6896840 1.6354404 1.2588026 1.2851641 1.4697280 1.5177096 1.5002392 1.4586274 1.4574227 1.3477888 1.5487321 1.9158270 1.1003533 1.0129834 1.8901237 1.7612495 1.7886774 1.6609977 1.6370069 1.9740251 2.0545537 1.8308939 1.8496058 1.6525354 2.1038974 1.6085063 1.7914089 1.7914089 1.7742574 1.7742574 1.6319266 1.8337537 1.8485377 1.8085554 2.0754475 1.8757495 2.4861009 
Exapal_XM_021042216.2                                             2.6676070 2.1886962 1.7207271 1.6998735 1.7345653 1.6656695 1.6122457 1.7445548 1.3212747 1.2580645 1.2177678 1.2413882 1.1033759 0.5660055 1.2954758 1.7417991 1.5507241 1.5116304 1.4471927 1.5676680 1.5676011 1.6990055 1.6319818 1.8717931 2.4228077 1.0241509 0.9578886 1.1271694 1.0286370 1.1462091 1.0508590 1.1233269 1.8985539 1.8885736 1.7390093 0.0000000 1.5059493 1.8834436 1.9272336 2.1282429 1.7544077 1.6208657 2.5801308 1.8881925 2.2276405 1.8922511 1.8775060 2.1468337 2.3080353 2.1383513 2.4332358 2.4320468 2.2325088 2.2249082 2.3238485 2.3837135 1.8478410 2.6129211 0.6403422 2.3251467 1.9359772 2.2830023 1.9347158 1.9381089 2.4334588 2.3297294 2.4688091 2.1124931 1.8101453 2.5604261 1.8225056 1.9674982 1.9674982 2.0589483 2.0589483 1.7008941 2.7859456 2.3189095 2.3575765 2.2352791 2.2436532 2.3105974 
Plespi_Pspi_C569499_01                                            2.4178495 1.9772236 1.1859423 1.1914210 1.3002546 1.2101621 1.2169641 1.2667886 1.0860623 1.1164533 1.1028557 1.0698736 1.1685839 0.7501295 1.3123640 0.9630157 0.9614133 0.9888241 1.0136673 1.0382411 0.9916791 1.0817552 1.3459933 1.4390195 2.1940370 1.1929165 1.1370598 1.2435403 1.1650981 1.2083049 1.3148027 1.4358145 1.3681055 1.3941004 1.4371045 1.5059493 0.0000000 1.3401110 1.8174601 1.8335884 1.6802638 1.5525081 1.9646315 1.5393716 1.6354765 1.5105058 1.5477211 1.3999758 1.3450394 1.4879793 1.6565806 1.6043918 1.5294024 1.5143336 1.2950236 1.5358145 1.4812459 1.9822009 0.8299433 1.7263251 1.5037525 1.6929028 1.4994885 1.5015857 1.8648688 1.6914105 1.8622752 1.8500065 1.5842166 1.7274558 1.3479844 1.4310615 1.4310615 1.5964193 1.5964193 1.4228360 1.9730291 1.5708305 1.5089692 1.5878049 1.6196954 2.2026705 
Bralan_BLAG07000829_1                                             2.9968944 2.2697905 2.0916889 1.9046117 1.6581583 1.3589370 1.3470240 1.5648784 1.3553394 1.4186186 1.4169318 1.4010678 1.3057023 1.0586428 1.2763702 1.3536551 1.3355756 1.2471318 1.2991041 1.3812299 1.3644982 1.2551092 1.4625536 1.8476369 2.8596754 1.5686840 1.6488719 1.6942656 1.7216079 1.7602193 1.8618114 1.8509804 1.0968285 1.1755379 0.9871314 1.8834436 1.3401110 0.0000000 1.5380361 1.7553960 1.5556598 1.6663837 2.5889812 2.0438462 2.1917174 2.4615685 2.2216539 1.6594568 1.6135296 1.9713843 1.8099246 1.8367393 1.7382843 1.7206293 1.6195787 1.9616180 1.9341747 1.7327790 1.2523945 1.9253529 1.6808962 1.8735475 1.8256713 1.8542760 1.8868532 1.8015916 1.8766669 1.7808195 1.7355114 1.6851446 1.6256503 1.6036628 1.6036628 1.4955938 1.4955938 1.4354898 1.7915111 1.7874244 1.6859436 1.8340650 1.9547993 2.6802112 
Cgig_XM_011434163.3                                               2.5346682 2.0033286 1.6368271 1.5895818 1.9629501 1.7457027 1.7932929 1.7943532 1.3677424 1.5643761 1.4161670 1.4545694 1.7498675 0.9893534 1.6566600 2.0602571 1.6674209 1.8585984 1.7168509 1.6500062 1.7239140 1.4135366 1.5583491 1.5720424 2.3706519 1.4035587 1.4362379 1.5622271 1.5683333 1.5425631 1.5369966 1.5583016 1.5262451 1.4644689 1.7396911 1.9272336 1.8174601 1.5380361 0.0000000 0.6162606 0.8571293 0.6145387 2.5637758 1.7182990 1.8302102 1.8669403 1.7989845 1.8034236 1.7651032 1.7683365 1.8281117 1.8069732 1.8977665 1.8721884 1.5151453 1.7185902 2.1355794 2.3267253 1.2223463 2.7586496 2.4008455 2.6068514 1.9913800 1.9557035 3.0400333 2.6930356 2.8144348 2.8992804 2.1805145 2.6262214 2.1122156 2.3219980 2.3219980 2.2299215 2.2299215 1.9713325 4.7229464 2.2802523 2.3451229 2.6791674 2.4430197 1.2270770 
Bralan_BLAG05000398_1                                             3.3261649 2.0536944 1.4876567 1.5105859 1.6800621 1.4243851 1.4560737 1.5760432 1.4036294 1.4710405 1.4063310 1.5380787 1.5748461 0.9152245 1.3262441 1.6960505 1.5402556 1.5934438 1.3255083 1.5987693 1.4159927 1.4526405 1.6497303 1.6165579 2.3683763 1.4609122 1.3986014 1.5373963 1.3363908 1.5426113 1.4069715 1.3879872 1.5413577 1.4585683 1.6532914 2.1282429 1.8335884 1.7553960 0.6162606 0.0000000 0.9116835 0.8617134 2.0092325 1.5716698 1.7151856 1.7110883 1.7093616 1.7033061 1.6649710 1.7028929 1.8871561 1.8493073 1.8205691 1.8214782 1.5641336 1.7747213 1.6733734 2.1810106 1.2340652 2.7280037 2.3127562 2.6200401 2.2689256 2.2206361 2.4881069 2.3392676 2.6086792 2.8120401 2.2791049 2.6126651 2.0517399 2.3005198 2.3005198 2.0866976 2.0866976 1.8821800 3.5489424 2.3448778 2.1204361 2.7411800 2.2957125 1.4760201 
Spur_XM_781062.5                                                  3.3742968 2.0490332 2.0366385 1.9434075 1.8139953 1.6330711 1.6746310 1.6649858 1.2333539 1.3660911 1.3055606 1.4215223 1.8174538 0.9918995 1.5233458 1.7798698 1.7344335 1.7158863 1.4600969 1.6545226 1.4400296 1.4082281 1.6073503 1.6462924 2.4192279 1.6243318 1.6572825 1.7012547 1.6357026 1.7535221 1.5382331 1.6031918 1.6822049 1.6724589 1.6971980 1.7544077 1.6802638 1.5556598 0.8571293 0.9116835 0.0000000 0.5885353 2.3894026 1.5369970 1.7078146 1.8397510 1.8190156 1.6447263 1.5564127 1.6124291 1.7446266 1.6293624 1.6937510 1.6932061 1.6032599 1.7350814 1.6837977 2.0994367 1.3580348 3.5845637 2.8369910 2.9477430 2.2889179 2.2342678 3.3079850 2.8647429 2.8915995 3.2735464 2.4843183 2.8853335 2.0561266 2.0004798 2.0004798 1.9302232 1.9302232 1.9120606 3.4885317 2.1534718 2.1784001 2.3193567 2.3194843 1.5407811 
Skow_XM_002731645.2                                               3.2656725 1.8977202 2.0341246 1.8668541 2.0013413 1.6728299 1.7166134 1.9291059 1.4416716 1.6675142 1.5525121 1.5312410 1.8118468 1.0000698 1.7790900 1.9873339 1.6932489 1.8370566 1.4869783 1.7333098 1.5806732 1.3701606 1.6622686 1.9225973 2.8042489 1.7420130 1.6653161 1.7745458 1.6680028 1.7512493 1.6689924 1.7138472 1.5142900 1.4858813 1.6340980 1.6208657 1.5525081 1.6663837 0.6145387 0.8617134 0.5885353 0.0000000 2.5785090 1.7250240 1.9937182 1.7306724 1.6625304 1.7372568 1.6311817 1.7211891 1.8575981 1.8254830 1.7864755 1.7549997 1.6149130 1.8029233 1.9580054 2.2578244 1.3424785 2.6127002 2.2674962 2.6714684 2.0364156 2.0013527 2.7078766 2.8605050 2.6001591 2.8258340 2.0011653 2.7915019 2.0555969 2.0195503 2.0195503 2.0602899 2.0602899 1.9384720 2.7997568 2.1564150 2.0901929 2.4522043 2.3668848 1.4260877 
Sanmal_Sma_019200-T1                                              2.6650290 1.7336998 2.2626875 2.5878349 2.1917333 2.3155899 2.2575366 2.4664462 1.8889413 2.1773242 2.0153237 2.1025324 2.1396519 1.4373877 1.2710156 2.0114435 2.0593963 2.0847295 1.7332695 1.6742995 1.7683253 1.9879682 2.0588838 2.1881741 3.3611424 2.2368909 2.2859063 2.3239590 2.3053851 2.2306039 1.8301296 1.7023508 1.9717461 2.0548569 2.8865263 2.5801308 1.9646315 2.5889812 2.5637758 2.0092325 2.3894026 2.5785090 0.0000000 0.7589324 0.7180121 1.2076936 1.2384415 1.5083910 1.5608054 1.1654053 1.2143344 1.2593327 1.6493371 1.6247921 1.3805036 1.2719070 1.7391418 3.4188022 2.0619303 2.7319517 2.5870483 1.8632122 2.2663814 2.2800322 2.5146220 2.4593606 2.4655615 2.5250294 2.5470350 2.3395898 2.0196279 2.5125608 2.5125608 2.2649066 2.2649066 2.0985580 2.2716177 2.7111890 2.5928650 3.0585751 2.5621184 3.2841919 
Nemnom_g14758.t1                                                  2.0835318 1.4530580 1.7431213 1.6023919 1.6265639 1.5766034 1.5764985 1.6466010 1.5322299 1.5791668 1.4592256 1.5566455 1.9123313 0.9125542 1.4268560 1.9094779 1.8230803 1.6634443 1.5012319 1.6533724 1.3617065 1.5130902 1.5380634 1.6523676 2.7183502 1.3689787 1.3088495 1.4151129 1.2893598 1.2988850 1.2655805 1.3477630 1.5413996 1.5412397 1.8077136 1.8881925 1.5393716 2.0438462 1.7182990 1.5716698 1.5369970 1.7250240 0.7589324 0.0000000 0.1487384 0.9528555 0.9396941 1.0331594 1.0655386 0.9698127 0.9892802 1.0429531 1.2065165 1.2178368 1.0962180 1.1409623 1.1546201 2.7127342 1.1316289 2.4302234 2.1609170 2.3023311 2.1544021 2.1615827 2.3621658 2.5361401 2.2900164 2.3904896 2.0461943 2.3662840 1.8621708 2.1536606 2.1536606 2.1813090 2.1813090 1.9957187 3.2331970 2.0938575 2.0648702 2.1683642 2.1316640 2.4564123 
Rhoesc_Res_006472-T1                                              2.1324492 1.5079438 1.7504067 1.7139710 1.6421845 1.6851507 1.6843033 1.8321613 1.5402445 1.6413878 1.5516931 1.5783615 1.9091429 0.9735007 1.3106218 2.0954540 1.8962035 1.7532878 1.5269923 1.7369144 1.3755582 1.6415151 1.5307479 1.5615029 2.6408068 1.5758471 1.5140151 1.5707710 1.4376012 1.4246204 1.3722863 1.4746129 1.5690878 1.5914316 1.8955989 2.2276405 1.6354765 2.1917174 1.8302102 1.7151856 1.7078146 1.9937182 0.7180121 0.1487384 0.0000000 0.9263415 0.9573214 1.0555046 1.0465346 1.0011822 0.9892268 1.0319681 1.2602293 1.2722297 1.0767550 1.0700506 1.1785634 2.6915767 1.2228463 2.4754920 2.1878236 2.2577206 2.1647765 2.1750715 2.3640028 2.5623003 2.2508814 2.4862525 2.0643399 2.2848187 1.9449068 2.1499063 2.1499063 2.1607427 2.1607427 2.0071658 3.2459400 2.1470739 2.1534779 2.2794277 2.2474431 2.6044217 
