52
Hvul_g6854_1                                        0.0000000 2.6637102 1.0802591 5.5947136 8.9999986 3.0409901 1.3599529 0.9744917 1.5007368 1.6728442 2.1527578 1.4678549 0.0000010 1.5639155 1.3005524 1.6180584 2.1163569 3.6034076 2.6401673 2.5752681 3.0654376 3.5154036 3.8406996 3.6563435 3.6563435 1.4046169 1.2877583 1.5842962 1.6140947 2.9512590 0.8267830 1.5257381 2.0841188 0.0000010 2.5959505 3.6890155 3.4506865 2.2290424 1.8419338 2.6071852 3.5018124 7.6795163 0.8873551 1.8801328 0.0000010 3.6258961 2.9571773 2.2025751 2.7036714 2.7036714 3.5394969 4.3103227 
Tetwil_g23720.t2                                    2.6637102 0.0000000 2.7432426 1.3718971 1.4700163 2.2007736 2.8050818 2.6046860 2.8825114 2.9546225 2.7560298 3.1128189 3.0721471 2.8799265 2.8985275 2.9059340 2.7309700 2.7629158 2.9628787 2.8734191 2.8634571 2.8749405 3.0406816 2.8055554 2.8887665 3.1466361 3.1578828 2.9954025 3.0901263 3.5855875 2.5674812 2.8729756 3.0314297 2.3438871 3.1752005 3.3087520 1.5959384 2.8556861 3.1076715 2.8054552 2.6045994 2.0202204 3.2452113 3.1169233 2.8459799 3.1376037 3.1125768 4.4456325 2.9878644 3.1774675 3.7153130 3.7978467 
Morvir_scaffold24.g98.t1                            1.0802591 2.7432426 0.0000000 4.2178369 2.2320247 4.5804602 3.1032958 2.9369396 2.6712906 2.6730878 3.2230848 3.2640960 3.1828618 2.4983032 2.5047846 2.4834264 2.7954488 2.6513657 3.3734110 3.3915184 3.3365204 3.4105629 3.3958216 3.2448711 3.2351576 1.5644498 1.7408402 2.0161311 2.0872977 2.9267389 3.6754169 3.3126746 3.0956600 3.9016065 3.1384481 4.0648739 4.2490239 3.5696380 4.3428862 3.9826957 3.6150738 4.4194812 3.1247241 3.6974782 3.7207594 3.5383457 3.5765852 4.5819275 3.1510460 2.8010775 3.4399077 2.2472243 
Stycar_maker-SC_scaffold76259-snap-gene-0.81-mRNA-1 5.5947136 1.3718971 4.2178369 0.0000000 1.1067935 1.8855035 2.5989632 2.3207552 2.7698790 2.8033118 2.4970007 3.4541837 3.2574158 3.0144380 2.9797756 3.5566411 3.1254846 3.0695966 2.6567096 2.5928276 2.5086669 2.5474206 2.7897385 2.6561519 2.7370646 4.6047180 3.7099419 3.5618594 3.7231538 3.3077055 2.4573850 4.6428747 3.6943679 1.4697967 2.9847007 3.7530360 1.5289556 2.5980746 3.0627677 3.0286825 2.3346723 2.0271034 4.5077046 3.2471955 3.3798929 3.6279557 3.5510687 6.0132230 3.1704878 3.3199201 5.9974090 4.6997246 
Spolac_c97416_g1_i1_m.14957c97416-g1                8.9999986 1.4700163 2.2320247 1.1067935 0.0000000 0.1718985 2.6691735 2.4411959 2.5517868 2.6427471 2.6351704 2.7211383 2.5580514 2.5360767 2.5041342 2.8581996 2.3491674 2.3466715 2.6901732 2.7680622 2.7303341 2.7303341 2.8519365 2.6018166 2.8280770 4.7603407 2.9473730 2.9090194 2.8899490 3.3533033 2.4368889 0.0000010 2.8455058 1.5422912 2.8635223 3.1120283 1.5252629 2.4152281 2.4686661 2.2410592 2.6759048 2.1374570 2.8682597 2.9271631 2.7088793 2.6440470 2.4881223 3.2306509 2.3822664 2.5990448 6.9446345 5.2332269 
Emue_Em0007g256a.t1                                 3.0409901 2.2007736 4.5804602 1.8855035 0.1718985 0.0000000 2.5770951 2.4040538 3.8432826 3.8682088 2.5200614 4.0994423 2.8678520 3.5607439 3.6783732 4.1809283 3.5365096 3.3245367 3.5380621 3.5881007 3.4939215 3.4942630 3.5722023 3.4153451 3.6731508 4.3730781 3.8138814 3.8196520 3.8529291 3.3397747 3.0323502 3.7415167 3.7776297 1.5822458 3.6184852 4.0668140 2.3069632 3.5792873 3.3011032 3.7304778 3.1426012 2.1820635 4.2181558 3.4086046 3.7120765 4.1043967 3.8406877 5.0818308 3.5649401 3.6828668 5.5736447 4.8411314 
Fspp_ffun1.m2b.11708.m1                             1.3599529 2.8050818 3.1032958 2.5989632 2.6691735 2.5770951 0.0000000 0.2536891 0.4329035 0.4297574 0.4571409 0.7975727 0.3750599 0.7747983 0.9051755 0.9068372 1.2575954 1.3008266 1.6049141 1.6356635 1.6018094 1.6018094 1.5560390 1.5192000 1.5192000 3.3998014 1.6690331 1.7988661 1.7140921 2.1341857 1.2314944 0.0000010 1.7642800 0.0000010 1.5093716 2.3968019 2.3831877 1.8520984 2.2603925 1.9419507 3.1768070 2.7543095 3.0797464 1.9205588 2.7264019 2.5390826 2.8897783 2.7442220 1.9110181 1.9110181 0.0000010 0.0000010 
Gasp_gasp1.m3.5558.m1                               0.9744917 2.6046860 2.9369396 2.3207552 2.4411959 2.4040538 0.2536891 0.0000000 0.4872824 0.4782984 0.5057930 0.7413671 0.2661000 0.6821914 0.8344523 0.8676174 1.0939893 1.1451971 1.7012563 1.7252209 1.6588875 1.6985008 1.6348734 1.6255249 1.6209604 1.2189711 1.4206239 1.5057782 1.4443946 1.6990277 1.3547378 9.0000000 1.7923675 1.6595917 1.5614646 2.2466893 2.2403231 1.7127401 1.9066733 1.9116378 2.9256736 2.3086960 2.4258711 2.0619319 2.6584311 2.5254678 2.7779920 3.3746411 1.7792574 2.0204145 2.5334368 3.7122275 
Spis_XP_022788505_1                                 1.5007368 2.8825114 2.6712906 2.7698790 2.5517868 3.8432826 0.4329035 0.4872824 0.0000000 0.1695289 0.5915995 1.1592145 0.6409988 0.9711932 0.9440496 0.8970727 1.4481783 1.4523170 2.0173162 2.0447105 2.0764218 2.0870573 2.0166805 1.9364395 1.9558280 1.8267176 1.7577906 1.8098841 1.6909119 1.9087511 1.5023734 2.6389013 2.0838943 1.6189978 1.9066088 2.9374837 2.5297544 2.1951485 2.5127161 2.4493916 3.0050075 2.4632471 2.8709154 2.2896467 3.3941172 3.0759394 3.1443421 3.5422975 1.9261183 2.0336600 2.8928107 1.9196117 
Pocdam_XM_027182340.1                               1.6728442 2.9546225 2.6730878 2.8033118 2.6427471 3.8682088 0.4297574 0.4782984 0.1695289 0.0000000 0.5946138 1.1341777 0.6588854 1.0145801 1.0173600 0.9443840 1.5180011 1.5389358 2.0576550 2.0802043 2.1112351 2.1270219 2.0233350 1.9915088 2.0092679 1.9663881 1.8183471 1.8995833 1.7834050 1.8508742 1.6190135 2.8998995 2.2082351 1.5611359 1.9825220 3.2483996 2.5353978 2.2338822 2.6483707 2.5071496 2.9439634 2.4726227 3.1763720 2.3727821 3.6888670 3.3519233 3.2446615 3.8619274 2.0795311 2.1652789 3.1098194 1.8301780 
Gfas_gfas1.m1.20502.m1                              2.1527578 2.7560298 3.2230848 2.4970007 2.6351704 2.5200614 0.4571409 0.5057930 0.5915995 0.5946138 0.0000000 0.7480420 0.4325414 0.8940219 1.0338949 0.8003455 1.3210912 1.3900780 1.7113325 1.7272978 1.7205856 1.7205856 1.7528787 1.6597735 1.6443653 3.1147337 1.6504625 1.7995896 1.8366257 2.0915251 1.3494465 0.0000010 1.9452891 0.0000010 1.7696328 2.3787404 2.8393492 1.9950456 1.8222971 2.1302689 3.3145434 2.9477889 2.6224660 1.9979657 2.3832373 2.2495620 2.7551067 3.4733535 1.7414379 1.7414379 0.0000010 0.0000010 
Adig_XM_015922080.1                                 1.4678549 3.1128189 3.2640960 3.4541837 2.7211383 4.0994423 0.7975727 0.7413671 1.1592145 1.1341777 0.7480420 0.0000000 0.5245857 1.3678120 1.3992846 0.5883797 1.9205263 2.0079647 2.3811615 2.4206116 2.3532165 2.3965018 2.3538163 2.3364443 2.4216249 2.6450196 2.0348588 2.2153803 2.0923978 1.9015790 1.9066927 3.4020769 2.4999648 1.4955218 2.2428769 3.4291015 3.0219568 2.4009585 2.9070246 2.9529108 3.2960172 2.4397900 3.3052959 2.8184242 3.3528349 3.3745846 3.5805931 4.5246677 2.3968100 2.6560787 3.5702900 4.9994362 
Adig_XM_015902791.1                                 0.0000010 3.0721471 3.1828618 3.2574158 2.5580514 2.8678520 0.3750599 0.2661000 0.6409988 0.6588854 0.4325414 0.5245857 0.0000000 0.8367202 0.8874331 2.2754163 1.1537769 1.1545820 1.8159861 1.8102215 1.8227276 1.8227276 1.8426233 2.0803694 2.3658394 2.9291352 1.4459548 1.4030396 1.3981182 1.2287641 1.2813291 3.5024282 2.0530649 1.4955218 1.5666119 2.5328523 2.5974676 2.4325210 2.8094981 2.0116851 3.2082517 2.5321926 3.8564895 2.8604173 3.0130672 3.5177030 3.7151630 4.5102968 2.3757909 3.7484611 4.3592030 2.8606235 
Nvec_v1g244984                                      1.5639155 2.8799265 2.4983032 3.0144380 2.5360767 3.5607439 0.7747983 0.6821914 0.9711932 1.0145801 0.8940219 1.3678120 0.8367202 0.0000000 0.5621310 1.1771239 1.3408851 1.3592806 1.7662921 1.7946038 1.7663919 1.7991741 1.8006141 1.7790647 1.8107460 2.0183322 1.8512016 1.9379652 1.8658441 1.7654154 1.5207591 1.9652525 1.8543237 2.0199102 1.6666991 2.7517313 2.5164677 1.8716441 2.4575537 2.2498687 2.8986833 2.6078286 2.5421283 2.2419793 3.2677784 3.2211257 3.0830411 3.8218869 1.8535728 2.0043109 2.7568825 2.1701563 
Exapal_XM_021056271.2                               1.3005524 2.8985275 2.5047846 2.9797756 2.5041342 3.6783732 0.9051755 0.8344523 0.9440496 1.0173600 1.0338949 1.3992846 0.8874331 0.5621310 0.0000000 1.1529973 1.4244347 1.4275994 1.8449493 1.8539411 1.8659476 1.8772615 1.9263483 1.8221844 1.8684966 2.0146836 1.8430718 1.9460209 1.9217260 1.6046999 1.5941721 2.0414037 1.7640414 1.6486020 1.7632338 2.6855020 2.6157303 1.9846722 2.3882934 2.0974208 2.9663677 2.2671589 2.7988310 2.0570085 3.3295499 3.4067355 3.0757016 3.7986390 1.9255038 2.1352614 2.9250910 2.1048376 
Amil_Amillepora12199-RA                             1.6180584 2.9059340 2.4834264 3.5566411 2.8581996 4.1809283 0.9068372 0.8676174 0.8970727 0.9443840 0.8003455 0.5883797 2.2754163 1.1771239 1.1529973 0.0000000 1.7843411 1.8089395 2.4528191 2.4848727 2.4601495 2.4584057 2.3864692 2.2878662 2.3170836 1.9935783 2.0590466 2.2044533 2.0727153 2.1357955 2.2706560 2.8502714 2.4524696 0.0000010 2.5253138 3.7786211 2.9557483 2.1215055 3.8937985 2.8558666 3.2922303 8.9999990 3.1939490 2.6370053 4.4574605 3.6104906 3.4433585 3.8599416 2.1804951 2.1823414 3.0142923 1.5991761 
Dgig_XM_028536727.1                                 2.1163569 2.7309700 2.7954488 3.1254846 2.3491674 3.5365096 1.2575954 1.0939893 1.4481783 1.5180011 1.3210912 1.9205263 1.1537769 1.3408851 1.4244347 1.7843411 0.0000000 0.4158025 2.1953070 2.1792229 2.1429471 2.1817453 2.1900089 2.1532440 2.2080420 1.9055408 1.7051458 1.7812739 1.8453648 1.7571112 2.0120942 2.5940072 2.2539167 1.8320198 1.9202840 2.9647212 2.6254753 2.0065570 2.7292754 2.6339361 3.0856665 2.5220043 3.4166994 2.4536278 3.5911862 3.3998373 3.3376798 3.8112184 2.1877018 2.3530288 3.5964893 2.3723455 
Xesp_009682-T1                                      3.6034076 2.7629158 2.6513657 3.0695966 2.3466715 3.3245367 1.3008266 1.1451971 1.4523170 1.5389358 1.3900780 2.0079647 1.1545820 1.3592806 1.4275994 1.8089395 0.4158025 0.0000000 2.2802240 2.2741939 2.2704150 2.2827314 2.2290885 2.1683752 2.2249399 2.0181836 1.8030193 1.8337903 1.8426404 1.9798828 1.8889043 2.6187761 2.2466710 1.8786058 2.0920272 2.9666774 2.7528204 2.1567146 2.7342274 2.4662692 3.2021197 2.5656093 3.3174142 2.4680034 3.5089790 3.4119769 3.4175948 3.7975533 2.2738201 2.4346069 3.7315405 2.5026441 
HoiH23_PlH23_003725-RA                              2.6401673 2.9628787 3.3734110 2.6567096 2.6901732 3.5380621 1.6049141 1.7012563 2.0173162 2.0576550 1.7113325 2.3811615 1.8159861 1.7662921 1.8449493 2.4528191 2.1953070 2.2802240 0.0000000 0.0736491 0.1503621 0.1520726 0.2272063 0.3549982 0.3649770 2.9219374 2.4278036 2.4898651 2.4485526 2.4232840 1.7657506 2.1274535 2.1947630 1.9024291 2.0865672 2.8494877 2.7025471 2.3313512 2.8289929 2.5191532 2.9795407 2.2685350 3.5093295 2.5146799 3.6422333 3.7032329 3.3885193 3.8090450 2.1694252 2.3787383 3.8176311 2.8252574 
HoiH06_mRNA10171                                    2.5752681 2.8734191 3.3915184 2.5928276 2.7680622 3.5881007 1.6356635 1.7252209 2.0447105 2.0802043 1.7272978 2.4206116 1.8102215 1.7946038 1.8539411 2.4848727 2.1792229 2.2741939 0.0736491 0.0000000 0.1407133 0.1421940 0.2161052 0.3409382 0.3497104 2.8643681 2.3719426 2.4503682 2.4465992 2.4084139 1.7338745 2.0533612 2.1839960 1.9024291 2.0572434 2.8840102 2.6630548 2.3486411 2.8618560 2.4896652 2.9527604 2.3060428 3.3867006 2.4657341 3.5430484 3.5419327 3.2672990 3.7140434 2.1359049 2.3411507 3.7145001 2.7393037 
Hhon_g00360.t1                                      3.0654376 2.8634571 3.3365204 2.5086669 2.7303341 3.4939215 1.6018094 1.6588875 2.0764218 2.1112351 1.7205856 2.3532165 1.8227276 1.7663919 1.8659476 2.4601495 2.1429471 2.2704150 0.1503621 0.1407133 0.0000000 0.0116378 0.2374100 0.3622472 0.3695666 3.0499232 2.3986476 2.4993072 2.4582059 2.3881535 1.7044985 2.0835213 2.1177069 1.9577940 2.0459609 2.8400752 2.6136389 2.3197755 2.9401887 2.5460909 3.1193968 2.3703216 3.3966817 2.3758657 3.4952802 3.4917053 3.2467881 3.4384721 2.2181837 2.4372450 3.9116225 2.8556579 
HoiH04_mRNA16421                                    3.5154036 2.8749405 3.4105629 2.5474206 2.7303341 3.4942630 1.6018094 1.6985008 2.0870573 2.1270219 1.7205856 2.3965018 1.8227276 1.7991741 1.8772615 2.4584057 2.1817453 2.2827314 0.1520726 0.1421940 0.0116378 0.0000000 0.2393470 0.3729946 0.3811889 3.0935974 2.4273228 2.4905785 2.4425612 2.3881535 1.6992936 2.0934289 2.1281648 1.9577940 2.0563229 2.8733258 2.6528131 2.3184913 3.0042997 2.5634185 3.1526443 2.3703216 3.5429331 2.4150214 3.5236719 3.5788461 3.3341975 3.6429622 2.2316177 2.4550705 3.9613426 2.9369818 
HoiH11_mRNA9544                                     3.8406996 3.0406816 3.3958216 2.7897385 2.8519365 3.5722023 1.5560390 1.6348734 2.0166805 2.0233350 1.7528787 2.3538163 1.8426233 1.8006141 1.9263483 2.3864692 2.1900089 2.2290885 0.2272063 0.2161052 0.2374100 0.2393470 0.0000000 0.3011933 0.3090512 3.0391955 2.4377853 2.5074879 2.4919811 2.2272250 1.7375295 2.1420970 2.2113454 2.0772200 2.0836537 2.8608056 2.7320599 2.3132877 2.7181390 2.5459510 3.0912679 2.2561321 3.7862115 2.5483964 3.7145718 3.5522438 3.3457462 3.7116074 2.1433730 2.3364863 3.9932073 2.5954160 
TrH2_TrispH2_005682-RA                              3.6563435 2.8055554 3.2448711 2.6561519 2.6018166 3.4153451 1.5192000 1.6255249 1.9364395 1.9915088 1.6597735 2.3364443 2.0803694 1.7790647 1.8221844 2.2878662 2.1532440 2.1683752 0.3549982 0.3409382 0.3622472 0.3729946 0.3011933 0.0000000 0.0077160 2.8312342 2.3689546 2.4853442 2.4148732 2.1630340 1.7309047 2.2752279 2.1921134 2.1252531 2.0279443 2.8697921 2.4667762 2.2231857 2.6015047 2.3554210 3.1331342 2.3262704 3.4248009 2.4207694 3.8184737 3.4455577 3.2425098 3.4915785 2.0923417 2.3040934 4.0318245 2.7777878 
Tadh_TriadT53930                                    3.6563435 2.8887665 3.2351576 2.7370646 2.8280770 3.6731508 1.5192000 1.6209604 1.9558280 2.0092679 1.6443653 2.4216249 2.3658394 1.8107460 1.8684966 2.3170836 2.2080420 2.2249399 0.3649770 0.3497104 0.3695666 0.3811889 0.3090512 0.0077160 0.0000000 2.8245083 2.4399096 2.5549073 2.4718622 2.3348136 1.8161269 2.2592918 2.2717531 0.0000010 2.1238173 3.2488004 2.5313909 2.3823094 2.8604454 2.4536349 3.2540558 2.4569069 3.3536839 2.4595215 3.9805085 3.5098055 3.2913143 3.5923484 2.1230405 2.1913177 3.9996297 2.3815004 
Sanmal_Sma_005991-T1                                1.4046169 3.1466361 1.5644498 4.6047180 4.7603407 4.3730781 3.3998014 1.2189711 1.8267176 1.9663881 3.1147337 2.6450196 2.9291352 2.0183322 2.0146836 1.9935783 1.9055408 2.0181836 2.9219374 2.8643681 3.0499232 3.0935974 3.0391955 2.8312342 2.8245083 0.0000000 0.8028088 0.9618054 1.0225910 1.3814655 2.7623738 2.8982523 2.7658714 0.0000010 2.5401233 3.7237188 3.2172926 2.6098864 5.0482729 3.7102851 3.1581175 3.2708971 2.9953365 2.5749682 3.8624165 3.7948253 3.7237839 4.0758409 2.7935289 2.6650256 3.3122725 2.0391881 
Aaur_scaffold943.g9.t2                              1.2877583 3.1578828 1.7408402 3.7099419 2.9473730 3.8138814 1.6690331 1.4206239 1.7577906 1.8183471 1.6504625 2.0348588 1.4459548 1.8512016 1.8430718 2.0590466 1.7051458 1.8030193 2.4278036 2.3719426 2.3986476 2.4273228 2.4377853 2.3689546 2.4399096 0.8028088 0.0000000 0.5834057 0.5777167 1.3105260 2.2982398 3.0207554 2.0662594 1.7179934 2.1597682 2.7230938 2.9891764 2.2651718 2.5239116 2.7552202 3.1750243 2.7753105 2.8609950 2.3865804 3.2582927 3.3381984 3.5163345 4.0338430 2.3272902 2.5017876 3.4500940 2.4142862 
Nemnom_g13949.t1                                    1.5842962 2.9954025 2.0161311 3.5618594 2.9090194 3.8196520 1.7988661 1.5057782 1.8098841 1.8995833 1.7995896 2.2153803 1.4030396 1.9379652 1.9460209 2.2044533 1.7812739 1.8337903 2.4898651 2.4503682 2.4993072 2.4905785 2.5074879 2.4853442 2.5549073 0.9618054 0.5834057 0.0000000 0.1956596 1.2613892 2.1039461 3.1423900 2.1489616 1.6672305 2.2710101 2.6599771 2.9839729 2.2572438 2.4525677 2.9439385 3.3911406 2.9195360 3.2996468 2.5948889 3.4685806 3.4564568 3.7273942 4.3243631 2.5279500 2.5937084 3.4955027 2.6764284 
Rhoesc_Res_005513-T1                                1.6140947 3.0901263 2.0872977 3.7231538 2.8899490 3.8529291 1.7140921 1.4443946 1.6909119 1.7834050 1.8366257 2.0923978 1.3981182 1.8658441 1.9217260 2.0727153 1.8453648 1.8426404 2.4485526 2.4465992 2.4582059 2.4425612 2.4919811 2.4148732 2.4718622 1.0225910 0.5777167 0.1956596 0.0000000 1.2577336 2.0346096 3.1830918 2.0659483 1.7224025 2.2223615 2.7483232 3.0294198 2.3553133 2.4298879 2.8420222 3.3284593 3.0715177 3.1122200 2.5706758 3.3603214 3.3202286 3.5267191 3.8758881 2.4132733 2.5256717 3.4476663 2.5980446 
Morvir_scaffold24.g99.t1                            2.9512590 3.5855875 2.9267389 3.3077055 3.3533033 3.3397747 2.1341857 1.6990277 1.9087511 1.8508742 2.0915251 1.9015790 1.2287641 1.7654154 1.6046999 2.1357955 1.7571112 1.9798828 2.4232840 2.4084139 2.3881535 2.3881535 2.2272250 2.1630340 2.3348136 1.3814655 1.3105260 1.2613892 1.2577336 0.0000000 1.9584594 0.0000010 1.9325713 1.6727009 1.9736391 2.0375366 3.2342927 2.1981763 2.5115920 2.2030985 3.3538621 3.0752019 3.8480601 2.6336000 2.8673451 3.0339580 3.4598964 5.1598879 2.3545493 2.9008337 3.4114501 3.7538296 
Skow_XM_006821595.1                                 0.8267830 2.5674812 3.6754169 2.4573850 2.4368889 3.0323502 1.2314944 1.3547378 1.5023734 1.6190135 1.3494465 1.9066927 1.2813291 1.5207591 1.5941721 2.2706560 2.0120942 1.8889043 1.7657506 1.7338745 1.7044985 1.6992936 1.7375295 1.7309047 1.8161269 2.7623738 2.2982398 2.1039461 2.0346096 1.9584594 0.0000000 0.0163347 1.3879629 1.7325394 1.2482565 2.6516633 2.4945535 1.5996924 1.7950640 1.8569707 3.2659348 2.7792805 3.6271665 1.9235709 2.9999936 3.0267038 3.0774099 3.8951148 2.0409752 2.2351210 3.5492035 3.2103815 
Skow_XM_006824348.1                                 1.5257381 2.8729756 3.3126746 4.6428747 0.0000010 3.7415167 0.0000010 9.0000000 2.6389013 2.8998995 0.0000010 3.4020769 3.5024282 1.9652525 2.0414037 2.8502714 2.5940072 2.6187761 2.1274535 2.0533612 2.0835213 2.0934289 2.1420970 2.2752279 2.2592918 2.8982523 3.0207554 3.1423900 3.1830918 0.0000010 0.0163347 0.0000000 1.6809743 0.0000010 1.5337274 3.8599804 3.5972709 1.9564588 3.6165799 2.2514884 2.7934888 0.0000010 3.1273710 2.1849718 4.9167625 3.4436841 3.5481108 3.6579191 2.3635029 2.5623476 2.8087438 2.2611928 
Acagra_model.g6133.t1                               2.0841188 3.0314297 3.0956600 3.6943679 2.8455058 3.7776297 1.7642800 1.7923675 2.0838943 2.2082351 1.9452891 2.4999648 2.0530649 1.8543237 1.7640414 2.4524696 2.2539167 2.2466710 2.1947630 2.1839960 2.1177069 2.1281648 2.2113454 2.1921134 2.2717531 2.7658714 2.0662594 2.1489616 2.0659483 1.9325713 1.3879629 1.6809743 0.0000000 2.1105534 1.1352464 2.7971697 3.0418445 1.9511150 2.2563930 2.2913826 3.4040988 3.1402279 3.1242378 1.9445045 3.2675230 3.6546412 3.5388677 4.3019132 2.4457237 2.6719111 3.2009757 3.2739830 
Xestes_maker-XT_scaffold927-snap-gene-0.5-mRNA-1    0.0000010 2.3438871 3.9016065 1.4697967 1.5422912 1.5822458 0.0000010 1.6595917 1.6189978 1.5611359 0.0000010 1.4955218 1.4955218 2.0199102 1.6486020 0.0000010 1.8320198 1.8786058 1.9024291 1.9024291 1.9577940 1.9577940 2.0772200 2.1252531 0.0000010 0.0000010 1.7179934 1.6672305 1.7224025 1.6727009 1.7325394 0.0000010 2.1105534 0.0000000 1.9729250 2.9508430 1.1791829 1.5810893 1.7170734 2.1443235 1.1666177 0.9898183 3.8538922 3.1896250 2.2337601 2.4339312 2.9367196 1.0210580 2.1314427 3.4643684 9.0000000 4.8613017 
Cgig_XM_011447916.2                                 2.5959505 3.1752005 3.1384481 2.9847007 2.8635223 3.6184852 1.5093716 1.5614646 1.9066088 1.9825220 1.7696328 2.2428769 1.5666119 1.6666991 1.7632338 2.5253138 1.9202840 2.0920272 2.0865672 2.0572434 2.0459609 2.0563229 2.0836537 2.0279443 2.1238173 2.5401233 2.1597682 2.2710101 2.2223615 1.9736391 1.2482565 1.5337274 1.1352464 1.9729250 0.0000000 2.6246469 2.8370090 1.7859606 2.0859995 2.2062721 3.3452388 2.9812745 3.3335676 1.7913676 3.5689512 3.6598818 3.5887435 4.3173969 2.4525777 2.7012810 3.2387476 2.4561258 
Hvul_g6851_1                                        3.6890155 3.3087520 4.0648739 3.7530360 3.1120283 4.0668140 2.3968019 2.2466893 2.9374837 3.2483996 2.3787404 3.4291015 2.5328523 2.7517313 2.6855020 3.7786211 2.9647212 2.9666774 2.8494877 2.8840102 2.8400752 2.8733258 2.8608056 2.8697921 3.2488004 3.7237188 2.7230938 2.6599771 2.7483232 2.0375366 2.6516633 3.8599804 2.7971697 2.9508430 2.6246469 0.0000000 3.2946184 3.1301617 3.0316553 2.9198641 3.7994149 2.9314423 4.2292151 3.3780931 3.8166589 3.6441022 4.0998460 3.8813672 3.1141339 3.7389119 3.5701197 4.5524950 
Plespi_Pspi_scaffold15087_01                        3.4506865 1.5959384 4.2490239 1.5289556 1.5252629 2.3069632 2.3831877 2.2403231 2.5297544 2.5353978 2.8393492 3.0219568 2.5974676 2.5164677 2.6157303 2.9557483 2.6254753 2.7528204 2.7025471 2.6630548 2.6136389 2.6528131 2.7320599 2.4667762 2.5313909 3.2172926 2.9891764 2.9839729 3.0294198 3.2342927 2.4945535 3.5972709 3.0418445 1.1791829 2.8370090 3.2946184 0.0000000 2.7167706 2.6372544 2.6667029 2.1503793 1.7182438 4.0461267 2.6392419 3.4609772 3.0716268 2.7159903 3.2393897 2.5884553 2.6383930 3.6828016 5.1328985 
Bralan_BLAG12000297_1                               2.2290424 2.8556861 3.5696380 2.5980746 2.4152281 3.5792873 1.8520984 1.7127401 2.1951485 2.2338822 1.9950456 2.4009585 2.4325210 1.8716441 1.9846722 2.1215055 2.0065570 2.1567146 2.3313512 2.3486411 2.3197755 2.3184913 2.3132877 2.2231857 2.3823094 2.6098864 2.2651718 2.2572438 2.3553133 2.1981763 1.5996924 1.9564588 1.9511150 1.5810893 1.7859606 3.1301617 2.7167706 0.0000000 2.0060598 2.1640488 3.1008850 2.6188674 3.6270515 2.3110128 2.9447910 3.3704072 3.1279916 4.1635020 2.3389658 2.3672830 3.3622459 2.6985289 
Spur_XM_011675530.2                                 1.8419338 3.1076715 4.3428862 3.0627677 2.4686661 3.3011032 2.2603925 1.9066733 2.5127161 2.6483707 1.8222971 2.9070246 2.8094981 2.4575537 2.3882934 3.8937985 2.7292754 2.7342274 2.8289929 2.8618560 2.9401887 3.0042997 2.7181390 2.6015047 2.8604454 5.0482729 2.5239116 2.4525677 2.4298879 2.5115920 1.7950640 3.6165799 2.2563930 1.7170734 2.0859995 3.0316553 2.6372544 2.0060598 0.0000000 2.5287784 3.2102039 2.4354955 3.6227174 2.7430119 2.8595101 3.3132258 3.0415510 4.4904647 2.8820386 3.0580058 4.4219058 5.0999144 
Hsap_ENST00000264982                                2.6071852 2.8054552 3.9826957 3.0286825 2.2410592 3.7304778 1.9419507 1.9116378 2.4493916 2.5071496 2.1302689 2.9529108 2.0116851 2.2498687 2.0974208 2.8558666 2.6339361 2.4662692 2.5191532 2.4896652 2.5460909 2.5634185 2.5459510 2.3554210 2.4536349 3.7102851 2.7552202 2.9439385 2.8420222 2.2030985 1.8569707 2.2514884 2.2913826 2.1443235 2.2062721 2.9198641 2.6667029 2.1640488 2.5287784 0.0000000 3.1363838 2.5377778 4.0963839 2.2878967 3.5725266 3.4652342 3.4284422 4.6706511 2.7251139 3.0177048 4.0112260 3.1788673 
Aque_Aqu2.1.32725_001                               3.5018124 2.6045994 3.6150738 2.3346723 2.6759048 3.1426012 3.1768070 2.9256736 3.0050075 2.9439634 3.3145434 3.2960172 3.2082517 2.8986833 2.9663677 3.2922303 3.0856665 3.2021197 2.9795407 2.9527604 3.1193968 3.1526443 3.0912679 3.1331342 3.2540558 3.1581175 3.1750243 3.3911406 3.3284593 3.3538621 3.2659348 2.7934888 3.4040988 1.1666177 3.3452388 3.7994149 2.1503793 3.1008850 3.2102039 3.1363838 0.0000000 0.7581009 4.1536543 3.6516871 3.3564595 3.4499689 3.8775654 4.5432608 3.3919364 3.5742634 3.6429702 4.0611006 
Halamb_c49112_g1_i9mm.2925                          7.6795163 2.0202204 4.4194812 2.0271034 2.1374570 2.1820635 2.7543095 2.3086960 2.4632471 2.4726227 2.9477889 2.4397900 2.5321926 2.6078286 2.2671589 8.9999990 2.5220043 2.5656093 2.2685350 2.3060428 2.3703216 2.3703216 2.2561321 2.3262704 2.4569069 3.2708971 2.7753105 2.9195360 3.0715177 3.0752019 2.7792805 0.0000010 3.1402279 0.9898183 2.9812745 2.9314423 1.7182438 2.6188674 2.4354955 2.5377778 0.7581009 0.0000000 5.2567333 2.9584875 2.8157323 2.7484521 2.6166491 4.7741720 2.3091065 3.0057571 5.2910125 6.2235003 
Chem_TCONS_00061583                                 0.8873551 3.2452113 3.1247241 4.5077046 2.8682597 4.2181558 3.0797464 2.4258711 2.8709154 3.1763720 2.6224660 3.3052959 3.8564895 2.5421283 2.7988310 3.1939490 3.4166994 3.3174142 3.5093295 3.3867006 3.3966817 3.5429331 3.7862115 3.4248009 3.3536839 2.9953365 2.8609950 3.2996468 3.1122200 3.8480601 3.6271665 3.1273710 3.1242378 3.8538922 3.3335676 4.2292151 4.0461267 3.6270515 3.6227174 4.0963839 4.1536543 5.2567333 0.0000000 3.3311453 5.0623794 5.5742569 4.0473590 3.5523097 3.5399974 3.3783492 4.1311960 3.6158045 
Ctel_gnl_WGS_AMQN_CAPTEDRAFT_mRNA193716             1.8801328 3.1169233 3.6974782 3.2471955 2.9271631 3.4086046 1.9205588 2.0619319 2.2896467 2.3727821 1.9979657 2.8184242 2.8604173 2.2419793 2.0570085 2.6370053 2.4536278 2.4680034 2.5146799 2.4657341 2.3758657 2.4150214 2.5483964 2.4207694 2.4595215 2.5749682 2.3865804 2.5948889 2.5706758 2.6336000 1.9235709 2.1849718 1.9445045 3.1896250 1.7913676 3.3780931 2.6392419 2.3110128 2.7430119 2.2878967 3.6516871 2.9584875 3.3311453 0.0000000 3.5885185 3.5049361 3.6481629 3.5246563 2.5707408 2.6111806 2.8589922 2.9156854 
Leuniv_Lniv_scaffold21899_01                        0.0000010 2.8459799 3.7207594 3.3798929 2.7088793 3.7120765 2.7264019 2.6584311 3.3941172 3.6888670 2.3832373 3.3528349 3.0130672 3.2677784 3.3295499 4.4574605 3.5911862 3.5089790 3.6422333 3.5430484 3.4952802 3.5236719 3.7145718 3.8184737 3.9805085 3.8624165 3.2582927 3.4685806 3.3603214 2.8673451 2.9999936 4.9167625 3.2675230 2.2337601 3.5689512 3.8166589 3.4609772 2.9447910 2.8595101 3.5725266 3.3564595 2.8157323 5.0623794 3.5885185 0.0000000 0.8489538 1.2480050 1.5188930 3.0555977 2.8923189 2.4801906 5.6999852 
Scil_scict009881.1                                  3.6258961 3.1376037 3.5383457 3.6279557 2.6440470 4.1043967 2.5390826 2.5254678 3.0759394 3.3519233 2.2495620 3.3745846 3.5177030 3.2211257 3.4067355 3.6104906 3.3998373 3.4119769 3.7032329 3.5419327 3.4917053 3.5788461 3.5522438 3.4455577 3.5098055 3.7948253 3.3381984 3.4564568 3.3202286 3.0339580 3.0267038 3.4436841 3.6546412 2.4339312 3.6598818 3.6441022 3.0716268 3.3704072 3.3132258 3.4652342 3.4499689 2.7484521 5.5742569 3.5049361 0.8489538 0.0000000 1.1138775 1.2375213 3.0051709 2.8354169 2.6388792 4.3577724 
Lcom_lcpid45726                                     2.9571773 3.1125768 3.5765852 3.5510687 2.4881223 3.8406877 2.8897783 2.7779920 3.1443421 3.2446615 2.7551067 3.5805931 3.7151630 3.0830411 3.0757016 3.4433585 3.3376798 3.4175948 3.3885193 3.2672990 3.2467881 3.3341975 3.3457462 3.2425098 3.2913143 3.7237839 3.5163345 3.7273942 3.5267191 3.4598964 3.0774099 3.5481108 3.5388677 2.9367196 3.5887435 4.0998460 2.7159903 3.1279916 3.0415510 3.4284422 3.8775654 2.6166491 4.0473590 3.6481629 1.2480050 1.1138775 0.0000000 1.1909218 2.9702246 2.8662045 2.2968359 3.8425634 
Gracom_Gcom_scaffold12801_01                        2.2025751 4.4456325 4.5819275 6.0132230 3.2306509 5.0818308 2.7442220 3.3746411 3.5422975 3.8619274 3.4733535 4.5246677 4.5102968 3.8218869 3.7986390 3.8599416 3.8112184 3.7975533 3.8090450 3.7140434 3.4384721 3.6429622 3.7116074 3.4915785 3.5923484 4.0758409 4.0338430 4.3243631 3.8758881 5.1598879 3.8951148 3.6579191 4.3019132 1.0210580 4.3173969 3.8813672 3.2393897 4.1635020 4.4904647 4.6706511 4.5432608 4.7741720 3.5523097 3.5246563 1.5188930 1.2375213 1.1909218 0.0000000 3.0530145 2.8417941 2.5882742 4.5570653 
Opea_EP00118_Oscarella_pearsei_P012056              2.7036714 2.9878644 3.1510460 3.1704878 2.3822664 3.5649401 1.9110181 1.7792574 1.9261183 2.0795311 1.7414379 2.3968100 2.3757909 1.8535728 1.9255038 2.1804951 2.1877018 2.2738201 2.1694252 2.1359049 2.2181837 2.2316177 2.1433730 2.0923417 2.1230405 2.7935289 2.3272902 2.5279500 2.4132733 2.3545493 2.0409752 2.3635029 2.4457237 2.1314427 2.4525777 3.1141339 2.5884553 2.3389658 2.8820386 2.7251139 3.3919364 2.3091065 3.5399974 2.5707408 3.0555977 3.0051709 2.9702246 3.0530145 0.0000000 0.0337517 3.1318160 3.1450205 
Ocar_g5388                                          2.7036714 3.1774675 2.8010775 3.3199201 2.5990448 3.6828668 1.9110181 2.0204145 2.0336600 2.1652789 1.7414379 2.6560787 3.7484611 2.0043109 2.1352614 2.1823414 2.3530288 2.4346069 2.3787383 2.3411507 2.4372450 2.4550705 2.3364863 2.3040934 2.1913177 2.6650256 2.5017876 2.5937084 2.5256717 2.9008337 2.2351210 2.5623476 2.6719111 3.4643684 2.7012810 3.7389119 2.6383930 2.3672830 3.0580058 3.0177048 3.5742634 3.0057571 3.3783492 2.6111806 2.8923189 2.8354169 2.8662045 2.8417941 0.0337517 0.0000000 3.0891192 3.1778091 
Clacor_Ccor_scaffold15343_01                        3.5394969 3.7153130 3.4399077 5.9974090 6.9446345 5.5736447 0.0000010 2.5334368 2.8928107 3.1098194 0.0000010 3.5702900 4.3592030 2.7568825 2.9250910 3.0142923 3.5964893 3.7315405 3.8176311 3.7145001 3.9116225 3.9613426 3.9932073 4.0318245 3.9996297 3.3122725 3.4500940 3.4955027 3.4476663 3.4114501 3.5492035 2.8087438 3.2009757 9.0000000 3.2387476 3.5701197 3.6828016 3.3622459 4.4219058 4.0112260 3.6429702 5.2910125 4.1311960 2.8589922 2.4801906 2.6388792 2.2968359 2.5882742 3.1318160 3.0891192 0.0000000 3.9583592 
Fspp_ffun1.m4.9601.m1                               4.3103227 3.7978467 2.2472243 4.6997246 5.2332269 4.8411314 0.0000010 3.7122275 1.9196117 1.8301780 0.0000010 4.9994362 2.8606235 2.1701563 2.1048376 1.5991761 2.3723455 2.5026441 2.8252574 2.7393037 2.8556579 2.9369818 2.5954160 2.7777878 2.3815004 2.0391881 2.4142862 2.6764284 2.5980446 3.7538296 3.2103815 2.2611928 3.2739830 4.8613017 2.4561258 4.5524950 5.1328985 2.6985289 5.0999144 3.1788673 4.0611006 6.2235003 3.6158045 2.9156854 5.6999852 4.3577724 3.8425634 4.5570653 3.1450205 3.1778091 3.9583592 0.0000000 
