68
Pbac_sb2643119                                      0.0000000 0.0142635 0.0000010 1.1413464 1.0827888 0.8999179 0.7553375 0.7553375 0.4945875 0.7472032 0.0000010 4.3064179 0.0000010 2.0916000 9.0000000 3.9936549 0.0000010 3.9020623 4.3703773 3.8371319 3.1861450 2.7146816 3.7248917 4.5527713 4.8154688 4.3507651 4.4749932 4.9934710 3.1342616 0.0000010 3.9765985 3.6982483 3.4481986 2.3581508 2.8366086 2.5488573 3.9448250 4.9039660 3.1099689 3.4216397 3.3274277 3.6332376 3.6076612 3.6076612 3.7128272 3.7128272 4.2060748 3.4402558 5.0863130 4.7664990 0.0000010 4.3182573 3.9808819 3.9808819 4.0226135 3.5083282 5.3760840 3.8437124 3.1975901 2.9296615 0.0000010 2.9932832 3.9964086 4.6930926 3.3309918 3.3789651 3.3639641 4.3461081 
Horcal_Hcv1.av93.c4.g725.i1                         0.0142635 0.0000000 0.0283882 1.0484063 0.8967751 0.9443779 0.9728578 0.9107686 0.8103467 0.8893622 3.3351484 3.0358790 2.3970931 2.4296863 2.4685491 2.6295398 1.8013310 2.8752920 2.8320398 2.9961810 2.6858709 2.4505540 2.6303478 2.5219443 2.4193026 2.5020459 2.4919617 2.4205161 2.4929279 2.7283722 2.4800358 2.3107857 2.5088227 2.4455688 2.5457092 2.3825896 2.4535144 2.5904315 2.6846724 2.6098876 2.4660107 2.4934015 2.5466450 2.5514594 2.5608033 2.4733551 2.6960870 2.5451202 2.5571988 2.6080976 2.1362835 2.8592904 4.0809517 2.5648265 2.5860152 3.8766419 2.6567148 3.1649855 3.6793318 3.0814942 5.8322381 3.2051415 2.7243256 2.5054434 2.4095246 2.8159313 3.4904543 2.7327466 
Pbac_sb2644327                                      0.0000010 0.0283882 0.0000000 1.0794945 0.8685397 0.9750805 1.1919039 0.9784251 0.7761424 0.9037006 2.8761186 2.6200642 2.3907005 2.4121190 2.4121190 2.3842283 1.7448847 2.6626461 2.5706130 2.8359375 2.1169205 2.2818669 2.3083380 2.2226528 2.0595973 2.2050539 2.2226895 1.9784041 2.3001310 2.6744381 2.2212243 2.0660439 2.2884450 2.2667684 2.2461088 2.3408052 2.1792887 2.1777298 2.4588442 2.3138642 2.1930693 2.1262858 2.1951641 2.2005405 2.2354110 2.0838682 2.3508374 2.3009078 2.0577542 2.1389668 2.1728490 2.4795928 4.3830510 2.2246526 2.2939802 3.7556219 2.1980691 2.0257203 3.3257674 2.8199115 2.7555259 3.0565204 2.2848658 2.3713615 2.3713615 2.4979023 1.5703441 0.5464357 
Coemet_Cmet_scaffold12766_01                        1.1413464 1.0484063 1.0794945 0.0000000 0.3329468 0.7859983 0.9385940 0.9925130 0.9515753 1.0115129 2.7542369 2.7606125 2.3570509 2.4247887 2.4830970 2.6347393 1.7857754 2.9836615 2.8806770 2.9746277 3.0801281 2.4275481 2.6402672 2.5368120 2.5407644 2.6105640 2.5993896 2.5643692 2.5064907 2.5353436 2.3799837 2.3917685 2.2607947 2.4816365 2.3225697 2.5088035 2.4006122 2.4936743 2.5067340 2.4788289 2.2541203 2.2784326 2.2520788 2.2611169 2.2962572 2.2458442 2.6247627 2.2837947 2.4927103 2.4890644 2.2869703 3.0982806 3.5276090 2.6554670 2.6410837 4.0722469 2.6215959 2.4179734 3.3368500 3.1286925 4.4497300 2.6930578 2.6645734 2.5421215 2.4824395 2.5357577 3.1216919 2.6692073 
Vmul_Simscaffold3763_01                             1.0827888 0.8967751 0.8685397 0.3329468 0.0000000 0.5859855 0.7732737 0.7732737 0.8133898 0.7952042 7.8087373 3.2478747 9.0000000 3.6762560 3.8663822 2.9366947 0.0000010 3.3995288 3.3308063 3.2374857 2.6679685 2.7747563 2.8430973 2.9601920 3.0318978 2.9514770 2.9399744 3.0959151 2.9274650 4.9348479 2.6814504 2.8919484 2.5221694 2.9084199 2.5622265 2.7231319 2.8166356 3.0095631 2.9105488 2.6883062 3.0196985 3.0316256 3.1352393 3.1616002 2.9906595 3.0503372 3.2314171 2.5416520 3.3137146 3.2942240 2.8969595 4.2484496 3.3526114 3.5221444 3.4831472 4.3429643 3.5295932 2.5684193 3.6747364 3.3701134 5.2892893 2.6512725 3.0340102 5.1935773 5.2236751 3.2149980 3.1671838 2.4923606 
Lampan_Lpan_C415019_01                              0.8999179 0.9443779 0.9750805 0.7859983 0.5859855 0.0000000 0.8256564 0.7983832 0.6435691 0.8025898 4.0150187 3.1168157 8.9999980 3.0860898 3.1726683 2.9053109 0.0000010 3.0774864 3.1054854 3.4094877 2.7400460 2.7319570 2.6242695 2.8802555 2.9016703 3.0691039 3.0609155 2.9385905 2.7889341 3.1709497 2.6849531 2.7043917 2.5642442 2.9427495 2.6886444 2.7241540 2.5275482 2.8546278 2.8667125 2.8092896 2.7904108 2.8254787 2.9039091 2.9197743 2.9162080 2.9505711 2.9892208 2.7231834 3.0037085 3.1333306 2.6667069 3.6056602 3.8267331 3.1642769 3.1729342 3.8225064 3.0498449 2.6106762 3.5849452 3.4157792 5.0853696 2.7001734 3.2772465 4.1492408 4.0376923 3.1627252 3.1665926 2.4937284 
Drygla_Dgla_sb301611                                0.7553375 0.9728578 1.1919039 0.9385940 0.7732737 0.8256564 0.0000000 0.0030740 0.7598308 0.8252919 5.7974542 3.4967063 4.7596507 3.5313374 3.6731295 3.2144077 1.2143571 3.4383874 3.4672268 3.5833536 2.6220713 3.2019857 3.3363592 3.3643886 3.3298056 3.2270794 3.2412744 3.1554456 3.2603926 4.1359149 3.1300958 3.3462107 3.1595149 3.2640924 3.1237651 2.9550600 2.9895594 3.0051056 3.6634410 3.6335866 2.9793311 3.0113011 3.1800999 3.2028702 3.0444946 2.9081001 3.6169305 3.0434141 3.4083534 3.5120466 3.1379234 4.1774751 3.9024987 3.9227520 3.9048795 4.4249484 3.7317420 2.4719293 3.7327731 3.6334867 4.6224971 3.0054424 3.5772406 4.3898945 4.1813336 3.0754542 3.4494830 2.5934828 
Drygla_Dgla_sb301610                                0.7553375 0.9107686 0.9784251 0.9925130 0.7732737 0.7983832 0.0030740 0.0000000 0.5994191 0.7456156 2.9776058 2.9014032 2.2794811 2.5624915 2.6249396 2.6028641 1.2832366 2.8317710 2.8075947 2.9845977 2.6686255 2.5944172 2.7803209 2.8681466 2.7357775 2.7811183 2.7399566 2.4809461 2.6705811 2.8451988 2.6820956 2.6599978 2.6002386 2.8714102 2.6226045 2.4283483 2.3814676 2.4199096 2.8394841 2.8118146 2.4507601 2.4773218 2.5496573 2.5613112 2.5256148 2.3986925 3.0602392 2.5482685 2.7704967 2.7680109 2.3741534 3.1876138 3.9024987 2.9178440 2.9407738 4.3784082 2.7336456 2.4719293 3.7327731 3.1553175 4.6224971 2.9328041 2.8225882 2.6638628 2.5533007 2.5432100 3.4494830 2.5934828 
Mlei_ML3434.g25.i1                                  0.4945875 0.8103467 0.7761424 0.9515753 0.8133898 0.6435691 0.7598308 0.5994191 0.0000000 0.5871984 2.8029389 2.8349144 2.5677828 2.5217826 2.5704705 2.5213680 1.9781543 2.8678278 2.8470033 2.9475660 2.7892525 2.4092664 2.5819600 2.5644311 2.5437698 2.7587823 2.6904215 2.3003891 2.4644006 2.9412945 2.3856699 2.3217688 2.3085902 2.4002229 2.3729305 2.4046456 2.2285369 2.2622621 2.6099834 2.4732357 2.3617085 2.3481889 2.4030399 2.4146462 2.3494219 2.2227601 2.6800486 2.3807366 2.3388301 2.3393101 2.2989438 2.5984095 3.1813357 2.2776947 2.2853474 4.0789623 2.3320176 2.3832253 4.1518809 3.1085909 6.4378548 3.0560589 2.7478347 2.6811486 2.6644899 2.4306720 2.8904687 1.9605034 
Beraby_Baby_sb338648                                0.7472032 0.8893622 0.9037006 1.0115129 0.7952042 0.8025898 0.8252919 0.7456156 0.5871984 0.0000000 3.0403820 3.0126455 2.5172423 2.5617235 2.6151188 2.6631198 1.9857961 2.7854285 2.8656699 2.8790184 2.9305169 2.4710033 2.5714533 2.9014696 2.7130291 2.8454814 2.7371401 2.7708411 2.7153189 3.1548978 2.7060960 2.4867327 2.4216144 2.6272719 2.4231178 2.4226435 2.4668704 2.5325147 2.7064846 2.6024466 2.4635369 2.4758203 2.5656335 2.5761530 2.4325085 2.3560763 2.9070924 2.4555885 2.6451906 2.7392738 2.3539147 3.0304202 3.4268112 2.6181729 2.7412023 4.1019499 2.9512757 2.5710430 4.0247602 3.2824811 4.3999702 2.8382947 2.7659104 2.8528137 2.7643544 2.6146181 3.4204257 2.7588888 
Ocar_g3225                                          0.0000010 3.3351484 2.8761186 2.7542369 7.8087373 4.0150187 5.7974542 2.9776058 2.8029389 3.0403820 0.0000000 0.0000010 0.1222459 1.0605912 1.0605912 1.7829994 1.2181732 1.8769853 1.8379122 2.0243680 3.4490864 1.8063658 2.1949334 1.8688644 1.7001477 1.9150180 1.9707181 1.8684977 2.0302252 2.4269989 1.9911416 1.7892046 1.8284793 2.1964133 1.9188883 2.1708803 1.9649501 2.2701304 2.0290246 2.2877102 1.8885189 1.8539003 1.8847179 1.8847179 1.9751800 1.8648510 2.0029059 2.2684684 1.9952789 2.0822233 1.8229383 2.1871149 3.3011450 1.9652415 2.0569264 3.7902535 1.9655664 0.0000010 2.8329710 2.7220177 3.1870041 2.9066425 1.8859506 1.9436556 1.9181768 2.0887999 3.8441551 5.5622917 
Opea_EP00118_Oscarella_pearsei_P005756              4.3064179 3.0358790 2.6200642 2.7606125 3.2478747 3.1168157 3.4967063 2.9014032 2.8349144 3.0126455 0.0000010 0.0000000 0.1447583 1.1325269 1.1766589 1.9088012 1.3859438 2.0384842 2.0305529 2.1865943 2.2223963 1.8714926 1.9989456 1.8842260 1.8239254 1.8972202 1.9505603 1.8746066 2.0527492 2.1887845 1.9575006 1.8091152 1.8624506 2.2178751 1.8793889 2.0171895 2.1974326 2.3225042 2.2011824 2.3103633 2.0321939 2.0212926 2.0004325 2.0155565 2.0832942 2.0364551 2.2766583 2.2766159 2.3579734 2.4925496 2.0833961 2.6629629 3.4265040 2.4778974 2.5678004 3.3097745 2.2988994 2.7849468 2.8111171 2.7710848 4.0729004 2.2546930 2.0483628 2.0822882 2.0410973 2.2475081 2.4774828 2.1421996 
Opea_EP00118_Oscarella_pearsei_P005757              0.0000010 2.3970931 2.3907005 2.3570509 9.0000000 8.9999980 4.7596507 2.2794811 2.5677828 2.5172423 0.1222459 0.1447583 0.0000000 1.0444752 1.0444752 1.5878358 1.3886295 1.6358146 1.6427479 1.5979933 5.4652762 1.3821311 1.4811564 1.3828680 1.3626282 1.4742314 1.5358379 1.4762785 1.6469473 1.8659558 1.5107174 1.3723321 1.2291267 1.5201179 1.3118473 1.4100466 1.5027641 1.8409154 1.7821874 1.8878167 1.4245329 1.4131501 1.3323123 1.3323123 1.5132680 1.5405539 1.6021178 1.6004656 1.6759272 1.5429572 1.5305683 2.0632811 3.2996874 1.7265436 1.8027201 9.0000000 1.4528871 3.0845388 3.0312045 2.3018976 0.0000010 1.9233518 1.4252270 1.6225918 1.6225918 1.4858379 0.0000010 3.6215752 
Plajan_Pjan_scaffold21528_01                        2.0916000 2.4296863 2.4121190 2.4247887 3.6762560 3.0860898 3.5313374 2.5624915 2.5217826 2.5617235 1.0605912 1.1325269 1.0444752 0.0000000 0.0000010 1.6059251 1.1905334 1.7773216 1.7959863 2.1543564 1.5856761 1.5365273 1.8384791 1.7232619 1.6544156 1.7983402 1.8021039 1.5643628 1.9786130 2.3481638 1.6179867 1.6837000 1.8291448 2.0631418 2.0042596 2.1378685 2.0037234 2.1481340 2.0123676 2.0539993 1.8281858 1.8325588 1.8662151 1.8655425 1.9033157 1.8897183 1.9117128 2.2249464 2.0085052 2.0747724 1.9694384 2.2960431 5.3627233 2.1819166 2.2707608 4.2396676 2.0273976 3.1655509 3.1946323 2.7295085 5.8107898 2.3109162 1.9450945 2.0404327 2.0404327 2.1442963 9.0000000 0.6317592 
Plajan_Pjan_scaffold21529_01                        9.0000000 2.4685491 2.4121190 2.4830970 3.8663822 3.1726683 3.6731295 2.6249396 2.5704705 2.6151188 1.0605912 1.1766589 1.0444752 0.0000010 0.0000000 1.6520395 1.1905334 1.8304806 1.8553009 2.2190285 1.8843668 1.5814926 1.9167291 1.7548264 1.6755223 1.8367920 1.8407862 1.5823613 1.9931436 2.3481638 1.6582530 1.7306103 1.8797772 2.0959069 2.0572203 2.1760596 2.0508140 2.1929115 2.0523241 2.0547768 1.8540460 1.8585403 1.8780812 1.8774096 1.9282168 1.9186159 1.9480053 2.2568854 2.0483563 2.1146916 1.9694384 2.3338588 6.9830087 2.2164944 2.3055997 4.3533745 2.0556065 3.1904260 3.2262592 2.7245711 5.8107898 2.4378001 1.9719831 2.0404327 2.0404327 2.1808163 9.0000000 1.1081264 
Fspp_ffun1.m4.3281.m1                               3.9936549 2.6295398 2.3842283 2.6347393 2.9366947 2.9053109 3.2144077 2.6028641 2.5213680 2.6631198 1.7829994 1.9088012 1.5878358 1.6059251 1.6520395 0.0000000 0.1180081 0.1915053 0.2073427 0.4114268 0.3821383 0.8439617 0.7632111 1.1355000 1.1532491 1.1577292 1.1417589 1.1349660 1.2968454 1.4484279 1.2949929 1.2733628 1.5961226 1.4957328 1.4391331 1.5030893 1.7204251 1.8779807 1.2802557 1.3005780 1.7547794 1.7602102 1.7346569 1.7326658 1.7268325 1.6710307 1.7249863 1.8226770 2.2863648 2.4221301 2.0118210 2.4395292 3.4490919 2.4423381 2.4899822 3.1187359 1.8586198 2.9666385 2.7510614 2.7586714 2.7672716 2.0544528 2.1289596 2.3732617 2.3008696 2.1160606 2.4387409 1.5232767 
Gasp_gasp1.m3.15714.m1                              0.0000010 1.8013310 1.7448847 1.7857754 0.0000010 0.0000010 1.2143571 1.2832366 1.9781543 1.9857961 1.2181732 1.3859438 1.3886295 1.1905334 1.1905334 0.1180081 0.0000000 0.1568406 0.1545259 0.2405966 1.9351379 0.7678031 0.7008510 0.8262965 0.8820209 0.8494019 0.8187400 0.9207272 1.1293278 0.9183290 0.9183937 0.9279533 1.0887833 1.0117533 0.9710432 1.0635761 1.1596391 1.3444609 0.9533021 0.9909421 1.2283323 1.2051727 1.2678155 1.2678155 1.2699080 1.2699080 1.2516021 1.2140522 1.9097220 1.8563762 1.7890710 1.7281317 8.9999989 1.5423099 1.4841033 1.5530329 1.1234987 0.8778977 1.0623734 2.4452427 0.0000010 1.8888850 1.6912202 1.5617160 1.5617160 1.4314698 1.2452868 1.7101519 
Spis_XP_022784980_1                                 3.9020623 2.8752920 2.6626461 2.9836615 3.3995288 3.0774864 3.4383874 2.8317710 2.8678278 2.7854285 1.8769853 2.0384842 1.6358146 1.7773216 1.8304806 0.1915053 0.1568406 0.0000000 0.0652882 0.4537254 0.4200008 0.9166275 0.8368981 1.2438078 1.2518766 1.2831165 1.2389812 1.2135963 1.3772723 1.6344028 1.3253339 1.3497615 1.5926325 1.6589842 1.5139827 1.6006366 1.8912576 1.9964086 1.4030108 1.3975296 1.8874856 1.8467364 1.8677392 1.8657651 1.8740747 1.7538188 2.0099878 2.0258164 2.3835060 2.4989747 2.1936786 2.5384730 3.3306212 2.5137946 2.5068337 3.0904239 2.0673442 3.0010022 3.0937931 2.8342369 2.9086458 2.0729995 2.2239426 2.2742358 2.2254500 2.2523023 2.3415531 1.5731138 
Pocdam_XM_027183595.1                               4.3703773 2.8320398 2.5706130 2.8806770 3.3308063 3.1054854 3.4672268 2.8075947 2.8470033 2.8656699 1.8379122 2.0305529 1.6427479 1.7959863 1.8553009 0.2073427 0.1545259 0.0652882 0.0000000 0.4488327 0.4235694 0.9094625 0.8398646 1.2738058 1.2605676 1.3252575 1.2642533 1.2853630 1.4097699 1.6544920 1.3897933 1.3580193 1.6026754 1.6457254 1.5617565 1.6484156 1.9180356 1.9695778 1.4286266 1.4471839 1.9151732 1.9135341 1.9013815 1.8994003 1.9076746 1.8095523 2.0190866 2.0082459 2.4427265 2.5453769 2.2321870 2.6549137 3.5132352 2.6359512 2.6020276 3.2831944 2.1165714 2.8986043 3.0623906 2.8301199 3.2285096 2.0248324 2.2408054 2.3474647 2.2995247 2.2849702 2.4112991 1.5886521 
Adig_XM_015920081.1                                 3.8371319 2.9961810 2.8359375 2.9746277 3.2374857 3.4094877 3.5833536 2.9845977 2.9475660 2.8790184 2.0243680 2.1865943 1.5979933 2.1543564 2.2190285 0.4114268 0.2405966 0.4537254 0.4488327 0.0000000 0.4033184 1.0884173 1.0164122 1.3448800 1.3809328 1.3414975 1.3166524 1.3999681 1.4936808 1.8900746 1.5104121 1.4342050 1.7155095 1.7803269 1.6753123 1.7960053 1.8770043 2.0336267 1.5834939 1.6063029 2.0803525 2.0235607 2.1049835 2.1027980 2.0559975 1.9629452 2.0798791 2.1191749 2.5236389 2.4759326 2.2543629 2.6385199 3.1377708 2.5820206 2.5070185 3.3366172 2.3088943 2.8990764 3.1017779 3.1534948 3.2776999 1.9922382 2.4366032 2.4890018 2.4543664 2.3259030 2.4587262 1.5567202 
Gfas_gfas1.m1.15066.m1                              3.1861450 2.6858709 2.1169205 3.0801281 2.6679685 2.7400460 2.6220713 2.6686255 2.7892525 2.9305169 3.4490864 2.2223963 5.4652762 1.5856761 1.8843668 0.3821383 1.9351379 0.4200008 0.4235694 0.4033184 0.0000000 0.8797415 0.6508769 1.0892157 1.0832354 1.1531096 1.0626315 1.2461266 1.2348066 1.5773450 1.3179918 1.4833240 1.5242363 1.7136219 1.7031478 1.7883468 1.9408209 2.0659497 1.6393700 1.5816179 1.9232812 1.8732250 1.9103935 1.9055299 1.7784587 1.7784587 2.1681425 1.9808852 2.3523622 2.5036593 1.6880222 3.2494911 3.3238697 2.7434123 2.8085080 2.9635347 2.5524057 2.6888557 2.6089324 2.4084113 3.0708361 1.6999801 2.3422875 7.2579302 6.5169337 2.1954610 2.1922136 1.4944426 
Exapal_XM_021043851.2                               2.7146816 2.4505540 2.2818669 2.4275481 2.7747563 2.7319570 3.2019857 2.5944172 2.4092664 2.4710033 1.8063658 1.8714926 1.3821311 1.5365273 1.5814926 0.8439617 0.7678031 0.9166275 0.9094625 1.0884173 0.8797415 0.0000000 0.5233955 1.1637744 1.1420940 1.1871674 1.1531898 1.1911256 1.2504794 1.2409475 1.4076017 1.4483103 1.5531898 1.6073868 1.6563246 1.6944582 1.8249057 1.8277622 1.5467321 1.5469430 1.7734489 1.8162329 1.7935090 1.7916385 1.7672978 1.6475550 1.9120117 1.8899712 2.2357242 2.3567155 2.0462644 2.4099345 3.0681858 2.3276096 2.3083644 2.9664568 2.0415239 2.7442722 2.5465744 2.5273505 2.4672116 1.9185181 2.1254961 2.0845119 2.0088957 2.2689118 2.7541280 1.4381916 
Nvec_v1g183779                                      3.7248917 2.6303478 2.3083380 2.6402672 2.8430973 2.6242695 3.3363592 2.7803209 2.5819600 2.5714533 2.1949334 1.9989456 1.4811564 1.8384791 1.9167291 0.7632111 0.7008510 0.8368981 0.8398646 1.0164122 0.6508769 0.5233955 0.0000000 1.0850112 1.0397447 1.0564807 1.0823147 1.0566280 1.1659673 1.1693085 1.2826067 1.2907827 1.4311447 1.7025308 1.4858204 1.6728375 1.7746080 1.6940069 1.3405010 1.3655651 1.6852231 1.6617780 1.6746694 1.6724776 1.6166106 1.5647146 2.0361837 2.0036041 2.2968201 2.3134333 2.1348237 2.5451497 2.9779192 2.4749801 2.5228958 2.9532896 2.1666761 2.9039663 2.6440043 2.5110115 3.2886943 1.8849870 2.2287474 2.5683182 2.4556700 2.2825913 2.7015426 1.3798024 
Sanmal_Sma_024364-T1                                4.5527713 2.5219443 2.2226528 2.5368120 2.9601920 2.8802555 3.3643886 2.8681466 2.5644311 2.9014696 1.8688644 1.8842260 1.3828680 1.7232619 1.7548264 1.1355000 0.8262965 1.2438078 1.2738058 1.3448800 1.0892157 1.1637744 1.0850112 0.0000000 0.4314870 0.4541964 0.4368711 0.7659114 0.9027663 0.9962717 1.3676456 1.3358850 1.6485319 1.7495442 1.5719957 1.7214195 1.7708626 1.8566826 1.4267418 1.4393732 1.6420620 1.6615025 1.6422389 1.6329620 1.6424814 1.5692895 1.7763849 1.8155649 2.1840375 2.2198868 2.0938771 2.5969595 3.4202684 2.3649488 2.3804711 3.2477958 2.1601368 2.8417956 2.5570829 2.4554117 2.7734221 1.9133152 2.1447613 2.1074776 2.0477043 2.0802791 2.4046741 1.0675263 
Aaur_scaffold708.g1.t1                              4.8154688 2.4193026 2.0595973 2.5407644 3.0318978 2.9016703 3.3298056 2.7357775 2.5437698 2.7130291 1.7001477 1.8239254 1.3626282 1.6544156 1.6755223 1.1532491 0.8820209 1.2518766 1.2605676 1.3809328 1.0832354 1.1420940 1.0397447 0.4314870 0.0000000 0.3793367 0.3418455 0.7930921 0.8704619 1.0254813 1.2856462 1.3200906 1.5586328 1.7298824 1.6321627 1.6432596 1.7294470 1.8995088 1.3799168 1.3891626 1.6856010 1.7205084 1.6659237 1.6565405 1.6656191 1.5995355 1.9258675 1.7133605 2.1361848 2.2682553 2.0508228 2.5251786 3.8138206 2.3887831 2.3500513 3.2359476 2.0783005 2.8441141 2.6944069 2.4001228 2.8069042 1.9707467 2.2484451 2.4613859 2.3494405 2.1079056 2.2637267 1.1012325 
Nemnom_g13310.t1                                    4.3507651 2.5020459 2.2050539 2.6105640 2.9514770 3.0691039 3.2270794 2.7811183 2.7587823 2.8454814 1.9150180 1.8972202 1.4742314 1.7983402 1.8367920 1.1577292 0.8494019 1.2831165 1.3252575 1.3414975 1.1531096 1.1871674 1.0564807 0.4541964 0.3793367 0.0000000 0.1657312 0.8342399 0.9003162 0.9699522 1.3230661 1.3269184 1.5998728 1.7620295 1.6673979 1.6389335 1.7284641 1.8615767 1.4556517 1.4137876 1.7476033 1.7254629 1.6963704 1.6867902 1.6652410 1.6103198 1.8707407 1.7882691 2.1550030 2.1977654 2.0645574 2.5883435 3.8367163 2.4659457 2.4415577 3.2660409 2.1925194 2.9864376 2.7771534 2.6135825 3.4157589 1.9832448 2.2744494 2.4350793 2.3262886 2.1189581 2.3656854 1.1921114 
Rhoesc_Res_017024-T1                                4.4749932 2.4919617 2.2226895 2.5993896 2.9399744 3.0609155 3.2412744 2.7399566 2.6904215 2.7371401 1.9707181 1.9505603 1.5358379 1.8021039 1.8407862 1.1417589 0.8187400 1.2389812 1.2642533 1.3166524 1.0626315 1.1531898 1.0823147 0.4368711 0.3418455 0.1657312 0.0000000 0.7790928 0.8649040 0.9733373 1.3280592 1.2396750 1.6054110 1.8324935 1.6817237 1.6783623 1.7547395 1.8610812 1.4479960 1.4279184 1.6911698 1.6907752 1.6912263 1.6816477 1.6858658 1.6162670 1.8573672 1.7133975 2.2050181 2.2932400 2.1278805 2.5349166 3.7831899 2.4378767 2.4518232 3.3394986 2.3082199 3.1306520 2.9175168 2.5584458 3.1015153 1.9707200 2.2813392 2.3513704 2.2194422 2.1509379 2.4779581 1.1754057 
Morvir_scaffold91.g10.t1                            4.9934710 2.4205161 1.9784041 2.5643692 3.0959151 2.9385905 3.1554456 2.4809461 2.3003891 2.7708411 1.8684977 1.8746066 1.4762785 1.5643628 1.5823613 1.1349660 0.9207272 1.2135963 1.2853630 1.3999681 1.2461266 1.1911256 1.0566280 0.7659114 0.7930921 0.8342399 0.7790928 0.0000000 0.9731311 0.9050799 1.3603079 1.4158634 1.6346967 1.6778310 1.4957981 1.5587781 1.7741413 1.7142829 1.4451574 1.4670440 1.7325783 1.7551893 1.7113609 1.7094874 1.8327644 1.7235888 1.7748382 1.6879677 2.0361348 2.1690597 1.8400484 2.3566456 3.4056320 2.1986776 2.2834839 3.1791204 1.9556198 3.1176877 2.8189888 2.4348532 3.1000363 1.9576767 2.0804036 2.1605062 2.0196583 2.0719017 2.8080483 1.3231471 
Chem_TCONS_00032424                                 3.1342616 2.4929279 2.3001310 2.5064907 2.9274650 2.7889341 3.2603926 2.6705811 2.4644006 2.7153189 2.0302252 2.0527492 1.6469473 1.9786130 1.9931436 1.2968454 1.1293278 1.3772723 1.4097699 1.4936808 1.2348066 1.2504794 1.1659673 0.9027663 0.8704619 0.9003162 0.8649040 0.9731311 0.0000000 0.8514128 1.4046774 1.2869537 1.5023488 1.6386339 1.5446532 1.5405232 1.8087621 1.8738012 1.4881534 1.4712971 1.7615246 1.8155438 1.7264298 1.7166957 1.7304694 1.6379620 1.8513250 1.7690374 2.1763955 2.1947280 2.0647034 2.3550003 3.1125889 2.3118635 2.3269631 3.4363511 2.2117974 3.0626987 2.8674919 2.6401768 3.3441977 2.1775102 2.2242329 2.4066236 2.3084047 2.0067693 2.3662688 0.7923652 
Hvul_g31979_1                                       0.0000010 2.7283722 2.6744381 2.5353436 4.9348479 3.1709497 4.1359149 2.8451988 2.9412945 3.1548978 2.4269989 2.1887845 1.8659558 2.3481638 2.3481638 1.4484279 0.9183290 1.6344028 1.6544920 1.8900746 1.5773450 1.2409475 1.1693085 0.9962717 1.0254813 0.9699522 0.9733373 0.9050799 0.8514128 0.0000000 1.4981744 1.2902388 1.6732321 1.8959135 1.6356652 1.7220313 1.7761131 1.8400850 1.6591508 1.5718240 1.7031282 1.6452225 1.7894453 1.7857417 1.8272200 1.5883059 2.0619937 2.0275312 2.4848239 2.5232233 2.4794967 2.7459386 2.3913459 2.4941791 2.5922381 3.9146496 2.2991998 2.3734670 2.5476988 2.3941475 4.4243146 2.3499805 2.1384860 2.5166764 2.5166764 2.5587374 1.9450308 7.0967909 
Bralan_BLAG03102294_1                               3.9765985 2.4800358 2.2212243 2.3799837 2.6814504 2.6849531 3.1300958 2.6820956 2.3856699 2.7060960 1.9911416 1.9575006 1.5107174 1.6179867 1.6582530 1.2949929 0.9183937 1.3253339 1.3897933 1.5104121 1.3179918 1.4076017 1.2826067 1.3676456 1.2856462 1.3230661 1.3280592 1.3603079 1.4046774 1.4981744 0.0000000 0.8396799 1.0834743 1.3100401 1.1192051 1.3415787 1.2271388 1.5736678 1.6462153 1.6539585 1.8665502 1.9462573 1.8015421 1.8140392 1.8298874 1.7778836 1.5973227 1.5805203 2.0619448 2.1648270 1.9864588 2.3722032 3.7899094 2.4101104 2.3578126 3.1732504 2.1399740 2.2204893 3.0142588 2.8445610 3.9081720 1.9051976 2.0509368 2.4708021 2.3589498 2.1502066 2.3672406 1.8055432 
Hsap_ENST00000426126                                3.6982483 2.3107857 2.0660439 2.3917685 2.8919484 2.7043917 3.3462107 2.6599978 2.3217688 2.4867327 1.7892046 1.8091152 1.3723321 1.6837000 1.7306103 1.2733628 0.9279533 1.3497615 1.3580193 1.4342050 1.4833240 1.4483103 1.2907827 1.3358850 1.3200906 1.3269184 1.2396750 1.4158634 1.2869537 1.2902388 0.8396799 0.0000000 0.9930195 1.1478479 1.1018879 1.3341784 1.1310351 1.4167747 1.5414123 1.5751768 1.7527065 1.7582704 1.6663514 1.6779661 1.7184060 1.6283256 1.2334073 1.5375585 2.1728956 2.1717211 1.9739106 2.1950113 2.9970383 2.2347916 2.2443411 2.9510495 2.0916359 2.6385462 2.7339073 2.4830044 3.2266266 1.7698931 1.9248040 2.1075239 2.0956346 2.0407255 2.0744154 1.8719358 
Skow_XM_006817922.1                                 3.4481986 2.5088227 2.2884450 2.2607947 2.5221694 2.5642442 3.1595149 2.6002386 2.3085902 2.4216144 1.8284793 1.8624506 1.2291267 1.8291448 1.8797772 1.5961226 1.0887833 1.5926325 1.6026754 1.7155095 1.5242363 1.5531898 1.4311447 1.6485319 1.5586328 1.5998728 1.6054110 1.6346967 1.5023488 1.6732321 1.0834743 0.9930195 0.0000000 1.1161007 1.1699085 1.1066514 1.3733868 1.4548075 1.6101452 1.6008446 1.7034697 1.7173101 1.6432283 1.6544761 1.6752466 1.5771225 1.7487086 1.5583472 2.4008511 2.5207400 2.2328404 2.7465133 2.9203483 2.4676534 2.4541809 3.1251142 2.2515491 2.5864104 2.8274044 2.7872607 3.1145323 1.8754561 2.1512989 2.4942115 2.3919418 2.1841205 2.1252617 1.8257677 
Spur_XM_030973157.1                                 2.3581508 2.4455688 2.2667684 2.4816365 2.9084199 2.9427495 3.2640924 2.8714102 2.4002229 2.6272719 2.1964133 2.2178751 1.5201179 2.0631418 2.0959069 1.4957328 1.0117533 1.6589842 1.6457254 1.7803269 1.7136219 1.6073868 1.7025308 1.7495442 1.7298824 1.7620295 1.8324935 1.6778310 1.6386339 1.8959135 1.3100401 1.1478479 1.1161007 0.0000000 1.3182184 1.3902371 1.5091282 1.6229528 1.7328429 1.7001263 2.1074291 2.1064746 2.0029184 2.0074559 2.0522334 1.9017368 1.9360638 1.7537697 2.2161694 2.3152641 2.1261573 2.3640412 2.6422190 2.2753392 2.2858866 3.0646601 2.1521684 2.1653540 2.5850802 2.6690232 2.5700268 2.4188604 2.1438890 2.5396941 2.4521033 2.2900006 1.8014307 2.0130468 
Acagra_model.g1319.t1                               2.8366086 2.5457092 2.2461088 2.3225697 2.5622265 2.6886444 3.1237651 2.6226045 2.3729305 2.4231178 1.9188883 1.8793889 1.3118473 2.0042596 2.0572203 1.4391331 0.9710432 1.5139827 1.5617565 1.6753123 1.7031478 1.6563246 1.4858204 1.5719957 1.6321627 1.6673979 1.6817237 1.4957981 1.5446532 1.6356652 1.1192051 1.1018879 1.1699085 1.3182184 0.0000000 0.9312372 1.2822547 1.5892147 1.8188106 1.7953820 1.8884088 1.8937190 1.7655207 1.7778422 1.8248607 1.7991382 1.7476356 1.6628818 2.0643806 2.0937645 2.0073553 2.4122494 2.6965193 2.1601271 2.1492752 2.8399292 2.2562369 2.4756475 2.4400885 2.6239261 2.7499198 1.7401454 1.9823455 2.2688764 2.2370727 2.1860752 2.1649276 2.0296863 
Cgig_XM_034475371.1                                 2.5488573 2.3825896 2.3408052 2.5088035 2.7231319 2.7241540 2.9550600 2.4283483 2.4046456 2.4226435 2.1708803 2.0171895 1.4100466 2.1378685 2.1760596 1.5030893 1.0635761 1.6006366 1.6484156 1.7960053 1.7883468 1.6944582 1.6728375 1.7214195 1.6432596 1.6389335 1.6783623 1.5587781 1.5405232 1.7220313 1.3415787 1.3341784 1.1066514 1.3902371 0.9312372 0.0000000 1.4466124 1.5082040 1.9746054 1.9739105 2.0195318 2.0717281 1.9729129 1.9871412 1.9451591 1.7966913 1.8855836 1.7528793 2.2671598 2.3094285 2.0661009 2.5255034 2.9758142 2.2894071 2.3235876 3.0412948 2.2740913 2.7557013 3.2469433 2.5580447 3.1941654 1.9811621 2.1594862 2.6899035 2.5983205 2.3448332 2.6154338 2.1444438 
Cscu_XM_023388513.1                                 3.9448250 2.4535144 2.1792887 2.4006122 2.8166356 2.5275482 2.9895594 2.3814676 2.2285369 2.4668704 1.9649501 2.1974326 1.5027641 2.0037234 2.0508140 1.7204251 1.1596391 1.8912576 1.9180356 1.8770043 1.9408209 1.8249057 1.7746080 1.7708626 1.7294470 1.7284641 1.7547395 1.7741413 1.8087621 1.7761131 1.2271388 1.1310351 1.3733868 1.5091282 1.2822547 1.4466124 0.0000000 1.1985901 1.8133534 1.8624966 1.9595176 2.0147465 1.9370774 1.9440128 1.9964736 1.9351113 1.8308041 1.3707118 2.3645196 2.3608431 2.1578808 2.5357861 3.4441936 2.4343802 2.3663431 3.6173883 2.2108377 3.3674085 3.2794754 2.6225978 3.1175185 2.0747208 2.2059518 2.4308269 2.3862452 2.3269034 2.9132095 2.0915584 
Tcas_TC007009_001                                   4.9039660 2.5904315 2.1777298 2.4936743 3.0095631 2.8546278 3.0051056 2.4199096 2.2622621 2.5325147 2.2701304 2.3225042 1.8409154 2.1481340 2.1929115 1.8779807 1.3444609 1.9964086 1.9695778 2.0336267 2.0659497 1.8277622 1.6940069 1.8566826 1.8995088 1.8615767 1.8610812 1.7142829 1.8738012 1.8400850 1.5736678 1.4167747 1.4548075 1.6229528 1.5892147 1.5082040 1.1985901 0.0000000 1.9301221 1.8484771 2.0081356 2.0228642 2.0127028 2.0106372 1.9742018 1.9030642 2.0236639 1.4086684 2.2970924 2.2797227 2.0855094 2.6406277 3.2636373 2.5906791 2.6449004 3.8756491 2.1518894 2.8243702 2.9680516 2.8860691 2.8268903 2.0445650 2.2489223 2.5532100 2.4735354 2.4121467 3.4878483 1.8250216 
Dgig_XM_028547641.1                                 3.1099689 2.6846724 2.4588442 2.5067340 2.9105488 2.8667125 3.6634410 2.8394841 2.6099834 2.7064846 2.0290246 2.2011824 1.7821874 2.0123676 2.0523241 1.2802557 0.9533021 1.4030108 1.4286266 1.5834939 1.6393700 1.5467321 1.3405010 1.4267418 1.3799168 1.4556517 1.4479960 1.4451574 1.4881534 1.6591508 1.6462153 1.5414123 1.6101452 1.7328429 1.8188106 1.9746054 1.8133534 1.9301221 0.0000000 0.2994056 2.0152246 2.0064240 1.9971572 2.0046331 2.0679187 1.9505852 2.0855972 1.9876520 2.2293519 2.2582109 2.0746787 2.4793144 3.1636634 2.4395321 2.4431608 3.2261030 2.3229209 3.5043355 2.9605984 2.7338443 2.3365843 2.3406539 2.4850872 2.6160088 2.5634641 2.3377864 2.4158927 1.9444380 
Xesp_027366-T1                                      3.4216397 2.6098876 2.3138642 2.4788289 2.6883062 2.8092896 3.6335866 2.8118146 2.4732357 2.6024466 2.2877102 2.3103633 1.8878167 2.0539993 2.0547768 1.3005780 0.9909421 1.3975296 1.4471839 1.6063029 1.5816179 1.5469430 1.3655651 1.4393732 1.3891626 1.4137876 1.4279184 1.4670440 1.4712971 1.5718240 1.6539585 1.5751768 1.6008446 1.7001263 1.7953820 1.9739105 1.8624966 1.8484771 0.2994056 0.0000000 2.0246247 2.0051459 1.9968042 2.0042441 2.0198194 1.8839248 2.0999680 1.8594593 2.0714180 2.0777999 1.9227655 2.4856145 3.3541149 2.3636860 2.4011641 3.2031957 2.3332236 2.8941703 3.1565212 2.6411967 2.2010251 2.6088848 2.4557029 2.7033720 2.6654374 2.3178808 2.8242014 1.8133285 
HoiH23_PlH23_010508-RA                              3.3274277 2.4660107 2.1930693 2.2541203 3.0196985 2.7904108 2.9793311 2.4507601 2.3617085 2.4635369 1.8885189 2.0321939 1.4245329 1.8281858 1.8540460 1.7547794 1.2283323 1.8874856 1.9151732 2.0803525 1.9232812 1.7734489 1.6852231 1.6420620 1.6856010 1.7476033 1.6911698 1.7325783 1.7615246 1.7031282 1.8665502 1.7527065 1.7034697 2.1074291 1.8884088 2.0195318 1.9595176 2.0081356 2.0152246 2.0246247 0.0000000 0.0865703 0.1400236 0.1424846 0.2159456 0.2168016 2.2539636 2.0512773 2.3920984 2.5461821 2.0318150 2.7587485 3.3434625 2.4004644 2.5325812 4.0049175 2.1001981 2.1372921 2.5774276 2.4183643 2.5787924 1.8845043 1.9650815 2.2046431 2.1949336 2.0580477 2.2963078 2.0690158 
HoiH06_mRNA5334                                     3.6332376 2.4934015 2.1262858 2.2784326 3.0316256 2.8254787 3.0113011 2.4773218 2.3481889 2.4758203 1.8539003 2.0212926 1.4131501 1.8325588 1.8585403 1.7602102 1.2051727 1.8467364 1.9135341 2.0235607 1.8732250 1.8162329 1.6617780 1.6615025 1.7205084 1.7254629 1.6907752 1.7551893 1.8155438 1.6452225 1.9462573 1.7582704 1.7173101 2.1064746 1.8937190 2.0717281 2.0147465 2.0228642 2.0064240 2.0051459 0.0865703 0.0000000 0.1776099 0.1802343 0.2414383 0.2337251 2.2595912 1.9910127 2.4168058 2.5295209 2.0123717 2.7582358 3.3417339 2.3971596 2.5303527 3.9835487 2.1392408 2.1346907 2.4725871 2.4209604 2.7217555 1.8773637 1.9809242 2.3083387 2.2737024 2.0637839 2.2438154 2.0488978 
Hhon_g05135.t1                                      3.6076612 2.5466450 2.1951641 2.2520788 3.1352393 2.9039091 3.1800999 2.5496573 2.4030399 2.5656335 1.8847179 2.0004325 1.3323123 1.8662151 1.8780812 1.7346569 1.2678155 1.8677392 1.9013815 2.1049835 1.9103935 1.7935090 1.6746694 1.6422389 1.6659237 1.6963704 1.6912263 1.7113609 1.7264298 1.7894453 1.8015421 1.6663514 1.6432283 2.0029184 1.7655207 1.9729129 1.9370774 2.0127028 1.9971572 1.9968042 0.1400236 0.1776099 0.0000000 0.0017216 0.2330877 0.2252552 2.1822043 2.0254137 2.4177975 2.5634624 2.0410369 2.7600613 3.3922766 2.4202575 2.5443092 3.8686322 2.1608174 2.0926602 2.3419880 2.3541744 2.6675970 1.9271061 1.9477441 2.2659812 2.2308511 2.0361321 2.1254067 1.9566455 
HoiH04_mRNA6268                                     3.6076612 2.5514594 2.2005405 2.2611169 3.1616002 2.9197743 3.2028702 2.5613112 2.4146462 2.5761530 1.8847179 2.0155565 1.3323123 1.8655425 1.8774096 1.7326658 1.2678155 1.8657651 1.8994003 2.1027980 1.9055299 1.7916385 1.6724776 1.6329620 1.6565405 1.6867902 1.6816477 1.7094874 1.7166957 1.7857417 1.8140392 1.6779661 1.6544761 2.0074559 1.7778422 1.9871412 1.9440128 2.0106372 2.0046331 2.0042441 0.1424846 0.1802343 0.0017216 0.0000000 0.2359202 0.2283723 2.1690497 2.0290509 2.4158394 2.5681281 2.0509890 2.7575900 3.3922766 2.4182376 2.5421133 3.8555909 2.1584548 2.0926602 2.3373779 2.3533601 2.6675970 1.9230297 1.9456627 2.2659812 2.2308511 2.0217568 2.1254067 1.9566455 
TrH2_TrispH2_010170-RA                              3.7128272 2.5608033 2.2354110 2.2962572 2.9906595 2.9162080 3.0444946 2.5256148 2.3494219 2.4325085 1.9751800 2.0832942 1.5132680 1.9033157 1.9282168 1.7268325 1.2699080 1.8740747 1.9076746 2.0559975 1.7784587 1.7672978 1.6166106 1.6424814 1.6656191 1.6652410 1.6858658 1.8327644 1.7304694 1.8272200 1.8298874 1.7184060 1.6752466 2.0522334 1.8248607 1.9451591 1.9964736 1.9742018 2.0679187 2.0198194 0.2159456 0.2414383 0.2330877 0.2359202 0.0000000 0.0019185 2.2296961 2.0452734 2.4619677 2.5655463 2.0485079 2.8026201 2.9596432 2.3244178 2.4622465 3.9416777 2.0952207 2.0560051 2.5118154 2.6115622 2.8986787 1.9235432 2.0127910 2.4725581 2.4278156 2.1199064 2.0814928 1.9467724 
Tadh_wf_g11466.t1                                   3.7128272 2.4733551 2.0838682 2.2458442 3.0503372 2.9505711 2.9081001 2.3986925 2.2227601 2.3560763 1.8648510 2.0364551 1.5405539 1.8897183 1.9186159 1.6710307 1.2699080 1.7538188 1.8095523 1.9629452 1.7784587 1.6475550 1.5647146 1.5692895 1.5995355 1.6103198 1.6162670 1.7235888 1.6379620 1.5883059 1.7778836 1.6283256 1.5771225 1.9017368 1.7991382 1.7966913 1.9351113 1.9030642 1.9505852 1.8839248 0.2168016 0.2337251 0.2252552 0.2283723 0.0019185 0.0000000 2.1076222 1.9025706 2.3016909 2.3945317 1.8519221 2.6576716 2.9596432 2.1024815 2.2655725 3.6863396 2.0022181 2.0560051 2.4686495 2.6064890 2.8986787 1.8873909 1.9274445 2.1376305 2.0829695 1.9662344 2.0814928 1.9467724 
Hsap_ENST00000446113                                4.2060748 2.6960870 2.3508374 2.6247627 3.2314171 2.9892208 3.6169305 3.0602392 2.6800486 2.9070924 2.0029059 2.2766583 1.6021178 1.9117128 1.9480053 1.7249863 1.2516021 2.0099878 2.0190866 2.0798791 2.1681425 1.9120117 2.0361837 1.7763849 1.9258675 1.8707407 1.8573672 1.7748382 1.8513250 2.0619937 1.5973227 1.2334073 1.7487086 1.9360638 1.7476356 1.8855836 1.8308041 2.0236639 2.0855972 2.0999680 2.2539636 2.2595912 2.1822043 2.1690497 2.2296961 2.1076222 0.0000000 1.9197725 2.5064059 2.5868516 2.2416762 2.7749066 3.2631568 2.6001756 2.6207273 3.2327743 2.4926499 3.0987386 3.4683281 3.0274401 4.5480896 2.4746482 2.3403421 2.4169239 2.3622009 2.4416606 2.8588546 2.3271400 
Dpul_mRNA28575                                      3.4402558 2.5451202 2.3009078 2.2837947 2.5416520 2.7231834 3.0434141 2.5482685 2.3807366 2.4555885 2.2684684 2.2766159 1.6004656 2.2249464 2.2568854 1.8226770 1.2140522 2.0258164 2.0082459 2.1191749 1.9808852 1.8899712 2.0036041 1.8155649 1.7133605 1.7882691 1.7133975 1.6879677 1.7690374 2.0275312 1.5805203 1.5375585 1.5583472 1.7537697 1.6628818 1.7528793 1.3707118 1.4086684 1.9876520 1.8594593 2.0512773 1.9910127 2.0254137 2.0290509 2.0452734 1.9025706 1.9197725 0.0000000 2.3291840 2.3243804 2.0653823 2.4806477 3.4127913 2.3322925 2.2863368 3.2483437 2.2242720 2.6162718 2.6245941 2.7820109 2.4421889 2.5553914 2.2278367 2.5226956 2.4782476 2.3417057 2.3113571 1.9338150 
Aque_Aqu2.1.28475_001                               5.0863130 2.5571988 2.0577542 2.4927103 3.3137146 3.0037085 3.4083534 2.7704967 2.3388301 2.6451906 1.9952789 2.3579734 1.6759272 2.0085052 2.0483563 2.2863648 1.9097220 2.3835060 2.4427265 2.5236389 2.3523622 2.2357242 2.2968201 2.1840375 2.1361848 2.1550030 2.2050181 2.0361348 2.1763955 2.4848239 2.0619448 2.1728956 2.4008511 2.2161694 2.0643806 2.2671598 2.3645196 2.2970924 2.2293519 2.0714180 2.3920984 2.4168058 2.4177975 2.4158394 2.4619677 2.3016909 2.5064059 2.3291840 0.0000000 0.2947394 0.4123124 1.1105919 1.0056235 0.9949266 1.0004348 1.1619935 1.3247762 2.8492499 3.3180174 2.6626917 2.5354093 2.7968730 2.2117618 2.5967416 2.4920016 2.5348015 2.7531630 2.0803958 
Halamb_c49035_g1_i1m.25330                          4.7664990 2.6080976 2.1389668 2.4890644 3.2942240 3.1333306 3.5120466 2.7680109 2.3393101 2.7392738 2.0822233 2.4925496 1.5429572 2.0747724 2.1146916 2.4221301 1.8563762 2.4989747 2.5453769 2.4759326 2.5036593 2.3567155 2.3134333 2.2198868 2.2682553 2.1977654 2.2932400 2.1690597 2.1947280 2.5232233 2.1648270 2.1717211 2.5207400 2.3152641 2.0937645 2.3094285 2.3608431 2.2797227 2.2582109 2.0777999 2.5461821 2.5295209 2.5634624 2.5681281 2.5655463 2.3945317 2.5868516 2.3243804 0.2947394 0.0000000 0.3462256 1.1561423 0.8728533 0.9709225 1.0066986 1.2199208 1.3176774 2.7276975 3.2729584 2.7918117 2.6587951 2.9253930 2.3042448 2.4855285 2.4138500 2.5276802 2.6572343 2.2759351 
Xestes_maker-XT_scaffold180838-snap-gene-0.4-mRNA-1 0.0000010 2.1362835 2.1728490 2.2869703 2.8969595 2.6667069 3.1379234 2.3741534 2.2989438 2.3539147 1.8229383 2.0833961 1.5305683 1.9694384 1.9694384 2.0118210 1.7890710 2.1936786 2.2321870 2.2543629 1.6880222 2.0462644 2.1348237 2.0938771 2.0508228 2.0645574 2.1278805 1.8400484 2.0647034 2.4794967 1.9864588 1.9739106 2.2328404 2.1261573 2.0073553 2.0661009 2.1578808 2.0855094 2.0746787 1.9227655 2.0318150 2.0123717 2.0410369 2.0509890 2.0485079 1.8519221 2.2416762 2.0653823 0.4123124 0.3462256 0.0000000 1.0865536 1.5446472 0.8740128 0.8699211 1.2193105 1.2703212 2.6269009 3.7749277 2.8273320 6.3771647 3.0298756 2.0760571 2.2669874 2.2669874 2.3816438 1.0296458 0.6486590 
Tetwil_g2032.t1                                     4.3182573 2.8592904 2.4795928 3.0982806 4.2484496 3.6056602 4.1774751 3.1876138 2.5984095 3.0304202 2.1871149 2.6629629 2.0632811 2.2960431 2.3338588 2.4395292 1.7281317 2.5384730 2.6549137 2.6385199 3.2494911 2.4099345 2.5451497 2.5969595 2.5251786 2.5883435 2.5349166 2.3566456 2.3550003 2.7459386 2.3722032 2.1950113 2.7465133 2.3640412 2.4122494 2.5255034 2.5357861 2.6406277 2.4793144 2.4856145 2.7587485 2.7582358 2.7600613 2.7575900 2.8026201 2.6576716 2.7749066 2.4806477 1.1105919 1.1561423 1.0865536 0.0000000 0.7755064 0.9156999 0.9443295 0.8074307 1.3745213 3.0365061 3.4176854 2.8431588 2.8222154 2.9793244 2.5115667 2.6626818 2.5379717 2.6570383 3.1531092 2.8025898 
Spolac_c103048_g1_i2_m.32235c103048-g1              3.9808819 4.0809517 4.3830510 3.5276090 3.3526114 3.8267331 3.9024987 3.9024987 3.1813357 3.4268112 3.3011450 3.4265040 3.2996874 5.3627233 6.9830087 3.4490919 8.9999989 3.3306212 3.5132352 3.1377708 3.3238697 3.0681858 2.9779192 3.4202684 3.8138206 3.8367163 3.7831899 3.4056320 3.1125889 2.3913459 3.7899094 2.9970383 2.9203483 2.6422190 2.6965193 2.9758142 3.4441936 3.2636373 3.1636634 3.3541149 3.3434625 3.3417339 3.3922766 3.3922766 2.9596432 2.9596432 3.2631568 3.4127913 1.0056235 0.8728533 1.5446472 0.7755064 0.0000000 0.0345099 0.2284861 0.7068290 1.8028351 2.7879949 3.0627841 2.8422516 2.3070317 2.5215573 2.9876064 7.5542559 8.9999986 2.6742367 2.7704969 2.9445733 
Spolac_c103048_g1_i1_m.32233c103048-g1              3.9808819 2.5648265 2.2246526 2.6554670 3.5221444 3.1642769 3.9227520 2.9178440 2.2776947 2.6181729 1.9652415 2.4778974 1.7265436 2.1819166 2.2164944 2.4423381 1.5423099 2.5137946 2.6359512 2.5820206 2.7434123 2.3276096 2.4749801 2.3649488 2.3887831 2.4659457 2.4378767 2.1986776 2.3118635 2.4941791 2.4101104 2.2347916 2.4676534 2.2753392 2.1601271 2.2894071 2.4343802 2.5906791 2.4395321 2.3636860 2.4004644 2.3971596 2.4202575 2.4182376 2.3244178 2.1024815 2.6001756 2.3322925 0.9949266 0.9709225 0.8740128 0.9156999 0.0345099 0.0000000 0.1470311 0.8528751 1.3041141 2.5781740 3.0593044 2.6885921 2.6090350 2.8199825 2.1771685 2.5050359 2.4236132 2.3734286 2.6337780 2.3946890 
