61
Ctel_gnl_WGS_AMQN_CAPTEDRAFT_mRNA218781                 0.0000000 0.5204857 0.5005138 0.5566388 0.5289848 0.5521844 0.5468021 0.4210914 0.5262772 0.5774381 0.4983205 0.6178013 0.4955416 1.3460378 0.5557692 0.6921971 0.8228787 0.8297740 0.5372809 0.9563904 1.0826413 0.6427761 0.7095312 0.5673437 0.7386439 0.7871921 0.7008523 0.6765658 0.7382057 0.7382057 0.7161380 0.6969662 0.6998039 0.9769758 0.7619888 0.9107752 0.8650029 0.9132843 0.9729011 1.0813257 0.6906298 0.8025322 0.7057199 0.7329864 0.9174967 0.9286588 0.8075705 1.0010185 0.3422558 1.1502066 1.3422402 1.4073177 1.2345148 1.4769325 1.2977509 1.5794467 1.5172164 1.6392123 1.6151441 1.7716904 2.0841284 
Pocdam_XM_027185395.1                                   0.5204857 0.0000000 0.0556354 0.0936632 0.1299131 0.1647081 0.1600998 0.0000010 0.2990888 0.3534902 0.2928398 0.4832333 0.4704582 0.0000010 0.4310494 0.4968021 0.6055232 0.6853066 0.4384983 0.9232165 0.9665455 0.5602829 0.6915448 0.6259590 0.6745067 0.7062196 0.6654080 0.6302327 0.6621150 0.6621150 0.6464092 0.6857709 0.6857709 0.7538188 0.6277964 0.7979715 0.0000010 0.7997002 0.8512263 0.8287951 0.5855692 0.6371478 0.6597976 0.6454091 0.7923559 0.9624568 0.8688257 0.9910103 0.3871979 1.2833896 1.3824463 1.4213849 1.3273085 1.2570441 1.2782193 1.4083645 1.3874177 1.6265072 1.5643550 2.5637260 2.1199166 
Spis_XP_022806330_1                                     0.5005138 0.0556354 0.0000000 0.1410304 0.1278466 0.1293597 0.1265709 0.0934647 0.2491958 0.2558828 0.2889559 0.4387042 0.4141676 0.3822804 0.4265610 0.4881065 0.6005584 0.6371572 0.4039184 0.8108637 0.8379872 0.5071039 0.6247511 0.5438080 0.6104669 0.6245307 0.6708644 0.6476635 0.6073298 0.6519233 0.6493338 0.6407837 0.6342147 0.7696210 0.8402618 0.8719542 0.8936832 0.9504420 0.7721611 0.7751983 0.5900706 0.5975963 0.5914291 0.6052022 0.6867714 0.9069794 0.9128361 0.9461301 0.3988740 1.1788439 1.1601780 1.4138804 1.0943589 1.2561782 1.1353010 1.4243684 1.2536669 1.3615797 1.3482627 0.5632404 2.0115224 
Gasp_gasp1.m3.20196.m1                                  0.5566388 0.0936632 0.1410304 0.0000000 0.1580441 0.1683603 0.1622406 0.2102030 0.2855034 0.3213059 0.3419571 0.4744141 0.4940803 0.6814066 0.3806055 0.4618281 0.5556681 0.6942045 0.4360352 0.9081619 0.9766853 0.5587216 0.6944279 0.6435415 0.7061017 0.5726184 0.6877445 0.6671829 0.6859705 0.6955126 0.5899023 0.7043102 0.6970176 0.6944040 0.9087585 0.8934259 1.2601441 1.0285849 0.8291754 0.8599314 0.6113844 0.6696553 0.7060950 0.7063940 0.6781521 1.0533271 0.9388772 0.9953902 0.4058226 1.1035722 1.2649408 1.3829403 1.0369270 1.2255344 1.2197355 1.3532928 1.3261239 1.5219574 1.4764335 0.8372278 2.1727384 
Gfas_gfas1.m1.4732.m1                                   0.5289848 0.1299131 0.1278466 0.1580441 0.0000000 0.1441970 0.1414169 0.1415897 0.2731352 0.3046704 0.3168813 0.4803444 0.4823226 0.4874430 0.4102305 0.5042282 0.5853186 0.6542217 0.4769056 0.9232178 0.9460781 0.5205953 0.6760542 0.6012734 0.6372455 0.5993523 0.6279384 0.6050680 0.6255348 0.6146490 0.5937892 0.6521912 0.6455063 0.7160947 0.8276961 0.8334377 0.9266452 0.9352918 0.8383811 0.8162866 0.6177155 0.6445677 0.6566410 0.6770737 0.7154968 1.0159627 1.0113530 1.0411399 0.4266719 1.1902647 1.3101461 1.5120712 1.1035853 1.3538607 1.2135673 1.5005011 1.3699342 1.5207736 1.4761242 0.6341773 2.1766094 
Amil_Amillepora20385-RA                                 0.5521844 0.1647081 0.1293597 0.1683603 0.1441970 0.0000000 0.0047433 0.1007937 0.2458649 0.2443223 0.3041145 0.3949840 0.4164680 0.3509106 0.4108138 0.5155835 0.5827118 0.5989898 0.4608462 0.8498015 0.8601275 0.4973866 0.6160891 0.5369036 0.6307796 0.6204063 0.6238933 0.5981563 0.5656049 0.6063362 0.5828873 0.5786602 0.5725043 0.7053176 0.8246611 0.8180653 0.8436065 0.9462086 0.7638020 0.7383833 0.5387353 0.6030296 0.5961321 0.6202402 0.6913765 0.9162060 0.8973118 0.9028014 0.4291099 1.2206600 1.1948526 1.4590783 1.0716749 1.2176523 1.1175844 1.4633097 1.2334211 1.4059864 1.3901858 0.5562928 2.0261343 
Adig_XM_015901898.1                                     0.5468021 0.1600998 0.1265709 0.1622406 0.1414169 0.0047433 0.0000000 0.1007937 0.2393886 0.2423172 0.3008525 0.3957773 0.4127007 0.3509106 0.4011838 0.5164669 0.5807871 0.5992368 0.4517223 0.8395343 0.8585806 0.4979908 0.6168396 0.5375360 0.6315588 0.6101782 0.6246560 0.5988852 0.5662833 0.6071070 0.5837078 0.5793465 0.5731818 0.7053176 0.8181392 0.8134350 0.8436065 0.9388282 0.7587646 0.7360404 0.5358852 0.6001690 0.5925507 0.6158615 0.6850620 0.9108746 0.8921222 0.8982980 0.4262576 1.2055682 1.1888879 1.4458533 1.0627625 1.2116313 1.1156108 1.4501491 1.2403274 1.4056939 1.3898919 0.5562928 2.0276841 
Fspp_ffun1.m4.8651.m1                                   0.4210914 0.0000010 0.0934647 0.2102030 0.1415897 0.1007937 0.1007937 0.0000000 0.2495309 0.2127189 0.3453441 0.4363547 0.4448100 0.4444918 0.0000010 0.5167508 0.5681131 0.5328548 0.0000010 0.8140714 0.7926497 0.4681406 0.5937786 0.5154189 0.5805817 0.4311189 0.6402545 0.6547669 0.5448454 0.5640825 0.5793677 0.6096521 0.5931882 0.0000010 1.0851117 0.9028867 0.8676311 1.1064897 0.7972463 0.7560234 0.6108043 0.5915856 0.6233213 0.6439269 0.4156063 1.0435092 0.9989777 0.9461000 0.7513698 0.7377178 1.0657786 0.0000010 0.8319385 1.2706594 1.1173786 0.0000010 1.2296549 1.2644532 1.2644532 0.5474643 1.9403744 
Nvec_v1g89613                                           0.5262772 0.2990888 0.2491958 0.2855034 0.2731352 0.2458649 0.2393886 0.2495309 0.0000000 0.1834651 0.3266330 0.4462220 0.4533779 0.3397848 0.3964876 0.4989020 0.5736768 0.5773114 0.4921274 0.8019370 0.8839614 0.4449897 0.5384632 0.5492773 0.6038129 0.5881942 0.6432077 0.6206594 0.6008922 0.6456043 0.6216642 0.6109403 0.6044924 0.7904800 0.7702216 0.7849622 0.8073526 0.8630500 0.7718419 0.8069002 0.5689801 0.5417944 0.5634419 0.5789569 0.6986476 0.8869128 0.8571073 0.9210486 0.3955810 1.1028758 1.1790024 1.4209457 1.0928496 1.2705190 1.1849907 1.4637533 1.2603049 1.4456486 1.3924771 0.6015867 2.0411784 
Exapal_XM_021056311.2                                   0.5774381 0.3534902 0.2558828 0.3213059 0.3046704 0.2443223 0.2423172 0.2127189 0.1834651 0.0000000 0.3618411 0.5013086 0.4460579 0.3440179 0.4728032 0.5329472 0.6288178 0.6603737 0.5355513 0.8570693 0.9037647 0.5192716 0.5618205 0.5806619 0.6574529 0.7197828 0.6650306 0.6387259 0.6195441 0.6606898 0.6209101 0.6426533 0.6359683 0.8213413 0.8228585 0.8349592 0.7953205 0.9068993 0.8198605 0.8479619 0.6011306 0.5792772 0.6021453 0.6236853 0.7139599 0.8997066 0.9441840 0.9792054 0.4372523 1.1181044 1.1549898 1.3938559 1.0540280 1.2619189 1.1117780 1.5177923 1.3188256 1.4139921 1.3953736 0.5467211 2.0455566 
Skow_XM_002739694.2                                     0.4983205 0.2928398 0.2889559 0.3419571 0.3168813 0.3041145 0.3008525 0.3453441 0.3266330 0.3618411 0.0000000 0.3777616 0.4083090 0.3797848 0.3700808 0.4605166 0.5207307 0.5543186 0.4202819 0.8039650 0.8264639 0.5343825 0.6256600 0.4968321 0.5897448 0.5825336 0.6050723 0.5808390 0.5554564 0.5955400 0.5780953 0.5685059 0.5623724 0.6939071 0.7407450 0.7364385 0.6573350 0.8361756 0.7463088 0.7207654 0.5437433 0.6187309 0.6069263 0.6346153 0.7069295 0.9079606 0.9061902 0.9381617 0.3399462 1.1223583 1.1472800 1.3827992 1.0256615 1.1891609 1.1097313 1.3699532 1.2471285 1.3844358 1.3369790 0.5373703 2.0311795 
Bralan_BLAG06001067_1                                   0.6178013 0.4832333 0.4387042 0.4744141 0.4803444 0.3949840 0.3957773 0.4363547 0.4462220 0.5013086 0.3777616 0.0000000 0.5031665 0.3829546 0.4780445 0.4749999 0.5629672 0.5805302 0.5121758 0.7736686 0.7672508 0.5842291 0.6672324 0.5435890 0.6592774 0.5639508 0.6239086 0.6104118 0.5586860 0.5991834 0.6186960 0.5889323 0.5825874 0.8005196 0.7453520 0.7586784 0.7597272 0.8269645 0.7617922 0.7820909 0.5588820 0.6770098 0.7517362 0.7499522 0.7861854 0.9016011 0.8867641 1.0067592 0.4593156 1.2641013 1.2717314 1.4049537 1.2418052 1.2975840 1.1475341 1.3988776 1.2937681 1.4119741 1.3880180 0.6127029 2.2270722 
Cgig_XM_011436043.3                                     0.4955416 0.4704582 0.4141676 0.4940803 0.4823226 0.4164680 0.4127007 0.4448100 0.4533779 0.4460579 0.4083090 0.5031665 0.0000000 0.2987623 0.4381126 0.4914134 0.5757414 0.6217764 0.5075706 0.8443831 0.9060842 0.5374454 0.6148963 0.5464832 0.6613226 0.6525665 0.6791676 0.6759232 0.6328670 0.6710970 0.6512518 0.6205653 0.6140349 0.8375518 0.7664574 0.8288377 0.8192055 0.8655088 0.7628479 0.7489753 0.5766102 0.7316670 0.7036184 0.7332242 0.8785740 0.8796367 0.9327708 0.9259525 0.2978091 1.3286945 1.3618242 1.4965094 1.2747224 1.3517443 1.2874302 1.5549681 1.4152399 1.6044783 1.5743774 0.4656979 2.0637704 
Ctel_gnl_WGS_AMQN_CAPTEDRAFT_mRNA89314                  1.3460378 0.0000010 0.3822804 0.6814066 0.4874430 0.3509106 0.3509106 0.4444918 0.3397848 0.3440179 0.3797848 0.3829546 0.2987623 0.0000000 0.0000010 0.4421770 0.5196951 0.3997803 0.0000010 0.6279876 0.6064610 0.5426304 0.5088983 0.5012577 0.5448570 0.4818529 0.6878634 0.7098443 0.5081303 0.6541409 0.6131218 0.5597960 0.5411773 0.0000010 0.9191457 0.7074878 0.8067532 0.9191457 0.6821851 0.5543233 0.4443744 0.5568408 0.5463464 0.5758193 0.5262631 0.9268438 0.9502183 0.8644726 3.9243950 0.0000010 1.2215618 0.0000010 1.0354652 1.2937625 1.1086798 0.0000010 1.2346332 1.1794869 1.1794869 0.4503062 1.8908057 
Stycar_maker-SC_scaffold102045-augustus-gene-0.2-mRNA-1 0.5557692 0.4310494 0.4265610 0.3806055 0.4102305 0.4108138 0.4011838 0.0000010 0.3964876 0.4728032 0.3700808 0.4780445 0.4381126 0.0000010 0.0000000 0.0685781 0.2594306 0.3331473 0.4552560 0.5874004 0.7238896 0.4810804 0.6384926 0.5539864 0.5177639 0.4542649 0.5845834 0.5720133 0.5655039 0.5655039 0.5860745 0.5791101 0.5791101 0.3835982 0.4202922 0.4247856 0.0000010 0.5278666 0.4953180 0.4387836 0.5676717 0.6813744 0.6414103 0.6093380 0.6354095 0.9025636 0.8642280 0.8114252 0.4851350 1.2557995 1.1688814 1.2098598 1.2613524 1.0783007 1.2047472 1.2157081 1.1847280 1.4217439 1.4181871 3.4310610 2.1058370 
Stycar_maker-SC_scaffold86453-snap-gene-0.6-mRNA-1      0.6921971 0.4968021 0.4881065 0.4618281 0.5042282 0.5155835 0.5164669 0.5167508 0.4989020 0.5329472 0.4605166 0.4749999 0.4914134 0.4421770 0.0685781 0.0000000 0.2348159 0.3869277 0.4003598 0.6662074 0.7574477 0.5558523 0.6938684 0.5847222 0.5758903 0.4802129 0.6398857 0.6258459 0.6182932 0.6182932 0.6148608 0.6210259 0.6118881 0.3835982 0.4751376 0.4708661 0.2970285 0.5275081 0.5305854 0.4455168 0.6359112 0.7455651 0.7532619 0.7487182 0.7976915 0.8866678 0.8224109 0.8448498 0.5503138 1.3075867 1.1238995 1.3318799 1.2470404 1.1388821 1.1613440 1.2789746 1.1029953 1.2885397 1.2680302 0.6087279 2.0641847 
Tetwil_g10141.t1                                        0.8228787 0.6055232 0.6005584 0.5556681 0.5853186 0.5827118 0.5807871 0.5681131 0.5736768 0.6288178 0.5207307 0.5629672 0.5757414 0.5196951 0.2594306 0.2348159 0.0000000 0.4799166 0.4928812 0.8110807 0.9084570 0.6912333 0.7783804 0.6387451 0.6237228 0.5938882 0.6997500 0.6830605 0.6955708 0.6955708 0.6835728 0.6967324 0.6881000 0.7784849 0.4918108 0.6147991 0.4055716 0.5032404 0.6689193 0.5797664 0.6682819 0.8193553 0.8720373 0.8967585 0.8575338 0.9362625 0.8874131 1.0065798 0.5464697 1.4065039 1.4255862 1.7831489 1.2658859 1.4331106 1.3962359 1.7623929 1.4021816 1.5744777 1.5193675 0.6803359 2.0407505 
Plespi_Pspi_C607012_01                                  0.8297740 0.6853066 0.6371572 0.6942045 0.6542217 0.5989898 0.5992368 0.5328548 0.5773114 0.6603737 0.5543186 0.5805302 0.6217764 0.3997803 0.3331473 0.3869277 0.4799166 0.0000000 0.5163878 0.8041928 0.8294710 0.7180827 0.8416589 0.6852194 0.6007506 0.6730142 0.7234427 0.7185592 0.6623205 0.6981700 0.6982726 0.6979528 0.6907691 0.7385527 0.5876089 0.6196533 0.4580308 0.6570404 0.6973712 0.6164886 0.6622994 0.8246292 0.7673199 0.8156661 0.9718046 1.0689718 1.0696855 1.0836965 0.7106831 1.3682139 1.2958072 1.5078981 1.2131415 1.2520346 1.3124034 1.4758476 1.2494875 1.4156766 1.3915489 0.7092243 2.1799575 
Clacor_Ccor_C509121_01                                  0.5372809 0.4384983 0.4039184 0.4360352 0.4769056 0.4608462 0.4517223 0.0000010 0.4921274 0.5355513 0.4202819 0.5121758 0.5075706 0.0000010 0.4552560 0.4003598 0.4928812 0.5163878 0.0000000 0.3761344 0.4759800 0.5626898 0.6911975 0.5299263 0.4723899 0.4586020 0.5433807 0.5383302 0.5489128 0.5489128 0.5458834 0.5286890 0.5286890 0.4534687 0.5626301 0.5765146 0.0000010 0.7224332 0.6673180 0.5744722 0.4344819 0.6578373 0.6061903 0.5395052 0.6758797 0.8957616 0.9182593 0.8582996 0.4512094 1.2401977 1.1686273 1.2111170 1.3126411 0.9986516 1.2135565 1.1136687 1.1325541 1.3109559 1.3148437 0.0000010 2.2512684 
Lcom_lcpid85252                                         0.9563904 0.9232165 0.8108637 0.9081619 0.9232178 0.8498015 0.8395343 0.8140714 0.8019370 0.8570693 0.8039650 0.7736686 0.8443831 0.6279876 0.5874004 0.6662074 0.8110807 0.8041928 0.3761344 0.0000000 0.2699308 0.9854195 0.9866023 0.8967796 0.8474077 0.9022964 0.9324755 0.9312087 0.8737926 0.9426199 0.8934373 0.9087584 0.8999094 1.0731971 0.9166115 0.9820732 0.8710017 1.0725189 0.9397660 0.9137911 0.8542623 1.0165648 0.9879143 0.9581303 1.2176985 1.1686976 1.2575643 1.2542857 0.8670665 1.3520656 1.3953598 1.5646400 1.3965617 1.4551231 1.3634290 1.5293452 1.4116289 1.4356994 1.4310886 0.8820250 2.4083961 
Gracom_Gcom_scaffold15533_01                            1.0826413 0.9665455 0.8379872 0.9766853 0.9460781 0.8601275 0.8585806 0.7926497 0.8839614 0.9037647 0.8264639 0.7672508 0.9060842 0.6064610 0.7238896 0.7574477 0.9084570 0.8294710 0.4759800 0.2699308 0.0000000 1.0706813 1.0537761 0.9306236 0.9286559 1.0011906 0.9350477 0.9353711 0.8825891 0.9488172 0.9128631 0.9251928 0.9161367 1.0385231 0.9552829 1.0027436 0.7830346 1.1312472 0.9817809 0.9045978 0.8748577 1.0748764 1.0448546 1.0401034 1.3415952 1.2029254 1.2454444 1.3289266 1.0404186 1.2999881 1.3743641 1.6443508 1.3481619 1.4253211 1.3153423 1.6642340 1.3906686 1.3684084 1.3736472 0.8057313 2.2897893 
Dgig_XM_028549112.1                                     0.6427761 0.5602829 0.5071039 0.5587216 0.5205953 0.4973866 0.4979908 0.4681406 0.4449897 0.5192716 0.5343825 0.5842291 0.5374454 0.5426304 0.4810804 0.5558523 0.6912333 0.7180827 0.5626898 0.9854195 1.0706813 0.0000000 0.3695903 0.6866853 0.7519806 0.7089845 0.6136893 0.6001972 0.6206203 0.6209727 0.5920363 0.6029162 0.6000929 0.9428748 0.8363887 0.8817806 0.8451986 0.9399376 0.9576535 0.9705605 0.6777658 0.7652948 0.7019858 0.6898138 0.8102410 1.0317658 0.9511256 1.0493611 0.4849381 1.2789263 1.4266270 1.5793219 1.2584787 1.5174770 1.3339277 1.6867510 1.5266099 1.7264120 1.6490560 0.7503693 2.1217180 
Xesp_002703-T1                                          0.7095312 0.6915448 0.6247511 0.6944279 0.6760542 0.6160891 0.6168396 0.5937786 0.5384632 0.5618205 0.6256600 0.6672324 0.6148963 0.5088983 0.6384926 0.6938684 0.7783804 0.8416589 0.6911975 0.9866023 1.0537761 0.3695903 0.0000000 0.7425474 0.8047141 0.8647915 0.7594410 0.7471173 0.7062688 0.7512890 0.6874110 0.6852849 0.6819983 0.9281693 0.8770069 0.9245822 0.7872527 0.9851664 0.9501314 0.8975639 0.7233792 0.8137308 0.7187495 0.7231618 0.8714773 0.9705138 0.9345683 1.1295853 0.5569301 1.4481499 1.4471209 1.8117555 1.3498617 1.4814132 1.3761341 1.8312079 1.4742093 1.6397664 1.5814508 0.7793269 2.1674907 
Spur_XM_030987833.1                                     0.5673437 0.6259590 0.5438080 0.6435415 0.6012734 0.5369036 0.5375360 0.5154189 0.5492773 0.5806619 0.4968321 0.5435890 0.5464832 0.5012577 0.5539864 0.5847222 0.6387451 0.6852194 0.5299263 0.8967796 0.9306236 0.6866853 0.7425474 0.0000000 0.6978973 0.7322785 0.6751945 0.6625639 0.6503103 0.7004574 0.7140024 0.6753846 0.6683957 0.7595968 0.9087777 0.8607435 0.8085969 0.9746974 0.7782938 0.7932191 0.6315996 0.7490515 0.7259557 0.7464505 0.8996550 1.0383547 0.9834912 1.0116715 0.5428839 1.1460003 1.2068958 1.3105471 1.1513179 1.2657460 1.2507952 1.3606183 1.3300408 1.4400034 1.4203698 0.7588218 1.9921492 
Opea_EP00118_Oscarella_pearsei_P004675                  0.7386439 0.6745067 0.6104669 0.7061017 0.6372455 0.6307796 0.6315588 0.5805817 0.6038129 0.6574529 0.5897448 0.6592774 0.6613226 0.5448570 0.5177639 0.5758903 0.6237228 0.6007506 0.4723899 0.8474077 0.9286559 0.7519806 0.8047141 0.6978973 0.0000000 0.4185481 0.7206284 0.7145676 0.6408159 0.6726835 0.6879517 0.6714074 0.6671928 0.8112993 0.8397452 0.8406707 0.8577653 0.9152881 0.7918556 0.7167206 0.6738485 0.8114398 0.7947792 0.7915469 1.0240664 1.0509280 0.9548054 0.9692581 0.6461164 1.3241800 1.2421352 1.3689072 1.2549791 1.2868555 1.2368808 1.4373609 1.3620150 1.5116749 1.4654511 0.7649360 2.1342856 
Plajan_Pjan_scaffold632_01                              0.7871921 0.7062196 0.6245307 0.5726184 0.5993523 0.6204063 0.6101782 0.4311189 0.5881942 0.7197828 0.5825336 0.5639508 0.6525665 0.4818529 0.4542649 0.4802129 0.5938882 0.6730142 0.4586020 0.9022964 1.0011906 0.7089845 0.8647915 0.7322785 0.4185481 0.0000000 0.6601397 0.6475121 0.6487766 0.6487766 0.6793457 0.6823826 0.6741803 0.7964327 0.6750207 0.7827374 0.5419691 0.7682933 0.8389993 0.7801702 0.7478722 0.8813225 0.8768672 0.8750445 0.9883588 1.0614428 0.9837374 1.0119619 0.6004475 1.3631755 1.3372493 1.5291114 1.2535360 1.3632410 1.3467154 1.5315455 1.3517921 1.4205502 1.3596973 0.7185285 2.0371466 
HoiH23_PlH23_008196-RA                                  0.7008523 0.6654080 0.6708644 0.6877445 0.6279384 0.6238933 0.6246560 0.6402545 0.6432077 0.6650306 0.6050723 0.6239086 0.6791676 0.6878634 0.5845834 0.6398857 0.6997500 0.7234427 0.5433807 0.9324755 0.9350477 0.6136893 0.7594410 0.6751945 0.7206284 0.6601397 0.0000000 0.0250723 0.0812551 0.0694630 0.0967634 0.1608199 0.1574435 0.7398029 0.8410632 0.8462313 0.7751089 0.9335958 0.8537508 0.9290982 0.7173012 0.8518386 0.8581016 0.8331405 0.9473365 1.1050033 1.0837088 1.0016339 0.5165914 1.3427997 1.4718377 1.6201423 1.2542735 1.4289173 1.4009604 1.5618086 1.4262236 1.5328516 1.5090146 0.9109333 2.3519849 
HoiH06_mRNA7525                                         0.6765658 0.6302327 0.6476635 0.6671829 0.6050680 0.5981563 0.5988852 0.6547669 0.6206594 0.6387259 0.5808390 0.6104118 0.6759232 0.7098443 0.5720133 0.6258459 0.6830605 0.7185592 0.5383302 0.9312087 0.9353711 0.6001972 0.7471173 0.6625639 0.7145676 0.6475121 0.0250723 0.0000000 0.0790523 0.0670901 0.0833834 0.1491954 0.1458667 0.6959758 0.8362136 0.8310494 0.8062074 0.9284903 0.8259172 0.9010437 0.7200437 0.8461678 0.8488345 0.8268972 0.9340707 1.0926036 1.0757036 0.9744561 0.5180000 1.3172579 1.4420303 1.5863166 1.2207579 1.4095251 1.4126120 1.5297973 1.4104344 1.5147118 1.4908539 0.9090135 2.3350605 
Hhon_g05690.t1                                          0.7382057 0.6621150 0.6073298 0.6859705 0.6255348 0.5656049 0.5662833 0.5448454 0.6008922 0.6195441 0.5554564 0.5586860 0.6328670 0.5081303 0.5655039 0.6182932 0.6955708 0.6623205 0.5489128 0.8737926 0.8825891 0.6206203 0.7062688 0.6503103 0.6408159 0.6487766 0.0812551 0.0790523 0.0000000 0.0050484 0.1065063 0.1380926 0.1349245 0.8253434 0.7999796 0.8219062 0.7621010 0.8876131 0.8009141 0.8701944 0.6629452 0.8199043 0.8073683 0.7732959 0.9331830 1.0317265 1.0542492 0.9105641 0.5470671 1.3360429 1.3513656 1.6135099 1.2886220 1.3534602 1.3470276 1.5572938 1.3582770 1.4372023 1.4132760 0.8000419 2.2184512 
HoiH04_mRNA10062                                        0.7382057 0.6621150 0.6519233 0.6955126 0.6146490 0.6063362 0.6071070 0.5640825 0.6456043 0.6606898 0.5955400 0.5991834 0.6710970 0.6541409 0.5655039 0.6182932 0.6955708 0.6981700 0.5489128 0.9426199 0.9488172 0.6209727 0.7512890 0.7004574 0.6726835 0.6487766 0.0694630 0.0670901 0.0050484 0.0000000 0.1065063 0.1459210 0.1425463 0.8253434 0.7999796 0.8219062 0.7621010 0.8876131 0.8305645 0.8927390 0.6955687 0.8825631 0.8698541 0.8320301 0.9331830 1.0824331 1.0961362 0.9789355 0.5331038 1.3360429 1.4192562 1.6135099 1.2886220 1.3858891 1.3879679 1.5572938 1.3998982 1.4880130 1.4629952 0.8219792 2.2555573 
HoiH11_mRNA293                                          0.7161380 0.6464092 0.6493338 0.5899023 0.5937892 0.5828873 0.5837078 0.5793677 0.6216642 0.6209101 0.5780953 0.6186960 0.6512518 0.6131218 0.5860745 0.6148608 0.6835728 0.6982726 0.5458834 0.8934373 0.9128631 0.5920363 0.6874110 0.7140024 0.6879517 0.6793457 0.0967634 0.0833834 0.1065063 0.1065063 0.0000000 0.1208951 0.1173462 0.7396829 0.7776063 0.8301047 0.7128094 0.8729697 0.7548682 0.8523971 0.7062186 0.8653501 0.8344198 0.8166873 0.9569432 0.9292837 0.9074253 0.8271221 0.5568983 1.2463726 1.3059259 1.5170131 1.2093698 1.2651402 1.2919450 1.5437664 1.2492540 1.3528062 1.3267363 0.8104240 2.1256021 
TrH2_TrispH2_008549-RA                                  0.6969662 0.6857709 0.6407837 0.7043102 0.6521912 0.5786602 0.5793465 0.6096521 0.6109403 0.6426533 0.5685059 0.5889323 0.6205653 0.5597960 0.5791101 0.6210259 0.6967324 0.6979528 0.5286890 0.9087584 0.9251928 0.6029162 0.6852849 0.6753846 0.6714074 0.6823826 0.1608199 0.1491954 0.1380926 0.1459210 0.1208951 0.0000000 0.0024002 0.8652693 0.8637742 0.8871359 0.7632902 0.9453787 0.7709497 0.8608359 0.6645198 0.8284020 0.8242253 0.7806487 0.9989500 1.0237769 1.0426020 0.8909781 0.5240519 1.2219477 1.3589813 1.5393571 1.2852986 1.3943021 1.3630314 1.5595376 1.3393244 1.4844389 1.4742372 0.8866789 2.2777613 
Tadh_TriadT50572                                        0.6998039 0.6857709 0.6342147 0.6970176 0.6455063 0.5725043 0.5731818 0.5931882 0.6044924 0.6359683 0.5623724 0.5825874 0.6140349 0.5411773 0.5791101 0.6118881 0.6881000 0.6907691 0.5286890 0.8999094 0.9161367 0.6000929 0.6819983 0.6683957 0.6671928 0.6741803 0.1574435 0.1458667 0.1349245 0.1425463 0.1173462 0.0024002 0.0000000 0.8652693 0.8701896 0.8919996 0.7796138 0.9528842 0.7631317 0.8513167 0.6575223 0.8203564 0.8160000 0.7728099 0.9874112 1.0131479 1.0320143 0.8821149 0.5240519 1.2219477 1.3452740 1.5393571 1.2644504 1.3802699 1.3493714 1.5595376 1.3258857 1.4692121 1.4588206 0.8643754 2.2936032 
Spolac_c99146_g1_i3_m.18953c85463-g1                    0.9769758 0.7538188 0.7696210 0.6944040 0.7160947 0.7053176 0.7053176 0.0000010 0.7904800 0.8213413 0.6939071 0.8005196 0.8375518 0.0000010 0.3835982 0.3835982 0.7784849 0.7385527 0.4534687 1.0731971 1.0385231 0.9428748 0.9281693 0.7595968 0.8112993 0.7964327 0.7398029 0.6959758 0.8253434 0.8253434 0.7396829 0.8652693 0.8652693 0.0000000 0.0521811 0.1610287 0.0000010 2.6739025 0.9425192 0.7889629 0.8726619 1.2467545 1.1513775 1.2301533 1.3212822 1.1155256 1.2160456 1.1280522 0.5899760 1.1591709 1.7625196 1.5588383 1.2625885 1.3714059 1.4484273 1.6056064 1.4458415 1.9129456 1.7879920 0.0000010 2.2410976 
Emue_Em0010g39a.t1                                      0.7619888 0.6277964 0.8402618 0.9087585 0.8276961 0.8246611 0.8181392 1.0851117 0.7702216 0.8228585 0.7407450 0.7453520 0.7664574 0.9191457 0.4202922 0.4751376 0.4918108 0.5876089 0.5626301 0.9166115 0.9552829 0.8363887 0.8770069 0.9087777 0.8397452 0.6750207 0.8410632 0.8362136 0.7999796 0.7999796 0.7776063 0.8637742 0.8701896 0.0521811 0.0000000 0.0154339 0.2021009 0.0120362 0.7877010 0.7223871 0.8610783 0.8592469 0.8283414 0.8440248 0.9312587 0.9902066 1.1725943 1.0724882 0.6906619 1.3591117 1.3579886 1.2342073 1.2378999 1.3908229 1.3025731 1.1683390 1.3812989 1.5654219 1.5638221 1.2322308 2.1436546 
Emue_Em0674g10a.t1                                      0.9107752 0.7979715 0.8719542 0.8934259 0.8334377 0.8180653 0.8134350 0.9028867 0.7849622 0.8349592 0.7364385 0.7586784 0.8288377 0.7074878 0.4247856 0.4708661 0.6147991 0.6196533 0.5765146 0.9820732 1.0027436 0.8817806 0.9245822 0.8607435 0.8406707 0.7827374 0.8462313 0.8310494 0.8219062 0.8219062 0.8301047 0.8871359 0.8919996 0.1610287 0.0154339 0.0000000 0.2021009 0.0618197 0.8148355 0.7190036 0.8686127 0.9346819 0.8889259 0.9139744 1.0776976 1.1658673 1.2966533 1.1962669 0.7079680 1.3591117 1.4504605 1.4190277 1.2897538 1.3744000 1.3465392 1.4815550 1.3702004 1.6121962 1.5801171 0.9770798 2.1558847 
Spolac_c85463_g1_i1_m.3732c85463-g1                     0.8650029 0.0000010 0.8936832 1.2601441 0.9266452 0.8436065 0.8436065 0.8676311 0.8073526 0.7953205 0.6573350 0.7597272 0.8192055 0.8067532 0.0000010 0.2970285 0.4055716 0.4580308 0.0000010 0.8710017 0.7830346 0.8451986 0.7872527 0.8085969 0.8577653 0.5419691 0.7751089 0.8062074 0.7621010 0.7621010 0.7128094 0.7632902 0.7796138 0.0000010 0.2021009 0.2021009 0.0000000 0.2021009 0.7107946 0.5244815 0.7486063 0.8358837 0.8832467 0.9470859 0.9493653 0.9616161 1.4232640 0.9498140 0.5821811 0.0000010 1.1696490 0.0000010 1.0724412 1.3300058 1.2155384 0.0000010 1.3405886 1.5534110 1.5534110 0.7846736 2.0978800 
Emue_Em0010g80a.t1                                      0.9132843 0.7997002 0.9504420 1.0285849 0.9352918 0.9462086 0.9388282 1.1064897 0.8630500 0.9068993 0.8361756 0.8269645 0.8655088 0.9191457 0.5278666 0.5275081 0.5032404 0.6570404 0.7224332 1.0725189 1.1312472 0.9399376 0.9851664 0.9746974 0.9152881 0.7682933 0.9335958 0.9284903 0.8876131 0.8876131 0.8729697 0.9453787 0.9528842 2.6739025 0.0120362 0.0618197 0.2021009 0.0000000 0.9040403 0.8008339 0.9670969 0.9503539 0.9018258 0.9127233 1.0314049 1.1241372 1.3167485 1.1943334 0.7913379 1.4147294 1.5732714 1.7222989 1.3098531 1.5677210 1.5154967 1.6211146 1.6106078 1.7891617 1.7870791 1.2322308 2.2681513 
Aque_Aqu2.1.43610_001                                   0.9729011 0.8512263 0.7721611 0.8291754 0.8383811 0.7638020 0.7587646 0.7972463 0.7718419 0.8198605 0.7463088 0.7617922 0.7628479 0.6821851 0.4953180 0.5305854 0.6689193 0.6973712 0.6673180 0.9397660 0.9817809 0.9576535 0.9501314 0.7782938 0.7918556 0.8389993 0.8537508 0.8259172 0.8009141 0.8305645 0.7548682 0.7709497 0.7631317 0.9425192 0.7877010 0.8148355 0.7107946 0.9040403 0.0000000 0.3708387 0.8703974 0.9978667 0.9999135 0.9539392 1.1614137 1.1671936 1.1663163 1.1866866 0.8349892 1.3255820 1.2326387 1.4727553 1.1815379 1.2640537 1.3364723 1.5675588 1.2848925 1.4050942 1.3842597 1.0353185 2.3304381 
Xestes_maker-XT_scaffold74549-augustus-gene-0.13-mRNA-1 1.0813257 0.8287951 0.7751983 0.8599314 0.8162866 0.7383833 0.7360404 0.7560234 0.8069002 0.8479619 0.7207654 0.7820909 0.7489753 0.5543233 0.4387836 0.4455168 0.5797664 0.6164886 0.5744722 0.9137911 0.9045978 0.9705605 0.8975639 0.7932191 0.7167206 0.7801702 0.9290982 0.9010437 0.8701944 0.8927390 0.8523971 0.8608359 0.8513167 0.7889629 0.7223871 0.7190036 0.5244815 0.8008339 0.3708387 0.0000000 0.8845043 0.9830055 0.9850957 1.0097071 1.1235798 1.0249756 1.1126507 1.2395423 0.8658854 1.5362312 1.3327391 1.6896598 1.3157475 1.3671624 1.3876624 1.7425560 1.3261701 1.4429266 1.4321554 0.8110931 2.4668233 
Hsap_ENST00000368662                                    0.6906298 0.5855692 0.5900706 0.6113844 0.6177155 0.5387353 0.5358852 0.6108043 0.5689801 0.6011306 0.5437433 0.5588820 0.5766102 0.4443744 0.5676717 0.6359112 0.6682819 0.6622994 0.4344819 0.8542623 0.8748577 0.6777658 0.7233792 0.6315996 0.6738485 0.7478722 0.7173012 0.7200437 0.6629452 0.6955687 0.7062186 0.6645198 0.6575223 0.8726619 0.8610783 0.8686127 0.7486063 0.9670969 0.8703974 0.8845043 0.0000000 0.6484009 0.6705096 0.6261766 0.8801731 0.9808845 1.0154824 0.9454216 0.5210454 1.2291997 1.3883579 1.5819938 1.3156934 1.3686731 1.3530936 1.5455093 1.4541093 1.5795510 1.5498995 0.7530864 2.1739598 
Sanmal_Sma_016637-T1                                    0.8025322 0.6371478 0.5975963 0.6696553 0.6445677 0.6030296 0.6001690 0.5915856 0.5417944 0.5792772 0.6187309 0.6770098 0.7316670 0.5568408 0.6813744 0.7455651 0.8193553 0.8246292 0.6578373 1.0165648 1.0748764 0.7652948 0.8137308 0.7490515 0.8114398 0.8813225 0.8518386 0.8461678 0.8199043 0.8825631 0.8653501 0.8284020 0.8203564 1.2467545 0.8592469 0.9346819 0.8358837 0.9503539 0.9978667 0.9830055 0.6484009 0.0000000 0.3537177 0.3515459 0.8175559 0.9762371 0.9426622 1.0950833 0.6386663 1.2246647 1.4074826 1.5564241 1.3544606 1.5557063 1.3643983 1.6755944 1.4757670 1.6493295 1.6148035 0.8848195 2.1043343 
Nemnom_g11594.t1                                        0.7057199 0.6597976 0.5914291 0.7060950 0.6566410 0.5961321 0.5925507 0.6233213 0.5634419 0.6021453 0.6069263 0.7517362 0.7036184 0.5463464 0.6414103 0.7532619 0.8720373 0.7673199 0.6061903 0.9879143 1.0448546 0.7019858 0.7187495 0.7259557 0.7947792 0.8768672 0.8581016 0.8488345 0.8073683 0.8698541 0.8344198 0.8242253 0.8160000 1.1513775 0.8283414 0.8889259 0.8832467 0.9018258 0.9999135 0.9850957 0.6705096 0.3537177 0.0000000 0.1126346 0.7597907 0.9499466 0.9039970 1.0689604 0.6068413 1.1781597 1.3990966 1.5650302 1.3506663 1.5734057 1.3882776 1.6404347 1.4672209 1.6292251 1.5887530 0.8531713 2.0633718 
Rhoesc_Res_012531-T1                                    0.7329864 0.6454091 0.6052022 0.7063940 0.6770737 0.6202402 0.6158615 0.6439269 0.5789569 0.6236853 0.6346153 0.7499522 0.7332242 0.5758193 0.6093380 0.7487182 0.8967585 0.8156661 0.5395052 0.9581303 1.0401034 0.6898138 0.7231618 0.7464505 0.7915469 0.8750445 0.8331405 0.8268972 0.7732959 0.8320301 0.8166873 0.7806487 0.7728099 1.2301533 0.8440248 0.9139744 0.9470859 0.9127233 0.9539392 1.0097071 0.6261766 0.3515459 0.1126346 0.0000000 0.7638818 0.9648204 0.9216300 1.0278769 0.6150190 1.1464346 1.3647633 1.4904715 1.3381378 1.5201882 1.3790527 1.5072909 1.3771425 1.5654796 1.5293775 0.9189556 2.1779327 
Morvir_scaffold85.g68.t1                                0.9174967 0.7923559 0.6867714 0.6781521 0.7154968 0.6913765 0.6850620 0.4156063 0.6986476 0.7139599 0.7069295 0.7861854 0.8785740 0.5262631 0.6354095 0.7976915 0.8575338 0.9718046 0.6758797 1.2176985 1.3415952 0.8102410 0.8714773 0.8996550 1.0240664 0.9883588 0.9473365 0.9340707 0.9331830 0.9331830 0.9569432 0.9989500 0.9874112 1.3212822 0.9312587 1.0776976 0.9493653 1.0314049 1.1614137 1.1235798 0.8801731 0.8175559 0.7597907 0.7638818 0.0000000 0.9098312 0.8318832 1.2106476 0.7751381 1.3047864 1.5812556 1.8002927 1.3695252 1.6072468 1.5325302 1.8620340 1.6508005 1.7207040 1.6689010 0.7158351 1.9430701 
Chem_TCONS_00028591                                     0.9286588 0.9624568 0.9069794 1.0533271 1.0159627 0.9162060 0.9108746 1.0435092 0.8869128 0.8997066 0.9079606 0.9016011 0.8796367 0.9268438 0.9025636 0.8866678 0.9362625 1.0689718 0.8957616 1.1686976 1.2029254 1.0317658 0.9705138 1.0383547 1.0509280 1.0614428 1.1050033 1.0926036 1.0317265 1.0824331 0.9292837 1.0237769 1.0131479 1.1155256 0.9902066 1.1658673 0.9616161 1.1241372 1.1671936 1.0249756 0.9808845 0.9762371 0.9499466 0.9648204 0.9098312 0.0000000 0.7710846 1.3385319 0.8405939 1.3421719 1.5708172 1.6928913 1.3062994 1.7014375 1.6138087 1.7734184 1.5939371 1.8360210 1.7950246 1.2098314 2.1271494 
Hvul_g24327_1                                           0.8075705 0.8688257 0.9128361 0.9388772 1.0113530 0.8973118 0.8921222 0.9989777 0.8571073 0.9441840 0.9061902 0.8867641 0.9327708 0.9502183 0.8642280 0.8224109 0.8874131 1.0696855 0.9182593 1.2575643 1.2454444 0.9511256 0.9345683 0.9834912 0.9548054 0.9837374 1.0837088 1.0757036 1.0542492 1.0961362 0.9074253 1.0426020 1.0320143 1.2160456 1.1725943 1.2966533 1.4232640 1.3167485 1.1663163 1.1126507 1.0154824 0.9426622 0.9039970 0.9216300 0.8318832 0.7710846 0.0000000 1.1962659 0.7030846 1.3764740 1.5599462 1.7381596 1.1660115 1.5988298 1.4973496 1.6139778 1.4949709 1.6974197 1.6339552 1.3053757 2.3055765 
Cscu_XM_023374440.1                                     1.0010185 0.9910103 0.9461301 0.9953902 1.0411399 0.9028014 0.8982980 0.9461000 0.9210486 0.9792054 0.9381617 1.0067592 0.9259525 0.8644726 0.8114252 0.8448498 1.0065798 1.0836965 0.8582996 1.2542857 1.3289266 1.0493611 1.1295853 1.0116715 0.9692581 1.0119619 1.0016339 0.9744561 0.9105641 0.9789355 0.8271221 0.8909781 0.8821149 1.1280522 1.0724882 1.1962669 0.9498140 1.1943334 1.1866866 1.2395423 0.9454216 1.0950833 1.0689604 1.0278769 1.2106476 1.3385319 1.1962659 0.0000000 0.9537403 1.1678314 1.3675290 1.5514528 1.2079887 1.3919654 1.4595125 1.6001025 1.4710051 1.5579551 1.5300057 1.1463376 2.4127953 
Acagra_model.g18563.t1                                  0.3422558 0.3871979 0.3988740 0.4058226 0.4266719 0.4291099 0.4262576 0.7513698 0.3955810 0.4372523 0.3399462 0.4593156 0.2978091 3.9243950 0.4851350 0.5503138 0.5464697 0.7106831 0.4512094 0.8670665 1.0404186 0.4849381 0.5569301 0.5428839 0.6461164 0.6004475 0.5165914 0.5180000 0.5470671 0.5331038 0.5568983 0.5240519 0.5240519 0.5899760 0.6906619 0.7079680 0.5821811 0.7913379 0.8349892 0.8658854 0.5210454 0.6386663 0.6068413 0.6150190 0.7751381 0.8405939 0.7030846 0.9537403 0.0000000 1.2858325 1.2794727 1.1790485 1.3637757 1.2731835 1.2314848 1.2253787 1.3269602 1.5824252 1.5435545 2.8137189 2.0847294 
Bolinf_Binf_sb1188343                                   1.1502066 1.2833896 1.1788439 1.1035722 1.1902647 1.2206600 1.2055682 0.7377178 1.1028758 1.1181044 1.1223583 1.2641013 1.3286945 0.0000010 1.2557995 1.3075867 1.4065039 1.3682139 1.2401977 1.3520656 1.2999881 1.2789263 1.4481499 1.1460003 1.3241800 1.3631755 1.3427997 1.3172579 1.3360429 1.3360429 1.2463726 1.2219477 1.2219477 1.1591709 1.3591117 1.3591117 0.0000010 1.4147294 1.3255820 1.5362312 1.2291997 1.2246647 1.1781597 1.1464346 1.3047864 1.3421719 1.3764740 1.1678314 1.2858325 0.0000000 0.1120909 0.0278210 0.2352440 0.3854436 0.2691888 0.2815649 0.5352595 0.5907904 0.6052365 4.0849466 2.8585661 
Mlei_ML0789.g13.i1                                      1.3422402 1.3824463 1.1601780 1.2649408 1.3101461 1.1948526 1.1888879 1.0657786 1.1790024 1.1549898 1.1472800 1.2717314 1.3618242 1.2215618 1.1688814 1.1238995 1.4255862 1.2958072 1.1686273 1.3953598 1.3743641 1.4266270 1.4471209 1.2068958 1.2421352 1.3372493 1.4718377 1.4420303 1.3513656 1.4192562 1.3059259 1.3589813 1.3452740 1.7625196 1.3579886 1.4504605 1.1696490 1.5732714 1.2326387 1.3327391 1.3883579 1.4074826 1.3990966 1.3647633 1.5812556 1.5708172 1.5599462 1.3675290 1.2794727 0.1120909 0.0000000 0.1908887 0.2438138 0.4655027 0.3835047 0.3737060 0.5788827 0.5797792 0.5729927 1.6256191 2.5214909 
Mertsp_Mesp_sb607128                                    1.4073177 1.4213849 1.4138804 1.3829403 1.5120712 1.4590783 1.4458533 0.0000010 1.4209457 1.3938559 1.3827992 1.4049537 1.4965094 0.0000010 1.2098598 1.3318799 1.7831489 1.5078981 1.2111170 1.5646400 1.6443508 1.5793219 1.8117555 1.3105471 1.3689072 1.5291114 1.6201423 1.5863166 1.6135099 1.6135099 1.5170131 1.5393571 1.5393571 1.5588383 1.2342073 1.4190277 0.0000010 1.7222989 1.4727553 1.6896598 1.5819938 1.5564241 1.5650302 1.4904715 1.8002927 1.6928913 1.7381596 1.5514528 1.1790485 0.0278210 0.1908887 0.0000000 0.2952748 0.4538553 0.3460999 0.3405255 0.6564377 0.6303086 0.6267096 2.0584309 2.7743849 
Mertsp_Mesp_sb526509                                    1.2345148 1.3273085 1.0943589 1.0369270 1.1035853 1.0716749 1.0627625 0.8319385 1.0928496 1.0540280 1.0256615 1.2418052 1.2747224 1.0354652 1.2613524 1.2470404 1.2658859 1.2131415 1.3126411 1.3965617 1.3481619 1.2584787 1.3498617 1.1513179 1.2549791 1.2535360 1.2542735 1.2207579 1.2886220 1.2886220 1.2093698 1.2852986 1.2644504 1.2625885 1.2378999 1.2897538 1.0724412 1.3098531 1.1815379 1.3157475 1.3156934 1.3544606 1.3506663 1.3381378 1.3695252 1.3062994 1.1660115 1.2079887 1.3637757 0.2352440 0.2438138 0.2952748 0.0000000 0.3194288 0.3242856 0.2635525 0.4671072 0.5019111 0.5102739 1.3313159 2.3886179 
Lampan_Lpan_C412511_01                                  1.4769325 1.2570441 1.2561782 1.2255344 1.3538607 1.2176523 1.2116313 1.2706594 1.2705190 1.2619189 1.1891609 1.2975840 1.3517443 1.2937625 1.0783007 1.1388821 1.4331106 1.2520346 0.9986516 1.4551231 1.4253211 1.5174770 1.4814132 1.2657460 1.2868555 1.3632410 1.4289173 1.4095251 1.3534602 1.3858891 1.2651402 1.3943021 1.3802699 1.3714059 1.3908229 1.3744000 1.3300058 1.5677210 1.2640537 1.3671624 1.3686731 1.5557063 1.5734057 1.5201882 1.6072468 1.7014375 1.5988298 1.3919654 1.2731835 0.3854436 0.4655027 0.4538553 0.3194288 0.0000000 0.4800732 0.4399869 0.5859422 0.5693888 0.5639596 1.6772332 2.5448018 
Pbac_sb2662187                                          1.2977509 1.2782193 1.1353010 1.2197355 1.2135673 1.1175844 1.1156108 1.1173786 1.1849907 1.1117780 1.1097313 1.1475341 1.2874302 1.1086798 1.2047472 1.1613440 1.3962359 1.3124034 1.2135565 1.3634290 1.3153423 1.3339277 1.3761341 1.2507952 1.2368808 1.3467154 1.4009604 1.4126120 1.3470276 1.3879679 1.2919450 1.3630314 1.3493714 1.4484273 1.3025731 1.3465392 1.2155384 1.5154967 1.3364723 1.3876624 1.3530936 1.3643983 1.3882776 1.3790527 1.5325302 1.6138087 1.4973496 1.4595125 1.2314848 0.2691888 0.3835047 0.3460999 0.3242856 0.4800732 0.0000000 0.3767513 0.5665632 0.6424391 0.6309797 1.3800615 2.5556945 
Drygla_Dgla_sb283428                                    1.5794467 1.4083645 1.4243684 1.3532928 1.5005011 1.4633097 1.4501491 0.0000010 1.4637533 1.5177923 1.3699532 1.3988776 1.5549681 0.0000010 1.2157081 1.2789746 1.7623929 1.4758476 1.1136687 1.5293452 1.6642340 1.6867510 1.8312079 1.3606183 1.4373609 1.5315455 1.5618086 1.5297973 1.5572938 1.5572938 1.5437664 1.5595376 1.5595376 1.6056064 1.1683390 1.4815550 0.0000010 1.6211146 1.5675588 1.7425560 1.5455093 1.6755944 1.6404347 1.5072909 1.8620340 1.7734184 1.6139778 1.6001025 1.2253787 0.2815649 0.3737060 0.3405255 0.2635525 0.4399869 0.3767513 0.0000000 0.6713665 0.6419790 0.6122419 0.6950316 2.9550288 
Vmul_sbMO414802                                         1.5172164 1.3874177 1.2536669 1.3261239 1.3699342 1.2334211 1.2403274 1.2296549 1.2603049 1.3188256 1.2471285 1.2937681 1.4152399 1.2346332 1.1847280 1.1029953 1.4021816 1.2494875 1.1325541 1.4116289 1.3906686 1.5266099 1.4742093 1.3300408 1.3620150 1.3517921 1.4262236 1.4104344 1.3582770 1.3998982 1.2492540 1.3393244 1.3258857 1.4458415 1.3812989 1.3702004 1.3405886 1.6106078 1.2848925 1.3261701 1.4541093 1.4757670 1.4672209 1.3771425 1.6508005 1.5939371 1.4949709 1.4710051 1.3269602 0.5352595 0.5788827 0.6564377 0.4671072 0.5859422 0.5665632 0.6713665 0.0000000 0.3704497 0.3692067 1.6902076 2.5590417 
Coemet_Cmet_scaffold19547_01                            1.6392123 1.6265072 1.3615797 1.5219574 1.5207736 1.4059864 1.4056939 1.2644532 1.4456486 1.4139921 1.3844358 1.4119741 1.6044783 1.1794869 1.4217439 1.2885397 1.5744777 1.4156766 1.3109559 1.4356994 1.3684084 1.7264120 1.6397664 1.4400034 1.5116749 1.4205502 1.5328516 1.5147118 1.4372023 1.4880130 1.3528062 1.4844389 1.4692121 1.9129456 1.5654219 1.6121962 1.5534110 1.7891617 1.4050942 1.4429266 1.5795510 1.6493295 1.6292251 1.5654796 1.7207040 1.8360210 1.6974197 1.5579551 1.5824252 0.5907904 0.5797792 0.6303086 0.5019111 0.5693888 0.6424391 0.6419790 0.3704497 0.0000000 0.0157861 1.7095109 2.7941064 
Coeast_Cast_sb766571                                    1.6151441 1.5643550 1.3482627 1.4764335 1.4761242 1.3901858 1.3898919 1.2644532 1.3924771 1.3953736 1.3369790 1.3880180 1.5743774 1.1794869 1.4181871 1.2680302 1.5193675 1.3915489 1.3148437 1.4310886 1.3736472 1.6490560 1.5814508 1.4203698 1.4654511 1.3596973 1.5090146 1.4908539 1.4132760 1.4629952 1.3267363 1.4742372 1.4588206 1.7879920 1.5638221 1.5801171 1.5534110 1.7870791 1.3842597 1.4321554 1.5498995 1.6148035 1.5887530 1.5293775 1.6689010 1.7950246 1.6339552 1.5300057 1.5435545 0.6052365 0.5729927 0.6267096 0.5102739 0.5639596 0.6309797 0.6122419 0.3692067 0.0157861 0.0000000 1.7095109 2.7257258 
