84
Lcom_lcpid176507                                       0.0000000 0.0000010 0.5046129 0.4989977 0.4709486 0.4683977 0.4772036 0.4916993 0.5362817 0.4916993 0.4333412 0.5444107 0.5045417 0.5030693 0.3219168 0.3481362 0.0000010 0.5723613 0.9292868 0.5207086 0.5298069 0.4497050 0.4533833 0.4535651 0.5067554 1.1670591 0.5151703 0.6241639 0.5685104 0.5925557 0.5945635 0.0000010 0.4739211 0.4851450 0.4958483 0.8125885 0.8163902 0.7323251 0.8093776 0.5824680 0.5192723 0.5192723 0.5216703 0.5216703 0.5524778 0.5524778 0.5816640 0.5423437 0.3552681 0.0604596 0.5475158 0.7397399 0.6345956 0.7027211 0.4242973 0.1866712 0.8012151 0.9458072 1.2548417 1.0742738 1.0742738 0.0000010 0.8167284 0.8235551 3.2970468 5.4564070 0.8295715 0.8109275 0.8660122 0.9455118 0.8660122 1.5867183 0.0000010 1.1218760 0.8611892 1.1088923 0.7144546 1.3070722 0.8376932 0.4146771 0.8049643 0.8613202 0.0484343 0.4038990 
Tetwil_g15981.t2                                       0.0000010 0.0000000 0.1735092 0.2040908 0.2224247 0.2312142 0.2551080 0.2816900 0.2858076 0.2677726 0.0000010 0.3930754 0.3842877 0.3842877 0.2389888 0.3217851 0.0000010 0.3510087 1.1884363 0.3778586 0.3993712 0.3088649 0.3268545 0.2607194 0.2654604 0.0000010 0.3552666 0.3259031 0.3350059 0.2422740 0.3445593 0.0000010 0.3801222 0.3801222 0.4951299 0.4358894 0.5150937 0.4754882 0.3595854 0.3388598 0.6596007 0.5742703 0.5742703 0.5742703 0.5856527 0.5856527 0.4479570 0.3417096 0.2228040 0.2406437 0.3437983 0.4376882 0.6346846 0.4995404 0.3378708 0.0000010 0.7753383 0.0000010 0.0000010 0.4783439 0.6367547 0.0000010 0.0000010 0.0000010 0.0000010 0.0000010 0.7532928 0.6209781 0.6626259 0.0000010 6.6124285 8.9999988 8.9999988 0.0000010 0.6719178 0.0000010 0.5888800 1.2380198 0.4602254 0.6958081 3.9216822 0.2632824 4.9035341 0.8379934 
Fspp_ffun1.m4.28193.m1                                 0.5046129 0.1735092 0.0000000 0.0204484 0.0401379 0.0331532 0.0517074 0.0707693 0.0664463 0.0983766 0.1674539 0.1832282 0.4648868 0.4732853 0.4092710 0.4549890 0.3354067 0.3346106 0.3392989 0.3400008 0.2900646 0.3094519 0.2528274 0.2927784 0.2642240 0.4394752 0.3489364 0.3747583 0.3205693 0.3301820 0.3284423 0.4441333 0.4260683 0.4047862 0.4314428 0.5794671 0.5756333 0.5552999 0.5218240 0.4056164 0.4607027 0.4372200 0.4616734 0.4616734 0.4620801 0.4002711 0.4190980 0.3718009 0.4343430 0.3745309 0.3942856 0.4843397 0.5265862 0.5792501 0.7441962 0.5355578 0.7488924 0.8596066 1.1721367 0.7960416 0.8889546 0.8120944 0.8216947 0.8394453 0.7809211 0.9014080 0.7567542 0.7336630 0.6788054 0.6166165 0.6405719 0.8705913 0.6301830 0.6238011 0.8636712 0.8621520 0.6839375 0.8643201 0.7278537 0.7162716 0.8744216 0.1583297 0.7921770 0.9248290 
Gasp_gasp1.m3.9716.m1                                  0.4989977 0.2040908 0.0204484 0.0000000 0.0358578 0.0420548 0.0562908 0.0790908 0.0776056 0.1134502 0.1619927 0.1881797 0.4646103 0.4784753 0.4226266 0.4612740 0.3173777 0.3463853 0.3401792 0.3436138 0.3010193 0.3257826 0.2516325 0.2981586 0.2736600 0.4283132 0.3611799 0.3747438 0.3317837 0.3206192 0.3363810 0.4593838 0.4398495 0.4185805 0.4417266 0.5725393 0.5652785 0.5475972 0.5143448 0.4006409 0.4629254 0.4396800 0.4601312 0.4601312 0.4522060 0.3911791 0.4115198 0.3743446 0.4284407 0.3546542 0.3889153 0.4635834 0.5368974 0.5695083 0.7464909 0.5261488 0.7431772 0.8352225 1.1374467 0.7803096 0.8777822 0.7620146 0.7989571 0.8164315 0.7652119 0.8863215 0.7548951 0.7548146 0.6886862 0.6087967 0.6347151 0.8616297 0.6156834 0.6156788 0.8610660 0.8371619 0.6610118 0.8249556 0.7194711 0.7164376 0.8592156 0.1683609 0.7986319 0.9754872 
Spis_XP_022794988_1                                    0.4709486 0.2224247 0.0401379 0.0358578 0.0000000 0.0204987 0.0536631 0.0742253 0.0783997 0.1078355 0.1760357 0.1925727 0.4593145 0.4722407 0.3981100 0.4589593 0.3152927 0.3537557 0.3373750 0.3510522 0.3144535 0.3252679 0.2719626 0.3032987 0.2736612 0.4179317 0.3522852 0.3717246 0.3294086 0.3310693 0.3179565 0.5093627 0.4323266 0.4110581 0.4252677 0.5566983 0.5652123 0.5411233 0.5144962 0.4010276 0.4494130 0.4277941 0.4492287 0.4492287 0.4504873 0.3900409 0.4141583 0.3665416 0.4318793 0.3662708 0.3944678 0.4891680 0.5162592 0.5976587 0.7431791 0.5275510 0.7219269 0.8487128 1.1703948 0.7646291 0.8653471 0.7221451 0.7873394 0.8019357 0.7088225 0.8117712 0.7358206 0.7391343 0.6534663 0.5622237 0.6251045 0.8371173 0.5939341 0.5670810 0.8389461 0.8246849 0.6551945 0.8256374 0.7258235 0.7345978 0.8733421 0.1732770 0.7742014 0.9002792 
Pocdam_XM_027185411.1                                  0.4683977 0.2312142 0.0331532 0.0420548 0.0204987 0.0000000 0.0469747 0.0661954 0.0729377 0.0964473 0.1728123 0.1893255 0.4669535 0.4808301 0.4167858 0.4731405 0.3412657 0.3564220 0.3564714 0.3599550 0.3082767 0.3259051 0.2712330 0.3111155 0.2760929 0.4384156 0.3482827 0.3840100 0.3272911 0.3404630 0.3307136 0.4359183 0.4378636 0.4164335 0.4322051 0.5754739 0.5862266 0.5611539 0.5381814 0.4052115 0.4707023 0.4505196 0.4694532 0.4694532 0.4707059 0.4086602 0.4338949 0.3773874 0.4436501 0.3796173 0.4050828 0.4862226 0.5306201 0.6055386 0.7577830 0.5355578 0.7276714 0.8445208 1.2050576 0.7809141 0.8772762 0.7890675 0.8206509 0.8381704 0.7514206 0.8720168 0.7530805 0.7359921 0.6570132 0.5990241 0.6503577 0.8762949 0.6322928 0.6054412 0.8564479 0.8665198 0.6719296 0.8652792 0.7240186 0.7318190 0.8973462 0.1669714 0.7697902 0.8851721 
Gfas_gfas1.m1.16508.m1                                 0.4772036 0.2551080 0.0517074 0.0562908 0.0536631 0.0469747 0.0000000 0.0600211 0.0696481 0.0958687 0.1932247 0.2065588 0.4862323 0.5001783 0.4221218 0.4658250 0.3325806 0.3626518 0.3205057 0.3662384 0.3143519 0.3404933 0.2722499 0.3117871 0.2795644 0.4735166 0.3493869 0.4136800 0.3446338 0.3419149 0.3384193 0.4773585 0.4374384 0.4173639 0.4263800 0.5775786 0.5849902 0.5535850 0.5465045 0.4276415 0.4599700 0.4365404 0.4655551 0.4655551 0.4669265 0.3974539 0.4213225 0.3981056 0.4347670 0.3749795 0.4208297 0.5064077 0.5195442 0.5958066 0.7831563 0.5523721 0.7298026 0.8793085 1.1835916 0.7831734 0.8664359 0.6892382 0.8113880 0.8127757 0.6976189 0.8362347 0.7464466 0.7449634 0.6692322 0.5628995 0.6134953 0.8217255 0.5569686 0.5677669 0.8570560 0.8474121 0.6601733 0.8269117 0.7721424 0.7756707 0.9221425 0.1558504 0.7914440 0.9061748 
Adig_XM_015901973.1                                    0.4916993 0.2816900 0.0707693 0.0790908 0.0742253 0.0661954 0.0600211 0.0000000 0.0057315 0.0340346 0.2063773 0.2010907 0.4538491 0.4580994 0.3737120 0.4158932 0.3541639 0.3577588 0.3481340 0.3549208 0.3112082 0.3105605 0.2619192 0.2951983 0.2764136 0.4373288 0.3297228 0.3556555 0.3094637 0.3067457 0.3415258 0.4578475 0.4299381 0.4311649 0.4148667 0.5123557 0.5040593 0.4895464 0.5347784 0.3737735 0.4465511 0.4316273 0.4192792 0.4192792 0.4385771 0.4385771 0.4105718 0.3605571 0.4368564 0.3856374 0.3660277 0.4620915 0.5214843 0.5534186 0.7956674 0.5612265 0.7094856 0.8808370 1.0694759 0.7600709 0.7663705 0.7521289 0.7999891 0.8119778 0.7580239 0.8918306 0.6524178 0.6346860 0.6497564 0.6188436 0.6223934 0.8561211 0.6290056 0.6264616 0.7415087 0.8489395 0.6565726 0.8432785 0.7108367 0.6983453 0.8924509 0.1097895 0.8323017 0.7021719 
Amil_Amillepora14626-RA                                0.5362817 0.2858076 0.0664463 0.0776056 0.0783997 0.0729377 0.0696481 0.0057315 0.0000000 0.0592289 0.1967244 0.2052138 0.5267302 0.5314593 0.4140099 0.4931447 0.3541639 0.3608376 0.3456319 0.3659933 0.3145899 0.3268828 0.2790161 0.2924466 0.2659855 0.4521457 0.3590097 0.4023434 0.3331813 0.3220444 0.3143483 0.4578475 0.4789851 0.4557485 0.4722678 0.6154823 0.6061520 0.5653004 0.5733527 0.4075001 0.4932351 0.4673303 0.4996603 0.4996603 0.5182915 0.4341275 0.4256502 0.4343590 0.4704796 0.5300979 0.4398220 0.5100932 0.5223349 0.6843181 0.8794124 0.4065482 0.7191532 0.8334500 1.0487185 0.7783582 0.8699653 0.7521289 0.7363892 0.7189682 0.7580239 0.6784216 0.7525150 0.7542121 0.6588802 0.5953914 0.6096532 0.8589642 0.6559248 0.6024184 0.8107201 0.8436456 0.6299991 0.7824241 0.7535140 0.6893288 0.9062860 0.0738062 1.4878840 0.9276427 
Adig_XM_015925175.1                                    0.4916993 0.2677726 0.0983766 0.1134502 0.1078355 0.0964473 0.0958687 0.0340346 0.0592289 0.0000000 0.2911854 0.2543871 0.5204862 0.5325142 0.4243983 0.4641157 0.8158092 0.4220046 0.6065863 0.4163614 0.3513450 0.3548836 0.3020869 0.3491530 0.3291835 0.6393203 0.3587516 0.3958229 0.3476260 0.3388861 0.3617468 1.5233269 0.4519493 0.4532305 0.4442647 0.5394191 0.5385974 0.5245143 0.6398324 0.4076526 0.4893152 0.4988705 0.4634702 0.4634702 0.4833896 0.4833896 0.4675910 0.4102906 0.5044004 0.3856374 0.4045872 0.4981741 0.5643598 0.5107777 0.5849433 0.5612265 0.7337024 0.8462021 1.0694759 0.7908376 0.7724060 1.4270116 0.8809217 0.9179830 1.0165324 1.2625704 0.6809437 0.6620377 0.6960437 0.7603897 0.7026967 1.0790315 0.8905924 0.7790130 0.7722204 0.9508897 0.6664729 0.9315620 0.7324439 0.7291191 0.8924509 0.1750655 0.5365496 0.6107695 
Nvec_v1g180767                                         0.4333412 0.0000010 0.1674539 0.1619927 0.1760357 0.1728123 0.1932247 0.2063773 0.1967244 0.2911854 0.0000000 0.1296195 0.4216441 0.4464172 0.3973757 0.4420064 0.2961421 0.3567134 0.3538971 0.3745221 0.3118875 0.3047263 0.2604594 0.3890250 0.3476101 0.4238522 0.4346312 0.3763854 0.3202612 0.2997323 0.4184983 0.4415892 0.4255928 0.4272581 0.4145095 0.6054848 0.5394955 0.5765160 0.5649629 0.4663763 0.4507344 0.4507344 0.4453354 0.4453354 0.4418121 0.4418121 0.4560221 0.3903637 0.4187999 0.4753915 0.4283261 0.5075383 0.5225933 0.6048052 1.0139047 0.5488574 0.6765943 0.8207567 1.0850610 0.8582767 0.8582767 0.6903068 0.7911521 0.7851480 0.6674105 0.7981670 0.7228128 0.7236089 0.7256760 0.5418542 0.5779129 0.7594809 0.4842603 0.5458580 0.7945569 0.8068868 0.6674122 0.7282503 0.8800020 0.7578539 1.0186334 0.5053795 1.0793012 0.7673087 
Exapal_XM_021050394.2                                  0.5444107 0.3930754 0.1832282 0.1881797 0.1925727 0.1893255 0.2065588 0.2010907 0.2052138 0.2543871 0.1296195 0.0000000 0.4693960 0.4709375 0.4428605 0.4461005 0.3057656 0.3742314 0.4018565 0.3628415 0.3458121 0.3467410 0.2770101 0.3337576 0.3174315 0.4395033 0.3446138 0.4399040 0.3528297 0.3844616 0.3816813 0.3779183 0.4299567 0.4092513 0.4356489 0.6231978 0.6166775 0.6008961 0.5367074 0.4659673 0.4863823 0.4583671 0.4969129 0.4969129 0.5085356 0.4303633 0.4624219 0.4331401 0.4179999 0.3981305 0.3877215 0.4858558 0.5337542 0.6459524 0.7337088 0.5820130 0.6934333 0.8631916 1.0409753 0.7671621 0.8084360 0.7045465 0.7771961 0.7514962 0.6388713 0.7722458 0.7210613 0.7613141 0.7018074 0.5196579 0.6013343 0.7933359 0.5302574 0.5227147 0.8682472 0.8037049 0.6381686 0.7189196 0.7610163 0.8099886 0.9619149 0.3315838 0.7867005 0.8269058 
Emue_Em0005g1600a.t1                                   0.5045417 0.3842877 0.4648868 0.4646103 0.4593145 0.4669535 0.4862323 0.4538491 0.5267302 0.5204862 0.4216441 0.4693960 0.0000000 0.0206443 0.2921394 0.3270692 0.1597870 0.5036363 0.3732362 0.4594937 0.4901666 0.4853078 0.3962194 0.4603063 0.4520558 0.4426359 0.4639846 0.4317621 0.4627902 0.4984971 0.4106367 0.4832953 0.4575169 0.4533188 0.4756753 0.5483835 0.5560618 0.5442835 0.4617514 0.5259525 0.5910797 0.5618957 0.5549737 0.5549737 0.5436122 0.5150914 0.5804119 0.4891694 0.3565140 0.4325898 0.4791609 0.5679582 0.5412069 0.6926701 0.6236496 0.7029081 0.8021517 0.9723422 1.4299426 0.8842166 0.8886974 0.7603787 0.9402452 0.9332132 0.7185400 0.8230092 0.7986726 0.7569352 0.7327900 0.6222768 0.7048937 0.8706860 0.5988512 0.6297208 0.8675130 0.9256691 0.7580862 0.9347232 0.8519456 0.8736166 1.0550719 0.6822806 0.7670307 0.8900895 
Spolac_c97736_g1_i1_m.15665c97736-g1                   0.5030693 0.3842877 0.4732853 0.4784753 0.4722407 0.4808301 0.5001783 0.4580994 0.5314593 0.5325142 0.4464172 0.4709375 0.0206443 0.0000000 0.3008687 0.3177284 0.1810699 0.4943259 0.3775924 0.4663238 0.4880374 0.4829362 0.4077220 0.4516390 0.4418013 0.4314106 0.4824879 0.4453967 0.4643087 0.5196537 0.4134680 0.5190435 0.4797091 0.4753129 0.4958766 0.5502163 0.5873443 0.5528191 0.4960015 0.5191046 0.5988538 0.5702938 0.5626741 0.5626741 0.5505028 0.5218074 0.5884097 0.4790406 0.3711534 0.4318901 0.4981412 0.5725436 0.5619870 0.6895138 0.6291729 0.6335894 0.7869220 0.9460622 1.4303373 0.8929799 0.8959463 0.7550497 0.9325248 0.9522679 0.7481321 0.8548058 0.8160573 0.7764938 0.7567719 0.6396258 0.7263075 0.9065592 0.6227190 0.6479539 0.8781467 0.9452880 0.7557190 0.9636720 0.8276421 0.8835047 0.9704509 0.6871785 0.8060229 0.8900895 
Xestes_maker-XT_scaffold695-snap-gene-0.30-mRNA-1      0.3219168 0.2389888 0.4092710 0.4226266 0.3981100 0.4167858 0.4221218 0.3737120 0.4140099 0.4243983 0.3973757 0.4428605 0.2921394 0.3008687 0.0000000 0.1730879 0.0910050 0.4263383 0.4157920 0.4527235 0.4758717 0.4823482 0.4055420 0.4282140 0.4272889 0.4191145 0.4950027 0.3945267 0.4200609 0.4579640 0.4006771 0.5672730 0.4881595 0.4697819 0.5051877 0.6137718 0.6024709 0.6353530 0.5411368 0.4945742 0.5306264 0.5043885 0.5240681 0.5240681 0.5280191 0.4713654 0.5092836 0.4646013 0.3394935 0.3371185 0.4277650 0.5958907 0.5728242 0.6813304 0.4182603 0.5755430 0.7933887 0.9618152 1.2007886 0.8369711 0.8703605 0.8298966 0.9237033 0.9148992 0.7468125 0.8908505 0.8411040 0.8081567 0.7552753 0.6513106 0.6851605 0.9901156 0.6540125 0.6547192 0.8952941 0.9266429 0.7388670 0.9486825 0.8496559 0.8010564 0.9869204 0.5657276 0.7609335 0.9845348 
Halamb_c23791_g1_i1m.4334                              0.3481362 0.3217851 0.4549890 0.4612740 0.4589593 0.4731405 0.4658250 0.4158932 0.4931447 0.4641157 0.4420064 0.4461005 0.3270692 0.3177284 0.1730879 0.0000000 0.0509986 0.4288307 0.4238951 0.4392328 0.5301297 0.5106278 0.4398748 0.4600343 0.4611099 0.4698185 0.5138245 0.5013666 0.4291840 0.4754923 0.4487043 0.6732035 0.5357812 0.5147498 0.5283873 0.6124990 0.6088591 0.6135661 0.5421938 0.5272835 0.5251554 0.4940000 0.5403781 0.5403781 0.5356905 0.4732194 0.5164059 0.5041479 0.3457155 0.3927927 0.4411811 0.6624117 0.6251744 0.6643626 0.3290079 0.5583828 0.7882583 0.9147836 1.2143086 0.8432581 0.8615685 0.8714866 0.8564197 0.8485604 0.7558333 0.8709133 0.7694521 0.7582000 0.7232654 0.6261374 0.6405322 0.8959994 0.6794794 0.6473473 0.8464369 0.8940630 0.6728780 0.8832585 0.8244601 0.7464324 0.9252299 0.6528364 0.7737111 0.9732134 
Halamb_c24171_g1_i1m.4402                              0.0000010 0.0000010 0.3354067 0.3173777 0.3152927 0.3412657 0.3325806 0.3541639 0.3541639 0.8158092 0.2961421 0.3057656 0.1597870 0.1810699 0.0910050 0.0509986 0.0000000 0.2468463 0.2216892 0.2465448 0.4295692 0.3760032 0.3177030 0.3142472 0.3028544 0.3072805 0.4068769 0.3465336 0.3308088 0.3470573 0.3899413 0.5723367 0.4252410 0.4252410 0.3993910 0.3090555 0.3285552 0.3477675 0.3285552 0.4323273 0.4100804 0.4100804 0.4100804 0.4100804 0.3859895 0.3859895 0.4100804 0.3970330 0.3907450 0.0000010 0.2916158 0.5079219 0.4606641 0.4189670 3.1160591 0.0000010 0.8115895 1.0122600 0.0000010 0.7703705 0.7703705 0.8545264 0.7602384 0.7602384 0.7602384 0.7367780 0.6675945 0.6541407 0.6645687 0.6645687 0.6645687 0.6645687 0.6645687 0.6645687 0.7313088 0.8110697 0.7897067 0.7897067 0.0000010 0.0000010 0.0000010 0.9420195 3.3722818 1.9844749 
Sanmal_Sma_016773-T1                                   0.5723613 0.3510087 0.3346106 0.3463853 0.3537557 0.3564220 0.3626518 0.3577588 0.3608376 0.4220046 0.3567134 0.3742314 0.5036363 0.4943259 0.4263383 0.4288307 0.2468463 0.0000000 0.1855172 0.1711382 0.3411834 0.3189361 0.2822052 0.3688819 0.3697816 0.4630529 0.4179415 0.4851809 0.4470174 0.4558486 0.4026939 0.5376137 0.5574498 0.5356191 0.4623355 0.6200384 0.6265527 0.6138193 0.5169846 0.4571616 0.4711033 0.4358787 0.5110439 0.5110439 0.5060444 0.4282963 0.4566839 0.4942877 0.4473470 0.4644847 0.4715977 0.5802655 0.5980542 0.6926663 0.7974000 0.6421229 0.8059462 0.9112634 1.2194092 0.7492710 0.8835359 0.8133898 0.8086440 0.8730034 0.7547995 0.8954317 0.8170305 0.8320103 0.7050879 0.6050074 0.6912621 0.9020953 0.6197909 0.6118839 0.9297536 0.9501774 0.6190567 0.8465010 0.7213904 0.6854541 0.8113528 0.5203221 0.8523099 1.0583946 
Nemnom_g11339.t1                                       0.9292868 1.1884363 0.3392989 0.3401792 0.3373750 0.3564714 0.3205057 0.3481340 0.3456319 0.6065863 0.3538971 0.4018565 0.3732362 0.3775924 0.4157920 0.4238951 0.2216892 0.1855172 0.0000000 0.0487905 0.3679556 0.3362770 0.3302297 0.3611969 0.3251106 0.4065378 0.4293520 0.4574873 0.4151435 0.3794473 0.3980901 0.5763330 0.5326353 0.5326353 0.4770227 0.6313144 0.5375941 0.5610907 0.5153111 0.4041635 0.4208664 0.4208664 0.4098114 0.4098114 0.4123139 0.4123139 0.4198335 0.4277482 0.5211281 0.0000010 0.4532724 0.6330762 0.6476658 0.6883717 1.8532184 0.0000010 0.9134784 1.2051892 2.8193132 1.1756832 1.1756832 0.7401908 1.0211710 1.0211710 0.7723842 0.7277571 0.8716864 0.8280661 0.8410902 0.5783855 0.8455561 0.8455561 0.5469485 0.5842548 0.9305983 1.0363243 0.8062876 0.8099580 3.4737465 0.0000010 8.9999989 1.1628360 1.1926013 1.3336911 
Rhoesc_Res_012755-T1                                   0.5207086 0.3778586 0.3400008 0.3436138 0.3510522 0.3599550 0.3662384 0.3549208 0.3659933 0.4163614 0.3745221 0.3628415 0.4594937 0.4663238 0.4527235 0.4392328 0.2465448 0.1711382 0.0487905 0.0000000 0.3427535 0.3173493 0.2751221 0.3855338 0.3747528 0.3924967 0.4401283 0.5056730 0.4606178 0.4154300 0.4210559 0.5805075 0.5068923 0.4880473 0.4486499 0.6362494 0.6306478 0.5948917 0.4810450 0.4817238 0.4246869 0.3964426 0.4729966 0.4729966 0.4696902 0.3955267 0.3982511 0.4751825 0.4825487 0.4435935 0.4754324 0.5730793 0.6228608 0.6783061 0.7810059 0.7321221 0.7830748 0.9585711 1.2437863 0.8224378 0.9174210 0.7308581 0.8551877 0.8744012 0.7444784 0.8536810 0.8379983 0.8372717 0.7678995 0.5890507 0.6712980 0.8781061 0.6074106 0.5953722 0.9012653 0.9165126 0.6643417 0.8232341 0.8154183 0.8349894 0.9404033 0.5284356 0.8497355 0.9683161 
Hvul_g28831_1                                          0.5298069 0.3993712 0.2900646 0.3010193 0.3144535 0.3082767 0.3143519 0.3112082 0.3145899 0.3513450 0.3118875 0.3458121 0.4901666 0.4880374 0.4758717 0.5301297 0.4295692 0.3411834 0.3679556 0.3427535 0.0000000 0.2015548 0.2572150 0.3672368 0.3642492 0.4941785 0.4238241 0.4897984 0.4083136 0.4267591 0.3665717 0.3280806 0.4860485 0.4626766 0.4344679 0.5806484 0.5588611 0.5320955 0.5184336 0.5136845 0.4794887 0.4559942 0.4867626 0.4867626 0.4960067 0.4177537 0.4329033 0.4671353 0.4491656 0.3682452 0.4599275 0.5197570 0.5770627 0.6432506 0.7734930 0.5732491 0.7220230 0.8451739 1.0201993 0.7312518 0.8209402 0.6966973 0.7669199 0.8041506 0.6874680 0.8065496 0.7505443 0.7427297 0.6652455 0.5367174 0.5909056 0.7644619 0.5466296 0.5404421 0.7775991 0.7954603 0.6256223 0.8262256 0.7030760 0.7959421 0.7772838 0.4813859 0.9398596 0.8692489 
Chem_TCONS_00010880                                    0.4497050 0.3088649 0.3094519 0.3257826 0.3252679 0.3259051 0.3404933 0.3105605 0.3268828 0.3548836 0.3047263 0.3467410 0.4853078 0.4829362 0.4823482 0.5106278 0.3760032 0.3189361 0.3362770 0.3173493 0.2015548 0.0000000 0.2402748 0.3689002 0.3874048 0.4455311 0.3898143 0.5430380 0.4255221 0.4452407 0.4064104 0.4715654 0.4713920 0.4452234 0.4466492 0.5542326 0.5343529 0.5402848 0.5117604 0.4511414 0.4360203 0.3938186 0.4530570 0.4530570 0.4570208 0.3870587 0.3741590 0.4713051 0.4097545 0.3958075 0.4344094 0.5492874 0.5924854 0.5847765 0.7690715 0.5667036 0.7454515 0.8379287 1.0271431 0.7758571 0.8763877 0.7352197 0.7893580 0.8140405 0.7223236 0.8342837 0.7829355 0.7600189 0.7107524 0.5759543 0.6309426 0.8437271 0.6235449 0.5814241 0.8624976 0.8515814 0.6686882 0.8724393 0.7604140 0.7446473 0.8244863 0.4984820 0.8036954 1.0151086 
Morvir_scaffold31.g16.t1                               0.4533833 0.3268545 0.2528274 0.2516325 0.2719626 0.2712330 0.2722499 0.2619192 0.2790161 0.3020869 0.2604594 0.2770101 0.3962194 0.4077220 0.4055420 0.4398748 0.3177030 0.2822052 0.3302297 0.2751221 0.2572150 0.2402748 0.0000000 0.3007385 0.3175322 0.4225252 0.3770663 0.4294332 0.3797989 0.3896431 0.3441558 0.6385944 0.4274788 0.4078143 0.3860704 0.6134752 0.5924258 0.5534871 0.5049643 0.4480714 0.4639380 0.4358347 0.4757865 0.4757865 0.4720532 0.3935185 0.4260560 0.3901677 0.4238456 0.3395904 0.3698883 0.4605729 0.4992116 0.6373596 0.7125894 0.5991527 0.7417984 0.8175377 1.0600413 0.7759578 0.8753626 0.8228091 0.7547273 0.7450286 0.7391533 0.8686724 0.7350932 0.7371858 0.6603623 0.5668019 0.5756422 0.7577991 0.6277528 0.5718750 0.8074856 0.8128073 0.6214864 0.7921089 0.6607477 0.7860285 0.7908156 0.4113083 0.8414635 0.9268676 
Dgig_XM_028549291.1                                    0.4535651 0.2607194 0.2927784 0.2981586 0.3032987 0.3111155 0.3117871 0.2951983 0.2924466 0.3491530 0.3890250 0.3337576 0.4603063 0.4516390 0.4282140 0.4600343 0.3142472 0.3688819 0.3611969 0.3855338 0.3672368 0.3689002 0.3007385 0.0000000 0.0724146 0.3755869 0.3649245 0.4172921 0.4221744 0.4075439 0.3698370 0.5040772 0.4667929 0.4406409 0.4436797 0.5662333 0.6066161 0.5483104 0.5125382 0.4412333 0.5755729 0.5432833 0.5836726 0.5836726 0.5799261 0.4920376 0.5320571 0.4720440 0.4526353 0.4718277 0.3558404 0.5065521 0.5157175 0.6224980 0.7403756 0.5543915 0.7566304 0.8128533 1.1802090 0.7832737 0.8621256 0.7749213 0.8105834 0.8673757 0.7625597 0.9011554 0.7641043 0.7945385 0.7121927 0.6795383 0.6551564 0.9191501 0.6743903 0.6706227 0.8766703 0.8769714 0.7210004 0.9498304 0.7368872 0.7545183 0.8264969 0.4249160 0.9074795 0.9898897 
Xesp_002757-T1                                         0.5067554 0.2654604 0.2642240 0.2736600 0.2736612 0.2760929 0.2795644 0.2764136 0.2659855 0.3291835 0.3476101 0.3174315 0.4520558 0.4418013 0.4272889 0.4611099 0.3028544 0.3697816 0.3251106 0.3747528 0.3642492 0.3874048 0.3175322 0.0724146 0.0000000 0.3558974 0.3681536 0.4036343 0.4044531 0.3761356 0.3301245 0.4542068 0.4410243 0.4216673 0.4210385 0.5741586 0.6043333 0.5648822 0.4586258 0.4350200 0.5865008 0.5551757 0.5919920 0.5919920 0.5844510 0.5002617 0.5471920 0.4428248 0.3949711 0.4255396 0.3748082 0.5055773 0.4778493 0.6281395 0.7501344 0.5791278 0.7538870 0.9074061 1.1927549 0.7960852 0.8655589 0.7316320 0.8002050 0.8179161 0.7343290 0.8769912 0.7533750 0.7835616 0.7083259 0.6269155 0.6504382 0.9031140 0.6401770 0.6163917 0.8838394 0.8635660 0.6963804 0.9000421 0.7700538 0.7555623 0.9157236 0.4080200 0.8459295 0.9446700 
Lcom_lcpid110052                                       1.1670591 0.0000010 0.4394752 0.4283132 0.4179317 0.4384156 0.4735166 0.4373288 0.4521457 0.6393203 0.4238522 0.4395033 0.4426359 0.4314106 0.4191145 0.4698185 0.3072805 0.4630529 0.4065378 0.3924967 0.4941785 0.4455311 0.4225252 0.3755869 0.3558974 0.0000000 0.2166238 0.2451624 0.2561759 0.2445001 0.2454173 0.5925294 0.4814522 0.4814522 0.4576975 0.5506195 0.5506889 0.5896919 0.5641759 0.3427895 0.5218671 0.5218671 0.5176076 0.5176076 0.5188180 0.5188180 0.5265034 0.3237685 0.5852265 0.0000010 0.2261065 0.4472022 0.4555541 0.6663283 1.4764767 0.0000010 0.9578384 1.1129647 1.7102135 1.0347111 1.0347111 0.9258363 0.9979359 0.9979359 0.8377315 0.7828367 0.8908005 0.8766425 0.8990309 0.6824564 0.8990309 0.8990309 0.6646842 0.6872618 0.9449252 1.0024666 0.9226278 0.9226278 3.0419673 0.0000010 8.9999980 1.3136375 1.4077014 1.2016576 
Cgig_XM_011435852.3                                    0.5151703 0.3552666 0.3489364 0.3611799 0.3522852 0.3482827 0.3493869 0.3297228 0.3590097 0.3587516 0.4346312 0.3446138 0.4639846 0.4824879 0.4950027 0.5138245 0.4068769 0.4179415 0.4293520 0.4401283 0.4238241 0.3898143 0.3770663 0.3649245 0.3681536 0.2166238 0.0000000 0.3271765 0.3094063 0.3332697 0.3465548 0.4820443 0.4319784 0.4146953 0.4529507 0.6080215 0.6038493 0.5990483 0.5407266 0.4220231 0.5139636 0.5007960 0.5171809 0.5171809 0.5498045 0.4703045 0.4711363 0.4031004 0.4771814 0.3403249 0.2533498 0.4929723 0.5151195 0.6909638 0.7477191 0.7130468 0.7828856 0.8712962 1.1133214 0.8028057 0.8713866 0.8217712 0.8542012 0.8749423 0.7322317 0.8012068 0.7722172 0.7635378 0.6964219 0.5625961 0.6218390 0.8010840 0.5690058 0.5474933 0.8956685 0.8570387 0.7324973 0.9256879 0.7994775 0.8797668 0.9301496 0.4989464 0.9412908 0.9223639 
Ctel_gnl_WGS_AMQN_CAPTEDRAFT_mRNA166596                0.6241639 0.3259031 0.3747583 0.3747438 0.3717246 0.3840100 0.4136800 0.3556555 0.4023434 0.3958229 0.3763854 0.4399040 0.4317621 0.4453967 0.3945267 0.5013666 0.3465336 0.4851809 0.4574873 0.5056730 0.4897984 0.5430380 0.4294332 0.4172921 0.4036343 0.2451624 0.3271765 0.0000000 0.3504653 0.3614976 0.3708499 0.4658192 0.5015269 0.4790455 0.4741395 0.6158635 0.5748748 0.5871357 0.5291594 0.4173494 0.5231182 0.4976448 0.5136273 0.5136273 0.5010513 0.4459405 0.4896806 0.3936243 0.4723345 0.3211484 0.2880686 0.5045210 0.4829016 0.6897474 0.7564247 0.6608782 0.7727963 0.8834655 1.1541165 0.7590316 0.8083442 0.7984638 0.8139949 0.8273197 0.6865165 0.7806168 0.7367622 0.7257736 0.6709163 0.5730719 0.6572340 0.9008564 0.5849769 0.5784397 0.8623705 0.8805192 0.6341297 0.7986078 0.8123887 0.7312263 0.9790890 0.5583446 0.9130775 0.9746444 
Bralan_BLAG16000505_2                                  0.5685104 0.3350059 0.3205693 0.3317837 0.3294086 0.3272911 0.3446338 0.3094637 0.3331813 0.3476260 0.3202612 0.3528297 0.4627902 0.4643087 0.4200609 0.4291840 0.3308088 0.4470174 0.4151435 0.4606178 0.4083136 0.4255221 0.3797989 0.4221744 0.4044531 0.2561759 0.3094063 0.3504653 0.0000000 0.2499847 0.2980386 0.5238835 0.4458856 0.4368824 0.4441444 0.6112090 0.5941887 0.5800643 0.5593005 0.3779602 0.4902332 0.4686060 0.4770923 0.4770923 0.4885129 0.4206865 0.4535344 0.3581369 0.4314376 0.3619621 0.3295618 0.4843864 0.5118227 0.6580665 0.6722433 0.6705058 0.7636920 0.8067852 0.8196345 0.7738496 0.8544551 0.7884037 0.8004564 0.7359744 0.7205168 0.8100399 0.7405427 0.7503395 0.6969815 0.5535577 0.5279606 0.6887160 0.5901591 0.5579174 0.8398179 0.7507607 0.6932247 0.8003818 0.8266052 0.9550146 0.9690353 0.5219110 0.8711132 1.0541697 
Skow_XM_002739559.2                                    0.5925557 0.2422740 0.3301820 0.3206192 0.3310693 0.3404630 0.3419149 0.3067457 0.3220444 0.3388861 0.2997323 0.3844616 0.4984971 0.5196537 0.4579640 0.4754923 0.3470573 0.4558486 0.3794473 0.4154300 0.4267591 0.4452407 0.3896431 0.4075439 0.3761356 0.2445001 0.3332697 0.3614976 0.2499847 0.0000000 0.2850700 0.5036816 0.4975432 0.4739179 0.4887481 0.6435567 0.6497633 0.6135299 0.5246347 0.3554402 0.4849296 0.4739959 0.5175026 0.5175026 0.5157933 0.4304425 0.4873538 0.3947011 0.4307757 0.4100594 0.3361566 0.5003493 0.4848093 0.6819084 0.8088479 0.6872248 0.8029532 0.8987370 1.0317237 0.8272222 0.9510617 0.6953069 0.8493437 0.7994352 0.6949842 0.7814536 0.8746186 0.8784126 0.7485709 0.5997506 0.6032790 0.7767957 0.5506348 0.6010491 0.9943837 0.7808506 0.6718275 0.7211786 0.9377944 0.9835731 1.0700529 0.5251286 1.4252496 1.0482190 
Hsap_ENST00000392708                                   0.5945635 0.3445593 0.3284423 0.3363810 0.3179565 0.3307136 0.3384193 0.3415258 0.3143483 0.3617468 0.4184983 0.3816813 0.4106367 0.4134680 0.4006771 0.4487043 0.3899413 0.4026939 0.3980901 0.4210559 0.3665717 0.4064104 0.3441558 0.3698370 0.3301245 0.2454173 0.3465548 0.3708499 0.2980386 0.2850700 0.0000000 0.7161627 0.4179733 0.4189573 0.4596711 0.5746301 0.5532296 0.5452438 0.5383081 0.3749594 0.4702137 0.4677332 0.4223205 0.4223205 0.4415587 0.4267598 0.4751135 0.3134276 0.4702361 0.4934896 0.3559084 0.4506731 0.4853968 0.6262568 0.7138582 0.6940806 0.7384461 0.9476216 0.9796754 0.7630685 0.7706761 0.8866631 0.8615663 0.8120305 0.8221973 0.8897321 0.7332202 0.7203420 0.7227491 0.6314409 0.6569183 0.8979682 0.7127696 0.6393885 0.7828513 0.8583469 0.6839361 0.8508774 0.8103267 0.8128839 1.0003705 0.4780637 1.0389251 0.6518004 
Lcom_lcpid247792                                       0.0000010 0.0000010 0.4441333 0.4593838 0.5093627 0.4359183 0.4773585 0.4578475 0.4578475 1.5233269 0.4415892 0.3779183 0.4832953 0.5190435 0.5672730 0.6732035 0.5723367 0.5376137 0.5763330 0.5805075 0.3280806 0.4715654 0.6385944 0.5040772 0.4542068 0.5925294 0.4820443 0.4658192 0.5238835 0.5036816 0.7161627 0.0000000 0.3971726 0.3971726 0.3880212 0.5298321 0.4421801 0.4421801 0.4421801 0.6114702 0.6137601 0.6137601 0.6137601 0.6137601 0.6137601 0.6137601 0.6137601 0.6612333 0.4485504 0.0000010 0.5752968 0.6345481 0.5745293 0.3598887 5.4369498 0.0000010 0.6806758 1.3984452 0.0000010 0.7424928 0.7424928 0.6806758 0.7352053 0.7352053 0.7352053 0.6977067 0.6690847 0.6073484 0.5871921 0.5871921 0.5871921 0.5871921 0.5871921 0.5871921 0.7079056 0.6898974 0.7941518 0.7941518 0.0000010 0.0000010 0.0000010 0.5577263 2.7583209 2.8081020 
Opea_EP00118_Oscarella_pearsei_P003172                 0.4739211 0.3801222 0.4260683 0.4398495 0.4323266 0.4378636 0.4374384 0.4299381 0.4789851 0.4519493 0.4255928 0.4299567 0.4575169 0.4797091 0.4881595 0.5357812 0.4252410 0.5574498 0.5326353 0.5068923 0.4860485 0.4713920 0.4274788 0.4667929 0.4410243 0.4814522 0.4319784 0.5015269 0.4458856 0.4975432 0.4179733 0.3971726 0.0000000 0.0019963 0.2388098 0.5911398 0.5905491 0.5546910 0.4724717 0.5692654 0.5296348 0.5307439 0.5300630 0.5300630 0.5235259 0.4507627 0.4830211 0.4683748 0.4723183 0.6077722 0.4385977 0.5727241 0.4960321 0.6805083 0.7839525 0.8721746 0.7666881 0.9541777 1.1862957 0.8153993 0.8494067 0.7594816 0.8134628 0.7484380 0.6368955 0.7124017 0.7934470 0.7691080 0.7738136 0.5636555 0.5937011 0.7900231 0.5761857 0.5527003 0.7540180 0.7324872 0.7317916 0.8236905 0.8832100 1.0176924 1.0258988 0.6348419 0.7274452 0.7933510 
Ocar_g3036                                             0.4851450 0.3801222 0.4047862 0.4185805 0.4110581 0.4164335 0.4173639 0.4311649 0.4557485 0.4532305 0.4272581 0.4092513 0.4533188 0.4753129 0.4697819 0.5147498 0.4252410 0.5356191 0.5326353 0.4880473 0.4626766 0.4452234 0.4078143 0.4406409 0.4216673 0.4814522 0.4146953 0.4790455 0.4368824 0.4739179 0.4189573 0.3971726 0.0019963 0.0000000 0.2232907 0.5700270 0.5625053 0.5447763 0.4741059 0.5573443 0.5318669 0.5332166 0.4998712 0.4998712 0.4919350 0.4525108 0.4851708 0.4541676 0.4739944 0.5858053 0.4278167 0.5693562 0.5012955 0.6647609 0.7523811 0.8321104 0.7599494 0.9254081 1.2008455 0.8066729 0.8024636 0.7594816 0.8043189 0.7546053 0.6368955 0.7124017 0.7569659 0.7355540 0.7656363 0.5636555 0.5991573 0.7900231 0.5761857 0.5527003 0.7187664 0.7324872 0.7261947 0.8236905 0.8688567 0.9944489 1.0041325 0.6114627 0.7274452 0.7933510 
Plajan_Pjan_scaffold23488_01                           0.4958483 0.4951299 0.4314428 0.4417266 0.4252677 0.4322051 0.4263800 0.4148667 0.4722678 0.4442647 0.4145095 0.4356489 0.4756753 0.4958766 0.5051877 0.5283873 0.3993910 0.4623355 0.4770227 0.4486499 0.4344679 0.4466492 0.3860704 0.4436797 0.4210385 0.4576975 0.4529507 0.4741395 0.4441444 0.4887481 0.4596711 0.3880212 0.2388098 0.2232907 0.0000000 0.5759589 0.5507279 0.5342918 0.4507915 0.5344938 0.4745999 0.4709193 0.4769843 0.4769843 0.4657607 0.4235574 0.4642028 0.4640200 0.4217289 0.5139390 0.4303862 0.5500520 0.5289160 0.6827562 0.8031037 0.7211832 0.8052880 1.0590423 1.5456266 0.8854205 0.9221526 0.7645806 0.8395795 0.8664866 0.6593449 0.7931108 0.7851362 0.7982964 0.7770571 0.6566811 0.6894457 0.9155911 0.5739057 0.6661350 0.8396438 0.8947509 0.7880701 1.0013915 0.9030301 0.9708176 0.9228532 0.6214639 0.8511442 0.7911298 
Lcom_lcpid15318                                        0.8125885 0.4358894 0.5794671 0.5725393 0.5566983 0.5754739 0.5775786 0.5123557 0.6154823 0.5394191 0.6054848 0.6231978 0.5483835 0.5502163 0.6137718 0.6124990 0.3090555 0.6200384 0.6313144 0.6362494 0.5806484 0.5542326 0.6134752 0.5662333 0.5741586 0.5506195 0.6080215 0.6158635 0.6112090 0.6435567 0.5746301 0.5298321 0.5911398 0.5700270 0.5759589 0.0000000 0.1430752 0.1055346 0.1309542 0.6282273 0.5719535 0.5517159 0.5948997 0.5948997 0.6024047 0.5441483 0.5694048 0.6787794 0.5748730 0.5534826 0.6035560 0.6842567 0.6977548 0.4068430 0.9104554 0.5733783 0.8923683 0.9358059 1.2744828 0.8970800 0.9351412 0.9870711 0.9234308 0.9712032 0.8283247 0.9063149 0.9219398 0.9041318 0.8679185 0.7366476 0.7860303 1.0522330 0.6968426 0.7496225 1.0008437 1.0334543 0.8340656 1.1200278 0.9895688 0.8085341 1.0012933 0.7360659 0.8100759 1.1926995 
Gracom_Gcom_C556264_01                                 0.8163902 0.5150937 0.5756333 0.5652785 0.5652123 0.5862266 0.5849902 0.5040593 0.6061520 0.5385974 0.5394955 0.6166775 0.5560618 0.5873443 0.6024709 0.6088591 0.3285552 0.6265527 0.5375941 0.6306478 0.5588611 0.5343529 0.5924258 0.6066161 0.6043333 0.5506889 0.6038493 0.5748748 0.5941887 0.6497633 0.5532296 0.4421801 0.5905491 0.5625053 0.5507279 0.1430752 0.0000000 0.0920157 0.1201519 0.5935385 0.5393591 0.5141728 0.5657182 0.5657182 0.5728119 0.5041244 0.5070651 0.6495354 0.5495644 0.5600108 0.5429019 0.6804798 0.6849040 0.3488344 0.8926035 0.8467069 0.9274771 0.9959367 1.2125318 0.9587066 1.0036151 0.9596148 0.9580574 0.9352422 0.8088699 0.9084740 0.9001764 0.8928168 0.8551609 0.6870525 0.7239910 0.9680046 0.6877945 0.6976270 0.9919565 0.9573687 0.8752227 1.0166195 1.0179623 0.9555357 1.1610198 0.7407124 0.8519957 1.2219682 
Scil_scict020107.1                                     0.7323251 0.4754882 0.5552999 0.5475972 0.5411233 0.5611539 0.5535850 0.4895464 0.5653004 0.5245143 0.5765160 0.6008961 0.5442835 0.5528191 0.6353530 0.6135661 0.3477675 0.6138193 0.5610907 0.5948917 0.5320955 0.5402848 0.5534871 0.5483104 0.5648822 0.5896919 0.5990483 0.5871357 0.5800643 0.6135299 0.5452438 0.4421801 0.5546910 0.5447763 0.5342918 0.1055346 0.0920157 0.0000000 0.1020022 0.5943463 0.5522355 0.5257154 0.5656344 0.5656344 0.5626456 0.5053616 0.5325429 0.6158440 0.5686625 0.6006801 0.5621054 0.6640187 0.6747371 0.3838833 0.8782080 0.7551116 0.8681204 0.9363700 1.2076294 0.9251559 0.9511704 0.9860970 0.9312019 0.9126850 0.8273338 0.9168207 0.8664681 0.8677699 0.8701013 0.7123152 0.7400656 0.9833410 0.6884358 0.7239267 0.9527926 0.9590894 0.8427517 1.0408066 0.9793569 0.9610308 1.0508808 0.7141669 0.8938087 1.0510240 
Leuniv_Lniv_scaffold24861_01                           0.8093776 0.3595854 0.5218240 0.5143448 0.5144962 0.5381814 0.5465045 0.5347784 0.5733527 0.6398324 0.5649629 0.5367074 0.4617514 0.4960015 0.5411368 0.5421938 0.3285552 0.5169846 0.5153111 0.4810450 0.5184336 0.5117604 0.5049643 0.5125382 0.4586258 0.5641759 0.5407266 0.5291594 0.5593005 0.5246347 0.5383081 0.4421801 0.4724717 0.4741059 0.4507915 0.1309542 0.1201519 0.1020022 0.0000000 0.5754787 0.5643977 0.5598181 0.5483863 0.5483863 0.5580994 0.5580994 0.6127802 0.5405866 0.5636214 0.6630498 0.4637211 0.6014692 0.6545094 0.3291772 0.9468578 0.7199671 0.8505600 0.9642487 1.2861955 0.9346887 0.9346887 0.9596148 0.9358659 0.9243061 0.8088699 0.8687980 0.8561856 0.8193771 0.8411984 0.7036143 0.7243576 0.9834268 0.6483082 0.7153819 0.9195907 0.9986877 0.8472816 1.0864628 0.9921900 0.7902372 1.0409910 0.8017496 0.8275752 0.7435322 
Spur_XM_001175790.4                                    0.5824680 0.3388598 0.4056164 0.4006409 0.4010276 0.4052115 0.4276415 0.3737735 0.4075001 0.4076526 0.4663763 0.4659673 0.5259525 0.5191046 0.4945742 0.5272835 0.4323273 0.4571616 0.4041635 0.4817238 0.5136845 0.4511414 0.4480714 0.4412333 0.4350200 0.3427895 0.4220231 0.4173494 0.3779602 0.3554402 0.3749594 0.6114702 0.5692654 0.5573443 0.5344938 0.6282273 0.5935385 0.5943463 0.5754787 0.0000000 0.5236321 0.4981365 0.5487524 0.5487524 0.5258112 0.4738594 0.4808695 0.4990005 0.4879402 0.5136704 0.4160285 0.5570835 0.6398148 0.6231864 0.7942467 0.7169872 0.7794285 0.8603010 1.0697401 0.8415978 0.8837571 0.7514404 0.8857822 0.8302856 0.6793332 0.8121461 0.7865673 0.7863414 0.7484690 0.6058168 0.6512112 0.8605749 0.5710501 0.6127079 0.9072570 0.8683482 0.7248430 0.8545074 0.8677565 1.0478916 0.9536024 0.5798260 0.9798294 1.0466462 
HoiH23_PlH23_009598-RA                                 0.5192723 0.6596007 0.4607027 0.4629254 0.4494130 0.4707023 0.4599700 0.4465511 0.4932351 0.4893152 0.4507344 0.4863823 0.5910797 0.5988538 0.5306264 0.5251554 0.4100804 0.4711033 0.4208664 0.4246869 0.4794887 0.4360203 0.4639380 0.5755729 0.5865008 0.5218671 0.5139636 0.5231182 0.4902332 0.4849296 0.4702137 0.6137601 0.5296348 0.5318669 0.4745999 0.5719535 0.5393591 0.5522355 0.5643977 0.5236321 0.0000000 0.0071513 0.0381562 0.0381562 0.0599410 0.0529075 0.0562619 0.4994277 0.5780744 0.5464999 0.5324078 0.6757301 0.6562177 0.6144207 0.8982027 0.8158470 0.8762023 1.0010904 1.0749868 0.9336462 0.8955835 0.9205887 0.9667175 0.9752408 0.8772415 1.0213477 0.8548143 0.8239653 0.8687149 0.7271632 0.7409539 0.9982259 0.7430052 0.7338161 0.8819368 0.9319308 0.8129593 0.9427776 1.0014395 0.9146670 0.9786249 0.6764063 0.9298469 0.9286074 
HoiH06_mRNA6683                                        0.5192723 0.5742703 0.4372200 0.4396800 0.4277941 0.4505196 0.4365404 0.4316273 0.4673303 0.4988705 0.4507344 0.4583671 0.5618957 0.5702938 0.5043885 0.4940000 0.4100804 0.4358787 0.4208664 0.3964426 0.4559942 0.3938186 0.4358347 0.5432833 0.5551757 0.5218671 0.5007960 0.4976448 0.4686060 0.4739959 0.4677332 0.6137601 0.5307439 0.5332166 0.4709193 0.5517159 0.5141728 0.5257154 0.5598181 0.4981365 0.0071513 0.0000000 0.0119552 0.0119552 0.0319144 0.0319144 0.0435370 0.4693966 0.5734666 0.5341760 0.5217585 0.6519014 0.6519821 0.5766408 0.9177648 0.8158470 0.8642939 1.0010904 1.0749868 0.9104927 0.9009240 0.9205887 0.9667175 0.9752408 0.8772415 1.0213477 0.8548943 0.8159733 0.8453788 0.7217128 0.7409539 0.9982259 0.7430052 0.7282087 0.8798013 0.9319308 0.7923130 0.9427776 0.9517279 0.8505934 0.9786249 0.6713524 0.9298469 0.8856267 
Hhon_g00041.t1                                         0.5216703 0.5742703 0.4616734 0.4601312 0.4492287 0.4694532 0.4655551 0.4192792 0.4996603 0.4634702 0.4453354 0.4969129 0.5549737 0.5626741 0.5240681 0.5403781 0.4100804 0.5110439 0.4098114 0.4729966 0.4867626 0.4530570 0.4757865 0.5836726 0.5919920 0.5176076 0.5171809 0.5136273 0.4770923 0.5175026 0.4223205 0.6137601 0.5300630 0.4998712 0.4769843 0.5948997 0.5657182 0.5656344 0.5483863 0.5487524 0.0381562 0.0119552 0.0000000 0.0000010 0.0555955 0.0434433 0.0695390 0.5229559 0.5503250 0.5197301 0.5264748 0.6657803 0.6194786 0.6218583 0.8657196 0.7914428 0.8392609 0.9774986 1.0734779 0.9019733 0.9141685 0.9205887 0.9644428 0.9687241 0.8772415 1.0213477 0.8331929 0.8179747 0.8324579 0.7191779 0.7358318 0.9898134 0.7430052 0.7254399 0.9013877 0.9246890 0.7966360 0.9350425 0.9579444 0.8802912 1.0026932 0.6638270 0.9298469 0.9859644 
HoiH04_mRNA17903                                       0.5216703 0.5742703 0.4616734 0.4601312 0.4492287 0.4694532 0.4655551 0.4192792 0.4996603 0.4634702 0.4453354 0.4969129 0.5549737 0.5626741 0.5240681 0.5403781 0.4100804 0.5110439 0.4098114 0.4729966 0.4867626 0.4530570 0.4757865 0.5836726 0.5919920 0.5176076 0.5171809 0.5136273 0.4770923 0.5175026 0.4223205 0.6137601 0.5300630 0.4998712 0.4769843 0.5948997 0.5657182 0.5656344 0.5483863 0.5487524 0.0381562 0.0119552 0.0000010 0.0000000 0.0555955 0.0434433 0.0695390 0.5229559 0.5503250 0.5197301 0.5264748 0.6657803 0.6194786 0.6218583 0.8657196 0.7914428 0.8392609 0.9774986 1.0734779 0.9019733 0.9141685 0.9205887 0.9644428 0.9687241 0.8772415 1.0213477 0.8331929 0.8179747 0.8324579 0.7191779 0.7358318 0.9898134 0.7430052 0.7254399 0.9013877 0.9246890 0.7966360 0.9350425 0.9579444 0.8802912 1.0026932 0.6638270 0.9298469 0.9859644 
