72
Pbac_sb2641379                                                   0.0000000 0.1890359 0.0630273 0.5162862 0.4578665 0.4265278 0.5353567 0.5391492 0.5647292 0.8714637 1.3767253 0.7265976 3.2136014 3.1093477 3.6152527 2.5392828 0.7831389 2.5204275 2.5953736 3.2946153 2.7528059 3.5738223 3.4500111 0.9886895 3.5543136 3.5059142 3.4364442 3.6456724 2.3116599 2.3399163 1.0401273 2.4688600 3.1248776 2.5457819 2.5469564 2.3293701 2.3470688 2.3848711 2.6481929 2.6314547 2.2890700 2.9019429 2.6360653 2.5782526 2.5607676 3.9927104 1.3463983 1.6633130 2.6648685 3.1268975 1.1403365 2.8232694 0.9878907 3.5632353 3.3144940 6.2936154 5.3426256 2.3817816 2.0460040 2.6403995 1.2763537 2.8845366 2.4974270 2.6711708 2.5227355 4.7736931 3.5781379 5.7446944 5.4819134 6.8948505 6.9751534 7.5925207 
Pbac_sb2644631                                                   0.1890359 0.0000000 0.0137752 0.0980942 0.1179574 0.1024046 0.1204878 0.1571793 0.1553897 0.2669439 0.3153525 0.8681466 0.9227257 0.8424655 0.6046313 0.6365419 0.6045855 0.6484744 0.6279537 0.8837356 0.5814679 0.6565367 0.6717461 0.6235353 0.6473276 0.6473276 0.6565367 0.7662702 0.5816851 0.5688279 0.6887279 0.5854372 0.5566182 0.5499784 0.5499784 0.5252503 0.5379535 0.5505187 0.5551922 0.7463220 0.5841447 0.6592505 0.6813088 0.6182594 0.6429105 1.5042471 1.1475275 1.1912391 0.7310744 0.7281419 0.8908657 0.6768830 0.6866938 0.7381712 0.7351470 5.8181674 4.5099460 0.5660110 0.5660110 0.5348332 0.8364754 1.0046289 0.6262143 1.1830818 1.1830818 1.4273667 1.4297881 0.7027659 1.2890267 1.0363084 1.3548533 5.1112502 
Horcal_Hcv1.av93.c11.g939.i1                                     0.0630273 0.0137752 0.0000000 0.3031520 0.2981031 0.2896588 0.3002850 0.3962685 0.3738927 0.5664848 0.8893345 0.8681466 1.9452959 1.7324850 1.8592387 1.5632130 0.6634371 1.5271600 1.5243328 2.0270665 1.6334819 1.9148158 1.9176874 0.6613652 1.9384553 1.9118774 1.7916803 2.5295422 1.4555637 1.4525927 0.7496327 1.6284907 1.6728980 1.5002571 1.5091953 1.4474894 1.4510418 1.3882820 1.5495398 1.7870053 1.4289437 1.7586416 1.6368667 1.6137641 1.6218745 2.7059301 1.2545730 1.3867262 1.7610861 1.7270813 0.9110856 1.7086363 0.8166751 1.8682680 0.8461185 5.6915370 5.4015719 1.4573638 1.2325194 1.5617714 0.9374114 2.2199516 1.4730466 1.6460410 1.5962248 2.8713058 2.2693625 1.9602346 1.9369341 3.0593750 3.7156196 5.5980240 
Beraby_Baby_sb334622                                             0.5162862 0.0980942 0.3031520 0.0000000 0.2139387 0.1980436 0.2049694 0.3265300 0.3329437 0.5677545 0.9032229 0.8750953 1.9162495 1.7414155 1.6513541 1.5207418 0.6641331 1.5290264 1.5451766 1.9071017 1.5666926 1.8031314 1.8082097 0.6349347 1.8058606 1.8034433 1.6720674 2.3347708 1.3749073 1.3426850 0.7734253 1.4561609 1.4754724 1.3439463 1.3523047 1.3085644 1.3010022 1.3369646 1.4851252 1.7168777 1.3022041 1.6785985 1.4949061 1.4825161 1.5120154 2.5811414 1.1660388 1.4140819 1.6060815 1.5489668 0.9423213 1.6215486 0.7781922 1.7140464 0.8367998 5.8124385 5.3412251 1.4571329 1.2213691 1.4644290 0.8739322 1.9923947 1.2929007 1.6568077 1.5964992 2.5918970 2.1006708 2.1377603 1.9044679 2.8845970 4.2452951 5.6984065 
Drygla_Dgla_sb299885                                             0.4578665 0.1179574 0.2981031 0.2139387 0.0000000 0.2185899 0.2638474 0.3583823 0.3665990 0.5627246 0.8775771 0.8950638 1.9139326 1.7671525 1.6822184 1.5677278 0.6663450 1.6206413 1.6052976 2.0605634 1.6174314 1.8559117 1.8765862 0.6682913 1.8949485 1.8946306 1.7489072 2.4887610 1.4482586 1.4419276 0.7548000 1.6428947 1.7274937 1.5543165 1.5636407 1.4345661 1.4065576 1.4043055 1.5827242 1.7919728 1.3933273 1.7699576 1.6027547 1.5168258 1.5946566 2.7613411 1.2388162 1.4351764 1.7170239 1.6271034 0.9495206 1.6601493 0.7603638 1.7926301 0.9297469 5.0998506 4.6639595 1.4276321 1.2432774 1.5176467 0.8335950 2.0787556 1.4322001 1.6430255 1.5931428 2.6436620 2.1988713 2.2504828 2.0113219 3.1436408 3.7281750 5.5535939 
Mlei_ML0452.g8.i1                                                0.4265278 0.1024046 0.2896588 0.1980436 0.2185899 0.0000000 0.1969899 0.3101791 0.3113740 0.4935181 0.8550796 0.9217550 1.9527298 1.6921089 1.6793953 1.6480955 0.6688468 1.5979637 1.5950882 1.8805315 1.5968976 1.8009026 1.8053606 0.6507245 1.8015862 1.7840299 1.6849422 2.2827856 1.3875930 1.3930295 0.7645017 1.5176336 1.6095166 1.4107606 1.4194588 1.3872941 1.3847443 1.3251788 1.4334413 1.7097523 1.3568159 1.7116859 1.5687947 1.4761496 1.5009102 2.6238631 1.2135776 1.3761793 1.6547331 1.5834371 0.9284768 1.7538034 0.7748414 1.6989992 0.8389285 5.3218440 4.8097127 1.3705060 1.1370312 1.4558042 0.8866432 2.0828008 1.3838837 1.6687019 1.6176147 2.5426411 2.1312425 2.0606087 1.9006828 2.9478678 4.2073740 5.7176511 
Lampan_Lpan_15540_01                                             0.5353567 0.1204878 0.3002850 0.2049694 0.2638474 0.1969899 0.0000000 0.2189362 0.2225048 0.3871714 0.6796892 0.8987409 1.4900485 1.2760792 1.2208335 1.2714342 0.6191615 1.2479724 1.1848471 1.4571600 1.2382591 1.4199540 1.4476520 0.6639960 1.4628121 1.4451233 1.4713352 1.9287658 1.1456719 1.1615873 0.7332152 1.1294865 1.0903543 1.0857526 1.0982822 1.0687048 1.0604010 1.0357063 1.1367681 1.3142058 1.0242434 1.1647139 1.2345295 1.1496302 1.0493345 2.2579714 1.1982715 1.3696909 1.2800632 1.2125533 0.9329159 1.2346182 0.7621354 1.3598552 0.8849616 6.0576491 4.9257250 1.2367525 0.9724096 1.2775274 0.8663803 1.7571107 1.0365973 1.5023360 1.5023360 1.9306496 1.7994063 1.5897362 1.2776401 2.3390284 2.4944334 5.5081140 
Eupdun_Edun_sb10671584                                           0.5391492 0.1571793 0.3962685 0.3265300 0.3583823 0.3101791 0.2189362 0.0000000 0.0403223 0.5427716 0.8929534 0.8943996 1.9330422 1.6177289 1.6315381 1.5719569 0.6428097 1.5405400 1.5153433 1.9201738 1.5688668 1.7832592 1.7812104 0.6666119 1.8190432 1.8186891 1.6679513 2.3798339 1.3857823 1.4514342 0.7443134 1.5016081 1.5389806 1.3892293 1.4015014 1.3546748 1.3573999 1.2563170 1.3549420 1.6922825 1.2752480 1.6494086 1.5694496 1.4409468 1.4762127 2.5143176 1.1703545 1.3226305 1.5768779 1.6443306 0.9198728 1.4364066 0.7759486 1.6971279 0.7120078 5.1179856 5.0766005 1.4129907 1.2138755 1.4904020 0.8589028 2.1818469 1.3518704 1.7746003 1.7223635 2.7942393 2.1724692 2.0726559 1.5704536 2.5908774 3.4697170 6.5346478 
Eupdun_Edun_sb10671586                                           0.5647292 0.1553897 0.3738927 0.3329437 0.3665990 0.3113740 0.2225048 0.0403223 0.0000000 0.4771496 0.7514900 0.8943996 1.5025541 1.3263012 1.2372925 1.2506458 0.6263299 1.2941173 1.2390581 1.5074793 1.2578403 1.3778561 1.3970843 0.6623446 1.4168087 1.4162035 1.4070615 1.8936366 1.2249180 1.2964413 0.7443134 1.2680080 1.1532315 1.1509230 1.1623935 1.1300314 1.1244319 1.0392210 1.0969107 1.3124953 0.9921914 1.1933182 1.2873474 1.1890332 1.0686823 2.2875366 1.1703545 1.3226305 1.2812320 1.2938836 0.9198728 1.1794415 0.7759486 1.3516280 0.7120078 5.1369611 5.0718118 1.2038881 0.9788133 1.2975168 0.8589028 1.8709724 1.0889398 1.6024486 1.5780405 2.0720280 1.9975618 1.4408503 1.4270469 2.1451744 2.6373079 7.0163451 
Coemet_Cmet_scaffold17504_01                                     0.8714637 0.2669439 0.5664848 0.5677545 0.5627246 0.4935181 0.3871714 0.5427716 0.4771496 0.0000000 0.7610669 0.8652919 1.9948340 1.7555122 1.7585314 1.7566065 0.6331182 1.6650527 1.6549427 1.8406249 1.7000369 1.8902011 1.9108463 0.7489186 1.9174621 1.9066112 1.8658635 2.4988231 1.4689163 1.4923509 0.6770385 1.6045768 1.7687044 1.5740112 1.5664810 1.3992586 1.3635899 1.3817069 1.5582577 1.8849690 1.5566054 1.8126395 1.6418459 1.5209058 1.6981613 2.6388194 1.2052221 1.3938803 1.7492438 1.6886088 0.9907209 1.7956605 0.8460804 1.7173790 0.9613362 4.8628060 4.9727998 1.6619244 1.4058316 1.6622770 0.9265455 2.0380575 1.4948819 1.9178861 1.8570211 2.5029419 2.1371469 2.1514412 1.7949403 3.0472078 3.1605495 5.5768444 
Vmul_SimC404250                                                  1.3767253 0.3153525 0.8893345 0.9032229 0.8775771 0.8550796 0.6796892 0.8929534 0.7514900 0.7610669 0.0000000 0.7766161 2.0900152 1.9530781 2.0236323 1.8765751 0.6797975 1.8347706 1.8133406 2.2386704 2.0363452 2.2539148 2.2349464 0.7758149 2.2133369 2.1921823 2.0769552 2.9836075 1.8107218 1.8745276 0.7110708 1.9659962 2.0966123 1.8353674 1.8225925 1.7446859 1.7030594 1.7220371 2.1014322 1.9840648 1.7994926 2.1382914 2.2829558 1.8507467 1.8537579 2.9469837 1.1797692 1.2997799 1.9221739 2.0589863 1.0169728 2.1551243 0.8370183 2.3228436 1.1627781 7.2840697 6.4189029 1.7752432 1.5246664 1.9071858 0.9378870 2.5463021 1.7427824 2.0180842 1.9378007 2.8555887 2.4185392 2.5518118 1.7275892 4.2948023 4.7022345 5.9839033 
Ocar_g6836                                                       0.7265976 0.8681466 0.8681466 0.8750953 0.8950638 0.9217550 0.8987409 0.8943996 0.8943996 0.8652919 0.7766161 0.0000000 0.0000010 0.2747856 0.4386251 0.4715385 0.4287197 0.4287197 0.4177615 0.4427223 0.4549048 0.5162989 0.5606932 0.5606932 0.5223911 0.5223911 0.5162989 0.5327396 0.4402821 0.4402821 0.8406258 0.4885447 0.4878541 0.4878541 0.4878541 0.4365076 0.4365076 0.4302620 0.4089147 0.4096155 0.4789546 0.4359597 0.4809573 0.5954595 0.4671706 1.0283315 0.8410342 0.8999171 0.5997794 0.5819207 0.8818162 0.4684001 0.6893537 0.6663225 0.0000010 3.5420286 3.8780417 0.5525616 0.5525616 0.5750871 0.8796161 0.6040421 0.5458979 1.3403470 1.3403470 1.3945055 1.3945055 0.5348153 0.0000010 0.0000010 0.0000010 6.9261366 
Opea_EP00118_Oscarella_pearsei_P015934                           3.2136014 0.9227257 1.9452959 1.9162495 1.9139326 1.9527298 1.4900485 1.9330422 1.5025541 1.9948340 2.0900152 0.0000010 0.0000000 0.9234002 1.7085020 1.4444954 0.4838959 1.4350308 1.4237958 1.5999490 1.6891221 1.9279382 2.0374400 0.7594111 1.9730072 1.9905604 1.6314368 2.9266300 1.3993715 1.3218224 0.6464910 1.6951854 1.6277390 1.4384417 1.4332563 1.3973755 1.4071220 1.4146167 1.5904317 1.7562275 1.5309528 1.9560906 1.7303886 1.6711487 1.6424982 2.1956656 0.8870707 1.2163239 1.6734148 1.7846091 0.9720056 1.6957504 0.6906919 1.8144728 0.8768739 6.7580134 6.0282250 1.5548707 1.4317445 1.8760957 0.7082691 2.0120141 1.7101658 1.7410295 1.7573074 2.3211694 1.9255728 2.0475989 2.4955815 2.6320434 3.6837625 5.8370875 
Plajan_Pjan_scaffold5033_01                                      3.1093477 0.8424655 1.7324850 1.7414155 1.7671525 1.6921089 1.2760792 1.6177289 1.3263012 1.7555122 1.9530781 0.2747856 0.9234002 0.0000000 1.4393716 1.4433626 0.4958958 1.4314918 1.4119967 1.3889468 1.6088308 1.6712545 1.7190278 0.6591634 1.6926267 1.7019268 1.5619254 2.2956944 1.3527908 1.3305334 0.8150251 1.4516426 1.5023902 1.3606741 1.3518495 1.2553682 1.2543808 1.1295657 1.4230342 1.7718179 1.2833747 1.7427712 1.4811880 1.5198252 1.6641609 2.1818618 1.0191313 1.2717524 1.6194755 1.6209752 0.9283120 1.6037934 0.7218975 1.8610195 0.7441523 5.4153435 5.3790861 1.6253595 1.4589428 1.7716931 0.7695631 1.9562736 1.4969044 1.8971970 1.8903639 2.3305036 2.0408218 1.6588130 2.2234440 2.2094913 3.2455794 5.3860588 
Hvul_g18969_1                                                    3.6152527 0.6046313 1.8592387 1.6513541 1.6822184 1.6793953 1.2208335 1.6315381 1.2372925 1.7585314 2.0236323 0.4386251 1.7085020 1.4393716 0.0000000 0.9754316 0.2641295 0.9102301 0.9283589 0.7504894 1.1351938 1.4145953 1.4286334 0.3895842 1.4156013 1.4339009 1.2165669 1.8031684 1.1688977 1.2230180 0.5082326 1.2140362 1.3293941 1.1896059 1.2075536 1.1794995 1.2012171 1.1021975 1.2496241 1.4019831 1.2731549 1.6369524 1.5971474 1.4615872 1.4485320 2.9413524 0.9390659 1.2318842 1.6734231 1.5353013 0.7878676 1.6898129 0.6438001 1.7945600 0.8865225 5.2805759 5.0225444 1.3071633 1.1414349 1.4289248 0.6794305 1.7971775 1.3425441 1.6980144 1.6574036 2.4792935 2.0068832 1.5238918 1.9420631 3.0182753 3.7466772 6.1469969 
Sanmal_Sma_007697-T1                                             2.5392828 0.6365419 1.5632130 1.5207418 1.5677278 1.6480955 1.2714342 1.5719569 1.2506458 1.7566065 1.8765751 0.4715385 1.4444954 1.4433626 0.9754316 0.0000000 0.0955756 0.4238788 0.3628100 1.1494690 0.9881661 1.4906748 1.5632743 0.4535043 1.5102561 1.5178480 1.3586356 1.9565438 1.2754103 1.2814607 0.5064150 1.1765732 1.2892863 1.1150544 1.1138093 1.1566827 1.1722695 1.0064443 1.3574331 1.5186101 1.2622031 1.5926732 1.2678425 1.4380144 1.5389666 2.5610289 0.7971300 1.1954473 1.7441343 1.6555163 0.8269384 1.4714530 0.6498260 1.9482703 0.8359644 5.5810452 5.3582324 1.2189295 1.0198596 1.3397596 0.6975383 1.6865464 1.2169368 1.7354523 1.6843607 2.5543694 2.1723668 0.6581731 1.9036462 2.4147073 3.9950850 5.7235399 
Nemnom_g9967.t1                                                  0.7831389 0.6045855 0.6634371 0.6641331 0.6663450 0.6688468 0.6191615 0.6428097 0.6263299 0.6331182 0.6797975 0.4287197 0.4838959 0.4958958 0.2641295 0.0955756 0.0000000 0.0059947 0.0120253 0.2867443 0.2886851 0.3620798 0.3559685 0.3113903 0.3758171 0.3809804 0.3684432 0.4790385 0.3165523 0.3170483 0.4810253 0.3131567 0.3405856 0.3405856 0.3405856 0.3248625 0.3190293 0.2919090 0.2777820 0.3679264 0.3169281 0.3983562 0.3257351 0.3627777 0.3997076 0.9725444 0.6891696 0.7884315 0.4755592 0.4860062 0.6416710 0.4688675 0.6601563 0.5946604 0.2994117 4.9218497 3.6683097 0.3862929 0.3862929 0.3136849 0.6804784 0.6079063 0.3535947 1.1814645 1.1814645 1.0376912 1.0077421 0.1018151 0.6614198 0.8673207 9.0000000 4.8189531 
Nemnom_g19358.t1                                                 2.5204275 0.6484744 1.5271600 1.5290264 1.6206413 1.5979637 1.2479724 1.5405400 1.2941173 1.6650527 1.8347706 0.4287197 1.4350308 1.4314918 0.9102301 0.4238788 0.0059947 0.0000000 0.1169625 1.1351076 1.0540136 1.4365115 1.4864739 0.4160942 1.3960590 1.4030358 1.3533605 1.8367663 1.1876173 1.1677027 0.4810253 1.1826103 1.2544848 1.1460664 1.1514675 1.1188103 1.1384033 1.0046718 1.3301995 1.5421759 1.1314780 1.5582208 1.3242844 1.4792644 1.4700468 2.3548440 0.7851055 1.0466672 1.7185031 1.5041603 0.7188307 1.5965387 0.6601563 2.0339954 0.7276261 6.0703259 5.2764367 1.2937874 1.0449940 1.4577117 0.6804784 1.8868347 1.2144547 1.7459547 1.6878527 2.3844088 1.9590411 0.6257404 1.6967414 2.9431412 3.9155701 5.6530194 
Rhoesc_Res_011602-T1                                             2.5953736 0.6279537 1.5243328 1.5451766 1.6052976 1.5950882 1.1848471 1.5153433 1.2390581 1.6549427 1.8133406 0.4177615 1.4237958 1.4119967 0.9283589 0.3628100 0.0120253 0.1169625 0.0000000 1.1409393 1.0085631 1.3668613 1.4433976 0.4277201 1.3350316 1.3417274 1.2744477 1.7569820 1.2021531 1.2005005 0.4737791 1.1680286 1.2452944 1.1357216 1.1411188 1.1264482 1.1462541 0.9991457 1.3245203 1.5318547 1.1611144 1.5789002 1.2876854 1.4247396 1.4154360 2.4535703 0.7764553 1.0536895 1.6626484 1.5519236 0.7237017 1.5815739 0.6544579 2.0000345 0.7447698 5.9424139 5.2063599 1.2659226 1.0422476 1.4514395 0.6654869 1.9367852 1.2158124 1.7061300 1.6478264 2.4329197 1.9335845 0.6081226 1.6907616 2.8033912 3.8256276 5.6734709 
Chem_TCONS_00055532                                              3.2946153 0.8837356 2.0270665 1.9071017 2.0605634 1.8805315 1.4571600 1.9201738 1.5074793 1.8406249 2.2386704 0.4427223 1.5999490 1.3889468 0.7504894 1.1494690 0.2867443 1.1351076 1.1409393 0.0000000 1.0612311 1.5614549 1.5478091 0.5370537 1.5990309 1.6142139 1.4274601 2.0462948 1.3857357 1.3893096 0.5592681 1.2955273 1.4277252 1.2444922 1.2509609 1.3335189 1.3564162 1.2704196 1.4587961 1.4792943 1.3243044 1.6589867 1.5360340 1.5657305 1.6684225 2.3824828 0.8816992 1.2213095 1.7398667 1.6409711 0.8049101 1.7152166 0.5756426 1.9174614 0.9907076 7.7472679 6.6304039 1.4091961 1.2273005 1.5114759 0.7304761 1.7346254 1.2663742 1.5413098 1.5059687 2.8434582 2.2976668 1.7733549 1.9933005 3.6990792 4.1179782 5.2416991 
Morvir_scaffold125.g21.t1                                        2.7528059 0.5814679 1.6334819 1.5666926 1.6174314 1.5968976 1.2382591 1.5688668 1.2578403 1.7000369 2.0363452 0.4549048 1.6891221 1.6088308 1.1351938 0.9881661 0.2886851 1.0540136 1.0085631 1.0612311 0.0000000 1.6008175 1.5858104 0.4889833 1.5460394 1.5596410 1.4396201 2.0026944 1.2392020 1.2431618 0.5051535 1.2302977 1.2959803 1.1238577 1.1302542 1.1321539 1.1316143 1.0291243 1.5061133 1.5477605 1.4610822 1.8687663 1.6572376 1.6632295 1.6833083 2.9738989 0.9331240 1.3024655 1.9712383 1.6600402 0.8633532 1.6291257 0.6222782 2.0637256 1.0821712 6.2848202 5.4577823 1.3659171 1.1285181 1.6150700 0.7506322 1.9376893 1.2961971 1.7665511 1.6964534 2.7130033 2.2570932 1.4868422 2.0428507 3.3486570 3.7201402 5.7375268 
HoiH23_PlH23_002846-RA                                           3.5738223 0.6565367 1.9148158 1.8031314 1.8559117 1.8009026 1.4199540 1.7832592 1.3778561 1.8902011 2.2539148 0.5162989 1.9279382 1.6712545 1.4145953 1.4906748 0.3620798 1.4365115 1.3668613 1.5614549 1.6008175 0.0000000 0.1753446 0.0850759 0.0989775 0.1004649 0.0350151 0.1365791 1.2980694 1.3436782 0.3651075 1.3940517 1.4062098 1.3355674 1.3343620 1.2758740 1.2745204 1.2171056 1.4915618 1.7209068 1.3584389 1.7742658 1.5954203 1.5954032 1.7124256 2.9035324 0.9178920 1.2063999 1.7519047 1.7099560 0.7412887 1.5788989 0.5712898 1.8092151 0.6757664 7.8486191 6.4667021 1.5728280 1.3711098 1.7924222 0.7535507 1.8908347 1.3257746 1.8163377 1.7759097 2.5916287 2.0341532 2.1549239 1.5880638 3.3308318 4.9902932 6.4927585 
TrH2_TrispH2_000566-RA                                           3.4500111 0.6717461 1.9176874 1.8082097 1.8765862 1.8053606 1.4476520 1.7812104 1.3970843 1.9108463 2.2349464 0.5606932 2.0374400 1.7190278 1.4286334 1.5632743 0.3559685 1.4864739 1.4433976 1.5478091 1.5858104 0.1753446 0.0000000 0.0273240 0.1992560 0.2014722 0.1882005 0.2414937 1.3201809 1.3704913 0.3884308 1.4514459 1.5141843 1.4089214 1.4077686 1.2636614 1.2626290 1.2100003 1.5156887 1.6545494 1.3946608 1.8472123 1.6877126 1.6849310 1.7953664 2.9908815 0.9800308 1.2289303 1.6965845 1.6503637 0.7492631 1.5379005 0.5786569 1.8849721 0.7497060 7.6492993 6.3889268 1.6461856 1.4377229 1.8827810 0.7508218 1.8821475 1.4196505 1.8501716 1.8134855 2.6581205 2.0788535 2.2615154 1.7651633 3.4287131 4.6224894 6.5316921 
Tadh_TriadT27686                                                 0.9886895 0.6235353 0.6613652 0.6349347 0.6682913 0.6507245 0.6639960 0.6666119 0.6623446 0.7489186 0.7758149 0.5606932 0.7594111 0.6591634 0.3895842 0.4535043 0.3113903 0.4160942 0.4277201 0.5370537 0.4889833 0.0850759 0.0273240 0.0000000 0.1007217 0.1019421 0.0840062 0.1422902 0.3875652 0.3952993 0.3884308 0.3436883 0.4337307 0.4337307 0.4337307 0.3975176 0.4054228 0.3784379 0.4544069 0.5583767 0.4381528 0.5111462 0.4952378 0.4928707 0.4741420 1.2259263 0.9800308 1.0455189 0.5752896 0.6512322 0.7722150 0.4647475 0.5786569 0.6525335 0.6525598 5.2661644 4.4626466 0.4667399 0.4667399 0.4510721 0.7508218 0.7559120 0.4580843 1.2619839 1.2619839 1.2377789 1.1985015 0.5616467 1.1561842 1.0432214 1.5620507 5.6442944 
Hhon_g00123.t1                                                   3.5543136 0.6473276 1.9384553 1.8058606 1.8949485 1.8015862 1.4628121 1.8190432 1.4168087 1.9174621 2.2133369 0.5223911 1.9730072 1.6926267 1.4156013 1.5102561 0.3758171 1.3960590 1.3350316 1.5990309 1.5460394 0.0989775 0.1992560 0.1007217 0.0000000 0.0040978 0.1078803 0.1395206 1.3093525 1.3667537 0.3945079 1.4206222 1.4841379 1.3979660 1.3968057 1.2812081 1.2801287 1.2275583 1.5234688 1.7429245 1.3708169 1.8493596 1.6240589 1.6025428 1.7272493 2.8226933 0.9680849 1.2608543 1.7324640 1.6537453 0.7579297 1.6594273 0.5918575 1.7980127 0.6770286 8.0289061 6.4508226 1.6325449 1.4316352 1.8365831 0.8151852 1.9045122 1.3244592 1.8648264 1.8244024 2.5899363 2.0603274 2.0897319 1.6605148 3.4809655 5.0583607 6.6234007 
HoiH04_mRNA12727                                                 3.5059142 0.6473276 1.9118774 1.8034433 1.8946306 1.7840299 1.4451233 1.8186891 1.4162035 1.9066112 2.1921823 0.5223911 1.9905604 1.7019268 1.4339009 1.5178480 0.3809804 1.4030358 1.3417274 1.6142139 1.5596410 0.1004649 0.2014722 0.1019421 0.0040978 0.0000000 0.1058873 0.1375132 1.3213476 1.3782867 0.4013139 1.4344775 1.4977713 1.4107561 1.4096048 1.2927523 1.2917137 1.2292863 1.5367825 1.7522989 1.3834631 1.8662714 1.6371292 1.6107974 1.7358931 2.8681423 0.9804274 1.2831931 1.7416208 1.6632110 0.7653068 1.6761675 0.6141023 1.8173528 0.6770286 8.0289061 6.3846236 1.6488418 1.4395616 1.8287206 0.8286888 1.9076713 1.3184206 1.8791538 1.8387637 2.6053505 2.0753118 2.1012189 1.6605148 3.4667398 5.0583607 6.6234007 
HoiH06_mRNA1298                                                  3.4364442 0.6565367 1.7916803 1.6720674 1.7489072 1.6849422 1.4713352 1.6679513 1.4070615 1.8658635 2.0769552 0.5162989 1.6314368 1.5619254 1.2165669 1.3586356 0.3684432 1.3533605 1.2744477 1.4274601 1.4396201 0.0350151 0.1882005 0.0840062 0.1078803 0.1058873 0.0000000 0.1270171 1.1771474 1.2511253 0.4183950 1.2171310 1.2155836 1.1826662 1.1811063 1.0905224 1.0915698 1.0850200 1.3445200 1.6578431 1.2262690 1.5363716 1.5698347 1.5004730 1.5537395 2.6791671 1.0045045 1.2607680 1.5874127 1.3352274 0.7801771 1.5024850 0.6161931 1.5959011 0.6757664 8.9999989 6.8903011 1.4232795 1.2142622 1.5612500 0.8801294 1.7119546 1.1654996 1.8130554 1.8130554 2.2447308 1.9610690 2.1190187 1.4147857 3.1818243 5.1424095 6.5514463 
HoiH11_mRNA363                                                   3.6456724 0.7662702 2.5295422 2.3347708 2.4887610 2.2827856 1.9287658 2.3798339 1.8936366 2.4988231 2.9836075 0.5327396 2.9266300 2.2956944 1.8031684 1.9565438 0.4790385 1.8367663 1.7569820 2.0462948 2.0026944 0.1365791 0.2414937 0.1422902 0.1395206 0.1375132 0.1270171 0.0000000 1.7946708 1.8431127 0.5833111 1.9564868 1.9894334 1.7868339 1.7858582 1.6805445 1.6799591 1.6225396 2.0771561 2.2077489 1.7481352 2.3855479 2.2906382 2.2123375 2.2834208 3.9306811 1.3241202 1.7046866 2.4226207 2.2555246 0.9857201 2.2360687 0.7413311 2.6210501 1.3258812 8.1453115 6.2193055 2.0289132 1.8163397 2.4026436 0.9574962 2.6646936 1.8008118 2.5766856 2.4986017 3.3341396 2.7071142 3.4778963 2.3622169 4.3482239 5.2190959 7.3765424 
Fspp_ffun1.m4.17038.m1                                           2.3116599 0.5816851 1.4555637 1.3749073 1.4482586 1.3875930 1.1456719 1.3857823 1.2249180 1.4689163 1.8107218 0.4402821 1.3993715 1.3527908 1.1688977 1.2754103 0.3165523 1.1876173 1.2021531 1.3857357 1.2392020 1.2980694 1.3201809 0.3875652 1.3093525 1.3213476 1.1771474 1.7946708 0.0000000 0.1301032 0.2841606 0.3777920 0.5180421 0.3784732 0.3714057 0.3214942 0.3032494 0.5917500 1.0955276 1.3216297 1.0877798 1.3741564 1.2029584 1.2240408 1.2301069 2.2534505 0.8648549 1.2030289 1.4426755 1.4792401 0.7888935 1.3044048 0.5306313 1.7015510 0.7893177 6.1860796 5.1240540 1.0961602 0.8614434 1.1966240 0.7865044 1.6830302 0.7198381 1.4517949 1.3998179 2.2940550 1.9458974 1.6627730 1.7398861 2.6572568 3.6102154 5.3806604 
Gasp_gasp1.m3.18948.m1                                           2.3399163 0.5688279 1.4525927 1.3426850 1.4419276 1.3930295 1.1615873 1.4514342 1.2964413 1.4923509 1.8745276 0.4402821 1.3218224 1.3305334 1.2230180 1.2814607 0.3170483 1.1677027 1.2005005 1.3893096 1.2431618 1.3436782 1.3704913 0.3952993 1.3667537 1.3782867 1.2511253 1.8431127 0.1301032 0.0000000 0.2772280 0.3780284 0.5106946 0.3838376 0.3780985 0.3104815 0.3002618 0.5832537 1.1051367 1.3346625 1.0978681 1.3646455 1.1452406 1.2046873 1.2375749 2.2774999 0.8604107 1.2073666 1.4205423 1.4383787 0.7821023 1.3015993 0.5433658 1.6963643 0.7746421 6.5438189 5.3421363 1.0849211 0.8377627 1.2164368 0.7969885 1.7798321 0.6403635 1.4741248 1.4559720 2.3353078 1.9603023 1.6332331 1.7256030 2.6856010 3.5718450 5.6370938 
Nvec_v1g3585                                                     1.0401273 0.6887279 0.7496327 0.7734253 0.7548000 0.7645017 0.7332152 0.7443134 0.7443134 0.6770385 0.7110708 0.8406258 0.6464910 0.8150251 0.5082326 0.5064150 0.4810253 0.4810253 0.4737791 0.5592681 0.5051535 0.3651075 0.3884308 0.3884308 0.3945079 0.4013139 0.4183950 0.5833111 0.2841606 0.2772280 0.0000000 0.3485763 0.3504427 0.3504427 0.3504427 0.3495670 0.3443153 0.2653522 0.4245346 0.4809218 0.5312584 0.5363370 0.4446343 0.4244704 0.4741401 1.2467352 0.9723262 1.0309088 0.5334212 0.6075262 0.8396630 0.5843888 0.7531394 0.6680924 0.1235469 6.6135532 6.3596901 0.4958338 0.4958338 0.4897217 1.0076026 0.7791140 0.1364710 1.3696655 1.3696655 1.3640651 1.3640651 0.2838800 0.0000010 0.0000010 0.0000010 4.1723381 
Gfas_gfas1.m1.1855.m1                                            2.4688600 0.5854372 1.6284907 1.4561609 1.6428947 1.5176336 1.1294865 1.5016081 1.2680080 1.6045768 1.9659962 0.4885447 1.6951854 1.4516426 1.2140362 1.1765732 0.3131567 1.1826103 1.1680286 1.2955273 1.2302977 1.3940517 1.4514459 0.3436883 1.4206222 1.4344775 1.2171310 1.9564868 0.3777920 0.3780284 0.3485763 0.0000000 0.3198096 0.1918378 0.1897351 0.3328694 0.3192278 0.6106862 1.1844804 1.2427353 1.1335538 1.4059564 1.1464061 1.1818285 1.3566717 2.3869200 0.8008802 1.1940673 1.4350729 1.3350114 0.7275411 1.4293492 0.5277002 1.5174336 0.5503423 5.1367903 4.6107923 1.0103405 0.8424459 1.1321647 0.7551326 1.6416493 0.7208943 1.4552067 1.3713398 2.4161885 1.9224427 1.7345069 1.7733504 3.3353413 4.3278707 6.6172911 
Amil_Amillepora24855-RA                                          3.1248776 0.5566182 1.6728980 1.4754724 1.7274937 1.6095166 1.0903543 1.5389806 1.1532315 1.7687044 2.0966123 0.4878541 1.6277390 1.5023902 1.3293941 1.2892863 0.3405856 1.2544848 1.2452944 1.4277252 1.2959803 1.4062098 1.5141843 0.4337307 1.4841379 1.4977713 1.2155836 1.9894334 0.5180421 0.5106946 0.3504427 0.3198096 0.0000000 0.1139250 0.1226490 0.4868907 0.4794863 0.7446765 1.2770098 1.6322360 1.3081862 1.4737095 1.3695113 1.3433514 1.4158968 2.3924592 0.7993803 1.2147758 1.5209793 1.5395979 0.8024899 1.4861010 0.5313521 1.7396843 0.7936661 6.7943465 5.5603715 1.1258983 0.9565187 1.2487049 0.7675792 1.8185989 0.8488999 1.5095291 1.4340609 2.3573586 1.8753514 1.7825290 2.0098499 3.0046610 4.3432197 6.5203356 
Amil_Amillepora24879-RA                                          2.5457819 0.5499784 1.5002571 1.3439463 1.5543165 1.4107606 1.0857526 1.3892293 1.1509230 1.5740112 1.8353674 0.4878541 1.4384417 1.3606741 1.1896059 1.1150544 0.3405856 1.1460664 1.1357216 1.2444922 1.1238577 1.3355674 1.4089214 0.4337307 1.3979660 1.4107561 1.1826662 1.7868339 0.3784732 0.3838376 0.3504427 0.1918378 0.1139250 0.0000000 0.0110321 0.3726915 0.3604888 0.5982387 1.1006016 1.4371698 1.1159886 1.3248614 1.1948247 1.1844908 1.2399219 2.2740904 0.7993803 1.2147758 1.3921729 1.3226534 0.8024899 1.2999747 0.5313521 1.5368956 0.7936661 4.7560440 4.2952264 0.9957412 0.8362516 1.1022087 0.7675792 1.7504934 0.7270483 1.5264555 1.4505842 2.2253446 1.8124034 1.5909679 1.6842458 2.6499671 3.0159169 5.3044919 
Adig_XM_015906206.1                                              2.5469564 0.5499784 1.5091953 1.3523047 1.5636407 1.4194588 1.0982822 1.4015014 1.1623935 1.5664810 1.8225925 0.4878541 1.4332563 1.3518495 1.2075536 1.1138093 0.3405856 1.1514675 1.1411188 1.2509609 1.1302542 1.3343620 1.4077686 0.4337307 1.3968057 1.4096048 1.1811063 1.7858582 0.3714057 0.3780985 0.3504427 0.1897351 0.1226490 0.0110321 0.0000000 0.3698634 0.3576940 0.5853074 1.1067862 1.4274548 1.1133708 1.3136454 1.2030440 1.1880438 1.2323734 2.2840298 0.7993803 1.2146546 1.4002950 1.3280067 0.8024899 1.2997471 0.5313521 1.5381606 0.7928245 4.8562421 4.3578989 0.9952278 0.8372133 1.1013482 0.7675792 1.7192031 0.7275509 1.5288064 1.4529504 2.2037830 1.7908579 1.6164760 1.6842458 2.6971870 3.0581146 5.2990253 
Spis_XP_022790640_1                                              2.3293701 0.5252503 1.4474894 1.3085644 1.4345661 1.3872941 1.0687048 1.3546748 1.1300314 1.3992586 1.7446859 0.4365076 1.3973755 1.2553682 1.1794995 1.1566827 0.3248625 1.1188103 1.1264482 1.3335189 1.1321539 1.2758740 1.2636614 0.3975176 1.2812081 1.2927523 1.0905224 1.6805445 0.3214942 0.3104815 0.3495670 0.3328694 0.4868907 0.3726915 0.3698634 0.0000000 0.0414840 0.5614055 1.1120187 1.3731241 1.0217557 1.2834091 1.1366339 1.1602931 1.2307354 2.3560511 0.8737743 1.2148413 1.4286698 1.4505905 0.7878833 1.1977598 0.5949934 1.6515694 0.7309797 4.9837798 4.7439536 1.0015565 0.8371815 1.1098248 0.7982496 1.6742031 0.6374082 1.5723655 1.5181409 2.3438496 1.9818294 1.5178912 1.7915076 2.2811279 3.9818039 6.1094442 
Pocdam_XM_027190237.1                                            2.3470688 0.5379535 1.4510418 1.3010022 1.4065576 1.3847443 1.0604010 1.3573999 1.1244319 1.3635899 1.7030594 0.4365076 1.4071220 1.2543808 1.2012171 1.1722695 0.3190293 1.1384033 1.1462541 1.3564162 1.1316143 1.2745204 1.2626290 0.4054228 1.2801287 1.2917137 1.0915698 1.6799591 0.3032494 0.3002618 0.3443153 0.3192278 0.4794863 0.3604888 0.3576940 0.0414840 0.0000000 0.5644632 1.1002758 1.3899718 1.0023042 1.2840969 1.1405083 1.1517687 1.2567363 2.3316275 0.8735363 1.2264969 1.4509143 1.4388932 0.7996984 1.2048390 0.5951399 1.6670481 0.7079387 5.0412925 4.7681288 0.9976531 0.8324755 1.1391750 0.7980632 1.6656726 0.6511720 1.5893066 1.5339992 2.4018572 2.0129817 1.5260771 1.7940998 2.3165751 3.8319555 6.2280847 
Exapal_XM_021059181.1                                            2.3848711 0.5505187 1.3882820 1.3369646 1.4043055 1.3251788 1.0357063 1.2563170 1.0392210 1.3817069 1.7220371 0.4302620 1.4146167 1.1295657 1.1021975 1.0064443 0.2919090 1.0046718 0.9991457 1.2704196 1.0291243 1.2171056 1.2100003 0.3784379 1.2275583 1.2292863 1.0850200 1.6225396 0.5917500 0.5832537 0.2653522 0.6106862 0.7446765 0.5982387 0.5853074 0.5614055 0.5644632 0.0000000 0.9931277 1.1547246 1.0116180 1.2278903 1.0835110 0.9774409 1.1828859 2.3695508 0.9707928 1.2647456 1.3165575 1.3983144 0.7499881 1.0684253 0.6138450 1.6507961 0.8014228 4.8961246 4.2139820 0.8988770 0.8001746 1.0634844 0.7419834 1.5773772 0.5277444 1.6877299 1.6061233 2.4488184 2.0267416 1.5019606 1.6460146 2.2121406 3.4907421 6.5723819 
Skow_XM_006811040.1                                              2.6481929 0.5551922 1.5495398 1.4851252 1.5827242 1.4334413 1.1367681 1.3549420 1.0969107 1.5582577 2.1014322 0.4089147 1.5904317 1.4230342 1.2496241 1.3574331 0.2777820 1.3301995 1.3245203 1.4587961 1.5061133 1.4915618 1.5156887 0.4544069 1.5234688 1.5367825 1.3445200 2.0771561 1.0955276 1.1051367 0.4245346 1.1844804 1.2770098 1.1006016 1.1067862 1.1120187 1.1002758 0.9931277 0.0000000 1.1818843 0.9008554 1.2677812 1.0225913 0.9838934 1.2099369 2.6125349 0.8914056 1.1051758 1.5742186 1.4468361 0.8427354 1.0321948 0.5873460 1.8292851 0.8961400 6.2057637 5.5487497 1.3500446 1.0437650 1.4288910 0.7427852 1.8197295 1.1645563 1.5103591 1.4997082 2.3440773 1.8309549 2.2098927 2.2379855 2.8904859 3.8016025 5.7956939 
Ctel_gnl_WGS_AMQN_CAPTEDRAFT_mRNA20073                           2.6314547 0.7463220 1.7870053 1.7168777 1.7919728 1.7097523 1.3142058 1.6922825 1.3124953 1.8849690 1.9840648 0.4096155 1.7562275 1.7718179 1.4019831 1.5186101 0.3679264 1.5421759 1.5318547 1.4792943 1.5477605 1.7209068 1.6545494 0.5583767 1.7429245 1.7522989 1.6578431 2.2077489 1.3216297 1.3346625 0.4809218 1.2427353 1.6322360 1.4371698 1.4274548 1.3731241 1.3899718 1.1547246 1.1818843 0.0000000 1.3581178 1.7137603 1.0858742 1.0209422 1.6205826 2.6157333 0.8831157 1.0533706 1.8281126 1.5697512 0.7489607 1.4971634 0.5440826 1.9392881 0.9330141 7.3379498 7.0485317 1.5033063 1.2094054 1.7101347 0.8035926 1.6888089 1.3415430 1.7008687 1.6289729 2.7067313 2.2483356 2.3148918 1.9595846 3.8491421 5.1364409 5.9616345 
Bralan_BLAG02001896_1                                            2.2890700 0.5841447 1.4289437 1.3022041 1.3933273 1.3568159 1.0242434 1.2752480 0.9921914 1.5566054 1.7994926 0.4789546 1.5309528 1.2833747 1.2731549 1.2622031 0.3169281 1.1314780 1.1611144 1.3243044 1.4610822 1.3584389 1.3946608 0.4381528 1.3708169 1.3834631 1.2262690 1.7481352 1.0877798 1.0978681 0.5312584 1.1335538 1.3081862 1.1159886 1.1133708 1.0217557 1.0023042 1.0116180 0.9008554 1.3581178 0.0000000 0.8787218 1.0135624 1.0761106 0.8886417 2.1623651 0.9796426 1.1371644 1.4421278 1.2661419 0.7541797 1.1159882 0.6769529 1.6346577 0.6448531 6.2891012 5.3525318 1.3608469 1.2118419 1.5112591 0.8210134 1.6115702 1.0925586 1.5441453 1.5133436 2.4149264 1.8458189 1.7595580 1.8381546 2.1940143 4.2364515 6.1658347 
Hsap_ENST00000354489                                             2.9019429 0.6592505 1.7586416 1.6785985 1.7699576 1.7116859 1.1647139 1.6494086 1.1933182 1.8126395 2.1382914 0.4359597 1.9560906 1.7427712 1.6369524 1.5926732 0.3983562 1.5582208 1.5789002 1.6589867 1.8687663 1.7742658 1.8472123 0.5111462 1.8493596 1.8662714 1.5363716 2.3855479 1.3741564 1.3646455 0.5363370 1.4059564 1.4737095 1.3248614 1.3136454 1.2834091 1.2840969 1.2278903 1.2677812 1.7137603 0.8787218 0.0000000 1.2950377 1.4142156 1.0002459 2.7670718 0.9817902 1.2601406 1.8491276 1.4981218 0.8345656 1.4713230 0.6561492 2.0113896 0.8339043 6.5882673 6.1186326 1.6882595 1.3807637 1.7819625 0.7213616 1.7713406 1.2956179 1.6475044 1.6279164 2.9690954 2.2128875 2.0653225 2.1929288 2.9663330 4.2608455 5.9685102 
Acagra_model.g24496.t1.1.5d3b8b1e                                2.6360653 0.6813088 1.6368667 1.4949061 1.6027547 1.5687947 1.2345295 1.5694496 1.2873474 1.6418459 2.2829558 0.4809573 1.7303886 1.4811880 1.5971474 1.2678425 0.3257351 1.3242844 1.2876854 1.5360340 1.6572376 1.5954203 1.6877126 0.4952378 1.6240589 1.6371292 1.5698347 2.2906382 1.2029584 1.1452406 0.4446343 1.1464061 1.3695113 1.1948247 1.2030440 1.1366339 1.1405083 1.0835110 1.0225913 1.0858742 1.0135624 1.2950377 0.0000000 0.6994545 1.3377845 2.3977273 0.8522214 1.1649851 1.6245605 1.2594405 0.8791972 1.1524260 0.6283934 1.8337633 0.9257061 5.7038090 5.5460072 1.5150486 1.1744074 1.6033488 0.8434991 1.8851598 0.9947357 1.6895132 1.6450627 2.7445312 2.1809958 1.7820765 1.9060502 2.8600965 4.0951331 5.7194453 
Cgig_XM_011456565.3                                              2.5782526 0.6182594 1.6137641 1.4825161 1.5168258 1.4761496 1.1496302 1.4409468 1.1890332 1.5209058 1.8507467 0.5954595 1.6711487 1.5198252 1.4615872 1.4380144 0.3627777 1.4792644 1.4247396 1.5657305 1.6632295 1.5954032 1.6849310 0.4928707 1.6025428 1.6107974 1.5004730 2.2123375 1.2240408 1.2046873 0.4244704 1.1818285 1.3433514 1.1844908 1.1880438 1.1602931 1.1517687 0.9774409 0.9838934 1.0209422 1.0761106 1.4142156 0.6994545 0.0000000 1.2384020 2.4975237 0.8862504 1.2115940 1.6867575 1.3329328 0.7956484 1.1508056 0.6547907 1.8474306 0.8440373 5.3508710 5.0565165 1.3614127 1.1033132 1.5609799 0.7982641 1.5242803 0.9967721 1.4686041 1.4147570 2.8347882 2.2121130 1.9006803 2.1680071 2.5769410 4.1481935 5.5785403 
Hsap_ENST00000350082                                             2.5607676 0.6429105 1.6218745 1.5120154 1.5946566 1.5009102 1.0493345 1.4762127 1.0686823 1.6981613 1.8537579 0.4671706 1.6424982 1.6641609 1.4485320 1.5389666 0.3997076 1.4700468 1.4154360 1.6684225 1.6833083 1.7124256 1.7953664 0.4741420 1.7272493 1.7358931 1.5537395 2.2834208 1.2301069 1.2375749 0.4741401 1.3566717 1.4158968 1.2399219 1.2323734 1.2307354 1.2567363 1.1828859 1.2099369 1.6205826 0.8886417 1.0002459 1.3377845 1.2384020 0.0000000 2.4782574 0.8692801 1.2157581 1.7955309 1.3549573 0.7243991 1.4292655 0.5655307 1.7570769 0.8028643 5.7243320 5.3716054 1.4183448 1.2605625 1.5427843 0.6754396 1.7742796 1.2312001 1.6819923 1.6384387 2.7837647 2.1432921 1.8799377 2.0120619 3.0762714 4.2944851 5.7058448 
Aque_Aqu2.1.30284_001                                            3.9927104 1.5042471 2.7059301 2.5811414 2.7613411 2.6238631 2.2579714 2.5143176 2.2875366 2.6388194 2.9469837 1.0283315 2.1956656 2.1818618 2.9413524 2.5610289 0.9725444 2.3548440 2.4535703 2.3824828 2.9738989 2.9035324 2.9908815 1.2259263 2.8226933 2.8681423 2.6791671 3.9306811 2.2534505 2.2774999 1.2467352 2.3869200 2.3924592 2.2740904 2.2840298 2.3560511 2.3316275 2.3695508 2.6125349 2.6157333 2.1623651 2.7670718 2.3977273 2.4975237 2.4782574 0.0000000 0.5186858 0.4002380 2.0502502 2.5831040 1.5636397 2.7584821 1.0519715 2.1359959 1.0285333 6.9136976 7.1532151 2.5346882 2.1810948 2.5889714 1.0302574 2.6620206 2.3326051 1.8604849 1.8004388 2.5570928 2.0931134 3.6019147 2.6589190 3.5200662 4.2622002 4.9099293 
Xestes_augustus_masked-XT_scaffold6104-processed-gene-0.1-mRNA-1 1.3463983 1.1475275 1.2545730 1.1660388 1.2388162 1.2135776 1.1982715 1.1703545 1.1703545 1.2052221 1.1797692 0.8410342 0.8870707 1.0191313 0.9390659 0.7971300 0.6891696 0.7851055 0.7764553 0.8816992 0.9331240 0.9178920 0.9800308 0.9800308 0.9680849 0.9804274 1.0045045 1.3241202 0.8648549 0.8604107 0.9723262 0.8008802 0.7993803 0.7993803 0.7993803 0.8737743 0.8735363 0.9707928 0.8914056 0.8831157 0.9796426 0.9817902 0.8522214 0.8862504 0.8692801 0.5186858 0.0000000 0.3265188 0.6491327 0.9116540 1.1441265 1.0124645 0.6972685 0.7644328 0.9067660 8.9999989 7.1818712 0.8745772 0.8745772 0.7930282 0.9243903 1.1560918 0.8801235 1.4403835 1.4403835 1.3067212 1.3067212 0.7858587 1.2966231 1.7859913 9.0000000 7.1952952 
Halamb_c47602_g1_i1m.22655                                       1.6633130 1.1912391 1.3867262 1.4140819 1.4351764 1.3761793 1.3696909 1.3226305 1.3226305 1.3938803 1.2997799 0.8999171 1.2163239 1.2717524 1.2318842 1.1954473 0.7884315 1.0466672 1.0536895 1.2213095 1.3024655 1.2063999 1.2289303 1.0455189 1.2608543 1.2831931 1.2607680 1.7046866 1.2030289 1.2073666 1.0309088 1.1940673 1.2147758 1.2147758 1.2146546 1.2148413 1.2264969 1.2647456 1.1051758 1.0533706 1.1371644 1.2601406 1.1649851 1.2115940 1.2157581 0.4002380 0.3265188 0.0000000 1.0133374 1.2828983 1.4065462 1.2558315 0.7912399 0.9645215 0.7919722 8.9999985 7.5205086 1.1673589 1.1528526 1.2116490 1.0195718 1.5302538 1.2130374 1.6085248 1.6085248 1.6116875 1.5010984 1.3868312 1.4102670 1.5434758 1.9188537 7.7097693 
Tetwil_g11105.t2                                                 2.6648685 0.7310744 1.7610861 1.6060815 1.7170239 1.6547331 1.2800632 1.5768779 1.2812320 1.7492438 1.9221739 0.5997794 1.6734148 1.6194755 1.6734231 1.7441343 0.4755592 1.7185031 1.6626484 1.7398667 1.9712383 1.7519047 1.6965845 0.5752896 1.7324640 1.7416208 1.5874127 2.4226207 1.4426755 1.4205423 0.5334212 1.4350729 1.5209793 1.3921729 1.4002950 1.4286698 1.4509143 1.3165575 1.5742186 1.8281126 1.4421278 1.8491276 1.6245605 1.6867575 1.7955309 2.0502502 0.6491327 1.0133374 0.0000000 1.9389007 0.9318681 1.7419168 0.3050271 1.2041586 0.5149974 4.4806025 4.6033325 1.5254219 1.3548093 1.6261496 0.6931592 1.9926760 1.4480156 1.6052833 1.5890099 2.3592094 1.8394939 2.2011631 1.8121272 2.3078915 3.6442479 5.2679550 
Cscu_XM_023372746.1                                              3.1268975 0.7281419 1.7270813 1.5489668 1.6271034 1.5834371 1.2125533 1.6443306 1.2938836 1.6886088 2.0589863 0.5819207 1.7846091 1.6209752 1.5353013 1.6555163 0.4860062 1.5041603 1.5519236 1.6409711 1.6600402 1.7099560 1.6503637 0.6512322 1.6537453 1.6632110 1.3352274 2.2555246 1.4792401 1.4383787 0.6075262 1.3350114 1.5395979 1.3226534 1.3280067 1.4505905 1.4388932 1.3983144 1.4468361 1.5697512 1.2661419 1.4981218 1.2594405 1.3329328 1.3549573 2.5831040 0.9116540 1.2828983 1.9389007 0.0000000 0.7582691 1.5386787 0.7096939 1.9790551 1.2938392 8.9999988 8.0464653 1.6608527 1.5902157 1.8807866 0.8055651 1.6618273 1.4715166 2.0548951 1.9036003 3.0318691 2.1819324 2.2891947 3.3508027 4.1669444 5.9409614 6.2246245 
