70
Pbac_sb2638470                                        0.0000000 0.0361715 2.6405889 0.0000010 1.3919124 3.6180671 1.0455125 0.3814124 0.3814124 0.0000010 0.0000010 0.0000010 0.3853044 0.4619100 0.6218150 0.4015077 2.7285268 2.7285268 0.5984738 0.5984738 0.5538583 0.0000010 0.0000010 2.2804675 2.0730809 2.1005706 2.1020415 2.0991921 1.9636262 1.6101992 2.0718236 2.0123811 1.8554300 1.9248866 2.1147044 1.7900987 1.8647671 1.9846530 2.0172265 1.9310275 2.0226658 2.2419991 2.1072856 2.1826333 1.9530717 1.9166165 2.9768805 2.2912947 2.1936038 2.0610663 2.0098712 2.1184070 2.1964610 2.0848800 2.5060971 2.7671874 2.4170602 2.4170602 2.2274563 2.3921554 2.3603530 2.3603530 2.3750161 2.3750161 2.6896541 2.6150231 1.0993740 2.6167717 0.7991639 0.0000010 
Horcal_Hcv1.av93.c5.g212.i1                           0.0361715 0.0000000 0.0125847 0.7228466 0.3479653 0.4856341 0.3953146 0.3356567 0.3335572 0.2810600 0.3224556 0.3050278 0.3222494 0.3761155 0.4339437 0.4141959 0.6729284 0.6729284 0.5080811 0.5165813 0.4225940 0.9340303 0.9340303 2.0963607 1.8111940 1.9166546 1.8387989 2.2570565 1.8443751 1.8671777 2.0212427 1.5071240 1.5579540 1.9193293 2.1163094 1.9239402 1.8980499 1.9955899 2.0393968 1.9027039 2.0751953 2.0778980 2.2262515 2.2238652 1.9361583 1.9610910 2.2192623 2.8480429 2.8091765 1.7552925 2.5493048 2.3977389 2.3349273 2.6094190 2.1567392 1.9734833 2.0163777 2.0388135 1.9653957 2.0419767 2.0695834 2.0695834 2.0020641 2.0715205 2.2597012 2.2157706 2.1542692 2.1788083 2.7600000 5.2268186 
Pbac_sb2640578                                        2.6405889 0.0125847 0.0000000 0.7006333 0.3476379 0.4972263 0.4022911 0.3476379 0.3442087 0.3000969 0.3384094 0.3276175 0.3244426 0.3780946 0.4463341 0.4440231 0.6871453 0.6871453 0.4997278 0.5127815 0.4274520 0.9492924 0.9492924 2.0534701 1.7643953 1.8115634 1.7667894 2.5924154 1.8881664 2.1277525 2.0763759 1.0285594 1.2433216 2.0727158 2.3334419 2.1625904 2.0690997 2.1473377 2.2092345 2.0496840 2.2316523 2.1056321 2.3605592 2.3450847 1.9943747 2.0569141 2.2525707 3.4371865 3.4483823 1.1713863 2.9523415 2.6198368 2.5429007 3.1507281 2.0103272 2.0335726 2.0205437 2.0597844 2.0416098 2.0665481 2.1379480 2.1379480 1.8764002 1.9051503 2.0170529 1.9894025 2.1826024 2.0256892 2.9926534 5.1877171 
Mertsp_Mesp_sb592930                                  0.0000010 0.7228466 0.7006333 0.0000000 0.0102919 0.0102919 0.0102919 0.0102491 0.0218561 0.4492907 0.4411279 0.4492907 0.2838834 0.3969690 0.4302996 0.3395846 0.3419431 0.3419431 0.4779850 0.5145457 0.2624902 0.8218529 0.8218529 4.1598242 6.8555619 4.3190056 3.8108163 8.9999983 3.9743366 8.4518924 8.9999986 9.0000000 9.0000000 8.9999983 7.3772222 6.7804890 5.1746303 6.3277669 7.5120612 5.5031886 8.9999981 8.4281336 8.9174342 8.9999987 8.9999989 7.1328347 7.0388839 8.9999989 8.9999983 9.0000000 8.9999987 8.9999982 8.9999982 8.9999990 9.0000000 8.9999983 8.9999982 8.9999983 8.9999981 8.9999989 8.9999987 8.9999987 7.6902787 7.6902787 8.9999981 8.9999980 8.9999987 5.7463983 7.2277602 5.9644051 
Mertsp_Mesp_sb592924                                  1.3919124 0.3479653 0.3476379 0.0102919 0.0000000 0.0000010 0.0000010 0.0152659 0.0195387 0.1748056 0.1747097 0.1818336 0.1491779 0.2376448 0.2690800 0.2658663 0.3418837 0.3418837 0.3398355 0.3499144 0.2177043 0.6856280 0.6856280 2.0656678 1.8338456 2.0673457 1.9348572 2.5148817 1.9060048 2.1223448 2.0966216 1.2688944 1.4440112 2.0909768 2.3991160 1.9421050 1.9584909 1.9243480 2.0626357 1.8792015 2.1380378 1.9607357 2.3184057 2.1890834 1.9872983 2.0840537 2.2550264 3.1349360 3.1539543 1.7277159 3.1302547 2.7664744 2.5624743 2.7509787 2.0875540 1.8817814 1.9399759 1.9381416 1.9561526 2.0075554 2.0730814 2.0730814 1.8764177 1.9669292 2.1355147 2.2528054 2.4335416 2.0217487 2.8426179 4.8039937 
Mertsp_Mesp_sb592928                                  3.6180671 0.4856341 0.4972263 0.0102919 0.0000010 0.0000000 0.0000010 0.0210116 0.0271127 0.1876689 0.1864596 0.1876689 0.1933918 0.3152350 0.3531023 0.3671277 0.3414494 0.3414494 0.4518899 0.4680874 0.2908014 0.6856280 0.6856280 2.8620407 2.3359262 2.9192961 2.5567545 3.4858618 2.4187205 2.9546477 2.9096379 1.4391254 4.7086326 3.0442374 3.0848860 2.5973184 2.6130126 2.4977248 2.7956545 2.6389662 2.7579603 2.5053763 3.0992461 2.9915347 2.7196228 2.9361559 3.0735784 4.2890695 4.3554796 3.5246741 4.2357214 3.7224701 3.6201387 3.8863285 2.8686292 2.4746461 2.6371287 2.6356097 2.6630805 2.7184005 2.9657547 2.9657547 2.5656484 2.9567559 2.7685217 2.9720548 3.3281755 2.9533078 3.5919654 4.8039937 
Mertsp_Mesp_sb592926                                  1.0455125 0.3953146 0.4022911 0.0102919 0.0000010 0.0000010 0.0000000 0.0172694 0.0221676 0.1748056 0.1747097 0.1707566 0.1655356 0.2614326 0.3070812 0.3013306 0.3327127 0.3327127 0.3727743 0.3856158 0.2483193 0.6856280 0.6856280 2.2684210 1.9081984 2.2764986 2.0918194 2.7920605 2.1545366 2.4403591 2.5195339 1.4561736 1.7181647 2.5052020 2.6922078 2.2516617 2.2701552 2.1938574 2.3819629 2.1218546 2.4036541 2.1806683 2.6171951 2.4784553 2.1987612 2.3944736 2.6917458 3.4483482 3.4731677 1.9362832 3.5066127 3.1308434 2.9731968 3.1415730 2.3421798 2.1704128 2.2166018 2.2147563 2.2362085 2.2739758 2.4298335 2.4298335 2.2391373 2.4269635 2.2392877 2.3847158 2.6550276 2.2819625 3.1181462 4.8039937 
Mertsp_Mesp_sb592922                                  0.3814124 0.3356567 0.3476379 0.0102491 0.0152659 0.0210116 0.0172694 0.0000000 0.0027559 0.1748056 0.1747097 0.1818336 0.1221545 0.2066257 0.2685525 0.2185256 0.3492812 0.3492812 0.3221944 0.3294947 0.2248227 0.6856280 0.6856280 2.1276802 1.9605812 2.1197391 2.0099968 2.3028860 1.9536943 1.9793960 2.0920097 1.5613375 1.6973653 2.0329490 2.2255641 1.8631829 1.8872830 1.9228710 2.0120783 1.8600377 2.0453504 2.0341404 2.1928815 2.1599664 2.0071290 2.0461673 2.2748173 2.7987589 2.7662159 1.8189286 2.6527730 2.4642957 2.4565314 2.5443485 2.1691494 1.9695444 2.0514284 2.0502880 1.9984362 2.0822889 2.0771382 2.0771382 2.0334125 2.1019222 2.3163599 2.3677422 2.4335416 2.1921149 2.8426179 4.8039937 
Bolinf_Binf_sb1253776                                 0.3814124 0.3335572 0.3442087 0.0218561 0.0195387 0.0271127 0.0221676 0.0027559 0.0000000 0.1728576 0.1725405 0.1797371 0.1214472 0.2068974 0.2665013 0.2171331 0.3454044 0.3454044 0.3214035 0.3286793 0.2232571 0.6766186 0.6766186 2.1276802 1.9605812 2.1197391 2.0099968 2.2862604 1.9380074 1.9666338 2.0720476 1.5613375 1.6973653 2.0124630 2.2250008 1.8631829 1.8872830 1.9228710 2.0120783 1.8600377 2.0453504 2.0341404 2.1602759 2.1283033 2.0071290 2.0455520 2.2497754 2.8475541 2.7952659 1.8189286 2.6519083 2.4271206 2.4080983 2.5270163 2.1691494 1.9695444 2.0514284 2.0502880 1.9984362 2.0822889 2.0771382 2.0771382 2.0334125 2.1019222 2.2972726 2.3484750 2.3548039 2.1921149 2.8129594 4.6895853 
Bolinf_Binf_sb1218972                                 0.0000010 0.2810600 0.3000969 0.4492907 0.1748056 0.1876689 0.1748056 0.1748056 0.1728576 0.0000000 0.0000010 0.0000010 0.0885301 0.2374963 0.2934694 0.3158893 0.3683075 0.3683075 0.3415379 0.3491141 0.3297623 0.5740158 0.5740158 2.2766155 1.8629708 2.3364882 1.9739078 3.0435283 2.3236646 2.5626620 2.6487460 1.4580699 1.5423382 2.4816111 2.6977212 2.2378906 2.2391601 2.1889301 2.4778759 2.1069679 2.3664924 2.1240497 2.7731296 2.6553475 2.2815935 2.5494100 2.8588573 3.0722473 2.9387714 1.8372429 3.2309998 3.1236517 3.1988442 3.1253959 2.4455545 2.3419666 2.2965350 2.2946459 2.3590784 2.3143717 2.4930081 2.4930081 2.4117325 2.5749782 2.4168788 2.5484740 2.8550799 2.3643795 2.9318093 5.4824773 
Mertsp_Mesp_sb609088                                  0.0000010 0.3224556 0.3384094 0.4411279 0.1747097 0.1864596 0.1747097 0.1747097 0.1725405 0.0000010 0.0000000 0.0000010 0.0923900 0.2695936 0.3156949 0.3596413 0.3752271 0.3752271 0.3805402 0.3890859 0.3666566 0.5890874 0.5890874 2.2184093 1.8152574 2.2994685 1.8770796 3.0130212 2.2653851 2.5373983 2.5398971 1.0475637 0.8135976 2.4405212 2.6644552 2.1035996 2.1059552 2.0533342 2.3582284 2.1925662 2.2034999 1.9478560 2.7438260 2.6767878 2.2561428 2.5261013 2.8193364 3.0726136 2.9240383 1.6801492 3.2499261 3.1021807 3.2337403 3.3191684 2.2942336 2.2562571 2.2061832 2.2038851 2.2750011 2.2259122 2.3959699 2.3959699 2.2270181 2.3721404 2.3993842 2.5299685 2.9492283 2.4172319 3.0298595 5.4824773 
Bolinf_Binf_sb1218973                                 0.0000010 0.3050278 0.3276175 0.4492907 0.1818336 0.1876689 0.1707566 0.1818336 0.1797371 0.0000010 0.0000010 0.0000000 0.0991320 0.2576633 0.3082140 0.3403730 0.3600751 0.3600751 0.3679612 0.3758992 0.3552345 0.5740158 0.5740158 2.1535615 1.7888663 2.2084338 1.8542921 2.8982630 2.1903584 2.4298081 2.4571494 1.1404119 1.0633414 2.3343916 2.5907124 2.1054075 2.1075569 2.0591692 2.3380608 2.0813873 2.2278166 1.9621513 2.6861610 2.5546807 2.1196668 2.4182168 2.6742625 2.9580733 2.8277533 1.6635711 3.1179174 3.0303333 3.0920210 3.0837181 2.3004688 2.2472310 2.2017897 2.1996943 2.2642178 2.2197025 2.3946849 2.3946849 2.2573461 2.3914544 2.4136856 2.5462465 2.8946003 2.2757752 2.8718174 5.4824773 
Mlei_ML2528.g7.i1                                     0.3853044 0.3222494 0.3244426 0.2838834 0.1491779 0.1933918 0.1655356 0.1221545 0.1214472 0.0885301 0.0923900 0.0991320 0.0000000 0.1950143 0.2389621 0.2032749 0.3763901 0.3763901 0.3436184 0.3457224 0.2620925 0.6082196 0.6082196 2.1035836 1.8476891 2.0409543 1.9423365 2.3156268 1.9501948 1.9333878 2.0292851 1.5379538 1.6103790 1.9897536 2.1744885 1.8814644 1.8499239 1.9204536 2.0393426 1.8851941 2.0005046 1.9845876 2.2136890 2.1770428 2.0230923 2.0284800 2.2611753 2.8030490 2.7143378 1.7945330 2.6430841 2.3519985 2.4213059 2.6067409 2.1475887 1.9793161 2.0761122 2.0749835 2.0196609 2.0920460 2.0805291 2.0805291 2.0205715 2.0878089 2.3703760 2.3806816 2.3053825 2.2561874 2.7871856 4.8066408 
Beraby_Baby_sb331943                                  0.4619100 0.3761155 0.3780946 0.3969690 0.2376448 0.3152350 0.2614326 0.2066257 0.2068974 0.2374963 0.2695936 0.2576633 0.1950143 0.0000000 0.2931930 0.2801980 0.4731544 0.4731544 0.3931980 0.3880918 0.3328823 0.7129089 0.7129089 1.9729209 1.8907844 2.0463360 1.9090875 2.2445744 1.8717359 2.0201008 2.0400806 1.5642515 1.6905392 1.9242860 2.1326623 1.9192406 1.9699777 2.0071833 2.0930803 1.9142190 2.0932003 2.0543019 2.2056051 2.1616622 2.0194028 2.0111715 2.1243566 2.7922908 2.6778385 1.7348499 2.5328921 2.2456987 2.4237027 2.7459918 2.2352531 1.8783186 1.9623310 1.9994129 1.9541008 1.9965711 2.0033404 2.0033404 1.9912273 2.0343486 2.5737077 2.5152983 2.6099566 2.3083401 2.5263636 5.4809037 
Vmul_sbMO474639                                       0.6218150 0.4339437 0.4463341 0.4302996 0.2690800 0.3531023 0.3070812 0.2685525 0.2665013 0.2934694 0.3156949 0.3082140 0.2389621 0.2931930 0.0000000 0.3671174 0.5521108 0.5521108 0.2438756 0.2507926 0.3151724 0.6633647 0.6633647 1.8039236 1.5681520 1.8440523 1.6989120 2.0943395 1.7715261 1.8746343 1.9602846 1.2599292 1.4019813 1.7335517 2.0897914 1.7147929 1.7210896 1.7762662 1.9503622 1.6755162 1.8217337 1.8192145 1.9464972 1.9223904 1.8402585 1.8670721 2.1314183 2.9269528 2.7328601 1.3941006 2.5549499 2.3153021 2.2470883 2.6516852 1.9877229 1.7846797 1.7743667 1.7609913 1.7915630 1.8115859 1.8439959 1.8439959 1.7745826 1.8416541 2.2279944 2.3098696 2.2534985 2.0356918 2.5522719 5.1001764 
Drygla_Dgla_sb283923                                  0.4015077 0.4141959 0.4440231 0.3395846 0.2658663 0.3671277 0.3013306 0.2185256 0.2171331 0.3158893 0.3596413 0.3403730 0.2032749 0.2801980 0.3671174 0.0000000 0.0157434 0.0157434 0.4399246 0.4486730 0.3328173 0.6805068 0.6805068 2.1453795 2.0001515 2.1996060 2.0502972 2.3971475 1.9041534 1.9169214 2.0998014 1.5568497 1.5153261 2.0734352 2.2172620 1.8990170 1.9097459 1.9967749 2.1094468 1.8918215 2.0454370 2.0878029 2.2475578 2.2687657 2.0594759 2.0003516 2.2567184 2.9889611 2.9103609 1.6909748 2.6660516 2.3491141 2.4371219 2.6569407 2.1054851 2.0815268 2.1752622 2.2270293 2.1133237 2.1469572 2.1425554 2.1425554 2.1232090 2.1282224 2.4300373 2.4064533 2.3206387 2.3489711 2.8661271 4.9968164 
Drygla_Dgla_sb283924                                  2.7285268 0.6729284 0.6871453 0.3419431 0.3418837 0.3414494 0.3327127 0.3492812 0.3454044 0.3683075 0.3752271 0.3600751 0.3763901 0.4731544 0.5521108 0.0157434 0.0000000 0.0000010 0.6343490 0.6548274 0.5161472 0.6805068 0.6805068 2.6320430 2.3729859 2.8786721 2.3901928 3.5844676 2.5363062 2.5634103 2.9092341 1.6831536 1.7661224 3.0146099 3.0185929 2.7051810 2.6790160 2.6455430 2.9661330 2.6201506 2.6869823 2.5151006 3.0597980 3.0240677 2.7664069 2.9192304 3.0481264 4.4973788 4.4074161 2.5456871 3.8286293 3.4815803 3.4731559 3.9621655 2.5965494 2.6952723 2.6912289 2.8279439 2.7172508 2.6196589 2.8464218 2.8464218 2.6743704 2.7994368 2.7993396 2.6981339 3.0710034 2.7627963 3.5415762 4.9968164 
Drygla_Dgla_sb283926                                  2.7285268 0.6729284 0.6871453 0.3419431 0.3418837 0.3414494 0.3327127 0.3492812 0.3454044 0.3683075 0.3752271 0.3600751 0.3763901 0.4731544 0.5521108 0.0157434 0.0000010 0.0000000 0.6343490 0.6548274 0.5161472 0.6805068 0.6805068 2.6320430 2.3729859 2.8786721 2.3901928 3.5844676 2.5363062 2.5634103 2.9092341 1.6831536 1.7661224 3.0146099 3.0185929 2.7051810 2.6790160 2.6455430 2.9661330 2.6201506 2.6869823 2.5151006 3.0597980 3.0240677 2.7664069 2.9192304 3.0481264 4.4973788 4.4074161 2.5456871 3.8286293 3.4815803 3.4731559 3.9621655 2.5965494 2.6952723 2.6912289 2.8279439 2.7172508 2.6196589 2.8464218 2.8464218 2.6743704 2.7994368 2.7993396 2.6981339 3.0710034 2.7627963 3.5415762 4.9968164 
Coemet_Cmet_scaffold20504_01                          0.5984738 0.5080811 0.4997278 0.4779850 0.3398355 0.4518899 0.3727743 0.3221944 0.3214035 0.3415379 0.3805402 0.3679612 0.3436184 0.3931980 0.2438756 0.4399246 0.6343490 0.6343490 0.0000000 0.0165289 0.3668820 0.6762053 0.6762053 1.9976986 1.9104033 2.0036979 1.9362383 2.2019281 1.9696729 1.8967237 1.9989277 1.5842268 1.7042392 1.9171971 2.1409808 1.7710460 1.8236982 1.9391265 1.9668704 1.7620004 1.9439007 2.1571955 2.2504392 2.1614773 2.0019974 2.0545660 2.0439875 2.8355660 2.8160226 1.9129505 2.4533078 2.3817640 2.4318462 2.5198612 2.0403805 1.9501565 1.9934483 1.9922634 1.9754750 1.9948078 2.0086527 2.0086527 1.9362544 1.9813873 2.2385303 2.2980180 2.4557666 2.5082582 2.5797256 5.1168277 
Coeast_Cast_sb795698                                  0.5984738 0.5165813 0.5127815 0.5145457 0.3499144 0.4680874 0.3856158 0.3294947 0.3286793 0.3491141 0.3890859 0.3758992 0.3457224 0.3880918 0.2507926 0.4486730 0.6548274 0.6548274 0.0165289 0.0000000 0.3647873 0.7212199 0.7212199 2.0307747 1.9407364 2.0325632 1.9533131 2.2441584 1.9603829 1.9137979 2.0163040 1.5792581 1.6975749 1.9255905 2.1365756 1.8142828 1.8678459 1.9822046 2.0106270 1.8079840 1.9818050 2.1912803 2.2314602 2.1390518 1.9939132 2.0340146 2.0670657 2.8444230 2.8465200 1.9054760 2.5028062 2.3929778 2.4739086 2.5478078 2.0542461 1.9583031 1.9998068 1.9986283 1.9817822 2.0011638 2.0150793 2.0150793 1.9440189 1.9896322 2.2100374 2.2772887 2.4890527 2.4729983 2.5801138 5.2095336 
Lampan_Lpan_C413971_01                                0.5538583 0.4225940 0.4274520 0.2624902 0.2177043 0.2908014 0.2483193 0.2248227 0.2232571 0.3297623 0.3666566 0.3552345 0.2620925 0.3328823 0.3151724 0.3328173 0.5161472 0.5161472 0.3668820 0.3647873 0.0000000 0.7039553 0.7039553 2.0229148 1.8700397 2.0559374 2.0233688 2.4216991 1.8945122 1.8238616 1.9988330 1.3680282 1.4802429 1.8237139 2.1206706 1.7041894 1.7568646 1.8283020 1.8440227 1.6449865 1.9948272 2.0808612 2.0801553 1.9474541 1.9135420 1.9606112 2.2376316 2.6923635 2.6374671 1.5254094 2.5465285 2.3483833 2.3491457 2.4799907 1.9401297 1.8277155 1.8013387 1.8253427 1.7340367 1.8071512 1.8546073 1.8546073 1.8884991 1.9552261 2.3935216 2.4248756 2.3594635 2.2323646 2.6751927 4.9692840 
Eupdun_Edun_sb10638158                                0.0000010 0.9340303 0.9492924 0.8218529 0.6856280 0.6856280 0.6856280 0.6856280 0.6766186 0.5740158 0.5890874 0.5740158 0.6082196 0.7129089 0.6633647 0.6805068 0.6805068 0.6805068 0.6762053 0.7212199 0.7039553 0.0000000 0.0000010 2.5710234 3.2033960 2.3259667 2.1792681 8.9999985 3.4933375 3.5850153 4.8817653 0.0000010 0.0000010 5.9296513 4.8300107 6.1417817 5.1199185 6.2375239 6.3508880 3.5022766 6.3490985 4.1556313 6.4328594 8.1815745 4.7371917 4.9689043 4.7839590 8.9999989 8.9999984 0.0000010 6.6648108 8.9999988 6.6816311 8.9999983 3.0456692 3.7531023 3.7432644 4.1518364 3.7336364 4.0082417 4.4650131 4.4650131 3.8965052 3.8965052 5.4777250 4.8672687 6.3447533 5.2943558 5.4973458 6.0485997 
Eupdun_Edun_sb10638156                                0.0000010 0.9340303 0.9492924 0.8218529 0.6856280 0.6856280 0.6856280 0.6856280 0.6766186 0.5740158 0.5890874 0.5740158 0.6082196 0.7129089 0.6633647 0.6805068 0.6805068 0.6805068 0.6762053 0.7212199 0.7039553 0.0000010 0.0000000 2.5710234 3.2033960 2.3259667 2.1792681 8.9999985 3.4933375 3.5850153 4.8817653 0.0000010 0.0000010 5.9296513 4.8300107 6.1417817 5.1199185 6.2375239 6.3508880 3.5022766 6.3490985 4.1556313 6.4328594 8.1815745 4.7371917 4.9689043 4.7839590 8.9999989 8.9999984 0.0000010 6.6648108 8.9999988 6.6816311 8.9999983 3.0456692 3.7531023 3.7432644 4.1518364 3.7336364 4.0082417 4.4650131 4.4650131 3.8965052 3.8965052 5.4777250 4.8672687 6.3447533 5.2943558 5.4973458 6.0485997 
Lcom_lcpid51037                                       2.2804675 2.0963607 2.0534701 4.1598242 2.0656678 2.8620407 2.2684210 2.1276802 2.1276802 2.2766155 2.2184093 2.1535615 2.1035836 1.9729209 1.8039236 2.1453795 2.6320430 2.6320430 1.9976986 2.0307747 2.0229148 2.5710234 2.5710234 0.0000000 0.4127365 0.3291219 0.3641324 0.8301690 1.5858512 1.3440185 1.3673652 1.3015537 1.0977161 1.5262041 1.6384362 1.3071864 1.3354915 1.3998240 1.3824586 1.3450437 1.4102855 1.5635674 1.4461661 1.3648328 1.4942995 1.3721383 1.2421826 1.5215911 1.5038288 1.4310412 1.3825832 1.5631060 1.5862943 1.6443456 1.6648574 1.6112382 1.7487691 1.7554625 1.7666722 1.7307049 1.7732185 1.7732185 1.6263533 1.5641078 2.0622538 2.1325391 2.1059411 2.2257037 1.3451938 3.8671785 
Gracom_Gcom_scaffold16818_01                          2.0730809 1.8111940 1.7643953 6.8555619 1.8338456 2.3359262 1.9081984 1.9605812 1.9605812 1.8629708 1.8152574 1.7888663 1.8476891 1.8907844 1.5681520 2.0001515 2.3729859 2.3729859 1.9104033 1.9407364 1.8700397 3.2033960 3.2033960 0.4127365 0.0000000 0.3112437 0.2847474 0.7182402 1.5184499 1.3408839 1.4492630 1.2195968 1.0897155 1.4632996 1.5644468 1.3758831 1.3921966 1.4888228 1.5117761 1.4775464 1.3439272 1.5639252 1.3978895 1.4589862 1.4596718 1.4342883 1.2029567 1.6845765 1.6597480 1.5174871 1.4649426 1.5389299 1.5602210 1.6449722 1.5813321 1.7474186 1.8344693 1.8649199 1.8510738 1.8208292 1.8047222 1.8047222 1.5662009 1.5371752 2.0280179 2.0486078 1.7519265 2.1268468 1.4137267 2.7168317 
Leuniv_Lniv_scaffold25739_01                          2.1005706 1.9166546 1.8115634 4.3190056 2.0673457 2.9192961 2.2764986 2.1197391 2.1197391 2.3364882 2.2994685 2.2084338 2.0409543 2.0463360 1.8440523 2.1996060 2.8786721 2.8786721 2.0036979 2.0325632 2.0559374 2.3259667 2.3259667 0.3291219 0.3112437 0.0000000 0.2794976 0.8008094 1.5481187 1.3582871 1.3493964 1.2858104 1.0925918 1.5452387 1.6999942 1.3412969 1.3112048 1.3886322 1.3560291 1.3903294 1.4179747 1.5705750 1.4434502 1.3597842 1.4952474 1.4754020 1.2197930 1.5946616 1.5931593 1.4658438 1.4753628 1.5537421 1.4782319 1.7320597 1.7281893 1.7945943 1.8314747 1.8529829 1.8355901 1.8111599 1.7819633 1.7819633 1.6019364 1.5638809 2.0785105 2.0403423 2.0626509 2.2429715 1.3861506 3.7720817 
Scil_scict002118.2                                    2.1020415 1.8387989 1.7667894 3.8108163 1.9348572 2.5567545 2.0918194 2.0099968 2.0099968 1.9739078 1.8770796 1.8542921 1.9423365 1.9090875 1.6989120 2.0502972 2.3901928 2.3901928 1.9362383 1.9533131 2.0233688 2.1792681 2.1792681 0.3641324 0.2847474 0.2794976 0.0000000 0.7011648 1.5296107 1.3119391 1.3429593 1.2554571 1.1180327 1.4413274 1.6517954 1.3882858 1.3945974 1.4539208 1.4301221 1.4458967 1.3892865 1.4540910 1.3324145 1.3514195 1.4238133 1.3888199 1.0867435 1.6865105 1.6741213 1.4767427 1.6000250 1.5560269 1.4874999 1.6881717 1.6359081 1.6858677 1.7676853 1.7884251 1.7653035 1.7651754 1.7556119 1.7556119 1.4961037 1.4333621 2.0517160 2.0169981 1.7380593 1.9873834 1.4458183 3.2308197 
Clacor_Ccor_scaffold10929_01                          2.0991921 2.2570565 2.5924154 8.9999983 2.5148817 3.4858618 2.7920605 2.3028860 2.2862604 3.0435283 3.0130212 2.8982630 2.3156268 2.2445744 2.0943395 2.3971475 3.5844676 3.5844676 2.2019281 2.2441584 2.4216991 8.9999985 8.9999985 0.8301690 0.7182402 0.8008094 0.7011648 0.0000000 1.6260824 1.3274896 1.3701193 1.2382831 1.1033115 1.4830712 1.8322600 1.3510575 1.4183373 1.4266439 1.4429451 1.4203928 1.4116579 1.5101210 1.6494816 1.6149584 1.3722461 1.4060594 1.5314893 1.8328743 1.8274775 1.5171776 1.7188450 1.6423470 1.7761135 1.7030666 1.6946277 1.7237439 1.7110016 1.7308093 1.7335127 1.7671206 1.7833272 1.7833272 1.3611272 1.3782311 2.1686310 2.2994392 2.3014524 2.1514987 1.9519171 3.6170083 
Cgig_XM_011428325.3                                   1.9636262 1.8443751 1.8881664 3.9743366 1.9060048 2.4187205 2.1545366 1.9536943 1.9380074 2.3236646 2.2653851 2.1903584 1.9501948 1.8717359 1.7715261 1.9041534 2.5363062 2.5363062 1.9696729 1.9603829 1.8945122 3.4933375 3.4933375 1.5858512 1.5184499 1.5481187 1.5296107 1.6260824 0.0000000 0.8218274 0.9787487 0.5915801 0.5658132 0.7512540 0.6891644 1.0109641 0.9996938 1.0582113 1.0470542 1.0620481 1.0478501 1.0886755 1.0945479 1.2484639 0.9335852 0.8919137 1.0813289 1.2084006 1.2311109 0.9315028 1.1824608 1.3541351 0.8611254 1.2656946 1.2679607 1.2436823 1.2436051 1.2575814 1.2795910 1.2237956 1.2702298 1.2702298 1.5212473 1.5115968 2.0573394 2.0100216 2.1743021 1.8553121 1.3942569 4.0975508 
Bralan_BLAG12000284_1                                 1.6101992 1.8671777 2.1277525 8.4518924 2.1223448 2.9546477 2.4403591 1.9793960 1.9666338 2.5626620 2.5373983 2.4298081 1.9333878 2.0201008 1.8746343 1.9169214 2.5634103 2.5634103 1.8967237 1.9137979 1.8238616 3.5850153 3.5850153 1.3440185 1.3408839 1.3582871 1.3119391 1.3274896 0.8218274 0.0000000 0.8769127 0.5361989 0.5082311 0.6565065 0.9719838 0.9002798 0.9030364 0.9357989 0.9409560 0.9857009 0.9307942 1.0563678 1.0776779 1.1131275 0.7800777 0.7385848 1.1082959 1.2521578 1.2393305 1.0295913 1.2032449 1.2144112 0.8708398 1.0323009 1.1708504 1.4935504 1.3690373 1.3842803 1.3288195 1.3482032 1.3974635 1.3974635 1.4502026 1.4012433 1.8407319 1.8451584 2.1977671 1.8416741 1.4318911 4.4959222 
Cscu_XM_023375156.1                                   2.0718236 2.0212427 2.0763759 8.9999986 2.0966216 2.9096379 2.5195339 2.0920097 2.0720476 2.6487460 2.5398971 2.4571494 2.0292851 2.0400806 1.9602846 2.0998014 2.9092341 2.9092341 1.9989277 2.0163040 1.9988330 4.8817653 4.8817653 1.3673652 1.4492630 1.3493964 1.3429593 1.3701193 0.9787487 0.8769127 0.0000000 0.3842775 0.3405716 0.8401493 1.1099109 0.9766723 0.9752012 1.0449417 1.0514876 1.0737863 0.9791262 0.9351318 1.0712656 1.1999608 0.9079484 1.0021458 0.7485781 1.2262674 1.2327728 1.0323548 1.1369541 1.2977400 1.0614322 1.2821366 1.1044786 1.2349902 1.1694186 1.1827758 1.2318168 1.1646537 1.1944821 1.1944821 1.5034206 1.5083442 2.0295477 2.0672233 2.1463683 2.0792483 1.3556210 3.3924521 
Cscu_XM_023368852.1                                   2.0123811 1.5071240 1.0285594 9.0000000 1.2688944 1.4391254 1.4561736 1.5613375 1.5613375 1.4580699 1.0475637 1.1404119 1.5379538 1.5642515 1.2599292 1.5568497 1.6831536 1.6831536 1.5842268 1.5792581 1.3680282 0.0000010 0.0000010 1.3015537 1.2195968 1.2858104 1.2554571 1.2382831 0.5915801 0.5361989 0.3842775 0.0000000 0.3481092 0.6607546 0.6715547 0.7425985 0.7368306 0.7853255 0.7768476 0.7859188 0.7123595 0.7276119 0.8419527 0.9041876 0.7416005 0.7454878 0.0627443 0.8353113 0.8559479 0.8889737 0.9003276 0.8649773 0.7209620 0.8607244 0.7993120 1.0160306 0.9974442 0.9974442 0.9849569 0.9868787 1.0142290 1.0142290 1.2833501 1.2637144 1.6893026 1.6941494 1.1107526 1.6273458 0.8222993 0.0000010 
Dpul_mRNA13196                                        1.8554300 1.5579540 1.2433216 9.0000000 1.4440112 4.7086326 1.7181647 1.6973653 1.6973653 1.5423382 0.8135976 1.0633414 1.6103790 1.6905392 1.4019813 1.5153261 1.7661224 1.7661224 1.7042392 1.6975749 1.4802429 0.0000010 0.0000010 1.0977161 1.0897155 1.0925918 1.1180327 1.1033115 0.5658132 0.5082311 0.3405716 0.3481092 0.0000000 0.6091866 0.6556007 0.7127846 0.6970321 0.7499994 0.7218479 0.7720581 0.6296006 0.7530176 0.8066202 0.8169654 0.7095154 0.7111672 0.4275954 0.7841107 0.8206697 0.8215377 0.8645108 0.8880792 0.6962622 0.8390222 0.7430217 1.0896277 1.1020203 1.1020203 1.0961019 1.0490429 1.0643287 1.0643287 1.3581297 1.3581297 1.5105044 1.4955225 0.8866354 1.3987345 0.6212717 0.0000010 
Skow_XM_002741785.2                                   1.9248866 1.9193293 2.0727158 8.9999983 2.0909768 3.0442374 2.5052020 2.0329490 2.0124630 2.4816111 2.4405212 2.3343916 1.9897536 1.9242860 1.7335517 2.0734352 3.0146099 3.0146099 1.9171971 1.9255905 1.8237139 5.9296513 5.9296513 1.5262041 1.4632996 1.5452387 1.4413274 1.4830712 0.7512540 0.6565065 0.8401493 0.6607546 0.6091866 0.0000000 0.9824716 0.8242851 0.8204259 0.7935088 0.8049456 0.9111794 0.8113647 0.9356945 1.0783628 1.0497532 0.7914320 0.7471941 1.1337515 1.2380079 1.1506163 1.0010328 1.2054630 1.2214420 0.8395275 0.9892130 1.1174067 1.2102049 1.1433549 1.1168973 1.1817245 1.1312199 1.1944971 1.1944971 1.7634066 1.7025893 1.9385511 1.9775557 2.0643581 1.8673225 1.2030396 3.8054151 
Acagra_model.g6191.t1_model.g6193.t1                  2.1147044 2.1163094 2.3334419 7.3772222 2.3991160 3.0848860 2.6922078 2.2255641 2.2250008 2.6977212 2.6644552 2.5907124 2.1744885 2.1326623 2.0897914 2.2172620 3.0185929 3.0185929 2.1409808 2.1365756 2.1206706 4.8300107 4.8300107 1.6384362 1.5644468 1.6999942 1.6517954 1.8322600 0.6891644 0.9719838 1.1099109 0.6715547 0.6556007 0.9824716 0.0000000 1.0507868 1.0351697 1.0570486 1.0954272 1.1761227 1.0885872 1.2116372 1.3437947 1.3745502 1.1155720 1.0056334 1.2027867 1.4211430 1.4471175 0.9473744 1.3892748 1.3738315 1.1109089 1.4718475 1.3905098 1.5080156 1.3827562 1.3978833 1.4046341 1.3557919 1.4044529 1.4044529 1.9139437 1.8999928 2.1750058 2.1376635 2.5447092 1.9569270 1.8317735 5.6008881 
Fspp_ffun1.m4.15705.m1                                1.7900987 1.9239402 2.1625904 6.7804890 1.9421050 2.5973184 2.2516617 1.8631829 1.8631829 2.2378906 2.1035996 2.1054075 1.8814644 1.9192406 1.7147929 1.8990170 2.7051810 2.7051810 1.7710460 1.8142828 1.7041894 6.1417817 6.1417817 1.3071864 1.3758831 1.3412969 1.3882858 1.3510575 1.0109641 0.9002798 0.9766723 0.7425985 0.7127846 0.8242851 1.0507868 0.0000000 0.1181086 0.1828080 0.1945896 0.3050328 0.4907615 0.5641633 0.8265280 0.8480143 0.9569232 1.0058660 0.9099824 1.0694637 1.0368894 0.8775606 0.9732116 1.0742174 1.1322976 1.1299972 1.2708176 1.0411108 0.9934989 1.0036609 1.0142571 0.9923303 1.0148796 1.0148796 1.4245559 1.4195191 1.8882829 1.8293482 1.9279136 1.8069738 1.3043612 4.6582360 
Gasp_gasp1.m3.22626.m1                                1.8647671 1.8980499 2.0690997 5.1746303 1.9584909 2.6130126 2.2701552 1.8872830 1.8872830 2.2391601 2.1059552 2.1075569 1.8499239 1.9699777 1.7210896 1.9097459 2.6790160 2.6790160 1.8236982 1.8678459 1.7568646 5.1199185 5.1199185 1.3354915 1.3921966 1.3112048 1.3945974 1.4183373 0.9996938 0.9030364 0.9752012 0.7368306 0.6970321 0.8204259 1.0351697 0.1181086 0.0000000 0.1785547 0.1714203 0.2717007 0.4749037 0.5466592 0.8054441 0.8798654 0.9668448 0.9887801 0.9256574 1.0513337 1.0193812 0.8698191 0.9689505 1.0554296 1.1659719 1.1881500 1.2779192 1.0308039 0.9702620 0.9802689 0.9735749 0.9682056 1.0076038 1.0076038 1.4368408 1.4325090 1.7609860 1.7145806 1.8029301 1.7789757 1.3292840 4.2295829 
Spis_XP_022793762_1                                   1.9846530 1.9955899 2.1473377 6.3277669 1.9243480 2.4977248 2.1938574 1.9228710 1.9228710 2.1889301 2.0533342 2.0591692 1.9204536 2.0071833 1.7762662 1.9967749 2.6455430 2.6455430 1.9391265 1.9822046 1.8283020 6.2375239 6.2375239 1.3998240 1.4888228 1.3886322 1.4539208 1.4266439 1.0582113 0.9357989 1.0449417 0.7853255 0.7499994 0.7935088 1.0570486 0.1828080 0.1785547 0.0000000 0.0638540 0.3063492 0.4971430 0.5494058 0.8872016 0.9066940 0.9448270 0.9859481 1.0400552 1.0489647 1.0166517 0.8633179 0.9786728 1.0929107 1.2019500 1.2438254 1.2690653 1.0827433 1.0333583 1.0377556 1.0262233 1.0080028 1.0415219 1.0415219 1.4705977 1.4708917 1.7280938 1.7000435 1.9706077 1.7013690 1.4351380 4.3183747 
Pocdam_XM_027186009.1                                 2.0172265 2.0393968 2.2092345 7.5120612 2.0626357 2.7956545 2.3819629 2.0120783 2.0120783 2.4778759 2.3582284 2.3380608 2.0393426 2.0930803 1.9503622 2.1094468 2.9661330 2.9661330 1.9668704 2.0106270 1.8440227 6.3508880 6.3508880 1.3824586 1.5117761 1.3560291 1.4301221 1.4429451 1.0470542 0.9409560 1.0514876 0.7768476 0.7218479 0.8049456 1.0954272 0.1945896 0.1714203 0.0638540 0.0000000 0.3147030 0.5145421 0.5519867 0.8916485 0.9123310 0.9469365 0.9715710 1.0346411 1.0873706 1.0639520 0.8584216 0.9648672 1.0953297 1.2502552 1.2535916 1.2499322 1.1038957 1.0488745 1.0594639 1.0416252 1.0233619 1.0524119 1.0524119 1.4915311 1.4904908 1.7830307 1.7366339 2.1545505 1.8002076 1.4882112 4.3497862 
Amil_Amillepora11065-RA                               1.9310275 1.9027039 2.0496840 5.5031886 1.8792015 2.6389662 2.1218546 1.8600377 1.8600377 2.1069679 2.1925662 2.0813873 1.8851941 1.9142190 1.6755162 1.8918215 2.6201506 2.6201506 1.7620004 1.8079840 1.6449865 3.5022766 3.5022766 1.3450437 1.4775464 1.3903294 1.4458967 1.4203928 1.0620481 0.9857009 1.0737863 0.7859188 0.7720581 0.9111794 1.1761227 0.3050328 0.2717007 0.3063492 0.3147030 0.0000000 0.6023895 0.6308169 0.9080834 0.9332878 1.0555787 1.1200638 1.0476147 1.1425274 1.1394173 0.9089487 1.1146362 1.2030415 1.2929756 1.1624657 1.2994762 0.9617065 0.9254881 0.9358462 0.9277179 0.9171088 0.9306764 0.9306764 1.5719169 1.5761792 1.9615801 1.9102392 2.3644743 1.8838055 1.3781263 4.5117572 
Nvec_v1g244885                                        2.0226658 2.0751953 2.2316523 8.9999981 2.1380378 2.7579603 2.4036541 2.0453504 2.0453504 2.3664924 2.2034999 2.2278166 2.0005046 2.0932003 1.8217337 2.0454370 2.6869823 2.6869823 1.9439007 1.9818050 1.9948272 6.3490985 6.3490985 1.4102855 1.3439272 1.4179747 1.3892865 1.4116579 1.0478501 0.9307942 0.9791262 0.7123595 0.6296006 0.8113647 1.0885872 0.4907615 0.4749037 0.4971430 0.5145421 0.6023895 0.0000000 0.4440386 0.8347810 0.8592245 1.0360249 0.9933876 1.0338039 1.0233106 0.9842428 0.9082093 0.9688345 1.0655937 1.1922640 1.2032379 1.2958612 1.1904471 1.1277823 1.1197061 1.1690161 1.1229441 1.1945035 1.1945035 1.3872252 1.4001962 1.8010377 1.7926799 1.8048028 1.6998546 1.2828869 4.1829247 
Exapal_XM_021051175.2                                 2.2419991 2.0778980 2.1056321 8.4281336 1.9607357 2.5053763 2.1806683 2.0341404 2.0341404 2.1240497 1.9478560 1.9621513 1.9845876 2.0543019 1.8192145 2.0878029 2.5151006 2.5151006 2.1571955 2.1912803 2.0808612 4.1556313 4.1556313 1.5635674 1.5639252 1.5705750 1.4540910 1.5101210 1.0886755 1.0563678 0.9351318 0.7276119 0.7530176 0.9356945 1.2116372 0.5641633 0.5466592 0.5494058 0.5519867 0.6308169 0.4440386 0.0000000 0.8907596 1.0186200 1.1637194 1.1010091 1.0192293 1.2202989 1.2021920 1.0153448 1.1257372 1.2057767 1.2137855 1.2134976 1.4066002 1.2052288 1.1184443 1.1117948 1.1667210 1.1253842 1.1857812 1.1857812 1.5455086 1.5692676 2.0171548 1.9181192 2.0008762 1.7993308 1.3257868 3.9290262 
Dgig_XM_028548630.1                                   2.1072856 2.2262515 2.3605592 8.9174342 2.3184057 3.0992461 2.6171951 2.1928815 2.1602759 2.7731296 2.7438260 2.6861610 2.2136890 2.2056051 1.9464972 2.2475578 3.0597980 3.0597980 2.2504392 2.2314602 2.0801553 6.4328594 6.4328594 1.4461661 1.3978895 1.4434502 1.3324145 1.6494816 1.0945479 1.0776779 1.0712656 0.8419527 0.8066202 1.0783628 1.3437947 0.8265280 0.8054441 0.8872016 0.8916485 0.9080834 0.8347810 0.8907596 0.0000000 0.3154648 1.1194188 1.1846117 1.2156839 1.2614529 1.2760498 0.8900109 1.2355487 1.1570987 1.4932758 1.3630522 1.3732661 1.4084225 1.3431578 1.3579681 1.3713605 1.3162095 1.3762716 1.3762716 1.4824960 1.5157722 1.9653271 1.9185057 2.1344190 1.9296309 1.4868539 6.0811973 
Xesp_000541-T1                                        2.1826333 2.2238652 2.3450847 8.9999987 2.1890834 2.9915347 2.4784553 2.1599664 2.1283033 2.6553475 2.6767878 2.5546807 2.1770428 2.1616622 1.9223904 2.2687657 3.0240677 3.0240677 2.1614773 2.1390518 1.9474541 8.1815745 8.1815745 1.3648328 1.4589862 1.3597842 1.3514195 1.6149584 1.2484639 1.1131275 1.1999608 0.9041876 0.8169654 1.0497532 1.3745502 0.8480143 0.8798654 0.9066940 0.9123310 0.9332878 0.8592245 1.0186200 0.3154648 0.0000000 1.1535002 1.1849252 1.3907436 1.3626148 1.3441749 0.9219572 1.2626489 1.1489942 1.5254552 1.3988196 1.2519941 1.2963418 1.2441443 1.2580640 1.2671573 1.2175558 1.3188835 1.3188835 1.5418350 1.5780565 2.0469493 2.0215098 2.1832280 1.9572066 1.4419665 5.7756658 
Hsap_ENST00000257904                                  1.9530717 1.9361583 1.9943747 8.9999989 1.9872983 2.7196228 2.1987612 2.0071290 2.0071290 2.2815935 2.2561428 2.1196668 2.0230923 2.0194028 1.8402585 2.0594759 2.7664069 2.7664069 2.0019974 1.9939132 1.9135420 4.7371917 4.7371917 1.4942995 1.4596718 1.4952474 1.4238133 1.3722461 0.9335852 0.7800777 0.9079484 0.7416005 0.7095154 0.7914320 1.1155720 0.9569232 0.9668448 0.9448270 0.9469365 1.0555787 1.0360249 1.1637194 1.1194188 1.1535002 0.0000000 0.5261170 0.8445689 1.1697689 1.1790461 1.1726733 1.1529732 1.2441709 1.0582322 0.9659957 1.3375094 1.3328810 1.3304509 1.3458328 1.3294568 1.3101240 1.3746106 1.3746106 1.5239291 1.5258780 1.7336633 1.7072665 1.7424967 1.9324081 1.6105895 4.4782532 
Hsap_ENST00000265734                                  1.9166165 1.9610910 2.0569141 7.1328347 2.0840537 2.9361559 2.3944736 2.0461673 2.0455520 2.5494100 2.5261013 2.4182168 2.0284800 2.0111715 1.8670721 2.0003516 2.9192304 2.9192304 2.0545660 2.0340146 1.9606112 4.9689043 4.9689043 1.3721383 1.4342883 1.4754020 1.3888199 1.4060594 0.8919137 0.7385848 1.0021458 0.7454878 0.7111672 0.7471941 1.0056334 1.0058660 0.9887801 0.9859481 0.9715710 1.1200638 0.9933876 1.1010091 1.1846117 1.1849252 0.5261170 0.0000000 0.9459785 1.2006081 1.2330746 1.0156851 1.2311322 1.2217347 1.0718397 1.1190011 1.3275264 1.4278032 1.3092282 1.3239173 1.2952704 1.3318128 1.3632816 1.3632816 1.4851869 1.4345156 1.9587637 1.9040541 2.2084775 2.0601601 1.5147517 4.7083328 
Cscu_XM_023368642.1                                   2.9768805 2.2192623 2.2525707 7.0388839 2.2550264 3.0735784 2.6917458 2.2748173 2.2497754 2.8588573 2.8193364 2.6742625 2.2611753 2.1243566 2.1314183 2.2567184 3.0481264 3.0481264 2.0439875 2.0670657 2.2376316 4.7839590 4.7839590 1.2421826 1.2029567 1.2197930 1.0867435 1.5314893 1.0813289 1.1082959 0.7485781 0.0627443 0.4275954 1.1337515 1.2027867 0.9099824 0.9256574 1.0400552 1.0346411 1.0476147 1.0338039 1.0192293 1.2156839 1.3907436 0.8445689 0.9459785 0.0000000 1.3663049 1.3000382 0.8802223 1.1738802 1.0892289 1.2883394 1.2319610 1.1012820 1.1612025 1.1144033 1.1344298 1.1782462 1.1591704 1.2546520 1.2546520 1.3638405 1.3455067 1.9529573 1.9863436 2.1528380 1.9834452 1.5095473 4.1299283 
Nemnom_g14728.t1                                      2.2912947 2.8480429 3.4371865 8.9999989 3.1349360 4.2890695 3.4483482 2.7987589 2.8475541 3.0722473 3.0726136 2.9580733 2.8030490 2.7922908 2.9269528 2.9889611 4.4973788 4.4973788 2.8355660 2.8444230 2.6923635 8.9999989 8.9999989 1.5215911 1.6845765 1.5946616 1.6865105 1.8328743 1.2084006 1.2521578 1.2262674 0.8353113 0.7841107 1.2380079 1.4211430 1.0694637 1.0513337 1.0489647 1.0873706 1.1425274 1.0233106 1.2202989 1.2614529 1.3626148 1.1697689 1.2006081 1.3663049 0.0000000 0.1331993 0.8255419 0.6879299 0.9738124 1.4105802 1.4674947 1.3691539 1.3064128 1.3317893 1.3579375 1.3838310 1.3509641 1.4160072 1.4160072 1.5185627 1.5280744 2.0645800 2.0471022 2.4513457 1.8206939 1.8072961 7.7147442 
Rhoesc_Res_005101-T1                                  2.1936038 2.8091765 3.4483823 8.9999983 3.1539543 4.3554796 3.4731677 2.7662159 2.7952659 2.9387714 2.9240383 2.8277533 2.7143378 2.6778385 2.7328601 2.9103609 4.4074161 4.4074161 2.8160226 2.8465200 2.6374671 8.9999984 8.9999984 1.5038288 1.6597480 1.5931593 1.6741213 1.8274775 1.2311109 1.2393305 1.2327728 0.8559479 0.8206697 1.1506163 1.4471175 1.0368894 1.0193812 1.0166517 1.0639520 1.1394173 0.9842428 1.2021920 1.2760498 1.3441749 1.1790461 1.2330746 1.3000382 0.1331993 0.0000000 0.8313419 0.6608442 0.9824225 1.4434226 1.4834757 1.3481911 1.3304258 1.3548139 1.3813101 1.4075280 1.3824623 1.4542504 1.4542504 1.4395280 1.4438226 2.0662839 2.0882499 2.4352116 1.8387219 1.7034763 8.2960721 
Hvul_g9101_1                                          2.0610663 1.7552925 1.1713863 9.0000000 1.7277159 3.5246741 1.9362832 1.8189286 1.8189286 1.8372429 1.6801492 1.6635711 1.7945330 1.7348499 1.3941006 1.6909748 2.5456871 2.5456871 1.9129505 1.9054760 1.5254094 0.0000010 0.0000010 1.4310412 1.5174871 1.4658438 1.4767427 1.5171776 0.9315028 1.0295913 1.0323548 0.8889737 0.8215377 1.0010328 0.9473744 0.8775606 0.8698191 0.8633179 0.8584216 0.9089487 0.9082093 1.0153448 0.8900109 0.9219572 1.1726733 1.0156851 0.8802223 0.8255419 0.8313419 0.0000000 0.7437194 0.8507433 1.1212992 1.1932106 1.4644956 1.3325691 1.2490350 1.2490350 1.2157678 1.2105817 1.2047127 1.2047127 1.5151217 1.4214473 1.5238290 1.5053084 1.2316206 1.7853659 0.2672868 0.0000010 
Sanmal_Sma_005984-T1                                  2.0098712 2.5493048 2.9523415 8.9999987 3.1302547 4.2357214 3.5066127 2.6527730 2.6519083 3.2309998 3.2499261 3.1179174 2.6430841 2.5328921 2.5549499 2.6660516 3.8286293 3.8286293 2.4533078 2.5028062 2.5465285 6.6648108 6.6648108 1.3825832 1.4649426 1.4753628 1.6000250 1.7188450 1.1824608 1.2032449 1.1369541 0.9003276 0.8645108 1.2054630 1.3892748 0.9732116 0.9689505 0.9786728 0.9648672 1.1146362 0.9688345 1.1257372 1.2355487 1.2626489 1.1529732 1.2311322 1.1738802 0.6879299 0.6608442 0.7437194 0.0000000 0.9349488 1.4646975 1.3686268 1.3360685 1.4032595 1.3491403 1.3758123 1.4035394 1.3563499 1.3979245 1.3979245 1.5002979 1.4910041 1.9233187 1.8927292 2.0399671 1.9025210 1.2731683 5.3591804 
Morvir_scaffold329.g7.t1                              2.1184070 2.3977389 2.6198368 8.9999982 2.7664744 3.7224701 3.1308434 2.4642957 2.4271206 3.1236517 3.1021807 3.0303333 2.3519985 2.2456987 2.3153021 2.3491141 3.4815803 3.4815803 2.3817640 2.3929778 2.3483833 8.9999988 8.9999988 1.5631060 1.5389299 1.5537421 1.5560269 1.6423470 1.3541351 1.2144112 1.2977400 0.8649773 0.8880792 1.2214420 1.3738315 1.0742174 1.0554296 1.0929107 1.0953297 1.2030415 1.0655937 1.2057767 1.1570987 1.1489942 1.2441709 1.2217347 1.0892289 0.9738124 0.9824225 0.8507433 0.9349488 0.0000000 1.6079950 1.5315508 1.4814611 1.3106587 1.3714161 1.3782968 1.4291689 1.3597148 1.4125832 1.4125832 1.4692437 1.4182158 2.1093103 2.0323786 2.2928967 2.1860493 1.4974764 5.4012620 
