213
Pbac_sb2647370                          0.0000000 0.0000010 0.0584913 0.0000010 0.0000010 0.0000010 0.9897738 0.9897738 0.9268465 0.7248115 0.0000010 2.7067732 1.6672139 1.3056774 0.0000010 1.2224829 0.0000010 1.4861399 1.3833062 1.3833062 1.5339458 4.2679031 0.4889328 0.6693550 9.0000000 4.3048812 8.6322007 6.0569986 0.0000010 3.1170854 2.9286689 0.0000010 2.9286689 2.9286689 8.9999989 3.0633759 3.0633759 3.0936202 2.3721421 2.3721421 2.3840235 2.3840235 2.1315136 2.3512922 2.3512922 3.7395096 3.6233306 3.5717783 3.9039792 3.6431994 0.0000010 0.0000010 3.7312079 3.6848450 3.8878676 3.7271080 4.1336372 6.5533672 0.0000010 3.2887344 3.4224520 3.3738225 3.3850972 3.4538583 3.4538583 3.4430235 3.9156332 2.8087524 8.9999983 4.0300140 5.0196397 5.0748933 5.0305612 6.4540063 3.5685855 0.0000010 4.5829583 0.0000010 0.0000010 7.6203103 0.0000010 7.2647694 7.2647694 5.6286931 4.8873309 6.4908468 6.4908468 0.0000010 4.1485482 0.0000010 2.6075779 0.0000010 4.3200203 3.0495780 4.3200203 4.3200203 8.9999985 8.9999985 0.0000010 8.3391303 6.4177788 5.8266567 8.9999983 8.9999989 8.3607618 8.9999984 8.9999987 8.9999982 2.7358390 0.0000010 9.0000000 8.7803536 4.4073053 0.0000010 9.0000000 0.0000010 4.8100737 4.8100737 4.8100737 4.7501672 4.8208309 4.6367889 4.8225393 7.0022541 3.8613165 4.0097735 3.5401861 4.0095107 3.8847489 5.7162650 4.0006860 3.9028988 3.9131657 8.9999987 4.1598620 4.2690649 4.4543591 0.0000010 4.6651969 0.6545047 4.4524279 4.4524279 5.7745400 3.8752962 3.3389609 3.1628307 3.1580076 3.3244017 3.4287386 3.2833359 3.0980936 3.3518990 3.5727319 4.2323334 3.7523331 3.8682907 2.3243583 2.9165166 3.3241778 2.8015398 3.2305498 3.0223028 3.1265730 3.4376392 3.5568335 3.2968157 3.5930440 3.4972542 3.5797752 3.0126803 3.5039566 3.6135328 3.7545246 3.4685551 3.3226772 3.5450377 3.0499514 4.3991785 3.2932538 3.2932538 4.7680334 0.0000010 9.0000000 7.5222768 5.2349390 0.0000010 0.0000010 0.0000010 8.9999987 9.0000000 5.7048178 3.2114967 2.5286361 3.0800300 3.3558712 3.2494440 3.1765876 0.0000010 2.5486559 0.0000010 0.0000010 0.0000010 5.3769787 5.3769787 5.3769787 5.3769787 4.3288692 0.0000010 0.0000010 0.0000010 0.0000010 0.0000010 4.2217970 
Pbac_sb2656926                          0.0000010 0.0000000 0.0194628 0.0728477 0.0000010 0.0254644 0.7513950 0.7513950 0.8903194 0.7852010 0.4135733 0.0000010 2.3790766 2.3780704 1.3413646 2.2148336 2.1216457 2.5889055 3.4400611 2.9370812 2.3390620 2.0582590 0.9471532 2.1939555 3.5109091 3.3356654 3.0101288 3.3615601 3.1079306 3.0629970 3.0751834 2.8485113 3.0905102 3.0756424 3.0691237 3.1331910 9.0000000 3.6469809 3.0278287 3.0329093 3.0196431 3.0196431 2.9940669 3.0157614 3.0157614 2.8840956 2.6121886 2.6190203 2.6815935 2.7664094 2.7245571 2.9329356 0.0000010 2.8241809 2.7694317 2.9496116 0.0000010 3.2047761 2.8548190 2.6100453 2.6140667 2.6643998 2.6111105 2.5494102 3.3595091 2.5629622 2.7203049 2.7218411 3.5717834 2.6702598 2.7774443 2.7905399 4.4984660 2.9557155 2.6129653 3.2094995 3.2949826 3.1808838 3.2152445 2.7600756 2.5054915 3.0025987 2.8929774 3.2380658 2.8779591 2.8855969 2.8972131 2.6988114 2.6884981 2.7327354 2.6576699 3.3070680 3.4938579 3.4603988 3.4712489 3.6004936 3.3940561 3.3077312 3.4041336 3.3145642 3.3574518 3.1803727 3.1195740 2.9948490 3.0620851 2.8461332 3.4348090 3.1699568 2.9681065 3.0058121 3.0124229 3.0692483 3.3075332 2.6465824 3.0457612 2.9753701 3.0474573 3.1044493 0.0000010 9.0000000 6.1843714 2.9947166 2.9605901 3.0251510 2.8474259 2.8791654 2.7871657 2.9629583 2.8314088 3.4964981 2.7577360 2.7004402 2.8790816 3.0314861 2.9040706 3.3389126 3.3998728 3.2548601 3.2631901 3.2498123 3.2170706 3.2851666 2.7991672 3.1660301 2.9227568 2.8377687 2.8948323 2.9846623 2.9652548 3.0774526 3.0360348 3.2103538 3.2250240 3.1706827 3.0148999 3.1444881 3.1056106 2.6369401 2.8385118 2.7710599 2.7630923 2.7901093 2.8035307 2.7430305 2.7737583 2.8288502 2.7635434 2.8089547 2.8101914 3.1187323 2.8191411 3.3077265 3.4142698 3.3706893 3.1257360 3.1241282 3.1409644 3.1409644 3.1862931 3.0763506 3.1215940 3.2211310 3.4256903 3.3484971 3.3334857 3.3227790 3.1103357 3.3031481 4.1800996 3.1447606 3.5243778 3.3006672 2.8019274 3.3505246 3.1053025 3.7389117 3.7176512 3.4477980 5.0465600 2.7358950 3.3548810 2.5095860 3.4112245 3.6291711 5.0667019 8.4609181 6.5907693 2.3811702 2.2549574 2.2600263 2.1561306 2.5670938 7.7847227 
Horcal_Hcv1.av93.c12.g470.i2            0.0584913 0.0194628 0.0000000 0.0394016 0.0499408 0.1071659 0.7951798 0.7949624 0.8526178 0.8419463 0.9117716 2.8296173 2.3898831 2.3711726 1.7356613 2.0867036 1.9208365 2.6642907 2.7405465 2.6821180 2.2634417 1.9437203 1.3034369 1.8024327 3.6793976 3.7543375 3.3327284 3.8486894 3.2253594 3.2899233 3.2993527 2.8139277 3.2855438 3.2834582 3.1483946 3.4441189 3.8374516 3.7112278 3.1461797 3.1529352 3.1534668 3.1617505 3.1365791 3.2104664 3.2104664 3.2492575 3.0013113 3.0169708 3.0992600 3.1190160 2.7419078 3.1598404 3.6404504 3.2089852 3.1575154 3.3729680 4.0715967 3.3346922 2.9869984 3.1220181 3.1868109 3.1635325 3.1561422 3.1144973 3.9976713 3.1780653 3.2365127 3.0631585 3.7094539 3.0969252 3.3204741 3.3314034 4.6672877 3.2547963 2.9373267 3.3161883 3.5223065 3.2772335 3.5450139 3.2271080 3.1674546 3.4986649 3.4045359 3.3857392 3.2680535 3.3374133 3.3048947 2.9758625 3.1181876 3.0189258 2.9869298 3.5084939 3.8973639 3.8645545 3.9052140 4.0520172 3.9721400 3.9446906 4.0174147 3.4727930 3.6369021 3.6018110 3.5783614 3.3222281 3.4672790 3.4715193 3.9065844 3.5333961 3.4912143 3.3945798 3.4423583 4.1334861 3.7307091 2.9025567 3.4078550 3.0916579 3.5674636 3.6204362 5.3708659 5.3903216 5.3564824 3.5476353 3.4328290 3.3494656 3.3665873 3.3575063 3.3291693 3.3289229 3.4114766 4.1794132 3.2130355 3.2095119 3.3094034 3.1988279 3.3436506 3.6883235 3.7304618 3.2863249 3.6488457 3.3726054 3.6712952 3.6303601 3.3997932 3.5859357 3.0284683 3.1171663 3.1757132 3.2689426 3.2617970 3.2370772 3.2889755 3.5281759 3.5899877 3.4455692 3.3624241 3.4834012 3.3944797 3.2517049 3.2481699 3.2389671 3.2218322 3.1268797 3.2593490 3.1686168 3.2177050 3.3190733 3.2298938 3.2664926 3.2911744 3.3405690 3.3226183 3.4784158 3.5509911 3.6760287 3.4321760 3.4330551 3.4204825 3.5182635 3.4647072 3.2921180 3.5267210 3.4236861 3.9554384 3.8975465 3.7852458 3.8519238 3.8062754 3.6265671 4.5430128 3.6176864 4.0592525 3.7379870 2.9324339 3.6830117 3.4032514 4.0138228 4.3569901 3.9473659 4.7270185 3.0035434 4.0832269 2.6278733 3.8873705 3.9744887 5.4610048 6.5154000 6.1333245 2.5692413 2.6703023 2.8704834 2.8473068 2.9095373 6.3962090 
Horcal_Hcv1.av93.c12.g470.i1            0.0000010 0.0728477 0.0394016 0.0000000 0.0000010 0.1077761 1.2726821 1.2726821 1.2902716 1.2882385 0.0000010 0.0000010 3.3593171 3.3443482 0.0000010 3.0355081 2.7829566 3.1940414 4.4573382 4.0657847 3.4261896 3.3248450 0.9171491 1.7303967 3.7039849 3.8403744 3.4816274 3.9535670 3.2410854 3.7841589 3.8436976 3.6766713 3.7978031 3.7946959 3.7592224 3.9774969 4.2872478 3.0201541 3.6139853 3.6436851 3.6341622 3.6341622 3.6380368 3.7675827 3.7675827 3.7466363 3.2806343 3.3862870 3.3891558 3.3734638 3.1496729 3.5407795 2.6002746 3.6952402 3.3975027 3.6447446 3.5227281 3.3220562 3.1076952 3.3595186 3.3408532 3.4088141 3.3327754 3.2395431 3.8690432 3.2618780 3.2261728 3.3672795 4.5007076 3.2838420 3.3876609 3.4163212 3.8989791 3.3652266 3.3275728 3.2250212 3.5108940 3.2885132 3.3167109 3.3030486 4.7356989 3.6183339 3.5550155 3.2221608 3.4718292 3.5429348 3.5265492 3.0413845 3.5412357 3.0763866 3.2046052 3.5435024 3.6494629 3.3732484 3.5433039 3.7227217 3.2359822 3.1415658 3.2903989 3.4945829 3.6955900 3.8269794 3.6540914 3.4452123 3.3510507 3.1678559 3.5381013 3.4507344 3.0122369 3.2162474 3.4405016 3.7920518 4.2730175 3.6574374 4.0092013 3.6283495 4.0588999 4.0892606 4.6181686 3.3982144 3.9431133 3.9874307 3.8689886 3.8597979 3.7982883 3.8056261 3.9190267 4.2534910 3.8995672 3.8279926 3.9392332 3.5198277 3.8425063 4.9298820 3.8896497 4.1831204 4.2275004 4.0301855 4.1000681 4.0419954 4.0137703 4.0364643 4.0822528 4.0640329 3.3067923 3.5325009 3.6721816 3.6154775 3.7580322 3.7786689 3.8610682 3.9139705 3.9825760 3.6581297 3.4886898 3.7769711 3.7146656 3.6830233 3.9066247 3.7753836 3.7383340 3.7150616 3.8610669 3.5934099 3.7582510 3.7639723 3.7579232 3.6893578 3.8394476 4.1278875 3.9411486 4.2150559 4.2330978 4.2801107 4.0491427 4.0229017 4.0486827 4.0003203 4.0028525 3.8730525 4.0809190 3.2837347 3.6946011 3.8404945 3.6228772 3.5229661 3.1084444 3.3621098 4.7635144 3.6308368 5.8380774 4.4071975 3.3840073 4.3256441 4.1047245 4.8921952 5.5077480 5.6112464 5.4523741 3.7072940 4.6430470 3.1559541 4.0943935 4.2783507 5.2623635 7.6788033 7.2059341 4.3878295 2.4051550 6.2374468 0.0000010 7.3788277 8.9999982 
Pbac_sb2656925                          0.0000010 0.0000010 0.0499408 0.0000010 0.0000000 6.2899669 1.0257632 1.0257632 0.5575169 1.4442919 1.8768841 1.9014714 1.9549894 2.1486874 2.1486874 1.4158910 1.4158910 0.0000010 0.0000010 0.0000010 1.5961613 1.5961613 7.9176231 0.0000010 2.9194699 7.6162516 5.0796407 4.7804290 0.0000010 3.2970237 3.3826023 2.6070631 3.3928910 3.3861478 2.7426577 4.1024617 0.0000010 0.0000010 3.7138849 3.8758120 3.8686193 3.9444595 3.4534897 3.9824744 3.9824744 3.7315124 3.6736022 3.8842862 3.6996661 3.5277574 2.8132359 4.1485897 0.0000010 4.0255261 3.3633719 4.0957017 0.0000010 2.7383722 3.9219123 3.8905320 4.1313677 4.2715712 4.1343141 3.8683627 0.0000010 4.8240987 4.3284601 3.9307433 4.2970539 3.9053263 4.2885787 4.2905542 0.0000010 4.4019346 2.8391520 4.0588149 5.2774749 3.9317874 5.5148911 4.8861616 4.9902613 5.6170197 5.5729532 0.0000010 4.8307740 4.6782475 4.6187887 4.9789545 4.6034556 6.0678347 4.1547981 0.0000010 6.6197132 6.5159813 6.6214827 6.6446239 6.7734623 7.4970208 6.9028669 3.6983304 4.3426872 3.5526722 4.5688997 3.6139891 4.7228714 5.1725867 4.9104667 5.0324242 7.1715792 5.2930580 0.0000010 6.0044855 4.1171393 3.8982339 3.9718954 3.3782239 4.9236418 3.9944731 0.0000010 0.0000010 9.0000000 4.3159000 3.2016335 3.4292597 4.1821070 3.7940113 3.9361509 3.4672093 4.1732037 0.0000010 3.2528656 4.4352233 3.6986279 3.5618122 4.3859583 3.7396859 3.6736350 0.0000010 3.6040007 3.6040007 4.1656031 3.7186158 4.3584053 4.2423724 3.4699118 3.4451546 3.4451546 3.5778132 3.5442104 3.0462200 3.2564255 4.4334505 4.6606173 3.7865340 4.7320728 5.2954731 5.4770352 5.8688883 4.6391249 5.7781032 5.1418605 4.6955298 5.6706583 4.3706432 4.6163876 5.5320550 4.7227590 5.1486630 4.9372262 2.6117153 0.0000010 3.0999619 3.0387255 2.9965865 3.8383862 3.7701908 3.8121232 3.8121232 4.1083637 3.1986346 3.7699717 5.2402170 7.1250119 5.3736459 5.7454566 8.5033001 8.9999990 5.9930349 0.0000010 5.4330501 5.6664110 5.2063629 3.3552501 4.1320094 5.3154066 3.9636649 8.1611116 6.8345767 0.0000010 3.8935358 6.4823894 3.2124353 4.9320427 7.0818600 6.5119148 4.2103609 0.0000010 3.3845155 3.5989639 4.3375457 3.5240258 3.4530434 5.6478570 
Pbac_sb2661266                          0.0000010 0.0254644 0.1071659 0.1077761 6.2899669 0.0000000 0.8603272 0.8603272 0.9680561 0.9417091 0.9346671 0.0000010 2.8058645 2.8681273 2.2535450 2.6315507 2.3308296 3.0301817 4.7605359 4.7768246 2.8529219 2.3788315 1.1287239 1.7414286 3.8237482 3.9250822 3.5200050 4.1589780 3.0814002 3.6497409 3.6874001 3.0995034 3.6465042 3.6443833 3.5597057 3.6797173 5.1552684 5.0266745 3.4174764 3.4225005 3.4343673 3.4467937 3.4774970 3.5202419 3.5202419 3.5753028 3.2744036 3.1882124 3.3886977 3.3500247 2.9388248 3.4253425 3.6241039 3.4678277 3.4875547 3.6165038 4.5530947 3.8178958 3.3839196 3.2605405 3.3132992 3.2914071 3.3088256 3.1564560 3.9969021 3.1449437 3.3257294 3.3605588 3.9920788 3.2677518 3.3603532 3.3209885 4.0154616 3.4464771 3.2636816 3.5827032 3.7069478 3.4016717 3.6627804 3.1302782 2.9915659 3.4150782 3.3320086 3.1755072 3.3066460 3.3629359 3.3812624 3.1036045 3.2660307 3.1136907 3.1318646 3.7398724 3.7803647 3.8125631 3.9147754 4.0623268 3.8181951 3.7238440 4.0233468 4.0382939 3.9658402 3.8886615 3.7624151 3.4799164 3.6234399 3.4295560 3.9664739 3.7283937 3.5493647 3.4988516 3.3899730 4.2033041 4.2694655 3.1779448 3.7908881 3.4077596 3.7314250 3.8891957 6.9188958 6.9280729 7.0556270 3.8192844 3.8638161 3.7427069 3.7187483 3.7299205 3.5217191 3.5821102 3.5796152 3.9640160 3.5929111 3.2869660 3.5735331 3.7295628 3.5452380 3.7889892 3.8770603 3.4753143 3.7619283 3.5633578 3.6836744 3.7580338 3.6236551 3.7886415 3.3362830 3.5231811 3.6078711 3.7556568 3.5464411 3.6761815 3.8427306 3.9928025 3.9786491 3.9394367 3.7572485 3.8772158 3.8083720 3.3195450 3.4568132 3.3858750 3.3390867 3.2631005 3.3698864 3.2756858 3.3633083 3.4590414 3.4487895 3.3965439 3.3928667 3.6970876 3.5895731 4.0090685 4.0769803 4.2317363 3.8809142 3.9209998 3.9668012 3.9614409 3.8661083 3.6859019 3.8779886 3.5860480 3.9873594 3.9575125 3.7795671 3.8049355 3.6850671 3.7356787 4.9177538 3.6076519 4.6023978 4.0797878 3.2420655 4.0857956 3.4391757 4.9170049 4.5932882 4.2372070 5.8255945 3.3694270 4.0668487 3.1993113 4.2349794 4.3441295 5.2958101 7.3022611 7.1667353 3.0596534 2.9625702 2.8776156 2.7655583 3.4664695 8.2854838 
Bolinf_Binf_sb1252542                   0.9897738 0.7513950 0.7951798 1.2726821 1.0257632 0.8603272 0.0000000 0.0000010 0.5076428 0.6346785 0.6898388 2.5456254 2.1260067 2.1640042 1.5193346 2.0069406 1.7974610 2.2658328 2.7627295 2.6137413 2.1739916 1.9245984 0.9082981 1.3677765 3.1471241 3.3288761 3.0972743 3.6273694 3.0518656 3.0172238 3.0226343 2.5524750 2.9888278 2.9840578 2.8918041 3.1850577 4.4023103 4.0544654 3.1169166 3.1406265 3.0838066 3.0881608 3.0245026 2.9736730 2.9736730 3.1996068 3.1524198 3.1019725 3.1009463 3.0446185 2.5946344 2.8991901 3.9977215 3.0343351 3.1469180 3.1807381 4.4738186 2.7710859 2.8882127 3.0187418 3.1906632 3.2036140 3.1275571 3.0260287 4.0065620 3.0936097 3.0216698 2.9965633 3.7478185 3.0717548 3.2181373 3.1459557 5.2080502 3.0060191 3.0835730 3.4619918 3.4437669 3.2484559 3.4877401 3.3152804 3.1640282 3.4445557 3.3108790 3.1556097 3.2262467 3.3048161 3.3371269 2.8557490 3.0982839 2.8950250 2.8863012 3.0704447 3.3741718 3.6857260 3.4231487 3.5018677 3.5640718 3.5677425 3.6789501 3.1575409 3.2612426 3.3838426 3.3789835 3.2276607 3.5815691 3.3492555 3.8185680 3.5201438 3.5929869 3.4601115 3.4066021 3.9967712 3.4103783 2.7120851 3.1370867 2.8780803 3.2155036 3.3084510 4.6304820 4.3167177 4.7469526 3.1736842 3.2186514 3.1195632 3.1325228 3.1158471 2.9962718 3.2539007 3.0642727 3.8360945 3.1365617 3.0715327 3.1230309 3.1609776 3.1528165 3.3022232 3.3548096 2.9148291 3.2620762 3.0574339 3.3602555 3.2111839 2.9442254 3.1019506 3.0158820 3.0825411 3.1034172 3.1845253 3.2885474 3.2989796 3.2852912 3.5420083 3.4177487 3.3268285 3.4156918 3.2973272 3.1835529 3.2530019 3.1510417 3.0678276 2.9953287 2.9983375 3.0654123 3.2201091 3.1669912 3.1062950 3.2517804 3.1098162 3.2374624 3.3217783 3.4765821 3.5539285 3.5769799 3.4428100 3.2577457 3.1928421 3.1918823 3.2583206 3.2591388 3.0494427 3.2892188 3.2456898 3.8043570 3.7623229 3.7554340 3.6008352 3.5368563 3.6092978 3.6938503 3.4779612 3.5776536 3.4896778 2.6771458 3.6045546 3.1872002 3.9024319 3.8680325 3.5104888 4.1059420 2.7612348 3.9064986 2.5766663 3.6329919 3.7476432 4.8353229 5.4162753 5.2850670 2.8839425 2.3207723 2.6265548 2.8051656 3.1485471 5.7270885 
Mertsp_Mesp_sb577034                    0.9897738 0.7513950 0.7949624 1.2726821 1.0257632 0.8603272 0.0000010 0.0000000 0.5047172 0.6346785 0.6898388 2.8655872 2.1389615 2.1640042 1.5193346 2.0069406 1.7974610 2.2846430 2.8261939 2.6719777 2.1868460 1.9245984 0.9082981 1.3677765 3.1613753 3.3487555 3.1051529 3.6589936 3.0518656 3.0336325 3.0390790 2.5524750 3.0051832 3.0003650 2.8918041 3.2022285 4.5434689 4.1881915 3.1335450 3.1572947 3.1002808 3.1046446 3.0340734 2.9896516 2.9896516 3.2165991 3.1691519 3.1190150 3.1174824 3.0608482 2.5946344 2.8991901 4.1290051 3.0510057 3.1635585 3.1975950 4.6152236 2.7869549 2.8882127 3.0348728 3.2074205 3.2208599 3.1441886 3.0423822 4.0530059 3.1101259 3.0382757 3.0130367 3.7804919 3.0823177 3.2354274 3.1629938 5.3639515 3.0060191 3.0998993 3.4828023 3.4437669 3.2484559 3.4877401 3.3234093 3.1640282 3.4527335 3.3190236 3.1943087 3.2343142 3.3135672 3.3452141 2.8557490 3.1193778 2.8950250 2.9063260 3.0939949 3.3823292 3.6940525 3.4313666 3.5100686 3.5957038 3.5990033 3.6789501 3.1785955 3.2886933 3.4023344 3.3929311 3.2405028 3.5701491 3.3710454 3.8059684 3.5346894 3.6238486 3.4601115 3.4336048 4.0174783 3.4022250 2.7310405 3.1370867 2.8780803 3.2354525 3.3262201 4.7791962 4.4502402 4.8865975 3.1912404 3.2360211 3.1195632 3.1490285 3.1322997 3.0127105 3.2710305 3.0811027 3.8360945 3.1535851 3.0881278 3.1400474 3.1499640 3.1697355 3.3087534 3.3613487 2.9148291 3.2796328 3.0574339 3.3782927 3.2111839 2.9442254 3.1139322 3.0329302 3.0990263 3.1199583 3.2016376 3.3064978 3.3172743 3.3026023 3.5600703 3.4355692 3.3440805 3.4334020 3.3080169 3.1835529 3.2530019 3.1510417 3.0839350 3.0110768 3.0146698 3.0814794 3.2368666 3.1834864 3.1224348 3.2687409 3.1200766 3.2540536 3.3217783 3.4765821 3.5539285 3.5769799 3.4428100 3.2750531 3.1928421 3.2089033 3.2583206 3.2764421 3.0676401 3.2892188 3.2456898 3.8255262 3.7761033 3.7762920 3.6142709 3.5368563 3.6227748 3.7193842 3.4976552 3.5976469 3.5000427 2.6934682 3.6162616 3.1996998 3.9156981 3.8914938 3.5104888 4.1303854 2.7612348 3.9064986 2.5766663 3.6520623 3.7714193 4.8783500 5.5150021 5.3525791 2.8839425 2.3362882 2.6265548 2.8051656 3.1485471 5.7699834 
Lampan_Lpan_11187_01                    0.9268465 0.8903194 0.8526178 1.2902716 0.5575169 0.9680561 0.5076428 0.5047172 0.0000000 0.6769421 0.3667825 1.9731311 2.0925335 2.1475065 1.1244242 1.9556951 1.6885262 2.3612053 2.8668068 2.7324542 2.1633313 1.7671911 0.8491171 1.0405139 2.9753646 2.9501233 2.8668882 3.1003976 3.3303426 2.9270812 2.9446790 2.2973273 2.9341586 2.9331327 2.7977421 2.9976917 3.8783717 3.6648316 2.9102327 2.9108261 2.8790552 2.8790552 2.7872523 2.7976230 2.7976230 2.7722981 2.6867539 2.7426867 2.7536402 2.7139472 2.4381964 2.5648006 3.4152766 2.6408382 2.6588784 2.7761549 3.6889251 2.8740531 2.4612888 2.8415013 2.9324164 2.9793128 2.8795627 2.8972799 4.4078391 2.8930519 2.9024126 2.9182477 3.5955174 2.8975228 3.0584100 3.0015527 4.4841395 2.9647889 2.8984715 3.1851024 3.2025443 3.0797381 3.2913435 3.0415299 2.6355257 3.1135370 3.0597267 3.3464601 3.0436100 3.0958933 3.0851851 2.6385422 3.0422035 2.7040842 2.7876268 3.0553840 3.2240541 3.4693986 3.3135565 3.3970659 3.4750943 3.4262017 3.1678930 2.9280713 3.0963463 3.2039923 3.3334210 2.9103888 3.1940576 2.9609678 3.6292975 3.1871758 3.0361363 2.9438287 3.2332442 3.3829668 3.2473648 2.4000632 3.1636749 3.0201017 3.3253371 3.2878921 4.8670059 4.6521352 4.7772782 3.2899974 3.1822801 3.0607138 2.9584737 3.0429825 2.8092848 3.0544536 2.9579860 3.7628194 3.0441802 2.9255679 2.8869471 3.1188348 2.9993487 3.1741798 3.1613887 3.0346542 3.2619788 3.0468627 3.2764190 3.2943792 2.7873153 3.0552363 3.0452146 3.1862455 3.2090345 3.2284139 3.2502885 3.3403457 3.3458822 3.1775345 3.1814529 3.2904702 3.1494914 3.2821791 3.2600650 3.2700438 2.9403245 2.9421293 2.9132005 2.9229413 3.0220861 3.0015131 2.8729229 2.8621859 3.1218448 3.0038940 3.0296492 3.1367848 3.2848081 3.4117712 3.5028434 3.6073013 3.3350970 3.2625035 3.2525152 3.3091135 3.1965257 3.1603905 3.3659346 3.1382516 3.4830344 3.4132221 3.3053301 3.2038601 3.1594837 3.2840657 3.8104150 3.2175873 3.4771969 3.4741741 2.6346590 3.4972469 3.1642204 3.6055790 3.7929040 3.4542145 3.8110397 2.5864500 3.0944697 2.1619812 3.2124090 3.4181288 4.4642403 5.4987412 5.4052696 2.5743330 2.1209453 2.0966787 2.6497873 2.8902644 5.8630070 
Drygla_Dgla_sb304550                    0.7248115 0.7852010 0.8419463 1.2882385 1.4442919 0.9417091 0.6346785 0.6346785 0.6769421 0.0000000 0.8450692 1.6364058 2.3149543 2.3387038 1.6468485 2.3201577 2.0958964 2.5708142 3.2949376 3.2216267 2.2865094 1.9430667 1.0251345 1.4420506 3.0357887 3.3281419 3.1005340 3.6393957 3.7754949 3.1955390 3.1924328 2.6426171 3.1968523 3.1973812 3.1503014 3.2279850 2.9958002 3.1341179 3.0947276 3.1073180 3.0660752 3.0684390 3.0843709 3.0368354 3.0368354 3.1399889 3.1197895 3.0720836 3.0632381 3.1288862 2.7659856 3.1192268 3.1570145 3.0594472 3.1299815 3.2257483 3.1191229 3.0722231 2.8882768 2.9429291 3.0136135 3.1067366 3.0415751 2.8995591 3.9364310 2.9290112 2.9559450 2.9263774 3.6633969 3.0709573 3.0080568 2.9359221 3.1585471 3.0811856 2.9660733 3.6696723 3.6375553 3.2703113 3.4429636 3.1772383 2.9754357 3.1232695 3.0637078 3.1790475 2.9736858 3.1423827 3.1406845 2.6536630 2.9152216 3.0306569 2.9108626 3.3297647 3.2493819 3.5468298 3.4268545 3.6262256 3.4495051 3.5058880 3.4006031 3.1103350 3.1383825 3.6343634 3.7936474 3.3814004 3.4085546 3.3818098 3.7623773 3.4312478 3.3943879 3.3389898 3.1699956 3.8485567 3.5001721 2.8988834 3.1734575 2.9000137 3.3557832 3.2590981 5.1491202 5.2815287 5.1673955 3.2424127 3.2408265 3.2187875 3.1484057 3.1287762 2.9550719 3.2784214 3.1692231 3.8598399 3.2926585 3.0266953 3.2750277 3.4066788 2.9744794 3.3395766 3.3691856 2.9899668 3.3498445 3.2159220 3.4327383 3.3013532 3.0185489 3.2120711 3.1203494 3.1321843 3.1651100 3.2970448 3.2401061 3.2554318 3.2760286 3.4839287 3.3766509 3.6654525 3.3686717 3.3772918 3.4877703 3.3583534 3.2130047 3.2402201 3.1604971 3.1005997 3.2268312 3.1203432 3.1259975 3.0484651 3.1911891 3.0288884 3.0810790 3.1471983 3.3577184 3.5182752 3.6631089 3.4996698 3.5532561 3.5296400 3.4819031 3.4922915 3.4869424 3.1891790 3.5481163 3.2305161 3.6814849 3.6238421 3.6133564 3.5821866 3.3121066 3.4353532 3.7994424 3.7939863 4.2522057 3.7244237 2.8291353 3.5372827 3.3601958 3.6059363 4.2435172 3.9602831 4.2360631 2.8095657 3.6701623 2.6868814 3.5018049 3.6422309 4.5951615 5.1186916 5.7750845 3.0693515 2.5470964 2.8303064 2.9477186 3.2956351 5.6534877 
Coemet_Cmet_scaffold13906_01            0.0000010 0.4135733 0.9117716 0.0000010 1.8768841 0.9346671 0.6898388 0.6898388 0.3667825 0.8450692 0.0000000 1.6487462 1.5576780 1.6124444 1.6507547 1.4869989 1.5004805 0.0000010 0.0000010 0.0000010 1.5615743 1.5761680 2.8897895 9.0000000 2.1186705 3.5025279 3.1376302 3.7615921 2.6331138 2.5886461 2.5492350 2.1872874 2.5042430 2.5021236 2.6748608 2.6780646 0.0000010 0.0000010 2.5313980 2.4915613 2.4974005 2.4972343 2.5168649 2.4680132 2.4680132 3.0185988 2.7844013 2.7982473 2.7096237 2.8955680 2.3184924 3.1379771 0.0000010 2.8642934 3.0772513 3.3484458 0.0000010 4.4117788 3.3728748 2.5559454 2.9929687 2.4727084 2.3742025 2.6292681 3.3305879 2.7262610 2.6885154 2.5021164 2.1372541 2.7603978 2.7675188 2.7185764 0.0000010 2.9957751 2.9819983 4.0571994 4.0992213 4.0097619 4.7992197 2.8680408 2.7576919 3.1445485 3.0512580 0.0000010 2.9742242 3.4162003 3.3598607 3.5744052 3.4808418 3.7958561 3.4351945 0.0000010 3.8654866 4.7324041 3.8712231 4.2646391 4.6353709 5.0244029 4.2876736 3.6767621 3.6480846 3.1031440 3.0394522 3.0209792 3.8755717 3.5026703 4.8451266 3.7245629 4.6759216 4.1117087 4.8829391 4.7689689 3.3348877 2.8924669 2.8608566 2.8637233 2.5152259 2.7551752 0.0000010 0.0000010 2.9840819 2.7967067 2.8552052 2.7758489 2.8462829 2.8255790 3.0379282 2.9190996 2.6478973 0.0000010 2.5910970 3.0760464 3.3310327 3.0692236 2.7931746 3.1909270 3.1923857 2.6529615 3.2832342 3.2730428 3.5164063 3.1716735 2.9987052 2.5961248 3.4623726 3.2784106 3.3445874 3.3758250 3.0729549 3.5890460 3.5894509 3.9019518 3.5261284 3.8965523 3.7539769 3.8418427 4.0500321 3.0108987 2.8944056 3.3650261 3.4317561 3.2203045 3.2999616 3.0308460 2.9716157 3.3889464 3.1754089 3.0977826 3.2963722 3.3122288 3.2366834 3.9137232 4.0244759 3.6539327 3.9037163 3.7786593 3.7411884 3.7086885 3.9498759 3.4719263 3.9702088 3.9908349 4.7501383 4.8215677 4.8269700 4.6947877 4.9755676 4.9308776 0.0000010 3.7579649 3.8617295 3.8693038 2.8616417 4.5076446 4.2222537 4.3585678 4.3060527 4.4438297 0.0000010 3.1316197 4.6809629 2.8615843 3.6556347 3.6940508 8.9999989 6.0126951 2.6680005 2.9174762 2.7795259 2.4659318 3.0229571 3.5870840 4.0995282 
Pbac_sb2662633                          2.7067732 0.0000010 2.8296173 0.0000010 1.9014714 0.0000010 2.5456254 2.8655872 1.9731311 1.6364058 1.6487462 0.0000000 0.1878696 1.4410795 0.7644589 0.9204553 0.7644589 1.0094791 0.8705078 0.8705078 0.7325112 0.7641115 3.5766590 0.0000010 2.7240014 4.3185085 3.4597770 4.0722028 0.0000010 3.5467823 3.5467823 4.5054130 3.5467823 3.5467823 6.4450002 3.6186770 3.4866901 3.4036933 3.5366872 3.5366872 3.5366872 3.5366872 5.7150891 3.5764204 3.5764204 4.5879579 4.6311811 5.0812860 4.3168145 4.2392906 6.0656990 6.0656990 4.4904465 4.0501117 4.0615665 3.8832830 3.0947553 0.0000010 4.3328705 4.8060051 4.7366112 5.1535652 5.1535652 5.1429056 4.6127614 4.7366112 4.6483768 4.5236631 8.2124718 5.5425599 6.8031211 6.8192794 4.8598218 6.4084168 3.7202184 1.8856168 3.0559712 2.0830554 1.7838736 6.8785022 5.9516589 6.9074537 6.9074537 6.6932466 6.8256592 7.4422795 7.4422795 8.9999990 5.9616247 6.1263943 2.8724340 0.7994963 4.2613212 3.6142067 2.8054468 2.8054468 4.7590153 4.7590153 1.7117586 5.2730019 8.9999986 3.4062211 2.4083145 4.2971699 3.1770053 4.3597945 3.8346850 2.8126525 3.2777321 0.7641115 8.3229857 4.2875381 4.7839830 5.0294112 5.7429915 2.9756411 4.9974040 4.1559997 4.3645454 4.3645454 4.5356216 3.8198884 4.0660806 1.8077741 3.9442474 3.9442474 3.9320959 4.2663384 4.5191480 9.0000000 4.0085821 4.0489928 3.8381552 2.6306922 3.9000311 3.3510826 3.7585705 0.0000010 2.9936319 2.1438904 2.0784438 2.4971902 4.5054130 6.8913853 3.2802067 3.2802067 3.2802067 3.2802067 3.5583126 3.4720844 3.4354880 3.9290939 3.9545278 4.1516525 3.9336483 4.5173587 3.6268407 6.0656990 4.5054130 3.5273552 3.8387262 3.4450407 3.7633200 3.5027315 3.5984869 3.1414399 4.8610352 3.6836563 3.6854402 6.9243686 4.8878012 6.3990574 5.5456107 7.0454231 3.4184177 6.9521623 3.0929205 8.9999988 3.2173373 3.2173373 8.9999985 2.8704888 3.6339392 5.4946072 2.7950317 1.5644957 2.8704888 1.2022178 4.8117413 4.9791142 2.5337391 4.5889124 3.2425038 3.4788672 2.5147262 2.4365766 1.9915407 8.9999984 1.8105248 2.9756411 5.7071410 4.5054130 8.0248248 8.0836818 8.0836818 8.0836818 5.1042834 8.9999983 1.7854909 6.0656990 4.1108406 4.5054130 4.4282441 
Horcal_Hcv1.av93.c5.g147.i1             1.6672139 2.3790766 2.3898831 3.3593171 1.9549894 2.8058645 2.1260067 2.1389615 2.0925335 2.3149543 1.5576780 0.1878696 0.0000000 0.0411635 0.0923353 0.7518268 0.6443705 0.9575777 1.0292719 1.1143021 0.8071745 0.5969574 3.1703693 3.5419230 3.1552211 3.3332255 3.3595133 3.2699465 2.7844062 3.0875048 3.0356651 2.5660818 3.0420000 3.0343417 3.0245849 3.0115586 3.7178727 3.6376709 3.1107318 3.1209986 3.1437670 3.1546314 3.1137062 3.1656122 3.1656122 2.8938529 2.9234311 2.8414471 2.8729123 2.9653170 2.5288029 2.8256089 3.4151467 2.8766636 2.8471033 2.8840881 3.0163914 2.9542059 2.9107194 2.9158063 2.8728092 2.8887441 2.9501580 2.8854989 3.3832933 2.8579700 2.9250863 3.0204211 3.4113690 2.9559632 3.0775961 3.0276844 3.3283644 3.0566709 2.8936613 3.5023412 3.5660726 3.2506727 3.5159031 3.4448373 3.7355728 3.3493081 3.3237003 3.2883556 3.3306092 3.5270319 3.5225342 3.1804255 3.1990826 3.1906004 2.9038046 2.6493550 3.4101774 3.5022734 3.5193855 3.5806081 3.3970213 3.5359827 3.3171811 3.0188478 3.1758010 3.5083264 3.6343540 3.0224008 3.6475924 3.2022801 3.8447522 3.2036518 3.2499613 3.3738584 3.2374742 3.8491694 3.1971043 2.9542998 3.3668408 3.0750471 3.0518706 3.2867897 3.3361080 3.0406785 3.2442446 3.1634843 3.1718812 3.3551896 3.0308077 3.0095925 3.0170460 3.1790878 3.2369774 4.1972039 3.0993362 3.0991547 3.0176855 3.3292973 3.2630652 3.3988781 3.4580441 2.9517475 3.3764470 3.1841106 3.4278744 3.2505548 3.3921967 3.3105590 3.1413198 3.2247976 3.1691118 3.1910358 3.1153579 3.3815040 3.3284868 3.3874458 3.2243837 3.8364166 3.7120041 3.7033638 3.4610199 3.3511739 3.2069353 3.0932010 3.0490215 2.9964635 3.0780493 3.0953817 3.1758502 3.2113707 3.1419898 3.0658303 3.0539606 3.4479930 3.5516490 3.6660161 3.5706780 3.2952641 3.1535090 3.1832162 3.1488592 3.2723151 3.1780392 2.8163114 3.2143232 3.3342179 3.9983634 3.8800162 3.7939781 3.9221406 3.6941251 3.6202407 3.2797086 3.4135868 4.1332502 3.5787286 2.9110416 3.5661225 3.1850386 3.5691211 3.6643964 3.5170490 4.1061510 2.9252122 4.3945552 2.5083471 3.2400373 3.4318856 4.6852187 6.2652819 4.8501555 2.8836833 2.9759133 3.0557236 3.7112697 3.5077431 6.3807740 
Pbac_sb2652837                          1.3056774 2.3780704 2.3711726 3.3443482 2.1486874 2.8681273 2.1640042 2.1640042 2.1475065 2.3387038 1.6124444 1.4410795 0.0411635 0.0000000 0.0081255 0.7899186 0.6909422 0.9808299 1.1273713 1.2310411 0.8586885 0.6573423 3.2945720 3.6905640 3.1238746 3.7108387 3.5066821 3.5735100 2.7632633 3.4111859 3.3683794 2.5651406 3.4287389 3.4127894 3.0000659 3.3800057 3.6037012 3.7639076 3.4246769 3.4020566 3.4662399 3.4574143 3.3997765 3.3955875 3.4132688 3.0213400 3.1866480 2.9362463 3.2110270 3.2202397 2.5080805 2.9622655 3.5813104 3.0382641 3.1217725 3.1765518 3.3835303 3.0052350 3.2433943 3.0652760 3.0706734 2.9407724 3.1677352 3.0381880 3.3684080 3.0520262 2.9751135 3.2377852 3.2768223 3.2878419 3.2127335 3.2130037 2.9890651 3.1484029 2.9675029 3.5930186 3.6870806 3.2896009 3.5427159 3.4860619 4.1536423 3.4649698 3.4873223 3.2223900 3.3892226 3.7220802 3.7083729 3.4431229 3.5117032 3.3842753 3.1808165 2.7034428 3.5902387 3.4968302 3.7609403 3.7716063 3.5980292 3.7382190 3.6570635 3.2444805 3.3001887 3.8478227 3.8721071 3.1481753 3.6702332 3.3534858 4.1738297 3.2274076 3.4673951 3.2502433 3.1359174 4.0670922 3.5207179 2.9592098 3.7958271 3.0141924 3.0565975 3.7031495 3.1743622 2.8234902 3.1559249 3.3692014 3.3624014 3.5451832 3.4081570 3.3369692 3.3493157 3.6332238 3.4921855 3.9764764 3.4346064 3.3286695 3.3482052 3.7471846 3.6142990 3.5603715 3.5923702 2.8977508 3.5344305 3.3798142 3.6504767 3.3151081 3.7548616 3.3981446 3.3952657 3.5078537 3.4218528 3.4501116 3.1394700 3.6515256 3.6416989 3.6572442 3.5077151 4.1386735 3.8830182 4.2429216 3.8103517 3.5495094 3.5140911 3.4392313 3.3876572 3.0031792 3.4287206 3.4700435 3.4140579 3.5363846 3.3708971 3.2815927 3.3067672 3.5352003 3.6555667 3.8325235 3.6739841 3.3858818 3.4022798 3.3965565 3.3402365 3.3185577 3.5508191 2.8629498 3.2935558 3.3760577 4.2998528 4.0433617 3.9830885 4.2731829 4.1751484 3.8947857 3.2472070 3.3767520 4.4980400 3.9573072 3.0287905 3.8465174 3.5443981 3.6599988 4.0869977 3.7116850 4.4192993 3.3638923 5.1369427 2.9909211 3.3322120 3.5423147 4.7263854 6.1226040 4.9619481 3.0980311 3.3516592 3.5419353 3.6642203 3.9078622 6.9396996 
Pbac_sb2664057                          0.0000010 1.3413646 1.7356613 0.0000010 2.1486874 2.2535450 1.5193346 1.5193346 1.1244242 1.6468485 1.6507547 0.7644589 0.0923353 0.0081255 0.0000000 0.6810949 0.6810949 0.0000010 0.0000010 0.0000010 0.8043695 0.8043695 4.9903213 0.0000010 3.4572238 5.4978662 4.2835280 5.9377989 2.7961405 3.8834817 3.8385789 2.8389066 3.8723191 3.8670337 2.9114672 4.1591845 0.0000010 0.0000010 3.9205183 3.7759623 3.9358246 3.8999500 3.7964154 3.6372984 3.7000805 3.5656738 3.8017750 3.2673803 4.1143417 3.8269272 2.7965760 3.7290322 0.0000010 4.2743292 3.7225337 4.2535539 0.0000010 3.6451115 4.1344879 3.5179773 3.7977658 3.4301981 3.7471042 3.4090367 3.7653367 3.5723102 3.3908139 3.7905065 2.2298383 3.7839469 3.4571982 3.6128678 0.0000010 3.9485552 3.5645296 4.7788836 4.7983212 4.4325366 4.9421515 4.6211525 4.8251117 4.7749630 4.6959092 0.0000010 4.4806071 5.1900450 5.3161448 5.4297483 5.6197333 4.6211249 3.9786771 0.0000010 5.1308101 5.0791050 5.5157254 5.7610627 6.5917455 6.7688573 5.9494225 5.0593357 4.1535386 4.4815215 4.3102619 4.1790076 4.4515395 4.6039608 5.9150766 3.7074693 5.2433098 4.3727081 3.8607174 5.1858984 4.4505009 3.5169231 5.0880892 3.5970819 3.1642132 5.3280283 0.0000010 0.0000010 9.0000000 4.2852403 4.3821831 4.1827092 4.4227695 4.1178417 4.6454561 4.9073901 4.1850427 0.0000010 4.1959972 3.9315800 4.6759924 4.3590571 4.4112055 4.0432465 4.0122635 3.0957224 4.3256079 4.2527364 4.5520352 3.4112067 4.3894867 4.0747151 4.4021035 4.3082515 4.1606330 4.2330098 3.4837631 4.7268647 4.7466615 4.7853909 4.7672616 5.9463646 5.0564537 5.8441322 5.5090932 3.9838465 3.8164185 4.4763085 4.4226390 2.8969710 4.1791345 4.5633775 3.7609256 4.3579487 4.2147863 4.0019130 3.8122350 3.9570757 3.7633815 4.5556530 4.3427372 4.2952227 4.3583783 4.4097268 4.3378878 4.3378878 4.8832834 2.9333270 4.2195127 4.1872462 6.6006483 5.7601574 5.7792006 6.2220108 7.3927063 5.6461797 0.0000010 4.7584052 5.8888492 5.1959742 3.9317036 4.5367910 4.5036902 4.0118009 5.1334698 4.8659447 0.0000010 4.6057949 5.6489157 4.0283895 3.4636072 3.8590222 6.5619828 3.2795332 9.0000000 3.1503590 4.3109987 4.1257746 3.6958226 4.3645327 6.1799599 
Bolinf_Binf_sb1273457                   1.2224829 2.2148336 2.0867036 3.0355081 1.4158910 2.6315507 2.0069406 2.0069406 1.9556951 2.3201577 1.4869989 0.9204553 0.7518268 0.7899186 0.6810949 0.0000000 0.0000010 0.5746503 0.0124463 0.0631931 0.7048852 0.6754749 3.0580751 3.3903166 2.9708454 3.2633397 3.2664702 3.4422756 2.9648069 2.9599264 2.9280093 2.3853008 2.9138369 2.9091812 2.8880157 2.9168824 3.3072915 3.4645195 2.9474037 2.9399829 2.9355950 2.9438023 2.9187129 2.9153535 2.9153535 2.8410863 2.8882749 2.8180640 2.8106710 2.8101041 2.4913865 2.7533692 3.8548465 3.0347674 3.0102003 2.9721596 3.6901225 2.9751396 2.9276513 2.9733782 2.9677082 3.0516765 3.0342595 2.9735878 3.7572212 2.9763623 3.0458820 3.0090334 3.4348547 2.9462040 3.1353450 3.1882906 4.1424195 2.9320999 2.8890209 3.3188222 3.4657646 3.2055741 3.6648658 3.1947953 3.2900685 3.1114178 3.2142631 3.1298846 3.2252802 3.1245970 3.1084306 3.2184678 3.0628919 3.1112050 2.8699468 2.7329300 3.3438871 3.3039648 3.4326845 3.3768946 3.4054802 3.4767368 3.5527676 2.8974482 3.1042022 3.1584855 3.3307913 2.7925921 3.4052676 3.2483652 3.9919091 3.3041389 3.6263567 3.5162020 3.4204208 4.1061016 2.9875843 2.7694080 3.1632925 2.8049343 2.9878251 3.1145029 3.5845810 3.6853422 3.7740876 3.0143099 2.9964866 3.1489532 2.7967084 2.7903867 3.0359414 2.9808668 2.9287222 3.7542372 3.0962611 2.9709572 2.9673729 3.3228856 3.2689679 3.1768803 3.2247118 2.6439354 3.1110800 2.8682925 3.2344372 3.0444772 3.1614794 2.9955828 3.0716958 3.1492137 3.1403576 3.1829890 3.0075711 3.2403290 3.2026248 3.3647103 3.2515096 3.6773419 3.6564724 3.4858451 3.4479780 3.4003502 2.9721105 3.0008161 3.0354480 2.8449026 3.0050741 3.0874166 3.1036834 3.1059180 2.9656532 2.9273326 2.8973675 3.1461840 3.0021714 3.2784181 3.2512136 3.3592420 2.9534626 2.9578673 2.8892626 2.9556173 3.0076566 2.7092565 2.9690036 3.3253495 3.7599333 3.7654808 3.8193276 3.6753968 3.5486805 3.8466769 3.6635328 3.2557165 3.7546672 3.4782311 2.5510725 3.6599182 2.9807478 3.7456977 3.6173274 3.2840249 3.9458479 2.7045577 3.9463576 2.4092237 3.2612996 3.4891174 4.6681021 5.6529706 5.0315753 2.7837178 2.4299253 2.6893195 2.8984019 3.1218977 5.6171853 
Mertsp_Mesp_sb579441                    0.0000010 2.1216457 1.9208365 2.7829566 1.4158910 2.3308296 1.7974610 1.7974610 1.6885262 2.0958964 1.5004805 0.7644589 0.6443705 0.6909422 0.6810949 0.0000010 0.0000000 0.6080253 0.0000010 1.5773464 0.6731524 0.6688917 3.1789159 0.0000010 2.4640326 3.0758109 2.9670966 3.0087803 2.4235876 2.5401269 2.5340597 2.3853008 2.5067472 2.5097862 2.4977106 2.5436606 0.0000010 5.9553331 2.4888986 2.4863978 2.4872893 2.4976517 2.4432841 2.4596285 2.4596285 2.3031406 2.3183799 2.2679340 2.2833020 2.2012101 2.2627452 2.3889944 0.0000010 2.5443081 2.4745799 2.4483484 0.0000010 2.6250724 2.6578386 2.4849585 2.4768712 2.5583801 2.5316090 2.4797775 2.5074057 2.4574209 2.4850553 2.5292204 3.0549958 2.5299150 2.6493964 2.6766190 3.9070468 2.6264273 2.3794956 3.3321683 3.2944818 3.1638129 3.6234259 2.9411576 3.2900685 2.8830035 2.9382447 2.4923837 2.9460966 2.8500236 2.8615196 3.0570370 2.7751417 2.9975283 2.6792773 2.0015525 3.1183317 3.1107326 3.1711308 3.0878436 3.1759929 3.2564476 3.5527676 2.7506870 2.9604798 2.5389145 2.9216570 2.5701442 3.1408342 3.1500558 3.5659103 3.0158296 3.5832253 3.4608111 3.0550031 3.3819449 2.7441131 2.7814306 2.6848597 2.4808425 2.4433803 2.6871286 0.0000010 3.8318974 6.8039559 2.5902923 2.6025313 2.6254892 2.5070053 2.4906966 2.6892601 2.5281987 2.5714004 2.5819697 2.8359968 2.6181074 2.4934816 3.0177271 2.8295950 2.7095955 2.7171627 2.3995955 2.6323868 2.6137186 2.8241730 2.5371121 2.7523216 2.4897882 2.8990224 2.9137929 2.8984160 2.9342654 2.7944198 3.0303781 3.0243846 3.1293539 3.0064448 3.1600224 3.1225280 3.2807155 3.2748158 3.0297263 2.6470517 2.8933257 2.9013045 2.6356964 2.8478385 2.8676592 2.8276544 2.9126366 2.7124868 2.6704747 2.6205787 2.9682502 2.5128063 2.9080800 2.8222093 3.0651420 2.6024297 2.5878537 2.5869302 2.5869302 2.7384444 2.4479723 2.6074939 3.2905454 3.6395519 3.4615332 3.6122199 3.5039136 3.5486805 3.6558053 3.0096747 2.9871636 3.7146590 3.1295237 2.5115765 3.3295699 2.8091736 3.4056878 3.1560758 3.2853115 3.2383044 2.7045577 3.9463576 2.4092237 2.8029218 3.0573291 4.5256866 4.4312301 5.6258244 2.7837178 2.4469117 2.6893195 2.8984019 3.1218977 5.6276260 
Lampan_Lpan_14506_01                    1.4861399 2.5889055 2.6642907 3.1940414 0.0000010 3.0301817 2.2658328 2.2846430 2.3612053 2.5708142 0.0000010 1.0094791 0.9575777 0.9808299 0.0000010 0.5746503 0.6080253 0.0000000 0.4485240 0.4909547 0.7747117 0.7086958 2.3847796 3.2141646 3.0341297 2.8571936 3.0825006 3.0828275 3.5058394 2.9551343 2.8963851 1.9453239 2.9484701 2.9247665 3.0468357 2.9357540 3.2708456 3.4274273 2.8806967 2.8353462 2.8237804 2.8237804 2.9496341 2.8740674 2.8740674 2.7169880 2.7905724 2.7315125 2.8554014 2.8766454 2.3765934 2.5677340 3.3859647 2.8043243 2.8652253 2.8790814 3.5631504 2.7751053 2.9639797 2.8873863 2.8160709 2.7915921 2.8517748 2.8365640 3.5899573 2.7786072 2.8625053 2.9585141 3.6526836 3.0833939 3.0780450 3.2591991 3.4818492 2.8314782 2.7806750 2.6825853 2.8342410 2.6205986 2.6814672 2.5373646 1.8259989 2.5701888 2.5330260 3.3773888 2.6164330 2.6554229 2.6506699 2.5108958 2.6992931 2.5837191 2.4730337 2.6886017 2.8046476 2.6948497 2.8741673 2.9242865 2.5609874 2.6765586 2.1949720 2.2136359 2.4086620 3.2352469 3.6157582 2.6159306 2.9657610 2.6159831 3.2447939 2.7714565 2.8472021 2.8592852 3.0676004 3.6810988 2.6938909 2.2078777 2.7056603 2.4947694 2.7192211 2.7494753 3.3343254 3.5840710 3.4091628 2.5948910 2.6487515 2.9522280 2.6516929 2.6525732 2.7802887 2.6521380 2.8009115 3.7285157 2.7007416 2.7083613 2.7562256 3.1872655 2.9876215 2.9789301 3.0559534 2.6782175 3.0426973 2.8766187 2.9100681 2.9383255 2.9644929 3.0100185 2.8972444 2.9807724 2.9961713 3.0640377 3.0032749 3.1190459 3.0906543 3.1700957 2.9754529 3.3844226 3.3259048 2.9164459 2.9173738 3.1283353 2.8151563 2.6923704 2.6474424 2.6433257 2.7746929 2.7312892 2.9704289 2.7491273 2.8073763 2.7307594 2.7517898 3.0525471 3.1976425 3.1955823 3.1678078 3.1717417 2.7817175 2.8603320 2.7305368 2.9572294 2.7895429 2.6254838 2.9001621 2.9442117 3.2827655 3.3562846 3.1588645 3.2283807 2.5220552 3.3541949 3.0967215 2.9952159 3.1508531 3.2655309 2.2522190 3.5554108 2.7334816 3.4785104 3.3976224 2.7798938 3.9046506 1.6437213 2.6834174 1.7289489 3.1557195 3.2638012 4.1651048 5.0099002 5.0456894 2.0949902 1.6582422 1.6820770 0.0000010 2.9074911 6.3351951 
