150
Xesp_024489-T1                                                   0.0000000 0.3069632 0.2622544 0.1766453 0.4225383 0.0000010 0.9308845 2.7559120 0.0000010 2.2089621 2.7453513 2.7871870 2.6356540 2.7223809 2.4725709 0.0000010 3.6242160 2.3168736 0.0000010 3.4970200 2.6841753 2.3331355 2.4238974 2.4730940 2.8727671 2.8626345 2.2977216 2.3261017 0.0000010 2.0632579 0.0000010 2.9922983 0.0000010 0.0000010 1.4063538 0.0000010 0.0000010 0.0000010 0.0000010 0.0000010 3.5000287 2.7753172 2.8984182 0.0000010 3.3327881 0.0000010 3.1940050 2.9549739 9.0000000 2.5372998 2.5372998 0.0000010 2.5742561 2.7009522 2.4976707 2.4807138 2.5956359 2.9049527 3.9244998 0.0000010 0.0000010 5.2887888 0.0000010 0.0000010 3.6584138 3.7327405 3.2649166 1.9580708 3.2662094 3.3066077 4.0348513 3.3593815 2.4754885 0.0000010 3.2823564 1.2216806 3.7446998 8.5261640 1.9687219 2.6978727 5.2827054 3.2289107 9.0000000 0.0000010 0.0000010 0.0000010 0.0000010 0.0000010 0.0000010 0.0000010 4.3912860 4.3912860 0.0000010 0.0000010 5.1137336 4.2112041 4.2112041 5.9741450 4.7901806 4.7901806 4.7901806 4.8056385 4.0043664 3.2691763 4.0467494 9.0000000 0.0000010 0.0000010 8.9999985 3.6832225 0.0000010 0.0000010 0.0000010 0.0000010 0.0000010 0.0000010 0.0000010 0.0000010 0.0000010 0.0000010 0.0000010 5.4983627 0.0000010 3.8856574 3.6609529 7.0815412 5.3481675 5.6477057 4.7834611 5.2694145 3.4621559 3.8061649 3.8061649 4.1147121 2.6611389 0.0000010 6.9576959 2.8504270 1.8999398 0.0000010 2.9316691 0.0000010 0.0000010 0.0000010 3.1530759 0.0000010 0.0000010 0.0000010 1.2110283 1.0987026 
Xesp_024483-T1                                                   0.3069632 0.0000000 0.0584012 0.2096438 0.2674793 0.0000010 0.4300898 0.0537505 0.0000010 2.5072083 1.4325382 1.4325899 1.4054919 1.4215241 1.5233950 1.1068134 1.3223770 1.3942247 0.0000010 1.7581022 1.6116119 1.5219915 1.4099476 1.6594432 1.6193870 1.9001584 1.5118371 1.5536595 0.0000010 2.4126762 0.0000010 2.0725564 3.2892632 0.0000010 1.3750168 0.0000010 0.0000010 0.0000010 0.0000010 3.4623876 1.8592518 1.8442358 1.9334235 0.0000010 1.7882987 3.2246959 1.9318376 1.8050155 4.1078813 1.7189315 1.7189315 1.4274718 1.7550271 1.7964867 1.6980079 1.6880839 1.4025096 2.9462685 2.2203267 1.0544025 0.0000010 1.3662095 0.0000010 1.0438376 2.1440809 2.2704169 2.4387636 1.5726290 2.1962327 2.3802830 2.0291993 2.0690009 1.4825434 3.0086986 2.2306122 1.6068373 2.9138746 5.1142217 1.6783432 2.0944596 3.3961755 2.9201813 9.0000000 7.0582843 7.0582843 7.0582843 7.0582843 7.0582843 7.0582843 9.0000000 3.1752113 3.1752113 9.0000000 0.0000010 3.1974071 2.9971179 2.9507792 6.6838492 3.1838836 3.1933129 4.0790369 3.7601972 2.9402701 2.9440979 3.1013728 2.2042466 0.0000010 1.6920480 8.9999990 3.1480827 0.0000010 0.0000010 0.0000010 0.0000010 2.0005114 2.0005114 0.0000010 0.0000010 5.0722167 0.0000010 0.7275997 3.6068646 2.0493299 3.1362868 3.4422345 3.1075793 3.9076041 3.9970075 3.2391804 1.3573825 2.3360374 3.0245815 2.9923821 3.1075804 3.7152717 0.0000010 4.4546873 2.2172000 2.1888665 0.0000010 1.7954174 0.0000010 0.0000010 0.0000010 2.2959982 2.0532671 2.9098642 1.2425025 1.0780511 2.3787068 
Xesp_024498-T1                                                   0.2622544 0.0584012 0.0000000 0.0854608 0.1089755 0.0000010 0.4336483 2.7559120 0.0000010 2.4553542 1.4558445 1.4437625 1.4132751 1.4365707 1.5417178 0.0000010 1.4017970 1.3608364 0.0000010 1.9573780 1.7114264 1.5922354 1.4365267 1.6676099 1.6495761 1.8566159 1.4408838 1.4976348 0.0000010 1.8021711 0.0000010 2.1653454 3.2892632 0.0000010 1.6334036 0.0000010 0.0000010 0.0000010 0.0000010 4.0196337 2.0919612 1.9612379 2.0104626 0.0000010 1.9704180 3.2417658 1.9704136 1.7799583 4.2457925 1.7111660 1.7111660 0.0000010 1.7421485 1.7374856 1.6181284 1.6140102 1.4606044 2.5546688 3.4327312 3.6228800 0.0000010 1.4601437 0.0000010 0.0000010 2.3745002 2.4900377 2.2955508 1.5230810 2.2122242 2.3068443 2.0200626 2.0789018 1.5055304 3.0086986 2.2383680 1.2216806 2.6553519 5.0584658 1.6521905 1.8663969 2.3219115 2.3390949 9.0000000 0.0000010 0.0000010 0.0000010 0.0000010 0.0000010 0.0000010 0.0000010 3.4960976 3.4960976 0.0000010 0.0000010 3.4992420 3.3625852 3.3625852 5.7491874 3.9055493 3.9217392 3.9055493 3.8076037 3.1540990 3.0592727 3.1289943 9.0000000 0.0000010 0.0000010 8.9999984 3.4903678 0.0000010 0.0000010 0.0000010 0.0000010 0.0000010 0.0000010 0.0000010 0.0000010 0.0000010 0.0000010 0.0000010 4.7679006 0.0000010 3.0479506 3.3070316 3.0806624 3.7724595 3.8502306 3.3174717 1.6986469 2.3094047 3.0223075 3.0010878 3.1465083 3.7769093 0.0000010 5.0615315 2.0085941 2.7074914 0.0000010 1.8647903 0.0000010 0.0000010 0.0000010 2.2133090 0.0000010 0.0000010 1.0697744 1.2110283 1.3967574 
Xesp_024496-T1                                                   0.1766453 0.2096438 0.0854608 0.0000000 0.0829860 0.0000010 0.6997939 2.7559120 0.0000010 2.0288534 1.9783251 2.0201876 1.9339642 1.9850931 1.7718078 0.0000010 3.8517607 1.7557286 0.0000010 2.5400588 1.9729495 1.7004557 1.8556866 2.0600399 2.0102579 1.8437855 1.7169110 1.8646565 0.0000010 1.8021711 0.0000010 2.3791085 0.0000010 0.0000010 1.6643690 0.0000010 0.0000010 0.0000010 0.0000010 3.5449786 2.7484005 2.2801127 2.3675624 0.0000010 2.3866150 0.0000010 2.1102031 2.0975667 9.0000000 1.9092902 1.9092902 0.0000010 1.9481302 1.9921024 1.8632309 1.8530385 2.0357413 2.5962332 3.4496936 0.0000010 0.0000010 1.9394832 0.0000010 0.0000010 2.7062049 2.7477468 2.5285694 1.9655454 2.5632775 2.5965415 2.8951969 2.7155020 2.1265364 3.0086986 2.4632772 1.2216806 3.5401861 8.3275918 1.9306218 2.1213470 2.3153796 2.4438220 9.0000000 0.0000010 0.0000010 0.0000010 0.0000010 0.0000010 0.0000010 0.0000010 3.5667329 3.5667329 0.0000010 0.0000010 3.8299380 3.6045225 3.6045225 8.9999985 4.2863787 4.2863787 4.2863787 4.3525359 3.4689083 3.0102361 3.5523621 9.0000000 0.0000010 0.0000010 8.8670927 3.6671037 0.0000010 0.0000010 0.0000010 0.0000010 0.0000010 0.0000010 0.0000010 0.0000010 0.0000010 0.0000010 0.0000010 4.4726805 0.0000010 3.2365829 3.1717496 3.7959393 4.4829691 4.5288921 3.6407467 2.0693251 2.6166533 3.2720383 3.2720383 3.6391100 0.0000010 0.0000010 6.4375079 2.0056917 2.2198562 0.0000010 2.5246119 0.0000010 0.0000010 0.0000010 2.2777801 0.0000010 0.0000010 0.0000010 1.2110283 1.0987026 
Xesp_024487-T1                                                   0.4225383 0.2674793 0.1089755 0.0829860 0.0000000 0.0000010 0.7413590 2.7559120 0.0000010 1.7697531 1.8529966 1.8889007 1.8578363 1.7749624 1.6663922 0.0000010 2.3302622 1.7415849 0.0000010 2.3619368 1.6618080 1.2875025 1.7694672 1.8594816 1.2976914 1.4301017 1.4466427 1.7085323 0.0000010 1.7414823 0.0000010 2.3717871 0.0000010 0.0000010 1.7571888 0.0000010 0.0000010 0.0000010 0.0000010 3.5449786 2.3756478 2.0857890 2.1444831 0.0000010 2.0622712 0.0000010 1.7890099 1.6727934 2.8622720 1.8457435 1.8457435 0.0000010 1.9246136 1.9394133 1.8996454 1.8996454 1.8711773 2.4141971 3.0475434 0.0000010 0.0000010 1.6031396 0.0000010 0.0000010 2.2998331 2.8907899 2.4825283 1.9655454 2.4661692 2.2938721 2.4376963 2.4104461 2.0167021 3.0086986 2.1772660 0.0000010 3.5401861 8.0087530 1.9611552 2.0739125 2.3364416 2.9386051 9.0000000 0.0000010 0.0000010 0.0000010 0.0000010 0.0000010 0.0000010 0.0000010 3.0018164 3.0018164 0.0000010 0.0000010 3.2821156 3.6386978 3.6386978 6.7838397 3.2685804 3.2685804 3.2685804 3.3045432 2.6854944 2.5898133 2.9033081 9.0000000 0.0000010 0.0000010 7.1178856 2.7129872 0.0000010 0.0000010 0.0000010 0.0000010 0.0000010 0.0000010 0.0000010 0.0000010 0.0000010 0.0000010 0.0000010 4.5525193 0.0000010 2.9821326 2.9821326 0.0000010 4.0063282 4.0063282 3.0987928 2.4221733 2.4337924 2.9315801 2.9315801 0.0000010 0.0000010 0.0000010 5.3414150 2.1132591 2.7767769 0.0000010 2.0336492 0.0000010 0.0000010 0.0000010 1.9451913 0.0000010 0.0000010 0.0000010 1.5236397 1.0987026 
Dgig_XM_028563351.1                                              0.0000010 0.0000010 0.0000010 0.0000010 0.0000010 0.0000000 0.0358865 0.3446101 0.3006157 0.7174033 0.7104094 0.7494116 0.7435461 0.7565951 0.7491758 1.0224380 0.7861493 1.1828255 8.9999989 1.2657002 1.2687238 1.2687238 1.2440338 1.3619555 1.2988312 1.4105435 1.2569468 1.2815238 1.1063848 1.6753292 0.0000010 1.2528419 1.2118670 2.2104753 2.0773529 1.2172715 1.0691829 1.5961837 1.0901592 1.2900414 0.8214306 0.9412769 0.0000010 0.8579713 0.9029384 0.8474464 0.8358169 1.3169646 1.8420305 1.2483731 1.2413152 1.2456799 1.2472051 1.2556091 1.2210483 1.2570375 0.7505548 2.5090600 1.1765349 9.0000000 1.2467470 1.2162992 1.0090707 0.8485287 1.3335726 0.0000010 0.0000010 1.7925440 1.0488461 0.0000010 1.4197106 1.3265933 1.2094005 2.7441047 0.0000010 0.0000010 0.0000010 0.0000010 0.0000010 0.0000010 0.0000010 0.0000010 3.1518758 8.9999989 8.9999989 1.4635034 1.4635034 1.6084398 1.6084398 1.2122332 1.6084398 1.6084398 1.4635034 1.7915940 0.0000010 5.5521461 5.5521461 1.2311248 1.6691486 1.6477382 6.6972701 0.0000010 2.8595883 0.0000010 0.0000010 0.0000010 4.4336079 1.4306655 0.0000010 1.5842922 1.7880021 1.5091559 1.8953383 1.7912513 1.6625034 1.6625034 1.4841028 1.7529266 1.8056804 2.2969210 0.0000010 3.7780150 0.0000010 0.0000010 0.0000010 0.0000010 0.3887839 0.0000010 0.0000010 1.3533369 0.0000010 0.0000010 1.8481375 1.8481375 1.8481375 1.2697214 2.6057209 1.0325039 0.0000010 1.3992592 8.9999985 1.5383700 2.1538414 2.0414300 1.9372657 4.9961980 3.4382924 3.9223517 0.5744434 2.4394125 
Dgig_XM_028549048.1                                              0.9308845 0.4300898 0.4336483 0.6997939 0.7413590 0.0358865 0.0000000 0.2827516 0.1801519 0.6882476 0.8301991 0.8674025 0.8651040 0.8725533 0.8650543 0.8071853 0.9521266 1.1709277 0.6483281 1.2824170 1.2435744 1.2260984 1.1531938 1.2618558 1.2476352 1.4897629 1.2680428 1.2230870 0.9684064 1.4863924 0.7604185 1.2702287 1.0630264 2.2334374 0.9836764 1.0222587 0.9017340 1.4193116 0.7555903 1.0989176 1.1742142 1.2068248 1.9398080 0.7827970 1.1709598 0.8709621 1.1090237 1.3552137 2.6454867 1.2269610 1.2383316 1.1423864 1.2493068 1.2617820 1.2388254 1.2538503 0.9319671 2.3803273 1.1661443 1.4883307 1.0992843 1.0617784 0.9345874 1.0683957 1.4689790 1.7389074 2.1867275 1.7583534 1.5385048 2.4462225 1.3891248 1.3853443 1.2147100 1.4501467 1.7164699 1.2087054 3.1123587 4.5506030 1.6387273 1.9279822 2.5350574 2.7860931 1.8046275 2.2986970 2.2564704 1.9884512 2.0086377 1.7248451 1.7318527 1.5556532 2.0986507 2.1031363 1.8870276 1.7262991 2.7922542 2.4974244 2.4399710 1.5012453 2.1596690 2.1536516 5.1945661 3.8457309 2.7418333 3.3486544 3.3963615 1.8003252 1.6848402 1.6989657 4.4528737 1.7401437 1.8081527 1.3666995 1.6199522 1.7519158 1.7041295 1.6983785 1.4599008 1.6875100 2.6613309 2.2393587 2.3148949 3.4165749 1.8490004 3.4542441 3.5221275 3.4117674 3.5979127 4.0025681 3.2947604 1.8277586 2.1364256 3.0351884 2.8077478 2.6216865 2.9697926 1.2226260 3.2181143 1.9310639 2.0496948 1.3125496 2.9249032 1.5265986 1.7481714 1.8753733 2.1335226 2.6291458 2.8340544 3.2286375 2.0700451 2.5802360 
Xesp_024500-T1                                                   2.7559120 0.0537505 2.7559120 2.7559120 2.7559120 0.3446101 0.2827516 0.0000000 1.3330553 0.7823221 0.7516585 0.8299120 0.8125567 0.8501618 0.8416859 1.0752134 0.8317188 1.1612369 9.0000000 1.2229074 1.2120984 1.2120984 1.1829631 1.2763660 1.3088811 1.5977455 1.3814472 1.2781375 1.0274921 2.2493772 0.0000010 1.1039662 1.2943198 2.2767121 1.6645494 1.2549467 1.2389210 1.3098982 1.0610974 1.4143857 1.1697067 1.1565615 1.3087454 1.2979216 1.1525064 0.9592868 1.1120210 1.3316521 2.7890782 1.2020776 1.2294001 1.2116377 1.2093835 1.2663448 1.2504101 1.2837294 0.9007500 2.6166336 1.1177571 1.3535560 1.7338056 1.0596172 0.9805246 1.0893018 1.2181973 1.1615480 3.0772956 2.0241069 1.2039632 1.4926075 1.3249433 1.3353076 1.2086168 1.2634859 1.3771846 1.2339026 4.9066214 3.8208265 0.0000010 1.2239730 1.4644165 5.2548405 1.4373276 2.4512179 2.4062799 2.1562155 2.1777772 1.8411145 1.8491279 1.6309003 1.8317464 1.8376893 2.0659919 1.9334203 2.0282563 1.6825479 1.5779114 1.1704516 1.7807321 1.7847321 6.6032766 5.5593152 2.1628832 7.6182206 7.6182206 1.6046978 1.6740500 1.6454826 2.8422336 1.6916033 1.8571701 1.0610974 1.8858570 2.0999788 1.8010286 1.7926048 1.5887308 2.3994279 2.9587280 2.2953250 2.2909321 2.7254262 1.8462016 4.5106174 9.0000000 3.6955124 1.4620427 0.0000010 0.0000010 1.8330399 1.9342578 7.6182206 1.6312990 1.4356200 1.4356200 1.3763995 3.3634914 1.0805009 1.8250481 1.3982993 3.9938549 1.5155750 1.4363796 1.5463741 3.0263989 2.4950007 2.9015440 3.1434232 2.0809007 2.7263981 
Xesp_024501-T1                                                   0.0000010 0.0000010 0.0000010 0.0000010 0.0000010 0.3006157 0.1801519 1.3330553 0.0000000 0.5721956 0.5592921 0.5578078 0.6021591 0.5511745 0.6138262 0.5909634 1.3165626 1.0472148 0.8022124 0.9347010 0.9617218 0.9617218 0.8831359 1.0522567 0.9841319 1.1399293 1.0980732 0.9536843 1.0603349 0.9860941 0.7695438 0.9549547 0.9654305 1.9568654 0.6400665 0.8874902 0.8796661 3.6827734 0.7926403 0.9641662 0.7870534 0.8594433 0.0000010 0.8105180 0.7349253 0.6191160 0.7016370 1.2264780 3.2038132 1.0170679 1.0170679 1.1681494 1.0738746 1.0359560 1.0084326 1.0084326 0.6481313 1.1545566 1.0880573 2.8212078 1.0337398 4.3239647 1.5590898 1.3984385 2.9369135 0.0000010 0.0000010 4.0242952 2.0776752 0.0000010 1.2074580 1.2074580 1.0569205 2.3878917 1.5897401 1.5897401 0.0000010 0.0000010 0.0000010 0.0000010 0.0000010 0.0000010 3.6553843 4.0868780 4.0868780 4.0868780 4.0868780 2.2797668 2.2797668 0.0000010 2.2797668 2.2797668 0.0000010 2.1025602 0.0000010 0.0000010 0.0000010 0.0000010 2.3947559 2.2930275 8.0987782 0.0000010 4.8889750 0.0000010 0.0000010 9.0000000 2.8326584 3.0290723 4.5277501 2.7357018 0.0000010 1.3390253 1.7725635 2.2881261 1.6739800 1.6739800 1.5507418 2.1117286 2.4595922 7.1081627 2.6262257 3.6880108 2.9874625 0.0000010 0.0000010 0.0000010 0.3887839 0.0000010 0.0000010 0.7644864 3.7263968 0.0000010 1.0583586 1.0583586 1.0583586 1.6193598 2.2934700 1.8815628 0.0000010 1.0953821 2.9848298 0.7275997 4.1399548 3.3933892 3.5282433 1.4226600 2.6266974 4.4119038 3.3506961 1.7629871 
Gfas_gfas1.m1.1739.m1                                            2.2089621 2.5072083 2.4553542 2.0288534 1.7697531 0.7174033 0.6882476 0.7823221 0.5721956 0.0000000 0.1833608 0.1887684 0.2015193 0.2008653 0.1708924 0.2020339 0.2756065 0.9687732 0.6133728 1.0056486 1.0291803 1.0291803 1.0192830 1.0541999 1.1168182 1.3242094 1.1637203 1.0558779 0.9256333 1.3954896 0.7299715 0.9870741 0.9764244 1.7734573 0.7922229 0.9031014 0.8022910 1.2512176 0.7832476 0.9246725 0.9514556 0.9333813 3.1463982 0.7237902 0.9364196 0.7981938 0.8887893 1.1265800 1.9759097 1.0378798 1.0375446 1.0197706 1.0389692 1.0523025 0.9825750 0.9902148 0.5809740 2.6188156 1.0392989 1.5690075 1.0048497 0.9889579 0.7171466 1.0259831 1.0892844 3.0857552 2.9831080 1.2558719 1.0348852 2.0317939 1.1337770 1.1266260 1.1022739 1.4818283 1.3352467 1.1697737 4.9870303 5.1688241 3.6351207 2.5088997 9.0000000 8.4360328 1.8753608 2.1527937 2.1046794 2.0576498 2.0781144 1.6636475 1.6695872 1.7856792 1.7382966 1.7442133 2.1563184 1.4560148 5.1383402 4.5496258 4.5496258 1.4130381 1.8329149 1.8205468 6.7717847 4.5437226 2.6901222 3.0133728 3.9441285 3.8218706 2.2021681 1.7080162 2.6041911 1.7867000 1.5942572 1.2508383 1.5609115 1.5902232 1.5681832 1.5589396 1.3852320 1.6066941 2.3321089 1.8920181 2.2392778 3.5747329 1.8365348 2.4879479 3.1097557 4.4086561 0.3887839 0.0000010 3.3962123 2.0941973 3.5502390 3.5632798 2.3743036 2.1799024 1.4932973 1.3936266 3.0142526 1.9786983 3.6917669 1.0985883 3.9810265 1.4759072 1.7289568 1.8470677 2.7645260 3.6922769 3.3745937 3.7643962 2.3295831 2.7866356 
Gasp_gasp1.m3.300.m1                                             2.7453513 1.4325382 1.4558445 1.9783251 1.8529966 0.7104094 0.8301991 0.7516585 0.5592921 0.1833608 0.0000000 0.1157653 0.1175329 0.1056665 0.1705206 0.2448534 0.2869513 1.0006840 0.6413348 1.1478417 1.1278853 1.1035067 1.0191144 1.0813760 1.1245073 1.3911127 1.1941597 1.0163448 0.9108355 1.4617531 0.7068391 1.2303507 0.9687444 1.8261712 0.9253630 0.9089688 0.8091324 1.2783032 0.8011290 0.9500703 1.1168996 1.0727526 1.7160451 0.7616808 1.0508972 0.8453413 1.0229329 1.2167569 2.1282120 1.1165201 1.1268196 1.0590533 1.1395808 1.1447784 1.0830644 1.0895334 0.5518428 1.6264545 1.0842523 1.3466987 1.0749973 0.9604604 0.7032200 0.9329503 1.3328734 1.6838611 1.9804002 1.3780253 1.4812242 2.1889776 1.2362560 1.2566155 1.0729472 1.4504844 1.6245525 1.1019236 2.1011749 4.0989324 2.0191317 2.1172571 2.1265244 2.9352238 1.8563635 1.9314576 1.9314576 1.9669620 1.9669620 1.6544355 1.6544355 1.7550071 2.0223117 2.0223117 2.2003840 1.5405101 2.6609124 2.3833678 2.3301238 1.4923133 2.0645778 2.0646298 5.1914778 3.5678585 2.3144312 3.1894276 3.1599055 1.6406261 2.0776056 1.6236887 4.7206816 1.7401795 1.5946741 1.2814864 1.5524929 1.6364602 1.5491771 1.5491771 1.3946254 1.7766575 2.5032911 1.8534816 1.5809213 3.2562443 1.5276510 3.0242803 3.6108570 2.8657820 3.2514842 3.6429952 3.0241512 1.9475448 1.8858330 2.9803914 2.7002312 2.3415447 2.6622423 1.4690610 2.9803136 1.8593885 2.1075845 1.1086644 3.2777876 1.4866982 1.7082128 1.8621932 1.9362910 2.6265683 3.1265053 3.1609416 2.0637601 2.6298945 
Spis_XP_022781710_1                                              2.7871870 1.4325899 1.4437625 2.0201876 1.8889007 0.7494116 0.8674025 0.8299120 0.5578078 0.1887684 0.1157653 0.0000000 0.0408915 0.1331045 0.1845523 0.2918603 0.2807819 1.0097574 0.6067797 1.1515087 1.1278260 1.1059328 1.0404664 1.1114345 1.1565453 1.3928907 1.1862223 1.0541419 0.9187667 1.4733171 0.6569129 1.2184916 0.9841402 1.7616894 0.9328227 0.9211687 0.8394987 1.2606829 0.8302542 0.9749387 1.1295719 1.0856807 1.6644866 0.7375957 1.0717185 0.7971053 1.0314007 1.2127197 2.1256620 1.0988708 1.1069053 1.0875181 1.1367426 1.1391089 1.0995685 1.1111982 0.5715414 1.5451983 1.1355016 1.4875656 1.2381675 0.9655926 0.7100707 0.9577833 1.3265330 1.6664565 1.9598177 1.3043862 1.4769863 2.1014849 1.2613435 1.2824442 1.0696381 1.4530115 1.6006682 1.1669749 2.3805671 4.2846493 1.8921863 2.0264704 2.1087369 2.8901927 1.7826558 2.1245141 2.0913058 2.0191499 2.0361618 1.6616054 1.6671730 1.7121221 1.9942305 1.9977914 2.1069244 1.4881240 2.6763873 2.3363412 2.2763929 1.4191283 2.0704818 2.0665503 5.1818513 3.5642046 2.3427524 3.1401384 3.1160481 1.5970118 2.2510647 1.6828249 4.3781508 1.8321155 1.5990896 1.2328008 1.5272398 1.5986738 1.5359650 1.5293844 1.3382591 1.6024818 2.5241777 1.9428180 2.0890842 3.3003404 1.6106729 3.0181680 3.6751946 2.7968035 3.2557227 3.6430595 2.9910728 1.9318887 1.8869314 2.8921076 2.6496809 2.2797150 2.6090225 1.3459286 3.0134106 1.8028320 2.1546789 1.1310017 3.1962705 1.4775127 1.7190835 1.8500526 1.9265584 2.6596856 3.1021211 3.0469403 2.0360088 2.5712183 
Pocdam_XM_027192007.1                                            2.6356540 1.4054919 1.4132751 1.9339642 1.8578363 0.7435461 0.8651040 0.8125567 0.6021591 0.2015193 0.1175329 0.0408915 0.0000000 0.1316919 0.1820585 0.2890535 0.2802984 1.0105236 0.6358130 1.1561293 1.1333616 1.1103164 1.0459279 1.1050657 1.1610035 1.4122260 1.1879326 1.0530286 0.9541492 1.4893918 0.6600067 1.2247963 0.9928863 1.7058729 0.9477914 0.9385465 0.8532487 1.2734632 0.8427037 0.9896769 1.1323991 1.0883869 1.6816687 0.7380640 1.0723015 0.8050869 1.0295668 1.2166751 2.1569513 1.1108710 1.1189743 1.0905107 1.1454283 1.1465741 1.0940614 1.1071544 0.5816466 1.5141475 1.1398117 1.5247436 1.2475676 0.9899954 0.7295558 0.9651834 1.3341493 1.6795292 1.9652563 1.2973276 1.4626193 2.0928896 1.2525756 1.2670974 1.0657915 1.4090982 1.5779100 1.1771292 2.3845786 4.2295977 1.8875584 2.0238759 2.1170656 2.8633756 1.7502545 2.1137373 2.0802127 2.0164111 2.0335279 1.6577658 1.6633349 1.7050101 2.0022643 2.0058361 2.1001086 1.4970295 2.6847299 2.3174944 2.2521022 1.3441023 2.0781710 2.0731505 5.1568984 3.4922245 2.3553681 3.1454338 3.1309835 1.5969536 2.2298986 1.7071390 4.3757258 1.8181869 1.6090725 1.2345472 1.5548059 1.6082243 1.5710846 1.5644555 1.3649446 1.6886048 2.5380345 1.8185478 2.1674156 3.2928543 1.5877193 2.9809971 3.5633435 2.8161096 3.2133209 3.5843040 2.9800525 1.9522263 1.8831463 2.8575814 2.6265267 2.2829967 2.6137675 1.4096505 2.9608299 1.7414778 2.1200972 1.1532333 3.1975492 1.4540776 1.7007784 1.8398646 1.9211588 2.6596856 3.1147128 3.1771249 2.0955200 2.6538238 
Fspp_ffun1.m4.13170.m1                                           2.7223809 1.4215241 1.4365707 1.9850931 1.7749624 0.7565951 0.8725533 0.8501618 0.5511745 0.2008653 0.1056665 0.1331045 0.1316919 0.0000000 0.1896790 0.2978492 0.2954551 0.9934676 0.6436064 1.1269730 1.0994824 1.0787116 1.0354322 1.0901322 1.1237395 1.4166647 1.1768442 1.0454511 0.9525902 1.4741124 0.6528435 1.2349893 0.9859981 1.9830416 0.8852273 0.9298128 0.8238743 1.3285927 0.7225538 0.9489930 1.1404041 1.0796233 1.6846416 0.7604302 1.0427364 0.8393630 1.0359613 1.2167944 2.1709887 1.1112636 1.1218840 1.0853717 1.1425606 1.1517705 1.0965854 1.1016082 0.5757648 1.5878422 1.1233082 1.4482940 1.0535506 0.9908648 0.6867462 0.9591401 1.3482177 1.6278129 1.9675248 1.4068666 1.4907988 2.1609827 1.2627263 1.2775934 1.0761638 1.5845767 1.6601270 1.1990146 2.0039092 4.0790841 1.9758542 2.0481846 2.1060102 2.9110839 1.8536405 2.2942817 2.2525679 2.0326585 2.0544778 1.6177785 1.6237347 1.6317941 1.9867203 1.9904385 2.0334216 1.4648314 2.6614255 2.3492107 2.2930689 1.4159427 2.0642272 2.0562338 5.2603494 3.5137644 2.3135856 3.0296029 3.1404602 1.6214356 1.9807908 1.6736558 4.6251367 1.7262748 1.6087129 1.2481972 1.5486121 1.5707438 1.5375494 1.5275700 1.3721599 1.5404064 2.4598383 1.8665746 2.0575110 3.2605830 1.6499599 2.9539889 3.4588698 2.8587194 3.2473575 3.5211506 2.9378913 1.9038088 1.8905609 2.9347378 2.6488198 2.1323677 2.4461904 1.3799390 2.9557074 1.8066641 2.2486859 1.1116453 3.2020765 1.5171711 1.7742028 1.9011764 1.8403295 2.5859361 3.0964785 3.0699453 1.8331282 2.5774117 
Amil_Amillepora13276-RA                                          2.4725709 1.5233950 1.5417178 1.7718078 1.6663922 0.7491758 0.8650543 0.8416859 0.6138262 0.1708924 0.1705206 0.1845523 0.1820585 0.1896790 0.0000000 0.0611154 0.1082076 1.0107155 0.6051555 1.1507419 1.1142521 1.0893843 1.0541210 1.1090812 1.1669076 1.4043100 1.1972294 1.0411337 0.8985414 1.4502787 0.7510183 1.1966164 0.9415734 1.7309697 0.9348319 0.9427056 0.8335593 1.2915614 0.7288212 0.9053463 1.1065908 1.0891120 1.6855283 0.7863138 1.0480678 0.8164926 1.0286631 1.2011778 2.1857545 1.0888042 1.1007128 1.0656423 1.1223466 1.1291825 1.1142977 1.0935270 0.5970142 1.2723705 1.1135525 1.4074631 1.1714508 1.0030846 0.7092486 1.0133789 1.2898879 1.7115702 2.0727240 1.4860436 1.4865402 2.2242287 1.2614412 1.2690802 1.0671670 1.5278370 1.7199403 1.2936417 2.5411167 4.6520778 2.0353447 2.2790994 2.3726836 3.1373748 1.7454175 2.3677217 2.3280722 2.1811457 2.2010199 1.7145031 1.7209007 1.7598730 2.0125414 2.0167296 2.2569893 1.4877689 2.6845409 2.3864128 2.3640171 1.3306287 1.9964717 1.9998645 5.2706575 3.5780184 2.3243918 3.1512793 3.2163270 1.5872437 2.0877715 1.7079881 4.0403743 1.6929660 1.5321856 1.2539623 1.5413681 1.5380547 1.5451923 1.5352036 1.3012072 1.5910199 2.5356285 1.7752180 1.9614461 3.1842264 1.6081059 3.0683576 3.6033183 2.7168288 3.4467746 3.8331770 3.2865548 1.8757916 1.9944538 3.1531825 2.8017730 2.4112500 2.7150298 1.2448500 3.0950414 1.9706521 2.0132251 1.0779676 3.2286074 1.5926799 1.6400856 1.6814048 2.0424714 3.0086158 3.1719476 3.1105954 2.1229330 2.5766705 
Adig_XM_015893937.1                                              0.0000010 1.1068134 0.0000010 0.0000010 0.0000010 1.0224380 0.8071853 1.0752134 0.5909634 0.2020339 0.2448534 0.2918603 0.2890535 0.2978492 0.0611154 0.0000000 0.2343214 1.0846225 0.6051555 1.1141613 1.1323025 1.1323025 1.0634925 1.1043333 1.2544104 1.3837814 1.2784577 1.1481800 1.1507155 1.4502232 0.7779907 1.0372382 1.1056382 1.3710558 0.6413202 1.0566502 0.8343466 2.9816231 0.7666984 1.0483130 1.1083333 1.0786212 0.0000010 0.7863138 1.0731702 1.0711187 1.0156763 1.2360706 1.8955084 1.0812186 1.0930578 1.1506965 1.1108881 1.1265732 1.0948826 1.0883247 0.6401740 1.3471886 1.2464560 1.7334696 1.1892708 1.3858428 0.7515599 1.0772193 1.2442310 2.1953553 0.0000010 1.4904428 1.0429901 0.0000010 1.2300228 1.2760769 1.1545813 1.4285217 1.5107239 1.5107239 4.2285766 3.5783392 0.0000010 1.9429451 0.0000010 9.0000000 1.7312647 2.4106948 2.3609102 2.1284672 2.1489596 1.8603094 1.8694190 2.1022787 1.8693755 1.8783524 2.1611064 1.4796402 2.4266216 2.0708140 2.0708140 1.2442965 1.9405745 1.9426175 7.1895118 0.0000010 2.7527149 0.0000010 0.0000010 2.5208219 2.1036047 2.0532353 2.4249727 2.0414471 1.9073911 1.3449313 1.6517380 1.6572540 1.7293164 1.7160099 1.3964326 2.0726779 2.8125570 1.8707527 2.2255615 3.8029990 1.8011464 2.0372950 6.9558747 3.6730573 0.3887839 0.0000010 0.0000010 1.7129060 3.7263968 0.0000010 1.6989847 1.6989847 1.6989847 1.2944992 3.1417825 1.3865573 0.0000010 1.5000211 4.3417893 2.9833071 2.4401520 2.5793061 3.0940166 3.7909723 3.4721255 4.9544439 2.2385434 3.1390482 
Adig_XM_015914488.1                                              3.6242160 1.3223770 1.4017970 3.8517607 2.3302622 0.7861493 0.9521266 0.8317188 1.3165626 0.2756065 0.2869513 0.2807819 0.2802984 0.2954551 0.1082076 0.2343214 0.0000000 1.1608339 7.0089642 1.2726153 1.2677218 1.2677218 1.2271118 1.2675083 1.2841965 1.6028300 1.3624645 1.1585691 1.2441854 2.0341808 1.9752468 1.3332045 1.2395799 1.6407687 1.7329368 1.2486829 1.3202996 1.3052055 1.6512983 1.2174644 1.1975811 1.1837366 1.6384879 1.2516354 1.1306942 0.8374074 1.1155740 1.3518651 2.3822407 1.2600200 1.2593600 1.2348228 1.3088644 1.2573155 1.2526652 1.2534536 0.6913993 1.4556231 1.0625703 1.1432589 1.2082143 0.9232126 0.7645460 1.0533271 1.2523679 1.7595313 2.3642013 1.5620102 1.3732100 2.1249230 1.3944081 1.3365478 1.0898974 1.3699279 1.4363740 1.2144871 2.0944454 2.8725088 1.9736475 1.9989110 0.0000010 9.0000000 1.7863221 2.0817018 2.0817018 1.9789298 1.9789298 1.6368932 1.6368932 1.8192703 1.8835947 1.8835947 2.1640853 1.4670466 2.8136869 2.4747041 2.4747041 1.2040489 1.8755758 1.8831735 5.8959236 3.4515264 2.3349110 6.4657022 3.6642451 1.9088674 1.9482486 1.7264129 3.6798093 1.7602701 1.5901212 2.4541417 2.1654044 1.5560171 1.8789982 1.8789982 1.5650138 1.5560854 2.7677486 1.6732485 1.7566658 3.1970961 1.4101533 2.8114462 3.9004856 2.9393287 2.0170850 9.0000000 2.8120874 1.7566781 1.5613291 2.6152861 2.3739246 2.4628232 2.7641907 1.2875678 2.9129748 1.5874593 1.4712969 1.0978415 4.2255449 1.6236730 1.9410075 2.1325460 2.3447904 5.0032315 4.1733784 3.9725983 2.2168971 2.7481758 
Bralan_BLAG03000634_2                                            2.3168736 1.3942247 1.3608364 1.7557286 1.7415849 1.1828255 1.1709277 1.1612369 1.0472148 0.9687732 1.0006840 1.0097574 1.0105236 0.9934676 1.0107155 1.0846225 1.1608339 0.0000000 0.5096513 0.9891518 0.9469383 0.9403640 0.8647516 0.9445600 1.1023910 1.2964340 1.0086776 0.9229880 1.1220398 1.5928561 0.6633233 1.3965556 1.1865137 2.1662490 1.0021698 1.2046206 1.0469803 1.7433045 0.9223752 1.2119479 1.3231713 1.3055760 1.6885474 1.3368696 1.3137541 1.1898568 1.2498853 1.0952547 2.3334236 1.2703914 1.2815438 1.3241052 1.2650416 1.3111059 1.2773260 1.2717826 1.0229902 2.0353996 1.2670632 1.5300002 1.4419069 1.2124610 1.2158310 1.2285911 1.5241948 1.7050085 2.0423623 2.0236458 1.6273937 2.2034489 1.4112954 1.4314592 0.8914744 1.9807408 1.6709763 1.3572913 2.4549142 4.1921111 1.8409088 1.8384917 1.8459870 2.4521167 2.1274917 2.0381732 1.9974461 2.0850427 2.1068357 1.7971255 1.8044765 1.9834043 2.0856883 2.0902066 2.3913760 1.7080639 2.7039673 2.4114169 2.3762994 1.4826419 2.1431409 2.1391535 4.9533215 3.2490111 2.4280638 2.6922741 3.1072497 1.5418789 2.3214207 1.9826105 4.2979731 2.0274844 1.9978018 1.1862719 1.4973500 1.7827084 1.6073128 1.5965801 1.4708107 1.6915328 2.7253346 2.0108638 2.0951021 3.3195249 1.7269012 3.1470926 3.3739513 3.1873214 3.0704382 3.2878991 3.0529902 1.9237802 1.9454582 2.8411850 2.7715307 2.6653107 2.9061580 1.5201370 3.2934932 1.7556132 1.7602643 1.4360159 2.7937613 1.7283177 1.8768139 2.0191853 1.8553177 2.4779669 2.8551490 3.3001316 2.4828276 2.7891796 
Skow_XM_006816618.1                                              0.0000010 0.0000010 0.0000010 0.0000010 0.0000010 8.9999989 0.6483281 9.0000000 0.8022124 0.6133728 0.6413348 0.6067797 0.6358130 0.6436064 0.6051555 0.6051555 7.0089642 0.5096513 0.0000000 0.4773882 0.4572548 0.4572548 0.4390662 0.4987630 0.5472991 0.7087020 0.6256409 0.6203463 0.7382669 1.1426607 0.6732858 1.0910359 0.9899148 0.0000010 0.7234606 0.7666514 0.7666514 0.0000010 0.3639936 0.9354632 0.8309470 0.8438775 0.0000010 0.8081588 0.8873935 0.0000010 0.8010876 0.6158357 4.3065890 1.0481784 1.0481784 1.0576261 1.0389419 1.0424085 1.0254545 1.0254545 0.7855538 1.8254852 0.0000010 0.0000010 0.0000010 0.0000010 0.0000010 0.0000010 9.0000000 0.0000010 0.0000010 0.0000010 0.0000010 0.0000010 1.0837769 1.0837769 0.0000010 0.0000010 0.0000010 0.0000010 0.0000010 0.0000010 0.0000010 0.0000010 0.0000010 0.0000010 4.2436319 0.0000010 0.0000010 0.0000010 0.0000010 0.0000010 0.0000010 0.0000010 0.0000010 0.0000010 0.0000010 0.0000010 0.0000010 0.0000010 0.0000010 0.0000010 0.0000010 0.0000010 9.0000000 0.0000010 9.0000000 0.0000010 0.0000010 0.0000010 0.0000010 0.0000010 0.0000010 0.0000010 0.0000010 0.9379824 1.3860720 4.2072013 1.1507377 1.1507377 0.0000010 0.0000010 6.1466620 0.0000010 0.0000010 4.5427241 0.0000010 0.0000010 0.0000010 0.0000010 0.0000010 0.0000010 0.0000010 0.0000010 3.7263968 0.0000010 0.0000010 0.0000010 0.0000010 0.0000010 0.0000010 0.0000010 0.0000010 1.4250962 1.6996341 1.4250962 2.6354594 2.9884543 0.0000010 0.0000010 4.8182177 8.9999985 0.0000010 0.0000010 
Acagra_model.g1731.t1                                            3.4970200 1.7581022 1.9573780 2.5400588 2.3619368 1.2657002 1.2824170 1.2229074 0.9347010 1.0056486 1.1478417 1.1515087 1.1561293 1.1269730 1.1507419 1.1141613 1.2726153 0.9891518 0.4773882 0.0000000 0.1618578 0.1516525 1.0026197 0.8378823 1.0579667 1.2906887 0.8221863 1.0439646 1.2588311 1.8987321 0.9616714 1.4710169 1.1692626 2.1094299 1.1586066 1.1483538 1.0986012 1.3954922 0.8971537 1.2187435 1.3967608 1.3650105 1.8967636 1.2924328 1.3419970 1.1850816 1.3416598 1.1091773 2.2666316 1.4420235 1.4583315 1.3628840 1.4560432 1.4909333 1.4549283 1.4500503 1.2032497 3.0121103 1.3334333 1.4656939 1.2504756 1.1923676 1.2847907 1.2761161 1.6225359 1.8506156 2.2561201 2.2097716 1.7637312 2.4562766 1.4945113 1.5289973 1.0849035 1.7264058 1.8033170 1.3329306 2.8584276 4.8217415 2.0345997 2.1885754 2.6217756 3.3416847 1.9918688 2.3167839 2.2833147 2.2120898 2.2292753 1.7964059 1.8021943 2.0501502 2.0995927 2.1032023 2.3808631 1.5035069 2.5946410 2.4101484 2.3581470 1.7858303 2.1506130 2.1513369 5.6874386 3.9214384 2.3775839 3.8360169 3.4894534 1.4660887 2.2790269 2.0260349 4.5252982 2.1073863 1.9195164 1.4627675 1.5133874 1.6920657 1.6677732 1.6618362 1.3652121 1.5070881 2.8130552 1.9465469 2.7816669 3.3795881 1.6545733 3.0439968 4.0478850 2.7634090 3.7474897 3.8396571 3.2983310 1.9726687 2.3087684 3.0719712 2.6414329 2.1711102 2.3156413 1.3387229 3.4241115 2.3920510 2.2505246 1.2331150 3.1211484 1.6133019 1.8425924 2.0525141 2.1261444 2.4043452 2.9330283 3.1949226 2.3525001 2.8093902 
Acagra_model.g1733.t1                                            2.6841753 1.6116119 1.7114264 1.9729495 1.6618080 1.2687238 1.2435744 1.2120984 0.9617218 1.0291803 1.1278853 1.1278260 1.1333616 1.0994824 1.1142521 1.1323025 1.2677218 0.9469383 0.4572548 0.1618578 0.0000000 0.0000010 0.9659263 0.8126911 1.0140158 1.2522412 0.7657115 0.9910464 1.2037887 1.8344047 0.9470644 1.4439650 1.1593320 2.1031851 1.0776239 1.1268437 1.0883058 1.3517775 0.8847387 1.1887636 1.3980483 1.3514762 1.8761858 1.2896660 1.3199578 1.1852773 1.3010926 1.0352463 2.1665646 1.3969688 1.4093633 1.3728626 1.4103192 1.4302871 1.4061120 1.4011884 1.1897918 2.5080543 1.2997073 1.4964770 1.2577474 1.1818577 1.2254310 1.2769713 1.6008451 1.8506198 2.1130330 1.8789840 1.6945375 2.4455312 1.4726692 1.5024240 1.0189377 1.7841861 1.7496109 1.3430335 2.5460443 4.2352595 2.0669334 2.0341072 1.9803019 2.6312892 1.9984045 2.3890315 2.3551063 2.1902369 2.2071784 1.7697305 1.7754393 1.9737713 2.1073729 2.1108877 2.2709841 1.4844064 2.8000339 2.4680708 2.3993989 1.9037101 2.1907780 2.1865061 5.6059263 3.8171924 2.4525426 3.7741010 3.4273434 1.4769622 2.3246684 1.9707764 4.4648517 2.0135323 1.8952320 1.4412339 1.5431726 1.5968966 1.6254814 1.6196000 1.3516644 1.6554588 2.8160751 1.9454347 2.8864799 3.3248589 1.6580862 3.2902234 4.5304056 3.0093280 3.9220581 4.1117393 3.3396155 1.9273846 2.1457026 3.0173222 2.7104855 2.3334063 2.4764765 1.4145584 3.3006731 2.0721685 2.1549076 1.1590738 3.0532291 1.6620085 1.8265070 2.0500649 1.9814036 2.4043452 2.9302888 3.1482438 2.5056920 2.7309363 
Acagra_model.g1733.t1.1.5d3b8334                                 2.3331355 1.5219915 1.5922354 1.7004557 1.2875025 1.2687238 1.2260984 1.2120984 0.9617218 1.0291803 1.1035067 1.1059328 1.1103164 1.0787116 1.0893843 1.1323025 1.2677218 0.9403640 0.4572548 0.1516525 0.0000010 0.0000000 0.9449676 0.7958748 1.0140158 1.2522412 0.7548705 0.9697039 1.2037887 1.8344047 0.9470644 1.4314274 1.1593320 2.1031851 1.0425446 1.1268437 1.0883058 1.3517775 0.8847387 1.1887636 1.3762184 1.3292133 1.7898648 1.2896660 1.3041122 1.1852773 1.2941400 1.0233738 2.1648844 1.3772516 1.3896242 1.3728626 1.3841148 1.4115552 1.3870128 1.3815459 1.1764575 2.4552495 1.2997073 1.4964770 1.2577474 1.1818577 1.2254310 1.2769713 1.5765543 1.7898296 2.0496300 1.8789840 1.6630473 2.3974458 1.4401164 1.4749237 1.0011795 1.7841861 1.7252055 1.3430335 2.5460443 4.2249764 2.0669334 2.0175598 1.9309153 2.6432357 1.9984045 2.3890315 2.3551063 2.1902369 2.2071784 1.7697305 1.7754393 1.9737713 2.0780381 2.0815465 2.2709841 1.4844064 2.8000339 2.3921603 2.3226139 1.9037101 2.1444000 2.1402170 5.4870435 3.5527670 2.3790447 3.2052253 3.1599666 1.4769622 2.3246684 1.9707764 4.3167276 2.0135323 1.8952320 1.4412339 1.5431726 1.5968966 1.6254814 1.6196000 1.3516644 1.6554588 2.8160751 1.9454347 2.8864799 3.2714522 1.6580862 3.1114533 3.9034851 3.0093280 3.4998745 3.6239552 3.1967929 1.9273846 2.1051866 2.7725570 2.5445665 2.3334063 2.4764765 1.4145584 3.3006731 2.0721685 2.1549076 1.1590738 2.9651208 1.6620085 1.8265070 2.0500649 1.9532441 2.4043452 2.9302888 3.1482438 2.5056920 2.7309363 
Spur_XM_030989304.1                                              2.4238974 1.4099476 1.4365267 1.8556866 1.7694672 1.2440338 1.1531938 1.1829631 0.8831359 1.0192830 1.0191144 1.0404664 1.0459279 1.0354322 1.0541210 1.0634925 1.2271118 0.8647516 0.4390662 1.0026197 0.9659263 0.9449676 0.0000000 0.9922823 1.0964095 1.3288090 1.0345780 0.9597551 1.0638699 1.6294166 1.0458292 1.2768090 1.1479406 1.5177708 1.0101857 1.0427510 0.9074234 1.5011149 0.7498085 1.2177850 1.3496901 1.3200364 1.7429833 1.0131150 1.2962061 1.1194107 1.2631831 1.0945659 2.3552073 1.1688878 1.1792397 1.2179183 1.1856243 1.1853603 1.1845072 1.1842343 1.0837068 2.1545366 1.2727280 1.3642976 1.1036439 1.1884945 0.9697531 1.0315317 1.5238705 1.5785380 2.0008816 2.0650850 1.4876249 1.8367354 1.3778092 1.3997033 0.7993437 1.7435220 1.5060261 1.2849889 2.2612211 3.9960144 1.5178670 1.6522948 2.0746059 2.4021163 1.9554283 2.1358636 2.1029366 1.9141089 1.9304872 1.7676804 1.7735989 1.8858133 1.9932901 1.9968746 1.9010675 1.6353569 2.5093708 2.2079688 2.1480873 1.3922540 2.0886347 2.0794042 5.3905353 3.3970835 2.2260364 3.5529113 3.1206695 1.3196704 2.2774222 1.9175269 4.3278412 1.9628996 1.9546279 1.3286761 1.6462662 1.7699681 1.6372951 1.6296132 1.5063222 1.7215130 2.8294352 1.9933028 2.2268568 3.1976473 1.4909044 3.0094105 3.3908147 2.7893143 3.2101634 3.3832055 2.9129483 1.9738686 1.8924869 2.9391362 2.7328800 2.5285671 2.7320974 1.4449709 3.0470175 2.5250397 1.7534287 1.2766091 2.6868669 1.6703259 1.8577079 1.9915831 1.7555722 2.4908875 2.8299815 2.8796349 2.2475003 2.7236309 
Ctel_gnl_WGS_AMQN_CAPTEDRAFT_mRNA154948                          2.4730940 1.6594432 1.6676099 2.0600399 1.8594816 1.3619555 1.2618558 1.2763660 1.0522567 1.0541999 1.0813760 1.1114345 1.1050657 1.0901322 1.1090812 1.1043333 1.2675083 0.9445600 0.4987630 0.8378823 0.8126911 0.7958748 0.9922823 0.0000000 1.0881825 1.2982802 0.9182612 0.9892489 1.2480285 1.8495522 1.0575599 1.4052637 1.2426986 1.8491457 1.1981508 1.2517787 1.1205494 1.7412097 0.9705366 1.2441522 1.4250661 1.3381941 1.7769630 1.2245941 1.3657701 1.3153547 1.3621350 1.0420776 1.8998684 1.3188859 1.3324237 1.3375865 1.3241133 1.3287219 1.3169793 1.3280915 1.1477276 2.0252360 1.2704213 1.5804213 1.5397043 1.0770166 1.0492698 1.1191502 1.4890904 1.6691702 1.9386182 1.9387385 1.6231609 2.3514679 1.4053525 1.4364206 1.0632438 1.6213948 1.6580808 1.2443349 2.5322267 4.5497872 1.8508321 2.1489447 2.4573807 3.1158702 2.0140506 2.2930953 2.2739140 2.2698283 2.2799618 1.9475902 1.9513742 2.1161083 2.1553980 2.1575453 2.4470343 1.7647963 2.5520578 2.2963221 2.2239384 2.0131658 2.0670862 2.0663287 5.0032116 3.3566667 2.3012614 3.2913531 3.0151583 1.4273990 2.3125729 2.0840492 4.2093348 2.1872598 2.1081142 1.3174574 1.4825843 1.7995302 1.7240203 1.7160107 1.4516085 2.0165523 2.9290158 2.7735273 2.3161730 3.2697254 1.5167203 3.1240117 3.7160901 2.5692459 3.2343793 3.4614677 3.0592441 2.0731751 2.0868434 2.9210009 2.7799546 2.3848015 2.7215839 1.5173307 3.2802839 2.1410894 2.2375537 1.3979435 2.8744694 1.8636170 1.9511833 2.1991842 1.8831504 2.5559768 3.1090346 2.8686792 2.2330907 2.9025351 
Cscu_XM_023383957.1                                              2.8727671 1.6193870 1.6495761 2.0102579 1.2976914 1.2988312 1.2476352 1.3088811 0.9841319 1.1168182 1.1245073 1.1565453 1.1610035 1.1237395 1.1669076 1.2544104 1.2841965 1.1023910 0.5472991 1.0579667 1.0140158 1.0140158 1.0964095 1.0881825 0.0000000 1.1904636 1.0601467 1.0983984 1.1677817 1.8545549 1.2132334 1.5317190 1.2890715 1.7518854 1.1416567 1.2524107 0.9678771 2.0210380 0.9072744 1.3534639 1.4834246 1.4376918 1.8384707 1.2487841 1.4656664 1.3513297 1.3803104 0.9757066 2.2646262 1.4399369 1.4564200 1.3646095 1.4511232 1.4698306 1.4081264 1.4115613 1.2375777 2.4700422 1.4122864 1.6079647 1.3227995 1.2406915 1.1947006 1.3051832 1.7157885 1.8256266 2.0716850 2.2084033 1.8019561 2.5880742 1.4891382 1.5132388 1.1220915 2.0517432 1.9614034 1.5508739 2.9118089 5.0117741 1.9234812 1.9595272 2.2218147 2.9979626 2.1305819 2.5724197 2.5372358 2.3203009 2.3379220 2.0189449 2.0251692 2.2157671 2.2548281 2.2585899 2.3680907 1.7644959 2.6339687 2.5173213 2.4407493 1.8481975 2.2929416 2.2876836 5.5583772 3.9378696 2.5813488 4.1051819 3.6666124 1.5697909 2.0493302 2.1112354 4.2670247 2.4023037 2.3025434 1.7123684 1.7871855 1.9210389 1.8515895 1.8389531 1.6131552 1.8823575 3.1622185 2.4149117 2.4196542 3.4827673 1.8823427 3.2612448 4.2644820 2.6732623 3.6010380 3.9141146 3.0144519 2.2353492 2.3063766 3.1190622 2.8910362 2.4696454 2.7665207 1.4583662 3.3172643 2.1769311 2.1460167 1.5723667 3.3583478 2.3179401 2.3773632 2.5108677 2.0869996 2.4063543 2.9057826 3.2266694 2.3448227 2.8033949 
