76
Sanmal_Sma_024541-T1                                         0.0000000 0.0456170 0.3760990 1.0156678 1.4268160 1.4499683 1.8873949 1.8037449 1.6508262 1.6520768 2.1191361 2.0462190 1.8246137 1.9522619 1.9721357 1.9233041 1.6525419 1.6517353 2.7002166 1.6615930 1.9845463 1.2621427 1.4629617 1.9503752 1.8831225 1.5825847 1.9341736 3.1916435 9.0000000 2.7487374 2.5134698 3.1560758 2.3313772 3.2638524 2.6392277 1.9676018 4.4502862 2.4965123 2.4965123 3.7121810 0.0000010 0.0000010 4.1137402 2.3290563 1.4801603 1.6242133 2.4439740 0.0000010 2.9933762 3.0678778 2.9933762 3.0678778 6.6462205 2.5382339 2.5382339 0.9278097 0.0000010 0.9278097 2.5887866 0.0000010 3.4378817 3.1737594 3.2043399 1.3886696 3.3505327 3.3410148 0.9278097 2.7733339 4.3891781 8.4480012 2.9521310 0.0000010 5.9851327 0.0000010 1.9267523 0.0000010 
Sanmal_Sma_012247-T1                                         0.0456170 0.0000000 0.0401431 0.6043745 0.7192999 0.6605781 1.2903068 1.3287192 1.2871630 1.2048951 1.3182268 1.4062561 1.0553994 1.0233537 1.0310720 1.1290807 1.0364197 0.9752994 0.8640263 1.0079701 1.0834060 0.9717354 1.0277009 1.1722951 1.2019760 1.3981915 1.2979377 1.5645014 1.0255400 1.3792977 1.4016027 1.1369363 2.2070863 1.9822689 1.7205672 1.6077899 1.5499944 1.6843270 1.6498833 1.8988945 1.9878448 2.1798119 3.3595310 2.3334556 1.2461435 1.5924370 1.9734591 2.0716071 2.5759684 2.6487135 2.4252760 2.6640844 2.6195703 2.1404934 2.2618098 2.0837935 2.1544180 2.2114226 2.4009414 2.4269306 2.5880760 2.5331556 2.4601884 2.3434298 2.8417314 2.7256735 2.2714489 2.1652146 2.7688283 1.8529273 2.6496256 2.2772519 2.5340927 1.5757064 2.4751876 1.8959113 
Sanmal_Sma_024540-T1                                         0.3760990 0.0401431 0.0000000 0.6011895 0.6010975 0.5676357 1.2236608 1.1621137 1.1926821 1.1413458 1.1748407 1.6448890 1.0101743 0.9235127 0.9650068 1.0030588 0.9679713 0.9068027 0.5731556 1.0074960 1.0365960 0.8947107 0.9581697 1.0902089 1.1216325 1.4688632 1.2229147 1.4591962 1.0255400 1.2768337 1.3427612 1.1022297 2.6194837 1.9803245 1.5580283 1.5707424 1.5103377 1.5525329 1.5276982 1.7767068 2.1052086 2.3376968 3.0838531 2.8963562 1.1666047 2.0034919 1.9934362 1.9659428 2.6152218 2.7199888 2.4289172 2.7611583 2.6435312 2.1088465 2.2611046 2.1737457 2.3585716 2.3534629 2.5049474 2.4683348 2.5644963 2.5755225 2.4360775 2.4076533 3.0160132 3.0263110 2.3289607 1.0633441 2.5890167 1.8529273 2.5560291 1.9681009 2.3788991 1.5223877 2.6604137 1.2065770 
Aaur_scaffold872.g5.t1                                       1.0156678 0.6043745 0.6011895 0.0000000 0.5947381 0.5651319 1.3069500 1.2271053 1.2627897 1.2895785 1.4434484 1.3960218 1.1471413 1.0816247 1.1359915 1.1178277 1.1241776 1.0563409 0.8178465 1.0876217 1.1437272 1.0218021 1.0977257 1.2368859 1.2463455 1.4491705 1.3167589 1.5463860 1.0504966 1.4740832 1.4879793 1.1261810 2.2345834 1.9918089 1.7400675 1.6467324 1.6137837 1.6918915 1.6910929 1.8780709 1.8547416 2.1773710 3.1603195 2.2919855 1.2032444 1.5698326 2.1207523 2.2296901 2.5294689 2.5945112 2.3919822 2.6217920 2.5396573 2.2364538 2.2207649 2.2585022 2.3925184 2.4543581 2.4442837 2.4660075 2.5284588 2.5916291 2.5112815 2.4217565 2.8134506 2.7533695 2.2810354 2.2174973 2.6706025 1.8798683 2.6194683 1.9860668 2.1909233 1.8632569 2.4974301 0.8395894 
Nemnom_g16203.t1                                             1.4268160 0.7192999 0.6010975 0.5947381 0.0000000 0.1964097 1.4356940 1.5015840 1.3562275 1.3398387 1.5025361 1.6179492 1.2155030 1.2150446 1.1549896 1.2163209 1.2182315 1.1620465 0.9145020 1.1448187 1.2104576 1.0664394 1.2146279 1.3081293 1.4033038 1.5276453 1.4211835 1.5655404 1.2002919 1.6321702 1.6341409 1.3000598 2.1602155 2.0455670 1.8544131 1.7246652 1.6502078 1.8374051 1.7520493 2.0357989 2.0628435 2.0074806 3.0777611 2.3484080 1.3260613 1.8570231 2.1479336 2.6903479 2.5813843 2.6256644 2.5107687 2.6375765 2.6698374 2.3039376 2.4281402 2.4361769 2.7282636 2.7057347 2.4625816 2.2636277 2.4349736 2.5634314 2.5712003 2.5818517 2.7153228 2.7047129 2.5874447 2.3480629 2.8054862 2.0161394 2.7675854 2.6404053 2.8113272 2.1345813 2.6892799 2.3428330 
Rhoesc_Res_000019-T1                                         1.4499683 0.6605781 0.5676357 0.5651319 0.1964097 0.0000000 1.3928593 1.4874304 1.3283126 1.3067831 1.4595539 1.5689961 1.1943706 1.1670424 1.1182377 1.2043938 1.1804268 1.1297362 1.0212346 1.1214129 1.2020166 1.0825608 1.1722112 1.2556588 1.3195649 1.5534271 1.4191732 1.5150424 1.1531491 1.5254291 1.5348500 1.3384926 2.0292593 1.9939053 1.7999209 1.6910629 1.6367083 1.7452584 1.6876711 1.9798029 2.3402043 2.0882692 3.0154239 2.4634001 1.3029043 1.8559401 2.0540694 2.5289577 2.5093327 2.5552481 2.4826229 2.5679665 2.6331124 2.3086299 2.4142444 2.3667991 2.7451000 2.6305963 2.4432889 2.3264234 2.4137758 2.5166558 2.4800758 2.4480571 2.6795879 2.6686170 2.4799345 2.2391911 2.7478367 1.8677787 2.7840714 2.5506377 2.4677284 1.9422939 2.6243289 1.9349923 
Cgig_XM_011426376.3                                          1.8873949 1.2903068 1.2236608 1.3069500 1.4356940 1.3928593 0.0000000 0.6998546 0.7765409 0.7721710 0.9719890 1.4060118 1.1581065 1.1786731 1.1256808 1.1985455 1.1724763 1.1698613 1.1028224 1.0967969 1.1279041 1.2453989 1.4790831 1.1695980 1.1746731 0.8435629 0.9291795 1.2633534 0.8444018 1.3476544 1.3410082 1.0261028 2.2191728 1.6998844 1.3974755 1.3076423 1.3080640 1.2913351 1.2140845 1.7407355 1.8241159 1.8653312 2.8023207 2.0834367 1.6288773 1.6415444 1.6253639 2.2222236 2.4435759 2.5473221 2.3685330 2.5535184 2.7220273 2.0951204 2.5288781 2.2558698 2.4311482 2.5540891 2.2753898 1.9465131 2.3362496 2.4698109 2.4514674 2.4646287 2.4080014 2.3253790 2.5355926 1.8840465 2.5314900 2.0258446 2.4024019 2.4866134 2.3120348 1.5528667 2.0081413 1.3291594 
Acagra_model.g174.t1                                         1.8037449 1.3287192 1.1621137 1.2271053 1.5015840 1.4874304 0.6998546 0.0000000 0.7553338 0.8141790 1.0201055 1.2777917 1.0296807 1.0443789 1.0157228 1.2645953 1.2062332 1.1062314 1.1871326 0.9998614 1.2125466 1.1309421 1.4806125 1.2630682 1.1840011 0.8149121 0.9320692 1.3607928 0.7902300 1.3901359 1.3795414 0.8723770 1.9820144 1.7389689 1.3563749 1.2095860 1.1576537 1.2672581 1.1468846 2.0636165 1.8840489 0.0000010 2.3945753 1.8677109 1.7926491 1.5504237 1.7938904 2.0035090 2.8585750 2.7172743 2.8992430 2.7150785 2.9129168 2.2335731 2.1988516 2.5890498 2.4886530 2.5890498 2.5325656 0.0000010 2.5474921 2.6949554 2.6217858 2.6456217 2.4722694 2.3848388 2.8329948 2.0231678 2.6315705 1.9427360 2.4675538 2.4752250 2.3128144 1.4795732 2.3903730 1.2005729 
Bralan_BLAG06001027_1                                        1.6508262 1.2871630 1.1926821 1.2627897 1.3562275 1.3283126 0.7765409 0.7553338 0.0000000 0.6355723 0.8733036 1.2031492 0.9774159 0.9887610 0.9427212 1.0712201 1.0622780 1.0587836 1.0176665 0.9529279 1.0113471 1.1787184 1.3657561 1.1592081 1.2708945 0.9261822 0.8625513 1.1639682 0.8720095 1.2349028 1.2200244 0.8681421 1.9023089 1.7105973 1.3418474 1.2660355 1.3013593 1.2846352 1.2202672 1.7337420 1.8918928 1.6698682 2.1798854 1.8030324 1.5063379 1.9130298 1.5937329 1.9609568 2.3947895 2.3139775 2.3725164 2.3391880 2.6640902 1.9590759 2.0793542 2.2311700 2.4310730 2.5422724 2.2063429 1.9117840 2.1099097 2.1968554 2.3174559 2.3625566 2.2714391 2.2349411 2.3950186 1.8212794 2.5095643 2.2054362 2.3522782 2.0445818 2.2356437 1.5277032 1.9368763 1.2156984 
Skow_XM_002737895.2                                          1.6520768 1.2048951 1.1413458 1.2895785 1.3398387 1.3067831 0.7721710 0.8141790 0.6355723 0.0000000 0.8214891 1.2470768 0.9737525 0.9815490 0.9855676 1.0750336 1.0627013 1.0421670 0.8987749 0.9907463 1.0138336 1.1551809 1.2531725 1.1404769 1.1905887 0.8753341 0.8839750 1.2342979 0.8779051 1.2716306 1.2747085 0.9152503 1.8852830 1.6493610 1.3179303 1.2943561 1.2673607 1.3012284 1.2390320 1.7791748 1.6975396 1.8340320 2.8422349 1.9084977 1.4958897 1.6195620 1.6768902 1.8767695 2.3068614 2.4533495 2.2458959 2.4633323 2.4199618 1.9065037 2.1533262 2.1121920 2.3675564 2.4657320 2.2180600 1.8820474 2.2660395 2.3173266 2.2941463 2.2984865 2.3742756 2.2924755 2.3097183 2.0751340 2.4885028 2.0007308 2.3765281 2.2342760 2.2368708 1.4610699 1.8744615 1.2374080 
Spur_XM_030982497.1                                          2.1191361 1.3182268 1.1748407 1.4434484 1.5025361 1.4595539 0.9719890 1.0201055 0.8733036 0.8214891 0.0000000 1.4810512 1.1530043 1.0874325 1.1295738 1.2836137 1.1638079 1.1720941 0.8830885 1.1228148 1.2684408 1.2868559 1.4848770 1.2576220 1.3362700 1.0918185 1.1444878 1.3686938 0.9300971 1.4104601 1.4393364 1.1162779 2.0730120 1.8854317 1.4884139 1.4233086 1.4430552 1.4218392 1.3682839 1.8341814 1.9164685 2.1951264 3.2284650 2.2778966 1.6645157 1.8291226 1.7655612 1.8945495 2.3276673 2.3912665 2.2710890 2.4108647 2.5137636 1.9932767 2.1503975 2.1141344 2.0950249 2.1670453 2.2449079 1.9362054 2.3849048 2.2488355 2.3646166 2.3811210 2.4184806 2.3428552 2.1977878 2.0405347 2.4561314 2.2940012 2.4994499 2.1395181 2.2156706 1.5958637 2.2228230 1.3784382 
Fspp_ffun1.m4.5899.m1                                        2.0462190 1.4062561 1.6448890 1.3960218 1.6179492 1.5689961 1.4060118 1.2777917 1.2031492 1.2470768 1.4810512 0.0000000 0.1516243 0.2114309 0.2036741 0.1946281 0.3211295 0.3424651 4.7441683 0.6670207 0.6648915 6.5539883 1.6509985 1.1731894 1.1408342 1.3177656 1.3177415 1.5107004 0.0000010 1.7717898 1.5842989 0.3975574 1.6007868 1.8027668 2.1924638 1.8954924 2.8347661 1.9192224 1.9065109 2.3509470 0.0000010 2.7736012 2.1529180 1.7528902 1.3996347 1.7339923 1.8185253 0.0000010 9.0000000 2.2231033 0.0000010 2.2276853 0.0000010 0.0000010 0.0000010 0.0000010 0.0000010 0.0000010 2.2465070 9.0000000 2.2494114 2.5949793 2.2734426 9.0000000 2.2547341 2.0327565 0.0000010 1.5219597 3.8780459 0.0000010 2.3885729 0.0000010 0.0000010 0.0000010 2.1864635 0.0000010 
Gasp_gasp1.m3.425.m1                                         1.8246137 1.0553994 1.0101743 1.1471413 1.2155030 1.1943706 1.1581065 1.0296807 0.9774159 0.9737525 1.1530043 0.1516243 0.0000000 0.1555565 0.1694106 0.2212681 0.2865827 0.2773048 0.3825364 0.5731793 0.5971449 1.1006539 1.1279578 0.9439630 0.9936901 1.1877043 1.0719168 1.2411775 0.7981863 1.2390121 1.2616288 0.9410687 1.7406610 1.6222725 1.5296499 1.4040236 1.4782573 1.4340288 1.3785434 1.7963113 1.6836117 1.5306756 3.0297591 1.8772877 1.3567469 1.7432823 1.6711749 1.8850189 2.4410992 2.3801529 2.3529086 2.3952729 2.6467951 2.1120821 2.2506186 2.3655427 2.3025840 2.4647072 2.3608884 2.1439213 2.3610873 2.4738447 2.4703134 2.4860618 2.5675458 2.3518012 2.4298947 1.5458267 2.4603892 2.0534632 2.3187325 2.1962058 2.1952586 1.6007387 2.3784552 1.4287479 
Spis_XP_022807552_1                                          1.9522619 1.0233537 0.9235127 1.0816247 1.2150446 1.1670424 1.1786731 1.0443789 0.9887610 0.9815490 1.0874325 0.2114309 0.1555565 0.0000000 0.0519660 0.2586063 0.2974572 0.2941133 0.3862637 0.6138423 0.6750436 1.0485419 1.1891020 0.9721491 1.0175053 1.1548745 1.0925259 1.1804228 0.7640907 1.2241354 1.2441090 0.9418516 1.7290116 1.6422806 1.5515793 1.4114396 1.4759806 1.4967153 1.4192624 1.7976021 1.6502389 1.6461102 2.6929280 1.8631352 1.3851980 1.6886305 1.7338978 1.9232387 2.5098464 2.3908588 2.5532966 2.3867907 2.5980169 2.4001102 2.3276263 2.4422046 2.3652150 2.5499026 2.3343501 5.2890074 2.3098678 2.4945662 2.5701408 2.7974979 2.3997916 2.1676457 2.6045016 1.6033718 2.5601517 2.0795141 2.3908229 2.2387408 2.2725967 1.6740339 2.6276543 1.3729691 
Pocdam_XM_027204689.1                                        1.9721357 1.0310720 0.9650068 1.1359915 1.1549896 1.1182377 1.1256808 1.0157228 0.9427212 0.9855676 1.1295738 0.2036741 0.1694106 0.0519660 0.0000000 0.2351915 0.2907180 0.2883263 0.3688786 0.5923665 0.6230585 1.0452019 1.1134210 0.9287419 0.9960823 1.1614787 1.0571673 1.2274001 0.8253402 1.1902420 1.2014136 0.9616396 1.7528428 1.6488554 1.5398277 1.4253660 1.4760407 1.4642379 1.4205638 1.7289281 1.6366065 1.6421915 2.6949723 1.8350915 1.3514704 1.7309310 1.6632631 1.9444256 2.3813423 2.3077337 2.3606225 2.3223467 2.6299459 2.1171618 2.2449171 2.3459731 2.3436795 2.4893880 2.2346134 1.9898364 2.2244373 2.3684919 2.4168059 2.4849050 2.4371149 2.2007347 2.5193998 1.4921270 2.5365560 2.0874970 2.3869254 2.1572835 2.2348900 1.5953531 2.3179251 1.2542478 
Gfas_gfas1.m1.14793.m1                                       1.9233041 1.1290807 1.0030588 1.1178277 1.2163209 1.2043938 1.1985455 1.2645953 1.0712201 1.0750336 1.2836137 0.1946281 0.2212681 0.2586063 0.2351915 0.0000000 0.2730015 0.2952070 0.5921621 0.6484830 0.7057065 1.1468677 1.1112217 1.0012073 1.0888047 1.1519523 1.1283214 1.2319091 0.7812639 1.3284681 1.3430278 1.0863626 1.6854350 1.6816665 1.5531501 1.4393311 1.4910953 1.5603016 1.4286451 1.7815549 1.9286823 1.4366980 2.9003119 1.8130211 1.3134200 1.7616021 1.7851171 2.5635253 2.5295662 2.4141465 2.5883741 2.4385430 3.0064331 2.5224066 2.9572675 2.7776539 3.3531810 3.2967888 2.3912609 2.0500180 2.2807333 2.5882355 2.5706949 2.7705308 2.3737500 2.1467220 2.8474552 1.4607731 2.6095149 2.1396678 2.2957133 2.8766313 2.7430780 2.5899403 2.3123882 2.8523854 
Amil_Amillepora07719-RA                                      1.6525419 1.0364197 0.9679713 1.1241776 1.2182315 1.1804268 1.1724763 1.2062332 1.0622780 1.0627013 1.1638079 0.3211295 0.2865827 0.2974572 0.2907180 0.2730015 0.0000000 0.0128295 0.2115535 0.6775340 0.6705797 1.1195355 1.1394721 1.0415762 1.0859134 1.2107714 1.1218738 1.3148923 0.8484137 1.2730637 1.2709611 1.0196282 1.6590092 1.7069993 1.5528183 1.4433348 1.4870960 1.5399014 1.4620521 1.7523591 1.6371900 1.6487123 3.0760359 1.7864281 1.3045419 1.6583675 1.7477968 1.9193870 2.3461918 2.3299151 2.2826293 2.3482825 2.5751022 2.1177621 2.3724728 2.2872017 2.3619624 2.5702725 2.2704371 2.0462425 2.2465966 2.4131562 2.4379470 2.5569493 2.3698585 2.1797295 2.3877473 1.6870656 2.3321072 1.9836411 2.2038792 2.0601173 2.0210362 1.5742378 2.2697693 1.4648481 
Adig_XM_015914235.1                                          1.6517353 0.9752994 0.9068027 1.0563409 1.1620465 1.1297362 1.1698613 1.1062314 1.0587836 1.0421670 1.1720941 0.3424651 0.2773048 0.2941133 0.2883263 0.2952070 0.0128295 0.0000000 0.2001272 0.6441411 0.6557477 1.0228459 1.0925505 0.9933273 1.0303567 1.2692078 1.0884410 1.2863556 0.6720395 1.2430997 1.2515184 0.8995149 1.7501405 1.6354511 1.5348459 1.4154893 1.3848879 1.4670304 1.3959628 1.7142479 1.6032646 1.6487123 2.7362864 1.8670214 1.3436888 1.6810799 1.7039423 1.8512543 2.4447399 2.3621912 2.3655824 2.3764898 2.7860933 2.1148021 2.4402360 2.2929533 2.3457974 2.5129900 2.2765300 2.0462425 2.2379963 2.4857144 2.4689316 2.5757176 2.4844811 2.2363012 2.4906065 1.7221413 2.5636847 2.0490361 2.4554537 2.1977476 2.1440364 1.6135312 2.3212987 1.3839492 
Adig_XM_015914241.1                                          2.7002166 0.8640263 0.5731556 0.8178465 0.9145020 1.0212346 1.1028224 1.1871326 1.0176665 0.8987749 0.8830885 4.7441683 0.3825364 0.3862637 0.3688786 0.5921621 0.2115535 0.2001272 0.0000000 0.6459251 0.7145378 0.7268752 0.8632756 0.8391894 0.9208397 3.9987797 1.0890738 0.7750561 0.3687736 1.1686117 1.2052963 0.8263433 5.0091731 1.4559558 1.1212128 1.1252489 1.0991576 1.1892950 0.8496863 1.5918543 1.7498426 0.0000010 0.0000010 3.5832396 2.0577252 4.2541294 1.4964483 2.3072939 2.6347125 2.7077418 2.5577922 2.6988030 2.6375431 2.1402284 2.1402284 2.3602806 2.3602806 2.3602806 2.2531262 0.0000010 4.4803699 2.4820519 2.7280379 2.6557192 3.0858891 0.0000010 2.3927495 0.0000010 2.4916554 2.0639324 2.3863853 2.5001509 2.5191539 1.9308334 3.0419271 2.6559531 
Nvec_v1g239527                                               1.6615930 1.0079701 1.0074960 1.0876217 1.1448187 1.1214129 1.0967969 0.9998614 0.9529279 0.9907463 1.1228148 0.6670207 0.5731793 0.6138423 0.5923665 0.6484830 0.6775340 0.6441411 0.6459251 0.0000000 0.4512923 1.0330637 1.0882632 0.8897751 0.9497914 1.1829553 1.0670641 1.2948048 0.8772280 1.2981411 1.3157192 0.9967614 1.9808319 1.7802234 1.4717873 1.3780068 1.3718099 1.4179197 1.3516369 1.8092233 1.8937509 1.7441486 3.0367628 1.9666030 1.3071847 1.6461208 1.7070192 2.0989344 2.2636711 2.2925019 2.2381224 2.2983616 2.5176517 2.1834684 2.4093325 2.3999935 2.4157900 2.5780776 2.2705323 2.1554707 2.2310264 2.4580075 2.4488750 2.5064735 2.6207916 2.5911837 2.5565408 1.6432288 2.4307697 1.8874568 2.2693418 2.1433888 2.3111671 1.6776706 2.2110506 1.2212551 
Exapal_XM_021043873.2                                        1.9845463 1.0834060 1.0365960 1.1437272 1.2104576 1.2020166 1.1279041 1.2125466 1.0113471 1.0138336 1.2684408 0.6648915 0.5971449 0.6750436 0.6230585 0.7057065 0.6705797 0.6557477 0.7145378 0.4512923 0.0000000 1.0131973 1.1590799 0.8840594 0.9292013 1.1474800 1.0369800 1.2434874 0.8538247 1.3101737 1.3409727 0.9566890 1.9948061 1.6308998 1.5630610 1.4385868 1.4737843 1.4654743 1.3972389 1.7270138 1.8248877 1.8090844 2.8685915 2.0215906 1.3111166 1.6340799 1.7943579 2.0752629 2.1504864 2.2332187 2.1493122 2.2372256 2.3728282 2.0314818 2.1292663 2.2539274 2.4579813 2.4633138 2.2012039 1.8819259 2.1703769 2.2991461 2.2085719 2.1664577 2.4407983 2.3242993 2.3596148 1.4962116 2.3389292 2.1115562 2.2460168 2.1954971 2.2015211 1.5755398 2.0993319 1.3521475 
Hvul_g11277_1                                                1.2621427 0.9717354 0.8947107 1.0218021 1.0664394 1.0825608 1.2453989 1.1309421 1.1787184 1.1551809 1.2868559 6.5539883 1.1006539 1.0485419 1.0452019 1.1468677 1.1195355 1.0228459 0.7268752 1.0330637 1.0131973 0.0000000 0.7527986 1.1640924 1.2581989 1.4407949 1.2134260 1.4107791 1.0032348 1.3981635 1.4418534 1.2247202 3.7003688 1.8977073 1.4812530 1.4405799 1.4612335 1.4321499 1.3863028 1.9014565 2.0079994 1.9448695 9.0000000 2.8292738 1.3671137 3.0385625 1.7923085 2.7439336 2.4114396 2.5191321 2.3350799 2.5361379 2.4150524 2.0048044 2.0988133 2.1941615 2.3557414 2.3692741 2.2486897 2.2474716 2.2240741 2.1609427 2.2175388 2.1168406 4.2210691 4.4043650 2.3753243 2.4580366 2.6208607 1.9531233 2.5471675 2.6426515 2.6391585 1.5621373 2.7128373 1.9595941 
Chem_TCONS_00053700                                          1.4629617 1.0277009 0.9581697 1.0977257 1.2146279 1.1722112 1.4790831 1.4806125 1.3657561 1.2531725 1.4848770 1.6509985 1.1279578 1.1891020 1.1134210 1.1112217 1.1394721 1.0925505 0.8632756 1.0882632 1.1590799 0.7527986 0.0000000 1.2531629 1.2744474 1.5811184 1.4433334 1.5447116 1.1789574 1.5192636 1.5513538 1.2686309 2.2520669 1.8686720 1.8099235 1.7252416 1.5672697 1.7833134 1.7258502 1.9435142 1.9725543 1.7552129 3.8294342 2.1909368 1.3012191 1.3430757 2.0094681 2.2929299 2.4581907 2.7389644 2.4050600 2.7614293 2.6133081 2.1436721 2.2689651 2.2472549 2.4765485 2.4368997 2.5584219 2.2517745 2.7163541 2.5622434 2.5312861 2.3043800 3.2244855 2.6018298 2.4341065 1.7058427 2.8871946 2.2177177 2.6161132 2.5448159 2.6320877 1.8364847 2.5975281 1.8515123 
Dgig_XM_028541845.1                                          1.9503752 1.1722951 1.0902089 1.2368859 1.3081293 1.2556588 1.1695980 1.2630682 1.1592081 1.1404769 1.2576220 1.1731894 0.9439630 0.9721491 0.9287419 1.0012073 1.0415762 0.9933273 0.8391894 0.8897751 0.8840594 1.1640924 1.2531629 0.0000000 0.3739830 1.2588354 1.2101771 1.3421306 1.0311363 1.4754383 1.4942839 1.1295453 2.0127446 1.7484707 1.5616620 1.4844886 1.4679286 1.5580138 1.5223559 1.8028264 1.6457356 2.1415935 2.3408242 2.3603145 1.3777472 1.5857593 1.8500228 2.2610410 2.4369845 2.4754199 2.3188366 2.4785456 2.5721848 2.0971490 2.2111680 2.2313018 2.5239017 2.5286081 2.3405459 2.1245423 2.3980231 2.3765476 2.3843665 2.4014288 2.5151271 2.4004266 2.3557541 2.2781150 2.6607461 2.0043207 2.5773631 2.3832731 2.7329838 1.6096242 2.3453005 1.4769602 
Xesp_016074-T1                                               1.8831225 1.2019760 1.1216325 1.2463455 1.4033038 1.3195649 1.1746731 1.1840011 1.2708945 1.1905887 1.3362700 1.1408342 0.9936901 1.0175053 0.9960823 1.0888047 1.0859134 1.0303567 0.9208397 0.9497914 0.9292013 1.2581989 1.2744474 0.3739830 0.0000000 1.4062736 1.2087025 1.4426091 1.0782952 1.4597729 1.4936316 1.2343299 1.9205316 1.8830953 1.5957139 1.5409203 1.4930290 1.5122387 1.4761546 1.7566659 1.6327064 2.0461484 2.7053843 2.4252261 1.4396192 1.5836022 1.8619687 2.3854139 2.5385428 2.5207902 2.4443053 2.5255344 2.7305724 2.0985335 2.2728287 2.1543010 2.2769154 2.4793817 2.2681182 2.0730459 2.3469071 2.4227738 2.5480341 2.6329423 2.6290268 2.4065805 2.4631168 1.9655503 2.8083894 2.2383007 2.5830702 2.4890532 2.5332870 1.6326858 2.5146911 1.7518003 
Ctel_gnl_WGS_AMQN_CAPTEDRAFT_mRNA192595                      1.5825847 1.3981915 1.4688632 1.4491705 1.5276453 1.5534271 0.8435629 0.8149121 0.9261822 0.8753341 1.0918185 1.3177656 1.1877043 1.1548745 1.1614787 1.1519523 1.2107714 1.2692078 3.9987797 1.1829553 1.1474800 1.4407949 1.5811184 1.2588354 1.4062736 0.0000000 0.9793595 1.5089117 1.0144334 1.6240409 1.6323889 1.1594160 2.1547527 1.7966915 1.4818020 1.3939394 1.4050408 1.4241667 1.4304706 1.9239333 1.5963189 1.8149056 2.4030612 1.9805133 1.4031208 1.7752035 1.8020073 1.3198812 2.2968341 2.4759262 2.0410312 2.4954917 2.0934914 1.9736067 2.0692037 1.9193019 2.8046341 2.3260580 2.2739426 2.2549459 2.4021683 2.3974121 2.4255115 2.2078441 2.7295862 2.7493793 2.0982142 1.8783930 2.7648264 1.9102753 2.4567348 1.0300214 1.4958397 1.3283284 1.7430036 2.9058268 
Hsap_ENST00000326291                                         1.9341736 1.2979377 1.2229147 1.3167589 1.4211835 1.4191732 0.9291795 0.9320692 0.8625513 0.8839750 1.1444878 1.3177415 1.0719168 1.0925259 1.0571673 1.1283214 1.1218738 1.0884410 1.0890738 1.0670641 1.0369800 1.2134260 1.4433334 1.2101771 1.2087025 0.9793595 0.0000000 1.3177564 0.8940972 1.3254410 1.3752232 1.0023052 1.9099435 1.5584050 1.5125199 1.4279200 1.3872349 1.3882957 1.3405861 1.7566129 1.6441567 1.6939124 2.7752602 1.8646632 1.5820080 1.6978935 1.8216673 1.8706493 2.3537387 2.4556260 2.2772993 2.4714427 2.4823493 1.8083545 1.9847799 2.1066199 2.1852054 2.2951324 2.1478158 1.8171796 2.2392307 2.2878732 2.3889202 2.3507922 2.3191611 2.1323781 2.1505135 1.7735151 2.5202686 2.0613645 2.4762526 2.1414960 2.0232194 1.2575407 2.0542804 1.2399812 
Stycar_snap_masked-SC_scaffold7010-processed-gene-0.4-mRNA-1 3.1916435 1.5645014 1.4591962 1.5463860 1.5655404 1.5150424 1.2633534 1.3607928 1.1639682 1.2342979 1.3686938 1.5107004 1.2411775 1.1804228 1.2274001 1.2319091 1.3148923 1.2863556 0.7750561 1.2948048 1.2434874 1.4107791 1.5447116 1.3421306 1.4426091 1.5089117 1.3177564 0.0000000 0.5145896 1.3047864 1.3537454 1.0708962 1.8013022 1.1029507 1.6689414 1.5993863 1.5284940 1.6074522 1.5976147 1.3089546 1.5781575 1.0305378 2.2195999 1.2009839 1.7046633 1.9746558 1.4808200 1.6069379 2.3822584 2.4334294 2.2650535 2.4477354 2.3955985 2.0186537 2.2592444 2.1171541 2.3871228 2.4741581 2.2965954 2.2742827 2.3998461 2.2699339 2.4202687 2.3398034 2.4331233 2.1586016 2.1446454 1.2829645 2.2837050 1.9200181 2.0881854 1.8995328 1.9718916 1.1009570 2.1662558 0.5214468 
Spolac_c85223_g1_i1_m.3665c85223-g1                          9.0000000 1.0255400 1.0255400 1.0504966 1.2002919 1.1531491 0.8444018 0.7902300 0.8720095 0.8779051 0.9300971 0.0000010 0.7981863 0.7640907 0.8253402 0.7812639 0.8484137 0.6720395 0.3687736 0.8772280 0.8538247 1.0032348 1.1789574 1.0311363 1.0782952 1.0144334 0.8940972 0.5145896 0.0000000 1.0164223 1.0373417 0.9918619 0.0000010 0.9741758 1.0848178 1.1048657 1.1232548 1.1360254 1.1360254 0.9200509 0.3359371 0.0000010 0.0000010 0.0000010 1.5499978 0.0000010 1.1436512 0.0000010 2.7255233 2.7859872 2.7954799 2.7955404 2.8857551 2.7637288 3.2171896 2.8336225 3.7694418 3.3963117 2.6913244 2.3751487 2.3303541 2.8382349 2.6791493 2.5792545 0.0000010 0.0000010 2.9103128 2.2284097 1.9621903 2.2301271 2.1200352 1.5051228 2.0169739 0.0000010 2.4658378 0.0000010 
Opea_EP00118_Oscarella_pearsei_P015092                       2.7487374 1.3792977 1.2768337 1.4740832 1.6321702 1.5254291 1.3476544 1.3901359 1.2349028 1.2716306 1.4104601 1.7717898 1.2390121 1.2241354 1.1902420 1.3284681 1.2730637 1.2430997 1.1686117 1.2981411 1.3101737 1.3981635 1.5192636 1.4754383 1.4597729 1.6240409 1.3254410 1.3047864 1.0164223 0.0000000 0.0187525 0.7218266 0.9147417 1.7670732 1.7409531 1.6897924 1.5410671 1.6247713 1.5776891 1.8145942 1.7782337 2.2615802 3.4318185 2.0316393 1.8009066 2.1729109 1.8134755 1.9465783 2.2875223 2.4706360 2.3210455 2.5102599 2.7156508 2.0967635 2.3057066 2.2437562 2.2148999 2.3485223 2.3159061 1.9136952 2.4477086 2.4232199 2.4879804 2.3245418 2.7554690 2.7077972 2.3442156 1.9155709 2.7051051 1.8588733 2.6021452 2.2372836 2.0778070 1.4809647 2.5963321 1.3481727 
Ocar_g366                                                    2.5134698 1.4016027 1.3427612 1.4879793 1.6341409 1.5348500 1.3410082 1.3795414 1.2200244 1.2747085 1.4393364 1.5842989 1.2616288 1.2441090 1.2014136 1.3430278 1.2709611 1.2515184 1.2052963 1.3157192 1.3409727 1.4418534 1.5513538 1.4942839 1.4936316 1.6323889 1.3752232 1.3537454 1.0373417 0.0187525 0.0000000 0.7946854 0.9049258 1.8233292 1.7562347 1.8177272 1.6794399 1.7037701 1.6578030 1.8063497 1.8148214 2.2911558 3.4318185 1.9011573 1.8409613 1.9891614 1.8412469 1.9465783 2.3820508 2.5233540 2.4161249 2.5660285 2.8707405 2.1696312 2.4499436 2.3736620 2.2169657 2.5407680 2.3890023 1.9577953 2.4413862 2.4795015 2.5621802 2.4047507 2.8380123 2.8022818 2.4633682 1.4709010 2.7655369 1.8979285 2.5353889 2.2372836 2.0361935 1.4809647 2.5888336 1.3481727 
Plajan_Pjan_scaffold3533_01                                  3.1560758 1.1369363 1.1022297 1.1261810 1.3000598 1.3384926 1.0261028 0.8723770 0.8681421 0.9152503 1.1162779 0.3975574 0.9410687 0.9418516 0.9616396 1.0863626 1.0196282 0.8995149 0.8263433 0.9967614 0.9566890 1.2247202 1.2686309 1.1295453 1.2343299 1.1594160 1.0023052 1.0708962 0.9918619 0.7218266 0.7946854 0.0000000 0.0000010 1.3750988 1.2530130 1.2518945 1.2702683 1.2367195 1.0931309 1.6202750 1.9494136 1.2114482 5.6432418 1.4416844 1.5123633 2.1485531 1.4316452 2.3179158 2.5148950 2.5256759 2.6520199 2.5296105 2.9324855 2.0973617 2.3398223 2.4985718 2.5536072 2.5709428 2.0732476 1.6815436 2.0863014 2.1736390 2.3023053 2.2592475 0.8724899 0.0000010 2.5584627 1.2178235 2.3575806 2.0101769 2.2752631 2.1739224 2.1331028 1.3492105 2.4170386 1.3453409 
Plajan_Pjan_scaffold3534_01                                  2.3313772 2.2070863 2.6194837 2.2345834 2.1602155 2.0292593 2.2191728 1.9820144 1.9023089 1.8852830 2.0730120 1.6007868 1.7406610 1.7290116 1.7528428 1.6854350 1.6590092 1.7501405 5.0091731 1.9808319 1.9948061 3.7003688 2.2520669 2.0127446 1.9205316 2.1547527 1.9099435 1.8013022 0.0000010 0.9147417 0.9049258 0.0000010 0.0000000 1.7246125 2.8425750 2.9659175 3.9656894 2.4898335 2.4745007 2.2597279 1.2842248 3.9886646 2.5038820 1.6474252 2.3419996 2.0279667 2.2925945 0.0000010 3.6093343 2.9577865 0.0000010 2.9577865 0.0000010 0.0000010 0.0000010 0.0000010 0.0000010 0.0000010 2.7648063 6.9994704 2.8288116 3.0319168 2.8780669 9.0000000 2.6520617 2.6680955 0.0000010 1.7478517 3.9118158 0.0000010 3.0179267 0.0000010 0.0000010 0.0000010 2.7836326 0.0000010 
Tetwil_g2408.t1                                              3.2638524 1.9822689 1.9803245 1.9918089 2.0455670 1.9939053 1.6998844 1.7389689 1.7105973 1.6493610 1.8854317 1.8027668 1.6222725 1.6422806 1.6488554 1.6816665 1.7069993 1.6354511 1.4559558 1.7802234 1.6308998 1.8977073 1.8686720 1.7484707 1.8830953 1.7966915 1.5584050 1.1029507 0.9741758 1.7670732 1.8233292 1.3750988 1.7246125 0.0000000 2.1045109 2.0118168 1.9118359 2.0484917 2.0121727 1.8410101 1.8610517 1.8038253 2.3528029 1.6121146 2.1001506 2.2204644 1.8281114 2.0435998 3.1399808 3.1081130 2.9645287 3.1186777 3.0856844 2.6052868 3.0180383 2.8831598 2.8765430 3.2011886 2.8726495 2.6349401 2.9085151 2.8417942 2.8767960 2.8148591 2.5726356 2.2964180 2.9469198 1.4667705 2.8092231 2.5289969 2.5031354 2.2953954 2.2745369 1.6766363 2.3478924 1.6368056 
HoiH23_PlH23_004233-RA                                       2.6392277 1.7205672 1.5580283 1.7400675 1.8544131 1.7999209 1.3974755 1.3563749 1.3418474 1.3179303 1.4884139 2.1924638 1.5296499 1.5515793 1.5398277 1.5531501 1.5528183 1.5348459 1.1212128 1.4717873 1.5630610 1.4812530 1.8099235 1.5616620 1.5957139 1.4818020 1.5125199 1.6689414 1.0848178 1.7409531 1.7562347 1.2530130 2.8425750 2.1045109 0.0000000 0.0497010 0.0770334 0.2923090 0.2709730 2.1686127 2.2263176 2.6430339 4.4114837 2.8916056 2.0750779 2.1225702 2.2276876 1.8168811 2.7290651 2.9498338 2.5920480 2.9631201 2.8771991 2.4124571 2.6683076 2.5708747 2.7370261 2.9729225 2.7619626 2.5382988 3.1526042 2.9813520 2.9416849 2.8042702 3.2506078 3.2420013 2.7235529 2.0885051 2.8997003 2.2917948 2.7719461 2.2570065 2.1200301 1.5384543 2.7773133 1.9662060 
HoiH06_mRNA9882                                              1.9676018 1.6077899 1.5707424 1.6467324 1.7246652 1.6910629 1.3076423 1.2095860 1.2660355 1.2943561 1.4233086 1.8954924 1.4040236 1.4114396 1.4253660 1.4393311 1.4433348 1.4154893 1.1252489 1.3780068 1.4385868 1.4405799 1.7252416 1.4844886 1.5409203 1.3939394 1.4279200 1.5993863 1.1048657 1.6897924 1.8177272 1.2518945 2.9659175 2.0118168 0.0497010 0.0000000 0.0889743 0.2618131 0.2413713 2.0745429 2.1928199 2.5599778 4.2564436 2.7461593 1.9608345 1.8057352 2.0719208 1.8762255 2.6876735 2.8270519 2.5617404 2.8377485 2.8348183 2.3285330 2.5652796 2.5528531 2.7692904 2.9595796 2.6316142 2.4745623 2.8684759 2.8136021 2.8102196 2.7377376 3.0046795 3.1638612 2.7152327 1.6626206 2.8877971 2.4409559 2.7616331 2.2498128 2.0528450 1.6005779 2.6579742 1.8610809 
HoiH04_mRNA1972                                              4.4502862 1.5499944 1.5103377 1.6137837 1.6502078 1.6367083 1.3080640 1.1576537 1.3013593 1.2673607 1.4430552 2.8347661 1.4782573 1.4759806 1.4760407 1.4910953 1.4870960 1.3848879 1.0991576 1.3718099 1.4737843 1.4612335 1.5672697 1.4679286 1.4930290 1.4050408 1.3872349 1.5284940 1.1232548 1.5410671 1.6794399 1.2702683 3.9656894 1.9118359 0.0770334 0.0889743 0.0000000 0.2605675 0.2355010 1.9707984 2.3291818 2.6221152 4.5564061 3.2133318 1.8309491 1.9558267 1.9548111 1.8859374 2.6935063 2.9701306 2.6010271 2.9898648 2.8846402 2.3190539 2.5709005 2.5002492 2.6304935 2.8644635 2.6765393 2.3894664 2.9177150 2.7635294 2.8049305 2.7209870 3.6691572 3.6691572 2.6616327 1.5333417 2.7288957 2.3220716 2.6849292 2.2943798 2.1548697 1.6385991 2.8365644 2.1566315 
TrH2_TrispH2_004417-RA                                       2.4965123 1.6843270 1.5525329 1.6918915 1.8374051 1.7452584 1.2913351 1.2672581 1.2846352 1.3012284 1.4218392 1.9192224 1.4340288 1.4967153 1.4642379 1.5603016 1.5399014 1.4670304 1.1892950 1.4179197 1.4654743 1.4321499 1.7833134 1.5580138 1.5122387 1.4241667 1.3882957 1.6074522 1.1360254 1.6247713 1.7037701 1.2367195 2.4898335 2.0484917 0.2923090 0.2618131 0.2605675 0.0000000 0.0028796 2.0961854 2.2178844 2.3371488 4.0594637 2.6552901 1.9054577 1.8755013 2.1339869 1.8538861 2.5421574 2.7192265 2.4944393 2.7126488 2.7385913 2.1882617 2.3524353 2.3101496 2.2423491 2.5957785 2.4592292 2.2291805 2.8687951 2.6448578 2.7079766 2.5949413 2.9187468 3.0158509 2.6312183 1.9114329 2.9158530 2.3300711 2.8331113 2.4051562 2.3989449 1.5991576 2.6447913 1.8853594 
Tadh_TriadT23663                                             2.4965123 1.6498833 1.5276982 1.6910929 1.7520493 1.6876711 1.2140845 1.1468846 1.2202672 1.2390320 1.3682839 1.9065109 1.3785434 1.4192624 1.4205638 1.4286451 1.4620521 1.3959628 0.8496863 1.3516369 1.3972389 1.3863028 1.7258502 1.5223559 1.4761546 1.4304706 1.3405861 1.5976147 1.1360254 1.5776891 1.6578030 1.0931309 2.4745007 2.0121727 0.2709730 0.2413713 0.2355010 0.0028796 0.0000000 1.9910480 1.9479723 2.3371488 4.1033947 2.6644254 1.8359764 1.8873647 2.1601578 1.8269308 2.5169097 2.7105641 2.4551975 2.7149538 2.7221559 2.1643779 2.3422504 2.3203034 2.2485977 2.6563311 2.4777742 2.2291805 2.8703950 2.6795917 2.6752713 2.5441381 2.9329126 3.0354708 2.5770154 1.9114329 2.9623909 2.3300711 2.7645898 2.1884078 2.1203905 1.3092054 2.5931528 1.3255923 
Aque_Aqu2.1.30506_001                                        3.7121810 1.8988945 1.7767068 1.8780709 2.0357989 1.9798029 1.7407355 2.0636165 1.7337420 1.7791748 1.8341814 2.3509470 1.7963113 1.7976021 1.7289281 1.7815549 1.7523591 1.7142479 1.5918543 1.8092233 1.7270138 1.9014565 1.9435142 1.8028264 1.7566659 1.9239333 1.7566129 1.3089546 0.9200509 1.8145942 1.8063497 1.6202750 2.2597279 1.8410101 2.1686127 2.0745429 1.9707984 2.0961854 1.9910480 0.0000000 0.0624947 1.6149818 4.7430912 2.1039315 2.0563484 2.6105127 1.9634604 2.3269223 2.3656207 2.5985200 2.3593963 2.6307690 2.6015942 2.1800923 2.6535212 2.1729731 2.6505914 2.5666070 2.5056136 2.0447114 2.4326967 2.5302369 2.6990875 2.4328019 3.1322873 2.6687732 2.3481710 1.8302454 2.9881476 2.3001525 2.6789002 2.6512355 2.5793425 2.4096872 2.7909418 2.5446774 
Aque_Aqu2.1.12088_001                                        0.0000010 1.9878448 2.1052086 1.8547416 2.0628435 2.3402043 1.8241159 1.8840489 1.8918928 1.6975396 1.9164685 0.0000010 1.6836117 1.6502389 1.6366065 1.9286823 1.6371900 1.6032646 1.7498426 1.8937509 1.8248877 2.0079994 1.9725543 1.6457356 1.6327064 1.5963189 1.6441567 1.5781575 0.3359371 1.7782337 1.8148214 1.9494136 1.2842248 1.8610517 2.2263176 2.1928199 2.3291818 2.2178844 1.9479723 0.0624947 0.0000000 0.8990951 0.0000010 2.0189141 2.3472488 0.0000010 1.6698983 2.3033573 2.4809717 2.5085479 2.4881621 2.5680351 2.5228227 2.3677191 2.3424738 2.2234220 2.2234220 2.2234220 2.2054330 0.0000010 3.0135654 2.4990205 2.8338267 2.8291452 1.1569548 1.1569548 2.9049698 0.0000010 2.7292025 1.6349435 2.4219491 2.4615986 2.4951241 2.2907976 3.7791177 2.0354462 
Spolac_c93190_g1_i1_m.8570c85223-g1                          0.0000010 2.1798119 2.3376968 2.1773710 2.0074806 2.0882692 1.8653312 0.0000010 1.6698682 1.8340320 2.1951264 2.7736012 1.5306756 1.6461102 1.6421915 1.4366980 1.6487123 1.6487123 0.0000010 1.7441486 1.8090844 1.9448695 1.7552129 2.1415935 2.0461484 1.8149056 1.6939124 1.0305378 0.0000010 2.2615802 2.2911558 1.2114482 3.9886646 1.8038253 2.6430339 2.5599778 2.6221152 2.3371488 2.3371488 1.6149818 0.8990951 0.0000000 0.0000010 0.3456855 1.9881000 3.0420763 2.2310965 0.0000010 2.9447969 3.0349253 1.6912517 3.0468338 0.0000010 1.7181396 0.0000010 1.3898339 0.0000010 0.0000010 2.9604477 3.0821949 2.9403664 2.8156653 2.7021243 2.8432335 3.9809725 3.9809725 0.9072745 1.3126534 3.1316819 0.0000010 3.0659207 0.0000010 0.0000010 0.0000010 2.0602853 0.0000010 
Spolac_c93190_g2_i1_m.8571c85223-g1                          4.1137402 3.3595310 3.0838531 3.1603195 3.0777611 3.0154239 2.8023207 2.3945753 2.1798854 2.8422349 3.2284650 2.1529180 3.0297591 2.6929280 2.6949723 2.9003119 3.0760359 2.7362864 0.0000010 3.0367628 2.8685915 9.0000000 3.8294342 2.3408242 2.7053843 2.4030612 2.7752602 2.2195999 0.0000010 3.4318185 3.4318185 5.6432418 2.5038820 2.3528029 4.4114837 4.2564436 4.5564061 4.0594637 4.1033947 4.7430912 0.0000010 0.0000010 0.0000000 0.4186992 3.2044572 3.6831759 2.4306432 0.0000010 0.0000010 2.7334539 0.0000010 2.8351329 0.0000010 0.0000010 0.0000010 0.0000010 0.0000010 0.0000010 2.9478816 0.0000010 3.1145574 2.9790589 2.8845575 0.0000010 2.7099590 2.4489974 0.0000010 0.0000010 3.5716019 0.0000010 3.7650471 0.0000010 0.0000010 0.0000010 4.2238657 0.0000010 
Emue_Em0022g647a.t1                                          2.3290563 2.3334556 2.8963562 2.2919855 2.3484080 2.4634001 2.0834367 1.8677109 1.8030324 1.9084977 2.2778966 1.7528902 1.8772877 1.8631352 1.8350915 1.8130211 1.7864281 1.8670214 3.5832396 1.9666030 2.0215906 2.8292738 2.1909368 2.3603145 2.4252261 1.9805133 1.8646632 1.2009839 0.0000010 2.0316393 1.9011573 1.4416844 1.6474252 1.6121146 2.8916056 2.7461593 3.2133318 2.6552901 2.6644254 2.1039315 2.0189141 0.3456855 0.4186992 0.0000000 2.1424933 2.2126994 2.0226495 0.0000010 3.4512012 2.7462062 2.1292098 2.7682688 0.0000010 1.5825066 0.0000010 0.0000010 0.0000010 0.0000010 2.6303464 3.3109657 2.8911039 2.6680390 2.8280566 3.2397502 2.6287653 2.4130790 0.0000010 1.3844620 3.9038071 0.0000010 2.6970439 0.0000010 0.0000010 0.0000010 2.6390692 0.0000010 
Morvir_scaffold5.g5.t1                                       1.4801603 1.2461435 1.1666047 1.2032444 1.3260613 1.3029043 1.6288773 1.7926491 1.5063379 1.4958897 1.6645157 1.3996347 1.3567469 1.3851980 1.3514704 1.3134200 1.3045419 1.3436888 2.0577252 1.3071847 1.3111166 1.3671137 1.3012191 1.3777472 1.4396192 1.4031208 1.5820080 1.7046633 1.5499978 1.8009066 1.8409613 1.5123633 2.3419996 2.1001506 2.0750779 1.9608345 1.8309491 1.9054577 1.8359764 2.0563484 2.3472488 1.9881000 3.2044572 2.1424933 0.0000000 1.8433714 2.2357693 2.5557789 2.3726398 2.5749229 2.3225392 2.5935062 2.5947362 2.3848142 2.7752071 2.4990393 2.8234012 2.8965511 2.6061208 2.2265177 2.6280746 2.6284405 2.6900048 2.5052013 3.2416773 2.6245863 2.7562027 1.6510598 2.9711243 2.0830681 2.6011811 2.5029397 2.7372868 2.0805201 2.5400672 2.2746205 
Hvul_g11284_1                                                1.6242133 1.5924370 2.0034919 1.5698326 1.8570231 1.8559401 1.6415444 1.5504237 1.9130298 1.6195620 1.8291226 1.7339923 1.7432823 1.6886305 1.7309310 1.7616021 1.6583675 1.6810799 4.2541294 1.6461208 1.6340799 3.0385625 1.3430757 1.5857593 1.5836022 1.7752035 1.6978935 1.9746558 0.0000010 2.1729109 1.9891614 2.1485531 2.0279667 2.2204644 2.1225702 1.8057352 1.9558267 1.8755013 1.8873647 2.6105127 0.0000010 3.0420763 3.6831759 2.2126994 1.8433714 0.0000000 2.3431450 0.0000010 6.1258057 2.6971351 5.8016488 2.6950138 9.0000000 5.6624069 9.0000000 6.6492639 6.6492639 6.6492639 2.5319510 4.8945156 2.5716937 2.4854691 2.8444449 4.0192696 2.6771622 2.0632930 8.9993557 2.1049580 3.9983306 0.0000010 2.6144186 0.0000010 0.7411692 0.0000010 2.2067793 0.0000010 
Plespi_Pspi_scaffold17451_01                                 2.4439740 1.9734591 1.9934362 2.1207523 2.1479336 2.0540694 1.6253639 1.7938904 1.5937329 1.6768902 1.7655612 1.8185253 1.6711749 1.7338978 1.6632631 1.7851171 1.7477968 1.7039423 1.4964483 1.7070192 1.7943579 1.7923085 2.0094681 1.8500228 1.8619687 1.8020073 1.8216673 1.4808200 1.1436512 1.8134755 1.8412469 1.4316452 2.2925945 1.8281114 2.2276876 2.0719208 1.9548111 2.1339869 2.1601578 1.9634604 1.6698983 2.2310965 2.4306432 2.0226495 2.2357693 2.3431450 0.0000000 1.9932202 2.5853306 2.5547022 2.4680501 2.5577074 2.6519056 2.2782393 2.5098112 2.4310261 2.7288917 2.7147942 2.4827671 2.2872019 2.5596706 2.6985902 2.6070288 2.6313742 2.4181527 2.2750930 2.6482728 1.8700195 2.5282622 2.4103082 2.3423583 2.0797933 2.3879960 1.9267476 2.6885049 1.4551943 
Clacor_Ccor_C541043_01                                       0.0000010 2.0716071 1.9659428 2.2296901 2.6903479 2.5289577 2.2222236 2.0035090 1.9609568 1.8767695 1.8945495 0.0000010 1.8850189 1.9232387 1.9444256 2.5635253 1.9193870 1.8512543 2.3072939 2.0989344 2.0752629 2.7439336 2.2929299 2.2610410 2.3854139 1.3198812 1.8706493 1.6069379 0.0000010 1.9465783 1.9465783 2.3179158 0.0000010 2.0435998 1.8168811 1.8762255 1.8859374 1.8538861 1.8269308 2.3269223 2.3033573 0.0000010 0.0000010 0.0000010 2.5557789 0.0000010 1.9932202 0.0000000 2.3765382 2.4249353 2.3483023 2.3007485 2.3757028 2.5875408 2.6390963 1.8173246 1.8173246 1.8173246 1.9467682 0.0000010 0.0000010 2.2761189 2.1805063 2.1449458 0.0000010 0.0000010 2.2066490 0.0000010 1.9817771 0.0000010 1.9691516 1.7873820 1.8106221 1.9929946 3.0694595 2.5637320 
