80
Opea_EP00118_Oscarella_pearsei_P002879                 0.0000000 0.1678424 2.3312651 2.9964431 2.8047574 2.0648006 3.3920250 2.1860962 3.0500303 3.5740916 3.4695021 3.2820496 0.9869914 3.6633371 3.6686011 3.6175974 3.5966316 3.1621431 1.4426075 3.3346020 2.4471469 2.8002361 2.8148623 2.6618224 3.4049949 3.1698731 2.7879826 3.1973628 3.4477272 4.2936358 4.3437314 2.6010428 1.6931457 4.4642668 3.9129031 0.5931636 3.5232090 3.5232090 2.6844487 1.1895126 0.9786703 0.9786703 1.4412808 3.6684447 2.7486118 2.8848210 2.9183826 2.5658723 3.8813674 3.6136113 4.2835197 2.4614180 3.0960286 3.2293689 4.2888251 4.1808277 3.6629113 3.8470658 3.8724421 3.8429119 2.3306746 1.7120187 3.5901304 2.5192534 2.6072021 2.6956677 3.2587537 0.3936347 4.4062862 4.0061388 4.0061388 4.1293634 2.9359789 0.9017180 4.7528402 4.1879820 1.5602348 5.0157211 6.6013922 4.4842840 
Opea_EP00118_Oscarella_pearsei_P002880                 0.1678424 0.0000000 0.0319248 1.1843422 1.1653192 0.8916539 1.2034154 0.8321254 1.2488611 1.1173239 1.2025569 1.4332792 0.5035173 1.2350848 1.1961260 1.1855913 1.2215122 1.1790887 0.8800391 1.2761628 1.1701793 1.1664118 1.0972548 1.0912019 1.1800988 1.1854920 1.1242930 1.1506966 1.2574427 1.8208421 1.5099621 1.1348005 1.1588890 2.4243579 1.6717955 1.2311827 1.6255295 1.6255295 1.4647735 1.2022822 1.7012797 1.6048741 1.2142085 1.6450056 1.5346444 1.5205123 1.5292590 1.4766855 1.6753924 1.5991888 2.5601068 1.4913457 1.2139374 1.2289815 1.4880126 1.0727288 1.4046800 1.4077972 1.3905055 1.2990936 1.0252424 1.3852172 1.3374097 1.1171277 1.2203213 1.1850579 1.2705861 1.1842536 1.2415276 2.1009911 1.9255332 2.0021290 1.9366236 1.2945514 2.1057311 2.0626117 1.3512098 3.0117306 7.2373850 4.4993181 
Ocar_g10019                                            2.3312651 0.0319248 0.0000000 0.8700865 0.8724448 0.8434989 0.8669425 0.7723669 0.9158078 0.7713482 0.8381022 1.0540628 0.5035173 0.7866579 0.8649371 0.8507407 0.8798489 0.8837897 0.8800391 0.9871987 0.8981249 0.9112191 0.8283545 0.8708925 0.8265563 0.8654847 0.8349388 0.8085143 0.9760964 1.2964668 1.1355633 0.8741454 1.1588890 1.9665791 1.4709360 1.2311827 1.3958998 1.3958998 1.3599371 1.2022822 1.7012797 1.6048741 1.2142085 1.3735886 1.4124843 1.3657228 1.4047182 1.4047182 1.4182480 1.3784444 2.1702172 1.4913457 0.9376586 0.9376586 1.1332276 1.0404672 1.1064052 1.1027589 1.0681858 0.9770292 0.8404346 1.3852172 0.9928426 0.9418498 1.0014521 0.9646771 0.9351402 1.1842536 1.2150702 1.5736807 1.4098432 1.4039195 1.7035535 1.2945514 1.5843053 1.6707508 1.3512098 2.3483354 7.1293391 4.1946955 
Cgig_XM_011426966.3                                    2.9964431 1.1843422 0.8700865 0.0000000 0.4530066 0.4909759 0.7641797 0.6119369 0.8776337 0.9088169 0.9317869 1.2533469 0.5284047 1.1100563 0.9578474 0.9384490 1.0647775 0.9544747 0.6971568 1.2042694 1.0577126 1.1048163 1.0714102 0.9340416 0.8910955 0.9338340 0.9717692 0.8988989 1.0890287 1.6417627 1.2586636 0.9267118 0.8478598 1.8737788 1.2559758 1.2452506 1.3693303 1.3693303 1.3627904 0.9282841 1.2143067 1.2454155 0.9350159 1.3395546 1.2984154 1.2473060 1.1892617 1.1491297 1.2984574 1.4388664 2.3646873 1.1243666 1.0064326 0.9912251 1.2705137 1.0371860 1.2408969 1.2454795 1.3281899 1.2280600 1.1758795 1.0592128 1.3468729 1.2462447 1.4237695 1.3174369 1.4237266 0.8361914 1.5843863 2.4898424 2.1984231 2.3015937 2.0149035 1.4556734 2.2603972 2.3029135 1.4951397 2.7198423 6.4200001 4.0986285 
Acagra_model.g19860.t1                                 2.8047574 1.1653192 0.8724448 0.4530066 0.0000000 0.4665072 0.7596132 0.5842099 0.8069947 0.9098900 0.9026419 1.2200594 0.4690682 1.0474287 0.9198715 0.9261697 0.9931805 0.9577665 0.6527879 1.1839734 1.0825948 1.1029517 1.0088996 0.9823298 0.7559504 0.8105728 0.8951118 0.8520143 1.0690843 1.5066571 1.2412824 0.9318182 0.9108332 2.0143766 1.2974455 0.9384116 1.3958861 1.3958861 1.3568653 0.9675429 1.2758149 1.3178709 0.9736436 1.3588195 1.2751406 1.2098361 1.1954894 1.1459848 1.3167949 1.3368418 1.9071848 1.0996288 0.9498288 0.9353173 1.3103354 1.0019998 1.2786045 1.2693399 1.3320473 1.1435629 1.1959300 0.9277040 1.2553601 1.1313181 1.2375656 1.2233785 1.4237741 0.9455470 1.3992595 2.6061811 2.2976588 2.3797266 1.9984870 1.4255389 2.2790312 2.1943372 1.3197172 2.9503263 6.3411182 4.1426210 
Ctel_gnl_WGS_AMQN_CAPTEDRAFT_mRNA150496                2.0648006 0.8916539 0.8434989 0.4909759 0.4665072 0.0000000 0.4648306 0.6435364 0.5887865 0.7204228 0.7081313 0.9889661 0.5585517 0.7825430 0.7141862 0.7326071 0.6858046 0.7448798 0.7387574 0.9574880 0.8315264 0.8607862 0.8142698 0.7716403 0.6775406 0.6938301 0.6742395 0.7101172 0.8859652 1.1215235 1.0880794 0.6451808 0.7518312 1.4408681 1.0165811 1.0436000 1.0609028 1.0609028 1.0665501 0.7797611 1.0927940 1.0653349 0.8252696 1.0149120 1.0204585 0.9456758 0.9433757 0.9433757 1.0327774 1.0095492 1.6081119 1.0598461 0.8067551 0.8067551 1.0153570 0.9798143 1.0066794 0.9898169 1.0126182 0.9697413 0.8742227 1.0565321 1.0046457 1.0060771 1.0752309 1.0460018 1.1924213 0.9758501 1.3896221 1.8842550 1.6205645 1.6970729 1.6793653 1.2880494 1.7049926 1.7418155 1.3621783 2.2798512 6.0851406 3.1738218 
Tcas_TC015649_001                                      3.3920250 1.2034154 0.8669425 0.7641797 0.7596132 0.4648306 0.0000000 0.5271756 0.6995268 0.9012497 0.9222361 1.1857466 0.4397489 1.0059689 0.8907393 0.9092946 0.9481127 0.8614435 0.5980658 1.1816893 0.9403870 0.9779463 0.9413374 0.8195700 0.9309457 0.8992208 1.0528114 0.8548873 1.0240718 1.5320484 1.2379157 0.9563424 0.7021756 2.2428340 1.2339884 1.0022521 1.4568740 1.4568740 1.3691393 0.7994468 1.0813408 1.1331146 0.8217073 1.2689928 1.3366430 1.3351579 1.2814653 1.2300367 1.3283226 1.4904188 2.6648403 0.8950273 1.0737878 1.0744868 1.3245097 0.9937831 1.2412000 1.2714845 1.2304234 1.2537259 1.1244747 1.3439460 1.2783008 1.1270130 1.3111297 1.2881050 1.5527649 1.1000847 1.4552501 2.4222510 2.1761617 2.2696084 2.1312450 1.3248375 2.2145690 2.3154240 1.4611265 2.8839763 5.6305170 4.1437318 
Dpul_mRNA21761                                         2.1860962 0.8321254 0.7723669 0.6119369 0.5842099 0.6435364 0.5271756 0.0000000 0.6040644 0.7431015 0.7566442 0.8952779 0.4999577 0.6942205 0.7008265 0.7246097 0.8435315 0.7512592 0.7872553 1.0306975 0.7343327 0.7610077 0.7557230 0.7290872 0.6425831 0.6788255 0.8386702 0.6528716 0.8971404 1.0596481 0.9978390 0.7189920 0.8115987 1.5684584 1.0936791 1.0807838 1.2241295 1.2241295 1.2322240 0.9302346 1.2753336 1.3744867 0.9620182 1.1061813 1.1465882 1.1120889 1.1392987 1.1392987 1.1476668 1.0870880 1.4356985 1.1569316 0.7600313 0.7600313 0.9688951 0.8950026 0.9779672 0.9762737 0.9447177 0.9077720 0.8327357 1.0850957 0.9346451 0.9433410 0.9837555 1.0117267 1.0945059 1.0976857 1.3820385 2.0086881 1.7297757 1.7617186 1.8134528 1.3420354 1.7051045 1.9607102 1.7637635 2.3612550 6.2702440 3.4955664 
Cscu_XM_023364769.1                                    3.0500303 1.2488611 0.9158078 0.8776337 0.8069947 0.5887865 0.6995268 0.6040644 0.0000000 1.0368736 0.9926536 1.3324619 0.6658953 1.1646634 1.0345682 1.0259861 1.1597512 1.0508714 0.7516293 1.2385300 1.1045412 1.1657907 1.1415486 1.0581767 0.7355176 0.8114614 1.0287038 0.9800473 1.0438644 1.5567811 1.2320390 0.9196711 0.9697601 2.0591791 1.3947281 1.3895840 1.5398715 1.5398715 1.5550616 1.0625895 1.4257871 1.4340396 1.0445737 1.4870980 1.4104260 1.4246053 1.3360525 1.2838825 1.5176647 1.5526283 2.2119998 1.1393978 1.0744599 1.0708672 1.2856719 0.9999535 1.2529052 1.2760786 1.2759396 1.1621779 1.2953842 1.2460018 1.4011879 1.1923003 1.2328560 1.1954935 1.5691086 1.4072394 1.5191900 2.6347175 2.2894008 2.4784011 2.0800701 1.4397622 2.5955793 2.4920772 1.5082093 2.7373788 6.0615014 3.8144708 
Fspp_ffun1.m4.11537.m1                                 3.5740916 1.1173239 0.7713482 0.9088169 0.9098900 0.7204228 0.9012497 0.7431015 1.0368736 0.0000000 0.1275183 0.4799424 0.1899719 0.2151058 0.2409015 0.2558191 0.6434345 0.6258957 0.5356467 1.1419988 0.9931890 1.0110909 1.0050825 0.9742052 0.7265977 0.8729185 0.9437437 0.8352612 0.9420972 1.3132270 1.0015944 0.9329112 1.0922633 1.7399317 1.3312023 1.3215208 1.4824890 1.4824890 1.3498894 1.0808387 1.5467651 1.4094053 1.0571596 1.4315113 1.3344762 1.2898391 1.2617389 1.2102257 1.2073593 1.3307092 1.8669642 1.0493236 1.0718914 1.0535536 1.1545570 0.8674206 1.1374608 1.1290847 1.1849280 1.0245575 1.2655449 0.9521249 1.3606013 1.1964138 1.3077247 1.3130063 1.2611977 1.1266080 1.4427116 2.3982431 2.0954950 2.2155037 1.8900685 1.3924247 2.2269377 2.3000455 1.5685385 2.7110145 6.5677464 3.8574765 
Gasp_gasp1.m3.21037.m1                                 3.4695021 1.2025569 0.8381022 0.9317869 0.9026419 0.7081313 0.9222361 0.7566442 0.9926536 0.1275183 0.0000000 0.4846422 0.1965963 0.2470242 0.3241528 0.3502200 0.6589098 0.6240115 0.5008015 1.1266542 1.1097099 1.0533293 1.0357933 1.0178751 0.7269906 0.8433367 1.0137014 0.8972060 0.9739001 1.3541699 1.1012611 0.9627838 1.0631789 1.6886534 1.3420163 1.3060965 1.4644521 1.4644521 1.3670832 1.0444890 1.6353171 1.2364700 0.9401981 1.3973073 1.2603101 1.2858171 1.2611949 1.2106015 1.2324279 1.3705352 1.9609210 1.0652196 1.0821627 1.0619698 1.2460019 0.9079928 1.2027292 1.2242713 1.2312609 1.0947934 1.3222642 1.0316669 1.3070978 1.1804398 1.2858430 1.2337441 1.2745387 1.1944798 1.5547370 2.4417415 2.4417415 2.4420523 1.9583954 1.4619917 2.5941267 2.4829541 1.5648847 2.6510789 7.4775776 3.7166068 
Amil_Amillepora11348-RA                                3.2820496 1.4332792 1.0540628 1.2533469 1.2200594 0.9889661 1.1857466 0.8952779 1.3324619 0.4799424 0.4846422 0.0000000 0.0168857 0.3613339 0.6483637 0.6558697 0.9124095 0.9098572 0.6509949 1.3618131 1.3100996 1.3365079 1.3367451 1.2697025 1.1224587 1.2155869 1.2730002 1.0998543 1.3465104 1.5109311 1.4030612 1.2936092 0.9343258 1.8950799 1.6409908 9.0000000 1.6861183 1.6861183 1.7729062 1.4602604 2.9050503 3.2383489 1.2634539 1.6912342 1.5912067 1.6164369 1.2895658 1.2725259 1.5441188 1.7176737 2.0998633 1.0582287 1.3097217 1.2783934 1.5471368 1.2522284 1.5612911 1.5900716 1.5451544 1.4240296 1.5581778 2.4304534 1.6801963 1.4880982 1.5648667 1.4751032 1.5927451 2.2717376 1.7461851 2.3065923 2.0809692 2.1924306 2.2401995 1.6937954 2.2854299 2.1060660 1.7173648 3.0669902 6.8215292 3.9132121 
Adig_XM_015894054.1                                    0.9869914 0.5035173 0.5035173 0.5284047 0.4690682 0.5585517 0.4397489 0.4999577 0.6658953 0.1899719 0.1965963 0.0168857 0.0000000 0.1560536 0.3117330 0.2960313 0.2757811 0.3144687 0.3519667 0.5083150 0.5807058 0.5289243 0.5298960 0.4459365 0.4786588 0.4374892 0.4917470 0.5260201 0.5872012 0.4961211 0.7173369 0.4979134 0.7341417 0.3754607 0.6669807 0.2415970 0.6645305 0.6645305 0.6770674 0.6559274 1.6216401 0.9644522 0.6218897 0.7399725 0.7410736 0.7533007 0.7696132 0.7696132 0.6635441 0.6562205 0.7245589 0.9732569 0.5064763 0.5064763 0.6990157 0.6249544 0.5762419 0.5762419 0.6068846 0.6053411 0.7267835 0.0000010 0.8736832 0.8401053 0.7614221 0.7105103 0.6164666 0.0000010 0.7487921 1.3134154 1.3134154 1.3134154 1.1415091 1.1591944 1.2028746 1.4549589 0.9055178 1.4452056 5.2167703 8.1722248 
Gfas_gfas1.m1.21423.m1                                 3.6633371 1.2350848 0.7866579 1.1100563 1.0474287 0.7825430 1.0059689 0.6942205 1.1646634 0.2151058 0.2470242 0.3613339 0.1560536 0.0000000 0.3797478 0.4048648 0.7404934 0.7170739 0.4102422 1.1982279 1.1117424 1.0807596 1.1151784 1.0979656 0.8166787 1.0357208 1.1012944 0.9118578 1.1915552 1.1975334 1.2324070 1.1099676 0.8625395 1.7743226 1.3239557 0.0000010 1.4837561 1.4837561 1.3667847 0.8167530 2.1098037 2.2976083 0.8384402 1.4598747 1.2488070 1.3079718 1.2319787 1.1653362 1.2467149 1.3909652 1.9505615 0.9489669 1.1572806 1.1237867 1.2656265 0.8257563 1.2649191 1.2752728 1.2905440 1.1122589 1.3212264 1.3077670 1.4831747 1.3078157 1.2254590 1.3014487 1.3724157 0.0000010 1.4737191 2.2265204 1.9810648 2.1089191 1.8921685 1.1514900 1.9469806 1.7624927 1.4922821 2.5711171 6.3625494 3.1923152 
Spis_XP_022792347_1                                    3.6686011 1.1961260 0.8649371 0.9578474 0.9198715 0.7141862 0.8907393 0.7008265 1.0345682 0.2409015 0.3241528 0.6483637 0.3117330 0.3797478 0.0000000 0.1073021 0.6759325 0.6743934 0.5698096 1.1181905 0.9767060 0.9690476 0.9623623 0.9147341 0.7820563 0.9547315 0.9454814 0.9107656 0.9614555 1.2491076 0.9803151 0.9257798 1.0398141 1.7576126 1.2994540 1.0554906 1.3793097 1.3793097 1.2761899 1.0188282 1.4314888 1.3820067 1.0268488 1.2817959 1.2937843 1.2402259 1.2271964 1.2153051 1.2271804 1.3687513 1.9378900 1.1700928 1.1214851 1.0977876 1.2042888 0.9076088 1.1694825 1.1700611 1.2581818 1.1640100 1.3039163 1.0443353 1.3353670 1.1067963 1.3106674 1.2221867 1.2933912 0.9509314 1.5227078 2.3607430 2.0613929 2.1793066 1.8263640 1.4228076 2.2522132 2.4169297 1.5715226 2.6957859 6.8006140 3.7615113 
Pocdam_XM_027188634.1                                  3.6175974 1.1855913 0.8507407 0.9384490 0.9261697 0.7326071 0.9092946 0.7246097 1.0259861 0.2558191 0.3502200 0.6558697 0.2960313 0.4048648 0.1073021 0.0000000 0.6874053 0.6794738 0.5766929 1.0782456 0.9395652 0.9620765 0.9123863 0.9321215 0.7385863 0.9015646 0.9103570 0.9032106 0.9459085 1.2473699 0.9634674 0.9533221 1.0334188 1.8217924 1.3046291 1.0554906 1.3777389 1.3777389 1.2782222 1.0250989 1.4445937 1.3076034 1.0359970 1.2622291 1.2547386 1.2352125 1.2216880 1.2124381 1.1835373 1.3845789 2.0639333 1.2579846 1.1643555 1.1397649 1.2004765 0.9165221 1.1871309 1.1766283 1.2556761 1.1455141 1.2913070 1.0456748 1.3292093 1.0768266 1.3182979 1.1840884 1.2761410 0.9842829 1.5794516 2.3550851 2.0255280 2.1223643 1.8788117 1.3405612 2.2659030 2.3199006 1.6457098 2.6557684 7.0114245 3.6836907 
Exapal_XM_021061691.2                                  3.5966316 1.2215122 0.8798489 1.0647775 0.9931805 0.6858046 0.9481127 0.8435315 1.1597512 0.6434345 0.6589098 0.9124095 0.2757811 0.7404934 0.6759325 0.6874053 0.0000000 0.5749692 0.5786184 1.1963607 1.1156896 1.0494603 1.0830980 1.0881949 0.9152202 0.9815664 0.9163298 0.9712281 0.9874351 1.3793811 1.0843906 1.0115666 0.9109489 1.5387575 1.1965735 1.3207281 1.3141356 1.3141356 1.2931397 1.0004843 1.4032326 1.3750608 0.9464638 1.2002021 1.2015178 1.1972817 1.1691602 1.1469744 1.2374813 1.2620602 1.7393993 1.0893349 1.2448750 1.2332757 1.2916029 0.9656502 1.2141157 1.1966524 1.3108385 1.1922647 1.2178222 0.8731264 1.2950044 1.0681912 1.3119063 1.1767455 1.2809858 1.1346165 1.3948014 2.7100523 2.3139679 2.4672915 2.0083708 1.4753743 2.0314510 2.2702082 1.4266098 2.5205165 6.8404966 3.1933004 
Nvec_v1g172911                                         3.1621431 1.1790887 0.8837897 0.9544747 0.9577665 0.7448798 0.8614435 0.7512592 1.0508714 0.6258957 0.6240115 0.9098572 0.3144687 0.7170739 0.6743934 0.6794738 0.5749692 0.0000000 0.6404893 1.1625583 0.9543412 0.9773734 0.9486899 0.9590852 0.9260646 0.9921125 0.9769966 0.8626857 0.9229264 1.2876244 1.0228247 1.0050657 0.9203683 1.7330447 1.2377420 0.9740588 1.2990730 1.2990730 1.2569157 0.9763691 1.3811773 1.2302641 0.9166553 1.2771846 1.3085697 1.3073303 1.3181321 1.2965853 1.2296928 1.3097718 1.8045467 1.0129210 1.0789122 1.0605102 1.3430838 1.0062894 1.2939097 1.2912665 1.2836415 1.2092683 1.2205198 0.8595120 1.2783467 1.1264714 1.3185008 1.2705887 1.2742554 0.9459825 1.5844023 2.6062210 2.2355169 2.4127816 1.9170403 1.2789072 2.1836605 2.3005024 1.3681663 2.8733157 6.9704605 3.8913225 
Hvul_g21392_1                                          1.4426075 0.8800391 0.8800391 0.6971568 0.6527879 0.7387574 0.5980658 0.7872553 0.7516293 0.5356467 0.5008015 0.6509949 0.3519667 0.4102422 0.5698096 0.5766929 0.5786184 0.6404893 0.0000000 0.4756703 0.7613477 0.6956807 0.6495220 0.6585368 0.6168533 0.6812465 0.6429138 0.6318436 0.6317353 0.6390183 0.7246283 0.7137240 1.0912785 0.4873480 0.9619920 1.0909370 1.0024406 1.0024406 1.1029887 1.0496961 1.4188646 1.3868287 0.9867036 0.9832766 1.0503732 0.9842789 0.9662274 0.9662274 0.8966186 1.0212071 0.5896653 1.0935628 0.7342759 0.7342759 0.9202728 0.8908674 0.8776627 0.8989219 0.9377779 0.8453016 0.9286585 1.0922852 1.0084813 0.9028220 0.9058113 0.9339382 0.8382594 0.9736431 0.8569565 1.6280746 1.2885215 1.3265780 1.3821511 1.3343681 1.2378970 1.9289647 0.7494447 1.9588075 6.3691928 6.6245908 
Chem_TCONS_00023798                                    3.3346020 1.2761628 0.9871987 1.2042694 1.1839734 0.9574880 1.1816893 1.0306975 1.2385300 1.1419988 1.1266542 1.3618131 0.5083150 1.1982279 1.1181905 1.0782456 1.1963607 1.1625583 0.4756703 0.0000000 1.2578841 1.3172132 1.2153114 1.2227042 1.0715510 1.1204680 1.1438734 0.9781769 1.1954869 1.6623652 1.3155068 1.1771737 1.1548825 2.1508023 1.4594699 1.1608761 1.4666993 1.4666993 1.3964795 1.0809680 1.4770806 1.3779421 1.0634663 1.4646878 1.3974184 1.3760613 1.4254071 1.3595327 1.3970138 1.5871437 2.4922874 1.2513688 1.1266925 1.1034513 1.3317863 1.0077457 1.3024014 1.3142290 1.2891586 1.2859979 1.4925666 1.1188888 1.3656463 1.1460185 1.2703175 1.2369133 1.1838739 1.1100087 1.5445958 2.5156986 2.2284170 2.3403726 1.9610876 1.3328608 2.3972716 2.1454178 1.3943943 2.5343360 6.9407406 3.7517261 
Aaur_scaffold234.g19.t1                                2.4471469 1.1701793 0.8981249 1.0577126 1.0825948 0.8315264 0.9403870 0.7343327 1.1045412 0.9931890 1.1097099 1.3100996 0.5807058 1.1117424 0.9767060 0.9395652 1.1156896 0.9543412 0.7613477 1.2578841 0.0000000 0.4215216 0.4356764 0.4939902 1.0365748 1.1125700 0.9519690 0.8705861 1.2202412 1.5782001 1.3239211 1.0654889 0.9595720 2.1239717 1.3545895 1.1168963 1.4457280 1.4457280 1.4366143 1.0042575 1.3374316 1.2818066 1.0273152 1.4125399 1.4799585 1.4617312 1.4558055 1.3913539 1.5012059 1.5412988 2.5613483 1.3728475 1.2732970 1.2428917 1.2456872 0.9938778 1.1474883 1.1824246 1.2900068 1.2249187 1.2740053 1.1492459 1.3626923 1.1411974 1.2687717 1.3156999 1.3727423 1.0683422 1.3756449 1.8967611 1.6977884 1.7718363 1.7451628 1.4262019 2.2937301 2.1306272 1.5246381 3.0556806 6.3273981 4.3963788 
Nemnom_g14632.t1                                       2.8002361 1.1664118 0.9112191 1.1048163 1.1029517 0.8607862 0.9779463 0.7610077 1.1657907 1.0110909 1.0533293 1.3365079 0.5289243 1.0807596 0.9690476 0.9620765 1.0494603 0.9773734 0.6956807 1.3172132 0.4215216 0.0000000 0.2253824 0.5149893 1.0617147 1.1267025 1.0603027 0.9016671 1.0557953 1.3358439 1.1679777 1.0215515 0.9293162 1.8798064 1.2682213 1.1428004 1.3924256 1.3924256 1.3290511 0.9172315 1.2589663 1.2242358 0.9275939 1.3220523 1.3458849 1.2779643 1.2966417 1.2370125 1.3851483 1.3113954 2.2009969 1.2059779 1.1989568 1.2035083 1.2136835 0.9052952 1.1317369 1.1447742 1.2376088 1.1345710 1.3417147 0.8814281 1.4458064 1.1685386 1.3307535 1.3308309 1.3264436 1.0969300 1.3853545 2.1458498 1.8917882 1.9930466 1.6706604 1.3214961 2.1307076 2.1169362 1.2667383 2.8604917 6.6597911 4.0921818 
Rhoesc_Res_004967-T1                                   2.8148623 1.0972548 0.8283545 1.0714102 1.0088996 0.8142698 0.9413374 0.7557230 1.1415486 1.0050825 1.0357933 1.3367451 0.5298960 1.1151784 0.9623623 0.9123863 1.0830980 0.9486899 0.6495220 1.2153114 0.4356764 0.2253824 0.0000000 0.4663829 0.9692446 1.0669560 1.0074547 0.8263835 1.0723569 1.4121890 1.2228792 0.9993719 0.9362765 1.9180434 1.2662867 1.0860944 1.3108493 1.3108493 1.2575233 0.9651864 1.3168342 1.3612590 0.9947057 1.2703480 1.3535141 1.2527491 1.2753326 1.2221480 1.4114998 1.3647377 2.1014283 1.2856020 1.1928152 1.1869954 1.1815950 0.9073831 1.1478849 1.1600347 1.2211541 1.1963668 1.2555765 0.8600225 1.3936614 1.1652764 1.3725679 1.3684760 1.3860131 0.8848086 1.4427862 2.1570953 1.8709399 2.0032891 1.7145856 1.3306301 2.2361544 2.0161725 1.2965985 2.6884202 5.8307038 3.7266122 
Sanmal_Sma_005802-T1                                   2.6618224 1.0912019 0.8708925 0.9340416 0.9823298 0.7716403 0.8195700 0.7290872 1.0581767 0.9742052 1.0178751 1.2697025 0.4459365 1.0979656 0.9147341 0.9321215 1.0881949 0.9590852 0.6585368 1.2227042 0.4939902 0.5149893 0.4663829 0.0000000 0.9481296 1.0510134 0.9905038 0.8478594 1.0256092 1.3391502 1.1705261 0.9340584 0.8753214 1.8875013 1.2409241 1.1078354 1.3323442 1.3323442 1.2871729 0.9148805 1.1990138 1.2957176 0.9461875 1.2740679 1.2986318 1.2373472 1.2014244 1.1740393 1.3709365 1.4355561 2.4010499 1.2861936 1.0465955 1.0350884 1.1859348 0.9076639 1.1095784 1.1228087 1.1972823 1.1710222 1.1385167 0.8540423 1.2970645 1.1556832 1.2469002 1.2853473 1.3715771 0.9340741 1.3509551 2.2529290 1.9895633 2.0851528 1.8029207 1.3972982 2.1573531 2.2611632 1.5974049 2.8683618 7.0663514 3.9770601 
Hsap_ENST00000378165                                   3.4049949 1.1800988 0.8265563 0.8910955 0.7559504 0.6775406 0.9309457 0.6425831 0.7355176 0.7265977 0.7269906 1.1224587 0.4786588 0.8166787 0.7820563 0.7385863 0.9152202 0.9260646 0.6168533 1.0715510 1.0365748 1.0617147 0.9692446 0.9481296 0.0000000 0.3981125 0.7655678 0.8334594 0.9702843 1.2463995 1.1646317 0.7572042 0.9472035 1.7256195 1.2140502 0.9736382 1.4079849 1.4079849 1.3108356 0.9826727 1.3565816 1.3846072 0.9744886 1.2279758 1.3348443 1.2672330 1.2515882 1.2131236 1.3506311 1.3330381 1.8548890 1.0350957 0.9492702 0.9388700 1.1108117 0.8763158 1.0979244 1.0936673 1.1665979 1.0622565 1.1281502 1.0376568 1.0990838 0.9824262 1.0688721 0.9487558 1.2420350 1.2184619 1.2371289 2.4826962 2.1262108 2.2188406 1.8910547 1.3063299 2.2805463 2.0320858 1.5872939 2.9427894 6.2630654 3.7349627 
Hsap_ENST00000258960                                   3.1698731 1.1854920 0.8654847 0.9338340 0.8105728 0.6938301 0.8992208 0.6788255 0.8114614 0.8729185 0.8433367 1.2155869 0.4374892 1.0357208 0.9547315 0.9015646 0.9815664 0.9921125 0.6812465 1.1204680 1.1125700 1.1267025 1.0669560 1.0510134 0.3981125 0.0000000 0.8298700 0.9412809 1.0366687 1.3680612 1.2152031 0.8376425 0.8139534 1.6572759 1.1418950 1.1536124 1.3526596 1.3526596 1.2228111 0.9276594 1.2364012 1.3648428 0.9336423 1.1941247 1.2393710 1.2341070 1.1934867 1.1898278 1.2660154 1.2837428 2.0813496 1.1481055 1.0287118 1.0259822 1.1424766 0.7880086 1.1387611 1.1385326 1.1721626 1.1643937 1.2039633 1.1093059 1.1081894 0.9785794 1.1408837 1.0289798 1.2539852 1.0455668 1.2832559 2.3507031 2.0920541 2.2815050 1.9841038 1.3213459 2.2820950 2.1913346 1.5250811 2.6625196 6.9290967 3.0452214 
Bralan_BLAG10000203_1                                  2.7879826 1.1242930 0.8349388 0.9717692 0.8951118 0.6742395 1.0528114 0.8386702 1.0287038 0.9437437 1.0137014 1.2730002 0.4917470 1.1012944 0.9454814 0.9103570 0.9163298 0.9769966 0.6429138 1.1438734 0.9519690 1.0603027 1.0074547 0.9905038 0.7655678 0.8298700 0.0000000 0.9136404 1.1577687 1.4634584 1.3110423 0.8479091 0.7682998 1.8497673 1.1630010 1.1433151 1.3179897 1.3179897 1.1564416 0.8874751 1.1657047 1.2487192 0.9379314 1.3671467 1.3197891 1.3034936 1.2601814 1.2119420 1.2062126 1.3901474 2.2761670 1.2236943 0.9657572 0.9585404 1.3108620 1.0063640 1.2335142 1.2234578 1.2557714 1.2822736 1.1627016 0.9143019 1.3239636 1.0960534 1.3243492 1.2459245 1.4245830 0.8251806 1.3853575 2.4049689 2.1106613 2.2063227 2.0256927 1.3140271 2.3940755 2.3706089 1.6846920 2.4871378 6.2408185 4.6657473 
Morvir_scaffold51.g49.t2                               3.1973628 1.1506966 0.8085143 0.8988989 0.8520143 0.7101172 0.8548873 0.6528716 0.9800473 0.8352612 0.8972060 1.0998543 0.5260201 0.9118578 0.9107656 0.9032106 0.9712281 0.8626857 0.6318436 0.9781769 0.8705861 0.9016671 0.8263835 0.8478594 0.8334594 0.9412809 0.9136404 0.0000000 0.9504793 1.5464897 1.1273518 0.9832713 0.9445329 1.7922794 1.2612195 1.1739994 1.3301484 1.3301484 1.1780599 1.0340247 1.4196201 1.2935726 1.0512343 1.4053488 1.2513683 1.1903103 1.1997563 1.1445572 1.3038518 1.3907281 2.1000374 1.1888673 1.0211325 0.9976262 1.1158011 0.9522559 1.1491497 1.1515879 1.1545653 1.0376195 1.2038329 0.8528948 1.1310666 1.0190308 1.1915551 1.2462032 1.3532882 0.9699658 1.3392969 2.2254353 1.9658804 2.0570284 1.7175296 1.2630803 1.8098306 1.9454928 1.1782705 2.5372925 5.2761795 3.2254992 
Dgig_XM_028536667.1                                    3.4477272 1.2574427 0.9760964 1.0890287 1.0690843 0.8859652 1.0240718 0.8971404 1.0438644 0.9420972 0.9739001 1.3465104 0.5872012 1.1915552 0.9614555 0.9459085 0.9874351 0.9229264 0.6317353 1.1954869 1.2202412 1.0557953 1.0723569 1.0256092 0.9702843 1.0366687 1.1577687 0.9504793 0.0000000 0.5109640 0.3822119 1.0857233 1.1313092 2.1310464 1.4723819 1.1056967 1.5628214 1.5628214 1.4080024 1.1617173 1.5792716 1.4775474 1.0325100 1.5636127 1.4193645 1.3054969 1.3704768 1.3160014 1.4489310 1.4846390 2.1504706 1.0977673 1.1761041 1.1625181 1.4382128 1.0483035 1.3367778 1.3450979 1.4495154 1.2392259 1.2853688 1.2218526 1.3543526 1.2554494 1.3751222 1.3238842 1.5594730 1.2825770 1.5321581 2.2158961 2.0087440 2.1399787 1.8675412 1.4064902 2.2311449 2.4257041 1.4511795 2.4716744 5.7836953 3.7380879 
Xesp_009611-T1                                         4.2936358 1.8208421 1.2964668 1.6417627 1.5066571 1.1215235 1.5320484 1.0596481 1.5567811 1.3132270 1.3541699 1.5109311 0.4961211 1.1975334 1.2491076 1.2473699 1.3793811 1.2876244 0.6390183 1.6623652 1.5782001 1.3358439 1.4121890 1.3391502 1.2463995 1.3680612 1.4634584 1.5464897 0.5109640 0.0000000 0.1912721 1.5544487 0.9061568 2.4377051 1.5654196 0.2751868 1.6760562 1.6760562 1.4286891 0.7874183 1.8275584 1.9991894 0.7239822 1.4853219 1.4602300 1.3894834 1.3974663 1.3029419 1.4530715 1.5907147 2.5287758 0.8713478 1.4730881 1.4346109 1.8147591 1.3937196 1.6528348 1.6704823 1.7179142 1.6325000 1.7261571 6.1707261 1.8425655 1.6001374 1.8174429 1.6637772 1.8004147 7.3651483 1.3254678 2.1471081 2.1471081 2.1893363 2.0389369 1.4365341 2.4347696 2.4469569 2.1111408 2.6650710 7.4015346 5.1379992 
Xesp_009605-T1                                         4.3437314 1.5099621 1.1355633 1.2586636 1.2412824 1.0880794 1.2379157 0.9978390 1.2320390 1.0015944 1.1012611 1.4030612 0.7173369 1.2324070 0.9803151 0.9634674 1.0843906 1.0228247 0.7246283 1.3155068 1.3239211 1.1679777 1.2228792 1.1705261 1.1646317 1.2152031 1.3110423 1.1273518 0.3822119 0.1912721 0.0000000 1.2895269 1.1218571 1.8663220 1.3858349 1.2705548 1.6303085 1.6303085 1.5346130 1.2042734 1.6142341 1.4579563 1.0931424 1.5572104 1.5350264 1.3529830 1.3960045 1.3435166 1.5103079 1.6204845 2.2509226 1.1061982 1.2817873 1.2610028 1.5147332 1.1098940 1.3825357 1.4005725 1.4529837 1.3337075 1.3939021 1.0484446 1.3727811 1.3343748 1.5218877 1.4441881 1.5622146 1.3637706 1.5074435 2.6475139 2.3202585 2.5236331 2.0132488 1.4422943 2.2840208 2.6118826 1.2798620 2.3383242 6.9156533 4.4279458 
Skow_XM_006824854.1                                    2.6010428 1.1348005 0.8741454 0.9267118 0.9318182 0.6451808 0.9563424 0.7189920 0.9196711 0.9329112 0.9627838 1.2936092 0.4979134 1.1099676 0.9257798 0.9533221 1.0115666 1.0050657 0.7137240 1.1771737 1.0654889 1.0215515 0.9993719 0.9340584 0.7572042 0.8376425 0.8479091 0.9832713 1.0857233 1.5544487 1.2895269 0.0000000 0.8219669 1.8268658 1.1906679 1.0205143 1.4006975 1.4006975 1.2553691 0.8268461 1.1308847 1.1986292 0.8408245 1.2738540 1.2393578 1.2321813 1.2269630 1.1924639 1.3667306 1.2998867 2.1163714 1.1248896 1.0005022 0.9994772 1.2985088 0.9311748 1.1987117 1.2134899 1.2578514 1.2158677 1.3252876 1.0088246 1.2056244 1.1299926 1.2893726 1.1859870 1.4848800 1.0130886 1.4473243 2.3857095 2.1611685 2.2218300 1.7693280 1.1553370 2.2144968 2.2197836 1.9215641 2.7920100 7.6583548 3.9017974 
Pbac_sb2642636                                         1.6931457 1.1588890 1.1588890 0.8478598 0.9108332 0.7518312 0.7021756 0.8115987 0.9697601 1.0922633 1.0631789 0.9343258 0.7341417 0.8625395 1.0398141 1.0334188 0.9109489 0.9203683 1.0912785 1.1548825 0.9595720 0.9293162 0.9362765 0.8753214 0.9472035 0.8139534 0.7682998 0.9445329 1.1313092 0.9061568 1.1218571 0.8219669 0.0000000 0.0000010 0.0065437 0.0000010 0.3067145 0.3067145 0.3268194 0.2864995 0.4718840 0.4767683 0.2886928 0.3637397 0.4706889 0.4502871 0.4649038 0.4649038 0.3574119 0.4409708 0.9333370 0.8482054 0.9394377 0.9394377 1.1046511 1.0907742 1.1494952 1.0819985 1.0684707 1.0812208 0.8245873 1.2291767 1.1586227 1.1550611 1.2047728 1.2555788 1.0407842 1.3316344 1.0149417 2.1442247 1.6901142 1.7113548 1.8365958 1.7222276 1.5415661 1.7724410 0.0000010 2.7147208 6.6641311 5.5237231 
Pbac_sb2643343                                         4.4642668 2.4243579 1.9665791 1.8737788 2.0143766 1.4408681 2.2428340 1.5684584 2.0591791 1.7399317 1.6886534 1.8950799 0.3754607 1.7743226 1.7576126 1.8217924 1.5387575 1.7330447 0.4873480 2.1508023 2.1239717 1.8798064 1.9180434 1.8875013 1.7256195 1.6572759 1.8497673 1.7922794 2.1310464 2.4377051 1.8663220 1.8268658 0.0000010 0.0000000 0.0072567 0.0000010 0.6433284 0.6433284 0.6464066 0.0000010 0.0000010 0.0000010 0.1718590 0.6983848 0.7380859 0.7978844 0.6634958 0.6610974 0.5851953 0.8202210 0.8202210 0.1360723 1.7979235 1.7979235 1.9100809 1.2997777 1.9085937 1.9085937 2.0056735 2.1459160 2.0846347 0.0000010 2.4570917 2.6523076 2.0303539 1.9778065 2.5292521 0.0000010 3.0641784 2.8265323 2.8265323 2.8560086 2.3176270 1.2411524 2.1769632 2.3672903 1.7178966 2.7474164 8.2591156 3.1029199 
Horcal_Hcv1.av93.c1.g1682.i1                           3.9129031 1.6717955 1.4709360 1.2559758 1.2974455 1.0165811 1.2339884 1.0936791 1.3947281 1.3312023 1.3420163 1.6409908 0.6669807 1.3239557 1.2994540 1.3046291 1.1965735 1.2377420 0.9619920 1.4594699 1.3545895 1.2682213 1.2662867 1.2409241 1.2140502 1.1418950 1.1630010 1.2612195 1.4723819 1.5654196 1.3858349 1.1906679 0.0065437 0.0072567 0.0000000 0.0000010 0.4231256 0.4231256 0.4233468 0.2790603 0.4074049 0.4267265 0.2892853 0.4854695 0.5832758 0.5995257 0.5658928 0.5626320 0.4820760 0.6194911 0.8423681 0.5867035 1.3127868 1.3127868 1.4196782 1.1675748 1.4326021 1.3940402 1.4232358 1.4168548 1.3418769 1.3544463 1.6122331 1.6482360 1.5444167 1.5399351 1.5541714 1.5232689 1.6227783 2.4892616 2.2089886 2.3060181 2.0036926 1.7147998 1.8149718 2.0801841 1.7107951 2.7392168 7.4449299 3.6861481 
Pbac_sb2643110                                         0.5931636 1.2311827 1.2311827 1.2452506 0.9384116 1.0436000 1.0022521 1.0807838 1.3895840 1.3215208 1.3060965 9.0000000 0.2415970 0.0000010 1.0554906 1.0554906 1.3207281 0.9740588 1.0909370 1.1608761 1.1168963 1.1428004 1.0860944 1.1078354 0.9736382 1.1536124 1.1433151 1.1739994 1.1056967 0.2751868 1.2705548 1.0205143 0.0000010 0.0000010 0.0000010 0.0000000 0.2439313 0.2439313 0.2953406 0.2856272 0.2856272 0.3221080 0.3221080 0.3929474 0.5236681 0.4614132 0.0000010 0.0000010 0.5070265 0.4958636 0.0000010 0.7094716 0.7908336 0.7908336 1.8410991 1.3603480 1.3121988 1.3121988 1.4586026 0.9841018 1.5478469 2.5966209 1.4736634 1.4030210 1.3226495 1.2470548 1.2899941 1.7830364 1.9762710 0.0000010 0.0000010 0.0000010 1.5269827 1.6779642 0.0000010 8.9999988 0.0000010 0.0000010 8.9999984 9.0000000 
Bolinf_Binf_sb1224844                                  3.5232090 1.6255295 1.3958998 1.3693303 1.3958861 1.0609028 1.4568740 1.2241295 1.5398715 1.4824890 1.4644521 1.6861183 0.6645305 1.4837561 1.3793097 1.3777389 1.3141356 1.2990730 1.0024406 1.4666993 1.4457280 1.3924256 1.3108493 1.3323442 1.4079849 1.3526596 1.3179897 1.3301484 1.5628214 1.6760562 1.6303085 1.4006975 0.3067145 0.6433284 0.4231256 0.2439313 0.0000000 0.0000010 0.3312035 0.2543318 0.3682825 0.3002990 0.1902568 0.3018410 0.4051461 0.3842406 0.3452859 0.3416708 0.3159193 0.4378408 0.5013170 0.4791520 1.4203395 1.3818520 1.5917103 1.2391236 1.5497287 1.5365280 1.4900245 1.5349128 1.3549888 1.4208385 1.6632809 1.5482610 1.4490107 1.4398163 1.4832365 1.7469572 1.6424615 2.3588246 2.2200538 2.2238046 2.1132755 1.7219510 2.1848679 2.2386224 1.8500040 3.2059948 7.2007041 5.1380067 
Mertsp_Mesp_sb569158                                   3.5232090 1.6255295 1.3958998 1.3693303 1.3958861 1.0609028 1.4568740 1.2241295 1.5398715 1.4824890 1.4644521 1.6861183 0.6645305 1.4837561 1.3793097 1.3777389 1.3141356 1.2990730 1.0024406 1.4666993 1.4457280 1.3924256 1.3108493 1.3323442 1.4079849 1.3526596 1.3179897 1.3301484 1.5628214 1.6760562 1.6303085 1.4006975 0.3067145 0.6433284 0.4231256 0.2439313 0.0000010 0.0000000 0.3312035 0.2543318 0.3682825 0.3002990 0.1902568 0.3018410 0.4051461 0.3842406 0.3452859 0.3416708 0.3159193 0.4378408 0.5013170 0.4791520 1.4203395 1.3818520 1.5917103 1.2391236 1.5497287 1.5365280 1.4900245 1.5349128 1.3549888 1.4208385 1.6632809 1.5482610 1.4490107 1.4398163 1.4832365 1.7469572 1.6424615 2.3588246 2.2200538 2.2238046 2.1132755 1.7219510 2.1848679 2.2386224 1.8500040 3.2059948 7.2007041 5.1380067 
Drygla_Dgla_sb283032                                   2.6844487 1.4647735 1.3599371 1.3627904 1.3568653 1.0665501 1.3691393 1.2322240 1.5550616 1.3498894 1.3670832 1.7729062 0.6770674 1.3667847 1.2761899 1.2782222 1.2931397 1.2569157 1.1029887 1.3964795 1.4366143 1.3290511 1.2575233 1.2871729 1.3108356 1.2228111 1.1564416 1.1780599 1.4080024 1.4286891 1.5346130 1.2553691 0.3268194 0.6464066 0.4233468 0.2953406 0.3312035 0.3312035 0.0000000 0.2086692 0.3004398 0.3214416 0.2368023 0.3507854 0.4466291 0.4143269 0.4409116 0.4259343 0.4071757 0.4774056 0.6642677 0.5493477 1.3746589 1.3746589 1.4581589 1.1453206 1.3725272 1.3368607 1.3503290 1.3349070 1.3799602 1.4719685 1.5437245 1.5490589 1.3625900 1.3940008 1.3365016 1.6818535 1.6476490 2.4328725 2.2677103 2.2662684 2.1003921 1.8337133 2.1266165 2.3825616 1.8112385 2.6874450 6.9299124 5.1567385 
Bolinf_Binf_sb1277673                                  1.1895126 1.2022822 1.2022822 0.9282841 0.9675429 0.7797611 0.7994468 0.9302346 1.0625895 1.0808387 1.0444890 1.4602604 0.6559274 0.8167530 1.0188282 1.0250989 1.0004843 0.9763691 1.0496961 1.0809680 1.0042575 0.9172315 0.9651864 0.9148805 0.9826727 0.9276594 0.8874751 1.0340247 1.1617173 0.7874183 1.2042734 0.8268461 0.2864995 0.0000010 0.2790603 0.2856272 0.2543318 0.2543318 0.2086692 0.0000000 0.0000010 0.1194991 0.1117576 0.2071610 0.3885722 0.3216310 0.3325859 0.3325859 0.3289220 0.3386062 0.0000010 0.7700718 0.9143834 0.9143834 1.0677717 1.0416361 0.9980676 0.9517909 1.0377176 1.0198902 1.0120712 1.4645962 1.2512283 1.1546709 1.1330385 1.0919774 0.9028557 1.6405674 0.9773056 1.9696195 1.6097000 1.5652958 1.7707925 1.6760099 1.6381758 2.4886119 0.0000010 3.6266648 6.7333943 8.9999989 
Mertsp_Mesp_sb558819                                   0.9786703 1.7012797 1.7012797 1.2143067 1.2758149 1.0927940 1.0813408 1.2753336 1.4257871 1.5467651 1.6353171 2.9050503 1.6216401 2.1098037 1.4314888 1.4445937 1.4032326 1.3811773 1.4188646 1.4770806 1.3374316 1.2589663 1.3168342 1.1990138 1.3565816 1.2364012 1.1657047 1.4196201 1.5792716 1.8275584 1.6142341 1.1308847 0.4718840 0.0000010 0.4074049 0.2856272 0.3682825 0.3682825 0.3004398 0.0000010 0.0000000 0.1194991 0.1497962 0.2800603 0.4797963 0.4287929 0.4980986 0.4980986 0.4703573 0.4618902 0.0000010 4.0655485 1.1560684 1.1560684 1.4359780 1.4004085 1.3438940 1.2652674 1.3898791 1.3198097 1.4350483 1.4645962 1.5673597 1.4563166 1.4315929 1.4277571 1.1274987 1.6405674 1.3674857 4.7122496 2.6861690 3.7246978 2.2031220 2.0697150 2.3240994 4.0204516 0.0000010 7.7235732 7.9847234 8.9999983 
Mlei_ML3560.g6.i1                                      0.9786703 1.6048741 1.6048741 1.2454155 1.3178709 1.0653349 1.1331146 1.3744867 1.4340396 1.4094053 1.2364700 3.2383489 0.9644522 2.2976083 1.3820067 1.3076034 1.3750608 1.2302641 1.3868287 1.3779421 1.2818066 1.2242358 1.3612590 1.2957176 1.3846072 1.3648428 1.2487192 1.2935726 1.4775474 1.9991894 1.4579563 1.1986292 0.4767683 0.0000010 0.4267265 0.3221080 0.3002990 0.3002990 0.3214416 0.1194991 0.1194991 0.0000000 0.0080725 0.2795259 0.4633902 0.4008665 0.4733125 0.4733125 0.4214332 0.4416086 0.0000010 3.3721861 1.2781301 1.2781301 1.3448409 1.3111074 1.2251972 1.1400606 1.3259575 1.2748851 1.5534595 1.3891371 1.5344931 1.4992131 1.3936671 1.3856470 1.1221797 1.6426206 1.6668852 7.1773974 2.6699448 4.1417712 2.1643203 2.0274458 2.2970696 4.0071875 0.0000010 8.9999983 8.9999988 8.9999986 
Vmul_sbMO420989                                        1.4412808 1.2142085 1.2142085 0.9350159 0.9736436 0.8252696 0.8217073 0.9620182 1.0445737 1.0571596 0.9401981 1.2634539 0.6218897 0.8384402 1.0268488 1.0359970 0.9464638 0.9166553 0.9867036 1.0634663 1.0273152 0.9275939 0.9947057 0.9461875 0.9744886 0.9336423 0.9379314 1.0512343 1.0325100 0.7239822 1.0931424 0.8408245 0.2886928 0.1718590 0.2892853 0.3221080 0.1902568 0.1902568 0.2368023 0.1117576 0.1497962 0.0080725 0.0000000 0.2114424 0.3520183 0.3119687 0.3202196 0.3202196 0.3117230 0.3341905 0.3785496 0.4740941 0.9714177 0.9714177 1.0888739 1.0392339 1.0085141 0.9678741 1.0641649 1.0567661 1.0083150 1.3392540 1.2692750 1.1846799 1.0739994 1.0812548 0.9215583 1.6892460 1.0479243 1.8169659 1.5713494 1.4668336 1.8244808 1.7680095 1.5305620 2.2929925 0.8559039 2.1293175 6.6370810 8.9999988 
Beraby_Baby_sb336002                                   3.6684447 1.6450056 1.3735886 1.3395546 1.3588195 1.0149120 1.2689928 1.1061813 1.4870980 1.4315113 1.3973073 1.6912342 0.7399725 1.4598747 1.2817959 1.2622291 1.2002021 1.2771846 0.9832766 1.4646878 1.4125399 1.3220523 1.2703480 1.2740679 1.2279758 1.1941247 1.3671467 1.4053488 1.5636127 1.4853219 1.5572104 1.2738540 0.3637397 0.6983848 0.4854695 0.3929474 0.3018410 0.3018410 0.3507854 0.2071610 0.2800603 0.2795259 0.2114424 0.0000000 0.4489160 0.4304329 0.3612905 0.3585728 0.3766355 0.4292859 0.5920666 0.4719635 1.4918213 1.4672995 1.5064112 1.1674635 1.4864804 1.4508473 1.4224696 1.4922261 1.2726357 1.3343572 1.5558739 1.4213133 1.4007293 1.3596772 1.4429647 1.5786417 1.6257040 2.4609144 2.2220186 2.2585374 2.1145077 1.7198598 2.1796082 2.2478064 1.7150809 3.2980983 7.6173532 5.4465262 
Vmul_Simscaffold12439_01                               2.7486118 1.5346444 1.4124843 1.2984154 1.2751406 1.0204585 1.3366430 1.1465882 1.4104260 1.3344762 1.2603101 1.5912067 0.7410736 1.2488070 1.2937843 1.2547386 1.2015178 1.3085697 1.0503732 1.3974184 1.4799585 1.3458849 1.3535141 1.2986318 1.3348443 1.2393710 1.3197891 1.2513683 1.4193645 1.4602300 1.5350264 1.2393578 0.4706889 0.7380859 0.5832758 0.5236681 0.4051461 0.4051461 0.4466291 0.3885722 0.4797963 0.4633902 0.3520183 0.4489160 0.0000000 0.2155786 0.2099228 0.1977674 0.3804092 0.4493116 0.4879297 0.6438982 1.4291952 1.4291952 1.4568418 1.1575453 1.3700909 1.3582175 1.3122701 1.4358525 1.2887699 1.3205120 1.5948310 1.4837670 1.4473419 1.4297748 1.3646207 1.4923911 1.6184634 2.1938046 2.0365168 2.0165494 2.0255750 1.8361195 2.1366776 2.0998861 1.6688992 2.5615600 6.4428354 4.8123480 
Coemet_Cmet_scaffold20546_01                           2.8848210 1.5205123 1.3657228 1.2473060 1.2098361 0.9456758 1.3351579 1.1120889 1.4246053 1.2898391 1.2858171 1.6164369 0.7533007 1.3079718 1.2402259 1.2352125 1.1972817 1.3073303 0.9842789 1.3760613 1.4617312 1.2779643 1.2527491 1.2373472 1.2672330 1.2341070 1.3034936 1.1903103 1.3054969 1.3894834 1.3529830 1.2321813 0.4502871 0.7978844 0.5995257 0.4614132 0.3842406 0.3842406 0.4143269 0.3216310 0.4287929 0.4008665 0.3119687 0.4304329 0.2155786 0.0000000 0.0321187 0.0248931 0.3452674 0.4077051 0.4870725 0.5768683 1.3333700 1.3189274 1.3682648 1.1024803 1.3108980 1.2820837 1.2663724 1.3944724 1.2259910 1.5094640 1.5827163 1.4732721 1.4268147 1.4452740 1.4410499 1.6055249 1.5577180 2.2839893 2.0856947 2.1061558 2.0557697 1.8964903 2.2354652 2.0716472 1.6947679 2.5741810 7.5880455 4.6320649 
