83
Nvec_v1g242746                                         0.0000000 6.3927777 4.5728404 4.6097982 4.5830691 4.6025571 4.6002116 4.9811030 5.0156872 4.4446114 4.5851068 5.4879861 6.0074741 4.7128450 4.7939906 2.6906116 5.6768854 4.8332450 4.5908457 4.3466131 5.0930323 4.7566783 5.0750530 4.5255862 4.3514398 4.5343904 4.5537466 4.4797442 4.3033458 4.0405378 5.0780953 5.0340742 5.1414033 4.7762374 4.8363282 4.9448016 4.7189168 3.8735697 5.2267520 4.6989329 4.7402325 4.7200549 4.7200549 4.7540952 4.8574849 4.5623782 4.3400204 4.8005256 7.0278075 5.2540131 5.1464056 4.7600925 4.0955475 6.7225940 6.8063753 4.9879432 4.3860091 4.9867774 4.0238823 4.6647111 6.2548442 6.5291670 5.8543576 5.6055795 3.5662357 3.5490894 4.1680447 5.6441539 5.2642513 5.9964213 7.2249492 6.7998752 6.9581077 5.1789962 6.9568507 6.5246139 6.2980000 6.2980000 5.3577203 6.3451814 8.9999986 4.5489941 5.8544527 
Lcom_lcpid180514                                       6.3927777 0.0000000 1.9141570 1.9360570 1.8664541 1.8477639 1.8475207 2.9619550 1.8926527 1.6934568 1.8681919 8.9999989 0.0000010 2.5054819 2.1882554 2.6212770 0.7300544 2.4017142 2.3573587 2.2265720 2.0269108 2.0594874 2.1467618 1.8399049 1.9538162 1.9487210 1.8195927 1.6544733 1.7534025 2.0034993 2.1075616 2.0687033 2.0168841 2.0096279 2.0963165 2.0340618 1.6715481 0.0000010 2.4893247 2.2363676 2.1872997 2.1872997 2.1872997 1.8737319 1.8547267 1.9455090 1.6892326 1.8057907 5.1208429 2.4040739 1.9191611 0.0000010 2.4773145 9.0000000 2.2277034 2.4609837 2.4958449 2.6332622 2.2326657 2.3179184 2.5808356 4.6439694 2.7645690 2.7405607 1.7739876 1.9408843 2.3447269 3.0390065 2.1400157 3.6720796 1.7041321 2.6438304 4.9179322 6.7564470 6.0459828 6.0459828 6.0459828 5.0307460 2.8487006 4.1429465 5.6123068 3.4211210 3.1521722 
Spis_XP_022792483_1                                    4.5728404 1.9141570 0.0000000 0.0425720 0.0963428 0.0917886 0.1365792 0.2125419 0.1241259 0.1840960 0.2857220 0.2315545 0.3887603 1.1655681 1.2429386 1.2316335 0.5537217 1.2212213 1.1802367 1.3696951 1.1458208 0.5162793 0.7470652 0.5551162 0.7761512 0.5322565 0.7138146 0.5631584 0.6425370 0.6730550 1.0523242 1.0382673 0.9899504 1.0079521 0.8950748 1.0006375 0.7239246 0.7186793 0.8615678 0.8233502 0.6994556 0.7717947 0.7838445 0.6479509 0.7035723 1.2251403 0.9734177 0.7231245 3.0934016 1.1632371 0.8054186 0.7488829 1.0632138 1.4619009 1.3643406 1.9662783 1.4887870 1.5673600 1.7539188 1.0841597 1.4599585 3.1702659 1.6246638 1.3103934 0.9846545 1.3598817 1.2490335 1.3710801 1.3683090 1.6475552 1.9271018 2.1176732 6.3028664 7.4043350 6.9922505 7.0876969 7.5096188 7.3169950 5.6437692 5.4618854 4.0116175 2.7138929 2.6577747 
Pocdam_XM_027184321.1                                  4.6097982 1.9360570 0.0425720 0.0000000 0.0821557 0.0751750 0.1313854 0.2015729 0.1294854 0.1795370 0.3716154 0.2243655 0.3613192 1.3241793 1.3246265 1.2102008 0.5537217 1.2855892 1.2760387 1.4051108 1.2911544 0.5108931 0.7456245 0.5397014 0.9043592 0.5145142 0.8127696 0.5579533 0.6317975 0.7276247 1.2108047 1.2011120 1.1562353 1.1732483 0.8920047 1.1434780 0.7202340 0.7186793 0.9659176 0.9185995 0.7019503 0.8844044 0.9038909 0.6786965 0.7716266 1.3948746 0.9554411 0.7637676 3.1940457 1.1952017 0.9209496 0.7446947 1.2231876 1.4382767 1.5048015 2.0624934 1.7353776 1.7172314 1.8133667 1.1486796 1.4723516 3.2132468 1.7400082 1.3059041 0.9827140 1.4345186 1.2363896 1.3930700 1.3866878 1.6338482 1.9482810 2.0495641 6.4570792 7.0845790 7.4103458 7.4529391 7.8806573 7.2403945 5.4744930 5.2666122 4.0710241 2.8831180 3.7185189 
Fspp_ffun1.m4.24776.m1                                 4.5830691 1.8664541 0.0963428 0.0821557 0.0000000 0.0353159 0.1037810 0.1712988 0.1146718 0.1806566 0.3572391 0.2315235 0.3613192 1.2978950 1.2928950 1.1977101 0.5537217 1.2604970 1.2757295 1.4127769 1.2894870 0.5119608 0.7518901 0.5397390 0.9020935 0.5234930 0.7884820 0.5522681 0.6343646 0.7282737 1.2085597 1.1943580 1.1408715 1.1486809 0.8855598 1.1292381 0.7080521 0.7379101 0.9624893 0.9122681 0.6768058 0.8953848 0.9129968 0.6851877 0.7615984 1.3716354 0.9200087 0.7735181 2.5275419 1.1423608 0.9186138 0.7657652 1.2233289 1.4604638 1.4751446 1.9393806 1.7109975 1.6601207 1.7547011 1.1460409 1.4189606 3.0915825 1.6998168 1.3047166 0.9762913 1.4372582 1.2315294 1.3860205 1.4097810 1.6522029 2.0077671 2.0790986 6.6500625 6.6085618 6.6100525 6.7150151 7.0093883 6.7711915 5.2326319 5.1266588 3.8264114 2.6953398 3.4146021 
Gasp_gasp1.m3.12066.m1                                 4.6025571 1.8477639 0.0917886 0.0751750 0.0353159 0.0000000 0.1044247 0.1788079 0.0940410 0.1853187 0.2566932 0.2248530 0.3613192 1.0912990 1.1520050 1.1706001 0.5537217 1.2174496 1.2094669 1.3073008 1.0741838 0.5082406 0.6884346 0.5587662 0.6977930 0.5346918 0.6446303 0.5644080 0.6223064 0.6587389 1.0297659 1.0164154 0.9485916 0.9739778 0.8974382 0.9702750 0.7244507 0.7361498 0.7803810 0.7490518 0.6920446 0.7385005 0.7516185 0.6101257 0.6671130 1.1345535 0.9399254 0.7172946 2.7037167 1.0423163 0.7636644 0.7744881 0.9855211 1.4710656 1.2522985 1.5808033 1.3786490 1.4438615 1.5304599 0.9630372 1.3462140 2.5644036 1.5354086 1.3300016 0.9847935 1.4052679 1.2455667 1.3962262 1.4016732 1.6561184 2.0077671 2.0912519 6.4066170 6.6763732 6.7880924 6.8874726 7.3230996 7.2154757 5.7146877 5.3421785 3.9450790 2.8391780 2.7427829 
Amil_Amillepora10066-RA                                4.6002116 1.8475207 0.1365792 0.1313854 0.1037810 0.1044247 0.0000000 0.0641275 0.1250882 0.2231037 0.3693329 0.1433153 0.4432292 1.3201973 1.2714171 1.1737710 0.6793510 1.2488091 1.3333196 1.5044085 1.3327850 0.5387000 0.8052854 0.5666870 0.9282576 0.5652883 0.8104743 0.5971671 0.6515185 0.6909657 1.2010855 1.1826338 1.1304408 1.1393478 0.9195919 1.1398818 0.7667061 0.7210147 0.9380496 0.8726784 0.6552871 0.8383811 0.8570700 0.6742605 0.7524881 1.4189412 1.0115376 0.7485913 2.2931304 1.0048038 0.9789577 0.8307083 1.2841794 1.4815347 1.5264129 1.9541398 1.7925976 1.7748361 1.6613777 1.1900875 1.5085847 3.0723994 1.7745943 1.3826265 0.9343105 1.3866476 1.2420663 1.3770015 1.4132355 1.6567036 1.9788089 2.1569413 6.1560509 5.9054881 5.6936350 6.2003675 6.4017696 6.2975976 4.6248581 4.8419428 3.7845840 2.6746016 3.4583451 
Adig_XM_015909550.1                                    4.9811030 2.9619550 0.2125419 0.2015729 0.1712988 0.1788079 0.0641275 0.0000000 0.1486150 0.3256339 0.4597888 0.1772266 0.4432292 1.5281725 1.4056276 1.1992328 1.3088307 1.3502688 1.4358155 1.5868736 1.4517186 0.6526417 0.8954247 0.6666136 1.0225380 0.6789696 0.9164139 0.7051954 0.7572512 0.8502699 1.2954125 1.2765734 1.2284945 1.2322753 1.0092266 1.2248930 0.8560431 0.7210147 1.0580449 0.9822892 0.7637437 0.9371478 0.9561598 0.8242565 0.8831505 1.5238822 1.1395147 0.8677634 2.2931304 1.2407704 1.0994860 0.7798307 1.3989548 1.4815347 1.6639028 2.0802607 1.9112893 1.9007573 2.2672051 1.3538836 1.6561879 3.1096709 1.8781684 1.4713296 1.1826363 1.9122546 1.4512350 1.5600092 1.5639059 1.8891219 1.9788089 2.4056045 6.9019741 6.5023415 6.2523353 6.8462419 6.8782060 6.8146956 5.1048567 5.1648989 4.0844277 2.6746016 3.4306885 
Gfas_gfas1.m1.6103.m1                                  5.0156872 1.8926527 0.1241259 0.1294854 0.1146718 0.0940410 0.1250882 0.1486150 0.0000000 0.2140823 0.4008084 0.1625399 0.4177978 1.3167859 1.2543065 1.2408780 0.3718577 1.2250257 1.2965800 1.3875962 1.3008166 0.5072487 0.7374346 0.5522006 0.9293512 0.5263697 0.8313929 0.5688274 0.6086577 0.7086910 1.2206865 1.2008984 1.1556558 1.1721765 0.8677169 1.1271990 0.6832604 0.7349966 1.0264088 0.9554798 0.6897026 0.9229138 0.9423603 0.6562836 0.7680361 1.3934627 0.9626550 0.7773956 4.6578330 1.2704140 0.9350856 0.7860359 1.2254716 1.4939605 1.5438325 2.2611931 1.8356943 1.7614878 2.1104025 1.2056616 1.5613487 4.1651837 1.7164472 1.3239522 0.9357704 1.6105005 1.1796489 1.4101360 1.4149330 1.5909320 2.0286882 2.1304176 8.9999981 8.9999983 8.9999988 8.9999985 8.9999984 8.9999986 7.9031200 5.9729785 4.2683837 4.5358188 4.4796505 
Nvec_v1g206550                                         4.4446114 1.6934568 0.1840960 0.1795370 0.1806566 0.1853187 0.2231037 0.3256339 0.2140823 0.0000000 0.0574816 0.3067607 0.4126072 0.7918838 0.8454441 1.0257274 0.5585460 0.9182157 0.9549207 1.0014135 0.7020571 0.3981504 0.4313118 0.3571616 0.4779643 0.4693692 0.4143471 0.4086942 0.4189838 0.4340587 0.6341250 0.6233632 0.5576860 0.6060519 0.6237979 0.6042941 0.6265545 0.6818432 0.4299096 0.4324255 0.4605251 0.4390041 0.4497086 0.5138421 0.4520639 0.8142746 0.8606149 0.4821975 1.1352832 0.6047819 0.5481964 0.6969883 0.7901277 1.5990549 1.1653289 1.0766519 1.2380610 1.2503006 1.0036103 0.7245843 1.1999926 1.5193335 1.3485427 1.2263752 0.7613763 0.8089727 1.2211962 1.1867631 1.1521649 1.5024855 1.8335352 2.0116630 6.0824527 6.8863764 6.0958362 6.4605507 6.1221862 6.4605507 4.7861656 5.3966072 3.4575065 1.9019817 1.6786565 
Exapal_XM_021056183.2                                  4.5851068 1.8681919 0.2857220 0.3716154 0.3572391 0.2566932 0.3693329 0.4597888 0.4008084 0.0574816 0.0000000 0.3660123 0.3941793 1.2767636 1.2624469 1.1170798 0.5585460 1.2123069 1.2914255 1.4201652 1.1927972 0.4757624 0.6560160 0.4814484 0.7997303 0.4591406 0.7452116 0.4901474 0.5362489 0.6776019 1.0609070 1.0497226 1.0101732 1.0203781 0.8205026 0.9894036 0.6301089 0.6094311 0.8384488 0.7910038 0.6033983 0.7720434 0.7850349 0.6935120 0.7563660 1.2131974 0.8442503 0.7359284 2.8342997 0.8912324 0.8842803 0.6836455 1.2066828 1.5295735 1.4483146 1.7704111 1.5849078 1.7050081 1.5668549 1.0759671 1.4240047 2.5237782 1.7152048 1.2439646 1.0459827 1.4498513 1.2300200 1.3902934 1.3649890 1.5568173 1.7640209 2.0646597 7.5004374 7.1656633 6.7661928 6.6881539 7.0622004 6.9755316 5.5844714 5.4534296 3.9039510 3.0718859 3.5679792 
Adig_XM_015909551.1                                    5.4879861 8.9999989 0.2315545 0.2243655 0.2315235 0.2248530 0.1433153 0.1772266 0.1625399 0.3067607 0.3660123 0.0000000 0.4432292 1.0045167 1.1906613 2.0867608 1.9160479 1.3095564 1.3017059 1.4304989 1.0994412 0.5252446 0.7065029 0.4748794 0.7011070 0.5924829 0.6370130 0.5407535 0.5624565 0.4882884 1.0113640 0.9982941 0.9538248 0.9816692 0.8836496 0.9830613 0.8757503 0.7210147 0.6386194 0.6336691 0.5918805 0.5866670 0.6142596 0.6822637 0.6016390 1.2570099 1.2505001 0.7257049 5.6723565 0.7405759 0.6915173 0.8437111 0.8749149 1.4614089 1.5565059 3.4420609 1.8377033 1.9121404 3.2773516 1.1578481 1.6627879 5.3543730 1.8466438 1.5702928 0.9166981 2.3288336 1.5997533 1.2316611 1.4320903 1.6440875 2.2680921 2.6235402 6.6788518 4.4298988 4.7043900 5.9767465 5.9060667 6.1322948 8.3236747 5.6424720 3.7346691 3.9853584 2.6387311 
Stycar_maker-SC_scaffold19785-augustus-gene-0.4-mRNA-1 6.0074741 0.0000010 0.3887603 0.3613192 0.3613192 0.3613192 0.4432292 0.4432292 0.4177978 0.4126072 0.3941793 0.4432292 0.0000000 0.0757008 0.1371313 0.0000010 0.0000010 0.3395610 0.3161615 0.2887654 0.3235257 0.4036837 0.3948385 0.4324828 0.4007108 0.5568214 0.4404561 0.4403066 0.4722333 0.3740920 0.3977454 0.3977454 0.3977454 0.3977454 0.3977454 0.3702004 0.3702004 0.0000010 0.5003439 0.5003439 0.4434796 0.5037456 0.5037456 0.4069571 0.3775809 0.3902131 0.5478641 0.5803569 0.0000010 0.3017852 0.9667737 0.2591224 0.7269505 0.6856035 0.6938098 0.0000010 0.8792166 0.8792166 0.0000010 0.6226198 0.7072275 0.0000010 0.7022070 0.7151995 0.3149847 0.0000010 1.0356640 1.0888335 1.8167367 1.0086294 3.4913275 1.6391877 0.0000010 0.0000010 0.0000010 0.0000010 0.0000010 0.0000010 0.0000010 7.1146477 5.1117306 0.0000010 0.5604034 
Stycar_maker-SC_scaffold1098-snap-gene-0.241-mRNA-1    4.7128450 2.5054819 1.1655681 1.3241793 1.2978950 1.0912990 1.3201973 1.5281725 1.3167859 0.7918838 1.2767636 1.0045167 0.0757008 0.0000000 0.4494333 0.0837183 0.1605135 0.7638155 0.7386388 0.7253343 1.3067078 0.6651954 0.9399938 0.7639219 1.1320492 0.6692195 1.1583156 0.7695335 0.8223126 0.8364225 1.5636926 1.5633605 1.5541733 1.5184128 1.1167928 1.4710900 0.9396873 1.4500602 1.2732796 1.2836497 0.8925742 1.2806724 1.2810503 1.3084826 1.2652966 1.5445627 1.0572076 1.1129414 2.1111139 0.9722943 1.3480557 0.3179299 1.4646922 1.3535398 1.7369278 1.9448444 2.1018606 2.0065415 1.9397240 1.4540716 1.7860582 2.6594853 2.0252274 1.6930725 1.3548130 0.8703329 1.0633923 1.6867204 1.9175230 1.6568823 2.1675746 2.2809305 5.3591610 2.7570378 2.3027127 2.8213854 2.6997418 4.0082219 1.7528309 3.6237897 2.7030323 2.3912909 2.6601841 
Tetwil_g25616.t1                                       4.7939906 2.1882554 1.2429386 1.3246265 1.2928950 1.1520050 1.2714171 1.4056276 1.2543065 0.8454441 1.2624469 1.1906613 0.1371313 0.4494333 0.0000000 0.2757159 0.0990821 0.7540910 0.8286097 0.7635375 1.1669605 0.7825598 1.0052746 0.9533738 1.1024714 0.8205731 1.0917973 0.8902713 1.0153201 0.9222517 1.4920113 1.4973843 1.3731155 1.4638713 1.2642623 1.4246821 1.0395041 2.8500088 1.3640295 1.2926894 1.0036215 1.2715577 1.3432687 1.1421858 1.2701783 1.4790317 1.1018470 1.1582566 2.3166738 1.0620598 1.4014481 0.4014994 1.3820785 1.5832921 1.6866927 2.1271458 1.7765430 1.8444640 1.7139511 1.1150421 1.6102104 3.0619483 1.8023352 1.5390106 1.0817706 0.6389140 0.9751654 1.7035489 1.9143462 1.6436627 2.0945242 2.5242071 5.6406258 4.0370262 3.2273500 4.3220974 4.1710421 5.5595927 3.5762373 4.8191373 3.2281556 2.6802381 3.3884889 
Stycar_maker-SC_scaffold1098-snap-gene-0.239-mRNA-1    2.6906116 2.6212770 1.2316335 1.2102008 1.1977101 1.1706001 1.1737710 1.1992328 1.2408780 1.0257274 1.1170798 2.0867608 0.0000010 0.0837183 0.2757159 0.0000000 0.0000010 0.5642107 0.5998736 0.4849153 1.1049109 0.7642486 0.8289967 0.8677919 0.8131408 0.8094546 0.9118709 0.8708945 0.9497247 0.8020837 1.2837411 1.2891362 1.3154467 1.3199409 1.2474186 1.1862101 1.0875358 0.0000010 1.1238145 0.9945519 1.0190676 0.9824882 0.9824882 1.5057952 1.2692138 1.1228624 1.1916629 0.9009705 1.3603355 0.9502745 1.2192451 0.0000010 1.5596739 0.0000010 1.2643067 1.2324038 1.1239645 1.3287995 1.1313003 1.0299827 1.2684873 1.5163960 1.4777349 1.5577641 1.2684405 0.3274862 0.5991343 1.9366808 1.8950394 2.4885210 0.8623701 2.9049383 2.1525246 1.4507791 1.8671693 1.8671693 1.8671693 1.8671693 0.4791566 0.4225062 1.4758115 1.0898018 1.3058149 
Stycar_maker-SC_scaffold66085-snap-gene-0.3-mRNA-1     5.6768854 0.7300544 0.5537217 0.5537217 0.5537217 0.5537217 0.6793510 1.3088307 0.3718577 0.5585460 0.5585460 1.9160479 0.0000010 0.1605135 0.0990821 0.0000010 0.0000000 0.2282459 0.2129914 0.2439376 0.2844721 0.4268605 0.4467036 0.4639371 0.4147447 0.5140544 0.4413310 0.4312054 0.4590961 0.5443772 0.6084396 0.6084396 0.6305411 0.5782049 0.6555367 0.6080173 0.6080173 0.5410102 0.6007528 0.6007528 0.6007528 0.6007528 0.6007528 0.6168788 0.6577722 0.3797211 0.3797211 0.4521702 0.0000010 2.7048221 0.4269410 0.2346873 0.6747272 8.9999989 1.0045373 2.1115116 1.1074315 1.1074315 0.7425762 0.6379876 0.8165139 0.0000010 1.0059998 0.9960587 0.4119132 0.1015790 0.5764463 0.7817901 0.8696378 0.8149474 2.4601025 1.4764004 8.3401582 8.9999989 8.9999990 8.9999989 8.9999990 8.9999989 8.9999990 8.9999984 2.6059948 0.0000010 0.0000010 
Aque_Aqu2.1.39660_001                                  4.8332450 2.4017142 1.2212213 1.2855892 1.2604970 1.2174496 1.2488091 1.3502688 1.2250257 0.9182157 1.2123069 1.3095564 0.3395610 0.7638155 0.7540910 0.5642107 0.2282459 0.0000000 0.3276415 0.4004751 1.1304573 0.8044538 1.0893147 0.9957133 1.1578604 0.9171608 1.2491535 0.9761268 1.0750081 1.1116908 1.5476432 1.5553457 1.4156525 1.5335386 1.4028139 1.5672796 1.1372619 3.8613661 1.4847641 1.3041280 1.0992518 1.3306160 1.3606003 1.1907233 1.2998396 1.2674546 1.0453491 1.1760617 2.5179684 1.1690419 1.3777045 0.6967174 1.3408525 1.6922401 1.6583345 2.1468437 1.8125962 1.9434213 1.7441536 1.1329757 1.5038228 2.8232333 1.7359385 1.4746946 1.0209136 0.9008740 1.0439569 1.6500784 1.8739945 1.6835294 2.1012660 2.5494462 6.0367061 3.7023261 3.7491254 4.1664168 4.1877449 5.3954658 4.3255666 4.8992725 3.3268151 1.9236278 3.0574659 
Halamb_c46787_g1_i1m.21204                             4.5908457 2.3573587 1.1802367 1.2760387 1.2757295 1.2094669 1.3333196 1.4358155 1.2965800 0.9549207 1.2914255 1.3017059 0.3161615 0.7386388 0.8286097 0.5998736 0.2129914 0.3276415 0.0000000 0.4001230 1.1310672 0.8230691 1.0795214 0.9705331 1.1607841 0.8930102 1.1812753 0.8880772 0.9830358 1.0449129 1.5366011 1.5449584 1.4549154 1.5240736 1.3454995 1.5498609 1.1308980 3.4514518 1.4401847 1.3312854 1.0897609 1.3436421 1.3835006 1.2369912 1.3173077 1.2874424 1.0659320 1.1654329 2.4323724 1.1560778 1.4442245 0.6864101 1.4363401 1.7684963 1.6596867 2.4215706 1.7579345 1.9450197 1.8280953 1.2326218 1.5475068 3.3788318 1.9069343 1.5285171 1.0832853 0.9150635 1.1022660 1.7329979 1.8096467 1.6257449 2.0957958 2.5448236 6.1262685 4.2612200 4.4291205 4.5902150 4.7394965 5.7028602 3.7513174 4.6415141 3.7329557 2.3661983 3.4541477 
Xestes_maker-XT_scaffold4274-snap-gene-0.18-mRNA-1     4.3466131 2.2265720 1.3696951 1.4051108 1.4127769 1.3073008 1.5044085 1.5868736 1.3875962 1.0014135 1.4201652 1.4304989 0.2887654 0.7253343 0.7635375 0.4849153 0.2439376 0.4004751 0.4001230 0.0000000 1.0862013 0.8760972 1.1070146 1.0566818 1.2766131 0.9795976 1.2361096 0.9740909 1.0433367 1.0781839 1.5107835 1.5148775 1.3985906 1.4865182 1.3857736 1.5374889 1.1603824 5.4621519 1.3880881 1.3344747 1.1139273 1.3657466 1.3859416 1.3477412 1.3760076 1.3242831 1.0301259 1.1963596 2.8450030 1.0812922 1.3748068 0.7375750 1.3601943 1.8166850 1.8477230 2.5974939 1.9729254 2.2083500 2.0153204 1.2678060 1.7212483 3.6816116 1.9175244 1.5461641 0.9314986 0.9131351 1.1279158 1.6505134 1.9485296 1.6485939 2.5543884 2.5038689 4.9862996 3.7558738 4.2105603 4.8332034 4.6934722 5.0631949 4.0424702 4.8506892 3.8580903 1.5938265 2.7462444 
Plajan_Pjan_C568934_01                                 5.0930323 2.0269108 1.1458208 1.2911544 1.2894870 1.0741838 1.3327850 1.4517186 1.3008166 0.7020571 1.1927972 1.0994412 0.3235257 1.3067078 1.1669605 1.1049109 0.2844721 1.1304573 1.1310672 1.0862013 0.0000000 0.7452533 0.9016522 0.8121463 1.0863281 0.7539706 1.2036119 0.7504877 0.8735534 0.9548747 1.3915575 1.3965324 1.3576769 1.3619381 1.1086228 1.3979742 0.8933540 2.2050424 1.1763481 1.1666190 0.8229264 1.1646501 1.1777709 1.1940201 1.3310561 1.0902248 0.5680704 1.0849379 2.7659198 1.1987457 1.4427823 0.8666136 1.4745666 1.4776319 1.6659804 2.4450322 1.8554589 1.8331710 2.1981574 1.3667666 1.5447173 3.2919570 1.7428000 1.3770972 1.0731428 1.4651947 1.1909690 1.6482840 1.7684437 1.7604908 2.4931569 2.6592110 8.2985564 5.5617944 4.7271923 5.7205705 5.2652966 6.6237822 4.1791925 5.2242877 3.9281286 2.8632219 3.6573124 
Hsap_ENST00000342295                                   4.7566783 2.0594874 0.5162793 0.5108931 0.5119608 0.5082406 0.5387000 0.6526417 0.5072487 0.3981504 0.4757624 0.5252446 0.4036837 0.6651954 0.7825598 0.7642486 0.4268605 0.8044538 0.8230691 0.8760972 0.7452533 0.0000000 0.2599244 0.3194581 0.3519994 0.3561285 0.3498020 0.3967845 0.3914171 0.3154478 0.8044727 0.8021831 0.7192397 0.7743633 0.7697338 0.7949185 0.7197922 0.7329376 0.6001194 0.5729427 0.5629874 0.5551424 0.6214785 0.6148667 0.6004785 0.8597681 0.7761319 0.5416260 1.5633084 0.7659117 0.6087652 0.6928238 0.9577168 1.3112149 1.1748457 1.4506630 1.3843588 1.4258513 1.3148928 0.8818536 1.2779786 1.7237069 1.3796023 1.3656906 0.8950695 0.7580725 1.0251595 1.2758138 1.2306915 1.6797197 1.7980449 2.2641706 4.4404787 4.5062619 3.8315076 4.7118870 4.4534157 5.0022739 3.8203526 4.7899616 2.5365620 1.6153818 2.0793269 
Bralan_BLAG06001126_1                                  5.0750530 2.1467618 0.7470652 0.7456245 0.7518901 0.6884346 0.8052854 0.8954247 0.7374346 0.4313118 0.6560160 0.7065029 0.3948385 0.9399938 1.0052746 0.8289967 0.4467036 1.0893147 1.0795214 1.1070146 0.9016522 0.2599244 0.0000000 0.4055980 0.5190993 0.3842126 0.4865023 0.4402368 0.4447037 0.3896234 1.0076093 1.0174529 0.9856024 0.9823402 0.9101269 0.9771685 0.7510640 0.7968354 0.9020138 0.8067552 0.6931703 0.7869243 0.8595056 0.7638803 0.7908009 1.1153297 0.8580789 0.6045216 2.3157348 0.9043935 0.8005425 0.7299254 1.0334915 1.4317008 1.3680347 1.8581356 1.4234328 1.4806230 1.8112134 1.0755405 1.3491183 2.5718441 1.5054447 1.3147898 0.9936885 0.9245843 1.1259278 1.3373977 1.3003618 1.7306751 1.6471660 2.3297431 5.4132002 6.3821258 5.2672100 5.9129941 5.7400040 6.0373126 4.7680662 5.4799874 3.1830208 2.4091286 2.8200181 
Skow_NM_001165011.1                                    4.5255862 1.8399049 0.5551162 0.5397014 0.5397390 0.5587662 0.5666870 0.6666136 0.5522006 0.3571616 0.4814484 0.4748794 0.4324828 0.7639219 0.9533738 0.8677919 0.4639371 0.9957133 0.9705331 1.0566818 0.8121463 0.3194581 0.4055980 0.0000000 0.3572635 0.3458679 0.3455465 0.4105503 0.4144442 0.2629956 0.8275494 0.8263895 0.7748752 0.8157986 0.8223589 0.8140399 0.6681179 0.7373674 0.6942237 0.6810222 0.6435726 0.6608348 0.7109128 0.6219384 0.6324091 1.0495434 0.8549856 0.4506630 1.2922605 0.8967012 0.7055785 0.7223823 0.9779035 1.5954286 1.3346613 1.7477236 1.4108759 1.4549145 1.4675221 1.0113222 1.3821148 2.2960761 1.5839184 1.4716606 0.9370684 0.9780351 1.0959005 1.3754962 1.3002795 1.7475325 1.9434343 2.3667511 5.3285941 5.0767356 4.3997909 5.2970519 4.8615379 4.8947485 4.2277697 4.7898211 2.9353688 2.0994388 2.4620938 
Cgig_XM_011442067.3                                    4.3514398 1.9538162 0.7761512 0.9043592 0.9020935 0.6977930 0.9282576 1.0225380 0.9293512 0.4779643 0.7997303 0.7011070 0.4007108 1.1320492 1.1024714 0.8131408 0.4147447 1.1578604 1.1607841 1.2766131 1.0863281 0.3519994 0.5190993 0.3572635 0.0000000 0.3182315 0.5504696 0.3399236 0.4251010 0.3193090 1.1864542 1.1883094 1.1538064 1.1547072 0.9100077 1.1287144 0.7368450 0.7638031 0.9881106 0.9237366 0.6254016 0.8655021 0.9108573 0.9153618 0.9125767 1.3442932 0.8837320 0.6763625 1.6445438 0.8440300 0.9328965 0.7560320 1.2639625 1.4190120 1.5165062 2.1440122 1.8191066 1.9266888 2.0924433 1.3236107 1.6031516 3.0372498 1.8423688 1.4009504 1.0440529 1.0606008 1.0857127 1.5238865 1.2690872 1.6718686 1.8179916 2.2308197 5.9454281 5.4241167 4.0978055 4.5254500 4.4401495 5.0333327 3.9909599 4.9182957 3.2444910 2.3211108 3.2847379 
Ctel_gnl_WGS_AMQN_CAPTEDRAFT_mRNA179039                4.5343904 1.9487210 0.5322565 0.5145142 0.5234930 0.5346918 0.5652883 0.6789696 0.5263697 0.4693692 0.4591406 0.5924829 0.5568214 0.6692195 0.8205731 0.8094546 0.5140544 0.9171608 0.8930102 0.9795976 0.7539706 0.3561285 0.3842126 0.3458679 0.3182315 0.0000000 0.3408536 0.3525323 0.3638937 0.2810713 0.7954332 0.7952095 0.7402961 0.7874778 0.7988962 0.7747021 0.8040070 0.7784955 0.6048693 0.5784125 0.5966066 0.5746860 0.6239995 0.7027960 0.6471808 0.9343914 0.9616340 0.5581858 1.1251632 0.7766438 0.6019744 0.7925033 0.8828342 1.6000128 1.2688983 1.4328324 1.3842829 1.3942854 1.2589083 0.9388894 1.3055374 2.0642566 1.3747784 1.2978488 0.7322582 0.6906521 1.0827041 1.2155052 1.1396899 1.5483990 1.6226169 2.2365225 4.8011039 5.6632731 4.5194782 5.1913595 4.8916794 5.1913595 4.3003165 5.3218522 2.8606515 0.9761358 1.1778620 
Cscu_XM_023360463.1                                    4.5537466 1.8195927 0.7138146 0.8127696 0.7884820 0.6446303 0.8104743 0.9164139 0.8313929 0.4143471 0.7452116 0.6370130 0.4404561 1.1583156 1.0917973 0.9118709 0.4413310 1.2491535 1.1812753 1.2361096 1.2036119 0.3498020 0.4865023 0.3455465 0.5504696 0.3408536 0.0000000 0.2663454 0.3138473 0.4166755 1.1505378 1.1553615 1.1062419 1.1217333 0.8280986 1.1245455 0.7069888 0.5609427 0.8407497 0.8014162 0.5825504 0.8047026 0.8684239 0.8970983 0.9049508 1.4155601 0.8948381 0.6466860 1.9837952 0.8889313 0.9054480 0.7457028 1.2605825 1.4401485 1.5475219 2.3033152 1.8716962 1.9275673 2.0754253 1.3426768 1.6127662 3.2122092 1.6813502 1.3224511 0.9612237 1.0904796 1.0493903 1.4191227 1.2052085 1.6453241 1.7973119 2.3108658 5.8166411 4.6463284 4.4049046 5.3459843 5.0691234 4.9077136 3.3479589 4.4711626 2.8169313 1.7994569 3.0067845 
Dpul_mRNA29540                                         4.4797442 1.6544733 0.5631584 0.5579533 0.5522681 0.5644080 0.5971671 0.7051954 0.5688274 0.4086942 0.4901474 0.5407535 0.4403066 0.7695335 0.8902713 0.8708945 0.4312054 0.9761268 0.8880772 0.9740909 0.7504877 0.3967845 0.4402368 0.4105503 0.3399236 0.3525323 0.2663454 0.0000000 0.2985180 0.3156753 0.8851062 0.8870146 0.8293377 0.8670774 0.8690425 0.8248813 0.7131088 0.7131119 0.6367939 0.5783410 0.5651959 0.5569991 0.5976380 0.6597997 0.6674932 0.9717146 0.8999764 0.5471643 1.8505717 0.7612822 0.6716614 0.7443449 0.9514706 1.3819221 1.2418956 1.5469539 1.3532471 1.5099586 1.3575176 0.9650937 1.3006574 2.0057461 1.3762751 1.3245377 0.8372453 0.9230859 1.0956700 1.3650479 1.2815604 1.6633462 1.6988200 2.3317993 4.9388788 5.5046431 5.0639083 5.5156849 5.3802544 5.5331165 4.1775909 5.1281488 2.9504069 2.1528328 1.7990474 
Tcas_TC014468_001                                      4.3033458 1.7534025 0.6425370 0.6317975 0.6343646 0.6223064 0.6515185 0.7572512 0.6086577 0.4189838 0.5362489 0.5624565 0.4722333 0.8223126 1.0153201 0.9497247 0.4590961 1.0750081 0.9830358 1.0433367 0.8735534 0.3914171 0.4447037 0.4144442 0.4251010 0.3638937 0.3138473 0.2985180 0.0000000 0.3703787 0.9169203 0.9017407 0.8071623 0.8646214 0.8535660 0.8702714 0.7111517 0.8549163 0.7784329 0.7029610 0.6804602 0.6797163 0.7189778 0.6908521 0.7077515 1.0923509 0.9585669 0.5411541 1.7529031 1.0244002 0.7333317 0.8366138 1.0174958 1.5083235 1.3545778 1.7494194 1.4060574 1.4650177 1.5080489 1.0390586 1.4043031 2.4736597 1.4208197 1.3869125 0.8514695 1.0143817 1.0765900 1.4509572 1.3223394 1.5779502 1.5506866 2.3508463 6.0360525 5.3503437 5.5631252 5.6612110 5.4985929 5.7652633 4.1799012 4.9577901 3.1879565 2.3856050 2.0648865 
Acagra_model.g1803.t1                                  4.0405378 2.0034993 0.6730550 0.7276247 0.7282737 0.6587389 0.6909657 0.8502699 0.7086910 0.4340587 0.6776019 0.4882884 0.3740920 0.8364225 0.9222517 0.8020837 0.5443772 1.1116908 1.0449129 1.0781839 0.9548747 0.3154478 0.3896234 0.2629956 0.3193090 0.2810713 0.4166755 0.3156753 0.3703787 0.0000000 0.9828381 0.9816682 0.9101775 0.9343277 0.8388961 0.9301767 0.7094235 0.7866775 0.7124538 0.7102209 0.6126643 0.6900118 0.7344041 0.7900915 0.7543818 1.2472521 0.9403413 0.6247792 1.3269707 0.7876260 0.8337205 0.6855930 1.1195671 1.4448188 1.4794177 1.9146818 1.6596294 1.7268125 1.6322870 1.2091694 1.5481579 2.4460359 1.5649266 1.4153181 1.0361090 0.9933442 1.0352257 1.3754266 1.2227563 1.6630627 1.5636880 2.4309083 5.5326777 4.4233843 3.7032439 4.7861034 4.4401111 4.5883586 3.6323423 4.6441579 3.2179304 1.9125833 2.8674581 
HoiH23_PlH23_001259-RA                                 5.0780953 2.1075616 1.0523242 1.2108047 1.2085597 1.0297659 1.2010855 1.2954125 1.2206865 0.6341250 1.0609070 1.0113640 0.3977454 1.5636926 1.4920113 1.2837411 0.6084396 1.5476432 1.5366011 1.5107835 1.3915575 0.8044727 1.0076093 0.8275494 1.1864542 0.7954332 1.1505378 0.8851062 0.9169203 0.9828381 0.0000000 0.0228991 0.0748045 0.0404447 0.0590384 0.0933388 0.0769461 1.0269137 1.3036403 1.2767389 1.0103445 1.2719884 1.2993265 1.1006260 1.1976775 1.6373346 1.1257231 1.2158386 3.7137338 1.2821521 1.3781271 0.9388158 1.5361577 1.4975232 1.7258396 2.5371119 1.9988762 2.0078874 2.1005121 1.3821778 1.6071143 3.6707940 1.7981789 1.4325447 1.2070505 1.8209179 1.2920048 2.0101035 1.5072693 1.8332677 1.7869157 2.4125172 8.9999986 6.6954530 5.9341261 6.8131385 6.3684146 8.1163884 4.8939817 6.2892153 3.8728249 2.8968381 3.0279969 
HoiH06_mRNA5145                                        5.0340742 2.0687033 1.0382673 1.2011120 1.1943580 1.0164154 1.1826338 1.2765734 1.2008984 0.6233632 1.0497226 0.9982941 0.3977454 1.5633605 1.4973843 1.2891362 0.6084396 1.5553457 1.5449584 1.5148775 1.3965324 0.8021831 1.0174529 0.8263895 1.1883094 0.7952095 1.1553615 0.8870146 0.9017407 0.9816682 0.0228991 0.0000000 0.0803395 0.0427906 0.0554214 0.0932086 0.0701924 1.0269137 1.3133376 1.2948533 1.0184457 1.2810079 1.3095938 1.0891710 1.1754735 1.6441086 1.1312189 1.2210493 3.9344334 1.2901637 1.3594456 0.9391264 1.5263922 1.5076147 1.7475198 2.6122894 2.0187505 2.0271186 2.1738145 1.3941751 1.6199888 3.7516861 1.8210394 1.4338172 1.1991664 1.8483007 1.2993111 1.9952723 1.4930090 1.8662168 1.8294210 2.3770770 8.9999986 6.9800131 5.9585800 6.7804248 6.6517937 8.3631044 5.0838688 6.4537165 3.9679372 2.9188484 2.8615932 
Hhon_g05183.t1                                         5.1414033 2.0168841 0.9899504 1.1562353 1.1408715 0.9485916 1.1304408 1.2284945 1.1556558 0.5576860 1.0101732 0.9538248 0.3977454 1.5541733 1.3731155 1.3154467 0.6305411 1.4156525 1.4549154 1.3985906 1.3576769 0.7192397 0.9856024 0.7748752 1.1538064 0.7402961 1.1062419 0.8293377 0.8071623 0.9101775 0.0748045 0.0803395 0.0000000 0.0387800 0.1119234 0.1461053 0.1404705 1.2390180 1.2928642 1.2577944 0.9683384 1.2490521 1.2239621 1.0264898 1.0542025 1.4960647 0.9644945 1.1131914 3.0579428 1.2066157 1.3264303 0.8141511 1.5404207 1.4224850 1.7205495 2.5756269 1.9555336 1.9425517 2.0514948 1.3740304 1.5662814 3.6916548 1.8304526 1.4706323 1.1703873 1.7526310 1.2262636 1.9148221 1.4414627 1.7533453 1.6286139 2.4376888 8.9999988 6.3490599 5.7423110 6.6168156 6.1916231 7.8915202 5.0574075 5.8980548 3.7549603 3.1163606 3.1680076 
HoiH04_mRNA8447                                        4.7762374 2.0096279 1.0079521 1.1732483 1.1486809 0.9739778 1.1393478 1.2322753 1.1721765 0.6060519 1.0203781 0.9816692 0.3977454 1.5184128 1.4638713 1.3199409 0.5782049 1.5335386 1.5240736 1.4865182 1.3619381 0.7743633 0.9823402 0.8157986 1.1547072 0.7874778 1.1217333 0.8670774 0.8646214 0.9343277 0.0404447 0.0427906 0.0387800 0.0000000 0.0670030 0.0976261 0.0762443 1.0222649 1.2897535 1.2387012 0.9692532 1.2254363 1.2536210 1.1028127 1.1673276 1.5929061 1.1022377 1.1797967 3.0498930 1.2727612 1.3532554 0.9474436 1.5291582 1.5062374 1.7117297 2.5642812 1.9816133 1.9710498 2.0787121 1.3736612 1.5804112 3.6883552 1.8076512 1.4722462 1.1827500 1.7548990 1.3064082 1.9567667 1.4940632 1.8314888 1.6893636 2.4505710 8.9999986 6.3550454 5.7492887 6.6231443 6.1976383 7.8970260 4.7663515 6.0518131 3.7622550 3.1024184 3.1627067 
HoiH11_mRNA4923                                        4.8363282 2.0963165 0.8950748 0.8920047 0.8855598 0.8974382 0.9195919 1.0092266 0.8677169 0.6237979 0.8205026 0.8836496 0.3977454 1.1167928 1.2642623 1.2474186 0.6555367 1.4028139 1.3454995 1.3857736 1.1086228 0.7697338 0.9101269 0.8223589 0.9100077 0.7988962 0.8280986 0.8690425 0.8535660 0.8388961 0.0590384 0.0554214 0.1119234 0.0670030 0.0000000 0.0741162 0.0563030 1.0190109 1.0437052 1.0584836 1.0014447 1.0428881 1.0821133 0.9408280 1.0222791 1.2821664 1.1204086 1.0600478 3.2428769 1.1916072 1.2148887 0.9164349 1.2634832 1.5007853 1.5418389 2.5061721 1.6528983 1.7348903 2.2196670 1.2593059 1.5670720 3.8457354 1.6028884 1.5053972 1.1663959 1.5524168 1.2840008 1.8226804 1.4878703 1.8908096 1.7101800 2.4196242 7.4852333 6.9804915 5.8908565 6.6620955 6.3271424 6.9342990 5.0505625 6.1201709 3.8321991 3.0506536 2.0666151 
TrH2_TrispH2_009810-RA                                 4.9448016 2.0340618 1.0006375 1.1434780 1.1292381 0.9702750 1.1398818 1.2248930 1.1271990 0.6042941 0.9894036 0.9830613 0.3702004 1.4710900 1.4246821 1.1862101 0.6080173 1.5672796 1.5498609 1.5374889 1.3979742 0.7949185 0.9771685 0.8140399 1.1287144 0.7747021 1.1245455 0.8248813 0.8702714 0.9301767 0.0933388 0.0932086 0.1461053 0.0976261 0.0741162 0.0000000 0.0113418 0.9797705 1.2779650 1.2270781 0.9903171 1.2359034 1.2737736 1.1480825 1.2192487 1.6206204 1.1304614 1.2001769 3.4909993 1.2875119 1.3322555 0.9544355 1.5515967 1.4887157 1.6490057 2.3090895 1.9065538 1.9324430 1.9582196 1.3488510 1.5745394 3.2556057 1.7930262 1.4784394 1.1927310 1.7688822 1.2689640 1.9207263 1.4929644 1.8742420 1.8073250 2.3469861 8.9999981 6.4825353 5.8931009 7.0707464 6.9369088 8.3962431 5.5245956 6.5581050 3.9476696 2.6414572 2.9067215 
Tadh_TriadT49676                                       4.7189168 1.6715481 0.7239246 0.7202340 0.7080521 0.7244507 0.7667061 0.8560431 0.6832604 0.6265545 0.6301089 0.8757503 0.3702004 0.9396873 1.0395041 1.0875358 0.6080173 1.1372619 1.1308980 1.1603824 0.8933540 0.7197922 0.7510640 0.6681179 0.7368450 0.8040070 0.7069888 0.7131088 0.7111517 0.7094235 0.0769461 0.0701924 0.1404705 0.0762443 0.0563030 0.0113418 0.0000000 1.1807944 0.8644480 0.8444228 0.8435173 0.8414529 0.8921671 0.9279506 0.9144406 1.0797393 1.1540250 0.8371866 0.6686159 0.9443208 0.9992696 1.0336338 1.1293309 1.5765540 1.3147832 1.5168611 1.5192237 1.5296669 1.2816578 0.9371027 1.3603536 2.1190199 1.4282814 1.3629883 0.8069520 0.9550886 1.3411064 1.5068968 1.3219733 1.7972576 2.0770832 2.2847697 5.6424467 5.8353970 5.2046405 6.4746656 6.1398691 6.4746656 4.5606273 5.8026595 3.6886272 1.3311915 1.0077211 
Morvir_scaffold1070.g1.t1                              3.8735697 0.0000010 0.7186793 0.7186793 0.7379101 0.7361498 0.7210147 0.7210147 0.7349966 0.6818432 0.6094311 0.7210147 0.0000010 1.4500602 2.8500088 0.0000010 0.5410102 3.8613661 3.4514518 5.4621519 2.2050424 0.7329376 0.7968354 0.7373674 0.7638031 0.7784955 0.5609427 0.7131119 0.8549163 0.7866775 1.0269137 1.0269137 1.2390180 1.0222649 1.0190109 0.9797705 1.1807944 0.0000000 0.3594723 0.3088022 0.2742948 0.2831716 0.3949618 0.9685515 0.8955259 3.6946541 3.6946541 1.4522901 0.0000010 4.1738300 0.9027476 1.9559949 1.4847443 3.4118152 3.2156901 0.0000010 2.6406741 2.6995068 3.0585237 0.0000010 4.6345478 0.0000010 3.7631357 3.5299058 9.0000000 0.0000010 2.2257203 2.2331886 1.3970842 3.2737601 2.8147126 4.3704703 9.0000000 0.0000010 0.0000010 0.0000010 0.0000010 0.0000010 9.0000000 6.3494768 3.0802144 0.0000010 0.0000010 
Sanmal_Sma_015005-T1                                   5.2267520 2.4893247 0.8615678 0.9659176 0.9624893 0.7803810 0.9380496 1.0580449 1.0264088 0.4299096 0.8384488 0.6386194 0.5003439 1.2732796 1.3640295 1.1238145 0.6007528 1.4847641 1.4401847 1.3880881 1.1763481 0.6001194 0.9020138 0.6942237 0.9881106 0.6048693 0.8407497 0.6367939 0.7784329 0.7124538 1.3036403 1.3133376 1.2928642 1.2897535 1.0437052 1.2779650 0.8644480 0.3594723 0.0000000 0.0680655 0.1118320 0.1831750 0.1927814 0.9088268 0.9385859 1.4114296 0.9245011 0.8236130 2.2651537 0.5229130 1.0374792 0.7857116 1.0748659 1.6932001 1.6871097 2.8766364 1.7908330 1.9140746 2.2764397 1.3314392 1.6194422 3.1470936 1.5960325 1.3612274 1.0218578 1.7372632 1.3321478 1.2314388 1.5012910 1.6861183 2.0254501 2.5862746 5.8367507 7.4235238 6.3265350 6.7462436 7.0055259 8.2840776 6.3054747 6.0239034 3.7630214 1.7024159 3.9137811 
Sanmal_Sma_022628-T1                                   4.6989329 2.2363676 0.8233502 0.9185995 0.9122681 0.7490518 0.8726784 0.9822892 0.9554798 0.4324255 0.7910038 0.6336691 0.5003439 1.2836497 1.2926894 0.9945519 0.6007528 1.3041280 1.3312854 1.3344747 1.1666190 0.5729427 0.8067552 0.6810222 0.9237366 0.5784125 0.8014162 0.5783410 0.7029610 0.7102209 1.2767389 1.2948533 1.2577944 1.2387012 1.0584836 1.2270781 0.8444228 0.3088022 0.0680655 0.0000000 0.0640638 0.1336830 0.1522017 0.8876487 0.9141082 1.2652441 0.8542209 0.7839114 2.1530650 0.4734520 1.0805063 0.7854593 1.0031443 1.6081412 1.6234225 2.4249138 1.7272329 1.8618087 2.0594924 1.3000848 1.5672073 2.8820036 1.5654380 1.2754626 1.0363191 1.5355584 1.2224741 1.2261930 1.4888306 1.5150677 1.8688030 2.4544868 5.7992362 6.9823410 6.2120359 6.9155562 6.9019183 8.2771578 6.2145955 5.6549276 3.6970308 1.9904862 4.2098409 
Aaur_scaffold1237.g2.t1                                4.7402325 2.1872997 0.6994556 0.7019503 0.6768058 0.6920446 0.6552871 0.7637437 0.6897026 0.4605251 0.6033983 0.5918805 0.4434796 0.8925742 1.0036215 1.0190676 0.6007528 1.0992518 1.0897609 1.1139273 0.8229264 0.5629874 0.6931703 0.6435726 0.6254016 0.5966066 0.5825504 0.5651959 0.6804602 0.6126643 1.0103445 1.0184457 0.9683384 0.9692532 1.0014447 0.9903171 0.8435173 0.2742948 0.1118320 0.0640638 0.0000000 0.0371127 0.0566144 0.7006048 0.7504979 0.9058332 0.8396113 0.6897396 2.1127970 0.3941205 0.8427770 0.7803247 0.7570687 1.6000284 1.4059585 1.9002158 1.3714900 1.4831502 1.5813630 0.9807601 1.4182297 2.1748105 1.3408640 1.2641889 0.9777334 1.2575219 1.2304471 1.1830611 1.4961869 1.5508218 1.8957520 2.4365629 5.2383072 6.8528999 6.2756996 6.6772209 6.9297625 7.0230581 5.4814226 5.4288551 3.6200638 1.7911031 2.5045064 
Rhoesc_Res_003661-T1                                   4.7200549 2.1872997 0.7717947 0.8844044 0.8953848 0.7385005 0.8383811 0.9371478 0.9229138 0.4390041 0.7720434 0.5866670 0.5037456 1.2806724 1.2715577 0.9824882 0.6007528 1.3306160 1.3436421 1.3657466 1.1646501 0.5551424 0.7869243 0.6608348 0.8655021 0.5746860 0.8047026 0.5569991 0.6797163 0.6900118 1.2719884 1.2810079 1.2490521 1.2254363 1.0428881 1.2359034 0.8414529 0.2831716 0.1831750 0.1336830 0.0371127 0.0000000 0.0311952 0.8671106 0.8903192 1.1998504 0.8215774 0.7828849 2.5187071 0.4705219 1.0357551 0.7654387 0.9923579 1.5678571 1.5670531 2.3514820 1.6534818 1.7840011 1.9355793 1.2196741 1.4956336 2.7287100 1.5187706 1.2319055 1.0737307 1.5797412 1.2216821 1.2647203 1.4550223 1.5492283 1.8477450 2.4513563 6.4914011 6.8659447 6.3156603 6.9556382 6.9981604 8.5293207 6.3669419 5.8563733 3.6295165 1.7586606 4.1047449 
Nemnom_g2844.t1                                        4.7200549 2.1872997 0.7838445 0.9038909 0.9129968 0.7516185 0.8570700 0.9561598 0.9423603 0.4497086 0.7850349 0.6142596 0.5037456 1.2810503 1.3432687 0.9824882 0.6007528 1.3606003 1.3835006 1.3859416 1.1777709 0.6214785 0.8595056 0.7109128 0.9108573 0.6239995 0.8684239 0.5976380 0.7189778 0.7344041 1.2993265 1.3095938 1.2239621 1.2536210 1.0821133 1.2737736 0.8921671 0.3949618 0.1927814 0.1522017 0.0566144 0.0311952 0.0000000 0.9383712 0.9551911 1.2736853 0.9063721 0.8176976 2.3890928 0.4705219 1.0735230 0.8876978 1.0060776 1.6419143 1.6036781 2.3423279 1.7503978 1.9045835 1.9049370 1.2267221 1.4889122 2.7951632 1.5225396 1.2216576 1.0519057 1.5608566 1.3372296 1.2616681 1.4588278 1.5945476 1.8477450 2.5454469 6.3802252 6.8659447 6.3156603 6.9556382 6.9981604 8.2111149 6.3279541 5.7994380 3.6636613 1.7586606 3.9240864 
Xesp_021798-T1                                         4.7540952 1.8737319 0.6479509 0.6786965 0.6851877 0.6101257 0.6742605 0.8242565 0.6562836 0.5138421 0.6935120 0.6822637 0.4069571 1.3084826 1.1421858 1.5057952 0.6168788 1.1907233 1.2369912 1.3477412 1.1940201 0.6148667 0.7638803 0.6219384 0.9153618 0.7027960 0.8970983 0.6597997 0.6908521 0.7900915 1.1006260 1.0891710 1.0264898 1.1028127 0.9408280 1.1480825 0.9279506 0.9685515 0.9088268 0.8876487 0.7006048 0.8671106 0.9383712 0.0000000 0.2456330 1.2830949 1.0576332 0.9103525 4.7727744 0.9875082 0.9787771 0.8640395 1.0937143 1.4053771 1.5861883 2.6869031 1.8463434 1.8246355 2.4514008 1.2504847 1.5868928 4.1725795 1.7397893 1.2876193 0.8361895 1.5041435 1.3654476 1.5133069 1.4303053 1.7455979 2.2217261 2.4579490 7.4945643 8.9999982 8.9999986 8.9999985 8.9999990 8.9999985 6.0078245 6.4054571 3.5203645 3.8150946 3.4710659 
Dgig_XM_028543947.1                                    4.8574849 1.8547267 0.7035723 0.7716266 0.7615984 0.6671130 0.7524881 0.8831505 0.7680361 0.4520639 0.7563660 0.6016390 0.3775809 1.2652966 1.2701783 1.2692138 0.6577722 1.2998396 1.3173077 1.3760076 1.3310561 0.6004785 0.7908009 0.6324091 0.9125767 0.6471808 0.9049508 0.6674932 0.7077515 0.7543818 1.1976775 1.1754735 1.0542025 1.1673276 1.0222791 1.2192487 0.9144406 0.8955259 0.9385859 0.9141082 0.7504979 0.8903192 0.9551911 0.2456330 0.0000000 1.4408955 0.9956808 0.9535298 2.3475913 1.1111454 0.9627310 0.8669390 1.2305447 1.3689436 1.6089399 2.5098839 1.8487284 1.8189267 2.2706385 1.2364634 1.5579625 3.3728655 1.7392536 1.3444203 0.9190515 1.6137849 1.3711960 1.6495657 1.5078404 1.7520508 1.9733201 2.3534901 6.1930373 6.6384857 5.3947466 5.4626669 5.8822526 6.5529962 4.9788383 5.4453260 3.5017916 1.6105084 2.5691661 
