82
Pbac_sb2656836                                        0.0000000 0.0573057 0.6840192 3.4138748 1.3678455 1.2672127 1.9782314 0.3035997 1.5794735 0.0000010 4.6672238 3.1589358 8.0223640 3.3046489 4.1111128 3.2953475 2.8705612 3.9392217 3.4870644 3.8001902 4.4469893 3.5937067 0.0000010 3.4834479 0.0000010 3.4178877 3.2026177 3.3527581 3.3583864 3.4033180 3.4884163 3.0049020 4.2226174 2.9428364 3.1177454 4.0087047 3.4059135 3.2133038 4.1329430 4.0373770 3.6214717 4.3183591 0.0000010 3.3316733 8.9999983 3.4847528 3.9971051 3.4271064 0.0000010 3.4508111 3.9162068 3.6364675 3.6318796 2.9584697 3.4136695 2.6174962 3.9215766 3.5260294 3.6244330 3.6281535 0.0000010 6.8294031 3.8774960 3.9045751 5.0993928 3.6216152 3.5959051 3.6253873 3.5762506 3.7137634 3.5276210 3.2586990 6.4388257 6.2673941 2.8350170 4.9028159 8.5998245 4.0807067 4.3583986 2.0494662 2.3882948 4.2408506 
Horcal_Hcv1.av93.c5.g660.i1                           0.0573057 0.0000000 0.0577969 0.6787834 0.7515816 0.7692822 1.1154171 0.7613033 0.9162657 1.0131905 5.0844345 3.2723196 4.6259220 3.5919939 2.4655245 3.4915621 3.0415737 3.2546060 2.9616319 2.9883663 1.6526962 3.2610356 3.1972736 3.1891338 3.2508106 2.8333686 2.4624624 2.5479327 3.3025406 2.5003086 2.6187729 2.6654261 1.9822209 2.7752678 2.4837309 2.2414838 2.4185053 2.6183180 2.4277527 2.5201100 2.5225364 3.2268982 2.6457238 3.3188869 2.1206418 2.6980205 3.9192828 2.6998827 3.1157499 2.5627251 2.6841007 2.8794192 2.7625961 3.0157568 2.7959326 2.9292014 2.1054900 2.8525511 2.7365487 2.9741120 2.6584425 2.7718455 3.7723500 3.4487563 3.2913406 3.3428045 3.3830454 3.8232829 3.3560875 3.3758246 3.3514684 2.4259117 2.6487361 3.5789259 2.6189460 3.9126379 3.5603109 3.5284530 3.8829582 3.4395930 4.1268648 4.0498792 
Pbac_sb2658787                                        0.6840192 0.0577969 0.0000000 0.5895586 0.6147644 0.6522547 1.0668795 0.7611994 0.7525137 1.0524393 5.0941232 3.2688756 4.5977924 3.6614326 2.0851330 3.4495032 9.0000000 3.1080474 2.8177212 2.9575408 1.4175850 3.1018305 3.2085112 3.0567381 3.3239408 2.6089812 2.3247736 2.0301085 0.0000010 2.3072098 2.5532373 2.5823643 1.9676197 3.8764864 2.4662446 1.8233170 2.2342150 2.5485461 2.4201658 2.4466987 2.4244173 3.2776400 2.7966274 5.0376635 2.1215245 2.0797430 8.9999980 2.5533840 3.1707404 2.4729477 2.2201650 2.5771841 2.5825461 9.0000000 2.7086498 2.9488523 2.1684689 2.8016908 2.3967624 2.8123788 2.7744470 2.6483199 2.9982068 3.2967589 3.2503947 3.2756082 3.3301462 3.9537622 3.3317992 3.3517942 3.2969712 2.4470436 2.5305722 3.6510920 2.5439032 2.9317180 3.5104547 3.5095557 3.7408663 3.5353647 4.6754135 3.6899500 
Lampan_Lpan_16061_01                                  3.4138748 0.6787834 0.5895586 0.0000000 0.5021095 0.5528953 0.9228687 0.6218468 0.7483944 0.2667729 4.2513959 3.0300262 3.3403223 4.2093108 3.7996528 3.7484980 0.0000010 3.4507163 3.2796313 3.2766300 1.7511534 3.1882291 3.1663363 2.9555133 3.4397068 3.0269288 2.7980565 2.6645271 0.0000010 2.6303897 2.7484267 2.8734904 1.8018278 6.5738315 2.7517891 2.5423090 2.4725952 2.7392445 2.6345625 2.7952152 2.8430810 2.8786277 4.0626596 0.0000010 2.8816438 2.5977941 3.4789152 2.6929107 2.8087656 2.7414227 2.6146486 2.7077626 2.8802049 7.1860097 2.9233212 2.9221357 2.0027857 3.0253252 2.7128907 2.8720064 4.3515253 4.4607361 9.0000000 4.6002335 4.3222117 4.6599534 4.6662590 4.6186381 4.6186381 4.6186381 4.5766307 3.9320371 3.8959665 2.9586252 3.2952600 2.8636234 4.0542984 3.9454898 3.6967474 3.2051436 5.2595676 4.3218077 
Mlei_ML0046.g5.i1                                     1.3678455 0.7515816 0.6147644 0.5021095 0.0000000 0.6398001 1.0249504 0.6909706 0.9346817 1.1625471 4.9157279 3.1249880 4.7264456 3.4271752 2.3095593 3.5525005 2.9374573 3.2040325 2.9164284 2.9395489 1.8379083 3.0424337 3.1000075 3.0196527 3.3495856 2.6475038 2.5476768 2.5947718 3.1829301 2.6032759 2.7373258 2.6976529 1.9120987 2.8695643 2.4314513 2.0153483 2.3893699 2.4788837 2.4658201 2.5718480 2.5506340 3.2371763 2.7394389 2.9050063 1.8686783 2.3602146 3.4666082 2.5368478 2.7614517 2.5376000 2.6449988 2.6831018 2.6992667 3.1373512 2.8638369 2.7789465 1.8945691 2.7862977 2.7618925 2.7859375 2.8094676 2.9000983 3.8890276 3.3534567 3.1859220 3.2645775 3.2808937 3.8333541 3.2868058 3.3188990 3.3507335 2.2412734 2.6699710 3.4083653 2.6472802 4.1502068 3.6474559 3.7664089 3.7897549 3.6323112 4.1607142 4.0891785 
Beraby_Baby_sb344618                                  1.2672127 0.7692822 0.6522547 0.5528953 0.6398001 0.0000000 1.0546816 0.7478197 1.0332685 1.0643339 5.3141428 3.3585952 4.4189327 3.4936242 2.5344504 3.3775652 3.4106300 3.3471036 2.9399732 3.2113738 1.9092009 3.0543127 3.0441439 3.1103159 3.4355842 2.7229947 2.6586923 2.5775595 3.1477699 2.8010942 2.8597012 2.8488962 1.9127816 3.4393022 2.5321161 2.2251454 2.5462898 2.6841325 2.5291478 2.6217874 2.5900045 2.8740076 2.8588569 3.3867349 1.9731803 2.7051070 3.9230936 2.8799717 2.9390628 2.7613433 2.7568268 2.7239241 2.9066362 3.2973314 3.0049938 2.9608591 1.8443519 2.8991898 2.7714655 2.9729577 2.7393657 2.9703915 3.7620759 3.8939552 3.8960154 3.8072511 3.7920063 4.1980981 3.8897729 3.8641225 3.7453881 2.7741541 2.7009777 3.6638483 2.9042186 4.5088569 3.6957128 3.6151569 3.6946779 3.5878485 3.8187441 4.1443825 
Vmul_sbMO422061                                       1.9782314 1.1154171 1.0668795 0.9228687 1.0249504 1.0546816 0.0000000 0.5878075 0.6210869 0.0000010 5.7186229 2.6807477 9.0000000 2.8189295 2.2596633 2.8471874 0.0000010 2.4440083 2.8197970 2.3832101 1.3888956 2.4927397 2.4650965 2.4931960 3.0964425 2.3568917 2.3417282 2.1257943 0.0000010 2.5196736 2.3114709 2.5286811 1.6444388 0.0000010 2.3610709 1.9611188 2.2674541 2.4243503 2.2909025 2.3109349 2.5704604 2.9076090 7.2901536 5.4770717 4.6203425 2.3646587 0.0000010 2.4758202 2.7094087 2.1123079 2.4411486 2.5001804 2.5475831 3.7787484 2.7416697 2.5978766 2.5401734 2.8747935 2.4412604 2.5597287 4.5000842 3.7311129 3.1184713 3.9561402 4.0344599 3.7137398 3.7110447 3.8603952 3.8603952 3.8603952 3.8780082 3.6402911 3.7084620 2.5830575 2.9580953 1.9276020 3.5505568 3.5420664 3.3774534 3.0261550 7.5710744 3.8010458 
Coeast_Cast_sb757031                                  0.3035997 0.7613033 0.7611994 0.6218468 0.6909706 0.7478197 0.5878075 0.0000000 0.0591773 0.6792730 3.8864374 3.2285088 3.5990398 5.5614069 0.0000010 4.4493842 0.6591644 4.2953851 3.8852187 3.3457455 1.9378603 3.2273429 3.2671570 3.3505524 3.6245577 3.2227253 3.1842878 4.6247084 0.0000010 2.9478735 2.9579248 3.5245066 1.8903803 3.1656891 3.2286915 0.0000010 2.7357994 3.1409836 3.2614412 3.5228364 3.6310840 3.2523017 4.6932520 9.0000000 0.0000010 6.3004007 6.3004007 3.4246651 2.9806552 2.7793770 2.9198598 3.1673922 3.4685482 2.2166352 3.4954566 3.1451898 3.0592100 3.5684355 2.9756792 3.3429759 3.9694280 3.9694280 1.3773104 4.0726805 4.0943141 3.6796557 3.7436522 3.7856411 3.7856411 3.7856411 3.7241735 2.8849512 2.0992338 2.7402838 2.8164264 1.6966786 4.9602649 5.0655549 4.1976942 3.9732231 7.3907821 9.0000000 
Coemet_Cmet_C606468_01                                1.5794735 0.9162657 0.7525137 0.7483944 0.9346817 1.0332685 0.6210869 0.0591773 0.0000000 0.8798323 4.1670025 3.0612008 3.9953797 3.3013450 2.6275810 3.3941994 3.1127494 3.3009617 2.7404981 2.6830986 1.6547586 3.0366117 3.0543621 3.0421763 2.8734634 2.6451873 2.5364131 2.6257448 3.0596342 2.5167040 2.5469293 2.6886795 1.9981969 2.9138464 2.4629214 2.1558249 2.3749611 2.4690963 2.5286521 2.5679989 2.5581499 3.0004674 2.6469990 2.8255080 2.0694640 2.5782960 3.5917259 2.6184755 2.8718210 2.5431348 2.7211119 2.6790380 2.7083779 3.6052229 2.8936553 2.6680892 2.0981673 2.9095802 2.6239567 2.7929389 2.9159377 2.9409991 3.7664171 3.4582145 3.3549924 3.2964540 3.3961801 3.9607516 3.3980505 3.3917748 3.4025933 2.3578551 2.5430566 3.4686559 2.6031526 3.1331104 3.5050740 3.4751718 3.9071323 3.8157562 4.1241744 4.1942338 
Vmul_sbMO359614                                       0.0000010 1.0131905 1.0524393 0.2667729 1.1625471 1.0643339 0.0000010 0.6792730 0.8798323 0.0000000 3.5281878 3.5281878 3.9098971 6.2940546 0.0000010 6.2940546 0.0000010 3.8262536 3.9183683 4.0674969 0.0000010 4.2382881 7.6702080 4.2736432 0.0000010 5.9943482 3.0542124 9.0000000 0.0000010 3.9451938 3.7479299 3.5243916 3.2493930 0.0000010 3.5453066 0.0000010 4.2918132 3.5577590 3.7851558 3.2477597 3.2613370 3.3769730 3.2967095 0.0000010 3.1881265 0.0000010 0.0000010 3.9155785 2.7175229 4.9141401 3.1029602 2.9272937 3.5746007 0.0000010 4.0891516 3.5766545 2.8128866 4.4187607 2.0334834 3.5146098 3.6690115 3.6690115 0.0000010 4.4310344 4.4766680 4.1820487 4.0237484 4.3444072 3.8969690 3.7986811 3.7427848 3.5002722 3.6293933 3.9599184 0.0000010 2.1430820 5.3312970 5.3312970 6.5495995 3.9802203 4.6327724 9.0000000 
Opea_EP00118_Oscarella_pearsei_P021062                4.6672238 5.0844345 5.0941232 4.2513959 4.9157279 5.3141428 5.7186229 3.8864374 4.1670025 3.5281878 0.0000000 0.1620317 0.0706334 2.8621189 3.9722264 2.7453575 3.2907690 2.2012199 2.6719461 2.6922951 2.7269152 3.2675317 3.7592514 3.2651967 5.1067688 2.8425898 2.4357757 3.4686934 3.3470995 2.5753220 2.5506015 1.7033421 2.9442731 1.8341861 2.3798438 3.2791347 3.4826847 2.4986067 2.6215956 2.5589559 2.7617690 1.9112218 2.7624236 2.0064255 4.0873395 3.0120428 1.0367419 2.5169177 1.7484425 2.5602256 2.0774766 2.2307139 2.3581477 2.7319076 3.0583046 2.8157362 2.5290572 3.0281818 2.2546028 3.2244364 3.4961955 3.5316825 2.4182600 3.3546476 3.4086990 3.1474398 3.1845432 2.9906989 3.2752388 3.2880079 3.2373879 3.0309656 2.7304921 2.2940948 4.3673715 2.5436184 3.7728629 3.7867831 3.4906841 1.9924851 4.5002739 4.2677486 
Opea_EP00118_Oscarella_pearsei_P021064                3.1589358 3.2723196 3.2688756 3.0300262 3.1249880 3.3585952 2.6807477 3.2285088 3.0612008 3.5281878 0.1620317 0.0000000 0.0884777 1.8155194 1.4211700 2.1067085 1.4416453 1.8821863 1.8449895 1.7646476 1.3639978 1.9407736 2.3447147 1.9793313 2.5300489 1.6382688 1.5727946 1.2952014 0.8835064 1.4861043 1.6824187 0.9909019 2.4547420 1.2138942 1.4754503 1.2003287 1.5530217 1.5448853 1.5770598 1.6491377 1.6592977 1.4891005 2.9190331 1.5777081 3.5375144 1.1391244 1.8222346 1.5613098 1.4354468 1.6378977 1.4058268 1.4779981 1.4706694 1.0947373 2.0557950 2.0512966 2.5069113 2.0636409 1.6832685 2.1886190 3.4429490 3.1770568 2.3068077 2.9591728 3.2048322 2.6760623 2.7276601 2.6803205 2.8197677 2.9003405 2.7721381 2.7633968 2.5626723 1.9933766 1.8469695 2.4386563 2.8165282 2.7907841 2.6943727 2.2649354 4.0913047 2.8649070 
Opea_EP00118_Oscarella_pearsei_P021065                8.0223640 4.6259220 4.5977924 3.3403223 4.7264456 4.4189327 9.0000000 3.5990398 3.9953797 3.9098971 0.0706334 0.0884777 0.0000000 2.2793975 0.0000010 2.2925636 3.1768268 2.3150644 2.2231332 2.1368529 3.1202379 2.8989087 3.5846186 2.4768640 9.0000000 2.7579233 2.2769673 4.4312837 4.1317821 2.2572056 2.3407643 1.7220705 3.0575385 2.2988906 2.0859995 0.0000010 2.7681782 2.0869978 2.1456469 2.0034633 2.1893014 1.8681143 1.9085889 3.5691815 2.3443342 3.3779411 1.2806877 2.3740255 1.6271858 2.3215815 1.6167424 1.4218131 1.9742105 0.9218868 3.0943021 2.3374806 1.8839343 2.5558375 1.7148151 2.8210871 2.5865851 2.5865851 8.9999985 3.0187742 2.8218573 2.6183250 2.6656302 2.3438609 2.7331156 2.3940675 2.5616405 2.5814379 2.6409895 2.2900469 0.0000010 3.8498617 3.4495872 3.6433613 3.0539472 2.0900459 4.7311707 8.9999988 
Emue_Em0018g315a.t1                                   3.3046489 3.5919939 3.6614326 4.2093108 3.4271752 3.4936242 2.8189295 5.5614069 3.3013450 6.2940546 2.8621189 1.8155194 2.2793975 0.0000000 0.1308650 0.1633905 0.2160854 1.3740642 2.1100948 2.1805272 1.2373597 1.8417653 2.5480936 1.6816502 0.7404244 1.7091755 2.0464614 1.3859843 1.3498214 1.9685556 1.9979664 1.8181138 2.6624485 1.2440076 1.7806338 1.2018237 1.7842355 1.9437331 2.0303334 2.0295475 1.9373210 2.6039435 2.8747680 1.3912260 2.7174666 1.3053853 1.7952937 1.8641335 3.2804032 2.0010820 1.8916438 1.6860076 1.9988662 0.8704044 2.3178771 2.3509260 2.7086099 2.2595955 1.7290313 2.5550045 3.6934209 3.0596826 2.8317313 3.4993704 3.7783597 3.4939490 3.5329240 3.4193132 3.4313160 3.6525035 3.4939643 2.4311367 2.5860023 3.5974227 1.3259977 2.2921046 3.1976899 3.0129756 2.9412694 2.2703275 2.7420055 3.0266199 
Spolac_c98248_g3_i1_m.16801c98248-g1                  4.1111128 2.4655245 2.0851330 3.7996528 2.3095593 2.5344504 2.2596633 0.0000010 2.6275810 0.0000010 3.9722264 1.4211700 0.0000010 0.1308650 0.0000000 0.3722762 0.0000010 0.6178425 1.2461194 1.2677554 0.6081261 1.3777547 0.0000010 1.1943171 0.0000010 1.2424719 1.3271243 1.1217966 0.0000010 1.3041120 1.2781643 1.2083891 0.0000010 2.6822934 1.2165892 1.2165325 1.2416990 1.2534448 1.2021966 0.9991464 1.2117263 1.4119386 3.4569985 1.4295193 3.6261894 1.1741715 1.5172887 1.1224474 0.0000010 1.1076619 1.2563792 1.3902624 1.2252560 0.7579218 1.5513671 0.9537281 0.5669990 1.6588553 1.2668280 1.8641880 4.8468292 2.0823180 2.8144713 3.0829633 2.7859328 2.8822663 2.9574008 3.0044557 3.0044557 3.0044557 3.1338004 2.8242043 2.2660287 0.0000010 1.0191397 1.3471373 2.8398103 2.7868805 2.7551707 1.5319997 4.7367255 3.0594961 
Emue_Em0018g324a.t1                                   3.2953475 3.4915621 3.4495032 3.7484980 3.5525005 3.3775652 2.8471874 4.4493842 3.3941994 6.2940546 2.7453575 2.1067085 2.2925636 0.1633905 0.3722762 0.0000000 0.6191004 1.4382187 2.3588115 2.2425859 1.1706462 2.0868511 1.8704542 1.9237653 0.3741310 1.9094736 2.3901403 2.0025747 3.5174581 2.3610629 2.2299431 2.1879342 2.3922784 2.0009389 2.0965786 1.6207797 2.1550701 2.3059310 2.1108359 2.3139470 2.1788608 2.2951200 3.0446969 2.1553914 2.9342037 1.7868361 1.9243562 2.1036744 2.0807618 2.1841279 2.1000196 2.0270350 2.1731838 1.5830375 2.7117740 2.2243821 2.7470089 2.4620715 1.8753279 2.7085715 2.9740074 2.7486679 3.4881681 3.7599157 3.7569796 3.7406648 3.7671685 3.7055306 3.6612746 3.7329495 3.8646301 2.5640259 2.5814364 2.5861113 1.2926285 2.3349668 3.3622874 3.4273210 3.3544750 2.2622730 2.8849331 4.1912778 
Spolac_c98248_g2_i1_m.16800c98248-g1                  2.8705612 3.0415737 9.0000000 0.0000010 2.9374573 3.4106300 0.0000010 0.6591644 3.1127494 0.0000010 3.2907690 1.4416453 3.1768268 0.2160854 0.0000010 0.6191004 0.0000000 2.5054615 1.7297337 0.8956960 5.2942507 1.4604798 0.0000010 1.5937260 0.0000010 1.8806710 1.4196159 1.4300965 1.2813438 1.6529476 1.7331481 1.2699780 1.3732616 1.2523711 1.2930242 0.0000010 1.4290154 1.4394059 8.4177644 2.1480475 1.5978765 0.6857056 0.0000010 1.4941026 1.9158988 1.5394138 1.8538148 1.4682447 0.0000010 1.7143628 2.2153023 1.8019473 1.7475554 0.9360999 1.8211596 1.6937701 1.9903892 1.6988738 1.8596091 2.4395733 0.0000010 2.8395020 2.8890137 2.8814104 6.4181908 2.8380573 2.8818927 2.8299448 2.8367412 3.2810907 2.9206795 3.7595355 3.7521687 5.8331194 3.1129084 2.8928175 9.0000000 2.7910838 2.2431211 2.7909567 2.6793035 2.9929857 
Tetwil_g8762.t1                                       3.9392217 3.2546060 3.1080474 3.4507163 3.2040325 3.3471036 2.4440083 4.2953851 3.3009617 3.8262536 2.2012199 1.8821863 2.3150644 1.3740642 0.6178425 1.4382187 2.5054615 0.0000000 1.9810395 1.9226960 1.2136528 1.7409045 1.5195832 1.5941129 1.0891304 1.8474137 1.7634339 1.6193814 2.5594595 1.8785819 1.8381982 1.8279432 2.1291557 2.0565380 1.6767199 1.0742478 1.7499761 1.7658801 1.5955888 1.7011438 1.6993235 1.9431021 2.4780845 2.3751973 2.0303898 1.6061230 2.7414301 1.7764453 1.4299509 1.7846807 1.6871995 1.7193616 1.7596526 1.6593559 2.2103447 1.8383655 1.6890494 2.1161179 1.6835142 2.3029601 2.3200982 2.3912475 3.3130982 3.2171776 3.0600718 3.3041192 3.2102502 3.1144689 3.1771126 3.1576829 3.1723627 2.3661028 2.7125764 2.1492109 1.1741111 2.9054510 3.3504754 3.3280443 3.1789321 1.8676412 3.2344543 3.4706363 
Rhoesc_Res_010960-T1                                  3.4870644 2.9616319 2.8177212 3.2796313 2.9164284 2.9399732 2.8197970 3.8852187 2.7404981 3.9183683 2.6719461 1.8449895 2.2231332 2.1100948 1.2461194 2.3588115 1.7297337 1.9810395 0.0000000 0.6636480 0.7407544 2.2014289 2.3146995 2.0204663 2.0621235 0.6436718 1.5291299 1.2539647 1.2086989 1.5292705 1.5435468 1.5772070 1.6140482 1.1623433 1.2248068 0.9437503 1.1897050 1.2130416 1.4138681 1.3985540 1.3407158 1.3406348 1.8966012 1.3042935 1.5068871 0.9346361 1.0947894 1.2695794 1.4988776 1.4369498 1.3091439 1.1994567 1.3674022 1.4284380 1.8094998 0.8433478 1.3220932 1.5394786 0.9973690 1.5696091 2.2680681 2.0611294 2.6017990 2.4705998 2.4161445 2.5592759 2.5493867 2.8822570 2.5707714 2.5612879 2.5916499 1.7133383 1.8804718 2.1747502 1.6671085 2.5391670 2.7270603 2.7054563 2.9651137 2.3494543 2.4821429 2.8889803 
Aaur_scaffold611.g15.t1                               3.8001902 2.9883663 2.9575408 3.2766300 2.9395489 3.2113738 2.3832101 3.3457455 2.6830986 4.0674969 2.6922951 1.7646476 2.1368529 2.1805272 1.2677554 2.2425859 0.8956960 1.9226960 0.6636480 0.0000000 0.7713164 2.2086080 2.4699174 2.1645555 2.1014060 0.6160654 1.5314498 1.0779381 0.6533079 1.4703278 1.6126497 1.6906407 1.5074682 1.5118391 1.3332389 1.0151059 1.3671456 1.3334461 1.4400952 1.3954150 1.4422318 1.4627499 1.9018947 2.3238115 1.6557974 0.8184119 0.9777026 1.3372457 1.4401106 1.5099166 1.2930907 1.3382107 1.4638589 1.3070607 1.8914406 0.8327554 1.5081712 1.5924033 0.9372029 1.5699612 2.1696424 1.9009705 2.4521573 2.4875720 2.4321823 2.3728362 2.4246618 2.8027166 2.4210216 2.3760134 2.5038819 1.7518450 1.8108006 1.8032857 1.8591163 1.3371144 2.7937494 2.6284930 2.9200525 2.3402506 2.3213203 2.0145525 
Xestes_maker-XT_scaffold6248-augustus-gene-0.2-mRNA-1 4.4469893 1.6526962 1.4175850 1.7511534 1.8379083 1.9092009 1.3888956 1.9378603 1.6547586 0.0000010 2.7269152 1.3639978 3.1202379 1.2373597 0.6081261 1.1706462 5.2942507 1.2136528 0.7407544 0.7713164 0.0000000 1.0559025 2.8225289 0.8643476 2.0330285 1.0119508 1.0257010 1.0189231 0.0000010 1.0681835 1.2848037 1.2907247 2.1944791 2.7762447 0.9054903 0.6183048 1.0266044 0.9862527 0.6476843 0.8215993 0.9025851 1.0404211 2.6573774 2.0981505 2.9886595 0.9362128 2.7293467 0.9162801 1.7781518 1.2359251 0.9966348 1.2045235 1.0467366 5.0747342 1.5408935 1.2575700 2.9228488 1.3027860 1.1569033 1.5434720 4.5117878 2.5812102 8.9999988 3.9004731 2.8767545 3.6022400 3.9493205 3.9925466 3.9136192 3.9136192 4.4985386 2.8673317 3.2395716 0.8881594 1.0405153 6.3627558 4.2529523 4.3863026 4.4338413 2.7786952 2.3004620 5.1365744 
Aque_Aqu2.1.44223_001                                 3.5937067 3.2610356 3.1018305 3.1882291 3.0424337 3.0543127 2.4927397 3.2273429 3.0366117 4.2382881 3.2675317 1.9407736 2.8989087 1.8417653 1.3777547 2.0868511 1.4604798 1.7409045 2.2014289 2.2086080 1.0559025 0.0000000 0.0566163 0.4920356 1.4285139 1.9184400 2.1283548 1.9234614 1.5515882 2.0888452 2.0468665 2.0260410 2.1388390 1.7139772 1.8813912 1.6140206 1.8811399 1.9745283 2.0094109 2.0355628 1.9569791 2.0826909 2.7062624 1.8488662 3.0973694 1.7063958 2.3307641 2.0194333 1.8649705 2.1585599 1.8851637 1.8347646 1.9396452 1.3487385 2.3060889 2.2404306 2.2864715 2.3310470 1.8070738 2.4935252 3.0264793 2.6845807 2.2159424 3.0952432 3.5560845 3.1090153 3.0044518 2.9515185 3.0996778 3.2917025 3.0688592 2.5654961 3.1477666 2.3653597 1.7070928 2.4334734 3.4346002 3.3801004 3.1832497 2.1967500 3.3128884 3.6214123 
Aque_Aqu2.1.04464_001                                 0.0000010 3.1972736 3.2085112 3.1663363 3.1000075 3.0441439 2.4650965 3.2671570 3.0543621 7.6702080 3.7592514 2.3447147 3.5846186 2.5480936 0.0000010 1.8704542 0.0000010 1.5195832 2.3146995 2.4699174 2.8225289 0.0566163 0.0000000 0.5070361 1.4011281 2.2406774 2.3622717 1.9158796 0.0000010 2.0563799 1.9723557 2.1894659 2.4314577 0.0000010 2.1382259 0.0000010 1.8101412 2.1917407 2.1744850 2.3823509 2.3501297 2.0307212 4.2045148 0.0000010 4.9583642 1.0409603 0.0000010 2.0938793 2.0181912 2.2189848 2.0707049 2.2584749 2.1578743 0.0000010 2.3039982 2.3104156 2.8268873 2.5624712 1.9146412 2.7532539 4.5010619 4.5010619 0.0000010 4.2146041 4.1871762 4.0369145 3.9493591 3.8161850 4.0863561 4.0863561 4.0549558 2.5959488 2.3840286 2.2670523 1.6395942 2.5395436 3.2663790 3.2663790 2.9707071 3.2168385 4.2202892 0.0000010 
Halamb_c54327_g2_i1m.37999                            3.4834479 3.1891338 3.0567381 2.9555133 3.0196527 3.1103159 2.4931960 3.3505524 3.0421763 4.2736432 3.2651967 1.9793313 2.4768640 1.6816502 1.1943171 1.9237653 1.5937260 1.5941129 2.0204663 2.1645555 0.8643476 0.4920356 0.5070361 0.0000000 1.3374171 1.8895652 2.0123161 1.8491786 1.7769615 1.9890713 2.1024683 1.9502410 1.9218981 1.7730039 1.8719413 1.4545761 1.9149342 1.9885355 1.9203037 2.0486450 1.9436949 2.1591472 2.8703853 1.9514261 2.6576399 1.5542495 2.1998123 1.9910174 1.9158844 2.1150692 1.7602519 1.7682985 1.9648206 1.4625601 2.3375111 2.2068612 2.2553118 2.2907310 1.8535979 2.3412358 2.7821731 2.5593006 2.5786266 3.2164497 3.4852602 3.2631723 3.1885977 3.0589181 3.1879389 3.2753297 3.2958845 2.4469436 2.9892122 2.2855359 1.6431288 2.6566773 3.2989560 3.2797003 3.2005042 2.4418247 3.1673680 3.3703677 
Spolac_c98248_g1_i1_m.16798c98248-g1                  0.0000010 3.2508106 3.3239408 3.4397068 3.3495856 3.4355842 3.0964425 3.6245577 2.8734634 0.0000010 5.1067688 2.5300489 9.0000000 0.7404244 0.0000010 0.3741310 0.0000010 1.0891304 2.0621235 2.1014060 2.0330285 1.4285139 1.4011281 1.3374171 0.0000000 1.7789096 2.1943743 1.5793973 0.0000010 1.7844926 1.9304320 2.0949084 2.0720653 0.0000010 1.8824182 0.0000010 1.6345874 1.8636282 1.4322765 1.7526445 1.7791802 1.7450215 4.7752706 0.0000010 0.0000010 0.6687092 0.0000010 1.7483007 2.1737918 1.9125373 1.7029645 2.0444026 1.7098920 0.0000010 2.1523634 1.7789096 4.0803489 2.1361309 1.7027972 1.8914560 2.4996507 2.4996507 0.0000010 3.3551724 3.3016048 3.4223824 3.4003922 3.4340594 3.4340594 3.4340594 3.3616314 2.1186960 1.9818829 1.8188456 1.4995574 1.9601799 2.1826659 2.1826659 2.2115429 3.7322031 1.5869612 0.0000010 
Sanmal_Sma_025043-T1                                  3.4178877 2.8333686 2.6089812 3.0269288 2.6475038 2.7229947 2.3568917 3.2227253 2.6451873 5.9943482 2.8425898 1.6382688 2.7579233 1.7091755 1.2424719 1.9094736 1.8806710 1.8474137 0.6436718 0.6160654 1.0119508 1.9184400 2.2406774 1.8895652 1.7789096 0.0000000 1.2270039 1.0697717 1.1452653 1.2037405 1.1667131 1.5018415 1.1089995 1.1109423 1.0439521 1.0412016 0.9782904 1.0174656 1.1063105 1.0848713 1.1116811 1.0576748 3.1237971 1.1409783 2.9847524 0.8886603 1.1236893 0.9927959 1.4754285 1.1448686 1.3729321 1.2046725 1.0567998 1.4016801 1.5429018 0.0619416 1.6808036 1.4203599 0.9937380 1.4068492 2.8613546 2.4249899 2.6483137 2.7880196 2.7951635 2.7487220 2.7720059 2.7681782 2.7453295 2.8548246 2.7536859 1.9544514 2.1208294 1.5586193 1.6706519 2.5443836 2.7353235 2.7014944 2.8873830 2.1360597 3.0846928 2.9809863 
Cgig_XM_020066269.2                                   3.2026177 2.4624624 2.3247736 2.7980565 2.5476768 2.6586923 2.3417282 3.1842878 2.5364131 3.0542124 2.4357757 1.5727946 2.2769673 2.0464614 1.3271243 2.3901403 1.4196159 1.7634339 1.5291299 1.5314498 1.0257010 2.1283548 2.3622717 2.0123161 2.1943743 1.2270039 0.0000000 0.4958980 0.9775015 0.8800746 1.0132047 1.4141740 1.2249333 0.9047175 1.1568432 0.8344999 1.1160259 1.1682892 1.2163048 1.3310493 1.2519924 1.4736543 1.6485056 1.0114317 1.2838888 0.8404047 1.1190360 1.1665547 1.1634319 0.9465220 1.1241547 1.2252143 1.2531196 1.4369724 1.3346619 1.6193133 1.1599259 1.7070155 1.2437670 1.7557686 1.9287060 1.8941169 2.3433980 2.3688667 2.3152637 2.4359725 2.4124764 2.9384575 2.3415688 2.3830613 2.3886243 1.0845307 1.2184131 1.3216216 1.4419939 2.1006630 2.4795487 2.4703268 2.8438196 2.1128534 2.6752384 2.6684108 
Acagra_model.g30881.t1                                3.3527581 2.5479327 2.0301085 2.6645271 2.5947718 2.5775595 2.1257943 4.6247084 2.6257448 9.0000000 3.4686934 1.2952014 4.4312837 1.3859843 1.1217966 2.0025747 1.4300965 1.6193814 1.2539647 1.0779381 1.0189231 1.9234614 1.9158796 1.8491786 1.5793973 1.0697717 0.4958980 0.0000000 0.7000708 0.7923861 0.8299265 1.1705375 2.9737511 1.0979064 1.0052404 0.8717102 0.9999738 1.0784328 0.9967065 1.1656737 1.0300186 1.2448104 3.2802803 1.1639769 2.6765718 0.8240289 1.1627358 1.0242206 5.5781125 0.7389458 1.2111071 1.0547843 0.9969762 1.3606857 1.2011856 1.4472486 1.3708250 1.5280226 1.1207296 1.6365731 4.5739675 2.9209006 2.3350880 2.9155664 3.7452184 2.8317705 2.8846678 2.8007269 2.8626383 3.1682235 2.7950259 2.3030381 3.2219140 3.0200830 1.4774588 2.4230691 2.7503947 2.6233126 2.6386925 2.5634646 3.1494618 2.5930560 
Skow_XM_006822681.1                                   3.3583864 3.3025406 0.0000010 0.0000010 3.1829301 3.1477699 0.0000010 0.0000010 3.0596342 0.0000010 3.3470995 0.8835064 4.1317821 1.3498214 0.0000010 3.5174581 1.2813438 2.5594595 1.2086989 0.6533079 0.0000010 1.5515882 0.0000010 1.7769615 0.0000010 1.1452653 0.9775015 0.7000708 0.0000000 0.6572968 0.6187785 0.8501890 1.5808483 0.7796371 0.7696547 0.0000010 0.8617386 0.8832414 6.9249084 1.7655918 0.9807652 1.9547888 0.0000010 0.9596525 2.2010678 0.7100833 1.5384041 0.8871545 0.0000010 0.0000010 1.6438582 1.0320455 0.8642340 0.7849617 1.0008926 0.5204454 0.0000010 1.7010152 1.5060916 1.5096840 0.0000010 2.8146312 1.7985365 1.7361060 7.1780222 1.7670426 1.7540276 1.7194921 1.7354236 0.0000010 1.6680801 2.4052490 2.8238485 0.0000010 0.0000010 2.1949311 9.0000000 2.8491463 2.8576554 3.2816469 2.4283143 3.0214672 
Bralan_BLAG07001352_1                                 3.4033180 2.5003086 2.3072098 2.6303897 2.6032759 2.8010942 2.5196736 2.9478735 2.5167040 3.9451938 2.5753220 1.4861043 2.2572056 1.9685556 1.3041120 2.3610629 1.6529476 1.8785819 1.5292705 1.4703278 1.0681835 2.0888452 2.0563799 1.9890713 1.7844926 1.2037405 0.8800746 0.7923861 0.6572968 0.0000000 0.9253899 1.2301115 1.2088789 1.0429981 1.1392805 0.7571798 1.1352406 1.1659811 1.2016858 1.2135469 1.1586597 1.2904373 1.5673272 1.1585636 1.3048990 0.8248897 1.2537295 1.1015293 1.0240499 0.8789154 1.2081490 1.1990000 1.2865560 1.2328752 1.3522291 1.5291265 1.1489679 1.7310969 1.1063471 1.7708333 1.8875870 1.8587622 2.7224446 2.3892019 2.2800975 2.3428047 2.3452367 2.8627247 2.2998581 2.3056999 2.2601344 1.1959789 1.2005314 1.4500613 1.5015555 2.3866735 2.6750936 2.5524534 2.8840003 2.4377197 2.6044506 2.2962170 
Spur_XM_030975579.1                                   3.4884163 2.6187729 2.5532373 2.7484267 2.7373258 2.8597012 2.3114709 2.9579248 2.5469293 3.7479299 2.5506015 1.6824187 2.3407643 1.9979664 1.2781643 2.2299431 1.7331481 1.8381982 1.5435468 1.6126497 1.2848037 2.0468665 1.9723557 2.1024683 1.9304320 1.1667131 1.0132047 0.8299265 0.6187785 0.9253899 0.0000000 1.3778875 1.2094750 1.0258911 1.2189570 0.7761553 1.1886635 1.2277165 1.3218003 1.3353398 1.2806178 1.5829105 1.6411969 1.1051626 1.3574041 0.8774835 1.2550220 1.1638323 1.0047923 0.8826316 1.2684054 1.2817355 1.3631203 1.4189646 1.4722687 1.5235368 1.1760561 1.7846611 1.3191079 1.8352561 2.0743803 1.9890990 2.6474364 2.4840357 2.4103844 2.4305132 2.4501241 3.0090531 2.4203538 2.4572754 2.4145706 1.4480044 1.4013803 1.5593036 1.5873669 1.9909390 2.6879844 2.6812362 2.8081599 2.3735916 2.5917979 2.8698003 
Plajan_Pjan_scaffold9575_01                           3.0049020 2.6654261 2.5823643 2.8734904 2.6976529 2.8488962 2.5286811 3.5245066 2.6886795 3.5243916 1.7033421 0.9909019 1.7220705 1.8181138 1.2083891 2.1879342 1.2699780 1.8279432 1.5772070 1.6906407 1.2907247 2.0260410 2.1894659 1.9502410 2.0949084 1.5018415 1.4141740 1.1705375 0.8501890 1.2301115 1.3778875 0.0000000 0.8158222 1.2113202 1.2859702 0.9496647 1.3085292 1.3113606 1.2818614 1.3472639 1.3170158 1.6147536 1.6481912 1.4545794 1.3423947 1.0080323 1.6064223 1.3805245 1.3684153 1.2938047 1.3196359 1.3262420 1.4103986 1.0172415 1.8162119 1.6921475 1.2311646 1.8994686 1.4627333 2.0350642 1.8346395 1.7826310 2.1563159 2.3773789 2.4151001 2.4469999 2.4531879 2.9139055 2.3839821 2.4087944 2.3751886 1.4841837 1.5046135 2.0109976 1.5215472 1.9454181 2.6768318 2.6921663 2.7937247 2.1307087 2.5706191 2.6534750 
Opea_EP00118_Oscarella_pearsei_P021063                4.2226174 1.9822209 1.9676197 1.8018278 1.9120987 1.9127816 1.6444388 1.8903803 1.9981969 3.2493930 2.9442731 2.4547420 3.0575385 2.6624485 0.0000010 2.3922784 1.3732616 2.1291557 1.6140482 1.5074682 2.1944791 2.1388390 2.4314577 1.9218981 2.0720653 1.1089995 1.2249333 2.9737511 1.5808483 1.2088789 1.2094750 0.8158222 0.0000000 1.8794155 1.1454485 0.0000010 1.2726741 1.2492284 1.1874256 1.2070892 1.1584380 1.4304833 1.2426174 2.2331908 1.2301467 1.8794155 0.0000010 1.1946780 0.8656983 1.2973111 1.4121563 3.7998735 1.4186714 1.1409718 1.7665502 1.4731170 1.0274356 1.6156682 1.1780384 1.7459680 1.7599124 1.6542771 2.0794502 1.4317756 1.4822120 1.4419760 1.4969470 2.6348651 1.4243522 1.4685910 1.4426687 1.3860218 1.2996668 3.1390518 2.6326838 3.5222582 1.7335206 1.7084330 2.4734167 1.7589443 2.1014185 3.2952877 
Gasp_gasp1.m3.27791.m1                                2.9428364 2.7752678 3.8764864 6.5738315 2.8695643 3.4393022 0.0000010 3.1656891 2.9138464 0.0000010 1.8341861 1.2138942 2.2988906 1.2440076 2.6822934 2.0009389 1.2523711 2.0565380 1.1623433 1.5118391 2.7762447 1.7139772 0.0000010 1.7730039 0.0000010 1.1109423 0.9047175 1.0979064 0.7796371 1.0429981 1.0258911 1.2113202 1.8794155 0.0000000 0.1372909 7.4949301 0.2542930 0.2280325 3.1610003 0.8451284 0.3609316 1.0093309 0.0000010 0.2771897 5.4056035 0.5001170 0.7061497 0.6460803 0.0000010 1.0824996 1.3120796 0.8296814 0.7831089 0.9960149 1.1733466 2.9607208 2.4127275 1.5174995 1.4075966 1.6147887 0.0000010 3.1291706 2.0435739 2.0387958 4.4983086 1.9659527 2.0363387 2.0086392 2.0122856 3.1380288 2.0042031 1.8919220 2.7290195 3.4624355 2.7809633 2.4433552 9.0000000 3.2047686 2.8423981 2.8098960 2.1167399 2.8011939 
Fspp_ffun1.m4.3497.m1                                 3.1177454 2.4837309 2.4662446 2.7517891 2.4314513 2.5321161 2.3610709 3.2286915 2.4629214 3.5453066 2.3798438 1.4754503 2.0859995 1.7806338 1.2165892 2.0965786 1.2930242 1.6767199 1.2248068 1.3332389 0.9054903 1.8813912 2.1382259 1.8719413 1.8824182 1.0439521 1.1568432 1.0052404 0.7696547 1.1392805 1.2189570 1.2859702 1.1454485 0.1372909 0.0000000 0.0823622 0.2142584 0.1949736 0.2953783 0.3719752 0.3374980 0.1760549 0.6159952 0.3385768 0.3552193 0.4966114 0.7618881 0.7293641 0.7748210 1.1744275 0.9020413 0.9273407 0.9781122 0.9811682 1.5920519 1.3084882 0.8226135 1.6139672 1.0406284 1.6961256 1.6234971 1.5642115 2.2334948 2.2372685 2.2413613 2.2826105 2.3032060 2.7389704 2.2476643 2.3556646 2.2459481 1.6496237 1.4199293 1.7068133 1.4255756 2.2112195 2.6062537 2.5517233 2.7060898 2.1938658 2.7429209 2.3820473 
Gasp_gasp1.m3.29908.m1                                4.0087047 2.2414838 1.8233170 2.5423090 2.0153483 2.2251454 1.9611188 0.0000010 2.1558249 0.0000010 3.2791347 1.2003287 0.0000010 1.2018237 1.2165325 1.6207797 0.0000010 1.0742478 0.9437503 1.0151059 0.6183048 1.6140206 0.0000010 1.4545761 0.0000010 1.0412016 0.8344999 0.8717102 0.0000010 0.7571798 0.7761553 0.9496647 0.0000010 7.4949301 0.0823622 0.0000000 0.1646101 0.1882863 0.1999507 0.2080688 0.2151189 0.0000010 1.4668340 0.5283671 2.5808824 0.6007567 9.0000000 0.5192341 0.0000010 0.7860558 0.8016158 0.8952286 0.8112645 1.2543109 1.3305469 0.9372138 0.6188193 1.4778729 0.8109723 1.5247718 5.2693627 2.6001426 2.6282412 2.9889727 2.9779582 2.7617867 2.8121441 2.8548869 2.8548869 2.8548869 3.0530801 1.5559857 2.3075529 0.0000010 1.1704367 0.6837606 2.7940443 2.3661149 2.2004238 1.3752811 0.0000010 1.5479310 
Pocdam_XM_027202901.1                                 3.4059135 2.4185053 2.2342150 2.4725952 2.3893699 2.5462898 2.2674541 2.7357994 2.3749611 4.2918132 3.4826847 1.5530217 2.7681782 1.7842355 1.2416990 2.1550701 1.4290154 1.7499761 1.1897050 1.3671456 1.0266044 1.8811399 1.8101412 1.9149342 1.6345874 0.9782904 1.1160259 0.9999738 0.8617386 1.1352406 1.1886635 1.3085292 1.2726741 0.2542930 0.2142584 0.1646101 0.0000000 0.1339850 0.3652809 0.4264686 0.3782713 0.2847798 0.7226050 0.4258457 0.4197901 0.5382860 0.9290599 0.7325761 0.7510762 1.1783275 0.9699816 0.9895602 1.0840271 1.0660147 1.6203034 1.3794984 0.8950256 1.6700791 1.0248111 1.8030235 1.6046512 1.5237025 2.3542485 2.2984577 2.2894886 2.4138898 2.4218591 2.9549737 2.3811701 2.4984443 2.4194963 1.5214326 1.4526706 2.4073320 1.4746693 2.1903302 2.6204963 2.6010646 2.7713291 2.5999448 2.4435291 2.7000495 
Spis_XP_022798087_1                                   3.2133038 2.6183180 2.5485461 2.7392445 2.4788837 2.6841325 2.4243503 3.1409836 2.4690963 3.5577590 2.4986067 1.5448853 2.0869978 1.9437331 1.2534448 2.3059310 1.4394059 1.7658801 1.2130416 1.3334461 0.9862527 1.9745283 2.1917407 1.9885355 1.8636282 1.0174656 1.1682892 1.0784328 0.8832414 1.1659811 1.2277165 1.3113606 1.2492284 0.2280325 0.1949736 0.1882863 0.1339850 0.0000000 0.3519472 0.4082825 0.3760774 0.2374090 0.6533121 0.4115041 0.4104548 0.5320782 0.8738951 0.7607738 0.7898206 1.1946176 0.9166704 0.9341610 0.9985452 1.0820345 1.6594572 1.3038446 0.8759391 1.6580018 1.0269299 1.6847561 1.6344182 1.5850518 2.3462489 2.2712853 2.2473106 2.3135466 2.3121397 2.7445558 2.2843492 2.3769645 2.3044426 1.4950199 1.4771279 1.8923305 1.4044541 2.2087377 2.7599155 2.7088464 2.8970893 2.3360619 2.8166742 2.6345157 
Gfas_gfas1.m1.16392.m1                                4.1329430 2.4277527 2.4201658 2.6345625 2.4658201 2.5291478 2.2909025 3.2614412 2.5286521 3.7851558 2.6215956 1.5770598 2.1456469 2.0303334 1.2021966 2.1108359 8.4177644 1.5955888 1.4138681 1.4400952 0.6476843 2.0094109 2.1744850 1.9203037 1.4322765 1.1063105 1.2163048 0.9967065 6.9249084 1.2016858 1.3218003 1.2818614 1.1874256 3.1610003 0.2953783 0.1999507 0.3652809 0.3519472 0.0000000 0.3417037 0.3617702 0.2778174 0.5959479 2.5753106 0.4489385 0.5581890 3.4646894 0.8077117 0.7202259 1.1283574 0.7996975 1.0546864 1.1032404 2.0853127 1.8317876 1.4760473 0.9444371 1.7140415 0.8652954 1.7468185 1.5730222 1.5104600 2.7640429 2.3278713 2.2583465 2.4035859 2.4228611 3.1445432 2.3559412 2.2928159 2.3590442 1.4531731 1.4467313 1.7380005 1.2399704 2.1004646 2.5759239 2.5522388 2.7834309 2.4243979 3.0313151 2.6077920 
Adig_XM_015918539.1                                   4.0373770 2.5201100 2.4466987 2.7952152 2.5718480 2.6217874 2.3109349 3.5228364 2.5679989 3.2477597 2.5589559 1.6491377 2.0034633 2.0295475 0.9991464 2.3139470 2.1480475 1.7011438 1.3985540 1.3954150 0.8215993 2.0355628 2.3823509 2.0486450 1.7526445 1.0848713 1.3310493 1.1656737 1.7655918 1.2135469 1.3353398 1.3472639 1.2070892 0.8451284 0.3719752 0.2080688 0.4264686 0.4082825 0.3417037 0.0000000 0.0264798 0.3633581 0.1558989 1.2926297 0.4555881 0.6809097 1.4248132 0.8768586 0.8769411 1.1779433 1.0736402 1.0969770 1.1007063 1.6806775 1.8648824 1.3559634 0.9475877 1.6712324 1.0503049 1.8554809 1.5877699 1.5276474 2.7015116 2.3931841 2.3752047 2.4412241 2.5089328 3.0570000 2.4239555 2.3423142 2.3614924 1.5801477 1.4636879 1.7292001 1.3942571 2.7702010 2.6445156 2.7861162 2.8353199 2.3678460 3.0505073 2.8824919 
Adig_XM_015918538.1                                   3.6214717 2.5225364 2.4244173 2.8430810 2.5506340 2.5900045 2.5704604 3.6310840 2.5581499 3.2613370 2.7617690 1.6592977 2.1893014 1.9373210 1.2117263 2.1788608 1.5978765 1.6993235 1.3407158 1.4422318 0.9025851 1.9569791 2.3501297 1.9436949 1.7791802 1.1116811 1.2519924 1.0300186 0.9807652 1.1586597 1.2806178 1.3170158 1.1584380 0.3609316 0.3374980 0.2151189 0.3782713 0.3760774 0.3617702 0.0264798 0.0000000 0.3766204 0.1295251 0.4969045 0.4608053 0.5965084 0.8105369 0.8339652 0.8700531 1.1775282 1.0018000 1.0133145 1.0333813 1.1393784 1.7618161 1.4065270 0.9551164 1.7260036 1.0480241 1.7890425 1.4910438 1.4412051 2.6026344 2.3751561 2.3148373 2.4087842 2.4636102 2.9389157 2.3705724 2.3687247 2.3726692 1.5277385 1.4075302 1.8076519 1.5126948 1.9611822 2.6852112 2.7286423 2.7814134 2.4230551 2.6452495 2.7517628 
Gasp_gasp1.m3.29707.m1                                4.3183591 3.2268982 3.2776400 2.8786277 3.2371763 2.8740076 2.9076090 3.2523017 3.0004674 3.3769730 1.9112218 1.4891005 1.8681143 2.6039435 1.4119386 2.2951200 0.6857056 1.9431021 1.3406348 1.4627499 1.0404211 2.0826909 2.0307212 2.1591472 1.7450215 1.0576748 1.4736543 1.2448104 1.9547888 1.2904373 1.5829105 1.6147536 1.4304833 1.0093309 0.1760549 0.0000010 0.2847798 0.2374090 0.2778174 0.3633581 0.3766204 0.0000000 0.8578803 0.8913246 1.5812120 0.4057939 1.7353988 0.8537273 0.8125009 1.4232429 0.9243307 1.0456398 1.0998584 1.5074670 1.9607488 1.2373213 1.8373930 1.8964972 1.0411730 1.9061706 1.5839545 1.5839545 8.6361998 3.2487471 3.2202530 3.2797947 3.2540312 3.0829560 3.2065980 3.1617709 3.0681117 2.3894721 1.8296008 1.1926459 1.6938280 1.9445520 2.9590866 2.9658711 3.0130683 2.6372898 2.9065534 3.0531690 
Amil_Amillepora28816-RA                               0.0000010 2.6457238 2.7966274 4.0626596 2.7394389 2.8588569 7.2901536 4.6932520 2.6469990 3.2967095 2.7624236 2.9190331 1.9085889 2.8747680 3.4569985 3.0446969 0.0000010 2.4780845 1.8966012 1.9018947 2.6573774 2.7062624 4.2045148 2.8703853 4.7752706 3.1237971 1.6485056 3.2802803 0.0000010 1.5673272 1.6411969 1.6481912 1.2426174 0.0000010 0.6159952 1.4668340 0.7226050 0.6533121 0.5959479 0.1558989 0.1295251 0.8578803 0.0000000 3.4117782 0.4053244 2.6689913 0.0000010 1.2301012 0.9644699 1.6201162 1.7337170 1.6539570 1.4373192 0.0000010 2.1470118 1.7801792 0.9199727 2.0830334 1.9029752 2.3533502 1.4493336 1.3215705 6.5586003 2.0358762 2.0449911 2.2073614 2.2448203 3.8509832 2.1194255 2.0630867 2.0876156 1.6062707 1.4141771 2.6564815 2.6820834 2.5670836 2.9616469 2.9616469 3.5211482 2.5288570 3.1740980 3.6988393 
Gfas_gfas1.m1.16395.m1                                3.3316733 3.3188869 5.0376635 0.0000010 2.9050063 3.3867349 5.4770717 9.0000000 2.8255080 0.0000010 2.0064255 1.5777081 3.5691815 1.3912260 1.4295193 2.1553914 1.4941026 2.3751973 1.3042935 2.3238115 2.0981505 1.8488662 0.0000010 1.9514261 0.0000010 1.1409783 1.0114317 1.1639769 0.9596525 1.1585636 1.1051626 1.4545794 2.2331908 0.2771897 0.3385768 0.5283671 0.4258457 0.4115041 2.5753106 1.2926297 0.4969045 0.8913246 3.4117782 0.0000000 3.4330509 0.5414733 0.7059803 0.7565080 0.0000010 1.1346518 1.4621570 0.8745328 0.8464793 1.1963412 1.4151048 4.7279386 2.0763251 1.7734830 1.5561641 1.6807600 9.0000000 4.1358533 2.2980790 2.2513213 3.4785706 2.1996317 2.1691974 2.0810474 2.1345649 3.3007409 2.1216097 2.8922833 2.8701810 5.6416515 1.7319139 2.5192301 8.9999984 4.2102701 3.3017543 3.4397769 2.3882931 3.6459868 
Gasp_gasp1.m3.29359.m1                                8.9999983 2.1206418 2.1215245 2.8816438 1.8686783 1.9731803 4.6203425 0.0000010 2.0694640 3.1881265 4.0873395 3.5375144 2.3443342 2.7174666 3.6261894 2.9342037 1.9158988 2.0303898 1.5068871 1.6557974 2.9886595 3.0973694 4.9583642 2.6576399 0.0000010 2.9847524 1.2838888 2.6765718 2.2010678 1.3048990 1.3574041 1.3423947 1.2301467 5.4056035 0.3552193 2.5808824 0.4197901 0.4104548 0.4489385 0.4555881 0.4608053 1.5812120 0.4053244 3.4330509 0.0000000 2.3540501 0.0000010 0.9293836 0.0000010 1.2156002 2.9623720 2.8457935 1.3332960 2.5578131 1.6915855 1.6161282 0.7365896 1.8068444 3.5817626 1.9142187 1.5309803 1.3571981 8.9999982 1.5615574 1.4895455 1.6750667 1.6875019 8.9999990 1.6218271 1.5655851 1.6808481 1.2866303 1.3576832 4.6382838 2.8273511 3.7037017 2.2284555 2.2839729 3.2634105 2.0884181 2.9823693 4.4606262 
