105
Nvec_v1g106104                                               0.0000000 0.0000010 1.4280939 1.7668883 1.8709222 1.7862114 1.8661370 0.0000010 1.7287949 1.8117006 0.0000010 1.8566664 1.7661361 1.6058841 1.6218952 1.8525640 1.6608108 1.4139769 1.4139769 1.6658747 1.4398167 2.2604980 1.6180978 2.7873224 1.4593195 1.4918757 1.4596562 1.4101121 1.4005363 1.5481783 1.7854002 1.7020694 1.7657767 1.4571828 1.7604652 1.7112005 1.7621331 1.7689446 1.6834056 1.7859990 1.7020940 1.4420179 1.4420179 1.8733548 2.0568595 1.0469078 1.4175940 1.0209801 1.3585527 1.1714256 1.3008269 0.0000010 1.1945357 1.2143527 1.0770214 1.1156034 1.3634559 1.5304539 1.5575022 1.6150498 1.4890927 1.4454198 1.4703577 0.0000010 1.4703577 1.5210680 1.4340128 1.3468578 1.8586141 0.0000010 2.0247977 2.5062140 2.4208925 2.1627394 1.1829251 2.1764685 2.5311204 2.2546672 2.0173729 2.3424655 0.0000010 2.4515966 2.3978193 2.2457011 2.3434073 0.0000010 2.2984754 1.4360094 2.3320027 2.3317773 2.3294969 2.3506217 2.2970281 2.3024125 2.2632009 2.2977907 2.3948434 2.3940189 2.5834006 2.2289699 1.7596394 1.6049187 2.2016361 2.9604471 2.0097281 
Adig_XM_015903146.1                                          0.0000010 0.0000000 0.3943792 0.4280491 0.4177862 0.3840178 0.3147919 0.0902913 0.4669846 0.4050704 0.5985499 0.6002616 0.0000010 0.6608111 0.6001678 0.3755493 0.6876812 0.6857544 0.6857544 0.5884775 0.0000010 2.3824420 0.6744949 0.0000010 0.9906512 0.9492910 1.0678700 1.0994106 1.1493577 1.0645594 1.0928772 1.0328910 0.9947312 1.0757181 1.0801960 1.0877314 1.0794914 1.4726826 0.7630125 1.0733952 3.3011603 1.3253412 1.2730950 0.6457425 0.9771268 1.3447998 1.4484456 0.0000010 1.5158119 1.5678955 1.5974523 1.3627496 1.5511897 1.2046727 1.1827692 2.1574085 1.1709095 1.1402765 1.2097121 1.2153711 1.2613158 1.2783765 1.2548866 1.4817510 1.0411983 1.3073135 1.2236863 1.2004381 1.0894812 1.0109357 1.1060013 1.1049088 1.0200942 2.2908665 1.5608700 1.3740234 1.4395921 1.4905927 1.2272321 1.5331115 1.8692625 1.8492001 1.8492001 1.8354147 1.9171206 1.7256482 1.8219509 1.7220070 0.0000010 1.9274562 1.9274562 1.6916418 1.8853501 1.6856345 1.5850746 1.6452186 1.7050514 1.8678075 1.7987302 1.7756365 0.0000010 1.3115469 1.6756085 1.8513772 2.4425338 
Fspp_ffun1.m4.31073.m1                                       1.4280939 0.3943792 0.0000000 0.1946481 0.2484397 0.2661236 0.2500270 0.9972954 0.5970059 0.6150369 0.5553254 0.8322590 1.2659365 0.9201065 0.8759397 0.8602209 0.8273209 0.9401827 0.9824899 0.8862783 1.5136066 2.5776692 0.9222615 2.1929433 1.1521950 1.1466164 1.2042349 1.0809014 1.0780808 1.1174884 1.2331787 1.1403576 1.1521290 1.1719371 1.1621336 1.1559393 1.1559057 1.1074759 0.9744864 1.1536205 1.9843373 1.1885721 1.2072077 0.8991235 1.1817785 1.6357062 1.5261936 1.1034008 1.5468280 1.6492269 1.7248094 1.3632246 1.8016362 1.5664738 1.5816062 1.7015650 1.4409623 1.4786303 1.6285746 1.6530201 1.5177181 1.4503911 1.5606855 1.3891854 1.4963045 1.6078282 1.5507416 1.4746386 1.3837924 1.0736081 1.5042215 1.5091432 1.5526214 2.2306810 2.0851191 1.6491604 1.8253009 1.8783539 1.7852471 1.9245306 1.9960421 2.4245858 2.4459891 2.3961888 2.3198370 1.8904117 2.3836504 2.0228100 2.1083855 2.6509374 2.7019642 2.4335465 2.6117682 2.4420979 2.3482317 2.2817188 2.0762521 2.0441943 2.1952756 2.1880893 1.5795861 1.7131464 2.1753058 2.6329096 1.4916585 
Gasp_gasp1.m3.1042.m1                                        1.7668883 0.4280491 0.1946481 0.0000000 0.2382579 0.2015669 0.2501547 1.0532090 0.6139571 0.5797455 0.4787161 0.8444323 1.2005837 0.9481099 0.8804326 0.8819180 0.8481387 0.9119010 0.9582843 0.9407848 1.5198806 2.9340648 0.9545992 2.1686723 1.1056438 1.1022268 1.1268186 1.0676632 1.1195302 1.0723015 1.1805434 1.1187289 1.1789676 1.2077496 1.1569267 1.1186573 1.1301795 1.1925121 1.0466350 1.1337604 2.1036233 1.2301878 1.2240332 0.9295799 1.1685651 1.6523164 1.5675234 1.1996761 1.6412180 1.8400533 1.9090897 1.4475734 1.9185364 1.6777659 1.6365830 1.8695418 1.4996164 1.5713596 1.5875703 1.6367625 1.4923452 1.4521641 1.5388731 1.4102810 1.4669567 1.6019342 1.5430146 1.4871774 1.3565929 0.9954018 1.5373668 1.5842971 1.5746840 2.3630924 1.9485448 1.8088928 1.9184832 1.9863255 1.9223272 2.0385745 1.9101308 2.5714045 2.4670697 2.4249499 2.3451033 1.8655457 2.4571209 1.9857317 2.3413115 2.8580351 2.8281495 2.4634324 2.5714394 2.5090971 2.3918019 2.2816794 2.1588188 2.2049505 2.3405330 2.2553841 2.1755763 1.8387144 2.2829566 2.7001213 1.4363787 
Spis_XP_022808227_1                                          1.8709222 0.4177862 0.2484397 0.2382579 0.0000000 0.1110947 0.2744210 1.0143113 0.6388112 0.5908813 0.5875118 0.9129446 1.2396662 0.9475801 0.9211268 0.9174479 0.8584797 0.9223893 0.9589916 0.9119260 1.3829565 2.6843281 1.0429751 1.9579988 1.1104494 1.1108725 1.1533215 1.0537955 1.1775061 1.0979218 1.2349446 1.1087651 1.1874829 1.2246040 1.2328287 1.2140611 1.2232506 1.2401081 1.0620597 1.1951365 2.1846511 1.2902019 1.2548367 0.9310676 1.1977513 1.6153559 1.5237913 1.1649030 1.5578581 1.7792092 1.8962552 1.3060045 1.8410692 1.6395581 1.6788801 1.9437686 1.3952925 1.4588665 1.6003221 1.6195002 1.5139930 1.4765253 1.5520993 1.4612712 1.5132206 1.5726410 1.5392725 1.4528668 1.3946991 0.9561422 1.4447435 1.5726058 1.6162874 2.2052893 1.9911631 1.7527237 1.9294402 1.9168872 1.8355988 2.0349033 1.9893045 2.6271996 2.5024057 2.4591572 2.3882966 1.8671969 2.4564106 1.9992390 2.3051063 2.8056293 2.8363228 2.5226009 2.6373245 2.4793509 2.3806821 2.0930116 2.2794318 2.2227951 2.2946054 2.3030161 2.0653954 1.7537450 2.2191167 2.6654174 1.5448275 
Pocdam_XM_027187917.1                                        1.7862114 0.3840178 0.2661236 0.2015669 0.1110947 0.0000000 0.2474364 0.9570488 0.6008584 0.5976516 0.5926665 0.9120963 1.2330042 0.9165581 0.8824862 0.8747264 0.8550857 0.9039636 0.9349848 0.9057234 1.3465641 2.5251967 0.9810373 1.9671709 1.0832169 1.1098253 1.1486864 1.0353203 1.1688387 1.1259693 1.1935110 1.1235028 1.1730289 1.2469316 1.1946789 1.1828211 1.2084398 1.2366752 1.0656979 1.1724014 2.0975604 1.2985841 1.2588541 0.9221691 1.1783518 1.6163811 1.5161741 1.0787561 1.5538110 1.7940729 1.9110841 1.3771354 1.8548828 1.6614301 1.7051021 1.9613695 1.4069588 1.5158473 1.6118080 1.6033069 1.5489213 1.5197402 1.5417154 1.5211852 1.5083061 1.5463337 1.5762336 1.4572462 1.3795252 0.9173798 1.4477523 1.5621833 1.5677901 2.1981400 1.9433116 1.7192984 1.9282279 1.8978158 1.8894177 2.0057424 1.9708957 2.5911148 2.4540295 2.3911904 2.3392593 1.9148655 2.4019987 2.0532869 2.1823357 2.7039790 2.6763165 2.5515281 2.6070875 2.4523520 2.3814695 2.1212664 2.1854027 2.2515446 2.2821190 2.3264394 1.8737722 1.7693256 2.1681734 2.7483805 1.4033115 
Gfas_gfas1.m1.4328.m1                                        1.8661370 0.3147919 0.2500270 0.2501547 0.2744210 0.2474364 0.0000000 0.8408491 0.6176200 0.6284952 0.5933908 0.9166322 1.2609906 0.9443480 0.8945374 0.9070886 0.8790459 0.9314954 0.9636441 0.9194966 1.3243781 2.5818312 1.0666050 1.9478567 1.1439747 1.1327939 1.1702574 1.0281452 1.1336148 1.1150032 1.1789848 1.1465471 1.2121180 1.2721828 1.2434976 1.1842860 1.1955994 1.3314829 1.1299357 1.2219350 2.3135216 1.2829310 1.2430338 0.9235173 1.1942900 1.6983679 1.6111356 1.3426280 1.6351451 1.8282097 1.9345270 1.4278447 1.9724404 1.7283872 1.7485408 2.0136737 1.4869627 1.5492488 1.6388504 1.6514959 1.5474767 1.5183124 1.5901298 1.5177759 1.5525305 1.6037410 1.5895180 1.4003099 1.4457735 0.9804264 1.5371704 1.5728784 1.6018647 2.2246505 2.0127871 1.7559814 2.0272899 1.9894559 1.8836677 2.1105864 1.9114273 2.6112956 2.4919693 2.4398757 2.3900790 1.8537335 2.3787772 2.0412505 2.2322586 2.9185423 2.8829474 2.4831714 2.6027544 2.4096267 2.3945209 2.2078214 2.0679703 2.1257241 2.2597847 2.2131669 1.8183925 1.8400116 2.2646299 2.8423303 1.4178020 
Amil_Amillepora00156-RA                                      0.0000010 0.0902913 0.9972954 1.0532090 1.0143113 0.9570488 0.8408491 0.0000000 0.9416818 0.7905391 1.2191527 1.2711911 1.3931176 1.4569686 1.3001989 1.9719286 1.5550180 1.5265098 1.5117988 1.1761745 0.0000010 2.9332326 1.3203171 0.8305610 2.0053753 1.9831647 2.4073633 2.5677691 2.5318775 2.2162579 2.1818453 2.2412683 2.1147337 2.3652381 1.8004651 1.9105832 1.9543185 1.3308735 1.7029085 1.5753317 3.9898582 3.6593090 2.2832929 1.3473033 1.6307364 2.0861433 2.1034028 0.0000010 2.2778048 2.2891552 2.4734845 2.0068177 2.5777106 1.8052373 1.7545519 2.6050805 2.1549348 1.8670795 1.7324556 1.6860347 1.5221485 1.5871406 1.6023961 1.0725416 1.3967525 2.0081496 1.7898161 2.2530985 1.4705934 1.3611039 1.6147458 1.8316986 1.6982470 2.5950086 2.6043307 2.2110669 3.0524058 2.6006991 2.0704326 2.8834516 2.6083784 2.9186028 2.9186028 2.8299621 2.7305220 2.1189936 2.6650896 2.4410034 0.0000010 2.6964180 2.6964180 3.2315117 3.4835175 2.4374449 2.2353434 2.9128719 2.5161272 2.6693843 2.7245945 2.3933044 0.0000010 2.3773196 2.9232250 3.7547263 5.7775484 
Nvec_v1g203127                                               1.7287949 0.4669846 0.5970059 0.6139571 0.6388112 0.6008584 0.6176200 0.9416818 0.0000000 0.5012265 0.6899987 0.9540912 1.2680717 1.0017790 0.9718072 0.9851395 0.7873322 0.8535819 0.8862255 0.9405757 1.0839417 2.2257944 0.9710936 1.5425161 1.1200538 1.0879246 1.0754206 1.0879933 1.1757646 1.1621871 1.2425358 1.1985526 1.1688667 1.2497834 1.2244572 1.1563603 1.1412553 1.2701667 1.0547866 1.2011026 2.0032064 1.3517389 1.3355439 0.9877758 1.2241606 1.9310130 1.6789726 1.1781425 1.7102141 1.9984229 2.1191546 1.4618445 1.9811295 1.7531235 1.8696154 2.0427354 1.5161505 1.6087983 1.5874018 1.6039017 1.5718826 1.5326998 1.5129396 1.4423008 1.4477834 1.5516912 1.5413342 1.6791964 1.5548516 1.2341584 1.6126074 1.7445778 1.6824569 2.2091462 1.9891681 1.8344662 2.0103528 1.9487680 1.9808581 2.0528944 1.8265516 2.5513508 2.4537048 2.3943032 2.3378577 1.9979676 2.4195159 2.2322799 2.0262857 2.7490539 2.7352881 2.5110716 2.6082852 2.4290816 2.3600244 2.3242837 2.1776778 2.4582531 2.3700653 2.3870283 1.7171675 1.8089989 2.2059952 2.8283504 1.5348510 
Exapal_XM_021059408.2                                        1.8117006 0.4050704 0.6150369 0.5797455 0.5908813 0.5976516 0.6284952 0.7905391 0.5012265 0.0000000 0.6340556 0.9962748 1.4624764 0.8382593 0.8337136 0.9411360 0.8007678 0.8488506 0.8723583 0.8301120 1.0117011 2.7601385 0.9864254 1.4096215 1.0555925 1.0670893 1.0127048 1.0262494 1.1116162 1.1771911 1.1571433 1.1274795 1.1570483 1.2333904 1.2143565 1.1386488 1.1311068 1.3099505 1.1131169 1.2103529 1.8971145 1.2941122 1.2197051 0.9294542 1.1530345 1.7633597 1.5758934 1.2963800 1.6465373 1.8801206 1.9218969 1.3349827 1.8196539 1.6487736 1.7378064 2.0082266 1.6478560 1.6480255 1.5835253 1.5788520 1.5555430 1.5135308 1.5048125 1.3148788 1.4946092 1.5830851 1.5740579 1.6113417 1.4827499 1.0905247 1.4969405 1.5865836 1.5743891 2.2013833 2.0487889 1.7661812 1.9211810 1.8160419 1.8528226 1.9559775 1.8485077 2.5190543 2.4066447 2.3268550 2.2895094 1.9185122 2.2907380 2.2147209 2.0257330 2.5666555 2.5387061 2.4329408 2.5474836 2.3249118 2.2903722 2.1244459 2.1742949 2.2831819 2.3260998 2.3270961 1.8111221 1.8126257 2.3039427 2.5966438 1.5741733 
Coeast_Cast_sb751164                                         0.0000010 0.5985499 0.5553254 0.4787161 0.5875118 0.5926665 0.5933908 1.2191527 0.6899987 0.6340556 0.0000000 0.0591273 0.0000010 0.5675545 0.5101549 0.3128500 0.5002113 0.6499183 0.6384113 0.6311409 0.0000010 2.6833565 0.6349470 0.0000010 0.9221783 0.8448333 0.8734469 0.9040581 0.8734320 0.9508952 0.8601895 0.8723581 0.9123807 0.9918851 0.9744868 0.9648000 0.9632501 1.1157994 0.7706752 1.0508486 3.3027950 1.2226986 1.1051285 0.6552617 0.9242508 1.4601858 1.5136772 0.0000010 1.5002538 1.7202741 1.7442555 1.4389073 1.6830980 1.4411080 1.4928225 1.0856867 1.3000180 1.3424971 1.2699168 1.1891088 1.3109319 1.3246595 1.3085933 1.4861257 1.1979641 1.3369882 1.4179570 1.2387152 0.9498292 0.8575431 0.8582258 0.9549989 1.0275614 1.6021838 1.7466024 1.5307721 1.5760034 1.6695232 1.3470159 1.5696294 1.7377008 1.9677162 1.9677162 1.9506167 2.0419456 1.9085625 1.9876588 1.8103485 0.0000010 1.4292007 1.4292007 1.9675726 2.0960819 1.8010269 1.7957367 1.7535080 1.8076106 1.8876861 1.9462534 1.9861027 0.0000010 1.4695574 1.7333334 1.9508421 1.2395898 
Coemet_Cmet_C600285_01                                       1.8566664 0.6002616 0.8322590 0.8444323 0.9129446 0.9120963 0.9166322 1.2711911 0.9540912 0.9962748 0.0591273 0.0000000 0.0614834 0.7288431 0.7085733 0.6205280 0.7085466 0.9734438 1.0179620 0.9154189 1.1910334 2.3968403 0.9682006 1.6501790 1.1783690 1.1389741 1.1302909 1.1066676 1.1148502 1.1704784 1.2411822 1.2184348 1.2132822 1.3168354 1.3269267 1.2624283 1.2583409 1.5284246 1.2283492 1.3776638 2.1077230 1.4827162 1.3910644 1.0888296 1.3236942 1.8862947 1.7847457 1.2032515 1.7949816 2.0359123 2.0289268 1.4353665 1.9274761 1.7839571 1.8020519 2.0837252 1.7421892 1.6951561 1.8330754 1.7966653 1.7881771 1.7307033 1.7633773 1.4907698 1.8067825 1.7629609 1.7022013 1.6471046 1.3709702 0.9268427 1.3709518 1.5484330 1.5675304 2.2815971 1.9549132 2.1080981 2.1223368 2.1925994 1.9912662 2.1968796 1.7045155 2.4802329 2.3571462 2.3917798 2.3201069 1.8760478 2.3534178 2.1186186 2.2637937 2.6176881 2.5810918 2.4940370 2.5472703 2.2520820 2.2842692 2.1006685 2.3084452 2.2049027 2.1842433 2.1308877 2.1188078 2.1431309 2.3779776 2.7326456 2.0928133 
Coeast_Cast_sb773050                                         1.7661361 0.0000010 1.2659365 1.2005837 1.2396662 1.2330042 1.2609906 1.3931176 1.2680717 1.4624764 0.0000010 0.0614834 0.0000000 0.8899129 0.9227661 0.7629572 0.9473829 1.3270904 1.5663280 1.2226030 1.2163234 2.4316679 1.3835559 1.7043026 1.4409213 1.4246065 1.3924144 1.3242718 1.3985708 1.3060949 1.5660620 1.5705631 1.4635087 1.5760115 1.6228863 1.4969123 1.4853330 1.5256302 1.5096308 1.5496078 1.7650516 1.5248827 1.5261726 1.5450217 1.7402486 2.2554980 2.0082033 1.2184816 2.0481302 2.4003932 2.3709503 0.0000010 2.2320583 2.2364649 2.1552839 2.1769505 2.2547405 2.2644976 2.4302726 2.6143482 2.2932155 2.0925286 2.3691941 0.0000010 2.3691941 2.3082493 2.0983509 2.1771750 3.3741583 4.5823676 2.3517561 2.4567321 2.4420671 2.6746901 2.3004135 3.0157712 2.7891010 3.0487008 2.9320467 3.1436005 0.0000010 2.5938481 2.5323424 2.5666489 2.3443585 0.3456028 2.5372266 2.7698385 2.0275464 2.5204562 2.4493135 2.8127766 2.7280038 2.4900827 2.4702893 2.3859762 2.5359976 2.3519488 2.4396957 2.2492913 1.9153455 3.0147839 3.8957972 2.9860623 2.1166279 
Nemnom_g4554.t1                                              1.6058841 0.6608111 0.9201065 0.9481099 0.9475801 0.9165581 0.9443480 1.4569686 1.0017790 0.8382593 0.5675545 0.7288431 0.8899129 0.0000000 0.2329415 0.5551304 0.8086272 0.8960068 0.9240734 0.7890600 0.8881166 2.7465282 0.9559251 1.1244491 1.1238158 1.2236046 1.1734243 1.1652424 1.1352527 1.2022753 1.1898635 1.2672381 1.2519746 1.2849512 1.4254252 1.3145813 1.3167445 1.6555375 1.2956747 1.4178317 2.3679546 1.4295807 1.4047978 0.9910218 1.1841427 1.7709477 1.8494716 1.1280618 1.8589665 1.9982502 2.0884712 1.4518995 1.9775792 1.8466470 1.8889373 2.0828986 1.7686702 1.7634342 1.7206566 1.7069079 1.6059921 1.5777704 1.7295772 1.6127456 1.7870047 1.6892691 1.6949929 1.6317034 1.5248803 0.9448678 1.5439685 1.5410445 1.5418097 2.2975503 2.1515777 1.8643319 1.8021057 2.0304674 2.0154821 1.9904837 1.6371378 2.3775652 2.1836354 2.1196597 2.1196695 1.8245218 2.1345800 1.8900052 1.6872801 2.4008883 2.3352950 2.0784901 2.2060100 2.1661324 2.1488848 2.0938511 2.1826183 2.1379789 2.1016445 2.1315911 1.4651239 2.0897199 2.3672809 2.5079920 1.8065576 
Rhoesc_Res_008527-T1                                         1.6218952 0.6001678 0.8759397 0.8804326 0.9211268 0.8824862 0.8945374 1.3001989 0.9718072 0.8337136 0.5101549 0.7085733 0.9227661 0.2329415 0.0000000 0.5547671 0.7770850 0.8576813 0.8940763 0.7327804 0.7452373 2.3306154 0.8812121 0.9735777 1.0697731 1.1210996 1.1903809 1.1540868 1.1152335 1.2168108 1.2325458 1.2541421 1.2073047 1.2391751 1.3500258 1.2379652 1.2476463 1.5609141 1.2287381 1.3764703 2.3281750 1.4498259 1.4096673 0.9734211 1.0925464 1.7020213 1.8713459 1.1845530 1.8773701 1.8072046 2.0221810 1.4361538 2.0303573 1.8111012 1.7676215 2.0041043 1.7141503 1.7779801 1.6378896 1.6591886 1.5541644 1.5570604 1.6212403 1.3862818 1.6426105 1.6095106 1.6979368 1.6756693 1.4382095 0.8710674 1.4361914 1.4862663 1.4272293 2.1749900 2.1899218 1.8282537 1.8177791 1.9624270 1.8913208 1.9570193 1.6028145 2.2822557 2.0975790 2.0428402 2.0295228 1.7965792 2.1224778 1.8879084 1.7654960 2.2233150 2.1878776 1.9790646 2.0756934 2.1212911 2.0739325 2.0208493 1.9977268 2.0877413 2.0095292 1.9834311 1.5233979 2.0195637 2.3751251 2.7043684 1.7011699 
Chem_TCONS_00062708                                          1.8525640 0.3755493 0.8602209 0.8819180 0.9174479 0.8747264 0.9070886 1.9719286 0.9851395 0.9411360 0.3128500 0.6205280 0.7629572 0.5551304 0.5547671 0.0000000 0.7364347 0.8138588 0.8516380 0.8713546 1.2973543 2.8062602 0.9380180 1.3497253 1.1485482 1.1312575 1.1158627 1.0617137 1.1614279 1.1383566 1.1578362 1.2272718 1.1683037 1.2380928 1.3285723 1.2256824 1.2203410 1.6980009 1.2884662 1.3560233 2.2471892 1.4228693 1.4300573 1.0391378 1.1453077 1.7562832 1.7418298 1.5192470 1.7261178 1.8091991 2.0061018 0.9525257 1.8996864 1.8225111 1.7884999 2.1328365 1.6963598 1.7095620 1.8435225 1.9256062 1.7306059 1.7149100 1.7914040 2.1699790 1.7844548 1.7949215 1.7165486 1.5452667 1.7410034 0.8811854 1.7181517 1.8601273 1.7254906 2.1030032 1.9342094 1.8891578 1.8270017 2.0514813 2.0724486 2.1742878 1.1909992 2.3088183 2.0924757 2.1010014 1.9935481 1.8219850 2.1245726 1.7647788 1.8310515 2.2278696 2.1885307 2.2110053 2.2536131 2.1298107 2.0663232 2.0415358 2.2140444 2.2104720 2.1726431 2.1927945 1.5097470 1.8960164 2.5241854 2.8242450 1.8667898 
Cgig_XM_011416394.3                                          1.6608108 0.6876812 0.8273209 0.8481387 0.8584797 0.8550857 0.8790459 1.5550180 0.7873322 0.8007678 0.5002113 0.7085466 0.9473829 0.8086272 0.7770850 0.7364347 0.0000000 0.6919634 0.7452537 0.7072987 0.8568283 2.1807867 0.8059855 1.2296877 0.9579702 0.9214433 0.8971904 0.9140401 0.9455637 1.0024961 1.0052319 1.0117296 1.0001824 0.9390311 1.0007230 1.0272585 1.0384221 1.0850775 0.9235778 1.0267631 1.4844301 1.1763494 1.1474770 0.9916186 1.1903079 1.5157579 1.5884454 1.1309132 1.6001438 1.7034223 1.7658778 1.3377162 1.7904686 1.6384578 1.6088678 1.7100590 1.5748629 1.5586641 1.5948100 1.5772596 1.4496233 1.4589087 1.5157109 1.7984971 1.4716621 1.5741275 1.4880877 1.5539282 1.3047134 0.9269453 1.2680443 1.4295723 1.3836275 1.8984079 1.8954757 1.5879441 1.7010987 1.7487847 1.7376463 1.7374656 1.6735626 2.1352655 2.0624879 2.0190227 1.9796155 1.7158743 2.0478565 1.9328089 1.5958460 2.1684037 2.1647559 1.9423073 1.9364860 2.0718803 2.0654859 1.9704638 1.9455119 2.0920505 2.0660499 1.9510230 1.4540654 1.7893403 1.9723972 2.6462429 1.5801605 
Acagra_model.g443.t1                                         1.4139769 0.6857544 0.9401827 0.9119010 0.9223893 0.9039636 0.9314954 1.5265098 0.8535819 0.8488506 0.6499183 0.9734438 1.3270904 0.8960068 0.8576813 0.8138588 0.6919634 0.0000000 0.0000010 0.7357686 0.9946750 2.7492247 0.8360611 1.1659047 1.0468467 1.0297761 1.1061291 1.0551387 1.0230593 1.0596357 1.1405740 1.0418212 1.1476255 1.2005717 1.2208775 1.1874873 1.1905891 1.2641646 1.0437347 1.2139525 1.8190753 1.3570232 1.3131426 0.9993705 1.2169606 1.6024011 1.6548647 1.0202699 1.6973548 1.8562530 1.9295075 1.5170597 1.8726903 1.6588599 1.6787317 1.8820075 1.6400587 1.6672578 1.6873265 1.6365378 1.5459844 1.5285467 1.8145333 1.7821769 1.7297265 1.7822403 1.6394541 1.6470830 1.6125407 1.1409605 1.5205540 1.6561749 1.5302036 2.2827810 2.1807021 1.8298676 1.9792230 1.8990491 1.9152187 2.0628134 1.6858968 2.2133637 2.1308120 2.0200670 2.0542680 1.7926702 2.0833572 1.8608109 1.6791959 2.3131438 2.2586626 2.3324989 2.2080176 2.1211357 2.0310013 2.0567675 2.1413886 2.1122097 2.1620549 2.2251527 1.3873685 1.7620149 2.2675982 2.6948997 1.4414332 
Acagra_model.g443.t1.1.5d3b8234                              1.4139769 0.6857544 0.9824899 0.9582843 0.9589916 0.9349848 0.9636441 1.5117988 0.8862255 0.8723583 0.6384113 1.0179620 1.5663280 0.9240734 0.8940763 0.8516380 0.7452537 0.0000010 0.0000000 0.7297278 0.9946750 2.5051507 0.8671989 1.1659047 1.0866425 1.0535297 1.1225806 1.0869235 1.0294698 1.0778010 1.1438065 1.0589048 1.1823813 1.2509175 1.2836188 1.2347043 1.2380719 1.3623400 1.0789770 1.2640589 1.8175041 1.3930585 1.3378609 1.0395001 1.2652459 1.5637386 1.6261505 1.0202699 1.6694879 1.8079536 1.8950311 1.5170597 1.8488770 1.6148818 1.6459972 1.8741803 1.5562094 1.5719039 1.6503507 1.5581096 1.5050310 1.4925152 1.7503492 1.7821769 1.6448391 1.7268895 1.5854615 1.5768073 1.7772266 1.1409605 1.5728366 1.7148035 1.5788557 2.5727757 2.1780305 1.7161981 1.9223485 1.7882153 1.7999480 2.0146147 1.6858968 2.1100393 2.0301529 1.8935353 1.9761758 1.7982875 2.0023100 1.7602947 1.6791959 2.3131438 2.2586626 2.2865030 2.1273464 2.0449834 1.9386865 2.0215777 2.1086868 2.0189846 2.0804475 2.1482841 1.3873685 1.6604659 2.1656786 2.5496445 1.4414332 
Dpul_mRNA874                                                 1.6658747 0.5884775 0.8862783 0.9407848 0.9119260 0.9057234 0.9194966 1.1761745 0.9405757 0.8301120 0.6311409 0.9154189 1.2226030 0.7890600 0.7327804 0.8713546 0.7072987 0.7357686 0.7297278 0.0000000 0.1511854 1.7625086 0.8980778 0.3748498 1.1133023 1.1824249 1.1631051 1.1162427 1.1358467 1.1030394 1.2313666 1.2154552 1.2912821 1.2889732 1.3243597 1.2789066 1.2851168 1.5035720 1.2387156 1.3207614 2.1842940 1.5366692 1.4064928 1.0443939 1.1815858 1.8733716 1.8588780 1.1250003 1.8519360 2.0529220 2.1691558 1.6071417 1.9991999 1.8596941 1.7612213 1.9008646 1.8094619 1.7720180 1.8015250 1.7428476 1.7172439 1.7115317 1.7825407 1.7426582 1.8144374 1.7636777 1.7352607 1.6145038 1.5005405 0.9853388 1.3931467 1.5066499 1.5363866 2.0981523 2.2142916 1.8507294 1.8520774 1.9262802 1.9873755 1.9755695 1.8581819 2.3658929 2.2039055 2.1646443 2.1138671 1.8570488 2.1346932 2.0311961 1.6631933 2.4729395 2.4473063 2.2525905 2.3221937 2.1582289 2.1582814 1.9868132 2.1124245 2.2404330 2.0811018 2.1110715 1.4957946 2.0900968 2.0900932 2.5293312 1.9387982 
Dpul_mRNA14300                                               1.4398167 0.0000010 1.5136066 1.5198806 1.3829565 1.3465641 1.3243781 0.0000010 1.0839417 1.0117011 0.0000010 1.1910334 1.2163234 0.8881166 0.7452373 1.2973543 0.8568283 0.9946750 0.9946750 0.1511854 0.0000000 0.2887738 0.9683364 0.1899647 1.0144371 1.2555792 1.3217610 0.9855469 1.1607618 1.3295227 1.5515682 1.4185021 1.4172415 1.2770499 1.5400367 1.4125008 1.3862329 1.5174992 1.4644490 1.4085025 1.5174992 1.3873279 1.3873279 1.3835859 1.4869207 1.2956711 1.4706646 1.4109995 1.6529374 1.8557103 1.9961194 0.0000010 1.5310638 1.4917981 1.4970966 1.5828154 1.4505581 1.9609072 1.5798899 1.6425064 1.5918878 1.4826231 1.5761605 0.0000010 1.5761605 1.4798302 1.1380776 1.3769365 0.0000010 0.0000010 1.8059345 2.0801973 2.3786216 2.2402610 2.4422852 1.6544831 2.1337013 1.5210829 1.6477099 1.9429990 0.0000010 1.9319451 2.0477886 1.9698238 1.9507253 0.0000010 2.0325266 4.3358700 2.0020406 1.9324902 1.9324902 2.3027137 2.2705870 2.3838880 2.2623339 2.0243793 1.9024725 2.6759220 2.4170948 2.2998567 2.0166098 1.6466093 3.2908298 2.9341060 1.5679437 
Dpul_mRNA14296                                               2.2604980 2.3824420 2.5776692 2.9340648 2.6843281 2.5251967 2.5818312 2.9332326 2.2257944 2.7601385 2.6833565 2.3968403 2.4316679 2.7465282 2.3306154 2.8062602 2.1807867 2.7492247 2.5051507 1.7625086 0.2887738 0.0000000 2.3721495 2.5550960 2.6189196 2.5587627 2.5558631 2.3772974 2.6949988 2.6565189 2.9850178 2.7726305 2.8474080 2.5561997 2.8320402 2.7433724 2.6838648 2.8804110 2.7215659 2.7385129 2.1876034 2.8769905 2.9808990 2.7865007 2.8875904 5.6462646 3.2906634 1.8941611 3.4114568 3.8348823 4.2639503 2.3598178 4.0118187 3.6725208 3.3375353 3.7102351 3.0617514 3.6555709 2.7217600 3.0352023 3.1689746 2.9804462 2.9744343 0.0000010 3.0053320 3.0436417 2.6879778 3.0168057 6.5467561 2.6092853 3.5122859 3.4535715 3.7336617 3.9364719 3.8034736 3.1329000 4.1851430 3.0719485 3.1954012 3.9505525 2.9635934 3.7130810 3.8575743 3.8289756 3.4604941 3.8657478 3.6958665 3.4040877 3.0417594 3.5433661 3.6442659 4.2095871 4.0111043 4.0621080 3.9559818 4.1384248 3.4792819 4.2672474 3.8582325 3.9112651 2.3679534 3.0738570 5.4545822 4.4294696 2.5249319 
Spur_XM_030997502.1                                          1.6180978 0.6744949 0.9222615 0.9545992 1.0429751 0.9810373 1.0666050 1.3203171 0.9710936 0.9864254 0.6349470 0.9682006 1.3835559 0.9559251 0.8812121 0.9380180 0.8059855 0.8360611 0.8671989 0.8980778 0.9683364 2.3721495 0.0000000 1.3730336 1.0513462 1.1624136 1.0809890 1.1144799 1.1025058 1.1797240 1.2461492 1.2104388 1.2698995 1.2053695 1.2904554 1.3237311 1.3232915 1.3919757 1.2122382 1.3043012 1.9572024 1.6188108 1.5794665 1.0710582 1.2807843 1.8845325 1.7785311 1.0149103 1.8426119 1.9037770 2.0311659 1.4682902 1.9945017 1.7427181 1.8035603 2.0608672 1.6141305 1.6592431 1.7942272 1.7365183 1.6517149 1.6885963 1.7719580 1.8854093 1.7969652 1.7529012 1.7322927 1.6211133 1.5659299 0.9756030 1.4625139 1.5807458 1.5423069 2.3459090 2.2326845 1.7099807 1.7684700 1.8396051 1.8396555 1.8756234 1.5845089 2.4418705 2.3335064 2.2048119 2.1851260 1.7182629 2.1401133 1.9391802 2.1094071 2.6879151 2.6577055 2.3762827 2.3579546 2.1650345 2.1519916 2.0367283 2.1047267 2.2769214 2.1711680 2.2098628 1.5873037 1.9974810 2.2213051 2.6751085 2.0340621 
Dpul_mRNA26007                                               2.7873224 0.0000010 2.1929433 2.1686723 1.9579988 1.9671709 1.9478567 0.8305610 1.5425161 1.4096215 0.0000010 1.6501790 1.7043026 1.1244491 0.9735777 1.3497253 1.2296877 1.1659047 1.1659047 0.3748498 0.1899647 2.5550960 1.3730336 0.0000000 1.7001052 1.8960900 2.0609389 1.6326712 1.6421163 1.7962315 2.1247546 1.8526745 2.3992926 1.8257624 2.4535622 2.2066385 2.1844784 2.5057418 2.3591189 2.3840530 2.5855203 2.1973078 2.2579341 1.8994724 2.0391227 1.9126668 2.2136303 1.5642879 2.4615860 2.4684900 2.8118745 0.0000010 2.7921298 2.5591242 2.3723528 2.2449510 1.9946385 2.5487503 2.4894610 2.4753699 2.1732925 2.1703170 2.7032508 0.0000010 2.7032508 2.4601164 2.0527410 2.1197328 1.5471017 0.0000010 1.9290098 2.6712588 2.8095067 2.8534628 3.3069979 2.3568897 3.0401673 2.4673281 2.7183768 2.5953041 0.0000010 3.1886406 2.5830634 2.4583500 2.2904435 6.0446746 2.5686455 3.6885554 2.3142148 2.4807179 2.4807179 2.5956803 2.8921278 2.7104914 2.5388045 2.7600858 2.4049386 3.1405098 2.4626902 2.9227135 2.2178011 2.9748950 3.4609339 2.8368010 2.3669391 
Cgig_XM_011456825.3                                          1.4593195 0.9906512 1.1521950 1.1056438 1.1104494 1.0832169 1.1439747 2.0053753 1.1200538 1.0555925 0.9221783 1.1783690 1.4409213 1.1238158 1.0697731 1.1485482 0.9579702 1.0468467 1.0866425 1.1133023 1.0144371 2.6189196 1.0513462 1.7001052 0.0000000 0.3615719 0.4469258 0.4328386 0.5021135 0.4644526 0.5397047 0.4872978 0.4950916 0.6852697 0.7107105 0.7081297 0.6989675 0.7584819 0.6398909 0.6981403 1.1733467 0.8393347 0.8567256 1.0229123 1.2520765 1.4861631 1.5228318 0.8612866 1.5274866 1.6473465 1.8170495 1.3980067 1.7705515 1.5306321 1.4583270 1.8009066 1.4259488 1.3745051 1.2892625 1.3712295 1.2922882 1.2833659 1.3032198 1.2752276 1.2008971 1.2967535 1.4091453 1.2350251 1.7248328 1.3419994 1.8119284 1.7902530 1.8442165 2.5397607 1.7649477 1.4930951 1.6470767 1.7079502 1.5764129 1.7154963 1.8225097 2.3799756 2.2294291 2.1010621 2.0447231 1.8823799 2.1213661 1.9154369 1.6339879 2.2602044 2.2439791 2.1308782 2.1549163 1.9402750 2.0081531 1.8530736 2.0290195 2.1471203 2.0531954 2.0510555 1.2785188 1.8339870 2.1249188 2.5135200 1.8854376 
Acagra_model.g25645.t1                                       1.4918757 0.9492910 1.1466164 1.1022268 1.1108725 1.1098253 1.1327939 1.9831647 1.0879246 1.0670893 0.8448333 1.1389741 1.4246065 1.2236046 1.1210996 1.1312575 0.9214433 1.0297761 1.0535297 1.1824249 1.2555792 2.5587627 1.1624136 1.8960900 0.3615719 0.0000000 0.4641553 0.4488596 0.5724067 0.4761710 0.5871145 0.5238218 0.5074951 0.7617074 0.7859229 0.8045024 0.8038861 0.8616869 0.7027809 0.8076268 1.4068134 0.8077841 0.8267855 1.0652199 1.2330995 1.4912420 1.5611067 0.8612190 1.6641765 1.7103965 1.8015736 1.3748455 1.7554447 1.5614226 1.5096829 1.7616287 1.3615897 1.3827447 1.3665422 1.4480950 1.3875926 1.3966587 1.4226704 1.7058846 1.3115439 1.4148358 1.4093333 1.2004499 1.6243412 1.2765787 1.7407703 1.7481822 1.7716087 2.3109238 1.8552811 1.6225725 1.7011474 1.7367825 1.5548293 1.7635618 1.8076578 2.4376770 2.3035316 2.2030371 2.1077170 1.7772452 2.1971211 1.8419230 1.9838099 2.3935923 2.3720541 2.1697947 2.2106351 2.0313404 2.0133396 1.9350922 2.1245265 2.1228155 2.0835623 2.0232417 1.7419421 1.7563804 2.0605345 2.6005962 1.7908103 
Bralan_BLAG18000070_1                                        1.4596562 1.0678700 1.2042349 1.1268186 1.1533215 1.1486864 1.1702574 2.4073633 1.0754206 1.0127048 0.8734469 1.1302909 1.3924144 1.1734243 1.1903809 1.1158627 0.8971904 1.1061291 1.1225806 1.1631051 1.3217610 2.5558631 1.0809890 2.0609389 0.4469258 0.4641553 0.0000000 0.3380356 0.4352453 0.4467642 0.5247375 0.4847977 0.5050287 0.6038350 0.6789116 0.6561007 0.6517921 0.7369252 0.6218489 0.7079356 1.2079906 0.7381451 0.7748528 1.0245942 1.2295671 1.5165517 1.4750082 0.9028682 1.4793253 1.7245848 1.7569155 1.3235142 1.7494960 1.5193705 1.4510251 1.7410545 1.3613467 1.2940522 1.3327693 1.4070034 1.3726055 1.3874301 1.3684425 1.2985692 1.2956996 1.4070985 1.3920927 1.1961879 1.7399753 1.3860140 1.7849120 1.8700356 1.8999079 2.5326305 1.8108388 1.5175749 1.6740902 1.6613962 1.5698319 1.7692407 1.8339174 2.3356488 2.2247552 2.1338797 2.0656394 1.9664160 2.1264012 1.9588275 1.7164392 2.1935082 2.1845896 2.1232318 2.1105573 1.8778152 1.8996055 1.8164653 1.9899992 2.0259769 1.9878617 1.9606829 1.1755988 1.7837607 2.0092825 2.3406154 1.7372842 
Hsap_ENST00000008527                                         1.4101121 1.0994106 1.0809014 1.0676632 1.0537955 1.0353203 1.0281452 2.5677691 1.0879933 1.0262494 0.9040581 1.1066676 1.3242718 1.1652424 1.1540868 1.0617137 0.9140401 1.0551387 1.0869235 1.1162427 0.9855469 2.3772974 1.1144799 1.6326712 0.4328386 0.4488596 0.3380356 0.0000000 0.2980731 0.4961194 0.5536142 0.5363750 0.5169728 0.6423542 0.7060305 0.6751073 0.6700132 0.7658329 0.6089005 0.7455873 1.1855575 0.7434545 0.7864087 0.9878731 1.2415738 1.3743627 1.4424756 0.8396769 1.4802551 1.6698511 1.7444425 1.3043219 1.6672647 1.4932305 1.3890841 1.7219287 1.3094650 1.3132178 1.2730292 1.3559633 1.3351086 1.3329028 1.3144803 1.5061500 1.1685329 1.3333952 1.3325520 1.1372769 1.8066444 1.5019878 1.8185603 1.7937868 1.8760167 2.5317773 1.7877310 1.4574225 1.6148429 1.6127412 1.5223407 1.7062628 1.7199766 2.3085050 2.1846207 2.0647871 2.0104235 1.8251833 2.0591079 1.9190986 1.6058714 2.2051448 2.1671030 2.1988724 2.2177740 1.9246127 1.9245920 1.8644888 2.0506449 2.0092677 2.0505214 2.0988794 1.2069012 1.7374663 2.1235649 2.3584918 1.7216407 
Hsap_ENST00000443527                                         1.4005363 1.1493577 1.0780808 1.1195302 1.1775061 1.1688387 1.1336148 2.5318775 1.1757646 1.1116162 0.8734320 1.1148502 1.3985708 1.1352527 1.1152335 1.1614279 0.9455637 1.0230593 1.0294698 1.1358467 1.1607618 2.6949988 1.1025058 1.6421163 0.5021135 0.5724067 0.4352453 0.2980731 0.0000000 0.5818333 0.6697740 0.6313314 0.6242212 0.7396403 0.8167241 0.8018273 0.7953333 0.8960945 0.7360624 0.8256550 1.2524362 0.8442888 0.8692303 1.0736495 1.3342655 1.4522467 1.5323002 0.6959681 1.5900289 1.6971219 1.8167604 1.3709115 1.7383718 1.5382937 1.4798559 1.7899334 1.3924226 1.3376836 1.3653369 1.4017636 1.3819540 1.3793966 1.3869173 1.2799411 1.3068156 1.4177054 1.4381610 1.1959427 1.7508602 1.3400830 1.7786375 1.8448676 1.7636776 2.4081898 1.8085961 1.5252376 1.6136345 1.6148385 1.5470357 1.8637212 1.6544932 2.3555160 2.2040502 2.0581482 1.9783262 1.8696305 2.1174932 1.8502247 1.9049650 2.3001382 2.2715900 2.2499926 2.1866642 1.9313977 1.9569056 1.9415973 2.0372212 2.0140387 2.0405137 2.0072946 1.4170990 1.7964441 2.0830602 2.4023789 1.7318376 
Cscu_XM_023386415.1                                          1.5481783 1.0645594 1.1174884 1.0723015 1.0979218 1.1259693 1.1150032 2.2162579 1.1621871 1.1771911 0.9508952 1.1704784 1.3060949 1.2022753 1.2168108 1.1383566 1.0024961 1.0596357 1.0778010 1.1030394 1.3295227 2.6565189 1.1797240 1.7962315 0.4644526 0.4761710 0.4467642 0.4961194 0.5818333 0.0000000 0.3930732 0.3646317 0.5401933 0.6981654 0.7962037 0.7709773 0.7739805 0.8656899 0.7045635 0.7977461 1.4293551 0.8465081 0.8370706 1.0267069 1.1695638 1.5888889 1.6109403 1.0899891 1.6660966 1.7278655 1.8342986 1.3722904 1.7394748 1.5365060 1.5616515 1.9034326 1.4750230 1.3817622 1.3797520 1.3868358 1.3294050 1.3200990 1.3925550 1.4323974 1.3510540 1.4228940 1.4611680 1.2602661 1.7744959 1.3104931 1.7854565 1.8492831 1.8606302 2.4619891 1.7824574 1.5515421 1.5916075 1.6844280 1.6523566 1.7527286 1.9249949 2.4208760 2.2628982 2.1820371 2.0998618 2.0666181 2.1810719 2.0282489 1.8689377 2.2940545 2.2763342 2.1718911 2.1898723 2.0190198 1.9570272 1.8665874 2.1834854 1.9461866 1.8391430 1.8913534 1.3846284 2.0021460 2.1814863 2.4595329 1.9011301 
Dpul_mRNA9179                                                1.7854002 1.0928772 1.2331787 1.1805434 1.2349446 1.1935110 1.1789848 2.1818453 1.2425358 1.1571433 0.8601895 1.2411822 1.5660620 1.1898635 1.2325458 1.1578362 1.0052319 1.1405740 1.1438065 1.2313666 1.5515682 2.9850178 1.2461492 2.1247546 0.5397047 0.5871145 0.5247375 0.5536142 0.6697740 0.3930732 0.0000000 0.3817113 0.6200530 0.7646286 0.8951786 0.8854468 0.8939576 0.9883842 0.7938843 0.9425300 1.4938555 0.9145201 0.9084485 1.0910130 1.3133394 1.5855023 1.6774018 1.1555697 1.7117723 1.7488250 1.8600332 1.4030927 1.8564249 1.6460974 1.6151774 1.9790542 1.4694521 1.4009840 1.5115914 1.5471604 1.5138307 1.5204454 1.5312508 1.1824638 1.4704210 1.5600827 1.5430934 1.3705401 1.5967256 1.2856160 1.7687717 1.7576919 1.8555654 2.4346091 1.8490058 1.5574141 1.6015797 1.6944207 1.6786241 1.8096236 1.7567904 2.3507199 2.1776996 2.0943043 2.0021808 1.9113633 2.0909260 1.8975913 1.7513783 2.2988851 2.2473896 2.1711594 2.1683397 1.9944443 1.9169266 1.9805838 2.3373750 2.0789215 2.0210793 2.1079398 1.6593059 1.8745028 1.9942904 2.3513445 1.9920605 
Tcas_TC010454_001                                            1.7020694 1.0328910 1.1403576 1.1187289 1.1087651 1.1235028 1.1465471 2.2412683 1.1985526 1.1274795 0.8723581 1.2184348 1.5705631 1.2672381 1.2541421 1.2272718 1.0117296 1.0418212 1.0589048 1.2154552 1.4185021 2.7726305 1.2104388 1.8526745 0.4872978 0.5238218 0.4847977 0.5363750 0.6313314 0.3646317 0.3817113 0.0000000 0.5648270 0.7207712 0.8093626 0.7990404 0.7881212 0.9399734 0.7748866 0.8570391 1.5729668 0.8532307 0.8478643 1.1171826 1.3034819 1.6357644 1.6284439 1.1040378 1.6949430 1.7956063 1.8980826 1.3602470 1.7811024 1.5898380 1.6509310 2.0432145 1.4668345 1.4292207 1.4332557 1.4800493 1.4420696 1.4468995 1.5839459 1.4648554 1.5069205 1.5692739 1.5206515 1.3506751 1.7390028 1.3257392 1.8030895 1.8710124 1.8596899 2.5634334 1.8879382 1.4334256 1.5449105 1.6293521 1.5450082 1.6217196 1.8820339 2.4974539 2.3715918 2.3009507 2.2032634 2.0160445 2.3253811 2.0196536 2.2003615 2.6319824 2.5636900 2.2831648 2.3110858 2.0282529 2.0455558 2.0462219 2.2076313 2.1577463 2.0782611 2.1256882 1.7502044 2.0350200 2.0825832 2.5022779 1.8190738 
Ctel_gnl_WGS_AMQN_CAPTEDRAFT_mRNA178510                      1.7657767 0.9947312 1.1521290 1.1789676 1.1874829 1.1730289 1.2121180 2.1147337 1.1688667 1.1570483 0.9123807 1.2132822 1.4635087 1.2519746 1.2073047 1.1683037 1.0001824 1.1476255 1.1823813 1.2912821 1.4172415 2.8474080 1.2698995 2.3992926 0.4950916 0.5074951 0.5050287 0.5169728 0.6242212 0.5401933 0.6200530 0.5648270 0.0000000 0.7390796 0.9287976 0.8771719 0.8615953 0.9820819 0.8000584 0.9129250 1.5357209 0.9577313 1.0056207 1.1729480 1.3931979 1.6379539 1.5851705 1.0357461 1.6269506 1.7923539 1.8551267 1.3405459 1.7657496 1.5912029 1.6516588 1.8709871 1.4816471 1.4605671 1.5470883 1.5372435 1.5506852 1.5415787 1.4611458 1.5385116 1.3865117 1.4986071 1.4024551 1.2423288 1.6956589 1.1645452 1.7067415 1.8395822 1.7935261 2.3846866 1.9460619 1.5940150 1.7322890 1.7658678 1.6187102 1.9346943 1.8399092 2.5504853 2.3423451 2.2596997 2.1425722 2.0151846 2.2472476 1.9895011 2.0932285 2.4283768 2.3895749 2.2692722 2.3742014 2.0169247 2.0563797 1.9078858 2.1522724 2.2487391 2.1549991 2.1336484 1.6224093 1.7871846 2.1336782 2.5049212 1.9590146 
Spur_XM_780780.5                                             1.4571828 1.0757181 1.1719371 1.2077496 1.2246040 1.2469316 1.2721828 2.3652381 1.2497834 1.2333904 0.9918851 1.3168354 1.5760115 1.2849512 1.2391751 1.2380928 0.9390311 1.2005717 1.2509175 1.2889732 1.2770499 2.5561997 1.2053695 1.8257624 0.6852697 0.7617074 0.6038350 0.6423542 0.7396403 0.6981654 0.7646286 0.7207712 0.7390796 0.0000000 0.9573248 0.9856533 0.9924026 1.0460376 0.9062849 0.9813317 1.4901429 1.0690750 1.0712018 1.2129155 1.4532472 1.4715322 1.6104957 0.8253687 1.6953527 1.7256278 1.7828202 1.3684872 1.7162613 1.5459225 1.4489047 1.5506298 1.5278044 1.5105387 1.5929297 1.6586755 1.6006385 1.5843273 1.6389589 1.5089819 1.5079587 1.6173280 1.6168320 1.4281614 1.7541994 1.3409615 1.8243453 1.8521753 1.9562396 2.5645070 2.1133522 1.4865509 1.6405725 1.7081718 1.6097078 1.7105504 2.1332962 2.6724050 2.4030805 2.3175968 2.1318205 2.1409314 2.3342603 2.0744869 1.8005208 2.4075305 2.3520575 2.2543781 2.2629003 2.0962743 2.0772708 1.9686041 2.1984386 2.2069973 2.1603633 2.0621683 1.6244368 1.9108349 2.0867705 2.5652334 2.0993810 
Fspp_ffun1.m4.13031.m1                                       1.7604652 1.0801960 1.1621336 1.1569267 1.2328287 1.1946789 1.2434976 1.8004651 1.2244572 1.2143565 0.9744868 1.3269267 1.6228863 1.4254252 1.3500258 1.3285723 1.0007230 1.2208775 1.2836188 1.3243597 1.5400367 2.8320402 1.2904554 2.4535622 0.7107105 0.7859229 0.6789116 0.7060305 0.8167241 0.7962037 0.8951786 0.8093626 0.9287976 0.9573248 0.0000000 0.2098788 0.2059739 0.2934554 0.2598883 0.1438393 0.5721370 0.7191561 0.7055779 1.1925746 1.3403115 1.4004511 1.4558536 1.1033732 1.5437807 1.7060740 1.7875176 1.3033401 1.7746640 1.6237980 1.5104662 1.7205238 1.5737571 1.4405935 1.3918046 1.4191780 1.3535262 1.3468154 1.3829071 1.6815105 1.2461911 1.4514984 1.3935885 1.2863812 1.6462493 1.2536083 1.7306746 1.8348473 1.7103358 2.2582247 1.9145501 1.6118382 1.7248964 1.6581945 1.7252605 1.9965142 2.0911845 2.5977949 2.4819229 2.4019892 2.3150115 2.1478282 2.3959105 2.1519253 2.0703757 2.4106539 2.3541547 2.4026017 2.4604607 2.3128021 2.2667280 2.1703433 2.2928754 2.3682648 2.2703455 2.2177588 2.0186999 1.8520618 2.1433773 2.8350578 1.8507886 
