78
Nvec_v1g147152                                         0.0000000 0.1673366 0.1673366 0.1673366 0.1673366 0.0588464 0.1674188 0.1674188 0.3274406 0.3597190 0.2479216 0.2539195 0.2883031 0.3987496 0.4228548 0.3769126 0.2849305 0.4041954 0.0000010 0.5111761 0.0000010 0.5137577 0.5428848 0.5893451 0.2538652 0.4572522 0.5286806 0.1906106 0.2427576 0.2349667 0.2717844 0.5524269 0.3108706 0.3216532 0.2543791 0.2543791 0.2543791 0.2543791 0.2543791 0.2543791 0.3484542 0.0000010 0.1673366 0.3572051 0.2407723 0.2663786 0.3188988 0.4642616 0.4181976 0.3094434 0.5428848 1.5263346 0.6022092 0.9415129 1.0006550 0.9345721 0.9765540 0.0000010 0.9067225 0.0000010 0.0000010 0.0000010 0.8552407 0.0000010 1.5636724 0.0000010 0.9114466 1.6601610 2.1747659 0.0000010 0.0000010 1.5263346 0.0000010 0.0000010 0.0000010 0.0000010 0.0000010 0.0000010 
Fspp_ffun1.m4.33701.m1                                 0.1673366 0.0000000 0.0211698 0.0520129 0.0386871 0.1524049 0.1593584 0.1593584 0.2028629 0.2622774 0.2210378 0.2760341 0.2301425 0.3190973 0.3179317 0.2077551 0.2794039 0.3325677 0.3042414 0.3900973 0.0000010 0.2795243 0.2653364 0.3802226 0.2207742 0.3554349 0.3913204 0.1876519 0.2451687 0.2824591 0.3078933 0.3849367 0.2529389 0.2490005 0.2742599 0.2383698 0.2741795 0.2572001 0.2767064 0.2767064 0.2947288 0.0000010 0.0153213 0.3764174 0.2852369 0.3041089 0.3676131 0.3242386 0.3448192 0.2945215 0.4571514 0.0277222 0.1816618 0.7794415 0.7979276 0.7980645 0.7702725 0.0000010 0.8216001 7.3897566 0.0000010 0.0000010 0.8003670 0.0000010 0.8134173 0.0000010 0.7808877 0.8040394 0.2777523 0.0000010 0.3364442 0.3468195 0.0918840 0.0000010 0.0000010 0.0000010 0.0000010 0.8547193 
Gfas_gfas1.m1.18696.m1                                 0.1673366 0.0211698 0.0000000 0.0484498 0.0342834 0.1402355 0.1396355 0.1396355 0.2028629 0.2227696 0.1867090 0.2427069 0.2141845 0.2958771 0.2947027 0.2077551 0.2428483 0.2798666 0.3042414 0.3327882 0.0000010 0.2528655 0.2501535 0.3386582 0.1693255 0.3141831 0.3496245 0.1876519 0.2136940 0.2373143 0.2666774 0.3272893 0.2163692 0.2305749 0.2449903 0.2140442 0.2380888 0.2104253 0.2372037 0.2372037 0.2562595 0.0000010 0.0084505 0.3264115 0.2486561 0.2686391 0.3343773 0.3113719 0.3068550 0.3012089 0.3334339 0.0322015 0.1716066 0.7648358 0.7853214 0.7853257 0.7546586 0.0000010 0.7795548 9.0000000 0.0000010 0.0000010 0.7615013 0.0000010 0.8019262 0.0000010 0.7651936 0.7906747 0.2116141 0.0000010 0.3473351 0.2958936 0.0918840 0.0000010 0.0000010 0.0000010 0.0000010 0.8547193 
Spis_XP_022780160_1                                    0.1673366 0.0520129 0.0484498 0.0000000 0.0375252 0.2946160 0.3059444 0.1358036 0.1888750 0.6035471 0.4325424 0.4613269 0.5631929 0.6827787 0.6846858 0.2047158 0.6435948 0.7400115 0.2138562 0.3437759 0.2446670 0.5856132 0.6291631 0.7029969 0.5110148 0.7793081 0.7221231 0.3724623 0.5616260 0.5715343 0.2925088 0.3429542 0.5266858 0.5669079 0.7782044 0.6422509 0.6582935 0.7041217 0.7074965 0.7055627 0.5983996 0.1417587 0.1067515 0.9117356 0.7967502 0.8901114 0.8376411 0.6591166 0.6923914 0.4125141 0.5680395 0.2380955 0.2807675 1.3236215 1.2786397 1.3602309 1.3251648 0.5764263 1.1086693 4.5390070 2.1639888 3.3459071 1.2280383 3.5760735 1.4441937 3.8381799 1.3200135 1.4401152 0.7063003 0.2701266 0.9086682 0.6366272 1.0114362 2.6314340 3.4991653 2.6084942 4.2851457 2.3376688 
Pocdam_XM_027191029.1                                  0.1673366 0.0386871 0.0342834 0.0375252 0.0000000 0.2619715 0.2838773 0.1208918 0.1933277 0.5743117 0.4202216 0.4386492 0.5435213 0.6763383 0.6798554 0.2077551 0.6343904 0.7469226 0.2595744 0.3380998 0.2219329 0.5719080 0.6109133 0.6874106 0.4921498 0.7629679 0.7250762 0.3724623 0.5392136 0.5456939 0.2999747 0.3377696 0.4941352 0.5519662 0.7616098 0.6303012 0.6546394 0.7063817 0.6987049 0.6995323 0.5846621 0.1322008 0.0996719 0.8919163 0.7901027 0.8804797 0.8240939 0.6465799 0.6874841 0.4340098 0.5444638 0.2095078 0.2577559 1.3083083 1.2647780 1.3360847 1.3069186 0.5560373 1.0853092 4.2661694 2.1580723 3.3827655 1.2348388 3.5972159 1.4382984 3.7922238 1.3081294 1.4142731 0.6792793 0.2811108 0.8860318 0.6424117 0.9812566 2.5697891 3.1603865 2.4733154 3.7497584 2.1930654 
Nvec_v1g179209                                         0.0588464 0.1524049 0.1402355 0.2946160 0.2619715 0.0000000 0.1973770 0.0833944 0.2128343 0.5682591 0.4781887 0.4925955 0.5397980 0.7016394 0.6911729 0.2683996 0.5863920 0.7835713 0.3498852 0.3584541 0.2358281 0.5561895 0.5821586 0.6691061 0.4993674 0.7776760 0.7171254 0.3643286 0.5549347 0.5434080 0.3510154 0.3679441 0.5649886 0.5884959 0.7949065 0.6794244 0.7052761 0.7292303 0.7521152 0.7385222 0.6110628 0.3671907 0.3037528 0.8449814 0.7778881 0.9092213 0.8485770 0.6392991 0.6817688 0.5089468 0.6307967 0.3669725 0.4100271 1.3115337 1.2572341 1.2806303 1.2595816 0.6697350 1.1400716 3.5144516 2.0552561 2.9164889 1.2346026 3.0768322 1.4231233 3.1364766 1.3007590 1.4300611 0.6787674 0.5749122 0.9577370 0.6883342 0.8190296 2.5433529 3.2732179 2.2267114 4.1437893 2.3188148 
Exapal_XM_021041597.2                                  0.1674188 0.1593584 0.1396355 0.3059444 0.2838773 0.1973770 0.0000000 0.0035223 0.2420025 0.5912620 0.4681758 0.4875974 0.5757624 0.7548195 0.7433503 0.2857530 0.6437910 0.8007768 0.3042252 0.3552957 0.2233529 0.6194476 0.6174719 0.7056426 0.5358924 0.7740232 0.7606923 0.4347840 0.5771397 0.5912599 0.3538534 0.4455179 0.5591208 0.6412835 0.8594687 0.7341185 0.7782897 0.8138739 0.8182152 0.8001439 0.6185785 0.3549973 0.3101771 0.9008300 0.8647109 0.9913861 0.9154413 0.6602368 0.6987494 0.4712280 0.6076639 0.4276395 0.4471960 1.2404552 1.2142003 1.2628185 1.2680639 0.6964901 1.0684379 3.2416700 1.9767567 2.7769778 1.1745880 2.9480289 1.3316073 2.9708151 1.2385410 1.3375410 0.6983049 0.5485071 0.9577988 0.6854919 0.8836051 2.3568569 4.1514932 2.7183834 4.3235689 2.6821186 
Exapal_XM_021049740.2                                  0.1674188 0.1593584 0.1396355 0.1358036 0.1208918 0.0833944 0.0035223 0.0000000 0.2420025 0.2894592 0.2417054 0.2558774 0.2635369 0.3221213 0.3237650 0.2857530 0.3161110 0.3347311 0.3042252 0.2822610 0.2233067 0.2603791 0.2802645 0.3504050 0.2508807 0.3115878 0.3170043 0.2922064 0.2917789 0.2984632 0.3473988 0.4406808 0.2469770 0.2976413 0.3279068 0.2762354 0.2787156 0.3073038 0.2905052 0.2905052 0.2703928 0.0951323 0.1232041 0.4186536 0.4024308 0.3809298 0.4105636 0.3132876 0.3237666 0.4786663 0.5235665 0.1980540 0.2802281 0.6583020 0.6415324 0.6482848 0.6552160 0.7141722 0.6450171 2.6618844 0.8502538 0.6912583 0.6370410 0.2474100 0.6429144 0.0000010 0.6699441 0.6787733 0.2902494 0.0908515 0.3489318 0.3193520 0.2251675 1.4865723 0.0000010 0.0000010 0.0000010 0.8243949 
Tetwil_g11950.t2                                       0.3274406 0.2028629 0.2028629 0.1888750 0.1933277 0.2128343 0.2420025 0.2420025 0.0000000 0.1855162 0.2514875 0.2867725 0.2121332 0.2156666 0.2128024 0.1704365 0.2327934 0.2543570 0.1916924 0.3282600 0.0000010 0.2355204 0.2924605 0.2548045 0.2664562 0.2417633 0.2142013 0.0485996 0.2324889 0.2144458 0.2282206 0.3064948 0.2054476 0.2710370 0.2274208 0.2366082 0.2301644 0.2301644 0.2402744 0.2402744 0.2754811 0.0000010 0.1711915 0.3072982 0.2037113 0.2407487 0.2698083 0.3203988 0.2717739 0.2517313 0.4124568 0.1640311 0.3176900 0.5967203 0.5788678 0.6137412 0.5614238 0.0000010 0.6219536 0.0000010 0.0000010 0.0000010 0.6011499 0.0000010 0.6736459 0.0000010 0.6191841 0.5741908 0.2937682 0.0000010 0.3508608 0.2145637 0.0804189 0.0000010 0.0000010 0.0000010 0.0000010 0.9809245 
Cscu_XM_023387570.1                                    0.3597190 0.2622774 0.2227696 0.6035471 0.5743117 0.5682591 0.5912620 0.2894592 0.1855162 0.0000000 0.6495985 0.6490035 0.4890826 0.8433683 0.8570571 0.2273314 0.6001206 0.7543144 0.1902678 0.4362114 0.3764552 0.7065150 0.7227581 0.8257254 0.6645963 0.8770441 0.8058483 0.3617934 0.4347588 0.4229474 0.4076956 0.3892255 0.4937398 0.5517638 0.8317031 0.7090702 0.7381856 0.7949486 0.7625893 0.7750562 0.6165461 0.8561515 0.6106323 0.9105098 0.8354628 0.9404410 0.9561511 0.4933041 0.5392756 0.6233967 0.7010499 0.7418023 0.7717850 1.2950704 1.2344752 1.3300819 1.3233932 0.5805182 1.2014263 5.8196506 2.3509081 3.8003470 1.2151369 3.9712596 1.4319203 4.2378150 1.2366094 1.3818839 0.8825615 1.4581635 1.0973202 0.8125159 1.0873338 3.5561705 4.1470609 3.6863363 5.7649577 3.4975416 
Dgig_XM_028542193.1                                    0.2479216 0.2210378 0.1867090 0.4325424 0.4202216 0.4781887 0.4681758 0.2417054 0.2514875 0.6495985 0.0000000 0.1105429 0.6140849 0.7512866 0.7618095 0.2220122 0.7328987 0.7838771 0.2445517 0.4172987 0.3096455 0.6803672 0.6604258 0.7084888 0.6109111 0.8264961 0.8335590 0.4284290 0.6628629 0.6556739 0.4038163 0.4390623 0.6288341 0.6858238 0.8564712 0.7530599 0.7836036 0.8416836 0.8052681 0.7882286 0.6512815 0.6181808 0.4754859 0.9417452 0.9005037 0.9839573 0.9466533 0.7362046 0.8009666 0.4282663 0.6428159 0.5854151 0.6037755 1.3446230 1.2917571 1.3356597 1.3324339 0.7019358 1.1524610 4.0023129 2.1282149 3.0343030 1.2201436 3.1081977 1.3674288 3.0841540 1.3484789 1.3988550 0.7866534 0.9901594 1.1459073 0.7064105 0.9480300 2.3722192 2.8750816 2.4227126 3.8878859 2.4640353 
Xesp_003335-T1                                         0.2539195 0.2760341 0.2427069 0.4613269 0.4386492 0.4925955 0.4875974 0.2558774 0.2867725 0.6490035 0.1105429 0.0000000 0.6441937 0.7642369 0.7875538 0.3279202 0.7286856 0.7581987 0.2749402 0.3877633 0.2825877 0.6813917 0.6637813 0.7132500 0.6015957 0.8453451 0.8413352 0.4471177 0.6803200 0.6417415 0.4157579 0.4254157 0.6353781 0.7000497 0.8305410 0.7224682 0.7749922 0.8329387 0.7672325 0.7484582 0.6928668 0.6291505 0.5005584 0.9133216 0.8719364 0.9491835 0.9282178 0.7479267 0.7824666 0.4595419 0.6555436 0.6202856 0.6285620 1.3595676 1.3001757 1.3422463 1.3272359 0.7119689 1.1708845 4.0058156 2.1413010 3.0389961 1.2200722 3.1162952 1.3879518 3.1914347 1.3345216 1.4254848 0.7683992 1.0495056 1.1527268 0.7222280 0.9807982 2.3236411 3.3988488 2.8096015 3.9477262 2.7594442 
Bralan_BLAG11000716_1                                  0.2883031 0.2301425 0.2141845 0.5631929 0.5435213 0.5397980 0.5757624 0.2635369 0.2121332 0.4890826 0.6140849 0.6441937 0.0000000 0.8672290 0.8548182 0.2870642 0.4510631 0.7194589 0.1943138 0.4372803 0.3376734 0.7079592 0.6876400 0.7764259 0.6037625 0.8877426 0.8365907 0.4980421 0.4504975 0.4092517 0.3721466 0.3141756 0.4549281 0.5177874 0.7681757 0.6614474 0.7081172 0.7359307 0.7159921 0.7011290 0.5970946 0.8137471 0.6169586 0.8738479 0.7777413 0.9366248 0.8945837 0.5848280 0.6776654 0.5254927 0.6107233 0.7304135 0.7583662 1.2720069 1.2298483 1.3081119 1.2396392 0.5286509 1.1193714 3.4455267 2.1114878 3.3939738 1.1962795 3.3619045 1.2980137 3.3529805 1.2212459 1.2769702 0.7902120 1.3750953 0.9258052 0.9039867 1.1261947 2.4416347 3.5142342 2.9587985 3.9426276 3.4195107 
Emue_Em0137g13a.t1                                     0.3987496 0.3190973 0.2958771 0.6827787 0.6763383 0.7016394 0.7548195 0.3221213 0.2156666 0.8433683 0.7512866 0.7642369 0.8672290 0.0000000 0.0382050 0.1754651 0.8756870 0.8870077 0.2915056 0.3893069 0.3560668 0.8060349 0.7949753 0.9201622 0.6908596 0.5713863 0.5125692 0.4347879 0.8440571 0.8796898 0.2948138 0.4179173 0.7038906 0.8382169 0.9563963 0.8170779 0.8938223 0.9443703 0.8769493 0.8788561 0.8589788 1.0524617 0.7595795 1.0984280 0.9310867 1.0834437 1.0155636 0.8600906 0.8459143 0.4987223 0.6441390 0.9003521 0.9177038 1.2664275 1.2227887 1.3535047 1.2978547 0.5902852 1.1212986 4.1704502 2.3176079 3.6243255 1.2514332 3.9252879 1.4563510 3.6174708 1.3020646 1.4476149 0.9536623 1.8729747 1.1987356 0.0319307 1.4249716 3.3664350 7.0557796 5.3543401 1.8121972 0.9662331 
Spolac_c98931_g1_i1_m.18369c98931-g1                   0.4228548 0.3179317 0.2947027 0.6846858 0.6798554 0.6911729 0.7433503 0.3237650 0.2128024 0.8570571 0.7618095 0.7875538 0.8548182 0.0382050 0.0000000 0.1908548 0.8934659 0.8739742 0.2862210 0.3877320 0.3626515 0.7967146 0.7906101 0.9236358 0.6914910 0.5718978 0.5085908 0.4244950 0.8556527 0.8806200 0.3018268 0.4112559 0.6933244 0.8251333 0.9474404 0.8085451 0.8960621 0.9464248 0.8760642 0.8720057 0.8681367 1.0612199 0.7522014 1.0729106 0.9408361 1.0688614 0.9462201 0.8822052 0.8674253 0.4987223 0.6423769 0.9124842 0.9290065 1.2739602 1.2296440 1.3553328 1.2902919 0.5854401 1.1160906 4.1484147 2.3218852 3.6388876 1.2466712 3.9420173 1.4521196 3.6323161 1.3039096 1.4390784 0.9740695 1.9033304 1.1714219 0.0806414 1.4235945 3.4654725 6.7514996 5.2903951 1.9323887 1.0631708 
Stycar_maker-SC_scaffold6291-augustus-gene-0.33-mRNA-1 0.3769126 0.2077551 0.2077551 0.2047158 0.2077551 0.2683996 0.2857530 0.2857530 0.1704365 0.2273314 0.2220122 0.3279202 0.2870642 0.1754651 0.1908548 0.0000000 0.2906012 0.2807334 0.0000010 0.3420713 0.0000010 0.2852577 0.2806495 0.2543663 0.2522819 0.2800109 0.3178117 0.0296333 0.3104238 0.3271241 0.3203730 0.3567659 0.3458006 0.3105413 0.2817476 0.2817476 0.2817476 0.2817476 0.2817476 0.2817476 0.3431738 0.0000010 0.2077551 0.4233212 0.3179905 0.3613662 0.4418638 0.3949161 0.3879399 0.2349512 0.2806495 0.1612672 0.2475140 0.7132592 0.7132592 0.6223258 0.6167836 0.0000010 0.6211595 0.0000010 0.0000010 0.0000010 0.6408612 0.0000010 0.8441611 0.0000010 0.6634429 0.7095163 0.3434404 0.0000010 0.4209506 0.1205646 0.0000010 0.0000010 0.0000010 0.0000010 0.0000010 0.0000010 
Hsap_ENST00000540437                                   0.2849305 0.2794039 0.2428483 0.6435948 0.6343904 0.5863920 0.6437910 0.3161110 0.2327934 0.6001206 0.7328987 0.7286856 0.4510631 0.8756870 0.8934659 0.2906012 0.0000000 0.7766324 0.1466614 0.5480627 0.4065952 0.7771498 0.7433921 0.9112873 0.5741237 0.9751626 0.8934731 0.4501988 0.5625704 0.5489167 0.3719882 0.4544963 0.6161353 0.6204130 0.7411252 0.6214729 0.6975060 0.7045889 0.7120811 0.6959672 0.7146537 0.9231234 0.6967833 0.8958495 0.7957745 0.9585253 0.9171543 0.6864241 0.7503121 0.7240925 0.5889286 0.8475662 0.8024030 1.4085597 1.3422284 1.4346032 1.3983189 0.6869829 1.1888688 4.7423034 2.2130497 3.2391761 1.2826169 3.5230461 1.4407629 3.6621243 1.3065304 1.4664337 0.8349401 1.4429952 1.0646055 0.8838485 1.3400340 2.6356251 4.8567788 3.3083999 5.6380127 4.2942001 
Opea_EP00118_Oscarella_pearsei_P007860                 0.4041954 0.3325677 0.2798666 0.7400115 0.7469226 0.7835713 0.8007768 0.3347311 0.2543570 0.7543144 0.7838771 0.7581987 0.7194589 0.8870077 0.8739742 0.2807334 0.7766324 0.0000000 0.0000010 0.4283029 0.2926838 0.8678667 0.8045236 1.0018221 0.3932635 0.9788495 0.9039863 0.4940207 0.7596100 0.7909505 0.3518506 0.3911766 0.7328351 0.7446191 0.9966278 0.8057148 0.9150288 0.9613291 0.9088599 0.8820378 0.7451669 1.0874305 0.7623701 1.1027919 0.9515491 0.9898490 1.0697632 0.8456694 0.8660183 0.5734782 0.6181711 0.9846399 0.9366141 1.2946283 1.2614307 1.3148943 1.3024132 0.5918761 1.1641987 4.3196579 2.2219183 3.4597440 1.2555142 3.7241282 1.4453915 3.7652747 1.3530590 1.4378963 0.9681800 1.8855676 1.0668353 0.8920942 1.4662319 0.2279301 6.7301386 4.9643745 6.3025296 4.6970389 
Ocar_g8578                                             0.0000010 0.3042414 0.3042414 0.2138562 0.2595744 0.3498852 0.3042252 0.3042252 0.1916924 0.1902678 0.2445517 0.2749402 0.1943138 0.2915056 0.2862210 0.0000010 0.1466614 0.0000010 0.0000000 0.0000010 0.0000010 0.1817050 0.2354677 0.2671076 0.1982108 0.2761965 0.2761965 0.0000010 0.1990705 0.2649732 0.2606203 0.2606133 0.1817050 0.2510904 0.2883963 0.2883963 0.2426439 0.2426439 0.2883963 0.2883963 0.2038033 0.0000010 0.0000010 0.5470337 0.4383452 0.4557058 0.3942417 0.2885909 0.2722435 0.0000010 0.3637296 0.2601082 0.2601082 0.6808734 0.6808734 0.8266798 0.6921086 0.0000010 0.7818785 0.0000010 0.0000010 0.0000010 0.6479081 0.0000010 0.5974586 0.0000010 0.5974586 0.6050998 0.4026894 0.0000010 0.2822098 0.4025320 0.0000010 0.0000010 0.0000010 0.0000010 0.0000010 0.0000010 
Hvul_g9664_1                                           0.5111761 0.3900973 0.3327882 0.3437759 0.3380998 0.3584541 0.3552957 0.2822610 0.3282600 0.4362114 0.4172987 0.3877633 0.4372803 0.3893069 0.3877320 0.3420713 0.5480627 0.4283029 0.0000010 0.0000000 0.1153253 0.2459348 0.2353805 0.3001367 0.4523606 0.4178791 0.4242781 0.1799285 0.4573889 0.4201384 0.4140547 0.1305407 0.4600333 0.4715707 0.5617266 0.4041284 0.5050458 0.5504845 0.5178257 0.5178257 0.4448535 0.3389506 0.3359871 0.5428979 0.6088042 0.5879443 0.6002360 0.4552986 0.4688967 0.3016625 0.4120116 0.3541249 0.4952590 0.8130287 0.8014900 0.8504451 0.8184376 0.6488133 0.8247286 2.0650011 0.9810024 1.3624392 0.7872889 1.4997314 0.8102616 1.3196588 0.8736055 0.8118920 0.2694562 0.5213230 0.4946545 0.3857409 0.2925971 2.4844263 0.0000010 1.5239546 0.0000010 0.4545787 
Chem_TCONS_00046270                                    0.0000010 0.0000010 0.0000010 0.2446670 0.2219329 0.2358281 0.2233529 0.2233067 0.0000010 0.3764552 0.3096455 0.2825877 0.3376734 0.3560668 0.3626515 0.0000010 0.4065952 0.2926838 0.0000010 0.1153253 0.0000000 0.2180956 0.1944794 0.2088835 0.2411291 0.2823187 0.2998703 1.1678702 0.3708615 0.4222859 0.4397155 1.1024297 0.3651740 0.4605389 0.3338166 0.3338166 0.3338166 0.3338166 0.3897404 0.3897404 0.3482602 0.2214815 0.2214815 0.6341405 0.6795425 0.6204226 0.5955545 0.3712336 0.4322683 3.6387949 0.8084415 0.2912069 0.3289160 0.6908720 0.6628672 0.6296103 0.6458253 0.6458253 0.6232957 0.0000010 0.6616751 1.3360097 0.5860042 1.4130705 0.5398092 0.0000010 0.6048414 0.5867279 0.1911908 0.2741075 0.3816414 0.4332356 0.2002728 1.1531697 0.0000010 0.0000010 0.0000010 0.9558535 
Aaur_scaffold37.g21.t1                                 0.5137577 0.2795243 0.2528655 0.5856132 0.5719080 0.5561895 0.6194476 0.2603791 0.2355204 0.7065150 0.6803672 0.6813917 0.7079592 0.8060349 0.7967146 0.2852577 0.7771498 0.8678667 0.1817050 0.2459348 0.2180956 0.0000000 0.1043359 0.2478805 0.6954050 0.9480291 0.8656781 0.4354959 0.7233113 0.6771581 0.3550031 0.1779824 0.6195406 0.6838807 0.9055528 0.7614634 0.8126426 0.8646260 0.8327099 0.8315075 0.6873367 0.7853403 0.6132687 0.9282375 0.8463227 0.9753513 0.9874202 0.7393449 0.7842941 0.4233535 0.3651863 0.8073952 0.7941427 1.4770734 1.3921692 1.4958770 1.4397043 0.6368131 1.2443879 5.2728557 2.3766127 3.8493704 1.3170025 3.9927769 1.4712963 3.8341556 1.3505962 1.5090227 0.5331753 1.3794653 0.9714385 0.7505384 0.1727093 4.2347070 2.3151150 1.4975689 7.1670683 3.7647824 
Rhoesc_Res_009805-T1                                   0.5428848 0.2653364 0.2501535 0.6291631 0.6109133 0.5821586 0.6174719 0.2802645 0.2924605 0.7227581 0.6604258 0.6637813 0.6876400 0.7949753 0.7906101 0.2806495 0.7433921 0.8045236 0.2354677 0.2353805 0.1944794 0.1043359 0.0000000 0.2294252 0.6865215 0.9370951 0.9072348 0.4729771 0.7072491 0.6890015 0.3513707 0.2265242 0.6212880 0.6783101 0.8305838 0.7402097 0.8042333 0.8042333 0.8113580 0.8152147 0.6903818 0.7946405 0.6250852 0.9260079 0.8657105 0.9873294 0.9982290 0.7490901 0.7915065 0.3212630 0.2648691 0.7411449 0.7165741 1.4558598 1.3895381 1.4562052 1.4404148 0.6084329 1.2575916 4.4551854 2.2567374 3.5809196 1.3395525 3.7325363 1.3987747 3.5247075 1.3183155 1.4542284 0.5378939 1.3718011 0.9488748 0.7649194 0.0633387 3.4761292 1.9111397 1.4250858 6.0736541 3.6997611 
Sanmal_Sma_020773-T1                                   0.5893451 0.3802226 0.3386582 0.7029969 0.6874106 0.6691061 0.7056426 0.3504050 0.2548045 0.8257254 0.7084888 0.7132500 0.7764259 0.9201622 0.9236358 0.2543663 0.9112873 1.0018221 0.2671076 0.3001367 0.2088835 0.2478805 0.2294252 0.0000000 0.7836967 1.0573033 0.9679427 0.4050003 0.8123441 0.7704536 0.4484061 0.2653763 0.7488404 0.8288819 0.9749578 0.8168170 0.9509044 0.9438898 0.9716067 0.9703061 0.8241296 0.7925501 0.6857864 1.0847191 1.0293879 1.1030539 1.1080601 0.9004602 0.8725837 0.5106218 0.5452921 0.7587418 0.7957551 1.6437685 1.5387821 1.6332016 1.6045799 0.6290078 1.4282467 5.8388177 2.3194217 3.6105527 1.4481515 3.6207142 1.4971834 3.8243108 1.3697451 1.5319568 0.5234778 1.4162997 1.0038169 0.8780970 0.3835147 4.4094524 1.7077027 1.4287286 7.2679485 3.3283157 
Plajan_Pjan_scaffold12519_01                           0.2538652 0.2207742 0.1693255 0.5110148 0.4921498 0.4993674 0.5358924 0.2508807 0.2664562 0.6645963 0.6109111 0.6015957 0.6037625 0.6908596 0.6914910 0.2522819 0.5741237 0.3932635 0.1982108 0.4523606 0.2411291 0.6954050 0.6865215 0.7836967 0.0000000 0.7268335 0.7494103 0.3071463 0.6318994 0.6916751 0.3677495 0.3179573 0.5536651 0.6404942 0.7609327 0.6446813 0.7402911 0.7402911 0.7651217 0.7651217 0.6422090 0.6981543 0.5569831 0.7887269 0.6874439 0.7204198 0.7618444 0.7727247 0.7350473 0.5695836 0.5989736 0.6685296 0.6582670 1.1364279 1.0767127 1.1224534 1.1379109 0.5584990 1.0712690 3.8178689 1.5317282 2.3110876 1.0306831 2.5026296 1.0547098 2.4111006 1.0707350 1.0903047 0.6660407 1.0632888 0.8055535 0.5852366 1.1596678 1.4179393 3.5792075 5.4866691 4.4674632 2.1809079 
Aque_Aqu2.1.21213_001                                  0.4572522 0.3554349 0.3141831 0.7793081 0.7629679 0.7776760 0.7740232 0.3115878 0.2417633 0.8770441 0.8264961 0.8453451 0.8877426 0.5713863 0.5718978 0.2800109 0.9751626 0.9788495 0.2761965 0.4178791 0.2823187 0.9480291 0.9370951 1.0573033 0.7268335 0.0000000 0.2174987 0.4216593 0.9169465 0.8491810 0.3087008 0.4348769 0.8767606 0.8661302 1.0135394 0.8847548 0.9169519 0.9599801 0.9551259 0.9113269 0.8921611 1.1648415 0.8291127 1.0926135 0.9243492 1.0407534 0.9865196 0.8752303 0.8522309 0.4872114 0.6827356 1.0441087 0.9841132 1.2595882 1.2007784 1.2941618 1.2801319 0.6069044 1.1383635 3.7604564 2.0161167 3.0745376 1.2232688 3.2207028 1.4013982 3.0355861 1.2550614 1.4317503 1.0456227 1.9231903 1.1432346 0.5953977 1.5664476 3.4600947 8.5899529 7.0699248 1.4969875 2.1351222 
Halamb_c55067_g1_i2m.39919                             0.5286806 0.3913204 0.3496245 0.7221231 0.7250762 0.7171254 0.7606923 0.3170043 0.2142013 0.8058483 0.8335590 0.8413352 0.8365907 0.5125692 0.5085908 0.3178117 0.8934731 0.9039863 0.2761965 0.4242781 0.2998703 0.8656781 0.9072348 0.9679427 0.7494103 0.2174987 0.0000000 0.4290678 0.8105033 0.7845388 0.3136495 0.4238775 0.8030014 0.8109582 0.9619104 0.8314734 0.8534687 0.8970313 0.8744452 0.8744452 0.8710616 1.1052151 0.8162723 1.0554040 0.8799549 0.9828004 0.9256620 0.8180007 0.7626404 0.5731708 0.7778794 0.9850575 0.9698009 1.2816561 1.2043261 1.2940264 1.2725885 0.5936426 1.2213972 4.5376825 2.0043761 3.1055343 1.2083719 3.4732288 1.3818448 3.2142233 1.2433569 1.4281929 0.9343853 1.6741371 1.0709124 0.4931703 1.4594197 3.7440692 8.9999987 8.6197313 1.0728705 1.7936936 
Stycar_maker-SC_scaffold37878-snap-gene-0.1-mRNA-1     0.1906106 0.1876519 0.1876519 0.3724623 0.3724623 0.3643286 0.4347840 0.2922064 0.0485996 0.3617934 0.4284290 0.4471177 0.4980421 0.4347879 0.4244950 0.0296333 0.4501988 0.4940207 0.0000010 0.1799285 1.1678702 0.4354959 0.4729771 0.4050003 0.3071463 0.4216593 0.4290678 0.0000000 0.4085302 0.3754419 0.2591681 0.1443960 0.5146033 0.4956037 0.4886647 0.4886647 0.4886647 0.4886647 0.4601163 0.4601163 0.5746987 1.5233556 0.3724623 0.4862871 0.3766342 0.4476198 0.4852491 0.5093886 0.3930296 0.1653485 0.2930445 2.6386438 0.6579018 0.8396170 0.7855202 0.8644303 0.8513098 3.1137506 0.6595766 2.2536193 3.5160573 3.6350989 0.7034114 3.4765560 3.5160573 3.6350989 0.7114296 3.2624042 1.7813577 2.0826899 3.9648043 2.5134257 1.6105295 0.6939394 5.2554161 8.9583579 8.9999989 6.2379688 
Cgig_XM_011414465.3                                    0.2427576 0.2451687 0.2136940 0.5616260 0.5392136 0.5549347 0.5771397 0.2917789 0.2324889 0.4347588 0.6628629 0.6803200 0.4504975 0.8440571 0.8556527 0.3104238 0.5625704 0.7596100 0.1990705 0.4573889 0.3708615 0.7233113 0.7072491 0.8123441 0.6318994 0.9169465 0.8105033 0.4085302 0.0000000 0.2566717 0.3572074 0.4169052 0.4897845 0.4955066 0.8246598 0.6843439 0.7664730 0.8035614 0.7422426 0.7199448 0.5750376 0.7900839 0.5916781 0.9175587 0.7695054 0.9393838 0.9155580 0.5297426 0.6602839 0.5322145 0.7090610 0.7434724 0.7386380 1.4309535 1.3619458 1.3875927 1.4259772 0.6381180 1.1911745 5.0814198 2.4720006 3.8151937 1.3161768 3.8440455 1.5092300 3.9934335 1.4142600 1.4532074 0.8284204 1.2501105 1.0114580 0.8772012 1.1607491 2.4997699 4.7465075 3.8811189 5.2555537 3.0995828 
Acagra_model.g30564.t1                                 0.2349667 0.2824591 0.2373143 0.5715343 0.5456939 0.5434080 0.5912599 0.2984632 0.2144458 0.4229474 0.6556739 0.6417415 0.4092517 0.8796898 0.8806200 0.3271241 0.5489167 0.7909505 0.2649732 0.4201384 0.4222859 0.6771581 0.6890015 0.7704536 0.6916751 0.8491810 0.7845388 0.3754419 0.2566717 0.0000000 0.3634298 0.3404852 0.4312801 0.4255622 0.8244048 0.6984538 0.7635062 0.8117676 0.7452422 0.7482663 0.5436834 0.8196441 0.6205187 0.8871173 0.7929514 0.9270512 0.9234714 0.4925237 0.5886337 0.4719985 0.6480867 0.7971680 0.7643722 1.3006041 1.2532496 1.2891122 1.3780286 0.6111798 1.1798196 5.2300624 2.3719507 3.8891959 1.2854475 4.0000277 1.4597415 4.1050540 1.2804052 1.4257489 0.8599600 1.2802152 0.9816104 0.9346019 1.0884945 2.8500466 4.6125804 3.3439445 5.0784075 3.2915671 
Plespi_Pspi_scaffold4474_01                            0.2717844 0.3078933 0.2666774 0.2925088 0.2999747 0.3510154 0.3538534 0.3473988 0.2282206 0.4076956 0.4038163 0.4157579 0.3721466 0.2948138 0.3018268 0.3203730 0.3719882 0.3518506 0.2606203 0.4140547 0.4397155 0.3550031 0.3513707 0.4484061 0.3677495 0.3087008 0.3136495 0.2591681 0.3572074 0.3634298 0.0000000 0.4402271 0.3406794 0.3646061 0.4337418 0.4027572 0.3803493 0.4080216 0.3953803 0.3953803 0.3819161 0.3454273 0.3034365 0.4469818 0.4203525 0.4020862 0.4317626 0.4376836 0.4503492 0.6138885 0.6065610 0.3711788 0.4536045 0.6767715 0.6872983 0.6852837 0.6846666 0.6373318 0.6891851 2.1075872 0.8384103 1.0487069 0.7012868 1.1582121 0.7173623 1.1637006 0.7339655 0.7135113 0.3664286 0.3541645 0.3705224 0.3381170 0.4050452 1.9612708 0.0000010 0.0000010 0.0000010 0.6527289 
Chem_TCONS_00037971                                    0.5524269 0.3849367 0.3272893 0.3429542 0.3377696 0.3679441 0.4455179 0.4406808 0.3064948 0.3892255 0.4390623 0.4254157 0.3141756 0.4179173 0.4112559 0.3567659 0.4544963 0.3911766 0.2606133 0.1305407 1.1024297 0.1779824 0.2265242 0.2653763 0.3179573 0.4348769 0.4238775 0.1443960 0.4169052 0.3404852 0.4402271 0.0000000 0.4258329 0.4065119 0.5330817 0.4786643 0.4209447 0.5145292 0.4299560 0.4299560 0.4888247 0.2772487 0.3721398 0.3970625 0.3788021 0.4032831 0.4464796 0.4563163 0.4674214 0.2678438 0.4870882 0.3240124 0.5175737 0.8819881 0.8645400 0.8881313 0.8214119 0.6641030 0.8837366 8.9999988 0.6641030 0.6641030 0.9122824 0.0000010 1.1287103 0.0000010 0.9918811 0.9935117 0.2171258 0.6641030 0.3408527 0.4508172 0.0734360 0.0000010 0.0000010 0.0000010 0.0000010 0.6061933 
Skow_XM_006821811.1                                    0.3108706 0.2529389 0.2163692 0.5266858 0.4941352 0.5649886 0.5591208 0.2469770 0.2054476 0.4937398 0.6288341 0.6353781 0.4549281 0.7038906 0.6933244 0.3458006 0.6161353 0.7328351 0.1817050 0.4600333 0.3651740 0.6195406 0.6212880 0.7488404 0.5536651 0.8767606 0.8030014 0.5146033 0.4897845 0.4312801 0.3406794 0.4258329 0.0000000 0.5210169 0.7457858 0.6155653 0.6722020 0.7265014 0.6747712 0.6708657 0.4625335 0.7659428 0.5547315 0.9096581 0.7555035 0.8836183 0.8273784 0.6060716 0.6414047 0.6799441 0.6480730 0.7546578 0.7714772 1.2825695 1.2195056 1.2553377 1.2869300 0.5619179 1.0630199 4.3580059 2.2787336 3.6986971 1.2063324 3.8487005 1.3607695 3.7746631 1.2804356 1.2970350 0.7894794 1.3302822 0.8443389 0.6745263 0.9789507 2.7773587 3.9809283 3.5389460 4.3731970 3.1839887 
Ctel_gnl_WGS_AMQN_CAPTEDRAFT_mRNA151615                0.3216532 0.2490005 0.2305749 0.5669079 0.5519662 0.5884959 0.6412835 0.2976413 0.2710370 0.5517638 0.6858238 0.7000497 0.5177874 0.8382169 0.8251333 0.3105413 0.6204130 0.7446191 0.2510904 0.4715707 0.4605389 0.6838807 0.6783101 0.8288819 0.6404942 0.8661302 0.8109582 0.4956037 0.4955066 0.4255622 0.3646061 0.4065119 0.5210169 0.0000000 0.8442274 0.7166042 0.7718884 0.8085992 0.7795206 0.7656340 0.5735047 0.7981534 0.6116691 0.9246811 0.8186136 0.9273684 0.8733304 0.6062373 0.6528698 0.5852608 0.6450464 0.7536704 0.7636569 1.3889830 1.2871773 1.3960340 1.3845902 0.6150928 1.1336877 4.9577535 2.3555116 3.7898081 1.2603695 3.8125832 1.4157175 3.8446393 1.3515393 1.4149621 0.8046928 1.3652424 0.9868412 0.8253096 1.0875539 2.5795444 3.0128668 2.5147441 4.1855559 3.0348689 
HoiH23_PlH23_008141-RA                                 0.2543791 0.2742599 0.2449903 0.7782044 0.7616098 0.7949065 0.8594687 0.3279068 0.2274208 0.8317031 0.8564712 0.8305410 0.7681757 0.9563963 0.9474404 0.2817476 0.7411252 0.9966278 0.2883963 0.5617266 0.3338166 0.9055528 0.8305838 0.9749578 0.7609327 1.0135394 0.9619104 0.4886647 0.8246598 0.8244048 0.4337418 0.5330817 0.7457858 0.8442274 0.0000000 0.0068609 0.0550840 0.0498227 0.1286855 0.1475379 0.9061712 1.1700587 0.8304092 1.1586159 1.0104104 1.1290989 1.1114697 0.9220940 0.9519705 0.6240301 0.6147084 1.0061410 0.9604754 1.4784190 1.4140348 1.3430433 1.3385476 0.6859252 1.2165768 4.2299961 2.1819785 3.0088704 1.2998874 3.2016419 1.3835477 3.3496663 1.2791173 1.4224391 1.0413049 1.9331955 1.2153680 0.9825014 1.5133935 4.2910467 6.0323399 4.5762310 5.3687934 4.3663338 
HoiH06_mRNA11209                                       0.2543791 0.2383698 0.2140442 0.6422509 0.6303012 0.6794244 0.7341185 0.2762354 0.2366082 0.7090702 0.7530599 0.7224682 0.6614474 0.8170779 0.8085451 0.2817476 0.6214729 0.8057148 0.2883963 0.4041284 0.3338166 0.7614634 0.7402097 0.8168170 0.6446813 0.8847548 0.8314734 0.4886647 0.6843439 0.6984538 0.4027572 0.4786643 0.6155653 0.7166042 0.0068609 0.0000000 0.0332433 0.0332433 0.0839209 0.1016942 0.7666826 0.9996271 0.6983554 1.0345331 0.8700699 1.0145140 0.9952776 0.7414130 0.8208632 0.5210499 0.3985769 0.9106661 0.8067894 1.2646053 1.2343944 1.1463840 1.1650212 0.6859252 1.0322193 3.2690263 2.0098655 2.8128652 1.1559465 3.0551783 1.2609676 3.1604665 1.1786041 1.3013961 0.9598518 1.7407944 1.0627645 0.7869660 1.4194693 3.2389122 5.8852809 4.3644571 5.2565387 3.9444672 
Hhon_g08738.t1                                         0.2543791 0.2741795 0.2380888 0.6582935 0.6546394 0.7052761 0.7782897 0.2787156 0.2301644 0.7381856 0.7836036 0.7749922 0.7081172 0.8938223 0.8960621 0.2817476 0.6975060 0.9150288 0.2426439 0.5050458 0.3338166 0.8126426 0.8042333 0.9509044 0.7402911 0.9169519 0.8534687 0.4886647 0.7664730 0.7635062 0.3803493 0.4209447 0.6722020 0.7718884 0.0550840 0.0332433 0.0000000 0.0124554 0.1091688 0.1319146 0.8314078 1.0934389 0.7356550 1.0720480 0.9563466 1.0557003 1.0225512 0.8330973 0.8905373 0.6061438 0.5463514 0.9217743 0.8918682 1.3317559 1.2816443 1.2142204 1.2123460 0.6859252 1.1253511 3.7894443 2.0812360 2.8065087 1.2111114 3.0238308 1.3620671 3.2182613 1.2552645 1.3845825 1.0120253 1.7891964 1.1559482 0.8660831 1.4301240 4.0835033 5.5820717 4.3941728 5.1687575 3.7483368 
HoiH04_mRNA1040                                        0.2543791 0.2572001 0.2104253 0.7041217 0.7063817 0.7292303 0.8138739 0.3073038 0.2301644 0.7949486 0.8416836 0.8329387 0.7359307 0.9443703 0.9464248 0.2817476 0.7045889 0.9613291 0.2426439 0.5504845 0.3338166 0.8646260 0.8042333 0.9438898 0.7402911 0.9599801 0.8970313 0.4886647 0.8035614 0.8117676 0.4080216 0.5145292 0.7265014 0.8085992 0.0498227 0.0332433 0.0124554 0.0000000 0.1279893 0.1525632 0.8735454 1.0934389 0.7870922 1.1359362 1.0185375 1.1177297 1.0817326 0.8882802 0.9360495 0.5795284 0.5670798 0.9217743 0.8993713 1.4032128 1.3452795 1.2854348 1.2835395 0.6859252 1.1774329 3.9007458 2.0812360 2.8065087 1.2629609 3.0238308 1.3620671 3.2182613 1.2552645 1.3845825 1.0120253 1.7891964 1.1559482 0.9389136 1.4301240 4.0835033 5.5820717 4.3941728 5.1687575 3.9138765 
TrH2_TrispH2_004620-RA                                 0.2543791 0.2767064 0.2372037 0.7074965 0.6987049 0.7521152 0.8182152 0.2905052 0.2402744 0.7625893 0.8052681 0.7672325 0.7159921 0.8769493 0.8760642 0.2817476 0.7120811 0.9088599 0.2883963 0.5178257 0.3897404 0.8327099 0.8113580 0.9716067 0.7651217 0.9551259 0.8744452 0.4601163 0.7422426 0.7452422 0.3953803 0.4299560 0.6747712 0.7795206 0.1286855 0.0839209 0.1091688 0.1279893 0.0000000 0.0189098 0.8410643 1.1461573 0.7510890 1.0819328 0.9676532 1.0666719 1.0821558 0.8658967 0.8887347 0.5823331 0.5239558 1.0114115 0.9563696 1.3536418 1.2967474 1.2926390 1.2947151 0.6687254 1.1795204 4.3265161 2.1759738 3.0592621 1.2353108 3.1894749 1.4086814 3.5152746 1.2523280 1.4143863 1.0416026 1.9626505 1.2504499 0.8608053 1.4639940 4.2035939 5.7806381 3.8380085 4.6533793 3.9698570 
Tadh_TriadT57642                                       0.2543791 0.2767064 0.2372037 0.7055627 0.6995323 0.7385222 0.8001439 0.2905052 0.2402744 0.7750562 0.7882286 0.7484582 0.7011290 0.8788561 0.8720057 0.2817476 0.6959672 0.8820378 0.2883963 0.5178257 0.3897404 0.8315075 0.8152147 0.9703061 0.7651217 0.9113269 0.8744452 0.4601163 0.7199448 0.7482663 0.3953803 0.4299560 0.6708657 0.7656340 0.1475379 0.1016942 0.1319146 0.1525632 0.0189098 0.0000000 0.8441680 1.1479561 0.7551310 1.0419354 0.9322175 1.0541881 1.0492968 0.8608874 0.9010607 0.5823331 0.5239558 0.9929747 0.9408851 1.3224732 1.2680758 1.2467892 1.2547965 0.6687254 1.1795204 4.3265161 2.0693727 2.8959454 1.1902354 3.0197685 1.3537307 3.3549290 1.2068105 1.3445481 1.0093930 1.7368376 1.2109842 0.8631323 1.4954999 4.2035939 6.4530788 3.9574887 5.0433437 4.5115319 
Spur_XM_030981269.1                                    0.3484542 0.2947288 0.2562595 0.5983996 0.5846621 0.6110628 0.6185785 0.2703928 0.2754811 0.6165461 0.6512815 0.6928668 0.5970946 0.8589788 0.8681367 0.3431738 0.7146537 0.7451669 0.2038033 0.4448535 0.3482602 0.6873367 0.6903818 0.8241296 0.6422090 0.8921611 0.8710616 0.5746987 0.5750376 0.5436834 0.3819161 0.4888247 0.4625335 0.5735047 0.9061712 0.7666826 0.8314078 0.8735454 0.8410643 0.8441680 0.0000000 0.8043860 0.6261976 0.8941270 0.8510597 0.9321784 0.9011579 0.7765818 0.7015690 0.6905941 0.6665584 0.7598243 0.7542584 1.3652175 1.3347003 1.3413607 1.3127298 0.5589123 1.1552907 4.4769405 2.2967394 3.6481211 1.2545922 3.8593622 1.3797611 3.8357124 1.3580299 1.3767288 0.9125350 1.3715225 1.0214319 0.8638179 1.0106386 2.8314679 3.9840903 3.5729403 3.8148707 3.1605898 
Fspp_ffun1.m4.2101.m1                                  0.0000010 0.0000010 0.0000010 0.1417587 0.1322008 0.3671907 0.3549973 0.0951323 0.0000010 0.8561515 0.6181808 0.6291505 0.8137471 1.0524617 1.0612199 0.0000010 0.9231234 1.0874305 0.0000010 0.3389506 0.2214815 0.7853403 0.7946405 0.7925501 0.6981543 1.1648415 1.1052151 1.5233556 0.7900839 0.8196441 0.3454273 0.2772487 0.7659428 0.7981534 1.1700587 0.9996271 1.0934389 1.0934389 1.1461573 1.1479561 0.8043860 0.0000000 0.0992834 1.2834975 1.3751736 1.6048117 1.2881442 0.9293961 0.9897277 1.9055581 1.8680150 0.2870816 0.2737044 1.9052853 1.7125572 1.8416126 1.8084754 0.5494336 1.3845825 3.7413888 2.0619900 3.1987639 1.5990686 3.3455006 1.6391881 3.4993100 1.6213916 1.6455426 0.8580292 0.2562595 1.1225382 0.8973832 0.9499988 2.3523734 3.1670617 2.5460711 4.1837437 2.4775843 
Gasp_gasp1.m3.18877.m1                                 0.1673366 0.0153213 0.0084505 0.1067515 0.0996719 0.3037528 0.3101771 0.1232041 0.1711915 0.6106323 0.4754859 0.5005584 0.6169586 0.7595795 0.7522014 0.2077551 0.6967833 0.7623701 0.0000010 0.3359871 0.2214815 0.6132687 0.6250852 0.6857864 0.5569831 0.8291127 0.8162723 0.3724623 0.5916781 0.6205187 0.3034365 0.3721398 0.5547315 0.6116691 0.8304092 0.6983554 0.7356550 0.7870922 0.7510890 0.7551310 0.6261976 0.0992834 0.0000000 0.9236792 0.8259794 0.9470807 0.8742818 0.6905677 0.7420040 0.3702023 0.5991120 0.2309053 0.2729148 1.3662381 1.3127139 1.3669558 1.3653720 0.5494336 1.1580688 4.2743492 2.1660081 3.4010210 1.2947924 3.5758084 1.4966000 3.7085529 1.3533930 1.4753154 0.7559556 0.2562862 0.9876102 0.6992548 0.9161614 2.5473072 3.2385088 2.6965969 4.4937346 2.7950292 
Lcom_lcpid25595                                        0.3572051 0.3764174 0.3264115 0.9117356 0.8919163 0.8449814 0.9008300 0.4186536 0.3072982 0.9105098 0.9417452 0.9133216 0.8738479 1.0984280 1.0729106 0.4233212 0.8958495 1.1027919 0.5470337 0.5428979 0.6341405 0.9282375 0.9260079 1.0847191 0.7887269 1.0926135 1.0554040 0.4862871 0.9175587 0.8871173 0.4469818 0.3970625 0.9096581 0.9246811 1.1586159 1.0345331 1.0720480 1.1359362 1.0819328 1.0419354 0.8941270 1.2834975 0.9236792 0.0000000 0.3642745 0.3715735 0.3620294 0.9022007 0.9289500 0.4722819 0.7522160 1.0950343 1.0356126 1.6086516 1.4813575 1.5804324 1.5599231 0.8784098 1.3927430 4.9975885 2.7201070 3.9120105 1.5045593 4.0867637 1.7556568 4.1490845 1.5871562 1.8244502 1.1504429 2.0075134 0.7593413 1.0944931 1.6566941 3.5604968 4.3003023 4.1106241 6.9930566 4.4112079 
Gracom_Gcom_scaffold10407_01                           0.2407723 0.2852369 0.2486561 0.7967502 0.7901027 0.7778881 0.8647109 0.4024308 0.2037113 0.8354628 0.9005037 0.8719364 0.7777413 0.9310867 0.9408361 0.3179905 0.7957745 0.9515491 0.4383452 0.6088042 0.6795425 0.8463227 0.8657105 1.0293879 0.6874439 0.9243492 0.8799549 0.3766342 0.7695054 0.7929514 0.4203525 0.3788021 0.7555035 0.8186136 1.0104104 0.8700699 0.9563466 1.0185375 0.9676532 0.9322175 0.8510597 1.3751736 0.8259794 0.3642745 0.0000000 0.2406392 0.2697924 0.8820255 0.8643636 0.5352788 0.6675479 1.1152687 1.0507119 1.6169644 1.4868287 1.4999269 1.5298376 0.8422966 1.3099765 7.7135540 3.2575253 6.5828480 1.4978298 7.3404600 1.7818047 7.1304578 1.5611590 1.7669906 1.0428167 2.1478741 0.7591520 0.8676760 1.6767314 3.7748943 8.9999984 8.9999984 8.9999985 6.7967427 
Scil_scict001903.1                                     0.2663786 0.3041089 0.2686391 0.8901114 0.8804797 0.9092213 0.9913861 0.3809298 0.2407487 0.9404410 0.9839573 0.9491835 0.9366248 1.0834437 1.0688614 0.3613662 0.9585253 0.9898490 0.4557058 0.5879443 0.6204226 0.9753513 0.9873294 1.1030539 0.7204198 1.0407534 0.9828004 0.4476198 0.9393838 0.9270512 0.4020862 0.4032831 0.8836183 0.9273684 1.1290989 1.0145140 1.0557003 1.1177297 1.0666719 1.0541881 0.9321784 1.6048117 0.9470807 0.3715735 0.2406392 0.0000000 0.2839329 1.0258263 0.9297886 0.5812317 0.7080143 1.2494434 1.1574760 1.6922813 1.5483821 1.6987607 1.6814838 0.7939856 1.4271458 6.2144526 3.1408568 5.1630115 1.6018863 5.8027463 1.8542912 5.3713242 1.5938263 1.8817619 1.2426869 2.3999169 0.8068958 1.0586770 1.8529786 3.4904691 8.1003247 6.9137633 8.4846477 5.4243103 
Leuniv_Lniv_scaffold24210_01                           0.3188988 0.3676131 0.3343773 0.8376411 0.8240939 0.8485770 0.9154413 0.4105636 0.2698083 0.9561511 0.9466533 0.9282178 0.8945837 1.0155636 0.9462201 0.4418638 0.9171543 1.0697632 0.3942417 0.6002360 0.5955545 0.9874202 0.9982290 1.1080601 0.7618444 0.9865196 0.9256620 0.4852491 0.9155580 0.9234714 0.4317626 0.4464796 0.8273784 0.8733304 1.1114697 0.9952776 1.0225512 1.0817326 1.0821558 1.0492968 0.9011579 1.2881442 0.8742818 0.3620294 0.2697924 0.2839329 0.0000000 0.9809389 0.9582852 0.5638314 0.7921478 1.1452827 1.0741402 1.5542527 1.4351788 1.5524233 1.5583333 0.8259089 1.3760491 5.6813074 2.8592762 4.4484361 1.4901949 4.8416581 1.7153767 4.7159793 1.5185920 1.7178312 1.1602571 1.8779194 0.6916151 1.0269026 1.7653640 3.6183368 4.2043527 4.4385522 6.3613962 4.6573624 
