75
Pbac_sb2654553                                      0.0000000 0.0000010 0.0501125 2.4733080 0.9132051 0.0000010 0.7866062 0.5587229 0.8789652 0.8789652 0.7543412 0.7543412 0.9743970 0.9743970 9.0000000 0.7676608 1.2194940 0.0000010 1.3819482 0.5986745 1.2613527 0.8054367 0.8840248 1.3712249 0.0000010 5.8497999 5.0093975 5.4294065 7.7322967 0.0000010 5.7985778 5.4651128 3.7834952 6.5140143 0.0000010 6.2423239 6.5891765 8.9999988 0.0000010 5.3297343 3.4958262 6.5619588 6.5619588 5.4652040 5.8215885 5.4977893 4.7865333 5.4468219 7.3148642 6.2028376 7.6681138 4.7369271 8.9999984 4.2720135 8.9999988 5.6595872 6.2181989 7.9050582 6.5330008 6.9449300 7.7184013 4.9713836 8.9999987 8.9999983 8.8159038 5.8303871 6.3402288 9.0000000 9.0000000 7.4160203 7.4160203 8.9999986 8.9999986 0.0000010 8.9999989 
Pbac_sb2639072                                      0.0000010 0.0000000 0.0000010 0.0439358 0.4990654 0.4990654 0.4990654 0.5320854 0.5320854 0.5987545 0.3937499 0.3937499 0.5420439 0.4338828 0.5568986 0.4178713 0.5571688 0.6824475 0.7454518 0.7454518 0.7454518 0.6262750 0.8815578 0.8815578 1.7942768 1.3916918 1.2994643 1.4564608 2.6262693 1.4109543 1.9220888 1.1216350 1.1585384 1.1882946 1.0920740 0.8997491 1.4348338 1.3156156 2.2462590 1.6727884 1.4459547 1.5285830 2.8017708 1.6342167 1.5511070 4.6214453 1.5114834 1.5243980 1.4898289 1.6241349 1.6299304 1.3669987 1.3384952 1.3724583 1.3272418 1.2795328 1.1619756 1.2292965 1.5905554 2.1000437 1.8923927 1.2123674 2.0715209 1.9484493 1.8959680 1.8273484 1.9983694 2.3688395 2.2328576 2.0686912 2.0887559 2.2637941 2.3349300 2.6116440 1.5647595 
Horcal_Hcv1.av93.c1.g623.i1                         0.0501125 0.0000010 0.0000000 0.0660899 0.5450720 0.4966896 0.5245554 0.5001924 0.5034579 0.5421808 0.4280608 0.4285768 0.5590663 0.4967236 0.5624554 0.4896749 0.5966802 0.6824475 0.7656491 0.6745285 0.7469194 0.6369913 0.8088131 0.8555593 1.7942768 1.6999307 1.5852100 1.7598040 3.1823788 1.3649686 2.1379160 1.4430057 1.4002128 1.5853641 1.0920740 2.7334963 1.7507201 1.7040562 2.2462590 1.9380180 1.5477804 1.8905348 3.0226363 1.9008952 1.8566136 3.5583847 1.7379110 1.7919186 1.8682858 1.9752221 2.0775847 1.6786473 1.7184004 1.6861852 1.7158062 1.5791458 1.4333495 1.5502999 1.9464654 2.4992334 2.3151693 1.7712541 2.6608563 2.5921979 2.3445203 2.0877989 2.3681879 2.3679599 2.2810360 2.1039580 2.1214741 2.3564242 2.4201197 2.5097695 2.4157321 
Coeast_Cast_sb830557                                2.4733080 0.0439358 0.0660899 0.0000000 0.4757168 0.4623180 0.4757168 0.5759482 0.5639580 0.5874196 0.4526053 0.4526053 0.5663790 0.4449579 0.5872132 0.4648880 0.6505131 0.7429839 0.7219856 0.7219856 0.7219856 0.6750937 1.0363929 0.9746923 2.5560917 1.4349765 1.3573388 1.3626628 2.2960053 1.3769118 1.4346482 1.1598885 1.1668178 1.1709161 0.9796151 1.2009659 1.4789826 1.4916459 1.7592086 1.6199160 1.3975401 1.5587587 2.0576442 1.5708951 1.4516447 3.0595818 1.4338799 1.5660745 1.4536219 1.3665823 1.6297583 1.2154613 1.2689358 1.2668483 1.3063220 1.3330431 1.2515422 1.3064169 1.5082202 1.9903123 1.7927141 1.2671985 1.4175744 1.3836097 1.3957716 1.6421433 1.6205484 2.5146411 2.3386853 2.2749303 2.2749303 2.4047824 2.4987874 2.3942892 1.5632997 
Bolinf_Binf_sb1227811                               0.9132051 0.4990654 0.5450720 0.4757168 0.0000000 0.0000010 0.0000010 0.3826755 0.3865965 0.3671941 0.3685501 0.3620691 0.4390957 0.3760529 0.4541491 0.3453976 0.5230773 0.5207511 0.5731985 0.5052686 0.5820747 0.4887492 0.6301743 0.5907216 1.3752355 1.6216366 1.5112159 1.7277352 3.1422413 1.2989549 2.1322119 1.5484152 1.4827733 1.5033599 0.9799942 3.0860212 1.8756859 1.7729591 2.5780264 1.9538492 1.5175572 2.0234983 2.9252404 1.9095612 2.0058567 3.9520902 1.7819695 1.9703025 2.0584408 1.8653922 2.2625530 1.6869752 1.8327076 1.6991033 1.8753967 1.6419561 1.5263087 1.7264534 1.6783059 2.3974284 2.1685939 1.9560733 2.7652715 2.8121570 2.3854775 2.1827807 2.1966219 2.1539564 2.0658762 1.8937115 1.8985408 2.1730777 2.2289172 2.3287499 2.2290676 
Bolinf_Binf_sb1227812                               0.0000010 0.4990654 0.4966896 0.4623180 0.0000010 0.0000000 0.0000010 0.3690846 0.3690846 0.3416574 0.3368864 0.3295835 0.3949593 0.2950848 0.4419824 0.3314824 0.4526326 0.5207511 0.4820403 0.4820403 0.4820403 0.3823944 0.5705827 0.5720799 1.3752355 1.1994286 1.1059867 1.2613344 1.8374169 1.2989549 1.6558522 1.1607472 1.1165901 1.1109922 0.9799942 1.3987682 1.4970446 1.4091198 2.5780264 1.6561816 1.3876080 1.6316060 2.5046000 1.5642365 1.5813110 2.8126504 1.4796282 1.6094820 1.6061273 1.4026394 1.7484120 1.3384066 1.4757128 1.4484956 1.4085334 1.4552622 1.2932073 1.4453084 1.5094036 2.0588082 1.7247442 1.5780350 2.2815248 2.2749207 2.0978116 1.7927755 1.7921633 2.0392624 1.9537784 1.7968415 1.8016661 2.0085966 2.0603659 2.3132212 1.5191909 
Mertsp_Mesp_sb555381                                0.7866062 0.4990654 0.5245554 0.4757168 0.0000010 0.0000010 0.0000000 0.3826755 0.3865965 0.3671941 0.3498313 0.3433135 0.4027590 0.3227085 0.4541491 0.3453976 0.5230773 0.5207511 0.5302301 0.5052686 0.5400339 0.4557513 0.6301743 0.5907216 1.3752355 1.5249691 1.4108466 1.5960899 2.8416656 1.2989549 1.9710028 1.4326569 1.3589122 1.3555576 0.9799942 2.5579730 1.6912784 1.6064110 2.5780264 1.8444560 1.4669908 1.8723793 2.7314895 1.8119836 1.8224826 3.4942801 1.6728095 1.7951193 1.8669622 1.6479275 2.0873638 1.5939143 1.6816552 1.5068369 1.7180763 1.5281496 1.3980067 1.5739321 1.5591929 2.2218098 2.0295020 1.7895215 2.5229540 2.6152385 2.1847274 2.0837415 2.0896646 2.1539564 2.0658762 1.8937115 1.8985408 2.1288947 2.1833428 2.3287499 1.9523765 
Bolinf_Binf_sb1256297                               0.5587229 0.5320854 0.5001924 0.5759482 0.3826755 0.3690846 0.3826755 0.0000000 0.0000010 0.0111430 0.2053209 0.2053458 0.2900312 0.2714547 0.4515034 0.3138162 0.4436874 0.5782003 0.5259342 0.5259342 0.5259342 0.5318659 0.5660439 0.5963375 1.6744860 1.3951998 1.2923094 1.4602591 2.4451713 1.3429879 1.7843746 1.2644554 1.2187660 1.2988339 0.9643567 1.9854205 1.6563390 1.5920815 2.5910460 1.7691963 1.4203445 1.7977624 2.7070078 1.6348269 1.7360803 2.8432742 1.5802714 1.7232485 1.7423117 1.6177175 1.8909275 1.5329091 1.6255532 1.5550648 1.5337154 1.3506630 1.2515365 1.3839944 1.4960636 2.0528494 2.1666901 1.6495696 2.3000424 2.1600211 2.1908283 1.8524213 2.0151521 2.1540741 2.1214732 1.8895683 1.9032787 1.9783000 2.0266515 2.4972077 1.6390226 
Mertsp_Mesp_sb570610                                0.8789652 0.5320854 0.5034579 0.5639580 0.3865965 0.3690846 0.3865965 0.0000010 0.0000000 0.0111430 0.2020666 0.2020956 0.2772321 0.2491486 0.4515034 0.3240059 0.4393636 0.5782003 0.5341955 0.5341955 0.5341955 0.5066712 0.5563680 0.5768558 1.6744860 1.2273857 1.1506972 1.2983066 1.7385645 1.3429879 1.6101523 1.1506958 1.0946912 1.1778200 0.9643567 1.5194496 1.5592352 1.4744647 2.5910460 1.6422874 1.4203445 1.6623988 2.5564812 1.4956126 1.6194717 2.4802451 1.4624497 1.6331845 1.6083450 1.5096407 1.7292043 1.4233455 1.4870924 1.5661499 1.3713727 1.3506630 1.2562036 1.3585104 1.4666854 1.9328416 1.9817220 1.6193968 2.2347568 2.0452649 2.0906996 1.7422333 1.8928194 2.1472950 2.1147523 1.8826871 1.8964061 1.9731790 2.0215463 2.4972077 1.4213360 
Mertsp_Mesp_sb570618                                0.8789652 0.5987545 0.5421808 0.5874196 0.3671941 0.3416574 0.3671941 0.0111430 0.0111430 0.0000000 0.1988691 0.1989134 0.3246283 0.2491486 0.4119740 0.3240059 0.4096139 0.5355412 0.5079971 0.5079971 0.5079971 0.4996112 0.5969720 0.6279097 2.4251230 1.2224331 1.1601590 1.1857570 1.7385645 1.2479192 1.2039716 1.2630829 1.0808076 1.2144968 0.8483115 1.6486591 1.6219116 1.6232167 1.4174384 1.6515033 1.4298891 1.7165883 1.8115397 1.4555317 1.5682323 2.4802451 1.4222713 1.5123840 1.6317167 1.3729452 1.8701757 1.1882888 1.3412711 1.4386941 1.2705138 1.4023139 1.3757575 1.4302785 1.5098553 1.9231468 2.0241419 1.8176300 1.8511012 1.6371926 1.8529620 1.7046977 1.6690765 2.4084909 2.3790025 2.1838701 2.1838701 2.1609671 2.2372422 2.0724592 1.4213360 
Mlei_ML2744.g28.i1                                  0.7543412 0.3937499 0.4280608 0.4526053 0.3685501 0.3368864 0.3498313 0.2053209 0.2020666 0.1988691 0.0000000 0.0068174 0.3163178 0.3053234 0.3944789 0.3263038 0.4562767 0.4965467 0.6092793 0.5118707 0.5947123 0.5073284 0.5882513 0.5784992 1.6280569 1.4634445 1.3895179 1.5768733 3.0887303 1.2794338 2.0309917 1.4378118 1.3329115 1.4467573 0.9079419 3.0609837 1.9100946 1.7867426 2.6279231 1.9060015 1.4545310 2.0259839 3.0139837 1.9079683 1.8512677 4.1485468 1.7593438 1.9542934 2.0022551 1.9011958 2.0085210 1.6938490 1.7932373 1.6940525 1.7334323 1.4748299 1.3692287 1.5484135 1.6564795 2.3186785 2.3644499 1.8218407 2.5835739 2.4185491 2.4312145 2.0174087 2.3447849 2.2884632 2.2367712 1.9568917 1.9712309 2.1561137 2.2114446 2.3246317 2.0308997 
Vmul_sbMO425243                                     0.7543412 0.3937499 0.4285768 0.4526053 0.3620691 0.3295835 0.3433135 0.2053458 0.2020956 0.1989134 0.0068174 0.0000000 0.3097985 0.2966900 0.3856328 0.3172587 0.4484006 0.5044805 0.6053329 0.5083364 0.5908398 0.5009078 0.5755274 0.5647012 1.6351876 1.4762461 1.3906844 1.5841720 3.0557351 1.2699078 2.0165904 1.4381382 1.3129368 1.4628619 0.8999513 3.1913705 1.9035692 1.7808425 2.6246655 1.8776713 1.4530929 2.0426369 3.0178574 1.9161203 1.8520075 3.8916736 1.7437399 1.9493028 2.0277616 1.8681521 1.9909470 1.6683675 1.8157566 1.7001579 1.7039861 1.4907581 1.3672861 1.5529080 1.6501274 2.3003080 2.3435001 1.8024912 2.5607672 2.3965555 2.4214400 2.0132634 2.3896041 2.2928994 2.2411320 1.9609447 1.9752853 2.1392357 2.1938299 2.3246317 2.0766412 
Beraby_Baby_sb338515                                0.9743970 0.5420439 0.5590663 0.5663790 0.4390957 0.3949593 0.4027590 0.2900312 0.2772321 0.3246283 0.3163178 0.3097985 0.0000000 0.0156066 0.4627985 0.3348675 0.5122314 0.6707942 0.6512851 0.5977099 0.6661156 0.5717036 0.5867697 0.5706991 1.8372325 1.5786054 1.5154482 1.7301057 3.0623403 1.4772743 2.2829176 1.5441696 1.3664633 1.5205540 1.0092780 2.7928741 2.0210671 1.9080617 3.0005080 1.9481455 1.4926688 2.1759725 3.0862347 1.7549385 1.8556012 3.6618465 1.8298180 1.9677283 2.0540265 1.8227607 2.0453389 1.8373480 1.6657948 1.6912478 1.8216998 1.6114259 1.5713913 1.7135304 1.7992051 2.1652578 2.1589689 1.7391137 2.5407048 2.5201019 2.3339085 2.1602170 2.2582390 2.3272408 2.2919100 2.0330609 2.0478338 2.1290316 2.2026348 2.3542882 2.1197246 
Beraby_Baby_sb338516                                0.9743970 0.4338828 0.4967236 0.4449579 0.3760529 0.2950848 0.3227085 0.2714547 0.2491486 0.2491486 0.3053234 0.2966900 0.0156066 0.0000000 0.3207538 0.3327947 0.4106524 0.3674289 0.5040782 0.4318921 0.5190448 0.4839587 0.5241871 0.4949016 1.3132904 1.5225329 1.4656695 1.5533652 3.0623403 1.0637527 1.6302813 1.7201031 1.3863912 1.4779184 0.5922282 4.2068792 1.9990255 1.9866729 0.9306837 1.8662669 1.2967006 2.1656387 2.1615042 1.6539423 1.5550628 3.6618465 1.6317284 1.7472661 1.9136886 1.6460501 2.1354563 1.7426584 1.5233851 1.5777154 1.7158953 1.5346151 1.5853428 1.6607472 1.6659426 2.0267341 2.2396412 1.9060602 2.3138038 2.2577148 2.1098347 2.0358975 1.9210991 2.1697597 2.1604714 1.9754419 1.9754419 2.0820254 2.1912193 1.7226942 2.1197246 
Drygla_Dgla_sb299767                                9.0000000 0.5568986 0.5624554 0.5872132 0.4541491 0.4419824 0.4541491 0.4515034 0.4515034 0.4119740 0.3944789 0.3856328 0.4627985 0.3207538 0.0000000 0.0205160 0.5524744 0.6997913 0.6471466 0.6471466 0.6471466 0.5738299 0.6636242 0.6781321 1.6889149 1.3085400 1.2462471 1.4164216 1.6844582 1.2363979 1.6191766 1.4106204 1.1130044 1.1297776 0.9317958 1.4217798 1.5273414 1.4452765 2.7753585 1.3912161 1.6566254 1.7754242 2.5083094 1.6682382 1.4381860 2.3372862 1.4665728 1.4826118 1.5677372 1.4194798 1.7182593 1.4407510 1.3337720 1.6448018 1.4136637 1.4818510 1.3745431 1.4340659 1.5260478 1.8737604 1.9050568 1.5841529 2.1105448 2.1360036 1.9784487 1.6561760 1.8198648 2.2500519 2.1355326 1.9973647 2.0117146 2.1929138 2.2504095 2.6245856 1.4360397 
Drygla_Dgla_sb299770                                0.7676608 0.4178713 0.4896749 0.4648880 0.3453976 0.3314824 0.3453976 0.3138162 0.3240059 0.3240059 0.3263038 0.3172587 0.3348675 0.3327947 0.0205160 0.0000000 0.5463399 0.4216948 0.5176752 0.4992469 0.5176752 0.5345200 0.6660353 0.6484451 1.9508973 1.4713649 1.3819355 1.3586472 2.3345057 0.9907642 1.3135149 1.6412227 1.4051538 1.3509563 0.7101740 2.8214867 1.7329925 1.7766895 1.0524281 1.6594110 1.4522893 1.9772841 1.9772841 1.6537339 1.4559865 3.0248214 1.3855793 1.4639319 1.5612600 1.3795535 2.0952192 1.5772110 1.3584497 1.3564354 1.4962044 1.4837238 1.4002520 1.4991815 1.4867746 1.9287354 2.0469361 1.8072553 1.9394642 2.0157825 1.8849640 1.7486612 1.7145825 2.3120409 2.2852750 2.1796281 2.1796281 2.4003181 2.5021168 2.0693209 1.7695905 
Vmul_sbMO446577                                     1.2194940 0.5571688 0.5966802 0.6505131 0.5230773 0.4526326 0.5230773 0.4436874 0.4393636 0.4096139 0.4562767 0.4484006 0.5122314 0.4106524 0.5524744 0.5463399 0.0000000 0.2802152 0.3465654 0.3342721 0.3465654 0.4948638 0.6525269 0.6570639 1.3191800 1.4163214 1.3032797 1.4022965 2.4010545 1.1804295 1.6863679 1.1814241 1.1702019 1.2478478 0.9347645 2.1995773 1.6196185 1.5818997 2.2218318 1.7030573 1.2509647 1.6974581 2.4754962 1.6783882 1.6682828 2.5922929 1.5378606 1.6046228 1.7279240 1.5764058 1.7782828 1.5281669 1.5489473 1.4605283 1.6126621 1.2467748 1.2818950 1.2937302 1.4794450 1.9520434 1.8516908 1.6959424 2.1888790 2.1703325 2.1943861 1.7983301 2.0493228 2.0917179 2.0306450 1.8601009 1.8643907 1.9244692 1.9714854 2.3055369 1.7819963 
Coemet_Cmet_scaffold7206_01                         0.0000010 0.6824475 0.6824475 0.7429839 0.5207511 0.5207511 0.5207511 0.5782003 0.5782003 0.5355412 0.4965467 0.5044805 0.6707942 0.3674289 0.6997913 0.4216948 0.2802152 0.0000000 0.0626124 0.0626124 0.0626124 0.4770279 0.5099618 0.5099618 1.3666160 1.0831467 1.0410830 1.2047160 0.0000010 1.1686873 1.6537856 0.8700538 1.0201723 0.9952057 1.0758967 1.2622193 1.3932539 1.3347898 2.5281623 1.4236761 1.3657474 1.3813482 2.7173208 1.2548085 1.5137882 2.4512806 1.2987309 1.4963203 1.2964419 1.4491613 1.4696896 1.1433086 1.2152794 1.4099465 1.3573676 1.2101864 1.1027217 1.2008749 1.1833257 1.6975388 1.6026404 0.8848795 2.0298546 1.7748732 1.8080738 1.4959637 1.9782223 2.1766361 2.1019347 1.8064874 1.8109159 1.7968642 1.7968642 2.5111588 1.0117805 
Coeast_Cast_sb795101                                1.3819482 0.7454518 0.7656491 0.7219856 0.5731985 0.4820403 0.5302301 0.5259342 0.5341955 0.5079971 0.6092793 0.6053329 0.6512851 0.5040782 0.6471466 0.5176752 0.3465654 0.0626124 0.0000000 0.0000010 0.0185360 0.5831431 0.6648627 0.6532864 1.6723104 1.7329649 1.6666285 1.6239313 2.4251158 1.3517672 1.7181503 1.5136527 1.4579990 1.4279891 1.0270683 3.0559287 1.7293406 1.7758355 2.4420979 1.8761107 1.4969312 1.7545495 2.5345863 1.7174633 1.8018907 2.4118592 1.6260054 1.9325133 1.8895663 1.8349041 2.0296494 1.7141508 1.6269384 1.6373607 1.6958637 1.5194103 1.4734429 1.5349388 1.5721155 2.2388328 2.0228253 1.7269538 2.4079689 2.4276638 2.2586043 1.9928984 2.1713570 2.1371882 2.1050255 1.9782739 1.9548231 2.0269283 2.0802929 2.2433960 2.1105864 
Coeast_Cast_sb795103                                0.5986745 0.7454518 0.6745285 0.7219856 0.5052686 0.4820403 0.5052686 0.5259342 0.5341955 0.5079971 0.5118707 0.5083364 0.5977099 0.4318921 0.6471466 0.4992469 0.3342721 0.0626124 0.0000010 0.0000000 0.0000010 0.5206842 0.6615479 0.6532864 1.6723104 1.6369084 1.5338176 1.5309805 2.4923385 1.3517672 1.6427666 1.3917217 1.3366209 1.3023163 1.0270683 2.6092856 1.6987034 1.7471080 2.4420979 1.8388418 1.3730108 1.7119830 2.5242515 1.6560071 1.6665370 2.5339374 1.5699229 1.7943361 1.8195631 1.7680949 1.9086246 1.5746360 1.5714062 1.5736503 1.5868929 1.4233636 1.3867164 1.4361940 1.4741820 2.1223191 1.9201736 1.6872015 2.3111677 2.3250207 2.2339420 1.8727562 2.1489555 2.1371882 2.1050255 1.9782739 1.9548231 2.0269283 2.0802929 2.2446561 1.8864218 
Coeast_Cast_sb795102                                1.2613527 0.7454518 0.7469194 0.7219856 0.5820747 0.4820403 0.5400339 0.5259342 0.5341955 0.5079971 0.5947123 0.5908398 0.6661156 0.5190448 0.6471466 0.5176752 0.3465654 0.0626124 0.0185360 0.0000010 0.0000000 0.5837602 0.6648627 0.6532864 1.6723104 1.7043497 1.5924679 1.5965623 2.3955574 1.3517672 1.7148729 1.4734114 1.4144210 1.3731138 1.0270683 2.7992467 1.6957547 1.7417334 2.4420979 1.8594078 1.5308592 1.7278387 2.5006738 1.6796707 1.7309060 2.5989658 1.5823963 1.8433684 1.8810663 1.8211639 2.0088163 1.6750237 1.6305774 1.5824414 1.6900821 1.4909558 1.4530117 1.5147380 1.5671283 2.2307264 1.9932411 1.8059389 2.4110232 2.4524103 2.3221973 1.9715393 2.1553021 2.1371882 2.1050255 1.9782739 1.9548231 2.0269283 2.0802929 2.2433960 1.9309554 
Lampan_Lpan_10239_01                                0.8054367 0.6262750 0.6369913 0.6750937 0.4887492 0.3823944 0.4557513 0.5318659 0.5066712 0.4996112 0.5073284 0.5009078 0.5717036 0.4839587 0.5738299 0.5345200 0.4948638 0.4770279 0.5831431 0.5206842 0.5837602 0.0000000 0.5414587 0.5084403 1.6016012 1.6174197 1.5416528 1.6299400 2.7448084 1.2510525 2.0360105 1.4590329 1.3134389 1.3810137 0.9499563 2.4985207 1.6085985 1.6278289 2.2449532 1.8176560 1.4723701 1.7920456 2.7036444 1.6875765 1.5924309 3.1805500 1.6777525 1.6649369 1.8257052 1.6842391 1.8071833 1.5760835 1.6646084 1.5686741 1.8291970 1.6003133 1.4240107 1.5240463 1.5587031 2.2486300 2.0936240 1.6331808 2.4722547 2.4272338 2.2646488 1.6923787 2.1915011 1.9581424 1.8164444 1.6925907 1.7076015 1.7681290 1.8092765 2.5184873 1.7920244 
Eupdun_Edun_sb10637715                              0.8840248 0.8815578 0.8088131 1.0363929 0.6301743 0.5705827 0.6301743 0.5660439 0.5563680 0.5969720 0.5882513 0.5755274 0.5867697 0.5241871 0.6636242 0.6660353 0.6525269 0.5099618 0.6648627 0.6615479 0.6648627 0.5414587 0.0000000 0.0198617 1.7566815 1.3219014 1.2763378 1.2848301 1.5844795 1.3809545 1.3929703 1.2864490 1.1301520 1.1206760 0.8572719 1.5699377 1.4241610 1.4350239 2.4651414 1.4306438 1.5873666 1.4284433 1.9326847 1.2594675 1.3374184 2.0393926 1.4662392 1.5278623 1.5887234 1.3560246 1.5689441 1.4268314 1.3868736 1.4543904 1.5150342 1.5240833 1.4019277 1.5191577 1.5801286 1.8166948 1.6073430 1.4352212 1.6461235 1.6901807 1.8359650 1.6754417 1.7270168 2.0129231 1.9582895 1.8225124 1.8225124 1.8867804 1.9378476 2.6128341 1.3631229 
Eupdun_Edun_sb10637716                              1.3712249 0.8815578 0.8555593 0.9746923 0.5907216 0.5720799 0.5907216 0.5963375 0.5768558 0.6279097 0.5784992 0.5647012 0.5706991 0.4949016 0.6781321 0.6484451 0.6570639 0.5099618 0.6532864 0.6532864 0.6532864 0.5084403 0.0198617 0.0000000 1.7566815 1.3123614 1.2633841 1.2583763 1.4571689 1.4008731 1.4074407 1.2238838 1.0989235 1.0879761 0.8572719 1.6395383 1.4131153 1.4412795 2.4651414 1.5195020 1.6276938 1.4754043 2.0456066 1.2843774 1.3089118 3.0584483 1.5168494 1.5721143 1.5287732 1.4011449 1.5276408 1.4092180 1.4478255 1.3188480 1.4969911 1.4621000 1.3859965 1.5131255 1.4529327 1.8713141 1.6508495 1.3601549 1.6233784 1.6090140 1.8651685 1.7407052 1.7212255 1.9481459 1.8911172 1.7541688 1.7541688 1.8320296 1.8850008 2.6167939 1.4496214 
Fspp_ffun1.m4.24091.m1                              0.0000010 1.7942768 1.7942768 2.5560917 1.3752355 1.3752355 1.3752355 1.6744860 1.6744860 2.4251230 1.6280569 1.6351876 1.8372325 1.3132904 1.6889149 1.9508973 1.3191800 1.3666160 1.6723104 1.6723104 1.6723104 1.6016012 1.7566815 1.7566815 0.0000000 0.1916995 0.2349556 0.3024406 0.0000010 0.5430448 1.4929912 1.1089233 0.9543367 1.2325840 1.2857386 3.2446954 1.7375734 1.7429868 5.1465596 1.7367929 2.8086218 2.0878854 4.8771703 1.7829364 2.3944873 3.6541170 2.6177454 2.3526212 2.1171161 2.6468259 1.7734304 2.2027995 1.6494800 2.1942889 1.7773001 1.4682615 1.4394374 1.3511403 1.7830345 2.8599855 2.2740158 1.7834629 3.8418736 3.5841887 2.1793815 2.5493118 2.9861724 2.2774060 2.3620817 1.8372189 1.8375404 2.3065117 2.3065117 3.6867130 0.0000010 
Spis_XP_022779791_1                                 5.8497999 1.3916918 1.6999307 1.4349765 1.6216366 1.1994286 1.5249691 1.3951998 1.2273857 1.2224331 1.4634445 1.4762461 1.5786054 1.5225329 1.3085400 1.4713649 1.4163214 1.0831467 1.7329649 1.6369084 1.7043497 1.6174197 1.3219014 1.3123614 0.1916995 0.0000000 0.0803887 0.2592990 0.5147656 0.4701149 0.6934598 0.8092503 0.7241494 1.0174447 0.8245498 2.3719125 1.5583464 1.5728063 2.7425715 1.4732958 1.2775553 1.4523357 1.9219917 1.3994575 1.3988286 2.0378163 1.4947440 1.4836328 1.2067459 1.6137486 1.5024241 1.6788822 1.4532512 1.6768822 1.4735915 1.4732569 1.5047308 1.5222945 1.6352135 2.0482609 1.9587517 1.3753818 1.9952910 1.7782682 1.7783581 1.8895498 2.0166243 1.7952421 1.7725180 1.5731426 1.5863019 1.7551798 1.8103616 2.5572606 1.5600755 
Pocdam_XM_027195264.1                               5.0093975 1.2994643 1.5852100 1.3573388 1.5112159 1.1059867 1.4108466 1.2923094 1.1506972 1.1601590 1.3895179 1.3906844 1.5154482 1.4656695 1.2462471 1.3819355 1.3032797 1.0410830 1.6666285 1.5338176 1.5924679 1.5416528 1.2763378 1.2633841 0.2349556 0.0803887 0.0000000 0.2477255 0.5286683 0.4704414 0.6738759 0.8191904 0.7771603 1.0246845 0.8316260 2.3572556 1.6147392 1.6415136 2.7552826 1.5467694 1.2813506 1.5228426 1.9461590 1.4441313 1.4719399 2.0890446 1.4881547 1.4852326 1.2832968 1.7499432 1.5501679 1.7220438 1.5098525 1.6183068 1.4949669 1.4152423 1.3948936 1.4123364 1.5888563 2.0421487 2.0017354 1.4020515 2.0236128 1.8211175 1.8759678 1.9411803 2.0840049 1.7618108 1.7249910 1.5496702 1.5626859 1.8035413 1.8448314 2.3877769 1.5619840 
Gasp_gasp1.m3.8700.m1                               5.4294065 1.4564608 1.7598040 1.3626628 1.7277352 1.2613344 1.5960899 1.4602591 1.2983066 1.1857570 1.5768733 1.5841720 1.7301057 1.5533652 1.4164216 1.3586472 1.4022965 1.2047160 1.6239313 1.5309805 1.5965623 1.6299400 1.2848301 1.2583763 0.3024406 0.2592990 0.2477255 0.0000000 0.4908501 0.4964104 0.5441629 0.8581883 0.7917491 0.9133244 0.6986490 2.1118957 1.6206278 1.7133965 2.4430790 1.4889637 1.2143852 1.3264744 1.8037253 1.2421826 1.3541878 2.0437532 1.5010653 1.4956457 1.3853666 1.6905007 1.5423098 1.6777658 1.5146426 1.6209020 1.5231966 1.4224237 1.4676901 1.4861722 1.4802198 1.9948171 1.8099801 1.3145636 1.7999585 1.6786124 1.7763037 1.7663208 1.9361599 1.9148647 1.8533746 1.7151796 1.7323985 1.9760567 2.0255344 2.6794584 1.6011765 
Gfas_gfas1.m1.3827.m1                               7.7322967 2.6262693 3.1823788 2.2960053 3.1422413 1.8374169 2.8416656 2.4451713 1.7385645 1.7385645 3.0887303 3.0557351 3.0623403 3.0623403 1.6844582 2.3345057 2.4010545 0.0000010 2.4251158 2.4923385 2.3955574 2.7448084 1.5844795 1.4571689 0.0000010 0.5147656 0.5286683 0.4908501 0.0000000 0.4117234 0.5992614 1.3633586 1.2839598 1.6248874 1.1787911 1.9919299 2.6922049 2.4981152 0.0000010 2.0069901 1.6056021 1.5860092 1.5860092 1.7644213 1.6829658 2.0430228 1.7609254 2.0363613 2.2070661 1.8281086 2.2420473 2.7132425 2.2075373 2.6460002 2.5403699 2.1231669 2.9149316 2.8089887 2.1204079 3.5658029 3.2948358 2.7072431 3.3883668 2.9833669 2.9500306 2.2324666 2.4883488 2.0105750 1.9792912 1.8953156 1.9250786 2.2507571 2.4240883 2.6156465 1.9899420 
Adig_XM_015892827.1                                 0.0000010 1.4109543 1.3649686 1.3769118 1.2989549 1.2989549 1.2989549 1.3429879 1.3429879 1.2479192 1.2794338 1.2699078 1.4772743 1.0637527 1.2363979 0.9907642 1.1804295 1.1686873 1.3517672 1.3517672 1.3517672 1.2510525 1.3809545 1.4008731 0.5430448 0.4701149 0.4704414 0.4964104 0.4117234 0.0000000 0.1795636 0.7210200 0.6723712 0.8961317 0.8307155 1.2457647 1.3234876 1.2786242 2.2502063 1.3278837 1.2190999 1.2065279 1.8110314 1.2541390 1.3445261 1.8928297 1.2787384 1.2126475 1.1766968 1.3948140 1.3155241 1.4003872 1.2987681 1.4204124 1.2711339 1.4185840 1.2810897 1.3231138 1.3031032 1.5362115 1.4714334 1.1670222 1.8900710 1.6231173 1.3971836 1.6233669 1.8605558 1.8561334 1.8008958 1.7301893 1.7395621 1.8101652 1.8535301 2.5581941 1.3245022 
Amil_Amillepora26155-RA                             5.7985778 1.9220888 2.1379160 1.4346482 2.1322119 1.6558522 1.9710028 1.7843746 1.6101523 1.2039716 2.0309917 2.0165904 2.2829176 1.6302813 1.6191766 1.3135149 1.6863679 1.6537856 1.7181503 1.6427666 1.7148729 2.0360105 1.3929703 1.4074407 1.4929912 0.6934598 0.6738759 0.5441629 0.5992614 0.1795636 0.0000000 1.0439008 1.0310928 1.2402862 1.1616228 1.6150223 1.8184166 1.7885737 2.5480398 1.7140965 1.2838830 1.5911494 1.9952192 1.6093589 1.6918889 2.3121243 1.7273994 1.7690626 1.5939182 1.9053213 1.8611696 2.0140513 1.8179189 1.8698008 1.7669839 1.8951531 1.8418950 1.9100563 1.8255222 2.1121584 2.0727469 1.3354604 2.0402199 1.9638649 1.9017122 1.9012146 2.3986959 2.3025660 2.2160554 2.2053093 2.2231222 2.2924411 2.3536699 2.5890104 1.6609901 
Nvec_v1g239593                                      5.4651128 1.1216350 1.4430057 1.1598885 1.5484152 1.1607472 1.4326569 1.2644554 1.1506958 1.2630829 1.4378118 1.4381382 1.5441696 1.7201031 1.4106204 1.6412227 1.1814241 0.8700538 1.5136527 1.3917217 1.4734114 1.4590329 1.2864490 1.2238838 1.1089233 0.8092503 0.8191904 0.8581883 1.3633586 0.7210200 1.0439008 0.0000000 0.5975363 1.0259293 0.7984369 1.5348360 1.4444702 1.4573541 2.0799486 1.3607076 1.0249141 1.2383801 1.8573102 1.1309297 1.3925446 2.2538745 1.1841357 1.2255950 1.1056633 1.3927027 1.4821231 1.4049383 1.3648717 1.3589695 1.5128492 1.5290857 1.4334580 1.5139580 1.3384766 1.6101529 1.5618745 1.3783037 1.9216988 1.7599606 1.7119088 1.5317766 1.7174719 1.8557791 1.8328536 1.6844539 1.6845144 1.8472615 1.8899129 2.6233135 1.7414876 
Exapal_XM_021045260.2                               3.7834952 1.1585384 1.4002128 1.1668178 1.4827733 1.1165901 1.3589122 1.2187660 1.0946912 1.0808076 1.3329115 1.3129368 1.3664633 1.3863912 1.1130044 1.4051538 1.1702019 1.0201723 1.4579990 1.3366209 1.4144210 1.3134389 1.1301520 1.0989235 0.9543367 0.7241494 0.7771603 0.7917491 1.2839598 0.6723712 1.0310928 0.5975363 0.0000000 0.8164914 0.6873094 1.5928747 1.3227496 1.3591564 1.8068627 1.2324144 1.0128344 1.1754093 1.6351701 1.0227299 1.1616574 2.2925878 1.0951265 1.1109153 1.1008701 1.2434790 1.2816047 1.4316899 1.1904219 1.3423530 1.4196010 1.3493057 1.3836465 1.4351218 1.3967633 1.5860870 1.5452707 1.2928935 1.7029620 1.8788250 1.7018850 1.3237259 1.8450139 1.7365159 1.6652994 1.5694213 1.5694362 1.6210887 1.6572023 2.4602962 1.7551343 
Dgig_XM_028547984.1                                 6.5140143 1.1882946 1.5853641 1.1709161 1.5033599 1.1109922 1.3555576 1.2988339 1.1778200 1.2144968 1.4467573 1.4628619 1.5205540 1.4779184 1.1297776 1.3509563 1.2478478 0.9952057 1.4279891 1.3023163 1.3731138 1.3810137 1.1206760 1.0879761 1.2325840 1.0174447 1.0246845 0.9133244 1.6248874 0.8961317 1.2402862 1.0259293 0.8164914 0.0000000 0.2573957 0.6825726 1.2578910 1.2962814 1.8579404 1.2588143 1.0106899 1.0970253 1.6977386 1.0724206 1.1551814 2.1925738 1.1491258 1.3829934 1.2987230 1.2887009 1.3249373 1.4285771 1.1284487 1.3565909 1.4242335 1.1749500 1.0717981 1.1128038 1.2802416 1.5956166 1.4684250 1.3523699 1.8884926 1.7754490 1.9001083 1.4454232 1.5101292 1.8928930 1.7835767 1.6690733 1.6506649 1.8745080 1.9185947 1.9563402 1.4717257 
Xesp_000844-T1                                      0.0000010 1.0920740 1.0920740 0.9796151 0.9799942 0.9799942 0.9799942 0.9643567 0.9643567 0.8483115 0.9079419 0.8999513 1.0092780 0.5922282 0.9317958 0.7101740 0.9347645 1.0758967 1.0270683 1.0270683 1.0270683 0.9499563 0.8572719 0.8572719 1.2857386 0.8245498 0.8316260 0.6986490 1.1787911 0.8307155 1.1616228 0.7984369 0.6873094 0.2573957 0.0000000 1.2244943 0.8844929 0.9324618 1.7945307 0.9507369 1.1836818 1.0392668 1.9836662 0.9454792 0.9807821 2.1804985 1.1206881 1.1480559 1.1059939 1.0763467 1.0691288 1.0593323 0.9289262 1.0423700 1.2319273 0.9921751 0.8694144 0.9234936 0.9732797 1.2448880 1.1735082 0.8366944 1.5711508 1.3889346 1.4292125 1.3343056 1.4272372 1.7074795 1.7027282 1.5489270 1.5248715 1.6773433 1.6773433 2.1403656 0.8393424 
Xesp_000843-T1                                      6.2423239 0.8997491 2.7334963 1.2009659 3.0860212 1.3987682 2.5579730 1.9854205 1.5194496 1.6486591 3.0609837 3.1913705 2.7928741 4.2068792 1.4217798 2.8214867 2.1995773 1.2622193 3.0559287 2.6092856 2.7992467 2.4985207 1.5699377 1.6395383 3.2446954 2.3719125 2.3572556 2.1118957 1.9919299 1.2457647 1.6150223 1.5348360 1.5928747 0.6825726 1.2244943 0.0000000 2.2787086 2.3638259 1.5731982 1.9733471 2.5075480 1.7357164 1.8879172 1.4095485 1.8190106 2.5258890 1.7241535 2.0735131 1.9416303 1.8551524 2.1207393 2.9223927 1.7748349 2.5627153 2.9325492 2.2654925 2.5554470 2.4566892 2.3042948 2.7996671 2.4829238 4.5363272 3.6389892 3.5519444 4.3839565 1.7252421 2.2425883 2.4511450 2.5872256 2.3467958 2.3467958 2.9240301 2.9240301 1.8927227 2.2394624 
Emue_Em0011g185a.t1                                 6.5891765 1.4348338 1.7507201 1.4789826 1.8756859 1.4970446 1.6912784 1.6563390 1.5592352 1.6219116 1.9100946 1.9035692 2.0210671 1.9990255 1.5273414 1.7329925 1.6196185 1.3932539 1.7293406 1.6987034 1.6957547 1.6085985 1.4241610 1.4131153 1.7375734 1.5583464 1.6147392 1.6206278 2.6922049 1.3234876 1.8184166 1.4444702 1.3227496 1.2578910 0.8844929 2.2787086 0.0000000 0.1509349 0.7071264 1.0012905 0.9868572 1.4416482 2.0920547 1.3690021 1.6592161 1.0234920 1.6451338 1.6077326 1.4991526 1.6538541 1.5383686 1.7967979 1.6081626 1.7914714 1.8887437 1.6456200 1.5307553 1.5551111 1.7448277 1.5439158 1.3416733 1.4952790 2.0520648 2.0010594 1.9044069 2.1488842 2.0456268 2.0655291 1.9981787 1.8467107 1.8453953 2.1682899 2.2148947 2.3241397 1.5133266 
Spolac_c102100_g1_i3_m.27959c100725-g1              8.9999988 1.3156156 1.7040562 1.4916459 1.7729591 1.4091198 1.6064110 1.5920815 1.4744647 1.6232167 1.7867426 1.7808425 1.9080617 1.9866729 1.4452765 1.7766895 1.5818997 1.3347898 1.7758355 1.7471080 1.7417334 1.6278289 1.4350239 1.4412795 1.7429868 1.5728063 1.6415136 1.7133965 2.4981152 1.2786242 1.7885737 1.4573541 1.3591564 1.2962814 0.9324618 2.3638259 0.1509349 0.0000000 0.6090475 0.9938129 0.9362657 1.5187383 2.1829265 1.4071603 1.7256418 1.2207942 1.6551228 1.6451369 1.5695313 1.6938301 1.5619476 1.9003856 1.7049880 1.7980365 1.8708771 1.6551313 1.5068485 1.5306963 1.7336744 1.4940740 1.3703729 1.5319628 2.0971476 2.0789813 1.9078161 2.0744931 2.0184505 2.0573214 2.0239986 1.8041993 1.8029095 2.1586760 2.2049612 2.4300591 1.5661274 
Spolac_c102100_g1_i2_m.27958c100725-g1              0.0000010 2.2462590 2.2462590 1.7592086 2.5780264 2.5780264 2.5780264 2.5910460 2.5910460 1.4174384 2.6279231 2.6246655 3.0005080 0.9306837 2.7753585 1.0524281 2.2218318 2.5281623 2.4420979 2.4420979 2.4420979 2.2449532 2.4651414 2.4651414 5.1465596 2.7425715 2.7552826 2.4430790 0.0000010 2.2502063 2.5480398 2.0799486 1.8068627 1.8579404 1.7945307 1.5731982 0.7071264 0.6090475 0.0000000 1.8013099 1.2621706 2.0664773 3.0194575 2.1082967 2.5756965 3.8197830 1.9892207 2.8938596 2.0730677 2.7441051 2.3171925 2.4561568 2.5076453 2.5375134 2.8316193 2.3959738 2.2631712 2.2236686 1.8714062 2.1835721 1.6607674 1.0417145 2.7113636 2.3589969 2.7179169 3.3971513 3.3940004 3.5599844 3.5292108 3.3956120 3.3956120 3.6935036 3.6935036 3.7057215 0.3781912 
Tetwil_g2106.t1                                     5.3297343 1.6727884 1.9380180 1.6199160 1.9538492 1.6561816 1.8444560 1.7691963 1.6422874 1.6515033 1.9060015 1.8776713 1.9481455 1.8662669 1.3912161 1.6594110 1.7030573 1.4236761 1.8761107 1.8388418 1.8594078 1.8176560 1.4306438 1.5195020 1.7367929 1.4732958 1.5467694 1.4889637 2.0069901 1.3278837 1.7140965 1.3607076 1.2324144 1.2588143 0.9507369 1.9733471 1.0012905 0.9938129 1.8013099 0.0000000 1.0289257 1.5137551 2.2540415 1.5037493 1.6314765 1.2972958 1.5753191 1.5525354 1.5310245 1.6891102 1.6005745 1.6275431 1.5596957 1.7527545 1.5886729 1.5849053 1.6667886 1.7212372 1.8174353 1.3116034 1.2908539 1.4406094 1.7958514 1.7943624 1.9723241 1.7365961 1.8226606 2.3242272 2.3583889 2.1670373 2.1760894 2.3674168 2.3977150 2.6996840 1.6880706 
Plespi_Pspi_scaffold8581_01                         3.4958262 1.4459547 1.5477804 1.3975401 1.5175572 1.3876080 1.4669908 1.4203445 1.4203445 1.4298891 1.4545310 1.4530929 1.4926688 1.2967006 1.6566254 1.4522893 1.2509647 1.3657474 1.4969312 1.3730108 1.5308592 1.4723701 1.5873666 1.6276938 2.8086218 1.2775553 1.2813506 1.2143852 1.6056021 1.2190999 1.2838830 1.0249141 1.0128344 1.0106899 1.1836818 2.5075480 0.9868572 0.9362657 1.2621706 1.0289257 0.0000000 1.2634618 1.3934559 1.0908095 1.2986467 3.6696463 1.2605026 1.2641362 1.2606449 1.4324654 1.5166252 1.2954448 1.1252006 1.5357220 1.4522497 1.5161054 1.4191074 1.4656545 1.5597967 1.1392420 1.0750110 1.0745311 1.1472413 1.1462393 1.2339305 1.5686574 1.8429356 1.9786533 1.8722204 1.7089400 1.7089400 2.0001588 2.0576021 2.0971275 0.9747425 
Opea_EP00118_Oscarella_pearsei_P005389              6.5619588 1.5285830 1.8905348 1.5587587 2.0234983 1.6316060 1.8723793 1.7977624 1.6623988 1.7165883 2.0259839 2.0426369 2.1759725 2.1656387 1.7754242 1.9772841 1.6974581 1.3813482 1.7545495 1.7119830 1.7278387 1.7920456 1.4284433 1.4754043 2.0878854 1.4523357 1.5228426 1.3264744 1.5860092 1.2065279 1.5911494 1.2383801 1.1754093 1.0970253 1.0392668 1.7357164 1.4416482 1.5187383 2.0664773 1.5137551 1.2634618 0.0000000 0.3697325 0.8067913 1.3013800 2.4206448 1.2670559 1.5972676 1.4474264 1.6299818 1.7243504 1.6759367 1.4078654 1.5296368 1.6368019 1.6184167 1.4558719 1.4576907 1.7678345 1.7563792 1.6366458 1.4227782 2.0007425 1.7778703 1.8453386 1.6469256 1.7757579 1.9532213 1.8433189 1.8765603 1.8813389 2.2024093 2.2582544 2.6431066 1.6517180 
Ocar_g7613                                          6.5619588 2.8017708 3.0226363 2.0576442 2.9252404 2.5046000 2.7314895 2.7070078 2.5564812 1.8115397 3.0139837 3.0178574 3.0862347 2.1615042 2.5083094 1.9772841 2.4754962 2.7173208 2.5345863 2.5242515 2.5006738 2.7036444 1.9326847 2.0456066 4.8771703 1.9219917 1.9461590 1.8037253 1.5860092 1.8110314 1.9952192 1.8573102 1.6351701 1.6977386 1.9836662 1.8879172 2.0920547 2.1829265 3.0194575 2.2540415 1.3934559 0.3697325 0.0000000 1.4791839 1.7600789 2.4206448 1.8060720 2.1509303 2.0013346 1.9958366 2.2707730 2.0976072 1.8850661 2.2784461 2.2582584 2.4052085 2.1933360 2.1741840 2.1930759 2.5175117 2.2153145 1.6000774 2.4404096 2.1343914 2.1116191 2.1503574 2.1784822 2.9959975 2.7621540 2.9139174 2.9175953 3.1761957 3.2785068 3.0112052 1.6517180 
Plajan_Pjan_C550895_01                              5.4652040 1.6342167 1.9008952 1.5708951 1.9095612 1.5642365 1.8119836 1.6348269 1.4956126 1.4555317 1.9079683 1.9161203 1.7549385 1.6539423 1.6682382 1.6537339 1.6783882 1.2548085 1.7174633 1.6560071 1.6796707 1.6875765 1.2594675 1.2843774 1.7829364 1.3994575 1.4441313 1.2421826 1.7644213 1.2541390 1.6093589 1.1309297 1.0227299 1.0724206 0.9454792 1.4095485 1.3690021 1.4071603 2.1082967 1.5037493 1.0908095 0.8067913 1.4791839 0.0000000 1.2820598 1.6856431 1.1702053 1.4602906 1.4631866 1.4998904 1.4187122 1.7029516 1.5110889 1.5682805 1.6763699 1.5076008 1.5196583 1.5661991 1.6261108 1.7341635 1.3909044 1.2350847 1.8407189 1.7024540 1.6861122 1.7513865 1.8759188 1.8911228 1.7615529 1.7083847 1.7084559 1.8333992 1.8767214 2.3604334 1.5266387 
Skow_XM_002737131.2                                 5.8215885 1.5511070 1.8566136 1.4516447 2.0058567 1.5813110 1.8224826 1.7360803 1.6194717 1.5682323 1.8512677 1.8520075 1.8556012 1.5550628 1.4381860 1.4559865 1.6682828 1.5137882 1.8018907 1.6665370 1.7309060 1.5924309 1.3374184 1.3089118 2.3944873 1.3988286 1.4719399 1.3541878 1.6829658 1.3445261 1.6918889 1.3925446 1.1616574 1.1551814 0.9807821 1.8190106 1.6592161 1.7256418 2.5756965 1.6314765 1.2986467 1.3013800 1.7600789 1.2820598 0.0000000 1.9604581 1.1729910 1.2928882 1.1306578 1.2963681 1.5080865 1.4176630 1.2571426 1.9339622 1.8256582 1.7054260 1.7023210 1.7357495 1.9228971 1.9343521 1.8307043 1.5592031 2.1525852 1.9583407 1.9415857 1.3794123 1.8120600 2.0412785 2.0353788 1.9860184 1.9859317 1.8667078 1.9049803 2.5044709 1.7240673 
Stycar_maker-SC_scaffold36533-snap-gene-0.16-mRNA-1 5.4977893 4.6214453 3.5583847 3.0595818 3.9520902 2.8126504 3.4942801 2.8432742 2.4802451 2.4802451 4.1485468 3.8916736 3.6618465 3.6618465 2.3372862 3.0248214 2.5922929 2.4512806 2.4118592 2.5339374 2.5989658 3.1805500 2.0393926 3.0584483 3.6541170 2.0378163 2.0890446 2.0437532 2.0430228 1.8928297 2.3121243 2.2538745 2.2925878 2.1925738 2.1804985 2.5258890 1.0234920 1.2207942 3.8197830 1.2972958 3.6696463 2.4206448 2.4206448 1.6856431 1.9604581 0.0000000 1.8103773 2.1628029 1.9807580 1.5620381 1.6334283 2.8736418 2.9221005 3.3248291 3.0920862 2.6683352 3.1185329 3.2738352 3.4764141 2.5217466 2.2133107 2.4148638 2.7864945 3.1497455 3.5787922 1.6695836 2.6139083 4.8048312 4.5236906 4.7099856 4.7099856 3.4449222 3.4449222 5.6842351 2.2107562 
Cgig_XM_034456700.1                                 4.7865333 1.5114834 1.7379110 1.4338799 1.7819695 1.4796282 1.6728095 1.5802714 1.4624497 1.4222713 1.7593438 1.7437399 1.8298180 1.6317284 1.4665728 1.3855793 1.5378606 1.2987309 1.6260054 1.5699229 1.5823963 1.6777525 1.4662392 1.5168494 2.6177454 1.4947440 1.4881547 1.5010653 1.7609254 1.2787384 1.7273994 1.1841357 1.0951265 1.1491258 1.1206881 1.7241535 1.6451338 1.6551228 1.9892207 1.5753191 1.2605026 1.2670559 1.8060720 1.1702053 1.1729910 1.8103773 0.0000000 1.0931661 0.7711492 1.0823964 1.0797860 1.0966625 1.1946239 1.7440956 1.7395885 1.6050919 1.6361697 1.6255814 1.4536425 1.8227496 1.6760329 1.5149757 1.9671452 2.0229861 1.9658304 1.2452141 1.6625107 1.8181570 1.7942280 1.7976665 1.8048475 1.8730616 1.8980503 2.1850388 1.5307522 
Bralan_BLAG13000819_1                               5.4468219 1.5243980 1.7919186 1.5660745 1.9703025 1.6094820 1.7951193 1.7232485 1.6331845 1.5123840 1.9542934 1.9493028 1.9677283 1.7472661 1.4826118 1.4639319 1.6046228 1.4963203 1.9325133 1.7943361 1.8433684 1.6649369 1.5278623 1.5721143 2.3526212 1.4836328 1.4852326 1.4956457 2.0363613 1.2126475 1.7690626 1.2255950 1.1109153 1.3829934 1.1480559 2.0735131 1.6077326 1.6451369 2.8938596 1.5525354 1.2641362 1.5972676 2.1509303 1.4602906 1.2928882 2.1628029 1.0931661 0.0000000 0.9426659 1.2535698 1.1333319 1.1974932 1.0687283 1.8081804 1.7215138 1.5853456 1.7095384 1.8002570 1.8852948 1.8076379 1.9608506 1.6974785 1.9800601 2.1481514 2.1532310 1.3303691 1.5910842 2.2970371 2.1589399 2.0540384 2.0482867 2.0973205 2.1669301 2.7464680 1.6759343 
Acagra_model.g12498.t1                              7.3148642 1.4898289 1.8682858 1.4536219 2.0584408 1.6061273 1.8669622 1.7423117 1.6083450 1.6317167 2.0022551 2.0277616 2.0540265 1.9136886 1.5677372 1.5612600 1.7279240 1.2964419 1.8895663 1.8195631 1.8810663 1.8257052 1.5887234 1.5287732 2.1171161 1.2067459 1.2832968 1.3853666 2.2070661 1.1766968 1.5939182 1.1056633 1.1008701 1.2987230 1.1059939 1.9416303 1.4991526 1.5695313 2.0730677 1.5310245 1.2606449 1.4474264 2.0013346 1.4631866 1.1306578 1.9807580 0.7711492 0.9426659 0.0000000 1.1288476 1.2136180 1.1233107 1.0018591 1.7811705 1.6306047 1.8093975 2.0232440 2.0846715 1.7537193 1.6567487 1.6630816 1.6712207 2.0292812 2.2909166 2.0692193 1.4770560 1.7484563 2.2814875 2.2149745 2.1809327 2.2043478 2.1938234 2.1704017 2.2990683 1.6302961 
