72
Lcom_lcpid70860                                        0.0000000 0.4457453 0.4770001 0.9137971 1.5136999 1.8124043 1.3380195 1.3516362 1.2814443 1.6616440 1.6005334 1.5679007 1.5726317 1.4783646 1.8125025 1.7805326 1.6551193 1.6902970 1.8744620 1.5210449 1.6224354 1.7249703 1.3228093 1.5994619 1.2274754 1.5066117 1.7897658 1.6144758 1.6696526 1.5087681 1.6995581 1.5664251 1.4518489 1.5107676 1.6324538 1.6876742 1.6421037 1.6389316 1.3196411 1.7578194 2.3678549 1.2167962 1.0851012 1.3850288 1.4862732 1.5088167 1.4686232 2.1125121 1.5578753 1.8291737 1.7009092 2.0062654 1.9261967 1.8712510 1.9519456 1.6794400 2.2840472 1.9387394 1.6661681 1.8706857 1.7318350 2.3450613 2.1258082 1.9821184 2.3207349 2.2461579 2.0847795 1.8414208 1.6787678 1.9381884 2.1118122 2.0269633 
Gracom_Gcom_C547358_01                                 0.4457453 0.0000000 0.3849368 0.8692531 1.5018832 2.1155231 1.3565471 1.3038797 1.2253725 1.7776322 1.6009709 1.6932153 1.6823868 1.5926690 1.7755711 1.7392590 1.5261421 1.7803151 1.9335753 1.5773480 1.6460741 1.6837508 1.2757427 1.6139674 1.3702902 1.4488470 1.9136694 1.7623750 1.6605205 1.4901153 1.7687675 1.4951886 1.5572162 1.6270903 1.7890821 1.8387519 1.8091020 1.8217319 1.4172653 1.7813023 2.5392524 1.3048362 1.2025971 1.4902033 1.4399423 1.6141882 1.6331753 2.3484030 1.5818052 1.9174609 1.9640802 2.0571675 2.0070660 2.0124734 2.0547556 1.6295840 2.2937745 2.0900339 1.7008146 1.8470442 1.8799527 2.5264088 2.3219101 2.1802724 2.2872569 2.2967122 2.1312016 1.6901892 1.7499516 1.7995887 2.1043424 2.0411343 
Leuniv_Lniv_C803848_01                                 0.4770001 0.3849368 0.0000000 0.9405735 1.5006153 2.4741399 1.4690827 1.3844942 1.3700959 2.0049709 1.7760869 1.6443391 1.7689939 1.6847670 1.9310269 1.8881531 1.6386406 1.8503565 2.0055972 1.5776193 1.6624986 1.9421361 1.4864198 1.6971066 1.5243419 1.4755114 1.9032989 1.8306971 1.7409283 1.6359702 1.7926470 1.5436443 1.4799969 1.6338560 1.8004312 1.8593561 1.8361536 1.8527653 1.3808386 1.8665332 2.3834088 1.3207392 1.2206000 1.5942363 1.5628078 1.6651271 1.6720668 2.5465596 1.6244773 1.8978251 2.0053364 2.0651456 2.0235648 1.8229494 1.8616862 1.6273090 2.3726401 1.9693177 1.6064434 1.8026674 1.7842091 2.3513636 2.1508401 1.9992278 2.5918170 2.4324287 2.4317398 1.7178509 2.0921077 1.9739786 2.1277273 2.1896308 
Clacor_Ccor_C522483_01                                 0.9137971 0.8692531 0.9405735 0.0000000 2.6071868 0.0000010 1.3986159 1.4076145 1.3403456 1.2765394 1.4303818 1.5948223 1.5507068 1.4931644 1.6062207 1.5872938 1.5859185 1.6352050 1.7550571 1.5663382 1.9451159 2.0291843 1.3456312 1.4347551 1.1103665 1.5556574 1.6593512 1.5638396 1.7017174 1.6128081 2.0122137 1.7291747 1.4137142 1.6022769 1.8966540 1.9945464 1.9706763 1.9861377 1.8378730 1.9162045 3.0066142 1.0995368 1.0995368 1.5225533 1.6081772 1.2173893 1.8701917 8.5598793 1.6508996 1.7468110 1.8160348 1.8042924 1.7354562 2.4875130 2.5433479 1.6444210 2.0182524 2.0182524 2.0155433 2.0155433 2.0139662 0.0000010 2.2083975 2.2083975 2.4440371 0.9222663 1.9269661 2.2150039 0.0000010 2.7850961 1.9313047 2.7203280 
Emue_Em0018g375a.t1                                    1.5136999 1.5018832 1.5006153 2.6071868 0.0000000 0.0676929 0.5069194 1.1340707 1.0896367 0.8908972 1.2819038 1.5190627 1.6330840 1.6433653 1.5290245 1.6350399 2.3385810 1.4790045 1.8047513 1.6854310 3.7951287 1.7909967 2.1875657 1.3270027 1.3682016 1.5382434 1.6268003 1.5501853 2.3550302 2.0425783 1.8403095 1.8143591 1.2817168 1.2536164 1.3692565 1.4059939 1.4348791 1.4285378 1.3474858 1.3754668 1.4067776 1.3704553 1.6284760 1.6157426 1.5190981 1.6302123 1.3436263 1.2514683 1.3330682 1.5020964 1.6886911 1.8700306 1.8679099 3.0346736 2.8091036 1.9362631 1.8698787 2.1155926 2.1489124 2.1489124 2.2422229 1.1689783 2.1147626 2.4747202 1.5908810 1.3484005 1.7137986 1.1214272 0.5372529 1.3137914 1.3698422 0.9863428 
Spolac_c103975_g1_i1_m.37361c103975-g1                 1.8124043 2.1155231 2.4741399 0.0000010 0.0676929 0.0000000 0.0000010 1.8571247 1.6420841 1.2430570 1.7879827 1.2870526 1.4657539 1.4885722 1.4145639 1.4061005 0.0000010 1.2110157 1.3026569 1.9087706 0.0000010 1.6718053 0.0000010 1.7960414 1.6774641 1.0068120 1.3873002 1.3358626 0.0000010 0.0000010 1.4209628 1.1028539 1.4134367 1.5653834 1.5055457 1.6779230 1.4678741 1.4276254 0.8510703 1.8322672 1.7972935 1.4306866 0.9586255 1.7424398 1.6573500 2.3442135 1.5739475 1.6204940 1.6204940 1.8221023 1.6437241 1.5454208 1.6595208 0.0000010 0.0000010 0.2985468 2.2477403 1.8495410 0.9183115 1.3453460 2.2152271 1.2413796 1.7619550 0.9919515 1.7612783 2.0666868 2.0223414 1.9078160 1.0884991 1.7196969 1.3858914 1.7281569 
Spolac_c103975_g2_i1_m.37362c103975-g2                 1.3380195 1.3565471 1.4690827 1.3986159 0.5069194 0.0000010 0.0000000 0.8347671 0.7924999 0.9309391 1.0105749 1.3232056 1.4949015 1.4521890 1.4369147 1.4456108 1.6033368 1.3328892 1.4647345 1.3802154 2.1789940 1.5464652 1.1710711 1.2527541 1.1962378 1.2447160 1.2607787 1.1913002 1.1633431 1.2335028 1.4493167 1.3753747 1.1083477 1.2362135 1.3319824 1.4220834 1.3596858 1.3601163 1.1632678 1.4731837 2.0120621 1.1653019 1.0590648 1.3996175 1.4003789 1.4339636 1.3373831 2.1192541 1.2660860 1.4545954 1.4492530 1.5367661 1.5209633 1.5543685 1.5871651 1.4916201 1.7498634 1.5955231 1.5196449 1.6179119 1.5918196 1.4204834 1.7973420 1.7323649 1.7797669 1.8521802 1.8392893 1.5630585 1.0884991 1.5065300 1.4384756 1.4361729 
Aque_Aqu2.1.29913_001                                  1.3516362 1.3038797 1.3844942 1.4076145 1.1340707 1.8571247 0.8347671 0.0000000 0.3733418 1.2556084 1.0269337 1.7680534 1.7064162 1.6386511 1.7862814 1.8143061 1.7816366 1.7566817 1.9237721 1.7523084 2.0325054 1.8180536 1.1550055 1.4779658 1.2951345 1.4461872 1.6739089 1.5809706 1.1972586 1.4137766 1.4901762 1.5193294 1.2883855 1.3644743 1.4628820 1.4790789 1.4042508 1.4142874 1.1917391 1.5912319 2.1401538 1.1033714 0.9845171 1.2802347 1.4870592 1.6965753 1.3889126 2.9542830 1.5682519 1.8945369 1.9635822 1.6364046 1.6452836 1.4635684 1.4936840 1.4973940 1.8913843 1.5964357 1.5826355 1.7763068 1.4988833 2.1870399 1.9929510 1.7526990 2.0091825 2.2641949 2.0647343 1.8572585 1.7854717 1.4708612 2.1919078 2.4852146 
Halamb_c48604_g1_i2m.24504                             1.2814443 1.2253725 1.3700959 1.3403456 1.0896367 1.6420841 0.7924999 0.3733418 0.0000000 1.2134431 1.0544077 1.4866651 1.4831544 1.4358247 1.5910915 1.6004161 1.7343237 1.4706362 1.6520198 1.7091829 1.7406947 1.6005509 1.2005134 1.3503608 1.1633865 1.2502824 1.4427728 1.3505396 1.2236227 1.2655140 1.3714652 1.2306883 1.1772331 1.3775509 1.3841822 1.4376258 1.4711787 1.4818752 1.1286545 1.6111627 2.0035298 1.0784590 0.9735713 1.3773722 1.5493210 1.6275715 1.3927805 2.7581126 1.5299126 1.6304134 1.7832004 1.6717459 1.6370078 1.6145468 1.6498467 1.4611332 1.8518115 1.6109189 1.5517575 1.6664252 1.4137321 1.8766999 1.8217691 1.6185125 1.9719580 2.0192672 1.9459855 1.8620723 1.7640967 1.2272761 1.6913603 2.4537490 
Stycar_maker-SC_scaffold4612-augustus-gene-0.28-mRNA-1 1.6616440 1.7776322 2.0049709 1.2765394 0.8908972 1.2430570 0.9309391 1.2556084 1.2134431 0.0000000 0.8571169 1.5737714 1.5052352 1.5160149 1.5530965 1.6784346 1.6821523 1.3735321 1.7817246 1.9699473 6.2590308 1.8468798 1.1589374 1.6524258 1.2720749 1.1047473 1.5418000 1.4936750 1.1058790 1.1387383 1.4976381 1.3345521 1.4028449 1.5465300 1.3469123 1.4039710 1.5017192 1.4980944 0.9942419 1.4707318 1.8668915 1.2059055 0.9869344 1.6771776 1.7062758 1.7475869 1.4928067 1.7399618 1.2917490 2.0063494 1.8292540 1.9302415 1.9871391 1.4300041 1.4300041 1.9680841 2.4305425 2.1369320 1.5679634 1.8431609 1.8584620 1.9017520 2.1452393 2.2225658 2.5158644 2.5289393 2.3547979 1.8108490 1.3471464 1.5987886 1.8525727 1.7846500 
Tetwil_g19399.t2                                       1.6005334 1.6009709 1.7760869 1.4303818 1.2819038 1.7879827 1.0105749 1.0269337 1.0544077 0.8571169 0.0000000 1.5918137 1.6122921 1.5533792 1.7152064 1.7952760 1.8907534 1.5732986 1.7962310 1.6362268 2.6864228 1.8934728 1.3741858 1.5628052 1.3614840 1.3855971 1.6598944 1.6422927 1.2672177 1.4061881 1.5577650 1.4164562 1.5376014 1.6031125 1.4686204 1.5120743 1.5985592 1.6110552 1.1797975 1.6073408 2.4148959 1.2353729 1.0130809 1.4866220 1.6452138 1.8155479 1.4812683 2.2518084 1.4192590 1.7998619 1.7953729 1.8999234 1.9151067 1.9903482 2.0332472 1.8470118 2.1020897 1.9477519 1.6576960 1.8027802 1.7447303 2.1067546 2.1268020 1.9397038 2.1912153 2.0218960 2.0368786 1.7884327 1.5183599 1.8062515 1.9581412 2.0207269 
Gasp_gasp1.m3.16993.m1                                 1.5679007 1.6932153 1.6443391 1.5948223 1.5190627 1.2870526 1.3232056 1.7680534 1.4866651 1.5737714 1.5918137 0.0000000 0.2436434 0.2315220 0.4762018 0.4741504 0.3393571 0.1646084 0.4670154 0.9782255 1.1228711 0.9307651 1.0631698 1.5090045 1.2854589 0.9339807 1.5132360 1.3909798 1.1520362 1.1705335 1.2437826 1.0391543 1.3410551 1.5012601 1.4902483 1.5229148 1.6678062 1.6775974 1.0635027 1.5866688 2.2919117 1.1504187 1.1379079 1.6209547 1.3721460 1.1765399 1.6731507 2.3004713 1.3356484 1.8114323 1.3876642 1.9942942 2.0446526 1.7858453 1.8102212 1.8875645 2.0689452 1.7493871 1.7624663 1.8866247 2.0144747 1.9668937 2.1620998 2.0337608 2.1784631 2.0391976 2.0852918 1.8302289 1.3966709 1.8659978 1.4496931 1.8629655 
Spis_XP_022805751_1                                    1.5726317 1.6823868 1.7689939 1.5507068 1.6330840 1.4657539 1.4949015 1.7064162 1.4831544 1.5052352 1.6122921 0.2436434 0.0000000 0.0658233 0.3605278 0.3635168 0.2784398 0.2306215 0.3948467 0.9336876 1.2034702 0.8965774 1.0118648 1.4055205 1.1203144 0.9220614 1.3910625 1.2844608 1.2060625 1.1971641 1.2629020 1.0475341 1.1745841 1.4531862 1.5422357 1.5810011 1.6219776 1.6357123 1.1932211 1.6109460 2.1597963 1.1796958 1.0774603 1.3059367 1.2998626 1.2852845 1.4931408 2.0342027 1.2447060 1.6108140 1.4640345 1.9554390 1.9275150 1.8147161 1.8209638 1.9042114 2.1560956 1.8992998 1.7060116 1.8030506 2.1248891 1.4538143 1.9400247 1.9714437 2.2203552 1.6827108 2.1182542 1.7942505 1.2285416 2.0161848 1.2283360 1.6260142 
Pocdam_XM_027183951.1                                  1.4783646 1.5926690 1.6847670 1.4931644 1.6433653 1.4885722 1.4521890 1.6386511 1.4358247 1.5160149 1.5533792 0.2315220 0.0658233 0.0000000 0.3599165 0.3543519 0.2547579 0.2231117 0.3808627 0.8972587 1.2346615 0.8703597 0.9945695 1.3898294 1.0739194 0.9159661 1.3418214 1.2322948 1.1507731 1.1913169 1.2303680 1.0646606 1.1782022 1.3687968 1.5153488 1.5615344 1.6169178 1.6287082 1.1646707 1.5924831 2.1295576 1.1517255 1.0879285 1.3577035 1.2428222 1.2715109 1.4930147 2.0268824 1.2795410 1.6392145 1.4698137 1.9342389 1.9066482 1.7533063 1.7591886 1.8295417 2.0710685 1.8170989 1.6847989 1.7512209 2.0559920 1.4701588 1.9129048 1.9118665 2.0875390 1.6646046 2.0761592 1.7533371 1.2575667 2.0296700 1.3063247 1.6611571 
Amil_Amillepora05703-RA                                1.8125025 1.7755711 1.9310269 1.6062207 1.5290245 1.4145639 1.4369147 1.7862814 1.5910915 1.5530965 1.7152064 0.4762018 0.3605278 0.3599165 0.0000000 0.0085950 0.0178294 0.3473604 0.3592073 1.0444526 1.2532122 1.0770209 1.2046307 1.6496705 1.3495823 0.9564623 1.3995406 1.3574617 1.2717770 1.1606497 1.3566469 1.0765997 1.3805616 1.4739789 1.4393446 1.4731895 1.6182096 1.6315948 1.0983317 1.5371751 2.0888298 1.2793044 1.1752521 1.5460988 1.3989048 1.3756285 1.8382794 2.6658971 1.4055398 1.8287279 1.6595793 2.0377122 2.0721839 1.9134951 1.9940343 1.9504679 2.2228882 1.8579005 1.7672638 1.9483713 2.0862956 1.7990659 2.1800504 2.0517173 2.4164007 1.9595424 2.3378423 1.9799360 1.6080638 2.0327698 1.5945630 2.1594091 
Adig_XM_015909984.1                                    1.7805326 1.7392590 1.8881531 1.5872938 1.6350399 1.4061005 1.4456108 1.8143061 1.6004161 1.6784346 1.7952760 0.4741504 0.3635168 0.3543519 0.0085950 0.0000000 0.0169230 0.3548964 0.3606651 1.0711317 1.3514075 1.0680068 1.2275498 1.6981867 1.3741252 0.9702535 1.4161029 1.3812015 1.2686403 1.2189121 1.3547274 1.0966313 1.4040406 1.5134548 1.4786854 1.5096180 1.6654420 1.6788269 1.1434998 1.5743559 2.1139524 1.2974357 1.2006737 1.5582728 1.4698074 1.3763437 1.8316249 2.6898711 1.4908134 1.8731316 1.7013673 2.0906017 2.1252298 1.8957002 1.9753529 2.0316335 2.2695881 1.9182010 1.8742237 2.0519909 2.1641080 1.8344183 2.2627932 2.1400066 2.4695539 2.0347982 2.3861749 1.9733140 1.6080638 2.1043484 1.5869455 2.1782961 
Adig_XM_015910409.1                                    1.6551193 1.5261421 1.6386406 1.5859185 2.3385810 0.0000010 1.6033368 1.7816366 1.7343237 1.6821523 1.8907534 0.3393571 0.2784398 0.2547579 0.0178294 0.0169230 0.0000000 0.2755490 0.3306139 0.8231054 1.1652676 0.8386789 1.3675390 1.5135266 1.3582602 0.9613958 1.3721420 1.2392536 1.3044189 1.2256332 1.2253046 1.0943186 1.1938067 1.3696171 1.3590534 1.3712519 1.4673625 1.4673625 1.4122358 1.4580176 1.9224534 1.4944718 1.4944718 1.5370601 1.4768979 1.3187663 1.8236789 6.8513074 1.4958409 1.8423239 1.5002252 2.1779771 2.1733736 2.0578509 2.1704487 2.2140005 2.0319111 2.0319111 2.3604437 2.3604437 2.2650831 1.6707202 2.2442043 2.2442043 2.1301202 2.0815857 2.3616264 1.8026141 0.0000010 2.2025504 1.2048105 1.1243027 
Fspp_ffun1.m4.11742.m1                                 1.6902970 1.7803151 1.8503565 1.6352050 1.4790045 1.2110157 1.3328892 1.7566817 1.4706362 1.3735321 1.5732986 0.1646084 0.2306215 0.2231117 0.3473604 0.3548964 0.2755490 0.0000000 0.3607179 0.9517942 1.1262807 0.9310609 1.0748869 1.4484662 1.2789486 0.9038693 1.4290303 1.4238668 1.1315487 1.2079729 1.3154611 1.0483360 1.2797934 1.4905562 1.6165431 1.6634955 1.7384598 1.7507096 1.1086063 1.6520104 2.2522326 1.1908835 1.1917473 1.5588552 1.3682192 1.2306057 1.7019387 2.2980579 1.3979386 1.7145582 1.5155308 1.9871388 2.0227440 1.7492728 1.7732191 1.8507546 2.0411440 1.7530192 1.6992233 1.8261447 2.0161383 1.6784257 2.1258938 2.0841491 2.0111352 1.8838625 2.0481603 1.9061748 1.3852041 1.9299590 1.5314009 1.8551929 
Gfas_gfas1.m1.562.m1                                   1.8744620 1.9335753 2.0055972 1.7550571 1.8047513 1.3026569 1.4647345 1.9237721 1.6520198 1.7817246 1.7962310 0.4670154 0.3948467 0.3808627 0.3592073 0.3606651 0.3306139 0.3607179 0.0000000 1.1487733 1.4895374 1.0624357 1.1496739 1.8392545 1.5050702 1.0741062 1.5500494 1.6523641 1.3848887 1.3797793 1.4914396 1.1373696 1.4245505 1.6942723 1.6189863 1.6535916 1.8003526 1.8030257 1.2734917 1.7074944 2.3988004 1.2630216 1.2504538 1.6401034 1.6466020 1.3466857 1.8694284 2.5499539 1.5670623 1.9101499 1.7666095 2.2223213 2.2722310 2.1534517 2.1857535 2.1580437 2.3765287 2.0209344 1.9195497 2.1143201 2.2105975 1.8022867 2.2559621 2.1583574 2.3119871 2.1579277 2.4609043 2.0337535 1.4786597 2.1930414 1.6220080 2.1020290 
Nvec_v1g82762                                          1.5210449 1.5773480 1.5776193 1.5663382 1.6854310 1.9087706 1.3802154 1.7523084 1.7091829 1.9699473 1.6362268 0.9782255 0.9336876 0.8972587 1.0444526 1.0711317 0.8231054 0.9517942 1.1487733 0.0000000 0.2246853 0.8911268 1.0331077 1.5730969 1.2526855 1.3384995 1.8155323 1.7705809 1.1360862 1.3163884 1.3758593 1.3548533 1.2976236 1.3262306 1.6511849 1.7176952 1.7670013 1.7795997 1.1785080 1.7203113 2.3394800 1.3484502 1.1333997 1.5961531 1.5024558 1.5134712 1.7223445 2.3784538 1.3166303 1.7450872 1.6759866 1.7810741 1.7561152 1.4485192 1.4782639 1.6743245 1.9036738 1.5851046 1.5754426 1.7379870 1.7665098 2.0088214 2.0903374 1.8875328 2.1984353 2.3926304 2.1052997 2.0194863 2.3198999 2.4146364 2.0562350 2.0358851 
Nvec_NVE3686                                           1.6224354 1.6460741 1.6624986 1.9451159 3.7951287 0.0000010 2.1789940 2.0325054 1.7406947 6.2590308 2.6864228 1.1228711 1.2034702 1.2346615 1.2532122 1.3514075 1.1652676 1.1262807 1.4895374 0.2246853 0.0000000 0.8943597 1.6400436 1.5188200 1.8339280 2.5476791 3.3384860 3.2591233 3.6688847 2.7110959 2.0190753 1.7353566 1.6395185 2.0643667 2.1232620 2.2120324 2.1686256 2.1686256 2.0364635 2.1978307 2.2012365 2.2276726 2.2276726 2.2874291 2.3822294 1.5790070 2.1239248 8.9999989 1.8088098 2.0227563 2.2547779 2.4089793 2.2483348 5.5784945 6.3328534 1.4830368 2.0179397 2.0179397 2.1373940 2.1373940 2.4034416 0.0000010 2.6078643 2.6078643 2.5848524 1.8045120 2.1814920 2.0512482 0.0000010 1.8891563 2.6535132 1.4189149 
Exapal_XM_028658233.1                                  1.7249703 1.6837508 1.9421361 2.0291843 1.7909967 1.6718053 1.5464652 1.8180536 1.6005509 1.8468798 1.8934728 0.9307651 0.8965774 0.8703597 1.0770209 1.0680068 0.8386789 0.9310609 1.0624357 0.8911268 0.8943597 0.0000000 1.1782848 1.6713658 1.3584696 1.2690895 1.9059593 1.8170164 1.4306225 1.5394076 1.4433599 1.3405177 1.4880844 1.7028141 1.6636652 1.7016875 1.8778202 1.8703252 1.2365312 1.8315344 2.2557159 1.7787987 1.5558404 1.9898942 1.5147068 1.4436680 1.6577958 2.5261763 1.4628709 1.8362393 1.6823778 2.0656081 2.0053509 2.0141890 2.1147595 2.2632545 2.2127222 1.9779165 1.7152030 1.8814621 2.4962767 1.7132076 2.1647264 2.2042703 2.4720302 2.2338779 2.4749131 1.9589666 1.7204461 2.0022906 1.6990092 1.8922860 
Bralan_BLAG03000860_1                                  1.3228093 1.2757427 1.4864198 1.3456312 2.1875657 0.0000010 1.1710711 1.1550055 1.2005134 1.1589374 1.3741858 1.0631698 1.0118648 0.9945695 1.2046307 1.2275498 1.3675390 1.0748869 1.1496739 1.0331077 1.6400436 1.1782848 0.0000000 1.0344052 0.9250951 1.3175671 1.3442302 1.4033620 1.0593321 1.1078816 1.3054686 1.2557731 1.2459536 1.1977618 1.5152562 1.4768997 1.4537823 1.4793691 1.3507809 1.3977670 2.9766414 1.0638685 1.0638685 1.3748276 1.2272003 1.0901646 1.0954392 3.7545320 1.0831702 1.4949795 1.5769105 1.4857965 1.4338171 1.5516092 1.5837183 1.2429271 1.3879820 1.3879820 1.4945484 1.4945484 1.3636050 0.0000010 1.5267818 1.5267818 1.7107684 0.5335341 1.6547601 1.7808059 0.0000010 2.4361459 1.9483782 0.8958541 
Acagra_model.g1651.t1                                  1.5994619 1.6139674 1.6971066 1.4347551 1.3270027 1.7960414 1.2527541 1.4779658 1.3503608 1.6524258 1.5628052 1.5090045 1.4055205 1.3898294 1.6496705 1.6981867 1.5135266 1.4484662 1.8392545 1.5730969 1.5188200 1.6713658 1.0344052 0.0000000 1.1992462 1.2965354 1.5465161 1.5516237 1.3295348 1.2275384 1.5898292 1.5557012 1.3667407 1.4855130 1.5309806 1.5424021 1.5611935 1.5653944 1.1967435 1.7966711 2.3245207 1.3062101 1.0599144 1.6276873 1.0223820 1.3876131 1.2128465 2.3981775 1.3847468 1.5430683 1.3744114 1.8331375 1.8183959 1.5805201 1.6128704 1.5641046 2.0233001 1.5489242 1.6600190 1.8268010 1.4771114 1.9486673 2.0242417 1.7092353 2.2505955 2.4403844 2.2152872 1.6305602 2.3570648 2.0290062 1.9335276 1.7760229 
Spur_XM_775627.5                                       1.2274754 1.3702902 1.5243419 1.1103665 1.3682016 1.6774641 1.1962378 1.2951345 1.1633865 1.2720749 1.3614840 1.2854589 1.1203144 1.0739194 1.3495823 1.3741252 1.3582602 1.2789486 1.5050702 1.2526855 1.8339280 1.3584696 0.9250951 1.1992462 0.0000000 1.0317967 1.2553371 1.2608275 1.0247001 0.9291866 1.3650091 1.2146894 1.1450002 1.3306464 1.2172126 1.2473190 1.2405979 1.2511373 0.9545750 1.4120503 1.9230403 1.0534886 0.9669545 1.3042106 1.3588552 1.2178100 1.2292480 1.9973155 1.2692796 1.5964344 1.7488179 1.7828773 1.7607562 2.0400865 2.0835448 1.6555190 1.9230530 1.8476986 1.5095881 1.6072487 1.9213284 1.7715658 1.9688718 1.8006057 2.0313581 1.9289831 1.9349726 1.2750964 1.7665176 1.7829305 1.4865394 1.6264749 
Sanmal_Sma_008894-T1                                   1.5066117 1.4488470 1.4755114 1.5556574 1.5382434 1.0068120 1.2447160 1.4461872 1.2502824 1.1047473 1.3855971 0.9339807 0.9220614 0.9159661 0.9564623 0.9702535 0.9613958 0.9038693 1.0741062 1.3384995 2.5476791 1.2690895 1.3175671 1.2965354 1.0317967 0.0000000 0.6198696 0.5478966 0.7546022 0.3956394 0.9232908 0.8453951 0.9866260 1.2306342 1.1004957 1.1168172 1.1730030 1.1812315 0.9632381 1.1466635 1.7282040 1.2450798 1.1847023 1.4663627 1.2867762 1.3091643 1.1873977 1.9522794 1.3504905 1.6551534 1.3903599 1.5745693 1.5912591 1.6680569 1.7384088 1.7915777 1.6428041 1.6528562 1.5644230 1.6661632 1.9296765 1.3666129 1.7170195 1.6615778 1.7891254 1.4879408 1.9111978 1.5052785 1.0435474 1.7326018 0.0673047 0.8978239 
Nemnom_g18614.t1                                       1.7897658 1.9136694 1.9032989 1.6593512 1.6268003 1.3873002 1.2607787 1.6739089 1.4427728 1.5418000 1.6598944 1.5132360 1.3910625 1.3418214 1.3995406 1.4161029 1.3721420 1.4290303 1.5500494 1.8155323 3.3384860 1.9059593 1.3442302 1.5465161 1.2553371 0.6198696 0.0000000 0.2112510 0.6735072 0.3720921 1.0914809 1.0714334 1.3261792 1.5311634 1.4824639 1.5261354 1.5178175 1.5269334 1.1568681 1.5708512 2.3415968 1.3442720 1.2710832 1.8604845 1.6009750 1.6246552 1.5645640 2.6977081 1.6974348 1.7859439 1.8370925 1.9999724 1.9627777 1.7934696 1.8690959 1.6944411 1.9408764 1.8612571 1.5530552 1.6738567 1.8692952 1.5703083 1.9135233 1.7342148 2.1227360 1.8123169 2.0477158 1.8194054 1.4624175 2.1043519 0.9178597 2.0253768 
Rhoesc_Res_003154-T1                                   1.6144758 1.7623750 1.8306971 1.5638396 1.5501853 1.3358626 1.1913002 1.5809706 1.3505396 1.4936750 1.6422927 1.3909798 1.2844608 1.2322948 1.3574617 1.3812015 1.2392536 1.4238668 1.6523641 1.7705809 3.2591233 1.8170164 1.4033620 1.5516237 1.2608275 0.5478966 0.2112510 0.0000000 0.6399205 0.2914436 1.0747968 1.0406611 1.2631686 1.5290957 1.4349209 1.4726396 1.4522743 1.4611760 1.0569212 1.5048818 2.2468428 1.3002267 1.2262116 1.7139764 1.4979915 1.5036120 1.5511260 2.7903237 1.6561706 1.7473355 1.6500231 1.8885615 1.8523003 1.6767328 1.7478366 1.6718712 1.9352431 1.8236680 1.5037855 1.6043203 1.7944967 1.7435287 1.9070347 1.6990168 2.0299583 1.7630433 2.0242773 1.8615688 1.5186874 2.0402406 0.9241750 1.9263399 
Morvir_scaffold2.g9.t1                                 1.6696526 1.6605205 1.7409283 1.7017174 2.3550302 0.0000010 1.1633431 1.1972586 1.2236227 1.1058790 1.2672177 1.1520362 1.2060625 1.1507731 1.2717770 1.2686403 1.3044189 1.1315487 1.3848887 1.1360862 3.6688847 1.4306225 1.0593321 1.3295348 1.0247001 0.7546022 0.6735072 0.6399205 0.0000000 0.6358251 0.9852247 0.9684483 0.9642287 1.1930229 1.3597641 1.3338984 1.3230984 1.3465501 1.3173671 1.2798639 3.2534006 1.2376998 1.2376998 1.3810276 1.2653692 1.0576482 1.3919865 4.8592470 1.2520886 1.4347629 1.5908728 1.6821045 1.6073826 1.6866224 1.7211797 1.5964570 1.6089848 1.6089848 1.5645238 1.5645238 1.7004822 0.0000010 1.5788136 1.5788136 1.8210011 1.3006466 2.2231131 2.1896945 0.0000010 3.1104589 0.8581545 0.8958541 
Aaur_scaffold629.g8.t1                                 1.5087681 1.4901153 1.6359702 1.6128081 2.0425783 0.0000010 1.2335028 1.4137766 1.2655140 1.1387383 1.4061881 1.1705335 1.1971641 1.1913169 1.1606497 1.2189121 1.2256332 1.2079729 1.3797793 1.3163884 2.7110959 1.5394076 1.1078816 1.2275384 0.9291866 0.3956394 0.3720921 0.2914436 0.6358251 0.0000000 0.8961101 0.9168938 0.9133042 0.9604686 1.1438657 1.1774470 1.1919548 1.2081271 1.1532707 1.1994432 2.3416630 1.1724118 1.1724118 1.4082062 1.2414373 0.9894156 1.0754729 4.1567871 1.2671595 1.3373887 1.3186197 1.7086042 1.6120336 1.4394001 1.4984629 1.6147127 1.6618076 1.6618076 1.6184415 1.6184415 1.7744201 1.2919906 1.5929594 1.5929594 1.8046823 1.5403140 1.9529611 1.6231834 0.0000010 1.8722404 0.4317242 0.6973373 
Chem_TCONS_00004651                                    1.6995581 1.7687675 1.7926470 2.0122137 1.8403095 1.4209628 1.4493167 1.4901762 1.3714652 1.4976381 1.5577650 1.2437826 1.2629020 1.2303680 1.3566469 1.3547274 1.2253046 1.3154611 1.4914396 1.3758593 2.0190753 1.4433599 1.3054686 1.5898292 1.3650091 0.9232908 1.0914809 1.0747968 0.9852247 0.8961101 0.0000000 0.6079275 1.3076297 1.4304186 1.3852086 1.4034290 1.4123309 1.4234646 1.2328617 1.4645056 2.2410908 1.2762478 1.1846769 1.5183519 1.7374036 1.5862332 1.4617709 2.3247958 1.4991747 1.9594279 1.7708564 1.8566580 1.8683441 1.6972271 1.7673821 2.1284988 1.9996250 1.9647251 1.6043479 1.7415973 1.9571495 2.0101591 1.9760892 1.8917455 2.2130368 1.9536834 2.3628859 1.8837084 1.5408866 2.0709430 1.2676576 1.4640474 
Hvul_g30407_1                                          1.5664251 1.4951886 1.5436443 1.7291747 1.8143591 1.1028539 1.3753747 1.5193294 1.2306883 1.3345521 1.4164562 1.0391543 1.0475341 1.0646606 1.0765997 1.0966313 1.0943186 1.0483360 1.1373696 1.3548533 1.7353566 1.3405177 1.2557731 1.5557012 1.2146894 0.8453951 1.0714334 1.0406611 0.9684483 0.9168938 0.6079275 0.0000000 1.1220125 1.3325982 1.3225457 1.3076537 1.3702633 1.3811632 1.2999050 1.3520980 2.0886819 1.2140732 1.2295344 1.3545257 1.5122909 1.4504044 1.1969225 1.9137857 1.2933363 1.8670147 1.5320190 2.0301896 2.0078359 2.0562369 2.0985443 2.2851761 1.9821386 2.1425618 1.8143926 1.8787978 1.9549546 1.6169561 2.0090395 2.0450601 2.1413404 1.8222384 1.9989837 1.7218670 1.0337847 1.7012889 1.0630663 1.4036791 
Dgig_XM_028535442.1                                    1.4518489 1.5572162 1.4799969 1.4137142 1.2817168 1.4134367 1.1083477 1.2883855 1.1772331 1.4028449 1.5376014 1.3410551 1.1745841 1.1782022 1.3805616 1.4040406 1.1938067 1.2797934 1.4245505 1.2976236 1.6395185 1.4880844 1.2459536 1.3667407 1.1450002 0.9866260 1.3261792 1.2631686 0.9642287 0.9133042 1.3076297 1.1220125 0.0000000 0.4634956 1.2510747 1.3255218 1.3081231 1.3171022 0.8892585 1.3710569 2.1167614 1.1057272 0.9872721 1.3145489 1.3541573 1.4016949 1.5295791 1.8659818 1.2817345 1.8442857 1.6532752 1.8382906 1.8764556 1.6785665 1.7477842 1.4624232 1.9470581 1.6499205 1.5168486 1.6988883 1.7289194 2.0269990 1.9438451 1.6727900 1.9543510 1.6736523 1.8905667 1.5303803 1.2646920 1.9965930 1.4325300 1.7443070 
Xesp_013990-T1                                         1.5107676 1.6270903 1.6338560 1.6022769 1.2536164 1.5653834 1.2362135 1.3644743 1.3775509 1.5465300 1.6031125 1.5012601 1.4531862 1.3687968 1.4739789 1.5134548 1.3696171 1.4905562 1.6942723 1.3262306 2.0643667 1.7028141 1.1977618 1.4855130 1.3306464 1.2306342 1.5311634 1.5290957 1.1930229 0.9604686 1.4304186 1.3325982 0.4634956 0.0000000 1.3252090 1.3837720 1.4151765 1.4256242 0.9902361 1.3850418 2.1301730 1.1745050 1.0663327 1.5484402 1.4386206 1.4638352 1.5885415 2.2561754 1.3894762 1.8891050 1.7002289 1.9966206 2.0589349 1.8272130 1.9034623 1.5143037 2.0275900 1.6963798 1.6570852 1.9256352 1.9532195 1.9860601 2.0180883 1.7669711 2.1892319 2.1798786 2.1177628 1.5530270 1.4670946 1.9298091 1.8651050 1.7763428 
HoiH23_PlH23_003765-RA                                 1.6324538 1.7890821 1.8004312 1.8966540 1.3692565 1.5055457 1.3319824 1.4628820 1.3841822 1.3469123 1.4686204 1.4902483 1.5422357 1.5153488 1.4393446 1.4786854 1.3590534 1.6165431 1.6189863 1.6511849 2.1232620 1.6636652 1.5152562 1.5309806 1.2172126 1.1004957 1.4824639 1.4349209 1.3597641 1.1438657 1.3852086 1.3225457 1.2510747 1.3252090 0.0000000 0.0482531 0.1874558 0.1875861 0.2305600 0.2681162 0.7821717 1.1731363 1.1142085 1.2490636 1.4639208 1.5536908 1.3483804 2.1354834 1.4761636 1.9968277 1.9033245 2.1499963 2.1552248 1.9799612 2.0660517 1.8361304 2.0909101 1.7512091 1.9207004 2.1268634 1.8917122 2.0838692 2.3219206 2.2406985 2.2996031 2.6757644 2.5281359 1.8257050 1.8316797 1.6914357 1.4576202 1.7699255 
HoiH06_mRNA11936                                       1.6876742 1.8387519 1.8593561 1.9945464 1.4059939 1.6779230 1.4220834 1.4790789 1.4376258 1.4039710 1.5120743 1.5229148 1.5810011 1.5615344 1.4731895 1.5096180 1.3712519 1.6634955 1.6535916 1.7176952 2.2120324 1.7016875 1.4768997 1.5424021 1.2473190 1.1168172 1.5261354 1.4726396 1.3338984 1.1774470 1.4034290 1.3076537 1.3255218 1.3837720 0.0482531 0.0000000 0.2002705 0.2028022 0.2317719 0.2799296 0.8315536 1.2235495 1.1526435 1.2346942 1.5026777 1.5600735 1.3255896 2.1145749 1.5177700 2.0450438 1.9266303 2.1804442 2.1857706 2.0535208 2.1432132 1.9918946 2.1624342 1.8660603 1.9805678 2.1917735 1.9409387 2.1499433 2.3473286 2.3069978 2.4180513 2.8548290 2.5411790 1.8293175 1.8464164 1.7198882 1.5195782 1.7092428 
Hhon_g03322.t1                                         1.6421037 1.8091020 1.8361536 1.9706763 1.4348791 1.4678741 1.3596858 1.4042508 1.4711787 1.5017192 1.5985592 1.6678062 1.6219776 1.6169178 1.6182096 1.6654420 1.4673625 1.7384598 1.8003526 1.7670013 2.1686256 1.8778202 1.4537823 1.5611935 1.2405979 1.1730030 1.5178175 1.4522743 1.3230984 1.1919548 1.4123309 1.3702633 1.3081231 1.4151765 0.1874558 0.2002705 0.0000000 0.0086599 0.2556464 0.2876017 0.8774413 1.1738790 1.1238795 1.3113531 1.5148627 1.6441920 1.4558105 2.3010563 1.5016443 2.0929953 1.8621296 2.2179525 2.1831927 2.0912150 2.1839010 1.8910355 2.2388234 1.8938881 1.8950251 2.0903029 1.8636568 2.0842127 2.4458253 2.2784820 2.3116167 2.5884474 2.5307797 1.8059538 2.0929190 1.8302297 1.5562658 1.8065277 
HoiH04_mRNA12675                                       1.6389316 1.8217319 1.8527653 1.9861377 1.4285378 1.4276254 1.3601163 1.4142874 1.4818752 1.4980944 1.6110552 1.6775974 1.6357123 1.6287082 1.6315948 1.6788269 1.4673625 1.7507096 1.8030257 1.7795997 2.1686256 1.8703252 1.4793691 1.5653944 1.2511373 1.1812315 1.5269334 1.4611760 1.3465501 1.2081271 1.4234646 1.3811632 1.3171022 1.4256242 0.1875861 0.2028022 0.0086599 0.0000000 0.2556267 0.2928097 0.8587754 1.1833427 1.1338583 1.3121176 1.5400695 1.6504877 1.4675542 2.2840882 1.5096447 2.1049725 1.8749665 2.2315755 2.1966040 2.1342585 2.2290123 1.8830851 2.2527543 1.9086560 1.9080826 2.1036853 1.8902231 2.0702882 2.4304677 2.2596308 2.3131126 2.5808879 2.5351270 1.7984365 2.0264509 1.8289332 1.5471508 1.8036302 
Tadh_TriadT32984                                       1.3196411 1.4172653 1.3808386 1.8378730 1.3474858 0.8510703 1.1632678 1.1917391 1.1286545 0.9942419 1.1797975 1.0635027 1.1932211 1.1646707 1.0983317 1.1434998 1.4122358 1.1086063 1.2734917 1.1785080 2.0364635 1.2365312 1.3507809 1.1967435 0.9545750 0.9632381 1.1568681 1.0569212 1.3173671 1.1532707 1.2328617 1.2999050 0.8892585 0.9902361 0.2305600 0.2317719 0.2556464 0.2556267 0.0000000 0.2529312 0.3294303 0.9913158 1.0989724 1.0618559 1.2770427 1.3063154 1.0447084 1.3649392 1.2079166 1.4614929 1.4100963 1.7606703 1.7600283 1.9467140 2.0310830 1.8618068 1.6048242 1.7353683 1.8790112 1.8865428 1.8411471 1.6671273 1.8888679 2.0210859 1.9217191 1.7777254 2.0189990 1.3976897 0.6730889 1.4024304 0.8971827 0.9954792 
HoiH11_mRNA2455                                        1.7578194 1.7813023 1.8665332 1.9162045 1.3754668 1.8322672 1.4731837 1.5912319 1.6111627 1.4707318 1.6073408 1.5866688 1.6109460 1.5924831 1.5371751 1.5743559 1.4580176 1.6520104 1.7074944 1.7203113 2.1978307 1.8315344 1.3977670 1.7966711 1.4120503 1.1466635 1.5708512 1.5048818 1.2798639 1.1994432 1.4645056 1.3520980 1.3710569 1.3850418 0.2681162 0.2799296 0.2876017 0.2928097 0.2529312 0.0000000 0.9418972 1.2189843 1.1006324 1.4322903 1.6410803 1.5909881 1.5517748 2.0428669 1.4932490 1.9915325 1.8709203 2.2508113 2.1969691 2.0764812 2.1660013 1.9815637 2.3849277 1.9086034 1.9688503 2.2634884 1.9815253 2.2968852 2.4614076 2.3662104 2.5939709 2.9571658 2.7990195 1.9502788 2.1212331 1.9151925 1.5055735 2.0459856 
TrH2_TrispH2_007815-RA                                 2.3678549 2.5392524 2.3834088 3.0066142 1.4067776 1.7972935 2.0120621 2.1401538 2.0035298 1.8668915 2.4148959 2.2919117 2.1597963 2.1295576 2.0888298 2.1139524 1.9224534 2.2522326 2.3988004 2.3394800 2.2012365 2.2557159 2.9766414 2.3245207 1.9230403 1.7282040 2.3415968 2.2468428 3.2534006 2.3416630 2.2410908 2.0886819 2.1167614 2.1301730 0.7821717 0.8315536 0.8774413 0.8587754 0.3294303 0.9418972 0.0000000 1.7591543 1.7855504 2.1006761 2.4170362 2.6452088 1.9725594 2.9578164 2.4793913 3.1064566 2.7787514 3.2130031 3.2142355 5.1938970 5.5183549 2.2413082 3.3248661 3.0286069 2.9950484 3.1175905 3.7387500 2.0578465 3.7447013 3.9810411 3.6676088 2.5552413 2.9230379 2.2896761 1.9468533 2.0069279 1.5916584 2.1779769 
Opea_EP00118_Oscarella_pearsei_P002710                 1.2167962 1.3048362 1.3207392 1.0995368 1.3704553 1.4306866 1.1653019 1.1033714 1.0784590 1.2059055 1.2353729 1.1504187 1.1796958 1.1517255 1.2793044 1.2974357 1.4944718 1.1908835 1.2630216 1.3484502 2.2276726 1.7787987 1.0638685 1.3062101 1.0534886 1.2450798 1.3442720 1.3002267 1.2376998 1.1724118 1.2762478 1.2140732 1.1057272 1.1745050 1.1731363 1.2235495 1.1738790 1.1833427 0.9913158 1.2189843 1.7591543 0.0000000 0.0000010 0.5391853 1.5134352 1.3932296 1.3172299 2.3486197 1.3525438 1.5569237 1.5133703 1.6921081 1.7045499 1.5287040 1.5938112 1.6336139 1.8072349 1.7302864 1.5013593 1.6854692 1.8221185 1.2986534 1.7412399 1.8003051 1.8128173 1.8203068 2.4247564 1.4433073 1.7069643 1.5562620 1.4424498 1.6297989 
Ocar_g6016                                             1.0851012 1.2025971 1.2206000 1.0995368 1.6284760 0.9586255 1.0590648 0.9845171 0.9735713 0.9869344 1.0130809 1.1379079 1.0774603 1.0879285 1.1752521 1.2006737 1.4944718 1.1917473 1.2504538 1.1333997 2.2276726 1.5558404 1.0638685 1.0599144 0.9669545 1.1847023 1.2710832 1.2262116 1.2376998 1.1724118 1.1846769 1.2295344 0.9872721 1.0663327 1.1142085 1.1526435 1.1238795 1.1338583 1.0989724 1.1006324 1.7855504 0.0000010 0.0000000 0.4679832 1.3402130 1.1662441 1.1585407 1.9279383 1.0928718 1.3080750 1.3899073 1.6809307 1.6899968 1.5287040 1.5938112 1.6336139 1.7209620 1.7443443 1.6678103 1.6678103 1.8221185 1.7721859 1.8055202 1.7873494 1.6752513 1.5814632 2.2582047 1.2751708 0.7689100 1.4999838 1.2546397 1.3731400 
Plajan_Pjan_C560476_01                                 1.3850288 1.4902033 1.5942363 1.5225533 1.6157426 1.7424398 1.3996175 1.2802347 1.3773722 1.6771776 1.4866220 1.6209547 1.3059367 1.3577035 1.5460988 1.5582728 1.5370601 1.5588552 1.6401034 1.5961531 2.2874291 1.9898942 1.3748276 1.6276873 1.3042106 1.4663627 1.8604845 1.7139764 1.3810276 1.4082062 1.5183519 1.3545257 1.3145489 1.5484402 1.2490636 1.2346942 1.3113531 1.3121176 1.0618559 1.4322903 2.1006761 0.5391853 0.4679832 0.0000000 1.6639909 1.4827203 1.5886186 2.5336623 1.4071035 1.8218644 1.7104435 1.9365448 1.8884182 1.6345207 1.7028487 1.7211539 1.9803133 1.7446676 1.5921153 1.8259834 1.9088226 1.8832699 1.9979483 1.8564023 1.9536621 1.8314268 2.1752391 1.6283199 1.9207607 1.7680519 1.9044223 1.8538508 
Cgig_XM_034473991.1                                    1.4862732 1.4399423 1.5628078 1.6081772 1.5190981 1.6573500 1.4003789 1.4870592 1.5493210 1.7062758 1.6452138 1.3721460 1.2998626 1.2428222 1.3989048 1.4698074 1.4768979 1.3682192 1.6466020 1.5024558 2.3822294 1.5147068 1.2272003 1.0223820 1.3588552 1.2867762 1.6009750 1.4979915 1.2653692 1.2414373 1.7374036 1.5122909 1.3541573 1.4386206 1.4639208 1.5026777 1.5148627 1.5400695 1.2770427 1.6410803 2.4170362 1.5134352 1.3402130 1.6639909 0.0000000 1.3133553 1.1938357 2.3164112 1.3479663 1.5263637 1.5477901 1.6819345 1.7309402 1.3920924 1.4208957 1.4406147 1.7540586 1.4145511 1.4693264 1.6568243 1.5433136 1.9869758 1.6785496 1.5656809 1.7835929 1.8254779 1.8147022 1.6814629 1.5741615 1.8015604 1.8804148 1.6722386 
Cscu_XM_023368462.1                                    1.5088167 1.6141882 1.6651271 1.2173893 1.6302123 2.3442135 1.4339636 1.6965753 1.6275715 1.7475869 1.8155479 1.1765399 1.2852845 1.2715109 1.3756285 1.3763437 1.3187663 1.2306057 1.3466857 1.5134712 1.5790070 1.4436680 1.0901646 1.3876131 1.2178100 1.3091643 1.6246552 1.5036120 1.0576482 0.9894156 1.5862332 1.4504044 1.4016949 1.4638352 1.5536908 1.5600735 1.6441920 1.6504877 1.3063154 1.5909881 2.6452088 1.3932296 1.1662441 1.4827203 1.3133553 0.0000000 1.4213649 2.3090142 1.3335902 1.3750229 1.3019587 1.7117105 1.6883997 1.5422877 1.5734630 1.4641663 2.0106269 1.6682401 1.5443123 1.7253734 1.6535427 2.1013357 1.9363625 1.6863965 2.1894368 2.2032901 2.4273270 1.5686424 2.3348563 2.0372730 1.7899537 1.7527156 
Ctel_gnl_WGS_AMQN_CAPTEDRAFT_mRNA180739                1.4686232 1.6331753 1.6720668 1.8701917 1.3436263 1.5739475 1.3373831 1.3889126 1.3927805 1.4928067 1.4812683 1.6731507 1.4931408 1.4930147 1.8382794 1.8316249 1.8236789 1.7019387 1.8694284 1.7223445 2.1239248 1.6577958 1.0954392 1.2128465 1.2292480 1.1873977 1.5645640 1.5511260 1.3919865 1.0754729 1.4617709 1.1969225 1.5295791 1.5885415 1.3483804 1.3255896 1.4558105 1.4675542 1.0447084 1.5517748 1.9725594 1.3172299 1.1585407 1.5886186 1.1938357 1.4213649 0.0000000 1.9553187 1.4472331 1.6476471 1.6476728 2.0191395 1.9854674 2.0103531 2.0533374 2.0626518 2.3197865 1.9979926 1.7513496 1.9628465 1.7546359 2.8106415 2.4029449 2.0880553 2.4127837 2.1764236 2.3039219 1.5359503 1.8302522 1.8419383 1.6380275 1.4698244 
Hsap_ENST00000649102                                   2.1125121 2.3484030 2.5465596 8.5598793 1.2514683 1.6204940 2.1192541 2.9542830 2.7581126 1.7399618 2.2518084 2.3004713 2.0342027 2.0268824 2.6658971 2.6898711 6.8513074 2.2980579 2.5499539 2.3784538 8.9999989 2.5261763 3.7545320 2.3981775 1.9973155 1.9522794 2.6977081 2.7903237 4.8592470 4.1567871 2.3247958 1.9137857 1.8659818 2.2561754 2.1354834 2.1145749 2.3010563 2.2840882 1.3649392 2.0428669 2.9578164 2.3486197 1.9279383 2.5336623 2.3164112 2.3090142 1.9553187 0.0000000 0.2361777 2.7075230 2.9157124 3.3993445 3.3133970 7.0737637 6.4031249 6.0148552 3.9279702 5.3698518 2.5183828 3.3604150 8.7805483 1.8633173 3.1453136 4.6324048 2.7796761 2.3120062 3.5930924 2.0988226 2.0728661 2.4744387 2.4272299 1.9434069 
Hsap_ENST00000016171                                   1.5578753 1.5818052 1.6244773 1.6508996 1.3330682 1.6204940 1.2660860 1.5682519 1.5299126 1.2917490 1.4192590 1.3356484 1.2447060 1.2795410 1.4055398 1.4908134 1.4958409 1.3979386 1.5670623 1.3166303 1.8088098 1.4628709 1.0831702 1.3847468 1.2692796 1.3504905 1.6974348 1.6561706 1.2520886 1.2671595 1.4991747 1.2933363 1.2817345 1.3894762 1.4761636 1.5177700 1.5016443 1.5096447 1.2079166 1.4932490 2.4793913 1.3525438 1.0928718 1.4071035 1.3479663 1.3335902 1.4472331 0.2361777 0.0000000 1.5216116 1.3862239 1.6648223 1.6474818 1.7112138 1.7474540 1.5120846 1.7435370 1.5272465 1.4063677 1.6193067 1.5127998 1.6934975 1.8100505 1.7166022 2.0725155 1.7789020 1.9010441 1.4691126 2.0728661 1.7282339 1.7120057 1.4387324 
Dpul_mRNA390                                           1.8291737 1.9174609 1.8978251 1.7468110 1.5020964 1.8221023 1.4545954 1.8945369 1.6304134 2.0063494 1.7998619 1.8114323 1.6108140 1.6392145 1.8287279 1.8731316 1.8423239 1.7145582 1.9101499 1.7450872 2.0227563 1.8362393 1.4949795 1.5430683 1.5964344 1.6551534 1.7859439 1.7473355 1.4347629 1.3373887 1.9594279 1.8670147 1.8442857 1.8891050 1.9968277 2.0450438 2.0929953 2.1049725 1.4614929 1.9915325 3.1064566 1.5569237 1.3080750 1.8218644 1.5263637 1.3750229 1.6476471 2.7075230 1.5216116 0.0000000 1.1381969 1.9670735 1.9582995 1.7621320 1.7988554 1.8034922 2.1917760 1.7665621 1.5894116 1.7212397 1.7949613 1.8927111 2.1132961 1.8570826 2.2505795 2.2149220 2.1181453 1.9996211 2.3828275 2.1789382 2.0592456 2.9471025 
Tcas_TC000219_001                                      1.7009092 1.9640802 2.0053364 1.8160348 1.6886911 1.6437241 1.4492530 1.9635822 1.7832004 1.8292540 1.7953729 1.3876642 1.4640345 1.4698137 1.6595793 1.7013673 1.5002252 1.5155308 1.7666095 1.6759866 2.2547779 1.6823778 1.5769105 1.3744114 1.7488179 1.3903599 1.8370925 1.6500231 1.5908728 1.3186197 1.7708564 1.5320190 1.6532752 1.7002289 1.9033245 1.9266303 1.8621296 1.8749665 1.4100963 1.8709203 2.7787514 1.5133703 1.3899073 1.7104435 1.5477901 1.3019587 1.6476728 2.9157124 1.3862239 1.1381969 0.0000000 1.9524257 1.9490809 1.8638967 1.9036310 1.8413758 2.0391152 1.7062930 1.5721818 1.7743340 1.8430101 1.8844517 2.0283011 1.8420054 2.2371785 1.9211111 1.8513083 1.6557897 2.6248452 1.7988627 2.1354468 2.0186382 
