59
Lcom_lcpid169611                                      0.0000000 0.1062739 0.5387125 0.8630465 2.1234372 2.1651065 1.7758674 1.8647960 1.8997818 1.5075344 1.4784995 1.4187267 1.4383741 1.4456772 1.4726414 1.4476516 1.5098121 1.4534021 1.4801188 1.7612204 1.7467144 1.8362140 1.9022852 2.0025357 1.8571842 1.9912223 1.9797857 1.8555678 1.7921145 1.9333812 2.8488592 1.6761820 1.6466411 1.6881664 1.3449173 1.8449488 1.8437641 1.8415830 1.8372769 1.5926379 1.4603792 1.4506033 1.4939746 1.5931018 1.5931018 1.5438364 1.4806754 1.6621233 1.6609822 1.7871010 1.9465428 1.8866606 1.6634428 1.9151098 1.9230455 1.8895804 1.6999460 1.8470641 1.9480733 
Lcom_lcpid41635                                       0.1062739 0.0000000 0.3381945 0.6873262 2.1254681 1.5637685 1.5019311 1.5250578 1.6169116 1.4315252 1.4872904 1.4575292 1.4812733 1.4220547 1.4750504 1.5243024 1.5091951 1.5163381 1.5581169 1.5108374 1.6161987 1.5918915 1.6444244 1.7327534 1.7034543 1.6934258 1.7578353 1.7114302 1.6073039 1.2792975 1.0314411 1.2366527 1.4326193 1.9777267 1.2991251 2.2167380 1.8545686 2.2119322 2.0144685 1.6842576 1.6990523 1.6129430 1.6401383 1.6144754 1.6064883 1.6442476 1.6206214 1.6372531 1.9563135 1.9772508 1.7215738 2.0134071 1.8570244 1.4449735 1.9684974 1.9477140 2.0992195 3.2806626 1.1335117 
Gracom_Gcom_scaffold10185_01                          0.5387125 0.3381945 0.0000000 0.6462736 1.7740225 1.5621150 1.4480872 1.4829805 1.5228662 1.4005065 1.4073185 1.3791174 1.4048181 1.3447379 1.4237034 1.4529126 1.4497154 1.4360213 1.4571854 1.4836628 1.6286125 1.5240354 1.5224887 1.6780606 1.5814957 1.6367536 1.6979062 1.6966742 1.4301966 1.1655742 1.1648939 1.3253676 1.6064444 2.0138140 1.3937226 2.2737949 1.9170107 2.1655667 1.9509659 1.5484827 1.5967130 1.5502223 1.5858811 1.6059809 1.5981007 1.6427233 1.5730097 1.5866341 1.9290956 1.9445471 1.6537202 1.9401184 1.7035220 1.3751152 1.8232300 1.8294332 1.9050982 3.2223320 1.0646487 
Clacor_Ccor_C537877_01                                0.8630465 0.6873262 0.6462736 0.0000000 1.6159603 1.1909079 1.0212157 1.0469042 1.0475201 1.0225356 1.0236614 1.0490766 1.0424625 1.0148336 1.0120233 1.0920002 1.0367372 1.0795808 1.0829466 1.0525373 1.1798798 0.9837430 1.0502762 1.1552992 1.1259355 1.1635753 1.1685424 1.4546000 1.1894664 1.2311402 1.1493567 1.2664136 1.5461387 1.5010487 1.3305990 1.4902958 1.4530664 1.6006918 1.6685081 1.1404038 1.1677247 1.1613109 1.1565249 1.1250563 1.1250563 1.1480289 1.1431366 1.1444929 1.2771762 1.5645166 1.4138810 1.5165667 1.2777703 1.2438417 1.3734237 1.4583194 1.2795244 1.9189648 1.0455178 
Ctel_gnl_WGS_AMQN_CAPTEDRAFT_mRNA97266                2.1234372 2.1254681 1.7740225 1.6159603 0.0000000 0.0461775 0.4877326 0.5413511 0.5503859 0.6473674 0.7377413 0.7578347 0.8032950 0.7741276 0.8004237 0.7347886 0.7761584 0.7931865 0.7210074 0.8958471 0.7192017 0.7685923 0.8947054 1.2950407 0.8338286 1.0372312 0.9573726 1.1993217 1.1631787 1.3495596 6.2733118 1.7215609 1.6076537 1.7142554 1.4607663 1.7076658 1.5589358 1.8360876 1.8025540 0.7737537 0.7250634 0.9209746 0.9117503 0.9573019 0.9573019 0.9952928 1.0359737 1.0177874 1.2597860 1.4490868 1.7009989 1.5538456 1.4071441 1.5109488 1.5757115 0.9819024 1.2273624 1.1706352 1.5615299 
Ctel_gnl_WGS_AMQN_CAPTEDRAFT_mRNA158153               2.1651065 1.5637685 1.5621150 1.1909079 0.0461775 0.0000000 0.4954583 0.4700320 0.5394963 0.5537214 0.7028135 0.6740924 0.6859199 0.6731594 0.6909061 0.6848355 0.7861652 0.6835542 0.7260417 0.7049007 0.7184187 0.7180785 0.6955173 0.9140268 0.9143066 0.9076723 0.9574652 0.9228618 0.9975853 1.1151665 1.0446780 1.1020506 1.4724560 1.7198838 1.3696792 2.0173998 1.5097813 1.8539191 1.7578873 1.0285302 1.0421082 1.2068855 1.2088335 1.1846486 1.1808277 1.2062698 1.2229319 1.2027665 1.5541833 1.3482537 1.3774410 1.2469901 1.1058579 1.1467619 1.2267936 0.9787473 1.4829649 2.6329013 1.0013490 
Cgig_XM_011433996.3                                   1.7758674 1.5019311 1.4480872 1.0212157 0.4877326 0.4954583 0.0000000 0.3666461 0.4719054 0.4840555 0.5917044 0.5727168 0.6028637 0.5761171 0.6019098 0.6028661 0.6827644 0.5792110 0.6400749 0.6388072 0.6476052 0.6888954 0.6908989 0.8057592 0.8160850 0.7709349 0.7957542 0.7717639 1.0268400 1.0298778 0.9594789 1.0051179 1.2382024 1.6269082 1.1643606 1.8870609 1.3649168 1.6920443 1.5910238 0.9735293 0.9571220 1.1389152 1.1441373 1.1514563 1.1525040 1.1517498 1.1720040 1.1517015 1.5352053 1.2913885 1.3018648 1.2078950 1.0616124 1.0480139 1.1811470 0.9824211 1.6008159 2.5208103 1.0056113 
Acagra_model.g26682.t1                                1.8647960 1.5250578 1.4829805 1.0469042 0.5413511 0.4700320 0.3666461 0.0000000 0.5139904 0.4965869 0.6129381 0.6004705 0.6050191 0.5762002 0.6155931 0.6339385 0.7042752 0.5972192 0.6691825 0.6663929 0.6520158 0.7255076 0.6989886 0.8202790 0.8054977 0.7872215 0.8147840 0.7575173 0.8820012 0.9525512 0.9563302 1.0929831 1.5073275 1.6915814 1.1953509 1.9213403 1.4031664 1.7563415 1.6454710 1.0576527 1.0249024 1.1232531 1.1456386 1.1359740 1.1403285 1.1629923 1.1635691 1.1498013 1.5593424 1.2702794 1.2975251 1.2078766 1.0733114 1.0093126 1.1657441 0.9868549 1.5306878 2.6182630 1.0351725 
Cscu_XM_023360816.1                                   1.8997818 1.6169116 1.5228662 1.0475201 0.5503859 0.5394963 0.4719054 0.5139904 0.0000000 0.5079465 0.6065145 0.5845490 0.6056380 0.5923805 0.6025314 0.5887024 0.6632617 0.5621738 0.6189742 0.6332041 0.5957361 0.6237008 0.6365326 0.8022508 0.8118595 0.7535476 0.7994116 0.7635168 1.0194028 1.0736242 0.9879957 1.0014612 1.3419883 1.6101461 1.2308394 1.8085745 1.3448146 1.6928296 1.5502000 0.9848833 0.9684835 1.1705747 1.1779781 1.1354649 1.1387286 1.1798482 1.2239336 1.1878504 1.6145782 1.3969881 1.3975768 1.3093463 1.1375960 1.1097635 1.2649860 0.9413222 1.6257883 2.4979396 1.0176553 
Bralan_BLAG15000626_2                                 1.5075344 1.4315252 1.4005065 1.0225356 0.6473674 0.5537214 0.4840555 0.4965869 0.5079465 0.0000000 0.5697406 0.5302540 0.5611841 0.5322190 0.5495254 0.5701511 0.6611042 0.5376219 0.5772839 0.5110316 0.6421735 0.6294659 0.6273789 0.7629397 0.7378007 0.7411744 0.7642531 0.6909999 0.9015918 0.8560953 0.9288697 0.9942553 1.2056646 1.6320036 1.1540576 1.8405090 1.3268271 1.7095258 1.6565921 0.9225382 0.9346252 1.1365963 1.1414194 1.1461268 1.1493832 1.1510938 1.1517172 1.1306299 1.5353699 1.3634982 1.4609549 1.3409263 1.1073102 1.0619154 1.2168898 1.0143706 1.5323053 2.4935059 0.9605029 
Fspp_ffun1.m4.6923.m1                                 1.4784995 1.4872904 1.4073185 1.0236614 0.7377413 0.7028135 0.5917044 0.6129381 0.6065145 0.5697406 0.0000000 0.0577837 0.0709204 0.0514747 0.0874712 0.1100377 0.1200181 0.2999889 0.3266498 0.6500135 0.7426697 0.6924694 0.6796739 0.7067883 0.6827540 0.6651797 0.6841883 0.6717496 0.7703864 0.7464027 0.8376800 0.9530017 1.0580228 1.5573160 1.1010006 1.7465208 1.2870458 1.6687091 1.6405510 0.7042999 0.7554491 1.1012667 1.1071609 1.1257942 1.1303379 1.1225698 1.1489677 1.1519898 1.5004329 1.3687803 1.3366573 1.2808438 1.1264907 1.0162128 1.2103161 1.0668962 1.5299028 2.2593510 0.9173977 
Gasp_gasp1.m3.13417.m1                                1.4187267 1.4575292 1.3791174 1.0490766 0.7578347 0.6740924 0.5727168 0.6004705 0.5845490 0.5302540 0.0577837 0.0000000 0.0583625 0.0507990 0.0762079 0.0975524 0.1345324 0.2848997 0.3139034 0.6302974 0.7431523 0.7034936 0.6777027 0.6746944 0.6735264 0.6637287 0.6794120 0.6405801 0.7910801 0.7402922 0.8798754 0.9760938 1.0835653 1.6202371 1.1398641 1.8035598 1.3080972 1.7521395 1.6889406 0.7335976 0.7734237 1.0681913 1.0811012 1.0841950 1.0873410 1.0986681 1.1108256 1.1066072 1.4734833 1.2988136 1.3443029 1.2227789 1.0645732 1.0417002 1.1459694 1.0617064 1.5241096 2.3714778 0.9049619 
Spis_XP_022795128_1                                   1.4383741 1.4812733 1.4048181 1.0424625 0.8032950 0.6859199 0.6028637 0.6050191 0.6056380 0.5611841 0.0709204 0.0583625 0.0000000 0.0159679 0.0851546 0.1120344 0.1506465 0.2930047 0.3185784 0.6593100 0.7535306 0.7129805 0.6773840 0.6932783 0.6639225 0.6698014 0.6895403 0.6594519 0.7898821 0.7606002 0.8440766 0.9655289 1.0632242 1.6136982 1.1052306 1.7700143 1.3121621 1.7534811 1.6710693 0.7463391 0.7874431 1.0959476 1.1100631 1.1034905 1.1066730 1.1195680 1.1280768 1.1230953 1.4812936 1.3032511 1.3538861 1.2596788 1.0925269 1.0554977 1.1797898 1.0503824 1.5482243 2.3559218 0.8983370 
Pocdam_XM_027191376.1                                 1.4456772 1.4220547 1.3447379 1.0148336 0.7741276 0.6731594 0.5761171 0.5762002 0.5923805 0.5322190 0.0514747 0.0507990 0.0159679 0.0000000 0.0726930 0.1020133 0.1408599 0.2840969 0.3064440 0.6190048 0.7297726 0.6795690 0.6617869 0.6601083 0.6340911 0.6259496 0.6484855 0.6437709 0.7335017 0.7641939 0.8545636 0.9728036 1.0640313 1.5615039 1.1328342 1.7368777 1.2467649 1.7578487 1.6474518 0.7140420 0.7493750 1.0659360 1.0770926 1.0802314 1.0836044 1.1020244 1.0982211 1.0925244 1.4472963 1.2623250 1.2822118 1.2157112 1.0320447 0.9543782 1.1327712 1.0041562 1.5248829 2.3434575 0.9023208 
Gfas_gfas1.m1.6395.m1                                 1.4726414 1.4750504 1.4237034 1.0120233 0.8004237 0.6909061 0.6019098 0.6155931 0.6025314 0.5495254 0.0874712 0.0762079 0.0851546 0.0726930 0.0000000 0.0829988 0.1152128 0.3007931 0.3331491 0.6664762 0.7570684 0.7336872 0.7069626 0.6958393 0.6783967 0.6892656 0.7074243 0.6680126 0.7962856 0.7278176 0.8673563 0.9795590 1.0355255 1.6404720 1.1273555 1.8212378 1.2952508 1.8015543 1.7569943 0.7276262 0.7813310 1.0875641 1.1195616 1.1280593 1.1312945 1.1307553 1.1320619 1.1252386 1.4866955 1.3086666 1.3438436 1.2218836 1.0650572 1.0267681 1.1429647 1.0638376 1.5494265 2.2890217 0.9035546 
Amil_Amillepora12220-RA                               1.4476516 1.5243024 1.4529126 1.0920002 0.7347886 0.6848355 0.6028661 0.6339385 0.5887024 0.5701511 0.1100377 0.0975524 0.1120344 0.1020133 0.0829988 0.0000000 0.0422415 0.2978281 0.3304796 0.6638775 0.7577440 0.7314264 0.6936794 0.6722315 0.6434293 0.6321578 0.6549682 0.6300111 0.8247146 0.7183760 0.9119995 1.0032753 1.0542373 1.6452472 1.1077078 1.8582456 1.3394108 1.9121886 1.7915254 0.7204565 0.7831239 1.1206247 1.1361206 1.1442745 1.1477144 1.1628459 1.1659260 1.1338596 1.5282604 1.3476076 1.4200724 1.2418235 1.1099862 1.0810538 1.1994111 1.1064611 1.5899949 2.5795972 0.8713378 
Adig_XM_015905887.1                                   1.5098121 1.5091951 1.4497154 1.0367372 0.7761584 0.7861652 0.6827644 0.7042752 0.6632617 0.6611042 0.1200181 0.1345324 0.1506465 0.1408599 0.1152128 0.0422415 0.0000000 0.3582878 0.3971890 0.7281057 0.7981100 0.7750255 0.7638399 0.7895362 0.7404058 0.7248229 0.7428777 0.7715319 0.8048778 0.7098199 0.8648301 0.9630480 1.0438959 1.5425277 1.1254715 1.7642002 1.3072092 1.7686195 1.7022619 0.7592985 0.8335770 1.1651629 1.1866929 1.1845256 1.1880159 1.1915675 1.2290041 1.2245534 1.5303837 1.4658465 1.3290434 1.3517426 1.1925907 1.0159374 1.2851966 1.1118547 1.5814153 2.2905134 0.8795431 
Nvec_v1g96946                                         1.4534021 1.5163381 1.4360213 1.0795808 0.7931865 0.6835542 0.5792110 0.5972192 0.5621738 0.5376219 0.2999889 0.2848997 0.2930047 0.2840969 0.3007931 0.2978281 0.3582878 0.0000000 0.2237775 0.6273035 0.8038694 0.6908926 0.6559930 0.6648388 0.6721448 0.6489522 0.6837500 0.6423312 0.7799288 0.7104599 0.9257691 1.0017740 0.9878063 1.5693451 1.0909838 1.7570740 1.2935706 1.7809844 1.6608038 0.7686200 0.7850511 1.0564587 1.0617223 1.0612081 1.0655540 1.1016468 1.0668186 1.0496806 1.4171436 1.3188650 1.4419685 1.2410866 1.0720163 1.0711224 1.1610962 1.0581724 1.5016306 2.2422499 0.8574493 
Exapal_XM_021043113.2                                 1.4801188 1.5581169 1.4571854 1.0829466 0.7210074 0.7260417 0.6400749 0.6691825 0.6189742 0.5772839 0.3266498 0.3139034 0.3185784 0.3064440 0.3331491 0.3304796 0.3971890 0.2237775 0.0000000 0.6971659 0.7920671 0.7207797 0.7346176 0.7228931 0.6760132 0.6856922 0.6948676 0.7126636 0.7773650 0.7107278 0.9723317 0.9976927 1.0838446 1.5416420 1.1886638 1.8022126 1.2699245 1.7185253 1.6539242 0.8268187 0.8173596 1.1183521 1.1209669 1.1387752 1.1399229 1.1609656 1.1546020 1.1431988 1.4637950 1.3525212 1.4690239 1.3060389 1.1187780 1.0845540 1.2007978 1.0586800 1.5628843 2.3050563 0.8707895 
Spur_XM_030985275.1                                   1.7612204 1.5108374 1.4836628 1.0525373 0.8958471 0.7049007 0.6388072 0.6663929 0.6332041 0.5110316 0.6500135 0.6302974 0.6593100 0.6190048 0.6664762 0.6638775 0.7281057 0.6273035 0.6971659 0.0000000 0.7344459 0.7891912 0.7466927 0.8912498 0.8526101 0.8293660 0.8491110 0.7858575 1.0050283 0.9584578 0.9764930 1.0673028 1.3663253 1.6746850 1.3162973 1.8117387 1.4212745 1.6664685 1.6088400 0.9921673 1.0598810 1.2181546 1.2212425 1.2167546 1.2212630 1.2444826 1.2685060 1.2471685 1.6172124 1.4617842 1.4506791 1.4257376 1.2787235 1.1260808 1.3346789 1.1447825 1.6744608 2.3765859 1.0295479 
Dpul_mRNA24885                                        1.7467144 1.6161987 1.6286125 1.1798798 0.7192017 0.7184187 0.6476052 0.6520158 0.5957361 0.6421735 0.7426697 0.7431523 0.7535306 0.7297726 0.7570684 0.7577440 0.7981100 0.8038694 0.7920671 0.7344459 0.0000000 0.7961010 0.7655218 0.7861851 0.8349416 0.8136956 0.7944094 0.8605950 0.8950247 0.9994615 1.1369145 1.1251153 1.3348732 1.5933570 1.2894025 1.8425862 1.3814091 1.7124404 1.5942486 0.9558058 0.9866101 1.1288155 1.1245862 1.1354934 1.1390081 1.1434216 1.1474804 1.1471418 1.5094096 1.4552359 1.4331070 1.4171527 1.2931286 1.1914630 1.3592354 0.9741564 1.3929079 2.3615679 1.0372537 
Hsap_ENST00000263754                                  1.8362140 1.5918915 1.5240354 0.9837430 0.7685923 0.7180785 0.6888954 0.7255076 0.6237008 0.6294659 0.6924694 0.7034936 0.7129805 0.6795690 0.7336872 0.7314264 0.7750255 0.6908926 0.7207797 0.7891912 0.7961010 0.0000000 0.4257014 0.9067441 0.8597855 0.8751021 0.9052950 0.9426825 0.9858265 0.9657894 0.8436585 0.9585286 1.1541353 1.6065202 1.1584584 1.8585873 1.4041277 1.7263544 1.6317745 1.0792078 1.0419150 1.2267568 1.2112103 1.2516906 1.2521062 1.2311479 1.2754126 1.2671672 1.5799241 1.3648307 1.2025315 1.3020029 1.1926841 1.0430257 1.3295824 1.0568026 1.5103108 2.5906723 1.0034888 
Hsap_ENST00000225916                                  1.9022852 1.6444244 1.5224887 1.0502762 0.8947054 0.6955173 0.6908989 0.6989886 0.6365326 0.6273789 0.6796739 0.6777027 0.6773840 0.6617869 0.7069626 0.6936794 0.7638399 0.6559930 0.7346176 0.7466927 0.7655218 0.4257014 0.0000000 0.8481275 0.8322338 0.8353841 0.8378546 0.8924995 1.0373207 1.0693275 0.8581124 0.9854633 1.2672289 1.6008648 1.1817706 1.8420324 1.3766841 1.5913765 1.5230903 1.0929307 1.0763681 1.1899823 1.1824013 1.1893515 1.1938639 1.1948046 1.1625145 1.1527519 1.4863352 1.3184836 1.3017810 1.2495377 1.1836104 1.0955276 1.2980355 1.1229577 1.4800008 2.4888051 0.9470957 
Sanmal_Sma_006231-T2                                  2.0025357 1.7327534 1.6780606 1.1552992 1.2950407 0.9140268 0.8057592 0.8202790 0.8022508 0.7629397 0.7067883 0.6746944 0.6932783 0.6601083 0.6958393 0.6722315 0.7895362 0.6648388 0.7228931 0.8912498 0.7861851 0.9067441 0.8481275 0.0000000 0.2756932 0.2901053 0.3102858 0.0149332 0.7024070 0.7779083 1.3079968 1.3177760 1.8541556 1.9239149 1.7746366 2.1959260 1.6286397 2.1023181 1.8919065 1.0890269 1.0476722 1.3198775 1.3264144 1.3073052 1.3150025 1.3231108 1.3034780 1.2826333 1.7306061 1.6767025 1.6199543 1.4903911 1.4033600 1.2518448 1.4408812 1.2661710 1.7499625 2.6882697 1.0420246 
Aaur_scaffold242.g1.t2                                1.8571842 1.7034543 1.5814957 1.1259355 0.8338286 0.9143066 0.8160850 0.8054977 0.8118595 0.7378007 0.6827540 0.6735264 0.6639225 0.6340911 0.6783967 0.6434293 0.7404058 0.6721448 0.6760132 0.8526101 0.8349416 0.8597855 0.8322338 0.2756932 0.0000000 0.1405022 0.1440491 0.2204391 0.6978990 0.6086254 1.2106172 1.2180369 1.4643046 1.7672837 1.4115187 2.0284542 1.4764679 1.9943952 1.8419552 1.0038559 0.9967503 1.2166833 1.2375929 1.2100394 1.2112215 1.2050405 1.2500643 1.2354311 1.6138589 1.5821124 1.6002829 1.4624523 1.3253189 1.2307177 1.4045776 1.2240865 1.6670436 2.2921609 1.0574026 
Nemnom_g13080.t1                                      1.9912223 1.6934258 1.6367536 1.1635753 1.0372312 0.9076723 0.7709349 0.7872215 0.7535476 0.7411744 0.6651797 0.6637287 0.6698014 0.6259496 0.6892656 0.6321578 0.7248229 0.6489522 0.6856922 0.8293660 0.8136956 0.8751021 0.8353841 0.2901053 0.1405022 0.0000000 0.0538874 0.2743316 0.6886441 0.6897922 1.2594445 1.2887298 1.5891719 1.7850665 1.4762164 2.0758506 1.5842332 1.9982272 1.8294749 0.9835471 0.9751238 1.2389787 1.2562441 1.2367454 1.2396753 1.2186983 1.2607756 1.2424320 1.5961796 1.5632714 1.6629111 1.4744399 1.3225305 1.2679037 1.4113812 1.2909264 1.6102998 2.2256328 1.1163472 
Rhoesc_Res_005652-T1                                  1.9797857 1.7578353 1.6979062 1.1685424 0.9573726 0.9574652 0.7957542 0.8147840 0.7994116 0.7642531 0.6841883 0.6794120 0.6895403 0.6484855 0.7074243 0.6549682 0.7428777 0.6837500 0.6948676 0.8491110 0.7944094 0.9052950 0.8378546 0.3102858 0.1440491 0.0538874 0.0000000 0.2677739 0.7461530 0.6812830 1.2554232 1.2816064 1.5728355 1.8208495 1.5044797 2.0932677 1.6032497 2.0262688 1.8804341 0.9873751 1.0031603 1.2692635 1.2873099 1.2628281 1.2655440 1.2516071 1.2936797 1.2748561 1.6320913 1.5946158 1.6577621 1.5032967 1.3654269 1.2855681 1.4668966 1.2948218 1.6492511 2.2756017 1.0903635 
Sanmal_Sma_006227-T1                                  1.8555678 1.7114302 1.6966742 1.4546000 1.1993217 0.9228618 0.7717639 0.7575173 0.7635168 0.6909999 0.6717496 0.6405801 0.6594519 0.6437709 0.6680126 0.6300111 0.7715319 0.6423312 0.7126636 0.7858575 0.8605950 0.9426825 0.8924995 0.0149332 0.2204391 0.2743316 0.2677739 0.0000000 0.6288831 0.7857094 1.7393823 1.5008178 1.6470559 2.0152180 1.5424161 2.2499084 1.6114147 2.3556853 2.1158611 0.9854523 0.9700183 1.3829706 1.3735230 1.3590965 1.3636491 1.3626169 1.3176872 1.2923305 1.6905565 1.6328366 1.7993877 1.5030233 1.4285175 1.4044224 1.4204691 1.3421233 1.6861001 2.1719426 1.3987146 
Hvul_g14606_1                                         1.7921145 1.6073039 1.4301966 1.1894664 1.1631787 0.9975853 1.0268400 0.8820012 1.0194028 0.9015918 0.7703864 0.7910801 0.7898821 0.7335017 0.7962856 0.8247146 0.8048778 0.7799288 0.7773650 1.0050283 0.8950247 0.9858265 1.0373207 0.7024070 0.6978990 0.6886441 0.7461530 0.6288831 0.0000000 0.3942099 0.8321901 1.0083740 1.1694011 1.3655369 1.1084833 1.4917338 1.4184480 1.3434172 1.4360781 0.8739869 0.8591188 0.9670868 0.9857052 0.9759364 0.9717397 1.0477874 1.0250387 1.0345303 1.6248423 1.6229263 1.5610469 1.5226871 1.3033105 1.1529601 1.3118280 1.1437034 1.5300273 1.8067264 1.0715209 
Chem_TCONS_00011749                                   1.9333812 1.2792975 1.1655742 1.2311402 1.3495596 1.1151665 1.0298778 0.9525512 1.0736242 0.8560953 0.7464027 0.7402922 0.7606002 0.7641939 0.7278176 0.7183760 0.7098199 0.7104599 0.7107278 0.9584578 0.9994615 0.9657894 1.0693275 0.7779083 0.6086254 0.6897922 0.6812830 0.7857094 0.3942099 0.0000000 1.2815523 1.2661485 1.4478678 1.1816538 1.3503285 1.3174133 1.1980897 1.3753723 1.3753723 0.6985340 0.7306215 0.9613664 0.9747832 0.9675849 0.9675849 1.0044249 0.9332293 0.9425571 0.9895967 1.4408347 1.4453185 1.3786208 1.2101879 1.2645791 1.2645791 1.1358611 1.0159825 0.6844531 1.1488259 
Vmul_sbMO389409                                       2.8488592 1.0314411 1.1648939 1.1493567 6.2733118 1.0446780 0.9594789 0.9563302 0.9879957 0.9288697 0.8376800 0.8798754 0.8440766 0.8545636 0.8673563 0.9119995 0.8648301 0.9257691 0.9723317 0.9764930 1.1369145 0.8436585 0.8581124 1.3079968 1.2106172 1.2594445 1.2554232 1.7393823 0.8321901 1.2815523 0.0000000 0.0000010 0.0467193 0.2745197 0.3674146 0.4077909 0.3772874 0.3313861 0.3313861 0.8591691 0.8752683 0.9250725 0.9381100 0.9103491 0.9103491 0.9476656 0.9072679 0.9235893 0.9234158 1.4518402 1.4132141 1.3077122 1.0749393 1.1645014 1.1645014 1.2041039 1.0445600 1.6154749 1.1763391 
Mlei_ML0797.g10.i1                                    1.6761820 1.2366527 1.3253676 1.2664136 1.7215609 1.1020506 1.0051179 1.0929831 1.0014612 0.9942553 0.9530017 0.9760938 0.9655289 0.9728036 0.9795590 1.0032753 0.9630480 1.0017740 0.9976927 1.0673028 1.1251153 0.9585286 0.9854633 1.3177760 1.2180369 1.2887298 1.2816064 1.5008178 1.0083740 1.2661485 0.0000010 0.0000000 0.0368813 0.2583039 0.3307438 0.4266471 0.3400475 0.3070228 0.3059679 0.9312733 0.9481659 1.0436977 1.0597124 1.0451048 1.0451048 1.1254339 1.0470272 1.0599774 1.1874840 1.5655979 1.5245432 1.4204827 1.2146989 1.3232551 1.3232551 1.2242342 1.1647362 1.7217377 1.3426018 
Bolinf_Binf_sb1213098                                 1.6466411 1.4326193 1.6064444 1.5461387 1.6076537 1.4724560 1.2382024 1.5073275 1.3419883 1.2056646 1.0580228 1.0835653 1.0632242 1.0640313 1.0355255 1.0542373 1.0438959 0.9878063 1.0838446 1.3663253 1.3348732 1.1541353 1.2672289 1.8541556 1.4643046 1.5891719 1.5728355 1.6470559 1.1694011 1.4478678 0.0467193 0.0368813 0.0000000 0.3155092 0.4051919 0.5316366 0.3990639 0.4579789 0.4579789 1.0956599 1.1889606 1.1174490 1.1520763 1.1453516 1.1453516 1.2858769 1.1409031 1.1731702 1.1264354 1.6263872 1.6135637 1.4845581 1.4758762 1.5634014 1.5634014 1.4001206 1.3348495 1.5368010 1.7009630 
Lampan_Lpan_3679_01                                   1.6881664 1.9777267 2.0138140 1.5010487 1.7142554 1.7198838 1.6269082 1.6915814 1.6101461 1.6320036 1.5573160 1.6202371 1.6136982 1.5615039 1.6404720 1.6452472 1.5425277 1.5693451 1.5416420 1.6746850 1.5933570 1.6065202 1.6008648 1.9239149 1.7672837 1.7850665 1.8208495 2.0152180 1.3655369 1.1816538 0.2745197 0.2583039 0.3155092 0.0000000 0.2475456 0.6603157 0.3972198 0.7217250 0.6450372 1.5738964 1.6189507 1.7780028 1.7871644 1.7539667 1.7589182 1.8117163 1.7510937 1.7632876 1.8964934 2.1845230 1.8624055 2.0918717 1.9310154 1.5010232 1.9936506 1.7645582 1.9077202 3.2880196 1.3121963 
Mertsp_Mesp_sb621279                                  1.3449173 1.2991251 1.3937226 1.3305990 1.4607663 1.3696792 1.1643606 1.1953509 1.2308394 1.1540576 1.1010006 1.1398641 1.1052306 1.1328342 1.1273555 1.1077078 1.1254715 1.0909838 1.1886638 1.3162973 1.2894025 1.1584584 1.1817706 1.7746366 1.4115187 1.4762164 1.5044797 1.5424161 1.1084833 1.3503285 0.3674146 0.3307438 0.4051919 0.2475456 0.0000000 0.3974434 0.3431222 0.4596775 0.4596775 1.1462518 1.1769585 1.1315604 1.1693275 1.1556950 1.1556950 1.2264411 1.1298430 1.1631724 1.1267940 1.3583358 1.4120012 1.3770775 1.2509664 1.4034785 1.4034785 1.3757200 1.2618430 1.2938242 1.4300728 
Vmul_SimC403880                                       1.8449488 2.2167380 2.2737949 1.4902958 1.7076658 2.0173998 1.8870609 1.9213403 1.8085745 1.8405090 1.7465208 1.8035598 1.7700143 1.7368777 1.8212378 1.8582456 1.7642002 1.7570740 1.8022126 1.8117387 1.8425862 1.8585873 1.8420324 2.1959260 2.0284542 2.0758506 2.0932677 2.2499084 1.4917338 1.3174133 0.4077909 0.4266471 0.5316366 0.6603157 0.3974434 0.0000000 0.2894988 0.9688989 0.8875482 1.7303386 1.8281271 1.9247273 1.9131098 1.8882742 1.8891418 1.9663483 1.8660802 1.8662121 2.2262516 2.5757941 1.9863985 2.3932651 2.1940211 1.5394429 2.2002496 1.9732122 2.2118528 3.5710536 1.3005944 
Coeast_Cast_sb791030                                  1.8437641 1.8545686 1.9170107 1.4530664 1.5589358 1.5097813 1.3649168 1.4031664 1.3448146 1.3268271 1.2870458 1.3080972 1.3121621 1.2467649 1.2952508 1.3394108 1.3072092 1.2935706 1.2699245 1.4212745 1.3814091 1.4041277 1.3766841 1.6286397 1.4764679 1.5842332 1.6032497 1.6114147 1.4184480 1.1980897 0.3772874 0.3400475 0.3990639 0.3972198 0.3431222 0.2894988 0.0000000 0.5409289 0.6060891 1.3772231 1.4411382 1.4592649 1.4747296 1.4352694 1.4348867 1.5768114 1.4847066 1.4955386 1.7615073 2.1155419 1.8586759 1.8641886 1.6729558 1.4671842 1.6821815 1.4106491 1.6004911 2.6423088 1.1911565 
Pbac_sb2647674                                        1.8415830 2.2119322 2.1655667 1.6006918 1.8360876 1.8539191 1.6920443 1.7563415 1.6928296 1.7095258 1.6687091 1.7521395 1.7534811 1.7578487 1.8015543 1.9121886 1.7686195 1.7809844 1.7185253 1.6664685 1.7124404 1.7263544 1.5913765 2.1023181 1.9943952 1.9982272 2.0262688 2.3556853 1.3434172 1.3753723 0.3313861 0.3070228 0.4579789 0.7217250 0.4596775 0.9688989 0.5409289 0.0000000 0.1491483 1.7072252 1.7585162 1.9475770 1.9373249 1.9170085 1.9098325 2.0190027 1.9047811 1.9015354 1.9070715 2.1275808 1.5662024 2.0433742 1.8169417 1.3759396 1.9408763 1.8250836 1.8915989 3.2044497 1.4020389 
Horcal_Hcv1.av93.c1.g146.i1                           1.8372769 2.0144685 1.9509659 1.6685081 1.8025540 1.7578873 1.5910238 1.6454710 1.5502000 1.6565921 1.6405510 1.6889406 1.6710693 1.6474518 1.7569943 1.7915254 1.7022619 1.6608038 1.6539242 1.6088400 1.5942486 1.6317745 1.5230903 1.8919065 1.8419552 1.8294749 1.8804341 2.1158611 1.4360781 1.3753723 0.3313861 0.3059679 0.4579789 0.6450372 0.4596775 0.8875482 0.6060891 0.1491483 0.0000000 1.6374912 1.6793911 1.8351914 1.8652097 1.8185213 1.8241820 1.8758135 1.8368316 1.8353591 1.9171200 2.0867539 1.7211709 1.9855909 1.8558345 1.5384158 1.9452240 1.8282621 2.0457592 3.3613196 1.4020389 
Dgig_XM_028555756.1                                   1.5926379 1.6842576 1.5484827 1.1404038 0.7737537 1.0285302 0.9735293 1.0576527 0.9848833 0.9225382 0.7042999 0.7335976 0.7463391 0.7140420 0.7276262 0.7204565 0.7592985 0.7686200 0.8268187 0.9921673 0.9558058 1.0792078 1.0929307 1.0890269 1.0038559 0.9835471 0.9873751 0.9854523 0.8739869 0.6985340 0.8591691 0.9312733 1.0956599 1.5738964 1.1462518 1.7303386 1.3772231 1.7072252 1.6374912 0.0000000 0.3173682 1.1217066 1.1330083 1.1308290 1.1352308 1.1317269 1.1614703 1.1620959 1.6725562 1.5846368 1.4916112 1.5414331 1.3006220 1.0746783 1.3964572 1.2839845 1.7070003 2.4667890 0.9916889 
Xesp_025035-T1                                        1.4603792 1.6990523 1.5967130 1.1677247 0.7250634 1.0421082 0.9571220 1.0249024 0.9684835 0.9346252 0.7554491 0.7734237 0.7874431 0.7493750 0.7813310 0.7831239 0.8335770 0.7850511 0.8173596 1.0598810 0.9866101 1.0419150 1.0763681 1.0476722 0.9967503 0.9751238 1.0031603 0.9700183 0.8591188 0.7306215 0.8752683 0.9481659 1.1889606 1.6189507 1.1769585 1.8281271 1.4411382 1.7585162 1.6793911 0.3173682 0.0000000 1.2010223 1.2276621 1.2147027 1.2174118 1.2418368 1.2293069 1.2318510 1.7223881 1.6083877 1.4488433 1.5419943 1.2947453 1.1110846 1.4012862 1.2761659 1.6647352 2.4319237 0.9375810 
HoiH23_PlH23_005665-RA                                1.4506033 1.6129430 1.5502223 1.1613109 0.9209746 1.2068855 1.1389152 1.1232531 1.1705747 1.1365963 1.1012667 1.0681913 1.0959476 1.0659360 1.0875641 1.1206247 1.1651629 1.0564587 1.1183521 1.2181546 1.1288155 1.2267568 1.1899823 1.3198775 1.2166833 1.2389787 1.2692635 1.3829706 0.9670868 0.9613664 0.9250725 1.0436977 1.1174490 1.7780028 1.1315604 1.9247273 1.4592649 1.9475770 1.8351914 1.1217066 1.2010223 0.0000000 0.0426500 0.1143380 0.1143624 0.1471838 0.2029777 0.2185277 1.5761779 1.6736172 1.5094063 1.5797635 1.3831271 1.2747530 1.5229333 1.3920216 1.6135794 2.9699930 0.9277338 
HoiH06_mRNA298                                        1.4939746 1.6401383 1.5858811 1.1565249 0.9117503 1.2088335 1.1441373 1.1456386 1.1779781 1.1414194 1.1071609 1.0811012 1.1100631 1.0770926 1.1195616 1.1361206 1.1866929 1.0617223 1.1209669 1.2212425 1.1245862 1.2112103 1.1824013 1.3264144 1.2375929 1.2562441 1.2873099 1.3735230 0.9857052 0.9747832 0.9381100 1.0597124 1.1520763 1.7871644 1.1693275 1.9131098 1.4747296 1.9373249 1.8652097 1.1330083 1.2276621 0.0426500 0.0000000 0.1111955 0.1112191 0.1442402 0.1864562 0.1975050 1.5962792 1.7094279 1.4976159 1.6445935 1.4029680 1.2686363 1.5501691 1.3730570 1.6155213 2.9625616 0.9030278 
Hhon_g08388.t1                                        1.5931018 1.6144754 1.6059809 1.1250563 0.9573019 1.1846486 1.1514563 1.1359740 1.1354649 1.1461268 1.1257942 1.0841950 1.1034905 1.0802314 1.1280593 1.1442745 1.1845256 1.0612081 1.1387752 1.2167546 1.1354934 1.2516906 1.1893515 1.3073052 1.2100394 1.2367454 1.2628281 1.3590965 0.9759364 0.9675849 0.9103491 1.0451048 1.1453516 1.7539667 1.1556950 1.8882742 1.4352694 1.9170085 1.8185213 1.1308290 1.2147027 0.1143380 0.1111955 0.0000000 0.0028661 0.1488294 0.1978332 0.2093621 1.5829654 1.7117285 1.5621538 1.6187969 1.3775207 1.2914019 1.5685031 1.3718827 1.6213618 3.0010704 0.9147740 
HoiH04_mRNA13669                                      1.5931018 1.6064883 1.5981007 1.1250563 0.9573019 1.1808277 1.1525040 1.1403285 1.1387286 1.1493832 1.1303379 1.0873410 1.1066730 1.0836044 1.1312945 1.1477144 1.1880159 1.0655540 1.1399229 1.2212630 1.1390081 1.2521062 1.1938639 1.3150025 1.2112215 1.2396753 1.2655440 1.3636491 0.9717397 0.9675849 0.9103491 1.0451048 1.1453516 1.7589182 1.1556950 1.8891418 1.4348867 1.9098325 1.8241820 1.1352308 1.2174118 0.1143624 0.1112191 0.0028661 0.0000000 0.1488637 0.2013582 0.2130224 1.5824950 1.7066550 1.5616142 1.6196934 1.3744453 1.2934065 1.5694690 1.3654704 1.6179392 2.9915764 0.9147740 
HoiH11_mRNA2097                                       1.5438364 1.6442476 1.6427233 1.1480289 0.9952928 1.2062698 1.1517498 1.1629923 1.1798482 1.1510938 1.1225698 1.0986681 1.1195680 1.1020244 1.1307553 1.1628459 1.1915675 1.1016468 1.1609656 1.2444826 1.1434216 1.2311479 1.1948046 1.3231108 1.2050405 1.2186983 1.2516071 1.3626169 1.0477874 1.0044249 0.9476656 1.1254339 1.2858769 1.8117163 1.2264411 1.9663483 1.5768114 2.0190027 1.8758135 1.1317269 1.2418368 0.1471838 0.1442402 0.1488294 0.1488637 0.0000000 0.1866527 0.1972212 1.6340990 1.7199070 1.5592393 1.6529793 1.3910645 1.3122975 1.5786625 1.4060892 1.6828178 2.8985754 0.8752872 
TrH2_TrispH2_008585-RA                                1.4806754 1.6206214 1.5730097 1.1431366 1.0359737 1.2229319 1.1720040 1.1635691 1.2239336 1.1517172 1.1489677 1.1108256 1.1280768 1.0982211 1.1320619 1.1659260 1.2290041 1.0668186 1.1546020 1.2685060 1.1474804 1.2754126 1.1625145 1.3034780 1.2500643 1.2607756 1.2936797 1.3176872 1.0250387 0.9332293 0.9072679 1.0470272 1.1409031 1.7510937 1.1298430 1.8660802 1.4847066 1.9047811 1.8368316 1.1614703 1.2293069 0.2029777 0.1864562 0.1978332 0.2013582 0.1866527 0.0000000 0.0118413 1.6021526 1.6863744 1.5090559 1.6017694 1.3552551 1.2346271 1.5155389 1.4046403 1.7070894 3.0164968 0.9536413 
Tadh_TriadT22087                                      1.6621233 1.6372531 1.5866341 1.1444929 1.0177874 1.2027665 1.1517015 1.1498013 1.1878504 1.1306299 1.1519898 1.1066072 1.1230953 1.0925244 1.1252386 1.1338596 1.2245534 1.0496806 1.1431988 1.2471685 1.1471418 1.2671672 1.1527519 1.2826333 1.2354311 1.2424320 1.2748561 1.2923305 1.0345303 0.9425571 0.9235893 1.0599774 1.1731702 1.7632876 1.1631724 1.8662121 1.4955386 1.9015354 1.8353591 1.1620959 1.2318510 0.2185277 0.1975050 0.2093621 0.2130224 0.1972212 0.0118413 0.0000000 1.6287668 1.6976445 1.5471623 1.6214053 1.3677617 1.2584400 1.5214822 1.4113495 1.6853079 2.9972595 0.9688924 
Plajan_Pjan_C569656_01                                1.6609822 1.9563135 1.9290956 1.2771762 1.2597860 1.5541833 1.5352053 1.5593424 1.6145782 1.5353699 1.5004329 1.4734833 1.4812936 1.4472963 1.4866955 1.5282604 1.5303837 1.4171436 1.4637950 1.6172124 1.5094096 1.5799241 1.4863352 1.7306061 1.6138589 1.5961796 1.6320913 1.6905565 1.6248423 0.9895967 0.9234158 1.1874840 1.1264354 1.8964934 1.1267940 2.2262516 1.7615073 1.9070715 1.9171200 1.6725562 1.7223881 1.5761779 1.5962792 1.5829654 1.5824950 1.6340990 1.6021526 1.6287668 0.0000000 1.8370315 1.3715199 1.7362204 1.6984759 1.2460149 1.7735994 1.8357517 1.1172059 3.3017644 0.6228965 
Aque_Aqu2.1.41089_001                                 1.7871010 1.9772508 1.9445471 1.5645166 1.4490868 1.3482537 1.2913885 1.2702794 1.3969881 1.3634982 1.3687803 1.2988136 1.3032511 1.2623250 1.3086666 1.3476076 1.4658465 1.3188650 1.3525212 1.4617842 1.4552359 1.3648307 1.3184836 1.6767025 1.5821124 1.5632714 1.5946158 1.6328366 1.6229263 1.4408347 1.4518402 1.5655979 1.6263872 2.1845230 1.3583358 2.5757941 2.1155419 2.1275808 2.0867539 1.5846368 1.6083877 1.6736172 1.7094279 1.7117285 1.7066550 1.7199070 1.6863744 1.6976445 1.8370315 0.0000000 0.2807223 0.3613450 0.6526394 0.7683172 0.7013046 1.5882225 1.8240831 3.2721056 1.4723256 
Halamb_c53733_g1_i4mm.5405                            1.9465428 1.7215738 1.6537202 1.4138810 1.7009989 1.3774410 1.3018648 1.2975251 1.3975768 1.4609549 1.3366573 1.3443029 1.3538861 1.2822118 1.3438436 1.4200724 1.3290434 1.4419685 1.4690239 1.4506791 1.4331070 1.2025315 1.3017810 1.6199543 1.6002829 1.6629111 1.6577621 1.7993877 1.5610469 1.4453185 1.4132141 1.5245432 1.6135637 1.8624055 1.4120012 1.9863985 1.8586759 1.5662024 1.7211709 1.4916112 1.4488433 1.5094063 1.4976159 1.5621538 1.5616142 1.5592393 1.5090559 1.5471623 1.3715199 0.2807223 0.0000000 0.3173685 0.6976210 0.7126400 0.7248641 1.5637593 1.3985492 2.1676562 1.3729268 
Xestes_maker-XT_scaffold219-augustus-gene-0.34-mRNA-1 1.8866606 2.0134071 1.9401184 1.5165667 1.5538456 1.2469901 1.2078950 1.2078766 1.3093463 1.3409263 1.2808438 1.2227789 1.2596788 1.2157112 1.2218836 1.2418235 1.3517426 1.2410866 1.3060389 1.4257376 1.4171527 1.3020029 1.2495377 1.4903911 1.4624523 1.4744399 1.5032967 1.5030233 1.5226871 1.3786208 1.3077122 1.4204827 1.4845581 2.0918717 1.3770775 2.3932651 1.8641886 2.0433742 1.9855909 1.5414331 1.5419943 1.5797635 1.6445935 1.6187969 1.6196934 1.6529793 1.6017694 1.6214053 1.7362204 0.3613450 0.3173685 0.0000000 0.5655689 0.6780801 0.6147228 1.5948391 1.7174699 3.0893323 1.2398897 
Stycar_maker-SC_scaffold659-augustus-gene-0.29-mRNA-1 1.6634428 1.8570244 1.7035220 1.2777703 1.4071441 1.1058579 1.0616124 1.0733114 1.1375960 1.1073102 1.1264907 1.0645732 1.0925269 1.0320447 1.0650572 1.1099862 1.1925907 1.0720163 1.1187780 1.2787235 1.2931286 1.1926841 1.1836104 1.4033600 1.3253189 1.3225305 1.3654269 1.4285175 1.3033105 1.2101879 1.0749393 1.2146989 1.4758762 1.9310154 1.2509664 2.1940211 1.6729558 1.8169417 1.8558345 1.3006220 1.2947453 1.3831271 1.4029680 1.3775207 1.3744453 1.3910645 1.3552551 1.3677617 1.6984759 0.6526394 0.6976210 0.5655689 0.0000000 0.4075515 0.4057606 1.4292665 1.7386145 2.7027161 1.0804462 
Spolac_c103810_g1_i2_m.36339c103810-g1                1.9151098 1.4449735 1.3751152 1.2438417 1.5109488 1.1467619 1.0480139 1.0093126 1.1097635 1.0619154 1.0162128 1.0417002 1.0554977 0.9543782 1.0267681 1.0810538 1.0159374 1.0711224 1.0845540 1.1260808 1.1914630 1.0430257 1.0955276 1.2518448 1.2307177 1.2679037 1.2855681 1.4044224 1.1529601 1.2645791 1.1645014 1.3232551 1.5634014 1.5010232 1.4034785 1.5394429 1.4671842 1.3759396 1.5384158 1.0746783 1.1110846 1.2747530 1.2686363 1.2914019 1.2934065 1.3122975 1.2346271 1.2584400 1.2460149 0.7683172 0.7126400 0.6780801 0.4075515 0.0000000 0.0000010 1.2965552 1.1717961 1.6649223 1.1853417 
Spolac_c103810_g1_i3_m.36341c103810-g1                1.9230455 1.9684974 1.8232300 1.3734237 1.5757115 1.2267936 1.1811470 1.1657441 1.2649860 1.2168898 1.2103161 1.1459694 1.1797898 1.1327712 1.1429647 1.1994111 1.2851966 1.1610962 1.2007978 1.3346789 1.3592354 1.3295824 1.2980355 1.4408812 1.4045776 1.4113812 1.4668966 1.4204691 1.3118280 1.2645791 1.1645014 1.3232551 1.5634014 1.9936506 1.4034785 2.2002496 1.6821815 1.9408763 1.9452240 1.3964572 1.4012862 1.5229333 1.5501691 1.5685031 1.5694690 1.5786625 1.5155389 1.5214822 1.7735994 0.7013046 0.7248641 0.6147228 0.4057606 0.0000010 0.0000000 1.4646856 1.7773404 2.7533446 1.1853417 
Tcas_TC014774_001                                     1.8895804 1.9477140 1.8294332 1.4583194 0.9819024 0.9787473 0.9824211 0.9868549 0.9413222 1.0143706 1.0668962 1.0617064 1.0503824 1.0041562 1.0638376 1.1064611 1.1118547 1.0581724 1.0586800 1.1447825 0.9741564 1.0568026 1.1229577 1.2661710 1.2240865 1.2909264 1.2948218 1.3421233 1.1437034 1.1358611 1.2041039 1.2242342 1.4001206 1.7645582 1.3757200 1.9732122 1.4106491 1.8250836 1.8282621 1.2839845 1.2761659 1.3920216 1.3730570 1.3718827 1.3654704 1.4060892 1.4046403 1.4113495 1.8357517 1.5882225 1.5637593 1.5948391 1.4292665 1.2965552 1.4646856 0.0000000 1.7802797 2.8652622 1.2098315 
Opea_EP00118_Oscarella_pearsei_P018230                1.6999460 2.0992195 1.9050982 1.2795244 1.2273624 1.4829649 1.6008159 1.5306878 1.6257883 1.5323053 1.5299028 1.5241096 1.5482243 1.5248829 1.5494265 1.5899949 1.5814153 1.5016306 1.5628843 1.6744608 1.3929079 1.5103108 1.4800008 1.7499625 1.6670436 1.6102998 1.6492511 1.6861001 1.5300273 1.0159825 1.0445600 1.1647362 1.3348495 1.9077202 1.2618430 2.2118528 1.6004911 1.8915989 2.0457592 1.7070003 1.6647352 1.6135794 1.6155213 1.6213618 1.6179392 1.6828178 1.7070894 1.6853079 1.1172059 1.8240831 1.3985492 1.7174699 1.7386145 1.1717961 1.7773404 1.7802797 0.0000000 3.3667940 0.0994858 
Morvir_scaffold81.g59.t1                              1.8470641 3.2806626 3.2223320 1.9189648 1.1706352 2.6329013 2.5208103 2.6182630 2.4979396 2.4935059 2.2593510 2.3714778 2.3559218 2.3434575 2.2890217 2.5795972 2.2905134 2.2422499 2.3050563 2.3765859 2.3615679 2.5906723 2.4888051 2.6882697 2.2921609 2.2256328 2.2756017 2.1719426 1.8067264 0.6844531 1.6154749 1.7217377 1.5368010 3.2880196 1.2938242 3.5710536 2.6423088 3.2044497 3.3613196 2.4667890 2.4319237 2.9699930 2.9625616 3.0010704 2.9915764 2.8985754 3.0164968 2.9972595 3.3017644 3.2721056 2.1676562 3.0893323 2.7027161 1.6649223 2.7533446 2.8652622 3.3667940 0.0000000 1.1990622 
Ocar_g875                                             1.9480733 1.1335117 1.0646487 1.0455178 1.5615299 1.0013490 1.0056113 1.0351725 1.0176553 0.9605029 0.9173977 0.9049619 0.8983370 0.9023208 0.9035546 0.8713378 0.8795431 0.8574493 0.8707895 1.0295479 1.0372537 1.0034888 0.9470957 1.0420246 1.0574026 1.1163472 1.0903635 1.3987146 1.0715209 1.1488259 1.1763391 1.3426018 1.7009630 1.3121963 1.4300728 1.3005944 1.1911565 1.4020389 1.4020389 0.9916889 0.9375810 0.9277338 0.9030278 0.9147740 0.9147740 0.8752872 0.9536413 0.9688924 0.6228965 1.4723256 1.3729268 1.2398897 1.0804462 1.1853417 1.1853417 1.2098315 0.0994858 1.1990622 0.0000000 
