93
Nvec_v1g5716                                            0.0000000 0.0603148 0.1731478 0.1778290 0.2015939 0.2253075 0.1789211 0.1991009 0.2263507 0.2263507 0.2067974 0.2604569 0.2988763 0.2863133 0.2903194 0.3280655 0.2773466 0.3491295 0.0000010 0.0000010 0.0000010 0.7915711 0.3979990 0.3115795 0.3979990 0.3979990 0.4488365 0.4873889 0.3958277 0.4302309 0.4957912 0.0000010 0.4602565 0.0000010 0.0000010 0.3841211 0.0000010 0.0000010 0.6644566 0.6644566 0.0000010 0.0000010 0.0000010 0.0000010 0.0000010 0.0000010 0.0000010 0.7361974 0.7919233 0.7894329 0.7751464 0.7361974 2.0685054 0.0000010 0.5272677 0.6684895 0.6974840 0.6974840 0.7261376 0.0000010 1.0088572 0.3757320 0.4916058 0.5008155 0.5436118 0.7486696 0.5269601 0.6283556 0.6283556 0.6440339 0.6790356 0.6790356 1.7202512 0.6035740 0.6987356 0.6530943 0.0000010 0.5823479 0.0000010 4.1046576 3.9527939 1.2955908 1.2870980 1.2870980 2.0401288 1.8739833 1.3412829 0.4625712 3.4428211 0.0000010 4.0106897 0.2953958 8.9999985 
Nvec_NVE19379                                           0.0603148 0.0000000 0.2086179 0.2635915 0.2479024 0.2515710 0.2561991 0.2846553 0.2180862 0.1893434 0.4250635 0.4337915 0.3838621 0.3768879 0.4324047 0.4591234 0.5055917 0.5597637 0.9669564 1.0120102 0.8864138 0.9235057 0.7107096 0.7596246 0.6646062 0.6655583 0.2308918 0.6192680 0.6331600 0.4715670 0.6546293 1.0839702 0.6758203 1.0211917 0.9361158 0.6786739 0.8116851 0.9392861 1.1583147 1.1647443 1.1150099 0.8475272 0.9255845 1.0125382 0.8943153 0.9008800 0.7208985 1.1954034 0.4928592 0.4482652 0.5307133 1.1408709 1.3097958 1.4655953 0.8125306 0.3664843 0.9378379 0.4542012 0.8960943 0.6403449 0.6594907 0.6125145 0.7188696 0.6583556 0.7684967 0.9938015 0.8205644 0.8093953 0.8213080 0.8222651 0.7728449 0.7277418 0.9576351 0.9025608 1.0011737 0.8207745 1.3438356 0.8709888 1.4679265 1.1655602 1.3411059 1.2855312 1.2909274 1.7069737 1.9553241 2.1181172 1.9462231 0.4622051 2.8611342 3.5624913 3.0120390 1.6714832 6.9134279 
Exapal_XM_021051824.2                                   0.1731478 0.2086179 0.0000000 0.2012862 0.1926879 0.2154440 0.1997023 0.1914070 0.1970974 0.1954581 0.3931020 0.3789344 0.3874715 0.3704182 0.3917803 0.4414302 0.4623497 0.6088451 0.8661885 0.9340832 0.8156472 0.8373948 0.6918683 0.7340225 0.6577787 0.6424251 0.2168383 0.5939490 0.5890426 0.4566367 0.6524278 0.9384198 0.6361667 0.9852833 0.8852448 0.6524667 0.7525519 0.8828590 1.0109411 1.0163094 0.9689097 0.7937225 0.8364490 0.9150483 0.8790412 0.9099954 0.7364483 1.1426777 0.5120590 0.4663241 0.5520870 1.1135367 1.2681614 1.4203211 0.8395084 0.3828282 0.9186231 0.4896229 0.9357781 0.3917291 0.5935667 0.5350915 0.6378546 0.6622274 0.7237311 0.9894249 0.7978045 0.7842654 0.7943198 0.7967683 0.7376532 0.6724781 1.0248956 0.9026763 0.9921986 0.8712759 1.2426406 0.8178981 1.3769006 1.0084014 1.2352093 1.3029851 1.2903861 1.6269359 1.8862346 2.0886732 1.9965626 0.4886848 2.7582845 3.5504378 2.7425766 1.6154582 5.7799322 
Fspp_ffun1.m4.25113.m1                                  0.1778290 0.2635915 0.2012862 0.0000000 0.0664019 0.0851284 0.0763604 0.0772787 0.1111669 0.1088009 0.4195873 0.4099029 0.3816622 0.3768250 0.3953106 0.4378613 0.4513107 0.5801890 0.8212145 0.8682606 0.7363598 0.7605082 0.6598669 0.7183232 0.6327510 0.6146283 0.2261038 0.5726147 0.5821625 0.4635070 0.6513391 0.8345764 0.6075451 0.8883298 0.8299224 0.6907417 0.9515752 0.8741712 1.0074012 0.9943185 0.9657865 0.7238660 0.7827956 0.8439622 0.8094611 0.8366585 0.7591091 1.1355072 0.5189617 0.4600213 0.5452310 1.0851851 1.2379137 1.2630619 0.8102163 0.3836610 0.8745746 0.4734606 0.8695536 0.3844993 0.5727474 0.5164232 0.6414675 0.6391101 0.6925078 0.9717116 0.7990124 0.7963786 0.8060912 0.8075399 0.7318727 0.6654211 0.9935614 0.9149402 0.9521538 0.8158141 1.1650353 0.8117317 1.4096160 0.9401243 1.1994050 1.3521296 1.2183660 1.5698073 1.9159878 2.0446320 1.9311084 0.4601349 2.7697448 3.8950802 2.8865158 1.7807569 5.8992830 
Gasp_gasp1.m3.955.m1                                    0.2015939 0.2479024 0.1926879 0.0664019 0.0000000 0.0742383 0.0911582 0.1111286 0.0964796 0.0860989 0.4156359 0.3919443 0.3769694 0.3570125 0.3996319 0.4269327 0.4477331 0.5615464 0.8055438 0.8708992 0.7520272 0.7760919 0.6578481 0.7060116 0.6222998 0.6052912 0.2241717 0.5735283 0.5785740 0.4732273 0.6545568 0.8435792 0.6140116 0.9254749 0.8703386 0.6816662 0.9270468 0.8557768 0.9615054 0.9488265 0.9182404 0.6863314 0.7647753 0.8342813 0.7929234 0.8586795 0.7547502 1.1356830 0.5345582 0.4692438 0.5565313 1.0829127 1.2266040 1.2477971 0.7938189 0.3836610 0.8498398 0.4655123 0.8740232 0.3900954 0.5464928 0.5051761 0.6318370 0.6220631 0.6819819 0.9432113 0.7889693 0.7843861 0.7943363 0.7968069 0.7287321 0.6622826 0.9753222 0.9041126 0.9552243 0.8048421 1.2139004 0.8109444 1.3954003 0.9314599 1.1281303 1.3285596 1.2464663 1.5958857 1.8902563 1.9996069 1.9121017 0.4446898 2.7893596 3.6750459 2.7546838 1.6585787 5.7663159 
Gfas_gfas1.m1.3399.m1                                   0.2253075 0.2515710 0.2154440 0.0851284 0.0742383 0.0000000 0.0910040 0.0863103 0.0919972 0.0925216 0.4577722 0.4438793 0.4065466 0.4013929 0.4244763 0.4657285 0.4724467 0.6072020 0.8821097 0.9118321 0.7486385 0.7729074 0.7437287 0.8495942 0.7004849 0.6768990 0.2649950 0.6313576 0.6400225 0.5338969 0.6993253 0.8576808 0.6621574 0.9154516 0.8587500 0.7406201 1.1187560 0.8737156 0.9614723 0.9488895 0.9185533 0.7093656 0.7593203 0.8527059 0.8184723 0.8965072 0.9753132 1.2519302 0.6866218 0.5202549 0.6554940 1.1573190 1.3437653 1.2324837 0.8601615 0.4100658 0.9527950 0.4678953 0.9599676 0.3886320 0.6071482 0.5420499 0.6881863 0.6914453 0.7369848 1.0182126 0.8317655 0.8279397 0.8387998 0.8341202 0.7608123 0.6897603 1.1462494 0.9725199 0.9384406 0.7086829 1.2146971 0.8345999 1.4676569 0.9316673 1.2265419 1.3506629 1.2163185 1.5399149 1.9616914 2.0857432 1.9642083 0.4305662 2.8850830 3.7487559 2.7189136 1.6897226 6.1714173 
Spis_XP_022799121_1                                     0.1789211 0.2561991 0.1997023 0.0763604 0.0911582 0.0910040 0.0000000 0.0471925 0.1185002 0.1146750 0.4216442 0.4140830 0.3890596 0.3824131 0.4178695 0.4534521 0.4772035 0.5841698 0.8672026 0.8955096 0.7490902 0.7738645 0.6696087 0.7357465 0.6468301 0.6281483 0.2370985 0.5785707 0.5790146 0.4612590 0.6650373 0.8689145 0.6182189 0.9283946 0.8625362 0.6871006 0.9103205 0.8721723 1.0243621 1.0110597 0.9831433 0.7089752 0.7912188 0.8765436 0.8071842 0.8216703 0.7320690 1.1055934 0.5627392 0.4858069 0.5769135 1.0681655 1.2100317 1.2471335 0.8189870 0.3953414 0.8929807 0.4878359 0.8794433 0.3685560 0.5692939 0.5125858 0.6488380 0.6563143 0.7115013 0.9458746 0.7976960 0.7982606 0.7963797 0.7947601 0.7320719 0.6689254 1.0054229 0.9303360 0.9452756 0.8072455 1.1689535 0.8081677 1.3057232 0.9558535 1.2053963 1.3386178 1.1900722 1.5817738 1.8921432 1.9944316 1.9049974 0.4312648 2.7573121 3.8482390 2.8298131 1.7584205 5.9447308 
Pocdam_XM_027202957.1                                   0.1991009 0.2846553 0.1914070 0.0772787 0.1111286 0.0863103 0.0471925 0.0000000 0.1491924 0.1514079 0.4753971 0.4700264 0.4518636 0.4355261 0.4542892 0.5241057 0.5117431 0.6964292 0.8327628 0.8811997 0.7884067 0.7884067 0.7760965 0.9777173 0.7214809 0.6898380 0.1608300 0.6361537 0.6448081 0.5541642 0.7499595 0.8342030 0.6915109 0.8882442 0.8222615 0.7749019 0.9974620 0.8696008 0.9869318 0.9741274 0.9449319 0.7082190 0.7659100 0.8404027 0.8030013 0.8474207 0.8912464 1.3691353 4.0847821 0.5443140 0.8900606 1.2395432 1.3490604 1.2530687 0.9135795 0.4546259 0.9355823 0.5531157 0.9421079 0.3685487 0.5267993 0.5014464 0.6640243 0.6768745 0.7787165 1.0146004 0.8047398 0.8041002 0.8003892 0.7956103 0.7159422 0.7159422 1.2052737 1.0295394 1.0003863 1.0663160 1.1469912 0.8891999 1.1408942 0.9147333 1.2153749 1.2829520 1.1461165 1.4246305 1.9011999 2.0600701 2.0292952 0.4940834 2.8980046 3.2805277 2.6906065 1.7521785 6.2961922 
Amil_Amillepora03565-RA                                 0.2263507 0.2180862 0.1970974 0.1111669 0.0964796 0.0919972 0.1185002 0.1491924 0.0000000 0.0106976 0.3179915 0.2810367 0.2441308 0.2883663 0.3078562 0.3506618 0.4073419 0.5131174 0.4252781 0.6637218 0.6393951 0.6974865 0.5759060 0.5964932 0.5077202 0.5077202 0.2408626 0.4760514 0.4735766 0.4635015 0.5463040 0.6147321 0.4702770 0.6877008 0.5802274 0.5711261 0.9310895 0.6654553 1.0828046 1.0828046 0.9442209 0.7001220 0.6226118 0.6098449 0.6818382 0.6876730 0.7365932 1.0431958 0.5551407 0.4833366 0.5742104 1.0906982 1.3588100 1.9953673 0.7263793 0.3828636 0.8056819 0.5032621 0.7946234 1.9190037 0.6202835 0.5368547 0.6679700 0.5640710 0.5838908 0.9202761 0.7352158 0.7383177 0.7568756 0.7508521 0.7284072 0.6270310 0.8389441 0.8396743 0.8117270 0.7938080 0.9480143 0.7421749 1.3545010 1.1158320 1.2469696 1.2608188 1.2832085 1.7328855 2.0425708 1.9666507 1.9348177 0.4486604 2.8085426 4.2049670 3.1351541 0.9414848 5.2473563 
Adig_XM_015916063.1                                     0.2263507 0.1893434 0.1954581 0.1088009 0.0860989 0.0925216 0.1146750 0.1514079 0.0106976 0.0000000 0.2970358 0.2832481 0.2508520 0.2692572 0.2859255 0.3234153 0.3648858 0.4858394 0.5963748 1.0338434 0.9216784 1.0633542 0.5849714 0.6403138 0.4939707 0.4939707 0.2408626 0.4626328 0.4570545 0.4599526 0.5229082 0.0000010 0.4626155 1.2609290 1.1049306 0.5585746 1.0618068 0.0000010 0.6644566 0.6644566 0.0000010 0.0000010 0.0000010 0.0000010 1.0078768 1.0078768 0.8692574 0.8855217 0.5551407 0.4833366 0.5742104 0.8855217 1.1137337 0.0000010 0.5962507 0.3828636 0.7000140 0.5032621 0.7145141 0.0000010 0.6403684 0.5322833 0.6722121 0.5550727 0.5621694 0.8191153 0.7399218 0.7431418 0.7502731 0.7605999 0.7280033 0.5963754 0.7755649 0.7309107 0.7984841 0.7938080 1.2187355 0.6908241 1.5099089 0.9117901 1.2010850 1.3839436 1.2843115 1.7271053 1.9091021 1.9669685 1.9267338 0.4486604 2.8722677 4.5011011 3.1255184 0.9370744 3.9073176 
Spur_XM_011667409.2                                     0.2067974 0.4250635 0.3931020 0.4195873 0.4156359 0.4577722 0.4216442 0.4753971 0.3179915 0.2970358 0.0000000 0.2193950 0.3201667 0.3006451 0.3592286 0.4001803 0.5786347 0.5926570 0.7079210 0.7420722 0.7177188 0.7396452 0.6637266 0.6504953 0.6011558 0.6040202 0.2696583 0.5750464 0.5909981 0.4603481 0.6441110 0.8532610 0.6216010 0.8183565 0.7749718 0.6603262 0.8486795 0.8175659 0.8924548 0.8974962 0.8483053 0.7851754 0.7483405 0.7921043 0.7809443 0.7910552 0.7236455 1.1530641 0.5149439 0.4878479 0.5771598 1.1613020 1.3313252 1.3431519 0.8463250 0.4118245 0.9548775 0.5300857 0.9536207 0.6577848 0.6852289 0.6105757 0.7561037 0.6734587 0.8164443 0.9995973 0.7916953 0.7838022 0.7906766 0.7922265 0.7584292 0.6936820 0.9852963 0.8440934 0.9915280 0.9754725 1.1750296 0.8702867 1.4886320 1.0784546 1.3381680 1.2997208 1.3003562 1.6127545 1.7659242 1.9721266 1.8300611 0.5040067 2.6364076 3.7349801 3.0830959 1.7924962 5.6525662 
Skow_NM_001184926.1                                     0.2604569 0.4337915 0.3789344 0.4099029 0.3919443 0.4438793 0.4140830 0.4700264 0.2810367 0.2832481 0.2193950 0.0000000 0.2734119 0.2515339 0.3135272 0.3354938 0.5834835 0.6257785 0.7201182 0.7204475 0.7313776 0.7546279 0.6345356 0.5870956 0.5496448 0.5605226 0.2439321 0.5491274 0.5397457 0.4134945 0.6149917 0.8623767 0.5732417 0.7613700 0.7485271 0.6283617 0.8160925 0.8492861 0.9657695 0.9715603 0.9181609 0.8662328 0.7311648 0.7910107 0.7421099 0.7343217 0.6354907 1.0673909 0.5054051 0.4850866 0.5733180 1.1417191 1.3528167 1.3794997 0.7959151 0.3929837 0.9893629 0.4577556 0.9598355 0.5533722 0.6288818 0.5561877 0.7224514 0.6463560 0.7333022 0.9725970 0.7668542 0.7642902 0.7632668 0.7488700 0.6960326 0.6439274 1.0299234 0.8565414 0.9599507 0.8665830 1.2719436 0.8654191 1.7742889 1.0294089 1.3266266 1.4242214 1.1762623 1.6602696 1.8792309 1.9619087 1.9656357 0.4753611 2.7347869 3.6218560 2.8832721 1.6678719 5.6513101 
Bralan_BLAG03001168_1                                   0.2988763 0.3838621 0.3874715 0.3816622 0.3769694 0.4065466 0.3890596 0.4518636 0.2441308 0.2508520 0.3201667 0.2734119 0.0000000 0.2647194 0.3226241 0.3314669 0.5954913 0.6203068 0.7087268 0.7680847 0.7539124 0.7726973 0.6666158 0.6432662 0.6051913 0.6089852 0.2510269 0.5572403 0.5741747 0.4435768 0.6124628 0.8286859 0.5855881 0.8024433 0.7407724 0.6388653 0.7849208 0.8333698 0.9536382 0.9588497 0.9105205 0.8433274 0.7632633 0.8228415 0.8052243 0.8402776 0.6586534 1.0545367 0.4880230 0.4568906 0.5375087 1.0344125 1.1777339 1.0471562 0.7301572 0.3525321 0.8604763 0.4716951 0.8042494 0.6645027 0.6513503 0.5891930 0.7385641 0.6434107 0.7372210 0.8731564 0.7880771 0.7819566 0.7773723 0.7706858 0.7105874 0.6711988 0.9101005 0.7671713 0.9131152 0.7716837 1.1234784 0.7957257 1.4161752 0.9020523 1.4077911 1.3483708 1.2571355 1.6291100 1.9003262 1.9895738 1.9292943 0.4701718 2.7184606 3.6550105 2.8212038 1.7186261 5.7182082 
Cgig_XM_011443857.3                                     0.2863133 0.3768879 0.3704182 0.3768250 0.3570125 0.4013929 0.3824131 0.4355261 0.2883663 0.2692572 0.3006451 0.2515339 0.2647194 0.0000000 0.2544533 0.2892458 0.5241136 0.6034363 0.7231548 0.7626291 0.7233039 0.7423743 0.6299140 0.6040823 0.5676005 0.5676041 0.2334929 0.5516475 0.5535449 0.4219416 0.6063135 0.8646700 0.5894377 0.8522329 0.7841288 0.6089520 0.7550509 0.7910832 0.9274358 0.9325891 0.8731516 0.8098959 0.7568495 0.7670218 0.7933127 0.8368441 0.6467638 1.0251861 0.4829319 0.4537647 0.5334169 1.0342523 1.1820604 1.2079637 0.7684037 0.3770708 0.8975071 0.4748662 0.8318428 0.5016290 0.6694320 0.6029167 0.7322564 0.6888535 0.7735917 0.8811430 0.7525948 0.7431043 0.7604492 0.7524834 0.7322019 0.6900855 0.9352912 0.7571049 0.9337368 0.7568635 1.1656470 0.8067867 1.2924588 0.9768540 1.3595154 1.3343287 1.2787969 1.6455396 1.7928143 1.9182271 1.8907484 0.4708379 2.6469372 3.3434090 2.7200304 1.7639252 5.7064168 
Acagra_model.g883.t1                                    0.2903194 0.4324047 0.3917803 0.3953106 0.3996319 0.4244763 0.4178695 0.4542892 0.3078562 0.2859255 0.3592286 0.3135272 0.3226241 0.2544533 0.0000000 0.3501892 0.5725831 0.5944765 0.8856683 0.9012670 0.8568711 0.8887036 0.6984945 0.6791109 0.6164212 0.6292186 0.2269094 0.5958332 0.6324854 0.4605341 0.6894476 0.9963450 0.6615864 0.9827560 0.9244705 0.6880618 0.8598717 0.9407808 1.1180720 1.1234105 1.0692388 0.9238222 0.9128038 0.9622189 0.9098326 0.9651432 0.7253859 1.1153564 0.4782657 0.4485757 0.5270902 1.1219146 1.3050473 1.2796187 0.8269999 0.3532424 0.8923958 0.4624062 0.8606429 0.5411925 0.7273517 0.6536395 0.7788803 0.6931240 0.7961698 0.9720024 0.8175692 0.8037927 0.8143666 0.7752558 0.7435888 0.6749837 0.9894801 0.7966781 1.0038147 0.8816147 1.2630155 0.8735790 1.5284924 1.0423458 1.3477297 1.4531539 1.2684513 1.7101041 1.8621387 2.0556429 1.9666085 0.4390916 2.7302240 3.6628697 2.9199415 1.8220671 6.2718950 
Ctel_gnl_WGS_AMQN_CAPTEDRAFT_mRNA163417                 0.3280655 0.4591234 0.4414302 0.4378613 0.4269327 0.4657285 0.4534521 0.5241057 0.3506618 0.3234153 0.4001803 0.3354938 0.3314669 0.2892458 0.3501892 0.0000000 0.5793089 0.5738279 0.7105863 0.7803623 0.8152539 0.8427448 0.7081925 0.6466059 0.6188711 0.6383385 0.2630767 0.6165423 0.6250206 0.4839793 0.6394038 0.8993495 0.6481140 0.8204979 0.7831290 0.6571447 0.8465489 0.8402196 1.0436831 1.0489675 0.9925139 0.9854869 0.8241379 0.8273657 0.8421890 0.8514663 0.7726962 1.0800388 0.4939698 0.4689728 0.5467963 1.0758518 1.2034242 1.2053769 0.8082441 0.3906804 0.9245599 0.4622353 0.8771613 0.6485978 0.7123238 0.6473600 0.7831585 0.6511625 0.7848773 0.9370254 0.7725477 0.7647182 0.7853409 0.7745585 0.7457508 0.7041585 0.9091339 0.8657952 0.9832258 0.7972627 1.2320240 0.8565243 1.3664846 1.0390129 1.3558662 1.3785419 1.3272537 1.6550249 1.9572253 2.0322333 1.9245926 0.4943266 2.6563365 3.3748655 2.8736683 1.7202159 5.7209518 
Dgig_XM_028535733.1                                     0.2773466 0.5055917 0.4623497 0.4513107 0.4477331 0.4724467 0.4772035 0.5117431 0.4073419 0.3648858 0.5786347 0.5834835 0.5954913 0.5241136 0.5725831 0.5793089 0.0000000 0.3089634 1.1498060 1.1813909 1.0024600 1.0381201 0.7899104 0.8875918 0.7687066 0.7458317 0.3259729 0.7385520 0.7667662 0.6177615 0.7777512 1.0998593 0.7896433 1.2275581 1.1477718 0.8262755 1.1217307 1.0439217 1.0670998 1.0724818 1.0285907 0.8410745 0.9945292 1.0571821 0.9362946 1.1825791 0.9438129 1.2088983 0.5230376 0.5084930 0.5870864 1.1476597 1.3478029 1.3150876 0.8924329 0.4460031 1.0010352 0.4943941 0.9636468 0.4021138 0.7098160 0.6315526 0.7360682 0.7615803 0.8129201 0.9834301 0.8495276 0.8394319 0.8423413 0.8588687 0.8281453 0.7714441 1.1374387 0.9366764 0.9920559 0.9048008 1.1558712 0.9403732 1.4564746 1.0398149 1.3745105 1.2795040 1.4292252 1.7093617 1.8932402 2.0512507 2.0077353 0.5606989 2.6511430 3.5095795 2.8335941 1.7207343 5.2016072 
Xesp_013165-T1                                          0.3491295 0.5597637 0.6088451 0.5801890 0.5615464 0.6072020 0.5841698 0.6964292 0.5131174 0.4858394 0.5926570 0.6257785 0.6203068 0.6034363 0.5944765 0.5738279 0.3089634 0.0000000 1.2194822 1.2293393 1.2111195 1.2754853 0.8635770 0.8943041 0.7838420 0.7806782 0.3841787 0.7552109 0.7408292 0.6541691 0.7967446 1.8456074 0.7823027 1.4022868 1.3883099 0.8195697 1.1286366 1.3443113 4.7455823 4.8206382 8.9999986 0.0000010 2.1223731 1.8866291 1.1980424 1.2125716 0.9439777 1.2137405 0.5727952 0.5623126 0.6343328 1.2074200 1.5857414 2.7918636 0.9478106 0.4735616 0.9843604 0.4664686 0.9227791 0.0000010 0.8232660 0.7259186 0.8546264 0.7541293 0.8233247 1.0474104 0.8991020 0.8820993 0.8901568 0.8777829 0.8026191 0.7185413 1.0424308 1.0421076 1.0042962 0.9312315 1.4581306 1.0649149 1.6330992 0.9265224 1.8626812 1.5433368 1.3714985 1.8438975 2.1655024 2.3722808 2.2109118 0.4778439 2.8170749 3.7555210 3.1912999 1.4211346 6.5897041 
Bolinf_Binf_sb1240031                                   0.0000010 0.9669564 0.8661885 0.8212145 0.8055438 0.8821097 0.8672026 0.8327628 0.4252781 0.5963748 0.7079210 0.7201182 0.7087268 0.7231548 0.8856683 0.7105863 1.1498060 1.2194822 0.0000000 0.0000010 0.0520990 0.0520990 0.1769406 0.1415986 0.1415986 0.1415986 0.0000010 0.1028524 0.1159735 0.0000010 0.2466525 0.1336915 0.1345364 0.1353275 0.1353275 0.2425866 0.0000010 0.2554597 0.5548479 0.5686018 0.4114604 0.0000010 0.1029878 0.1141555 0.1895075 0.2071555 0.1147125 1.4856462 0.0000010 0.0000010 0.0000010 1.4856462 1.5021019 1.5401427 1.1762109 1.5688278 1.4520244 1.5688278 1.3424315 0.0000010 1.0721584 1.0155338 1.1226290 1.0064524 1.4129807 1.3019617 1.1408784 1.1416254 1.1866831 1.1423853 0.9629888 0.9629888 1.2898881 1.2756318 0.8877634 0.0000010 1.0034175 1.0816948 1.3364806 1.2649177 2.0867014 1.3256971 0.0000010 1.5814990 1.7629559 2.4980919 2.1994664 1.5688278 2.5825405 3.0495561 2.8363835 3.7401756 8.9999983 
Bolinf_Binf_sb1240037                                   0.0000010 1.0120102 0.9340832 0.8682606 0.8708992 0.9118321 0.8955096 0.8811997 0.6637218 1.0338434 0.7420722 0.7204475 0.7680847 0.7626291 0.9012670 0.7803623 1.1813909 1.2293393 0.0000010 0.0000000 0.0396473 0.0396473 0.1412625 0.1197438 0.1197438 0.1197438 0.0000010 0.0899649 0.0879633 0.0842556 0.2433378 0.1336915 0.1178465 0.1145793 0.1178465 0.2375310 0.1430551 0.2554597 0.5548479 0.5686018 0.4114604 0.0000010 0.1029878 0.1141555 0.1607243 0.1679505 0.0823404 1.4761434 0.0000010 0.0000010 0.0000010 1.4761434 1.4670154 1.5401427 1.1927825 0.0000010 1.3743433 0.0000010 1.3093387 0.0000010 1.1483704 1.1092348 1.2075621 1.1123327 1.5828257 1.2793430 1.2426844 1.2529213 1.2999678 1.1965035 1.0982025 1.0982025 1.2571128 1.2927890 1.0390722 9.0000000 1.0034175 1.1959721 1.3449029 1.2649177 2.0906980 1.4804396 4.2451469 1.8606264 2.0080962 3.0437993 2.4353695 0.0000010 2.7626974 2.9825289 2.8010421 4.8973273 8.9999983 
Mlei_ML2120.g1.i1                                       0.0000010 0.8864138 0.8156472 0.7363598 0.7520272 0.7486385 0.7490902 0.7884067 0.6393951 0.9216784 0.7177188 0.7313776 0.7539124 0.7233039 0.8568711 0.8152539 1.0024600 1.2111195 0.0520990 0.0396473 0.0000000 0.0000010 0.1564871 0.1469639 0.1850746 0.1473898 0.0000010 0.1051254 0.1074280 0.0747614 0.2333405 0.1416701 0.1305496 0.1209599 0.1225305 0.2284654 0.1681339 0.2200645 0.1539149 0.1556164 0.1132939 0.0623138 0.1164584 0.1208015 0.1501992 0.2064178 0.0901472 1.4326021 0.0000010 0.0000010 0.0000010 1.3059893 1.2851869 1.2510308 1.0532802 0.0000010 1.1376003 0.0000010 1.1672119 0.8391981 0.9826097 0.9453931 1.1072633 1.2266083 1.3712665 1.1325950 1.1117269 1.1143237 1.1623625 1.0931914 1.0628830 1.0558806 1.2113224 1.2764485 1.0551777 0.9295914 1.1346508 1.0252917 1.2583125 1.1351642 1.5569331 1.3092480 3.4254830 1.6432143 2.0367646 2.3942345 2.0648818 0.0000010 2.5117870 2.9138683 2.4649522 5.9325443 4.6525375 
Vmul_sbMO407861                                         0.7915711 0.9235057 0.8373948 0.7605082 0.7760919 0.7729074 0.7738645 0.7884067 0.6974865 1.0633542 0.7396452 0.7546279 0.7726973 0.7423743 0.8887036 0.8427448 1.0381201 1.2754853 0.0520990 0.0396473 0.0000010 0.0000000 0.1647182 0.1598266 0.1930834 0.1550958 0.3593968 0.1137556 0.1124688 0.1050877 0.2440464 0.1416701 0.1348976 0.1209599 0.1225305 0.2393325 0.1917459 0.2200645 0.1539149 0.1556164 0.1132939 0.0623138 0.1164584 0.1208015 0.1501992 0.2064178 0.0998812 1.4755711 0.7715060 0.7715060 0.7715060 1.3369369 1.3671342 1.2510308 1.0811525 0.0000010 1.1531797 0.9221403 1.2156472 0.8391981 1.0366159 0.9775892 1.1412317 1.2570987 1.3905727 1.1466193 1.1407814 1.1433422 1.1913931 1.1182116 1.0880651 1.0571637 1.2400459 1.2802264 1.0834758 1.3482151 1.1346508 1.0357094 1.3671141 1.1351642 1.6322149 1.3497696 3.1816161 1.7066890 2.1114631 2.4080101 2.0889191 0.9221403 2.5467845 2.9138683 2.5188218 5.3246365 4.6525375 
Pbac_sb2644511                                          0.3979990 0.7107096 0.6918683 0.6598669 0.6578481 0.7437287 0.6696087 0.7760965 0.5759060 0.5849714 0.6637266 0.6345356 0.6666158 0.6299140 0.6984945 0.7081925 0.7899104 0.8635770 0.1769406 0.1412625 0.1564871 0.1647182 0.0000000 0.0126084 0.0309906 0.0100985 0.0394126 0.1271619 0.1381751 0.1103328 0.2358875 0.2438124 0.1585533 0.2057440 0.2137493 0.2145167 0.2290580 0.2659362 0.3514156 0.3548629 0.3024804 0.2040281 0.2589128 0.2582474 0.1954325 0.2130664 0.1264700 1.1919849 0.3804658 0.4188421 0.4158609 1.1297785 1.2718206 1.1842630 0.9324454 0.4112872 1.0501109 0.4505827 1.0527789 0.7603217 0.8629444 0.7756619 0.9438580 0.9553464 0.9950467 0.9997534 0.9940481 0.9816064 1.0025338 0.9810435 0.9668619 0.9013049 1.1111760 1.0423448 1.0126535 0.8656825 1.0705736 0.9460647 1.6601796 1.1387101 1.5487727 1.3997364 1.4421366 1.7819573 2.0983898 2.2647712 2.1061989 0.4039916 2.5146695 3.2636292 2.6602425 2.3041548 4.4353650 
Pbac_sb2644512                                          0.3115795 0.7596246 0.7340225 0.7183232 0.7060116 0.8495942 0.7357465 0.9777173 0.5964932 0.6403138 0.6504953 0.5870956 0.6432662 0.6040823 0.6791109 0.6466059 0.8875918 0.8943041 0.1415986 0.1197438 0.1469639 0.1598266 0.0126084 0.0000000 0.0000010 0.0000010 0.0247825 0.1235581 0.1211100 0.1209015 0.2312742 0.2469324 0.1441166 0.1923684 0.2014486 0.2098487 0.2290580 0.2677196 0.6470134 0.6613412 0.5112469 0.0000010 0.1879297 0.2051192 0.1679176 0.1847429 0.1264700 1.1495340 0.3687799 0.3925956 0.3925956 1.1495340 1.3439267 1.4999695 0.9469882 0.3444963 1.0984839 0.3982234 1.0726921 0.0000010 0.9838607 0.8240677 0.9565800 0.9039766 1.0803055 1.0329788 0.9882361 0.9742673 1.0051562 0.9848789 0.9106089 0.8138203 1.0715790 0.9395926 0.9297736 0.8312564 0.9869674 0.9563306 1.6601796 1.2245583 1.7480549 1.3995584 1.4995781 1.8490018 2.0435482 2.3750879 2.1709794 0.4519340 2.6500380 3.3014722 2.9839355 2.2036741 7.3778257 
Pbac_sb2647441                                          0.3979990 0.6646062 0.6577787 0.6327510 0.6222998 0.7004849 0.6468301 0.7214809 0.5077202 0.4939707 0.6011558 0.5496448 0.6051913 0.5676005 0.6164212 0.6188711 0.7687066 0.7838420 0.1415986 0.1197438 0.1850746 0.1930834 0.0309906 0.0000010 0.0000000 0.0194290 0.0318768 0.1336331 0.1354357 0.1123764 0.2348439 0.2886484 0.1624098 0.1846456 0.1885826 0.2204279 0.2290580 0.3035444 0.4098561 0.4137357 0.3605541 0.3415984 0.2777158 0.2746965 0.2092683 0.1954849 0.1264700 1.1151422 0.4701692 0.4269291 0.4975549 1.1184687 1.3189379 1.2962723 0.8985847 0.4256903 1.0332924 0.4886953 1.0180233 0.9727913 0.8499205 0.7525679 0.9506871 0.8844176 0.9427198 1.0009747 0.8573856 0.8489082 0.8795620 0.8539563 0.8194457 0.7602688 1.1387744 0.9842025 0.9139517 0.8656825 1.0903716 0.9248730 1.6601796 1.2241339 1.5050924 1.3498464 1.3325988 1.6524612 1.9777777 2.2376494 2.0532848 0.4600825 2.5348296 3.2063349 2.7690347 1.5994295 6.6268898 
Horcal_Hcv1.av93.c6.g857.i1                             0.3979990 0.6655583 0.6424251 0.6146283 0.6052912 0.6768990 0.6281483 0.6898380 0.5077202 0.4939707 0.6040202 0.5605226 0.6089852 0.5676041 0.6292186 0.6383385 0.7458317 0.7806782 0.1415986 0.1197438 0.1473898 0.1550958 0.0100985 0.0000010 0.0194290 0.0000000 0.0318768 0.1142787 0.1186593 0.1123764 0.2162505 0.2247938 0.1428860 0.1846456 0.1885826 0.2004816 0.2290580 0.2444876 0.2971448 0.2998416 0.2539962 0.2070064 0.2241711 0.2272661 0.1694070 0.1954849 0.1264700 1.1151422 0.4701692 0.4269291 0.4975549 1.0719654 1.2427998 1.1600960 0.8803858 0.4256903 0.9960757 0.4886953 1.0055820 0.7869200 0.8126654 0.7180660 0.9286407 0.8705216 0.9189591 0.9563168 0.8834181 0.8761608 0.9060035 0.8802966 0.8508145 0.7936950 1.1061170 0.9660314 0.9192891 0.8656825 1.0842552 0.9094443 1.6601796 1.0905923 1.4373990 1.3620383 1.3325988 1.6608260 1.9356926 2.1628258 2.0280503 0.4600825 2.4607568 3.2063349 2.6813143 1.7414458 4.7371295 
Mlei_ML2089.g6.i1                                       0.4488365 0.2308918 0.2168383 0.2261038 0.2241717 0.2649950 0.2370985 0.1608300 0.2408626 0.2408626 0.2696583 0.2439321 0.2510269 0.2334929 0.2269094 0.2630767 0.3259729 0.3841787 0.0000010 0.0000010 0.0000010 0.3593968 0.0394126 0.0247825 0.0318768 0.0318768 0.0000000 0.0205405 0.0216771 0.0660566 0.0832330 0.0000010 0.0260686 0.0000010 0.0000010 0.0840396 0.1578889 0.0000010 0.6644566 0.6644566 0.0000010 0.0000010 0.0000010 0.0000010 0.0000010 0.0000010 0.0340697 0.5398145 0.4699374 0.4176032 0.4867629 0.5398145 0.7876521 0.0000010 0.4541522 0.4138547 0.5360727 0.4835595 0.5267439 0.0000010 0.4437168 0.3515106 0.4532020 0.3608934 0.3558692 0.5105478 0.4355387 0.4437609 0.4446882 0.4534195 0.4552750 0.4552750 0.4549940 0.5035035 0.5571837 0.6051655 0.0000010 0.4970460 1.4150927 0.8323999 0.9069334 1.0669197 1.1396000 1.4326487 1.5328031 1.7252763 1.5970077 0.4675684 2.2849190 4.6346852 2.7807997 0.7788370 5.6004001 
Drygla_Dgla_sb304029                                    0.4873889 0.6192680 0.5939490 0.5726147 0.5735283 0.6313576 0.5785707 0.6361537 0.4760514 0.4626328 0.5750464 0.5491274 0.5572403 0.5516475 0.5958332 0.6165423 0.7385520 0.7552109 0.1028524 0.0899649 0.1051254 0.1137556 0.1271619 0.1235581 0.1336331 0.1142787 0.0205405 0.0000000 0.0961574 0.1076293 0.1903297 0.1644579 0.1155573 0.1464864 0.1452150 0.1956423 0.2484597 0.2202462 0.2276598 0.2299216 0.1832536 0.1382132 0.1549883 0.1704131 0.1640792 0.1707276 0.1222603 1.0952045 0.4789214 0.4249691 0.4847722 1.0815496 1.2544689 1.1852890 0.8547601 0.4112773 0.9878456 0.5050681 1.0059365 0.8307512 0.8258897 0.7518010 0.9429510 0.8721337 0.9480947 0.9386902 0.8966047 0.8891056 0.9078392 0.8712063 0.8456744 0.7836400 1.0730955 0.9695575 0.9088691 0.8213606 1.1433988 0.8856790 1.7419913 1.0834899 1.4580845 1.3341594 1.3386903 1.6384339 1.8916007 2.1864744 1.9916683 0.4757610 2.5391398 3.1213006 2.6378967 1.7735565 5.0310503 
Lampan_Lpan_C418867_01                                  0.3958277 0.6331600 0.5890426 0.5821625 0.5785740 0.6400225 0.5790146 0.6448081 0.4735766 0.4570545 0.5909981 0.5397457 0.5741747 0.5535449 0.6324854 0.6250206 0.7667662 0.7408292 0.1159735 0.0879633 0.1074280 0.1124688 0.1381751 0.1211100 0.1354357 0.1186593 0.0216771 0.0961574 0.0000000 0.0741743 0.1846202 0.1599314 0.1105008 0.1285007 0.1366101 0.1957808 0.2474872 0.2184371 0.2324403 0.2346836 0.1892155 0.1290965 0.1271631 0.1280540 0.1449263 0.1799887 0.1209698 1.0803842 0.4744164 0.4103466 0.4774534 1.0974976 1.2734900 1.3479876 0.8911428 0.3979583 0.9986293 0.4920903 1.0401117 0.9016346 0.8470503 0.7584496 0.9753707 0.8730095 0.9374972 0.9458509 0.8952214 0.8877455 0.9134737 0.8791292 0.8591012 0.8061450 1.0924109 0.9816092 0.9038435 0.8127083 1.1167968 0.8949036 1.6434984 1.1170474 1.4358402 1.3021734 1.3370667 1.6281398 1.8866294 2.1521988 1.9898804 0.4760269 2.5064233 3.1788306 2.7032104 1.7460278 5.1130211 
Eupdun_Edun_sb10648185                                  0.4302309 0.4715670 0.4566367 0.4635070 0.4732273 0.5338969 0.4612590 0.5541642 0.4635015 0.4599526 0.4603481 0.4134945 0.4435768 0.4219416 0.4605341 0.4839793 0.6177615 0.6541691 0.0000010 0.0842556 0.0747614 0.1050877 0.1103328 0.1209015 0.1123764 0.1123764 0.0660566 0.1076293 0.0741743 0.0000000 0.1689289 0.0000010 0.1083855 0.1538701 0.1654736 0.1570805 0.2754719 0.0000010 0.6644566 0.6644566 0.0000010 0.0000010 0.0000010 0.0000010 0.0979713 0.0979713 0.1833222 0.8637950 0.4699374 0.4202885 0.4786822 0.8637950 1.1892144 0.0000010 0.6778304 0.4480708 0.8077350 0.5483073 0.8439839 0.0000010 0.8153449 0.6836506 0.8635374 0.7186989 0.7114248 0.8136689 0.7741980 0.7680850 0.7691920 0.7570670 0.7803018 0.6588825 0.9049281 0.7568299 0.8257115 0.8188225 0.0000010 0.7868907 2.0913620 0.8323999 1.5434127 1.4320051 1.3523342 1.7876382 1.9719459 2.1201674 2.0595638 0.5299436 2.7839533 3.9662946 2.8584542 1.0838500 5.6004001 
Vmul_Simscaffold7630_01                                 0.4957912 0.6546293 0.6524278 0.6513391 0.6545568 0.6993253 0.6650373 0.7499595 0.5463040 0.5229082 0.6441110 0.6149917 0.6124628 0.6063135 0.6894476 0.6394038 0.7777512 0.7967446 0.2466525 0.2433378 0.2333405 0.2440464 0.2358875 0.2312742 0.2348439 0.2162505 0.0832330 0.1903297 0.1846202 0.1689289 0.0000000 0.2835259 0.2155958 0.2365893 0.2547067 0.1269296 0.1936049 0.1312109 0.3757671 0.3788805 0.3339028 0.2388214 0.2564257 0.2811764 0.2599101 0.3074832 0.2666535 1.0919948 0.4708497 0.4376578 0.5115538 1.0807900 1.2467028 1.3167100 0.9084047 0.4400729 1.0417907 0.5252785 1.0345615 0.8020325 0.8527162 0.7782491 0.9493025 0.9217953 0.9351972 0.9988265 0.9325809 0.9239629 0.9445882 0.9272033 0.8910709 0.8394401 1.1333691 1.0058771 0.9914684 0.8777699 1.2180477 0.9542485 1.4980059 1.1104486 1.5412887 1.4108227 1.3782615 1.8161405 1.9689368 2.1520978 2.0611384 0.4975443 2.5001656 2.9368641 2.5537410 1.7832235 5.0150054 
Bolinf_Binf_sb1207970                                   0.0000010 1.0839702 0.9384198 0.8345764 0.8435792 0.8576808 0.8689145 0.8342030 0.6147321 0.0000010 0.8532610 0.8623767 0.8286859 0.8646700 0.9963450 0.8993495 1.0998593 1.8456074 0.1336915 0.1336915 0.1416701 0.1416701 0.2438124 0.2469324 0.2886484 0.2247938 0.0000010 0.1644579 0.1599314 0.0000010 0.2835259 0.0000000 0.0000010 0.0000010 0.0000010 0.3099007 0.0000010 0.2867008 0.2255456 0.2278749 0.2332652 0.1646835 0.1718260 0.1854344 0.2252165 0.3237080 0.0000010 1.8877869 0.0000010 0.0000010 0.0000010 1.5497794 1.4419982 1.2961835 1.2934982 0.0000010 1.4252019 0.0000010 1.4555462 0.8848005 1.0614226 1.0031532 1.1748842 1.4367530 1.4689296 1.3190933 1.2160623 1.2104082 1.2493320 1.2301684 1.1319560 1.1319560 1.5918252 1.3289843 1.1013046 0.0000010 1.2128551 1.0701017 2.4542468 1.2227791 1.5624169 1.2742337 0.0000010 1.6785673 1.9532301 2.1689346 2.0912565 0.0000010 2.7441051 4.0134761 2.8277106 5.2433186 5.0003439 
Beraby_Baby_sb345523                                    0.4602565 0.6758203 0.6361667 0.6075451 0.6140116 0.6621574 0.6182189 0.6915109 0.4702770 0.4626155 0.6216010 0.5732417 0.5855881 0.5894377 0.6615864 0.6481140 0.7896433 0.7823027 0.1345364 0.1178465 0.1305496 0.1348976 0.1585533 0.1441166 0.1624098 0.1428860 0.0260686 0.1155573 0.1105008 0.1083855 0.2155958 0.0000010 0.0000000 0.0000010 0.0000010 0.2264485 0.2549464 0.2791610 0.2756147 0.2781215 0.2332652 0.1646835 0.1718260 0.1854344 0.2188829 0.2667331 0.0000010 1.1254962 0.4699374 0.4154685 0.4757212 1.1239950 1.2952481 1.2961835 0.9040239 0.3833465 1.0249983 0.5147783 1.0501244 0.8848005 0.8471888 0.7558777 0.9642104 0.9210658 0.9539297 0.9843605 0.9039200 0.8955661 0.9147277 0.8951122 0.8580929 0.8046405 1.1360247 0.9798829 0.9199261 0.8150699 1.1296968 0.9025701 1.8346543 1.1810906 1.4599549 1.3160846 1.3480386 1.6762018 1.9135588 2.0510959 1.9860381 0.4617697 2.5281754 3.3602412 2.7598560 1.7390133 4.8274265 
Drygla_Dgla_sb277112                                    0.0000010 1.0211917 0.9852833 0.8883298 0.9254749 0.9154516 0.9283946 0.8882442 0.6877008 1.2609290 0.8183565 0.7613700 0.8024433 0.8522329 0.9827560 0.8204979 1.2275581 1.4022868 0.1353275 0.1145793 0.1209599 0.1209599 0.2057440 0.1923684 0.1846456 0.1846456 0.0000010 0.1464864 0.1285007 0.1538701 0.2365893 0.0000010 0.0000010 0.0000000 0.0000010 0.2411285 0.1816932 0.2539635 0.3294680 0.3342278 0.2642563 0.1294934 0.1230181 0.1498992 0.1987600 0.2379848 0.0000010 1.5813146 0.0000010 0.0000010 0.0000010 1.6400976 1.6289191 1.7398760 1.4259958 0.0000010 1.4485343 0.0000010 1.4479802 2.0356179 1.1972110 1.1321339 1.2041705 1.2261161 1.6085889 1.4906572 1.2014856 1.1986047 1.2713566 1.2091157 1.1209706 1.1209706 1.3245850 1.4508857 1.1520015 0.0000010 1.2268169 1.1829211 1.4848211 1.6452601 2.0220975 1.3663513 4.2451469 1.7843445 2.2112669 2.8317261 2.2509057 0.0000010 2.8253477 3.1457716 3.1637415 3.7971720 8.0664304 
Mertsp_Mesp_sb544824                                    0.0000010 0.9361158 0.8852448 0.8299224 0.8703386 0.8587500 0.8625362 0.8222615 0.5802274 1.1049306 0.7749718 0.7485271 0.7407724 0.7841288 0.9244705 0.7831290 1.1477718 1.3883099 0.1353275 0.1178465 0.1225305 0.1225305 0.2137493 0.2014486 0.1885826 0.1885826 0.0000010 0.1452150 0.1366101 0.1654736 0.2547067 0.0000010 0.0000010 0.0000010 0.0000000 0.2648136 0.2283642 0.2711361 0.4338351 0.4418502 0.3404682 0.1319616 0.1463212 0.1771375 0.2025398 0.2383344 0.0000010 1.5360196 0.0000010 0.0000010 0.0000010 1.5360196 1.5062475 1.6213500 1.2992045 0.0000010 1.3553003 0.0000010 1.3545913 0.0000010 1.0995474 1.0408522 1.1266957 1.1287014 1.4533600 1.4142520 1.1970352 1.2058128 1.2589966 1.2026501 1.0783603 1.0783603 1.3062094 1.2343506 1.0776629 9.0000000 1.0989103 1.1820706 1.4232256 1.3147828 1.9672744 1.3206031 4.2451469 1.7182421 2.1122224 2.7846718 2.3299761 0.0000010 2.8854668 3.1419353 2.9680760 4.0061630 7.9738666 
Coemet_Cmet_scaffold6781_01                             0.3841211 0.6786739 0.6524667 0.6907417 0.6816662 0.7406201 0.6871006 0.7749019 0.5711261 0.5585746 0.6603262 0.6283617 0.6388653 0.6089520 0.6880618 0.6571447 0.8262755 0.8195697 0.2425866 0.2375310 0.2284654 0.2393325 0.2145167 0.2098487 0.2204279 0.2004816 0.0840396 0.1956423 0.1957808 0.1570805 0.1269296 0.3099007 0.2264485 0.2411285 0.2648136 0.0000000 0.0132476 0.0195616 0.3944159 0.3977320 0.3512809 0.2748972 0.2871421 0.3066816 0.2281164 0.2428910 0.2261886 1.1574735 0.3996995 0.3842363 0.4625985 1.1599905 1.3116454 1.2889657 0.8701175 0.3943084 1.0307387 0.4335185 1.0080849 0.7758184 0.9022704 0.7996211 0.9441476 0.9241612 0.9816240 1.0065793 0.9562025 0.9463645 0.9786840 0.9386518 0.9008500 0.8541712 1.1357185 1.0215420 1.0226319 0.8280069 1.2926562 0.9510820 1.6876871 1.1149191 1.6405524 1.4151085 1.2823499 1.7614726 2.1246344 2.1518347 1.9597976 0.3952940 2.5350959 3.0077338 2.5541321 2.1196254 5.5441368 
Coeast_Cast_sb837765                                    0.0000010 0.8116851 0.7525519 0.9515752 0.9270468 1.1187560 0.9103205 0.9974620 0.9310895 1.0618068 0.8486795 0.8160925 0.7849208 0.7550509 0.8598717 0.8465489 1.1217307 1.1286366 0.0000010 0.1430551 0.1681339 0.1917459 0.2290580 0.2290580 0.2290580 0.2290580 0.1578889 0.2484597 0.2474872 0.2754719 0.1936049 0.0000010 0.2549464 0.1816932 0.2283642 0.0132476 0.0000000 0.0000010 2.7449940 2.7449940 0.0000010 0.0000010 0.0000010 0.0000010 0.1165891 0.1165891 0.2534149 1.4834892 0.5240736 0.5240736 0.5240736 1.4834892 1.5562552 0.0000010 1.0225113 1.0899041 1.2571978 0.0000010 1.2211949 0.0000010 1.1795121 1.1448346 1.1527436 1.1388255 1.3840527 1.3060116 1.1944616 1.2064783 1.2849560 1.1356412 1.1908005 1.0365560 1.2378812 1.0796468 1.4013581 1.4787188 0.7500572 1.2689798 1.7789529 0.2634665 1.7589802 1.9278313 3.7270091 2.7893268 2.8522006 2.1853019 2.5832479 0.0000010 2.4759194 2.7418312 2.6367617 6.7301813 3.4942135 
Coeast_Cast_sb760744                                    0.0000010 0.9392861 0.8828590 0.8741712 0.8557768 0.8737156 0.8721723 0.8696008 0.6654553 0.0000010 0.8175659 0.8492861 0.8333698 0.7910832 0.9407808 0.8402196 1.0439217 1.3443113 0.2554597 0.2554597 0.2200645 0.2200645 0.2659362 0.2677196 0.3035444 0.2444876 0.0000010 0.2202462 0.2184371 0.0000010 0.1312109 0.2867008 0.2791610 0.2539635 0.2711361 0.0195616 0.0000010 0.0000000 0.3558372 0.3588841 0.3168173 0.2431949 0.2606474 0.2817346 0.2375239 0.2976131 0.1118753 1.6448862 0.0000010 0.0000010 0.0000010 1.4343191 1.4221148 1.2400983 1.1346075 0.0000010 1.2879930 0.0000010 1.3232986 0.8292374 0.9786457 0.9013733 1.0533508 1.2065152 1.3260945 1.1911425 1.1849725 1.1815174 1.2258692 1.2003134 1.1247120 1.1247120 1.3947699 1.3398380 1.1208226 0.0000010 1.2511865 1.0907509 1.3747336 1.1116341 1.7532049 1.3846774 0.0000010 1.6974732 2.0456811 2.3376974 2.1138396 0.0000010 2.5972108 2.8592894 2.3806720 5.7843085 5.2922063 
Bolinf_Binf_sb1240017                                   0.6644566 1.1583147 1.0109411 1.0074012 0.9615054 0.9614723 1.0243621 0.9869318 1.0828046 0.6644566 0.8924548 0.9657695 0.9536382 0.9274358 1.1180720 1.0436831 1.0670998 4.7455823 0.5548479 0.5548479 0.1539149 0.1539149 0.3514156 0.6470134 0.4098561 0.2971448 0.6644566 0.2276598 0.2324403 0.6644566 0.3757671 0.2255456 0.2756147 0.3294680 0.4338351 0.3944159 2.7449940 0.3558372 0.0000000 0.0049634 0.0275002 0.0224915 0.1271772 0.1498814 0.2573530 1.5609723 3.9744190 2.0892650 0.0000010 1.5495457 1.5495457 1.5563782 1.3486314 1.2954511 1.3086811 0.6644566 1.3244654 1.5495457 1.4196528 0.9284337 1.1163321 1.0658948 1.2698802 1.5980587 1.4097528 1.2509747 1.3542513 1.3490013 1.3814844 1.3168533 1.2199616 1.2199616 2.0535148 1.3957726 1.2713630 1.5495457 1.4399748 0.9943671 4.8050273 1.1641984 1.5075013 1.4407903 4.9581111 1.8924770 1.9755570 2.4423634 1.9719099 0.6644566 2.5519959 3.7504408 2.6193187 5.5357915 4.2559420 
Mertsp_Mesp_sb557361                                    0.6644566 1.1647443 1.0163094 0.9943185 0.9488265 0.9488895 1.0110597 0.9741274 1.0828046 0.6644566 0.8974962 0.9715603 0.9588497 0.9325891 1.1234105 1.0489675 1.0724818 4.8206382 0.5686018 0.5686018 0.1556164 0.1556164 0.3548629 0.6613412 0.4137357 0.2998416 0.6644566 0.2299216 0.2346836 0.6644566 0.3788805 0.2278749 0.2781215 0.3342278 0.4418502 0.3977320 2.7449940 0.3588841 0.0049634 0.0000000 0.0331146 0.0224915 0.1271772 0.1517493 0.2598278 1.5917470 3.9744190 2.0389822 0.0000010 1.5495457 1.5495457 1.5369938 1.3297078 1.2701305 1.3124970 0.6644566 1.3359466 1.5495457 1.4239999 0.9284337 1.1217949 1.0712621 1.2537224 1.6057167 1.4142079 1.2545927 1.3436064 1.3383835 1.3572846 1.2936921 1.2199616 1.2199616 2.0670255 1.4014705 1.2767827 1.5495457 1.4467638 0.9993273 4.8050273 1.1641984 1.5123570 1.4450422 4.9581111 1.8983481 1.9936308 2.4830114 1.9781470 0.6644566 2.5969685 3.8286670 2.6306290 5.5780723 4.2575404 
