93
Opea_EP00118_Oscarella_pearsei_P009073              0.0000000 0.3219143 0.3219143 1.4136419 2.4115053 1.7007145 1.6733881 1.8333433 1.7938557 1.6624961 1.7124812 1.4027981 1.5242068 1.5673549 1.5209407 1.6934197 1.4321560 1.5695187 3.4074044 1.7786600 1.7852045 1.5079163 1.7813386 1.7159134 1.5546577 1.9572925 1.8543040 1.5345498 1.6972781 1.5060483 1.9691415 1.6251154 1.8531800 2.7355726 1.9911689 1.6822468 1.6436960 2.2840586 2.2567510 2.1087245 2.3975060 2.1741181 2.6494299 1.3819408 2.0554494 3.2718138 3.4220956 3.0819907 2.2157821 2.2157821 2.0809646 2.8333307 2.3133993 2.3987923 2.4468819 2.0619487 3.1656053 2.4534440 2.3107604 2.2529787 2.3107604 2.8828170 3.7584140 6.6029470 2.5773138 7.0482937 2.4456978 4.3455764 2.2259046 2.9268936 3.2729700 2.6984009 2.7262212 2.8351709 5.0921860 5.0599527 4.7374960 3.5200309 4.0284515 4.0284515 2.3455528 2.7221375 2.6015078 5.7557161 5.5678728 3.6122994 3.8306289 2.8851060 3.3039454 2.3075304 2.4840731 2.8057498 4.4411591 
Opea_EP00118_Oscarella_pearsei_P009074              0.3219143 0.0000000 0.0000010 0.8746638 0.8629699 1.0067478 1.0001267 1.0745270 1.0104650 0.9986301 0.9580010 0.9802448 1.0340679 0.9947967 0.9766184 0.9389925 0.9742810 1.1325038 0.9849980 1.0667654 1.0419563 0.9460715 0.9863782 1.1713763 1.2361975 0.9994222 1.1511679 0.9607530 1.0553119 1.0345586 1.0910096 0.9632704 1.0696728 1.1252038 1.2028282 1.2103553 1.1239243 1.4269736 1.2889777 1.1659006 1.3210716 1.1700045 1.3058646 1.0742869 1.3450464 1.5461572 1.5798373 1.1806127 1.2470581 1.2470581 1.2380609 1.4317843 1.4200491 1.5270847 1.5717267 1.4862551 1.8842842 1.9374549 1.7351597 1.6911105 1.7351597 1.8956114 1.9480722 1.8254743 1.5679374 1.8823837 1.6704799 1.2927844 1.7587371 2.1298343 2.2773632 2.2210656 2.2086862 2.2129877 2.3414779 2.3674011 2.4408409 2.2510057 2.3089544 2.3089544 1.7693944 2.0778846 1.7753409 2.1309978 2.2582955 2.3228482 2.4296574 2.2337387 2.2446910 1.9478212 1.7862089 2.0859611 4.0269086 
Ocar_g6580                                          0.3219143 0.0000010 0.0000000 0.8671643 0.8524433 1.0050093 0.9982911 1.0738620 1.0087678 0.9967578 0.9426175 0.9583151 1.0228272 0.9961348 0.9766184 0.9258095 0.9864163 1.1032139 0.9350773 1.0419616 1.0169800 0.9296867 0.9706132 1.1714134 1.2361975 0.9818209 1.1338768 0.9458929 1.0219678 1.0011811 1.0906040 0.9608115 1.0528221 1.1253867 1.1889053 1.2103553 1.1027744 1.4079487 1.2672532 1.1448579 1.3000548 1.1485647 1.2825234 1.0742869 1.3195775 1.5363408 1.5702897 1.1560627 1.2426481 1.2426481 1.2282591 1.4317843 1.4305316 1.5599298 1.5861384 1.4985171 1.8600897 1.9680326 1.7593380 1.7139407 1.7593380 1.9247742 1.9804584 1.8773540 1.5983767 1.9212595 1.7358225 1.3287861 1.7587371 2.1528427 2.3048035 2.2399734 2.2434154 2.2483561 2.3189347 2.3445912 2.4225933 2.2328079 2.2654231 2.2654231 1.7843732 2.0512119 1.7785877 2.1547952 2.2853871 2.3639818 2.4470228 2.2412598 2.2524577 1.9506985 1.7651457 2.0908040 4.0269086 
Opea_EP00118_Oscarella_pearsei_P025726              1.4136419 0.8746638 0.8671643 0.0000000 0.0000010 0.9533481 0.9693086 0.9795594 0.9726865 1.0235401 0.8455251 0.9943773 1.0049095 0.9177480 1.0306323 0.9420443 1.0693586 1.0312847 0.7220546 0.9589962 0.9879518 0.9847888 0.9179347 1.1308932 1.1716432 0.9299266 0.9800061 0.9527133 1.0240593 0.9511317 1.1107902 0.9781675 1.0741081 1.0114009 1.1292945 1.1535045 1.3081100 1.4479858 1.1353968 1.1370848 1.2074156 1.1405622 1.2149159 1.0510148 1.2969456 1.4570560 1.4751413 1.2516314 1.1853535 1.1853535 1.2025493 1.0511144 1.5459813 1.4265455 1.4264780 1.5158844 1.6895305 1.5469426 1.4752853 1.4382853 1.4752853 1.5716228 1.5762982 1.5469404 1.4175840 1.5475245 1.5795114 1.1329333 1.4209665 2.3066588 2.4792411 2.6271127 2.1501833 2.0980126 1.8429630 1.8832997 1.9768274 1.8243676 1.9806384 1.9806384 1.7365985 1.7810486 1.6929325 1.7616032 2.0694231 2.2632439 2.3139276 2.3275103 2.2094238 1.7181383 1.8582926 1.9080641 4.5827722 
Ocar_g9098                                          2.4115053 0.8629699 0.8524433 0.0000010 0.0000000 0.8854423 0.8846878 0.9016411 0.8612877 0.9337654 0.7815271 0.9797313 0.9625191 0.8623846 1.0216293 0.8196040 1.0178034 0.8921135 0.7130382 0.8442744 0.8526096 0.8759770 0.7777075 0.9729299 0.9885729 0.7979392 0.8044933 0.8981519 0.9906689 0.9775802 1.0250434 0.8708931 0.9036130 0.8953849 1.0445163 0.9796887 1.1525609 1.2783614 0.9247660 0.8948561 1.0076139 0.9263111 0.9794293 0.8285640 1.1567777 1.2890908 1.3088734 1.2153152 1.0380153 1.0380153 1.1471521 0.8988634 1.3787462 1.1118955 1.0907466 1.3502218 1.4845668 1.3672717 1.3011005 1.2589482 1.3011005 1.3889300 1.3618390 1.4761476 1.1797061 1.2382211 1.4875288 1.1329333 1.2281260 2.2345096 2.2717814 2.7378125 2.2228526 2.2290565 1.2946562 1.2920055 1.5180187 1.4439902 1.4520268 1.4520268 1.6469468 1.6771760 1.6624763 1.6062106 1.9303208 1.6826494 1.5312155 1.9035402 1.7663675 1.7432389 1.8914309 1.7096141 4.8151288 
Lcom_lcpid97906                                     1.7007145 1.0067478 1.0050093 0.9533481 0.8854423 0.0000000 0.0280681 0.0459571 0.0731878 0.1180188 0.7980771 0.8093325 0.8258597 0.7505284 0.9484872 0.8805512 0.8501595 1.0075186 0.8290779 0.9134592 0.8925759 0.7908760 0.8208766 1.1218107 1.0279447 0.8161037 0.9266792 0.8802984 0.9008985 0.8633903 0.8631049 0.8091625 0.8824344 1.0148551 1.1152422 0.9476732 0.9748791 1.2312211 1.0783481 0.9607988 1.0816477 1.0164413 1.2028711 0.7924209 1.0150778 1.2423731 1.2803790 1.0345699 1.1812171 1.1812171 0.9392517 1.0913171 1.2716586 1.2798362 1.2580487 1.3420362 1.4863688 1.6365621 1.6461523 1.6247618 1.6461523 1.6726839 1.6486672 1.7622834 1.5987836 1.7342016 1.4586725 1.4189845 1.3553906 1.8993414 2.1496690 2.1786780 2.0109306 2.1291686 1.6322259 1.6406667 1.8629365 1.5818719 1.6223962 1.6223962 1.6105322 1.5059097 1.7576108 2.1851686 2.3214946 1.8908311 1.8959161 2.0376325 1.7251445 1.3321972 2.0368799 1.8573916 3.2562126 
Leuniv_Lniv_scaffold25124_01                        1.6733881 1.0001267 0.9982911 0.9693086 0.8846878 0.0280681 0.0000000 0.0282695 0.0468682 0.0962008 0.7844373 0.8280017 0.8314106 0.7798853 0.9449122 0.8717130 0.8676691 1.0106968 0.8117899 0.9166420 0.8906784 0.7968107 0.8322854 1.0893029 0.9982610 0.8412014 0.9473687 0.8876044 0.8808741 0.8939946 0.8418644 0.8085970 0.8900932 0.9798552 1.0962828 0.9631690 0.9342775 1.2467523 1.0271516 0.9141103 1.0302889 0.9783124 1.1566500 0.7624912 1.0254168 1.2446173 1.2825105 1.0438031 1.1538271 1.1538271 0.9688836 1.0983682 1.2637084 1.2790891 1.2726437 1.3202284 1.4192294 1.6708949 1.6639664 1.6422682 1.6639664 1.6332597 1.6781806 1.7305447 1.5866044 1.7253451 1.4590302 1.4145802 1.3541507 1.9621964 2.1519556 2.1814207 1.9717915 2.1323177 1.5788336 1.5864635 1.8284775 1.5544288 1.6018753 1.6018753 1.6044192 1.5403445 1.7000412 2.1609435 2.2970974 1.8638014 1.8710797 2.0097938 1.6831526 1.2983361 2.1156757 1.8477811 3.4002588 
Scil_scict011950.1                                  1.8333433 1.0745270 1.0738620 0.9795594 0.9016411 0.0459571 0.0282695 0.0000000 0.0737471 0.1255387 0.8341165 0.8589946 0.9100480 0.8014833 1.0072940 0.9304269 0.9139913 0.9944229 0.8117899 0.9509857 0.9245148 0.8522648 0.8638730 1.1064971 1.0177643 0.8969363 0.9610591 0.9204631 0.9398611 0.9274450 0.9083622 0.8475220 0.9438068 1.0414998 1.1389134 0.9721134 1.0090587 1.2967224 1.0411463 0.9991374 1.0586436 1.0682361 1.1725215 0.7807132 1.0674506 1.3332089 1.3411299 1.1577978 1.2494343 1.2494343 1.0324404 1.0983682 1.3223222 1.3552039 1.3326364 1.4024036 1.4913053 1.7029437 1.7066114 1.6841165 1.7066114 1.6930279 1.7130854 1.8156930 1.6143550 1.8148368 1.5265453 1.4416782 1.3984219 2.0183404 2.2140058 2.1823356 2.0488000 2.2110892 1.5799494 1.5875886 1.8245667 1.5550268 1.5875983 1.5875983 1.6429416 1.6537277 1.7538626 2.1609435 2.4798895 1.8968391 1.8848738 2.0556520 1.7125975 1.3693728 2.1631998 1.9497858 3.5612783 
Gracom_Gcom_C545044_01                              1.7938557 1.0104650 1.0087678 0.9726865 0.8612877 0.0731878 0.0468682 0.0737471 0.0000000 0.1197021 0.8241998 0.8412355 0.8817990 0.8212383 0.9305062 0.8928078 0.8983371 1.0723935 0.7794120 0.9696370 0.9348785 0.8451494 0.8809556 1.1369611 1.1116806 0.8414851 1.0003973 0.9195074 0.9113758 0.9473340 0.8880142 0.8229104 0.8598012 0.9942279 1.1076531 0.8909208 0.9742998 1.2523548 1.0519484 0.9420463 1.0620654 1.0185256 1.2081980 0.8718235 0.9891032 1.2132459 1.2500339 1.0264067 1.2144271 1.2144271 1.0552248 1.0700494 1.2540945 1.2316527 1.2172988 1.3408432 1.5255589 1.6846457 1.7324415 1.7093536 1.7324415 1.6842608 1.7801219 1.7129491 1.5203836 1.7172535 1.4834946 1.3888904 1.5290208 2.1516504 2.2312808 2.2097023 2.0105480 2.1165794 1.6315755 1.6510055 1.9136563 1.6217719 1.6705672 1.6705672 1.6905772 1.5917717 1.7558148 2.1677310 2.3036703 1.8449634 1.8615282 2.0028742 1.6772535 1.2876154 2.2507818 1.9535262 3.5872120 
Clacor_Ccor_scaffold13786_01                        1.6624961 0.9986301 0.9967578 1.0235401 0.9337654 0.1180188 0.0962008 0.1255387 0.1197021 0.0000000 0.8159144 0.8222031 0.8489239 0.8028329 0.9213594 0.8590626 0.8664185 1.0214096 0.8572963 0.9346676 0.8957710 0.7994377 0.8408243 1.0734164 0.9809321 0.8460619 0.9584420 0.9082315 0.8722868 0.8810921 0.8570639 0.8747716 0.8687502 0.9677420 1.1522315 0.9887533 0.9405070 1.1793936 1.0969797 0.9790141 1.0999211 1.0542322 1.2488821 0.8642670 1.0630987 1.2606615 1.2804521 1.0126989 1.2076353 1.2076353 0.9791592 1.1891322 1.2317595 1.2965472 1.2955960 1.3444292 1.4286558 1.6738068 1.6612468 1.6395553 1.6612468 1.6121844 1.7024962 1.6703768 1.5430100 1.7307208 1.4564274 1.3961343 1.1065984 1.8383767 2.0625979 2.1601842 2.1285652 2.1494220 1.6300553 1.6700456 1.8973044 1.6086923 1.6447533 1.6447533 1.6215039 1.4808107 1.7703536 2.0874603 2.2265583 1.8599130 1.9090815 2.0328892 1.7200078 1.3406903 2.0809153 1.9289891 3.2066739 
Plajan_Pjan_C540030_01                              1.7124812 0.9580010 0.9426175 0.8455251 0.7815271 0.7980771 0.7844373 0.8341165 0.8241998 0.8159144 0.0000000 0.7962240 0.7555855 0.7623800 0.7697973 0.8238935 0.7877715 0.8610360 0.7491293 0.7717367 0.7799501 0.7408737 0.7240797 0.8322882 0.9351234 0.8030162 0.8312582 0.8320896 0.8019230 0.8139439 0.7455517 0.7768771 0.8859599 0.9149010 0.9276219 0.7772273 0.9102340 1.0877604 1.0786618 0.9680053 1.1031837 0.9409852 1.1582805 0.8170397 1.0861022 1.2217088 1.2354279 0.9129711 0.8611380 0.8611380 1.0428915 1.1263540 1.2922560 1.2223150 1.1957745 1.1478746 1.6419701 1.7332976 1.5907409 1.5556551 1.5907409 1.6172152 1.5222975 1.6147989 1.5401144 1.8285569 1.6836618 1.4378004 1.2837341 1.8253642 1.9758287 2.1080801 1.9808131 2.2019843 2.0028695 2.0385900 2.1542743 1.7917379 1.8986795 1.8986795 1.6362324 1.9050682 1.7518545 1.8210359 2.0545028 1.9722050 1.9600509 2.0899990 1.8718754 1.6366372 1.8923423 1.7018026 3.4229239 
Cgig_XM_011433589.3                                 1.4027981 0.9802448 0.9583151 0.9943773 0.9797313 0.8093325 0.8280017 0.8589946 0.8412355 0.8222031 0.7962240 0.0000000 0.3519963 0.3703639 0.3573948 0.4300242 0.4293284 0.6019355 0.4924862 0.4578423 0.4652370 0.4257340 0.4349011 0.6359097 0.7178524 0.4688751 0.5842260 0.5350603 0.5792652 0.5579900 0.5460463 0.4688786 0.5688114 0.7047584 0.8142036 0.4749913 0.6750629 0.5975446 0.8277736 0.7128585 0.8168131 0.7759826 0.9588618 0.6459846 0.8070022 1.0210609 1.0309984 0.6105225 1.1765475 1.1765475 0.9120218 1.1120652 1.0066325 0.8003788 0.7630053 0.8185121 1.3728585 1.4818438 1.3703388 1.3407771 1.3703388 1.5411216 1.3593684 1.5230628 1.2822096 1.6641892 1.3991767 1.2524036 1.4237072 1.8635568 1.9711176 1.8636663 1.9234753 1.9666788 1.4615091 1.4879147 1.6415041 1.3942944 1.4562841 1.4562841 1.1226388 1.6683701 1.7457867 1.6601416 1.8659726 1.6302988 1.6621436 1.7582808 1.6069213 1.2430831 1.6903859 1.7045687 3.0010508 
Spur_XM_003729245.3                                 1.5242068 1.0340679 1.0228272 1.0049095 0.9625191 0.8258597 0.8314106 0.9100480 0.8817990 0.8489239 0.7555855 0.3519963 0.0000000 0.2559234 0.3940857 0.4316342 0.4663205 0.6118113 0.5542545 0.4940409 0.4556160 0.4239359 0.4659143 0.5868876 0.6409292 0.5599052 0.6249769 0.5073117 0.4916808 0.4876696 0.4640589 0.4942734 0.5611752 0.6703806 0.6722330 0.4775128 0.6831086 0.7201849 0.6910426 0.6192251 0.7112404 0.6951811 0.8691338 0.5861603 0.7486053 0.9716467 1.0059879 0.5363364 1.1870597 1.1870597 1.0169830 0.8612907 0.9790320 0.9054061 0.9010270 0.9110300 1.1920340 1.4441616 1.3763500 1.3377195 1.3763500 1.5153487 1.4510967 1.5383689 1.3131724 1.6669833 1.5237523 1.2257459 1.0790187 1.8449199 1.8797129 1.8549530 1.6422732 1.9119534 1.6946090 1.7029977 1.7796833 1.4941203 1.6201494 1.6201494 1.1675749 1.7707256 1.7382711 1.6651138 1.8157049 1.5330151 1.5220273 1.6793055 1.6350141 1.2038881 1.7603356 1.6377657 2.8317362 
Skow_XM_002731659.2                                 1.5673549 0.9947967 0.9961348 0.9177480 0.8623846 0.7505284 0.7798853 0.8014833 0.8212383 0.8028329 0.7623800 0.3703639 0.2559234 0.0000000 0.3723211 0.3647051 0.3986419 0.5494785 0.4538086 0.4239503 0.4259211 0.3673840 0.4147625 0.5652814 0.6093120 0.5295010 0.5779940 0.5145681 0.4684531 0.4643475 0.5277157 0.5198856 0.5842497 0.6451232 0.6732569 0.5630868 0.6700254 0.8179081 0.6952307 0.6925870 0.7944635 0.7418910 0.8490239 0.6030357 0.8307702 0.9984526 1.0080147 0.6588990 1.2360076 1.2360076 1.0688801 0.8531187 1.0735221 0.9925205 0.9626701 0.9125553 1.3632712 1.3173564 1.2122901 1.1784754 1.2122901 1.3627172 1.2798159 1.3884582 1.2330863 1.5908515 1.4222315 1.0783411 1.0608086 1.8710631 1.8713031 1.8563288 1.7165710 1.8962598 1.5803519 1.6515426 1.7949704 1.5223494 1.6319518 1.6319518 1.1871495 1.7337157 1.6214494 1.7075273 1.8904644 1.5197704 1.5533789 1.7380893 1.6126460 1.2839001 1.6188864 1.6138846 2.8754305 
Acagra_model.g7192.t1                               1.5209407 0.9766184 0.9766184 1.0306323 1.0216293 0.9484872 0.9449122 1.0072940 0.9305062 0.9213594 0.7697973 0.3573948 0.3940857 0.3723211 0.0000000 0.3847171 0.4361528 0.5683993 0.4256173 0.4228429 0.4263642 0.4158455 0.4609383 0.5578612 0.6175201 0.5444737 0.6266033 0.5060230 0.4558753 0.4559593 0.4734012 0.5338467 0.5299363 0.6406686 0.7622483 0.4243203 0.7205142 0.7299423 0.7363002 0.7131708 0.7828913 0.7169408 0.8709295 0.6199799 0.7340898 1.0606834 1.0714626 0.6753960 1.1487827 1.1487827 1.0671795 1.0814212 0.9894595 0.7859007 0.7967279 0.8845749 1.2092490 1.5247118 1.4349504 1.4034279 1.4349504 1.5956570 1.4872006 1.5219864 1.2663797 1.6296254 1.4731938 1.2275204 1.3655658 1.8891465 1.8846870 1.9292658 1.8152248 2.0279733 1.7305476 1.8099249 1.9430823 1.5655620 1.6199027 1.6199027 1.1008317 1.6208131 1.5740984 1.4665877 1.6375097 1.5002560 1.6172300 1.6748102 1.6166108 1.2333521 1.7676987 1.6069158 3.0876980 
Ctel_gnl_WGS_AMQN_CAPTEDRAFT_mRNA187031             1.6934197 0.9389925 0.9258095 0.9420443 0.8196040 0.8805512 0.8717130 0.9304269 0.8928078 0.8590626 0.8238935 0.4300242 0.4316342 0.3647051 0.3847171 0.0000000 0.4325824 0.5736711 0.4549703 0.4725956 0.4575695 0.3935561 0.4405520 0.6022598 0.6644444 0.4950334 0.5641786 0.5701817 0.5637166 0.6218596 0.4849473 0.5160002 0.5593542 0.6339621 0.8779489 0.5614157 0.6511012 0.6788869 0.7699902 0.7405706 0.8370648 0.7825534 0.9536673 0.7155610 0.8598274 0.9822178 0.9914388 0.6879180 1.0871555 1.0871555 0.9014366 0.9521604 1.1455539 0.9116886 0.9016716 0.9821564 1.3529360 1.4752883 1.3736758 1.3390099 1.3736758 1.5119551 1.5513728 1.6001815 1.3415569 1.6531673 1.3874217 1.2049997 1.2148132 1.9006372 1.7804365 1.9620846 1.8987047 2.0319796 1.6698599 1.7147962 1.8999309 1.5618884 1.4729728 1.4729728 1.0761043 1.6125201 1.7969933 1.7362004 1.8998101 1.5490396 1.6226358 1.7351905 1.6058237 1.2075614 1.7159176 1.5051372 2.8186641 
Bralan_BLAG02000348_1                               1.4321560 0.9742810 0.9864163 1.0693586 1.0178034 0.8501595 0.8676691 0.9139913 0.8983371 0.8664185 0.7877715 0.4293284 0.4663205 0.3986419 0.4361528 0.4325824 0.0000000 0.5660992 0.6269743 0.4540440 0.4410344 0.4106741 0.4360500 0.5751082 0.5979492 0.5221477 0.6217330 0.5191165 0.5196312 0.5000312 0.5544998 0.5251101 0.6219794 0.6192271 0.7392905 0.5420607 0.7029382 0.7298567 0.8885412 0.8785662 0.9624865 0.8666622 1.0286731 0.6869840 0.8600849 1.0225227 1.0324870 0.7869010 1.2336579 1.2336579 1.0086632 0.8785925 0.8917534 0.9227392 0.9090585 0.9934436 1.2612139 1.4025866 1.3596703 1.3549758 1.3596703 1.4676764 1.4528671 1.4964813 1.2651468 1.7446542 1.2087296 1.1622412 1.3551066 1.7447659 1.8424588 1.9890015 1.7160016 1.9695444 1.7700486 1.8097235 2.0182192 1.6976131 1.7002860 1.7002860 1.0761798 1.9115550 1.7964355 1.7740363 1.9815857 1.5628583 1.7269124 1.8543230 1.6606752 1.2906044 1.5450403 1.6581283 3.0933441 
Fspp_ffun1.m4.21261.m1                              1.5695187 1.1325038 1.1032139 1.0312847 0.8921135 1.0075186 1.0106968 0.9944229 1.0723935 1.0214096 0.8610360 0.6019355 0.6118113 0.5494785 0.5683993 0.5736711 0.5660992 0.0000000 0.0336720 0.1393211 0.1006439 0.2143903 0.1806634 0.0833344 0.2108929 0.3964158 0.4324892 0.3616751 0.3881514 0.3359342 0.3712084 0.3603606 0.5107162 0.5554695 0.7419474 0.4858714 0.7336952 0.8929283 0.8489826 0.8998362 0.8856148 0.8760938 1.0383489 0.5942007 0.7994717 0.9557482 0.9557482 0.9863885 1.1892025 1.1892025 1.0455311 1.0090751 1.2115246 1.0784207 1.0608016 1.1422197 1.3776125 1.3748114 1.2027240 1.2204378 1.2027240 1.4959051 1.5008866 1.6400888 1.2979610 1.8539829 1.5442805 1.3200881 1.0949650 2.3044847 2.3223890 2.2540575 1.8026330 2.0131712 1.8266308 1.8999163 1.9339241 1.5782568 1.6442569 1.6442569 1.3493043 1.8410586 2.0484011 1.5053803 1.5568547 1.5555298 1.4721593 1.6554646 1.5025582 1.0449658 1.8005116 1.7230546 3.5851373 
Gasp_gasp1.m1b.1449.m1                              3.4074044 0.9849980 0.9350773 0.7220546 0.7130382 0.8290779 0.8117899 0.8117899 0.7794120 0.8572963 0.7491293 0.4924862 0.5542545 0.4538086 0.4256173 0.4549703 0.6269743 0.0336720 0.0000000 0.1198653 0.0940518 0.1629886 0.1519241 0.0842890 0.3308536 0.2770749 0.3407724 0.3320237 0.3895392 0.3335881 0.3154667 0.3419610 0.4382924 0.3662587 0.6715125 0.3553948 0.6326373 0.7173198 0.6821060 0.7065975 0.7065975 0.7116049 0.6886700 0.4620687 0.6719442 0.7196097 0.7196097 0.8677042 1.2121903 1.2121903 0.9811034 0.8552642 1.1012751 0.7969389 0.8013939 0.8481623 1.0004712 1.1977299 1.0938285 1.1218008 1.0938285 1.2792030 1.1916770 1.3767928 1.1511892 1.2584504 1.3313484 1.2723622 0.7154969 2.2256710 2.2165221 2.2661104 1.8928696 2.2623244 1.0924134 1.1659188 1.2266172 1.2266172 1.2355273 1.2355273 1.1141633 1.6987726 1.7865420 1.3841808 1.3841808 1.0274269 0.9566673 1.1856219 1.1260504 1.0888401 1.8492557 1.3499779 3.0012291 
Spis_XP_022780866_1                                 1.7786600 1.0667654 1.0419616 0.9589962 0.8442744 0.9134592 0.9166420 0.9509857 0.9696370 0.9346676 0.7717367 0.4578423 0.4940409 0.4239503 0.4228429 0.4725956 0.4540440 0.1393211 0.1198653 0.0000000 0.0764145 0.1885804 0.1456837 0.1880420 0.2550903 0.3385141 0.4156750 0.3439897 0.3482497 0.3018860 0.3281749 0.3397564 0.3796999 0.4692790 0.6585801 0.5408572 0.7129812 0.7825682 0.6735574 0.6613619 0.7240324 0.6302492 0.7685055 0.6480429 0.6979194 0.8867581 0.8941886 0.8036441 1.1398414 1.1398414 0.9521960 1.0263160 1.1565072 0.8968326 0.8801100 1.0507360 1.1218239 1.4814371 1.2650333 1.2603162 1.2650333 1.4913809 1.4078240 1.5314798 1.3619962 1.7034956 1.4353594 1.3669000 1.1617729 2.1312858 2.1414626 2.1418895 1.9035289 2.0533876 1.6945668 1.7664656 1.8032734 1.5708034 1.5189222 1.5189222 1.2440161 1.9237590 1.8347153 1.5511396 1.7389316 1.5856243 1.6649409 1.7233049 1.5003761 1.2345176 1.8775571 1.5928825 3.4719661 
Pocdam_XM_027185182.1                               1.7852045 1.0419563 1.0169800 0.9879518 0.8526096 0.8925759 0.8906784 0.9245148 0.9348785 0.8957710 0.7799501 0.4652370 0.4556160 0.4259211 0.4263642 0.4575695 0.4410344 0.1006439 0.0940518 0.0764145 0.0000000 0.1383890 0.1323166 0.1261087 0.2274613 0.3302588 0.4124091 0.3097387 0.3366676 0.2781132 0.2789452 0.2880742 0.3885654 0.4799239 0.6753862 0.4693449 0.6702936 0.8040642 0.7029895 0.7129688 0.7821145 0.6901031 0.8442800 0.5931453 0.6574821 0.8801380 0.8874200 0.7274377 1.1720647 1.1720647 0.9975879 1.0213502 1.1255059 0.9203134 0.8940772 1.0660521 1.1317516 1.4662013 1.2865787 1.2815702 1.2865787 1.4807631 1.4485099 1.5551110 1.3564014 1.6845785 1.4761246 1.3727753 1.1706791 1.9944753 2.0146643 2.1094387 1.8809434 2.0568523 1.8014912 1.8467956 1.8722573 1.6247092 1.5965538 1.5965538 1.2337326 1.8680804 1.7888285 1.4642431 1.6454104 1.5077389 1.5665683 1.7064078 1.5063053 1.1951970 1.8127187 1.6609956 3.4573640 
Nvec_v1g160342                                      1.5079163 0.9460715 0.9296867 0.9847888 0.8759770 0.7908760 0.7968107 0.8522648 0.8451494 0.7994377 0.7408737 0.4257340 0.4239359 0.3673840 0.4158455 0.3935561 0.4106741 0.2143903 0.1629886 0.1885804 0.1383890 0.0000000 0.1157178 0.2122623 0.3351139 0.3099122 0.4096535 0.3337556 0.3263502 0.2931024 0.2176465 0.2913379 0.3711503 0.4456921 0.6568073 0.5481854 0.6697441 0.7536074 0.7746342 0.7384628 0.8093551 0.7335119 0.8545975 0.5963977 0.7106766 0.8646502 0.8666236 0.6893233 1.1719113 1.1719113 0.9230704 0.9106637 1.1065580 0.8514291 0.8433731 0.9585242 1.1030222 1.4755050 1.3112752 1.3059622 1.3112752 1.5661521 1.5381808 1.6399474 1.3820579 1.7719534 1.4970990 1.3885531 1.0987494 2.0294593 2.0884195 2.0764744 1.9522211 2.0736883 1.6461414 1.6938937 1.8419115 1.6148370 1.5988625 1.5988625 1.2139789 1.8042867 1.6918987 1.4547924 1.6270150 1.5309641 1.5359407 1.6806398 1.4858255 1.2238839 1.7465628 1.5623049 3.3818242 
Exapal_XM_021058977.2                               1.7813386 0.9863782 0.9706132 0.9179347 0.7777075 0.8208766 0.8322854 0.8638730 0.8809556 0.8408243 0.7240797 0.4349011 0.4659143 0.4147625 0.4609383 0.4405520 0.4360500 0.1806634 0.1519241 0.1456837 0.1323166 0.1157178 0.0000000 0.2011805 0.3129256 0.3194176 0.3825705 0.3606580 0.3657880 0.3305016 0.2762022 0.2880111 0.4331703 0.4739676 0.6708556 0.5972479 0.6715962 0.8241024 0.7624237 0.7299081 0.7999592 0.7114045 0.8716904 0.6951119 0.7178930 0.9016826 0.9094014 0.6985082 1.0974448 1.0974448 0.9258011 0.9617885 1.1177195 0.8816201 0.8610878 0.9877065 1.1404299 1.4610682 1.3233582 1.3179383 1.3233582 1.5428453 1.4877731 1.5276155 1.3669932 1.7294073 1.4822830 1.2925691 1.3129925 2.0114022 2.0211437 2.1562102 2.0034225 2.0557869 1.6656699 1.7248652 1.8413675 1.5720733 1.5202674 1.5202674 1.2263733 1.8561160 1.7193172 1.4995211 1.6526709 1.5866186 1.6059336 1.6983568 1.5040025 1.2244965 1.8352261 1.6317709 3.9156903 
Amil_Amillepora22542-RA                             1.7159134 1.1713763 1.1714134 1.1308932 0.9729299 1.1218107 1.0893029 1.1064971 1.1369611 1.0734164 0.8322882 0.6359097 0.5868876 0.5652814 0.5578612 0.6022598 0.5751082 0.0833344 0.0842890 0.1880420 0.1261087 0.2122623 0.2011805 0.0000000 0.1632330 0.4274179 0.4640920 0.4045305 0.4034089 0.3673048 0.3503535 0.3733841 0.5517642 0.5777929 0.7526463 0.5103498 0.7400680 0.9295484 0.8602002 0.9238113 0.9086135 0.9012130 1.0456253 0.6464325 0.8312471 1.0267153 1.0267153 0.8991419 1.2223230 1.2223230 1.1385966 1.0450972 1.1412952 1.0903407 1.0863983 1.1312609 1.3840528 1.5406096 1.4106007 1.3869951 1.4106007 1.7043378 1.6537158 1.9103483 1.4668264 2.1157006 1.5675001 1.6490165 1.3207105 2.1334236 2.1348066 2.1351430 1.7087906 1.9098388 2.0061014 2.0903058 2.1437668 1.7643656 1.7954180 1.7954180 1.4412217 2.0609291 2.2324603 1.5336400 1.5336400 1.8372567 1.6842658 1.9791556 1.8101921 1.3334038 1.8486526 1.6283898 3.2347873 
Adig_XM_015902237.1                                 1.5546577 1.2361975 1.2361975 1.1716432 0.9885729 1.0279447 0.9982610 1.0177643 1.1116806 0.9809321 0.9351234 0.7178524 0.6409292 0.6093120 0.6175201 0.6644444 0.5979492 0.2108929 0.3308536 0.2550903 0.2274613 0.3351139 0.3129256 0.1632330 0.0000000 0.5347823 0.5763171 0.4963648 0.4905052 0.4509041 0.4800243 0.4617160 0.5946207 0.7667960 0.7848919 0.5927573 0.7679508 1.0958134 0.8627021 0.9654988 0.9465945 0.9284830 1.0974286 0.6706066 0.9009898 1.1104370 1.1104370 1.0602981 1.1776563 1.1776563 1.1914132 1.0284563 1.2198719 1.0341773 1.0523065 1.2374997 1.4043834 1.3243589 1.2134576 1.2134159 1.2134576 1.4847877 1.4788769 1.7344586 1.3464093 2.2091918 1.3995054 1.5348526 1.1542248 2.3414857 2.3273220 2.2663589 1.7496253 1.8105166 2.1433984 2.1847158 2.2022115 1.7619684 1.7467984 1.7467984 1.6446878 1.8548186 2.0910586 1.4776470 1.4776470 1.9343557 1.8123702 2.0464183 1.8291424 1.2429151 1.8212411 1.6282894 3.2564598 
Chem_TCONS_00019554                                 1.9572925 0.9994222 0.9818209 0.9299266 0.7979392 0.8161037 0.8412014 0.8969363 0.8414851 0.8460619 0.8030162 0.4688751 0.5599052 0.5295010 0.5444737 0.4950334 0.5221477 0.3964158 0.2770749 0.3385141 0.3302588 0.3099122 0.3194176 0.4274179 0.5347823 0.0000000 0.2731435 0.3664531 0.4481681 0.3975907 0.4072480 0.4354457 0.3906296 0.4873221 0.6438699 0.6259816 0.7551240 0.8883140 0.8198076 0.7750063 0.8831423 0.8177364 0.9688001 0.6468858 0.7486365 0.7970225 0.8117210 0.7967132 1.1309908 1.1309908 0.9758166 0.8823739 1.2522548 0.9623780 0.9664004 1.1431781 1.2015740 1.4534267 1.3185031 1.3142149 1.3185031 1.4960167 1.4766308 1.5576270 1.3045876 1.6006883 1.4214362 1.2158820 1.0649193 2.0024582 2.0943933 2.0642764 1.8192265 1.9936019 1.6613729 1.7067127 1.8704526 1.5397597 1.4641194 1.4641194 1.2039971 1.8824742 1.7620413 1.4933779 1.6657552 1.7589538 1.6314343 1.8774331 1.6398955 1.3132935 1.7351078 1.7044988 3.2205990 
Chem_TCONS_00037613                                 1.8543040 1.1511679 1.1338768 0.9800061 0.8044933 0.9266792 0.9473687 0.9610591 1.0003973 0.9584420 0.8312582 0.5842260 0.6249769 0.5779940 0.6266033 0.5641786 0.6217330 0.4324892 0.3407724 0.4156750 0.4124091 0.4096535 0.3825705 0.4640920 0.5763171 0.2731435 0.0000000 0.4268890 0.5449421 0.5006507 0.5594442 0.5754420 0.5400787 0.5837785 0.7248088 0.7507378 0.8118769 0.9512852 0.9059937 0.8607931 0.9617089 0.9205900 1.0550087 0.6030196 0.8744955 0.8544079 0.8615376 0.8388626 1.2718477 1.2718477 0.9837977 1.0718975 1.3497160 1.0402888 1.0210667 1.1787054 1.3043983 1.3619576 1.1960526 1.1932208 1.1960526 1.4641497 1.3977168 1.5624251 1.2834076 1.6321697 1.4940492 1.2087889 1.1337312 1.9943827 2.0715585 2.2350223 1.8197752 2.1017232 1.5510016 1.5846065 1.7296205 1.4884685 1.3720810 1.3720810 1.3289197 1.8995503 1.8496531 1.5429390 1.7051942 1.5898006 1.4586470 1.7546115 1.6226219 1.3098631 1.9304417 1.7072054 3.3745035 
Sanmal_Sma_007490-T1                                1.5345498 0.9607530 0.9458929 0.9527133 0.8981519 0.8802984 0.8876044 0.9204631 0.9195074 0.9082315 0.8320896 0.5350603 0.5073117 0.5145681 0.5060230 0.5701817 0.5191165 0.3616751 0.3320237 0.3439897 0.3097387 0.3337556 0.3606580 0.4045305 0.4963648 0.3664531 0.4268890 0.0000000 0.2237787 0.1891934 0.4190397 0.4342500 0.4101227 0.4457031 0.5901823 0.5492227 0.7162052 0.8532968 0.7596448 0.7510146 0.8573732 0.7823234 0.9185324 0.6363272 0.7554842 0.7253866 0.7255721 0.7313305 1.0492857 1.0492857 0.9253324 0.8992941 1.1673427 0.9652944 0.9906558 1.1318326 1.0877529 1.4451338 1.2826190 1.2787115 1.2826190 1.4807707 1.4138207 1.6513227 1.4154647 1.7260697 1.4309014 1.3209048 1.2440695 2.0876148 2.0792414 2.2896572 2.0334130 2.2821722 1.6062219 1.6732311 1.7661659 1.5315940 1.4538620 1.4538620 1.2247786 1.9074744 1.8268846 1.7276610 1.8874916 1.6295577 1.7328023 1.8858765 1.6229081 1.3346242 1.8723556 1.7315874 3.5277547 
Nemnom_g13571.t1                                    1.6972781 1.0553119 1.0219678 1.0240593 0.9906689 0.9008985 0.8808741 0.9398611 0.9113758 0.8722868 0.8019230 0.5792652 0.4916808 0.4684531 0.4558753 0.5637166 0.5196312 0.3881514 0.3895392 0.3482497 0.3366676 0.3263502 0.3657880 0.4034089 0.4905052 0.4481681 0.5449421 0.2237787 0.0000000 0.0802138 0.3991262 0.4161736 0.4512310 0.4367156 0.6209262 0.5223978 0.7689081 0.9351295 0.7993202 0.8046425 0.8813339 0.8015295 0.9589161 0.6403600 0.8420522 0.8677983 0.8698299 0.7665591 1.1559993 1.1559993 1.0390831 0.8397748 1.1845823 1.0774664 1.1185510 1.1898223 1.1463718 1.5156251 1.3596386 1.3393431 1.3596386 1.5324272 1.4084952 1.6138080 1.4156724 1.8648506 1.4267797 1.4449989 1.0440121 2.0078804 1.9732641 2.4290143 2.0627549 2.3555774 1.7557586 1.8085889 1.9219382 1.6385939 1.6170308 1.6170308 1.4969215 1.9502290 1.8882963 1.7060170 1.8637209 1.6600353 1.7138380 1.8956306 1.6480341 1.3671376 2.0923831 1.8601478 4.0587503 
Rhoesc_Res_011707-T1                                1.5060483 1.0345586 1.0011811 0.9511317 0.9775802 0.8633903 0.8939946 0.9274450 0.9473340 0.8810921 0.8139439 0.5579900 0.4876696 0.4643475 0.4559593 0.6218596 0.5000312 0.3359342 0.3335881 0.3018860 0.2781132 0.2931024 0.3305016 0.3673048 0.4509041 0.3975907 0.5006507 0.1891934 0.0802138 0.0000000 0.3976810 0.4078881 0.4238919 0.4688599 0.6166777 0.5467562 0.7414345 0.9184469 0.8241967 0.8242141 0.9014565 0.8090297 0.9686956 0.6609816 0.7758253 0.7910197 0.7920484 0.7749905 1.1843302 1.1843302 0.9640288 0.9077860 1.2066915 1.0907841 1.1280114 1.1737228 1.1488252 1.4541332 1.2628723 1.2592856 1.2628723 1.5184932 1.4012861 1.6110160 1.4180457 1.8398114 1.4841795 1.4658378 1.0363618 2.0011447 2.1044288 2.2709352 2.0262440 2.3213668 1.7716994 1.8146308 1.8988866 1.6207265 1.5864279 1.5864279 1.3763229 1.8440974 1.7390577 1.5967664 1.7503991 1.6745217 1.7349424 1.9047967 1.6278281 1.3045299 1.9880082 1.8522130 3.4869556 
Dgig_XM_028546487.1                                 1.9691415 1.0910096 1.0906040 1.1107902 1.0250434 0.8631049 0.8418644 0.9083622 0.8880142 0.8570639 0.7455517 0.5460463 0.4640589 0.5277157 0.4734012 0.4849473 0.5544998 0.3712084 0.3154667 0.3281749 0.2789452 0.2176465 0.2762022 0.3503535 0.4800243 0.4072480 0.5594442 0.4190397 0.3991262 0.3976810 0.0000000 0.1727894 0.4475888 0.4763783 0.7049749 0.5403731 0.7530871 0.9188724 0.7808117 0.7759255 0.8665708 0.7837074 0.8702620 0.6366677 0.7077912 0.9083758 0.9164494 0.7822633 1.2801690 1.2801690 0.9519488 0.8965836 1.2411342 0.9504266 0.9417512 1.0821027 1.1362958 1.7247944 1.5436363 1.5354688 1.5436363 1.7658602 1.5865435 1.7968246 1.5490915 1.8016098 1.7505311 1.4534930 1.0593189 2.0919977 2.0903523 2.0603187 2.0747769 2.1666559 1.6920635 1.7242683 1.8958247 1.6472817 1.6102087 1.6102087 1.2456954 1.9061261 1.7843560 1.5382226 1.6811502 1.7566477 1.7501297 2.0702828 1.8398980 1.5312373 1.9317650 1.8617364 3.4771491 
Xesp_020668-T1                                      1.6251154 0.9632704 0.9608115 0.9781675 0.8708931 0.8091625 0.8085970 0.8475220 0.8229104 0.8747716 0.7768771 0.4688786 0.4942734 0.5198856 0.5338467 0.5160002 0.5251101 0.3603606 0.3419610 0.3397564 0.2880742 0.2913379 0.2880111 0.3733841 0.4617160 0.4354457 0.5754420 0.4342500 0.4161736 0.4078881 0.1727894 0.0000000 0.4796834 0.4922367 0.6853450 0.5388465 0.6663757 0.8639124 0.7487236 0.7223775 0.8065769 0.7337572 0.8733950 0.6498815 0.6338301 0.8318136 0.8432979 0.7947683 1.2173487 1.2173487 0.8621361 0.8497119 1.0586423 0.8594274 0.8655508 0.9939325 1.1341797 1.4744701 1.3326295 1.3270485 1.3326295 1.5374125 1.3840258 1.6241404 1.3672188 1.7046751 1.5261499 1.3546420 1.1812282 2.0039431 1.9596984 1.9603317 1.9087349 1.9180247 1.6780223 1.7423210 1.8588365 1.6248091 1.5801547 1.5801547 1.1646231 1.9082298 1.6936704 1.4584316 1.5953199 1.5950688 1.7218709 1.7854446 1.5958961 1.2721167 1.8627776 1.7866936 3.1432840 
Hvul_g26864_1                                       1.8531800 1.0696728 1.0528221 1.0741081 0.9036130 0.8824344 0.8900932 0.9438068 0.8598012 0.8687502 0.8859599 0.5688114 0.5611752 0.5842497 0.5299363 0.5593542 0.6219794 0.5107162 0.4382924 0.3796999 0.3885654 0.3711503 0.4331703 0.5517642 0.5946207 0.3906296 0.5400787 0.4101227 0.4512310 0.4238919 0.4475888 0.4796834 0.0000000 0.6543248 0.6543748 0.5296183 0.8034130 0.8591743 0.8369974 0.7694023 0.8657170 0.7752640 0.9529537 0.7884715 0.7519335 0.8486451 0.8463637 0.8419367 1.2240524 1.2240524 0.9743600 1.0268876 1.2271251 0.8884989 0.8946600 1.1705002 1.2408673 1.6230063 1.4456230 1.4059085 1.4456230 1.6176931 1.5315984 1.6740959 1.4330182 1.7176307 1.4676560 1.3877978 1.3884292 2.0859808 2.1423558 2.1423614 1.9129384 2.2302089 1.6563500 1.7235564 1.9202027 1.6072852 1.5429244 1.5429244 1.3425620 1.6552560 1.8629134 1.6004235 1.7373717 1.6478582 1.5781685 1.7629753 1.4832710 1.3124993 1.9177629 1.8403157 3.5240437 
Morvir_scaffold172.g25.t2                           2.7355726 1.1252038 1.1253867 1.0114009 0.8953849 1.0148551 0.9798552 1.0414998 0.9942279 0.9677420 0.9149010 0.7047584 0.6703806 0.6451232 0.6406686 0.6339621 0.6192271 0.5554695 0.3662587 0.4692790 0.4799239 0.4456921 0.4739676 0.5777929 0.7667960 0.4873221 0.5837785 0.4457031 0.4367156 0.4688599 0.4763783 0.4922367 0.6543248 0.0000000 0.7056923 0.7439733 0.8763629 0.9837601 0.9491576 0.9276646 1.0079119 0.9535748 0.9052586 0.9736116 0.9439751 1.1121702 1.1179917 0.7098391 1.3520718 1.3520718 1.1552596 0.7983201 1.2253664 1.1651008 1.1886573 1.3682154 1.1591976 1.7697232 1.4568452 1.4494654 1.4568452 1.5930445 1.4399108 1.4746135 1.3876451 1.3541640 1.5632722 1.2360798 1.1609772 2.4099496 2.4540834 2.3975639 2.2032627 2.4714808 1.7629250 1.8343499 1.8508156 1.9767737 2.0221565 2.0221565 1.3435635 2.0853902 1.9455945 1.7677710 1.9503922 1.7660551 1.7468070 2.1103211 1.7914456 1.5293253 1.9010025 1.8863465 3.7471730 
Morvir_scaffold99.g28.t1                            1.9911689 1.2028282 1.1889053 1.1292945 1.0445163 1.1152422 1.0962828 1.1389134 1.1076531 1.1522315 0.9276219 0.8142036 0.6722330 0.6732569 0.7622483 0.8779489 0.7392905 0.7419474 0.6715125 0.6585801 0.6753862 0.6568073 0.6708556 0.7526463 0.7848919 0.6438699 0.7248088 0.5901823 0.6209262 0.6166777 0.7049749 0.6853450 0.6543748 0.7056923 0.0000000 0.7001929 0.9608107 1.1818798 0.8594263 0.9106718 0.9504024 0.9211289 0.9967751 0.8106782 0.8576773 1.0928088 1.1113004 0.7859612 1.1988482 1.1988482 1.1611684 0.9548989 1.2296784 1.0953249 1.1416404 1.2827267 1.3827415 1.5847267 1.4339794 1.3941011 1.4339794 1.5946288 1.4481280 1.4756143 1.3547880 1.6485974 1.4448759 1.0864632 1.2567535 1.9727885 1.9889597 2.0051688 1.9717845 1.9412953 1.5342170 1.5479825 1.8244491 1.5463478 1.5068326 1.5068326 1.3680575 2.1495641 1.8806448 1.9580814 1.9734184 1.5624876 1.4497306 1.7854948 1.6576729 1.4185483 1.8484738 1.9546731 3.1435690 
Lcom_lcpid234118                                    1.6822468 1.2103553 1.2103553 1.1535045 0.9796887 0.9476732 0.9631690 0.9721134 0.8909208 0.9887533 0.7772273 0.4749913 0.4775128 0.5630868 0.4243203 0.5614157 0.5420607 0.4858714 0.3553948 0.5408572 0.4693449 0.5481854 0.5972479 0.5103498 0.5927573 0.6259816 0.7507378 0.5492227 0.5223978 0.5467562 0.5403731 0.5388465 0.5296183 0.7439733 0.7001929 0.0000000 0.6784670 0.6254747 0.8055914 0.8910974 0.8719746 0.8667494 1.1004183 0.6888422 0.6874947 1.0935203 1.0935203 0.6933580 1.0131669 1.0131669 1.2032784 0.7529480 1.0650245 0.6850328 0.6966426 0.9460464 1.4672020 1.2475548 1.4124321 1.4119039 1.4124321 1.6099194 1.4840105 1.5569652 1.3053605 2.4524191 1.4014255 1.1294238 1.3220396 1.8614568 1.8406812 1.8343636 1.7288254 1.8848486 2.2040914 2.2209434 2.3779656 1.6471500 1.8682827 1.8682827 1.5830438 1.4863473 1.9359418 0.9965236 0.9965236 2.0088107 1.9615790 2.0006635 1.8558799 1.1493738 1.9819954 1.2794717 3.2111718 
Tcas_TC033266_001                                   1.6436960 1.1239243 1.1027744 1.3081100 1.1525609 0.9748791 0.9342775 1.0090587 0.9742998 0.9405070 0.9102340 0.6750629 0.6831086 0.6700254 0.7205142 0.6511012 0.7029382 0.7336952 0.6326373 0.7129812 0.6702936 0.6697441 0.6715962 0.7400680 0.7679508 0.7551240 0.8118769 0.7162052 0.7689081 0.7414345 0.7530871 0.6663757 0.8034130 0.8763629 0.9608107 0.6784670 0.0000000 0.9212987 0.8425293 0.8480982 0.9300525 0.8776851 1.0113620 0.6232671 1.0068294 1.1626639 1.2008856 0.7524250 1.3849503 1.3849503 1.0680464 0.9704592 1.1798262 1.1854028 1.2079563 1.1353711 1.3975228 1.6702392 1.5945899 1.5580295 1.5945899 1.7240728 1.7727792 1.9013200 1.6191750 1.9489254 1.6262874 1.4998130 1.6576778 2.2022106 2.3117958 2.2985725 2.0810397 2.2592003 1.9712091 1.9552624 2.0872325 1.8508554 1.7942181 1.7942181 1.2470710 1.9409263 2.2264326 1.8458059 1.9813805 1.7743416 1.6208562 1.9006453 1.6211518 1.1736481 2.0390796 1.7632193 3.5439548 
Cgig_XM_034463637.1                                 2.2840586 1.4269736 1.4079487 1.4479858 1.2783614 1.2312211 1.2467523 1.2967224 1.2523548 1.1793936 1.0877604 0.5975446 0.7201849 0.8179081 0.7299423 0.6788869 0.7298567 0.8929283 0.7173198 0.7825682 0.8040642 0.7536074 0.8241024 0.9295484 1.0958134 0.8883140 0.9512852 0.8532968 0.9351295 0.9184469 0.9188724 0.8639124 0.8591743 0.9837601 1.1818798 0.6254747 0.9212987 0.0000000 0.9822583 0.9904181 1.0784766 1.0158606 1.1979689 0.9067782 1.0869913 1.2748290 1.2775877 0.8677816 1.4954522 1.4954522 1.2475405 1.2172844 1.0890920 0.7084555 0.6911036 0.9937021 1.4311243 1.8783833 1.6789706 1.6526971 1.6789706 1.8647140 1.7536791 1.8899210 1.6966088 1.9427062 1.6326047 1.6401161 2.1471899 2.0700533 2.1410785 2.5070584 2.2235377 2.2790131 1.9491890 2.0137959 2.1007882 1.7981611 1.8384579 1.8384579 1.2680044 1.8946339 2.0794839 1.5091469 1.7700553 1.6953043 1.9019663 1.9439074 1.6561055 1.2158197 1.8931970 1.7994997 3.5677725 
HoiH23_PlH23_005983-RA                              2.2567510 1.2889777 1.2672532 1.1353968 0.9247660 1.0783481 1.0271516 1.0411463 1.0519484 1.0969797 1.0786618 0.8277736 0.6910426 0.6952307 0.7363002 0.7699902 0.8885412 0.8489826 0.6821060 0.6735574 0.7029895 0.7746342 0.7624237 0.8602002 0.8627021 0.8198076 0.9059937 0.7596448 0.7993202 0.8241967 0.7808117 0.7487236 0.8369974 0.9491576 0.8594263 0.8055914 0.8425293 0.9822583 0.0000000 0.1009957 0.0808629 0.1083278 0.1642233 0.7480172 0.8297796 1.1524930 1.1631033 0.8375169 1.6000400 1.6000400 1.3410167 1.2699778 1.1622825 1.2581550 1.2813641 1.2903186 1.3966222 1.6379358 1.5555262 1.5146944 1.5555262 1.6040219 1.8123010 1.4853530 1.4918181 1.6487233 1.5925557 1.1002013 1.5805422 2.1292728 2.1852452 2.2453443 2.1541096 2.2224663 1.3955779 1.4234717 1.6203764 1.3456553 1.4590678 1.4590678 1.2997014 2.2462632 2.0540415 1.8317925 1.9297635 1.5166133 1.6070106 1.5493266 1.4905268 1.0702386 1.8469238 1.9124109 3.2419822 
TrH2_TrispH2_004519-RA                              2.1087245 1.1659006 1.1448579 1.1370848 0.8948561 0.9607988 0.9141103 0.9991374 0.9420463 0.9790141 0.9680053 0.7128585 0.6192251 0.6925870 0.7131708 0.7405706 0.8785662 0.8998362 0.7065975 0.6613619 0.7129688 0.7384628 0.7299081 0.9238113 0.9654988 0.7750063 0.8607931 0.7510146 0.8046425 0.8242141 0.7759255 0.7223775 0.7694023 0.9276646 0.9106718 0.8910974 0.8480982 0.9904181 0.1009957 0.0000000 0.0353965 0.1147899 0.2038087 0.8226422 0.8251364 1.1282036 1.1692563 0.7512563 1.5012339 1.5012339 1.2173900 1.1185633 1.1162492 1.1667780 1.1990244 1.2524218 1.3270719 1.7015477 1.5650156 1.5252431 1.5650156 1.6099526 1.8302579 1.5325365 1.5063396 1.6851920 1.6248093 1.1872407 1.4039479 2.1096368 2.1818938 2.3279965 2.0690482 2.1859637 1.3868339 1.4142972 1.5778058 1.3148957 1.3974405 1.3974405 1.4187437 2.0464546 2.0157980 1.8746997 1.9598613 1.5036037 1.6158595 1.5894099 1.4259804 1.1134137 2.0019396 1.9888070 3.3236140 
