108
Pbac_sb2651525                                                    0.0000000 0.3504390 1.1759394 2.4821723 5.5109330 5.2904567 2.0886257 0.0000010 0.0000010 1.4568768 0.0000010 0.5878174 0.0000010 0.0000010 0.0000010 0.0000010 0.6923197 4.1048304 3.1247482 7.0435179 3.8143945 4.1084963 3.6928790 3.8496955 4.4796250 0.7112204 2.2576236 0.0000010 5.7401806 4.7619883 4.4485721 3.8304483 2.6019441 3.2572337 5.5018096 4.6529617 0.0000010 0.0000010 9.0000000 0.0000010 2.8628793 2.8733983 5.1018982 0.0000010 0.0000010 9.0000000 3.1592571 2.8573290 0.0000010 4.1936160 1.9566445 3.2592390 3.3119228 3.0403753 2.2334456 3.1600746 2.2774755 3.0341856 3.0785714 3.1218696 3.5935438 0.0000010 0.0000010 8.9999986 2.0290735 7.7305217 3.1391501 2.8337524 3.3226082 4.2090172 3.4919430 3.4919430 2.7058299 0.0000010 3.8672096 6.6157960 3.5418757 4.1148181 3.7919811 3.8249110 3.4350325 2.8427845 3.6575019 2.9465547 0.0000010 3.7045721 2.0643531 4.1750235 3.1409418 8.9999981 3.1402896 1.7035210 1.9721807 3.2498920 3.2498920 0.0000010 3.2010097 3.7653463 3.5567311 3.6153560 4.3883877 8.9999983 6.2646349 4.8883307 9.0000000 9.0000000 0.0000010 1.5363628 
Horcal_Hcv1.av93.c1.g1557.i1                                      0.3504390 0.0000000 0.0105365 0.6747622 0.6673588 0.5821843 0.7004451 0.6097201 0.5026961 0.4947069 0.5751823 0.7811463 0.4985755 0.6765893 0.4889091 0.9213740 0.9947360 2.7085659 2.9787009 2.5052316 2.7300591 2.6591293 2.7515349 2.7531886 2.6443625 1.6579473 1.9418854 1.5621785 2.7239702 2.8958086 2.9050489 2.8994225 2.4756040 2.0549098 2.4595139 2.7950760 3.0646827 2.7778107 3.2539298 2.7785599 3.3031668 3.1360224 2.9146896 2.3894283 2.8823930 2.9250046 2.9426379 2.8197310 3.1395753 2.6271004 2.3191692 2.5724898 2.5963573 2.5395999 2.9563155 2.8509475 2.8651228 2.5481689 2.5616120 2.5767897 2.1694580 3.0216077 2.4007024 2.7174765 2.9393372 1.7790662 2.3483172 2.4271238 2.3969134 2.4900920 2.4674076 2.3840248 2.9356165 2.6519156 2.5207098 1.8786982 2.8345463 2.6889994 2.8445821 2.7817484 2.5504893 2.6212990 2.5368276 2.4631826 2.4141417 2.8212188 3.0302862 3.1602555 3.3186518 3.3371309 3.1119049 2.0387787 1.7604319 2.8669636 2.8681564 2.2407640 2.5454791 2.8113321 2.8420914 3.2920996 2.8138789 3.2100193 2.7532486 2.7420180 3.3928916 3.3812200 3.8180970 3.2232325 
Pbac_sb2653567                                                    1.1759394 0.0105365 0.0000000 0.7289789 0.6425847 0.5559310 0.6733367 0.5294049 0.4967339 0.4737595 0.0000010 4.0480301 0.0000010 0.0000010 0.0000010 0.0000010 2.0760118 2.7207992 2.1180114 2.8176328 2.6985479 2.6651469 2.6719009 2.6823598 2.6489820 3.2484459 6.0975504 2.9343222 2.8774225 3.2069810 3.2379583 2.9475757 2.6684616 1.9991281 0.0000010 2.8760981 0.0000010 2.4689368 3.4832269 2.3822445 2.4643089 0.0000010 2.9600215 2.4395394 3.3684171 2.9140688 0.0000010 2.4158654 0.0000010 2.7284871 3.8943461 2.5862470 2.6362467 2.6492469 0.0000010 3.0859821 0.0000010 2.7187413 2.6633903 2.6819184 2.6152431 0.0000010 2.0787998 2.7282290 9.0000000 1.9944852 2.2007239 2.3890972 2.3436676 2.5155697 2.4038843 2.4038843 4.7214373 0.0000010 2.6687025 2.3112377 2.8229397 2.6479015 2.7691470 2.6840068 2.5007777 2.4644293 2.5380540 2.5661230 0.8871608 2.8074184 0.0000010 3.2139635 3.2451255 3.1180842 3.7151521 1.9556326 3.5356778 3.1165129 3.1165129 2.2590741 2.7381115 2.7802826 2.9533294 3.0157354 3.0585739 2.6740492 2.9620036 2.7377220 3.3477749 3.3463927 0.6297589 0.0000010 
Mlei_ML0452.g12.i1                                                2.4821723 0.6747622 0.7289789 0.0000000 0.5221084 0.5696850 0.6480506 0.7101158 0.5257334 0.4362824 2.3494008 2.3175968 2.2458064 1.6861801 1.9134317 1.9947563 2.6248566 2.4801290 2.6612763 2.4526807 2.4169275 2.4406075 2.3994491 2.4063551 2.4340759 3.0583238 1.8655588 1.7112497 2.4997097 2.6722899 2.7754052 2.8787015 2.3616099 1.9137173 2.1522461 2.6907570 9.0000000 2.5574414 3.7530622 2.4448621 2.3286215 2.7081353 3.2646739 3.8510889 3.6745959 3.2123276 2.1016488 1.9099100 2.1734183 2.3536465 2.3874642 2.2420962 2.2564913 2.2805919 1.5878532 2.3970547 1.8489312 2.2013945 2.2196539 2.2698057 2.0847882 1.7281446 1.9648437 2.7304714 2.0770989 1.5418800 2.0137062 2.1230241 2.0191641 2.3457983 2.3426282 2.3306777 4.0465024 0.0000010 2.2699527 1.6972015 2.4056125 2.5359088 2.4080856 2.3873346 2.3365171 2.6630250 2.2589433 2.3073225 0.9825825 2.4882995 1.9650697 3.8343972 3.4658541 4.2556949 3.4089131 1.7881712 1.5957316 2.7457209 2.7142966 3.1256019 2.8304068 2.4880824 2.4884706 2.9737235 2.6151013 3.0525349 2.5606552 2.4405994 3.2342808 3.0300953 3.5186743 2.0159179 
Vmul_sbMO440077                                                   5.5109330 0.6673588 0.6425847 0.5221084 0.0000000 0.3210044 0.3291188 0.3387141 0.0000010 0.5703149 0.0000010 0.6171420 0.0000010 0.0000010 0.0000010 0.0000010 0.0000010 2.5634804 0.0000010 2.5358235 2.5472426 2.5566668 2.5206727 2.5206727 2.5125139 4.9178279 1.4209317 1.5952809 2.7379128 2.6875700 2.7806968 9.0000000 2.4641830 2.5230228 0.0000010 2.7366455 0.0000010 0.0000010 9.0000000 0.0000010 0.0000010 0.0000010 7.9249598 5.5989256 0.0000010 2.9233450 0.0000010 3.3766571 0.0000010 2.3382754 2.1230058 2.0610655 2.1179021 2.1392162 0.0000010 2.2055703 0.0000010 2.1201790 2.0529159 2.0890313 1.9724387 0.0000010 2.2255832 2.4031561 0.7693723 2.0229774 1.9471353 1.9769650 2.1297830 2.2863995 2.4038720 2.4038720 4.1451183 0.0000010 2.6243469 1.8887050 2.1995004 2.2395700 2.3171019 2.2416421 2.2452928 3.0851806 2.1811610 2.2303067 0.0000010 2.4558759 0.0000010 1.4728515 3.4260200 0.0000010 0.5376734 2.4435026 2.5961652 2.8946163 2.8946163 2.6893491 2.2597431 2.2453619 2.2434953 2.8822481 2.6136161 2.8271255 2.4855560 2.2743725 2.5706292 0.0000010 0.0000010 2.5958442 
Coeast_Cast_sb761740                                              5.2904567 0.5821843 0.5559310 0.5696850 0.3210044 0.0000000 0.0160545 0.0209710 0.2343321 0.4843095 0.0000010 2.1496081 0.0000010 9.0000000 0.0000010 0.0000010 5.9610563 2.3288884 0.0000010 2.3020075 2.2501737 2.2526952 2.1571552 2.1571552 2.2225529 2.7456315 1.3819679 1.6532267 2.9905022 2.6083914 2.5656425 2.4198307 2.2430107 2.3915441 1.1888261 2.4169999 0.0000010 0.0000010 9.0000000 0.0000010 0.0000010 0.0000010 8.9999982 2.5697080 4.6714279 2.7958075 1.9941093 2.9001692 0.0000010 2.1622358 2.9166656 1.8484640 1.9434728 1.9725722 0.0000010 2.5100248 0.0000010 1.9009016 1.8882474 1.9259233 1.9019741 0.0000010 2.0220386 2.1720276 0.5112715 1.7918663 1.9199451 1.9024275 1.9728185 2.0602995 2.1086148 2.1086148 4.8195568 0.0000010 1.8919563 1.7321173 2.1056914 2.0258152 2.2233415 2.1027215 2.0328859 2.2313922 2.0565475 2.0986540 0.0000010 2.2954350 0.0000010 4.4803509 2.2659423 0.0000010 1.5889664 1.6549450 1.7316513 2.3303187 2.3303187 2.2762621 3.6545446 2.1407355 2.2626120 3.0065854 2.3606494 3.0310333 2.3184006 2.3548345 2.8540374 0.0000010 1.3037028 2.3225650 
Coemet_Cmet_scaffold4960_01                                       2.0886257 0.7004451 0.6733367 0.6480506 0.3291188 0.0160545 0.0000000 0.0374868 0.2566670 0.4633644 3.3371281 2.9348387 3.3939208 2.2825818 0.0000010 4.2710109 3.2592721 2.2770032 2.0713234 2.2787357 2.2416517 2.2196481 2.1513450 2.1582600 2.2117926 2.8182866 1.9926628 1.8934553 2.9696769 2.5601587 2.4958528 2.4218055 2.0715067 2.3915441 2.2230216 2.4152511 9.0000000 0.0000010 9.0000000 0.0000010 2.4924832 1.3410543 4.7685705 2.2796285 2.9704222 2.8086204 1.9726172 2.6369875 0.0000010 2.1143565 2.0531178 1.9093403 2.0192635 2.0477693 1.9922786 2.3430341 1.8563392 1.9665961 1.9577272 1.9827366 1.9016948 1.7047798 2.0755411 2.2517849 1.9592666 1.7388268 1.8370049 1.8004186 1.8785407 2.0569684 1.9390952 1.9609714 3.0131801 1.0390573 1.9161488 1.7321173 2.0262771 2.0937670 2.1344339 2.0757966 2.0887308 2.1447859 2.1046796 2.0127226 6.9797720 2.4353814 2.1075646 4.2898872 3.3012416 3.6812144 3.2388544 2.0051392 1.7962670 2.4248759 2.4248759 2.2172383 3.9432289 2.0459301 2.1151730 2.7772586 2.4631413 3.8728301 2.3145521 2.2674676 2.5407712 8.9999983 2.3218144 2.3752769 
Coeast_Cast_sb761741                                              0.0000010 0.6097201 0.5294049 0.7101158 0.3387141 0.0209710 0.0374868 0.0000000 0.2343321 0.4186280 0.0000010 0.0000010 0.0000010 0.0000010 0.0000010 0.0000010 0.0000010 2.6376049 0.0000010 2.6376049 2.5459745 2.5248649 2.3138021 2.3138021 2.4100901 1.2198373 4.8831747 8.9999984 3.4382181 3.0388402 2.9810399 2.4198307 2.2841115 5.0481922 0.0000010 2.7231318 0.0000010 0.0000010 0.0000010 0.0000010 0.0000010 0.0000010 9.0000000 2.5697080 4.6714279 2.7912873 0.0000010 3.0105566 0.0000010 2.4594360 3.8470060 1.9099456 2.1718282 2.2793730 0.0000010 3.1867702 0.0000010 2.2775782 2.2562388 2.2907375 2.1724339 0.0000010 1.5489332 2.0250260 0.0000010 1.5738776 2.0467592 2.0950652 2.1985142 2.2644087 2.1130620 2.1130620 5.2577258 0.0000010 2.0654479 5.4054398 2.6389343 2.1735038 2.5936765 2.4481907 2.0705244 2.1454134 2.1477158 2.2437844 0.0000010 2.6351727 0.0000010 5.9324219 2.4154148 0.0000010 0.0000010 9.0000000 6.8844701 2.3426470 2.3426470 2.2762621 4.5414242 2.4294037 2.6659642 2.6943007 2.7530104 2.8495282 2.8784058 3.0833594 2.4775216 0.0000010 0.3667227 0.0000010 
Vmul_sbMO440080                                                   0.0000010 0.5026961 0.4967339 0.5257334 0.0000010 0.2343321 0.2566670 0.2343321 0.0000000 0.4321917 0.0000010 0.0000010 0.0000010 0.0000010 0.0000010 0.0000010 0.0000010 2.7557883 0.0000010 2.7557883 2.6463073 2.6080216 2.5111674 2.5111674 2.5798776 1.4179871 4.7850880 8.3035688 3.8896671 3.2956723 3.0908215 2.4188250 2.2598141 0.0000010 0.0000010 3.1089377 0.0000010 0.0000010 0.0000010 0.0000010 0.0000010 0.0000010 8.9999986 2.5465021 5.1879325 3.0399180 0.0000010 2.8002741 0.0000010 2.7525041 3.8026176 1.8107206 2.2196918 2.3807515 0.0000010 4.4335581 0.0000010 2.4146697 2.3026560 2.3372087 2.3276667 0.0000010 0.0000010 2.1948677 0.0000010 1.9801154 2.0077890 2.1210648 2.2040769 2.3685093 2.0067051 2.0067051 4.6676214 0.0000010 2.1934041 0.0000010 2.6312679 2.2811022 2.5209845 2.2933473 2.1637028 1.9597952 2.1407532 2.2284233 0.0000010 2.8479220 0.0000010 4.6162866 2.4906674 0.0000010 0.0000010 0.0000010 0.0000010 2.2899957 2.2899957 2.1606431 3.0468069 2.6899837 3.1246680 2.6605603 3.0183649 5.4287048 3.3225413 3.2225368 2.3919618 0.0000010 0.3667227 0.0000010 
Lampan_Lpan_8954_01                                               1.4568768 0.4947069 0.4737595 0.4362824 0.5703149 0.4843095 0.4633644 0.4186280 0.4321917 0.0000000 0.0000010 1.4278503 0.0000010 0.8187979 0.0000010 0.0000010 7.5839431 2.1272716 0.0000010 2.0763264 2.1284759 2.1182010 2.0619779 2.0619779 2.0720619 3.3598900 1.9847874 1.7652355 2.6856616 2.3624644 2.4363412 2.1387978 1.9553164 2.0696606 2.2466111 2.3276889 9.0000000 2.1176718 9.0000000 2.1176718 2.1176718 0.0000010 4.4419095 2.3617132 5.2174494 2.7842117 1.8068538 2.8163621 0.0000010 1.9153858 1.9893004 1.7338113 1.8009284 1.8443993 0.0000010 2.0773088 0.0000010 1.7617716 1.7879492 1.8108651 1.7104694 0.0000010 2.0680067 2.3213455 1.4896206 1.5772855 1.7427415 1.7667967 1.7173696 1.9099593 1.8282263 1.8282263 3.9374483 0.0000010 1.7407520 1.7204186 1.9784441 1.9598308 1.8711811 1.8714882 2.0002393 2.0577905 1.8151473 1.9621374 0.0000010 2.2571952 0.0000010 4.2692702 3.3486549 0.0000010 2.3401080 1.8351806 1.6329414 2.2898350 2.2898350 2.0757808 3.5453856 1.9286472 2.0496477 2.6747636 2.2195075 3.3692575 2.0054942 2.1300897 2.7722038 3.4388610 2.1839688 2.3745380 
Vmul_sbMO409997                                                   0.0000010 0.5751823 0.0000010 2.3494008 0.0000010 0.0000010 3.3371281 0.0000010 0.0000010 0.0000010 0.0000000 0.1799747 0.3664120 0.0112956 0.0544040 0.7095452 0.7095452 2.7324242 2.7324242 4.0232007 2.7710430 2.7676961 2.7970162 2.7970162 2.7871216 3.5988499 0.0000010 0.0000010 0.0000010 2.4733822 2.5005385 2.4783909 2.3748115 0.0000010 0.0000010 2.6183458 0.0000010 0.0000010 0.0000010 0.0000010 3.6126271 2.5227020 1.0232209 2.0945545 2.0945545 2.6665251 2.6767143 2.7116114 3.1299839 2.5587146 1.1342589 2.4605991 2.6707161 2.7103665 2.4046075 2.6385490 2.5833340 2.7322708 2.7049514 2.7224405 0.0000010 3.3613342 0.0000010 2.3197817 2.5976335 2.5169973 2.5989019 2.5785746 2.5077003 2.2052030 2.2021414 2.0634042 2.2021414 3.1519671 2.0697572 0.0000010 2.9163533 3.0867609 2.9600407 3.1100638 2.4952441 2.4855976 2.3009400 2.3932529 2.4550906 2.6718160 2.7665199 2.1139976 3.0034310 0.0000010 2.4682493 0.0000010 0.0000010 2.7725529 2.6548328 0.0000010 2.1637138 3.0877332 2.8645658 3.2478599 2.3312976 0.0000010 2.8416355 3.1397451 1.3108955 0.0000010 3.4076728 3.2192526 
Beraby_Baby_sb335966                                              0.5878174 0.7811463 4.0480301 2.3175968 0.6171420 2.1496081 2.9348387 0.0000010 0.0000010 1.4278503 0.1799747 0.0000000 0.3662312 0.3752755 0.3340205 0.8283787 0.7856178 3.1279560 3.0841669 4.0683993 3.1945316 3.0120443 3.2103791 3.2002497 2.9747014 0.4876052 2.5131130 2.5037007 2.9670672 2.9582156 3.0395055 2.8994602 2.8046201 4.9605694 0.0000010 2.9747536 2.6519692 2.6519692 2.8820027 2.7752476 3.5594008 2.8603822 2.1736139 1.4148912 1.9552423 2.8126694 2.8753931 2.9638476 3.2368761 2.9485765 1.4725836 2.8737822 2.9512420 2.8117396 2.6998202 2.9457527 2.7006991 2.8077725 2.9077418 2.9177042 3.0858134 3.1293575 2.8965227 2.5204476 3.0104413 2.2043459 2.8772378 2.9442205 2.7331548 2.9069049 2.6764035 2.4771900 2.6862924 2.9962196 2.7047409 4.8828549 3.4029511 3.3141880 3.5450188 3.4286183 2.8376902 2.8006115 2.9119845 2.7034305 2.5812037 2.9478732 3.0320478 2.4605041 2.5980824 2.2528723 2.7025142 3.1116959 3.1116959 2.7872216 2.8512778 0.0000010 2.4025371 3.1887999 3.1103327 3.8232228 2.5334898 5.6600849 3.4443940 3.2867169 1.3633709 8.9999989 4.5682126 3.6472423 
Mertsp_Mesp_sb539028                                              0.0000010 0.4985755 0.0000010 2.2458064 0.0000010 0.0000010 3.3939208 0.0000010 0.0000010 0.0000010 0.3664120 0.3662312 0.0000000 0.3001264 0.2589007 0.7770193 0.7770193 2.7005863 2.7005863 2.5654238 2.7434117 2.7465291 2.7625435 2.7455341 2.7427058 1.5928111 0.0000010 3.1467571 0.0000010 2.4646111 2.4477462 2.4490737 2.5849321 0.0000010 0.0000010 2.5107009 0.0000010 0.0000010 0.0000010 0.0000010 3.2404839 2.5536109 9.0000000 3.0777556 3.0777556 4.2586013 2.5312623 2.5901703 2.5723662 2.5547770 1.9305758 2.5421802 2.6849350 2.6911506 2.9066128 2.6677658 2.6257782 2.6947909 2.6843659 2.7084354 0.0000010 2.8516850 3.6086453 2.2869638 2.6444008 0.9542488 2.6468724 2.4848409 2.5119645 2.4023565 2.1505303 2.1016000 2.1505303 2.8882943 2.3187636 0.0000010 3.1817189 3.1158162 3.1119572 3.1299340 2.3508983 2.5504728 2.5338898 2.4945288 2.7459397 2.7936060 2.9305316 1.5723249 3.0034310 0.0000010 2.7994357 0.0000010 0.0000010 2.8427403 2.8336885 0.0000010 2.1819332 3.0633403 3.0065398 3.3162854 2.3279637 0.0000010 3.5967298 3.2312624 1.0298902 0.0000010 3.0003553 3.2724324 
Mlei_ML0452.g16.i1                                                0.0000010 0.6765893 0.0000010 1.6861801 0.0000010 9.0000000 2.2825818 0.0000010 0.0000010 0.8187979 0.0112956 0.3752755 0.3001264 0.0000000 0.1310696 0.7537920 0.7565069 2.9253431 3.0036538 1.3253895 3.0804684 2.8160653 3.0220238 3.0064593 2.7494421 0.5850987 1.3405701 2.7493832 0.0000010 2.9317949 3.0160125 2.8011473 2.3796045 0.0000010 1.3405701 2.9590883 3.5126901 3.5126901 3.5244479 3.4709840 3.7437717 0.0000010 1.2499417 1.5557026 1.3280006 0.9544959 3.0422360 3.0053782 2.9152855 2.8098155 0.8290602 2.7094895 2.9172985 2.9379108 2.1283153 2.7823519 2.7500680 2.8295032 2.8210562 2.8688643 0.5899421 3.3951714 2.9524515 2.9641807 2.6711004 0.6205273 2.9538500 2.7726179 2.7226840 2.5585884 2.3616489 1.6065915 2.5120369 3.3095179 2.4108819 0.0000010 3.3210820 3.3179730 3.6595215 3.5336359 2.9737549 2.9012395 2.4976029 2.6520317 2.4497555 2.6851385 2.7475837 2.0050424 2.6801906 0.4858204 2.6899654 0.4380198 0.0000010 2.6772897 2.7479795 0.0000010 2.0771230 3.3204693 3.2311066 3.4383763 2.2496941 2.1271331 2.6703284 3.4107830 1.2409445 0.0000010 4.0811878 3.4276299 
Bolinf_Binf_sb1256970                                             0.0000010 0.4889091 0.0000010 1.9134317 0.0000010 0.0000010 0.0000010 0.0000010 0.0000010 0.0000010 0.0544040 0.3340205 0.2589007 0.1310696 0.0000000 0.6190342 0.6190342 3.9371606 3.9371606 0.0000010 3.9765819 3.7566812 4.0230651 3.9711555 3.8089319 0.8990865 0.0000010 3.0049956 0.0000010 3.1117523 2.6938336 2.8951999 3.0504531 0.0000010 0.0000010 3.7156650 4.0022504 4.0022504 4.0022504 4.0022504 4.0124797 0.0000010 0.0000010 1.7940466 1.7940466 0.9544959 3.1518241 3.4485099 3.2894442 2.6566616 1.1342589 3.0415108 3.6875049 3.7520899 0.0000010 3.5021059 3.1786116 3.2020989 3.4294592 3.6982300 0.0000010 3.2443075 2.9524515 0.0000010 3.1862476 0.7648650 3.6853278 2.7379747 2.7723143 2.5598195 3.0003370 0.0000010 3.0937276 4.0624744 2.7434607 0.0000010 4.5004400 3.7878113 4.8796722 4.5413001 3.3099575 3.2728203 2.9085196 2.6380544 9.0000000 2.4830691 2.6705099 1.4199799 0.0000010 0.4858204 2.9825905 0.0000010 0.0000010 4.5703524 3.2421228 0.0000010 0.0000010 3.4132905 3.5105720 4.1266330 2.3705688 0.0000010 4.1755767 4.0296314 0.0000010 0.0000010 3.8636718 2.9262202 
Coeast_Cast_sb801053                                              0.0000010 0.9213740 0.0000010 1.9947563 0.0000010 0.0000010 4.2710109 0.0000010 0.0000010 0.0000010 0.7095452 0.8283787 0.7770193 0.7537920 0.6190342 0.0000000 0.0068108 2.6966410 2.6966410 2.2572611 2.7312691 2.6451621 2.7371125 2.7256527 2.6654373 2.8169392 0.0000010 2.5005382 0.0000010 3.1672475 3.0896506 2.9140155 2.8546620 0.5651141 0.0000010 2.9121483 1.8332134 1.8332134 1.8332134 1.8332134 3.3849558 3.5087121 1.1926971 1.7094676 1.7094676 4.5526708 2.9344312 2.9430754 2.9993327 2.9660940 1.1342589 2.8923269 3.1514493 3.0517566 2.7692265 3.0204214 2.7722670 2.8877088 3.0500856 3.0011108 0.0000010 3.0443363 3.3052415 2.3061102 2.9117291 2.4036344 2.9072662 2.8983042 2.8600783 2.7619097 2.7314737 2.6144613 2.7619090 2.8297764 2.7508978 0.0000010 3.5993956 3.3543120 3.6539751 3.5290362 2.7549316 2.9530798 2.6995794 2.6511491 2.8562585 2.9914247 3.1409128 1.7896778 1.8295894 1.5635097 3.1366391 0.0000010 0.0000010 3.3291528 3.2166969 0.0000010 2.8690670 3.4134389 3.3076778 3.6649068 2.5518354 0.0000010 3.0169863 3.5770704 1.8555138 0.0000010 3.8749176 3.7044418 
Coeast_Cast_sb801051                                              0.6923197 0.9947360 2.0760118 2.6248566 0.0000010 5.9610563 3.2592721 0.0000010 0.0000010 7.5839431 0.7095452 0.7856178 0.7770193 0.7565069 0.6190342 0.0068108 0.0000000 2.6453274 2.7013064 1.7821967 2.6598594 2.6050277 2.6740879 2.6650470 2.6117254 0.7692508 2.4145179 2.5188997 0.0000010 2.9856340 2.8870820 2.7881708 2.6956814 0.5651141 3.4481640 2.7927203 1.8332134 1.8332134 1.8332134 1.8332134 3.1397509 2.9945382 1.9617062 1.6168533 1.6647769 3.3766611 2.7848432 2.9247763 2.9993327 2.9155983 1.5052317 2.7789542 2.9458937 2.8037532 2.5820925 2.8378052 2.6665179 2.7662660 2.8338847 2.8019817 1.4247580 3.0443363 3.1782594 2.2027700 2.7767005 2.2089117 2.6819384 2.6492616 2.6376081 2.6556445 2.5089674 2.2923867 2.6203504 2.8297764 2.5386474 0.6927066 3.3526179 3.3199764 3.4891069 3.4025537 2.5770772 2.6721981 2.5641951 2.5078264 2.7369559 2.8591904 3.0417960 2.2664721 2.4621187 2.8046007 3.0020022 2.5143668 3.6696299 2.9630016 2.9535946 0.0000010 2.6271171 3.2091476 3.1032768 3.5967026 2.6337145 1.3826680 2.9322202 3.3515457 3.6034199 0.0000010 3.8449196 3.6592786 
TrH2_TrispH2_000972-RA                                            4.1048304 2.7085659 2.7207992 2.4801290 2.5634804 2.3288884 2.2770032 2.6376049 2.7557883 2.1272716 2.7324242 3.1279560 2.7005863 2.9253431 3.9371606 2.6966410 2.6453274 0.0000000 0.0000010 0.0057664 0.1692062 0.1590624 0.1783374 0.1798827 0.1550588 2.5339973 1.4937136 1.5039979 2.2145840 2.6856017 2.7467035 2.8920818 2.0856567 1.9680363 1.4358980 2.4420649 3.3237573 2.9395908 3.1221952 2.9475746 3.4397095 2.8036623 2.5881382 2.2152361 2.2952700 2.5546375 2.8349721 2.7551463 2.6254975 2.3359099 1.9148298 1.8300021 1.7849299 1.7122222 1.8068483 2.0254160 1.8559637 1.7486103 1.8073696 1.8078245 1.7037201 2.0987860 1.7720124 1.8027149 2.1064315 1.4848623 1.8058636 1.8457190 2.0284284 1.9714139 1.8910081 1.7424026 2.3652495 2.3888722 1.9781287 1.3850570 2.1787285 2.1102309 2.2787211 2.2578929 1.9408743 1.8727240 1.9287329 2.0270290 1.9400302 2.2540772 2.5990714 2.9974235 2.7981883 2.5942280 2.8115066 1.7155672 1.6576107 2.5508426 2.5575479 2.7072335 2.2188770 2.0430606 2.1743337 2.4993978 2.3853189 2.7418480 2.3312012 2.5635486 2.5859638 2.1965161 3.7552674 4.3770274 
Tadh_TriadT52198                                                  3.1247482 2.9787009 2.1180114 2.6612763 0.0000010 0.0000010 2.0713234 0.0000010 0.0000010 0.0000010 2.7324242 3.0841669 2.7005863 3.0036538 3.9371606 2.6966410 2.7013064 0.0000010 0.0000000 0.9283332 0.1649803 0.1374372 0.1647045 0.1693225 0.1447946 2.8839489 0.0000010 1.8904484 0.0000010 3.1874775 3.1039652 3.1086912 2.1394552 2.8484177 0.0000010 2.6909328 3.4555075 2.7911566 2.9033337 2.8550168 3.6212152 2.8036623 1.9863581 1.3321615 1.3321615 1.0742957 2.8272287 2.7334818 2.6254975 2.4857552 1.7715935 1.8693991 1.8468491 1.6794830 1.8068483 1.9803181 1.8559637 1.7080871 1.8967222 1.9286412 0.0000010 2.0987860 2.3702430 1.0902338 2.1122319 2.5060312 1.9950187 1.9962283 2.1747394 2.0396648 1.9293539 1.5385048 2.1606761 2.3888722 2.1239305 0.0000010 2.2905717 1.9647228 2.3998359 2.3525170 2.0882419 1.9415110 2.0587415 2.0767672 1.9293860 2.4380380 2.5990714 2.0825493 2.4984845 2.4853120 2.6380345 0.0000010 0.0000010 2.4030873 2.4415134 0.0000010 2.1313443 2.1965664 2.3584933 2.5355494 2.4995973 0.0000010 2.4551510 2.6773703 0.7835162 1.9190841 3.9631680 4.6791091 
Tadh_TriadT52197                                                  7.0435179 2.5052316 2.8176328 2.4526807 2.5358235 2.3020075 2.2787357 2.6376049 2.7557883 2.0763264 4.0232007 4.0683993 2.5654238 1.3253895 0.0000010 2.2572611 1.7821967 0.0057664 0.9283332 0.0000000 0.1822730 0.1865523 0.1980768 0.1966920 0.1736808 1.9535170 1.4937136 1.4870071 2.4029648 2.4030433 2.5772666 2.5562996 2.0698927 2.3894542 1.4358980 2.3439545 0.7287252 3.0341602 4.8477378 2.8505010 2.7601192 0.0000010 2.7988406 2.3881476 2.7574329 2.6785281 3.2749183 2.8211319 0.0000010 2.2453185 1.9348446 1.7961666 1.7418905 1.7442913 1.4238724 2.1306644 1.5006976 1.7953317 1.7371886 1.7112820 1.7454396 0.0000010 1.9733373 1.9708371 1.5194678 1.4335446 1.6433845 1.7328570 1.9207172 1.9317372 1.8472742 1.8472742 3.7030421 0.0000010 1.8777498 1.3850570 2.0682281 2.2347675 2.1761599 2.1658016 1.8428475 1.7613501 1.8220745 1.9887273 1.6053541 2.0999578 1.0816019 4.0335333 2.9508753 4.3404079 4.0403666 1.7941935 1.6576107 2.7210968 2.7210968 2.7072335 3.8558683 1.9376220 2.0498941 2.4960420 2.3318196 2.7418480 2.2973858 2.4774130 2.7531035 2.5383850 1.9874085 2.2123150 
HoiH23_PlH23_003499-RA                                            3.8143945 2.7300591 2.6985479 2.4169275 2.5472426 2.2501737 2.2416517 2.5459745 2.6463073 2.1284759 2.7710430 3.1945316 2.7434117 3.0804684 3.9765819 2.7312691 2.6598594 0.1692062 0.1649803 0.1822730 0.0000000 0.0408995 0.0983767 0.0978108 0.0999466 2.5212381 1.5198598 1.6253448 2.3950793 2.6723126 2.7307220 2.8159886 2.1299866 1.9116000 1.4741223 2.4611915 3.5758536 2.9627662 3.3242174 3.0040829 3.4740430 2.7776076 2.7633035 2.3334541 2.4294432 2.5655488 2.7365722 2.6817749 2.8153573 2.3076293 1.8081926 1.8113265 1.7586072 1.6901578 1.7269349 1.9951811 1.8251144 1.7210997 1.7720777 1.7939619 1.6464068 2.1401394 1.7017327 1.8031253 2.1030396 1.4908001 1.8098110 1.8399615 2.0097308 1.9808409 1.8970551 1.7629864 2.2758900 2.3174038 2.0263993 1.4493273 2.1710529 2.0651935 2.2614547 2.2209967 1.9430112 1.9000000 1.9850009 2.0147159 1.9496821 2.2583405 2.6429972 3.1429041 2.8601275 2.6974820 2.8060032 1.7131634 1.6041315 2.5839062 2.5923792 2.6528954 2.1631852 2.0015015 2.1428427 2.5092977 2.4305079 2.6652928 2.2906515 2.5696967 2.5302607 2.2858867 3.8847427 4.3333605 
HoiH06_mRNA12864                                                  4.1084963 2.6591293 2.6651469 2.4406075 2.5566668 2.2526952 2.2196481 2.5248649 2.6080216 2.1182010 2.7676961 3.0120443 2.7465291 2.8160653 3.7566812 2.6451621 2.6050277 0.1590624 0.1374372 0.1865523 0.0408995 0.0000000 0.0903596 0.0897540 0.1013996 2.6170176 1.5355906 1.6319167 2.3911703 2.6164822 2.6366886 2.7520060 2.0366957 1.9136670 1.4808216 2.4306364 3.0329500 2.6243226 2.8578367 2.6480363 3.4717835 2.7527960 2.7089309 2.3547204 2.4061280 2.6002514 2.4624395 2.6100479 2.7820274 2.3055014 1.8418773 1.7260262 1.7035247 1.6802103 1.7364160 1.8972294 1.8385517 1.6999773 1.7008403 1.7080802 1.6412372 2.1305613 1.7063772 1.7895187 1.9362366 1.5075235 1.7313671 1.7760204 1.9288489 1.8915134 1.8288380 1.7548365 2.1032125 2.3344776 1.9311643 1.5004541 2.1281263 2.0734851 2.1803603 2.1722526 1.8600535 1.8100887 1.8902600 1.9296627 1.9858653 2.2259159 2.5500557 3.1743311 2.9349997 2.7059219 2.7610791 1.7279740 1.6272830 2.5856110 2.6002303 2.6709214 2.1862632 1.9917165 2.0529876 2.4762114 2.4254454 2.6580452 2.3079684 2.5078301 2.5846281 2.2578008 3.2967070 3.7848560 
Hhon_g03210.t1                                                    3.6928790 2.7515349 2.6719009 2.3994491 2.5206727 2.1571552 2.1513450 2.3138021 2.5111674 2.0619779 2.7970162 3.2103791 2.7625435 3.0220238 4.0230651 2.7371125 2.6740879 0.1783374 0.1647045 0.1980768 0.0983767 0.0903596 0.0000000 0.0034311 0.1192002 2.6124571 1.4384054 1.6253448 2.3108554 2.6604490 2.7223908 2.8044646 2.0725139 1.7957735 1.4166014 2.4316951 3.5300041 2.9831454 3.3232834 2.9941874 3.5177260 2.7666431 2.8692687 2.1184596 2.3703767 2.5675563 2.7291395 2.6515337 2.6464471 2.3569063 1.8439281 1.7964336 1.7467242 1.6822044 1.7684323 1.9924696 1.8680639 1.7189546 1.7728278 1.7949726 1.5992999 2.2254052 1.6610404 1.7735051 2.0940084 1.4931120 1.8041075 1.8535019 2.0235432 1.9592932 1.8931677 1.7486665 2.2556715 2.3656048 2.0104565 1.3507645 2.1813916 2.0688215 2.2469947 2.2344728 1.9257447 1.9195985 1.9788671 2.0046529 1.9665875 2.2847038 2.6287734 3.1566593 2.8621562 2.7318179 2.8237063 1.6846183 1.5586299 2.5714440 2.5760799 2.5787436 2.1308982 2.0315849 2.1499182 2.4940590 2.3643501 2.6543353 2.3019765 2.5753609 2.4664316 2.3795676 3.7669978 4.3237289 
HoiH04_mRNA4686                                                   3.8496955 2.7531886 2.6823598 2.4063551 2.5206727 2.1571552 2.1582600 2.3138021 2.5111674 2.0619779 2.7970162 3.2002497 2.7455341 3.0064593 3.9711555 2.7256527 2.6650470 0.1798827 0.1693225 0.1966920 0.0978108 0.0897540 0.0034311 0.0000000 0.1178100 2.6124571 1.4384054 1.6253448 2.3108554 2.6585335 2.7148316 2.7902948 2.0738015 1.7957735 1.4166014 2.4268429 3.5064033 2.9714315 3.3073839 2.9801691 3.5033930 2.7666431 2.8625862 2.1184596 2.3703767 2.5654060 2.7172993 2.6465283 2.6234229 2.3527441 1.8439281 1.7984710 1.7458722 1.6839942 1.7684323 1.9993051 1.8733238 1.7226669 1.7768780 1.7992040 1.5998212 2.2440766 1.6610404 1.7793198 2.0942350 1.4931120 1.8022915 1.8522861 2.0214775 1.9577729 1.8936828 1.7489322 2.2566070 2.3656048 2.0085852 1.3507645 2.1825584 2.0708226 2.2489701 2.2364836 1.9222331 1.9138956 1.9778301 2.0004747 1.9665875 2.2795753 2.6116268 3.1566593 2.8629997 2.7318179 2.8256854 1.6846183 1.5586299 2.5705137 2.5723796 2.5787436 2.1308982 2.0328052 2.1506654 2.4914623 2.3597472 2.6543353 2.3060509 2.5777731 2.4593427 2.3821552 3.7259413 4.3090216 
HoiH11_mRNA3888                                                   4.4796250 2.6443625 2.6489820 2.4340759 2.5125139 2.2225529 2.2117926 2.4100901 2.5798776 2.0720619 2.7871216 2.9747014 2.7427058 2.7494421 3.8089319 2.6654373 2.6117254 0.1550588 0.1447946 0.1736808 0.0999466 0.1013996 0.1192002 0.1178100 0.0000000 2.6263840 1.5048408 1.6453836 2.4205227 2.6313145 2.6494969 2.7063668 2.0417971 1.7786044 1.5148780 2.4164240 2.3770566 2.3639066 2.4897037 2.3546686 3.4369287 2.7937038 2.7210628 2.3527270 2.5569672 2.5839811 2.4255733 2.5930003 2.7750907 2.2637615 1.8219320 1.7067590 1.6720525 1.6621028 1.7740110 1.8783234 1.8681517 1.7021026 1.6699973 1.6690263 1.6611662 2.1293192 1.6181678 1.7837243 1.9192389 1.5223120 1.7323400 1.7735447 1.9312124 1.8530976 1.8257261 1.7573778 2.0689908 2.4359600 1.9343805 1.3461878 2.0878005 2.0851648 2.1375331 2.1526257 1.8273299 1.7935019 1.8773336 1.9571808 1.9832204 2.2011989 2.4343395 3.1394740 3.0062988 2.8713683 2.7726270 1.7044007 1.5736870 2.5785549 2.5900802 2.7027090 2.2068429 2.0301102 2.1004901 2.4484220 2.4136316 2.7626740 2.2728803 2.4445613 2.4977737 2.2558726 3.0209721 3.5355303 
Mlei_ML0452.g14.i1                                                0.7112204 1.6579473 3.2484459 3.0583238 4.9178279 2.7456315 2.8182866 1.2198373 1.4179871 3.3598900 3.5988499 0.4876052 1.5928111 0.5850987 0.8990865 2.8169392 0.7692508 2.5339973 2.8839489 1.9535170 2.5212381 2.6170176 2.6124571 2.6124571 2.6263840 0.0000000 2.8553154 3.5467300 3.2634640 2.7696593 2.9327067 2.1698806 2.3033161 3.7850026 0.0000010 3.1914310 0.0000010 4.2712871 0.0000010 4.2712871 3.5852243 3.0815485 3.3286182 1.6226803 0.8611820 2.8866352 2.7485968 2.3457754 1.8038202 2.1847177 1.5846527 2.1643676 2.2151700 2.1884443 2.3592595 2.3933998 2.1626525 2.2127116 2.2096430 2.2264129 2.3614120 0.0000010 2.9547132 1.8003095 1.9317983 3.1043229 2.2742707 2.4185638 2.4286103 2.5364044 2.5720118 2.6974154 2.4878014 0.0000010 2.0489430 2.8688920 2.7078501 2.5925913 2.5754946 2.6058123 2.2991491 2.0553727 2.6435895 2.1251549 2.4692878 2.3843035 2.2906296 5.4963630 3.1062976 3.3534227 2.7882551 2.3133950 2.3538425 2.5230638 2.4087748 1.1766548 2.5027601 2.3155657 2.3195638 2.9336376 2.6744620 5.5188936 2.7040723 3.1426316 4.5905690 7.3878126 1.2686198 0.2181702 
Tetwil_g18578.t2                                                  2.2576236 1.9418854 6.0975504 1.8655588 1.4209317 1.3819679 1.9926628 4.8831747 4.7850880 1.9847874 0.0000010 2.5131130 0.0000010 1.3405701 0.0000010 0.0000010 2.4145179 1.4937136 0.0000010 1.4937136 1.5198598 1.5355906 1.4384054 1.4384054 1.5048408 2.8553154 0.0000000 0.4799041 0.6951967 0.8723645 1.0083479 2.8386056 1.3650393 0.4083320 0.8485051 0.6655121 0.0000010 0.0000010 1.4698532 0.0000010 0.0000010 0.0000010 0.7984929 0.2702607 0.0000010 2.4002687 2.5895118 2.6758163 0.0000010 1.4035648 1.2302999 1.2401090 1.1128555 1.1496043 0.0000010 1.5868246 0.0000010 1.1382221 1.1330818 1.1519990 1.2414510 0.0000010 1.9482616 1.9083792 0.0000010 1.1236159 1.2379933 1.3141684 1.1789196 1.3150331 1.2749524 1.2749524 3.6567037 0.0000010 1.3197776 1.0806282 1.3829698 0.9966697 1.3138901 1.3240100 1.2965944 2.1046237 1.3256877 1.3237738 0.0000010 1.6351363 0.0000010 3.6905814 2.8202073 0.0000010 4.2607031 1.4966371 1.0798004 1.4779126 1.4779126 0.2901216 3.7125018 1.5972115 1.6298596 2.5006661 1.1676034 3.5478430 1.3870411 1.4248330 2.0169765 0.0000010 1.3988797 1.2203667 
Stycar_maker-SC_scaffold8269-snap-gene-0.5-mRNA-1                 0.0000010 1.5621785 2.9343222 1.7112497 1.5952809 1.6532267 1.8934553 8.9999984 8.3035688 1.7652355 0.0000010 2.5037007 3.1467571 2.7493832 3.0049956 2.5005382 2.5188997 1.5039979 1.8904484 1.4870071 1.6253448 1.6319167 1.6253448 1.6253448 1.6453836 3.5467300 0.4799041 0.0000000 0.5705281 0.9291980 0.9891106 1.1782703 1.4850999 0.5239451 1.6013932 0.8556582 2.2065691 2.2065691 2.0089416 2.2065691 1.4007704 0.0000010 3.4881407 7.8888368 4.0064473 2.5316591 2.1861217 1.6450792 1.2810737 1.2158372 9.0000000 1.1503406 1.1600212 1.1878669 0.0000010 2.3431420 0.9355870 1.1305292 1.1929863 1.2184421 1.0487983 0.9355870 1.6459427 1.5400904 0.8727948 1.0192601 1.2681642 1.5174628 1.4900552 1.6698055 1.4696680 1.4549118 2.4888078 0.6963037 1.3999501 1.1796432 1.2925009 1.1437138 1.1045349 1.1570792 1.1973208 1.8346645 1.6688501 1.5047477 1.6957864 1.2263440 1.9262374 2.4963292 3.1222807 0.4751413 3.9184024 1.1093490 0.9210921 1.5988523 1.5331574 3.9598422 4.7765165 1.2332329 1.3069293 3.0318166 1.3861591 2.4168394 1.2430479 1.4017688 2.0945120 0.0000010 1.7725308 1.6334270 
Xestes_augustus_masked-XT_scaffold67512-processed-gene-0.1-mRNA-1 5.7401806 2.7239702 2.8774225 2.4997097 2.7379128 2.9905022 2.9696769 3.4382181 3.8896671 2.6856616 0.0000010 2.9670672 0.0000010 0.0000010 0.0000010 0.0000010 0.0000010 2.2145840 0.0000010 2.4029648 2.3950793 2.3911703 2.3108554 2.3108554 2.4205227 3.2634640 0.6951967 0.5705281 0.0000000 0.4320861 0.3773972 0.0000010 2.1222706 0.7473316 0.0000010 1.1856367 0.0000010 0.0000010 2.0852892 0.0000010 0.0000010 0.0000010 2.1487347 0.5963540 0.0000010 1.4104892 0.0000010 1.4178893 0.0000010 2.0782223 2.2542985 2.1330222 2.0196203 2.0102689 0.0000010 2.1185497 0.0000010 2.0110559 2.0030242 1.9892006 1.9701434 0.0000010 2.0921136 2.6283086 2.4436368 2.3535844 2.0662003 2.4721222 2.3645164 2.5278456 2.4982621 2.4982621 8.9999989 0.0000010 2.5379254 2.1850389 2.5078187 2.3894453 2.6272217 2.6496058 2.3600646 2.2259403 2.6343852 2.3611706 0.0000010 2.3187779 0.0000010 3.5309425 2.0961274 0.0000010 0.6795777 2.2061482 2.9134933 2.9055995 2.9055995 2.1343938 4.4636348 2.1758585 2.2124297 2.9716171 1.9664002 1.6186254 2.3502954 2.4666814 2.4240525 0.0000010 2.2215614 2.0888333 
Aque_Aqu2.1.40999_001                                             4.7619883 2.8958086 3.2069810 2.6722899 2.6875700 2.6083914 2.5601587 3.0388402 3.2956723 2.3624644 2.4733822 2.9582156 2.4646111 2.9317949 3.1117523 3.1672475 2.9856340 2.6856017 3.1874775 2.4030433 2.6723126 2.6164822 2.6604490 2.6585335 2.6313145 2.7696593 0.8723645 0.9291980 0.4320861 0.0000000 0.3590043 0.5682650 2.3272134 0.8001627 1.0007840 1.2359727 1.6086989 1.5275042 1.6278178 1.7757138 1.9041824 0.9996846 1.8550402 1.0103860 1.2344478 1.5434243 0.9749133 1.0670716 1.6777084 2.4703633 2.0871488 2.3071346 2.3296829 2.3124467 2.4819487 2.5159999 2.2166658 2.3601624 2.3323204 2.3345587 2.2615699 2.4067059 1.7765909 2.7001464 2.3318629 1.6623233 2.1592218 2.2178691 2.3306590 2.5408979 2.4035776 2.4234946 2.6759467 1.9484526 2.4780562 1.8809467 2.7615865 2.5814836 2.7507296 2.7281546 2.2115353 2.4520894 2.3917948 2.4040952 1.9233498 2.5161222 2.5633435 2.8663153 3.1787397 2.6591165 2.5968814 1.7541142 1.6898775 2.6117234 2.6148675 2.3812648 2.1652425 2.3884022 2.5394956 2.8776026 1.6927626 1.9481396 2.6589019 2.6547367 2.1299039 2.8459012 2.5024563 2.7977297 
Halamb_c56540_g1_i2m.43608                                        4.4485721 2.9050489 3.2379583 2.7754052 2.7806968 2.5656425 2.4958528 2.9810399 3.0908215 2.4363412 2.5005385 3.0395055 2.4477462 3.0160125 2.6938336 3.0896506 2.8870820 2.7467035 3.1039652 2.5772666 2.7307220 2.6366886 2.7223908 2.7148316 2.6494969 2.9327067 1.0083479 0.9891106 0.3773972 0.3590043 0.0000000 0.5383957 2.3137023 0.6921520 1.1048976 1.2225825 2.1825564 1.7107485 1.8979221 2.0497091 1.8652401 0.9212379 2.0919970 0.9753502 1.2400999 1.5427528 0.9540710 1.0768792 1.4586649 2.5055568 2.0617183 2.3755068 2.3876033 2.3548389 2.4368620 2.6035581 2.1671502 2.3930566 2.3700481 2.4064965 2.2833148 2.3239681 1.9495453 2.8656819 2.3980075 1.7982363 2.2008382 2.2746914 2.2889169 2.5313483 2.3721807 2.3997799 2.6040200 1.9381627 2.4502458 2.0773337 2.7991024 2.5451808 2.7469061 2.7306154 2.2222893 2.3565431 2.3991317 2.4145093 1.8964336 2.5424370 2.5555352 2.7802315 3.2031554 2.6417854 2.5327597 1.7269104 1.6436173 2.5887252 2.5898159 2.5439186 2.0857071 2.4156313 2.5963205 2.9364189 1.7372505 2.1294381 2.7348898 2.7730205 1.8432443 2.6060294 2.9651162 3.0910097 
Xestes_maker-XT_scaffold4950-snap-gene-0.4-mRNA-1                 3.8304483 2.8994225 2.9475757 2.8787015 9.0000000 2.4198307 2.4218055 2.4198307 2.4188250 2.1387978 2.4783909 2.8994602 2.4490737 2.8011473 2.8951999 2.9140155 2.7881708 2.8920818 3.1086912 2.5562996 2.8159886 2.7520060 2.8044646 2.7902948 2.7063668 2.1698806 2.8386056 1.1782703 0.0000010 0.5682650 0.5383957 0.0000000 2.3873502 9.0000000 1.9482616 1.1916937 1.8221100 1.7311690 1.6175672 2.2704296 1.8306691 0.8834682 2.6061451 0.9573541 1.0985789 1.4742184 0.9234465 0.9971579 1.3074069 2.4807903 3.1099123 2.4629469 2.4410637 2.4644257 2.3787440 2.6372068 2.1800281 2.5144164 2.4416909 2.4746264 3.2657958 2.5289354 1.1703172 2.4989568 2.3244971 1.6354963 2.2408195 2.3121252 2.4672084 2.6362105 2.3764344 2.4941287 2.3510830 1.6564616 2.5586931 0.0000010 2.9053356 2.6414330 2.7923407 2.7473177 2.2911906 2.2063711 2.4742479 2.3797739 1.9054126 2.4832361 2.4014267 1.8610741 3.2249600 2.9861564 2.5125441 2.1271331 0.0000010 2.7368362 2.6480925 2.3107789 1.9679709 2.4753425 2.6797976 2.7408368 1.5848802 5.9413062 3.1628821 2.8225780 1.2991929 2.5111416 3.4264878 2.7483786 
Dpul_mRNA30820                                                    2.6019441 2.4756040 2.6684616 2.3616099 2.4641830 2.2430107 2.0715067 2.2841115 2.2598141 1.9553164 2.3748115 2.8046201 2.5849321 2.3796045 3.0504531 2.8546620 2.6956814 2.0856567 2.1394552 2.0698927 2.1299866 2.0366957 2.0725139 2.0738015 2.0417971 2.3033161 1.3650393 1.4850999 2.1222706 2.3272134 2.3137023 2.3873502 0.0000000 2.0782644 1.4660181 2.1434874 2.3889082 2.3268615 2.4679431 2.4129469 2.4124823 2.5472924 2.0184559 2.0119088 2.3032571 2.4925785 2.1755146 2.2372760 1.7700913 2.0946362 1.4689022 1.5535899 1.5867770 1.5620045 1.4652063 1.6626785 1.5555306 1.5679883 1.5480159 1.5665235 1.5735151 1.9213497 1.4175258 1.7271555 1.5519079 1.0705029 1.1698375 1.1654664 1.2982812 1.2170083 1.1513971 1.1201917 1.3228578 1.2074697 1.0130591 1.6613152 1.8318632 1.8490332 1.9477876 1.8994065 1.2762103 1.1582049 1.2171842 0.8742807 1.7824656 2.2081180 2.1368531 2.0084299 2.8410839 2.4808334 2.3905822 1.4314654 1.1728916 2.3691389 2.3461135 2.2455524 1.8045589 1.8603220 1.9706535 2.1114522 2.4650674 2.4564686 2.0795161 2.1992957 2.3841045 2.5526076 2.1003349 2.9213345 
Spolac_c79619_g1_i1_m.2413c100533-g1                              3.2572337 2.0549098 1.9991281 1.9137173 2.5230228 2.3915441 2.3915441 5.0481922 0.0000010 2.0696606 0.0000010 4.9605694 0.0000010 0.0000010 0.0000010 0.5651141 0.5651141 1.9680363 2.8484177 2.3894542 1.9116000 1.9136670 1.7957735 1.7957735 1.7786044 3.7850026 0.4083320 0.5239451 0.7473316 0.8001627 0.6921520 9.0000000 2.0782644 0.0000000 0.6623222 0.1169104 0.0000010 0.0000010 1.4460785 0.0000010 0.0000010 9.0000000 0.8149272 0.0000010 0.0000010 1.6361162 4.7818908 3.0590065 0.0000010 2.1162812 0.0000010 1.8159120 1.7839386 1.8672549 2.8484177 1.8622511 2.8484177 1.8066237 1.8414114 1.7884338 1.8200036 0.0000010 1.8601006 0.0000010 1.2442470 2.1273308 1.7490625 1.9322780 1.7449151 1.5041488 1.5458325 1.5340213 2.0054137 0.0000010 1.8410413 2.1003683 1.8740767 1.9325250 1.9794621 2.0565297 1.9226058 1.6326194 1.8747443 1.8656186 2.8484177 1.6429755 2.8484177 0.7207551 3.2366749 0.0000010 0.8037521 1.8675294 2.3473192 1.7121213 1.7121213 0.0000010 0.9463955 1.4195457 1.4137489 2.7346563 1.4769085 2.8713096 1.8059300 2.0844044 2.7192869 0.0000010 0.0000010 2.0266408 
