65
Pbac_sb2669143                                         0.0000000 0.0446693 0.0447503 0.0689558 1.1482629 1.1936345 0.0000010 3.1114219 2.4061542 2.3483850 8.9999987 2.4888783 3.0934715 4.0478014 2.9923804 5.7158777 1.6822894 1.9536082 2.0363793 2.3164822 2.6022966 0.0000010 2.1495465 2.5197776 2.6926631 3.1398334 2.3128790 9.0000000 2.8834410 2.6923949 2.2044898 2.2193557 2.8181676 2.6788367 3.5808789 3.4977645 3.2594808 2.2416461 2.8359569 2.6728643 2.8708016 2.7917723 3.2421503 2.7139334 2.9297817 2.9500920 2.8836833 4.1047666 2.8188438 8.9999988 2.9803622 2.8518445 2.3113634 1.1402493 2.5707358 3.2253877 3.4447823 3.3168242 3.4074542 3.2598826 3.3280936 0.0000010 4.2842247 0.0000010 8.2910524 
Horcal_Hcv1.av93.c2.g959.i1                            0.0446693 0.0000000 0.0154686 0.0548690 1.0318113 1.5985186 4.9555125 4.2538438 3.8507635 4.0449848 5.9661341 4.2643563 3.1012025 4.5372847 3.9384410 5.2308309 1.7661628 3.1485028 3.6791293 3.8895802 4.0713148 6.2317250 2.7585534 3.6574677 4.0904556 4.3083020 4.8032308 3.3586570 4.4014588 4.2019885 4.4603695 2.4906820 2.8742062 4.7891820 4.9756001 4.8904797 4.8852028 6.0682975 4.1648881 4.1489200 3.6233608 4.0779204 4.2335358 4.1823508 4.1424806 4.2726874 4.2038241 4.5693663 4.0796531 3.5417241 3.9781726 3.8812094 4.3064118 4.8684862 2.4568815 4.4171485 4.2956083 4.2684787 4.3112149 4.4348660 4.3867348 4.8527591 4.8553276 4.5851476 8.9999983 
Horcal_Hcv1.av93.c2.g959.i2                            0.0447503 0.0154686 0.0000000 0.0597867 1.0432291 1.5466751 4.9785380 4.2069251 3.8293838 4.0492580 6.0360151 4.2780490 3.1206285 4.5591478 3.9890091 5.3112421 1.7661628 3.2055537 3.7335433 3.9114851 4.0807376 6.2317250 2.7856553 3.7212577 4.1179223 4.2807837 4.7763869 3.2749023 4.5055473 4.2666606 4.5304841 2.5113528 2.9136812 4.8017110 4.9614584 4.8770330 4.8886793 6.0265800 4.2091701 4.1673471 3.6692926 4.1146155 4.2881449 4.2289448 4.1440878 4.2958090 4.2347452 4.6673243 4.0661445 3.4092137 3.9563903 3.8774869 4.3125922 4.8489273 2.4568815 4.4451091 4.3364759 4.3064124 4.3493224 4.4737983 4.4254070 4.8732128 4.8625726 4.3810309 8.9999984 
Pbac_sb2663536                                         0.0689558 0.0548690 0.0597867 0.0000000 1.0436728 1.5160629 6.4289881 4.3416188 3.8694673 3.8520241 7.7226859 4.3612350 3.0618196 4.7111348 4.1532982 5.3493745 1.8900782 3.0938271 3.8135436 3.7234886 3.8088987 7.6632749 2.8819488 3.7193661 4.3428366 4.3456694 5.5691274 9.0000000 4.3952738 4.5175740 4.6421989 2.5474663 2.8280418 4.2284821 4.7908623 4.7379045 4.7987405 6.7012047 4.1788346 4.1555333 3.7681126 3.9907977 4.2829150 4.2056162 4.0742540 4.3090272 4.2090358 4.6732474 4.1265183 8.9999984 4.2718657 3.9389050 4.1068380 4.5825191 2.4058688 4.1487287 4.2287014 4.1430570 4.1989060 4.1972363 4.1680544 5.1819277 4.7654207 1.6855189 8.4828545 
Mlei_ML0096.g5.i1                                      1.1482629 1.0318113 1.0432291 1.0436728 0.0000000 1.6863430 4.5288744 3.8657951 3.8365223 3.7080460 5.2645305 4.2205855 2.3959009 3.7942336 3.9042699 5.8927049 2.2751635 2.7503928 3.7433660 4.0802204 4.1485521 4.8780345 3.1918157 3.6336957 3.4394345 3.8242614 4.2047949 2.8840208 3.7712128 3.6603661 3.6006588 2.8408444 2.8118637 4.2741641 4.4869196 4.6103058 4.2090796 4.7155074 3.8471821 3.8430016 3.1104610 3.9516769 3.6016931 3.9915656 3.8531517 3.9054687 3.8616431 4.2023352 3.9527198 3.7496621 3.4641890 3.5351155 3.7758338 2.9630503 2.4842937 3.8718843 3.9565757 3.9658996 3.9783247 3.9117239 3.9108724 4.3177287 4.2887757 3.9770890 8.8383983 
Coemet_Cmet_scaffold22293_01                           1.1936345 1.5985186 1.5466751 1.5160629 1.6863430 0.0000000 2.4678155 3.2163478 2.9896242 2.9195598 6.0430127 3.1034741 1.8177426 3.0130256 3.4630661 4.2115803 2.0070351 2.6774328 3.0529064 2.7405160 3.2567532 2.3565594 2.8944093 3.1780181 2.9196271 3.0824321 4.0172090 9.0000000 3.3100573 3.4489106 2.9417654 1.8606980 2.2930697 2.9029868 3.2032018 3.2301973 3.3543284 4.0395132 2.9241269 3.2308087 3.2639016 3.0107022 3.2032619 2.8253498 3.3773168 3.2591189 3.5752954 3.8606261 3.1839493 8.9999990 3.2702687 3.0743939 3.0365343 4.3482860 2.0149727 3.0902565 3.0659978 3.3707995 3.4276608 3.2655186 3.2058015 3.7209795 4.0770358 9.0000000 5.6522855 
Skow_XM_006818949.1                                    0.0000010 4.9555125 4.9785380 6.4289881 4.5288744 2.4678155 0.0000000 0.4563869 0.5643696 0.7265566 0.6890154 0.8860173 0.6285164 0.7268677 0.8755120 1.0820700 0.0000010 1.8253026 0.9519742 1.1097890 1.1241056 1.0039593 1.0585812 1.0315527 0.9050040 0.9309023 1.1171998 0.0000010 0.9433358 0.9831482 1.2889850 0.0000010 6.4277667 0.8860842 0.8224377 0.8646431 0.8212125 1.1385505 0.8190839 0.8230490 0.7656810 0.8720638 1.1021990 1.0200528 1.2128559 1.1804298 1.1616159 1.1768452 1.3256402 0.5796711 1.4900331 1.2925641 1.2990338 4.1977255 0.5334892 1.1601159 1.1601159 1.1440989 1.1440989 1.1300330 1.1404354 1.1154868 1.7926601 0.0000010 4.6508767 
Bralan_BLAG04001596_1                                  3.1114219 4.2538438 4.2069251 4.3416188 3.8657951 3.2163478 0.4563869 0.0000000 0.9732852 1.0039218 1.7720220 1.2738465 1.3163778 1.7589469 1.1789244 1.6975339 2.7667983 1.6416079 1.2818432 1.5595721 1.6345535 0.9067807 1.6735489 1.5832089 1.1783327 1.2112517 1.4333568 1.9703443 1.1881044 1.3566466 1.4628076 0.9654621 1.5177720 1.4864293 1.3658222 1.3763725 1.3231198 1.4355316 1.0572579 1.3959486 1.4037540 1.3889513 1.2662095 1.4253987 1.4984632 1.5369766 1.4217460 1.5431767 1.6523448 2.2864039 1.5330321 1.6574783 1.6228268 1.1964002 1.2813631 1.5778302 1.3980580 1.4653510 1.4770618 1.4847800 1.4606541 1.4757849 1.9586715 1.8488161 7.0008493 
Cscu_XM_023360908.1                                    2.4061542 3.8507635 3.8293838 3.8694673 3.8365223 2.9896242 0.5643696 0.9732852 0.0000000 1.1107408 1.1640105 1.1146439 1.0953636 1.1272674 1.2333832 1.9446449 2.4008505 1.6814363 1.2559802 1.5419134 1.5888980 0.9892577 1.5969047 1.5242378 1.1441180 1.1894004 1.3569121 1.6277389 1.3864337 1.0020461 1.1584124 0.8168026 1.8532657 1.7495335 1.6590063 1.6075741 1.5974801 1.6521264 1.1687978 1.3826267 1.7149934 1.4451319 1.4338530 1.5761735 1.5234081 1.5433299 1.5927707 1.6635910 1.7518485 1.6285936 1.5798881 1.5478934 1.9136367 1.2960622 1.2179241 1.4832443 1.2899384 1.3993906 1.3970200 1.4141477 1.4032514 1.5223307 1.7289275 1.7542004 6.5880243 
Spur_XM_780996.5                                       2.3483850 4.0449848 4.0492580 3.8520241 3.7080460 2.9195598 0.7265566 1.0039218 1.1107408 0.0000000 1.7459472 1.4504477 1.2713724 1.8588455 1.4561826 1.7545536 2.1084705 1.5013726 1.2105009 1.6094218 1.6643969 1.0283736 1.6467109 1.5117780 1.2308604 1.1367377 1.4115661 1.8554543 1.2263233 1.4478321 1.4866729 1.0357558 1.5373945 1.5057230 1.6343232 1.6139408 1.5050044 1.5813232 1.1248841 1.5926639 1.5135771 1.4030415 1.2662538 1.5347418 1.5385986 1.5345621 1.5175280 1.6615250 1.6037255 2.3500007 1.5508844 1.3577884 1.5901837 1.3452048 1.1722166 1.5478278 1.4255722 1.4966823 1.5039284 1.4952180 1.4720019 1.4956621 2.1635096 2.0278747 6.9693139 
Tcas_TC033711_001                                      8.9999987 5.9661341 6.0360151 7.7226859 5.2645305 6.0430127 0.6890154 1.7720220 1.1640105 1.7459472 0.0000000 1.6431266 4.9167410 1.9815217 1.7150060 2.4202311 8.9999986 3.6746342 2.0527363 2.2395892 2.3041381 1.2272313 3.0230148 2.7412315 1.8185501 1.7279908 1.5345824 1.2749926 2.0156997 1.3909780 1.7574611 6.2851042 7.0346823 2.6136346 2.2445176 2.1905251 2.1962957 2.0002888 2.2943111 2.1106134 3.3408185 1.9712933 2.4988578 2.2483218 2.2644340 2.3485844 2.4067903 2.2219223 2.3146555 1.7519232 2.0750918 2.1376190 2.4487192 2.1408952 7.3708222 2.1410912 2.0423274 2.0691298 2.0984066 2.0884566 2.0327669 1.5368500 2.3015772 1.9166221 8.9999990 
Cgig_XM_011418956.3                                    2.4888783 4.2643563 4.2780490 4.3612350 4.2205855 3.1034741 0.8860173 1.2738465 1.1146439 1.4504477 1.6431266 0.0000000 1.1841697 1.5904894 1.1377025 2.0060701 1.4604780 1.3793966 1.3223071 1.5203158 1.5642047 1.2443114 1.5411522 1.4806547 1.3494576 1.2875639 1.5957790 2.0062624 1.5092190 1.4083554 1.4762077 1.2117229 1.8328512 1.7265173 1.5985967 1.6040086 1.6325835 1.7409286 1.2758634 1.5153221 1.4989119 1.4719833 1.4434590 1.6154038 1.5270569 1.5942972 1.5834109 1.7826624 1.6374009 2.8116932 1.8207488 1.7174652 1.8277290 1.5319033 1.5604735 1.5817651 1.4453925 1.5256891 1.5281800 1.5175828 1.5363108 1.6758707 1.9807064 1.8867356 6.9339929 
Ctel_gnl_WGS_AMQN_CAPTEDRAFT_mRNA126629                3.0934715 3.1012025 3.1206285 3.0618196 2.3959009 1.8177426 0.6285164 1.3163778 1.0953636 1.2713724 4.9167410 1.1841697 0.0000000 0.2616266 1.4026637 1.6736741 1.2877978 1.3879385 1.1868699 1.2645092 1.2819492 0.2082976 1.4578976 1.3281449 1.1419638 1.2013309 1.7745153 9.0000000 1.2351592 1.4724683 1.4014446 1.1921755 1.4986373 1.3340060 1.2702099 1.3347375 1.2659631 1.7110425 1.3831409 1.3095921 1.4100639 1.2673608 1.3810280 1.5406163 1.6895795 1.6347409 1.6001153 1.5727322 1.5065531 9.0000000 1.4856505 1.6265268 1.6235712 1.1704325 1.4985240 1.2646541 1.2593826 1.2606149 1.2658881 1.2547199 1.2439544 0.2762830 1.6242074 0.0000010 8.9999989 
Ctel_gnl_WGS_AMQN_CAPTEDRAFT_mRNA152537                4.0478014 4.5372847 4.5591478 4.7111348 3.7942336 3.0130256 0.7268677 1.7589469 1.1272674 1.8588455 1.9815217 1.5904894 0.2616266 0.0000000 1.6507692 2.3906616 2.3774682 2.8462253 1.7843852 1.9941654 2.0725332 1.0185161 2.5286821 2.2772285 1.8313099 1.7966129 2.0443593 2.2911939 2.0887427 1.6928693 1.9656858 1.6800867 2.1965098 2.4355848 2.0823125 2.1056980 1.9956384 2.1214877 1.7506594 2.1071338 2.7284713 1.9978726 2.1047197 2.1093055 2.0934893 2.0905001 2.2875899 2.4492310 2.4057673 2.8457690 2.2944845 2.0763138 2.2080678 4.9861649 1.5287539 1.9640657 1.8837181 1.8776571 1.8701320 1.8348634 1.8250373 1.7383234 2.4887487 2.4713514 7.4091409 
Acagra_model.g15705.t1.1.5d3b881d                      2.9923804 3.9384410 3.9890091 4.1532982 3.9042699 3.4630661 0.8755120 1.1789244 1.2333832 1.4561826 1.7150060 1.1377025 1.4026637 1.6507692 0.0000000 1.8757629 2.1212182 1.4405335 1.3226000 1.7531577 1.8918223 1.1952821 1.5388206 1.7419675 1.2728201 1.1915257 1.5362396 1.6571130 1.5984068 1.2920675 1.4473298 1.1401934 2.1330949 1.7461164 1.7423545 1.7249845 1.7972530 1.8290901 1.4278044 1.7185707 1.9021810 1.7745410 1.7158671 1.7395866 1.7029109 1.7213792 1.9083582 1.9215992 1.8246228 2.3063772 1.7342936 1.7423972 1.8220299 1.3446435 1.4868440 1.4980362 1.3655295 1.4194085 1.4206000 1.4678336 1.4876242 1.6364115 2.0575985 2.3041481 6.6966249 
Emue_Em0019g1134a.t1                                   5.7158777 5.2308309 5.3112421 5.3493745 5.8927049 4.2115803 1.0820700 1.6975339 1.9446449 1.7545536 2.4202311 2.0060701 1.6736741 2.3906616 1.8757629 0.0000000 5.1631692 0.6035284 0.3878577 1.2228849 1.2264780 0.4778718 1.1990514 1.4060001 1.4153795 1.4280823 0.6700143 9.0000000 2.1236281 2.0133434 1.9403319 3.4035386 3.2163453 1.7064824 1.8506469 1.8348048 1.7545865 1.6670273 1.6478102 2.0934591 1.8984097 1.8636317 1.7582289 2.2420525 2.0142433 2.0531132 1.9221616 2.0537777 2.2446010 6.3568080 2.0883244 2.0056802 2.0020079 1.2878382 3.4383798 1.6903470 1.7010618 1.7031782 1.6953099 1.6749331 1.6892011 1.0562674 2.6216004 4.9254000 8.9999987 
Emue_Em0019g1135a.t1                                   1.6822894 1.7661628 1.7661628 1.8900782 2.2751635 2.0070351 0.0000010 2.7667983 2.4008505 2.1084705 8.9999986 1.4604780 1.2877978 2.3774682 2.1212182 5.1631692 0.0000000 0.0110388 0.1673419 0.9261911 0.8939157 0.0000010 0.5212916 0.9648384 1.6767484 1.5861089 1.1198889 3.3246647 3.1012045 2.1456242 1.7851038 1.8375814 2.4045766 1.7289159 2.7834978 2.4408714 2.4166138 1.3365025 1.4797759 2.2803478 2.8118442 1.7991228 2.3700186 1.8438905 1.9485244 1.6635184 2.4261376 3.2915121 2.2243507 9.0000000 1.6687640 1.5107943 1.6888539 0.0000010 1.6018585 2.9295889 3.0780277 2.9558132 2.9558132 3.0029922 3.1545222 0.0000010 2.4563940 0.0000010 5.9105121 
Emue_Em0424g3a.t1                                      1.9536082 3.1485028 3.2055537 3.0938271 2.7503928 2.6774328 1.8253026 1.6416079 1.6814363 1.5013726 3.6746342 1.3793966 1.3879385 2.8462253 1.4405335 0.6035284 0.0110388 0.0000000 0.2013794 0.8624804 0.8392371 0.9328754 0.5667286 0.7920145 1.3053041 1.3154441 0.8745530 8.6142846 1.7741866 1.7864324 1.6707364 1.8841389 1.6465028 1.3893046 1.6771126 1.5538842 1.5774069 1.6587845 1.4510390 1.6681768 1.5234002 1.4456562 1.6096693 1.5942917 1.5382822 1.5115905 1.6429154 1.8318572 1.7988012 8.9999981 1.7407965 1.5792037 1.5535992 1.2547870 1.3943238 1.5905975 1.5963230 1.5935667 1.5969671 1.6451153 1.6491300 1.0235766 2.1199560 9.0000000 5.4963206 
Spolac_c100803_g1_i1_m.23569c100803-g1                 2.0363793 3.6791293 3.7335433 3.8135436 3.7433660 3.0529064 0.9519742 1.2818432 1.2559802 1.2105009 2.0527363 1.3223071 1.1868699 1.7843852 1.3226000 0.3878577 0.1673419 0.2013794 0.0000000 0.6797662 0.6750725 0.3044110 0.5394479 0.6720162 1.0305068 0.9695508 0.6228540 3.3246647 1.4581861 1.6124444 1.5089438 1.7771883 1.6532907 1.1803920 1.2025410 1.2068797 1.1764532 1.2730958 1.1322489 1.2466147 1.3843655 1.1462565 1.2422645 1.4667428 1.3385077 1.3629971 1.4341504 1.5211720 1.5099327 4.8351453 1.5176962 1.3914893 1.5221938 1.2590683 1.3809423 1.2751773 1.2801354 1.2877169 1.2893941 1.2795615 1.2871234 1.0155519 2.0228071 4.9254000 5.9958116 
Aque_Aqu2.1.40864_001                                  2.3164822 3.8895802 3.9114851 3.7234886 4.0802204 2.7405160 1.1097890 1.5595721 1.5419134 1.6094218 2.2395892 1.5203158 1.2645092 1.9941654 1.7531577 1.2228849 0.9261911 0.8624804 0.6797662 0.0000000 0.2982370 0.3989360 0.8331878 0.4177111 1.3818953 1.3406994 0.9455964 1.0728410 1.7820931 1.7584785 1.7245955 1.3916235 1.6951581 1.8820206 1.7283535 1.7199540 1.7327126 1.8752162 1.2750778 1.7188250 1.5600989 1.5171211 1.3783432 1.8307010 1.7929164 1.8172728 1.7996867 1.8226632 1.7485259 2.7979880 1.8805342 1.7741557 1.9086301 1.4418358 1.2645747 1.5857818 1.5018214 1.4914173 1.4986333 1.5360760 1.5541271 1.6161553 2.4091666 2.5808844 7.0395532 
Halamb_c51754_g2_i1m.31304                             2.6022966 4.0713148 4.0807376 3.8088987 4.1485521 3.2567532 1.1241056 1.6345535 1.5888980 1.6643969 2.3041381 1.5642047 1.2819492 2.0725332 1.8918223 1.2264780 0.8939157 0.8392371 0.6750725 0.2982370 0.0000000 0.5028991 0.8305444 0.3956609 1.3684826 1.3566026 0.9813752 1.3314712 1.8082780 1.8448519 1.7574171 1.6301897 1.7816730 1.8470101 1.7762626 1.7688637 1.6973640 1.9665440 1.3642233 1.7183753 1.6066642 1.6110378 1.4224857 1.8798876 1.8008327 1.8682378 1.7720590 1.8126929 1.8548478 2.9545446 2.0081692 1.7750899 1.7771639 1.4394206 1.5689168 1.6558273 1.5450101 1.5953153 1.6128355 1.6540581 1.6790357 1.6160398 2.4042280 2.7116052 7.5195302 
Tetwil_g2526.t1                                        0.0000010 6.2317250 6.2317250 7.6632749 4.8780345 2.3565594 1.0039593 0.9067807 0.9892577 1.0283736 1.2272313 1.2443114 0.2082976 1.0185161 1.1952821 0.4778718 0.0000010 0.9328754 0.3044110 0.3989360 0.5028991 0.0000000 2.0456005 0.5615321 0.7642901 0.7253132 0.5965687 3.2511092 1.2404160 1.8203004 1.5299371 0.0000010 2.8623755 1.2249949 0.9711357 1.0231996 0.9527313 0.9555084 0.8668343 1.0162561 0.6394555 1.1153817 1.0366993 1.5178583 1.5416926 1.4755616 1.5186414 1.4820933 1.6633245 3.3355556 1.7464949 1.7439384 1.6099681 4.5799088 0.8752641 1.1336093 1.1336093 1.1099162 1.1099162 1.1113958 1.1026958 1.2236186 2.7217451 6.0607939 5.3298795 
Tetwil_g2746.t2                                        2.1495465 2.7585534 2.7856553 2.8819488 3.1918157 2.8944093 1.0585812 1.6735489 1.5969047 1.6467109 3.0230148 1.5411522 1.4578976 2.5286821 1.5388206 1.1990514 0.5212916 0.5667286 0.5394479 0.8331878 0.8305444 2.0456005 0.0000000 0.7757706 1.1611926 1.2250046 0.9941966 4.9770879 1.7178072 1.6723658 1.5027423 1.6738646 1.7379033 1.2938532 1.6072516 1.6245346 1.4897733 1.6892989 1.2840366 1.5736380 1.4064685 1.5467273 1.5866662 1.7390377 1.6842372 1.7113714 1.8002468 1.8668929 1.9044225 9.0000000 1.6864507 1.5918161 1.6730508 1.4395306 1.2938474 1.6749038 1.6469035 1.6515817 1.6766729 1.7027619 1.7121071 1.5602214 2.1247265 2.4914014 7.0037057 
Xestes_maker-XT_scaffold3933-augustus-gene-0.25-mRNA-1 2.5197776 3.6574677 3.7212577 3.7193661 3.6336957 3.1780181 1.0315527 1.5832089 1.5242378 1.5117780 2.7412315 1.4806547 1.3281449 2.2772285 1.7419675 1.4060001 0.9648384 0.7920145 0.6720162 0.4177111 0.3956609 0.5615321 0.7757706 0.0000000 1.1887517 1.1785965 0.9455599 4.2201562 1.6136434 1.5021109 1.3782696 1.4997646 1.9073045 1.4381651 1.7067305 1.7114525 1.6028378 1.7145210 1.2864036 1.5811976 1.6173254 1.5023551 1.5405111 1.7733519 1.8154188 1.8072626 1.7509445 1.8070305 1.7516924 9.0000000 1.6779337 1.5689201 1.6299061 1.2724494 1.4189399 1.4369743 1.4307783 1.4078120 1.4301095 1.4039571 1.3955389 1.1397142 2.1272183 2.4851204 6.1723845 
Opea_EP00118_Oscarella_pearsei_P008995                 2.6926631 4.0904556 4.1179223 4.3428366 3.4394345 2.9196271 0.9050040 1.1783327 1.1441180 1.2308604 1.8185501 1.3494576 1.1419638 1.8313099 1.2728201 1.4153795 1.6767484 1.3053041 1.0305068 1.3818953 1.3684826 0.7642901 1.1611926 1.1887517 0.0000000 0.5484787 1.2582122 1.6811782 1.3738738 1.5407870 1.5581752 1.2652145 1.3077984 1.2888713 1.2612571 1.2287391 1.2397857 1.3316668 1.1112031 1.2247056 1.3034221 1.1855256 1.0584544 1.3208516 1.3719629 1.4574556 1.4689685 1.5610243 1.6057838 2.0279616 1.4763791 1.4099309 1.6334850 1.1324341 1.2324055 1.4440483 1.2956428 1.3544804 1.3503750 1.3909506 1.3945826 1.3606748 2.1991628 1.9319135 6.0459078 
Plajan_Pjan_scaffold20581_01                           3.1398334 4.3083020 4.2807837 4.3456694 3.8242614 3.0824321 0.9309023 1.2112517 1.1894004 1.1367377 1.7279908 1.2875639 1.2013309 1.7966129 1.1915257 1.4280823 1.5861089 1.3154441 0.9695508 1.3406994 1.3566026 0.7253132 1.2250046 1.1785965 0.5484787 0.0000000 1.1949825 1.4230195 1.4573300 1.7611512 1.6188416 1.3429255 1.3950828 1.3567555 1.2382982 1.2133434 1.2284106 1.3499369 1.0815941 1.2144668 1.3440975 1.2106461 1.0904384 1.3746297 1.4495931 1.4528652 1.4655506 1.5126400 1.6047355 1.9167542 1.4854708 1.3497912 1.6438300 1.1763692 1.0808100 1.3700067 1.2703708 1.2933823 1.3136240 1.3005266 1.3180296 1.3080372 2.2154820 1.7442278 6.3385319 
Plespi_Pspi_scaffold20048_01                           2.3128790 4.8032308 4.7763869 5.5691274 4.2047949 4.0172090 1.1171998 1.4333568 1.3569121 1.4115661 1.5345824 1.5957790 1.7745153 2.0443593 1.5362396 0.6700143 1.1198889 0.8745530 0.6228540 0.9455964 0.9813752 0.5965687 0.9941966 0.9455599 1.2582122 1.1949825 0.0000000 1.1524979 1.6953391 1.7215425 1.9119815 2.3079667 1.3782418 1.6527927 1.4451398 1.4564930 1.4840208 1.8030118 1.3910404 1.5598538 1.2551430 1.5213284 1.2869051 1.8249348 1.6246244 1.7421467 1.8640905 1.7446917 1.6597112 1.7003064 1.7411490 1.6035858 1.9215567 1.5089709 1.5584549 1.5803201 1.4159486 1.5341010 1.5357816 1.6106486 1.6121667 1.5517181 2.4541980 2.0703455 7.0495346 
Spolac_c100803_g1_i1_m.23570c100803-g1                 9.0000000 3.3586570 3.2749023 9.0000000 2.8840208 9.0000000 0.0000010 1.9703443 1.6277389 1.8554543 1.2749926 2.0062624 9.0000000 2.2911939 1.6571130 9.0000000 3.3246647 8.6142846 3.3246647 1.0728410 1.3314712 3.2511092 4.9770879 4.2201562 1.6811782 1.4230195 1.1524979 0.0000000 2.2181953 1.8769882 2.3262089 5.6899685 6.5916301 3.7456218 2.3040319 2.2953143 2.4661676 2.4661676 4.2596464 2.0380011 0.0000010 1.8867967 4.9039963 2.3522769 2.0344808 2.5159360 1.9945585 2.3852628 1.7456970 1.5909278 1.7147862 1.6447963 9.0000000 9.0000000 4.1680013 2.2482266 1.5049249 1.8148446 1.8794377 1.8762095 2.0144517 1.9592143 2.9177989 2.0359133 8.9999987 
Hsap_ENST00000261534                                   2.8834410 4.4014588 4.5055473 4.3952738 3.7712128 3.3100573 0.9433358 1.1881044 1.3864337 1.2263233 2.0156997 1.5092190 1.2351592 2.0887427 1.5984068 2.1236281 3.1012045 1.7741866 1.4581861 1.7820931 1.8082780 1.2404160 1.7178072 1.6136434 1.3738738 1.4573300 1.6953391 2.2181953 0.0000000 1.4569800 1.5283372 1.1228539 1.7470145 1.8120676 1.7331472 1.7542298 1.6464043 1.8383319 1.3590901 1.8520176 1.4864517 1.6074325 1.3766251 1.7595883 1.7847663 1.8164299 1.7868916 1.8259649 1.9406829 2.9028218 1.5936136 1.5872339 1.5842551 1.5020364 1.3155498 1.6265200 1.4220587 1.5783172 1.5898831 1.5826181 1.5764300 1.7708393 2.0625560 1.9466135 7.3277530 
Dpul_mRNA2444                                          2.6923949 4.2019885 4.2666606 4.5175740 3.6603661 3.4489106 0.9831482 1.3566466 1.0020461 1.4478321 1.3909780 1.4083554 1.4724683 1.6928693 1.2920675 2.0133434 2.1456242 1.7864324 1.6124444 1.7584785 1.8448519 1.8203004 1.6723658 1.5021109 1.5407870 1.7611512 1.7215425 1.8769882 1.4569800 0.0000000 0.6145240 0.8926429 1.7277857 2.0000783 1.7435263 1.7371459 1.6718023 1.9222436 1.6394029 1.7153270 1.4954919 1.6223491 1.6056424 1.7103346 1.7462104 1.7469902 1.7679143 1.8439817 1.8274796 2.4610312 1.7833735 1.7467752 1.9429386 1.6959037 1.3223408 1.7032063 1.5647924 1.6429061 1.6319374 1.7143797 1.6657606 1.8287797 1.0222758 2.1223698 7.5223558 
Dpul_mRNA2446                                          2.2044898 4.4603695 4.5304841 4.6421989 3.6006588 2.9417654 1.2889850 1.4628076 1.1584124 1.4866729 1.7574611 1.4762077 1.4014446 1.9656858 1.4473298 1.9403319 1.7851038 1.6707364 1.5089438 1.7245955 1.7574171 1.5299371 1.5027423 1.3782696 1.5581752 1.6188416 1.9119815 2.3262089 1.5283372 0.6145240 0.0000000 0.9446191 1.3230784 2.0118376 1.7464481 1.7907643 1.7474603 2.1008951 1.6155358 1.8109432 1.4142215 1.6725620 1.5599251 1.7788940 1.8594187 1.8817684 1.8025342 1.9798227 1.8485574 2.8834625 1.8429825 1.9049846 1.9997854 1.7028457 1.1889263 1.6189215 1.4682927 1.6119110 1.5983101 1.6397487 1.6476554 2.0158516 1.0911808 2.3660789 7.2987886 
Tcas_TC033710_001                                      2.2193557 2.4906820 2.5113528 2.5474663 2.8408444 1.8606980 0.0000010 0.9654621 0.8168026 1.0357558 6.2851042 1.2117229 1.1921755 1.6800867 1.1401934 3.4035386 1.8375814 1.8841389 1.7771883 1.3916235 1.6301897 0.0000010 1.6738646 1.4997646 1.2652145 1.3429255 2.3079667 5.6899685 1.1228539 0.8926429 0.9446191 0.0000000 1.7241377 1.7472810 1.7782470 1.7244153 1.9363364 1.4925264 1.3373707 1.5828201 1.7981281 1.6066610 1.5227787 1.3762414 1.5155306 1.4732388 1.5028115 1.8092867 1.4915090 6.6762049 1.2923681 1.6140686 1.6930281 1.1537672 1.3317058 1.3511211 1.3304773 1.4112969 1.4510200 1.3985079 1.3563412 9.0000000 1.7303077 9.0000000 8.2777043 
Fspp_ffun1.m4.9431.m1                                  2.8181676 2.8742062 2.9136812 2.8280418 2.8118637 2.2930697 6.4277667 1.5177720 1.8532657 1.5373945 7.0346823 1.8328512 1.4986373 2.1965098 2.1330949 3.2163453 2.4045766 1.6465028 1.6532907 1.6951581 1.7816730 2.8623755 1.7379033 1.9073045 1.3077984 1.3950828 1.3782418 6.5916301 1.7470145 1.7277857 1.3230784 1.7241377 0.0000000 0.3185224 0.5628390 0.5180238 0.5397789 0.1818638 0.5175023 0.8606622 0.1921204 1.1066674 1.2056651 1.1162548 1.5112095 1.5479083 1.2365492 1.5765890 1.3030971 6.7834652 1.5443772 1.5190382 1.5572565 1.6038851 1.3093099 1.5055266 1.5327438 1.4647055 1.4658489 1.4431254 1.4175442 4.0326628 2.1319255 1.1634780 6.3331725 
Gasp_gasp1.m3.2415.m1                                  2.6788367 4.7891820 4.8017110 4.2284821 4.2741641 2.9029868 0.8860842 1.4864293 1.7495335 1.5057230 2.6136346 1.7265173 1.3340060 2.4355848 1.7461164 1.7064824 1.7289159 1.3893046 1.1803920 1.8820206 1.8470101 1.2249949 1.2938532 1.4381651 1.2888713 1.3567555 1.6527927 3.7456218 1.8120676 2.0000783 2.0118376 1.7472810 0.3185224 0.0000000 0.3214283 0.3203484 0.3739416 0.4797083 0.4649851 0.6910290 0.2313045 0.9404420 0.7138227 1.1057639 1.0463743 1.0416583 1.1628999 1.1323310 1.1539637 4.7132981 1.7598017 1.7333609 1.5835648 1.3507319 1.2673481 1.6484135 1.4281059 1.4920375 1.5038026 1.4833056 1.5163788 1.6966992 2.4445639 3.3985538 7.0136213 
Spis_XP_022786211_1                                    3.5808789 4.9756001 4.9614584 4.7908623 4.4869196 3.2032018 0.8224377 1.3658222 1.6590063 1.6343232 2.2445176 1.5985967 1.2702099 2.0823125 1.7423545 1.8506469 2.7834978 1.6771126 1.2025410 1.7283535 1.7762626 0.9711357 1.6072516 1.7067305 1.2612571 1.2382982 1.4451398 2.3040319 1.7331472 1.7435263 1.7464481 1.7782470 0.5628390 0.3214283 0.0000000 0.0602957 0.2790488 0.3017042 0.4315439 0.5858086 0.4237679 0.8717494 0.8459345 1.0948558 1.0608977 1.0694164 0.9650281 1.2864327 1.1083392 3.2123241 1.6871481 1.6034071 1.6582094 1.4401018 1.4298659 1.4148756 1.2552609 1.3430231 1.3425729 1.3838554 1.4054277 1.3871172 2.3951596 2.3191410 6.5707645 
Pocdam_XM_027189509.1                                  3.4977645 4.8904797 4.8770330 4.7379045 4.6103058 3.2301973 0.8646431 1.3763725 1.6075741 1.6139408 2.1905251 1.6040086 1.3347375 2.1056980 1.7249845 1.8348048 2.4408714 1.5538842 1.2068797 1.7199540 1.7688637 1.0231996 1.6245346 1.7114525 1.2287391 1.2133434 1.4564930 2.2953143 1.7542298 1.7371459 1.7907643 1.7244153 0.5180238 0.3203484 0.0602957 0.0000000 0.2884542 0.3008522 0.4494359 0.6071831 0.3792246 0.8553636 0.8650333 1.0752813 1.0318607 1.0320902 1.0007471 1.2614147 1.0983210 3.1736552 1.6875263 1.6435746 1.6789711 1.4627402 1.3603580 1.4324298 1.2849096 1.3430921 1.3496094 1.3931580 1.4046772 1.4514239 2.3612153 2.3457978 6.5177437 
Amil_Amillepora16484-RA                                3.2594808 4.8852028 4.8886793 4.7987405 4.2090796 3.3543284 0.8212125 1.3231198 1.5974801 1.5050044 2.1962957 1.6325835 1.2659631 1.9956384 1.7972530 1.7545865 2.4166138 1.5774069 1.1764532 1.7327126 1.6973640 0.9527313 1.4897733 1.6028378 1.2397857 1.2284106 1.4840208 2.4661676 1.6464043 1.6718023 1.7474603 1.9363364 0.5397789 0.3739416 0.2790488 0.2884542 0.0000000 0.0851652 0.4279954 0.5758488 0.3638537 0.8339906 0.7775127 1.0951699 1.0548893 1.0594535 1.0815526 1.2894167 1.1363613 3.2981575 1.6561048 1.5921965 1.6094255 1.3725895 1.3977808 1.3999592 1.2411041 1.3341974 1.3436159 1.3664629 1.3643248 1.3892064 2.3643788 2.3523089 5.9574081 
Adig_XM_015924552.1                                    2.2416461 6.0682975 6.0265800 6.7012047 4.7155074 4.0395132 1.1385505 1.4355316 1.6521264 1.5813232 2.0002888 1.7409286 1.7110425 2.1214877 1.8290901 1.6670273 1.3365025 1.6587845 1.2730958 1.8752162 1.9665440 0.9555084 1.6892989 1.7145210 1.3316668 1.3499369 1.8030118 2.4661676 1.8383319 1.9222436 2.1008951 1.4925264 0.1818638 0.4797083 0.3017042 0.3008522 0.0851652 0.0000000 0.5946442 0.6006797 0.2190112 0.8908233 0.8515381 1.1075522 1.0404501 1.0437378 1.1701510 1.2640137 1.2361464 3.0983928 1.8284131 1.7973548 1.8070367 1.8568352 0.8678240 1.6148134 1.4074470 1.5334396 1.5327473 1.5615662 1.5684581 1.6153522 2.5561782 2.3523089 6.2301635 
Nvec_v1g99284                                          2.8359569 4.1648881 4.2091701 4.1788346 3.8471821 2.9241269 0.8190839 1.0572579 1.1687978 1.1248841 2.2943111 1.2758634 1.3831409 1.7506594 1.4278044 1.6478102 1.4797759 1.4510390 1.1322489 1.2750778 1.3642233 0.8668343 1.2840366 1.2864036 1.1112031 1.0815941 1.3910404 4.2596464 1.3590901 1.6394029 1.6155358 1.3373707 0.5175023 0.4649851 0.4315439 0.4494359 0.4279954 0.5946442 0.0000000 0.3808028 0.4278277 0.6892286 0.6719991 0.8555891 0.8402153 0.8489041 0.8733526 1.0505035 0.9956011 3.9462655 1.4342340 1.4020453 1.5425182 1.4873141 1.0916803 1.2990643 1.2988948 1.2278367 1.2231732 1.2486279 1.2183613 1.2669493 2.2563951 4.2587646 5.6516636 
Exapal_XM_021046153.2                                  2.6728643 4.1489200 4.1673471 4.1555333 3.8430016 3.2308087 0.8230490 1.3959486 1.3826267 1.5926639 2.1106134 1.5153221 1.3095921 2.1071338 1.7185707 2.0934591 2.2803478 1.6681768 1.2466147 1.7188250 1.7183753 1.0162561 1.5736380 1.5811976 1.2247056 1.2144668 1.5598538 2.0380011 1.8520176 1.7153270 1.8109432 1.5828201 0.8606622 0.6910290 0.5858086 0.6071831 0.5758488 0.6006797 0.3808028 0.0000000 0.6711613 0.8472794 0.8610756 1.0326696 1.0480457 1.0171332 0.9916895 1.1553529 1.1229955 3.7314555 1.7156352 1.7123931 1.7063138 1.3663657 1.2917904 1.4765387 1.3383449 1.4126316 1.4298275 1.4170254 1.4029387 1.4693426 2.3966408 2.1578263 6.3887831 
Gfas_gfas1.m1.20995.m1                                 2.8708016 3.6233608 3.6692926 3.7681126 3.1104610 3.2639016 0.7656810 1.4037540 1.7149934 1.5135771 3.3408185 1.4989119 1.4100639 2.7284713 1.9021810 1.8984097 2.8118442 1.5234002 1.3843655 1.5600989 1.6066642 0.6394555 1.4064685 1.6173254 1.3034221 1.3440975 1.2551430 0.0000010 1.4864517 1.4954919 1.4142215 1.7981281 0.1921204 0.2313045 0.4237679 0.3792246 0.3638537 0.2190112 0.4278277 0.6711613 0.0000000 0.8835293 0.8301611 1.0036085 1.0600668 1.1457214 1.0261956 1.2876995 0.8628483 6.4247093 1.3799234 1.5188665 1.4360987 1.2488329 1.4953972 1.2443536 1.2573718 1.2917898 1.3227041 1.3231530 1.2889827 0.8678603 2.1746949 4.9254000 5.3142979 
Dgig_XM_028540334.1                                    2.7917723 4.0779204 4.1146155 3.9907977 3.9516769 3.0107022 0.8720638 1.3889513 1.4451319 1.4030415 1.9712933 1.4719833 1.2673608 1.9978726 1.7745410 1.8636317 1.7991228 1.4456562 1.1462565 1.5171211 1.6110378 1.1153817 1.5467273 1.5023551 1.1855256 1.2106461 1.5213284 1.8867967 1.6074325 1.6223491 1.6725620 1.6066610 1.1066674 0.9404420 0.8717494 0.8553636 0.8339906 0.8908233 0.6892286 0.8472794 0.8835293 0.0000000 0.3772700 1.0516907 1.0315438 1.0191613 1.0563041 1.2405308 1.1515322 2.9524939 1.7645009 1.7119681 1.6352568 1.2844244 1.4750825 1.5444202 1.4639624 1.5321204 1.5420890 1.5171790 1.5060461 1.5127562 2.2133267 1.9094786 6.8012446 
Xesp_012520-T1                                         3.2421503 4.2335358 4.2881449 4.2829150 3.6016931 3.2032619 1.1021990 1.2662095 1.4338530 1.2662538 2.4988578 1.4434590 1.3810280 2.1047197 1.7158671 1.7582289 2.3700186 1.6096693 1.2422645 1.3783432 1.4224857 1.0366993 1.5866662 1.5405111 1.0584544 1.0904384 1.2869051 4.9039963 1.3766251 1.6056424 1.5599251 1.5227787 1.2056651 0.7138227 0.8459345 0.8650333 0.7775127 0.8515381 0.6719991 0.8610756 0.8301611 0.3772700 0.0000000 1.1391272 1.1074447 1.1522634 1.0305624 1.3122020 1.2522633 4.2935506 1.5593644 1.5125431 1.5477354 1.2978516 1.4744796 1.3343405 1.3424930 1.3041298 1.3168563 1.2791006 1.2712986 1.0613636 2.1475281 1.3006049 5.8509468 
Sanmal_Sma_027044-T2                                   2.7139334 4.1823508 4.2289448 4.2056162 3.9915656 2.8253498 1.0200528 1.4253987 1.5761735 1.5347418 2.2483218 1.6154038 1.5406163 2.1093055 1.7395866 2.2420525 1.8438905 1.5942917 1.4667428 1.8307010 1.8798876 1.5178583 1.7390377 1.7733519 1.3208516 1.3746297 1.8249348 2.3522769 1.7595883 1.7103346 1.7788940 1.3762414 1.1162548 1.1057639 1.0948558 1.0752813 1.0951699 1.1075522 0.8555891 1.0326696 1.0036085 1.0516907 1.1391272 0.0000000 0.5541157 0.5539886 0.7614300 0.9790819 1.0088261 3.4407284 1.8514524 1.9632203 1.7453653 1.3565370 1.2138043 1.8208221 1.6855537 1.6815674 1.6862598 1.7072072 1.7056153 2.0004488 2.3153428 2.2360745 6.7993401 
Nemnom_g8992.t1                                        2.9297817 4.1424806 4.1440878 4.0742540 3.8531517 3.3773168 1.2128559 1.4984632 1.5234081 1.5385986 2.2644340 1.5270569 1.6895795 2.0934893 1.7029109 2.0142433 1.9485244 1.5382822 1.3385077 1.7929164 1.8008327 1.5416926 1.6842372 1.8154188 1.3719629 1.4495931 1.6246244 2.0344808 1.7847663 1.7462104 1.8594187 1.5155306 1.5112095 1.0463743 1.0608977 1.0318607 1.0548893 1.0404501 0.8402153 1.0480457 1.0600668 1.0315438 1.1074447 0.5541157 0.0000000 0.2396265 0.7295523 0.9499608 0.9315730 2.9827212 1.8190814 1.9088350 1.8147308 1.4158681 1.6701267 1.7332573 1.6264278 1.5397003 1.5418579 1.5766326 1.5736010 1.7463202 2.4153735 2.1322855 5.7423369 
Rhoesc_Res_002029-T2                                   2.9500920 4.2726874 4.2958090 4.3090272 3.9054687 3.2591189 1.1804298 1.5369766 1.5433299 1.5345621 2.3485844 1.5942972 1.6347409 2.0905001 1.7213792 2.0531132 1.6635184 1.5115905 1.3629971 1.8172728 1.8682378 1.4755616 1.7113714 1.8072626 1.4574556 1.4528652 1.7421467 2.5159360 1.8164299 1.7469902 1.8817684 1.4732388 1.5479083 1.0416583 1.0694164 1.0320902 1.0594535 1.0437378 0.8489041 1.0171332 1.1457214 1.0191613 1.1522634 0.5539886 0.2396265 0.0000000 0.6695950 0.9444805 0.9039501 3.7061731 1.8819663 1.9026584 1.7173938 1.4185277 1.5091785 1.7346038 1.6296332 1.6262277 1.6272373 1.6195809 1.5969068 1.7218166 2.4573604 2.4451225 5.7419329 
Morvir_scaffold181.g36.t2                              2.8836833 4.2038241 4.2347452 4.2090358 3.8616431 3.5752954 1.1616159 1.4217460 1.5927707 1.5175280 2.4067903 1.5834109 1.6001153 2.2875899 1.9083582 1.9221616 2.4261376 1.6429154 1.4341504 1.7996867 1.7720590 1.5186414 1.8002468 1.7509445 1.4689685 1.4655506 1.8640905 1.9945585 1.7868916 1.7679143 1.8025342 1.5028115 1.2365492 1.1628999 0.9650281 1.0007471 1.0815526 1.1701510 0.8733526 0.9916895 1.0261956 1.0563041 1.0305624 0.7614300 0.7295523 0.6695950 0.0000000 0.8597935 0.8663003 2.9338270 1.9100652 1.9198481 1.7380704 1.3363931 1.4878025 1.6591508 1.5607569 1.5349053 1.5312650 1.5772322 1.5831288 1.5926078 2.3074441 1.7509333 5.9893106 
Hvul_g18869_1                                          4.1047666 4.5693663 4.6673243 4.6732474 4.2023352 3.8606261 1.1768452 1.5431767 1.6635910 1.6615250 2.2219223 1.7826624 1.5727322 2.4492310 1.9215992 2.0537777 3.2915121 1.8318572 1.5211720 1.8226632 1.8126929 1.4820933 1.8668929 1.8070305 1.5610243 1.5126400 1.7446917 2.3852628 1.8259649 1.8439817 1.9798227 1.8092867 1.5765890 1.1323310 1.2864327 1.2614147 1.2894167 1.2640137 1.0505035 1.1553529 1.2876995 1.2405308 1.3122020 0.9790819 0.9499608 0.9444805 0.8597935 0.0000000 0.6862380 4.8357340 2.1218617 2.1263074 1.9187283 1.3817836 1.9034391 1.8308606 1.7448780 1.7026094 1.6988833 1.7366898 1.6984845 1.7927838 2.4924186 2.4753906 6.7100305 
Chem_TCONS_00001593                                    2.8188438 4.0796531 4.0661445 4.1265183 3.9527198 3.1839493 1.3256402 1.6523448 1.7518485 1.6037255 2.3146555 1.6374009 1.5065531 2.4057673 1.8246228 2.2446010 2.2243507 1.7988012 1.5099327 1.7485259 1.8548478 1.6633245 1.9044225 1.7516924 1.6057838 1.6047355 1.6597112 1.7456970 1.9406829 1.8274796 1.8485574 1.4915090 1.3030971 1.1539637 1.1083392 1.0983210 1.1363613 1.2361464 0.9956011 1.1229955 0.8628483 1.1515322 1.2522633 1.0088261 0.9315730 0.9039501 0.8663003 0.6862380 0.0000000 2.1635338 1.7592882 1.8775770 1.6857850 1.3644678 1.6638835 1.6872017 1.6171542 1.6065559 1.6043091 1.6166717 1.5982458 1.7256895 2.4664962 2.1146957 5.9928645 
Lcom_lcpid83701                                        8.9999988 3.5417241 3.4092137 8.9999984 3.7496621 8.9999990 0.5796711 2.2864039 1.6285936 2.3500007 1.7519232 2.8116932 9.0000000 2.8457690 2.3063772 6.3568080 9.0000000 8.9999981 4.8351453 2.7979880 2.9545446 3.3355556 9.0000000 9.0000000 2.0279616 1.9167542 1.7003064 1.5909278 2.9028218 2.4610312 2.8834625 6.6762049 6.7834652 4.7132981 3.2123241 3.1736552 3.2981575 3.0983928 3.9462655 3.7314555 6.4247093 2.9524939 4.2935506 3.4407284 2.9827212 3.7061731 2.9338270 4.8357340 2.1635338 0.0000000 0.1321216 1.1310260 3.0317058 3.7992318 4.1443311 2.7308773 2.6381713 2.6140576 2.5520612 2.4902589 2.5761467 2.2188158 2.5751953 2.2023562 8.9999982 
Lcom_lcpid30244                                        2.9803622 3.9781726 3.9563903 4.2718657 3.4641890 3.2702687 1.4900331 1.5330321 1.5798881 1.5508844 2.0750918 1.8207488 1.4856505 2.2944845 1.7342936 2.0883244 1.6687640 1.7407965 1.5176962 1.8805342 2.0081692 1.7464949 1.6864507 1.6779337 1.4763791 1.4854708 1.7411490 1.7147862 1.5936136 1.7833735 1.8429825 1.2923681 1.5443772 1.7598017 1.6871481 1.6875263 1.6561048 1.8284131 1.4342340 1.7156352 1.3799234 1.7645009 1.5593644 1.8514524 1.8190814 1.8819663 1.9100652 2.1218617 1.7592882 0.1321216 0.0000000 0.7165291 0.8974889 1.1209556 1.0743973 1.7707481 1.6886763 1.8081931 1.8099377 1.8196040 1.7752646 1.9175449 2.1046076 2.5785805 7.7739607 
Gracom_Gcom_scaffold14720_01                           2.8518445 3.8812094 3.8774869 3.9389050 3.5351155 3.0743939 1.2925641 1.6574783 1.5478934 1.3577884 2.1376190 1.7174652 1.6265268 2.0763138 1.7423972 2.0056802 1.5107943 1.5792037 1.3914893 1.7741557 1.7750899 1.7439384 1.5918161 1.5689201 1.4099309 1.3497912 1.6035858 1.6447963 1.5872339 1.7467752 1.9049846 1.6140686 1.5190382 1.7333609 1.6034071 1.6435746 1.5921965 1.7973548 1.4020453 1.7123931 1.5188665 1.7119681 1.5125431 1.9632203 1.9088350 1.9026584 1.9198481 2.1263074 1.8775770 1.1310260 0.7165291 0.0000000 0.8350721 1.0664002 0.8254558 1.7785822 1.6903591 1.7731162 1.7868912 1.7641655 1.7324931 1.8824883 2.0969292 2.5629905 6.8144415 
Leuniv_Lniv_scaffold22730_01                           2.3113634 4.3064118 4.3125922 4.1068380 3.7758338 3.0365343 1.2990338 1.6228268 1.9136367 1.5901837 2.4487192 1.8277290 1.6235712 2.2080678 1.8220299 2.0020079 1.6888539 1.5535992 1.5221938 1.9086301 1.7771639 1.6099681 1.6730508 1.6299061 1.6334850 1.6438300 1.9215567 9.0000000 1.5842551 1.9429386 1.9997854 1.6930281 1.5572565 1.5835648 1.6582094 1.6789711 1.6094255 1.8070367 1.5425182 1.7063138 1.4360987 1.6352568 1.5477354 1.7453653 1.8147308 1.7173938 1.7380704 1.9187283 1.6857850 3.0317058 0.8974889 0.8350721 0.0000000 0.8921157 1.2334981 1.8424070 1.8379137 1.8444359 1.8547837 1.8640768 1.8403978 1.9110567 2.2524297 8.9999987 6.7142831 
Clacor_Ccor_scaffold14118_01                           1.1402493 4.8684862 4.8489273 4.5825191 2.9630503 4.3482860 4.1977255 1.1964002 1.2960622 1.3452048 2.1408952 1.5319033 1.1704325 4.9861649 1.3446435 1.2878382 0.0000010 1.2547870 1.2590683 1.4418358 1.4394206 4.5799088 1.4395306 1.2724494 1.1324341 1.1763692 1.5089709 9.0000000 1.5020364 1.6959037 1.7028457 1.1537672 1.6038851 1.3507319 1.4401018 1.4627402 1.3725895 1.8568352 1.4873141 1.3663657 1.2488329 1.2844244 1.2978516 1.3565370 1.4158681 1.4185277 1.3363931 1.3817836 1.3644678 3.7992318 1.1209556 1.0664002 0.8921157 0.0000000 0.8739532 1.6022457 1.5415097 1.5824945 1.5897101 1.6541208 1.5963725 1.9091298 2.3515036 9.0000000 8.2454832 
Clacor_Ccor_C515189_01                                 2.5707358 2.4568815 2.4568815 2.4058688 2.4842937 2.0149727 0.5334892 1.2813631 1.2179241 1.1722166 7.3708222 1.5604735 1.4985240 1.5287539 1.4868440 3.4383798 1.6018585 1.3943238 1.3809423 1.2645747 1.5689168 0.8752641 1.2938474 1.4189399 1.2324055 1.0808100 1.5584549 4.1680013 1.3155498 1.3223408 1.1889263 1.3317058 1.3093099 1.2673481 1.4298659 1.3603580 1.3977808 0.8678240 1.0916803 1.2917904 1.4953972 1.4750825 1.4744796 1.2138043 1.6701267 1.5091785 1.4878025 1.9034391 1.6638835 4.1443311 1.0743973 0.8254558 1.2334981 0.8739532 0.0000000 1.6946722 1.6810047 1.5526979 1.6234771 1.4969386 1.5518177 0.7014204 1.8600514 2.4268976 6.0109668 
TrH2_TrispH2_000415-RA                                 3.2253877 4.4171485 4.4451091 4.1487287 3.8718843 3.0902565 1.1601159 1.5778302 1.4832443 1.5478278 2.1410912 1.5817651 1.2646541 1.9640657 1.4980362 1.6903470 2.9295889 1.5905975 1.2751773 1.5857818 1.6558273 1.1336093 1.6749038 1.4369743 1.4440483 1.3700067 1.5803201 2.2482266 1.6265200 1.7032063 1.6189215 1.3511211 1.5055266 1.6484135 1.4148756 1.4324298 1.3999592 1.6148134 1.2990643 1.4765387 1.2443536 1.5444202 1.3343405 1.8208221 1.7332573 1.7346038 1.6591508 1.8308606 1.6872017 2.7308773 1.7707481 1.7785822 1.8424070 1.6022457 1.6946722 0.0000000 0.0092306 0.2151292 0.2160141 0.2259338 0.2287297 0.2406822 2.2697145 2.1587699 8.2160576 
