83
Nvec_v1g120663                                               0.0000000 0.3407247 0.7367025 0.6612099 0.6193637 0.6160799 0.5962177 0.6743565 1.0891127 2.0582028 2.3411870 2.1453911 2.1628397 2.0615524 1.7848628 1.9976143 1.7787193 1.6221392 1.7335448 2.0988937 1.8042279 1.7335970 1.6032283 1.7603831 1.6126227 2.0889850 2.1588975 1.7200245 1.6529394 1.9555158 2.0597916 2.0597916 1.5619391 1.8583910 1.8583910 1.8618250 1.8618250 1.8953124 2.0501796 1.8687194 1.9529830 2.0626870 0.0000010 5.8320192 1.8276329 2.0783188 1.8571961 1.4675467 1.5445453 2.0024607 1.4491362 1.4649913 1.5523041 1.5523041 1.5393636 1.5240762 1.6024905 1.4028045 1.4714436 1.7069667 1.7596560 2.0827490 1.6158337 1.8603563 1.7224142 1.7804842 1.7804842 1.7280170 1.7280170 1.7280170 1.7280170 1.6453453 1.3531367 1.8816585 1.5863821 2.2240681 2.2240681 1.9854722 1.5024008 1.5062232 1.3044818 1.5417654 2.6324416 
Exapal_XM_021040063.2                                        0.3407247 0.0000000 1.4910234 1.6599757 1.6326073 1.6206116 1.6046187 1.7257823 1.9678040 2.6485006 2.3865156 2.6577381 2.6461396 2.6651001 3.2522049 3.3156191 3.2767099 3.0193112 5.0252759 1.9182979 4.4293011 1.9903414 4.1396583 4.6081745 4.2529153 4.5423506 4.4657565 4.3473335 4.1006296 4.6371251 2.8519006 2.7816347 2.8301279 2.1689284 3.3821053 2.4752239 3.4195521 2.6911438 3.6735418 2.2292216 3.4423731 2.9118830 4.6600577 5.2705666 4.8490933 4.8362876 4.7882253 1.8175935 1.9017582 4.4910306 4.1590513 3.6555327 3.4042130 2.9572190 3.3085633 2.5765434 3.7320940 3.6924492 3.8913508 4.0952397 3.5034408 3.5364119 3.6846292 3.6072431 3.3873978 4.0487755 3.3620263 3.8245205 3.8013555 4.2941535 4.2941535 4.3659694 3.3947537 4.3361534 3.4849879 4.0285301 4.1794680 3.6563265 3.5566481 3.2853355 4.0264690 3.9210666 5.0425557 
Fspp_ffun1.m4.8762.m1                                        0.7367025 1.4910234 0.0000000 0.3065471 0.4892282 0.4771285 0.4742666 0.6906724 0.8333898 2.7704941 1.9935310 2.3449608 2.3166594 2.2454210 2.4286794 2.8510670 2.6131227 2.5043250 4.0540920 1.7621989 4.0006992 2.0761566 3.7863461 3.8174572 3.4079384 4.0537572 3.7585868 3.9783736 3.6958923 4.0910926 2.7843340 2.7125256 2.9256073 2.4106895 3.1226658 2.4239494 3.1463829 2.6657976 3.2666562 2.5849210 3.2630230 2.9506272 4.4482285 5.2847552 3.6436485 4.1279466 4.3456285 2.2935684 2.3166446 3.5741690 3.0366345 2.8293228 2.8447309 2.5337091 2.8319211 2.3165164 3.0527381 2.8871207 3.0616145 3.7785088 2.9292244 2.9391482 2.5777733 2.6445560 2.7315325 4.1080613 3.5672933 3.9380431 3.9623498 4.4341718 4.4341718 3.8629759 3.2263291 3.5232030 2.8265163 3.0373562 3.1410661 2.7334126 2.5031477 2.4214411 3.5908955 3.7381993 4.3089236 
Gasp_gasp1.m3.8383.m1                                        0.6612099 1.6599757 0.3065471 0.0000000 0.5017299 0.5126981 0.5571080 0.7263742 0.8528360 2.8219162 2.0322145 2.3311821 2.3674828 2.2494999 2.5767843 2.9171143 2.7391776 2.6326106 4.3014961 1.8187453 4.2672741 2.1466692 3.8817148 3.9938770 3.6503095 4.4686414 4.3574228 4.5201255 3.7673351 4.1602790 2.7248909 2.6635624 2.8703504 2.4170688 3.2456530 2.6673084 3.3836000 2.8680844 3.4214509 2.4934459 3.3577646 2.8294792 4.1279455 4.5284773 3.7512762 4.5119179 4.8987820 2.3082362 2.3310774 3.9545096 3.1247736 2.8934740 2.8792786 2.7112314 2.8401178 2.6021144 3.0571050 3.1042600 3.2710039 4.1277723 3.0634234 3.2420645 2.7561839 2.9077705 2.8612898 3.9727273 3.6374032 3.9962652 3.9970219 4.5919362 4.5919362 3.7493774 3.4723778 4.2128524 2.9261086 3.4248256 3.5350317 3.0851218 2.7341622 2.5128947 3.7234603 3.6191429 4.3628702 
Spis_XP_022780523_1                                          0.6193637 1.6326073 0.4892282 0.5017299 0.0000000 0.1089415 0.5667175 0.7415915 0.8884748 2.8536493 2.1249314 2.5082209 2.5572148 2.3804496 2.6208654 2.9710326 2.8221848 2.6503030 4.3226022 1.7960321 4.2141091 2.1095762 4.0822554 3.8631129 3.6589662 4.2164710 4.3391752 4.0151673 3.7884968 4.3073227 2.6817567 2.6018876 2.7980045 2.3335254 2.9747609 2.5455456 3.0875468 2.6926620 3.1024218 2.3969387 3.0232288 2.7038005 4.1240131 4.3928194 4.0762769 4.5325986 4.6893684 2.2673118 2.2886000 3.8843489 3.1443662 2.8987992 2.8140489 2.7435988 2.7749576 2.5290719 3.0525641 3.0311569 3.1855290 4.1262992 3.0405713 3.2822431 2.7118274 2.8613541 2.9744335 3.8978816 3.6591601 3.9693747 3.9726870 4.4255081 4.4255081 3.8915335 3.4749591 3.9797317 2.8542984 3.5181215 3.6700521 3.0333984 2.8527569 2.7547590 3.6781581 3.7063282 4.4378072 
Pocdam_XM_027204050.1                                        0.6160799 1.6206116 0.4771285 0.5126981 0.1089415 0.0000000 0.5969761 0.7564676 0.8933586 2.9705031 2.1345269 2.5565823 2.5892777 2.4390448 2.6341107 2.9510420 2.8569782 2.6401310 4.3799489 1.7546832 4.2013028 2.0756975 4.2328180 3.7956636 3.7661167 4.3427737 4.2870673 3.9670749 3.8976292 4.3550297 2.7857442 2.7024516 2.9290600 2.3492829 3.1396529 2.6087796 3.2596165 2.7660734 3.0914503 2.4460211 3.1142057 2.7586417 4.0086818 4.5925780 4.0670266 4.5609349 4.6243076 2.3441553 2.3690188 3.7957834 3.1615151 2.9708154 2.9163561 2.7227896 2.8818825 2.4970195 3.2794652 3.1388931 3.3073431 4.1480567 3.1277240 3.2805876 2.6865849 2.8188146 2.9006280 3.8727648 3.6903186 3.9821027 3.9853808 4.3484240 4.3484240 3.9559489 3.4657765 3.8495594 2.9018903 3.3914790 3.5167572 3.1156666 2.8099918 2.6427724 3.6218256 3.6893114 4.3634213 
Gfas_gfas1.m1.20361.m1                                       0.5962177 1.6046187 0.4742666 0.5571080 0.5667175 0.5969761 0.0000000 0.4887541 0.5244208 3.1179137 1.9811959 2.2856806 2.3058781 2.1060429 2.7872747 2.8527462 2.7175239 2.8059642 4.5405085 1.6903032 4.2100537 2.0830763 4.0436965 4.2552355 4.0987730 4.5717906 4.1389109 4.7849908 4.3743194 4.4050646 3.0994189 3.0232310 3.2182082 2.3833973 3.3272079 2.8374507 3.3490381 3.0430907 3.3897598 2.4256294 3.3930815 3.0788207 4.7121560 4.6067681 3.9305368 4.6106433 4.5945238 2.1274964 2.0875939 4.1125183 3.1546243 2.8994423 2.7529194 2.4966070 2.6669330 2.2149424 3.0097955 2.7675420 3.0684587 4.3019025 3.3071153 3.2327807 2.7033076 2.8769132 2.8856603 4.1310677 3.9331456 4.0077165 3.9731540 4.4461057 4.4461057 3.9482925 3.1217349 4.0517052 2.9836492 3.4655304 3.5821213 3.2600994 2.7132237 2.7543780 3.7608606 3.4815154 4.5394953 
Amil_Amillepora22839-RA                                      0.6743565 1.7257823 0.6906724 0.7263742 0.7415915 0.7564676 0.4887541 0.0000000 0.0649677 2.7920873 2.1578759 2.4352526 2.4486053 2.2158236 2.9258076 2.9917635 2.8689097 2.8278954 4.5323998 1.6941971 4.3716974 1.9977963 3.8272289 4.6393277 3.8824241 4.2599183 4.3194501 4.8542168 4.2704364 4.5904158 3.0132466 2.9364600 3.3614328 2.3822232 3.4369217 2.7650430 3.5070584 3.0566002 3.2406094 2.5651272 3.4582475 2.9821217 5.3252681 5.0023811 3.7610894 4.2692680 4.7672534 2.2417896 2.2619517 4.0694720 3.3086800 3.0036434 2.8768401 2.5196627 2.8298044 2.3641637 3.0159739 2.9976009 3.1363120 3.9102943 3.2223183 3.2687736 2.9052791 2.9924659 2.9804460 3.9794131 3.6391416 3.8106012 3.7898790 4.4237196 4.4237196 3.6628239 3.6997596 3.8044215 3.0925114 3.7729914 3.9257405 3.1234396 2.7737504 2.5761876 4.0248388 3.7692534 4.3113030 
Adig_XM_015891929.1                                          1.0891127 1.9678040 0.8333898 0.8528360 0.8884748 0.8933586 0.5244208 0.0649677 0.0000000 3.2322919 2.3470982 2.7307286 2.7824192 2.4510523 2.9535893 3.0876111 3.1043192 2.8492785 4.6200397 1.4156449 4.3481302 1.8032702 4.1085885 4.3443461 4.2108385 3.9889022 4.0608926 4.8232196 4.6202028 4.7480937 3.0999255 3.0999255 3.2012830 2.4471064 3.6790437 3.0244322 3.6502952 3.3107312 3.4592722 2.4436186 3.8215018 3.1800215 5.3697207 5.4158495 3.8878425 4.3117949 4.6162225 2.0247394 2.0283440 4.2636249 3.8362261 3.3704355 3.0432680 2.8475803 3.0062280 2.5227984 3.2648114 3.1222237 3.5353100 4.1649192 3.8215743 3.4689579 2.8951175 3.0789407 3.0293270 4.2691902 4.1310522 4.0326064 4.0355176 5.1606697 5.1606697 3.5389370 3.8370123 4.3291757 3.2780137 3.8350500 3.8217213 3.3928924 3.0286873 2.8386039 3.9455632 3.7898159 4.4559675 
Morvir_scaffold32.g28.t1                                     2.0582028 2.6485006 2.7704941 2.8219162 2.8536493 2.9705031 3.1179137 2.7920873 3.2322919 0.0000000 1.2141609 1.4466252 1.4940523 1.4609460 1.9999275 2.6196928 2.2421695 2.0802680 3.5615249 2.2619655 3.6756877 2.6563183 3.9354973 3.9586263 3.3632652 4.3586522 3.4531964 4.6048550 3.3046747 3.7144484 3.4290003 3.4290003 4.1437110 3.0892590 3.1333580 3.0522745 3.0522745 3.2506428 3.2691780 3.3067937 3.5206322 3.7115340 4.9341014 6.0705013 3.9692531 3.8192568 3.7917888 2.2040733 2.3422821 3.4366530 2.7465738 2.6117719 3.0906300 3.1514518 3.0220866 3.0847330 3.2416452 2.7201047 2.9476236 3.3265655 2.3646939 2.4077880 3.4022926 3.1716534 3.1570857 3.2347179 2.9495972 3.1200256 3.1335590 3.5211068 3.5211068 3.3624100 3.3160042 3.3762572 2.2149656 2.7555818 2.6676097 3.0037602 2.4297953 2.7124174 3.4389409 3.1613571 2.6892902 
Sanmal_Sma_019197-T1                                         2.3411870 2.3865156 1.9935310 2.0322145 2.1249314 2.1345269 1.9811959 2.1578759 2.3470982 1.2141609 0.0000000 0.6160707 0.6823702 0.6043563 2.0883611 1.9170060 1.7516460 1.5817435 3.1474632 1.7700291 2.8090752 2.0210022 2.6209345 2.8078063 2.5545707 2.5189946 2.5119243 2.8351736 2.3282498 3.0204919 2.8916214 2.8310370 3.2256027 2.5825167 2.6989138 2.6984569 2.6300090 2.5565334 2.4760304 2.7426432 2.7164384 2.7853025 4.4946649 5.6501985 2.7365580 3.2565331 3.7550176 2.4275888 2.4495991 2.4922563 2.4150857 2.5032754 2.6828739 2.7218807 2.6725933 2.6637970 2.9750186 2.4669304 2.5011405 2.6880815 1.8333497 2.0390069 2.6356725 2.5865043 2.5467601 3.1627740 3.1188984 3.1793157 3.1941054 3.2268428 3.2268428 2.9934620 2.7892595 2.5093201 1.6504994 2.5609627 2.5494579 2.4378336 1.8242277 1.9503699 3.3525413 2.6005667 2.6029851 
Nemnom_g14762.t1                                             2.1453911 2.6577381 2.3449608 2.3311821 2.5082209 2.5565823 2.2856806 2.4352526 2.7307286 1.4466252 0.6160707 0.0000000 0.0388604 0.1606154 2.3883187 2.0065765 1.9064706 1.7054700 3.7639400 1.9501430 3.5212866 2.0920010 3.1962206 3.4983625 3.5527457 3.3172620 3.0551727 3.4667969 2.7389413 3.4530596 3.0051878 3.0039786 3.2499851 2.5810289 3.0440084 3.1624896 3.1289556 2.9897426 3.1149447 2.7337604 2.9819983 2.9735662 5.3630996 5.0051679 3.2215194 3.5959554 3.8850903 2.2331778 2.3040343 3.1008108 2.7483798 2.6002196 2.8810585 3.0710426 2.9733651 3.0545664 3.0664907 2.6685436 2.8787804 2.9517543 2.1791650 2.3374497 2.8686106 2.6385981 2.8280199 2.8749185 2.8523004 2.9807152 2.9893752 3.7550507 3.7550507 3.2557011 2.9570448 2.9243083 2.0603189 2.6498100 2.6479211 2.8364891 2.4979284 2.3747988 3.6981867 3.0803973 2.7522609 
Nemnom_g19681.t1                                             2.1628397 2.6461396 2.3166594 2.3674828 2.5572148 2.5892777 2.3058781 2.4486053 2.7824192 1.4940523 0.6823702 0.0388604 0.0000000 0.2081831 2.3851680 1.9848586 1.9524723 1.7400511 3.7859972 1.9693903 3.5210868 2.1156457 3.2014464 3.5113016 3.5806821 3.2865498 3.0496259 3.4796596 2.7456558 3.5366816 3.0936079 3.0929022 3.2032857 2.6715729 3.1325941 3.2577832 3.2218949 3.0820796 3.2137812 2.7337604 3.0712327 3.0634523 5.3630996 4.9603674 3.2927160 3.6656616 3.9283790 2.2331778 2.3040343 3.1808259 2.7410078 2.5580612 2.8113779 2.9932211 2.8955405 3.0088351 2.9920613 2.6959646 2.8725550 3.0303669 2.2183943 2.3734330 2.9623037 2.7240649 2.9183884 2.8213518 2.7977911 2.9207093 2.9291037 3.7040631 3.7040631 3.2579708 2.9570448 2.9626072 2.1260361 2.6168303 2.6131342 2.7813339 2.5130065 2.3718167 3.7660494 3.0522004 2.7313865 
Rhoesc_Res_006475-T1                                         2.0615524 2.6651001 2.2454210 2.2494999 2.3804496 2.4390448 2.1060429 2.2158236 2.4510523 1.4609460 0.6043563 0.1606154 0.2081831 0.0000000 2.3685886 1.9689973 1.8871886 1.6683302 3.6040921 1.7156035 3.2864570 1.8657755 3.0725350 3.1543743 3.2090831 3.1249693 2.8423397 3.3248379 2.6330518 3.4232820 2.9604673 2.9590054 3.2638545 2.5828408 2.9575786 3.0915566 3.0593069 2.9957904 2.8994360 2.6142863 2.8495554 2.7902520 4.7392189 4.8322847 3.2518229 3.5396433 3.7948325 2.2433695 2.2567572 2.9883061 2.8253778 2.8027039 2.5608102 2.6624747 2.6022506 2.7507199 2.8344800 2.6134894 2.7557636 2.9983759 2.2895468 2.2890343 2.7241639 2.4680691 2.6844541 2.9174106 2.9467086 2.9262934 2.9345826 3.4803345 3.4803345 3.2800170 3.2269294 2.8239178 2.0130700 2.4794993 2.5099358 2.8904643 2.5054199 2.3098492 3.6960054 3.0701506 2.5838505 
Sanmal_Sma_019201-T1                                         1.7848628 3.2522049 2.4286794 2.5767843 2.6208654 2.6341107 2.7872747 2.9258076 2.9535893 1.9999275 2.0883611 2.3883187 2.3851680 2.3685886 0.0000000 1.4261232 1.4651205 1.3680507 4.8594442 1.6895123 4.6627937 1.8722800 4.6050098 4.6243670 3.9052556 4.6923530 4.1228270 4.5265718 4.1852726 3.8516597 2.4443152 2.4456229 2.9209847 1.7202252 2.9894558 2.4028749 3.3017363 2.2811507 2.8685484 2.0843002 2.7406268 2.3711194 3.8161708 4.2374600 3.5155097 4.6586194 4.9726319 1.9612889 1.9741337 4.0444328 3.0071733 2.4823717 3.0782126 2.3951037 2.9772614 2.0977330 3.1842693 3.1226345 3.4471784 3.9840503 2.9252539 2.6809282 3.0029119 3.1584678 3.1141445 4.3190572 3.6600994 4.7113573 4.6596555 4.5338010 4.5261806 3.9478682 3.1603858 3.8567358 2.6133482 3.0190186 2.9403126 2.6369961 3.1346421 3.2476639 4.0757432 4.2262058 4.4755301 
Aaur_scaffold556.g2.t1                                       1.9976143 3.3156191 2.8510670 2.9171143 2.9710326 2.9510420 2.8527462 2.9917635 3.0876111 2.6196928 1.9170060 2.0065765 1.9848586 1.9689973 1.4261232 0.0000000 0.8723485 0.7994381 4.4087141 1.2160518 4.6532438 1.7158945 4.3192807 4.5332807 4.0240625 4.7020430 4.2035899 4.4506317 4.2217072 4.8853120 2.6167700 2.5701919 2.6975245 2.0973862 3.1237035 2.6673625 3.6421546 2.4683923 3.3266877 1.8541169 3.1766550 2.5991422 3.5768561 4.8711707 3.7214996 5.1815533 5.2004244 1.9671241 1.9787165 5.0649903 3.7732072 3.1518486 3.2313522 2.7984537 3.2263200 2.2595547 3.2183289 3.3765443 3.7256492 4.6831727 2.7890266 2.7781630 3.3562931 3.2245227 3.2556655 4.2877938 4.2930992 4.4699922 4.4206332 4.8251168 4.8166071 4.6704485 3.3644891 3.9517672 2.6633311 3.3390148 3.2380022 2.9108175 3.1746044 3.3992169 3.9234966 4.2993875 4.2602138 
Nemnom_g7666.t1                                              1.7787193 3.2767099 2.6131227 2.7391776 2.8221848 2.8569782 2.7175239 2.8689097 3.1043192 2.2421695 1.7516460 1.9064706 1.9524723 1.8871886 1.4651205 0.8723485 0.0000000 0.3304877 4.3365074 1.3622592 4.4371420 1.8045061 3.8763332 4.3159182 3.8816541 4.1217230 3.7846010 4.4559979 3.9897773 4.0712531 2.5923555 2.5438397 2.8877149 1.8891510 3.1697211 2.6123235 3.3801327 2.6905385 2.9785148 1.8472858 2.8480370 2.4775295 4.8336147 4.4278206 3.6225992 4.6644977 4.9077665 1.9981316 2.0121628 3.8879693 3.2367757 2.6847397 3.1311034 2.7298920 3.0618716 2.0842884 3.1737525 3.0436388 3.3627883 3.8672906 2.6114515 2.6248842 3.5279962 3.1254413 3.0949556 4.4212285 3.9056271 4.4414388 4.4543173 4.1228911 4.1162209 4.5054700 3.4690955 3.4535656 2.4017263 2.9069993 2.8538739 2.8560762 2.9010847 3.0705852 3.8697163 4.1557138 3.8992336 
Rhoesc_Res_006645-T1                                         1.6221392 3.0193112 2.5043250 2.6326106 2.6503030 2.6401310 2.8059642 2.8278954 2.8492785 2.0802680 1.5817435 1.7054700 1.7400511 1.6683302 1.3680507 0.7994381 0.3304877 0.0000000 4.2894737 1.4056197 4.4189334 1.8684168 3.9782502 4.2834222 3.9909612 4.5072404 3.8453578 4.3195690 3.9336633 4.0188048 2.6949454 2.6421902 3.1530147 1.8588812 3.0119486 2.6692091 3.4626466 2.7162786 2.8515270 1.8780964 2.9082378 2.5075740 4.8706992 4.7403004 3.4980063 4.3502817 4.6613333 1.9785624 2.0046323 3.8480806 2.9080853 2.5377260 2.9044916 2.3305771 2.8103896 2.0135686 3.0604801 2.9064715 3.0598671 3.8668396 2.4923962 2.4846149 3.3393133 3.1331873 3.1701578 4.1264145 3.6310581 4.0829768 4.0872699 3.9313877 3.9247519 4.5184416 3.3977942 3.5716122 2.3103077 2.9650265 2.8914398 2.5527438 2.8418594 2.8816701 3.7238203 4.0447391 3.5501189 
Cgig_XM_011435319.3                                          1.7335448 5.0252759 4.0540920 4.3014961 4.3226022 4.3799489 4.5405085 4.5323998 4.6200397 3.5615249 3.1474632 3.7639400 3.7859972 3.6040921 4.8594442 4.4087141 4.3365074 4.2894737 0.0000000 0.3586360 0.8594698 0.9278737 1.3163343 1.6192945 1.5253724 1.9536979 1.8890091 2.1658654 2.0584812 4.1219793 2.6314099 2.5886203 3.0744398 2.0880196 2.9790855 2.8927714 3.3844775 2.5396708 3.0433680 2.2864874 2.8992936 2.9046011 5.4814628 4.9844753 4.4212468 4.0974421 3.9981502 2.1132995 2.1900876 3.7472009 4.6283702 3.9159688 4.2004611 3.3679376 3.8748803 2.9970792 4.1461252 4.1121230 4.8129514 3.7744688 4.9387060 5.1431035 4.6007884 4.5965909 4.3165058 4.8313420 4.3035377 4.3262027 4.3189232 4.9100242 4.9016249 5.4698945 3.9532211 3.4237673 4.8743917 5.0364782 4.9843365 4.6138169 4.3724813 4.3893459 3.9904749 4.5407105 4.6473922 
Ctel_gnl_WGS_AMQN_CAPTEDRAFT_mRNA171376                      2.0988937 1.9182979 1.7621989 1.8187453 1.7960321 1.7546832 1.6903032 1.6941971 1.4156449 2.2619655 1.7700291 1.9501430 1.9693903 1.7156035 1.6895123 1.2160518 1.3622592 1.4056197 0.3586360 0.0000000 0.4329699 0.4913248 0.5323427 0.5204105 0.5749471 0.7497893 0.6528117 0.6146451 0.7424458 1.4235246 1.4691400 1.4719897 1.5418377 1.4346896 1.4056730 1.3933098 1.3933098 1.4815208 1.3954824 1.8396031 1.5018346 1.5357362 0.0000010 4.4516368 1.4354921 2.0277201 1.7370286 2.0822206 2.0885208 1.4477642 1.5164040 1.5182835 1.7016597 1.7409748 1.5513208 1.5752020 1.5949217 1.3151204 1.4253929 1.5548310 1.8474110 1.8977181 1.4437565 1.4365215 1.4575321 1.9246078 1.9952030 1.8594870 1.8594870 1.9444892 1.9444892 1.7757002 1.8505918 1.6343652 1.7471600 1.5703295 1.6056707 1.5244217 1.3785891 1.4031486 1.2825387 1.2721515 2.1600582 
Acagra_model.g26297.t1.1.5d3b8bb9                            1.8042279 4.4293011 4.0006992 4.2672741 4.2141091 4.2013028 4.2100537 4.3716974 4.3481302 3.6756877 2.8090752 3.5212866 3.5210868 3.2864570 4.6627937 4.6532438 4.4371420 4.4189334 0.8594698 0.4329699 0.0000000 0.9059804 1.2945592 1.7078645 1.4625908 2.0959702 2.0367921 2.4232371 1.9376033 4.0441118 2.5653891 2.5208766 2.8995474 2.1498030 2.8961291 2.9987706 3.3971683 2.7045100 2.7958050 2.0813689 2.8307951 2.8827447 4.5910397 4.6740973 3.9894974 4.3136396 4.5326896 2.5900107 2.6996371 3.6436413 4.4952148 3.6668650 4.3599649 3.3980130 3.9747794 3.1951276 4.1768520 4.4853581 5.0194029 3.7843671 4.9946246 5.4035994 4.7592742 4.5124882 4.4316383 5.1740325 4.5949265 4.8582157 4.8747629 4.7531884 4.7454352 5.2369129 4.1748634 3.3656728 5.2014821 5.3481415 5.4811519 4.5082368 4.6323748 4.4120270 3.9344389 4.5519330 4.4819841 
Tcas_TC015024_001                                            1.7335970 1.9903414 2.0761566 2.1466692 2.1095762 2.0756975 2.0830763 1.9977963 1.8032702 2.6563183 2.0210022 2.0920010 2.1156457 1.8657755 1.8722800 1.7158945 1.8045061 1.8684168 0.9278737 0.4913248 0.9059804 0.0000000 0.7585138 0.8436693 0.9338338 0.9057119 1.0477244 1.0298368 1.2076180 1.7565774 1.6715737 1.5937121 1.9753171 1.2465956 1.5881389 1.6514109 1.6493380 1.5701189 1.4966662 1.5635813 1.5672552 1.5675530 9.0000000 4.3069637 2.0199734 2.0994857 2.1927871 2.1526777 2.1653844 1.6564405 1.4765781 1.4365536 1.6844767 1.4912056 1.6156910 1.4428286 1.7285206 1.5212121 1.9836320 1.9787788 2.4197709 2.3190458 1.9737596 2.0074637 1.9025341 2.3924594 2.3097277 2.4802360 2.4802360 2.4755669 2.4755669 2.1927862 2.0984902 1.9201150 2.2642987 2.1415012 2.0767121 1.8417480 1.6684095 1.7919136 1.7150966 1.4420620 2.9725903 
Cscu_XM_023364673.1                                          1.6032283 4.1396583 3.7863461 3.8817148 4.0822554 4.2328180 4.0436965 3.8272289 4.1085885 3.9354973 2.6209345 3.1962206 3.2014464 3.0725350 4.6050098 4.3192807 3.8763332 3.9782502 1.3163343 0.5323427 1.2945592 0.7585138 0.0000000 1.4952928 1.4719671 1.5484877 1.6461338 2.1681368 1.6838211 3.6845748 2.6148926 2.5763200 2.8904491 1.9214262 2.8301938 2.8285750 3.3004489 2.7388505 3.0794598 1.8972947 2.5905043 2.6417055 4.3293687 5.1419072 3.7905654 4.1555973 4.2102675 2.4270445 2.4551699 3.0737907 4.0874185 3.8211049 3.8264915 3.2137163 3.5308530 2.9402341 3.6632284 3.8498875 4.4342744 3.5096273 4.4504569 4.9774677 4.5005987 4.6119858 4.6143664 5.0082468 4.6855987 4.8564318 4.8890587 4.6257279 4.6168408 4.8208433 3.9781285 3.1836649 4.3797089 4.6283637 4.6377280 4.2893082 4.1665993 4.1404242 4.0620302 4.4457204 4.9510387 
Hsap_ENST00000651059                                         1.7603831 4.6081745 3.8174572 3.9938770 3.8631129 3.7956636 4.2552355 4.6393277 4.3443461 3.9586263 2.8078063 3.4983625 3.5113016 3.1543743 4.6243670 4.5332807 4.3159182 4.2834222 1.6192945 0.5204105 1.7078645 0.8436693 1.4952928 0.0000000 1.3953792 1.9737927 1.5653323 1.1514207 1.6195557 3.8452924 2.3015463 2.2959081 2.5939928 1.7039336 2.5003891 2.5261602 3.0793212 2.4952722 2.6491484 1.9263572 2.6981976 2.4132828 3.3834228 4.7202638 4.0860529 4.1696202 3.8068023 2.5063349 2.5450445 3.5308660 4.0606261 3.6016256 4.1696162 3.2032933 4.2816044 3.0255762 3.9011896 3.8278605 4.7307674 3.6521660 4.3929621 4.4257913 4.4640865 4.7992291 4.7485701 4.8446564 4.2189216 4.4841031 4.4599793 4.8134313 4.8055539 4.8118986 3.8945216 2.9792166 4.7159530 4.5934132 4.7367816 4.6411831 4.2252388 4.3726089 3.7046357 4.0941815 5.0743119 
Skow_XM_002730832.2                                          1.6126227 4.2529153 3.4079384 3.6503095 3.6589662 3.7661167 4.0987730 3.8824241 4.2108385 3.3632652 2.5545707 3.5527457 3.5806821 3.2090831 3.9052556 4.0240625 3.8816541 3.9909612 1.5253724 0.5749471 1.4625908 0.9338338 1.4719671 1.3953792 0.0000000 1.8000441 1.4471512 1.9008227 1.3822862 3.6530375 2.3535657 2.2889670 2.8281778 1.7458220 2.3550216 2.5874022 2.8722918 2.4235522 2.5890187 2.1256794 2.5088975 2.6769982 4.2256556 4.3958362 3.7691382 3.9072910 3.6395292 2.0945128 2.1480900 3.1079101 3.9125813 3.7111177 3.8439915 3.4089480 3.5807264 3.0162125 3.7497445 3.4203705 4.4031572 3.4967210 4.2087772 4.5101297 4.5030965 4.4820498 4.3669586 4.6574559 4.5274455 4.4014309 4.4385912 4.5610082 4.5451911 4.8245290 3.6280407 2.9353945 4.5507445 4.5990111 4.6913207 4.3009255 4.1321847 4.5212571 3.7339115 4.1143937 4.2601573 
Dpul_mRNA15081                                               2.0889850 4.5423506 4.0537572 4.4686414 4.2164710 4.3427737 4.5717906 4.2599183 3.9889022 4.3586522 2.5189946 3.3172620 3.2865498 3.1249693 4.6923530 4.7020430 4.1217230 4.5072404 1.9536979 0.7497893 2.0959702 0.9057119 1.5484877 1.9737927 1.8000441 0.0000000 2.1390813 2.3100520 2.2476292 3.7275198 2.3492750 2.3598903 2.6595293 2.0181304 3.0076253 2.5928927 3.0495765 2.3995996 2.6925776 2.2149388 2.8469573 2.6793946 6.3226881 4.8954800 4.3402685 4.3572964 4.0445194 2.0447205 2.0335554 3.5038255 4.0106960 3.3345551 4.0268177 3.0658843 4.0218445 3.1030710 3.7159743 3.5645810 3.9449076 3.5974050 4.6405157 4.9078915 3.9664060 4.3852050 3.9516249 4.8093472 4.6858652 4.6440329 4.6121691 4.5415598 4.5327571 4.9300141 4.0404930 3.2017142 4.4909330 4.4597166 4.4670708 4.2670279 4.1395552 4.3371020 4.5470517 4.2219986 5.0030173 
Bralan_BLAG01001429_1                                        2.1588975 4.4657565 3.7585868 4.3574228 4.3391752 4.2870673 4.1389109 4.3194501 4.0608926 3.4531964 2.5119243 3.0551727 3.0496259 2.8423397 4.1228270 4.2035899 3.7846010 3.8453578 1.8890091 0.6528117 2.0367921 1.0477244 1.6461338 1.5653323 1.4471512 2.1390813 0.0000000 1.8540346 1.6956087 3.3816341 2.3694416 2.3628150 2.7034385 1.9138828 2.4802638 2.4643686 2.8813546 2.4361602 2.6255897 2.1564088 2.7092175 2.4289221 4.0608017 4.9093434 3.5862780 3.3486132 3.3997860 2.4197047 2.4728759 3.4596258 4.2449909 3.5690221 3.8482830 3.0995195 4.2389163 2.7154524 3.9304067 3.6541515 4.8712037 3.3580944 4.3924830 4.4572207 4.9730762 5.0802669 4.7714712 4.5152262 3.9575222 4.0915790 4.1402603 4.4292272 4.4216715 4.7911163 3.9307491 2.9982996 4.6700034 4.5543301 4.5714693 4.2272841 4.1338658 4.4433768 4.1095274 3.7320864 4.6642941 
Hsap_ENST00000261503                                         1.7200245 4.3473335 3.9783736 4.5201255 4.0151673 3.9670749 4.7849908 4.8542168 4.8232196 4.6048550 2.8351736 3.4667969 3.4796596 3.3248379 4.5265718 4.4506317 4.4559979 4.3195690 2.1658654 0.6146451 2.4232371 1.0298368 2.1681368 1.1514207 1.9008227 2.3100520 1.8540346 0.0000000 2.1274508 4.1732172 2.8149238 2.8041722 3.1182071 1.9325198 3.0175555 2.7847383 3.2253903 2.7044327 2.9677960 2.1394246 2.9843992 2.8044875 4.2097810 5.5645145 3.9835812 4.2492807 4.2377343 2.2939962 2.3630089 3.7715143 4.3275069 3.7266563 4.1832277 3.6296757 3.9831875 3.4353108 4.0513125 3.8450278 4.9047180 3.9135866 4.4609203 5.0318964 4.9621439 4.9750212 5.3715225 4.6859115 3.9853905 4.5020029 4.4707582 4.9194509 4.9113388 5.4011588 4.0902600 3.4060459 5.2397912 5.3500158 5.4304664 4.8508461 4.4464143 5.1085868 3.8747949 4.1285058 5.3900912 
Spur_XM_011667678.2                                          1.6529394 4.1006296 3.6958923 3.7673351 3.7884968 3.8976292 4.3743194 4.2704364 4.6202028 3.3046747 2.3282498 2.7389413 2.7456558 2.6330518 4.1852726 4.2217072 3.9897773 3.9336633 2.0584812 0.7424458 1.9376033 1.2076180 1.6838211 1.6195557 1.3822862 2.2476292 1.6956087 2.1274508 0.0000000 4.0423503 2.3220970 2.2828416 2.7421708 1.8513141 2.5588323 2.6373271 2.9552059 2.4570145 2.7187600 1.9048770 2.5310813 2.4023476 4.8704189 4.5374621 3.3883733 3.7972717 3.8204977 2.6588373 2.6650781 3.4412639 3.8970782 3.6229634 3.8730135 3.3809301 3.5296563 3.0572435 3.5755885 3.8103109 4.2707964 3.5127495 3.9973043 4.3966299 4.4445368 4.4908469 4.5833775 4.7414295 4.3168413 4.4328755 4.4647284 4.9078785 4.8915033 4.7449258 4.3848901 3.0116964 4.3985319 4.6861940 4.8237102 4.0818506 4.0316234 4.1252828 3.7382503 3.9506918 4.6531857 
Pbac_sb2650849                                               1.9555158 4.6371251 4.0910926 4.1602790 4.3073227 4.3550297 4.4050646 4.5904158 4.7480937 3.7144484 3.0204919 3.4530596 3.5366816 3.4232820 3.8516597 4.8853120 4.0712531 4.0188048 4.1219793 1.4235246 4.0441118 1.7565774 3.6845748 3.8452924 3.6530375 3.7275198 3.3816341 4.1732172 4.0423503 0.0000000 0.6674648 0.6594956 0.9849394 0.6029852 1.4589468 1.1994016 1.5957155 1.0387335 1.1322047 0.6309207 1.2348707 1.2570750 2.3325886 3.0648546 3.9661825 3.8602134 3.6102774 1.6368335 1.6273351 3.3107558 4.3095748 3.6077410 3.8898600 2.9898609 4.0128646 2.6694329 4.1890171 3.7006790 4.1108807 4.1062553 4.9120391 4.9696943 4.2492904 4.1334761 4.3443436 5.1614612 4.4356667 5.6410976 5.6914883 4.9457750 4.9457750 4.0407268 2.9490422 2.9498735 4.3999536 3.9553409 3.9470149 4.4692424 4.1974782 4.7557761 3.7800834 3.3040440 5.5571190 
Horcal_Hcv1.av93.c3.g169.i3                                  2.0597916 2.8519006 2.7843340 2.7248909 2.6817567 2.7857442 3.0994189 3.0132466 3.0999255 3.4290003 2.8916214 3.0051878 3.0936079 2.9604673 2.4443152 2.6167700 2.5923555 2.6949454 2.6314099 1.4691400 2.5653891 1.6715737 2.6148926 2.3015463 2.3535657 2.3492750 2.3694416 2.8149238 2.3220970 0.6674648 0.0000000 0.0198452 0.0469688 0.4666206 0.7286476 0.7661957 0.7705243 0.6818628 0.6670317 0.6132769 0.7169151 0.8530750 1.2461227 0.8905930 2.4909365 2.5121110 2.6081680 1.7616041 1.7546176 1.9306623 2.7436774 2.5417498 2.9548756 2.7543737 2.9528056 2.5058592 3.1513925 2.3914591 2.6084424 2.0132472 2.9083338 3.2969591 2.4602586 2.6669515 2.7195389 2.8517961 2.8328276 2.9005910 2.9415117 3.0339621 3.0339621 2.2795181 1.9593672 2.1530563 2.8303700 3.1357193 3.0277526 3.0522237 3.2317192 3.3459785 2.2513454 1.7592118 3.0850974 
Horcal_Hcv1.av93.c3.g169.i5                                  2.0597916 2.7816347 2.7125256 2.6635624 2.6018876 2.7024516 3.0232310 2.9364600 3.0999255 3.4290003 2.8310370 3.0039786 3.0929022 2.9590054 2.4456229 2.5701919 2.5438397 2.6421902 2.5886203 1.4719897 2.5208766 1.5937121 2.5763200 2.2959081 2.2889670 2.3598903 2.3628150 2.8041722 2.2828416 0.6594956 0.0198452 0.0000000 0.0727362 0.4666206 0.7079354 0.7696991 0.7492894 0.6845594 0.6464706 0.6132769 0.7010994 0.8399283 1.2461227 0.8633632 2.5068082 2.4963481 2.5931931 1.7616041 1.7546176 1.9306623 2.6560057 2.5417498 2.9585173 2.7543737 2.8363629 2.5058592 3.0277453 2.3349046 2.6171460 1.9950769 2.9774642 3.1907283 2.4758539 2.6745822 2.6726268 2.8945980 2.8328276 2.9443523 2.9859936 3.0554117 3.0554117 2.2507579 1.9585030 2.1530563 2.7958141 3.1124742 3.0277526 3.0635106 3.1542297 3.2803702 2.2535671 1.7592118 3.0011226 
Horcal_Hcv1.av93.c3.g169.i4                                  1.5619391 2.8301279 2.9256073 2.8703504 2.7980045 2.9290600 3.2182082 3.3614328 3.2012830 4.1437110 3.2256027 3.2499851 3.2032857 3.2638545 2.9209847 2.6975245 2.8877149 3.1530147 3.0744398 1.5418377 2.8995474 1.9753171 2.8904491 2.5939928 2.8281778 2.6595293 2.7034385 3.1182071 2.7421708 0.9849394 0.0469688 0.0727362 0.0000000 0.7408874 0.9850046 1.0789678 1.0712004 0.9399034 0.9398543 0.7002177 1.0081282 1.1661239 1.2461227 0.8129720 3.0930665 3.1936604 3.3976924 1.7058071 1.7058071 2.3515473 3.4244909 3.1758971 3.5039299 3.2895044 3.5173774 2.7889659 3.6770790 2.8802545 3.1053329 2.4641082 3.5598537 3.9148916 3.1337069 3.4321071 3.3055808 3.5142398 3.5101696 3.5895074 3.6513247 3.7423356 3.7423356 2.8087447 2.0074307 2.6559555 3.1217448 3.7215787 3.5959353 3.5063916 3.9687360 4.0794185 2.7649417 2.1905181 3.4677861 
Vmul_sbMO430526                                              1.8583910 2.1689284 2.4106895 2.4170688 2.3335254 2.3492829 2.3833973 2.3822232 2.4471064 3.0892590 2.5825167 2.5810289 2.6715729 2.5828408 1.7202252 2.0973862 1.8891510 1.8588812 2.0880196 1.4346896 2.1498030 1.2465956 1.9214262 1.7039336 1.7458220 2.0181304 1.9138828 1.9325198 1.8513141 0.6029852 0.4666206 0.4666206 0.7408874 0.0000000 0.0000010 0.3308462 0.3308462 0.3836233 0.4074355 0.5690161 0.4258420 0.4913336 0.2410115 2.0243286 1.6788092 1.9148533 1.9760397 1.7612900 1.7537049 1.8162619 1.7233667 1.6727075 2.2733601 2.2785327 2.1995096 2.1032332 2.3178925 2.0821875 1.9669785 1.6165508 2.3090887 2.4915991 1.9554867 1.9412383 1.9752772 1.9698245 2.1714144 2.1801909 2.1649351 2.0263454 2.0263454 1.5226419 1.6197271 1.8886365 2.4463700 2.2630002 2.2630002 2.4072268 2.4597924 2.4718721 1.5129139 1.2820048 2.9491440 
Mlei_ML1893.g41.i1                                           1.8583910 3.3821053 3.1226658 3.2456530 2.9747609 3.1396529 3.3272079 3.4369217 3.6790437 3.1333580 2.6989138 3.0440084 3.1325941 2.9575786 2.9894558 3.1237035 3.1697211 3.0119486 2.9790855 1.4056730 2.8961291 1.5881389 2.8301938 2.5003891 2.3550216 3.0076253 2.4802638 3.0175555 2.5588323 1.4589468 0.7286476 0.7079354 0.9850046 0.0000010 0.0000000 0.6409211 0.5652476 0.5631038 0.6812918 0.5690161 0.6745857 0.8674493 0.3895613 1.4357799 2.9057816 3.1463860 3.1605574 1.9048742 1.9015245 2.8503844 2.8911313 2.5902396 3.0439683 2.7285258 2.8842745 2.2278311 3.1053788 3.0532716 3.0491635 2.9616027 3.5186523 3.2673836 3.2183051 2.8734607 3.4262257 3.2264240 2.9520931 3.3172288 3.3742297 3.5099216 3.4993373 2.8404118 2.2886988 2.7092783 3.8187762 3.5704070 3.4889815 3.7543525 3.6705942 3.5024652 2.6200269 2.3916405 4.7864755 
Beraby_Baby_sb350305                                         1.8618250 2.4752239 2.4239494 2.6673084 2.5455456 2.6087796 2.8374507 2.7650430 3.0244322 3.0522745 2.6984569 3.1624896 3.2577832 3.0915566 2.4028749 2.6673625 2.6123235 2.6692091 2.8927714 1.3933098 2.9987706 1.6514109 2.8285750 2.5261602 2.5874022 2.5928927 2.4643686 2.7847383 2.6373271 1.1994016 0.7661957 0.7696991 1.0789678 0.3308462 0.6409211 0.0000000 0.0378081 0.5722305 0.6237270 0.5382173 0.6892221 0.9257308 0.8220047 1.9646783 2.6958256 2.8571942 2.6348408 2.0588489 2.0599061 2.1955331 2.4928870 2.4097908 2.4238044 2.4189523 2.2831237 1.9318292 2.4852687 2.4181619 2.0389578 2.4737740 3.1648544 3.0979101 2.3834901 2.3357602 2.4456541 3.2022539 3.2378379 3.4160046 3.4289847 3.3565611 3.3703000 2.3727913 1.8956092 2.4468988 3.0936378 2.9536649 2.9554624 3.2372479 2.9533728 3.0491727 2.4461139 2.0200771 3.9678359 
Beraby_Baby_sb350303                                         1.8618250 3.4195521 3.1463829 3.3836000 3.0875468 3.2596165 3.3490381 3.5070584 3.6502952 3.0522745 2.6300090 3.1289556 3.2218949 3.0593069 3.3017363 3.6421546 3.3801327 3.4626466 3.3844775 1.3933098 3.3971683 1.6493380 3.3004489 3.0793212 2.8722918 3.0495765 2.8813546 3.2253903 2.9552059 1.5957155 0.7705243 0.7492894 1.0712004 0.3308462 0.5652476 0.0378081 0.0000000 0.5901598 0.6429395 0.5382173 0.7289645 0.9377812 0.8220047 1.5646956 3.2737139 3.3008567 3.0435537 2.0672272 2.0684956 2.7327369 3.4143324 2.8725921 3.0555484 2.4189523 3.0695236 1.9318292 3.2109949 3.0027474 3.3357088 3.2247387 3.8686401 3.7372062 3.2605370 3.1287803 3.3191569 3.7525522 3.3711590 4.0117179 4.1034048 4.1136170 4.1263261 2.9326261 2.3973646 2.8577547 4.0051516 3.5721513 3.4756284 3.8463264 3.5383732 3.5973355 2.8875767 2.6133200 5.0931648 
Drygla_Dgla_sb283853                                         1.8953124 2.6911438 2.6657976 2.8680844 2.6926620 2.7660734 3.0430907 3.0566002 3.3107312 3.2506428 2.5565334 2.9897426 3.0820796 2.9957904 2.2811507 2.4683923 2.6905385 2.7162786 2.5396708 1.4815208 2.7045100 1.5701189 2.7388505 2.4952722 2.4235522 2.3995996 2.4361602 2.7044327 2.4570145 1.0387335 0.6818628 0.6845594 0.9399034 0.3836233 0.5631038 0.5722305 0.5901598 0.0000000 0.7245826 0.7486846 0.7444749 0.9291358 0.7186120 1.9363816 2.5605161 2.5699863 2.8010500 2.1171989 2.1200386 2.1511145 2.8861996 2.6506995 2.7499069 2.6243562 2.3576321 2.1697184 2.6660721 2.5939246 2.4583392 2.2440479 3.0233696 3.0422895 2.3083394 2.3416889 2.3317292 3.0352905 3.0741936 3.1039220 3.0691054 3.2537554 3.2537554 2.4695664 2.1679527 2.6459884 2.6818680 2.7288151 2.7228544 3.0414828 2.9008408 2.8938679 2.1750499 1.7298985 3.7863916 
Vmul_Simscaffold15369_01                                     2.0501796 3.6735418 3.2666562 3.4214509 3.1024218 3.0914503 3.3897598 3.2406094 3.4592722 3.2691780 2.4760304 3.1149447 3.2137812 2.8994360 2.8685484 3.3266877 2.9785148 2.8515270 3.0433680 1.3954824 2.7958050 1.4966662 3.0794598 2.6491484 2.5890187 2.6925776 2.6255897 2.9677960 2.7187600 1.1322047 0.6670317 0.6464706 0.9398543 0.4074355 0.6812918 0.6237270 0.6429395 0.7245826 0.0000000 0.2866306 0.3822236 0.7033556 1.0677813 1.6569458 2.9535468 2.9681492 3.0274330 2.0563210 2.0572638 2.6836422 2.9668848 2.4301642 3.1181691 2.4820742 3.1575641 2.1847043 3.1265674 3.2670149 3.1986641 2.7247677 3.3057257 3.3978251 3.0857605 3.1439982 3.2587004 3.3334312 2.7806854 3.6092652 3.6895453 3.7338457 3.7325543 2.6992051 2.1923058 2.5392358 4.2908357 3.6658531 3.5075917 3.2989955 3.3496989 3.3274061 2.6033833 2.1065075 4.1313375 
Coeast_Cast_sb766446                                         1.8687194 2.2292216 2.5849210 2.4934459 2.3969387 2.4460211 2.4256294 2.5651272 2.4436186 3.3067937 2.7426432 2.7337604 2.7337604 2.6142863 2.0843002 1.8541169 1.8472858 1.8780964 2.2864874 1.8396031 2.0813689 1.5635813 1.8972947 1.9263572 2.1256794 2.2149388 2.1564088 2.1394246 1.9048770 0.6309207 0.6132769 0.6132769 0.7002177 0.5690161 0.5690161 0.5382173 0.5382173 0.7486846 0.2866306 0.0000000 0.0965873 0.6286373 0.6740498 2.4062486 1.8372973 2.3669415 2.4003993 1.9861982 1.9850098 1.9410471 2.3471468 2.3094778 2.6406739 2.6396829 2.7133266 2.2938544 2.8885976 2.7779429 2.1455637 1.8844659 2.7747987 3.0267460 2.7229838 2.6575230 2.5809461 2.4231681 2.4746253 2.6266238 2.6312136 2.5955324 2.5955324 1.7905982 1.8458179 2.3611801 2.6321021 2.9139179 2.9139179 2.9228783 2.6513356 2.5310296 1.6861172 1.4853734 2.8427451 
Coemet_Cmet_scaffold4844_01                                  1.9529830 3.4423731 3.2630230 3.3577646 3.0232288 3.1142057 3.3930815 3.4582475 3.8215018 3.5206322 2.7164384 2.9819983 3.0712327 2.8495554 2.7406268 3.1766550 2.8480370 2.9082378 2.8992936 1.5018346 2.8307951 1.5672552 2.5905043 2.6981976 2.5088975 2.8469573 2.7092175 2.9843992 2.5310813 1.2348707 0.7169151 0.7010994 1.0081282 0.4258420 0.6745857 0.6892221 0.7289645 0.7444749 0.3822236 0.0965873 0.0000000 0.7579231 1.0624498 1.5823131 2.7288125 3.0990791 3.1387960 2.2196844 2.2259277 2.5950978 2.9897007 2.7411035 3.3889431 2.7995761 3.1936788 2.3101223 3.2179146 3.1666101 3.1451468 2.6659278 3.3086128 3.2684380 3.0899497 3.0564853 3.3146525 3.2470909 2.9600088 3.3584494 3.4204456 3.5084669 3.5119306 2.8165515 2.1780956 2.5843584 3.7898943 3.6186570 3.4271118 3.5733195 3.4652226 3.3600220 2.6876441 2.1286960 4.1519145 
Eupdun_Edun_sb10636773                                       2.0626870 2.9118830 2.9506272 2.8294792 2.7038005 2.7586417 3.0788207 2.9821217 3.1800215 3.7115340 2.7853025 2.9735662 3.0634523 2.7902520 2.3711194 2.5991422 2.4775295 2.5075740 2.9046011 1.5357362 2.8827447 1.5675530 2.6417055 2.4132828 2.6769982 2.6793946 2.4289221 2.8044875 2.4023476 1.2570750 0.8530750 0.8399283 1.1661239 0.4913336 0.8674493 0.9257308 0.9377812 0.9291358 0.7033556 0.6286373 0.7579231 0.0000000 1.5258258 1.9264217 2.3918849 2.8151855 3.1623080 1.7992108 1.7785647 2.2485682 2.6012101 2.7089047 2.4537652 2.2949663 2.5102686 2.1997703 2.5548604 2.6203648 2.5098878 2.2756974 3.2212621 3.4548551 2.5389849 2.5138729 2.7620405 2.7874163 2.8806611 2.8482702 2.8562725 3.2733046 3.2733046 2.5440697 2.6513342 2.4689563 3.2219448 3.0458488 2.9916247 3.2200908 3.0662005 2.9031858 2.1093698 1.7886730 3.5052977 
Bolinf_Binf_sb1229218                                        0.0000010 4.6600577 4.4482285 4.1279455 4.1240131 4.0086818 4.7121560 5.3252681 5.3697207 4.9341014 4.4946649 5.3630996 5.3630996 4.7392189 3.8161708 3.5768561 4.8336147 4.8706992 5.4814628 0.0000010 4.5910397 9.0000000 4.3293687 3.3834228 4.2256556 6.3226881 4.0608017 4.2097810 4.8704189 2.3325886 1.2461227 1.2461227 1.2461227 0.2410115 0.3895613 0.8220047 0.8220047 0.7186120 1.0677813 0.6740498 1.0624498 1.5258258 0.0000000 1.6424097 5.6151367 5.6911531 5.7529933 5.3895035 5.3895035 3.8174453 7.7126353 6.1814445 6.8409580 8.3600270 5.7136757 4.1567027 4.5648235 5.3861691 4.2159644 5.4276867 6.0540768 3.6957809 4.1067408 3.6280449 4.2171315 4.5856564 5.1505641 5.7489376 5.8686976 4.9060762 4.9060762 5.1543611 3.2473335 4.7040801 5.1856897 3.9638037 4.1037150 6.3229348 4.9609388 5.9446157 3.9339990 3.4288979 5.8021539 
Pbac_sb2650143                                               5.8320192 5.2705666 5.2847552 4.5284773 4.3928194 4.5925780 4.6067681 5.0023811 5.4158495 6.0705013 5.6501985 5.0051679 4.9603674 4.8322847 4.2374600 4.8711707 4.4278206 4.7403004 4.9844753 4.4516368 4.6740973 4.3069637 5.1419072 4.7202638 4.3958362 4.8954800 4.9093434 5.5645145 4.5374621 3.0648546 0.8905930 0.8633632 0.8129720 2.0243286 1.4357799 1.9646783 1.5646956 1.9363816 1.6569458 2.4062486 1.5823131 1.9264217 1.6424097 0.0000000 4.8920568 6.4814873 5.3314995 4.0612517 3.9382602 4.3169800 4.6326377 4.3546330 4.3504284 4.8405875 4.8027935 4.2068104 4.6485771 4.1748645 5.2243066 5.1636610 5.5970836 5.1888091 4.9358333 5.1785763 5.5223420 5.4574538 5.6324413 5.4191986 5.4433461 5.7727471 5.7685699 4.7125827 3.7897927 4.7434510 5.3546619 5.7214195 6.0192089 4.9413263 6.0334223 5.6357041 4.4524292 4.4954629 5.5396789 
