78
Nvec_v1g212635                                       0.0000000 0.2457969 1.6660704 1.8305017 1.9280756 1.9917264 1.8638314 1.8997178 1.4642979 1.9125204 1.9897600 2.1540413 5.2730710 1.9844595 2.1212528 1.8810596 1.0332621 2.2229485 3.4661117 2.2442953 2.1281818 0.5881607 2.5380495 2.4488400 2.9046993 1.7324625 2.6264360 5.0491877 2.6504812 2.6427246 2.6435843 2.8365807 2.8909285 3.6403135 3.8105844 4.8122139 3.1804325 3.3148963 4.1787049 4.1022634 2.2878248 2.1505521 2.1671467 6.0297713 2.2447541 3.0573094 2.2799666 2.2684016 2.0865003 2.1503715 2.0985913 2.2592073 2.3328201 2.4593441 2.3685792 2.3409405 3.1143285 4.9227591 3.2733784 3.2949259 2.5788792 2.6005842 2.6172855 2.6196583 2.6355453 2.6422200 2.5981461 1.2566407 1.6824382 1.4268985 1.5435023 1.9928535 4.8667695 1.7102864 5.6757519 5.0280695 8.2278691 8.1528460 
Exapal_XM_021058835.2                                0.2457969 0.0000000 0.0300880 0.1052811 0.1579393 0.1736278 0.1736278 0.1579393 0.1764533 0.1755510 0.1778436 0.1723152 1.2018111 0.1391618 0.1885225 0.2323071 0.2656087 0.2203953 1.2018111 0.1611984 0.2176052 0.3606948 0.4501450 0.3873032 0.5225373 0.5225373 0.4131119 1.3188534 0.4162692 0.3831581 0.4034812 0.4521985 0.5911730 0.7521508 0.7865729 1.2465047 0.7521508 0.7865729 1.2465047 0.5251030 0.2763707 0.2666223 0.2880269 1.2018111 0.4337190 0.7924064 0.4500390 0.4821231 0.3982726 0.4289164 0.4104511 0.3629765 0.3997460 0.3232404 0.4697422 0.4047669 0.9191076 6.2331849 0.9009843 0.8832186 0.6907574 0.6232347 0.6156178 0.7022750 0.6683045 0.6873079 0.7117452 0.3548058 0.3792980 0.3128824 0.1501670 0.5669709 2.1641584 0.6907587 4.1649411 9.0000000 0.0000010 0.0000010 
Exapal_XM_021036423.1                                1.6660704 0.0300880 0.0000000 0.1372453 0.1957316 0.2025309 0.1944482 0.2063852 0.1678780 0.2058036 0.2720711 0.3249499 0.6041219 0.3430226 0.3571962 0.3051360 0.3909645 0.3558676 0.4546720 0.3933939 0.4661083 0.3522678 0.7096081 0.7434854 0.8251790 0.7011291 0.7111340 1.0471865 0.7322997 0.7055227 0.6880207 0.7343241 0.8121774 0.9087662 0.9233419 1.0219002 0.9087662 0.9233419 1.0219002 0.8521553 0.5044963 0.4427763 0.3948776 0.2774873 0.5450915 0.6586086 0.6856301 0.6530234 0.5856340 0.6390627 0.6238709 0.5858873 0.6168855 0.5869081 0.4837615 0.5580768 1.0051094 0.8106994 0.9664324 1.0059174 0.7688372 0.7313680 0.6973532 0.7353081 0.7339346 0.7424075 0.7684640 0.3803686 0.6055240 0.5915531 0.6093330 0.6044197 0.8019254 0.6782904 1.2020187 0.8204706 1.1443676 1.4589827 
Nvec_v1g10968                                        1.8305017 0.1052811 0.1372453 0.0000000 0.2808085 0.3423186 0.2806573 0.2434595 0.1873276 0.2545346 0.3520098 0.5244296 1.0694198 0.5498039 0.5193559 0.5338692 0.3684979 0.6593168 0.4607901 0.5281648 0.6445764 0.3207425 0.8044016 0.8953430 1.0182903 0.7183670 0.9014766 1.2703670 0.8987944 0.9069722 0.9269129 0.9873996 1.0060608 1.1416175 1.1465144 1.2550554 1.0023866 1.0031318 1.1185360 1.0117639 0.7000026 0.6472087 0.5536157 0.6114836 0.8296325 0.8192520 0.8317577 0.7891235 0.8068531 0.8096383 0.8205967 0.9170060 1.0173816 0.8254755 0.7344439 0.8154884 1.0735423 0.7890382 0.9987903 1.1432666 0.9247830 0.9054946 0.8779419 1.0504423 0.8589069 0.8689866 1.0539362 0.4215526 0.6385263 0.6989638 0.6952021 0.6594615 1.2598576 0.7571005 1.5738874 0.8099935 1.7616720 2.4797955 
Fspp_ffun1.m4.19207.m1                               1.9280756 0.1579393 0.1957316 0.2808085 0.0000000 0.0769316 0.1055059 0.1224007 0.0896886 0.1460939 0.1594390 0.4512798 0.9148073 0.4565702 0.4764816 0.4249403 0.2739366 0.5429859 0.3560143 0.4812752 0.5956659 0.2877219 0.7844469 0.8007505 0.9541172 0.6668900 0.7880395 1.1190612 0.8345019 0.7525286 0.7293021 0.7818796 0.9109564 1.0184122 1.0043457 1.1266585 0.9919760 0.9762833 1.0909689 0.9668510 0.5850756 0.4850369 0.4475800 0.2092917 0.6603317 0.7679629 0.7112317 0.6341704 0.7011873 0.7610812 0.7293185 0.7894280 0.8781591 0.6556795 0.5696418 0.6773455 0.9751392 0.7611025 0.9534898 1.0093047 0.7137747 0.8174136 0.8169524 0.9305504 0.7977737 0.8068565 0.8986340 0.4208593 0.5527477 0.6165496 0.6428162 0.5904801 1.0069029 0.7329761 1.5734666 0.9880105 1.5776482 2.1742683 
Gfas_gfas1.m1.4529.m1                                1.9917264 0.1736278 0.2025309 0.3423186 0.0769316 0.0000000 0.1513300 0.1614240 0.0822381 0.1770665 0.2342759 0.4942668 1.0923911 0.5187851 0.5568584 0.4731954 0.2471364 0.5817445 0.3826368 0.5386073 0.5990026 0.3102285 0.8175136 0.8957934 1.0144605 0.6576181 0.8698966 1.2320692 0.8979034 0.8546164 0.7978173 0.8194041 0.9556184 1.0178072 1.0041407 1.1270759 1.0224802 1.0074704 1.1271313 0.9594906 0.6705979 0.5576205 0.5242474 0.1870779 0.7113315 0.7362393 0.7616406 0.7282336 0.7290509 0.7904673 0.7727844 0.8416747 0.8964629 0.7432694 0.6795011 0.8024130 0.9675767 0.7028983 1.0227107 1.0418367 0.8225396 0.8920347 0.8593026 0.9957258 0.8082365 0.8174015 1.0095305 0.4108081 0.5624676 0.5939183 0.6096049 0.5949610 1.1234905 0.7778982 1.7663743 0.9923301 1.6254835 2.6883432 
Pocdam_XM_027200825.1                                1.8638314 0.1736278 0.1944482 0.2806573 0.1055059 0.1513300 0.0000000 0.0863526 0.0748150 0.1105622 0.0948601 0.4372602 0.8700205 0.4445386 0.4887182 0.4197301 0.2598612 0.5655066 0.3789673 0.5131795 0.6273502 0.3102285 0.8140349 0.8823539 1.0027862 0.6414791 0.8584429 1.2139330 0.8497685 0.8520905 0.8032269 0.8599454 0.9464906 1.0599812 1.0471037 1.1689018 0.9429790 0.9266310 1.0307228 1.0021692 0.5938801 0.5151181 0.4570320 0.3497465 0.7052275 0.7616062 0.6704726 0.6327859 0.6627101 0.7094832 0.7098372 0.7145801 0.8679361 0.6748086 0.5944077 0.7774764 0.9483951 0.7028983 0.9822798 1.0405010 0.8458233 0.8773554 0.8855357 1.0335869 0.8168471 0.8262543 0.9412730 0.3776191 0.5469478 0.6126711 0.6393950 0.6117529 0.9820171 0.7320068 1.5465720 0.9704164 1.4733713 2.2874203 
Adig_XM_015903189.1                                  1.8997178 0.1579393 0.2063852 0.2434595 0.1224007 0.1614240 0.0863526 0.0000000 0.0385116 0.1177951 0.1767782 0.4213981 0.8847117 0.4566682 0.4809765 0.4261170 0.3179209 0.5165878 0.4756127 0.4832088 0.5571904 0.2877219 0.7742367 0.8088328 0.9699371 0.6712219 0.7986849 1.1453778 0.7950116 0.8039799 0.7902477 0.8386856 0.8793823 0.9839413 0.9689861 1.0751284 0.9052773 0.8881206 0.9867819 0.8866300 0.5864456 0.4820493 0.4479080 0.1707981 0.6884444 0.7310283 0.6642123 0.6791456 0.6330466 0.7088525 0.7111521 0.7705831 0.8182084 0.7119429 0.6584240 0.7374571 1.0326990 0.7028983 1.0066861 1.1525358 0.8707779 0.9143016 0.9331367 1.0639258 0.8248166 0.8344350 0.9676279 0.4121262 0.5938745 0.5884776 0.6693120 0.6189628 0.9758819 0.7705141 1.3744081 0.9539415 1.4122772 1.9837037 
Adig_XM_015904165.1                                  1.4642979 0.1764533 0.1678780 0.1873276 0.0896886 0.0822381 0.0748150 0.0385116 0.0000000 0.0762946 0.1694418 0.2581274 0.4449817 0.2649161 0.3453741 0.3265282 0.3371348 0.3582562 0.4782856 0.3329895 0.4567011 0.3174493 0.6512798 0.6934368 0.7465106 0.6953921 0.6409513 0.9221040 0.6739843 0.6346384 0.6506728 0.6885046 0.7640325 0.8856724 0.8513254 0.9656633 0.8265367 0.7906120 0.8973728 0.7795937 0.4823031 0.3369758 0.3366801 0.0761151 0.4701811 0.5356566 0.5499658 0.5596023 0.5338129 0.5532023 0.5323416 0.5128445 0.5492743 0.5088789 0.4904186 0.5728219 1.0566452 0.7397206 1.0633803 0.9894602 0.8268752 0.7916866 0.7883236 0.8552616 0.7582973 0.7683954 0.8516651 0.4281871 0.6126296 0.5319221 0.5412610 0.5735177 0.7919832 0.7781115 0.8311820 0.3528878 0.8259865 1.1784184 
Gasp_gasp1.m3.28252.m1                               1.9125204 0.1755510 0.2058036 0.2545346 0.1460939 0.1770665 0.1105622 0.1177951 0.0762946 0.0000000 0.1866194 0.4849619 1.0579697 0.5043996 0.5433986 0.4427591 0.2336903 0.5601070 0.3605563 0.4375847 0.6151971 0.3155595 0.7652991 0.8230099 0.9625732 0.6720704 0.8121461 1.1406007 0.8049701 0.7968105 0.7973546 0.8298596 0.8476333 1.0530021 1.0394364 1.1569988 0.9301215 0.9137434 1.0144102 0.9300954 0.6442110 0.5059581 0.5219352 0.3743798 0.7146643 0.8529817 0.7178701 0.6720370 0.7586419 0.7863776 0.7871431 0.7858523 0.8419754 0.7718762 0.6308504 0.8086204 1.0040639 0.6905299 0.9801272 1.1111812 0.8642598 0.8953119 0.8869862 0.9989902 0.8290383 0.8228449 0.9938255 0.4227695 0.5819609 0.6452725 0.6409256 0.6539917 1.1598403 0.7372187 1.5021338 1.0270651 1.4907742 2.0101819 
Spis_XP_022781836_1                                  1.9897600 0.1778436 0.2720711 0.3520098 0.1594390 0.2342759 0.0948601 0.1767782 0.1694418 0.1866194 0.0000000 0.5417588 1.1324440 0.5597659 0.5735183 0.5621225 0.2598612 0.6740516 0.5682330 0.5786782 0.7174657 0.3214601 0.9394297 0.9859661 1.1438663 0.8286324 0.9772159 1.4068390 0.9625919 0.9373525 0.8846323 0.9570100 1.0548269 1.1986040 1.1886797 1.3401280 1.0959940 1.0826203 1.2155573 1.1726254 0.6800386 0.6551118 0.5602276 0.5190850 0.8434227 0.9693540 0.8115128 0.7793419 0.7810103 0.8091664 0.8070111 0.9431042 1.0672617 0.8394094 0.6631708 0.8271349 1.1082101 0.9319320 1.1131077 1.2589846 0.9106024 0.9578287 1.0139339 1.1613424 0.9271989 0.9153550 1.0569884 0.4900083 0.6478353 0.6242679 0.6621314 0.6915765 1.3178103 0.8206849 1.8156662 1.3032083 2.2481846 2.4671858 
Cgig_XM_011441409.3                                  2.1540413 0.1723152 0.3249499 0.5244296 0.4512798 0.4942668 0.4372602 0.4213981 0.2581274 0.4849619 0.5417588 0.0000000 0.6250844 0.3608107 0.4196213 0.5025364 0.2239074 0.4051008 0.3996698 0.4272322 0.5638538 0.2891076 0.7485387 0.7444486 0.7311438 0.6211743 0.6675285 0.9201745 0.7506958 0.7463088 0.7628368 0.8005465 0.8073652 0.8926266 0.9175762 0.9945066 0.8565979 0.8820029 0.9775030 0.8190282 0.6445226 0.7024577 0.6962337 0.7781702 0.7567148 0.7266177 0.7801402 0.7423509 0.7161722 0.6794767 0.6581477 0.8325152 0.8339336 0.6895201 0.7195216 0.8954940 0.9643631 0.8881410 1.0150017 1.0817036 0.8611534 0.8866574 0.8858123 1.0425857 0.8130755 0.8224401 1.0575336 0.4161240 0.6214768 0.6622066 0.5969445 0.6886957 1.2521023 0.7679445 1.8681413 1.5506224 1.5309379 2.2419703 
Ctel_gnl_WGS_AMQN_CAPTEDRAFT_mRNA224984              5.2730710 1.2018111 0.6041219 1.0694198 0.9148073 1.0923911 0.8700205 0.8847117 0.4449817 1.0579697 1.1324440 0.6250844 0.0000000 0.0492564 0.8743461 1.0221405 0.5585613 0.7748201 0.4439304 0.9165466 1.1063427 0.0000010 1.4153378 1.4446081 1.4002870 1.2409675 1.3237675 1.3481772 1.3484939 1.5436276 1.5959654 1.5959192 1.4758187 1.6524028 1.6524028 1.6406062 1.4740370 1.4740370 1.4740370 1.4339143 1.1965481 1.2973731 1.4834536 1.0948189 1.3965903 1.1867829 1.5303372 1.1227354 1.2131020 1.3179111 1.2203114 1.5894445 1.6131933 1.1867432 1.2011910 1.5174911 1.0986577 0.6894276 1.1815654 1.3232637 1.1650502 1.5279566 1.4932825 1.6335594 1.3293465 1.3293465 1.5971325 0.5516585 1.0110141 1.7367274 4.0668080 0.8098256 1.3541821 1.0889783 2.3163324 1.4771974 1.8379964 2.3959514 
Ctel_gnl_WGS_AMQN_CAPTEDRAFT_mRNA178575              1.9844595 0.1391618 0.3430226 0.5498039 0.4565702 0.5187851 0.4445386 0.4566682 0.2649161 0.5043996 0.5597659 0.3608107 0.0492564 0.0000000 0.4824218 0.5262247 0.3063909 0.4662729 0.4211963 0.5401922 0.6634960 0.3248165 0.8443160 0.8567911 0.9405931 0.7182414 0.7998256 1.1164926 0.8098856 0.8613442 0.8820604 0.9481413 0.9601451 1.1596074 1.1648521 1.2869995 1.0442560 1.0462739 1.1662493 1.0411753 0.7271081 0.7195449 0.7194947 0.9500640 0.8219570 0.8986406 0.9665488 0.8495756 0.8082112 0.8236500 0.7734131 0.8990761 0.9245708 0.7504892 0.7797924 0.8565720 0.9754890 0.8480566 1.0226146 1.1319594 0.9468582 0.9217411 0.9047175 1.0039513 0.8372464 0.8469309 1.0100899 0.4382980 0.6665148 0.5486980 0.6937238 0.6090640 1.3512875 0.7013488 1.9407725 1.5646512 1.8035308 2.3393799 
Spur_XM_030988513.1                                  2.1212528 0.1885225 0.3571962 0.5193559 0.4764816 0.5568584 0.4887182 0.4809765 0.3453741 0.5433986 0.5735183 0.4196213 0.8743461 0.4824218 0.0000000 0.4483003 0.3673423 0.5911548 0.3601095 0.4923121 0.6518468 0.2200860 0.6206543 0.6882268 0.7889221 0.5370015 0.6907520 1.0184480 0.6647548 0.6768807 0.6866708 0.7449650 0.7224653 0.8714117 0.8954975 1.0182262 0.7831079 0.8053008 0.9211137 0.8046324 0.7085547 0.6348398 0.6236643 0.9692242 0.7619059 0.7711893 0.8549936 0.7681519 0.8081787 0.7966486 0.7829966 0.8178204 0.8177087 0.7841388 0.7468112 0.8297731 1.0291069 1.1101322 1.0670802 1.0992865 0.9138295 0.8892477 0.8766462 1.0078788 0.7941395 0.8030598 1.0109820 0.3918765 0.6632988 0.6090399 0.6953267 0.5567294 1.4212923 0.7079204 1.7561982 1.5063156 1.7143603 1.9565487 
Bralan_BLAG18000831_1                                1.8810596 0.2323071 0.3051360 0.5338692 0.4249403 0.4731954 0.4197301 0.4261170 0.3265282 0.4427591 0.5621225 0.5025364 1.0221405 0.5262247 0.4483003 0.0000000 0.3896659 0.6928839 0.3774436 0.5298727 0.6404840 0.4457740 0.6836524 0.7705109 0.7855131 0.5899152 0.7153438 0.9708904 0.7158955 0.7256203 0.7414638 0.7637674 0.7588316 0.8444070 0.8559136 0.9190037 0.7437808 0.7527118 0.8056312 0.8272945 0.6114928 0.6878476 0.7301818 0.7767812 0.7102267 0.7262240 0.9140026 0.7727846 0.8426858 0.8135269 0.8087841 0.6944813 0.8097614 0.7432837 0.7726796 0.9031036 0.9998203 0.9368623 1.0339167 1.1379530 0.9253078 0.8331116 0.8242469 0.9627666 0.7032528 0.7122808 0.9855960 0.4261711 0.5791557 0.5417490 0.5434187 0.6179777 1.3912187 0.8314952 1.5552014 0.8914347 1.9010352 3.0881599 
Lcom_lcpid223656                                     1.0332621 0.2656087 0.3909645 0.3684979 0.2739366 0.2471364 0.2598612 0.3179209 0.3371348 0.2336903 0.2598612 0.2239074 0.5585613 0.3063909 0.3673423 0.3896659 0.0000000 0.2253676 0.4084368 0.3057784 0.5014651 0.4648907 0.7132284 0.7134985 0.7283192 0.7283192 0.6788753 0.9152903 0.6968697 0.6747955 0.6454015 0.6454015 0.6767822 0.8045153 0.8429896 1.0253094 0.8045153 0.8429896 1.0253094 0.7729262 0.5761201 0.4685760 0.4537444 0.5534930 0.4698218 0.5283664 0.5706439 0.6622565 0.5262893 0.5290820 0.5378219 0.4966022 0.4536160 0.6227138 0.5499496 0.6989282 1.0453455 1.1313637 1.0333752 1.0462811 0.9049727 0.7599141 0.7979930 0.7979930 0.8293697 0.8293697 0.7655954 0.4793925 0.6332825 0.5125250 0.4946994 0.5223795 0.8658058 0.6916361 0.8664918 1.2263026 1.5350223 0.0000010 
Acagra_model.g3713.t1                                2.2229485 0.2203953 0.3558676 0.6593168 0.5429859 0.5817445 0.5655066 0.5165878 0.3582562 0.5601070 0.6740516 0.4051008 0.7748201 0.4662729 0.5911548 0.6928839 0.2253676 0.0000000 0.4406961 0.6160078 0.6271042 0.3617480 0.8205517 0.8620422 0.9106200 0.7317602 0.8384223 1.1348193 0.8484652 0.8808595 0.8522177 0.8838575 0.9110150 1.0752403 1.0999191 1.2397928 0.9627469 0.9841866 1.0983687 0.9308066 0.7475996 0.8340264 0.8371471 0.9192388 0.8643390 0.8241535 0.9368529 0.8965689 0.8711080 0.8687362 0.8571108 0.9672003 0.9376126 0.8670022 0.8277236 1.0537294 1.0500686 0.9657535 1.0890991 1.1596834 0.9424230 1.0339394 0.9847653 1.1194851 0.8412724 0.8511274 1.0767475 0.4952342 0.6812628 0.8331672 0.7634921 0.6906442 1.2748382 0.8745243 1.7341982 1.6012785 1.7290610 2.2756079 
Skow_XM_006818114.1                                  3.4661117 1.2018111 0.4546720 0.4607901 0.3560143 0.3826368 0.3789673 0.4756127 0.4782856 0.3605563 0.5682330 0.3996698 0.4439304 0.4211963 0.3601095 0.3774436 0.4084368 0.4406961 0.0000000 0.5042863 0.4165590 0.0000010 0.6648485 0.8174214 0.7801973 0.7801973 0.7868826 0.8167408 0.7798134 0.7856120 0.8497601 0.8177165 0.7386488 0.7887599 0.7887599 0.7887599 0.7887599 0.7887599 0.7887599 0.9512455 0.5159522 0.7047909 0.6471374 0.4756127 0.5134067 0.5134067 0.8995359 0.8862664 0.7709588 0.8369195 0.7964044 0.6186299 0.7085651 0.5607282 0.6570167 0.6065200 1.1439389 1.0662447 1.1535102 0.9887644 0.8610627 0.6838643 0.6802593 0.6802593 0.7437339 0.7437339 0.7099172 0.7233705 0.8800685 0.7665855 1.3656428 0.5406490 0.7149228 0.6296941 0.7733012 0.6924597 0.4826100 1.2068117 
Hsap_ENST00000418988                                 2.2442953 0.1611984 0.3933939 0.5281648 0.4812752 0.5386073 0.5131795 0.4832088 0.3329895 0.4375847 0.5786782 0.4272322 0.9165466 0.5401922 0.4923121 0.5298727 0.3057784 0.6160078 0.5042863 0.0000000 0.6765601 0.4314339 0.8928283 0.9247656 0.9667581 0.8222737 0.8916976 1.1538260 0.8992026 0.9193238 0.9333910 0.9623478 0.9319797 1.0889636 1.1082136 1.1833863 1.0301045 1.0482969 1.1046947 1.0259717 0.6844461 0.7931644 0.7742651 0.8332106 0.7988783 0.8259886 0.8850419 0.8864065 0.8233744 0.8514982 0.8407613 0.8371005 0.9056246 0.8351613 0.7428568 0.8436438 1.0722630 1.1576651 1.1145705 1.1982912 1.0335930 0.9601915 0.9831951 1.1803097 0.9522395 0.9401669 1.1620606 0.4876269 0.7469575 0.7381913 0.3450438 0.7064754 1.3280551 0.9030820 1.5372362 1.5822038 1.6199246 1.9523302 
Cscu_XM_023371873.1                                  2.1281818 0.2176052 0.4661083 0.6445764 0.5956659 0.5990026 0.6273502 0.5571904 0.4567011 0.6151971 0.7174657 0.5638538 1.1063427 0.6634960 0.6518468 0.6404840 0.5014651 0.6271042 0.4165590 0.6765601 0.0000000 0.4080161 0.8887225 0.9418061 1.0069614 0.7519362 0.9038758 1.2325208 0.8793411 0.8730993 0.9209858 0.9607573 0.9302535 1.0838540 1.1071234 1.2402130 0.9686297 0.9888867 1.0972141 0.9151545 0.6564270 0.8571089 0.8828510 0.9816005 0.9092612 0.9548196 0.9813559 0.9165417 0.9105860 0.8637866 0.8660325 0.9395023 1.0291680 0.6661907 1.0481122 1.0302830 1.1054626 1.0861311 1.1022851 1.2224251 0.9625622 0.9276876 0.9103323 1.0541072 0.8054266 0.8147576 0.9994445 0.5498102 0.6580280 0.7293549 0.8201475 0.7943348 1.3340706 0.8931631 1.8307169 1.2812631 1.5473456 2.0788083 
Horcal_Hcv1.av93.c7.g33.i1                           0.5881607 0.3606948 0.3522678 0.3207425 0.2877219 0.3102285 0.3102285 0.2877219 0.3174493 0.3155595 0.3214601 0.2891076 0.0000010 0.3248165 0.2200860 0.4457740 0.4648907 0.3617480 0.0000010 0.4314339 0.4080161 0.0000000 0.0000010 0.1187284 0.1098442 0.1098442 0.0983783 0.3494112 0.0991327 0.1419228 0.1554594 0.1397981 0.1722447 0.3527645 0.3144229 4.6540039 0.3527645 0.3144229 4.6540039 0.0000010 0.3281511 0.2938900 0.2938900 0.0000010 0.3950567 0.4589151 0.3051241 0.3868077 0.2806005 0.3457551 0.3214044 0.4550389 0.5170568 0.4610715 0.4242503 0.3751407 1.0998419 0.0000010 1.0998419 1.0998419 0.6559839 0.5859202 0.6255714 0.6691258 0.6451192 0.6697295 0.6200623 0.4541105 0.5467047 0.4705789 0.3902845 0.5275452 0.0000010 0.7839718 0.0000010 0.0000010 0.0000010 0.0000010 
Pbac_sb2669650                                       2.5380495 0.4501450 0.7096081 0.8044016 0.7844469 0.8175136 0.8140349 0.7742367 0.6512798 0.7652991 0.9394297 0.7485387 1.4153378 0.8443160 0.6206543 0.6836524 0.7132284 0.8205517 0.6648485 0.8928283 0.8887225 0.0000010 0.0000000 0.2022381 0.2302931 0.1236486 0.1917417 0.2621628 0.1850511 0.1994191 0.2316964 0.2219080 0.1535479 0.2047717 0.1998985 0.2299904 0.1952047 0.1897466 0.2196160 0.2355446 0.9349546 0.9270641 0.8770302 1.4056012 0.8927272 0.9384385 0.9671196 0.9337123 0.8924206 0.8993171 0.8660676 0.8786183 0.9438236 0.9766613 0.9685464 0.9405923 1.1890994 1.2847882 1.1814388 1.2665701 0.9564706 1.1279129 1.1504597 1.2819238 1.0840783 1.0976856 1.2980357 0.6379370 0.8404292 0.9268710 1.0724837 0.8275612 1.5260547 0.9493218 2.1565452 2.1757227 1.5943983 0.3445901 
Lampan_Lpan_15999_01                                 2.4488400 0.3873032 0.7434854 0.8953430 0.8007505 0.8957934 0.8823539 0.8088328 0.6934368 0.8230099 0.9859661 0.7444486 1.4446081 0.8567911 0.6882268 0.7705109 0.7134985 0.8620422 0.8174214 0.9247656 0.9418061 0.1187284 0.2022381 0.0000000 0.2251665 0.1216402 0.2006163 0.3139197 0.2110491 0.1803261 0.2193378 0.2162956 0.2313139 0.2767699 0.2821906 0.3231452 0.2868841 0.2930416 0.3364839 0.2780543 0.9761117 0.8934353 0.8702647 1.4663018 0.7720714 0.8717650 0.9582182 0.8992550 0.8009994 0.9357374 0.8603416 0.8407013 0.8801032 1.0275983 0.9216027 1.0013093 1.2489397 1.4914905 1.2435375 1.2707178 0.9645292 1.1182205 1.1563056 1.2873140 1.1411518 1.1557042 1.2306878 0.6109032 0.8011585 0.8940853 1.0653207 0.7544560 1.5005492 1.0368738 2.1365092 2.3265296 1.6473097 0.7587281 
Bolinf_Binf_sb1240840                                2.9046993 0.5225373 0.8251790 1.0182903 0.9541172 1.0144605 1.0027862 0.9699371 0.7465106 0.9625732 1.1438663 0.7311438 1.4002870 0.9405931 0.7889221 0.7855131 0.7283192 0.9106200 0.7801973 0.9667581 1.0069614 0.1098442 0.2302931 0.2251665 0.0000000 0.0000010 0.0653061 0.1146380 0.1305433 0.2351076 0.2731185 0.2686236 0.1916526 0.2543035 0.2667296 0.3001950 0.2116467 0.2242235 0.2506635 0.2780673 1.1287285 1.0061246 0.9394015 1.4837737 0.9340384 0.9351359 1.1024972 1.1312654 0.9343078 1.0432771 0.9935084 0.9519604 1.0445141 1.0377754 1.0376819 1.1800481 1.2719430 1.4281748 1.2853757 1.3402137 1.2210371 1.1280057 1.2144497 1.3754911 1.1629622 1.1629622 1.3046816 0.6661193 0.8705903 1.1215334 1.3076770 0.8699563 1.6396164 1.0044384 2.2890855 2.2824226 1.8158753 1.0091064 
Mertsp_Mesp_sb573627                                 1.7324625 0.5225373 0.7011291 0.7183670 0.6668900 0.6576181 0.6414791 0.6712219 0.6953921 0.6720704 0.8286324 0.6211743 1.2409675 0.7182414 0.5370015 0.5899152 0.7283192 0.7317602 0.7801973 0.8222737 0.7519362 0.1098442 0.1236486 0.1216402 0.0000010 0.0000000 0.0480858 0.1251022 0.0711443 0.1494003 0.1703350 0.1610977 0.1000662 0.1413342 0.1560286 0.1818044 0.1413342 0.1560286 0.1818044 0.1433919 0.7926639 0.5968457 0.5774616 1.0493399 0.6171426 0.7202468 0.8188396 0.9090934 0.6422615 0.8075348 0.7872507 0.6671868 0.6868061 0.8180853 0.8395388 0.8309352 1.1584765 1.5656156 1.1883507 1.2025411 1.0601891 0.8768518 0.9132568 0.9132568 0.9083205 0.9083205 0.9155901 0.6661193 0.8961598 0.7235179 0.8455570 0.8271396 1.1666942 0.9369128 1.3699996 1.2879849 1.0661352 3.4880500 
Mlei_ML0708.g18.i1                                   2.6264360 0.4131119 0.7111340 0.9014766 0.7880395 0.8698966 0.8584429 0.7986849 0.6409513 0.8121461 0.9772159 0.6675285 1.3237675 0.7998256 0.6907520 0.7153438 0.6788753 0.8384223 0.7868826 0.8916976 0.9038758 0.0983783 0.1917417 0.2006163 0.0653061 0.0480858 0.0000000 0.0259332 0.0912616 0.1896856 0.2346600 0.2388272 0.1509545 0.2620975 0.2671833 0.3001332 0.2119485 0.2164374 0.2413338 0.2771625 0.9720954 0.9122948 0.8701463 1.4123711 0.9363215 1.0164722 1.0071726 0.9661253 0.8419986 0.9675965 0.9234692 0.9163516 0.9995609 0.9741860 0.9760597 1.1181740 1.2276956 1.3168330 1.2654365 1.3356530 1.0305687 1.1142603 1.1661381 1.3785870 1.0947790 1.1085399 1.3047503 0.6251257 0.7965044 0.9056781 1.0486419 0.7973353 1.6370271 1.0937461 2.2260178 2.1300152 1.7689992 1.0256262 
Vmul_sbMO407477                                      5.0491877 1.3188534 1.0471865 1.2703670 1.1190612 1.2320692 1.2139330 1.1453778 0.9221040 1.1406007 1.4068390 0.9201745 1.3481772 1.1164926 1.0184480 0.9708904 0.9152903 1.1348193 0.8167408 1.1538260 1.2325208 0.3494112 0.2621628 0.3139197 0.1146380 0.1251022 0.0259332 0.0000000 0.1446249 0.2898150 0.3503449 0.3439319 0.2189890 0.2937806 0.2937806 0.2988494 0.2366174 0.2366174 0.2366174 0.3422522 1.3527744 1.3384291 1.2466944 1.4346837 1.2603531 1.0854873 1.3865171 1.2586715 1.1473726 1.3124800 1.2522543 1.2326605 1.3190706 1.2735270 1.2184371 1.5859714 1.3993974 1.3565073 1.4527857 1.5511717 1.2264574 1.4055824 1.4343033 1.6739531 1.4064170 1.4064170 1.6296970 0.8521271 1.1412233 1.5522977 2.1698488 0.9517432 1.7060933 1.3747800 2.2590738 2.1812581 1.8084346 1.0256262 
Beraby_Baby_sb348190                                 2.6504812 0.4162692 0.7322997 0.8987944 0.8345019 0.8979034 0.8497685 0.7950116 0.6739843 0.8049701 0.9625919 0.7506958 1.3484939 0.8098856 0.6647548 0.7158955 0.6968697 0.8484652 0.7798134 0.8992026 0.8793411 0.0991327 0.1850511 0.2110491 0.1305433 0.0711443 0.0912616 0.1446249 0.0000000 0.1861921 0.2348229 0.2401018 0.1522984 0.2165891 0.2208071 0.2605024 0.1714099 0.1750288 0.2033432 0.2066796 1.0038572 0.9471851 0.8754937 1.4811954 0.9590946 1.0543418 0.9924129 0.9552614 0.8636615 0.9852574 0.9626245 0.9024581 0.9604431 1.0594381 1.0096467 1.1018663 1.2282400 1.3131042 1.2764293 1.3426819 1.0207305 1.1326541 1.1876634 1.3843606 1.1107234 1.1246873 1.3042488 0.6179320 0.8233221 0.9312682 1.0490214 0.8586585 1.6216197 1.0552488 2.2678346 2.2158697 1.8006205 0.8688188 
Vmul_SimC396370                                      2.6427246 0.3831581 0.7055227 0.9069722 0.7525286 0.8546164 0.8520905 0.8039799 0.6346384 0.7968105 0.9373525 0.7463088 1.5436276 0.8613442 0.6768807 0.7256203 0.6747955 0.8808595 0.7856120 0.9193238 0.8730993 0.1419228 0.1994191 0.1803261 0.2351076 0.1494003 0.1896856 0.2898150 0.1861921 0.0000000 0.1121247 0.1180031 0.2153028 0.2820492 0.2876028 0.3317612 0.2407543 0.2459493 0.2838306 0.2163220 0.9771471 0.9263414 0.9074420 1.4397601 0.8292508 0.9071572 1.0463439 0.9298176 0.8273578 0.9731122 0.9259684 0.8517141 0.9036807 1.0306845 0.9584460 1.0571253 1.1706163 1.3268789 1.1599954 1.2688003 0.9195808 1.1305026 1.1960907 1.3662988 1.1132672 1.1275756 1.3584501 0.5701181 0.7432410 0.8839739 1.0242695 0.7381419 1.5992621 0.9966101 2.2283479 2.1911382 1.8047928 0.7600528 
Coemet_Cmet_scaffold15055_01                         2.6435843 0.4034812 0.6880207 0.9269129 0.7293021 0.7978173 0.8032269 0.7902477 0.6506728 0.7973546 0.8846323 0.7628368 1.5959654 0.8820604 0.6866708 0.7414638 0.6454015 0.8522177 0.8497601 0.9333910 0.9209858 0.1554594 0.2316964 0.2193378 0.2731185 0.1703350 0.2346600 0.3503449 0.2348229 0.1121247 0.0000000 0.0150479 0.2697176 0.3011446 0.3070034 0.3529060 0.2841924 0.2903665 0.3340698 0.2321558 1.0258770 0.9806629 0.9019631 1.3214010 0.8930571 0.9388062 1.0290005 1.0369363 0.8925176 1.0061929 0.9464896 0.8526001 0.9217529 1.1016303 0.9290548 1.0322623 1.1950214 1.4115219 1.1974920 1.3246018 0.9991823 1.1429183 1.2026457 1.3587047 1.1224980 1.1370205 1.3209752 0.6120957 0.8194895 0.9127706 0.9950104 0.7470946 1.5858933 1.0648023 2.3574423 2.2389694 1.9306623 0.7329016 
Coeast_Cast_sb798728                                 2.8365807 0.4521985 0.7343241 0.9873996 0.7818796 0.8194041 0.8599454 0.8386856 0.6885046 0.8298596 0.9570100 0.8005465 1.5959192 0.9481413 0.7449650 0.7637674 0.6454015 0.8838575 0.8177165 0.9623478 0.9607573 0.1397981 0.2219080 0.2162956 0.2686236 0.1610977 0.2388272 0.3439319 0.2401018 0.1180031 0.0150479 0.0000000 0.2441861 0.2769142 0.2896483 0.3372487 0.2672471 0.2812637 0.3238307 0.2347884 1.0657230 1.0259024 0.9432583 1.2713802 0.9108055 0.9265395 1.0482460 1.0734998 0.8915154 1.0232575 0.9586033 0.8769116 0.9399726 1.1183745 1.0199975 1.0997927 1.1711998 1.4091190 1.1878189 1.2897231 1.0324174 1.1757015 1.2421175 1.3781853 1.1505897 1.1505897 1.3385533 0.6160173 0.8736732 1.0084124 1.1417376 0.7330598 1.6116797 0.9692609 2.3753345 2.2239531 1.8859134 0.7220010 
Drygla_Dgla_sb279251                                 2.8909285 0.5911730 0.8121774 1.0060608 0.9109564 0.9556184 0.9464906 0.8793823 0.7640325 0.8476333 1.0548269 0.8073652 1.4758187 0.9601451 0.7224653 0.7588316 0.6767822 0.9110150 0.7386488 0.9319797 0.9302535 0.1722447 0.1535479 0.2313139 0.1916526 0.1000662 0.1509545 0.2189890 0.1522984 0.2153028 0.2697176 0.2441861 0.0000000 0.1973676 0.2081843 0.2318437 0.1705405 0.1817776 0.2024628 0.2409723 1.0775332 1.0863491 1.0083458 1.4334797 1.0139687 0.9724723 1.0517169 1.0189394 0.9372205 1.0971161 1.0566657 0.9316856 0.9851534 1.1082970 0.9932235 1.1591541 1.2445448 1.2381125 1.2114059 1.2988226 1.0934583 1.2676733 1.3532785 1.4531103 1.1781854 1.1781854 1.3135230 0.6862851 0.9003988 1.0901519 1.2971547 0.7918687 1.6900710 0.9659129 2.2488482 2.2027869 1.6076400 0.6156549 
Bolinf_Binf_sb1229724                                3.6403135 0.7521508 0.9087662 1.1416175 1.0184122 1.0178072 1.0599812 0.9839413 0.8856724 1.0530021 1.1986040 0.8926266 1.6524028 1.1596074 0.8714117 0.8444070 0.8045153 1.0752403 0.7887599 1.0889636 1.0838540 0.3527645 0.2047717 0.2767699 0.2543035 0.1413342 0.2620975 0.2937806 0.2165891 0.2820492 0.3011446 0.2769142 0.1973676 0.0000000 0.0232354 0.0381555 0.0253312 0.0542637 0.0675319 0.2078398 1.1363914 1.2902253 1.1452996 1.3242007 1.0970844 0.9700185 1.1918025 1.2431183 1.0976826 1.1696790 1.1268996 1.0735037 1.1209810 1.2301201 1.1697779 1.3046766 1.2979029 1.2100922 1.3293100 1.4210618 1.2659372 1.2561939 1.3217720 1.4539047 1.2449748 1.2449748 1.4006522 0.7341372 1.1164716 1.2859144 1.6048738 0.9012799 1.6184193 1.1172147 2.3932174 2.3666533 1.7608225 0.6556329 
Bolinf_Binf_sb1229725                                3.8105844 0.7865729 0.9233419 1.1465144 1.0043457 1.0041407 1.0471037 0.9689861 0.8513254 1.0394364 1.1886797 0.9175762 1.6524028 1.1648521 0.8954975 0.8559136 0.8429896 1.0999191 0.7887599 1.1082136 1.1071234 0.3144229 0.1998985 0.2821906 0.2667296 0.1560286 0.2671833 0.2937806 0.2208071 0.2876028 0.3070034 0.2896483 0.2081843 0.0232354 0.0000000 0.0060920 0.0542637 0.0260929 0.0285924 0.2078398 1.1465263 1.2998730 1.1501686 1.3242007 1.1005055 0.9700185 1.2096431 1.2627416 1.1203975 1.1865173 1.1421180 1.0762961 1.1251706 1.2708160 1.2007498 1.3130352 1.2932683 1.2100922 1.3255467 1.4199049 1.2489972 1.2810836 1.3499845 1.5027812 1.2684233 1.2684233 1.4469237 0.7258363 1.1455516 1.2801594 1.6939166 0.9130978 1.6184193 1.1190209 2.3932174 2.3666533 1.7608225 0.6556329 
Mertsp_Mesp_sb574285                                 4.8122139 1.2465047 1.0219002 1.2550554 1.1266585 1.1270759 1.1689018 1.0751284 0.9656633 1.1569988 1.3401280 0.9945066 1.6406062 1.2869995 1.0182262 0.9190037 1.0253094 1.2397928 0.7887599 1.1833863 1.2402130 4.6540039 0.2299904 0.3231452 0.3001950 0.1818044 0.3001332 0.2988494 0.2605024 0.3317612 0.3529060 0.3372487 0.2318437 0.0381555 0.0060920 0.0000000 0.0675319 0.0285924 0.0283713 0.2363944 1.2556230 1.4687564 1.3010855 1.3463238 1.1933656 0.9760753 1.3655666 1.3672379 1.2666828 1.3453861 1.2934354 1.1781981 1.2345553 1.3598299 1.2825704 1.3979429 1.2768628 1.2100922 1.3176489 1.4171679 1.2615824 1.3853462 1.4653230 1.6440013 1.3641955 1.3641955 1.5804869 0.8133854 1.1873369 1.5215940 1.9806231 1.0390239 1.6398942 1.2224786 2.4085905 2.3666533 1.7736267 0.6748014 
Bolinf_Binf_sb1229728                                3.1804325 0.7521508 0.9087662 1.0023866 0.9919760 1.0224802 0.9429790 0.9052773 0.8265367 0.9301215 1.0959940 0.8565979 1.4740370 1.0442560 0.7831079 0.7437808 0.8045153 0.9627469 0.7887599 1.0301045 0.9686297 0.3527645 0.1952047 0.2868841 0.2116467 0.1413342 0.2119485 0.2366174 0.1714099 0.2407543 0.2841924 0.2672471 0.1705405 0.0253312 0.0542637 0.0675319 0.0000000 0.0256212 0.0352564 0.1868853 0.9467264 1.1190693 1.0278443 1.2513862 0.9149839 0.8538215 1.1053975 1.1629344 0.9168141 1.1263908 1.0788146 0.9766688 0.9843661 1.0892265 1.0260814 1.1638230 1.3365683 1.2100922 1.4087861 1.4797131 1.3244273 1.2663679 1.3275763 1.3054295 1.2449748 1.2449748 1.2315267 0.7341372 1.1164716 1.1985109 1.6048738 0.8857728 1.3130848 1.1172147 2.1030362 2.2994326 1.4918155 0.3617446 
Bolinf_Binf_sb1229729                                3.3148963 0.7865729 0.9233419 1.0031318 0.9762833 1.0074704 0.9266310 0.8881206 0.7906120 0.9137434 1.0826203 0.8820029 1.4740370 1.0462739 0.8053008 0.7527118 0.8429896 0.9841866 0.7887599 1.0482969 0.9888867 0.3144229 0.1897466 0.2930416 0.2242235 0.1560286 0.2164374 0.2366174 0.1750288 0.2459493 0.2903665 0.2812637 0.1817776 0.0542637 0.0260929 0.0285924 0.0256212 0.0000000 0.0000010 0.1868853 0.9508762 1.1235394 1.0294218 1.2513862 0.9134127 0.8538215 1.1210164 1.1804477 0.9328237 1.1428481 1.0933706 0.9767622 0.9846798 1.1254267 1.0513741 1.1669769 1.3328116 1.2100922 1.4071484 1.4803328 1.3074486 1.2932534 1.3577474 1.3477422 1.2684233 1.2684233 1.2700948 0.7258363 1.1455516 1.1878014 1.6939166 0.8975487 1.3130848 1.1190209 2.1030362 2.2994326 1.4918155 0.3617446 
Mertsp_Mesp_sb574287                                 4.1787049 1.2465047 1.0219002 1.1185360 1.0909689 1.1271313 1.0307228 0.9867819 0.8973728 1.0144102 1.2155573 0.9775030 1.4740370 1.1662493 0.9211137 0.8056312 1.0253094 1.0983687 0.7887599 1.1046947 1.0972141 4.6540039 0.2196160 0.3364839 0.2506635 0.1818044 0.2413338 0.2366174 0.2033432 0.2838306 0.3340698 0.3238307 0.2024628 0.0675319 0.0285924 0.0283713 0.0352564 0.0000010 0.0000000 0.2065271 1.0554623 1.2849924 1.1720290 1.2513862 0.9936716 0.8566954 1.2553249 1.2860046 1.0740743 1.3076190 1.2489025 1.0717897 1.0809272 1.2226018 1.1074215 1.2472500 1.3177342 1.2100922 1.3960943 1.4736140 1.3251186 1.4061546 1.4816571 1.4696627 1.3641955 1.3641955 1.3805337 0.8133854 1.1873369 1.4198867 1.9806231 1.0265526 1.3130848 1.2224786 2.1030362 2.2994326 1.4918155 0.3617446 
Eupdun_Edun_sb10638042                               4.1022634 0.5251030 0.8521553 1.0117639 0.9668510 0.9594906 1.0021692 0.8866300 0.7795937 0.9300954 1.1726254 0.8190282 1.4339143 1.0411753 0.8046324 0.8272945 0.7729262 0.9308066 0.9512455 1.0259717 0.9151545 0.0000010 0.2355446 0.2780543 0.2780673 0.1433919 0.2771625 0.3422522 0.2066796 0.2163220 0.2321558 0.2347884 0.2409723 0.2078398 0.2078398 0.2363944 0.1868853 0.1868853 0.2065271 0.0000000 1.0590993 1.1735586 1.0684275 1.2396772 1.0002305 0.9448687 1.1413929 1.0985359 0.9697896 1.1563906 1.1272396 0.9822661 1.0132236 1.1997735 1.1406695 1.2534884 1.3622068 1.2857000 1.3007101 1.4171905 1.1425812 1.3020732 1.3465744 1.4798996 1.2691269 1.2691269 1.4504333 0.6252543 0.9937665 1.1978062 1.6355566 0.8863972 1.4548895 1.0259889 2.3645202 2.0098132 1.7075194 0.7562103 
Dpul_mRNA29036                                       2.2878248 0.2763707 0.5044963 0.7000026 0.5850756 0.6705979 0.5938801 0.5864456 0.4823031 0.6442110 0.6800386 0.6445226 1.1965481 0.7271081 0.7085547 0.6114928 0.5761201 0.7475996 0.5159522 0.6844461 0.6564270 0.3281511 0.9349546 0.9761117 1.1287285 0.7926639 0.9720954 1.3527744 1.0038572 0.9771471 1.0258770 1.0657230 1.0775332 1.1363914 1.1465263 1.2556230 0.9467264 0.9508762 1.0554623 1.0590993 0.0000000 0.9162868 0.9321512 0.9988543 0.8644219 0.9510078 1.1774418 1.0672114 1.0466020 1.0705012 1.0444962 1.1110981 1.1899276 0.5932138 0.8937387 1.0543086 1.0983288 0.9305730 1.1030283 1.2133124 0.9405431 1.0877599 1.0620160 1.2270188 0.9861957 0.9980906 1.2227195 0.5514557 0.7154060 0.6591268 0.8390111 0.6991649 1.5195998 0.9346475 2.1105550 1.4616595 1.6942848 2.3573069 
Dgig_XM_028551263.1                                  2.1505521 0.2666223 0.4427763 0.6472087 0.4850369 0.5576205 0.5151181 0.4820493 0.3369758 0.5059581 0.6551118 0.7024577 1.2973731 0.7195449 0.6348398 0.6878476 0.4685760 0.8340264 0.7047909 0.7931644 0.8571089 0.2938900 0.9270641 0.8934353 1.0061246 0.5968457 0.9122948 1.3384291 0.9471851 0.9263414 0.9806629 1.0259024 1.0863491 1.2902253 1.2998730 1.4687564 1.1190693 1.1235394 1.2849924 1.1735586 0.9162868 0.0000000 0.1839236 0.9636381 0.6274270 0.7505512 0.8322290 0.7712796 0.8088847 0.8487164 0.8352073 0.7431197 0.7970949 0.9510435 0.8516618 0.8062971 1.2521544 0.9472402 1.2296961 1.3167145 1.0607109 0.9095918 0.9111094 1.1216807 0.8997964 0.9101014 1.0901489 0.4343391 0.6712239 0.6570371 0.7103194 0.5937462 1.2290344 0.7126974 1.6734985 1.1576953 1.6832579 3.0683273 
Xesp_003096-T1                                       2.1671467 0.2880269 0.3948776 0.5536157 0.4475800 0.5242474 0.4570320 0.4479080 0.3366801 0.5219352 0.5602276 0.6962337 1.4834536 0.7194947 0.6236643 0.7301818 0.4537444 0.8371471 0.6471374 0.7742651 0.8828510 0.2938900 0.8770302 0.8702647 0.9394015 0.5774616 0.8701463 1.2466944 0.8754937 0.9074420 0.9019631 0.9432583 1.0083458 1.1452996 1.1501686 1.3010855 1.0278443 1.0294218 1.1720290 1.0684275 0.9321512 0.1839236 0.0000000 0.9105959 0.6834443 0.7622095 0.8331196 0.7650707 0.8495801 0.8196675 0.8399695 0.8772447 0.8967330 0.9479573 0.8625744 0.9309865 1.2315651 1.0517382 1.3112934 1.4558329 1.0720313 0.7503603 0.7676022 0.9347936 0.7801724 0.7889107 0.9337749 0.4489162 0.6917730 0.6587647 0.7763208 0.6013732 1.2129916 0.7409339 1.6811615 1.2870462 2.1781815 3.4508053 
Amil_Amillepora00120-RA                              6.0297713 1.2018111 0.2774873 0.6114836 0.2092917 0.1870779 0.3497465 0.1707981 0.0761151 0.3743798 0.5190850 0.7781702 1.0948189 0.9500640 0.9692242 0.7767812 0.5534930 0.9192388 0.4756127 0.8332106 0.9816005 0.0000010 1.4056012 1.4663018 1.4837737 1.0493399 1.4123711 1.4346837 1.4811954 1.4397601 1.3214010 1.2713802 1.4334797 1.3242007 1.3242007 1.3463238 1.2513862 1.2513862 1.2513862 1.2396772 0.9988543 0.9636381 0.9105959 0.0000000 0.9734732 0.9251871 1.1658574 1.1008808 1.0785741 1.3022025 1.2812692 1.3623039 1.4385073 1.1339569 1.0804401 1.3075099 1.1706986 0.7028983 1.1815249 1.2230586 1.0490671 1.2989461 1.2805739 1.4466556 1.1045328 1.1045328 1.3807470 0.6114670 0.9800566 1.5982086 2.1705817 0.7291899 1.0856193 1.1810299 1.8270472 1.0087666 1.5567445 2.3977248 
Spolac_c98385_g1_i1_m.17067c101892-g1                2.2447541 0.4337190 0.5450915 0.8296325 0.6603317 0.7113315 0.7052275 0.6884444 0.4701811 0.7146643 0.8434227 0.7567148 1.3965903 0.8219570 0.7619059 0.7102267 0.4698218 0.8643390 0.5134067 0.7988783 0.9092612 0.3950567 0.8927272 0.7720714 0.9340384 0.6171426 0.9363215 1.2603531 0.9590946 0.8292508 0.8930571 0.9108055 1.0139687 1.0970844 1.1005055 1.1933656 0.9149839 0.9134127 0.9936716 1.0002305 0.8644219 0.6274270 0.6834443 0.9734732 0.0000000 0.0984520 0.8876048 0.8232108 0.8423378 0.7960078 0.7520876 0.5162123 0.5613251 1.0289611 0.8734820 0.8291642 1.0173853 0.9992636 1.0834743 1.2045456 0.9814141 0.8183910 0.8308166 0.9611910 0.8274276 0.8369733 0.9895073 0.1992461 0.6312525 0.5250090 0.7626496 0.3234678 0.6881163 0.6850386 1.5580110 1.6614803 1.7936170 2.5782111 
Spolac_c98385_g1_i2_m.17068c101892-g1                3.0573094 0.7924064 0.6586086 0.8192520 0.7679629 0.7362393 0.7616062 0.7310283 0.5356566 0.8529817 0.9693540 0.7266177 1.1867829 0.8986406 0.7711893 0.7262240 0.5283664 0.8241535 0.5134067 0.8259886 0.9548196 0.4589151 0.9384385 0.8717650 0.9351359 0.7202468 1.0164722 1.0854873 1.0543418 0.9071572 0.9388062 0.9265395 0.9724723 0.9700185 0.9700185 0.9760753 0.8538215 0.8538215 0.8566954 0.9448687 0.9510078 0.7505512 0.7622095 0.9251871 0.0984520 0.0000000 1.0411006 0.8694013 0.9148271 0.8710718 0.8075123 0.5650070 0.5658150 1.0938775 0.9180194 0.8960388 1.1671841 0.9992636 1.2122798 1.2988662 1.1637411 0.8524069 0.8165773 0.8567710 0.8365598 0.8365598 0.9105508 0.2371311 0.8386392 0.7835745 1.2452904 0.5012979 0.6868124 0.6594398 1.3434790 1.4006956 1.9231873 2.2896159 
Hvul_g1171_1                                         2.2799666 0.4500390 0.6856301 0.8317577 0.7112317 0.7616406 0.6704726 0.6642123 0.5499658 0.7178701 0.8115128 0.7801402 1.5303372 0.9665488 0.8549936 0.9140026 0.5706439 0.9368529 0.8995359 0.8850419 0.9813559 0.3051241 0.9671196 0.9582182 1.1024972 0.8188396 1.0071726 1.3865171 0.9924129 1.0463439 1.0290005 1.0482460 1.0517169 1.1918025 1.2096431 1.3655666 1.1053975 1.1210164 1.2553249 1.1413929 1.1774418 0.8322290 0.8331196 1.1658574 0.8876048 1.0411006 0.0000000 0.3332444 0.5321019 0.4962840 0.5002847 0.9431968 1.0380631 1.1311169 0.9498073 1.0468781 1.2359045 1.0972341 1.3190916 1.2988752 1.1674021 1.0979285 1.1478115 1.2833971 1.0894008 1.1031551 1.1910937 0.5322048 0.7533900 0.8593285 1.0217021 0.7380076 1.4233082 0.9908351 1.4468847 1.8299476 1.7926375 2.5215387 
