80
Lcom_lcpid34311                                                    0.0000000 0.6975467 0.7363484 0.6409576 1.1923396 1.7764554 1.7283513 1.8056462 0.9959360 1.7750407 1.5773254 1.5574297 1.6300785 1.3939045 1.7177128 1.7260590 1.7403778 1.7132373 1.6111897 1.6492962 1.6895628 1.6372712 1.6925033 1.6635803 1.7550165 1.6493531 1.5979567 1.6668200 1.6112721 1.5664600 1.8098651 1.7411985 1.7127419 1.6610931 1.5459021 1.5475538 1.5628747 1.6152005 1.6595601 1.5931296 1.4856375 1.7168009 1.6984578 1.7276912 1.8142240 1.8142240 1.7088561 1.7784769 1.6691807 1.8033453 2.1423274 1.8558724 1.7408663 1.8832410 1.6424566 1.6610291 1.8539854 1.6047254 1.9540185 2.3287122 1.7625295 1.9399713 2.0679285 1.7200800 1.9566445 2.2460909 1.9365046 1.7900760 1.7556707 2.0649050 2.7585178 2.1493718 2.1425675 2.1087017 3.2613062 1.4598318 2.5474752 4.9276632 1.8468683 1.8603289 
Gracom_Gcom_scaffold16998_01                                       0.6975467 0.0000000 0.4594360 0.3824016 1.1871357 1.4897413 1.4084441 1.6148928 1.0884919 1.6589028 1.3247133 1.4714685 1.4299998 1.2675156 1.6692931 1.7240992 1.7118936 1.6241330 1.4690095 1.4741579 1.5359286 1.3992663 1.5228753 1.5004699 1.5789247 1.4744126 1.4860096 1.5716911 1.5551266 1.5640030 1.8397041 1.7375129 1.6823698 1.4840916 1.4873108 1.4628962 1.5305407 1.5283648 1.7559531 1.5136765 1.6609009 1.6723180 1.5594705 1.6247933 1.5893836 1.5893836 1.6216594 1.6864584 1.5007591 1.6290531 1.9287404 1.6522841 1.6310677 1.7011885 1.5671539 1.5476033 1.8230549 1.5027840 1.6750391 2.0199729 1.7543829 1.7439756 1.4241073 1.5742797 1.7834604 2.5954048 2.1433437 1.7726728 2.0966491 2.0889592 2.5074364 2.0849368 2.0331949 2.5839118 3.1017360 1.5833431 2.4620881 4.8211331 1.9985283 1.9160022 
Leuniv_Lniv_C810998_01                                             0.7363484 0.4594360 0.0000000 0.3745812 1.0153264 1.3064259 1.2579758 1.6002799 0.9957824 1.7026114 1.3436676 1.4576867 1.3635175 0.0000010 1.6198977 1.6281366 1.6077234 1.6429401 1.5314992 1.5704658 1.6421351 1.4607465 1.6344023 1.6253156 1.6510370 1.4615243 1.5973497 1.5232601 1.5790987 1.5548931 1.6172601 1.5692199 2.8608309 1.5737461 1.3345522 1.3406253 1.3876302 1.4225656 1.5992827 1.4206630 1.5099244 1.5164016 1.3979680 1.4052259 1.6472663 1.6472663 1.7168017 1.7613699 1.5268486 1.6803985 2.1188570 1.6280837 1.5490783 1.8273082 1.4489095 1.4862656 1.7869772 1.5072068 1.6672384 2.0279802 1.5402152 1.8188863 1.3209397 1.5640796 1.9435045 2.4570119 2.1421220 1.8529988 2.1135156 2.0155478 2.5517447 1.9706682 1.9074328 2.2531836 3.3861461 1.4296615 2.1816348 5.4463980 2.5262764 2.4616400 
Scil_scict015352.1                                                 0.6409576 0.3824016 0.3745812 0.0000000 1.0585632 1.4677338 1.4595158 1.5566965 1.2836568 1.6184638 1.3114239 1.4338027 1.3621490 1.2502572 1.6562967 1.6508327 1.6309202 1.5883920 1.3740984 1.3848552 1.4552051 1.3450770 1.4371103 1.4119482 1.4448040 1.3559984 1.4674622 1.4588207 1.4749221 1.4351031 1.6349977 1.5723520 1.6247523 1.4647550 1.3642168 1.3650634 1.3957937 1.4454410 1.6030510 1.4329556 1.5123549 1.5411185 1.4422383 1.4682013 1.5511207 1.5511207 1.5046434 1.5824377 1.4537033 1.6232613 1.9348317 1.5435131 1.5644704 1.6371271 1.4363120 1.4549567 1.7332417 1.4266057 1.5975086 1.8513027 1.6765976 1.6240918 1.5268386 1.4438745 1.6458344 2.1783614 2.1684655 1.7590449 2.1495141 2.1586703 2.6651732 2.1359013 2.0376315 2.2945874 2.9881691 1.6370560 2.1972631 4.6508615 2.4067934 2.4070909 
Clacor_Ccor_scaffold12654_01                                       1.1923396 1.1871357 1.0153264 1.0585632 0.0000000 1.2555008 0.0000010 1.6417287 0.9507915 1.6219732 1.1698917 1.1128148 1.3386289 0.0000010 1.6654047 1.6052862 1.5571257 1.4994437 1.3416081 1.3892410 1.4444667 0.8798446 1.3463663 1.3439123 1.4462784 1.4987899 1.4941833 1.4208951 1.3329230 1.3315809 1.4090964 1.5349997 7.6046435 1.3908051 1.3036453 1.3290581 1.3550501 1.3857639 1.4157746 1.4043856 1.0709418 1.5354572 1.3718882 1.3623552 3.0673148 3.0673148 1.5724075 1.5636735 1.4174612 1.5530832 1.5540441 1.5712645 1.2850214 1.6194409 1.1667354 1.2636446 1.3225266 1.3400811 1.7310832 1.5926876 1.2929556 1.6327815 2.9831106 1.4722681 1.6678489 2.2526917 1.7073072 1.4907595 1.7133495 1.5967099 8.9999982 1.6572240 1.6897128 2.2845495 8.9999981 1.5970560 6.0704143 7.4295242 4.7559419 4.7559419 
Emue_Em0021g219a.t1                                                1.7764554 1.4897413 1.3064259 1.4677338 1.2555008 0.0000000 0.0517316 0.4084347 2.3245408 0.6765908 0.8671228 0.8997528 0.9426914 0.5370421 0.8514732 0.7692260 0.7692260 0.7491777 0.7319930 0.7847469 0.8186187 0.6756621 0.7924754 0.7823059 0.8941097 0.7466856 1.1004813 0.9445940 0.9250637 0.9062546 1.1238337 1.1464856 0.5367414 0.8622492 1.0194550 1.0235306 1.2021947 1.0502127 1.3146952 1.0298311 1.1078471 1.3233650 1.0100102 1.0898811 1.0436739 1.0436739 0.9875885 1.0753241 0.9234359 1.0940127 1.5643320 1.0084844 1.1148468 1.1574581 0.9026216 0.7672475 1.1105175 0.8202599 1.1477987 0.6899072 0.1940874 1.3404713 1.2418624 1.1835984 1.2838306 1.4616840 1.3544055 1.3693735 1.6179299 1.3805178 1.4398549 1.3341338 1.3518470 1.9005830 1.3632204 1.8699648 1.2615056 3.2645939 0.0000010 0.0000010 
Spolac_c103246_g2_i1_m.33211c103246-g2                             1.7283513 1.4084441 1.2579758 1.4595158 0.0000010 0.0517316 0.0000000 0.2732698 0.0000010 0.5258013 0.5750161 0.4912235 0.6191100 0.4543666 0.6945204 0.5815218 0.5815218 0.6510296 0.4678538 0.5174825 0.5258310 0.5258310 0.4682191 0.4593359 0.6698747 0.5256875 0.0000010 0.6883173 0.6292481 0.5996689 0.9061852 0.8788004 0.4907497 0.5614202 0.8167377 0.8099816 0.0000010 0.8107772 0.0000010 0.8107772 0.1402204 0.0000010 0.7668103 0.8961114 0.8883608 0.8883608 0.6312639 0.7224564 0.6788481 0.8117386 0.9664832 0.6737180 0.6998625 0.8010581 0.6748186 0.7315897 0.8472723 0.5872075 0.5016380 0.0000010 0.0000010 1.1453517 1.3521703 1.0837416 1.0593523 2.8997418 0.0000010 0.0000010 0.0000010 1.3405367 1.3405367 1.3836829 1.3723025 0.0000010 1.3405367 0.0000010 0.8035575 1.4709781 0.0000010 0.0000010 
Tetwil_g23158.t1                                                   1.8056462 1.6148928 1.6002799 1.5566965 1.6417287 0.4084347 0.2732698 0.0000000 0.2882848 0.7989380 0.8066830 1.0480143 0.9066298 0.3727762 1.0673599 0.9760359 0.8898052 0.8712539 0.9815371 0.9597558 1.0402566 0.6371284 1.0001567 0.9940761 1.1552903 0.9142655 1.1232634 0.9652933 1.1385628 1.0937292 1.3514257 1.2960980 0.5637684 1.1072138 0.9099679 0.9438777 1.0491996 0.9549742 1.1094075 0.9529665 0.9875335 1.1002003 0.9560028 1.0225503 0.9934087 0.9934087 1.1647984 1.1757416 1.0960122 1.2157600 1.5095969 1.1117276 1.1516110 1.2216624 1.0539272 0.8376975 1.1295477 1.0152157 1.2764141 0.4683808 0.9075208 1.4825844 1.1216025 1.0981602 1.2948008 1.5877095 2.2639535 1.6387783 1.8359526 1.4988265 1.5334299 1.5006360 1.4428702 1.9032879 1.6612107 1.6996287 1.5416169 4.4858273 2.5674380 2.4446717 
Stycar_augustus_masked-SC_scaffold38959-processed-gene-0.1-mRNA-1  0.9959360 1.0884919 0.9957824 1.2836568 0.9507915 2.3245408 0.0000010 0.2882848 0.0000000 0.5063708 0.9274690 1.1468985 0.9932169 0.0000010 0.7544929 0.6474182 0.6474182 0.6952393 0.9259157 0.9259157 0.9333844 0.0000010 0.9222844 0.9628783 0.9259157 0.9750710 1.3800444 1.0608565 1.1795330 1.0993681 1.0946737 1.2994971 1.0914038 1.1011163 0.9882922 0.9882922 1.0626956 1.1470653 1.1470653 1.0953779 0.0000010 1.1831629 0.9051156 0.8864042 0.0000010 0.0000010 1.1724188 1.0012002 0.9316575 0.8714135 0.7160138 1.3176269 1.0842323 1.4288255 0.9020441 1.0029978 1.2866160 0.9324701 1.0921796 1.1763122 0.3961469 1.1503090 2.3307299 1.3288362 1.6773114 7.1555695 1.5792407 1.6052102 1.5792407 1.5792407 9.0000000 1.2268630 1.4269558 1.6354520 3.8285922 0.1584167 4.3536805 6.2000050 0.0000010 0.0000010 
Plespi_Pspi_C613262_01                                             1.7750407 1.6589028 1.7026114 1.6184638 1.6219732 0.6765908 0.5258013 0.7989380 0.5063708 0.0000000 0.9265611 1.2319260 1.0276661 0.4697637 1.1849173 1.1651486 1.0414250 1.0140873 1.0942816 1.1221355 1.1142514 0.7621874 1.1436527 1.1244031 1.2209468 1.1362968 0.9911264 1.1893225 1.2303433 1.1718927 1.4978998 1.4538293 0.6938773 1.2047782 1.0654967 1.0935089 1.1918999 1.1351457 1.3277974 1.1428182 1.0710436 1.2962769 1.0979757 1.1944898 1.2274562 1.2274562 1.3110666 1.3034927 1.2341922 1.2418495 1.6498398 1.1829194 1.1523315 1.1838885 1.2581136 0.8668750 1.2398390 1.1524958 1.3371987 0.6887337 1.0106200 1.6574955 1.3283847 1.3299947 1.5366659 1.8630476 2.2101795 2.0340820 1.8080915 1.5692593 1.6315479 1.5926205 1.5248862 2.0461575 1.8048024 2.0923149 1.7146136 4.6372270 2.4332172 2.4601843 
Bralan_BLAG18000431_1                                              1.5773254 1.3247133 1.3436676 1.3114239 1.1698917 0.8671228 0.5750161 0.8066830 0.9274690 0.9265611 0.0000000 0.7674896 0.6040210 0.3878609 1.0831635 1.0742077 1.0718237 1.0617230 0.5649929 0.5624064 0.6320069 0.5505780 0.5632000 0.5750203 0.6384777 0.6172245 0.5517242 0.7092132 0.8689120 0.8352687 1.0978682 1.0907919 0.5640492 0.6349863 0.7299488 0.7432934 0.6592256 0.7894519 0.8178443 0.7601287 0.9637792 0.7288884 0.7849241 0.8294718 0.9848301 0.9848301 0.8601022 0.8673084 0.6683960 0.8484972 1.0259222 0.7400273 0.8018339 0.8760287 0.6313190 0.6988997 0.9522991 0.6392949 1.0784015 1.1034773 1.0290499 1.1888816 1.3884131 1.1377501 1.3109063 1.6940881 1.7450218 1.3381539 1.7774188 1.4584865 1.4863372 1.4556608 1.4215295 2.0377400 1.7893268 1.1251604 1.2198501 4.0346545 1.2411200 1.2459193 
Spur_XM_030987931.1                                                1.5574297 1.4714685 1.4576867 1.4338027 1.1128148 0.8997528 0.4912235 1.0480143 1.1468985 1.2319260 0.7674896 0.0000000 0.7877960 0.3473434 1.3516478 1.2994644 1.2177415 1.2522355 0.8977426 0.9036146 0.9137069 0.7390990 0.9383802 0.9457933 1.0200064 0.9991679 1.0741713 1.0264357 1.0767201 1.0097019 1.3556943 1.3119142 0.8942012 0.9602816 0.8781294 0.8761096 0.8382725 0.8819605 1.0002125 0.8866702 1.1045395 0.9048540 0.9084748 0.9694613 0.9647510 0.9647510 1.1431288 1.1615882 1.0035784 1.1511527 1.4759920 0.9457633 0.9456465 1.1395150 0.8455989 0.8567414 1.0874859 0.9463531 1.2825231 1.4088127 1.4734291 1.5257619 1.6011856 1.3208785 1.4685971 1.9164852 2.1648528 0.9759441 1.6147853 1.5489095 1.7558633 1.5663483 1.5927905 2.3125018 2.0544185 1.8457487 1.3852808 4.5088184 2.2538759 2.2601309 
Hsap_ENST00000319023                                               1.6300785 1.4299998 1.3635175 1.3621490 1.3386289 0.9426914 0.6191100 0.9066298 0.9932169 1.0276661 0.6040210 0.7877960 0.0000000 0.2819186 1.1270115 1.1762139 1.1762139 1.2283775 0.6980612 0.6885645 0.7183219 0.6228755 0.7003068 0.7071503 0.7663434 0.7761748 0.9042670 0.8287196 0.9671956 0.8871639 1.1306422 1.1192286 0.5842889 0.8106587 0.8619906 0.8792579 0.8777638 0.9071730 0.9715970 0.8998291 0.9819898 1.0093525 0.9414746 1.0110096 1.1380681 1.1380681 0.9996999 0.9745143 0.8030766 0.9344142 1.0664244 0.8653026 0.9354632 1.0426088 0.7811739 0.8250506 1.0917414 0.8093973 1.1855149 1.0742153 1.2068379 1.3074948 1.0871919 1.1831629 1.3192085 1.7898687 1.6457993 1.4581045 1.5110157 1.3130983 1.3070136 1.3574532 1.3717045 2.0943808 1.6446603 1.3078389 1.4573763 3.9468768 1.7318548 1.7318998 
Skow_XM_006813027.1                                                1.3939045 1.2675156 0.0000010 1.2502572 0.0000010 0.5370421 0.4543666 0.3727762 0.0000010 0.4697637 0.3878609 0.3473434 0.2819186 0.0000000 0.7697020 0.8220528 0.8220528 0.8171983 0.4749563 0.4989101 0.4359287 0.4359287 0.4749563 0.4749563 0.0000010 0.4134581 0.0000010 0.5873039 0.5474334 0.5477781 0.8677240 0.7514023 0.5068687 0.5840767 0.4900212 0.4771983 0.0000010 0.6157667 0.0000010 0.6157667 0.0000010 0.0000010 0.5287623 0.9555632 0.6622690 0.6622690 0.5826732 0.5538692 0.5944195 0.4884430 0.3649349 0.8141000 0.7786188 0.7024480 0.0000010 0.0000010 0.6771832 0.5274489 0.0000010 0.0000010 0.0000010 1.1266131 0.0000010 1.2101208 1.2005456 9.0000000 0.0000010 0.0000010 0.0000010 1.4968624 1.4968624 1.6831967 1.7128721 0.0000010 1.4968624 0.0000010 0.4032856 0.6592624 0.0000010 0.0000010 
Aque_Aqu2.1.36605_001                                              1.7177128 1.6692931 1.6198977 1.6562967 1.6654047 0.8514732 0.6945204 1.0673599 0.7544929 1.1849173 1.0831635 1.3516478 1.1270115 0.7697020 0.0000000 0.3766267 0.3453763 0.4905022 1.1948840 1.2159495 1.2968897 1.0509197 1.2692233 1.2480253 1.3736326 1.3151402 1.2274035 1.2988751 1.5372322 1.4928148 1.5424389 1.4647358 0.8863834 1.3377942 1.2084907 1.1941890 1.1893176 1.2810832 1.3388990 1.2680650 1.3587158 1.2758140 1.2537814 1.2647790 1.3902955 1.3902955 1.3715099 1.3580305 1.2848661 1.3476838 1.5490334 1.3928635 1.4132013 1.3458111 1.4383891 1.1240603 1.3795427 1.3602643 1.5607805 1.0384105 1.1981137 1.6060832 1.4158835 1.2744448 1.4976301 1.8065351 2.1527395 1.8311654 1.7167488 1.6589889 1.8729045 1.7185792 1.7001338 1.7600717 2.2486460 2.3760840 1.9935973 5.0217038 2.8444256 2.9021899 
Halamb_c48139_g1_i2mm.2529                                         1.7260590 1.7240992 1.6281366 1.6508327 1.6052862 0.7692260 0.5815218 0.9760359 0.6474182 1.1651486 1.0742077 1.2994644 1.1762139 0.8220528 0.3766267 0.0000000 0.0067595 0.4882530 1.1837227 1.2268283 1.2829682 0.9742904 1.2595764 1.2665956 1.3449792 1.3350471 1.1959465 1.3373353 1.5380749 1.5132453 1.4722909 1.4027140 0.7254693 1.3872723 1.1582898 1.1786666 1.2117806 1.2707744 1.3955709 1.2518879 1.2522487 1.3077013 1.2476930 1.2832732 1.2419537 1.2419537 1.3780427 1.4198781 1.2071575 1.3928247 1.7418599 1.3460957 1.3130666 1.3098379 1.4670217 1.0849503 1.3783316 1.2742369 1.5088369 1.0361614 1.2035093 1.7445048 1.4234020 1.3051679 1.5154227 2.0064432 2.2098601 1.7335557 1.5969422 1.5445638 1.7205844 1.5554790 1.5397988 1.7311912 2.0529143 2.2134156 2.0259556 4.7641724 4.1613415 4.0476318 
Halamb_c48872_g1_i2m.25008                                         1.7403778 1.7118936 1.6077234 1.6309202 1.5571257 0.7692260 0.5815218 0.8898052 0.6474182 1.0414250 1.0718237 1.2177415 1.1762139 0.8220528 0.3453763 0.0067595 0.0000000 0.4496068 1.0741563 1.1123041 1.1705329 0.9742904 1.1404919 1.1469977 1.2267780 1.1462828 1.1959465 1.2565492 1.3941347 1.3705192 1.4110000 1.3664936 0.7254693 1.2776854 1.1582898 1.1786666 1.2117806 1.2707744 1.3955709 1.2518879 1.2522487 1.3077013 1.2476930 1.2832732 1.2419537 1.2419537 1.2351487 1.2920800 1.1419359 1.2787028 1.5445032 1.3162073 1.2715144 1.2585845 1.3249532 1.0849503 1.3052717 1.1945982 1.3313657 1.0361614 0.9990899 1.5271609 1.4234020 1.3051679 1.5154227 2.0064432 2.0617068 1.7335557 1.5969422 1.5445638 1.7205844 1.5554790 1.5397988 1.7311912 2.0529143 1.7668385 2.0259556 4.6047466 2.9280441 2.8225445 
Xestes_maker-XT_scaffold19745-augustus-gene-0.6-mRNA-1             1.7132373 1.6241330 1.6429401 1.5883920 1.4994437 0.7491777 0.6510296 0.8712539 0.6952393 1.0140873 1.0617230 1.2522355 1.2283775 0.8171983 0.4905022 0.4882530 0.4496068 0.0000000 1.1142171 1.1085571 1.1817412 1.0078368 1.1152428 1.1365343 1.2405233 1.1475478 1.1007856 1.1982515 1.3425277 1.3118128 1.3996281 1.3572125 0.7632330 1.2069726 1.1712905 1.1572850 1.0490494 1.2193472 1.2569406 1.1990144 1.3041945 1.1613575 1.1865770 1.2164001 1.4015995 1.4015995 1.2580867 1.2775359 1.2267744 1.2107135 1.3833016 1.3217556 1.2020630 1.2542232 1.3690305 1.1349517 1.2600001 1.1818706 1.3442420 0.7342161 0.9364507 1.5261452 1.4199328 1.2865318 1.5335344 1.9467167 1.8166928 1.7317410 1.5404572 1.5537517 1.8082080 1.6879882 1.6258930 1.8379335 2.1158151 1.6390820 1.9714851 4.5606657 1.8335905 1.9338003 
Fspp_ffun1.m4.20806.m1                                             1.6111897 1.4690095 1.5314992 1.3740984 1.3416081 0.7319930 0.4678538 0.9815371 0.9259157 1.0942816 0.5649929 0.8977426 0.6980612 0.4749563 1.1948840 1.1837227 1.0741563 1.1142171 0.0000000 0.0698069 0.1837421 0.1706882 0.1246211 0.1348005 0.1664631 0.5354028 0.3292189 0.5710711 0.8882497 0.8414608 1.0601224 0.9626281 0.5846727 0.9429338 0.7761452 0.7807890 0.7069810 0.8242028 0.8467179 0.8091399 0.8415458 0.8143645 0.8022268 0.8474563 1.0090491 1.0090491 0.8184253 0.8858795 0.8806449 0.9422181 1.2534345 0.8547613 0.9176438 0.9934734 0.9172013 0.6521649 0.9528113 0.8495705 1.0715372 0.8872214 1.3643355 1.3703127 1.1701430 1.0199061 1.1747289 1.3794353 2.0038283 0.8644012 1.5023388 1.3733316 1.5128626 1.3561048 1.3523520 1.9858904 1.7326391 1.9621703 1.3984745 4.0307199 2.7528224 3.1909749 
Gasp_gasp1.m3.9521.m1                                              1.6492962 1.4741579 1.5704658 1.3848552 1.3892410 0.7847469 0.5174825 0.9597558 0.9259157 1.1221355 0.5624064 0.9036146 0.6885645 0.4989101 1.2159495 1.2268283 1.1123041 1.1085571 0.0698069 0.0000000 0.1620489 0.1604102 0.1204552 0.1253163 0.1437131 0.5092931 0.2680175 0.5535723 0.8625941 0.8010716 1.0301885 0.9576388 0.5941494 0.9078220 0.7270183 0.7385660 0.6642239 0.7689402 0.7875208 0.7549324 0.8008802 0.7810084 0.7684055 0.8034291 1.0057825 1.0057825 0.8056733 0.9005607 0.8741984 0.9223665 1.1955310 0.8546401 0.9002319 0.9563361 0.9367193 0.6412983 0.9189951 0.8239769 1.0802121 0.8237556 1.4113064 1.3522605 1.1413599 1.0222239 1.2044027 1.4859353 2.0286374 0.9425584 1.5165285 1.3820905 1.5212694 1.3800053 1.3578951 1.9451857 1.7489815 2.1087759 1.4505462 3.9478877 2.5955980 2.9570780 
Amil_Amillepora21275-RA                                            1.6895628 1.5359286 1.6421351 1.4552051 1.4444667 0.8186187 0.5258310 1.0402566 0.9333844 1.1142514 0.6320069 0.9137069 0.7183219 0.4359287 1.2968897 1.2829682 1.1705329 1.1817412 0.1837421 0.1620489 0.0000000 0.0142993 0.1906998 0.1900300 0.1649598 0.5413285 0.2809628 0.5654325 0.8682595 0.8360650 1.0714462 0.9917980 0.5828921 0.8672818 0.7570315 0.7787961 0.6832307 0.8194875 0.8499345 0.7990028 0.8786038 0.8259128 0.8067651 0.8485436 1.0130688 1.0130688 0.8559119 0.9611358 0.8655560 0.9176505 1.1988226 0.8782584 0.9256444 0.9914843 0.9727804 0.7068103 0.9314310 0.8495262 1.0901004 0.8368505 1.4944464 1.4173776 1.2294147 1.0749005 1.2324548 1.5401248 1.9739388 0.9188231 1.6182161 1.4441011 1.5883995 1.4375453 1.4384445 2.2201038 1.7889106 2.3554445 1.5916313 3.8654571 2.6020771 2.8501295 
Adig_XM_015899560.1                                                1.6372712 1.3992663 1.4607465 1.3450770 0.8798446 0.6756621 0.5258310 0.6371284 0.0000010 0.7621874 0.5505780 0.7390990 0.6228755 0.4359287 1.0509197 0.9742904 0.9742904 1.0078368 0.1706882 0.1604102 0.0142993 0.0000000 0.1642050 0.1698372 0.1308541 0.3979396 0.0000010 0.4891000 0.6661091 0.6187952 1.0496347 0.9451534 0.4956170 0.5984308 0.8120936 0.7925836 0.4118896 0.8099440 0.9066408 0.7955443 0.8604346 0.4118896 0.7979579 0.8724470 0.9458521 0.9458521 0.6802456 0.7960430 0.7063531 0.6723367 0.9903848 0.6985734 0.8627205 0.9889708 0.6908888 0.6854804 0.8632529 0.5253616 0.7989987 0.7729428 0.9715606 1.1488014 1.1817881 0.9742800 1.1131608 1.4275057 0.9936346 0.7070673 1.9496916 1.3097962 1.4461671 1.2936825 1.3011209 0.0000010 1.2263921 0.0000010 0.9365939 2.6845761 0.0000010 0.0000010 
Spis_XP_022794365_1                                                1.6925033 1.5228753 1.6344023 1.4371103 1.3463663 0.7924754 0.4682191 1.0001567 0.9222844 1.1436527 0.5632000 0.9383802 0.7003068 0.4749563 1.2692233 1.2595764 1.1404919 1.1152428 0.1246211 0.1204552 0.1906998 0.1642050 0.0000000 0.0333897 0.1690187 0.5256581 0.2683226 0.5541320 0.8988196 0.8477744 1.0488927 0.9624208 0.5768443 0.9067902 0.7489836 0.7699631 0.6672591 0.8050037 0.8062782 0.7913824 0.9048516 0.7990287 0.7921766 0.8418469 1.0355442 1.0355442 0.8572993 0.9240050 0.9164655 0.9299548 1.1889609 0.8662319 0.9465692 1.0212782 0.9512639 0.6504419 0.9195591 0.8458607 1.1127067 0.8814422 1.3821977 1.3830108 1.2199386 1.0599797 1.1973353 1.5509853 2.0721578 0.9986228 1.6322595 1.4108109 1.4939812 1.4191958 1.3611530 2.2055844 1.7455163 1.9726120 1.4986350 3.7782379 2.4255840 2.6916478 
Pocdam_XM_027194863.1                                              1.6635803 1.5004699 1.6253156 1.4119482 1.3439123 0.7823059 0.4593359 0.9940761 0.9628783 1.1244031 0.5750203 0.9457933 0.7071503 0.4749563 1.2480253 1.2665956 1.1469977 1.1365343 0.1348005 0.1253163 0.1900300 0.1698372 0.0333897 0.0000000 0.1665656 0.5432758 0.2568229 0.5536061 0.9038550 0.8681933 1.0805772 0.9937803 0.5619606 0.9165184 0.7558608 0.7769221 0.6580150 0.8095826 0.8045131 0.7967867 0.9147088 0.8005363 0.8147124 0.8628794 1.0433816 1.0433816 0.8438369 0.9113903 0.9253752 0.9342750 1.2076774 0.8773199 0.9428740 1.0161849 0.9680242 0.6506168 0.9219657 0.8802050 1.0879015 0.8866712 1.3979258 1.4166780 1.2683689 1.1001546 1.2377288 1.6155781 2.0799507 1.0356575 1.6237687 1.4305421 1.5363372 1.4269017 1.4089582 2.1977253 1.7531297 2.0554522 1.5557480 3.7618355 2.4879956 2.7603041 
Gfas_gfas1.m1.819.m1                                               1.7550165 1.5789247 1.6510370 1.4448040 1.4462784 0.8941097 0.6698747 1.1552903 0.9259157 1.2209468 0.6384777 1.0200064 0.7663434 0.0000010 1.3736326 1.3449792 1.2267780 1.2405233 0.1664631 0.1437131 0.1649598 0.1308541 0.1690187 0.1665656 0.0000000 0.5726116 0.2646077 0.5713585 0.9732561 0.9146222 1.0975772 1.0650605 0.6591255 0.9442401 0.7484160 0.7718486 0.6372190 0.8121640 0.7898668 0.7906840 0.8569093 0.7644861 0.8322373 0.8350734 1.1702964 1.1702964 0.9164835 0.9901476 0.9422205 0.9557976 1.2386088 0.9325260 0.9177187 1.0382836 0.9734664 0.6473610 0.9853642 0.9142267 1.0913550 0.8201785 1.3834287 1.4828195 1.3638615 1.1026863 1.2973369 1.4661416 2.0374426 0.9509296 1.4892064 1.3599414 1.5708880 1.3704346 1.3272902 1.9562381 1.8635579 2.1634599 1.4328677 5.1776520 2.5658274 2.9705194 
Nvec_v1g173435                                                     1.6493531 1.4744126 1.4615243 1.3559984 1.4987899 0.7466856 0.5256875 0.9142655 0.9750710 1.1362968 0.6172245 0.9991679 0.7761748 0.4134581 1.3151402 1.3350471 1.1462828 1.1475478 0.5354028 0.5092931 0.5413285 0.3979396 0.5256581 0.5432758 0.5726116 0.0000000 0.0159059 0.5837844 0.8891684 0.8653497 1.0492874 1.0322781 0.6947308 0.9626257 0.8031928 0.8052793 0.7322716 0.8507785 0.8609640 0.8430038 0.9176413 0.8169891 0.8411122 0.8882440 1.0650080 1.0650080 0.8578964 0.9626988 0.9884377 1.0600967 1.5370879 0.9617467 0.9566028 0.9667624 0.9871354 0.6703854 1.0235880 0.9275533 1.1312928 0.9475732 1.5129700 1.5530428 1.3503307 1.1099131 1.2456667 1.4245276 2.1077948 1.0585263 1.5332823 1.3933475 1.5401594 1.3852409 1.3173942 2.0933906 1.8690918 2.6841404 1.4292428 4.1441210 2.9270840 3.1007624 
Nvec_v1g152610                                                     1.5979567 1.4860096 1.5973497 1.4674622 1.4941833 1.1004813 0.0000010 1.1232634 1.3800444 0.9911264 0.5517242 1.0741713 0.9042670 0.0000010 1.2274035 1.1959465 1.1959465 1.1007856 0.3292189 0.2680175 0.2809628 0.0000010 0.2683226 0.2568229 0.2646077 0.0159059 0.0000000 0.3357040 0.5671243 0.5877819 0.6044457 0.5787317 9.0000000 0.7007952 0.7157678 0.7261782 0.7292418 0.8008355 0.8008355 0.7583103 0.0000010 0.8732362 0.8260984 0.8260984 2.8484479 2.8484479 0.6448378 0.7988726 0.7989531 0.9536294 0.8743274 0.9406602 1.0086812 0.8514968 0.7345090 0.7144594 0.7081963 0.8129134 0.9121899 0.0000010 1.2978704 1.4239383 2.5778411 1.2823237 1.2117361 1.0239582 1.2456051 1.3229592 1.2355521 1.2355521 5.2768671 1.3372580 1.2991734 1.9949381 4.1171981 0.0000010 6.4128800 4.8160242 0.0000010 0.0000010 
Exapal_XM_021040518.2                                              1.6668200 1.5716911 1.5232601 1.4588207 1.4208951 0.9445940 0.6883173 0.9652933 1.0608565 1.1893225 0.7092132 1.0264357 0.8287196 0.5873039 1.2988751 1.3373353 1.2565492 1.1982515 0.5710711 0.5535723 0.5654325 0.4891000 0.5541320 0.5536061 0.5713585 0.5837844 0.3357040 0.0000000 1.0114702 0.9409626 1.1014718 1.0399319 0.8071038 1.0191397 0.8549648 0.8671700 0.8187472 0.9029879 0.9333336 0.8948580 0.9682622 0.8931718 0.8997389 0.9365913 1.1344449 1.1344449 0.9720423 0.9964734 0.9668140 1.1146427 1.5979935 1.0473620 0.9796541 1.0470832 1.1203163 0.7745991 1.0355228 0.9713027 1.1762284 1.0702189 1.6139132 1.4908446 1.3513182 1.1255168 1.2421031 1.4068980 2.1017759 1.0890661 1.6796677 1.5415231 1.7298206 1.5417160 1.4513739 2.2166986 2.0782974 2.1603314 1.5640844 4.3589566 3.1212662 3.3471834 
Nemnom_g13868.t1                                                   1.6112721 1.5551266 1.5790987 1.4749221 1.3329230 0.9250637 0.6292481 1.1385628 1.1795330 1.2303433 0.8689120 1.0767201 0.9671956 0.5474334 1.5372322 1.5380749 1.3941347 1.3425277 0.8882497 0.8625941 0.8682595 0.6661091 0.8988196 0.9038550 0.9732561 0.8891684 0.5671243 1.0114702 0.0000000 0.2109056 0.9800026 0.7992533 1.0083672 1.2320456 0.9578066 0.9706590 0.8913137 1.0128432 1.0855332 1.0220251 1.0995568 1.0442653 1.0128436 1.0946321 1.2578306 1.2578306 1.0134652 1.0600359 1.1596202 1.2316470 1.7022725 1.2105490 1.1500720 1.2433806 1.2005502 0.6758835 0.8097369 1.0843454 0.8401357 1.0708855 1.5932382 1.6454971 1.2994174 1.1884818 1.3403751 1.8595055 1.8440596 1.0226096 1.5336323 1.5056392 1.7540827 1.5050032 1.4629580 2.0852693 1.8481096 2.6241444 1.8883474 4.5504620 3.3855281 3.3303885 
Rhoesc_Res_012390-T1                                               1.5664600 1.5640030 1.5548931 1.4351031 1.3315809 0.9062546 0.5996689 1.0937292 1.0993681 1.1718927 0.8352687 1.0097019 0.8871639 0.5477781 1.4928148 1.5132453 1.3705192 1.3118128 0.8414608 0.8010716 0.8360650 0.6187952 0.8477744 0.8681933 0.9146222 0.8653497 0.5877819 0.9409626 0.2109056 0.0000000 0.9036956 0.8002809 1.0077282 1.1416579 0.9372030 0.9469047 0.8933757 0.9818050 1.0772243 0.9856427 1.1280561 1.0488981 1.0004550 1.0787729 1.2207932 1.2207932 0.9991885 1.0242031 1.0809076 1.1936943 1.5923751 1.1527937 1.1090758 1.2051503 1.1742181 0.6775614 0.7681347 1.0758696 0.8537124 1.1861595 1.5219377 1.5484305 1.1552541 1.1614831 1.2881471 1.8334900 1.7334067 1.0468843 1.4227329 1.4127048 1.6700639 1.4788862 1.3820048 2.0182257 1.8227969 2.1143663 1.9467974 4.4537346 3.3645139 3.3203581 
Chem_TCONS_00004305                                                1.8098651 1.8397041 1.6172601 1.6349977 1.4090964 1.1238337 0.9061852 1.3514257 1.0946737 1.4978998 1.0978682 1.3556943 1.1306422 0.8677240 1.5424389 1.4722909 1.4110000 1.3996281 1.0601224 1.0301885 1.0714462 1.0496347 1.0488927 1.0805772 1.0975772 1.0492874 0.6044457 1.1014718 0.9800026 0.9036956 0.0000000 0.7099721 0.9883278 1.2939399 1.1519851 1.1705041 0.8377242 1.2096942 1.1448018 1.1997649 1.5186276 0.9746260 1.2069632 1.2548400 1.7063166 1.7063166 1.1949153 1.2145746 1.2829812 1.2948477 1.7013919 1.3508670 1.2661282 1.2742860 1.2268271 1.0872185 1.0702247 1.2633041 1.1760538 1.3222301 1.8162350 1.8057898 1.6559123 1.3417364 1.5420961 1.9094129 1.6892490 1.3843726 1.4135813 1.5341800 1.9248435 1.5977573 1.5452664 1.7405586 2.1220314 2.0452639 2.2613203 4.5421550 3.1763517 3.1110604 
Hvul_g28825_1                                                      1.7411985 1.7375129 1.5692199 1.5723520 1.5349997 1.1464856 0.8788004 1.2960980 1.2994971 1.4538293 1.0907919 1.3119142 1.1192286 0.7514023 1.4647358 1.4027140 1.3664936 1.3572125 0.9626281 0.9576388 0.9917980 0.9451534 0.9624208 0.9937803 1.0650605 1.0322781 0.5787317 1.0399319 0.7992533 0.8002809 0.7099721 0.0000000 1.1327879 1.2892246 1.1004295 1.1403497 0.8693745 1.1537035 1.1824876 1.1526390 1.3108527 0.9892863 1.1543746 1.2354236 1.3639292 1.3639292 1.2090762 1.1859341 1.3004073 1.3005981 1.5616011 1.3628044 1.3066420 1.3406812 1.2913792 1.0269580 1.0136557 1.2180411 0.9831307 1.4420726 1.6577626 1.5891306 1.7804383 1.3153100 1.4753416 1.7374867 1.6136276 1.2712149 1.4383773 1.5388285 1.8949771 1.6616666 1.5412594 1.8727024 2.1722669 1.9452186 2.1925639 4.4260180 3.4049266 3.1816659 
Plajan_Pjan_scaffold8910_01                                        1.7127419 1.6823698 2.8608309 1.6247523 7.6046435 0.5367414 0.4907497 0.5637684 1.0914038 0.6938773 0.5640492 0.8942012 0.5842889 0.5068687 0.8863834 0.7254693 0.7254693 0.7632330 0.5846727 0.5941494 0.5828921 0.4956170 0.5768443 0.5619606 0.6591255 0.6947308 9.0000000 0.8071038 1.0083672 1.0077282 0.9883278 1.1327879 0.0000000 0.9076381 0.8786941 0.8833486 1.9754203 0.9515641 1.9754203 0.9515641 0.0000010 1.9754203 1.0853581 1.3447787 0.9689845 0.9689845 0.6623618 0.7747563 0.7424617 0.6714344 0.8223408 0.9089622 0.8555573 0.8669839 1.0779399 2.9369912 1.0301145 0.5838673 2.8105781 0.0000010 0.8670435 1.1382269 1.1559069 1.1491488 1.1380217 3.5347011 1.2447032 0.0000010 2.1343588 1.6366378 1.6740958 1.6886623 1.7209268 1.7382917 1.6929220 1.2784953 0.7869882 1.6760363 0.0000010 0.0000010 
Cgig_XM_011432606.3                                                1.6610931 1.4840916 1.5737461 1.4647550 1.3908051 0.8622492 0.5614202 1.1072138 1.1011163 1.2047782 0.6349863 0.9602816 0.8106587 0.5840767 1.3377942 1.3872723 1.2776854 1.2069726 0.9429338 0.9078220 0.8672818 0.5984308 0.9067902 0.9165184 0.9442401 0.9626257 0.7007952 1.0191397 1.2320456 1.1416579 1.2939399 1.2892246 0.9076381 0.0000000 0.7924199 0.7918054 0.7198645 0.8712024 0.9397832 0.8538186 0.9626232 0.8402334 0.8620437 0.9267183 0.9944199 0.9944199 1.1756386 1.1418679 0.6821138 1.1640145 1.5390197 0.8145491 0.8660390 0.9444004 0.9028256 0.7811095 1.1149847 0.7004467 1.3818392 1.0032652 1.3465085 1.4375465 1.1949362 1.0966601 1.2269010 1.8383271 2.1063926 1.1190618 1.6634702 1.4461012 1.5384620 1.6043766 1.4940843 2.1813458 2.0609257 2.2960052 1.3130849 4.1048737 3.6692827 3.7619484 
HoiH23_PlH23_000971-RA                                             1.5459021 1.4873108 1.3345522 1.3642168 1.3036453 1.0194550 0.8167377 0.9099679 0.9882922 1.0654967 0.7299488 0.8781294 0.8619906 0.4900212 1.2084907 1.1582898 1.1582898 1.1712905 0.7761452 0.7270183 0.7570315 0.8120936 0.7489836 0.7558608 0.7484160 0.8031928 0.7157678 0.8549648 0.9578066 0.9372030 1.1519851 1.1004295 0.8786941 0.7924199 0.0000000 0.0321505 0.1016029 0.0989722 0.1269599 0.0970306 0.1135935 0.1886284 0.1886599 0.2096082 0.2807497 0.2807497 0.9350865 1.0451665 0.7884562 0.9892684 1.1541716 0.9284234 0.9406373 1.0065866 0.7598599 0.8182862 1.0489632 0.7776588 1.1422369 1.0821435 1.0984421 1.3277745 1.2948711 1.2476285 1.4292554 1.7118301 1.5391703 1.5190631 1.5035729 1.4936637 1.7824659 1.5731537 1.5090531 1.8549622 2.1638544 0.7473321 1.4540454 4.0547384 0.7837947 0.7932474 
HoiH06_mRNA14264                                                   1.5475538 1.4628962 1.3406253 1.3650634 1.3290581 1.0235306 0.8099816 0.9438777 0.9882922 1.0935089 0.7432934 0.8761096 0.8792579 0.4771983 1.1941890 1.1786666 1.1786666 1.1572850 0.7807890 0.7385660 0.7787961 0.7925836 0.7699631 0.7769221 0.7718486 0.8052793 0.7261782 0.8671700 0.9706590 0.9469047 1.1705041 1.1403497 0.8833486 0.7918054 0.0321505 0.0000000 0.0923851 0.1021508 0.1280742 0.0999761 0.1062674 0.1967018 0.1922293 0.2139908 0.2783296 0.2783296 0.9459462 1.0887121 0.8118722 1.0171028 1.1928777 0.9298505 0.9597638 1.0549807 0.7868822 0.8204592 1.0997557 0.7892215 1.1502129 1.1012024 1.1511314 1.3341393 1.3012119 1.2693018 1.3985111 1.7620189 1.6010728 1.5684524 1.5149317 1.5087201 1.8369419 1.5793996 1.5162030 1.8342058 2.2623097 0.9178806 1.4548445 4.1733135 1.0195513 1.0243665 
HoiH11_mRNA612                                                     1.5628747 1.5305407 1.3876302 1.3957937 1.3550501 1.2021947 0.0000010 1.0491996 1.0626956 1.1918999 0.6592256 0.8382725 0.8777638 0.0000010 1.1893176 1.2117806 1.2117806 1.0490494 0.7069810 0.6642239 0.6832307 0.4118896 0.6672591 0.6580150 0.6372190 0.7322716 0.7292418 0.8187472 0.8913137 0.8933757 0.8377242 0.8693745 1.9754203 0.7198645 0.1016029 0.0923851 0.0000000 0.1088348 0.1171927 0.1167522 0.0981217 0.1173867 0.1710279 0.1662623 1.9713594 1.9713594 0.8268528 0.9795930 0.8002945 0.9629831 1.0319086 0.9196984 0.9159229 0.9159909 0.6657482 0.5573052 0.9840969 0.8264236 1.0239480 0.8581515 1.1215411 1.4174909 2.3307299 1.3850945 1.5968315 1.7432146 1.7124090 1.6815179 1.5702013 1.5029292 8.9999988 1.5832762 1.5349671 2.0044265 7.2240821 1.0575997 3.3005128 7.3175554 1.0611290 1.0660944 
Hhon_g00695.t1                                                     1.6152005 1.5283648 1.4225656 1.4454410 1.3857639 1.0502127 0.8107772 0.9549742 1.1470653 1.1351457 0.7894519 0.8819605 0.9071730 0.6157667 1.2810832 1.2707744 1.2707744 1.2193472 0.8242028 0.7689402 0.8194875 0.8099440 0.8050037 0.8095826 0.8121640 0.8507785 0.8008355 0.9029879 1.0128432 0.9818050 1.2096942 1.1537035 0.9515641 0.8712024 0.0989722 0.1021508 0.1088348 0.0000000 0.0190677 0.0369997 0.0878769 0.2040277 0.2077618 0.2305725 0.2417549 0.2417549 1.0028480 1.0861593 0.8721760 1.1103989 1.2864841 0.9551939 0.9776194 1.0780740 0.8312018 0.9114978 1.1237599 0.8429164 1.1799279 1.1386160 1.2189384 1.3856381 1.2408883 1.3103534 1.4729583 1.7991073 1.7715790 1.6693451 1.7211328 1.5951801 1.7907002 1.6632319 1.5807794 2.0031043 2.0779791 0.9712453 1.5311673 4.4044394 0.9179479 0.9219721 
Hhon_g02347.t1                                                     1.6595601 1.7559531 1.5992827 1.6030510 1.4157746 1.3146952 0.0000010 1.1094075 1.1470653 1.3277974 0.8178443 1.0002125 0.9715970 0.0000010 1.3388990 1.3955709 1.3955709 1.2569406 0.8467179 0.7875208 0.8499345 0.9066408 0.8062782 0.8045131 0.7898668 0.8609640 0.8008355 0.9333336 1.0855332 1.0772243 1.1448018 1.1824876 1.9754203 0.9397832 0.1269599 0.1280742 0.1171927 0.0190677 0.0000000 0.0392071 0.0837675 0.2096800 0.2300003 0.2260698 1.7195160 1.7195160 1.0640885 1.1562858 0.9770367 1.1808457 1.3518098 0.9870882 1.0455591 1.0737631 0.8508470 0.9113073 1.2065172 0.9321099 1.2899887 1.1386160 1.2537005 1.5539340 1.9195751 1.4120886 1.7777272 1.7958204 1.7300451 1.6693451 1.7197786 1.6720607 2.9870363 1.7021865 1.6147947 1.9610036 6.7174738 1.0263271 1.9858500 6.9416602 0.9132764 0.9173543 
HoiH04_mRNA9122                                                    1.5931296 1.5136765 1.4206630 1.4329556 1.4043856 1.0298311 0.8107772 0.9529665 1.0953779 1.1428182 0.7601287 0.8866702 0.8998291 0.6157667 1.2680650 1.2518879 1.2518879 1.1990144 0.8091399 0.7549324 0.7990028 0.7955443 0.7913824 0.7967867 0.7906840 0.8430038 0.7583103 0.8948580 1.0220251 0.9856427 1.1997649 1.1526390 0.9515641 0.8538186 0.0970306 0.0999761 0.1167522 0.0369997 0.0392071 0.0000000 0.0883651 0.2114017 0.1945935 0.2159029 0.2425904 0.2425904 0.9914872 1.0681791 0.8499573 1.0869727 1.2706135 0.9367494 0.9513252 1.0677909 0.8230797 0.8553968 1.1080505 0.8172999 1.2002938 1.1117806 1.2270639 1.3861743 1.2408883 1.3196013 1.4544142 1.8005421 1.7557829 1.7418717 1.7075410 1.5836316 1.7886231 1.6524005 1.5728248 1.9390746 2.1505881 1.0570977 1.4598832 4.4351915 0.9132764 0.9173543 
Hhon_g11994.t1                                                     1.4856375 1.6609009 1.5099244 1.5123549 1.0709418 1.1078471 0.1402204 0.9875335 0.0000010 1.0710436 0.9637792 1.1045395 0.9819898 0.0000010 1.3587158 1.2522487 1.2522487 1.3041945 0.8415458 0.8008802 0.8786038 0.8604346 0.9048516 0.9147088 0.8569093 0.9176413 0.0000010 0.9682622 1.0995568 1.1280561 1.5186276 1.3108527 0.0000010 0.9626232 0.1135935 0.1062674 0.0981217 0.0878769 0.0837675 0.0883651 0.0000000 0.0981217 0.2133700 0.2133700 0.4811825 0.4811825 1.1698909 1.1385806 0.9774645 1.1373610 2.6943049 0.9745444 1.1503258 1.3234765 0.9712353 0.9595542 1.1857669 0.8035426 1.2636668 1.2382005 1.3834177 1.4586346 1.0288254 1.2595430 1.4768987 1.5292682 1.2017843 0.8236992 3.1511641 1.5199621 1.7985571 1.5732472 1.4420511 0.0000010 1.5979944 0.0000010 0.9549286 4.6220597 0.0000010 0.0000010 
HoiH11_mRNA6824                                                    1.7168009 1.6723180 1.5164016 1.5411185 1.5354572 1.3233650 0.0000010 1.1002003 1.1831629 1.2962769 0.7288884 0.9048540 1.0093525 0.0000010 1.2758140 1.3077013 1.3077013 1.1613575 0.8143645 0.7810084 0.8259128 0.4118896 0.7990287 0.8005363 0.7644861 0.8169891 0.8732362 0.8931718 1.0442653 1.0488981 0.9746260 0.9892863 1.9754203 0.8402334 0.1886284 0.1967018 0.1173867 0.2040277 0.2096800 0.2114017 0.0981217 0.0000000 0.2331436 0.2278778 1.9713594 1.9713594 0.9814029 1.1364309 0.9253263 1.0701081 1.1708422 1.0370249 1.0295813 1.0919708 0.7432421 0.6299796 1.0994750 0.9719496 1.0818277 0.8628210 1.2661265 1.6453374 2.0005116 1.6119616 1.9146129 1.9941545 1.8601259 1.8381274 1.7529155 1.6581914 8.9999987 1.6972837 1.6788626 2.1894173 7.5433731 1.1128231 3.6350568 7.6583433 0.9769772 0.9816372 
TrH2_TrispH2_003882-RA                                             1.6984578 1.5594705 1.3979680 1.4422383 1.3718882 1.0100102 0.7668103 0.9560028 0.9051156 1.0979757 0.7849241 0.9084748 0.9414746 0.5287623 1.2537814 1.2476930 1.2476930 1.1865770 0.8022268 0.7684055 0.8067651 0.7979579 0.7921766 0.8147124 0.8322373 0.8411122 0.8260984 0.8997389 1.0128436 1.0004550 1.2069632 1.1543746 1.0853581 0.8620437 0.1886599 0.1922293 0.1710279 0.2077618 0.2300003 0.1945935 0.2133700 0.2331436 0.0000000 0.0215891 0.4276137 0.4276137 1.0218552 1.0788432 0.8852095 1.1071654 1.3771537 0.9653648 0.9762280 1.0900891 0.8625599 0.8720204 1.1406811 0.8661061 1.1841034 1.1922261 1.2055755 1.3702045 1.3435513 1.3442847 1.4426492 1.9423919 1.5700233 1.6348973 1.4862677 1.5278704 1.8381960 1.5946285 1.5439190 1.8229499 2.2093388 0.9441243 1.3162046 4.0826012 1.0729140 1.0798976 
Tadh_TriadT54321                                                   1.7276912 1.6247933 1.4052259 1.4682013 1.3623552 1.0898811 0.8961114 1.0225503 0.8864042 1.1944898 0.8294718 0.9694613 1.0110096 0.9555632 1.2647790 1.2832732 1.2832732 1.2164001 0.8474563 0.8034291 0.8485436 0.8724470 0.8418469 0.8628794 0.8350734 0.8882440 0.8260984 0.9365913 1.0946321 1.0787729 1.2548400 1.2354236 1.3447787 0.9267183 0.2096082 0.2139908 0.1662623 0.2305725 0.2260698 0.2159029 0.2133700 0.2278778 0.0215891 0.0000000 0.5871504 0.5871504 1.0437514 1.1150348 0.9306666 1.1288364 1.3962712 1.0121406 1.0170827 1.1110753 0.8660526 0.8567058 1.1913317 0.9011662 1.1796086 1.1922261 1.1998871 1.4737963 1.5052631 1.4708937 1.6132094 1.9608034 1.5829227 1.6348973 1.5009095 1.5869910 2.0290069 1.6125252 1.5639847 1.8541226 2.5251303 0.9223545 1.3509666 4.8409727 1.0729140 1.0798976 
Hhon_g00696.t1                                                     1.8142240 1.5893836 1.6472663 1.5511207 3.0673148 1.0436739 0.8883608 0.9934087 0.0000010 1.2274562 0.9848301 0.9647510 1.1380681 0.6622690 1.3902955 1.2419537 1.2419537 1.4015995 1.0090491 1.0057825 1.0130688 0.9458521 1.0355442 1.0433816 1.1702964 1.0650080 2.8484479 1.1344449 1.2578306 1.2207932 1.7063166 1.3639292 0.9689845 0.9944199 0.2807497 0.2783296 1.9713594 0.2417549 1.7195160 0.2425904 0.4811825 1.9713594 0.4276137 0.5871504 0.0000000 0.0000010 1.1333718 1.2178571 0.9877655 1.2707493 1.3138772 1.1704554 1.0902148 1.3551812 1.1502719 1.3881828 1.2978481 1.0037881 1.3950422 2.5296714 2.6702986 1.5697407 1.6632705 1.5754833 1.5752684 3.9458685 3.6829878 3.8707644 5.3365033 1.8834284 1.7713288 1.9919448 1.9361121 0.0000010 1.7713288 0.0000010 1.3056730 2.8774062 0.0000010 0.0000010 
HoiH04_mRNA13834                                                   1.8142240 1.5893836 1.6472663 1.5511207 3.0673148 1.0436739 0.8883608 0.9934087 0.0000010 1.2274562 0.9848301 0.9647510 1.1380681 0.6622690 1.3902955 1.2419537 1.2419537 1.4015995 1.0090491 1.0057825 1.0130688 0.9458521 1.0355442 1.0433816 1.1702964 1.0650080 2.8484479 1.1344449 1.2578306 1.2207932 1.7063166 1.3639292 0.9689845 0.9944199 0.2807497 0.2783296 1.9713594 0.2417549 1.7195160 0.2425904 0.4811825 1.9713594 0.4276137 0.5871504 0.0000010 0.0000000 1.1333718 1.2178571 0.9877655 1.2707493 1.3138772 1.1704554 1.0902148 1.3551812 1.1502719 1.3881828 1.2978481 1.0037881 1.3950422 2.5296714 2.6702986 1.5697407 1.6632705 1.5754833 1.5752684 3.9458685 3.6829878 3.8707644 5.3365033 1.8834284 1.7713288 1.9919448 1.9361121 0.0000010 1.7713288 0.0000010 1.3056730 2.8774062 0.0000010 0.0000010 
