61
Nvec_NVE14695                                          0.0000000 2.1243805 1.8177508 1.3771212 1.5793266 1.6512505 1.9402107 1.7662204 8.2350736 1.5787685 2.5098067 2.6025717 1.6773157 1.9945212 2.4288280 2.4074326 0.0000010 1.9525314 2.2658311 2.1305888 2.3962321 3.1107839 1.9300285 3.0337695 2.4908182 2.6815069 1.8854657 1.7339451 1.5409068 3.5091035 1.9643198 1.7835050 2.0048110 5.0282037 2.0884243 2.1782465 1.9735954 2.5164456 2.3772062 2.9047448 2.9221413 2.3025332 2.0239831 2.8976297 2.4392239 3.3682704 0.0000010 3.3256592 2.9350409 2.3060466 3.5385979 3.5385979 3.0259820 4.1172077 4.2691974 3.0401033 2.3673459 2.2625480 3.0889841 3.3367759 7.7054412 
Fspp_ffun1.m4.29862.m1                                 2.1243805 0.0000000 0.2081571 0.2514086 0.2355922 0.2225438 0.3852095 0.4275881 1.0259949 1.1035726 1.7005525 1.7223630 1.9036077 1.8729843 1.7843177 1.9971886 1.3104917 2.5605764 2.7045255 2.6506622 2.5753719 1.9458675 1.9039473 2.1932952 2.1332898 1.8495636 1.9040744 2.3465411 2.3969216 2.4654234 1.7123876 1.6925981 1.7264428 1.6307757 1.6924569 1.7044211 1.9007527 2.1748509 2.1656225 2.7393379 2.5727679 2.2642919 2.4189712 3.2338919 2.8618479 3.6341531 4.0712913 3.4705967 4.2514481 4.9150316 4.1684772 4.6250400 3.8455097 4.5313819 4.4184503 4.0430532 3.8886162 3.1078991 3.1090132 2.2374348 3.7435008 
Gasp_gasp1.m3.17532.m1                                 1.8177508 0.2081571 0.0000000 0.2525973 0.2388059 0.2153768 0.4246933 0.4568204 1.2037409 1.1511773 1.8423835 1.9217415 1.8204666 1.8499056 1.8811073 1.9435743 0.6789118 2.6269130 2.8164503 2.5723938 2.7069595 2.0532880 1.8529061 2.3708752 2.0393661 1.9773041 1.8601420 2.5003355 2.5832038 2.4367437 1.7754075 1.7247963 1.7864017 1.6952999 1.6947498 1.7603618 1.9458005 2.3685577 2.1731022 2.8152404 2.6608572 2.3235683 2.4824227 3.6723062 3.1395605 3.9411917 3.7926516 3.3018667 3.6124615 4.5889000 3.8269345 4.1926083 3.5795879 4.0026756 3.9280593 3.8577879 3.6629206 3.0652047 3.2900105 2.3481915 4.3767160 
Spis_XP_022785639_1                                    1.3771212 0.2514086 0.2525973 0.0000000 0.1089184 0.2509461 0.3854225 0.4119765 1.0199623 1.0706828 1.7143943 1.8298420 1.8146180 1.7767266 1.6630011 1.8835185 1.2571758 2.4214781 2.4733583 2.4599626 2.4891693 2.0546079 1.7953353 2.5702095 2.1669011 1.8895657 1.7504752 2.2987347 2.2776235 2.1331637 1.7613253 1.7050533 1.7495799 1.7131126 1.7266847 1.8053975 1.9516105 2.2257200 2.0114715 2.5293274 2.3771161 2.1754727 2.2223730 3.3051690 2.8671426 3.4763153 3.9761016 3.4062076 4.0706564 4.4765633 3.9071984 4.4049673 3.9500176 4.0371717 3.9204503 4.0362873 3.8150033 2.8135843 3.1382750 2.3675350 3.8550167 
Pocdam_XM_027184215.1                                  1.5793266 0.2355922 0.2388059 0.1089184 0.0000000 0.2330793 0.3568564 0.3928714 1.0273824 1.1449782 1.6951149 1.7777259 1.8435064 1.8598928 1.7500580 1.8910442 1.3577449 2.4323692 2.5119577 2.4876368 2.4853135 2.1390826 1.7934594 2.3309033 2.2122011 1.9682943 1.9060061 2.3762654 2.4417948 2.2357047 1.7647211 1.7111616 1.7208392 1.6835394 1.7364935 1.7898548 2.0026353 2.3037593 2.0926250 2.6437740 2.5258502 2.1895614 2.3604809 3.1799109 2.7811045 3.5515599 3.7998205 3.4694587 4.0712825 4.7672004 3.9372577 4.2835487 3.8855659 4.2581420 4.2273768 3.9144328 3.7327058 2.9629911 3.1093427 2.3378247 4.1158789 
Gfas_gfas1.m1.8149.m1                                  1.6512505 0.2225438 0.2153768 0.2509461 0.2330793 0.0000000 0.2390760 0.2764897 0.9010173 1.0964486 1.8737132 1.7930319 1.7916982 1.7598578 1.8296879 1.9960092 1.4677936 2.5160258 2.6461902 2.2965124 2.6321281 2.0258102 1.8751765 2.3300752 2.1368268 1.8700047 1.8805359 2.3351677 2.3580327 2.3513532 1.8293516 1.7946255 1.8728437 1.7210357 1.7641787 1.8354249 2.1826612 2.2930876 2.1774647 3.0123991 2.6598191 2.4120450 2.5713177 3.3302310 2.7251805 3.7505958 4.2644320 3.5158501 4.0486837 4.8348929 3.9585907 4.1880341 3.9279795 4.3964825 4.2430463 4.3932753 3.8667254 2.8412225 3.2319573 2.1479514 4.3518652 
Amil_Amillepora01875-RA                                1.9402107 0.3852095 0.4246933 0.3854225 0.3568564 0.2390760 0.0000000 0.0271779 1.1287447 1.2229695 1.8329952 1.9145424 2.0118347 1.8879714 2.0013312 2.2598407 1.7738096 2.5552994 2.6405477 2.5624703 2.6176360 2.2079400 1.8736702 1.8825696 2.3714408 2.1730879 2.1351585 2.5586816 2.5020363 2.5042065 1.9595425 1.9551404 1.9404398 1.9844050 1.8539707 1.8769262 2.2207060 2.3331587 2.2841621 2.6538719 2.4785481 2.2836415 2.7655634 3.4855331 3.0169682 3.5324182 4.3421356 3.5225706 3.9626783 4.4165056 3.7272515 4.0695889 3.9346196 4.3869446 4.3382537 4.2019561 3.6323224 3.4141315 3.1991169 2.1018604 3.8746171 
Adig_XM_015910277.1                                    1.7662204 0.4275881 0.4568204 0.4119765 0.3928714 0.2764897 0.0271779 0.0000000 1.1250360 1.2341051 1.8662350 1.9650422 1.9670775 1.8661439 2.0055738 2.1557636 1.7734725 2.3955502 2.6801106 2.5297763 2.5858105 2.1768698 1.8641615 2.1667907 2.3995263 2.2341207 2.1244037 2.5986572 2.4761299 2.5246368 2.0331164 2.0153741 1.9721642 1.9399903 1.9191789 1.9258213 2.2377783 2.3710907 2.2623236 2.7616930 2.5627196 2.2871827 2.7065730 3.5445660 2.9994869 3.5775185 4.3045735 3.6355042 3.9588192 4.4397141 3.7371065 4.1200823 4.0542867 4.2560120 4.1721452 4.2453086 3.8296282 3.0020094 3.2851542 2.1116267 4.0325120 
Nvec_NVE14696                                          8.2350736 1.0259949 1.2037409 1.0199623 1.0273824 0.9010173 1.1287447 1.1250360 0.0000000 0.9842393 1.3008840 1.4066417 1.1743844 1.1929407 1.2325502 1.4542271 0.8378652 1.5690300 1.6008047 1.9874892 1.6589176 1.1976993 1.5579918 3.0041444 2.7436663 1.4914894 1.9240944 1.6401288 1.8429005 1.8764736 1.5697429 1.5232553 1.4509225 1.3398679 1.5086755 1.5086755 1.4073800 1.7837321 1.7285792 1.3962309 1.5724971 1.8702330 1.5016877 2.4570076 1.9340436 6.0112081 3.2064605 3.1621288 3.9763767 2.9861903 3.3001954 8.9999981 4.4532577 3.9150954 3.6642672 3.8145735 3.5609007 3.3115162 2.2001558 1.9400077 1.6911726 
Exapal_XM_021058698.2                                  1.5787685 1.1035726 1.1511773 1.0706828 1.1449782 1.0964486 1.2229695 1.2341051 0.9842393 0.0000000 1.4626675 1.5874176 1.7688027 1.5636421 1.6816060 1.9600276 0.9263475 2.5150679 2.4033142 2.5691217 2.4960018 1.8414825 1.6058679 2.3938287 2.2840287 1.8085779 1.7862521 2.1716687 2.2067080 2.3400186 1.6831940 1.7369109 1.8034051 1.6832210 1.7021271 1.6839197 1.9900610 2.2294653 1.9097207 2.4204653 2.3524953 2.2473614 2.1200765 3.2173356 2.7312836 3.2894979 4.3644041 3.8130176 4.6658148 4.1166911 3.9668203 4.7169406 3.9498025 4.3751134 4.4211602 4.4997199 3.9397305 3.0983917 2.7066426 2.5751025 3.8258942 
Dgig_XM_028551189.1                                    2.5098067 1.7005525 1.8423835 1.7143943 1.6951149 1.8737132 1.8329952 1.8662350 1.3008840 1.4626675 0.0000000 0.9856162 1.9306822 1.7855062 1.8354939 2.0635696 0.8894266 2.4092508 2.2651238 2.4086244 2.5364288 1.9571436 1.7525241 2.3541186 2.0931840 1.9331083 1.8436707 2.2331823 2.0910858 2.3395838 1.8326204 1.7618261 1.8798023 1.8863006 1.7180145 1.7534756 1.9798108 2.1794459 2.1630696 2.1388804 2.2095059 2.5605484 2.2295260 3.2395391 2.8374559 3.0310966 4.4480971 3.6827066 4.2825460 5.4186312 4.2009819 4.6326881 4.0119466 4.3334422 4.3354810 4.5028830 3.9086425 3.5553893 2.8360931 2.9225877 3.2766197 
Xesp_002956-T1                                         2.6025717 1.7223630 1.9217415 1.8298420 1.7777259 1.7930319 1.9145424 1.9650422 1.4066417 1.5874176 0.9856162 0.0000000 1.7804913 1.8074632 1.7592534 2.0220410 1.0840492 2.3244747 2.2841605 2.5950936 2.4252435 1.8581923 1.9093207 1.8939613 1.8216383 1.7178143 1.7074098 2.3494297 2.3256556 2.3467167 1.9071368 1.9411232 2.1101836 2.0227694 1.8277384 1.8822695 2.2468553 2.1301392 2.2572761 2.1372000 2.1006823 2.8083515 2.3767545 2.5235481 2.3787597 3.8876097 4.0888795 3.2497947 3.6721178 5.1292019 4.1850590 4.3276331 3.5134781 4.1891130 4.3252178 4.1621134 3.7232269 3.5350225 3.1174716 2.7077591 4.0359799 
Bralan_BLAG02000464_1                                  1.6773157 1.9036077 1.8204666 1.8146180 1.8435064 1.7916982 2.0118347 1.9670775 1.1743844 1.7688027 1.9306822 1.7804913 0.0000000 1.3068346 1.2028803 1.4730825 0.9490729 1.7270983 1.8718802 1.9196716 1.9765326 1.6880018 1.4762854 1.8866010 1.8146742 1.7562873 1.7326732 2.2594027 2.5265104 2.2804173 1.7038772 1.7368362 1.8252399 1.9378803 1.7075198 1.7510854 2.0086176 2.0458784 2.1941421 2.2970503 2.3386836 2.1223784 1.8688217 4.0748363 2.6118719 3.6696613 4.2793202 3.0631631 3.6898625 3.8436444 3.6147125 3.9475890 3.4925531 3.6974852 3.5942459 3.4661801 3.3754963 2.8275173 2.6970604 2.3906709 3.6408047 
Spur_XM_003725757.3                                    1.9945212 1.8729843 1.8499056 1.7767266 1.8598928 1.7598578 1.8879714 1.8661439 1.1929407 1.5636421 1.7855062 1.8074632 1.3068346 0.0000000 1.4149270 1.6066984 0.7860559 1.9775761 2.0258274 2.0595558 2.1803631 1.8289680 1.3791229 2.5006394 1.9913919 1.9401994 1.8528963 2.0539772 2.1645813 2.2949237 1.6147019 1.6322690 1.7051934 1.6762502 1.5530890 1.6473466 2.0008740 1.8641130 1.9411189 2.2164750 2.2563178 1.9441774 1.6593328 3.2571137 2.6440472 3.4780292 3.6181477 3.4441526 3.6489824 3.8273693 3.6042174 4.3564067 3.7911195 3.4123798 3.3278956 3.2666666 2.7454914 2.9319341 2.7749052 2.4623367 3.4882574 
Skow_XM_002732713.2                                    2.4288280 1.7843177 1.8811073 1.6630011 1.7500580 1.8296879 2.0013312 2.0055738 1.2325502 1.6816060 1.8354939 1.7592534 1.2028803 1.4149270 0.0000000 1.3754602 1.4168235 2.0261292 2.1245987 2.2872551 2.0368866 1.9273876 1.3639477 1.5036658 1.7171165 1.7626129 1.5007129 1.9884762 2.2526354 2.2728028 1.5991561 1.6195695 1.6555748 1.6328927 1.5674671 1.6045924 1.9646599 2.3334769 2.1051549 2.4809845 2.3333484 2.0912491 1.7583260 3.2279828 2.5234510 3.1514994 4.4366112 3.2770201 3.7316926 4.8737212 3.9773324 4.3497640 3.5928548 3.6661373 3.6666239 3.5695840 3.4744388 2.7130914 2.7695175 2.0155167 3.1090828 
Acagra_model.g9455.t1                                  2.4074326 1.9971886 1.9435743 1.8835185 1.8910442 1.9960092 2.2598407 2.1557636 1.4542271 1.9600276 2.0635696 2.0220410 1.4730825 1.6066984 1.3754602 0.0000000 1.5708281 2.3418711 2.3614557 2.4686787 2.3499193 2.1276000 1.5304909 2.2752941 1.9196694 1.7860754 1.7096055 2.1884901 2.3562144 2.1881069 2.0388442 2.0807576 2.0839827 1.9412887 1.9069401 2.0325179 2.3077165 2.3396295 2.0319048 2.3785738 2.3511332 2.0568966 2.3062830 3.1560802 2.8081038 2.9412647 3.7604698 3.0883937 3.4465607 3.6812813 3.6248626 3.9900851 3.3659471 3.2752780 3.2967447 3.2191932 3.3036098 2.7488273 2.8768073 2.6922304 3.7864916 
Stycar_maker-SC_scaffold5849-augustus-gene-0.31-mRNA-1 0.0000010 1.3104917 0.6789118 1.2571758 1.3577449 1.4677936 1.7738096 1.7734725 0.8378652 0.9263475 0.8894266 1.0840492 0.9490729 0.7860559 1.4168235 1.5708281 0.0000000 1.8054455 1.5365947 1.5741055 1.4463358 1.0184210 1.3054628 0.0000010 2.4656704 0.7228446 2.0459712 1.3048476 1.3920930 1.8808390 1.2609675 1.1195506 0.7859020 0.8379893 1.1075346 1.1075346 0.5656864 1.0654372 1.2043762 1.2392131 1.3578661 1.4540056 0.8734810 1.7849221 1.4626091 0.0000010 2.9700462 2.7894419 3.0408328 2.7825724 2.7825724 0.0000010 3.5888589 2.4820802 2.3270153 4.3875901 3.2026324 8.9999988 1.5824439 2.7633344 1.2464642 
Lcom_lcpid28026                                        1.9525314 2.5605764 2.6269130 2.4214781 2.4323692 2.5160258 2.5552994 2.3955502 1.5690300 2.5150679 2.4092508 2.3244747 1.7270983 1.9775761 2.0261292 2.3418711 1.8054455 0.0000000 0.6650518 0.7924963 0.7924379 0.9205341 2.1935805 2.3629591 2.2006557 2.0426053 2.1590855 2.3110492 2.3793648 2.2177623 2.0380877 2.0937892 2.1620532 1.9428010 2.0920625 2.1803661 2.2880992 2.5830831 2.7681625 2.5318338 2.5853390 2.4383360 2.5930768 3.8406573 2.8599556 3.9765153 4.9796549 3.8374188 4.1216148 4.9112892 4.4613435 5.2348730 4.1114541 3.6204942 3.6579514 3.4279557 3.5405631 3.2939462 2.4541239 3.2807067 3.5878511 
Leuniv_Lniv_scaffold23586_01                           2.2658311 2.7045255 2.8164503 2.4733583 2.5119577 2.6461902 2.6405477 2.6801106 1.6008047 2.4033142 2.2651238 2.2841605 1.8718802 2.0258274 2.1245987 2.3614557 1.5365947 0.6650518 0.0000000 0.8348996 0.7255328 1.2338690 2.3064201 2.5662927 2.2529169 2.1063937 2.0205841 2.5190629 2.5036392 2.0558790 2.1802071 2.2380743 2.3522579 2.0580839 2.1505149 2.2350502 2.4020809 2.6749232 2.6894899 2.6019362 2.3669597 2.6975542 2.6791047 3.5458468 2.8287528 3.9289460 5.0422906 3.5871882 3.9038363 4.5677865 4.1694695 4.7741359 3.6789518 3.6004518 3.6348573 3.4357541 3.2531144 3.2213718 2.6008338 3.5276630 3.9641773 
Gracom_Gcom_scaffold16761_01                           2.1305888 2.6506622 2.5723938 2.4599626 2.4876368 2.2965124 2.5624703 2.5297763 1.9874892 2.5691217 2.4086244 2.5950936 1.9196716 2.0595558 2.2872551 2.4686787 1.5741055 0.7924963 0.8348996 0.0000000 0.7144882 1.2271916 2.3475625 2.4493096 2.1515397 2.1460255 2.2077999 2.4850423 2.5889080 2.6217456 2.2653399 2.3519159 2.4188243 2.2905627 2.3392007 2.3711023 2.3621869 2.7383497 2.9020201 2.7919432 2.6969561 2.7173790 2.7554126 3.9537950 2.8839274 3.9685168 5.2582352 3.6290624 3.8767249 4.3529261 3.9635071 4.6642258 4.0574099 3.4114108 3.5393834 3.5704581 3.5326346 3.7068284 2.8966145 3.9148408 3.8622058 
Scil_scict026258.1                                     2.3962321 2.5753719 2.7069595 2.4891693 2.4853135 2.6321281 2.6176360 2.5858105 1.6589176 2.4960018 2.5364288 2.4252435 1.9765326 2.1803631 2.0368866 2.3499193 1.4463358 0.7924379 0.7255328 0.7144882 0.0000000 1.1152517 2.3398015 3.2223097 2.5626086 2.1967268 2.2203058 2.6731368 2.7701169 2.3910745 2.3324214 2.3520705 2.4733331 2.3701644 2.4462056 2.5559964 2.6246665 2.8101127 2.8206167 2.6544538 2.6039481 3.0413606 2.9723245 4.1114070 2.9108870 4.1749740 5.4022146 3.9189439 4.1057697 4.3906904 4.2635138 5.1369154 4.2646331 3.7662725 3.7281774 3.6026737 3.6705254 3.5021693 2.8647326 3.6289152 3.5625013 
Clacor_Ccor_C534685_01                                 3.1107839 1.9458675 2.0532880 2.0546079 2.1390826 2.0258102 2.2079400 2.1768698 1.1976993 1.8414825 1.9571436 1.8581923 1.6880018 1.8289680 1.9273876 2.1276000 1.0184210 0.9205341 1.2338690 1.2271916 1.1152517 0.0000000 2.1571712 2.8839299 2.3751880 2.0691467 2.4388601 2.3433438 2.0675602 2.2134543 1.8674531 1.9858404 1.9748979 1.9706571 1.9396927 1.9396927 2.0915457 2.3256776 2.5426598 2.4668680 2.5493191 2.0486334 2.5001373 3.1499626 2.6420586 3.7311494 4.9044830 4.1699252 4.9572416 4.9004573 4.5480676 5.5232243 4.4381550 3.7433648 3.8317687 4.0020618 3.7290661 4.2111609 2.6714025 3.3229918 3.1293331 
Cgig_XM_034470482.1                                    1.9300285 1.9039473 1.8529061 1.7953353 1.7934594 1.8751765 1.8736702 1.8641615 1.5579918 1.6058679 1.7525241 1.9093207 1.4762854 1.3791229 1.3639477 1.5304909 1.3054628 2.1935805 2.3064201 2.3475625 2.3398015 2.1571712 0.0000000 2.0606283 2.4133620 1.9340650 1.8535572 2.2437454 2.4966157 2.3103899 1.6015869 1.5912490 1.7137948 1.7495022 1.5530858 1.6521909 1.8318976 2.0277931 2.0119289 2.0996377 1.9399328 1.9202850 2.1455047 3.3679149 2.7844604 3.0556638 4.4047103 3.6717491 3.7327832 4.9310205 4.4158398 4.8243029 3.9788027 4.1375073 4.0955751 3.4633604 3.4959199 3.0981053 2.9944286 2.4836886 2.9334751 
Tetwil_g14837.t1                                       3.0337695 2.1932952 2.3708752 2.5702095 2.3309033 2.3300752 1.8825696 2.1667907 3.0041444 2.3938287 2.3541186 1.8939613 1.8866010 2.5006394 1.5036658 2.2752941 0.0000010 2.3629591 2.5662927 2.4493096 3.2223097 2.8839299 2.0606283 0.0000000 0.3560148 0.3183611 0.9865616 1.6616634 1.1074800 2.8223030 2.5815279 2.5884586 2.5502948 2.0347760 2.6531909 2.6660064 2.4195923 2.5794045 2.7567536 3.4506657 2.9217618 2.9140621 2.1790867 3.3610859 1.9361616 4.1181470 0.0000010 3.3495614 2.4768628 1.7272499 2.4381479 2.4381479 3.1273540 3.5660940 3.7233873 3.6124068 3.5318807 2.0041528 3.0194804 2.1290401 4.7878680 
Tetwil_g8149.t1                                        2.4908182 2.1332898 2.0393661 2.1669011 2.2122011 2.1368268 2.3714408 2.3995263 2.7436663 2.2840287 2.0931840 1.8216383 1.8146742 1.9913919 1.7171165 1.9196694 2.4656704 2.2006557 2.2529169 2.1515397 2.5626086 2.3751880 2.4133620 0.3560148 0.0000000 0.2481828 0.6735036 1.3638076 1.2380307 3.0476847 2.6200954 2.5557623 2.6557122 2.8869394 2.5011022 2.5740427 2.7968082 2.1419656 2.5999289 2.7446252 2.7457114 2.9360929 2.1063701 3.2048646 2.1214396 2.8244115 4.6922488 2.9634735 3.1613876 3.2021585 2.5966335 2.4071877 3.0209864 3.4096011 3.3293191 3.6973541 3.3841199 2.2991266 2.7320971 3.0627261 4.2432474 
Tetwil_g8147.t1                                        2.6815069 1.8495636 1.9773041 1.8895657 1.9682943 1.8700047 2.1730879 2.2341207 1.4914894 1.8085779 1.9331083 1.7178143 1.7562873 1.9401994 1.7626129 1.7860754 0.7228446 2.0426053 2.1063937 2.1460255 2.1967268 2.0691467 1.9340650 0.3183611 0.2481828 0.0000000 0.8253568 1.2408282 1.1431218 2.3970515 2.0697843 2.0459755 2.1256919 1.9545771 2.0422887 2.1148550 2.1598280 2.0830330 2.1149116 2.2602025 2.2305542 2.2306193 1.9118688 2.1611787 1.8741765 3.2656814 3.6443587 3.1416548 3.3169413 3.4247698 2.9362004 3.4311093 3.2849157 3.5101208 3.4455937 3.8844882 3.6384885 2.9276500 2.3207450 2.7547363 3.3111646 
Stycar_maker-SC_scaffold3280-snap-gene-0.7-mRNA-1      1.8854657 1.9040744 1.8601420 1.7504752 1.9060061 1.8805359 2.1351585 2.1244037 1.9240944 1.7862521 1.8436707 1.7074098 1.7326732 1.8528963 1.5007129 1.7096055 2.0459712 2.1590855 2.0205841 2.2077999 2.2203058 2.4388601 1.8535572 0.9865616 0.6735036 0.8253568 0.0000000 1.1474969 1.1149779 2.4625331 1.9426973 1.8922785 2.1085316 2.3974563 1.8771972 2.0447658 2.1896266 1.9889951 2.2141584 2.4982921 2.5165420 2.7903391 1.8765068 2.4974536 1.9366657 2.9198064 4.4200099 2.6550928 3.0937739 3.3386034 2.6779416 2.5444648 2.6708902 3.4236403 3.4198690 3.3766237 3.0215246 2.3986018 2.6655867 2.9618559 4.1315894 
Emue_Em0009g1305a.t1                                   1.7339451 2.3465411 2.5003355 2.2987347 2.3762654 2.3351677 2.5586816 2.5986572 1.6401288 2.1716687 2.2331823 2.3494297 2.2594027 2.0539772 1.9884762 2.1884901 1.3048476 2.3110492 2.5190629 2.4850423 2.6731368 2.3433438 2.2437454 1.6616634 1.3638076 1.2408282 1.1474969 0.0000000 0.3117037 2.7059193 2.2488916 2.2113282 2.3384284 2.6049866 2.2480004 2.3378535 2.5188379 2.3946995 2.3654233 2.5322307 2.4260271 2.6438483 2.3231700 2.6297771 2.3456396 3.5645029 4.9549084 4.2098375 3.9806937 4.6045093 3.8297614 4.5541712 3.7132846 4.2402105 4.2366440 4.1973582 3.9922993 3.2050066 2.5210650 3.1149520 3.6651554 
Spolac_c111981_g1_i1_m.45988c111981-g1                 1.5409068 2.3969216 2.5832038 2.2776235 2.4417948 2.3580327 2.5020363 2.4761299 1.8429005 2.2067080 2.0910858 2.3256556 2.5265104 2.1645813 2.2526354 2.3562144 1.3920930 2.3793648 2.5036392 2.5889080 2.7701169 2.0675602 2.4966157 1.1074800 1.2380307 1.1431218 1.1149779 0.3117037 0.0000000 2.5184851 2.3970185 2.4051622 2.4450846 2.5174766 2.3396195 2.3396195 2.6827330 2.4226891 2.2922108 2.5754532 2.4608065 2.5583760 2.3752173 2.4864544 2.0065533 3.1359239 4.9131645 4.1710219 4.4460915 4.6314705 3.9359761 4.5813466 3.9789416 4.3665679 4.3563589 4.1836557 3.8581473 4.3488564 2.5219975 3.3155036 3.6135472 
Morvir_scaffold254.g3.t2                               3.5091035 2.4654234 2.4367437 2.1331637 2.2357047 2.3513532 2.5042065 2.5246368 1.8764736 2.3400186 2.3395838 2.3467167 2.2804173 2.2949237 2.2728028 2.1881069 1.8808390 2.2177623 2.0558790 2.6217456 2.3910745 2.2134543 2.3103899 2.8223030 3.0476847 2.3970515 2.4625331 2.7059193 2.5184851 0.0000000 2.4455459 2.5719646 2.6868855 2.4003896 2.3696912 2.4558884 2.8854507 2.2914425 2.3413937 2.4213490 2.4023687 2.6422336 2.6672676 3.2270222 2.6002245 3.4149836 4.4222322 4.0233768 4.5233364 4.2481545 4.3829089 5.2900660 4.0705676 3.5595148 3.6260161 4.0780383 3.6891244 3.2152250 3.1012183 3.1309122 4.1544842 
HoiH23_PlH23_007571-RA                                 1.9643198 1.7123876 1.7754075 1.7613253 1.7647211 1.8293516 1.9595425 2.0331164 1.5697429 1.6831940 1.8326204 1.9071368 1.7038772 1.6147019 1.5991561 2.0388442 1.2609675 2.0380877 2.1802071 2.2653399 2.3324214 1.8674531 1.6015869 2.5815279 2.6200954 2.0697843 1.9426973 2.2488916 2.3970185 2.4455459 0.0000000 0.0690818 0.0913832 0.0793881 0.1902353 0.2178670 0.2327844 2.2991539 2.3430183 3.0409986 2.6732131 2.1719234 2.1979771 3.1645586 2.4613225 3.5045660 5.1785101 4.1029803 4.4557763 6.0761057 5.2066689 6.0579857 4.2239045 4.3530792 4.4851419 3.7029543 3.9557012 3.6111563 2.8316206 2.5062738 2.9489726 
Hhon_g08457.t1                                         1.7835050 1.6925981 1.7247963 1.7050533 1.7111616 1.7946255 1.9551404 2.0153741 1.5232553 1.7369109 1.7618261 1.9411232 1.7368362 1.6322690 1.6195695 2.0807576 1.1195506 2.0937892 2.2380743 2.3519159 2.3520705 1.9858404 1.5912490 2.5884586 2.5557623 2.0459755 1.8922785 2.2113282 2.4051622 2.5719646 0.0690818 0.0000000 0.0290551 0.0895777 0.1762226 0.2096655 0.2087688 2.3559887 2.2900669 2.8779925 2.6918575 2.1814640 2.1983787 3.1521319 2.4573600 3.3856710 5.1880264 3.9635937 4.3520717 5.9718272 5.1402785 5.8393107 4.1819325 4.4268071 4.5591849 3.6341796 3.8698119 3.5406640 2.7821079 2.5211992 2.9594648 
HoiH04_mRNA800                                         2.0048110 1.7264428 1.7864017 1.7495799 1.7208392 1.8728437 1.9404398 1.9721642 1.4509225 1.8034051 1.8798023 2.1101836 1.8252399 1.7051934 1.6555748 2.0839827 0.7859020 2.1620532 2.3522579 2.4188243 2.4733331 1.9748979 1.7137948 2.5502948 2.6557122 2.1256919 2.1085316 2.3384284 2.4450846 2.6868855 0.0913832 0.0290551 0.0000000 0.0953893 0.2138011 0.2255433 0.2089591 2.4693465 2.2845908 2.9232421 2.7550834 2.1803307 2.3577405 3.2061421 2.5473993 3.3856679 4.9872093 4.0730853 4.2880609 5.6695855 4.9408941 5.8393107 4.3239945 4.4417966 4.5001613 3.7281944 3.9715513 3.5843383 2.9669158 2.5537176 3.0764986 
HoiH06_mRNA9622                                        5.0282037 1.6307757 1.6952999 1.7131126 1.6835394 1.7210357 1.9844050 1.9399903 1.3398679 1.6832210 1.8863006 2.0227694 1.9378803 1.6762502 1.6328927 1.9412887 0.8379893 1.9428010 2.0580839 2.2905627 2.3701644 1.9706571 1.7495022 2.0347760 2.8869394 1.9545771 2.3974563 2.6049866 2.5174766 2.4003896 0.0793881 0.0895777 0.0953893 0.0000000 0.2171938 0.2171938 0.2502815 2.4035465 2.3274237 3.0323110 2.7780779 2.0497409 2.5536049 3.2500057 2.5021578 3.5981618 5.4740388 4.2970810 4.9142553 6.0650143 5.3736748 6.9674520 4.8452317 4.4974054 4.6196934 3.8574577 4.4446940 5.1065425 2.7550418 2.5112664 2.9422970 
TrH2_TrispH2_010972-RA                                 2.0884243 1.6924569 1.6947498 1.7266847 1.7364935 1.7641787 1.8539707 1.9191789 1.5086755 1.7021271 1.7180145 1.8277384 1.7075198 1.5530890 1.5674671 1.9069401 1.1075346 2.0920625 2.1505149 2.3392007 2.4462056 1.9396927 1.5530858 2.6531909 2.5011022 2.0422887 1.8771972 2.2480004 2.3396195 2.3696912 0.1902353 0.1762226 0.2138011 0.2171938 0.0000000 0.0242969 0.2763367 2.3225740 2.3849030 2.9096062 2.6415661 2.2703303 2.1396152 3.1297825 2.4325614 3.4658843 5.1404627 4.0166612 4.2645863 6.1344260 5.2659641 6.1387448 4.2250697 4.2160271 4.3005768 3.5707511 3.7705706 3.3111504 2.8712809 2.3675333 2.9191326 
Tadh_TriadT60376                                       2.1782465 1.7044211 1.7603618 1.8053975 1.7898548 1.8354249 1.8769262 1.9258213 1.5086755 1.6839197 1.7534756 1.8822695 1.7510854 1.6473466 1.6045924 2.0325179 1.1075346 2.1803661 2.2350502 2.3711023 2.5559964 1.9396927 1.6521909 2.6660064 2.5740427 2.1148550 2.0447658 2.3378535 2.3396195 2.4558884 0.2178670 0.2096655 0.2255433 0.2171938 0.0242969 0.0000000 0.2572600 2.4186226 2.4353356 2.9547897 2.7091100 2.3003165 2.2135685 3.1297825 2.4395679 3.5531120 5.1404627 4.0951928 4.3438257 6.1344260 5.2659641 6.1387448 4.2180441 4.4537091 4.5376504 3.7076528 3.8585558 3.5290547 2.9300730 2.4544237 2.9719551 
HoiH11_mRNA1886                                        1.9735954 1.9007527 1.9458005 1.9516105 2.0026353 2.1826612 2.2207060 2.2377783 1.4073800 1.9900610 1.9798108 2.2468553 2.0086176 2.0008740 1.9646599 2.3077165 0.5656864 2.2880992 2.4020809 2.3621869 2.6246665 2.0915457 1.8318976 2.4195923 2.7968082 2.1598280 2.1896266 2.5188379 2.6827330 2.8854507 0.2327844 0.2087688 0.2089591 0.2502815 0.2763367 0.2572600 0.0000000 3.0188962 2.7458453 3.4964011 2.9296473 2.7728132 2.4463906 3.2228913 2.6310494 4.7153625 5.2483653 4.6043265 4.9960729 6.3346835 5.6488851 7.4777889 5.0034433 4.9838216 5.0794647 4.4609744 4.1224490 4.2751639 3.4171814 2.7476342 2.8745480 
Aaur_scaffold233.g15.t1                                2.5164456 2.1748509 2.3685577 2.2257200 2.3037593 2.2930876 2.3331587 2.3710907 1.7837321 2.2294653 2.1794459 2.1301392 2.0458784 1.8641130 2.3334769 2.3396295 1.0654372 2.5830831 2.6749232 2.7383497 2.8101127 2.3256776 2.0277931 2.5794045 2.1419656 2.0830330 1.9889951 2.3946995 2.4226891 2.2914425 2.2991539 2.3559887 2.4693465 2.4035465 2.3225740 2.4186226 3.0188962 0.0000000 1.0147243 1.2765570 1.2047653 2.4904597 2.3118706 3.4052311 2.6375516 3.2296356 3.8189128 3.2119612 3.5969023 4.0038400 3.6998378 4.0291172 3.3023279 3.6582788 3.5982656 3.3208932 3.3159743 3.2725254 2.8488270 3.0310947 3.7025504 
Sanmal_Sma_013967-T1                                   2.3772062 2.1656225 2.1731022 2.0114715 2.0926250 2.1774647 2.2841621 2.2623236 1.7285792 1.9097207 2.1630696 2.2572761 2.1941421 1.9411189 2.1051549 2.0319048 1.2043762 2.7681625 2.6894899 2.9020201 2.8206167 2.5426598 2.0119289 2.7567536 2.5999289 2.1149116 2.2141584 2.3654233 2.2922108 2.3413937 2.3430183 2.2900669 2.2845908 2.3274237 2.3849030 2.4353356 2.7458453 1.0147243 0.0000000 1.3365461 1.3613167 2.3154654 2.1793706 3.6146855 2.6548722 2.6401790 3.5141969 3.3051895 3.5409132 3.8440512 3.5951773 3.9087165 3.4343672 3.5682409 3.5769910 4.1156598 3.4091412 2.4378480 3.3231008 2.8401034 3.2745890 
Nemnom_g12310.t1                                       2.9047448 2.7393379 2.8152404 2.5293274 2.6437740 3.0123991 2.6538719 2.7616930 1.3962309 2.4204653 2.1388804 2.1372000 2.2970503 2.2164750 2.4809845 2.3785738 1.2392131 2.5318338 2.6019362 2.7919432 2.6544538 2.4668680 2.0996377 3.4506657 2.7446252 2.2602025 2.4982921 2.5322307 2.5754532 2.4213490 3.0409986 2.8779925 2.9232421 3.0323110 2.9096062 2.9547897 3.4964011 1.2765570 1.3365461 0.0000000 0.3880961 2.6232585 2.5387500 3.3360895 2.5292813 3.0302598 4.1981620 4.1123635 4.3879148 4.1051464 4.2012607 4.5876365 3.9772223 4.0144970 4.0129491 4.5506522 3.6890022 3.5403188 2.9324722 3.0486948 3.1147514 
Rhoesc_Res_009163-T1                                   2.9221413 2.5727679 2.6608572 2.3771161 2.5258502 2.6598191 2.4785481 2.5627196 1.5724971 2.3524953 2.2095059 2.1006823 2.3386836 2.2563178 2.3333484 2.3511332 1.3578661 2.5853390 2.3669597 2.6969561 2.6039481 2.5493191 1.9399328 2.9217618 2.7457114 2.2305542 2.5165420 2.4260271 2.4608065 2.4023687 2.6732131 2.6918575 2.7550834 2.7780779 2.6415661 2.7091100 2.9296473 1.2047653 1.3613167 0.3880961 0.0000000 2.5814694 2.3815112 3.2111824 2.5648671 2.9505604 3.7786118 3.3643175 3.6230452 3.9274576 3.7938001 4.0767620 3.5799151 3.6882993 3.6257448 3.8388617 3.5200248 2.8849670 3.1139592 2.9216049 3.0125003 
Ctel_gnl_WGS_AMQN_CAPTEDRAFT_mRNA203048                2.3025332 2.2642919 2.3235683 2.1754727 2.1895614 2.4120450 2.2836415 2.2871827 1.8702330 2.2473614 2.5605484 2.8083515 2.1223784 1.9441774 2.0912491 2.0568966 1.4540056 2.4383360 2.6975542 2.7173790 3.0413606 2.0486334 1.9202850 2.9140621 2.9360929 2.2306193 2.7903391 2.6438483 2.5583760 2.6422336 2.1719234 2.1814640 2.1803307 2.0497409 2.2703303 2.3003165 2.7728132 2.4904597 2.3154654 2.6232585 2.5814694 0.0000000 2.5576090 3.5571263 2.9647624 3.3219901 3.5872667 3.7701836 3.6205108 3.9369162 3.5225927 3.8042605 3.9037946 4.2405805 4.2280057 3.3473300 3.5189754 3.8809180 2.8482530 3.0679368 3.7826512 
Hsap_ENST00000282058                                   2.0239831 2.4189712 2.4824227 2.2223730 2.3604809 2.5713177 2.7655634 2.7065730 1.5016877 2.1200765 2.2295260 2.3767545 1.8688217 1.6593328 1.7583260 2.3062830 0.8734810 2.5930768 2.6791047 2.7554126 2.9723245 2.5001373 2.1455047 2.1790867 2.1063701 1.9118688 1.8765068 2.3231700 2.3752173 2.6672676 2.1979771 2.1983787 2.3577405 2.5536049 2.1396152 2.2135685 2.4463906 2.3118706 2.1793706 2.5387500 2.3815112 2.5576090 0.0000000 2.9664874 2.5573854 4.0304168 3.3735017 3.0735878 4.0456035 3.8097122 3.4969312 3.8659977 3.3954031 3.5086695 3.4942710 3.5562770 2.9277236 3.1833850 2.6594603 2.8814643 3.7639981 
Aque_Aqu2.1.44673_001                                  2.8976297 3.2338919 3.6723062 3.3051690 3.1799109 3.3302310 3.4855331 3.5445660 2.4570076 3.2173356 3.2395391 2.5235481 4.0748363 3.2571137 3.2279828 3.1560802 1.7849221 3.8406573 3.5458468 3.9537950 4.1114070 3.1499626 3.3679149 3.3610859 3.2048646 2.1611787 2.4974536 2.6297771 2.4864544 3.2270222 3.1645586 3.1521319 3.2061421 3.2500057 3.1297825 3.1297825 3.2228913 3.4052311 3.6146855 3.3360895 3.2111824 3.5571263 2.9664874 0.0000000 0.9202375 5.0040647 3.9232536 4.0530738 4.6492201 4.9514492 4.7942766 5.6873492 4.2489046 4.5645410 4.5769235 4.2200982 3.6130714 7.3420451 3.4886278 3.9000027 4.5295708 
Halamb_c37042_g1_i2m.9702                              2.4392239 2.8618479 3.1395605 2.8671426 2.7811045 2.7251805 3.0169682 2.9994869 1.9340436 2.7312836 2.8374559 2.3787597 2.6118719 2.6440472 2.5234510 2.8081038 1.4626091 2.8599556 2.8287528 2.8839274 2.9108870 2.6420586 2.7844604 1.9361616 2.1214396 1.8741765 1.9366657 2.3456396 2.0065533 2.6002245 2.4613225 2.4573600 2.5473993 2.5021578 2.4325614 2.4395679 2.6310494 2.6375516 2.6548722 2.5292813 2.5648671 2.9647624 2.5573854 0.9202375 0.0000000 4.4424011 4.3083186 3.6647176 4.4578160 4.4986831 4.1971944 5.2053131 4.0623614 3.7729620 3.9040952 3.8067661 3.4182717 3.8896289 3.0881295 3.0295718 5.2995104 
Chem_TCONS_00003811                                    3.3682704 3.6341531 3.9411917 3.4763153 3.5515599 3.7505958 3.5324182 3.5775185 6.0112081 3.2894979 3.0310966 3.8876097 3.6696613 3.4780292 3.1514994 2.9412647 0.0000010 3.9765153 3.9289460 3.9685168 4.1749740 3.7311494 3.0556638 4.1181470 2.8244115 3.2656814 2.9198064 3.5645029 3.1359239 3.4149836 3.5045660 3.3856710 3.3856679 3.5981618 3.4658843 3.5531120 4.7153625 3.2296356 2.6401790 3.0302598 2.9505604 3.3219901 4.0304168 5.0040647 4.4424011 0.0000000 5.7825540 4.7577684 5.6630131 5.8538870 6.0149132 6.2807637 4.4389508 3.9196290 4.0684183 4.6544869 4.6793483 2.8873424 4.1947724 3.4767500 4.4709730 
Mertsp_Mesp_sb532652                                   0.0000010 4.0712913 3.7926516 3.9761016 3.7998205 4.2644320 4.3421356 4.3045735 3.2064605 4.3644041 4.4480971 4.0888795 4.2793202 3.6181477 4.4366112 3.7604698 2.9700462 4.9796549 5.0422906 5.2582352 5.4022146 4.9044830 4.4047103 0.0000010 4.6922488 3.6443587 4.4200099 4.9549084 4.9131645 4.4222322 5.1785101 5.1880264 4.9872093 5.4740388 5.1404627 5.1404627 5.2483653 3.8189128 3.5141969 4.1981620 3.7786118 3.5872667 3.3735017 3.9232536 4.3083186 5.7825540 0.0000000 0.4094346 0.5950935 0.8696832 0.8746094 1.0832266 0.8990363 0.9661406 0.9968270 1.5597731 1.4588561 8.2456452 3.7121790 4.7980622 4.9029779 
Mlei_ML0191.g30.i1                                     3.3256592 3.4705967 3.3018667 3.4062076 3.4694587 3.5158501 3.5225706 3.6355042 3.1621288 3.8130176 3.6827066 3.2497947 3.0631631 3.4441526 3.2770201 3.0883937 2.7894419 3.8374188 3.5871882 3.6290624 3.9189439 4.1699252 3.6717491 3.3495614 2.9634735 3.1416548 2.6550928 4.2098375 4.1710219 4.0233768 4.1029803 3.9635937 4.0730853 4.2970810 4.0166612 4.0951928 4.6043265 3.2119612 3.3051895 4.1123635 3.3643175 3.7701836 3.0735878 4.0530738 3.6647176 4.7577684 0.4094346 0.0000000 0.6176413 0.8663072 0.8371510 0.9655778 0.8522063 1.0996901 1.1299574 1.4647753 1.2890631 4.1693150 3.8000431 3.7789618 4.6978721 
Beraby_Baby_sb329150                                   2.9350409 4.2514481 3.6124615 4.0706564 4.0712825 4.0486837 3.9626783 3.9588192 3.9763767 4.6658148 4.2825460 3.6721178 3.6898625 3.6489824 3.7316926 3.4465607 3.0408328 4.1216148 3.9038363 3.8767249 4.1057697 4.9572416 3.7327832 2.4768628 3.1613876 3.3169413 3.0937739 3.9806937 4.4460915 4.5233364 4.4557763 4.3520717 4.2880609 4.9142553 4.2645863 4.3438257 4.9960729 3.5969023 3.5409132 4.3879148 3.6230452 3.6205108 4.0456035 4.6492201 4.4578160 5.6630131 0.5950935 0.6176413 0.0000000 0.9445182 0.9341349 0.9854158 0.9010707 1.2642012 1.2821873 1.5270472 1.4219796 3.7492506 3.7388506 4.2817513 4.8050296 
Drygla_Dgla_sb297320                                   2.3060466 4.9150316 4.5889000 4.4765633 4.7672004 4.8348929 4.4165056 4.4397141 2.9861903 4.1166911 5.4186312 5.1292019 3.8436444 3.8273693 4.8737212 3.6812813 2.7825724 4.9112892 4.5677865 4.3529261 4.3906904 4.9004573 4.9310205 1.7272499 3.2021585 3.4247698 3.3386034 4.6045093 4.6314705 4.2481545 6.0761057 5.9718272 5.6695855 6.0650143 6.1344260 6.1344260 6.3346835 4.0038400 3.8440512 4.1051464 3.9274576 3.9369162 3.8097122 4.9514492 4.4986831 5.8538870 0.8696832 0.8663072 0.9445182 0.0000000 0.0000010 0.0559286 1.1465076 1.1269516 1.1216354 1.8031721 1.7320127 6.6971467 3.1955700 5.1052703 4.2638055 
Drygla_Dgla_sb297318                                   3.5385979 4.1684772 3.8269345 3.9071984 3.9372577 3.9585907 3.7272515 3.7371065 3.3001954 3.9668203 4.2009819 4.1850590 3.6147125 3.6042174 3.9773324 3.6248626 2.7825724 4.4613435 4.1694695 3.9635071 4.2635138 4.5480676 4.4158398 2.4381479 2.5966335 2.9362004 2.6779416 3.8297614 3.9359761 4.3829089 5.2066689 5.1402785 4.9408941 5.3736748 5.2659641 5.2659641 5.6488851 3.6998378 3.5951773 4.2012607 3.7938001 3.5225927 3.4969312 4.7942766 4.1971944 6.0149132 0.8746094 0.8371510 0.9341349 0.0000010 0.0000000 0.0334495 1.0805412 1.2948762 1.2753023 1.7256266 1.6100540 4.3830397 3.2770891 5.0063536 4.9299108 
Drygla_Dgla_sb297322                                   3.5385979 4.6250400 4.1926083 4.4049673 4.2835487 4.1880341 4.0695889 4.1200823 8.9999981 4.7169406 4.6326881 4.3276331 3.9475890 4.3564067 4.3497640 3.9900851 0.0000010 5.2348730 4.7741359 4.6642258 5.1369154 5.5232243 4.8243029 2.4381479 2.4071877 3.4311093 2.5444648 4.5541712 4.5813466 5.2900660 6.0579857 5.8393107 5.8393107 6.9674520 6.1387448 6.1387448 7.4777889 4.0291172 3.9087165 4.5876365 4.0767620 3.8042605 3.8659977 5.6873492 5.2053131 6.2807637 1.0832266 0.9655778 0.9854158 0.0559286 0.0334495 0.0000000 1.1655108 1.5920156 1.5356928 1.9616513 1.7487861 4.2653153 3.9249057 5.6328533 6.5553783 
Lampan_Lpan_10932_01                                   3.0259820 3.8455097 3.5795879 3.9500176 3.8855659 3.9279795 3.9346196 4.0542867 4.4532577 3.9498025 4.0119466 3.5134781 3.4925531 3.7911195 3.5928548 3.3659471 3.5888589 4.1114541 3.6789518 4.0574099 4.2646331 4.4381550 3.9788027 3.1273540 3.0209864 3.2849157 2.6708902 3.7132846 3.9789416 4.0705676 4.2239045 4.1819325 4.3239945 4.8452317 4.2250697 4.2180441 5.0034433 3.3023279 3.4343672 3.9772223 3.5799151 3.9037946 3.3954031 4.2489046 4.0623614 4.4389508 0.8990363 0.8522063 0.9010707 1.1465076 1.0805412 1.1655108 0.0000000 1.3306364 1.3221989 1.5370944 1.3822114 3.7058977 3.9869021 4.0643867 5.0311701 
Horcal_Hcv1.av93.c2.g490.i2                            4.1172077 4.5313819 4.0026756 4.0371717 4.2581420 4.3964825 4.3869446 4.2560120 3.9150954 4.3751134 4.3334422 4.1891130 3.6974852 3.4123798 3.6661373 3.2752780 2.4820802 3.6204942 3.6004518 3.4114108 3.7662725 3.7433648 4.1375073 3.5660940 3.4096011 3.5101208 3.4236403 4.2402105 4.3665679 3.5595148 4.3530792 4.4268071 4.4417966 4.4974054 4.2160271 4.4537091 4.9838216 3.6582788 3.5682409 4.0144970 3.6882993 4.2405805 3.5086695 4.5645410 3.7729620 3.9196290 0.9661406 1.0996901 1.2642012 1.1269516 1.2948762 1.5920156 1.3306364 0.0000000 0.0654677 1.5861625 1.5205315 4.1749207 3.6538795 4.1793879 5.5994033 
Pbac_sb2659466                                         4.2691974 4.4184503 3.9280593 3.9204503 4.2273768 4.2430463 4.3382537 4.1721452 3.6642672 4.4211602 4.3354810 4.3252178 3.5942459 3.3278956 3.6666239 3.2967447 2.3270153 3.6579514 3.6348573 3.5393834 3.7281774 3.8317687 4.0955751 3.7233873 3.3293191 3.4455937 3.4198690 4.2366440 4.3563589 3.6260161 4.4851419 4.5591849 4.5001613 4.6196934 4.3005768 4.5376504 5.0794647 3.5982656 3.5769910 4.0129491 3.6257448 4.2280057 3.4942710 4.5769235 3.9040952 4.0684183 0.9968270 1.1299574 1.2821873 1.1216354 1.2753023 1.5356928 1.3221989 0.0654677 0.0000000 1.6335599 1.5222474 3.9750661 3.6433882 4.3217512 5.4226426 
Vmul_SimC390440                                        3.0401033 4.0430532 3.8577879 4.0362873 3.9144328 4.3932753 4.2019561 4.2453086 3.8145735 4.4997199 4.5028830 4.1621134 3.4661801 3.2666666 3.5695840 3.2191932 4.3875901 3.4279557 3.4357541 3.5704581 3.6026737 4.0020618 3.4633604 3.6124068 3.6973541 3.8844882 3.3766237 4.1973582 4.1836557 4.0780383 3.7029543 3.6341796 3.7281944 3.8574577 3.5707511 3.7076528 4.4609744 3.3208932 4.1156598 4.5506522 3.8388617 3.3473300 3.5562770 4.2200982 3.8067661 4.6544869 1.5597731 1.4647753 1.5270472 1.8031721 1.7256266 1.9616513 1.5370944 1.5861625 1.6335599 0.0000000 0.8466453 4.4187938 3.8200174 3.9533496 4.7583638 
Coemet_Cmet_scaffold19471_01                           2.3673459 3.8886162 3.6629206 3.8150033 3.7327058 3.8667254 3.6323224 3.8296282 3.5609007 3.9397305 3.9086425 3.7232269 3.3754963 2.7454914 3.4744388 3.3036098 3.2026324 3.5405631 3.2531144 3.5326346 3.6705254 3.7290661 3.4959199 3.5318807 3.3841199 3.6384885 3.0215246 3.9922993 3.8581473 3.6891244 3.9557012 3.8698119 3.9715513 4.4446940 3.7705706 3.8585558 4.1224490 3.3159743 3.4091412 3.6890022 3.5200248 3.5189754 2.9277236 3.6130714 3.4182717 4.6793483 1.4588561 1.2890631 1.4219796 1.7320127 1.6100540 1.7487861 1.3822114 1.5205315 1.5222474 0.8466453 0.0000000 3.7824289 3.4322670 3.8249402 5.1347790 
Hvul_g1183_1                                           2.2625480 3.1078991 3.0652047 2.8135843 2.9629911 2.8412225 3.4141315 3.0020094 3.3115162 3.0983917 3.5553893 3.5350225 2.8275173 2.9319341 2.7130914 2.7488273 8.9999988 3.2939462 3.2213718 3.7068284 3.5021693 4.2111609 3.0981053 2.0041528 2.2991266 2.9276500 2.3986018 3.2050066 4.3488564 3.2152250 3.6111563 3.5406640 3.5843383 5.1065425 3.3111504 3.5290547 4.2751639 3.2725254 2.4378480 3.5403188 2.8849670 3.8809180 3.1833850 7.3420451 3.8896289 2.8873424 8.2456452 4.1693150 3.7492506 6.6971467 4.3830397 4.2653153 3.7058977 4.1749207 3.9750661 4.4187938 3.7824289 0.0000000 4.3680826 3.8529616 5.0978578 
Opea_EP00118_Oscarella_pearsei_P005235                 3.0889841 3.1090132 3.2900105 3.1382750 3.1093427 3.2319573 3.1991169 3.2851542 2.2001558 2.7066426 2.8360931 3.1174716 2.6970604 2.7749052 2.7695175 2.8768073 1.5824439 2.4541239 2.6008338 2.8966145 2.8647326 2.6714025 2.9944286 3.0194804 2.7320971 2.3207450 2.6655867 2.5210650 2.5219975 3.1012183 2.8316206 2.7821079 2.9669158 2.7550418 2.8712809 2.9300730 3.4171814 2.8488270 3.3231008 2.9324722 3.1139592 2.8482530 2.6594603 3.4886278 3.0881295 4.1947724 3.7121790 3.8000431 3.7388506 3.1955700 3.2770891 3.9249057 3.9869021 3.6538795 3.6433882 3.8200174 3.4322670 4.3680826 0.0000000 3.6391174 4.3989703 
Cscu_XM_023370356.1                                    3.3367759 2.2374348 2.3481915 2.3675350 2.3378247 2.1479514 2.1018604 2.1116267 1.9400077 2.5751025 2.9225877 2.7077591 2.3906709 2.4623367 2.0155167 2.6922304 2.7633344 3.2807067 3.5276630 3.9148408 3.6289152 3.3229918 2.4836886 2.1290401 3.0627261 2.7547363 2.9618559 3.1149520 3.3155036 3.1309122 2.5062738 2.5211992 2.5537176 2.5112664 2.3675333 2.4544237 2.7476342 3.0310947 2.8401034 3.0486948 2.9216049 3.0679368 2.8814643 3.9000027 3.0295718 3.4767500 4.7980622 3.7789618 4.2817513 5.1052703 5.0063536 5.6328533 4.0643867 4.1793879 4.3217512 3.9533496 3.8249402 3.8529616 3.6391174 0.0000000 4.4178496 
