54
Sanmal_Sma_008888-T1                              0.0000000 1.7247898 1.7247898 1.6697522 0.0000010 0.0000010 1.8220680 0.0000010 1.9346431 2.3871722 2.0391161 2.0177062 1.7683496 2.0653609 1.9035453 9.0000000 2.0681674 1.6477248 1.8743097 2.3207659 1.9587637 2.1562288 2.1682209 2.1682209 2.1302888 1.8981805 1.7843500 2.1312568 0.0000010 3.5629090 0.0000010 2.3157285 2.3846161 1.9677445 0.0000010 1.1287193 8.9999990 2.9030927 3.0238029 3.0238029 2.9171001 2.9171001 3.7148340 4.5462295 2.0393204 2.0953250 2.1146831 2.0403156 0.0000010 2.7485003 2.1183005 0.0000010 0.0000010 1.6275063 
Nemnom_g5968.t1                                   1.7247898 0.0000000 0.0148500 0.2126649 2.2416117 2.5665405 2.0445650 1.5154402 1.7786204 1.8996755 1.7088144 1.8006791 1.7126972 1.7437131 1.6465811 1.9080279 1.9005911 1.7068134 1.8975454 2.0419328 1.9271207 1.8336335 2.0024315 2.0516473 1.9487909 1.4467611 1.5811463 1.6899596 0.8738582 2.3949788 2.2153252 2.2755917 2.4992978 2.2504794 1.8636687 1.4850813 2.2763384 2.1367493 2.1684377 2.2095073 2.1686059 2.1742685 2.3991574 2.6515483 2.6737382 2.6151774 2.7931900 2.4758082 2.4343207 2.6296983 2.6254586 2.3317388 1.8763340 2.7969539 
Nemnom_g13429.t1                                  1.7247898 0.0148500 0.0000000 0.2012947 1.6604971 1.4739768 1.7813123 1.5154402 1.6502716 1.7199621 1.5619613 1.6614621 1.5847797 1.6103748 1.4753016 1.6842512 1.7691089 1.4848642 1.6978763 1.8710689 1.7952492 1.7326125 1.8670151 1.9163478 1.7660818 1.4279149 1.4659234 1.5939349 0.9976782 2.1792537 2.2153252 2.0144070 2.2108105 1.9595796 1.5900168 1.4850813 2.1435801 1.9965547 1.9933530 2.0249181 2.0924245 2.0825435 2.1940115 2.2694480 2.4216669 2.4209439 2.4468843 2.2776054 2.1544109 2.3528622 2.3710400 1.8946997 1.6543690 2.9583731 
Rhoesc_Res_003136-T1                              1.6697522 0.2126649 0.2012947 0.0000000 1.8169750 1.6520968 1.7900708 1.6045555 1.6073269 1.5515444 1.5430584 1.6048235 1.5612664 1.6309520 1.4688655 1.6856355 1.7533047 1.4591581 1.7411962 1.9139644 1.7575026 1.7297948 1.9114800 1.9593283 1.7237404 1.4352639 1.5016761 1.5930634 0.9071791 2.1864061 2.1341275 1.9727617 2.1850570 2.0041173 1.6926389 1.4631170 2.2181743 1.9414818 1.9554626 1.9714765 2.0795312 2.0976240 2.1929632 2.3127951 2.3811067 2.3725435 2.3938973 2.1728338 2.1782663 2.2466913 2.1959847 1.8629657 1.6545597 2.8974842 
Opea_EP00118_Oscarella_pearsei_P011432            0.0000010 2.2416117 1.6604971 1.8169750 0.0000000 0.1579800 0.1303035 1.0824574 1.6599385 1.9138776 1.5327315 1.5272823 1.7353821 1.8095638 1.5616094 1.7605547 1.7451981 1.6365324 1.5395762 1.6954019 1.6476002 1.7485709 2.0964220 2.2052870 1.6722908 1.4976041 1.3916026 1.9109421 1.6072534 1.5463184 1.7842290 1.6471585 1.5633455 1.3783756 1.9997830 0.5900005 2.0581107 2.1630719 1.9173310 1.9173310 2.0733813 2.0715491 2.0188841 1.9726749 2.2758272 2.4216953 2.4532941 2.4580096 2.2008224 2.4223698 2.1678076 1.9075949 1.3488387 3.0823996 
Opea_EP00118_Oscarella_pearsei_P011434            0.0000010 2.5665405 1.4739768 1.6520968 0.1579800 0.0000000 0.1670621 1.0824574 1.7416324 1.8397070 1.6548013 1.7837914 1.7081129 1.7148851 1.7525559 2.0249018 2.0249018 1.5725508 1.6495018 1.5982322 1.6016353 1.5227066 2.0746483 2.2480812 1.5883764 2.1574213 1.6235187 2.0780037 1.7817441 1.8862357 1.7842290 1.6255763 1.7114145 1.4116093 5.9018967 0.5900005 2.4339124 2.6202941 2.4721502 2.4721502 2.6369417 2.5898818 1.8167653 1.7487017 2.2947938 2.4653858 2.6392049 2.7020473 2.4777369 2.2069989 2.1995627 2.0178232 2.0681872 3.8061527 
Opea_EP00118_Oscarella_pearsei_P011433            1.8220680 2.0445650 1.7813123 1.7900708 0.1303035 0.1670621 0.0000000 1.6069263 1.6471545 1.7378680 1.3739465 1.3847839 1.5347505 1.5753540 1.5365751 1.7844203 1.6048551 1.5243494 1.4817789 1.5239687 1.4003365 1.4709958 1.7082870 1.7551529 1.5210489 1.5938464 1.7215926 1.7923430 1.7164523 1.9414034 2.3593936 1.8412753 1.9331429 1.6637966 1.9042394 2.7296012 2.3557474 2.2244002 2.2780808 2.2780081 2.3971173 2.3598843 2.2229335 2.2034125 2.0923237 2.0726963 2.0743222 2.1335819 2.2593300 2.4278994 2.1007572 2.1012641 0.9570871 2.9387501 
Nvec_v1g5290                                      0.0000010 1.5154402 1.5154402 1.6045555 1.0824574 1.0824574 1.6069263 0.0000000 0.0108989 0.9045224 1.0645676 1.1945194 1.0733856 1.1117661 1.0860213 1.0643097 1.2362352 0.9759432 1.2739904 1.2680124 1.1296025 1.1574428 1.1277647 1.1277647 1.1779211 1.1490965 1.4983269 1.6581639 1.3454617 1.5552286 2.6902171 2.6562408 2.6119008 2.4935283 9.0000000 1.8359339 3.2677794 3.1576568 3.1134040 3.1610587 3.3196606 3.3196606 1.9648653 2.3439833 2.4353457 2.3453976 2.9841862 2.2139773 2.9421184 2.4005972 2.7723906 1.9036477 1.4380098 3.9854636 
Nvec_v1g227966                                    1.9346431 1.7786204 1.6502716 1.6073269 1.6599385 1.7416324 1.6471545 0.0108989 0.0000000 0.9752374 0.9995519 1.0005876 0.9645390 0.9943633 0.9970604 1.1048951 1.0928888 1.2044253 1.3282918 1.5351294 1.5191463 1.4221181 1.4091592 1.3994354 1.4422864 1.2696414 1.4511325 1.5202104 1.3269979 1.7723367 2.6667716 1.7132720 1.7625488 1.8362462 2.8992260 2.1528033 2.4902209 2.2430398 2.2006169 2.2100653 2.1171081 2.1248810 2.1420536 2.3803390 2.2614608 2.2151978 2.3530588 2.1043457 2.2874562 2.1470475 2.3830446 2.2610978 1.3150643 2.5132568 
Exapal_XM_021058251.1                             2.3871722 1.8996755 1.7199621 1.5515444 1.9138776 1.8397070 1.7378680 0.9045224 0.9752374 0.0000000 1.0766459 1.0563286 1.1415780 1.1642225 1.1026858 1.0823666 1.0649945 1.2937128 1.4989851 1.4477701 1.5589034 1.4531128 1.7114066 1.7127127 1.4567051 1.2936388 1.3950698 1.6376042 1.4093622 1.7607731 2.5961177 1.9617850 2.0248415 1.9335798 2.6921683 2.2280959 2.3545569 2.1270559 2.1823962 2.1600951 2.2255444 2.2450593 2.1457719 2.4853830 2.2661892 2.1698172 2.3532398 2.1351918 2.4279718 2.3786507 2.2050739 2.2309686 1.8230033 2.9576214 
Fspp_ffun1.m4.8311.m1                             2.0391161 1.7088144 1.5619613 1.5430584 1.5327315 1.6548013 1.3739465 1.0645676 0.9995519 1.0766459 0.0000000 0.1700385 0.2765273 0.3228525 0.3116972 0.5927907 0.4629661 1.1074229 1.2508744 1.3329144 1.4503756 1.2488892 1.3545955 1.3398570 1.3699782 1.3342662 1.2889510 1.5218801 1.2944030 1.7822401 2.4123484 1.8053670 1.8322351 1.7234841 1.6354444 2.1572548 2.4443401 2.0518933 2.1283416 2.1519432 2.0286138 2.0463270 1.9191910 1.8724981 1.9535871 1.9774762 2.0118513 2.2404719 2.2036612 2.0736099 2.2424348 2.0303414 1.1393634 2.5156838 
Gasp_gasp1.m3.13556.m1                            2.0177062 1.8006791 1.6614621 1.6048235 1.5272823 1.7837914 1.3847839 1.1945194 1.0005876 1.0563286 0.1700385 0.0000000 0.3297006 0.3671037 0.3179888 0.5760567 0.4555974 1.1463398 1.3033788 1.3738582 1.4856933 1.2680446 1.2865030 1.2980763 1.3728754 1.3262744 1.3527267 1.5866873 1.4383962 1.8468387 2.3861397 1.8077442 1.8756238 1.7218653 1.5640349 2.0930408 2.4400882 2.0583292 2.1091272 2.1327311 2.0399275 2.0558730 1.9553611 1.8988006 2.0812162 2.0865813 2.1414136 2.3295763 2.1820727 2.2051352 2.3309162 2.0935452 1.1765533 2.5395860 
Pocdam_XM_027190306.1                             1.7683496 1.7126972 1.5847797 1.5612664 1.7353821 1.7081129 1.5347505 1.0733856 0.9645390 1.1415780 0.2765273 0.3297006 0.0000000 0.1584643 0.3852586 0.6478299 0.5615382 1.0860760 1.2516308 1.3871012 1.5512433 1.2638544 1.4155065 1.4151447 1.3228946 1.2990572 1.3604386 1.4766975 1.2425052 1.8542191 2.3943313 1.8814245 1.9382863 1.7792495 1.6267097 1.8279546 2.3675105 1.9985732 1.9683553 1.9841448 1.9672275 1.9843776 2.0002535 1.7914334 2.1387098 2.1053950 2.0877035 2.2907125 2.2328817 2.1933512 2.3066228 2.1611346 1.3061875 2.6524854 
Spis_XP_022793622_1                               2.0653609 1.7437131 1.6103748 1.6309520 1.8095638 1.7148851 1.5753540 1.1117661 0.9943633 1.1642225 0.3228525 0.3671037 0.1584643 0.0000000 0.4698851 0.7205119 0.6067599 1.1179537 1.1932171 1.4396021 1.6109460 1.3397524 1.4421506 1.4387380 1.3845735 1.2965160 1.3122242 1.4210245 1.2794772 1.8535984 2.3911995 1.7867512 1.8912536 1.8431916 1.5856412 1.8878221 2.3811366 2.0428167 2.0440073 2.0703213 2.0418331 2.0597070 2.0418551 1.8333391 2.2066733 2.1968289 2.1855324 2.3778653 2.3840483 2.1359013 2.3763697 2.2866375 1.2714391 2.6625541 
Gfas_gfas1.m1.16157.m1                            1.9035453 1.6465811 1.4753016 1.4688655 1.5616094 1.7525559 1.5365751 1.0860213 0.9970604 1.1026858 0.3116972 0.3179888 0.3852586 0.4698851 0.0000000 0.5345993 0.4476053 1.0601455 1.2998517 1.4469312 1.5516113 1.3790312 1.4363092 1.4359451 1.3704249 1.3929808 1.3968802 1.5459949 1.3480241 1.7175657 2.5173800 1.8714498 1.8972204 1.6878202 1.7214111 2.1309001 2.4429869 2.0491676 2.1430494 2.1641874 2.0759417 2.0941710 2.0634140 1.9064805 1.9946801 2.0363669 2.0664600 2.2425751 1.9981552 2.1803417 2.3564653 2.0191596 1.3066723 2.4800280 
Adig_XM_015907513.1                               9.0000000 1.9080279 1.6842512 1.6856355 1.7605547 2.0249018 1.7844203 1.0643097 1.1048951 1.0823666 0.5927907 0.5760567 0.6478299 0.7205119 0.5345993 0.0000000 0.0157780 1.3913909 1.5751382 1.6057715 2.0222178 1.7653797 1.9167107 1.9142513 1.6936077 1.5294614 1.5368497 1.6754085 1.4516017 1.8202741 3.4416465 1.9175715 1.8469891 2.0374932 2.0765434 0.5900005 1.8845597 1.7657276 1.8972187 1.8833304 1.9271699 1.9558504 2.0359156 2.2172066 2.2192947 2.1496323 2.0886839 2.3397959 2.2812485 2.0056536 2.6951756 2.2102877 1.7068577 3.5986058 
Amil_Amillepora01065-RA                           2.0681674 1.9005911 1.7691089 1.7533047 1.7451981 2.0249018 1.6048551 1.2362352 1.0928888 1.0649945 0.4629661 0.4555974 0.5615382 0.6067599 0.4476053 0.0157780 0.0000000 1.1625088 1.2964776 1.4169514 1.5761295 1.4576868 1.5541893 1.5571405 1.4820009 1.3583208 1.4630608 1.6204710 1.4061578 1.8406268 2.6878698 1.8926591 1.8975509 1.9190880 2.0109071 2.1980271 2.4805205 2.1134601 2.2154482 2.2159776 2.1815320 2.2007969 2.2397519 2.2817141 2.1388984 2.0833002 2.1323869 2.3482672 2.2565695 2.1240197 2.5371256 2.1641933 1.7013236 2.6314990 
Skow_XM_002741505.2                               1.6477248 1.7068134 1.4848642 1.4591581 1.6365324 1.5725508 1.5243494 0.9759432 1.2044253 1.2937128 1.1074229 1.1463398 1.0860760 1.1179537 1.0601455 1.3913909 1.1625088 0.0000000 1.1764538 1.2931215 1.2481250 1.2239112 1.5179629 1.4794116 1.4206181 1.4064131 1.4763173 1.5025629 1.3120026 1.9137900 2.7936463 2.0571960 2.1769718 1.7115152 1.6862163 2.0099330 2.4262531 2.2676320 2.3094298 2.3283664 2.2197166 2.2067267 2.1695603 2.2589623 2.4061132 2.4218627 2.4536926 2.5134904 2.5333436 2.4797504 2.4889453 2.2417259 1.8444624 2.4690707 
Bralan_BLAG08001225_1                             1.8743097 1.8975454 1.6978763 1.7411962 1.5395762 1.6495018 1.4817789 1.2739904 1.3282918 1.4989851 1.2508744 1.3033788 1.2516308 1.1932171 1.2998517 1.5751382 1.2964776 1.1764538 0.0000000 1.2297655 1.3640602 1.3888778 1.3940944 1.3575472 1.3028894 1.5382646 1.7154223 1.5248714 1.3898750 1.8861204 2.8514127 2.0350714 2.1069250 1.6311511 3.1858492 2.3191007 2.2232329 1.9856024 2.0881722 2.0877872 2.0733810 2.0911882 2.0064415 2.2368743 2.3268608 2.3348627 2.5149435 2.6927077 2.7256544 2.8315281 2.5854070 2.8443920 1.8346020 2.6606867 
Ctel_gnl_WGS_AMQN_CAPTEDRAFT_mRNA122343           2.3207659 2.0419328 1.8710689 1.9139644 1.6954019 1.5982322 1.5239687 1.2680124 1.5351294 1.4477701 1.3329144 1.3738582 1.3871012 1.4396021 1.4469312 1.6057715 1.4169514 1.2931215 1.2297655 0.0000000 0.8727062 0.8205404 1.6222956 1.6193268 1.5827118 1.6655134 1.7937328 1.8159870 1.4709026 1.7157197 2.2186049 2.1131437 2.1922699 1.6963891 2.0854164 2.6264214 2.6483912 2.3848678 2.5006265 2.4876068 2.2528166 2.2759073 2.2811125 2.6886405 2.2698271 2.3172532 2.3382815 2.4410983 2.4240262 2.6239623 2.3125757 2.4841608 1.9889933 2.7473452 
Acagra_model.g27236.t1                            1.9587637 1.9271207 1.7952492 1.7575026 1.6476002 1.6016353 1.4003365 1.1296025 1.5191463 1.5589034 1.4503756 1.4856933 1.5512433 1.6109460 1.5516113 2.0222178 1.5761295 1.2481250 1.3640602 0.8727062 0.0000000 0.6685519 1.6106325 1.6294414 1.5736894 1.5012253 1.7500272 1.9267027 1.5439980 1.5091330 2.3295825 2.2723511 2.3715321 1.7314661 2.0721441 2.1941641 2.5614364 2.1963935 2.3455527 2.3337712 2.2688072 2.2581001 2.4788849 2.7394683 2.4963124 2.4691184 2.5620888 2.5378401 2.7559360 2.9731736 2.5976035 2.6293486 2.5170079 2.7584429 
Cgig_XM_011453049.3                               2.1562288 1.8336335 1.7326125 1.7297948 1.7485709 1.5227066 1.4709958 1.1574428 1.4221181 1.4531128 1.2488892 1.2680446 1.2638544 1.3397524 1.3790312 1.7653797 1.4576868 1.2239112 1.3888778 0.8205404 0.6685519 0.0000000 1.6595322 1.6710567 1.4013707 1.3880804 1.5771051 1.7333979 1.5868872 1.6273723 2.8176638 2.2257537 2.2413916 1.7065922 1.9946431 2.4420451 2.7041738 2.3481920 2.4265807 2.4104589 2.3544477 2.3465670 2.3289246 2.6704380 2.3357514 2.3154682 2.3580308 2.3824554 2.6396383 2.7533061 2.3708613 2.5636032 2.0149924 3.0668137 
Spur_XM_030992494.1                               2.1682209 2.0024315 1.8670151 1.9114800 2.0964220 2.0746483 1.7082870 1.1277647 1.4091592 1.7114066 1.3545955 1.2865030 1.4155065 1.4421506 1.4363092 1.9167107 1.5541893 1.5179629 1.3940944 1.6222956 1.6106325 1.6595322 0.0000000 0.0386685 1.5944277 1.6911188 1.7448865 1.6858775 1.6120360 2.3719742 2.9207209 2.2377510 2.3300634 2.0019336 3.4280167 2.5542636 2.7159717 2.2765585 2.3565420 2.3381732 2.1388753 2.1547959 2.4064094 2.3430203 2.5499936 2.5216058 2.6344192 2.5523375 2.6554417 2.6548042 2.9152429 2.8021917 1.8621720 3.1324527 
Spur_XM_030985385.1                               2.1682209 2.0516473 1.9163478 1.9593283 2.2052870 2.2480812 1.7551529 1.1277647 1.3994354 1.7127127 1.3398570 1.2980763 1.4151447 1.4387380 1.4359451 1.9142513 1.5571405 1.4794116 1.3575472 1.6193268 1.6294414 1.6710567 0.0386685 0.0000000 1.5976183 1.6943696 1.7417854 1.6912696 1.6368809 2.3275533 2.8452151 2.1905612 2.3242240 2.0038398 3.4280167 2.5542636 2.6874087 2.2585311 2.3357557 2.3175372 2.1048461 2.1204815 2.4071336 2.3173224 2.5343515 2.5012400 2.6227032 2.5636181 2.6770265 2.6263181 2.8983657 2.8786738 1.8899055 3.1714019 
Hsap_ENST00000373538                              2.1302888 1.9487909 1.7660818 1.7237404 1.6722908 1.5883764 1.5210489 1.1779211 1.4422864 1.4567051 1.3699782 1.3728754 1.3228946 1.3845735 1.3704249 1.6936077 1.4820009 1.4206181 1.3028894 1.5827118 1.5736894 1.4013707 1.5944277 1.5976183 0.0000000 1.7682416 1.8862835 1.7641875 1.5170835 1.8010255 2.8057371 2.1603443 2.1887089 1.7154720 3.1439206 2.7533962 2.5482613 2.2841852 2.3430767 2.3390997 2.2897227 2.2955387 2.1969064 2.2451498 2.3767535 2.3227058 2.5197129 2.3995456 2.2109008 2.4055390 2.4958956 2.4758314 2.0279664 3.1647015 
Dgig_XM_028535382.1                               1.8981805 1.4467611 1.4279149 1.4352639 1.4976041 2.1574213 1.5938464 1.1490965 1.2696414 1.2936388 1.3342662 1.3262744 1.2990572 1.2965160 1.3929808 1.5294614 1.3583208 1.4064131 1.5382646 1.6655134 1.5012253 1.3880804 1.6911188 1.6943696 1.7682416 0.0000000 0.6317607 1.4298577 1.4175339 1.9885783 2.6110440 1.9306889 2.0462779 1.8818062 1.7755582 2.1048204 2.0859788 2.0119930 2.0470232 2.0349882 2.0712597 2.0832133 2.1435395 2.3325115 2.1635216 2.1190842 2.1904753 2.2520662 2.1174119 2.4089682 2.3977910 2.1436497 1.2961822 2.7261647 
Xesp_013088-T1                                    1.7843500 1.5811463 1.4659234 1.5016761 1.3916026 1.6235187 1.7215926 1.4983269 1.4511325 1.3950698 1.2889510 1.3527267 1.3604386 1.3122242 1.3968802 1.5368497 1.4630608 1.4763173 1.7154223 1.7937328 1.7500272 1.5771051 1.7448865 1.7417854 1.8862835 0.6317607 0.0000000 1.6149633 1.5689972 2.2162525 2.7130917 1.8981610 2.0008645 1.8170988 3.2579980 2.4248304 2.2394261 1.9790749 1.9788755 1.9776190 1.9825288 1.9978582 2.0113711 2.3042990 2.5237903 2.5249969 2.5032679 2.7011499 2.4433160 2.5973024 2.5657240 2.3443637 1.4664551 2.8199122 
Morvir_scaffold184.g29.t1                         2.1312568 1.6899596 1.5939349 1.5930634 1.9109421 2.0780037 1.7923430 1.6581639 1.5202104 1.6376042 1.5218801 1.5866873 1.4766975 1.4210245 1.5459949 1.6754085 1.6204710 1.5025629 1.5248714 1.8159870 1.9267027 1.7333979 1.6858775 1.6912696 1.7641875 1.4298577 1.6149633 0.0000000 1.3471413 2.2407841 2.8902415 1.8663545 1.9147151 1.7851591 2.7818964 2.1658438 2.1732250 2.0004988 2.0063268 1.9907448 1.9685263 1.9855689 2.3558457 2.3384750 2.1848689 2.1941545 2.1621848 2.1466212 2.2299609 2.1702620 2.2979291 2.0952253 1.5379710 2.8749200 
Sanmal_Sma_008887-T1                              0.0000010 0.8738582 0.9976782 0.9071791 1.6072534 1.7817441 1.7164523 1.3454617 1.3269979 1.4093622 1.2944030 1.4383962 1.2425052 1.2794772 1.3480241 1.4516017 1.4061578 1.3120026 1.3898750 1.4709026 1.5439980 1.5868872 1.6120360 1.6368809 1.5170835 1.4175339 1.5689972 1.3471413 0.0000000 1.6753579 2.7749229 2.3513088 2.3810390 2.1370286 0.0000010 0.1830321 1.9592999 1.9838327 1.8939887 1.8850776 1.7983815 1.8162915 1.8743597 1.7911168 1.8762641 1.9030006 1.8476275 1.9496491 2.0370057 2.1601453 2.0914661 1.5646524 1.3609524 3.2827939 
Cscu_XM_023364069.1                               3.5629090 2.3949788 2.1792537 2.1864061 1.5463184 1.8862357 1.9414034 1.5552286 1.7723367 1.7607731 1.7822401 1.8468387 1.8542191 1.8535984 1.7175657 1.8202741 1.8406268 1.9137900 1.8861204 1.7157197 1.5091330 1.6273723 2.3719742 2.3275533 1.8010255 1.9885783 2.2162525 2.2407841 1.6753579 0.0000000 3.1228461 2.6715422 2.7351639 2.1745178 2.4586001 3.4005391 2.7026000 2.4938216 2.5159080 2.4913589 2.4201955 2.4521240 2.9220489 3.0897034 2.6022211 2.5634148 2.7453557 2.6398531 2.3779873 2.7913227 2.7882939 2.3606291 2.3231518 3.7041532 
Spolac_c99442_g1_i1_m.19680c99442-g1              0.0000010 2.2153252 2.2153252 2.1341275 1.7842290 1.7842290 2.3593936 2.6902171 2.6667716 2.5961177 2.4123484 2.3861397 2.3943313 2.3911995 2.5173800 3.4416465 2.6878698 2.7936463 2.8514127 2.2186049 2.3295825 2.8176638 2.9207209 2.8452151 2.8057371 2.6110440 2.7130917 2.8902415 2.7749229 3.1228461 0.0000000 0.0926000 0.3166630 1.2536406 9.0000000 3.3398673 3.4494117 3.5283868 3.3071800 3.4432008 3.1733929 3.1733929 2.1720835 2.3974013 2.6413545 2.5393429 3.0657888 2.9706890 2.3360378 3.1774824 3.5766090 5.2897748 8.9999982 6.4734529 
Spolac_c99442_g1_i3_m.19681c99442-g1              2.3157285 2.2755917 2.0144070 1.9727617 1.6471585 1.6255763 1.8412753 2.6562408 1.7132720 1.9617850 1.8053670 1.8077442 1.8814245 1.7867512 1.8714498 1.9175715 1.8926591 2.0571960 2.0350714 2.1131437 2.2723511 2.2257537 2.2377510 2.1905612 2.1603443 1.9306889 1.8981610 1.8663545 2.3513088 2.6715422 0.0926000 0.0000000 0.2024447 0.9430483 4.1826969 2.9409002 2.7907632 2.3822380 2.3952680 2.4106787 2.2052127 2.2249128 2.3643812 2.4907664 2.3504162 2.3584740 2.4480535 2.6692927 2.6176425 2.5111537 2.7385689 2.4708788 2.5979725 2.8060322 
Emue_Em0014g633a.t1                               2.3846161 2.4992978 2.2108105 2.1850570 1.5633455 1.7114145 1.9331429 2.6119008 1.7625488 2.0248415 1.8322351 1.8756238 1.9382863 1.8912536 1.8972204 1.8469891 1.8975509 2.1769718 2.1069250 2.1922699 2.3715321 2.2413916 2.3300634 2.3242240 2.1887089 2.0462779 2.0008645 1.9147151 2.3810390 2.7351639 0.3166630 0.2024447 0.0000000 0.9634781 3.4968733 3.1383506 2.8007428 2.4767187 2.4443715 2.4600938 2.2957410 2.2845010 2.3525503 2.5023125 2.4388983 2.4518464 2.4243997 2.7770786 2.7358528 2.7386698 2.8914326 2.6049735 2.7752364 2.7179262 
Stycar_maker-SC_scaffold7225-snap-gene-0.3-mRNA-1 1.9677445 2.2504794 1.9595796 2.0041173 1.3783756 1.4116093 1.6637966 2.4935283 1.8362462 1.9335798 1.7234841 1.7218653 1.7792495 1.8431916 1.6878202 2.0374932 1.9190880 1.7115152 1.6311511 1.6963891 1.7314661 1.7065922 2.0019336 2.0038398 1.7154720 1.8818062 1.8170988 1.7851591 2.1370286 2.1745178 1.2536406 0.9430483 0.9634781 0.0000000 2.1610976 2.6014801 2.3259575 2.2394378 2.1846556 2.1444111 2.1455557 2.1273270 2.1855536 2.0781559 2.1467790 2.2006379 2.1679242 2.3305030 2.1888622 2.3966223 2.7157464 1.7073854 1.3080069 2.5065762 
Sanmal_Sma_008884-T1                              0.0000010 1.8636687 1.5900168 1.6926389 1.9997830 5.9018967 1.9042394 9.0000000 2.8992260 2.6921683 1.6354444 1.5640349 1.6267097 1.5856412 1.7214111 2.0765434 2.0109071 1.6862163 3.1858492 2.0854164 2.0721441 1.9946431 3.4280167 3.4280167 3.1439206 1.7755582 3.2579980 2.7818964 0.0000010 2.4586001 9.0000000 4.1826969 3.4968733 2.1610976 0.0000000 0.0000010 1.4209004 1.5092714 1.6332865 1.6916564 1.6809113 1.6923322 2.0221101 2.2297324 3.2358011 3.2780896 3.0120452 2.2957512 3.0386091 2.8044219 2.7102091 2.1959882 2.0755878 4.0582602 
Sanmal_Sma_008885-T1                              1.1287193 1.4850813 1.4850813 1.4631170 0.5900005 0.5900005 2.7296012 1.8359339 2.1528033 2.2280959 2.1572548 2.0930408 1.8279546 1.8878221 2.1309001 0.5900005 2.1980271 2.0099330 2.3191007 2.6264214 2.1941641 2.4420451 2.5542636 2.5542636 2.7533962 2.1048204 2.4248304 2.1658438 0.1830321 3.4005391 3.3398673 2.9409002 3.1383506 2.6014801 0.0000010 0.0000000 4.7814263 3.4372357 2.9624110 2.9624110 3.0901571 3.0901571 3.2941399 3.0552912 2.6298038 2.6408719 2.8259130 2.6120982 1.9048518 2.6912654 2.8804712 0.0000010 0.0000010 3.2580290 
HoiH23_PlH23_003489-RA                            8.9999990 2.2763384 2.1435801 2.2181743 2.0581107 2.4339124 2.3557474 3.2677794 2.4902209 2.3545569 2.4443401 2.4400882 2.3675105 2.3811366 2.4429869 1.8845597 2.4805205 2.4262531 2.2232329 2.6483912 2.5614364 2.7041738 2.7159717 2.6874087 2.5482613 2.0859788 2.2394261 2.1732250 1.9592999 2.7026000 3.4494117 2.7907632 2.8007428 2.3259575 1.4209004 4.7814263 0.0000000 0.1809691 0.2538555 0.2528258 0.5887292 0.5740738 2.4161000 2.3503247 2.4927452 2.5180927 2.6683811 2.8627427 2.5143083 2.9733358 2.4820498 2.1497946 1.8969002 4.6222675 
HoiH06_mRNA12695                                  2.9030927 2.1367493 1.9965547 1.9414818 2.1630719 2.6202941 2.2244002 3.1576568 2.2430398 2.1270559 2.0518933 2.0583292 1.9985732 2.0428167 2.0491676 1.7657276 2.1134601 2.2676320 1.9856024 2.3848678 2.1963935 2.3481920 2.2765585 2.2585311 2.2841852 2.0119930 1.9790749 2.0004988 1.9838327 2.4938216 3.5283868 2.3822380 2.4767187 2.2394378 1.5092714 3.4372357 0.1809691 0.0000000 0.1631184 0.1664559 0.3737978 0.3733990 2.5101393 2.2759170 2.4430762 2.4543493 2.6732831 2.8341548 2.4361904 2.7602301 2.5606702 2.0821533 1.8854732 3.8588648 
Hhon_g02240.t1                                    3.0238029 2.1684377 1.9933530 1.9554626 1.9173310 2.4721502 2.2780808 3.1134040 2.2006169 2.1823962 2.1283416 2.1091272 1.9683553 2.0440073 2.1430494 1.8972187 2.2154482 2.3094298 2.0881722 2.5006265 2.3455527 2.4265807 2.3565420 2.3357557 2.3430767 2.0470232 1.9788755 2.0063268 1.8939887 2.5159080 3.3071800 2.3952680 2.4443715 2.1846556 1.6332865 2.9624110 0.2538555 0.1631184 0.0000000 0.0062124 0.4006553 0.3904557 2.5651829 2.2344327 2.4721855 2.4822638 2.6574903 2.6812654 2.3437570 2.7670175 2.5051685 2.2483139 1.9025007 3.7099631 
HoiH04_mRNA5771                                   3.0238029 2.2095073 2.0249181 1.9714765 1.9173310 2.4721502 2.2780081 3.1610587 2.2100653 2.1600951 2.1519432 2.1327311 1.9841448 2.0703213 2.1641874 1.8833304 2.2159776 2.3283664 2.0877872 2.4876068 2.3337712 2.4104589 2.3381732 2.3175372 2.3390997 2.0349882 1.9776190 1.9907448 1.8850776 2.4913589 3.4432008 2.4106787 2.4600938 2.1444111 1.6916564 2.9624110 0.2528258 0.1664559 0.0062124 0.0000000 0.4049965 0.3947872 2.5961990 2.2556547 2.5157554 2.5260245 2.7126676 2.7189506 2.3942047 2.7354132 2.5304048 2.2562885 1.9133803 3.8168052 
TrH2_TrispH2_010231-RA                            2.9171001 2.1686059 2.0924245 2.0795312 2.0733813 2.6369417 2.3971173 3.3196606 2.1171081 2.2255444 2.0286138 2.0399275 1.9672275 2.0418331 2.0759417 1.9271699 2.1815320 2.2197166 2.0733810 2.2528166 2.2688072 2.3544477 2.1388753 2.1048461 2.2897227 2.0712597 1.9825288 1.9685263 1.7983815 2.4201955 3.1733929 2.2052127 2.2957410 2.1455557 1.6809113 3.0901571 0.5887292 0.3737978 0.4006553 0.4049965 0.0000000 0.0061714 2.3238119 2.0547272 2.3524315 2.3715415 2.5064802 2.6482972 2.4053063 2.6099549 2.4544110 2.0168423 1.9037947 3.3986003 
Tadh_TriadT58524                                  2.9171001 2.1742685 2.0825435 2.0976240 2.0715491 2.5898818 2.3598843 3.3196606 2.1248810 2.2450593 2.0463270 2.0558730 1.9843776 2.0597070 2.0941710 1.9558504 2.2007969 2.2067267 2.0911882 2.2759073 2.2581001 2.3465670 2.1547959 2.1204815 2.2955387 2.0832133 1.9978582 1.9855689 1.8162915 2.4521240 3.1733929 2.2249128 2.2845010 2.1273270 1.6923322 3.0901571 0.5740738 0.3733990 0.3904557 0.3947872 0.0061714 0.0000000 2.3375388 2.0371058 2.3675749 2.3868641 2.5255874 2.6580244 2.3825594 2.6539235 2.4766575 2.0720831 1.9316264 3.3783275 
Gracom_Gcom_C551252_01                            3.7148340 2.3991574 2.1940115 2.1929632 2.0188841 1.8167653 2.2229335 1.9648653 2.1420536 2.1457719 1.9191910 1.9553611 2.0002535 2.0418551 2.0634140 2.0359156 2.2397519 2.1695603 2.0064415 2.2811125 2.4788849 2.3289246 2.4064094 2.4071336 2.1969064 2.1435395 2.0113711 2.3558457 1.8743597 2.9220489 2.1720835 2.3643812 2.3525503 2.1855536 2.0221101 3.2941399 2.4161000 2.5101393 2.5651829 2.5961990 2.3238119 2.3375388 0.0000000 1.0664187 2.5686362 2.5851415 2.6794138 2.6086260 2.4005835 2.8413998 2.7156348 2.2213923 2.4791504 4.1731917 
Lcom_lcpid42128                                   4.5462295 2.6515483 2.2694480 2.3127951 1.9726749 1.7487017 2.2034125 2.3439833 2.3803390 2.4853830 1.8724981 1.8988006 1.7914334 1.8333391 1.9064805 2.2172066 2.2817141 2.2589623 2.2368743 2.6886405 2.7394683 2.6704380 2.3430203 2.3173224 2.2451498 2.3325115 2.3042990 2.3384750 1.7911168 3.0897034 2.3974013 2.4907664 2.5023125 2.0781559 2.2297324 3.0552912 2.3503247 2.2759170 2.2344327 2.2556547 2.0547272 2.0371058 1.0664187 0.0000000 2.4459210 2.4487390 2.5906601 2.5081891 2.1735715 2.7927502 2.6951490 2.5010472 2.3504624 4.1098760 
Horcal_Hcv1.av93.c9.g193.i1                       2.0393204 2.6737382 2.4216669 2.3811067 2.2758272 2.2947938 2.0923237 2.4353457 2.2614608 2.2661892 1.9535871 2.0812162 2.1387098 2.2066733 1.9946801 2.2192947 2.1388984 2.4061132 2.3268608 2.2698271 2.4963124 2.3357514 2.5499936 2.5343515 2.3767535 2.1635216 2.5237903 2.1848689 1.8762641 2.6022211 2.6413545 2.3504162 2.4388983 2.1467790 3.2358011 2.6298038 2.4927452 2.4430762 2.4721855 2.5157554 2.3524315 2.3675749 2.5686362 2.4459210 0.0000000 0.0487455 0.0450043 0.8885051 0.9690358 0.9803524 1.2454326 0.9590273 2.3942327 3.3903417 
Pbac_sb2651358                                    2.0953250 2.6151774 2.4209439 2.3725435 2.4216953 2.4653858 2.0726963 2.3453976 2.2151978 2.1698172 1.9774762 2.0865813 2.1053950 2.1968289 2.0363669 2.1496323 2.0833002 2.4218627 2.3348627 2.3172532 2.4691184 2.3154682 2.5216058 2.5012400 2.3227058 2.1190842 2.5249969 2.1941545 1.9030006 2.5634148 2.5393429 2.3584740 2.4518464 2.2006379 3.2780896 2.6408719 2.5180927 2.4543493 2.4822638 2.5260245 2.3715415 2.3868641 2.5851415 2.4487390 0.0487455 0.0000000 0.0514421 0.8691908 0.9845804 0.9817202 1.2563491 1.0046109 2.4606227 3.3716101 
Pbac_sb2658603                                    2.1146831 2.7931900 2.4468843 2.3938973 2.4532941 2.6392049 2.0743222 2.9841862 2.3530588 2.3532398 2.0118513 2.1414136 2.0877035 2.1855324 2.0664600 2.0886839 2.1323869 2.4536926 2.5149435 2.3382815 2.5620888 2.3580308 2.6344192 2.6227032 2.5197129 2.1904753 2.5032679 2.1621848 1.8476275 2.7453557 3.0657888 2.4480535 2.4243997 2.1679242 3.0120452 2.8259130 2.6683811 2.6732831 2.6574903 2.7126676 2.5064802 2.5255874 2.6794138 2.5906601 0.0450043 0.0514421 0.0000000 0.8156143 0.9948435 0.9595218 1.2616604 0.9539086 2.3904597 3.4740088 
Lampan_Lpan_C415971_01                            2.0403156 2.4758082 2.2776054 2.1728338 2.4580096 2.7020473 2.1335819 2.2139773 2.1043457 2.1351918 2.2404719 2.3295763 2.2907125 2.3778653 2.2425751 2.3397959 2.3482672 2.5134904 2.6927077 2.4410983 2.5378401 2.3824554 2.5523375 2.5636181 2.3995456 2.2520662 2.7011499 2.1466212 1.9496491 2.6398531 2.9706890 2.6692927 2.7770786 2.3305030 2.2957512 2.6120982 2.8627427 2.8341548 2.6812654 2.7189506 2.6482972 2.6580244 2.6086260 2.5081891 0.8885051 0.8691908 0.8156143 0.0000000 1.1433363 1.1288920 1.1506134 1.0445593 2.5010952 3.4490932 
Mlei_ML1414.g5.i1                                 0.0000010 2.4343207 2.1544109 2.1782663 2.2008224 2.4777369 2.2593300 2.9421184 2.2874562 2.4279718 2.2036612 2.1820727 2.2328817 2.3840483 1.9981552 2.2812485 2.2565695 2.5333436 2.7256544 2.4240262 2.7559360 2.6396383 2.6554417 2.6770265 2.2109008 2.1174119 2.4433160 2.2299609 2.0370057 2.3779873 2.3360378 2.6176425 2.7358528 2.1888622 3.0386091 1.9048518 2.5143083 2.4361904 2.3437570 2.3942047 2.4053063 2.3825594 2.4005835 2.1735715 0.9690358 0.9845804 0.9948435 1.1433363 0.0000000 1.0887156 1.5378807 1.0784163 2.6268608 4.7737720 
Beraby_Baby_sb325750                              2.7485003 2.6296983 2.3528622 2.2466913 2.4223698 2.2069989 2.4278994 2.4005972 2.1470475 2.3786507 2.0736099 2.2051352 2.1933512 2.1359013 2.1803417 2.0056536 2.1240197 2.4797504 2.8315281 2.6239623 2.9731736 2.7533061 2.6548042 2.6263181 2.4055390 2.4089682 2.5973024 2.1702620 2.1601453 2.7913227 3.1774824 2.5111537 2.7386698 2.3966223 2.8044219 2.6912654 2.9733358 2.7602301 2.7670175 2.7354132 2.6099549 2.6539235 2.8413998 2.7927502 0.9803524 0.9817202 0.9595218 1.1288920 1.0887156 0.0000000 1.6730174 1.0450473 2.5321721 3.5456095 
Coemet_Cmet_C594317_01                            2.1183005 2.6254586 2.3710400 2.1959847 2.1678076 2.1995627 2.1007572 2.7723906 2.3830446 2.2050739 2.2424348 2.3309162 2.3066228 2.3763697 2.3564653 2.6951756 2.5371256 2.4889453 2.5854070 2.3125757 2.5976035 2.3708613 2.9152429 2.8983657 2.4958956 2.3977910 2.5657240 2.2979291 2.0914661 2.7882939 3.5766090 2.7385689 2.8914326 2.7157464 2.7102091 2.8804712 2.4820498 2.5606702 2.5051685 2.5304048 2.4544110 2.4766575 2.7156348 2.6951490 1.2454326 1.2563491 1.2616604 1.1506134 1.5378807 1.6730174 0.0000000 1.3795228 2.7611647 3.3475886 
Drygla_Dgla_sb282594                              0.0000010 2.3317388 1.8946997 1.8629657 1.9075949 2.0178232 2.1012641 1.9036477 2.2610978 2.2309686 2.0303414 2.0935452 2.1611346 2.2866375 2.0191596 2.2102877 2.1641933 2.2417259 2.8443920 2.4841608 2.6293486 2.5636032 2.8021917 2.8786738 2.4758314 2.1436497 2.3443637 2.0952253 1.5646524 2.3606291 5.2897748 2.4708788 2.6049735 1.7073854 2.1959882 0.0000010 2.1497946 2.0821533 2.2483139 2.2562885 2.0168423 2.0720831 2.2213923 2.5010472 0.9590273 1.0046109 0.9539086 1.0445593 1.0784163 1.0450473 1.3795228 0.0000000 3.2760041 6.9456890 
Plajan_Pjan_scaffold17258_01                      0.0000010 1.8763340 1.6543690 1.6545597 1.3488387 2.0681872 0.9570871 1.4380098 1.3150643 1.8230033 1.1393634 1.1765533 1.3061875 1.2714391 1.3066723 1.7068577 1.7013236 1.8444624 1.8346020 1.9889933 2.5170079 2.0149924 1.8621720 1.8899055 2.0279664 1.2961822 1.4664551 1.5379710 1.3609524 2.3231518 8.9999982 2.5979725 2.7752364 1.3080069 2.0755878 0.0000010 1.8969002 1.8854732 1.9025007 1.9133803 1.9037947 1.9316264 2.4791504 2.3504624 2.3942327 2.4606227 2.3904597 2.5010952 2.6268608 2.5321721 2.7611647 3.2760041 0.0000000 3.3081564 
Tetwil_g16389.t1                                  1.6275063 2.7969539 2.9583731 2.8974842 3.0823996 3.8061527 2.9387501 3.9854636 2.5132568 2.9576214 2.5156838 2.5395860 2.6524854 2.6625541 2.4800280 3.5986058 2.6314990 2.4690707 2.6606867 2.7473452 2.7584429 3.0668137 3.1324527 3.1714019 3.1647015 2.7261647 2.8199122 2.8749200 3.2827939 3.7041532 6.4734529 2.8060322 2.7179262 2.5065762 4.0582602 3.2580290 4.6222675 3.8588648 3.7099631 3.8168052 3.3986003 3.3783275 4.1731917 4.1098760 3.3903417 3.3716101 3.4740088 3.4490932 4.7737720 3.5456095 3.3475886 6.9456890 3.3081564 0.0000000 
