83
Nvec_v1g47772                                      0.0000000 0.0000010 0.0457817 0.1210815 0.1210815 0.1053110 0.0590563 0.1050956 0.0757797 0.1050956 0.1680066 0.2266695 0.6877465 0.1817118 0.2117441 0.2238305 0.2232683 0.2156049 0.2156049 0.0000010 0.2349963 0.3808588 0.3579115 0.8564879 0.8564879 0.8564879 0.8564879 0.8564879 0.9141999 0.8627281 1.1549044 0.8724150 0.8724150 1.0123567 0.9152640 0.9590013 0.4624197 0.5019907 0.4638595 0.4601332 4.5015647 0.6090393 0.5304656 0.6699069 0.6069464 0.8926700 0.6699069 0.4892510 0.5523898 0.7819349 0.7754635 0.7754635 1.2702662 0.8227619 0.8386267 0.0000010 0.8786419 0.0000010 1.8207937 0.8193004 0.8129289 0.6092806 0.5620921 0.4847643 0.6064335 0.8471649 0.7766519 0.5065537 0.6494183 1.7617270 0.6406072 0.6406072 0.6859114 0.6859114 0.6141713 0.7096281 0.7096281 9.0000000 1.1712732 2.3280576 0.6190288 0.5724796 5.4685508 
Nvec_v1g105663                                     0.0000010 0.0000000 0.0748109 0.1220741 0.1182383 0.1087167 0.0992438 0.1135340 0.1082687 0.1213546 0.1895513 0.2258140 0.1681137 0.3524135 0.2876772 0.3114345 0.2916536 0.3031356 0.2983962 1.9232509 0.2865650 0.3892235 0.3737422 0.9513004 0.8693583 0.8796801 0.8619410 1.0580839 0.8718514 0.8177122 0.7929505 0.8198903 0.8198903 0.9823406 0.9257723 0.9318718 0.3849521 0.4308909 0.4532814 0.3847893 0.6685690 0.6350420 0.5615000 0.6930381 0.5820059 1.5282320 0.6102006 0.4300314 0.4251952 0.8576722 0.6121194 0.6121194 0.9058062 0.5897376 0.5830637 0.0000010 0.5765560 0.0000010 1.8207937 0.5914923 0.5475058 0.4793837 0.4185786 0.4671559 0.4237651 0.7659231 0.7296359 0.4285684 0.6812310 1.0153799 0.7655115 0.7618861 0.7890932 0.7890932 0.7535886 0.7746409 0.7746409 5.8167116 1.1363282 1.0648521 0.7987990 0.7141030 1.0560935 
Exapal_XM_028658176.1                              0.0457817 0.0748109 0.0000000 0.1200962 0.3014259 0.3580686 0.3385564 0.3642363 0.3636639 0.4959103 0.5437874 0.6317798 0.4914957 0.8208733 0.7688901 0.8286465 0.8328500 0.8294091 0.7955462 1.8557138 0.9892816 1.0214089 1.0034697 1.0861899 0.9527684 0.9906168 0.9499822 1.2222099 1.6279079 1.5751781 0.7916498 1.6326019 1.6859651 1.7286169 0.9901127 1.0207038 1.1724182 0.9223652 1.3967670 1.0781664 0.8177813 1.2362518 1.2745269 1.4047141 1.0716962 1.4864244 0.6926561 1.1164677 1.0494943 1.1316376 1.0185739 1.0378939 1.3440854 0.9730249 0.9716653 0.8890773 0.9587576 0.9275504 1.6534305 1.0852063 1.0375221 1.1422086 0.9228598 0.9388670 1.1595817 1.3271059 1.2725748 1.1225191 1.4129272 1.2210207 1.4336934 1.4293483 1.4289639 1.4316660 1.4010014 1.4521721 1.4318653 1.5289051 2.1942265 1.8426035 2.8910860 3.1468786 2.1249984 
Gfas_gfas1.m1.5950.m1                              0.1210815 0.1220741 0.1200962 0.0000000 0.0047624 0.0240626 0.0387783 0.0290070 0.0459424 0.0225240 0.1762204 0.2242331 0.2963494 0.3175294 0.2620049 0.2639951 0.2829825 0.2924604 0.2868187 0.0000010 0.2738968 0.3239632 0.3194755 0.7003827 0.7112502 0.7085753 0.7113193 0.7299282 0.7279907 0.6968814 0.8244695 0.7507182 0.7507182 0.7729962 0.7298875 0.8304024 0.3529326 0.3683558 0.4101032 0.3673881 0.6009729 0.5482237 0.4973943 0.7104124 0.5224616 1.6077988 0.5892541 0.4102286 0.3955771 0.8634747 0.5468308 0.5468308 0.7991123 0.5271559 0.5156573 0.0000010 0.5145852 0.0000010 1.9427683 0.5660739 0.5176261 0.4373990 0.3706196 0.3949140 0.3506470 0.6624355 0.6236609 0.3881816 0.6483650 1.1472777 0.7110230 0.7087622 0.7379513 0.7379513 0.6997333 0.7157249 0.7157249 5.8496591 1.0589294 1.0648521 0.6357277 0.5517315 1.2890477 
Fspp_ffun1.m4.7269.m1                              0.1210815 0.1182383 0.3014259 0.0047624 0.0000000 0.0757438 0.0604873 0.0856475 0.0609600 0.1576791 0.4356501 0.4861942 0.1240051 0.6272742 0.6147574 0.6359406 0.6719452 0.7008876 0.6765245 0.9356457 0.8660317 0.8099734 0.8380788 0.9095026 0.8485149 0.8602620 0.8426472 0.9953748 1.3001029 1.2412327 0.8045191 1.2650535 1.3243262 1.4177454 0.9146937 1.0304321 0.8946650 0.7695792 1.1999608 0.9248118 0.7714158 0.9320221 0.9719368 1.1048912 0.8919466 1.2340028 0.6521011 0.9344163 0.8792897 1.0488287 0.9047269 0.9149110 1.1064531 0.8552408 0.8347064 0.8890254 0.8108267 0.8683069 1.1240959 0.8936166 0.9655577 0.9566727 0.8350682 0.7488240 0.9266040 1.0541708 1.0105781 0.9597248 1.0118384 0.9908381 1.2720719 1.2613361 1.2668068 1.2695110 1.2331526 1.2466439 1.2342044 1.3265143 2.0829519 1.7722693 2.3911310 2.7126407 1.8922330 
Gasp_gasp1.m3.6449.m1                              0.1053110 0.1087167 0.3580686 0.0240626 0.0757438 0.0000000 0.1199433 0.1490326 0.1241909 0.1535883 0.5264787 0.5307866 0.2058280 0.8126496 0.7498818 0.7683718 0.7788663 0.7932427 0.7738153 1.3940154 0.9290334 0.9437589 0.9572254 0.9113693 0.8497110 0.8616585 0.8437806 1.0142203 1.5723969 1.5503106 0.7999632 1.5986345 1.6324743 1.7593331 0.9134570 1.0385407 1.0723095 0.7717002 1.1598339 1.0771836 0.7504362 1.1468735 1.1815873 1.0506813 0.9932684 1.4013018 0.6663295 1.0802323 0.9783869 1.1793906 0.9835326 0.9937329 1.0611763 0.9605554 0.9878795 1.5892210 0.9563214 1.3535468 1.6584638 1.0227782 1.0827683 1.1000267 0.9211963 0.8831658 1.0446365 1.2504913 1.2331986 1.1213815 1.2301261 1.2028007 1.4364693 1.4305921 1.4302744 1.4331407 1.3971336 1.3748032 1.4159489 1.9025804 2.2004157 1.6491558 2.4472286 2.6326237 2.2737296 
Pocdam_XM_027203892.1                              0.0590563 0.0992438 0.3385564 0.0387783 0.0604873 0.1199433 0.0000000 0.1084559 0.0355849 0.1588233 0.5051556 0.5614873 0.1527772 0.7473938 0.7280717 0.7422374 0.7723492 0.7753426 0.7550193 1.4839306 1.0170099 0.9479908 0.9632668 0.9151448 0.8522793 0.8646225 0.8459220 1.0380325 1.5084653 1.4847034 0.7865265 1.5130915 1.5572130 1.6520367 0.9369009 1.0208545 1.1077223 0.8460420 1.2540171 1.0633808 0.7998568 1.1492809 1.1907266 1.2967720 1.0130476 1.3990373 0.6565214 1.0686013 0.9703665 1.0966987 0.9689114 0.9957961 1.2715663 0.9369904 0.9335203 0.8890254 0.9245091 0.8683069 1.6513847 1.0068928 1.0616497 1.1287064 0.9288123 0.8809091 1.0775289 1.2367506 1.2034829 1.1116807 1.3183526 1.1986493 1.4074574 1.4012320 1.4002121 1.4028550 1.3863939 1.4003072 1.3837567 1.3002307 2.3116986 1.7595605 2.6023148 2.9699277 2.4480279 
Amil_Amillepora24057-RA                            0.1050956 0.1135340 0.3642363 0.0290070 0.0856475 0.1490326 0.1084559 0.0000000 0.1236174 0.0490851 0.5160382 0.5620358 0.0151102 0.7032883 0.6791787 0.7252782 0.7286746 0.7508147 0.7230813 1.5242466 1.0234473 0.9818395 0.9876625 0.9404855 0.8724882 0.8878686 0.8652288 1.0365729 1.4826593 1.4609659 0.8094388 1.4685240 1.5248487 1.6176574 0.9419737 1.0356717 1.0989307 0.8873597 1.2564603 1.0920173 0.7389967 1.1574089 1.1397247 1.3978424 1.0145343 1.4965272 0.7147685 1.1300976 1.0278201 1.0720790 0.9279315 0.9382972 1.2430427 0.9408346 0.8499239 0.8277207 0.8482967 0.8234173 1.8402759 0.9553033 1.0001386 1.1656173 0.9418425 0.9141969 1.0843191 1.2852029 1.2118916 1.1618568 1.3664908 1.3072418 1.4274351 1.4259302 1.4377072 1.4406893 1.4061069 1.4377346 1.4287614 1.2374004 2.2920489 1.4783542 2.3933336 2.6830507 2.4701738 
Spis_XP_022788608_1                                0.0757797 0.1082687 0.3636639 0.0459424 0.0609600 0.1241909 0.0355849 0.1236174 0.0000000 0.1568729 0.5490272 0.6267447 0.1469819 0.7876123 0.7946831 0.8025413 0.8536354 0.8496104 0.8273122 1.4884723 1.2600048 1.0606600 1.0887646 0.9175447 0.8999830 0.8932839 0.8999830 1.0081494 1.6405680 1.6018345 0.7554958 1.6830899 1.7348278 1.6430831 0.9165665 1.1058055 1.2248435 1.0591499 1.5085433 1.2114413 1.2441934 1.2844250 1.3501838 1.2790711 1.1209639 1.3083764 0.6957810 1.2104286 1.1163312 1.0366999 1.0862026 1.1169742 1.6598209 1.1592927 1.0349393 0.8890254 1.0319997 0.8683069 1.6517781 1.0862853 1.1978103 1.2427298 1.0464663 0.9377408 1.2171953 1.3702744 1.3462902 1.1750601 1.5542688 1.2277443 1.4864656 1.4840310 1.4795023 1.4826067 1.4571608 1.5039241 1.4807655 1.3229018 2.4214934 1.7171284 2.5520739 2.8901935 2.5014505 
Adig_XM_015906350.1                                0.1050956 0.1213546 0.4959103 0.0225240 0.1576791 0.1535883 0.1588233 0.0490851 0.1568729 0.0000000 0.6778470 0.7107500 0.0614950 0.8853872 0.9248275 0.8543836 1.0001815 1.0210409 0.9723684 1.2565721 0.8682941 1.2356070 1.2246497 0.9067474 0.8897542 0.8831151 0.8897542 0.9768508 1.7857051 1.7599681 0.7209382 1.7535955 1.8446426 1.8105771 0.8861970 1.0324709 1.2875610 1.0095677 1.2765659 1.4088573 1.2299883 1.4940460 1.6223674 1.3218347 1.3814524 1.9429637 0.7220336 1.4600929 1.3755818 1.3195953 1.3829296 1.4020772 1.6185864 1.2532488 1.2381158 1.3922386 1.2647099 1.2983888 2.8050139 1.3860490 1.4987572 1.4588099 1.2301810 1.1283065 1.4428375 1.6955236 1.5543874 1.3514103 1.5982350 3.3860293 1.7675579 1.7587738 1.8179485 1.8230999 1.7606663 1.7709507 1.7153621 1.7837937 2.7700564 3.0971419 2.4126012 2.8135787 5.2972062 
Dgig_XM_028544305.1                                0.1680066 0.1895513 0.5437874 0.1762204 0.4356501 0.5264787 0.5051556 0.5160382 0.5490272 0.6778470 0.0000000 0.1401352 0.7198429 0.7619397 0.7746770 0.7778249 0.7975277 0.8080456 0.7830257 1.9619968 1.0047753 1.0675092 0.9989670 0.9523083 0.8346512 0.8593904 0.8343596 1.0656979 1.6011519 1.4864758 0.6813204 1.5571627 1.6060797 1.6418754 0.9071536 0.9631568 1.1063450 0.9277796 1.3117547 0.9974409 0.6524604 1.1745579 1.1826473 1.3704821 1.0800110 1.5391327 0.7309036 1.0991916 0.9926897 1.0665996 0.9703119 0.9744334 1.2163356 0.9119763 0.9594443 0.9736941 0.9546669 0.9485946 1.9103915 1.0056720 1.0979659 1.0722441 0.9976326 0.9410697 1.1215139 1.2360986 1.1732813 1.1663860 1.2810342 1.0341151 1.3588845 1.3428922 1.3630754 1.3656843 1.3176074 1.3412987 1.3166647 1.5145784 2.3451352 1.9435311 2.5257434 3.1428390 2.3857909 
Xesp_014801-T1                                     0.2266695 0.2258140 0.6317798 0.2242331 0.4861942 0.5307866 0.5614873 0.5620358 0.6267447 0.7107500 0.1401352 0.0000000 0.7899101 0.8195956 0.8354905 0.8142972 0.8207991 0.8273597 0.8001304 1.8883902 1.0118182 1.0897868 1.0536844 0.9806115 0.8702335 0.8912186 0.8608545 1.1094293 1.7022510 1.6257846 0.6819031 1.6191842 1.6813209 1.8004857 0.9556499 1.0074679 1.1589258 0.9215431 1.3343856 1.0989788 0.7398219 1.2398083 1.1965447 1.3627827 1.0812138 1.5888519 0.7814892 1.1571137 1.0211491 1.1727828 1.0520442 1.0477985 1.2513280 0.9485896 1.0265950 1.5187783 1.0262716 1.2154206 1.6779302 1.0688511 1.1451561 1.1338105 1.0235820 1.0148845 1.1551613 1.3392510 1.2498016 1.2169962 1.3069889 1.0768009 1.3894496 1.3790628 1.3917825 1.3946476 1.3435019 1.3736103 1.3047347 2.0115839 2.4170272 1.8939623 2.2678699 2.6343858 2.4015966 
Adig_XM_015908291.1                                0.6877465 0.1681137 0.4914957 0.2963494 0.1240051 0.2058280 0.1527772 0.0151102 0.1469819 0.0614950 0.7198429 0.7899101 0.0000000 0.9877875 0.9712205 1.0391363 1.0256484 1.0619923 1.0167349 1.4550710 3.0406525 1.4248830 1.4367768 1.9236713 1.9236713 1.8923544 1.8146806 1.9311459 2.1814942 2.2175046 0.5468824 2.1272336 2.2099769 2.1334097 1.6901212 2.2833496 1.6062820 2.3694395 3.1450012 1.5811602 2.1547223 1.5703206 1.6413877 4.8108172 1.3694894 1.3802086 0.9433205 1.6512677 1.4544502 1.2855690 1.3738761 1.3918191 2.6834243 1.8551991 1.2694319 0.9106164 1.2606823 0.9122025 1.8109660 1.3239901 1.5164307 1.6745648 1.3698516 1.1983777 1.6184678 1.7227230 1.6707107 1.5778596 2.3259474 1.3037763 1.9600376 1.9613243 1.9397328 1.9446035 1.9371327 2.0446398 1.9791808 1.2674263 3.2834796 1.7640509 4.1735961 4.7793560 2.6728452 
Chem_TCONS_00056085                                0.1817118 0.3524135 0.8208733 0.3175294 0.6272742 0.8126496 0.7473938 0.7032883 0.7876123 0.8853872 0.7619397 0.8195956 0.9877875 0.0000000 0.3903629 0.2812489 0.4396790 0.4496111 0.4321845 1.6514334 0.7329481 1.1786762 1.1722593 1.0122922 0.9072457 0.9279930 0.8723819 1.1771575 1.5060286 1.4718413 0.7482508 1.5329987 1.5672975 1.6572444 0.9660612 0.9983081 1.1157741 1.0286933 1.3576784 1.1719455 0.8504164 1.3262543 1.3420089 1.3409165 1.1686569 1.6048041 0.6967268 1.1730788 1.1059559 1.1906327 1.0743388 1.0774431 1.4678139 1.0953399 1.0999459 1.1060836 1.0709355 1.1722937 1.6156130 1.1725311 1.2155873 1.2025222 1.1391236 1.1479517 1.1173469 1.4381681 1.3932384 1.1920883 1.2579247 1.2269995 1.4277599 1.4352584 1.4389510 1.4332416 1.3927605 1.4232388 1.4080679 1.7414294 2.5630259 1.9327265 2.7642522 3.3348839 2.4219347 
Morvir_scaffold146.g36.t1                          0.2117441 0.2876772 0.7688901 0.2620049 0.6147574 0.7498818 0.7280717 0.6791787 0.7946831 0.9248275 0.7746770 0.8354905 0.9712205 0.3903629 0.0000000 0.4713956 0.3321626 0.3797558 0.3576858 1.1090069 0.6526341 1.2945007 1.2350767 0.9727211 0.8547816 0.8796201 0.8419238 1.1383206 1.5143732 1.4488409 0.6662203 1.5662087 1.5950744 1.7050410 0.9885599 0.9736752 1.1544024 1.0097211 1.4546183 1.2357617 0.7981776 1.3499725 1.3516511 1.3355825 1.1371873 1.5159144 0.7666354 1.1475853 1.0518728 1.2165256 1.0893056 1.0868630 1.4456746 1.0640084 1.1189011 1.0461158 1.1110573 1.0983263 1.8095747 1.1932891 1.2415703 1.2161880 1.1163870 1.1745901 1.2086428 1.4657225 1.3630794 1.2752373 1.2784493 1.2295139 1.4708212 1.4989182 1.4825874 1.4771052 1.4896919 1.5011889 1.4640368 1.6763238 2.4688483 1.9750267 2.8852825 3.3590726 2.2862827 
Hvul_g30294_1                                      0.2238305 0.3114345 0.8286465 0.2639951 0.6359406 0.7683718 0.7422374 0.7252782 0.8025413 0.8543836 0.7778249 0.8142972 1.0391363 0.2812489 0.4713956 0.0000000 0.4865193 0.4856333 0.4682320 1.8086580 0.7020524 1.1853947 1.1943338 0.9329184 0.8595460 0.8795485 0.8486237 1.0805712 1.4740034 1.4467489 0.7210339 1.5336012 1.5668064 1.6457142 0.9558210 0.8719568 1.1809879 1.0039597 1.3060103 1.2429219 0.8292386 1.3598796 1.3586713 1.2556053 1.2187769 1.6780530 0.7657876 1.2116643 1.1119731 1.1823068 1.1106020 1.1112132 1.4791252 1.1236414 1.1305846 1.2814904 1.1206125 1.3071046 1.9227555 1.1713488 1.2848718 1.2949891 1.1538415 1.1453418 1.1826109 1.4167098 1.4106346 1.2268020 1.3808308 1.2400964 1.4379405 1.4279804 1.4374623 1.4316323 1.4011242 1.3962304 1.4348126 1.8846499 2.5059991 1.9045741 2.7595879 3.1098418 2.4704284 
Sanmal_Sma_015329-T1                               0.2232683 0.2916536 0.8328500 0.2829825 0.6719452 0.7788663 0.7723492 0.7286746 0.8536354 1.0001815 0.7975277 0.8207991 1.0256484 0.4396790 0.3321626 0.4865193 0.0000000 0.1596272 0.1436321 0.3766147 0.4063565 1.2576938 1.2068651 1.0109728 0.8670218 0.8886467 0.8556109 1.1663638 1.5678779 1.4878059 0.6838909 1.6193608 1.6677607 1.7284061 1.0463903 0.9186890 1.1980732 1.0198042 1.2904995 1.3469152 0.7829330 1.4344588 1.4334077 1.3587336 1.2111275 1.6524534 0.7738452 1.2189374 1.1313946 1.2307806 1.1447730 1.1524488 1.4093283 1.0312453 1.1895918 1.2722371 1.1750624 1.2987627 1.7470188 1.2645311 1.3085426 1.2840662 1.1064994 1.1600811 1.2531899 1.5070777 1.4513268 1.2756769 1.3549905 1.3464476 1.4710206 1.5033357 1.4944710 1.4885238 1.4848539 1.5054943 1.5096414 1.9194187 2.5032400 1.8748744 2.8608448 3.0400452 2.5779474 
Nemnom_g17427.t1                                   0.2156049 0.3031356 0.8294091 0.2924604 0.7008876 0.7932427 0.7753426 0.7508147 0.8496104 1.0210409 0.8080456 0.8273597 1.0619923 0.4496111 0.3797558 0.4856333 0.1596272 0.0000000 0.0683452 0.2163837 0.4154989 1.2013589 1.1925488 0.9776459 0.8463035 0.8803127 0.8484986 1.1633788 1.5495114 1.4693359 0.6809842 1.5911305 1.6299463 1.7025905 1.0238344 0.9573640 1.2035155 0.9701501 1.3442801 1.3324582 0.8923066 1.3608736 1.3704695 1.3201447 1.1614829 1.5669686 0.7430221 1.1870880 1.0955569 1.2771310 1.1589562 1.1732532 1.5050572 1.1058195 1.1940230 1.3240699 1.1748077 1.3127566 1.7366554 1.2225629 1.3451744 1.2414273 1.1442147 1.1707673 1.2615698 1.4626324 1.4287024 1.3053140 1.2051644 1.1734443 1.5249809 1.5439899 1.5232527 1.5176757 1.5047419 1.5122245 1.5141705 1.9679010 2.5030098 1.8798402 2.5659944 2.9238319 2.6942244 
Rhoesc_Res_007495-T1                               0.2156049 0.2983962 0.7955462 0.2868187 0.6765245 0.7738153 0.7550193 0.7230813 0.8273122 0.9723684 0.7830257 0.8001304 1.0167349 0.4321845 0.3576858 0.4682320 0.1436321 0.0683452 0.0000000 0.1917107 0.4284248 1.1916636 1.2037995 0.9728575 0.8493398 0.8642299 0.8371828 1.1605229 1.5177787 1.4471779 0.6576413 1.5854027 1.6246414 1.6762758 1.0046285 0.9601739 1.1914389 0.9689514 1.3412971 1.3305431 0.9232981 1.3663483 1.3399962 1.3390675 1.1648261 1.5785273 0.7278283 1.1799006 1.1088995 1.2673065 1.1566987 1.1721005 1.5046894 1.1129418 1.1796189 1.2757710 1.1618333 1.2822079 1.6911577 1.2378953 1.3111525 1.2563966 1.1378070 1.1558703 1.2555474 1.4416515 1.4095328 1.3046536 1.2151793 1.1174924 1.4521654 1.4769146 1.4630986 1.4577161 1.4479878 1.4636326 1.4692808 1.9220329 2.4805399 1.8590506 2.6456796 2.8876298 2.7702847 
Aaur_scaffold227.g1.t1                             0.0000010 1.9232509 1.8557138 0.0000010 0.9356457 1.3940154 1.4839306 1.5242466 1.4884723 1.2565721 1.9619968 1.8883902 1.4550710 1.6514334 1.1090069 1.8086580 0.3766147 0.2163837 0.1917107 0.0000000 6.3355337 5.4926659 3.9481118 1.9986523 1.9986523 0.0000010 0.0000010 2.3280576 8.9999983 8.9999988 0.0000010 8.9999986 8.9999986 6.8127405 0.0000010 0.0000010 4.5437692 1.6722749 1.8463756 4.9499911 0.0000010 4.8075795 5.5325040 0.0000010 4.8409398 5.4129277 0.0000010 6.6271183 4.5748160 3.3198989 6.3811393 6.7213577 0.0000010 2.7789666 7.9060480 0.0000010 7.6183950 0.0000010 8.1097708 7.7635906 4.6990071 7.0020935 3.3480486 3.8522221 5.0602514 7.6389885 7.0095965 7.8418690 4.3691308 4.1836096 6.8065933 6.9734790 7.0922595 7.0922595 6.4617559 5.9526498 5.9526498 0.0000010 5.6111541 2.1531505 6.3224206 4.6662453 8.9999985 
Aaur_scaffold227.g2.t1                             0.2349963 0.2865650 0.9892816 0.2738968 0.8660317 0.9290334 1.0170099 1.0234473 1.2600048 0.8682941 1.0047753 1.0118182 3.0406525 0.7329481 0.6526341 0.7020524 0.4063565 0.4154989 0.4284248 6.3355337 0.0000000 1.3405840 1.3471052 0.9477045 0.8391863 0.8633247 0.8416853 1.1382346 1.5442118 1.5051444 0.6760468 1.6294368 1.6232503 2.0517749 0.9716651 0.8839595 1.2647720 0.8780484 1.1590182 1.3606928 0.9564697 1.5629527 1.5567340 1.4330547 1.6236483 3.7852062 0.7536591 1.1920888 1.2142088 1.5350058 1.2139801 1.2291972 1.5716220 1.0113218 1.2816819 2.5848353 1.2976794 2.5848353 3.8444888 1.4022730 1.3963186 1.2331261 1.2983653 1.3743883 1.2979693 1.7926925 1.7598765 1.5020614 1.5114065 4.0178335 1.6480071 1.6388139 1.6969474 1.6881664 1.6042458 1.6366576 1.6587690 3.4564698 2.5412625 3.0473673 2.6823593 2.5498135 4.8688655 
Cscu_XM_023386875.1                                0.3808588 0.3892235 1.0214089 0.3239632 0.8099734 0.9437589 0.9479908 0.9818395 1.0606600 1.2356070 1.0675092 1.0897868 1.4248830 1.1786762 1.2945007 1.1853947 1.2576938 1.2013589 1.1916636 5.4926659 1.3405840 0.0000000 0.2533912 1.0499523 0.9320918 0.9886386 0.9181131 1.2076021 1.4372754 1.4329702 0.7450121 1.4912483 1.5220980 1.6436960 0.8720290 0.9535284 0.7882138 0.7249630 0.9915078 0.6970995 0.7265514 1.1081447 1.1030588 1.0920119 0.9186585 1.2483041 0.6394011 0.8323807 0.7983611 0.9488545 0.8864058 0.8914907 1.1274765 0.7883357 0.8929328 0.8325364 0.9079634 0.8329176 1.7139452 0.9418054 0.9462914 0.8570210 0.3679968 0.6443912 0.7684502 1.1487390 1.1461927 0.4224101 1.1999467 1.0710292 1.4481285 1.4415160 1.4729859 1.4708439 1.4290056 1.5048216 1.4724920 1.2074381 2.2612963 1.6261770 2.3886098 2.6963963 2.0203370 
Cscu_XM_023380540.1                                0.3579115 0.3737422 1.0034697 0.3194755 0.8380788 0.9572254 0.9632668 0.9876625 1.0887646 1.2246497 0.9989670 1.0536844 1.4367768 1.1722593 1.2350767 1.1943338 1.2068651 1.1925488 1.2037995 3.9481118 1.3471052 0.2533912 0.0000000 1.0106046 0.9080224 0.9616227 0.8949841 1.1653194 1.4238079 1.4354493 0.7646142 1.4318469 1.4504285 1.5781549 0.8228374 0.9270270 0.7117053 0.6337157 0.8818914 0.6000468 0.7827369 1.1456795 1.1280959 1.1092173 0.8658486 1.1617223 0.6549619 0.7762262 0.7276784 0.9032332 0.8669054 0.8743191 1.1975200 0.7701078 0.8392275 0.7172554 0.8431739 0.7690741 1.5829206 0.9201329 0.9290245 0.7841806 0.2680132 0.5753455 0.6719006 1.1195962 1.1618470 0.3362644 1.2340111 1.0314382 1.3645774 1.3521869 1.3853288 1.3885057 1.3600085 1.4319616 1.4023023 1.2018506 2.2225513 1.6603216 2.4707832 3.0075507 2.3504041 
Mertsp_Mesp_sb575082                               0.8564879 0.9513004 1.0861899 0.7003827 0.9095026 0.9113693 0.9151448 0.9404855 0.9175447 0.9067474 0.9523083 0.9806115 1.9236713 1.0122922 0.9727211 0.9329184 1.0109728 0.9776459 0.9728575 1.9986523 0.9477045 1.0499523 1.0106046 0.0000000 0.0000010 0.0000010 0.0175153 0.0212173 0.1322299 0.1804424 0.1169301 0.2863514 0.2863514 0.1652049 0.2781297 0.1855442 1.0234605 1.0058047 0.9823415 1.1346202 1.3565608 1.0545046 1.0843122 0.7214035 1.1045513 2.6254605 0.9564409 1.1006701 1.0716714 1.0622341 1.1109770 1.1109770 1.8159174 1.0358223 1.0377880 0.0000010 1.0720665 0.0000010 2.1570922 1.0453944 1.0771287 1.0773383 1.0353263 1.0496354 1.0949973 1.1622794 1.1263592 1.0437405 1.2427924 1.7035648 1.4017091 1.4469380 1.4076156 1.4076156 1.4746833 1.4495051 1.4495051 2.9790310 1.6553427 2.3280576 1.4300651 1.2751452 7.4446171 
Mertsp_Mesp_sb575081                               0.8564879 0.8693583 0.9527684 0.7112502 0.8485149 0.8497110 0.8522793 0.8724882 0.8999830 0.8897542 0.8346512 0.8702335 1.9236713 0.9072457 0.8547816 0.8595460 0.8670218 0.8463035 0.8493398 1.9986523 0.8391863 0.9320918 0.9080224 0.0000010 0.0000000 0.0000010 0.0126622 0.0212173 0.1071503 0.1556715 0.1739008 0.2774816 0.2774816 0.1615860 0.2893397 0.1931614 0.9135731 0.8871021 0.8819089 0.9766187 0.9400084 0.9253690 0.9457611 0.8514449 0.9539452 3.0787171 0.8999897 0.9742732 0.9452128 1.0385319 0.9608246 0.9608246 1.5925478 0.9099396 0.8793972 0.0000010 0.9022345 0.0000010 2.1570922 1.0168813 0.9703573 0.9734690 0.8903991 0.9512541 0.9632407 1.0435003 1.0389773 0.9809949 1.0557719 1.7035648 1.2954435 1.3260269 1.2993630 1.2993630 1.3318252 1.3173789 1.3173789 2.9790310 1.6867020 1.0648521 1.4300651 1.2751452 3.7495265 
Bolinf_Binf_sb1227628                              0.8564879 0.8796801 0.9906168 0.7085753 0.8602620 0.8616585 0.8646225 0.8878686 0.8932839 0.8831151 0.8593904 0.8912186 1.8923544 0.9279930 0.8796201 0.8795485 0.8886467 0.8803127 0.8642299 0.0000010 0.8633247 0.9886386 0.9616227 0.0000010 0.0000010 0.0000000 0.0000010 0.0000010 0.0884692 0.1426422 0.1687267 0.2502399 0.2502399 0.1533792 0.2893397 0.1922641 0.9470941 0.9325250 0.9265516 1.0491682 1.0713606 0.9994091 1.0089110 0.8003013 0.9826700 2.9154986 0.8999897 1.0332675 1.0062115 0.9734164 1.0093289 1.0093289 1.5925478 0.9959689 0.9715339 0.0000010 1.0008984 0.0000010 2.1570922 1.0654057 1.0657926 1.0390791 0.9316433 0.9771669 1.0001578 1.1193465 1.0839002 0.9723726 1.1241628 1.6773143 1.2705894 1.2970583 1.2901268 1.2901268 1.3228629 1.3065376 1.3065376 2.9790310 1.6482328 1.0648521 1.4276730 1.2718824 3.7495265 
Mertsp_Mesp_sb575080                               0.8564879 0.8619410 0.9499822 0.7113193 0.8426472 0.8437806 0.8459220 0.8652288 0.8999830 0.8897542 0.8343596 0.8608545 1.8146806 0.8723819 0.8419238 0.8486237 0.8556109 0.8484986 0.8371828 0.0000010 0.8416853 0.9181131 0.8949841 0.0175153 0.0126622 0.0000010 0.0000000 0.0281995 0.0865668 0.1360049 0.1739008 0.2605620 0.2605620 0.1615860 0.2893397 0.2281868 0.8951788 0.8607423 0.9027045 0.9445008 0.8923167 0.9084583 0.9232938 0.8339004 0.9093888 3.0323633 0.8999897 0.9318056 0.9386428 1.1332545 0.9645319 0.9645319 1.5925478 0.8936955 0.8919710 0.0000010 0.9142313 0.0000010 2.1570922 0.9746156 0.9713168 0.9594620 0.8858107 0.9790714 0.9480611 1.0453507 1.0440673 0.9809949 1.0193447 1.4021960 1.2813331 1.3162052 1.2850474 1.2850474 1.3158324 1.3102751 1.3102751 2.9790310 1.6999023 1.0648521 1.4300651 1.2751452 3.7495265 
Mertsp_Mesp_sb575083                               0.8564879 1.0580839 1.2222099 0.7299282 0.9953748 1.0142203 1.0380325 1.0365729 1.0081494 0.9768508 1.0656979 1.1094293 1.9311459 1.1771575 1.1383206 1.0805712 1.1663638 1.1633788 1.1605229 2.3280576 1.1382346 1.2076021 1.1653194 0.0212173 0.0212173 0.0000010 0.0281995 0.0000000 0.1350959 0.2069592 0.0961090 0.3184579 0.3184579 0.1691621 0.2829482 0.1849464 1.1947911 1.2100747 1.1241502 1.3234473 2.9341369 1.1909093 1.2080399 0.7224138 1.2357928 2.6254605 1.0267586 1.2540689 1.2621927 1.3435968 1.4021407 1.4021407 1.8159174 1.3089347 1.2287344 0.0000010 1.2561328 0.0000010 2.1570922 1.2820550 1.3036010 1.2400788 1.2233508 1.2335529 1.2806116 1.3378851 1.3307443 1.2291281 1.4008247 1.7258054 1.6247008 1.6876882 1.6220917 1.6220917 1.7282304 1.6924774 1.6924774 4.7806479 2.1508776 2.3280576 1.4300651 1.2751452 9.0000000 
Mlei_ML2030.g3.i1                                  0.9141999 0.8718514 1.6279079 0.7279907 1.3001029 1.5723969 1.5084653 1.4826593 1.6405680 1.7857051 1.6011519 1.7022510 2.1814942 1.5060286 1.5143732 1.4740034 1.5678779 1.5495114 1.5177787 8.9999983 1.5442118 1.4372754 1.4238079 0.1322299 0.1071503 0.0884692 0.0865668 0.1350959 0.0000000 0.2229987 0.2049072 0.3373880 0.3559487 0.2105631 0.3130062 0.3221202 1.4815249 1.2533346 1.7320860 1.4938955 0.9668612 1.4089003 1.3782080 1.4598474 1.1952897 1.6206485 0.9897934 1.5503410 1.4639421 1.2957411 1.1914757 1.2103102 1.7770745 1.2175530 1.1364818 0.8038691 1.1507939 0.8963111 1.7138705 1.2113832 1.2032120 1.5262631 1.3954406 1.4353108 1.4262480 1.4383945 1.4399125 1.4611211 1.5166966 1.5041101 1.9504427 1.9472342 1.9459445 1.9453667 1.9308937 2.0574935 1.9391015 0.4403968 2.7443577 0.6233241 3.3199268 3.2380468 1.4052883 
Lampan_Lpan_15469_01                               0.8627281 0.8177122 1.5751781 0.6968814 1.2412327 1.5503106 1.4847034 1.4609659 1.6018345 1.7599681 1.4864758 1.6257846 2.2175046 1.4718413 1.4488409 1.4467489 1.4878059 1.4693359 1.4471779 8.9999988 1.5051444 1.4329702 1.4354493 0.1804424 0.1556715 0.1426422 0.1360049 0.2069592 0.2229987 0.0000000 0.1454257 0.3332415 0.3384029 0.2946928 0.2783728 0.3631957 1.4646805 1.2390777 1.7279625 1.4798714 0.9659110 1.3853607 1.3567075 1.3644815 1.1605309 1.5806168 0.8686654 1.4839614 1.4187435 1.2182194 1.1187193 1.1418497 1.7290709 1.0922699 1.1235901 0.8310126 1.1107380 0.8535746 1.5646593 1.1685498 1.1370869 1.4604534 1.3716186 1.4073355 1.3943570 1.4195368 1.4095817 1.4798357 1.5270306 1.5545736 1.8799328 1.8720987 1.8779571 1.8773965 1.8921529 1.9930808 1.8612972 0.3976704 2.6948823 0.5567819 3.2379927 3.2668087 1.1804525 
Coeast_Cast_sb837357                               1.1549044 0.7929505 0.7916498 0.8244695 0.8045191 0.7999632 0.7865265 0.8094388 0.7554958 0.7209382 0.6813204 0.6819031 0.5468824 0.7482508 0.6662203 0.7210339 0.6838909 0.6809842 0.6576413 0.0000010 0.6760468 0.7450121 0.7646142 0.1169301 0.1739008 0.1687267 0.1739008 0.0961090 0.2049072 0.1454257 0.0000000 0.0172604 0.0172604 0.2069641 0.2864894 0.3099935 0.7145530 0.6798678 0.6752594 0.7195474 0.9270890 0.7323997 0.7174991 0.8863743 0.7169180 7.5845600 0.6722911 0.7599897 0.7840391 0.4582512 0.6691513 0.6691513 0.8817739 0.6508214 0.6266536 0.0000010 0.6465290 0.0000010 0.9943829 0.6936324 0.7367409 0.7681536 0.7041613 0.7495370 0.7840357 0.8733375 0.8223749 0.6916484 0.7981413 1.3781030 0.9425733 0.9425733 0.9692568 0.9692568 0.9167995 0.9613774 0.9613774 2.8885340 1.0946010 0.0000010 0.9323416 0.5876445 1.7877866 
Coemet_Cmet_scaffold6956_01                        0.8724150 0.8198903 1.6326019 0.7507182 1.2650535 1.5986345 1.5130915 1.4685240 1.6830899 1.7535955 1.5571627 1.6191842 2.1272336 1.5329987 1.5662087 1.5336012 1.6193608 1.5911305 1.5854027 8.9999986 1.6294368 1.4912483 1.4318469 0.2863514 0.2774816 0.2502399 0.2605620 0.3184579 0.3373880 0.3332415 0.0172604 0.0000000 0.0000010 0.4224787 0.4130330 0.4404609 1.4310462 1.2892604 1.7160810 1.5061789 0.9401903 1.4121411 1.4198391 1.4370304 1.2307576 1.6600413 0.9335485 1.4861080 1.4553654 1.2139553 1.1401567 1.1471432 1.6939949 1.1459643 1.1288590 0.9073038 1.1261071 0.9208604 1.9110892 1.1668946 1.2074275 1.4877475 1.3691316 1.4498558 1.4733545 1.4656722 1.4108969 1.4797885 1.4876597 1.6210179 1.9553709 1.9582816 1.9735682 1.9729807 2.0372083 2.1228931 1.9779441 0.4888009 2.7895869 0.5286997 3.0225505 3.1936303 1.3021352 
Coemet_Cmet_scaffold6957_01                        0.8724150 0.8198903 1.6859651 0.7507182 1.3243262 1.6324743 1.5572130 1.5248487 1.7348278 1.8446426 1.6060797 1.6813209 2.2099769 1.5672975 1.5950744 1.5668064 1.6677607 1.6299463 1.6246414 8.9999986 1.6232503 1.5220980 1.4504285 0.2863514 0.2774816 0.2502399 0.2605620 0.3184579 0.3559487 0.3384029 0.0172604 0.0000010 0.0000000 0.4198752 0.4130330 0.4517476 1.4841810 1.2808080 1.7735846 1.5527102 0.9401903 1.4194540 1.4215940 1.4999480 1.2499939 1.6866101 0.9335485 1.4916651 1.4517751 1.2515147 1.1663474 1.1776378 1.6926593 1.1858808 1.1668154 0.9073038 1.1639402 0.9208604 1.9780646 1.2033977 1.2543491 1.4839923 1.4003461 1.4907273 1.5135491 1.5061003 1.4507383 1.5038958 1.5240332 1.6210179 1.9970365 2.0002964 2.0153615 2.0147676 2.0794235 2.1692769 2.0218998 0.4888009 2.8098207 0.5286997 3.0225505 3.1936303 1.2788702 
Beraby_Baby_sb335957                               1.0123567 0.9823406 1.7286169 0.7729962 1.4177454 1.7593331 1.6520367 1.6176574 1.6430831 1.8105771 1.6418754 1.8004857 2.1334097 1.6572444 1.7050410 1.6457142 1.7284061 1.7025905 1.6762758 6.8127405 2.0517749 1.6436960 1.5781549 0.1652049 0.1615860 0.1533792 0.1615860 0.1691621 0.2105631 0.2946928 0.2069641 0.4224787 0.4198752 0.0000000 0.3058374 0.2825559 1.6153816 1.5859293 1.9775843 1.7039654 1.3779798 1.6004086 1.5642500 1.3438398 1.3237564 1.6030675 0.9591015 1.6848733 1.6331120 1.1502291 1.1507699 1.1564528 1.9950996 1.2184365 1.1866358 0.8774040 1.1632759 0.8889345 1.6749937 1.1933092 1.2554760 1.7022769 1.5665614 1.4963886 1.5673766 1.5290199 1.5669307 1.5689693 1.8011711 1.7958072 2.0228562 2.0245034 2.0404513 2.0397574 2.0451569 2.2048724 2.0451883 0.4783839 2.8712196 0.6043841 3.4321979 3.3020057 1.6486886 
Eupdun_Edun_sb10629525                             0.9152640 0.9257723 0.9901127 0.7298875 0.9146937 0.9134570 0.9369009 0.9419737 0.9165665 0.8861970 0.9071536 0.9556499 1.6901212 0.9660612 0.9885599 0.9558210 1.0463903 1.0238344 1.0046285 0.0000010 0.9716651 0.8720290 0.8228374 0.2781297 0.2893397 0.2893397 0.2893397 0.2829482 0.3130062 0.2783728 0.2864894 0.4130330 0.4130330 0.3058374 0.0000000 0.3319535 0.9736789 0.9516803 0.9296312 1.0856966 1.4738575 1.0938837 1.1490545 0.6106742 0.9936470 2.5427264 0.8445362 1.0336344 0.9918605 0.8458923 0.9264162 0.9264162 1.7274775 0.9236816 0.9330813 0.0000010 0.9643382 0.0000010 1.7251444 0.8795032 0.9779668 1.0027913 0.9147342 0.9399394 0.9855766 1.2250259 1.2049922 0.8998412 1.2705202 1.6773143 1.2411101 1.2719327 1.2891124 1.2891124 1.2880968 1.3002323 1.3002323 3.0739295 1.6128318 4.7686507 1.5450433 1.2741092 7.6391231 
Pbac_sb2651441                                     0.9590013 0.9318718 1.0207038 0.8304024 1.0304321 1.0385407 1.0208545 1.0356717 1.1058055 1.0324709 0.9631568 1.0074679 2.2833496 0.9983081 0.9736752 0.8719568 0.9186890 0.9573640 0.9601739 0.0000010 0.8839595 0.9535284 0.9270270 0.1855442 0.1931614 0.1922641 0.2281868 0.1849464 0.3221202 0.3631957 0.3099935 0.4404609 0.4517476 0.2825559 0.3319535 0.0000000 0.9533541 0.9032536 0.9132692 0.9944374 1.0413296 1.0437529 1.0007675 0.9035446 0.9754780 2.3726770 0.8714056 1.0204564 1.0084204 1.1913434 1.0114172 1.0114172 1.3807638 0.9187637 0.9414297 9.0000000 0.9447142 9.0000000 2.0083917 1.0485428 0.9383850 1.0636248 0.8763214 0.9729579 0.9820189 1.1026862 1.1445085 0.8969209 1.1305190 1.1255934 1.4155957 1.4153361 1.4236932 1.4236932 1.4288560 1.3959579 1.4257151 2.6984714 1.7665818 2.6531604 1.3322969 1.3288498 1.7028601 
Spur_XM_030981723.1                                0.4624197 0.3849521 1.1724182 0.3529326 0.8946650 1.0723095 1.1077223 1.0989307 1.2248435 1.2875610 1.1063450 1.1589258 1.6062820 1.1157741 1.1544024 1.1809879 1.1980732 1.2035155 1.1914389 4.5437692 1.2647720 0.7882138 0.7117053 1.0234605 0.9135731 0.9470941 0.8951788 1.1947911 1.4815249 1.4646805 0.7145530 1.4310462 1.4841810 1.6153816 0.9736789 0.9533541 0.0000000 0.6893339 0.9599300 0.7145271 0.7277609 1.1927047 1.2180675 1.1298742 0.9485551 1.2651779 0.6364921 0.8880261 0.8051736 1.0118542 0.9241544 0.9247712 1.1406687 0.8648695 0.9174438 0.7533731 0.9249600 0.9031388 1.4596608 0.9752382 0.9808745 0.9056010 0.6982112 0.6795524 0.4521954 1.1821231 1.2302047 0.7780235 1.1809715 1.0296362 1.3866084 1.3783872 1.3887004 1.3877627 1.3726431 1.4702779 1.4298921 1.2429465 2.1835706 1.5540129 2.5983110 3.2637663 2.0118150 
Ctel_gnl_WGS_AMQN_CAPTEDRAFT_mRNA194253            0.5019907 0.4308909 0.9223652 0.3683558 0.7695792 0.7717002 0.8460420 0.8873597 1.0591499 1.0095677 0.9277796 0.9215431 2.3694395 1.0286933 1.0097211 1.0039597 1.0198042 0.9701501 0.9689514 1.6722749 0.8780484 0.7249630 0.6337157 1.0058047 0.8871021 0.9325250 0.8607423 1.2100747 1.2533346 1.2390777 0.6798678 1.2892604 1.2808080 1.5859293 0.9516803 0.9032536 0.6893339 0.0000000 0.3774784 0.5200469 0.6712614 1.2772077 1.2060669 1.0334737 1.0804951 2.6446534 0.6661492 0.6453912 0.6552045 1.2239295 0.9546009 0.9557298 1.2401292 0.8031499 0.8340181 2.3022588 0.8636229 2.3022588 3.1746690 1.0578621 0.9233296 0.6525824 0.6602037 0.5860661 0.6820146 1.2588205 1.2710803 0.7459484 1.1492322 2.6424161 1.4192922 1.4105921 1.4561793 1.4553253 1.4409349 1.4509541 1.4790362 2.5456573 1.8380336 2.8875240 1.8351507 2.1727042 4.2884660 
Acagra_model.g16984.t1                             0.4638595 0.4532814 1.3967670 0.4101032 1.1999608 1.1598339 1.2540171 1.2564603 1.5085433 1.2765659 1.3117547 1.3343856 3.1450012 1.3576784 1.4546183 1.3060103 1.2904995 1.3442801 1.3412971 1.8463756 1.1590182 0.9915078 0.8818914 0.9823415 0.8819089 0.9265516 0.9027045 1.1241502 1.7320860 1.7279625 0.6752594 1.7160810 1.7735846 1.9775843 0.9296312 0.9132692 0.9599300 0.3774784 0.0000000 0.6693558 0.8503323 1.4616302 1.4771314 1.1255286 1.3261019 2.7287280 0.5757770 0.9845330 1.0158495 1.3189827 1.1238614 1.1259876 0.9838098 0.8154433 1.1177539 3.0596841 1.1197418 3.1252243 2.6590131 1.2522388 1.1550230 0.9371203 0.8654957 0.8783297 0.8624970 1.4548212 1.4954851 0.9399062 1.4074594 3.1571176 1.7373191 1.7393121 1.7895863 1.7867105 1.7768237 1.7054118 1.7525722 3.9278121 2.1940701 5.1795454 2.1777247 2.4092609 6.3478167 
Cgig_XM_034471618.1                                0.4601332 0.3847893 1.0781664 0.3673881 0.9248118 1.0771836 1.0633808 1.0920173 1.2114413 1.4088573 0.9974409 1.0989788 1.5811602 1.1719455 1.2357617 1.2429219 1.3469152 1.3324582 1.3305431 4.9499911 1.3606928 0.6970995 0.6000468 1.1346202 0.9766187 1.0491682 0.9445008 1.3234473 1.4938955 1.4798714 0.7195474 1.5061789 1.5527102 1.7039654 1.0856966 0.9944374 0.7145271 0.5200469 0.6693558 0.0000000 0.7818380 1.2289884 1.2191610 1.1965703 0.9433701 1.2696614 0.7549532 0.7612184 0.7120265 0.9303129 0.8303965 0.8248759 1.0984326 0.8018513 0.9057292 0.7026619 0.9109999 0.7124715 2.0153400 0.9659193 0.9093857 0.7629650 0.5699439 0.6431711 0.6618674 1.1746039 1.2167140 0.6385579 1.3179644 1.1234045 1.4565332 1.4449556 1.4669058 1.4659537 1.4399367 1.5372114 1.4779376 1.1396770 2.1165101 1.6282118 3.0284438 3.5633088 2.3133659 
Leuniv_Lniv_scaffold7467_01                        4.5015647 0.6685690 0.8177813 0.6009729 0.7714158 0.7504362 0.7998568 0.7389967 1.2441934 1.2299883 0.6524604 0.7398219 2.1547223 0.8504164 0.7981776 0.8292386 0.7829330 0.8923066 0.9232981 0.0000010 0.9564697 0.7265514 0.7827369 1.3565608 0.9400084 1.0713606 0.8923167 2.9341369 0.9668612 0.9659110 0.9270890 0.9401903 0.9401903 1.3779798 1.4738575 1.0413296 0.7277609 0.6712614 0.8503323 0.7818380 0.0000000 0.4882085 0.4708900 1.4999740 0.8240978 3.9624626 0.7616222 0.8404648 0.8518131 1.6748219 0.7981010 0.7981010 1.3591743 0.6562507 0.6325916 0.9131491 0.6394347 0.9131491 9.0000000 0.8241645 0.7421922 0.8516367 0.7615552 0.9466495 0.8342197 0.6671136 0.7172093 1.0496129 0.6978198 2.5645036 1.4092650 1.3831137 1.4357029 1.4357029 1.3959452 1.4789067 1.4363290 2.8149891 1.7167141 1.8553673 4.3473576 4.1389731 1.7499117 
Lcom_lcpid24371                                    0.6090393 0.6350420 1.2362518 0.5482237 0.9320221 1.1468735 1.1492809 1.1574089 1.2844250 1.4940460 1.1745579 1.2398083 1.5703206 1.3262543 1.3499725 1.3598796 1.4344588 1.3608736 1.3663483 4.8075795 1.5629527 1.1081447 1.1456795 1.0545046 0.9253690 0.9994091 0.9084583 1.1909093 1.4089003 1.3853607 0.7323997 1.4121411 1.4194540 1.6004086 1.0938837 1.0437529 1.1927047 1.2772077 1.4616302 1.2289884 0.4882085 0.0000000 0.2303802 1.1449633 0.9563819 1.2922655 0.6338898 1.1089740 1.1146708 1.0060244 0.9176272 0.9294158 1.3325937 0.9882877 0.9305759 0.6525121 0.9547828 0.6786014 1.9476999 0.9002310 0.9849919 1.1923438 1.0824226 1.1825003 1.1846946 0.7147669 0.7086641 1.2510903 0.8807443 1.0780944 1.5621988 1.5395428 1.5620769 1.5613723 1.5444126 1.6775866 1.6180054 1.1797379 2.2620043 1.9050638 1.0867471 1.3068565 1.9068245 
Scil_scict000847.1                                 0.5304656 0.5615000 1.2745269 0.4973943 0.9719368 1.1815873 1.1907266 1.1397247 1.3501838 1.6223674 1.1826473 1.1965447 1.6413877 1.3420089 1.3516511 1.3586713 1.4334077 1.3704695 1.3399962 5.5325040 1.5567340 1.1030588 1.1280959 1.0843122 0.9457611 1.0089110 0.9232938 1.2080399 1.3782080 1.3567075 0.7174991 1.4198391 1.4215940 1.5642500 1.1490545 1.0007675 1.2180675 1.2060669 1.4771314 1.2191610 0.4708900 0.2303802 0.0000000 1.2763819 0.9078527 1.2319899 0.5882599 1.0406923 1.0411154 0.9929520 0.9035138 0.9136905 1.3081500 0.9561878 0.9187796 0.7437290 0.9191217 0.7256040 1.8005009 0.9131995 0.9324968 1.1209018 1.0774795 1.1680590 1.1780481 0.7424266 0.7132220 1.2395731 0.7798898 0.9815869 1.5836844 1.5799741 1.5600322 1.5559178 1.5430499 1.6448167 1.5956810 1.1610059 2.2108317 1.9105803 1.0635118 1.2482410 2.0189227 
Plajan_Pjan_scaffold4659_01                        0.6699069 0.6930381 1.4047141 0.7104124 1.1048912 1.0506813 1.2967720 1.3978424 1.2790711 1.3218347 1.3704821 1.3627827 4.8108172 1.3409165 1.3355825 1.2556053 1.3587336 1.3201447 1.3390675 0.0000010 1.4330547 1.0920119 1.1092173 0.7214035 0.8514449 0.8003013 0.8339004 0.7224138 1.4598474 1.3644815 0.8863743 1.4370304 1.4999480 1.3438398 0.6106742 0.9035446 1.1298742 1.0334737 1.1255286 1.1965703 1.4999740 1.1449633 1.2763819 0.0000000 0.4839741 0.9876127 0.0081305 1.3516164 1.3528700 0.7346477 0.9801259 0.9748840 1.6413948 0.8849511 0.8472140 2.1555416 0.8662671 4.8111721 1.1172635 0.8109587 0.8861326 1.3208117 1.2008220 1.0419474 1.0105517 1.1358011 1.0567726 1.1919560 1.1432616 1.2069557 1.4185356 1.4072696 1.4866209 1.4956036 1.3974042 1.3962128 1.4956884 5.2818833 1.8408660 1.9792750 1.4355499 1.6057876 6.5955521 
Opea_EP00118_Oscarella_pearsei_P013762             0.6069464 0.5820059 1.0716962 0.5224616 0.8919466 0.9932684 1.0130476 1.0145343 1.1209639 1.3814524 1.0800110 1.0812138 1.3694894 1.1686569 1.1371873 1.2187769 1.2111275 1.1614829 1.1648261 4.8409398 1.6236483 0.9186585 0.8658486 1.1045513 0.9539452 0.9826700 0.9093888 1.2357928 1.1952897 1.1605309 0.7169180 1.2307576 1.2499939 1.3237564 0.9936470 0.9754780 0.9485551 1.0804951 1.3261019 0.9433701 0.8240978 0.9563819 0.9078527 0.4839741 0.0000000 0.0311775 0.2436720 0.8815610 0.8374671 0.7310671 0.6845940 0.6811371 1.0538984 0.7148752 0.7302802 0.4710916 0.7160009 0.5245989 1.3671222 0.7047916 0.6785786 0.8835893 0.8974726 0.8147842 0.9278956 0.8792076 0.9242682 0.9536411 1.0122065 0.5185026 1.3220615 1.3356678 1.3566818 1.3590367 1.3096196 1.4001064 1.3458763 0.9826136 2.0960536 1.4995725 2.1508634 2.4401261 1.7886430 
