61
Nvec_v1g97167                                                     0.0000000 0.4050370 0.0000010 0.4306209 0.6981072 0.7081679 0.9423568 0.6061215 0.7565848 0.8077674 0.7852652 9.0000000 0.4913159 0.7136983 0.7128733 0.5405040 0.7218105 0.7204570 0.5493692 0.5956579 0.0000010 0.5215919 0.5735458 0.5189250 0.5100619 0.8097301 0.0000010 0.7337689 0.7954777 0.8229363 0.8301498 0.5375723 0.7551329 0.9272052 1.0119078 0.7910048 0.7432213 0.7863658 0.7863658 0.6714994 0.7841940 0.7841940 0.9076211 0.8612697 0.6133955 0.3616373 0.9981926 1.2968270 1.1382331 1.2672389 1.0618758 1.0618758 1.0685565 1.1210223 1.3210789 7.9151684 1.1537432 1.0282791 1.4584671 0.0000010 0.0000010 
Tetwil_g5866.t1                                                   0.4050370 0.0000000 0.5868328 0.9462429 0.8228549 0.7344336 0.8621516 0.7735952 0.8249340 0.7761120 0.9145514 1.0755875 0.7550753 0.7635841 0.6002032 0.7983869 0.8687385 0.5625541 0.9643989 0.9276619 0.6960368 0.6582094 1.0232863 0.6816921 0.7249760 0.7331849 0.8889459 0.9747479 0.9553867 0.7244807 1.0094100 0.8887484 0.9354659 0.9431756 0.9795322 1.0451808 0.8048030 0.9763673 0.9798077 1.0131640 0.9820695 0.9935349 0.8338313 0.9909181 0.9612613 1.1040744 1.3521942 1.0904916 1.2850819 1.3407070 1.0830694 1.0838298 1.1393533 1.2434278 1.3615741 1.4503551 1.4986438 1.2059215 1.3106287 1.5033708 1.4361531 
Nvec_v1g154243                                                    0.0000010 0.5868328 0.0000000 0.2911810 0.2876919 0.2483783 0.2734202 0.3025546 0.3318559 0.3146945 0.3347992 0.4662169 0.4662169 0.4661150 0.5880645 0.7257831 0.4660655 0.0000010 0.5099055 0.4816218 0.4648262 0.0000010 0.5880957 0.5608920 0.7246501 0.5929003 0.5725048 0.7449649 0.5071301 0.5064713 0.4727299 0.7063283 0.4629424 0.4629424 0.4815918 0.5646405 0.5701032 0.5243323 0.5243323 0.5317713 0.5785702 0.5785702 0.3623043 0.8183934 0.6295378 0.6312930 0.6069552 0.6804751 0.7062560 0.7542331 0.7259731 0.6110768 0.6686794 0.6634068 0.7786720 0.7337177 1.8847297 1.0715105 0.6055585 1.3015037 0.8111355 
Exapal_XM_021047569.2                                             0.4306209 0.9462429 0.2911810 0.0000000 0.7075624 0.6266697 0.7437608 0.6753209 0.7228933 0.7441868 0.7673623 0.9988242 0.7543008 0.7850245 0.7943624 1.0833256 0.9362064 1.0831842 0.8520534 0.8560072 0.7685927 0.8882196 0.9200689 0.8883816 0.8105134 0.8848537 0.8978047 1.1329408 1.0319927 0.7371226 0.9467515 0.8136494 0.7619923 0.7642189 0.8764564 0.9181347 0.7508746 0.9416923 0.9449524 1.0068173 0.9877342 1.0004309 1.0610704 1.0626395 0.9175033 0.8719790 1.0693116 0.8916197 1.0913790 1.2563773 0.9537443 0.9791679 0.9590535 1.1470099 1.1878949 1.0992540 1.5619303 0.8726808 1.1826527 1.1417639 1.5915274 
Fspp_ffun1.m4.4196.m1                                             0.6981072 0.8228549 0.2876919 0.7075624 0.0000000 0.0957800 0.2613321 0.2213741 0.2555118 0.6585565 0.6299236 0.9629377 0.7111988 0.7722282 0.7202017 0.9737244 0.7493814 0.7378539 0.8528657 0.8665484 0.7536193 0.7309272 0.9252375 0.7976624 0.7625114 0.8806867 0.9497820 1.0509602 1.0224525 0.5995825 0.8575358 0.8459554 0.8116190 0.7426844 0.6723795 0.9462617 0.7250163 0.9424285 0.9373357 1.0296433 0.9925007 0.9920038 0.8268985 1.0429699 0.8088025 0.8267290 1.0808773 0.8326562 1.1271602 1.1937047 0.8806571 0.9092097 0.9001038 1.0913507 1.1821501 1.0357339 1.5006442 0.7959937 1.2892839 1.4950637 2.1738928 
Gasp_gasp1.m3.13672.m1                                            0.7081679 0.7344336 0.2483783 0.6266697 0.0957800 0.0000000 0.2635974 0.2128737 0.2537031 0.5294137 0.5193000 0.9623217 0.6689076 0.7162215 0.7456790 0.8449959 0.6540850 0.7307255 0.7618322 0.7327552 0.7712343 0.7720990 0.7743488 0.7203414 0.7376168 0.8544397 0.8289889 0.8652045 0.8069217 0.6056925 0.6197365 0.7304243 0.6612892 0.6784895 0.6466370 0.7229286 0.6755529 0.7338259 0.7338259 0.7693399 0.7843724 0.7843724 0.8080212 0.9821903 0.7539652 0.8332979 0.9826288 0.8310463 1.0046331 1.0684226 0.8945381 0.9333729 0.8819796 0.9577208 1.1131290 1.0652068 1.4820339 0.7437097 0.9323497 1.1270900 1.1580628 
Spis_XP_022786164_1                                               0.9423568 0.8621516 0.2734202 0.7437608 0.2613321 0.2635974 0.0000000 0.1189822 0.2847020 0.7154319 0.7614381 0.9799675 0.7710994 0.8258183 0.7285949 1.0851114 0.8446622 1.2237594 0.9576169 0.8963130 0.6584367 1.1617281 0.9443186 0.8550694 0.8577424 0.9207071 0.8760513 1.1144881 0.9932320 0.5983909 0.9329144 0.8794495 0.8460978 0.7664999 0.8218681 0.9847837 0.8013427 0.9613216 0.9646162 1.0975680 1.0427592 1.0424535 0.8998672 1.1203963 0.9401071 0.8546514 1.2007839 0.8301800 1.1905914 1.2378845 1.0567265 1.1849611 1.0224940 1.2129468 1.4097818 1.1139497 2.1599936 0.7620050 1.2471195 1.3593007 2.0717551 
Pocdam_XM_027193058.1                                             0.6061215 0.7735952 0.3025546 0.6753209 0.2213741 0.2128737 0.1189822 0.0000000 0.2584862 0.6554863 0.6543051 1.0035716 0.7456038 0.8444930 0.7222116 0.9883087 0.7676800 0.6504184 0.8808014 0.8275236 0.7099639 0.7066551 0.8647649 0.8109035 0.8053311 0.9108849 0.9064306 1.0264562 0.9626221 0.5510899 0.8334084 0.8387383 0.8230110 0.7254405 0.7337855 0.9017462 0.6902282 0.8844838 0.8874088 1.0007351 0.9559562 0.9553272 0.7805069 1.0649496 0.8587481 0.8403490 1.0939013 0.7981530 1.0318766 1.1371107 0.9116963 0.9384229 0.9298753 1.0853647 1.2885443 1.0982014 1.5078543 0.7559690 1.2440383 1.3861759 2.0453110 
Gfas_gfas1.m1.9111.m1                                             0.7565848 0.8249340 0.3318559 0.7228933 0.2555118 0.2537031 0.2847020 0.2584862 0.0000000 0.7045182 0.6396197 1.0617809 0.7779534 0.8887728 0.7452895 1.0311327 0.7960334 0.7294317 0.8663520 0.8456673 0.6381570 0.7576264 0.8666909 0.8443841 0.7894279 0.9131298 0.8051125 0.9245059 0.8676096 0.5994147 0.8708153 0.8440115 0.7866371 0.7265037 0.6586958 0.8972008 0.6905571 0.9302335 0.9333102 0.9544878 0.9425656 0.9278100 0.7157417 0.9504262 0.8352961 0.7564926 1.0480106 0.8030782 1.1034703 1.1389588 0.8972056 0.9407420 0.9291985 1.1098390 1.2393595 0.9646987 1.5598379 0.7952014 1.2122719 1.5500353 2.3168922 
Hsap_ENST00000281182                                              0.8077674 0.7761120 0.3146945 0.7441868 0.6585565 0.5294137 0.7154319 0.6554863 0.7045182 0.0000000 0.5750086 0.8672215 0.6429677 0.6695720 0.7285384 1.0827280 0.6574479 0.7886421 0.8024525 0.7646052 0.5807541 0.9276486 0.9461986 0.6429002 0.6764989 0.7246965 0.8269681 1.0409817 0.9315055 0.6448791 0.8019055 0.8892040 0.8091304 0.7990144 0.6403182 0.7716315 0.6363389 0.7629737 0.7655060 0.8762929 0.8072692 0.8035502 0.8144881 0.9974679 0.6460284 0.9166816 1.1115839 0.9421606 1.1560116 1.1789203 1.0528348 1.1874599 0.9956348 1.1194567 1.2047111 1.0895367 1.6546465 0.8472704 1.2296106 0.9085789 1.9006441 
Cscu_XM_023384846.1                                               0.7852652 0.9145514 0.3347992 0.7673623 0.6299236 0.5193000 0.7614381 0.6543051 0.6396197 0.5750086 0.0000000 0.9250319 0.7172252 0.7974161 0.7270872 1.0474797 0.6721634 0.9496350 0.8214461 0.7982070 0.5755432 1.0406750 0.8829637 0.7592335 0.8117102 0.8530394 0.7549206 0.8518862 0.8315236 0.5473769 0.6189395 0.8619112 0.7840973 0.7625731 0.6223693 0.8180138 0.6251421 0.8703713 0.8597760 0.8197114 0.8548492 0.8406610 0.7735839 0.9737292 0.8171204 0.9532242 1.3023055 0.8551038 1.0935489 1.2090194 1.0805474 1.1897221 1.0262760 1.2279803 1.1932696 1.0417711 1.7174541 0.7631004 1.0477587 1.1935062 1.9175663 
Spolac_c100692_g1_i1_m.23245c100692-g1                            9.0000000 1.0755875 0.4662169 0.9988242 0.9629377 0.9623217 0.9799675 1.0035716 1.0617809 0.8672215 0.9250319 0.0000000 0.1110972 0.3325312 0.8287775 1.4741264 1.0301257 7.2080541 1.3217072 1.2633879 0.8933076 9.0000000 1.4484899 1.0009480 0.9446699 0.8992086 0.7913700 1.3777635 1.2172387 0.9706453 1.1755137 1.2854375 1.1808030 1.0988629 1.1987900 1.2694101 1.1019833 1.2030072 1.2052185 1.3667049 1.3488390 1.3501894 2.1096340 1.4539268 1.0561480 1.3474901 1.6477067 1.4163872 1.7184984 1.7690550 1.6051885 2.0471597 1.5095694 1.7012769 1.6899262 1.2142573 5.5196181 0.9855013 1.3360086 1.4293613 1.7639307 
Spolac_c100692_g1_i2_m.23246c100692-g1                            0.4913159 0.7550753 0.4662169 0.7543008 0.7111988 0.6689076 0.7710994 0.7456038 0.7779534 0.6429677 0.7172252 0.1110972 0.0000000 0.2145624 0.5102259 0.7366149 0.7402892 0.6025249 0.9325222 0.8652612 0.8811832 0.7555720 1.0631914 0.6688394 0.6491209 0.6513353 0.7913700 1.0417823 0.9607941 0.6713398 0.9869118 0.9351776 0.8671682 0.9223436 0.9145750 0.9173502 0.7595434 0.8879655 0.8888416 0.9626239 0.9691329 0.9685295 0.8295312 1.1303135 0.7335593 1.0507159 1.1891055 1.0913089 1.3255436 1.3599368 0.9969791 1.0268501 1.0775050 1.2707396 1.3335977 1.2419010 1.3651617 0.9861719 1.2612088 1.4293613 1.7639307 
Emue_Em0004g1356a.t1                                              0.7136983 0.7635841 0.4661150 0.7850245 0.7722282 0.7162215 0.8258183 0.8444930 0.8887728 0.6695720 0.7974161 0.3325312 0.2145624 0.0000000 0.4938664 0.8021192 0.7740392 0.7826638 0.9288103 0.8916289 0.7466172 0.9754902 1.0600675 0.7280864 0.6634835 0.7080470 0.8515303 1.0337121 0.9334820 0.7026452 0.9518644 0.9507770 0.8895653 0.9628184 1.0069865 0.9731440 0.8212236 0.9580461 0.9613711 1.0121169 1.0167614 1.0172620 0.9847234 1.1248400 0.7763422 1.0709534 1.2322347 1.0848159 1.3597641 1.3607229 1.0815997 1.1368830 1.1102055 1.3154642 1.3317408 1.2560140 1.6891617 0.9981625 1.2277272 1.4006635 1.5452544 
Stycar_augustus_masked-SC_scaffold4391-processed-gene-0.20-mRNA-1 0.7128733 0.6002032 0.5880645 0.7943624 0.7202017 0.7456790 0.7285949 0.7222116 0.7452895 0.7285384 0.7270872 0.8287775 0.5102259 0.4938664 0.0000000 0.0808927 0.7795059 0.9808363 0.8613355 0.8343261 0.6922821 0.7934688 1.0307227 0.6523615 0.6766923 0.6128429 0.9569084 1.0443254 0.9885619 0.8360827 0.7761068 0.6834126 0.7692484 0.9337952 0.8283760 0.9664855 0.9643342 0.9362988 0.9362988 0.9565619 1.0223752 1.0223752 0.9123485 1.0484501 0.8108447 0.9806459 1.0150147 0.9388952 1.0405465 1.1061308 1.0793908 1.1090446 1.0293593 1.0512025 1.1316090 1.1573548 2.0046107 1.3331304 1.0605164 2.8573646 1.3600429 
Stycar_maker-SC_scaffold4391-snap-gene-0.83-mRNA-1                0.5405040 0.7983869 0.7257831 1.0833256 0.9737244 0.8449959 1.0851114 0.9883087 1.0311327 1.0827280 1.0474797 1.4741264 0.7366149 0.8021192 0.0808927 0.0000000 1.0384383 0.8140243 0.9929477 0.9655323 0.9506562 0.6542447 1.1557149 0.8285114 0.9078460 0.8672164 1.5728407 1.3382198 1.2485707 1.0060136 1.1652198 0.9206137 0.9937007 1.1242547 1.0866426 1.1993720 1.0851534 1.1692870 1.1692870 1.1917623 1.2256801 1.2256801 0.9580422 1.4504524 0.9564143 1.0469561 1.2105397 1.1054449 1.2324188 1.3437640 1.2060234 1.2425163 1.1550972 1.3375748 1.4253933 1.4596101 1.6229642 1.3081553 1.6159788 4.0001722 4.9360556 
Acagra_model.g6624.t1.1.5d3b8527                                  0.7218105 0.8687385 0.4660655 0.9362064 0.7493814 0.6540850 0.8446622 0.7676800 0.7960334 0.6574479 0.6721634 1.0301257 0.7402892 0.7740392 0.7795059 1.0384383 0.0000000 0.8694892 0.8867750 0.8558105 0.5650526 0.8973751 1.0589201 0.8779282 0.8902269 0.9124660 0.9912740 1.0148863 0.9940324 0.6621460 0.9962534 1.0242074 0.9125177 0.9100423 0.6916600 0.9148397 0.6990424 0.9144454 0.9093126 0.9818014 0.9476085 0.9399766 0.7617761 1.0430863 0.8795412 1.1534307 1.3174294 1.1164418 1.1709680 1.2917241 1.0424207 1.0994415 1.0655905 1.2176670 1.1983444 1.3458834 1.3402758 0.8804608 1.2438369 1.3477248 1.4759323 
Aaur_scaffold92.g8.t1                                             0.7204570 0.5625541 0.0000010 1.0831842 0.7378539 0.7307255 1.2237594 0.6504184 0.7294317 0.7886421 0.9496350 7.2080541 0.6025249 0.7826638 0.9808363 0.8140243 0.8694892 0.0000000 0.2958499 0.2865055 0.0000010 0.6084810 0.5063010 0.5605772 0.5665227 0.8954262 0.0000010 0.9518832 0.9479634 0.9235583 0.9262177 0.9126786 0.9606021 1.0541546 1.0764657 0.7582092 0.6686253 0.6977490 0.6977490 0.7064965 0.7168785 0.7168785 0.8027703 1.0314492 0.6672358 0.6230105 0.9662636 1.3695126 1.0690186 1.2074783 0.9353349 0.9353349 0.9267969 0.8322881 1.2484408 8.9947850 1.0653975 1.0282791 8.1087074 0.0000010 0.0000010 
Nemnom_g14114.t1                                                  0.5493692 0.9643989 0.5099055 0.8520534 0.8528657 0.7618322 0.9576169 0.8808014 0.8663520 0.8024525 0.8214461 1.3217072 0.9325222 0.9288103 0.8613355 0.9929477 0.8867750 0.2958499 0.0000000 0.1147825 0.2798076 0.4397458 0.8592692 0.8421846 0.8433980 0.9895793 1.1818506 1.2555964 1.1555207 0.8153306 1.0727673 1.1115532 1.0871154 1.1292701 0.9722052 1.0216703 0.7889608 1.0432386 1.0303937 1.0382756 1.0591291 1.0714029 0.6006350 1.1777323 0.9198239 0.9715717 1.0975783 1.0735538 1.1706181 1.2346276 0.9585805 0.9719629 0.8771493 1.0316002 1.2294837 1.0920604 1.5465217 1.2059742 0.9615531 0.6524621 1.1255234 
Rhoesc_Res_002599-T1                                              0.5956579 0.9276619 0.4816218 0.8560072 0.8665484 0.7327552 0.8963130 0.8275236 0.8456673 0.7646052 0.7982070 1.2633879 0.8652612 0.8916289 0.8343261 0.9655323 0.8558105 0.2865055 0.1147825 0.0000000 0.2678843 0.4446472 0.8178962 0.8879844 0.8353796 0.9435603 1.0734956 1.2345057 1.1374035 0.7567016 1.0776147 1.0976567 0.9884339 1.0772092 0.8970421 0.9703008 0.7435422 0.9865794 0.9745256 0.9469387 1.0203010 1.0228612 0.5961672 1.1014324 0.8609198 0.9372729 1.0849609 1.0230775 1.1774095 1.2005845 0.8885741 0.9020215 0.8412625 0.9779563 1.2091105 1.0904634 1.4098925 1.2546921 0.9331847 0.6010482 1.0990458 
Aaur_scaffold92.g9.t1                                             0.0000010 0.6960368 0.4648262 0.7685927 0.7536193 0.7712343 0.6584367 0.7099639 0.6381570 0.5807541 0.5755432 0.8933076 0.8811832 0.7466172 0.6922821 0.9506562 0.5650526 0.0000010 0.2798076 0.2678843 0.0000000 0.0000010 0.6461086 0.7106076 0.7277058 0.8411893 0.9001182 0.9169019 0.9069476 0.7526987 0.7726756 0.7462045 0.6693097 0.6693097 0.7024954 0.8310915 0.8048600 0.8367102 0.8367102 0.7357746 0.7974969 0.7974969 0.4264484 0.9440477 0.7203043 0.8556391 0.8151812 0.6629842 0.6291122 0.6738503 0.7537672 0.7607857 0.6783391 0.4931500 0.6742958 0.6761027 2.3605330 1.0052334 0.6399044 1.8132967 0.0000010 
Hvul_g4484_1                                                      0.5215919 0.6582094 0.0000010 0.8882196 0.7309272 0.7720990 1.1617281 0.7066551 0.7576264 0.9276486 1.0406750 9.0000000 0.7555720 0.9754902 0.7934688 0.6542447 0.8973751 0.6084810 0.4397458 0.4446472 0.0000010 0.0000000 0.4244228 0.8898109 0.7929980 1.0614875 0.0000010 0.8910563 0.9253005 0.8932817 0.9375106 0.8426584 1.1001737 1.3209362 1.1687699 1.0845713 1.0521303 1.0796900 1.0796900 0.9801075 1.0797592 1.0797592 0.6742213 0.9657270 0.9262211 0.3666547 1.0727678 0.9420874 0.9413436 1.3714515 1.1278325 1.1278325 1.1658720 0.9670566 1.3267850 9.0000000 1.3289797 1.0282791 2.7100738 0.0000010 0.0000010 
Chem_TCONS_00066066                                               0.5735458 1.0232863 0.5880957 0.9200689 0.9252375 0.7743488 0.9443186 0.8647649 0.8666909 0.9461986 0.8829637 1.4484899 1.0631914 1.0600675 1.0307227 1.1557149 1.0589201 0.5063010 0.8592692 0.8178962 0.6461086 0.4244228 0.0000000 1.0864270 1.0576170 1.1561984 1.1590325 1.2172560 1.1455485 0.7703209 1.0529602 1.1087238 1.1438087 1.0910657 1.0487999 1.1321710 0.8604194 1.0806935 1.0674883 1.1610730 1.2390017 1.2285326 0.6106058 1.1677941 1.0766439 1.1104779 1.3204722 0.9880770 1.2087790 1.3811536 0.9962498 1.0628022 1.1022984 1.1751258 1.4548244 1.3110122 1.4477825 1.2770734 0.6972682 1.0573679 1.3866581 
Aque_Aqu2.1.41307_001                                             0.5189250 0.6816921 0.5608920 0.8883816 0.7976624 0.7203414 0.8550694 0.8109035 0.8443841 0.6429002 0.7592335 1.0009480 0.6688394 0.7280864 0.6523615 0.8285114 0.8779282 0.5605772 0.8421846 0.8879844 0.7106076 0.8898109 1.0864270 0.0000000 0.2667984 0.3660351 0.9357401 1.0112170 0.9083791 0.7594743 0.9521146 0.7288768 0.7758695 0.8179575 0.8026938 0.8725234 0.7043064 0.8787209 0.8676673 0.8961830 0.8698508 0.8688533 0.8141184 1.1680382 0.6978440 0.9183934 1.1121959 0.9068320 1.2243674 1.1592563 0.8745015 0.9254172 0.9216406 1.1066486 1.2740827 1.0928241 1.2925519 0.7916146 1.5511386 1.3989212 1.9022123 
Halamb_c51580_g1_i2m.30899                                        0.5100619 0.7249760 0.7246501 0.8105134 0.7625114 0.7376168 0.8577424 0.8053311 0.7894279 0.6764989 0.8117102 0.9446699 0.6491209 0.6634835 0.6766923 0.9078460 0.8902269 0.5665227 0.8433980 0.8353796 0.7277058 0.7929980 1.0576170 0.2667984 0.0000000 0.3093250 0.8768952 0.9186119 0.8604733 0.6889430 0.8910286 0.7518862 0.7567622 0.8182845 0.8324132 0.8512872 0.6959739 0.8343054 0.8234187 0.8862647 0.8956672 0.8816964 0.7700560 1.0435706 0.6949708 0.8771074 1.0069760 0.8859760 1.1177191 1.1536120 0.8734889 0.8977703 0.8686989 1.0521073 1.2905771 0.9983907 1.3124296 0.8686102 1.4084811 1.1253737 1.7895064 
Xestes_maker-XT_scaffold5337-augustus-gene-0.13-mRNA-1            0.8097301 0.7331849 0.5929003 0.8848537 0.8806867 0.8544397 0.9207071 0.9108849 0.9131298 0.7246965 0.8530394 0.8992086 0.6513353 0.7080470 0.6128429 0.8672164 0.9124660 0.8954262 0.9895793 0.9435603 0.8411893 1.0614875 1.1561984 0.3660351 0.3093250 0.0000000 0.9478796 1.0514032 0.9765128 0.8298789 1.0544378 0.7670829 0.8734962 0.9478356 0.9252422 1.0256686 0.8467892 1.0267784 1.0142181 1.0608051 1.0997308 1.1028741 1.0000622 1.1188968 0.7847100 1.0063927 1.1612668 0.9296997 1.2638625 1.3551486 1.0726680 1.1054250 1.0356521 1.2478380 1.2832417 1.2592779 1.7137726 0.8720721 1.4900340 1.1238202 1.6773812 
Leuniv_Lniv_C783797_01                                            0.0000010 0.8889459 0.5725048 0.8978047 0.9497820 0.8289889 0.8760513 0.9064306 0.8051125 0.8269681 0.7549206 0.7913700 0.7913700 0.8515303 0.9569084 1.5728407 0.9912740 0.0000010 1.1818506 1.0734956 0.9001182 0.0000010 1.1590325 0.9357401 0.8768952 0.9478796 0.0000000 0.2388935 0.2798044 0.5003836 1.0712268 1.1686382 0.8408646 0.7978807 0.8323860 1.0894975 0.9231764 1.0845952 1.0899287 1.1526805 1.1487309 1.1425113 0.6690393 0.5780781 1.0059842 1.2710113 1.3923031 1.2062796 1.2792657 1.2633275 1.0132819 1.0710904 1.2156087 1.3038613 1.4090099 1.2498560 2.6505534 1.2770420 1.3112363 1.4255413 1.6745979 
Gracom_Gcom_scaffold17570_01                                      0.7337689 0.9747479 0.7449649 1.1329408 1.0509602 0.8652045 1.1144881 1.0264562 0.9245059 1.0409817 0.8518862 1.3777635 1.0417823 1.0337121 1.0443254 1.3382198 1.0148863 0.9518832 1.2555964 1.2345057 0.9169019 0.8910563 1.2172560 1.0112170 0.9186119 1.0514032 0.2388935 0.0000000 0.3941280 0.5239909 1.1376903 1.2428053 1.0301203 1.0221596 0.9539709 1.2328573 0.9993271 1.2321830 1.2367728 1.2715260 1.2206008 1.2138713 0.8428769 0.6243820 1.1296369 1.3558427 1.4705026 1.3723967 1.4040555 1.4799824 1.0682939 1.0746733 1.2241276 1.4292891 1.5947116 1.5115911 1.3087211 1.4562173 1.4546244 1.9728277 2.0772794 
Scil_scict009459.1                                                0.7954777 0.9553867 0.5071301 1.0319927 1.0224525 0.8069217 0.9932320 0.9626221 0.8676096 0.9315055 0.8315236 1.2172387 0.9607941 0.9334820 0.9885619 1.2485707 0.9940324 0.9479634 1.1555207 1.1374035 0.9069476 0.9253005 1.1455485 0.9083791 0.8604733 0.9765128 0.2798044 0.3941280 0.0000000 0.5068589 1.0739059 1.1875348 0.9867055 0.9578515 0.9415876 1.1158368 0.9276621 1.0715346 1.0753537 1.2018506 1.2241856 1.2215204 0.8435806 0.5841394 1.0619557 1.1594993 1.2300323 1.2399703 1.4478380 1.3941823 1.0794431 1.0876869 1.2083682 1.3327807 1.5402914 1.3522538 1.3548419 1.2574110 1.4033076 1.7465765 2.4032738 
Clacor_Ccor_C535521_01                                            0.8229363 0.7244807 0.5064713 0.7371226 0.5995825 0.6056925 0.5983909 0.5510899 0.5994147 0.6448791 0.5473769 0.9706453 0.6713398 0.7026452 0.8360827 1.0060136 0.6621460 0.9235583 0.8153306 0.7567016 0.7526987 0.8932817 0.7703209 0.7594743 0.6889430 0.8298789 0.5003836 0.5239909 0.5068589 0.0000000 0.5935592 0.7609268 0.7809676 0.9408709 0.6395763 0.7666354 0.7632428 0.7349585 0.7349585 0.7845454 0.8183751 0.8183751 0.7698692 0.6132421 0.6726789 0.9662030 1.0011136 1.0533580 0.9716057 1.0331903 0.9715161 1.1076865 1.0046276 1.0871048 1.0804033 1.2410114 1.5398155 1.0010813 0.7770295 0.8391690 1.3491856 
Dpul_mRNA19294                                                    0.8301498 1.0094100 0.4727299 0.9467515 0.8575358 0.6197365 0.9329144 0.8334084 0.8708153 0.8019055 0.6189395 1.1755137 0.9869118 0.9518644 0.7761068 1.1652198 0.9962534 0.9262177 1.0727673 1.0776147 0.7726756 0.9375106 1.0529602 0.9521146 0.8910286 1.0544378 1.0712268 1.1376903 1.0739059 0.5935592 0.0000000 0.9963365 1.0710017 0.9035828 0.7536899 1.0111661 0.7702196 0.9824924 0.9893306 1.0727631 1.0403490 1.0362123 0.9650551 1.1501650 1.0009484 1.0982317 1.4640617 1.1297823 1.4222441 1.4386698 1.2340875 1.2548745 1.2101267 1.3562484 1.6405962 1.2935779 1.7710093 0.2705313 1.2534722 1.6608607 2.5369537 
Plajan_Pjan_C559117_01                                            0.5375723 0.8887484 0.7063283 0.8136494 0.8459554 0.7304243 0.8794495 0.8387383 0.8440115 0.8892040 0.8619112 1.2854375 0.9351776 0.9507770 0.6834126 0.9206137 1.0242074 0.9126786 1.1115532 1.0976567 0.7462045 0.8426584 1.1087238 0.7288768 0.7518862 0.7670829 1.1686382 1.2428053 1.1875348 0.7609268 0.9963365 0.0000000 0.6617916 0.6406382 1.0224188 1.1199365 0.8998594 1.0800372 1.0839698 1.1859269 1.1461401 1.1595245 1.0544691 1.2640953 0.9504084 0.9184703 1.2348318 1.0385928 1.3116660 1.3488014 1.0399670 1.1282891 1.0492810 1.2933679 1.4322292 1.1278020 1.5100271 0.7408603 1.5161223 1.3473808 2.5978480 
Opea_EP00118_Oscarella_pearsei_P004810                            0.7551329 0.9354659 0.4629424 0.7619923 0.8116190 0.6612892 0.8460978 0.8230110 0.7866371 0.8091304 0.7840973 1.1808030 0.8671682 0.8895653 0.7692484 0.9937007 0.9125177 0.9606021 1.0871154 0.9884339 0.6693097 1.1001737 1.1438087 0.7758695 0.7567622 0.8734962 0.8408646 1.0301203 0.9867055 0.7809676 1.0710017 0.6617916 0.0000000 0.0851286 0.9714377 0.9648467 0.7323785 0.9350537 0.9384417 0.9136425 0.9526434 0.9567592 0.8060896 1.1257054 0.9629117 1.0435347 1.2534293 1.1356842 1.3781670 1.4488159 1.1908941 1.2489070 1.1268625 1.1950181 1.5443967 1.3037481 1.8067612 0.8948894 1.5104640 1.1378449 1.4848175 
Ocar_g947                                                         0.9272052 0.9431756 0.4629424 0.7642189 0.7426844 0.6784895 0.7664999 0.7254405 0.7265037 0.7990144 0.7625731 1.0988629 0.9223436 0.9628184 0.9337952 1.1242547 0.9100423 1.0541546 1.1292701 1.0772092 0.6693097 1.3209362 1.0910657 0.8179575 0.8182845 0.9478356 0.7978807 1.0221596 0.9578515 0.9408709 0.9035828 0.6406382 0.0851286 0.0000000 1.0234637 0.9712118 0.8976498 0.9243089 0.9243089 0.9775929 0.9808629 0.9732393 1.0802798 1.1863915 1.0069217 1.2322698 1.4132272 1.3426781 1.4531794 1.4884047 1.3606561 1.4852482 1.3191111 1.2362237 1.5804917 1.3986008 1.8067612 0.8348657 1.1902533 1.0970642 1.0565743 
Cgig_XM_034477776.1                                               1.0119078 0.9795322 0.4815918 0.8764564 0.6723795 0.6466370 0.8218681 0.7337855 0.6586958 0.6403182 0.6223693 1.1987900 0.9145750 1.0069865 0.8283760 1.0866426 0.6916600 1.0764657 0.9722052 0.8970421 0.7024954 1.1687699 1.0487999 0.8026938 0.8324132 0.9252422 0.8323860 0.9539709 0.9415876 0.6395763 0.7536899 1.0224188 0.9714377 1.0234637 0.0000000 0.9313329 0.7719148 0.9253139 0.9141199 1.0045652 0.9532974 0.9526505 1.0224458 0.9277466 0.9179731 1.0328677 1.3484734 1.0338330 1.3192034 1.3668363 1.1797562 1.2772264 1.1454820 1.3147463 1.3525142 1.3061847 1.7975789 0.7020602 1.3888808 1.3725858 2.2907549 
HoiH23_PlH23_007423-RA                                            0.7910048 1.0451808 0.5646405 0.9181347 0.9462617 0.7229286 0.9847837 0.9017462 0.8972008 0.7716315 0.8180138 1.2694101 0.9173502 0.9731440 0.9664855 1.1993720 0.9148397 0.7582092 1.0216703 0.9703008 0.8310915 1.0845713 1.1321710 0.8725234 0.8512872 1.0256686 1.0894975 1.2328573 1.1158368 0.7666354 1.0111661 1.1199365 0.9648467 0.9712118 0.9313329 0.0000000 0.0283823 0.0807003 0.0771720 0.2073089 0.1493187 0.1534460 0.7783089 1.2382796 1.0788873 0.9810490 1.1652501 1.0370165 1.4487975 1.4362333 0.9592722 0.9716004 1.0547689 1.2047062 1.4374565 1.2604520 1.6681632 1.0329333 1.4834782 1.4850160 2.4641445 
HoiH06_mRNA11902                                                  0.7432213 0.8048030 0.5701032 0.7508746 0.7250163 0.6755529 0.8013427 0.6902282 0.6905571 0.6363389 0.6251421 1.1019833 0.7595434 0.8212236 0.9643342 1.0851534 0.6990424 0.6686253 0.7889608 0.7435422 0.8048600 1.0521303 0.8604194 0.7043064 0.6959739 0.8467892 0.9231764 0.9993271 0.9276621 0.7632428 0.7702196 0.8998594 0.7323785 0.8976498 0.7719148 0.0283823 0.0000000 0.0620794 0.0580398 0.0783518 0.0984506 0.0984506 0.7195154 0.9520340 0.9103658 1.0046675 1.0584750 1.0217556 1.1192439 1.1301827 0.9787055 0.9961985 1.0200096 0.9946180 1.1703926 1.2733104 1.7525266 1.0432812 1.0670899 1.0010166 1.1159894 
Hhon_g03409.t1                                                    0.7863658 0.9763673 0.5243323 0.9416923 0.9424285 0.7338259 0.9613216 0.8844838 0.9302335 0.7629737 0.8703713 1.2030072 0.8879655 0.9580461 0.9362988 1.1692870 0.9144454 0.6977490 1.0432386 0.9865794 0.8367102 1.0796900 1.0806935 0.8787209 0.8343054 1.0267784 1.0845952 1.2321830 1.0715346 0.7349585 0.9824924 1.0800372 0.9350537 0.9243089 0.9253139 0.0807003 0.0620794 0.0000000 0.0028948 0.2328566 0.1632673 0.1674647 0.7197175 1.2158755 1.0875916 0.9953227 1.2111092 1.0468962 1.4394281 1.3959929 0.9787319 0.9817213 1.0718270 1.2247616 1.4220470 1.2753278 1.6794476 1.0090145 1.5235178 1.4832246 2.4408189 
HoiH04_mRNA795                                                    0.7863658 0.9798077 0.5243323 0.9449524 0.9373357 0.7338259 0.9646162 0.8874088 0.9333102 0.7655060 0.8597760 1.2052185 0.8888416 0.9613711 0.9362988 1.1692870 0.9093126 0.6977490 1.0303937 0.9745256 0.8367102 1.0796900 1.0674883 0.8676673 0.8234187 1.0142181 1.0899287 1.2367728 1.0753537 0.7349585 0.9893306 1.0839698 0.9384417 0.9243089 0.9141199 0.0771720 0.0580398 0.0028948 0.0000000 0.2277741 0.1589885 0.1631450 0.7197175 1.2203888 1.0744014 0.9953227 1.1962575 1.0468962 1.4451855 1.4015035 0.9787319 0.9817213 1.0569549 1.2098497 1.4049723 1.2753278 1.6794476 0.9792705 1.5005741 1.4315483 2.3642011 
HoiH11_mRNA1616                                                   0.6714994 1.0131640 0.5317713 1.0068173 1.0296433 0.7693399 1.0975680 1.0007351 0.9544878 0.8762929 0.8197114 1.3667049 0.9626239 1.0121169 0.9565619 1.1917623 0.9818014 0.7064965 1.0382756 0.9469387 0.7357746 0.9801075 1.1610730 0.8961830 0.8862647 1.0608051 1.1526805 1.2715260 1.2018506 0.7845454 1.0727631 1.1859269 0.9136425 0.9775929 1.0045652 0.2073089 0.0783518 0.2328566 0.2277741 0.0000000 0.1925735 0.1964044 0.7606296 1.2852117 1.1518625 0.9911915 1.2719884 0.9644159 1.3978697 1.3965214 0.9908267 1.0330155 1.0436571 1.1740216 1.5191729 1.2407993 1.6138050 0.9804245 1.6030097 1.7156500 2.3610317 
TrH2_TrispH2_005557-RA                                            0.7841940 0.9820695 0.5785702 0.9877342 0.9925007 0.7843724 1.0427592 0.9559562 0.9425656 0.8072692 0.8548492 1.3488390 0.9691329 1.0167614 1.0223752 1.2256801 0.9476085 0.7168785 1.0591291 1.0203010 0.7974969 1.0797592 1.2390017 0.8698508 0.8956672 1.0997308 1.1487309 1.2206008 1.2241856 0.8183751 1.0403490 1.1461401 0.9526434 0.9808629 0.9532974 0.1493187 0.0984506 0.1632673 0.1589885 0.1925735 0.0000000 0.0028565 0.7773165 1.2634618 1.1015519 1.0470377 1.2916569 1.0398126 1.4735301 1.4293173 0.9773746 1.0132068 1.0658328 1.2281440 1.4716578 1.3020974 1.6094713 1.0217741 1.5886633 1.4608319 2.2236703 
Tadh_TriadT33057                                                  0.7841940 0.9935349 0.5785702 1.0004309 0.9920038 0.7843724 1.0424535 0.9553272 0.9278100 0.8035502 0.8406610 1.3501894 0.9685295 1.0172620 1.0223752 1.2256801 0.9399766 0.7168785 1.0714029 1.0228612 0.7974969 1.0797592 1.2285326 0.8688533 0.8816964 1.1028741 1.1425113 1.2138713 1.2215204 0.8183751 1.0362123 1.1595245 0.9567592 0.9732393 0.9526505 0.1534460 0.0984506 0.1674647 0.1631450 0.1964044 0.0028565 0.0000000 0.7773165 1.2494548 1.0882100 1.0470377 1.2871797 1.0398126 1.4816451 1.4248338 0.9773746 1.0132068 1.0596548 1.2132589 1.4510913 1.3020974 1.6094713 1.0217741 1.5786240 1.5123440 2.1709375 
Morvir_scaffold266.g26.t1                                         0.9076211 0.8338313 0.3623043 1.0610704 0.8268985 0.8080212 0.8998672 0.7805069 0.7157417 0.8144881 0.7735839 2.1096340 0.8295312 0.9847234 0.9123485 0.9580422 0.7617761 0.8027703 0.6006350 0.5961672 0.4264484 0.6742213 0.6106058 0.8141184 0.7700560 1.0000622 0.6690393 0.8428769 0.8435806 0.7698692 0.9650551 1.0544691 0.8060896 1.0802798 1.0224458 0.7783089 0.7195154 0.7197175 0.7197175 0.7606296 0.7773165 0.7773165 0.0000000 1.1844866 0.8461067 1.2036600 1.4316465 1.2631253 1.4210813 1.4443058 1.2986436 1.2986436 1.3299209 1.2332718 1.6115019 1.5368537 2.0571220 1.0282791 0.9663081 2.9782845 0.0000010 
Lcom_lcpid54437                                                   0.8612697 0.9909181 0.8183934 1.0626395 1.0429699 0.9821903 1.1203963 1.0649496 0.9504262 0.9974679 0.9737292 1.4539268 1.1303135 1.1248400 1.0484501 1.4504524 1.0430863 1.0314492 1.1777323 1.1014324 0.9440477 0.9657270 1.1677941 1.1680382 1.0435706 1.1188968 0.5780781 0.6243820 0.5841394 0.6132421 1.1501650 1.2640953 1.1257054 1.1863915 0.9277466 1.2382796 0.9520340 1.2158755 1.2203888 1.2852117 1.2634618 1.2494548 1.1844866 0.0000000 1.1051721 1.2595522 1.4908944 1.3196394 1.5204589 1.5771357 1.1541642 1.1589834 1.3023645 1.4113045 1.6151196 1.6607198 1.5998209 1.2739993 1.5124425 1.7812780 2.1507927 
Plespi_Pspi_C604990_01                                            0.6133955 0.9612613 0.6295378 0.9175033 0.8088025 0.7539652 0.9401071 0.8587481 0.8352961 0.6460284 0.8171204 1.0561480 0.7335593 0.7763422 0.8108447 0.9564143 0.8795412 0.6672358 0.9198239 0.8609198 0.7203043 0.9262211 1.0766439 0.6978440 0.6949708 0.7847100 1.0059842 1.1296369 1.0619557 0.6726789 1.0009484 0.9504084 0.9629117 1.0069217 0.9179731 1.0788873 0.9103658 1.0875916 1.0744014 1.1518625 1.1015519 1.0882100 0.8461067 1.1051721 0.0000000 1.0216184 1.2320757 0.9921110 1.2782832 1.2699136 0.9708923 1.0792370 1.0638583 1.2607643 1.4024722 1.2108042 1.5592828 1.1895555 1.4731191 1.7920330 1.8579666 
Pbac_sb2666693                                                    0.3616373 1.1040744 0.6312930 0.8719790 0.8267290 0.8332979 0.8546514 0.8403490 0.7564926 0.9166816 0.9532242 1.3474901 1.0507159 1.0709534 0.9806459 1.0469561 1.1534307 0.6230105 0.9715717 0.9372729 0.8556391 0.3666547 1.1104779 0.9183934 0.8771074 1.0063927 1.2710113 1.3558427 1.1594993 0.9662030 1.0982317 0.9184703 1.0435347 1.2322698 1.0328677 0.9810490 1.0046675 0.9953227 0.9953227 0.9911915 1.0470377 1.0470377 1.2036600 1.2595522 1.0216184 0.0000000 0.0047190 0.4216392 0.4423194 0.4440643 0.3454948 0.3423862 0.3040311 0.3355441 0.4624429 0.4837931 4.3528704 1.0553709 1.4096825 1.1566129 1.3956135 
Horcal_Hcv1.av93.c12.g415.i1                                      0.9981926 1.3521942 0.6069552 1.0693116 1.0808773 0.9826288 1.2007839 1.0939013 1.0480106 1.1115839 1.3023055 1.6477067 1.1891055 1.2322347 1.0150147 1.2105397 1.3174294 0.9662636 1.0975783 1.0849609 0.8151812 1.0727678 1.3204722 1.1121959 1.0069760 1.1612668 1.3923031 1.4705026 1.2300323 1.0011136 1.4640617 1.2348318 1.2534293 1.4132272 1.3484734 1.1652501 1.0584750 1.2111092 1.1962575 1.2719884 1.2916569 1.2871797 1.4316465 1.4908944 1.2320757 0.0047190 0.0000000 0.4433000 0.5617246 0.5273641 0.3075635 0.2841340 0.3005858 0.4183007 0.5705914 0.5803734 0.4613824 1.3142027 1.7982165 1.6243131 2.1957371 
Coemet_Cmet_scaffold8581_01                                       1.2968270 1.0904916 0.6804751 0.8916197 0.8326562 0.8310463 0.8301800 0.7981530 0.8030782 0.9421606 0.8551038 1.4163872 1.0913089 1.0848159 0.9388952 1.1054449 1.1164418 1.3695126 1.0735538 1.0230775 0.6629842 0.9420874 0.9880770 0.9068320 0.8859760 0.9296997 1.2062796 1.3723967 1.2399703 1.0533580 1.1297823 1.0385928 1.1356842 1.3426781 1.0338330 1.0370165 1.0217556 1.0468962 1.0468962 0.9644159 1.0398126 1.0398126 1.2631253 1.3196394 0.9921110 0.4216392 0.4433000 0.0000000 0.0328537 0.2145830 0.2480373 0.2583418 0.2674531 0.3819427 0.3638941 0.3069465 3.1602893 1.2773279 1.2235881 2.1052377 1.4222798 
Coeast_Cast_sb779329                                              1.1382331 1.2850819 0.7062560 1.0913790 1.1271602 1.0046331 1.1905914 1.0318766 1.1034703 1.1560116 1.0935489 1.7184984 1.3255436 1.3597641 1.0405465 1.2324188 1.1709680 1.0690186 1.1706181 1.1774095 0.6291122 0.9413436 1.2087790 1.2243674 1.1177191 1.2638625 1.2792657 1.4040555 1.4478380 0.9716057 1.4222441 1.3116660 1.3781670 1.4531794 1.3192034 1.4487975 1.1192439 1.4394281 1.4451855 1.3978697 1.4735301 1.4816451 1.4210813 1.5204589 1.2782832 0.4423194 0.5617246 0.0328537 0.0000000 0.2634827 0.2657170 0.2784021 0.2818706 0.4877690 0.4786240 0.4142938 0.9262772 1.1793755 1.7600591 2.2202661 1.8420404 
Vmul_Simscaffold1981_01                                           1.2672389 1.3407070 0.7542331 1.2563773 1.1937047 1.0684226 1.2378845 1.1371107 1.1389588 1.1789203 1.2090194 1.7690550 1.3599368 1.3607229 1.1061308 1.3437640 1.2917241 1.2074783 1.2346276 1.2005845 0.6738503 1.3714515 1.3811536 1.1592563 1.1536120 1.3551486 1.2633275 1.4799824 1.3941823 1.0331903 1.4386698 1.3488014 1.4488159 1.4884047 1.3668363 1.4362333 1.1301827 1.3959929 1.4015035 1.3965214 1.4293173 1.4248338 1.4443058 1.5771357 1.2699136 0.4440643 0.5273641 0.2145830 0.2634827 0.0000000 0.2771248 0.2823065 0.2749704 0.4794193 0.5091264 0.3993106 0.9462757 1.3062753 2.0493060 2.0274763 1.9072798 
Bolinf_Binf_sb1250629                                             1.0618758 1.0830694 0.7259731 0.9537443 0.8806571 0.8945381 1.0567265 0.9116963 0.8972056 1.0528348 1.0805474 1.6051885 0.9969791 1.0815997 1.0793908 1.2060234 1.0424207 0.9353349 0.9585805 0.8885741 0.7537672 1.1278325 0.9962498 0.8745015 0.8734889 1.0726680 1.0132819 1.0682939 1.0794431 0.9715161 1.2340875 1.0399670 1.1908941 1.3606561 1.1797562 0.9592722 0.9787055 0.9787319 0.9787319 0.9908267 0.9773746 0.9773746 1.2986436 1.1541642 0.9708923 0.3454948 0.3075635 0.2480373 0.2657170 0.2771248 0.0000000 0.0000010 0.0664994 0.2628114 0.3495914 0.3867363 0.6222442 1.7066761 1.2186316 2.1951126 1.0676528 
Bolinf_Binf_sb1250630                                             1.0618758 1.0838298 0.6110768 0.9791679 0.9092097 0.9333729 1.1849611 0.9384229 0.9407420 1.1874599 1.1897221 2.0471597 1.0268501 1.1368830 1.1090446 1.2425163 1.0994415 0.9353349 0.9719629 0.9020215 0.7607857 1.1278325 1.0628022 0.9254172 0.8977703 1.1054250 1.0710904 1.0746733 1.0876869 1.1076865 1.2548745 1.1282891 1.2489070 1.4852482 1.2772264 0.9716004 0.9961985 0.9817213 0.9817213 1.0330155 1.0132068 1.0132068 1.2986436 1.1589834 1.0792370 0.3423862 0.2841340 0.2583418 0.2784021 0.2823065 0.0000010 0.0000000 0.0450366 0.2403463 0.4331201 0.3896867 0.6222442 1.7990152 1.3530323 2.5035090 1.0676528 
Mlei_ML0312.g8.i1                                                 1.0685565 1.1393533 0.6686794 0.9590535 0.9001038 0.8819796 1.0224940 0.9298753 0.9291985 0.9956348 1.0262760 1.5095694 1.0775050 1.1102055 1.0293593 1.1550972 1.0655905 0.9267969 0.8771493 0.8412625 0.6783391 1.1658720 1.1022984 0.9216406 0.8686989 1.0356521 1.2156087 1.2241276 1.2083682 1.0046276 1.2101267 1.0492810 1.1268625 1.3191111 1.1454820 1.0547689 1.0200096 1.0718270 1.0569549 1.0436571 1.0658328 1.0596548 1.3299209 1.3023645 1.0638583 0.3040311 0.3005858 0.2674531 0.2818706 0.2749704 0.0664994 0.0450366 0.0000000 0.2528799 0.3701760 0.3569727 0.6586524 1.2765266 1.4602557 1.2743449 1.1570862 
Beraby_Baby_sb342360                                              1.1210223 1.2434278 0.6634068 1.1470099 1.0913507 0.9577208 1.2129468 1.0853647 1.1098390 1.1194567 1.2279803 1.7012769 1.2707396 1.3154642 1.0512025 1.3375748 1.2176670 0.8322881 1.0316002 0.9779563 0.4931500 0.9670566 1.1751258 1.1066486 1.0521073 1.2478380 1.3038613 1.4292891 1.3327807 1.0871048 1.3562484 1.2933679 1.1950181 1.2362237 1.3147463 1.2047062 0.9946180 1.2247616 1.2098497 1.1740216 1.2281440 1.2132589 1.2332718 1.4113045 1.2607643 0.3355441 0.4183007 0.3819427 0.4877690 0.4794193 0.2628114 0.2403463 0.2528799 0.0000000 0.5297159 0.4674239 0.8000937 1.2921842 1.7556240 1.4989382 1.6526945 
Lampan_Lpan_7384_01                                               1.3210789 1.3615741 0.7786720 1.1878949 1.1821501 1.1131290 1.4097818 1.2885443 1.2393595 1.2047111 1.1932696 1.6899262 1.3335977 1.3317408 1.1316090 1.4253933 1.1983444 1.2484408 1.2294837 1.2091105 0.6742958 1.3267850 1.4548244 1.2740827 1.2905771 1.2832417 1.4090099 1.5947116 1.5402914 1.0804033 1.6405962 1.4322292 1.5443967 1.5804917 1.3525142 1.4374565 1.1703926 1.4220470 1.4049723 1.5191729 1.4716578 1.4510913 1.6115019 1.6151196 1.4024722 0.4624429 0.5705914 0.3638941 0.4786240 0.5091264 0.3495914 0.4331201 0.3701760 0.5297159 0.0000000 0.5969408 1.2176469 1.4523444 2.0153723 2.0529007 1.7931865 
Eupdun_Edun_sb10611053                                            7.9151684 1.4503551 0.7337177 1.0992540 1.0357339 1.0652068 1.1139497 1.0982014 0.9646987 1.0895367 1.0417711 1.2142573 1.2419010 1.2560140 1.1573548 1.4596101 1.3458834 8.9947850 1.0920604 1.0904634 0.6761027 9.0000000 1.3110122 1.0928241 0.9983907 1.2592779 1.2498560 1.5115911 1.3522538 1.2410114 1.2935779 1.1278020 1.3037481 1.3986008 1.3061847 1.2604520 1.2733104 1.2753278 1.2753278 1.2407993 1.3020974 1.3020974 1.5368537 1.6607198 1.2108042 0.4837931 0.5803734 0.3069465 0.4142938 0.3993106 0.3867363 0.3896867 0.3569727 0.4674239 0.5969408 0.0000000 4.7895831 1.5374080 1.3478677 1.6922075 1.8033117 
Pbac_sb2657622                                                    1.1537432 1.4986438 1.8847297 1.5619303 1.5006442 1.4820339 2.1599936 1.5078543 1.5598379 1.6546465 1.7174541 5.5196181 1.3651617 1.6891617 2.0046107 1.6229642 1.3402758 1.0653975 1.5465217 1.4098925 2.3605330 1.3289797 1.4477825 1.2925519 1.3124296 1.7137726 2.6505534 1.3087211 1.3548419 1.5398155 1.7710093 1.5100271 1.8067612 1.8067612 1.7975789 1.6681632 1.7525266 1.6794476 1.6794476 1.6138050 1.6094713 1.6094713 2.0571220 1.5998209 1.5592828 4.3528704 0.4613824 3.1602893 0.9262772 0.9462757 0.6222442 0.6222442 0.6586524 0.8000937 1.2176469 4.7895831 0.0000000 6.9277421 2.3715400 0.0000010 9.0000000 
Dpul_mRNA11554                                                    1.0282791 1.2059215 1.0715105 0.8726808 0.7959937 0.7437097 0.7620050 0.7559690 0.7952014 0.8472704 0.7631004 0.9855013 0.9861719 0.9981625 1.3331304 1.3081553 0.8804608 1.0282791 1.2059742 1.2546921 1.0052334 1.0282791 1.2770734 0.7916146 0.8686102 0.8720721 1.2770420 1.4562173 1.2574110 1.0010813 0.2705313 0.7408603 0.8948894 0.8348657 0.7020602 1.0329333 1.0432812 1.0090145 0.9792705 0.9804245 1.0217741 1.0217741 1.0282791 1.2739993 1.1895555 1.0553709 1.3142027 1.2773279 1.1793755 1.3062753 1.7066761 1.7990152 1.2765266 1.2921842 1.4523444 1.5374080 6.9277421 0.0000000 1.7679644 0.8307101 1.6857016 
Hvul_g4485_1                                                      1.4584671 1.3106287 0.6055585 1.1826527 1.2892839 0.9323497 1.2471195 1.2440383 1.2122719 1.2296106 1.0477587 1.3360086 1.2612088 1.2277272 1.0605164 1.6159788 1.2438369 8.1087074 0.9615531 0.9331847 0.6399044 2.7100738 0.6972682 1.5511386 1.4084811 1.4900340 1.3112363 1.4546244 1.4033076 0.7770295 1.2534722 1.5161223 1.5104640 1.1902533 1.3888808 1.4834782 1.0670899 1.5235178 1.5005741 1.6030097 1.5886633 1.5786240 0.9663081 1.5124425 1.4731191 1.4096825 1.7982165 1.2235881 1.7600591 2.0493060 1.2186316 1.3530323 1.4602557 1.7556240 2.0153723 1.3478677 2.3715400 1.7679644 0.0000000 1.6768959 1.9355418 
