155
Pbac_sb2651130                         0.0000000 0.1911278 1.9790549 2.2107993 1.8608507 1.5162557 2.5815769 2.6762345 3.3368093 2.8550622 4.8630792 3.3563091 1.9962258 2.0003766 0.0000010 5.7860161 0.0000010 2.8303694 2.8233659 2.7233783 3.1019389 0.0000010 3.0300487 1.8557221 4.6356089 5.0486573 5.2114157 5.0376844 5.1555022 8.1238955 5.2154977 5.8555849 5.3890369 5.0707373 0.0000010 4.3626932 4.3626932 4.3626932 4.3626932 4.8328442 5.6592716 5.6068136 5.3695293 5.6969927 4.5958481 0.0000010 5.5572169 5.0120927 5.3213446 6.9993421 5.8725374 0.0000010 6.2592074 6.1271777 5.8018799 6.0800317 5.8225815 6.3382468 6.3132686 6.5881159 5.2015883 6.1050818 4.9730964 4.7901577 5.4057711 5.1407168 5.1407168 5.3471440 4.7161723 4.5074261 4.6393927 4.8521548 4.9913819 6.5131055 6.4512048 6.6481860 6.1014862 4.8137977 5.5114953 5.2473341 6.7030647 6.5583554 8.9999985 5.0203860 7.1054357 5.5829345 6.3678739 7.1660764 5.0815865 5.1924457 5.1924457 5.1420923 4.6605600 4.6605600 4.9458641 4.5374627 4.6104812 4.5463158 4.6745968 4.7055884 4.5746358 4.4872848 4.5654219 4.5654219 4.5335781 4.6770728 4.4228606 4.4228606 4.4498124 4.6223786 4.6143837 4.6968374 4.6717944 4.2091337 4.2227841 4.5581936 4.5581936 3.9699587 4.2545564 4.2545564 6.0807643 5.7183348 6.3821444 5.5577541 5.2711182 5.9044353 5.9284356 4.8377753 7.6599641 6.0023213 4.9838916 5.8815614 5.4490315 6.6595222 7.0946774 7.6190468 5.9446884 7.6409581 7.3740128 3.7923483 6.4613451 5.8094161 5.1435901 6.2003616 7.4063290 4.6549824 6.1428039 6.2723249 4.7932526 5.2108948 5.9907426 7.2246821 4.8407304 4.8407304 6.3368177 
Horcal_Hcv1.av93.c11.g572.i1           0.1911278 0.0000000 1.5004399 1.3534318 1.3543656 0.5560486 1.9194983 1.8593508 3.1886126 2.2384348 1.9390882 2.1764395 1.6644033 1.7486978 1.4838392 1.9578085 1.8293606 1.9684325 1.4207486 2.1757493 2.2561672 1.7511250 2.9397814 2.4697020 4.7607221 3.7833017 4.0781488 3.9961751 3.8564545 3.9874305 4.0208529 3.9995833 3.9022242 4.0261560 3.2712580 3.3806767 3.3251532 3.3317775 3.2883898 3.7871651 4.2288246 4.5422878 4.1595919 4.3078796 3.7991837 2.0195531 4.2337608 4.0544039 3.9897913 4.1372393 5.0911585 4.6525450 4.5281649 4.3351202 4.7537352 5.0542377 4.3652372 4.4103660 3.9740532 4.4552633 4.1725442 4.6137042 3.6869890 3.6796862 4.0066280 4.1069512 4.2518297 4.2033023 4.2974314 3.9483504 4.2161293 4.0886459 4.1318790 4.5123888 3.8735636 4.2303039 4.0852872 3.6053443 4.4550025 3.9969721 4.6289066 4.4715181 3.8374483 3.6580048 4.3171342 4.1465367 4.2622231 4.6113712 4.0641639 4.1747306 4.2310891 4.1134402 3.9922666 3.9922666 4.2956996 4.0866239 4.2407924 3.9865236 3.8883862 3.9416161 3.9839347 3.9995070 3.9738948 3.9436354 3.8970896 3.9376459 4.0918003 4.0366083 3.9512418 3.9815917 3.9858314 4.0349329 4.0430978 3.6940542 3.7110819 3.6780007 3.6826632 3.3842621 3.6544095 3.6544095 4.1223432 4.3337448 4.5635854 4.3785533 4.2799895 4.2777299 4.2324027 3.6142356 4.3596661 4.2838851 4.1203900 4.3751351 4.0481931 4.7442447 5.2360931 5.2959731 3.6376729 5.0226132 5.5366177 3.9782157 5.3838437 5.3434091 4.1687914 4.3764165 3.8790446 4.0470087 4.2489318 5.1926307 4.4562382 4.8345236 4.4875824 4.3435600 4.0219277 4.0219277 5.8890491 
Lampan_Lpan_C415265_01                 1.9790549 1.5004399 0.0000000 0.9429571 0.9995902 0.5053084 1.5313603 1.4970660 2.4101134 1.8373370 1.5143173 1.9500048 1.3029572 1.4480937 1.2668989 1.5162978 1.4040612 1.4721088 1.3828998 1.7515702 1.8313227 1.8425119 2.2327318 2.3481344 3.9046219 3.1450943 3.2914043 3.3390108 3.1557131 3.3886592 3.0226144 3.0555075 3.1912473 3.0585877 2.9874416 3.3058761 3.2642292 3.3293071 3.3605555 3.5619245 3.9096750 3.8822631 3.9754212 3.9367113 4.0680584 2.3800272 3.9916495 3.7019880 3.5567093 3.6245960 4.2664808 4.8495021 3.7704681 3.9993547 3.8124155 3.9099217 3.8373217 3.7273998 3.6116010 3.3377635 3.3265576 3.5994071 2.8342702 3.5901551 3.4490172 3.7463639 3.8526042 3.8396537 3.5974991 3.5401002 3.6845604 3.5962224 3.4049945 3.7123088 3.0445033 3.5805049 3.7518411 3.2826795 3.8988914 3.4899015 4.2574780 3.9680429 3.2093687 3.2870057 3.4932021 3.7597727 3.7464462 3.9139899 3.8732082 3.8780521 3.8634472 3.7858183 3.7764687 3.7764687 3.6981484 3.6683391 3.7176651 3.5306015 3.4772977 3.5658734 3.8927475 3.9354349 3.6234625 3.6450650 3.5829904 3.5245371 3.5533712 3.4719303 3.3189373 3.4062894 3.3772026 3.1587098 3.1836085 3.3578615 3.4297996 3.3531272 3.3531272 3.0560649 3.2940819 3.2940819 3.7256600 3.7757204 4.0290528 3.8956830 3.8260580 4.3163638 4.2799090 3.3879615 4.1825252 3.7498997 4.0720226 3.9321700 3.8470319 4.3183164 4.5483151 4.5419130 3.5146923 4.2787862 4.9888937 3.5563817 5.0406827 4.9851146 3.7573747 4.2060153 3.7175475 3.9857057 3.6582526 4.6426903 3.6671922 3.9051376 3.4264239 3.2353287 3.7473680 3.7473680 4.8150355 
Bolinf_Binf_sb1266997                  2.2107993 1.3534318 0.9429571 0.0000000 0.3050422 0.5036613 1.5522816 1.6199504 2.5146446 1.7973477 1.5708305 1.6331902 1.5468116 1.4444947 1.2779577 1.5243440 1.4245372 1.4112201 1.4821468 1.9092120 1.8850121 1.8649423 2.6179431 2.7932576 7.5848984 3.1734292 3.4281232 3.6025715 3.1972838 3.2369306 3.1328274 3.5103291 3.6239281 3.4532992 3.0373208 3.4623962 3.4018320 3.5042217 3.3548316 3.7647077 4.0160105 4.1229305 4.0506082 4.1609271 3.8673509 2.6286945 4.2338724 4.1320914 3.4146461 3.7778192 4.5108196 5.3152972 3.5653345 3.8182896 4.1132540 4.2480769 4.0254266 3.9419575 3.3006530 3.5467959 3.4839368 4.0483783 3.2531075 3.6942835 3.9026157 4.1991733 4.4351014 4.1257063 4.0434727 3.4439324 3.4419910 3.4510609 3.1759694 3.6435586 3.3169215 3.7698651 3.7041518 3.2367846 3.7372198 3.9645952 3.7865653 3.9959835 3.4911064 3.7953016 3.2855227 3.7703927 3.8492102 3.8267969 3.6919116 3.7269925 3.6975740 3.5156438 3.8376751 3.8376751 3.8402914 3.7790637 3.7123995 3.5210488 3.5554513 3.5535986 4.0987348 4.2670283 3.7586364 3.7989954 3.7364808 3.7901041 3.6849242 3.5065179 3.7463121 3.8324338 3.8474408 3.7849975 3.7636287 3.8468585 3.8912806 3.7192364 3.7192364 3.4927889 3.8375848 3.8375848 3.6471137 3.5676317 3.2770307 3.4342188 3.4902283 3.4533935 3.4216844 4.2632645 4.3576832 4.0515730 3.8785210 3.6382652 3.6972793 3.9188464 3.9188464 4.4411693 3.3607417 4.2233154 4.6161546 3.3705694 4.7934948 5.0163674 3.7997685 4.3136675 3.0100368 3.7443999 3.2660792 4.8762063 3.7198323 4.0799745 3.7381179 2.9245716 3.4406685 3.4406685 8.9999984 
Mlei_ML0888.g8.i1                      1.8608507 1.3543656 0.9995902 0.3050422 0.0000000 0.4340662 1.6262367 1.6488898 2.0757776 1.7293798 1.6212209 1.8877685 1.5022657 1.4308508 1.2923103 1.5128841 1.4478258 1.4122087 1.4236145 1.6687419 1.7752884 1.8611030 2.1599815 2.1868387 4.6260212 3.4870778 3.7008203 3.7129869 3.4876790 3.6436158 3.2906847 3.6650495 3.6659490 3.5205534 3.0366785 3.5451116 3.5320718 3.5130321 3.4772935 3.8071634 4.3081162 4.3937505 4.3675047 4.3315480 4.1937200 2.3092634 4.5804989 4.2513382 3.9483497 4.0273674 4.4846291 5.1804627 4.3257537 4.2359894 4.1825121 4.5654306 4.0848077 4.0673236 3.9655379 4.1233072 3.9217240 4.4459492 3.3312048 4.0819343 4.1429553 4.1009521 4.2730372 4.2316910 4.0248763 3.7073203 3.8318368 3.7140990 3.6979216 3.6987860 3.7501903 4.0047395 3.7977029 3.2939887 4.2230639 3.9581393 4.3394044 4.4062980 3.5368428 3.7808657 4.0986293 3.8207111 4.0711435 4.2067002 4.0914781 4.1082516 4.0853637 4.0505243 4.0231194 4.0231194 4.0600895 3.9108789 3.8989579 3.7290363 3.8624361 3.9035162 4.4601737 4.4951950 4.0135675 4.0112144 3.8880868 3.9075092 4.0095893 3.8367156 4.0526012 3.9804100 3.9467179 3.8438613 3.8431654 3.6702204 3.7564730 3.7303664 3.7303664 3.4334278 3.8171382 3.8171382 3.9871452 3.8145207 3.8004858 4.0834588 3.9569634 4.0674497 4.0737955 3.8028801 3.9709891 4.1802554 4.1573560 4.0834536 4.1388957 4.0264928 4.2585750 4.7974058 3.3263753 4.3055638 4.8293036 3.4809301 4.8035473 4.7978040 4.3120488 4.5886734 3.3333631 4.1551941 3.7237584 4.2711659 3.9449215 3.9211628 3.8084894 3.4143270 3.7428510 3.7428510 5.3400547 
Mertsp_Mesp_sb618828                   1.5162557 0.5560486 0.5053084 0.5036613 0.4340662 0.0000000 0.8660679 0.8526463 1.6083853 0.9949148 1.0975172 1.0565585 1.0546580 0.9126695 0.7893663 1.0243913 0.8925935 1.0480325 0.6995762 1.0655902 1.1056088 1.1285085 0.2286965 2.0530537 0.0000010 1.7815658 1.6255725 1.6294173 1.6882128 1.6722117 1.5504652 1.6954788 1.8241733 1.7161606 1.6844268 1.9312269 1.9312269 1.9312269 1.9312269 2.0475249 2.1047883 2.1730666 2.1350089 2.1578580 2.1900763 2.0929321 2.2325618 2.0038028 1.9996894 1.9297592 2.5606509 1.6613141 1.9886847 2.0761185 2.0864607 2.2827404 2.2543512 2.1906640 2.1530062 2.0501054 1.8471683 2.1998064 1.7646138 1.9828425 1.9152984 1.8732419 1.8225632 1.7976117 1.9354065 2.0416699 2.0578033 1.9632425 1.9580469 2.0402664 2.0826916 1.9103010 2.0894376 1.8370277 2.2014343 2.1964146 2.4221541 2.2701147 2.0133123 2.1700569 1.8758193 2.1640389 2.4796842 2.4589620 2.7893872 2.7598326 2.7598326 2.8914580 2.8861575 2.8861575 2.7061425 2.8241190 2.8241190 2.7193660 2.8201878 2.7455465 3.0801580 3.1779067 2.5765546 2.5434293 2.6666300 2.6788608 2.5470223 2.5470223 2.6572983 2.4425780 2.4390943 2.5844099 2.5844099 2.0850788 2.0938982 2.0650524 2.0650524 2.0418623 2.1328027 2.1328027 1.9533698 2.1704575 2.0015676 2.1989608 2.2821184 2.1385869 2.1331065 2.4643053 3.6549538 2.6720752 2.9089861 2.8892549 2.3608764 2.5105814 2.5105814 2.2554679 2.3436498 2.3100336 2.8243904 2.6321901 3.0351137 2.9924356 2.3200158 2.3973047 2.4037598 2.4103191 2.0253789 3.6768424 3.0805453 2.9464713 2.1890933 1.7427733 2.5047512 2.5047512 9.0000000 
Vmul_SimC400680                        2.5815769 1.9194983 1.5313603 1.5522816 1.6262367 0.8660679 0.0000000 1.3860820 3.0602681 2.1543375 1.7690057 2.2276928 1.6444268 1.7059870 1.5613438 1.9158037 1.6908735 1.9177857 1.5476457 2.0691343 2.2905319 2.0149111 3.1262358 3.0310080 3.9099017 2.9146856 3.3314157 3.2752072 3.1463255 3.4671638 3.0565418 3.3200233 3.1136918 3.2577470 3.4866693 3.2183425 3.3582700 3.3880569 3.2129182 3.2174135 4.2001052 4.1092555 3.9873226 4.0846590 3.6860766 2.0729995 3.9583867 3.7174690 3.8924695 3.7151908 4.3124340 5.5106495 3.6783136 3.9172295 3.5910406 3.8403265 3.4354923 3.3397709 3.6417117 3.3240312 3.4978475 4.1035922 2.9458939 3.1803617 3.3956240 3.6650375 3.7708365 3.7958992 3.5820864 3.8366296 3.7007417 3.4863587 3.4676427 3.7225142 3.0943478 3.5191295 3.9785615 3.2243716 3.5358722 3.5030429 3.8947758 4.0122204 3.3383440 3.4769820 3.7727460 4.0363708 4.5763794 4.3212105 3.4762341 3.4867866 3.4911952 3.5839279 3.6232689 3.6232689 3.9425889 4.0034236 3.9175424 3.7199179 3.6738266 3.7323145 3.8471069 3.9716252 3.7757548 3.7754396 3.6438576 3.5460758 3.7862022 3.6841857 3.6644918 3.7942481 3.7397262 3.6313075 3.6298746 3.1948326 3.2352555 3.2434145 3.2434145 2.9667519 3.1367855 3.1367855 3.1548800 3.2838605 3.8138568 3.5373801 3.4721366 3.7332967 3.7488078 3.4599229 3.8147156 3.9507124 3.8086825 3.7314810 3.5629433 4.0517755 4.3342944 4.7520342 3.5943211 4.4383637 4.6998760 3.8255341 5.1410517 4.8199565 4.1245291 4.4623849 3.2829520 3.6002107 3.5757107 4.5768269 4.2115779 4.1193490 3.7719500 3.4603824 3.9029398 3.9029398 5.3048437 
Coemet_Cmet_scaffold21936_01           2.6762345 1.8593508 1.4970660 1.6199504 1.6488898 0.8526463 1.3860820 0.0000000 2.9249770 1.9960061 1.6693235 1.9294937 1.2746404 1.6086418 1.2223344 1.6986316 1.4321568 1.6548502 1.3531765 1.9839253 2.0447437 1.6085046 2.9390820 2.7350405 3.8291494 3.2930231 3.4790015 3.4459036 3.3608077 3.5974822 3.0336793 3.2110331 2.9077562 3.4621624 2.6194795 3.0341950 3.1771752 3.1562914 3.0968368 3.3164342 3.7085092 3.6320583 3.5062551 3.6001687 3.4227965 2.2296504 3.8367070 3.4657811 3.5171613 3.7401689 4.3924942 4.4559038 3.4796989 3.9563871 3.6662711 3.9631333 3.4644694 3.3957702 3.1865870 3.5735670 3.3899847 3.7625111 2.9102394 3.1538669 3.0770821 3.4516112 3.5450743 3.3359105 3.7894388 3.4667248 3.5072773 3.5613207 3.4567682 3.4920887 3.0197178 3.2934689 3.4454832 3.4426550 3.6763955 3.2878806 3.6626827 3.6269813 2.9192347 3.2769723 3.5207470 3.8026436 4.0458493 4.0993162 3.8652651 4.0973171 4.0524339 3.9886612 3.8038896 3.8038896 4.0348045 4.0804180 4.0777553 3.8190328 4.0076416 4.1031189 3.9772283 4.0652132 3.8077367 3.8406859 3.9124189 4.0078895 4.0255227 3.8884157 3.7433854 3.6504234 3.6252101 3.7714582 3.7395100 3.5510177 3.5489919 3.4223853 3.4193880 3.3416272 3.4312793 3.4312793 3.3730632 3.5285828 3.6882837 3.7522838 3.6440977 3.5740390 3.5911282 3.5777535 3.1953367 3.6712431 3.9658326 3.8710082 3.7176721 4.1315447 4.3081495 4.1290207 3.3949419 3.8150449 4.3351065 3.5246476 4.6580108 4.8042289 4.0273354 4.1801615 3.2563679 3.3209677 3.9228986 4.2381967 3.4189554 3.7326734 3.2962339 3.4127190 3.7646262 3.7646262 4.8061496 
Vmul_sbMO477608                        3.3368093 3.1886126 2.4101134 2.5146446 2.0757776 1.6083853 3.0602681 2.9249770 0.0000000 0.0000010 0.8609905 0.6925097 0.6046980 0.4261326 0.5205315 0.6440844 0.4545678 0.5035241 1.2805911 0.9589244 1.0393486 0.0000010 1.0904945 0.7560321 3.1755568 3.0838764 3.0461132 3.2128435 2.9739638 4.0679739 3.1101609 3.4373024 3.1969781 3.6440533 2.8004475 2.9103713 2.9103713 2.9103713 2.9103713 3.2697741 4.5783068 4.2420189 4.5025015 4.5252438 4.5492680 0.0000010 4.3376022 4.1133212 4.0461165 4.4890025 4.8129042 0.0000010 4.4767271 4.9153527 4.6964523 4.4835276 4.8694371 4.4396735 4.2663546 3.8244531 3.9878902 4.6575387 3.3793849 3.3649770 3.4538723 3.6283684 3.6283684 3.9346692 3.9543307 3.8388887 3.6535534 3.5831897 3.8860396 4.2898401 4.3509175 3.9628202 4.2450285 3.9519783 4.3659340 3.7730195 4.6060864 3.6788533 3.4881427 3.8062454 4.1535293 4.6170753 5.2735322 5.1205132 4.9111268 4.9386708 4.9386708 5.0082520 4.6900099 4.6900099 4.7134546 4.4831366 4.5116753 4.7949498 4.6698414 4.7955551 4.6665144 4.6744561 4.3580024 4.4151887 4.6528142 4.8704011 4.4201241 4.4201241 4.2467402 4.0657152 4.0576586 4.2213287 4.2199438 3.5325015 3.4881063 3.6617991 3.6617991 3.6168819 3.8499279 3.8499279 5.0462579 4.6019024 4.8071603 4.6037322 4.6249318 4.6390598 4.6524373 4.4061210 4.8740313 5.1087599 4.9108173 4.8193926 4.7076475 5.2463560 5.3741532 5.4372843 2.0834688 4.8438597 4.8879887 3.3146470 4.8932581 4.5620643 4.9743947 5.0261819 4.2811801 3.6965470 3.9809644 6.0043386 4.5442704 4.3754529 4.4243505 4.3663435 4.3014608 4.3014608 4.1523831 
Vmul_sbMO477602                        2.8550622 2.2384348 1.8373370 1.7973477 1.7293798 0.9949148 2.1543375 1.9960061 0.0000010 0.0000000 0.6374399 0.6188352 0.7574021 0.8351326 0.7526718 0.7237595 0.8843637 0.7822945 0.8096809 1.0647975 1.0836294 0.9141461 1.0534224 1.2215271 2.8222177 2.6741021 2.6797700 2.8570382 2.7342566 3.1927245 2.8376694 2.9535543 2.8900032 3.3877679 2.7540472 2.6658636 2.7355364 2.6965073 2.5914890 2.9773972 3.5668401 3.5186813 3.5872955 3.5524960 3.3591030 2.2806888 3.4788797 3.3447452 3.3768915 3.4285973 4.0296788 4.1967442 3.7140070 3.9102872 3.9144634 3.9706640 3.8036294 3.7042568 3.3318055 3.4072874 3.4997142 3.5007584 2.8430798 3.0681147 3.0028594 3.2031350 3.2633437 3.2602797 3.4663833 2.9275442 2.9918734 2.9835511 3.2089378 3.2883407 2.8409165 2.9572250 3.2898841 2.9859016 3.3743519 3.4497887 3.4046522 3.3277439 3.1720694 3.2105632 3.0850395 3.5984123 4.0384449 3.8463370 3.9686681 4.1054079 4.1126688 4.0271162 3.8640720 3.8640720 4.2452697 4.0735446 3.9722543 3.8805529 4.0916765 4.1317850 3.9214938 4.0134377 3.9153664 3.9483966 4.0373740 4.1733328 4.1238242 3.9560540 3.9051259 3.8269503 3.8272758 3.7870123 3.7794686 2.9069818 2.9006305 2.9721581 2.9748370 2.8471068 3.1551104 3.1551104 3.8422838 3.8782309 3.6543667 3.5593722 3.6715182 3.7368501 3.7087095 3.4946846 3.7776339 3.6585436 3.8798316 3.7144284 3.4487739 4.0948242 4.0948242 4.1531355 3.0335243 4.1589112 3.9843477 3.3733095 4.2930228 4.4612217 4.0086229 3.7504145 3.2028350 3.3665382 3.2558528 4.9258019 3.6818141 4.0339474 3.6173067 3.2427234 3.4536570 3.4536570 4.5568408 
Coeast_Cast_sb761917                   4.8630792 1.9390882 1.5143173 1.5708305 1.6212209 1.0975172 1.7690057 1.6693235 0.8609905 0.6374399 0.0000000 0.1297381 0.6630217 0.6890958 0.5940160 0.6845119 0.7817709 0.6986942 0.7124139 0.9905757 0.9925825 0.9262092 2.6030194 4.5695081 2.4527215 2.0876919 2.2590479 2.1681184 2.2336122 2.3106410 2.2655330 2.3442650 2.3887476 2.7778020 2.5925538 2.2550579 2.3828683 2.3910528 2.2473792 2.5504520 2.9940836 3.0467937 2.9721596 3.0114072 2.7885309 2.3995826 3.0835592 3.1574218 2.9368562 2.6662115 3.7191421 3.3482841 3.3049948 3.2674678 2.9959609 3.2538218 2.9609208 2.8808082 2.8376934 3.0594785 2.9972166 2.9640058 2.5008761 2.8077566 2.5201805 2.8826944 2.9240162 2.8562474 2.8267866 2.4116278 2.6492180 2.3041249 2.4411859 2.5774373 2.0397845 2.2524059 2.2002957 2.2615671 2.9242528 3.0475150 3.0771367 2.8519558 2.6932613 3.2291616 2.4849434 3.5835449 3.4647401 3.5630486 3.2540258 3.2798932 3.2815077 3.0896486 3.3375686 3.3375686 3.5605172 3.5928905 3.3955480 3.3650404 3.4108200 3.4553685 3.2802856 3.3408730 3.4525395 3.4959926 2.9279457 3.0496422 3.2586817 3.1965359 3.4588717 3.4302973 3.4540495 3.4561736 3.4401971 2.6201922 2.5817023 2.5537614 2.5582491 2.3148118 2.5678822 2.5678822 3.3496442 3.2358676 2.9917226 2.9963602 2.9986929 3.1885150 3.2400764 2.8335167 3.7034607 3.3868056 3.1189608 3.0089948 2.7158541 3.5988541 3.5988541 3.0071451 2.9417690 3.0362173 4.0795341 3.5370013 4.5958447 4.8872387 3.8200892 2.9606924 2.5196296 3.3231054 2.3043802 4.5081904 3.3772008 3.6097476 3.1345674 2.9324473 2.8730421 2.8730421 5.8283015 
Coemet_Cmet_scaffold13231_01           3.3563091 2.1764395 1.9500048 1.6331902 1.8877685 1.0565585 2.2276928 1.9294937 0.6925097 0.6188352 0.1297381 0.0000000 0.6850069 0.6598368 0.6735645 0.7243138 0.7306073 0.6604322 0.7697463 1.0016963 1.0265206 0.9747359 1.2459321 1.5619950 3.0142092 2.7371987 2.8722102 2.7368804 2.7306166 3.1230107 2.8407170 3.0806289 2.9395552 3.2697722 2.8976721 2.7880933 2.7069574 2.7325484 2.6919574 3.0004591 3.5801393 3.4551115 3.4319633 3.5766854 3.2618595 2.4317258 3.4194507 3.6348123 3.4023032 3.3058644 4.0604433 4.0243390 3.7303973 3.7759636 3.4631773 3.6474231 3.3876342 3.3206480 3.4682872 3.5117630 3.3353756 3.4391565 2.9411957 3.0785509 3.3652708 3.5908035 3.6936050 3.7254275 3.5574293 3.0906486 3.2724114 3.1287547 3.1594531 3.4006720 3.1816073 3.1438062 3.2596358 3.0155325 3.7517501 3.3649693 3.8025062 3.4531870 3.2673806 3.4976030 3.0627215 3.8719871 3.7833576 3.7766142 4.0245749 4.1015453 4.0887029 3.8901009 3.9403727 3.9403727 4.2602345 4.1924934 4.0647884 3.9341565 3.8280754 3.9048614 4.1555613 4.3903913 4.0996600 4.1327475 3.7048015 3.7496298 3.6243421 3.5802890 4.0762742 4.0038839 4.0177246 4.0900669 4.0924771 3.1651094 3.1885024 3.0808013 3.0837491 3.0674372 3.2350970 3.2350970 3.6332836 3.5624055 3.5834601 3.4564914 3.5225518 3.7983036 3.8666979 3.2672642 3.7337618 3.8204768 3.6598023 3.7154230 3.7731819 4.1801058 4.2201777 4.2486316 3.2279129 4.0573449 4.4693594 3.5702356 4.7229257 4.9928474 4.2505956 3.7243564 3.4476529 3.7736898 3.5130253 4.8272578 3.9006998 4.0359242 3.6158458 3.8281157 3.7097730 3.7097730 4.8157252 
Lampan_Lpan_C400447_01                 1.9962258 1.6644033 1.3029572 1.5468116 1.5022657 1.0546580 1.6444268 1.2746404 0.6046980 0.7574021 0.6630217 0.6850069 0.0000000 0.6964663 0.6767469 0.6230250 0.6360703 0.5726056 0.7424774 0.7120089 0.6981598 0.7986452 0.0000010 3.3613739 0.0000010 1.8132951 1.8854444 1.8716958 1.9221090 1.9148873 2.1043778 2.0106684 2.0284173 2.2075491 2.5672286 1.9867047 2.0914568 2.0429755 1.9143422 2.0778566 2.3742632 2.5362410 2.4603481 2.4401538 2.2482724 2.1960641 2.4821023 2.3994440 2.3075373 2.3652070 3.4279597 3.9267273 2.6790696 2.7823869 2.7008405 2.9603262 2.7170094 2.4767145 2.3903835 2.4025077 2.4171645 2.7060659 1.9311758 2.3264986 2.0044258 2.4587658 2.4770163 2.3411446 2.3529828 2.1745615 2.3384808 2.1629307 2.0928931 2.1587746 1.5332720 1.9958281 2.1445622 2.0105564 2.6184658 2.7547980 2.8617466 2.8162028 2.4758681 2.4630275 2.1173438 2.7580914 3.0945354 2.9872469 2.9120427 2.9460185 2.9856873 2.6055045 2.9499301 2.9499301 2.9899390 3.0879052 2.9029766 2.7032112 3.1041642 3.1600085 2.2344126 2.4217861 2.8209160 2.8577722 2.8570807 2.8751418 2.8611205 2.8178392 3.1279026 2.9800803 2.9667932 3.1486471 3.1387790 2.2709749 2.2484096 2.2493288 2.2535246 1.9980591 2.1873347 2.1873347 2.7301220 2.5580724 2.2389399 2.4157948 2.3580024 2.3608928 2.3865730 2.4415248 2.5103347 2.4652943 2.7212132 2.4621675 2.5071667 2.7210627 2.7210627 2.4757247 3.0680282 2.7441885 3.3970832 3.2726048 4.5788581 4.1311928 3.1485150 2.7259650 2.0611881 2.7998267 1.6780217 3.9280365 3.0371795 3.0105641 2.4482601 2.2924041 2.5550684 2.5550684 6.2771256 
Beraby_Baby_sb326927                   2.0003766 1.7486978 1.4480937 1.4444947 1.4308508 0.9126695 1.7059870 1.6086418 0.4261326 0.8351326 0.6890958 0.6598368 0.6964663 0.0000000 0.4568595 0.4725973 0.6234133 0.5146088 0.6443635 0.5808953 0.5640992 0.9943978 0.0000010 4.6222464 0.0000010 1.8406448 2.2237520 2.0161632 2.1247251 2.1620985 2.3807322 2.5680224 2.2054341 2.4537851 2.8424301 2.0174401 2.1692302 2.1356832 2.0296534 2.1730486 2.6468700 2.5945726 2.5686772 2.5729828 2.4624996 1.9823507 2.6293603 2.5102198 2.4691646 2.5628916 3.4469611 3.8460245 2.9561787 3.0066270 2.7902062 3.3796257 3.0142580 2.8579612 2.3511676 2.5308796 2.5478372 2.7282409 2.1512781 2.5291693 2.0818451 2.6702231 2.8824388 2.6438014 2.4787424 2.1846128 2.2894965 2.2028125 2.1404875 2.3191882 1.6067876 2.0295538 2.3589049 2.1708822 2.6649680 2.8297264 2.7749815 2.7779100 2.4897879 2.6666745 2.2896755 2.8372054 3.1161832 2.9170687 2.8688281 2.9003496 2.8916287 2.4171549 2.9393495 2.9393495 3.0761819 2.8826007 2.7113082 2.7047706 3.1867149 3.1606354 2.6437787 2.6898524 3.0805785 3.1255439 2.8030892 2.8970913 3.0611609 3.0213847 3.1458932 2.8993441 2.9039972 3.1905278 3.1882224 2.3865123 2.3770764 2.2696617 2.2767646 1.9595888 2.4433355 2.4433355 2.3819288 2.4478234 2.1260025 2.4809880 2.3037224 2.4365911 2.4025930 2.4213962 2.7324865 2.7340437 2.9184416 2.6287796 2.4234903 2.8696863 2.8696863 2.6174293 2.8243098 2.5244556 3.3038839 3.3459338 4.0052835 4.4041506 3.2655125 3.2322070 2.0066388 2.9440560 1.7186298 3.6871339 2.7340565 3.1579743 2.6134571 2.6416965 2.4572455 2.4572455 5.0460940 
Bolinf_Binf_sb1187054                  0.0000010 1.4838392 1.2668989 1.2779577 1.2923103 0.7893663 1.5613438 1.2223344 0.5205315 0.7526718 0.5940160 0.6735645 0.6767469 0.4568595 0.0000000 0.2601907 0.5516404 0.5532800 0.4946740 0.7595984 0.7394049 0.8836922 0.0000010 7.3705610 0.0000010 2.1184416 2.6639877 2.4693514 2.5479495 2.5698568 2.3963415 2.6650115 2.3732922 2.6804635 2.4132911 2.0729289 2.2331750 2.2698444 2.1722042 2.2884316 2.2896003 2.3543014 2.3541028 2.3538882 2.2459493 2.0703512 2.4138528 2.5186574 2.4252614 2.1382542 3.3064837 3.7004372 2.7195749 2.6133927 2.9565247 3.1016483 2.7409479 2.7763334 2.1081095 2.6059522 2.4647048 2.2885846 2.2007477 2.7127128 2.3064618 2.8824120 3.1936496 2.7042277 2.7175163 2.4544143 2.5311317 2.5208398 2.4194325 2.3099099 1.3782138 2.2037061 2.6453257 2.3514766 2.4997209 2.9272776 2.3608226 2.5040527 2.3908738 2.5627345 1.9470651 2.5101792 2.7452566 2.5703589 3.0615488 3.0204923 3.0092937 2.4970528 3.1046715 3.1046715 2.7849234 2.8343524 2.6370793 2.4938798 2.8082238 2.8082238 2.2300416 2.3204719 2.9615687 2.9615687 2.8759838 3.0342234 3.1086933 2.9093369 2.8939389 2.6834289 2.6834289 3.2193642 3.2165080 2.2540957 2.2294091 2.2058091 2.2111802 1.6739680 2.2894280 2.2894280 2.5351690 2.4457624 2.1852482 2.4507994 2.3623999 2.5271751 2.4723877 2.3178787 1.7310625 2.3683140 2.4707067 2.4491722 2.4501785 3.0734995 3.0734995 2.8838268 2.9389790 2.6532208 3.5476793 3.4858509 3.6128915 4.1082879 3.5579014 2.9308065 1.8709255 3.3090965 1.3911559 3.7666863 2.8333541 3.0295701 2.6543115 2.1446723 2.6212187 2.6212187 5.6525783 
Vmul_sbMO387399                        5.7860161 1.9578085 1.5162978 1.5243440 1.5128841 1.0243913 1.9158037 1.6986316 0.6440844 0.7237595 0.6845119 0.7243138 0.6230250 0.4725973 0.2601907 0.0000000 0.5875009 0.4500650 0.6120384 0.7595445 0.7674894 0.9193923 1.5862626 5.2918734 0.0000010 2.2408198 2.4881788 2.3437224 2.3814432 2.4560448 2.4804960 2.6017434 2.2198021 2.5672046 2.3256838 2.2796387 2.3361991 2.3756615 2.2167785 2.4219944 2.8757555 2.8967197 2.8031473 2.8535733 2.8224830 1.8743976 3.0388798 3.0573304 2.6676354 2.4871825 3.3216925 3.1680897 2.9225825 3.0808411 3.1870292 3.3629609 3.1869013 3.1728830 2.7431321 2.4767067 2.5381307 2.8265464 2.4290197 2.6784646 2.4754831 2.7351033 2.8659359 2.7928732 2.6938156 2.5970715 2.7324580 2.4350260 2.5452992 2.4397953 2.0240276 2.4263976 2.5778135 2.2123059 2.9089159 3.1119981 3.0623822 2.8356469 2.8836097 2.8903811 2.3459222 3.0389088 3.1613762 3.0101353 3.2111297 3.2251578 3.2267200 3.0791564 3.2166184 3.2166184 3.4246902 3.3150764 3.3002329 3.1703969 3.2698394 3.3004779 3.1551649 3.2270181 3.0610001 3.0968761 3.1895231 3.3291664 3.3843474 3.1668179 3.0801746 3.0764317 3.0634743 3.1399157 3.1304590 2.6693988 2.6654272 2.5380901 2.5418670 2.2772798 2.6305429 2.6305429 2.9742848 2.8232217 2.7594230 2.6724400 2.7925597 3.0837235 3.0344866 2.8203961 3.6220894 3.1566778 2.8091726 2.7962259 2.6406584 3.3752451 3.3752451 3.2140209 2.7236516 2.8343296 4.0871231 3.4516379 4.3928115 4.3366757 3.5307623 3.3610727 2.5295183 3.3635671 2.2075540 4.4308205 3.5813847 3.0661666 2.7596296 2.6119507 2.5575407 2.5575407 5.6200830 
Bolinf_Binf_sb1211685                  0.0000010 1.8293606 1.4040612 1.4245372 1.4478258 0.8925935 1.6908735 1.4321568 0.4545678 0.8843637 0.7817709 0.7306073 0.6360703 0.6234133 0.5516404 0.5875009 0.0000000 0.0106629 0.5823475 0.7233809 0.7084193 0.9131238 0.0000010 5.5229866 0.0000010 2.1079708 2.4658404 2.1557844 2.3782282 2.4270796 2.7641398 2.7433520 2.3112856 2.6406865 2.7336401 2.1827723 2.4395938 2.3694596 2.3557988 2.6190883 2.6366568 2.7553540 2.3748112 2.4152271 2.4350168 2.1079702 2.5304747 2.6399079 2.5848593 2.3858186 3.7060444 3.7733337 2.8764155 2.8246260 2.9745180 3.1606004 2.8557911 2.9197297 2.2867151 2.7760771 2.6465688 2.6027319 2.2153178 2.5722397 2.3793318 3.0343656 3.3579785 2.9311810 2.7239877 2.4977684 2.6548743 2.5331489 2.6168395 2.4233280 1.5347136 2.3264413 2.6090099 2.1591773 2.7487841 3.0186706 2.5840436 2.9153998 2.8743882 2.8023745 2.2713274 3.0566289 3.0335846 2.7072811 3.2246011 3.3616676 3.3536120 2.8437850 3.1475307 3.1475307 3.0753617 3.0525757 2.9375066 2.7789338 3.0672231 3.0672231 2.5493538 2.5796134 3.3280116 3.3862442 2.9970433 3.1838123 3.2903287 3.0593953 3.1944074 3.0653486 3.0653486 3.1593372 3.1486987 2.8047699 2.7190039 2.7172543 2.7155816 2.1842612 2.7323490 2.7323490 2.4490131 2.3535081 1.9966859 2.2355505 2.2611998 2.1992771 2.2250216 2.3485511 2.0856266 2.6007645 2.7362027 2.5784165 2.5027166 2.8475886 2.8475886 2.7185108 3.1301326 2.9064821 3.3165361 3.1142660 3.7524687 3.6980180 3.4241068 3.0915099 2.0037276 3.3051809 1.6476524 3.6134677 3.0715097 2.9329400 2.9665670 2.3016030 2.6358484 2.6358484 4.7037169 
Mertsp_Mesp_sb552622                   2.8303694 1.9684325 1.4721088 1.4112201 1.4122087 1.0480325 1.9177857 1.6548502 0.5035241 0.7822945 0.6986942 0.6604322 0.5726056 0.5146088 0.5532800 0.4500650 0.0106629 0.0000000 0.5592467 0.6421571 0.6374462 0.9177556 0.3873891 3.8009266 1.5407699 1.8406010 2.1382839 1.9309916 2.0998409 2.1089151 2.3050420 2.3953132 2.1169828 2.3298860 2.7232792 1.8851557 2.0560883 2.0119926 2.0068718 2.2650158 2.6454058 2.7264174 2.4495206 2.4813682 2.4352845 2.1566886 2.5747328 2.6288203 2.5498010 2.4389971 3.5804754 3.7733337 2.7063396 2.8355908 2.6392029 2.9106981 2.8354173 2.7521650 2.3687695 2.6427451 2.6244729 2.7173491 2.0255831 2.2469131 2.0938914 2.5119402 2.6133507 2.4325749 2.4554902 2.1943347 2.3370665 2.2060904 2.2912691 2.3016056 1.6504504 2.2265754 2.4912276 1.9912931 2.6215966 2.7318534 2.6345718 2.7381989 2.6465313 2.7921519 2.2646735 3.0514326 2.9730510 2.7848355 3.0866927 3.1849231 3.1788550 2.7486236 2.9947042 2.9947042 3.0397662 2.9813467 2.8920798 2.8484127 3.0174836 3.0307549 2.5570113 2.5376608 3.0828333 3.1226733 2.9213144 3.0562376 3.0462769 2.8819435 2.9086558 2.7588204 2.7560692 2.8744148 2.8671095 2.4479614 2.3561997 2.3198176 2.3185338 2.0387073 2.3508022 2.3508022 2.5111535 2.3691247 2.0991121 2.3576616 2.3830582 2.3247575 2.3453870 2.5703718 2.7532265 2.7442262 2.7462560 2.5479525 2.5420693 2.9673916 2.9711299 2.7063559 2.8529755 2.6851701 3.3260190 2.9384279 4.1539402 3.7351547 3.0060087 3.0427397 2.2504973 2.8043456 1.8948474 3.7962205 3.0746084 2.8422219 2.7394952 2.5422509 2.4953064 2.4953064 4.3942609 
Drygla_Dgla_sb292089                   2.8233659 1.4207486 1.3828998 1.4821468 1.4236145 0.6995762 1.5476457 1.3531765 1.2805911 0.8096809 0.7124139 0.7697463 0.7424774 0.6443635 0.4946740 0.6120384 0.5823475 0.5592467 0.0000000 0.8757422 0.8850542 1.1084604 0.8103201 3.3742494 2.7629770 2.1695292 2.8573845 2.7021423 2.8263536 2.8531943 2.4407043 2.7061023 2.5677872 2.7244003 2.1857545 1.8736495 2.1138430 2.0710756 1.9251096 2.3733354 2.5601537 2.5635398 2.5012218 2.5172483 2.3574801 1.9952947 2.7042591 3.0733562 2.8243856 2.3200261 3.6713742 3.7380529 2.7154849 2.7366546 3.0019450 3.4747777 2.6311073 2.6952832 2.0792757 2.6049239 2.4946235 2.3303838 2.3606240 2.8738852 2.3490759 2.9036025 3.2359542 2.7301106 3.0382779 2.2806472 2.4820631 2.4514366 2.3375249 2.4527728 1.4959748 2.2533221 2.6050380 1.9892739 3.0193090 3.3158815 2.8610923 3.1109190 2.8063697 2.9305312 2.1147352 2.6424030 2.9485569 2.4712256 3.0190035 3.2320983 3.2509004 2.6128159 3.1512599 3.1512599 3.0339921 3.0392541 2.7891304 2.6913379 2.9058523 2.8499833 2.8664310 2.9997455 2.9404146 2.9404146 2.9334028 2.9797225 3.1782571 3.0219876 3.1874624 2.9481757 2.9814412 2.8653302 2.8443545 2.3880459 2.3858644 2.3564453 2.3627032 1.9390927 2.4643599 2.4643599 2.7382035 2.6445819 2.5567708 2.7127857 2.6281081 2.5125285 2.4820602 2.4520440 1.4046853 2.1432441 2.4133317 2.2353430 2.6032571 3.2322949 3.2367244 2.8634432 3.2696146 3.0521145 3.1139631 3.1751712 3.3507535 4.0738620 3.1972471 3.0038916 1.9066267 3.3894288 1.1856262 3.5676761 2.5703311 3.1063195 2.5780090 2.2314913 2.8642370 2.8642370 4.2258511 
Pbac_sb2659708                         2.7233783 2.1757493 1.7515702 1.9092120 1.6687419 1.0655902 2.0691343 1.9839253 0.9589244 1.0647975 0.9905757 1.0016963 0.7120089 0.5808953 0.7595984 0.7595445 0.7233809 0.6421571 0.8757422 0.0000000 0.0450394 1.1005786 1.0410166 1.2740343 3.2123920 2.3753607 2.6768517 2.6196174 2.5642476 2.7785627 2.7920762 2.7737723 2.9582022 3.2643247 2.7453264 2.4264291 2.5214321 2.5346289 2.5120422 2.8446971 3.5567212 3.5712659 3.4131387 3.4651430 3.4637867 2.1543374 3.5279348 3.4564957 3.4260690 3.4181889 4.0686658 4.9086071 3.5417757 3.9363570 3.7234424 4.0844849 3.7998324 3.8656057 3.2967003 3.4353187 3.0162468 3.0146602 2.6236579 2.8425711 2.7274726 3.1987832 3.3551137 3.0851323 2.9853578 3.0247840 3.1032478 2.9274482 2.9274116 3.0531287 2.8559584 2.8110758 3.1951245 2.7455912 3.5182317 3.2691445 3.3980471 3.3305447 2.9161407 3.2353526 3.1380148 3.6483489 3.9099941 3.6508015 3.7847073 4.0630374 4.0642621 3.7165209 3.7134526 3.7134526 3.8885738 3.9728312 3.9158378 3.9256887 3.9032642 3.8681758 3.8090572 3.7092668 3.6786740 3.7086014 3.5019578 3.5740999 3.7170954 3.5785305 3.5219737 3.4902680 3.4826476 3.4812495 3.4770891 2.9710523 2.9402471 3.0330861 3.0357744 2.7443898 2.9990186 2.9990186 3.1657671 3.4140513 3.2483463 3.3994353 3.2852642 3.2859300 3.3185659 3.1992384 3.4978625 3.6029211 3.8303818 3.4005552 3.4536705 3.6023722 3.6416377 3.9011040 2.8245435 3.5606284 4.1246131 3.2168247 4.5187780 4.4249851 3.8662424 4.1917265 3.2727913 3.2690979 3.1601518 4.2346216 3.6987733 3.7669544 3.6126226 3.5695655 2.9313319 2.9313319 4.0666362 
Horcal_Hcv1.av93.c6.g541.i1            3.1019389 2.2561672 1.8313227 1.8850121 1.7752884 1.1056088 2.2905319 2.0447437 1.0393486 1.0836294 0.9925825 1.0265206 0.6981598 0.5640992 0.7394049 0.7674894 0.7084193 0.6374462 0.8850542 0.0450394 0.0000000 1.0423272 1.0353584 1.1389518 3.5861446 2.6565298 2.9071261 2.8562170 2.7548314 2.9345339 2.9720649 2.9131797 3.0029568 3.2421228 2.8423388 2.5983017 2.6936396 2.7065827 2.6643083 2.9883787 3.6834335 3.7488631 3.5078829 3.6558449 3.5626997 2.1076284 3.5618766 3.6349047 3.4457896 3.4715376 4.2698161 4.8600428 3.7302879 4.1654470 3.7454733 4.2096344 3.9688485 3.9203351 3.4410357 3.3494252 3.0991856 3.1880977 2.7855461 2.9628458 2.9351486 3.2590692 3.3880507 3.2716404 3.2144737 3.1634790 3.2881211 3.1978425 3.1548532 3.2351832 3.0466696 3.0186646 3.3533348 2.7762066 3.6418133 3.2352007 3.5995873 3.3109249 2.8916535 3.2299760 3.4636608 3.7739342 3.9087441 3.7355140 3.8886490 4.1253136 4.1278984 3.7876791 3.8238078 3.8238078 3.9241386 3.9590647 3.9257500 3.9559834 3.8710702 3.8824016 4.0276671 3.9803588 3.7004425 3.7279108 3.6310870 3.6611847 3.8165251 3.6990412 3.5799036 3.5605622 3.5492191 3.5904693 3.6048395 3.0629314 3.0569366 3.1342300 3.1366990 2.9016342 3.0975277 3.0975277 3.1426551 3.4921333 3.4041678 3.4750665 3.2942443 3.3824669 3.4154608 3.1279691 3.2514967 3.6516765 3.8594273 3.6071776 3.6800988 3.5723573 3.8025419 4.0340686 2.9596324 3.5944615 4.2464684 3.2970163 4.3839529 4.4069537 3.8722611 4.2132820 3.4140298 3.3191440 3.3790403 4.5260146 3.8235814 3.8182271 3.6491060 3.6424044 3.0115308 3.0115308 3.7868357 
Eupdun_Edun_sb10643891                 0.0000010 1.7511250 1.8425119 1.8649423 1.8611030 1.1285085 2.0149111 1.6085046 0.0000010 0.9141461 0.9262092 0.9747359 0.7986452 0.9943978 0.8836922 0.9193923 0.9131238 0.9177556 1.1084604 1.1005786 1.0423272 0.0000000 0.0000010 7.3035612 0.0000010 2.5735729 3.4274413 2.8727565 3.4439333 3.2304573 3.1717015 2.9579840 2.7640252 2.9508215 3.2240914 2.6228014 2.6633438 2.6026849 2.7297893 2.7697303 3.0802727 3.1128775 2.9820732 3.0934476 3.3063768 2.3182412 2.8393520 3.9119065 3.7665765 2.9562836 3.6841495 4.8753985 3.0641581 3.0254877 3.6272281 3.4634907 3.2253990 3.0227129 2.9315060 3.4799562 3.3664489 2.8725994 2.9792601 3.3343876 2.7431066 3.2253297 3.6160050 3.2202313 3.2738090 3.0811078 3.1782312 2.6978953 3.0245092 2.7629944 1.7159167 2.5814014 2.8346216 2.5279012 3.4776220 3.4833648 3.0648271 3.5925416 3.4972602 3.0424427 2.4799917 3.3361807 3.5919782 3.3118947 4.0329670 3.9143026 3.9586797 3.1630968 3.8696333 3.8696333 3.6683238 3.5384535 3.5732864 3.2768218 3.5893764 3.5893764 2.7887183 3.0828219 3.9778773 3.9778773 3.6115696 3.6492586 4.2410379 3.9626302 4.1952352 4.1016996 4.1016996 3.3339091 3.3135781 3.2971205 3.3385284 3.2462008 3.2590213 2.5808264 3.2593175 3.2593175 3.2554070 2.9129931 2.9209351 3.2705281 3.0658206 3.1659340 3.1523426 2.8361963 1.2454047 2.6347130 2.8895866 2.6779773 3.0522958 3.3532633 3.3532633 3.0950744 3.6982137 3.4912506 3.7423460 3.7738350 3.9582487 5.0053565 3.9837949 3.0473883 2.0767097 4.0324780 1.5905790 4.0221522 4.0317630 3.6677895 2.8620947 2.4456571 3.1304703 3.1304703 4.5419074 
Lampan_Lpan_C394213_01                 3.0300487 2.9397814 2.2327318 2.6179431 2.1599815 0.2286965 3.1262358 2.9390820 1.0904945 1.0534224 2.6030194 1.2459321 0.0000010 0.0000010 0.0000010 1.5862626 0.0000010 0.3873891 0.8103201 1.0410166 1.0353584 0.0000010 0.0000000 0.7497241 3.2909077 4.0937329 4.0950351 4.2201015 3.9740034 6.5307590 4.0304874 3.9022474 4.2681198 4.4990220 9.0000000 3.3017672 3.3017672 3.3017672 3.3017672 3.7917703 5.1261446 4.8483721 5.0307459 4.9496415 5.0569137 0.0000010 4.9300303 4.8016146 4.0144400 5.2293220 5.3255343 0.0000010 5.1159022 5.2830127 5.0612191 4.7645244 4.9863514 4.9638334 5.5273207 4.9060626 4.2927439 4.7809827 4.3256002 4.0576461 4.7025602 4.6283706 4.6283706 4.6149258 5.1394680 4.8571953 4.6262996 4.8679079 4.7403991 5.6462233 5.7284339 5.2881132 6.2816127 5.0354830 4.8698217 3.6466037 4.6071171 3.7064158 6.4737726 4.3492981 4.5907720 4.8498079 5.7872291 5.5300854 5.0624389 5.3435410 5.3435410 5.4123927 5.0534265 5.0534265 4.9730393 4.6806262 4.7110243 4.9978161 4.6945152 4.7073005 5.5145412 5.3941985 5.4004445 5.4004445 5.2113121 5.3445243 4.6517484 4.6517484 4.1981801 4.3870256 4.3917336 3.9318645 3.9307470 3.9790738 3.9567371 4.0203033 4.0203033 4.0978971 4.2877399 4.2877399 4.9468039 4.9897153 5.4099052 4.9288343 5.0214833 5.3609342 5.4643978 3.8151473 4.2892451 4.9279659 4.5262668 4.5054861 5.1980980 5.5064811 5.2384205 6.0504655 4.5042057 6.5282438 5.2808476 4.1128201 5.8461353 5.0748729 4.7334630 5.1067062 5.7545853 3.9929696 4.8375795 5.2046421 4.3918555 4.4136724 4.7446590 4.9781526 4.3345526 4.3345526 4.4714096 
Beraby_Baby_sb326929                   1.8557221 2.4697020 2.3481344 2.7932576 2.1868387 2.0530537 3.0310080 2.7350405 0.7560321 1.2215271 4.5695081 1.5619950 3.3613739 4.6222464 7.3705610 5.2918734 5.5229866 3.8009266 3.3742494 1.2740343 1.1389518 7.3035612 0.7497241 0.0000000 2.2614683 2.7881501 3.0009248 3.2307875 3.1803887 5.1187582 2.6985746 3.4289860 3.2333474 3.3808658 2.8899664 2.6565710 2.9111727 2.8381453 2.7431976 2.9310853 4.4319217 3.9683722 4.2230851 4.4330399 4.1881076 2.2496104 3.8290525 3.4581702 3.1096853 4.0468019 5.4715339 4.0517121 4.4896454 5.5049983 4.5101064 5.1280535 4.0207224 3.8831889 4.2466987 4.0941884 3.2581376 4.2339762 3.2428897 3.0602664 2.7446509 3.2643390 3.2643390 3.2133446 3.3020826 3.5852395 3.1002540 3.6657264 3.4841319 4.4267989 3.6624960 3.9383591 4.0494109 4.1814970 3.8653792 3.4542473 3.5808108 3.7129806 2.7144097 3.3467642 4.0894437 4.3068594 4.3189062 4.4462593 3.5560894 3.5532809 3.5532809 3.5157666 3.6465507 3.6465507 3.7711917 3.5574744 3.3083256 3.5855206 3.7798625 3.7798625 3.6967111 3.5095218 3.7508354 3.7508354 3.6866462 4.2815808 3.6855285 3.6551540 3.8059753 3.6860526 3.6999871 3.4565973 3.4454423 2.6708441 2.6383637 2.8555479 2.8532255 2.3600185 2.5945070 2.5945070 4.8124427 4.6586789 4.3913804 4.3195736 4.1638193 4.5947989 4.5569331 3.9416935 0.7689034 3.2091216 3.2538146 3.2369311 4.1936362 4.7399226 4.6796762 6.2923106 5.1976181 5.1269091 4.0676677 4.2766298 4.9349124 4.5769083 4.4596546 4.0594801 3.7057326 3.4927241 4.8620554 4.1530455 4.2292789 3.9259524 4.0428539 4.5149003 4.6615767 4.6615767 3.4056786 
Amil_Amillepora18842-RA                4.6356089 4.7607221 3.9046219 7.5848984 4.6260212 0.0000010 3.9099017 3.8291494 3.1755568 2.8222177 2.4527215 3.0142092 0.0000010 0.0000010 0.0000010 0.0000010 0.0000010 1.5407699 2.7629770 3.2123920 3.5861446 0.0000010 3.2909077 2.2614683 0.0000000 0.4684183 0.4739661 0.3175796 0.5225363 1.7780851 0.9964608 0.9796690 1.5413282 1.1076867 0.7269553 1.8093851 1.8093851 1.8093851 1.8093851 1.7073060 3.3348635 3.1440813 3.3642860 3.3841412 2.9824492 0.0000010 2.9861744 2.7689394 2.5748344 3.3837804 3.7542554 0.0000010 3.4297784 3.7986404 3.5664800 3.2433821 2.9175966 3.4205038 3.3403249 3.0570944 2.7453096 2.9024583 1.9575402 1.8819445 1.9480234 1.6378384 1.6378384 1.9286099 1.9884010 2.6411069 2.5681858 2.9201168 3.0108653 2.9461882 3.3875893 3.1164488 3.1895380 1.8031865 2.8839988 1.8745277 3.1538591 2.7118092 0.0000010 2.1977946 3.3011982 3.8510082 4.0523902 4.2382976 3.2335676 3.1406862 3.1453959 3.1552356 3.1140077 3.1140077 2.9150051 2.7384455 2.7384455 2.9940080 2.6731453 2.7214386 2.7996203 2.8605294 2.5286800 2.5286800 3.0373240 3.1450025 2.8995414 2.8995414 2.6730381 2.9080709 2.8909775 3.0275886 2.9641596 2.5463840 2.5949298 2.4129607 2.4129607 2.5696351 2.8555364 2.8555364 2.9597784 4.0816126 4.1443030 4.2715988 4.0372945 3.9782950 3.9518294 2.2407452 0.0000010 3.9164259 3.9371207 4.0334863 3.6045246 4.1013164 4.1574543 5.0000646 3.8729970 5.0075730 3.6396221 7.5148630 3.6755450 4.5027016 3.6394558 3.7056940 3.6608479 2.8087230 3.5571981 3.8650363 3.2959473 3.7408609 3.1040470 2.8502453 4.9338080 4.9338080 4.0537574 
