62
Dpul_mRNA1466                                                0.0000000 0.0170888 1.7383808 2.0362083 2.4283609 1.6867918 2.0193922 2.0363805 2.9547236 1.9094936 3.2007078 2.5849148 1.6227862 2.5248572 2.3120026 2.7794849 2.6240777 2.5321973 1.8608129 2.5596658 1.8049429 2.1539287 2.4115228 3.0260127 3.5838449 2.9103628 2.4307480 2.3649444 2.3555312 2.4223177 3.7455979 4.6448187 3.6619525 3.4721438 2.2000923 3.7925219 3.3665867 3.2655446 3.9434249 2.4121040 2.8752735 4.3068139 3.6440810 2.9823587 4.8720934 4.6433564 4.2411406 4.6763502 4.5439244 4.5547335 4.2338156 3.8671211 3.4963855 4.0030605 2.3981673 4.5252636 4.0034989 3.8919702 4.3683617 5.1232262 2.8837318 5.4731472 
Dpul_mRNA29593                                               0.0170888 0.0000000 1.9856767 1.9736266 2.0824561 1.9968404 1.9765530 1.9848839 2.4395950 1.9122151 2.5354856 2.1504906 1.5511161 1.9472883 1.8739991 2.1321209 1.9254938 1.9744373 1.6206395 1.9790729 1.6284635 1.9311415 1.9826502 2.2138926 2.5054233 2.0968619 1.8265569 1.7841125 1.7264885 2.0840610 2.5712584 2.8336507 2.4853048 2.4357048 1.9073969 2.6373578 2.4355868 2.2573832 2.7879508 1.9920829 2.1611531 3.2376586 2.8531570 2.4940060 3.4249083 3.3856398 3.1730432 3.3800024 3.6449921 3.8236688 3.6842092 3.5717510 3.1737579 3.2068707 2.6239813 3.3747455 3.0485068 3.0949181 3.3439828 3.5249806 2.8930362 4.3141688 
Gracom_Gcom_scaffold17729_01                                 1.7383808 1.9856767 0.0000000 1.1036772 1.0240646 0.6661098 0.7978411 0.8022592 1.5596766 1.2642501 1.6940300 2.3309185 2.2635385 2.3346434 2.3031827 2.6204248 2.4516295 2.4912692 2.4318363 2.0592641 2.2092196 2.0131139 2.6030560 2.9039254 3.0037089 2.8340054 2.5759323 2.7822641 2.5953441 3.1985280 3.2062169 2.8254564 2.9799944 3.4374606 2.9109502 3.6998712 2.8165957 2.6007723 3.4802932 2.6961226 3.0512110 3.3393252 3.3360224 2.6909733 3.3778538 3.4103506 3.7843388 3.7394168 3.5691220 2.7814274 2.9643594 3.6400536 2.7267417 3.3216150 2.2792139 4.3700639 4.1112009 3.3436474 4.1215019 2.8351267 3.2591388 5.1067788 
Lcom_lcpid198978                                             2.0362083 1.9736266 1.1036772 0.0000000 0.9042547 0.9341756 1.0135123 1.0135123 0.9045404 1.2271259 1.1212864 1.4690966 1.3853191 1.6081900 1.5304013 1.4765277 1.6087131 1.5445580 1.3881816 1.4603513 1.5342880 1.4899895 1.4356284 1.9055353 1.6572506 1.5014789 1.5280857 1.7162941 1.6587121 2.2494047 1.9761487 1.8491502 2.0415665 1.7548313 1.8089161 2.0663939 2.1772820 1.7955575 1.9960146 2.4037427 2.1874782 2.0323815 1.8926701 2.0122801 2.1443122 1.7338464 2.0166553 2.1506875 2.0429093 1.9980578 1.9469561 2.8105166 1.9965695 2.3255425 1.8224623 2.5976975 2.5174423 2.2984360 2.3439385 2.0696775 2.5848174 3.2649644 
Leuniv_Lniv_scaffold4196_01                                  2.4283609 2.0824561 1.0240646 0.9042547 0.0000000 0.6783820 0.6480084 0.6532507 1.2262748 1.0734498 1.6067346 1.9780972 1.4139904 1.6233998 1.5874700 1.7450976 1.7691210 1.7646683 1.8404488 1.5068867 1.5941378 1.6094758 1.8359836 2.0500518 2.1765902 1.9812628 1.9182362 1.7768634 1.7768294 2.2589180 2.2952207 2.2333654 2.0284549 1.9556975 2.0761479 2.5331071 2.1958325 1.9879853 2.0301753 2.3120480 2.1405013 2.8547102 2.6392249 2.2671063 2.4873535 2.3399987 2.7067794 2.5260603 2.5407557 2.0930171 2.1888976 2.7144112 2.4502678 2.9216149 1.9460217 2.8867149 2.3100541 2.2447251 2.6541637 1.9782054 2.9482996 4.7268584 
Scil_scict010648.1                                           1.6867918 1.9968404 0.6661098 0.9341756 0.6783820 0.0000000 0.5519514 0.5545504 1.1906806 0.9912035 1.4024725 2.0506044 1.4197340 1.6003604 1.5148610 1.7727892 1.6818142 1.7401999 1.6754679 1.6431256 1.6976979 1.7075919 1.7442308 1.9732788 2.3145452 2.1025189 1.9045695 1.9990794 1.6427639 2.0849071 1.9884100 2.3095927 1.8432951 2.0300800 2.0155149 2.4382556 1.9215901 1.9224033 2.5078508 2.3204860 2.1885886 2.3526136 2.2296923 1.8119990 2.2710339 2.0428401 2.2411553 2.4002494 2.3876155 2.0419317 2.1438044 2.5627281 2.5258226 2.6426744 1.8834342 2.7149258 2.4374437 2.3797847 2.6887200 2.2680995 2.7065082 4.8131591 
Lcom_lcpid90611                                              2.0193922 1.9765530 0.7978411 1.0135123 0.6480084 0.5519514 0.0000000 0.0055422 0.9017892 0.9692951 1.1433422 1.7168462 1.6540602 1.5877382 1.4493811 1.5914290 1.4147948 1.4875721 1.5575109 1.3998678 1.3029623 1.5153197 1.6054562 1.9546106 2.2315122 1.8653492 1.3986500 1.7871627 1.7484683 2.3916329 2.2518580 2.0272203 1.8677578 1.7519042 2.0060364 2.3868925 1.9322715 2.2030571 2.2836420 2.3598037 2.1480567 2.5210081 2.3559218 1.8915480 2.2708387 2.2457829 2.4820560 2.4176667 2.3526591 2.1471559 2.2470981 2.5459788 2.3879032 2.4820178 1.8628061 3.0035861 2.6624118 2.5541728 2.6005052 2.2659230 2.8272463 3.8806268 
Lcom_lcpid73680                                              2.0363805 1.9848839 0.8022592 1.0135123 0.6532507 0.5545504 0.0055422 0.0000000 0.9052420 0.9692951 1.1738110 1.7316053 1.6540602 1.5974804 1.4585291 1.6010521 1.4204360 1.4969047 1.5766969 1.4089586 1.3115861 1.5204349 1.6154198 1.9663368 2.2419155 1.8746400 1.4042009 1.8023731 1.7484683 2.4122812 2.2710395 2.0358494 1.8758993 1.7594577 2.0060364 2.3927207 1.9447214 2.2085565 2.2930423 2.3752875 2.1616988 2.4660617 2.3559218 1.8915480 2.2770517 2.2590424 2.4888643 2.4297269 2.3666799 2.0989321 2.1979115 2.5564276 2.3979076 2.5500717 1.8628061 3.0108532 2.6913760 2.6235662 2.5422255 2.2717204 2.8272463 3.9054078 
Clacor_Ccor_scaffold8406_01                                  2.9547236 2.4395950 1.5596766 0.9045404 1.2262748 1.1906806 0.9017892 0.9052420 0.0000000 0.7897373 1.5528411 2.0822048 1.3560437 2.0124328 1.9736371 1.9917860 1.9434434 2.0142666 1.8762632 1.8806461 1.6324026 2.1899799 1.9943318 2.2747945 2.7768708 2.0606990 2.0656426 2.1248142 1.7966566 2.5913930 2.6463037 2.5209849 2.4297023 2.4943437 1.7081970 2.5061168 2.1013199 2.7430478 2.6829540 2.6838918 2.6815967 2.6060364 2.8913767 2.0640780 3.0394990 2.7848205 2.7807204 2.4884806 2.4813868 2.5783135 2.7117173 2.8826799 2.7702742 3.3104812 1.8693554 3.0702378 2.5822227 2.6305946 2.6723045 2.6298032 2.2404349 4.6342997 
Clacor_Ccor_scaffold8407_01                                  1.9094936 1.9122151 1.2642501 1.2271259 1.0734498 0.9912035 0.9692951 0.9692951 0.7897373 0.0000000 1.3872210 1.4806961 1.0215527 1.4106427 1.4210385 1.3926960 1.5586572 1.5809793 1.5069563 1.4018552 1.6322511 1.3550505 1.4389056 1.7380620 1.6702911 1.4374991 1.7237792 1.7811203 1.8033088 2.3968245 2.3561815 1.9507563 1.6831875 1.8039049 1.4936710 2.0862829 1.8345554 2.3498535 2.1385617 2.6366278 2.3686882 2.4940430 2.2160867 1.9180325 2.2204539 2.3881767 2.3005257 2.3626707 2.5719223 2.3739213 2.4285507 2.2993375 2.2849587 3.0205095 1.8431848 2.7628027 2.3233876 2.2254062 2.5647513 1.7933925 2.4576556 2.7086088 
Lcom_lcpid127492                                             3.2007078 2.5354856 1.6940300 1.1212864 1.6067346 1.4024725 1.1433422 1.1738110 1.5528411 1.3872210 0.0000000 2.5893527 1.5488201 2.3651105 2.2540565 2.2555760 2.1055402 2.2066571 2.2046574 2.0148553 1.8294021 2.2163605 2.1727931 2.6071019 2.8232748 2.2502333 2.3427899 2.3540843 2.1601267 2.4461752 2.7253701 2.5094005 3.0033127 2.4141428 2.6569687 3.3761016 2.4449688 2.5709791 2.9884200 2.5929720 2.2143022 2.7669866 2.6366372 2.0600492 2.8068462 2.8258600 2.7988366 2.9952001 3.0468784 2.8145856 2.8788122 2.9563668 2.6047935 3.4031451 2.3009574 3.6593883 3.3534260 3.0435413 2.9925903 2.9619773 2.8185846 4.7718074 
Cgig_XM_011430181.3                                          2.5849148 2.1504906 2.3309185 1.4690966 1.9780972 2.0506044 1.7168462 1.7316053 2.0822048 1.4806961 2.5893527 0.0000000 1.2273908 1.8022167 1.6190151 1.7300456 1.6062041 1.5875919 1.4674550 1.5281055 1.1934031 1.1700306 1.6923985 2.2060236 2.5501387 1.5856945 1.8910259 2.1459869 1.5404472 1.8970288 2.2489714 1.8194425 1.8434437 2.1094755 1.9149547 2.4212590 2.0710917 1.7638443 2.2631733 2.4471108 1.9289512 2.9190761 2.6136714 2.1624371 2.7193057 2.6959401 2.3167441 2.7747238 2.6049828 2.4805020 2.3763769 2.5801413 2.4915733 3.2292277 1.8072812 3.1851399 2.7515182 2.3821516 2.6563379 3.2610115 2.4639031 4.2948945 
Ctel_gnl_WGS_AMQN_CAPTEDRAFT_mRNA92244                       1.6227862 1.5511161 2.2635385 1.3853191 1.4139904 1.4197340 1.6540602 1.6540602 1.3560437 1.0215527 1.5488201 1.2273908 0.0000000 0.9312003 1.0097011 1.0619146 0.9692375 0.9533723 1.0379660 1.1825659 1.1367310 1.0342911 1.1308143 1.0103932 1.4442303 1.5371278 1.2654720 1.1687638 1.2586920 1.4917459 1.2632980 1.1977446 1.2938791 1.1877080 1.4926278 1.4926278 1.1683927 1.2224007 1.3726531 1.8810778 1.4581206 2.0443222 2.2338797 2.2871165 2.2102084 2.0715583 2.0720846 1.9251053 1.9519226 2.0289891 2.0874802 1.9634008 1.8366877 2.2028511 1.7236101 1.4958055 1.8113113 1.5511127 1.8963699 2.0680962 2.5147411 3.5134310 
Spis_XP_022805045_1                                          2.5248572 1.9472883 2.3346434 1.6081900 1.6233998 1.6003604 1.5877382 1.5974804 2.0124328 1.4106427 2.3651105 1.8022167 0.9312003 0.0000000 0.1699589 0.4838818 0.4072368 0.4256669 0.7887335 0.8145339 1.1122308 1.7521321 1.5858850 1.6972984 1.9331750 1.5525386 1.4956040 1.4772091 1.3116095 1.4928178 1.7393498 1.5441853 1.5980862 1.4739600 1.5544558 2.0532066 1.3315362 2.0959063 1.9571385 2.2532120 1.8840971 2.7632350 2.4863272 1.9761017 2.5733578 2.5452823 2.9604515 2.7123979 2.7763877 2.6087787 2.8008630 2.9404872 2.7685515 3.1932173 1.8597461 2.7037048 2.4214390 1.9913772 2.1036851 2.4321456 2.8832484 4.1272079 
Pocdam_XM_027182500.1                                        2.3120026 1.8739991 2.3031827 1.5304013 1.5874700 1.5148610 1.4493811 1.4585291 1.9736371 1.4210385 2.2540565 1.6190151 1.0097011 0.1699589 0.0000000 0.4438428 0.3934402 0.4308484 0.7346193 0.8109060 1.0845313 1.5112968 1.4743857 1.6207451 1.8760109 1.4802852 1.4363744 1.4009570 1.3112458 1.4931768 1.7371334 1.6173816 1.6803377 1.4900158 1.5975208 2.1107034 1.3176651 1.9282891 1.8219718 2.1363935 1.8532184 2.7436999 2.4397171 2.0092467 2.5047902 2.5552769 2.7656844 2.7227544 2.5567424 2.4924209 2.6165507 2.8777616 2.6447609 3.1012410 1.8489299 2.5719810 2.3850925 1.9169760 2.0796621 2.6300456 2.7337729 4.0533637 
Gfas_gfas1.m1.17062.m1                                       2.7794849 2.1321209 2.6204248 1.4765277 1.7450976 1.7727892 1.5914290 1.6010521 1.9917860 1.3926960 2.2555760 1.7300456 1.0619146 0.4838818 0.4438428 0.0000000 0.3775434 0.3536305 0.8523440 0.7271058 1.1127974 1.7564367 1.4819780 1.5996549 1.8196872 1.5452528 1.3264613 1.3742920 1.3527018 1.4895329 1.6176411 1.7882845 1.7859870 1.6660905 1.5390062 2.1700655 1.5336916 1.8556299 2.0203594 2.0792209 1.8684567 2.9307263 2.9178853 2.3688629 2.9465647 2.8740296 2.7923737 2.8827585 3.0243588 2.5602984 2.6764158 2.7416758 2.4956107 3.0604590 1.9374399 2.6979940 2.3709619 2.1537913 2.2194940 2.6652261 2.9035826 4.4517736 
Fspp_ffun1.m4.22093.m1                                       2.6240777 1.9254938 2.4516295 1.6087131 1.7691210 1.6818142 1.4147948 1.4204360 1.9434434 1.5586572 2.1055402 1.6062041 0.9692375 0.4072368 0.3934402 0.3775434 0.0000000 0.1664484 0.7986358 0.8659150 1.0595213 1.6042872 1.5348756 1.5793593 1.9343629 1.7909397 1.2940549 1.2683164 1.3366920 1.3116092 1.4123492 1.6468210 1.8845199 1.5391999 1.5470719 2.1743035 1.4238355 1.8958191 1.9475570 2.3823805 2.1357370 2.4119137 2.5593691 1.9372741 2.4560258 2.4509739 2.5778333 2.3794557 2.5029021 2.2657913 2.2199599 2.7539146 2.4519924 3.1234326 1.8409437 2.6654049 2.2347838 2.0675999 2.2877001 2.7251915 2.7321677 4.8534823 
Gasp_gasp1.m3.26355.m1                                       2.5321973 1.9744373 2.4912692 1.5445580 1.7646683 1.7401999 1.4875721 1.4969047 2.0142666 1.5809793 2.2066571 1.5875919 0.9533723 0.4256669 0.4308484 0.3536305 0.1664484 0.0000000 0.7889421 0.8646534 1.0425206 1.6173730 1.5562412 1.6619649 2.0005696 1.7537286 1.3778315 1.2907695 1.3629097 1.3290748 1.4167787 1.8007833 1.7953666 1.5542104 1.6250848 2.1848947 1.4248259 1.8499805 2.0533735 2.4486979 2.0853418 2.6815040 2.6869846 1.9552426 2.4511387 2.4950516 2.7234692 2.5082888 2.6123175 2.2615414 2.3065007 2.8039439 2.3884628 2.9849089 1.7994677 2.4021617 2.1975992 2.0289631 2.2090868 2.7010943 2.7470538 4.3823039 
Nvec_v1g131996                                               1.8608129 1.6206395 2.4318363 1.3881816 1.8404488 1.6754679 1.5575109 1.5766969 1.8762632 1.5069563 2.2046574 1.4674550 1.0379660 0.7887335 0.7346193 0.8523440 0.7986358 0.7889421 0.0000000 0.7498459 1.1079504 1.5181955 1.5563060 1.8186647 2.0727411 1.7234937 1.4148600 1.5416028 1.3820738 1.4708164 1.7571216 1.9723158 1.9330495 1.6271813 1.3252857 1.9603905 1.5437950 2.0327397 1.8361139 2.4720870 2.0523258 2.5907730 2.2913327 1.9956684 2.1477755 2.5834137 2.6351729 2.7609511 2.7413016 2.4080075 2.3876530 2.9452412 2.3213677 2.9541391 1.6560870 2.5261681 2.2615773 1.8589179 2.0873225 2.7049651 2.7675545 5.0292151 
Exapal_XM_021060772.2                                        2.5596658 1.9790729 2.0592641 1.4603513 1.5068867 1.6431256 1.3998678 1.4089586 1.8806461 1.4018552 2.0148553 1.5281055 1.1825659 0.8145339 0.8109060 0.7271058 0.8659150 0.8646534 0.7498459 0.0000000 1.0330227 1.6711253 1.5704579 1.7852212 1.9377237 1.7114443 1.4572677 1.5721358 1.1985892 1.5719793 1.8182197 1.9296822 1.9061126 1.8831409 1.3610840 1.9138289 1.5290302 2.0785294 2.0522303 2.3366984 1.8634711 2.4325607 2.5323207 1.8775003 2.4081297 2.3665383 2.6546361 2.5969429 2.7875441 2.4665534 2.5313534 2.6748207 2.4618879 3.0898570 1.8443338 2.5446388 2.4542064 2.0380801 2.1573846 2.5068348 2.8147469 4.5307748 
Skow_XM_002732084.2                                          1.8049429 1.6284635 2.2092196 1.5342880 1.5941378 1.6976979 1.3029623 1.3115861 1.6324026 1.6322511 1.8294021 1.1934031 1.1367310 1.1122308 1.0845313 1.1127974 1.0595213 1.0425206 1.1079504 1.0330227 0.0000000 1.1281201 1.1863008 1.7761116 1.9361933 1.4038251 1.2196561 1.2480806 1.3771105 1.6576705 1.8370287 1.5197625 1.5531400 1.3459285 1.3364081 1.8436061 1.4976981 1.4577689 1.8420891 1.9929905 1.5974075 2.2705951 2.2097569 1.8840717 2.4137737 2.3054068 2.6556867 2.3864818 2.5411584 2.0943860 2.1849223 2.2990023 2.1607732 2.4536227 1.7146957 2.4316078 2.1709822 1.9952035 2.1051412 2.6237062 2.1786546 3.6007239 
Acagra_model.g2830.t1                                        2.1539287 1.9311415 2.0131139 1.4899895 1.6094758 1.7075919 1.5153197 1.5204349 2.1899799 1.3550505 2.2163605 1.1700306 1.0342911 1.7521321 1.5112968 1.7564367 1.6042872 1.6173730 1.5181955 1.6711253 1.1281201 0.0000000 1.3270345 2.0700171 2.1384098 2.0133298 1.9408276 1.9089193 1.4049939 2.0663347 2.4924632 2.0278220 1.7285446 1.9857278 1.8807769 2.5580975 1.9227066 1.7935219 2.7558533 2.5283882 2.0855348 2.7075995 2.5860541 2.2854838 2.8502941 2.7784224 2.9436426 3.1018879 3.1933701 2.5126822 2.5505939 2.7048819 2.0390069 3.2631355 1.9116403 2.6636253 2.4688952 2.3741145 2.5030791 3.0398205 2.7862283 4.2041542 
Bralan_BLAG09000893_1                                        2.4115228 1.9826502 2.6030560 1.4356284 1.8359836 1.7442308 1.6054562 1.6154198 1.9943318 1.4389056 2.1727931 1.6923985 1.1308143 1.5858850 1.4743857 1.4819780 1.5348756 1.5562412 1.5563060 1.5704579 1.1863008 1.3270345 0.0000000 2.1557221 2.0264938 1.6393374 1.4157111 1.5598906 1.3422142 2.0191228 2.1698229 1.9883281 1.6240967 1.7989569 1.3884187 2.2202281 1.6084624 1.7502803 2.2355084 2.2705679 2.0408967 2.4112393 2.6275154 2.2720833 3.0430533 2.7976321 2.9482696 3.1206578 2.9449241 2.5533371 2.7586560 2.5910162 2.2183875 2.8634860 1.9242953 2.6792521 2.6296543 2.3784256 2.7388502 3.0359739 2.9314300 4.5518849 
Morvir_scaffold1.g254.t1                                     3.0260127 2.2138926 2.9039254 1.9055353 2.0500518 1.9732788 1.9546106 1.9663368 2.2747945 1.7380620 2.6071019 2.2060236 1.0103932 1.6972984 1.6207451 1.5996549 1.5793593 1.6619649 1.8186647 1.7852212 1.7761116 2.0700171 2.1557221 0.0000000 2.1280805 1.8320870 1.8668300 1.8375655 1.3271928 2.1042846 2.1686142 2.1700864 1.7690945 1.9441919 1.6915578 2.4966438 1.9403110 2.7286725 2.6967421 2.7236925 2.2004173 3.4414337 3.2128587 2.7427953 3.6878089 3.3026442 3.8161932 3.5863990 4.1129878 3.2109304 3.4054476 3.2016583 2.9822200 3.9224552 2.4844615 2.8720000 3.3347519 2.7779704 3.3102204 3.0229749 3.0084282 3.9294550 
Aque_Aqu2.1.43344_001                                        3.5838449 2.5054233 3.0037089 1.6572506 2.1765902 2.3145452 2.2315122 2.2419155 2.7768708 1.6702911 2.8232748 2.5501387 1.4442303 1.9331750 1.8760109 1.8196872 1.9343629 2.0005696 2.0727411 1.9377237 1.9361933 2.1384098 2.0264938 2.1280805 0.0000000 1.1920382 2.0916910 2.2921850 1.4260038 1.8870860 2.2622567 2.2802201 1.6128871 1.9464807 1.9026404 2.5034053 2.3587410 2.3084384 2.1941144 2.0692628 1.8821207 3.3706027 3.4831104 2.2550506 3.1691616 3.1079467 3.3248795 3.1254496 2.9299702 3.1712024 3.3095870 3.0840746 3.0735695 3.6365753 2.0998115 2.7215791 2.7725925 2.5463190 2.7063908 3.3942186 2.8139577 4.1197032 
Halamb_c5221_g1_i1m.798                                      2.9103628 2.0968619 2.8340054 1.5014789 1.9812628 2.1025189 1.8653492 1.8746400 2.0606990 1.4374991 2.2502333 1.5856945 1.5371278 1.5525386 1.4802852 1.5452528 1.7909397 1.7537286 1.7234937 1.7114443 1.4038251 2.0133298 1.6393374 1.8320870 1.1920382 0.0000000 1.9276552 2.0903035 1.4320433 1.9128330 2.2222950 1.7884603 1.4034176 1.4740006 1.6310061 2.0702326 1.8632772 2.1743455 1.6344444 2.2144079 1.9016351 2.4846037 2.2434171 1.8793957 2.5943173 2.3127502 2.3080654 2.4191714 2.2655478 2.8081617 2.7344102 2.7180384 2.6471596 2.9728255 1.8113616 2.5103726 2.5399432 2.1360520 2.2759416 3.0767409 2.5793125 3.9556927 
Dgig_XM_028539762.1                                          2.4307480 1.8265569 2.5759323 1.5280857 1.9182362 1.9045695 1.3986500 1.4042009 2.0656426 1.7237792 2.3427899 1.8910259 1.2654720 1.4956040 1.4363744 1.3264613 1.2940549 1.3778315 1.4148600 1.4572677 1.2196561 1.9408276 1.4157111 1.8668300 2.0916910 1.9276552 0.0000000 0.6153806 1.3078460 1.8931977 1.8305247 1.8746101 2.0515904 1.7498357 1.4475159 2.1617778 1.7944493 2.0988916 2.1047657 2.1972652 2.0699424 2.8116047 2.7110691 2.3029940 3.2107372 3.1971546 2.9384394 3.0115401 3.1434082 2.5488178 2.5845190 2.5383946 2.4961606 3.2611850 1.9506159 2.9904528 2.8901073 2.8786841 2.8153661 3.2130568 2.7513791 4.1606273 
Xesp_018479-T1                                               2.3649444 1.7841125 2.7822641 1.7162941 1.7768634 1.9990794 1.7871627 1.8023731 2.1248142 1.7811203 2.3540843 2.1459869 1.1687638 1.4772091 1.4009570 1.3742920 1.2683164 1.2907695 1.5416028 1.5721358 1.2480806 1.9089193 1.5598906 1.8375655 2.2921850 2.0903035 0.6153806 0.0000000 1.2598317 1.5580689 1.7384841 1.7555702 1.9544766 1.6961688 1.8168877 2.4220958 2.0768058 2.1949511 2.2463969 2.1362674 1.8623228 3.2474868 2.9937144 2.4123168 3.3701150 3.3129703 3.4469534 3.1820906 2.9871151 2.6254560 2.7654213 2.7882745 2.4682652 3.4478247 1.9563003 2.9429161 3.0652712 2.8910339 2.6975924 2.8982675 3.2637610 4.6580992 
Sanmal_Sma_012710-T1                                         2.3555312 1.7264885 2.5953441 1.6587121 1.7768294 1.6427639 1.7484683 1.7484683 1.7966566 1.8033088 2.1601267 1.5404472 1.2586920 1.3116095 1.3112458 1.3527018 1.3366920 1.3629097 1.3820738 1.1985892 1.3771105 1.4049939 1.3422142 1.3271928 1.4260038 1.4320433 1.3078460 1.2598317 0.0000000 0.9209593 0.8003767 1.1466934 1.3385108 1.5322254 1.3801051 1.5679891 1.5530133 1.6251187 1.6306515 1.8964338 1.7380186 2.4875876 2.0865506 2.1304495 2.2502161 2.2339287 2.4205411 2.2488514 1.9368630 2.1173698 2.1854839 2.0954606 2.1717217 2.2748135 2.1617441 2.3170721 2.0531474 2.1699739 2.3977985 2.4520717 3.0049984 4.0061296 
Nemnom_g14199.t1                                             2.4223177 2.0840610 3.1985280 2.2494047 2.2589180 2.0849071 2.3916329 2.4122812 2.5913930 2.3968245 2.4461752 1.8970288 1.4917459 1.4928178 1.4931768 1.4895329 1.3116092 1.3290748 1.4708164 1.5719793 1.6576705 2.0663347 2.0191228 2.1042846 1.8870860 1.9128330 1.8931977 1.5580689 0.9209593 0.0000000 0.1483407 1.5150931 1.7227933 1.7995479 1.7891448 2.1687255 2.0276067 2.1155887 2.2385105 1.8958614 1.9544299 2.9734736 2.6707444 2.4767381 2.8860356 2.9703621 2.8332111 3.0276895 2.9718087 2.4110099 2.5045444 2.2578068 2.5157968 2.6804824 2.2252191 2.4479535 2.6437134 2.6832485 2.9256528 2.5004151 3.0176115 4.8155941 
Rhoesc_Res_014288-T1                                         3.7455979 2.5712584 3.2062169 1.9761487 2.2952207 1.9884100 2.2518580 2.2710395 2.6463037 2.3561815 2.7253701 2.2489714 1.2632980 1.7393498 1.7371334 1.6176411 1.4123492 1.4167787 1.7571216 1.8182197 1.8370287 2.4924632 2.1698229 2.1686142 2.2622567 2.2222950 1.8305247 1.7384841 0.8003767 0.1483407 0.0000000 1.7247222 2.0422505 1.9416105 1.5056411 2.2076898 2.0024988 2.3776203 2.3148339 2.3058207 2.2769830 3.0495889 2.8976520 2.3294871 3.2520748 3.2512623 3.2159744 3.3053582 2.9869402 2.6739060 2.8310650 2.8363690 2.8605713 3.5319953 2.2448557 2.7303631 2.7415832 2.6743755 2.8625332 3.2957463 2.9027927 5.4690079 
Hvul_g8338_1                                                 4.6448187 2.8336507 2.8254564 1.8491502 2.2333654 2.3095927 2.0272203 2.0358494 2.5209849 1.9507563 2.5094005 1.8194425 1.1977446 1.5441853 1.6173816 1.7882845 1.6468210 1.8007833 1.9723158 1.9296822 1.5197625 2.0278220 1.9883281 2.1700864 2.2802201 1.7884603 1.8746101 1.7555702 1.1466934 1.5150931 1.7247222 0.0000000 2.3801735 1.7397832 1.7079808 2.6845704 2.2554986 2.2862888 2.5584834 2.2839177 1.8693496 3.0026686 3.2628207 2.1488221 2.9760502 3.4603518 3.0834243 2.9865952 3.3967583 2.5263776 2.4945263 2.6340354 2.5054046 3.4838597 2.0819156 3.4017227 2.9458894 2.9505654 3.0787720 3.5853922 2.5169669 4.9485899 
Tetwil_g2071.t1                                              3.6619525 2.4853048 2.9799944 2.0415665 2.0284549 1.8432951 1.8677578 1.8758993 2.4297023 1.6831875 3.0033127 1.8434437 1.2938791 1.5980862 1.6803377 1.7859870 1.8845199 1.7953666 1.9330495 1.9061126 1.5531400 1.7285446 1.6240967 1.7690945 1.6128871 1.4034176 2.0515904 1.9544766 1.3385108 1.7227933 2.0422505 2.3801735 0.0000000 1.1361250 1.8103863 2.4732006 1.8365752 2.3580858 2.2583811 2.3609398 2.0817770 2.8335413 2.8550292 2.3898709 3.3544669 3.2127308 3.1538958 3.6722647 3.4169939 2.9861765 2.9608094 2.7317635 2.7947651 3.4082517 1.9974954 2.4701074 2.9409373 2.5643093 2.9513044 3.4536706 2.3525222 3.9812317 
Stycar_snap_masked-SC_scaffold3580-processed-gene-0.6-mRNA-1 3.4721438 2.4357048 3.4374606 1.7548313 1.9556975 2.0300800 1.7519042 1.7594577 2.4943437 1.8039049 2.4141428 2.1094755 1.1877080 1.4739600 1.4900158 1.6660905 1.5391999 1.5542104 1.6271813 1.8831409 1.3459285 1.9857278 1.7989569 1.9441919 1.9464807 1.4740006 1.7498357 1.6961688 1.5322254 1.7995479 1.9416105 1.7397832 1.1361250 0.0000000 1.6702302 2.1603606 1.7535907 2.1065337 2.0599587 2.6959388 2.2519590 2.6600168 2.6049314 2.0765850 2.7166735 2.8338198 3.3954721 2.7790490 2.9903615 2.7328092 3.0681874 2.9211128 2.6623596 3.3180247 2.0671850 2.6924897 2.7131970 2.2768361 2.2656058 2.8655211 2.5618561 4.5730932 
Opea_EP00118_Oscarella_pearsei_P026348                       2.2000923 1.9073969 2.9109502 1.8089161 2.0761479 2.0155149 2.0060364 2.0060364 1.7081970 1.4936710 2.6569687 1.9149547 1.4926278 1.5544558 1.5975208 1.5390062 1.5470719 1.6250848 1.3252857 1.3610840 1.3364081 1.8807769 1.3884187 1.6915578 1.9026404 1.6310061 1.4475159 1.8168877 1.3801051 1.7891448 1.5056411 1.7079808 1.8103863 1.6702302 0.0000000 0.0000010 1.2110250 1.7960220 1.9879915 1.9442271 1.9284639 2.5710930 2.4849282 2.7102007 2.8573433 2.5515196 2.5959738 2.7585606 2.5866553 3.0195224 3.1207516 2.6823422 2.3825787 2.1625736 2.1670552 2.4907029 2.1840590 2.0881229 2.4960608 2.3019690 3.4023746 5.3566953 
Ocar_g10017                                                  3.7925219 2.6373578 3.6998712 2.0663939 2.5331071 2.4382556 2.3868925 2.3927207 2.5061168 2.0862829 3.3761016 2.4212590 1.4926278 2.0532066 2.1107034 2.1700655 2.1743035 2.1848947 1.9603905 1.9138289 1.8436061 2.5580975 2.2202281 2.4966438 2.5034053 2.0702326 2.1617778 2.4220958 1.5679891 2.1687255 2.2076898 2.6845704 2.4732006 2.1603606 0.0000010 0.0000000 1.4835856 2.7368894 2.5217412 2.5669712 2.3393526 3.4541346 3.1698525 2.9362944 3.6173272 3.4056234 3.3954306 3.6249633 3.3828279 3.3894307 3.5141194 2.9387704 2.9783119 3.0306841 2.4948455 3.1722953 3.0156561 2.7580128 3.2216285 3.1047122 3.8231629 5.6475342 
Plajan_Pjan_C535061_01                                       3.3665867 2.4355868 2.8165957 2.1772820 2.1958325 1.9215901 1.9322715 1.9447214 2.1013199 1.8345554 2.4449688 2.0710917 1.1683927 1.3315362 1.3176651 1.5336916 1.4238355 1.4248259 1.5437950 1.5290302 1.4976981 1.9227066 1.6084624 1.9403110 2.3587410 1.8632772 1.7944493 2.0768058 1.5530133 2.0276067 2.0024988 2.2554986 1.8365752 1.7535907 1.2110250 1.4835856 0.0000000 2.4463351 2.2907806 2.3698272 2.1311004 2.9535129 2.8499827 2.4794078 2.8708965 2.7925705 3.0686562 3.0160518 3.1814267 3.0285552 3.1374079 3.0826992 2.9790188 2.9897258 2.6318443 3.1362583 3.0868663 2.5976711 2.6907018 3.5698659 3.2101787 4.7329880 
Spur_XM_003724239.3                                          3.2655446 2.2573832 2.6007723 1.7955575 1.9879853 1.9224033 2.2030571 2.2085565 2.7430478 2.3498535 2.5709791 1.7638443 1.2224007 2.0959063 1.9282891 1.8556299 1.8958191 1.8499805 2.0327397 2.0785294 1.4577689 1.7935219 1.7502803 2.7286725 2.3084384 2.1743455 2.0988916 2.1949511 1.6251187 2.1155887 2.3776203 2.2862888 2.3580858 2.1065337 1.7960220 2.7368894 2.4463351 0.0000000 2.4854066 2.7533131 2.2941800 2.9739177 3.0506076 2.5043005 2.9901424 2.9261709 3.3412144 2.8316107 2.8299645 2.8745519 2.7531421 3.2907514 2.5820865 3.5440708 2.0211461 2.8770462 2.8601591 2.4849194 2.8058502 3.5488745 2.8530362 5.3382606 
Hsap_ENST00000321560                                         3.9434249 2.7879508 3.4802932 1.9960146 2.0301753 2.5078508 2.2836420 2.2930423 2.6829540 2.1385617 2.9884200 2.2631733 1.3726531 1.9571385 1.8219718 2.0203594 1.9475570 2.0533735 1.8361139 2.0522303 1.8420891 2.7558533 2.2355084 2.6967421 2.1941144 1.6344444 2.1047657 2.2463969 1.6306515 2.2385105 2.3148339 2.5584834 2.2583811 2.0599587 1.9879915 2.5217412 2.2907806 2.4854066 0.0000000 2.9298269 2.5954604 3.3975545 3.0762935 2.6723451 3.3431142 3.1935100 3.4595561 3.1966444 3.0636036 3.0749182 3.2726646 3.5435596 3.3456817 4.4298512 2.7742543 3.1245071 2.9591193 2.4002628 2.4185475 3.3137037 2.8359873 4.3674738 
Cscu_XM_023371769.1                                          2.4121040 1.9920829 2.6961226 2.4037427 2.3120480 2.3204860 2.3598037 2.3752875 2.6838918 2.6366278 2.5929720 2.4471108 1.8810778 2.2532120 2.1363935 2.0792209 2.3823805 2.4486979 2.4720870 2.3366984 1.9929905 2.5283882 2.2705679 2.7236925 2.0692628 2.2144079 2.1972652 2.1362674 1.8964338 1.8958614 2.3058207 2.2839177 2.3609398 2.6959388 1.9442271 2.5669712 2.3698272 2.7533131 2.9298269 0.0000000 0.3746413 3.1625919 3.1048142 2.4481975 3.5205466 3.1321110 2.9058834 3.0565565 3.3559349 3.7559172 3.6986532 3.2203409 2.9164904 3.3294414 2.2092596 3.8558831 3.5262236 3.2576496 3.7114223 3.6739499 2.6523093 5.8441185 
Cscu_XM_023379323.1                                          2.8752735 2.1611531 3.0512110 2.1874782 2.1405013 2.1885886 2.1480567 2.1616988 2.6815967 2.3686882 2.2143022 1.9289512 1.4581206 1.8840971 1.8532184 1.8684567 2.1357370 2.0853418 2.0523258 1.8634711 1.5974075 2.0855348 2.0408967 2.2004173 1.8821207 1.9016351 2.0699424 1.8623228 1.7380186 1.9544299 2.2769830 1.8693496 2.0817770 2.2519590 1.9284639 2.3393526 2.1311004 2.2941800 2.5954604 0.3746413 0.0000000 2.9814571 2.9718113 2.3548280 3.3167323 2.9504416 2.8869904 3.0620419 3.1672636 3.0801852 3.0893816 2.9483447 2.6292110 3.4354570 2.2010351 3.4866227 3.1013139 2.7199361 2.9988294 3.4478983 2.4999942 4.6944106 
Pbac_sb2653733                                               4.3068139 3.2376586 3.3393252 2.0323815 2.8547102 2.3526136 2.5210081 2.4660617 2.6060364 2.4940430 2.7669866 2.9190761 2.0443222 2.7632350 2.7436999 2.9307263 2.4119137 2.6815040 2.5907730 2.4325607 2.2705951 2.7075995 2.4112393 3.4414337 3.3706027 2.4846037 2.8116047 3.2474868 2.4875876 2.9734736 3.0495889 3.0026686 2.8335413 2.6600168 2.5710930 3.4541346 2.9535129 2.9739177 3.3975545 3.1625919 2.9814571 0.0000000 0.8543130 0.5046610 0.7396313 0.7869731 0.9830941 1.0353276 1.2234940 1.9895112 2.1955394 2.2304018 1.8502739 2.3744163 1.6894932 2.8022980 2.9842028 2.9119678 2.9539804 3.6863183 2.8985587 4.7895412 
Lampan_Lpan_10493_01                                         3.6440810 2.8531570 3.3360224 1.8926701 2.6392249 2.2296923 2.3559218 2.3559218 2.8913767 2.2160867 2.6366372 2.6136714 2.2338797 2.4863272 2.4397171 2.9178853 2.5593691 2.6869846 2.2913327 2.5323207 2.2097569 2.5860541 2.6275154 3.2128587 3.4831104 2.2434171 2.7110691 2.9937144 2.0865506 2.6707444 2.8976520 3.2628207 2.8550292 2.6049314 2.4849282 3.1698525 2.8499827 3.0506076 3.0762935 3.1048142 2.9718113 0.8543130 0.0000000 0.3549365 0.5532611 0.5226578 0.9397051 0.8243212 0.9544897 2.3542316 2.5350740 2.3533045 1.9812141 2.6967905 1.5592387 3.4444819 3.6186623 3.6350724 3.7907473 3.8408012 2.8391468 4.3613591 
Bolinf_Binf_sb1190521                                        2.9823587 2.4940060 2.6909733 2.0122801 2.2671063 1.8119990 1.8915480 1.8915480 2.0640780 1.9180325 2.0600492 2.1624371 2.2871165 1.9761017 2.0092467 2.3688629 1.9372741 1.9552426 1.9956684 1.8775003 1.8840717 2.2854838 2.2720833 2.7427953 2.2550506 1.8793957 2.3029940 2.4123168 2.1304495 2.4767381 2.3294871 2.1488221 2.3898709 2.0765850 2.7102007 2.9362944 2.4794078 2.5043005 2.6723451 2.4481975 2.3548280 0.5046610 0.3549365 0.0000000 0.0898501 0.3112106 0.6078695 0.5645378 0.6319384 2.0265127 2.0981022 1.9922466 2.0763671 2.2106680 1.8217817 2.4624375 2.9200012 2.9537525 2.8892087 3.0690189 2.9078355 3.7299934 
Mlei_ML0063.g20.i1                                           4.8720934 3.4249083 3.3778538 2.1443122 2.4873535 2.2710339 2.2708387 2.2770517 3.0394990 2.2204539 2.8068462 2.7193057 2.2102084 2.5733578 2.5047902 2.9465647 2.4560258 2.4511387 2.1477755 2.4081297 2.4137737 2.8502941 3.0430533 3.6878089 3.1691616 2.5943173 3.2107372 3.3701150 2.2502161 2.8860356 3.2520748 2.9760502 3.3544669 2.7166735 2.8573433 3.6173272 2.8708965 2.9901424 3.3431142 3.5205466 3.3167323 0.7396313 0.5532611 0.0898501 0.0000000 0.4770789 0.9093927 0.7930858 0.8873929 2.3199063 2.5454736 2.7014418 2.4246838 2.8734078 1.9032337 3.0077349 3.4133275 3.2042571 3.3159659 3.7819585 2.9686893 4.7798720 
Beraby_Baby_sb333532                                         4.6433564 3.3856398 3.4103506 1.7338464 2.3399987 2.0428401 2.2457829 2.2590424 2.7848205 2.3881767 2.8258600 2.6959401 2.0715583 2.5452823 2.5552769 2.8740296 2.4509739 2.4950516 2.5834137 2.3665383 2.3054068 2.7784224 2.7976321 3.3026442 3.1079467 2.3127502 3.1971546 3.3129703 2.2339287 2.9703621 3.2512623 3.4603518 3.2127308 2.8338198 2.5515196 3.4056234 2.7925705 2.9261709 3.1935100 3.1321110 2.9504416 0.7869731 0.5226578 0.3112106 0.4770789 0.0000000 1.0903836 0.7678417 0.9710167 2.1850849 2.3361568 2.7308639 2.2503436 2.8749876 1.6886048 3.4144475 3.8462601 3.4825150 4.1587199 3.7415529 2.7767582 4.3444996 
Eupdun_Edun_sb10602389                                       4.2411406 3.1730432 3.7843388 2.0166553 2.7067794 2.2411553 2.4820560 2.4888643 2.7807204 2.3005257 2.7988366 2.3167441 2.0720846 2.9604515 2.7656844 2.7923737 2.5778333 2.7234692 2.6351729 2.6546361 2.6556867 2.9436426 2.9482696 3.8161932 3.3248795 2.3080654 2.9384394 3.4469534 2.4205411 2.8332111 3.2159744 3.0834243 3.1538958 3.3954721 2.5959738 3.3954306 3.0686562 3.3412144 3.4595561 2.9058834 2.8869904 0.9830941 0.9397051 0.6078695 0.9093927 1.0903836 0.0000000 0.9765041 1.0840257 2.3571908 2.5064901 2.7458300 2.3189312 2.9094815 1.7876409 3.6988770 3.0332640 3.8464923 3.6568798 4.5377416 3.1340018 4.5274365 
Vmul_sbMO482001                                              4.6763502 3.3800024 3.7394168 2.1506875 2.5260603 2.4002494 2.4176667 2.4297269 2.4884806 2.3626707 2.9952001 2.7747238 1.9251053 2.7123979 2.7227544 2.8827585 2.3794557 2.5082888 2.7609511 2.5969429 2.3864818 3.1018879 3.1206578 3.5863990 3.1254496 2.4191714 3.0115401 3.1820906 2.2488514 3.0276895 3.3053582 2.9865952 3.6722647 2.7790490 2.7585606 3.6249633 3.0160518 2.8316107 3.1966444 3.0565565 3.0620419 1.0353276 0.8243212 0.5645378 0.7930858 0.7678417 0.9765041 0.0000000 0.7597991 2.2636463 2.3157116 2.5113974 2.3454118 2.6757432 1.6708451 3.0871310 3.0263099 3.3762545 3.4802683 3.6275791 3.0995937 4.8430603 
Coeast_Cast_sb785309                                         4.5439244 3.6449921 3.5691220 2.0429093 2.5407557 2.3876155 2.3526591 2.3666799 2.4813868 2.5719223 3.0468784 2.6049828 1.9519226 2.7763877 2.5567424 3.0243588 2.5029021 2.6123175 2.7413016 2.7875441 2.5411584 3.1933701 2.9449241 4.1129878 2.9299702 2.2655478 3.1434082 2.9871151 1.9368630 2.9718087 2.9869402 3.3967583 3.4169939 2.9903615 2.5866553 3.3828279 3.1814267 2.8299645 3.0636036 3.3559349 3.1672636 1.2234940 0.9544897 0.6319384 0.8873929 0.9710167 1.0840257 0.7597991 0.0000000 2.6020114 2.6220738 2.8872700 2.7039038 3.0972321 1.8555212 3.4255446 3.0082698 3.1646449 3.4498443 4.2468188 3.0948188 5.1949089 
Horcal_Hcv1.av93.c6.g27.i1                                   4.5547335 3.8236688 2.7814274 1.9980578 2.0930171 2.0419317 2.1471559 2.0989321 2.5783135 2.3739213 2.8145856 2.4805020 2.0289891 2.6087787 2.4924209 2.5602984 2.2657913 2.2615414 2.4080075 2.4665534 2.0943860 2.5126822 2.5533371 3.2109304 3.1712024 2.8081617 2.5488178 2.6254560 2.1173698 2.4110099 2.6739060 2.5263776 2.9861765 2.7328092 3.0195224 3.3894307 3.0285552 2.8745519 3.0749182 3.7559172 3.0801852 1.9895112 2.3542316 2.0265127 2.3199063 2.1850849 2.3571908 2.2636463 2.6020114 0.0000000 0.0318782 1.1823394 1.2168409 1.7450501 1.2503090 3.0784664 2.7060792 2.8144365 2.8861241 3.3012517 3.2670785 4.9039576 
Pbac_sb2653576                                               4.2338156 3.6842092 2.9643594 1.9469561 2.1888976 2.1438044 2.2470981 2.1979115 2.7117173 2.4285507 2.8788122 2.3763769 2.0874802 2.8008630 2.6165507 2.6764158 2.2199599 2.3065007 2.3876530 2.5313534 2.1849223 2.5505939 2.7586560 3.4054476 3.3095870 2.7344102 2.5845190 2.7654213 2.1854839 2.5045444 2.8310650 2.4945263 2.9608094 3.0681874 3.1207516 3.5141194 3.1374079 2.7531421 3.2726646 3.6986532 3.0893816 2.1955394 2.5350740 2.0981022 2.5454736 2.3361568 2.5064901 2.3157116 2.6220738 0.0318782 0.0000000 1.2290729 1.2494532 1.8876739 1.2443083 3.2212916 2.9594132 3.0904075 3.1635759 3.5683657 3.2487298 5.2651103 
Mlei_ML1912.g6.i1                                            3.8671211 3.5717510 3.6400536 2.8105166 2.7144112 2.5627281 2.5459788 2.5564276 2.8826799 2.2993375 2.9563668 2.5801413 1.9634008 2.9404872 2.8777616 2.7416758 2.7539146 2.8039439 2.9452412 2.6748207 2.2990023 2.7048819 2.5910162 3.2016583 3.0840746 2.7180384 2.5383946 2.7882745 2.0954606 2.2578068 2.8363690 2.6340354 2.7317635 2.9211128 2.6823422 2.9387704 3.0826992 3.2907514 3.5435596 3.2203409 2.9483447 2.2304018 2.3533045 1.9922466 2.7014418 2.7308639 2.7458300 2.5113974 2.8872700 1.1823394 1.2290729 0.0000000 0.8385820 1.7837155 1.2765701 3.1690018 3.5428053 3.4673320 3.4440142 3.4082916 3.7199091 5.2016948 
Lampan_Lpan_10015_01                                         3.4963855 3.1737579 2.7267417 1.9965695 2.4502678 2.5258226 2.3879032 2.3979076 2.7702742 2.2849587 2.6047935 2.4915733 1.8366877 2.7685515 2.6447609 2.4956107 2.4519924 2.3884628 2.3213677 2.4618879 2.1607732 2.0390069 2.2183875 2.9822200 3.0735695 2.6471596 2.4961606 2.4682652 2.1717217 2.5157968 2.8605713 2.5054046 2.7947651 2.6623596 2.3825787 2.9783119 2.9790188 2.5820865 3.3456817 2.9164904 2.6292110 1.8502739 1.9812141 2.0763671 2.4246838 2.2503436 2.3189312 2.3454118 2.7039038 1.2168409 1.2494532 0.8385820 0.0000000 1.2175781 1.0031400 2.9190645 3.1563190 2.9989877 3.3434047 2.9394696 3.5634113 5.1126773 
Vmul_SimC390738                                              4.0030605 3.2068707 3.3216150 2.3255425 2.9216149 2.6426744 2.4820178 2.5500717 3.3104812 3.0205095 3.4031451 3.2292277 2.2028511 3.1932173 3.1012410 3.0604590 3.1234326 2.9849089 2.9541391 3.0898570 2.4536227 3.2631355 2.8634860 3.9224552 3.6365753 2.9728255 3.2611850 3.4478247 2.2748135 2.6804824 3.5319953 3.4838597 3.4082517 3.3180247 2.1625736 3.0306841 2.9897258 3.5440708 4.4298512 3.3294414 3.4354570 2.3744163 2.6967905 2.2106680 2.8734078 2.8749876 2.9094815 2.6757432 3.0972321 1.7450501 1.8876739 1.7837155 1.2175781 0.0000000 0.8846896 3.9408585 3.8151563 3.6391604 4.4085322 3.8275116 3.3455550 5.7612639 
Coemet_Cmet_scaffold7208_01                                  2.3981673 2.6239813 2.2792139 1.8224623 1.9460217 1.8834342 1.8628061 1.8628061 1.8693554 1.8431848 2.3009574 1.8072812 1.7236101 1.8597461 1.8489299 1.9374399 1.8409437 1.7994677 1.6560870 1.8443338 1.7146957 1.9116403 1.9242953 2.4844615 2.0998115 1.8113616 1.9506159 1.9563003 2.1617441 2.2252191 2.2448557 2.0819156 1.9974954 2.0671850 2.1670552 2.4948455 2.6318443 2.0211461 2.7742543 2.2092596 2.2010351 1.6894932 1.5592387 1.8217817 1.9032337 1.6886048 1.7876409 1.6708451 1.8555212 1.2503090 1.2443083 1.2765701 1.0031400 0.8846896 0.0000000 2.6430997 2.7267983 2.8768751 3.1384330 2.2240041 2.9753010 4.9598760 
Lcom_lcpid84152                                              4.5252636 3.3747455 4.3700639 2.5976975 2.8867149 2.7149258 3.0035861 3.0108532 3.0702378 2.7628027 3.6593883 3.1851399 1.4958055 2.7037048 2.5719810 2.6979940 2.6654049 2.4021617 2.5261681 2.5446388 2.4316078 2.6636253 2.6792521 2.8720000 2.7215791 2.5103726 2.9904528 2.9429161 2.3170721 2.4479535 2.7303631 3.4017227 2.4701074 2.6924897 2.4907029 3.1722953 3.1362583 2.8770462 3.1245071 3.8558831 3.4866227 2.8022980 3.4444819 2.4624375 3.0077349 3.4144475 3.6988770 3.0871310 3.4255446 3.0784664 3.2212916 3.1690018 2.9190645 3.9408585 2.6430997 0.0000000 1.2418942 1.0309876 1.0975765 3.3288010 2.7983627 4.0414887 
Gracom_Gcom_scaffold17615_01                                 4.0034989 3.0485068 4.1112009 2.5174423 2.3100541 2.4374437 2.6624118 2.6913760 2.5822227 2.3233876 3.3534260 2.7515182 1.8113113 2.4214390 2.3850925 2.3709619 2.2347838 2.1975992 2.2615773 2.4542064 2.1709822 2.4688952 2.6296543 3.3347519 2.7725925 2.5399432 2.8901073 3.0652712 2.0531474 2.6437134 2.7415832 2.9458894 2.9409373 2.7131970 2.1840590 3.0156561 3.0868663 2.8601591 2.9591193 3.5262236 3.1013139 2.9842028 3.6186623 2.9200012 3.4133275 3.8462601 3.0332640 3.0263099 3.0082698 2.7060792 2.9594132 3.5428053 3.1563190 3.8151563 2.7267983 1.2418942 0.0000000 0.7935318 0.9666928 3.5937498 3.4937032 4.5157874 
Leuniv_Lniv_scaffold12142_01                                 3.8919702 3.0949181 3.3436474 2.2984360 2.2447251 2.3797847 2.5541728 2.6235662 2.6305946 2.2254062 3.0435413 2.3821516 1.5511127 1.9913772 1.9169760 2.1537913 2.0675999 2.0289631 1.8589179 2.0380801 1.9952035 2.3741145 2.3784256 2.7779704 2.5463190 2.1360520 2.8786841 2.8910339 2.1699739 2.6832485 2.6743755 2.9505654 2.5643093 2.2768361 2.0881229 2.7580128 2.5976711 2.4849194 2.4002628 3.2576496 2.7199361 2.9119678 3.6350724 2.9537525 3.2042571 3.4825150 3.8464923 3.3762545 3.1646449 2.8144365 3.0904075 3.4673320 2.9989877 3.6391604 2.8768751 1.0309876 0.7935318 0.0000000 0.5951419 3.1323751 2.8556566 4.1083205 
