104
Aaur_scaffold1186.g1.t1                 0.0000000 0.6232036 0.6232036 1.3107453 1.5113314 1.4588364 1.0209790 1.2214444 1.1981852 1.6290953 1.3668952 2.7477327 2.7477327 0.6232712 0.6408275 0.6366116 0.0000010 1.0417080 1.1020221 3.4651534 0.2644289 0.7765907 0.8717509 0.8703047 1.3151490 1.9526363 1.7919634 1.5521526 1.4527188 1.6320213 1.5877806 1.5158251 1.4150537 1.6891475 1.0928804 0.9595790 0.9595790 1.0855994 1.0855994 1.0999686 1.4320405 1.0334063 1.0334063 1.0705768 1.0705768 1.4310262 1.3876818 1.3832047 1.2105091 1.2241505 1.3607405 1.3739176 4.6373636 1.8301803 1.4359440 1.2026189 1.5269957 0.0000010 1.2978444 1.2978444 1.3870316 1.4572563 1.4003895 1.2344066 1.1405772 1.5053240 1.1595669 1.6444267 1.4317886 1.8057163 1.4173587 1.3097309 1.2479138 1.1569875 1.3660120 1.4249459 1.4515517 1.2847904 0.8689003 2.3519767 1.7003732 1.8157941 1.7806025 3.3117638 2.8219257 3.5891841 1.7568550 4.7316432 1.9389468 2.0557164 0.0000010 2.0345960 1.3026294 1.6654663 2.4859352 2.2971307 1.6284209 1.4879864 1.7726350 0.0000010 3.2156460 0.0000010 0.0000010 1.5681451 
Sanmal_Sma_005102-T1                    0.6232036 0.0000000 0.0523633 1.3312040 1.4552050 1.2217887 0.9287301 1.0536973 1.4832493 1.4970562 1.3209681 3.0474056 3.0474056 1.3956601 1.1075431 1.0368646 0.0000010 1.1716988 1.1939342 2.4136578 2.6611618 0.9704070 1.1039379 1.0973749 1.1978635 2.1841685 1.4647359 1.6998645 1.6527616 1.5994267 1.3135739 1.4915150 1.2598588 1.6884320 1.1667538 1.1487199 1.1487199 1.2861692 1.2861692 1.3731725 3.2872657 1.1669882 1.1669882 1.2107476 1.2107476 1.5011260 1.6650844 1.3088969 1.3335320 1.2624292 1.4143350 1.4156633 0.0000010 1.5049272 1.4891402 1.5195333 2.0425167 8.9999984 1.6763159 1.6859956 1.3872143 1.4445613 1.3889623 1.4928295 1.3177837 1.3779763 1.9878542 1.6785706 1.4391295 1.9624578 1.7902182 1.5752551 1.5542824 1.3184698 1.4769613 1.5414052 1.5467594 1.4739515 1.0526905 2.3123815 2.0121291 2.1471132 1.6470647 8.3654314 9.0000000 9.0000000 2.8281755 0.0000010 1.6423723 2.3725467 9.0000000 1.8242793 1.1953196 2.1132238 2.7206185 4.5709772 2.1210974 4.1369028 1.8781690 3.3440398 3.3225775 0.0000010 7.7054911 4.1338590 
Sanmal_Sma_005181-T1                    0.6232036 0.0523633 0.0000000 1.2943062 1.5306786 1.1841832 0.8434428 1.0752209 1.4565899 1.5192801 1.2564280 3.1278916 3.1278916 1.5873579 1.0452101 0.9759355 0.0000010 1.0944047 1.0953910 2.5665911 0.3880345 0.8614321 0.9746290 0.9685894 1.1438525 2.2408652 1.4492223 1.6169886 1.5664961 1.6038880 1.3004790 1.4708000 1.2139904 1.5368377 1.1571349 1.1661785 1.1661785 1.3306637 1.3306637 1.2946386 1.9135299 1.1768456 1.1768456 1.1613645 1.1613645 1.3572872 1.5292467 1.2274093 1.3779383 1.3006905 1.3357411 1.3498837 0.0000010 1.1965103 1.4262509 1.4668570 1.9660934 0.0000010 1.5575987 1.5575987 1.4280579 1.4915850 1.3877500 1.4694596 1.1957996 1.3023566 1.8080783 1.6454007 1.4544538 1.7932531 1.6092341 1.5609510 1.5338832 1.2846599 1.4571241 1.5062711 1.5112631 1.3186496 1.0043799 2.3543492 1.7775733 1.9285076 1.6856842 5.0302557 9.0000000 5.0302557 2.0529343 0.0000010 1.7220092 1.9923546 0.0000010 1.9919042 1.2797312 2.0683373 2.5473892 0.0000010 1.9307430 0.8013618 1.6792645 0.0000010 3.0682512 0.0000010 0.0000010 0.0000010 
Fspp_ffun1.m4.19358.m1                  1.3107453 1.3312040 1.2943062 0.0000000 0.2847064 0.5523636 0.3068262 0.3382785 0.3881726 0.4631119 1.0508498 1.2525961 1.3313565 1.2501419 1.5542949 1.4853307 3.7000511 1.5101425 1.3350055 1.2650138 1.9204074 1.4308757 1.5321895 1.5086734 1.9376234 1.4047974 1.3973577 1.2631862 1.4069365 1.3747499 1.5681258 1.4874367 1.4693807 1.5757340 1.6686903 1.5730632 1.5829140 1.5518400 1.5491887 1.5256402 1.7803327 1.5134990 1.5067833 1.4966852 1.4966852 1.6676707 1.6179586 1.7772223 1.4261587 1.4272006 1.6514407 1.4841208 1.6870069 1.8886588 1.7283498 1.7002257 1.7583414 2.1728492 1.7417777 1.7528927 1.7341360 1.7614547 1.6334029 1.6943182 1.6991275 1.6303451 1.9062636 1.7592055 1.7839588 1.6951166 1.8403818 1.7613822 1.7509278 1.6668803 1.7321150 1.7317845 1.7445757 1.6990902 1.9139956 2.2002182 2.3247481 2.4099398 1.8151329 2.6358488 3.5606734 2.4176633 2.5350700 2.0804800 1.8219416 2.4376810 3.2209107 1.8630716 1.7315514 2.0275594 2.1042411 0.9291713 1.7215235 1.9514886 2.1277993 2.7001443 2.9716549 3.7941534 3.6284240 1.9785723 
Gasp_gasp1.m3.10962.m1                  1.5113314 1.4552050 1.5306786 0.2847064 0.0000000 0.5714617 0.2581150 0.3463915 0.3880240 0.4363183 1.0425516 1.2780773 1.3540124 1.1987428 1.5489923 1.4815446 3.6379307 1.3890787 1.3151555 1.0415145 1.9173672 1.2933556 1.3132061 1.2876704 1.8350410 1.2678763 1.3146300 1.2262846 1.3679589 1.3510782 1.5144787 1.5185873 1.4786885 1.5855985 1.6185049 1.5263540 1.5451014 1.6144344 1.6129653 1.5475243 1.8505765 1.4943397 1.4869591 1.5270260 1.5270260 1.6965514 1.6252136 1.7843758 1.4351558 1.4441281 1.7110167 1.5589037 1.9280865 1.8559950 1.8559635 1.7283828 1.8244549 2.2153412 1.6957941 1.7005076 1.6608840 1.6886228 1.5903224 1.7761958 1.7017395 1.6742287 1.8563386 1.7413618 1.7633165 1.6813086 1.8000826 1.8786112 1.8344377 1.7473756 1.8165451 1.7576822 1.7663483 1.7067569 1.9531249 2.1866320 2.1837190 2.2857630 1.7566230 2.7244217 3.4724069 2.4132165 2.4797596 1.9971647 1.6797362 2.4180406 2.9409877 1.8712994 1.6417738 2.1247651 2.1848804 0.9082224 1.6742505 1.9227805 2.1645990 2.4806248 2.9565747 3.7918886 3.8890458 2.1172691 
Amil_Amillepora19916-RA                 1.4588364 1.2217887 1.1841832 0.5523636 0.5714617 0.0000000 0.0734528 0.1246736 0.5251157 0.7025830 1.1233254 1.1173261 1.2522154 1.0583815 1.4577375 1.4770036 4.5825658 1.3671139 1.3066544 1.0259173 2.3208220 1.3038389 1.3862449 1.3819645 1.8474753 1.3159085 1.4340736 1.4192190 1.4313465 1.1384590 1.6232968 1.5096180 1.5922128 1.5489628 1.6091990 1.5003692 1.5041927 1.6034434 1.6002595 1.6019279 1.8614761 1.6393962 1.6300375 1.6092938 1.6092938 1.5874011 1.6065291 1.6338456 1.4004611 1.3848976 1.6887244 1.4027857 2.2522686 1.7873011 1.7716650 1.7059144 1.7560276 2.3114950 1.7525520 1.7305722 1.7326371 1.7116843 1.6002753 1.6383108 1.6200155 1.6768138 1.8487334 1.5103710 1.7979247 1.6144857 1.8183525 1.6156679 1.6317086 1.6116179 1.6768789 1.6454364 1.6562267 1.7287921 1.9872700 1.9731369 2.2850104 2.3637759 1.8633727 2.8796058 4.4715466 2.5306364 2.9112072 1.9638369 1.6902435 2.2654168 4.5197720 1.8774767 1.4923440 1.8960114 2.1203002 0.4128430 1.7163359 2.0077275 1.9082890 2.6696079 3.1358075 4.4482112 4.0500929 2.1519572 
Amil_Amillepora19917-RA                 1.0209790 0.9287301 0.8434428 0.3068262 0.2581150 0.0734528 0.0000000 0.0545742 0.2625417 0.2942707 0.6990386 0.7195652 0.7195652 0.6573209 0.8444612 0.9060732 0.0000010 0.8173683 1.0466427 1.1706493 1.4521279 1.0009673 1.0227909 1.0494192 1.3682998 1.3603928 1.0108986 0.8868574 0.9520899 0.8113097 1.4067494 1.0988859 1.3395123 1.4222810 1.1755680 1.1110845 1.1256153 1.2547196 1.2547196 1.1587498 8.1600084 1.1120813 1.1120813 1.1152914 1.1152914 1.3344472 1.2967079 1.1834106 1.3328999 1.2901812 1.2826835 1.4272430 0.0000010 0.8536601 1.3900628 1.4474862 1.3955971 0.0000010 1.5198749 1.5156190 1.3754878 1.3886925 1.1520321 1.4952060 1.3516414 1.1125821 1.2603756 1.1838157 1.5444105 1.6201346 1.6528805 1.2782532 1.2378191 1.2648215 1.2648215 1.2965729 1.2965729 1.1992341 1.4915437 1.6329704 2.1466939 2.1034753 1.4273842 1.6761094 2.0566947 1.6761094 1.8336645 0.0000010 2.1706812 2.0892147 0.0000010 2.3303557 1.3620818 1.6586551 1.6981049 0.0000010 1.3900607 2.8611466 1.5046173 0.0000010 2.0129474 0.0000010 0.0000010 0.0000010 
Adig_XM_015896972.1                     1.2214444 1.0536973 1.0752209 0.3382785 0.3463915 0.1246736 0.0545742 0.0000000 0.3499148 0.4392279 0.7893225 0.9700440 0.9700440 0.9152752 0.9837666 0.9642496 0.0000010 0.9414917 0.9555701 0.9811229 2.1237612 1.0053297 1.0317696 1.0358405 1.1417433 1.0637481 0.9942761 0.9535473 0.9284326 0.9571825 1.3045465 1.0858559 1.0856254 1.1397621 1.3570885 1.2233632 1.2307351 1.2752594 1.2752594 1.2218536 1.4055087 1.2155076 1.2155076 1.2090139 1.2090139 1.3024833 1.3713435 1.2649242 1.2527268 1.2467539 1.2286599 1.0972194 1.8424331 1.2792578 1.3108121 1.6817313 1.5705059 0.0000010 1.3562869 1.3597579 1.2522053 1.2666461 1.1219892 1.2303203 1.4373216 1.2125827 1.4956423 1.2720970 1.4732623 1.4590419 1.5368274 1.2732262 1.2458089 1.2763093 1.2970542 1.3107793 1.3198197 1.4194162 1.6519272 1.6524856 1.7534895 1.7345987 1.4160634 1.8907562 2.0566947 1.8907562 1.7266130 1.4415860 1.7110631 1.7704914 6.3933167 1.9207818 1.3658191 1.7089426 1.8722815 0.0497757 1.2696307 1.3276332 1.3528103 0.0000010 2.5724070 0.0000010 0.0000010 9.0000000 
Gfas_gfas1.m1.19491.m1                  1.1981852 1.4832493 1.4565899 0.3881726 0.3880240 0.5251157 0.2625417 0.3499148 0.0000000 0.5355499 1.0578338 1.3025968 1.4081239 1.2955505 1.5514680 1.5132211 5.3400599 1.4559364 1.3570671 1.2647836 1.8659043 1.4291111 1.4804071 1.4632983 1.9909179 1.3864637 1.3986348 1.2637980 1.3896721 1.2245435 1.5527183 1.6222370 1.7256065 1.6957114 1.7014157 1.6183104 1.6356692 1.6926176 1.6849045 1.6710762 2.0159004 1.6336068 1.6255235 1.6595986 1.6595986 1.6552141 1.7018613 1.7352259 1.4454359 1.4637826 1.6484976 1.4820743 1.8733947 1.9224176 1.8696339 1.6942555 1.9126553 2.5269856 1.8610755 1.8540428 1.7969658 1.8105770 1.7506006 1.6989224 1.8360986 1.7411969 1.9834208 1.8287934 1.8066580 1.6679320 1.8199899 1.8190462 1.8465465 1.7706007 1.8047794 1.7048413 1.7100710 1.9217574 1.9958278 2.2148300 2.3395969 2.4311092 1.9353831 2.8081813 3.5139176 2.5591374 2.6354821 2.2059056 1.9152383 2.5626388 3.5242347 1.8393322 1.8076424 2.1580036 2.2236128 0.8201004 1.7522005 2.2125003 2.1259035 3.3132705 2.9712150 4.7700494 4.2076761 2.0945510 
Spis_XP_022781389_1                     1.6290953 1.4970562 1.5192801 0.4631119 0.4363183 0.7025830 0.2942707 0.4392279 0.5355499 0.0000000 1.0760834 1.4181757 1.4865255 1.3290210 1.6322466 1.6445467 3.7053166 1.3817530 1.4143862 1.3113868 1.9420267 1.4280995 1.4229326 1.3932093 2.0464669 1.4799012 1.4613448 1.4558638 1.5820135 1.3513800 1.5452395 1.5690050 1.5669672 1.5979884 1.7113092 1.6588383 1.6740449 1.6295219 1.6307229 1.6388556 2.0032822 1.6037382 1.5958612 1.5944959 1.5944959 1.7596327 1.7483665 1.7814443 1.4217652 1.4289062 1.6924118 1.5494246 2.2441769 2.0653140 1.8446784 1.7943896 1.8336626 2.6315749 1.6725671 1.6704101 1.8175737 1.8101989 1.6316589 1.8011005 1.7063523 1.6483538 1.8617686 1.8444219 1.7601562 1.8268349 1.9119929 1.8381888 1.8495127 1.7589730 1.8070611 1.7473292 1.7463002 1.7690256 2.1082049 2.2451286 2.5171117 2.6106975 1.8583866 3.0522363 3.8176276 2.9223599 2.7654238 2.4274840 1.9423201 2.5295683 3.5359663 2.0310248 1.7544442 2.0915482 2.2586674 1.1876235 1.7843527 2.1113316 2.4039474 2.5661935 2.8828552 5.5844030 3.3961879 2.2624574 
Exapal_XM_021048391.2                   1.3668952 1.3209681 1.2564280 1.0508498 1.0425516 1.1233254 0.6990386 0.7893225 1.0578338 1.0760834 0.0000000 1.4812996 1.6034549 1.4215530 1.7988071 1.7178469 3.4165999 1.5680285 1.6068685 1.5947937 1.8708899 1.5113655 1.5464945 1.5717748 2.0494969 1.3834221 1.2882131 1.2916844 1.3829705 1.2384091 1.6204775 1.5888177 1.7607008 1.8208722 1.6920634 1.6688367 1.6765331 1.7692556 1.7670662 1.6327092 1.7880920 1.6054237 1.6037542 1.6330467 1.6330467 1.7500594 1.7681801 1.7768487 1.5875042 1.5769159 1.7528155 1.6748413 2.2431998 1.9506507 1.8592182 1.8564996 1.8105205 1.9435094 1.9779701 1.9888677 1.7101152 1.7233393 1.5755599 1.5893773 1.9922930 1.8469517 2.0763829 1.7087320 1.9421787 1.8071852 1.9071259 1.7176141 1.6969266 1.6252491 1.6891475 1.5930338 1.5996142 1.8391152 2.0393950 2.2315769 2.3402477 2.3129871 1.9751370 2.8605771 3.1342869 2.5341522 2.6177286 2.1919860 1.8864673 2.2942377 2.6940268 2.4304578 1.6086814 2.1175373 2.2416106 1.3195325 1.7399218 1.9152618 2.2841427 2.3960978 3.0017239 3.9547443 3.4754521 1.9168707 
Sanmal_Sma_005103-T1                    2.7477327 3.0474056 3.1278916 1.2525961 1.2780773 1.1173261 0.7195652 0.9700440 1.3025968 1.4181757 1.4812996 0.0000000 0.0319320 0.4367699 0.5343209 0.5148893 9.0000000 0.9814649 0.8507462 0.8076940 0.9199531 0.9311139 0.9579025 0.9803994 1.3318679 1.1838452 1.4062745 1.4748839 1.4721529 1.7576300 1.2123765 1.2461892 1.1217061 1.2662339 1.3429516 1.3626190 1.3563432 1.3132729 1.3132729 1.3260714 1.3766588 1.3529620 1.3422585 1.4179607 1.4179607 1.3554857 1.2645891 1.1629837 1.3929500 1.4219403 1.3430205 1.4198876 1.7067577 1.5124015 1.5861330 1.7062423 1.5306635 1.7473544 1.3653545 1.3710026 1.3554957 1.3871949 1.3137935 1.3773183 1.5388955 1.7704674 1.8231932 1.6911995 1.5672005 1.6329035 1.7068810 1.4919647 1.5049481 1.4899600 1.4895621 1.4964914 1.5041003 1.7775835 1.9611511 1.8693800 1.9513853 2.0499745 2.2940913 2.3232564 2.7693660 2.1726175 2.2118742 1.8420029 1.8319210 2.0380888 2.4545498 1.8346188 1.5744327 2.0326208 2.0315816 1.4804475 2.1703122 2.2627086 1.9696992 1.7687988 3.2547118 8.9999986 3.6531676 0.6873677 
Sanmal_Sma_005180-T1                    2.7477327 3.0474056 3.1278916 1.3313565 1.3540124 1.2522154 0.7195652 0.9700440 1.4081239 1.4865255 1.6034549 0.0319320 0.0000000 0.4508937 0.6051029 0.5689500 3.9069578 1.1051369 0.9287897 0.8076940 1.0823862 1.0314248 1.0557440 1.0562303 1.4489287 1.3010323 1.5035807 1.5818241 1.6086337 1.7579947 1.3400654 1.3500990 1.1834133 1.3812463 1.4688350 1.4831991 1.4771005 1.4463834 1.4463834 1.4432995 1.5143441 1.4713796 1.4603642 1.5234120 1.5234120 1.4511287 1.3775682 1.2801874 1.5241344 1.5542873 1.4317459 1.5109867 1.7067577 1.6040279 1.7518080 1.7291853 1.5973737 1.9561195 1.4697984 1.4754706 1.4679490 1.5004723 1.4036312 1.4703690 1.6706745 1.8848243 1.9267288 1.8232023 1.6597692 1.6490882 1.8307426 1.6094979 1.6207819 1.6023127 1.6018098 1.6111194 1.6187325 1.8813494 2.0761529 1.9499094 2.0539207 2.1645636 2.3794434 2.3842563 2.8500417 2.2403064 2.3484514 1.8420029 1.8319210 2.1453721 2.8282355 1.8346188 1.5744327 2.1103125 2.2685281 1.6302357 2.3622970 2.3924595 2.0442449 2.2723207 3.4511252 4.9042723 3.9337489 0.7995603 
Aaur_scaffold1110.g4.t1                 0.6232712 1.3956601 1.5873579 1.2501419 1.1987428 1.0583815 0.6573209 0.9152752 1.2955505 1.3290210 1.4215530 0.4367699 0.4508937 0.0000000 0.3856449 0.3105280 1.2199404 0.8252082 0.8666019 0.8878180 0.9748833 0.8647518 0.9006708 0.9251140 1.1619056 1.3424065 1.3105397 1.3069219 1.3816627 1.5203681 1.1642076 1.2234682 1.1860920 1.1802157 1.4186996 1.3808716 1.3727431 1.3215940 1.3215940 1.4374538 1.4641669 1.3556645 1.3556645 1.4313078 1.4313078 1.2556918 1.1724692 1.1475983 1.3931395 1.3997906 1.2196977 1.1871350 1.6835594 1.3032167 1.4183234 1.5549587 1.4903015 1.6367411 1.3278946 1.3330689 1.3030872 1.3038072 1.1949615 1.4729282 1.3895467 1.5927556 1.7406106 1.5501972 1.4297857 1.3775248 1.4881047 1.5974892 1.5952511 1.5199167 1.5386921 1.4980411 1.5058417 1.5409559 1.7352632 1.6914854 1.8708020 1.8656948 2.1534943 1.8613386 1.8693678 1.8695000 1.7220227 1.5477188 1.8415237 1.8959010 1.7917008 1.9341692 1.3920004 1.9235500 1.9495093 1.5701021 1.8355935 1.8252027 1.7332319 1.4397419 2.8326192 8.6436019 6.1345880 0.3730760 
Nemnom_g17512.t1                        0.6408275 1.1075431 1.0452101 1.5542949 1.5489923 1.4577375 0.8444612 0.9837666 1.5514680 1.6322466 1.7988071 0.5343209 0.6051029 0.3856449 0.0000000 0.2350747 0.9347779 1.0587442 1.0062887 0.8328576 1.2711051 0.9775292 0.9975705 1.0300067 1.7610139 1.6558814 1.7881483 1.5797948 1.6661405 1.7274612 1.5941293 1.6269336 1.3909203 1.3425348 1.4463566 1.4526988 1.4582827 1.4480015 1.4455881 1.5134293 1.8072127 1.5133287 1.5059235 1.4879102 1.4879102 1.4617463 1.4300482 1.4906464 1.6227000 1.6469748 1.6135027 1.4948855 1.7522280 1.6351283 1.7490461 1.5511803 1.8072160 2.6299164 1.6855429 1.6865153 1.5588679 1.5771907 1.4849154 1.5623574 1.5455928 1.9146293 2.1449021 1.7497476 1.7312837 1.4833027 1.8501342 1.9964092 1.9786684 1.8758179 1.9527337 1.8969215 1.9210848 1.7223681 1.8198449 2.1338143 2.2621461 2.2911383 1.7946087 2.8847204 3.9247238 2.3855255 2.4535257 1.6679089 1.8313765 2.2749940 2.4642332 2.0819721 1.4691826 2.2680066 2.4473080 2.1797859 2.0997660 2.5652765 2.1647355 2.7182025 3.2089480 1.5351439 3.9169709 0.6661544 
Rhoesc_Res_007229-T1                    0.6366116 1.0368646 0.9759355 1.4853307 1.4815446 1.4770036 0.9060732 0.9642496 1.5132211 1.6445467 1.7178469 0.5148893 0.5689500 0.3105280 0.2350747 0.0000000 0.7826572 1.0328200 1.0408423 0.8996765 1.2431299 0.9465766 0.9727380 1.0022745 1.7340515 1.5890752 1.6692834 1.5470574 1.6735410 1.6606292 1.4706582 1.5317392 1.3379923 1.4018188 1.4318104 1.4113444 1.4098162 1.4150299 1.4123173 1.3560832 1.4974382 1.3682972 1.3616035 1.3851407 1.3851407 1.3807887 1.3376373 1.3968980 1.5486608 1.5683888 1.5481516 1.5057364 1.5731030 1.5536083 1.6372032 1.4980367 1.6576832 2.0253673 1.5289510 1.5296499 1.5579941 1.5803403 1.4209621 1.4574276 1.4723033 1.9078424 2.0100452 1.6596335 1.6932865 1.5312148 1.7860826 1.7418646 1.7467894 1.6260665 1.6728901 1.6370014 1.6571180 1.6269690 1.6854317 2.1439086 2.1144096 2.1454135 1.9433273 2.4926538 3.1762430 2.2100543 2.3814211 1.5661313 1.7148240 2.2953655 2.4645813 1.8155915 1.4857949 2.1789616 2.3293736 1.9608659 2.0456156 2.4553070 2.0449752 2.2230963 2.9467814 1.0143323 2.9152032 0.5834213 
Aaur_scaffold1110.g3.t1                 0.0000010 0.0000010 0.0000010 3.7000511 3.6379307 4.5825658 0.0000010 0.0000010 5.3400599 3.7053166 3.4165999 9.0000000 3.9069578 1.2199404 0.9347779 0.7826572 0.0000000 1.9287112 1.9264445 0.0000010 2.1085636 2.1222521 2.0792616 2.1236582 8.9999989 4.9509330 6.2834310 4.6089157 4.8046322 2.8448449 2.6035044 2.7033630 2.7092470 2.9767551 3.0283524 3.4385167 3.4653367 2.4900037 2.4960926 3.0222021 2.9567728 3.1659173 3.1659173 3.2144555 3.2144555 2.9668791 3.1659210 3.4631990 3.5658992 3.8147686 4.0134337 2.4442049 0.0000010 3.6077024 4.1572280 2.9103508 4.2196731 3.3710474 3.9431739 3.9103549 4.3451615 4.2555651 3.0245174 3.0350092 3.4705406 4.2363995 5.2868042 3.0021115 4.0773601 3.2649007 3.2104281 4.9227768 5.2173865 5.0054474 5.1895157 6.3536896 6.3536896 3.8559409 3.5307403 6.9071121 6.3196949 5.7404905 9.0000000 7.3947096 7.3947096 8.9999989 6.3063323 0.0000010 0.0000010 4.5974580 2.8273901 0.0000010 0.0000010 4.3287969 4.5142092 4.9640544 5.0029607 8.6863998 5.5454236 3.0805521 3.2820957 1.2193576 3.0697094 0.8650858 
Sanmal_Sma_025355-T1                    1.0417080 1.1716988 1.0944047 1.5101425 1.3890787 1.3671139 0.8173683 0.9414917 1.4559364 1.3817530 1.5680285 0.9814649 1.1051369 0.8252082 1.0587442 1.0328200 1.9287112 0.0000000 0.5411343 0.4558782 0.7169020 0.5258519 0.5194899 0.5187914 1.4518184 1.5445386 1.5216446 1.7443910 1.6734634 1.7322595 1.5375535 1.5891494 1.4028080 1.4819456 1.3926373 1.3423562 1.3637828 1.3370306 1.3383659 1.3488545 1.6222806 1.3381855 1.3322184 1.2998413 1.2998413 1.4074528 1.3901810 1.4552390 1.5540350 1.5663800 1.4785224 1.4240000 1.3436340 1.4915609 1.7079554 1.6244751 1.6668062 2.0037167 1.3874269 1.3707637 1.6397586 1.6745037 1.4102650 1.5308159 1.4906387 1.9203675 2.1086754 1.6437696 1.7343753 1.4864150 1.5641904 1.7701127 1.7773977 1.7167034 1.7558134 1.7584579 1.7670258 1.5046828 1.7080861 1.9152829 2.2340700 2.2501761 2.2955571 2.6332427 3.2913564 2.5877672 2.8125567 1.8392501 1.6787759 2.0546185 2.3414536 1.7884697 1.2137263 2.3407046 2.4846062 1.9997519 2.1628685 2.2655236 2.4045063 1.4120495 2.9007642 2.5190669 2.4590277 1.0395818 
Aaur_scaffold324.g16.t1                 1.1020221 1.1939342 1.0953910 1.3350055 1.3151555 1.3066544 1.0466427 0.9555701 1.3570671 1.4143862 1.6068685 0.8507462 0.9287897 0.8666019 1.0062887 1.0408423 1.9264445 0.5411343 0.0000000 0.0948331 0.1992094 0.4317946 0.3781081 0.3870354 1.3968863 1.4917390 1.6643796 1.7556240 1.8432937 1.7048383 1.5237720 1.5225066 1.3089070 1.4385396 1.3384532 1.3419171 1.3536693 1.2946363 1.2924685 1.3810694 1.7576312 1.3852000 1.3784570 1.3909878 1.3909878 1.2489510 1.2357351 1.2966985 1.5184125 1.5274186 1.3920208 1.3440567 1.1549849 1.4072650 1.7752545 1.5571185 1.7990951 2.4019938 1.4133466 1.3932676 1.5403401 1.5738323 1.4501019 1.4661231 1.5075126 1.8382200 2.1102078 1.8082417 1.7259874 1.3378987 1.6274444 1.7408950 1.7165094 1.6676997 1.7324666 1.6812452 1.6928568 1.6545141 1.6986985 2.0003001 2.3940963 2.4858332 2.0140108 2.7018407 3.2566387 2.5708371 2.7360762 1.6724299 1.7305992 2.0499708 2.4112972 1.6910164 1.2746167 2.1021190 2.2450857 1.7312107 2.1252554 2.3272664 2.2269710 1.6782992 2.9002212 2.6623096 2.7897455 1.0998594 
Aaur_scaffold324.g17.t1                 3.4651534 2.4136578 2.5665911 1.2650138 1.0415145 1.0259173 1.1706493 0.9811229 1.2647836 1.3113868 1.5947937 0.8076940 0.8076940 0.8878180 0.8328576 0.8996765 0.0000010 0.4558782 0.0948331 0.0000000 1.8118259 0.4132656 0.3872863 0.3680335 0.9409904 1.1678737 1.3488124 1.5155412 1.5009438 1.5957964 1.5158195 1.6201957 1.2407278 1.3250883 1.3427233 1.4116689 1.3970512 1.3074964 1.3074964 1.2978540 1.5762789 1.3722872 1.3722872 1.3565292 1.3565292 1.2048160 1.2083600 1.4007944 1.4848956 1.4775423 1.4240588 1.2829724 1.2201450 1.2780756 1.6256191 1.7315783 1.8939395 6.9217765 1.3483030 1.3419208 1.4012096 1.4109871 1.2404874 1.6657045 1.6625748 1.7789346 1.9008076 1.6838769 1.7202789 1.3590161 1.4669266 1.5997660 1.5128795 1.6351296 1.6410016 1.6937045 1.7080999 1.8034960 2.1603660 1.7259719 2.0360279 2.0257841 4.1539879 2.3560499 2.7886460 2.2037936 1.9281959 1.7355677 1.7802561 1.7676509 5.2124397 1.8279479 1.2910254 2.1993847 2.2583692 1.5537745 1.6890168 1.6300413 1.7449808 4.7019136 2.4664225 0.0000010 9.0000000 1.9658550 
Aaur_scaffold76.g17.t1                  0.2644289 2.6611618 0.3880345 1.9204074 1.9173672 2.3208220 1.4521279 2.1237612 1.8659043 1.9420267 1.8708899 0.9199531 1.0823862 0.9748833 1.2711051 1.2431299 2.1085636 0.7169020 0.1992094 1.8118259 0.0000000 0.5053913 0.4283466 0.4601602 2.8757514 2.1240821 2.3332989 2.4123234 2.6656338 1.8952338 1.9433598 1.9618299 1.6395664 1.7556703 1.7914457 1.8977537 1.9159668 1.7546989 1.7479546 1.8909973 1.9291635 1.8677378 1.8468072 1.9367702 1.9367702 1.5388235 1.4940916 1.5240148 1.8270746 1.8571725 1.6296024 1.7187950 1.3500198 1.8456610 2.3298056 1.9032801 2.3534716 2.5253621 1.7903247 1.7641277 2.2301097 2.2871030 1.8917701 1.7484179 1.9595221 2.9379131 2.9149021 2.2233589 2.0511336 1.4374271 2.0414251 2.3747667 2.4502352 2.2001604 2.2536572 2.2477390 2.2477390 2.0687337 2.2619740 2.8199009 2.9926191 3.2192912 2.4671161 3.0646276 3.4140308 2.8906124 2.9232472 1.7913743 6.2354685 2.9472668 2.3911162 1.8211467 1.7324966 2.8380073 2.5952473 2.0978967 3.8491240 4.0646177 3.5494906 1.8874615 3.6573899 2.8253429 2.9057455 1.2508575 
Nemnom_g12473.t1                        0.7765907 0.9704070 0.8614321 1.4308757 1.2933556 1.3038389 1.0009673 1.0053297 1.4291111 1.4280995 1.5113655 0.9311139 1.0314248 0.8647518 0.9775292 0.9465766 2.1222521 0.5258519 0.4317946 0.4132656 0.5053913 0.0000000 0.2227783 0.2366444 1.4307997 1.5806930 1.6109857 1.6366091 1.7614016 1.6129102 1.4189968 1.5279369 1.3792575 1.4687625 1.2092267 1.1871240 1.1813863 1.1801869 1.1791961 1.2495318 1.4898419 1.2089270 1.2027533 1.2472875 1.2472875 1.2706641 1.2226215 1.2785064 1.5044153 1.5111484 1.4106976 1.3847895 1.0069926 1.3342557 1.6001484 1.6067058 1.7437879 2.1702766 1.3739301 1.3532847 1.4191326 1.4385227 1.3862003 1.4228859 1.4892947 1.8110746 2.0651106 1.7302787 1.6756724 1.3949553 1.5405229 1.7931501 1.7371248 1.6891850 1.7596874 1.7574936 1.7654854 1.4625666 1.6073372 1.8335910 2.3351176 2.3494509 2.0722970 2.8484327 3.0109711 2.7816153 2.7570426 1.8044797 1.7743353 2.0226735 2.5466058 1.7762215 1.1704863 1.9708128 2.2669969 1.6716507 2.1967382 2.3259433 2.1264172 1.7959957 2.8096392 2.0330734 2.5658992 1.0682393 
Rhoesc_Res_011386-T1                    0.8717509 1.1039379 0.9746290 1.5321895 1.3132061 1.3862449 1.0227909 1.0317696 1.4804071 1.4229326 1.5464945 0.9579025 1.0557440 0.9006708 0.9975705 0.9727380 2.0792616 0.5194899 0.3781081 0.3872863 0.4283466 0.2227783 0.0000000 0.0660172 1.4077979 1.4874851 1.6213253 1.6940920 1.8049201 1.7117529 1.4716404 1.5630837 1.3413086 1.4986855 1.2616279 1.3086848 1.3131635 1.2685716 1.2664258 1.2789694 1.5172751 1.2887837 1.2824324 1.2728394 1.2728394 1.2800881 1.2667939 1.3324976 1.5806924 1.5823017 1.3747918 1.3288057 1.1909034 1.3411839 1.6623663 1.5499252 1.7006912 1.9623054 1.3846727 1.3676103 1.4411097 1.4597451 1.5125774 1.4910802 1.5664997 1.9065624 2.1396962 1.7219484 1.5958774 1.3509600 1.5630061 1.7603339 1.7291434 1.6344340 1.7052469 1.7611829 1.7689042 1.5104541 1.6560227 1.8985733 2.1895122 2.2357321 2.1221770 2.7138222 2.9544584 2.6518926 2.7547501 1.8459317 1.7679447 1.9709548 2.3011021 1.7894443 1.1772317 2.0119146 2.3471337 1.6941607 2.2949906 2.3348530 2.1192912 1.5411536 2.8639396 2.2875038 2.5931071 1.0646363 
Rhoesc_Res_011390-T1                    0.8703047 1.0973749 0.9685894 1.5086734 1.2876704 1.3819645 1.0494192 1.0358405 1.4632983 1.3932093 1.5717748 0.9803994 1.0562303 0.9251140 1.0300067 1.0022745 2.1236582 0.5187914 0.3870354 0.3680335 0.4601602 0.2366444 0.0660172 0.0000000 1.3884525 1.4920630 1.6042807 1.7069644 1.8075329 1.7057690 1.4806683 1.5499967 1.3157933 1.4937944 1.2690820 1.3072730 1.3098034 1.2650936 1.2629528 1.3031687 1.5535343 1.2799729 1.2736846 1.2822068 1.2822068 1.3234741 1.2993195 1.3477239 1.5258116 1.5279297 1.3791607 1.3107602 1.1309580 1.3319921 1.6437297 1.5502545 1.6883250 2.0159197 1.3430809 1.3332011 1.4495387 1.4796825 1.5012678 1.4775725 1.5229413 1.8563385 2.1297478 1.7271768 1.6173139 1.4241606 1.5552527 1.7773691 1.7481506 1.6640472 1.7313779 1.8035249 1.8115813 1.5807011 1.6699884 1.9393510 2.2489080 2.2975441 2.2345780 2.7150394 3.0503745 2.6678987 2.8124648 1.8925226 1.8126950 1.9730729 2.3459734 1.7376022 1.1791142 2.0381464 2.3236931 1.7195629 2.3404168 2.3156642 2.1746044 1.5604555 2.8661727 2.3768343 2.6393589 1.1196742 
Morvir_scaffold102.g24.t2               1.3151490 1.1978635 1.1438525 1.9376234 1.8350410 1.8474753 1.3682998 1.1417433 1.9909179 2.0464669 2.0494969 1.3318679 1.4489287 1.1619056 1.7610139 1.7340515 8.9999989 1.4518184 1.3968863 0.9409904 2.8757514 1.4307997 1.4077979 1.3884525 0.0000000 2.1627813 2.2150811 2.2760006 2.3560119 2.4177722 1.9860608 2.2214748 1.8127510 1.9170854 1.8390618 1.7493434 1.7573276 1.7630949 1.7595015 1.7320245 2.5304559 1.7398632 1.7379151 1.8274276 1.8274276 2.1397305 2.1336785 2.0659463 2.0564120 2.0474844 1.9306753 1.9336856 1.3726248 2.0172168 2.1818344 2.1650809 2.4071963 4.9882619 2.0582372 2.0790664 1.8920852 1.9520970 1.8544627 2.0575279 2.1209484 2.4685450 2.7261424 2.4454019 2.1995107 1.8055917 2.4166609 2.1389962 2.1685872 2.1794557 2.2040837 2.2502789 2.2629968 2.0561801 2.3728944 2.5804536 2.8047718 2.7101376 2.3218666 3.6771641 6.5436359 3.2640043 3.9927498 2.4459892 1.7307895 2.5361326 5.9550729 1.8456027 1.5432439 2.4654864 2.7478561 2.9228770 2.8816537 3.2261369 2.7573653 6.7251246 3.8551980 8.9999987 8.9999989 2.9819455 
Sanmal_Sma_001414-T1                    1.9526363 2.1841685 2.2408652 1.4047974 1.2678763 1.3159085 1.3603928 1.0637481 1.3864637 1.4799012 1.3834221 1.1838452 1.3010323 1.3424065 1.6558814 1.5890752 4.9509330 1.5445386 1.4917390 1.1678737 2.1240821 1.5806930 1.4874851 1.4920630 2.1627813 0.0000000 0.7079373 0.8964942 0.9330930 1.7813677 1.7743641 1.9609201 1.6644916 1.7466695 1.9398209 1.8418405 1.8641772 1.9174986 1.9131345 1.6952447 1.7166965 1.7385166 1.7273448 1.7745678 1.7745678 1.6831009 1.6737333 1.8474533 1.7673280 1.7957258 1.8089166 1.6198636 1.8331644 2.0021208 2.0281661 1.9782003 1.9180542 2.4664210 1.9767788 1.9606223 1.7935105 1.7981329 1.7948350 1.9125773 1.9846510 1.9269890 2.2330083 1.9857745 1.9903815 1.7885550 2.0825180 1.8817979 1.8624729 1.7654257 1.7457602 1.7875222 1.8070839 2.0211414 2.3401497 2.3682469 2.1872711 2.1787027 3.1467582 2.6245393 3.0726887 2.5427417 3.2485096 2.0783503 1.7295820 2.2612173 2.8731852 2.0331252 1.7080218 2.3145399 2.4887964 1.8010070 2.1370873 2.3005443 2.3751506 2.8750429 3.4813248 5.3007829 3.2735877 1.7694226 
Aaur_scaffold142.g24.t1                 1.7919634 1.4647359 1.4492223 1.3973577 1.3146300 1.4340736 1.0108986 0.9942761 1.3986348 1.4613448 1.2882131 1.4062745 1.5035807 1.3105397 1.7881483 1.6692834 6.2834310 1.5216446 1.6643796 1.3488124 2.3332989 1.6109857 1.6213253 1.6042807 2.2150811 0.7079373 0.0000000 0.8016139 0.7522741 1.6059203 1.6939106 1.7474274 1.8163513 1.8596844 1.9049421 1.7542785 1.7892021 1.8637297 1.8553592 1.7207329 1.9088786 1.6724456 1.6640770 1.6963239 1.6963239 1.8098330 1.7515117 1.8840530 1.7478333 1.7319536 1.9099823 1.8222038 1.8247844 1.9016650 1.9235011 1.7604065 1.8658292 2.6160993 1.9652673 1.9473682 1.8249745 1.8635345 1.9124980 1.9329047 1.8529316 2.0647522 2.2754807 2.0446938 2.0104277 1.9135907 2.0409478 1.8327529 1.8312716 1.7334147 1.7765587 1.7308924 1.7368421 1.9627904 2.1816054 2.1607900 2.3324192 2.3392940 2.0828447 2.6447687 3.0083061 2.5495351 3.0900521 2.2932595 1.8922109 2.2746606 3.0391428 1.9553425 1.6682466 2.1873395 2.2771503 1.8679920 1.9190696 2.1187967 1.9421236 2.7168840 3.1912163 3.5895765 3.1468509 1.8574226 
Nemnom_g11153.t1                        1.5521526 1.6998645 1.6169886 1.2631862 1.2262846 1.4192190 0.8868574 0.9535473 1.2637980 1.4558638 1.2916844 1.4748839 1.5818241 1.3069219 1.5797948 1.5470574 4.6089157 1.7443910 1.7556240 1.5155412 2.4123234 1.6366091 1.6940920 1.7069644 2.2760006 0.8964942 0.8016139 0.0000000 0.4612750 1.5004653 1.7929771 2.0120568 1.8539126 1.8512940 1.7873695 1.8258760 1.8263503 1.7574429 1.7667872 1.7854059 2.0070304 1.7686079 1.7596547 1.7590831 1.7590831 1.9001997 1.8106883 1.9490588 1.7461504 1.7447206 1.9124316 1.8478804 2.1712879 2.1114135 1.9698898 1.9019445 1.9652621 2.6198115 1.9396976 1.9443965 1.8048277 1.8446040 1.8435725 1.8321374 1.8048017 2.0062082 2.2206748 1.9808184 2.1128083 1.9496480 2.0209736 1.9787553 1.9692370 1.8453666 1.9490258 1.9679932 1.9838491 2.0201122 2.1511339 2.1961209 2.5483210 2.5226257 2.5029185 2.5686006 3.3039855 2.3198468 3.0148476 2.2314692 1.8636659 2.5604549 3.2189343 2.0783288 1.7798742 2.1513536 2.1607410 1.7259009 2.0393350 2.1298420 1.9491535 3.1919904 3.2159214 4.5833049 3.9811737 1.9917784 
Rhoesc_Res_008371-T1                    1.4527188 1.6527616 1.5664961 1.4069365 1.3679589 1.4313465 0.9520899 0.9284326 1.3896721 1.5820135 1.3829705 1.4721529 1.6086337 1.3816627 1.6661405 1.6735410 4.8046322 1.6734634 1.8432937 1.5009438 2.6656338 1.7614016 1.8049201 1.8075329 2.3560119 0.9330930 0.7522741 0.4612750 0.0000000 1.5316301 1.9745545 1.9015168 1.8491273 2.0296698 1.8999052 1.8831173 1.8858082 1.8901487 1.8883570 1.8384704 2.0315398 1.8509486 1.8417711 1.8616275 1.8616275 1.9503631 1.9016051 2.1981255 1.7237090 1.7390975 1.9482909 1.9330287 2.3819662 2.5036096 2.0224629 1.7916529 1.9602267 2.4221545 1.9566318 1.9553151 1.9423475 1.9863862 1.9503956 1.9234331 1.8239018 2.0843708 2.4570713 1.9790751 2.2890979 1.9163725 2.2253676 2.0936595 2.0525131 1.9622286 2.0643929 1.9244761 1.9393188 1.9643160 2.3399583 2.2459435 2.2635853 2.2918002 2.2343678 2.8593777 3.5465392 2.5882589 3.1669691 2.3025644 1.9487633 2.3467527 3.3212950 2.0217026 1.7875668 2.4048050 2.2935298 1.9266121 1.8450832 2.0175838 2.0137046 3.2991944 3.1571638 5.6679690 4.2512096 2.1030347 
Nvec_v1g184899                          1.6320213 1.5994267 1.6038880 1.3747499 1.3510782 1.1384590 0.8113097 0.9571825 1.2245435 1.3513800 1.2384091 1.7576300 1.7579947 1.5203681 1.7274612 1.6606292 2.8448449 1.7322595 1.7048383 1.5957964 1.8952338 1.6129102 1.7117529 1.7057690 2.4177722 1.7813677 1.6059203 1.5004653 1.5316301 0.0000000 1.8609931 1.8651419 1.8382425 1.8923914 1.7339946 1.6996708 1.7161136 1.7728153 1.7648487 1.8762129 2.1826070 1.7918260 1.7828897 1.8830813 1.8830813 2.0350926 1.8986783 2.0583120 1.7830676 1.8094171 1.8693184 1.8283552 2.1481343 2.1499548 2.0210697 1.9121761 1.9357820 2.5610513 1.9296132 1.9386362 1.9783532 1.9882525 1.9527816 1.8596623 1.8984201 1.8038674 2.0150608 1.8224970 2.1500642 2.0553093 2.1932595 1.7803385 1.7825431 1.6769131 1.7639933 1.6336996 1.6457683 1.8793514 1.9222705 2.1833609 2.7714198 2.8004229 2.2761357 3.0413385 3.5374427 2.7588471 2.7923388 2.6674138 2.0695006 2.7468418 3.3960652 2.3297244 1.9152523 2.2065188 2.1627447 1.5298705 1.9780567 1.9379452 2.4234919 2.5661033 3.1656678 3.0736371 3.6342585 2.1479768 
Bralan_BLAG02000230_1                   1.5877806 1.3135739 1.3004790 1.5681258 1.5144787 1.6232968 1.4067494 1.3045465 1.5527183 1.5452395 1.6204775 1.2123765 1.3400654 1.1642076 1.5941293 1.4706582 2.6035044 1.5375535 1.5237720 1.5158195 1.9433598 1.4189968 1.4716404 1.4806683 1.9860608 1.7743641 1.6939106 1.7929771 1.9745545 1.8609931 0.0000000 0.5903409 1.1453395 1.1663885 1.3078846 1.2503483 1.2606426 1.3001735 1.2939790 1.2421104 1.3561915 1.2712004 1.2777402 1.3171298 1.3171298 1.3944120 1.3569901 1.3379982 1.1867176 1.2193235 1.3837394 1.3324383 1.6258213 1.8759592 1.6541257 1.3177576 1.7335513 2.3002481 1.3791367 1.3841965 1.5123069 1.5168604 1.4050683 1.4573735 1.4356402 1.7015747 1.7340481 1.5011079 1.7930910 1.6537463 1.8014057 1.6726017 1.7017701 1.5750136 1.6244298 1.6407855 1.6392657 1.7213200 1.7506557 2.0127207 2.5544994 2.5099651 1.9788802 2.8189973 3.1452778 2.7216529 2.9786376 2.2071011 2.0995020 2.3041323 2.8851888 1.7587226 1.6537181 2.0435649 2.3216690 1.8491008 2.2877564 2.3340251 2.3707085 2.7623044 2.6571358 3.8352006 3.4736154 1.4616986 
Bralan_BLAG04001198_1                   1.5158251 1.4915150 1.4708000 1.4874367 1.5185873 1.5096180 1.0988859 1.0858559 1.6222370 1.5690050 1.5888177 1.2461892 1.3500990 1.2234682 1.6269336 1.5317392 2.7033630 1.5891494 1.5225066 1.6201957 1.9618299 1.5279369 1.5630837 1.5499967 2.2214748 1.9609201 1.7474274 2.0120568 1.9015168 1.8651419 0.5903409 0.0000000 1.1407622 1.1763886 1.2690332 1.2365061 1.2507052 1.3241026 1.3224725 1.2602683 1.3376969 1.2909064 1.2976141 1.3486128 1.3486128 1.4167069 1.3450812 1.2325556 1.1768650 1.1914096 1.4390858 1.3919687 1.9176973 1.8979107 1.6166068 1.4250535 1.7044292 2.1521252 1.3959847 1.4024295 1.5242245 1.5419683 1.5107655 1.4933068 1.4427153 1.6856981 1.7494918 1.5780698 1.6531064 1.4882176 1.6879570 1.7511862 1.7841053 1.6356493 1.7052001 1.8303026 1.8339380 1.6604918 1.7425880 2.0355292 2.4394836 2.4540183 1.7567106 2.9852019 3.4514813 2.8627920 2.9858133 2.2923305 1.9306491 2.3011600 3.2013832 2.1813021 1.7067235 2.0632352 2.2763111 1.6954833 2.0307308 2.2248515 2.3209848 2.6291580 2.8548913 3.4066283 3.3461936 1.5361621 
Skow_XM_002741868.1                     1.4150537 1.2598588 1.2139904 1.4693807 1.4786885 1.5922128 1.3395123 1.0856254 1.7256065 1.5669672 1.7607008 1.1217061 1.1834133 1.1860920 1.3909203 1.3379923 2.7092470 1.4028080 1.3089070 1.2407278 1.6395664 1.3792575 1.3413086 1.3157933 1.8127510 1.6644916 1.8163513 1.8539126 1.8491273 1.8382425 1.1453395 1.1407622 0.0000000 0.5485092 1.2443539 1.2063772 1.2013337 1.2916083 1.2894197 1.1393292 1.3119774 1.1842587 1.1904012 1.1623479 1.1623479 1.2534235 1.2451713 1.2085790 1.2024013 1.1765711 1.2396215 1.2841968 1.5171647 1.8454064 1.4538809 1.3811377 1.4814181 2.0727657 1.2630153 1.2790314 1.4523624 1.4836882 1.3858900 1.4461410 1.2798229 1.4808289 1.8252895 1.5505357 1.6240458 1.4505347 1.5103374 1.4808148 1.5406217 1.4322762 1.4692461 1.6089038 1.6121506 1.5860758 1.5426748 2.3277921 2.4358766 2.4026299 2.2153798 2.4163389 3.0376205 2.1565489 2.7522709 1.9349843 1.7612753 2.1805469 2.3080196 1.8211125 1.5751803 1.9144057 2.1728565 1.8921317 2.3525494 2.2131074 2.2007057 2.7139238 2.8266164 2.5155366 3.2323077 1.6553355 
Skow_XM_002741870.2                     1.6891475 1.6884320 1.5368377 1.5757340 1.5855985 1.5489628 1.4222810 1.1397621 1.6957114 1.5979884 1.8208722 1.2662339 1.3812463 1.1802157 1.3425348 1.4018188 2.9767551 1.4819456 1.4385396 1.3250883 1.7556703 1.4687625 1.4986855 1.4937944 1.9170854 1.7466695 1.8596844 1.8512940 2.0296698 1.8923914 1.1663885 1.1763886 0.5485092 0.0000000 1.2592966 1.2039073 1.1932811 1.2647264 1.2660628 1.1675527 1.3558046 1.2088007 1.2149347 1.1879132 1.1879132 1.3357305 1.2816238 1.3041443 1.2753515 1.2585225 1.2404770 1.2519867 1.5883438 1.7815304 1.5930480 1.4265552 1.4230845 1.8428196 1.3218053 1.3345688 1.5231278 1.5290197 1.4288080 1.4618476 1.2884257 1.5675375 1.7698432 1.5845809 1.7242429 1.4551991 1.6121681 1.7176548 1.7689753 1.6873418 1.7257476 1.8088215 1.8084591 1.6413377 1.5667973 2.3380700 2.4678338 2.4209550 2.5011847 2.4269073 3.1117518 2.2034595 2.8270942 1.8749555 1.7629747 2.1088075 2.3324941 1.8975327 1.7604438 2.0718582 2.1532056 1.8538638 2.3288837 2.4562578 2.4620911 2.8081668 2.9743280 3.4012434 3.5758509 1.4868141 
HoiH23_PlH23_003943-RA                  1.0928804 1.1667538 1.1571349 1.6686903 1.6185049 1.6091990 1.1755680 1.3570885 1.7014157 1.7113092 1.6920634 1.3429516 1.4688350 1.4186996 1.4463566 1.4318104 3.0283524 1.3926373 1.3384532 1.3427233 1.7914457 1.2092267 1.2616279 1.2690820 1.8390618 1.9398209 1.9049421 1.7873695 1.8999052 1.7339946 1.3078846 1.2690332 1.2443539 1.2592966 0.0000000 0.1820706 0.1885596 0.3777633 0.3785351 0.5553777 0.6263240 0.5366592 0.5334240 0.5625234 0.5625234 1.2952269 1.3000395 1.3261613 1.4722413 1.4928781 1.2945128 1.1922050 1.7843181 1.9534862 1.5351887 1.4841067 1.4863902 1.9048701 1.4461257 1.4392375 1.3919914 1.4316967 1.3290445 1.5114164 1.4487841 1.6915562 1.9802594 1.5181606 1.6457483 1.4803577 1.5307465 1.6333746 1.6233138 1.5905341 1.6617733 1.6524582 1.6600030 1.4787766 1.6731814 2.1064010 2.3431087 2.3114957 2.2918218 2.8438483 2.9966251 2.7896330 2.8849650 2.0667747 1.7817502 2.0835456 2.7591698 1.8555810 1.2356873 1.8619526 2.0671668 2.1569157 2.2488419 2.3201688 2.5035684 2.4035098 2.9907379 3.8231651 2.8931590 1.6509370 
Hhon_g06481.t1                          0.9595790 1.1487199 1.1661785 1.5730632 1.5263540 1.5003692 1.1110845 1.2233632 1.6183104 1.6588383 1.6688367 1.3626190 1.4831991 1.3808716 1.4526988 1.4113444 3.4385167 1.3423562 1.3419171 1.4116689 1.8977537 1.1871240 1.3086848 1.3072730 1.7493434 1.8418405 1.7542785 1.8258760 1.8831173 1.6996708 1.2503483 1.2365061 1.2063772 1.2039073 0.1820706 0.0000000 0.0156116 0.3775715 0.3783497 0.5452941 0.6249380 0.5306524 0.5274088 0.5550246 0.5550246 1.3319050 1.3317404 1.3585687 1.4337030 1.4333584 1.2903423 1.1790143 1.7443517 1.8584485 1.5269953 1.4367578 1.4023354 1.9244929 1.3916477 1.3931163 1.3251914 1.3494064 1.3339346 1.4274901 1.3530454 1.5771348 1.8982416 1.5761039 1.6400096 1.3946926 1.5264091 1.5403773 1.5215392 1.4929454 1.5309870 1.5250104 1.5316014 1.4461500 1.6190546 1.9832087 2.2739739 2.2229582 2.0638812 2.9222543 3.1137835 2.7665560 2.9122158 2.1387050 1.6698431 2.0061136 2.8523628 1.7932533 1.2649480 1.8008215 2.0633260 2.1709045 2.1447130 2.2352150 2.4750923 2.4245031 3.0185805 3.6980943 3.1076917 1.7331542 
