145
Stycar_maker-SC_scaffold6719-snap-gene-0.10-mRNA-1                0.0000000 0.0331492 3.7203596 2.0985523 1.7641697 0.0000010 2.4677093 2.7531386 2.4594413 2.3943350 3.3066469 1.6990334 1.8356159 1.6007153 1.3844829 1.3103077 1.4492071 1.8784462 1.9370468 2.8209143 2.9328662 1.5291497 1.4733101 1.9484143 1.9301868 1.8182153 1.8211505 1.8144469 1.7716686 1.7716686 1.7716686 1.8537035 1.7971835 1.7971835 1.7597380 1.8531806 1.6926361 1.9524430 1.9524430 2.6702267 1.6054235 1.8278873 1.6641044 2.4956733 1.9410650 1.2719545 1.2275116 0.3423423 0.6432036 1.4777549 1.3766767 1.2028100 1.3032835 1.6141962 2.0193902 1.2118184 2.1768816 2.7087153 2.1951572 0.3423423 1.6909803 1.8274254 1.9812568 2.2221760 1.6499505 1.8197057 0.6432036 2.4102348 2.0629614 1.4999089 2.0302194 1.7084535 1.5101485 1.4013024 1.4621823 1.5287018 1.7611713 1.7611713 1.4874769 2.1264750 2.0104890 2.1595930 0.3267677 0.3267677 1.4501615 1.5524220 1.7678180 2.1278226 1.6617427 1.8049209 1.9438841 2.1725601 1.9862676 2.1169605 2.0024979 1.8185739 2.1867687 1.4422639 0.8068626 1.4977579 1.4977579 0.7658024 0.0000010 1.8770333 1.4455713 0.0000010 1.2054287 2.8796914 1.9992092 9.0000000 2.4110691 2.1173253 3.6425260 2.9105654 2.4807330 2.5566117 2.7348125 2.9525309 2.7711496 3.1223595 1.9887654 3.6766646 3.3325521 3.0859329 4.8769074 3.0561188 3.0418439 3.8658414 3.9038086 2.4143084 3.7196673 3.5603053 7.2736160 2.8108207 2.8108207 3.2387884 4.1972393 2.4143084 3.3622305 3.1587784 3.6852721 2.1551898 2.0020104 5.1325256 3.1559146 
Stycar_maker-SC_scaffold7262-augustus-gene-0.5-mRNA-1             0.0331492 0.0000000 4.4476568 1.9223454 1.7792319 0.0000010 2.7114343 2.6208900 2.4035494 2.5043552 5.8064201 1.9557391 2.1188416 1.8638843 1.6765769 3.3183841 1.6442071 2.1592773 2.2074163 3.1116851 3.1103144 1.8510060 2.0310440 2.4422716 2.4193909 2.2812136 2.2836398 2.1198861 2.2010454 2.2010454 2.2010454 2.1029046 2.0352085 2.0431804 2.0613026 2.2101446 2.0689737 2.2056009 2.2056009 2.9898044 1.9976115 2.2491553 1.9104339 3.0697374 2.0339449 1.4430332 1.6789002 4.5835710 4.7659740 1.8663038 1.8445576 3.5125758 1.4629633 2.2886883 2.1716722 1.3476891 2.2925476 3.0523351 2.5254054 3.7486357 2.7303698 2.1392628 2.2649400 2.5962124 1.9560605 2.1267313 5.4387479 2.1211128 2.3107779 2.5970574 3.3723970 1.3366052 1.9555101 1.7774442 1.7755382 1.9417185 2.0432375 2.0911879 1.4377635 2.3009148 2.2413185 2.4575347 4.2738100 6.1601932 1.7792148 1.4802618 2.3444512 2.0553387 1.5664726 2.1947801 2.1255560 2.4158483 2.2500338 2.3991952 2.5593506 2.3782363 2.7259623 1.8734660 4.7296269 1.9267542 1.9267542 8.5744155 9.0000000 2.0874927 1.8172460 0.0000010 1.2247273 3.9333844 2.7424067 9.0000000 2.8425819 2.6212060 3.7771685 3.6793891 4.4902855 3.7843263 3.3009976 3.1526888 2.9724309 3.0356573 2.3939924 4.0811321 3.8132677 3.5538309 6.4908959 3.5613729 3.6171059 4.1667602 3.6700200 4.2650067 4.4017237 3.7881673 5.9612051 3.3191000 3.3191000 3.7565869 6.0072910 5.6373071 3.9173627 2.8584430 3.6902086 2.1358083 1.8456482 5.0131221 3.5481716 
Mlei_ML0405.g27.i1                                                3.7203596 4.4476568 0.0000000 4.9302895 4.3922293 4.9251241 4.0441708 4.5564418 4.6914785 4.4174454 3.8428070 3.8068862 3.7717242 3.8293004 3.6918979 4.6807407 3.6840108 3.9309046 3.9971815 4.1495079 4.4905885 3.6101751 3.5960507 4.0527179 3.7163522 4.0570210 4.0359863 4.0077523 3.9764212 3.9764212 3.9550932 4.0643800 3.7201779 3.9851933 4.1680558 4.5198579 4.3150907 4.1339244 4.1558123 4.4064342 3.6571967 3.7691035 3.9100066 3.5932658 4.2181235 2.9325285 3.6382154 2.7836675 3.0052153 4.0225336 4.2518424 3.5250965 3.6097694 3.4087210 3.8546826 3.9184818 4.2717418 4.9048941 3.8504846 3.2937040 3.2479561 3.7269322 3.5906640 3.7422130 3.7184513 3.6793423 3.9129531 3.9024916 3.8456455 3.8409547 3.5328807 3.4636777 4.1623817 3.7570430 3.5712529 3.6453624 3.7245980 3.8823759 4.0112964 3.9166022 3.7842412 3.6532783 2.8140958 3.1191389 3.4908463 3.6751797 3.6402394 4.1459485 4.3840188 4.0269424 4.1246903 4.0952701 4.1735879 4.0939092 4.0686720 4.0161470 3.7644276 3.6563947 3.6377266 3.5596976 3.5721931 3.3853401 3.4161134 3.7832655 4.1410113 5.1208573 3.9311487 4.3162124 3.9978979 6.8969393 4.3622671 4.4859907 5.8902722 4.7533590 3.8836258 3.8243285 4.6617904 4.0366990 4.1536188 4.2934298 3.7982503 7.1507475 4.8271248 4.8209689 4.1554351 4.9419276 4.8121129 4.9812930 5.4639962 4.7649723 4.8901768 5.9782240 4.0539568 5.0005442 5.0005442 4.9705419 3.9915623 4.1083161 4.9567493 5.1564258 6.7050361 4.5817506 4.4234835 5.8108212 4.9236053 
Xestes_maker-XT_scaffold812-snap-gene-0.21-mRNA-1                 2.0985523 1.9223454 4.9302895 0.0000000 1.0403237 2.9911953 2.3770485 2.1385397 2.2901967 2.3044089 0.8028799 1.7642527 2.1955039 1.8205170 1.8697924 3.6888891 1.9631433 2.1623566 2.5766197 2.2545236 3.3202946 2.0782801 1.9044065 1.7289045 1.8330980 1.8075668 1.8083864 1.8383534 1.8659856 1.8659856 1.9375374 1.9065080 1.9588963 1.9338663 1.8339793 1.9700481 2.0844803 1.9148606 1.9148606 2.2910455 2.1569639 1.8782674 1.7307356 1.7373323 2.2165087 1.2443685 1.0052761 0.0000010 0.0000010 0.7418998 1.3814467 0.0000010 1.3445849 1.1291469 1.4150196 1.2317529 2.5784685 2.7745132 1.9681080 0.0000010 5.1076346 2.1265961 1.8000800 2.1223905 2.0967007 2.0436743 1.4693102 1.9179392 1.9441238 1.8450902 1.6863500 5.5414206 1.9324239 1.9410848 1.9479788 1.9233399 2.0848767 2.0713783 2.0808310 1.8600143 1.8811935 2.2555573 0.0000010 0.0000010 1.8138958 1.8138958 2.1862115 2.1285729 2.3144208 2.3691498 1.9772569 2.0900077 2.1738632 2.2843688 2.1588000 2.3313102 2.3315458 2.0224683 2.1990974 2.2122553 2.2208777 0.0000010 0.0000010 2.0851835 1.6287091 1.5672186 1.4489202 1.9910426 1.9628121 2.6734407 3.0963883 3.2657282 4.7342434 3.2957575 2.7597846 1.2495911 2.9033778 3.2119277 3.0859558 2.9724648 2.8863562 3.7359776 3.4603314 3.5332455 3.2196610 2.9256022 2.8299170 3.0725598 2.8682901 0.0000010 3.0652369 3.0878353 2.0969199 2.6622295 2.6622295 2.9609325 2.0585324 7.0138208 2.7110998 3.5753478 2.9628755 2.5293624 2.5073327 4.7801826 2.5483715 
Aque_Aqu2.1.18823_001                                             1.7641697 1.7792319 4.3922293 1.0403237 0.0000000 2.9496458 2.3735004 2.4968886 2.6855979 2.5484083 1.2342638 1.8971363 2.1727659 2.0128983 1.9805467 5.2168399 1.9268029 2.4038631 3.0183374 2.6075973 3.0985448 1.9956049 1.9162172 1.9686033 2.0705053 2.0009361 1.9928962 2.0855813 2.1320964 2.1320964 2.1677754 1.9363913 2.0006400 1.9904838 1.9840152 2.2196688 2.1739587 2.3022333 2.3042512 2.4917965 2.2817129 2.1228350 2.2709065 2.3625085 2.5323391 1.1630007 1.3799031 6.5254477 4.8985400 0.8433949 1.4174328 1.3661551 1.3306241 1.3085419 1.5513524 1.3380382 2.5231757 2.3084373 1.9494110 7.4831663 1.5150101 1.9442516 1.5233545 2.0000434 2.0366003 2.0090587 8.5453995 1.9769851 2.0671011 1.8894786 1.5491889 1.3928004 1.9012113 1.8212734 1.8052768 1.7821014 1.8504613 1.8526577 2.2002882 1.9407921 1.9907360 2.1120294 4.4094943 4.4094943 1.9913914 1.8957901 1.9327775 1.9503687 2.1385376 2.1312314 1.9934567 2.1196781 2.1771386 2.2124815 2.2237007 2.1250589 2.1617800 2.0200144 2.2142611 2.0194897 2.0235671 8.4026348 9.0000000 1.7607787 1.6380961 1.7378751 1.3221801 2.0205087 2.1396004 2.9180325 3.0133286 3.1980910 4.2733042 3.3989223 2.4703155 2.3705787 2.6845797 3.4641452 3.3532604 2.6061380 2.9059141 3.3651155 3.0815750 3.0688939 3.2628531 3.0017124 2.8782053 3.0883048 2.7454429 3.9339345 2.7740676 2.7528926 3.2329441 3.1563857 3.1563857 2.9462202 2.9506540 4.8959100 2.8934449 3.0342359 3.1708203 2.5256541 2.1669949 4.5146196 2.3559822 
Ocar_g3905                                                        0.0000010 0.0000010 4.9251241 2.9911953 2.9496458 0.0000000 0.0129901 1.9241104 0.5419391 0.5126237 0.0000010 2.8766432 2.8857719 3.2138834 2.4134214 9.0000000 2.8382298 2.7968887 2.8695019 2.9436566 0.0000010 2.8049659 2.9790032 2.5841223 0.0000010 2.9857529 2.9857529 2.6050766 2.6857952 2.6857952 2.6857952 2.9582889 8.9999987 3.0282593 3.0574616 3.0438433 2.9982327 2.9003902 2.9003902 3.6473346 2.2834759 2.9228631 1.9107848 0.0000010 2.6618872 0.0000010 3.4184811 0.0000010 0.0000010 3.3893683 2.8854940 0.0000010 3.3381250 9.0000000 3.0641344 2.6093729 4.0831451 0.0000010 3.0916404 0.0000010 0.0000010 2.9882961 9.0000000 2.8935971 3.0336292 2.6908163 6.7533204 3.1013761 3.4034660 3.2159001 0.0000010 3.1826918 3.2769183 2.8292336 3.0573303 2.8122064 3.2800084 3.2800084 2.5010442 2.9554712 2.5694040 2.2927125 0.0000010 0.0000010 1.9671007 1.9671007 3.0208268 2.4436401 3.0995455 3.0938123 3.2512907 3.2512907 3.5311274 3.4164479 3.4383001 2.4530855 2.6474896 2.8353085 2.6862814 2.5928187 2.5939639 0.0000010 0.0000010 2.6301590 2.9971571 3.1793535 3.4663099 1.9831803 0.0000010 2.4966848 2.7379514 4.0606860 5.8085654 3.7597147 0.0000010 0.0000010 3.6982817 9.0000000 3.5833084 3.0237647 2.8151744 4.1951187 4.1729749 4.1484116 0.0000010 4.1750530 3.5844891 4.0513059 3.6224383 0.0000010 3.5460128 3.4586604 0.0000010 3.9629403 3.9629403 4.3415069 0.0000010 0.0000010 3.7266566 5.6005257 2.9520593 1.9477678 1.8551168 5.2775090 2.5303201 
Opea_EP00118_Oscarella_pearsei_P013850                            2.4677093 2.7114343 4.0441708 2.3770485 2.3735004 0.0129901 0.0000000 0.1620159 0.5588424 0.4686078 0.7751343 1.8826243 2.0054619 2.1412511 1.8829194 4.2918253 2.0929692 2.0977346 2.7646232 2.6442920 3.2770434 2.0760255 1.9822337 2.2270839 2.1880220 2.3504286 2.3407101 2.1765454 2.2683018 2.2683018 2.1966552 2.2147598 2.1404820 2.1977132 2.2013240 2.3853712 2.3299679 2.3298215 2.3275464 2.4704825 2.2701969 1.8358171 1.8785348 1.7915029 2.2057040 2.6281314 2.4060017 0.7213175 0.0000010 2.1929592 2.0260141 1.0588542 1.8252968 1.5953602 2.2335953 1.8052285 2.8792604 2.4621927 2.1860961 1.5581671 1.5620320 2.1816483 1.8639640 2.1276589 2.2343147 2.1987284 4.9812654 2.4618187 2.4074476 2.1942967 1.9522124 2.0827211 2.1678861 2.0379622 2.0611211 2.0035414 2.0414183 2.0313970 2.5238842 2.1638121 2.1957311 1.8119909 0.4640781 0.4640781 1.9137451 2.0102250 2.3733277 2.2222836 3.1691510 2.5678810 2.3950663 2.4605996 2.3675960 2.3565301 2.3621368 2.2757901 2.1812537 2.0371402 1.7573214 2.1507321 2.1657125 0.1015149 0.0000010 2.3454722 2.2562974 2.6627730 2.2780294 2.1455840 1.3819381 2.7501841 2.6190239 3.1005805 5.1581995 3.3341105 1.8177652 1.7953922 2.9420885 3.0867894 3.1539936 2.9271461 2.8980258 4.0455512 3.1617423 3.1754326 3.0959787 3.1947866 2.9684460 3.2323950 3.1496144 1.5417218 2.8219764 3.8722913 1.7356431 2.9020921 2.9020921 3.1961288 2.2764183 1.7895354 3.0741408 3.9071901 2.8500858 1.8571832 1.6070541 5.2560684 2.8237062 
Ocar_g9858                                                        2.7531386 2.6208900 4.5564418 2.1385397 2.4968886 1.9241104 0.1620159 0.0000000 0.5132638 0.5388130 1.1269114 2.4384926 2.7724819 2.7281885 2.6152311 4.7216060 2.8920618 2.6818590 2.8151637 3.2574166 4.5768855 2.8411890 2.4586060 2.9133741 3.1546903 3.0315009 3.0272704 2.2292547 2.9610128 2.9610128 2.8661010 2.7716528 2.6248232 2.6772482 2.7273688 2.9226843 2.7919438 2.8586222 2.8586222 2.9461086 3.3193836 2.3435975 2.7178003 4.2324365 2.8623491 2.5773690 3.3553408 9.0000000 9.0000000 2.7472570 2.6056233 8.9999983 2.7152772 2.9239603 3.0289132 2.6178578 2.4561266 2.4621927 2.5595158 8.9999984 5.1921990 2.6591441 2.4243317 2.5370462 2.6972696 2.7495772 9.0000000 2.7732078 3.0124265 2.9026096 3.1490090 4.5985437 2.6029663 2.5383982 2.5845480 2.4930772 2.6357907 2.6647222 2.6176653 2.6462282 2.8837699 2.6600971 8.9498378 8.9498378 2.6939378 2.2892246 3.0352334 2.5788074 3.0422222 3.5984655 3.2520942 3.2320418 3.1399401 3.1494525 3.0881949 3.5364301 3.2165999 2.7665442 5.3488510 3.0162155 3.0492510 9.0000000 0.0000010 3.3186353 3.1749240 2.1254514 2.1792083 2.2917979 1.9332828 9.0000000 3.7769919 4.0276962 5.2853386 4.6473375 4.3140590 3.1543929 3.9579410 4.6242430 4.4904021 3.7714149 5.0759939 4.0587621 4.1540280 4.1949857 3.6981822 4.4044462 4.1028211 4.2273053 4.2111597 8.7342462 3.5285570 4.0540752 3.2473840 3.5693245 3.5693245 3.7553005 3.9735655 8.9999988 3.8402706 5.3566723 2.8438377 1.8129132 1.5572741 6.4769343 3.0401119 
Ocar_g9830                                                        2.4594413 2.4035494 4.6914785 2.2901967 2.6855979 0.5419391 0.5588424 0.5132638 0.0000000 0.0446273 0.9273246 1.9135125 2.3121584 2.2121219 2.1652209 3.6399417 2.2593832 2.4092919 2.9914580 2.7273867 4.0514395 2.5278544 2.0551777 2.2761228 2.4471824 2.4790321 2.4651988 2.2985613 2.4532546 2.4532546 2.4151876 2.3017056 2.3089442 2.3349821 2.2847393 2.4103983 2.3865222 2.4251057 2.4251057 2.4144780 2.5134852 2.1231818 2.4013669 2.5349629 2.3007616 2.5925775 2.7685043 0.0000010 0.0000010 2.3766929 2.0213647 1.4629011 1.9945268 1.9919327 2.4675352 2.1754640 2.6346617 2.5906534 2.3385373 0.0000010 1.1234297 2.2518998 1.9786987 2.2481555 2.2339942 2.2945013 8.2858334 2.7182815 2.5609867 2.3819762 2.2990680 2.6944939 2.6030813 2.4515531 2.4773389 2.3689700 2.5830973 2.5858493 2.8370392 2.3962429 2.5518775 2.3319687 0.0000010 0.0000010 2.3249099 2.3249099 2.6824459 2.2862551 2.4798712 2.8122017 2.3380016 2.4288461 2.5222038 2.4992636 2.6561834 2.8542731 2.4714787 2.5204398 2.8076983 2.3663688 2.3651169 0.0000010 0.0000010 2.6595323 2.4336930 2.8858029 2.1313441 2.0807510 1.7214374 2.3856759 2.8179496 3.5941875 5.2597230 3.7380304 1.4620552 1.7789726 3.1324928 3.6568642 3.6775769 2.9971289 3.5915610 4.3471968 3.8451177 3.8321958 3.0644243 3.6820496 3.4069972 3.8383762 3.9064314 0.0000010 3.6344918 4.1591054 2.1117557 3.4874434 3.4874434 3.6628918 2.7333780 7.8873668 3.5322000 4.2370505 3.1403394 1.9948290 1.6523966 5.1653488 3.1234853 
Opea_EP00118_Oscarella_pearsei_P013812                            2.3943350 2.5043552 4.4174454 2.3044089 2.5484083 0.5126237 0.4686078 0.5388130 0.0446273 0.0000000 0.5239283 1.8018126 2.1140348 2.0509318 1.8994806 3.1847372 2.0392468 2.2500885 2.8507397 2.5122565 3.3340183 2.3154911 1.9854492 2.1598330 2.2337013 2.3195068 2.3008547 2.1457028 2.2895495 2.2895495 2.2678340 2.1794348 2.0581763 2.1287832 2.1480914 2.3180195 2.2709697 2.3536165 2.3536165 2.3066982 2.3237742 1.9734752 2.2786857 2.1569545 2.2788081 2.5962498 2.4029325 1.3187174 1.8191823 2.2970859 1.9413610 1.6055080 1.9140122 1.9694240 2.3838777 2.0259406 2.6745852 2.5906534 2.1876978 4.2059142 1.6477012 2.1162773 1.8505184 2.1702506 2.1096223 2.1732188 4.0920407 2.4243554 2.2769451 2.1071101 2.0812311 1.9319592 2.5370726 2.2641956 2.3122164 2.2271496 2.2337194 2.2375007 2.8481209 2.2285683 2.4147995 2.0593845 1.0401327 1.3446276 2.1621616 2.1931666 2.4776243 2.1674851 2.5036530 2.5178321 2.2975119 2.3550120 2.3073221 2.3319358 2.4247325 2.5105843 2.2552449 2.2539459 2.2903950 2.2832279 2.2821652 1.6281327 1.3817965 2.5992832 2.2638093 2.9057641 2.1522322 2.0271474 1.6193726 2.3233939 2.7047256 3.4450818 4.8223183 3.6394199 2.4835808 2.0616161 2.9761774 3.3846899 3.4884019 3.0124525 3.5110581 4.3081121 3.6945497 3.7174624 2.8356831 3.2466921 3.0463511 3.3799262 3.5769686 2.6969656 3.2756413 4.1992253 2.1622197 3.2446866 3.2446866 3.4319303 2.6350064 3.2296944 3.3485571 3.6343073 3.1226602 1.9759844 1.6272301 4.7562382 3.1148120 
Ocar_g6180                                                        3.3066469 5.8064201 3.8428070 0.8028799 1.2342638 0.0000010 0.7751343 1.1269114 0.9273246 0.5239283 0.0000000 0.6991083 0.7566479 0.7375983 0.7885508 8.9999985 0.8577767 0.7119293 4.9832604 0.9475192 1.8639419 0.8611620 0.7514501 0.8753127 0.9021113 0.9526159 0.9284404 0.9724698 0.9724698 0.9724698 0.9724698 0.8032492 0.8043293 0.8043293 0.8042003 1.0047600 0.9952479 0.9418930 0.9418930 1.0277663 0.8968220 0.8197809 1.5055768 1.5968004 1.5562300 0.0000010 0.9145284 0.0000010 0.0000010 0.9817530 0.7652958 0.9822094 1.1869222 1.1513139 1.1646336 0.9680974 0.0000010 0.0000010 0.8028630 0.0000010 0.9458406 0.8391501 0.8362599 0.9392685 0.8764188 0.9117749 0.0000010 1.1275627 1.0468343 1.0469277 1.0473518 0.6098264 1.0170858 0.8731109 0.9355509 0.9364182 0.8197413 0.8197413 0.0000010 1.2505273 1.0774161 1.0181853 0.0000010 0.0000010 0.9513755 0.9513755 1.0395292 0.9715966 0.0000010 1.2634184 1.1362879 1.1155014 1.1344310 1.1354924 1.0139012 1.2910830 1.0238504 0.9693850 0.7213092 1.1301244 1.1301244 0.0000010 0.0000010 1.1207493 0.8763089 0.0000010 0.9209596 0.9853513 0.7604654 0.7674690 2.0870125 2.7281078 1.2877460 2.2993787 2.3336279 1.8716009 1.6187116 2.0850499 2.0680749 2.8726378 0.0000010 1.3585566 2.4198484 2.5214189 2.0123441 1.4520650 1.3563819 1.5095531 1.5432544 9.0000000 1.5111741 0.0000010 1.3188962 1.3524022 1.3524022 1.6153492 1.6153492 0.0000010 1.7562337 0.9892423 1.4633567 2.0069395 0.3044951 5.3778231 4.2610667 
Bralan_BLAG07000940_1                                             1.6990334 1.9557391 3.8068862 1.7642527 1.8971363 2.8766432 1.8826243 2.4384926 1.9135125 1.8018126 0.6991083 0.0000000 0.3205101 0.4391684 1.2806472 1.5985448 0.6900942 1.3992762 1.8510309 1.6907417 2.2000710 1.2236142 1.4380683 1.5016541 1.4258018 1.6020839 1.5863004 1.5191104 1.5598812 1.5598812 1.5371789 1.6005863 1.5173421 1.6312473 1.5790536 1.7446514 1.7775585 1.6708657 1.6818638 1.6883000 1.4000082 1.7113118 1.7610139 1.7429047 1.8935821 1.9056426 1.7937755 1.4244186 1.7219304 1.7996611 1.5919422 1.5269731 1.6571221 1.6154580 1.8282608 1.6820303 1.7022532 1.6910572 1.3875104 1.4975160 1.1255688 1.3145393 1.1058036 1.3064142 1.2611525 1.2788702 2.2016453 1.3213154 1.3297336 1.3009679 1.4497778 1.1117060 1.5766176 1.3115075 1.2537611 1.3325476 1.3965703 1.4650742 1.6686339 1.3627232 1.3258960 1.3424009 1.4986522 1.6738670 1.3168575 1.5562563 1.5775062 1.5236225 1.9379256 1.8012410 1.5154268 1.4682140 1.6798928 1.7056741 1.5093176 1.6763627 1.2773502 1.1989609 1.2781256 1.5006650 1.4962883 1.6892444 2.1600632 1.7050552 1.5810186 2.1855905 1.6839360 1.7571482 1.7581980 3.1098254 2.4911239 2.6487973 3.9927675 2.6214759 1.9956030 1.9987115 2.6681701 2.4531451 2.4983125 2.7097161 2.6724035 3.7116274 2.6199560 2.6026795 2.5208558 2.3294754 2.2531931 2.5114754 2.4887135 1.8484774 2.4085778 3.4602221 1.8102956 2.3187454 2.3187454 2.4533766 1.7535811 2.0455228 2.4055892 2.3898031 2.7326569 2.5182888 1.9354159 5.2025613 2.7982974 
Bralan_BLAG02000522_1                                             1.8356159 2.1188416 3.7717242 2.1955039 2.1727659 2.8857719 2.0054619 2.7724819 2.3121584 2.1140348 0.7566479 0.3205101 0.0000000 0.4617213 1.3854018 1.4653990 0.7271042 1.4703421 1.7840694 1.6780663 2.0869606 1.2250320 1.4573237 1.4089058 1.3560700 1.5381487 1.5219156 1.4141359 1.4537816 1.4537816 1.3729857 1.5701950 1.4411750 1.5620044 1.5534180 1.6750653 1.6608325 1.6138092 1.6249648 1.6120221 1.4746673 1.9460573 1.8571102 1.7806457 1.9242224 2.1375024 2.0446306 1.2424919 1.6188457 1.8991603 1.7982928 1.3962607 1.8254887 1.6839964 1.9641156 1.9577471 1.7215620 1.8334605 1.4632125 1.4500047 1.1066400 1.3644324 1.2137145 1.3625869 1.3046056 1.3493858 1.9316554 1.4197955 1.3569800 1.3808592 1.5591530 1.0877205 1.6827645 1.3148851 1.2333698 1.3412595 1.4375498 1.5207200 1.7048021 1.4389612 1.3781856 1.4181065 1.2720713 1.6458419 1.4534509 1.8112023 1.5943943 1.6559445 2.1911504 1.8138115 1.5827931 1.5464086 1.7114236 1.7319209 1.6113294 1.7383635 1.3683456 1.1862258 1.1730044 1.4751050 1.4754279 1.6239001 2.0997076 1.6690653 1.6272046 1.9613762 1.9488643 2.0025226 1.9462802 3.3124742 2.5624726 2.8953095 4.7442112 2.6683347 1.9803826 1.9062043 2.6960050 2.5449135 2.5933072 2.7574932 2.5016423 3.6913024 2.7314810 2.7187205 2.9683670 2.2985859 2.1671658 2.5529229 2.4560511 1.8050836 2.4178852 3.2509611 1.9088589 2.3549266 2.3549266 2.4313793 1.6656660 1.8254979 2.4214279 2.7951444 2.8452818 2.6007526 2.2144011 5.5147178 2.8876098 
Bralan_BLAG06001279_1                                             1.6007153 1.8638843 3.8293004 1.8205170 2.0128983 3.2138834 2.1412511 2.7281885 2.2121219 2.0509318 0.7375983 0.4391684 0.4617213 0.0000000 1.3734847 1.5310610 0.7432462 1.3590897 1.7513013 1.6169107 1.9748722 1.1853181 1.4270515 1.4583469 1.3743606 1.5343333 1.5191443 1.4870483 1.5053289 1.5053289 1.4827854 1.4754745 1.4778821 1.5471497 1.4472329 1.6583645 1.6927374 1.6615756 1.6725035 1.5812998 1.3890640 1.7547273 1.7826954 1.7758613 1.9696096 1.9544167 1.8352397 1.2326563 1.5490185 1.8452896 1.6148611 1.4169068 1.5836837 1.4075196 1.7252361 1.7552787 1.6758109 1.8439402 1.4791321 1.6804946 1.2439879 1.3935408 1.2269195 1.3039143 1.4399221 1.5009828 2.1989439 1.4023071 1.3950882 1.3091644 1.5400996 1.2627348 1.6518547 1.3673504 1.2544995 1.3628201 1.4713247 1.5398622 1.7010484 1.4787442 1.3765700 1.4199772 1.2881309 1.4236225 1.3591768 1.6273362 1.6026180 1.5849530 1.9038259 1.8438342 1.5326061 1.5378147 1.7595475 1.7599977 1.6370581 1.7004967 1.3758429 1.1946402 1.2870443 1.4559082 1.4489280 1.5334702 1.7705350 1.6212944 1.5505024 2.1161501 1.7621307 1.7612668 1.7802142 3.3491899 2.4903839 2.8212976 4.4658061 2.6795122 1.9545047 1.9965294 2.5000510 2.3947256 2.4863526 2.6912669 2.4963571 3.9782000 2.8267896 2.8192675 2.7464265 2.2004099 2.1616800 2.3362392 2.3900776 1.7345104 2.3509543 3.3292207 1.7982539 2.2258279 2.2258279 2.2103166 1.5196178 1.5297180 2.2390079 2.3258601 3.0601789 2.4043033 2.1808348 5.3233275 2.7890489 
Hsap_ENST00000643188                                              1.3844829 1.6765769 3.6918979 1.8697924 1.9805467 2.4134214 1.8829194 2.6152311 2.1652209 1.8994806 0.7885508 1.2806472 1.3854018 1.3734847 0.0000000 2.0820459 1.1321394 1.4314335 1.8198719 1.7175640 2.0896812 1.1954446 1.4814709 1.4969278 1.5320012 1.5405311 1.5259199 1.4672090 1.4826043 1.4826043 1.4736888 1.5012142 1.3823916 1.4692757 1.4491113 1.6079362 1.5751446 1.5822017 1.5926374 1.5973862 1.3779349 1.3882082 1.3436782 1.3403537 1.5092387 1.4377258 1.6107991 1.1380678 1.2933260 1.7233585 1.6445724 1.4455326 1.6705222 1.5505062 1.8174465 1.7582337 1.8084581 2.0976686 1.5318166 1.4838256 1.2336426 1.4528273 1.2566942 1.4691736 1.4844141 1.5004643 2.3912740 1.5248920 1.5867785 1.6661207 1.3812382 1.3846201 1.5714356 1.3269357 1.3618596 1.4256833 1.3230561 1.3772925 1.4720740 1.2876811 1.1697448 1.2839895 1.5719960 1.6088866 1.1708507 1.3649385 1.6502243 1.5825122 1.7441623 1.4949345 1.3919164 1.3702904 1.4024129 1.3664508 1.3626945 1.3778983 1.3112475 1.3294653 1.4333434 1.3511527 1.3475725 1.6405203 2.0296553 1.5122655 1.4270618 1.8637714 1.5116362 1.6680852 1.6607678 5.2693671 2.3843670 2.6217668 3.3602975 2.5034801 2.1328172 2.0850568 2.4473179 2.1539698 2.4132372 2.6997436 2.4603857 3.5439013 2.6730995 2.7287304 2.5155582 2.2707312 2.1956490 2.3668681 2.5037604 1.7043292 2.3536202 3.5106338 1.7573289 2.3208851 2.3208851 2.2926769 1.7382888 1.6027627 2.3894671 2.4014257 3.1274947 2.1615777 2.2449775 4.3017235 2.2156033 
Bralan_BLAG07000171_1                                             1.3103077 3.3183841 4.6807407 3.6888891 5.2168399 9.0000000 4.2918253 4.7216060 3.6399417 3.1847372 8.9999985 1.5985448 1.4653990 1.5310610 2.0820459 0.0000000 0.5130703 1.8963008 1.9070325 2.3717361 1.9292039 1.7632898 2.5382435 1.9365076 1.8419472 2.1337421 2.1297506 3.0507942 2.0931934 2.0931934 2.3297007 2.4710983 2.2390697 2.4610652 2.3516501 2.4102431 2.1399059 2.4060080 2.4673968 2.1218573 2.1225643 2.2220077 2.3337653 1.7905306 2.0307460 2.7305035 2.2309517 1.6654965 2.0700163 2.7352991 1.9922503 2.2457682 2.3008603 2.2423198 2.9539867 4.4085461 3.8210634 3.3265219 1.8810734 1.6481692 1.5979513 1.7057227 1.8240982 1.9431874 1.6811234 1.6372514 1.7643793 2.4016587 1.9131857 2.0638951 1.7102763 0.0000010 3.2514754 1.6220562 1.6189827 1.6188243 1.4444921 1.7045516 3.1265186 2.0383782 2.2610086 1.7110583 1.9045825 1.8556273 1.8320481 4.6973033 2.1182360 3.8265413 6.8246830 2.2890807 2.3522459 2.0098376 2.1881931 2.3487503 2.2039912 2.1389231 2.0540259 1.7002406 1.8336562 1.9153735 1.9153735 2.1924969 2.0093051 2.2438122 1.8132829 3.8274140 2.9049348 2.4424799 2.3835975 0.0000010 2.6248123 2.7431697 4.8187373 3.0250613 2.3389448 2.8247610 3.3703012 2.1090790 2.6662282 2.6360791 3.3573747 5.6019878 2.8937860 2.8913185 3.1579028 2.6311187 2.7955842 2.5432267 2.5927706 2.1296262 2.8171879 8.9999984 2.8386084 2.8533239 2.8533239 2.8482947 2.4107950 2.1245329 2.8478834 3.8584102 8.9999987 2.9882155 4.8273900 5.0383380 4.5531284 
Bralan_BLAG07001590_1                                             1.4492071 1.6442071 3.6840108 1.9631433 1.9268029 2.8382298 2.0929692 2.8920618 2.2593832 2.0392468 0.8577767 0.6900942 0.7271042 0.7432462 1.1321394 0.5130703 0.0000000 1.2305006 1.5494984 1.4487835 1.8514178 0.9748025 1.4373705 1.4051266 1.4828722 1.4480346 1.4374554 1.4614354 1.4503228 1.4503228 1.4260018 1.4348206 1.4341941 1.5332061 1.3999233 1.6010018 1.6826892 1.6312582 1.6310152 1.5362665 1.3244675 1.6484771 1.6432697 1.5856937 1.6362985 1.6481949 1.6406176 1.1793255 1.4917284 1.7424969 1.5674315 1.4629891 1.6511702 1.4349037 1.8738592 1.7469437 1.7549167 1.8666078 1.3785318 1.3268868 1.0808401 1.3146759 1.1853354 1.2116619 1.2745718 1.3363026 1.8637297 1.2782591 1.2598170 1.2299628 1.2273353 1.1012125 1.3128903 1.0790911 0.9979151 1.0682082 1.1444975 1.1953018 1.3015665 1.2386343 1.2302033 1.2058700 1.7398876 1.5488249 1.0463335 1.2202017 1.4712098 1.3449890 1.4681146 1.5997280 1.3070141 1.2741709 1.4035879 1.4193002 1.3389746 1.4140458 1.2504693 1.0945482 1.0779749 1.2307906 1.2308136 1.6907423 1.6514449 1.5997305 1.4378478 2.0401861 1.4674588 1.6153242 1.9107614 4.1805536 2.6493062 2.8055672 3.6249337 2.7873703 2.0457463 2.0473393 2.6932171 2.4859907 2.6838872 2.7343011 2.4755421 3.6270955 2.7198099 2.6806365 2.6955199 2.2765465 2.1886200 2.4159444 2.3577718 1.7339689 2.3336287 3.0837817 1.9302524 2.3324993 2.3324993 2.4358278 1.8146764 1.7297466 2.3708645 2.3103797 3.3411129 2.3416529 2.4716547 5.2624968 2.9526938 
Skow_XM_002730388.2                                               1.8784462 2.1592773 3.9309046 2.1623566 2.4038631 2.7968887 2.0977346 2.6818590 2.4092919 2.2500885 0.7119293 1.3992762 1.4703421 1.3590897 1.4314335 1.8963008 1.2305006 0.0000000 0.0955496 0.5118886 0.7444948 0.6076619 1.4183521 1.5100795 1.5087900 1.5770937 1.5758860 1.5661386 1.5265126 1.5265126 1.5799955 1.4918839 1.5269323 1.5586379 1.4775626 1.7455922 1.8274786 1.7235439 1.7283256 1.7536285 1.4008606 1.8253073 1.8532213 1.8424326 1.8102456 1.8608094 1.8593561 1.3712400 1.7672620 2.0202727 1.7719662 1.6020341 1.9128666 1.6719461 1.8737794 2.0162934 2.0934994 1.9438712 1.5048294 1.4631206 1.2455648 1.5368223 1.5298154 1.4358497 1.5496047 1.6199432 2.1727773 1.6691989 1.7422160 1.6349959 1.5442828 1.3361427 1.6913762 1.2834415 1.2883327 1.3406495 1.3956284 1.4584058 1.5541711 1.4626093 1.3120732 1.3624999 1.2558000 1.3868008 1.1843294 1.2964565 1.6624223 1.8618945 1.8594792 1.7273605 1.5762963 1.5266286 1.5290174 1.5708600 1.5162341 1.7786607 1.3052340 1.2500364 1.4761445 1.3897884 1.3877640 1.5586958 1.6247208 1.6114893 1.8523060 1.8875017 1.8545755 1.9103767 1.7614951 3.4473835 2.5579895 2.7082515 3.6846332 2.6869507 2.1050858 2.1408026 2.6316173 2.3359168 2.5404263 2.8499906 2.5614369 4.1681838 3.0825582 3.0650931 3.0440942 2.6443878 2.6116663 2.6703168 2.7357299 2.0059721 2.5041796 3.2160705 2.0580435 2.5731305 2.5731305 2.6702642 2.0116604 1.9491929 2.5088834 2.5274869 3.4470264 2.4647066 2.3947931 4.8004721 2.6989746 
Skow_XM_006811131.1                                               1.9370468 2.2074163 3.9971815 2.5766197 3.0183374 2.8695019 2.7646232 2.8151637 2.9914580 2.8507397 4.9832604 1.8510309 1.7840694 1.7513013 1.8198719 1.9070325 1.5494984 0.0955496 0.0000000 0.6198576 0.7813886 0.8628046 1.8425915 2.0466214 2.2902594 2.0425732 2.0408849 2.0604762 1.9759727 1.9759727 2.0288932 1.9300560 2.0511742 1.9681836 1.9212105 2.1900558 2.3429654 2.1697733 2.1780739 2.2193474 1.9440048 2.4453589 2.2786466 2.5608769 2.1996417 1.8886961 2.4987488 1.7197707 2.0093014 2.6080996 2.2957157 2.5191291 2.5541863 2.4354462 2.5467375 2.8904425 2.0574330 1.9230128 1.9451396 1.7201682 1.9127031 1.8704083 2.0356592 1.8593835 1.9302557 2.0148023 2.0864295 2.1535036 2.1480928 2.1866678 2.0782570 2.4830685 2.1688155 1.6322954 1.6282567 1.6995681 1.8773844 1.9277032 1.6110250 1.8423070 1.6041779 1.6949130 1.9791552 1.7889195 1.4984640 1.6779336 2.2687043 2.2577373 1.8234401 2.1636711 2.1137750 1.9630111 1.9282605 1.9775355 2.0498920 2.2114704 1.7053995 1.5636087 1.8373432 1.7570405 1.7543349 1.9290047 1.6247208 2.0576681 2.4760224 2.0060518 2.3685380 2.9050815 2.2904521 3.5867318 3.1816694 3.2935815 3.6708400 3.0876444 2.2845063 2.7947277 3.2464555 2.8401048 3.0110834 3.2435515 2.9680359 4.2633170 3.8055315 3.7480630 4.2398724 3.4191389 3.2923724 3.3574979 3.3246676 2.4340082 3.1733196 3.2764426 3.0988249 3.2723528 3.2723528 3.3303502 2.9348331 2.4354047 3.1284536 3.5019259 3.4955878 2.4156383 3.0936759 4.9625775 2.6971253 
Skow_XM_006816344.1                                               2.8209143 3.1116851 4.1495079 2.2545236 2.6075973 2.9436566 2.6442920 3.2574166 2.7273867 2.5122565 0.9475192 1.6907417 1.6780663 1.6169107 1.7175640 2.3717361 1.4487835 0.5118886 0.6198576 0.0000000 0.5959144 0.9517989 1.7533554 1.7795872 1.7697585 1.8808041 1.8739978 1.8953068 1.9222069 1.9222069 1.9996813 1.8308962 1.9247382 1.8885396 1.8805567 2.1073510 2.1530281 2.1507214 2.1576956 2.0027574 1.6953652 2.2712459 2.0702000 2.2531610 2.1538806 2.2985736 2.2537068 1.5042177 1.9132532 2.3763481 2.1632410 1.8248209 2.1792656 1.8101153 2.1904589 2.4761675 2.3196431 2.0897550 1.7783284 1.9476690 1.5698329 1.8021449 1.8391924 1.7429656 1.9180272 1.9539951 2.6494080 1.8672065 1.9618669 1.9595925 1.8956795 2.0721861 1.9530013 1.5539526 1.5356981 1.5838385 1.7394429 1.7355965 1.7860367 1.6681106 1.5513667 1.6470067 1.7318172 1.8311452 1.4236481 1.5069022 2.0407685 2.0348536 1.8910131 2.0080463 1.8306790 1.7562341 1.8564687 1.9309872 1.8482261 1.9383830 1.5668217 1.5765322 1.8662420 1.7440632 1.7477072 1.9705707 2.0492177 1.9188724 2.2135025 2.1248627 2.2359636 2.2786795 2.1152500 3.2894207 2.8088773 2.8673229 4.6152205 2.9906703 2.2173299 2.1930673 3.0454501 2.7521160 2.8311059 2.9783111 2.7290473 4.7687216 3.3046277 3.2700324 3.2018894 2.6910105 2.6097863 2.9045144 2.7813058 1.9834200 2.7768864 4.0157781 2.1260407 2.7864594 2.7864594 2.8497032 2.0223831 1.9010678 2.6747790 3.1246534 3.7301508 2.6402382 2.2573722 5.3851460 3.0165299 
Skow_XM_006823116.1                                               2.9328662 3.1103144 4.4905885 3.3202946 3.0985448 0.0000010 3.2770434 4.5768855 4.0514395 3.3340183 1.8639419 2.2000710 2.0869606 1.9748722 2.0896812 1.9292039 1.8514178 0.7444948 0.7813886 0.5959144 0.0000000 1.1708213 2.1020152 1.9871686 1.9848604 2.0482473 2.0585009 2.2209938 2.1664615 2.1664615 2.2223510 2.1720203 2.2153075 2.1862470 2.1559970 2.5495493 2.3746904 2.3706170 2.3873088 2.2362991 2.1546202 2.7937997 2.4968859 2.6591695 2.3463676 2.7752062 2.5679985 1.9361090 2.4827424 2.7300769 2.6634242 2.4384897 2.9739730 2.4322449 3.1508508 3.3222114 2.2828788 2.2085779 2.2017296 2.1986936 2.0567848 2.0624293 2.1031776 2.1843257 2.2273473 2.3354764 2.5235811 2.2146496 2.1866969 2.0763854 2.2369156 2.5049537 2.9339625 1.9298917 2.0192788 2.1136361 1.9962152 2.1398701 2.5782069 1.9884709 1.8524429 1.8551466 1.9147185 2.0463226 1.7325557 1.9526086 2.5724421 3.2042641 1.5387301 2.3089358 1.9348322 1.8870053 2.0171141 2.1150326 2.1225227 2.1604652 2.2983480 2.0312073 2.1812058 2.1401806 2.1401806 2.5712024 2.2987259 2.3597063 2.5842417 0.0000010 2.9412142 2.7525546 2.4919980 2.9128219 3.1615580 3.0298358 3.7538173 3.1509893 2.7699549 2.8553554 3.3706401 2.8556150 2.8778409 3.1359002 2.7968369 4.7969999 3.5844006 3.4089814 3.4638652 2.8711603 2.8641510 3.2012573 3.2563720 2.5790356 2.9825645 3.5562530 2.7333048 3.0546325 3.0546325 3.0575096 2.6978082 2.6087058 2.9183155 3.4145793 1.7759739 3.8990190 3.4609658 5.5216179 4.1528411 
Skow_XM_006811132.1                                               1.5291497 1.8510060 3.6101751 2.0782801 1.9956049 2.8049659 2.0760255 2.8411890 2.5278544 2.3154911 0.8611620 1.2236142 1.2250320 1.1853181 1.1954446 1.7632898 0.9748025 0.6076619 0.8628046 0.9517989 1.1708213 0.0000000 1.3122757 1.5557529 1.5697712 1.5408754 1.5396671 1.5606764 1.4379927 1.4379927 1.5072732 1.4657367 1.4989267 1.5285666 1.4961163 1.6842867 1.8560512 1.6711343 1.6757858 1.7093731 1.2809666 1.8495694 1.7475630 1.5587481 1.8488427 2.0054479 1.7680508 1.3240460 1.5056788 1.7388095 1.6814816 1.3751928 1.6698529 1.4501912 1.7597203 1.9228141 1.9510475 2.0432428 1.4118981 1.1125838 1.0393784 1.3633696 1.2726193 1.2895926 1.4757714 1.4867352 1.9243408 1.4797648 1.5452194 1.4696556 1.2208900 1.3966171 1.3729289 1.0824387 1.0571281 1.1388592 1.2154135 1.2596269 1.4048628 1.2930043 1.2106589 1.1347767 1.1139207 1.3167569 1.0134804 1.1373018 1.4365851 1.5342619 1.5471282 1.5237564 1.4842895 1.4254614 1.3185317 1.3616012 1.3631903 1.3937114 1.1294788 1.0590373 1.2128547 1.2328719 1.2333608 1.6262189 2.0081974 1.5227017 1.6796674 1.9405017 1.7580974 1.7240113 1.6633573 3.6785340 2.3787204 2.5064452 3.8735325 2.7896517 1.9846076 1.7903613 2.5886403 2.3760088 2.5730642 2.5684635 2.3901947 4.4075055 2.8480492 2.8486331 2.5527893 2.2650427 2.1907518 2.5147957 2.3543131 1.6818253 2.3316991 3.3135576 1.6872024 2.3445309 2.3445309 2.5697053 1.8728061 1.7267879 2.5107786 2.4341097 2.9887244 2.2820998 2.3243478 5.0911357 2.5999124 
Cscu_XM_023384567.1                                               1.4733101 2.0310440 3.5960507 1.9044065 1.9162172 2.9790032 1.9822337 2.4586060 2.0551777 1.9854492 0.7514501 1.4380683 1.4573237 1.4270515 1.4814709 2.5382435 1.4373705 1.4183521 1.8425915 1.7533554 2.1020152 1.3122757 0.0000000 1.6453559 1.6420216 1.5500694 1.5336165 1.7402098 1.6237965 1.6237965 1.6201020 1.6875971 1.5967748 1.7006408 1.6651702 1.8681599 1.8789974 1.9105592 1.9240329 1.7697410 1.4839355 2.0343411 1.7748208 1.8193422 1.9490719 1.9400271 1.7232517 1.1733398 1.4492486 1.6095119 1.6941831 1.4816390 1.8260284 1.5436573 1.8897566 1.7896082 1.8018788 1.9344054 1.6539764 1.9295025 1.5126322 1.6037094 1.3803155 1.6025007 1.6860586 1.6803170 2.4272450 1.6406611 1.6876938 1.6574368 1.6290239 1.5282008 1.6013429 1.4181638 1.4438372 1.4796089 1.4216177 1.5288992 1.6039473 1.4965972 1.5020249 1.3419923 1.2558927 1.2611827 1.4011711 1.6364678 1.5810462 1.7534648 1.7909336 1.7626167 1.5769350 1.5986537 1.6533602 1.7266222 1.7378348 1.5699809 1.2188902 1.1986718 1.3058474 1.5698414 1.5781133 1.5105433 1.5337036 1.8649036 1.5554891 2.0765204 1.6662432 1.9397238 1.9917528 4.3804456 2.4907393 2.9810701 4.3906596 2.9549573 2.3503266 1.9767601 2.7430521 2.5539535 2.7100755 2.7042073 2.4508042 3.1548085 2.6656374 2.6028556 2.4432813 2.4514424 2.3324025 2.4659446 2.5761429 2.0311393 2.4092769 3.0635745 2.0268566 2.4188548 2.4188548 2.6078809 1.9090666 1.9776758 2.5410743 2.6136521 2.7750973 2.3618197 2.2779892 4.7160177 2.2113942 
HoiH23_PlH23_010309-RA                                            1.9484143 2.4422716 4.0527179 1.7289045 1.9686033 2.5841223 2.2270839 2.9133741 2.2761228 2.1598330 0.8753127 1.5016541 1.4089058 1.4583469 1.4969278 1.9365076 1.4051266 1.5100795 2.0466214 1.7795872 1.9871686 1.5557529 1.6453559 0.0000000 0.0635022 0.1497883 0.1438172 0.4254363 0.3991593 0.3991593 0.4380798 0.4618621 0.5236799 0.4908085 0.5164018 0.6650909 0.6983761 0.6503061 0.6600384 0.7235882 1.7263286 1.7522556 1.7790395 1.7228013 1.8925891 1.9198598 1.9578656 1.5227638 1.6789709 1.6433130 1.5234825 1.4902356 1.7645081 1.6081998 1.9733211 1.8793588 1.9580592 1.4689339 1.3520169 1.4120030 0.9824707 1.4486679 1.2745743 1.3997401 1.4966810 1.5705914 2.0002767 1.4534163 1.4310437 1.4209972 1.3514048 0.9625830 1.7912865 1.4470703 1.4715590 1.3895377 1.4455782 1.4324274 1.8218162 1.3466213 1.4258876 1.5634545 1.4829880 1.5211181 1.4647256 1.5966918 1.7397199 1.7158050 1.8594218 1.7147708 1.5824198 1.6681446 1.6799063 1.6488324 1.7309179 1.7324547 1.4515168 1.4356248 1.4323360 1.6701424 1.6680787 1.6493336 2.4680053 1.6001014 1.7347054 2.3542998 1.8739523 1.8075933 1.9422561 3.5484106 2.7174410 3.1263133 3.9431542 3.0743652 2.5174862 2.4617277 2.9506617 2.6837797 3.0192833 2.9071695 2.7017149 3.6602564 2.9563981 2.8033332 2.6241464 2.6784430 2.5997773 2.8638200 2.9115231 2.0833966 2.8153744 3.7040695 2.1150792 2.4902938 2.4902938 2.6647410 1.8533932 1.6780002 2.5915192 2.4635843 3.0142335 2.7668413 2.7109243 4.8745486 2.4423807 
HoiH06_mRNA9406                                                   1.9301868 2.4193909 3.7163522 1.8330980 2.0705053 0.0000010 2.1880220 3.1546903 2.4471824 2.2337013 0.9021113 1.4258018 1.3560700 1.3743606 1.5320012 1.8419472 1.4828722 1.5087900 2.2902594 1.7697585 1.9848604 1.5697712 1.6420216 0.0635022 0.0000000 0.1693978 0.1610422 0.4250690 0.3901507 0.3901507 0.4299412 0.4855129 0.5166370 0.5021116 0.5022660 0.6599773 0.6561264 0.6439883 0.6492361 0.6623980 1.6585303 1.7058495 1.7475064 1.7325509 1.8421484 1.9190952 1.8678069 1.5049771 1.6667276 1.5824367 1.4681389 1.5019666 1.7643253 1.5939326 1.9388272 1.8537856 1.9392881 1.5019340 1.2863327 1.3552320 0.9843819 1.4165843 1.3409958 1.3634607 1.4125535 1.5213256 1.7182150 1.3696539 1.3203179 1.3037592 1.3661250 0.8356415 1.8307161 1.3705825 1.4722535 1.4405463 1.4378539 1.4206945 2.2639164 1.2716792 1.3570320 1.5258740 1.5393081 1.5774538 1.3724062 1.5468657 1.6024675 1.7379749 2.0622534 1.7341880 1.4269761 1.5636319 1.6487404 1.6294079 1.6757007 1.7491826 1.4067734 1.3652125 1.3182792 1.6764528 1.6823108 1.6266683 2.4680053 1.5230008 1.6952765 9.0000000 1.8447135 1.7330701 1.9711154 8.7974372 2.8340111 3.0189658 3.2705534 2.8921450 2.6141395 2.5620594 2.8668239 2.6985789 2.8925994 3.0393707 2.3845909 4.5225119 3.0027056 2.8665745 2.6637420 2.5772893 2.5591114 2.7655345 2.8493478 2.1610216 2.7898085 4.4004734 2.1829505 2.5116032 2.5116032 2.5219004 1.8873376 1.7076622 2.5396602 2.1876725 2.9656095 3.2219656 2.4628548 4.5074839 2.7077818 
Hhon_g05309.t1                                                    1.8182153 2.2812136 4.0570210 1.8075668 2.0009361 2.9857529 2.3504286 3.0315009 2.4790321 2.3195068 0.9526159 1.6020839 1.5381487 1.5343333 1.5405311 2.1337421 1.4480346 1.5770937 2.0425732 1.8808041 2.0482473 1.5408754 1.5500694 0.1497883 0.1693978 0.0000000 0.0064765 0.4608337 0.4151351 0.4151351 0.4693028 0.5222272 0.5410355 0.5302730 0.5724749 0.7597000 0.7806955 0.7293566 0.7366939 0.7582300 1.6758421 1.8836016 1.7883545 1.5907107 1.8611359 1.9904986 1.9976085 1.3948063 1.3492661 1.6732492 1.6150292 1.7132982 1.8505305 1.6599315 2.1259653 2.0392470 2.0479586 1.5792517 1.4262738 1.3418780 1.0642372 1.5548167 1.3665385 1.4293752 1.5799340 1.6471782 2.2059756 1.5402603 1.6078046 1.6088544 1.4529892 1.0307897 1.8527622 1.5084272 1.5631828 1.6214960 1.5039581 1.5470122 1.8974446 1.4456921 1.5513677 1.5596004 1.5347720 1.6539713 1.4411420 1.6904464 1.7820168 1.9038511 1.9181648 1.8085210 1.7914984 1.7368503 1.7418462 1.7296972 1.7100717 1.6639946 1.5504618 1.4537541 1.5761988 1.6745380 1.6727073 1.7408835 2.0802590 1.6687688 1.7495133 2.5077841 1.9102586 1.9498007 2.1059173 4.0217494 2.7138701 3.2350464 3.9938346 2.8834025 2.2139994 2.1760446 2.9816940 2.5050833 2.8401065 2.8033395 2.7653542 3.6253423 2.8793228 2.7271544 2.6897533 2.7079231 2.6267585 2.8918784 2.8795521 2.1793262 2.8414546 3.9381323 2.3478804 2.5493284 2.5493284 2.7478552 1.9998325 1.9055711 2.6395310 2.4781757 3.2865079 3.0028074 2.7840435 4.9285630 2.3988888 
