54
Skow_XM_006818173.1                                              0.0000000 2.1373312 2.0824252 2.0613980 1.6687251 1.6150962 1.4639602 1.2809122 1.3782883 1.4377314 2.1216491 3.2157515 3.2157515 3.1206163 2.6397195 2.8024688 2.5831135 2.7293621 2.4196408 3.1207995 2.7662282 2.2447635 3.3390362 2.7500031 2.9565427 9.0000000 4.1453429 2.6813581 2.6389354 2.2511229 3.6154230 0.0000010 2.7096779 3.9700016 3.5265857 3.1423186 2.0731852 2.5934882 1.1430863 2.5895350 2.7496092 3.1542448 3.2401912 3.0204744 3.0204744 2.8808346 2.9553657 2.9759872 2.6109973 1.6175915 3.5198078 3.5655464 3.4285488 3.4950449 
Dpul_mRNA5365                                                    2.1373312 0.0000000 1.4704527 1.4804336 1.2875694 1.3213058 1.5179875 1.5632095 2.0103188 1.6700514 2.0651147 3.0163796 2.7616663 2.7526913 2.6817395 2.6472824 2.8048405 2.7933923 2.8074434 4.1335678 2.7172108 2.5911135 2.8179952 2.8137531 2.8372191 2.5920147 2.5992190 2.5404120 2.4982362 2.4401322 3.0189208 2.5443825 2.8775716 4.3953170 3.2521615 3.2452480 2.1710867 2.4229806 2.4687382 2.5198344 2.1349069 2.8142614 2.7019324 2.7898968 2.7898968 2.5178573 2.8220610 2.5185502 2.9271833 2.9033301 3.2156239 3.3379772 3.2662287 4.1303787 
Acagra_model.g9387.t1                                            2.0824252 1.4704527 0.0000000 0.0026163 1.5771838 1.3758500 1.4544306 1.5003788 1.6144915 1.6448385 1.7949411 2.6440814 2.5451401 2.4070013 2.5211260 2.5404640 2.5720483 2.5396161 2.6108001 3.3643174 2.5425695 2.4181550 2.6389151 2.7232829 2.8144497 2.6653082 2.7724871 2.6300257 2.9857918 2.4041816 3.1125615 2.3267607 2.6412029 4.0655703 2.9597954 2.5674177 2.4301121 2.5501008 2.4611342 2.2517440 2.1250903 2.9122996 2.7463313 2.7986276 2.7986276 2.6632486 2.8461723 2.8110121 2.4144187 2.9681035 3.1153989 3.0279921 3.1113819 4.2582389 
Acagra_model.g9387.t1.1.5d3b85fd                                 2.0613980 1.4804336 0.0026163 0.0000000 1.5733630 1.3760622 1.4546855 1.5051467 1.6188146 1.6410035 1.7998598 2.6462523 2.5462395 2.4080003 2.5214829 2.5408350 2.5723857 2.5399502 2.6115573 3.3648503 2.5417184 2.4184935 2.6380476 2.7224141 2.8130981 2.6797040 2.7808681 2.5978844 2.9876180 2.4047131 3.1130379 2.3267607 2.6512698 4.0655703 2.9681902 2.5873474 2.4367488 2.5504501 2.4611342 2.2509168 2.1166760 2.9109828 2.7594583 2.8062678 2.8062678 2.6783287 2.8588654 2.8255064 2.3968323 2.9704108 3.1238295 3.0359152 3.1196273 4.2721923 
Tcas_TC003826_001                                                1.6687251 1.2875694 1.5771838 1.5733630 0.0000000 1.3239068 1.6132700 1.6925606 1.8066921 1.5981795 1.9587037 2.9834516 2.7983437 2.4743526 2.4658628 2.3525198 2.5476584 2.5456024 3.1997912 3.8167082 2.3494336 2.1524536 3.0599283 3.0875754 3.1556165 2.4035293 2.3864183 2.3655245 2.5846727 2.2237764 2.6199697 2.1699238 2.8534989 3.8901792 3.0297764 3.2078117 2.6327415 2.6673835 1.8411650 2.5403908 2.4412543 2.8867186 2.8044416 2.9262576 2.9262576 2.6908179 2.7969538 2.5722872 2.7157075 3.2215232 3.1174065 3.0728087 3.1070596 4.2178776 
Cscu_XM_023386873.1                                              1.6150962 1.3213058 1.3758500 1.3760622 1.3239068 0.0000000 1.3085508 1.5064583 1.6698984 1.5536362 1.8534698 2.8257131 2.6770244 2.8177948 2.5982814 2.6250108 2.6276658 2.6299508 2.9708958 3.7174805 2.4723270 2.6681888 3.1665668 2.8821756 2.8900113 2.8916431 2.6121907 2.3428453 2.4050442 2.5475018 3.1433202 2.9198181 2.6347162 3.4303755 3.0149312 2.3413063 2.4108214 2.5590536 2.3708714 2.4702768 2.4228037 3.3075690 2.9553659 3.1477798 3.1477798 2.7578468 2.8828125 2.7720247 2.5515553 2.8605365 2.7854372 3.2260680 3.1116723 4.6540196 
Bralan_BLAG02001609_1                                            1.4639602 1.5179875 1.4544306 1.4546855 1.6132700 1.3085508 0.0000000 1.0592680 1.3565750 1.6863486 1.8954414 2.6936598 2.3422618 2.3935746 2.2814336 2.3742397 2.2789044 2.2676951 2.5167028 3.3036017 2.2357473 2.1162392 2.5706236 2.4853968 2.4830276 2.2288454 2.1460858 2.1542866 2.4007200 2.1446395 2.5166652 2.5699100 2.6037387 3.3863647 2.6963843 2.5937909 2.1436490 2.2236901 2.0487718 2.0737350 2.0795471 2.7754961 2.5059916 2.7672602 2.7672602 2.5176058 2.6491571 2.4261482 2.3232157 2.8057045 2.9112781 2.6824686 2.9995820 4.0974278 
Hsap_ENST00000343043                                             1.2809122 1.5632095 1.5003788 1.5051467 1.6925606 1.5064583 1.0592680 0.0000000 1.4705966 1.5547699 2.0659721 2.3865873 2.1195124 2.1522981 2.1187167 2.1174558 2.1263394 2.1696513 2.2277688 3.0719239 1.9990550 2.0500586 2.3417697 2.1409955 2.1190431 2.1942840 2.0048284 2.1049315 2.1241047 2.0794396 2.5089522 2.6430427 2.4282085 3.1768255 2.6742110 2.3721366 2.0211890 2.1341187 2.2139596 2.0895782 2.0123474 2.5538740 2.3678399 2.6018048 2.6018048 2.1876697 2.3425332 2.2968614 2.2036880 3.2247848 3.2216516 3.1960741 3.3707547 4.4243135 
Spur_XM_030977113.1                                              1.3782883 2.0103188 1.6144915 1.6188146 1.8066921 1.6698984 1.3565750 1.4705966 0.0000000 1.8577986 2.0019661 2.4501145 2.3000969 2.5682372 2.5077167 2.4852363 2.7421513 2.6644847 2.7120230 3.4080418 2.5582758 2.2242837 2.8462587 2.5534569 2.5450626 2.1899875 2.4999598 2.3060594 2.4972095 2.3843834 2.8722956 2.8394730 2.8529112 4.0192384 3.0636359 2.7528405 2.2882819 2.5300177 2.3407122 2.0933596 2.2685299 2.7755761 2.7850370 2.7470399 2.7470399 2.6955894 2.5960029 2.6024338 2.2943980 2.5570350 2.6390173 2.9730770 3.1655984 4.1184891 
Ctel_gnl_WGS_AMQN_CAPTEDRAFT_mRNA179880                          1.4377314 1.6700514 1.6448385 1.6410035 1.5981795 1.5536362 1.6863486 1.5547699 1.8577986 0.0000000 1.7342754 2.9113473 2.8011060 2.6839765 2.7046495 2.5688211 2.7416395 2.8611281 2.5380807 3.8645161 2.6494801 2.7021944 2.8511705 2.8024616 2.7644282 2.8285413 2.7836042 2.4592270 2.3490131 2.7335726 3.2033236 2.7272512 2.7679178 3.2114092 3.0838359 2.4187048 2.5835553 2.4708310 2.9657228 2.6362362 2.5213532 3.2180428 3.1470530 3.1384146 3.1384146 2.7879739 3.3144362 3.3369833 2.3810126 3.4634561 3.2017636 3.1728908 3.2703748 4.4533268 
Cgig_XM_034470518.1                                              2.1216491 2.0651147 1.7949411 1.7998598 1.9587037 1.8534698 1.8954414 2.0659721 2.0019661 1.7342754 0.0000000 3.3595436 3.2339727 2.9792060 2.8391948 2.7457030 2.6547262 2.8442267 2.9198076 4.0043082 2.7353499 2.6657965 3.5093976 3.1709394 2.9964973 3.4173781 3.5114316 2.6605203 2.6378976 3.2824511 3.2224944 3.7303886 2.7924280 3.5740170 3.2330440 2.4052887 2.5516759 2.7072998 2.9047696 2.9639037 2.9009767 3.2331495 3.1547871 3.3059809 3.3059809 3.3019243 3.3292792 3.2642887 2.9117379 2.9307007 2.8172813 2.8674488 3.0820765 5.2205499 
Dgig_XM_028543450.1                                              3.2157515 3.0163796 2.6440814 2.6462523 2.9834516 2.8257131 2.6936598 2.3865873 2.4501145 2.9113473 3.3595436 0.0000000 0.0194900 0.5892986 1.3998375 1.5323544 1.6543001 1.5206291 1.7088988 1.5842374 1.7443386 1.5937447 2.2208228 1.5728480 1.5260272 1.5139142 2.2344236 2.0914614 1.9784597 1.9747181 2.2347645 2.0567147 2.6461181 3.4520431 2.9025464 2.5395860 1.9081901 2.1344046 2.7321807 1.8209640 1.7855305 2.4183159 2.4298772 2.4075701 2.4075701 2.4560872 2.5083716 2.6648591 2.0144759 1.9929131 2.4202541 2.6351351 2.6421997 4.6701903 
Dgig_XM_028560669.1                                              3.2157515 2.7616663 2.5451401 2.5462395 2.7983437 2.6770244 2.3422618 2.1195124 2.3000969 2.8011060 3.2339727 0.0194900 0.0000000 0.7137599 1.5668422 1.6255216 1.8091917 1.7298782 1.8255550 2.1790545 1.7653941 1.7442628 2.1874588 1.9284421 1.9089376 2.0001941 2.1182208 2.0914614 1.9784597 1.9768818 2.2082458 2.2678058 2.5491858 3.4520431 2.8552155 2.5115891 2.0024785 1.9994621 2.2145476 1.7922469 1.6585207 2.4056421 2.3648880 2.3518409 2.3518409 2.1717593 2.3652979 2.3593256 2.1561402 2.3328711 2.5763662 2.6718287 2.6414383 4.9555392 
Xesp_002178-T1                                                   3.1206163 2.7526913 2.4070013 2.4080003 2.4743526 2.8177948 2.3935746 2.1522981 2.5682372 2.6839765 2.9792060 0.5892986 0.7137599 0.0000000 1.6200906 1.7863725 1.8854730 1.8288830 1.8538712 2.1846513 1.9266640 1.6923645 2.0461117 1.8595666 1.9146226 2.5167238 2.4049805 2.3533882 2.1506989 2.1787813 2.1395242 2.7302033 2.5211116 3.4010502 2.7832834 2.3001831 1.9433695 2.2185596 1.8155754 1.9656421 1.7160438 2.3832581 2.2667978 2.3573837 2.3573837 2.3009535 2.3489739 2.2907916 2.0718703 2.2551743 2.6259224 2.6546579 2.7287469 4.7397265 
Adig_XM_015907848.1                                              2.6397195 2.6817395 2.5211260 2.5214829 2.4658628 2.5982814 2.2814336 2.1187167 2.5077167 2.7046495 2.8391948 1.3998375 1.5668422 1.6200906 0.0000000 0.5275087 0.6176341 0.6077357 0.6992846 0.5121512 1.2048421 1.1508970 2.0482220 2.0007506 1.9351604 2.0461463 2.0971526 1.7391961 1.9499326 1.9420310 2.0507903 1.7667389 2.1386943 3.3714961 2.6963856 2.0357625 1.6316523 1.9261462 2.3521832 1.8455040 1.5093967 2.0181021 1.9855701 2.0126094 2.0126094 1.9049825 2.0481692 2.0450080 2.1610633 2.7278287 2.8322338 3.0064970 2.9246388 3.9617286 
Fspp_ffun1.m4.1299.m1                                            2.8024688 2.6472824 2.5404640 2.5408350 2.3525198 2.6250108 2.3742397 2.1174558 2.4852363 2.5688211 2.7457030 1.5323544 1.6255216 1.7863725 0.5275087 0.0000000 0.4444211 0.4807306 0.4731393 0.9605604 1.1522512 1.1354205 2.0806000 1.9004196 1.9282534 2.0004611 1.9605182 1.7865922 1.8644882 1.7108274 2.1025187 2.5863663 2.2855802 3.5099824 2.7019988 2.2560868 1.7831418 2.0611494 2.2454279 1.8364357 1.4964349 2.0620071 2.0902281 2.0626910 2.0626910 1.8097816 2.0885794 1.9719118 2.1502382 3.0267984 2.8662311 3.1025364 3.0094515 4.4476933 
Spis_XP_022803563_1                                              2.5831135 2.8048405 2.5720483 2.5723857 2.5476584 2.6276658 2.2789044 2.1263394 2.7421513 2.7416395 2.6547262 1.6543001 1.8091917 1.8854730 0.6176341 0.4444211 0.0000000 0.1903247 0.6816856 1.1832654 1.3594951 1.2581827 2.1976556 2.0848783 2.0397687 2.2947565 2.0536968 1.7608304 1.7800304 1.8916575 2.2817386 2.5999648 2.3709779 3.1380310 2.7242591 2.0799907 1.9462096 2.2156472 2.4377621 2.0020366 1.4948636 2.2921370 2.2599094 2.3181194 2.3181194 1.9812786 2.2067334 2.1243624 2.1862355 3.0809837 2.9060026 3.0831409 3.1641670 4.5274511 
Pocdam_XM_027194630.1                                            2.7293621 2.7933923 2.5396161 2.5399502 2.5456024 2.6299508 2.2676951 2.1696513 2.6644847 2.8611281 2.8442267 1.5206291 1.7298782 1.8288830 0.6077357 0.4807306 0.1903247 0.0000000 0.7208025 1.2054112 1.3116066 1.2511503 2.2081222 2.0397552 2.0627629 2.3291532 2.0539856 1.7671081 2.0008532 1.9230433 2.2650755 2.6641013 2.3801195 3.3350975 2.7987960 2.1506767 2.0150879 2.1998420 2.4454005 2.0456633 1.5531341 2.2837034 2.2798882 2.3495638 2.3495638 2.0622748 2.1871425 2.1205285 2.1890523 2.7903912 2.8671742 2.9262445 3.0544728 4.3813521 
Gasp_gasp1.m3.18334.m1                                           2.4196408 2.8074434 2.6108001 2.6115573 3.1997912 2.9708958 2.5167028 2.2277688 2.7120230 2.5380807 2.9198076 1.7088988 1.8255550 1.8538712 0.6992846 0.4731393 0.6816856 0.7208025 0.0000000 1.1924033 1.2180169 1.2623270 1.8392551 1.6756234 1.7259836 2.4726787 2.5587287 1.8473697 2.1360408 2.2732783 2.4104069 3.0635673 2.7414182 4.0025326 3.4378914 2.6555771 1.9189188 2.1275974 2.3996257 1.8162434 1.8186727 2.0055539 2.0276333 2.0590979 2.0590979 2.0621140 2.3376502 2.3448867 2.0787541 2.8792228 2.6599527 2.9250958 2.9617405 4.8256150 
Amil_Amillepora03014-RA                                          3.1207995 4.1335678 3.3643174 3.3648503 3.8167082 3.7174805 3.3036017 3.0719239 3.4080418 3.8645161 4.0043082 1.5842374 2.1790545 2.1846513 0.5121512 0.9605604 1.1832654 1.2054112 1.1924033 0.0000000 1.7810166 1.8420112 2.8146744 2.5644264 2.5356845 3.5483151 2.8490053 2.1276820 1.8971634 2.6788422 2.8817645 2.5635191 3.0200435 3.8298143 3.5920062 2.7986948 2.1912010 2.6616797 4.5599014 2.6111514 1.8164013 2.7372924 2.7338768 2.7282512 2.7282512 2.4035691 2.9739591 3.1534885 3.0374186 4.1508212 3.8801036 3.5718313 3.8206699 5.2733090 
Nvec_v1g243825                                                   2.7662282 2.7172108 2.5425695 2.5417184 2.3494336 2.4723270 2.2357473 1.9990550 2.5582758 2.6494801 2.7353499 1.7443386 1.7653941 1.9266640 1.2048421 1.1522512 1.3594951 1.3116066 1.2180169 1.7810166 0.0000000 0.7312070 2.0158511 2.0793313 2.0171018 1.9300809 1.9976145 1.9573481 2.1473168 1.8533551 2.2418664 2.2441488 2.3836950 3.2786773 2.7353569 2.1249960 2.1752998 1.8558863 2.3200388 1.8293826 1.6553201 2.0471944 1.9171691 2.0490563 2.0490563 1.9019182 1.9591544 1.9644291 2.1005945 2.8840680 2.9103741 3.0821418 3.1521980 3.8749727 
Exapal_XM_021041796.2                                            2.2447635 2.5911135 2.4181550 2.4184935 2.1524536 2.6681888 2.1162392 2.0500586 2.2242837 2.7021944 2.6657965 1.5937447 1.7442628 1.6923645 1.1508970 1.1354205 1.2581827 1.2511503 1.2623270 1.8420112 0.7312070 0.0000000 2.0969215 2.0488843 1.9552147 1.9991938 2.0825823 1.8735749 1.9563918 1.9591377 2.1043191 2.2798540 2.5142001 3.3744948 2.8182968 1.9786403 2.1282136 1.7831644 2.2217756 2.1445421 1.5536535 2.2232492 2.1406827 2.1973046 2.1973046 2.0868684 2.1568735 2.0821754 2.0415983 2.7309729 2.9558062 2.9729669 3.0834059 4.3767176 
Sanmal_Sma_013810-T1                                             3.3390362 2.8179952 2.6389151 2.6380476 3.0599283 3.1665668 2.5706236 2.3417697 2.8462587 2.8511705 3.5093976 2.2208228 2.1874588 2.0461117 2.0482220 2.0806000 2.1976556 2.2081222 1.8392551 2.8146744 2.0158511 2.0969215 0.0000000 0.9355374 0.9192133 2.3248431 2.3228270 2.3873528 1.8803569 1.8765675 2.3359618 2.1622071 2.3278514 4.1111801 2.7234807 2.6296113 2.2029964 2.3512240 2.4446150 2.0093802 2.3194691 2.5190226 2.4063940 2.5093115 2.5093115 2.1823894 2.4575843 2.3155025 2.3657250 2.1868827 2.9827043 2.9302141 3.0363061 4.0429892 
Aaur_scaffold392.g18.t1                                          2.7500031 2.8137531 2.7232829 2.7224141 3.0875754 2.8821756 2.4853968 2.1409955 2.5534569 2.8024616 3.1709394 1.5728480 1.9284421 1.8595666 2.0007506 1.9004196 2.0848783 2.0397552 1.6756234 2.5644264 2.0793313 2.0488843 0.9355374 0.0000000 0.5418161 2.2669609 2.2745782 2.0690697 2.0489329 1.9199718 2.3572876 2.5924245 2.3044821 3.2523995 2.7848100 2.3298391 2.1066560 2.2008118 2.6053751 2.2418816 1.9840878 2.3209205 2.2596704 2.3126475 2.3126475 2.1055231 2.3655191 2.4766209 2.1843209 2.3842805 2.6760994 2.8953937 2.9788811 4.4067249 
Rhoesc_Res_009407-T1                                             2.9565427 2.8372191 2.8144497 2.8130981 3.1556165 2.8900113 2.4830276 2.1190431 2.5450626 2.7644282 2.9964973 1.5260272 1.9089376 1.9146226 1.9351604 1.9282534 2.0397687 2.0627629 1.7259836 2.5356845 2.0171018 1.9552147 0.9192133 0.5418161 0.0000000 2.2871069 2.2824640 1.9939693 1.5852571 1.8976845 2.1264686 2.5315308 2.4904140 3.1620936 2.7923014 2.6787869 2.1196070 2.1546089 2.5206502 2.0994145 1.9360823 2.4282172 2.2679297 2.3763197 2.3763197 2.1698854 2.3927659 2.4973237 2.0811138 2.2769052 2.6476622 2.8138412 2.7353704 4.1167128 
Emue_Em0009g152a.t1                                              9.0000000 2.5920147 2.6653082 2.6797040 2.4035293 2.8916431 2.2288454 2.1942840 2.1899875 2.8285413 3.4173781 1.5139142 2.0001941 2.5167238 2.0461463 2.0004611 2.2947565 2.3291532 2.4726787 3.5483151 1.9300809 1.9991938 2.3248431 2.2669609 2.2871069 0.0000000 0.1809895 1.2501403 0.6739960 1.1329594 1.4844471 1.3652841 2.0456862 0.0000010 2.0616379 1.4101629 2.3225732 2.6822481 2.9734258 2.1133551 1.4962267 2.5534594 2.3591625 2.3141300 2.3141300 2.1012463 2.2766387 2.0948407 2.4782318 2.8657020 2.7560276 2.8180845 2.9841951 3.9402448 
Spolac_c95755_g1_i1_m.11983c95755-g1                             4.1453429 2.5992190 2.7724871 2.7808681 2.3864183 2.6121907 2.1460858 2.0048284 2.4999598 2.7836042 3.5114316 2.2344236 2.1182208 2.4049805 2.0971526 1.9605182 2.0536968 2.0539856 2.5587287 2.8490053 1.9976145 2.0825823 2.3228270 2.2745782 2.2824640 0.1809895 0.0000000 1.1603075 0.8312181 1.0763132 1.3633461 1.1989402 1.6674542 2.5755081 1.8561197 1.6699865 2.4607085 2.2990978 1.9703978 1.9489729 2.0844335 2.3293493 2.3037782 2.2809964 2.2809964 2.2756582 2.3237886 2.2600193 2.5124893 2.3909213 2.7851656 2.9965333 3.0952792 4.4043865 
Tetwil_g5895.t1                                                  2.6813581 2.5404120 2.6300257 2.5978844 2.3655245 2.3428453 2.1542866 2.1049315 2.3060594 2.4592270 2.6605203 2.0914614 2.0914614 2.3533882 1.7391961 1.7865922 1.7608304 1.7671081 1.8473697 2.1276820 1.9573481 1.8735749 2.3873528 2.0690697 1.9939693 1.2501403 1.1603075 0.0000000 0.8894378 1.1421510 1.4480872 2.3582237 2.0792291 2.6203185 2.3098125 2.1663605 2.4602504 2.4363214 1.8455936 1.9738053 2.0315043 2.3758916 2.4081298 2.3782608 2.3782608 2.5894923 2.3689728 2.4591572 2.4233809 2.1344918 2.7674289 3.1460216 3.1290983 4.1469553 
Stycar_maker-SC_scaffold90916-snap-gene-0.4-mRNA-1               2.6389354 2.4982362 2.9857918 2.9876180 2.5846727 2.4050442 2.4007200 2.1241047 2.4972095 2.3490131 2.6378976 1.9784597 1.9784597 2.1506989 1.9499326 1.8644882 1.7800304 2.0008532 2.1360408 1.8971634 2.1473168 1.9563918 1.8803569 2.0489329 1.5852571 0.6739960 0.8312181 0.8894378 0.0000000 0.8306668 1.4240137 3.0704279 1.5945952 1.5259463 1.4973295 1.5392388 2.7803836 2.1770720 4.3408632 1.6839541 1.8727840 1.9021469 1.9426360 2.0319417 2.0319417 2.3714850 2.2434209 1.7842395 2.3817139 1.8228748 2.0877026 2.8248489 2.7252109 2.7806643 
Xestes_augustus_masked-XT_scaffold4042-processed-gene-0.1-mRNA-1 2.2511229 2.4401322 2.4041816 2.4047131 2.2237764 2.5475018 2.1446395 2.0794396 2.3843834 2.7335726 3.2824511 1.9747181 1.9768818 2.1787813 1.9420310 1.7108274 1.8916575 1.9230433 2.2732783 2.6788422 1.8533551 1.9591377 1.8765675 1.9199718 1.8976845 1.1329594 1.0763132 1.1421510 0.8306668 0.0000000 0.7637743 1.0620129 1.1987688 1.6631670 1.2332394 1.0947336 2.1548130 2.0871348 2.0741803 1.7677269 1.6800508 2.0292742 2.0440816 2.0304442 2.0304442 1.9818251 2.1971052 2.1487314 2.3044494 2.6459286 2.3537791 2.7721204 2.6863280 3.6712103 
Halamb_c45564_g1_i2m.19180                                       3.6154230 3.0189208 3.1125615 3.1130379 2.6199697 3.1433202 2.5166652 2.5089522 2.8722956 3.2033236 3.2224944 2.2347645 2.2082458 2.1395242 2.0507903 2.1025187 2.2817386 2.2650755 2.4104069 2.8817645 2.2418664 2.1043191 2.3359618 2.3572876 2.1264686 1.4844471 1.3633461 1.4480872 1.4240137 0.7637743 0.0000000 1.4180864 1.3141374 1.5344700 1.3236476 1.1374513 2.5976099 2.5278086 2.4133161 2.2229495 2.1332891 2.7296515 2.5445689 2.6491408 2.6491408 2.3384340 2.6533055 2.5044194 2.5743620 2.6948062 3.0620707 3.0869994 3.0662062 3.7778259 
Aque_Aqu2.1.14203_001                                            0.0000010 2.5443825 2.3267607 2.3267607 2.1699238 2.9198181 2.5699100 2.6430427 2.8394730 2.7272512 3.7303886 2.0567147 2.2678058 2.7302033 1.7667389 2.5863663 2.5999648 2.6641013 3.0635673 2.5635191 2.2441488 2.2798540 2.1622071 2.5924245 2.5315308 1.3652841 1.1989402 2.3582237 3.0704279 1.0620129 1.4180864 0.0000000 0.1861703 0.0000010 0.1353632 0.0356073 2.2408313 2.5358913 6.8969002 2.0173729 2.2233605 3.2145684 2.9662824 3.1866386 3.1866386 2.8536387 3.3189816 2.9678873 3.7482168 2.8470676 3.6057011 2.8926539 2.6199857 3.0725912 
Aque_Aqu2.1.11879_001                                            2.7096779 2.8775716 2.6412029 2.6512698 2.8534989 2.6347162 2.6037387 2.4282085 2.8529112 2.7679178 2.7924280 2.6461181 2.5491858 2.5211116 2.1386943 2.2855802 2.3709779 2.3801195 2.7414182 3.0200435 2.3836950 2.5142001 2.3278514 2.3044821 2.4904140 2.0456862 1.6674542 2.0792291 1.5945952 1.1987688 1.3141374 0.1861703 0.0000000 0.3387305 0.1806286 0.0629425 2.3983246 2.4771187 2.1545968 2.3596653 2.3367001 2.5538690 2.4812425 2.4713158 2.4713158 2.2963164 2.4653785 2.3931539 2.6782605 2.9057106 3.1301521 3.1602849 3.3102817 3.2622372 
Aque_Aqu2.1.06613_001                                            3.9700016 4.3953170 4.0655703 4.0655703 3.8901792 3.4303755 3.3863647 3.1768255 4.0192384 3.2114092 3.5740170 3.4520431 3.4520431 3.4010502 3.3714961 3.5099824 3.1380310 3.3350975 4.0025326 3.8298143 3.2786773 3.3744948 4.1111801 3.2523995 3.1620936 0.0000010 2.5755081 2.6203185 1.5259463 1.6631670 1.5344700 0.0000010 0.3387305 0.0000000 0.0384755 0.0190073 3.3451340 4.0580811 0.0000010 4.3136762 3.9926799 3.5281964 3.4949781 3.6343232 3.6343232 3.6409320 3.3627027 4.0864636 3.3035927 0.0000010 4.1243368 4.3814914 4.9187740 4.8317103 
Aque_Aqu2.1.18699_001                                            3.5265857 3.2521615 2.9597954 2.9681902 3.0297764 3.0149312 2.6963843 2.6742110 3.0636359 3.0838359 3.2330440 2.9025464 2.8552155 2.7832834 2.6963856 2.7019988 2.7242591 2.7987960 3.4378914 3.5920062 2.7353569 2.8182968 2.7234807 2.7848100 2.7923014 2.0616379 1.8561197 2.3098125 1.4973295 1.2332394 1.3236476 0.1353632 0.1806286 0.0384755 0.0000000 0.0462830 2.6917579 2.8315389 2.4456553 2.7608861 2.8002361 2.8840307 2.6988589 2.8197231 2.8197231 2.5869005 2.7938109 2.6913006 2.8779829 2.9812051 3.3637783 3.5580808 3.6429161 3.7438118 
Aque_Aqu2.1.14199_001                                            3.1423186 3.2452480 2.5674177 2.5873474 3.2078117 2.3413063 2.5937909 2.3721366 2.7528405 2.4187048 2.4052887 2.5395860 2.5115891 2.3001831 2.0357625 2.2560868 2.0799907 2.1506767 2.6555771 2.7986948 2.1249960 1.9786403 2.6296113 2.3298391 2.6787869 1.4101629 1.6699865 2.1663605 1.5392388 1.0947336 1.1374513 0.0356073 0.0629425 0.0190073 0.0462830 0.0000000 2.3479799 2.6879653 1.7980785 2.5602485 2.6882699 2.6480951 2.7559562 2.5665496 2.5665496 2.8768928 2.7111752 2.8156177 2.5072026 2.0848337 2.7710740 3.7158307 3.0975961 2.6378800 
Hvul_g3464_1                                                     2.0731852 2.1710867 2.4301121 2.4367488 2.6327415 2.4108214 2.1436490 2.0211890 2.2882819 2.5835553 2.5516759 1.9081901 2.0024785 1.9433695 1.6316523 1.7831418 1.9462096 2.0150879 1.9189188 2.1912010 2.1752998 2.1282136 2.2029964 2.1066560 2.1196070 2.3225732 2.4607085 2.4602504 2.7803836 2.1548130 2.5976099 2.2408313 2.3983246 3.3451340 2.6917579 2.3479799 0.0000000 1.4342726 2.5495639 2.3249957 1.7669187 2.4233191 2.3373370 2.4392223 2.4392223 2.1710766 2.4600591 2.3060671 2.1512030 3.0258838 3.0169968 2.7037916 3.2761367 4.8235999 
Chem_TCONS_00023505                                              2.5934882 2.4229806 2.5501008 2.5504501 2.6673835 2.5590536 2.2236901 2.1341187 2.5300177 2.4708310 2.7072998 2.1344046 1.9994621 2.2185596 1.9261462 2.0611494 2.2156472 2.1998420 2.1275974 2.6616797 1.8558863 1.7831644 2.3512240 2.2008118 2.1546089 2.6822481 2.2990978 2.4363214 2.1770720 2.0871348 2.5278086 2.5358913 2.4771187 4.0580811 2.8315389 2.6879653 1.4342726 0.0000000 2.7724256 2.2229630 1.8781954 2.5102224 2.2778759 2.5456025 2.5456025 2.2462189 2.5651923 2.5869983 1.9499023 2.8915155 2.9649135 3.1176732 3.2306358 4.0816857 
Opea_EP00118_Oscarella_pearsei_P018383                           1.1430863 2.4687382 2.4611342 2.4611342 1.8411650 2.3708714 2.0487718 2.2139596 2.3407122 2.9657228 2.9047696 2.7321807 2.2145476 1.8155754 2.3521832 2.2454279 2.4377621 2.4454005 2.3996257 4.5599014 2.3200388 2.2217756 2.4446150 2.6053751 2.5206502 2.9734258 1.9703978 1.8455936 4.3408632 2.0741803 2.4133161 6.8969002 2.1545968 0.0000010 2.4456553 1.7980785 2.5495639 2.7724256 0.0000000 1.5425775 0.9375953 2.1089636 1.7858192 1.8783920 1.8783920 0.8605373 1.7459265 1.4917425 2.7277522 2.3505278 2.9326950 2.6147693 2.8218026 4.7780254 
Plajan_Pjan_C555973_01                                           2.5895350 2.5198344 2.2517440 2.2509168 2.5403908 2.4702768 2.0737350 2.0895782 2.0933596 2.6362362 2.9639037 1.8209640 1.7922469 1.9656421 1.8455040 1.8364357 2.0020366 2.0456633 1.8162434 2.6111514 1.8293826 2.1445421 2.0093802 2.2418816 2.0994145 2.1133551 1.9489729 1.9738053 1.6839541 1.7677269 2.2229495 2.0173729 2.3596653 4.3136762 2.7608861 2.5602485 2.3249957 2.2229630 1.5425775 0.0000000 1.1003801 2.3406317 2.2377562 2.3019579 2.3019579 1.8238611 2.1585405 2.0611328 2.3137278 2.7221500 2.6294829 2.9779645 2.9815821 4.5121517 
Opea_EP00118_Oscarella_pearsei_P018384                           2.7496092 2.1349069 2.1250903 2.1166760 2.4412543 2.4228037 2.0795471 2.0123474 2.2685299 2.5213532 2.9009767 1.7855305 1.6585207 1.7160438 1.5093967 1.4964349 1.4948636 1.5531341 1.8186727 1.8164013 1.6553201 1.5536535 2.3194691 1.9840878 1.9360823 1.4962267 2.0844335 2.0315043 1.8727840 1.6800508 2.1332891 2.2233605 2.3367001 3.9926799 2.8002361 2.6882699 1.7669187 1.8781954 0.9375953 1.1003801 0.0000000 2.2581753 2.2781514 2.1621836 2.1621836 2.2317051 2.2105379 2.2145042 1.7453919 2.3863503 2.2027297 2.5439995 2.4799421 3.4490683 
HoiH23_PlH23_002156-RA                                           3.1542448 2.8142614 2.9122996 2.9109828 2.8867186 3.3075690 2.7754961 2.5538740 2.7755761 3.2180428 3.2331495 2.4183159 2.4056421 2.3832581 2.0181021 2.0620071 2.2921370 2.2837034 2.0055539 2.7372924 2.0471944 2.2232492 2.5190226 2.3209205 2.4282172 2.5534594 2.3293493 2.3758916 1.9021469 2.0292742 2.7296515 3.2145684 2.5538690 3.5281964 2.8840307 2.6480951 2.4233191 2.5102224 2.1089636 2.3406317 2.2581753 0.0000000 0.0810964 0.1632264 0.1632264 0.2059772 0.5278085 0.5386834 2.5917991 2.8094760 2.8175996 3.2769420 3.1077488 4.9498974 
HoiH06_mRNA5107                                                  3.2401912 2.7019324 2.7463313 2.7594583 2.8044416 2.9553659 2.5059916 2.3678399 2.7850370 3.1470530 3.1547871 2.4298772 2.3648880 2.2667978 1.9855701 2.0902281 2.2599094 2.2798882 2.0276333 2.7338768 1.9171691 2.1406827 2.4063940 2.2596704 2.2679297 2.3591625 2.3037782 2.4081298 1.9426360 2.0440816 2.5445689 2.9662824 2.4812425 3.4949781 2.6988589 2.7559562 2.3373370 2.2778759 1.7858192 2.2377562 2.2781514 0.0810964 0.0000000 0.1656469 0.1656469 0.2096794 0.5039649 0.5296008 2.4355602 2.6392566 2.5932560 3.1358490 2.9977923 4.3885886 
Hhon_g04713.t1                                                   3.0204744 2.7898968 2.7986276 2.8062678 2.9262576 3.1477798 2.7672602 2.6018048 2.7470399 3.1384146 3.3059809 2.4075701 2.3518409 2.3573837 2.0126094 2.0626910 2.3181194 2.3495638 2.0590979 2.7282512 2.0490563 2.1973046 2.5093115 2.3126475 2.3763197 2.3141300 2.2809964 2.3782608 2.0319417 2.0304442 2.6491408 3.1866386 2.4713158 3.6343232 2.8197231 2.5665496 2.4392223 2.5456025 1.8783920 2.3019579 2.1621836 0.1632264 0.1656469 0.0000000 0.0000010 0.1677467 0.4710366 0.4975539 2.5560840 2.4396413 2.7091558 3.3193057 3.0771234 4.7894101 
HoiH04_mRNA13993                                                 3.0204744 2.7898968 2.7986276 2.8062678 2.9262576 3.1477798 2.7672602 2.6018048 2.7470399 3.1384146 3.3059809 2.4075701 2.3518409 2.3573837 2.0126094 2.0626910 2.3181194 2.3495638 2.0590979 2.7282512 2.0490563 2.1973046 2.5093115 2.3126475 2.3763197 2.3141300 2.2809964 2.3782608 2.0319417 2.0304442 2.6491408 3.1866386 2.4713158 3.6343232 2.8197231 2.5665496 2.4392223 2.5456025 1.8783920 2.3019579 2.1621836 0.1632264 0.1656469 0.0000010 0.0000000 0.1677467 0.4710366 0.4975539 2.5560840 2.4396413 2.7091558 3.3193057 3.0771234 4.7894101 
HoiH11_mRNA7299                                                  2.8808346 2.5178573 2.6632486 2.6783287 2.6908179 2.7578468 2.5176058 2.1876697 2.6955894 2.7879739 3.3019243 2.4560872 2.1717593 2.3009535 1.9049825 1.8097816 1.9812786 2.0622748 2.0621140 2.4035691 1.9019182 2.0868684 2.1823894 2.1055231 2.1698854 2.1012463 2.2756582 2.5894923 2.3714850 1.9818251 2.3384340 2.8536387 2.2963164 3.6409320 2.5869005 2.8768928 2.1710766 2.2462189 0.8605373 1.8238611 2.2317051 0.2059772 0.2096794 0.1677467 0.1677467 0.0000000 0.3386255 0.3732406 2.1873534 2.3819737 2.6998479 3.0622366 2.8811592 3.8433546 
TrH2_TrispH2_002173-RA                                           2.9553657 2.8220610 2.8461723 2.8588654 2.7969538 2.8828125 2.6491571 2.3425332 2.5960029 3.3144362 3.3292792 2.5083716 2.3652979 2.3489739 2.0481692 2.0885794 2.2067334 2.1871425 2.3376502 2.9739591 1.9591544 2.1568735 2.4575843 2.3655191 2.3927659 2.2766387 2.3237886 2.3689728 2.2434209 2.1971052 2.6533055 3.3189816 2.4653785 3.3627027 2.7938109 2.7111752 2.4600591 2.5651923 1.7459265 2.1585405 2.2105379 0.5278085 0.5039649 0.4710366 0.4710366 0.3386255 0.0000000 0.0408690 2.5835404 2.8686800 3.0318685 3.5006635 3.3750502 4.7519517 
Tadh_TriadT54798                                                 2.9759872 2.5185502 2.8110121 2.8255064 2.5722872 2.7720247 2.4261482 2.2968614 2.6024338 3.3369833 3.2642887 2.6648591 2.3593256 2.2907916 2.0450080 1.9719118 2.1243624 2.1205285 2.3448867 3.1534885 1.9644291 2.0821754 2.3155025 2.4766209 2.4973237 2.0948407 2.2600193 2.4591572 1.7842395 2.1487314 2.5044194 2.9678873 2.3931539 4.0864636 2.6913006 2.8156177 2.3060671 2.5869983 1.4917425 2.0611328 2.2145042 0.5386834 0.5296008 0.4975539 0.4975539 0.3732406 0.0408690 0.0000000 2.5506248 2.7552227 2.9636529 3.4469129 3.3764646 4.5400551 
Morvir_scaffold110.g46.t1                                        2.6109973 2.9271833 2.4144187 2.3968323 2.7157075 2.5515553 2.3232157 2.2036880 2.2943980 2.3810126 2.9117379 2.0144759 2.1561402 2.0718703 2.1610633 2.1502382 2.1862355 2.1890523 2.0787541 3.0374186 2.1005945 2.0415983 2.3657250 2.1843209 2.0811138 2.4782318 2.5124893 2.4233809 2.3817139 2.3044494 2.5743620 3.7482168 2.6782605 3.3035927 2.8779829 2.5072026 2.1512030 1.9499023 2.7277522 2.3137278 1.7453919 2.5917991 2.4355602 2.5560840 2.5560840 2.1873534 2.5835404 2.5506248 0.0000000 2.8989838 2.8817850 3.2804908 3.3324599 4.1475795 
Leuniv_Lniv_scaffold12440_01                                     1.6175915 2.9033301 2.9681035 2.9704108 3.2215232 2.8605365 2.8057045 3.2247848 2.5570350 3.4634561 2.9307007 1.9929131 2.3328711 2.2551743 2.7278287 3.0267984 3.0809837 2.7903912 2.8792228 4.1508212 2.8840680 2.7309729 2.1868827 2.3842805 2.2769052 2.8657020 2.3909213 2.1344918 1.8228748 2.6459286 2.6948062 2.8470676 2.9057106 0.0000010 2.9812051 2.0848337 3.0258838 2.8915155 2.3505278 2.7221500 2.3863503 2.8094760 2.6392566 2.4396413 2.4396413 2.3819737 2.8686800 2.7552227 2.8989838 0.0000000 1.2414167 0.9867465 1.0548665 4.5141722 
Lcom_lcpid70073                                                  3.5198078 3.2156239 3.1153989 3.1238295 3.1174065 2.7854372 2.9112781 3.2216516 2.6390173 3.2017636 2.8172813 2.4202541 2.5763662 2.6259224 2.8322338 2.8662311 2.9060026 2.8671742 2.6599527 3.8801036 2.9103741 2.9558062 2.9827043 2.6760994 2.6476622 2.7560276 2.7851656 2.7674289 2.0877026 2.3537791 3.0620707 3.6057011 3.1301521 4.1243368 3.3637783 2.7710740 3.0169968 2.9649135 2.9326950 2.6294829 2.2027297 2.8175996 2.5932560 2.7091558 2.7091558 2.6998479 3.0318685 2.9636529 2.8817850 1.2414167 0.0000000 1.2124637 1.1230126 4.6741968 
Scil_scict006435.2                                               3.5655464 3.3379772 3.0279921 3.0359152 3.0728087 3.2260680 2.6824686 3.1960741 2.9730770 3.1728908 2.8674488 2.6351351 2.6718287 2.6546579 3.0064970 3.1025364 3.0831409 2.9262445 2.9250958 3.5718313 3.0821418 2.9729669 2.9302141 2.8953937 2.8138412 2.8180845 2.9965333 3.1460216 2.8248489 2.7721204 3.0869994 2.8926539 3.1602849 4.3814914 3.5580808 3.7158307 2.7037916 3.1176732 2.6147693 2.9779645 2.5439995 3.2769420 3.1358490 3.3193057 3.3193057 3.0622366 3.5006635 3.4469129 3.2804908 0.9867465 1.2124637 0.0000000 0.6748996 4.7595587 
Gracom_Gcom_C557984_01                                           3.4285488 3.2662287 3.1113819 3.1196273 3.1070596 3.1116723 2.9995820 3.3707547 3.1655984 3.2703748 3.0820765 2.6421997 2.6414383 2.7287469 2.9246388 3.0094515 3.1641670 3.0544728 2.9617405 3.8206699 3.1521980 3.0834059 3.0363061 2.9788811 2.7353704 2.9841951 3.0952792 3.1290983 2.7252109 2.6863280 3.0662062 2.6199857 3.3102817 4.9187740 3.6429161 3.0975961 3.2761367 3.2306358 2.8218026 2.9815821 2.4799421 3.1077488 2.9977923 3.0771234 3.0771234 2.8811592 3.3750502 3.3764646 3.3324599 1.0548665 1.1230126 0.6748996 0.0000000 4.7441508 
Drygla_Dgla_sb283135                                             3.4950449 4.1303787 4.2582389 4.2721923 4.2178776 4.6540196 4.0974278 4.4243135 4.1184891 4.4533268 5.2205499 4.6701903 4.9555392 4.7397265 3.9617286 4.4476933 4.5274511 4.3813521 4.8256150 5.2733090 3.8749727 4.3767176 4.0429892 4.4067249 4.1167128 3.9402448 4.4043865 4.1469553 2.7806643 3.6712103 3.7778259 3.0725912 3.2622372 4.8317103 3.7438118 2.6378800 4.8235999 4.0816857 4.7780254 4.5121517 3.4490683 4.9498974 4.3885886 4.7894101 4.7894101 3.8433546 4.7519517 4.5400551 4.1475795 4.5141722 4.6741968 4.7595587 4.7441508 0.0000000 
