74
Stycar_maker-SC_scaffold5851-augustus-gene-0.9-mRNA-1            0.0000000 0.5279970 0.0000010 1.2868241 0.8856874 0.7704029 0.9700520 0.0000010 0.0000010 0.6836247 0.0000010 0.0000010 0.7138659 0.0000010 0.8397292 0.7030658 0.7010128 0.7010128 0.6965167 0.7188754 0.7188754 0.0000010 0.9033819 0.8256268 1.1870794 0.8735783 0.9293985 0.8147375 1.1109952 1.4932339 0.0000010 1.0333737 1.5626696 0.0000010 0.8493600 1.1372208 1.0314619 4.3029825 1.1865709 1.1480831 1.1480831 0.0000010 1.0196095 1.0886400 1.2616690 1.3942583 0.0000010 0.9678791 0.0000010 1.0511164 1.0511164 1.7597268 1.2951710 1.3470530 0.0000010 0.0000010 0.0000010 0.0000010 0.0000010 0.0000010 1.4489968 1.3409894 0.0000010 1.4537278 1.4132914 0.0000010 0.0000010 1.1490564 0.0000010 2.2528771 2.6584748 0.0000010 1.5461957 3.0765936 
Spolac_c88944_g1_i1_m.5329c110143-g1                             0.5279970 0.0000000 0.0000010 1.0232566 0.6435190 0.7063657 0.7603240 0.0000010 0.0000010 0.2280077 0.0000010 0.0000010 0.5138297 0.0000010 0.8024127 0.8137296 0.8220744 0.8220744 0.8321949 0.8235582 0.8235582 0.0000010 0.8427218 0.8960128 0.9999454 0.8037584 0.7422040 0.9334677 0.8558181 1.1542079 0.0000010 0.8079480 1.3403219 0.8765827 0.9529539 1.0016930 0.9558223 3.2729737 0.8101223 0.8823218 0.8823218 0.0000010 0.8943006 0.9311750 1.2374372 1.1786374 0.0000010 0.7954135 0.8373722 0.8183496 0.8183496 1.4275560 1.1929519 1.1802697 0.0000010 0.0000010 0.0000010 0.0000010 0.0000010 0.0000010 1.2842069 1.3753013 0.0000010 1.1425716 1.0930737 0.0000010 0.7771530 1.2840713 0.0000010 1.6728378 1.5926182 0.0000010 1.3853919 2.0563603 
Spolac_c85217_g1_i1_m.3660c110143-g1                             0.0000010 0.0000010 0.0000000 0.6981403 0.0000010 0.7627873 0.6929900 0.0000010 0.0000010 0.2106970 0.0000010 0.0000010 0.5866492 0.0000010 0.7541884 0.9603557 1.0291378 1.0291378 0.9848341 0.9011525 0.9112535 1.2995260 0.9724729 0.8079987 1.0919133 0.0000010 1.0141167 0.8933983 0.9186252 0.9873156 1.0184704 1.1033861 0.8963478 1.0173248 1.0948225 0.9301846 0.9821530 0.9821530 0.9995171 0.9931355 0.9931355 1.3044086 0.9979505 0.9762763 1.0506306 1.0539665 1.3309693 0.9630422 0.9372863 0.0000010 0.0000010 0.0000010 1.3604666 1.3601109 0.0000010 1.6020955 1.6020955 1.5421904 0.0000010 0.0000010 1.5530257 1.5661143 1.5205656 1.4173293 1.5435066 2.1676540 0.0000010 1.0492592 0.0000010 1.2616704 1.1344713 1.3300343 1.5527235 2.3047318 
Plespi_Pspi_scaffold20509_01                                     1.2868241 1.0232566 0.6981403 0.0000000 1.1631661 1.0604888 1.1505123 0.0000010 1.9104369 1.1690198 0.0000010 1.6311468 0.8652417 0.0000010 0.8474871 1.0214667 0.9898837 0.9802619 0.9475116 0.9488328 0.9200813 1.4285426 0.9862321 1.0276398 1.2065985 0.8701355 0.9710246 0.9950027 1.0331640 1.1209380 1.3939981 1.0973613 1.0918684 0.9555939 1.0641404 1.0561502 0.9803031 1.3480185 1.0003437 1.0465019 1.0465019 1.4644636 1.0318531 1.0455491 1.1340179 1.1022495 1.3477626 1.0884203 0.9617675 0.8992329 0.8838842 1.0746957 1.2855893 1.2206594 2.0075283 1.4779431 1.4779431 2.0469258 2.3554757 2.7023192 1.2280888 1.2670793 1.6318091 1.2269473 1.2755600 1.5683712 0.8262988 1.2720289 1.0853940 1.5325917 1.4541962 1.3411213 1.3955787 2.1067758 
Xestes_maker-XT_scaffold125571-snap-gene-0.8-mRNA-1              0.8856874 0.6435190 0.0000010 1.1631661 0.0000000 0.2724751 0.3548825 0.0000010 0.0000010 0.5667435 0.0000010 0.0000010 0.7214997 0.0000010 0.9964160 0.8356078 0.9383901 0.9383901 0.8710884 0.8401261 0.8401261 0.0000010 0.9777323 0.9249202 1.0890921 0.8449037 0.7493640 0.8033499 1.0158061 1.2016571 0.0000010 0.9530183 0.8287960 0.8329724 0.8491342 0.9318023 0.9951014 2.8249112 0.8347132 0.8347132 0.8347132 0.0000010 0.8331855 0.8331855 0.9890493 0.9893878 0.0000010 0.8081053 1.1798146 0.8892324 0.8892324 1.1954503 1.2818588 1.2818588 0.0000010 0.0000010 0.0000010 0.0000010 0.0000010 0.0000010 1.0226554 1.1960428 0.0000010 0.9251928 0.8933178 0.0000010 0.9824170 1.3331332 0.0000010 1.7250786 1.9798681 0.0000010 1.5579564 1.5706672 
Halamb_c42124_g1_i1m.14571                                       0.7704029 0.7063657 0.7627873 1.0604888 0.2724751 0.0000000 0.3688511 0.3683226 0.5176745 0.9359875 0.7800006 1.1484854 0.7972452 0.7751444 0.8310179 1.1446787 1.0928644 1.1078999 1.0645468 1.0399823 1.0419719 1.3431495 1.1025405 1.2011020 1.2301372 0.8045355 1.1084439 1.0317249 1.1052082 1.1417189 1.3425355 1.1807239 1.1583443 1.1511369 1.1415800 1.2049582 1.1887280 1.4894892 1.0727152 1.0888505 1.0967485 1.3357959 1.0881669 1.0926884 1.2530574 1.2182393 2.0676406 1.1362190 1.0760687 0.9903837 0.8866526 1.1810977 1.3198944 1.2883597 1.3469247 1.4280109 1.4280109 1.4057113 1.3165172 1.2290101 1.2980143 1.3118598 1.4313868 1.2578929 1.3621890 1.5664577 0.9470986 1.2601380 1.3542633 1.6510814 1.6085919 1.3261461 1.5071183 2.2450979 
Aque_Aqu2.1.43587_001                                            0.9700520 0.7603240 0.6929900 1.1505123 0.3548825 0.3688511 0.0000000 3.6499420 0.7915975 0.9467752 1.6985569 1.1549630 0.8803088 1.3499261 0.9390450 1.2529031 1.2753838 1.2760734 1.1958081 1.2014111 1.1970511 1.6527778 1.2006375 1.2598764 1.3556514 0.8706681 1.2102486 1.1484536 1.2500208 1.2397519 1.5187096 1.3335876 1.2989382 1.2324843 1.2786046 1.2860856 1.2384890 1.6606272 1.1199967 1.1722290 1.1722290 1.6464731 1.2000772 1.1842625 1.3607076 1.3188854 2.1006308 1.2686573 1.1698470 1.0534335 0.9396625 1.1504835 1.3216123 1.3638897 1.5180669 1.5413388 1.5413388 1.5222594 1.4209587 1.2723936 1.3461581 1.3810352 1.5499264 1.2857937 1.3994073 1.6560219 0.9718229 1.4355881 1.7564550 1.7887220 1.8136207 1.5732132 1.7191158 2.3112698 
Aque_Aqu2.1.43586_001                                            0.0000010 0.0000010 0.0000010 0.0000010 0.0000010 0.3683226 3.6499420 0.0000000 0.6332983 0.9355273 0.9532707 0.0000010 0.8252593 0.9739686 0.0000010 0.0000010 1.0916516 1.1858066 1.1456817 0.9623907 0.8947648 0.9609712 1.0173750 1.3474782 1.2018899 0.0000010 1.2097418 1.0147593 1.0245099 1.0107391 1.0284139 1.1056324 1.1127808 1.1746257 0.9622912 1.1475453 1.2384085 1.2384085 1.2263203 1.0810829 1.0618798 1.1157888 1.0825692 1.0825692 1.3672012 1.4855055 0.0000010 1.0783760 1.0975394 0.0000010 0.0000010 0.0000010 0.0000010 1.3526509 1.3526509 1.2788262 1.2788262 1.3236379 1.2051259 1.2697367 1.2697367 1.2269732 1.3668921 0.0000010 5.2326270 0.0000010 0.0000010 1.2010277 1.0366919 1.3004687 0.0000010 1.2420080 1.4450723 1.4748112 
Xestes_maker-XT_scaffold3275-augustus-gene-0.4-mRNA-1            0.0000010 0.0000010 0.0000010 1.9104369 0.0000010 0.5176745 0.7915975 0.6332983 0.0000000 0.9705159 0.7419880 1.1097844 0.9455211 0.7855965 0.0000010 1.7061795 1.3795389 1.4521913 1.3579777 1.4020563 1.3919172 1.4735153 1.2967385 1.6797160 1.6865702 0.0000010 1.4555524 1.2795059 1.4249625 1.4710272 1.4586740 1.5295095 1.5139791 1.5487083 1.5114043 1.5291578 1.4361971 1.4361971 1.2958456 1.3145303 1.3219610 1.3298441 1.2905889 1.2905889 1.6356450 1.5085345 1.9955626 1.3714084 1.3399042 2.8497517 0.0000010 0.0000010 1.4120166 1.3242826 1.3081262 1.5406460 1.5406460 1.4014887 1.3958864 1.2996065 1.4109085 1.4077557 1.5165536 1.5396499 1.5051825 1.5923995 0.0000010 1.4664822 1.4205893 1.7861595 2.2307197 1.3305821 1.7789736 2.1806096 
Emue_Em0021g773a.t1                                              0.6836247 0.2280077 0.2106970 1.1690198 0.5667435 0.9359875 0.9467752 0.9355273 0.9705159 0.0000000 0.1125716 0.1228403 0.6968448 0.5014060 0.7150242 1.1680672 1.0234668 1.0512688 0.9999109 1.0080884 1.0003324 1.2881917 1.0056780 1.0880690 1.1879667 0.7762472 1.0328242 1.0324332 1.1031642 1.1026162 1.1926754 1.1577413 1.1496922 1.0525735 1.1182999 1.1364485 1.1089456 1.2959837 1.0173750 1.0200130 1.0243514 1.1612344 1.0504910 1.0413893 1.2542843 1.1884703 1.5725798 1.0595218 0.9877724 1.0502986 0.9239923 1.0950281 1.1685758 1.1359024 1.0811812 1.2969333 1.2969333 1.2264198 0.9418209 1.0102039 1.1970759 1.1940602 1.2876372 1.1138367 1.1317289 1.2430275 0.7042301 1.2449189 1.1975774 1.6091652 1.7444714 1.2029461 1.7017165 2.0165464 
Spolac_c110143_g1_i1_m.45537c110143-g1                           0.0000010 0.0000010 0.0000010 0.0000010 0.0000010 0.7800006 1.6985569 0.9532707 0.7419880 0.1125716 0.0000000 0.0000010 0.4687057 0.5005106 0.0000010 0.0000010 0.8759514 0.9680196 0.9457292 0.9688927 0.9493802 0.9440544 0.9104942 1.0536514 1.1190295 0.0000010 1.1296486 0.9018155 1.1604796 1.1105921 1.1310805 1.1417653 1.0255292 1.0585867 1.0335262 0.9914156 1.0720191 1.0720191 1.0189760 0.9748122 1.0035234 0.9988201 0.9658798 0.9658798 1.1417677 1.3188983 4.5997709 1.0996295 1.1200191 0.0000010 0.0000010 0.0000010 1.4598873 1.1242864 1.0918442 1.3098033 1.3098033 1.1865791 1.0562872 1.1271156 1.1271156 1.1260625 1.2406443 0.8745748 1.4641473 0.4910253 0.0000010 1.1009888 1.1163310 1.2512474 0.0000010 1.0555049 1.3536411 1.7044024 
Spolac_c85217_g2_i1_m.3661c110143-g1                             0.0000010 0.0000010 0.0000010 1.6311468 0.0000010 1.1484854 1.1549630 0.0000010 1.1097844 0.1228403 0.0000010 0.0000000 0.7800548 0.4219862 0.0000010 1.1684436 1.0873944 1.0976839 1.0534385 1.0669840 1.0627152 1.2824530 1.0634926 1.2419837 1.3323393 0.0000010 1.1873972 1.0850606 1.1179829 1.0341924 1.1938430 1.3671968 1.1493651 1.1445845 1.2091321 1.1805566 1.2088379 1.2088379 1.2003628 1.2036407 1.2036407 1.1997680 1.1858585 1.1866358 1.3189132 1.2068820 1.4042284 1.0336424 0.9185732 3.7846100 0.0000010 0.0000010 1.0831346 1.0831346 1.0698516 1.1991270 1.1991270 1.1774832 0.8868141 0.8789868 1.1852407 1.1722011 1.1677872 1.1247100 1.2875408 1.2465498 0.0000010 1.3051657 1.4750325 1.8716176 1.8160503 1.2377654 1.9384426 2.0904367 
Tetwil_g22935.t1                                                 0.7138659 0.5138297 0.5866492 0.8652417 0.7214997 0.7972452 0.8803088 0.8252593 0.9455211 0.6968448 0.4687057 0.7800548 0.0000000 0.4003501 0.6887067 0.8155208 0.7951301 0.8126878 0.7859675 0.7873264 0.7685623 1.0037942 0.7942131 0.9030216 1.0392034 0.8442711 0.9166472 0.8151725 0.8939797 0.9845037 0.9750859 1.0093612 0.8728403 0.9129983 0.8925541 0.9213965 0.9731868 1.1550089 0.8582288 0.8646196 0.8674661 0.9765413 0.8728994 0.8608516 1.0645758 1.0475009 1.5347385 0.8932724 0.8874850 0.8437169 0.7176931 1.1286139 1.1190471 1.0454691 0.9730603 1.0815346 1.0815346 1.0696082 0.8625247 0.8402127 1.0487109 1.0632608 1.1535001 1.0519413 1.1031147 1.1116814 0.8422223 1.0629528 1.0765543 1.5236678 1.4789075 1.1585569 1.4352721 1.9957185 
Stycar_augustus_masked-SC_scaffold6992-processed-gene-0.0-mRNA-1 0.0000010 0.0000010 0.0000010 0.0000010 0.0000010 0.7751444 1.3499261 0.9739686 0.7855965 0.5014060 0.5005106 0.4219862 0.4003501 0.0000000 0.0000010 0.0000010 0.7193986 0.7325657 0.7612100 0.7463479 0.7405310 0.7523156 0.7760894 0.9848772 0.9337506 0.0000010 1.0193074 0.7726511 0.8976461 0.9172017 0.9625898 0.9417592 1.0557748 1.0751187 1.0123522 0.9598112 0.9259099 0.9259099 0.9505512 0.9364037 0.9751452 0.9499530 0.8320224 0.8320224 1.0798093 1.0385158 4.2266882 0.9694053 1.0612619 0.0000010 0.0000010 0.0000010 0.6294263 0.9289821 0.9184814 0.9596896 0.9596896 0.9168808 0.7769192 0.9416726 0.9416726 0.9891456 1.1577322 0.5434268 0.9909889 0.4910253 0.0000010 1.0203283 0.9798342 1.2333730 0.0000010 0.9040550 1.6743165 1.5399669 
Fspp_ffun1.m4.26030.m1                                           0.8397292 0.8024127 0.7541884 0.8474871 0.9964160 0.8310179 0.9390450 0.0000010 0.0000010 0.7150242 0.0000010 0.0000010 0.6887067 0.0000010 0.0000000 0.1041323 0.0819470 0.0784369 0.0526461 0.0694237 0.0489860 1.7305093 0.1534452 0.2938713 0.4502987 0.3421391 0.3640880 0.3170587 0.4255537 0.4939838 0.0000010 0.4399346 0.5466213 0.3401606 0.4257997 0.4265283 0.4767899 0.9851649 0.3930384 0.4349069 0.4349069 0.0000010 0.4166134 0.4341910 0.5913477 0.4823597 0.0000010 0.5928284 0.5798597 0.6201427 0.5997320 0.7739918 0.8262241 0.7517459 0.0000010 0.8370041 0.8370041 0.0000010 0.0000010 0.0000010 0.7839413 0.7793607 0.8681773 0.7480373 0.7581616 1.3896990 0.7645823 0.7003982 0.0000010 1.3512393 1.2705984 0.9314315 1.0269709 1.8808071 
Gasp_gasp1.m3.8129.m1                                            0.7030658 0.8137296 0.9603557 1.0214667 0.8356078 1.1446787 1.2529031 0.0000010 1.7061795 1.1680672 0.0000010 1.1684436 0.8155208 0.0000010 0.1041323 0.0000000 0.1490130 0.1469110 0.0922399 0.1199488 0.1033759 0.1416314 0.2441317 0.4408372 0.6508629 0.5136043 0.5743198 0.4665019 0.6040390 0.6201744 0.7033799 0.6459902 0.6911843 0.5657917 0.6454409 0.5481106 0.6383273 1.0184774 0.5861399 0.6095281 0.6095281 0.7896068 0.5803438 0.5920440 0.7537653 0.7218414 1.0959414 0.8123338 0.7878478 0.8919344 0.7957088 0.9669932 0.9919069 0.9319302 1.0174232 0.9373244 0.9373244 1.1486692 0.6397273 0.7070939 0.9326057 0.9299347 0.9708638 0.8879602 0.9403810 0.8824530 1.0380172 0.8380484 1.5436784 1.5702347 1.4706217 1.1205610 1.3788195 2.3199728 
Amil_Amillepora23709-RA                                          0.7010128 0.8220744 1.0291378 0.9898837 0.9383901 1.0928644 1.2753838 1.0916516 1.3795389 1.0234668 0.8759514 1.0873944 0.7951301 0.7193986 0.0819470 0.1490130 0.0000000 0.0197452 0.0951115 0.1214247 0.1085306 0.1544691 0.2328226 0.4064988 0.5671417 0.3873141 0.5632572 0.4510846 0.5987680 0.6118615 0.6773602 0.6354913 0.6045730 0.4994200 0.5629432 0.5438951 0.6586380 0.9131447 0.5722780 0.5820030 0.5834486 0.7321838 0.5791793 0.5859097 0.6795657 0.7039437 1.5462679 0.8304981 0.7812678 0.7877351 0.6948145 0.7908008 0.8738699 0.8155739 0.8729435 0.8562784 0.8562784 0.8900591 0.6705396 0.7570065 0.8273394 0.8266985 0.9490665 0.8144487 0.8762508 0.9143481 0.7983869 0.7951438 1.0696396 1.3559547 1.3393044 1.0768285 1.3093067 1.9424408 
Adig_XM_015906457.1                                              0.7010128 0.8220744 1.0291378 0.9802619 0.9383901 1.1078999 1.2760734 1.1858066 1.4521913 1.0512688 0.9680196 1.0976839 0.8126878 0.7325657 0.0784369 0.1469110 0.0197452 0.0000000 0.1096409 0.1360007 0.1221414 0.2061124 0.2489264 0.4276000 0.5831225 0.3873141 0.5718383 0.4573848 0.6142552 0.6395700 0.7176196 0.6509623 0.6324275 0.5180593 0.5824008 0.5697745 0.6609987 0.9207056 0.5858907 0.5946398 0.5940770 0.7752674 0.5917595 0.5985847 0.7133660 0.7211069 1.5513762 0.8489157 0.7849861 0.7877351 0.6948145 0.7821030 0.8726413 0.8234862 0.9026974 0.8515130 0.8515130 0.9073033 0.6705396 0.7756369 0.8302799 0.8296513 0.9683774 0.8115116 0.8760536 0.9176812 0.7853743 0.8288221 1.1132487 1.3764657 1.3470672 1.1020711 1.3360597 1.9562362 
Gfas_gfas1.m1.16521.m1                                           0.6965167 0.8321949 0.9848341 0.9475116 0.8710884 1.0645468 1.1958081 1.1456817 1.3579777 0.9999109 0.9457292 1.0534385 0.7859675 0.7612100 0.0526461 0.0922399 0.0951115 0.1096409 0.0000000 0.0785403 0.0635391 0.0789518 0.1951161 0.3582470 0.5474552 0.3639570 0.5479062 0.4188438 0.5592371 0.5773066 0.6480795 0.6033379 0.5552444 0.4532180 0.5251389 0.4976543 0.6049361 0.8623799 0.5417404 0.5562637 0.5565155 0.6717992 0.5411346 0.5498479 0.6412819 0.6845301 1.3760444 0.7854420 0.7506354 0.7659125 0.6730839 0.7866340 0.8463287 0.7809367 0.8046019 0.8322626 0.8322626 0.8602786 0.6069277 0.6989434 0.7968733 0.8002578 0.9128218 0.7859413 0.8850896 0.8916458 0.8113483 0.7624306 1.0555807 1.3282881 1.3321807 0.9989722 1.3049966 1.8879452 
Spis_XP_022805349_1                                              0.7188754 0.8235582 0.9011525 0.9488328 0.8401261 1.0399823 1.2014111 0.9623907 1.4020563 1.0080884 0.9688927 1.0669840 0.7873264 0.7463479 0.0694237 0.1199488 0.1214247 0.1360007 0.0785403 0.0000000 0.0347345 0.1191852 0.2271671 0.3660361 0.5532785 0.3843180 0.5570632 0.4529712 0.5802073 0.5828762 0.6196109 0.6226688 0.5850104 0.4934670 0.5576234 0.5469228 0.6161310 0.8674405 0.5421684 0.5706442 0.5720649 0.6990764 0.5468180 0.5555580 0.6806879 0.6837219 1.4054978 0.8024074 0.7665174 0.7357899 0.6427159 0.8050554 0.8953797 0.8198045 0.8756818 0.8736154 0.8736154 0.9128665 0.6328038 0.7618810 0.8280606 0.8365193 0.9668696 0.8121105 0.8887088 0.9401322 0.7844557 0.7866757 1.0746516 1.3639617 1.3585990 1.0210142 1.3059039 1.8883806 
Pocdam_XM_027194569.1                                            0.7188754 0.8235582 0.9112535 0.9200813 0.8401261 1.0419719 1.1970511 0.8947648 1.3919172 1.0003324 0.9493802 1.0627152 0.7685623 0.7405310 0.0489860 0.1033759 0.1085306 0.1221414 0.0635391 0.0347345 0.0000000 0.0938698 0.2111137 0.3677094 0.5453106 0.3593696 0.5419997 0.4352550 0.5708057 0.5777713 0.6257095 0.5935334 0.5713394 0.4673656 0.5413043 0.5185442 0.6101551 0.8573377 0.5338270 0.5528136 0.5542237 0.6797793 0.5395818 0.5461114 0.6582379 0.6774410 1.3709594 0.7822602 0.7390825 0.7346292 0.6338310 0.7702500 0.8761602 0.8081589 0.8575415 0.8545193 0.8545193 0.8922736 0.6249394 0.7356574 0.8068641 0.7999196 0.9437663 0.7959141 0.8811179 0.9261817 0.7671481 0.7690617 0.9992327 1.3387383 1.3507628 1.0171119 1.3086245 1.8959909 
Fspp_ffun1.m4.31670.m1                                           0.0000010 0.0000010 1.2995260 1.4285426 0.0000010 1.3431495 1.6527778 0.9609712 1.4735153 1.2881917 0.9440544 1.2824530 1.0037942 0.7523156 1.7305093 0.1416314 0.1544691 0.2061124 0.0789518 0.1191852 0.0938698 0.0000000 0.2477025 0.4349110 0.6320746 3.6248392 0.7655232 0.5724789 0.6718736 0.6910085 0.6176114 0.7461554 0.5498510 0.5315486 0.5654375 0.5623876 0.8044235 0.8044235 0.7077082 0.7064678 0.7100081 0.6485460 0.6966215 0.6929084 0.6658279 0.8892106 1.5244262 1.0172657 0.9813504 2.5873118 2.0295158 1.9796522 1.0716296 0.9043646 0.8249387 0.9063721 0.9063721 0.8943705 0.5717845 0.6950265 0.9437648 0.9371529 0.9635877 0.9688702 1.1862856 1.1099534 5.8137468 0.7780291 1.0246390 1.2275404 1.3275644 1.0008372 1.6315036 1.8370329 
Nvec_v1g167102                                                   0.9033819 0.8427218 0.9724729 0.9862321 0.9777323 1.1025405 1.2006375 1.0173750 1.2967385 1.0056780 0.9104942 1.0634926 0.7942131 0.7760894 0.1534452 0.2441317 0.2328226 0.2489264 0.1951161 0.2271671 0.2111137 0.2477025 0.0000000 0.3683836 0.5759373 0.3771039 0.4956300 0.4491086 0.5665840 0.5889664 0.6249182 0.6236447 0.5364016 0.4722282 0.5295818 0.5150147 0.5719530 0.8086900 0.5340197 0.5641492 0.5655606 0.6524048 0.5444813 0.5493073 0.6699547 0.6849753 1.3621184 0.7646014 0.7302214 0.7111011 0.6188105 0.8109942 0.8367170 0.7965338 0.8244848 0.8317364 0.8317364 0.8844754 0.6031810 0.7054777 0.8244455 0.8071946 0.8668358 0.8020874 0.8854023 0.9430436 0.8269715 0.7861547 1.0472127 1.3432718 1.3694863 1.0483640 1.2416690 1.9817471 
Dgig_XM_028549740.1                                              0.8256268 0.8960128 0.8079987 1.0276398 0.9249202 1.2011020 1.2598764 1.3474782 1.6797160 1.0880690 1.0536514 1.2419837 0.9030216 0.9848772 0.2938713 0.4408372 0.4064988 0.4276000 0.3582470 0.3660361 0.3677094 0.4349110 0.3683836 0.0000000 0.3091758 0.4469968 0.6199924 0.5825027 0.6731778 0.6825216 0.7421974 0.6601841 0.6311314 0.5534938 0.5822547 0.5653090 0.6675842 0.8995568 0.6508152 0.6825208 0.6847219 0.8074015 0.6807786 0.6819310 0.7124473 0.7899884 1.5245665 0.8651945 0.8236538 0.7893389 0.7141635 0.8545169 0.9337220 0.9321980 1.0235618 1.0019958 1.0019958 1.0494381 0.7368817 0.8916461 0.9171802 0.9312218 1.0306323 0.8838420 1.0024786 1.0531761 0.9401302 0.8459233 1.1700102 1.4598027 1.3986059 1.0943844 1.3587191 2.0942484 
Xesp_014071-T1                                                   1.1870794 0.9999454 1.0919133 1.2065985 1.0890921 1.2301372 1.3556514 1.2018899 1.6865702 1.1879667 1.1190295 1.3323393 1.0392034 0.9337506 0.4502987 0.6508629 0.5671417 0.5831225 0.5474552 0.5532785 0.5453106 0.6320746 0.5759373 0.3091758 0.0000000 0.6249660 0.7886312 0.7522704 0.8177426 0.8430035 0.8792140 0.8123776 0.8112364 0.6750144 0.7105635 0.7073490 0.8808167 1.1618018 0.8151943 0.8578934 0.8590627 0.9838039 0.8409567 0.8367899 0.8488919 0.9187483 1.7132899 1.0717335 1.0008294 1.0291057 0.9234933 1.0374177 1.0387779 1.0221376 1.0681202 1.0829914 1.0829914 1.1603165 0.8362154 0.9341888 1.0688101 1.0808994 1.1147100 1.0353562 1.1178401 1.1381959 0.9527588 0.9768160 1.2284854 1.4916886 1.5437091 1.2728131 1.4781740 2.1635691 
Skow_XM_006818663.1                                              0.8735783 0.8037584 0.0000010 0.8701355 0.8449037 0.8045355 0.8706681 0.0000010 0.0000010 0.7762472 0.0000010 0.0000010 0.8442711 0.0000010 0.3421391 0.5136043 0.3873141 0.3873141 0.3639570 0.3843180 0.3593696 3.6248392 0.3771039 0.4469968 0.6249660 0.0000000 0.2686171 0.2580036 0.3846835 0.5268418 0.0000010 0.5215102 0.5927297 0.4887024 0.5249995 0.5557869 0.4655880 1.1007181 0.4931911 0.4931911 0.4931911 0.0000010 0.5050674 0.5050674 0.7056328 0.5640939 0.0000010 0.5657391 0.5273459 0.6514036 0.6508044 0.8102214 0.7110230 0.7125272 0.0000010 0.3288007 0.3288007 0.0000010 0.0000010 0.0000010 0.6858796 0.6966286 2.6700578 0.7295641 0.6866592 5.1779624 0.8814512 0.8072390 0.0000010 1.3092375 1.1795948 0.0000010 1.1126787 1.6174572 
Spur_XM_030982003.1                                              0.9293985 0.7422040 1.0141167 0.9710246 0.7493640 1.1084439 1.2102486 1.2097418 1.4555524 1.0328242 1.1296486 1.1873972 0.9166472 1.0193074 0.3640880 0.5743198 0.5632572 0.5718383 0.5479062 0.5570632 0.5419997 0.7655232 0.4956300 0.6199924 0.7886312 0.2686171 0.0000000 0.4395514 0.5177457 0.5754927 0.5086377 0.5848418 0.7118390 0.6293602 0.6516852 0.6487480 0.5814968 0.8445953 0.6840763 0.7005042 0.7027935 0.9359852 0.7112188 0.7101353 0.8170786 0.6427469 1.4618088 0.8644602 0.8776253 0.7479648 0.6759689 0.9116800 0.9669388 0.9068985 0.9813588 0.9820633 0.9820633 1.0269153 0.8484643 0.9275895 0.9074748 0.9384234 1.0356273 0.9347159 0.9667138 1.0840237 0.8915252 0.9072283 1.3109160 1.4102894 1.4650242 1.2034664 1.2195398 1.9125820 
Bralan_BLAG14001080_1                                            0.8147375 0.9334677 0.8933983 0.9950027 0.8033499 1.0317249 1.1484536 1.0147593 1.2795059 1.0324332 0.9018155 1.0850606 0.8151725 0.7726511 0.3170587 0.4665019 0.4510846 0.4573848 0.4188438 0.4529712 0.4352550 0.5724789 0.4491086 0.5825027 0.7522704 0.2580036 0.4395514 0.0000000 0.4486974 0.4921874 0.4338282 0.5179867 0.6092654 0.5438021 0.6113771 0.6455705 0.5642941 0.7979756 0.6065877 0.6441585 0.6456276 0.7639955 0.6211162 0.6232417 0.8065902 0.6202504 1.3593055 0.8493953 0.7932132 0.7539468 0.6866818 0.8837697 0.9177909 0.8641423 0.8158973 0.9060095 0.9060095 0.8636990 0.6288209 0.6304329 0.8583077 0.8964196 0.9572580 0.8647608 0.9492448 0.9494778 0.8489744 0.8673817 1.1172280 1.3830791 1.3450886 1.0738049 1.2285300 1.8673628 
Cgig_XM_011443834.3                                              1.1109952 0.8558181 0.9186252 1.0331640 1.0158061 1.1052082 1.2500208 1.0245099 1.4249625 1.1031642 1.1604796 1.1179829 0.8939797 0.8976461 0.4255537 0.6040390 0.5987680 0.6142552 0.5592371 0.5802073 0.5708057 0.6718736 0.5665840 0.6731778 0.8177426 0.3846835 0.5177457 0.4486974 0.0000000 0.3755960 0.4725553 0.4825940 0.7038082 0.6330969 0.6207795 0.6514230 0.6517320 0.9143970 0.7186408 0.7293633 0.7308970 0.8449183 0.7173728 0.7240028 0.7448219 0.6333913 1.4329352 0.8155023 0.8444476 0.7317215 0.6560613 0.9747145 0.9504412 0.9059956 0.9438497 1.0016314 1.0016314 1.0281359 0.7735620 0.8193945 0.9691808 0.9557087 1.0551772 0.8867312 1.0194905 1.0651870 0.9552092 0.8440471 1.1238916 1.4710283 1.3723593 1.1242675 1.2117616 1.9290883 
Acagra_model.g16749.t1                                           1.4932339 1.1542079 0.9873156 1.1209380 1.2016571 1.1417189 1.2397519 1.0107391 1.4710272 1.1026162 1.1105921 1.0341924 0.9845037 0.9172017 0.4939838 0.6201744 0.6118615 0.6395700 0.5773066 0.5828762 0.5777713 0.6910085 0.5889664 0.6825216 0.8430035 0.5268418 0.5754927 0.4921874 0.3755960 0.0000000 0.5431253 0.5606229 0.7423837 0.6619482 0.7082515 0.7030596 0.6633820 0.8869577 0.7528985 0.7726378 0.7741881 0.7910883 0.7657457 0.7723866 0.8358680 0.6331363 1.3880959 0.9153163 0.8750951 0.9088530 0.8275619 1.0338778 1.0296283 0.9602718 0.9159177 0.9611271 0.9611271 1.0292219 0.7057448 0.8272075 0.9914245 0.9724449 1.0559467 0.9615096 1.0676882 1.0526179 0.9621911 0.9471153 1.2351270 1.5394547 1.5098641 1.1423960 1.3630154 2.0354188 
Skow_XM_002738873.2                                              0.0000010 0.0000010 1.0184704 1.3939981 0.0000010 1.3425355 1.5187096 1.0284139 1.4586740 1.1926754 1.1310805 1.1938430 0.9750859 0.9625898 0.0000010 0.7033799 0.6773602 0.7176196 0.6480795 0.6196109 0.6257095 0.6176114 0.6249182 0.7421974 0.8792140 0.0000010 0.5086377 0.4338282 0.4725553 0.5431253 0.0000000 0.5684980 0.6906344 0.7082191 0.7515810 0.7255584 0.6897211 0.6897211 0.8041600 0.8157634 0.8190336 0.8117692 0.7961946 0.7833412 0.9675462 0.7918372 1.3939912 1.0387744 1.0538316 2.0228446 0.0000010 0.0000010 1.0452102 0.9424724 0.8959330 0.9864430 0.9864430 0.9499247 0.6815269 0.8031738 0.9349338 0.9646676 0.9689809 1.0174786 1.0864342 1.0796575 0.0000010 0.9351102 1.1918468 1.5019412 1.6013071 1.1997444 1.5220248 1.9323058 
Ctel_gnl_WGS_AMQN_CAPTEDRAFT_mRNA169559                          1.0333737 0.8079480 1.1033861 1.0973613 0.9530183 1.1807239 1.3335876 1.1056324 1.5295095 1.1577413 1.1417653 1.3671968 1.0093612 0.9417592 0.4399346 0.6459902 0.6354913 0.6509623 0.6033379 0.6226688 0.5935334 0.7461554 0.6236447 0.6601841 0.8123776 0.5215102 0.5848418 0.5179867 0.4825940 0.5606229 0.5684980 0.0000000 0.7559370 0.6856168 0.7050896 0.6751438 0.6911986 0.9192696 0.7604568 0.7771818 0.7795199 0.9199073 0.7658022 0.7723597 0.8169292 0.6917086 1.6188332 0.9050661 0.8948691 0.8330499 0.7452349 0.9501105 1.0354496 0.9493605 1.0345334 0.9789484 0.9789484 1.1081285 0.8600197 0.7960582 0.9460978 0.9652573 1.0781022 0.9071237 1.0227505 1.2469982 0.9330590 0.8646909 1.1833072 1.4692557 1.4231578 1.2392705 1.3437238 1.9501228 
Sanmal_Sma_015494-T1                                             1.5626696 1.3403219 0.8963478 1.0918684 0.8287960 1.1583443 1.2989382 1.1127808 1.5139791 1.1496922 1.0255292 1.1493651 0.8728403 1.0557748 0.5466213 0.6911843 0.6045730 0.6324275 0.5552444 0.5850104 0.5713394 0.5498510 0.5364016 0.6311314 0.8112364 0.5927297 0.7118390 0.6092654 0.7038082 0.7423837 0.6906344 0.7559370 0.0000000 0.1907808 0.3097663 0.4674570 0.7498745 0.9200311 0.6614184 0.7416558 0.7433780 0.7396117 0.7033291 0.7089452 0.6395156 0.8044438 1.3045672 0.8825490 0.7903551 0.9194186 0.8769298 0.9417043 1.1098504 1.0269745 1.0369300 1.0437369 1.0437369 1.1541487 0.7874706 0.8381129 1.0396031 1.0431762 1.0805572 1.0181972 1.0274240 1.2003609 0.8943727 0.6997772 1.0007030 1.4506774 1.4385489 1.0848344 1.3391327 2.0531018 
Aaur_scaffold81.g30.t2                                           0.0000010 0.8765827 1.0173248 0.9555939 0.8329724 1.1511369 1.2324843 1.1746257 1.5487083 1.0525735 1.0585867 1.1445845 0.9129983 1.0751187 0.3401606 0.5657917 0.4994200 0.5180593 0.4532180 0.4934670 0.4673656 0.5315486 0.4722282 0.5534938 0.6750144 0.4887024 0.6293602 0.5438021 0.6330969 0.6619482 0.7082191 0.6856168 0.1907808 0.0000000 0.1818987 0.3991340 0.7195230 0.7389521 0.6711208 0.6913025 0.6931380 0.7611665 0.6649873 0.6607730 0.5467977 0.7834744 1.3647221 0.8429699 0.8252376 0.8629461 0.6817259 0.8051085 0.9648888 0.9122546 0.9868525 1.0320537 1.0320537 1.1321209 0.8882062 0.8522151 0.9643013 0.9694828 1.0309823 0.8814093 1.0063676 1.1729383 1.0309221 0.6073162 1.0162721 1.2663670 1.2639964 1.1263250 1.3190356 1.9166575 
Rhoesc_Res_007984-T1                                             0.8493600 0.9529539 1.0948225 1.0641404 0.8491342 1.1415800 1.2786046 0.9622912 1.5114043 1.1182999 1.0335262 1.2091321 0.8925541 1.0123522 0.4257997 0.6454409 0.5629432 0.5824008 0.5251389 0.5576234 0.5413043 0.5654375 0.5295818 0.5822547 0.7105635 0.5249995 0.6516852 0.6113771 0.6207795 0.7082515 0.7515810 0.7050896 0.3097663 0.1818987 0.0000000 0.4739473 0.7127656 0.9524271 0.6814129 0.7152988 0.7168258 0.7661195 0.6878978 0.6898570 0.6158513 0.7794908 1.3698872 0.8826806 0.8677218 0.8564574 0.7605855 0.8805117 1.0019009 0.9508744 1.0369430 1.0668953 1.0668953 1.1547540 0.8773047 0.8061841 0.9806280 0.9822707 1.1053023 0.9748273 0.9983898 1.2829507 0.9518224 0.6878871 0.9690213 1.4670319 1.4195225 1.1997524 1.3070918 2.0912084 
Morvir_scaffold89.g39.t1                                         1.1372208 1.0016930 0.9301846 1.0561502 0.9318023 1.2049582 1.2860856 1.1475453 1.5291578 1.1364485 0.9914156 1.1805566 0.9213965 0.9598112 0.4265283 0.5481106 0.5438951 0.5697745 0.4976543 0.5469228 0.5185442 0.5623876 0.5150147 0.5653090 0.7073490 0.5557869 0.6487480 0.6455705 0.6514230 0.7030596 0.7255584 0.6751438 0.4674570 0.3991340 0.4739473 0.0000000 0.7261368 0.9887580 0.6836835 0.7157683 0.7160380 0.8217658 0.6808607 0.6875114 0.6422141 0.8274639 1.1869516 0.8628183 0.8185853 0.8450064 0.7539172 1.0562626 0.9912332 0.9444342 0.9326098 0.9926703 0.9926703 1.0108864 0.8063513 0.8261593 0.9303630 0.9873452 0.9980688 0.9248756 0.9818973 1.1409600 0.8196604 0.6325247 1.0451654 1.3378884 1.2788736 1.0834423 1.3588791 1.9872745 
Hsap_ENST00000326448                                             1.0314619 0.9558223 0.9821530 0.9803031 0.9951014 1.1887280 1.2384890 1.2384085 1.4361971 1.1089456 1.0720191 1.2088379 0.9731868 0.9259099 0.4767899 0.6383273 0.6586380 0.6609987 0.6049361 0.6161310 0.6101551 0.8044235 0.5719530 0.6675842 0.8808167 0.4655880 0.5814968 0.5642941 0.6517320 0.6633820 0.6897211 0.6911986 0.7498745 0.7195230 0.7127656 0.7261368 0.0000000 0.1592310 0.7467548 0.7497122 0.7519878 0.8883795 0.7200298 0.7277620 0.8718213 0.7447135 1.4604673 0.9247848 0.9133704 0.7814321 0.6922408 0.8784943 0.9474675 0.9503579 1.0978302 1.0808964 1.0808964 1.1646083 0.9141988 1.0059089 0.9454804 0.9916782 1.1067318 0.8891499 1.0576033 1.1497578 0.8499264 0.9346727 1.1841150 1.5368960 1.5864328 1.2021545 1.2600945 1.9251535 
Hsap_ENST00000483754                                             4.3029825 3.2729737 0.9821530 1.3480185 2.8249112 1.4894892 1.6606272 1.2384085 1.4361971 1.2959837 1.0720191 1.2088379 1.1550089 0.9259099 0.9851649 1.0184774 0.9131447 0.9207056 0.8623799 0.8674405 0.8573377 0.8044235 0.8086900 0.8995568 1.1618018 1.1007181 0.8445953 0.7979756 0.9143970 0.8869577 0.6897211 0.9192696 0.9200311 0.7389521 0.9524271 0.9887580 0.1592310 0.0000000 0.8984091 0.9750675 0.9777372 0.8883795 0.9432736 0.9512303 1.0623874 1.0196394 1.4604673 1.2382325 0.9933429 1.7892441 1.7159337 1.4172676 1.2692925 1.1968939 1.0978302 1.0808964 1.0808964 1.1646083 0.9141988 1.0059089 1.2413644 1.2701328 1.1067318 1.2172634 1.1876524 1.1497578 0.9468341 1.1219130 1.1841150 1.7559601 1.9168479 1.2021545 1.5425579 2.1392589 
HoiH23_PlH23_002373-RA                                           1.1865709 0.8101223 0.9995171 1.0003437 0.8347132 1.0727152 1.1199967 1.2263203 1.2958456 1.0173750 1.0189760 1.2003628 0.8582288 0.9505512 0.3930384 0.5861399 0.5722780 0.5858907 0.5417404 0.5421684 0.5338270 0.7077082 0.5340197 0.6508152 0.8151943 0.4931911 0.6840763 0.6065877 0.7186408 0.7528985 0.8041600 0.7604568 0.6614184 0.6711208 0.6814129 0.6836835 0.7467548 0.8984091 0.0000000 0.0217567 0.0217943 0.0472887 0.0644277 0.0554677 0.7874364 0.7965847 1.4314441 0.8644430 0.8033929 0.7737717 0.6674783 0.8410455 0.9658022 0.9020076 0.9819395 0.9392920 0.9392920 1.1089448 0.7945129 0.8578045 0.9211207 0.9487885 1.0719708 0.8681813 0.9570868 1.1892907 0.8277486 0.8636419 1.2968336 1.3492869 1.4280115 1.1075342 1.3311584 1.9240976 
Hhon_g08568.t1                                                   1.1480831 0.8823218 0.9931355 1.0465019 0.8347132 1.0888505 1.1722290 1.0810829 1.3145303 1.0200130 0.9748122 1.2036407 0.8646196 0.9364037 0.4349069 0.6095281 0.5820030 0.5946398 0.5562637 0.5706442 0.5528136 0.7064678 0.5641492 0.6825208 0.8578934 0.4931911 0.7005042 0.6441585 0.7293633 0.7726378 0.8157634 0.7771818 0.7416558 0.6913025 0.7152988 0.7157683 0.7497122 0.9750675 0.0217567 0.0000000 0.0029496 0.0636448 0.0800049 0.0744627 0.8130372 0.8124584 1.4611469 0.8974488 0.8165406 0.8328432 0.7385889 0.8341795 1.0056449 0.9344011 0.9880139 0.9392731 0.9392731 1.0994503 0.7959185 0.8442355 0.9409653 0.9803702 1.0611024 0.9072703 0.9678387 1.1855395 0.8277486 0.9087542 1.2950430 1.3894823 1.4766863 1.1045672 1.3605018 2.0268303 
HoiH04_mRNA5229                                                  1.1480831 0.8823218 0.9931355 1.0465019 0.8347132 1.0967485 1.1722290 1.0618798 1.3219610 1.0243514 1.0035234 1.2036407 0.8674661 0.9751452 0.4349069 0.6095281 0.5834486 0.5940770 0.5565155 0.5720649 0.5542237 0.7100081 0.5655606 0.6847219 0.8590627 0.4931911 0.7027935 0.6456276 0.7308970 0.7741881 0.8190336 0.7795199 0.7433780 0.6931380 0.7168258 0.7160380 0.7519878 0.9777372 0.0217943 0.0029496 0.0000000 0.0634540 0.0825012 0.0768934 0.8154023 0.8140205 1.4611469 0.8990793 0.8165406 0.8328432 0.7385889 0.8341795 1.0056449 0.9342934 0.9879589 0.9323607 0.9323607 1.0997591 0.7959185 0.8260447 0.9361908 0.9803347 1.0607217 0.9072703 0.9678387 1.1855395 0.8277486 0.9124347 1.3027887 1.3913265 1.4766863 1.1075395 1.3615154 2.0300891 
HoiH11_mRNA6554                                                  0.0000010 0.0000010 1.3044086 1.4644636 0.0000010 1.3357959 1.6464731 1.1157888 1.3298441 1.1612344 0.9988201 1.1997680 0.9765413 0.9499530 0.0000010 0.7896068 0.7321838 0.7752674 0.6717992 0.6990764 0.6797793 0.6485460 0.6524048 0.8074015 0.9838039 0.0000010 0.9359852 0.7639955 0.8449183 0.7910883 0.8117692 0.9199073 0.7396117 0.7611665 0.7661195 0.8217658 0.8883795 0.8883795 0.0472887 0.0636448 0.0634540 0.0000000 0.0819600 0.0638873 0.8884979 0.9324108 1.4394754 1.0351708 0.9800265 3.0812995 0.0000010 0.0000010 1.0542456 0.9935304 0.9653702 0.9821204 0.9821204 1.1011185 0.7914037 0.8216060 1.0672197 1.0260040 1.0738375 1.0011975 1.1023061 1.2088985 0.0000010 0.9204189 1.2583839 1.3635449 1.4909498 1.0736177 1.5308181 2.1896496 
TrH2_TrispH2_008931-RA                                           1.0196095 0.8943006 0.9979505 1.0318531 0.8331855 1.0881669 1.2000772 1.0825692 1.2905889 1.0504910 0.9658798 1.1858585 0.8728994 0.8320224 0.4166134 0.5803438 0.5791793 0.5917595 0.5411346 0.5468180 0.5395818 0.6966215 0.5444813 0.6807786 0.8409567 0.5050674 0.7112188 0.6211162 0.7173728 0.7657457 0.7961946 0.7658022 0.7033291 0.6649873 0.6878978 0.6808607 0.7200298 0.9432736 0.0644277 0.0800049 0.0825012 0.0819600 0.0000000 0.0120235 0.8048312 0.8127400 1.4567079 0.8768798 0.8147458 0.8231661 0.7400440 0.8375769 0.9844508 0.9245197 0.9820818 0.9688121 0.9688121 1.1235035 0.8102651 0.8555205 0.9359913 0.9551658 1.0803103 0.8879116 0.9870597 1.1976757 0.8889662 0.8622557 1.2405318 1.3919957 1.4875843 1.0900289 1.3561338 2.0483318 
Tadh_TriadT49567                                                 1.0886400 0.9311750 0.9762763 1.0455491 0.8331855 1.0926884 1.1842625 1.0825692 1.2905889 1.0413893 0.9658798 1.1866358 0.8608516 0.8320224 0.4341910 0.5920440 0.5859097 0.5985847 0.5498479 0.5555580 0.5461114 0.6929084 0.5493073 0.6819310 0.8367899 0.5050674 0.7101353 0.6232417 0.7240028 0.7723866 0.7833412 0.7723597 0.7089452 0.6607730 0.6898570 0.6875114 0.7277620 0.9512303 0.0554677 0.0744627 0.0768934 0.0638873 0.0120235 0.0000000 0.8061158 0.8149570 1.3859997 0.8751308 0.8026379 0.8445542 0.7601649 0.8375769 0.9841242 0.9244747 0.9820818 0.9611136 0.9611136 1.1134358 0.8102651 0.8555205 0.9402982 0.9594854 1.0710473 0.8911347 0.9773316 1.1594863 0.8889662 0.8620533 1.2405318 1.3916432 1.4928113 1.0763877 1.3452014 2.0432873 
Chem_TCONS_00059892                                              1.2616690 1.2374372 1.0506306 1.1340179 0.9890493 1.2530574 1.3607076 1.3672012 1.6356450 1.2542843 1.1417677 1.3189132 1.0645758 1.0798093 0.5913477 0.7537653 0.6795657 0.7133660 0.6412819 0.6806879 0.6582379 0.6658279 0.6699547 0.7124473 0.8488919 0.7056328 0.8170786 0.8065902 0.7448219 0.8358680 0.9675462 0.8169292 0.6395156 0.5467977 0.6158513 0.6422141 0.8718213 1.0623874 0.7874364 0.8130372 0.8154023 0.8884979 0.8048312 0.8061158 0.0000000 0.9996808 1.5032228 1.0026039 0.9234387 0.9395411 0.8317093 0.9880684 1.1104737 1.0582391 1.1509032 1.1466506 1.1466506 1.2647178 0.9644912 0.9642484 1.1355861 1.0937250 1.1559162 1.1052806 1.1039296 1.4487599 1.0061533 0.5409096 1.1685187 1.5016865 1.4767261 1.2254233 1.4697425 2.0871843 
Cscu_XM_023361656.1                                              1.3942583 1.1786374 1.0539665 1.1022495 0.9893878 1.2182393 1.3188854 1.4855055 1.5085345 1.1884703 1.3188983 1.2068820 1.0475009 1.0385158 0.4823597 0.7218414 0.7039437 0.7211069 0.6845301 0.6837219 0.6774410 0.8892106 0.6849753 0.7899884 0.9187483 0.5640939 0.6427469 0.6202504 0.6333913 0.6331363 0.7918372 0.6917086 0.8044438 0.7834744 0.7794908 0.8274639 0.7447135 1.0196394 0.7965847 0.8124584 0.8140205 0.9324108 0.8127400 0.8149570 0.9996808 0.0000000 1.8162016 1.0299564 0.9822325 0.8888537 0.8149032 0.9561510 0.9798303 0.9951390 1.0067931 1.0814757 1.0814757 1.1298499 0.8192402 0.9321473 1.0344643 1.0893604 1.1908484 0.9207458 1.0609270 1.1814449 0.9737302 1.0580456 1.3430790 1.5592258 1.4850468 1.2734247 1.2247949 1.9285235 
Opea_EP00118_Oscarella_pearsei_P008382                           0.0000010 0.0000010 1.3309693 1.3477626 0.0000010 2.0676406 2.1006308 0.0000010 1.9955626 1.5725798 4.5997709 1.4042284 1.5347385 4.2266882 0.0000010 1.0959414 1.5462679 1.5513762 1.3760444 1.4054978 1.3709594 1.5244262 1.3621184 1.5245665 1.7132899 0.0000010 1.4618088 1.3593055 1.4329352 1.3880959 1.3939912 1.6188332 1.3045672 1.3647221 1.3698872 1.1869516 1.4604673 1.4604673 1.4314441 1.4611469 1.4611469 1.4394754 1.4567079 1.3859997 1.5032228 1.8162016 0.0000000 0.1234608 0.2243018 3.9651189 0.0000010 0.0000010 1.7442413 1.8379473 1.7910083 1.9274626 1.9274626 1.9983509 2.0614108 6.1841005 2.0894242 1.7804453 1.9724075 1.6698127 1.8489321 1.6352982 0.0000010 1.4721886 8.9999988 2.3849497 1.6968322 1.9338814 2.0686798 3.0977882 
Opea_EP00118_Oscarella_pearsei_P008384                           0.9678791 0.7954135 0.9630422 1.0884203 0.8081053 1.1362190 1.2686573 1.0783760 1.3714084 1.0595218 1.0996295 1.0336424 0.8932724 0.9694053 0.5928284 0.8123338 0.8304981 0.8489157 0.7854420 0.8024074 0.7822602 1.0172657 0.7646014 0.8651945 1.0717335 0.5657391 0.8644602 0.8493953 0.8155023 0.9153163 1.0387744 0.9050661 0.8825490 0.8429699 0.8826806 0.8628183 0.9247848 1.2382325 0.8644430 0.8974488 0.8990793 1.0351708 0.8768798 0.8751308 1.0026039 1.0299564 0.1234608 0.0000000 0.0326544 0.5782332 0.4687275 0.9622560 1.0098965 1.0008549 1.1317095 1.1603914 1.1603914 1.2724625 1.0427582 1.0583155 1.0835829 1.0376762 1.1752797 1.0286931 1.0940138 1.3011428 0.9724503 1.0133652 1.2504446 1.6144577 1.4712253 1.2617912 1.3425299 2.1341825 
Ocar_g3174                                                       0.0000010 0.8373722 0.9372863 0.9617675 1.1798146 1.0760687 1.1698470 1.0975394 1.3399042 0.9877724 1.1200191 0.9185732 0.8874850 1.0612619 0.5798597 0.7878478 0.7812678 0.7849861 0.7506354 0.7665174 0.7390825 0.9813504 0.7302214 0.8236538 1.0008294 0.5273459 0.8776253 0.7932132 0.8444476 0.8750951 1.0538316 0.8948691 0.7903551 0.8252376 0.8677218 0.8185853 0.9133704 0.9933429 0.8033929 0.8165406 0.8165406 0.9800265 0.8147458 0.8026379 0.9234387 0.9822325 0.2243018 0.0326544 0.0000000 0.5650060 0.3754954 0.8689616 0.9099872 0.9378994 1.0399097 1.1012908 1.1012908 1.1964427 0.9291460 1.0909629 1.0332736 0.9797068 1.0851895 0.9320292 1.0373407 1.0614226 0.9724503 0.9151904 1.2080541 1.4058076 1.3293594 1.2241871 1.3329701 1.8268837 
