70
Dpul_mRNA22251                                          0.0000000 1.4984774 1.7605962 2.3096888 2.3734722 2.5814397 2.3408671 2.6931149 2.3620901 2.5505192 2.5402433 2.4414101 2.3139164 2.9850952 2.0269488 2.1321568 2.4420063 3.5222321 2.2527920 2.4047995 2.3453488 2.7083053 2.2449365 2.1590431 2.5123805 2.0913139 2.1156570 2.9261126 2.4881134 2.4885551 2.2831727 2.5590841 2.3596802 2.2934092 2.4183440 1.9640108 2.0190707 1.7849255 2.5033161 2.2399471 2.0459542 2.2083835 2.8305542 2.5054767 2.1170831 2.3991726 2.1436165 3.3034367 2.4245904 2.7509846 2.7239643 2.7188150 2.4549118 2.8578580 2.6981354 2.6895679 2.6129520 2.9646689 2.7736288 2.4553456 2.5408352 2.3342269 1.5992823 2.1914950 2.6540781 2.8776531 2.8936216 3.0277226 3.0277226 3.5502283 
Cscu_XM_023378242.1                                     1.4984774 0.0000000 1.8183341 1.7965975 2.2356687 2.1472575 2.0398156 2.5295932 2.3316671 2.2734934 2.0128155 2.7032222 2.5719671 8.0793442 8.0793442 2.4093359 2.2755862 2.4717148 2.6346129 2.3531665 2.7241919 3.6338625 2.4084710 2.2451519 3.2376263 2.1368773 2.1361024 2.9906342 2.2958475 2.3801048 2.1181943 2.3386592 2.2399544 2.1570974 2.3847655 2.1277538 2.3740807 1.9151800 2.1963340 2.0712328 2.2413761 2.5191806 3.3670593 3.1213020 2.2041656 1.8588300 2.8135122 3.9202715 2.4333827 3.3777599 3.2313940 3.2451417 2.5873894 2.8546447 2.7656818 3.0172276 2.8108890 2.8163047 2.6091190 2.5994364 2.9126551 2.2390167 2.2339088 1.0620153 2.9790722 2.8678714 2.9087528 2.8983280 2.8983280 7.4855775 
Tcas_TC014121_001                                       1.7605962 1.8183341 0.0000000 2.1396686 2.2002849 2.2177945 2.2311727 2.1481184 2.5649649 2.6103645 2.5835801 2.6327029 2.9137876 3.5192654 3.2024229 2.2536882 2.5405319 2.8544440 2.1308741 2.2556512 2.0058848 2.9085175 2.6091474 2.3131708 2.3945704 2.2232808 2.1098740 2.6119389 2.3760745 2.4999687 2.1768861 2.3984422 2.3522750 2.2795483 2.5302398 2.1257357 2.2839987 1.8427022 2.7730723 1.9453713 1.8706658 2.4385419 4.2271234 2.4601700 1.7998288 2.3350581 2.5082169 2.8143191 2.5266345 3.0305603 3.0788583 2.9340158 2.8813716 2.8310323 2.5842306 2.7262019 2.6928504 2.7676920 2.5324768 2.6542117 2.8253238 2.4676866 2.0112423 2.5106030 2.2826920 2.2420785 2.2737643 2.5388852 2.5388852 3.2607432 
Aque_Aqu2.1.29905_001                                   2.3096888 1.7965975 2.1396686 0.0000000 0.0256850 0.6749290 0.0000010 1.2969560 1.1777617 1.8806587 1.4194194 1.9005431 2.1618035 1.4469446 1.3531806 2.1946280 2.0290063 2.2003670 1.6495955 1.7387592 0.0000010 1.9115391 1.6458203 1.8549187 1.8370440 1.6770018 1.8042804 2.4240258 1.9949207 1.8017939 1.9895351 2.1952502 1.7212425 1.7212425 1.6583016 2.1200903 1.9967241 1.3041743 1.4468858 2.2352644 2.1695695 1.6324956 9.0000000 1.7974216 2.0125887 1.8054046 1.8414857 1.6234671 1.5917153 2.7000374 3.1297607 3.0354711 2.1681016 2.1464627 2.2310346 1.9095818 1.9156599 2.1336429 2.1771412 2.1323037 1.9010781 1.6854328 1.7023284 2.0691496 1.8999560 1.8997423 1.8275769 1.7379372 1.7379372 2.0487451 
Aque_Aqu2.1.20520_001                                   2.3734722 2.2356687 2.2002849 0.0256850 0.0000000 0.8408889 1.4874646 1.3969086 1.4403454 1.6586816 1.9086386 2.1711641 2.2881765 1.5522020 1.5263997 2.4626729 2.2427385 2.3117138 2.0149674 2.0395892 2.0802391 2.4702879 2.1349340 1.9436473 1.9537353 1.9023077 1.9194994 2.5259506 2.1281492 2.1331924 2.0160220 2.2285970 1.8654317 1.8882817 1.8723426 2.2460619 2.3497804 1.7784770 1.9099339 2.2156331 2.3873621 1.7039785 2.5396128 1.7449560 2.3353003 1.8605695 2.1583000 2.5847506 2.0556967 2.7429609 3.0254637 2.8331063 2.3825108 2.1630770 2.4037980 2.2361034 2.2700905 2.5340626 2.3317661 2.5416936 2.6024243 1.8589383 1.9431889 2.7184974 2.5150959 2.4886496 2.4462205 2.3128410 2.3128410 2.5526892 
Halamb_c46032_g1_i2mm.1832                              2.5814397 2.1472575 2.2177945 0.6749290 0.8408889 0.0000000 1.3097533 1.4235168 1.2884925 1.4366417 1.9096702 2.3035951 2.4998939 2.0328855 1.9355026 2.3877569 2.1335973 2.4348349 1.8347831 1.9479207 2.1298256 2.3273359 2.1962552 1.9651547 1.9618988 1.9446469 1.8110007 2.2408572 1.9060319 2.0824623 2.0757408 2.0690207 2.2001848 2.0944768 1.8796899 2.3241616 2.0789692 1.7253626 2.0236543 2.2276308 2.0197315 1.5886265 2.8465807 1.5938058 1.9172678 1.9864293 2.2571903 2.7618796 2.1617377 2.8765280 2.8747313 2.6979695 2.4397006 2.3294375 2.4569867 2.4129003 2.3541246 2.4955822 2.1579219 2.4786657 2.5366357 1.9542153 2.0036270 2.6876898 2.8317498 2.6722604 2.6411758 2.7122726 2.7122726 2.3345709 
Spolac_c96728_g1_i1_m.13628c96728-g1NA                  2.3408671 2.0398156 2.2311727 0.0000010 1.4874646 1.3097533 0.0000000 1.0131190 0.9501498 0.8209468 2.1265808 2.0845437 2.4170312 4.5047479 4.5047479 2.8693719 2.2572648 2.0886043 2.0102359 2.2515625 1.9887293 3.7634898 2.5202750 1.8279385 8.9999985 1.8802876 1.8576981 3.7785899 1.8700256 2.4715521 1.6743746 2.1109659 1.5749513 1.5367928 1.6415934 2.1627068 1.9054663 1.9108846 0.0000010 1.6839600 2.4482119 0.1610916 0.1610916 0.5507933 1.9033989 1.8349074 3.9795171 3.9848408 2.2801117 2.8091000 3.0700887 2.9048452 3.0378236 1.9383184 2.9101055 2.5799702 2.6248857 3.1714922 2.5811362 2.8942517 3.7277846 3.3226558 1.9213397 3.9501304 2.7707813 2.3442987 2.4020491 2.6863806 2.6863806 3.3874476 
Tetwil_g18685.t1                                        2.6931149 2.5295932 2.1481184 1.2969560 1.3969086 1.4235168 1.0131190 0.0000000 0.8646170 0.9434883 1.7510209 2.1229338 2.5245930 2.7052165 2.4108192 2.8625580 2.4674469 3.1898853 1.8519732 1.8337343 2.0536630 2.2809037 2.2640349 1.7683219 2.0049259 1.8027818 1.8214914 2.4518440 1.7672089 2.0938124 2.1818016 2.1295761 1.7100012 1.6471816 1.7952068 2.1997504 2.3279394 1.9304179 1.6358467 1.9105376 2.3081864 1.4091232 2.1229339 1.4259889 2.0031367 1.8895951 2.0543349 2.1083430 2.3513577 3.2559592 3.4365836 3.2516162 2.5961026 2.6576074 2.8274720 2.8698863 2.6020012 2.8623272 2.7019898 2.7978770 2.8677208 1.8502464 1.8900140 2.6889569 2.2458296 2.1714830 2.1796221 2.3995248 2.3995248 1.4801422 
Stycar_maker-SC_scaffold93970-augustus-gene-0.79-mRNA-1 2.3620901 2.3316671 2.5649649 1.1777617 1.4403454 1.2884925 0.9501498 0.8646170 0.0000000 0.0742525 1.8897752 2.1422189 2.3016300 2.1694789 2.2048026 2.4547593 2.1046741 2.8189954 1.7556834 1.7410451 2.2835788 2.0252608 1.9408467 1.5122944 1.5333246 1.7137019 1.7424983 2.3136902 1.9121057 2.1345261 2.0029339 2.0838838 1.6975380 1.6628723 1.7441090 2.0235242 2.0452833 1.7015166 1.3980318 2.0475195 2.3698832 1.2191520 2.0156133 1.3103509 2.2758304 2.1516884 2.1060133 2.3604814 2.5264805 3.2752821 3.2456096 3.2264750 2.7190845 2.3788433 2.4223670 2.4366117 2.3893115 2.8541684 2.6268920 2.5092612 2.5742814 1.6709897 1.9976343 2.4484943 2.4677918 2.3960952 2.3813280 2.5508668 2.5508668 2.3262694 
Stycar_maker-SC_scaffold11738-snap-gene-0.10-mRNA-1     2.5505192 2.2734934 2.6103645 1.8806587 1.6586816 1.4366417 0.8209468 0.9434883 0.0742525 0.0000000 1.9381928 2.5472961 2.3801246 3.8531005 3.7676142 2.7553964 2.1254803 2.3888519 2.0170047 1.8773749 2.0725051 2.3568964 2.2977675 1.6477989 2.1277134 1.9416947 1.9330828 2.5741147 2.0159938 2.3970014 2.2594600 2.2550422 1.6590619 1.5972635 1.8067136 2.1572382 2.1208837 1.9692839 1.7872530 2.1059907 2.7020084 1.5243801 1.7624510 1.4421941 2.3153406 2.1455013 2.5189742 3.2219672 2.6291914 3.3677269 3.2488388 3.3035046 2.4323492 1.9711330 2.3655333 2.5215530 2.3848320 2.6946530 2.3577680 2.4762013 2.5370535 1.8354741 2.4233812 3.2919088 2.8201720 2.5980195 2.6338818 2.7148815 2.7148815 3.2147293 
Sanmal_Sma_023337-T1                                    2.5402433 2.0128155 2.5835801 1.4194194 1.9086386 1.9096702 2.1265808 1.7510209 1.8897752 1.9381928 0.0000000 1.5642091 1.6162762 2.6451971 2.2344272 2.0990376 2.0639596 4.3593942 2.0118853 1.8876918 1.9893090 2.4258935 1.8512006 1.5364276 1.6897891 1.6672219 1.6140264 2.1295054 1.6542386 1.6106751 1.6375454 1.7976848 1.5540484 1.5839320 1.6053731 1.9104711 2.1093815 1.9129215 1.8574001 2.1886855 2.2696432 1.9769255 3.1703095 2.1952760 1.9652976 1.7180122 2.0252960 1.9104624 2.0660880 2.8101629 2.8737724 2.9226218 2.6111055 2.5878402 2.4344134 2.8381124 2.6682436 2.6970122 2.4699124 2.6242081 2.8590162 1.9434757 1.9826785 2.1114336 2.3704290 2.4878325 2.4360596 2.4781249 2.4781249 2.7265315 
Rhoesc_Res_004878-T1                                    2.4414101 2.7032222 2.6327029 1.9005431 2.1711641 2.3035951 2.0845437 2.1229338 2.1422189 2.5472961 1.5642091 0.0000000 0.6532715 2.6416089 2.1140777 2.2438382 2.2793300 3.6251268 2.1321869 2.2528143 2.5889502 2.5961028 2.0090794 1.7830893 1.9392139 1.9249724 1.8605002 2.1523339 1.9022239 2.0145550 1.7548086 1.9600593 2.0516797 2.0368752 1.9560488 2.0144375 2.6504105 2.3239839 2.2515544 2.2113395 2.5783112 2.3163109 4.3770162 2.3577433 2.1808731 2.2708985 2.0150882 2.3751479 1.9045602 2.7562582 2.7214331 2.6427335 2.5461811 2.1449325 2.3180374 2.5760997 2.3264724 2.6741581 2.2690897 2.2204207 2.3919739 1.9003326 2.1939581 2.5135783 2.4464164 2.4127692 2.3838737 2.7990288 2.7990288 3.0096047 
Nemnom_g17184.t1                                        2.3139164 2.5719671 2.9137876 2.1618035 2.2881765 2.4998939 2.4170312 2.5245930 2.3016300 2.3801246 1.6162762 0.6532715 0.0000000 2.4035315 2.0159147 2.0074027 2.1562951 2.3396473 2.0852741 2.2660678 2.4967391 2.3369805 2.0492032 1.9036536 1.8459422 1.9410934 1.8961173 2.1266157 2.0171619 2.3007620 1.8985756 2.0165573 2.0199096 2.0212284 1.9100245 1.9988782 2.5066969 2.3941873 2.3016000 2.3211814 2.6911101 2.8460866 4.1475926 2.7060372 2.3362143 2.3904736 2.1466676 2.0507386 1.9560241 2.8695148 2.7956644 2.6960726 2.5749701 2.5314108 2.3721838 2.7082036 2.3757397 2.6255819 2.3207203 2.3198529 2.5686791 1.9807778 2.0721241 2.9437054 2.8449195 2.8721295 2.8297727 3.2186121 3.2186121 2.5568666 
Opea_EP00118_Oscarella_pearsei_P016327                  2.9850952 8.0793442 3.5192654 1.4469446 1.5522020 2.0328855 4.5047479 2.7052165 2.1694789 3.8531005 2.6451971 2.6416089 2.4035315 0.0000000 0.0149844 0.1723693 0.1883991 0.0648707 2.5301921 2.7844824 5.3782161 2.8019682 2.5089204 2.4343663 2.0325353 2.3314744 2.3283311 4.5355815 2.9482430 3.0563959 2.3788386 2.2120302 2.3164278 2.3164278 2.3892527 1.9861052 2.8913884 2.6032245 2.2576534 3.0993506 2.6644876 2.0007881 9.0000000 2.2793853 3.1952972 2.8292728 2.0039415 3.0479934 2.7246508 2.6387826 2.9558649 2.6636004 2.3650627 1.8273947 1.9757857 2.6636895 2.6300079 2.9060644 2.4003812 2.7141211 2.0993094 1.9903916 2.3549152 3.0177897 2.3098311 2.2847696 2.2472759 1.8961741 1.8961741 1.8658648 
Opea_EP00118_Oscarella_pearsei_P016325                  2.0269488 8.0793442 3.2024229 1.3531806 1.5263997 1.9355026 4.5047479 2.4108192 2.2048026 3.7676142 2.2344272 2.1140777 2.0159147 0.0149844 0.0000000 0.1455700 0.3871073 0.2191286 2.0329033 2.2282794 5.3782161 1.9117628 2.2740393 2.0248415 1.4947881 2.1542983 2.0287332 3.2899004 2.4871461 2.2270325 2.2533398 1.9293694 1.8415276 1.8415276 1.8698513 1.7470488 2.5215749 2.5619639 2.4960841 2.8320275 2.2921471 1.9000659 9.0000000 2.1434378 3.1643607 2.5463671 1.5392645 3.0397790 2.2414193 1.9963148 2.2454800 2.2454800 1.8246294 1.1710210 1.7575952 1.7669814 1.7272230 2.1362394 1.7794554 2.3479209 1.7962509 1.4880881 1.8623345 2.2168740 2.0648279 2.0628426 2.0164700 1.8519393 1.8519393 1.0610506 
Opea_EP00118_Oscarella_pearsei_P016324                  2.1321568 2.4093359 2.2536882 2.1946280 2.4626729 2.3877569 2.8693719 2.8625580 2.4547593 2.7553964 2.0990376 2.2438382 2.0074027 0.1723693 0.1455700 0.0000000 0.0971974 0.4236862 2.2893272 2.2118647 1.9934777 2.4386224 1.8985504 1.7032793 1.6604435 1.7431834 1.7580793 2.2286242 2.1086923 2.2327818 1.9122155 2.0037663 1.8981207 1.9660230 1.9739281 1.5676366 2.3280042 1.9920305 2.9036784 2.6732901 2.2363284 2.4860778 2.9865842 2.7422181 2.8786247 2.2283205 2.2749619 3.0847446 2.2005767 3.6437371 4.0745324 3.9025788 3.0696549 2.5516175 2.8413155 3.0278655 3.0526992 3.4575029 2.6727990 2.5287671 2.3465498 2.0857245 2.1446370 2.6016599 2.7640979 2.8952421 2.8690456 2.5854786 2.5854786 1.6438927 
Opea_EP00118_Oscarella_pearsei_P016328                  2.4420063 2.2755862 2.5405319 2.0290063 2.2427385 2.1335973 2.2572648 2.4674469 2.1046741 2.1254803 2.0639596 2.2793300 2.1562951 0.1883991 0.3871073 0.0971974 0.0000000 0.4344030 2.3166137 2.4083166 2.0607902 2.9806557 2.3106332 1.9530789 1.9157475 1.9090480 1.9273475 2.4589322 2.2849275 2.6884422 1.9500071 2.0985510 2.1146070 2.0899112 2.0766875 1.5826712 2.2210648 2.0436329 2.6800465 2.5173107 2.3272981 2.4149665 2.7894655 2.7018919 2.5934723 2.1751640 2.4894742 3.4484721 2.3470081 3.0029370 3.2197381 2.9893498 2.7436073 2.5092049 2.4331568 3.0706050 2.9032408 3.0691657 2.4538441 2.7960157 2.6480547 2.2621887 2.1708119 3.1115392 2.7262616 2.7025712 2.6897723 2.5377678 2.5377678 1.9697137 
Opea_EP00118_Oscarella_pearsei_P016326                  3.5222321 2.4717148 2.8544440 2.2003670 2.3117138 2.4348349 2.0886043 3.1898853 2.8189954 2.3888519 4.3593942 3.6251268 2.3396473 0.0648707 0.2191286 0.4236862 0.4344030 0.0000000 3.1381994 3.0586255 2.4555029 3.7422887 2.8417163 3.1155436 3.3319046 2.5771253 2.7781641 9.0000000 3.1634729 4.9668354 2.0974381 2.4774977 2.6379783 2.3401111 2.8010268 2.4473707 3.7666506 3.2224233 3.2190718 3.7095098 3.2180108 2.7548094 0.0000010 3.3031860 3.4103741 2.8479783 3.2479550 3.5098396 3.0123947 6.1712978 6.2387026 5.5820649 4.1985231 5.9654979 4.5482828 9.0000000 8.5046366 7.4549311 5.3682530 5.0162110 8.9999984 3.5709699 2.6189880 4.2072956 4.9727452 4.5538085 4.5538085 4.7661455 4.7661455 2.1735709 
Lcom_lcpid32962                                         2.2527920 2.6346129 2.1308741 1.6495955 2.0149674 1.8347831 2.0102359 1.8519732 1.7556834 2.0170047 2.0118853 2.1321869 2.0852741 2.5301921 2.0329033 2.2893272 2.3166137 3.1381994 0.0000000 0.3999919 0.4099879 0.6599992 1.8559664 1.8119960 1.8683857 1.8463451 1.8419003 2.3094966 1.8655457 2.1722848 1.9304806 1.7707389 1.9098180 1.9075384 1.7835456 2.2481973 2.3604077 2.2724922 1.8358087 2.4741125 2.6646534 2.1133035 3.6254474 2.2381261 2.4001125 2.3335461 2.0317024 2.6271689 2.2147802 3.2646862 3.2564073 3.1335970 2.4659618 2.3625796 2.5578705 2.3993954 2.4411687 2.8848661 2.4640484 2.6801433 2.7718996 0.8439640 1.9138941 2.3540271 2.5772352 2.6152919 2.5789758 2.7196673 2.7196673 1.5716811 
Gracom_Gcom_scaffold2419_01                             2.4047995 2.3531665 2.2556512 1.7387592 2.0395892 1.9479207 2.2515625 1.8337343 1.7410451 1.8773749 1.8876918 2.2528143 2.2660678 2.7844824 2.2282794 2.2118647 2.4083166 3.0586255 0.3999919 0.0000000 0.2117768 0.5200194 1.7088887 1.7979138 1.6329428 1.7775088 1.7404051 2.1860749 1.7632507 1.9849131 1.8792276 1.9105167 1.9588965 1.9729974 1.8467623 2.2437001 2.3328411 2.1389631 1.8728289 2.5155342 2.6543869 1.9681950 3.2015714 2.2225493 2.2822654 2.1830408 2.0188781 2.5018798 2.0395139 3.2344173 3.3548146 3.2819520 2.7329383 2.3947045 2.7742354 2.3514106 2.4245876 2.9447904 2.6465923 2.7556670 2.8822906 0.9567612 2.0423593 2.3600149 2.5849768 2.5891557 2.5537448 2.7003328 2.7003328 1.4345326 
Scil_scict010518.1                                      2.3453488 2.7241919 2.0058848 0.0000010 2.0802391 2.1298256 1.9887293 2.0536630 2.2835788 2.0725051 1.9893090 2.5889502 2.4967391 5.3782161 5.3782161 1.9934777 2.0607902 2.4555029 0.4099879 0.2117768 0.0000000 0.5040370 2.1796707 2.1514101 2.4192210 2.1284443 1.9313446 2.5465905 2.0150662 2.0742353 2.0010314 1.7792158 1.7523980 1.7854233 1.8098642 2.0992876 2.7234053 2.5881521 1.8711792 2.9545221 2.7828707 2.9280380 2.9280380 3.0670554 2.1585439 2.1387928 3.1050851 2.7145685 2.9142806 2.9333337 3.0037976 2.8132281 3.1209100 2.8500302 3.1444823 3.0935711 2.9831752 3.5573363 2.7836161 2.5535779 2.6699420 0.8724507 2.2870075 3.7245387 3.1636612 3.0770247 3.0955629 3.4240137 3.4240137 2.7576296 
Leuniv_Lniv_scaffold14141_01                            2.7083053 3.6338625 2.9085175 1.9115391 2.4702879 2.3273359 3.7634898 2.2809037 2.0252608 2.3568964 2.4258935 2.5961028 2.3369805 2.8019682 1.9117628 2.4386224 2.9806557 3.7422887 0.6599992 0.5200194 0.5040370 0.0000000 2.3677702 2.3087718 2.1230087 2.4402250 2.3278864 2.4632720 2.2451243 2.4925048 2.4921559 2.1982187 2.3882600 2.3883197 2.4770876 2.6432289 2.8139997 2.7168171 2.2186453 2.9547052 2.9843916 2.0759706 3.4862046 2.3991156 3.1238895 2.5945290 2.3274614 2.7159430 2.5273959 3.5242428 3.5980896 3.8802894 2.6171166 2.1895906 2.7154068 2.3459450 2.4563719 2.9894751 2.4623897 2.5733246 2.7151274 0.8668812 2.2946310 2.1637511 3.0023949 2.8563608 2.8064529 3.5619419 3.5619419 1.4333324 
Gasp_gasp1.m3.16928.m1                                  2.2449365 2.4084710 2.6091474 1.6458203 2.1349340 2.1962552 2.5202750 2.2640349 1.9408467 2.2977675 1.8512006 2.0090794 2.0492032 2.5089204 2.2740393 1.8985504 2.3106332 2.8417163 1.8559664 1.7088887 2.1796707 2.3677702 0.0000000 0.4923699 0.4065224 0.4219682 0.4821871 0.9775630 0.6584664 2.4764760 1.5520673 1.4855026 1.6359692 1.6097740 1.6763087 2.1036058 1.8268645 2.0410991 2.0564940 2.2641813 2.4663218 2.4157454 3.5439273 2.9416792 2.1649368 1.8860240 2.0158139 2.3487761 2.3072256 3.3764126 3.5724179 3.3388414 2.9737543 2.5481020 2.8760622 2.6689085 2.5785726 3.0686806 2.7216861 2.8827297 3.1938034 1.4894300 1.9160440 2.5502733 2.7311537 2.7974306 2.7781459 2.9219311 2.9219311 2.2810899 
Pocdam_XM_027192680.1                                   2.1590431 2.2451519 2.3131708 1.8549187 1.9436473 1.9651547 1.8279385 1.7683219 1.5122944 1.6477989 1.5364276 1.7830893 1.9036536 2.4343663 2.0248415 1.7032793 1.9530789 3.1155436 1.8119960 1.7979138 2.1514101 2.3087718 0.4923699 0.0000000 0.1996288 0.3087875 0.3552513 0.6684948 0.4667099 2.1747922 1.1974434 1.3564162 1.3813208 1.3637684 1.4017994 1.8299348 1.6914879 1.7880703 2.0617686 1.9882661 2.1092977 2.0111822 2.7179056 2.3964177 2.0866206 1.7624709 1.9150011 2.3030321 2.0762088 2.9463771 3.0658779 2.9350642 2.6434121 2.3996347 2.5513620 2.3329371 2.2632807 2.7958606 2.3365505 2.3726183 2.4474129 1.5514358 1.7373670 2.3575757 2.3717414 2.4013455 2.3979985 2.4415137 2.4415137 2.4882145 
Spis_XP_022785350_1                                     2.5123805 3.2376263 2.3945704 1.8370440 1.9537353 1.9618988 8.9999985 2.0049259 1.5333246 2.1277134 1.6897891 1.9392139 1.8459422 2.0325353 1.4947881 1.6604435 1.9157475 3.3319046 1.8683857 1.6329428 2.4192210 2.1230087 0.4065224 0.1996288 0.0000000 0.3910110 0.4539375 0.7998650 0.5723366 1.9574412 1.3082654 1.3788175 1.3812505 1.3812505 1.4054342 1.7692708 1.5183398 1.8549824 1.9877136 2.1368964 1.9649351 2.1441167 3.1080436 2.5156903 1.9801869 1.8809866 1.5791042 2.0816253 1.9529323 3.3353990 3.3693254 3.0573457 2.8499381 2.5208241 2.5457139 2.1727829 2.1650768 3.0790316 2.4196467 2.9104477 2.7941229 1.5460946 1.7417468 2.2361726 2.2047587 2.3063912 2.2617428 2.6744211 2.6744211 1.9796527 
Fspp_ffun1.m4.16130.m1                                  2.0913139 2.1368773 2.2232808 1.6770018 1.9023077 1.9446469 1.8802876 1.8027818 1.7137019 1.9416947 1.6672219 1.9249724 1.9410934 2.3314744 2.1542983 1.7431834 1.9090480 2.5771253 1.8463451 1.7775088 2.1284443 2.4402250 0.4219682 0.3087875 0.3910110 0.0000000 0.2941803 0.6104380 0.4101732 2.1308168 1.2585493 1.3933803 1.3732034 1.3553820 1.4993659 1.8608444 1.6561401 1.7680018 2.0222467 2.0334998 2.0330873 2.1990751 2.8838882 2.3907196 2.0746687 1.7417572 1.8019938 2.3658064 2.1059328 2.9096482 2.9990092 2.7863321 2.6036846 2.5807070 2.5687427 2.4872555 2.3995356 2.7184233 2.4568661 2.4477815 2.5647372 1.6343754 1.6952705 2.5065964 2.0436976 2.0845450 2.0817875 2.3088942 2.3088942 2.3566024 
Gfas_gfas1.m1.2002.m1                                   2.1156570 2.1361024 2.1098740 1.8042804 1.9194994 1.8110007 1.8576981 1.8214914 1.7424983 1.9330828 1.6140264 1.8605002 1.8961173 2.3283311 2.0287332 1.7580793 1.9273475 2.7781641 1.8419003 1.7404051 1.9313446 2.3278864 0.4821871 0.3552513 0.4539375 0.2941803 0.0000000 0.5331369 0.3270920 2.1294008 1.1671338 1.3066478 1.3057056 1.2928313 1.4238899 1.8254082 1.6297128 1.7026184 1.8765877 1.9724348 2.1069497 2.0817386 2.7471299 2.2188324 2.0938848 1.7316272 1.9883044 2.4766549 2.0553883 2.8724446 3.0389468 2.8715437 2.6005274 2.4300410 2.4812969 2.3042358 2.2503421 2.5679445 2.3744388 2.4194753 2.5530408 1.7394550 1.7485215 2.5485038 2.2110920 2.1737335 2.1708120 2.4443954 2.4443954 2.5365053 
Adig_XM_015897241.1                                     2.9261126 2.9906342 2.6119389 2.4240258 2.5259506 2.2408572 3.7785899 2.4518440 2.3136902 2.5741147 2.1295054 2.1523339 2.1266157 4.5355815 3.2899004 2.2286242 2.4589322 9.0000000 2.3094966 2.1860749 2.5465905 2.4632720 0.9775630 0.6684948 0.7998650 0.6104380 0.5331369 0.0000000 0.0811497 2.3059299 1.5280642 1.6449234 1.4876460 1.4876460 1.5462347 2.1852201 1.8293036 2.0927010 2.6565829 2.3511088 2.5314649 2.4743411 3.0072288 2.4635689 2.4680616 2.1597228 1.9608074 2.4748863 2.0558719 3.5355633 3.3782742 3.2681389 2.7207311 2.7609060 2.5515236 2.3571275 2.3283815 2.9700390 2.5811226 2.7310590 2.6859694 1.7884431 1.6718666 3.1979585 2.2880956 2.3484449 2.3028522 2.7306664 2.7306664 6.5663309 
Amil_Amillepora26542-RA                                 2.4881134 2.2958475 2.3760745 1.9949207 2.1281492 1.9060319 1.8700256 1.7672089 1.9121057 2.0159938 1.6542386 1.9022239 2.0171619 2.9482430 2.4871461 2.1086923 2.2849275 3.1634729 1.8655457 1.7632507 2.0150662 2.2451243 0.6584664 0.4667099 0.5723366 0.4101732 0.3270920 0.0811497 0.0000000 2.1953090 1.1855280 1.4192522 1.3928514 1.3816146 1.3596145 1.7691494 1.7511026 1.8860460 2.0063392 2.0800784 2.3593625 2.3162745 3.0409882 2.3190356 2.1256378 1.7176648 2.1317149 2.4450464 2.1485139 3.0731843 3.1282472 3.0756088 2.7276484 2.4451120 2.5889652 2.4481941 2.3788613 2.8265525 2.4733285 2.4331227 2.7843708 1.6530649 1.7223696 2.5655308 2.1433720 2.2056617 2.2025406 2.6146969 2.6146969 2.7002202 
Morvir_scaffold3.g69.t1                                 2.4885551 2.3801048 2.4999687 1.8017939 2.1331924 2.0824623 2.4715521 2.0938124 2.1345261 2.3970014 1.6106751 2.0145550 2.3007620 3.0563959 2.2270325 2.2327818 2.6884422 4.9668354 2.1722848 1.9849131 2.0742353 2.4925048 2.4764760 2.1747922 1.9574412 2.1308168 2.1294008 2.3059299 2.1953090 0.0000000 2.3359991 2.2720065 1.9640306 1.9474439 1.8205456 2.0720619 2.3770627 2.3711237 2.1816730 2.5544923 2.6095927 1.9990399 2.4890602 2.6412858 2.7465393 1.8666754 2.5291250 2.5788588 1.9876710 3.0142750 3.0736410 3.1559193 2.3466690 2.1625005 2.5639031 2.4196627 2.4679316 2.5858101 2.3160058 2.7706943 3.1287061 2.0810169 2.2373957 2.6023672 3.1394238 3.1819438 3.1466817 3.0578672 3.0578672 2.9601404 
Nvec_v1g241939                                          2.2831727 2.1181943 2.1768861 1.9895351 2.0160220 2.0757408 1.6743746 2.1818016 2.0029339 2.2594600 1.6375454 1.7548086 1.8985756 2.3788386 2.2533398 1.9122155 1.9500071 2.0974381 1.9304806 1.8792276 2.0010314 2.4921559 1.5520673 1.1974434 1.3082654 1.2585493 1.1671338 1.5280642 1.1855280 2.3359991 0.0000000 1.0374604 1.3478117 1.3680733 1.4815222 1.9369838 1.9619658 1.8785068 2.0262430 2.0895499 2.3452198 1.8915337 3.1073192 2.1960356 2.3903793 1.8176226 1.8940549 2.6135647 2.0376847 2.5583246 2.8728411 2.6599629 2.3562323 2.1150647 2.5200707 2.2494792 2.1348109 2.6053182 2.3367706 2.0520144 2.1428100 1.8807469 1.9642950 2.5748777 2.1199884 2.1548016 2.1554011 2.4512005 2.4512005 3.0840560 
Exapal_XM_021037510.2                                   2.5590841 2.3386592 2.3984422 2.1952502 2.2285970 2.0690207 2.1109659 2.1295761 2.0838838 2.2550422 1.7976848 1.9600593 2.0165573 2.2120302 1.9293694 2.0037663 2.0985510 2.4774977 1.7707389 1.9105167 1.7792158 2.1982187 1.4855026 1.3564162 1.3788175 1.3933803 1.3066478 1.6449234 1.4192522 2.2720065 1.0374604 0.0000000 1.4499922 1.4805816 1.5467979 1.9549295 2.1297176 2.0935716 2.1300922 2.6380384 2.6752495 2.0503497 3.1468177 2.2386898 2.4848838 2.0673600 2.2237657 3.0081726 2.3237798 2.9527960 3.0920160 2.9768101 2.6659398 2.1633319 2.5975857 2.5973204 2.5812006 2.6057937 2.5264873 2.5545168 2.5845517 1.9430326 1.9786079 2.8883579 2.6895547 2.7525169 2.7353868 2.9792671 2.9792671 2.7078977 
Dgig_XM_028547004.1                                     2.3596802 2.2399544 2.3522750 1.7212425 1.8654317 2.2001848 1.5749513 1.7100012 1.6975380 1.6590619 1.5540484 2.0516797 2.0199096 2.3164278 1.8415276 1.8981207 2.1146070 2.6379783 1.9098180 1.9588965 1.7523980 2.3882600 1.6359692 1.3813208 1.3812505 1.3732034 1.3057056 1.4876460 1.3928514 1.9640306 1.3478117 1.4499922 0.0000000 0.0063034 0.4711700 1.6509543 1.7953699 1.6977904 2.3258326 1.9782954 2.0777116 1.9176927 2.7594334 2.0085059 1.9417620 1.5733457 1.7116703 2.4482531 1.8817743 2.4795210 2.6757139 2.4658908 2.2032153 2.1383909 2.1663429 2.0422392 1.9889076 2.4891778 2.3239132 2.1742367 2.1707927 2.0736951 2.0809738 2.6604246 2.3078538 2.2895417 2.2805636 2.5063899 2.5063899 2.2256633 
Dgig_XM_028562011.1                                     2.2934092 2.1570974 2.2795483 1.7212425 1.8882817 2.0944768 1.5367928 1.6471816 1.6628723 1.5972635 1.5839320 2.0368752 2.0212284 2.3164278 1.8415276 1.9660230 2.0899112 2.3401111 1.9075384 1.9729974 1.7854233 2.3883197 1.6097740 1.3637684 1.3812505 1.3553820 1.2928313 1.4876460 1.3816146 1.9474439 1.3680733 1.4805816 0.0063034 0.0000000 0.4582007 1.6403558 1.7499244 1.6416200 2.3258326 1.9437911 2.0221268 1.9176927 2.7594334 1.9930285 1.9215476 1.5949287 1.7751451 2.5171178 1.8732158 2.4338448 2.5939394 2.4198433 2.2105129 2.1383909 2.2019134 2.0194397 2.0144265 2.5102691 2.2841853 2.1444209 2.1707927 2.0423993 1.9960325 2.6721181 2.4153520 2.4253125 2.4158068 2.5808748 2.5808748 2.2338658 
Xesp_021393-T1                                          2.4183440 2.3847655 2.5302398 1.6583016 1.8723426 1.8796899 1.6415934 1.7952068 1.7441090 1.8067136 1.6053731 1.9560488 1.9100245 2.3892527 1.8698513 1.9739281 2.0766875 2.8010268 1.7835456 1.8467623 1.8098642 2.4770876 1.6763087 1.4017994 1.4054342 1.4993659 1.4238899 1.5462347 1.3596145 1.8205456 1.4815222 1.5467979 0.4711700 0.4582007 0.0000000 1.6585651 1.6747111 1.7986471 2.2533374 2.0875795 2.2203655 2.0227364 2.7366819 2.0676436 2.0659098 1.7305267 1.9624305 3.0085555 1.9465917 2.8320611 2.8193796 2.6406041 2.5097585 2.0748299 2.2890939 2.3455106 2.3250394 2.8547635 2.4034964 2.3541971 2.4889061 2.0182591 1.8474820 2.7146841 2.4523127 2.5240483 2.4859785 2.6753357 2.6753357 2.8186974 
Plajan_Pjan_C553965_01                                  1.9640108 2.1277538 2.1257357 2.1200903 2.2460619 2.3241616 2.1627068 2.1997504 2.0235242 2.1572382 1.9104711 2.0144375 1.9988782 1.9861052 1.7470488 1.5676366 1.5826712 2.4473707 2.2481973 2.2437001 2.0992876 2.6432289 2.1036058 1.8299348 1.7692708 1.8608444 1.8254082 2.1852201 1.7691494 2.0720619 1.9369838 1.9549295 1.6509543 1.6403558 1.6585651 0.0000000 1.8365494 1.9104162 2.6169044 2.2098762 2.1560782 2.2610391 3.1861021 2.6376394 2.0387363 2.1459303 2.0581556 2.9176490 2.1975048 2.8160543 2.7471334 2.7288953 2.1201535 2.0381401 2.1189142 2.3195273 2.2598150 2.6298219 2.6953061 2.8181351 2.9401045 2.2480306 1.8478149 2.8773219 2.7867488 2.7584214 2.7809599 2.9237581 2.9237581 1.7212300 
Bralan_BLAG07001408_1                                   2.0190707 2.3740807 2.2839987 1.9967241 2.3497804 2.0789692 1.9054663 2.3279394 2.0452833 2.1208837 2.1093815 2.6504105 2.5066969 2.8913884 2.5215749 2.3280042 2.2210648 3.7666506 2.3604077 2.3328411 2.7234053 2.8139997 1.8268645 1.6914879 1.5183398 1.6561401 1.6297128 1.8293036 1.7511026 2.3770627 1.9619658 2.1297176 1.7953699 1.7499244 1.6747111 1.8365494 0.0000000 1.6302414 2.2008322 1.8099112 2.0035331 2.4027666 3.4265542 2.2417332 2.0059323 2.0155997 1.9503290 2.6960649 2.3299811 2.8200839 2.8105036 2.7486220 2.5630716 2.4686066 2.6661764 2.1681143 2.2176976 2.7246765 2.1720084 2.6091036 2.9502768 2.1375317 1.7402322 2.0246276 2.8578645 2.7483606 2.7419904 2.7786168 2.7786168 2.9987569 
Skow_XM_006817083.1                                     1.7849255 1.9151800 1.8427022 1.3041743 1.7784770 1.7253626 1.9108846 1.9304179 1.7015166 1.9692839 1.9129215 2.3239839 2.3941873 2.6032245 2.5619639 1.9920305 2.0436329 3.2224233 2.2724922 2.1389631 2.5881521 2.7168171 2.0410991 1.7880703 1.8549824 1.7680018 1.7026184 2.0927010 1.8860460 2.3711237 1.8785068 2.0935716 1.6977904 1.6416200 1.7986471 1.9104162 1.6302414 0.0000000 1.8172030 1.7442161 1.8607674 1.8839944 3.0326514 2.0344903 1.9167748 1.8063041 1.8988623 3.1890075 1.8357006 2.4173326 2.5681133 2.5183860 2.3411598 2.0136768 2.2964669 2.1208525 2.1036354 2.4845436 2.3922577 2.3833352 2.5617985 1.8891826 1.7667454 1.8797037 2.4592987 2.4719147 2.5296857 2.7672019 2.7672019 2.3635294 
Plespi_Pspi_scaffold17902_01                            2.5033161 2.1963340 2.7730723 1.4468858 1.9099339 2.0236543 0.0000010 1.6358467 1.3980318 1.7872530 1.8574001 2.2515544 2.3016000 2.2576534 2.4960841 2.9036784 2.6800465 3.2190718 1.8358087 1.8728289 1.8711792 2.2186453 2.0564940 2.0617686 1.9877136 2.0222467 1.8765877 2.6565829 2.0063392 2.1816730 2.0262430 2.1300922 2.3258326 2.3258326 2.2533374 2.6169044 2.2008322 1.8172030 0.0000000 2.4010499 2.3438640 1.5699586 3.0545765 1.7001730 2.3266748 2.1420539 2.0117727 1.9264397 2.3646364 3.2846443 3.4030731 3.4725045 2.9430783 2.3824110 2.5739829 2.6874430 2.6731831 2.9597434 3.0993870 2.9293211 2.8197696 2.0265026 2.1190116 2.5362931 2.4997975 2.4113722 2.3339561 2.4128439 2.4128439 2.0229171 
Acagra_model.g30432.t1                                  2.2399471 2.0712328 1.9453713 2.2352644 2.2156331 2.2276308 1.6839600 1.9105376 2.0475195 2.1059907 2.1886855 2.2113395 2.3211814 3.0993506 2.8320275 2.6732901 2.5173107 3.7095098 2.4741125 2.5155342 2.9545221 2.9547052 2.2641813 1.9882661 2.1368964 2.0334998 1.9724348 2.3511088 2.0800784 2.5544923 2.0895499 2.6380384 1.9782954 1.9437911 2.0875795 2.2098762 1.8099112 1.7442161 2.4010499 0.0000000 1.5160638 2.5387962 3.3824784 2.4259008 1.3165900 2.0826315 2.0054544 2.5242277 2.3270630 2.9999312 3.0626191 2.9681077 2.5808734 2.7646661 2.6357535 2.5912049 2.5710958 2.8195871 2.4441221 2.6827756 2.7987509 2.4900211 2.0933888 2.3330976 2.5687786 2.3835815 2.3783896 2.5766225 2.5766225 2.6575322 
Ctel_gnl_WGS_AMQN_CAPTEDRAFT_mRNA221578                 2.0459542 2.2413761 1.8706658 2.1695695 2.3873621 2.0197315 2.4482119 2.3081864 2.3698832 2.7020084 2.2696432 2.5783112 2.6911101 2.6644876 2.2921471 2.2363284 2.3272981 3.2180108 2.6646534 2.6543869 2.7828707 2.9843916 2.4663218 2.1092977 1.9649351 2.0330873 2.1069497 2.5314649 2.3593625 2.6095927 2.3452198 2.6752495 2.0777116 2.0221268 2.2203655 2.1560782 2.0035331 1.8607674 2.3438640 1.5160638 0.0000000 2.4460370 2.6836415 2.6403157 1.5088126 2.0016926 1.9952108 2.3429298 2.2555310 2.8123650 2.7635644 2.7673464 2.7114400 3.2667687 2.6297411 2.6109268 2.5636034 2.9336551 2.3524551 2.6739154 2.7830958 2.4997586 2.0827649 1.9309399 2.4692904 2.3616290 2.3697392 2.5255949 2.5255949 3.2707300 
Spolac_c96728_g2_i2_m.13630c96728-g2NA                  2.2083835 2.5191806 2.4385419 1.6324956 1.7039785 1.5886265 0.1610916 1.4091232 1.2191520 1.5243801 1.9769255 2.3163109 2.8460866 2.0007881 1.9000659 2.4860778 2.4149665 2.7548094 2.1133035 1.9681950 2.9280380 2.0759706 2.4157454 2.0111822 2.1441167 2.1990751 2.0817386 2.4743411 2.3162745 1.9990399 1.8915337 2.0503497 1.9176927 1.9176927 2.0227364 2.2610391 2.4027666 1.8839944 1.5699586 2.5387962 2.4460370 0.0000000 0.1141151 0.5262703 2.2528513 2.1499911 2.0268932 2.1637190 2.1714920 3.0940760 2.9484427 3.1958762 2.2010211 1.9273080 1.8039360 1.9096500 1.8947911 2.4615569 2.1903055 2.2816274 2.2838734 1.8856740 2.1321349 2.1977771 2.8772722 2.9819008 2.8967252 2.8794923 2.8794923 1.4800463 
Spolac_c96728_g2_i1_m.13629c96728-g2NA                  2.8305542 3.3670593 4.2271234 9.0000000 2.5396128 2.8465807 0.1610916 2.1229339 2.0156133 1.7624510 3.1703095 4.3770162 4.1475926 9.0000000 9.0000000 2.9865842 2.7894655 0.0000010 3.6254474 3.2015714 2.9280380 3.4862046 3.5439273 2.7179056 3.1080436 2.8838882 2.7471299 3.0072288 3.0409882 2.4890602 3.1073192 3.1468177 2.7594334 2.7594334 2.7366819 3.1861021 3.4265542 3.0326514 3.0545765 3.3824784 2.6836415 0.1141151 0.0000000 0.9001525 2.8049962 3.6516151 2.7937930 9.0000000 3.3966915 5.8930797 5.0176559 5.8726278 3.4216494 2.4623447 2.4675785 2.6594679 2.6158294 4.6493911 3.1010665 3.9227464 4.0994030 3.8351214 3.4890969 5.6666368 5.9213354 6.5005783 6.4615358 6.3365785 6.3365785 8.9999984 
Emue_Em0015g918a.t1                                     2.5054767 3.1213020 2.4601700 1.7974216 1.7449560 1.5938058 0.5507933 1.4259889 1.3103509 1.4421941 2.1952760 2.3577433 2.7060372 2.2793853 2.1434378 2.7422181 2.7018919 3.3031860 2.2381261 2.2225493 3.0670554 2.3991156 2.9416792 2.3964177 2.5156903 2.3907196 2.2188324 2.4635689 2.3190356 2.6412858 2.1960356 2.2386898 2.0085059 1.9930285 2.0676436 2.6376394 2.2417332 2.0344903 1.7001730 2.4259008 2.6403157 0.5262703 0.9001525 0.0000000 2.2913419 2.1286309 2.1959907 2.4180367 2.3987890 3.0730633 3.0537196 3.0004958 2.4638755 2.3382731 2.2185101 2.3576778 2.2928961 2.5465768 2.6881945 2.9170482 3.1910587 2.3009035 2.3727853 2.5681417 2.6783754 2.9817870 2.9080187 2.6574137 2.6574137 1.5306387 
Cgig_XM_011424008.3                                     2.1170831 2.2041656 1.7998288 2.0125887 2.3353003 1.9172678 1.9033989 2.0031367 2.2758304 2.3153406 1.9652976 2.1808731 2.3362143 3.1952972 3.1643607 2.8786247 2.5934723 3.4103741 2.4001125 2.2822654 2.1585439 3.1238895 2.1649368 2.0866206 1.9801869 2.0746687 2.0938848 2.4680616 2.1256378 2.7465393 2.3903793 2.4848838 1.9417620 1.9215476 2.0659098 2.0387363 2.0059323 1.9167748 2.3266748 1.3165900 1.5088126 2.2528513 2.8049962 2.2913419 0.0000000 2.1978316 2.2815644 2.6423645 2.3094012 2.7839495 2.8683821 2.8097573 2.4837253 2.8148511 2.4668137 2.6587086 2.5990227 2.6357567 2.3289550 2.7726612 2.7606758 2.4963052 2.0621544 1.9144258 2.5510793 2.5355694 2.5625437 2.7205975 2.7205975 2.3118729 
Chem_TCONS_00020152                                     2.3991726 1.8588300 2.3350581 1.8054046 1.8605695 1.9864293 1.8349074 1.8895951 2.1516884 2.1455013 1.7180122 2.2708985 2.3904736 2.8292728 2.5463671 2.2283205 2.1751640 2.8479783 2.3335461 2.1830408 2.1387928 2.5945290 1.8860240 1.7624709 1.8809866 1.7417572 1.7316272 2.1597228 1.7176648 1.8666754 1.8176226 2.0673600 1.5733457 1.5949287 1.7305267 2.1459303 2.0155997 1.8063041 2.1420539 2.0826315 2.0016926 2.1499911 3.6516151 2.1286309 2.1978316 0.0000000 2.1620979 2.2193685 1.7720109 2.5478681 2.8923089 2.7825163 2.4408920 2.1102994 2.3855663 2.3640729 2.2287097 2.3943485 2.1714287 2.2587227 2.5426195 1.9366775 1.7823221 2.4918612 2.6772255 2.5426680 2.4990730 2.4862273 2.4862273 2.4697568 
Spur_XM_030977767.1                                     2.1436165 2.8135122 2.5082169 1.8414857 2.1583000 2.2571903 3.9795171 2.0543349 2.1060133 2.5189742 2.0252960 2.0150882 2.1466676 2.0039415 1.5392645 2.2749619 2.4894742 3.2479550 2.0317024 2.0188781 3.1050851 2.3274614 2.0158139 1.9150011 1.5791042 1.8019938 1.9883044 1.9608074 2.1317149 2.5291250 1.8940549 2.2237657 1.7116703 1.7751451 1.9624305 2.0581556 1.9503290 1.8988623 2.0117727 2.0054544 1.9952108 2.0268932 2.7937930 2.1959907 2.2815644 2.1620979 0.0000000 2.7078058 2.3458205 2.4008967 2.3850424 2.3199848 2.4061413 2.1302031 2.3484706 2.1261763 2.3605606 2.9704008 2.6239234 2.1390148 1.9841156 1.9531402 2.0390107 2.4130114 2.3853824 2.6021453 2.5500404 2.6274814 2.6274814 2.1804298 
Aaur_scaffold302.g10.t4                                 3.3034367 3.9202715 2.8143191 1.6234671 2.5847506 2.7618796 3.9848408 2.1083430 2.3604814 3.2219672 1.9104624 2.3751479 2.0507386 3.0479934 3.0397790 3.0847446 3.4484721 3.5098396 2.6271689 2.5018798 2.7145685 2.7159430 2.3487761 2.3030321 2.0816253 2.3658064 2.4766549 2.4748863 2.4450464 2.5788588 2.6135647 3.0081726 2.4482531 2.5171178 3.0085555 2.9176490 2.6960649 3.1890075 1.9264397 2.5242277 2.3429298 2.1637190 9.0000000 2.4180367 2.6423645 2.2193685 2.7078058 0.0000000 2.2329410 3.0860589 3.1316755 2.9851970 2.5156118 2.2065729 2.2907059 2.4378320 2.5250575 2.5837210 2.7746811 2.7943024 2.5550527 2.1960866 2.2996251 2.0992974 2.1538615 2.2176770 2.2174417 2.4427526 2.4427526 2.6922202 
Hvul_g15138_1                                           2.4245904 2.4333827 2.5266345 1.5917153 2.0556967 2.1617377 2.2801117 2.3513577 2.5264805 2.6291914 2.0660880 1.9045602 1.9560241 2.7246508 2.2414193 2.2005767 2.3470081 3.0123947 2.2147802 2.0395139 2.9142806 2.5273959 2.3072256 2.0762088 1.9529323 2.1059328 2.0553883 2.0558719 2.1485139 1.9876710 2.0376847 2.3237798 1.8817743 1.8732158 1.9465917 2.1975048 2.3299811 1.8357006 2.3646364 2.3270630 2.2555310 2.1714920 3.3966915 2.3987890 2.3094012 1.7720109 2.3458205 2.2329410 0.0000000 2.4038800 2.9161079 2.6233683 2.4656236 2.2865528 2.6298691 2.2486616 2.3723468 2.3318641 2.3678125 2.6597320 2.3152091 1.9380692 2.1881188 2.5276203 2.5776639 2.5103783 2.4616414 2.7075831 2.7075831 1.8977036 
Horcal_Hcv1.av93.c3.g1074.i1                            2.7509846 3.3777599 3.0305603 2.7000374 2.7429609 2.8765280 2.8091000 3.2559592 3.2752821 3.3677269 2.8101629 2.7562582 2.8695148 2.6387826 1.9963148 3.6437371 3.0029370 6.1712978 3.2646862 3.2344173 2.9333337 3.5242428 3.3764126 2.9463771 3.3353990 2.9096482 2.8724446 3.5355633 3.0731843 3.0142750 2.5583246 2.9527960 2.4795210 2.4338448 2.8320611 2.8160543 2.8200839 2.4173326 3.2846443 2.9999312 2.8123650 3.0940760 5.8930797 3.0730633 2.7839495 2.5478681 2.4008967 3.0860589 2.4038800 0.0000000 0.1403382 0.1391440 0.9658229 1.3052319 1.0758996 0.9246047 0.9131786 0.9727518 1.0030720 1.5123958 1.7776794 2.4835711 2.4601977 2.7708253 2.5588339 2.8139232 2.8139232 2.7500903 2.7500903 4.9023195 
Pbac_sb2664575                                          2.7239643 3.2313940 3.0788583 3.1297607 3.0254637 2.8747313 3.0700887 3.4365836 3.2456096 3.2488388 2.8737724 2.7214331 2.7956644 2.9558649 2.2454800 4.0745324 3.2197381 6.2387026 3.2564073 3.3548146 3.0037976 3.5980896 3.5724179 3.0658779 3.3693254 2.9990092 3.0389468 3.3782742 3.1282472 3.0736410 2.8728411 3.0920160 2.6757139 2.5939394 2.8193796 2.7471334 2.8105036 2.5681133 3.4030731 3.0626191 2.7635644 2.9484427 5.0176559 3.0537196 2.8683821 2.8923089 2.3850424 3.1316755 2.9161079 0.1403382 0.0000000 0.0594686 0.9489453 1.2414041 1.0234310 0.9388737 0.9462771 1.0803541 0.9793750 1.4650982 1.7455501 2.6064670 2.5383908 2.6885173 2.7240285 2.9777626 2.9777626 3.0147987 3.0147987 4.6489577 
Pbac_sb2662703                                          2.7188150 3.2451417 2.9340158 3.0354711 2.8331063 2.6979695 2.9048452 3.2516162 3.2264750 3.3035046 2.9226218 2.6427335 2.6960726 2.6636004 2.2454800 3.9025788 2.9893498 5.5820649 3.1335970 3.2819520 2.8132281 3.8802894 3.3388414 2.9350642 3.0573457 2.7863321 2.8715437 3.2681389 3.0756088 3.1559193 2.6599629 2.9768101 2.4658908 2.4198433 2.6406041 2.7288953 2.7486220 2.5183860 3.4725045 2.9681077 2.7673464 3.1958762 5.8726278 3.0004958 2.8097573 2.7825163 2.3199848 2.9851970 2.6233683 0.1391440 0.0594686 0.0000000 0.9301573 1.3212548 1.0614353 0.9005727 0.8990296 1.0729385 0.9584800 1.4978306 1.7489158 2.7002891 2.3622101 2.7619452 2.7035872 2.9330154 2.9330154 2.8539011 2.8539011 4.2513059 
