106
Dpul_mRNA27143                                        0.0000000 0.8510938 1.0862735 1.7551154 1.4334268 9.0000000 1.4779412 1.0390902 1.1636228 1.4587356 1.2021381 2.1429519 1.3821662 1.4686046 1.5105598 1.4146722 1.4437977 1.3384504 1.1713682 1.6417246 1.6521285 1.7918423 1.6320578 1.6624966 1.7836069 1.6921573 1.6115574 1.1513413 1.4471203 1.5203914 1.8595151 1.6049451 1.5587434 1.6765664 1.6759342 1.7327462 1.6197031 1.6348420 1.1361128 1.5508049 1.6538387 1.6538387 1.7171152 1.7171152 1.6958282 1.6775213 1.6491330 1.4996549 1.2224136 2.1390829 1.8606030 1.8947725 1.9157646 1.3138919 1.7620047 1.7490194 3.0494514 2.6344875 1.4340905 1.9140375 1.7971798 1.8068509 2.0058303 2.0945578 1.6679128 1.8755007 1.7342594 1.9768679 1.5794182 1.4087295 2.1261885 1.8763337 2.6197881 2.8454844 2.4893992 2.6640649 2.5066989 2.2779837 2.3443185 2.1992142 2.3632515 2.7646120 2.7141382 2.7756083 2.6126558 2.8075937 2.8200482 1.8197053 2.8168649 2.5378276 2.6900878 2.8710199 2.8009045 2.7891878 3.1403501 2.8104938 2.5729148 2.5706234 2.5195103 2.5851684 4.5461841 2.6611503 2.6562033 3.2538298 4.1600304 6.6833434 
Dpul_mRNA14913                                        0.8510938 0.0000000 0.6554976 1.5388645 0.0000010 0.0000010 2.8590551 0.0672144 0.0000010 0.0984167 0.7892458 1.6975570 1.3111515 1.2237716 0.9930887 1.1691811 1.1322965 1.0153516 1.2470402 1.1832832 1.1502497 1.1744606 1.4448784 1.5161270 1.2929121 1.1951662 1.3493503 1.0330625 1.3721060 1.9020782 1.3669336 1.2671036 1.1972229 1.4422519 1.2052627 1.0465963 1.1686601 1.2640998 1.0655609 1.1698695 1.4183601 1.4183601 1.4734239 1.4734239 1.4679917 1.3482026 1.4412559 0.0000010 1.1605318 1.7304773 1.3357570 1.5359050 1.4842371 1.1445785 1.2948155 1.5297208 2.4617759 2.4915254 1.0554072 1.7163144 1.6285848 1.6285848 1.9846010 1.7409130 1.8353624 1.5367893 1.3945025 1.5920240 1.2992689 1.0741704 1.7051025 1.6268946 1.9892875 2.1045739 1.9151181 2.0297216 1.9790950 2.0346677 2.0119671 1.8102471 1.8167821 1.8732248 1.8732248 1.9454028 1.7809236 1.9933742 1.9951335 1.4907899 1.7938658 1.7885422 2.1761289 2.1298328 2.2175885 2.2642377 2.4379177 2.2199849 2.0836090 2.0966083 1.8349423 2.3530924 3.7082113 0.0000010 3.5298463 3.0204645 4.6347013 5.9713323 
Tcas_TC015223_001                                     1.0862735 0.6554976 0.0000000 1.4102361 0.9456911 8.7200419 1.6966080 0.8008171 1.1559894 1.1233031 1.4223004 1.4387737 1.1788934 1.2941708 1.2852666 1.1335092 1.3490192 1.2260618 1.0201531 1.5894639 1.5893666 1.5097287 1.7600899 1.7358556 1.6989861 1.5258062 1.6208597 0.9876570 1.4983392 1.7506648 1.6153389 1.4119087 1.3995243 1.8359705 1.5138695 1.4581009 1.4770087 1.3862420 1.2157600 1.3976708 1.4054164 1.4054164 1.4018288 1.4018288 1.4214002 1.3977181 1.3765631 2.2058154 1.2031426 1.7688631 1.6467089 1.8903472 1.8123245 1.1322908 1.6267323 1.4707979 2.4596272 2.3489760 1.3759513 1.8774427 1.8300464 1.8282749 2.0416335 1.8387691 1.8483858 1.9163846 1.5334153 1.8156923 1.5970846 1.3882965 1.9275065 1.8208349 2.1593988 2.2681547 2.0719109 2.2321818 2.1429120 1.9659770 2.1362465 1.8784645 2.0051394 2.1830084 2.1175514 1.9957100 1.9838023 2.0283359 2.0148260 1.6028769 2.5807038 2.4872606 2.3977992 2.5852154 2.5910276 2.5363111 2.7759016 2.3513848 2.2644735 2.2701435 2.2839522 2.4010286 3.6702573 2.9758658 2.2854337 2.4777372 4.1030806 7.4313717 
Dpul_mRNA9084                                         1.7551154 1.5388645 1.4102361 0.0000000 0.0146830 0.0000010 0.0773908 0.2239807 0.0882416 0.8162501 1.8225919 1.8985389 1.9133412 2.1373588 2.1164098 2.1834496 2.3420345 2.0088065 7.5126991 2.4463521 2.3928085 2.8400572 2.7281880 2.8681866 2.8272017 2.6051466 2.3299982 2.7939851 2.4217279 3.1299206 2.5122570 2.4153074 2.5361172 2.8108817 2.1469055 2.4332815 2.2472296 2.3957493 3.8662032 2.3006884 2.3423049 2.3423049 2.2855061 2.2855061 2.2902352 2.2585435 2.2941869 3.1935461 2.8613714 2.2655502 2.7046823 2.6398206 2.6435094 2.2693618 2.5147983 2.3632171 3.4094180 2.6614639 2.0441528 2.8055301 2.8651771 2.9304066 2.6769499 2.8301117 3.1651185 2.9668937 2.4461767 2.4090685 2.4898999 2.0045290 2.9433812 2.8305150 3.4368634 3.7244487 3.3654775 3.5736425 3.4774981 3.0579422 3.0591149 3.0874132 3.4236872 3.9364176 3.5732595 3.6952334 3.3061044 3.4704127 3.5712695 2.7064850 2.4768239 2.4238364 3.2663726 3.6637319 3.1269068 3.1576028 3.1843263 3.1168776 3.1345009 3.1531214 3.0665896 2.8275149 4.5397663 2.7999924 3.1480454 2.6619524 6.5735275 8.9806637 
Dpul_mRNA14912                                        1.4334268 0.0000010 0.9456911 0.0146830 0.0000000 0.0000010 0.0270921 0.0199741 0.0167756 0.3314958 1.1946633 1.8121964 1.2041603 1.4818417 1.2864385 1.4815362 1.5049771 1.6681790 0.0000010 2.1430802 2.1089206 2.7533344 2.1170394 2.1989921 2.4902874 2.3827688 2.1205242 0.0000010 2.0738207 0.0000010 2.3595468 1.6969715 1.8544560 2.3282937 1.7927096 1.5423830 1.8347731 1.7105012 0.0000010 1.5378940 1.6625801 1.6552619 1.5157442 1.5157442 1.5856137 1.7563171 1.8023049 2.7599453 0.0000010 1.5033202 2.1072495 2.0428535 2.1663949 0.0000010 1.9343356 1.1072479 3.3953394 1.9888325 1.3395179 2.5149441 2.4116856 2.5006200 1.9859567 2.3212810 2.0170580 2.1827003 1.8396015 1.6169394 1.8564842 1.6042689 2.4105762 2.3488171 3.0493191 3.1327849 2.9775518 3.0844851 2.8357588 2.4317991 2.4317991 2.4993454 2.4993454 3.2358559 2.6089790 2.6920721 2.8515120 2.6629610 2.6977146 2.3342834 2.3498198 2.3410142 3.1640402 3.1323528 2.6119563 3.1380609 3.1380609 3.1507275 3.2488627 3.2697690 3.2258485 3.0312792 4.0740836 2.8733869 2.6420908 2.3849813 5.0182122 8.7886750 
Dpul_mRNA9081                                         9.0000000 0.0000010 8.7200419 0.0000010 0.0000010 0.0000000 0.0000010 0.0000010 0.0000010 0.0000010 7.8577760 0.0000010 0.0000010 0.0000010 9.0000000 9.0000000 9.0000000 8.7200419 0.0000010 6.6555917 3.1652660 9.0000000 0.0000010 0.0000010 7.4645409 7.4645409 3.1652660 0.0000010 7.4645409 0.0000010 9.0000000 6.6555917 6.6555917 9.0000000 6.6555917 6.6555917 1.5624027 0.6552942 0.0000010 0.0000010 0.0000010 0.0000010 0.0000010 0.0000010 0.0000010 0.0000010 0.0000010 0.0000010 0.0000010 2.1362492 1.0007260 0.0000010 9.0000000 0.0000010 9.0000000 0.0000010 6.6555917 9.0000000 0.0000010 9.0000000 9.0000000 9.0000000 9.0000000 9.0000000 1.2489140 0.0000010 9.0000000 0.0000010 6.6555917 6.6555917 9.0000000 9.0000000 9.0000000 9.0000000 1.2489140 1.2489140 9.0000000 9.0000000 9.0000000 9.0000000 9.0000000 9.0000000 9.0000000 9.0000000 9.0000000 9.0000000 9.0000000 9.0000000 1.8186861 1.8186861 9.0000000 9.0000000 9.0000000 9.0000000 9.0000000 9.0000000 9.0000000 9.0000000 9.0000000 9.0000000 0.0000010 9.0000000 6.6555917 6.6555917 6.6555917 0.0000010 
Dpul_mRNA4204                                         1.4779412 2.8590551 1.6966080 0.0773908 0.0270921 0.0000010 0.0000000 0.0933900 0.0000010 1.1490282 1.9920057 4.7957692 2.2325117 2.4266422 2.8532712 2.8141314 2.9778389 2.5874403 6.6537136 2.9152174 2.9889747 3.6134290 2.9683966 3.3677255 3.3195875 3.6713400 2.5752299 1.6942851 2.9539123 0.0000010 3.9081988 2.8791782 3.0204401 2.8971154 2.9416930 2.7761321 2.5699260 2.6967046 2.7529410 2.4728258 2.9971501 2.9860951 2.6043585 2.6043585 2.6051748 2.9737827 3.0299172 2.9834018 1.8323137 2.8343953 2.9229528 2.6594402 2.5890574 0.8747390 3.3893619 4.1217336 4.9172948 3.0997190 2.5075508 2.8738433 2.7961276 2.9428541 3.0643716 4.4944112 3.2138885 3.5463591 3.4007364 2.3117074 2.8755030 1.9484313 3.9816428 2.8179277 4.2070543 5.3078721 3.8311090 4.9812235 4.7047404 2.9808509 3.0302879 3.4610028 4.9862630 5.0609184 4.0511080 3.8484847 5.7868701 3.5729758 3.8398344 2.9733001 3.7803785 3.7197753 3.0523864 4.5612043 2.9633049 3.2704779 4.2159243 3.5583083 2.9824406 2.9313677 2.9743401 3.4950844 3.3945122 4.1682616 4.1143423 4.1843654 6.0682330 8.9999983 
Dpul_mRNA9079                                         1.0390902 0.0672144 0.8008171 0.2239807 0.0199741 0.0000010 0.0933900 0.0000000 0.0520737 0.3171769 1.1242197 1.5817000 1.1922301 1.3868802 1.2720211 1.3739806 1.5223845 1.2177490 1.3380778 1.5295636 1.5346568 1.6952966 1.6657377 1.8062215 1.7986530 1.7051626 1.4969818 0.9589240 1.5558407 0.0000010 1.6915669 1.4945602 1.4909027 1.9299355 1.4836418 1.4286847 1.5440655 1.5196086 1.2569705 1.4696080 1.4035010 1.4007083 1.3750539 1.3750539 1.4071520 1.4140509 1.4623524 2.9836811 1.2649426 1.6519260 1.6225123 1.6946802 1.7468550 0.9736903 1.6249611 1.3729759 3.1315607 2.3983986 1.2829580 1.9488136 1.8454540 1.8623283 2.0367587 2.1275278 2.0270941 1.9608549 1.7017232 1.6258729 1.6525906 1.3428189 1.9199424 1.8003246 2.2841205 2.4516856 2.2124788 2.3503647 2.2447413 2.0962183 2.1292547 2.0107609 2.2063165 2.3525441 2.1391753 2.1728333 2.1605216 2.0902842 2.1149439 1.7774103 2.3716632 2.3892330 2.2906197 2.4765846 2.1519790 2.2667443 2.5044485 2.3875423 2.2740281 2.2709623 2.1673174 2.3195452 3.3608343 2.9451661 2.7266594 2.7353388 4.7634673 7.1524690 
Dpul_mRNA3033                                         1.1636228 0.0000010 1.1559894 0.0882416 0.0167756 0.0000010 0.0000010 0.0520737 0.0000000 0.6976437 1.2525728 5.8691938 4.1721579 2.6141322 3.1941667 3.5818392 2.3890633 4.0720840 0.0000010 3.5722438 3.3404047 4.5925749 4.3761220 3.4764239 3.8394053 4.0704202 4.0244322 0.0000010 3.1539278 8.9999988 4.2158240 2.6835547 2.9444515 2.7552780 3.4597120 3.1901824 2.8226878 2.5273361 0.0000010 2.2571024 5.3658459 5.6926442 4.1810073 4.1908789 5.1830689 5.1616656 5.2576670 3.6910203 0.0000010 1.9584550 4.0874082 4.8691291 4.5093725 0.0000010 4.6044591 0.0000010 5.3982892 0.0000010 2.8662290 4.5256145 4.6223139 4.4944105 2.6352730 4.3039023 4.0781734 3.8352190 3.1863062 2.2630309 2.4842666 1.9144741 3.1207757 3.1207757 5.5859654 5.7228049 6.2062636 5.3723064 5.4573930 3.8128690 4.2321432 4.5262463 5.1176801 6.2174359 4.4891521 4.8918988 5.3151216 5.5746385 5.0666028 4.1630234 4.3184507 4.3184507 4.4662165 4.5314872 4.1296317 5.1853870 5.1853870 5.4790924 4.7091403 4.7911676 4.3690019 5.3281719 5.8104746 5.6314213 3.9589841 2.8883907 6.1706254 8.9999987 
Dpul_mRNA3651                                         1.4587356 0.0984167 1.1233031 0.8162501 0.3314958 0.0000010 1.1490282 0.3171769 0.6976437 0.0000000 1.3628136 1.4596346 1.5439027 1.8474020 1.6173735 1.8311376 1.8633757 1.8040730 1.4299043 2.0251751 1.9430448 2.1474142 2.0738590 2.1642803 2.1703473 2.1006075 2.1685755 1.2077011 1.9336757 4.0481469 2.1378529 2.0263004 1.9273210 2.6576498 2.0270363 2.1057590 1.9449250 1.9816052 1.5828533 1.6864353 2.0492382 2.0559772 2.0172329 2.0206797 2.0656244 2.0103637 2.0619151 3.7049571 1.8100190 2.2838717 2.1509317 2.2578178 2.3382775 1.5585231 2.2311914 1.5738068 3.0158291 2.9908173 1.6079784 2.4069958 2.3978761 2.4322900 2.3027863 2.5740814 2.8048759 2.2626678 1.9734483 1.8880627 1.8752472 1.7715739 2.0652319 2.1976830 2.7216481 2.8268014 2.8094447 2.7116849 2.6892690 2.6392919 2.6202823 2.3901634 2.6103734 3.0319864 2.6251592 2.4971674 2.5759723 2.9448143 2.7906477 2.3584644 3.2451305 3.3250221 2.9064350 2.8322993 2.8267885 3.0501481 3.0718868 2.9944891 2.9227644 2.8856988 2.5768446 3.1618352 3.9361168 4.4632136 3.5521754 3.3293361 5.8024409 7.9263265 
Dpul_mRNA27142                                        1.2021381 0.7892458 1.4223004 1.8225919 1.1946633 7.8577760 1.9920057 1.1242197 1.2525728 1.3628136 0.0000000 1.8067320 1.6883941 1.7230059 1.7544267 1.8945959 1.7110573 1.7076104 1.7358383 1.9524752 1.9351465 2.0996875 2.1421103 2.1755240 2.2668740 2.0908784 2.1848800 1.5155472 1.9633609 2.2346314 2.2255248 1.9518671 1.8640639 2.1547106 2.0127478 2.0740340 1.8998145 1.9266306 1.7844624 1.6859633 1.8455428 1.8563529 1.8583420 1.8583420 1.8318546 1.8602595 1.8817509 2.3648619 1.3881690 2.0114369 1.9160826 2.2320022 2.1280081 1.3109802 2.1677855 1.7811286 3.6711227 2.5953409 1.8929770 2.2760690 2.0345314 1.9513842 2.4241400 2.3159268 2.4323088 2.3902427 2.2178969 1.9125323 1.4039823 1.3620017 2.1879231 2.0651208 2.7916551 2.9251854 2.7292805 2.8439248 2.6800697 2.4489724 2.5346945 2.2557934 2.3862352 2.5801221 2.3969325 2.4083937 2.4154471 2.5351695 2.5558607 2.0083445 2.5674597 2.2416807 3.0797723 3.2255832 3.2063841 3.4540796 3.6059196 3.0753506 2.9957834 2.9781275 2.8866303 2.9151140 4.9485074 2.6859136 3.2204142 3.0970178 5.3806137 6.0724936 
Cscu_XM_023371855.1                                   2.1429519 1.6975570 1.4387737 1.8985389 1.8121964 0.0000010 4.7957692 1.5817000 5.8691938 1.4596346 1.8067320 0.0000000 0.0242797 0.7632909 0.8783461 1.0880041 1.3679792 1.0803025 9.0000000 1.5051821 1.4703723 1.5196942 1.7379343 1.8805852 1.9414062 1.5739575 1.2557741 2.2478712 1.1635885 0.0000010 1.4042960 1.3254207 1.2087608 1.7693659 1.3747979 1.8168510 1.2868029 1.0669718 0.0000010 1.2549581 1.2305125 1.2305125 1.3738136 1.3738136 1.3025777 1.2571370 1.2939380 2.1857027 0.0000010 1.5188700 1.4599332 1.7716875 1.8130229 0.0000010 1.6869570 1.5076355 2.5360594 2.7581854 1.2538787 2.1309427 2.0494854 2.0494854 2.1274113 1.5356181 1.9400252 1.6601872 1.5063616 1.6573943 2.1686610 2.3650234 1.6023576 1.5904886 3.1643009 3.1824384 2.9975922 3.1845318 2.9658987 3.0259557 3.1062480 2.7699168 2.8147500 2.7213462 2.6905842 2.8819371 2.4391467 2.5614439 2.5548574 2.0496830 3.2692570 2.4658319 2.4335767 2.3692667 2.2624554 2.1588547 2.1588547 2.4855006 2.4052565 2.4298486 2.3059080 2.0840830 2.3273696 4.0989084 2.1808632 2.9286817 6.6943914 4.4732656 
Cscu_XM_023374739.1                                   1.3821662 1.3111515 1.1788934 1.9133412 1.2041603 0.0000010 2.2325117 1.1922301 4.1721579 1.5439027 1.6883941 0.0242797 0.0000000 0.8821403 1.0635844 1.0643930 1.1467920 0.9180371 1.3828588 1.3776618 1.3457806 1.3821470 1.4884361 1.6236246 1.5561440 1.3705134 1.2759988 1.2804741 1.2416797 1.8573901 1.2020811 1.3248853 1.1452409 1.6185910 1.3363340 1.2736310 1.3004069 1.2427630 1.4407319 1.2632353 1.1021209 1.1021209 1.1380186 1.1380186 1.1046272 1.0644718 1.0823974 0.4888233 1.2021367 1.3797421 1.3390622 1.4667168 1.5360971 1.0706632 1.4812923 1.1867558 2.8496227 2.1245905 1.1841660 1.5841084 1.5596787 1.5596787 1.7570366 1.5981271 1.9140103 1.7711379 1.3877359 1.5558756 1.8296300 1.7358361 1.4387803 1.4273678 1.8438377 1.9051698 1.8380382 1.9842047 1.7825673 1.7272588 1.7899072 1.6802624 1.8544557 2.0774605 2.0685322 1.9822194 1.9930376 1.9580314 1.9063609 1.4023904 2.1113773 1.8510393 2.2081650 2.3736441 2.2160495 2.0820937 2.0987841 2.2059687 2.0378900 2.0453846 1.8650848 2.1475597 3.4339525 2.2684543 1.9403842 2.4551341 4.6169331 6.3954209 
Cscu_XM_023359823.1                                   1.4686046 1.2237716 1.2941708 2.1373588 1.4818417 0.0000010 2.4266422 1.3868802 2.6141322 1.8474020 1.7230059 0.7632909 0.8821403 0.0000000 1.1496376 1.2113183 1.0817772 1.2419106 1.0968534 1.4317825 1.4589550 1.5531043 1.5742262 1.6628931 1.7758849 1.6084187 1.5341530 1.3264939 1.5048733 2.6948259 1.6547848 1.4121193 1.2654358 1.7311269 1.3964033 1.2371834 1.3789923 1.3073317 1.3616517 1.3788677 1.5063471 1.5261851 1.4999357 1.4999357 1.4521395 1.4842902 1.5069069 2.4397867 1.0793458 1.6287537 1.5679358 1.6247065 1.6453536 0.9857587 1.5485953 1.2324225 2.5282635 2.0309252 1.3618261 1.8788961 1.8113754 1.7926310 1.9656119 1.8260688 1.9973132 1.9271497 1.4410777 1.6104953 2.0017675 1.9191126 1.7611908 1.6301352 2.2348861 2.3081522 2.1717073 2.4062790 2.1889373 1.9072451 1.9953066 1.8536557 1.9970684 2.2353805 2.0263213 2.1523542 2.0771921 1.9670726 1.9789059 1.6610131 2.3681394 2.2039272 2.2558692 2.4042829 2.3765216 2.2564073 2.3601536 2.4677902 2.3824134 2.3998895 2.2853479 2.2460030 3.6399501 2.7166943 2.2923949 2.0382359 4.9036323 6.0072469 
Acagra_model.g14125.t1.1.5d3b8787                     1.5105598 0.9930887 1.2852666 2.1164098 1.2864385 9.0000000 2.8532712 1.2720211 3.1941667 1.6173735 1.7544267 0.8783461 1.0635844 1.1496376 0.0000000 0.8894849 0.9693807 1.0181969 1.5294309 1.5355790 1.5645272 1.5710129 1.6380959 1.7654754 1.8238206 1.5688788 1.4697638 1.0340734 1.4086881 2.1972258 1.4724623 1.2958375 1.2636890 1.5775417 1.3478257 1.3094757 1.2964624 1.2373859 1.2566045 1.0766012 1.1928844 1.1933010 1.2264375 1.2262282 1.1905099 1.2718613 1.2525894 1.7178964 1.0749548 1.5409948 1.4789290 1.6560228 1.5555149 0.9297797 1.5764194 1.1751825 2.4140769 2.2841468 1.1170881 1.9760845 1.7841658 1.6760473 1.8695080 1.8175799 2.0140967 1.6262522 1.2942212 1.4341975 1.8476031 1.8959179 1.6614284 1.5602462 2.0825770 2.2050976 2.0127717 2.1324646 1.8926022 1.7565089 1.9193224 1.7447878 1.9173097 2.1971068 1.8930477 2.1238136 2.3088762 2.0564745 2.0632970 1.6623170 2.3688851 2.2073015 2.2901483 2.4561377 2.2547083 2.3128690 2.5671425 2.3622437 2.1779505 2.1836079 2.1108580 2.2721146 3.6272330 2.9721295 2.3838676 2.4038727 4.1991972 6.7011583 
Cgig_XM_034443091.1                                   1.4146722 1.1691811 1.1335092 2.1834496 1.4815362 9.0000000 2.8141314 1.3739806 3.5818392 1.8311376 1.8945959 1.0880041 1.0643930 1.2113183 0.8894849 0.0000000 0.9232508 0.9875170 0.9351987 1.4117137 1.3949629 1.4154180 1.4019345 1.5560021 1.5342422 1.3564547 1.2527551 0.9328606 1.3884285 1.8211515 1.3981395 1.2563290 1.2441872 1.5452411 1.2198163 1.2345643 1.2958889 1.1392622 1.2673735 1.1791850 1.1851613 1.1890209 1.1762887 1.1762887 1.1704378 1.1110302 1.1546318 1.7278821 1.1493826 1.4528489 1.3974782 1.6206972 1.6518943 0.9894025 1.5219989 1.1803255 2.2163427 2.0830382 1.1106260 1.7440959 1.7247965 1.7206162 1.9329953 1.6672621 1.6338126 1.5954421 1.2865880 1.5186540 2.0226725 2.0269410 1.4826125 1.4735887 1.9428556 2.0643595 1.8825253 2.0283096 1.9674170 1.7378662 1.9048202 1.7159442 1.8806056 2.1917244 1.9531621 1.9899450 2.0944352 2.0282566 2.0676718 1.5651933 2.3427788 2.1516570 2.5422070 2.6819348 2.5236613 2.5189333 2.6856912 2.4129202 2.4799268 2.4498633 2.4420300 2.3400386 3.9975837 3.5344536 1.9986587 2.2020605 4.3658409 6.7695840 
Bralan_BLAG01001806_2                                 1.4437977 1.1322965 1.3490192 2.3420345 1.5049771 9.0000000 2.9778389 1.5223845 2.3890633 1.8633757 1.7110573 1.3679792 1.1467920 1.0817772 0.9693807 0.9232508 0.0000000 1.0431295 0.8617873 1.3803599 1.3174399 1.4630992 1.5734131 1.7383739 1.5758224 1.3969376 1.3567086 1.2022549 1.4441448 1.8587086 1.3541734 1.2237114 1.1892443 1.4637395 1.1414244 1.1359541 1.2190465 1.1877071 1.1615311 1.2441247 1.1926551 1.2002452 1.1704435 1.1704435 1.1487085 1.1915430 1.1786656 2.4914658 0.9449858 1.4875107 1.4230264 1.6218306 1.5103717 0.9334180 1.4714181 1.2182451 2.3868664 2.0824988 1.1589270 1.8072158 1.6143939 1.6172443 1.9499395 1.7256212 1.8350255 1.5346920 1.3987475 1.3759894 1.7754958 1.6553521 1.5566006 1.5009319 1.8160812 1.9028543 1.7932009 1.8175060 1.8030033 1.5559710 1.6823239 1.6081300 1.7142290 2.0013009 1.8203730 1.9052168 1.7396220 1.8249207 1.8138607 1.5058127 2.3553624 2.1766511 2.2016689 2.3375585 2.2048931 2.2760582 2.3636032 2.4223180 2.2461253 2.2340504 2.3611180 2.2836570 3.6765359 2.4533122 2.1097801 2.0756184 4.1440828 7.2047473 
Ctel_gnl_WGS_AMQN_CAPTEDRAFT_mRNA179917               1.3384504 1.0153516 1.2260618 2.0088065 1.6681790 8.7200419 2.5874403 1.2177490 4.0720840 1.8040730 1.7076104 1.0803025 0.9180371 1.2419106 1.0181969 0.9875170 1.0431295 0.0000000 1.4091379 1.3964998 1.4303225 1.4567129 1.3348803 1.5179517 1.6019894 1.4107741 1.3247170 1.0878486 1.4015151 1.9447658 1.4862336 1.3624886 1.3193907 1.6695844 1.3587351 1.3642394 1.2729807 1.2806624 1.1534726 1.1813513 1.2438361 1.2505164 1.2052198 1.2052198 1.2446868 1.2306064 1.2467538 2.4811672 1.4095603 1.4590416 1.5123318 1.6119585 1.6770804 0.9883244 1.5375554 1.1329813 2.2490368 1.9662220 1.0871166 1.7729881 1.6582821 1.6410228 1.9043425 1.7152099 1.6779029 1.5845813 1.2086550 1.4074179 1.7476938 1.5853280 1.6202627 1.5617233 1.9674507 2.1058129 1.8741782 2.0250655 1.9110019 1.6432602 1.8457664 1.6328655 1.7650843 2.1390164 1.9042535 2.1430619 2.1221346 2.1167543 2.1011231 1.4740338 2.9193295 2.7825070 2.2173849 2.2994154 2.1870795 2.1285173 2.2616695 2.1852034 2.1780044 2.1459044 2.1258071 2.0286635 3.4007285 2.8150816 2.3153708 2.3837213 5.3880719 5.4063485 
Hvul_g8717_1                                          1.1713682 1.2470402 1.0201531 7.5126991 0.0000010 0.0000010 6.6537136 1.3380778 0.0000010 1.4299043 1.7358383 9.0000000 1.3828588 1.0968534 1.5294309 0.9351987 0.8617873 1.4091379 0.0000000 0.7603236 0.7649615 0.5173984 0.8652471 0.8373562 1.0153995 0.8035261 0.6966134 0.9453774 0.9573641 0.0000010 9.0000000 0.8878321 0.8455226 0.9077240 0.9339578 1.0302153 0.8823176 1.4265922 0.8862584 1.4828849 1.1338543 1.1338543 1.3414048 1.3414048 1.3962559 1.3542111 1.2363836 0.0000010 1.4423947 9.0000000 1.4606629 1.7029745 1.4774015 1.3875139 1.5265873 0.9987222 9.0000000 4.9415838 1.1827611 1.5108955 1.3156418 1.3156418 9.0000000 9.0000000 0.7802630 1.7296971 1.1555990 1.3466449 1.8148976 1.8048330 8.0385713 1.7069869 1.2046666 1.2422715 1.1631530 1.5395256 1.4073375 1.4005484 1.3694672 1.4401300 1.5374530 1.9266673 1.9266673 1.6687850 1.6809744 1.8811655 1.8811655 1.4639851 1.7432748 2.2204230 2.2673905 2.4876922 1.8018100 2.0408406 3.0226235 1.8233158 1.7979021 1.8013435 1.6408912 1.5369350 8.6120772 0.0000010 9.0000000 9.0000000 2.6986595 8.9999984 
Nemnom_g5232.t1                                       1.6417246 1.1832832 1.5894639 2.4463521 2.1430802 6.6555917 2.9152174 1.5295636 3.5722438 2.0251751 1.9524752 1.5051821 1.3776618 1.4317825 1.5355790 1.4117137 1.3803599 1.3964998 0.7603236 0.0000000 0.2172691 0.8999824 1.0345543 1.0587392 0.6323245 0.5232621 0.7326343 0.9761958 1.2219431 1.5415561 1.0186275 1.0823925 1.0352896 1.2827001 1.0776696 1.0251470 1.0779564 1.1970389 1.0388209 1.4463308 1.2041752 1.2041752 1.2270483 1.2270483 1.2011120 1.2808908 1.2926733 3.5383458 1.4193918 1.7197896 1.6903571 1.8187092 1.7681975 0.9648427 1.6545735 1.3352524 2.4078118 2.0588250 1.4114264 1.6823951 1.6021685 1.5234214 1.7719001 1.5320588 1.2304666 1.9641637 1.6452993 1.8085281 1.8868365 1.8504138 1.6333865 1.4847688 2.0575544 2.1576659 2.0104881 2.0570171 2.1242251 1.8233929 1.9339876 1.7958122 1.9472346 2.1212983 1.9349545 1.9408336 1.9813901 2.1388365 2.1347082 1.5781226 2.3250065 2.0467813 2.3528722 2.5828331 2.2004569 2.2760483 2.4742640 2.2853795 2.3188982 2.2890467 2.0757095 2.3385759 3.7014981 2.7850660 2.4199643 2.1897446 3.8765959 6.8909685 
Rhoesc_Res_006319-T1                                  1.6521285 1.1502497 1.5893666 2.3928085 2.1089206 3.1652660 2.9889747 1.5346568 3.3404047 1.9430448 1.9351465 1.4703723 1.3457806 1.4589550 1.5645272 1.3949629 1.3174399 1.4303225 0.7649615 0.2172691 0.0000000 0.9312844 0.9895985 1.0130788 0.6490257 0.5230893 0.7568089 1.0160179 1.2200603 1.4388770 0.9882635 1.1069795 1.0712438 1.2377830 1.0826919 1.0593653 1.0881478 1.2027453 1.0987047 1.3910486 1.2273997 1.2273997 1.2635726 1.2635726 1.1981913 1.2483665 1.2842584 3.6129876 1.2412116 1.7470623 1.6972432 1.7916627 1.7061598 1.0597769 1.7086376 1.2864401 2.3889741 2.0561764 1.3524368 1.6979165 1.6783730 1.6113506 1.7664518 1.4800605 1.1969281 1.9038588 1.5498654 1.7616489 1.9062937 1.8780132 1.6474011 1.5132585 2.0533712 2.1857466 1.9866695 2.0054140 2.0254910 1.8116867 1.9115023 1.7436571 1.9065258 2.0652666 1.9376469 2.0154392 1.9945971 2.1167250 2.1122349 1.6219011 2.2427113 1.9649263 2.2773326 2.4264736 2.1715094 2.2043336 2.3940121 2.2252457 2.2914581 2.2938325 2.0951464 2.2692625 3.3437090 2.7391308 2.4865699 2.2639834 3.8528687 6.8684665 
Chem_TCONS_00023419                                   1.7918423 1.1744606 1.5097287 2.8400572 2.7533344 9.0000000 3.6134290 1.6952966 4.5925749 2.1474142 2.0996875 1.5196942 1.3821470 1.5531043 1.5710129 1.4154180 1.4630992 1.4567129 0.5173984 0.8999824 0.9312844 0.0000000 1.2955238 1.3756985 1.0510456 0.9883621 1.0014202 0.9449558 1.3422635 1.0576632 0.8628548 1.3097351 1.2629305 1.4946757 1.3416945 1.3622483 1.2406338 1.2925324 1.0602239 1.5228262 1.4734942 1.4734942 1.4363676 1.4363676 1.4910083 1.5119939 1.5538389 2.5705256 1.4401711 1.8565093 1.7799301 1.8376244 1.7929279 1.1550771 1.8602151 1.5427362 2.7082761 2.4414860 1.5965084 1.9113774 1.7616302 1.7493603 2.1119797 1.8442793 1.5186907 1.9257274 1.7502609 2.0168308 2.1321221 2.2699940 1.7709869 1.7372464 2.1252942 2.2375846 2.0496893 2.2095444 2.0599760 1.9336736 2.0667410 1.8786005 2.0341350 2.3537848 2.2117187 2.1957997 2.1864095 2.1415937 2.1351559 1.8103656 2.8834241 2.5711980 2.4207925 2.6658268 2.3074193 2.3520932 2.5707744 2.3794974 2.4970289 2.4929951 2.4377277 2.3454994 3.5435460 2.8353363 2.7811536 3.1149988 3.8598532 6.2690913 
Nemnom_g5233.t1                                       1.6320578 1.4448784 1.7600899 2.7281880 2.1170394 0.0000010 2.9683966 1.6657377 4.3761220 2.0738590 2.1421103 1.7379343 1.4884361 1.5742262 1.6380959 1.4019345 1.5734131 1.3348803 0.8652471 1.0345543 0.9895985 1.2955238 0.0000000 0.2397433 1.1526117 1.0860337 1.0250336 1.1313493 1.4725500 2.2417491 1.2372428 1.5168909 1.4026338 1.7009334 1.5204244 1.5363099 1.4255312 1.4706277 1.3700189 1.5660398 1.3331652 1.3298946 1.3805092 1.3805092 1.3134549 1.3686296 1.3730522 2.1068092 1.1745065 1.5371062 1.4994395 1.6683760 1.6113262 1.0212224 1.5449992 1.3429751 2.4862388 2.2035855 1.5531982 1.8629251 1.8046134 1.7896392 1.9824046 1.6262499 1.0615292 1.9689898 1.5706135 2.0574933 1.8226892 2.0912581 1.7433114 1.6784860 1.9263842 2.0505257 1.9108573 1.9863258 2.0043201 1.8831418 1.9597552 1.7461099 1.9168438 2.0837597 1.9813423 1.8505000 1.8259741 2.0816403 2.0960326 1.5683283 1.9996901 1.8607206 2.3474774 2.5781997 2.4400003 2.5020469 2.7329144 2.7031225 2.4845415 2.4670740 2.2326694 2.5683167 3.7236084 2.7995480 2.0726516 2.3305673 4.2503542 6.0201411 
Rhoesc_Res_006318-T1                                  1.6624966 1.5161270 1.7358556 2.8681866 2.1989921 0.0000010 3.3677255 1.8062215 3.4764239 2.1642803 2.1755240 1.8805852 1.6236246 1.6628931 1.7654754 1.5560021 1.7383739 1.5179517 0.8373562 1.0587392 1.0130788 1.3756985 0.2397433 0.0000000 1.2071338 1.1353080 1.0977057 1.2644982 1.5431472 2.5783398 1.3051272 1.6005172 1.4362714 1.8081642 1.6489586 1.6510861 1.5271093 1.5566162 1.4920184 1.4838656 1.4106830 1.4074122 1.4755249 1.4755249 1.4206299 1.4397311 1.5041226 2.3689509 1.2798636 1.8281011 1.7084458 1.8092101 1.7166164 1.1948569 1.7392724 1.3931166 2.3827687 2.1970949 1.6576657 1.8596078 1.8451266 1.7951730 1.9607416 1.6213803 1.1460530 2.0607344 1.6475958 2.2460548 1.9417679 2.1393922 1.6792201 1.6237213 2.0569689 2.1237001 2.0075092 2.0702199 2.1187405 2.0488988 2.1000054 1.9007897 2.0783935 2.2442494 2.1313433 2.0875656 2.1701597 2.2235852 2.2249301 1.5519112 2.1591412 2.0510834 2.4847503 2.7148090 2.5772746 2.5977675 2.7545764 2.7732778 2.4343855 2.3767044 2.2514138 2.5470714 3.6739130 2.9312559 1.8896864 2.3588902 4.9729944 5.7864489 
Sanmal_Sma_018683-T1                                  1.7836069 1.2929121 1.6989861 2.8272017 2.4902874 7.4645409 3.3195875 1.7986530 3.8394053 2.1703473 2.2668740 1.9414062 1.5561440 1.7758849 1.8238206 1.5342422 1.5758224 1.6019894 1.0153995 0.6323245 0.6490257 1.0510456 1.1526117 1.2071338 0.0000000 0.2454496 0.8621324 1.1991815 1.5802116 1.2453198 1.1154099 1.2039148 1.1538289 1.3703519 1.2329329 1.2882991 1.2984301 1.4198496 1.1257721 1.7098205 1.4589194 1.4589194 1.4716758 1.4716758 1.4502439 1.4867509 1.4485417 2.9036450 1.2944824 1.8319486 1.7068869 1.7954564 1.7575785 1.1354100 2.0069371 1.3814906 2.4179742 1.9186335 1.7540764 1.7811364 1.7088177 1.6501119 1.8360827 1.6682384 1.2864028 2.1582846 1.7719080 1.9928846 1.9568828 1.9235636 1.6983951 1.5670977 1.9379550 2.0206162 1.8847664 1.9610887 1.9364399 1.9552453 2.0408164 1.8863076 2.0022554 2.2464634 2.0618688 2.0348191 2.1629471 2.2137173 2.1862202 1.5292010 2.4278876 2.3293092 2.4263914 2.6546978 2.3399874 2.2797596 2.4206985 2.4578456 2.3840509 2.3216816 2.2068317 2.4032125 3.9857138 2.6822838 2.5587575 2.5443534 4.2090550 6.9578956 
Sanmal_Sma_018684-T1                                  1.6921573 1.1951662 1.5258062 2.6051466 2.3827688 7.4645409 3.6713400 1.7051626 4.0704202 2.1006075 2.0908784 1.5739575 1.3705134 1.6084187 1.5688788 1.3564547 1.3969376 1.4107741 0.8035261 0.5232621 0.5230893 0.9883621 1.0860337 1.1353080 0.2454496 0.0000000 0.7183779 1.1402609 1.3808930 1.3173804 1.0369818 1.1374437 1.0917882 1.3161550 1.1820475 1.1802182 1.1246154 1.3357167 1.1317188 1.4771203 1.2664635 1.2664635 1.2694481 1.2694481 1.2530412 1.3201672 1.3227034 2.9263898 1.2270762 1.6860404 1.5877537 1.7471382 1.7418540 1.0471972 1.9029983 1.3266052 2.5180366 1.9630721 1.5408771 1.7093006 1.7270457 1.6589369 1.8683504 1.5682098 1.1757431 1.9280975 1.5343583 1.8692235 1.9057980 1.8922461 1.5867080 1.4402081 1.9917783 2.1188067 1.9430219 2.0156425 2.0193406 1.8869639 1.9803427 1.8216251 1.9360824 2.1650640 1.9745258 2.0255833 2.0758142 2.1544634 2.1409059 1.5235202 2.2136552 2.0005855 2.3622897 2.5120817 2.2395955 2.3128988 2.4726016 2.4077240 2.3277040 2.3301699 2.1747491 2.3092680 3.8805121 3.1342584 2.4875455 2.4319973 4.0598445 6.6782165 
Morvir_scaffold62.g66.t1                              1.6115574 1.3493503 1.6208597 2.3299982 2.1205242 3.1652660 2.5752299 1.4969818 4.0244322 2.1685755 2.1848800 1.2557741 1.2759988 1.5341530 1.4697638 1.2527551 1.3567086 1.3247170 0.6966134 0.7326343 0.7568089 1.0014202 1.0250336 1.0977057 0.8621324 0.7183779 0.0000000 1.1161376 1.3490164 1.0536083 0.9443868 1.0868387 1.0290725 1.2205518 1.2159998 1.2428241 1.1023406 1.1740474 1.0154620 1.4552912 1.3505228 1.3460688 1.3504058 1.3504058 1.2824889 1.3946014 1.4288502 3.4060589 1.7560668 1.6451665 1.6621097 1.8595686 1.8445402 1.0509129 1.6880547 1.2474299 2.4872330 2.3009994 1.6262310 1.8089774 1.8305761 1.8055669 1.9094163 1.7333301 1.3249858 1.9374424 1.5779050 1.9037294 1.8642380 1.9485298 1.5103431 1.4222652 2.1701538 2.2787191 2.1323733 2.1335851 2.2651887 1.9290460 2.0844581 1.9597104 2.1239044 2.1731431 1.9601005 2.0130139 2.0883565 2.0654498 2.0851379 1.4784685 2.2060047 2.0152258 2.2581228 2.4214414 2.2084300 2.2533046 2.3475689 2.4582092 2.2388111 2.2611341 2.1937708 2.2947159 3.3136324 3.0892321 2.4064284 2.1827358 4.5855953 6.9298784 
Xesp_004638-T1                                        1.1513413 1.0330625 0.9876570 2.7939851 0.0000010 0.0000010 1.6942851 0.9589240 0.0000010 1.2077011 1.5155472 2.2478712 1.2804741 1.3264939 1.0340734 0.9328606 1.2022549 1.0878486 0.9453774 0.9761958 1.0160179 0.9449558 1.1313493 1.2644982 1.1991815 1.1402609 1.1161376 0.0000000 0.4088058 2.3011768 1.2087453 0.9236104 0.8867504 1.1175724 0.7670120 0.6973875 0.9575813 1.0262220 0.9465938 0.9980496 1.0807936 1.0807936 1.1300705 1.1300705 1.1030896 1.0538694 1.1038243 0.0000010 1.4667578 1.5882281 1.3861103 1.5815078 1.6155132 1.1745579 1.4458599 1.5103039 2.5585147 2.0537503 1.1816322 1.2785940 1.2655738 1.2655738 1.2629891 1.5091222 2.0404105 1.5194965 1.2292265 1.3745782 1.4141554 1.6122036 1.2891913 1.4260465 1.8132449 1.9965992 1.7902152 1.7151748 1.7702954 1.5066009 1.6948238 1.4217168 1.6875883 1.9987051 1.9987051 1.8072727 2.1391136 2.0029660 2.0503777 1.1069458 2.0970296 3.3530362 1.7632843 2.1700678 1.9760496 2.1834924 2.5984657 1.9020361 1.9676476 1.9560599 1.7194310 2.0381110 4.5491454 0.0000010 2.5015201 0.0000010 4.6585344 5.4572305 
Dgig_XM_028544577.1                                   1.4471203 1.3721060 1.4983392 2.4217279 2.0738207 7.4645409 2.9539123 1.5558407 3.1539278 1.9336757 1.9633609 1.1635885 1.2416797 1.5048733 1.4086881 1.3884285 1.4441448 1.4015151 0.9573641 1.2219431 1.2200603 1.3422635 1.4725500 1.5431472 1.5802116 1.3808930 1.3490164 0.4088058 0.0000000 3.0025891 1.5013063 1.1623085 1.1379877 1.4489241 1.0496479 1.0174668 1.2553388 1.2445624 1.1400801 1.3947562 1.2635825 1.2635825 1.2589152 1.2589152 1.2877434 1.3405105 1.3453514 2.8664744 1.5725362 1.5902453 1.6290196 1.8979154 1.8562838 1.1428229 1.8173012 1.4681743 2.7267236 2.4132878 1.3716544 1.7826072 1.7349679 1.6861539 1.8855780 1.8499423 1.8213772 1.5573253 1.4944265 1.6143445 1.9145664 1.8475704 1.6549245 1.5654002 2.1835406 2.3172225 2.1224296 2.1864546 2.1301703 1.9933042 2.0493700 1.8606372 1.9948125 2.1321841 2.0139854 2.1138776 2.0391112 2.1359757 2.1519997 1.5949274 2.3362045 2.1778809 2.3704266 2.6282704 2.3573933 2.4012901 2.6304161 2.4043385 2.4054654 2.4252854 2.2537212 2.2417519 3.9454980 2.6485984 2.0876880 2.4641394 4.5363604 6.5941348 
Hvul_g2497_1                                          1.5203914 1.9020782 1.7506648 3.1299206 0.0000010 0.0000010 0.0000010 0.0000010 8.9999988 4.0481469 2.2346314 0.0000010 1.8573901 2.6948259 2.1972258 1.8211515 1.8587086 1.9447658 0.0000010 1.5415561 1.4388770 1.0576632 2.2417491 2.5783398 1.2453198 1.3173804 1.0536083 2.3011768 3.0025891 0.0000000 0.0878568 1.6168213 1.6352463 1.5493470 1.8185605 6.0791143 1.7565931 1.8207416 1.4636085 1.8874209 3.8460946 3.6550087 3.5106609 3.5106609 3.4048127 3.3215523 3.5227056 9.0000000 0.6305619 2.4134578 2.6559941 3.0580577 3.3215833 0.0000010 2.6825296 2.9089099 4.1523164 3.6658162 1.5421389 3.1157618 3.3636785 2.8808437 2.9465570 2.5071020 2.0539227 2.5084826 1.6909235 2.3419548 2.2277090 2.4942126 3.2267315 3.2267315 3.8324141 4.0812963 3.9133282 3.8997747 3.6626689 3.3799226 3.3863576 2.5287390 2.4910592 4.3333423 3.7558767 5.0489265 5.0774751 5.0105619 4.8688814 1.2954225 8.9999988 8.9999982 3.9861575 3.9861575 4.7149318 4.2955793 4.2955793 5.0781678 3.6706823 3.7497232 3.8895036 5.1978180 5.3845598 3.9982642 7.1766261 0.0000010 4.1330774 2.7665136 
Hvul_g2498_1                                          1.8595151 1.3669336 1.6153389 2.5122570 2.3595468 9.0000000 3.9081988 1.6915669 4.2158240 2.1378529 2.2255248 1.4042960 1.2020811 1.6547848 1.4724623 1.3981395 1.3541734 1.4862336 9.0000000 1.0186275 0.9882635 0.8628548 1.2372428 1.3051272 1.1154099 1.0369818 0.9443868 1.2087453 1.5013063 0.0878568 0.0000000 1.4579371 1.3847224 1.6884791 1.3982840 1.5193986 1.4949366 1.4236519 0.9861825 1.4757003 1.6888997 1.6703821 1.6411995 1.6411995 1.7148063 1.7239881 1.7930053 2.1691176 0.6305619 1.9116772 1.8959635 1.9094141 1.9956247 0.7201182 1.9479808 1.7266966 2.8776347 2.5306472 1.3490640 2.0532651 2.1226773 2.0723384 2.2301242 1.9591003 1.5900651 1.9210090 1.6419037 2.0252005 1.9891704 2.1541424 1.8704516 1.8234659 2.3004836 2.3909944 2.3640896 2.3385979 2.2118981 2.3357612 2.3778640 2.1064290 2.0809081 2.5328738 2.2980183 2.5293041 2.5087195 2.5001158 2.5412088 1.7613156 2.5330224 2.2821629 2.5252496 2.5193961 2.4312468 2.5222075 2.5222075 2.7086906 2.4092424 2.4107503 2.5847831 2.6533581 3.4458046 2.6565522 2.3618131 2.4849170 4.4272507 7.2863996 
Gasp_gasp1.m3.112.m1                                  1.6049451 1.2671036 1.4119087 2.4153074 1.6969715 6.6555917 2.8791782 1.4945602 2.6835547 2.0263004 1.9518671 1.3254207 1.3248853 1.4121193 1.2958375 1.2563290 1.2237114 1.3624886 0.8878321 1.0823925 1.1069795 1.3097351 1.5168909 1.6005172 1.2039148 1.1374437 1.0868387 0.9236104 1.1623085 1.6168213 1.4579371 0.0000000 0.2548971 0.2818387 0.3211455 0.3704135 0.6090785 0.5913030 0.4254176 1.3853414 1.0820515 1.0854362 1.1633612 1.1633612 1.1120997 1.2023549 1.1944129 2.4159671 1.4939475 1.7003533 1.6184370 1.8191390 1.8121201 1.1083395 1.7792627 1.2916486 2.6789091 2.1580314 1.3346965 1.6581202 1.6464077 1.5986255 1.7150709 1.5448064 1.6832096 1.6728625 1.4556528 1.7317852 1.9662553 1.7996773 1.4811373 1.4787172 1.9985493 2.1309800 1.9593407 2.1343748 2.0517279 1.7505117 1.8934447 1.8326408 1.9425127 2.0564787 1.8311351 1.9019217 1.9616729 1.9186144 1.9535725 1.7229801 1.9522807 1.8212427 2.3847416 2.4920578 2.0314302 2.2868112 2.4637462 2.3787005 2.3039755 2.3218689 2.3891284 2.3802618 3.8943707 2.4311587 2.2113381 2.0709799 4.4804269 5.6476917 
Spis_XP_022807905_1                                   1.5587434 1.1972229 1.3995243 2.5361172 1.8544560 6.6555917 3.0204401 1.4909027 2.9444515 1.9273210 1.8640639 1.2087608 1.1452409 1.2654358 1.2636890 1.2441872 1.1892443 1.3193907 0.8455226 1.0352896 1.0712438 1.2629305 1.4026338 1.4362714 1.1538289 1.0917882 1.0290725 0.8867504 1.1379877 1.6352463 1.3847224 0.2548971 0.0000000 0.3365160 0.3468585 0.3826884 0.6204306 0.5843185 0.3120732 1.2255840 1.1487273 1.1472286 1.2075356 1.2075356 1.1771143 1.2333712 1.2436277 2.2734708 1.3971329 1.6484398 1.5454005 1.7568236 1.7246644 1.0958000 1.6579181 1.2269189 2.5187390 2.0781138 1.2474754 1.6798997 1.5837403 1.5593892 1.7826416 1.5943862 1.5627300 1.6630766 1.5133122 1.6058735 1.8820589 1.7973199 1.5417988 1.4764551 1.9602276 2.0593000 1.9337239 2.0675371 1.9713339 1.7011591 1.7880159 1.7383225 1.8246515 2.0360086 1.8249910 1.9164095 1.9966710 1.9105084 1.9590879 1.6457053 2.1662010 1.9135338 2.3699392 2.4960491 2.0708210 2.2647069 2.4901002 2.3325434 2.3730840 2.3555807 2.3020511 2.3819043 3.6664997 2.5832801 2.1806115 2.1371641 4.6252808 6.1250895 
Fspp_ffun1.m4.16199.m1                                1.6765664 1.4422519 1.8359705 2.8108817 2.3282937 9.0000000 2.8971154 1.9299355 2.7552780 2.6576498 2.1547106 1.7693659 1.6185910 1.7311269 1.5775417 1.5452411 1.4637395 1.6695844 0.9077240 1.2827001 1.2377830 1.4946757 1.7009334 1.8081642 1.3703519 1.3161550 1.2205518 1.1175724 1.4489241 1.5493470 1.6884791 0.2818387 0.3365160 0.0000000 0.4169505 0.5493311 0.7486990 0.7842493 0.3913036 1.6292090 1.3480890 1.3524765 1.4334572 1.4334572 1.3733934 1.4691769 1.4661075 1.9830109 1.5008660 2.1234541 1.9131629 2.1211147 2.0616057 1.4191234 1.9965422 1.5609910 3.2661285 2.3584589 1.6212300 2.0767453 1.9268807 1.9324370 2.2957022 1.9353556 1.5007628 1.9492942 1.7404742 2.0323324 2.3086888 2.0330629 1.9843151 1.8950982 2.2390371 2.3759271 2.2142654 2.3762100 2.2946054 1.8999849 2.0845551 1.9811956 2.1079308 2.4178945 2.1918926 2.1989952 2.2700873 2.1557390 2.2206392 1.8311183 2.6986112 2.5325921 2.6014717 2.7233777 2.2303013 2.4712369 2.7317522 2.6164209 2.5628859 2.5394969 2.5933149 2.7009183 4.0254094 2.6214084 2.5892877 2.3312638 3.9998860 5.6771817 
Amil_Amillepora22214-RA                               1.6759342 1.2052627 1.5138695 2.1469055 1.7927096 6.6555917 2.9416930 1.4836418 3.4597120 2.0270363 2.0127478 1.3747979 1.3363340 1.3964033 1.3478257 1.2198163 1.1414244 1.3587351 0.9339578 1.0776696 1.0826919 1.3416945 1.5204244 1.6489586 1.2329329 1.1820475 1.2159998 0.7670120 1.0496479 1.8185605 1.3982840 0.3211455 0.3468585 0.4169505 0.0000000 0.0253391 0.7406210 0.7056003 0.3618941 1.2687839 1.1049748 1.1090043 1.1979195 1.1979195 1.1260709 1.1985335 1.2652751 2.5856772 1.4993789 1.5975060 1.5894487 1.7306409 1.7471562 1.0137401 1.6449176 1.2257403 2.8167321 1.7719283 1.3096812 1.6129597 1.5479171 1.5188194 1.6199468 1.4688323 1.6845425 1.6772616 1.3879300 1.5219173 2.0476660 1.8475509 1.5065147 1.4815425 1.7993621 1.9092055 1.7575072 1.8940733 1.7770269 1.6050575 1.6579017 1.5552369 1.6668471 1.9080161 1.6805475 1.7956964 1.8573288 1.8445494 1.9117843 1.5835035 2.3062267 2.1375492 2.3412694 2.4999488 2.1439009 2.3208294 2.5622219 2.4002892 2.5576913 2.5199120 2.4472755 2.3473565 3.9883191 2.4237802 2.1171379 1.9427032 4.6351232 5.9899107 
