59
Stycar_maker-SC_scaffold7525-snap-gene-0.19-mRNA-1       0.0000000 0.9278063 1.5121467 1.5572955 0.0000010 0.0000010 0.0000010 2.7443447 2.4773866 2.8291266 2.8747112 2.6995132 3.2089601 3.4302232 5.8581220 6.0366215 0.0000010 2.6672844 2.5336315 2.7998999 2.8306616 2.5379556 3.0175356 3.0954079 2.6664372 2.7131231 0.0000010 4.9433593 2.5284837 2.6514666 3.9802581 2.7263109 1.9800616 0.0000010 3.4899577 3.4899577 2.5703321 2.7719438 2.7635980 2.5714223 2.8775075 0.0000010 3.0338068 1.2765778 1.2482141 1.1077309 1.5298292 1.6494671 2.6639042 8.9999988 0.0000010 2.3684750 2.4290405 2.3014329 3.0550078 0.0000010 0.0000010 2.2966696 5.0110572 
Tetwil_g3354.t1                                          0.9278063 0.0000000 1.1257769 1.2040199 1.2243978 1.6620685 2.4907349 2.6150222 2.8008843 2.2537517 2.2352870 3.1211263 3.0934289 2.3089497 2.3691421 3.1822337 2.1520832 2.6351811 2.2441035 2.2785357 2.2119150 2.6133992 2.5880643 2.5619818 2.4557988 2.5139333 1.6907751 2.2656620 2.7794357 2.6164161 2.3769169 2.2902674 2.1302398 1.4092070 2.7114139 3.3404433 2.3769791 2.6055869 2.5728454 2.8073751 2.7759507 2.5707895 3.1779131 1.5449748 1.4848061 1.6390545 1.2612328 1.6527759 3.0790795 3.3585052 2.4434666 2.7316296 2.7552468 2.6202259 2.7081654 2.3440518 2.8767455 2.6642948 3.8818680 
Emue_Em0001g3685a.t1                                     1.5121467 1.1257769 0.0000000 0.2251024 0.2215079 0.4127437 2.7169003 2.7729485 2.8895421 2.4897486 2.4815490 3.3923285 3.3107109 2.6392440 2.6751707 3.7081096 2.6206294 3.4719075 2.5604127 2.5764992 2.3895716 2.8263509 2.9675764 2.9326929 2.4673799 2.6452657 1.8567330 2.8164375 3.2602860 2.9962011 2.8493895 2.8216732 3.0461264 1.8655591 2.9064783 3.2623873 2.5522776 2.8391885 2.7054498 2.7907446 2.8370331 2.5967823 3.6890608 1.8654418 1.8160891 1.8040137 1.7434817 2.2197972 2.9181473 3.4349124 2.7609348 3.0399874 3.0321034 2.9892046 3.0457367 2.7221032 3.0265134 3.0173754 4.0200440 
Spolac_c104690_g2_i9_m.42500c104690-g2                   1.5572955 1.2040199 0.2251024 0.0000000 0.0151342 0.1764363 2.6818718 2.8860057 3.0262427 2.5649319 2.5707708 3.4497957 3.3313871 2.6233517 2.6700006 3.7113930 2.5667211 3.4387701 2.5788561 2.5966232 2.3809771 2.8092003 2.9375487 2.8726132 2.5298301 2.9001099 2.1404118 3.0127998 3.3113421 2.8909132 2.8187805 3.0848819 3.1462056 1.7887500 2.9565585 3.1936917 2.5988970 2.7256066 2.5566352 2.6460013 2.6590605 2.4852694 3.3745539 1.8991952 1.8500106 1.8533903 1.7754279 2.0976410 2.9889896 3.4155011 3.0251070 3.1457121 3.1169560 3.0476929 3.0923633 3.0403200 3.0016096 2.9943780 4.1997851 
Spolac_c104690_g2_i11_m.42502c104690-g2                  0.0000010 1.2243978 0.2215079 0.0151342 0.0000000 0.1973063 2.4292982 2.5835842 2.9856831 2.2105222 2.1694941 5.4689720 3.4086749 2.2207605 2.2642465 6.8645610 2.5156519 3.6087291 2.2488336 2.2343058 2.1575390 2.3183929 2.5417240 2.5195811 2.0445010 2.7037903 2.3212737 2.6046032 3.4254840 2.7120455 2.1957335 2.8761417 3.1525825 1.7510494 3.0660971 8.9999985 2.5454471 2.5899129 2.3647042 2.7191900 2.5021617 2.4359435 6.8889430 2.2100086 2.0405840 2.1201935 1.7882473 1.8884728 2.7275459 5.2430652 2.9547541 3.1976450 3.1976450 3.0435931 3.1240610 3.0290949 2.8656437 2.9225308 4.3463528 
Spolac_c104690_g2_i13_m.42504c104690-g2                  0.0000010 1.6620685 0.4127437 0.1764363 0.1973063 0.0000000 2.1393463 2.8191321 3.0182139 2.6469598 2.6818294 4.3806579 4.4540380 2.6809153 2.3138560 3.3982684 3.2874142 4.0259591 2.3629504 2.8344747 2.1960823 2.2041585 2.8062948 2.7322916 2.6477507 2.9072258 4.2428495 5.3350723 6.3449332 3.0821280 2.4125912 3.1918857 3.4181511 3.0906458 3.3936552 6.6684503 2.8055007 2.9719649 2.5263410 2.9701023 2.6660371 2.8222850 6.3325293 3.0144479 2.7726559 3.2067545 4.6722045 2.3755266 3.2143564 0.0000010 3.3581363 3.6363341 3.6363341 3.6880764 3.7229123 3.5888481 3.2297938 3.6746450 4.2877943 
Lcom_lcpid169485                                         0.0000010 2.4907349 2.7169003 2.6818718 2.4292982 2.1393463 0.0000000 0.9305093 1.1430773 1.2942772 1.4037502 1.1734050 1.9632107 1.3428182 1.4192882 1.6883215 1.4195746 1.2555651 1.2249188 1.2821121 1.3111398 1.8440593 1.8616224 1.7549232 1.4793507 1.1414515 0.8478870 1.9535404 2.1862725 1.6855845 1.3110251 2.3020176 2.1666390 1.3545776 2.1661500 3.5447301 1.9799750 2.4053543 2.3614601 2.6106812 2.4704551 2.2541347 5.4580318 3.2689050 3.2007353 3.1101827 1.3747278 3.0107834 1.3495039 2.4441191 1.7714779 2.2048568 2.2048568 2.1092802 2.1218477 2.1645986 2.0276638 2.3378006 2.5591744 
Cgig_XM_034444992.1                                      2.7443447 2.6150222 2.7729485 2.8860057 2.5835842 2.8191321 0.9305093 0.0000000 0.7835148 1.1863008 1.1966819 1.3711333 1.5317706 1.3122282 1.2277559 1.5331642 1.4875768 1.4516913 1.1731250 1.1522733 1.0495593 1.6206816 1.6124817 1.5778781 1.4735151 1.0420348 1.0816414 1.6993897 1.6379413 1.4187717 1.4382695 1.9145275 1.8421591 1.7271221 1.9976796 2.1587236 1.7369168 1.8702094 1.8846417 1.9229738 1.9489312 1.9305985 1.7761875 2.8763052 2.5650306 2.8395069 2.0077445 2.7389978 1.5033665 2.5361058 1.8058985 2.2917565 2.3338642 2.2569433 2.2701386 1.7840084 2.1908727 2.3487328 2.4462776 
Acagra_model.g8796.t1                                    2.4773866 2.8008843 2.8895421 3.0262427 2.9856831 3.0182139 1.1430773 0.7835148 0.0000000 1.1994255 1.1897138 1.2277427 1.4135341 1.1931234 1.3132956 1.7867391 1.2109104 1.4310100 1.1612687 1.2013410 0.9998956 1.5569866 1.4731062 1.4570586 1.3498806 1.0779338 0.4030217 1.4135155 1.4055505 1.3420452 1.6841843 1.7304090 1.8814421 0.0000010 2.2325508 2.2190077 2.0311326 1.8943490 2.0561628 1.9519951 2.0023685 2.0173298 1.3044208 2.8621616 2.5743085 2.6738037 0.9950873 2.6468102 1.3225698 2.6492706 2.6117037 2.4393353 2.5084769 2.1772515 2.3715513 3.2534133 2.3516459 2.3336160 2.6841336 
Fspp_ffun1.m4.9403.m1                                    2.8291266 2.2537517 2.4897486 2.5649319 2.2105222 2.6469598 1.2942772 1.1863008 1.1994255 0.0000000 0.1275905 0.2058211 0.1990337 0.2470942 0.2798454 0.4708279 0.3102190 0.8224201 0.5561068 0.5403847 1.0214667 1.0718062 1.0538126 1.0677989 1.0243252 1.1908471 1.1226107 1.5309663 0.9947908 1.3305054 1.4247000 1.3692447 1.4046850 1.2588202 1.7959318 2.0173685 1.5528356 1.8926637 1.8230678 1.7650476 1.8520068 1.6216475 1.3727108 2.9339498 2.3410388 2.8100889 1.2631726 2.3934081 1.7476591 2.1526979 1.7588384 1.9231223 1.9446262 1.8421321 1.8693304 1.6142733 1.8113171 1.8871954 2.9023162 
Gasp_gasp1.m3.12424.m1                                   2.8747112 2.2352870 2.4815490 2.5707708 2.1694941 2.6818294 1.4037502 1.1966819 1.1897138 0.1275905 0.0000000 0.2487905 0.2574024 0.2577594 0.3021292 0.5006192 0.3190842 0.9553115 0.5837317 0.5716475 1.0036386 1.0515680 1.1758440 1.1720278 1.0069111 1.2375054 1.1753823 1.5669556 1.0421663 1.3918327 1.4951378 1.4246928 1.4368035 1.2842325 1.8026929 1.9521648 1.6004421 1.8773174 1.8747358 1.8024836 1.8645772 1.6451716 1.4749860 2.9983517 2.3190669 2.8028517 1.2769670 2.3867143 1.7771021 2.2307084 1.7704311 1.9177204 1.9522776 1.8514645 1.9184513 1.6302325 1.8722994 1.9515844 2.7741410 
Spis_XP_022793565_1                                      2.6995132 3.1211263 3.3923285 3.4497957 5.4689720 4.3806579 1.1734050 1.3711333 1.2277427 0.2058211 0.2487905 0.0000000 0.3028253 0.3849835 0.5706151 0.5399270 0.7583207 0.6552831 0.5704964 0.6223260 0.9539095 1.0399567 0.9547402 0.8835025 1.0387302 1.2522497 0.0000010 2.3590771 0.7242390 1.2346844 3.0776062 1.2047396 1.5059229 0.0000010 2.0805924 1.9813364 1.8532292 1.9449351 2.0166397 1.8976432 1.8336271 1.5344931 1.2179817 3.0254649 2.5783745 3.0285798 0.9544963 2.9282449 1.5601069 2.4400339 0.0000010 2.2395693 2.2989795 2.1752795 2.1727762 1.4956733 2.2461726 2.2345367 2.8747142 
Gfas_gfas1.m1.8985.m1                                    3.2089601 3.0934289 3.3107109 3.3313871 3.4086749 4.4540380 1.9632107 1.5317706 1.4135341 0.1990337 0.2574024 0.3028253 0.0000000 0.2297632 0.2684120 0.4017601 0.3557298 0.8449746 0.7655533 0.8342792 1.3208622 1.2877779 1.2027093 1.2148426 1.2776270 1.5169240 1.8554005 2.6547821 1.0266294 1.8243108 2.7142327 1.5790013 1.7462544 5.3844744 2.0565203 1.8324177 1.9940008 2.4747238 2.4430797 2.3963031 2.3166381 3.6313333 1.4432112 3.4102203 2.8568054 3.2685815 2.3756062 2.9968355 1.7274673 2.2682827 4.2833641 2.3697613 2.4098019 2.1968034 2.3452143 3.2551460 2.4855718 2.3313844 2.8808550 
Amil_Amillepora18442-RA                                  3.4302232 2.3089497 2.6392440 2.6233517 2.2207605 2.6809153 1.3428182 1.3122282 1.1931234 0.2470942 0.2577594 0.3849835 0.2297632 0.0000000 0.0662851 0.2544234 0.1035266 0.9450603 0.6327905 0.6936494 1.0368249 1.1745627 1.1616876 1.1343407 1.0384217 1.2770346 1.1660237 1.6495621 1.0320602 1.3871679 1.4988221 1.4009528 1.4689908 1.3444632 1.9178187 1.9612355 1.7070285 1.9605072 1.9321400 1.9127125 1.9632930 1.7955442 1.4665602 3.2174428 2.5033597 2.9655465 1.3597872 2.5442175 1.7825820 2.2706827 1.6616168 1.9196825 1.9433916 1.8104623 1.8498527 1.6622091 1.8639884 1.9343079 2.9669321 
Adig_XM_015908943.1                                      5.8581220 2.3691421 2.6751707 2.6700006 2.2642465 2.3138560 1.4192882 1.2277559 1.3132956 0.2798454 0.3021292 0.5706151 0.2684120 0.0662851 0.0000000 0.1386315 0.0376791 1.2026166 0.7430776 0.7812168 1.1360626 1.1570557 1.1597499 1.1716177 1.1169054 1.3839295 1.2625202 1.9554974 1.0769298 1.5111221 1.5035005 1.7528986 1.5767408 0.6263116 2.2309744 2.4401565 1.9062613 2.3899992 2.3204061 2.2773515 2.2831245 2.1396889 1.8950337 3.3917558 3.1785656 3.4405259 2.7215198 2.6166901 1.5013013 1.8474726 1.5163722 2.0249262 2.0514538 1.9178579 1.9640448 1.5857534 1.7429374 2.0375615 3.0422713 
Adig_XM_015923179.1                                      6.0366215 3.1822337 3.7081096 3.7113930 6.8645610 3.3982684 1.6883215 1.5331642 1.7867391 0.4708279 0.5006192 0.5399270 0.4017601 0.2544234 0.1386315 0.0000000 1.5472558 1.1213822 0.9135997 1.0306957 1.3655938 1.5032581 1.4220933 1.4350556 1.3779008 1.4752335 0.0000010 1.8898538 1.0651476 1.5661116 3.0007015 2.0861747 1.8227859 0.0000010 2.3945240 2.0667753 2.2463882 2.5912459 2.6459879 2.5339579 2.6387865 9.0000000 1.5701096 4.2260401 4.0636048 4.6853201 2.8047289 3.4188919 1.8589912 1.8139372 6.6144234 2.4180047 2.4872493 2.4909614 2.4634761 1.9739142 2.0853349 2.6236875 3.5776365 
Adig_XM_015923180.1                                      0.0000010 2.1520832 2.6206294 2.5667211 2.5156519 3.2874142 1.4195746 1.4875768 1.2109104 0.3102190 0.3190842 0.7583207 0.3557298 0.1035266 0.0376791 1.5472558 0.0000000 3.3296998 0.6597974 0.6723725 1.1824228 1.4275504 1.5034958 1.5669903 1.0992720 1.4046777 1.5621565 1.6498747 1.1388578 1.5797452 1.2803838 1.8269269 1.8309274 1.9715827 2.4749580 5.5637441 1.9385799 2.0505299 1.9209096 2.0324827 2.0945524 1.9912992 2.1778170 3.3054604 2.7959519 3.3106835 2.2923171 2.1763072 2.1194253 4.6852310 1.9169427 2.0069385 2.0069385 1.8539358 1.8889297 1.8814416 1.9084050 2.0045896 3.7425365 
Nvec_NVE7235                                             2.6672844 2.6351811 3.4719075 3.4387701 3.6087291 4.0259591 1.2555651 1.4516913 1.4310100 0.8224201 0.9553115 0.6552831 0.8449746 0.9450603 1.2026166 1.1213822 3.3296998 0.0000000 0.1511366 0.7039986 1.2164037 1.4629014 1.1657786 1.1932637 0.9940041 1.4192040 5.3042291 2.3143744 1.1371723 1.6054303 1.7836784 1.8175501 1.4701298 4.4242223 2.2708350 2.1412522 2.0356973 2.6783923 2.6664848 2.7697203 2.6073205 3.3367516 1.9793534 3.1648684 3.0973764 3.1540199 1.9233017 3.4076775 2.0217639 1.7310383 5.7566369 2.0474629 2.0474629 2.1113837 2.2227931 4.0285561 2.3252490 2.0997059 3.0029159 
Nvec_v1g247042                                           2.5336315 2.2441035 2.5604127 2.5788561 2.2488336 2.3629504 1.2249188 1.1731250 1.1612687 0.5561068 0.5837317 0.5704964 0.7655533 0.6327905 0.7430776 0.9135997 0.6597974 0.1511366 0.0000000 0.4272099 0.9491204 1.1069073 1.1075230 1.0885185 0.8413926 1.1474939 1.1485251 1.5850525 0.8896296 1.4048056 1.4690676 1.4206537 1.4650811 1.2753476 2.0028617 2.1867814 1.7263578 1.6937263 1.6904149 1.7061211 1.7632806 1.5953490 1.4384782 2.8700649 2.4491929 2.8114857 1.5387557 2.5231823 1.6571833 2.1515846 1.8538572 2.0095561 2.0321742 1.9496284 2.0314199 1.7333549 1.8938750 1.9821463 2.8517211 
Exapal_XM_021048496.2                                    2.7998999 2.2785357 2.5764992 2.5966232 2.2343058 2.8344747 1.2821121 1.1522733 1.2013410 0.5403847 0.5716475 0.6223260 0.8342792 0.6936494 0.7812168 1.0306957 0.6723725 0.7039986 0.4272099 0.0000000 0.9845990 1.1824955 1.1085949 1.0924891 0.9195770 1.1956113 1.0895977 1.4428028 1.0096117 1.3757527 1.5279373 1.4543207 1.4777790 1.2249093 2.0713895 2.2643693 1.5512140 1.7535471 1.7400704 1.7295966 1.8283734 1.6255574 1.4850582 3.1592511 2.5102022 3.1045456 1.4424764 2.3935855 1.6615518 2.2447015 1.8309363 1.9726756 1.9958367 1.8710213 1.9562270 1.6876984 1.9566063 1.9486022 3.0797445 
Bralan_BLAG05000672_2                                    2.8306616 2.2119150 2.3895716 2.3809771 2.1575390 2.1960823 1.3111398 1.0495593 0.9998956 1.0214667 1.0036386 0.9539095 1.3208622 1.0368249 1.1360626 1.3655938 1.1824228 1.2164037 0.9491204 0.9845990 0.0000000 1.4342009 1.3824382 1.3332041 1.0556738 0.9072790 1.1071184 1.1683435 1.1845620 1.0611930 1.0135454 1.6346174 1.6239832 1.4660213 1.6894863 1.9918656 1.4632154 1.6864217 1.7701129 1.7035760 1.8053161 1.4243360 1.2343854 3.0206469 2.2198205 2.5459735 1.4190054 2.4250474 1.5281363 2.0278639 1.7741562 1.8043504 1.8333491 1.7629171 1.8225804 1.7569982 1.8782489 1.8389642 2.3147506 
Sanmal_Sma_009213-T1                                     2.5379556 2.6133992 2.8263509 2.8092003 2.3183929 2.2041585 1.8440593 1.6206816 1.5569866 1.0718062 1.0515680 1.0399567 1.2877779 1.1745627 1.1570557 1.5032581 1.4275504 1.4629014 1.1069073 1.1824955 1.4342009 0.0000000 0.5304796 0.4924989 1.3106877 1.5469623 1.5576569 1.8210476 1.0567024 1.6407319 1.8652491 1.3987312 1.3184576 1.2783580 2.1202596 2.5138849 1.9940682 2.0226151 2.0265283 2.0189819 2.0883513 1.7414494 1.8315524 3.5999991 2.8091302 3.3071334 2.0619885 2.8899384 2.0284495 3.0805992 2.0181718 2.3206114 2.3398825 2.2074119 2.2579206 2.0521717 2.2887520 2.2896830 3.1449736 
Nemnom_g17108.t1                                         3.0175356 2.5880643 2.9675764 2.9375487 2.5417240 2.8062948 1.8616224 1.6124817 1.4731062 1.0538126 1.1758440 0.9547402 1.2027093 1.1616876 1.1597499 1.4220933 1.5034958 1.1657786 1.1075230 1.1085949 1.3824382 0.5304796 0.0000000 0.1185155 1.3758832 1.4652515 1.6296651 1.7278534 0.9402897 1.6204649 1.9679189 1.2901910 1.3559854 1.1669571 2.3868322 2.5613349 2.1682607 2.1188028 2.1492314 2.1473907 2.1345240 2.0328979 1.7210981 3.6706742 2.9889848 3.5623371 2.1086491 2.8948871 2.0391629 2.5852397 1.8770187 2.1467865 2.1499238 2.1316301 2.1694081 2.0839324 2.2791315 2.2329264 3.1927763 
Rhoesc_Res_013593-T1                                     3.0954079 2.5619818 2.9326929 2.8726132 2.5195811 2.7322916 1.7549232 1.5778781 1.4570586 1.0677989 1.1720278 0.8835025 1.2148426 1.1343407 1.1716177 1.4350556 1.5669903 1.1932637 1.0885185 1.0924891 1.3332041 0.4924989 0.1185155 0.0000000 1.3706817 1.4462094 1.6092139 1.9107001 0.8654440 1.5742943 1.9377340 1.2975357 1.2859990 1.2394730 2.2688175 2.4359098 2.1034512 2.1046594 2.1143997 2.1112160 2.1017310 2.0571907 1.6366104 3.5787086 2.9027837 3.3251528 2.2049296 2.8593718 1.9378924 2.7627108 1.8888841 2.1748327 2.1780763 2.2032384 2.2097941 2.1695711 2.2840172 2.2342638 3.1845248 
Dgig_XM_028558634.1                                      2.6664372 2.4557988 2.4673799 2.5298301 2.0445010 2.6477507 1.4793507 1.4735151 1.3498806 1.0243252 1.0069111 1.0387302 1.2776270 1.0384217 1.1169054 1.3779008 1.0992720 0.9940041 0.8413926 0.9195770 1.0556738 1.3106877 1.3758832 1.3706817 0.0000000 1.3493724 1.2924715 1.3937439 1.1661252 1.5313508 1.7757904 1.5306400 1.5935798 1.1423975 1.8431866 2.0300225 1.6806307 1.8320766 1.8164922 1.8168531 1.9324730 1.4706054 1.6460618 3.1377022 2.6725270 2.7387379 1.3745711 2.5205954 1.8132656 2.3585831 2.2090646 2.1275903 2.1678600 1.9711973 2.1360338 2.2080114 2.0831900 2.0917019 3.0644718 
Cscu_XM_023373160.1                                      2.7131231 2.5139333 2.6452657 2.9001099 2.7037903 2.9072258 1.1414515 1.0420348 1.0779338 1.1908471 1.2375054 1.2522497 1.5169240 1.2770346 1.3839295 1.4752335 1.4046777 1.4192040 1.1474939 1.1956113 0.9072790 1.5469623 1.4652515 1.4462094 1.3493724 0.0000000 1.0194775 1.2910837 1.2599039 1.2088134 1.4496751 1.6434159 1.7298923 1.6584815 2.0711964 2.5726896 1.8425444 1.9526517 1.9714712 2.0042268 2.0534165 1.7163216 1.5245507 3.0718607 2.6852663 2.7440247 2.1728407 2.7451979 1.3375655 2.2361244 1.8460781 1.9747094 1.9875931 1.9969229 2.0294482 1.8220142 1.9718430 2.0824264 2.2499253 
Acagra_model.g8793.t1                                    0.0000010 1.6907751 1.8567330 2.1404118 2.3212737 4.2428495 0.8478870 1.0816414 0.4030217 1.1226107 1.1753823 0.0000010 1.8554005 1.1660237 1.2625202 0.0000010 1.5621565 5.3042291 1.1485251 1.0895977 1.1071184 1.5576569 1.6296651 1.6092139 1.2924715 1.0194775 0.0000000 0.9201530 0.4669106 1.2004547 1.2000109 1.7674753 1.9782818 1.6354116 1.5819687 0.0000010 1.2462348 1.2093758 1.2851912 1.4114729 1.6919645 1.3589557 3.3236588 2.2527284 2.0420498 2.5445820 1.7065768 2.3025616 4.1115213 0.8872350 1.8354372 1.8806553 1.8806553 1.8089085 1.9015204 1.4561841 1.6928716 1.8426222 3.7915532 
Ctel_gnl_WGS_AMQN_CAPTEDRAFT_mRNA226041                  4.9433593 2.2656620 2.8164375 3.0127998 2.6046032 5.3350723 1.9535404 1.6993897 1.4135155 1.5309663 1.5669556 2.3590771 2.6547821 1.6495621 1.9554974 1.8898538 1.6498747 2.3143744 1.5850525 1.4428028 1.1683435 1.8210476 1.7278534 1.9107001 1.3937439 1.2910837 0.9201530 0.0000000 1.4115641 1.4748573 1.2372474 2.1145328 2.4049634 2.0174007 2.1917907 4.1876108 1.9116320 2.0103016 2.0087227 2.1706756 2.6956545 1.4814042 2.5856378 4.0247405 2.6079550 3.0419466 1.9525465 2.9585758 3.7192712 2.6441922 2.7859195 2.6795030 2.6795030 2.6592328 2.5671469 2.5437893 2.1698678 2.4670648 4.9062153 
Morvir_scaffold556.g10.t2                                2.5284837 2.7794357 3.2602860 3.3113421 3.4254840 6.3449332 2.1862725 1.6379413 1.4055505 0.9947908 1.0421663 0.7242390 1.0266294 1.0320602 1.0769298 1.0651476 1.1388578 1.1371723 0.8896296 1.0096117 1.1845620 1.0567024 0.9402897 0.8654440 1.1661252 1.2599039 0.4669106 1.4115641 0.0000000 1.4410387 2.2869726 1.3894699 1.3792758 5.5361688 2.3027477 2.1642615 1.9965986 2.0981906 2.1358989 2.0307943 2.1668305 4.5979807 1.3411118 3.7656068 2.9845595 3.3809040 0.0000010 3.0746692 1.4635658 1.9389224 8.6614557 2.3219230 2.3753384 2.2789987 2.4242183 2.9549340 2.0374238 2.1732728 2.8122568 
Spur_XM_030972485.1                                      2.6514666 2.6164161 2.9962011 2.8909132 2.7120455 3.0821280 1.6855845 1.4187717 1.3420452 1.3305054 1.3918327 1.2346844 1.8243108 1.3871679 1.5111221 1.5661116 1.5797452 1.6054303 1.4048056 1.3757527 1.0611930 1.6407319 1.6204649 1.5742943 1.5313508 1.2088134 1.2004547 1.4748573 1.4410387 0.0000000 1.4844535 1.9929265 2.2213664 1.9189466 2.0591312 2.1596521 1.9552207 1.8828910 1.8582207 1.9108443 2.0534080 1.5590336 1.4655469 3.2459858 2.7468344 2.9556920 1.8042155 2.6488936 1.7359468 2.3097793 2.0687244 2.1280380 2.1528580 2.0753681 2.1853127 2.0073675 2.2232127 2.1566734 2.8787421 
Skow_XM_006813403.1                                      3.9802581 2.3769169 2.8493895 2.8187805 2.1957335 2.4125912 1.3110251 1.4382695 1.6841843 1.4247000 1.4951378 3.0776062 2.7142327 1.4988221 1.5035005 3.0007015 1.2803838 1.7836784 1.4690676 1.5279373 1.0135454 1.8652491 1.9679189 1.9377340 1.7757904 1.4496751 1.2000109 1.2372474 2.2869726 1.4844535 0.0000000 2.2906042 2.0107577 1.3306691 2.0997967 3.5989931 1.9182308 2.2661489 2.3589506 2.3622252 2.7256890 1.5580114 3.6266761 3.7106427 3.0589052 3.0086759 1.9551209 2.5733129 2.0339940 2.9978684 1.8063710 2.1919072 2.1993619 2.0758919 2.1092138 1.8451550 2.1173302 2.1059516 2.8854951 
Chem_TCONS_00065222                                      2.7263109 2.2902674 2.8216732 3.0848819 2.8761417 3.1918857 2.3020176 1.9145275 1.7304090 1.3692447 1.4246928 1.2047396 1.5790013 1.4009528 1.7528986 2.0861747 1.8269269 1.8175501 1.4206537 1.4543207 1.6346174 1.3987312 1.2901910 1.2975357 1.5306400 1.6434159 1.7674753 2.1145328 1.3894699 1.9929265 2.2906042 0.0000000 0.9187718 1.2254283 2.5382201 2.8086766 2.3543226 2.4175388 2.3852924 2.4398821 2.4615971 2.2092688 1.9327608 3.4313745 2.9837015 3.0211170 1.8920442 3.0557904 2.1900478 2.4575169 2.2470352 2.4768183 2.4812716 2.3559455 2.4479203 2.2017028 2.4882223 2.4483003 3.2799382 
Hvul_g15315_1                                            1.9800616 2.1302398 3.0461264 3.1462056 3.1525825 3.4181511 2.1666390 1.8421591 1.8814421 1.4046850 1.4368035 1.5059229 1.7462544 1.4689908 1.5767408 1.8227859 1.8309274 1.4701298 1.4650811 1.4777790 1.6239832 1.3184576 1.3559854 1.2859990 1.5935798 1.7298923 1.9782818 2.4049634 1.3792758 2.2213664 2.0107577 0.9187718 0.0000000 1.4178796 2.4791463 2.6426481 2.2920402 2.5461244 2.4504163 2.5151305 2.5694078 2.3058564 2.2882308 3.3424843 2.8466605 3.0707340 2.0275551 2.8305346 2.4692912 2.2237440 2.7968392 2.4232142 2.4172644 2.4261060 2.3996317 2.9639888 2.4713113 2.2967575 3.1861790 
Morvir_scaffold556.g11.t1                                0.0000010 1.4092070 1.8655591 1.7887500 1.7510494 3.0906458 1.3545776 1.7271221 0.0000010 1.2588202 1.2842325 0.0000010 5.3844744 1.3444632 0.6263116 0.0000010 1.9715827 4.4242223 1.2753476 1.2249093 1.4660213 1.2783580 1.1669571 1.2394730 1.1423975 1.6584815 1.6354116 2.0174007 5.5361688 1.9189466 1.3306691 1.2254283 1.4178796 0.0000000 2.0680960 8.9999983 1.4284125 1.9193659 1.9907330 2.0193916 1.9258586 2.0156969 8.9999987 2.3963303 1.9629308 2.0419176 1.8467958 2.2214127 3.4556424 5.6592845 2.0463630 2.1950252 2.1950252 2.0452753 2.0538108 2.0400119 2.1520817 2.1520817 2.8641692 
Opea_EP00118_Oscarella_pearsei_P010107                   3.4899577 2.7114139 2.9064783 2.9565585 3.0660971 3.3936552 2.1661500 1.9976796 2.2325508 1.7959318 1.8026929 2.0805924 2.0565203 1.9178187 2.2309744 2.3945240 2.4749580 2.2708350 2.0028617 2.0713895 1.6894863 2.1202596 2.3868322 2.2688175 1.8431866 2.0711964 1.5819687 2.1917907 2.3027477 2.0591312 2.0997967 2.5382201 2.4791463 2.0680960 0.0000000 0.1445095 0.8250069 1.8177649 1.6786117 1.7855296 1.8673488 1.6494284 2.5840353 3.3824784 2.9417099 3.1732953 2.0089541 3.0234062 2.6133291 3.1902425 2.2927998 2.6819095 2.7057274 2.5901928 2.5677189 2.5321663 2.5530155 2.5480275 3.2544959 
Opea_EP00118_Oscarella_pearsei_P010108                   3.4899577 3.3404433 3.2623873 3.1936917 8.9999985 6.6684503 3.5447301 2.1587236 2.2190077 2.0173685 1.9521648 1.9813364 1.8324177 1.9612355 2.4401565 2.0667753 5.5637441 2.1412522 2.1867814 2.2643693 1.9918656 2.5138849 2.5613349 2.4359098 2.0300225 2.5726896 0.0000010 4.1876108 2.1642615 2.1596521 3.5989931 2.8086766 2.6426481 8.9999983 0.1445095 0.0000000 1.1148902 1.9984984 1.8265878 1.8617226 1.9630657 3.1315281 2.0856132 3.5812826 2.9451875 3.3184315 1.3842921 3.7163228 2.6196423 3.1674986 8.9999990 3.4537983 3.5211207 3.3106408 3.4285387 6.0742795 3.6464668 3.2829001 3.5982558 
Plajan_Pjan_C555093_01                                   2.5703321 2.3769791 2.5522776 2.5988970 2.5454471 2.8055007 1.9799750 1.7369168 2.0311326 1.5528356 1.6004421 1.8532292 1.9940008 1.7070285 1.9062613 2.2463882 1.9385799 2.0356973 1.7263578 1.5512140 1.4632154 1.9940682 2.1682607 2.1034512 1.6806307 1.8425444 1.2462348 1.9116320 1.9965986 1.9552207 1.9182308 2.3543226 2.2920402 1.4284125 0.8250069 1.1148902 0.0000000 1.4951451 1.4572381 1.5003166 1.5859435 1.3738850 2.3040757 3.3089696 2.6087637 2.9559075 1.4633742 2.5871594 2.4952459 3.3160895 1.8557025 2.3693026 2.3966573 2.2216601 2.1643313 2.0054852 2.0694936 2.0985765 3.0960627 
Gracom_Gcom_scaffold17785_01                             2.7719438 2.6055869 2.8391885 2.7256066 2.5899129 2.9719649 2.4053543 1.8702094 1.8943490 1.8926637 1.8773174 1.9449351 2.4747238 1.9605072 2.3899992 2.5912459 2.0505299 2.6783923 1.6937263 1.7535471 1.6864217 2.0226151 2.1188028 2.1046594 1.8320766 1.9526517 1.2093758 2.0103016 2.0981906 1.8828910 2.2661489 2.4175388 2.5461244 1.9193659 1.8177649 1.9984984 1.4951451 0.0000000 0.1884347 0.1973347 0.2294762 0.5010115 2.2741405 3.1364839 2.8018978 3.3235362 1.5004565 2.7689745 2.5737984 3.0713808 2.5069494 2.4326134 2.4457754 2.3501376 2.4043418 2.4650627 2.3975432 2.3413069 3.3739027 
Leuniv_Lniv_scaffold18907_01                             2.7635980 2.5728454 2.7054498 2.5566352 2.3647042 2.5263410 2.3614601 1.8846417 2.0561628 1.8230678 1.8747358 2.0166397 2.4430797 1.9321400 2.3204061 2.6459879 1.9209096 2.6664848 1.6904149 1.7400704 1.7701129 2.0265283 2.1492314 2.1143997 1.8164922 1.9714712 1.2851912 2.0087227 2.1358989 1.8582207 2.3589506 2.3852924 2.4504163 1.9907330 1.6786117 1.8265878 1.4572381 0.1884347 0.0000000 0.1945824 0.2138319 0.4226345 2.5250005 3.1433248 2.6627606 3.2445389 1.5233120 2.8472086 2.6478829 3.0829620 2.2161413 2.2900835 2.3045965 2.1994826 2.2698999 2.2096953 2.2601724 2.2091964 3.0495230 
Scil_scict021353.1                                       2.5714223 2.8073751 2.7907446 2.6460013 2.7191900 2.9701023 2.6106812 1.9229738 1.9519951 1.7650476 1.8024836 1.8976432 2.3963031 1.9127125 2.2773515 2.5339579 2.0324827 2.7697203 1.7061211 1.7295966 1.7035760 2.0189819 2.1473907 2.1112160 1.8168531 2.0042268 1.4114729 2.1706756 2.0307943 1.9108443 2.3622252 2.4398821 2.5151305 2.0193916 1.7855296 1.8617226 1.5003166 0.1973347 0.1945824 0.0000000 0.2217044 0.5099044 2.2793736 3.1885472 2.7879564 3.3635027 1.6338110 2.8256465 2.7645363 3.0595976 2.3101742 2.3309946 2.3437638 2.2485729 2.3206708 2.3099537 2.3486357 2.2683296 3.2110352 
Lcom_lcpid111879                                         2.8775075 2.7759507 2.8370331 2.6590605 2.5021617 2.6660371 2.4704551 1.9489312 2.0023685 1.8520068 1.8645772 1.8336271 2.3166381 1.9632930 2.2831245 2.6387865 2.0945524 2.6073205 1.7632806 1.8283734 1.8053161 2.0883513 2.1345240 2.1017310 1.9324730 2.0534165 1.6919645 2.6956545 2.1668305 2.0534080 2.7256890 2.4615971 2.5694078 1.9258586 1.8673488 1.9630657 1.5859435 0.2294762 0.2138319 0.2217044 0.0000000 0.5751993 2.2130310 3.2251529 2.9218203 3.2698433 1.4473460 2.9216720 2.5948984 3.0385727 2.1588410 2.3141162 2.3280141 2.2879831 2.3416810 2.4514441 2.4719843 2.3826375 3.1925532 
Clacor_Ccor_scaffold11097_01                             0.0000010 2.5707895 2.5967823 2.4852694 2.4359435 2.8222850 2.2541347 1.9305985 2.0173298 1.6216475 1.6451716 1.5344931 3.6313333 1.7955442 2.1396889 9.0000000 1.9912992 3.3367516 1.5953490 1.6255574 1.4243360 1.7414494 2.0328979 2.0571907 1.4706054 1.7163216 1.3589557 1.4814042 4.5979807 1.5590336 1.5580114 2.2092688 2.3058564 2.0156969 1.6494284 3.1315281 1.3738850 0.5010115 0.4226345 0.5099044 0.5751993 0.0000000 4.0157360 3.7271115 2.9821617 3.9192540 1.5750459 2.2974534 3.4087376 5.1366464 2.2236789 2.2877530 2.2877530 2.1837710 2.2135459 2.2902711 2.3027725 2.4453894 3.7437345 
Skow_XM_006815369.1                                      3.0338068 3.1779131 3.6890608 3.3745539 6.8889430 6.3325293 5.4580318 1.7761875 1.3044208 1.3727108 1.4749860 1.2179817 1.4432112 1.4665602 1.8950337 1.5701096 2.1778170 1.9793534 1.4384782 1.4850582 1.2343854 1.8315524 1.7210981 1.6366104 1.6460618 1.5245507 3.3236588 2.5856378 1.3411118 1.4655469 3.6266761 1.9327608 2.2882308 8.9999987 2.5840353 2.0856132 2.3040757 2.2741405 2.5250005 2.2793736 2.2130310 4.0157360 0.0000000 3.4576618 3.0577762 3.2548068 3.4290743 3.1576054 2.0878169 2.8103946 8.4882621 3.0498877 3.0263344 2.8567896 2.8227271 4.2682458 2.9061512 2.7010098 2.7390666 
Xestes_maker-XT_scaffold177553-augustus-gene-0.36-mRNA-1 1.2765778 1.5449748 1.8654418 1.8991952 2.2100086 3.0144479 3.2689050 2.8763052 2.8621616 2.9339498 2.9983517 3.0254649 3.4102203 3.2174428 3.3917558 4.2260401 3.3054604 3.1648684 2.8700649 3.1592511 3.0206469 3.5999991 3.6706742 3.5787086 3.1377022 3.0718607 2.2527284 4.0247405 3.7656068 3.2459858 3.7106427 3.4313745 3.3424843 2.3963303 3.3824784 3.5812826 3.3089696 3.1364839 3.1433248 3.1885472 3.2251529 3.7271115 3.4576618 0.0000000 0.6053446 0.6704440 1.5790262 2.0272615 3.5844739 3.3394566 3.7353229 3.3212689 3.3320056 3.2909530 3.3364349 3.0857300 3.3889379 3.3274969 4.2118625 
Halamb_c46696_g1_i1m.21061                               1.2482141 1.4848061 1.8160891 1.8500106 2.0405840 2.7726559 3.2007353 2.5650306 2.5743085 2.3410388 2.3190669 2.5783745 2.8568054 2.5033597 3.1785656 4.0636048 2.7959519 3.0973764 2.4491929 2.5102022 2.2198205 2.8091302 2.9889848 2.9027837 2.6725270 2.6852663 2.0420498 2.6079550 2.9845595 2.7468344 3.0589052 2.9837015 2.8466605 1.9629308 2.9417099 2.9451875 2.6087637 2.8018978 2.6627606 2.7879564 2.9218203 2.9821617 3.0577762 0.6053446 0.0000000 0.5604099 1.2731722 2.0232695 3.6487813 3.5927757 3.2840770 2.9552653 2.9823440 2.9046143 2.9867548 2.8832237 3.1012437 3.1347821 3.9254302 
Aque_Aqu2.1.42592_001                                    1.1077309 1.6390545 1.8040137 1.8533903 2.1201935 3.2067545 3.1101827 2.8395069 2.6738037 2.8100889 2.8028517 3.0285798 3.2685815 2.9655465 3.4405259 4.6853201 3.3106835 3.1540199 2.8114857 3.1045456 2.5459735 3.3071334 3.5623371 3.3251528 2.7387379 2.7440247 2.5445820 3.0419466 3.3809040 2.9556920 3.0086759 3.0211170 3.0707340 2.0419176 3.1732953 3.3184315 2.9559075 3.3235362 3.2445389 3.3635027 3.2698433 3.9192540 3.2548068 0.6704440 0.5604099 0.0000000 1.7345663 2.0860927 3.6175034 4.3287457 3.9071969 3.5118570 3.5394390 3.3264555 3.3130864 3.5253282 3.8455128 3.5380039 4.0591601 
Stycar_maker-SC_scaffold1812-augustus-gene-0.1-mRNA-1    1.5298292 1.2612328 1.7434817 1.7754279 1.7882473 4.6722045 1.3747278 2.0077445 0.9950873 1.2631726 1.2769670 0.9544963 2.3756062 1.3597872 2.7215198 2.8047289 2.2923171 1.9233017 1.5387557 1.4424764 1.4190054 2.0619885 2.1086491 2.2049296 1.3745711 2.1728407 1.7065768 1.9525465 0.0000010 1.8042155 1.9551209 1.8920442 2.0275551 1.8467958 2.0089541 1.3842921 1.4633742 1.5004565 1.5233120 1.6338110 1.4473460 1.5750459 3.4290743 1.5790262 1.2731722 1.7345663 0.0000000 1.6011635 5.3663504 5.0113185 2.1527108 2.3622636 2.3622636 2.1469175 2.1929950 1.9751990 2.4522289 2.4281112 5.2550820 
Plespi_Pspi_scaffold14666_01                             1.6494671 1.6527759 2.2197972 2.0976410 1.8884728 2.3755266 3.0107834 2.7389978 2.6468102 2.3934081 2.3867143 2.9282449 2.9968355 2.5442175 2.6166901 3.4188919 2.1763072 3.4076775 2.5231823 2.3935855 2.4250474 2.8899384 2.8948871 2.8593718 2.5205954 2.7451979 2.3025616 2.9585758 3.0746692 2.6488936 2.5733129 3.0557904 2.8305346 2.2214127 3.0234062 3.7163228 2.5871594 2.7689745 2.8472086 2.8256465 2.9216720 2.2974534 3.1576054 2.0272615 2.0232695 2.0860927 1.6011635 0.0000000 3.1827389 4.3100389 2.7735877 2.9657529 2.9898146 2.9290486 2.9704583 2.8504240 3.7776529 3.1831416 4.3871426 
Ctel_gnl_WGS_AMQN_CAPTEDRAFT_mRNA207998                  2.6639042 3.0790795 2.9181473 2.9889896 2.7275459 3.2143564 1.3495039 1.5033665 1.3225698 1.7476591 1.7771021 1.5601069 1.7274673 1.7825820 1.5013013 1.8589912 2.1194253 2.0217639 1.6571833 1.6615518 1.5281363 2.0284495 2.0391629 1.9378924 1.8132656 1.3375655 4.1115213 3.7192712 1.4635658 1.7359468 2.0339940 2.1900478 2.4692912 3.4556424 2.6133291 2.6196423 2.4952459 2.5737984 2.6478829 2.7645363 2.5948984 3.4087376 2.0878169 3.5844739 3.6487813 3.6175034 5.3663504 3.1827389 0.0000000 2.8476136 3.0626143 2.7942269 2.8686154 2.6498145 2.8388256 3.3970510 2.9066049 2.7289596 2.8941855 
Hhon_g11550.t1                                           8.9999988 3.3585052 3.4349124 3.4155011 5.2430652 0.0000010 2.4441191 2.5361058 2.6492706 2.1526979 2.2307084 2.4400339 2.2682827 2.2706827 1.8474726 1.8139372 4.6852310 1.7310383 2.1515846 2.2447015 2.0278639 3.0805992 2.5852397 2.7627108 2.3585831 2.2361244 0.8872350 2.6441922 1.9389224 2.3097793 2.9978684 2.4575169 2.2237440 5.6592845 3.1902425 3.1674986 3.3160895 3.0713808 3.0829620 3.0595976 3.0385727 5.1366464 2.8103946 3.3394566 3.5927757 4.3287457 5.0113185 4.3100389 2.8476136 0.0000000 0.0000010 0.1303062 0.1541716 0.3288532 0.3182525 1.7974218 0.4756376 0.5671961 2.7261208 
Hhon_g11549.t1                                           0.0000010 2.4434666 2.7609348 3.0251070 2.9547541 3.3581363 1.7714779 1.8058985 2.6117037 1.7588384 1.7704311 0.0000010 4.2833641 1.6616168 1.5163722 6.6144234 1.9169427 5.7566369 1.8538572 1.8309363 1.7741562 2.0181718 1.8770187 1.8888841 2.2090646 1.8460781 1.8354372 2.7859195 8.6614557 2.0687244 1.8063710 2.2470352 2.7968392 2.0463630 2.2927998 8.9999990 1.8557025 2.5069494 2.2161413 2.3101742 2.1588410 2.2236789 8.4882621 3.7353229 3.2840770 3.9071969 2.1527108 2.7735877 3.0626143 0.0000010 0.0000000 0.0244139 0.0244139 0.2518175 0.2241959 0.3425391 0.3330104 0.3819312 3.3329910 
Hhon_g06530.t1                                           2.3684750 2.7316296 3.0399874 3.1457121 3.1976450 3.6363341 2.2048568 2.2917565 2.4393353 1.9231223 1.9177204 2.2395693 2.3697613 1.9196825 2.0249262 2.4180047 2.0069385 2.0474629 2.0095561 1.9726756 1.8043504 2.3206114 2.1467865 2.1748327 2.1275903 1.9747094 1.8806553 2.6795030 2.3219230 2.1280380 2.1919072 2.4768183 2.4232142 2.1950252 2.6819095 3.4537983 2.3693026 2.4326134 2.2900835 2.3309946 2.3141162 2.2877530 3.0498877 3.3212689 2.9552653 3.5118570 2.3622636 2.9657529 2.7942269 0.1303062 0.0244139 0.0000000 0.0084400 0.2418940 0.2433574 0.3775704 0.4553884 0.4280426 3.1182907 
HoiH04_mRNA6475                                          2.4290405 2.7552468 3.0321034 3.1169560 3.1976450 3.6363341 2.2048568 2.3338642 2.5084769 1.9446262 1.9522776 2.2989795 2.4098019 1.9433916 2.0514538 2.4872493 2.0069385 2.0474629 2.0321742 1.9958367 1.8333491 2.3398825 2.1499238 2.1780763 2.1678600 1.9875931 1.8806553 2.6795030 2.3753384 2.1528580 2.1993619 2.4812716 2.4172644 2.1950252 2.7057274 3.5211207 2.3966573 2.4457754 2.3045965 2.3437638 2.3280141 2.2877530 3.0263344 3.3320056 2.9823440 3.5394390 2.3622636 2.9898146 2.8686154 0.1541716 0.0244139 0.0084400 0.0000000 0.2435747 0.2403743 0.3775704 0.4639308 0.4346989 3.1382981 
HoiH23_PlH23_002609-RA                                   2.3014329 2.6202259 2.9892046 3.0476929 3.0435931 3.6880764 2.1092802 2.2569433 2.1772515 1.8421321 1.8514645 2.1752795 2.1968034 1.8104623 1.9178579 2.4909614 1.8539358 2.1113837 1.9496284 1.8710213 1.7629171 2.2074119 2.1316301 2.2032384 1.9711973 1.9969229 1.8089085 2.6592328 2.2789987 2.0753681 2.0758919 2.3559455 2.4261060 2.0452753 2.5901928 3.3106408 2.2216601 2.3501376 2.1994826 2.2485729 2.2879831 2.1837710 2.8567896 3.2909530 2.9046143 3.3264555 2.1469175 2.9290486 2.6498145 0.3288532 0.2518175 0.2418940 0.2435747 0.0000000 0.1130337 0.4494774 0.3770489 0.3706373 3.2853943 
HoiH06_mRNA14872                                         3.0550078 2.7081654 3.0457367 3.0923633 3.1240610 3.7229123 2.1218477 2.2701386 2.3715513 1.8693304 1.9184513 2.1727762 2.3452143 1.8498527 1.9640448 2.4634761 1.8889297 2.2227931 2.0314199 1.9562270 1.8225804 2.2579206 2.1694081 2.2097941 2.1360338 2.0294482 1.9015204 2.5671469 2.4242183 2.1853127 2.1092138 2.4479203 2.3996317 2.0538108 2.5677189 3.4285387 2.1643313 2.4043418 2.2698999 2.3206708 2.3416810 2.2135459 2.8227271 3.3364349 2.9867548 3.3130864 2.1929950 2.9704583 2.8388256 0.3182525 0.2241959 0.2433574 0.2403743 0.1130337 0.0000000 0.3931299 0.3717099 0.3987185 3.2582670 
HoiH11_mRNA63                                            0.0000010 2.3440518 2.7221032 3.0403200 3.0290949 3.5888481 2.1645986 1.7840084 3.2534133 1.6142733 1.6302325 1.4956733 3.2551460 1.6622091 1.5857534 1.9739142 1.8814416 4.0285561 1.7333549 1.6876984 1.7569982 2.0521717 2.0839324 2.1695711 2.2080114 1.8220142 1.4561841 2.5437893 2.9549340 2.0073675 1.8451550 2.2017028 2.9639888 2.0400119 2.5321663 6.0742795 2.0054852 2.4650627 2.2096953 2.3099537 2.4514441 2.2902711 4.2682458 3.0857300 2.8832237 3.5253282 1.9751990 2.8504240 3.3970510 1.7974218 0.3425391 0.3775704 0.3775704 0.4494774 0.3931299 0.0000000 0.5035819 0.5035819 2.8018180 
Tadh_TriadT63540                                         0.0000010 2.8767455 3.0265134 3.0016096 2.8656437 3.2297938 2.0276638 2.1908727 2.3516459 1.8113171 1.8722994 2.2461726 2.4855718 1.8639884 1.7429374 2.0853349 1.9084050 2.3252490 1.8938750 1.9566063 1.8782489 2.2887520 2.2791315 2.2840172 2.0831900 1.9718430 1.6928716 2.1698678 2.0374238 2.2232127 2.1173302 2.4882223 2.4713113 2.1520817 2.5530155 3.6464668 2.0694936 2.3975432 2.2601724 2.3486357 2.4719843 2.3027725 2.9061512 3.3889379 3.1012437 3.8455128 2.4522289 3.7776529 2.9066049 0.4756376 0.3330104 0.4553884 0.4639308 0.3770489 0.3717099 0.5035819 0.0000000 0.0354131 3.2324050 
TrH2_TrispH2_000042-RA                                   2.2966696 2.6642948 3.0173754 2.9943780 2.9225308 3.6746450 2.3378006 2.3487328 2.3336160 1.8871954 1.9515844 2.2345367 2.3313844 1.9343079 2.0375615 2.6236875 2.0045896 2.0997059 1.9821463 1.9486022 1.8389642 2.2896830 2.2329264 2.2342638 2.0917019 2.0824264 1.8426222 2.4670648 2.1732728 2.1566734 2.1059516 2.4483003 2.2967575 2.1520817 2.5480275 3.2829001 2.0985765 2.3413069 2.2091964 2.2683296 2.3826375 2.4453894 2.7010098 3.3274969 3.1347821 3.5380039 2.4281112 3.1831416 2.7289596 0.5671961 0.3819312 0.4280426 0.4346989 0.3706373 0.3987185 0.5035819 0.0354131 0.0000000 3.2498951 
Dpul_mRNA7754                                            5.0110572 3.8818680 4.0200440 4.1997851 4.3463528 4.2877943 2.5591744 2.4462776 2.6841336 2.9023162 2.7741410 2.8747142 2.8808550 2.9669321 3.0422713 3.5776365 3.7425365 3.0029159 2.8517211 3.0797445 2.3147506 3.1449736 3.1927763 3.1845248 3.0644718 2.2499253 3.7915532 4.9062153 2.8122568 2.8787421 2.8854951 3.2799382 3.1861790 2.8641692 3.2544959 3.5982558 3.0960627 3.3739027 3.0495230 3.2110352 3.1925532 3.7437345 2.7390666 4.2118625 3.9254302 4.0591601 5.2550820 4.3871426 2.8941855 2.7261208 3.3329910 3.1182907 3.1382981 3.2853943 3.2582670 2.8018180 3.2324050 3.2498951 0.0000000 
