89
Dpul_mRNA15232                                          0.0000000 0.1120321 0.0000010 1.6228936 0.0000010 2.3360926 2.0474057 2.1877730 9.0000000 0.0000010 1.4372337 1.4121224 1.3942815 1.4544745 1.6234503 0.0000010 1.9769805 1.4501516 0.0000010 6.0853878 2.0334756 0.0000010 1.8361931 2.0787133 2.3696167 0.0000010 2.4374427 2.1706401 1.5023360 1.8767482 0.0000010 1.5439603 1.6093885 0.0000010 2.9865428 3.7260094 2.9873021 0.0000010 3.7212305 0.0000010 1.9620754 0.0000010 1.9620754 0.0000010 0.0000010 3.4180566 3.7388917 4.0433475 0.0000010 0.0000010 0.0000010 0.0000010 0.0000010 0.0000010 0.0000010 2.6347147 1.6071541 1.6071541 1.4464258 1.4464258 1.4464258 1.4464258 1.4187439 0.0000010 0.0000010 0.0000010 2.7553115 3.1868915 3.1868915 4.6990176 0.0000010 3.2948414 0.0000010 0.0000010 0.0000010 0.0000010 0.0000010 2.0694841 2.2433688 0.0000010 2.6622631 2.6622631 0.0000010 0.0000010 2.6778136 0.0000010 0.0000010 0.0000010 0.0000010 
Dpul_mRNA6106                                           0.1120321 0.0000000 0.2770591 2.2676175 3.3256862 2.1977756 2.2476084 2.2758237 2.2682637 2.2486288 2.0430195 2.0080409 1.9773075 1.9904214 1.9811236 1.1747312 2.0556732 2.0656257 2.1429906 2.1721859 2.3190399 1.5087347 2.7486925 1.5965435 1.8508205 1.3626969 1.6035899 1.8275002 1.7019198 1.6565821 1.8147003 1.2360175 1.2587574 1.4131714 2.1648082 2.4140415 2.5220479 1.7710310 2.5766374 2.4130938 2.3354712 2.0523324 2.3650023 2.2553904 2.6595097 2.5944472 2.5053877 2.5223197 2.5063005 2.0450023 2.7975459 2.8640399 2.3751287 2.7008105 2.3736043 2.0323763 2.4319707 2.4772795 2.4515807 2.4559954 2.5073055 2.4633101 2.4774213 2.5969517 2.4875133 2.2163316 3.6672028 4.1571484 4.4853368 4.4077702 3.3775046 3.9592704 3.3619404 3.4501350 4.3260136 2.7932254 2.7981657 2.2895894 2.1457019 5.0361464 4.3272610 3.6580338 3.0715649 2.4110078 2.0736796 5.4486770 5.1768350 5.2240788 2.0466659 
Dpul_mRNA15233                                          0.0000010 0.2770591 0.0000000 2.1632881 2.9759337 2.3268102 2.3320722 2.3059735 1.9215699 0.8469849 2.3286595 2.1703914 2.1824422 2.2602029 2.2106125 1.6553462 2.1438851 2.1784565 4.2287130 1.8525781 2.2966331 0.0000010 2.2460508 2.0090225 2.3664211 2.7755809 2.1919924 1.9786527 1.7478221 2.1495722 4.0210738 1.4697741 2.8996351 1.4528889 2.8631685 2.5247459 2.6321051 2.0296462 2.6864620 0.0000010 2.8274201 0.0000010 3.1077655 2.3517301 3.0216480 3.1258974 3.0832461 2.8090319 2.5753914 0.0000010 0.0000010 1.7882789 3.1134336 3.1134336 8.9999989 1.9805245 2.5105904 2.5105904 2.4685361 2.4743401 2.3991740 2.4136294 2.4998323 2.9049754 2.4367786 0.0000010 0.4914290 3.5489333 3.7748825 4.8114110 0.5400964 3.8735323 0.0000010 0.0000010 4.7069085 0.0000010 2.4177992 4.7643507 2.3590128 0.0000010 3.9616789 3.8091592 3.4224087 0.0000010 2.7879665 8.0943731 3.0134100 3.0134100 3.6694547 
Morvir_scaffold66.g40.t2                                1.6228936 2.2676175 2.1632881 0.0000000 1.9224225 1.1366020 1.2329289 1.2145811 1.2385712 1.3598938 1.6348640 1.6248482 1.6411050 1.6185954 1.6700605 0.7534914 1.7003321 1.7214921 1.4997109 1.8167246 1.9154957 1.2213372 2.3123839 1.7781030 1.8823047 1.5862490 1.9024838 2.0793866 1.8549900 1.9508663 1.9605116 1.9014606 1.9997686 1.9218873 2.1088102 2.5083822 2.4892145 1.5728765 2.5655509 2.6560558 2.3220313 2.5544164 2.2253362 2.3022265 2.4454136 2.6343364 2.5346256 2.5660656 2.5036480 2.3882051 3.1942031 2.6310604 1.9518674 2.2699531 2.5882215 2.1095507 2.4149385 2.4357828 2.4198707 2.4221176 2.4118821 2.3571776 2.3118875 1.5025198 1.4095275 2.4529873 4.0248872 4.2265769 4.3742313 5.0152607 3.3874581 4.2046379 3.4313427 3.8774585 4.1034998 3.5921772 2.5600798 1.2840468 1.2810688 5.5569696 4.1976022 3.3076839 2.5310485 3.3226459 1.8079973 4.2337685 5.9258229 5.5613661 1.8246421 
Aaur_scaffold6793.g1.t1                                 0.0000010 3.3256862 2.9759337 1.9224225 0.0000000 0.3685338 0.4820252 0.5319137 0.0252319 1.9908940 1.8010701 1.9272405 1.9111348 1.8520259 1.8168486 0.0000010 1.7400888 1.9009893 1.7234259 1.9260500 3.2940368 0.0000010 3.2966036 3.0660892 2.6405276 0.0000010 2.2590897 3.2211657 2.0756252 2.1250956 2.2140429 3.1048757 0.0000010 2.9502473 0.0000010 3.2753600 2.9544383 1.6759708 3.2056471 2.3565824 2.9903513 0.0000010 3.0853174 3.3001819 0.0000010 2.8323597 2.9295675 2.6251215 2.3126514 3.1004779 3.1004779 3.4107056 3.1356997 3.2334923 0.0000010 2.7494436 3.8945829 3.8945829 3.9690024 3.9690024 3.9059801 4.0285667 3.5932190 1.3222931 2.7538539 1.2030152 0.0000010 7.7763540 8.1883387 5.5390454 8.4629205 7.2324640 8.4629205 0.0000010 8.9999988 6.4233165 3.3956080 0.0000010 1.3523460 0.0000010 6.3787668 3.2289766 2.7003641 0.0000010 2.6033536 0.0000010 5.9432462 5.4347220 0.0000010 
Sanmal_Sma_026506-T1                                    2.3360926 2.1977756 2.3268102 1.1366020 0.3685338 0.0000000 0.6435835 0.6383210 0.4377750 0.6896710 1.5680203 1.5284281 1.5792573 1.5904435 1.5654009 0.6879387 1.6064846 1.7100360 1.4707429 1.6847349 1.7487455 1.0422333 2.1324344 1.7712770 1.8514694 1.7572703 1.9225930 1.9381378 1.7136001 2.0002450 2.0376831 1.9032447 1.9371268 1.7559056 2.2946719 2.5829991 2.4894949 1.5408014 2.6139491 2.8434555 2.2837606 2.3392924 2.2428537 2.3574047 3.0409210 2.5191427 2.2839314 2.3154642 2.6229841 2.4578014 3.0341532 2.6373411 1.9727199 2.3246281 2.2329421 2.1123980 2.5150707 2.5431066 2.4628358 2.4595899 2.5190360 2.4552273 2.4292599 1.3844481 1.3626912 2.3985261 3.8403126 4.2510911 4.3896227 4.9542599 3.2509366 4.1977163 3.4442071 3.6026896 4.0248549 3.3260282 2.9608595 1.3728674 1.2165213 4.7666295 4.1165248 3.5804916 2.3737723 3.1231296 2.1420592 5.3175235 4.9219914 4.7064170 1.8941106 
Nemnom_g8902.t1                                         2.0474057 2.2476084 2.3320722 1.2329289 0.4820252 0.6435835 0.0000000 0.1508738 0.4199461 0.5926231 1.6677370 1.6137305 1.6539024 1.6655065 1.6398793 0.7131755 1.7359772 1.7447790 1.5911961 1.7955241 1.8409236 1.0881739 2.1746265 1.8806536 1.9795994 1.6767489 2.0158668 2.1160050 1.8484305 2.0688471 2.1836858 1.9497060 1.9865691 1.9672844 2.2538910 2.5575545 2.5844101 1.5851419 2.7093080 2.8645749 2.3927198 2.5566097 2.3301586 2.3030113 2.9213538 2.5397353 2.4221807 2.3462963 2.3692346 2.4244807 3.2289402 2.5694810 2.0157040 2.3804789 2.3758932 2.2689576 2.5632100 2.5898703 2.4990154 2.5002516 2.5501615 2.4488137 2.4852390 1.3987487 1.4778535 2.5773545 4.1862502 4.5571916 4.7166370 4.7613634 3.6677213 4.5063181 3.8998637 4.2437715 4.6317859 4.0198490 2.9963141 1.3596406 1.2435566 4.6807672 4.3788299 3.8820783 2.5219960 3.2422400 2.1356101 5.3806676 5.5601901 5.1978039 1.8224118 
Rhoesc_Res_001463-T1                                    2.1877730 2.2758237 2.3059735 1.2145811 0.5319137 0.6383210 0.1508738 0.0000000 0.4201056 0.5505984 1.6397689 1.5797234 1.6206686 1.6166929 1.6283374 0.7818989 1.7210888 1.7230240 1.5118907 1.7495291 1.8366327 1.1707102 2.1990123 1.8349069 1.9330872 1.7577782 2.0368792 2.0764231 1.7938581 2.0479575 2.2039678 1.9540005 1.9342240 1.9808576 2.4303552 2.5565303 2.5795420 1.6806463 2.6642611 2.9034114 2.4366220 2.6529664 2.3280361 2.3353416 2.7274200 2.5256440 2.4347727 2.3558960 2.3875151 2.3412468 2.9761951 2.6212204 2.0077354 2.3862655 2.2052173 2.2768762 2.5385679 2.5618161 2.4738028 2.4750320 2.5322497 2.4293004 2.4382092 1.4631140 1.4737212 2.5724463 3.9052099 4.5390644 4.6611936 4.6652075 3.6004351 4.5941932 3.8302949 3.8772680 4.3978833 3.9673593 3.0480250 1.3140944 1.2208823 4.7678383 4.4198368 3.8391253 2.4727412 3.1233329 2.1685836 5.5440168 5.7110921 5.3887062 1.8139229 
Aaur_scaffold851.g3.t1                                  9.0000000 2.2682637 1.9215699 1.2385712 0.0252319 0.4377750 0.4199461 0.4201056 0.0000000 2.2796086 1.7534979 1.6391545 1.6476622 1.6603688 1.6642213 0.6992130 1.7485714 1.7286716 2.4008366 1.7397763 1.9131516 1.8449517 1.9701273 1.7249076 1.8689811 1.6739616 1.9369231 2.0296364 1.6466762 2.0107753 2.2705007 1.9450503 2.1666003 1.7631052 2.2527495 2.6009965 2.6070352 1.6267361 2.6349392 2.8412691 2.4084533 0.0000010 2.3976401 2.1675335 2.6388955 2.6153111 2.4984375 2.3421660 2.8260648 9.0000000 0.0000010 2.9842844 2.1467232 1.9805549 2.2975111 2.3246962 2.4213513 2.4283296 2.4182683 2.4147527 2.3519461 2.3814365 2.3785935 2.2539205 1.3527495 9.0000000 4.5572330 4.6555045 4.9163530 4.4601347 0.7698978 4.3527250 0.0000010 0.0000010 7.6716764 0.0000010 4.1297338 1.5146350 1.1854725 0.0000010 3.4248452 3.5191528 2.4025803 3.2905226 2.0312017 6.3075619 4.3711479 4.3573376 1.7988309 
Aaur_scaffold851.g2.t2                                  0.0000010 2.2486288 0.8469849 1.3598938 1.9908940 0.6896710 0.5926231 0.5505984 2.2796086 0.0000000 1.6791005 1.5577119 1.7471578 1.6259784 1.5821171 0.0000010 1.6502385 1.9650105 1.2789136 1.7459223 1.7494185 1.1399063 2.7782943 2.0856258 1.9893948 2.4537820 1.9402970 2.1819405 1.9847299 2.0011119 1.9731942 1.9501002 3.5030172 1.8101370 2.8632096 2.2181646 2.3812061 0.8333793 2.4902381 2.6922453 2.3185107 2.4223337 1.7740352 2.2834739 0.7721682 2.6222306 2.4247364 2.4787418 2.4516156 2.4515486 2.9537043 2.6286343 2.6044362 2.4235932 9.0000000 3.1795625 2.3870628 2.4968839 2.2852824 2.2852824 2.6492206 2.3342882 2.2352427 1.2612226 1.1420443 2.5158767 1.8946419 3.2853288 3.2070943 4.9111657 3.5995746 3.3261565 3.5069658 3.9534914 3.5801518 3.8064797 2.9579448 4.0090219 4.0425676 5.0864291 4.6875982 8.1011548 2.9778792 3.5452903 2.3460577 4.8163454 5.1243414 5.1174729 3.8669968 
Gasp_gasp1.m3.30079.m1                                  1.4372337 2.0430195 2.3286595 1.6348640 1.8010701 1.5680203 1.6677370 1.6397689 1.7534979 1.6791005 0.0000000 0.1480938 0.2173917 0.2086208 0.7011399 0.2274024 0.7436794 0.2856769 0.3425184 0.4151161 1.3359400 0.8115494 1.8234231 1.5402125 1.5890267 1.3719348 1.6085506 1.7176505 1.5737845 1.6897532 1.9539305 1.6252846 1.4582111 1.5952738 1.5873641 2.2548491 2.1111516 1.3624748 2.2731494 2.6494987 2.0769134 2.4727058 2.0165854 1.8469690 2.2266575 2.2467365 2.1379869 2.2429050 2.3190620 2.1935189 3.1262618 2.6314372 1.8100517 2.2715940 1.8627740 1.6793241 2.2335529 2.2685957 2.2196647 2.2209703 2.2996336 2.2552847 2.1814364 1.8471254 1.7732591 2.2521702 3.8643427 3.8077806 3.9508855 4.4689173 2.8879730 3.8035634 2.7206064 3.1996670 3.4288070 2.8561758 2.4865893 1.5384677 1.5037896 5.0005429 4.1037143 3.7264908 2.0590363 2.5048567 1.5958828 4.5007440 4.5354424 4.3236192 1.2549519 
Fspp_ffun1.m4.2297.m1                                   1.4121224 2.0080409 2.1703914 1.6248482 1.9272405 1.5284281 1.6137305 1.5797234 1.6391545 1.5577119 0.1480938 0.0000000 0.1965026 0.1820615 0.6577912 0.2630957 0.6986333 0.2654039 0.3295289 0.3695299 1.3256721 0.8333135 1.7201742 1.5072627 1.5683167 1.3367618 1.6137743 1.6986898 1.5703816 1.6085941 1.7854509 1.6227323 1.5185799 1.5559965 1.8300122 2.1990098 2.1707649 1.2922125 2.2495416 2.3874407 1.9779119 2.3897543 1.8831388 1.7557775 2.1622223 2.2102770 2.0972157 2.2087988 2.3208010 2.1885545 3.0964577 2.3829541 1.7240225 2.1123378 1.9167212 1.6823065 2.1785410 2.2066181 2.1730622 2.1727861 2.1935580 2.1939034 2.1380029 1.7602620 1.6911988 2.1219934 3.4840636 3.7730396 3.9370841 4.3043210 2.7484539 3.7273996 2.7064580 3.0162678 3.3612389 2.7883760 2.3995192 1.5507101 1.6275891 5.1438601 4.0034612 3.7152488 2.1165912 2.3444361 1.5656001 4.4351301 4.6739322 4.4278221 1.2573414 
Spis_XP_022804969_1                                     1.3942815 1.9773075 2.1824422 1.6411050 1.9111348 1.5792573 1.6539024 1.6206686 1.6476622 1.7471578 0.2173917 0.1965026 0.0000000 0.0864419 0.6797212 0.2922755 0.7293264 0.2980547 0.3390898 0.4048399 1.3800633 0.8069502 1.7823212 1.4880936 1.5523291 1.2920245 1.6149132 1.7160794 1.5487730 1.5831744 1.8176666 1.6173096 1.5119279 1.5643605 1.9289615 2.2482404 2.2285406 1.3758139 2.2635321 2.5839399 2.0210577 2.6407950 1.9187325 1.8155886 2.2516713 2.2403954 2.0957540 2.1738156 2.4367928 2.2837236 3.2413856 2.5734846 1.6785702 2.1248047 1.9993754 1.6766676 2.1683458 2.1895110 2.1506938 2.1498725 2.1777667 2.1560334 2.0952550 1.9875467 1.7480860 2.1919769 3.4176698 3.8569934 3.9415356 4.4804696 2.9838877 3.8480857 2.6546847 3.1022326 3.4215448 3.0792671 2.4520465 1.5635989 1.6270521 5.3209208 4.1287942 3.9072212 2.3082522 2.3922598 1.5186566 4.3150740 4.7982588 4.5291880 1.3629923 
Pocdam_XM_027199503.1                                   1.4544745 1.9904214 2.2602029 1.6185954 1.8520259 1.5904435 1.6655065 1.6166929 1.6603688 1.6259784 0.2086208 0.1820615 0.0864419 0.0000000 0.6627507 0.3033238 0.7108907 0.2848838 0.3465609 0.3959530 1.3773098 0.7842977 1.7508418 1.4779957 1.5229429 1.2739065 1.5917669 1.6953006 1.5308836 1.5551545 1.7107960 1.6467574 1.5314197 1.5414215 1.8305940 2.2130522 2.2188487 1.3211777 2.2486895 2.5116424 1.9979631 2.5695293 1.8989443 1.7869989 2.2466476 2.2486306 2.0805774 2.1928250 2.4057225 2.2037767 3.0418688 2.5532350 1.7432000 2.1488630 1.7995707 1.6999502 2.1504434 2.1669700 2.1534228 2.1525996 2.1868706 2.1487252 2.0993790 1.8879228 1.7328302 2.1514969 3.3120504 3.7982290 3.9175654 4.4285673 2.9968936 3.7052850 2.7118253 3.0400177 3.2620531 3.0185544 2.4229374 1.5661846 1.6583847 5.3986536 4.0767065 3.8655558 2.1801896 2.2818792 1.5292226 4.3647701 4.6569999 4.3986588 1.4374049 
Nvec_v1g88469                                           1.6234503 1.9811236 2.2106125 1.6700605 1.8168486 1.5654009 1.6398793 1.6283374 1.6642213 1.5821171 0.7011399 0.6577912 0.6797212 0.6627507 0.0000000 0.0369446 0.4881102 0.6781652 0.7544069 0.7512481 1.4181748 0.7596357 1.8433688 1.5107502 1.6594279 1.4537239 1.7038551 1.7948565 1.5789812 1.7137652 1.7450847 1.7216191 1.6746529 1.5485956 1.9594489 2.2309091 2.2049028 1.3655690 2.2804573 2.4532247 2.0469604 2.3390296 2.0151748 1.9031931 2.3653744 2.2371646 2.1253718 2.2893375 2.3251530 2.2859885 3.0679267 2.5066583 1.6058098 2.0942992 1.7818906 1.7715805 2.1991343 2.2237250 2.1512569 2.1492731 2.2034657 2.1452034 2.0810763 1.8809940 1.8086886 2.4316819 3.6328522 3.9281650 4.0565656 4.4933029 2.9770536 3.7125432 2.9786449 3.4595181 3.7747082 3.0228555 2.4331145 1.6187208 1.6452810 6.2585129 4.2599714 3.9619271 2.3989565 2.4295069 1.7053766 4.1626810 4.8583716 4.6611644 1.4597687 
Nvec_v1g143935                                          0.0000010 1.1747312 1.6553462 0.7534914 0.0000010 0.6879387 0.7131755 0.7818989 0.6992130 0.0000010 0.2274024 0.2630957 0.2922755 0.3033238 0.0369446 0.0000000 0.1794231 0.2100282 0.0000010 0.2795027 0.5165748 0.0000010 0.5079725 0.6548199 0.8644988 0.0000010 0.7678142 0.8687519 0.6969771 0.9513254 2.4092252 0.9001748 0.0000010 0.9332845 0.0000010 1.1600701 1.1319537 1.1164398 1.1079627 0.0000010 1.0904592 0.0000010 0.7377184 0.8420372 3.0026279 1.8147401 1.6455554 1.6499896 0.6962354 0.0000010 0.0000010 0.0000010 1.5249415 1.5249415 0.0000010 1.2663070 1.2196021 1.2196021 1.2169950 1.2169950 1.1226645 1.0851604 1.1664339 0.0000010 0.7814815 0.0000010 0.0000010 1.6713898 1.6364556 2.3476575 0.7904740 3.1164779 0.0000010 0.0000010 0.0000010 0.0000010 1.3526694 0.0000010 0.6992559 0.0000010 5.4463743 5.0000133 1.8117180 0.0000010 1.7629623 0.0000010 0.0000010 0.0000010 0.0000010 
Exapal_XM_021041255.2                                   1.9769805 2.0556732 2.1438851 1.7003321 1.7400888 1.6064846 1.7359772 1.7210888 1.7485714 1.6502385 0.7436794 0.6986333 0.7293264 0.7108907 0.4881102 0.1794231 0.0000000 0.7173397 0.8389372 0.8135101 1.5189213 0.8026311 1.8545024 1.6298988 1.6687487 1.6161707 1.7563717 1.8862616 1.7357884 1.7615856 1.8496925 1.7258981 1.7358928 1.6585694 1.8703890 2.3142906 2.2935570 1.2415449 2.3436895 2.6007927 2.0334387 2.5574727 1.9505348 1.9415864 2.4199394 2.3440697 2.1728021 2.3589920 2.4409474 2.3732671 3.2655414 2.4338662 1.6341102 2.1305528 2.0748170 1.8819906 2.1950579 2.2136061 2.2243946 2.2237118 2.2689847 2.2270255 2.1466325 1.8987362 1.8278987 2.1986453 3.4839728 3.6856334 3.8751904 4.4246281 3.4375785 3.8895976 3.0502098 3.2763480 3.6456926 3.3126851 2.6571268 1.6838322 1.6438170 5.8906161 4.2555393 3.8360813 2.3198086 2.7379955 1.4927435 3.9718933 5.0709267 4.9071909 1.3908417 
Gfas_gfas1.m1.3130.m1                                   1.4501516 2.0656257 2.1784565 1.7214921 1.9009893 1.7100360 1.7447790 1.7230240 1.7286716 1.9650105 0.2856769 0.2654039 0.2980547 0.2848838 0.6781652 0.2100282 0.7173397 0.0000000 0.2893063 0.3303055 1.4102451 1.2052073 1.7695689 1.4939463 1.5368584 1.4521124 1.5738928 1.7411966 1.6017023 1.6567509 1.9507796 1.6911288 1.5039570 1.6236161 1.9019102 2.2852589 2.2673217 1.3432619 2.3177596 2.6955632 2.0660466 3.3741305 1.8755275 1.9229886 2.2745112 2.3332673 2.2222502 2.2909491 2.7569115 2.6724476 3.2923351 2.7017805 1.6878693 2.2993751 1.8877471 1.7490603 2.3113565 2.3247238 2.2823859 2.2819537 2.2794088 2.2484327 2.2480519 2.3760892 2.0464178 2.6921625 3.5659358 3.9590983 4.1417251 4.3788220 2.8728619 3.8857476 2.5637427 3.1282192 3.3623338 3.0460667 2.8764943 1.6090830 1.5939681 4.3976472 3.8610255 3.5973744 2.1846665 2.4607777 1.6330897 4.5009316 4.5813079 4.3650719 1.3285608 
Amil_Amillepora15277-RA                                 0.0000010 2.1429906 4.2287130 1.4997109 1.7234259 1.4707429 1.5911961 1.5118907 2.4008366 1.2789136 0.3425184 0.3295289 0.3390898 0.3465609 0.7544069 0.0000010 0.8389372 0.2893063 0.0000000 0.0055597 1.4845637 0.8205958 2.3026715 1.6687237 1.5240839 0.0000010 1.7795956 1.8196444 1.6003043 1.5524505 1.5765994 1.7317900 0.0000010 1.5641356 1.7068277 2.2212431 2.2383461 1.5625136 2.3721116 2.3129333 2.0206471 1.8411044 3.0269541 1.8108820 1.9939744 2.2614351 2.1258905 2.2717105 2.0232935 2.0155289 2.8489388 2.1557430 1.9179745 2.3185332 0.0000010 1.5978604 2.2760963 2.3562380 2.1708523 2.1758660 2.3971262 2.2726464 2.1332425 1.6715587 1.8094746 1.8124035 2.8034297 3.6963592 3.7023147 6.7138804 2.8675164 3.8264435 2.6949204 3.0384341 3.4924783 2.7606052 2.2091466 0.0000010 2.0626997 4.4795096 4.0116991 5.6825347 2.7615700 0.0000010 3.3378324 3.2717641 5.1439058 4.7811807 0.0000010 
Adig_XM_015908114.1                                     6.0853878 2.1721859 1.8525781 1.8167246 1.9260500 1.6847349 1.7955241 1.7495291 1.7397763 1.7459223 0.4151161 0.3695299 0.4048399 0.3959530 0.7512481 0.2795027 0.8135101 0.3303055 0.0055597 0.0000000 1.4462724 0.9063230 1.9117969 1.7196292 1.8540283 1.8169944 1.8633592 1.9099499 1.7839951 1.7904127 1.8414502 1.8083467 2.1293115 1.6544920 3.2908085 2.4294571 2.3857861 1.3554649 2.5645426 2.6725059 2.1441084 2.4103962 2.1962659 1.9013444 2.0315375 2.5365445 2.4580462 2.4588411 2.4463365 2.6200843 3.2974386 2.3622729 1.6770567 2.1440634 0.0000010 1.9610607 2.4553558 2.4553558 2.4823596 2.4824513 2.4555835 2.4771475 2.4336081 2.1171439 1.8213922 2.2987327 4.3129506 4.0669355 3.9837352 4.7346525 2.8705471 3.9986685 2.6873507 3.1487105 3.6427083 3.2886712 2.5982223 2.1189132 1.5912781 4.6026459 4.1870469 4.5697560 2.7274342 2.8439754 1.9285936 3.3131314 5.3125417 4.9795615 1.3750605 
Dgig_XM_028540163.1                                     2.0334756 2.3190399 2.2966331 1.9154957 3.2940368 1.7487455 1.8409236 1.8366327 1.9131516 1.7494185 1.3359400 1.3256721 1.3800633 1.3773098 1.4181748 0.5165748 1.5189213 1.4102451 1.4845637 1.4462724 0.0000000 0.1801270 0.8291502 1.6857881 1.7529677 1.4893976 1.7898646 1.8103714 1.6741987 1.8785591 1.9339797 1.8171788 1.9281430 1.8694681 2.0863148 2.4152448 2.4549542 1.4963252 2.5409075 2.4607059 2.2497398 2.3999086 2.2380583 2.1399583 3.2013803 2.5752471 2.4602453 2.4652425 2.8099889 2.6198985 3.4446099 3.0799717 2.0387147 2.7437102 1.7060201 1.8646995 2.3910742 2.3915237 2.4192150 2.4214018 2.4971815 2.4073112 2.4145539 2.2304024 1.8118979 2.4818300 4.0071205 4.2830480 4.4538445 4.7481762 3.1407480 4.2734248 3.6395312 4.1077405 3.8946951 3.4231735 2.9475096 1.7726211 1.6488152 6.3696562 4.6588007 4.1459861 2.9728212 2.6746772 1.7708739 4.6193944 5.2307737 5.0602782 0.3263863 
Xesp_011791-T1                                          0.0000010 1.5087347 0.0000010 1.2213372 0.0000010 1.0422333 1.0881739 1.1707102 1.8449517 1.1399063 0.8115494 0.8333135 0.8069502 0.7842977 0.7596357 0.0000010 0.8026311 1.2052073 0.8205958 0.9063230 0.1801270 0.0000000 4.3017871 1.1530773 1.2717171 0.0000010 1.3358309 1.1112250 1.1251711 1.1407773 1.1502813 1.2875094 0.6943022 1.3973355 1.6001766 1.7446405 1.6904505 0.0000010 1.8013343 1.7861875 1.6355752 1.6129553 2.1787570 1.4088716 0.0000010 1.8258449 1.6819265 2.0023299 1.9385952 1.7067699 8.9999986 1.8029043 0.0000010 2.3752850 0.0000010 0.6656598 1.4677639 1.5558237 1.2095636 1.2095636 1.6816205 1.3399558 1.2303989 1.2656687 1.1468585 1.4786651 2.4302133 3.5423218 3.6000995 2.5371415 2.9761738 3.4731639 3.3410590 3.3207597 3.3955880 0.0000010 1.9120530 8.2429452 2.3025895 5.4357008 5.2556631 2.7183608 2.5261325 0.9829176 1.5951672 5.4538756 4.9409007 4.8698017 1.0571668 
Xesp_011792-T1                                          1.8361931 2.7486925 2.2460508 2.3123839 3.2966036 2.1324344 2.1746265 2.1990123 1.9701273 2.7782943 1.8234231 1.7201742 1.7823212 1.7508418 1.8433688 0.5079725 1.8545024 1.7695689 2.3026715 1.9117969 0.8291502 4.3017871 0.0000000 2.2814448 2.3184962 0.5368948 2.3096990 2.3949030 2.2668004 2.3627355 2.5634060 2.3234672 2.5805148 2.3522803 2.1736189 2.9286678 2.9574305 1.5408312 2.8587442 3.7430216 2.5548090 4.3555533 2.3657808 2.5037483 3.0373443 2.9884245 2.8412009 2.8651527 3.1724873 3.1391629 2.4981993 3.5538406 2.2698745 2.7623135 0.0000010 2.1499745 2.8394445 2.8510594 2.8153082 2.8164806 2.8008262 2.6731975 2.7888051 2.8900382 2.1813645 3.4087621 4.9453153 4.9328981 5.0636089 4.6942872 3.5404328 4.7069842 3.7213730 5.0308462 4.4510457 3.2563113 3.3125537 2.3880954 1.7883315 7.2647376 4.9678819 4.3619291 4.5452923 4.8766798 1.8572365 5.0644499 5.6056587 5.3040609 0.0000010 
Bralan_BLAG04102198_2                                   2.0787133 1.5965435 2.0090225 1.7781030 3.0660892 1.7712770 1.8806536 1.8349069 1.7249076 2.0856258 1.5402125 1.5072627 1.4880936 1.4779957 1.5107502 0.6548199 1.6298988 1.4939463 1.6687237 1.7196292 1.6857881 1.1530773 2.2814448 0.0000000 1.1375264 0.7903493 1.0160149 1.0171328 0.9492434 1.1003342 1.0539045 1.1370667 1.1020064 1.1013466 1.9933730 2.1652593 2.2079770 1.4796474 2.3233581 2.4197016 2.0517206 2.3774017 2.0171856 2.1043874 2.1387338 2.3404283 2.2719211 2.2214002 2.4972828 2.4060053 3.3042420 2.5276206 2.0000115 2.3311301 1.7545782 1.7898039 2.1649188 2.1926713 2.1170796 2.1210458 2.1721931 2.1109614 2.0882489 2.2395474 2.0063885 2.3463056 3.0551116 3.7121870 3.9498953 4.1354848 3.1400234 3.6278748 3.0281400 3.6309966 3.6145633 3.2591022 2.5249635 1.7423448 1.7676745 3.7900774 3.9971331 3.4745806 2.4487098 2.4943938 1.9235274 4.9853797 4.9569066 4.8094841 1.5625787 
Spur_XM_030998862.1                                     2.3696167 1.8508205 2.3664211 1.8823047 2.6405276 1.8514694 1.9795994 1.9330872 1.8689811 1.9893948 1.5890267 1.5683167 1.5523291 1.5229429 1.6594279 0.8644988 1.6687487 1.5368584 1.5240839 1.8540283 1.7529677 1.2717171 2.3184962 1.1375264 0.0000000 0.5972651 1.2210111 1.3118796 1.0103489 1.1944294 1.2581819 1.3227282 1.2204003 1.2283127 1.9987988 2.2875224 2.3134110 1.4046935 2.3912219 2.4056138 2.0927208 2.2746087 2.1030750 2.2087143 2.0893912 2.2387665 2.1999003 2.2189146 2.2737225 2.2593612 3.6042378 2.2870983 1.9600181 2.1402380 1.6645576 1.7505214 2.1214021 2.1424174 2.1432364 2.1470196 2.1839755 2.1364556 2.0899493 2.1187980 1.9040728 2.3958251 3.3328180 4.0591612 4.2044871 4.2866917 3.3533657 3.9285641 3.3353268 3.7081518 3.6899658 3.8940741 2.4574921 1.6892374 1.8012221 4.4729108 4.1332721 3.4297633 2.9298229 2.4042313 2.0471195 4.5983562 4.9755252 4.6914171 1.3963893 
Skow_XM_006818420.1                                     0.0000010 1.3626969 2.7755809 1.5862490 0.0000010 1.7572703 1.6767489 1.7577782 1.6739616 2.4537820 1.3719348 1.3367618 1.2920245 1.2739065 1.4537239 0.0000010 1.6161707 1.4521124 0.0000010 1.8169944 1.4893976 0.0000010 0.5368948 0.7903493 0.5972651 0.0000000 0.8224293 1.0564526 1.5567144 0.9669923 0.0000010 0.9575970 1.0197617 0.0000010 1.3377817 2.7983991 2.6834161 0.0000010 2.8908077 0.0000010 2.0693202 0.0000010 1.9023791 0.0000010 6.3531036 1.8744326 1.8626731 1.6270047 1.3018057 0.0000010 0.0000010 9.0000000 0.0000010 0.0000010 1.6314817 1.4487666 1.7701519 1.8042334 1.6588867 1.6588867 1.6667600 1.6581384 1.6713029 0.0000010 0.8357249 0.0000010 0.0000010 2.9913877 5.2336437 4.5197069 0.0000010 1.4878705 0.0000010 0.0000010 0.2315402 0.0000010 0.0000010 1.8735181 2.1483847 0.0000010 4.9081579 6.2973725 1.0754619 2.2796260 1.0740969 6.0558173 0.8337405 0.8337405 1.5441893 
Ctel_gnl_WGS_AMQN_CAPTEDRAFT_mRNA133737                 2.4374427 1.6035899 2.1919924 1.9024838 2.2590897 1.9225930 2.0158668 2.0368792 1.9369231 1.9402970 1.6085506 1.6137743 1.6149132 1.5917669 1.7038551 0.7678142 1.7563717 1.5738928 1.7795956 1.8633592 1.7898646 1.3358309 2.3096990 1.0160149 1.2210111 0.8224293 0.0000000 1.2880923 1.1446059 0.9128997 0.8571181 1.1972332 1.0694582 0.9660837 2.0423298 2.2892341 2.3003933 1.3145900 2.4254675 2.5711896 2.1551882 2.6299527 2.0220286 2.0387598 2.0455423 2.2965287 2.1477377 2.1918587 2.5585873 2.6188147 3.6461319 2.5699518 1.8353596 2.2975863 1.4746855 1.8797318 2.2836044 2.3006101 2.2275098 2.2297649 2.2276572 2.2409108 2.1864858 2.1142719 2.0195331 2.4767346 3.9275932 3.8834174 4.0935141 4.1817625 2.9651815 3.7214661 3.0137542 3.4338957 3.3645928 2.9880394 2.5716759 1.7775113 1.7699070 4.5082160 4.2707327 3.3880371 2.6281478 2.5063251 1.8097703 5.0302054 5.0036758 4.6763899 1.4197245 
Hsap_ENST00000262879                                    2.1706401 1.8275002 1.9786527 2.0793866 3.2211657 1.9381378 2.1160050 2.0764231 2.0296364 2.1819405 1.7176505 1.6986898 1.7160794 1.6953006 1.7948565 0.8687519 1.8862616 1.7411966 1.8196444 1.9099499 1.8103714 1.1112250 2.3949030 1.0171328 1.3118796 1.0564526 1.2880923 0.0000000 1.1939714 1.3743488 1.2860328 1.3804409 1.2702319 1.1960481 2.2573001 2.3255976 2.4421394 1.6106631 2.4760699 2.5369654 2.2279559 2.2739659 2.2056493 2.0138994 2.1489876 2.3614571 2.3389097 2.3600402 2.4235809 2.1677733 2.8547702 2.5057464 2.0472631 2.3748550 1.7395884 1.9627104 2.4007734 2.4271594 2.3638700 2.3679508 2.4315963 2.3967763 2.2761348 2.4535610 2.2525284 2.4936600 3.3875527 3.9381940 4.1115395 4.1284555 2.9809529 3.6404598 2.8263334 2.9936856 3.4082552 3.0800562 2.4789886 2.1060589 1.8852545 4.0765440 4.1100186 3.7540426 2.6743394 2.5813017 2.0459363 5.0647098 4.5323471 4.4384568 1.4540189 
Skow_XM_006821915.1                                     1.5023360 1.7019198 1.7478221 1.8549900 2.0756252 1.7136001 1.8484305 1.7938581 1.6466762 1.9847299 1.5737845 1.5703816 1.5487730 1.5308836 1.5789812 0.6969771 1.7357884 1.6017023 1.6003043 1.7839951 1.6741987 1.1251711 2.2668004 0.9492434 1.0103489 1.5567144 1.1446059 1.1939714 0.0000000 1.1500080 1.1548889 1.2485830 1.2480857 1.1053886 2.7491691 2.1853297 2.2730650 1.3920833 2.3092022 2.5061927 2.0232417 2.5562071 1.9007219 2.0878961 2.1574542 2.5302039 2.3757658 2.4293532 2.4878417 2.4302430 3.6690289 2.4892984 2.0025713 2.3650290 5.4029331 1.7828744 2.2782889 2.2858973 2.2869188 2.2911345 2.3712607 2.2403837 2.2627642 2.1338178 2.0583092 2.4811584 3.3720621 3.8200532 3.8826232 3.9947408 3.2731741 3.4622893 3.0834384 3.4260463 3.6178643 3.1865059 2.4719492 1.7505683 1.4970653 4.5334135 4.2657090 3.6679796 2.7892137 2.5227076 2.2281454 4.3449383 4.9028059 4.6347670 1.2033127 
Cgig_XM_034469205.1                                     1.8767482 1.6565821 2.1495722 1.9508663 2.1250956 2.0002450 2.0688471 2.0479575 2.0107753 2.0011119 1.6897532 1.6085941 1.5831744 1.5551545 1.7137652 0.9513254 1.7615856 1.6567509 1.5524505 1.7904127 1.8785591 1.1407773 2.3627355 1.1003342 1.1944294 0.9669923 0.9128997 1.3743488 1.1500080 0.0000000 0.0174476 1.1462845 1.2125912 1.0449702 2.0401584 2.3833391 2.4213773 1.4986304 2.4682484 2.3412499 2.0680370 2.1551031 2.1085686 1.9774403 2.3377425 2.4553259 2.3139001 2.3407963 2.3737664 2.2884871 3.2962932 2.7101157 2.2724735 2.5460474 2.0810006 2.0493209 2.3175030 2.3409492 2.2971938 2.2983105 2.3309272 2.3012292 2.2515023 2.1999766 1.9930028 2.3276860 3.7524620 3.9149275 4.1353437 4.1698287 3.1806537 3.7832802 3.0033258 3.5246793 3.4561142 3.0614353 2.6106612 1.9181277 1.8856114 4.7350916 4.1205267 3.5387787 3.1609051 2.5930395 1.9975283 5.2770442 5.1649583 4.7964315 1.6434419 
Cgig_XM_034469212.1                                     0.0000010 1.8147003 4.0210738 1.9605116 2.2140429 2.0376831 2.1836858 2.2039678 2.2705007 1.9731942 1.9539305 1.7854509 1.8176666 1.7107960 1.7450847 2.4092252 1.8496925 1.9507796 1.5765994 1.8414502 1.9339797 1.1502813 2.5634060 1.0539045 1.2581819 0.0000010 0.8571181 1.2860328 1.1548889 0.0174476 0.0000000 1.2257287 0.0000010 1.1595247 1.7068277 2.3633956 2.3984183 1.8153867 2.5488544 2.3469104 2.0505629 2.1649254 2.2754966 2.1231852 2.1946956 2.4845367 2.2506395 2.4023507 2.4275608 2.3089642 3.3053926 2.7001721 2.1916699 2.5391261 0.0000010 1.7501121 2.5221545 2.5784501 2.4308261 2.4371383 2.6004455 2.4871474 2.3821011 2.2568090 2.0899640 2.3542228 1.8082327 4.0990488 4.1282423 4.5216289 3.1468273 3.7403610 2.9612524 3.5090565 3.5666655 3.0104196 2.6182548 0.0000010 2.0948484 4.7350916 4.4067914 4.8536480 3.1070076 0.0000010 1.6322359 4.7703260 5.2886961 4.8936227 0.0000010 
Tcas_TC008477_001                                       1.5439603 1.2360175 1.4697741 1.9014606 3.1048757 1.9032447 1.9497060 1.9540005 1.9450503 1.9501002 1.6252846 1.6227323 1.6173096 1.6467574 1.7216191 0.9001748 1.7258981 1.6911288 1.7317900 1.8083467 1.8171788 1.2875094 2.3234672 1.1370667 1.3227282 0.9575970 1.1972332 1.3804409 1.2485830 1.1462845 1.2257287 0.0000000 0.9056657 0.9251231 2.0273483 2.3170205 2.3000215 1.3661343 2.3555545 2.3186697 2.1340572 2.5146691 2.0718563 2.0121736 2.4329495 2.2982156 2.2517995 2.2700048 2.4696081 2.1701962 2.7223987 2.7355620 2.1108970 2.3863271 1.6164323 1.8541955 2.2881878 2.3142683 2.2586305 2.2601083 2.3023128 2.2784735 2.2019381 2.3971540 1.9976634 2.3078407 3.1315102 3.8793595 4.1414932 4.2399738 2.9557968 3.6825747 3.1670676 3.1581762 3.5587942 3.0443141 2.4794996 2.1012309 1.9133337 5.0866152 4.3064855 3.6592081 2.6184755 2.5752853 2.0249341 5.1152909 5.0015684 4.8705797 1.7081935 
Cscu_XM_023374693.1                                     1.6093885 1.2587574 2.8996351 1.9997686 0.0000010 1.9371268 1.9865691 1.9342240 2.1666003 3.5030172 1.4582111 1.5185799 1.5119279 1.5314197 1.6746529 0.0000010 1.7358928 1.5039570 0.0000010 2.1293115 1.9281430 0.6943022 2.5805148 1.1020064 1.2204003 1.0197617 1.0694582 1.2702319 1.2480857 1.2125912 0.0000010 0.9056657 0.0000000 0.0000010 2.1531188 2.3878241 2.6136870 0.0000010 2.5468714 0.0000010 2.0487515 0.0000010 1.9940751 0.0000010 6.3531036 2.3507278 2.1758650 2.1667254 2.1964679 0.0000010 0.0000010 9.0000000 0.0000010 0.0000010 1.6732439 1.9401561 2.0993716 2.1167802 2.1260365 2.1260365 2.0707435 2.0884764 2.0293344 0.0000010 0.5877018 0.0000010 3.9809995 4.3882640 5.0543968 4.4317392 0.0000010 3.8068172 0.0000010 0.0000010 0.2315402 0.0000010 0.0000010 2.0876539 1.8482395 0.0000010 3.0997986 2.7403960 2.5149092 2.4723065 2.1888446 6.7159953 2.7118451 2.7118451 1.6303256 
Cscu_XM_023382901.1                                     0.0000010 1.4131714 1.4528889 1.9218873 2.9502473 1.7559056 1.9672844 1.9808576 1.7631052 1.8101370 1.5952738 1.5559965 1.5643605 1.5414215 1.5485956 0.9332845 1.6585694 1.6236161 1.5641356 1.6544920 1.8694681 1.3973355 2.3522803 1.1013466 1.2283127 0.0000010 0.9660837 1.1960481 1.1053886 1.0449702 1.1595247 0.9251231 0.0000010 0.0000000 1.4905547 1.9851692 2.0097537 1.4516182 2.1972564 2.2494975 2.0651106 2.3250947 2.3619877 2.0520430 1.9524101 2.2042306 2.1038465 2.2147746 2.4135538 2.2882495 3.0693333 2.4033866 2.0780199 2.4029955 0.0000010 1.5972478 2.2431784 2.2850982 2.1481037 2.1533303 2.2941179 2.2155189 2.1564205 2.1362853 2.0350092 2.4729261 1.4907433 3.6768994 3.7066704 3.9520106 3.2125889 3.5232317 2.8469077 3.6944959 3.6105353 2.9003763 2.4093721 0.0000010 1.1368127 4.2353538 4.4997510 5.5076293 2.9698962 0.0000010 1.9883576 4.0035547 5.1902974 4.9549867 0.0000010 
Leuniv_Lniv_C744379_01                                  2.9865428 2.1648082 2.8631685 2.1088102 0.0000010 2.2946719 2.2538910 2.4303552 2.2527495 2.8632096 1.5873641 1.8300122 1.9289615 1.8305940 1.9594489 0.0000010 1.8703890 1.9019102 1.7068277 3.2908085 2.0863148 1.6001766 2.1736189 1.9933730 1.9987988 1.3377817 2.0423298 2.2573001 2.7491691 2.0401584 1.7068277 2.0273483 2.1531188 1.4905547 0.0000000 0.7586017 0.5062035 0.0000010 0.5547859 1.9231457 2.0716044 2.4710417 2.0523201 1.7894633 0.0000010 2.3064976 2.1224936 1.6615543 1.6048806 1.5234673 0.0000010 1.8384146 0.0000010 1.0055382 0.0000010 2.3053150 2.4926828 2.4926828 2.2864962 2.2864962 2.4758987 2.4547743 2.5408861 1.9662310 2.0187049 1.5955432 2.6743672 4.3751872 4.3551309 3.6594490 2.2811465 4.4692128 2.7075360 2.7075360 2.7075360 0.0000010 1.3344872 2.0354345 2.1562040 2.3582097 3.6640570 4.3364261 1.7730700 0.0000010 2.1412514 1.9470222 8.9999987 8.9999987 0.0000010 
Lcom_lcpid15892                                         3.7260094 2.4140415 2.5247459 2.5083822 3.2753600 2.5829991 2.5575545 2.5565303 2.6009965 2.2181646 2.2548491 2.1990098 2.2482404 2.2130522 2.2309091 1.1600701 2.3142906 2.2852589 2.2212431 2.4294571 2.4152448 1.7446405 2.9286678 2.1652593 2.2875224 2.7983991 2.2892341 2.3255976 2.1853297 2.3833391 2.3633956 2.3170205 2.3878241 1.9851692 0.7586017 0.0000000 0.4944760 0.2890110 0.4449591 0.4633698 1.9895236 1.8542347 2.2128215 1.7304021 2.9861631 2.6319443 2.4916022 2.6028404 2.0560410 1.8007938 2.2488536 2.1931548 2.2959411 2.3318918 2.5915360 2.2344197 2.7365988 2.7630081 2.5714613 2.5719927 2.6797973 2.5928277 2.6591816 2.5377677 2.4088254 1.0587746 3.7994860 4.3565086 4.6340571 4.9348320 3.1661638 4.1122067 3.4230266 4.6153321 3.8339821 3.2553781 2.0835372 2.6148468 2.6758712 5.5089967 4.3175687 4.1541614 2.5489834 2.7365859 2.2737314 7.1902739 5.5467007 5.3230027 2.2976340 
Gracom_Gcom_scaffold17768_01                            2.9873021 2.5220479 2.6321051 2.4892145 2.9544383 2.4894949 2.5844101 2.5795420 2.6070352 2.3812061 2.1111516 2.1707649 2.2285406 2.2188487 2.2049028 1.1319537 2.2935570 2.2673217 2.2383461 2.3857861 2.4549542 1.6904505 2.9574305 2.2079770 2.3134110 2.6834161 2.3003933 2.4421394 2.2730650 2.4213773 2.3984183 2.3000215 2.6136870 2.0097537 0.5062035 0.4944760 0.0000000 0.2545330 0.4056725 0.5225468 1.9601985 1.5753405 2.2537080 1.6332613 2.6344934 2.5316776 2.3805846 2.5139405 2.2134114 1.8380725 2.4007471 2.3749201 1.9783525 2.1951101 2.6557682 2.2890356 2.7516948 2.7798104 2.6231285 2.6233818 2.7576168 2.6820396 2.7477330 2.7707276 2.4121837 1.0585632 3.5644469 4.1821125 4.4595201 4.8863902 3.1159781 4.1053881 3.3607351 4.4377383 3.9273375 3.0558680 2.1374286 2.7379864 2.5670337 5.5735538 3.8952428 3.8866404 2.6475722 2.7486916 2.4638134 6.0658676 4.8712919 4.6420138 2.2745722 
Leuniv_Lniv_C765085_01                                  0.0000010 1.7710310 2.0296462 1.5728765 1.6759708 1.5408014 1.5851419 1.6806463 1.6267361 0.8333793 1.3624748 1.2922125 1.3758139 1.3211777 1.3655690 1.1164398 1.2415449 1.3432619 1.5625136 1.3554649 1.4963252 0.0000010 1.5408312 1.4796474 1.4046935 0.0000010 1.3145900 1.6106631 1.3920833 1.4986304 1.8153867 1.3661343 0.0000010 1.4516182 0.0000010 0.2890110 0.2545330 0.0000000 0.2219674 0.0000010 1.0590286 0.0000010 1.2593421 1.1747507 2.1186983 1.6387028 1.4818741 1.7554510 1.5742502 0.0000010 0.0000010 1.9933522 1.7974269 1.7974269 0.0000010 1.6067572 1.8157123 1.8157123 1.8862186 1.8862186 1.8760840 1.9210691 1.7941092 1.8946953 1.5493836 0.0000010 0.6328593 2.9592517 2.9493876 3.6733611 0.7904740 3.4263266 0.0000010 0.0000010 4.1745600 0.0000010 1.4915008 0.0000010 1.4135106 0.0000010 4.7667156 4.4173562 1.7878783 0.0000010 1.7182210 2.0741826 8.0381264 5.5449522 0.0000010 
Scil_scict002103.1                                      3.7212305 2.5766374 2.6864620 2.5655509 3.2056471 2.6139491 2.7093080 2.6642611 2.6349392 2.4902381 2.2731494 2.2495416 2.2635321 2.2486895 2.2804573 1.1079627 2.3436895 2.3177596 2.3721116 2.5645426 2.5409075 1.8013343 2.8587442 2.3233581 2.3912219 2.8908077 2.4254675 2.4760699 2.3092022 2.4682484 2.5488544 2.3555545 2.5468714 2.1972564 0.5547859 0.4449591 0.4056725 0.2219674 0.0000000 0.4328423 1.9718878 1.9528154 2.1591830 1.8345440 3.1281720 2.5241491 2.4082409 2.5453532 2.2774740 1.9435777 2.4987874 2.2860502 2.2168493 2.2570119 2.7574478 2.2799149 2.7626592 2.7761645 2.6829700 2.6830218 2.7768306 2.7062353 2.7176114 2.8692920 2.6152034 1.1040816 3.8523038 4.3215217 4.6068906 4.9285187 3.4248144 4.4286395 3.5058365 4.7868226 4.0692797 3.5916221 2.3120672 2.8235468 2.5907393 6.1231061 4.3927670 3.9699129 2.8663681 2.6206829 2.2875262 6.3245246 5.5763099 5.3887522 2.3937097 
Leuniv_Lniv_scaffold22513_01                            0.0000010 2.4130938 0.0000010 2.6560558 2.3565824 2.8434555 2.8645749 2.9034114 2.8412691 2.6922453 2.6494987 2.3874407 2.5839399 2.5116424 2.4532247 0.0000010 2.6007927 2.6955632 2.3129333 2.6725059 2.4607059 1.7861875 3.7430216 2.4197016 2.4056138 0.0000010 2.5711896 2.5369654 2.5061927 2.3412499 2.3469104 2.3186697 0.0000010 2.2494975 1.9231457 0.4633698 0.5225468 0.0000010 0.4328423 0.0000000 2.0175273 1.8423349 4.3188716 1.9074281 2.2498425 2.3265054 2.2694686 2.5795355 2.2165314 1.9965664 2.3956534 2.4055159 2.1161938 2.5549658 0.0000010 1.5533341 3.0349721 3.1102150 2.7186515 2.7233968 3.0865423 2.8630581 2.8112183 2.6152200 2.5908339 1.1886934 3.2732919 4.2577491 4.3303147 4.0986029 3.4195384 3.4822887 3.3805753 4.6481251 3.8631626 3.5152194 2.2669883 0.0000010 2.3011809 5.9265970 4.3167636 0.0000010 3.6891838 0.0000010 2.5052995 5.9184444 4.9428699 4.9933788 0.0000010 
Opea_EP00118_Oscarella_pearsei_P007179                  1.9620754 2.3354712 2.8274201 2.3220313 2.9903513 2.2837606 2.3927198 2.4366220 2.4084533 2.3185107 2.0769134 1.9779119 2.0210577 1.9979631 2.0469604 1.0904592 2.0334387 2.0660466 2.0206471 2.1441084 2.2497398 1.6355752 2.5548090 2.0517206 2.0927208 2.0693202 2.1551882 2.2279559 2.0232417 2.0680370 2.0505629 2.1340572 2.0487515 2.0651106 2.0716044 1.9895236 1.9601985 1.0590286 1.9718878 2.0175273 0.0000000 0.0000010 0.0012047 0.7353007 2.7046228 2.4098870 2.3470475 2.3604240 2.3825861 2.0886952 2.7966489 2.5450109 2.1084134 2.3558273 1.6719352 1.9065740 2.3944730 2.4302905 2.5152440 2.5103692 2.5490000 2.5051084 2.4698841 2.6890693 2.3800912 1.6808364 3.4082748 4.0347052 4.1897367 4.7193494 3.0127224 3.7389763 3.5497092 4.0931890 3.5508610 3.0973989 2.2906706 2.0763723 2.1789617 5.1911442 4.0146391 3.3577355 2.1253960 2.0558477 1.4259053 3.8068484 5.3290965 5.3302673 2.0117150 
Ocar_g4623                                              0.0000010 2.0523324 0.0000010 2.5544164 0.0000010 2.3392924 2.5566097 2.6529664 0.0000010 2.4223337 2.4727058 2.3897543 2.6407950 2.5695293 2.3390296 0.0000010 2.5574727 3.3741305 1.8411044 2.4103962 2.3999086 1.6129553 4.3555533 2.3774017 2.2746087 0.0000010 2.6299527 2.2739659 2.5562071 2.1551031 2.1649254 2.5146691 0.0000010 2.3250947 2.4710417 1.8542347 1.5753405 0.0000010 1.9528154 1.8423349 0.0000010 0.0000000 0.0000010 0.6865129 0.0000010 2.3810488 2.3392803 2.6605618 2.4029440 2.1443520 3.8245357 2.4630935 1.5059374 2.3129107 0.0000010 1.5868102 2.4653935 2.6078977 2.5385000 2.5385000 2.7580157 2.5804702 2.5225305 2.7136624 2.3351563 1.7191542 1.4472076 3.8440626 3.8119376 4.6352117 3.6596247 3.8494116 4.3273145 4.0931890 4.0375002 4.6860725 2.5060163 0.0000010 4.0281146 5.1911442 4.7482702 0.0000010 1.9944533 0.0000010 3.8802864 3.5537328 5.2920091 5.3025483 0.0000010 
