99
Skow_XM_006817546.1                                     0.0000000 0.9752489 1.1072377 1.9303568 8.9999989 1.4003015 4.0782788 0.0000010 1.4001273 1.3910940 1.3260904 1.3746372 0.0000010 0.0000010 0.9209860 2.2395688 1.6236351 1.6096823 1.9569925 2.2130498 2.5197142 2.4772237 0.0000010 2.4566034 2.3545191 1.3532953 1.9033768 1.9061148 1.8601801 1.8786909 1.8283453 2.3991278 1.1401527 0.0000010 3.4964382 3.5205638 2.9240719 3.5205638 0.0000010 0.0000010 0.0000010 3.8249944 0.0000010 3.8249944 5.8435660 3.2113783 3.2113783 3.5304063 1.7223123 3.1254543 3.1467990 3.1467990 3.1467990 4.2966031 3.1467990 4.2966031 3.2383599 4.1441817 4.1441817 3.6931247 3.6931247 3.4615480 3.4615480 0.0000010 3.5199158 3.3576640 3.4116415 9.0000000 4.1090771 4.8217678 3.9758373 4.0958944 1.7755145 3.8009630 0.0000010 1.3505647 3.7410066 2.7011757 0.0000010 2.7028360 0.0000010 0.0000010 3.1184200 3.6938039 3.0743420 4.0138101 0.0000010 0.0000010 4.9883385 3.3580693 3.2987467 3.5105032 7.5385524 0.0000010 6.3678998 5.9265482 5.3234802 5.9789657 4.2315291 
Spur_XM_030998467.1                                     0.9752489 0.0000000 1.5280656 1.7669787 1.1790900 1.5828834 2.4635082 2.9492038 1.6941438 1.6935409 1.6242699 1.7291529 2.0225117 1.8624744 1.6322498 1.7958790 1.6887261 1.7131946 1.9007328 2.4555758 2.2828980 2.2901048 3.1602440 2.1713373 2.5311889 1.5037826 2.5678639 2.6449877 2.0079577 2.4575116 2.5634906 3.1685214 1.6305082 1.0434405 3.8987748 3.1452918 2.5884399 3.1593720 3.5025126 3.4351463 3.4761260 3.1362374 3.5107212 3.1502415 3.5860384 3.2506236 3.3773341 3.0625038 2.1437150 2.7551785 3.0619153 3.0682562 3.0682562 3.2365503 3.1800558 3.2246924 3.1593979 3.2895499 3.2862296 3.2067318 3.2034737 3.2561706 3.2528764 2.2223420 3.0443149 3.1059378 3.3119839 3.2419673 3.0617015 3.3422849 2.9312840 3.3669273 2.1839011 3.1944124 2.2313157 2.0740667 3.3446907 3.7744166 3.9570602 2.6055695 2.6420005 2.6855699 3.1142142 3.3596283 3.2358387 3.2252449 2.6419851 3.1838906 3.6663672 3.0813747 2.8394485 2.8151034 4.5276677 3.4113975 4.2631925 5.5372892 3.8785976 4.9542603 3.5052227 
Cgig_XM_020072881.2                                     1.1072377 1.5280656 0.0000000 1.6937635 1.4534340 1.2409224 2.4791599 2.4743253 1.6811409 1.6260555 1.5831778 1.7386649 2.0900998 1.8791255 1.6258238 1.8756107 1.7495850 1.8721460 2.0507213 2.3656904 2.5126227 2.3666980 3.6549695 2.1676221 2.9865519 1.7738524 2.4144688 2.4764854 2.1433898 2.5028433 2.4682646 2.8543592 1.9546158 2.2856712 3.4828185 3.1224446 2.4948249 3.1320196 3.7077271 3.5335126 3.5166578 3.1387372 3.5417265 3.1483748 3.5655878 3.7802010 4.0568210 3.1377885 1.9470328 2.6901833 3.1412386 3.1462492 3.1462492 3.5485903 3.3454829 3.5380263 3.0746793 3.3163000 3.3206958 3.2519110 3.2562484 3.2140606 3.2183659 2.3191485 3.3547511 3.3903699 3.6221110 3.8171954 3.5934214 3.7913225 3.2096842 3.4843820 2.3435356 3.1660932 1.9990607 1.7230502 3.3998036 3.3164360 4.0504677 2.6234106 3.0452400 3.4482821 3.0860943 3.7243870 3.4246950 3.2089636 3.0910972 3.5290901 3.7262145 2.9385252 2.9893168 2.7795875 4.6583510 3.4045614 4.5659092 4.8372176 4.1915730 4.8945180 3.7575481 
Ctel_gnl_WGS_AMQN_CAPTEDRAFT_mRNA215688                 1.9303568 1.7669787 1.6937635 0.0000000 1.8520054 1.7138207 3.3809348 2.6142938 1.9220934 1.6062641 1.5404276 1.8509972 2.2191613 2.1690546 1.6772932 1.8591159 1.9482216 2.0651820 2.1170846 2.5719545 2.4541545 2.4995587 3.2189624 2.4178094 2.9300997 2.0033711 2.7874102 2.7780197 2.1107284 2.7070608 2.6770300 3.5560044 1.2510660 1.8976911 4.5680688 3.5289959 2.6053800 3.5289959 3.3986973 4.0412198 4.0412198 3.5065594 4.0412198 3.5065594 4.2492883 3.7063868 3.9025887 3.2099711 1.5297538 2.5621400 3.1253502 3.1253502 3.1253502 3.4182761 3.3114885 3.4182761 3.3047712 3.5054806 3.5054806 3.4094213 3.4094213 3.4122556 3.4122556 2.1897735 3.4656611 3.5667445 3.7526191 3.8063603 3.6172792 3.8862509 3.4463063 4.1052752 2.3093522 3.3299235 1.7315335 2.0887735 3.7089298 3.5621606 3.7699693 2.8029258 3.9211806 4.2803658 3.3779490 3.7041871 3.3183074 3.0557660 3.1660074 3.6738200 4.0601197 3.2574748 2.9962866 3.2815049 4.4764166 3.7839491 4.4483920 5.8917920 4.1916231 5.9309465 4.0279328 
Skow_XM_006820417.1                                     8.9999989 1.1790900 1.4534340 1.8520054 0.0000000 1.4229519 3.5330891 5.3647925 1.7763765 1.7319861 1.6355733 1.7769221 2.6212493 2.3638969 1.8983691 1.8087099 1.7874551 1.8131660 2.1242314 2.6800084 2.2056159 2.3222867 4.4728315 2.2093160 2.2823500 1.4051232 2.5329121 2.6174420 2.3394094 2.6229451 2.5223955 3.2578621 2.1564148 3.1087441 9.0000000 2.5721879 2.3539788 2.5721879 2.9018662 3.0055441 3.0055441 2.5721879 3.0055441 2.5721879 2.8475350 3.2608698 3.4489360 2.6143597 2.3484515 2.2364901 2.6357147 2.6357147 2.6357147 3.2575162 2.8777144 3.2575162 2.4903546 2.6892909 2.6892909 2.6892909 2.6892909 2.6892909 2.6892909 2.0857356 2.5910135 2.5910135 3.0190897 2.8829491 2.7957823 3.1741676 2.4713802 3.2275904 2.6989184 2.4833364 2.0380982 2.2286072 2.3741459 0.0000010 4.1777962 2.0363557 4.1988298 4.6978668 2.3796471 2.6191460 2.6648041 2.2190824 1.5914914 1.4221914 2.8248795 2.5101152 2.3610790 2.8546712 3.3511797 4.4556533 3.9190543 3.6328881 3.1942054 3.9113781 3.5326486 
Acagra_model.g16338.t1                                  1.4003015 1.5828834 1.2409224 1.7138207 1.4229519 0.0000000 2.9907064 2.8964452 1.7856091 1.6005771 1.6053449 1.7403025 2.0977339 1.9759417 1.6645928 1.8640759 1.7701658 1.7525178 2.0773879 2.3598588 2.2570213 2.3159526 2.7469944 2.2463272 2.7489879 1.6033182 2.7210136 2.8171845 2.2834946 2.6965643 2.7707231 3.3536454 1.9669921 1.9172365 3.6389501 3.0635390 2.5605226 3.0795517 3.0018101 3.5077873 3.4832740 3.0218788 3.5253617 3.0376100 3.4550985 3.4220979 3.8095750 3.1265464 2.0496698 2.8010209 3.0759899 3.0690188 3.0690188 3.2403912 3.2758966 3.2537864 3.1472050 3.2117409 3.2164394 3.1875483 3.1922019 3.2527656 3.2575345 2.2795865 3.0128641 3.0976008 3.1976367 3.3698960 3.1473472 3.4264882 3.0998920 3.2838521 2.1724956 3.0131097 2.1118282 1.9834737 3.4424542 4.0262451 4.1193234 2.6238383 3.9683911 4.6611472 3.1529153 3.4510143 3.0334378 3.1941526 3.0658055 3.6014824 3.9154120 2.9952129 2.7816916 2.7747157 4.0576282 2.8373101 4.1127077 5.4130947 3.8876481 4.9906881 3.5788425 
Fspp_ffun1.m4.16578.m1                                  4.0782788 2.4635082 2.4791599 3.3809348 3.5330891 2.9907064 0.0000000 0.0000010 0.2816130 0.3439299 0.3098524 0.3421508 0.3938640 0.3187018 0.4529969 0.4843835 0.5955445 0.8123914 1.4875257 2.2153180 1.5183171 1.7621046 0.0000010 1.6559949 2.1665087 2.2669348 2.8085506 2.8063878 2.6893771 2.8091389 2.7559111 2.7559111 0.0000010 0.0000010 3.3774425 3.8506736 0.0000010 3.8506736 9.0000000 5.3682790 5.3682790 3.8506736 5.3682790 3.8506736 3.9027552 4.1937946 4.1937946 3.8877361 0.0000010 5.3945670 4.1217314 4.1217314 4.1217314 4.3259148 4.1217314 4.3259148 4.1021172 4.2063344 4.2063344 4.2063344 4.2063344 4.2063344 4.2063344 0.0000010 4.3485473 4.3485473 4.3086462 4.8635159 3.1209729 3.3438452 3.6640837 7.8880203 0.0000010 4.1637461 0.0000010 0.0000010 4.4863823 3.9127314 4.8349480 3.3000103 0.0000010 0.0000010 4.1823671 4.6135982 4.2943718 3.4700133 2.2249134 2.2249134 3.6656907 3.6442000 3.5961992 2.7038281 5.5800677 6.4775103 6.4917002 6.2501536 8.0998947 6.2356239 3.5863654 
Fspp_ffun1.m2b.20338.m1                                 0.0000010 2.9492038 2.4743253 2.6142938 5.3647925 2.8964452 0.0000010 0.0000000 0.2712098 0.0000010 0.0000010 0.3062445 0.2255353 0.2314840 0.3519405 0.0000010 0.9832680 1.1113362 1.4619635 1.5829278 2.0794666 1.7114992 1.5795141 9.0000000 4.0630958 2.4185278 3.3388059 3.3388059 0.0000010 3.4528678 4.6655980 4.6332500 0.0000010 1.7611208 0.0000010 3.2235815 0.0000010 3.2286895 3.0392535 3.1586790 3.2235815 3.2235815 3.2286895 3.2286895 2.9079954 2.7637695 5.0334314 3.0497888 0.0000010 0.0000010 2.9917711 3.0095969 3.0095969 3.0095969 2.9250987 2.9917711 4.0659894 3.3667830 3.3328405 3.3667830 3.3328405 3.3667830 3.3328405 0.0000010 3.6668975 3.6668975 3.4298125 3.3970002 3.3970002 3.3738811 3.5130115 0.0000010 0.0000010 3.3204487 2.4018537 0.0000010 3.6109576 0.0000010 0.0000010 2.9584466 3.2257071 4.0404850 2.9397361 3.6535288 4.3069250 3.2673090 3.2714054 5.5968636 4.9696726 0.0000010 2.8289518 5.6906892 2.9939520 3.5493981 3.3123828 0.0000010 4.3414384 3.8972685 0.0000010 
Gasp_gasp1.m3.8650.m1                                   1.4001273 1.6941438 1.6811409 1.9220934 1.7763765 1.7856091 0.2816130 0.2712098 0.0000000 0.2172323 0.1833863 0.1970983 0.1879489 0.1083632 0.2788207 0.3660093 0.5334480 0.6001643 1.1567102 1.4560861 1.3901675 1.4589721 1.6253512 1.4512631 2.1204605 1.6454091 2.1939200 2.2562323 1.8892393 2.2712144 2.3776211 2.7770737 1.7747970 1.8953631 3.1992607 2.9406015 2.3652438 2.9536089 3.2090175 3.4680734 3.3985195 2.9135199 3.4324564 2.9263333 3.3382733 3.2785060 3.5115650 2.8825142 1.9713396 2.4874926 2.9763493 2.9523103 2.9523103 3.3424339 3.1601910 3.3948123 2.8594388 3.0632805 3.0476818 2.9980522 2.9830630 3.0246025 3.0093394 2.1636476 3.0223293 3.0987885 3.2773245 3.2367481 2.9532852 3.1813570 2.9769427 3.1214374 2.1965746 2.8985167 1.5988806 1.8407716 3.1617375 4.1391419 3.2710799 2.4452243 3.0201422 3.5835643 2.8209227 3.1656339 2.9493633 2.8274277 2.5054476 2.7275277 3.2373963 2.6128996 2.5985738 2.2649754 3.8318101 3.1216211 4.0759249 5.2267704 4.2089863 4.4054788 2.8961967 
Spis_XP_022798461_1                                     1.3910940 1.6935409 1.6260555 1.6062641 1.7319861 1.6005771 0.3439299 0.0000010 0.2172323 0.0000000 0.0863853 0.2359986 4.2295906 0.0000010 0.2178886 0.4398548 0.5775018 0.6836024 1.0270683 1.3088766 1.5392564 1.6145730 0.0000010 1.6508475 1.9257467 1.6002179 1.9759325 2.0801431 2.1273239 2.1121839 2.2857125 2.7718958 1.9891539 0.0000010 3.2777249 2.6454599 2.3553771 2.6454599 0.0000010 5.7487113 5.7487113 2.5906603 5.7487113 2.5906603 3.3780962 2.7908517 2.7908517 2.4844906 1.9694873 2.5072860 2.5589158 2.5589158 2.5589158 2.7484261 2.8248943 2.7484261 2.3743362 2.6136296 2.6136296 2.5143712 2.5143712 2.5562069 2.5562069 2.1804471 2.5234394 2.6650225 2.8631687 9.0000000 2.5665873 3.2442040 2.6127868 2.4724704 2.1084174 2.5198323 1.7554542 1.8566555 3.2396144 3.7409625 0.0000010 2.2813623 0.0000010 0.0000010 2.7625369 2.8138626 2.5764068 2.6954394 0.0000010 0.0000010 4.0486537 2.3812261 2.5913429 2.5326112 4.3193051 0.0000010 4.7035793 4.8855514 4.4980900 4.6407753 2.7474128 
Pocdam_XM_027203643.1                                   1.3260904 1.6242699 1.5831778 1.5404276 1.6355733 1.6053449 0.3098524 0.0000010 0.1833863 0.0863853 0.0000000 0.1965625 3.7340811 0.0000010 0.1852447 0.3889897 0.5706938 0.6668225 1.0125550 1.3119775 1.5313669 1.6292452 0.0000010 1.6227526 1.9496539 1.5319535 1.9428683 2.0455081 2.0966013 2.0817425 2.2368451 2.7829658 1.9568039 0.0000010 3.1447000 2.6139841 2.3118719 2.6139841 0.0000010 5.7487113 5.7487113 2.5588733 5.7487113 2.5588733 3.4200754 2.8150424 2.8150424 2.3961543 1.8912914 2.3716905 2.4608677 2.4608677 2.4608677 2.8197792 2.7174684 2.8197792 2.3255189 2.5592755 2.5592755 2.4625297 2.4625297 2.5014295 2.5014295 2.1455922 2.4855005 2.5926061 2.8133377 9.0000000 2.5338127 3.2040223 2.5960680 2.5037758 2.0435589 2.4721748 1.6511158 1.7988805 3.2897835 3.7603576 0.0000010 2.2929036 0.0000010 0.0000010 2.6965443 2.7830756 2.5878405 2.6445433 0.0000010 0.0000010 3.9362847 2.3557334 2.5380689 2.5158350 4.2089631 0.0000010 4.3052004 4.8488318 4.2453813 4.6070237 2.8953593 
Gfas_gfas1.m1.1446.m1                                   1.3746372 1.7291529 1.7386649 1.8509972 1.7769221 1.7403025 0.3421508 0.3062445 0.1970983 0.2359986 0.1965625 0.0000000 0.2471360 0.1720686 0.2230182 0.3132491 0.5446360 0.6104070 1.1555011 1.4080849 1.3621375 1.4014212 1.4641953 1.4041492 2.0837529 1.6451124 2.2372409 2.3017588 1.9229722 2.3098405 2.3913097 2.7529913 1.8875607 1.9860794 3.2182718 2.8280930 2.3166186 2.8404944 2.7509831 3.1144487 3.0573580 2.8254983 3.0870602 2.8378495 3.1563811 3.0683601 3.3923027 2.7527412 1.9818220 2.4425706 2.8762839 2.8535720 2.8535720 3.1733915 3.0746169 3.2213085 2.8118264 2.9680410 2.9531904 2.9482792 2.9336067 2.9597359 2.9449628 2.1202959 2.9125331 2.9859336 3.1288530 2.9638462 2.7504693 3.0022549 2.8592228 3.0027674 2.0055976 2.8128825 1.8320841 1.8034150 3.1375313 3.9185212 3.2902134 2.4845114 2.8502170 3.2955739 2.9276173 3.1579264 2.9913196 2.7086714 2.4665831 2.7688772 3.3552187 2.6634489 2.6379791 2.2031231 3.8018813 3.3173125 4.0877110 5.2132056 4.2256089 4.5967245 2.7710203 
Spis_XP_022798420_1                                     0.0000010 2.0225117 2.0900998 2.2191613 2.6212493 2.0977339 0.3938640 0.2255353 0.1879489 4.2295906 3.7340811 0.2471360 0.0000000 0.0598108 0.3564175 0.3462122 0.6251161 0.6487826 1.3491477 1.5565686 1.3358923 1.4969932 1.5340783 1.4432777 2.3063881 1.8784057 2.7977657 2.7977657 3.3427409 2.8386143 3.0756996 3.0298791 5.4817420 1.7979354 0.0000010 3.5128678 5.9807608 3.5466838 3.3740497 3.4608125 3.3912906 3.5128678 3.4252519 3.5466838 3.4345080 3.4780694 3.9823111 3.5859062 9.0000000 9.0000000 3.6020418 3.5326771 3.5326771 3.4466534 3.4917750 3.5140419 3.6908481 3.7694903 3.7225225 3.7694903 3.7225225 3.7694903 3.7225225 9.0000000 3.7586094 3.7586094 3.7861357 3.0746942 3.1135751 3.1832496 3.5241565 9.0000000 9.0000000 3.4131950 3.8877492 0.0000010 3.0444219 4.9202949 3.2710899 3.0554131 2.8329902 3.2489967 3.3551391 3.9066217 3.7932794 2.9611661 2.5436512 2.8440217 3.2148543 3.9580459 2.9325087 1.9074540 3.4934135 3.2695212 3.6537544 9.0000000 4.0928901 4.9139005 3.5990520 
Pocdam_XM_027195695.1                                   0.0000010 1.8624744 1.8791255 2.1690546 2.3638969 1.9759417 0.3187018 0.2314840 0.1083632 0.0000010 0.0000010 0.1720686 0.0598108 0.0000000 0.2821812 0.2760919 0.4988603 0.5394812 1.1951154 1.3360426 1.0765440 1.1879772 1.0208899 1.2166425 1.9952572 1.7704734 2.6339141 2.6339141 9.0000000 2.6565981 2.8844860 2.9654860 0.0000010 1.6192661 0.0000010 2.8163337 0.0000010 2.8494903 2.2867356 2.8769220 2.8163337 2.8163337 2.8494903 2.8494903 2.7945098 2.9165676 3.2638262 2.8885796 0.0000010 0.0000010 3.0729101 3.0058002 3.0058002 3.0058002 3.0456893 3.0729101 3.0683767 3.3506932 3.3024562 3.3506932 3.3024562 3.3506932 3.3024562 0.0000010 3.1127383 3.1127383 3.1121737 2.7864727 2.7988135 2.8721867 3.0697704 8.9999982 0.0000010 2.7959447 1.4535482 0.0000010 3.0741750 4.6605510 3.2083636 2.8986588 2.8918503 2.9082001 3.0128752 3.3812298 3.3930936 3.0460545 2.0585063 2.1381754 3.0639282 3.9270570 2.6291018 1.9532591 3.7175423 3.2156841 3.7472784 0.0000010 4.0551799 5.0031851 3.6808091 
Amil_Amillepora04365-RA                                 0.9209860 1.6322498 1.6258238 1.6772932 1.8983691 1.6645928 0.4529969 0.3519405 0.2788207 0.2178886 0.1852447 0.2230182 0.3564175 0.2821812 0.0000000 0.0674749 0.6007548 0.6538852 1.0501459 1.2965064 1.3352901 1.4046696 1.5771569 1.3345378 2.0103089 1.5556731 2.1020816 2.1744918 1.6718344 2.1764273 2.4121059 2.7753531 1.9180803 1.8628068 2.9855040 2.7519098 2.1289386 2.7496304 2.6839093 3.3031927 3.3182102 2.7411190 3.3118749 2.7388612 3.2134934 3.1903433 3.6443704 2.7361152 1.7779795 2.2703516 2.8126720 2.8077987 2.8077987 3.3377105 3.1010503 3.3499267 2.7545803 2.8268793 2.8324148 2.7717598 2.7771784 2.7814807 2.7869205 1.9125547 2.8639315 2.9471577 3.1142469 3.1991801 2.9588070 3.1494602 2.7968461 2.8743609 2.0171631 2.8089349 1.7679464 1.9669260 2.9911820 3.0076690 3.4093496 2.4015760 3.1175309 3.9210659 2.8208878 3.1221115 2.8461825 2.7437973 2.4121231 2.7454910 3.2288467 2.5337202 2.4380107 2.1727489 3.9591236 3.3734317 3.7712038 4.6339418 4.1469059 4.5386435 2.7702109 
Adig_XM_015910736.1                                     2.2395688 1.7958790 1.8756107 1.8591159 1.8087099 1.8640759 0.4843835 0.0000010 0.3660093 0.4398548 0.3889897 0.3132491 0.3462122 0.2760919 0.0674749 0.0000000 0.6957719 0.7563863 1.2332356 1.5636731 1.4671806 1.6175600 0.0000010 1.5928209 1.9564460 1.7433175 2.3896908 2.4905583 2.3192337 2.4845842 2.6104023 2.7811992 2.2283034 0.0000010 4.7670562 3.1437877 2.5571197 3.1437877 2.7714344 3.7205948 3.7205948 3.1149493 3.7205948 3.1149493 3.7257985 3.6722030 3.6722030 3.0558573 1.9930553 2.6505817 3.1074737 3.1074737 3.1074737 3.6388065 3.5898894 3.6388065 2.9977478 3.1830178 3.1830178 3.1065495 3.1065495 3.1163199 3.1163199 1.9262784 3.0893083 3.2015905 3.4545135 3.2380128 3.0674493 3.3397004 3.1699663 3.5017600 2.3251266 3.2010025 1.8148012 1.9669260 3.1587451 3.9708820 3.3220111 2.5720699 3.8292491 3.6896121 3.3069944 3.1562685 2.9998066 2.8266760 1.5135623 1.5135623 3.3604488 3.1740602 2.8961447 2.3724352 4.2879232 3.4172836 4.5874921 5.6431668 4.5795205 5.0590716 3.1085035 
Nvec_NVE5129                                            1.6236351 1.6887261 1.7495850 1.9482216 1.7874551 1.7701658 0.5955445 0.9832680 0.5334480 0.5775018 0.5706938 0.5446360 0.6251161 0.4988603 0.6007548 0.6957719 0.0000000 0.4923764 1.1540350 1.4757693 1.3578713 1.4616673 1.8325941 1.4189454 1.8891574 1.7041252 2.2772513 2.3358129 2.1150095 2.3117764 2.4237471 2.5847400 2.0668836 1.9915026 3.3156537 2.9665447 2.2868628 2.9564745 3.2079309 3.5397661 3.5973833 2.9779768 3.5692821 2.9678762 3.4126767 3.3203823 3.4077475 2.8862617 1.8699413 2.4402754 2.9726801 2.9647451 2.9647451 3.3109813 3.2382364 3.3285449 2.8459906 3.1412531 3.1079293 3.1047359 3.0720117 3.0946357 3.0620184 1.9909015 3.0110182 3.0971293 3.1992904 3.4886144 3.0582585 3.3424634 2.8549943 3.1252482 1.9705308 2.8655088 1.9684348 1.9490755 3.1863658 3.6672316 3.2300171 2.5944041 3.3628946 3.3193568 2.9197958 3.2124932 3.0785882 2.9012438 2.6478455 3.3734368 3.5025315 2.9081902 2.6265873 2.2744391 4.1812939 3.3941811 4.2966427 5.2685970 4.0632949 4.5846156 2.8444860 
Exapal_XM_021059499.2                                   1.6096823 1.7131946 1.8721460 2.0651820 1.8131660 1.7525178 0.8123914 1.1113362 0.6001643 0.6836024 0.6668225 0.6104070 0.6487826 0.5394812 0.6538852 0.7563863 0.4923764 0.0000000 1.2586873 1.4543496 1.5164377 1.5384132 2.0380747 1.4585916 1.9723200 1.7330274 2.2848398 2.3306936 1.9827112 2.2846336 2.4767927 2.7321378 1.9464217 2.1541802 3.2850529 2.9430389 2.5160677 2.9517469 3.1471099 3.3940478 3.4070277 2.9124123 3.4290284 2.9210249 3.3101060 3.0366718 3.3096063 2.8342143 2.1198329 2.5816154 2.9422398 2.9363013 2.9363013 3.1695885 3.0257031 3.1818638 2.8519296 3.0842242 3.0892400 3.0395891 3.0444986 3.0225918 3.0274719 2.2195504 2.9298229 2.9911948 3.0931328 3.2590138 2.9178508 3.1421029 2.9275734 3.3412484 2.2489601 2.8927854 2.0873457 1.7230898 3.0374293 3.9296003 3.1554338 2.5588082 3.3041026 3.5889106 2.9235991 3.1300569 3.0471950 2.8524138 2.4775278 2.6043475 3.4151964 2.8391659 2.6616475 2.1917025 4.0712931 3.3902104 3.9600394 4.8680751 4.1576423 4.5879990 2.8130698 
Dgig_XM_028540444.1                                     1.9569925 1.9007328 2.0507213 2.1170846 2.1242314 2.0773879 1.4875257 1.4619635 1.1567102 1.0270683 1.0125550 1.1555011 1.3491477 1.1951154 1.0501459 1.2332356 1.1540350 1.2586873 0.0000000 0.7118013 1.7699468 1.6486400 1.5904282 1.7294125 2.2384236 1.8348410 2.4345814 2.4758112 2.0969409 2.5212295 2.5904217 2.9580548 2.0903792 2.1485896 3.7793353 3.3089436 2.5320242 3.3089436 4.1474408 3.8231426 3.8231426 3.2522610 3.8231426 3.2522610 3.8582557 3.6079166 4.2627998 3.2158706 2.2771965 2.6484215 3.1883907 3.1883907 3.1883907 3.6290638 3.4143309 3.6290638 3.2034054 3.2827474 3.2827474 3.2218889 3.2218889 3.2267795 3.2267795 2.6198477 3.1608624 3.2298825 3.3341859 3.8697745 3.5840913 3.8353222 3.1809437 3.3884373 2.4258493 3.1974425 2.7666854 2.3398604 3.5567174 4.4872330 3.5075203 2.8221856 3.0431152 4.1228312 3.2670118 3.5632383 3.3739367 3.1763698 2.9644224 3.0976254 3.6244913 2.9324834 2.9445000 2.4978364 4.2421726 3.6052033 4.1944185 5.0583008 4.2624798 4.5446818 3.1665508 
Xesp_011905-T1                                          2.2130498 2.4555758 2.3656904 2.5719545 2.6800084 2.3598588 2.2153180 1.5829278 1.4560861 1.3088766 1.3119775 1.4080849 1.5565686 1.3360426 1.2965064 1.5636731 1.4757693 1.4543496 0.7118013 0.0000000 2.0005922 2.0133178 2.1860894 2.0585403 2.5940735 2.2201657 2.7989374 2.8752099 2.5954411 2.8579520 3.1177452 3.5071623 2.5657445 2.4600930 4.8462774 3.7207861 3.5621964 3.7207861 3.1166160 3.3650603 3.3650603 3.6193476 3.3650603 3.6193476 3.7891969 3.7707947 4.5720301 3.8683417 3.6412128 3.6851324 3.7575039 3.7575039 3.7575039 3.7145169 3.7143430 3.7145169 3.7874098 3.8197301 3.8197301 3.7006635 3.7006635 3.7024604 3.7024604 4.0799341 3.7060052 3.8683837 4.1051548 3.1737413 3.3076973 3.5491687 3.6092277 4.5486132 3.4535474 3.9694560 3.9643418 2.4623844 3.8811260 8.4162546 3.3691733 3.1033599 4.0900408 4.7482359 3.3616602 3.9997413 3.6304357 3.4661672 2.7404594 2.8987989 4.1523472 3.5397364 3.1851476 2.7839317 4.2321449 3.2999969 4.0948213 5.6839649 4.4027994 5.1820543 3.8066082 
Sanmal_Sma_027000-T1                                    2.5197142 2.2828980 2.5126227 2.4541545 2.2056159 2.2570213 1.5183171 2.0794666 1.3901675 1.5392564 1.5313669 1.3621375 1.3358923 1.0765440 1.3352901 1.4671806 1.3578713 1.5164377 1.7699468 2.0005922 0.0000000 0.6352711 1.0453021 0.6061379 1.7064650 2.2590344 2.6859933 2.7485258 2.4690886 2.6917935 2.8963266 3.1533274 2.3884197 2.1791101 3.7057324 3.3029326 2.6596239 3.3029326 5.0534996 4.2342322 4.2342322 3.2450122 4.2342322 3.2450122 3.7163949 3.4168824 3.7345827 3.1825378 2.4587166 2.9199420 3.3453191 3.3453191 3.3453191 3.6382278 3.5259513 3.6382278 3.2094404 3.2836642 3.2836642 3.2669296 3.2669296 3.3086734 3.3086734 2.7160285 3.3373679 3.4183321 3.5082962 3.7245896 3.1992278 3.4473964 3.3243018 3.6984144 2.2339803 3.2949719 1.8095935 1.7316460 3.4603005 3.3805724 4.3386667 2.6193183 4.0663793 4.2139133 3.3244505 3.4413234 3.1246131 2.8918396 2.8425992 3.5357079 3.8383136 3.0794764 2.9914927 1.9160339 4.4704687 3.7566399 4.9226447 4.9416525 4.6568992 5.3336658 2.7574568 
Nemnom_g18403.t1                                        2.4772237 2.2901048 2.3666980 2.4995587 2.3222867 2.3159526 1.7621046 1.7114992 1.4589721 1.6145730 1.6292452 1.4014212 1.4969932 1.1879772 1.4046696 1.6175600 1.4616673 1.5384132 1.6486400 2.0133178 0.6352711 0.0000000 0.0923078 0.1395840 1.8215914 2.2491838 2.9066163 2.9924264 2.7063058 2.9390374 3.1941806 3.5705891 2.5605225 1.9609500 3.4285171 3.0012505 2.5869808 3.0012505 3.6984160 3.6273656 3.6273656 2.9762888 3.6273656 2.9762888 3.3252306 3.1166312 3.3233963 2.9919117 2.4461183 2.9054127 3.1703071 3.1703071 3.1703071 3.2933526 3.3646810 3.2933526 2.9783280 3.0920943 3.0920943 3.0466249 3.0466249 3.0707051 3.0707051 2.4180295 3.0528589 3.1650168 3.2321139 3.5932864 3.1261459 3.4651623 3.0758006 3.4762479 2.5557175 3.1395812 2.3689958 1.7837827 3.5927560 4.2285900 3.8241910 2.7526123 3.8809809 3.8222230 3.1944680 3.4584926 3.1942759 2.9712406 2.9938637 3.3294360 3.9175679 3.2301912 2.9476887 1.9622695 4.5429399 3.7123567 4.8559363 5.3111246 4.6289637 5.5396066 2.6346679 
Rhoesc_Res_001392-T1                                    0.0000010 3.1602440 3.6549695 3.2189624 4.4728315 2.7469944 0.0000010 1.5795141 1.6253512 0.0000010 0.0000010 1.4641953 1.5340783 1.0208899 1.5771569 0.0000010 1.8325941 2.0380747 1.5904282 2.1860894 1.0453021 0.0923078 0.0000000 2.4911680 4.2906738 3.1716935 4.7189024 4.7189024 0.0000010 4.8786554 5.6285358 5.6647783 0.0000010 2.0230981 0.0000010 3.6900919 0.0000010 3.6900919 4.0541786 3.6900919 3.6900919 3.6900919 3.6900919 3.6900919 3.4855373 3.4028944 6.3063372 3.5733423 0.0000010 0.0000010 4.0430633 4.0430633 4.0430633 4.0430633 4.0430633 4.0430633 4.0540340 4.1257158 4.1257158 4.1257158 4.1257158 4.1257158 4.1257158 0.0000010 3.7495532 3.7495532 3.6452086 3.8290286 3.8290286 3.7202685 4.2307563 0.0000010 0.0000010 4.0458697 3.5234150 0.0000010 8.5056067 0.0000010 0.0000010 4.0895504 5.0631635 4.4223989 3.9322981 5.0896578 4.6839958 4.5111260 3.2522381 4.7769065 5.2065021 0.0000010 2.6550041 6.4264872 4.1689319 4.0181609 3.7661085 0.0000010 4.2605601 5.1110141 0.0000010 
Rhoesc_Res_001393-T1                                    2.4566034 2.1713373 2.1676221 2.4178094 2.2093160 2.2463272 1.6559949 9.0000000 1.4512631 1.6508475 1.6227526 1.4041492 1.4432777 1.2166425 1.3345378 1.5928209 1.4189454 1.4585916 1.7294125 2.0585403 0.6061379 0.1395840 2.4911680 0.0000000 1.5945393 2.1569489 2.7442086 2.8451600 2.7200948 2.7360703 2.9089716 3.0327735 2.6916032 2.4911680 3.2307470 2.8685016 2.5198763 2.8685016 4.1443112 3.6826375 3.6826375 2.8402428 3.6826375 2.8402428 3.2827555 3.2120452 3.2120452 2.9167739 2.4726765 2.7785036 3.0247185 3.0247185 3.0247185 3.1690830 3.2299025 3.1690830 2.8044132 2.9286739 2.9286739 2.8788157 2.8788157 2.9052152 2.9052152 2.4671094 2.9490495 3.0750389 3.2110441 3.3831476 2.8879838 3.2820290 3.0626060 3.6108494 2.4538341 3.0398603 2.2402305 1.9753090 3.5256520 4.0731174 3.9562816 2.5825290 3.1893417 3.4888611 3.1461064 3.3320462 2.9634943 2.8461541 2.8511122 2.8511122 3.8127102 3.2373313 2.9754248 1.9209626 4.5212344 3.5043612 4.9471349 5.2518141 4.6199875 5.7859842 2.7998117 
Morvir_scaffold50.g83.t4                                2.3545191 2.5311889 2.9865519 2.9300997 2.2823500 2.7489879 2.1665087 4.0630958 2.1204605 1.9257467 1.9496539 2.0837529 2.3063881 1.9952572 2.0103089 1.9564460 1.8891574 1.9723200 2.2384236 2.5940735 1.7064650 1.8215914 4.2906738 1.5945393 0.0000000 2.5975222 3.2494224 3.3198682 2.7675386 3.2933813 3.4426308 3.9163176 2.4946626 4.7653302 3.3800588 3.6243879 2.9790147 3.6621278 5.1502217 4.5772187 4.4937995 3.6973476 4.6048262 3.7361409 4.3020752 4.1064045 4.1609818 3.6040976 2.4021289 3.0213037 3.6801323 3.6620809 3.6620809 4.1593876 3.8968411 4.1968315 3.5469285 3.7214198 3.7187737 3.6694957 3.6669266 3.6720850 3.6695023 2.5697143 3.8206145 3.8718171 3.9658434 4.7840984 4.1050863 4.3971664 3.6810873 3.8172247 2.6309067 3.7644705 2.2891551 2.1633929 3.3748994 4.2302822 3.1177714 3.1367578 5.8102750 6.0740675 3.3651040 3.9363430 3.7006380 3.8161054 4.2737170 4.9320526 4.5080204 3.6801202 3.4709955 2.2125377 4.5937713 4.4086152 5.0925763 5.4357981 4.8534913 5.7724419 3.0380033 
Bralan_BLAG04001601_1                                   1.3532953 1.5037826 1.7738524 2.0033711 1.4051232 1.6033182 2.2669348 2.4185278 1.6454091 1.6002179 1.5319535 1.6451124 1.8784057 1.7704734 1.5556731 1.7433175 1.7041252 1.7330274 1.8348410 2.2201657 2.2590344 2.2491838 3.1716935 2.1569489 2.5975222 0.0000000 2.5728388 2.6401084 2.1015950 2.5077712 2.6767390 3.0263459 2.0006604 1.4930254 2.8901484 2.9417079 2.2464427 2.9483379 3.2818982 3.7988881 3.8561394 2.9687214 3.8768986 2.9754678 3.4934225 3.4659419 3.6927958 3.0257372 2.1107353 2.6856008 2.9714637 2.9954374 2.9954374 3.2938685 3.1935057 3.2473392 2.9205721 3.0228438 3.0017742 3.0424773 3.0211416 2.9910953 2.9703512 2.2981342 2.9324709 2.9043028 3.0691250 3.7473265 3.2564608 3.5185166 2.9175064 2.9975663 2.1766075 2.9364231 1.8425249 1.6248966 2.8706944 2.8764629 3.1640828 2.3145657 3.3562133 3.3611752 2.7457758 2.9660540 2.7239204 2.9387957 2.7017596 3.1101017 3.4535430 2.8294366 2.3808142 2.8033193 4.3108718 3.2460365 4.0862319 5.0602960 3.7806745 4.4196146 3.5122124 
Hhon_g08259.t1                                          1.9033768 2.5678639 2.4144688 2.7874102 2.5329121 2.7210136 2.8085506 3.3388059 2.1939200 1.9759325 1.9428683 2.2372409 2.7977657 2.6339141 2.1020816 2.3896908 2.2772513 2.2848398 2.4345814 2.7989374 2.6859933 2.9066163 4.7189024 2.7442086 3.2494224 2.5728388 0.0000000 0.0136500 0.0901560 0.1059306 0.2958954 0.2535604 0.3556849 3.9497026 4.0425864 3.6501351 3.1293177 3.6595335 4.6896239 4.3919047 4.3414316 3.6843034 4.3685589 3.6938593 4.1157622 4.2216973 4.2429313 3.6357346 2.3972595 3.1759194 3.7078288 3.6820738 3.6820738 4.1045024 3.8228524 4.1573929 3.5534056 3.7518717 3.7677508 3.7565150 3.7723362 3.8056830 3.8218342 2.9754270 3.6856259 3.7403356 3.9709460 4.3826850 3.8160702 3.9880017 3.5774331 4.3127442 2.9061292 3.6405300 3.1670067 2.4921125 3.8713324 3.1106371 5.0525236 3.2256909 4.8223803 4.4282648 3.5488733 4.3563601 3.8452903 3.9772381 4.9666174 5.8298877 4.4602127 3.3014074 3.2104777 3.1301811 5.2509426 5.0917345 4.9549895 5.6666504 4.8724294 5.0990484 3.8666741 
HoiH04_mRNA680                                          1.9061148 2.6449877 2.4764854 2.7780197 2.6174420 2.8171845 2.8063878 3.3388059 2.2562323 2.0801431 2.0455081 2.3017588 2.7977657 2.6339141 2.1744918 2.4905583 2.3358129 2.3306936 2.4758112 2.8752099 2.7485258 2.9924264 4.7189024 2.8451600 3.3198682 2.6401084 0.0136500 0.0000000 0.1089569 0.1157961 0.3075618 0.2507508 0.4102765 3.9497026 4.0171339 3.7309429 3.1832788 3.7407678 4.6896239 4.3919047 4.3414316 3.7666135 4.3685589 3.7766076 4.1040920 4.2216973 4.2429313 3.6908508 2.5019280 3.3464889 3.7954565 3.7685339 3.7685339 4.1045024 3.8155866 4.1573929 3.6345334 3.8259117 3.8423876 3.8303251 3.8467380 3.8815618 3.8983288 3.4185207 3.7758962 3.8335450 4.0563280 4.3826850 3.8160702 3.9928014 3.6718573 4.3855232 3.1324179 3.7361007 4.2073911 2.4921125 3.8660269 3.1106371 5.0525236 3.3603390 4.8223803 4.4282648 3.6284874 4.4922260 3.9411086 3.9757496 4.9666174 5.8298877 4.4674618 3.4344419 3.2138837 3.1947117 5.4084465 5.0917345 5.0578809 6.1019828 5.0890798 5.1410932 3.9340548 
HoiH06_mRNA7248                                         1.8601801 2.0079577 2.1433898 2.1107284 2.3394094 2.2834946 2.6893771 0.0000010 1.8892393 2.1273239 2.0966013 1.9229722 3.3427409 9.0000000 1.6718344 2.3192337 2.1150095 1.9827112 2.0969409 2.5954411 2.4690886 2.7063058 0.0000010 2.7200948 2.7675386 2.1015950 0.0901560 0.1089569 0.0000000 0.0433473 0.2225211 0.1367154 0.2824591 0.0000010 4.0262081 3.2292761 3.1418930 3.2292761 0.0000010 2.8327859 2.8327859 3.2472338 2.8327859 3.2472338 3.4521359 2.7082480 2.7082480 3.2315248 2.5573848 3.3533002 3.1702814 3.1702814 3.1702814 2.7687100 3.1674990 2.7687100 3.3209673 3.2215528 3.2215528 3.2324042 3.2324042 3.2942387 3.2942387 3.1205632 3.1235304 3.1953308 3.4652102 9.0000000 3.0143922 3.5940429 3.4503182 3.6354055 3.0074924 3.1122802 3.4332557 2.5792321 3.3545953 3.2308598 0.0000010 3.0298431 1.3831013 1.3831013 3.5020584 3.7342674 3.2992667 3.2931307 1.3831013 1.3831013 3.6260439 3.0297887 2.6956953 3.2953650 4.6746989 1.3831013 4.8858804 5.6441987 4.6289259 4.9897889 4.0478342 
HoiH23_PlH23_003215-RA                                  1.8786909 2.4575116 2.5028433 2.7070608 2.6229451 2.6965643 2.8091389 3.4528678 2.2712144 2.1121839 2.0817425 2.3098405 2.8386143 2.6565981 2.1764273 2.4845842 2.3117764 2.2846336 2.5212295 2.8579520 2.6917935 2.9390374 4.8786554 2.7360703 3.2933813 2.5077712 0.1059306 0.1157961 0.0433473 0.0000000 0.2653342 0.2312216 0.3156064 3.9349361 4.0614706 3.7329369 3.1641950 3.7296974 4.8314216 4.5195646 4.5056427 3.7462499 4.4968779 3.7429917 4.1220976 4.2239784 4.1786694 3.6851264 2.5202996 3.3223638 3.7985172 3.7723119 3.7723119 4.1932996 3.8571016 4.2474475 3.5312377 3.6754663 3.6907283 3.6803248 3.6955339 3.7233054 3.7387934 3.0346623 3.7218946 3.7772152 4.0133132 4.5028627 3.8549174 4.0135581 3.6388110 4.3402759 2.9612846 3.6048992 3.5760309 2.5379970 3.7874968 3.0521782 4.9485602 3.2524350 4.6361673 4.7678343 3.6341920 4.4360943 3.8836332 4.0353869 4.9529025 5.6645974 4.2199068 3.2607821 3.1904081 3.1786375 5.3385939 5.0948676 5.1871059 5.6003890 4.9058090 5.1335935 3.9318035 
TrH2_TrispH2_002445-RA                                  1.8283453 2.5634906 2.4682646 2.6770300 2.5223955 2.7707231 2.7559111 4.6655980 2.3776211 2.2857125 2.2368451 2.3913097 3.0756996 2.8844860 2.4121059 2.6104023 2.4237471 2.4767927 2.5904217 3.1177452 2.8963266 3.1941806 5.6285358 2.9089716 3.4426308 2.6767390 0.2958954 0.3075618 0.2225211 0.2653342 0.0000000 0.0060147 0.0852077 4.1040347 3.6567505 3.5383692 2.9979568 3.5392949 4.3290227 4.1497302 4.1103967 3.5878383 4.1139221 3.5888235 3.9904926 3.9413050 4.0686567 3.6265706 2.7314572 3.1200628 3.5891827 3.5652539 3.5652539 3.9640939 3.6344464 4.0137738 3.3779128 3.6403056 3.6553538 3.6324333 3.6474079 3.6573063 3.6724142 3.4855840 3.6279888 3.6676757 3.8594452 4.5723314 3.8265213 3.9983710 3.5314739 4.3470448 3.1150268 3.4513289 3.3893808 2.4239896 3.8467639 3.1466887 4.8789090 3.3727879 5.0995561 5.0836744 3.8647520 4.4877238 4.0377010 4.2069394 5.2092585 5.7538115 4.4417604 3.4463456 3.3822915 3.1953527 5.2350500 4.9908087 5.3054130 6.0290926 4.7151644 5.2201253 4.2104342 
Tadh_TriadT57106                                        2.3991278 3.1685214 2.8543592 3.5560044 3.2578621 3.3536454 2.7559111 4.6332500 2.7770737 2.7718958 2.7829658 2.7529913 3.0298791 2.9654860 2.7753531 2.7811992 2.5847400 2.7321378 2.9580548 3.5071623 3.1533274 3.5705891 5.6647783 3.0327735 3.9163176 3.0263459 0.2535604 0.2507508 0.1367154 0.2312216 0.0060147 0.0000000 3.8416151 3.8475794 4.3331485 3.9189654 6.5785562 3.9189654 4.3290227 4.1855832 4.1855832 4.0071516 4.1855832 4.0071516 4.0584131 3.9531101 4.0853754 4.0693164 0.0000010 4.0658555 3.9747353 3.9747353 3.9747353 4.0389133 3.9747353 4.0389133 3.6301207 3.9891849 3.9891849 3.9746206 3.9746206 4.0169598 4.0169598 0.0000010 4.0111727 4.0809107 4.1309456 4.4133356 3.7642508 3.6938250 3.7539433 8.9999989 0.0000010 4.0403186 3.4730227 0.0000010 4.3198292 3.1466887 4.9192678 3.7892439 5.0995561 4.9111876 4.0027520 5.0837997 4.4339688 4.3193103 5.2616687 5.7538115 4.4367325 3.8308277 3.7239244 3.2583169 6.2361502 5.0039811 5.8564172 8.5162184 5.7656921 6.2557757 4.0199009 
Tadh_TriadT57105                                        1.1401527 1.6305082 1.9546158 1.2510660 2.1564148 1.9669921 0.0000010 0.0000010 1.7747970 1.9891539 1.9568039 1.8875607 5.4817420 0.0000010 1.9180803 2.2283034 2.0668836 1.9464217 2.0903792 2.5657445 2.3884197 2.5605225 0.0000010 2.6916032 2.4946626 2.0006604 0.3556849 0.4102765 0.2824591 0.3156064 0.0852077 3.8416151 0.0000000 0.0000010 3.2776822 3.1414718 2.7890357 3.1414718 4.2384820 4.6724107 4.6724107 3.2174523 4.6724107 3.2174523 8.9999980 4.2384820 4.2384820 3.2331001 2.7314572 3.0727309 3.1388625 3.1388625 3.1388625 3.9222747 3.1466823 3.9222747 3.0344772 3.2469210 3.2469210 3.2251170 3.2251170 3.2544229 3.2544229 3.4855840 3.1440253 3.1979627 3.5803105 4.2384820 2.9826062 8.9999984 3.2234147 2.9915110 3.2009107 2.9363000 3.2361990 2.4239896 3.1021749 0.0000010 3.1871726 2.8451933 5.3539123 5.3539123 3.7488641 3.5527161 3.1935484 3.7708439 7.9473007 7.9473007 9.0000000 3.1059572 2.8895329 2.9476138 3.8620060 2.9236570 4.0731451 4.5433365 3.3336771 3.8879350 4.2848656 
Skow_XM_006820413.1                                     0.0000010 1.0434405 2.2856712 1.8976911 3.1087441 1.9172365 0.0000010 1.7611208 1.8953631 0.0000010 0.0000010 1.9860794 1.7979354 1.6192661 1.8628068 0.0000010 1.9915026 2.1541802 2.1485896 2.4600930 2.1791101 1.9609500 2.0230981 2.4911680 4.7653302 1.4930254 3.9497026 3.9497026 0.0000010 3.9349361 4.1040347 3.8475794 0.0000010 0.0000000 0.0000010 2.8331490 0.0000010 2.8164874 2.6346123 2.6626672 2.8331490 2.8331490 2.8164874 2.8164874 2.7682646 3.0396341 5.2980002 2.8012563 0.0000010 0.0000010 3.0404148 3.2044352 3.2044352 3.2044352 3.0435712 3.0404148 3.4940673 3.2497623 3.2290209 3.2497623 3.2290209 3.2497623 3.2290209 0.0000010 3.4748350 3.4748350 3.2215233 3.0918797 3.0918797 3.1057509 2.7018267 0.0000010 0.0000010 3.1946841 6.6137917 0.0000010 3.0006632 0.0000010 0.0000010 3.1246186 2.6772102 2.7442379 3.0657485 3.6622493 4.0304799 3.5232927 2.3574032 5.9929982 4.1432980 0.0000010 2.4385688 6.2686632 4.1192211 2.5964568 2.8677930 0.0000010 2.5909305 4.9421493 0.0000010 
Mertsp_Mesp_sb612067                                    3.4964382 3.8987748 3.4828185 4.5680688 9.0000000 3.6389501 3.3774425 0.0000010 3.1992607 3.2777249 3.1447000 3.2182718 0.0000010 0.0000010 2.9855040 4.7670562 3.3156537 3.2850529 3.7793353 4.8462774 3.7057324 3.4285171 0.0000010 3.2307470 3.3800588 2.8901484 4.0425864 4.0171339 4.0262081 4.0614706 3.6567505 4.3331485 3.2776822 0.0000010 0.0000000 0.0046627 0.0084371 0.0046627 0.0000010 0.0000010 0.0000010 0.2055397 0.0000010 0.2055397 0.2325630 0.0240820 0.0240820 0.3856786 0.1679691 0.7515995 0.4293660 0.4293660 0.4293660 0.0207311 0.4293660 0.0207311 0.4870129 0.3766815 0.3766815 0.4127275 0.4127275 0.4057434 0.4057434 0.0000010 0.4577276 0.4998641 0.5118474 0.6978409 0.1313377 0.5657371 0.7789160 1.0505366 0.5473232 0.5362073 0.0000010 2.0166903 3.8683949 2.5055443 0.0000010 2.9892672 0.0000010 0.0000010 3.4785183 4.3480524 3.8299008 4.2316310 0.0000010 0.0000010 4.9395708 4.4455450 3.7506132 5.3105899 6.9193344 0.0000010 8.0887722 7.1259334 5.9757882 8.9999989 5.2804325 
Beraby_Baby_sb349361                                    3.5205638 3.1452918 3.1224446 3.5289959 2.5721879 3.0635390 3.8506736 3.2235815 2.9406015 2.6454599 2.6139841 2.8280930 3.5128678 2.8163337 2.7519098 3.1437877 2.9665447 2.9430389 3.3089436 3.7207861 3.3029326 3.0012505 3.6900919 2.8685016 3.6243879 2.9417079 3.6501351 3.7309429 3.2292761 3.7329369 3.5383692 3.9189654 3.1414718 2.8331490 0.0046627 0.0000000 0.0041036 0.0054535 0.0179968 0.0121604 0.0119962 0.0480722 0.0244558 0.0543731 0.0695398 0.3099433 0.3517190 0.3453750 0.3117779 0.5134511 0.3864536 0.3863558 0.3863558 0.3380527 0.4026106 0.3381198 0.4605349 0.3867887 0.3880125 0.3969962 0.3982582 0.3950696 0.3963238 0.5335885 0.4800549 0.4921566 0.5260853 0.6609324 0.5128316 0.5988082 0.7422645 1.1373884 0.6558648 0.5658065 2.5884662 2.4237424 3.6946409 2.8497378 4.0352423 2.9108601 4.5043359 3.9659681 3.4451919 3.8776016 3.9619029 3.6378510 3.8250192 4.0595763 4.0218077 3.3326723 3.0808491 4.0363626 5.1140318 3.8450118 4.7266587 5.2264456 4.9335755 5.7930073 4.3411194 
Bolinf_Binf_sb1227739                                   2.9240719 2.5884399 2.4948249 2.6053800 2.3539788 2.5605226 0.0000010 0.0000010 2.3652438 2.3553771 2.3118719 2.3166186 5.9807608 0.0000010 2.1289386 2.5571197 2.2868628 2.5160677 2.5320242 3.5621964 2.6596239 2.5869808 0.0000010 2.5198763 2.9790147 2.2464427 3.1293177 3.1832788 3.1418930 3.1641950 2.9979568 6.5785562 2.7890357 0.0000010 0.0084371 0.0041036 0.0000000 0.0041036 0.0000010 2.7585036 2.7585036 0.1185798 2.7585036 0.1185798 9.0000000 0.0000010 0.0000010 0.4749011 0.2948379 0.4722258 0.4722258 0.4722258 0.4722258 2.8375264 0.6051889 2.8375264 0.5295458 0.5009378 0.5009378 0.5039810 0.5039810 0.4943574 0.4943574 0.5560379 0.6020801 0.6239574 0.6848122 0.0000010 2.4389218 3.2167321 1.0127913 1.0127913 0.6180044 0.7581591 2.3088555 2.4237424 3.0269768 0.0000010 0.0000010 2.6081526 0.0000010 0.0000010 3.2204242 3.7044602 3.5715057 3.5650634 0.0000010 0.0000010 8.9999980 3.0815428 3.1415939 3.5991823 5.1513311 0.0000010 5.3127140 5.1775088 4.3794775 4.3954430 3.8101295 
Beraby_Baby_sb349366                                    3.5205638 3.1593720 3.1320196 3.5289959 2.5721879 3.0795517 3.8506736 3.2286895 2.9536089 2.6454599 2.6139841 2.8404944 3.5466838 2.8494903 2.7496304 3.1437877 2.9564745 2.9517469 3.3089436 3.7207861 3.3029326 3.0012505 3.6900919 2.8685016 3.6621278 2.9483379 3.6595335 3.7407678 3.2292761 3.7296974 3.5392949 3.9189654 3.1414718 2.8164874 0.0046627 0.0054535 0.0041036 0.0000000 0.0179968 0.0152449 0.0244558 0.0543731 0.0120130 0.0481051 0.0695834 0.3102410 0.3517190 0.3378925 0.3117779 0.5134511 0.3869460 0.3759663 0.3759663 0.3212934 0.4029750 0.3389116 0.4550399 0.3809937 0.3834952 0.3910986 0.3936450 0.3891943 0.3917310 0.5335885 0.4774625 0.4895425 0.5260438 0.6533061 0.5082145 0.5988082 0.7415710 1.1373884 0.6558648 0.5531297 2.5884662 2.4237424 3.6946409 2.8497378 4.0352423 2.9108601 4.5043359 3.9659681 3.4451919 3.8776016 3.9619029 3.6268511 3.8250192 4.0595763 4.0218077 3.3326723 3.0808491 4.0363626 5.1140318 3.8450118 4.7266587 5.2264456 4.9335755 5.7766458 4.3411194 
