80
Stycar_maker-SC_scaffold6087-augustus-gene-0.49-mRNA-1 0.0000000 2.7622575 0.0000010 3.0053355 2.7548885 9.0000000 2.8026635 2.7844071 3.4230647 4.5877244 3.6654130 2.9651809 2.2522403 2.1529268 0.0000010 3.3519060 3.0806651 4.8751938 2.5526004 1.5304740 3.5135397 4.8463291 4.1624856 0.0000010 3.3655252 2.0630797 1.1594839 0.7608795 2.1681526 1.4272492 1.1594839 0.0000010 0.6333448 3.0716284 2.8673035 2.3735240 2.9659144 3.5489209 5.0486429 1.4729407 2.7381144 2.7172026 1.9787063 1.5736814 3.7269300 4.4624622 2.9404183 2.1633804 2.6217872 2.6908514 2.7846404 2.1923467 3.2875560 3.2396437 1.4959238 3.1877654 1.2746946 4.2286595 3.4346881 3.6614395 3.5143926 0.0000010 0.6334860 4.3821843 3.5828937 2.8958654 1.0144198 2.2563460 3.1533308 1.8899702 3.9323348 3.0402014 3.8486832 2.8369266 2.8788167 3.8870690 3.7256423 2.8350198 2.7389007 3.2641797 
Horcal_Hcv1.av93.c11.g217.i1                           2.7622575 0.0000000 0.3745379 0.4593465 0.5042754 0.5748776 0.5029118 0.5148813 0.4667113 0.2780821 1.0383613 0.7736849 0.7416334 0.7032501 1.2326991 1.0949416 0.8411554 0.9149898 1.0477803 0.0586343 5.6455025 2.4460025 2.3376061 2.5213469 2.4272984 2.5233963 3.2660185 2.4277703 2.2227600 2.6438130 2.1369635 2.1848165 3.5355487 2.6926978 2.6319315 2.7241049 2.6131545 2.6837806 2.5959994 2.3839827 2.6606609 2.4649329 2.1457361 2.4313596 2.8395032 3.2386050 2.9001945 2.4702115 2.6962203 2.5295481 2.4885448 3.0693995 2.5202420 2.7392057 2.5437311 2.7299097 2.4078262 2.2299795 2.7460399 2.6665356 2.8840649 4.0355796 3.2402829 2.9133769 2.8055061 2.4952434 2.0273426 2.8374905 2.9850461 2.6081932 3.0255439 2.9011960 3.0691105 2.8197192 2.7993238 2.9744357 2.9590599 3.0175548 3.0813256 3.5553397 
Bolinf_Binf_sb1224234                                  0.0000010 0.3745379 0.0000000 0.2325988 0.3713138 0.3244413 0.3912484 0.4758759 0.4034273 0.3888874 0.7309666 0.7793414 0.6712689 0.6712689 0.7556306 0.6968488 0.0000010 0.0000010 0.0000010 0.0000010 3.5687724 2.9328951 2.9108273 3.0425612 3.1217570 2.0917766 0.0000010 0.0000010 1.4428588 2.5586103 2.8894312 2.7463988 0.0000010 2.3622456 2.5961044 2.7829100 2.3050496 2.5662023 0.0000010 1.9585773 2.1090545 1.9449124 2.0430501 2.1630819 2.4725609 3.3471920 1.9189934 2.8628820 2.2769335 2.1092046 1.9859491 0.0000010 2.1153098 2.1804885 2.4533781 2.5292107 0.0000010 2.2308004 2.6085665 2.5850758 2.4902548 0.0000010 2.9958498 2.5220864 2.5114169 2.3075704 2.0601650 2.5580476 2.1008361 2.2915618 2.2697764 2.7883596 2.5697553 2.5265059 2.3766049 2.5833934 2.5833934 2.3979938 2.5142860 0.0000010 
Mlei_ML0032.g70.i1                                     3.0053355 0.4593465 0.2325988 0.0000000 0.3487711 0.2256594 0.2898946 0.4430130 0.5554449 0.7886139 0.7625662 0.7703129 0.6015877 0.7477851 0.6084624 0.9350193 0.9287912 0.7309907 0.0000010 0.2752438 4.8408735 2.4575402 2.4137295 2.5139614 2.5537768 2.1103790 3.3687397 1.6963645 2.0697832 2.1716547 2.0627217 2.5334825 1.5447805 2.4010478 2.2358141 2.4986601 2.2234484 2.4209894 2.3397797 1.8229341 2.0921544 2.0388131 1.8840234 2.2838552 2.3693255 2.9258672 2.4449880 2.3021103 2.2206797 2.2980174 2.3655504 2.4685819 2.2152814 2.3089649 2.0153924 2.7242481 1.8827722 2.1894534 2.5080721 2.3443784 2.4836079 0.0000010 2.7914443 2.4807719 2.4797416 2.1656627 1.9342206 2.6098943 2.6101299 2.4731413 2.7190306 2.5608252 2.6645539 2.9412939 2.8534686 3.0113998 2.9982230 2.7430301 2.7717202 3.6304810 
Beraby_Baby_sb333895                                   2.7548885 0.5042754 0.3713138 0.3487711 0.0000000 0.4287644 0.4368521 0.4321013 0.3843247 0.5394393 0.9382536 0.8194405 0.6793113 0.7022322 1.0685808 1.0973481 0.5097157 0.7749279 0.7093662 0.6234759 5.6034262 2.4632989 2.3859811 2.5305661 2.4861055 2.4955934 3.4175892 2.4463183 2.1511876 2.6546384 2.3274555 2.6009030 3.6860388 2.8262715 2.6970047 2.8904876 2.6889505 2.6174590 2.7948316 2.2654070 2.4797160 2.2835948 2.0710705 2.1615284 2.6576640 3.0617056 2.7339484 2.3680668 2.5129109 2.5153150 2.6589828 3.2371663 2.5049584 2.7579893 2.7687686 2.8467894 2.5262525 2.1897445 2.7929006 2.6318017 2.5199547 4.5129041 3.0850111 2.9188250 3.0218682 2.6004915 1.9280040 2.7986827 2.7519499 2.7905430 3.0681056 3.2273809 3.2062193 2.9596161 2.8649707 2.9680440 2.9836452 3.0635232 3.1394055 5.2062495 
Bolinf_Binf_sb1226163                                  9.0000000 0.5748776 0.3244413 0.2256594 0.4287644 0.0000000 0.0000010 0.3170813 0.0000010 0.5144062 0.9641768 2.2625344 0.6960220 0.9697142 1.3095362 1.0868614 0.5848871 0.5854069 0.6646464 0.6101378 4.5078990 2.1999545 2.2326628 2.1429850 2.3117238 2.5120953 3.4635300 2.4551470 0.0000010 2.5916571 2.1506788 2.1644392 3.7671434 2.7695174 2.8217921 2.6508754 2.7205253 2.5252449 2.8518686 2.2811150 2.3601607 2.1805706 2.1592643 2.2812641 2.5978255 2.8003820 0.0000010 2.0688069 2.5703465 2.5152603 2.6498965 3.1187939 2.5196873 2.7722631 2.7408019 2.6879369 2.5177371 2.0482263 2.7674093 2.6985286 2.7362228 4.6573033 3.1264875 3.1926576 2.8249102 2.4382467 2.6390918 2.7462172 3.1032530 2.8025782 3.1131935 2.9935619 3.0808166 3.1676662 3.0676198 2.9778989 3.0039240 3.5413293 3.5413293 0.0000010 
Mertsp_Mesp_sb565966                                   2.8026635 0.5029118 0.3912484 0.2898946 0.4368521 0.0000010 0.0000000 0.3921923 0.3163448 0.3987298 0.8535311 0.7472686 0.6526441 0.6612061 1.3095362 0.9274265 0.6187457 0.6464181 0.6646464 0.6101378 5.9710785 2.3354758 2.3766355 2.5092731 2.4428528 2.3290169 3.4635300 2.4541382 1.6937440 2.5237726 2.2175677 2.2836850 3.7471879 2.6351539 2.5991164 2.6594813 2.5639425 2.5061563 2.8518686 2.2188052 2.2659075 2.1226872 2.0249245 2.1545048 2.5607763 2.9443384 2.0929191 2.3214471 2.4233740 2.4056363 2.4621856 3.1187939 2.4829388 2.4911388 2.6133742 2.6964864 2.5163855 2.0367516 2.5848124 2.5391878 2.6000694 4.6197328 3.1214686 2.9621808 2.6658511 2.4921748 1.8879424 2.6004253 2.7053872 2.6990489 2.8606314 2.9204129 2.9796610 2.7390613 2.6331718 2.7003928 2.7156600 2.9685802 3.0337000 3.3558353 
Lampan_Lpan_12341_01                                   2.7844071 0.5148813 0.4758759 0.4430130 0.4321013 0.3170813 0.3921923 0.0000000 0.6383986 0.7302093 0.8279076 0.7317766 0.5614072 0.6507863 1.9736157 0.9585365 1.8367193 2.2871974 1.7911797 0.3922730 5.7624871 2.3891648 2.2910917 2.5243451 2.3756480 2.1489289 3.6495439 1.6013277 2.3635671 2.2950493 1.8561239 2.5099966 6.5317634 2.4814721 2.3793976 2.4513280 2.3924321 2.2403914 3.1345198 1.7505101 2.1310470 2.0676076 1.7957523 2.2170598 2.4741032 2.9547586 2.4894115 2.2625627 2.2667554 2.3710421 2.2534341 2.5541071 2.1600073 2.3597846 2.1333586 2.5848673 1.6298653 2.2871387 2.3117286 2.2737845 2.3271897 8.9999984 2.8581013 2.4773057 2.3899418 2.3428402 1.9275723 2.5075391 2.6584103 2.4212565 2.7018908 2.5805287 2.7019656 2.8688692 2.7684679 3.0108986 3.0170856 2.7144989 2.7705976 3.6400146 
Drygla_Dgla_sb282225                                   3.4230647 0.4667113 0.4034273 0.5554449 0.3843247 0.0000010 0.3163448 0.6383986 0.0000000 0.5604714 0.8043768 0.6159122 0.5606857 0.5606857 0.0000010 0.9370260 1.4040159 2.6756686 0.0000010 0.0000010 8.9999989 2.9568769 3.0854920 3.0162303 3.3673308 2.4738952 0.0000010 0.0000010 2.2540310 2.4660991 2.3027690 2.3027690 1.8013534 2.7783777 2.6719366 3.0760533 2.6772011 3.3078318 0.0000010 0.0000010 2.7264348 2.7629124 1.9153989 2.1392060 2.9724476 4.5908550 2.9207800 2.9538786 2.5855970 2.8902279 2.6385394 0.0000010 3.1339122 2.6941675 2.5967975 3.0699056 0.0000010 2.3420550 2.6849613 2.4821237 2.8118472 0.0000010 3.6443465 2.7393209 2.6730873 2.7815209 1.4945161 3.3217612 2.7841534 2.6750928 2.6609200 3.1436523 3.5967423 2.6129198 2.7197585 2.7999778 2.8308170 2.4670972 2.4843892 4.8874250 
Pbac_sb2669171                                         4.5877244 0.2780821 0.3888874 0.7886139 0.5394393 0.5144062 0.3987298 0.7302093 0.5604714 0.0000000 1.2260771 0.7646811 0.7320698 0.7320698 1.3511293 1.1251543 1.0886367 1.8499609 0.0000010 0.0000010 8.3887827 2.9453857 2.8841814 2.9406289 3.2530062 2.8528521 0.0000010 0.0000010 3.1440579 3.3056393 2.4522565 2.2273864 0.0000010 3.5596331 3.2782327 3.5147385 3.4128737 3.2783591 0.0000010 2.5165658 3.7604919 3.3535737 2.0744255 2.4285881 4.0510798 4.9812145 4.8746987 3.2571524 3.2667240 3.2969049 2.8483450 0.0000010 3.2206194 3.4183697 2.2272092 3.6860136 0.0000010 3.3064000 3.3638707 3.4528970 3.3754988 0.0000010 3.6598330 3.4708699 3.2644240 3.2266309 1.8009987 3.8450121 3.3406035 2.2637162 3.1584174 3.6116653 3.6743122 2.9655102 3.0792068 3.1426601 3.0946461 3.0208493 3.1056033 5.5428680 
Coemet_Cmet_scaffold10417_01                           3.6654130 1.0383613 0.7309666 0.7625662 0.9382536 0.9641768 0.8535311 0.8279076 0.8043768 1.2260771 0.0000000 0.0567971 1.0060426 0.9496809 1.9651163 1.0227464 1.6102354 1.5928442 1.9204184 1.1248169 5.6900517 2.6269395 2.3697104 2.2222041 2.3853640 2.4388139 3.9387791 2.6648596 2.2474820 2.9132840 2.1762375 2.6002815 4.5603445 2.6104105 2.5307388 2.9794824 2.6045860 2.6582543 3.2423267 2.3577746 2.4967875 2.3663677 2.0468075 1.9077338 2.8420333 3.1976894 2.6519116 2.3574371 2.4695098 2.7540648 2.9220353 3.6238730 2.6536771 2.6405345 2.6845823 2.8794762 2.7750566 2.5300864 2.8735149 2.7793643 2.9968063 4.3739451 3.3258054 2.8858178 2.6670967 2.5400044 2.0732767 2.9029034 3.1180879 2.5097610 2.8872351 3.0417831 3.1091279 3.2948427 3.2001186 3.4349741 3.4597338 3.1276312 3.2040371 4.5524707 
Coeast_Cast_sb764295                                   2.9651809 0.7736849 0.7793414 0.7703129 0.8194405 2.2625344 0.7472686 0.7317766 0.6159122 0.7646811 0.0567971 0.0000000 0.8988138 0.8988138 1.7018539 0.8185008 1.7700024 2.2298232 0.0000010 0.0000010 6.0160260 3.0465461 2.4623258 2.6882796 2.6484144 2.1863909 0.0000010 2.1869132 1.7809495 2.6846528 3.0573229 2.9447828 2.1869132 2.7043883 2.6116531 3.0543537 2.4307660 2.7073971 0.0000010 1.9637248 2.1192123 2.0195393 1.8061003 1.8967656 2.4746526 3.3189730 2.0729104 2.5971968 2.0426516 2.2777488 2.3948879 0.0000010 2.3212673 2.3591765 2.6468392 3.4546525 2.1869132 2.3137984 2.2912317 2.3508609 2.5306372 2.1869132 3.8262359 2.2806776 2.4756104 2.3918056 1.9885514 2.8461771 2.7423537 2.4591835 2.5127018 2.9706435 2.8050155 2.6650952 2.5906883 2.7927492 2.7927492 2.4524445 2.5419458 3.2510204 
Eupdun_Edun_sb10648902                                 2.2522403 0.7416334 0.6712689 0.6015877 0.6793113 0.6960220 0.6526441 0.5614072 0.5606857 0.7320698 1.0060426 0.8988138 0.0000000 0.0105979 0.0487523 1.1173065 0.9423533 0.9644807 0.9997467 0.8285404 5.9208204 2.6537846 2.4885043 2.8674172 2.5958904 2.5096395 3.8718357 2.7433534 2.1634788 2.6117892 2.3616481 2.8293284 4.0659197 2.6529845 2.7947711 2.7606278 2.7559529 2.7886706 3.2670108 2.4556454 2.5692257 2.5344270 2.3193078 2.5428530 2.7897215 3.3282345 2.8212450 2.6463368 2.5472197 2.5211508 2.8624970 4.2046884 2.6495655 2.6937117 2.7383989 2.8030968 2.6214984 2.4396743 2.8024372 2.7051718 2.6323402 4.7727651 3.3160011 2.8997999 2.8560446 2.7183823 2.0959611 2.8161051 2.7198434 2.8145414 2.9063888 3.0919978 3.1777620 2.8624796 2.7539536 2.8527018 2.8674488 2.8978573 2.9657011 3.5085537 
Eupdun_Edun_sb10648905                                 2.1529268 0.7032501 0.6712689 0.7477851 0.7022322 0.9697142 0.6612061 0.6507863 0.5606857 0.7320698 0.9496809 0.8988138 0.0105979 0.0000000 0.5352400 1.0375114 1.8514817 3.5485673 0.0000010 2.4101186 6.4678980 3.0982999 2.8696389 3.3072274 2.9932125 2.2605011 0.0000010 0.0000010 2.1634788 2.6020105 2.9137392 2.8293284 0.9482610 2.5670757 2.7225419 2.7565747 2.5032956 2.9782321 0.0000010 2.3221676 2.6130225 2.6080486 2.2006892 2.5428530 2.7870211 3.6948835 2.8212450 3.0047911 2.4179041 2.4652712 2.6053110 0.0000010 2.4228112 2.4419674 2.5463460 2.8059437 0.0000010 3.0737779 2.8211732 2.7837931 2.6927147 0.0000010 2.9426234 2.9203566 2.5668332 2.7184896 1.8223286 2.7592259 2.4560706 2.7609211 2.8373777 2.8430313 3.2224880 2.6711951 2.5658618 2.6734228 2.6720027 2.5577529 2.6482685 3.5085537 
Eupdun_Edun_sb10648907                                 0.0000010 1.2326991 0.7556306 0.6084624 1.0685808 1.3095362 1.3095362 1.9736157 0.0000010 1.3511293 1.9651163 1.7018539 0.0487523 0.5352400 0.0000000 1.9278294 1.1717986 1.1776770 1.2139096 1.2683952 7.2014268 3.0673809 2.7958028 2.1676061 2.8366816 4.5862861 4.2635366 4.0422355 0.0000010 4.4838173 3.8912828 8.9826713 4.3568651 4.4139729 4.9329939 4.3177376 4.7760152 4.4135422 4.4737206 4.0912200 4.2800173 4.1646550 8.5798850 8.2531333 4.6748738 4.8112289 0.0000010 4.1399841 4.3115788 3.7280526 5.4633382 5.3141758 4.2375658 4.7386881 4.5254766 4.2732833 4.4251606 6.9898720 5.3681528 4.8008416 4.2228828 5.0523334 4.7302665 4.8947263 5.0538443 4.5164076 7.0537087 4.9362608 4.5863327 6.3301826 5.5034768 4.7397731 5.3008571 3.6878470 3.6652438 4.0851201 4.2025097 4.3091750 4.3091750 0.0000010 
Vmul_SimC405530                                        3.3519060 1.0949416 0.6968488 0.9350193 1.0973481 1.0868614 0.9274265 0.9585365 0.9370260 1.1251543 1.0227464 0.8185008 1.1173065 1.0375114 1.9278294 0.0000000 1.5157628 1.6958396 1.7703339 1.3076630 5.2466679 2.5947110 2.6721726 2.5311041 2.8725925 2.6529000 3.7351078 2.6960072 2.1898593 2.8099574 2.2144742 2.1886864 4.3794868 2.8939078 2.8837565 2.9470048 2.8514743 2.7235197 3.3208406 2.4123686 2.6481645 2.5485245 2.1430007 2.0828299 2.8074013 3.2258278 2.9847105 2.6192763 2.5760430 2.9246541 2.8809589 3.8006185 2.7731577 2.7109875 2.8577955 3.0036988 2.8252075 2.3255213 2.9347170 2.8541032 2.8803345 4.5059153 3.3641616 3.1274587 2.8071768 2.6016154 1.9984559 3.0334394 3.2727542 2.5304795 2.9580238 3.2931734 3.0393716 3.2660693 3.1716893 3.3038434 3.3136592 3.1151807 3.2174215 5.4150298 
Vmul_sbMO490687                                        3.0806651 0.8411554 0.0000010 0.9287912 0.5097157 0.5848871 0.6187457 1.8367193 1.4040159 1.0886367 1.6102354 1.7700024 0.9423533 1.8514817 1.1717986 1.5157628 0.0000000 0.2828005 0.3269949 0.9238227 5.0340540 2.6065658 2.4801755 0.0000010 2.5267952 3.2766007 3.2143547 3.2143547 3.7598412 3.5922981 2.8756261 0.0000010 3.6054089 3.6000716 3.6295697 3.4324243 3.2186228 3.3549001 2.6914787 2.9250776 3.2613647 2.9424587 7.8144464 2.1218983 3.2800070 3.1453838 2.1218983 2.8084929 3.2758186 3.0294540 3.6718524 3.5517035 2.9360940 3.5003737 3.6009840 3.4475167 3.5577416 5.5693306 4.1843339 4.0659982 4.0274439 3.7168454 3.1706464 4.6880166 4.3138760 3.4924152 3.5876478 3.7893307 4.1600764 3.2322992 3.8411138 3.9550119 4.2656853 2.8275401 2.8947144 2.9462604 2.9391927 3.3779241 3.3779241 9.0000000 
Mertsp_Mesp_sb606225                                   4.8751938 0.9149898 0.0000010 0.7309907 0.7749279 0.5854069 0.6464181 2.2871974 2.6756686 1.8499609 1.5928442 2.2298232 0.9644807 3.5485673 1.1776770 1.6958396 0.2828005 0.0000000 0.0072091 0.8728296 6.6945327 3.1245445 2.6794898 0.0000010 2.7813614 3.8014858 3.5456356 3.5456356 8.7961816 4.2867494 3.4964533 0.0000010 4.0333073 4.1256480 4.2718498 4.1122785 3.7866646 3.4297821 2.8443261 3.2203980 3.7238227 3.3762210 7.9074498 4.7309526 3.8613909 3.5812360 4.7309526 3.0761004 3.6278859 3.6374258 3.9769147 3.7568350 3.3660101 3.8998575 3.6320883 3.8628862 3.5024198 7.9529602 4.2152789 4.0426591 4.0250741 4.3169091 3.0864494 4.6241491 4.5367795 3.9535817 3.5854387 3.9029664 4.6132732 4.5778509 3.9772279 4.1230941 4.1863926 2.9514119 3.0131852 3.1814353 3.1745858 3.5671854 3.5671854 9.0000000 
Bolinf_Binf_sb1222218                                  2.5526004 1.0477803 0.0000010 0.0000010 0.7093662 0.6646464 0.6646464 1.7911797 0.0000010 0.0000010 1.9204184 0.0000010 0.9997467 0.0000010 1.2139096 1.7703339 0.3269949 0.0072091 0.0000000 1.0278512 4.4477074 2.8765446 2.4296324 0.0000010 2.5374274 3.9318441 3.6944602 3.6944602 0.0000010 4.7714285 3.9328811 0.0000010 4.1982951 4.2385504 4.4034338 4.1533219 4.0728777 3.5964214 3.2890036 3.6359181 4.1928470 3.7875704 8.9999989 0.0000010 3.9791404 3.9583574 0.0000010 3.0833435 3.6693772 3.9623827 4.6201103 4.3572083 3.7316321 4.2045975 3.6914627 3.6618795 3.9825328 7.4174510 4.3539213 4.1288396 4.3318212 4.5011961 3.2765747 5.1675888 5.0116966 4.0930089 3.5854387 4.0079066 4.7515518 5.4316903 4.2724920 4.5463492 4.6609263 2.9169482 2.9924365 3.1185515 3.1102753 3.7719127 3.7719127 0.0000010 
Pbac_sb2656716                                         1.5304740 0.0586343 0.0000010 0.2752438 0.6234759 0.6101378 0.6101378 0.3922730 0.0000010 0.0000010 1.1248169 0.0000010 0.8285404 2.4101186 1.2683952 1.3076630 0.9238227 0.8728296 1.0278512 0.0000000 4.3661289 2.2094806 2.0419940 1.8663052 2.1310642 2.7178988 3.5087105 2.5905277 0.0000010 2.7411985 2.0446566 0.0000010 3.6288875 2.7517409 2.6612640 2.7216890 2.6318095 2.6870943 2.6387580 2.5394167 2.6069476 2.4551533 2.4173655 0.0000010 2.7614418 2.9001471 0.0000010 2.2172120 2.7762746 2.7175222 2.5513736 3.0123582 2.6444135 2.8899457 2.9538680 2.5943720 2.5092326 1.7859707 3.0577966 2.8155322 2.8114258 4.6709968 3.6317639 3.1435134 2.9295964 2.7175849 3.7842293 2.7803310 3.1503777 2.9764114 3.2219523 3.2341802 3.3506124 3.0259508 2.9150014 3.1318283 3.0949947 3.3302691 3.3302691 0.0000010 
Pbac_sb2639878                                         3.5135397 5.6455025 3.5687724 4.8408735 5.6034262 4.5078990 5.9710785 5.7624871 8.9999989 8.3887827 5.6900517 6.0160260 5.9208204 6.4678980 7.2014268 5.2466679 5.0340540 6.6945327 4.4477074 4.3661289 0.0000000 4.3210877 4.4953817 5.1266236 3.9241928 3.2495574 2.3233166 2.1422347 4.1379433 3.4533540 2.9313363 3.3648155 1.6456653 4.0893994 4.2931682 3.8955519 3.8186222 4.2062356 2.2427704 3.2289304 3.7265522 3.3820438 4.1548648 4.2145218 3.5262300 4.6548003 3.9331520 3.6533042 3.6293281 4.2508705 4.1788702 2.8027371 4.4119039 3.6522896 3.4428250 3.5088192 3.4144911 7.0016152 4.7706077 4.7109644 4.4741404 2.4334240 2.9123475 4.0041252 4.6371417 3.5828268 4.0312985 4.1322093 4.6442904 3.9700598 4.3399867 4.7201136 3.5737683 3.8830067 3.7299487 4.1867995 4.1867995 4.6306975 4.6476324 7.5042215 
Lcom_lcpid51080                                        4.8463291 2.4460025 2.9328951 2.4575402 2.4632989 2.1999545 2.3354758 2.3891648 2.9568769 2.9453857 2.6269395 3.0465461 2.6537846 3.0982999 3.0673809 2.5947110 2.6065658 3.1245445 2.8765446 2.2094806 4.3210877 0.0000000 0.6142399 0.4881846 0.5586033 1.7371438 1.3634559 1.3039075 1.8242382 1.6069084 1.5256122 1.9938447 1.2167628 1.9839404 1.9842827 1.9931575 1.8754094 1.9021165 0.8781818 1.4434777 1.8216797 1.7390702 1.7613241 2.0145635 1.9605875 2.3456340 2.9590627 1.7712451 1.7264644 1.8367407 2.0503975 1.3559660 1.9368818 1.7547917 1.9009882 2.0450359 1.3034678 2.1484834 1.6697527 1.6880647 1.8714391 1.3300259 1.8226756 2.0690241 1.8283954 1.9341886 2.0575166 1.7318026 1.9036118 2.2759731 2.1520366 2.4516856 2.3855842 2.2719650 2.2958324 2.3555610 2.3411157 2.2872442 2.3314717 4.5226354 
Gracom_Gcom_scaffold924_01                             4.1624856 2.3376061 2.9108273 2.4137295 2.3859811 2.2326628 2.3766355 2.2910917 3.0854920 2.8841814 2.3697104 2.4623258 2.4885043 2.8696389 2.7958028 2.6721726 2.4801755 2.6794898 2.4296324 2.0419940 4.4953817 0.6142399 0.0000000 0.4089713 0.4455438 1.5507684 1.3786946 1.1150462 1.8530698 1.4513880 1.3393579 1.6536645 1.2275737 1.7517938 1.8205938 1.9372396 1.7962265 1.9480537 0.9523517 1.3347813 1.6959170 1.6354198 1.5701602 1.8363952 1.9155656 2.1131264 2.7168097 1.7068574 1.6336658 1.7265497 2.0358001 1.4989059 1.8311775 1.7445347 1.9714976 1.8632440 1.1553746 2.2907920 1.7531772 1.7473075 1.8318598 1.5498616 1.9223905 1.9001776 1.7431408 1.9178213 1.8877551 1.6606329 1.9161614 2.3030267 2.1639910 2.3501754 2.3084960 2.1885673 2.2261735 2.2830170 2.2685473 2.2008494 2.2337956 3.2823902 
Leuniv_Lniv_C770578_01                                 0.0000010 2.5213469 3.0425612 2.5139614 2.5305661 2.1429850 2.5092731 2.5243451 3.0162303 2.9406289 2.2222041 2.6882796 2.8674172 3.3072274 2.1676061 2.5311041 0.0000010 0.0000010 0.0000010 1.8663052 5.1266236 0.4881846 0.4089713 0.0000000 0.4730852 2.1457434 0.0000010 1.3592554 0.9951951 1.8535418 2.0066481 1.7153872 0.0000010 1.9471061 1.7470640 1.9868269 2.2346094 2.4944982 0.0000010 2.3789898 1.9562085 2.0758600 2.0959012 2.0317430 2.0748365 2.9448079 0.8543941 2.0742237 2.0397076 2.4164370 2.5408632 0.0000010 1.9732381 2.2726404 2.4529901 2.5747722 1.5685592 2.4046025 1.7700875 1.8529868 1.9572690 0.0000010 2.4668024 2.2932954 2.3778838 2.6551903 2.2047067 2.0360182 2.0539166 2.4387924 2.3127581 3.2895172 3.0712718 2.8898078 2.7651834 2.6001475 2.6001475 2.9698409 3.3682321 0.0000010 
Scil_scict001255.1                                     3.3655252 2.4272984 3.1217570 2.5537768 2.4861055 2.3117238 2.4428528 2.3756480 3.3673308 3.2530062 2.3853640 2.6484144 2.5958904 2.9932125 2.8366816 2.8725925 2.5267952 2.7813614 2.5374274 2.1310642 3.9241928 0.5586033 0.4455438 0.4730852 0.0000000 1.6587660 1.2189737 1.1185505 1.8226609 1.6172160 1.5137407 2.0281570 1.1409649 1.8538108 1.8431638 1.9684596 1.8337513 1.8931913 0.7704766 1.3575689 1.6873012 1.6847498 1.6889292 2.1267069 1.8993414 2.2115014 2.8710249 1.7065740 1.7479415 1.8380493 2.0423984 1.4591597 1.8925009 1.7460688 2.0199354 1.9963747 1.2003050 2.3396364 1.6453967 1.7225990 1.8295631 1.4163051 1.8332592 2.0405287 1.7328440 2.1027314 2.1820027 1.5422573 1.8480655 2.3635202 2.1715451 2.2014048 2.4194825 2.3326462 2.3924856 2.4048582 2.4029304 2.4360982 2.4645340 2.8245896 
Emue_Em0013g696a.t1                                    2.0630797 2.5233963 2.0917766 2.1103790 2.4955934 2.5120953 2.3290169 2.1489289 2.4738952 2.8528521 2.4388139 2.1863909 2.5096395 2.2605011 4.5862861 2.6529000 3.2766007 3.8014858 3.9318441 2.7178988 3.2495574 1.7371438 1.5507684 2.1457434 1.6587660 0.0000000 0.3937430 0.2479322 0.4555222 0.9392470 0.5693276 0.5952362 1.3504747 1.5550052 1.3319556 1.4224709 1.9862122 1.5912803 1.4007585 1.3649677 1.5667520 1.4926300 1.3376634 1.3051969 1.6436823 1.8850486 2.2125841 1.3776961 1.5428393 1.6690284 1.7996175 2.1992623 1.6844509 1.6404436 1.8042780 2.0288853 1.4606744 2.0462101 2.0187440 2.0394086 2.0308595 2.6662483 2.0701941 2.4037095 1.8256587 1.7819000 1.4248190 1.4844073 1.9741364 1.9001442 2.1832802 2.2740269 2.1246665 2.1656495 2.2251781 2.3199746 2.2764701 2.1147940 2.1939474 3.2274295 
Spolac_c100566_g1_i1_m.22843c100566-g1                 1.1594839 3.2660185 0.0000010 3.3687397 3.4175892 3.4635300 3.4635300 3.6495439 0.0000010 0.0000010 3.9387791 0.0000010 3.8718357 0.0000010 4.2635366 3.7351078 3.2143547 3.5456356 3.6944602 3.5087105 2.3233166 1.3634559 1.3786946 0.0000010 1.2189737 0.3937430 0.0000000 0.0402975 0.0000010 0.9373876 0.7311705 0.0000010 1.3243890 1.9355738 1.4850829 1.5849771 2.5969941 1.7445152 1.5184058 1.7376575 1.8247740 1.7518388 2.7083151 0.0000010 1.8322670 1.8452691 0.0000010 1.4271750 1.7281970 1.7617305 2.3140649 2.1865875 1.8987488 1.8607513 1.8636653 2.1386068 2.1989936 4.1082159 2.3508876 2.3244078 2.2465619 2.6121604 2.4669463 2.3131746 2.1734245 1.8579478 5.9849252 1.3950734 1.9452634 2.5530400 2.5011391 2.0063413 2.1467966 2.5133242 2.5962374 2.6558953 2.6518234 2.3505436 2.3505436 0.0000010 
Spolac_c100566_g1_i2_m.22844c100566-g1                 0.7608795 2.4277703 0.0000010 1.6963645 2.4463183 2.4551470 2.4541382 1.6013277 0.0000010 0.0000010 2.6648596 2.1869132 2.7433534 0.0000010 4.0422355 2.6960072 3.2143547 3.5456356 3.6944602 2.5905277 2.1422347 1.3039075 1.1150462 1.3592554 1.1185505 0.2479322 0.0402975 0.0000000 0.0000010 0.6789630 0.5064333 0.0000010 1.2994740 1.3934741 1.1010501 1.2160752 1.9588405 1.2742615 1.4343838 1.2838400 1.3264140 1.2955227 1.3346016 0.0000010 1.3648079 1.5520279 0.0000010 1.1373483 1.3676285 1.3714306 1.7186429 2.1187950 1.3848504 1.3913836 1.5613575 1.6988582 1.5909139 1.2191751 1.7029066 1.6651303 1.6825634 2.5335055 2.2472826 1.8657048 1.6292689 1.3480642 3.9566239 1.0892986 1.6255892 1.7272046 1.8508581 1.7596855 1.7431756 2.1303420 2.1904635 2.3371933 2.3348518 2.0749485 2.0749485 0.0000010 
Spolac_c97912_g1_i1_m.16006c100566-g1                  2.1681526 2.2227600 1.4428588 2.0697832 2.1511876 0.0000010 1.6937440 2.3635671 2.2540310 3.1440579 2.2474820 1.7809495 2.1634788 2.1634788 0.0000010 2.1898593 3.7598412 8.7961816 0.0000010 0.0000010 4.1379433 1.8242382 1.8530698 0.9951951 1.8226609 0.4555222 0.0000010 0.0000010 0.0000000 1.5292582 0.5867834 0.5867834 1.0612127 1.6278964 1.8003806 1.6517420 1.9593825 2.0201302 0.0000010 0.0000010 2.0611996 1.8214424 1.2349807 1.2109181 2.0278767 2.3134266 2.3082209 1.3872508 1.9491442 2.1343198 2.3449628 0.0000010 2.4109799 1.9673334 1.7269461 2.5310078 0.0000010 2.4052290 2.3460351 2.5690265 2.4074982 0.0000010 1.4069559 2.6360737 2.2660981 2.0217226 0.9118644 1.9660571 2.1575546 2.0011087 3.0863714 2.7044542 1.9462053 2.2652102 2.2792285 2.5987483 2.5216909 2.1217615 2.0791306 3.8744721 
Tetwil_g21103.t2                                       1.4272492 2.6438130 2.5586103 2.1716547 2.6546384 2.5916571 2.5237726 2.2950493 2.4660991 3.3056393 2.9132840 2.6846528 2.6117892 2.6020105 4.4838173 2.8099574 3.5922981 4.2867494 4.7714285 2.7411985 3.4533540 1.6069084 1.4513880 1.8535418 1.6172160 0.9392470 0.9373876 0.6789630 1.5292582 0.0000000 0.3944192 0.5922413 0.8165235 1.4712381 1.3086953 1.3620266 1.7962449 1.7582924 1.0717397 1.4518768 1.7489036 1.7337430 1.3432381 1.3834044 1.7915209 1.9882591 2.0973784 1.3753225 1.6705139 1.7079150 1.8584937 1.8259747 1.7351331 1.5885208 1.6307335 2.0248569 1.3629773 2.2695491 2.0027795 1.9602990 2.1017208 2.2139746 1.8510490 2.2915681 1.7463213 1.8093762 1.7159803 1.5381605 2.0657700 1.8684854 2.2346411 2.2779663 2.1871765 2.3313469 2.3227980 2.3851256 2.3165765 2.2483856 2.2447819 3.2610885 
Stycar_maker-SC_scaffold4513-snap-gene-0.119-mRNA-1    1.1594839 2.1369635 2.8894312 2.0627217 2.3274555 2.1506788 2.2175677 1.8561239 2.3027690 2.4522565 2.1762375 3.0573229 2.3616481 2.9137392 3.8912828 2.2144742 2.8756261 3.4964533 3.9328811 2.0446566 2.9313363 1.5256122 1.3393579 2.0066481 1.5137407 0.5693276 0.7311705 0.5064333 0.5867834 0.3944192 0.0000000 0.0480157 0.3630717 1.1688209 1.0035722 0.9262671 1.5348059 1.2811273 1.2540125 0.9959653 1.0520025 1.0627806 1.1443509 1.2856320 1.2002345 1.4642421 0.0000010 1.2591433 1.2154331 1.2539443 1.4327076 1.6139331 1.2484159 1.3204937 1.6891684 1.5518431 1.0075578 1.6049691 1.5720604 1.5858942 1.6125597 1.4835574 1.7707289 2.1205026 1.3973420 1.5137821 1.9814704 1.2220876 1.7626676 1.8305025 1.7504875 2.1476005 2.1918692 2.1675355 2.0954389 2.1741903 2.1748984 1.8939785 2.0486512 0.0000010 
Stycar_maker-SC_scaffold6087-snap-gene-0.55-mRNA-1     0.0000010 2.1848165 2.7463988 2.5334825 2.6009030 2.1644392 2.2836850 2.5099966 2.3027690 2.2273864 2.6002815 2.9447828 2.8293284 2.8293284 8.9826713 2.1886864 0.0000010 0.0000010 0.0000010 0.0000010 3.3648155 1.9938447 1.6536645 1.7153872 2.0281570 0.5952362 0.0000010 0.0000010 0.5867834 0.5922413 0.0480157 0.0000000 0.0000010 1.5714546 1.1362296 1.0139641 1.5286586 1.4357730 0.0000010 0.8145848 1.0790624 1.1188602 1.1105702 1.2530533 1.0121016 1.7566460 0.0000010 1.4545898 1.0242132 1.1897586 1.3483924 0.0000010 1.6197947 1.5744394 1.7610978 1.6999473 0.0000010 1.4640195 1.8533178 2.0007228 2.0425294 0.0000010 1.9782749 2.3888181 1.6438421 1.7101864 1.4676928 1.1733850 1.9227393 1.7491741 1.7806329 2.3775963 2.4340763 2.0687759 1.9035849 1.8833862 1.8833862 1.6396208 2.3112767 0.0000010 
Stycar_maker-SC_scaffold6087-augustus-gene-0.46-mRNA-1 0.6333448 3.5355487 0.0000010 1.5447805 3.6860388 3.7671434 3.7471879 6.5317634 1.8013534 0.0000010 4.5603445 2.1869132 4.0659197 0.9482610 4.3568651 4.3794868 3.6054089 4.0333073 4.1982951 3.6288875 1.6456653 1.2167628 1.2275737 0.0000010 1.1409649 1.3504747 1.3243890 1.2994740 1.0612127 0.8165235 0.3630717 0.0000010 0.0000000 1.9774829 1.6646985 2.0726832 2.0940234 2.0443391 1.7626385 1.8760588 1.9953241 1.8389440 2.7285259 0.0000010 1.9076116 1.8738434 0.9894643 1.3823747 1.9158729 1.6765838 1.9744919 2.0588525 1.8666296 2.0673105 2.2075481 1.5167612 1.5378538 1.6885422 2.0085656 1.9669013 1.9562513 1.6698516 2.2759192 2.3809060 1.8613377 1.7399871 5.7041701 1.6189429 1.9720853 3.8201517 2.1870254 2.1517314 2.5310738 3.1170375 3.2754281 3.1831774 3.1858323 2.7709259 2.7709259 0.6333448 
Aque_Aqu2.1.38153_001                                  3.0716284 2.6926978 2.3622456 2.4010478 2.8262715 2.7695174 2.6351539 2.4814721 2.7783777 3.5596331 2.6104105 2.7043883 2.6529845 2.5670757 4.4139729 2.8939078 3.6000716 4.1256480 4.2385504 2.7517409 4.0893994 1.9839404 1.7517938 1.9471061 1.8538108 1.5550052 1.9355738 1.3934741 1.6278964 1.4712381 1.1688209 1.5714546 1.9774829 0.0000000 0.5641483 0.9036894 2.0261964 1.9180940 1.4097165 1.7053236 1.9149822 1.9070630 1.6020285 1.6659455 2.0371816 2.3636105 2.8046690 1.7426329 1.9375341 1.8107846 1.9322720 2.1561374 2.0373256 1.9392012 2.2141692 2.0822296 1.6730703 2.2561966 2.0963388 1.9377789 2.2297905 2.0348556 2.2412828 2.4983158 2.1863511 2.3491863 1.9159659 1.6701517 2.3855920 2.3125886 2.2686427 2.5907426 2.5149632 2.5428975 2.5828616 2.6437901 2.6356752 2.6438550 2.6923979 3.5688736 
Halamb_c52695_g2_i2m.33723                             2.8673035 2.6319315 2.5961044 2.2358141 2.6970047 2.8217921 2.5991164 2.3793976 2.6719366 3.2782327 2.5307388 2.6116531 2.7947711 2.7225419 4.9329939 2.8837565 3.6295697 4.2718498 4.4034338 2.6612640 4.2931682 1.9842827 1.8205938 1.7470640 1.8431638 1.3319556 1.4850829 1.1010501 1.8003806 1.3086953 1.0035722 1.1362296 1.6646985 0.5641483 0.0000000 0.7517361 1.8481797 1.9097011 1.3434541 1.5635356 1.7508559 1.7349975 1.5233910 1.5755793 1.9018821 2.2658191 2.4426545 1.7372840 1.7798688 1.6847540 1.8454534 1.9324779 1.8906600 1.7560634 1.8085887 1.9315150 1.3789869 2.1507058 1.9781442 1.9756432 2.0760320 1.9307116 1.9737799 2.3897731 2.0360703 2.0991405 1.6111481 1.5291705 1.9923513 2.2518482 2.1367813 2.4438407 2.4560493 2.3382219 2.3496433 2.4398474 2.4190746 2.4023274 2.4808035 4.4549752 
Xestes_maker-XT_scaffold6450-augustus-gene-0.28-mRNA-1 2.3735240 2.7241049 2.7829100 2.4986601 2.8904876 2.6508754 2.6594813 2.4513280 3.0760533 3.5147385 2.9794824 3.0543537 2.7606278 2.7565747 4.3177376 2.9470048 3.4324243 4.1122785 4.1533219 2.7216890 3.8955519 1.9931575 1.9372396 1.9868269 1.9684596 1.4224709 1.5849771 1.2160752 1.6517420 1.3620266 0.9262671 1.0139641 2.0726832 0.9036894 0.7517361 0.0000000 1.9947803 1.8503547 1.3732076 1.6471159 1.8736147 1.8192261 1.5302667 1.5297944 1.9592200 2.2840562 2.5358211 1.4741645 1.7796919 1.6846514 1.9989762 2.1493237 1.8376670 1.7984633 2.0386298 2.0119041 1.6095923 2.3087703 2.1186125 2.1422615 2.1145529 2.4274314 2.1883678 2.3179758 2.1063513 2.2749159 1.6560065 1.6150812 2.3460952 2.0550464 2.3121735 2.4241200 2.4027941 2.3240167 2.2974484 2.3984499 2.3916919 2.3536393 2.4049443 3.9373364 
Cgig_XM_034473161.1                                    2.9659144 2.6131545 2.3050496 2.2234484 2.6889505 2.7205253 2.5639425 2.3924321 2.6772011 3.4128737 2.6045860 2.4307660 2.7559529 2.5032956 4.7760152 2.8514743 3.2186228 3.7866646 4.0728777 2.6318095 3.8186222 1.8754094 1.7962265 2.2346094 1.8337513 1.9862122 2.5969941 1.9588405 1.9593825 1.7962449 1.5348059 1.5286586 2.0940234 2.0261964 1.8481797 1.9947803 0.0000000 1.5235322 1.2837623 1.5600500 1.7951652 1.6607600 1.4152261 1.5008225 1.7756160 2.0632245 2.2508134 1.5369837 1.7615199 1.6631850 1.8563193 1.9166620 1.4875649 1.4597576 1.3053780 1.9098316 1.8842526 2.1045012 1.9349544 1.9177997 1.9573041 2.5416990 1.8860179 2.3639891 1.4980391 1.1868116 1.5907526 1.7999928 2.0088805 1.7262236 2.0875641 1.9044740 1.9351898 2.1485256 2.1663442 2.3195908 2.3003753 2.1838896 2.2547514 2.8591651 
Hsap_ENST00000371361                                   3.5489209 2.6837806 2.5662023 2.4209894 2.6174590 2.5252449 2.5061563 2.2403914 3.3078318 3.2783591 2.6582543 2.7073971 2.7886706 2.9782321 4.4135422 2.7235197 3.3549001 3.4297821 3.5964214 2.6870943 4.2062356 1.9021165 1.9480537 2.4944982 1.8931913 1.5912803 1.7445152 1.2742615 2.0201302 1.7582924 1.2811273 1.4357730 2.0443391 1.9180940 1.9097011 1.8503547 1.5235322 0.0000000 1.1127200 1.3440151 1.7366867 1.7153956 1.4067336 1.5288354 1.8053870 1.9608946 2.7175185 1.4239500 1.6439299 1.7436568 1.8045867 1.6840987 1.1704756 1.2245609 1.2539362 2.1405919 1.4877936 1.7828524 1.6855272 1.6574347 1.6789119 2.0894862 1.8709129 2.2188746 1.3863056 1.3472513 1.4486968 1.6524360 1.9820514 1.6333831 1.9282167 1.8307342 1.8531475 2.2931213 2.3330805 2.3710076 2.3514831 2.3045104 2.3926708 2.7041666 
Clacor_Ccor_C522707_01                                 5.0486429 2.5959994 0.0000010 2.3397797 2.7948316 2.8518686 2.8518686 3.1345198 0.0000010 0.0000010 3.2423267 0.0000010 3.2670108 0.0000010 4.4737206 3.3208406 2.6914787 2.8443261 3.2890036 2.6387580 2.2427704 0.8781818 0.9523517 0.0000010 0.7704766 1.4007585 1.5184058 1.4343838 0.0000010 1.0717397 1.2540125 0.0000010 1.7626385 1.4097165 1.3434541 1.3732076 1.2837623 1.1127200 0.0000000 1.3165590 1.2871637 1.2404597 1.3204557 0.0000010 1.6664539 1.4228342 0.0000010 1.1793252 1.4835285 1.2738175 1.4369500 1.4030532 1.4427514 1.2464951 1.6100455 1.2801455 1.2902278 3.4039112 1.3419679 1.3599000 1.3867548 1.5969773 1.5077393 1.7703870 1.5064617 1.5674529 3.5840449 1.2354435 1.4170163 2.1707924 1.9658538 1.3648949 1.9020969 2.2404049 2.3141859 2.3207796 2.3164403 2.1169754 2.1169754 0.0000010 
Fspp_ffun1.m4.14535.m1                                 1.4729407 2.3839827 1.9585773 1.8229341 2.2654070 2.2811150 2.2188052 1.7505101 0.0000010 2.5165658 2.3577746 1.9637248 2.4556454 2.3221676 4.0912200 2.4123686 2.9250776 3.2203980 3.6359181 2.5394167 3.2289304 1.4434777 1.3347813 2.3789898 1.3575689 1.3649677 1.7376575 1.2838400 0.0000010 1.4518768 0.9959653 0.8145848 1.8760588 1.7053236 1.5635356 1.6471159 1.5600500 1.3440151 1.3165590 0.0000000 0.1266160 0.1661537 0.2597998 0.3142383 0.3755462 0.4023395 0.0000010 0.6964709 0.7375625 1.1705312 1.4076482 1.7939657 1.3520985 1.3267037 1.5837526 1.5079012 1.5003009 1.2214693 1.4172969 1.3891728 1.5669233 2.7525985 1.7594151 2.0056545 1.4464016 1.5357368 1.7528185 1.5041637 1.6471288 1.7549418 1.8787672 1.7464463 1.9110962 1.9490383 1.9773873 2.0416777 2.0556182 1.9587999 2.0378996 0.0000010 
Gasp_gasp1.m3.15321.m1                                 2.7381144 2.6606609 2.1090545 2.0921544 2.4797160 2.3601607 2.2659075 2.1310470 2.7264348 3.7604919 2.4967875 2.1192123 2.5692257 2.6130225 4.2800173 2.6481645 3.2613647 3.7238227 4.1928470 2.6069476 3.7265522 1.8216797 1.6959170 1.9562085 1.6873012 1.5667520 1.8247740 1.3264140 2.0611996 1.7489036 1.0520025 1.0790624 1.9953241 1.9149822 1.7508559 1.8736147 1.7951652 1.7366867 1.2871637 0.1266160 0.0000000 0.3044810 0.2753062 0.3229165 0.5216931 0.7001148 0.4314333 0.9272465 0.9246615 1.4354643 1.6462857 1.7612370 1.7239895 1.5933626 1.6560856 1.9336111 1.5029856 1.9172722 1.6918961 1.7172712 1.8731573 2.5261918 1.7327220 2.1248144 1.7088879 1.8293406 1.3850703 1.8296594 1.9587398 1.7867816 2.1572694 2.1085235 2.1592465 1.9730295 1.9770126 2.1237767 2.1283022 2.0854712 2.1363602 3.3158623 
Spis_XP_022781611_1                                    2.7172026 2.4649329 1.9449124 2.0388131 2.2835948 2.1805706 2.1226872 2.0676076 2.7629124 3.3535737 2.3663677 2.0195393 2.5344270 2.6080486 4.1646550 2.5485245 2.9424587 3.3762210 3.7875704 2.4551533 3.3820438 1.7390702 1.6354198 2.0758600 1.6847498 1.4926300 1.7518388 1.2955227 1.8214424 1.7337430 1.0627806 1.1188602 1.8389440 1.9070630 1.7349975 1.8192261 1.6607600 1.7153956 1.2404597 0.1661537 0.3044810 0.0000000 0.1413214 0.2746122 0.5541307 0.7612488 0.5616053 0.9299297 0.9363321 1.4337314 1.6494299 1.8343862 1.6630862 1.6261571 1.6064555 1.7884455 1.4747152 1.8576238 1.7413629 1.6733421 1.8606948 2.6398819 1.6486531 2.0483234 1.7081414 1.7430998 1.3678217 1.8259423 1.8891889 1.8260763 2.2566035 2.1520467 2.2288325 2.0132711 2.0230496 2.1188628 2.1212371 2.1101061 2.1505012 3.4445617 
Pocdam_XM_027181035.1                                  1.9787063 2.1457361 2.0430501 1.8840234 2.0710705 2.1592643 2.0249245 1.7957523 1.9153989 2.0744255 2.0468075 1.8061003 2.3193078 2.2006892 8.5798850 2.1430007 7.8144464 7.9074498 8.9999989 2.4173655 4.1548648 1.7613241 1.5701602 2.0959012 1.6889292 1.3376634 2.7083151 1.3346016 1.2349807 1.3432381 1.1443509 1.1105702 2.7285259 1.6020285 1.5233910 1.5302667 1.4152261 1.4067336 1.3204557 0.2597998 0.2753062 0.1413214 0.0000000 0.2798120 0.4113787 0.6992040 0.1770012 0.8356555 0.7617681 1.0869041 1.1974950 1.6846912 1.3648189 1.3821015 1.5796571 1.7063698 1.5131088 1.2235582 1.3720164 1.3559047 1.4309435 7.9797156 1.8258419 1.7449171 1.4175619 1.5866110 1.1591056 1.5315041 1.6453660 1.9517635 2.1332011 1.9814989 1.8824692 1.7443366 1.7318846 1.7056927 1.7056927 1.6988142 1.7323650 1.7698507 
Gfas_gfas1.m1.23810.m1                                 1.5736814 2.4313596 2.1630819 2.2838552 2.1615284 2.2812641 2.1545048 2.2170598 2.1392060 2.4285881 1.9077338 1.8967656 2.5428530 2.5428530 8.2531333 2.0828299 2.1218983 4.7309526 0.0000010 0.0000010 4.2145218 2.0145635 1.8363952 2.0317430 2.1267069 1.3051969 0.0000010 0.0000010 1.2109181 1.3834044 1.2856320 1.2530533 0.0000010 1.6659455 1.5755793 1.5297944 1.5008225 1.5288354 0.0000010 0.3142383 0.3229165 0.2746122 0.2798120 0.0000000 0.3880691 0.8424857 0.2268380 0.9268180 0.7184252 0.9811725 1.1299432 0.0000010 1.4391041 1.4283814 1.8009822 2.0167197 0.0000010 1.8609419 1.8131308 1.8225837 1.6667155 0.0000010 1.4409982 1.6312884 1.5178959 1.6506981 1.1633633 1.6505186 1.7968859 2.0922919 2.2493346 2.4168799 1.7482529 1.5392762 1.5114167 1.5238400 1.5238400 1.4522412 1.4178788 2.0150028 
Amil_Amillepora05279-RA                                3.7269300 2.8395032 2.4725609 2.3693255 2.6576640 2.5978255 2.5607763 2.4741032 2.9724476 4.0510798 2.8420333 2.4746526 2.7897215 2.7870211 4.6748738 2.8074013 3.2800070 3.8613909 3.9791404 2.7614418 3.5262300 1.9605875 1.9155656 2.0748365 1.8993414 1.6436823 1.8322670 1.3648079 2.0278767 1.7915209 1.2002345 1.0121016 1.9076116 2.0371816 1.9018821 1.9592200 1.7756160 1.8053870 1.6664539 0.3755462 0.5216931 0.5541307 0.4113787 0.3880691 0.0000000 0.2082806 0.9209787 1.0882979 1.0381582 1.5265443 1.7880698 1.9981772 1.7723941 1.7990060 1.8212172 2.0611698 1.8177869 2.2275911 2.0029614 1.9414828 2.0829228 2.4232222 1.7879946 2.3068134 1.7772783 1.8549398 1.6468939 1.8922497 2.0962170 2.0610125 2.4512483 2.4491524 2.3456891 2.2402451 2.2110449 2.2798552 2.2828077 2.3116947 2.4125691 3.6295883 
Adig_XM_015893447.1                                    4.4624622 3.2386050 3.3471920 2.9258672 3.0617056 2.8003820 2.9443384 2.9547586 4.5908550 4.9812145 3.1976894 3.3189730 3.3282345 3.6948835 4.8112289 3.2258278 3.1453838 3.5812360 3.9583574 2.9001471 4.6548003 2.3456340 2.1131264 2.9448079 2.2115014 1.8850486 1.8452691 1.5520279 2.3134266 1.9882591 1.4642421 1.7566460 1.8738434 2.3636105 2.2658191 2.2840562 2.0632245 1.9608946 1.4228342 0.4023395 0.7001148 0.7612488 0.6992040 0.8424857 0.2082806 0.0000000 1.1802781 1.3304218 1.2552527 1.7773375 2.0261212 1.7530222 1.8505454 1.9479792 1.9419673 2.2489213 1.8432842 2.8886411 2.2058055 2.1277548 2.3017746 2.3512955 2.1221436 2.6708749 1.9712901 2.0991381 2.0428100 2.1986774 2.3885243 2.3247667 2.7576527 2.5691773 2.4453000 2.4521215 2.4811686 2.5044254 2.5168016 2.5843971 2.7093263 4.1917886 
