80
Skow_XM_006824748.1                                0.0000000 3.4842591 4.5883844 4.1047869 4.1210173 4.3985746 4.1874311 4.3706351 4.6656264 4.6656264 4.1227244 4.1227244 5.2121237 5.2121237 4.0930892 4.3532667 4.5738628 4.0794363 4.0705509 3.7615075 3.6302620 4.4276858 4.4681330 4.6584262 4.0151040 4.4387119 4.1607863 4.7889360 3.8043065 4.0922569 4.0057265 3.6093404 4.6354197 3.6500137 4.3080280 3.8139953 4.5189368 4.4256541 5.2785776 5.1158629 4.6777177 4.7710146 3.0041921 3.5017570 2.8978282 4.3186018 2.9378326 2.9438389 2.6263001 2.7361074 3.2419172 2.3513255 3.1374825 3.1360196 3.5490088 3.5490088 3.2829524 3.5400214 2.5183208 2.4005685 2.6264836 2.5896528 2.6036862 2.7488399 2.3016388 2.2566872 2.2276348 2.2648915 2.4511054 2.4511054 1.8965861 3.2732113 3.1365635 2.2295636 3.4941770 2.9859777 2.6951184 5.2735449 4.0590847 3.4036439 
Skow_XM_006818609.1                                3.4842591 0.0000000 2.9772802 4.2934438 4.2900344 4.4442728 4.5940290 3.7346343 5.2823662 5.6059931 5.0556690 5.0556690 4.9936689 4.9936689 3.7258998 3.9560491 3.8666886 3.6571522 3.9635040 3.8181401 3.6942273 4.0707373 4.2767705 3.4734768 3.5072902 4.4457561 4.5297330 4.4102542 4.2275857 4.9398924 5.1147002 4.7507697 4.5169732 5.3727392 4.4934220 4.1784935 4.0549812 3.9975378 5.2077259 4.7174618 4.1882418 5.0533363 3.3476065 3.2796068 2.9420784 3.9046489 3.2016350 3.1950215 3.8069819 3.1286405 3.2392942 2.5693232 4.3612841 3.2548678 4.0822328 4.0822328 3.4933392 3.8382953 3.4220443 2.6832907 3.1716643 3.3359059 2.8498543 3.1269202 3.1070214 2.9659251 3.1342632 3.3655536 3.1291567 3.1291567 3.1437699 4.2139455 3.6195766 2.8704580 2.6931575 3.0311121 3.6767124 5.7058358 2.6017823 4.1523572 
Bralan_BLAG08101481_2                              4.5883844 2.9772802 0.0000000 4.8862491 4.7261677 4.8584367 5.2906899 4.5331548 5.5841299 5.5148296 5.6092516 5.6092516 4.5713306 4.5713306 4.3659095 4.2815589 4.3954949 4.1469940 4.7078925 4.6890882 4.4998492 4.3032885 4.3899077 4.1975831 4.2561431 5.1176146 5.0148711 5.7300323 5.0513501 4.8315629 5.1021310 4.6786598 5.0951605 5.1354895 4.7239882 4.0170247 4.2913608 3.4554322 3.6705145 4.2541509 4.2533776 5.8076887 3.9036414 3.8281869 3.5672204 4.4377023 3.8457844 3.9296204 3.7694337 4.2095103 3.8944859 3.5520119 5.0641898 4.0284396 4.7036958 4.7036958 4.2544281 4.5446734 4.3269411 3.7403352 3.4334579 4.1327167 4.1083103 4.1157574 4.3560504 4.3057188 4.0825778 4.1483948 3.9873391 3.9873391 3.6234001 4.2626197 4.4603654 3.5993489 4.0830333 3.3946626 4.3961558 5.2516544 3.4188391 4.8209675 
Coemet_Cmet_scaffold5422_01                        4.1047869 4.2934438 4.8862491 0.0000000 0.1390888 0.1758922 1.4208782 2.1032555 4.0360793 4.1155749 3.9201314 3.9201314 3.6268313 3.6268313 3.0097653 3.5494448 3.2944905 3.3715165 3.2572101 3.5193216 3.5619179 3.7214352 3.8362714 2.8654658 3.2182718 3.4739366 3.7226989 3.9072621 3.7534318 3.3373404 3.4380664 3.2244285 3.3432595 3.7627594 2.8588100 2.7468421 3.4214919 2.6730840 3.4952791 3.0064796 2.8015989 2.8324742 3.8603843 4.1983487 3.6776587 4.6187619 3.7296260 4.8098280 3.9643604 4.6642145 3.7463728 3.6039587 4.2779270 3.9431088 4.3972397 4.3972397 3.9254676 3.4911743 5.2669442 4.1812227 4.6560628 4.1956602 4.6306925 4.0014557 3.8879699 3.5873233 3.9976129 3.9827062 3.4798489 3.4798489 4.9967717 3.7717527 4.2153376 4.4179173 4.4854229 3.5178957 3.9940054 8.2506896 5.6612070 4.5736782 
Coeast_Cast_sb750689                               4.1210173 4.2900344 4.7261677 0.1390888 0.0000000 0.0252842 1.5193872 1.9337322 4.0425298 4.3613670 4.3734896 4.3734896 3.7669997 3.7669997 3.3931414 3.6418658 3.5817227 3.5123220 3.3672775 3.9402353 3.9995876 4.0752374 4.2130516 2.8823213 3.3330028 3.6282126 4.2144889 4.1621222 4.1875078 3.4836907 3.6372931 3.7018887 3.8592737 4.2923051 3.2150460 2.7090387 3.1650723 2.7120721 3.2663995 2.9580712 2.9693687 2.7577122 4.2320637 4.1805560 3.7994819 4.4963313 4.2208705 4.7204016 4.3935982 4.5765853 3.7985079 3.8651908 4.3210717 3.9337241 4.1486184 4.1486184 3.8831062 3.6194473 4.9197287 4.1314693 4.9172423 4.1908248 4.1636053 4.2002182 4.1578616 3.7935214 4.2286462 4.2088160 3.7108911 3.7108911 4.8457498 3.6416326 3.9408937 4.6385073 4.5017906 4.1523659 4.5653707 8.1762685 4.8900934 5.0450421 
Coeast_Cast_sb750690                               4.3985746 4.4442728 4.8584367 0.1758922 0.0252842 0.0000000 1.5973323 1.9944897 4.1977005 4.5119043 4.5306198 4.5306198 3.8942139 3.8942139 3.5072072 3.7656478 3.7031535 3.6338431 3.4825038 4.0713329 4.1336871 4.2166547 4.3588138 3.0037182 3.4706932 3.7659964 4.3798336 4.3254963 4.4506617 3.6192195 3.7760617 3.8589818 4.1106372 4.2923051 3.4110291 2.8643198 3.3512909 2.8084062 3.3467843 3.1428532 3.0783516 2.8149662 4.3296387 4.3098775 3.9124625 4.4909535 4.2993633 4.9487136 4.5138311 4.7264620 3.9234404 4.0107411 4.4752065 3.9724568 4.2966797 4.2966797 4.0188188 3.7200102 5.2172097 4.3760236 5.0547279 4.2641573 4.2467958 4.1399410 4.2840700 3.9071168 4.3683474 4.3469503 3.8323230 3.8323230 5.1457545 3.7045257 4.0493813 4.5763453 4.6601569 4.3278606 4.7049253 8.4723249 4.8720922 4.9438605 
Vmul_Simscaffold13740_01                           4.1874311 4.5940290 5.2906899 1.4208782 1.5193872 1.5973323 0.0000000 1.6822536 4.2928993 4.2334109 3.9701057 3.9701057 3.6158729 3.6158729 3.2260237 3.7018617 3.3159671 3.2472203 3.5681589 3.2292413 3.4908607 3.7160352 3.6985786 2.9916646 3.3543435 3.9730927 4.1159099 4.0207035 3.8435276 3.7578346 3.9754138 3.7572261 3.4948995 3.9779625 3.1927335 2.9420846 2.9988561 2.5007390 2.9029698 3.0288679 2.9898684 3.1823787 3.9760500 3.7405819 3.8472382 4.3065110 3.8793632 3.4974573 3.4630749 3.5410050 3.1758196 3.1554643 4.2412445 4.0797656 4.4609252 4.4609252 4.5772487 4.3844749 4.3888345 3.2753972 3.8915899 4.0142898 3.2361121 3.1099083 3.3635489 3.3036747 3.1984533 3.3327939 3.2782635 3.2782635 4.7368316 3.8994022 3.5469591 4.5945232 3.6244486 3.6420709 4.6800035 8.6027259 5.7990693 4.5824339 
Horcal_Hcv1.av93.c9.g581.i1                        4.3706351 3.7346343 4.5331548 2.1032555 1.9337322 1.9944897 1.6822536 0.0000000 3.8739897 3.7334252 4.0312165 4.0312165 2.8662310 2.8662310 3.1649030 3.4427873 3.4669653 3.1404366 3.3097817 2.9966470 3.0122605 3.3905545 3.6026475 2.7548129 2.6192135 2.6639976 2.8994870 2.8257506 2.9795236 2.7370017 2.6341464 2.1972784 2.4400265 2.1536802 2.2456748 2.3458619 2.4690072 2.4345304 2.4238508 2.4067051 3.2052800 2.2805203 4.5031563 5.0248719 4.7145468 4.7758456 3.9612063 5.0384985 3.9260175 3.9098337 3.2525892 3.6224266 3.4347229 4.0147908 4.1499821 4.1499821 3.9286725 3.4911637 4.1139283 3.7466465 3.6991843 4.0125727 3.6189358 3.3066145 3.7448715 3.6815872 3.6135941 3.7035161 3.2621600 3.2621600 4.8254088 3.9226434 4.4368421 3.8056575 4.0550198 3.9037670 4.1971837 8.4123630 5.2745380 5.4250181 
Opea_EP00118_Oscarella_pearsei_P004671             4.6656264 5.2823662 5.5841299 4.0360793 4.0425298 4.1977005 4.2928993 3.8739897 0.0000000 0.0000010 0.4474748 0.4474748 1.1053302 1.1053302 2.5786769 2.6083682 2.5576014 2.6370017 2.5619132 2.6322023 2.5071793 3.0325705 2.9551776 2.5925922 2.7984757 2.3755514 2.5541147 2.7239918 2.5305938 2.2966295 2.4938149 2.2925910 3.3477064 2.5528925 3.1404645 3.1260255 2.7942836 2.5282657 3.3279024 3.2954635 2.8106043 3.6327536 4.9637447 4.1583782 4.5764385 6.2470105 4.8866313 4.9485040 4.6315717 4.4250596 4.2479889 4.0470653 4.9199835 4.3887040 3.6567448 3.6567448 3.3049299 4.4624104 4.4429456 5.3268021 4.3326342 4.3725823 4.1522668 4.5576809 3.9379093 3.7874106 4.1471668 4.2397239 4.9868772 4.9868772 5.1428088 3.8579912 4.6929658 3.9757688 4.5606782 5.2239822 4.9805368 7.8381844 6.2155352 5.3727863 
Ocar_g1040                                         4.6656264 5.6059931 5.5148296 4.1155749 4.3613670 4.5119043 4.2334109 3.7334252 0.0000010 0.0000000 0.4039011 0.4039011 1.2797515 1.2797515 2.6872317 2.6254051 2.6398243 2.6510172 2.7816966 2.6586044 2.5397209 2.8031635 2.8529337 2.7517474 2.8491499 2.5622063 2.7692433 2.9949391 2.7660977 2.5492273 2.8834559 2.4591476 3.4663343 3.0286797 3.0597471 3.3207634 3.1570813 2.7774655 3.3569903 3.3134226 2.8039559 3.7604028 5.0828744 4.3275530 4.4361038 5.9486488 4.8895624 4.9485040 4.4535008 4.1386960 4.3989449 4.1484655 4.9218902 4.2906026 3.8724322 3.8724322 3.6447398 4.4123407 4.6661645 4.9683996 4.4939148 4.1757774 4.2731795 4.7935432 3.9598348 3.8244462 4.1817875 4.2546216 4.7606738 4.7606738 4.6474188 4.2393794 4.7691471 3.8722224 4.3326624 5.1276649 5.2860761 7.8698359 6.3356065 5.2845395 
Opea_EP00118_Oscarella_pearsei_P026413             4.1227244 5.0556690 5.6092516 3.9201314 4.3734896 4.5306198 3.9701057 4.0312165 0.4474748 0.4039011 0.0000000 0.0000010 1.2846194 1.2846194 2.7891481 2.6317581 2.6887816 2.7101974 2.8394060 2.5862862 2.4671287 2.7569481 2.9354555 2.7825705 2.8151538 2.9571556 3.3035956 3.4315939 3.0204822 2.7017423 3.0039443 2.6346325 3.4389036 3.0480789 2.9888118 3.2686194 3.4385382 2.8823592 3.7566902 3.5841110 2.7511040 3.4998313 5.2610191 4.2044859 4.2373409 5.9836577 4.7165014 4.2391959 4.0143072 3.8809354 4.3688527 4.2137728 5.0853054 4.1732204 3.9912088 3.9912088 3.8233494 4.3278284 5.0897980 4.6313579 4.4918808 4.2453269 4.1168054 5.1153462 4.3463459 4.2617499 4.0733037 4.2339234 4.5425675 4.5425675 4.0204922 5.1950058 5.0631876 3.9012299 3.9485071 4.3146800 5.1340583 7.6552147 5.3838853 4.5267756 
Ocar_g7116                                         4.1227244 5.0556690 5.6092516 3.9201314 4.3734896 4.5306198 3.9701057 4.0312165 0.4474748 0.4039011 0.0000010 0.0000000 1.2846194 1.2846194 2.7891481 2.6317581 2.6887816 2.7101974 2.8394060 2.5862862 2.4671287 2.7569481 2.9354555 2.7825705 2.8151538 2.9571556 3.3035956 3.4315939 3.0204822 2.7017423 3.0039443 2.6346325 3.4389036 3.0480789 2.9888118 3.2686194 3.4385382 2.8823592 3.7566902 3.5841110 2.7511040 3.4998313 5.2610191 4.2044859 4.2373409 5.9836577 4.7165014 4.2391959 4.0143072 3.8809354 4.3688527 4.2137728 5.0853054 4.1732204 3.9912088 3.9912088 3.8233494 4.3278284 5.0897980 4.6313579 4.4918808 4.2453269 4.1168054 5.1153462 4.3463459 4.2617499 4.0733037 4.2339234 4.5425675 4.5425675 4.0204922 5.1950058 5.0631876 3.9012299 3.9485071 4.3146800 5.1340583 7.6552147 5.3838853 4.5267756 
Opea_EP00118_Oscarella_pearsei_P026767             5.2121237 4.9936689 4.5713306 3.6268313 3.7669997 3.8942139 3.6158729 2.8662310 1.1053302 1.2797515 1.2846194 1.2846194 0.0000000 0.0000010 1.7705908 1.6099127 1.7368091 1.8939233 1.7364480 1.7136588 1.6387588 2.0551961 2.1871604 1.7445868 1.9178842 1.8280003 2.2252704 2.2150596 2.1219802 1.6949377 2.0037269 1.7883078 2.7191885 2.2502010 2.0463552 2.3026161 2.1877889 1.8634069 2.2286437 2.1550015 1.9219067 2.6675566 4.7148705 4.5797402 3.9279983 5.1223795 3.7399567 3.6383820 3.9945203 3.2589896 3.9321528 3.7697439 4.1826589 3.3435169 3.7128567 3.7128567 3.2795861 3.6209270 4.3191614 4.2022547 3.7861965 4.4569393 3.6165237 4.8742871 3.9281045 3.9757612 3.8552535 3.9444750 4.0292851 4.0292851 4.2937856 4.2287499 4.1605892 3.8255034 3.9870900 4.1987106 4.3173896 8.0176408 5.7363361 4.2909955 
Ocar_g54                                           5.2121237 4.9936689 4.5713306 3.6268313 3.7669997 3.8942139 3.6158729 2.8662310 1.1053302 1.2797515 1.2846194 1.2846194 0.0000010 0.0000000 1.7705908 1.6099127 1.7368091 1.8939233 1.7364480 1.7136588 1.6387588 2.0551961 2.1871604 1.7445868 1.9178842 1.8280003 2.2252704 2.2150596 2.1219802 1.6949377 2.0037269 1.7883078 2.7191885 2.2502010 2.0463552 2.3026161 2.1877889 1.8634069 2.2286437 2.1550015 1.9219067 2.6675566 4.7148705 4.5797402 3.9279983 5.1223795 3.7399567 3.6383820 3.9945203 3.2589896 3.9321528 3.7697439 4.1826589 3.3435169 3.7128567 3.7128567 3.2795861 3.6209270 4.3191614 4.2022547 3.7861965 4.4569393 3.6165237 4.8742871 3.9281045 3.9757612 3.8552535 3.9444750 4.0292851 4.0292851 4.2937856 4.2287499 4.1605892 3.8255034 3.9870900 4.1987106 4.3173896 8.0176408 5.7363361 4.2909955 
Fspp_ffun1.m4.14752.m1                             4.0930892 3.7258998 4.3659095 3.0097653 3.3931414 3.5072072 3.2260237 3.1649030 2.5786769 2.6872317 2.7891481 2.7891481 1.7705908 1.7705908 0.0000000 0.3367115 0.3676384 0.4175698 0.3479703 0.4136042 0.3660062 0.6775737 0.6540440 0.9132567 1.3689433 1.9695000 2.1562073 1.8821625 1.7637699 1.7180148 1.6265211 1.7638287 1.9666468 1.7580905 1.7273610 1.8037890 2.2271813 2.0204144 2.1347474 1.7730570 1.8366389 2.0858974 4.1588524 3.5063907 3.7663816 4.4613735 4.4749206 3.3793119 3.7957419 3.7537502 4.4548989 3.4836553 3.5261271 2.8586767 3.1721665 3.1721665 3.2544499 3.4668649 4.0149761 3.8263235 3.5197122 4.4652745 3.5893439 3.9818884 3.3844174 3.4569297 3.4421944 3.4207416 3.6419753 3.6419753 3.6829764 4.1128817 3.4537942 4.3038727 3.7848092 3.3922428 4.3765722 7.4563241 4.3364929 4.8306960 
Gasp_gasp1.m3.3170.m1                              4.3532667 3.9560491 4.2815589 3.5494448 3.6418658 3.7656478 3.7018617 3.4427873 2.6083682 2.6254051 2.6317581 2.6317581 1.6099127 1.6099127 0.3367115 0.0000000 0.1939623 0.2541802 0.3962876 0.4837525 0.4485595 0.6104981 0.6194879 1.0474399 1.3025163 1.9266863 2.3624086 1.8313443 1.7803151 1.7606823 1.6870918 1.7611697 1.8748314 1.7615620 1.9276261 1.8961779 2.2493557 2.1227452 2.1750634 1.9659731 1.7232252 2.3878556 3.8463390 3.2112282 3.3263961 4.1281422 4.3009444 3.5989891 4.2084044 3.3853476 4.0636756 3.1700977 3.2941391 2.9135779 3.5577421 3.5577421 3.4140574 3.5556838 3.4184405 3.7995117 3.5476099 4.2201681 3.7593743 3.2883978 3.2917949 3.1548395 3.4749927 3.4559074 3.2856603 3.2856603 3.2530819 3.8397017 3.5998138 4.1751645 3.3832096 3.7472629 4.3497820 7.6143410 4.7446284 4.6023096 
Gfas_gfas1.m1.6765.m1                              4.5738628 3.8666886 4.3954949 3.2944905 3.5817227 3.7031535 3.3159671 3.4669653 2.5576014 2.6398243 2.6887816 2.6887816 1.7368091 1.7368091 0.3676384 0.1939623 0.0000000 0.2171955 0.3352647 0.3938821 0.3339998 0.5243428 0.5351332 0.9884328 1.3256038 2.0765100 2.3057476 1.8054116 1.7988055 1.8040194 1.7527542 1.7694040 1.8049114 1.7841731 1.8395670 1.7938310 2.1432316 2.0176583 2.0767542 1.8239165 1.8150199 2.1868483 3.9959182 3.1731587 3.7883183 3.8982420 4.3292065 3.4155375 4.1058335 3.5185673 3.9579587 3.1263015 3.3086838 2.8828654 3.2928792 3.2928792 3.2224507 3.5304853 3.7372542 3.6809157 3.6304386 4.4288019 3.7317486 3.5263709 3.3516808 3.1613505 3.4507975 3.4319703 3.0919261 3.0919261 3.4981966 3.9622721 3.6040556 4.4010686 3.2791563 3.6142371 4.2409794 7.3834357 4.7945519 4.6642069 
Gfas_gfas1.m1.14023.m1                             4.0794363 3.6571522 4.1469940 3.3715165 3.5123220 3.6338431 3.2472203 3.1404366 2.6370017 2.6510172 2.7101974 2.7101974 1.8939233 1.8939233 0.4175698 0.2541802 0.2171955 0.0000000 0.3657033 0.4264171 0.4038069 0.6325810 0.6512990 0.9368642 1.3053909 2.0183860 2.3394209 1.7142848 1.8142161 1.7614037 1.6856464 1.8126308 1.7687413 1.8213690 1.8129852 1.7067909 2.2162529 2.1594654 2.2247949 1.9466752 1.8497982 2.1909700 3.8920613 3.1272522 3.4864021 3.9553718 4.5129773 3.6332791 4.4017883 3.6348583 3.7941349 3.0910832 3.3951056 2.7440335 3.3113416 3.3113416 3.0814227 3.5703912 3.4526027 3.6540221 3.5519057 4.4324201 3.5888339 3.3554965 3.3767128 3.1963717 3.4951894 3.4545089 3.1961247 3.1961247 3.5770629 3.6674974 3.2858612 4.4542883 3.2932565 3.4203922 4.2131410 6.6376697 4.7611719 4.5606629 
Gasp_gasp1.m3.6165.m1                              4.0705509 3.9635040 4.7078925 3.2572101 3.3672775 3.4825038 3.5681589 3.3097817 2.5619132 2.7816966 2.8394060 2.8394060 1.7364480 1.7364480 0.3479703 0.3962876 0.3352647 0.3657033 0.0000000 0.4401383 0.3911568 0.6260268 0.6486848 0.8613602 1.1843919 1.9104068 2.3098333 1.7690771 1.8322370 1.6984115 1.8675542 1.7162529 2.0184931 1.9721631 2.0149403 1.9639982 2.5255644 2.0087910 2.5651005 2.0776336 1.8741536 2.4895278 4.7429157 3.6681700 3.9134218 4.7202287 4.3670001 3.3260151 4.0807239 3.6110161 4.3725911 3.1662753 3.6817925 3.3823927 3.5774303 3.5774303 3.6444663 3.7981697 3.8295036 3.7298380 3.5487374 4.6165460 4.0334847 3.7938147 3.5126895 3.3597904 3.4482983 3.4114028 3.3746998 3.3746998 3.5426236 4.4695291 3.8590455 4.3518314 3.7919222 3.8615703 4.0799009 7.5489106 4.8330333 5.0380006 
Spis_XP_022801111_1                                3.7615075 3.8181401 4.6890882 3.5193216 3.9402353 4.0713329 3.2292413 2.9966470 2.6322023 2.6586044 2.5862862 2.5862862 1.7136588 1.7136588 0.4136042 0.4837525 0.3938821 0.4264171 0.4401383 0.0000000 0.0759736 0.6344367 0.6449924 1.0400366 1.4232292 2.0977666 2.9213340 1.8944231 1.9992153 2.1008188 1.9776484 1.8413570 2.1081124 1.9216891 1.7028157 1.7246162 2.3551103 2.0682053 2.4329441 2.0430510 2.1017677 2.0566999 4.2300860 3.7371813 3.9366049 4.6063465 4.8727770 4.3661772 4.8935887 3.5916192 4.2992986 3.2347399 3.0803902 2.9251286 3.4018320 3.4018320 3.3889458 3.4519526 3.7947311 3.6663819 3.6978951 4.7986718 3.5160010 3.7357538 3.6918591 3.7282457 3.8962024 3.8732177 3.6220840 3.6220840 4.2301993 4.0892632 3.6787268 4.5701489 3.9056979 4.0046084 4.0561581 7.2341714 4.5519621 4.6350454 
Pocdam_XM_027194126.1                              3.6302620 3.6942273 4.4998492 3.5619179 3.9995876 4.1336871 3.4908607 3.0122605 2.5071793 2.5397209 2.4671287 2.4671287 1.6387588 1.6387588 0.3660062 0.4485595 0.3339998 0.4038069 0.3911568 0.0759736 0.0000000 0.6022152 0.6133417 0.9510260 1.3279358 1.9487362 2.5721462 1.7179848 1.8962023 1.9453829 1.7985247 1.7449556 1.8583872 1.6933040 1.6924667 1.5275667 2.3332299 1.9462100 2.1950977 1.7997703 2.0005630 2.1331681 3.9212091 3.6985648 3.8928776 4.2570549 4.7355271 4.3645941 4.7374991 3.3311542 4.2944300 3.3637683 3.2360782 2.8356806 3.1990065 3.1990065 3.1747751 3.3471221 3.7334178 3.6334857 3.7385612 4.5373596 3.4477523 3.6958759 3.5062130 3.5273775 3.6824499 3.6609560 3.4562281 3.4562281 4.0594033 4.1770412 3.7362217 4.0803961 3.6690250 3.8971069 3.9515791 7.1909478 4.8911079 4.4867864 
Amil_Amillepora25753-RA                            4.4276858 4.0707373 4.3032885 3.7214352 4.0752374 4.2166547 3.7160352 3.3905545 3.0325705 2.8031635 2.7569481 2.7569481 2.0551961 2.0551961 0.6775737 0.6104981 0.5243428 0.6325810 0.6260268 0.6344367 0.6022152 0.0000000 0.0148890 1.1351805 1.4247765 2.0564598 2.3589182 1.7568480 1.8511358 1.9008846 1.8592597 1.9681728 1.9056959 1.6784599 2.2370545 2.0313443 2.3702056 2.0592133 2.2121773 1.9038001 2.0187227 2.4737756 4.2836108 3.6478255 4.0925844 4.4178123 4.0982322 3.6897946 4.0083541 3.8609187 3.8469638 3.4090302 3.8800327 3.3286032 3.3938778 3.3938778 3.4478986 3.4145678 4.2795643 3.6723381 3.5166329 4.8193998 3.6524828 4.0046431 3.5945746 3.3159133 3.4543773 3.6330036 3.2068769 3.2068769 4.1138352 4.4347809 3.9079382 4.4127019 3.9445426 3.2681422 4.4255045 6.8523393 4.9637011 5.0926554 
Adig_XM_015892237.1                                4.4681330 4.2767705 4.3899077 3.8362714 4.2130516 4.3588138 3.6985786 3.6026475 2.9551776 2.8529337 2.9354555 2.9354555 2.1871604 2.1871604 0.6540440 0.6194879 0.5351332 0.6512990 0.6486848 0.6449924 0.6133417 0.0148890 0.0000000 1.1007935 1.4975909 2.0107441 2.3227655 1.7187371 1.7729474 1.8921612 1.8584844 1.9138981 1.9293337 1.7483817 2.3267845 2.1996131 2.5426269 2.1860824 2.2922011 2.0011299 1.9439772 2.5834010 4.4513141 3.7472942 4.2690729 4.6078332 4.2650126 3.6897946 4.2037419 4.0246830 4.0787651 3.3045285 3.9898619 3.5153917 3.7648532 3.7648532 3.6803671 3.6294292 4.5990536 3.9835232 3.7901194 4.8701611 3.7869387 3.9182544 3.7096218 3.4313808 3.5295026 3.7057389 3.3145035 3.3145035 4.1412260 4.6558945 3.9653003 4.6623109 4.1966805 3.4644320 4.6787224 7.3607863 5.3670473 5.0924511 
Nvec_v1g200847                                     4.6584262 3.4734768 4.1975831 2.8654658 2.8823213 3.0037182 2.9916646 2.7548129 2.5925922 2.7517474 2.7825705 2.7825705 1.7445868 1.7445868 0.9132567 1.0474399 0.9884328 0.9368642 0.8613602 1.0400366 0.9510260 1.1351805 1.1007935 0.0000000 0.7159099 1.6959986 2.0047048 1.6679027 1.6145895 1.5462250 1.5688478 1.5208110 1.6480622 1.3716246 2.1274758 2.0392694 2.0883603 1.8395321 2.3052332 1.9940648 2.0378419 2.6704293 3.6981558 3.6761634 3.5299872 4.2137266 4.0250550 3.6993711 3.5489510 3.9734054 3.5226016 2.9298136 3.3315027 3.0775359 3.4872473 3.4872473 3.2933767 3.1192698 4.0171963 3.5107799 3.4439955 3.3237539 3.5336336 3.8530658 3.4759943 3.3824619 3.4925192 3.6243171 3.4450991 3.4450991 3.7533094 3.5862653 3.2642819 4.1996359 3.1958518 3.1626291 3.2567516 5.9149035 4.3562337 4.4202708 
Exapal_XM_021049285.2                              4.0151040 3.5072902 4.2561431 3.2182718 3.3330028 3.4706932 3.3543435 2.6192135 2.7984757 2.8491499 2.8151538 2.8151538 1.9178842 1.9178842 1.3689433 1.3025163 1.3256038 1.3053909 1.1843919 1.4232292 1.3279358 1.4247765 1.4975909 0.7159099 0.0000000 1.5848135 1.8229429 1.7838787 1.7821529 1.5124427 1.6652912 1.4913948 1.7197878 1.4897816 2.2817775 1.9541011 2.1159370 2.0442249 2.4811576 2.0905301 2.0654445 2.7074421 3.5869595 4.0060573 3.4857996 4.3336633 3.6059027 3.2022928 3.8178569 3.4243877 3.2438448 2.6038453 3.1061254 3.2943091 3.1252601 3.1252601 3.1441341 2.7517365 3.8520320 3.2526972 2.7922690 3.4940143 3.8033428 2.9426859 3.4838003 3.4601182 3.3117515 3.4456122 3.1735622 3.1735622 3.9201121 3.1228000 2.8983178 3.8199756 3.0214327 3.1000339 3.9260662 5.8791459 4.2892443 4.2608533 
Fspp_ffun1.m4.15214.m1                             4.4387119 4.4457561 5.1176146 3.4739366 3.6282126 3.7659964 3.9730927 2.6639976 2.3755514 2.5622063 2.9571556 2.9571556 1.8280003 1.8280003 1.9695000 1.9266863 2.0765100 2.0183860 1.9104068 2.0977666 1.9487362 2.0564598 2.0107441 1.6959986 1.5848135 0.0000000 0.3808528 0.3902983 0.4288435 0.5022009 0.6298667 0.5825180 1.0773974 0.6214750 2.2619489 2.3501312 2.6832981 2.1473904 2.5758483 2.2299539 2.1031062 3.1293640 4.9583406 4.3329771 3.9711614 5.2511382 4.6250651 3.8960370 4.1416619 3.9220799 4.0514216 3.3612653 3.6444130 3.0598729 3.8568818 3.8568818 3.6061617 4.2433391 4.2415237 4.3840986 4.5730489 4.0300812 4.4479047 4.1455685 3.9693816 3.8890955 4.3433771 4.2945675 4.2689789 4.2689789 3.9908312 4.6481900 4.1027409 4.6136589 4.6862676 4.1086993 5.9373028 8.4951508 5.9084858 6.1890181 
Gasp_gasp1.m3.7671.m1                              4.1607863 4.5297330 5.0148711 3.7226989 4.2144889 4.3798336 4.1159099 2.8994870 2.5541147 2.7692433 3.3035956 3.3035956 2.2252704 2.2252704 2.1562073 2.3624086 2.3057476 2.3394209 2.3098333 2.9213340 2.5721462 2.3589182 2.3227655 2.0047048 1.8229429 0.3808528 0.0000000 0.5129846 0.5320694 0.6320132 0.7626490 0.7397619 0.9858141 0.8017595 2.5389634 2.5421894 2.8085082 2.2625756 2.5574232 2.0161098 2.2052241 3.3813774 4.7296246 4.5828700 4.0618506 6.4881928 4.6579202 3.5148871 3.8558927 4.6475640 3.9269571 3.3349120 3.7749866 3.2556836 3.7140403 3.7140403 3.7413939 4.0953671 3.9161426 3.7968122 4.4439184 4.4255015 4.9416351 4.2660409 4.0037623 3.8284402 4.1207844 4.0499493 4.4521920 4.4521920 4.1252256 4.8570834 4.2459733 3.8087836 4.3331994 3.8780109 4.7765013 7.5876704 5.1964713 5.6787017 
Spis_XP_022795169_1                                4.7889360 4.4102542 5.7300323 3.9072621 4.1621222 4.3254963 4.0207035 2.8257506 2.7239918 2.9949391 3.4315939 3.4315939 2.2150596 2.2150596 1.8821625 1.8313443 1.8054116 1.7142848 1.7690771 1.8944231 1.7179848 1.7568480 1.7187371 1.6679027 1.7838787 0.3902983 0.5129846 0.0000000 0.4772721 0.6377043 0.6561139 0.6987217 0.9502280 0.7347756 2.3041282 2.6694660 2.9850831 2.2479810 2.7937125 2.4262445 2.1327226 3.0342731 4.8688016 4.6883970 4.2584170 4.8420771 4.5397033 4.3264685 4.7281832 4.0935046 4.2295006 3.6328216 3.8887842 3.1800468 4.0594061 4.0594061 3.7809245 4.3548501 3.9234480 4.2137489 4.2601065 4.0771246 4.3456526 4.2495473 3.9025765 3.9123579 4.1941463 4.2371566 3.9562697 3.9562697 3.7278400 4.9736212 4.5029600 4.7846318 4.3346556 4.4381176 5.4787809 8.2283959 5.5722856 5.9311019 
Gfas_gfas1.m1.4990.m1                              3.8043065 4.2275857 5.0513501 3.7534318 4.1875078 4.4506617 3.8435276 2.9795236 2.5305938 2.7660977 3.0204822 3.0204822 2.1219802 2.1219802 1.7637699 1.7803151 1.7988055 1.8142161 1.8322370 1.9992153 1.8962023 1.8511358 1.7729474 1.6145895 1.7821529 0.4288435 0.5320694 0.4772721 0.0000000 0.5507645 0.5964105 0.5279714 0.8481657 0.6297571 2.5066619 2.2859275 2.5214991 2.1805338 2.4576487 2.1305221 1.9801465 3.0730250 4.4494038 4.0242833 3.8756914 4.8026109 3.9554449 3.3130685 3.5431535 4.1404558 4.0284933 3.5000091 3.5008102 3.3202849 4.0873436 4.0873436 3.7206860 3.8358364 4.1565137 3.7629921 3.8514461 3.5544745 4.2317623 4.2369247 3.7795978 3.6659940 4.0808979 3.8895406 4.2041592 4.2041592 3.6804427 4.1040208 3.2427482 3.9536284 4.2043210 3.4111520 5.3650851 8.2148408 5.1506639 4.8447356 
Fspp_ffun1.m4.15215.m1                             4.0922569 4.9398924 4.8315629 3.3373404 3.4836907 3.6192195 3.7578346 2.7370017 2.2966295 2.5492273 2.7017423 2.7017423 1.6949377 1.6949377 1.7180148 1.7606823 1.8040194 1.7614037 1.6984115 2.1008188 1.9453829 1.9008846 1.8921612 1.5462250 1.5124427 0.5022009 0.6320132 0.6377043 0.5507645 0.0000000 0.2898965 0.5680156 0.9657127 0.5341024 2.5791790 2.2317575 2.5576500 2.0459774 2.4297972 2.4485286 1.8565783 3.2235868 4.3133134 4.2564263 3.8727495 4.8493533 4.2638092 3.2595584 3.3768306 3.6954552 3.5738840 3.5140996 3.8830193 3.4073842 4.1611028 4.1611028 3.8087227 4.1801450 3.7348825 4.0444779 4.1887629 3.8302057 3.9804044 3.8511707 3.9606101 3.8634746 4.2033556 4.1528954 3.5664719 3.5664719 3.6328560 4.1024254 4.0885568 4.2479477 4.0220684 4.1390835 4.9714932 8.4202180 5.5442532 4.8693583 
Gasp_gasp1.m3.7672.m1                              4.0057265 5.1147002 5.1021310 3.4380664 3.6372931 3.7760617 3.9754138 2.6341464 2.4938149 2.8834559 3.0039443 3.0039443 2.0037269 2.0037269 1.6265211 1.6870918 1.7527542 1.6856464 1.8675542 1.9776484 1.7985247 1.8592597 1.8584844 1.5688478 1.6652912 0.6298667 0.7626490 0.6561139 0.5964105 0.2898965 0.0000000 0.5218744 0.8783859 0.7493819 2.7787736 2.3931202 2.8034259 2.3597106 2.7901130 2.4260591 1.9251620 3.2617233 4.8763103 4.6631761 4.4624142 5.3306992 4.8558572 4.2279593 4.0331190 4.4497448 4.0323150 3.7467821 4.1773103 3.5360313 4.4236739 4.4236739 4.3181973 4.4120262 4.4506441 4.7193293 4.8762453 3.9221865 4.2034599 4.4765502 3.8742847 4.0571939 4.3924111 4.2474224 3.7741599 3.7741599 4.1376016 4.8455590 4.5079646 4.9691246 5.2701217 4.9604093 5.5943056 7.7526715 5.7131529 5.8227163 
Exapal_XM_021052657.2                              3.6093404 4.7507697 4.6786598 3.2244285 3.7018887 3.8589818 3.7572261 2.1972784 2.2925910 2.4591476 2.6346325 2.6346325 1.7883078 1.7883078 1.7638287 1.7611697 1.7694040 1.8126308 1.7162529 1.8413570 1.7449556 1.9681728 1.9138981 1.5208110 1.4913948 0.5825180 0.7397619 0.6987217 0.5279714 0.5680156 0.5218744 0.0000000 0.9440180 0.2762485 2.3224100 2.2834762 2.5928841 2.1152002 2.4372407 2.1827205 2.0154731 2.8534279 4.7734249 4.5081527 4.0868626 5.5678578 4.0813419 4.3142318 4.0373426 3.9668529 3.9736650 3.6527132 3.6398885 3.6339687 4.6401503 4.6401503 4.2382774 4.1639296 4.2297939 3.8428129 4.4819103 4.1446462 4.3101983 4.6693804 4.1901169 4.0881442 4.1697783 4.1687799 3.9155406 3.9155406 4.0676140 4.2351505 3.9168553 4.4342816 4.4347162 3.7344613 4.8777509 7.6096864 5.0678936 5.0963221 
Pocdam_XM_027180100.1                              4.6354197 4.5169732 5.0951605 3.3432595 3.8592737 4.1106372 3.4948995 2.4400265 3.3477064 3.4663343 3.4389036 3.4389036 2.7191885 2.7191885 1.9666468 1.8748314 1.8049114 1.7687413 2.0184931 2.1081124 1.8583872 1.9056959 1.9293337 1.6480622 1.7197878 1.0773974 0.9858141 0.9502280 0.8481657 0.9657127 0.8783859 0.9440180 0.0000000 0.9248002 2.5693092 2.3398337 2.5950435 2.6740948 2.5676419 2.1146873 2.7837735 3.0881770 4.8043825 4.5050428 4.7112716 4.6238833 4.2555294 4.2205749 4.3842493 4.0229882 3.8983269 3.7361614 3.6180840 3.5874623 4.1526277 4.1526277 3.8950324 3.7809511 3.6745842 4.2673784 4.0623588 3.9636742 4.8609433 3.9390836 4.4573556 4.4283464 4.6607325 4.6417139 4.0822501 4.0822501 4.6087213 4.4777928 3.8024337 4.3297129 4.3714739 4.0415430 4.7392619 8.9999986 5.4195659 4.8543020 
Gfas_gfas1.m1.17168.m1                             3.6500137 5.3727392 5.1354895 3.7627594 4.2923051 4.2923051 3.9779625 2.1536802 2.5528925 3.0286797 3.0480789 3.0480789 2.2502010 2.2502010 1.7580905 1.7615620 1.7841731 1.8213690 1.9721631 1.9216891 1.6933040 1.6784599 1.7483817 1.3716246 1.4897816 0.6214750 0.8017595 0.7347756 0.6297571 0.5341024 0.7493819 0.2762485 0.9248002 0.0000000 2.6769068 2.1279973 3.0795066 2.0046527 2.0767650 1.9479825 2.2715879 3.1135319 4.3950166 4.6235028 3.5168185 4.8102960 4.3264024 4.5594970 4.1796262 3.1305376 3.4168313 3.5865016 3.5316894 3.1069326 4.6991550 4.6991550 4.1328743 3.1558736 4.2132255 3.3038838 4.8769951 4.5554640 4.1179182 3.9992428 4.6794416 4.6621760 4.2990967 4.3430171 3.9637107 3.9637107 3.8123441 4.1051455 4.4628933 4.2554928 3.6920094 3.7164544 4.4623237 7.0676266 5.3851087 4.7029313 
Hvul_g11369_1                                      4.3080280 4.4934220 4.7239882 2.8588100 3.2150460 3.4110291 3.1927335 2.2456748 3.1404645 3.0597471 2.9888118 2.9888118 2.0463552 2.0463552 1.7273610 1.9276261 1.8395670 1.8129852 2.0149403 1.7028157 1.6924667 2.2370545 2.3267845 2.1274758 2.2817775 2.2619489 2.5389634 2.3041282 2.5066619 2.5791790 2.7787736 2.3224100 2.5693092 2.6769068 0.0000000 1.5232051 1.9671947 1.9987541 1.8055255 1.6203122 2.1325457 1.3356013 4.8651022 4.0727161 3.7468848 4.4280933 4.7160321 4.5170565 4.3989466 4.3835437 3.6113205 2.9305848 2.6796257 2.8132351 3.1980794 3.1980794 3.1336091 3.0197675 4.4381357 4.3074232 4.1176823 4.1136715 4.0840445 3.7716191 3.7863588 3.7518628 3.9345041 3.8691754 3.7337650 3.7337650 3.9631671 3.1665846 3.7102481 4.7266421 4.2666251 4.0777405 4.2558157 8.9999984 4.8990030 4.8535889 
Aaur_scaffold646.g6.t1                             3.8139953 4.1784935 4.0170247 2.7468421 2.7090387 2.8643198 2.9420846 2.3458619 3.1260255 3.3207634 3.2686194 3.2686194 2.3026161 2.3026161 1.8037890 1.8961779 1.7938310 1.7067909 1.9639982 1.7246162 1.5275667 2.0313443 2.1996131 2.0392694 1.9541011 2.3501312 2.5421894 2.6694660 2.2859275 2.2317575 2.3931202 2.2834762 2.3398337 2.1279973 1.5232051 0.0000000 1.2500937 1.5172505 0.9934820 1.0230470 2.3169462 1.4764827 4.5524981 4.6953839 4.9109918 4.3718362 4.6625453 6.0960351 4.9694070 4.6255176 4.1773768 3.1178272 4.0754678 3.2109672 3.7317373 3.7317373 3.2983392 3.5612237 4.3111436 3.6289562 3.9442846 3.7419765 3.7568420 3.9462022 3.7684570 3.4002283 3.4193932 3.5705379 3.8343470 3.8343470 4.8332509 4.3585532 3.7619380 3.9819494 4.1136156 3.4675297 3.8692879 7.6541798 5.5220757 6.3745584 
Sanmal_Sma_015128-T1                               4.5189368 4.0549812 4.2913608 3.4214919 3.1650723 3.3512909 2.9988561 2.4690072 2.7942836 3.1570813 3.4385382 3.4385382 2.1877889 2.1877889 2.2271813 2.2493557 2.1432316 2.2162529 2.5255644 2.3551103 2.3332299 2.3702056 2.5426269 2.0883603 2.1159370 2.6832981 2.8085082 2.9850831 2.5214991 2.5576500 2.8034259 2.5928841 2.5950435 3.0795066 1.9671947 1.2500937 0.0000000 1.4605408 1.3291438 1.3034699 2.2270329 2.1041953 5.3426284 4.0529390 4.3047957 4.5103907 4.4627759 4.0427320 3.6994038 3.9278941 3.4062006 3.8058878 4.3033985 4.4364888 4.2024647 4.2024647 3.9691747 4.1061593 4.6021579 4.1816416 3.4501597 3.6537008 4.5012891 3.7862528 3.9767923 3.7309554 3.7978365 3.8954590 3.9796843 3.9796843 3.7927447 4.4713554 3.5556433 3.7633326 4.0196478 3.7218223 4.9549010 8.9999987 4.9274232 4.9099169 
Morvir_scaffold18.g115.t1                          4.4256541 3.9975378 3.4554322 2.6730840 2.7120721 2.8084062 2.5007390 2.4345304 2.5282657 2.7774655 2.8823592 2.8823592 1.8634069 1.8634069 2.0204144 2.1227452 2.0176583 2.1594654 2.0087910 2.0682053 1.9462100 2.0592133 2.1860824 1.8395321 2.0442249 2.1473904 2.2625756 2.2479810 2.1805338 2.0459774 2.3597106 2.1152002 2.6740948 2.0046527 1.9987541 1.5172505 1.4605408 0.0000000 1.4909543 1.4317043 2.0158886 2.0545078 3.6028816 4.2111547 3.8665655 4.6513366 3.8735920 4.7156829 4.5541261 3.7260151 3.8566398 3.6193753 3.9293915 3.1545794 3.8416097 3.8416097 3.6498822 3.0307479 3.8511571 3.2580494 3.4308588 3.1846459 3.6679090 3.9921547 3.0820884 3.1679557 3.0635864 3.1062650 3.2077310 3.2077310 4.5332096 3.4985642 3.3512726 3.8301546 3.2249819 2.8228945 3.6714983 6.3273712 3.7030391 4.2249856 
Nemnom_g17992.t1                                   5.2785776 5.2077259 3.6705145 3.4952791 3.2663995 3.3467843 2.9029698 2.4238508 3.3279024 3.3569903 3.7566902 3.7566902 2.2286437 2.2286437 2.1347474 2.1750634 2.0767542 2.2247949 2.5651005 2.4329441 2.1950977 2.2121773 2.2922011 2.3052332 2.4811576 2.5758483 2.5574232 2.7937125 2.4576487 2.4297972 2.7901130 2.4372407 2.5676419 2.0767650 1.8055255 0.9934820 1.3291438 1.4909543 0.0000000 0.4483863 2.7290100 2.1281203 5.4634099 4.7453394 4.7691538 4.8369022 5.2502486 5.7620718 4.9740932 4.8083772 4.6364130 4.0409715 4.1065805 4.6890470 4.9797291 4.9797291 4.8509998 4.2152874 5.0048816 4.8621790 4.6397471 3.7202838 4.2556458 4.0708817 4.3378149 4.0885202 3.9939439 4.0039937 4.1033037 4.1033037 4.7147655 4.6700888 4.1008285 3.9570410 4.5833737 3.9739573 4.2432597 8.9999987 5.2329604 4.7803146 
Rhoesc_Res_007676-T1                               5.1158629 4.7174618 4.2541509 3.0064796 2.9580712 3.1428532 3.0288679 2.4067051 3.2954635 3.3134226 3.5841110 3.5841110 2.1550015 2.1550015 1.7730570 1.9659731 1.8239165 1.9466752 2.0776336 2.0430510 1.7997703 1.9038001 2.0011299 1.9940648 2.0905301 2.2299539 2.0161098 2.4262445 2.1305221 2.4485286 2.4260591 2.1827205 2.1146873 1.9479825 1.6203122 1.0230470 1.3034699 1.4317043 0.4483863 0.0000000 2.5055177 2.1200057 5.0179623 4.8219344 4.5027206 4.3965418 4.7810636 4.9028956 4.3140864 4.2947448 4.6308812 3.5722343 3.7377087 3.9532864 4.0062732 4.0062732 3.8463050 3.7340052 4.5184505 4.1022733 4.5362118 4.1122387 4.2674997 4.2738389 3.6094849 3.5319763 3.4754241 3.4869953 3.5445448 3.5445448 4.4793007 4.1853469 4.2145919 3.7109809 4.1326168 3.5666339 4.2519123 8.9999989 5.0012528 5.1290805 
Plajan_Pjan_C534749_01                             4.6777177 4.1882418 4.2533776 2.8015989 2.9693687 3.0783516 2.9898684 3.2052800 2.8106043 2.8039559 2.7511040 2.7511040 1.9219067 1.9219067 1.8366389 1.7232252 1.8150199 1.8497982 1.8741536 2.1017677 2.0005630 2.0187227 1.9439772 2.0378419 2.0654445 2.1031062 2.2052241 2.1327226 1.9801465 1.8565783 1.9251620 2.0154731 2.7837735 2.2715879 2.1325457 2.3169462 2.2270329 2.0158886 2.7290100 2.5055177 0.0000000 2.4395175 3.8827135 4.1959503 4.0742624 5.5149171 4.2048497 4.6597847 3.7192176 3.9441263 3.6249454 3.2080817 3.6328716 3.4433013 4.1049037 4.1049037 4.0449914 3.4266144 3.7716191 3.6053066 3.5674450 3.7429083 4.3255747 3.0424018 3.6845065 3.6798720 3.6167459 3.6294171 3.5153417 3.5153417 3.9987803 3.9850211 4.6777581 3.7458908 4.7561814 3.5757639 4.3348998 8.2398829 4.9562754 4.6233995 
Chem_TCONS_00029443                                4.7710146 5.0533363 5.8076887 2.8324742 2.7577122 2.8149662 3.1823787 2.2805203 3.6327536 3.7604028 3.4998313 3.4998313 2.6675566 2.6675566 2.0858974 2.3878556 2.1868483 2.1909700 2.4895278 2.0566999 2.1331681 2.4737756 2.5834010 2.6704293 2.7074421 3.1293640 3.3813774 3.0342731 3.0730250 3.2235868 3.2617233 2.8534279 3.0881770 3.1135319 1.3356013 1.4764827 2.1041953 2.0545078 2.1281203 2.1200057 2.4395175 0.0000000 5.4993301 6.4423798 5.4838431 5.8657175 5.8676243 4.9497245 4.6881578 4.5522152 4.5373200 3.8160069 4.2134556 3.7409930 3.7495730 3.7495730 3.9033779 3.8408854 5.1079107 5.3095327 4.2883814 4.3114051 4.1183349 4.3433164 4.5078768 4.4270749 4.1996458 4.1088619 4.0325200 4.0325200 5.3220492 4.3155013 5.0045410 4.2724199 3.8801722 4.3931255 5.6501618 7.6341463 6.4646482 5.0632984 
Lcom_lcpid129401                                   3.0041921 3.3476065 3.9036414 3.8603843 4.2320637 4.3296387 3.9760500 4.5031563 4.9637447 5.0828744 5.2610191 5.2610191 4.7148705 4.7148705 4.1588524 3.8463390 3.9959182 3.8920613 4.7429157 4.2300860 3.9212091 4.2836108 4.4513141 3.6981558 3.5869595 4.9583406 4.7296246 4.8688016 4.4494038 4.3133134 4.8763103 4.7734249 4.8043825 4.3950166 4.8651022 4.5524981 5.3426284 3.6028816 5.4634099 5.0179623 3.8827135 5.4993301 0.0000000 1.4615628 1.3511275 2.4747146 2.1282138 2.7989566 2.9906800 2.1125861 2.4362842 2.3283800 2.4326960 2.6304144 2.5843184 2.5843184 2.2601641 2.7022736 2.1972190 2.7448569 2.0026441 2.1043128 2.5136304 2.1386085 2.4789390 2.5600824 2.5540177 2.4882494 2.3778541 2.3778541 2.7170922 2.6011057 2.8004939 2.2905470 2.4567023 2.9607006 2.3473090 4.8875344 4.1480531 2.7925386 
Gracom_Gcom_C542734_01                             3.5017570 3.2796068 3.8281869 4.1983487 4.1805560 4.3098775 3.7405819 5.0248719 4.1583782 4.3275530 4.2044859 4.2044859 4.5797402 4.5797402 3.5063907 3.2112282 3.1731587 3.1272522 3.6681700 3.7371813 3.6985648 3.6478255 3.7472942 3.6761634 4.0060573 4.3329771 4.5828700 4.6883970 4.0242833 4.2564263 4.6631761 4.5081527 4.5050428 4.6235028 4.0727161 4.6953839 4.0529390 4.2111547 4.7453394 4.8219344 4.1959503 6.4423798 1.4615628 0.0000000 0.7470098 1.4479407 2.0653197 2.0538854 2.3874662 1.7750837 2.4154750 1.8202624 2.0355873 1.6258680 1.9068613 1.9068613 1.9121461 2.2129012 2.0877571 2.2917245 2.0387634 1.7247637 2.0440495 2.0044125 1.8446162 1.8120102 2.0695811 2.0699629 1.9585808 1.9585808 2.2070257 2.1813382 2.3988444 1.7161745 1.6638580 2.4434913 2.6329010 3.6034964 4.0029455 2.3523210 
Scil_scict013986.1                                 2.8978282 2.9420784 3.5672204 3.6776587 3.7994819 3.9124625 3.8472382 4.7145468 4.5764385 4.4361038 4.2373409 4.2373409 3.9279983 3.9279983 3.7663816 3.3263961 3.7883183 3.4864021 3.9134218 3.9366049 3.8928776 4.0925844 4.2690729 3.5299872 3.4857996 3.9711614 4.0618506 4.2584170 3.8756914 3.8727495 4.4624142 4.0868626 4.7112716 3.5168185 3.7468848 4.9109918 4.3047957 3.8665655 4.7691538 4.5027206 4.0742624 5.4838431 1.3511275 0.7470098 0.0000000 1.6275669 1.9320074 1.8834338 2.1455087 1.6690310 2.1302240 1.7508925 1.9318021 1.8152714 1.9143984 1.9143984 1.8805602 2.0993978 1.7997636 1.7828501 2.1699379 1.6842378 1.8724146 1.8586630 2.0563121 2.0461291 2.1898459 2.2351516 1.9466172 1.9466172 2.0348077 2.2670866 2.4301723 1.8256183 1.6673066 2.3273195 2.4532440 3.4401116 3.8783423 2.4285272 
Gracom_Gcom_C536256_01                             4.3186018 3.9046489 4.4377023 4.6187619 4.4963313 4.4909535 4.3065110 4.7758456 6.2470105 5.9486488 5.9836577 5.9836577 5.1223795 5.1223795 4.4613735 4.1281422 3.8982420 3.9553718 4.7202287 4.6063465 4.2570549 4.4178123 4.6078332 4.2137266 4.3336633 5.2511382 6.4881928 4.8420771 4.8026109 4.8493533 5.3306992 5.5678578 4.6238833 4.8102960 4.4280933 4.3718362 4.5103907 4.6513366 4.8369022 4.3965418 5.5149171 5.8657175 2.4747146 1.4479407 1.6275669 0.0000000 2.6982172 2.4790305 2.7434865 2.6670707 3.0692149 2.4190162 2.6635384 2.5799480 2.6127606 2.6127606 2.4771601 2.9450868 3.2082479 3.2136551 2.8359582 2.6133289 2.9223609 2.5969060 2.5377443 2.5358103 2.8409126 2.9511328 2.5577817 2.5577817 2.5723437 3.1022427 3.5521567 2.4705913 2.4076253 3.4465463 3.2394377 5.1303199 4.7284659 3.0529881 
