59
Lcom_lcpid153534                                    0.0000000 0.0000010 0.0000010 0.8239216 0.8486611 0.8486611 1.8920644 1.3338147 1.0729205 0.9655929 1.0123000 1.0051137 0.7344383 0.9143472 0.9364682 1.0024248 1.3070680 0.7337505 1.3728484 1.4440934 0.4719627 1.4659750 1.1684037 1.2936380 1.3399404 1.2358699 0.7267040 1.4482220 1.2810740 1.2323696 0.8169906 0.6308623 1.2108706 1.1262616 1.0441261 1.4722243 1.6681310 1.5747985 1.4078856 1.4375364 1.4913454 1.4913454 0.9465189 1.3927859 1.6016620 1.5504854 1.6990814 1.4457201 1.1497602 1.4738792 1.1132074 1.3070507 1.2530087 1.4651265 3.0849720 3.1588619 3.3655144 2.6659443 1.5356558 
Lcom_lcpid156955                                    0.0000010 0.0000000 0.0000010 0.8069007 0.8164896 0.8164896 1.5738375 1.3004985 1.0779828 0.9745533 1.0193067 1.0124166 0.7791671 0.9292512 0.9474107 1.0097625 1.2714781 0.7337505 1.3338300 1.3964338 0.5650451 1.4117550 1.1327955 1.2394018 1.2556938 1.1134306 0.7863033 1.4367883 1.2671144 1.2502891 0.8830084 0.7373988 1.2527563 1.1724279 1.0101015 1.4367822 1.5867686 1.4403994 1.3277655 1.3556021 1.3899388 1.3899388 0.9963858 1.3063980 1.4991598 1.4619511 1.5551851 1.3407966 1.2471277 1.3720617 1.1201153 1.2316381 1.2268953 1.3337177 2.8358729 2.9013979 3.1367872 2.4195604 1.6610182 
Lcom_lcpid126956                                    0.0000010 0.0000010 0.0000000 0.9131181 0.6031807 0.6791326 2.0265147 1.7396011 1.6212716 1.4169846 1.4591796 1.4505965 1.4775482 1.4861318 1.5210367 1.4575691 1.5523640 0.7337505 1.5208300 1.5473769 1.6133481 1.5228078 0.9295171 1.4648006 1.5384990 1.4305294 1.4155719 1.6216790 1.5058370 1.5484253 1.4974506 1.6847392 1.7266984 1.0323833 1.2363820 1.5085274 1.5931393 1.5221653 1.3289445 1.4385912 1.2788691 1.2759119 1.4492729 1.3252682 1.9634596 2.1560755 2.0534669 1.8563111 1.3617010 1.8615687 1.9999052 1.7901612 1.5926749 0.6952450 3.1250970 3.3342913 3.1639681 1.0343732 2.9682724 
Gracom_Gcom_scaffold18127_01                        0.8239216 0.8069007 0.9131181 0.0000000 0.7223170 0.7966597 1.8895596 1.7324183 1.5428491 1.4007398 1.4125533 1.3890938 1.3630169 1.3238749 1.3850565 1.4418588 1.7366407 0.7547587 1.7692349 1.7313720 1.3911468 1.7529925 1.1808185 1.4970659 1.4924709 1.3965555 1.2457651 1.7890355 1.4935549 1.4296651 1.3717592 1.7565921 1.6801979 1.2556632 1.5316578 1.7101420 1.5959496 1.7171543 1.6303087 1.7308692 1.5508737 1.5375096 1.4191201 1.5111038 1.6798598 1.8922189 1.7764954 1.6475324 1.4814744 1.5784903 1.7023750 1.5853696 1.6527860 1.4804444 2.9963595 3.0756651 3.2208684 1.9064956 2.4868880 
Leuniv_Lniv_scaffold14984_01                        0.8486611 0.8164896 0.6031807 0.7223170 0.0000000 0.0160432 1.2889142 1.2019697 1.1143249 1.0073889 1.0508679 1.0424206 0.9299266 0.9750715 1.0681018 1.0627970 1.2502946 0.7967908 1.3319649 1.3324172 0.8559422 1.1494840 1.0923571 1.1369677 1.3101947 1.2314329 0.9036490 1.3619135 1.3014237 1.2327291 1.0451459 1.1092869 1.5427470 1.3310732 1.1622066 1.2909031 1.4545408 1.2675546 1.2905033 1.2794981 1.3877966 1.3722208 1.1491025 1.2620385 1.5070222 1.4696554 1.6172539 1.5577944 1.6226032 1.6181064 1.4332885 1.3552326 1.2572521 1.3398659 2.7749091 2.8160748 2.8843843 1.6734671 2.2870450 
Leuniv_Lniv_scaffold14985_01                        0.8486611 0.8164896 0.6791326 0.7966597 0.0160432 0.0000000 1.3797613 1.2766006 1.2097828 1.0860540 1.1307456 1.1222116 1.0250133 1.0762876 1.2114147 1.1104873 1.3317583 0.7967908 1.4069813 1.4465237 0.9787980 1.2525204 1.0923571 1.2800110 1.4261430 1.2973145 1.0370389 1.5254040 1.4314351 1.3544763 1.0759155 1.2583735 1.6336090 1.3310732 1.2957402 1.3550453 1.5633660 1.3346782 1.3924635 1.2794981 1.4949683 1.4791025 1.2610823 1.3629352 1.6102878 1.5503669 1.7029946 1.6212812 1.6226032 1.6808254 1.5159981 1.4631645 1.2706706 1.3398659 2.7704382 2.8093299 2.8297798 1.6734671 2.3215309 
Gfas_gfas1.m1.6595.m1                               1.8920644 1.5738375 2.0265147 1.8895596 1.2889142 1.3797613 0.0000000 0.8371513 0.1292118 0.1240492 0.1850059 0.1579714 0.1188083 0.0989565 0.6452085 0.3393909 1.1713791 0.3593624 1.0576177 1.0516416 0.3453622 1.2766828 0.6098324 1.1504644 0.8899266 0.9987915 1.3799233 1.4529249 1.2764040 1.1964167 1.0305315 1.5429765 1.4186415 0.8676773 1.3906478 1.7811007 1.9597108 1.7178921 1.5849565 1.6741356 1.6434183 1.6960325 1.3691867 1.4461216 1.1928066 1.3806862 1.1099800 1.3107666 6.2678158 1.4592890 1.1603565 1.6813799 1.6055714 2.4570412 2.5639707 2.8465133 2.6447131 4.0266725 3.4956618 
Cgig_XM_011458195.3                                 1.3338147 1.3004985 1.7396011 1.7324183 1.2019697 1.2766006 0.8371513 0.0000000 0.6384122 0.5576285 0.5853909 0.5702287 0.4600624 0.6051982 0.7818387 0.5165589 0.7996802 0.2433299 0.7440257 0.8304435 0.6156886 0.8850287 0.5731075 1.0147573 0.9880624 0.8531335 1.0773399 1.0539050 1.0001482 1.0336350 0.9057996 1.1952268 1.1665014 0.7783440 1.0640160 1.2955942 1.4222480 1.1640249 1.2817071 1.3583222 1.3739791 1.4035903 1.1741848 1.3796953 1.3895759 1.3924422 1.2910354 1.3596100 1.0294505 1.4916100 1.2797421 1.2680876 1.4382140 1.1221199 2.0604523 2.2044440 2.3575135 1.5423139 2.9389368 
Fspp_ffun1.m4.19249.m1                              1.0729205 1.0779828 1.6212716 1.5428491 1.1143249 1.2097828 0.1292118 0.6384122 0.0000000 0.0306223 0.0913593 0.0676188 0.0989746 0.1050082 0.6035014 0.2403102 0.7587102 0.2097149 0.6342435 0.7550899 0.3775947 0.8301933 0.4506560 0.8575711 0.7621547 0.8945618 1.0251404 1.0374711 0.9497401 0.9185930 0.9786536 1.3996567 1.1774165 0.8643678 1.0478504 1.2940040 1.4275751 1.1977801 1.2481979 1.2201182 1.2180969 1.2482796 1.1140332 1.1866267 1.0584351 1.1385482 0.9726396 1.0431466 1.0050627 1.1906722 1.0383404 1.3829006 1.1914466 0.7667986 2.3140472 2.4987904 2.4707182 1.2936164 3.0761741 
Gasp_gasp1.m3.12175.m1                              0.9655929 0.9745533 1.4169846 1.4007398 1.0073889 1.0860540 0.1240492 0.5576285 0.0306223 0.0000000 0.0825090 0.0624962 0.0910154 0.0918332 0.5504978 0.2349236 0.6861917 0.2031677 0.5727247 0.6869794 0.3209711 0.7518114 0.3829692 0.7604703 0.6920598 0.8148728 0.9098001 0.8951951 0.8452333 0.8288055 0.8459336 1.1214482 1.0761901 0.7605007 0.9350753 1.1683644 1.3241466 1.1018122 1.1300330 1.1181560 1.1086826 1.1341039 0.9892511 1.0584058 0.8975790 0.9757275 0.8566565 0.9235314 0.9709208 1.0509037 0.9369519 1.2139521 1.1099752 0.7827583 2.1890052 2.3462124 2.2685954 1.2358097 2.4606179 
Spis_XP_022782557_1                                 1.0123000 1.0193067 1.4591796 1.4125533 1.0508679 1.1307456 0.1850059 0.5853909 0.0913593 0.0825090 0.0000000 0.0279589 0.1108199 0.1340299 0.5844677 0.2501577 0.7059894 0.2179764 0.6091879 0.6747070 0.3347077 0.7315875 0.3682628 0.7575643 0.7114603 0.8313837 0.8857407 0.8855423 0.8748989 0.8546654 0.8513212 1.0697636 1.0744733 0.7569144 0.9304521 1.1648074 1.3846858 1.1069199 1.1343618 1.1186754 1.1333607 1.1588623 0.9981730 1.0652977 0.9675861 1.0932528 0.9528572 0.9818948 0.9709208 1.0761663 0.9597029 1.2017916 1.1003940 0.8091899 2.1658880 2.3210770 2.3534375 1.3484696 2.5300638 
Pocdam_XM_027192587.1                               1.0051137 1.0124166 1.4505965 1.3890938 1.0424206 1.1222116 0.1579714 0.5702287 0.0676188 0.0624962 0.0279589 0.0000000 0.0967681 0.1137797 0.5629482 0.2428467 0.6848959 0.2179764 0.6018667 0.6901509 0.3232540 0.7382742 0.3772068 0.7444660 0.6962420 0.8344381 0.8755717 0.8966579 0.8691040 0.8543646 0.8489304 1.1014483 1.0754762 0.7668586 0.9330984 1.1734463 1.3596019 1.0923189 1.1278107 1.1154515 1.1214273 1.1467335 0.9918039 1.0499213 0.9508033 1.0636775 0.9366337 0.9657300 0.9709208 1.0556116 0.9505981 1.2071336 1.0942363 0.7882106 2.1847651 2.3413344 2.3178200 1.3148429 2.5176446 
Adig_XM_015916744.1                                 0.7344383 0.7791671 1.4775482 1.3630169 0.9299266 1.0250133 0.1188083 0.4600624 0.0989746 0.0910154 0.1108199 0.0967681 0.0000000 0.0056927 0.5162350 0.2310781 0.6525089 0.2334351 0.5383141 0.6403714 0.2965303 0.7251803 0.2834236 0.6212818 0.6715012 0.7000360 0.9430824 0.7278189 0.6824514 0.6820275 0.8867302 1.0529769 1.0020848 0.6893733 0.7584836 0.9503060 1.1046508 0.9372661 0.9233119 0.9160370 0.9327372 0.9578343 0.9213544 0.9190573 0.7581982 0.8436522 0.7467682 0.8310408 1.0050627 0.9078247 0.9249598 1.0489372 1.0796949 0.4467674 2.0241449 2.1830674 1.9933695 0.6835213 2.6518515 
Amil_Amillepora08524-RA                             0.9143472 0.9292512 1.4861318 1.3238749 0.9750715 1.0762876 0.0989565 0.6051982 0.1050082 0.0918332 0.1340299 0.1137797 0.0056927 0.0000000 0.5336401 0.2857179 0.8342853 0.2456809 0.7519692 0.7713500 0.2916173 0.8708013 0.4219137 0.8351827 0.6642728 0.7882045 1.0012353 0.8969949 0.8468953 0.8308545 0.8704577 1.0585067 1.1692689 0.7963323 0.9978492 1.1732921 1.3136322 1.1304085 1.1589933 1.1908554 1.1955071 1.2285979 1.1174086 1.1648071 0.9497016 1.0749656 0.9399311 1.0541596 1.3693243 1.1833449 1.0334151 1.2030031 1.2043475 0.9370173 2.0061855 2.1807916 2.1245319 2.1405465 2.6394019 
Dgig_XM_028540389.1                                 0.9364682 0.9474107 1.5210367 1.3850565 1.0681018 1.2114147 0.6452085 0.7818387 0.6035014 0.5504978 0.5844677 0.5629482 0.5162350 0.5336401 0.0000000 0.4958673 0.7593865 0.2354211 0.7471021 0.8351384 0.5973298 0.8406105 0.5526088 0.7698840 0.4816356 0.8903773 1.1149226 1.0391598 0.9563333 1.0182680 1.0153606 1.2713365 1.2050685 0.8085343 1.0865336 1.2749393 1.4650937 1.2196206 1.1391403 1.1160155 1.1742813 1.1652136 0.9552481 1.0375151 1.1407088 1.3243499 1.1173048 1.1984831 1.0059226 1.3056910 1.1927836 1.3297874 1.2257332 0.6702887 2.2314429 2.3894762 2.5109055 0.9765582 2.8524702 
Exapal_XM_021040484.2                               1.0024248 1.0097625 1.4575691 1.4418588 1.0627970 1.1104873 0.3393909 0.5165589 0.2403102 0.2349236 0.2501577 0.2428467 0.2310781 0.2857179 0.4958673 0.0000000 0.7133155 0.2377797 0.6125822 0.7479279 0.2977492 0.7979418 0.4142936 0.7706715 0.6579803 0.8640551 0.9124064 0.8709629 0.8732491 0.8870382 0.8529734 1.0741522 1.0743073 0.7954154 0.9386064 1.1308486 1.4153101 1.1341326 1.2071996 1.1816015 1.2363920 1.2635870 1.0073100 1.0597217 1.0189031 1.1841188 0.9986029 1.0577459 1.0417203 1.1819672 1.0428882 1.3201024 1.1408633 0.8372555 2.1138922 2.2634214 2.2666771 1.2968551 2.6333588 
Cscu_XM_023384429.1                                 1.3070680 1.2714781 1.5523640 1.7366407 1.2502946 1.3317583 1.1713791 0.7996802 0.7587102 0.6861917 0.7059894 0.6848959 0.6525089 0.8342853 0.7593865 0.7133155 0.0000000 0.0355758 0.8044786 0.9252376 0.7071055 0.8680121 0.5849842 0.9393467 1.0705063 0.9701775 1.0292162 1.1405937 0.9925624 1.0669992 0.8437485 1.1997232 1.2973605 0.8463402 1.1057065 1.2327798 1.5556457 1.3786897 1.2071503 1.2521978 1.2765852 1.3041912 1.0609407 1.1510187 1.3048632 1.3707437 1.2680344 1.2654643 0.9405017 1.4313264 1.3513358 1.3176068 1.4761335 0.9307900 2.5065077 2.6248039 2.5154449 1.3634463 3.1757175 
Cscu_XM_023358877.1                                 0.7337505 0.7337505 0.7337505 0.7547587 0.7967908 0.7967908 0.3593624 0.2433299 0.2097149 0.2031677 0.2179764 0.2179764 0.2334351 0.2456809 0.2354211 0.2377797 0.0355758 0.0000000 0.3114481 0.3084192 0.3054029 0.2827030 0.2876835 0.3296370 0.4164684 0.4280873 0.4174352 0.3714886 0.4230426 0.4215203 0.4539029 0.5805330 0.6915625 0.7566144 0.4715718 0.4881448 0.7143990 0.6648785 0.6413117 0.6597569 0.6898493 0.6898493 0.5513953 0.5513953 0.5361836 0.4599669 0.5046608 0.4615070 0.7921164 0.4316905 0.5336793 0.6988727 0.5578611 0.4253507 1.6127224 1.6363081 1.7057656 0.6234791 1.3421669 
Acagra_model.g5954.t1                               1.3728484 1.3338300 1.5208300 1.7692349 1.3319649 1.4069813 1.0576177 0.7440257 0.6342435 0.5727247 0.6091879 0.6018667 0.5383141 0.7519692 0.7471021 0.6125822 0.8044786 0.3114481 0.0000000 0.8826650 0.8530470 0.8736034 0.5708126 0.8818875 0.9623105 1.0647836 1.0206789 1.2682831 1.1215512 1.1791999 1.0283393 1.2482121 1.2920001 0.6845831 0.9372889 1.3572939 1.5598303 1.4341536 1.0876093 1.0738967 1.0981523 1.1224761 1.0673883 1.1899941 1.4346669 1.4522867 1.3384275 1.3057342 1.0631036 1.2806519 1.1400593 1.3648855 1.3215965 0.9905273 1.8693386 1.9657872 2.1933150 1.4639414 2.7422234 
Hsap_ENST00000360943                                1.4440934 1.3964338 1.5473769 1.7313720 1.3324172 1.4465237 1.0516416 0.8304435 0.7550899 0.6869794 0.6747070 0.6901509 0.6403714 0.7713500 0.8351384 0.7479279 0.9252376 0.3084192 0.8826650 0.0000000 0.8512169 0.9910010 0.5434081 0.8945059 1.0551818 1.0029913 1.0526962 1.0506317 1.0299659 0.9727102 1.0324548 1.2755523 1.4629953 0.8536623 1.2841625 1.5467148 1.6501604 1.5576445 1.2049784 1.1869741 1.2088205 1.2350924 1.0707574 1.2101408 1.4556435 1.5015075 1.3820183 1.5363970 1.2258489 1.6537247 1.4590106 1.4100585 1.6071033 1.1580727 2.3980472 2.5546185 2.7767219 1.8690112 2.8961489 
Nvec_v1g158438                                      0.4719627 0.5650451 1.6133481 1.3911468 0.8559422 0.9787980 0.3453622 0.6156886 0.3775947 0.3209711 0.3347077 0.3232540 0.2965303 0.2916173 0.5973298 0.2977492 0.7071055 0.3054029 0.8530470 0.8512169 0.0000000 0.8320497 0.3211226 0.8277631 0.7347502 0.7678528 1.0733525 0.8077126 0.7433054 0.7367921 0.8780461 1.1540443 1.0481262 0.6807077 0.8742149 1.0478036 1.2329104 1.1210999 1.0287313 1.0966404 1.1270791 1.1675168 0.9624242 0.9857944 0.8679127 1.1683150 0.9205096 0.8933736 1.2904220 1.1302876 1.1372830 1.1925400 1.2228267 0.2186874 1.9437662 2.1470327 1.9460475 0.5247785 2.3734101 
Ctel_gnl_WGS_AMQN_CAPTEDRAFT_mRNA169748             1.4659750 1.4117550 1.5228078 1.7529925 1.1494840 1.2525204 1.2766828 0.8850287 0.8301933 0.7518114 0.7315875 0.7382742 0.7251803 0.8708013 0.8406105 0.7979418 0.8680121 0.2827030 0.8736034 0.9910010 0.8320497 0.0000000 0.6521949 1.0757041 1.1419398 1.1388630 0.9337215 1.3938850 1.3477410 1.3446389 0.9812226 1.1357132 1.4109995 0.9208931 1.1899577 1.3602347 1.6546190 1.5402574 1.3882192 1.4056266 1.4647752 1.4960063 1.1688104 1.3014524 1.6727566 1.7239632 1.5863847 1.4849651 1.0804821 1.6097993 1.3299391 1.3936704 1.5243133 1.4248532 2.4298066 2.5135751 2.6752438 1.8720273 2.9106539 
Bralan_BLAG12000743_1                               1.1684037 1.1327955 0.9295171 1.1808185 1.0923571 1.0923571 0.6098324 0.5731075 0.4506560 0.3829692 0.3682628 0.3772068 0.2834236 0.4219137 0.5526088 0.4142936 0.5849842 0.2876835 0.5708126 0.5434081 0.3211226 0.6521949 0.0000000 0.6071879 0.7128683 0.8564026 0.4994027 0.8383417 0.8802029 0.8072554 0.7123704 0.7651589 1.0136426 0.8133773 0.8399480 0.9879218 1.2570489 1.1294375 0.8834758 0.9157476 0.9161416 0.9407279 0.7537914 0.8434463 1.0933018 0.9580443 0.9533115 1.0169186 1.0824806 1.0385258 0.8324193 1.0904081 0.9800728 0.9237754 2.0153899 2.1520335 2.2692589 1.2361826 2.0474422 
Spur_XM_780203.5                                    1.2936380 1.2394018 1.4648006 1.4970659 1.1369677 1.2800110 1.1504644 1.0147573 0.8575711 0.7604703 0.7575643 0.7444660 0.6212818 0.8351827 0.7698840 0.7706715 0.9393467 0.3296370 0.8818875 0.8945059 0.8277631 1.0757041 0.6071879 0.0000000 1.0359714 1.0176931 0.8939749 1.1873681 1.1061864 1.1924784 0.9017726 1.0217615 1.1459747 0.6566971 1.1189495 1.3389221 1.3200708 1.2163196 1.2053055 1.1561092 1.2182454 1.2147843 1.0167311 1.1586711 1.4488543 1.4686384 1.3962830 1.5147804 1.1272697 1.6184852 1.4559479 1.2465494 1.3140989 1.1917098 2.5199913 2.6958845 2.6483920 1.2564525 2.6733350 
Xesp_009585-T1                                      1.3399404 1.2556938 1.5384990 1.4924709 1.3101947 1.4261430 0.8899266 0.9880624 0.7621547 0.6920598 0.7114603 0.6962420 0.6715012 0.6642728 0.4816356 0.6579803 1.0705063 0.4164684 0.9623105 1.0551818 0.7347502 1.1419398 0.7128683 1.0359714 0.0000000 1.0364291 1.1392532 1.2470943 1.2067355 1.2736321 1.1042907 1.3131615 1.3172945 0.9372226 1.1077969 1.3291201 1.6148140 1.3861587 1.3195624 1.3571647 1.3454963 1.3486692 1.1605630 1.2320108 1.2968225 1.5029678 1.3173662 1.3797681 1.4230958 1.4264090 1.2996396 1.4683559 1.2287721 0.8618400 2.3950035 2.5758484 2.5089132 1.5124178 2.7492474 
Plajan_Pjan_C549265_01                              1.2358699 1.1134306 1.4305294 1.3965555 1.2314329 1.2973145 0.9987915 0.8531335 0.8945618 0.8148728 0.8313837 0.8344381 0.7000360 0.7882045 0.8903773 0.8640551 0.9701775 0.4280873 1.0647836 1.0029913 0.7678528 1.1388630 0.8564026 1.0176931 1.0364291 0.0000000 1.0054528 1.3073544 1.2621485 1.3176206 0.9459898 1.1371645 1.2751469 0.9126544 1.2622068 1.2923594 1.3964823 1.2271600 1.3411021 1.2862581 1.2945933 1.3215832 1.2706355 1.3181173 1.4448832 1.2959560 1.2066090 1.2410093 1.0857015 1.5026518 1.3531663 1.3152752 1.0973250 1.0186267 2.1991215 2.3727009 2.4028259 1.7025334 2.4471222 
Clacor_Ccor_scaffold4881_01                         0.7267040 0.7863033 1.4155719 1.2457651 0.9036490 1.0370389 1.3799233 1.0773399 1.0251404 0.9098001 0.8857407 0.8755717 0.9430824 1.0012353 1.1149226 0.9124064 1.0292162 0.4174352 1.0206789 1.0526962 1.0733525 0.9337215 0.4994027 0.8939749 1.1392532 1.0054528 0.0000000 1.0627597 1.0644021 1.0314885 0.9179100 1.3963877 1.3297609 0.8270465 1.0395538 1.2064071 1.3207429 1.3079514 0.9996451 0.9957808 0.9942984 1.0196372 0.9400984 0.9405004 1.3923922 1.3608839 1.3003272 1.2934737 1.0095711 1.4603085 1.4181083 1.3230130 1.4995027 0.6117471 2.4019967 2.4054118 2.5030556 0.8752913 2.8733428 
Sanmal_Sma_020402-T1                                1.4482220 1.4367883 1.6216790 1.7890355 1.3619135 1.5254040 1.4529249 1.0539050 1.0374711 0.8951951 0.8855423 0.8966579 0.7278189 0.8969949 1.0391598 0.8709629 1.1405937 0.3714886 1.2682831 1.0506317 0.8077126 1.3938850 0.8383417 1.1873681 1.2470943 1.3073544 1.0627597 0.0000000 0.4212575 0.4164881 0.7638101 1.1107403 1.2682375 0.9592692 1.2023994 1.5921917 1.9049530 1.7234385 1.5522167 1.4691331 1.4973080 1.5291951 1.2242829 1.2859423 1.5339716 1.6070775 1.4465136 1.4647155 1.1625643 1.4664116 1.3212006 1.3924670 1.3603496 1.5529369 2.9395063 3.1485291 2.6948249 1.8401182 2.9128750 
Nemnom_g4048.t1                                     1.2810740 1.2671144 1.5058370 1.4935549 1.3014237 1.4314351 1.2764040 1.0001482 0.9497401 0.8452333 0.8748989 0.8691040 0.6824514 0.8468953 0.9563333 0.8732491 0.9925624 0.4230426 1.1215512 1.0299659 0.7433054 1.3477410 0.8802029 1.1061864 1.2067355 1.2621485 1.0644021 0.4212575 0.0000000 0.1182053 0.7026996 1.1400790 1.2023032 0.8400036 1.2572706 1.4765950 1.6656308 1.5866242 1.3815728 1.3832309 1.3953365 1.4256047 1.2296965 1.3115654 1.3642185 1.3615960 1.2102716 1.3001544 1.1032457 1.4886678 1.2234455 1.1465896 1.3398418 1.3206641 2.5599812 2.6911817 2.5056535 1.7795691 2.7344711 
Rhoesc_Res_010007-T1                                1.2323696 1.2502891 1.5484253 1.4296651 1.2327291 1.3544763 1.1964167 1.0336350 0.9185930 0.8288055 0.8546654 0.8543646 0.6820275 0.8308545 1.0182680 0.8870382 1.0669992 0.4215203 1.1791999 0.9727102 0.7367921 1.3446389 0.8072554 1.1924784 1.2736321 1.3176206 1.0314885 0.4164881 0.1182053 0.0000000 0.7100562 1.1610839 1.2055186 0.8668048 1.2428453 1.4325671 1.6118041 1.6238551 1.3892164 1.4074657 1.4039919 1.4344979 1.1801231 1.2603790 1.4230912 1.3879592 1.2272865 1.3283211 1.0645026 1.4246315 1.2084067 1.1098416 1.3110344 1.2471145 2.5685227 2.7030123 2.5437685 1.8256362 2.8123852 
Morvir_scaffold232.g34.t1                           0.8169906 0.8830084 1.4974506 1.3717592 1.0451459 1.0759155 1.0305315 0.9057996 0.9786536 0.8459336 0.8513212 0.8489304 0.8867302 0.8704577 1.0153606 0.8529734 0.8437485 0.4539029 1.0283393 1.0324548 0.8780461 0.9812226 0.7123704 0.9017726 1.1042907 0.9459898 0.9179100 0.7638101 0.7026996 0.7100562 0.0000000 1.1898607 1.1080236 0.7750966 1.0657177 1.2217592 1.3735040 1.2985074 1.0306100 1.0513089 1.0910123 1.0789189 0.9452266 0.9471228 1.2555588 1.1052345 1.0838854 1.2390492 1.0371904 1.2434389 1.2454335 1.3003699 1.1039569 0.8728675 2.3378804 2.4139370 2.0518720 1.0825907 2.8438456 
Emue_Em0024g242a.t1                                 0.6308623 0.7373988 1.6847392 1.7565921 1.1092869 1.2583735 1.5429765 1.1952268 1.3996567 1.1214482 1.0697636 1.1014483 1.0529769 1.0585067 1.2713365 1.0741522 1.1997232 0.5805330 1.2482121 1.2755523 1.1540443 1.1357132 0.7651589 1.0217615 1.3131615 1.1371645 1.3963877 1.1107403 1.1400790 1.1610839 1.1898607 0.0000000 0.4032080 0.1922025 0.8997273 1.0661881 1.1749221 1.0368940 1.4448257 1.5001840 1.5103012 1.4813086 1.2809331 1.2514429 1.4694140 1.5087447 1.4481952 1.3178039 1.6229639 1.5234496 1.5742032 1.0287589 1.0560259 0.2911258 2.1426378 2.2728574 2.3799149 1.1233422 3.4536065 
Spolac_c100040_g1_i3_m.21336c100040-g1              1.2108706 1.2527563 1.7266984 1.6801979 1.5427470 1.6336090 1.4186415 1.1665014 1.1774165 1.0761901 1.0744733 1.0754762 1.0020848 1.1692689 1.2050685 1.0743073 1.2973605 0.6915625 1.2920001 1.4629953 1.0481262 1.4109995 1.0136426 1.1459747 1.3172945 1.2751469 1.3297609 1.2682375 1.2023032 1.2055186 1.1080236 0.4032080 0.0000000 0.0988336 0.8964089 1.1238744 1.1239056 0.9559555 1.5485760 1.5088130 1.5262621 1.5212983 1.2760070 1.3884936 1.7239197 1.6415032 1.6364742 1.5551200 1.3790564 1.5975633 1.5047752 0.9900159 1.1491069 0.5941026 2.5375192 2.6572082 2.6300157 1.4343783 2.6486253 
Spolac_c100040_g1_i4_m.21337c100040-g1              1.1262616 1.1724279 1.0323833 1.2556632 1.3310732 1.3310732 0.8676773 0.7783440 0.8643678 0.7605007 0.7569144 0.7668586 0.6893733 0.7963323 0.8085343 0.7954154 0.8463402 0.7566144 0.6845831 0.8536623 0.6807077 0.9208931 0.8133773 0.6566971 0.9372226 0.9126544 0.8270465 0.9592692 0.8400036 0.8668048 0.7750966 0.1922025 0.0988336 0.0000000 0.6065861 0.7817748 0.7824844 0.6676556 0.9440096 0.9657041 0.9745616 0.9712073 0.8672656 0.8710979 1.2855295 1.1436884 1.1823489 1.1668727 1.5079565 1.1032361 1.0337693 0.7000072 0.9028100 0.4999976 2.1527754 2.1759995 2.0192947 1.0622670 1.9530205 
Tetwil_g19231.t1                                    1.0441261 1.0101015 1.2363820 1.5316578 1.1622066 1.2957402 1.3906478 1.0640160 1.0478504 0.9350753 0.9304521 0.9330984 0.7584836 0.9978492 1.0865336 0.9386064 1.1057065 0.4715718 0.9372889 1.2841625 0.8742149 1.1899577 0.8399480 1.1189495 1.1077969 1.2622068 1.0395538 1.2023994 1.2572706 1.2428453 1.0657177 0.8997273 0.8964089 0.6065861 0.0000000 0.9633926 1.0277972 0.9054084 1.4938654 1.5007559 1.5258143 1.5290648 1.3038473 1.5816106 1.9120425 1.7387774 1.7578308 1.5600222 1.2476920 1.6019468 1.3777873 1.1734694 1.1443191 0.4101554 2.2083935 2.2933389 2.6585143 1.6615449 3.2029154 
Aque_Aqu2.1.14503_001                               1.4722243 1.4367822 1.5085274 1.7101420 1.2909031 1.3550453 1.7811007 1.2955942 1.2940040 1.1683644 1.1648074 1.1734463 0.9503060 1.1732921 1.2749393 1.1308486 1.2327798 0.4881448 1.3572939 1.5467148 1.0478036 1.3602347 0.9879218 1.3389221 1.3291201 1.2923594 1.2064071 1.5921917 1.4765950 1.4325671 1.2217592 1.0661881 1.1238744 0.7817748 0.9633926 0.0000000 0.5536217 0.5291068 1.3692730 1.2074294 1.3828903 1.3797234 1.2144904 1.3263940 1.8399261 1.8202128 1.8373181 1.7663405 1.0943882 1.8064407 1.5130890 1.1432169 1.3857885 0.8026234 2.6170995 2.6798308 2.5339091 1.7619077 3.1035788 
Xestes_maker-XT_scaffold3238-snap-gene-0.39-mRNA-1  1.6681310 1.5867686 1.5931393 1.5959496 1.4545408 1.5633660 1.9597108 1.4222480 1.4275751 1.3241466 1.3846858 1.3596019 1.1046508 1.3136322 1.4650937 1.4153101 1.5556457 0.7143990 1.5598303 1.6501604 1.2329104 1.6546190 1.2570489 1.3200708 1.6148140 1.3964823 1.3207429 1.9049530 1.6656308 1.6118041 1.3735040 1.1749221 1.1239056 0.7824844 1.0277972 0.5536217 0.0000000 0.4954362 1.5910910 1.5238486 1.5127028 1.5088322 1.2425556 1.4997266 2.1273363 2.2042470 2.0699306 1.9083793 1.2439557 1.8676343 1.7037956 1.2225196 1.6183429 0.8149824 2.3989031 2.6054932 2.7022691 1.7370020 3.2425180 
Halamb_c44365_g1_i2m.17386                          1.5747985 1.4403994 1.5221653 1.7171543 1.2675546 1.3346782 1.7178921 1.1640249 1.1977801 1.1018122 1.1069199 1.0923189 0.9372661 1.1304085 1.2196206 1.1341326 1.3786897 0.6648785 1.4341536 1.5576445 1.1210999 1.5402574 1.1294375 1.2163196 1.3861587 1.2271600 1.3079514 1.7234385 1.5866242 1.6238551 1.2985074 1.0368940 0.9559555 0.6676556 0.9054084 0.5291068 0.4954362 0.0000000 1.6104690 1.5296931 1.5953996 1.5912427 1.2759612 1.4721480 1.9592940 1.9815278 1.8752160 1.8174470 1.2471601 1.9227808 1.7028340 1.1831753 1.3547963 0.7422912 2.5472889 2.6580671 2.5568873 1.3416444 3.1122984 
HoiH23_PlH23_004520-RA                              1.4078856 1.3277655 1.3289445 1.6303087 1.2905033 1.3924635 1.5849565 1.2817071 1.2481979 1.1300330 1.1343618 1.1278107 0.9233119 1.1589933 1.1391403 1.2071996 1.2071503 0.6413117 1.0876093 1.2049784 1.0287313 1.3882192 0.8834758 1.2053055 1.3195624 1.3411021 0.9996451 1.5522167 1.3815728 1.3892164 1.0306100 1.4448257 1.5485760 0.9440096 1.4938654 1.3692730 1.5910910 1.6104690 0.0000000 0.0936651 0.1201953 0.1264751 0.4940081 0.4538581 1.7239283 1.6108062 1.5911876 1.7338829 1.1884663 1.5371350 1.2991901 1.5281679 1.6007413 1.0622222 2.4401317 2.4657700 2.1935425 0.5792679 3.2142803 
HoiH06_mRNA10539                                    1.4375364 1.3556021 1.4385912 1.7308692 1.2794981 1.2794981 1.6741356 1.3583222 1.2201182 1.1181560 1.1186754 1.1154515 0.9160370 1.1908554 1.1160155 1.1816015 1.2521978 0.6597569 1.0738967 1.1869741 1.0966404 1.4056266 0.9157476 1.1561092 1.3571647 1.2862581 0.9957808 1.4691331 1.3832309 1.4074657 1.0513089 1.5001840 1.5088130 0.9657041 1.5007559 1.2074294 1.5238486 1.5296931 0.0936651 0.0000000 0.1227621 0.1295145 0.4938054 0.4559375 1.8109203 1.5091542 1.5533769 1.7181287 1.1615598 1.5885968 1.3308409 1.5905039 1.5137088 1.0600599 2.5531205 2.5938065 2.3371179 0.5947010 2.6585803 
Hhon_g09140.t1                                      1.4913454 1.3899388 1.2788691 1.5508737 1.3877966 1.4949683 1.6434183 1.3739791 1.2180969 1.1086826 1.1333607 1.1214273 0.9327372 1.1955071 1.1742813 1.2363920 1.2765852 0.6898493 1.0981523 1.2088205 1.1270791 1.4647752 0.9161416 1.2182454 1.3454963 1.2945933 0.9942984 1.4973080 1.3953365 1.4039919 1.0910123 1.5103012 1.5262621 0.9745616 1.5258143 1.3828903 1.5127028 1.5953996 0.1201953 0.1227621 0.0000000 0.0042714 0.5112608 0.4579191 1.7300570 1.6560083 1.5958156 1.7406159 1.1187415 1.5563338 1.3821172 1.5235152 1.5566861 1.0856862 2.3846093 2.4329644 2.2232652 0.5758965 2.9195121 
HoiH04_mRNA3791                                     1.4913454 1.3899388 1.2759119 1.5375096 1.3722208 1.4791025 1.6960325 1.4035903 1.2482796 1.1341039 1.1588623 1.1467335 0.9578343 1.2285979 1.1652136 1.2635870 1.3041912 0.6898493 1.1224761 1.2350924 1.1675168 1.4960063 0.9407279 1.2147843 1.3486692 1.3215832 1.0196372 1.5291951 1.4256047 1.4344979 1.0789189 1.4813086 1.5212983 0.9712073 1.5290648 1.3797234 1.5088322 1.5912427 0.1264751 0.1295145 0.0042714 0.0000000 0.4952436 0.4452268 1.7675688 1.6918409 1.6307450 1.7781095 1.1187415 1.5925241 1.4163437 1.5573119 1.5526870 1.0856862 2.3785656 2.4268942 2.2729239 0.5758965 2.9400284 
TrH2_TrispH2_009653-RA                              0.9465189 0.9963858 1.4492729 1.4191201 1.1491025 1.2610823 1.3691867 1.1741848 1.1140332 0.9892511 0.9981730 0.9918039 0.9213544 1.1174086 0.9552481 1.0073100 1.0609407 0.5513953 1.0673883 1.0707574 0.9624242 1.1688104 0.7537914 1.0167311 1.1605630 1.2706355 0.9400984 1.2242829 1.2296965 1.1801231 0.9452266 1.2809331 1.2760070 0.8672656 1.3038473 1.2144904 1.2425556 1.2759612 0.4940081 0.4938054 0.5112608 0.4952436 0.0000000 0.0280175 1.5034904 1.3065744 1.2895915 1.3868307 1.1719646 1.2961049 1.2199375 1.2807187 1.3089754 0.7709119 2.5378921 2.6372983 2.4607731 0.0955462 2.4873732 
Tadh_TriadT60632                                    1.3927859 1.3063980 1.3252682 1.5111038 1.2620385 1.3629352 1.4461216 1.3796953 1.1866267 1.0584058 1.0652977 1.0499213 0.9190573 1.1648071 1.0375151 1.0597217 1.1510187 0.5513953 1.1899941 1.2101408 0.9857944 1.3014524 0.8434463 1.1586711 1.2320108 1.3181173 0.9405004 1.2859423 1.3115654 1.2603790 0.9471228 1.2514429 1.3884936 0.8710979 1.5816106 1.3263940 1.4997266 1.4721480 0.4538581 0.4559375 0.4579191 0.4452268 0.0280175 0.0000000 1.6675732 1.5232535 1.4219965 1.5534329 1.1719646 1.4164112 1.2439641 1.5146900 1.3348309 1.1600332 2.7747425 2.8853061 2.5566272 0.3241533 2.4773250 
Gasp_gasp1.m3.11063.m1                              1.6016620 1.4991598 1.9634596 1.6798598 1.5070222 1.6102878 1.1928066 1.3895759 1.0584351 0.8975790 0.9675861 0.9508033 0.7581982 0.9497016 1.1407088 1.0189031 1.3048632 0.5361836 1.4346669 1.4556435 0.8679127 1.6727566 1.0933018 1.4488543 1.2968225 1.4448832 1.3923922 1.5339716 1.3642185 1.4230912 1.2555588 1.4694140 1.7239197 1.2855295 1.9120425 1.8399261 2.1273363 1.9592940 1.7239283 1.8109203 1.7300570 1.7675688 1.5034904 1.6675732 0.0000000 0.4657416 0.3494439 0.5725084 0.8262653 0.6740270 0.6888288 1.7683435 1.8189183 1.7752182 2.7012310 2.7643125 2.9084407 2.3109795 3.2212225 
Spis_XP_022796930_1                                 1.5504854 1.4619511 2.1560755 1.8922189 1.4696554 1.5503669 1.3806862 1.3924422 1.1385482 0.9757275 1.0932528 1.0636775 0.8436522 1.0749656 1.3243499 1.1841188 1.3707437 0.4599669 1.4522867 1.5015075 1.1683150 1.7239632 0.9580443 1.4686384 1.5029678 1.2959560 1.3608839 1.6070775 1.3615960 1.3879592 1.1052345 1.5087447 1.6415032 1.1436884 1.7387774 1.8202128 2.2042470 1.9815278 1.6108062 1.5091542 1.6560083 1.6918409 1.3065744 1.5232535 0.4657416 0.0000000 0.1613368 0.6257450 0.7366994 0.7363198 0.7649594 1.8071813 1.7955094 1.7644634 2.8690098 2.9346542 2.9542265 2.2133743 3.3796018 
Pocdam_XM_027195755.1                               1.6990814 1.5551851 2.0534669 1.7764954 1.6172539 1.7029946 1.1099800 1.2910354 0.9726396 0.8566565 0.9528572 0.9366337 0.7467682 0.9399311 1.1173048 0.9986029 1.2680344 0.5046608 1.3384275 1.3820183 0.9205096 1.5863847 0.9533115 1.3962830 1.3173662 1.2066090 1.3003272 1.4465136 1.2102716 1.2272865 1.0838854 1.4481952 1.6364742 1.1823489 1.7578308 1.8373181 2.0699306 1.8752160 1.5911876 1.5533769 1.5958156 1.6307450 1.2895915 1.4219965 0.3494439 0.1613368 0.0000000 0.4788388 0.8102753 0.6217504 0.6532952 1.7344929 1.5653253 1.6788178 2.6320285 2.6915198 2.6091718 2.1476744 3.0561202 
Gfas_gfas1.m1.3729.m1                               1.4457201 1.3407966 1.8563111 1.6475324 1.5577944 1.6212812 1.3107666 1.3596100 1.0431466 0.9235314 0.9818948 0.9657300 0.8310408 1.0541596 1.1984831 1.0577459 1.2654643 0.4615070 1.3057342 1.5363970 0.8933736 1.4849651 1.0169186 1.5147804 1.3797681 1.2410093 1.2934737 1.4647155 1.3001544 1.3283211 1.2390492 1.3178039 1.5551200 1.1668727 1.5600222 1.7663405 1.9083793 1.8174470 1.7338829 1.7181287 1.7406159 1.7781095 1.3868307 1.5534329 0.5725084 0.6257450 0.4788388 0.0000000 0.8609246 0.4304032 0.4824912 1.5940445 1.6036271 1.4663667 2.1575777 2.1713982 2.5289480 1.8751724 3.0378800 
Fspp_ffun1.m4.26301.m1                              1.1497602 1.2471277 1.3617010 1.4814744 1.6226032 1.6226032 6.2678158 1.0294505 1.0050627 0.9709208 0.9709208 0.9709208 1.0050627 1.3693243 1.0059226 1.0417203 0.9405017 0.7921164 1.0631036 1.2258489 1.2904220 1.0804821 1.0824806 1.1272697 1.4230958 1.0857015 1.0095711 1.1625643 1.1032457 1.0645026 1.0371904 1.6229639 1.3790564 1.5079565 1.2476920 1.0943882 1.2439557 1.2471601 1.1884663 1.1615598 1.1187415 1.1187415 1.1719646 1.1719646 0.8262653 0.7366994 0.8102753 0.8609246 0.0000000 0.7682156 0.8016876 1.8430304 1.1110733 0.7093844 1.8784272 1.8449649 1.8444778 1.1383406 2.4408250 
Amil_Amillepora20108-RA                             1.4738792 1.3720617 1.8615687 1.5784903 1.6181064 1.6808254 1.4592890 1.4916100 1.1906722 1.0509037 1.0761663 1.0556116 0.9078247 1.1833449 1.3056910 1.1819672 1.4313264 0.4316905 1.2806519 1.6537247 1.1302876 1.6097993 1.0385258 1.6184852 1.4264090 1.5026518 1.4603085 1.4664116 1.4886678 1.4246315 1.2434389 1.5234496 1.5975633 1.1032361 1.6019468 1.8064407 1.8676343 1.9227808 1.5371350 1.5885968 1.5563338 1.5925241 1.2961049 1.4164112 0.6740270 0.7363198 0.6217504 0.4304032 0.7682156 0.0000000 0.0322028 1.7835617 1.7235509 1.6421398 2.1865451 2.1937590 2.5714428 2.0013265 3.0025544 
Adig_XM_015922153.1                                 1.1132074 1.1201153 1.9999052 1.7023750 1.4332885 1.5159981 1.1603565 1.2797421 1.0383404 0.9369519 0.9597029 0.9505981 0.9249598 1.0334151 1.1927836 1.0428882 1.3513358 0.5336793 1.1400593 1.4590106 1.1372830 1.3299391 0.8324193 1.4559479 1.2996396 1.3531663 1.4181083 1.3212006 1.2234455 1.2084067 1.2454335 1.5742032 1.5047752 1.0337693 1.3777873 1.5130890 1.7037956 1.7028340 1.2991901 1.3308409 1.3821172 1.4163437 1.2199375 1.2439641 0.6888288 0.7649594 0.6532952 0.4824912 0.8016876 0.0322028 0.0000000 1.5421103 1.6018507 1.2063835 1.9657901 1.9725134 2.3708686 1.3770317 3.5127703 
Plespi_Pspi_scaffold8176_01                         1.3070507 1.2316381 1.7901612 1.5853696 1.3552326 1.4631645 1.6813799 1.2680876 1.3829006 1.2139521 1.2017916 1.2071336 1.0489372 1.2030031 1.3297874 1.3201024 1.3176068 0.6988727 1.3648855 1.4100585 1.1925400 1.3936704 1.0904081 1.2465494 1.4683559 1.3152752 1.3230130 1.3924670 1.1465896 1.1098416 1.3003699 1.0287589 0.9900159 0.7000072 1.1734694 1.1432169 1.2225196 1.1831753 1.5281679 1.5905039 1.5235152 1.5573119 1.2807187 1.5146900 1.7683435 1.8071813 1.7344929 1.5940445 1.8430304 1.7835617 1.5421103 0.0000000 1.4991793 0.8929053 2.5898915 2.6426603 2.4121127 1.6071929 3.0899950 
Opea_EP00118_Oscarella_pearsei_P008571              1.2530087 1.2268953 1.5926749 1.6527860 1.2572521 1.2706706 1.6055714 1.4382140 1.1914466 1.1099752 1.1003940 1.0942363 1.0796949 1.2043475 1.2257332 1.1408633 1.4761335 0.5578611 1.3215965 1.6071033 1.2228267 1.5243133 0.9800728 1.3140989 1.2287721 1.0973250 1.4995027 1.3603496 1.3398418 1.3110344 1.1039569 1.0560259 1.1491069 0.9028100 1.1443191 1.3857885 1.6183429 1.3547963 1.6007413 1.5137088 1.5566861 1.5526870 1.3089754 1.3348309 1.8189183 1.7955094 1.5653253 1.6036271 1.1110733 1.7235509 1.6018507 1.4991793 0.0000000 1.2957390 2.8898020 3.0387379 2.9296695 1.7355742 2.8902801 
Stycar_maker-SC_scaffold7185-snap-gene-0.209-mRNA-1 1.4651265 1.3337177 0.6952450 1.4804444 1.3398659 1.3398659 2.4570412 1.1221199 0.7667986 0.7827583 0.8091899 0.7882106 0.4467674 0.9370173 0.6702887 0.8372555 0.9307900 0.4253507 0.9905273 1.1580727 0.2186874 1.4248532 0.9237754 1.1917098 0.8618400 1.0186267 0.6117471 1.5529369 1.3206641 1.2471145 0.8728675 0.2911258 0.5941026 0.4999976 0.4101554 0.8026234 0.8149824 0.7422912 1.0622222 1.0600599 1.0856862 1.0856862 0.7709119 1.1600332 1.7752182 1.7644634 1.6788178 1.4663667 0.7093844 1.6421398 1.2063835 0.8929053 1.2957390 0.0000000 1.8994741 1.9048447 2.6074670 1.4221388 0.9428298 
Acagra_model.g5958.t1                               3.0849720 2.8358729 3.1250970 2.9963595 2.7749091 2.7704382 2.5639707 2.0604523 2.3140472 2.1890052 2.1658880 2.1847651 2.0241449 2.0061855 2.2314429 2.1138922 2.5065077 1.6127224 1.8693386 2.3980472 1.9437662 2.4298066 2.0153899 2.5199913 2.3950035 2.1991215 2.4019967 2.9395063 2.5599812 2.5685227 2.3378804 2.1426378 2.5375192 2.1527754 2.2083935 2.6170995 2.3989031 2.5472889 2.4401317 2.5531205 2.3846093 2.3785656 2.5378921 2.7747425 2.7012310 2.8690098 2.6320285 2.1575777 1.8784272 2.1865451 1.9657901 2.5898915 2.8898020 1.8994741 0.0000000 0.0363782 0.9923522 2.7216953 4.5190027 
Acagra_model.g5961.t1                               3.1588619 2.9013979 3.3342913 3.0756651 2.8160748 2.8093299 2.8465133 2.2044440 2.4987904 2.3462124 2.3210770 2.3413344 2.1830674 2.1807916 2.3894762 2.2634214 2.6248039 1.6363081 1.9657872 2.5546185 2.1470327 2.5135751 2.1520335 2.6958845 2.5758484 2.3727009 2.4054118 3.1485291 2.6911817 2.7030123 2.4139370 2.2728574 2.6572082 2.1759995 2.2933389 2.6798308 2.6054932 2.6580671 2.4657700 2.5938065 2.4329644 2.4268942 2.6372983 2.8853061 2.7643125 2.9346542 2.6915198 2.1713982 1.8449649 2.1937590 1.9725134 2.6426603 3.0387379 1.9048447 0.0363782 0.0000000 0.9619132 2.7497032 4.4957281 
Acagra_model.g5955.t1                               3.3655144 3.1367872 3.1639681 3.2208684 2.8843843 2.8297798 2.6447131 2.3575135 2.4707182 2.2685954 2.3534375 2.3178200 1.9933695 2.1245319 2.5109055 2.2666771 2.5154449 1.7057656 2.1933150 2.7767219 1.9460475 2.6752438 2.2692589 2.6483920 2.5089132 2.4028259 2.5030556 2.6948249 2.5056535 2.5437685 2.0518720 2.3799149 2.6300157 2.0192947 2.6585143 2.5339091 2.7022691 2.5568873 2.1935425 2.3371179 2.2232652 2.2729239 2.4607731 2.5566272 2.9084407 2.9542265 2.6091718 2.5289480 1.8444778 2.5714428 2.3708686 2.4121127 2.9296695 2.6074670 0.9923522 0.9619132 0.0000000 3.3478232 4.3487187 
TrH2_TrispH2_011969-RA                              2.6659443 2.4195604 1.0343732 1.9064956 1.6734671 1.6734671 4.0266725 1.5423139 1.2936164 1.2358097 1.3484696 1.3148429 0.6835213 2.1405465 0.9765582 1.2968551 1.3634463 0.6234791 1.4639414 1.8690112 0.5247785 1.8720273 1.2361826 1.2564525 1.5124178 1.7025334 0.8752913 1.8401182 1.7795691 1.8256362 1.0825907 1.1233422 1.4343783 1.0622670 1.6615449 1.7619077 1.7370020 1.3416444 0.5792679 0.5947010 0.5758965 0.5758965 0.0955462 0.3241533 2.3109795 2.2133743 2.1476744 1.8751724 1.1383406 2.0013265 1.3770317 1.6071929 1.7355742 1.4221388 2.7216953 2.7497032 3.3478232 0.0000000 2.7902354 
Lcom_lcpid132388                                    1.5356558 1.6610182 2.9682724 2.4868880 2.2870450 2.3215309 3.4956618 2.9389368 3.0761741 2.4606179 2.5300638 2.5176446 2.6518515 2.6394019 2.8524702 2.6333588 3.1757175 1.3421669 2.7422234 2.8961489 2.3734101 2.9106539 2.0474422 2.6733350 2.7492474 2.4471222 2.8733428 2.9128750 2.7344711 2.8123852 2.8438456 3.4536065 2.6486253 1.9530205 3.2029154 3.1035788 3.2425180 3.1122984 3.2142803 2.6585803 2.9195121 2.9400284 2.4873732 2.4773250 3.2212225 3.3796018 3.0561202 3.0378800 2.4408250 3.0025544 3.5127703 3.0899950 2.8902801 0.9428298 4.5190027 4.4957281 4.3487187 2.7902354 0.0000000 
