70
Morvir_scaffold116.g28.t1                               0.0000000 6.9888896 7.5504372 7.6097898 7.7022190 7.8802224 6.4198979 7.0650270 6.5070308 5.6497657 7.8289938 4.9984591 4.3583758 5.8053428 4.9867096 4.3356658 5.0059947 4.8621257 5.1151489 5.2145638 4.0952027 4.4203954 4.4818707 4.1208466 4.0727846 4.3875030 5.1266750 4.7095149 5.3501198 3.8095507 4.3003725 5.2009499 5.7017140 5.3900330 5.4944140 5.4269953 4.4405869 4.1684169 5.1910551 5.2352851 5.3719009 4.8679536 5.0707369 5.1092114 5.5270628 7.8097477 6.1324426 5.0380143 5.3032937 3.9504593 5.7961580 5.8323432 6.4455999 6.0541483 8.9999982 6.8425001 5.4888862 5.1979545 6.6006497 8.4734942 4.5032369 5.6932197 4.6558759 5.1025663 5.6189938 5.5768727 5.1606555 6.1697877 7.1557024 5.3035539 
Spolac_c80668_g1_i1_m.2688c80668-g1NA                   6.9888896 0.0000000 6.5245037 4.5746957 1.6094463 4.9247479 4.9763218 7.2495231 4.1583281 4.5072525 4.3612549 6.6785206 7.3260671 3.4679090 3.2833928 9.0000000 3.1617781 3.7630548 3.7058054 3.4566356 3.5298933 4.0647060 4.2661391 3.6080963 3.6296750 3.9185809 2.4875971 3.5213753 3.5022875 7.7582768 3.2035394 5.8093739 5.4919732 5.9972557 4.8160726 6.5947788 3.8560377 3.5987661 4.9621490 5.9545064 6.7960026 5.4379662 5.8082658 4.5896674 4.5606804 3.6172947 4.2229626 2.6455594 1.1136886 0.0749379 4.7682762 4.7682762 2.9554091 4.8251325 4.8251325 4.8251325 1.2851269 5.5051749 3.7704685 3.6280181 5.0873571 5.1941099 5.9418982 5.6786947 5.1860511 2.1953211 2.2786558 1.8626291 4.4259399 5.1494960 
Pbac_sb2663866                                          7.5504372 6.5245037 0.0000000 0.7620285 6.1962885 2.0929328 1.8095828 1.6515826 1.2213014 1.9975087 3.0167047 4.1199617 3.7579723 3.8517881 3.6636360 2.6206968 8.7585257 3.8062794 5.3685017 3.8079862 3.9995598 3.3786824 3.5219364 3.4011340 3.1850605 3.4047490 2.8052026 2.9958624 4.0407371 2.9465303 2.5577106 3.2131640 3.5675823 3.6490856 3.6576891 3.8615398 2.8138085 2.9780726 3.3074118 3.1325887 4.1200748 3.2429712 3.2639818 2.9550272 3.4447958 8.0870020 3.7863801 2.0590782 2.8409031 2.7449825 2.2210959 2.2645574 2.7666053 2.2952060 2.5407574 2.6777968 3.2615099 2.2295214 2.8547467 2.6905864 3.2741265 3.1608663 3.1533521 3.1992496 3.9897459 5.6010546 5.9886725 5.7723165 5.6098151 5.9959831 
Horcal_Hcv1.av93.c9.g131.i1                             7.6097898 4.5746957 0.7620285 0.0000000 0.0283772 0.9588540 0.9312616 0.8800689 0.7349565 1.0762256 1.0924976 3.4372942 3.1701823 2.7268655 2.6059386 1.9184715 3.9754198 2.7263441 3.1752281 3.4386540 3.2387835 3.0964931 3.0500239 2.9541106 3.1626069 2.9806975 1.9415743 2.3996783 3.9034331 2.1643325 2.5669707 2.8846114 3.2793891 3.3273366 3.1197688 3.0603768 2.0675096 2.3750200 3.0506386 3.1043516 3.5771131 2.9299452 2.4985850 2.3544176 2.9181408 5.7614541 2.9355693 2.1246164 2.5101648 2.0540346 2.3609520 2.2884480 3.1218603 2.4101061 2.6671724 2.6617977 3.0548019 2.3764404 2.5558241 2.3581873 3.2790281 2.7884786 2.9271859 3.1758081 2.9403244 3.2253108 2.9635093 3.0121367 2.9830217 3.6844380 
Pbac_sb2663868                                          7.7022190 1.6094463 6.1962885 0.0283772 0.0000000 0.2387107 0.2786566 0.2704041 0.4028183 0.4178620 0.3554424 1.4541120 1.6999487 1.5535339 1.6623714 1.7745620 1.4279234 1.5347560 1.5347560 1.5369682 1.4925549 1.5851518 1.5814732 1.3707690 1.4655708 1.4467524 1.6738084 1.4774952 1.6716215 1.4975176 0.0000010 2.1736371 1.9694383 2.0105222 1.9444468 1.7284268 1.7858167 2.1103670 1.8199968 2.1718458 2.3085330 1.7705228 2.4269941 2.3690516 2.0285313 2.4775086 2.0335917 0.0000010 1.5662979 1.4889891 0.0000010 0.0000010 2.2517969 0.0000010 0.0000010 0.0000010 2.0137255 0.0000010 1.8099448 2.1605897 2.2109210 1.8009538 2.0239080 2.0711901 1.8895624 2.0142518 1.9564391 1.9564391 1.8371398 1.8834479 
Mlei_ML1489.g39.i1                                      7.8802224 4.9247479 2.0929328 0.9588540 0.2387107 0.0000000 0.7918918 0.6969418 0.6809670 1.1666545 1.1128195 3.6886941 3.6660367 3.5846491 3.6624331 2.4395353 6.0445086 3.3934148 3.6790428 3.8528324 3.7267439 3.4901285 3.4766511 3.0728936 3.4826023 3.4501671 2.3171642 2.7377885 4.2074567 2.4749459 3.0639102 3.2946964 3.6948366 3.6748942 3.7835230 3.6342644 2.2398554 2.5457645 3.4173779 3.7585707 3.8572680 3.3219962 2.8102470 2.7627665 3.0559747 4.6890692 3.2845221 3.0123971 2.6503557 2.0188142 2.6618908 2.5025945 3.2060190 2.6383443 2.9992530 2.9221902 3.2886265 2.4652933 2.8946199 2.5635461 3.5741720 3.0924876 3.4491435 3.5291408 3.7373514 3.8361234 3.6328308 3.3937238 3.1992657 4.0329753 
Lampan_Lpan_16138_01                                    6.4198979 4.9763218 1.8095828 0.9312616 0.2786566 0.7918918 0.0000000 0.7729697 0.6683927 0.9242695 0.9567258 3.0700019 3.1909798 2.9483259 2.9595780 1.8807117 5.2982039 2.8576390 3.3627496 3.5171419 3.4471163 3.1309067 3.1831871 3.0085166 3.1786214 3.2267527 2.0957579 2.5682278 4.0604633 2.0268651 2.2533904 2.9809239 3.1719854 3.2213904 3.0948447 3.2497594 2.1105891 2.3558543 3.2229116 3.2587267 3.7166525 2.9861735 2.6424117 2.5621299 2.7687071 5.7822228 3.1428557 1.9834630 2.3926518 1.9871561 2.2960455 2.3088097 3.0029883 2.4879800 2.9564347 2.9424841 3.0719229 2.2687108 2.8541036 2.3508953 3.3278820 2.9140026 3.3199485 3.1669995 3.3663011 3.8191460 3.7647043 3.3977121 2.8945934 3.6830046 
Beraby_Baby_sb337770                                    7.0650270 7.2495231 1.6515826 0.8800689 0.2704041 0.6969418 0.7729697 0.0000000 0.5665187 1.0149885 1.1573179 3.4288573 3.5532597 3.3127944 3.5363050 2.0909727 6.9914268 3.0900465 3.6415985 3.9068604 3.8624618 3.4266460 3.5463086 3.1895421 3.3771441 3.3977425 2.1631770 2.5822363 4.3550921 2.0610831 2.3076347 2.9476975 3.4287160 3.4883064 3.3548733 3.5914024 1.9679668 2.0488453 3.4889508 3.4661025 4.0565454 3.0778223 2.8967830 2.4408585 2.8585361 6.2634372 3.2024484 2.1671859 2.6380244 1.9680411 2.4131486 2.4861855 3.3137030 2.4844516 2.8960655 2.8613911 3.2936798 2.2079137 2.8153194 2.4163413 3.5965879 3.0554029 3.4102278 3.3142691 3.3687527 4.0828185 3.9140640 3.4595656 3.3899608 4.0897507 
Drygla_Dgla_sb306696                                    6.5070308 4.1583281 1.2213014 0.7349565 0.4028183 0.6809670 0.6683927 0.5665187 0.0000000 0.8361479 0.9052079 2.5238856 2.3117899 2.4383870 2.6180911 2.1237573 3.8985847 2.3688778 2.8102743 3.0122661 2.6730911 2.5599245 2.5486236 2.4844005 2.6068578 2.5561587 2.1276401 2.2098471 3.4512428 2.2588938 2.3740325 2.6679836 2.6650376 2.7442339 2.5071088 2.7507568 2.1024902 2.3750297 2.4821519 2.5953323 3.1081422 2.4107771 2.3645664 2.5059966 2.3844664 4.2887209 2.5500452 2.3805344 2.4112794 2.2354683 2.4152835 2.5219217 2.7330312 2.3712286 2.7670361 2.7683145 2.5846583 2.3441371 2.3351831 2.2107762 2.9128575 2.6363726 2.6401893 2.8387655 2.8033862 3.6675943 3.5761942 3.7823622 2.2149735 2.8175019 
Vmul_Simscaffold8322_01                                 5.6497657 4.5072525 1.9975087 1.0762256 0.4178620 1.1666545 0.9242695 1.0149885 0.8361479 0.0000000 0.6305935 3.0897794 3.2938075 3.1112444 3.2138414 2.1563689 5.5078200 3.1714521 3.8820748 3.6006879 3.4623207 3.1229528 3.1326303 3.1141249 3.1765082 3.1311049 2.1477030 2.3453953 3.3705497 2.0679118 1.9530430 2.9057424 3.1956928 3.3675578 3.2011903 3.2914922 2.0497642 2.0701059 3.1625089 3.0549808 3.6828297 3.0319749 2.7249545 2.4343943 2.8817308 5.3092221 3.2438430 2.2402835 2.4298774 1.9796491 2.2911139 2.2336223 3.1125850 2.3298524 2.5878718 2.6366129 2.8226316 2.0253924 2.9654216 2.6804574 3.2103093 2.8347014 3.0762157 3.2809113 3.3146255 3.7461296 3.5688478 3.4452527 3.1894667 3.9910049 
Coemet_Cmet_C600195_01                                  7.8289938 4.3612549 3.0167047 1.0924976 0.3554424 1.1128195 0.9567258 1.1573179 0.9052079 0.6305935 0.0000000 3.3191120 3.3220605 3.3358423 3.5529249 2.0273602 5.0071504 3.4206854 3.4068564 3.4264062 3.3793866 3.4947644 3.3086913 3.4792101 3.7873409 3.4580685 2.1113949 2.7921495 3.9820022 2.0842881 1.6861890 3.5736717 3.8799390 4.0034306 3.9340806 3.6658186 2.3039768 2.1267442 3.9758463 3.7526839 4.3049159 3.7033524 3.1711387 2.3531942 3.4597822 5.7191864 3.9715996 3.0649839 2.6186610 1.8309865 2.2415933 2.2415933 3.4152628 3.5820296 3.7513931 3.6921581 2.5402021 1.5169781 3.0269361 2.6979741 4.0270855 3.1036869 4.0217800 3.9722189 3.8398172 3.4972377 3.4268710 3.0119852 2.8099849 3.6032348 
Xesp_007993-T1                                          4.9984591 6.6785206 4.1199617 3.4372942 1.4541120 3.6886941 3.0700019 3.4288573 2.5238856 3.0897794 3.3191120 0.0000000 0.7840010 2.6373751 2.6588351 1.6483596 5.3190308 2.7007063 3.2761392 2.5139398 2.3717958 2.0516463 2.0619712 2.2089916 2.0573639 2.0381536 1.3397201 1.4498532 2.2440818 1.4229748 1.7434325 2.1246455 2.3612804 2.4777816 2.2910680 2.2465489 1.3703765 1.5941977 2.5611964 2.6873182 2.7353063 2.7652720 2.5591717 2.2832149 2.2146269 6.6222003 3.3830618 2.5753333 2.4716564 1.9725010 2.4080029 2.5969004 2.8828284 2.6302362 3.1229323 3.3783463 2.5206043 2.5881079 2.4524676 2.5393507 3.3482011 2.5019984 3.0996611 3.1354429 3.0200625 3.2721464 3.0431590 2.9720299 2.7410620 2.7520149 
Dgig_XM_028555115.1                                     4.3583758 7.3260671 3.7579723 3.1701823 1.6999487 3.6660367 3.1909798 3.5532597 2.3117899 3.2938075 3.3220605 0.7840010 0.0000000 2.2807779 2.2100183 1.4161532 4.1952726 2.2811095 2.7116921 2.2308038 2.0288408 1.7669169 1.7943800 1.9046177 1.7794055 1.7904982 1.2556503 1.3503159 2.2777520 1.2693957 1.5317082 1.8703700 2.3029026 2.2921297 2.2060055 2.4078628 1.3116245 1.4974053 2.3533816 2.8952607 2.7585281 2.5995429 2.5541670 2.2267656 2.0972675 6.7208352 3.2162951 2.4383704 2.4312331 1.8922570 2.2189572 2.3574084 2.7653967 2.6213189 3.1278557 3.1788713 2.5524326 2.1766466 2.5209010 2.5505232 3.0025935 2.5719891 2.8523049 3.0754854 2.8944625 3.5472366 3.4584503 3.1413563 2.9123295 2.6153644 
HoiH23_PlH23_007174-RA                                  5.8053428 3.4679090 3.8517881 2.7268655 1.5535339 3.5846491 2.9483259 3.3127944 2.4383870 3.1112444 3.3358423 2.6373751 2.2807779 0.0000000 0.3426511 0.2187741 0.5374506 0.2446914 0.3022058 2.5922653 2.3793275 2.1767773 2.2566459 2.2466947 2.1951890 2.3835997 1.6423803 1.8307635 2.8796004 1.6637990 1.7502224 2.4938441 2.6619072 2.6457907 2.4470045 2.6299597 1.5592679 1.8399346 2.4304462 2.9498471 2.7173904 2.3935060 2.7616218 2.3833846 2.0991105 5.2947874 2.7642647 2.1194593 2.3207218 2.0678074 2.0470140 2.0382419 2.5233637 2.6411507 3.0955809 3.0472528 2.5649960 1.9602672 2.4950802 2.3346710 2.7265583 2.4337001 2.6555380 2.7652494 2.4184291 2.6290883 2.5385453 2.4961514 2.9972379 3.0745064 
TrH2_TrispH2_007899-RA                                  4.9867096 3.2833928 3.6636360 2.6059386 1.6623714 3.6624331 2.9595780 3.5363050 2.6180911 3.2138414 3.5529249 2.6588351 2.2100183 0.3426511 0.0000000 0.0033999 0.0348931 0.4362232 0.5242734 2.5542499 2.3708131 2.2375175 2.3114973 2.2945443 2.2382210 2.3638858 1.7181988 1.9339120 3.1681398 1.6976949 1.7838631 2.6298839 2.7907644 2.8340579 2.6509240 2.6124457 1.6829405 1.9735499 2.4455995 2.9601015 2.8465738 2.4474225 2.7150255 2.5102999 2.0671995 5.4042915 2.8869717 2.2798289 2.3645670 2.1372557 2.0507714 2.0994485 2.6031799 2.7292882 3.1643362 3.3145471 2.4639960 2.1231930 2.4406231 2.3622213 2.6253241 2.4675181 2.6350414 2.6547365 2.5659290 2.6744478 2.6505314 2.6219215 2.9869392 2.9882325 
Tadh_TriadT53207                                        4.3356658 9.0000000 2.6206968 1.9184715 1.7745620 2.4395353 1.8807117 2.0909727 2.1237573 2.1563689 2.0273602 1.6483596 1.4161532 0.2187741 0.0033999 0.0000000 0.8793702 0.2845576 0.3750494 1.7170461 1.2368386 1.3746171 1.3908507 1.4170219 1.4496983 1.5297108 1.6416470 1.3044774 1.8333049 1.7126730 1.8418892 1.6103826 1.5698454 1.5791975 1.7258526 1.6290277 1.5123301 1.8690751 1.5406396 1.8550578 1.6104551 1.6836923 1.9950996 2.5268264 1.3862758 2.1828117 1.7958572 2.3555344 1.8756239 2.0282423 2.0881434 2.0994485 1.8287466 2.7743109 3.2184939 3.3145471 1.9667163 2.1514999 2.0077608 2.0929715 1.5796571 1.6729063 1.7704414 1.7101293 1.6671354 1.4414719 1.3782535 1.8519982 1.2865566 1.0438380 
Tadh_TriadT53206                                        5.0059947 3.1617781 8.7585257 3.9754198 1.4279234 6.0445086 5.2982039 6.9914268 3.8985847 5.5078200 5.0071504 5.3190308 4.1952726 0.5374506 0.0348931 0.8793702 0.0000000 0.6829766 0.6868072 4.0524356 3.7501755 4.0964776 4.3479725 3.7753256 3.8658966 4.1797586 2.0530397 4.2557815 5.0790597 1.8388931 0.8265291 7.8657023 7.1272263 7.1845624 5.1213316 5.7083464 2.4234058 2.2187589 4.8674914 5.9153153 6.4317787 4.4798884 4.7882479 1.9740717 4.0692605 5.7559722 5.4182587 1.7031464 3.6809293 2.1143171 4.7959355 4.7959355 4.4677006 3.5337780 3.5337780 3.5337780 3.4348995 0.7420327 4.0310801 3.3448297 5.2834578 5.5718681 4.7155650 4.9908299 4.6125312 3.8369189 4.0379100 3.9838353 5.1903870 4.7475382 
Hhon_g08773.t1                                          4.8621257 3.7630548 3.8062794 2.7263441 1.5347560 3.3934148 2.8576390 3.0900465 2.3688778 3.1714521 3.4206854 2.7007063 2.2811095 0.2446914 0.4362232 0.2845576 0.6829766 0.0000000 0.0432107 2.5983051 2.2688060 2.1490292 2.2288659 2.2495869 2.1997010 2.3720894 1.6099024 1.8880458 3.0506460 1.5814411 1.6377532 2.3080920 2.5543055 2.6337315 2.3270722 2.5111227 1.6335526 1.8074585 2.4175899 2.8422041 2.6207930 2.4672390 2.6430066 2.4628638 2.0346520 5.5599288 2.8650904 2.1361083 2.3169668 2.0224756 2.0399810 2.0648295 2.5179900 3.0190396 3.5524653 3.4573001 2.4401319 1.9891593 2.4322114 2.4186433 2.6878022 2.4636667 2.6190945 2.8313888 2.4190005 2.6737271 2.5308919 2.4237820 2.8816594 2.9863166 
HoiH04_mRNA15943                                        5.1151489 3.7058054 5.3685017 3.1752281 1.5347560 3.6790428 3.3627496 3.6415985 2.8102743 3.8820748 3.4068564 3.2761392 2.7116921 0.3022058 0.5242734 0.3750494 0.6868072 0.0432107 0.0000000 2.5348431 2.2511347 2.3755036 2.4882856 2.4084991 2.4283916 2.6342057 1.5251837 2.1310662 3.1822802 1.6139079 2.3197656 2.9483062 3.2736587 3.3618605 2.7677466 2.9213810 1.9031633 1.9278072 2.8092272 3.1913123 3.1163889 2.7581138 3.1141438 2.6832314 2.4482771 5.9425438 3.4302842 3.9806368 2.7400069 2.0747455 3.5586767 3.2805577 2.7859343 4.5446418 4.6494288 4.4886358 2.5604060 2.1599797 2.6720028 2.5519946 3.2686655 2.9115460 2.9781709 3.3633750 2.7914018 2.7121701 2.5687109 2.2623073 2.9248040 3.0498345 
Fspp_ffun1.m4.10035.m1                                  5.2145638 3.4566356 3.8079862 3.4386540 1.5369682 3.8528324 3.5171419 3.9068604 3.0122661 3.6006879 3.4264062 2.5139398 2.2308038 2.5922653 2.5542499 1.7170461 4.0524356 2.5983051 2.5348431 0.0000000 0.2263306 0.4382492 0.4630719 0.5281856 0.6697384 0.5315635 0.6767452 1.2813386 1.6693167 1.4047590 2.5078110 2.1678626 2.3856690 2.3155181 2.2911136 2.5778681 1.6487746 1.9000772 2.5996785 3.3228945 2.9897374 2.1910498 2.6671866 2.4526872 2.2024279 4.3502089 3.0136246 2.9825308 2.6400466 1.9583749 2.5348643 2.4789874 3.1142457 2.7788562 2.8599139 2.8984463 2.6477095 2.5756675 2.7798546 2.6651882 3.3018692 2.5421053 2.9302885 3.3870886 3.2856045 2.7645131 2.6614460 2.6107202 2.5064648 2.4218992 
Gasp_gasp1.m3.1044.m1                                   4.0952027 3.5298933 3.9995598 3.2387835 1.4925549 3.7267439 3.4471163 3.8624618 2.6730911 3.4623207 3.3793866 2.3717958 2.0288408 2.3793275 2.3708131 1.2368386 3.7501755 2.2688060 2.2511347 0.2263306 0.0000000 0.2614403 0.3003513 0.4837247 0.5043584 0.3464570 0.2775458 1.1220633 1.7666193 0.9328332 2.2004671 2.1828759 2.4481200 2.4283244 2.1877144 2.5387462 1.2206958 1.2897453 2.4927408 3.0389643 2.9471468 2.2958563 2.3994605 1.9615662 2.2653886 4.8073004 3.0942380 2.7639698 2.6725044 1.8891960 2.8130476 2.8130476 2.7355822 2.4248862 2.4702299 2.4272686 2.1755724 1.5639071 2.2162976 2.3845158 3.5533080 2.5919047 3.1770020 3.4803064 3.1838744 2.7465059 2.6591528 2.2150512 2.3700197 2.3560323 
Spis_XP_022806795_1                                     4.4203954 4.0647060 3.3786824 3.0964931 1.5851518 3.4901285 3.1309067 3.4266460 2.5599245 3.1229528 3.4947644 2.0516463 1.7669169 2.1767773 2.2375175 1.3746171 4.0964776 2.1490292 2.3755036 0.4382492 0.2614403 0.0000000 0.1010708 0.4803085 0.4567693 0.3493000 0.3574008 0.9813258 1.7888903 1.0663518 1.5716619 1.8018962 2.0182879 2.0240529 1.9057544 2.0701518 1.2679193 1.4955450 2.1367095 2.6991098 2.5562877 1.9908133 2.3257349 2.1422180 1.9391241 5.1543922 2.6938387 2.0642501 2.2344014 1.8921515 1.7675967 1.9109796 2.5677497 1.8913282 2.2536567 2.3481304 2.2783171 1.8062364 2.3928756 2.4881764 3.0393206 2.3670576 2.5637954 3.0443741 2.8160296 2.9015756 2.8130619 2.5580808 2.5259571 2.2237175 
Pocdam_XM_027187913.1                                   4.4818707 4.2661391 3.5219364 3.0500239 1.5814732 3.4766511 3.1831871 3.5463086 2.5486236 3.1326303 3.3086913 2.0619712 1.7943800 2.2566459 2.3114973 1.3908507 4.3479725 2.2288659 2.4882856 0.4630719 0.3003513 0.1010708 0.0000000 0.4773728 0.4566015 0.3673506 0.3903411 0.9529559 1.7115280 1.0927248 1.5261654 1.8428902 2.0838783 2.0826784 1.9053178 2.0882696 1.2439198 1.5113362 2.0711424 2.6727668 2.4586985 1.9469678 2.3181440 2.1583326 1.9897191 5.1844919 2.7327616 2.1169672 2.3173330 1.9110109 1.8115496 1.9348038 2.6048452 1.9486751 2.3269243 2.4081632 2.3106086 1.9188762 2.4409132 2.4071940 3.0439305 2.3487058 2.6366688 3.0675316 2.7231065 2.6230188 2.5352643 2.3330759 2.5658683 2.1760647 
Amil_Amillepora00167-RA                                 4.1208466 3.6080963 3.4011340 2.9541106 1.3707690 3.0728936 3.0085166 3.1895421 2.4844005 3.1141249 3.4792101 2.2089916 1.9046177 2.2466947 2.2945443 1.4170219 3.7753256 2.2495869 2.4084991 0.5281856 0.4837247 0.4803085 0.4773728 0.0000000 0.0320593 0.3516583 0.1822403 1.0420366 1.6472473 1.0173712 1.4895154 1.8375433 2.0474097 2.0464360 1.9687850 2.1819721 1.2065556 1.6524178 2.3931030 2.7360095 2.5781988 1.8613061 2.3202511 2.1161326 1.8895308 4.6456345 2.6498870 2.1233333 2.3317655 1.7910540 1.8629991 1.8629991 2.6153311 1.8943939 1.8976476 1.9589539 2.3790736 1.6460950 2.3176409 2.3584815 3.0512646 2.1743292 2.5719190 2.8926665 2.8650018 2.8688217 2.7635916 2.4178486 2.2903161 2.4394425 
Adig_XM_015903110.1                                     4.0727846 3.6296750 3.1850605 3.1626069 1.4655708 3.4826023 3.1786214 3.3771441 2.6068578 3.1765082 3.7873409 2.0573639 1.7794055 2.1951890 2.2382210 1.4496983 3.8658966 2.1997010 2.4283916 0.6697384 0.5043584 0.4567693 0.4566015 0.0320593 0.0000000 0.3252880 0.2470436 1.0298914 1.6318645 1.0772019 1.6098420 1.7948376 2.0045437 2.0345091 1.9446394 2.1658633 1.1775772 1.5631790 2.3167470 2.5711778 2.6137897 1.9035674 2.2036453 2.1561035 1.8853923 4.9301539 2.7393583 2.1669344 2.3840639 1.9324826 1.9695903 2.0835823 2.6991347 1.8488870 2.1916550 2.2737395 2.5535644 1.9966267 2.4182382 2.4667663 2.8853714 2.1636719 2.4918928 2.7859328 2.6439167 3.1636203 3.0367080 2.6637010 2.3635662 2.4182036 
Gfas_gfas1.m1.4336.m1                                   4.3875030 3.9185809 3.4047490 2.9806975 1.4467524 3.4501671 3.2267527 3.3977425 2.5561587 3.1311049 3.4580685 2.0381536 1.7904982 2.3835997 2.3638858 1.5297108 4.1797586 2.3720894 2.6342057 0.5315635 0.3464570 0.3493000 0.3673506 0.3516583 0.3252880 0.0000000 0.3659417 0.9341734 1.5607246 1.1621667 1.5760702 1.8768205 2.0484163 2.0899638 1.8935830 2.1348469 1.3252157 1.5749641 2.2535425 2.7218466 2.5868056 1.9075052 2.3108372 2.2244452 2.0823066 4.4381826 2.6075742 2.0829716 2.3458581 1.8851455 1.9507584 2.0305481 2.5677179 1.9222884 2.2770160 2.3271709 2.2795586 1.9515667 2.3820526 2.4482906 2.9009712 2.3460713 2.6788562 2.9262510 2.7764992 2.8862021 2.8038306 2.5221994 2.4282625 2.2191902 
Adig_XM_015903108.1                                     5.1266750 2.4875971 2.8052026 1.9415743 1.6738084 2.3171642 2.0957579 2.1631770 2.1276401 2.1477030 2.1113949 1.3397201 1.2556503 1.6423803 1.7181988 1.6416470 2.0530397 1.6099024 1.5251837 0.6767452 0.2775458 0.3574008 0.3903411 0.1822403 0.2470436 0.3659417 0.0000000 0.7452638 0.9835423 1.2181053 1.8012380 1.4329011 1.2934354 1.2942216 1.3350507 1.3507364 1.2790505 1.4651352 1.2928660 1.5833785 1.4962531 1.4268891 1.8790247 1.9705337 1.1755545 2.4530954 1.9309511 2.2094629 1.7713253 1.6089472 1.7357307 1.7733606 1.9447219 1.9381348 1.8311477 2.2877848 2.0377775 2.1920120 2.0349648 1.9593966 1.6972138 1.8082372 1.6927950 1.8443637 1.7336156 2.3425660 2.2758797 2.4289333 1.6813685 1.0737111 
Nvec_v1g164307                                          4.7095149 3.5213753 2.9958624 2.3996783 1.4774952 2.7377885 2.5682278 2.5822363 2.2098471 2.3453953 2.7921495 1.4498532 1.3503159 1.8307635 1.9339120 1.3044774 4.2557815 1.8880458 2.1310662 1.2813386 1.1220633 0.9813258 0.9529559 1.0420366 1.0298914 0.9341734 0.7452638 0.0000000 0.0440043 1.0052257 1.4334473 1.6704303 1.7770357 1.8098061 1.7620790 1.9812590 1.2054427 1.4064931 1.9330680 1.8855243 1.7744251 1.8882092 2.0430464 1.9909257 1.7948324 4.1220016 2.0556830 1.9815134 1.8287165 1.4984744 1.6910024 1.7384375 2.3219045 1.9978689 2.3198199 2.4184260 1.8620163 1.9845832 2.0257481 2.0388773 2.2553622 1.9548820 2.2024334 2.3238099 2.0464764 2.4960013 2.5004590 2.6745190 2.6286395 2.4939351 
Nvec_NVE11891                                           5.3501198 3.5022875 4.0407371 3.9034331 1.6716215 4.2074567 4.0604633 4.3550921 3.4512428 3.3705497 3.9820022 2.2440818 2.2777520 2.8796004 3.1681398 1.8333049 5.0790597 3.0506460 3.1822802 1.6693167 1.7666193 1.7888903 1.7115280 1.6472473 1.6318645 1.5607246 0.9835423 0.0440043 0.0000000 1.5749813 1.5459841 2.9640046 3.3774149 3.4461753 3.2712170 3.7832862 1.8377893 2.0594362 3.7725546 3.2397647 3.1408072 2.9080865 3.4041089 3.1497183 3.0981886 4.3040203 3.5729933 2.3710719 2.9791334 2.2070674 1.7804023 1.7804023 4.3702984 2.5499585 2.5702576 2.5752262 3.3089926 2.4472482 3.2325048 3.1485349 4.1908178 3.2587749 3.9290099 4.3822705 3.7933549 4.2888114 4.5789282 4.0280918 5.5324596 6.8759987 
Morvir_scaffold116.g30.t2                               3.8095507 7.7582768 2.9465303 2.1643325 1.4975176 2.4749459 2.0268651 2.0610831 2.2588938 2.0679118 2.0842881 1.4229748 1.2693957 1.6637990 1.6976949 1.7126730 1.8388931 1.5814411 1.6139079 1.4047590 0.9328332 1.0663518 1.0927248 1.0173712 1.0772019 1.1621667 1.2181053 1.0052257 1.5749813 0.0000000 0.9407692 0.6279211 0.6601540 0.7031678 0.6771391 0.8897038 1.3499275 1.6121242 1.5342494 1.7749649 1.5960768 1.4151496 2.0557284 2.4663050 1.3072983 2.4031216 1.7859831 2.0538084 1.8711013 1.8069679 2.1467492 2.1971611 1.9330734 2.6437949 3.1482034 3.0177077 1.9187947 2.1721644 2.0041704 2.2160940 1.7122255 1.8694582 1.8868713 1.9483720 1.6383962 1.4908034 1.4214911 1.8862558 1.3143219 0.3694017 
Chem_TCONS_00065364                                     4.3003725 3.2035394 2.5577106 2.5669707 0.0000010 3.0639102 2.2533904 2.3076347 2.3740325 1.9530430 1.6861890 1.7434325 1.5317082 1.7502224 1.7838631 1.8418892 0.8265291 1.6377532 2.3197656 2.5078110 2.2004671 1.5716619 1.5261654 1.4895154 1.6098420 1.5760702 1.8012380 1.4334473 1.5459841 0.9407692 0.0000000 0.8352743 0.8442308 0.8384572 0.9268874 0.9251712 1.5841086 1.9435107 1.7830744 1.8009266 1.5854673 1.7548364 2.2651493 2.4945467 1.4164534 2.4040076 1.9474903 1.6875204 1.6039174 2.1582203 1.8595606 2.0173748 1.6692112 2.1655000 2.5769464 2.7694196 1.8233863 1.9425594 2.3780292 3.1240258 1.7189262 1.7800559 1.9895290 1.9610811 1.7259461 0.0000010 0.0000010 3.4908431 2.1725130 1.3842125 
Aaur_scaffold3150.g1.t1                                 5.2009499 5.8093739 3.2131640 2.8846114 2.1736371 3.2946964 2.9809239 2.9476975 2.6679836 2.9057424 3.5736717 2.1246455 1.8703700 2.4938441 2.6298839 1.6103826 7.8657023 2.3080920 2.9483062 2.1678626 2.1828759 1.8018962 1.8428902 1.8375433 1.7948376 1.8768205 1.4329011 1.6704303 2.9640046 0.6279211 0.8352743 0.0000000 0.3601811 0.3838949 0.5566977 1.2330697 1.4922172 1.8233484 2.1887651 2.3087119 2.3318816 2.1855573 2.3056659 2.3679295 1.9145430 5.9058895 2.4780098 1.8618197 2.2807826 2.3043405 2.0212497 2.1250016 2.6712620 2.2352393 2.7111490 2.7037806 2.2268605 1.9570022 2.3101848 2.5757459 2.4969202 2.1271757 2.7470766 2.9117876 2.3844224 3.4663121 3.3820608 3.0823530 3.1044400 1.2298726 
Nemnom_g14251.t1                                        5.7017140 5.4919732 3.5675823 3.2793891 1.9694383 3.6948366 3.1719854 3.4287160 2.6650376 3.1956928 3.8799390 2.3612804 2.3029026 2.6619072 2.7907644 1.5698454 7.1272263 2.5543055 3.2736587 2.3856690 2.4481200 2.0182879 2.0838783 2.0474097 2.0045437 2.0484163 1.2934354 1.7770357 3.3774149 0.6601540 0.8442308 0.3601811 0.0000000 0.2353834 0.6940163 1.4156550 1.3925642 1.7551718 2.3982838 2.6180169 2.7104924 2.4142582 2.5696842 2.3119664 2.3222307 5.6393625 2.5680888 1.7601719 2.5830046 2.1768864 2.0183673 2.1136453 2.9173553 2.1380281 2.5963478 2.6710755 2.3604593 1.9771710 2.6288274 2.8590702 2.9399377 2.1580620 2.8689201 2.9864738 2.7389938 3.6226582 3.5434045 3.3609228 3.1770692 1.6848680 
Rhoesc_Res_015599-T1                                    5.3900330 5.9972557 3.6490856 3.3273366 2.0105222 3.6748942 3.2213904 3.4883064 2.7442339 3.3675578 4.0034306 2.4777816 2.2921297 2.6457907 2.8340579 1.5791975 7.1845624 2.6337315 3.3618605 2.3155181 2.4283244 2.0240529 2.0826784 2.0464360 2.0345091 2.0899638 1.2942216 1.8098061 3.4461753 0.7031678 0.8384572 0.3838949 0.2353834 0.0000000 0.7070227 1.5069325 1.4191936 1.7823760 2.4947187 2.7429391 2.7672834 2.4692952 2.4680035 2.2902970 2.2482068 6.2814172 2.6918020 1.7493609 2.4751411 2.1295729 1.9219722 2.0200700 3.0369226 2.1268004 2.5735381 2.7139992 2.4640463 1.9017684 2.6599010 2.9387098 3.0504948 2.2557800 3.0494021 3.1495660 2.9621935 3.9300098 3.7007424 3.3892582 3.0402003 1.7154211 
Sanmal_Sma_021474-T1                                    5.4944140 4.8160726 3.6576891 3.1197688 1.9444468 3.7835230 3.0948447 3.3548733 2.5071088 3.2011903 3.9340806 2.2910680 2.2060055 2.4470045 2.6509240 1.7258526 5.1213316 2.3270722 2.7677466 2.2911136 2.1877144 1.9057544 1.9053178 1.9687850 1.9446394 1.8935830 1.3350507 1.7620790 3.2712170 0.6771391 0.9268874 0.5566977 0.6940163 0.7070227 0.0000000 1.3861841 1.3955905 1.7304159 2.3022848 2.5187912 2.4284466 2.3616178 2.4049184 2.2440767 2.0562607 6.4409279 2.8301005 1.8737892 2.3699744 2.0402930 1.8970950 1.9955309 2.8232590 2.1448697 2.5365770 2.6825446 2.1839369 1.8710479 2.5264504 2.6885096 2.9565690 2.2144650 2.7795798 3.0050416 2.7141752 3.2566230 3.3121422 3.2305592 3.0010778 1.5767581 
Hvul_g17483_1                                           5.4269953 6.5947788 3.8615398 3.0603768 1.7284268 3.6342644 3.2497594 3.5914024 2.7507568 3.2914922 3.6658186 2.2465489 2.4078628 2.6299597 2.6124457 1.6290277 5.7083464 2.5111227 2.9213810 2.5778681 2.5387462 2.0701518 2.0882696 2.1819721 2.1658633 2.1348469 1.3507364 1.9812590 3.7832862 0.8897038 0.9251712 1.2330697 1.4156550 1.5069325 1.3861841 0.0000000 1.5048160 1.8662133 2.6147092 2.7992158 2.5175858 2.5166535 2.6153433 2.4232786 2.2437506 5.4913010 2.6760121 2.5572528 2.6536404 2.2885558 2.1720795 2.3094570 3.0818581 2.6070876 2.8987690 2.9684813 2.6427556 2.2848766 2.6774297 2.6569757 3.0089605 2.3113078 3.3652048 3.1803447 3.1340379 3.4847135 3.3925182 3.4777469 3.2259086 1.2153168 
Bralan_BLAG08000362_1                                   4.4405869 3.8560377 2.8138085 2.0675096 1.7858167 2.2398554 2.1105891 1.9679668 2.1024902 2.0497642 2.3039768 1.3703765 1.3116245 1.5592679 1.6829405 1.5123301 2.4234058 1.6335526 1.9031633 1.6487746 1.2206958 1.2679193 1.2439198 1.2065556 1.1775772 1.3252157 1.2790505 1.2054427 1.8377893 1.3499275 1.5841086 1.4922172 1.3925642 1.4191936 1.3955905 1.5048160 0.0000000 1.0452558 1.0173662 1.1031005 1.1302298 1.1164390 1.6579376 1.8806241 1.1709790 3.7838518 1.9602875 1.9115463 2.0789779 2.2160391 1.8912190 2.1036630 2.0371517 2.0872932 2.5125936 2.4677255 2.0859334 2.1437342 2.0928997 2.2359486 1.7837497 2.0868580 1.8522685 2.0415356 1.4700605 2.1772312 2.1787408 2.3670351 1.9695430 1.3172230 
Ctel_gnl_WGS_AMQN_CAPTEDRAFT_mRNA179440                 4.1684169 3.5987661 2.9780726 2.3750200 2.1103670 2.5457645 2.3558543 2.0488453 2.3750297 2.0701059 2.1267442 1.5941977 1.4974053 1.8399346 1.9735499 1.8690751 2.2187589 1.8074585 1.9278072 1.9000772 1.2897453 1.4955450 1.5113362 1.6524178 1.5631790 1.5749641 1.4651352 1.4064931 2.0594362 1.6121242 1.9435107 1.8233484 1.7551718 1.7823760 1.7304159 1.8662133 1.0452558 0.0000000 1.1614966 1.1844476 1.3663803 1.4459538 1.4653196 1.7325883 1.4197708 2.8512075 2.1682061 2.4175396 1.9809818 1.8757933 2.4589192 2.5597995 1.9168154 2.6347076 3.0050530 3.0323711 1.9368690 2.4473162 2.2280659 2.2113988 1.9662378 2.1728218 2.1178789 2.2637299 1.3808019 1.5868731 1.5404907 1.9626884 1.7283456 1.2427488 
Acagra_model.g20474.t1                                  5.1910551 4.9621490 3.3074118 3.0506386 1.8199968 3.4173779 3.2229116 3.4889508 2.4821519 3.1625089 3.9758463 2.5611964 2.3533816 2.4304462 2.4455995 1.5406396 4.8674914 2.4175899 2.8092272 2.5996785 2.4927408 2.1367095 2.0711424 2.3931030 2.3167470 2.2535425 1.2928660 1.9330680 3.7725546 1.5342494 1.7830744 2.1887651 2.3982838 2.4947187 2.3022848 2.6147092 1.0173662 1.1614966 0.0000000 1.9239615 1.9884941 1.8744548 2.1426845 1.7253567 2.1287672 6.2768400 3.0236822 2.2587543 2.5753706 2.2115446 2.0703822 2.2136162 2.9684190 2.3246285 2.8148478 2.8239435 2.8082758 2.3706408 2.5696963 2.3058299 2.9299804 2.5904066 3.2500487 2.9664170 1.6415460 3.2047572 3.1485240 2.9183872 2.8196060 3.4485384 
Cscu_XM_023354027.1                                     5.2352851 5.9545064 3.1325887 3.1043516 2.1718458 3.7585707 3.2587267 3.4661025 2.5953323 3.0549808 3.7526839 2.6873182 2.8952607 2.9498471 2.9601015 1.8550578 5.9153153 2.8422041 3.1913123 3.3228945 3.0389643 2.6991098 2.6727668 2.7360095 2.5711778 2.7218466 1.5833785 1.8855243 3.2397647 1.7749649 1.8009266 2.3087119 2.6180169 2.7429391 2.5187912 2.7992158 1.1031005 1.1844476 1.9239615 0.0000000 2.0005618 2.0395685 1.6612837 1.3739488 2.0014652 6.3943179 3.0399981 2.4845903 2.3293712 2.0607953 2.1087508 2.3267367 2.8146432 2.4930047 3.0837443 3.0970258 2.3843389 2.2410268 2.4493095 2.4069922 3.1168577 2.4595539 2.9655030 3.1675171 2.3494433 3.5849860 3.4262860 3.0771146 2.9491582 3.3346757 
Spur_XM_030997708.1                                     5.3719009 6.7960026 4.1200748 3.5771131 2.3085330 3.8572680 3.7166525 4.0565454 3.1081422 3.6828297 4.3049159 2.7353063 2.7585281 2.7173904 2.8465738 1.6104551 6.4317787 2.6207930 3.1163889 2.9897374 2.9471468 2.5562877 2.4586985 2.5781988 2.6137897 2.5868056 1.4962531 1.7744251 3.1408072 1.5960768 1.5854673 2.3318816 2.7104924 2.7672834 2.4284466 2.5175858 1.1302298 1.3663803 1.9884941 2.0005618 0.0000000 1.9116202 2.2468483 1.8845102 1.8621212 7.1017089 2.9312259 2.5504758 2.6956314 2.3738061 2.4143610 2.4442718 3.3644237 2.7919225 3.3383165 3.3744182 2.5623070 2.6684034 2.7434893 2.6005869 3.2299589 2.6680191 3.2974699 3.2109894 2.7601035 2.6625040 2.5985523 2.5773495 2.9534980 3.3046116 
Hsap_ENST00000371712                                    4.8679536 5.4379662 3.2429712 2.9299452 1.7705228 3.3219962 2.9861735 3.0778223 2.4107771 3.0319749 3.7033524 2.7652720 2.5995429 2.3935060 2.4474225 1.6836923 4.4798884 2.4672390 2.7581138 2.1910498 2.2958563 1.9908133 1.9469678 1.8613061 1.9035674 1.9075052 1.4268891 1.8882092 2.9080865 1.4151496 1.7548364 2.1855573 2.4142582 2.4692952 2.3616178 2.5166535 1.1164390 1.4459538 1.8744548 2.0395685 1.9116202 0.0000000 2.3380074 2.1500920 2.0351483 6.6302195 2.7171358 1.9940006 2.2596133 1.6814553 1.9375628 2.1042877 2.4452672 2.1237170 2.4443995 2.5237012 2.3409569 2.1430290 2.8238096 2.3851165 2.8220369 2.7599175 2.9994147 2.8094022 2.6084992 2.5983735 2.5714871 2.3602224 3.2697280 2.8466271 
Tcas_TC005814_001                                       5.0707369 5.8082658 3.2639818 2.4985850 2.4269941 2.8102470 2.6424117 2.8967830 2.3645664 2.7249545 3.1711387 2.5591717 2.5541670 2.7616218 2.7150255 1.9950996 4.7882479 2.6430066 3.1141438 2.6671866 2.3994605 2.3257349 2.3181440 2.3202511 2.2036453 2.3108372 1.8790247 2.0430464 3.4041089 2.0557284 2.2651493 2.3056659 2.5696842 2.4680035 2.4049184 2.6153433 1.6579376 1.4653196 2.1426845 1.6612837 2.2468483 2.3380074 0.0000000 1.3426268 2.2291035 7.2306271 3.0649153 2.0858907 2.5435126 2.3728502 2.2857344 2.5193695 2.6747997 2.3475404 2.5898746 2.8313888 2.6470781 2.1850601 2.7897120 2.7613053 2.4413695 2.4726536 2.3029144 2.6342222 2.3407954 3.2824143 3.0922288 3.3544794 2.8947816 3.0350043 
Dpul_mRNA27196                                          5.1092114 4.5896674 2.9550272 2.3544176 2.3690516 2.7627665 2.5621299 2.4408585 2.5059966 2.4343943 2.3531942 2.2832149 2.2267656 2.3833846 2.5102999 2.5268264 1.9740717 2.4628638 2.6832314 2.4526872 1.9615662 2.1422180 2.1583326 2.1161326 2.1561035 2.2244452 1.9705337 1.9909257 3.1497183 2.4663050 2.4945467 2.3679295 2.3119664 2.2902970 2.2440767 2.4232786 1.8806241 1.7325883 1.7253567 1.3739488 1.8845102 2.1500920 1.3426268 0.0000000 1.7800703 3.9209063 2.5844291 2.9164549 2.2453671 2.1516324 2.3368870 2.5867592 2.2858746 2.4748360 2.8091195 3.0134964 2.5582420 2.6448441 2.4804541 2.5704736 2.2775005 2.4222033 2.2926557 2.3213371 1.8539091 2.2860689 2.2179547 2.7583215 1.9812147 1.5414074 
Skow_XM_006825715.1                                     5.5270628 4.5606804 3.4447958 2.9181408 2.0285313 3.0559747 2.7687071 2.8585361 2.3844664 2.8817308 3.4597822 2.2146269 2.0972675 2.0991105 2.0671995 1.3862758 4.0692605 2.0346520 2.4482771 2.2024279 2.2653886 1.9391241 1.9897191 1.8895308 1.8853923 2.0823066 1.1755545 1.7948324 3.0981886 1.3072983 1.4164534 1.9145430 2.3222307 2.2482068 2.0562607 2.2437506 1.1709790 1.4197708 2.1287672 2.0014652 1.8621212 2.0351483 2.2291035 1.7800703 0.0000000 6.2334814 2.7472609 1.7575804 2.1145295 1.7551702 1.7290607 1.6933827 2.4490851 2.1283409 2.1201154 2.3977923 2.2052271 1.6799716 2.6863406 2.2902852 2.4072305 2.3563091 2.4126334 2.6772323 2.3804597 3.1331482 3.0026608 2.7556323 2.6886719 2.6625427 
Ocar_g3983                                              7.8097477 3.6172947 8.0870020 5.7614541 2.4775086 4.6890692 5.7822228 6.2634372 4.2887209 5.3092221 5.7191864 6.6222003 6.7208352 5.2947874 5.4042915 2.1828117 5.7559722 5.5599288 5.9425438 4.3502089 4.8073004 5.1543922 5.1844919 4.6456345 4.9301539 4.4381826 2.4530954 4.1220016 4.3040203 2.4031216 2.4040076 5.9058895 5.6393625 6.2814172 6.4409279 5.4913010 3.7838518 2.8512075 6.2768400 6.3943179 7.1017089 6.6302195 7.2306271 3.9209063 6.2334814 0.0000000 0.0221080 3.3178445 3.6355819 2.4278120 4.0118895 4.0118895 5.8961859 2.6646300 2.6158659 2.6646300 3.6072507 3.2186939 3.1616598 3.0652850 5.7933015 5.5197263 5.6957106 5.9720825 7.9103898 5.8477110 5.8477110 4.8084338 6.5341993 7.1037761 
Opea_EP00118_Oscarella_pearsei_P029148                  6.1324426 4.2229626 3.7863801 2.9355693 2.0335917 3.2845221 3.1428557 3.2024484 2.5500452 3.2438430 3.9715996 3.3830618 3.2162951 2.7642647 2.8869717 1.7958572 5.4182587 2.8650904 3.4302842 3.0136246 3.0942380 2.6938387 2.7327616 2.6498870 2.7393583 2.6075742 1.9309511 2.0556830 3.5729933 1.7859831 1.9474903 2.4780098 2.5680888 2.6918020 2.8301005 2.6760121 1.9602875 2.1682061 3.0236822 3.0399981 2.9312259 2.7171358 3.0649153 2.5844291 2.7472609 0.0221080 0.0000000 0.7704192 2.3177214 1.9602190 1.7554158 1.7138592 2.5993835 1.9578141 2.4025766 2.3031845 2.8271869 1.7475761 2.2365798 2.2305727 2.6927033 2.7221849 2.8720948 2.9279958 3.4487825 3.6999663 3.4903667 3.2078603 3.4100497 3.9232809 
Plajan_Pjan_scaffold9154_01                             5.0380143 2.6455594 2.0590782 2.1246164 0.0000010 3.0123971 1.9834630 2.1671859 2.3805344 2.2402835 3.0649839 2.5753333 2.4383704 2.1194593 2.2798289 2.3555344 1.7031464 2.1361083 3.9806368 2.9825308 2.7639698 2.0642501 2.1169672 2.1233333 2.1669344 2.0829716 2.2094629 1.9815134 2.3710719 2.0538084 1.6875204 1.8618197 1.7601719 1.7493609 1.8737892 2.5572528 1.9115463 2.4175396 2.2587543 2.4845903 2.5504758 1.9940006 2.0858907 2.9164549 1.7575804 3.3178445 0.7704192 0.0000000 1.4894823 1.7068795 1.3737046 1.3890898 1.5959761 1.6457251 2.0106700 1.9792296 2.8180820 1.7029727 1.8488035 1.7022350 1.8130943 2.2463892 1.8825900 1.9196145 2.4809628 0.0000010 0.0000010 3.9264526 4.0398908 0.0000010 
Emue_Em0016g215a.t1                                     5.3032937 1.1136886 2.8409031 2.5101648 1.5662979 2.6503557 2.3926518 2.6380244 2.4112794 2.4298774 2.6186610 2.4716564 2.4312331 2.3207218 2.3645670 1.8756239 3.6809293 2.3169668 2.7400069 2.6400466 2.6725044 2.2344014 2.3173330 2.3317655 2.3840639 2.3458581 1.7713253 1.8287165 2.9791334 1.8711013 1.6039174 2.2807826 2.5830046 2.4751411 2.3699744 2.6536404 2.0789779 1.9809818 2.5753706 2.3293712 2.6956314 2.2596133 2.5435126 2.2453671 2.1145295 3.6355819 2.3177214 1.4894823 0.0000000 0.0514950 0.1262929 0.1947943 1.1372461 0.9035348 1.0776907 1.2868145 0.5417713 0.9412922 1.5615745 1.6052063 2.4057873 2.1909736 2.4868391 2.3616850 2.5693184 1.3553207 1.2811884 1.4222963 2.0374551 3.0411407 
Emue_Em0329g3a.t1                                       3.9504593 0.0749379 2.7449825 2.0540346 1.4889891 2.0188142 1.9871561 1.9680411 2.2354683 1.9796491 1.8309865 1.9725010 1.8922570 2.0678074 2.1372557 2.0282423 2.1143171 2.0224756 2.0747455 1.9583749 1.8891960 1.8921515 1.9110109 1.7910540 1.9324826 1.8851455 1.6089472 1.4984744 2.2070674 1.8069679 2.1582203 2.3043405 2.1768864 2.1295729 2.0402930 2.2885558 2.2160391 1.8757933 2.2115446 2.0607953 2.3738061 1.6814553 2.3728502 2.1516324 1.7551702 2.4278120 1.9602190 1.7068795 0.0514950 0.0000000 0.1228418 0.1228418 0.8690079 1.5354346 1.5925850 1.4736896 0.2399250 1.0305424 1.1965503 1.2590052 2.1702609 2.0464073 1.9902326 1.9195432 2.2938654 0.8231786 0.8148800 0.8513829 1.2785097 1.6626905 
Spolac_c93068_g2_i1_m.8456c93068-g2                     5.7961580 4.7682762 2.2210959 2.3609520 0.0000010 2.6618908 2.2960455 2.4131486 2.4152835 2.2911139 2.2415933 2.4080029 2.2189572 2.0470140 2.0507714 2.0881434 4.7959355 2.0399810 3.5586767 2.5348643 2.8130476 1.7675967 1.8115496 1.8629991 1.9695903 1.9507584 1.7357307 1.6910024 1.7804023 2.1467492 1.8595606 2.0212497 2.0183673 1.9219722 1.8970950 2.1720795 1.8912190 2.4589192 2.0703822 2.1087508 2.4143610 1.9375628 2.2857344 2.3368870 1.7290607 4.0118895 1.7554158 1.3737046 0.1262929 0.1228418 0.0000000 0.0660105 0.8342131 0.8597151 1.0384370 1.1755038 0.6638542 1.0228595 1.5476154 1.5532517 2.0667217 1.8020250 1.9734274 1.9643511 2.3319197 0.0000010 0.0000010 4.0562086 0.0000010 0.0000010 
Spolac_c93068_g2_i2_m.8457c93068-g2                     5.8323432 4.7682762 2.2645574 2.2884480 0.0000010 2.5025945 2.3088097 2.4861855 2.5219217 2.2336223 2.2415933 2.5969004 2.3574084 2.0382419 2.0994485 2.0994485 4.7959355 2.0648295 3.2805577 2.4789874 2.8130476 1.9109796 1.9348038 1.8629991 2.0835823 2.0305481 1.7733606 1.7384375 1.7804023 2.1971611 2.0173748 2.1250016 2.1136453 2.0200700 1.9955309 2.3094570 2.1036630 2.5597995 2.2136162 2.3267367 2.4442718 2.1042877 2.5193695 2.5867592 1.6933827 4.0118895 1.7138592 1.3890898 0.1947943 0.1228418 0.0660105 0.0000000 0.9340555 1.0264092 1.1114042 0.9720589 1.3282468 1.1232973 1.5706793 1.6114044 2.1532155 1.8155476 1.9220008 2.0074584 2.4711085 0.0000010 0.0000010 4.1237216 0.0000010 0.0000010 
