88
Stycar_maker-SC_scaffold272-augustus-gene-0.17-mRNA-1   0.0000000 1.1426551 1.1426551 0.9232164 0.0000010 0.9165249 0.9165249 0.9165249 0.9165249 0.8809226 0.8809226 0.9475485 0.9232164 0.6577585 0.9837889 1.2419766 1.0422405 1.1967085 1.1967085 0.0000010 1.3819068 1.1929461 0.0000010 8.9999982 0.0000010 0.0000010 0.8755940 1.0522052 1.1349949 1.0964169 0.9022161 0.8865461 0.8477194 0.8722276 1.8639459 1.1141032 0.5432779 0.9609433 0.0000010 0.0000010 0.8885935 0.9076093 0.7874757 1.1602368 0.9308408 0.8843114 0.8300855 0.8200853 0.8560874 0.7320123 1.1800369 0.6218546 1.1512824 1.1302629 1.1221907 1.1438650 1.1393595 1.1019718 2.7197023 1.0351734 0.9450020 0.7843389 0.5756165 0.5471071 0.2599654 0.7136090 0.0000010 1.4077817 1.6952627 1.6952627 1.8411423 2.1262841 1.3575408 1.7026439 1.3779073 1.4068176 1.5049065 1.2372420 1.0910435 8.9999989 1.6061163 0.7445976 9.0000000 0.0000010 0.0000010 8.9208186 1.2895390 0.0000010 
Bolinf_Binf_sb1274835                                   1.1426551 0.0000000 0.0096865 0.1442703 0.0705569 0.0178894 0.0215282 0.0415254 0.1032342 0.1322584 0.1542750 0.1148198 0.1846782 0.1556209 0.1594130 0.1847605 0.1774847 0.0937382 0.1558344 0.1143655 0.1778604 0.2191137 0.2399837 0.2471566 0.3569351 0.7457484 0.7079808 0.7720688 0.6283505 0.9094394 0.4696549 0.4442091 0.6046959 0.6659867 0.6873999 0.5902669 0.6188363 0.6430036 0.8841767 0.9384566 0.6395075 0.6010602 0.6521364 0.7342870 0.6290413 0.6771026 0.7116918 0.5642307 0.4242194 0.6080351 0.5903934 0.6839570 0.6025612 0.6205300 0.6389514 0.6389514 0.5681753 0.6405772 0.5888217 0.7989715 0.7321972 0.6550344 0.7997033 0.7901420 0.7024586 0.6956708 0.6904012 0.8053302 0.9300381 0.9300381 0.5957511 0.8269718 0.8361968 0.8317323 0.9028419 0.8486071 0.7858703 0.8889746 0.2603962 0.7237030 0.7060056 0.8434001 0.7155530 4.6413625 1.0230232 0.2046342 1.9982415 2.0682059 
Bolinf_Binf_sb1274837                                   1.1426551 0.0096865 0.0000000 0.1031621 0.1066670 0.0415254 0.0415254 0.0305483 0.0919264 0.0808261 0.1542750 0.1148198 0.1556209 0.1556209 0.1392391 0.1094060 0.1126385 0.0982325 0.1558344 0.0776239 0.1249810 0.1694829 0.1653785 0.1842197 0.1522037 1.1003374 0.5273713 0.5286095 0.6283505 0.6282609 0.4696549 0.4632041 0.4801807 0.4965451 0.4922915 0.4785602 0.4694588 0.4243041 1.3902927 1.5104002 0.5062375 0.4974008 0.5186482 0.4809302 0.4640382 0.5380707 0.5110193 0.5058848 0.4242194 0.5890449 0.5668635 0.5344309 0.5681440 0.5849228 0.5826972 0.5826972 0.5780832 0.5855946 0.5471813 0.5516795 0.5533956 0.5725954 0.4883677 0.7901420 0.4685742 0.5162502 0.4551533 0.6049421 0.7071102 0.7071102 0.6450723 0.6563497 0.7698904 0.6743338 0.6049619 0.6132760 0.6497313 0.6234234 0.2663520 0.6680165 0.5977739 0.7586859 0.4219328 3.8879021 0.8485134 0.2046342 1.9982415 4.4237472 
Beraby_Baby_sb349249                                    0.9232164 0.1442703 0.1031621 0.0000000 0.0000010 0.1330448 0.0792436 0.0976778 0.1272594 0.2181516 0.1211881 0.0052211 0.0132967 0.0000010 0.3332289 0.3322198 0.2931136 0.1234901 0.2452423 0.1146934 0.3651978 0.4295745 0.5749997 0.3276119 0.6772457 1.4045063 1.0581080 1.1254496 0.7424167 1.2335558 0.5608876 0.5268039 0.9391644 1.0677177 1.1272754 0.8157391 0.6898754 1.0696816 1.3301675 1.0415135 0.8674842 0.8261808 0.8822032 1.1556230 1.0007540 1.0699379 1.0926938 0.6644593 0.5263075 0.8984389 0.9952722 0.9153909 1.0466869 1.0579654 1.0673015 1.0662139 0.6954929 1.0327451 0.9818620 1.1317747 1.0113229 0.8192842 1.1435792 0.9977855 0.9627401 1.0578126 0.9839406 1.2293317 1.4960635 1.4381047 0.7260660 1.2990789 1.0196481 1.1776394 1.3308020 1.3453673 1.3077341 1.4068831 0.4543529 0.9069029 1.0352769 0.9768311 1.1132151 6.3643110 2.1355118 0.8298059 1.3646451 3.9272516 
Bolinf_Binf_sb1313366                                   0.0000010 0.0705569 0.1066670 0.0000010 0.0000000 0.0705569 0.0573513 0.1066670 0.4773658 0.1142744 0.0000010 0.0000010 5.2761355 0.0000010 0.1171980 0.1578265 0.1523917 0.0785074 0.0000010 0.1327129 0.1624142 0.1929074 0.1767567 0.1327129 0.2631997 0.3634043 0.5343842 0.4843543 0.0000010 0.5559852 0.1979581 0.3494016 0.3413345 0.3375674 0.3352084 0.4279146 0.4377765 0.3393040 0.3886523 0.4283680 0.4398521 0.4371612 0.4687251 0.5045096 0.4344055 0.4695692 0.4873155 0.5335722 0.2619558 0.4373267 0.4613627 0.4342414 0.3878782 0.4014516 0.4066187 0.4066187 0.3845566 0.3836623 0.3836623 0.5006836 0.4383442 0.4793346 0.5503644 0.0000010 0.4606711 0.4818356 0.4856889 0.5909678 0.6524347 0.6524347 0.4787296 0.5971673 0.6382960 0.5938631 0.5851364 0.5348198 0.5660651 0.6061893 0.0000010 0.5379518 0.3988524 0.4114652 0.5421159 1.7094093 0.5869978 0.0000010 0.0000010 0.6421060 
Bolinf_Binf_sb1274833                                   0.9165249 0.0178894 0.0415254 0.1330448 0.0705569 0.0000000 0.0000010 0.0072364 0.0066434 0.1074538 0.0650719 0.1023491 0.1339000 0.0711621 0.1607302 0.2138557 0.2000938 0.1301404 0.2461284 0.1143655 0.2010734 0.2386237 0.2399837 0.2609544 0.3569351 0.7457484 0.7281814 0.8236576 0.7895062 0.9615233 0.5622375 0.5360080 0.6787195 0.7461971 0.8060136 0.6769778 0.6248035 0.7604288 0.8841767 0.9384566 0.6856912 0.6523917 0.7138320 0.8291167 0.7077561 0.7582938 0.7900820 0.6987343 0.5723498 0.6806473 0.7246986 0.7160526 0.6877429 0.7020376 0.7165447 0.7165447 0.6681472 0.7135933 0.6954859 0.9087948 0.8250706 0.7170336 0.8298610 1.0087856 0.7229662 0.7113480 0.6904012 0.9021051 1.0156196 1.0156196 0.7335076 0.9526327 0.8331923 0.8602300 0.9615099 0.9076977 0.8679597 0.9340961 0.3894255 0.8889846 0.8038484 0.8188386 0.7356633 4.6413625 1.0230232 0.8156337 1.5384520 2.0682059 
Mertsp_Mesp_sb596128                                    0.9165249 0.0215282 0.0415254 0.0792436 0.0573513 0.0000010 0.0000000 0.0072364 0.0066434 0.0578725 0.0650719 0.1023491 0.1339000 0.0711621 0.1136169 0.1548753 0.1375816 0.1301404 0.2461284 0.0888062 0.1454884 0.1695591 0.1009180 0.1640236 0.1556407 0.2711364 0.5530514 0.5769236 0.7895062 0.6941906 0.5622375 0.5054240 0.5144152 0.5262528 0.5489168 0.5351810 0.4490082 0.5168250 0.3778089 0.4226903 0.5143640 0.5078841 0.5146247 0.5706398 0.5363110 0.5734331 0.5718490 0.6718904 0.5723498 0.5925913 0.6545958 0.5258311 0.5744716 0.5875820 0.5917687 0.5917687 0.5967801 0.5796576 0.5734079 0.6584872 0.6088015 0.6072055 0.5635557 1.0087856 0.4851388 0.5091456 0.4400420 0.7071752 0.7940742 0.7940742 0.7335076 0.7677601 0.7250407 0.6768542 0.6780951 0.6614495 0.6994102 0.6753949 0.3894255 0.8013535 0.6199759 0.6094197 0.4701439 1.4081517 0.4101205 0.8156337 1.5384520 0.4605973 
Bolinf_Binf_sb1274834                                   0.9165249 0.0415254 0.0305483 0.0976778 0.1066670 0.0072364 0.0072364 0.0000000 0.0000010 0.0605982 0.0650719 0.1023491 0.1190224 0.0711621 0.1463263 0.1665019 0.1582652 0.1453417 0.2461284 0.0776239 0.1702733 0.2084550 0.1653785 0.2143205 0.1522037 1.1003374 0.5906400 0.6394684 0.7895062 0.7442137 0.5622375 0.5916624 0.6019076 0.6343174 0.6788132 0.6168118 0.4929146 0.6330149 1.3902927 1.5104002 0.5970493 0.5897797 0.6411213 0.6476053 0.5987387 0.6753144 0.6516609 0.6531768 0.5723498 0.6973122 0.7511269 0.6069336 0.6976794 0.7109904 0.7031605 0.7031605 0.7202452 0.7005038 0.7119023 0.7387564 0.7130827 0.6732669 0.5839147 1.0087856 0.5315601 0.5635150 0.4551533 0.7678169 0.8614344 0.8614344 0.8262614 0.8597467 0.7774641 0.7456378 0.7354474 0.7363202 0.7928501 0.7330793 0.3948878 0.8962466 0.7562014 0.7366920 0.4527086 3.8879021 0.8485134 0.8156337 1.5384520 4.4237472 
Bolinf_Binf_sb1274836                                   0.9165249 0.1032342 0.0919264 0.1272594 0.4773658 0.0066434 0.0066434 0.0000010 0.0000000 0.0699175 0.0662169 0.1304145 0.1385688 0.0733294 0.1915328 0.2463995 0.2453247 0.2139516 0.2461284 0.0748851 0.2739346 0.2730552 0.4773658 3.1456170 0.2121109 4.0631685 0.8346034 0.8904597 1.1066507 1.1521196 0.7916883 0.8622198 0.8694020 0.9258465 1.0176383 0.8199736 0.5651843 0.9359479 1.1323638 1.3817667 0.7173268 0.7020625 0.7204839 0.9011784 0.8787309 0.8988777 0.9059382 0.8825102 0.7998109 0.8638874 1.0219681 0.7181408 0.8913644 0.8920564 0.8879663 0.8879663 0.9240702 0.9166379 1.0395477 1.1392448 1.0398771 0.9094907 0.8240328 1.0087856 0.6992859 0.6916279 0.4648171 1.1543706 1.2882402 1.2882402 1.2943120 1.1327451 0.9610719 0.8687708 1.0281339 1.0152332 1.0711398 1.0250748 0.3948878 2.0067732 1.2095075 1.1182654 0.8189126 0.0000010 1.1323638 4.0081873 1.5384520 0.0000010 
Mlei_ML0174.g5.i1                                       0.8809226 0.1322584 0.0808261 0.2181516 0.1142744 0.1074538 0.0578725 0.0605982 0.0699175 0.0000000 0.0000010 0.0823864 0.1149970 0.0500773 0.1954535 0.2929657 0.2726538 0.1361589 0.2400970 0.1326045 0.2912418 0.3179118 0.4555562 0.2968626 0.5029350 1.1281762 0.8901213 0.9723396 0.7940065 1.0786752 0.5398249 0.5486885 0.7954312 0.8656180 0.8913963 0.7034381 0.6564991 0.8695535 0.9805767 1.0524558 0.7991047 0.7500864 0.7558421 0.9020783 0.7676613 0.8928591 0.8439607 0.6854024 0.5503496 0.7823121 0.8454512 0.8751242 0.7909645 0.7894523 0.7939882 0.7939882 0.6418593 0.7692801 0.7042839 1.0477576 0.9627916 0.7484668 0.9400773 0.9556937 0.8108667 0.8029543 0.8308731 0.9320017 1.1780332 1.1780332 0.7495060 1.0354308 0.8880440 1.0087630 1.0969240 1.0495119 0.9824127 1.1088658 0.4023005 0.9110432 0.9284155 0.8763185 0.7748188 4.4892860 1.4406835 0.8534624 1.4678271 2.5875455 
Vmul_sbMO382928                                         0.8809226 0.1542750 0.1542750 0.1211881 0.0000010 0.0650719 0.0650719 0.0650719 0.0662169 0.0000010 0.0000000 0.1336145 0.1235486 0.0657728 0.1378099 0.2608582 0.2485623 0.2324228 0.2400970 0.0000010 0.3105954 0.2938626 0.0000010 2.0692882 0.0000010 0.0000010 0.8461162 0.8813442 1.1509628 1.1392487 0.7364465 0.9657930 1.0024386 1.0630219 1.1271660 0.9076587 0.6106008 1.0681610 0.0000010 0.0000010 0.7757163 0.7570809 0.7242724 0.9258722 0.8741717 0.9273833 0.9462496 0.9357568 0.8303086 0.7894833 0.9785027 0.7517369 0.8958407 0.8967004 0.8809145 0.8809145 0.9362622 0.9363784 1.1509474 1.1667321 1.0814310 0.9098929 0.8230642 0.9735927 0.6665725 0.7630701 0.3698817 1.1381498 1.1697327 1.1697327 1.4559314 1.2298267 1.0675343 0.9146643 1.0698766 1.1158650 1.1406609 1.1180525 0.4104331 3.4683682 1.0986517 0.7884449 0.4732863 0.0000010 0.0000010 5.8619813 1.4678271 0.0000010 
Bolinf_Binf_sb1177630                                   0.9475485 0.1148198 0.1148198 0.0052211 0.0000010 0.1023491 0.1023491 0.1023491 0.1304145 0.0823864 0.1336145 0.0000000 0.0067053 0.0087734 0.1402767 0.1816242 0.1844707 0.1666194 0.2486215 0.0634776 0.1957288 0.1991482 0.0000010 3.8281418 0.2046198 6.0566766 0.7283423 0.7776943 0.8354072 0.9450628 0.7182763 0.7587844 0.7442247 0.7788399 0.8770375 0.7124447 0.4740480 0.9031789 0.0000010 0.0000010 0.6258745 0.6145726 0.6303807 0.7174812 0.6980267 0.7445618 0.7719047 0.7317110 0.6157589 0.7052479 0.8035174 0.7176372 0.7656444 0.7923565 0.7586982 0.7586982 0.7941585 0.7687935 0.8587960 0.8952096 0.8538363 0.8197324 0.7003633 1.0265618 0.5900420 0.6157963 0.4743290 0.9569843 1.0362796 1.0362796 0.9794987 1.0217978 0.7970912 0.8852574 0.8722110 0.9010564 0.8685574 0.8877300 0.4665506 1.2976412 0.9157133 0.8991028 0.5862924 0.0000010 0.0000010 0.8298059 1.3646451 0.0000010 
Mertsp_Mesp_sb543347                                    0.9232164 0.1846782 0.1556209 0.0132967 5.2761355 0.1339000 0.1339000 0.1190224 0.1385688 0.1149970 0.1235486 0.0067053 0.0000000 0.0000010 0.1561587 0.2173130 0.2196038 0.2072037 0.2452423 0.1027486 0.2474198 0.2342290 5.2761355 5.6371100 0.2763728 6.6501982 0.9204744 0.9071815 1.0125876 1.1089345 0.8308032 0.8912706 0.8704850 0.9187825 1.0269906 0.8425460 0.5213793 0.9443394 3.3698825 4.2649124 0.7363342 0.7205181 0.6643252 0.8248362 0.8362264 0.8959750 0.9285495 0.8267785 0.7073986 0.8142008 0.9680958 0.7513810 0.9385178 0.9336959 0.9263660 0.9263660 0.9803829 0.9585149 1.1950397 1.1219233 1.0572915 0.9345913 0.8092282 1.0172361 0.6775824 0.7090617 0.5944252 1.2057625 1.3272658 1.3272658 1.2726179 1.2360185 0.9871585 1.0098747 1.0938894 1.1524612 1.1089905 1.0993592 0.4613225 2.0136095 1.1455756 1.0925417 0.8498169 0.0000010 3.3698825 3.1009386 1.3646451 0.0000010 
Drygla_Dgla_sb282324                                    0.6577585 0.1556209 0.1556209 0.0000010 0.0000010 0.0711621 0.0711621 0.0711621 0.0733294 0.0500773 0.0657728 0.0087734 0.0000010 0.0000000 0.0652657 0.0655569 0.0960123 0.0761012 0.1012890 0.0346096 0.1083986 0.0965570 0.0000010 7.4465984 0.1764540 6.0566766 0.6366068 0.6242975 0.7802830 0.8248971 0.6915620 0.5565009 0.5757184 0.6263672 0.5814962 0.4927392 0.4979900 0.5834725 0.0000010 0.0000010 0.5068440 0.4899311 0.4671081 0.6168519 0.6089389 0.6423270 0.6076896 0.5563151 0.4996984 0.5773926 0.5773926 0.5024480 0.6422038 0.6613014 0.6576008 0.6576008 0.6445020 0.6742030 0.7839175 0.6704634 0.6407649 0.6627781 0.5702394 0.6180879 0.5513915 0.5977546 0.5448518 0.7343752 0.9847117 0.9847117 1.0155105 0.8485983 0.8516570 0.7051280 0.8700882 0.8395649 0.7892529 0.7776880 0.3014003 1.2220092 0.7322512 1.0382898 0.6220653 0.0000010 0.0000010 2.1650374 0.8774479 0.0000010 
Drygla_Dgla_sb307694                                    0.9837889 0.1594130 0.1392391 0.3332289 0.1171980 0.1607302 0.1136169 0.1463263 0.1915328 0.1954535 0.1378099 0.1402767 0.1561587 0.0652657 0.0000000 0.3385360 0.3499033 0.1355495 0.2043444 0.1427890 0.3730649 0.4160728 0.6877887 0.3320191 0.7014972 1.5332618 0.9283131 1.0917341 0.7917081 1.2569907 0.5203039 0.5461303 0.9887860 1.0008158 1.0021007 0.8756447 0.7222979 1.1182068 1.3483567 1.0073365 0.9062775 0.8713632 0.8666772 1.0656706 0.9899617 1.0186568 1.0224128 0.6734144 0.5683251 0.8504044 0.9340760 1.0309485 0.8701182 0.8735691 0.9123645 0.9099956 0.6351423 0.8529255 0.8030274 1.1060494 1.0854279 0.7610301 1.1391233 1.0616106 0.8918948 0.9826112 1.0226020 1.1603629 1.4188741 1.4188741 0.7460864 1.2001096 0.9702493 1.0916848 1.2616602 1.2470116 1.0486267 1.2984213 0.3993467 0.8658529 1.0435447 0.9122191 1.0272725 8.6012106 2.2066556 0.9299981 1.5412089 3.3694483 
Vmul_Simscaffold8190_01                                 1.2419766 0.1847605 0.1094060 0.3322198 0.1578265 0.2138557 0.1548753 0.1665019 0.2463995 0.2929657 0.2608582 0.1816242 0.2173130 0.0655569 0.3385360 0.0000000 0.1620032 0.1894279 0.2816826 0.1933743 0.3389588 0.3283948 0.5202964 0.4587221 0.4611087 0.8911621 0.8205196 0.9928955 0.8014706 1.1133448 0.6104322 0.5734644 0.8389256 0.8955773 0.9548222 0.7754347 0.6649904 0.9463817 0.8667251 0.9163973 0.8137509 0.7663046 0.8049731 0.9038443 0.8565305 0.9300290 0.9728681 0.7003931 0.5999415 0.8101956 0.8277044 0.9423680 0.8395424 0.8280357 0.8292867 0.8419600 0.7072351 0.8133912 0.7736945 1.0166817 0.9507456 0.7597873 1.0250724 1.1319401 0.8190855 0.8375298 0.9148814 1.1978159 1.2828405 1.2718047 0.7816096 1.1628616 0.8921934 0.9786432 1.1523340 1.1200356 1.0302534 1.2103721 0.3846993 0.9714407 0.9522928 0.8695935 0.9331414 6.2438448 1.3765369 0.7479854 1.4682093 2.4926073 
Coemet_Cmet_scaffold16178_01                            1.0422405 0.1774847 0.1126385 0.2931136 0.1523917 0.2000938 0.1375816 0.1582652 0.2453247 0.2726538 0.2485623 0.1844707 0.2196038 0.0960123 0.3499033 0.1620032 0.0000000 0.1639970 0.2632379 0.1737305 0.2913034 0.2653278 0.5115579 0.3811360 0.4491419 0.8897132 0.8315177 0.9944823 0.7167019 1.0443830 0.5644501 0.5103536 0.7641314 0.8484955 0.8976139 0.6626373 0.6224344 0.8616234 0.9299566 0.9851062 0.7928418 0.7253113 0.7655204 0.8815884 0.7757696 0.8615430 0.9147937 0.6633336 0.5509130 0.7680768 0.7968916 0.8396363 0.7599929 0.7802364 0.7967765 0.7959242 0.6617713 0.7597589 0.7008278 0.9178481 0.8699703 0.6962337 0.9592713 0.9422530 0.8315971 0.7958385 0.8269742 1.1375810 1.2243918 1.2159397 0.7234262 1.0744203 0.9164388 0.9601226 1.1203137 1.0559810 0.9977796 1.1732866 0.4062060 0.8378215 0.8739062 0.8194413 0.8755519 4.5895480 1.5129317 0.8057130 1.1854830 2.2846212 
Mertsp_Mesp_sb596126                                    1.1967085 0.0937382 0.0982325 0.1234901 0.0785074 0.1301404 0.1301404 0.1453417 0.2139516 0.1361589 0.2324228 0.1666194 0.2072037 0.0761012 0.1355495 0.1894279 0.1639970 0.0000000 0.0000010 0.0000010 0.2143992 0.1751880 0.1589909 0.0502768 0.1998199 0.3617903 0.6572951 0.6694056 0.8294760 0.7493227 0.5886806 0.5308308 0.5417379 0.5509961 0.5651514 0.5629934 0.4511611 0.5082714 0.4218937 0.4715884 0.5418793 0.5365171 0.5366222 0.5829060 0.5619385 0.5790161 0.5901711 0.6535466 0.5570467 0.5998115 0.6795245 0.5684700 0.5898796 0.5967554 0.5948875 0.5948875 0.5781919 0.5836316 0.6005312 0.6730358 0.6167168 0.6358962 0.5880618 1.0746281 0.4803210 0.5226121 0.4459338 0.7137768 0.8601763 0.8601763 0.8120683 0.7733810 0.7228387 0.7044363 0.6963276 0.7405075 0.7252306 0.7564718 0.3888776 0.8497814 0.6381296 0.6202748 0.4371694 1.9064481 0.5034286 0.9190014 1.4247079 0.4221433 
Bolinf_Binf_sb1220498                                   1.1967085 0.1558344 0.1558344 0.2452423 0.0000010 0.2461284 0.2461284 0.2461284 0.2461284 0.2400970 0.2400970 0.2486215 0.2452423 0.1012890 0.2043444 0.2816826 0.2632379 0.0000010 0.0000000 0.0000010 0.4474186 0.2226848 0.0000010 1.5116501 0.0000010 0.0000010 1.0165108 0.9778032 1.1440066 1.1746508 0.8252340 1.0256195 1.0610110 1.1247359 1.1222749 0.9663234 0.5572072 1.0780298 0.0000010 0.0000010 0.8030215 0.7833300 0.7385966 0.9163129 0.9307265 0.9491321 1.0300988 0.9316712 0.8445767 0.8542727 1.0255202 0.8948933 0.9523189 0.9774711 0.9488909 0.9488909 0.9140394 0.9710508 1.3430571 1.1692652 1.0538501 1.0004793 0.9125582 1.0746281 0.6958148 0.7606557 0.3150583 1.1202532 1.3824605 1.3824605 1.6212221 1.2779000 1.0508593 1.0075011 1.1999991 1.2266635 1.1993034 1.2843103 0.3999304 4.0577170 1.2765007 0.8056516 0.4305308 0.0000010 0.0000010 5.8481621 1.4247079 0.0000010 
Bolinf_Binf_sb1220496                                   0.0000010 0.1143655 0.0776239 0.1146934 0.1327129 0.1143655 0.0888062 0.0776239 0.0748851 0.1326045 0.0000010 0.0634776 0.1027486 0.0346096 0.1427890 0.1933743 0.1737305 0.0000010 0.0000010 0.0000000 0.1779968 0.2264699 0.2549029 0.0329167 0.2870541 0.5647078 0.6589323 0.6575413 0.5583021 0.7211501 0.4206526 0.4411288 0.4799346 0.4705487 0.4965978 0.5244244 0.5349868 0.4127355 0.6788147 0.7424248 0.5210397 0.5264974 0.6055500 0.5977362 0.5533151 0.5777425 0.5636221 0.5353313 0.3708626 0.5731843 0.5740041 0.5790897 0.5243200 0.5238626 0.5401026 0.5401026 0.5225630 0.5298473 0.5298473 0.6112565 0.5822984 0.5914769 0.5916589 0.0000010 0.4908761 0.5599677 0.5943926 0.6585739 0.7848162 0.7848162 0.5638241 0.6941513 0.7133483 0.6764531 0.6874544 0.6592352 0.6224258 0.6770872 0.3280516 0.7052680 0.5021968 0.6873445 0.5568441 2.9674215 0.8199781 0.1414584 0.0000010 1.0266598 
Horcal_Hcv1.av93.c3.g704.i1                             1.3819068 0.1778604 0.1249810 0.3651978 0.1624142 0.2010734 0.1454884 0.1702733 0.2739346 0.2912418 0.3105954 0.1957288 0.2474198 0.1083986 0.3730649 0.3389588 0.2913034 0.2143992 0.4474186 0.1779968 0.0000000 0.4073614 0.1151700 0.3579084 0.5528193 1.0678728 0.9198923 1.0983347 0.8026832 1.2141142 0.5885721 0.5652630 1.0110673 1.1393258 1.1616224 0.8870377 0.6501575 1.0925460 1.2800225 0.9984464 0.9664143 0.8930656 0.9259161 1.2059615 0.9898084 1.0231823 1.0443017 0.6853580 0.6282940 0.9084895 1.0004510 1.0217341 0.9872657 1.0191571 0.9502166 0.9533795 0.6833069 0.9592673 0.8977814 1.1109857 1.1379421 0.8649244 1.1783260 1.2931449 0.9547244 0.9848885 0.9845093 1.2356415 1.4567870 1.4073109 0.7864347 1.2954005 1.0340144 1.2013543 1.2164028 1.2969235 1.1711449 1.3623704 0.5456645 0.9853537 1.0419586 0.9313664 1.0159217 5.6270785 1.7336080 0.7803838 1.6194898 2.9992678 
Lampan_Lpan_3927_01                                     1.1929461 0.2191137 0.1694829 0.4295745 0.1929074 0.2386237 0.1695591 0.2084550 0.2730552 0.3179118 0.2938626 0.1991482 0.2342290 0.0965570 0.4160728 0.3283948 0.2653278 0.1751880 0.2226848 0.2264699 0.4073614 0.0000000 0.7378228 0.5036461 0.6181756 1.2068609 1.0154835 1.1882297 0.7421368 1.3101067 0.5758053 0.5415808 0.9502202 1.0877384 1.0821082 0.8018539 0.6820385 1.0257650 1.1442264 0.9609096 0.9658926 0.8689788 0.9011192 1.0217236 0.9320783 0.9902531 1.0018346 0.6123960 0.5737977 0.8809736 0.9536492 0.9843454 1.0285250 1.0654863 0.9933984 0.9937537 0.7083435 1.0228505 0.9834997 1.1293938 1.0768020 0.8839729 1.2259835 1.0011185 0.9700851 0.9290977 0.9978275 1.2444867 1.4712572 1.4174846 0.7971169 1.3108036 1.0775751 1.1873602 1.2779444 1.3282881 1.2630673 1.3540029 0.4148144 0.8789453 1.1197243 0.9412114 1.0394548 5.3948402 1.6390330 0.8704385 1.2469490 3.5707589 
Pbac_sb2639712                                          0.0000010 0.2399837 0.1653785 0.5749997 0.1767567 0.2399837 0.1009180 0.1653785 0.4773658 0.4555562 0.0000010 0.0000010 5.2761355 0.0000010 0.6877887 0.5202964 0.5115579 0.1589909 0.0000010 0.2549029 0.1151700 0.7378228 0.0000000 0.3620738 1.0034994 1.1949408 1.6412997 1.8628104 0.0000010 1.9780466 0.2497266 0.3593676 1.3569936 1.4884012 1.5318527 1.1745955 0.9322205 1.4279995 1.1126949 0.8364503 1.3850439 1.1938867 1.1963515 1.7052460 1.4281455 1.5291859 1.5418642 0.7874615 0.1718356 1.1614931 1.3203989 1.3363339 1.6103059 1.5507284 1.4130192 1.4217140 0.5696918 1.2705781 0.9586510 1.3137281 1.3215593 0.9838395 1.9074614 0.0000010 1.5836095 1.6857787 1.4656104 1.8245247 2.1656487 2.0383944 0.5416567 1.7913199 1.4288336 1.6439433 1.9762948 2.0865526 1.6490682 2.3183095 0.0000010 0.7544422 1.1682544 1.1362844 1.5431760 6.2785151 1.9991913 0.0000010 0.0000010 3.3998581 
Mertsp_Mesp_sb596127                                    8.9999982 0.2471566 0.1842197 0.3276119 0.1327129 0.2609544 0.1640236 0.2143205 3.1456170 0.2968626 2.0692882 3.8281418 5.6371100 7.4465984 0.3320191 0.4587221 0.3811360 0.0502768 1.5116501 0.0329167 0.3579084 0.5036461 0.3620738 0.0000000 0.6059177 0.8960744 0.9704997 1.1744719 1.1275454 1.1666605 0.4787213 0.4708605 0.7141676 0.7943077 0.8574055 0.7371357 0.7861736 0.6753971 1.0078735 1.0857572 0.8896489 0.8395814 0.8448676 1.0865558 0.8898193 0.9999279 0.9825353 0.7228032 0.4782361 0.7053318 0.7207255 0.9924110 0.8531908 0.8322567 0.8627163 0.8627163 0.7023304 0.8590839 0.8590839 1.1066150 1.0908447 0.8751461 1.0697619 8.9999982 0.9179477 0.8670923 0.9622478 0.9224548 1.4517330 1.4517330 0.6799826 1.1381039 0.8891228 1.1184613 1.1656479 1.2559928 1.1257409 1.2850154 4.0078014 0.7818642 0.7997091 1.0492395 0.7753528 4.8735391 1.3597765 8.9999982 4.8879387 2.7141983 
Eupdun_Edun_sb10665269                                  0.0000010 0.3569351 0.1522037 0.6772457 0.2631997 0.3569351 0.1556407 0.1522037 0.2121109 0.5029350 0.0000010 0.2046198 0.2763728 0.1764540 0.7014972 0.4611087 0.4491419 0.1998199 0.0000010 0.2870541 0.5528193 0.6181756 1.0034994 0.6059177 0.0000000 0.0173774 1.0955671 1.2510701 0.4602968 1.2978310 0.3468251 0.4342783 1.0042683 1.2240330 1.1032347 0.8306039 0.7215619 1.3008066 1.3304227 1.1456402 1.1354151 1.0081964 1.1886713 1.1159985 1.1595666 1.0556348 1.1186729 0.4909601 0.3676052 1.0187273 0.9999790 1.0952058 1.0816608 1.1271862 1.1126474 1.1053753 0.6888211 1.0243575 0.8788296 1.0728983 1.0875870 0.7179971 1.2004094 0.0000010 1.0879600 1.1370290 1.0278118 1.4168862 1.7503788 1.7454496 0.5688924 1.4795022 1.1206631 1.1890096 1.4230881 1.5975658 1.3450790 1.5219062 0.0541379 0.6286161 1.0797158 1.1594814 1.0654211 6.3429155 1.9971524 0.2044157 0.0000010 3.7552075 
Eupdun_Edun_sb10665268                                  0.0000010 0.7457484 1.1003374 1.4045063 0.3634043 0.7457484 0.2711364 1.1003374 4.0631685 1.1281762 0.0000010 6.0566766 6.6501982 6.0566766 1.5332618 0.8911621 0.8897132 0.3617903 0.0000010 0.5647078 1.0678728 1.2068609 1.1949408 0.8960744 0.0173774 0.0000000 2.1035918 2.4713997 7.5743819 2.6446168 2.3287867 0.5584485 1.8921472 2.3775508 2.1773108 1.3507742 1.0889815 2.4280679 1.2237220 1.0144885 2.0751708 1.7849368 1.9258904 2.0798919 2.2453331 1.8610462 2.1109309 3.2920536 7.3330814 1.6775151 1.8265689 1.8267876 2.0930772 2.1396210 2.1691290 2.1435381 1.1274380 1.9766259 1.6149989 1.8692998 1.8358766 1.1691583 2.2643925 0.0000010 1.9788843 2.1099398 1.7536754 2.8243358 3.5599141 3.5621960 0.8248346 2.8766301 1.9385122 2.0810263 2.9607685 3.4239079 2.7230404 3.1710127 1.6128886 1.2469155 1.7606606 1.8982843 2.0574464 6.3429155 2.0204108 0.0000010 0.0000010 3.7552075 
Lcom_lcpid59079                                         0.8755940 0.7079808 0.5273713 1.0581080 0.5343842 0.7281814 0.5530514 0.5906400 0.8346034 0.8901213 0.8461162 0.7283423 0.9204744 0.6366068 0.9283131 0.8205196 0.8315177 0.6572951 1.0165108 0.6589323 0.9198923 1.0154835 1.6412997 0.9704997 1.0955671 2.1035918 0.0000000 0.4530359 0.2424901 0.4168401 0.3527218 0.4750979 0.6880590 0.7480977 1.0874538 0.7071479 0.6601892 0.8419506 1.3053566 0.9818027 0.7055604 0.6644556 0.7252371 0.9178343 0.8883307 0.8652221 0.9107250 0.6644030 0.5144626 0.7532633 0.7575096 0.7932562 0.8643136 0.8674412 0.8184277 0.8239212 0.6371021 0.7623023 0.8438331 0.9188287 0.8846240 0.8032000 0.9321419 0.8849486 0.8173849 0.8430347 0.7720330 1.1268866 1.2040634 1.1812686 0.7744796 1.1957998 1.0719088 1.0960377 1.1413521 1.1505728 1.2254726 0.9909123 0.9419126 1.0696052 1.0340994 0.8892017 0.9842373 6.9514710 1.6353355 1.1130625 1.4367109 3.0481067 
Leuniv_Lniv_scaffold11017_01                            1.0522052 0.7720688 0.5286095 1.1254496 0.4843543 0.8236576 0.5769236 0.6394684 0.8904597 0.9723396 0.8813442 0.7776943 0.9071815 0.6242975 1.0917341 0.9928955 0.9944823 0.6694056 0.9778032 0.6575413 1.0983347 1.1882297 1.8628104 1.1744719 1.2510701 2.4713997 0.4530359 0.0000000 0.2054974 0.3871243 0.4199246 0.5262212 0.8769139 0.9814064 1.2731479 0.8084764 0.6976893 0.9906508 1.4951577 1.2794859 0.9215919 0.8523033 0.9608160 1.0813658 0.9657780 0.9605567 0.9943040 0.6628843 0.5751364 0.7877926 0.8543538 0.8904150 0.9725929 0.9820516 0.9486556 0.9664599 0.7439832 0.9202172 0.9642226 0.9859288 0.9804680 0.8933135 1.0906388 1.0582459 0.8505097 1.0546758 0.8214973 1.3649365 1.5107013 1.4778343 0.9025932 1.3780852 1.1797989 1.2037827 1.3362300 1.3736696 1.4248494 1.2784247 0.8218777 1.0404492 1.3595173 1.0610558 0.9674089 4.3880315 1.9823264 1.3292867 1.4235957 3.5021976 
Gracom_Gcom_scaffold17769_01                            1.1349949 0.6283505 0.6283505 0.7424167 0.0000010 0.7895062 0.7895062 0.7895062 1.1066507 0.7940065 1.1509628 0.8354072 1.0125876 0.7802830 0.7917081 0.8014706 0.7167019 0.8294760 1.1440066 0.5583021 0.8026832 0.7421368 0.0000010 1.1275454 0.4602968 7.5743819 0.2424901 0.2054974 0.0000000 0.2450414 0.5000152 0.5638303 0.5405093 0.5463203 0.9999306 0.5983692 0.4769392 0.7260817 3.7211345 8.3321386 0.6060804 0.6125600 0.7054505 0.7171131 0.6630302 0.6432692 0.7318265 0.7264815 0.6721046 0.5590903 0.7139104 0.6262500 0.6250141 0.6341853 0.6322523 0.6409671 0.6458055 0.6793075 0.7816419 0.5825908 0.6038879 0.7437245 0.7375296 1.2001842 0.4436777 0.5764575 0.3146334 0.9037085 0.9754194 0.9754194 1.0974673 1.0995651 0.9143681 0.9723923 0.9142600 0.9544005 0.9658165 0.7915929 1.1254518 1.2909189 1.0830415 0.8035815 0.3772723 0.0000010 0.7712850 1.2617779 1.4103960 0.0000010 
Scil_scict016891.1                                      1.0964169 0.9094394 0.6282609 1.2335558 0.5559852 0.9615233 0.6941906 0.7442137 1.1521196 1.0786752 1.1392487 0.9450628 1.1089345 0.8248971 1.2569907 1.1133448 1.0443830 0.7493227 1.1746508 0.7211501 1.2141142 1.3101067 1.9780466 1.1666605 1.2978310 2.6446168 0.4168401 0.3871243 0.2450414 0.0000000 0.4745636 0.5772519 0.8849915 0.9408887 1.3726887 0.8853768 0.7480717 1.0603785 1.7426248 1.3969483 0.9329689 0.8693896 0.9709207 1.0500485 0.9880594 0.9501685 0.9368628 0.6627126 0.5967359 0.8081664 0.8698395 0.9576147 0.9455253 0.9384529 0.9143799 0.9285776 0.7512126 0.9157838 0.9650071 1.0066437 1.0401117 0.8166290 1.1100273 1.2126021 0.8813918 1.0124662 0.9164759 1.2770884 1.5584997 1.5318051 0.8767891 1.3774887 1.1748346 1.1882319 1.3065414 1.3790103 1.4195145 1.3131214 1.1325718 1.2526318 1.4171996 1.1609865 0.9512865 4.4607784 1.9374207 1.4337923 1.5753655 3.7050131 
Clacor_Ccor_scaffold10614_01                            0.9022161 0.4696549 0.4696549 0.5608876 0.1979581 0.5622375 0.5622375 0.5622375 0.7916883 0.5398249 0.7364465 0.7182763 0.8308032 0.6915620 0.5203039 0.6104322 0.5644501 0.5886806 0.8252340 0.4206526 0.5885721 0.5758053 0.2497266 0.4787213 0.3468251 2.3287867 0.3527218 0.4199246 0.5000152 0.4745636 0.0000000 0.4753122 0.4547476 0.4943826 0.6090574 0.4907127 0.3357571 0.5627908 4.7934704 7.1607995 0.5269417 0.5331463 0.5991774 0.5632850 0.4736389 0.4630765 0.5356505 0.5235194 0.5029644 0.5002029 0.6366116 0.4752252 0.5382860 0.5256447 0.5320618 0.5365567 0.5571732 0.5356803 0.6043907 0.5310995 0.5400784 0.5456891 0.5358337 1.0188711 0.3326413 0.3301630 0.2764716 0.8400327 0.7837479 0.7837479 0.8750094 0.8505870 0.7344745 0.8042303 0.6800741 0.7434563 0.7669999 0.6417103 0.8211840 0.8208355 0.7388244 0.5305848 0.2524195 0.0000010 0.7712850 1.3534713 1.6516169 0.0000010 
Fspp_ffun1.m4.14902.m1                                  0.8865461 0.4442091 0.4632041 0.5268039 0.3494016 0.5360080 0.5054240 0.5916624 0.8622198 0.5486885 0.9657930 0.7587844 0.8912706 0.5565009 0.5461303 0.5734644 0.5103536 0.5308308 1.0256195 0.4411288 0.5652630 0.5415808 0.3593676 0.4708605 0.4342783 0.5584485 0.4750979 0.5262212 0.5638303 0.5772519 0.4753122 0.0000000 0.0592300 0.0707450 0.1756981 0.2628314 0.2342139 0.0539679 0.0914365 0.1280879 0.3039361 0.3086852 0.3505397 0.4423643 0.4027511 0.3781545 0.4212943 0.5097565 0.3561238 0.4524909 0.5613407 0.4027076 0.4102621 0.3950559 0.3975836 0.4010416 0.4186925 0.4210920 0.4794345 0.5406381 0.5305482 0.5066504 0.4728923 0.8252510 0.3978145 0.3574414 0.4141194 0.6390213 0.6256242 0.6256242 0.7510270 0.7032832 0.6999965 0.6181691 0.5514618 0.6704752 0.6683854 0.5427950 0.8254285 0.4945967 0.3221131 0.2377970 0.3507192 1.1274996 0.4472824 1.7802886 1.2844758 0.4900278 
Pocdam_XM_027195828.1                                   0.8477194 0.6046959 0.4801807 0.9391644 0.3413345 0.6787195 0.5144152 0.6019076 0.8694020 0.7954312 1.0024386 0.7442247 0.8704850 0.5757184 0.9887860 0.8389256 0.7641314 0.5417379 1.0610110 0.4799346 1.0110673 0.9502202 1.3569936 0.7141676 1.0042683 1.8921472 0.6880590 0.8769139 0.5405093 0.8849915 0.4547476 0.0592300 0.0000000 0.0684299 0.3778232 0.4458175 0.3690372 0.1884442 0.3249970 0.2328268 0.5420591 0.5348002 0.5432167 0.7441735 0.7273974 0.6468115 0.6587914 0.5058329 0.3770637 0.6441879 0.7636794 0.6024751 0.6937225 0.6767083 0.6716506 0.6758211 0.4600810 0.6566344 0.6789827 0.8100906 0.8125383 0.5821254 0.8624932 0.8347360 0.7077619 0.7289957 0.8480985 1.0505723 1.0529433 1.0138758 0.7231865 1.0829120 0.7991282 0.9398253 0.9394763 1.0894431 1.0674739 0.9291870 0.8464366 0.5034421 0.5570785 0.3811308 0.8109993 5.6511776 1.2526201 1.7341284 1.2745524 2.7500767 
Spis_XP_022805492_1                                     0.8722276 0.6659867 0.4965451 1.0677177 0.3375674 0.7461971 0.5262528 0.6343174 0.9258465 0.8656180 1.0630219 0.7788399 0.9187825 0.6263672 1.0008158 0.8955773 0.8484955 0.5509961 1.1247359 0.4705487 1.1393258 1.0877384 1.4884012 0.7943077 1.2240330 2.3775508 0.7480977 0.9814064 0.5463203 0.9408887 0.4943826 0.0707450 0.0684299 0.0000000 0.5218944 0.4647577 0.4165640 0.2551659 0.3907799 0.3151010 0.6745831 0.6041519 0.6530550 0.8750628 0.8221270 0.7393463 0.7507497 0.5317368 0.3975718 0.7099374 0.8090182 0.6696284 0.8144072 0.7998230 0.7833920 0.7849433 0.5577999 0.7424353 0.7722921 0.9100693 0.9374022 0.6909840 1.0156007 0.8675793 0.8516632 0.9107822 0.8809840 1.1890704 1.1645166 1.1329942 0.7325879 1.2358636 0.8857944 1.0607724 1.1385656 1.2621060 1.2539170 1.0464268 0.8941134 0.5328193 0.6434514 0.4669366 0.9880888 7.4315035 1.6773331 1.7398064 1.2885719 3.4219105 
Gasp_gasp1.m3.3482.m1                                   1.8639459 0.6873999 0.4922915 1.1272754 0.3352084 0.8060136 0.5489168 0.6788132 1.0176383 0.8913963 1.1271660 0.8770375 1.0269906 0.5814962 1.0021007 0.9548222 0.8976139 0.5651514 1.1222749 0.4965978 1.1616224 1.0821082 1.5318527 0.8574055 1.1032347 2.1773108 1.0874538 1.2731479 0.9999306 1.3726887 0.6090574 0.1756981 0.3778232 0.5218944 0.0000000 0.6834123 0.4051827 0.5302041 0.3865142 0.2953847 0.8713670 0.7769291 0.9010801 0.9766710 0.9223279 1.0007550 0.9223117 0.6673010 0.6555508 0.9704267 1.0350227 0.8801842 1.0219874 1.0287953 1.0465396 1.0320752 0.7569650 0.9975573 0.9690947 1.1095857 1.1935928 0.7636238 1.1989391 1.7583458 0.9224462 0.8974658 0.8701019 1.4124416 1.3949564 1.3467559 0.9292750 1.6185790 1.1227443 1.3515259 1.2735634 1.3422806 1.3926043 1.3474062 0.8396096 0.5307626 0.7199553 0.4734655 1.0145433 7.7593531 1.8761459 1.8922784 3.1170486 4.1994924 
Nvec_v1g112850                                          1.1141032 0.5902669 0.4785602 0.8157391 0.4279146 0.6769778 0.5351810 0.6168118 0.8199736 0.7034381 0.9076587 0.7124447 0.8425460 0.4927392 0.8756447 0.7754347 0.6626373 0.5629934 0.9663234 0.5244244 0.8870377 0.8018539 1.1745955 0.7371357 0.8306039 1.3507742 0.7071479 0.8084764 0.5983692 0.8853768 0.4907127 0.2628314 0.4458175 0.4647577 0.6834123 0.0000000 0.2850712 0.5398098 0.8647027 0.6754911 0.5047476 0.5051275 0.6197205 0.7090810 0.6051466 0.5388066 0.5905481 0.5047444 0.4116059 0.6951261 0.7858860 0.7265353 0.6637831 0.6549705 0.6644459 0.6675630 0.5498558 0.6498504 0.6934049 0.7916079 0.7550585 0.5653443 0.8325198 1.0268574 0.6553022 0.5379571 0.8214576 0.9664628 0.9984731 0.9776009 0.7541759 0.8620845 0.7850112 0.8578598 0.9213150 0.9445319 0.9856641 0.8949666 0.8362831 0.7334297 0.7233354 0.5729803 0.6672202 3.6547455 1.0845968 1.5880048 1.5268637 1.9710336 
Exapal_XM_021046612.2                                   0.5432779 0.6188363 0.4694588 0.6898754 0.4377765 0.6248035 0.4490082 0.4929146 0.5651843 0.6564991 0.6106008 0.4740480 0.5213793 0.4979900 0.7222979 0.6649904 0.6224344 0.4511611 0.5572072 0.5349868 0.6501575 0.6820385 0.9322205 0.7861736 0.7215619 1.0889815 0.6601892 0.6976893 0.4769392 0.7480717 0.3357571 0.2342139 0.3690372 0.4165640 0.4051827 0.2850712 0.0000000 0.4278629 0.7840061 0.7183472 0.4777697 0.4622687 0.5454894 0.5239119 0.5450899 0.4907715 0.4800479 0.3744617 0.2574982 0.5429537 0.5357852 0.6002503 0.5236157 0.5214876 0.5266397 0.5302607 0.4438046 0.5362547 0.5427051 0.6116108 0.5802497 0.4950606 0.7372278 0.5752601 0.5669668 0.5205541 0.6594656 0.7198442 0.8436932 0.8436932 0.5916489 0.7844589 0.7568116 0.6886195 0.8408583 0.7287711 0.7690935 0.7311114 0.4673527 0.5589776 0.5018759 0.5797776 0.5646276 2.5469083 1.0232725 1.2572400 0.7445133 1.5808887 
Gfas_gfas1.m1.7885.m1                                   0.9609433 0.6430036 0.4243041 1.0696816 0.3393040 0.7604288 0.5168250 0.6330149 0.9359479 0.8695535 1.0681610 0.9031789 0.9443394 0.5834725 1.1182068 0.9463817 0.8616234 0.5082714 1.0780298 0.4127355 1.0925460 1.0257650 1.4279995 0.6753971 1.3008066 2.4280679 0.8419506 0.9906508 0.7260817 1.0603785 0.5627908 0.0539679 0.1884442 0.2551659 0.5302041 0.5398098 0.4278629 0.0000000 0.3374882 0.3094479 0.6962505 0.6216700 0.6332550 0.8511377 0.7881191 0.7274903 0.8120367 0.5488918 0.3903003 0.7523078 0.8577225 0.7133944 0.7644662 0.7529622 0.7047717 0.7122267 0.5377843 0.7171388 0.7613359 0.9185196 0.9586191 0.7074290 1.0793753 0.9429282 0.8533035 0.8447421 0.9271536 1.1569683 1.2627407 1.2111240 0.8165141 1.2177547 0.9837760 1.0065451 1.0754603 1.2999399 1.2596469 1.1254739 0.8747149 0.5759826 0.7047044 0.4769825 0.9118162 5.7566745 1.5211091 7.7275145 1.3781434 3.3167513 
Fspp_ffun1.m4.31654.m1                                  0.0000010 0.8841767 1.3902927 1.3301675 0.3886523 0.8841767 0.3778089 1.3902927 1.1323638 0.9805767 0.0000010 0.0000010 3.3698825 0.0000010 1.3483567 0.8667251 0.9299566 0.4218937 0.0000010 0.6788147 1.2800225 1.1442264 1.1126949 1.0078735 1.3304227 1.2237220 1.3053566 1.4951577 3.7211345 1.7426248 4.7934704 0.0914365 0.3249970 0.3907799 0.3865142 0.8647027 0.7840061 0.3374882 0.0000000 0.0379643 0.8907368 0.8118043 0.7707039 1.1284473 1.1482416 1.1402732 1.1023629 2.7413164 3.2343205 0.8535390 0.7708100 0.9802324 1.2625949 1.2062702 1.1251156 1.1130605 0.6848823 0.9183623 0.9183623 1.2867615 1.2217191 0.8506039 1.6005946 0.0000010 1.3211129 1.2653542 1.0968526 1.5828542 1.7634319 1.7634319 0.7216828 1.7041374 1.2115705 1.4278540 1.8048069 1.7827201 1.8028470 1.8931374 0.0000010 0.5285383 0.8370621 0.7580865 1.1236747 3.9844205 1.1394537 0.0000010 0.0000010 1.9924842 
Fspp_ffun1.m4.26387.m1                                  0.0000010 0.9384566 1.5104002 1.0415135 0.4283680 0.9384566 0.4226903 1.5104002 1.3817667 1.0524558 0.0000010 0.0000010 4.2649124 0.0000010 1.0073365 0.9163973 0.9851062 0.4715884 0.0000010 0.7424248 0.9984464 0.9609096 0.8364503 1.0857572 1.1456402 1.0144885 0.9818027 1.2794859 8.3321386 1.3969483 7.1607995 0.1280879 0.2328268 0.3151010 0.2953847 0.6754911 0.7183472 0.3094479 0.0379643 0.0000000 0.7990878 0.7034639 0.7925062 1.0257577 0.9888733 1.0126443 0.9163815 3.1547764 6.2197864 0.7479866 0.6321690 0.7694833 0.9373351 0.8941932 0.8948445 0.8948445 0.7270957 0.8050546 0.8050546 1.0760201 1.0381027 0.8198312 1.2262836 0.0000010 1.1213362 0.9771768 0.8544665 1.3836731 1.5456558 1.5456558 0.7935653 1.3609335 1.0973247 1.2832232 1.6587950 1.4758493 1.4645058 1.4585557 0.0000010 0.6363032 0.5804919 0.6124190 0.9858413 3.2275745 0.9614091 0.0000010 0.0000010 2.0706034 
Dgig_XM_028554644.1                                     0.8885935 0.6395075 0.5062375 0.8674842 0.4398521 0.6856912 0.5143640 0.5970493 0.7173268 0.7991047 0.7757163 0.6258745 0.7363342 0.5068440 0.9062775 0.8137509 0.7928418 0.5418793 0.8030215 0.5210397 0.9664143 0.9658926 1.3850439 0.8896489 1.1354151 2.0751708 0.7055604 0.9215919 0.6060804 0.9329689 0.5269417 0.3039361 0.5420591 0.6745831 0.8713670 0.5047476 0.4777697 0.6962505 0.8907368 0.7990878 0.0000000 0.0105618 0.2780635 0.7360887 0.7027075 0.7054807 0.7451265 0.4773939 0.3802292 0.7087715 0.8095955 0.7999459 0.7916942 0.7750687 0.7684429 0.7815425 0.5681905 0.7127778 0.7631702 0.8923309 0.8684033 0.7063838 0.9067696 0.9680654 0.8413048 0.7405760 0.7691777 1.0108907 1.0762247 1.0260692 0.7678650 0.9733979 0.7807092 0.9378450 1.0477013 1.1064650 1.0883843 1.0561358 0.8439822 0.7852758 0.9571525 0.8280106 0.8689400 7.9300794 1.6012744 1.6195336 1.4937884 2.5885714 
Dgig_XM_028555752.1                                     0.9076093 0.6010602 0.4974008 0.8261808 0.4371612 0.6523917 0.5078841 0.5897797 0.7020625 0.7500864 0.7570809 0.6145726 0.7205181 0.4899311 0.8713632 0.7663046 0.7253113 0.5365171 0.7833300 0.5264974 0.8930656 0.8689788 1.1938867 0.8395814 1.0081964 1.7849368 0.6644556 0.8523033 0.6125600 0.8693896 0.5331463 0.3086852 0.5348002 0.6041519 0.7769291 0.5051275 0.4622687 0.6216700 0.8118043 0.7034639 0.0105618 0.0000000 0.2605762 0.6892641 0.6453893 0.6333465 0.6765780 0.4832994 0.3862469 0.6613940 0.7589544 0.7805986 0.7144285 0.7002497 0.7040935 0.7164967 0.5301558 0.6719372 0.7061618 0.8191305 0.8094430 0.6299140 0.8290228 0.9843085 0.7474162 0.6649195 0.7444097 0.9838989 1.0066760 0.9568205 0.7709435 0.9104302 0.7503633 0.8671250 0.9613248 1.0025128 1.0129334 0.9916514 0.8274031 0.7825946 0.8489256 0.7231876 0.7551857 6.0181278 1.2799815 1.6195336 1.4937884 2.1693029 
