76
Morvir_scaffold154.g43.t1                           0.0000000 1.1097309 1.5105189 1.4250566 1.4250566 0.9026455 1.4161293 1.4167501 1.4167501 1.4367026 1.1947703 1.5560953 1.6807425 1.5309842 1.3753544 1.4409528 1.4948528 1.5192285 0.5421499 0.0000010 1.1303923 0.6229516 0.9263790 1.0674751 1.6285316 1.0043129 1.0102461 1.1022941 1.0321841 0.0000010 1.4561749 0.0000010 1.0412238 1.0585331 1.1224796 1.0987258 1.0778268 0.8064370 1.4041786 1.0688503 1.5093374 3.8130391 1.3593796 1.1256628 1.0348113 1.2268493 0.6739034 1.3961204 1.2918275 1.3896702 1.3456094 0.9676484 1.5309725 0.9760765 0.9875099 0.8144529 1.2710787 1.2355107 1.8912148 1.6557704 1.5189983 1.5647576 1.5436982 1.7086149 1.4465273 1.0436826 2.1904892 2.2523245 1.0779734 2.8411731 2.0354284 0.0000010 1.3086108 0.0000010 5.8817891 0.0000010 
Lcom_lcpid42437                                     1.1097309 0.0000000 0.9550371 0.9332442 0.8891427 0.7161762 1.0569869 0.9033001 1.0316015 1.0185668 0.9218052 1.1127103 1.1642669 1.1420011 0.9501592 1.0010334 1.1170513 1.0783829 0.8374625 3.8946456 0.4670327 0.7882203 0.8318740 0.8299499 0.9069169 0.8901755 0.9367230 1.0663739 0.9428114 3.2828518 0.9940115 0.6737874 0.9502728 0.9516657 0.9567482 0.9504864 0.9473757 0.8657572 0.9593282 1.0553811 0.6287817 0.5253660 0.4429083 0.9932570 1.0564127 1.0600117 0.6690326 1.0127553 0.9909449 0.9352398 0.8532170 0.9147590 1.1468896 1.0594222 1.0587762 0.9080991 1.0472491 0.9488487 1.2726543 1.2344853 1.1473210 1.1538963 1.2450558 1.5288180 1.0745500 1.0729654 1.3213689 1.3809407 1.1835710 2.6500217 0.8958147 3.7571727 0.9096737 2.0255035 2.4558968 2.3208798 
Bolinf_Binf_sb1216142                               1.5105189 0.9550371 0.0000000 0.2599487 0.2599487 0.1575173 0.2441612 0.2531638 0.2531638 0.2677882 0.0201286 0.3312584 0.3761774 0.3560954 0.3072821 0.2960228 0.3535421 0.4596233 0.2066089 0.0000010 1.0775956 0.6470739 1.1730691 1.0702375 0.8505141 1.1123289 1.1440476 1.5722328 1.1375935 0.7067112 1.5349740 0.9342188 1.1403148 1.1142013 1.1346181 1.1072712 1.1314683 0.8287075 1.4108975 1.3379436 1.2502436 0.5277713 1.0631351 1.3431041 1.1883479 1.2737497 0.7353930 1.4649403 1.4446377 1.6887124 1.3185217 1.2764612 1.4936159 1.2276675 1.2263697 1.2904503 1.3697593 1.2940278 1.5032280 1.3667955 1.4711709 1.3922342 1.4156458 1.6145753 1.4167313 1.2442442 1.7300612 1.5881228 1.2864351 2.6015254 0.7002745 0.0000010 1.1746720 0.0000010 5.2644824 0.0000010 
Bolinf_Binf_sb1255993                               1.4250566 0.9332442 0.2599487 0.0000000 0.0000010 0.1141945 0.1479093 0.2378256 0.2378256 0.2901402 0.2431323 0.3104736 0.4130316 0.3896781 0.2647731 0.2736946 0.3956558 0.4755024 0.2193968 0.0000010 1.1434057 0.6402624 1.1456140 1.0272710 0.7947554 1.1266127 1.1520700 1.5897104 1.1357141 0.7067112 1.5728568 0.9073337 1.1232559 1.0821307 1.1277205 1.0931969 1.0931360 0.8456544 1.4566171 1.1667548 1.2075475 0.5395378 1.1387718 1.3844887 1.1872094 1.2929414 0.7816851 1.4747888 1.4254538 1.5778401 1.2415807 1.2377504 1.4403952 1.1748839 1.1600823 1.1576703 1.3534451 1.2983146 1.4789329 1.4360226 1.3789955 1.3565324 1.3952716 1.6021931 1.3386725 1.1595041 1.7591073 1.6257827 1.2587694 2.3900685 0.7051249 0.0000010 1.1331896 0.0000010 5.6849114 0.0000010 
Mertsp_Mesp_sb585735                                1.4250566 0.8891427 0.2599487 0.0000010 0.0000000 0.1141945 0.1422627 0.2204698 0.2252167 0.2576259 0.2158182 0.2878622 0.3663186 0.3481414 0.2501133 0.2579008 0.3561636 0.4333326 0.2261258 0.9402907 1.0382789 0.6327604 1.0542411 0.9460176 0.7428485 1.0357351 1.0624858 1.5897104 1.0580978 1.7847889 1.4196950 0.6169057 1.0540636 1.0207404 1.0525699 1.0249324 1.0421645 0.8532434 1.3121190 1.0825304 1.0974512 0.5715985 1.0446644 1.2205493 1.0939572 1.1820164 0.7816851 1.3315478 1.2933226 1.5778401 1.1494009 1.1236775 1.3069643 1.0891598 1.0758886 1.0538987 1.2671096 1.1857931 1.3180443 1.2954879 1.2754194 1.2065705 1.2692606 1.4444613 1.0104009 1.0830965 1.5882295 1.4434670 1.3770799 2.1075071 0.7029759 4.8831067 1.1331896 0.0000010 5.6924441 5.7880516 
Vmul_sbMO400964                                     0.9026455 0.7161762 0.1575173 0.1141945 0.1141945 0.0000000 0.0000010 0.1157531 0.1157531 0.1440962 0.1575173 0.2334572 0.2878302 0.2857868 0.1929140 0.1853154 0.2963941 0.3398759 0.2240313 0.0000010 0.8307213 0.6361767 0.7853192 0.7014286 0.7941080 0.8170179 0.8355655 1.0708423 0.8235544 0.7067112 0.9311812 0.8294643 0.8062185 0.7764123 0.8054109 0.8054109 0.7753847 0.7917125 0.8723927 0.8128602 0.8366834 0.4524641 0.7853836 0.8843518 0.8301383 0.8113495 0.7406923 0.8761016 0.9232006 0.7599940 0.8217886 0.7732282 0.9150841 0.8270130 0.8636367 0.8573789 0.7723291 0.8383342 0.9111525 0.8475075 0.9519284 0.8838619 0.9489059 0.9736237 1.3057724 0.8788940 1.1096533 0.9294014 0.8468445 2.7693464 0.7091562 0.0000010 0.7289297 0.0000010 2.7704529 0.0000010 
Mlei_ML3222.g14.i1                                  1.4161293 1.0569869 0.2441612 0.1479093 0.1422627 0.0000010 0.0000000 0.1902478 0.2958957 0.2959921 0.1727235 0.3768283 0.3461857 0.4075315 0.3260946 0.3639923 0.4573398 0.5865460 0.5312698 0.2360399 1.0049571 1.4005553 1.5117601 1.0595529 0.7603288 1.5255796 1.4935122 1.6099642 1.5522798 1.1161059 1.5036162 0.6978404 1.2868949 1.2726249 1.3455427 1.2925166 1.3725734 0.8933105 1.5770108 1.5103633 1.4890613 0.8359017 1.3920561 1.7290930 1.4536401 1.5434553 0.7406923 1.6747427 1.6694887 1.5567432 1.5821705 1.1391132 1.6402453 1.5008406 1.4417875 1.5463683 1.5617460 1.4415480 1.6516433 1.6838233 1.2619506 1.5852465 1.5419632 1.4712563 1.3164353 1.4952648 1.6259407 1.7920666 1.7864935 1.8247529 1.4029480 2.4811042 1.1079993 0.5119893 3.0313750 2.7555591 
Drygla_Dgla_sb304956                                1.4167501 0.9033001 0.2531638 0.2378256 0.2204698 0.1157531 0.1902478 0.0000000 0.0048946 0.2503316 0.1687485 0.3043513 0.3772639 0.3563883 0.2820121 0.2909969 0.3980988 0.4183288 0.1885817 0.9329058 1.0245707 0.6491456 1.0628597 0.9095912 0.7394472 1.0392114 1.0459605 1.5353183 1.0382601 2.2290654 1.4077268 0.7650675 1.0321415 1.0185657 1.0360866 1.0143216 1.0394421 0.8435585 1.2433874 1.2114010 1.1764137 0.6215123 1.0749722 1.1823734 1.0753457 1.1865013 0.8054096 1.3819614 1.3536016 1.5873416 1.1264787 1.0929788 1.3410642 1.1488413 1.1079387 1.0323756 1.2066065 1.1670772 1.3448571 1.2808929 1.2917004 1.2318722 1.2747636 1.4683017 1.1956270 1.1469982 1.5613774 1.4297545 1.3345330 2.1971174 0.6705523 2.2803028 1.1978099 5.2452005 3.4957588 8.9999982 
Drygla_Dgla_sb304953                                1.4167501 1.0316015 0.2531638 0.2378256 0.2252167 0.1157531 0.2958957 0.0048946 0.0000000 0.3693041 0.1631345 0.4094204 0.3858665 0.4481781 0.3673778 0.4008670 0.4973260 0.6125739 0.4917104 0.3889926 1.0245707 1.5494290 1.6357615 1.0257790 0.7912893 1.6359594 1.5501147 1.5353183 1.5883957 1.2079292 1.5145836 0.7650675 1.3945564 1.3844030 1.4476180 1.4119302 1.4595667 0.9158563 1.6775471 1.5859061 1.6664735 0.8136517 1.4389193 1.8289376 1.5961360 1.6441872 0.8054096 1.7597151 1.7073427 1.5873416 1.6004077 1.1059005 1.7784758 1.6156388 1.5520255 1.5753348 1.6329804 1.5376269 1.7063646 1.8214426 1.3345862 1.7223243 1.6589946 1.4603610 1.3674904 1.6545725 1.5389594 1.8095974 1.8478020 2.1740746 1.6854423 2.2240502 1.1978099 0.5727318 3.1930735 3.1152648 
Beraby_Baby_sb330371                                1.4367026 1.0185668 0.2677882 0.2901402 0.2576259 0.1440962 0.2959921 0.2503316 0.3693041 0.0000000 0.1831293 0.4153570 0.3835940 0.4645015 0.4158439 0.4825805 0.4907607 0.5777416 0.5209499 0.3787069 0.9498879 1.4906600 1.6081986 1.1075104 0.7836496 1.5640495 1.5342470 1.6116015 1.6280924 1.1987620 1.4985284 0.6822597 1.3554487 1.3381001 1.3850635 1.3526073 1.4273938 0.9077384 1.6369643 1.6951331 1.6968960 0.9132085 1.4308418 1.7073237 1.5443216 1.6203328 0.7663225 1.6120192 1.6398108 1.4701156 1.6331607 1.0927207 1.7144617 1.6536093 1.5600325 1.6203530 1.6284252 1.5267235 1.5687524 1.6967117 1.2912876 1.7273484 1.6580501 1.3362944 1.2679174 1.6390025 1.5386862 1.8182564 1.8482657 2.0764789 1.6316275 2.2970380 1.0784767 0.7210445 3.1022836 3.1294370 
Mertsp_Mesp_sb570444                                1.1947703 0.9218052 0.0201286 0.2431323 0.2158182 0.1575173 0.1727235 0.1687485 0.1631345 0.1831293 0.0000000 0.2063485 0.2332165 0.2408583 0.2337218 0.2373952 0.2719376 0.3229141 0.2308826 0.2547211 0.8025156 0.7353622 0.8385978 0.7959042 0.8685558 0.8881108 0.8921374 1.1358405 0.8580846 1.6989930 1.0994016 0.7007284 0.8853141 0.8695413 0.8584913 0.8572447 0.8933885 0.8774006 0.9672912 1.0350516 1.0118760 0.7785263 0.8896011 0.9633062 0.8968339 0.9049546 0.7353930 0.9756721 1.0150935 0.9485569 0.9216808 0.9057179 1.1051528 1.0133409 1.0164022 0.9551681 0.9998204 0.8938773 1.0389432 1.0311524 1.0793718 1.0531661 1.0484499 1.2121703 1.0785241 0.9946104 1.2975832 1.1387622 1.1149492 1.3337960 0.8098097 0.8750153 0.8484175 0.0000010 1.9377724 0.6279790 
Lampan_Lpan_12386_01                                1.5560953 1.1127103 0.3312584 0.3104736 0.2878622 0.2334572 0.3768283 0.3043513 0.4094204 0.4153570 0.2063485 0.0000000 0.3771169 0.4283372 0.4246959 0.4561031 0.4440510 0.5521275 0.4698771 0.5077226 1.0685644 1.3487466 1.5275490 1.0800956 0.8095274 1.5916212 1.5498760 1.6821016 1.6156598 1.2286993 1.5354191 0.7233780 1.3161989 1.3135343 1.3393033 1.3048622 1.3938471 0.8907791 1.6391545 1.5884681 1.5982926 0.8882581 1.3977644 1.8641850 1.5338928 1.5377768 0.8175622 1.7152178 1.7040566 1.6117815 1.5382103 1.1291667 1.7248794 1.5883796 1.5220181 1.5705821 1.6585989 1.4741710 1.7304680 1.8008737 1.3771907 1.7645068 1.5637716 1.4508609 1.2929138 1.6417760 1.5915792 1.8933174 1.8179141 2.0814130 1.6406645 2.1779019 1.1065180 0.7156789 3.1110168 3.2528508 
Coeast_Cast_sb798311                                1.6807425 1.1642669 0.3761774 0.4130316 0.3663186 0.2878302 0.3461857 0.3772639 0.3858665 0.3835940 0.2332165 0.3771169 0.0000000 0.0450424 0.4591074 0.4298410 0.2736377 0.5319269 0.4136799 0.5390516 1.0146469 1.0716364 1.2770357 1.1190226 0.7865573 1.3190853 1.2678360 1.7353689 1.2532148 1.3152700 1.4592257 0.7231696 1.3389479 1.3236256 1.3184138 1.3173684 1.3314401 0.8643720 1.5572862 1.3907954 1.2984242 0.7937056 1.2464758 1.5543887 1.3731182 1.4561013 0.7235985 1.4624948 1.4772573 1.6198712 1.2827216 1.2236684 1.5310170 1.4961625 1.3958390 1.4657503 1.4428069 1.3447959 1.4802601 1.6235825 1.3738946 1.5170350 1.4244003 1.4907419 1.3726124 1.5055501 1.4976878 1.6817105 1.5793901 1.5128224 1.1444843 2.1915466 1.2524331 0.6770861 2.1680932 2.1446411 
Coemet_Cmet_C604202_01                              1.5309842 1.1420011 0.3560954 0.3896781 0.3481414 0.2857868 0.4075315 0.3563883 0.4481781 0.4645015 0.2408583 0.4283372 0.0450424 0.0000000 0.4700793 0.4895932 0.2999882 0.5950614 0.4924447 0.5603677 1.0025999 1.4349399 1.5331450 1.1119898 0.8120837 1.5305339 1.4505214 1.5566878 1.5136485 1.3507093 1.5336939 0.7050777 1.4402960 1.4227997 1.4462725 1.4047132 1.4902012 0.8675413 1.6400770 1.5489603 1.5611349 0.7583849 1.4820180 1.7201060 1.5363621 1.6437449 0.7215175 1.7133906 1.7294064 1.5300315 1.4922246 1.1831347 1.7071467 1.6607650 1.5350704 1.6992336 1.5845462 1.4738637 1.6785259 1.7801929 1.3497706 1.7684998 1.5609349 1.4282891 1.4031502 1.6406952 1.5209592 1.8372508 1.8321342 1.8975101 1.6698699 2.4363237 1.1988303 1.0453380 2.7469491 2.6768317 
Pbac_sb2649627                                      1.3753544 0.9501592 0.3072821 0.2647731 0.2501133 0.1929140 0.3260946 0.2820121 0.3673778 0.4158439 0.2337218 0.4246959 0.4591074 0.4700793 0.0000000 0.0242758 0.4607100 0.5460587 0.4485239 0.6279713 0.9561142 1.1829993 1.3901914 1.0329050 0.8107621 1.3179375 1.2619668 1.5099049 1.2658825 1.1977088 1.3228036 0.7607384 1.3105720 1.2862538 1.2499762 1.2775393 1.3004555 0.9056765 1.4056690 1.4108640 1.3674110 0.8873460 1.2852506 1.5632388 1.3358276 1.3581017 0.8301821 1.4821651 1.5230282 1.4646165 1.3686696 1.1626162 1.6112155 1.3128528 1.3233349 1.5182358 1.4315356 1.3517854 1.4546944 1.6763214 1.3666599 1.5153577 1.5009492 1.4566886 1.3202439 1.3931020 1.6320006 1.6991697 1.5939768 1.6705720 1.2525161 2.1905124 1.0333769 0.7946414 2.0068767 2.5190088 
Horcal_Hcv1.av93.c2.g1569.i1                        1.4409528 1.0010334 0.2960228 0.2736946 0.2579008 0.1853154 0.3639923 0.2909969 0.4008670 0.4825805 0.2373952 0.4561031 0.4298410 0.4895932 0.0242758 0.0000000 0.4880359 0.6184712 0.5340401 0.5657905 1.0104243 1.4340178 1.5894460 1.0999526 0.8123905 1.5807849 1.5071831 1.7074899 1.5489069 1.2151848 1.4594034 0.7607384 1.3727927 1.3521114 1.3425882 1.3297208 1.4264318 0.9213540 1.5834528 1.5493927 1.5998888 0.8901103 1.4212082 1.7430313 1.4929979 1.5170353 0.8226223 1.6585920 1.7103492 1.5211516 1.6397094 1.2045709 1.8172083 1.5388628 1.5297945 1.7254963 1.6141977 1.4975410 1.6661971 1.8018085 1.3641282 1.7324410 1.6707065 1.5184088 1.3202439 1.5304758 1.6652796 1.8493693 1.8626781 2.0824748 1.6285294 2.1815608 1.0566289 0.8061884 2.8750471 2.9091294 
Vmul_Simscaffold12906_01                            1.4948528 1.1170513 0.3535421 0.3956558 0.3561636 0.2963941 0.4573398 0.3980988 0.4973260 0.4907607 0.2719376 0.4440510 0.2736377 0.2999882 0.4607100 0.4880359 0.0000000 0.5944470 0.5006335 0.5905088 0.9656809 1.4345750 1.6012912 1.0896146 0.7314954 1.5677607 1.4755644 1.6538767 1.5292534 1.3959433 1.5466218 0.7067003 1.3238953 1.3384097 1.3245109 1.2870446 1.3455902 0.8285020 1.6769757 1.4911539 1.5222114 0.6892235 1.3754490 1.8343249 1.5815168 1.6451973 0.7496669 1.6996824 1.7169390 1.6528433 1.5366301 1.1720423 1.8062702 1.6317701 1.5487238 1.6027886 1.6011099 1.4328440 1.6852523 1.7689298 1.2655677 1.6969144 1.7214538 1.4022041 1.2051014 1.6715029 1.5552327 1.7648693 1.8923025 1.9708350 1.7786389 2.4433938 1.1446598 1.0077515 2.8609585 2.8259586 
Eupdun_Edun_sb10659596                              1.5192285 1.0783829 0.4596233 0.4755024 0.4333326 0.3398759 0.5865460 0.4183288 0.6125739 0.5777416 0.3229141 0.5521275 0.5319269 0.5950614 0.5460587 0.6184712 0.5944470 0.0000000 0.0069520 0.7711516 0.9504241 1.3456209 1.4873375 1.1147045 0.7558048 1.5423378 1.5189745 1.8776285 1.5506394 1.0278130 1.4715091 0.6639933 1.3172718 1.3106695 1.3618002 1.3284437 1.3585192 0.8660530 1.6191583 1.5604848 1.5132487 0.8080318 1.3444514 1.8138067 1.5186448 1.5182236 0.8611683 1.4841649 1.4703635 1.4137531 1.5560776 1.0744558 1.7020826 1.5202353 1.4813039 1.5231661 1.5744965 1.4633950 1.6549809 1.8288536 1.2441451 1.6799835 1.5767344 1.3643403 1.1717724 1.5282782 1.4996169 1.7719949 1.7827852 1.7966582 1.5531778 2.1942305 1.1885422 1.0746529 2.9591541 2.5220481 
Eupdun_Edun_sb10659599                              0.5421499 0.8374625 0.2066089 0.2193968 0.2261258 0.2240313 0.5312698 0.1885817 0.4917104 0.5209499 0.2308826 0.4698771 0.4136799 0.4924447 0.4485239 0.5340401 0.5006335 0.0069520 0.0000000 0.7711516 0.5729862 1.3207050 1.2462721 0.7931772 0.7616007 1.2821259 1.2715949 0.5195450 1.2643637 1.0278130 1.0647021 0.6458857 1.1713211 1.1687123 1.1718778 1.1911781 1.1960757 0.7523428 1.4095509 1.3263531 1.1693914 0.7744254 1.1742075 1.6683847 1.3471926 1.3133364 0.5769737 1.2661428 1.2977450 0.5400589 1.3068345 0.6964722 1.4525335 1.2245136 1.1887789 1.2519128 1.2846828 1.2632795 1.4290906 1.5496644 0.9906036 1.4882847 1.3690218 0.9295615 1.1248131 1.3763528 1.0346467 1.3994042 1.5759882 1.7631011 1.5912458 2.1180538 0.3683635 1.2409370 2.9295979 2.8962199 
Bolinf_Binf_sb1255996                               0.0000010 3.8946456 0.0000010 0.0000010 0.9402907 0.0000010 0.2360399 0.9329058 0.3889926 0.3787069 0.2547211 0.5077226 0.5390516 0.5603677 0.6279713 0.5657905 0.5905088 0.7711516 0.7711516 0.0000000 3.5921124 1.8741816 1.9951599 1.4439556 0.9600978 2.6648451 2.0995480 0.0000010 1.8588221 1.1599790 1.5725285 3.5891954 1.8401771 1.8922833 1.9444273 2.1016727 2.1622342 1.1847277 2.2168517 2.3437779 2.1175100 2.2555194 2.0374595 2.6616714 2.5880798 2.3090386 0.0000010 2.0771919 2.1230738 0.0000010 2.2012742 1.4762523 1.9420655 2.5455177 2.4550177 2.8311034 2.0528191 1.8063431 1.8556695 2.6453664 1.3452356 2.2389392 1.7759498 1.6241926 3.1101768 2.3521215 1.6408849 2.6553648 2.1478542 1.5061016 1.8919634 2.0182124 0.0000010 0.3407297 1.9916836 2.1947528 
Leuniv_Lniv_scaffold22773_01                        1.1303923 0.4670327 1.0775956 1.1434057 1.0382789 0.8307213 1.0049571 1.0245707 1.0245707 0.9498879 0.8025156 1.0685644 1.0146469 1.0025999 0.9561142 1.0104243 0.9656809 0.9504241 0.5729862 3.5921124 0.0000000 0.4436830 0.7197229 0.8345407 0.4685996 0.8682610 0.8562660 1.4708837 0.8888125 1.0930899 1.0149294 0.5167777 0.8512991 0.8456585 0.8279579 0.8181632 0.8824387 0.6672246 0.9875776 0.8629436 0.5445024 0.3222012 0.2991608 0.9581560 0.9539239 0.9315340 0.6984301 1.0743892 1.0350905 1.3286505 1.0286059 0.7960616 1.1388363 0.8197297 0.8302380 0.8506918 1.0068327 1.0432392 1.3042645 1.2039817 1.2164758 1.2052453 1.2048072 1.3961806 0.7487317 0.8883896 1.4683103 1.3907708 1.1381207 1.1155955 0.6477300 0.0000010 1.0069517 0.0000010 2.7899555 0.0000010 
Fspp_ffun1.m4.10132.m1                              0.6229516 0.7882203 0.6470739 0.6402624 0.6327604 0.6361767 1.4005553 0.6491456 1.5494290 1.4906600 0.7353622 1.3487466 1.0716364 1.4349399 1.1829993 1.4340178 1.4345750 1.3456209 1.3207050 1.8741816 0.4436830 0.0000000 0.1223054 0.3559132 0.2225629 0.2264431 0.2382000 0.0000010 0.4003952 0.3290137 0.6631628 0.3727092 0.8753674 0.8705155 0.8261067 0.8740630 0.8993321 0.4623004 0.9674151 0.9321792 0.9348111 0.4858099 0.8965581 1.1150067 0.9665698 0.8548784 0.5012746 0.9901182 0.9718738 0.4653676 1.0132475 0.4846434 1.0308708 1.0913807 0.9866311 0.8574930 0.9912722 1.0557253 1.0153010 1.1558010 0.7275407 1.2575771 1.2489235 0.7366472 0.7299245 1.1000536 0.7943167 1.0216289 0.4856247 1.0262991 0.9947510 2.0574776 0.4483198 3.2717598 2.0136412 2.2002116 
Gasp_gasp1.m3.3902.m1                               0.9263790 0.8318740 1.1730691 1.1456140 1.0542411 0.7853192 1.5117601 1.0628597 1.6357615 1.6081986 0.8385978 1.5275490 1.2770357 1.5331450 1.3901914 1.5894460 1.6012912 1.4873375 1.2462721 1.9951599 0.7197229 0.1223054 0.0000000 0.4769964 0.2448955 0.2156597 0.2269349 0.0833473 0.3330137 0.3359706 0.8662456 0.3763254 0.9844439 0.9623717 0.9328310 0.9563195 0.9887791 0.5295532 1.0639128 1.0065069 1.0192754 0.4930268 1.0226045 1.0022455 0.9707871 0.9533564 0.4895660 1.0295425 0.9995460 0.8865099 1.0091822 0.7278304 1.1069999 1.1152247 1.0798932 0.9206554 1.0336470 1.1526549 1.2137567 1.3047012 0.9764061 1.2550420 1.2599241 0.9794429 0.7872504 1.1167598 1.1094205 1.3178331 0.4676935 1.0046760 0.9815083 2.0173079 1.2074519 3.3175734 2.3266001 2.2788145 
Exapal_XM_021052120.2                               1.0674751 0.8299499 1.0702375 1.0272710 0.9460176 0.7014286 1.0595529 0.9095912 1.0257790 1.1075104 0.7959042 1.0800956 1.1190226 1.1119898 1.0329050 1.0999526 1.0896146 1.1147045 0.7931772 1.4439556 0.8345407 0.3559132 0.4769964 0.0000000 0.2145336 0.5533275 0.5154793 0.7029241 0.5400025 0.3306712 0.9242589 0.4245198 0.7723217 0.7775523 0.8128907 0.7839631 0.8446468 0.5695291 0.9848959 0.8597622 0.9388681 0.5103102 0.8362049 0.8531156 0.9253145 0.9459093 0.5050934 0.9632089 0.9249321 1.0326529 0.8674687 0.7254272 1.0165089 0.8655274 0.9464187 0.8757443 0.9396535 1.0484170 1.2177192 1.2393465 1.0709549 1.1106776 1.0839749 1.1347355 0.9029431 0.9010243 1.3424325 1.3637176 0.6928598 0.8163452 0.6634906 2.4834152 1.0200348 2.0463802 1.8632730 1.6394874 
Nvec_v1g168440                                      1.6285316 0.9069169 0.8505141 0.7947554 0.7428485 0.7941080 0.7603288 0.7394472 0.7912893 0.7836496 0.8685558 0.8095274 0.7865573 0.8120837 0.8107621 0.8123905 0.7314954 0.7558048 0.7616007 0.9600978 0.4685996 0.2225629 0.2448955 0.2145336 0.0000000 0.2588234 0.2365606 0.0000010 0.2570471 0.0719121 0.4962747 0.3394490 0.3944333 0.4034178 0.3915703 0.3965461 0.3826623 0.4077764 0.4928460 0.4156928 0.5065077 0.3979360 0.5293607 0.4430471 0.4181426 0.4112473 0.8068254 0.4593349 0.4646266 0.6892247 0.4631319 0.4428404 0.5055060 0.4981151 0.4911265 0.4156676 0.5702554 0.5449864 0.6135983 0.6337835 0.5956196 0.6246775 0.5977949 0.7625035 0.7303576 0.5189999 0.7152020 0.5766083 0.4454828 0.5845642 0.3907833 1.2636108 1.0082665 0.4633940 0.4488873 0.2758846 
Spis_XP_022791714_1                                 1.0043129 0.8901755 1.1123289 1.1266127 1.0357351 0.8170179 1.5255796 1.0392114 1.6359594 1.5640495 0.8881108 1.5916212 1.3190853 1.5305339 1.3179375 1.5807849 1.5677607 1.5423378 1.2821259 2.6648451 0.8682610 0.2264431 0.2156597 0.5533275 0.2588234 0.0000000 0.0839291 0.1620011 0.3349176 0.5075836 0.9490277 0.3728217 1.0172232 0.9883327 0.9961351 1.0047561 1.0452825 0.5918699 1.1067769 1.0977353 1.1454614 0.5308471 1.1054390 1.0519607 0.9839609 0.9500035 0.4585666 1.1153934 1.0800306 0.8809702 1.0433044 0.7518478 1.2637103 1.1950265 1.1106127 1.0101743 1.1094896 1.1813299 1.3142514 1.3684416 1.1012137 1.3078958 1.2641770 1.1366719 0.6356614 1.1273708 1.3051326 1.4443251 0.5519582 1.3398984 1.0663492 2.6164072 1.1154069 4.5097777 2.5670442 2.6280053 
Pocdam_XM_027183346.1                               1.0102461 0.9367230 1.1440476 1.1520700 1.0624858 0.8355655 1.4935122 1.0459605 1.5501147 1.5342470 0.8921374 1.5498760 1.2678360 1.4505214 1.2619668 1.5071831 1.4755644 1.5189745 1.2715949 2.0995480 0.8562660 0.2382000 0.2269349 0.5154793 0.2365606 0.0839291 0.0000000 0.1210222 0.3362295 0.4130743 0.9353600 0.3622892 0.9869387 0.9603284 0.9519972 0.9596513 1.0075759 0.5723208 1.0816632 1.0252113 1.0883323 0.5157813 1.0532230 1.0345329 0.9963280 0.9619885 0.4567645 1.0230785 0.9846279 0.9073388 1.0638526 0.7634627 1.2450907 1.1388128 1.0265518 0.9681440 1.1022083 1.1385323 1.3027656 1.3362084 1.0611844 1.2796142 1.2758891 1.0964769 0.7662950 1.0482991 1.2522780 1.3830788 0.5731554 1.1734668 0.9527098 2.0101152 1.1063774 3.6805106 2.1778187 1.9857770 
Fspp_ffun1.m4.27103.m1                              1.1022941 1.0663739 1.5722328 1.5897104 1.5897104 1.0708423 1.6099642 1.5353183 1.5353183 1.6116015 1.1358405 1.6821016 1.7353689 1.5566878 1.5099049 1.7074899 1.6538767 1.8776285 0.5195450 0.0000010 1.4708837 0.0000010 0.0833473 0.7029241 0.0000010 0.1620011 0.1210222 0.0000000 0.1509046 0.0000010 1.3120234 0.0000010 1.0879695 1.0357965 1.0674521 1.0242943 1.1304627 0.8445461 1.2089066 1.2634051 1.4869467 1.1911834 1.3368352 0.9564283 1.0592637 1.1841908 0.5108050 1.1286153 1.0271992 1.0789970 1.1222187 1.2298319 1.5396034 1.2708032 1.3287532 1.0750057 1.1926908 1.3369141 1.7323634 1.7815337 1.6901733 1.4093830 1.3407506 1.7080649 2.1895148 1.1290022 2.2107782 2.3164116 0.4866423 1.8407732 1.7890353 0.0000010 1.2827505 0.0000010 1.4784861 0.0000010 
Gfas_gfas1.m1.6523.m1                               1.0321841 0.9428114 1.1375935 1.1357141 1.0580978 0.8235544 1.5522798 1.0382601 1.5883957 1.6280924 0.8580846 1.6156598 1.2532148 1.5136485 1.2658825 1.5489069 1.5292534 1.5506394 1.2643637 1.8588221 0.8888125 0.4003952 0.3330137 0.5400025 0.2570471 0.3349176 0.3362295 0.1509046 0.0000000 0.4113949 0.9320016 0.4208977 1.0418831 1.0318194 0.9908008 1.0149173 1.0369934 0.5599870 1.2059154 1.1743936 1.1510843 0.5158868 1.0695218 1.1718065 1.0861168 1.0752505 0.4806260 1.1611325 1.1586949 0.9409324 1.1471532 0.7868720 1.3848861 1.2546753 1.1652554 1.1135492 1.2044794 1.2901318 1.5016262 1.5658791 1.0773011 1.4534148 1.4121442 1.1093552 0.7904008 1.2247328 1.2664624 1.5863632 0.6256816 1.0910582 1.1615113 2.4961591 1.1386959 3.9694494 2.5497717 3.0364620 
Nvec_v1g111287                                      0.0000010 3.2828518 0.7067112 0.7067112 1.7847889 0.7067112 1.1161059 2.2290654 1.2079292 1.1987620 1.6989930 1.2286993 1.3152700 1.3507093 1.1977088 1.2151848 1.3959433 1.0278130 1.0278130 1.1599790 1.0930899 0.3290137 0.3359706 0.3306712 0.0719121 0.5075836 0.4130743 0.0000010 0.4113949 0.0000000 0.8048774 1.6715623 0.7404929 0.7077119 0.7347448 0.7519362 0.6997608 0.7563841 0.9315159 0.5118945 0.6596654 1.0544595 0.7334326 0.7350271 0.7665368 0.7730359 0.0000010 0.6393045 0.6117555 0.0000010 0.6918352 0.8645904 0.8222864 0.6627638 0.7609508 0.8427002 0.8992242 0.7750552 1.1493414 1.2709305 1.0199074 0.8990275 0.9830937 0.9239842 2.9448392 0.7447184 1.0490561 0.9659944 0.4750511 0.6126702 0.4388992 2.1285835 0.0000010 0.9082586 0.5829944 0.4948028 
Halamb_c54708_g1_i2m.38971                          1.4561749 0.9940115 1.5349740 1.5728568 1.4196950 0.9311812 1.5036162 1.4077268 1.5145836 1.4985284 1.0994016 1.5354191 1.4592257 1.5336939 1.3228036 1.4594034 1.5466218 1.4715091 1.0647021 1.5725285 1.0149294 0.6631628 0.8662456 0.9242589 0.4962747 0.9490277 0.9353600 1.3120234 0.9320016 0.8048774 0.0000000 0.3667135 0.9485565 0.9809130 0.9786493 0.9776310 1.0530097 0.6372173 0.4323231 1.2240074 1.1279401 0.6057989 1.0180731 0.5492670 1.1836747 1.1564384 0.4728721 0.9625554 0.9392076 1.3739061 0.9789979 0.9323764 1.4261152 1.1767209 1.2186302 1.1531146 1.0470508 1.1012901 1.4281985 1.4581150 1.2175105 1.3864085 1.3867753 1.2382583 0.8795605 1.2513598 1.4840356 1.5698259 1.2367917 1.1879771 0.9693046 1.9756724 1.6156557 2.4972160 1.8958947 1.5562675 
Tetwil_g12880.t1                                    0.0000010 0.6737874 0.9342188 0.9073337 0.6169057 0.8294643 0.6978404 0.7650675 0.7650675 0.6822597 0.7007284 0.7233780 0.7231696 0.7050777 0.7607384 0.7607384 0.7067003 0.6639933 0.6458857 3.5891954 0.5167777 0.3727092 0.3763254 0.4245198 0.3394490 0.3728217 0.3622892 0.0000010 0.4208977 1.6715623 0.3667135 0.0000000 0.4501608 0.4501608 0.4376656 0.4376656 0.4444407 0.4835530 0.3226259 0.4334033 0.4858684 0.4832471 0.5656704 0.3278973 0.4111321 0.4166110 0.0000010 0.3160971 0.3420167 0.0000010 0.3321108 0.5307704 0.5684942 0.4406111 0.4120169 0.4403499 0.4178448 0.5333232 0.6351852 0.5970050 0.6655575 0.5109512 0.5852963 0.6174007 0.3513565 0.4174409 0.7453288 0.5647602 0.8569148 0.8324806 0.4545407 9.0000000 0.0000010 0.0000010 0.0000010 0.0000010 
HoiH23_PlH23_001622-RA                              1.0412238 0.9502728 1.1403148 1.1232559 1.0540636 0.8062185 1.2868949 1.0321415 1.3945564 1.3554487 0.8853141 1.3161989 1.3389479 1.4402960 1.3105720 1.3727927 1.3238953 1.3172718 1.1713211 1.8401771 0.8512991 0.8753674 0.9844439 0.7723217 0.3944333 1.0172232 0.9869387 1.0879695 1.0418831 0.7404929 0.9485565 0.4501608 0.0000000 0.0414140 0.0984208 0.0982697 0.2491444 0.1322084 1.0578051 1.0533041 1.2374187 0.5319670 1.1474294 1.1142952 1.0722146 1.1020264 0.5952608 1.1478048 1.1280104 0.9998513 1.0938443 0.7206656 1.2207676 1.1893108 1.0823991 1.0830548 1.1310336 1.2385438 1.3027924 1.3811292 1.0854204 1.4991999 1.2632764 1.1014643 0.8578836 1.2025995 1.1942459 1.6425786 1.2121187 1.0789418 1.1451022 1.8587412 1.3920711 2.9532608 2.1820143 2.9511302 
HoiH06_mRNA10928                                    1.0585331 0.9516657 1.1142013 1.0821307 1.0207404 0.7764123 1.2726249 1.0185657 1.3844030 1.3381001 0.8695413 1.3135343 1.3236256 1.4227997 1.2862538 1.3521114 1.3384097 1.3106695 1.1687123 1.8922833 0.8456585 0.8705155 0.9623717 0.7775523 0.4034178 0.9883327 0.9603284 1.0357965 1.0318194 0.7077119 0.9809130 0.4501608 0.0414140 0.0000000 0.1036155 0.1059489 0.2571581 0.1381052 1.0772664 1.0704366 1.2121516 0.5370727 1.1464599 1.1108363 1.0295826 1.0783781 0.6141453 1.1334857 1.1172132 0.9992840 1.0707504 0.7082155 1.2127675 1.1706232 1.0881941 1.0695774 1.1092987 1.2499786 1.3330040 1.3834641 1.0926131 1.4929267 1.2726457 1.0779031 0.8923778 1.2083686 1.1806980 1.5925196 1.1894409 1.1140457 1.1736211 1.9626872 1.3545484 2.9720832 2.2621417 2.9918975 
Hhon_g01000.t1                                      1.1224796 0.9567482 1.1346181 1.1277205 1.0525699 0.8054109 1.3455427 1.0360866 1.4476180 1.3850635 0.8584913 1.3393033 1.3184138 1.4462725 1.2499762 1.3425882 1.3245109 1.3618002 1.1718778 1.9444273 0.8279579 0.8261067 0.9328310 0.8128907 0.3915703 0.9961351 0.9519972 1.0674521 0.9908008 0.7347448 0.9786493 0.4376656 0.0984208 0.1036155 0.0000000 0.0065113 0.2336561 0.1223192 1.0690869 1.0507838 1.2151329 0.5511029 1.1052071 1.1352918 1.0752979 1.1061848 0.6185032 1.1502693 1.1305663 0.9709649 1.0869058 0.7107738 1.2486399 1.1890043 1.1063051 1.0828536 1.1272718 1.2564951 1.3374286 1.3627309 1.1185956 1.5435249 1.3162354 1.1416264 0.8617266 1.1964292 1.1972303 1.6082684 1.2328571 1.1980142 1.1468930 1.8647075 1.3288985 3.5233212 2.2261472 3.0196915 
HoiH04_mRNA11492                                    1.0987258 0.9504864 1.1072712 1.0931969 1.0249324 0.8054109 1.2925166 1.0143216 1.4119302 1.3526073 0.8572447 1.3048622 1.3173684 1.4047132 1.2775393 1.3297208 1.2870446 1.3284437 1.1911781 2.1016727 0.8181632 0.8740630 0.9563195 0.7839631 0.3965461 1.0047561 0.9596513 1.0242943 1.0149173 0.7519362 0.9776310 0.4376656 0.0982697 0.1059489 0.0065113 0.0000000 0.2352492 0.1251011 1.0721777 1.0636186 1.2266103 0.5553579 1.1279388 1.1578918 1.0477980 1.1042680 0.6185032 1.1492784 1.1313361 0.9418884 1.0730844 0.7062021 1.2608250 1.1969805 1.0913475 1.0762849 1.1556168 1.2818043 1.3118272 1.3863427 1.1151910 1.5512403 1.2944124 1.1328374 0.8617266 1.1958327 1.1954928 1.6050688 1.2063691 1.1578578 1.1993948 1.8920631 1.3194749 3.2267208 2.1349164 3.1009722 
TrH2_TrispH2_001659-RA                              1.0778268 0.9473757 1.1314683 1.0931360 1.0421645 0.7753847 1.3725734 1.0394421 1.4595667 1.4273938 0.8933885 1.3938471 1.3314401 1.4902012 1.3004555 1.4264318 1.3455902 1.3585192 1.1960757 2.1622342 0.8824387 0.8993321 0.9887791 0.8446468 0.3826623 1.0452825 1.0075759 1.1304627 1.0369934 0.6997608 1.0530097 0.4444407 0.2491444 0.2571581 0.2336561 0.2352492 0.0000000 0.0149979 1.1155987 1.0878138 1.3138962 0.5902049 1.1732821 1.2132125 1.1262176 1.1585340 0.5903384 1.1855136 1.1597869 1.0659599 1.1403022 0.7335148 1.2168222 1.2742043 1.1577726 1.1283846 1.1292315 1.2289578 1.3670201 1.4200450 1.1244410 1.4789784 1.3701772 1.1178417 0.8553277 1.2128324 1.2712934 1.5950835 1.2349743 1.3224196 1.1453469 1.9673327 1.3798162 3.2979155 2.4630191 3.2273649 
Tadh_TriadT23405                                    0.8064370 0.8657572 0.8287075 0.8456544 0.8532434 0.7917125 0.8933105 0.8435585 0.9158563 0.9077384 0.8774006 0.8907791 0.8643720 0.8675413 0.9056765 0.9213540 0.8285020 0.8660530 0.7523428 1.1847277 0.6672246 0.4623004 0.5295532 0.5695291 0.4077764 0.5918699 0.5723208 0.8445461 0.5599870 0.7563841 0.6372173 0.4835530 0.1322084 0.1381052 0.1223192 0.1251011 0.0149979 0.0000000 0.6424650 0.6430673 0.7879761 0.6263750 0.7003306 0.6310413 0.6740365 0.6954662 0.5903384 0.6806276 0.6986273 0.6600519 0.6437595 0.5480194 0.8423809 0.7523026 0.7146139 0.6786196 0.6905875 0.7471924 0.8846894 0.8838701 0.8866128 0.8741699 0.8764991 0.9318207 0.9083821 0.7469539 1.0476256 0.9838814 0.7230460 0.8391131 0.5411590 2.1171667 0.8572992 0.7677104 0.9764957 0.9233481 
Aque_Aqu2.1.38399_001                               1.4041786 0.9593282 1.4108975 1.4566171 1.3121190 0.8723927 1.5770108 1.2433874 1.6775471 1.6369643 0.9672912 1.6391545 1.5572862 1.6400770 1.4056690 1.5834528 1.6769757 1.6191583 1.4095509 2.2168517 0.9875776 0.9674151 1.0639128 0.9848959 0.4928460 1.1067769 1.0816632 1.2089066 1.2059154 0.9315159 0.4323231 0.3226259 1.0578051 1.0772664 1.0690869 1.0721777 1.1155987 0.6424650 0.0000000 1.4662327 1.3500800 0.5784874 1.1605641 0.5597433 1.3334741 1.3335956 0.3228155 1.0255292 0.9983274 1.2340056 1.0916846 0.9281520 1.3872938 1.3949039 1.4725235 1.2395586 1.1800363 1.3344121 1.5116914 1.5567871 1.1374467 1.4861407 1.5087140 1.2386922 0.8452799 1.4636692 1.3734961 1.6772090 1.4287870 1.3977617 1.4329432 2.4250653 1.3445093 4.5496777 2.5359495 1.8383641 
Sanmal_Sma_025223-T1                                1.0688503 1.0553811 1.3379436 1.1667548 1.0825304 0.8128602 1.5103633 1.2114010 1.5859061 1.6951331 1.0350516 1.5884681 1.3907954 1.5489603 1.4108640 1.5493927 1.4911539 1.5604848 1.3263531 2.3437779 0.8629436 0.9321792 1.0065069 0.8597622 0.4156928 1.0977353 1.0252113 1.2634051 1.1743936 0.5118945 1.2240074 0.4334033 1.0533041 1.0704366 1.0507838 1.0636186 1.0878138 0.6430673 1.4662327 0.0000000 1.3704623 0.5782799 1.1776258 1.4618906 1.1955437 1.2195895 0.8475064 1.3131786 1.3102742 1.4376886 1.3757644 0.7100475 1.4356613 0.6464013 0.6817360 1.0769747 1.2453659 1.4990207 1.6064632 1.7113602 1.2109812 1.5413636 1.5199403 1.2413947 1.0173347 0.6690340 1.4667861 1.7289304 1.3837691 1.3811976 0.8627735 2.2885079 1.3947677 3.1919001 2.5038160 2.9771280 
Gracom_Gcom_scaffold8561_01                         1.5093374 0.6287817 1.2502436 1.2075475 1.0974512 0.8366834 1.4890613 1.1764137 1.6664735 1.6968960 1.0118760 1.5982926 1.2984242 1.5611349 1.3674110 1.5998888 1.5222114 1.5132487 1.1693914 2.1175100 0.5445024 0.9348111 1.0192754 0.9388681 0.5065077 1.1454614 1.0883323 1.4869467 1.1510843 0.6596654 1.1279401 0.4858684 1.2374187 1.2121516 1.2151329 1.2266103 1.3138962 0.7879761 1.3500800 1.3704623 0.0000000 0.3992597 0.4587614 1.4020459 1.4335766 1.4371713 0.7825330 1.2796512 1.3011098 1.3212943 1.2214089 0.9971886 1.5311683 1.2998039 1.2762122 1.2713102 1.3310269 1.5751004 1.6581195 1.6837707 1.2277706 1.5878616 1.6077114 1.1904833 0.9401212 1.4793505 1.4979387 1.6836105 1.4499500 0.8129783 1.2976055 2.4256558 1.0148318 4.1587414 2.5516547 2.3775911 
Clacor_Ccor_C509165_01                              3.8130391 0.5253660 0.5277713 0.5395378 0.5715985 0.4524641 0.8359017 0.6215123 0.8136517 0.9132085 0.7785263 0.8882581 0.7937056 0.7583849 0.8873460 0.8901103 0.6892235 0.8080318 0.7744254 2.2555194 0.3222012 0.4858099 0.4930268 0.5103102 0.3979360 0.5308471 0.5157813 1.1911834 0.5158868 1.0544595 0.6057989 0.4832471 0.5319670 0.5370727 0.5511029 0.5553579 0.5902049 0.6263750 0.5784874 0.5782799 0.3992597 0.0000000 0.3791020 0.5901791 0.5595202 0.5504076 0.0000010 0.7353403 0.7695038 3.8130391 0.5947075 0.5720580 0.6451036 0.6795780 0.7236491 0.5721497 0.5750015 0.6273890 0.7023726 0.6825896 0.7416253 0.7791228 0.6843179 0.7373205 0.7166698 0.8224504 0.8349111 0.7794791 0.9732533 0.6286706 0.5287088 2.2002169 1.7484292 0.0000010 0.0000010 0.0000010 
Scil_scict004507.1                                  1.3593796 0.4429083 1.0631351 1.1387718 1.0446644 0.7853836 1.3920561 1.0749722 1.4389193 1.4308418 0.8896011 1.3977644 1.2464758 1.4820180 1.2852506 1.4212082 1.3754490 1.3444514 1.1742075 2.0374595 0.2991608 0.8965581 1.0226045 0.8362049 0.5293607 1.1054390 1.0532230 1.3368352 1.0695218 0.7334326 1.0180731 0.5656704 1.1474294 1.1464599 1.1052071 1.1279388 1.1732821 0.7003306 1.1605641 1.1776258 0.4587614 0.3791020 0.0000000 1.1954038 1.3033285 1.2775318 0.6704288 1.2419578 1.1840564 1.1405291 1.0867851 0.8488205 1.4334992 1.3034047 1.2656902 1.2247191 1.3158191 1.3010730 1.4065167 1.5681456 1.0359624 1.5075170 1.4225569 1.0791306 0.9748935 1.2877883 1.1787305 1.4398710 1.3638782 0.8452396 1.1476818 1.9723843 1.1942194 4.4911220 2.8161688 2.3684411 
Xestes_maker-XT_scaffold1520-snap-gene-0.101-mRNA-1 1.1256628 0.9932570 1.3431041 1.3844887 1.2205493 0.8843518 1.7290930 1.1823734 1.8289376 1.7073237 0.9633062 1.8641850 1.5543887 1.7201060 1.5632388 1.7430313 1.8343249 1.8138067 1.6683847 2.6616714 0.9581560 1.1150067 1.0022455 0.8531156 0.4430471 1.0519607 1.0345329 0.9564283 1.1718065 0.7350271 0.5492670 0.3278973 1.1142952 1.1108363 1.1352918 1.1578918 1.2132125 0.6310413 0.5597433 1.4618906 1.4020459 0.5901791 1.1954038 0.0000000 1.2370604 1.3201955 0.3676747 1.0864344 1.0469721 1.0724177 1.1880749 0.9090109 1.6730424 1.4622382 1.3467517 1.2919564 1.2794294 1.4252226 1.6172208 1.6899813 1.1936914 1.5919665 1.7515862 1.2261277 0.8792839 1.4930890 1.4818499 1.7662297 1.3725693 1.4807725 1.5661064 2.7053305 1.2696734 4.7169562 1.9909476 2.1283164 
Dgig_XM_028536126.1                                 1.0348113 1.0564127 1.1883479 1.1872094 1.0939572 0.8301383 1.4536401 1.0753457 1.5961360 1.5443216 0.8968339 1.5338928 1.3731182 1.5363621 1.3358276 1.4929979 1.5815168 1.5186448 1.3471926 2.5880798 0.9539239 0.9665698 0.9707871 0.9253145 0.4181426 0.9839609 0.9963280 1.0592637 1.0861168 0.7665368 1.1836747 0.4111321 1.0722146 1.0295826 1.0752979 1.0477980 1.1262176 0.6740365 1.3334741 1.1955437 1.4335766 0.5595202 1.3033285 1.2370604 0.0000000 0.4169485 0.6187780 1.2876733 1.2673743 1.2601935 1.2541468 0.8590372 1.3472479 1.2700422 1.2358100 1.2230571 1.2965419 1.3295812 1.5585990 1.5806188 1.2285423 1.4495884 1.4983444 1.1768130 0.9750084 1.3440730 1.2999403 1.6226608 1.2866059 1.3824676 1.2750456 2.7977694 1.1980518 3.8177040 2.1891033 2.7189337 
Xesp_007095-T1                                      1.2268493 1.0600117 1.2737497 1.2929414 1.1820164 0.8113495 1.5434553 1.1865013 1.6441872 1.6203328 0.9049546 1.5377768 1.4561013 1.6437449 1.3581017 1.5170353 1.6451973 1.5182236 1.3133364 2.3090386 0.9315340 0.8548784 0.9533564 0.9459093 0.4112473 0.9500035 0.9619885 1.1841908 1.0752505 0.7730359 1.1564384 0.4166110 1.1020264 1.0783781 1.1061848 1.1042680 1.1585340 0.6954662 1.3335956 1.2195895 1.4371713 0.5504076 1.2775318 1.3201955 0.4169485 0.0000000 0.6719643 1.3242860 1.3085370 1.3294621 1.3181266 0.8838668 1.3775757 1.2855294 1.2664797 1.3010590 1.3073170 1.3522367 1.5303579 1.5481394 1.2211644 1.3710781 1.4474860 1.1684444 0.9353919 1.2401422 1.2838520 1.5213036 1.2970318 1.4480212 1.2683381 2.3854934 1.2625092 4.0665867 2.3693569 3.0118531 
Stycar_maker-SC_scaffold90615-snap-gene-0.3-mRNA-1  0.6739034 0.6690326 0.7353930 0.7816851 0.7816851 0.7406923 0.7406923 0.8054096 0.8054096 0.7663225 0.7353930 0.8175622 0.7235985 0.7215175 0.8301821 0.8226223 0.7496669 0.8611683 0.5769737 0.0000010 0.6984301 0.5012746 0.4895660 0.5050934 0.8068254 0.4585666 0.4567645 0.5108050 0.4806260 0.0000010 0.4728721 0.0000010 0.5952608 0.6141453 0.6185032 0.6185032 0.5903384 0.5903384 0.3228155 0.8475064 0.7825330 0.0000010 0.6704288 0.3676747 0.6187780 0.6719643 0.0000000 0.2409844 0.2730309 0.2437363 0.5440270 0.5933883 0.4464019 0.8388058 0.9125501 0.6132928 0.6175571 0.5401540 0.6134960 0.5290377 0.5892752 0.6175346 0.6553761 0.8379001 0.0895018 0.8029173 0.8561390 0.6246629 0.5200846 0.0000010 9.0000000 0.0000010 0.6171550 0.0000010 4.4581095 0.0000010 
Emue_Em0115g10a.t1                                  1.3961204 1.0127553 1.4649403 1.4747888 1.3315478 0.8761016 1.6747427 1.3819614 1.7597151 1.6120192 0.9756721 1.7152178 1.4624948 1.7133906 1.4821651 1.6585920 1.6996824 1.4841649 1.2661428 2.0771919 1.0743892 0.9901182 1.0295425 0.9632089 0.4593349 1.1153934 1.0230785 1.1286153 1.1611325 0.6393045 0.9625554 0.3160971 1.1478048 1.1334857 1.1502693 1.1492784 1.1855136 0.6806276 1.0255292 1.3131786 1.2796512 0.7353403 1.2419578 1.0864344 1.2876733 1.3242860 0.2409844 0.0000000 0.1542485 0.8354503 1.1596086 0.9811226 1.3862661 1.4294614 1.3260509 1.3264353 1.2114908 1.3151126 1.4687980 1.4695751 1.1262590 1.3393179 1.4639802 1.2011341 0.7221819 1.4324562 1.3808442 1.5674712 1.2422352 1.4982437 1.3361890 2.4219525 1.4717698 3.2623661 2.0027796 1.5837881 
Spolac_c99951_g2_i1_m.21058c99951-g2                1.2918275 0.9909449 1.4446377 1.4254538 1.2933226 0.9232006 1.6694887 1.3536016 1.7073427 1.6398108 1.0150935 1.7040566 1.4772573 1.7294064 1.5230282 1.7103492 1.7169390 1.4703635 1.2977450 2.1230738 1.0350905 0.9718738 0.9995460 0.9249321 0.4646266 1.0800306 0.9846279 1.0271992 1.1586949 0.6117555 0.9392076 0.3420167 1.1280104 1.1172132 1.1305663 1.1313361 1.1597869 0.6986273 0.9983274 1.3102742 1.3011098 0.7695038 1.1840564 1.0469721 1.2673743 1.3085370 0.2730309 0.1542485 0.0000000 0.7753948 1.1618884 0.9304755 1.3704820 1.4708503 1.3383002 1.2774971 1.2252334 1.3017535 1.4070340 1.4227128 1.0890842 1.3160855 1.4800580 1.1851289 0.6976069 1.3898948 1.3308971 1.5857817 1.2309457 1.5354934 1.2802185 2.4243384 1.3672590 3.4714074 2.0094064 1.4503004 
