72
Opea_EP00118_Oscarella_pearsei_P022607          0.0000000 0.1901209 0.8244824 0.7217477 0.3962083 0.4852526 0.6503953 0.6503953 0.7418717 0.6322548 0.5979958 0.7736284 0.7410719 1.1241266 0.7121376 1.0610570 1.0821373 0.6938103 0.8778068 1.2508287 0.7308669 0.8645737 0.8189120 0.7818799 0.8776984 0.8805137 7.2575520 0.7121376 0.7244311 2.7204526 0.8874176 1.2991053 3.6604092 1.1212993 1.2653724 8.9999989 1.1883302 1.1785358 1.1785358 1.1653748 1.6536900 1.2670130 1.0454041 1.3049234 1.1671737 1.3713841 1.1203390 1.1978961 1.1382979 6.0969506 1.5725968 5.0168160 1.4003861 1.4003861 1.2756121 1.6005720 1.4998310 1.0473186 0.7618482 2.1297786 3.0120036 4.2502092 6.0545360 8.9999980 1.8052562 8.9999985 3.4975310 9.0000000 0.8678391 3.4910287 3.3473881 8.8751667 
Opea_EP00118_Oscarella_pearsei_P022609          0.1901209 0.0000000 0.6192427 0.6868974 0.5659949 0.4629761 0.5875237 0.5875237 0.6140668 0.5457038 0.4466617 0.5740934 0.5632277 1.4468440 0.5982976 0.7862760 0.7889346 0.7294718 0.7078483 0.8877631 0.5883308 0.7499782 0.6824921 0.7049687 0.6943587 0.7992542 1.0268205 0.5982976 0.6641120 1.3123264 0.7526990 0.8967616 1.3816895 1.1212993 1.3813137 2.6127459 1.0622926 0.9941102 1.0866485 1.1706048 1.3902834 1.2385400 0.9916845 1.1171434 0.8973769 1.2169822 0.9553977 0.9559865 0.9453691 2.0041893 8.9999986 3.7040432 1.6664608 1.6606163 1.2756121 1.5768196 1.3352942 0.8114867 0.6841374 1.2125837 1.0523755 1.0835251 2.3517835 1.2168589 1.5559694 1.6571754 1.6916671 1.2497020 1.4539860 1.9533140 1.5502576 0.9726415 
Hvul_g7631_1                                    0.8244824 0.6192427 0.0000000 0.3164208 0.6544455 0.7883451 0.6558132 0.6901910 0.6750905 0.6177471 1.0339638 0.5665272 0.5435295 1.3231788 0.6137562 0.7520024 0.6826070 0.7462437 0.7850438 0.9319405 0.7460337 0.8172537 0.8148574 0.6693994 0.8407557 0.6589659 0.8787821 0.6213969 0.7569927 0.9890068 0.8742531 0.6182541 0.8632500 1.6197732 1.4968716 2.0782300 1.2099037 1.0150512 1.0764787 1.1308235 1.0948383 1.1193635 1.0329950 1.3901635 1.1193567 1.2930768 0.7930939 0.7453679 0.7850706 1.3886604 0.8911261 1.8793024 1.5181028 1.5391369 1.5947949 1.5163152 1.2207627 0.9159048 0.8870363 0.9980197 0.7853945 0.9463466 2.1089186 1.0946561 1.3131326 0.8588582 1.4049264 1.9049776 1.8113886 2.1408947 1.0567098 1.3601319 
Chem_TCONS_00002901                             0.7217477 0.6868974 0.3164208 0.0000000 0.5187238 0.6990072 0.7164365 0.7138784 0.7227160 0.6798165 1.6147652 0.5645031 0.6173838 1.2566419 1.0216920 0.6394942 0.5951612 0.5996207 0.7632636 0.9463012 0.8561629 0.8584900 0.8492599 0.6445421 0.8683032 0.7123313 0.7242902 0.5227787 0.9011588 1.0352008 0.7065879 0.7702132 0.9928769 1.4338844 1.1978360 1.3670676 0.7894268 1.0068342 1.0239467 0.9416390 0.8951832 0.9231186 0.8857920 1.1579429 0.8647138 1.0490780 0.9742795 0.9601452 0.9483259 1.4520282 1.4470772 1.8366380 1.3521433 1.3613808 2.1133976 1.4158187 1.2840812 1.3683743 0.8197061 1.0293159 0.9223975 0.9119592 1.6927426 1.1037656 1.3923957 0.9632676 1.5468228 2.2591793 2.2071658 2.4465418 1.8704189 1.9857537 
Gfas_gfas1.m1.17106.m1                          0.3962083 0.5659949 0.6544455 0.5187238 0.0000000 0.0819278 0.1447153 0.1447153 0.1746859 0.1157371 0.1644939 0.2779021 0.3716187 0.6918310 0.4498225 0.5064639 0.5035545 0.4502216 0.6590790 1.1552346 0.6943675 0.6566781 0.4977238 0.4793939 0.7262327 0.6607520 3.2807623 0.4498225 0.6491775 1.1327488 0.6675363 1.0238490 3.1854872 0.6382428 0.8236928 9.0000000 0.8741396 0.9661010 0.9283669 1.1062410 1.0935830 0.9639514 0.9498665 1.0146083 0.8313574 1.3616087 1.0183884 0.9041954 1.0443104 9.0000000 0.0000010 7.1048925 1.6158431 1.6158431 1.5174697 1.2261049 1.1783193 0.5835152 0.5526199 1.9829329 5.7873683 0.0000010 5.3824350 8.1347749 1.3544770 0.0000010 3.0658978 8.1347749 1.1746341 5.6290584 3.5516839 5.0411599 
Fspp_ffun1.m4.22355.m1                          0.4852526 0.4629761 0.7883451 0.6990072 0.0819278 0.0000000 0.2586154 0.2586154 0.2735251 0.2313126 0.2898794 0.3676474 0.4109243 1.0704467 0.6516069 0.5385627 0.5154499 0.6296875 0.8360904 1.1560119 0.7105234 0.6337300 0.6939118 0.6532741 0.7216809 0.7185008 1.2041533 0.5616348 0.9205486 0.9776451 0.8286005 1.1319611 1.8485471 0.7100821 1.1646334 3.2840473 1.0710105 1.0825836 1.1406560 1.2912314 1.5410520 1.2069114 1.0657141 1.1871465 0.9006857 1.3343819 0.9732083 0.8541272 0.9589962 1.7613613 6.1855085 3.6034461 2.0392253 2.0942470 1.6173344 1.5418685 1.1921150 0.8413161 0.5454930 1.4617002 1.1278570 0.8858275 2.3835158 1.1899619 1.4891233 1.4050201 1.8506518 1.6003519 1.8770743 2.2966256 2.0278509 1.1855360 
Spis_XP_022791968_1                             0.6503953 0.5875237 0.6558132 0.7164365 0.1447153 0.2586154 0.0000000 0.0110968 0.1716209 0.1544162 0.7357309 0.4403086 0.5643471 1.1913419 0.8947419 0.6708006 0.6213579 0.7502561 0.9922209 1.1821802 0.6982615 0.9585748 0.9822427 0.7048787 0.9106941 0.7664026 1.0805133 0.7137329 1.0462654 1.3213881 0.7898846 0.9381621 1.3603233 0.9649549 1.3721881 1.8806170 1.0607298 1.1311720 1.2435791 1.1677504 1.1639822 1.1165426 1.1389193 1.4811910 1.1763302 1.5344162 1.1798757 1.1764146 1.1077919 1.6673020 1.9487737 2.2215568 1.7515185 1.7802888 2.0694322 1.8525228 1.1504507 1.5302045 0.6016012 1.1915298 1.0657337 0.9282015 2.0365408 1.4235515 1.6283626 1.8134204 1.5526518 2.1711600 2.2937736 2.9262813 2.0964396 2.2290348 
Pocdam_XM_027185911.1                           0.6503953 0.5875237 0.6901910 0.7138784 0.1447153 0.2586154 0.0110968 0.0000000 0.2013926 0.1832360 0.7403231 0.4600875 0.5658790 1.1913419 0.8875863 0.6865698 0.6363264 0.7397107 0.9790302 1.2012922 0.6982615 0.9871905 0.9867109 0.7318842 0.8867625 0.8199691 1.0634654 0.7081439 1.0763089 1.3402441 0.8083544 0.9583621 1.4033533 0.9649549 1.3794447 1.8971499 1.0328034 1.1522440 1.2636880 1.1677504 1.1639822 1.1165426 1.1389193 1.4062260 1.1396150 1.5344162 1.1518858 1.1439709 1.0821928 1.6044247 1.8018192 2.1027592 1.7025470 1.7301371 2.0694322 1.8849420 1.1846732 1.5302045 0.6016012 1.1661584 1.1002202 0.9076746 1.9776682 1.3836111 1.6186323 1.8706500 1.5258994 2.1646363 2.2473549 2.8119751 2.0561131 2.1650541 
Amil_Amillepora04460-RA                         0.7418717 0.6140668 0.6750905 0.7227160 0.1746859 0.2735251 0.1716209 0.2013926 0.0000000 0.0110431 0.8340688 0.5305904 0.5478716 1.1464817 0.9214237 0.7775904 0.7519033 0.8547256 0.9831547 1.1359240 0.7308371 0.9049169 0.9111065 0.8119451 0.9192180 0.8434009 1.0908172 0.7408605 0.9763300 1.3196748 0.7390148 0.9569083 1.3230019 0.8852778 1.3017198 1.6448008 1.0467764 1.2815065 1.3946210 1.2424709 1.2684439 1.1893070 1.1426223 1.4650691 1.2877328 1.5622234 1.2146905 1.2031493 1.1585467 1.7641535 2.0243869 2.2456186 1.5894166 1.6153575 1.8417145 1.6757616 1.1204538 1.5084215 0.5195083 1.3388840 0.9919379 1.0138289 1.9275682 1.3650073 1.6905352 1.7480408 1.5341847 2.2127420 2.0669419 2.7840626 2.0169091 2.1321565 
Adig_XM_015920227.1                             0.6322548 0.5457038 0.6177471 0.6798165 0.1157371 0.2313126 0.1544162 0.1832360 0.0110431 0.0000000 0.8184937 0.4971636 0.5121756 1.1257613 0.8723441 0.7344826 0.7081439 0.8084447 0.9306416 1.1129854 0.6576049 0.8384379 0.8659505 0.7645753 0.9056796 0.7868643 1.0908172 0.6990825 0.9234673 1.3196748 0.6972369 0.9195015 1.2661087 0.8852778 1.2238780 1.6289690 0.9861200 1.2287063 1.3405102 1.1894508 1.1940219 1.1358227 1.0940863 1.4081345 1.2378104 1.5008886 1.2146905 1.2031493 1.1585467 1.7641535 2.0243869 2.2456186 1.5402234 1.5653210 1.8417145 1.5958390 1.0513449 1.4253288 0.5238590 1.2791303 0.9831479 1.0138289 1.9030730 1.3539488 1.5768098 1.7480408 1.4841732 2.1921380 2.0669419 2.6997776 2.0169091 2.1321565 
Gasp_gasp1.m3.6232.m1                           0.5979958 0.4466617 1.0339638 1.6147652 0.1644939 0.2898794 0.7357309 0.7403231 0.8340688 0.8184937 0.0000000 1.1392259 1.0212263 1.0733044 1.3231255 1.2997651 1.2536622 1.2952248 1.6416244 2.0930108 0.6567025 1.3301131 1.4652887 1.4305665 1.5506854 1.6074742 2.8360637 1.4765484 1.5085233 4.0984168 1.6208890 1.6726335 2.7368056 1.0091986 2.2472783 5.7857064 1.7774694 1.9325741 2.0191984 2.0269671 2.5779780 1.9907951 1.8215097 2.1586204 1.5616319 2.4606745 1.6853989 1.8193155 1.6945023 2.9325004 8.7857023 5.3479086 2.8324412 3.0248257 1.6303003 2.6908736 1.5267266 1.5867830 0.5254458 2.0169207 2.4163990 2.7534395 3.0632502 2.7214998 2.1814637 4.4867093 2.5927110 2.5729754 1.9017371 3.0365793 1.9672992 2.6323908 
Exapal_XM_021051836.2                           0.7736284 0.5740934 0.5665272 0.5645031 0.2779021 0.3676474 0.4403086 0.4600875 0.5305904 0.4971636 1.1392259 0.0000000 0.3224292 1.0560575 1.0006636 0.6604246 0.5799169 0.7710428 0.7816217 1.0456695 0.5920765 0.6069145 0.7919073 0.6308890 0.9117590 0.7329712 0.8101705 0.5606085 1.1422524 1.1962861 0.7200143 0.8953023 1.2713845 1.1018211 1.0750522 1.5679795 0.8346888 1.0348671 1.1371431 0.9589939 0.7859630 0.9007430 0.9173295 1.1621151 1.1240347 1.3033455 1.1135207 1.0719641 1.0794379 1.6685899 1.8311258 2.0398305 1.6108298 1.6495421 1.7722807 1.3858184 0.8763702 1.4162665 0.5762987 1.0918690 0.7937589 0.7419070 1.5505374 1.0775299 1.5478490 1.6300394 1.3866434 1.9498969 2.0021769 2.2811509 2.1590760 2.1079898 
Exapal_XM_021051833.2                           0.7410719 0.5632277 0.5435295 0.6173838 0.3716187 0.4109243 0.5643471 0.5658790 0.5478716 0.5121756 1.0212263 0.3224292 0.0000000 1.3302453 0.9254640 0.6903158 0.6430478 0.6951026 0.7219715 1.0118743 0.6391133 0.7279952 0.8076429 0.6376883 0.8284631 0.6986387 0.7962080 0.6285732 1.0056369 1.1082148 0.7121683 0.8788304 1.1282723 1.1723439 1.0788041 1.2765624 0.7932508 1.0714621 1.1223258 0.9888065 0.8092066 0.9236586 0.9625381 1.0940346 0.9224164 1.1697220 0.9411875 0.8750185 0.9227072 1.3847938 1.3921045 1.6973370 1.5272185 1.5440692 2.0117313 1.4905666 1.0541807 1.3173272 0.6212388 0.9380289 0.8788269 0.6036147 1.4863074 0.9510229 1.4778136 1.0758666 1.3024349 1.7910016 1.9721560 1.9567539 1.8384582 2.0614574 
Nemnom_g9784.t1                                 1.1241266 1.4468440 1.3231788 1.2566419 0.6918310 1.0704467 1.1913419 1.1913419 1.1464817 1.1257613 1.0733044 1.0560575 1.3302453 0.0000000 0.7067907 1.1720647 1.0795162 1.1351919 1.3076903 1.3975809 1.3186075 1.1729110 1.2519020 1.2694508 1.2303519 1.4266881 5.5101075 0.7067907 1.1849197 3.7833235 1.2147384 1.8738794 4.7645507 0.8453179 1.6200602 8.9999987 1.6143944 1.5952271 1.6704415 1.9865154 4.5835244 2.1330406 1.8236230 1.8773903 1.6589697 2.5233379 1.6290827 1.6675731 1.6940187 8.9999988 3.2695521 8.9999982 2.2787408 2.2861961 1.5318073 2.4201614 1.5974625 0.9128689 0.7762309 2.6918043 6.7868469 7.3172614 3.9386455 4.3302107 3.0660584 8.9999983 3.4014572 6.5812363 1.7085230 5.2855385 3.5820301 9.0000000 
Nemnom_g19841.t1                                0.7121376 0.5982976 0.6137562 1.0216920 0.4498225 0.6516069 0.8947419 0.8875863 0.9214237 0.8723441 1.3231255 1.0006636 0.9254640 0.7067907 0.0000000 1.0534550 0.9350716 1.2774981 1.2219151 1.5989691 0.7265983 0.8384543 1.2556949 1.2334148 1.3925946 1.0478353 1.1137199 0.6045247 1.3533275 2.5422687 1.1308122 1.4680987 2.3350719 1.1591201 1.7186806 2.9547186 1.5959640 1.4711192 1.6491068 1.4552846 1.6771355 1.4844851 1.3620750 1.9029161 1.7712634 2.1159033 1.8171640 1.8544367 1.7226204 3.1768932 4.2841878 3.9140246 2.1672555 2.2070532 2.1065279 2.2571240 1.2620524 1.4093523 0.5939467 1.8289298 1.3854941 2.0340731 2.6565918 2.0148119 1.9152681 2.5585253 2.1748908 2.7346586 2.2890429 2.8491744 1.7141162 2.5775122 
Dgig_XM_028535842.1                             1.0610570 0.7862760 0.7520024 0.6394942 0.5064639 0.5385627 0.6708006 0.6865698 0.7775904 0.7344826 1.2997651 0.6604246 0.6903158 1.1720647 1.0534550 0.0000000 0.1861251 0.8715405 1.0220620 1.3306079 0.8751805 0.8559375 0.8719748 0.9558657 0.9884271 0.7994637 0.8691289 0.6728190 0.9826481 1.1784630 0.8610089 1.0209469 1.3632898 1.4359826 1.3031718 1.6562816 1.0656972 1.2080522 1.2723133 1.0199968 1.0338258 1.0031350 0.9228767 1.4008734 1.1622163 1.3707847 1.2380637 1.2704880 1.1723361 1.6928189 1.8896138 2.0969730 1.7096727 1.7518366 2.3107178 1.6018352 1.1745998 1.5531051 0.7031260 1.2801734 1.0045194 1.0600386 1.7171749 1.1536902 1.6301541 1.5969781 1.7061326 2.3081526 2.4221423 2.4028445 1.9276008 2.1737245 
Xesp_013803-T1                                  1.0821373 0.7889346 0.6826070 0.5951612 0.5035545 0.5154499 0.6213579 0.6363264 0.7519033 0.7081439 1.2536622 0.5799169 0.6430478 1.0795162 0.9350716 0.1861251 0.0000000 0.7925242 0.9321385 1.2871415 0.8667660 0.7631766 0.7656702 0.9055213 0.9772575 0.7827948 0.8174968 0.5892762 0.9481258 1.0629503 0.8083859 0.9556831 1.2499007 1.3885320 1.2494757 1.5566638 1.0603157 1.1860916 1.2167621 1.0279187 0.9991349 1.0113032 0.9449275 1.3255529 1.1413670 1.3448262 1.2418658 1.2288443 1.2179517 1.8077349 1.9888101 2.1109465 1.6523602 1.6962989 2.0236611 1.6317302 1.0868019 1.4368650 0.7081987 1.2770127 0.9043741 1.0110330 1.5918824 0.9954829 1.6711889 1.3641678 1.5032030 2.1500741 2.0950539 2.4290818 1.8112370 2.0634193 
Morvir_scaffold88.g57.t1                        0.6938103 0.7294718 0.7462437 0.5996207 0.4502216 0.6296875 0.7502561 0.7397107 0.8547256 0.8084447 1.2952248 0.7710428 0.6951026 1.1351919 1.2774981 0.8715405 0.7925242 0.0000000 0.7478143 1.0889790 0.8872010 0.8231134 0.8334037 0.6465640 0.7881447 0.8807504 1.1337986 0.6979689 0.8416863 1.0435215 0.7066798 0.6391429 1.0841556 1.1990698 1.0466736 1.2513600 0.7523563 0.8966294 0.9412717 0.8498121 0.7920515 0.8282066 0.8762029 1.1001835 0.9049355 1.2035559 1.0141624 0.9996138 1.0342246 1.5983375 1.5312558 1.7669981 1.4935908 1.4618388 2.1063238 1.4594920 1.3210936 1.5565556 0.5838814 1.0488663 1.0571088 0.8885633 1.3168427 0.7936096 1.5919752 1.2353560 1.4161379 1.7512602 2.1827558 2.6523239 2.1249239 2.0496964 
Cgig_XM_011417062.3                             0.8778068 0.7078483 0.7850438 0.7632636 0.6590790 0.8360904 0.9922209 0.9790302 0.9831547 0.9306416 1.6416244 0.7816217 0.7219715 1.3076903 1.2219151 1.0220620 0.9321385 0.7478143 0.0000000 0.6159660 0.3979608 0.4377479 0.7691166 0.7293174 0.8050072 0.7472687 1.0604832 0.7991145 1.0043181 1.0888484 0.8969729 0.9145788 1.1382519 1.5546207 1.1222207 1.2126154 0.8481369 1.1352076 1.1533382 1.0681676 0.8369638 1.0126477 1.0844320 1.2400798 1.0832894 1.3158476 1.3140879 1.2687782 1.3054617 1.8149810 1.7013122 1.9057375 1.7369069 1.7541485 1.8656378 1.6901791 1.1017851 1.7532488 0.6853597 1.1690058 1.3032920 1.1003482 1.3782885 0.9404501 1.6885929 1.5435540 1.6359766 2.2394582 2.2143227 2.4767687 2.4604873 2.5379983 
Ctel_gnl_WGS_AMQN_CAPTEDRAFT_mRNA222121         1.2508287 0.8877631 0.9319405 0.9463012 1.1552346 1.1560119 1.1821802 1.2012922 1.1359240 1.1129854 2.0930108 1.0456695 1.0118743 1.3975809 1.5989691 1.3306079 1.2871415 1.0889790 0.6159660 0.0000000 0.2273218 0.1435078 0.7853641 0.8573922 0.9041656 0.8997077 1.3982186 1.1509722 1.1685510 1.2012170 0.9818208 1.2116139 1.3276796 1.9474312 1.4985535 1.4844861 1.1965665 1.5618346 1.6074816 1.3367344 1.1690850 1.3096648 1.3292012 1.9031091 1.4016397 1.8356847 1.6029555 1.6004923 1.5737489 2.1166314 2.0611262 2.3582172 2.3543452 2.4116104 2.6605777 2.2983393 1.3973186 2.1896559 0.8781820 1.2946232 1.3505521 1.2796954 1.6889481 1.1765636 2.3795990 1.8198673 1.7781176 2.1987540 3.3452952 2.8590981 2.7388308 2.4516552 
Ctel_gnl_WGS_AMQN_CAPTEDRAFT_mRNA222122         0.7308669 0.5883308 0.7460337 0.8561629 0.6943675 0.7105234 0.6982615 0.6982615 0.7308371 0.6576049 0.6567025 0.5920765 0.6391133 1.3186075 0.7265983 0.8751805 0.8667660 0.8872010 0.3979608 0.2273218 0.0000000 0.0729109 0.3720325 0.4956164 0.5171955 0.7031093 1.0297953 0.7265983 0.6164994 0.9366033 0.5979949 0.9674359 1.6013815 1.2533608 1.4070079 2.5088276 0.9875805 1.1021224 1.1367311 1.4247100 1.2007028 1.3882708 1.3242585 1.4907089 0.9923429 1.6703110 1.2541445 1.0650896 1.2148914 2.5101649 0.0000010 4.4251608 1.8043269 1.8086312 1.5441981 1.5835531 1.2383911 0.8057331 0.7242991 1.5183938 0.8705529 1.3616477 2.3395957 1.0922009 1.8885848 2.2563060 1.6915522 0.9652137 2.0467416 2.6839301 1.6422122 1.2933503 
Ctel_gnl_WGS_AMQN_CAPTEDRAFT_mRNA124300         0.8645737 0.7499782 0.8172537 0.8584900 0.6566781 0.6337300 0.9585748 0.9871905 0.9049169 0.8384379 1.3301131 0.6069145 0.7279952 1.1729110 0.8384543 0.8559375 0.7631766 0.8231134 0.4377479 0.1435078 0.0729109 0.0000000 0.3652566 0.5695348 0.5502502 0.7848813 1.1914963 0.8209323 0.6933889 1.0037489 0.6861333 0.9404702 1.2178516 1.1144432 1.2941401 1.8751323 1.0169107 1.1642533 1.1935069 1.2328775 1.0977344 1.1924901 1.1577438 1.4052891 1.1512260 1.4605433 1.0931654 0.9423948 1.0466951 1.6588756 1.0436060 2.0316828 1.8686542 1.8827399 1.6895721 1.6429078 1.1531927 1.0867372 0.6845789 1.4390723 0.9688376 0.9912498 1.9353491 1.0102842 2.0398012 1.4587878 1.5107706 2.2190655 2.1271671 2.6893692 1.4519486 1.7345664 
Cscu_XM_023361414.1                             0.8189120 0.6824921 0.8148574 0.8492599 0.4977238 0.6939118 0.9822427 0.9867109 0.9111065 0.8659505 1.4652887 0.7919073 0.8076429 1.2519020 1.2556949 0.8719748 0.7656702 0.8334037 0.7691166 0.7853641 0.3720325 0.3652566 0.0000000 0.7647444 0.7366521 0.7161936 1.2124965 0.8736346 0.8782112 1.0426043 0.7903986 0.9058178 1.1077762 1.3398464 1.2921287 1.6414329 1.0306149 1.1899651 1.2347476 1.0237393 0.9542770 0.9860151 0.9258940 1.2875463 1.0992864 1.5881786 1.5076713 1.4261872 1.4567831 2.2663873 2.0530310 2.4905920 1.7719604 1.7974735 1.7656984 1.7206723 0.9190265 1.5408513 0.5794381 1.2358819 0.9649580 1.0139539 1.9393851 1.3221227 1.6990281 1.9184609 1.5026273 2.0895238 2.2702826 2.6463361 2.1524761 2.2530638 
Spur_XM_795319.5                                0.7818799 0.7049687 0.6693994 0.6445421 0.4793939 0.6532741 0.7048787 0.7318842 0.8119451 0.7645753 1.4305665 0.6308890 0.6376883 1.2694508 1.2334148 0.9558657 0.9055213 0.6465640 0.7293174 0.8573922 0.4956164 0.5695348 0.7647444 0.0000000 0.6707748 0.7602520 0.9328814 0.6624635 1.0122160 0.8809608 0.7676363 0.9514863 1.3555983 1.5458486 1.2182874 1.4365979 0.9912547 1.0174691 1.0822299 0.9536451 0.7879575 0.9157080 0.9934192 1.3163719 1.1441839 1.2651597 1.1845335 1.1362799 1.1632978 1.8221529 1.7092444 2.1272030 1.5408587 1.5067461 1.9429924 1.4686534 0.9862112 1.5705041 0.5909915 1.2097238 0.9064136 1.1329025 1.7927904 1.1599162 1.5954641 1.4191829 1.4875464 2.0625687 2.4374834 2.6369581 2.1204629 2.2932666 
Bralan_BLAG03001135_3                           0.8776984 0.6943587 0.8407557 0.8683032 0.7262327 0.7216809 0.9106941 0.8867625 0.9192180 0.9056796 1.5506854 0.9117590 0.8284631 1.2303519 1.3925946 0.9884271 0.9772575 0.7881447 0.8050072 0.9041656 0.5171955 0.5502502 0.7366521 0.6707748 0.0000000 0.6815529 1.0301046 0.8520099 0.8229657 0.8150284 0.7603972 1.0716641 1.3009025 1.4317698 1.3071771 1.4267363 0.8876547 1.2385817 1.3116163 1.0025809 0.8457210 0.9467635 0.9086915 1.2759918 1.0243213 1.3878263 1.1872956 1.0903422 1.1864243 1.6749836 1.3899141 1.9506905 1.7106519 1.7432769 2.3261421 1.9191443 1.1297971 1.7128682 0.7493015 1.3283062 1.3801344 1.1085657 1.7887140 1.2740161 2.0504898 1.6313668 1.6661152 2.2119033 2.5638343 2.5817590 2.2176197 2.1939160 
Spur_XM_030981097.1                             0.8805137 0.7992542 0.6589659 0.7123313 0.6607520 0.7185008 0.7664026 0.8199691 0.8434009 0.7868643 1.6074742 0.7329712 0.6986387 1.4266881 1.0478353 0.7994637 0.7827948 0.8807504 0.7472687 0.8997077 0.7031093 0.7848813 0.7161936 0.7602520 0.6815529 0.0000000 1.0160677 0.7720466 0.8639633 0.9453893 0.7326431 1.0893573 1.3294952 1.1081497 1.0553551 1.2785721 0.9477474 1.1432949 1.1679338 0.9607666 0.7869166 0.9830269 0.9369183 1.2804749 1.0338387 1.0931880 1.1895672 1.1486015 1.2089084 2.2299514 2.1192389 2.5364230 1.6013856 1.6336822 1.9936065 1.5335819 1.2023717 1.6057167 0.8444503 1.3673599 0.9995867 0.8450189 1.7724530 1.1934399 1.5798263 1.1867463 1.6115629 2.3366164 2.1048792 2.5795039 2.0244954 2.2839661 
Nemnom_g9783.t1                                 7.2575520 1.0268205 0.8787821 0.7242902 3.2807623 1.2041533 1.0805133 1.0634654 1.0908172 1.0908172 2.8360637 0.8101705 0.7962080 5.5101075 1.1137199 0.8691289 0.8174968 1.1337986 1.0604832 1.3982186 1.0297953 1.1914963 1.2124965 0.9328814 1.0301046 1.0160677 0.0000000 0.1241812 1.1728226 0.8745985 0.8741735 0.8819013 1.1638762 8.9999986 1.5207644 1.4176434 1.1376524 1.2967766 1.3808430 0.9389780 0.8661553 0.8887552 1.0890496 1.4131907 1.1070796 1.1626930 1.3814706 1.2115033 1.3364119 1.4407297 1.4320613 1.7672935 1.8330729 1.8953762 8.9999989 1.8454950 1.2417817 1.9440847 2.1538630 0.8407875 0.8509026 0.8416196 1.1875608 1.1007600 1.8118776 1.5215389 1.1854016 1.7353757 3.8047136 2.1137926 1.3820321 1.9003078 
Rhoesc_Res_003431-T1                            0.7121376 0.5982976 0.6213969 0.5227787 0.4498225 0.5616348 0.7137329 0.7081439 0.7408605 0.6990825 1.4765484 0.5606085 0.6285732 0.7067907 0.6045247 0.6728190 0.5892762 0.6979689 0.7991145 1.1509722 0.7265983 0.8209323 0.8736346 0.6624635 0.8520099 0.7720466 0.1241812 0.0000000 0.8661559 0.9954405 0.6919894 0.7928504 1.2494362 1.0007133 1.0559772 1.4816692 0.8965665 0.9470226 0.9778777 0.7336911 0.6609377 0.7240963 0.7593160 1.0467327 0.8850495 1.1468521 1.2057377 1.1209986 1.1692286 1.9298587 1.6536041 2.0515035 1.4959460 1.5312740 1.6656931 1.4702390 1.1196996 1.0434744 0.5939467 1.0475431 0.8659681 0.8630963 1.5437472 1.0935993 1.4931017 1.4336722 1.4802071 1.7355602 1.7272055 2.4759863 1.6321527 2.1003649 
Hsap_ENST00000452027                            0.7244311 0.6641120 0.7569927 0.9011588 0.6491775 0.9205486 1.0462654 1.0763089 0.9763300 0.9234673 1.5085233 1.1422524 1.0056369 1.1849197 1.3533275 0.9826481 0.9481258 0.8416863 1.0043181 1.1685510 0.6164994 0.6933889 0.8782112 1.0122160 0.8229657 0.8639633 1.1728226 0.8661559 0.0000000 1.2415276 0.4831398 1.0458671 1.3217241 1.5148723 1.2254125 1.5412380 1.0756656 1.3360945 1.3195302 1.1050797 1.0946803 1.1127790 1.1450120 1.4606856 1.1758015 1.4558177 1.6187018 1.6118066 1.6306739 2.4388663 2.5369287 2.9570054 1.9402666 1.9374676 2.1811391 2.0478138 1.0913189 1.7077831 0.6045015 1.3729726 1.3179194 1.4458124 2.1008863 1.5430777 1.9738654 2.0935332 1.8387566 2.1174379 2.1518190 2.9454090 2.3268922 2.6331299 
Skow_XM_006824337.1                             2.7204526 1.3123264 0.9890068 1.0352008 1.1327488 0.9776451 1.3213881 1.3402441 1.3196748 1.3196748 4.0984168 1.1962861 1.1082148 3.7833235 2.5422687 1.1784630 1.0629503 1.0435215 1.0888484 1.2012170 0.9366033 1.0037489 1.0426043 0.8809608 0.8150284 0.9453893 0.8745985 0.9954405 1.2415276 0.0000000 0.9519492 1.0850197 1.1807690 4.1472347 1.6324844 1.5209267 1.1776205 1.5027527 1.5840448 1.1223390 1.0998753 1.0998753 1.2284794 1.5522514 1.5433762 1.2990906 1.4391594 1.3894448 1.3686121 1.6046279 2.0825623 2.3922710 2.3610541 2.4481204 3.4484479 2.3993158 1.1145334 3.5802870 1.7538120 1.1938681 1.3196115 1.2601652 1.5714405 1.4438745 2.2721365 1.7196290 1.5996347 2.8526161 6.3665281 2.2587834 2.1221590 2.6229278 
Hsap_ENST00000492112                            0.8874176 0.7526990 0.8742531 0.7065879 0.6675363 0.8286005 0.7898846 0.8083544 0.7390148 0.6972369 1.6208890 0.7200143 0.7121683 1.2147384 1.1308122 0.8610089 0.8083859 0.7066798 0.8969729 0.9818208 0.5979949 0.6861333 0.7903986 0.7676363 0.7603972 0.7326431 0.8741735 0.6919894 0.4831398 0.9519492 0.0000000 0.8483303 1.1710206 1.1853472 1.0490761 1.1724574 0.9368118 1.1067723 1.1359765 0.9248461 0.8285648 0.9050560 0.9964985 1.2271363 1.0264390 1.2867795 1.3924119 1.2889119 1.3398078 2.0390860 1.8416023 2.1961314 1.6848192 1.7094484 2.0285852 1.6242873 1.0871161 1.5257441 0.5384701 1.2122376 0.8628142 1.1414701 1.6472297 1.0496219 1.8795132 1.2970742 1.4173447 1.9261460 2.2481709 2.7398131 2.2358277 1.9047603 
Halamb_c24849_g1_i1mm.96                        1.2991053 0.8967616 0.6182541 0.7702132 1.0238490 1.1319611 0.9381621 0.9583621 0.9569083 0.9195015 1.6726335 0.8953023 0.8788304 1.8738794 1.4680987 1.0209469 0.9556831 0.6391429 0.9145788 1.2116139 0.9674359 0.9404702 0.9058178 0.9514863 1.0716641 1.0893573 0.8819013 0.7928504 1.0458671 1.0850197 0.8483303 0.0000000 0.5175493 2.2543565 1.2206599 1.1818460 1.0970535 1.0583258 1.0968546 0.9737269 0.8264051 0.9149308 0.9473975 1.1777169 1.0014128 1.2943614 1.1386138 1.0620260 1.1524075 1.6192993 1.6818639 2.0232554 1.4025333 1.4168214 1.9172906 1.4118526 1.3601843 1.8665560 1.0153911 0.8296904 1.0929441 0.9518473 1.5180868 0.9196236 1.6954685 1.3277277 1.2480831 1.8526603 2.3681841 2.3732865 2.1952743 1.7211586 
Aque_Aqu2.1.40720_001                           3.6604092 1.3816895 0.8632500 0.9928769 3.1854872 1.8485471 1.3603233 1.4033533 1.3230019 1.2661087 2.7368056 1.2713845 1.1282723 4.7645507 2.3350719 1.3632898 1.2499007 1.0841556 1.1382519 1.3276796 1.6013815 1.2178516 1.1077762 1.3555983 1.3009025 1.3294952 1.1638762 1.2494362 1.3217241 1.1807690 1.1710206 0.5175493 0.0000000 4.1545680 1.4739244 1.2939389 1.3561613 1.7219482 1.8229442 1.4656768 1.3695418 1.4163508 1.3503232 1.6672939 1.5049374 1.5641716 1.5275470 1.5032017 1.4656314 1.4725883 1.7874863 2.1689778 2.0457635 2.0603655 5.5566397 1.9296807 1.4752003 2.7412181 3.6580854 1.0099127 1.2465467 1.1120521 1.5556432 1.2217374 2.4845511 1.6108232 1.7039114 2.1452321 4.4772865 2.2001674 2.3146004 1.9172148 
Hvul_g1927_1                                    1.1212993 1.1212993 1.6197732 1.4338844 0.6382428 0.7100821 0.9649549 0.9649549 0.8852778 0.8852778 1.0091986 1.1018211 1.1723439 0.8453179 1.1591201 1.4359826 1.3885320 1.1990698 1.5546207 1.9474312 1.2533608 1.1144432 1.3398464 1.5458486 1.4317698 1.1081497 8.9999986 1.0007133 1.5148723 4.1472347 1.1853472 2.2543565 4.1545680 0.0000000 0.2524773 1.8958585 0.7843315 1.2570043 1.2570043 1.0732251 1.4355111 1.1047851 0.9888940 1.3074168 1.2306892 1.8512262 1.4103866 1.0392994 1.4442530 6.6456097 8.9999990 7.6788507 2.1971049 2.1868589 1.7679186 2.0768188 1.0359247 1.3298456 1.0656350 3.7404942 8.9999987 8.9999986 5.7530704 9.0000000 1.7329091 8.9999985 3.6511073 8.9999990 1.1601743 6.6826565 4.1435433 4.3890879 
Hvul_g19567_1                                   1.2653724 1.3813137 1.4968716 1.1978360 0.8236928 1.1646334 1.3721881 1.3794447 1.3017198 1.2238780 2.2472783 1.0750522 1.0788041 1.6200602 1.7186806 1.3031718 1.2494757 1.0466736 1.1222207 1.4985535 1.4070079 1.2941401 1.2921287 1.2182874 1.3071771 1.0553551 1.5207644 1.0559772 1.2254125 1.6324844 1.0490761 1.2206599 1.4739244 0.2524773 0.0000000 0.1820535 0.5862847 1.0570345 1.0988374 1.0299164 1.0768260 1.0392716 0.9690378 1.1870929 1.1667166 1.4091282 1.4624023 1.3695028 1.4756943 2.5737814 2.2341789 2.8461714 1.7719719 1.7891246 2.3496252 1.7347601 1.3526492 2.2087657 0.9486150 1.8368682 1.9165465 1.4813798 1.7221697 1.1905755 2.0664898 1.6482857 2.3035619 2.8735147 2.1315319 3.0628042 3.5516454 3.3207556 
Hvul_g1926_1                                    8.9999989 2.6127459 2.0782300 1.3670676 9.0000000 3.2840473 1.8806170 1.8971499 1.6448008 1.6289690 5.7857064 1.5679795 1.2765624 8.9999987 2.9547186 1.6562816 1.5566638 1.2513600 1.2126154 1.4844861 2.5088276 1.8751323 1.6414329 1.4365979 1.4267363 1.2785721 1.4176434 1.4816692 1.5412380 1.5209267 1.1724574 1.1818460 1.2939389 1.8958585 0.1820535 0.0000000 0.7938675 1.5902701 1.7674762 1.5229688 1.5229688 1.5229688 1.5402698 1.4089178 1.5552553 1.7681764 1.8471249 1.9129814 1.8584297 2.0401975 2.0309980 2.6501951 1.9160827 1.9599933 7.4949539 2.0569238 1.8269912 4.3720365 2.5958258 1.2339044 1.7595308 1.3665908 1.2213840 1.1538084 2.8918034 1.5474562 1.5792359 2.5680898 6.0999329 2.3963764 3.6709645 2.7704932 
Chem_TCONS_00013080                             1.1883302 1.0622926 1.2099037 0.7894268 0.8741396 1.0710105 1.0607298 1.0328034 1.0467764 0.9861200 1.7774694 0.8346888 0.7932508 1.6143944 1.5959640 1.0656972 1.0603157 0.7523563 0.8481369 1.1965665 0.9875805 1.0169107 1.0306149 0.9912547 0.8876547 0.9477474 1.1376524 0.8965665 1.0756656 1.1776205 0.9368118 1.0970535 1.3561613 0.7843315 0.5862847 0.7938675 0.0000000 1.1281911 1.0669527 0.9009597 0.7662383 0.8340363 0.9810993 1.0792780 0.7944338 1.3892979 1.2353577 1.1668913 1.2166135 1.6335294 1.4462969 2.0138703 1.3875864 1.4072016 2.1799654 1.4937621 1.5085852 1.8466799 0.9270070 1.3071129 1.3899127 1.1926464 1.6244673 1.1354197 1.6275666 1.2917477 1.7163246 2.3178645 1.8890228 2.6756192 2.6420228 2.5289863 
Coemet_Cmet_scaffold7186_01                     1.1785358 0.9941102 1.0150512 1.0068342 0.9661010 1.0825836 1.1311720 1.1522440 1.2815065 1.2287063 1.9325741 1.0348671 1.0714621 1.5952271 1.4711192 1.2080522 1.1860916 0.8966294 1.1352076 1.5618346 1.1021224 1.1642533 1.1899651 1.0174691 1.2385817 1.1432949 1.2967766 0.9470226 1.3360945 1.5027527 1.1067723 1.0583258 1.7219482 1.2570043 1.0570345 1.5902701 1.1281911 0.0000000 0.0471207 0.5356181 0.5087033 0.5007936 0.4891611 0.7527851 0.6238802 0.8124187 1.1018708 1.1485709 1.1436292 1.8458905 1.6088032 2.4999495 1.7361380 1.7551416 2.1336612 1.7859960 1.3905605 2.0352182 0.9248754 1.7145472 1.4883803 1.2161894 1.9421212 1.3446515 1.4231768 1.5373784 1.9317027 2.3475968 1.7534892 2.8757934 3.1714592 2.3679526 
Coeast_Cast_sb802857                            1.1785358 1.0866485 1.0764787 1.0239467 0.9283669 1.1406560 1.2435791 1.2636880 1.3946210 1.3405102 2.0191984 1.1371431 1.1223258 1.6704415 1.6491068 1.2723133 1.2167621 0.9412717 1.1533382 1.6074816 1.1367311 1.1935069 1.2347476 1.0822299 1.3116163 1.1679338 1.3808430 0.9778777 1.3195302 1.5840448 1.1359765 1.0968546 1.8229442 1.2570043 1.0988374 1.7674762 1.0669527 0.0471207 0.0000000 0.5540563 0.5346686 0.5217268 0.5346178 0.7843683 0.7135276 0.8757008 1.2472911 1.3237623 1.3118051 2.1537738 1.9603453 2.7567357 1.7160223 1.7319656 2.1225250 1.7296489 1.4344384 2.1677740 0.9248754 1.7359234 1.5179679 1.2918458 2.0751936 1.5182248 1.4375852 1.6242293 2.1245790 2.5090823 1.9248456 3.4365223 3.0907804 2.6066465 
Bolinf_Binf_sb1256201                           1.1653748 1.1706048 1.1308235 0.9416390 1.1062410 1.2912314 1.1677504 1.1677504 1.2424709 1.1894508 2.0269671 0.9589939 0.9888065 1.9865154 1.4552846 1.0199968 1.0279187 0.8498121 1.0681676 1.3367344 1.4247100 1.2328775 1.0237393 0.9536451 1.0025809 0.9607666 0.9389780 0.7336911 1.1050797 1.1223390 0.9248461 0.9737269 1.4656768 1.0732251 1.0299164 1.5229688 0.9009597 0.5356181 0.5540563 0.0000000 0.0000010 0.0143372 0.2112048 0.5581253 0.5163845 0.7644450 1.2871947 1.3449941 1.3120629 2.0870591 1.3436489 2.3181385 1.3158435 1.3089966 1.9103304 1.5213685 1.3145320 1.9615072 1.1148870 1.3250085 1.0362394 0.8428611 1.8097467 0.9715426 1.3450542 1.1320470 1.7049841 1.9445663 1.8164057 2.9357181 2.0623202 2.2845872 
Mertsp_Mesp_sb568234                            1.6536900 1.3902834 1.0948383 0.8951832 1.0935830 1.5410520 1.1639822 1.1639822 1.2684439 1.1940219 2.5779780 0.7859630 0.8092066 4.5835244 1.6771355 1.0338258 0.9991349 0.7920515 0.8369638 1.1690850 1.2007028 1.0977344 0.9542770 0.7879575 0.8457210 0.7869166 0.8661553 0.6609377 1.0946803 1.0998753 0.8285648 0.8264051 1.3695418 1.4355111 1.0768260 1.5229688 0.7662383 0.5087033 0.5346686 0.0000010 0.0000000 0.0000010 0.2556195 0.5374320 0.5075350 0.6496708 1.2952875 1.2841695 1.3206358 1.6502944 1.3436489 2.0822448 1.1273257 1.1190350 1.7536665 1.5603711 1.3111077 2.3578423 1.0457429 1.0466119 1.0362394 0.8428611 1.2620290 0.9715426 1.2439730 1.1320470 1.4337189 1.9445663 2.8440168 2.2384126 2.0380022 2.2334365 
Bolinf_Binf_sb1256202                           1.2670130 1.2385400 1.1193635 0.9231186 0.9639514 1.2069114 1.1165426 1.1165426 1.1893070 1.1358227 1.9907951 0.9007430 0.9236586 2.1330406 1.4844851 1.0031350 1.0113032 0.8282066 1.0126477 1.3096648 1.3882708 1.1924901 0.9860151 0.9157080 0.9467635 0.9830269 0.8887552 0.7240963 1.1127790 1.0998753 0.9050560 0.9149308 1.4163508 1.1047851 1.0392716 1.5229688 0.8340363 0.5007936 0.5217268 0.0143372 0.0000010 0.0000000 0.2204466 0.5399418 0.4737175 0.7388742 1.3433419 1.3449941 1.3372683 1.9579672 1.3436489 2.3181385 1.3056480 1.2984534 1.9425159 1.5225056 1.3885257 1.9992809 1.0096210 1.2964660 1.0362394 0.8428611 1.6662003 0.9715426 1.2864565 1.1320470 1.6243103 1.9445663 1.8833067 2.8692657 1.9967398 2.2845872 
Mlei_ML3101.g4.i1                               1.0454041 0.9916845 1.0329950 0.8857920 0.9498665 1.0657141 1.1389193 1.1389193 1.1426223 1.0940863 1.8215097 0.9173295 0.9625381 1.8236230 1.3620750 0.9228767 0.9449275 0.8762029 1.0844320 1.3292012 1.3242585 1.1577438 0.9258940 0.9934192 0.9086915 0.9369183 1.0890496 0.7593160 1.1450120 1.2284794 0.9964985 0.9473975 1.3503232 0.9888940 0.9690378 1.5402698 0.9810993 0.4891611 0.5346178 0.2112048 0.2556195 0.2204466 0.0000000 0.5387472 0.4875226 0.7263957 1.2959830 1.3099368 1.3211129 2.0496377 1.5036175 2.2981631 1.4291596 1.4395633 2.0093319 1.4337125 1.2156068 2.0767187 1.0017470 1.3706512 1.1581905 0.8298487 1.8957334 1.0979072 1.4108411 1.2613298 1.5166497 2.0259562 1.6146474 2.4421658 2.2884799 2.1131965 
Beraby_Baby_sb323880                            1.3049234 1.1171434 1.3901635 1.1579429 1.0146083 1.1871465 1.4811910 1.4062260 1.4650691 1.4081345 2.1586204 1.1621151 1.0940346 1.8773903 1.9029161 1.4008734 1.3255529 1.1001835 1.2400798 1.9031091 1.4907089 1.4052891 1.2875463 1.3163719 1.2759918 1.2804749 1.4131907 1.0467327 1.4606856 1.5522514 1.2271363 1.1777169 1.6672939 1.3074168 1.1870929 1.4089178 1.0792780 0.7527851 0.7843683 0.5581253 0.5374320 0.5399418 0.5387472 0.0000000 0.5629869 0.7802145 1.4543331 1.3351109 1.4709808 1.9523485 1.5772807 2.2577596 1.4906297 1.5139559 2.1490559 1.9238417 1.3515838 2.0680888 0.9156279 1.5389853 1.9520528 1.3686449 1.8517918 1.3805377 1.5232213 1.8786462 1.6701628 2.2160298 1.7864135 2.5726519 3.3773067 1.9667011 
Eupdun_Edun_sb10634978                          1.1671737 0.8973769 1.1193567 0.8647138 0.8313574 0.9006857 1.1763302 1.1396150 1.2877328 1.2378104 1.5616319 1.1240347 0.9224164 1.6589697 1.7712634 1.1622163 1.1413670 0.9049355 1.0832894 1.4016397 0.9923429 1.1512260 1.0992864 1.1441839 1.0243213 1.0338387 1.1070796 0.8850495 1.1758015 1.5433762 1.0264390 1.0014128 1.5049374 1.2306892 1.1667166 1.5552553 0.7944338 0.6238802 0.7135276 0.5163845 0.5075350 0.4737175 0.4875226 0.5629869 0.0000000 0.7575035 1.3797200 1.2680045 1.4433620 2.1382404 1.9645994 2.3911367 1.4790869 1.4950084 1.8304847 1.7527168 1.4110681 2.1336939 0.9466113 1.4440303 1.8175362 1.3193821 1.7403662 1.3606094 1.3345840 1.8567222 1.5079947 2.1518382 1.8583421 2.8964239 3.1126792 2.3834529 
Pbac_sb2659333                                  1.3713841 1.2169822 1.2930768 1.0490780 1.3616087 1.3343819 1.5344162 1.5344162 1.5622234 1.5008886 2.4606745 1.3033455 1.1697220 2.5233379 2.1159033 1.3707847 1.3448262 1.2035559 1.3158476 1.8356847 1.6703110 1.4605433 1.5881786 1.2651597 1.3878263 1.0931880 1.1626930 1.1468521 1.4558177 1.2990906 1.2867795 1.2943614 1.5641716 1.8512262 1.4091282 1.7681764 1.3892979 0.8124187 0.8757008 0.7644450 0.6496708 0.7388742 0.7263957 0.7802145 0.7575035 0.0000000 1.5866390 1.5126348 1.6239476 2.2166725 2.1428197 2.6027070 1.6446016 1.6318618 2.2776431 1.7105787 1.3648708 2.4735536 1.5174192 1.5983277 1.6211858 1.2369212 2.0907665 1.3528710 1.5751662 1.8588703 2.1194464 2.4849178 2.6004345 3.5713926 3.7212792 2.7851252 
HoiH23_PlH23_007640-RA                          1.1203390 0.9553977 0.7930939 0.9742795 1.0183884 0.9732083 1.1798757 1.1518858 1.2146905 1.2146905 1.6853989 1.1135207 0.9411875 1.6290827 1.8171640 1.2380637 1.2418658 1.0141624 1.3140879 1.6029555 1.2541445 1.0931654 1.5076713 1.1845335 1.1872956 1.1895672 1.3814706 1.2057377 1.6187018 1.4391594 1.3924119 1.1386138 1.5275470 1.4103866 1.4624023 1.8471249 1.2353577 1.1018708 1.2472911 1.2871947 1.2952875 1.3433419 1.2959830 1.4543331 1.3797200 1.5866390 0.0000000 0.0566829 0.0929278 0.2899473 0.1037530 0.3045353 1.6834832 1.6787824 2.7356081 1.8788136 1.4392073 2.1588405 1.1967409 1.7722910 1.2414228 0.8867583 2.1048370 1.3554651 1.7542597 1.5813558 1.8079416 2.4791384 2.1315900 3.1097728 2.4367347 2.2746046 
HoiH06_mRNA14793                                1.1978961 0.9559865 0.7453679 0.9601452 0.9041954 0.8541272 1.1764146 1.1439709 1.2031493 1.2031493 1.8193155 1.0719641 0.8750185 1.6675731 1.8544367 1.2704880 1.2288443 0.9996138 1.2687782 1.6004923 1.0650896 0.9423948 1.4261872 1.1362799 1.0903422 1.1486015 1.2115033 1.1209986 1.6118066 1.3894448 1.2889119 1.0620260 1.5032017 1.0392994 1.3695028 1.9129814 1.1668913 1.1485709 1.3237623 1.3449941 1.2841695 1.3449941 1.3099368 1.3351109 1.2680045 1.5126348 0.0566829 0.0000000 0.1195719 0.1299789 0.1207367 0.3222821 1.5593096 1.5540275 2.5923790 1.9506596 1.4193027 2.3412559 1.0760586 1.8958050 1.2252441 0.9021869 1.7926699 1.3595951 1.6089228 1.5279055 1.6736821 2.4700074 2.3210896 2.7083968 2.5983066 2.2390517 
HoiH11_mRNA3872                                 1.1382979 0.9453691 0.7850706 0.9483259 1.0443104 0.9589962 1.1077919 1.0821928 1.1585467 1.1585467 1.6945023 1.0794379 0.9227072 1.6940187 1.7226204 1.1723361 1.2179517 1.0342246 1.3054617 1.5737489 1.2148914 1.0466951 1.4567831 1.1632978 1.1864243 1.2089084 1.3364119 1.1692286 1.6306739 1.3686121 1.3398078 1.1524075 1.4656314 1.4442530 1.4756943 1.8584297 1.2166135 1.1436292 1.3118051 1.3120629 1.3206358 1.3372683 1.3211129 1.4709808 1.4433620 1.6239476 0.0929278 0.1195719 0.0000000 0.2891558 0.1219675 0.3846384 1.7587719 1.7539083 3.1183830 1.8566793 1.3719007 2.2551274 1.2184689 1.8179316 1.2024129 0.8643289 2.0533696 1.2953027 1.6051147 1.6265092 1.8582386 2.3837430 2.1884786 2.9567197 2.4291924 2.1817007 
Tadh_wf_g7467.t1                                6.0969506 2.0041893 1.3886604 1.4520282 9.0000000 1.7613613 1.6673020 1.6044247 1.7641535 1.7641535 2.9325004 1.6685899 1.3847938 8.9999988 3.1768932 1.6928189 1.8077349 1.5983375 1.8149810 2.1166314 2.5101649 1.6588756 2.2663873 1.8221529 1.6749836 2.2299514 1.4407297 1.9298587 2.4388663 1.6046279 2.0390860 1.6192993 1.4725883 6.6456097 2.5737814 2.0401975 1.6335294 1.8458905 2.1537738 2.0870591 1.6502944 1.9579672 2.0496377 1.9523485 2.1382404 2.2166725 0.2899473 0.1299789 0.2891558 0.0000000 0.0000010 0.3148893 1.7464398 1.7541198 7.7129179 2.3727930 2.0732631 4.5566428 9.0000000 1.8928807 1.2319743 0.9276486 2.0524966 1.3862872 2.1684404 1.6584726 1.7350919 2.6224767 5.6271652 2.5376802 2.9108819 2.2320544 
TrH2_TrispH2_006616-RA                          1.5725968 8.9999986 0.8911261 1.4470772 0.0000010 6.1855085 1.9487737 1.8018192 2.0243869 2.0243869 8.7857023 1.8311258 1.3921045 3.2695521 4.2841878 1.8896138 1.9888101 1.5312558 1.7013122 2.0611262 0.0000010 1.0436060 2.0530310 1.7092444 1.3899141 2.1192389 1.4320613 1.6536041 2.5369287 2.0825623 1.8416023 1.6818639 1.7874863 8.9999990 2.2341789 2.0309980 1.4462969 1.6088032 1.9603453 1.3436489 1.3436489 1.3436489 1.5036175 1.5772807 1.9645994 2.1428197 0.1037530 0.1207367 0.1219675 0.0000010 0.0000000 0.0730096 1.5145494 1.5332672 8.9999987 2.3524090 0.8114153 8.9999989 0.0000010 2.0486117 1.6082091 1.0549766 2.0902873 1.7529141 2.0708423 2.3873520 1.9503066 4.5023799 4.3902175 4.5214894 5.7085969 4.2990889 
HoiH04_mRNA9250                                 5.0168160 3.7040432 1.8793024 1.8366380 7.1048925 3.6034461 2.2215568 2.1027592 2.2456186 2.2456186 5.3479086 2.0398305 1.6973370 8.9999982 3.9140246 2.0969730 2.1109465 1.7669981 1.9057375 2.3582172 4.4251608 2.0316828 2.4905920 2.1272030 1.9506905 2.5364230 1.7672935 2.0515035 2.9570054 2.3922710 2.1961314 2.0232554 2.1689778 7.6788507 2.8461714 2.6501951 2.0138703 2.4999495 2.7567357 2.3181385 2.0822448 2.3181385 2.2981631 2.2577596 2.3911367 2.6027070 0.3045353 0.3222821 0.3846384 0.3148893 0.0730096 0.0000000 2.3048294 2.2688501 8.9999990 2.7915635 2.8496048 6.0077537 5.6973346 2.4009486 1.8075264 1.2184877 2.3702566 2.0886011 2.9769944 2.2824536 2.0152056 4.4034376 5.4405545 3.8842123 4.0335453 3.8435259 
