63
Morvir_scaffold416.g9.t6                               0.0000000 4.4844930 4.0744858 4.3783650 3.6464907 3.6245470 3.3971695 3.2798969 3.4795653 3.4116615 4.2956565 3.1392296 3.2792025 4.6413072 3.8964343 3.3225530 3.3804143 3.0948604 3.6809367 3.1287349 3.0253824 3.2400224 3.1074774 3.0560945 3.0554482 2.7034684 3.0947574 2.9262056 2.6002470 2.9369876 3.7065117 3.3508334 3.7243498 3.0565330 3.3223289 3.1098592 2.8990868 3.2371261 3.0920728 3.6015819 4.9296256 4.3660727 2.9621274 2.8637316 2.6215078 2.6655106 2.8575271 2.7356587 3.1988941 3.2227664 3.1450958 3.1920373 3.2405099 3.0267351 3.3136258 2.7207588 3.2260524 3.4553704 3.2958502 3.5774385 3.3550184 3.3878723 3.4328922 
HoiH23_PlH23_006729-RA                                 4.4844930 0.0000000 0.0836632 0.1902222 0.4192834 0.3701946 2.7714875 2.6529083 2.5077020 2.6754121 2.2162377 2.1500969 1.9262283 1.6264666 2.2111251 2.0239732 2.0905833 1.8934151 2.6101759 2.2599650 1.9406683 2.0013547 2.0771453 2.1243382 2.3104746 1.9048724 2.0752623 2.1982130 2.0354884 2.1860144 2.7539315 2.6189497 2.5335922 2.4023728 2.4199149 2.5984239 2.0533221 3.2516964 2.8907271 2.9115552 3.3370601 2.6712988 2.1645063 2.3129049 2.4244117 2.6921715 2.5710835 2.5970689 2.1627837 2.1550120 2.3963473 2.4237778 2.4310300 2.4235662 2.4095996 2.8876861 2.3023866 2.2807631 2.2768478 2.7367185 2.5505024 2.5467449 2.3913570 
HoiH06_mRNA11488                                       4.0744858 0.0836632 0.0000000 0.1770029 0.4179709 0.3658736 2.7299622 2.5839850 2.4453851 2.6894418 2.1974779 2.1418141 1.8388438 1.6199031 2.1044016 1.9616291 2.0098565 1.8388603 2.5366805 2.1704157 1.9074984 1.9839619 2.0372656 2.0672093 2.2585043 1.8273941 2.0805928 2.2047558 1.9349713 2.1184564 2.6817859 2.6220003 2.5330738 2.3209909 2.3961054 2.5377527 2.0163441 3.1349547 2.7073812 2.8025273 3.2321429 2.6778772 2.1809665 2.2742712 2.3788822 2.6144073 2.5032491 2.5396953 2.1957602 2.1155470 2.3735296 2.4018893 2.3911645 2.3545669 2.3695747 2.7703043 2.2812655 2.2225850 2.2395765 2.7160003 2.4676164 2.4905775 2.3225280 
HoiH04_mRNA2092                                        4.3783650 0.1902222 0.1770029 0.0000000 0.4601862 0.4081808 2.7584762 2.6059497 2.5033030 2.7424145 2.2896213 2.1697332 1.9374021 1.6925989 2.2403909 2.0620074 2.1144775 1.9687723 2.6720990 2.3516161 2.0009087 2.1062741 2.0311293 2.1065795 2.3897344 1.8855870 2.1745325 2.2587764 2.0754694 2.1983241 2.8026384 2.7239259 2.6247219 2.4002973 2.4835438 2.7147814 2.1434415 3.1448407 2.8553493 2.9190225 3.4136209 2.7441001 2.2425436 2.3931523 2.4422246 2.7609259 2.6315504 2.6345097 2.3358087 2.1432629 2.4375147 2.4925673 2.4639409 2.5217764 2.4359354 2.8211123 2.4038893 2.3660653 2.4015072 2.8409457 2.5743358 2.5698367 2.4993174 
Tadh_TriadT59982                                       3.6464907 0.4192834 0.4179709 0.4601862 0.0000000 0.0068691 2.7422161 2.5602370 2.4305807 2.6940501 2.0986913 2.2243943 1.8546120 1.7474896 2.1694123 2.0210729 2.0986887 1.9650716 2.8212604 2.4929097 1.9688001 2.0358251 1.9615308 1.9347907 2.2372578 1.7675250 2.1895297 2.2320887 1.9872982 1.9762120 2.7769640 2.6881599 2.5552938 2.4799573 2.4650296 2.6399335 2.0608929 3.0401880 2.9279711 2.8653501 2.9420871 2.6410687 2.1230266 2.1818926 2.3345763 2.5990176 2.5127745 2.5509316 2.1265608 2.2136232 2.5603253 2.6633560 2.6534567 2.6739632 2.5616324 3.6607372 2.5588206 2.5530281 2.5186948 3.0754851 2.7221312 2.7084443 2.3271020 
TrH2_TrispH2_007071-RA                                 3.6245470 0.3701946 0.3658736 0.4081808 0.0068691 0.0000000 2.6936799 2.4995884 2.4511800 2.6836289 2.1215651 2.1047251 1.7910113 1.6049127 2.0363002 1.9419432 1.9915556 1.8431157 2.4980757 2.1490051 1.9149919 1.9704487 1.9188969 1.9835112 2.2098954 1.7621691 2.0722905 2.0924722 1.9291208 2.0068884 2.5645626 2.5446917 2.4232669 2.2242177 2.3908434 2.4881454 1.9942244 2.8970870 2.7744245 2.7659285 2.9719165 2.7163213 2.1289287 2.2128356 2.3158313 2.5110688 2.4499278 2.4829397 2.1814281 2.1941503 2.4181711 2.5001707 2.4988015 2.4825285 2.4682988 2.8732698 2.4061821 2.3554786 2.4157338 2.7715814 2.5489245 2.5407521 2.3316676 
Lcom_lcpid105017                                       3.3971695 2.7714875 2.7299622 2.7584762 2.7422161 2.6936799 0.0000000 0.4968464 0.4422052 0.5216790 0.7952097 1.7023287 1.9052136 0.9902995 1.9819157 1.8807409 1.9752494 1.7768767 1.8802897 1.9666200 1.8132249 1.9211692 2.2081254 2.1113748 1.8697790 1.6861312 1.6351028 1.7627046 1.7782366 1.7954202 1.9230436 1.8249293 1.7053944 1.3998182 1.4322191 1.6507487 1.7096010 2.0534171 1.9143549 2.1746491 2.0830793 2.5503569 2.3147702 2.0923563 1.8429329 1.9514149 1.8942537 1.8424418 2.1376453 2.0367190 2.1293555 2.2496057 2.2496057 2.2496057 2.3052625 2.6062961 1.9387219 2.1439309 2.1234296 2.1891423 2.2692108 2.2843241 2.3853782 
Gracom_Gcom_scaffold15560_01                           3.2798969 2.6529083 2.5839850 2.6059497 2.5602370 2.4995884 0.4968464 0.0000000 0.3859946 0.4101016 0.7895309 1.5753875 1.7071143 0.9305995 1.9031707 1.7517210 1.7603796 1.6241615 1.9599102 1.7901426 1.7875807 1.7103167 2.0783516 2.0059896 1.7293980 1.6999964 1.5605098 1.6970209 1.5823451 1.7292816 1.8690583 1.8255326 1.6306935 1.3477720 1.4327701 1.6002047 1.6436560 1.8820078 1.8853622 1.9276934 2.0405175 2.3576686 2.0403846 2.0137060 1.8077223 1.9627271 2.0085246 1.9614731 2.0526113 2.1152297 2.1474805 2.2867596 2.2987768 2.2575110 2.3098094 2.3387698 2.0403825 2.2325615 2.2405220 2.3329430 2.4181459 2.4032374 2.2550489 
Scil_scict020787.4                                     3.4795653 2.5077020 2.4453851 2.5033030 2.4305807 2.4511800 0.4422052 0.3859946 0.0000000 0.3722621 0.8803997 1.7804001 1.8182644 0.9709775 1.9628151 1.7620884 1.8393354 1.7475502 2.3474860 1.8850381 1.7087248 1.6601572 2.1104631 2.0732436 1.7729514 1.6909683 1.8315863 1.6051333 1.7668974 1.7539646 2.0305634 1.8381611 1.7625491 1.3201643 1.4517242 1.7401086 1.5308492 1.9198715 1.7721889 1.9221310 2.1480614 2.4146404 2.1366378 2.1082685 1.8094262 2.0838622 2.0093235 2.0394921 2.1702489 2.2489882 2.2998632 2.4197901 2.4601442 2.2600347 2.5244193 2.5005081 2.1609655 2.4057447 2.3644355 2.3922568 2.5616163 2.5833474 2.1524065 
Leuniv_Lniv_scaffold21030_01                           3.4116615 2.6754121 2.6894418 2.7424145 2.6940501 2.6836289 0.5216790 0.4101016 0.3722621 0.0000000 0.8048126 1.6192051 1.7037029 0.9234748 1.9131791 1.7218188 1.7924566 1.6418640 2.0520313 1.7577149 1.8029710 1.7093643 2.0961705 2.0685328 1.8061949 1.6004288 1.6182383 1.6098695 1.5326786 1.7587094 2.0276351 1.7552957 1.6440334 1.4058145 1.3866912 1.5644646 1.4827979 1.8846548 1.7934499 1.9154111 2.0204513 2.4673044 2.0961209 2.1115152 1.9017525 2.0938971 2.0835657 2.0606930 2.1640654 2.1876479 2.1895064 2.2963559 2.3345390 2.2184064 2.3733471 2.3491581 2.1584729 2.3459438 2.2136133 2.3463259 2.3790188 2.3887515 2.3579294 
Clacor_Ccor_C526429_01                                 4.2956565 2.2162377 2.1974779 2.2896213 2.0986913 2.1215651 0.7952097 0.7895309 0.8803997 0.8048126 0.0000000 1.3278977 1.2928734 0.7167451 1.3495901 1.4210007 1.4760974 1.2240854 1.8803812 1.3795317 1.3511055 1.4590096 1.3164052 1.4262921 1.2158401 1.2513845 1.4162913 0.9755857 1.2643648 1.3639924 1.4720522 1.5017235 1.4775477 0.9897289 1.2747096 1.3097836 1.3471064 1.8375359 1.7753392 1.7556594 1.6896777 2.1778096 1.8544258 1.7033609 1.6525222 1.8552866 1.7189006 1.7525548 1.8175251 2.2909092 2.2125310 2.2125310 2.2642029 2.0030166 2.2416634 2.3469765 2.2234008 2.2533136 2.1329387 2.4049500 2.3088466 2.3700532 1.8366868 
Cgig_XM_034463632.1                                    3.1392296 2.1500969 2.1418141 2.1697332 2.2243943 2.1047251 1.7023287 1.5753875 1.7804001 1.6192051 1.3278977 0.0000000 1.2662664 0.5162129 1.5172503 1.2729181 1.2866277 1.2208989 1.7791775 1.4831401 1.2789814 1.2964678 1.4996287 1.4688993 0.7921310 0.9079488 1.0917081 1.1323205 1.0464111 1.2853046 2.0896959 1.9795567 1.8501784 1.2062579 1.8194831 1.7213727 1.3571526 2.3188149 2.0775978 2.1447070 2.3690524 1.7083336 1.7336300 1.7150115 1.4604083 1.7207280 1.7234804 1.6981718 1.4647399 1.8053094 1.9638981 1.9743573 1.9713093 1.8597948 1.9671828 2.2492882 1.9881295 1.8400367 1.9898951 2.0056317 1.9474317 2.0242138 1.6403068 
Gasp_gasp1.m3.19648.m1                                 3.2792025 1.9262283 1.8388438 1.9374021 1.8546120 1.7910113 1.9052136 1.7071143 1.8182644 1.7037029 1.2928734 1.2662664 0.0000000 0.0858065 0.2787449 0.2660383 0.2825088 0.3440086 0.8829351 0.6071027 0.7534616 0.7293642 1.1255225 1.2138723 1.3463334 1.1769613 1.4202389 1.3896235 1.2722625 1.4275692 1.9428005 1.8004534 1.5641051 1.3511728 1.6006386 1.6554858 1.4476874 2.0084386 1.9398440 2.0407912 1.9359333 1.7832493 1.4387553 1.5157290 1.4287909 1.6247284 1.6082415 1.5737155 1.4635340 1.7107813 1.7525134 1.7911958 1.8174391 1.7148063 1.8857841 2.2989545 1.6257745 1.7612194 1.8645461 1.8174410 1.8054369 1.8427266 1.7405228 
Gfas_gfas1.m1.15893.m1                                 4.6413072 1.6264666 1.6199031 1.6925989 1.7474896 1.6049127 0.9902995 0.9305995 0.9709775 0.9234748 0.7167451 0.5162129 0.0858065 0.0000000 0.0727326 0.0976724 0.1255628 0.1109043 0.1109043 0.1109043 0.1843441 0.2425683 0.5309585 0.5952283 0.5495475 0.6037658 0.6902741 0.8020171 0.6918815 0.8355477 1.0542726 1.2325523 1.2325523 0.9011373 0.6071209 0.8073944 0.8010801 1.3231529 1.3561502 1.4642759 1.1929822 1.2257106 1.1674586 1.0124204 1.1029854 1.0685674 1.0685674 1.1054824 1.0364285 1.3809926 1.4362628 1.4362628 1.4362628 1.4362628 1.5324927 1.9842045 1.4188349 1.4232573 1.3886686 1.6878805 1.5565362 1.5565362 1.4206910 
Fspp_ffun1.m4.5022.m1                                  3.8964343 2.2111251 2.1044016 2.2403909 2.1694123 2.0363002 1.9819157 1.9031707 1.9628151 1.9131791 1.3495901 1.5172503 0.2787449 0.0727326 0.0000000 0.3760482 0.3819942 0.5373687 0.9782863 0.9097073 0.8836763 0.8102031 1.3621746 1.4189453 1.5440094 1.3244097 1.6749041 1.5287217 1.3546545 1.5546091 1.9196450 1.9757660 1.6642156 1.5742221 1.7057420 1.9338985 1.6279276 2.1800787 2.2370968 2.2583104 2.0096002 1.7910038 1.6095451 1.7053742 1.5474294 1.8533041 1.7825324 1.7151157 1.5775236 1.7780618 1.7613847 1.8315836 1.8525188 1.7955447 1.9431161 2.3670933 1.6539974 1.9213043 1.8461662 1.9497532 1.8708486 1.8684788 1.9966403 
Spis_XP_022800345_1                                    3.3225530 2.0239732 1.9616291 2.0620074 2.0210729 1.9419432 1.8807409 1.7517210 1.7620884 1.7218188 1.4210007 1.2729181 0.2660383 0.0976724 0.3760482 0.0000000 0.1330429 0.3638611 0.8567018 0.6295008 0.7962060 0.7116573 1.1427251 1.2622111 1.4285995 1.1814884 1.5060022 1.3435871 1.2597439 1.4631211 1.9625144 1.9272057 1.6889127 1.4882574 1.5792983 1.6819805 1.4724012 2.1043989 2.0246028 2.1018556 1.9492879 1.7894813 1.4870029 1.4642218 1.3914517 1.5889500 1.5348434 1.5342718 1.5010605 1.7938070 1.8307070 1.8467672 1.8673711 1.8013659 1.9617605 2.3988978 1.7080024 1.8532984 1.9182671 1.9527155 1.9803814 1.9700314 1.8022249 
Pocdam_XM_027195000.1                                  3.3804143 2.0905833 2.0098565 2.1144775 2.0986887 1.9915556 1.9752494 1.7603796 1.8393354 1.7924566 1.4760974 1.2866277 0.2825088 0.1255628 0.3819942 0.1330429 0.0000000 0.3620869 0.8113407 0.6244005 0.8100603 0.7463914 1.1921756 1.2860105 1.4467158 1.2150060 1.4482181 1.3813671 1.3106574 1.4814097 2.0083104 1.9295739 1.7043755 1.5019948 1.5399174 1.7026310 1.4893496 2.0443747 2.0255113 2.0142504 2.0082693 1.8569447 1.4904912 1.5283226 1.4013855 1.5647576 1.5524391 1.5397200 1.5402520 1.8296395 1.8623926 1.8735694 1.8938594 1.8309556 1.9408990 2.3245735 1.7676105 1.8428540 1.9292339 2.0051376 2.0000499 1.9926240 1.7670262 
Amil_Amillepora36351-RA                                3.0948604 1.8934151 1.8388603 1.9687723 1.9650716 1.8431157 1.7768767 1.6241615 1.7475502 1.6418640 1.2240854 1.2208989 0.3440086 0.1109043 0.5373687 0.3638611 0.3620869 0.0000000 0.1309968 0.1347584 0.6697105 0.6231861 1.0989113 1.1757369 1.2705196 1.0832742 1.2568139 1.2549921 1.1801956 1.3261552 1.7615887 1.6864682 1.5175879 1.2643076 1.4616048 1.4998640 1.4243941 1.8817609 1.9005432 1.9646129 1.8405209 1.5829456 1.5541951 1.3753893 1.2870976 1.4562335 1.4948702 1.4453184 1.2101321 1.6906625 1.6733692 1.7257149 1.7257149 1.6851104 1.9271364 2.3167551 1.5906004 1.8124960 1.7595691 1.9167403 1.7721194 1.7721194 1.7672325 
Amil_Amillepora30357-RA                                3.6809367 2.6101759 2.5366805 2.6720990 2.8212604 2.4980757 1.8802897 1.9599102 2.3474860 2.0520313 1.8803812 1.7791775 0.8829351 0.1109043 0.9782863 0.8567018 0.8113407 0.1309968 0.0000000 0.3398115 1.1314997 1.1880370 1.3045875 1.3803806 1.5894687 1.7441300 2.0277121 1.4039381 1.7113923 1.9142026 1.8684815 2.1822150 1.9044686 1.3637773 2.0898565 2.2127486 1.9499525 2.5886952 2.3840138 2.5980212 2.7203238 2.3583004 2.2047838 2.0693824 1.9925939 2.1130969 2.2634487 2.1454541 1.7696157 2.2229008 2.2376869 2.2936783 2.3781898 2.0935002 2.4140395 2.4172119 2.1259106 2.3953628 2.3625516 2.5492395 2.4628617 2.5260968 2.5105341 
Adig_XM_015921986.1                                    3.1287349 2.2599650 2.1704157 2.3516161 2.4929097 2.1490051 1.9666200 1.7901426 1.8850381 1.7577149 1.3795317 1.4831401 0.6071027 0.1109043 0.9097073 0.6295008 0.6244005 0.1347584 0.3398115 0.0000000 0.9059294 0.9233500 1.3026441 1.3593867 1.4462693 1.3614494 1.4666947 1.4637835 1.5149931 1.6983942 1.9478574 1.9350129 1.6859570 1.5279128 1.6404005 1.5886751 1.6300166 1.8824654 2.0001781 2.0235299 2.3126928 2.2197159 2.0094935 1.7244051 1.6438417 1.7488384 1.8157536 1.7602958 1.5168454 2.1920915 2.2991089 2.3347355 2.3347355 2.3363791 2.4928356 2.3239017 2.0650592 2.3098067 2.2048600 2.5674874 2.3353135 2.3343921 1.9645022 
Exapal_XM_021056063.1                                  3.0253824 1.9406683 1.9074984 2.0009087 1.9688001 1.9149919 1.8132249 1.7875807 1.7087248 1.8029710 1.3511055 1.2789814 0.7534616 0.1843441 0.8836763 0.7962060 0.8100603 0.6697105 1.1314997 0.9059294 0.0000000 0.7186429 1.1917235 1.1096507 1.2748440 1.1964606 1.2320606 1.3712659 1.2911010 1.3426029 1.9284428 1.7736204 1.6319971 1.3205332 1.8289380 1.8927394 1.4801696 2.1885746 2.1221880 2.0958237 2.0265528 1.7535816 1.4963929 1.4189556 1.3874934 1.5130165 1.4815546 1.4251723 1.5192428 1.6927727 1.7164694 1.7545284 1.7891166 1.7124578 1.7551895 2.1138144 1.5409568 1.6648173 1.7153301 1.7262090 1.7046739 1.7131071 1.6917749 
Nvec_v1g17445                                          3.2400224 2.0013547 1.9839619 2.1062741 2.0358251 1.9704487 1.9211692 1.7103167 1.6601572 1.7093643 1.4590096 1.2964678 0.7293642 0.2425683 0.8102031 0.7116573 0.7463914 0.6231861 1.1880370 0.9233500 0.7186429 0.0000000 1.3458409 1.4347077 1.3688940 1.2525453 1.2765051 1.3705586 1.3110132 1.3386594 1.7663250 1.7820755 1.6971126 1.2692136 1.6683597 1.6822234 1.5413146 2.1132591 2.0558929 1.9490137 1.9097573 1.7457078 1.4964291 1.3919123 1.3876497 1.6790743 1.6153076 1.5678945 1.5766002 1.7417582 1.7258963 1.7822032 1.7749147 1.7582483 1.8050647 2.0115387 1.6511774 1.7797037 1.8448486 1.8279938 1.8063596 1.8241984 1.5601457 
Dgig_XM_028556963.1                                    3.1074774 2.0771453 2.0372656 2.0311293 1.9615308 1.9188969 2.2081254 2.0783516 2.1104631 2.0961705 1.3164052 1.4996287 1.1255225 0.5309585 1.3621746 1.1427251 1.1921756 1.0989113 1.3045875 1.3026441 1.1917235 1.3458409 0.0000000 0.5299178 1.5825609 1.4520666 1.4043208 1.4902434 1.5095298 1.5033006 2.2629715 2.1064738 1.8664670 1.6971641 1.7723220 1.7549452 1.6371504 2.1325732 2.1819056 2.1760740 2.3638452 1.8427546 1.7027359 1.6761825 1.6889713 1.9122053 1.9448119 1.8621905 1.6602835 1.8124513 1.8907525 1.9472028 1.9508951 1.9510742 1.9628543 2.2643226 1.7120264 1.8933761 1.9566803 2.1125327 1.9668872 1.9893527 1.8787571 
Xesp_014098-T1                                         3.0560945 2.1243382 2.0672093 2.1065795 1.9347907 1.9835112 2.1113748 2.0059896 2.0732436 2.0685328 1.4262921 1.4688993 1.2138723 0.5952283 1.4189453 1.2622111 1.2860105 1.1757369 1.3803806 1.3593867 1.1096507 1.4347077 0.5299178 0.0000000 1.6602128 1.5637146 1.4266792 1.5648377 1.5122090 1.6753151 2.1925218 2.0858833 1.8764427 1.8037952 1.8562408 1.9147101 1.5703440 2.0073988 1.9896421 2.1962781 2.3485231 2.0287408 1.8204343 1.7288218 1.7666226 1.8202329 1.8529580 1.7295336 1.6079762 1.9549122 1.9745547 1.9669255 1.9545791 1.9981909 2.1320132 2.3508299 1.8524960 1.9731708 1.9767877 2.1766333 2.0808197 2.1192683 1.9686149 
Acagra_model.g12917.t1                                 3.0554482 2.3104746 2.2585043 2.3897344 2.2372578 2.2098954 1.8697790 1.7293980 1.7729514 1.8061949 1.2158401 0.7921310 1.3463334 0.5495475 1.5440094 1.4285995 1.4467158 1.2705196 1.5894687 1.4462693 1.2748440 1.3688940 1.5825609 1.6602128 0.0000000 1.0836766 1.3279663 1.1385430 1.1074892 1.3388697 2.0140743 2.0534106 1.9222205 1.3491898 1.6424770 1.4604238 1.4430177 2.5365778 2.4585337 2.1806486 2.3454881 2.0459185 1.8953669 1.6362702 1.4923635 1.7287269 1.7672169 1.6143246 1.7020835 1.7028949 1.7933526 1.8772541 1.9038425 1.8995321 1.9425539 2.2399565 1.6840600 1.8994875 1.8513849 1.9661240 1.9049286 1.9435342 1.8942034 
Bralan_BLAG06000767_1                                  2.7034684 1.9048724 1.8273941 1.8855870 1.7675250 1.7621691 1.6861312 1.6999964 1.6909683 1.6004288 1.2513845 0.9079488 1.1769613 0.6037658 1.3244097 1.1814884 1.2150060 1.0832742 1.7441300 1.3614494 1.1964606 1.2525453 1.4520666 1.5637146 1.0836766 0.0000000 1.0982340 0.9188399 1.0090782 0.9586340 1.8443021 1.7517757 1.6047067 1.2499623 1.5005229 1.4525486 1.0810512 2.0048287 1.8903539 1.8677959 1.9489480 1.6886533 1.5248462 1.5742284 1.4179674 1.6391559 1.5792416 1.5911888 1.4108649 1.6964166 1.8232814 1.8427780 1.8300239 1.6839560 1.8491336 2.0294956 1.7340662 1.7881088 1.8233188 1.9236101 1.8579781 1.8686779 1.5465629 
Skow_XM_006824806.1                                    3.0947574 2.0752623 2.0805928 2.1745325 2.1895297 2.0722905 1.6351028 1.5605098 1.8315863 1.6182383 1.4162913 1.0917081 1.4202389 0.6902741 1.6749041 1.5060022 1.4482181 1.2568139 2.0277121 1.4666947 1.2320606 1.2765051 1.4043208 1.4266792 1.3279663 1.0982340 0.0000000 1.0605566 1.1774840 1.2637363 1.9110602 2.0098608 2.0028394 1.2988591 1.7509759 1.6849062 1.1806914 2.1942416 1.9963223 1.8883595 2.2164484 1.9458854 1.6646437 1.7094796 1.7507136 1.8565115 1.8739869 1.8561398 1.7809216 2.0042016 2.2626113 2.2683817 2.2500837 2.0614273 2.1658971 2.3700108 2.1441615 2.1783609 2.2590058 2.3521585 2.1513298 2.1854105 1.8326938 
Ctel_gnl_WGS_AMQN_CAPTEDRAFT_mRNA183870                2.9262056 2.1982130 2.2047558 2.2587764 2.2320887 2.0924722 1.7627046 1.6970209 1.6051333 1.6098695 0.9755857 1.1323205 1.3896235 0.8020171 1.5287217 1.3435871 1.3813671 1.2549921 1.4039381 1.4637835 1.3712659 1.3705586 1.4902434 1.5648377 1.1385430 0.9188399 1.0605566 0.0000000 1.0961872 1.1360599 1.9012986 1.7072123 1.6182143 1.5740696 1.4827218 1.5887122 1.2974995 2.1981170 2.2204509 2.1369680 2.3737231 1.5132582 1.7904009 1.5608209 1.4001023 1.5556555 1.6346245 1.5452897 1.5231490 1.7487373 1.9851945 1.8824808 1.8824808 1.8824808 1.9768892 2.0212963 1.7820477 2.0169539 1.8964374 2.0445151 1.9956704 1.9956704 1.6324337 
Cscu_XM_023385029.1                                    2.6002470 2.0354884 1.9349713 2.0754694 1.9872982 1.9291208 1.7782366 1.5823451 1.7668974 1.5326786 1.2643648 1.0464111 1.2722625 0.6918815 1.3546545 1.2597439 1.3106574 1.1801956 1.7113923 1.5149931 1.2911010 1.3110132 1.5095298 1.5122090 1.1074892 1.0090782 1.1774840 1.0961872 0.0000000 1.1445553 1.9108986 1.8662841 1.7601424 1.3321592 1.6357356 1.5536412 1.4113811 2.1176414 2.0079937 2.0457550 2.0018884 1.7436763 1.6640728 1.6238994 1.5719018 1.7345600 1.7339211 1.6424540 1.4179795 1.9862994 1.9921036 2.0581437 2.0903105 1.9281437 2.1647980 2.2319973 2.0146684 1.9450585 2.0065294 2.2407390 2.2220306 2.2067426 1.5382431 
Hsap_ENST00000381736                                   2.9369876 2.1860144 2.1184564 2.1983241 1.9762120 2.0068884 1.7954202 1.7292816 1.7539646 1.7587094 1.3639924 1.2853046 1.4275692 0.8355477 1.5546091 1.4631211 1.4814097 1.3261552 1.9142026 1.6983942 1.3426029 1.3386594 1.5033006 1.6753151 1.3388697 0.9586340 1.2637363 1.1360599 1.1445553 0.0000000 1.8821608 1.7187465 1.5630228 1.1748611 1.4547177 1.5401465 1.2747054 2.0953962 2.0530700 2.0167934 1.9897504 1.8390902 1.5957476 1.5913396 1.5994387 1.6753057 1.6841943 1.6668486 1.6335991 1.8023273 1.9761274 1.9868374 1.9954968 1.8992386 2.0415185 2.2215097 1.8742521 2.0482347 2.0734561 2.0174540 1.9682893 1.9784511 1.6612941 
Emue_Em0013g831a.t1                                    3.7065117 2.7539315 2.6817859 2.8026384 2.7769640 2.5645626 1.9230436 1.8690583 2.0305634 2.0276351 1.4720522 2.0896959 1.9428005 1.0542726 1.9196450 1.9625144 2.0083104 1.7615887 1.8684815 1.9478574 1.9284428 1.7663250 2.2629715 2.1925218 2.0140743 1.8443021 1.9110602 1.9012986 1.9108986 1.8821608 0.0000000 0.4741011 0.2388351 0.9306646 1.7804593 1.8409057 2.0196654 1.9897410 1.8742010 1.6702398 1.7593713 2.0647200 2.1442316 2.1552499 2.0406187 2.0262487 2.0598626 2.0311708 2.0931459 1.9182864 2.0651310 2.1208290 2.1341435 2.1208290 2.0868326 2.5650085 1.8657900 2.2222090 2.0191193 2.2157224 2.2199610 2.2765780 2.4007738 
Spolac_c100251_g1_i1_m.21925c100251-g1                 3.3508334 2.6189497 2.6220003 2.7239259 2.6881599 2.5446917 1.8249293 1.8255326 1.8381611 1.7552957 1.5017235 1.9795567 1.8004534 1.2325523 1.9757660 1.9272057 1.9295739 1.6864682 2.1822150 1.9350129 1.7736204 1.7820755 2.1064738 2.0858833 2.0534106 1.7517757 2.0098608 1.7072123 1.8662841 1.7187465 0.4741011 0.0000000 0.0000010 0.8910121 1.7462118 1.8360946 1.9531291 1.8107413 1.7786018 1.5032810 1.8604744 2.3362968 2.2372632 2.2052591 1.9737084 1.9125469 2.0040779 2.0648818 2.2336280 2.2010062 2.2224122 2.2830669 2.3562669 2.1989833 2.2193083 2.4514023 2.1322147 2.3362014 2.1453995 2.2813221 2.3683698 2.3693154 2.2271320 
Spolac_c100251_g1_i3_m.21927c100251-g1                 3.7243498 2.5335922 2.5330738 2.6247219 2.5552938 2.4232669 1.7053944 1.6306935 1.7625491 1.6440334 1.4775477 1.8501784 1.5641051 1.2325523 1.6642156 1.6889127 1.7043755 1.5175879 1.9044686 1.6859570 1.6319971 1.6971126 1.8664670 1.8764427 1.9222205 1.6047067 2.0028394 1.6182143 1.7601424 1.5630228 0.2388351 0.0000010 0.0000000 0.8289371 1.5014244 1.6955047 1.8023588 1.6984831 1.5672269 1.4127170 1.5859495 2.3576241 2.1201715 2.0808887 1.9534679 1.8128630 1.9060848 1.9482643 2.1841609 2.1326920 2.0579983 2.0579983 2.1432255 1.9509480 2.0747020 2.1687741 2.0751476 2.0272089 1.9696299 2.1026743 2.2006018 2.2070435 2.2746675 
Stycar_maker-SC_scaffold1005-augustus-gene-0.5-mRNA-1  3.0565330 2.4023728 2.3209909 2.4002973 2.4799573 2.2242177 1.3998182 1.3477720 1.3201643 1.4058145 0.9897289 1.2062579 1.3511728 0.9011373 1.5742221 1.4882574 1.5019948 1.2643076 1.3637773 1.5279128 1.3205332 1.2692136 1.6971641 1.8037952 1.3491898 1.2499623 1.2988591 1.5740696 1.3321592 1.1748611 0.9306646 0.8910121 0.8289371 0.0000000 1.2005092 1.2361783 1.4355315 1.5262158 1.4035292 1.3359383 1.2035290 1.8230749 1.6646945 1.8179540 1.5317469 1.5773065 1.5684290 1.5463639 1.7683110 1.7019724 1.8140933 1.9516134 1.9516134 1.9516134 2.0068007 2.5217897 1.7103783 1.9125650 1.9081660 2.0373074 1.9866171 1.9866171 1.9714312 
Opea_EP00118_Oscarella_pearsei_P027283                 3.3223289 2.4199149 2.3961054 2.4835438 2.4650296 2.3908434 1.4322191 1.4327701 1.4517242 1.3866912 1.2747096 1.8194831 1.6006386 0.6071209 1.7057420 1.5792983 1.5399174 1.4616048 2.0898565 1.6404005 1.8289380 1.6683597 1.7723220 1.8562408 1.6424770 1.5005229 1.7509759 1.4827218 1.6357356 1.4547177 1.7804593 1.7462118 1.5014244 1.2005092 0.0000000 1.1145825 1.4923809 2.0392564 1.8925493 1.8022026 1.9752251 2.1873495 2.1232192 1.9811320 1.8899260 2.0534816 1.9696708 1.9177922 1.7798700 1.9341106 2.1950642 2.2524607 2.2786535 2.0591451 2.2672603 2.3382009 1.9224065 2.2918114 2.1863549 2.3035385 2.4921613 2.5010721 2.0398209 
Plajan_Pjan_C571372_01                                 3.1098592 2.5984239 2.5377527 2.7147814 2.6399335 2.4881454 1.6507487 1.6002047 1.7401086 1.5644646 1.3097836 1.7213727 1.6554858 0.8073944 1.9338985 1.6819805 1.7026310 1.4998640 2.2127486 1.5886751 1.8927394 1.6822234 1.7549452 1.9147101 1.4604238 1.4525486 1.6849062 1.5887122 1.5536412 1.5401465 1.8409057 1.8360946 1.6955047 1.2361783 1.1145825 0.0000000 1.5024378 2.1269059 2.0660659 2.0226756 2.2290369 2.4598868 2.1145993 2.1212578 1.9967224 2.1798448 2.2079705 2.1008027 1.8586250 2.0776989 2.2041449 2.2308925 2.2615007 1.9625382 2.2951363 2.3444792 2.0445989 2.3080411 2.2078406 2.4279872 2.4456658 2.4423894 2.0405600 
Spur_XM_030980379.1                                    2.8990868 2.0533221 2.0163441 2.1434415 2.0608929 1.9942244 1.7096010 1.6436560 1.5308492 1.4827979 1.3471064 1.3571526 1.4476874 0.8010801 1.6279276 1.4724012 1.4893496 1.4243941 1.9499525 1.6300166 1.4801696 1.5413146 1.6371504 1.5703440 1.4430177 1.0810512 1.1806914 1.2974995 1.4113811 1.2747054 2.0196654 1.9531291 1.8023588 1.4355315 1.4923809 1.5024378 0.0000000 1.9773767 1.6982947 1.8857769 2.1620409 2.0310406 1.7180188 1.7261811 1.6056409 1.8484808 1.7780236 1.6980972 1.7362648 1.7912060 2.0050396 2.0142735 2.0099111 1.9562162 2.1310673 2.3860433 1.9470268 1.9986811 2.0883527 1.8962369 2.0403339 2.0330408 1.7614628 
Aque_Aqu2.1.42258_001                                  3.2371261 3.2516964 3.1349547 3.1448407 3.0401880 2.8970870 2.0534171 1.8820078 1.9198715 1.8846548 1.8375359 2.3188149 2.0084386 1.3231529 2.1800787 2.1043989 2.0443747 1.8817609 2.5886952 1.8824654 2.1885746 2.1132591 2.1325732 2.0073988 2.5365778 2.0048287 2.1942416 2.1981170 2.1176414 2.0953962 1.9897410 1.8107413 1.6984831 1.5262158 2.0392564 2.1269059 1.9773767 0.0000000 0.4947524 0.8350246 2.1804562 2.6505003 2.6540351 2.7413555 2.5767247 2.5783789 2.5551777 2.5412078 2.2938884 2.8528541 2.7456219 2.7924046 2.8700250 2.6807147 2.8459109 2.7131545 2.6722560 2.8676919 2.9040630 3.0328060 3.1871971 3.2138933 2.4799296 
Halamb_c36839_g1_i1m.9559                              3.0920728 2.8907271 2.7073812 2.8553493 2.9279711 2.7744245 1.9143549 1.8853622 1.7721889 1.7934499 1.7753392 2.0775978 1.9398440 1.3561502 2.2370968 2.0246028 2.0255113 1.9005432 2.3840138 2.0001781 2.1221880 2.0558929 2.1819056 1.9896421 2.4585337 1.8903539 1.9963223 2.2204509 2.0079937 2.0530700 1.8742010 1.7786018 1.5672269 1.4035292 1.8925493 2.0660659 1.6982947 0.4947524 0.0000000 0.6069157 2.1021107 2.2853087 2.3145222 2.4199565 2.1583278 2.2384360 2.2107471 2.2275624 2.0839018 2.3527934 2.5558677 2.5768902 2.5768902 2.5951084 2.5464423 2.8252961 2.5845155 2.6255926 2.4976732 2.7175415 2.7722017 2.8654601 2.1166819 
Xestes_maker-XT_scaffold3179-augustus-gene-0.10-mRNA-1 3.6015819 2.9115552 2.8025273 2.9190225 2.8653501 2.7659285 2.1746491 1.9276934 1.9221310 1.9154111 1.7556594 2.1447070 2.0407912 1.4642759 2.2583104 2.1018556 2.0142504 1.9646129 2.5980212 2.0235299 2.0958237 1.9490137 2.1760740 2.1962781 2.1806486 1.8677959 1.8883595 2.1369680 2.0457550 2.0167934 1.6702398 1.5032810 1.4127170 1.3359383 1.8022026 2.0226756 1.8857769 0.8350246 0.6069157 0.0000000 1.9984447 2.4254522 2.4712272 2.3670569 2.2393984 2.1559552 2.1136012 2.2988601 2.3278829 2.4158957 2.6835069 2.7022898 2.7849471 2.6324210 2.5628238 2.4930164 2.5348203 2.6519534 2.5669769 2.7836851 2.7535669 2.7460890 2.0760948 
Tetwil_g25377.t2                                       4.9296256 3.3370601 3.2321429 3.4136209 2.9420871 2.9719165 2.0830793 2.0405175 2.1480614 2.0204513 1.6896777 2.3690524 1.9359333 1.1929822 2.0096002 1.9492879 2.0082693 1.8405209 2.7203238 2.3126928 2.0265528 1.9097573 2.3638452 2.3485231 2.3454881 1.9489480 2.2164484 2.3737231 2.0018884 1.9897504 1.7593713 1.8604744 1.5859495 1.2035290 1.9752251 2.2290369 2.1620409 2.1804562 2.1021107 1.9984447 0.0000000 2.4952066 2.6455906 2.7181389 2.4581530 2.7194130 2.6378185 2.5707590 2.6957254 2.6432459 2.8422350 2.8388723 2.8926069 2.6440433 2.8087071 3.6817387 2.6992236 2.7965016 2.7159938 2.8795834 2.7984111 2.8695990 2.6718219 
Hvul_g30733_1                                          4.3660727 2.6712988 2.6778772 2.7441001 2.6410687 2.7163213 2.5503569 2.3576686 2.4146404 2.4673044 2.1778096 1.7083336 1.7832493 1.2257106 1.7910038 1.7894813 1.8569447 1.5829456 2.3583004 2.2197159 1.7535816 1.7457078 1.8427546 2.0287408 2.0459185 1.6886533 1.9458854 1.5132582 1.7436763 1.8390902 2.0647200 2.3362968 2.3576241 1.8230749 2.1873495 2.4598868 2.0310406 2.6505003 2.2853087 2.4254522 2.4952066 0.0000000 1.0669737 1.5042561 1.3984413 1.5566688 1.4884070 1.4708411 2.0724502 2.1080645 2.2396149 2.2396149 2.2039708 2.1816354 2.1022912 2.4697367 2.1922533 2.0240446 1.9619208 2.1928211 2.1347390 2.1544791 1.8355951 
Chem_TCONS_00000699                                    2.9621274 2.1645063 2.1809665 2.2425436 2.1230266 2.1289287 2.3147702 2.0403846 2.1366378 2.0961209 1.8544258 1.7336300 1.4387553 1.1674586 1.6095451 1.4870029 1.4904912 1.5541951 2.2047838 2.0094935 1.4963929 1.4964291 1.7027359 1.8204343 1.8953669 1.5248462 1.6646437 1.7904009 1.6640728 1.5957476 2.1442316 2.2372632 2.1201715 1.6646945 2.1232192 2.1145993 1.7180188 2.6540351 2.3145222 2.4712272 2.6455906 1.0669737 0.0000000 1.3367781 1.2816993 1.5410278 1.4730071 1.3546427 1.7383204 1.8242662 2.0253266 1.9757269 2.0173493 1.9935967 1.9264762 2.4598111 1.9816048 1.9000726 1.8905361 1.9799689 2.0484364 2.0354980 1.9436691 
Sanmal_Sma_011055-T1                                   2.8637316 2.3129049 2.2742712 2.3931523 2.1818926 2.2128356 2.0923563 2.0137060 2.1082685 2.1115152 1.7033609 1.7150115 1.5157290 1.0124204 1.7053742 1.4642218 1.5283226 1.3753893 2.0693824 1.7244051 1.4189556 1.3919123 1.6761825 1.7288218 1.6362702 1.5742284 1.7094796 1.5608209 1.6238994 1.5913396 2.1552499 2.2052591 2.0808887 1.8179540 1.9811320 2.1212578 1.7261811 2.7413555 2.4199565 2.3670569 2.7181389 1.5042561 1.3367781 0.0000000 0.7241154 0.8999867 0.8848991 0.8432810 1.7677523 1.9529036 2.1947382 2.1341528 2.1208469 2.1938160 2.0182632 2.5216206 2.1324124 2.1077256 1.9880400 2.3266262 2.1274504 2.2348183 1.9292331 
Aaur_scaffold484.g9.t1                                 2.6215078 2.4244117 2.3788822 2.4422246 2.3345763 2.3158313 1.8429329 1.8077223 1.8094262 1.9017525 1.6525222 1.4604083 1.4287909 1.1029854 1.5474294 1.3914517 1.4013855 1.2870976 1.9925939 1.6438417 1.3874934 1.3876497 1.6889713 1.7666226 1.4923635 1.4179674 1.7507136 1.4001023 1.5719018 1.5994387 2.0406187 1.9737084 1.9534679 1.5317469 1.8899260 1.9967224 1.6056409 2.5767247 2.1583278 2.2393984 2.4581530 1.3984413 1.2816993 0.7241154 0.0000000 0.4937076 0.4973688 0.4711975 1.6309663 2.0034022 2.3187433 2.3097215 2.3030840 2.3733080 2.0978837 2.7226658 2.2356071 2.1094764 2.1235310 2.2515084 2.1619936 2.1636233 1.8344526 
Nemnom_g19735.t1                                       2.6655106 2.6921715 2.6144073 2.7609259 2.5990176 2.5110688 1.9514149 1.9627271 2.0838622 2.0938971 1.8552866 1.7207280 1.6247284 1.0685674 1.8533041 1.5889500 1.5647576 1.4562335 2.1130969 1.7488384 1.5130165 1.6790743 1.9122053 1.8202329 1.7287269 1.6391559 1.8565115 1.5556555 1.7345600 1.6753057 2.0262487 1.9125469 1.8128630 1.5773065 2.0534816 2.1798448 1.8484808 2.5783789 2.2384360 2.1559552 2.7194130 1.5566688 1.5410278 0.8999867 0.4937076 0.0000000 0.0340893 0.2485726 1.8277581 2.1818294 2.5317088 2.4646738 2.4646738 2.4134840 2.3576060 2.7031893 2.3338654 2.1903309 2.1674148 2.5761725 2.3263900 2.3284850 2.1229004 
Nemnom_g19498.t1                                       2.8575271 2.5710835 2.5032491 2.6315504 2.5127745 2.4499278 1.8942537 2.0085246 2.0093235 2.0835657 1.7189006 1.7234804 1.6082415 1.0685674 1.7825324 1.5348434 1.5524391 1.4948702 2.2634487 1.8157536 1.4815546 1.6153076 1.9448119 1.8529580 1.7672169 1.5792416 1.8739869 1.6346245 1.7339211 1.6841943 2.0598626 2.0040779 1.9060848 1.5684290 1.9696708 2.2079705 1.7780236 2.5551777 2.2107471 2.1136012 2.6378185 1.4884070 1.4730071 0.8848991 0.4973688 0.0340893 0.0000000 0.2343925 1.8247599 2.1666504 2.5332498 2.5338836 2.5408003 2.4843744 2.4251296 2.8486827 2.3598999 2.1548515 2.2581567 2.3930542 2.2452915 2.2735406 2.0745577 
Rhoesc_Res_000621-T1                                   2.7356587 2.5970689 2.5396953 2.6345097 2.5509316 2.4829397 1.8424418 1.9614731 2.0394921 2.0606930 1.7525548 1.6981718 1.5737155 1.1054824 1.7151157 1.5342718 1.5397200 1.4453184 2.1454541 1.7602958 1.4251723 1.5678945 1.8621905 1.7295336 1.6143246 1.5911888 1.8561398 1.5452897 1.6424540 1.6668486 2.0311708 2.0648818 1.9482643 1.5463639 1.9177922 2.1008027 1.6980972 2.5412078 2.2275624 2.2988601 2.5707590 1.4708411 1.3546427 0.8432810 0.4711975 0.2485726 0.2343925 0.0000000 1.7540620 2.1140523 2.3430690 2.3029242 2.3434972 2.2886204 2.2153069 2.6834112 2.2122672 2.1401887 2.1053764 2.3980009 2.2512423 2.2349336 1.9476351 
Dpul_mRNA17227                                         3.1988941 2.1627837 2.1957602 2.3358087 2.1265608 2.1814281 2.1376453 2.0526113 2.1702489 2.1640654 1.8175251 1.4647399 1.4635340 1.0364285 1.5775236 1.5010605 1.5402520 1.2101321 1.7696157 1.5168454 1.5192428 1.5766002 1.6602835 1.6079762 1.7020835 1.4108649 1.7809216 1.5231490 1.4179795 1.6335991 2.0931459 2.2336280 2.1841609 1.7683110 1.7798700 1.8586250 1.7362648 2.2938884 2.0839018 2.3278829 2.6957254 2.0724502 1.7383204 1.7677523 1.6309663 1.8277581 1.8247599 1.7540620 0.0000000 1.9984126 2.0802203 2.0834742 2.0874345 1.9829273 2.0874825 2.2658854 1.9252813 2.1536499 1.9481597 2.2546977 2.1859323 2.1415828 1.5265651 
Horcal_Hcv1.av93.c2.g608.i2                            3.2227664 2.1550120 2.1155470 2.1432629 2.2136232 2.1941503 2.0367190 2.1152297 2.2489882 2.1876479 2.2909092 1.8053094 1.7107813 1.3809926 1.7780618 1.7938070 1.8296395 1.6906625 2.2229008 2.1920915 1.6927727 1.7417582 1.8124513 1.9549122 1.7028949 1.6964166 2.0042016 1.7487373 1.9862994 1.8023273 1.9182864 2.2010062 2.1326920 1.7019724 1.9341106 2.0776989 1.7912060 2.8528541 2.3527934 2.4158957 2.6432459 2.1080645 1.8242662 1.9529036 2.0034022 2.1818294 2.1666504 2.1140523 1.9984126 0.0000000 0.4321365 0.4321365 0.4208903 0.3151151 0.4417715 0.3876716 0.4305895 0.5232897 0.4672468 0.6286602 0.6316327 0.6372685 2.0377913 
Bolinf_Binf_sb1248344                                  3.1450958 2.3963473 2.3735296 2.4375147 2.5603253 2.4181711 2.1293555 2.1474805 2.2998632 2.1895064 2.2125310 1.9638981 1.7525134 1.4362628 1.7613847 1.8307070 1.8623926 1.6733692 2.2376869 2.2991089 1.7164694 1.7258963 1.8907525 1.9745547 1.7933526 1.8232814 2.2626113 1.9851945 1.9921036 1.9761274 2.0651310 2.2224122 2.0579983 1.8140933 2.1950642 2.2041449 2.0050396 2.7456219 2.5558677 2.6835069 2.8422350 2.2396149 2.0253266 2.1947382 2.3187433 2.5317088 2.5332498 2.3430690 2.0802203 0.4321365 0.0000000 0.0311333 0.0311333 0.0409619 0.3063916 0.2359748 0.2897962 0.3725467 0.4017393 0.5496131 0.5593509 0.5835875 2.3639787 
Bolinf_Binf_sb1248345                                  3.1920373 2.4237778 2.4018893 2.4925673 2.6633560 2.5001707 2.2496057 2.2867596 2.4197901 2.2963559 2.2125310 1.9743573 1.7911958 1.4362628 1.8315836 1.8467672 1.8735694 1.7257149 2.2936783 2.3347355 1.7545284 1.7822032 1.9472028 1.9669255 1.8772541 1.8427780 2.2683817 1.8824808 2.0581437 1.9868374 2.1208290 2.2830669 2.0579983 1.9516134 2.2524607 2.2308925 2.0142735 2.7924046 2.5768902 2.7022898 2.8388723 2.2396149 1.9757269 2.1341528 2.3097215 2.4646738 2.5338836 2.3029242 2.0834742 0.4321365 0.0311333 0.0000000 0.0000010 0.0000010 0.3163911 0.2748495 0.2855922 0.4043952 0.4151369 0.5945688 0.5829792 0.6057024 2.3791269 
Mertsp_Mesp_sb574579                                   3.2405099 2.4310300 2.3911645 2.4639409 2.6534567 2.4988015 2.2496057 2.2987768 2.4601442 2.3345390 2.2642029 1.9713093 1.8174391 1.4362628 1.8525188 1.8673711 1.8938594 1.7257149 2.3781898 2.3347355 1.7891166 1.7749147 1.9508951 1.9545791 1.9038425 1.8300239 2.2500837 1.8824808 2.0903105 1.9954968 2.1341435 2.3562669 2.1432255 1.9516134 2.2786535 2.2615007 2.0099111 2.8700250 2.5768902 2.7849471 2.8926069 2.2039708 2.0173493 2.1208469 2.3030840 2.4646738 2.5408003 2.3434972 2.0874345 0.4208903 0.0311333 0.0000010 0.0000000 0.0000010 0.3139190 0.2748495 0.2855922 0.4204593 0.4151369 0.6131740 0.5968055 0.6251656 2.3423469 
Mertsp_Mesp_sb574582                                   3.0267351 2.4235662 2.3545669 2.5217764 2.6739632 2.4825285 2.2496057 2.2575110 2.2600347 2.2184064 2.0030166 1.8597948 1.7148063 1.4362628 1.7955447 1.8013659 1.8309556 1.6851104 2.0935002 2.3363791 1.7124578 1.7582483 1.9510742 1.9981909 1.8995321 1.6839560 2.0614273 1.8824808 1.9281437 1.8992386 2.1208290 2.1989833 1.9509480 1.9516134 2.0591451 1.9625382 1.9562162 2.6807147 2.5951084 2.6324210 2.6440433 2.1816354 1.9935967 2.1938160 2.3733080 2.4134840 2.4843744 2.2886204 1.9829273 0.3151151 0.0409619 0.0000010 0.0000010 0.0000000 0.2766498 0.2748495 0.2220566 0.3264960 0.3458680 0.5480870 0.4877159 0.5074953 2.3829128 
Mlei_ML0517.g4.i1                                      3.3136258 2.4095996 2.3695747 2.4359354 2.5616324 2.4682988 2.3052625 2.3098094 2.5244193 2.3733471 2.2416634 1.9671828 1.8857841 1.5324927 1.9431161 1.9617605 1.9408990 1.9271364 2.4140395 2.4928356 1.7551895 1.8050647 1.9628543 2.1320132 1.9425539 1.8491336 2.1658971 1.9768892 2.1647980 2.0415185 2.0868326 2.2193083 2.0747020 2.0068007 2.2672603 2.2951363 2.1310673 2.8459109 2.5464423 2.5628238 2.8087071 2.1022912 1.9264762 2.0182632 2.0978837 2.3576060 2.4251296 2.2153069 2.0874825 0.4417715 0.3063916 0.3163911 0.3139190 0.2766498 0.0000000 0.0240217 0.3103380 0.4809186 0.4419645 0.6361959 0.6608476 0.6548970 2.3734178 
Vmul_sbMO478624                                        2.7207588 2.8876861 2.7703043 2.8211123 3.6607372 2.8732698 2.6062961 2.3387698 2.5005081 2.3491581 2.3469765 2.2492882 2.2989545 1.9842045 2.3670933 2.3988978 2.3245735 2.3167551 2.4172119 2.3239017 2.1138144 2.0115387 2.2643226 2.3508299 2.2399565 2.0294956 2.3700108 2.0212963 2.2319973 2.2215097 2.5650085 2.4514023 2.1687741 2.5217897 2.3382009 2.3444792 2.3860433 2.7131545 2.8252961 2.4930164 3.6817387 2.4697367 2.4598111 2.5216206 2.7226658 2.7031893 2.8486827 2.6834112 2.2658854 0.3876716 0.2359748 0.2748495 0.2748495 0.2748495 0.0240217 0.0000000 0.2282839 0.5076553 0.3962467 0.7071753 0.5971291 0.5971291 2.5367634 
Beraby_Baby_sb322044                                   3.2260524 2.3023866 2.2812655 2.4038893 2.5588206 2.4061821 1.9387219 2.0403825 2.1609655 2.1584729 2.2234008 1.9881295 1.6257745 1.4188349 1.6539974 1.7080024 1.7676105 1.5906004 2.1259106 2.0650592 1.5409568 1.6511774 1.7120264 1.8524960 1.6840600 1.7340662 2.1441615 1.7820477 2.0146684 1.8742521 1.8657900 2.1322147 2.0751476 1.7103783 1.9224065 2.0445989 1.9470268 2.6722560 2.5845155 2.5348203 2.6992236 2.1922533 1.9816048 2.1324124 2.2356071 2.3338654 2.3598999 2.2122672 1.9252813 0.4305895 0.2897962 0.2855922 0.2855922 0.2220566 0.3103380 0.2282839 0.0000000 0.3709897 0.3851451 0.5269476 0.5712593 0.5777732 2.3429559 
Lampan_Lpan_C416139_01                                 3.4553704 2.2807631 2.2225850 2.3660653 2.5530281 2.3554786 2.1439309 2.2325615 2.4057447 2.3459438 2.2533136 1.8400367 1.7612194 1.4232573 1.9213043 1.8532984 1.8428540 1.8124960 2.3953628 2.3098067 1.6648173 1.7797037 1.8933761 1.9731708 1.8994875 1.7881088 2.1783609 2.0169539 1.9450585 2.0482347 2.2222090 2.3362014 2.0272089 1.9125650 2.2918114 2.3080411 1.9986811 2.8676919 2.6255926 2.6519534 2.7965016 2.0240446 1.9000726 2.1077256 2.1094764 2.1903309 2.1548515 2.1401887 2.1536499 0.5232897 0.3725467 0.4043952 0.4204593 0.3264960 0.4809186 0.5076553 0.3709897 0.0000000 0.5363626 0.5952572 0.5711873 0.5908770 2.1200257 
