65
Aaur_scaffold565.g7.t1                                 0.0000000 4.4594315 1.5275344 3.4967498 2.0376084 1.9003930 0.0000010 2.3103197 3.4114840 3.0529202 1.8319454 3.8784141 2.6368273 2.8379487 2.5740148 2.9286581 2.7730083 3.0277628 3.1347935 3.0707428 2.3094680 2.6409217 1.6469733 2.8466673 2.6518345 3.3441151 2.5551075 8.9999989 2.9880262 2.4581931 2.5045405 2.2550625 1.6172716 2.6942706 2.8687640 2.8903369 3.2612993 3.4272367 3.2161111 3.2161111 3.6839960 3.7330953 4.7854331 2.5157766 2.4925564 4.5944289 4.8749044 5.3465083 5.6749355 3.4108496 3.4108496 3.4108496 3.2905235 3.1206963 3.5248688 3.5893554 3.9657296 3.7091998 3.2166461 3.4537116 4.0313431 3.5880164 3.8507971 3.6012700 3.7665786 
Hsap_ENST00000510092                                   4.4594315 0.0000000 2.5537177 2.7279375 2.6159282 2.7021969 1.4761662 2.4200531 1.7998903 1.8589908 1.4634037 1.7068120 1.7131359 1.7404411 2.2225600 2.1914101 2.2004051 2.1801246 2.1960994 2.3222372 2.2222810 2.2979967 2.1113274 2.3249274 1.8676702 2.3103011 2.9470646 2.7454667 3.0540806 2.9328241 2.6403864 2.7610746 2.0247592 3.0283097 3.4695390 3.2814768 3.1150871 3.5344990 3.0728469 3.0734390 3.6586051 3.6682230 3.9158050 4.8181198 2.1572914 2.7397920 3.1765514 5.0004224 2.7439218 5.8963341 3.8205453 4.9217120 5.1637234 3.6160094 3.8456326 3.2034931 4.0962857 3.8305717 3.5263899 3.6476867 3.6492508 5.1420366 3.7406719 3.9697302 3.5900778 
Sanmal_Sma_009689-T1                                   1.5275344 2.5537177 0.0000000 1.3335970 1.3360063 1.2057389 1.7133228 2.3645246 2.3525474 2.1692230 1.9782894 2.1517653 1.9804937 2.3423569 1.9850013 1.9930340 2.0221119 2.0764900 2.1112202 2.3038085 1.8058758 1.9213573 1.8602973 1.9881103 2.3803133 2.6167290 2.6235361 2.4964474 2.7426629 2.6078627 2.4601625 2.9694838 2.5237774 2.0865559 3.1483367 3.0710398 3.1948038 4.1114563 3.1493247 3.1526490 3.4227673 3.2105813 3.9570825 3.9713324 3.4028162 2.6988552 2.8145067 3.8053332 3.7404403 4.3048257 2.9937493 3.6859213 4.3812771 3.2206135 3.2042807 3.2993714 3.5451435 3.4302261 3.1196259 3.1236435 3.2010429 3.8101792 3.2984942 3.8479478 2.6534876 
Aaur_scaffold565.g3.t3                                 3.4967498 2.7279375 1.3335970 0.0000000 1.3091160 1.3578517 3.8864987 3.3832670 2.8599823 2.8430428 2.5554244 2.9468929 2.5361875 3.5620389 2.4911012 2.5386941 2.3944090 2.4904320 2.5411060 2.4436583 2.4858499 2.8040859 2.2128827 2.3853704 2.8852395 4.3817213 3.0373605 2.3579793 2.8627201 2.7720078 2.5415328 2.5561695 2.8271086 2.0679744 5.5191757 4.2445585 3.9822334 4.1802255 3.8693437 3.8352017 4.5930088 4.2999269 5.3620904 8.1239028 3.9791034 3.1108146 3.1344785 9.0000000 2.7727474 4.8703773 2.6596979 4.1737177 5.1982086 3.1625769 2.9047845 2.7659938 3.3538111 3.1534869 3.0140591 3.0533726 2.9034995 4.7515122 3.3740439 5.1688702 3.1618727 
Nemnom_g13261.t1                                       2.0376084 2.6159282 1.3360063 1.3091160 0.0000000 0.3969460 1.6054909 2.8213808 2.5221775 2.6741915 1.8471739 2.3276119 2.2521888 2.4283242 2.1916874 2.2218248 2.2433850 2.2954323 2.2740577 2.3791531 2.1052736 2.5019138 2.0223956 2.2723246 2.4914781 2.5942390 2.8032642 2.5702017 2.9899980 2.9464319 2.5735865 2.8656389 2.3032687 2.3870333 3.6965834 3.5106916 3.2112518 4.1024905 3.1769460 3.1796752 3.7317584 3.4259552 4.0443303 4.5625472 3.7053801 2.7927950 3.1362993 4.2014963 3.2177276 4.7825577 3.4316178 3.8360968 4.1755994 3.3287554 3.3393652 3.0794446 3.9666290 3.6256311 3.3233407 3.2921070 3.5669935 5.5549428 3.6013437 3.5817837 2.6220216 
Rhoesc_Res_016904-T1                                   1.9003930 2.7021969 1.2057389 1.3578517 0.3969460 0.0000000 1.5465032 2.8205387 2.4336511 2.5523575 1.8268395 2.3070538 2.2685634 2.4515277 2.1471575 2.1883110 2.2444460 2.2830048 2.2044852 2.3719628 2.1862115 2.3303853 2.0249197 2.2350176 2.5956747 2.2065443 2.7730709 2.4450103 2.9366531 2.8273126 2.4848979 2.7743704 2.1120327 2.1826223 3.3627758 3.2658682 3.1404536 3.8545709 3.1073258 3.1098774 3.4853065 3.4232130 3.8855273 5.1113605 3.6886308 2.5986672 2.9523115 4.3127656 3.4106491 5.5855867 3.8240821 4.4894760 4.6108554 3.4462391 3.6073020 3.1727694 4.1643968 3.7523740 3.3740539 3.3126621 3.6283885 5.4625958 3.7109897 3.9262400 2.7163814 
Dpul_mRNA18573                                         0.0000010 1.4761662 1.7133228 3.8864987 1.6054909 1.5465032 0.0000000 1.1981992 1.1256280 1.1540382 1.3156604 1.1060602 1.2650086 1.1246964 1.6381227 1.7632760 1.8302124 1.8231579 1.7453773 1.7067011 1.4437849 1.7848897 2.2001719 1.9267277 1.8962858 2.0282649 1.8415408 2.4737257 2.4737257 2.0748680 1.7872010 4.0696749 1.6392938 1.9104537 1.7964359 1.7964359 1.6865618 0.0000010 1.6307861 1.6289959 2.4043136 2.1854376 2.7657730 3.4636141 0.0000010 1.9789185 1.7366831 0.0000010 1.6172716 0.0000010 0.0000010 0.0000010 0.0000010 2.4595296 0.0000010 0.0000010 2.1550276 2.5678354 2.4387293 2.4322131 0.0000010 0.0000010 2.8452948 0.0000010 2.0506882 
Tcas_TC004376_001                                      2.3103197 2.4200531 2.3645246 3.3832670 2.8213808 2.8205387 1.1981992 0.0000000 2.1525126 2.1461553 1.4610824 2.0369410 2.1316923 1.8861426 2.2516968 2.1634596 2.2825887 2.2697679 2.1653219 2.2361427 2.2644585 2.5063365 2.2884330 2.3401977 1.9166630 2.8039439 2.9494952 2.5556603 2.9551576 2.9573316 2.8780295 3.0869971 2.4191311 3.1081842 3.0884099 2.9112296 2.9577988 3.4184353 2.7542562 2.7566513 4.0680604 3.4892272 4.0693716 3.6604548 2.3236165 3.1400172 3.6023358 6.5184603 3.4371265 4.8003242 3.5663170 4.2482638 4.4904088 3.4168109 3.5905521 3.0568319 3.8256782 3.6101751 3.3911122 3.4375686 3.7889740 4.4269898 3.4434932 3.4320736 3.4045894 
Acagra_model.g1171.t1_model.g1173.t1.1.5d400684        3.4114840 1.7998903 2.3525474 2.8599823 2.5221775 2.4336511 1.1256280 2.1525126 0.0000000 1.0185424 1.0367152 1.3853515 1.4561762 1.4078956 1.9804976 1.9821099 2.0203053 2.0718055 1.9411685 2.0668091 1.9614696 2.1386189 2.0220237 2.0414318 1.3694288 1.2314512 2.6289134 2.2639987 2.7292422 2.7133646 2.5138174 2.7381576 2.1313822 2.8533700 3.0402431 2.9819889 3.0322197 3.5573661 2.8699601 2.8630597 3.6164489 3.6044598 3.8186712 3.8457706 2.1040101 2.4973127 2.8586607 4.2112129 2.7770107 4.3416355 3.2568892 3.8689765 3.9584946 3.1384610 3.3502600 2.8621388 3.5710690 3.1453144 3.3304743 3.3446265 3.3301119 4.1461066 3.3107743 3.5007022 3.2621951 
Cgig_XM_034474270.1                                    3.0529202 1.8589908 2.1692230 2.8430428 2.6741915 2.5523575 1.1540382 2.1461553 1.0185424 0.0000000 0.9649542 1.4233398 1.5281007 1.3056088 2.0747863 2.0308884 2.0594900 2.1008964 2.0633664 2.0574396 1.9429287 2.0059095 1.9480405 2.0087387 1.3102801 1.4066186 2.4980884 2.4221828 2.7329699 2.6327847 2.2652940 2.4957625 1.9520044 2.9411569 3.1115045 3.0583625 3.0854890 3.4002190 2.9788169 2.9865862 3.5809597 3.4817348 3.7117248 3.9926467 2.1127318 2.3381427 2.7053300 3.8899916 2.8259280 4.7649744 3.3409288 4.1828807 4.4757206 3.2468587 3.4372228 3.0789295 3.3044653 3.2260011 3.2823748 3.3021719 3.1825168 4.3204981 3.1729151 3.9660946 3.1348160 
Ctel_gnl_WGS_AMQN_CAPTEDRAFT_mRNA103123                1.8319454 1.4634037 1.9782894 2.5554244 1.8471739 1.8268395 1.3156604 1.4610824 1.0367152 0.9649542 0.0000000 1.2598663 1.1171795 0.9901612 1.5965666 1.5970756 1.5276605 1.5485473 1.5564898 1.6210850 1.5223493 1.5238522 1.7553969 1.6542624 1.0096314 2.1164367 2.2477934 2.3515695 2.2494823 2.2790863 1.9878063 1.9536129 1.9140222 2.2004942 2.8822089 2.7639212 2.6303208 2.8753368 2.5467571 2.5496749 3.1272428 3.0632456 3.3740267 4.5657920 2.0432527 2.3713873 2.3745222 1.3403256 2.6206437 4.0313812 2.3997347 3.2590115 3.3988424 2.7668578 2.6328678 2.7668373 3.2397839 2.5594886 2.8412243 2.8522678 2.7069118 3.3015474 2.7681107 3.0970821 2.8620307 
Spur_XM_030986157.1                                    3.8784141 1.7068120 2.1517653 2.9468929 2.3276119 2.3070538 1.1060602 2.0369410 1.3853515 1.4233398 1.2598663 0.0000000 1.3150385 1.3018364 1.9241954 1.9506439 1.8905498 1.9174818 1.9168586 2.0750981 1.8849709 1.9403860 1.8551816 1.8315222 1.5032613 1.5286052 2.7937954 2.3538168 2.7401450 2.6429627 2.2271715 2.5574483 2.0269531 2.8168565 3.0421131 3.0004135 2.9605752 3.4455385 2.9304913 2.9320099 3.4871737 3.3704678 3.9111748 3.9324629 2.1499418 2.4898497 2.6430517 2.6708359 2.9789820 6.2368780 3.4304983 4.5619672 5.4160321 3.3185903 3.5320342 2.9120629 3.5006737 3.1759596 3.2003651 3.2443546 3.4381458 5.3775560 3.2075818 3.9258766 3.4345918 
Bralan_BLAG03001493_1                                  2.6368273 1.7131359 1.9804937 2.5361875 2.2521888 2.2685634 1.2650086 2.1316923 1.4561762 1.5281007 1.1171795 1.3150385 0.0000000 1.3463868 1.9164322 1.9595507 1.9567790 1.9580088 2.0349093 2.0572348 1.8363886 1.9849954 1.8179098 1.8671897 1.6880952 2.0094614 2.3124136 2.0109943 2.4854592 2.4774443 2.1298762 2.3308047 1.7631808 2.7478331 3.0645890 2.9072619 2.7138503 3.2798225 2.7266244 2.7334287 3.4484600 3.3695252 3.6164153 4.7159120 2.1790403 2.3018087 2.6584223 3.8144958 2.7078657 4.8379932 3.1298030 3.9007479 4.7117571 2.9672448 3.3616642 2.8813058 3.2997310 3.0050545 2.9247859 2.9989609 3.0709943 5.8262814 3.2440851 3.9775626 3.2615914 
Skow_XM_006811551.1                                    2.8379487 1.7404411 2.3423569 3.5620389 2.4283242 2.4515277 1.1246964 1.8861426 1.4078956 1.3056088 0.9901612 1.3018364 1.3463868 0.0000000 1.8648509 1.9159022 1.8591458 1.8256626 1.8670087 1.8370604 1.8015712 1.8863381 1.7493729 1.8145272 1.5392126 1.8431609 2.5019788 2.1116273 2.4928583 2.2520330 2.5952687 2.6657478 1.7013320 2.6926656 2.9864709 2.7765514 2.6183594 3.3352087 2.5700110 2.5716337 3.1227269 2.9907618 3.3094499 3.5052052 1.9049547 2.4399163 2.7761945 3.7218289 3.0961423 4.1760827 3.7403263 3.9710158 4.0072224 3.1587221 4.1177021 3.9366545 3.5136426 3.1503992 3.0842454 3.1733151 3.7646135 4.0322360 3.2582573 3.1849144 2.9749993 
Fspp_ffun1.m4.14622.m1                                 2.5740148 2.2225600 1.9850013 2.4911012 2.1916874 2.1471575 1.6381227 2.2516968 1.9804976 2.0747863 1.5965666 1.9241954 1.9164322 1.8648509 0.0000000 0.1836471 0.2668675 0.2476386 0.3432312 0.4631409 1.0316100 1.2196403 1.5401325 1.7266093 1.8790747 1.9655648 2.6656449 2.2486271 2.6157544 2.6749789 2.4975328 2.3471560 1.8632748 2.6946329 3.0836872 2.8902800 2.8897170 3.4238754 2.7808067 2.7850346 3.3448056 3.2926947 3.6121008 4.2856841 2.7006657 2.2964486 2.7743606 5.0224809 2.8123482 5.5614320 3.3235106 4.2731931 4.4465994 3.0241786 3.1255479 2.6518230 3.5150697 3.1321346 3.0622795 3.1393882 3.1081084 4.6412440 3.3680885 3.8484161 2.8768321 
Gasp_gasp1.m3.22492.m1                                 2.9286581 2.1914101 1.9930340 2.5386941 2.2218248 2.1883110 1.7632760 2.1634596 1.9821099 2.0308884 1.5970756 1.9506439 1.9595507 1.9159022 0.1836471 0.0000000 0.2974373 0.2804308 0.3676255 0.5023421 1.0894032 1.2041309 1.6154227 1.7051885 1.9667030 1.9559152 2.7021904 2.2778349 2.5920231 2.7194081 2.4462642 2.5930955 1.8591676 2.6533950 2.9876971 2.7944668 2.8649134 3.4288430 2.8747745 2.8699651 3.5610512 3.5376769 3.8328961 4.5988916 2.7041566 2.3327410 2.7972710 4.6686707 2.8102581 5.7310860 3.3739035 4.4201457 5.2350401 3.3077097 3.4420997 2.7038768 3.6414527 3.2834549 3.2569353 3.3527742 3.3472223 4.8599149 3.4076866 4.1506499 2.9502337 
Spis_XP_022788506_1                                    2.7730083 2.2004051 2.0221119 2.3944090 2.2433850 2.2444460 1.8302124 2.2825887 2.0203053 2.0594900 1.5276605 1.8905498 1.9567790 1.8591458 0.2668675 0.2974373 0.0000000 0.0932548 0.4301189 0.5335738 1.0839139 1.2502852 1.5859366 1.7156672 1.9278173 2.0064930 2.7306189 2.3267956 2.7370667 2.8030017 2.5792822 2.5339280 1.9781512 2.6449222 3.0103964 2.8406068 2.8822955 3.2710216 2.8757427 2.8800857 3.4354785 3.4705377 3.7123086 4.0558852 2.5868828 2.3295372 2.8126716 4.9139711 2.9119991 5.3299247 3.2596240 4.1394295 4.7679223 3.0869068 3.1678944 2.8265027 3.3824327 3.1231800 3.0257906 3.0922634 2.9985837 4.4051424 3.3715542 3.9310506 2.9070278 
Pocdam_XM_027184490.1                                  3.0277628 2.1801246 2.0764900 2.4904320 2.2954323 2.2830048 1.8231579 2.2697679 2.0718055 2.1008964 1.5485473 1.9174818 1.9580088 1.8256626 0.2476386 0.2804308 0.0932548 0.0000000 0.4146999 0.5123703 1.1150788 1.2249583 1.5948435 1.7334895 1.9840063 2.1177251 2.6893465 2.3031082 2.6872270 2.7933487 2.5642620 2.5464565 1.9483614 2.6690477 2.9744235 2.7990902 2.8930176 3.2831835 2.9038256 2.8990116 3.3280827 3.4147375 3.6628917 4.0097109 2.5577332 2.2770205 2.7752000 4.9425657 2.9133834 5.3904179 3.2771027 4.2049546 4.8827697 3.1954165 3.1561414 2.7245811 3.4352241 3.2706438 3.0130804 3.0664502 3.1628152 4.7999787 3.4312632 3.8513583 2.9144848 
Gfas_gfas1.m1.7954.m1                                  3.1347935 2.1960994 2.1112202 2.5411060 2.2740577 2.2044852 1.7453773 2.1653219 1.9411685 2.0633664 1.5564898 1.9168586 2.0349093 1.8670087 0.3432312 0.3676255 0.4301189 0.4146999 0.0000000 0.3394663 1.1229555 1.1932210 1.5587039 1.6813123 1.8687125 2.0676742 2.6492223 2.4188915 2.6594142 2.6717082 2.4363654 2.4211662 1.8750073 2.6805984 2.9886089 2.8143379 2.9310291 3.3608533 2.7650756 2.7733976 3.3490311 3.1329846 3.7228160 4.1966481 2.6950867 2.2441030 2.6563753 4.4583554 2.9234622 5.1221236 3.1731653 3.9970647 4.5572386 3.1831118 3.1250356 2.8624139 3.3455801 3.1921204 3.0938079 3.1564244 3.0494509 4.0848383 3.2090710 3.5824889 2.9488864 
Adig_XM_015916711.1                                    3.0707428 2.3222372 2.3038085 2.4436583 2.3791531 2.3719628 1.7067011 2.2361427 2.0668091 2.0574396 1.6210850 2.0750981 2.0572348 1.8370604 0.4631409 0.5023421 0.5335738 0.5123703 0.3394663 0.0000000 1.1513610 1.2292241 1.6398276 1.7898285 1.9996941 2.2784925 2.6049369 2.3444285 2.6096938 2.5188954 2.6445850 2.4675430 1.8585758 2.6406407 3.0509208 2.8105197 2.8707090 3.2636759 2.8228045 2.8211416 3.4711928 3.2623853 3.6694662 3.7217697 2.5530955 2.2152734 2.6691064 5.0234058 2.9910258 5.1806024 3.3685819 4.3261496 4.6332659 3.3762154 3.3309843 3.2451201 3.5604426 3.3794751 3.4688134 3.5402309 3.4138678 4.7538168 3.5498760 4.0550691 2.8566144 
Exapal_XM_021039955.2                                  2.3094680 2.2222810 1.8058758 2.4858499 2.1052736 2.1862115 1.4437849 2.2644585 1.9614696 1.9429287 1.5223493 1.8849709 1.8363886 1.8015712 1.0316100 1.0894032 1.0839139 1.1150788 1.1229555 1.1513610 0.0000000 1.0254184 1.5666355 1.7306160 1.9134109 1.7227416 2.3372380 2.4032957 2.5271956 2.4045444 2.2975272 2.3216896 1.9209744 2.4268008 2.7897263 2.6656866 2.6145593 2.9246169 2.5917554 2.5917831 3.2499983 3.2649949 3.5431818 3.4474087 2.4391363 2.3023448 2.7399307 4.9642544 2.8894862 4.4965055 3.0144297 3.7427925 4.2271516 3.0104239 3.2252646 2.8549531 3.2746822 3.0331963 2.8692786 2.9359815 2.9429735 4.0296636 3.0702921 3.2945782 2.9629116 
Nvec_v1g131737                                         2.6409217 2.2979967 1.9213573 2.8040859 2.5019138 2.3303853 1.7848897 2.5063365 2.1386189 2.0059095 1.5238522 1.9403860 1.9849954 1.8863381 1.2196403 1.2041309 1.2502852 1.2249583 1.1932210 1.2292241 1.0254184 0.0000000 1.6618603 1.6119112 1.9558029 2.2148402 2.5884577 2.5283436 2.8894084 2.7464161 2.7012983 2.5740657 2.0105347 2.6122755 2.7337804 2.6989079 2.7752718 3.2477454 2.8127688 2.8128007 3.3271734 3.2296000 3.8372779 4.7548793 2.6147472 2.2654054 2.5820759 3.6896104 2.6608969 4.7901009 3.3667830 4.0811503 4.5175891 3.3079349 3.3433031 2.9391131 3.6090005 3.3296140 3.1703805 3.2073147 3.4787043 4.3616798 3.5622401 3.9310013 3.2290865 
Xesp_011438-T1                                         1.6469733 2.1113274 1.8602973 2.2128827 2.0223956 2.0249197 2.2001719 2.2884330 2.0220237 1.9480405 1.7553969 1.8551816 1.8179098 1.7493729 1.5401325 1.6154227 1.5859366 1.5948435 1.5587039 1.6398276 1.5666355 1.6618603 0.0000000 0.5966635 1.8392193 2.8320664 2.3918128 2.4593522 2.5103263 2.2362513 2.2643375 2.1762265 2.0552324 2.3561707 2.9029378 2.6944282 2.7556749 3.0429773 2.6559892 2.6675593 3.3907159 3.2957974 3.4723364 3.9622118 2.7055726 2.4555707 2.4925783 8.9999983 2.5304703 4.7343700 2.8626223 3.5975242 4.2684781 3.0320869 2.8690411 2.8629633 3.2244691 2.9238786 3.2116975 3.2134655 3.0744612 4.6775369 3.1832877 4.5555199 3.0874446 
Dgig_XM_028556228.1                                    2.8466673 2.3249274 1.9881103 2.3853704 2.2723246 2.2350176 1.9267277 2.3401977 2.0414318 2.0087387 1.6542624 1.8315222 1.8671897 1.8145272 1.7266093 1.7051885 1.7156672 1.7334895 1.6813123 1.7898285 1.7306160 1.6119112 0.5966635 0.0000000 1.9087474 2.0145487 2.6480789 2.4653554 2.7320854 2.5796270 2.2971738 2.4748327 2.0689420 2.6056568 2.9361030 2.7042356 2.8037776 3.1108064 2.7071586 2.7196535 3.5549345 3.3270236 3.5686533 3.9324786 2.6434305 2.4479664 2.6977964 3.8277557 3.0079884 5.4289013 3.3118211 4.3613506 4.4813347 3.1125323 3.3386296 3.0669968 3.4354677 3.2364944 3.4084662 3.4080768 3.1344565 5.1747573 3.2391988 4.3977708 3.1703561 
Cscu_XM_023386522.1                                    2.6518345 1.8676702 2.3803133 2.8852395 2.4914781 2.5956747 1.8962858 1.9166630 1.3694288 1.3102801 1.0096314 1.5032613 1.6880952 1.5392126 1.8790747 1.9667030 1.9278173 1.9840063 1.8687125 1.9996941 1.9134109 1.9558029 1.8392193 1.9087474 0.0000000 1.3726303 2.7559592 2.7518380 3.0768529 2.6939996 2.7544697 2.4545284 2.0888634 3.1681174 3.5238825 3.3148781 3.2743031 3.2479952 3.1315633 3.1133237 3.4830004 3.4204028 3.8394822 3.2746126 1.6927904 2.9132536 3.3294921 4.2248118 2.7627987 4.7323085 3.2813809 3.9756751 4.3324990 3.5136434 3.3735246 2.8545753 3.5018921 3.2998338 3.3798958 3.4345704 3.2983932 4.8267595 3.6934251 3.5848537 3.3407567 
Ctel_gnl_WGS_AMQN_CAPTEDRAFT_mRNA221305                3.3441151 2.3103011 2.6167290 4.3817213 2.5942390 2.2065443 2.0282649 2.8039439 1.2314512 1.4066186 2.1164367 1.5286052 2.0094614 1.8431609 1.9655648 1.9559152 2.0064930 2.1177251 2.0676742 2.2784925 1.7227416 2.2148402 2.8320664 2.0145487 1.3726303 0.0000000 2.2551377 2.8896870 2.8314369 2.5628289 2.6697310 2.8133234 3.0619291 3.3841293 3.7429923 3.5827884 3.7809231 3.9109110 3.5841310 3.5617512 3.5776416 3.0321624 3.3862604 2.9969486 1.5844207 3.8214026 3.8324727 3.2340165 2.8661264 6.0768454 4.5667372 4.9925841 5.8740529 4.7765725 4.5696862 2.7481692 4.4464213 4.2012648 3.8024531 3.6881370 4.0745838 4.8847179 3.8745875 3.2063323 2.6880234 
Aque_Aqu2.1.42654_001                                  2.5551075 2.9470646 2.6235361 3.0373605 2.8032642 2.7730709 1.8415408 2.9494952 2.6289134 2.4980884 2.2477934 2.7937954 2.3124136 2.5019788 2.6656449 2.7021904 2.7306189 2.6893465 2.6492223 2.6049369 2.3372380 2.5884577 2.3918128 2.6480789 2.7559592 2.2551377 0.0000000 0.8744643 0.9099647 1.2142569 1.6538472 2.0129507 1.7569345 3.4891417 3.3419658 3.2121731 3.1659745 3.4991849 3.2399284 3.2424538 3.7248039 3.8260969 3.9022759 3.7895838 3.0561644 2.9065856 3.1130903 3.8783575 3.3351910 4.4202524 3.5936118 4.1630826 4.0234250 3.2761776 3.3795897 3.8180809 3.9468157 3.5545269 3.3013909 3.3675773 3.9061337 4.8465778 3.6061826 4.0513009 3.1250301 
Halamb_c26111_g1_i1m.5015                              8.9999989 2.7454667 2.4964474 2.3579793 2.5702017 2.4450103 2.4737257 2.5556603 2.2639987 2.4221828 2.3515695 2.3538168 2.0109943 2.1116273 2.2486271 2.2778349 2.3267956 2.3031082 2.4188915 2.3444285 2.4032957 2.5283436 2.4593522 2.4653554 2.7518380 2.8896870 0.8744643 0.0000000 0.0307786 0.9994429 1.7077042 1.8146489 1.9273298 3.1219952 3.3623307 3.1443898 3.3073684 3.7930422 3.3131978 3.2984094 3.6186655 3.7649927 3.9392982 4.5482104 3.2645897 2.8279343 2.7688237 9.0000000 2.7817686 8.9999989 2.8558757 4.0237317 6.5961998 3.2604762 2.4659035 2.8501529 3.8283059 3.1394324 3.3037026 3.2560836 2.9346020 9.0000000 3.3030666 8.9999988 3.2900476 
Halamb_c28674_g1_i1m.5792                              2.9880262 3.0540806 2.7426629 2.8627201 2.9899980 2.9366531 2.4737257 2.9551576 2.7292422 2.7329699 2.2494823 2.7401450 2.4854592 2.4928583 2.6157544 2.5920231 2.7370667 2.6872270 2.6594142 2.6096938 2.5271956 2.8894084 2.5103263 2.7320854 3.0768529 2.8314369 0.9099647 0.0307786 0.0000000 1.1222860 1.7952582 2.0308665 1.8940446 3.4492943 3.5427975 3.4334702 3.3863524 3.6045428 3.4660948 3.4655786 4.0206634 4.0167840 4.1255316 3.8039438 2.8534485 3.0942527 3.3339446 4.7803886 3.4250537 4.4863311 3.5171510 3.9848153 4.3596029 3.4775174 3.2066031 3.5718041 3.8934608 3.4563435 3.5190927 3.5021379 3.6403703 4.8576045 3.7252558 4.1134545 3.3279250 
Xestes_maker-XT_scaffold6043-augustus-gene-0.10-mRNA-1 2.4581931 2.9328241 2.6078627 2.7720078 2.9464319 2.8273126 2.0748680 2.9573316 2.7133646 2.6327847 2.2790863 2.6429627 2.4774443 2.2520330 2.6749789 2.7194081 2.8030017 2.7933487 2.6717082 2.5188954 2.4045444 2.7464161 2.2362513 2.5796270 2.6939996 2.5628289 1.2142569 0.9994429 1.1222860 0.0000000 1.6025892 1.6858483 1.8292896 3.5289363 3.8764506 3.6128214 3.2891630 3.5729830 3.3561449 3.3645211 3.9911867 3.8633885 3.9046467 4.3188807 2.8579393 2.7365127 3.0907487 4.3518518 3.0238907 3.9121226 3.1838701 3.5935673 3.8408743 3.3214655 3.0358313 3.3010787 3.7001809 3.3217181 3.5295146 3.5288627 3.3937682 4.5991848 3.6385130 3.4074537 3.4256802 
Tetwil_g8985.t1                                        2.5045405 2.6403864 2.4601625 2.5415328 2.5735865 2.4848979 1.7872010 2.8780295 2.5138174 2.2652940 1.9878063 2.2271715 2.1298762 2.5952687 2.4975328 2.4462642 2.5792822 2.5642620 2.4363654 2.6445850 2.2975272 2.7012983 2.2643375 2.2971738 2.7544697 2.6697310 1.6538472 1.7077042 1.7952582 1.6025892 0.0000000 1.2674906 1.5706868 2.9535127 3.4389649 3.1220543 2.9271587 3.4514652 2.9477679 2.9423673 3.4292241 3.4457867 3.6800346 4.1047966 2.9230379 2.5881196 2.8890555 5.2393137 2.6067649 5.1633803 3.3236482 4.1126227 4.4661569 2.9976909 3.2375415 2.8078432 3.5587882 3.2492596 3.0054195 3.1040047 3.1738112 6.2150796 3.5909843 4.4339488 3.2219451 
Stycar_maker-SC_scaffold113437-snap-gene-0.10-mRNA-1   2.2550625 2.7610746 2.9694838 2.5561695 2.8656389 2.7743704 4.0696749 3.0869971 2.7381576 2.4957625 1.9536129 2.5574483 2.3308047 2.6657478 2.3471560 2.5930955 2.5339280 2.5464565 2.4211662 2.4675430 2.3216896 2.5740657 2.1762265 2.4748327 2.4545284 2.8133234 2.0129507 1.8146489 2.0308665 1.6858483 1.2674906 0.0000000 1.6105532 3.1928152 4.1997513 3.7992943 3.6824908 3.7133490 3.8249610 3.8122988 4.2385860 4.3731702 4.7437311 4.5596176 2.5999509 2.8874306 3.3159160 5.6803076 2.4050034 5.2014325 3.4031694 4.0353506 4.9045393 3.6755756 3.2719991 2.9253447 3.5514999 3.7879368 3.6863356 3.7292443 3.4323304 4.7992873 3.8247280 3.9643364 3.6073434 
Plespi_Pspi_scaffold4081_01                            1.6172716 2.0247592 2.5237774 2.8271086 2.3032687 2.1120327 1.6392938 2.4191311 2.1313822 1.9520044 1.9140222 2.0269531 1.7631808 1.7013320 1.8632748 1.8591676 1.9781512 1.9483614 1.8750073 1.8585758 1.9209744 2.0105347 2.0552324 2.0689420 2.0888634 3.0619291 1.7569345 1.9273298 1.8940446 1.8292896 1.5706868 1.6105532 0.0000000 2.4804441 2.9932252 2.8285962 2.8387960 3.5309062 2.7662184 2.7698867 3.3944894 3.0997789 3.7643690 3.2872926 2.8339952 2.5502082 2.4575147 1.6172716 2.0083095 8.9999985 2.2402565 3.1862921 5.6234675 2.9809055 2.3193867 2.4978403 3.5372035 3.1356074 3.0235739 3.0560132 2.4517531 0.6103083 3.0548624 2.6710796 2.8378393 
Morvir_scaffold22.g19.t1                               2.6942706 3.0283097 2.0865559 2.0679744 2.3870333 2.1826223 1.9104537 3.1081842 2.8533700 2.9411569 2.2004942 2.8168565 2.7478331 2.6926656 2.6946329 2.6533950 2.6449222 2.6690477 2.6805984 2.6406407 2.4268008 2.6122755 2.3561707 2.6056568 3.1681174 3.3841293 3.4891417 3.1219952 3.4492943 3.5289363 2.9535127 3.1928152 2.4804441 0.0000000 3.7876537 3.5135340 3.3666759 3.7693897 3.4428489 3.4537405 4.2618673 3.9164094 4.5750238 5.1727309 3.6007167 2.9064671 3.6238851 8.5811994 3.4087991 5.2194303 3.3076817 4.0642196 4.8893625 3.5488714 3.5887649 3.0301582 4.1798447 3.4184615 3.8223823 3.8314708 3.1861264 4.8885357 3.7726934 4.5898508 2.9814713 
Tadh_TriadT55371                                       2.8687640 3.4695390 3.1483367 5.5191757 3.6965834 3.3627758 1.7964359 3.0884099 3.0402431 3.1115045 2.8822089 3.0421131 3.0645890 2.9864709 3.0836872 2.9876971 3.0103964 2.9744235 2.9886089 3.0509208 2.7897263 2.7337804 2.9029378 2.9361030 3.5238825 3.7429923 3.3419658 3.3623307 3.5427975 3.8764506 3.4389649 4.1997513 2.9932252 3.7876537 0.0000000 0.0016274 0.3545360 0.3574896 0.3885905 0.3923837 4.3696847 4.5422704 4.2182585 5.9801228 5.0145354 3.2528321 3.9849801 5.5572217 3.9138608 5.6490207 4.9385470 4.9828960 4.7025914 3.9460164 4.5915873 4.8679552 4.6191173 4.0536085 4.1017269 4.0753823 4.5059284 5.6005667 4.2008808 3.5371460 4.2995048 
TrH2_TrispH2_004934-RA                                 2.8903369 3.2814768 3.0710398 4.2445585 3.5106916 3.2658682 1.7964359 2.9112296 2.9819889 3.0583625 2.7639212 3.0004135 2.9072619 2.7765514 2.8902800 2.7944668 2.8406068 2.7990902 2.8143379 2.8105197 2.6656866 2.6989079 2.6944282 2.7042356 3.3148781 3.5827884 3.2121731 3.1443898 3.4334702 3.6128214 3.1220543 3.7992943 2.8285962 3.5135340 0.0016274 0.0000000 0.3335668 0.3311330 0.3690628 0.3722073 4.3026707 4.4489562 4.2335260 5.5932230 4.7798522 3.0595266 3.6377115 5.5572217 3.8818425 6.3387062 4.8144347 5.5493284 4.9853847 3.9299900 4.6070412 5.2331547 4.4367269 4.0633306 4.0675433 4.0465520 4.4516585 5.6649306 4.1320050 4.0479344 3.9239458 
HoiH23_PlH23_007863-RA                                 3.2612993 3.1150871 3.1948038 3.9822334 3.2112518 3.1404536 1.6865618 2.9577988 3.0322197 3.0854890 2.6303208 2.9605752 2.7138503 2.6183594 2.8897170 2.8649134 2.8822955 2.8930176 2.9310291 2.8707090 2.6145593 2.7752718 2.7556749 2.8037776 3.2743031 3.7809231 3.1659745 3.3073684 3.3863524 3.2891630 2.9271587 3.6824908 2.8387960 3.3666759 0.3545360 0.3335668 0.0000000 0.0701245 0.1409534 0.1414854 4.3751508 4.3177588 4.0111811 5.0037350 4.5705960 3.1324415 3.6735500 5.8692898 3.5428554 5.6017095 4.4587459 5.1419638 4.5411722 3.6842042 4.4250325 5.1044186 4.3702660 3.9572453 3.9993489 4.0019662 4.3198151 5.5861765 4.1500474 4.1664974 3.5755175 
HoiH06_mRNA2358                                        3.4272367 3.5344990 4.1114563 4.1802255 4.1024905 3.8545709 0.0000010 3.4184353 3.5573661 3.4002190 2.8753368 3.4455385 3.2798225 3.3352087 3.4238754 3.4288430 3.2710216 3.2831835 3.3608533 3.2636759 2.9246169 3.2477454 3.0429773 3.1108064 3.2479952 3.9109110 3.4991849 3.7930422 3.6045428 3.5729830 3.4514652 3.7133490 3.5309062 3.7693897 0.3574896 0.3311330 0.0701245 0.0000000 0.1674319 0.1659227 5.0196002 4.8524162 4.3111514 4.8907582 4.4799995 3.3135342 4.0707869 6.0548442 3.6306759 5.9437454 4.6468239 5.4460912 4.7679214 4.3701612 4.5868312 5.0579455 4.5112225 4.2668167 4.4648287 4.4006337 4.3543753 5.5860929 4.7890686 4.1904536 3.8164408 
Hhon_g10496.t1                                         3.2161111 3.0728469 3.1493247 3.8693437 3.1769460 3.1073258 1.6307861 2.7542562 2.8699601 2.9788169 2.5467571 2.9304913 2.7266244 2.5700110 2.7808067 2.8747745 2.8757427 2.9038256 2.7650756 2.8228045 2.5917554 2.8127688 2.6559892 2.7071586 3.1315633 3.5841310 3.2399284 3.3131978 3.4660948 3.3561449 2.9477679 3.8249610 2.7662184 3.4428489 0.3885905 0.3690628 0.1409534 0.1674319 0.0000000 0.0040917 4.3475708 4.1196053 4.1746347 4.9884355 4.5869502 3.1409075 3.7335406 6.0491630 3.5681736 5.7587536 4.5269005 5.2444948 4.4310716 3.6736481 4.3890314 4.8894370 4.2967012 3.8632235 3.8320455 3.8323564 4.0911322 4.8810154 3.8781418 3.8719677 3.6511097 
HoiH04_mRNA3752                                        3.2161111 3.0734390 3.1526490 3.8352017 3.1796752 3.1098774 1.6289959 2.7566513 2.8630597 2.9865862 2.5496749 2.9320099 2.7334287 2.5716337 2.7850346 2.8699651 2.8800857 2.8990116 2.7733976 2.8211416 2.5917831 2.8128007 2.6675593 2.7196535 3.1133237 3.5617512 3.2424538 3.2984094 3.4655786 3.3645211 2.9423673 3.8122988 2.7698867 3.4537405 0.3923837 0.3722073 0.1414854 0.1659227 0.0040917 0.0000000 4.2823186 4.0687980 4.1716853 5.0963336 4.5207634 3.1509778 3.7198070 6.0207812 3.5681736 5.7587536 4.5269005 5.2444948 4.4310716 3.6771656 4.3890314 4.8894370 4.2756906 3.8468186 3.8358029 3.8360855 4.0911322 4.8810154 3.8820056 3.8719677 3.6384885 
Gracom_Gcom_C558142_01                                 3.6839960 3.6586051 3.4227673 4.5930088 3.7317584 3.4853065 2.4043136 4.0680604 3.6164489 3.5809597 3.1272428 3.4871737 3.4484600 3.1227269 3.3448056 3.5610512 3.4354785 3.3280827 3.3490311 3.4711928 3.2499983 3.3271734 3.3907159 3.5549345 3.4830004 3.5776416 3.7248039 3.6186655 4.0206634 3.9911867 3.4292241 4.2385860 3.3944894 4.2618673 4.3696847 4.3026707 4.3751508 5.0196002 4.3475708 4.2823186 0.0000000 1.0269315 1.4325928 1.3591722 4.0731072 3.7559458 4.3482105 6.2178121 4.2612056 5.0684491 4.0606286 4.2659023 4.7735419 3.8769671 4.2775397 3.6338583 4.6327548 4.0414733 3.8855096 3.7739902 4.5351707 6.7695624 4.4430357 5.0620458 4.3093413 
Scil_scict003882.1                                     3.7330953 3.6682230 3.2105813 4.2999269 3.4259552 3.4232130 2.1854376 3.4892272 3.6044598 3.4817348 3.0632456 3.3704678 3.3695252 2.9907618 3.2926947 3.5376769 3.4705377 3.4147375 3.1329846 3.2623853 3.2649949 3.2296000 3.2957974 3.3270236 3.4204028 3.0321624 3.8260969 3.7649927 4.0167840 3.8633885 3.4457867 4.3731702 3.0997789 3.9164094 4.5422704 4.4489562 4.3177588 4.8524162 4.1196053 4.0687980 1.0269315 0.0000000 1.3419923 1.4126794 4.0924846 3.5878159 3.9981873 4.9235633 4.2534144 4.1676281 3.6795340 3.8252216 4.1173410 3.7480377 3.9609435 3.8661125 4.3047242 3.5568918 3.7701521 3.6928038 3.9929683 4.4267671 4.0466123 4.3884471 3.8825247 
Lcom_lcpid53173                                        4.7854331 3.9158050 3.9570825 5.3620904 4.0443303 3.8855273 2.7657730 4.0693716 3.8186712 3.7117248 3.3740267 3.9111748 3.6164153 3.3094499 3.6121008 3.8328961 3.7123086 3.6628917 3.7228160 3.6694662 3.5431818 3.8372779 3.4723364 3.5686533 3.8394822 3.3862604 3.9022759 3.9392982 4.1255316 3.9046467 3.6800346 4.7437311 3.7643690 4.5750238 4.2182585 4.2335260 4.0111811 4.3111514 4.1746347 4.1716853 1.4325928 1.3419923 0.0000000 1.7014435 4.3661214 3.5102746 4.0125022 4.3754768 4.1466988 4.9136428 4.1702023 4.2800996 4.9998982 4.0897989 4.6864223 4.2274203 4.5817057 3.9895453 3.9811497 3.9765309 4.7242681 5.7104319 4.2615653 4.9952039 4.6917543 
Leuniv_Lniv_C776440_01                                 2.5157766 4.8181198 3.9713324 8.1239028 4.5625472 5.1113605 3.4636141 3.6604548 3.8457706 3.9926467 4.5657920 3.9324629 4.7159120 3.5052052 4.2856841 4.5988916 4.0558852 4.0097109 4.1966481 3.7217697 3.4474087 4.7548793 3.9622118 3.9324786 3.2746126 2.9969486 3.7895838 4.5482104 3.8039438 4.3188807 4.1047966 4.5596176 3.2872926 5.1727309 5.9801228 5.5932230 5.0037350 4.8907582 4.9884355 5.0963336 1.3591722 1.4126794 1.7014435 0.0000000 1.6172716 4.4644991 5.7502933 6.2402127 3.6374417 5.3611378 5.3611378 5.3611378 4.7684628 4.6447140 5.3979932 3.6792624 5.4283929 4.6843317 4.5212527 4.5919312 5.0858120 5.2504461 5.4278494 3.9155682 4.1146820 
Dpul_mRNA18572                                         2.4925564 2.1572914 3.4028162 3.9791034 3.7053801 3.6886308 0.0000010 2.3236165 2.1040101 2.1127318 2.0432527 2.1499418 2.1790403 1.9049547 2.7006657 2.7041566 2.5868828 2.5577332 2.6950867 2.5530955 2.4391363 2.6147472 2.7055726 2.6434305 1.6927904 1.5844207 3.0561644 3.2645897 2.8534485 2.8579393 2.9230379 2.5999509 2.8339952 3.6007167 5.0145354 4.7798522 4.5705960 4.4799995 4.5869502 4.5207634 4.0731072 4.0924846 4.3661214 1.6172716 0.0000000 2.9471530 3.0163203 0.0000010 2.8365421 5.5247570 2.9173892 3.9634682 3.9832427 3.9062720 2.9818567 3.3074437 3.7863555 3.7050496 3.8771489 3.8080603 3.1656679 4.4920217 4.5101873 3.9841982 4.0777106 
Opea_EP00118_Oscarella_pearsei_P015498                 4.5944289 2.7397920 2.6988552 3.1108146 2.7927950 2.5986672 1.9789185 3.1400172 2.4973127 2.3381427 2.3713873 2.4898497 2.3018087 2.4399163 2.2964486 2.3327410 2.3295372 2.2770205 2.2441030 2.2152734 2.3023448 2.2654054 2.4555707 2.4479664 2.9132536 3.8214026 2.9065856 2.8279343 3.0942527 2.7365127 2.5881196 2.8874306 2.5502082 2.9064671 3.2528321 3.0595266 3.1324415 3.3135342 3.1409075 3.1509778 3.7559458 3.5878159 3.5102746 4.4644991 2.9471530 0.0000000 0.0107193 0.7230296 1.5158126 5.6675870 2.9012905 4.2711174 4.6673307 3.1747210 3.0261838 3.1196073 3.4527348 3.2953431 3.0827023 3.1502382 3.0582450 5.7940496 3.2897502 4.6168450 3.6993298 
Ocar_g5901                                             4.8749044 3.1765514 2.8145067 3.1344785 3.1362993 2.9523115 1.7366831 3.6023358 2.8586607 2.7053300 2.3745222 2.6430517 2.6584223 2.7761945 2.7743606 2.7972710 2.8126716 2.7752000 2.6563753 2.6691064 2.7399307 2.5820759 2.4925783 2.6977964 3.3294921 3.8324727 3.1130903 2.7688237 3.3339446 3.0907487 2.8890555 3.3159160 2.4575147 3.6238851 3.9849801 3.6377115 3.6735500 4.0707869 3.7335406 3.7198070 4.3482105 3.9981873 4.0125022 5.7502933 3.0163203 0.0107193 0.0000000 0.0880718 1.7368510 5.3536009 3.4413927 4.8519990 5.1387567 3.4586652 3.7334767 3.2099823 3.7506782 3.7625321 3.4100578 3.4532071 3.5662246 6.3102786 3.5718467 5.2153709 3.9674115 
Opea_EP00118_Oscarella_pearsei_P015497                 5.3465083 5.0004224 3.8053332 9.0000000 4.2014963 4.3127656 0.0000010 6.5184603 4.2112129 3.8899916 1.3403256 2.6708359 3.8144958 3.7218289 5.0224809 4.6686707 4.9139711 4.9425657 4.4583554 5.0234058 4.9642544 3.6896104 8.9999983 3.8277557 4.2248118 3.2340165 3.8783575 9.0000000 4.7803886 4.3518518 5.2393137 5.6803076 1.6172716 8.5811994 5.5572217 5.5572217 5.8692898 6.0548442 6.0491630 6.0207812 6.2178121 4.9235633 4.3754768 6.2402127 0.0000010 0.7230296 0.0880718 0.0000000 4.8939262 5.1004072 5.1004072 5.1004072 5.3234776 5.0032629 5.2437639 0.0000010 4.1783877 6.4771078 5.5988004 5.2685138 5.1150489 6.7516734 6.1554185 5.0602992 4.0067925 
Plajan_Pjan_C536742_01                                 5.6749355 2.7439218 3.7404403 2.7727474 3.2177276 3.4106491 1.6172716 3.4371265 2.7770107 2.8259280 2.6206437 2.9789820 2.7078657 3.0961423 2.8123482 2.8102581 2.9119991 2.9133834 2.9234622 2.9910258 2.8894862 2.6608969 2.5304703 3.0079884 2.7627987 2.8661264 3.3351910 2.7817686 3.4250537 3.0238907 2.6067649 2.4050034 2.0083095 3.4087991 3.9138608 3.8818425 3.5428554 3.6306759 3.5681736 3.5681736 4.2612056 4.2534144 4.1466988 3.6374417 2.8365421 1.5158126 1.7368510 4.8939262 0.0000000 6.7250562 4.0143051 4.7569044 6.1886181 4.0921624 3.7792374 3.3100794 4.1487308 3.7731774 3.7423083 3.7643979 3.6270940 6.4394402 3.5376812 5.1783190 3.0390562 
Bolinf_Binf_sb1233310                                  3.4108496 5.8963341 4.3048257 4.8703773 4.7825577 5.5855867 0.0000010 4.8003242 4.3416355 4.7649744 4.0313812 6.2368780 4.8379932 4.1760827 5.5614320 5.7310860 5.3299247 5.3904179 5.1221236 5.1806024 4.4965055 4.7901009 4.7343700 5.4289013 4.7323085 6.0768454 4.4202524 8.9999989 4.4863311 3.9121226 5.1633803 5.2014325 8.9999985 5.2194303 5.6490207 6.3387062 5.6017095 5.9437454 5.7587536 5.7587536 5.0684491 4.1676281 4.9136428 5.3611378 5.5247570 5.6675870 5.3536009 5.1004072 6.7250562 0.0000000 0.0084718 0.0000010 0.4808716 0.4881776 0.4923060 0.2989291 0.6053383 0.5665067 0.7879756 0.7932484 0.6762559 1.0785956 0.9085006 1.3720682 4.8276282 
Mertsp_Mesp_sb556208                                   3.4108496 3.8205453 2.9937493 2.6596979 3.4316178 3.8240821 0.0000010 3.5663170 3.2568892 3.3409288 2.3997347 3.4304983 3.1298030 3.7403263 3.3235106 3.3739035 3.2596240 3.2771027 3.1731653 3.3685819 3.0144297 3.3667830 2.8626223 3.3118211 3.2813809 4.5667372 3.5936118 2.8558757 3.5171510 3.1838701 3.3236482 3.4031694 2.2402565 3.3076817 4.9385470 4.8144347 4.4587459 4.6468239 4.5269005 4.5269005 4.0606286 3.6795340 4.1702023 5.3611378 2.9173892 2.9012905 3.4413927 5.1004072 4.0143051 0.0084718 0.0000000 0.0177370 0.4587692 0.3497584 0.3954621 0.2733162 0.4360806 0.4344658 0.5799605 0.5822456 0.5362130 1.0943624 0.6229516 1.2033053 3.7625152 
Bolinf_Binf_sb1233309                                  3.4108496 4.9217120 3.6859213 4.1737177 3.8360968 4.4894760 0.0000010 4.2482638 3.8689765 4.1828807 3.2590115 4.5619672 3.9007479 3.9710158 4.2731931 4.4201457 4.1394295 4.2049546 3.9970647 4.3261496 3.7427925 4.0811503 3.5975242 4.3613506 3.9756751 4.9925841 4.1630826 4.0237317 3.9848153 3.5935673 4.1126227 4.0353506 3.1862921 4.0642196 4.9828960 5.5493284 5.1419638 5.4460912 5.2444948 5.2444948 4.2659023 3.8252216 4.2800996 5.3611378 3.9634682 4.2711174 4.8519990 5.1004072 4.7569044 0.0000010 0.0177370 0.0000000 0.4587692 0.4696511 0.4756275 0.3298853 0.5617879 0.5477752 0.7401313 0.7442174 0.6422379 1.0943624 0.8469915 1.2033053 4.2309720 
Vmul_sbMO401552                                        3.2905235 5.1637234 4.3812771 5.1982086 4.1755994 4.6108554 0.0000010 4.4904088 3.9584946 4.4757206 3.3988424 5.4160321 4.7117571 4.0072224 4.4465994 5.2350401 4.7679223 4.8827697 4.5572386 4.6332659 4.2271516 4.5175891 4.2684781 4.4813347 4.3324990 5.8740529 4.0234250 6.5961998 4.3596029 3.8408743 4.4661569 4.9045393 5.6234675 4.8893625 4.7025914 4.9853847 4.5411722 4.7679214 4.4310716 4.4310716 4.7735419 4.1173410 4.9998982 4.7684628 3.9832427 4.6673307 5.1387567 5.3234776 6.1886181 0.4808716 0.4587692 0.4587692 0.0000000 0.0000010 0.1511814 0.0631124 0.4264647 0.4591945 0.6984495 0.7076100 0.6696123 0.9656343 0.8517161 1.2402855 4.5004496 
Mlei_ML3274.g6.i1                                      3.1206963 3.6160094 3.2206135 3.1625769 3.3287554 3.4462391 2.4595296 3.4168109 3.1384610 3.2468587 2.7668578 3.3185903 2.9672448 3.1587221 3.0241786 3.3077097 3.0869068 3.1954165 3.1831118 3.3762154 3.0104239 3.3079349 3.0320869 3.1125323 3.5136434 4.7765725 3.2761776 3.2604762 3.4775174 3.3214655 2.9976909 3.6755756 2.9809055 3.5488714 3.9460164 3.9299900 3.6842042 4.3701612 3.6736481 3.6771656 3.8769671 3.7480377 4.0897989 4.6447140 3.9062720 3.1747210 3.4586652 5.0032629 4.0921624 0.4881776 0.3497584 0.4696511 0.0000010 0.0000000 0.1282868 0.0700190 0.4493402 0.4725352 0.5943325 0.6005190 0.5692130 0.9814333 0.8684307 1.1788650 3.8524496 
Bolinf_Binf_sb1222061                                  3.5248688 3.8456326 3.2042807 2.9047845 3.3393652 3.6073020 0.0000010 3.5905521 3.3502600 3.4372228 2.6328678 3.5320342 3.3616642 4.1177021 3.1255479 3.4420997 3.1678944 3.1561414 3.1250356 3.3309843 3.2252646 3.3433031 2.8690411 3.3386296 3.3735246 4.5696862 3.3795897 2.4659035 3.2066031 3.0358313 3.2375415 3.2719991 2.3193867 3.5887649 4.5915873 4.6070412 4.4250325 4.5868312 4.3890314 4.3890314 4.2775397 3.9609435 4.6864223 5.3979932 2.9818567 3.0261838 3.7334767 5.2437639 3.7792374 0.4923060 0.3954621 0.4756275 0.1511814 0.1282868 0.0000000 0.0000010 0.3584202 0.3904327 0.5373112 0.5336017 0.6263353 1.0968932 0.7623561 1.2644716 3.8332586 
Mertsp_Mesp_sb544185                                   3.5893554 3.2034931 3.2993714 2.7659938 3.0794446 3.1727694 0.0000010 3.0568319 2.8621388 3.0789295 2.7668373 2.9120629 2.8813058 3.9366545 2.6518230 2.7038768 2.8265027 2.7245811 2.8624139 3.2451201 2.8549531 2.9391131 2.8629633 3.0669968 2.8545753 2.7481692 3.8180809 2.8501529 3.5718041 3.3010787 2.8078432 2.9253447 2.4978403 3.0301582 4.8679552 5.2331547 5.1044186 5.0579455 4.8894370 4.8894370 3.6338583 3.8661125 4.2274203 3.6792624 3.3074437 3.1196073 3.2099823 0.0000010 3.3100794 0.2989291 0.2733162 0.3298853 0.0631124 0.0700190 0.0000010 0.0000000 0.2691007 0.2938230 0.2980868 0.2980868 0.4510548 0.6671815 0.5351456 0.7813987 3.8287353 
