76
Lcom_lcpid137552                                         0.0000000 1.7370202 1.8264967 1.6879154 1.6315941 1.3155567 1.7108483 1.4786385 1.3989456 1.6753383 1.4160431 1.6066275 1.6806562 1.4785126 1.6186525 1.1267882 1.6104633 1.4254219 1.4301919 1.5157991 1.4712960 1.5609147 1.4830758 4.9501522 1.4702160 1.7975478 1.7190631 1.6145399 1.7323635 1.5650655 1.8583089 1.5795252 1.7460544 7.6179881 1.9226168 5.1400980 1.7616838 1.7246866 1.7168692 1.6632521 1.7602483 1.8243912 1.6335446 1.5505739 1.5468641 1.6764463 1.8156924 1.8203614 1.6196451 1.8214485 1.8821585 2.0775264 1.6750889 1.8679164 1.6946845 4.0844961 1.8009185 1.7345322 1.9166925 1.7336340 1.7388844 1.6416790 1.9007640 2.2617886 2.2580951 1.8598947 1.6878967 2.3937970 2.2530900 2.0727414 1.9527821 2.3156958 2.6868918 3.1230178 5.0860988 7.5754678 
Lcom_lcpid58597                                          1.7370202 0.0000000 0.5075487 0.5136675 0.5788919 0.5660673 1.5354901 1.4978584 1.5257088 1.2884843 1.3852235 1.6003865 1.5566462 1.4246579 1.5158013 0.8250686 1.3077437 1.2553595 1.0704266 1.3607854 1.3865301 1.3902960 1.2766489 2.0616005 1.5010897 1.4548792 1.6982160 1.5216052 1.5864399 1.2926977 2.1402167 1.5827054 1.4326180 2.4657252 1.5889221 2.1431734 1.7843297 1.7867027 1.5149951 1.9157213 1.9423995 1.8770553 1.5007660 1.5678418 1.5615894 1.5500288 1.6360303 1.6445068 1.4120397 1.6664437 1.8472911 1.9419138 1.7163165 1.7872821 2.3713267 3.4347228 1.9897068 1.9301424 1.8588693 1.4380501 2.1037590 1.8850537 2.2478218 2.9526525 2.7114761 2.0450463 1.9211333 2.7309035 2.1344910 1.7334649 1.7043515 2.8134213 2.1134245 2.2557297 2.6994556 5.2487029 
Gracom_Gcom_C553622_01                                   1.8264967 0.5075487 0.0000000 0.4623949 0.3881550 0.4810896 1.4312449 1.4359593 1.5064666 1.2561365 1.4360706 1.5378492 1.4994056 1.4874433 1.5760485 0.7183441 1.3497091 1.3197927 1.0790598 1.2785623 1.3903083 1.3706436 1.3446315 2.3972609 1.4384271 1.2851667 1.6132229 1.4811988 1.5816264 1.2483774 2.1482609 1.5315577 1.4006580 2.1746988 1.3780862 1.9011206 1.6967897 1.7063711 1.4879368 1.9328170 1.9025490 1.7937490 1.4290672 1.4931683 1.4882276 1.4760010 1.6116453 1.6200370 1.4998102 1.6478853 1.7933000 1.9520970 1.5758577 1.6249917 2.2445315 3.4022559 1.9283581 1.8872525 1.8036116 1.4684438 2.1666736 1.8676614 2.2284911 3.0583448 2.8010111 2.0119711 1.8599804 2.8503676 2.2670084 1.8319804 1.6120635 3.0859023 2.2725316 2.0805334 2.7797923 5.2874801 
Leuniv_Lniv_scaffold25158_01                             1.6879154 0.5136675 0.4623949 0.0000000 0.3488376 0.4528993 1.5230793 1.5491100 1.6052895 1.2633784 1.5379825 1.7003527 1.6041123 1.5680137 1.6594069 0.7966721 1.3453882 1.2903014 1.1033326 1.2320049 1.3862271 1.3656915 1.3192940 2.3556936 1.5233412 1.4338591 1.6247556 1.4771489 1.5756953 1.1928542 2.2014488 1.5330936 1.4438782 2.7268621 1.5907543 2.2830064 1.7748335 1.8434749 1.6461396 1.9846257 1.9334632 1.9596636 1.5481648 1.6006866 1.5951447 1.5814468 1.6717652 1.6804407 1.4964134 1.8436278 2.0227685 2.0331400 1.7372599 1.7280683 2.2571742 3.3623248 1.9182476 1.8876182 1.8027915 1.3815824 2.2067103 1.9325263 2.1962800 2.9069042 2.7361978 2.1469294 1.9268380 2.7898356 2.2376511 1.9510318 1.6270590 2.8879112 2.3779790 2.1998558 2.9808822 5.4040520 
Scil_scict012323.1                                       1.6315941 0.5788919 0.3881550 0.3488376 0.0000000 0.4477980 1.5698678 1.5011795 1.5682308 1.2669370 1.4636769 1.6769197 1.6278386 1.6245644 1.6819296 0.7611708 1.3651675 1.3991469 1.1788346 1.2003226 1.4735567 1.3810347 1.2786107 2.3696482 1.5403135 1.2945433 1.5558297 1.4840618 1.5725494 1.2037566 2.1154821 1.5853726 1.5088916 3.0351750 1.5987703 2.1447491 1.7368663 1.7251504 1.4518315 1.9595998 1.9531978 1.8467499 1.4696806 1.5043550 1.4990551 1.5568506 1.6874955 1.6961897 1.4458113 1.7157608 1.8792445 1.9349770 1.7344681 1.7259049 2.4533305 3.7584226 2.0954612 1.9693178 1.8353254 1.4222389 2.1520667 1.8658393 2.1391665 3.0326644 2.7800749 2.1268166 1.9426317 2.6877675 2.2448527 1.9519783 1.6060479 2.8839321 2.3520876 2.1281207 2.8587817 6.3415641 
Clacor_Ccor_C508331_01                                   1.3155567 0.5660673 0.4810896 0.4528993 0.4477980 0.0000000 0.7033513 0.5402881 0.7237648 0.5551461 0.6834420 0.6981158 0.6571092 0.6854782 0.7213925 0.4525417 0.6437253 0.6196166 0.6674619 0.9228218 0.7432261 0.7457247 0.5348705 0.0000010 0.6951596 0.6905352 0.6490616 0.6596415 0.6309127 0.6758455 1.0133658 0.7279855 0.8665631 3.9152817 0.8821053 0.0000010 0.9242621 0.8848634 0.7070868 0.8754852 0.8216164 0.8993491 0.7959266 0.8217616 0.8217616 0.8317896 0.9150337 0.9303321 0.8426095 0.7909443 0.9791249 1.0382411 0.8395474 0.9234246 0.8963688 4.8298698 0.9796656 0.9767047 1.0244129 1.0244129 0.8919096 0.9409722 1.0270933 1.6461417 1.4370696 1.1026795 1.0175590 1.4279765 1.3931318 0.8308869 0.6749526 1.5742748 1.8971752 1.8558462 3.7388744 4.3908691 
Acagra_model.g27278.t1                                   1.7108483 1.5354901 1.4312449 1.5230793 1.5698678 0.7033513 0.0000000 0.3484297 0.7679463 0.9872392 0.7739450 0.9000216 0.8180756 0.8030124 0.7660960 0.4754481 1.1919543 1.0943987 0.8208905 1.0360855 1.0465912 1.1096889 0.9175991 1.3591272 0.7338709 1.2095201 1.1074757 1.0551580 1.0754259 0.9541581 1.4514421 1.0035246 1.1349585 2.2169526 1.2078622 1.8569678 1.3628487 1.3066913 0.9333097 1.3271723 1.2730544 1.2262304 0.9822935 0.9704482 0.9637210 0.9598123 1.0176356 1.0233045 1.0057689 1.2764403 1.3456472 1.3564996 1.3371198 1.1669848 1.8204315 2.3974636 1.4817844 1.3848197 1.4134322 1.1864097 1.5445750 1.3537304 1.6245690 1.7094385 1.6528231 1.4236503 1.4550394 2.0113991 1.5478112 1.1276932 1.4012971 2.3982610 1.1447001 1.8862423 2.6641660 5.0382321 
Acagra_model.g8172.t1.2.5d3b853b                         1.4786385 1.4978584 1.4359593 1.5491100 1.5011795 0.5402881 0.3484297 0.0000000 0.6285533 0.9834574 0.7884472 0.8395934 0.7910532 0.7603533 0.7202538 0.3722245 1.0651737 0.9929613 0.6402112 0.9385973 0.8810847 1.0196529 0.7873426 1.1065992 0.6726618 1.1207467 1.0459864 0.9773299 0.9836233 0.8868955 1.5158980 0.9725322 1.0613208 2.5719755 1.1642182 1.7065322 1.3585110 1.2340499 0.8549210 1.0492971 1.0522911 1.1500540 0.9847215 0.9894013 0.9820173 0.9826321 1.0137835 1.0194316 0.9517370 1.2096076 1.3068662 1.3546712 1.2879141 1.1997011 1.7413942 2.4264773 1.4377968 1.3056348 1.3457899 1.0904058 1.5415956 1.3159899 1.5455585 1.7520050 1.6662231 1.3546931 1.3317577 1.8687739 1.5980906 1.1526750 1.3004520 2.2835909 1.0470209 1.7219971 2.4589725 5.1614463 
Cgig_XM_011453766.3                                      1.3989456 1.5257088 1.5064666 1.6052895 1.5682308 0.7237648 0.7679463 0.6285533 0.0000000 1.0206996 0.8630145 0.8716253 0.7883053 0.8831345 0.8341615 0.4331932 1.0491148 1.0000096 0.8399478 1.0007890 1.0528555 1.0357413 0.8854675 1.1181019 0.8003684 1.0523270 1.1429845 1.0311286 1.1512578 1.0185991 1.4624273 1.0891861 1.1737879 2.3837768 1.2214257 1.7845639 1.4154874 1.3698444 0.9012523 1.2781095 1.2431240 1.2569416 1.0402197 0.9871150 0.9851504 0.9613811 1.0857811 1.0881285 1.0741851 1.2941859 1.2876068 1.4024731 1.3993982 1.2845575 1.5840443 1.9801520 1.3532256 1.3840019 1.4238653 1.1672451 1.6272143 1.4033349 1.6122446 1.7638928 1.6953644 1.4214791 1.4300583 1.8648760 1.5095356 1.0863611 1.4649301 2.4911280 1.2292320 1.8368683 2.6135566 4.3522679 
Plajan_Pjan_C560990_01                                   1.6753383 1.2884843 1.2561365 1.2633784 1.2669370 0.5551461 0.9872392 0.9834574 1.0206996 0.0000000 1.0092991 1.0310467 0.9954993 1.0172431 0.9591160 0.4366671 0.7697770 0.7947327 0.6123410 0.7831534 0.7782059 0.8301390 0.6491784 0.9982118 0.9826453 0.9208554 0.9588447 0.9182772 0.9516800 0.8214321 1.2983548 0.9399372 1.0020832 1.9417298 1.0244206 1.4385905 1.1915104 1.2098749 1.1635082 1.3373987 1.2841575 1.2129946 1.0055690 1.0216519 1.0184443 1.0038929 1.0762108 1.0823861 1.0630141 1.2326014 1.2769451 1.2842984 1.3190604 1.3054983 1.5568050 2.1153090 1.2973524 1.3642115 1.2780989 1.1140095 1.4257283 1.2681871 1.6089221 1.8331030 1.7496419 1.3968122 1.3164806 1.7172976 1.5936728 1.3019688 1.3828780 1.9390591 1.3234204 1.5821100 2.0972632 4.5256424 
Cscu_XM_023360745.1                                      1.4160431 1.3852235 1.4360706 1.5379825 1.4636769 0.6834420 0.7739450 0.7884472 0.8630145 1.0092991 0.0000000 0.9056008 0.8433146 0.8558982 0.7676792 0.4810266 1.0963560 1.0890423 0.8227930 1.1451622 1.1058016 1.1527581 0.9149339 1.3490971 0.8491534 1.1022942 1.1376056 1.0179224 1.0269525 0.9098467 1.3388215 1.0601196 1.1011720 1.7384721 1.1346130 1.4055799 1.3974391 1.3029394 0.8953319 1.4466235 1.3682454 1.3337977 0.9818868 0.9061797 0.9014369 0.9550582 1.0120235 1.0134214 0.9541756 1.2013318 1.3024396 1.2793474 1.3986854 1.1801677 1.6724703 2.3080559 1.4390809 1.3907492 1.4604152 1.1375674 1.4508437 1.3186401 1.4913935 1.9724284 1.8994669 1.3763040 1.3946589 1.7480904 1.4781145 1.0764243 1.4186964 2.2526125 1.1774381 1.7676620 2.7578641 4.6322094 
Skow_XM_006820847.1                                      1.6066275 1.6003865 1.5378492 1.7003527 1.6769197 0.6981158 0.9000216 0.8395934 0.8716253 1.0310467 0.9056008 0.0000000 0.0746483 0.7991889 0.6854878 0.3075349 1.1540704 1.0524718 0.7333727 0.8745669 1.1412678 1.1960111 0.9203999 1.8773166 0.8830535 1.1482872 1.2333133 1.1628775 1.1395492 1.0071967 1.4491122 1.1072735 1.1631121 2.5992078 1.3427139 2.3053659 1.4933895 1.3595803 0.9795606 1.4661028 1.3790149 1.3122014 1.1645376 1.1071849 1.1017242 1.0992658 1.1457165 1.1526510 0.9767681 1.2532296 1.4258096 1.5221872 1.3913775 1.4495508 1.7906870 2.4065721 1.3935259 1.4895978 1.4624570 1.0152114 1.7972659 1.5042650 1.8297015 2.1250316 1.9371390 1.5712373 1.4839678 2.1696544 1.6917514 1.2810608 1.5372382 1.9826237 1.1935639 2.1075794 3.2943039 5.5188612 
Skow_XM_002738268.2                                      1.6806562 1.5566462 1.4994056 1.6041123 1.6278386 0.6571092 0.8180756 0.7910532 0.7883053 0.9954993 0.8433146 0.0746483 0.0000000 0.7245892 0.6284631 0.3110286 1.1676882 1.0906179 0.6948129 0.8645220 1.0769916 1.1250945 0.9189467 1.5819843 0.7934708 1.0973040 1.1854572 1.1085510 1.0912124 0.9711620 1.5001743 1.0616791 1.2097368 2.5726523 1.2977416 1.8640901 1.4096253 1.2847771 0.8583702 1.3900032 1.2808282 1.2536772 1.0797960 1.0645082 1.0597722 1.0289757 1.0563880 1.0620864 0.9678462 1.1572524 1.3099163 1.4242349 1.3796911 1.3620711 1.6731346 2.1028658 1.3507821 1.4155562 1.4264595 1.0505946 1.7624393 1.5351854 1.7273705 1.8517875 1.7494439 1.5270270 1.3925051 2.0224885 1.4561910 1.1517381 1.4541652 1.7673293 1.0543508 1.8524261 2.7748580 5.2390031 
Hsap_ENST00000325110                                     1.4785126 1.4246579 1.4874433 1.5680137 1.6245644 0.6854782 0.8030124 0.7603533 0.8831345 1.0172431 0.8558982 0.7991889 0.7245892 0.0000000 0.7302925 0.3787467 1.2059793 1.0746982 0.8679208 0.9854372 1.0289860 1.1290369 0.9402866 1.5000002 0.8242702 1.2432381 1.2393681 1.1308978 1.1396585 1.0879865 1.5780823 1.1285563 1.1203244 2.1803259 1.2310120 1.6842954 1.3417184 1.3109489 0.9115969 1.2996546 1.2551870 1.2647754 1.0867525 1.0396127 1.0355933 1.0777798 1.0965170 1.0944089 0.6216927 1.2453833 1.3107085 1.4175645 1.4374279 1.2596823 1.6907231 2.1200975 1.4214455 1.4193107 1.3034096 1.0549588 1.6433666 1.4526754 1.6124469 1.6620151 1.6090329 1.4242935 1.4189080 1.7694588 1.6453706 1.1652282 1.5851665 2.2149474 1.1107778 1.8593814 2.6491093 4.5122412 
Spur_XM_030995695.1                                      1.6186525 1.5158013 1.5760485 1.6594069 1.6819296 0.7213925 0.7660960 0.7202538 0.8341615 0.9591160 0.7676792 0.6854878 0.6284631 0.7302925 0.0000000 0.3655139 1.0263758 1.0386799 0.6582336 0.9315211 1.0357067 1.1264605 0.8154352 1.3688279 0.7986195 1.0681832 1.0597212 1.0223023 1.0635173 1.0121773 1.3623477 0.9526949 1.0498353 2.0865449 1.0953030 1.4209165 1.3704518 1.2243005 0.8795416 1.3787478 1.3154148 1.1569426 0.9451439 0.9102999 0.9013881 0.9743925 0.9929173 0.9984147 0.9647207 1.2323270 1.2597731 1.2672787 1.3889925 1.2839533 1.6533959 2.4002202 1.4389999 1.4510676 1.4358052 1.0656906 1.5871456 1.3994484 1.7649868 2.0139058 1.8888782 1.5060747 1.3806197 1.9936944 1.5825984 1.2008889 1.6161877 2.2247794 0.9889216 1.7460718 2.5597911 4.4885487 
Bralan_BLAG13001060_1                                    1.1267882 0.8250686 0.7183441 0.7966721 0.7611708 0.4525417 0.4754481 0.3722245 0.4331932 0.4366671 0.4810266 0.3075349 0.3110286 0.3787467 0.3655139 0.0000000 0.5413289 0.4773840 0.5936843 0.7375407 0.4886231 0.6655596 0.5304036 0.0000010 0.3953775 0.3892763 0.5247096 0.5262263 0.5160051 0.5626587 0.5331931 0.5463487 0.5159306 3.7282743 0.5542380 0.0000010 0.6329433 0.5850304 0.4339385 0.7791364 0.6732383 0.6502398 0.6449565 0.6121640 0.6121640 0.6310415 0.6706477 0.6706477 0.6108657 0.7756102 0.6835710 0.4600560 0.8255307 0.7431928 1.3643324 0.0000010 0.7882422 0.8701803 0.7304139 0.7304139 0.9032260 0.7230089 0.9517867 0.0000010 0.7200293 0.8118823 0.8063844 2.4522322 1.3127846 0.4777490 0.9877965 1.6181956 2.0021974 0.8318576 3.5564425 4.0102618 
Aque_Aqu2.1.43071_001                                    1.6104633 1.3077437 1.3497091 1.3453882 1.3651675 0.6437253 1.1919543 1.0651737 1.0491148 0.7697770 1.0963560 1.1540704 1.1676882 1.2059793 1.0263758 0.5413289 0.0000000 0.3465048 0.5680288 0.7235043 0.8398662 0.7898407 0.8159328 1.3745155 1.0336912 0.8326504 0.9762207 0.9406781 0.9752648 0.8978120 1.1744361 0.8967418 1.0180683 1.8011528 1.0714306 1.4188613 1.4657277 1.3772442 1.0554428 1.4888734 1.4665373 1.2668695 1.1254562 1.1193433 1.1152067 1.1177822 1.2286956 1.2353639 1.1367855 1.4736324 1.3010409 1.3956641 1.3662922 1.3636323 1.8567920 2.9345780 1.6053728 1.7228041 1.6025940 1.1445410 1.9012848 1.6410689 1.8031281 2.1772289 2.0895295 1.5969304 1.4421709 1.7315243 1.5572147 1.2933960 1.4091326 1.9106099 1.3868436 1.7706806 1.9958878 4.4976172 
Halamb_c43569_g1_i1m.16334                               1.4254219 1.2553595 1.3197927 1.2903014 1.3991469 0.6196166 1.0943987 0.9929613 1.0000096 0.7947327 1.0890423 1.0524718 1.0906179 1.0746982 1.0386799 0.4773840 0.3465048 0.0000000 0.5914753 0.7925652 0.7898464 0.7901724 0.8466628 1.4273992 1.0131033 0.8359707 0.9914220 0.8843112 0.9180011 0.8966059 1.1815954 0.8963735 1.0029294 2.1166156 1.0986418 1.4761066 1.3971503 1.2720347 1.1264448 1.4317818 1.4064986 1.3184300 1.1547535 1.1422085 1.1379928 1.1397121 1.2514430 1.2582012 1.1227912 1.3553903 1.3491440 1.3905464 1.3277941 1.2548026 1.9287066 2.9348959 1.6193476 1.5964120 1.5916204 1.2040096 1.7810721 1.5555402 1.8175235 2.2435776 2.1610391 1.6019256 1.4170549 1.7191129 1.5570254 1.1595254 1.2743578 2.1897908 1.3925345 1.7214354 1.9648634 4.7554142 
Stycar_maker-SC_scaffold77433-augustus-gene-0.16-mRNA-1  1.4301919 1.0704266 1.0790598 1.1033326 1.1788346 0.6674619 0.8208905 0.6402112 0.8399478 0.6123410 0.8227930 0.7333727 0.6948129 0.8679208 0.6582336 0.5936843 0.5680288 0.5914753 0.0000000 0.6567203 0.4860960 0.5183635 0.4909125 1.3640726 0.8294110 0.5571979 0.7850235 0.7832938 0.8022413 0.8118258 1.0211946 0.7889870 0.8724514 3.6271983 1.0209308 6.4642018 1.0705086 0.9976472 0.8101965 1.0126045 1.0171368 0.9981236 0.9619464 0.9498862 0.9477448 0.9617671 1.0404358 1.0501326 0.9671415 1.0318050 0.9015301 0.9599311 1.0560649 1.1958038 1.4001572 3.7686216 1.0905463 1.0807026 1.0851880 1.0851880 1.2583204 1.0234589 1.2799081 1.6864785 1.5453268 1.0180698 1.0813314 1.5771306 1.6081410 1.1007746 1.1993159 1.9089238 1.4082933 1.8437883 3.6898300 4.8079474 
Plespi_Pspi_scaffold14734_01                             1.5157991 1.3607854 1.2785623 1.2320049 1.2003226 0.9228218 1.0360855 0.9385973 1.0007890 0.7831534 1.1451622 0.8745669 0.8645220 0.9854372 0.9315211 0.7375407 0.7235043 0.7925652 0.6567203 0.0000000 0.7417401 0.8187404 0.7628777 1.4796995 0.8752471 0.8260626 0.9243691 0.8294822 0.8501692 0.8843626 0.7741668 0.8486497 0.9378932 4.8652549 1.0653767 1.0340273 1.0137457 1.0272669 0.8957184 0.9766553 0.9626274 0.9585563 1.0457243 1.0334156 1.0259980 1.0082820 1.0386498 1.0421696 0.9548455 1.0808833 1.1388267 1.1753091 1.0322702 1.0592533 1.4046917 2.4081369 1.0584353 1.0384550 0.9926072 0.9926072 0.9885568 0.9317716 1.1234308 1.3959706 1.2540197 1.1808928 1.0803975 1.4049593 1.5189699 1.0518875 1.2369296 1.6873260 1.2398313 1.8991782 4.0640182 3.7512806 
Spolac_c98147_g1_i1_m.16553c98147-g1                     1.4712960 1.3865301 1.3903083 1.3862271 1.4735567 0.7432261 1.0465912 0.8810847 1.0528555 0.7782059 1.1058016 1.1412678 1.0769916 1.0289860 1.0357067 0.4886231 0.8398662 0.7898464 0.4860960 0.7417401 0.0000000 0.1753867 0.7825581 1.2043692 0.8862084 0.7871631 1.1461935 1.0398843 1.0520155 0.9211395 1.4604695 1.0381334 1.1850414 2.6302468 1.3374211 1.8471332 1.3102678 1.2821684 1.2025168 1.5159409 1.4822595 1.4398993 1.1581913 1.1373092 1.1335316 1.1629513 1.1920998 1.1993084 1.1667052 1.2897375 1.1922106 1.3468048 1.5835752 1.4772985 1.5338595 2.3147435 1.5591367 1.4612704 1.3862597 1.1867536 1.5678357 1.4302530 1.5953136 1.8475437 1.8357057 1.3653796 1.3563384 2.2834133 1.6827160 1.3284287 1.1741658 2.0360719 1.3617090 1.8720589 1.8218243 5.5008395 
Emue_Em0011g62a.t1                                       1.5609147 1.3902960 1.3706436 1.3656915 1.3810347 0.7457247 1.1096889 1.0196529 1.0357413 0.8301390 1.1527581 1.1960111 1.1250945 1.1290369 1.1264605 0.6655596 0.7898407 0.7901724 0.5183635 0.8187404 0.1753867 0.0000000 0.7872062 1.2526755 1.0657402 0.8410220 1.0922979 0.9795083 0.9957046 0.9669824 1.2940831 0.9949228 1.1465703 2.3026361 1.3281160 1.7660434 1.3289820 1.2839038 1.1115894 1.5369332 1.4832877 1.4348801 1.1881162 1.1460087 1.1425594 1.1472581 1.2309876 1.2376618 1.1132068 1.4078716 1.2136667 1.3671876 1.3766116 1.4768683 1.7584104 2.3714795 1.5354916 1.3919229 1.3527659 1.1729216 1.6253185 1.4292492 1.7083775 1.9424527 1.9236087 1.3905186 1.3575875 2.1755510 1.6852121 1.3463064 1.3196334 2.1182035 1.3583015 1.7593537 1.9036596 4.9991907 
Opea_EP00118_Oscarella_pearsei_P025336                   1.4830758 1.2766489 1.3446315 1.3192940 1.2786107 0.5348705 0.9175991 0.7873426 0.8854675 0.6491784 0.9149339 0.9203999 0.9189467 0.9402866 0.8154352 0.5304036 0.8159328 0.8466628 0.4909125 0.7628777 0.7825581 0.7872062 0.0000000 0.0000010 0.9624761 0.9418026 0.9059159 0.8740837 0.9052171 0.8621616 1.3224037 0.8955649 1.0413854 1.8713397 1.0456293 1.5514686 1.1692868 1.0965067 0.9569870 1.2502651 1.2268005 1.1497722 1.1626461 1.1714745 1.1664830 1.1236727 1.1988090 1.2054947 0.9505713 1.1165745 1.2171023 1.3426110 1.3847316 1.4565317 1.4270829 2.0001426 1.2317361 1.2436040 1.2603032 1.0718897 1.4666724 1.2812416 1.5342337 1.7549617 1.6703920 1.3264820 1.2187182 1.7272713 1.5380744 1.1553012 1.4015698 1.9508198 1.2832814 1.6182944 2.0817044 4.6855774 
Ocar_g7711                                               4.9501522 2.0616005 2.3972609 2.3556936 2.3696482 0.0000010 1.3591272 1.1065992 1.1181019 0.9982118 1.3490971 1.8773166 1.5819843 1.5000002 1.3688279 0.0000010 1.3745155 1.4273992 1.3640726 1.4796995 1.2043692 1.2526755 0.0000010 0.0000000 1.4576359 1.6576750 1.5644001 1.4744000 1.5048855 1.8332200 2.2229045 1.4921124 1.9990665 1.8268595 1.7950583 1.5943617 1.9649783 1.8775226 1.5950360 2.0680910 2.0473931 1.8902968 1.7498973 1.7600264 1.7524225 1.6739335 1.7637996 1.7637996 1.4853375 1.7776519 2.2242018 2.3387550 2.3963819 2.1880103 2.0760180 2.0675176 2.0689520 2.0580941 2.0409843 2.0695456 2.1967232 2.1967232 2.3085535 1.9887875 2.0358340 2.1222340 1.8693033 3.4529838 1.8278228 1.5872943 3.9413684 7.4415668 1.5140856 1.9721789 1.5950735 5.5014874 
Ctel_gnl_WGS_AMQN_CAPTEDRAFT_mRNA155025                  1.4702160 1.5010897 1.4384271 1.5233412 1.5403135 0.6951596 0.7338709 0.6726618 0.8003684 0.9826453 0.8491534 0.8830535 0.7934708 0.8242702 0.7986195 0.3953775 1.0336912 1.0131033 0.8294110 0.8752471 0.8862084 1.0657402 0.9624761 1.4576359 0.0000000 1.2100282 1.1690383 1.0342955 1.0453627 1.0298506 1.3928210 1.0048827 1.2087768 2.0352682 1.2142024 1.6272805 1.4822221 1.3687717 0.9225378 1.3085066 1.2753496 1.1865372 0.9551501 0.9460011 0.9431153 0.9284454 0.9195858 0.9159831 0.9909315 1.2426313 1.3934396 1.3389316 1.4654371 1.2285935 1.7136238 2.3042034 1.4357390 1.4643760 1.3681144 1.0117598 1.5746722 1.3602221 1.6864910 1.8387005 1.7503214 1.6096682 1.4065985 2.1817769 1.4755734 1.0942918 1.5742736 1.9929768 1.1094408 1.8614050 2.4632712 4.6597130 
Tetwil_g13743.t1                                         1.7975478 1.4548792 1.2851667 1.4338591 1.2945433 0.6905352 1.2095201 1.1207467 1.0523270 0.9208554 1.1022942 1.1482872 1.0973040 1.2432381 1.0681832 0.3892763 0.8326504 0.8359707 0.5571979 0.8260626 0.7871631 0.8410220 0.9418026 1.6576750 1.2100282 0.0000000 1.1313992 1.1148554 1.1773223 1.0142618 1.4807515 1.1259962 1.1881727 2.3710491 1.2462761 1.6730153 1.5135326 1.4505404 1.1081313 1.6006856 1.5097518 1.4692184 1.1884477 1.1713440 1.1670801 1.1456059 1.2522939 1.2590341 1.1819890 1.4948300 1.1807974 1.4457599 1.5166196 1.4954002 2.1222591 3.3614948 1.8396896 1.6618099 1.6365583 1.3137112 2.0799553 1.7183741 2.1863467 2.7301312 2.5840011 1.6543497 1.5335663 1.8880412 1.8587134 1.3803360 1.4524929 1.9394584 1.4889875 1.7956001 2.1381172 4.7193320 
Fspp_ffun1.m4.11840.m1                                   1.7190631 1.6982160 1.6132229 1.6247556 1.5558297 0.6490616 1.1074757 1.0459864 1.1429845 0.9588447 1.1376056 1.2333133 1.1854572 1.2393681 1.0597212 0.5247096 0.9762207 0.9914220 0.7850235 0.9243691 1.1461935 1.0922979 0.9059159 1.5644001 1.1690383 1.1313992 0.0000000 0.2788123 0.2003772 0.3852907 0.4381908 0.2626623 0.7021802 1.7491976 0.8222386 1.1847608 0.9835171 0.9932642 1.1909600 1.2724388 1.1778311 1.1310060 1.0415295 1.0312680 1.0291438 1.0399048 1.1279741 1.1340965 1.0813549 1.1801051 1.0942827 1.2136699 1.0700485 1.0552032 1.8159723 2.5649490 1.5777631 1.4187285 1.4355503 1.1292685 1.5870144 1.4203902 1.7021578 1.9711146 1.9278996 1.4535775 1.3542219 0.5710670 1.4987645 1.1707237 0.8314345 1.9903313 1.4236889 0.9567908 2.3330764 4.9203093 
Gfas_gfas1.m1.20010.m1                                   1.6145399 1.5216052 1.4811988 1.4771489 1.4840618 0.6596415 1.0551580 0.9773299 1.0311286 0.9182772 1.0179224 1.1628775 1.1085510 1.1308978 1.0223023 0.5262263 0.9406781 0.8843112 0.7832938 0.8294822 1.0398843 0.9795083 0.8740837 1.4744000 1.0342955 1.1148554 0.2788123 0.0000000 0.2769892 0.2628469 0.5349303 0.3079276 0.6737064 1.8889636 0.8036381 1.1865359 0.9444990 0.9541679 1.1825281 1.1166268 1.0357612 1.0152212 0.9771555 0.9797685 0.9753500 0.9845707 1.0416825 1.0474734 0.9965801 1.1144276 1.0255251 1.1293531 1.1253416 0.9864571 1.7354385 2.4719806 1.4968906 1.3360682 1.3222691 1.0186044 1.5434036 1.3262514 1.7257010 1.9171794 1.8511844 1.3046360 1.2666001 0.9656544 1.4390892 1.0863292 0.7811072 2.0984318 1.2311905 0.9007811 2.2724032 5.2261382 
Gasp_gasp1.m3.4988.m1                                    1.7323635 1.5864399 1.5816264 1.5756953 1.5725494 0.6309127 1.0754259 0.9836233 1.1512578 0.9516800 1.0269525 1.1395492 1.0912124 1.1396585 1.0635173 0.5160051 0.9752648 0.9180011 0.8022413 0.8501692 1.0520155 0.9957046 0.9052171 1.5048855 1.0453627 1.1773223 0.2003772 0.2769892 0.0000000 0.3748015 0.5383003 0.3122654 0.6929792 1.7415058 0.8336527 1.1303402 0.9627434 0.9970117 1.1820637 1.1571195 1.0992790 1.0578661 1.0450892 1.0299995 1.0278964 1.0553789 1.1200659 1.1260764 1.0337657 1.1941561 1.0894540 1.1720679 1.0515494 0.9746545 1.6901416 2.4314863 1.4383305 1.3555903 1.3065447 1.0153630 1.5431806 1.3453559 1.5847803 1.8960984 1.8283957 1.3405524 1.2370550 0.8375510 1.4830869 1.1178308 0.8245243 1.8464642 1.3274589 0.9700427 2.3521857 4.8202710 
Adig_XM_015892280.1                                      1.5650655 1.2926977 1.2483774 1.1928542 1.2037566 0.6758455 0.9541581 0.8868955 1.0185991 0.8214321 0.9098467 1.0071967 0.9711620 1.0879865 1.0121773 0.5626587 0.8978120 0.8966059 0.8118258 0.8843626 0.9211395 0.9669824 0.8621616 1.8332200 1.0298506 1.0142618 0.3852907 0.2628469 0.3748015 0.0000000 0.7341677 0.3855270 0.5897555 1.7652346 0.7472699 0.9861480 0.7313100 0.7743663 1.0434044 0.9112830 0.8451833 0.9700426 1.0064391 1.0763468 1.0736011 1.0352422 1.0620364 1.0701245 0.9293361 0.9103645 0.9066816 0.9635566 0.9232093 0.9359831 1.5375648 2.3833740 1.1974810 1.1342244 1.1267180 1.1267180 1.2812142 1.1117192 1.3556872 1.4731688 1.4259016 1.2141453 1.1279212 0.9303239 1.3775949 0.9451959 0.3412371 2.0465467 1.0600809 1.0950879 3.1454819 5.1227976 
Spis_XP_022802331_1                                      1.8583089 2.1402167 2.1482609 2.2014488 2.1154821 1.0133658 1.4514421 1.5158980 1.4624273 1.2983548 1.3388215 1.4491122 1.5001743 1.5780823 1.3623477 0.5331931 1.1744361 1.1815954 1.0211946 0.7741668 1.4604695 1.2940831 1.3224037 2.2229045 1.3928210 1.4807515 0.4381908 0.5349303 0.5383003 0.7341677 0.0000000 0.2278651 1.0563925 1.7389900 1.2351727 1.9332682 1.3782437 1.3142458 1.8418833 1.8855387 1.7804385 1.4510526 1.4834032 1.4147999 1.4103611 1.4130379 1.4292298 1.4407659 1.3822940 1.6624938 1.5277002 1.6441638 1.5030543 1.5021309 1.8959580 3.0519989 1.9506369 1.8120652 1.7466538 1.3227816 1.8605049 1.8259342 1.8050365 2.2751073 2.1792795 1.8987917 1.6886805 0.9191862 1.9105636 1.9225475 0.7436442 2.1772178 1.4578358 5.3653219 3.1367306 5.9212599 
Pocdam_XM_027184910.1                                    1.5795252 1.5827054 1.5315577 1.5330936 1.5853726 0.7279855 1.0035246 0.9725322 1.0891861 0.9399372 1.0601196 1.1072735 1.0616791 1.1285563 0.9526949 0.5463487 0.8967418 0.8963735 0.7889870 0.8486497 1.0381334 0.9949228 0.8955649 1.4921124 1.0048827 1.1259962 0.2626623 0.3079276 0.3122654 0.3855270 0.2278651 0.0000000 0.7085831 1.3759595 0.7578405 1.0946360 0.9071798 0.9188724 1.1632047 1.1384515 1.0698705 1.0499038 1.0704159 1.0656545 1.0638750 1.0595508 1.0883721 1.0943321 1.0750490 1.1970326 1.0656808 1.1187562 1.0718417 1.0030263 1.7798698 2.4522852 1.5001635 1.4157783 1.3885490 1.0369386 1.5886260 1.3869867 1.6158103 1.8451647 1.8033307 1.4552381 1.3047963 0.9713535 1.5070885 1.1226752 0.8557062 1.9546280 1.1655762 0.7251985 2.3228082 4.9630216 
Exapal_XM_021040651.2                                    1.7460544 1.4326180 1.4006580 1.4438782 1.5088916 0.8665631 1.1349585 1.0613208 1.1737879 1.0020832 1.1011720 1.1631121 1.2097368 1.1203244 1.0498353 0.5159306 1.0180683 1.0029294 0.8724514 0.9378932 1.1850414 1.1465703 1.0413854 1.9990665 1.2087768 1.1881727 0.7021802 0.6737064 0.6929792 0.5897555 1.0563925 0.7085831 0.0000000 1.4332576 0.6706680 0.9328744 0.9962224 0.9602858 1.1758571 1.0773690 1.0623144 1.0565456 1.1483752 1.1692421 1.1641152 1.1520388 1.2053994 1.2120064 1.1078893 1.1750837 1.0340598 1.0487807 0.9819892 0.9330433 1.7293595 2.4737773 1.4653884 1.5868725 1.3993464 1.1232504 1.7086540 1.4207766 1.8885320 2.0207029 1.9133578 1.4986146 1.4294115 1.4840387 1.5609600 1.0948550 1.1846566 2.0555831 1.2421381 1.4879596 2.4185462 4.9373463 
Nvec_NVE6471                                             7.6179881 2.4657252 2.1746988 2.7268621 3.0351750 3.9152817 2.2169526 2.5719755 2.3837768 1.9417298 1.7384721 2.5992078 2.5726523 2.1803259 2.0865449 3.7282743 1.8011528 2.1166156 3.6271983 4.8652549 2.6302468 2.3026361 1.8713397 1.8268595 2.0352682 2.3710491 1.7491976 1.8889636 1.7415058 1.7652346 1.7389900 1.3759595 1.4332576 0.0000000 0.1504618 0.0972187 2.6350070 2.5839588 2.3425751 2.3784251 2.3103651 2.7028503 1.4673632 1.4801702 1.4801702 1.4524809 1.6299612 1.6299612 1.6511975 2.0653923 2.4216330 2.5108998 3.0063395 1.7715790 2.9001922 2.7297522 2.7476183 3.9059343 4.1048255 2.7481746 3.5033676 3.5033676 3.8795468 3.8526650 3.8084851 3.1151909 2.8029794 4.2096177 2.6217979 1.8871542 8.9999989 3.9779245 1.9600282 1.8930321 2.1428655 3.8382205 
Nvec_v1g120697                                           1.9226168 1.5889221 1.3780862 1.5907543 1.5987703 0.8821053 1.2078622 1.1642182 1.2214257 1.0244206 1.1346130 1.3427139 1.2977416 1.2310120 1.0953030 0.5542380 1.0714306 1.0986418 1.0209308 1.0653767 1.3374211 1.3281160 1.0456293 1.7950583 1.2142024 1.2462761 0.8222386 0.8036381 0.8336527 0.7472699 1.2351727 0.7578405 0.6706680 0.1504618 0.0000000 0.0229535 1.0738213 1.0524195 1.1506989 1.2610644 1.2256220 1.2520666 1.1794691 1.1803729 1.1762561 1.1752117 1.2464913 1.2389952 1.2354452 1.1082765 1.1476871 1.1953824 1.2082860 1.1468732 1.8849341 2.4201676 1.5277078 1.5730103 1.5057759 1.1686956 1.7636624 1.5251697 1.8460471 2.2488568 2.1869197 1.5498123 1.4546289 1.8909485 1.6653148 1.1359102 1.3372120 2.1823594 1.3470369 1.4144145 2.3933386 4.2290783 
Nvec_NVE7675                                             5.1400980 2.1431734 1.9011206 2.2830064 2.1447491 0.0000010 1.8569678 1.7065322 1.7845639 1.4385905 1.4055799 2.3053659 1.8640901 1.6842954 1.4209165 0.0000010 1.4188613 1.4761066 6.4642018 1.0340273 1.8471332 1.7660434 1.5514686 1.5943617 1.6272805 1.6730153 1.1847608 1.1865359 1.1303402 0.9861480 1.9332682 1.0946360 0.9328744 0.0972187 0.0229535 0.0000000 1.7339988 1.5090336 1.6814762 1.9308655 1.8608167 1.8650440 1.4335970 1.4288674 1.4236271 1.4585879 1.5236183 1.5236183 1.4666674 1.6970232 1.8701804 1.7715230 1.9650839 1.4523796 2.3794599 2.4515345 2.3678079 2.5970247 2.6702438 2.1337113 2.5399474 2.5399474 2.7617609 2.7088506 2.6806028 2.2939484 2.1272029 4.6628355 1.6322385 1.5322503 4.2040188 3.9382973 1.4110725 1.1808217 1.5757138 3.7349520 
Dgig_XM_028549480.1                                      1.7616838 1.7843297 1.6967897 1.7748335 1.7368663 0.9242621 1.3628487 1.3585110 1.4154874 1.1915104 1.3974391 1.4933895 1.4096253 1.3417184 1.3704518 0.6329433 1.4657277 1.3971503 1.0705086 1.0137457 1.3102678 1.3289820 1.1692868 1.9649783 1.4822221 1.5135326 0.9835171 0.9444990 0.9627434 0.7313100 1.3782437 0.9071798 0.9962224 2.6350070 1.0738213 1.7339988 0.0000000 0.3715538 1.3992614 1.4397343 1.4095354 1.3665450 1.2849723 1.2954499 1.2917878 1.2560176 1.3594913 1.3613067 1.3858549 1.1542972 0.8441265 1.0526268 1.4525570 1.2574325 1.7152675 2.1979151 1.3980869 1.4906532 1.3651670 1.0792289 1.5018821 1.3755994 1.7518458 1.8275319 1.8157070 1.5424801 1.3711404 2.1149989 1.7616693 1.3619470 1.3076265 2.2440857 1.8429344 1.4979420 2.7217854 5.2621828 
Xesp_000891-T1                                           1.7246866 1.7867027 1.7063711 1.8434749 1.7251504 0.8848634 1.3066913 1.2340499 1.3698444 1.2098749 1.3029394 1.3595803 1.2847771 1.3109489 1.2243005 0.5850304 1.3772442 1.2720347 0.9976472 1.0272669 1.2821684 1.2839038 1.0965067 1.8775226 1.3687717 1.4505404 0.9932642 0.9541679 0.9970117 0.7743663 1.3142458 0.9188724 0.9602858 2.5839588 1.0524195 1.5090336 0.3715538 0.0000000 1.1239078 1.3836377 1.3425087 1.3296500 1.3108374 1.3253390 1.3216172 1.2591238 1.3713631 1.3786734 1.2400010 1.0972180 0.9112342 0.9627088 1.3563852 1.2411361 1.7231480 2.2756791 1.4371908 1.3764859 1.2527580 1.0011854 1.3927720 1.2632797 1.5380744 1.6871134 1.6416350 1.3748764 1.3064220 2.0234590 1.5833658 1.1836961 1.4017959 2.3363711 1.7316416 1.5929387 2.7048991 4.7564500 
Tcas_TC009172_001                                        1.7168692 1.5149951 1.4879368 1.6461396 1.4518315 0.7070868 0.9333097 0.8549210 0.9012523 1.1635082 0.8953319 0.9795606 0.8583702 0.9115969 0.8795416 0.4339385 1.0554428 1.1264448 0.8101965 0.8957184 1.2025168 1.1115894 0.9569870 1.5950360 0.9225378 1.1081313 1.1909600 1.1825281 1.1820637 1.0434044 1.8418833 1.1632047 1.1758571 2.3425751 1.1506989 1.6814762 1.3992614 1.1239078 0.0000000 1.2885240 1.3226457 1.3153536 1.1378734 1.1548340 1.1475695 1.1275262 1.1878867 1.1805373 0.9984536 1.2597231 1.3272960 1.3208489 1.2380438 1.2180434 1.6094811 2.2268280 1.4193753 1.2910078 1.2661041 1.0322473 1.5881759 1.3755214 1.3583491 1.7470268 1.6751437 1.3001049 1.1321777 2.2042706 1.4783783 1.0526130 1.5434210 1.8258103 1.3425148 1.7146410 2.6044238 4.0983315 
Nemnom_g12584.t1                                         1.6632521 1.9157213 1.9328170 1.9846257 1.9595998 0.8754852 1.3271723 1.0492971 1.2781095 1.3373987 1.4466235 1.4661028 1.3900032 1.2996546 1.3787478 0.7791364 1.4888734 1.4317818 1.0126045 0.9766553 1.5159409 1.5369332 1.2502651 2.0680910 1.3085066 1.6006856 1.2724388 1.1166268 1.1571195 0.9112830 1.8855387 1.1384515 1.0773690 2.3784251 1.2610644 1.9308655 1.4397343 1.3836377 1.2885240 0.0000000 0.1334423 0.6868869 1.3192859 1.2620216 1.2589557 1.3096333 1.3765305 1.3707642 1.3751433 1.0947178 1.5565960 1.4803469 1.1050539 1.0560887 1.8474579 2.3173893 1.5121434 1.5317208 1.5113172 1.2100124 1.6869773 1.5077002 1.7148538 2.0782380 1.9783986 1.4467369 1.5216872 2.0693025 1.7504058 1.2466737 1.4622321 2.4172196 1.5631763 1.7784049 3.5635384 4.8044163 
Rhoesc_Res_016592-T1                                     1.7602483 1.9423995 1.9025490 1.9334632 1.9531978 0.8216164 1.2730544 1.0522911 1.2431240 1.2841575 1.3682454 1.3790149 1.2808282 1.2551870 1.3154148 0.6732383 1.4665373 1.4064986 1.0171368 0.9626274 1.4822595 1.4832877 1.2268005 2.0473931 1.2753496 1.5097518 1.1778311 1.0357612 1.0992790 0.8451833 1.7804385 1.0698705 1.0623144 2.3103651 1.2256220 1.8608167 1.4095354 1.3425087 1.3226457 0.1334423 0.0000000 0.6948631 1.2778713 1.2306511 1.2263676 1.2480084 1.3590017 1.3532507 1.2751011 1.0983225 1.4420790 1.3816213 1.1179539 1.0568463 1.7893431 2.2577665 1.5131456 1.4458738 1.5033711 1.2486917 1.7130624 1.5280610 1.7298422 2.0474873 1.9586359 1.4524163 1.4854170 2.0143621 1.7665745 1.2372356 1.3974763 2.2215181 1.4990891 1.6936782 3.5852645 5.0446276 
Sanmal_Sma_011455-T1                                     1.8243912 1.8770553 1.7937490 1.9596636 1.8467499 0.8993491 1.2262304 1.1500540 1.2569416 1.2129946 1.3337977 1.3122014 1.2536772 1.2647754 1.1569426 0.6502398 1.2668695 1.3184300 0.9981236 0.9585563 1.4398993 1.4348801 1.1497722 1.8902968 1.1865372 1.4692184 1.1310060 1.0152212 1.0578661 0.9700426 1.4510526 1.0499038 1.0565456 2.7028503 1.2520666 1.8650440 1.3665450 1.3296500 1.3153536 0.6868869 0.6948631 0.0000000 1.1728511 1.1914998 1.1919660 1.2046690 1.2989475 1.2934047 1.2797939 1.0316863 1.3592575 1.4234239 1.0214900 1.0637185 1.7633985 2.4031108 1.4852096 1.5767208 1.4688334 1.1399005 1.6785901 1.4475269 2.0293532 2.1241333 2.0877290 1.6243868 1.5548597 1.7433487 1.6823171 1.2794502 1.6051565 2.8506460 1.7189588 1.6977043 3.4959875 4.2159428 
HoiH23_PlH23_001527-RA                                   1.6335446 1.5007660 1.4290672 1.5481648 1.4696806 0.7959266 0.9822935 0.9847215 1.0402197 1.0055690 0.9818868 1.1645376 1.0797960 1.0867525 0.9451439 0.6449565 1.1254562 1.1547535 0.9619464 1.0457243 1.1581913 1.1881162 1.1626461 1.7498973 0.9551501 1.1884477 1.0415295 0.9771555 1.0450892 1.0064391 1.4834032 1.0704159 1.1483752 1.4673632 1.1794691 1.4335970 1.2849723 1.3108374 1.1378734 1.3192859 1.2778713 1.1728511 0.0000000 0.0998005 0.0996517 0.1209401 0.2415389 0.2382660 1.0324020 1.2645077 1.3034760 1.2435340 1.4951055 1.2220942 1.8678123 2.4669361 1.5698922 1.5622762 1.4614930 1.2144612 1.7391562 1.5364032 1.7785578 1.8353064 1.8403095 1.6051748 1.5695666 1.9525943 1.5780426 1.1833462 1.5811434 2.3269545 1.3826225 1.7852321 2.4442312 4.7792598 
Hhon_g10137.t1                                           1.5505739 1.5678418 1.4931683 1.6006866 1.5043550 0.8217616 0.9704482 0.9894013 0.9871150 1.0216519 0.9061797 1.1071849 1.0645082 1.0396127 0.9102999 0.6121640 1.1193433 1.1422085 0.9498862 1.0334156 1.1373092 1.1460087 1.1714745 1.7600264 0.9460011 1.1713440 1.0312680 0.9797685 1.0299995 1.0763468 1.4147999 1.0656545 1.1692421 1.4801702 1.1803729 1.4288674 1.2954499 1.3253390 1.1548340 1.2620216 1.2306511 1.1914998 0.0998005 0.0000000 0.0051530 0.1340565 0.2819788 0.2785652 1.0283297 1.2396616 1.3247931 1.2274236 1.4958350 1.2706832 1.8889905 2.4661865 1.5762454 1.5080206 1.4697581 1.2131106 1.7693729 1.5374700 1.7567880 1.8388044 1.8343599 1.5705583 1.6004483 2.0131562 1.4999275 1.1324250 1.6978538 2.3696803 1.3704489 1.7216600 2.4653162 4.8455141 
HoiH04_mRNA8135                                          1.5468641 1.5615894 1.4882276 1.5951447 1.4990551 0.8217616 0.9637210 0.9820173 0.9851504 1.0184443 0.9014369 1.1017242 1.0597722 1.0355933 0.9013881 0.6121640 1.1152067 1.1379928 0.9477448 1.0259980 1.1335316 1.1425594 1.1664830 1.7524225 0.9431153 1.1670801 1.0291438 0.9753500 1.0278964 1.0736011 1.4103611 1.0638750 1.1641152 1.4801702 1.1762561 1.4236271 1.2917878 1.3216172 1.1475695 1.2589557 1.2263676 1.1919660 0.0996517 0.0051530 0.0000000 0.1366618 0.2842764 0.2808727 1.0237166 1.2321436 1.3195502 1.2324513 1.4870331 1.2642004 1.8877899 2.4563856 1.5724525 1.5029617 1.4660467 1.2100034 1.7640417 1.5332765 1.7517120 1.8334108 1.8293328 1.5660821 1.5974644 2.0049719 1.4920931 1.1252464 1.6935733 2.3576023 1.3606419 1.7216600 2.4563181 4.8334759 
HoiH11_mRNA739                                           1.6764463 1.5500288 1.4760010 1.5814468 1.5568506 0.8317896 0.9598123 0.9826321 0.9613811 1.0038929 0.9550582 1.0992658 1.0289757 1.0777798 0.9743925 0.6310415 1.1177822 1.1397121 0.9617671 1.0082820 1.1629513 1.1472581 1.1236727 1.6739335 0.9284454 1.1456059 1.0399048 0.9845707 1.0553789 1.0352422 1.4130379 1.0595508 1.1520388 1.4524809 1.1752117 1.4585879 1.2560176 1.2591238 1.1275262 1.3096333 1.2480084 1.2046690 0.1209401 0.1340565 0.1366618 0.0000000 0.2103927 0.2071984 1.0973441 1.2213289 1.3072658 1.2673940 1.4531923 1.2699994 1.8095370 2.4417848 1.5334899 1.5472813 1.4820041 1.2270699 1.7704300 1.5288119 1.8030130 1.8617243 1.8329006 1.5490992 1.5355222 1.8838491 1.5007262 1.1219441 1.5688046 2.4108245 1.4025327 1.8788414 2.4896668 4.6412666 
TrH2_TrispH2_001390-RA                                   1.8156924 1.6360303 1.6116453 1.6717652 1.6874955 0.9150337 1.0176356 1.0137835 1.0857811 1.0762108 1.0120235 1.1457165 1.0563880 1.0965170 0.9929173 0.6706477 1.2286956 1.2514430 1.0404358 1.0386498 1.1920998 1.2309876 1.1988090 1.7637996 0.9195858 1.2522939 1.1279741 1.0416825 1.1200659 1.0620364 1.4292298 1.0883721 1.2053994 1.6299612 1.2464913 1.5236183 1.3594913 1.3713631 1.1878867 1.3765305 1.3590017 1.2989475 0.2415389 0.2819788 0.2842764 0.2103927 0.0000000 0.0024994 1.2011841 1.2677064 1.4241617 1.3293872 1.5172303 1.3270314 1.9113016 2.5696651 1.6167737 1.5432117 1.5314434 1.2561961 1.8649747 1.6309655 1.7828920 1.8220975 1.8397428 1.6017781 1.5643618 2.0728757 1.6792287 1.2528048 1.5655410 2.5562785 1.4340120 1.8522497 2.4622473 5.0479054 
Tadh_TriadT27878                                         1.8203614 1.6445068 1.6200370 1.6804407 1.6961897 0.9303321 1.0233045 1.0194316 1.0881285 1.0823861 1.0134214 1.1526510 1.0620864 1.0944089 0.9984147 0.6706477 1.2353639 1.2582012 1.0501326 1.0421696 1.1993084 1.2376618 1.2054947 1.7637996 0.9159831 1.2590341 1.1340965 1.0474734 1.1260764 1.0701245 1.4407659 1.0943321 1.2120064 1.6299612 1.2389952 1.5236183 1.3613067 1.3786734 1.1805373 1.3707642 1.3532507 1.2934047 0.2382660 0.2785652 0.2808727 0.2071984 0.0024994 0.0000000 1.2030165 1.2651632 1.4316609 1.3296509 1.5254804 1.3286563 1.9139928 2.5696651 1.6189960 1.5452903 1.5323271 1.2572993 1.8679211 1.6331678 1.7947916 1.8260777 1.8435011 1.6048880 1.5664891 2.1015673 1.6890920 1.2528048 1.5778051 2.5595108 1.4251304 1.8559477 2.4788122 5.0464267 
