76
Chem_TCONS_00023126                                           0.0000000 0.0089955 3.5385337 0.0000010 3.1539621 3.1539621 3.3379947 3.3763085 0.0000010 0.0000010 4.7050145 0.0000010 3.3442878 3.3934974 2.8702657 0.0000010 0.0000010 0.0000010 3.5055465 4.3492827 2.3584163 4.5555556 8.9999988 2.7162421 0.0000010 2.3229623 3.6705473 0.0000010 1.9278462 1.7625763 3.5613443 2.0299576 1.8069529 1.7424884 2.1986992 6.2062738 0.0000010 6.3085886 0.0000010 2.4223193 1.6805642 1.7108468 0.0000010 1.5451390 1.6440140 0.0000010 2.8903732 3.0805421 2.6496393 3.4180186 3.1118801 2.9605102 6.5751106 1.9544324 3.6301943 2.8579620 0.0000010 2.8821737 9.0000000 3.8669506 3.6737530 3.6053042 1.5900164 1.7063137 4.4358452 0.0000010 4.8488601 3.3862659 3.2284216 3.6247330 3.6247330 3.4258830 8.1870440 3.1429453 2.8638448 4.3613757 
Chem_TCONS_00060265                                           0.0089955 0.0000000 0.3687799 0.0000010 3.1266456 3.7996454 3.8930446 3.8015197 5.5679202 5.0807175 4.2156825 4.5705386 3.8638435 3.4760856 3.3131717 1.8566294 1.8566294 9.0000000 3.8308297 4.2195486 3.6086930 4.6994318 8.9999988 7.4207716 0.0000010 2.4672581 2.5599962 3.0147191 2.5729593 2.3199797 2.3973589 2.3323968 1.8069529 2.0603452 2.1993697 3.4855370 2.7126447 3.6776649 0.0000010 2.5632797 1.8031039 1.8009934 2.2149118 1.7350096 1.7306030 3.9323748 3.0964909 2.6911686 2.4271222 3.3932788 3.3457086 3.4049001 6.5358767 1.9544324 3.1627401 4.0498925 0.0000010 2.5300255 5.4253695 2.8643215 4.0114982 3.2261452 1.6768653 1.4824042 4.7138771 0.0000010 4.6207127 3.2369096 2.8896134 3.3013104 3.3353819 2.8306282 2.9942070 3.2370376 3.4474697 3.3761637 
Chem_TCONS_00034034                                           3.5385337 0.3687799 0.0000000 0.0000010 6.1329459 5.2962309 5.3764976 5.0113929 4.0960109 4.0606367 4.3232635 4.2266834 4.2791566 3.7696867 4.0766138 0.0000010 0.0000010 9.0000000 3.9993663 3.9993663 3.8427124 4.9183129 0.0000010 8.9999982 0.0000010 2.7612443 2.6659686 2.3544006 4.1062977 3.1997150 2.5347043 3.9935098 3.9508728 2.6552578 2.7465055 2.9613572 2.2593716 3.0724275 0.0000010 2.4818940 2.8391950 2.7747877 2.0598618 2.5734284 2.6082545 3.5619666 3.0551581 2.8067402 2.4554563 2.9741201 2.9925307 3.0457445 4.7437293 0.1913544 2.5999306 3.8199444 3.2835013 2.2453562 3.9265608 2.9772180 4.5060774 3.5814000 2.5282970 1.7685430 5.8978786 1.4676107 5.1014178 3.6409191 3.1461523 3.4392308 3.4946568 3.1074905 3.1953978 3.3320990 7.3062494 3.3937631 
Mlei_ML4665.g5.i1                                             0.0000010 0.0000010 0.0000010 0.0000000 0.0000010 0.0000010 0.6315778 0.5508937 0.0000010 0.0000010 0.3942226 0.2039177 0.2039177 0.6971609 0.0000010 0.5713397 0.5666669 0.7915116 0.7915116 0.7915116 7.7059099 0.0000010 0.0000010 0.8223213 3.4843347 3.6160484 3.4543009 3.1975380 3.3266333 3.2965554 0.0000010 8.7116928 3.9455589 3.2890081 3.3367194 0.0000010 0.0000010 5.9297312 0.0000010 4.0697080 3.1755979 3.1904768 3.5836372 3.3547046 0.0000010 3.3639887 4.3850524 3.3430146 3.8298180 4.3809660 4.0995181 3.5335745 0.0000010 4.0207345 3.0822824 3.7539054 8.9999987 2.9362216 3.4361512 3.0193983 3.7448425 3.8201300 3.2954708 0.0000010 3.9496266 5.7627457 5.7885832 3.9707237 3.7126837 4.2148352 4.0626151 4.1725608 4.1489616 3.3241606 5.6116979 0.0000010 
Coeast_Cast_sb803178                                          3.1539621 3.1266456 6.1329459 0.0000010 0.0000000 0.0000010 0.0818476 0.4330278 1.1532750 1.8002937 0.8569995 0.6850688 0.5952451 0.5981894 0.6005352 1.3532182 1.3532182 0.0000010 0.7408868 1.0894020 0.4493739 1.3235517 3.9663550 3.1363497 0.0000010 2.8754904 2.3808399 2.3676361 3.3491706 3.1565600 2.6688366 2.4019217 1.6608436 3.2674227 2.7559164 6.3432774 0.0000010 4.0829338 3.0983093 3.8491289 3.7623238 3.4786695 5.2650913 4.0664155 2.8446257 3.3262322 3.4485993 3.5004149 3.7120525 3.4135801 3.2439078 2.8404648 4.0672182 5.6055525 3.4926290 4.2764619 4.6475593 2.9371177 2.7722881 3.1260146 4.4005136 3.2040696 3.3815132 3.3964273 6.1632806 6.3657358 6.1508058 3.8222642 3.7784204 3.7258191 3.7258191 3.8513742 2.9088838 3.5844850 0.9622579 4.7966991 
Coeast_Cast_sb803176                                          3.1539621 3.7996454 5.2962309 0.0000010 0.0000010 0.0000000 0.0382567 0.2984388 0.5225898 0.5893928 0.6264006 0.5370576 0.5517668 0.5613435 0.5425766 0.8628939 0.8628939 1.6076367 0.7235522 0.8927664 0.5872808 1.3235517 3.9663550 3.5307659 0.0000010 2.9196869 2.7508895 2.9973133 3.3135535 3.1576103 2.6277265 2.6886188 2.1141387 3.0976822 2.7908685 3.8535984 2.6391845 3.7589927 3.7085465 3.2454800 3.5833145 3.5655675 3.3061367 3.8961400 3.6162415 2.3892100 3.2170454 3.1325569 3.2408681 3.4927734 3.4194157 3.3285010 3.5387199 4.3702224 3.5904873 2.8706500 2.3142036 3.2979163 3.4427593 3.4930568 3.7446856 3.5805296 3.2595459 3.5556338 5.2666277 3.9239413 4.9526299 4.2796395 4.3591462 4.3692396 4.4442607 4.2824507 4.0505372 3.3793712 1.6306006 4.1264555 
Coemet_Cmet_scaffold11095_01                                  3.3379947 3.8930446 5.3764976 0.6315778 0.0818476 0.0382567 0.0000000 0.2615455 0.5618700 0.4580267 0.5188055 0.4146365 0.4439268 0.4615382 0.5018895 0.4185586 0.4185586 0.6605094 0.6435775 0.7525259 0.6843763 1.3734043 4.1167902 1.8945556 2.3286966 2.4679006 2.2850726 2.0578110 2.6223945 2.6389567 2.6573090 3.0061091 2.3769158 2.4852525 2.3603554 3.8409763 2.6391845 2.8263287 1.2769207 2.5756183 2.7619082 2.7563112 2.3743922 2.9534377 3.7210854 2.0489523 2.6301721 2.7070126 2.8444740 2.7086582 2.7475240 2.5303072 2.9850405 2.7081728 2.5365200 2.2955320 2.0927343 2.4740416 2.2235772 2.8603969 3.0388476 2.6448751 2.7530131 3.6677617 3.8174152 2.6849482 3.5965018 3.2836260 3.2841475 3.3884711 3.3751517 3.2471676 2.9879590 2.9121596 2.0631102 3.9801280 
Vmul_sbMO455557                                               3.3763085 3.8015197 5.0113929 0.5508937 0.4330278 0.2984388 0.2615455 0.0000000 0.5109042 0.4801181 0.5290018 0.4842612 0.4845587 0.5274014 0.5408599 0.4172272 0.4172272 0.6857376 0.6916832 0.7740820 0.7047911 1.2684483 2.9554049 2.0212198 2.7175258 2.5597992 2.3860643 2.3566351 2.8005400 2.7336586 2.6522413 2.8320600 2.6507904 2.5718293 2.5129710 3.9257062 2.7604080 2.9685496 1.2547187 2.6620372 2.7145040 2.7589642 2.4757332 2.9766322 3.5808795 2.2766994 2.7597074 2.8346032 2.9795040 2.8752719 2.9883134 2.7122560 3.0477205 2.8014355 2.7305281 2.4245257 2.1854903 2.5608409 2.3101799 2.9882048 2.9270287 2.8686990 2.9079833 3.2714878 3.6539635 2.7472635 3.6837126 3.5899813 3.5224497 3.5311307 3.5777432 3.4213731 3.2683375 2.8573250 2.5006940 4.0299232 
Vmul_sbMO482441                                               0.0000010 5.5679202 4.0960109 0.0000010 1.1532750 0.5225898 0.5618700 0.5109042 0.0000000 0.1373362 0.2781988 0.3444193 0.3671625 0.4349118 0.3030159 2.2363155 2.2363155 0.6467994 0.5514505 0.5514505 0.5182105 0.0000010 0.0000010 3.3272690 0.0000010 2.8683472 2.8114566 2.6626719 3.0311360 3.0278333 2.6916425 3.8254101 1.9144241 2.6580657 2.5598121 2.7391567 2.3388207 3.4484164 3.9318422 3.0604540 2.9603698 3.1782226 3.4119330 3.7996608 4.1565421 2.5059982 2.9632191 2.9802121 3.0825910 3.2778663 3.2880156 3.5659962 2.6226180 3.3337475 3.0978805 2.3036521 2.0966012 3.6956448 3.4132603 3.5679657 3.0918940 3.6343370 2.7369907 2.7053298 4.0131357 3.5455556 3.5674467 5.2127865 5.4994573 5.5009406 5.5955665 4.9231878 5.0260565 2.8514889 9.0000000 3.1516429 
Bolinf_Binf_sb1236895                                         0.0000010 5.0807175 4.0606367 0.0000010 1.8002937 0.5893928 0.4580267 0.4801181 0.1373362 0.0000000 0.2351208 0.2565885 0.2693255 0.3366292 0.2970205 0.1046828 0.1046828 2.3147022 0.5070100 0.5070100 0.5001706 0.0000010 0.0000010 3.1982816 3.0101550 2.1982815 2.2752363 1.9805282 2.4761351 2.6109824 2.5893683 3.8234543 1.7767164 2.3627178 2.2147381 2.8032851 2.2749996 2.6029861 1.6521932 2.2128701 2.3231534 2.3667440 2.3241575 2.5891820 3.8588570 1.7820574 2.4361809 2.4416475 2.5017777 2.7585134 2.7816109 2.6285045 2.4207620 2.5348823 2.4079736 2.1212019 1.8830397 2.7297936 2.3165238 2.5786380 2.4945267 2.6118152 2.4135441 2.8968327 3.6075721 2.9081987 2.7907149 3.8381900 3.8451417 3.9619351 3.9961139 3.7619997 3.8127392 2.3476017 6.7523729 3.3443005 
Beraby_Baby_sb341021                                          4.7050145 4.2156825 4.3232635 0.3942226 0.8569995 0.6264006 0.5188055 0.5290018 0.2781988 0.2351208 0.0000000 0.2870201 0.3395322 0.4762234 0.3990621 0.3646215 0.3848820 0.6816241 0.5963483 0.5960996 0.5800477 1.2800962 3.5923006 1.8553784 2.2393166 2.3022312 2.1668441 2.0339749 2.3882478 2.4283323 2.4030609 3.0447319 2.3067696 2.2282689 2.3682463 3.2558458 2.1443882 2.8289221 1.3876984 2.4665789 2.5050993 2.5704634 2.3533299 2.8143136 3.7009025 2.1176129 2.5047362 2.6204875 2.7404962 2.6329157 2.8030474 2.5663533 2.4947740 2.5215056 2.3489571 2.4096643 1.9646113 2.6086760 2.0942331 2.6411995 2.7895009 2.5668996 2.6737021 3.0765225 3.1490505 2.5224063 2.9298698 3.6259665 3.5698243 3.7176972 3.7551197 3.5817715 3.5559539 2.5970022 4.1741998 4.3205983 
Bolinf_Binf_sb1300291                                         0.0000010 4.5705386 4.2266834 0.2039177 0.6850688 0.5370576 0.4146365 0.4842612 0.3444193 0.2565885 0.2870201 0.0000000 0.0058408 0.3246395 0.2825198 0.3003931 0.3003931 0.6177022 0.5526624 0.5526624 0.6374668 0.0000010 0.0000010 1.8261912 2.5493768 2.3106617 2.3001503 2.0381110 2.3616205 2.4636847 2.4663176 2.9896660 2.5552117 2.2900410 2.2902353 2.9052309 2.2636727 2.6511854 1.3657367 2.4950388 2.5235114 2.5874109 2.4091815 2.5811166 3.3787619 2.0456667 2.4386048 2.5213257 2.5874998 2.5710364 2.6840152 2.4573062 2.6405852 2.6172505 2.3047345 2.3474824 2.0511486 2.5389268 2.0712513 2.6686779 2.6340837 2.5242219 2.5308960 3.1098205 3.2827971 2.7210650 2.8904647 3.3717949 3.3738860 3.4616928 3.3932470 3.2954950 3.3186969 2.5658154 4.4292162 3.4372788 
Mertsp_Mesp_sb565561                                          3.3442878 3.8638435 4.2791566 0.2039177 0.5952451 0.5517668 0.4439268 0.4845587 0.3671625 0.2693255 0.3395322 0.0058408 0.0000000 0.3409879 0.3361746 0.3003931 0.3003931 0.6177022 0.5782210 0.6435493 0.6283796 1.0661980 2.4469697 1.8635770 2.5493768 2.3351929 2.2708127 2.0381110 2.4647992 2.4781225 2.4860528 2.6560444 2.4971001 2.3885803 2.3684059 3.8387815 2.2636727 2.9805922 1.3657367 2.6774108 2.7534196 2.7951056 2.4079564 2.8636974 3.3397755 2.0864057 2.7285436 2.6390199 2.6987376 2.7599729 2.8373627 2.5975620 2.7370421 2.6357408 2.5816506 2.3201067 2.0511486 2.6891544 2.1175205 2.8541344 3.0230968 2.7706782 2.6757397 2.9501283 3.4978151 2.7210650 3.4579644 3.5168625 3.5184176 3.6415990 3.5806198 3.6013834 3.4407893 2.7306946 2.1402135 3.6173755 
Lampan_Lpan_C415691_01                                        3.3934974 3.4760856 3.7696867 0.6971609 0.5981894 0.5613435 0.4615382 0.5274014 0.4349118 0.3366292 0.4762234 0.3246395 0.3409879 0.0000000 0.4492311 0.5127091 0.4929092 0.8022184 0.6133375 0.6970527 0.6270622 1.0556526 2.9139910 1.8773783 2.4586173 2.3342425 2.1866854 2.0959733 2.4578362 2.4426149 2.3658321 2.6306484 2.4608956 2.3770873 2.4508091 4.0850082 2.6864660 3.0449621 1.4141997 2.6796270 2.6390934 2.6486335 2.4191637 2.8420010 3.2894366 2.1284920 2.7070430 2.5933542 2.7731449 2.6758483 2.7195461 2.5514603 2.6764173 2.7233530 2.5844504 2.3198832 2.0507729 2.6123545 2.1933120 2.8084632 2.9257715 2.6579961 2.6146076 3.0495539 3.5432931 2.9034366 3.3908814 3.3548436 3.3894650 3.4987240 3.4439852 3.2598899 3.0818462 2.8550659 2.0863032 4.0805824 
Drygla_Dgla_sb278223                                          2.8702657 3.3131717 4.0766138 0.0000010 0.6005352 0.5425766 0.5018895 0.5408599 0.3030159 0.2970205 0.3990621 0.2825198 0.3361746 0.4492311 0.0000000 0.3533466 0.3533466 2.0542680 0.5894697 0.6863888 0.5186048 1.0146392 2.7737419 3.0093455 0.0000010 2.5429295 2.1708904 2.0129701 2.6395648 2.4932062 2.4388048 2.7645704 1.7635167 2.3735394 2.4811135 3.6004035 2.0704811 3.1974343 2.2558075 2.5617884 2.9222204 2.9764326 2.7049873 3.0838211 3.2277573 2.0316844 2.9010131 2.8493821 2.7952448 3.0648414 3.0296322 2.9562422 2.8044619 2.6382391 2.7876944 2.5504718 1.9766677 2.7449145 2.4785731 2.9597172 2.8865492 2.9014078 2.6859089 2.8390427 4.4531143 3.0022655 3.6036343 3.5568861 3.6979471 3.6997400 3.7211424 3.6852826 3.6503153 2.8680055 1.3132562 3.9644405 
Drygla_Dgla_sb275611                                          0.0000010 1.8566294 0.0000010 0.5713397 1.3532182 0.8628939 0.4185586 0.4172272 2.2363155 0.1046828 0.3646215 0.3003931 0.3003931 0.5127091 0.3533466 0.0000000 0.0286221 0.6447145 0.5533117 0.5533117 0.7954736 0.0000010 0.0000010 1.0077533 2.7472262 2.3444128 2.3166050 2.2440244 2.3442749 2.4695255 2.0450596 4.8956765 3.6049056 2.0690980 2.2425976 2.6663261 0.0000010 2.1891507 1.0117445 2.1769998 2.4134236 2.4139857 2.4441715 2.4346281 1.6407742 2.2920089 2.2484014 2.1760339 2.5972113 1.8533283 2.3776494 2.0376852 0.0000010 2.8502449 1.7280421 2.2221584 1.8796941 1.8356895 1.5634961 2.4818120 2.9430740 1.9811484 2.5282116 2.5524396 2.2396352 2.4668475 2.0990968 2.5954610 2.6130919 2.7202856 2.5895010 2.6532966 2.6455185 2.4111052 4.1010159 2.6663261 
Drygla_Dgla_sb275612                                          0.0000010 1.8566294 0.0000010 0.5666669 1.3532182 0.8628939 0.4185586 0.4172272 2.2363155 0.1046828 0.3848820 0.3003931 0.3003931 0.4929092 0.3533466 0.0286221 0.0000000 0.7049202 0.5908371 0.5908371 0.7954736 0.0000010 0.0000010 1.0884573 2.9579051 2.4592274 2.4299275 2.3642586 2.4691310 2.5928903 2.0450596 4.8956765 3.6049056 2.1417835 2.3279657 2.6663261 0.0000010 2.1931722 1.0117445 2.2880391 2.5573259 2.5577068 2.4441715 2.5428085 1.6407742 2.4118231 2.3079861 2.2706809 2.7337653 1.8533283 2.4146377 2.0549348 0.0000010 2.9109778 1.7951144 2.2182082 1.8585692 1.8950126 1.6172393 2.4962375 3.0362324 2.0727687 2.6033799 2.5524396 2.4038885 2.4668475 2.2024105 2.6821755 2.6130919 2.8248162 2.6850358 2.7484720 2.7400122 2.5477564 4.1010159 2.6663261 
Pbac_sb2657153                                                0.0000010 9.0000000 9.0000000 0.7915116 0.0000010 1.6076367 0.6605094 0.6857376 0.6467994 2.3147022 0.6816241 0.6177022 0.6177022 0.8022184 2.0542680 0.6447145 0.7049202 0.0000000 0.0777269 0.0777269 2.1751542 0.0000010 0.0000010 0.1548572 2.5728525 2.8338688 2.7077320 2.5508887 2.7073760 2.6767155 0.0000010 6.9865772 4.4369392 2.2658445 2.4482341 9.0000000 0.0000010 2.8644808 1.3346397 2.8353802 2.9074901 2.8117222 3.0359964 2.7515054 9.0000000 2.8667338 2.5178592 2.8476875 2.9977468 2.5117276 2.7149997 2.3143959 7.0269143 2.7491111 2.0622924 2.8048573 2.9501678 1.7842526 1.9672147 3.0417096 2.7492234 2.3324219 2.7904928 0.7898299 2.3413668 2.9198504 2.8208819 2.5648024 2.7280965 2.5997936 2.5248630 2.5808523 2.5736200 2.7508607 3.9386639 9.0000000 
Horcal_Hcv1.av93.c9.g75.i1                                    3.5055465 3.8308297 3.9993663 0.7915116 0.7408868 0.7235522 0.6435775 0.6916832 0.5514505 0.5070100 0.5963483 0.5526624 0.5782210 0.6133375 0.5894697 0.5533117 0.5908371 0.0777269 0.0000000 0.0373585 0.0723124 0.2340759 3.8138965 1.0413204 2.6334839 2.6020539 2.3095825 2.1989564 2.7602205 2.6937287 2.7295745 3.0276433 2.7048584 2.3826869 2.5478229 4.1098666 2.5295198 3.0158076 1.5694431 2.7220172 2.5433263 2.5712256 2.4934173 2.8338186 3.3164181 2.3631946 2.6822059 2.7837731 2.8900870 2.8859099 2.9112118 2.6979911 2.9614375 2.7004306 2.5746212 2.5238513 2.1685853 2.5768661 2.2749431 2.9580560 3.0147386 2.7337102 2.7291395 3.2670734 3.5471557 2.9697617 3.2754300 3.2873964 3.3296697 3.2689677 3.2474171 3.1239340 3.0993939 2.7939652 2.5980807 4.6185728 
Horcal_Hcv1.av93.c9.g75.i2                                    4.3492827 4.2195486 3.9993663 0.7915116 1.0894020 0.8927664 0.7525259 0.7740820 0.5514505 0.5070100 0.5960996 0.5526624 0.6435493 0.6970527 0.6863888 0.5533117 0.5908371 0.0777269 0.0373585 0.0000000 0.0723124 0.0512157 0.1905044 1.0413204 2.6334839 2.6863312 2.3095825 2.1989564 2.8624543 2.7860480 2.7295745 3.0096168 2.7048584 2.4898104 2.6773347 4.1098666 2.5295198 3.1304121 1.5694431 2.8968457 2.6102604 2.6808082 2.4934173 2.9436509 3.3164181 2.3631946 2.8410335 2.9311464 2.9903246 2.8859099 2.9112118 2.6979911 2.9614375 2.7004306 2.7746552 2.5238513 2.1685853 2.6838850 2.2749431 3.1463446 3.2724827 2.8000760 2.9542711 3.7175990 3.6066681 2.9697617 3.5460295 3.4524188 3.5242775 3.4114561 3.3898731 3.3338570 3.1283838 2.8716414 2.8251244 5.1644298 
Pbac_sb2657151                                                2.3584163 3.6086930 3.8427124 7.7059099 0.4493739 0.5872808 0.6843763 0.7047911 0.5182105 0.5001706 0.5800477 0.6374668 0.6283796 0.6270622 0.5186048 0.7954736 0.7954736 2.1751542 0.0723124 0.0723124 0.0000000 0.0000010 1.4194412 2.7299433 3.3722171 2.3716175 2.2892566 2.2451540 2.5879280 2.5403954 2.7324848 3.1209555 2.1942586 2.4989364 2.6707736 3.3761571 2.4269483 3.1102710 1.7932631 2.7530132 2.4342977 2.5095812 2.4964042 2.7440422 3.3301779 2.3569173 2.7364936 2.6222463 2.7703821 3.1694157 3.1386646 2.8657086 2.8265373 2.7702893 2.7070172 2.5191196 2.1912140 2.8803772 2.7856920 2.8215909 2.8294766 2.9428856 2.7543696 2.9603594 3.9956225 3.3235519 3.3063610 3.7741130 3.7588222 3.7173420 3.6900670 3.4803495 3.5259400 2.5008458 6.7285101 4.0545350 
Pbac_sb2663829                                                4.5555556 4.6994318 4.9183129 0.0000010 1.3235517 1.3235517 1.3734043 1.2684483 0.0000010 0.0000010 1.2800962 0.0000010 1.0661980 1.0556526 1.0146392 0.0000010 0.0000010 0.0000010 0.2340759 0.0512157 0.0000010 0.0000000 0.0576987 1.8027405 0.0000010 4.0102978 0.3622368 0.0000010 4.1361448 3.7276410 2.7687797 2.7298019 0.3828455 3.6585916 3.9804332 9.0000000 0.0000010 7.8354678 0.0000010 4.9229459 3.3008086 3.4527044 0.0000010 4.5840296 3.1866608 0.0000010 4.1743828 5.4038704 4.5658202 5.4351951 4.1373361 4.7616428 4.4153998 8.3830522 5.6445418 4.5019011 0.0000010 4.2421756 0.0000010 5.2718972 8.0760869 4.1206561 4.4416588 4.4146666 6.2663771 0.0000010 7.0167089 5.3881711 5.7786807 5.6068549 5.6068549 6.3274400 8.9260124 5.9084152 1.4391711 7.2103964 
Pbac_sb2659168                                                8.9999988 8.9999988 0.0000010 0.0000010 3.9663550 3.9663550 4.1167902 2.9554049 0.0000010 0.0000010 3.5923006 0.0000010 2.4469697 2.9139910 2.7737419 0.0000010 0.0000010 0.0000010 3.8138965 0.1905044 1.4194412 0.0576987 0.0000000 0.0000010 0.0000010 6.5804102 0.0000010 0.0000010 7.3841358 6.8898252 0.0000010 6.6770807 0.0000010 8.9999986 8.9999990 0.0000010 0.0000010 9.0000000 0.0000010 7.3635432 5.0089918 5.8205749 0.0000010 8.9999989 0.0000010 0.0000010 5.1551045 5.9778970 5.9107614 0.0000010 9.0000000 0.0000010 0.0000010 0.0000010 8.2628152 0.0000010 0.0000010 6.8614185 0.0000010 8.9999989 8.9999980 8.9999985 8.9999989 8.9999988 4.9978490 0.0000010 8.9999981 7.6584874 8.9999980 7.3497513 7.3497513 8.9999986 9.0000000 6.1750977 3.4140730 9.0000000 
Pbac_sb2656397                                                2.7162421 7.4207716 8.9999982 0.8223213 3.1363497 3.5307659 1.8945556 2.0212198 3.3272690 3.1982816 1.8553784 1.8261912 1.8635770 1.8773783 3.0093455 1.0077533 1.0884573 0.1548572 1.0413204 1.0413204 2.7299433 1.8027405 0.0000010 0.0000000 3.1270666 4.6988760 4.7386368 3.8649272 5.4721151 5.0702679 8.9999987 8.1830104 4.5750568 4.4725254 4.6088728 8.9999980 9.0000000 5.8801730 3.0965259 5.0007605 4.5767749 4.5092398 5.0254936 4.9101441 8.9999990 3.6654211 5.7124932 5.0234234 5.1392513 6.1191451 5.2111638 5.1092438 8.9999983 4.9702166 4.3893419 4.9141404 6.3063132 4.4060849 3.9269651 4.3592723 4.6781038 5.0999098 4.9247131 5.3286956 5.2952210 6.1177452 6.1358894 5.5736262 6.0683491 5.7364193 5.5480797 4.9582713 4.9839784 4.0103011 7.6989456 7.1125896 
Fspp_ffun1.m4.11729.m1                                        0.0000010 0.0000010 0.0000010 3.4843347 0.0000010 0.0000010 2.3286966 2.7175258 0.0000010 3.0101550 2.2393166 2.5493768 2.5493768 2.4586173 0.0000010 2.7472262 2.9579051 2.5728525 2.6334839 2.6334839 3.3722171 0.0000010 0.0000010 3.1270666 0.0000000 0.1157805 0.1392600 0.1724847 0.3440020 0.2483292 0.0000010 2.8258996 1.1168025 0.6664914 0.8496054 0.0000010 0.0000010 2.4940470 1.3960677 1.2440586 1.4296496 1.5237965 1.2788553 1.5535461 0.0000010 1.5049550 1.1133331 1.2653785 1.5661048 2.6976492 2.4950302 1.9886022 0.0000010 1.3587152 2.0583711 2.0337723 2.7973615 1.8494924 2.2896511 1.7548769 1.6015303 1.6198325 1.3336522 0.0000010 2.1693621 2.0955333 2.1390313 1.7667656 1.8802585 1.8405134 1.8136891 1.6414620 1.6033785 2.1720224 3.5716922 0.0000010 
Spis_XP_022783094_1                                           2.3229623 2.4672581 2.7612443 3.6160484 2.8754904 2.9196869 2.4679006 2.5597992 2.8683472 2.1982815 2.3022312 2.3106617 2.3351929 2.3342425 2.5429295 2.3444128 2.4592274 2.8338688 2.6020539 2.6863312 2.3716175 4.0102978 6.5804102 4.6988760 0.1157805 0.0000000 0.0550344 0.1897249 0.4090357 0.3609945 0.1990067 0.5908153 0.6327610 0.7973897 0.8742069 1.7303938 1.2343038 1.8723542 1.2720220 1.2915233 1.6844079 1.6677670 1.1253171 1.6474524 1.8627084 1.3398911 1.2402647 1.3651438 1.5410995 2.0769296 2.1875811 1.9473836 1.7796526 1.3293951 1.8556870 1.8785166 1.7350780 1.6994640 2.0710243 1.9987922 2.1766599 1.6952649 1.8809448 2.7473576 2.8663084 2.1772468 2.7566061 2.0100551 2.0985355 2.0710840 2.0441325 2.0876695 1.8437217 2.2573725 3.0261576 2.3468718 
Pocdam_XM_027198323.1                                         3.6705473 2.5599962 2.6659686 3.4543009 2.3808399 2.7508895 2.2850726 2.3860643 2.8114566 2.2752363 2.1668441 2.3001503 2.2708127 2.1866854 2.1708904 2.3166050 2.4299275 2.7077320 2.3095825 2.3095825 2.2892566 0.3622368 0.0000010 4.7386368 0.1392600 0.0550344 0.0000000 0.1807917 0.3728658 0.3268892 0.1963133 0.5756918 0.6128781 0.7101925 0.7811427 1.4373408 1.1931774 1.6729232 1.2826558 1.1433678 1.4539347 1.4359243 1.0931388 1.4091314 1.6318619 1.3098005 1.0194270 1.2037781 1.3578230 1.8894956 2.0125309 1.8281015 1.6134216 1.3641875 1.6537329 1.7359460 1.6851711 1.5757508 2.0256658 1.6539212 1.8928044 1.5321548 1.6544975 2.7041785 2.4992155 2.1908071 2.3234173 1.8376737 1.9168843 1.9101451 1.8844145 1.8252409 1.8037089 1.9795025 3.4496004 1.5487051 
Gfas_gfas1.m1.23348.m1                                        0.0000010 3.0147191 2.3544006 3.1975380 2.3676361 2.9973133 2.0578110 2.3566351 2.6626719 1.9805282 2.0339749 2.0381110 2.0381110 2.0959733 2.0129701 2.2440244 2.3642586 2.5508887 2.1989564 2.1989564 2.2451540 0.0000010 0.0000010 3.8649272 0.1724847 0.1897249 0.1807917 0.0000000 0.2872619 0.2404951 0.2023128 2.3448802 0.5828415 0.6822108 0.7914787 1.2257981 1.1484752 1.8219071 1.1429414 1.0720523 1.3116439 1.3211817 0.9938432 1.1554966 1.4080561 1.1847007 1.0143155 1.1794801 1.3321898 1.7540542 1.9482847 1.6214118 1.1235448 1.3179285 1.6644688 1.5865025 1.7152793 1.5598867 2.0328367 1.6318257 1.3830026 1.5412307 1.3789038 2.6920039 2.4825419 2.3561955 2.1630323 1.7020434 1.7519602 1.7662191 1.7623997 1.7388442 1.7071431 1.7909100 3.0750679 0.0000010 
Adig_XM_015893957.1                                           1.9278462 2.5729593 4.1062977 3.3266333 3.3491706 3.3135535 2.6223945 2.8005400 3.0311360 2.4761351 2.3882478 2.3616205 2.4647992 2.4578362 2.6395648 2.3442749 2.4691310 2.7073760 2.7602205 2.8624543 2.5879280 4.1361448 7.3841358 5.4721151 0.3440020 0.4090357 0.3728658 0.2872619 0.0000000 0.0572305 0.4175715 0.4313090 0.2961356 0.9353473 1.0115694 1.9563503 1.1417985 1.9997929 1.2100959 1.4356746 1.7673235 1.8176576 1.2840662 1.6559776 2.2262397 1.3837295 1.3179438 1.5182501 1.7209403 2.1939208 2.2954559 1.9989040 1.7341754 1.5064826 1.7644315 1.9148458 1.6433070 1.8032001 2.0208254 2.0815922 2.2949033 1.8154286 1.8291213 2.6746153 3.1607894 2.1384182 2.8014485 2.2992424 2.3601292 2.3761019 2.3678156 2.3474630 2.1023857 2.5405199 3.1910822 2.9547168 
Amil_Amillepora25395-RA                                       1.7625763 2.3199797 3.1997150 3.2965554 3.1565600 3.1576103 2.6389567 2.7336586 3.0278333 2.6109824 2.4283323 2.4636847 2.4781225 2.4426149 2.4932062 2.4695255 2.5928903 2.6767155 2.6937287 2.7860480 2.5403954 3.7276410 6.8898252 5.0702679 0.2483292 0.3609945 0.3268892 0.2404951 0.0572305 0.0000000 0.3527972 0.3959679 0.4025873 0.8320248 0.9171310 1.7290435 1.2385167 1.9917718 1.3970505 1.3885438 1.6218382 1.6812758 1.1619809 1.5362028 1.9135339 1.3951700 1.3554946 1.4372748 1.6257961 2.0199885 2.1447323 1.9283887 2.1520416 1.4428596 1.8229391 1.9327359 1.8895997 1.7858407 2.1725453 2.0380342 2.2199287 1.7565435 1.7335708 2.4609824 3.1948022 2.4096561 2.9051661 2.2289495 2.3274974 2.3641260 2.3461181 2.3843304 2.1330361 2.3838616 3.2544678 2.3877276 
Fspp_ffun1.m4.11730.m1                                        3.5613443 2.3973589 2.5347043 0.0000010 2.6688366 2.6277265 2.6573090 2.6522413 2.6916425 2.5893683 2.4030609 2.4663176 2.4860528 2.3658321 2.4388048 2.0450596 2.0450596 0.0000010 2.7295745 2.7295745 2.7324848 2.7687797 0.0000010 8.9999987 0.0000010 0.1990067 0.1963133 0.2023128 0.4175715 0.3527972 0.0000000 0.2249684 0.5282126 0.7834161 0.7104261 1.4485967 1.2089424 1.4202662 0.0000010 1.1796243 1.9525145 1.8532465 1.4008764 1.8732725 1.7548153 2.3972010 1.0735860 1.2259616 1.2880123 1.7311921 1.7645742 1.8202739 2.2033961 2.1162078 1.5241930 2.1392976 1.6625362 1.5750291 2.0848127 1.8740620 3.0483636 1.6663168 2.1008368 2.5433075 3.1559194 2.4078674 2.8938292 2.3169344 2.3350822 2.3369427 2.3755253 2.5105626 2.4937199 2.3825269 3.1410250 1.5494609 
Gfas_gfas1.m1.23345.m1                                        2.0299576 2.3323968 3.9935098 8.7116928 2.4019217 2.6886188 3.0061091 2.8320600 3.8254101 3.8234543 3.0447319 2.9896660 2.6560444 2.6306484 2.7645704 4.8956765 4.8956765 6.9865772 3.0276433 3.0096168 3.1209555 2.7298019 6.6770807 8.1830104 2.8258996 0.5908153 0.5756918 2.3448802 0.4313090 0.3959679 0.2249684 0.0000000 2.2063839 1.3716150 1.0913268 2.0884250 0.0000010 2.0922763 0.0000010 1.6304515 2.4626761 2.5057392 9.0000000 2.5141600 1.9878957 4.0956979 1.4278042 1.7359179 1.7599883 2.4915857 2.7348452 2.3763088 3.5389658 4.2378302 1.6909672 3.1564992 6.4395571 1.6771451 2.5187915 2.1228706 3.5211417 1.6475620 2.2581818 1.8649088 4.0522190 0.0000010 4.2257528 2.6237849 2.6417985 2.5223569 2.5270658 2.3134970 2.3355531 3.6642284 2.0172683 1.7866882 
Adig_XM_015920117.1                                           1.8069529 1.8069529 3.9508728 3.9455589 1.6608436 2.1141387 2.3769158 2.6507904 1.9144241 1.7767164 2.3067696 2.5552117 2.4971001 2.4608956 1.7635167 3.6049056 3.6049056 4.4369392 2.7048584 2.7048584 2.1942586 0.3828455 0.0000010 4.5750568 1.1168025 0.6327610 0.6128781 0.5828415 0.2961356 0.4025873 0.5282126 2.2063839 0.0000000 1.1797989 1.1363071 1.2399430 1.0948971 1.9916651 1.6729148 1.2979534 1.6271475 1.7493871 1.3835435 1.4545183 1.8725429 1.4513191 1.2218418 1.5210317 1.6638148 2.3563648 2.3210408 1.9102194 1.3590274 1.7707614 1.8128931 1.9933021 2.1063147 1.9438130 2.4225113 1.8872133 1.6457898 2.0264650 1.8304506 3.1224273 3.6174537 2.9193827 2.6891728 2.3181737 2.3271203 2.4266691 2.4253591 2.4021163 2.3560612 2.0115990 4.5734081 2.4544642 
Exapal_XM_021039113.2                                         1.7424884 2.0603452 2.6552578 3.2890081 3.2674227 3.0976822 2.4852525 2.5718293 2.6580657 2.3627178 2.2282689 2.2900410 2.3885803 2.3770873 2.3735394 2.0690980 2.1417835 2.2658445 2.3826869 2.4898104 2.4989364 3.6585916 8.9999986 4.4725254 0.6664914 0.7973897 0.7101925 0.6822108 0.9353473 0.8320248 0.7834161 1.3716150 1.1797989 0.0000000 0.5955485 1.8163674 1.5362703 1.7221622 1.0789470 1.3082363 1.5682173 1.5679674 1.1743870 1.5343860 1.6926866 1.3387757 1.2690523 1.1659236 1.2441527 1.7226717 1.8884535 1.7851295 1.6466866 1.2758736 1.6518630 1.7570044 1.6165883 1.7272389 1.8659950 1.9763120 1.9260596 1.6782540 1.5301663 2.1872788 2.3700947 1.7319656 2.2328682 2.0655478 2.0946010 2.1015556 2.1265516 2.1467518 2.0235854 1.9805877 3.6348722 2.1616034 
Nvec_v1g242105                                                2.1986992 2.1993697 2.7465055 3.3367194 2.7559164 2.7908685 2.3603554 2.5129710 2.5598121 2.2147381 2.3682463 2.2902353 2.3684059 2.4508091 2.4811135 2.2425976 2.3279657 2.4482341 2.5478229 2.6773347 2.6707736 3.9804332 8.9999990 4.6088728 0.8496054 0.8742069 0.7811427 0.7914787 1.0115694 0.9171310 0.7104261 1.0913268 1.1363071 0.5955485 0.0000000 1.7572542 1.3523573 1.6868440 1.1213163 1.4133301 1.6215524 1.6390273 1.2297428 1.7027390 2.1062874 1.4749130 1.4013388 1.2901827 1.3970778 1.9140471 2.0468559 1.8295976 1.6811631 1.5706725 1.7111137 1.8739267 1.8239578 1.7058465 2.0019304 2.0137334 1.9995654 1.6882411 1.6056419 2.5522760 2.9132305 1.8192714 2.5970835 2.0954524 2.1726228 2.1499871 2.1801077 2.0246483 1.9196586 2.3363510 3.2487720 2.1567295 
Stycar_maker-SC_scaffold124186-snap-gene-0.20-mRNA-1          6.2062738 3.4855370 2.9613572 0.0000010 6.3432774 3.8535984 3.8409763 3.9257062 2.7391567 2.8032851 3.2558458 2.9052309 3.8387815 4.0850082 3.6004035 2.6663261 2.6663261 9.0000000 4.1098666 4.1098666 3.3761571 9.0000000 0.0000010 8.9999980 0.0000010 1.7303938 1.4373408 1.2257981 1.9563503 1.7290435 1.4485967 2.0884250 1.2399430 1.8163674 1.7572542 0.0000000 0.0337207 0.6836292 0.0000010 1.8829525 2.7664349 2.8228692 1.8502191 2.9032390 3.0374076 1.6861177 1.6642714 2.0406475 2.1545156 1.4977571 1.5500167 1.5877714 1.8263883 2.2958604 2.0810061 2.3000982 1.4722202 2.2894463 1.8537659 2.4070813 3.9082517 1.9942476 2.8408576 3.3951233 3.2291725 2.1837982 3.0232812 2.8361627 2.8796074 2.9384636 2.8916028 2.8545986 2.7800512 2.4553537 5.0774964 0.1536942 
Stycar_snap_masked-SC_scaffold61239-processed-gene-0.2-mRNA-1 0.0000010 2.7126447 2.2593716 0.0000010 0.0000010 2.6391845 2.6391845 2.7604080 2.3388207 2.2749996 2.1443882 2.2636727 2.2636727 2.6864660 2.0704811 0.0000010 0.0000010 0.0000010 2.5295198 2.5295198 2.4269483 0.0000010 0.0000010 9.0000000 0.0000010 1.2343038 1.1931774 1.1484752 1.1417985 1.2385167 1.2089424 0.0000010 1.0948971 1.5362703 1.3523573 0.0337207 0.0000000 0.5100283 0.0000010 1.2552658 1.9262574 1.9619690 1.8044434 1.8451296 1.4612813 1.1123260 0.9922575 1.7629381 1.8036820 1.2847275 1.3388169 1.2066353 1.1292310 2.1988566 1.5244124 1.3989502 1.4874806 2.2570215 1.5615832 2.4880669 2.3758532 2.0042482 2.1587320 2.3169565 3.1498344 2.0232007 2.3358138 3.1159423 3.2065184 3.1827056 3.1756535 3.2838328 3.2338502 1.9339760 4.2486336 0.0000010 
Tetwil_g6213.t1                                               6.3085886 3.6776649 3.0724275 5.9297312 4.0829338 3.7589927 2.8263287 2.9685496 3.4484164 2.6029861 2.8289221 2.6511854 2.9805922 3.0449621 3.1974343 2.1891507 2.1931722 2.8644808 3.0158076 3.1304121 3.1102710 7.8354678 9.0000000 5.8801730 2.4940470 1.8723542 1.6729232 1.8219071 1.9997929 1.9917718 1.4202662 2.0922763 1.9916651 1.7221622 1.6868440 0.6836292 0.5100283 0.0000000 0.3785360 1.7045909 2.2824236 2.2106594 1.6361515 2.3403075 2.9822947 1.8322604 1.6869788 2.0052259 2.0499528 1.6050715 1.7360489 1.4784293 1.7332960 2.0125373 1.9342174 2.2291104 2.1034878 2.1666681 1.7160454 2.4577040 2.8265800 2.1168107 2.3797322 2.8570275 2.5456272 2.0396673 2.5321819 2.4264182 2.4614495 2.5267787 2.4747840 2.3507531 2.1863505 2.4358655 3.2250433 0.8165535 
Stycar_maker-SC_scaffold3789-snap-gene-0.3-mRNA-1             0.0000010 0.0000010 0.0000010 0.0000010 3.0983093 3.7085465 1.2769207 1.2547187 3.9318422 1.6521932 1.3876984 1.3657367 1.3657367 1.4141997 2.2558075 1.0117445 1.0117445 1.3346397 1.5694431 1.5694431 1.7932631 0.0000010 0.0000010 3.0965259 1.3960677 1.2720220 1.2826558 1.1429414 1.2100959 1.3970505 0.0000010 0.0000010 1.6729148 1.0789470 1.1213163 0.0000010 0.0000010 0.3785360 0.0000000 0.9832618 0.9252446 0.9490109 0.9144072 0.9144072 3.1037887 1.0671532 0.9911369 1.2110091 1.1497003 1.3464418 1.3591284 0.9501681 1.0892002 1.1216067 1.2371944 1.2305833 1.2305833 1.2701599 1.1245973 1.3317673 1.4250774 1.3104744 1.3753319 1.3057478 1.7778044 1.7139315 1.4788776 1.7230567 1.7280191 1.6159060 1.5883482 1.0865195 1.0865195 1.6931718 2.8155158 0.0000010 
Spur_XM_030996252.1                                           2.4223193 2.5632797 2.4818940 4.0697080 3.8491289 3.2454800 2.5756183 2.6620372 3.0604540 2.2128701 2.4665789 2.4950388 2.6774108 2.6796270 2.5617884 2.1769998 2.2880391 2.8353802 2.7220172 2.8968457 2.7530132 4.9229459 7.3635432 5.0007605 1.2440586 1.2915233 1.1433678 1.0720523 1.4356746 1.3885438 1.1796243 1.6304515 1.2979534 1.3082363 1.4133301 1.8829525 1.2552658 1.7045909 0.9832618 0.0000000 1.7975576 1.8055086 1.2774977 1.7303818 1.9868493 1.4234094 0.9648436 1.6355697 1.6827484 1.7521817 1.9496375 1.7698679 1.5836780 1.3711871 1.6261617 1.7544015 1.8478039 1.6227009 1.6313512 1.7232428 2.1239716 1.5686586 1.7574059 2.5786944 2.7954695 2.1080230 2.5257113 2.1953985 2.2505701 2.2224983 2.1916971 2.0234605 1.8646927 2.0834962 2.9558442 2.7290929 
Nemnom_g3786.t1                                               1.6805642 1.8031039 2.8391950 3.1755979 3.7623238 3.5833145 2.7619082 2.7145040 2.9603698 2.3231534 2.5050993 2.5235114 2.7534196 2.6390934 2.9222204 2.4134236 2.5573259 2.9074901 2.5433263 2.6102604 2.4342977 3.3008086 5.0089918 4.5767749 1.4296496 1.6844079 1.4539347 1.3116439 1.7673235 1.6218382 1.9525145 2.4626761 1.6271475 1.5682173 1.6215524 2.7664349 1.9262574 2.2824236 0.9252446 1.7975576 0.0000000 0.1384863 0.3616678 0.4324823 0.6650562 0.7066394 1.9010709 1.9372270 2.0859103 2.3257264 2.4946629 2.3517906 2.3542253 1.2797938 2.3139933 2.1029605 1.9876745 2.1236870 2.0458640 2.4143565 2.2052875 2.4185027 1.4219862 2.2478271 3.3777531 2.2505800 3.0453617 2.3975941 2.4186988 2.4153105 2.4037955 2.2919663 2.2340375 2.5279930 3.3065660 3.5313924 
Rhoesc_Res_016348-T1                                          1.7108468 1.8009934 2.7747877 3.1904768 3.4786695 3.5655675 2.7563112 2.7589642 3.1782226 2.3667440 2.5704634 2.5874109 2.7951056 2.6486335 2.9764326 2.4139857 2.5577068 2.8117222 2.5712256 2.6808082 2.5095812 3.4527044 5.8205749 4.5092398 1.5237965 1.6677670 1.4359243 1.3211817 1.8176576 1.6812758 1.8532465 2.5057392 1.7493871 1.5679674 1.6390273 2.8228692 1.9619690 2.2106594 0.9490109 1.8055086 0.1384863 0.0000000 0.3623999 0.4634600 0.6915326 0.7017668 1.8757872 1.9359459 2.0594853 2.2383309 2.4233812 2.3223431 2.3711821 1.3010273 2.1729330 2.2012132 1.9779114 2.1095586 2.1904817 2.4106527 2.2568005 2.4626902 1.4035874 2.2269289 3.3037008 2.3380003 3.0630973 2.3495643 2.3571856 2.3929953 2.3841173 2.2765201 2.2485833 2.4751338 3.3976475 3.8063668 
Aaur_scaffold350.g3.t1                                        0.0000010 2.2149118 2.0598618 3.5836372 5.2650913 3.3061367 2.3743922 2.4757332 3.4119330 2.3241575 2.3533299 2.4091815 2.4079564 2.4191637 2.7049873 2.4441715 2.4441715 3.0359964 2.4934173 2.4934173 2.4964042 0.0000010 0.0000010 5.0254936 1.2788553 1.1253171 1.0931388 0.9938432 1.2840662 1.1619809 1.4008764 9.0000000 1.3835435 1.1743870 1.2297428 1.8502191 1.8044434 1.6361515 0.9144072 1.2774977 0.3616678 0.3623999 0.0000000 0.0163022 0.5871073 0.5041764 1.4317235 1.5594496 1.6122487 1.9097686 2.1049083 1.8451207 1.6855666 1.1172237 1.7905713 1.7047162 1.9785126 1.8470183 1.9648218 1.9085879 1.2972327 1.8854182 1.1240747 1.8531929 2.8473952 2.3305632 2.5656864 2.1878052 2.1642124 2.2906059 2.2752551 2.1745346 2.1736924 1.8819366 4.0014962 1.5252020 
Aaur_scaffold946.g3.t1                                        1.5451390 1.7350096 2.5734284 3.3547046 4.0664155 3.8961400 2.9534377 2.9766322 3.7996608 2.5891820 2.8143136 2.5811166 2.8636974 2.8420010 3.0838211 2.4346281 2.5428085 2.7515054 2.8338186 2.9436509 2.7440422 4.5840296 8.9999989 4.9101441 1.5535461 1.6474524 1.4091314 1.1554966 1.6559776 1.5362028 1.8732725 2.5141600 1.4545183 1.5343860 1.7027390 2.9032390 1.8451296 2.3403075 0.9144072 1.7303818 0.4324823 0.4634600 0.0163022 0.0000000 0.6491536 0.6087995 1.9359562 1.9202705 1.9704828 2.3036397 2.5247226 2.3293850 2.1805140 1.3106055 2.3274983 2.0670039 1.9891247 2.1307543 2.0708683 2.5387005 2.1312073 2.3362672 1.3605333 2.2031742 3.5050915 2.4069956 3.1354770 2.3660425 2.3898051 2.3912238 2.3890466 2.3808868 2.3120194 2.4099474 3.6212636 3.8225810 
Sanmal_Sma_011830-T1                                          1.6440140 1.7306030 2.6082545 0.0000010 2.8446257 3.6162415 3.7210854 3.5808795 4.1565421 3.8588570 3.7009025 3.3787619 3.3397755 3.2894366 3.2277573 1.6407742 1.6407742 9.0000000 3.3164181 3.3164181 3.3301779 3.1866608 0.0000010 8.9999990 0.0000010 1.8627084 1.6318619 1.4080561 2.2262397 1.9135339 1.7548153 1.9878957 1.8725429 1.6926866 2.1062874 3.0374076 1.4612813 2.9822947 3.1037887 1.9868493 0.6650562 0.6915326 0.5871073 0.6491536 0.0000000 2.1969171 2.2723822 2.0416031 2.1433678 2.7000827 2.7825736 2.7996423 3.1756542 1.8483078 2.4825719 2.4868209 2.0886327 2.0240619 2.4706612 2.5612062 3.6118635 2.5941681 1.4676863 1.7231703 3.8445026 2.5371589 3.2433887 2.5123404 2.3750879 2.3983834 2.3980938 2.3567181 2.6116317 2.3946765 2.6112241 3.1344153 
Sanmal_Sma_011831-T1                                          0.0000010 3.9323748 3.5619666 3.3639887 3.3262322 2.3892100 2.0489523 2.2766994 2.5059982 1.7820574 2.1176129 2.0456667 2.0864057 2.1284920 2.0316844 2.2920089 2.4118231 2.8667338 2.3631946 2.3631946 2.3569173 0.0000010 0.0000010 3.6654211 1.5049550 1.3398911 1.3098005 1.1847007 1.3837295 1.3951700 2.3972010 4.0956979 1.4513191 1.3387757 1.4749130 1.6861177 1.1123260 1.8322604 1.0671532 1.4234094 0.7066394 0.7017668 0.5041764 0.6087995 2.1969171 0.0000000 1.5685845 1.5149323 1.6489567 2.0248298 2.3759330 2.0174911 1.6883980 1.1489637 1.9238164 1.8499205 1.7358579 1.9235158 2.0101079 1.8825362 1.3768694 1.9944693 1.3673015 4.4703586 2.9112154 2.3857501 2.5338694 2.1767619 2.2472815 2.2495028 2.2797410 2.1447049 2.1494613 2.0532960 5.0803667 2.3557912 
Skow_XM_002736518.2                                           2.8903732 3.0964909 3.0551581 4.3850524 3.4485993 3.2170454 2.6301721 2.7597074 2.9632191 2.4361809 2.5047362 2.4386048 2.7285436 2.7070430 2.9010131 2.2484014 2.3079861 2.5178592 2.6822059 2.8410335 2.7364936 4.1743828 5.1551045 5.7124932 1.1133331 1.2402647 1.0194270 1.0143155 1.3179438 1.3554946 1.0735860 1.4278042 1.2218418 1.2690523 1.4013388 1.6642714 0.9922575 1.6869788 0.9911369 0.9648436 1.9010709 1.8757872 1.4317235 1.9359562 2.2723822 1.5685845 0.0000000 1.4981403 1.6565286 1.8566751 1.9775260 1.8230819 1.5030402 1.3778382 1.5547294 1.7624325 1.7042683 1.5658199 1.7448496 1.8518832 2.2700745 1.5515367 2.0413832 2.9818913 2.9331734 2.0539230 2.5005798 2.4110354 2.4287166 2.4556626 2.4265550 2.2732094 2.0938456 2.0662369 3.9053571 2.5273477 
Dgig_XM_028548644.1                                           3.0805421 2.6911686 2.8067402 3.3430146 3.5004149 3.1325569 2.7070126 2.8346032 2.9802121 2.4416475 2.6204875 2.5213257 2.6390199 2.5933542 2.8493821 2.1760339 2.2706809 2.8476875 2.7837731 2.9311464 2.6222463 5.4038704 5.9778970 5.0234234 1.2653785 1.3651438 1.2037781 1.1794801 1.5182501 1.4372748 1.2259616 1.7359179 1.5210317 1.1659236 1.2901827 2.0406475 1.7629381 2.0052259 1.2110091 1.6355697 1.9372270 1.9359459 1.5594496 1.9202705 2.0416031 1.5149323 1.4981403 0.0000000 0.4742745 2.1937138 2.1926481 2.0178733 2.1163844 1.5322452 1.9028935 2.0294532 2.0268751 1.8273244 1.9405862 2.1249376 2.3302198 1.8661324 1.7921542 2.5746701 2.7820267 1.9625906 2.6309137 2.0937304 2.1647130 2.0628380 2.0626915 2.0302504 1.9736407 2.1982185 3.2417740 2.6449205 
