74
Lcom_lcpid190269                                        0.0000000 0.0000010 0.6472992 0.4831883 0.8744148 0.9293483 0.8307765 0.8071058 0.6963547 0.7492607 0.7581751 0.8084279 0.8111117 0.7024434 0.7743616 0.6604330 0.8481293 1.1871877 1.2591057 1.2523324 0.6751382 0.6740704 0.0000010 5.4566427 0.9227392 0.8223974 1.1248649 1.1159064 1.3405782 0.9614077 1.5005204 1.0094990 1.4694612 1.4404598 1.4141577 1.4478781 1.1557551 1.4066321 1.4160844 0.0000010 1.6412431 1.0569641 1.6677674 1.2982363 1.3793185 0.0000010 1.2990346 1.3426727 1.3121600 1.0545217 1.0545217 1.2477644 1.1066442 1.4885155 1.6157133 1.2821519 1.2754621 1.2081664 1.2081664 1.2289278 1.4480786 1.4480786 0.9452050 1.4953788 1.6478382 1.5309278 2.8782732 1.3950402 1.8957400 1.6383371 1.2183876 1.0005660 1.9835075 0.0000010 
Lcom_lcpid209409                                        0.0000010 0.0000000 0.3116725 0.3988320 0.4356192 0.5373582 0.4586743 0.5461947 0.4812451 0.6639591 0.4880639 0.5213335 0.5073738 0.4723786 0.4880016 0.4996868 0.5752236 0.5378607 0.4935810 0.4605803 0.6074012 0.6249059 0.5284376 0.6192357 0.6267387 0.6267387 0.5968450 0.5968450 0.7856185 0.6103578 0.6964104 0.6182981 0.9615157 0.8572249 0.7403966 0.8143291 0.8193786 0.8875957 0.8479180 0.6554550 0.6872632 0.8088551 0.7836562 0.7008729 0.7973732 0.5205557 0.7618830 1.1530036 1.1103682 1.1614257 0.6839583 0.0000010 0.6683696 0.8148178 0.7513100 0.8955914 0.9048314 0.8472871 0.8744731 0.8548052 0.8922983 0.8922983 0.0000010 0.7968345 1.0052597 0.9372575 0.8615359 0.0000010 0.8749619 1.8237784 3.7112398 2.7930273 4.9316716 0.0000010 
Acagra_model.g15060.t1                                  0.6472992 0.3116725 0.0000000 0.6260586 0.9668156 1.1219982 0.8989401 0.9373496 0.7806479 1.0006346 0.9744139 0.9972405 0.9854665 0.9759119 0.8930662 0.8813078 1.0805400 1.0875521 1.0204846 1.1215096 0.8022863 0.8683672 1.3144744 1.1350415 1.2076762 1.1950440 1.0782664 1.0924993 1.1438864 1.1371288 1.3023140 1.1446127 1.3356223 1.2955889 1.3075022 1.1956262 0.9515074 1.2719588 1.2851708 0.8605925 1.2822211 0.8977928 1.3263683 1.2382163 1.2818707 1.1800651 1.2276992 1.5876541 1.5523537 1.4131700 1.1522746 1.5355438 1.3926526 1.3057386 1.4757828 1.3269573 1.1444128 1.3407636 1.3332729 1.3287977 1.3652481 1.3642334 0.9268043 1.3025353 1.4651675 1.5207066 1.3501383 1.7174536 1.7739511 2.6176914 2.1667882 1.6351371 3.3840139 1.4947621 
Cgig_XM_034482326.1                                     0.4831883 0.3988320 0.6260586 0.0000000 0.9099003 1.0023316 0.8588958 0.9097122 0.7596376 0.9799992 0.9162474 0.8878516 0.8771019 0.9025643 0.9170850 1.0139695 1.0299848 0.9634985 0.8631964 1.0122641 0.7837863 0.8870049 1.3502019 1.0452079 1.1046815 1.0573349 1.0202334 1.0476174 1.0922823 1.0355909 1.1762704 1.0275222 1.3186471 1.2746388 1.2503314 1.1705097 0.9667507 1.2150219 1.2288908 0.7810156 1.2634769 0.9107528 1.3074825 1.2144919 1.3068392 1.4291842 1.0644200 1.5136462 1.4721984 1.2816043 1.0453343 1.5373860 1.2862742 1.2106233 1.3266453 1.3306013 1.1828132 1.3030408 1.2863738 1.2089931 1.2978276 1.2968130 0.7832604 1.3829629 1.5975672 1.6051125 1.2249115 1.3049438 1.7530700 2.3965381 2.1894014 1.3820026 3.1427509 1.6104771 
Nvec_v1g237514                                          0.8744148 0.4356192 0.9668156 0.9099003 0.0000000 0.4506913 1.0168658 1.0399621 0.8777121 0.5870139 0.5547869 0.5582608 0.5683408 0.5440505 0.6278806 0.6324642 0.6723075 1.0681205 0.9122250 1.1470431 0.9139092 1.1010078 0.9117476 0.9455448 1.0338696 1.0358995 0.8788219 0.8766473 0.9475044 1.0239046 1.1303787 0.9745025 1.1653033 1.1005662 1.1181855 1.1243822 0.9716916 1.1991807 1.1800377 0.8029160 1.2083152 1.0824103 1.3295094 1.2685950 1.3334224 1.4565408 1.2932433 1.4698258 1.4222701 1.2983312 1.0890933 1.4703285 1.4661975 1.2867850 1.4225543 1.4088826 1.2873966 1.4131783 1.4174655 1.3570691 1.3989814 1.3979074 1.0639055 1.4900163 1.1873529 1.3755649 1.2557995 1.4317974 1.9566156 2.3083275 2.1409683 1.6162938 3.2724762 1.7072787 
Exapal_XM_021059013.2                                   0.9293483 0.5373582 1.1219982 1.0023316 0.4506913 0.0000000 1.1078614 1.1083199 0.9058913 0.6545887 0.6562747 0.6316679 0.6559685 0.6106995 0.6955327 0.6912479 0.7131945 1.0456529 0.8964440 1.1119896 1.0319279 1.1558673 0.9932628 0.9464387 1.1574428 1.1572055 0.8756055 0.8697638 0.9213980 1.0974408 1.1613089 1.0053160 1.1992872 1.1244287 1.1752802 1.1771650 1.0218156 1.2280436 1.2232695 0.7705905 1.2975746 1.1774545 1.3578999 1.3802370 1.4130953 1.3560596 1.3288130 1.5654136 1.5215214 1.4509386 1.2306294 1.6715030 1.4533800 1.3224203 1.3783422 1.5401296 1.3907421 1.5049650 1.5149802 1.4501027 1.5009843 1.5085535 1.1111332 1.5430815 1.2424687 1.3982242 1.2204669 1.6358098 1.9117644 2.1540230 2.2750607 1.5287916 3.3896833 1.8645855 
Spur_XM_030991606.1                                     0.8307765 0.4586743 0.8989401 0.8588958 1.0168658 1.1078614 0.0000000 0.5078134 0.8649691 0.9739631 0.9565504 0.9197364 0.9162478 1.0035075 0.9235813 0.9974904 0.9640699 1.0580974 0.9236347 1.0731515 0.8326082 0.8807359 1.1637702 1.0027547 1.2929394 1.2852541 1.1078710 1.1019514 1.1428215 1.1515874 1.2312445 0.9196143 1.2250197 1.1648786 1.2429275 1.1735138 1.0435022 1.2395724 1.2522302 0.9659143 1.2706635 1.0424678 1.3210759 1.2670310 1.2877601 1.1160451 1.1229011 1.4722590 1.4900051 1.4369776 1.1999119 1.5246669 1.2699925 1.2662849 1.3685151 1.3911180 1.1691698 1.3795622 1.3714154 1.2813822 1.4277585 1.4285809 0.9388928 1.3878183 1.5059813 1.4900572 1.3511178 1.5779777 1.6575380 2.3749178 2.0565785 1.4058942 3.3623495 1.8309492 
Spur_XM_030991607.1                                     0.8071058 0.5461947 0.9373496 0.9097122 1.0399621 1.1083199 0.5078134 0.0000000 0.9002136 1.1009253 1.0311363 0.9952255 0.9810211 1.0377447 1.0089027 0.9453786 1.0962429 1.2193788 1.0024589 1.1893376 0.8751326 0.9887364 1.3424457 0.8934329 1.2764375 1.2500245 1.1369656 1.1412479 1.2934633 1.2166033 1.2312486 1.1336391 1.4602032 1.3485195 1.3830218 1.3267374 1.0190842 1.3426136 1.3671918 1.3596523 1.3777861 1.0557555 1.4803013 1.4094533 1.4987774 1.2012289 1.1745001 1.5967539 1.5461841 1.5913183 1.3246092 1.5455600 1.3449589 1.3499210 1.4775075 1.3046210 1.1078501 1.2890804 1.2832608 1.2588590 1.3373459 1.3336292 0.9112721 1.5082608 1.6874175 1.4861911 1.3912694 1.5026295 1.8149258 2.5515475 2.2784667 1.4549545 3.7397114 1.9934220 
Bralan_BLAG01001436_1                                   0.6963547 0.4812451 0.7806479 0.7596376 0.8777121 0.9058913 0.8649691 0.9002136 0.0000000 0.8876148 0.8327674 0.8176299 0.8163738 0.8209066 0.8191877 0.8728222 0.9526319 0.8965094 0.8017415 1.0026594 0.8092746 0.9040691 1.3072707 1.0096136 1.0714592 1.0222124 0.9404462 0.9524082 0.9823577 1.0004456 1.2337894 1.0461503 1.2785647 1.2230861 1.2250635 1.1234480 0.9883722 1.1761855 1.1922439 0.8622101 1.1948132 0.8170595 1.3144471 1.2020303 1.2859950 1.1226912 1.0788116 1.4392388 1.4134764 1.2971436 1.1382422 1.3689848 1.2997777 1.2982863 1.4356396 1.3173781 1.1637639 1.3397910 1.3245816 1.2611125 1.3652418 1.3638512 0.7710442 1.3815514 1.3198905 1.3726173 1.4092170 1.5599108 1.8262886 2.5329247 2.1320874 1.3287217 3.6141957 1.5433820 
Fspp_ffun1.m4.14195.m1                                  0.7492607 0.6639591 1.0006346 0.9799992 0.5870139 0.6545887 0.9739631 1.1009253 0.8876148 0.0000000 0.1563153 0.2188310 0.2313394 0.1800723 0.3385678 0.4587571 0.3575625 1.1527131 0.9073118 1.1855186 0.9238215 1.0747045 0.7176600 1.1426080 1.1804745 1.1856960 0.9164425 0.9265269 0.8915604 1.0882687 1.0989372 0.9819970 1.2551045 1.1568235 1.2043950 1.1336307 0.9586009 1.1843940 1.1905364 0.8141957 1.2475442 1.1167483 1.5029501 1.3828218 1.4096240 1.4112774 1.2586534 1.4608982 1.4687697 1.4559019 1.2774735 1.5840444 1.4050801 1.3157351 1.3433591 1.4899812 1.3266175 1.4476997 1.4630925 1.4176139 1.4779922 1.4769673 0.9699243 1.4843045 1.1613532 1.3456702 1.3773468 1.5243694 1.9043725 2.1870888 2.1965099 1.4948537 2.9097205 2.2739883 
Fspp_ffun1.m4.33661.m1                                  0.7581751 0.4880639 0.9744139 0.9162474 0.5547869 0.6562747 0.9565504 1.0311363 0.8327674 0.1563153 0.0000000 0.2243670 0.2480087 0.1478623 0.3382825 0.3896455 0.3381561 1.0784355 0.8617288 1.1141142 0.8563155 1.0141604 0.5809665 0.9578242 1.1014576 1.0949120 0.9128005 0.9224450 0.9014068 1.0683174 1.0968948 1.0205109 1.2558424 1.1735729 1.1665668 1.1398144 0.9506264 1.1653129 1.1788558 0.8630336 1.1751278 1.0754259 1.4663224 1.3573985 1.4145141 1.3775967 1.1841943 1.4271647 1.4415797 1.4709554 1.2752145 1.5824075 1.3732308 1.2959600 1.2885104 1.4341993 1.2603975 1.4071411 1.4144989 1.3280285 1.4092710 1.4082382 0.9514515 1.4091033 1.1856893 1.3164212 1.2665658 1.3856282 1.8091595 2.2562070 2.1871143 1.5064589 3.0192935 2.0423025 
Spis_XP_022807350_1                                     0.8084279 0.5213335 0.9972405 0.8878516 0.5582608 0.6316679 0.9197364 0.9952255 0.8176299 0.2188310 0.2243670 0.0000000 0.0810956 0.2253427 0.3472694 0.4011041 0.3463694 1.1120505 0.9135021 1.1482448 0.8940672 0.9845642 0.6282105 0.8957269 1.1389623 1.1495414 0.8658918 0.8873796 0.8482774 1.0954708 1.0860638 1.0494678 1.2134820 1.1318028 1.1327804 1.1042825 0.9038685 1.1408410 1.1937770 0.8253881 1.2336903 1.0875912 1.4998660 1.4163221 1.4404656 1.2982421 1.1880366 1.5098782 1.4925594 1.4764301 1.2515132 1.6412273 1.4366194 1.3049061 1.3036813 1.4798021 1.2928461 1.4668508 1.4623594 1.3549632 1.4525429 1.4515283 1.0936663 1.4577277 1.1259600 1.3281464 1.2556093 1.5922525 1.8339681 2.1505437 2.1639005 1.6236667 3.0543273 2.0058217 
Pocdam_XM_027201789.1                                   0.8111117 0.5073738 0.9854665 0.8771019 0.5683408 0.6559685 0.9162478 0.9810211 0.8163738 0.2313394 0.2480087 0.0810956 0.0000000 0.2404004 0.3544934 0.4214228 0.3671758 1.0966434 0.9170270 1.1141021 0.8814662 0.9752355 0.6700193 0.8933596 1.1126319 1.1233148 0.8668420 0.8882327 0.8566240 1.0673513 1.0803206 0.9737044 1.2036301 1.1248378 1.1467663 1.0883485 0.8787415 1.1252961 1.1692687 0.8438164 1.1957306 1.0406259 1.4408240 1.3779428 1.4055238 1.3090528 1.1941927 1.5229598 1.5230750 1.4895187 1.2503030 1.6226710 1.4029158 1.2715783 1.2854199 1.5047437 1.3029990 1.4861750 1.4816795 1.3841586 1.4461163 1.4451014 1.1028546 1.4301726 1.1286694 1.3092769 1.2701548 1.5129183 1.8524277 2.0750088 2.0788946 1.6650815 3.0074643 1.8655427 
Gasp_gasp1.m3.62.m1                                     0.7024434 0.4723786 0.9759119 0.9025643 0.5440505 0.6106995 1.0035075 1.0377447 0.8209066 0.1800723 0.1478623 0.2253427 0.2404004 0.0000000 0.3393873 0.4310938 0.3602503 1.1438826 0.8941262 1.1386555 0.8485940 1.0029744 0.7552649 1.0114305 1.1553795 1.1647574 0.9051275 0.9141423 0.9144830 1.1095183 1.1978621 0.9931121 1.2325995 1.1806215 1.1949735 1.1724002 0.9889242 1.1865404 1.2210807 0.9010392 1.2692032 1.1130198 1.5411772 1.4983109 1.5229625 1.6787883 1.2212050 1.5184697 1.5042574 1.3855350 1.2123090 1.5626499 1.3953326 1.3621172 1.3550667 1.4453907 1.2872386 1.4227482 1.4375566 1.3617157 1.4306132 1.4295385 0.9489130 1.3649823 1.2481036 1.3280703 1.3682132 1.5027633 1.8297472 2.2676651 2.1600668 1.4694843 3.2799393 2.7174969 
Amil_Amillepora22249-RA                                 0.7743616 0.4880016 0.8930662 0.9170850 0.6278806 0.6955327 0.9235813 1.0089027 0.8191877 0.3385678 0.3382825 0.3472694 0.3544934 0.3393873 0.0000000 0.1624925 0.3754960 1.0738253 0.9215925 1.1607484 0.9377098 1.0509719 0.7968020 0.9485648 1.0953574 1.1042343 0.9425722 0.9440598 0.9033803 1.1481227 1.1310426 1.1591398 1.2678560 1.1731959 1.1933361 1.1774832 0.9615947 1.1642084 1.1985262 1.0574331 1.2491882 1.1237293 1.4977106 1.4310831 1.4599400 1.1868777 1.1466354 1.5302048 1.5147953 1.4931790 1.2401820 1.5828056 1.3701096 1.2630102 1.3350574 1.5126932 1.3337490 1.4997396 1.5003937 1.4320375 1.5098752 1.5088572 1.0342185 1.4636705 1.1643050 1.2682992 1.3447494 1.5145141 1.8406872 1.8915107 2.2101157 1.5590012 3.0332782 2.0245463 
Adig_XM_015903206.1                                     0.6604330 0.4996868 0.8813078 1.0139695 0.6324642 0.6912479 0.9974904 0.9453786 0.8728222 0.4587571 0.3896455 0.4011041 0.4214228 0.4310938 0.1624925 0.0000000 0.4667683 1.0740476 1.0672383 1.1791200 0.9228548 1.1667517 0.4538358 0.9520615 1.1227072 1.1505040 1.0203713 1.0190899 1.0171018 1.0800283 1.0935246 1.8235602 1.2960659 1.1578286 1.0799178 1.2846231 1.1083074 1.1229684 1.1814902 0.9886799 1.2479713 1.2182443 1.5045808 1.3846200 1.5865699 0.7892461 1.2622243 1.5014766 1.5538087 2.0600383 1.3760522 2.0623139 1.4253614 1.3473805 1.2648185 1.3662167 1.3497270 1.3857653 1.3926796 1.3430778 1.4132103 1.4132103 1.4591914 1.5000100 0.7962228 1.2199364 1.0133566 1.2799322 1.8745256 1.5267157 2.6209414 1.4727310 3.8897092 1.3389201 
Gfas_gfas1.m1.4703.m1                                   0.8481293 0.5752236 1.0805400 1.0299848 0.6723075 0.7131945 0.9640699 1.0962429 0.9526319 0.3575625 0.3381561 0.3463694 0.3671758 0.3602503 0.3754960 0.4667683 0.0000000 1.1115987 0.8988898 1.2109143 0.9343310 1.1082343 0.6960215 0.8760908 1.1759812 1.2264975 0.9494502 0.9584560 0.9424829 1.1974228 1.1748299 0.9990708 1.2833237 1.1830069 1.1979012 1.1337949 0.9761909 1.1485555 1.1780290 0.8893767 1.2574861 1.1635637 1.5323574 1.4694689 1.4471650 1.3561929 1.1974178 1.4897444 1.5380819 1.4939435 1.2907806 1.6145861 1.5156950 1.3133934 1.4710669 1.4603542 1.2499146 1.4150357 1.4366068 1.4108375 1.4761936 1.4704575 0.9583432 1.4652280 1.2878386 1.3567371 1.3084984 1.5660389 1.8160217 2.6077979 2.2335245 1.5464340 3.3122762 3.4266678 
Lcom_lcpid53100                                         1.1871877 0.5378607 1.0875521 0.9634985 1.0681205 1.0456529 1.0580974 1.2193788 0.8965094 1.1527131 1.0784355 1.1120505 1.0966434 1.1438826 1.0738253 1.0740476 1.1115987 0.0000000 0.2541839 0.3654482 1.0879335 1.2178499 1.1954580 0.9853675 1.1593970 1.1232747 1.0972390 1.1035410 1.1210292 1.0819512 1.3371831 1.0613330 1.3571281 1.2915206 1.2978111 1.3243436 0.9995817 1.3410698 1.3306884 0.9289227 1.2720506 1.1025013 1.3463765 1.3070610 1.3903665 1.4238547 1.3064735 1.6176168 1.6752515 1.5161951 1.3121447 1.7609354 1.4987594 1.2887193 1.5075996 1.3659069 1.2198042 1.3673721 1.3682159 1.3062263 1.3876801 1.3862808 0.7471436 1.6128895 1.6312170 1.5552526 1.3612107 2.0421167 1.8480414 2.6391709 2.3258001 1.8032191 4.0594707 0.5898806 
Leuniv_Lniv_scaffold18864_01                            1.2591057 0.4935810 1.0204846 0.8631964 0.9122250 0.8964440 0.9236347 1.0024589 0.8017415 0.9073118 0.8617288 0.9135021 0.9170270 0.8941262 0.9215925 1.0672383 0.8988898 0.2541839 0.0000000 0.2749003 1.1405327 1.1386152 0.5743882 1.0835937 1.1409374 1.0538724 0.9449644 0.9335765 1.0377250 0.9249579 1.2414365 1.1631156 1.3014860 1.2699166 1.2475015 1.2338056 1.1139930 1.2249029 1.2680707 0.9791323 1.2560438 1.0383267 1.2441962 1.2614720 1.2767848 0.9044846 1.2592503 1.5231125 1.5521538 1.6446353 1.3741303 1.8942537 1.3657726 1.3097317 1.2359929 1.2959780 1.3102667 1.2983252 1.2879841 1.2314001 1.2575760 1.2575760 0.7464792 1.4746200 1.2143035 1.4329676 1.0470925 1.9908053 1.7035229 1.4015165 2.1827434 1.7046653 3.5062387 0.0000010 
Gracom_Gcom_C559754_01                                  1.2523324 0.4605803 1.1215096 1.0122641 1.1470431 1.1119896 1.0731515 1.1893376 1.0026594 1.1855186 1.1141142 1.1482448 1.1141021 1.1386555 1.1607484 1.1791200 1.2109143 0.3654482 0.2749003 0.0000000 1.1533475 1.2728475 1.2103093 1.0178317 1.3055134 1.2514173 1.0890870 1.0840592 1.1704017 1.1296134 1.4129921 1.1373807 1.4410602 1.3679760 1.3232454 1.4079602 1.0445688 1.4027884 1.4061909 0.9098281 1.3130763 1.1092582 1.3607355 1.3921466 1.4929394 1.4283079 1.4279969 1.6521558 1.7315378 1.6651674 1.3665703 1.8321803 1.5292673 1.3196958 1.5154847 1.3676421 1.2249434 1.3518408 1.3437541 1.3017850 1.3663455 1.3649407 0.8415346 1.6163250 1.6725767 1.7004906 1.3041379 2.1179430 1.8214474 2.6566353 2.3592148 1.8578897 4.3454485 0.5834820 
Skow_XM_006812714.1                                     0.6751382 0.6074012 0.8022863 0.7837863 0.9139092 1.0319279 0.8326082 0.8751326 0.8092746 0.9238215 0.8563155 0.8940672 0.8814662 0.8485940 0.9377098 0.9228548 0.9343310 1.0879335 1.1405327 1.1533475 0.0000000 0.0789144 0.5854140 1.1330179 1.1860141 1.1486262 1.0642535 1.0548169 1.1572089 1.0131857 1.3115550 1.4032827 1.3302693 1.2811425 1.3143913 1.2293346 1.1387235 1.2245021 1.2299132 1.2866560 1.2964605 0.8808590 1.3788968 1.2141922 1.2256715 0.6761800 1.1191676 1.4720267 1.4896077 1.7017514 1.3796210 1.8076806 1.1660113 1.5583879 1.3116486 1.2389507 1.1876268 1.1908344 1.1933919 1.1962977 1.2488922 1.2488922 1.0167914 1.2969269 1.0270031 1.4304734 0.9589552 1.3857802 1.5600280 1.7021890 2.2494976 1.6748495 3.5308545 0.5276277 
Skow_XM_002731731.1                                     0.6740704 0.6249059 0.8683672 0.8870049 1.1010078 1.1558673 0.8807359 0.9887364 0.9040691 1.0747045 1.0141604 0.9845642 0.9752355 1.0029744 1.0509719 1.1667517 1.1082343 1.2178499 1.1386152 1.2728475 0.0789144 0.0000000 1.3217148 1.1482991 1.3599277 1.3326206 1.2428064 1.2330858 1.2801247 1.2778246 1.4516076 1.3067507 1.3912169 1.3441988 1.4388487 1.2776972 1.0790304 1.2972801 1.2887812 1.2907996 1.4206243 1.0325520 1.5914037 1.4208508 1.4668620 1.1321579 1.1375423 1.6924298 1.6858016 1.7206119 1.4142694 1.7425805 1.3198410 1.5496493 1.4629629 1.4669422 1.1867395 1.4372340 1.4293234 1.3699159 1.5026878 1.5012331 1.0265967 1.4301251 1.4725562 1.5657082 1.4423873 1.3776050 1.7450491 2.3069422 2.4620833 1.7240137 3.9041226 1.6208467 
Gasp_gasp1.m3.63.m1                                     0.0000010 0.5284376 1.3144744 1.3502019 0.9117476 0.9932628 1.1637702 1.3424457 1.3072707 0.7176600 0.5809665 0.6282105 0.6700193 0.7552649 0.7968020 0.4538358 0.6960215 1.1954580 0.5743882 1.2103093 0.5854140 1.3217148 0.0000000 0.8518897 1.2774134 1.4652409 1.1664683 1.1664683 1.0534353 1.0796430 1.3890506 0.0000010 2.2800192 1.5580962 1.3881953 1.2850749 0.6990688 1.1515077 1.2383264 0.0000010 1.3407809 1.3096221 1.2584301 1.3811467 1.3411884 1.0881892 1.2661333 1.3990759 1.3938364 2.1536002 0.7262848 0.0000010 1.5915243 0.9281864 1.1664284 1.4471357 0.8923628 1.5635368 1.5635368 1.3249241 1.3996395 1.3951568 0.0000010 1.4325779 1.3610039 1.5146789 1.5066665 0.0000010 1.7627857 3.5647315 3.8129083 1.3694728 3.1144604 2.2477770 
Opea_EP00118_Oscarella_pearsei_P011150                  5.4566427 0.6192357 1.1350415 1.0452079 0.9455448 0.9464387 1.0027547 0.8934329 1.0096136 1.1426080 0.9578242 0.8957269 0.8933596 1.0114305 0.9485648 0.9520615 0.8760908 0.9853675 1.0835937 1.0178317 1.1330179 1.1482991 0.8518897 0.0000000 0.1614496 0.1614496 0.9833077 0.9833077 0.9461076 1.0061975 1.1042774 1.4838269 1.4408568 1.1839458 1.0732133 1.2836563 1.1691490 1.2360428 1.2528242 1.2299908 0.9546393 1.2260958 1.3326509 1.2221140 1.1130372 0.8200433 1.1437272 1.4197367 1.4729560 2.2301834 1.1448442 4.0828487 1.1696597 1.3962777 1.3215783 1.1941370 1.1921431 1.1245490 1.1262040 1.2029663 1.1115342 1.1115342 2.5892900 1.3532182 1.1706859 1.3836672 1.1169681 3.9705339 1.2671805 1.6482089 3.8649098 2.9989988 5.4178848 0.6057925 
Ocar_g8308                                              0.9227392 0.6267387 1.2076762 1.1046815 1.0338696 1.1574428 1.2929394 1.2764375 1.0714592 1.1804745 1.1014576 1.1389623 1.1126319 1.1553795 1.0953574 1.1227072 1.1759812 1.1593970 1.1409374 1.3055134 1.1860141 1.3599277 1.2774134 0.1614496 0.0000000 0.0243589 1.2406816 1.2357565 1.2505858 0.9982847 1.4440382 1.3074511 1.6049872 1.4974778 1.4606191 1.4781147 1.2828637 1.5627861 1.5925340 1.0474197 1.3297496 1.2361107 1.5180177 1.4628593 1.4455177 1.4123975 1.5276219 1.7421122 1.7008159 1.6353940 1.3911314 1.6557664 1.5520512 1.4750955 1.7580658 1.6116702 1.4298990 1.5694769 1.5693932 1.6383759 1.5484830 1.5477033 1.2391908 1.6058217 1.5770668 1.6336216 1.5309870 1.8858837 2.0688440 2.9035299 2.4754627 1.5454009 3.8091843 1.8893022 
Opea_EP00118_Oscarella_pearsei_P011151                  0.8223974 0.6267387 1.1950440 1.0573349 1.0358995 1.1572055 1.2852541 1.2500245 1.0222124 1.1856960 1.0949120 1.1495414 1.1233148 1.1647574 1.1042343 1.1505040 1.2264975 1.1232747 1.0538724 1.2514173 1.1486262 1.3326206 1.4652409 0.1614496 0.0243589 0.0000000 1.2364448 1.2419401 1.2590775 0.9832718 1.4419845 1.3074511 1.5907953 1.4821340 1.4527166 1.4857429 1.3057800 1.5493330 1.5625674 1.0474197 1.3610296 1.2287775 1.4823684 1.4258659 1.4944023 1.4131864 1.4805251 1.7115028 1.6548539 1.5185954 1.3129634 1.6597263 1.4947073 1.4724446 1.7277294 1.6128318 1.3985703 1.5580026 1.5578953 1.5762786 1.5506171 1.5498634 1.0802697 1.6087510 1.6506493 1.6164556 1.5246570 1.9331709 2.0032348 2.8989075 2.5733498 1.4236592 3.8091843 1.8927316 
Dgig_XM_028544572.1                                     1.1248649 0.5968450 1.0782664 1.0202334 0.8788219 0.8756055 1.1078710 1.1369656 0.9404462 0.9164425 0.9128005 0.8658918 0.8668420 0.9051275 0.9425722 1.0203713 0.9494502 1.0972390 0.9449644 1.0890870 1.0642535 1.2428064 1.1664683 0.9833077 1.2406816 1.2364448 0.0000000 0.0129877 0.4848417 1.1725216 1.1222570 0.9532651 1.2661051 1.2140333 1.2396392 1.1048559 0.9993135 1.1456534 1.1707209 1.0368776 1.3016917 1.1813582 1.5400020 1.4901125 1.5549576 1.3413897 1.3755563 1.5998009 1.6120720 1.4441624 1.2918831 1.6060761 1.5134498 1.3147160 1.3854048 1.4728761 1.3411044 1.4871243 1.4759116 1.4607783 1.5197753 1.5187646 1.0300318 1.6419049 1.3109036 1.4856650 1.4192721 1.6829569 2.0898208 2.8912321 2.2792376 1.6249774 3.5106603 1.9561408 
Dgig_XM_028545049.1                                     1.1159064 0.5968450 1.0924993 1.0476174 0.8766473 0.8697638 1.1019514 1.1412479 0.9524082 0.9265269 0.9224450 0.8873796 0.8882327 0.9141423 0.9440598 1.0190899 0.9584560 1.1035410 0.9335765 1.0840592 1.0548169 1.2330858 1.1664683 0.9833077 1.2357565 1.2419401 0.0129877 0.0000000 0.4875812 1.1837737 1.1252615 0.9600337 1.2567371 1.2055603 1.2462004 1.1178702 1.0002339 1.1396264 1.1626007 1.0269155 1.2936681 1.1871533 1.5344553 1.4819683 1.5477159 1.3256888 1.3625770 1.6054375 1.6180456 1.4561064 1.3005483 1.6222636 1.5166660 1.3119689 1.3862623 1.4945034 1.3540963 1.4986496 1.4873947 1.4703450 1.5331167 1.5321121 1.0182738 1.6308062 1.3402264 1.4888368 1.4210817 1.6814882 2.0747565 2.8581413 2.2929226 1.6574068 3.5410376 1.9939580 
Xesp_004727-T1                                          1.3405782 0.7856185 1.1438864 1.0922823 0.9475044 0.9213980 1.1428215 1.2934633 0.9823577 0.8915604 0.9014068 0.8482774 0.8566240 0.9144830 0.9033803 1.0171018 0.9424829 1.1210292 1.0377250 1.1704017 1.1572089 1.2801247 1.0534353 0.9461076 1.2505858 1.2590775 0.4848417 0.4875812 0.0000000 1.1942560 1.2231108 1.0104750 1.2976314 1.2246300 1.2370429 1.1602527 1.0752498 1.1892607 1.2234353 1.0511815 1.4418784 1.3030725 1.6017937 1.6323905 1.6029020 1.1374823 1.3936921 1.6540117 1.6839698 1.7188694 1.4341144 1.9510859 1.6227232 1.2527059 1.3848900 1.6074316 1.5037138 1.6235044 1.6128689 1.5118410 1.6480878 1.6565235 1.0971735 1.6462317 1.2870217 1.5151478 1.4060421 2.0445350 2.0224243 2.3552191 2.3565406 1.9984454 3.2718182 1.8872068 
Plajan_Pjan_C567416_01                                  0.9614077 0.6103578 1.1371288 1.0355909 1.0239046 1.0974408 1.1515874 1.2166033 1.0004456 1.0882687 1.0683174 1.0954708 1.0673513 1.1095183 1.1481227 1.0800283 1.1974228 1.0819512 0.9249579 1.1296134 1.0131857 1.2778246 1.0796430 1.0061975 0.9982847 0.9832718 1.1725216 1.1837737 1.1942560 0.0000000 1.4009674 1.2545161 1.4694386 1.4418423 1.4331986 1.3668481 1.1562507 1.3839879 1.4086657 0.9898049 1.3399063 1.2734337 1.4214308 1.3553747 1.3672090 1.3647273 1.3858096 1.6091637 1.6764603 1.4729867 1.3592157 1.5855458 1.5946854 1.3741134 1.6880194 1.5234265 1.3575052 1.5034960 1.5067109 1.4606563 1.5581363 1.5571124 0.9217468 1.7714633 1.6091293 1.6430154 1.4429431 1.6092624 1.9254118 2.8193987 2.3434055 1.5667243 3.7370159 1.9951286 
Sanmal_Sma_019244-T1                                    1.5005204 0.6964104 1.3023140 1.1762704 1.1303787 1.1613089 1.2312445 1.2312486 1.2337894 1.0989372 1.0968948 1.0860638 1.0803206 1.1978621 1.1310426 1.0935246 1.1748299 1.3371831 1.2414365 1.4129921 1.3115550 1.4516076 1.3890506 1.1042774 1.4440382 1.4419845 1.1222570 1.1252615 1.2231108 1.4009674 0.0000000 0.6192021 0.7605244 0.7177800 0.6871966 0.7520579 0.6267622 0.8203832 0.8234837 1.0803837 1.4099799 1.4051234 1.5544620 1.5995658 1.4665937 1.5165934 1.4834175 1.6856225 1.8056914 1.6449460 1.3815910 1.8088483 1.6812834 1.2790509 1.3342198 1.6805382 1.4706022 1.6848225 1.6899067 1.6280193 1.6499080 1.6488738 1.1835983 1.6181579 1.4151065 1.3908648 1.3870459 2.6428458 1.9291237 2.3363763 2.2593304 1.7143748 3.4946401 2.1331533 
Aaur_scaffold256.g21.t1                                 1.0094990 0.6182981 1.1446127 1.0275222 0.9745025 1.0053160 0.9196143 1.1336391 1.0461503 0.9819970 1.0205109 1.0494678 0.9737044 0.9931121 1.1591398 1.8235602 0.9990708 1.0613330 1.1631156 1.1373807 1.4032827 1.3067507 0.0000010 1.4838269 1.3074511 1.3074511 0.9532651 0.9600337 1.0104750 1.2545161 0.6192021 0.0000000 0.3933758 0.3864659 0.3502203 0.6739870 0.6397661 0.8047078 0.7814834 1.2683462 1.1379137 1.2744425 1.4384770 1.4135709 1.4036823 0.0000010 1.2459925 1.7817328 1.9694336 1.6821714 1.5775407 1.8088559 1.4184766 1.3055469 1.2050946 1.5589195 1.5615411 1.5599602 1.5719587 1.6021651 1.4566024 1.4566024 1.0410137 1.5023280 1.5458305 1.4745914 1.2271833 2.7298256 2.2821712 2.3660485 1.7609937 1.9386647 3.1712531 0.0000010 
Nemnom_g10680.t1                                        1.4694612 0.9615157 1.3356223 1.3186471 1.1653033 1.1992872 1.2250197 1.4602032 1.2785647 1.2551045 1.2558424 1.2134820 1.2036301 1.2325995 1.2678560 1.2960659 1.2833237 1.3571281 1.3014860 1.4410602 1.3302693 1.3912169 2.2800192 1.4408568 1.6049872 1.5907953 1.2661051 1.2567371 1.2976314 1.4694386 0.7605244 0.3933758 0.0000000 0.0360238 0.2795144 0.8925208 0.8474989 0.9246448 0.9220418 1.0075775 1.4919119 1.4587348 1.7117840 1.5777766 1.4416378 1.7891814 1.5815719 1.8952355 1.9912862 1.6558369 1.4972395 1.7418638 1.6734998 1.3318639 1.4869107 1.8575730 1.7338108 1.8856454 1.8970370 1.8312353 1.8478868 1.8588380 1.3099410 1.7707315 1.7534475 1.5004700 1.6554169 2.5901489 2.2515623 2.1109150 2.0729834 2.1215709 3.2602556 2.1465110 
Nemnom_g19510.t1                                        1.4404598 0.8572249 1.2955889 1.2746388 1.1005662 1.1244287 1.1648786 1.3485195 1.2230861 1.1568235 1.1735729 1.1318028 1.1248378 1.1806215 1.1731959 1.1578286 1.1830069 1.2915206 1.2699166 1.3679760 1.2811425 1.3441988 1.5580962 1.1839458 1.4974778 1.4821340 1.2140333 1.2055603 1.2246300 1.4418423 0.7177800 0.3864659 0.0360238 0.0000000 0.2698072 0.8777548 0.7867950 0.8703650 0.8703437 1.0075775 1.3677750 1.3707929 1.5721732 1.4735424 1.3319355 1.4958403 1.4852218 1.7939633 1.8608748 1.6436289 1.4550525 1.7285870 1.5990296 1.2704968 1.3851753 1.7115640 1.5804628 1.7382796 1.7480987 1.6891269 1.7044504 1.7137726 1.3022507 1.6794019 1.5305044 1.3902459 1.5230853 2.6573549 2.0692489 1.9802757 2.0970293 2.0587020 3.2595442 1.9201984 
Rhoesc_Res_006284-T1                                    1.4141577 0.7403966 1.3075022 1.2503314 1.1181855 1.1752802 1.2429275 1.3830218 1.2250635 1.2043950 1.1665668 1.1327804 1.1467663 1.1949735 1.1933361 1.0799178 1.1979012 1.2978111 1.2475015 1.3232454 1.3143913 1.4388487 1.3881953 1.0732133 1.4606191 1.4527166 1.2396392 1.2462004 1.2370429 1.4331986 0.6871966 0.3502203 0.2795144 0.2698072 0.0000000 0.8663912 0.6942213 0.8646471 0.8669747 0.9700057 1.4008210 1.4079794 1.5940199 1.4973067 1.4592462 1.3398171 1.4791574 1.8197745 1.8551460 1.5948590 1.3714851 1.6539762 1.6798956 1.1739773 1.3623276 1.6990979 1.4469934 1.7228322 1.7321553 1.6737724 1.7642968 1.7632748 1.2205612 1.6217298 1.4347525 1.4090285 1.4260050 2.4233325 2.0840975 2.5783373 2.1197577 1.9702930 3.3248284 1.8920229 
Sanmal_Sma_019245-T1                                    1.4478781 0.8143291 1.1956262 1.1705097 1.1243822 1.1771650 1.1735138 1.3267374 1.1234480 1.1336307 1.1398144 1.1042825 1.0883485 1.1724002 1.1774832 1.2846231 1.1337949 1.3243436 1.2338056 1.4079602 1.2293346 1.2776972 1.2850749 1.2836563 1.4781147 1.4857429 1.1048559 1.1178702 1.1602527 1.3668481 0.7520579 0.6739870 0.8925208 0.8777548 0.8663912 0.0000000 0.4759727 0.5720049 0.5724363 1.1532150 1.4020872 1.2719757 1.6258923 1.5667901 1.4357748 1.4804608 1.4514094 1.6758790 1.6503785 1.5786051 1.3811715 1.5892975 1.6310744 1.1832650 1.3311081 1.4798981 1.3472516 1.5163940 1.5208982 1.4747004 1.4815797 1.4805378 1.2332840 1.6748106 1.3528868 1.4156989 1.4235726 2.5107710 1.9625580 1.8602663 2.0819240 1.7735223 2.9157269 1.6715611 
Aaur_scaffold256.g20.t1                                 1.1557551 0.8193786 0.9515074 0.9667507 0.9716916 1.0218156 1.0435022 1.0190842 0.9883722 0.9586009 0.9506264 0.9038685 0.8787415 0.9889242 0.9615947 1.1083074 0.9761909 0.9995817 1.1139930 1.0445688 1.1387235 1.0790304 0.6990688 1.1691490 1.2828637 1.3057800 0.9993135 1.0002339 1.0752498 1.1562507 0.6267622 0.6397661 0.8474989 0.7867950 0.6942213 0.4759727 0.0000000 0.4078159 0.3982712 1.3298944 1.1500256 1.1129198 1.3024385 1.3490830 1.3144049 0.6995208 1.2502324 1.5449908 1.6150679 1.6409764 1.4409120 1.6174795 1.2052538 1.1045115 1.0813951 1.3463075 1.3220463 1.3628928 1.3680774 1.2855656 1.3541949 1.3541949 1.0278515 1.3180084 1.0295609 1.2280294 1.1864626 1.9141228 1.7822204 1.3902511 1.8946489 1.5491994 2.8120128 0.6803180 
Nemnom_g19516.t1                                        1.4066321 0.8875957 1.2719588 1.2150219 1.1991807 1.2280436 1.2395724 1.3426136 1.1761855 1.1843940 1.1653129 1.1408410 1.1252961 1.1865404 1.1642084 1.1229684 1.1485555 1.3410698 1.2249029 1.4027884 1.2245021 1.2972801 1.1515077 1.2360428 1.5627861 1.5493330 1.1456534 1.1396264 1.1892607 1.3839879 0.8203832 0.8047078 0.9246448 0.8703650 0.8646471 0.5720049 0.4078159 0.0000000 0.1800195 1.1753071 1.4288569 1.3207858 1.4898371 1.5520330 1.4508750 1.4616441 1.4891630 1.7131533 1.6713670 1.7286084 1.4628303 1.8908115 1.5667995 1.1671333 1.3048761 1.6104402 1.4464227 1.6146257 1.6193894 1.5870584 1.6536003 1.6525747 1.1781494 1.6252812 1.2882362 1.2939284 1.5700224 2.3153835 1.9240461 1.9010804 2.1396589 1.7777401 3.3453733 1.9104159 
Rhoesc_Res_006283-T1                                    1.4160844 0.8479180 1.2851708 1.2288908 1.1800377 1.2232695 1.2522302 1.3671918 1.1922439 1.1905364 1.1788558 1.1937770 1.1692687 1.2210807 1.1985262 1.1814902 1.1780290 1.3306884 1.2680707 1.4061909 1.2299132 1.2887812 1.2383264 1.2528242 1.5925340 1.5625674 1.1707209 1.1626007 1.2234353 1.4086657 0.8234837 0.7814834 0.9220418 0.8703437 0.8669747 0.5724363 0.3982712 0.1800195 0.0000000 1.2271692 1.4186581 1.2969054 1.5119997 1.4784300 1.4399271 1.5201713 1.4903342 1.7405377 1.6888645 1.7186318 1.5009819 1.8714342 1.5815950 1.1370093 1.3051364 1.6205973 1.4407664 1.6110692 1.6158089 1.5683487 1.6303211 1.6292978 1.2060485 1.6402040 1.3584935 1.3765628 1.5858391 2.0840652 1.9441537 1.8706885 2.1624419 1.7570761 3.1624265 1.9195788 
Stycar_maker-SC_scaffold3392-augustus-gene-0.107-mRNA-1 0.0000010 0.6554550 0.8605925 0.7810156 0.8029160 0.7705905 0.9659143 1.3596523 0.8622101 0.8141957 0.8630336 0.8253881 0.8438164 0.9010392 1.0574331 0.9886799 0.8893767 0.9289227 0.9791323 0.9098281 1.2866560 1.2907996 0.0000010 1.2299908 1.0474197 1.0474197 1.0368776 1.0269155 1.0511815 0.9898049 1.0803837 1.2683462 1.0075775 1.0075775 0.9700057 1.1532150 1.3298944 1.1753071 1.2271692 0.0000000 0.7396832 0.9126834 0.7545859 0.8519807 1.0350583 0.0000010 1.3140666 1.3063465 1.4325297 1.1096550 1.0886845 1.0737916 1.3872700 1.4266163 1.3404006 1.4494254 1.5187715 1.4965466 1.5163697 1.4120756 1.4934675 1.4934675 2.7478772 1.1032013 1.3185841 1.2479002 1.6504978 3.3752849 1.7438701 1.5980407 2.7166691 2.9084690 3.3442789 0.0000010 
Tetwil_g23228.t2                                        1.6412431 0.6872632 1.2822211 1.2634769 1.2083152 1.2975746 1.2706635 1.3777861 1.1948132 1.2475442 1.1751278 1.2336903 1.1957306 1.2692032 1.2491882 1.2479713 1.2574861 1.2720506 1.2560438 1.3130763 1.2964605 1.4206243 1.3407809 0.9546393 1.3297496 1.3610296 1.3016917 1.2936681 1.4418784 1.3399063 1.4099799 1.1379137 1.4919119 1.3677750 1.4008210 1.4020872 1.1500256 1.4288569 1.4186581 0.7396832 0.0000000 1.3547255 1.1663100 1.1016995 1.1720306 0.8780486 1.4512537 1.2463171 1.2886655 1.2189913 1.0869466 1.1179079 1.5689382 1.5274880 1.7336687 1.5114095 1.3199672 1.4632353 1.4795564 1.5070947 1.5726306 1.5685662 1.3948489 1.7213363 1.6000139 1.5912732 1.4800073 2.5850902 2.0601944 2.5374023 2.5353045 1.4959856 2.7129623 1.6483386 
Hsap_ENST00000356406                                    1.0569641 0.8088551 0.8977928 0.9107528 1.0824103 1.1774545 1.0424678 1.0557555 0.8170595 1.1167483 1.0754259 1.0875912 1.0406259 1.1130198 1.1237293 1.2182443 1.1635637 1.1025013 1.0383267 1.1092582 0.8808590 1.0325520 1.3096221 1.2260958 1.2361107 1.2287775 1.1813582 1.1871533 1.3030725 1.2734337 1.4051234 1.2744425 1.4587348 1.3707929 1.4079794 1.2719757 1.1129198 1.3207858 1.2969054 0.9126834 1.3547255 0.0000000 1.4476321 1.4561312 1.5039726 1.2479112 1.2550122 1.6806549 1.6446381 1.5312199 1.3606942 1.7066339 1.6752841 1.5244218 1.5851991 1.5010569 1.2993501 1.4989129 1.4852121 1.4809803 1.4711079 1.4700929 1.1242975 1.4109374 1.5438466 1.6602322 1.3939059 1.7791303 1.8373665 2.4938700 2.5833952 1.6783830 3.9589733 1.3634177 
Aque_Aqu2.1.27187_001                                   1.6677674 0.7836562 1.3263683 1.3074825 1.3295094 1.3578999 1.3210759 1.4803013 1.3144471 1.5029501 1.4663224 1.4998660 1.4408240 1.5411772 1.4977106 1.5045808 1.5323574 1.3463765 1.2441962 1.3607355 1.3788968 1.5914037 1.2584301 1.3326509 1.5180177 1.4823684 1.5400020 1.5344553 1.6017937 1.4214308 1.5544620 1.4384770 1.7117840 1.5721732 1.5940199 1.6258923 1.3024385 1.4898371 1.5119997 0.7545859 1.1663100 1.4476321 0.0000000 0.5932025 0.7277112 1.2103840 1.4913259 1.5950138 1.6441389 1.3780927 1.2301697 1.4187134 1.5810496 1.5276915 1.7637573 1.6702629 1.5449719 1.6235792 1.6284452 1.5323600 1.6119582 1.6103982 1.7650770 1.6565126 1.7427362 1.7213941 1.3795866 2.0522223 2.0352543 2.4519780 2.4845840 1.8016250 2.5685776 1.5333456 
Halamb_c44517_g1_i1mm.1468                              1.2982363 0.7008729 1.2382163 1.2144919 1.2685950 1.3802370 1.2670310 1.4094533 1.2020303 1.3828218 1.3573985 1.4163221 1.3779428 1.4983109 1.4310831 1.3846200 1.4694689 1.3070610 1.2614720 1.3921466 1.2141922 1.4208508 1.3811467 1.2221140 1.4628593 1.4258659 1.4901125 1.4819683 1.6323905 1.3553747 1.5995658 1.4135709 1.5777766 1.4735424 1.4973067 1.5667901 1.3490830 1.5520330 1.4784300 0.8519807 1.1016995 1.4561312 0.5932025 0.0000000 0.7468577 1.1440972 1.3889606 1.5286280 1.4824714 1.2596222 1.1171160 1.3490723 1.4964459 1.5494451 1.6549054 1.6157893 1.4676667 1.6297258 1.6346078 1.5907134 1.5978479 1.5962848 1.5693572 1.7924041 1.5487094 1.6508416 1.5097679 2.1256747 1.9306282 2.3233613 2.6025417 1.4355392 2.7050712 1.4803316 
Xestes_maker-XT_scaffold4091-snap-gene-0.55-mRNA-1      1.3793185 0.7973732 1.2818707 1.3068392 1.3334224 1.4130953 1.2877601 1.4987774 1.2859950 1.4096240 1.4145141 1.4404656 1.4055238 1.5229625 1.4599400 1.5865699 1.4471650 1.3903665 1.2767848 1.4929394 1.2256715 1.4668620 1.3411884 1.1130372 1.4455177 1.4944023 1.5549576 1.5477159 1.6029020 1.3672090 1.4665937 1.4036823 1.4416378 1.3319355 1.4592462 1.4357748 1.3144049 1.4508750 1.4399271 1.0350583 1.1720306 1.5039726 0.7277112 0.7468577 0.0000000 1.1205672 1.5808413 1.6292640 1.6930142 1.7017058 1.3947076 1.6839077 1.6577181 1.7382504 1.8326946 1.7242633 1.6043823 1.7116477 1.7173285 1.5606488 1.6680595 1.6625592 1.8560733 1.8558596 1.7552145 1.7796252 1.4325247 2.0636397 1.9341136 2.0874825 2.6560423 1.8982089 3.2384904 1.8479706 
Stycar_maker-SC_scaffold4027-augustus-gene-0.15-mRNA-1  0.0000010 0.5205557 1.1800651 1.4291842 1.4565408 1.3560596 1.1160451 1.2012289 1.1226912 1.4112774 1.3775967 1.2982421 1.3090528 1.6787883 1.1868777 0.7892461 1.3561929 1.4238547 0.9044846 1.4283079 0.6761800 1.1321579 1.0881892 0.8200433 1.4123975 1.4131864 1.3413897 1.3256888 1.1374823 1.3647273 1.5165934 0.0000010 1.7891814 1.4958403 1.3398171 1.4804608 0.6995208 1.4616441 1.5201713 0.0000010 0.8780486 1.2479112 1.2103840 1.1440972 1.1205672 0.0000000 1.4027283 1.0379922 1.0454926 0.2827172 0.4692541 0.0000010 1.8113365 0.8543584 1.5951397 1.4651826 0.5667702 1.4776022 1.4776022 1.4368087 1.6219902 1.6018250 0.0000010 1.6442620 1.5303442 1.6321467 1.5115014 0.0000010 1.4410493 3.2757488 2.8999469 1.3163711 5.5885170 1.6499131 
Cscu_XM_023376340.1                                     1.2990346 0.7618830 1.2276992 1.0644200 1.2932433 1.3288130 1.1229011 1.1745001 1.0788116 1.2586534 1.1841943 1.1880366 1.1941927 1.2212050 1.1466354 1.2622243 1.1974178 1.3064735 1.2592503 1.4279969 1.1191676 1.1375423 1.2661333 1.1437272 1.5276219 1.4805251 1.3755563 1.3625770 1.3936921 1.3858096 1.4834175 1.2459925 1.5815719 1.4852218 1.4791574 1.4514094 1.2502324 1.4891630 1.4903342 1.3140666 1.4512537 1.2550122 1.4913259 1.3889606 1.5808413 1.4027283 0.0000000 1.7603053 1.7950392 1.6175571 1.3395846 1.7637393 1.3905124 1.5478744 1.7861056 1.4370900 1.2982831 1.4344016 1.4281723 1.4216480 1.4475450 1.4419156 1.3379323 1.4962063 1.5274068 1.6168152 1.3145182 1.5642780 1.7205052 2.6146874 2.4392712 1.5316850 3.6508319 1.9562129 
Emue_Em0015g33a.t1                                      1.3426727 1.1530036 1.5876541 1.5136462 1.4698258 1.5654136 1.4722590 1.5967539 1.4392388 1.4608982 1.4271647 1.5098782 1.5229598 1.5184697 1.5302048 1.5014766 1.4897444 1.6176168 1.5231125 1.6521558 1.4720267 1.6924298 1.3990759 1.4197367 1.7421122 1.7115028 1.5998009 1.6054375 1.6540117 1.6091637 1.6856225 1.7817328 1.8952355 1.7939633 1.8197745 1.6758790 1.5449908 1.7131533 1.7405377 1.3063465 1.2463171 1.6806549 1.5950138 1.5286280 1.6292640 1.0379922 1.7603053 0.0000000 0.2876022 1.0423800 1.0060997 1.1288077 2.0338483 1.5918647 1.9614862 1.7496743 1.6040053 1.7086800 1.7180756 1.7257721 1.8892660 1.8817825 1.7333082 1.9780928 1.9031163 1.9676060 1.7044346 2.3716770 2.0202926 2.8350534 2.6613348 1.6077845 3.2598049 1.9884241 
Spolac_c102323_g1_i1_m.28890c102323-g1                  1.3121600 1.1103682 1.5523537 1.4721984 1.4222701 1.5215214 1.4900051 1.5461841 1.4134764 1.4687697 1.4415797 1.4925594 1.5230750 1.5042574 1.5147953 1.5538087 1.5380819 1.6752515 1.5521538 1.7315378 1.4896077 1.6858016 1.3938364 1.4729560 1.7008159 1.6548539 1.6120720 1.6180456 1.6839698 1.6764603 1.8056914 1.9694336 1.9912862 1.8608748 1.8551460 1.6503785 1.6150679 1.6713670 1.6888645 1.4325297 1.2886655 1.6446381 1.6441389 1.4824714 1.6930142 1.0454926 1.7950392 0.2876022 0.0000000 0.9534503 0.9157549 1.0249953 2.0596972 1.6562127 1.9391147 1.8098545 1.7183959 1.7692123 1.7790499 1.8117694 1.9177356 1.9100881 1.6955132 2.0651216 1.9492551 1.9801556 1.7502475 2.6567402 1.9204621 2.7140209 2.6390496 1.5459906 3.2008543 1.9530088 
Spolac_c101668_g1_i2_m.26353c101668-g1                  1.0545217 1.1614257 1.4131700 1.2816043 1.2983312 1.4509386 1.4369776 1.5913183 1.2971436 1.4559019 1.4709554 1.4764301 1.4895187 1.3855350 1.4931790 2.0600383 1.4939435 1.5161951 1.6446353 1.6651674 1.7017514 1.7206119 2.1536002 2.2301834 1.6353940 1.5185954 1.4441624 1.4561064 1.7188694 1.4729867 1.6449460 1.6821714 1.6558369 1.6436289 1.5948590 1.5786051 1.6409764 1.7286084 1.7186318 1.1096550 1.2189913 1.5312199 1.3780927 1.2596222 1.7017058 0.2827172 1.6175571 1.0423800 0.9534503 0.0000000 0.0151342 0.0494924 1.8868142 1.6933162 1.8813986 1.7324129 1.7482906 1.7442993 1.7442993 1.6611646 1.7657031 1.7657031 1.5042196 1.9300953 2.1817681 2.0858660 1.5106493 2.0129146 2.3912776 1.3564008 1.8600801 1.3275797 1.4079243 0.0000010 
