96
Cscu_XM_023369959.1                                   0.0000000 0.1136861 0.1304614 0.0000010 0.0000010 0.0000010 0.0000010 0.0000010 1.6493220 1.6507095 1.7581592 1.0256427 1.5593294 1.6944157 0.0000010 0.0000010 1.5448715 1.6924186 0.0000010 1.9118913 0.0000010 1.4424417 1.6713773 1.4676361 1.3863983 1.4849882 1.3772334 1.7602072 0.0000010 1.6740183 1.6681605 1.7758012 1.6676371 1.3814336 1.7961636 1.1944244 1.4793019 1.3410324 1.3547557 0.0000010 0.0000010 2.3790024 2.3790024 1.8110281 1.4988951 4.7806446 8.9850474 2.9643908 2.9643908 2.9677022 0.0000010 0.0000010 0.0000010 0.0000010 0.0000010 2.2464258 2.3009362 0.0000010 0.0000010 2.3271562 2.2704123 2.2704123 5.6773187 1.9763644 5.3962863 0.0000010 2.7964280 8.3842443 0.0000010 0.0000010 2.5291481 0.0000010 2.5038137 2.7460079 0.0000010 9.0000000 1.6211444 0.0000010 3.6057566 0.0000010 6.9197012 1.8889439 0.0000010 0.0000010 0.0000010 5.3087990 3.3266385 2.6826268 2.6826268 2.4996124 2.2169817 2.5546595 4.7078889 2.4726831 3.0941864 3.1573926 
Cscu_XM_023357680.1                                   0.1136861 0.0000000 0.0114809 0.0000010 0.0000010 0.0000010 0.0000010 1.3323359 1.8808921 1.9055192 1.9698949 9.0000000 1.8019647 1.8790176 0.0000010 0.0000010 1.8444561 2.0328019 0.0000010 2.3458898 0.0000010 1.5833287 2.0839725 1.9243086 1.6638903 1.6497522 1.7874761 2.0684358 0.0000010 2.1703289 2.1374641 2.3960651 2.0690938 1.4773928 1.5738415 1.2369446 1.1919967 1.3818427 1.3992733 0.0000010 0.0000010 2.7884613 2.7884613 2.2041593 1.8240270 5.5921261 8.9850474 3.6349155 3.6349155 3.5898595 0.0000010 0.0000010 0.0000010 0.0000010 0.0000010 2.6603191 2.7317456 0.0000010 0.0000010 2.8509922 2.7808908 2.7808908 5.6773187 2.4994262 5.8056001 0.0000010 3.1956403 8.3842443 0.0000010 0.0000010 2.9867569 0.0000010 2.8274492 2.9544985 0.0000010 0.0000010 1.9249153 9.0000000 3.6057566 0.0000010 6.9197012 2.2092440 0.0000010 0.0000010 0.0000010 5.1702957 3.3266385 3.5702383 3.5702383 3.0829635 2.4421281 2.7083527 4.7377061 2.7348904 3.1484525 4.0214872 
Cscu_XM_023369956.1                                   0.1304614 0.0114809 0.0000000 0.0000010 0.0000010 0.0000010 0.0000010 4.0124638 1.8150154 1.7759769 1.7774686 4.1088035 1.7600196 1.8514802 0.0000010 0.0000010 1.8503172 1.8213567 1.2643763 2.1740667 0.0000010 1.8634675 2.0939637 1.9197085 1.9628786 1.8995165 1.7797266 2.0025749 1.3687326 2.2670683 2.2083020 2.3898236 1.7929001 1.9081662 1.9126345 1.7652210 1.7457668 1.7326868 1.7381817 1.8879189 1.6978906 2.5564248 2.3967488 2.2410413 2.0583372 2.7050754 3.4144579 3.1366608 3.2185448 3.1496808 0.0000010 0.0000010 0.0000010 0.0000010 2.8669372 2.6255450 2.8165749 0.0000010 0.0000010 2.8343797 2.5670223 2.6106320 3.6057393 2.3754274 3.2473847 2.1888190 2.6663281 3.2152017 0.3332614 2.3751024 2.6644085 0.0000010 2.6942753 2.8587818 0.1106571 2.3916819 1.9284824 2.1898968 4.3232749 5.4928543 3.5114936 2.0493136 0.0000010 0.0000010 0.0000010 3.5872213 2.9235300 3.1963716 3.1172301 2.8993556 3.0049668 2.9939154 3.0261984 2.6457528 2.8475290 3.6879943 
Spolac_c90525_g2_i1_m.6344c103029-g2                  0.0000010 0.0000010 0.0000010 0.0000000 0.6091340 1.0657612 0.5634046 1.0017634 1.9096068 1.3129222 1.3788005 0.0000010 1.3941044 1.6926096 1.2308156 1.3253448 1.2308223 0.0000010 0.0000010 1.7205130 1.4415893 1.7276273 1.6617415 1.4926091 1.4172216 7.2759392 1.7613884 1.6435030 1.7766916 1.6020163 1.5585418 1.3877849 1.3366964 2.3564447 2.3155824 2.4116526 2.4116526 2.3169285 2.3169285 1.5972684 4.6436145 0.0000010 1.1696838 1.4812449 1.7230893 1.1382021 0.0000010 3.7434626 3.7434626 3.6356000 0.0000010 2.5991565 2.5991565 2.5233037 2.7625021 9.0000000 2.8075658 4.6774583 4.3159292 0.0000010 0.0000010 0.0000010 0.0000010 0.0000010 0.0000010 0.0000010 0.0000010 0.0000010 3.9824179 0.0000010 2.7199151 0.0000010 0.0000010 3.2266656 0.0000010 0.0000010 0.0000010 1.6969660 1.8808768 1.7053362 1.7248963 5.2202303 0.0000010 0.0000010 0.0000010 1.9628446 0.0000010 0.0000010 5.0411234 0.0000010 3.0777907 0.0000010 1.8916627 0.0000010 0.0000010 0.0000010 
Halamb_c33237_g1_i1m.7542                             0.0000010 0.0000010 0.0000010 0.6091340 0.0000000 0.7561279 0.8453908 1.0571673 1.5989612 1.2978996 1.3031371 0.0000010 1.3438024 1.6473209 1.3265402 1.5456378 1.1594925 0.0000010 0.0000010 1.2686243 0.7303138 1.7507959 1.4567403 1.3749217 1.4734838 8.9999986 1.5395091 1.8587695 1.9936640 1.6170612 1.6227617 1.2740174 1.2539566 1.9647103 1.9605670 1.9865261 1.9865261 2.0671468 2.0671468 1.5647327 0.0000010 0.0000010 1.5037674 1.2920774 1.7024839 1.2261018 0.0000010 3.6800046 3.6800046 3.5727931 0.0000010 2.9372034 2.9372034 2.4492800 2.5986676 4.2152949 2.8118233 3.4160264 6.1771626 0.0000010 0.0000010 0.0000010 0.0000010 0.0000010 0.0000010 0.0000010 0.0000010 0.0000010 2.6370548 0.0000010 1.9332930 0.0000010 0.0000010 6.2276716 0.0000010 0.0000010 0.0000010 1.7362224 2.2315606 1.8180539 2.0234178 4.9020096 0.0000010 0.0000010 0.0000010 1.9136974 0.0000010 0.0000010 5.8318862 3.3211888 3.6518270 0.0000010 2.1125605 0.0000010 0.0000010 0.0000010 
Aque_Aqu2.1.13253_001                                 0.0000010 0.0000010 0.0000010 1.0657612 0.7561279 0.0000000 1.1499405 1.7208655 2.1490137 2.1703696 2.1730025 2.9945134 2.2014108 2.2637509 1.7863576 2.1964797 2.3133353 2.8699609 9.0000000 1.9891691 2.0678190 2.1334749 2.1734234 2.1844542 2.0989477 5.9843381 2.3530068 2.3521331 2.8326841 2.4045324 2.4102902 2.3910990 2.2855850 2.5323219 2.4769997 2.5886089 2.5985557 2.5333949 2.5333949 2.1613460 3.3600766 0.0000010 2.3841095 1.9458191 2.4305162 1.8264661 4.3075453 3.4677351 3.4677351 3.5138562 9.0000000 2.5900006 3.3706577 2.9313338 3.0840986 9.0000000 3.3642537 3.3910268 4.1054908 0.0000010 0.0000010 0.0000010 0.0000010 0.0000010 0.0000010 2.8857453 2.8857453 0.0000010 3.5841024 9.0000000 3.2074528 4.7012687 3.9420089 3.2688720 9.0000000 3.2533475 0.0000010 2.6103381 2.7702913 2.6166299 2.6546183 3.7549855 1.6637558 2.1313796 1.6350314 2.4140196 9.0000000 2.7791151 3.9957726 2.5758868 2.5833382 1.9725355 2.1649140 2.5680865 2.9138935 9.0000000 
Stycar_maker-SC_scaffold29351-snap-gene-0.4-mRNA-1    0.0000010 0.0000010 0.0000010 0.5634046 0.8453908 1.1499405 0.0000000 0.8246749 1.4905748 1.3408829 1.3301005 0.0000010 1.3289035 1.4521341 1.3386483 1.4088764 1.2944132 0.0000010 0.0000010 1.2441585 0.5310365 1.4274590 1.2112775 1.2932620 1.1533339 5.2710144 1.5149388 1.8196520 1.5917907 1.3646641 1.2800141 1.5129286 1.3276199 1.7992819 1.8066285 1.8413051 1.8465425 1.7411618 1.7411618 1.4183379 2.8613251 0.0000010 1.4305337 1.1269937 1.3911788 0.9762774 0.0000010 2.3911920 2.3911920 2.5928078 0.0000010 2.0566093 2.4434979 2.4173250 2.0518000 6.2883466 2.0062787 9.0000000 6.0404454 0.0000010 0.0000010 0.0000010 0.0000010 0.0000010 0.0000010 0.0000010 0.0000010 0.0000010 2.3859661 0.0000010 2.0484894 0.0000010 0.0000010 2.2545900 0.0000010 0.0000010 0.0000010 1.5581039 1.6148299 1.5917416 1.5259699 2.7973259 0.0000010 0.0000010 1.2641176 1.5477003 0.0000010 0.0000010 4.1136705 2.4331351 3.2277021 0.0000010 2.0359670 2.0824026 2.7702351 0.0000010 
Tetwil_g12871.t1                                      0.0000010 1.3323359 4.0124638 1.0017634 1.0571673 1.7208655 0.8246749 0.0000000 1.5588102 1.3594418 1.3795110 1.3941495 1.4371644 1.7306543 1.4403439 1.2736441 1.3710653 1.5512873 1.9290728 1.4255326 1.2414678 1.4702374 1.4542973 1.4333712 1.3539858 2.9297897 1.7054643 1.5957377 1.8700200 1.5422492 1.5289057 1.7658991 1.6096899 1.6901787 1.6872123 1.7604936 1.7753192 1.8063448 1.8000510 1.4044774 1.6784532 2.7318790 1.3594857 1.2781775 1.7369421 1.3881457 2.4745166 2.5841467 2.5841467 2.7092993 2.4984069 2.4624008 3.0876752 2.9189311 2.6235504 4.2275269 2.7817563 3.0689554 3.8020970 2.9062907 3.8046695 2.9062907 0.9917277 2.6613982 2.7453807 3.9280900 3.3582453 5.0430313 2.5756503 3.2405342 2.6651810 3.4513895 2.5463767 2.8921146 2.2947968 1.7274067 2.6034539 2.0691945 2.1570483 2.0440009 2.1019406 2.6032477 1.1029058 1.8771263 1.7948987 1.8522829 1.8826008 2.5543453 2.5682785 3.4883115 3.6033651 1.8052277 2.0721435 3.6818391 4.1518527 3.9417814 
Cgig_XM_034483456.1                                   1.6493220 1.8808921 1.8150154 1.9096068 1.5989612 2.1490137 1.4905748 1.5588102 0.0000000 1.1150747 1.0743396 0.7670488 1.1407902 1.2407199 1.3399752 1.2627098 1.1420981 1.2672594 0.8397996 1.2248547 0.9829847 0.5946615 1.0289043 0.9066932 0.9337337 1.8862586 1.3561966 1.2712226 1.1918129 1.4059978 1.3808707 1.4180439 1.1786424 1.4073204 1.4323509 1.4252038 1.4565609 1.3846191 1.3852795 1.3785511 1.4195441 1.8215645 1.4369375 1.3212399 1.2939885 1.8845223 2.1209634 2.3186922 2.3070984 2.4912209 1.2609253 2.4864087 3.5573654 2.9140768 2.3182298 3.0792924 2.4745429 2.7092638 3.1838966 2.3624724 2.3308138 2.2468727 2.8641764 2.2954679 2.6145479 1.4630033 2.1487899 1.9802835 2.8003874 2.1932811 2.5136331 3.2627167 2.3871567 2.4954118 1.1894469 1.7113858 1.6210096 1.9462438 2.2013555 2.0519228 2.0839106 2.0380994 1.4804676 2.1630159 2.3997159 1.8796772 2.2424127 2.4996038 2.4646877 2.4680239 2.9082782 2.6217726 1.7970796 2.6853992 3.0189889 2.6102520 
Gasp_gasp1.m3.21854.m1                                1.6507095 1.9055192 1.7759769 1.3129222 1.2978996 2.1703696 1.3408829 1.3594418 1.1150747 0.0000000 0.1366494 0.1248817 0.1107046 0.1864608 0.1042975 0.2653756 0.2221726 0.3064809 0.2998906 0.7121804 0.3577054 1.0856505 0.9752505 0.9679539 0.9603980 0.5859154 1.0756440 0.9733779 0.9127628 1.0294349 0.9837878 1.1334790 0.8621572 1.3263887 1.3516789 1.3100143 1.3201114 1.2951018 1.2911448 1.1661769 1.4813942 1.9620854 1.3531096 1.1828095 1.2947887 1.6346860 2.0717019 2.2716117 2.2656371 2.4560906 1.4325743 1.7001214 1.9016412 2.3924442 2.1795488 2.3466782 2.2374874 2.7651196 3.0753062 2.0932497 1.8573430 2.0776314 2.8302707 1.8542210 2.1534791 1.7280265 1.9197471 2.0915657 2.4781735 2.5330701 2.3832809 3.6140069 2.3059685 2.3701183 1.2836929 1.5320484 0.7176512 1.8499263 2.0241755 1.8971267 1.8325785 2.0585428 1.1559827 2.0174380 1.8587999 1.9675086 2.1553323 2.4119521 2.3833012 2.2137730 2.4685440 2.3481955 1.7949700 3.0968487 3.3394052 2.4631894 
Spis_XP_022779506_1                                   1.7581592 1.9698949 1.7774686 1.3788005 1.3031371 2.1730025 1.3301005 1.3795110 1.0743396 0.1366494 0.0000000 0.1157404 0.1535841 0.1184734 0.1596815 0.3193621 0.2493373 0.3287305 0.3152073 0.7431222 0.3596280 1.0751952 0.9755631 0.9618608 0.9372690 0.6892959 1.0841666 1.0012391 0.9246312 1.0580466 1.0027930 1.1530944 0.8906544 1.3253463 1.3473595 1.3197365 1.3278704 1.3097550 1.3058537 1.1875105 1.4250174 1.8847152 1.3511021 1.1959048 1.2848615 1.6357501 2.0243972 2.3133003 2.3079001 2.5111875 1.3918371 1.8468187 2.1462279 2.5115465 2.1734399 2.3945276 2.3080868 2.7751037 3.1350138 2.2156673 2.1255981 2.3140325 2.7502083 2.1443162 2.1985479 1.6176306 1.9027880 2.0338626 2.4764983 2.4456724 2.3579230 3.4402318 2.2518757 2.3825186 1.2571141 1.5746150 0.7321912 1.8451051 2.0370976 1.8564376 1.8434889 2.0978627 1.1969371 1.8507089 1.7145302 1.9191279 2.1515481 2.3841036 2.3620276 2.0770690 2.5400542 2.3254890 1.7595335 3.1851487 3.3962423 2.3996338 
Gfas_gfas1.m1.16589.m1                                1.0256427 9.0000000 4.1088035 0.0000010 0.0000010 2.9945134 0.0000010 1.3941495 0.7670488 0.1248817 0.1157404 0.0000000 0.1267057 0.1721113 0.0000010 0.3372477 0.1132100 0.2300123 0.3754120 0.5086492 0.2458352 0.7330537 0.7325429 0.6084598 0.6635524 1.4633202 0.8910630 0.8041869 0.9475971 0.8819765 0.8411112 0.9967966 0.7409624 0.9452415 0.9471808 0.9363982 0.9586187 0.9216041 0.9158523 1.0242713 1.3003547 0.6855726 1.0159149 0.8785017 0.8933291 1.4712424 1.9380393 2.0838703 2.0838703 2.3492294 1.6775059 0.0000010 0.0000010 2.8562475 2.0656855 0.6820358 2.1159766 3.1719224 2.5459216 0.9414776 0.9414776 0.9414776 0.0000010 0.8980701 1.2431071 2.8901673 2.1788691 4.9060461 2.5215817 2.6153997 2.4258013 3.1157111 2.2940446 2.1531355 1.3327698 1.3703585 1.0852213 1.9215694 2.0833346 1.7277910 1.8692357 1.9204095 1.1448373 2.0346509 2.0163930 1.6051636 2.0978961 2.1556933 2.1024772 1.8746909 2.6752701 1.9031295 2.4629836 3.7884573 3.8097298 2.5679511 
Fspp_ffun1.m4.11982.m1                                1.5593294 1.8019647 1.7600196 1.3941044 1.3438024 2.2014108 1.3289035 1.4371644 1.1407902 0.1107046 0.1535841 0.1267057 0.0000000 0.2060969 0.1276772 0.2669453 0.2299489 0.3069858 0.2795715 0.7397171 0.3906189 1.0772094 0.9853730 0.9555229 0.9478376 0.5916827 1.0966535 1.0010490 0.9187692 1.0467100 0.9867814 1.1621491 0.8924721 1.2936879 1.3069143 1.2593855 1.2712746 1.2628044 1.2589293 1.1928316 1.4005943 1.7121597 1.3290475 1.1721292 1.2659192 1.6479988 2.0351131 2.2753303 2.2753303 2.4772549 1.4173478 1.7038480 1.8568216 2.3927686 2.1701071 2.3323631 2.2313079 2.9248524 3.1390678 2.1344382 1.9320399 2.1277700 2.9895281 1.9513696 2.2543944 1.5707995 1.8608554 2.0957332 2.5028466 2.4609910 2.3615736 3.6045926 2.3782574 2.4515604 1.2584793 1.5736205 0.6893146 1.9049045 2.0501059 1.8962141 1.8465141 2.0485935 1.2223900 1.9944462 1.8096862 1.9224325 2.1667530 2.4389806 2.4183252 2.2549088 2.5287858 2.3548659 1.8134364 3.1395269 3.5438092 2.4164632 
Pocdam_XM_027190707.1                                 1.6944157 1.8790176 1.8514802 1.6926096 1.6473209 2.2637509 1.4521341 1.7306543 1.2407199 0.1864608 0.1184734 0.1721113 0.2060969 0.0000000 0.1631002 0.3145535 0.3049395 0.4259180 0.3324481 0.9380027 1.4962070 1.2218084 1.1731519 1.1638543 1.1572344 0.4754140 1.2676639 1.2007000 1.0097190 1.2583534 1.1255801 1.3918064 1.0618194 1.3917230 1.4210376 1.3541762 1.3570795 1.3698610 1.3661076 1.4436743 1.3106580 2.0278844 1.6087218 1.4239629 1.3857464 1.9465729 2.0649088 2.1991746 2.1925736 2.5121361 1.3640092 2.3152365 2.5978828 2.9078041 2.1406190 2.1997835 2.1036309 4.9378857 8.9999986 2.0804644 1.8866993 2.0817091 2.9424494 1.8837342 2.1562270 1.6533281 1.9276644 2.1090313 2.4426892 2.4695494 2.4182532 0.0000010 2.2941986 2.3117357 1.2374085 1.8089251 0.7433426 1.9392249 2.2668951 2.1827705 1.9843070 1.8672734 0.0000010 2.6377909 1.5018196 2.5703471 2.1329851 2.6656788 2.5520640 2.1947497 2.5013969 2.7793907 3.2965591 3.1752136 3.6012707 2.3120288 
Gfas_gfas1.m1.16350.m1                                0.0000010 0.0000010 0.0000010 1.2308156 1.3265402 1.7863576 1.3386483 1.4403439 1.3399752 0.1042975 0.1596815 0.0000010 0.1276772 0.1631002 0.0000000 0.1752954 0.1509203 0.0000010 0.0000010 0.8130889 0.0000010 1.0800621 1.1110706 1.1745091 1.0210895 3.8982987 1.1326897 1.0890462 0.8762274 0.9664581 0.9037856 1.0013816 0.9137981 1.5769593 1.5946265 1.5663401 1.5445395 1.5261649 1.5261649 1.2986719 4.2769103 0.0000010 1.3806467 1.0956433 1.2548815 1.5398284 0.0000010 2.5860458 2.5860458 3.0337120 0.0000010 1.8469572 1.9219325 2.3395669 1.9297467 7.4481328 2.1478520 1.3660188 5.6322267 0.0000010 0.0000010 0.0000010 0.0000010 0.0000010 0.0000010 0.0000010 0.0000010 0.0000010 2.3355668 0.0000010 1.9915415 0.0000010 0.0000010 2.3079144 0.0000010 0.0000010 0.0000010 1.5979511 1.6406685 1.8963051 1.5503922 3.0434081 0.0000010 0.0000010 0.3575907 1.5339092 0.0000010 0.0000010 3.9415600 7.7561280 2.7289243 0.0000010 2.2856649 1.8421489 3.0830352 9.0000000 
Adig_XM_015905988.1                                   0.0000010 0.0000010 0.0000010 1.3253448 1.5456378 2.1964797 1.4088764 1.2736441 1.2627098 0.2653756 0.3193621 0.3372477 0.2669453 0.3145535 0.1752954 0.0000000 0.0734041 1.8828281 1.8591559 0.9724872 0.0000010 1.1454042 1.2165041 1.2194350 1.1672108 4.4579914 1.3077716 1.3530732 1.7281450 1.2113390 1.1113837 1.2906219 0.9946382 1.7980631 1.7967360 1.7777062 1.7503135 1.7099688 1.7099688 1.5074773 2.0279627 0.0000010 1.4326244 1.3093974 1.4282955 1.7267017 4.7742022 2.5290898 2.5290898 2.9250390 3.1583411 2.0021436 2.1616771 2.4636368 2.0642315 5.4590928 2.4193865 0.7248164 8.9999982 0.0000010 0.0000010 0.0000010 0.0000010 0.0000010 6.5507807 5.4985152 5.4985152 8.0526892 2.0980726 5.3271308 2.3474071 0.0000010 6.0314326 2.8709792 5.9805838 2.5173502 0.0000010 1.9402702 2.0034408 2.2556021 1.7921739 2.6618574 0.0000010 0.0000010 0.3575907 1.8428349 3.3668308 4.5679259 3.5681372 6.4183646 3.2683584 3.7751461 4.1873344 1.9259035 3.6854378 3.4421478 
Amil_Amillepora09057-RA                               1.5448715 1.8444561 1.8503172 1.2308223 1.1594925 2.3133353 1.2944132 1.3710653 1.1420981 0.2221726 0.2493373 0.1132100 0.2299489 0.3049395 0.1509203 0.0734041 0.0000000 0.0511702 0.3173150 0.7484100 0.4161357 1.1030905 1.0253918 0.9938148 0.9916842 0.4503345 1.1173372 1.0233469 0.9616996 1.0767675 1.0215862 1.1733547 0.9286215 1.3414437 1.3631256 1.3094286 1.3342135 1.2786593 1.2743926 1.1939449 1.4159487 1.8743946 1.3733389 1.1851440 1.3391835 1.5904742 2.0134816 2.2502756 2.2577263 2.4139613 1.4225961 1.7140087 1.9218673 2.5149737 2.1568726 2.1412370 2.2542285 3.0761536 3.4286132 1.8942352 1.5988875 1.8874843 2.6744301 1.6334274 2.1335728 1.8301956 1.9514914 2.1621302 2.5071001 2.5694072 2.3367959 4.4813956 2.3414057 2.2725106 1.3306970 1.5596288 0.8636049 1.8229971 2.0579181 1.8613048 1.7958977 2.0030890 1.0817308 1.7641546 1.5415822 1.9192631 2.2796874 2.1523198 2.2287829 2.2010776 2.3610320 2.3457212 1.7525101 3.1554939 3.3888323 2.1981995 
Adig_XM_015905987.1                                   1.6924186 2.0328019 1.8213567 0.0000010 0.0000010 2.8699609 0.0000010 1.5512873 1.2672594 0.3064809 0.3287305 0.2300123 0.3069858 0.4259180 0.0000010 1.8828281 0.0511702 0.0000000 0.5631476 0.8569757 0.2816405 1.3228366 1.1818375 1.1973489 1.1855659 0.5000728 1.1612567 1.1031548 0.9315915 1.1790695 1.1017266 1.3090355 1.0748387 1.5710273 1.5947218 1.4990858 1.5637790 1.4763961 1.4741202 1.1536293 2.0569615 1.9089264 1.4554449 1.4550703 1.6735620 1.8886153 2.1963827 2.3949038 2.4074714 2.2629573 1.1797552 0.0000010 0.0000010 2.8562475 3.0445210 2.2478281 2.5377393 2.9169217 2.9027035 1.9310507 1.6628280 1.9325288 2.7445235 1.7544501 2.3273849 1.4822629 1.8510009 1.6550305 2.4205615 2.4434131 2.4122592 2.8131985 2.4648022 2.3054715 1.4359866 1.8118395 0.7920074 1.6401834 2.0634903 2.2293703 1.9487316 1.9327731 1.3700466 1.8841239 1.8981573 2.6267366 2.3632005 2.5631365 2.5130776 2.0359440 2.2099505 2.5711947 3.1233220 2.7475058 2.9452461 2.3913754 
Nvec_NVE10847                                         0.0000010 0.0000010 1.2643763 0.0000010 0.0000010 9.0000000 0.0000010 1.9290728 0.8397996 0.2998906 0.3152073 0.3754120 0.2795715 0.3324481 0.0000010 1.8591559 0.3173150 0.5631476 0.0000000 0.5663266 0.0000010 0.7596356 0.7767109 0.7775522 0.7431054 0.5070138 0.9469095 0.8810328 0.7221700 0.7617311 0.7857717 0.9457925 1.0643599 0.9181973 0.9053873 0.8890825 0.8890825 0.9166709 0.9043079 1.0453197 0.9359950 0.0000010 1.0436839 1.0013316 0.9368412 1.2793595 1.4108805 1.3905709 1.3905709 1.7138746 1.2709903 0.0000010 0.0000010 0.0000010 1.6161355 0.0000010 1.4357231 0.0000010 0.0000010 0.0000010 0.0000010 0.0000010 0.0000010 0.0000010 1.0542681 1.0998825 1.0998825 1.5239605 0.0000010 1.7477329 1.7792378 0.0000010 1.7272051 3.3484994 1.1522421 1.1754424 0.9504590 1.6699476 1.9434069 2.0196425 1.6338096 1.4055923 0.0000010 2.4460894 2.9119990 5.0346881 1.8052965 2.9146054 2.6220963 0.0000010 3.6368172 3.5901663 1.9486469 4.1643217 4.3674402 1.3422428 
Dgig_XM_028554100.1                                   1.9118913 2.3458898 2.1740667 1.7205130 1.2686243 1.9891691 1.2441585 1.4255326 1.2248547 0.7121804 0.7431222 0.5086492 0.7397171 0.9380027 0.8130889 0.9724872 0.7484100 0.8569757 0.5663266 0.0000000 0.5871162 1.1830936 1.1442702 1.0320367 1.0266134 1.3700047 1.1454916 1.0784506 1.0529822 1.1244557 1.0864914 1.2809974 1.0274850 1.3451809 1.3583172 1.3637148 1.4024470 1.3816619 1.3809190 1.2065922 1.4717699 2.0494049 1.3669880 1.2787232 1.4082640 1.6804544 1.9806171 2.2554764 2.2574344 2.3959257 1.3378852 1.7985394 2.0762788 2.3282001 2.1885167 2.1778433 2.2863019 2.7695539 3.0252253 1.9039707 1.7270460 1.8696272 2.7281679 1.6376016 2.4585365 1.5011585 2.0040223 1.9079567 2.6686992 2.4683084 2.3772738 3.2838718 2.3048113 2.3921970 1.2959413 1.5946725 1.0696917 1.7641510 2.0479330 1.7764390 1.8465191 2.0448128 1.0987275 2.1064674 1.9083024 1.8456910 2.1445066 2.7388611 2.6882701 1.9956809 2.6080450 2.3738898 1.8850231 2.9004700 3.4808675 2.6231903 
Nvec_NVE10848                                         0.0000010 0.0000010 0.0000010 1.4415893 0.7303138 2.0678190 0.5310365 1.2414678 0.9829847 0.3577054 0.3596280 0.2458352 0.3906189 1.4962070 0.0000010 0.0000010 0.4161357 0.2816405 0.0000010 0.5871162 0.0000000 0.9027751 0.8121257 0.7931944 0.7299251 2.5213322 0.8761431 0.8116952 0.9669616 0.9597470 0.9112444 1.0219266 0.8504494 1.2378736 1.2645790 1.3059717 1.3419455 1.3151905 1.3151905 1.0152959 2.5355280 0.0000010 0.9648801 0.9328980 1.2784939 1.4171676 8.9999982 2.9134934 2.9134934 2.7926773 0.0000010 1.5344387 1.3937427 2.4133108 2.5892999 8.9999982 2.8882911 3.0133567 2.4110818 0.0000010 0.0000010 0.0000010 0.0000010 0.0000010 8.9999982 1.6826503 2.2564541 0.0000010 2.4794094 8.9999982 2.5865517 3.2376550 2.6891619 1.8649991 0.0000010 1.1568412 0.3389438 1.7973972 1.6516847 1.7055746 1.5856637 2.9122665 1.2331961 2.0007543 1.8990643 1.4070749 0.0000010 2.5405392 2.4854497 1.3352265 1.5961177 1.6740811 1.1750866 2.2108044 1.6886949 0.0000010 
Acagra_model.g30773.t1                                1.4424417 1.5833287 1.8634675 1.7276273 1.7507959 2.1334749 1.4274590 1.4702374 0.5946615 1.0856505 1.0751952 0.7330537 1.0772094 1.2218084 1.0800621 1.1454042 1.1030905 1.3228366 0.7596356 1.1830936 0.9027751 0.0000000 1.0573082 0.8786814 0.8992510 1.7119460 1.2723822 1.2172366 1.1182827 1.3591383 1.3028965 1.4727250 1.1559282 1.3388433 1.3837717 1.3737590 1.4162528 1.3389406 1.3356454 1.3272939 1.4336237 1.8742170 1.4185537 1.3055635 1.2618728 1.7704631 1.9174438 2.2080958 2.2199812 2.4007950 1.2101536 2.1200535 2.5577742 2.7055739 2.1902245 3.0849344 2.3692087 2.9823972 3.3323416 2.3657984 2.2237728 2.1882541 3.2639554 2.1406515 2.4560178 1.4905395 2.3367353 1.9136191 2.6427416 2.4042313 2.4950361 3.0949488 2.3535677 2.5348808 1.0814107 1.6924210 1.6810705 1.8219280 2.1285312 1.9580774 2.0747006 1.9877384 1.5577055 2.0901350 2.3341638 1.8162122 2.2501768 2.5912245 2.5840346 2.4824201 2.7100758 2.6515520 1.7550422 2.5643748 2.8440390 2.7922539 
Spur_XM_030976243.1                                   1.6713773 2.0839725 2.0939637 1.6617415 1.4567403 2.1734234 1.2112775 1.4542973 1.0289043 0.9752505 0.9755631 0.7325429 0.9853730 1.1731519 1.1110706 1.2165041 1.0253918 1.1818375 0.7767109 1.1442702 0.8121257 1.0573082 0.0000000 0.8825762 0.7405047 1.5592308 1.3696694 1.2644859 1.1262124 1.3528788 1.2881027 1.4791416 1.1404673 1.3801771 1.3947315 1.3518500 1.3657050 1.4071921 1.4080856 1.2139154 1.4425367 2.0169827 1.3915719 1.3348238 1.2197801 1.8912932 1.9672044 2.2384651 2.2503760 2.4362291 1.4144952 1.8640031 2.1910232 2.4021024 2.1727324 2.6645533 2.3064747 2.7147391 3.0650945 2.3660409 2.1780317 2.3421029 2.9344944 2.0720155 2.6024515 1.5410642 2.1771469 2.4188126 2.3806582 2.4027885 2.4920840 3.0952666 2.4032689 2.8470494 1.2056180 1.7316143 1.5970768 1.8252787 2.1464333 1.8445818 1.9539289 2.0678787 1.5177696 2.2398147 2.0855627 1.7492387 2.0884320 2.7074093 2.6396307 2.0626810 2.7393319 2.4308570 1.8875373 2.9085900 3.3939577 2.6276847 
Bralan_BLAG07000988_1                                 1.4676361 1.9243086 1.9197085 1.4926091 1.3749217 2.1844542 1.2932620 1.4333712 0.9066932 0.9679539 0.9618608 0.6084598 0.9555229 1.1638543 1.1745091 1.2194350 0.9938148 1.1973489 0.7775522 1.0320367 0.7931944 0.8786814 0.8825762 0.0000000 0.7280771 1.5980370 1.2385721 1.1874042 1.0596440 1.2432128 1.2242732 1.3413007 1.0301514 1.3276314 1.3504523 1.3155811 1.3513237 1.3216507 1.3211798 1.2319672 1.3345852 1.8076734 1.3281808 1.2537176 1.0982432 1.7331762 2.0113527 2.3140543 2.3156891 2.4177229 1.3828037 2.0472369 2.4955219 2.6463912 2.1534195 2.6009992 2.3021111 2.8794601 3.1455617 2.3022817 2.0465853 2.3951174 3.4278267 1.9035466 2.3819424 1.4780421 2.0710471 1.8364825 2.5678500 2.3153468 2.3175675 3.3997037 2.2998638 2.5333453 1.1530377 1.5994194 1.5303824 1.7903795 2.0055937 1.8176690 1.9971366 1.9501947 1.5035519 2.4026308 2.2729286 1.6710382 1.9611439 2.4531526 2.3700903 2.3717571 2.5990474 2.4533506 1.7723066 2.5427800 3.2629362 2.6164597 
Skow_XM_006820347.1                                   1.3863983 1.6638903 1.9628786 1.4172216 1.4734838 2.0989477 1.1533339 1.3539858 0.9337337 0.9603980 0.9372690 0.6635524 0.9478376 1.1572344 1.0210895 1.1672108 0.9916842 1.1855659 0.7431054 1.0266134 0.7299251 0.8992510 0.7405047 0.7280771 0.0000000 1.6226762 1.2204464 1.2029399 1.1122731 1.2509993 1.2184616 1.3213813 1.0522272 1.3308264 1.3366536 1.3123998 1.3434545 1.3206035 1.3194459 1.1826303 1.3714056 2.0125430 1.3635142 1.1860971 1.1045611 1.6980637 2.0401212 2.2402809 2.2447659 2.4123789 1.5381824 1.8837188 2.3230265 2.3723808 2.0315135 2.4953676 2.2263464 2.6294703 3.0332434 2.1937215 2.1074947 2.1775739 2.9805245 1.9659784 2.4775769 1.5594680 1.9642965 2.2241195 2.4143567 2.1817614 2.3437403 3.0249589 2.2799005 2.3980575 1.1173787 1.6294747 1.5018291 1.8264026 2.1300418 1.8756073 1.9392399 1.9829563 1.3644635 2.2928736 2.0706766 1.7006715 1.9216446 2.4438590 2.4180247 2.4482028 2.5030746 2.3596823 1.6297503 2.5632303 3.2107198 2.6086424 
Gfas_gfas1.m1.16587.m1                                1.4849882 1.6497522 1.8995165 7.2759392 8.9999986 5.9843381 5.2710144 2.9297897 1.8862586 0.5859154 0.6892959 1.4633202 0.5916827 0.4754140 3.8982987 4.4579914 0.4503345 0.5000728 0.5070138 1.3700047 2.5213322 1.7119460 1.5592308 1.5980370 1.6226762 0.0000000 1.6329517 1.4525993 1.7886351 1.4459642 1.3835794 1.4450860 1.3099001 2.0064303 2.0947245 1.8522304 1.9422819 1.8838695 1.8759066 2.5254272 2.9396693 1.8173966 2.0169113 1.9923210 1.9293870 3.4088108 2.6922329 2.9093791 2.9264737 2.8366066 1.1854089 3.0088294 2.4628699 4.1266759 4.2154660 2.1394616 2.7181976 4.1742252 4.2494884 1.8966542 1.7415458 1.9639628 2.6344779 1.6786083 2.4349173 0.0000010 1.8785601 1.9015107 4.3117061 3.6053995 2.6762312 4.2319351 2.7452299 2.2681386 1.8601364 2.1023629 0.7614614 3.4839967 3.3647401 3.2282083 2.9180791 2.2628165 3.6579403 3.1679997 3.6777486 3.1697708 4.3767030 2.2013978 2.1947755 2.0126878 1.8290656 2.3371178 4.0766217 2.8359990 3.1391363 3.1549756 
Hvul_g5396_1                                          1.3772334 1.7874761 1.7797266 1.7613884 1.5395091 2.3530068 1.5149388 1.7054643 1.3561966 1.0756440 1.0841666 0.8910630 1.0966535 1.2676639 1.1326897 1.3077716 1.1173372 1.1612567 0.9469095 1.1454916 0.8761431 1.2723822 1.3696694 1.2385721 1.2204464 1.6329517 0.0000000 0.6762315 0.9047857 1.0630732 1.0259189 1.2151154 0.9748465 1.4514383 1.5131588 1.4683748 1.5040705 1.4643056 1.4630540 1.5271123 1.7315300 1.8463832 1.5657580 1.3745638 1.4317985 2.0324280 2.1885703 2.5368386 2.5379868 2.6236243 1.5092049 2.1068453 2.3331720 2.8792527 2.5236487 2.5094897 2.5642114 2.9738784 3.4770454 2.2818287 1.9611877 2.1115234 3.1309569 1.8990336 2.5733027 1.4567375 2.1421475 2.0854239 2.7716440 2.3446129 2.3881993 3.5363936 2.5064673 2.9387674 1.3415531 1.5188311 1.3496802 1.9005557 2.1346749 2.0131700 2.0526101 2.2908447 1.2898663 2.0106414 2.0195004 2.0978350 2.1655650 2.6732463 2.6832095 2.2586075 2.6369379 2.3840170 2.0032672 3.0228853 3.4600734 2.4070668 
Chem_TCONS_00009286                                   1.7602072 2.0684358 2.0025749 1.6435030 1.8587695 2.3521331 1.8196520 1.5957377 1.2712226 0.9733779 1.0012391 0.8041869 1.0010490 1.2007000 1.0890462 1.3530732 1.0233469 1.1031548 0.8810328 1.0784506 0.8116952 1.2172366 1.2644859 1.1874042 1.2029399 1.4525993 0.6762315 0.0000000 0.8509114 0.9830505 0.9353930 1.0910014 0.8310681 1.4002950 1.4442334 1.4306274 1.4523870 1.3998985 1.4002903 1.3743703 1.5179857 1.5522024 1.3695902 1.3246963 1.3734777 1.9170826 2.1167874 2.4040945 2.4148818 2.5214608 1.4496560 2.0794602 2.5062458 2.7407436 2.3947534 2.5595919 2.4146504 2.9097234 3.3202520 2.4008992 2.0367209 2.2632555 3.5191587 1.9633685 2.4155057 1.5178553 1.9891311 2.0327615 2.7390077 2.3018511 2.4669679 4.1219960 2.3570242 2.5401454 1.3032484 1.5229762 1.2608628 1.9834883 2.2091726 2.0277696 2.0991055 2.2278002 1.2997662 2.2387806 2.1528506 1.9756320 2.1401927 2.5971929 2.5729137 2.2181518 2.5624721 2.4724345 1.8964335 2.8956427 3.1819717 2.3922614 
Aaur_scaffold695.g1.t4                                0.0000010 0.0000010 1.3687326 1.7766916 1.9936640 2.8326841 1.5917907 1.8700200 1.1918129 0.9127628 0.9246312 0.9475971 0.9187692 1.0097190 0.8762274 1.7281450 0.9616996 0.9315915 0.7221700 1.0529822 0.9669616 1.1182827 1.1262124 1.0596440 1.1122731 1.7886351 0.9047857 0.8509114 0.0000000 0.3560648 0.3477704 0.6697196 0.7806422 1.3440559 1.3401014 1.3969297 1.3836342 1.3868163 1.3820297 1.3330593 1.5827887 0.0000010 1.2932524 1.2955681 1.3068232 1.8327022 1.7630750 2.3611197 2.3611197 2.4317446 1.3445891 2.4315684 2.3831799 3.1359680 2.2919638 2.6971976 2.4509455 3.3444187 2.8873219 0.0000010 0.0000010 0.0000010 0.0000010 0.0000010 1.5179504 1.1976740 1.1976740 1.6741820 3.0326717 1.8885318 2.2817064 3.7113745 2.1980445 2.7236471 1.2109541 1.4863660 0.7935041 1.9935199 2.0569749 2.1127145 2.0239989 2.2385473 1.6169414 2.4330830 2.2731722 1.9694966 1.7327798 2.5517462 2.4486521 1.8966644 3.2532966 2.4023553 1.5946271 3.4845148 3.7844823 1.9720014 
Nemnom_g14887.t1                                      1.6740183 2.1703289 2.2670683 1.6020163 1.6170612 2.4045324 1.3646641 1.5422492 1.4059978 1.0294349 1.0580466 0.8819765 1.0467100 1.2583534 0.9664581 1.2113390 1.0767675 1.1790695 0.7617311 1.1244557 0.9597470 1.3591383 1.3528788 1.2432128 1.2509993 1.4459642 1.0630732 0.9830505 0.3560648 0.0000000 0.1635582 0.7307226 0.8194432 1.5519148 1.5936350 1.5775902 1.6276608 1.5497981 1.5446270 1.2885801 1.5202970 2.0656347 1.4172670 1.3838111 1.4505673 1.9013599 2.1296099 2.3455787 2.3592169 2.4732072 1.3417685 2.0897495 2.2645507 2.6327302 2.2270237 2.7655761 2.4637534 3.3068349 3.3769966 2.5999020 2.4431509 2.5874318 3.4542790 2.3863834 2.7436559 1.5234863 2.1295011 2.5505485 2.5786259 2.3149899 2.3946856 3.4204249 2.5397732 2.7829272 1.2622191 1.8009716 1.3536268 1.8864735 2.0221538 1.8905787 2.0408423 2.3624461 1.5697642 2.2975430 2.0968053 2.0560061 2.2372738 2.5709748 2.5908297 2.7285929 2.9593569 2.6432450 2.1454258 3.1806872 3.6471305 2.5654443 
Rhoesc_Res_010659-T1                                  1.6681605 2.1374641 2.2083020 1.5585418 1.6227617 2.4102902 1.2800141 1.5289057 1.3808707 0.9837878 1.0027930 0.8411112 0.9867814 1.1255801 0.9037856 1.1113837 1.0215862 1.1017266 0.7857717 1.0864914 0.9112444 1.3028965 1.2881027 1.2242732 1.2184616 1.3835794 1.0259189 0.9353930 0.3477704 0.1635582 0.0000000 0.7031951 0.8012853 1.4681429 1.5059932 1.5038426 1.5498630 1.4840245 1.4834912 1.3025780 1.4807555 2.0511414 1.4313900 1.3292391 1.4107537 1.8723966 2.1123257 2.3861781 2.3995425 2.4810483 1.3821612 2.1284386 2.2683685 2.6409359 2.2042654 2.6778119 2.4444286 3.3168225 3.4858879 2.4559000 2.2195252 2.3128940 3.2994777 2.1334489 2.6997112 1.5598182 2.0869115 2.3699185 2.5841663 2.3483152 2.3535519 3.3311677 2.5562307 2.6720975 1.2665466 1.6741944 1.1943548 1.8712866 1.9878324 1.9044017 2.0645584 2.2860333 1.6157384 2.2454430 1.9636075 1.9840809 2.2014055 2.5720723 2.6093506 2.5890618 2.7856670 2.5950502 2.0302341 3.1330554 3.4286784 2.4754429 
Sanmal_Sma_025089-T1                                  1.7758012 2.3960651 2.3898236 1.3877849 1.2740174 2.3910990 1.5129286 1.7658991 1.4180439 1.1334790 1.1530944 0.9967966 1.1621491 1.3918064 1.0013816 1.2906219 1.1733547 1.3090355 0.9457925 1.2809974 1.0219266 1.4727250 1.4791416 1.3413007 1.3213813 1.4450860 1.2151154 1.0910014 0.6697196 0.7307226 0.7031951 0.0000000 0.9524677 1.7142800 1.7439822 1.7140480 1.7630486 1.7272041 1.7260017 1.4944665 1.9007717 2.0936770 1.6095095 1.5315519 1.5339730 2.0193904 2.1384005 2.5890619 2.5891724 2.6865241 1.6602325 2.2373018 2.3635041 2.8724093 2.5149074 3.0066531 2.7771002 3.5760445 3.7493938 2.7303492 2.2341828 2.5850544 4.3998480 2.2614781 2.9552500 1.6034850 2.1996500 2.5068398 2.8672804 2.4523691 2.5277690 3.6816507 2.5941621 3.1150267 1.5028155 1.8579418 1.6309428 1.9955692 2.1069373 2.0405479 2.1106586 2.3866950 1.5758498 2.3685385 2.1221742 2.0652534 2.4841111 2.6659112 2.6609794 2.6546886 2.7532213 2.6544399 2.0927009 3.2218204 3.4982300 2.5605110 
Morvir_scaffold392.g4.t1                              1.6676371 2.0690938 1.7929001 1.3366964 1.2539566 2.2855850 1.3276199 1.6096899 1.1786424 0.8621572 0.8906544 0.7409624 0.8924721 1.0618194 0.9137981 0.9946382 0.9286215 1.0748387 1.0643599 1.0274850 0.8504494 1.1559282 1.1404673 1.0301514 1.0522272 1.3099001 0.9748465 0.8310681 0.7806422 0.8194432 0.8012853 0.9524677 0.0000000 1.3326702 1.3785027 1.3289578 1.3615524 1.3617072 1.3594779 1.2256932 1.3781207 1.7564301 1.3303236 1.2608600 1.3755090 1.8546414 1.9962894 2.4475766 2.4475766 2.5177031 1.8567714 1.9393966 1.9716697 2.5705258 2.3005135 2.5076777 2.4281373 3.1463445 3.3159639 2.4417950 2.3309980 2.4755314 3.4037545 2.0911827 2.6086796 1.7462716 2.1112225 2.5431175 2.7096595 2.0431230 2.2784810 3.7891238 2.4283003 2.6863184 1.2390948 1.5471777 1.0387557 1.8991925 2.0455999 1.8794549 2.0213046 2.3122935 1.5206721 2.4249287 2.3596840 1.8259877 2.3854003 2.3266554 2.3872023 2.5128954 2.5611346 2.3466491 1.9979888 3.0193324 3.4229231 2.6435656 
HoiH23_PlH23_001637-RA                                1.3814336 1.4773928 1.9081662 2.3564447 1.9647103 2.5323219 1.7992819 1.6901787 1.4073204 1.3263887 1.3253463 0.9452415 1.2936879 1.3917230 1.5769593 1.7980631 1.3414437 1.5710273 0.9181973 1.3451809 1.2378736 1.3388433 1.3801771 1.3276314 1.3308264 2.0064303 1.4514383 1.4002950 1.3440559 1.5519148 1.4681429 1.7142800 1.3326702 0.0000000 0.0823995 0.1602593 0.1685098 0.2579480 0.2568297 1.4916445 1.4801545 2.0575052 1.5778785 1.4601854 1.5782427 1.9763774 2.1129525 2.4768897 2.4905008 2.7062318 1.2855852 2.1423748 2.6749971 2.6178244 2.3030140 2.7801747 2.4390051 3.2255217 3.8457761 2.3124263 1.7859592 2.1705503 3.9426720 1.7775609 2.3557927 1.3552634 2.1709800 2.1689532 3.0916321 2.1030471 2.3672256 4.3199370 2.4335074 2.6612994 1.3036521 1.8880896 1.6308396 2.0996464 2.3067236 2.1614771 2.1400453 2.2562630 1.6502210 2.3001788 2.6476717 2.0668228 2.0709009 2.8394160 2.8213085 2.2854970 2.8432241 2.5943577 2.3402085 2.7632433 3.1952300 2.4762422 
HoiH06_mRNA4555                                       1.7961636 1.5738415 1.9126345 2.3155824 1.9605670 2.4769997 1.8066285 1.6872123 1.4323509 1.3516789 1.3473595 0.9471808 1.3069143 1.4210376 1.5946265 1.7967360 1.3631256 1.5947218 0.9053873 1.3583172 1.2645790 1.3837717 1.3947315 1.3504523 1.3366536 2.0947245 1.5131588 1.4442334 1.3401014 1.5936350 1.5059932 1.7439822 1.3785027 0.0823995 0.0000000 0.1698759 0.1607945 0.2655864 0.2653942 1.4633899 1.4532752 2.3471112 1.6013963 1.4977618 1.5926491 1.9367772 2.0882353 2.5419996 2.5579975 2.7666914 1.2711679 2.1233954 2.6378862 2.6412553 2.2903744 3.0144706 2.4888168 3.1829475 3.7938164 2.7735290 2.2392696 2.5942824 4.2053607 2.1290774 2.4651974 1.3601771 2.2372865 2.2436357 3.1147064 2.2093597 2.4609082 4.3519917 2.5729806 2.8286914 1.3056254 1.8953986 1.7096350 2.0816319 2.2881205 2.1246367 2.1335183 2.2614251 1.6322787 2.2613694 2.5746973 2.0934765 2.0707426 2.8460395 2.8517022 2.4677035 3.0783139 2.6422445 2.3726801 2.8757320 3.3813067 2.4969828 
Hhon_g00978.t1                                        1.1944244 1.2369446 1.7652210 2.4116526 1.9865261 2.5886089 1.8413051 1.7604936 1.4252038 1.3100143 1.3197365 0.9363982 1.2593855 1.3541762 1.5663401 1.7777062 1.3094286 1.4990858 0.8890825 1.3637148 1.3059717 1.3737590 1.3518500 1.3155811 1.3123998 1.8522304 1.4683748 1.4306274 1.3969297 1.5775902 1.5038426 1.7140480 1.3289578 0.1602593 0.1698759 0.0000000 0.0103794 0.2459163 0.2448205 1.4751745 1.4714751 2.0967635 1.5630966 1.4161601 1.5633318 1.9785211 2.1573807 2.5484034 2.5596706 2.7781922 1.3573938 2.1586486 2.7055301 2.5676951 2.3605731 2.7389078 2.4842389 3.2460757 3.9279195 2.3880162 1.7983062 2.1765304 4.5866226 1.7805237 2.3306198 1.4363611 2.1812160 1.9867273 3.1357175 2.1101071 2.4256050 4.7764404 2.4878131 2.7080339 1.2994064 1.8916749 1.5816961 2.1172340 2.2968803 2.1929224 2.1482493 2.2418044 1.7115797 2.3393807 2.6038578 2.0403927 2.0539866 2.6643321 2.6680334 2.2790394 2.7391964 2.5288826 2.4125127 2.7374334 3.1704299 2.3776848 
HoiH04_mRNA13270                                      1.4793019 1.1919967 1.7457668 2.4116526 1.9865261 2.5985557 1.8465425 1.7753192 1.4565609 1.3201114 1.3278704 0.9586187 1.2712746 1.3570795 1.5445395 1.7503135 1.3342135 1.5637790 0.8890825 1.4024470 1.3419455 1.4162528 1.3657050 1.3513237 1.3434545 1.9422819 1.5040705 1.4523870 1.3836342 1.6276608 1.5498630 1.7630486 1.3615524 0.1685098 0.1607945 0.0103794 0.0000000 0.2553444 0.2553167 1.4808940 1.4714751 2.2706945 1.5912124 1.4574321 1.6016915 1.9973960 2.1603180 2.5928555 2.6042690 2.8464690 1.3573938 2.1586486 2.7055301 2.5804936 2.3387733 2.8410158 2.4871140 3.1508166 3.8950470 2.5911989 1.9964762 2.4008139 4.5862349 1.9323343 2.3341756 1.4363611 2.2008037 1.9951067 3.1386358 2.0926539 2.4587349 5.0622080 2.5039783 2.7313498 1.2994064 1.9115358 1.7013045 2.1455781 2.3253192 2.2228547 2.1673941 2.2532642 1.7038816 2.1406262 2.4466600 2.0613825 2.0539866 2.8008991 2.8018857 2.5310671 3.0173965 2.6475782 2.3961023 2.8988332 3.3508883 2.5062494 
TrH2_TrispH2_005334-RA                                1.3410324 1.3818427 1.7326868 2.3169285 2.0671468 2.5333949 1.7411618 1.8063448 1.3846191 1.2951018 1.3097550 0.9216041 1.2628044 1.3698610 1.5261649 1.7099688 1.2786593 1.4763961 0.9166709 1.3816619 1.3151905 1.3389406 1.4071921 1.3216507 1.3206035 1.8838695 1.4643056 1.3998985 1.3868163 1.5497981 1.4840245 1.7272041 1.3617072 0.2579480 0.2655864 0.2459163 0.2553444 0.0000000 0.0024791 1.4895472 1.5248217 1.9430749 1.5615668 1.4799589 1.5720534 2.0006791 2.0705158 2.4987448 2.5140623 2.6776847 1.2682809 2.1593865 2.6742333 2.6503241 2.3193530 2.5572913 2.4266563 3.3418300 3.9679234 2.1882307 1.7874897 2.1604660 3.5979279 1.7774475 2.2458860 1.4507019 2.0721416 2.0836991 3.0540042 2.0162956 2.4005309 4.9091336 2.3804249 2.5949864 1.3135879 1.7936576 1.5029922 2.1273348 2.4015771 2.1828403 2.2084211 2.2229102 1.7148592 2.4375748 2.6254301 2.0243879 2.0633490 2.6631242 2.5794746 2.3440696 2.9603998 2.4173563 2.5201203 2.7622287 3.2029122 2.6057629 
Tadh_wf_g4581.t1                                      1.3547557 1.3992733 1.7381817 2.3169285 2.0671468 2.5333949 1.7411618 1.8000510 1.3852795 1.2911448 1.3058537 0.9158523 1.2589293 1.3661076 1.5261649 1.7099688 1.2743926 1.4741202 0.9043079 1.3809190 1.3151905 1.3356454 1.4080856 1.3211798 1.3194459 1.8759066 1.4630540 1.4002903 1.3820297 1.5446270 1.4834912 1.7260017 1.3594779 0.2568297 0.2653942 0.2448205 0.2553167 0.0024791 0.0000000 1.4852652 1.5075406 1.9520026 1.5595439 1.4756756 1.5705275 1.9943886 2.0701680 2.4985885 2.5139059 2.6775009 1.2864660 2.1593865 2.6742333 2.6503241 2.3280109 2.5572913 2.4333242 3.3418300 3.9679234 2.1981304 1.7874897 2.1604660 3.6311316 1.7774475 2.2515676 1.4507019 2.0721416 2.0887229 3.0540042 2.0560132 2.4151443 4.9091336 2.3808450 2.5949864 1.3053200 1.7863278 1.5092522 2.1204158 2.4067248 2.1752212 2.2034593 2.2266163 1.7148592 2.4375748 2.6254301 2.0252551 2.0516180 2.6917543 2.5985892 2.3608182 2.9505729 2.4160782 2.5178814 2.7704721 3.1903890 2.5764273 
