85
Aaur_scaffold11.g50.t1                                  0.0000000 0.0000010 0.0000010 0.4360094 0.4341467 0.6937269 0.0000010 1.6556220 0.9353961 0.0000010 2.5845249 2.8290480 2.7736157 0.0000010 4.5292984 0.0000010 1.9394357 2.0108593 2.4314953 2.9430547 0.0000010 2.4915448 1.7168858 1.9154523 2.9418290 2.0187454 3.2223409 2.0577308 1.2930320 9.0000000 1.2326978 1.3680130 1.1810469 1.2226559 1.3451749 1.2937766 1.1350717 1.3005451 1.8711166 1.8589522 2.9224840 2.8774829 2.3283960 2.3283960 2.9183822 2.1110531 2.7941074 2.0946329 1.9704542 2.2520394 2.2520394 2.4037097 2.3082135 1.8134594 0.0000010 0.0000010 0.0000010 0.0000010 0.0000010 0.0000010 0.0000010 0.0000010 6.1281087 9.0000000 9.0000000 5.0223802 5.0676137 7.3188044 7.3188044 0.0000010 4.5569833 3.8976543 3.8548447 3.8478144 3.9917636 4.1730790 3.0452507 6.4910781 7.0043066 0.0000010 2.2636791 3.1366592 1.4190782 2.2911392 5.2933361 
Nemnom_g13736.t1                                        0.0000010 0.0000000 0.4560235 0.0000010 0.2033070 0.6489180 1.4523915 1.8728609 1.1909888 1.8832032 1.8107043 0.0000010 1.7198481 1.8743956 2.8895953 8.5177626 1.1265302 1.4607588 1.7428749 1.6589606 1.9792947 1.7755433 1.6498485 1.6050118 1.8762060 1.4098695 1.6645264 1.7770930 1.6634019 1.6805502 1.6222042 1.6222042 1.6696580 1.7503108 1.7537203 0.0000010 1.3572008 1.5319217 1.8340220 2.0534634 1.7921188 1.7314983 6.4082568 8.9999988 1.6115917 1.6678835 1.5862900 1.2613508 1.2819660 1.4159885 1.4159885 1.4047864 1.2383897 1.2647364 0.0000010 0.0000010 3.0707352 2.3971578 2.5244539 2.5244539 3.4699971 3.4699971 2.3654534 2.4468285 2.4468285 1.8729000 2.3538441 0.0000010 2.5356483 0.0000010 2.3069511 2.0740175 0.0000010 0.0000010 2.1426843 2.2079475 0.0000010 0.0000010 0.0000010 0.0000010 1.7966334 0.0000010 0.0000010 3.1321553 0.0000010 
Aaur_scaffold11.g49.t1                                  0.0000010 0.4560235 0.0000000 0.1965601 0.2397893 0.3899101 0.7144036 1.0728703 0.6415173 0.9259552 1.0943206 1.2131617 1.1384871 0.9583129 1.4953609 0.6911324 0.8768015 0.9171064 1.1707305 1.2097142 1.2145800 1.2622723 0.9220710 1.0445205 1.1245790 1.0543204 1.1575635 1.2122192 0.8691548 0.8359959 0.8596118 0.8596118 0.8504988 0.8646931 0.8405151 1.1006537 0.7985413 0.8909980 1.0083741 0.9855406 1.3523645 1.3647955 1.3503683 1.5111251 1.2314417 1.3285437 1.1319576 1.0293697 1.0143803 1.0056334 1.0056334 1.0854242 1.1504422 1.1606070 2.8975842 1.6931329 0.9164803 1.0960865 1.3466839 1.1639353 1.1945413 1.0159202 1.5129919 1.5129919 1.4390304 1.3218683 1.3542897 2.1947481 1.4269311 2.7229110 1.5404520 1.3958545 1.4758351 1.4758351 1.3128534 1.3128534 2.1843059 2.1843059 2.1843059 2.1843059 1.2466183 1.4949877 1.6541767 1.7213388 4.6162056 
Nemnom_g13735.t1                                        0.4360094 0.0000010 0.1965601 0.0000000 0.0728908 0.3962684 0.5472614 1.0048209 0.5995554 0.7661866 1.3528833 1.5421022 1.3872776 0.7164399 1.5161356 0.5113534 1.3398367 1.3309561 1.6616244 1.6499805 1.0478824 1.5249112 1.3430629 1.2854899 1.3264148 1.2710624 1.5242671 1.3218735 0.9817602 0.7916839 0.9854034 0.9633457 0.9483485 0.9295864 0.9686415 1.1923175 0.9668903 0.9747716 1.0907540 1.0561208 1.6181204 1.5068135 1.1036039 1.1036039 1.5340911 1.3143668 1.5171874 1.4681600 1.5582734 1.4681020 1.4681020 1.5203055 1.5603805 1.3599194 1.6781001 1.6333029 0.8498549 0.9161448 1.1764582 0.9861501 1.1764582 0.9861501 1.9335010 1.4851056 1.4763398 1.9607686 1.9807861 2.4466899 2.0205771 1.8518764 1.9294442 1.9024515 2.0353432 1.8238869 1.6091142 1.5595483 1.6449632 2.2586885 2.2571312 1.6846468 1.3502984 1.7662491 1.0192431 1.4624392 2.6325085 
Rhoesc_Res_011270-T1                                    0.4341467 0.2033070 0.2397893 0.0728908 0.0000000 0.4237191 0.7786328 1.0779794 0.6268417 1.0056791 1.3851608 1.6062876 1.4674377 0.9489283 1.5968621 0.7322699 1.2384039 1.2968706 1.5758847 1.6001984 1.2714758 1.4997269 1.3270811 1.2781278 1.3355686 1.2645119 1.4511464 1.3444133 0.9965595 0.8574567 0.9868434 0.9773802 0.9858388 0.9760261 1.0022794 1.2228833 0.9668777 0.9955946 1.1522444 1.1431431 1.5855406 1.4861000 1.3005028 1.3966489 1.5060053 1.2757059 1.4775610 1.3649648 1.4345088 1.3591143 1.3591143 1.4404863 1.4494602 1.2973631 1.6470437 1.5799453 0.9920320 1.2109169 1.4695218 1.2689042 1.2437373 1.0719851 1.9128681 1.5587003 1.6080417 1.8824113 1.9153858 2.4499068 1.9750671 1.9164997 1.9132888 1.8433116 2.0323519 1.7963701 1.5902376 1.5457077 1.6815411 2.2566685 2.2549106 1.7220334 1.3722009 1.7340081 0.9992738 1.5943153 2.6331134 
Sanmal_Sma_025118-T1                                    0.6937269 0.6489180 0.3899101 0.3962684 0.4237191 0.0000000 0.7468795 1.0555960 0.6197462 1.1362693 1.3951574 1.5657414 1.4479044 0.9940012 1.6207965 0.7644929 1.2645395 1.2217013 1.6343087 1.6164660 1.2131233 1.5517745 1.3170711 1.3321062 1.3251611 1.2801181 1.4556361 1.3973062 0.9971262 0.8591856 1.0108384 1.0271078 1.0006130 0.9873876 0.9867923 1.3058131 0.9633081 1.0264722 1.1082815 1.1129620 1.5317309 1.4486977 1.2170683 1.3059927 1.4757869 1.2003520 1.5105180 1.3451381 1.3992613 1.3044975 1.3044975 1.4403445 1.4245897 1.2366686 1.7027626 1.5499569 1.0408846 1.2333676 1.5328755 1.2811023 1.3966508 1.1320340 1.8661342 1.5088123 1.6285975 1.8309197 1.8559775 2.4754098 1.9881433 1.8518936 1.8567056 1.8636221 1.9816056 1.7378337 1.6176563 1.5773791 1.6909097 2.2045574 2.1981336 1.6882870 1.3122330 1.7289542 0.9392806 1.6078210 2.5579038 
Chem_TCONS_00019056                                     0.0000010 1.4523915 0.7144036 0.5472614 0.7786328 0.7468795 0.0000000 0.4290447 0.6933017 1.2226606 1.3349356 1.2005629 1.1423942 1.1646064 2.0163273 0.7812546 0.9150030 0.9888730 1.4062950 1.4212505 0.9909834 1.1303283 0.8902964 1.0857447 1.1647325 1.0110511 1.0582287 1.1597199 0.9060875 0.8690668 0.8861683 0.8861683 0.9073498 0.8984794 0.8350831 2.5754810 0.6938953 0.7845973 1.0144116 0.9725319 1.2752346 1.3520654 1.2729977 1.5033063 1.2504677 1.3072283 1.0541172 1.0962942 1.1477327 1.1507662 1.1507662 1.2015969 1.2066717 1.2186983 2.6723133 1.5759444 0.8204334 1.0467214 1.2761099 1.1287417 1.1300962 0.9911355 1.3462345 1.3462345 1.3462345 1.2188505 1.2649782 1.5724035 1.2573793 2.7992176 1.3255049 1.2766567 1.0708804 1.0708804 1.3030230 1.3030230 1.8718860 1.8718860 1.8718860 1.8718860 1.1565710 0.8968394 0.0000010 1.7211964 6.2648009 
Hvul_g31740_1                                           1.6556220 1.8728609 1.0728703 1.0048209 1.0779794 1.0555960 0.4290447 0.0000000 0.9449966 1.2889130 1.7499409 1.9675359 1.5726775 1.1501229 1.8961693 1.0178910 1.5333216 1.5219853 2.0080370 2.0311663 1.2861202 1.5542921 1.5048904 1.6510633 1.6663368 1.5134956 1.7108491 1.5373800 1.2073876 1.0826973 1.1819510 1.1500232 1.1475147 1.1648750 1.1312245 1.1686424 1.1745368 1.2676678 1.4227398 1.3942801 1.8317128 1.7932922 1.4556211 1.5593255 1.6978518 1.3867779 1.5691058 1.6403196 1.7296955 1.7033806 1.7033806 1.7644589 1.7414714 1.5020410 1.9456146 1.8064739 0.9608180 1.2330804 1.5564890 1.3267013 1.4280687 1.1837135 2.1298805 1.7120820 1.6849406 1.9637341 2.1156981 2.9497713 2.2108803 2.2901762 2.0858293 2.0804520 2.2305063 1.9868728 1.8826838 1.8327504 2.0356155 2.8306065 2.8527844 2.1819222 1.5572658 1.9721805 0.6256203 1.8506673 2.7137852 
Morvir_scaffold10.g128.t1                               0.9353961 1.1909888 0.6415173 0.5995554 0.6268417 0.6197462 0.6933017 0.9449966 0.0000000 0.8202069 1.3453873 1.6282517 1.3946955 0.8822467 1.6521205 0.7617851 1.2079425 1.1955867 1.5050488 1.5585977 1.0872492 1.4802290 1.2331839 1.2768914 1.2926089 1.2841155 1.4048660 1.3693861 0.9505248 0.7481755 0.9055574 0.9100076 0.9343132 0.9373743 0.9417092 1.2845573 0.8937290 0.9245466 1.1035467 1.0997208 1.4663399 1.4913988 1.1438606 1.2197355 1.5169441 1.1460029 1.4075873 1.2518557 1.2862920 1.2493426 1.2493426 1.3228327 1.2898727 1.0947557 1.4752776 1.3610662 0.8919155 1.0962132 1.4888134 1.2152247 1.4033025 1.0869705 1.7736135 1.5204358 1.5788264 1.6752127 1.7723400 2.0557609 1.7186718 1.7520451 1.7266165 1.7288957 1.8060272 1.5605714 1.5023168 1.4419707 1.5933627 1.9992879 2.0371104 1.6146770 1.2765298 1.8081698 0.9548713 1.5777754 2.6998133 
Spolac_c101671_g1_i1_m.26370c101671-g1                  0.0000010 1.8832032 0.9259552 0.7661866 1.0056791 1.1362693 1.2226606 1.2889130 0.8202069 0.0000000 0.0407934 0.0000010 0.5922436 0.4870201 0.9060447 0.6024487 0.6282408 0.7417921 0.6652175 0.6639713 0.9909785 1.0292476 0.9117703 0.9153606 0.8855453 0.8188732 1.0694635 0.8259609 0.8185515 0.8394495 0.8746699 0.8746699 0.8263663 0.8255206 0.8493478 0.5644694 0.7561895 0.8472703 0.9125061 0.9613559 1.1322351 1.0368737 1.1733300 1.2983922 0.9982369 1.0041136 1.0192568 0.9477683 0.9495361 0.9221054 0.9221054 0.9215863 0.9506805 0.9506805 0.0000010 2.2132863 1.1236270 1.2168425 1.4627736 1.3600009 1.3529873 1.2199667 1.3633315 1.3633315 1.3633315 1.1835748 1.3619107 0.0000010 1.2778965 0.0000010 1.2939056 1.2831869 1.1051829 1.1051829 1.1170321 1.1170321 0.0000010 0.0000010 0.0000010 0.0000010 1.2252503 2.2611586 0.0000010 2.1741668 8.8105300 
Emue_Em0010g905a.t1                                     2.5845249 1.8107043 1.0943206 1.3528833 1.3851608 1.3951574 1.3349356 1.7499409 1.3453873 0.0407934 0.0000000 0.1074356 0.8381423 0.4813931 0.9118894 0.6301793 1.1166515 1.1472771 0.8846935 0.9074749 1.2801802 1.5537012 1.4620833 1.3721281 1.3896465 1.3463949 1.4741539 1.2686770 1.2542428 1.1041114 1.3114135 1.3197258 1.2428183 1.2384922 1.2681858 1.6897202 1.2792362 1.3006752 1.3728457 1.3472326 1.4496477 1.4319066 1.2657376 1.3206406 1.4980499 1.2575769 1.6709460 1.4802721 1.5326410 1.4648349 1.4648349 1.5701288 1.5373170 1.2962184 1.5126972 1.6500720 1.1238663 1.2279683 1.4469327 1.3886719 1.3253142 1.2858359 1.9725272 1.5962852 1.6346226 1.7974443 1.9683549 2.6259186 2.0334530 2.0161251 1.8376298 1.8008818 2.0569478 1.9193421 1.7022648 1.6392911 1.7996124 2.3317867 2.5205238 1.8454448 1.5040274 1.8969415 1.8171206 1.1931488 2.3550059 
Spolac_c101671_g1_i1_m.26369c101671-g1                  2.8290480 0.0000010 1.2131617 1.5421022 1.6062876 1.5657414 1.2005629 1.9675359 1.6282517 0.0000010 0.1074356 0.0000000 0.9198911 0.3499116 0.9180077 0.0000010 1.4130701 1.3269841 0.9966277 1.0100443 1.9193744 1.7997770 1.7546577 1.6381948 1.6944882 1.5917363 1.6998119 1.4944182 1.3950850 1.2124636 1.4724350 1.5025526 1.3651566 1.3746297 1.3812185 1.7266422 1.4139523 1.4838393 1.5744273 1.4884496 1.5796921 1.5832358 1.1943851 1.1943851 1.7010270 1.3164594 2.0945826 1.7611276 1.9084150 1.7557446 1.7557446 1.9567265 1.8799811 1.4633474 1.5747794 1.5293990 0.6608968 0.9365625 0.0000010 1.2079551 0.0000010 1.2079551 2.3989633 1.8431605 2.2347427 2.2942067 2.4108291 2.7415613 2.7123886 2.2044355 2.2563315 2.1551448 2.2012029 2.0187925 2.1424526 2.0658919 1.8763714 2.4441449 2.6230918 1.9245367 1.6284323 1.8470576 1.9009053 1.0477254 2.0027972 
Tetwil_g8325.t2                                         2.7736157 1.7198481 1.1384871 1.3872776 1.4674377 1.4479044 1.1423942 1.5726775 1.3946955 0.5922436 0.8381423 0.9198911 0.0000000 0.3941816 0.9179186 0.7056185 1.0995267 1.1005323 1.0077556 0.9755937 1.0734303 1.5749656 1.2510540 1.4365762 1.4170945 1.1093208 1.5880613 1.2121583 1.2054385 1.0214834 1.2056903 1.2238497 1.1979405 1.1946854 1.1510768 1.7321582 1.1732904 1.1413501 1.4196984 1.4011474 1.4399826 1.4762781 1.2289820 1.3235095 1.4819125 1.1554283 1.5952889 1.3833709 1.4326643 1.3753735 1.3753735 1.4609230 1.4212974 1.2360010 1.6944567 1.7163496 1.0981600 1.2372306 1.4922498 1.3585658 1.2675843 1.1702032 1.9775620 1.5650454 1.5804111 1.7040495 1.8985689 2.5592919 2.0811010 1.9390367 1.7921526 1.7713411 1.9599899 1.9016389 1.5848075 1.5321692 1.8547019 2.3896237 2.5552527 2.0500800 1.3515341 1.8215122 1.9254346 1.1168824 2.2617350 
Stycar_maker-SC_scaffold61126-snap-gene-0.7-mRNA-1      0.0000010 1.8743956 0.9583129 0.7164399 0.9489283 0.9940012 1.1646064 1.1501229 0.8822467 0.4870201 0.4813931 0.3499116 0.3941816 0.0000000 0.3396176 0.7508627 0.6964975 0.7160597 0.6671035 0.6097146 0.9626329 1.0231445 0.9128734 0.9500962 0.9448590 0.8465945 1.0966270 0.8606251 0.7374397 0.7681445 0.8038246 0.8038246 0.7403085 0.7379883 0.7667745 1.2943868 0.8339802 0.8823666 0.8976725 0.8663842 1.0240502 1.0393518 0.9265859 1.0484133 0.9277397 0.9509783 1.0967539 0.8786244 0.8608262 0.8650593 0.8650593 0.9120853 0.9134339 0.9222064 1.7143100 1.5484033 1.1844875 1.3102351 1.6647223 1.4072100 1.5393481 1.2448010 1.4589970 1.4589970 1.4570082 1.3653007 1.5072310 1.5139432 1.4760984 1.8967177 1.3232920 1.3674683 1.2058977 1.2058977 1.2587340 1.2587340 1.5350176 1.5350176 1.5350176 1.5350176 1.0378133 0.8788898 1.3251886 0.8600809 4.1202058 
Stycar_maker-SC_scaffold2125-augustus-gene-0.128-mRNA-1 4.5292984 2.8895953 1.4953609 1.5161356 1.5968621 1.6207965 2.0163273 1.8961693 1.6521205 0.9060447 0.9118894 0.9180077 0.9179186 0.3396176 0.0000000 0.7230923 1.5756569 1.4915080 1.1932117 1.1539799 1.5984673 1.6587792 1.6988652 1.6760784 1.5976869 1.3873055 1.8123718 1.3892019 1.4137969 1.2319650 1.4374658 1.3741119 1.3873679 1.3595264 1.3806118 1.7248462 1.4378741 1.4774536 1.4951931 1.4754907 1.6303628 1.8301865 1.2870410 1.4135659 1.6850070 1.4668491 1.7833615 1.7903748 1.8449062 1.7523959 1.7523959 1.8150850 1.8237734 1.5369446 1.8103230 2.5053316 1.6776327 1.8786540 1.7433389 2.0100385 1.5969545 1.9638535 2.2006280 1.9409880 2.0678149 2.0953030 2.1202318 2.3590229 2.2100708 2.0607836 2.0768647 2.1236818 2.1940551 2.2409655 2.0566591 2.0794463 2.0378424 2.0078337 2.2213827 2.1230958 1.7512673 1.8770021 1.9049829 1.4174457 2.6152022 
Ocar_g7989                                              0.0000010 8.5177626 0.6911324 0.5113534 0.7322699 0.7644929 0.7812546 1.0178910 0.7617851 0.6024487 0.6301793 0.0000010 0.7056185 0.7508627 0.7230923 0.0000000 0.1555112 0.6084823 0.8031959 0.8008212 1.0089931 1.0948838 0.7198981 0.8127672 0.6341104 0.7409930 0.8712704 0.8491108 0.9871811 0.9587832 0.9393035 0.9393035 1.0506974 1.0486335 0.9694808 0.5644694 0.6359735 0.8954927 1.0614399 1.0657245 1.1614026 1.2135891 0.9654912 1.2602385 1.1426765 1.1008247 0.8323555 1.0961240 1.1196496 1.0631547 1.0631547 1.0639235 1.1060567 1.1060567 0.0000010 2.9731110 1.0298030 1.0298030 1.0601383 1.0601383 0.8870139 0.8870139 1.2148150 1.2148150 1.2148150 0.9772224 0.9629796 0.0000010 1.0851658 0.0000010 1.0548646 1.0260990 0.8214418 0.8214418 0.9082621 0.9082621 0.0000010 0.0000010 0.0000010 0.0000010 1.0313972 0.0000010 0.0000010 4.7473067 1.4408797 
Opea_EP00118_Oscarella_pearsei_P020614                  1.9394357 1.1265302 0.8768015 1.3398367 1.2384039 1.2645395 0.9150030 1.5333216 1.2079425 0.6282408 1.1166515 1.4130701 1.0995267 0.6964975 1.5756569 0.1555112 0.0000000 0.6516947 1.3368570 1.3157643 1.0406774 1.4576615 1.3547908 1.3362062 1.2894031 1.1900786 1.2013423 1.2966487 1.0592164 0.8697505 1.0670768 1.0924208 1.0640488 1.0660700 1.0300909 1.6676855 1.0255018 1.0267204 1.2425886 1.2495787 1.5253436 1.4714186 1.1300492 1.1951610 1.4546077 1.1047485 1.4071724 1.2121456 1.2426664 1.1893841 1.1893841 1.2913122 1.2703517 1.0815206 1.3770950 1.4481444 0.8645752 1.0366793 1.2999045 1.2177716 1.2029090 1.1290592 1.8439832 1.4700267 1.4815008 1.6308952 1.7129411 2.4904123 1.9666004 1.9731869 1.6680530 1.6605879 1.7356312 1.5089934 1.4931970 1.4452628 1.9592727 2.3161437 2.3184051 1.7990428 1.3657672 1.7274184 1.6924241 1.4347017 2.8765593 
Plajan_Pjan_C566458_01                                  2.0108593 1.4607588 0.9171064 1.3309561 1.2968706 1.2217013 0.9888730 1.5219853 1.1955867 0.7417921 1.1472771 1.3269841 1.1005323 0.7160597 1.4915080 0.6084823 0.6516947 0.0000000 1.4246988 1.3794494 1.1255278 1.3616953 1.2995289 1.3394193 1.2428508 1.1440063 1.3584806 1.1955233 1.0156216 0.7971353 1.0166373 1.0354917 1.0474233 1.0633179 1.0092455 1.8015808 0.9318589 0.9836724 1.1786888 1.1383459 1.3726144 1.3985649 1.1154854 1.1619584 1.3276547 0.9865761 1.4362278 1.3219212 1.3645663 1.3401729 1.3401729 1.3633848 1.3523611 1.1501719 1.5086539 1.4466008 0.9630589 1.0727140 1.3371406 1.1561203 1.1797254 1.0041324 1.7245373 1.3672215 1.3620098 1.6129111 1.7761088 2.3721042 1.8427394 1.8159418 1.7170477 1.7083085 1.8267569 1.6165210 1.5303623 1.4467831 1.6192369 2.1476227 2.2052176 1.6490946 1.2436772 1.5775164 1.7964902 1.5017969 2.3347001 
Aque_Aqu2.1.43516_001                                   2.4314953 1.7428749 1.1707305 1.6616244 1.5758847 1.6343087 1.4062950 2.0080370 1.5050488 0.6652175 0.8846935 0.9966277 1.0077556 0.6671035 1.1932117 0.8031959 1.3368570 1.4246988 0.0000000 0.1881566 1.3174630 1.6682354 1.5356815 1.7212964 1.6507518 1.4429927 1.6417749 1.4560282 1.4558652 1.2694138 1.5466708 1.5886001 1.4893427 1.4418344 1.4577674 2.2234534 1.5955087 1.5414382 1.7184844 1.7194659 1.8605189 1.7766410 1.5492996 1.6659351 1.7944915 1.4039478 1.7714067 1.6111074 1.6250209 1.5311569 1.5311569 1.6197604 1.5760378 1.4212749 1.8152503 1.7579029 1.3160636 1.4481079 1.7479823 1.6390260 1.7329804 1.5960592 2.2627869 1.7997975 1.8885643 2.0035301 2.1640125 2.8449029 2.3236258 2.0981594 2.1805932 2.1027222 2.4037351 2.2098280 1.8747958 1.8099653 2.1679714 2.7060100 2.8754866 2.2704952 1.5468408 2.1916560 2.3021539 1.3894828 3.2765128 
Halamb_c44705_g1_i1mm.1512                              2.9430547 1.6589606 1.2097142 1.6499805 1.6001984 1.6164660 1.4212505 2.0311663 1.5585977 0.6639713 0.9074749 1.0100443 0.9755937 0.6097146 1.1539799 0.8008212 1.3157643 1.3794494 0.1881566 0.0000000 1.2922190 1.6403926 1.4801153 1.6256487 1.5780909 1.3893415 1.6432720 1.4037433 1.4011991 1.1215456 1.4704244 1.4914593 1.4023991 1.3944444 1.3313470 2.3555673 1.5560152 1.4904929 1.7098467 1.7033475 1.8378110 1.7683854 1.5185376 1.6160169 1.7788327 1.3220912 1.7827258 1.6516037 1.6792343 1.6188022 1.6188022 1.6951604 1.6303744 1.4301230 1.6916165 1.6495617 1.3074287 1.3669747 1.7773948 1.6228134 1.7329544 1.5487575 2.2413386 1.7597127 1.8208094 1.9532650 2.0463158 2.8208684 2.3143485 1.9918472 2.0929380 1.9930579 2.2721506 2.0760901 1.7963823 1.7610737 1.9513749 2.5094800 2.6258427 2.0340839 1.5532590 2.1295263 2.4365767 1.3642454 3.2123144 
Cscu_XM_023369726.1                                     0.0000010 1.9792947 1.2145800 1.0478824 1.2714758 1.2131233 0.9909834 1.2861202 1.0872492 0.9909785 1.2801802 1.9193744 1.0734303 0.9626329 1.5984673 1.0089931 1.0406774 1.1255278 1.3174630 1.2922190 0.0000000 0.6313305 0.5732964 0.6748963 0.6518829 0.6515566 0.7574206 0.7173769 0.8068211 0.8359637 0.9424986 0.9424986 0.8861717 0.8846590 0.8675417 3.2525567 0.8679652 0.8529911 1.0136150 1.0159332 1.3402763 1.4054719 1.4833596 1.6244463 1.2517097 1.3089993 0.8639825 1.0679908 1.0721609 1.0844945 1.0844945 1.1075075 1.0343801 1.0441645 3.0978940 2.1573464 1.1078145 1.3524857 1.6918836 1.5756887 1.5930984 1.4746425 1.8571195 1.8571195 1.8571195 1.6060912 1.6095512 2.6376574 1.7528410 5.3175854 1.8119556 1.7641833 2.0038103 2.0038103 1.5260839 1.5260839 3.3315646 3.3315646 3.3315646 3.3315646 0.8674243 0.0592838 1.9258224 2.7086950 3.1257451 
Tcas_TC000245_001                                       2.4915448 1.7755433 1.2622723 1.5249112 1.4997269 1.5517745 1.1303283 1.5542921 1.4802290 1.0292476 1.5537012 1.7997770 1.5749656 1.0231445 1.6587792 1.0948838 1.4576615 1.3616953 1.6682354 1.6403926 0.6313305 0.0000000 1.2442829 1.0779602 0.9897893 1.1855404 0.9794153 1.1165713 1.3102247 1.0132773 1.2835423 1.2598134 1.2767565 1.2569711 1.3137573 1.9560932 1.2205505 1.2359010 1.5037141 1.5060936 1.6461793 1.5979781 1.5413948 1.6819607 1.6555142 1.4172412 1.1822271 1.5581285 1.6038248 1.5892903 1.5892903 1.6738819 1.4905904 1.3265641 2.2423578 2.2759965 1.2293407 1.4815626 1.8085825 1.6947071 1.7657517 1.6340252 2.4135535 2.1608620 2.2034205 2.1719287 2.3470151 3.0944340 2.4656853 2.7561200 2.3537804 2.2796835 2.4150023 2.2279832 1.9353439 1.9146315 2.5548772 2.9893193 3.0449837 2.5090224 1.3186305 1.2503568 1.8791795 1.8988857 3.1772942 
Bralan_BLAG19000683_1                                   1.7168858 1.6498485 0.9220710 1.3430629 1.3270811 1.3170711 0.8902964 1.5048904 1.2331839 0.9117703 1.4620833 1.7546577 1.2510540 0.9128734 1.6988652 0.7198981 1.3547908 1.2995289 1.5356815 1.4801153 0.5732964 1.2442829 0.0000000 0.9867706 0.9628785 0.7551442 1.1452401 0.8130495 1.0638343 0.8829032 1.1115883 1.1505721 1.1103706 1.1100244 1.0267073 1.7678136 1.1365204 1.1014287 1.2758395 1.2393950 1.7138030 1.7091992 1.3698469 1.4649371 1.6040996 1.2128110 1.2033357 1.2238168 1.2903338 1.2267544 1.2267544 1.3347017 1.1998975 1.1291353 1.7205636 1.7502868 0.8583760 1.1057741 1.3387826 1.2879139 1.2473612 1.2073686 1.9978496 1.6482923 1.6421538 1.7221527 1.8241234 2.2841874 1.8791268 2.0571241 1.9363020 1.8255230 1.8784271 1.7657726 1.7467101 1.7276896 1.7787133 2.2001571 2.2102574 1.7954235 0.9459683 1.2288577 1.7272043 1.6231837 2.9762087 
Cgig_XM_034450662.1                                     1.9154523 1.6050118 1.0445205 1.2854899 1.2781278 1.3321062 1.0857447 1.6510633 1.2768914 0.9153606 1.3721281 1.6381948 1.4365762 0.9500962 1.6760784 0.8127672 1.3362062 1.3394193 1.7212964 1.6256487 0.6748963 1.0779602 0.9867706 0.0000000 0.5750106 0.8968500 1.0930954 0.8429434 1.1491290 0.9842331 1.2259090 1.2467899 1.1182693 1.1450207 1.1472951 1.6551483 1.1244542 1.0535177 1.2885819 1.3532077 1.5891114 1.5998073 1.2713467 1.3387931 1.5141320 1.3045323 0.8151080 1.3130840 1.3664784 1.3400719 1.3400719 1.3826137 1.3068464 1.2306028 1.7476027 1.5789290 0.8969282 1.1815055 1.5480823 1.3560350 1.3891598 1.1979038 2.0590648 1.6270122 1.6726606 1.8692207 2.0199115 2.5920197 2.1144653 1.9252031 1.9927722 2.0037891 2.0842354 1.8624349 1.6681754 1.6317721 1.7502481 2.3606506 2.3865557 1.7055987 0.9690702 1.0792294 1.9461655 1.6931028 2.6477147 
Acagra_model.g11110.t1.1.5d3b8645                       2.9418290 1.8762060 1.1245790 1.3264148 1.3355686 1.3251611 1.1647325 1.6663368 1.2926089 0.8855453 1.3896465 1.6944882 1.4170945 0.9448590 1.5976869 0.6341104 1.2894031 1.2428508 1.6507518 1.5780909 0.6518829 0.9897893 0.9628785 0.5750106 0.0000000 0.7931041 1.1095051 0.8606007 1.0407907 0.8397512 1.0567175 1.1030349 1.0282359 1.0135249 1.0110427 1.7266151 1.0814973 1.0501205 1.2852408 1.2848508 1.5302736 1.6124045 1.3038258 1.3993573 1.5392387 1.2007162 0.8122333 1.4043908 1.4501955 1.4123611 1.4123611 1.4275801 1.4045597 1.2152965 1.6833032 1.6312471 0.9923641 1.2653203 1.6041731 1.4325821 1.4467736 1.2823141 2.0099529 1.6461906 1.6593740 1.9107207 2.1201118 2.5660555 2.1011330 2.0035378 2.0387255 1.9539566 2.0893502 1.8973323 1.7244483 1.7343214 1.7585780 2.4391050 2.4261622 1.7929846 0.9686479 0.8749328 1.8682062 1.7450618 2.6398754 
Hsap_ENST00000324862                                    2.0187454 1.4098695 1.0543204 1.2710624 1.2645119 1.2801181 1.0110511 1.5134956 1.2841155 0.8188732 1.3463949 1.5917363 1.1093208 0.8465945 1.3873055 0.7409930 1.1900786 1.1440063 1.4429927 1.3893415 0.6515566 1.1855404 0.7551442 0.8968500 0.7931041 0.0000000 1.2196992 0.7601267 1.0325214 0.8302828 1.0743871 1.0904473 1.0299880 1.0299831 0.9900488 1.5285884 1.0652906 1.0369435 1.2457020 1.2202051 1.5778704 1.6759929 1.3132990 1.3681377 1.5164401 1.0943512 1.0401081 1.1877491 1.2659625 1.2298704 1.2298704 1.2381190 1.1860307 1.0215545 1.7978394 1.7514006 0.8750844 1.0876603 1.3368429 1.2431261 1.1576808 1.0933403 1.8818042 1.5736596 1.5651492 1.7651306 1.8624872 2.4669869 1.9260259 2.3249564 1.9044885 1.8455267 2.0356727 1.8637762 1.6761028 1.6777449 2.2258848 2.3265861 2.4517768 2.0144671 0.8889062 1.1605755 1.7400216 1.5217192 2.8803895 
Dpul_mRNA28602                                          3.2223409 1.6645264 1.1575635 1.5242671 1.4511464 1.4556361 1.0582287 1.7108491 1.4048660 1.0694635 1.4741539 1.6998119 1.5880613 1.0966270 1.8123718 0.8712704 1.2013423 1.3584806 1.6417749 1.6432720 0.7574206 0.9794153 1.1452401 1.0930954 1.1095051 1.2196992 0.0000000 1.2164753 1.3485878 1.1513626 1.3468677 1.3069868 1.3457837 1.3541293 1.3189658 2.2062079 1.2439502 1.2721846 1.4925239 1.4669627 1.6720995 1.6658467 1.5073480 1.6398383 1.6465821 1.5132383 1.1906383 1.4634665 1.4760421 1.4335152 1.4335152 1.5148966 1.5402729 1.4041352 2.0979863 2.0819793 1.1438261 1.4134155 1.6179485 1.5557636 1.5571726 1.4937191 2.1910515 1.8256140 1.8074122 2.1020406 2.1631458 2.8975432 2.3367979 2.6249173 2.0759009 2.0097432 2.1688928 2.0754458 1.9296725 1.8895960 2.0245370 2.5697264 2.5697264 2.1816301 1.2123936 1.2809272 2.0007838 1.8134834 3.5157549 
Skow_XM_002731079.2                                     2.0577308 1.7770930 1.2122192 1.3218735 1.3444133 1.3973062 1.1597199 1.5373800 1.3693861 0.8259609 1.2686770 1.4944182 1.2121583 0.8606251 1.3892019 0.8491108 1.2966487 1.1955233 1.4560282 1.4037433 0.7173769 1.1165713 0.8130495 0.8429434 0.8606007 0.7601267 1.2164753 0.0000000 1.0441440 0.9315512 1.1126185 1.1314865 1.0617202 1.0816119 1.0499545 1.5941582 1.0848769 1.0786078 1.2174105 1.2599624 1.5437400 1.5523724 1.2840159 1.3915350 1.4933619 1.1966105 1.0248291 1.2723380 1.3572915 1.3391063 1.3391063 1.3364540 1.2471205 1.1198110 1.6027979 1.7178035 0.9661076 1.2525882 1.5297568 1.4411716 1.3425707 1.2815882 1.9489757 1.6557348 1.6822969 1.8051541 1.9261933 2.3175615 1.9429505 2.1047809 1.9191652 1.9077700 1.9636163 1.8831968 1.6962713 1.6501706 1.8123885 2.1575850 2.2837351 1.8281163 0.8422139 1.0701443 1.5993447 1.4654112 2.3755497 
Gasp_gasp1.m3.30628.m1                                  1.2930320 1.6634019 0.8691548 0.9817602 0.9965595 0.9971262 0.9060875 1.2073876 0.9505248 0.8185515 1.2542428 1.3950850 1.2054385 0.7374397 1.4137969 0.9871811 1.0592164 1.0156216 1.4558652 1.4011991 0.8068211 1.3102247 1.0638343 1.1491290 1.0407907 1.0325214 1.3485878 1.0441440 0.0000000 0.1182138 0.2179511 0.2251500 0.1667291 0.1581360 0.1412325 0.2130674 0.4786238 0.5442860 0.7627961 0.7792452 1.3280010 1.3157508 1.0210981 1.0839658 1.2439688 0.9227528 1.3236894 1.1796609 1.2597552 1.1950336 1.1950336 1.2529843 1.1680421 1.0161897 1.5363198 1.4233238 0.9994665 1.1857447 1.5229415 1.3015157 1.3430344 1.1276260 1.9139092 1.5542505 1.6791156 1.6716923 1.8024041 2.1295174 1.8305032 1.4939908 1.8622244 1.7561558 1.8551770 1.6693955 1.5815519 1.5677430 1.4548479 1.9255461 1.9360073 1.5046811 1.1842131 1.3025967 1.3468135 1.3147274 2.2844057 
Gfas_gfas1.m1.20985.m1                                  9.0000000 1.6805502 0.8359959 0.7916839 0.8574567 0.8591856 0.8690668 1.0826973 0.7481755 0.8394495 1.1041114 1.2124636 1.0214834 0.7681445 1.2319650 0.9587832 0.8697505 0.7971353 1.2694138 1.1215456 0.8359637 1.0132773 0.8829032 0.9842331 0.8397512 0.8302828 1.1513626 0.9315512 0.1182138 0.0000000 0.1088891 0.1060212 0.1377734 0.1306958 0.1484020 0.8098689 0.4444245 0.4368549 0.6890059 0.6858916 0.9767851 1.0290180 0.9164185 0.9771940 0.9694080 0.8846384 1.0535233 1.0534692 1.0300150 1.0516010 1.0516010 1.0155556 1.0622317 0.9866492 1.6245596 1.4380093 1.0697069 1.1793758 1.5656749 1.2979168 1.4157529 1.1340534 1.5234567 1.5612861 1.6557815 1.3434656 1.4640037 1.3946906 1.3460089 1.4658905 1.4814097 1.4473628 1.4054718 1.4054718 1.3788625 1.3788625 1.5102453 1.4902989 1.4902989 1.5649541 1.0680951 0.8791632 1.2470541 1.1325627 3.0228410 
Amil_Amillepora27543-RA                                 1.2326978 1.6222042 0.8596118 0.9854034 0.9868434 1.0108384 0.8861683 1.1819510 0.9055574 0.8746699 1.3114135 1.4724350 1.2056903 0.8038246 1.4374658 0.9393035 1.0670768 1.0166373 1.5466708 1.4704244 0.9424986 1.2835423 1.1115883 1.2259090 1.0567175 1.0743871 1.3468677 1.1126185 0.2179511 0.1088891 0.0000000 0.0000010 0.2445732 0.2347728 0.1954826 0.2256775 0.4996507 0.5533807 0.7942128 0.7995130 1.3846291 1.4040881 1.0314642 1.1212979 1.2780602 0.9308681 1.3540075 1.2006513 1.2602738 1.2168086 1.2168086 1.2601896 1.1981645 1.0423715 1.6736989 1.4737192 1.0625152 1.1984885 1.5723571 1.3009926 1.4179761 1.1344739 1.9806302 1.6124745 1.7592344 1.7267621 1.9301543 2.2348384 1.9037808 1.4602859 1.8745313 1.7890131 1.9031879 1.7107551 1.5752247 1.5500907 1.6757551 2.1528912 2.1515585 1.6851382 1.2816827 1.3909627 1.3687002 1.3213617 2.4685520 
Adig_XM_015919041.1                                     1.3680130 1.6222042 0.8596118 0.9633457 0.9773802 1.0271078 0.8861683 1.1500232 0.9100076 0.8746699 1.3197258 1.5025526 1.2238497 0.8038246 1.3741119 0.9393035 1.0924208 1.0354917 1.5886001 1.4914593 0.9424986 1.2598134 1.1505721 1.2467899 1.1030349 1.0904473 1.3069868 1.1314865 0.2251500 0.1060212 0.0000010 0.0000000 0.2453799 0.2378483 0.2032256 0.2256775 0.5060080 0.5641250 0.7963959 0.8063900 1.3155457 1.3745433 1.0314642 1.1212979 1.2520094 0.9089532 1.3358078 1.2079167 1.2681676 1.2175471 1.2175471 1.2646698 1.2187143 1.0502556 1.6736989 1.4737192 1.0625152 1.1984885 1.5723571 1.3009926 1.4179761 1.1344739 1.8941955 1.6124745 1.7592344 1.6816271 1.8862953 2.1116677 1.8186919 1.4602859 1.8203616 1.7426227 1.8459170 1.6185884 1.4882019 1.4515866 1.6757551 2.1278422 2.1234784 1.6851382 1.2689812 1.3304718 1.3996275 1.3536554 2.5503786 
Spis_XP_022801980_1                                     1.1810469 1.6696580 0.8504988 0.9483485 0.9858388 1.0006130 0.9073498 1.1475147 0.9343132 0.8263663 1.2428183 1.3651566 1.1979405 0.7403085 1.3873679 1.0506974 1.0640488 1.0474233 1.4893427 1.4023991 0.8861717 1.2767565 1.1103706 1.1182693 1.0282359 1.0299880 1.3457837 1.0617202 0.1667291 0.1377734 0.2445732 0.2453799 0.0000000 0.0420446 0.1925199 0.2613604 0.5151409 0.5633632 0.7973943 0.8127018 1.4155887 1.3599239 1.0657029 1.1149426 1.3124010 0.9814137 1.2960856 1.1630731 1.2084011 1.1769414 1.1769414 1.2193671 1.1739425 1.0266765 1.5767546 1.4350274 1.0266311 1.1942083 1.5762553 1.2989571 1.3368312 1.0805610 1.9587090 1.5711637 1.6488190 1.6732067 1.8999249 2.2643091 1.9341295 1.7093095 1.8742027 1.7713342 1.8560578 1.6549231 1.5915133 1.5595587 1.5555268 2.0505884 2.0735190 1.6331249 1.1857348 1.2981516 1.3515881 1.2851719 2.3022371 
Pocdam_XM_027191757.1                                   1.2226559 1.7503108 0.8646931 0.9295864 0.9760261 0.9873876 0.8984794 1.1648750 0.9373743 0.8255206 1.2384922 1.3746297 1.1946854 0.7379883 1.3595264 1.0486335 1.0660700 1.0633179 1.4418344 1.3944444 0.8846590 1.2569711 1.1100244 1.1450207 1.0135249 1.0299831 1.3541293 1.0816119 0.1581360 0.1306958 0.2347728 0.2378483 0.0420446 0.0000000 0.1811648 0.2407017 0.4991396 0.5491482 0.7756842 0.7989339 1.4353183 1.3633866 1.0585333 1.1004680 1.2965511 0.9645232 1.3121480 1.1241682 1.1669747 1.1419266 1.1419266 1.1917029 1.1498138 1.0036515 1.5513315 1.4175893 1.0448726 1.1968311 1.5762756 1.2982107 1.3754966 1.1036104 1.9387134 1.5663966 1.6426735 1.6865767 1.8999566 2.2776069 1.9407199 1.6546622 1.8440345 1.7557450 1.8127912 1.6285974 1.5473881 1.5268633 1.5078012 1.9985958 1.9884584 1.5756801 1.2048429 1.2949115 1.3151180 1.3052557 2.2821583 
Fspp_ffun1.m4.8882.m1                                   1.3451749 1.7537203 0.8405151 0.9686415 1.0022794 0.9867923 0.8350831 1.1312245 0.9417092 0.8493478 1.2681858 1.3812185 1.1510768 0.7667745 1.3806118 0.9694808 1.0300909 1.0092455 1.4577674 1.3313470 0.8675417 1.3137573 1.0267073 1.1472951 1.0110427 0.9900488 1.3189658 1.0499545 0.1412325 0.1484020 0.1954826 0.2032256 0.1925199 0.1811648 0.0000000 0.1924336 0.4810042 0.5046307 0.7576123 0.7595636 1.3264725 1.3166521 0.9845846 1.0602435 1.2657746 0.9432082 1.3117256 1.1638509 1.2399273 1.1780263 1.1780263 1.2258259 1.1641463 1.0119809 1.6560737 1.5240283 1.0600256 1.1725963 1.4784398 1.2572949 1.3241696 1.0978931 1.8957074 1.5432591 1.6357953 1.6827272 1.8701604 2.1968256 1.8747379 1.6542321 1.8478761 1.7632376 1.8791535 1.7177178 1.6273592 1.6218974 1.6281644 2.0372083 2.0252786 1.6489987 1.1703786 1.2195330 1.3052966 1.2994874 2.2271652 
Gfas_gfas1.m1.20087.m1                                  1.2937766 0.0000010 1.1006537 1.1923175 1.2228833 1.3058131 2.5754810 1.1686424 1.2845573 0.5644694 1.6897202 1.7266422 1.7321582 1.2943868 1.7248462 0.5644694 1.6676855 1.8015808 2.2234534 2.3555673 3.2525567 1.9560932 1.7678136 1.6551483 1.7266151 1.5285884 2.2062079 1.5941582 0.2130674 0.8098689 0.2256775 0.2256775 0.2613604 0.2407017 0.1924336 0.0000000 0.5272435 0.6636242 0.8190990 0.8827521 2.3149641 2.2316378 2.5663550 2.5663550 1.9252192 9.0000000 2.0216018 1.8090147 2.4829712 1.9386539 1.9386539 2.5607412 2.1074129 2.8823820 1.2137002 3.3740706 0.5644694 0.5644694 0.5644694 1.7797711 0.5644694 1.7797711 3.4823223 1.8615615 1.8615615 2.6597133 2.9436440 3.4232373 3.3284096 2.4251767 2.8734043 2.6690950 2.8239746 3.2893759 2.0234968 3.2938585 2.9581848 2.9282270 3.4237334 2.2444587 1.8235101 1.7628586 1.3175424 1.8147437 1.9578969 
Nvec_v1g235197                                          1.1350717 1.3572008 0.7985413 0.9668903 0.9668777 0.9633081 0.6938953 1.1745368 0.8937290 0.7561895 1.2792362 1.4139523 1.1732904 0.8339802 1.4378741 0.6359735 1.0255018 0.9318589 1.5955087 1.5560152 0.8679652 1.2205505 1.1365204 1.1244542 1.0814973 1.0652906 1.2439502 1.0848769 0.4786238 0.4444245 0.4996507 0.5060080 0.5151409 0.4991396 0.4810042 0.5272435 0.0000000 0.3486750 0.7422003 0.7073083 1.2018497 1.2411707 0.8028423 0.8188561 1.1383872 0.7793250 1.2472522 1.1193117 1.1876378 1.1793453 1.1793453 1.2087507 1.1326156 0.9968836 1.4736685 1.4993743 0.8557508 0.9435674 1.2296637 1.0897674 1.2168234 1.0807017 1.8695949 1.4278991 1.4916516 1.6956006 1.8505225 2.2718308 1.8415016 1.7405976 1.7082611 1.7188556 1.8198729 1.6702606 1.5017042 1.4998462 1.5733735 2.0587881 2.1098728 1.5267681 1.2234020 1.3346924 1.4923420 1.3283222 2.0660616 
Exapal_XM_021044352.2                                   1.3005451 1.5319217 0.8909980 0.9747716 0.9955946 1.0264722 0.7845973 1.2676678 0.9245466 0.8472703 1.3006752 1.4838393 1.1413501 0.8823666 1.4774536 0.8954927 1.0267204 0.9836724 1.5414382 1.4904929 0.8529911 1.2359010 1.1014287 1.0535177 1.0501205 1.0369435 1.2721846 1.0786078 0.5442860 0.4368549 0.5533807 0.5641250 0.5633632 0.5491482 0.5046307 0.6636242 0.3486750 0.0000000 0.7896283 0.7157033 1.2397672 1.2773501 0.9636825 1.0101506 1.2190966 0.8044828 1.3073073 1.1177378 1.2020760 1.1809175 1.1809175 1.2061710 1.1068289 1.0055854 1.4112378 1.3778356 0.9740788 1.1682247 1.5012824 1.2848794 1.4322412 1.1810854 1.8481558 1.4565769 1.5214500 1.7684099 1.8753229 2.3007890 1.9175391 1.6654163 1.8280761 1.7928400 1.8603903 1.6829804 1.5735441 1.5496301 1.4877435 2.0650766 2.1193342 1.5047562 1.1776681 1.3082459 1.4704637 1.4231524 2.3604669 
Dgig_XM_028536191.1                                     1.8711166 1.8340220 1.0083741 1.0907540 1.1522444 1.1082815 1.0144116 1.4227398 1.1035467 0.9125061 1.3728457 1.5744273 1.4196984 0.8976725 1.4951931 1.0614399 1.2425886 1.1786888 1.7184844 1.7098467 1.0136150 1.5037141 1.2758395 1.2885819 1.2852408 1.2457020 1.4925239 1.2174105 0.7627961 0.6890059 0.7942128 0.7963959 0.7973943 0.7756842 0.7576123 0.8190990 0.7422003 0.7896283 0.0000000 0.1796323 1.4961806 1.5131705 1.2884751 1.3303909 1.4098471 1.0366840 1.3856194 1.4117397 1.5138459 1.4513043 1.4513043 1.4757652 1.4410019 1.2941660 1.5736077 1.6114526 1.0329916 1.1711771 1.4050605 1.2189235 1.4622226 1.1984205 1.8820453 1.4952283 1.5942706 1.7858369 1.9440669 2.3160983 1.8936374 1.8372001 1.8929518 1.9333127 2.1384814 1.9771419 1.6191877 1.6333177 1.6799813 2.2498953 2.3445938 1.8419981 1.3100005 1.6426228 1.3838628 1.6723817 2.4691760 
Xesp_005673-T1                                          1.8589522 2.0534634 0.9855406 1.0561208 1.1431431 1.1129620 0.9725319 1.3942801 1.0997208 0.9613559 1.3472326 1.4884496 1.4011474 0.8663842 1.4754907 1.0657245 1.2495787 1.1383459 1.7194659 1.7033475 1.0159332 1.5060936 1.2393950 1.3532077 1.2848508 1.2202051 1.4669627 1.2599624 0.7792452 0.6858916 0.7995130 0.8063900 0.8127018 0.7989339 0.7595636 0.8827521 0.7073083 0.7157033 0.1796323 0.0000000 1.4980643 1.4777419 1.2019845 1.2583639 1.3786834 0.9829324 1.4904560 1.3850477 1.4988838 1.4227336 1.4227336 1.4541614 1.4049226 1.2542212 1.5277208 1.5988995 1.1116856 1.2470303 1.5113917 1.3031774 1.5279501 1.2518979 1.8739867 1.5374308 1.6858475 1.8041841 1.9840090 2.3584647 1.9375652 2.0199562 1.8448840 1.8830672 2.0118428 1.8320207 1.6525038 1.6564472 1.6570433 2.1786680 2.2352398 1.7254411 1.3524469 1.6201625 1.4149453 1.6476431 2.5038051 
Lcom_lcpid13262                                         2.9224840 1.7921188 1.3523645 1.6181204 1.5855406 1.5317309 1.2752346 1.8317128 1.4663399 1.1322351 1.4496477 1.5796921 1.4399826 1.0240502 1.6303628 1.1614026 1.5253436 1.3726144 1.8605189 1.8378110 1.3402763 1.6461793 1.7138030 1.5891114 1.5302736 1.5778704 1.6720995 1.5437400 1.3280010 0.9767851 1.3846291 1.3155457 1.4155887 1.4353183 1.3264725 2.3149641 1.2018497 1.2397672 1.4961806 1.4980643 0.0000000 0.4803610 0.4053966 0.4255620 0.4269131 0.7163882 1.6400553 1.4902769 1.5272177 1.4584249 1.4584249 1.5895887 1.5980945 1.4104286 1.5102738 1.5692452 1.4672270 1.4925711 1.8306972 1.5877651 1.6339475 1.3996023 2.0484841 1.5830183 1.6744017 1.9249794 2.1405291 2.3494743 2.0499425 1.7161638 2.0726022 2.0056284 2.1654567 1.8277509 1.6828512 1.6261479 1.8013324 2.4225559 2.5447436 1.7384661 1.5891365 1.7206716 2.0178729 1.8388941 1.1458531 
Gracom_Gcom_C555820_01                                  2.8774829 1.7314983 1.3647955 1.5068135 1.4861000 1.4486977 1.3520654 1.7932922 1.4913988 1.0368737 1.4319066 1.5832358 1.4762781 1.0393518 1.8301865 1.2135891 1.4714186 1.3985649 1.7766410 1.7683854 1.4054719 1.5979781 1.7091992 1.5998073 1.6124045 1.6759929 1.6658467 1.5523724 1.3157508 1.0290180 1.4040881 1.3745433 1.3599239 1.3633866 1.3166521 2.2316378 1.2411707 1.2773501 1.5131705 1.4777419 0.4803610 0.0000000 0.5268230 0.5539529 0.3825852 0.6998874 1.5826082 1.4713691 1.5401778 1.5040860 1.5040860 1.5610117 1.5223649 1.3821220 1.5762218 1.5647744 1.3990684 1.4649933 1.9121900 1.6213239 1.6897897 1.4085581 2.0497403 1.5852255 1.7494641 1.9442569 2.0361431 2.4637500 2.1210548 1.6328220 2.0280992 2.0255790 2.2327832 1.9324441 1.6367972 1.5346615 1.6197300 2.4169547 2.5196396 1.5840466 1.5660562 1.7119904 2.0608797 1.8271988 1.2048546 
Leuniv_Lniv_scaffold20316_01                            2.3283960 6.4082568 1.3503683 1.1036039 1.3005028 1.2170683 1.2729977 1.4556211 1.1438606 1.1733300 1.2657376 1.1943851 1.2289820 0.9265859 1.2870410 0.9654912 1.1300492 1.1154854 1.5492996 1.5185376 1.4833596 1.5413948 1.3698469 1.2713467 1.3038258 1.3132990 1.5073480 1.2840159 1.0210981 0.9164185 1.0314642 1.0314642 1.0657029 1.0585333 0.9845846 2.5663550 0.8028423 0.9636825 1.2884751 1.2019845 0.4053966 0.5268230 0.0000000 0.0488247 0.4334378 0.7786256 1.3660218 1.3459819 1.2935860 1.3279518 1.3279518 1.3327411 1.4394031 1.3987130 1.5877841 1.5233151 1.4512033 1.5899128 2.0840398 1.5441421 2.0436915 1.4874265 1.7902557 1.6724731 1.8303935 1.6863318 1.7614526 1.6826613 1.6585313 1.6111447 1.6751720 1.6269439 1.6030137 1.6030137 1.5806352 1.5806352 1.5684488 1.7324651 1.7324651 1.5533054 1.2956243 1.2677701 1.4889473 1.2188501 3.1860348 
Leuniv_Lniv_scaffold20317_01                            2.3283960 8.9999988 1.5111251 1.1036039 1.3966489 1.3059927 1.5033063 1.5593255 1.2197355 1.2983922 1.3206406 1.1943851 1.3235095 1.0484133 1.4135659 1.2602385 1.1951610 1.1619584 1.6659351 1.6160169 1.6244463 1.6819607 1.4649371 1.3387931 1.3993573 1.3681377 1.6398383 1.3915350 1.0839658 0.9771940 1.1212979 1.1212979 1.1149426 1.1004680 1.0602435 2.5663550 0.8188561 1.0101506 1.3303909 1.2583639 0.4255620 0.5539529 0.0488247 0.0000000 0.4619106 0.8199107 1.5308406 1.4195888 1.3792152 1.4015729 1.4015729 1.4060656 1.5110049 1.4696968 1.5877841 1.5233151 1.6743210 1.7451456 2.3872181 1.7014186 2.2337979 1.6027889 1.8914565 1.7873828 2.0019676 1.7533914 1.8279610 1.6826613 1.7090141 1.6111447 1.7178060 1.6966255 1.6030137 1.6030137 1.6203346 1.6203346 1.5684488 1.7324651 1.7324651 1.5533054 1.3836072 1.2677701 1.4889473 1.3070697 3.1860348 
